date,county,fips,population,confirmed_cases,reported_cases,probable_cases,reported_and_probable_cases,reported_deaths
2021-12-29,Alameda,001,1643700,131577,131586,3283,134869,1529
2021-12-29,Alpine,003,1148,113,113,0,113,0
2021-12-29,Amador,005,37829,5903,5905,77,5982,70
2021-12-29,Butte,007,227075,22352,22353,4035,26388,338
2021-12-29,Calaveras,009,45235,4646,4646,72,4718,93
2021-12-29,Colusa,011,21464,2656,2657,707,3364,21
2021-12-29,Contra Costa,013,1133247,108164,108165,2533,110698,1072
2021-12-29,Del Norte,015,27424,3827,3826,60,3886,43
2021-12-29,El Dorado,017,186661,17488,17489,1876,19365,172
2021-12-29,Fresno,019,978130,149316,149318,13005,162323,2364
2021-12-29,Glenn,021,27897,3653,3653,1045,4698,39
2021-12-29,Humboldt,023,135768,10247,10249,780,11029,119
2021-12-29,Imperial,025,180216,37456,37460,4221,41681,800
2021-12-29,Inyo,027,18085,2703,2703,38,2741,49
2021-12-29,Kern,029,883053,135640,135648,25349,160997,1913
2021-12-29,Kings,031,150075,34214,34216,2230,36446,386
2021-12-29,Lake,033,64148,7049,7048,172,7220,117
2021-12-29,Lassen,035,31185,7085,7085,450,7535,55
2021-12-29,Los Angeles,037,10098052,1576246,1576414,61453,1637867,27349
2021-12-29,Madera,039,155013,24922,24923,2313,27236,320
2021-12-29,Marin,041,260295,20021,20025,601,20626,249
2021-12-29,Mariposa,043,17540,1507,1507,55,1562,6
2021-12-29,Mendocino,045,87422,8386,8386,696,9082,99
2021-12-29,Merced,047,269075,44547,44548,2132,46680,693
2021-12-29,Modoc,049,8938,600,600,204,804,6
2021-12-29,Mono,051,14174,2056,2056,20,2076,4
2021-12-29,Monterey,053,433212,50097,50097,4621,54718,641
2021-12-29,Napa,055,140530,14245,14247,137,14384,107
2021-12-29,Nevada,057,99092,10269,10274,369,10643,110
2021-12-29,Orange,059,3164182,334555,334557,17299,351856,5887
2021-12-29,Placer,061,380077,40542,40545,4121,44666,489
2021-12-29,Plumas,063,18699,1990,1990,60,2050,12
2021-12-29,Riverside,065,2383286,392946,392989,17716,410705,5486
2021-12-29,Sacramento,067,1510023,172144,172145,5509,177654,2437
2021-12-29,San Benito,069,59416,8238,8239,200,8439,79
2021-12-29,San Bernardino,071,2135413,382831,382872,12495,395367,6049
2021-12-29,San Diego,073,3302833,421045,421045,23360,444405,4461
2021-12-29,San Francisco,075,870044,63109,63117,3085,66202,684
2021-12-29,San Joaquin,077,732212,106058,106063,6020,112083,1891
2021-12-29,San Luis Obispo,079,281455,31923,31936,1442,33378,365
2021-12-29,San Mateo,081,765935,59474,59478,2078,61556,581
2021-12-29,Santa Barbara,083,443738,48995,49003,1816,50819,568
2021-12-29,Santa Clara,085,1922200,161993,162008,1855,163863,1962
2021-12-29,Santa Cruz,087,273765,22667,22669,1150,23819,228
2021-12-29,Shasta,089,179085,23081,23083,3846,26929,435
2021-12-29,Sierra,091,2930,206,206,23,229,0
2021-12-29,Siskiyou,093,43540,3472,3472,1442,4914,61
2021-12-29,Solano,095,438530,48550,48562,1361,49923,379
2021-12-29,Sonoma,097,501317,45473,45479,623,46102,410
2021-12-29,Stanislaus,099,539301,84064,84083,9760,93843,1332
2021-12-29,Sutter,101,95872,14683,14688,426,15114,193
2021-12-29,Tehama,103,63373,8916,8914,1602,10516,138
2021-12-29,Trinity,105,12862,832,832,208,1040,17
2021-12-29,Tulare,107,460477,71753,71752,17444,89196,1160
2021-12-29,Tuolumne,109,53932,8012,8012,111,8123,91
2021-12-29,Ventura,111,848112,106974,106974,4702,111676,1207
2021-12-29,Yolo,113,214977,21564,21564,1376,22940,270
2021-12-29,Yuba,115,75493,10806,10808,426,11234,99
2021-12-28,Alameda,001,1643700,131577,130427,3283,133710,1522
2021-12-28,Alpine,003,1148,113,113,0,113,0
2021-12-28,Amador,005,37829,5903,5900,77,5977,70
2021-12-28,Butte,007,227075,22352,22285,4035,26320,338
2021-12-28,Calaveras,009,45235,4646,4641,72,4713,91
2021-12-28,Colusa,011,21464,2656,2653,707,3360,21
2021-12-28,Contra Costa,013,1133247,108164,107160,2533,109693,1072
2021-12-28,Del Norte,015,27424,3827,3815,60,3875,43
2021-12-28,El Dorado,017,186661,17488,17419,1876,19295,172
2021-12-28,Fresno,019,978130,149316,148987,13005,161992,2365
2021-12-28,Glenn,021,27897,3653,3639,1045,4684,39
2021-12-28,Humboldt,023,135768,10247,10198,780,10978,119
2021-12-28,Imperial,025,180216,37456,37223,4221,41444,800
2021-12-28,Inyo,027,18085,2703,2676,38,2714,48
2021-12-28,Kern,029,883053,135640,135346,25349,160695,1909
2021-12-28,Kings,031,150075,34214,34165,2230,36395,386
2021-12-28,Lake,033,64148,7049,7044,172,7216,116
2021-12-28,Lassen,035,31185,7085,7083,450,7533,55
2021-12-28,Los Angeles,037,10098052,1576246,1561791,61453,1623244,27323
2021-12-28,Madera,039,155013,24922,24865,2313,27178,320
2021-12-28,Marin,041,260295,20021,19739,601,20340,249
2021-12-28,Mariposa,043,17540,1507,1499,55,1554,6
2021-12-28,Mendocino,045,87422,8386,8366,696,9062,98
2021-12-28,Merced,047,269075,44547,44434,2132,46566,691
2021-12-28,Modoc,049,8938,600,599,204,803,6
2021-12-28,Mono,051,14174,2056,2045,20,2065,4
2021-12-28,Monterey,053,433212,50097,49973,4621,54594,639
2021-12-28,Napa,055,140530,14245,14131,137,14268,107
2021-12-28,Nevada,057,99092,10269,10250,369,10619,110
2021-12-28,Orange,059,3164182,334555,331279,17299,348578,5882
2021-12-28,Placer,061,380077,40542,40410,4121,44531,489
2021-12-28,Plumas,063,18699,1990,1989,60,2049,12
2021-12-28,Riverside,065,2383286,392946,390343,17716,408059,5470
2021-12-28,Sacramento,067,1510023,172144,171290,5509,176799,2426
2021-12-28,San Benito,069,59416,8238,8170,200,8370,79
2021-12-28,San Bernardino,071,2135413,382831,381316,12495,393811,6047
2021-12-28,San Diego,073,3302833,421045,417383,23360,440743,4450
2021-12-28,San Francisco,075,870044,63109,61745,3085,64830,682
2021-12-28,San Joaquin,077,732212,106058,105572,6020,111592,1884
2021-12-28,San Luis Obispo,079,281455,31923,31759,1442,33201,365
2021-12-28,San Mateo,081,765935,59474,58712,2078,60790,582
2021-12-28,Santa Barbara,083,443738,48995,48493,1816,50309,568
2021-12-28,Santa Clara,085,1922200,161993,160811,1855,162666,1962
2021-12-28,Santa Cruz,087,273765,22667,22513,1150,23663,228
2021-12-28,Shasta,089,179085,23081,23035,3846,26881,434
2021-12-28,Sierra,091,2930,206,206,23,229,0
2021-12-28,Siskiyou,093,43540,3472,3468,1442,4910,60
2021-12-28,Solano,095,438530,48550,48318,1361,49679,378
2021-12-28,Sonoma,097,501317,45473,45086,623,45709,410
2021-12-28,Stanislaus,099,539301,84064,83946,9760,93706,1331
2021-12-28,Sutter,101,95872,14683,14662,426,15088,193
2021-12-28,Tehama,103,63373,8916,8893,1602,10495,138
2021-12-28,Trinity,105,12862,832,831,208,1039,17
2021-12-28,Tulare,107,460477,71753,71630,17444,89074,1156
2021-12-28,Tuolumne,109,53932,8012,8006,111,8117,91
2021-12-28,Ventura,111,848112,106974,105883,4702,110585,1207
2021-12-28,Yolo,113,214977,21564,21320,1376,22696,270
2021-12-28,Yuba,115,75493,10806,10778,426,11204,99
2021-12-27,Alameda,001,1643700,131460,129910,3283,133193,1530
2021-12-27,Alpine,003,1148,113,113,0,113,0
2021-12-27,Amador,005,37829,5901,5891,77,5968,70
2021-12-27,Butte,007,227075,22339,22234,4035,26269,335
2021-12-27,Calaveras,009,45235,4639,4630,72,4702,91
2021-12-27,Colusa,011,21464,2656,2652,707,3359,21
2021-12-27,Contra Costa,013,1133247,107995,106692,2533,109225,1071
2021-12-27,Del Norte,015,27424,3827,3802,60,3862,43
2021-12-27,El Dorado,017,186661,17477,17361,1876,19237,172
2021-12-27,Fresno,019,978130,149266,148826,13005,161831,2364
2021-12-27,Glenn,021,27897,3650,3634,1045,4679,39
2021-12-27,Humboldt,023,135768,10235,10164,780,10944,119
2021-12-27,Imperial,025,180216,37407,37180,4221,41401,800
2021-12-27,Inyo,027,18085,2690,2662,38,2700,48
2021-12-27,Kern,029,883053,135601,135119,25349,160468,1907
2021-12-27,Kings,031,150075,34184,34126,2230,36356,382
2021-12-27,Lake,033,64148,7046,7037,172,7209,116
2021-12-27,Lassen,035,31185,7085,7080,450,7530,55
2021-12-27,Los Angeles,037,10098052,1575463,1554074,61453,1615527,27300
2021-12-27,Madera,039,155013,24912,24840,2313,27153,320
2021-12-27,Marin,041,260295,19982,19601,601,20202,249
2021-12-27,Mariposa,043,17540,1504,1495,55,1550,6
2021-12-27,Mendocino,045,87422,8382,8351,696,9047,98
2021-12-27,Merced,047,269075,44535,44383,2132,46515,690
2021-12-27,Modoc,049,8938,600,599,204,803,6
2021-12-27,Mono,051,14174,2046,2026,20,2046,4
2021-12-27,Monterey,053,433212,50055,49918,4621,54539,639
2021-12-27,Napa,055,140530,14230,14083,137,14220,107
2021-12-27,Nevada,057,99092,10265,10239,369,10608,110
2021-12-27,Orange,059,3164182,333888,329222,17299,346521,5875
2021-12-27,Placer,061,380077,40506,40263,4121,44384,489
2021-12-27,Plumas,063,18699,1990,1988,60,2048,12
2021-12-27,Riverside,065,2383286,392777,389096,17716,406812,5470
2021-12-27,Sacramento,067,1510023,172001,170858,5509,176367,2422
2021-12-27,San Benito,069,59416,8228,8133,200,8333,79
2021-12-27,San Bernardino,071,2135413,382606,380526,12495,393021,6047
2021-12-27,San Diego,073,3302833,420830,414968,23360,438328,4445
2021-12-27,San Francisco,075,870044,63009,60920,3085,64005,682
2021-12-27,San Joaquin,077,732212,105982,105413,6020,111433,1876
2021-12-27,San Luis Obispo,079,281455,31896,31671,1442,33113,365
2021-12-27,San Mateo,081,765935,59407,58397,2078,60475,581
2021-12-27,Santa Barbara,083,443738,48879,48209,1816,50025,568
2021-12-27,Santa Clara,085,1922200,161768,159904,1855,161759,1961
2021-12-27,Santa Cruz,087,273765,22661,22456,1150,23606,228
2021-12-27,Shasta,089,179085,23078,23015,3846,26861,432
2021-12-27,Sierra,091,2930,206,206,23,229,0
2021-12-27,Siskiyou,093,43540,3471,3466,1442,4908,60
2021-12-27,Solano,095,438530,48527,48172,1361,49533,378
2021-12-27,Sonoma,097,501317,45457,44990,623,45613,410
2021-12-27,Stanislaus,099,539301,84024,83833,9760,93593,1331
2021-12-27,Sutter,101,95872,14666,14642,426,15068,191
2021-12-27,Tehama,103,63373,8914,8887,1602,10489,136
2021-12-27,Trinity,105,12862,832,827,208,1035,17
2021-12-27,Tulare,107,460477,71714,71562,17444,89006,1146
2021-12-27,Tuolumne,109,53932,8008,7978,111,8089,91
2021-12-27,Ventura,111,848112,106849,105212,4702,109914,1206
2021-12-27,Yolo,113,214977,21545,21300,1376,22676,270
2021-12-27,Yuba,115,75493,10789,10759,426,11185,98
2021-12-26,Alameda,001,1643700,130688,127221,3283,130504,1525
2021-12-26,Alpine,003,1148,113,113,0,113,0
2021-12-26,Amador,005,37829,5898,5861,77,5938,70
2021-12-26,Butte,007,227075,22297,22087,4035,26122,330
2021-12-26,Calaveras,009,45235,4631,4591,72,4663,91
2021-12-26,Colusa,011,21464,2653,2647,707,3354,21
2021-12-26,Contra Costa,013,1133247,107338,105022,2533,107555,1071
2021-12-26,Del Norte,015,27424,3825,3795,60,3855,43
2021-12-26,El Dorado,017,186661,17413,17188,1876,19064,172
2021-12-26,Fresno,019,978130,148998,148027,13005,161032,2358
2021-12-26,Glenn,021,27897,3646,3611,1045,4656,39
2021-12-26,Humboldt,023,135768,10214,10052,780,10832,119
2021-12-26,Imperial,025,180216,37260,36878,4221,41099,800
2021-12-26,Inyo,027,18085,2673,2636,38,2674,47
2021-12-26,Kern,029,883053,135457,134591,25349,159940,1908
2021-12-26,Kings,031,150075,34151,34009,2230,36239,379
2021-12-26,Lake,033,64148,7045,7019,172,7191,116
2021-12-26,Lassen,035,31185,7084,7072,450,7522,55
2021-12-26,Los Angeles,037,10098052,1567390,1515469,61453,1576922,27257
2021-12-26,Madera,039,155013,24867,24741,2313,27054,320
2021-12-26,Marin,041,260295,19874,19085,601,19686,249
2021-12-26,Mariposa,043,17540,1502,1480,55,1535,6
2021-12-26,Mendocino,045,87422,8372,8314,696,9010,98
2021-12-26,Merced,047,269075,44462,44208,2132,46340,690
2021-12-26,Modoc,049,8938,599,597,204,801,6
2021-12-26,Mono,051,14174,2027,2000,20,2020,4
2021-12-26,Monterey,053,433212,49996,49709,4621,54330,638
2021-12-26,Napa,055,140530,14142,13809,137,13946,107
2021-12-26,Nevada,057,99092,10257,10153,369,10522,110
2021-12-26,Orange,059,3164182,332083,322991,17299,340290,5863
2021-12-26,Placer,061,380077,40407,39852,4121,43973,489
2021-12-26,Plumas,063,18699,1989,1987,60,2047,12
2021-12-26,Riverside,065,2383286,391210,384567,17716,402283,5470
2021-12-26,Sacramento,067,1510023,171433,169144,5509,174653,2418
2021-12-26,San Benito,069,59416,8195,7991,200,8191,79
2021-12-26,San Bernardino,071,2135413,381720,376052,12495,388547,6043
2021-12-26,San Diego,073,3302833,419553,406616,23360,429976,4442
2021-12-26,San Francisco,075,870044,61985,58229,3085,61314,682
2021-12-26,San Joaquin,077,732212,105597,104590,6020,110610,1872
2021-12-26,San Luis Obispo,079,281455,31779,31290,1442,32732,365
2021-12-26,San Mateo,081,765935,58964,56973,2078,59051,581
2021-12-26,Santa Barbara,083,443738,48547,47553,1816,49369,567
2021-12-26,Santa Clara,085,1922200,160927,156872,1855,158727,1967
2021-12-26,Santa Cruz,087,273765,22574,22176,1150,23326,228
2021-12-26,Shasta,089,179085,23053,22959,3846,26805,432
2021-12-26,Sierra,091,2930,206,202,23,225,0
2021-12-26,Siskiyou,093,43540,3469,3460,1442,4902,60
2021-12-26,Solano,095,438530,48300,47646,1361,49007,377
2021-12-26,Sonoma,097,501317,45324,44358,623,44981,408
2021-12-26,Stanislaus,099,539301,83925,83368,9760,93128,1331
2021-12-26,Sutter,101,95872,14647,14533,426,14959,191
2021-12-26,Tehama,103,63373,8905,8861,1602,10463,136
2021-12-26,Trinity,105,12862,832,826,208,1034,17
2021-12-26,Tulare,107,460477,71618,71292,17444,88736,1137
2021-12-26,Tuolumne,109,53932,7999,7919,111,8030,91
2021-12-26,Ventura,111,848112,106054,103498,4702,108200,1206
2021-12-26,Yolo,113,214977,21340,21084,1376,22460,270
2021-12-26,Yuba,115,75493,10768,10694,426,11120,98
2021-12-25,Alameda,001,1643700,130055,127221,3283,130504,1525
2021-12-25,Alpine,003,1148,113,113,0,113,0
2021-12-25,Amador,005,37829,5892,5861,77,5938,70
2021-12-25,Butte,007,227075,22252,22087,4035,26122,330
2021-12-25,Calaveras,009,45235,4620,4591,72,4663,91
2021-12-25,Colusa,011,21464,2652,2647,707,3354,21
2021-12-25,Contra Costa,013,1133247,106849,105022,2533,107555,1071
2021-12-25,Del Norte,015,27424,3824,3795,60,3855,43
2021-12-25,El Dorado,017,186661,17403,17188,1876,19064,172
2021-12-25,Fresno,019,978130,148895,148027,13005,161032,2358
2021-12-25,Glenn,021,27897,3638,3611,1045,4656,39
2021-12-25,Humboldt,023,135768,10190,10052,780,10832,119
2021-12-25,Imperial,025,180216,37209,36878,4221,41099,800
2021-12-25,Inyo,027,18085,2672,2636,38,2674,47
2021-12-25,Kern,029,883053,135346,134591,25349,159940,1908
2021-12-25,Kings,031,150075,34132,34009,2230,36239,379
2021-12-25,Lake,033,64148,7042,7019,172,7191,116
2021-12-25,Lassen,035,31185,7083,7072,450,7522,55
2021-12-25,Los Angeles,037,10098052,1560450,1515469,61453,1576922,27257
2021-12-25,Madera,039,155013,24845,24741,2313,27054,320
2021-12-25,Marin,041,260295,19633,19085,601,19686,249
2021-12-25,Mariposa,043,17540,1500,1480,55,1535,6
2021-12-25,Mendocino,045,87422,8358,8314,696,9010,98
2021-12-25,Merced,047,269075,44431,44208,2132,46340,690
2021-12-25,Modoc,049,8938,599,597,204,801,6
2021-12-25,Mono,051,14174,2027,2000,20,2020,4
2021-12-25,Monterey,053,433212,49948,49709,4621,54330,638
2021-12-25,Napa,055,140530,14112,13809,137,13946,107
2021-12-25,Nevada,057,99092,10243,10153,369,10522,110
2021-12-25,Orange,059,3164182,330403,322991,17299,340290,5863
2021-12-25,Placer,061,380077,40326,39852,4121,43973,489
2021-12-25,Plumas,063,18699,1989,1987,60,2047,12
2021-12-25,Riverside,065,2383286,390110,384567,17716,402283,5470
2021-12-25,Sacramento,067,1510023,171035,169144,5509,174653,2418
2021-12-25,San Benito,069,59416,8137,7991,200,8191,79
2021-12-25,San Bernardino,071,2135413,381168,376052,12495,388547,6043
2021-12-25,San Diego,073,3302833,417676,406616,23360,429976,4442
2021-12-25,San Francisco,075,870044,61428,58229,3085,61314,682
2021-12-25,San Joaquin,077,732212,105500,104590,6020,110610,1872
2021-12-25,San Luis Obispo,079,281455,31702,31290,1442,32732,365
2021-12-25,San Mateo,081,765935,58481,56973,2078,59051,581
2021-12-25,Santa Barbara,083,443738,48344,47553,1816,49369,567
2021-12-25,Santa Clara,085,1922200,160347,156872,1855,158727,1967
2021-12-25,Santa Cruz,087,273765,22506,22176,1150,23326,228
2021-12-25,Shasta,089,179085,23044,22959,3846,26805,432
2021-12-25,Sierra,091,2930,206,202,23,225,0
2021-12-25,Siskiyou,093,43540,3469,3460,1442,4902,60
2021-12-25,Solano,095,438530,48185,47646,1361,49007,377
2021-12-25,Sonoma,097,501317,45007,44358,623,44981,408
2021-12-25,Stanislaus,099,539301,83849,83368,9760,93128,1331
2021-12-25,Sutter,101,95872,14639,14533,426,14959,191
2021-12-25,Tehama,103,63373,8900,8861,1602,10463,136
2021-12-25,Trinity,105,12862,831,826,208,1034,17
2021-12-25,Tulare,107,460477,71591,71292,17444,88736,1137
2021-12-25,Tuolumne,109,53932,7979,7919,111,8030,91
2021-12-25,Ventura,111,848112,105505,103498,4702,108200,1206
2021-12-25,Yolo,113,214977,21315,21084,1376,22460,270
2021-12-25,Yuba,115,75493,10757,10694,426,11120,98
2021-12-24,Alameda,001,1643700,129914,127221,3283,130504,1525
2021-12-24,Alpine,003,1148,113,113,0,113,0
2021-12-24,Amador,005,37829,5892,5861,77,5938,70
2021-12-24,Butte,007,227075,22245,22087,4035,26122,330
2021-12-24,Calaveras,009,45235,4620,4591,72,4663,91
2021-12-24,Colusa,011,21464,2652,2647,707,3354,21
2021-12-24,Contra Costa,013,1133247,106718,105022,2533,107555,1071
2021-12-24,Del Norte,015,27424,3823,3795,60,3855,43
2021-12-24,El Dorado,017,186661,17394,17188,1876,19064,172
2021-12-24,Fresno,019,978130,148859,148027,13005,161032,2358
2021-12-24,Glenn,021,27897,3637,3611,1045,4656,39
2021-12-24,Humboldt,023,135768,10181,10052,780,10832,119
2021-12-24,Imperial,025,180216,37186,36878,4221,41099,800
2021-12-24,Inyo,027,18085,2667,2636,38,2674,47
2021-12-24,Kern,029,883053,135301,134591,25349,159940,1908
2021-12-24,Kings,031,150075,34123,34009,2230,36239,379
2021-12-24,Lake,033,64148,7042,7019,172,7191,116
2021-12-24,Lassen,035,31185,7083,7072,450,7522,55
2021-12-24,Los Angeles,037,10098052,1558065,1515469,61453,1576922,27257
2021-12-24,Madera,039,155013,24840,24741,2313,27054,320
2021-12-24,Marin,041,260295,19616,19085,601,19686,249
2021-12-24,Mariposa,043,17540,1500,1480,55,1535,6
2021-12-24,Mendocino,045,87422,8355,8314,696,9010,98
2021-12-24,Merced,047,269075,44422,44208,2132,46340,690
2021-12-24,Modoc,049,8938,599,597,204,801,6
2021-12-24,Mono,051,14174,2026,2000,20,2020,4
2021-12-24,Monterey,053,433212,49929,49709,4621,54330,638
2021-12-24,Napa,055,140530,14102,13809,137,13946,107
2021-12-24,Nevada,057,99092,10241,10153,369,10522,110
2021-12-24,Orange,059,3164182,329858,322991,17299,340290,5863
2021-12-24,Placer,061,380077,40291,39852,4121,43973,489
2021-12-24,Plumas,063,18699,1989,1987,60,2047,12
2021-12-24,Riverside,065,2383286,389880,384567,17716,402283,5470
2021-12-24,Sacramento,067,1510023,170919,169144,5509,174653,2418
2021-12-24,San Benito,069,59416,8130,7991,200,8191,79
2021-12-24,San Bernardino,071,2135413,380919,376052,12495,388547,6043
2021-12-24,San Diego,073,3302833,417062,406616,23360,429976,4442
2021-12-24,San Francisco,075,870044,61324,58229,3085,61314,682
2021-12-24,San Joaquin,077,732212,105448,104590,6020,110610,1872
2021-12-24,San Luis Obispo,079,281455,31686,31290,1442,32732,365
2021-12-24,San Mateo,081,765935,58410,56973,2078,59051,581
2021-12-24,Santa Barbara,083,443738,48259,47553,1816,49369,567
2021-12-24,Santa Clara,085,1922200,160139,156872,1855,158727,1967
2021-12-24,Santa Cruz,087,273765,22490,22176,1150,23326,228
2021-12-24,Shasta,089,179085,23032,22959,3846,26805,432
2021-12-24,Sierra,091,2930,206,202,23,225,0
2021-12-24,Siskiyou,093,43540,3466,3460,1442,4902,60
2021-12-24,Solano,095,438530,48150,47646,1361,49007,377
2021-12-24,Sonoma,097,501317,44988,44358,623,44981,408
2021-12-24,Stanislaus,099,539301,83809,83368,9760,93128,1331
2021-12-24,Sutter,101,95872,14633,14533,426,14959,191
2021-12-24,Tehama,103,63373,8897,8861,1602,10463,136
2021-12-24,Trinity,105,12862,829,826,208,1034,17
2021-12-24,Tulare,107,460477,71579,71292,17444,88736,1137
2021-12-24,Tuolumne,109,53932,7973,7919,111,8030,91
2021-12-24,Ventura,111,848112,105368,103498,4702,108200,1206
2021-12-24,Yolo,113,214977,21308,21084,1376,22460,270
2021-12-24,Yuba,115,75493,10750,10694,426,11120,98
2021-12-23,Alameda,001,1643700,129581,127221,3283,130504,1525
2021-12-23,Alpine,003,1148,113,113,0,113,0
2021-12-23,Amador,005,37829,5886,5861,77,5938,70
2021-12-23,Butte,007,227075,22232,22087,4035,26122,330
2021-12-23,Calaveras,009,45235,4612,4591,72,4663,91
2021-12-23,Colusa,011,21464,2651,2647,707,3354,21
2021-12-23,Contra Costa,013,1133247,106477,105022,2533,107555,1071
2021-12-23,Del Norte,015,27424,3823,3795,60,3855,43
2021-12-23,El Dorado,017,186661,17372,17188,1876,19064,172
2021-12-23,Fresno,019,978130,148733,148027,13005,161032,2358
2021-12-23,Glenn,021,27897,3635,3611,1045,4656,39
2021-12-23,Humboldt,023,135768,10173,10052,780,10832,119
2021-12-23,Imperial,025,180216,37142,36878,4221,41099,800
2021-12-23,Inyo,027,18085,2660,2636,38,2674,47
2021-12-23,Kern,029,883053,135228,134591,25349,159940,1908
2021-12-23,Kings,031,150075,34110,34009,2230,36239,379
2021-12-23,Lake,033,64148,7039,7019,172,7191,116
2021-12-23,Lassen,035,31185,7082,7072,450,7522,55
2021-12-23,Los Angeles,037,10098052,1550553,1515469,61453,1576922,27257
2021-12-23,Madera,039,155013,24823,24741,2313,27054,320
2021-12-23,Marin,041,260295,19578,19085,601,19686,249
2021-12-23,Mariposa,043,17540,1500,1480,55,1535,6
2021-12-23,Mendocino,045,87422,8351,8314,696,9010,98
2021-12-23,Merced,047,269075,44401,44208,2132,46340,690
2021-12-23,Modoc,049,8938,599,597,204,801,6
2021-12-23,Mono,051,14174,2024,2000,20,2020,4
2021-12-23,Monterey,053,433212,49904,49709,4621,54330,638
2021-12-23,Napa,055,140530,14059,13809,137,13946,107
2021-12-23,Nevada,057,99092,10237,10153,369,10522,110
2021-12-23,Orange,059,3164182,328536,322991,17299,340290,5863
2021-12-23,Placer,061,380077,40247,39852,4121,43973,489
2021-12-23,Plumas,063,18699,1989,1987,60,2047,12
2021-12-23,Riverside,065,2383286,389178,384567,17716,402283,5470
2021-12-23,Sacramento,067,1510023,170655,169144,5509,174653,2418
2021-12-23,San Benito,069,59416,8114,7991,200,8191,79
2021-12-23,San Bernardino,071,2135413,380426,376052,12495,388547,6043
2021-12-23,San Diego,073,3302833,415877,406616,23360,429976,4442
2021-12-23,San Francisco,075,870044,60942,58229,3085,61314,682
2021-12-23,San Joaquin,077,732212,105358,104590,6020,110610,1872
2021-12-23,San Luis Obispo,079,281455,31644,31290,1442,32732,365
2021-12-23,San Mateo,081,765935,58207,56973,2078,59051,581
2021-12-23,Santa Barbara,083,443738,48156,47553,1816,49369,567
2021-12-23,Santa Clara,085,1922200,159736,156872,1855,158727,1967
2021-12-23,Santa Cruz,087,273765,22436,22176,1150,23326,228
2021-12-23,Shasta,089,179085,23020,22959,3846,26805,432
2021-12-23,Sierra,091,2930,206,202,23,225,0
2021-12-23,Siskiyou,093,43540,3465,3460,1442,4902,60
2021-12-23,Solano,095,438530,48044,47646,1361,49007,377
2021-12-23,Sonoma,097,501317,44901,44358,623,44981,408
2021-12-23,Stanislaus,099,539301,83755,83368,9760,93128,1331
2021-12-23,Sutter,101,95872,14619,14533,426,14959,191
2021-12-23,Tehama,103,63373,8895,8861,1602,10463,136
2021-12-23,Trinity,105,12862,829,826,208,1034,17
2021-12-23,Tulare,107,460477,71547,71292,17444,88736,1137
2021-12-23,Tuolumne,109,53932,7967,7919,111,8030,91
2021-12-23,Ventura,111,848112,105058,103498,4702,108200,1206
2021-12-23,Yolo,113,214977,21284,21084,1376,22460,270
2021-12-23,Yuba,115,75493,10742,10694,426,11120,98
2021-12-22,Alameda,001,1643700,128863,126533,3283,129816,1522
2021-12-22,Alpine,003,1148,113,112,0,112,0
2021-12-22,Amador,005,37829,5882,5850,77,5927,70
2021-12-22,Butte,007,227075,22203,22070,4035,26105,330
2021-12-22,Calaveras,009,45235,4602,4580,72,4652,91
2021-12-22,Colusa,011,21464,2651,2645,707,3352,21
2021-12-22,Contra Costa,013,1133247,105963,104559,2533,107092,1070
2021-12-22,Del Norte,015,27424,3823,3794,60,3854,43
2021-12-22,El Dorado,017,186661,17331,17140,1876,19016,172
2021-12-22,Fresno,019,978130,148501,147838,13005,160843,2349
2021-12-22,Glenn,021,27897,3629,3604,1045,4649,39
2021-12-22,Humboldt,023,135768,10140,10022,780,10802,119
2021-12-22,Imperial,025,180216,37063,36755,4221,40976,798
2021-12-22,Inyo,027,18085,2651,2632,38,2670,47
2021-12-22,Kern,029,883053,135056,134433,25349,159782,1900
2021-12-22,Kings,031,150075,34088,33953,2230,36183,376
2021-12-22,Lake,033,64148,7037,7008,172,7180,116
2021-12-22,Lassen,035,31185,7078,7069,450,7519,55
2021-12-22,Los Angeles,037,10098052,1537706,1507110,61453,1568563,27234
2021-12-22,Madera,039,155013,24782,24702,2313,27015,320
2021-12-22,Marin,041,260295,19415,18927,601,19528,249
2021-12-22,Mariposa,043,17540,1493,1480,55,1535,6
2021-12-22,Mendocino,045,87422,8344,8299,696,8995,99
2021-12-22,Merced,047,269075,44346,44137,2132,46269,689
2021-12-22,Modoc,049,8938,599,595,204,799,6
2021-12-22,Mono,051,14174,2020,1979,20,1999,4
2021-12-22,Monterey,053,433212,49830,49650,4621,54271,639
2021-12-22,Napa,055,140530,13923,13746,137,13883,107
2021-12-22,Nevada,057,99092,10223,10101,369,10470,110
2021-12-22,Orange,059,3164182,326479,321765,17299,339064,5858
2021-12-22,Placer,061,380077,40127,39758,4121,43879,489
2021-12-22,Plumas,063,18699,1987,1986,60,2046,12
2021-12-22,Riverside,065,2383286,387723,383319,17716,401035,5472
2021-12-22,Sacramento,067,1510023,170121,168695,5509,174204,2422
2021-12-22,San Benito,069,59416,8062,7971,200,8171,79
2021-12-22,San Bernardino,071,2135413,379215,375044,12495,387539,6039
2021-12-22,San Diego,073,3302833,412442,404269,23360,427629,4434
2021-12-22,San Francisco,075,870044,60161,57520,3085,60605,682
2021-12-22,San Joaquin,077,732212,105144,104385,6020,110405,1870
2021-12-22,San Luis Obispo,079,281455,31513,31175,1442,32617,365
2021-12-22,San Mateo,081,765935,57814,56604,2078,58682,581
2021-12-22,Santa Barbara,083,443738,47953,47372,1816,49188,566
2021-12-22,Santa Clara,085,1922200,158966,156258,1855,158113,1954
2021-12-22,Santa Cruz,087,273765,22371,22075,1150,23225,228
2021-12-22,Shasta,089,179085,23007,22937,3846,26783,432
2021-12-22,Sierra,091,2930,206,202,23,225,0
2021-12-22,Siskiyou,093,43540,3463,3458,1442,4900,59
2021-12-22,Solano,095,438530,47882,47531,1361,48892,375
2021-12-22,Sonoma,097,501317,44679,44201,623,44824,408
2021-12-22,Stanislaus,099,539301,83649,83245,9760,93005,1331
2021-12-22,Sutter,101,95872,14589,14513,426,14939,191
2021-12-22,Tehama,103,63373,8891,8853,1602,10455,136
2021-12-22,Trinity,105,12862,829,826,208,1034,17
2021-12-22,Tulare,107,460477,71481,71226,17444,88670,1137
2021-12-22,Tuolumne,109,53932,7960,7903,111,8014,91
2021-12-22,Ventura,111,848112,104613,103089,4702,107791,1206
2021-12-22,Yolo,113,214977,21234,21012,1376,22388,270
2021-12-22,Yuba,115,75493,10731,10681,426,11107,98
2021-12-21,Alameda,001,1643700,128116,126007,3283,129290,1518
2021-12-21,Alpine,003,1148,113,112,0,112,0
2021-12-21,Amador,005,37829,5877,5845,77,5922,70
2021-12-21,Butte,007,227075,22157,22041,4035,26076,330
2021-12-21,Calaveras,009,45235,4589,4575,72,4647,91
2021-12-21,Colusa,011,21464,2648,2643,707,3350,21
2021-12-21,Contra Costa,013,1133247,105374,104255,2533,106788,1068
2021-12-21,Del Norte,015,27424,3822,3793,60,3853,43
2021-12-21,El Dorado,017,186661,17283,17098,1876,18974,172
2021-12-21,Fresno,019,978130,148261,147707,13005,160712,2341
2021-12-21,Glenn,021,27897,3614,3602,1045,4647,39
2021-12-21,Humboldt,023,135768,10087,9989,780,10769,118
2021-12-21,Imperial,025,180216,36967,36580,4221,40801,792
2021-12-21,Inyo,027,18085,2641,2627,38,2665,47
2021-12-21,Kern,029,883053,134880,134321,25349,159670,1892
2021-12-21,Kings,031,150075,34049,33914,2230,36144,376
2021-12-21,Lake,033,64148,7034,7004,172,7176,116
2021-12-21,Lassen,035,31185,7075,7069,450,7519,55
2021-12-21,Los Angeles,037,10098052,1524249,1501169,61453,1562622,27220
2021-12-21,Madera,039,155013,24755,24688,2313,27001,320
2021-12-21,Marin,041,260295,19282,18828,601,19429,249
2021-12-21,Mariposa,043,17540,1492,1480,55,1535,6
2021-12-21,Mendocino,045,87422,8327,8282,696,8978,97
2021-12-21,Merced,047,269075,44290,44096,2132,46228,688
2021-12-21,Modoc,049,8938,597,595,204,799,6
2021-12-21,Mono,051,14174,1999,1979,20,1999,4
2021-12-21,Monterey,053,433212,49780,49586,4621,54207,638
2021-12-21,Napa,055,140530,13841,13703,137,13840,107
2021-12-21,Nevada,057,99092,10203,10095,369,10464,110
2021-12-21,Orange,059,3164182,324455,320705,17299,338004,5855
2021-12-21,Placer,061,380077,40023,39649,4121,43770,487
2021-12-21,Plumas,063,18699,1987,1975,60,2035,12
2021-12-21,Riverside,065,2383286,386298,382415,17716,400131,5465
2021-12-21,Sacramento,067,1510023,169605,168422,5509,173931,2419
2021-12-21,San Benito,069,59416,8023,7950,200,8150,79
2021-12-21,San Bernardino,071,2135413,377856,374219,12495,386714,6026
2021-12-21,San Diego,073,3302833,409207,402386,23360,425746,4424
2021-12-21,San Francisco,075,870044,59428,56950,3085,60035,681
2021-12-21,San Joaquin,077,732212,104905,104238,6020,110258,1870
2021-12-21,San Luis Obispo,079,281455,31345,31103,1442,32545,365
2021-12-21,San Mateo,081,765935,57451,56381,2078,58459,581
2021-12-21,Santa Barbara,083,443738,47757,47194,1816,49010,564
2021-12-21,Santa Clara,085,1922200,158192,155769,1855,157624,1951
2021-12-21,Santa Cruz,087,273765,22286,22028,1150,23178,228
2021-12-21,Shasta,089,179085,22990,22920,3846,26766,429
2021-12-21,Sierra,091,2930,205,201,23,224,0
2021-12-21,Siskiyou,093,43540,3463,3455,1442,4897,59
2021-12-21,Solano,095,438530,47732,47474,1361,48835,372
2021-12-21,Sonoma,097,501317,44532,44051,623,44674,408
2021-12-21,Stanislaus,099,539301,83539,83167,9760,92927,1331
2021-12-21,Sutter,101,95872,14573,14492,426,14918,190
2021-12-21,Tehama,103,63373,8887,8849,1602,10451,136
2021-12-21,Trinity,105,12862,829,826,208,1034,17
2021-12-21,Tulare,107,460477,71416,71166,17444,88610,1137
2021-12-21,Tuolumne,109,53932,7940,7893,111,8004,91
2021-12-21,Ventura,111,848112,104096,102631,4702,107333,1205
2021-12-21,Yolo,113,214977,21147,20944,1376,22320,267
2021-12-21,Yuba,115,75493,10717,10668,426,11094,98
2021-12-20,Alameda,001,1643700,127403,125762,3283,129045,1515
2021-12-20,Alpine,003,1148,113,112,0,112,0
2021-12-20,Amador,005,37829,5869,5838,77,5915,70
2021-12-20,Butte,007,227075,22115,22030,4035,26065,329
2021-12-20,Calaveras,009,45235,4584,4569,72,4641,91
2021-12-20,Colusa,011,21464,2647,2644,707,3351,21
2021-12-20,Contra Costa,013,1133247,104917,104051,2533,106584,1068
2021-12-20,Del Norte,015,27424,3821,3792,60,3852,43
2021-12-20,El Dorado,017,186661,17234,17083,1876,18959,172
2021-12-20,Fresno,019,978130,148071,147605,13005,160610,2341
2021-12-20,Glenn,021,27897,3606,3597,1045,4642,39
2021-12-20,Humboldt,023,135768,10061,9973,779,10752,118
2021-12-20,Imperial,025,180216,36862,36532,4221,40753,792
2021-12-20,Inyo,027,18085,2639,2615,38,2653,47
2021-12-20,Kern,029,883053,134723,134203,25346,159549,1883
2021-12-20,Kings,031,150075,34014,33898,2228,36126,376
2021-12-20,Lake,033,64148,7030,6999,172,7171,116
2021-12-20,Lassen,035,31185,7074,7065,450,7515,55
2021-12-20,Los Angeles,037,10098052,1513377,1495251,61351,1556602,27188
2021-12-20,Madera,039,155013,24730,24668,2313,26981,313
2021-12-20,Marin,041,260295,19110,18747,601,19348,249
2021-12-20,Mariposa,043,17540,1483,1479,55,1534,6
2021-12-20,Mendocino,045,87422,8319,8264,696,8960,96
2021-12-20,Merced,047,269075,44238,44071,2132,46203,687
2021-12-20,Modoc,049,8938,597,595,204,799,6
2021-12-20,Mono,051,14174,1979,1973,20,1993,4
2021-12-20,Monterey,053,433212,49726,49556,4620,54176,636
2021-12-20,Napa,055,140530,13793,13672,136,13808,107
2021-12-20,Nevada,057,99092,10176,10079,369,10448,109
2021-12-20,Orange,059,3164182,322981,320235,17299,337534,5852
2021-12-20,Placer,061,380077,39923,39579,4121,43700,485
2021-12-20,Plumas,063,18699,1986,1971,60,2031,12
2021-12-20,Riverside,065,2383286,385063,381841,17714,399555,5452
2021-12-20,Sacramento,067,1510023,169123,168153,5509,173662,2414
2021-12-20,San Benito,069,59416,7979,7934,200,8134,79
2021-12-20,San Bernardino,071,2135413,376662,373881,12495,386376,6023
2021-12-20,San Diego,073,3302833,406237,401483,23323,424806,4412
2021-12-20,San Francisco,075,870044,58510,56661,3084,59745,681
2021-12-20,San Joaquin,077,732212,104692,104188,6020,110208,1865
2021-12-20,San Luis Obispo,079,281455,31244,31075,1441,32516,365
2021-12-20,San Mateo,081,765935,57078,56247,2078,58325,581
2021-12-20,Santa Barbara,083,443738,47571,47131,1815,48946,562
2021-12-20,Santa Clara,085,1922200,157407,155427,1855,157282,1950
2021-12-20,Santa Cruz,087,273765,22227,21989,1150,23139,227
2021-12-20,Shasta,089,179085,22974,22888,3846,26734,429
2021-12-20,Sierra,091,2930,204,201,23,224,0
2021-12-20,Siskiyou,093,43540,3461,3453,1442,4895,59
2021-12-20,Solano,095,438530,47625,47394,1361,48755,370
2021-12-20,Sonoma,097,501317,44404,43982,622,44604,408
2021-12-20,Stanislaus,099,539301,83432,83110,9751,92861,1331
2021-12-20,Sutter,101,95872,14554,14480,426,14906,190
2021-12-20,Tehama,103,63373,8880,8840,1601,10441,136
2021-12-20,Trinity,105,12862,829,826,208,1034,17
2021-12-20,Tulare,107,460477,71342,71124,17420,88544,1129
2021-12-20,Tuolumne,109,53932,7930,7867,111,7978,91
2021-12-20,Ventura,111,848112,103653,102452,4702,107154,1203
2021-12-20,Yolo,113,214977,21081,20903,1376,22279,267
2021-12-20,Yuba,115,75493,10704,10656,426,11082,97
2021-12-19,Alameda,001,1643700,126694,125464,3263,128727,1519
2021-12-19,Alpine,003,1148,113,112,0,112,0
2021-12-19,Amador,005,37829,5857,5832,77,5909,70
2021-12-19,Butte,007,227075,22079,22022,4033,26055,329
2021-12-19,Calaveras,009,45235,4575,4563,70,4633,91
2021-12-19,Colusa,011,21464,2647,2643,707,3350,21
2021-12-19,Contra Costa,013,1133247,104523,103906,2523,106429,1068
2021-12-19,Del Norte,015,27424,3819,3797,59,3856,43
2021-12-19,El Dorado,017,186661,17183,17067,1874,18941,172
2021-12-19,Fresno,019,978130,147876,147505,12996,160501,2341
2021-12-19,Glenn,021,27897,3602,3596,1045,4641,39
2021-12-19,Humboldt,023,135768,10030,9957,778,10735,118
2021-12-19,Imperial,025,180216,36746,36501,4174,40675,792
2021-12-19,Inyo,027,18085,2630,2613,38,2651,47
2021-12-19,Kern,029,883053,134546,134136,25303,159439,1883
2021-12-19,Kings,031,150075,33962,33874,2224,36098,378
2021-12-19,Lake,033,64148,7022,6999,172,7171,116
2021-12-19,Lassen,035,31185,7071,7065,450,7515,55
2021-12-19,Los Angeles,037,10098052,1506133,1495082,61075,1556157,27189
2021-12-19,Madera,039,155013,24713,24642,2312,26954,313
2021-12-19,Marin,041,260295,18968,18707,595,19302,249
2021-12-19,Mariposa,043,17540,1481,1475,55,1530,6
2021-12-19,Mendocino,045,87422,8305,8257,694,8951,96
2021-12-19,Merced,047,269075,44151,44045,2126,46171,687
2021-12-19,Modoc,049,8938,596,595,204,799,6
2021-12-19,Mono,051,14174,1974,1968,20,1988,4
2021-12-19,Monterey,053,433212,49663,49516,4610,54126,636
2021-12-19,Napa,055,140530,13749,13659,136,13795,107
2021-12-19,Nevada,057,99092,10143,10057,369,10426,109
2021-12-19,Orange,059,3164182,321796,319615,17191,336806,5852
2021-12-19,Placer,061,380077,39825,39525,4116,43641,485
2021-12-19,Plumas,063,18699,1985,1971,60,2031,12
2021-12-19,Riverside,065,2383286,383820,381305,17692,398997,5452
2021-12-19,Sacramento,067,1510023,168706,167933,5494,173427,2415
2021-12-19,San Benito,069,59416,7954,7929,198,8127,79
2021-12-19,San Bernardino,071,2135413,375617,373480,12483,385963,6023
2021-12-19,San Diego,073,3302833,403877,398197,23261,421458,4406
2021-12-19,San Francisco,075,870044,57764,56358,3044,59402,681
2021-12-19,San Joaquin,077,732212,104473,104125,5998,110123,1865
2021-12-19,San Luis Obispo,079,281455,31134,31035,1426,32461,366
2021-12-19,San Mateo,081,765935,56749,56132,2074,58206,581
2021-12-19,Santa Barbara,083,443738,47363,47070,1812,48882,562
2021-12-19,Santa Clara,085,1922200,156634,155049,1852,156901,1950
2021-12-19,Santa Cruz,087,273765,22136,21960,1148,23108,227
2021-12-19,Shasta,089,179085,22942,22875,3843,26718,429
2021-12-19,Sierra,091,2930,203,201,23,224,0
2021-12-19,Siskiyou,093,43540,3458,3452,1440,4892,59
2021-12-19,Solano,095,438530,47544,47341,1356,48697,370
2021-12-19,Sonoma,097,501317,44261,43944,617,44561,408
2021-12-19,Stanislaus,099,539301,83310,83040,9727,92767,1331
2021-12-19,Sutter,101,95872,14517,14475,426,14901,190
2021-12-19,Tehama,103,63373,8872,8840,1600,10440,136
2021-12-19,Trinity,105,12862,829,826,208,1034,17
2021-12-19,Tulare,107,460477,71256,71085,17382,88467,1129
2021-12-19,Tuolumne,109,53932,7917,7865,110,7975,91
2021-12-19,Ventura,111,848112,103136,102170,4683,106853,1203
2021-12-19,Yolo,113,214977,21015,20887,1369,22256,267
2021-12-19,Yuba,115,75493,10691,10646,425,11071,97
2021-12-18,Alameda,001,1643700,126356,124583,3262,127845,1512
2021-12-18,Alpine,003,1148,113,110,0,110,0
2021-12-18,Amador,005,37829,5852,5821,77,5898,69
2021-12-18,Butte,007,227075,22067,21956,4032,25988,328
2021-12-18,Calaveras,009,45235,4568,4534,70,4604,91
2021-12-18,Colusa,011,21464,2647,2635,707,3342,21
2021-12-18,Contra Costa,013,1133247,104381,103380,2522,105902,1065
2021-12-18,Del Norte,015,27424,3818,3791,59,3850,43
2021-12-18,El Dorado,017,186661,17159,16968,1874,18842,171
2021-12-18,Fresno,019,978130,147790,147038,12996,160034,2335
2021-12-18,Glenn,021,27897,3599,3590,1045,4635,39
2021-12-18,Humboldt,023,135768,10016,9889,778,10667,118
2021-12-18,Imperial,025,180216,36693,36280,4169,40449,790
2021-12-18,Inyo,027,18085,2625,2607,38,2645,47
2021-12-18,Kern,029,883053,134462,133754,25276,159030,1873
2021-12-18,Kings,031,150075,33937,33783,2222,36005,374
2021-12-18,Lake,033,64148,7021,6976,172,7148,115
2021-12-18,Lassen,035,31185,7071,7061,450,7511,55
2021-12-18,Los Angeles,037,10098052,1503257,1484840,60914,1545754,27135
2021-12-18,Madera,039,155013,24708,24575,2310,26885,313
2021-12-18,Marin,041,260295,18882,18537,592,19129,249
2021-12-18,Mariposa,043,17540,1481,1468,55,1523,6
2021-12-18,Mendocino,045,87422,8298,8219,694,8913,95
2021-12-18,Merced,047,269075,44121,43929,2124,46053,686
2021-12-18,Modoc,049,8938,596,595,204,799,6
2021-12-18,Mono,051,14174,1974,1956,20,1976,4
2021-12-18,Monterey,053,433212,49637,49343,4605,53948,635
2021-12-18,Napa,055,140530,13731,13581,135,13716,107
2021-12-18,Nevada,057,99092,10124,9991,368,10359,108
2021-12-18,Orange,059,3164182,321238,318149,17118,335267,5844
2021-12-18,Placer,061,380077,39741,39336,4111,43447,485
2021-12-18,Plumas,063,18699,1985,1964,60,2024,13
2021-12-18,Riverside,065,2383286,383204,379354,17682,397036,5439
2021-12-18,Sacramento,067,1510023,168502,167046,5489,172535,2404
2021-12-18,San Benito,069,59416,7940,7894,198,8092,79
2021-12-18,San Bernardino,071,2135413,375078,371658,12472,384130,6017
2021-12-18,San Diego,073,3302833,403020,397130,23250,420380,4399
2021-12-18,San Francisco,075,870044,57337,55562,3029,58591,679
2021-12-18,San Joaquin,077,732212,104405,103698,5995,109693,1858
2021-12-18,San Luis Obispo,079,281455,31103,30873,1422,32295,365
2021-12-18,San Mateo,081,765935,56566,55730,2057,57787,580
2021-12-18,Santa Barbara,083,443738,47273,46776,1811,48587,562
2021-12-18,Santa Clara,085,1922200,156226,154243,1852,156095,1946
2021-12-18,Santa Cruz,087,273765,22095,21805,1146,22951,225
2021-12-18,Shasta,089,179085,22926,22811,3843,26654,429
2021-12-18,Sierra,091,2930,203,199,23,222,0
2021-12-18,Siskiyou,093,43540,3456,3441,1439,4880,58
2021-12-18,Solano,095,438530,47512,47174,1354,48528,369
2021-12-18,Sonoma,097,501317,44172,43658,616,44274,407
2021-12-18,Stanislaus,099,539301,83234,82736,9722,92458,1330
2021-12-18,Sutter,101,95872,14501,14435,426,14861,190
2021-12-18,Tehama,103,63373,8866,8814,1600,10414,136
2021-12-18,Trinity,105,12862,829,823,208,1031,17
2021-12-18,Tulare,107,460477,71227,70922,17366,88288,1120
2021-12-18,Tuolumne,109,53932,7905,7834,110,7944,91
2021-12-18,Ventura,111,848112,102886,101612,4680,106292,1201
2021-12-18,Yolo,113,214977,20978,20793,1365,22158,267
2021-12-18,Yuba,115,75493,10683,10599,425,11024,96
2021-12-17,Alameda,001,1643700,126070,124583,3252,127835,1512
2021-12-17,Alpine,003,1148,113,110,0,110,0
2021-12-17,Amador,005,37829,5845,5821,77,5898,69
2021-12-17,Butte,007,227075,22053,21956,4029,25985,328
2021-12-17,Calaveras,009,45235,4566,4534,70,4604,91
2021-12-17,Colusa,011,21464,2646,2635,707,3342,21
2021-12-17,Contra Costa,013,1133247,104222,103380,2520,105900,1065
2021-12-17,Del Norte,015,27424,3817,3791,59,3850,43
2021-12-17,El Dorado,017,186661,17135,16968,1874,18842,171
2021-12-17,Fresno,019,978130,147699,147038,12996,160034,2335
2021-12-17,Glenn,021,27897,3595,3590,1043,4633,39
2021-12-17,Humboldt,023,135768,10002,9889,777,10666,118
2021-12-17,Imperial,025,180216,36648,36280,4156,40436,790
2021-12-17,Inyo,027,18085,2621,2607,38,2645,47
2021-12-17,Kern,029,883053,134379,133754,25253,159007,1873
2021-12-17,Kings,031,150075,33919,33783,2222,36005,374
2021-12-17,Lake,033,64148,7018,6976,172,7148,115
2021-12-17,Lassen,035,31185,7071,7061,450,7511,55
2021-12-17,Los Angeles,037,10098052,1500026,1484840,60742,1545582,27135
2021-12-17,Madera,039,155013,24697,24575,2307,26882,313
2021-12-17,Marin,041,260295,18812,18537,587,19124,249
2021-12-17,Mariposa,043,17540,1478,1468,55,1523,6
2021-12-17,Mendocino,045,87422,8288,8219,694,8913,95
2021-12-17,Merced,047,269075,44096,43929,2124,46053,686
2021-12-17,Modoc,049,8938,596,595,204,799,6
2021-12-17,Mono,051,14174,1971,1956,20,1976,4
2021-12-17,Monterey,053,433212,49600,49343,4598,53941,635
2021-12-17,Napa,055,140530,13710,13581,135,13716,107
2021-12-17,Nevada,057,99092,10116,9991,367,10358,108
2021-12-17,Orange,059,3164182,320744,318149,17068,335217,5844
2021-12-17,Placer,061,380077,39688,39336,4106,43442,485
2021-12-17,Plumas,063,18699,1984,1964,60,2024,13
2021-12-17,Riverside,065,2383286,382595,379354,17676,397030,5439
2021-12-17,Sacramento,067,1510023,168298,167046,5485,172531,2404
2021-12-17,San Benito,069,59416,7937,7894,198,8092,79
2021-12-17,San Bernardino,071,2135413,374598,371658,12462,384120,6017
2021-12-17,San Diego,073,3302833,402124,397130,23214,420344,4399
2021-12-17,San Francisco,075,870044,57035,55562,3004,58566,679
2021-12-17,San Joaquin,077,732212,104334,103698,5985,109683,1858
2021-12-17,San Luis Obispo,079,281455,31086,30873,1418,32291,365
2021-12-17,San Mateo,081,765935,56413,55730,2041,57771,580
2021-12-17,Santa Barbara,083,443738,47201,46776,1806,48582,562
2021-12-17,Santa Clara,085,1922200,155886,154243,1849,156092,1946
2021-12-17,Santa Cruz,087,273765,22054,21805,1142,22947,225
2021-12-17,Shasta,089,179085,22915,22811,3843,26654,429
2021-12-17,Sierra,091,2930,202,199,23,222,0
2021-12-17,Siskiyou,093,43540,3453,3441,1437,4878,58
2021-12-17,Solano,095,438530,47453,47174,1354,48528,369
2021-12-17,Sonoma,097,501317,44092,43658,614,44272,407
2021-12-17,Stanislaus,099,539301,83186,82736,9719,92455,1330
2021-12-17,Sutter,101,95872,14492,14435,424,14859,190
2021-12-17,Tehama,103,63373,8861,8814,1600,10414,136
2021-12-17,Trinity,105,12862,829,823,208,1031,17
2021-12-17,Tulare,107,460477,71192,70922,17338,88260,1120
2021-12-17,Tuolumne,109,53932,7895,7834,110,7944,91
2021-12-17,Ventura,111,848112,102646,101612,4675,106287,1201
2021-12-17,Yolo,113,214977,20950,20793,1360,22153,267
2021-12-17,Yuba,115,75493,10672,10599,423,11022,96
2021-12-16,Alameda,001,1643700,125734,124583,3246,127829,1512
2021-12-16,Alpine,003,1148,111,110,0,110,0
2021-12-16,Amador,005,37829,5838,5821,77,5898,69
2021-12-16,Butte,007,227075,22035,21956,4027,25983,328
2021-12-16,Calaveras,009,45235,4560,4534,70,4604,91
2021-12-16,Colusa,011,21464,2646,2635,707,3342,21
2021-12-16,Contra Costa,013,1133247,104032,103380,2514,105894,1065
2021-12-16,Del Norte,015,27424,3814,3791,59,3850,43
2021-12-16,El Dorado,017,186661,17105,16968,1869,18837,171
2021-12-16,Fresno,019,978130,147557,147038,12989,160027,2335
2021-12-16,Glenn,021,27897,3594,3590,1043,4633,39
2021-12-16,Humboldt,023,135768,9979,9889,771,10660,118
2021-12-16,Imperial,025,180216,36580,36280,4128,40408,790
2021-12-16,Inyo,027,18085,2617,2607,37,2644,47
2021-12-16,Kern,029,883053,134248,133754,25222,158976,1873
2021-12-16,Kings,031,150075,33900,33783,2219,36002,374
2021-12-16,Lake,033,64148,7014,6976,172,7148,115
2021-12-16,Lassen,035,31185,7068,7061,450,7511,55
2021-12-16,Los Angeles,037,10098052,1496278,1484840,60536,1545376,27135
2021-12-16,Madera,039,155013,24674,24575,2303,26878,313
2021-12-16,Marin,041,260295,18765,18537,582,19119,249
2021-12-16,Mariposa,043,17540,1475,1468,55,1523,6
2021-12-16,Mendocino,045,87422,8279,8219,691,8910,95
2021-12-16,Merced,047,269075,44060,43929,2124,46053,686
2021-12-16,Modoc,049,8938,596,595,204,799,6
2021-12-16,Mono,051,14174,1962,1956,20,1976,4
2021-12-16,Monterey,053,433212,49543,49343,4569,53912,635
2021-12-16,Napa,055,140530,13683,13581,135,13716,107
2021-12-16,Nevada,057,99092,10092,9991,366,10357,108
2021-12-16,Orange,059,3164182,320185,318149,17009,335158,5844
2021-12-16,Placer,061,380077,39612,39336,4102,43438,485
2021-12-16,Plumas,063,18699,1984,1964,60,2024,13
2021-12-16,Riverside,065,2383286,381826,379354,17662,397016,5439
2021-12-16,Sacramento,067,1510023,168054,167046,5462,172508,2404
2021-12-16,San Benito,069,59416,7930,7894,198,8092,79
2021-12-16,San Bernardino,071,2135413,374014,371658,12447,384105,6017
2021-12-16,San Diego,073,3302833,400998,397130,23151,420281,4399
2021-12-16,San Francisco,075,870044,56693,55562,2990,58552,679
2021-12-16,San Joaquin,077,732212,104222,103698,5980,109678,1858
2021-12-16,San Luis Obispo,079,281455,31023,30873,1412,32285,365
2021-12-16,San Mateo,081,765935,56240,55730,2035,57765,580
2021-12-16,Santa Barbara,083,443738,47084,46776,1801,48577,562
2021-12-16,Santa Clara,085,1922200,155563,154243,1840,156083,1946
2021-12-16,Santa Cruz,087,273765,22012,21805,1142,22947,225
2021-12-16,Shasta,089,179085,22886,22811,3842,26653,429
2021-12-16,Sierra,091,2930,202,199,23,222,0
2021-12-16,Siskiyou,093,43540,3453,3441,1434,4875,58
2021-12-16,Solano,095,438530,47395,47174,1345,48519,369
2021-12-16,Sonoma,097,501317,44000,43658,611,44269,407
2021-12-16,Stanislaus,099,539301,83105,82736,9704,92440,1330
2021-12-16,Sutter,101,95872,14479,14435,424,14859,190
2021-12-16,Tehama,103,63373,8854,8814,1599,10413,136
2021-12-16,Trinity,105,12862,829,823,208,1031,17
2021-12-16,Tulare,107,460477,71149,70922,17311,88233,1120
2021-12-16,Tuolumne,109,53932,7879,7834,110,7944,91
2021-12-16,Ventura,111,848112,102387,101612,4673,106285,1201
2021-12-16,Yolo,113,214977,20905,20793,1356,22149,267
2021-12-16,Yuba,115,75493,10658,10599,423,11022,96
2021-12-15,Alameda,001,1643700,125440,124342,3240,127582,1509
2021-12-15,Alpine,003,1148,111,109,0,109,0
2021-12-15,Amador,005,37829,5832,5810,77,5887,69
2021-12-15,Butte,007,227075,22019,21922,4027,25949,327
2021-12-15,Calaveras,009,45235,4554,4523,70,4593,89
2021-12-15,Colusa,011,21464,2645,2632,706,3338,21
2021-12-15,Contra Costa,013,1133247,103836,103236,2510,105746,1064
2021-12-15,Del Norte,015,27424,3813,3789,58,3847,43
2021-12-15,El Dorado,017,186661,17076,16936,1865,18801,171
2021-12-15,Fresno,019,978130,147435,146859,12978,159837,2319
2021-12-15,Glenn,021,27897,3594,3589,1043,4632,39
2021-12-15,Humboldt,023,135768,9959,9854,769,10623,118
2021-12-15,Imperial,025,180216,36509,36187,4081,40268,789
2021-12-15,Inyo,027,18085,2613,2606,37,2643,47
2021-12-15,Kern,029,883053,134117,133590,25185,158775,1866
2021-12-15,Kings,031,150075,33871,33716,2216,35932,374
2021-12-15,Lake,033,64148,7005,6968,170,7138,115
2021-12-15,Lassen,035,31185,7068,7062,450,7512,55
2021-12-15,Los Angeles,037,10098052,1492665,1482735,60385,1543120,27116
2021-12-15,Madera,039,155013,24659,24549,2300,26849,313
2021-12-15,Marin,041,260295,18708,18514,578,19092,249
2021-12-15,Mariposa,043,17540,1472,1463,55,1518,6
2021-12-15,Mendocino,045,87422,8276,8209,689,8898,95
2021-12-15,Merced,047,269075,44021,43890,2111,46001,685
2021-12-15,Modoc,049,8938,596,595,204,799,6
2021-12-15,Mono,051,14174,1959,1955,20,1975,4
2021-12-15,Monterey,053,433212,49497,49279,4543,53822,635
2021-12-15,Napa,055,140530,13655,13557,133,13690,107
2021-12-15,Nevada,057,99092,10073,9958,366,10324,107
2021-12-15,Orange,059,3164182,319643,317808,16975,334783,5838
2021-12-15,Placer,061,380077,39561,39264,4096,43360,485
2021-12-15,Plumas,063,18699,1980,1957,60,2017,12
2021-12-15,Riverside,065,2383286,381127,378769,17649,396418,5438
2021-12-15,Sacramento,067,1510023,167769,166793,5441,172234,2401
2021-12-15,San Benito,069,59416,7918,7877,198,8075,79
2021-12-15,San Bernardino,071,2135413,373497,371122,12423,383545,6013
2021-12-15,San Diego,073,3302833,399839,396546,23080,419626,4395
2021-12-15,San Francisco,075,870044,56384,55414,2979,58393,679
2021-12-15,San Joaquin,077,732212,104086,103579,5969,109548,1853
2021-12-15,San Luis Obispo,079,281455,30975,30784,1402,32186,365
2021-12-15,San Mateo,081,765935,56126,55657,2019,57676,580
2021-12-15,Santa Barbara,083,443738,47005,46681,1800,48481,562
2021-12-15,Santa Clara,085,1922200,155253,153928,1824,155752,1944
2021-12-15,Santa Cruz,087,273765,21977,21753,1136,22889,225
2021-12-15,Shasta,089,179085,22871,22778,3839,26617,427
2021-12-15,Sierra,091,2930,202,199,23,222,0
2021-12-15,Siskiyou,093,43540,3453,3434,1433,4867,58
2021-12-15,Solano,095,438530,47329,47098,1341,48439,367
2021-12-15,Sonoma,097,501317,43919,43580,607,44187,407
2021-12-15,Stanislaus,099,539301,83003,82628,9696,92324,1298
2021-12-15,Sutter,101,95872,14460,14428,423,14851,189
2021-12-15,Tehama,103,63373,8850,8806,1599,10405,136
2021-12-15,Trinity,105,12862,828,822,208,1030,17
2021-12-15,Tulare,107,460477,71098,70846,17283,88129,1120
2021-12-15,Tuolumne,109,53932,7870,7818,109,7927,91
2021-12-15,Ventura,111,848112,102176,101447,4669,106116,1199
2021-12-15,Yolo,113,214977,20877,20749,1354,22103,267
2021-12-15,Yuba,115,75493,10648,10587,420,11007,96
2021-12-14,Alameda,001,1643700,125149,124272,3232,127504,1506
2021-12-14,Alpine,003,1148,110,109,0,109,0
2021-12-14,Amador,005,37829,5826,5808,77,5885,69
2021-12-14,Butte,007,227075,21989,21901,4027,25928,326
2021-12-14,Calaveras,009,45235,4542,4517,70,4587,89
2021-12-14,Colusa,011,21464,2643,2628,706,3334,21
2021-12-14,Contra Costa,013,1133247,103669,103135,2507,105642,1064
2021-12-14,Del Norte,015,27424,3811,3788,58,3846,43
2021-12-14,El Dorado,017,186661,17046,16915,1864,18779,170
2021-12-14,Fresno,019,978130,147271,146756,12976,159732,2316
2021-12-14,Glenn,021,27897,3592,3589,1043,4632,39
2021-12-14,Humboldt,023,135768,9947,9836,760,10596,118
2021-12-14,Imperial,025,180216,36445,36049,4050,40099,789
2021-12-14,Inyo,027,18085,2613,2601,37,2638,46
2021-12-14,Kern,029,883053,133985,133498,25137,158635,1863
2021-12-14,Kings,031,150075,33835,33693,2214,35907,373
2021-12-14,Lake,033,64148,6996,6961,170,7131,115
2021-12-14,Lassen,035,31185,7068,7061,450,7511,55
2021-12-14,Los Angeles,037,10098052,1489233,1481131,60232,1541363,27099
2021-12-14,Madera,039,155013,24637,24535,2292,26827,313
2021-12-14,Marin,041,260295,18662,18491,577,19068,249
2021-12-14,Mariposa,043,17540,1469,1463,54,1517,6
2021-12-14,Mendocino,045,87422,8248,8206,688,8894,95
2021-12-14,Merced,047,269075,43978,43870,2109,45979,684
2021-12-14,Modoc,049,8938,596,595,204,799,6
2021-12-14,Mono,051,14174,1954,1955,20,1975,4
2021-12-14,Monterey,053,433212,49429,49237,4527,53764,635
2021-12-14,Napa,055,140530,13629,13528,133,13661,107
2021-12-14,Nevada,057,99092,10048,9956,366,10322,106
2021-12-14,Orange,059,3164182,319118,317465,16944,334409,5827
2021-12-14,Placer,061,380077,39489,39221,4088,43309,482
2021-12-14,Plumas,063,18699,1976,1950,58,2008,12
2021-12-14,Riverside,065,2383286,380457,378227,17632,395859,5427
2021-12-14,Sacramento,067,1510023,167484,166605,5411,172016,2394
2021-12-14,San Benito,069,59416,7900,7871,198,8069,79
2021-12-14,San Bernardino,071,2135413,372908,370604,12397,383001,6013
2021-12-14,San Diego,073,3302833,398723,395876,23035,418911,4393
2021-12-14,San Francisco,075,870044,56089,55278,2963,58241,679
2021-12-14,San Joaquin,077,732212,103949,103488,5945,109433,1848
2021-12-14,San Luis Obispo,079,281455,30916,30753,1398,32151,363
2021-12-14,San Mateo,081,765935,55988,55601,2006,57607,580
2021-12-14,Santa Barbara,083,443738,46906,46648,1794,48442,560
2021-12-14,Santa Clara,085,1922200,154955,153814,1813,155627,1945
2021-12-14,Santa Cruz,087,273765,21913,21737,1134,22871,225
2021-12-14,Shasta,089,179085,22845,22756,3838,26594,427
2021-12-14,Sierra,091,2930,200,199,23,222,0
2021-12-14,Siskiyou,093,43540,3452,3430,1432,4862,58
2021-12-14,Solano,095,438530,47284,47065,1338,48403,367
2021-12-14,Sonoma,097,501317,43841,43538,606,44144,407
2021-12-14,Stanislaus,099,539301,82920,82581,9685,92266,1293
2021-12-14,Sutter,101,95872,14449,14421,422,14843,189
2021-12-14,Tehama,103,63373,8846,8805,1599,10404,134
2021-12-14,Trinity,105,12862,828,821,208,1029,17
2021-12-14,Tulare,107,460477,71033,70803,17257,88060,1120
2021-12-14,Tuolumne,109,53932,7857,7815,109,7924,91
2021-12-14,Ventura,111,848112,101959,101343,4661,106004,1199
2021-12-14,Yolo,113,214977,20845,20734,1343,22077,267
2021-12-14,Yuba,115,75493,10632,10574,420,10994,92
2021-12-13,Alameda,001,1643700,124877,124174,3219,127393,1501
2021-12-13,Alpine,003,1148,110,109,0,109,0
2021-12-13,Amador,005,37829,5822,5797,77,5874,69
2021-12-13,Butte,007,227075,21967,21889,4023,25912,326
2021-12-13,Calaveras,009,45235,4535,4507,69,4576,89
2021-12-13,Colusa,011,21464,2642,2627,706,3333,21
2021-12-13,Contra Costa,013,1133247,103526,103041,2497,105538,1064
2021-12-13,Del Norte,015,27424,3807,3787,58,3845,42
2021-12-13,El Dorado,017,186661,17025,16896,1863,18759,170
2021-12-13,Fresno,019,978130,147128,146641,12968,159609,2312
2021-12-13,Glenn,021,27897,3588,3589,1041,4630,37
2021-12-13,Humboldt,023,135768,9918,9821,755,10576,118
2021-12-13,Imperial,025,180216,36369,35974,4038,40012,787
2021-12-13,Inyo,027,18085,2612,2592,37,2629,46
2021-12-13,Kern,029,883053,133861,133381,25086,158467,1863
2021-12-13,Kings,031,150075,33793,33680,2209,35889,372
2021-12-13,Lake,033,64148,6994,6958,168,7126,115
2021-12-13,Lassen,035,31185,7067,7057,450,7507,55
2021-12-13,Los Angeles,037,10098052,1486618,1480195,60093,1540288,27085
2021-12-13,Madera,039,155013,24608,24527,2287,26814,311
2021-12-13,Marin,041,260295,18603,18471,573,19044,249
2021-12-13,Mariposa,043,17540,1466,1462,54,1516,6
2021-12-13,Mendocino,045,87422,8234,8196,686,8882,95
2021-12-13,Merced,047,269075,43945,43848,2104,45952,682
2021-12-13,Modoc,049,8938,595,595,204,799,6
2021-12-13,Mono,051,14174,1952,1952,20,1972,4
2021-12-13,Monterey,053,433212,49384,49222,4505,53727,631
2021-12-13,Napa,055,140530,13617,13518,133,13651,107
2021-12-13,Nevada,057,99092,10029,9946,365,10311,106
2021-12-13,Orange,059,3164182,318669,317112,16914,334026,5824
2021-12-13,Placer,061,380077,39432,39168,4079,43247,481
2021-12-13,Plumas,063,18699,1972,1943,58,2001,12
2021-12-13,Riverside,065,2383286,379892,377728,17622,395350,5414
2021-12-13,Sacramento,067,1510023,167210,166439,5373,171812,2392
2021-12-13,San Benito,069,59416,7891,7856,198,8054,79
2021-12-13,San Bernardino,071,2135413,372354,370274,12390,382664,6011
2021-12-13,San Diego,073,3302833,397924,395266,22988,418254,4389
2021-12-13,San Francisco,075,870044,55829,55245,2951,58196,678
2021-12-13,San Joaquin,077,732212,103836,103449,5934,109383,1846
2021-12-13,San Luis Obispo,079,281455,30874,30746,1396,32142,363
2021-12-13,San Mateo,081,765935,55850,55569,1997,57566,580
2021-12-13,Santa Barbara,083,443738,46822,46608,1789,48397,560
2021-12-13,Santa Clara,085,1922200,154687,153672,1802,155474,1944
2021-12-13,Santa Cruz,087,273765,21860,21698,1132,22830,225
2021-12-13,Shasta,089,179085,22825,22731,3836,26567,426
2021-12-13,Sierra,091,2930,200,199,23,222,0
2021-12-13,Siskiyou,093,43540,3448,3426,1429,4855,57
2021-12-13,Solano,095,438530,47225,47045,1333,48378,365
2021-12-13,Sonoma,097,501317,43750,43492,604,44096,407
2021-12-13,Stanislaus,099,539301,82808,82507,9666,92173,1282
2021-12-13,Sutter,101,95872,14442,14408,422,14830,188
2021-12-13,Tehama,103,63373,8834,8800,1599,10399,134
2021-12-13,Trinity,105,12862,828,820,208,1028,17
2021-12-13,Tulare,107,460477,70978,70758,17229,87987,1114
2021-12-13,Tuolumne,109,53932,7847,7804,109,7913,91
2021-12-13,Ventura,111,848112,101740,101180,4651,105831,1197
2021-12-13,Yolo,113,214977,20801,20706,1337,22043,267
2021-12-13,Yuba,115,75493,10615,10570,420,10990,92
2021-12-12,Alameda,001,1643700,124605,124075,3207,127282,1503
2021-12-12,Alpine,003,1148,110,109,0,109,0
2021-12-12,Amador,005,37829,5815,5797,76,5873,69
2021-12-12,Butte,007,227075,21942,21874,4021,25895,326
2021-12-12,Calaveras,009,45235,4525,4501,68,4569,89
2021-12-12,Colusa,011,21464,2637,2627,703,3330,21
2021-12-12,Contra Costa,013,1133247,103345,102976,2493,105469,1065
2021-12-12,Del Norte,015,27424,3805,3793,58,3851,42
2021-12-12,El Dorado,017,186661,16989,16890,1858,18748,170
2021-12-12,Fresno,019,978130,146969,146518,12955,159473,2310
2021-12-12,Glenn,021,27897,3588,3589,1040,4629,37
2021-12-12,Humboldt,023,135768,9894,9804,750,10554,118
2021-12-12,Imperial,025,180216,36235,35926,4013,39939,787
2021-12-12,Inyo,027,18085,2607,2592,37,2629,46
2021-12-12,Kern,029,883053,133700,133314,25043,158357,1861
2021-12-12,Kings,031,150075,33741,33661,2207,35868,372
2021-12-12,Lake,033,64148,6987,6955,166,7121,115
2021-12-12,Lassen,035,31185,7066,7057,450,7507,55
2021-12-12,Los Angeles,037,10098052,1483916,1479054,59924,1538978,27074
2021-12-12,Madera,039,155013,24583,24493,2283,26776,311
2021-12-12,Marin,041,260295,18550,18451,569,19020,249
2021-12-12,Mariposa,043,17540,1466,1461,54,1515,6
2021-12-12,Mendocino,045,87422,8222,8190,684,8874,95
2021-12-12,Merced,047,269075,43914,43821,2098,45919,682
2021-12-12,Modoc,049,8938,595,595,203,798,6
2021-12-12,Mono,051,14174,1951,1947,20,1967,4
2021-12-12,Monterey,053,433212,49336,49192,4472,53664,631
2021-12-12,Napa,055,140530,13576,13508,131,13639,107
2021-12-12,Nevada,057,99092,10003,9938,364,10302,106
2021-12-12,Orange,059,3164182,318181,316918,16859,333777,5825
2021-12-12,Placer,061,380077,39370,39139,4078,43217,481
2021-12-12,Plumas,063,18699,1968,1942,56,1998,12
2021-12-12,Riverside,065,2383286,379220,377467,17595,395062,5414
2021-12-12,Sacramento,067,1510023,166950,166291,5358,171649,2392
2021-12-12,San Benito,069,59416,7871,7853,197,8050,79
2021-12-12,San Bernardino,071,2135413,371741,369977,12366,382343,6011
2021-12-12,San Diego,073,3302833,397024,393307,22958,416265,4378
2021-12-12,San Francisco,075,870044,55585,55180,2936,58116,678
2021-12-12,San Joaquin,077,732212,103704,103405,5922,109327,1846
2021-12-12,San Luis Obispo,079,281455,30823,30719,1395,32114,363
2021-12-12,San Mateo,081,765935,55750,55505,1983,57488,580
2021-12-12,Santa Barbara,083,443738,46750,46586,1787,48373,560
2021-12-12,Santa Clara,085,1922200,154411,153452,1783,155235,1945
2021-12-12,Santa Cruz,087,273765,21814,21671,1132,22803,225
2021-12-12,Shasta,089,179085,22797,22732,3834,26566,426
2021-12-12,Sierra,091,2930,200,199,23,222,0
2021-12-12,Siskiyou,093,43540,3448,3424,1429,4853,57
2021-12-12,Solano,095,438530,47164,47021,1330,48351,365
2021-12-12,Sonoma,097,501317,43660,43424,601,44025,407
2021-12-12,Stanislaus,099,539301,82710,82460,9655,92115,1282
2021-12-12,Sutter,101,95872,14431,14396,422,14818,189
2021-12-12,Tehama,103,63373,8824,8796,1597,10393,134
2021-12-12,Trinity,105,12862,826,820,208,1028,17
2021-12-12,Tulare,107,460477,70905,70733,17186,87919,1115
2021-12-12,Tuolumne,109,53932,7830,7794,109,7903,91
2021-12-12,Ventura,111,848112,101545,101105,4639,105744,1197
2021-12-12,Yolo,113,214977,20754,20685,1329,22014,267
2021-12-12,Yuba,115,75493,10601,10565,417,10982,92
2021-12-11,Alameda,001,1643700,124484,123572,3204,126776,1496
2021-12-11,Alpine,003,1148,110,109,0,109,0
2021-12-11,Amador,005,37829,5810,5787,76,5863,69
2021-12-11,Butte,007,227075,21928,21819,4020,25839,326
2021-12-11,Calaveras,009,45235,4517,4469,67,4536,89
2021-12-11,Colusa,011,21464,2633,2619,702,3321,21
2021-12-11,Contra Costa,013,1133247,103263,102618,2491,105109,1061
2021-12-11,Del Norte,015,27424,3805,3778,58,3836,42
2021-12-11,El Dorado,017,186661,16968,16796,1858,18654,170
2021-12-11,Fresno,019,978130,146885,145988,12949,158937,2294
2021-12-11,Glenn,021,27897,3588,3585,1039,4624,37
2021-12-11,Humboldt,023,135768,9878,9721,747,10468,118
2021-12-11,Imperial,025,180216,36179,35635,4002,39637,782
2021-12-11,Inyo,027,18085,2603,2576,37,2613,46
2021-12-11,Kern,029,883053,133633,132852,25012,157864,1854
2021-12-11,Kings,031,150075,33726,33530,2205,35735,371
2021-12-11,Lake,033,64148,6986,6932,166,7098,114
2021-12-11,Lassen,035,31185,7065,7049,450,7499,55
2021-12-11,Los Angeles,037,10098052,1482778,1474030,59832,1533862,27031
2021-12-11,Madera,039,155013,24578,24417,2282,26699,311
2021-12-11,Marin,041,260295,18517,18339,566,18905,249
2021-12-11,Mariposa,043,17540,1465,1450,54,1504,6
2021-12-11,Mendocino,045,87422,8215,8130,684,8814,95
2021-12-11,Merced,047,269075,43895,43690,2097,45787,681
2021-12-11,Modoc,049,8938,595,594,203,797,6
2021-12-11,Mono,051,14174,1949,1926,20,1946,4
2021-12-11,Monterey,053,433212,49315,49008,4465,53473,631
2021-12-11,Napa,055,140530,13559,13459,131,13590,107
2021-12-11,Nevada,057,99092,9989,9880,364,10244,106
2021-12-11,Orange,059,3164182,317932,315759,16835,332594,5805
2021-12-11,Placer,061,380077,39313,38959,4072,43031,481
2021-12-11,Plumas,063,18699,1962,1934,56,1990,12
2021-12-11,Riverside,065,2383286,378812,375649,17580,393229,5408
2021-12-11,Sacramento,067,1510023,166824,165530,5348,170878,2386
2021-12-11,San Benito,069,59416,7857,7808,197,8005,79
2021-12-11,San Bernardino,071,2135413,371391,368145,12357,380502,6007
2021-12-11,San Diego,073,3302833,396607,392274,22920,415194,4374
2021-12-11,San Francisco,075,870044,55436,54869,2928,57797,678
2021-12-11,San Joaquin,077,732212,103645,103013,5917,108930,1842
2021-12-11,San Luis Obispo,079,281455,30801,30567,1392,31959,362
2021-12-11,San Mateo,081,765935,55678,55284,1981,57265,580
2021-12-11,Santa Barbara,083,443738,46714,46309,1787,48096,559
2021-12-11,Santa Clara,085,1922200,154219,152846,1767,154613,1941
2021-12-11,Santa Cruz,087,273765,21791,21557,1132,22689,225
2021-12-11,Shasta,089,179085,22783,22660,3830,26490,419
2021-12-11,Sierra,091,2930,200,199,23,222,0
2021-12-11,Siskiyou,093,43540,3443,3418,1427,4845,57
2021-12-11,Solano,095,438530,47135,46891,1325,48216,365
2021-12-11,Sonoma,097,501317,43612,43227,601,43828,407
2021-12-11,Stanislaus,099,539301,82658,82133,9649,91782,1264
2021-12-11,Sutter,101,95872,14422,14354,422,14776,187
2021-12-11,Tehama,103,63373,8822,8776,1595,10371,134
2021-12-11,Trinity,105,12862,826,819,208,1027,17
2021-12-11,Tulare,107,460477,70866,70523,17175,87698,1103
2021-12-11,Tuolumne,109,53932,7821,7760,109,7869,91
2021-12-11,Ventura,111,848112,101468,100711,4632,105343,1195
2021-12-11,Yolo,113,214977,20735,20608,1328,21936,267
2021-12-11,Yuba,115,75493,10589,10519,416,10935,92
2021-12-10,Alameda,001,1643700,124367,123572,3197,126769,1496
2021-12-10,Alpine,003,1148,109,109,0,109,0
2021-12-10,Amador,005,37829,5803,5787,76,5863,69
2021-12-10,Butte,007,227075,21915,21819,4018,25837,326
2021-12-10,Calaveras,009,45235,4514,4469,67,4536,89
2021-12-10,Colusa,011,21464,2632,2619,702,3321,21
2021-12-10,Contra Costa,013,1133247,103168,102618,2490,105108,1061
2021-12-10,Del Norte,015,27424,3805,3778,58,3836,42
2021-12-10,El Dorado,017,186661,16952,16796,1858,18654,170
2021-12-10,Fresno,019,978130,146803,145988,12946,158934,2294
2021-12-10,Glenn,021,27897,3588,3585,1039,4624,37
2021-12-10,Humboldt,023,135768,9861,9721,745,10466,118
2021-12-10,Imperial,025,180216,36123,35635,3988,39623,782
2021-12-10,Inyo,027,18085,2600,2576,37,2613,46
2021-12-10,Kern,029,883053,133544,132852,24986,157838,1854
2021-12-10,Kings,031,150075,33710,33530,2203,35733,371
2021-12-10,Lake,033,64148,6979,6932,166,7098,114
2021-12-10,Lassen,035,31185,7064,7049,450,7499,55
2021-12-10,Los Angeles,037,10098052,1481744,1474030,59744,1533774,27031
2021-12-10,Madera,039,155013,24562,24417,2280,26697,311
2021-12-10,Marin,041,260295,18493,18339,565,18904,249
2021-12-10,Mariposa,043,17540,1462,1450,54,1504,6
2021-12-10,Mendocino,045,87422,8210,8130,683,8813,95
2021-12-10,Merced,047,269075,43878,43690,2095,45785,681
2021-12-10,Modoc,049,8938,595,594,203,797,6
2021-12-10,Mono,051,14174,1946,1926,20,1946,4
2021-12-10,Monterey,053,433212,49285,49008,4453,53461,631
2021-12-10,Napa,055,140530,13547,13459,130,13589,107
2021-12-10,Nevada,057,99092,9979,9880,364,10244,106
2021-12-10,Orange,059,3164182,317666,315759,16806,332565,5805
2021-12-10,Placer,061,380077,39270,38959,4068,43027,481
2021-12-10,Plumas,063,18699,1960,1934,56,1990,12
2021-12-10,Riverside,065,2383286,378408,375649,17569,393218,5408
2021-12-10,Sacramento,067,1510023,166673,165530,5346,170876,2386
2021-12-10,San Benito,069,59416,7853,7808,197,8005,79
2021-12-10,San Bernardino,071,2135413,371022,368145,12339,380484,6007
2021-12-10,San Diego,073,3302833,396134,392274,22907,415181,4374
2021-12-10,San Francisco,075,870044,55347,54869,2921,57790,678
2021-12-10,San Joaquin,077,732212,103590,103013,5913,108926,1842
2021-12-10,San Luis Obispo,079,281455,30791,30567,1389,31956,362
2021-12-10,San Mateo,081,765935,55624,55284,1971,57255,580
2021-12-10,Santa Barbara,083,443738,46677,46309,1786,48095,559
2021-12-10,Santa Clara,085,1922200,154046,152846,1754,154600,1941
2021-12-10,Santa Cruz,087,273765,21770,21557,1132,22689,225
2021-12-10,Shasta,089,179085,22773,22660,3827,26487,419
2021-12-10,Sierra,091,2930,200,199,23,222,0
2021-12-10,Siskiyou,093,43540,3436,3418,1427,4845,57
2021-12-10,Solano,095,438530,47092,46891,1322,48213,365
2021-12-10,Sonoma,097,501317,43578,43227,600,43827,407
2021-12-10,Stanislaus,099,539301,82593,82133,9645,91778,1264
2021-12-10,Sutter,101,95872,14414,14354,421,14775,187
2021-12-10,Tehama,103,63373,8820,8776,1594,10370,134
2021-12-10,Trinity,105,12862,826,819,208,1027,17
2021-12-10,Tulare,107,460477,70840,70523,17147,87670,1103
2021-12-10,Tuolumne,109,53932,7816,7760,109,7869,91
2021-12-10,Ventura,111,848112,101361,100711,4629,105340,1195
2021-12-10,Yolo,113,214977,20722,20608,1327,21935,267
2021-12-10,Yuba,115,75493,10577,10519,415,10934,92
2021-12-09,Alameda,001,1643700,124240,123572,3191,126763,1496
2021-12-09,Alpine,003,1148,109,109,0,109,0
2021-12-09,Amador,005,37829,5800,5787,75,5862,69
2021-12-09,Butte,007,227075,21897,21819,4015,25834,326
2021-12-09,Calaveras,009,45235,4505,4469,67,4536,89
2021-12-09,Colusa,011,21464,2631,2619,702,3321,21
2021-12-09,Contra Costa,013,1133247,103057,102618,2484,105102,1061
2021-12-09,Del Norte,015,27424,3804,3778,58,3836,42
2021-12-09,El Dorado,017,186661,16924,16796,1853,18649,170
2021-12-09,Fresno,019,978130,146666,145988,12936,158924,2294
2021-12-09,Glenn,021,27897,3588,3585,1039,4624,37
2021-12-09,Humboldt,023,135768,9835,9721,744,10465,118
2021-12-09,Imperial,025,180216,36057,35635,3961,39596,782
2021-12-09,Inyo,027,18085,2598,2576,37,2613,46
2021-12-09,Kern,029,883053,133427,132852,24951,157803,1854
2021-12-09,Kings,031,150075,33686,33530,2200,35730,371
2021-12-09,Lake,033,64148,6972,6932,165,7097,114
2021-12-09,Lassen,035,31185,7062,7049,450,7499,55
2021-12-09,Los Angeles,037,10098052,1480273,1474030,59664,1533694,27031
2021-12-09,Madera,039,155013,24538,24417,2277,26694,311
2021-12-09,Marin,041,260295,18475,18339,563,18902,249
2021-12-09,Mariposa,043,17540,1460,1450,54,1504,6
2021-12-09,Mendocino,045,87422,8195,8130,683,8813,95
2021-12-09,Merced,047,269075,43838,43690,2083,45773,681
2021-12-09,Modoc,049,8938,595,594,203,797,6
2021-12-09,Mono,051,14174,1937,1926,20,1946,4
2021-12-09,Monterey,053,433212,49244,49008,4439,53447,631
2021-12-09,Napa,055,140530,13529,13459,126,13585,107
2021-12-09,Nevada,057,99092,9956,9880,364,10244,106
2021-12-09,Orange,059,3164182,317332,315759,16772,332531,5805
2021-12-09,Placer,061,380077,39223,38959,4056,43015,481
2021-12-09,Plumas,063,18699,1954,1934,56,1990,12
2021-12-09,Riverside,065,2383286,377859,375649,17554,393203,5408
2021-12-09,Sacramento,067,1510023,166454,165530,5330,170860,2386
2021-12-09,San Benito,069,59416,7841,7808,196,8004,79
2021-12-09,San Bernardino,071,2135413,370516,368145,12322,380467,6007
2021-12-09,San Diego,073,3302833,395492,392274,22879,415153,4374
2021-12-09,San Francisco,075,870044,55241,54869,2913,57782,678
2021-12-09,San Joaquin,077,732212,103495,103013,5904,108917,1842
2021-12-09,San Luis Obispo,079,281455,30765,30567,1389,31956,362
2021-12-09,San Mateo,081,765935,55530,55284,1963,57247,580
2021-12-09,Santa Barbara,083,443738,46601,46309,1779,48088,559
2021-12-09,Santa Clara,085,1922200,153825,152846,1742,154588,1941
2021-12-09,Santa Cruz,087,273765,21740,21557,1130,22687,225
2021-12-09,Shasta,089,179085,22755,22660,3826,26486,419
2021-12-09,Sierra,091,2930,200,199,23,222,0
2021-12-09,Siskiyou,093,43540,3432,3418,1426,4844,57
2021-12-09,Solano,095,438530,47058,46891,1320,48211,365
2021-12-09,Sonoma,097,501317,43521,43227,599,43826,407
2021-12-09,Stanislaus,099,539301,82511,82133,9630,91763,1264
2021-12-09,Sutter,101,95872,14399,14354,421,14775,187
2021-12-09,Tehama,103,63373,8814,8776,1593,10369,134
2021-12-09,Trinity,105,12862,826,819,208,1027,17
2021-12-09,Tulare,107,460477,70780,70523,17120,87643,1103
2021-12-09,Tuolumne,109,53932,7806,7760,109,7869,91
2021-12-09,Ventura,111,848112,101215,100711,4620,105331,1195
2021-12-09,Yolo,113,214977,20701,20608,1318,21926,267
2021-12-09,Yuba,115,75493,10568,10519,412,10931,92
2021-12-08,Alameda,001,1643700,124094,123438,3181,126619,1496
2021-12-08,Alpine,003,1148,109,108,0,108,0
2021-12-08,Amador,005,37829,5795,5781,75,5856,69
2021-12-08,Butte,007,227075,21884,21780,4013,25793,326
2021-12-08,Calaveras,009,45235,4499,4455,67,4522,89
2021-12-08,Colusa,011,21464,2628,2619,701,3320,21
2021-12-08,Contra Costa,013,1133247,102931,102506,2479,104985,1058
2021-12-08,Del Norte,015,27424,3803,3767,58,3825,42
2021-12-08,El Dorado,017,186661,16889,16757,1853,18610,170
2021-12-08,Fresno,019,978130,146509,145830,12920,158750,2293
2021-12-08,Glenn,021,27897,3587,3584,1037,4621,37
2021-12-08,Humboldt,023,135768,9813,9704,742,10446,117
2021-12-08,Imperial,025,180216,35983,35537,3931,39468,782
2021-12-08,Inyo,027,18085,2595,2570,37,2607,46
2021-12-08,Kern,029,883053,133310,132709,24906,157615,1846
2021-12-08,Kings,031,150075,33651,33468,2199,35667,371
2021-12-08,Lake,033,64148,6968,6927,163,7090,114
2021-12-08,Lassen,035,31185,7060,7041,448,7489,55
2021-12-08,Los Angeles,037,10098052,1478768,1472410,59570,1531980,27018
2021-12-08,Madera,039,155013,24517,24396,2270,26666,311
2021-12-08,Marin,041,260295,18452,18305,560,18865,249
2021-12-08,Mariposa,043,17540,1459,1447,54,1501,6
2021-12-08,Mendocino,045,87422,8185,8118,682,8800,95
2021-12-08,Merced,047,269075,43808,43631,2075,45706,680
2021-12-08,Modoc,049,8938,595,594,203,797,6
2021-12-08,Mono,051,14174,1936,1924,20,1944,4
2021-12-08,Monterey,053,433212,49191,48957,4414,53371,631
2021-12-08,Napa,055,140530,13516,13421,126,13547,107
2021-12-08,Nevada,057,99092,9939,9862,364,10226,106
2021-12-08,Orange,059,3164182,316959,315421,16736,332157,5795
2021-12-08,Placer,061,380077,39168,38934,4051,42985,478
2021-12-08,Plumas,063,18699,1951,1924,56,1980,12
2021-12-08,Riverside,065,2383286,377358,375099,17531,392630,5404
2021-12-08,Sacramento,067,1510023,166208,165278,5299,170577,2373
2021-12-08,San Benito,069,59416,7832,7793,196,7989,79
2021-12-08,San Bernardino,071,2135413,370052,367516,12303,379819,6006
2021-12-08,San Diego,073,3302833,394847,391676,22844,414520,4369
2021-12-08,San Francisco,075,870044,55157,54792,2904,57696,677
2021-12-08,San Joaquin,077,732212,103391,102877,5892,108769,1841
2021-12-08,San Luis Obispo,079,281455,30719,30519,1383,31902,361
2021-12-08,San Mateo,081,765935,55472,55220,1954,57174,580
2021-12-08,Santa Barbara,083,443738,46549,46250,1776,48026,558
2021-12-08,Santa Clara,085,1922200,153662,152674,1730,154404,1937
2021-12-08,Santa Cruz,087,273765,21695,21505,1128,22633,224
2021-12-08,Shasta,089,179085,22735,22616,3819,26435,419
2021-12-08,Sierra,091,2930,200,199,23,222,0
2021-12-08,Siskiyou,093,43540,3431,3415,1424,4839,57
2021-12-08,Solano,095,438530,47028,46837,1319,48156,365
2021-12-08,Sonoma,097,501317,43461,43179,598,43777,405
2021-12-08,Stanislaus,099,539301,82432,82038,9618,91656,1264
2021-12-08,Sutter,101,95872,14383,14336,419,14755,187
2021-12-08,Tehama,103,63373,8805,8768,1593,10361,133
2021-12-08,Trinity,105,12862,826,818,208,1026,17
2021-12-08,Tulare,107,460477,70720,70472,17095,87567,1102
2021-12-08,Tuolumne,109,53932,7793,7749,109,7858,91
2021-12-08,Ventura,111,848112,101086,100647,4617,105264,1194
2021-12-08,Yolo,113,214977,20673,20575,1312,21887,267
2021-12-08,Yuba,115,75493,10554,10499,409,10908,92
2021-12-07,Alameda,001,1643700,123924,123325,3173,126498,1497
2021-12-07,Alpine,003,1148,109,108,0,108,0
2021-12-07,Amador,005,37829,5793,5778,74,5852,69
2021-12-07,Butte,007,227075,21860,21761,4008,25769,324
2021-12-07,Calaveras,009,45235,4486,4445,67,4512,88
2021-12-07,Colusa,011,21464,2627,2619,701,3320,21
2021-12-07,Contra Costa,013,1133247,102809,102421,2469,104890,1058
2021-12-07,Del Norte,015,27424,3802,3766,58,3824,42
2021-12-07,El Dorado,017,186661,16867,16742,1850,18592,170
2021-12-07,Fresno,019,978130,146371,145715,12908,158623,2289
2021-12-07,Glenn,021,27897,3586,3579,1036,4615,36
2021-12-07,Humboldt,023,135768,9794,9693,737,10430,117
2021-12-07,Imperial,025,180216,35905,35502,3914,39416,778
2021-12-07,Inyo,027,18085,2591,2567,37,2604,46
2021-12-07,Kern,029,883053,133153,132564,24851,157415,1838
2021-12-07,Kings,031,150075,33620,33441,2196,35637,372
2021-12-07,Lake,033,64148,6963,6925,162,7087,113
2021-12-07,Lassen,035,31185,7059,7040,447,7487,55
2021-12-07,Los Angeles,037,10098052,1477016,1470904,59478,1530382,27007
2021-12-07,Madera,039,155013,24495,24367,2263,26630,311
2021-12-07,Marin,041,260295,18419,18284,555,18839,249
2021-12-07,Mariposa,043,17540,1457,1446,54,1500,6
2021-12-07,Mendocino,045,87422,8169,8107,682,8789,95
2021-12-07,Merced,047,269075,43764,43600,2069,45669,675
2021-12-07,Modoc,049,8938,595,594,202,796,6
2021-12-07,Mono,051,14174,1932,1921,20,1941,4
2021-12-07,Monterey,053,433212,49122,48880,4382,53262,631
2021-12-07,Napa,055,140530,13498,13409,126,13535,107
2021-12-07,Nevada,057,99092,9925,9858,363,10221,105
2021-12-07,Orange,059,3164182,316594,315138,16688,331826,5784
2021-12-07,Placer,061,380077,39097,38860,4047,42907,474
2021-12-07,Plumas,063,18699,1948,1915,56,1971,12
2021-12-07,Riverside,065,2383286,376837,374552,17513,392065,5397
2021-12-07,Sacramento,067,1510023,165982,165148,5276,170424,2375
2021-12-07,San Benito,069,59416,7816,7776,196,7972,78
2021-12-07,San Bernardino,071,2135413,369515,366981,12286,379267,6007
2021-12-07,San Diego,073,3302833,394003,391110,22803,413913,4357
2021-12-07,San Francisco,075,870044,55058,54729,2898,57627,676
2021-12-07,San Joaquin,077,732212,103278,102797,5877,108674,1839
2021-12-07,San Luis Obispo,079,281455,30679,30495,1381,31876,361
2021-12-07,San Mateo,081,765935,55393,55163,1941,57104,580
2021-12-07,Santa Barbara,083,443738,46482,46205,1774,47979,556
2021-12-07,Santa Clara,085,1922200,153475,152465,1721,154186,1941
2021-12-07,Santa Cruz,087,273765,21649,21493,1128,22621,224
2021-12-07,Shasta,089,179085,22714,22594,3816,26410,418
2021-12-07,Sierra,091,2930,200,199,23,222,0
2021-12-07,Siskiyou,093,43540,3428,3412,1424,4836,57
2021-12-07,Solano,095,438530,46993,46812,1319,48131,365
2021-12-07,Sonoma,097,501317,43388,43154,597,43751,405
2021-12-07,Stanislaus,099,539301,82358,81980,9605,91585,1258
2021-12-07,Sutter,101,95872,14375,14322,418,14740,186
2021-12-07,Tehama,103,63373,8797,8765,1592,10357,133
2021-12-07,Trinity,105,12862,826,818,208,1026,17
2021-12-07,Tulare,107,460477,70663,70411,17065,87476,1103
2021-12-07,Tuolumne,109,53932,7785,7743,109,7852,91
2021-12-07,Ventura,111,848112,100993,100569,4607,105176,1194
2021-12-07,Yolo,113,214977,20646,20560,1310,21870,263
2021-12-07,Yuba,115,75493,10538,10491,408,10899,91
2021-12-06,Alameda,001,1643700,123777,123227,3168,126395,1496
2021-12-06,Alpine,003,1148,109,108,0,108,0
2021-12-06,Amador,005,37829,5787,5769,73,5842,67
2021-12-06,Butte,007,227075,21844,21732,4005,25737,321
2021-12-06,Calaveras,009,45235,4479,4443,67,4510,88
2021-12-06,Colusa,011,21464,2626,2615,697,3312,21
2021-12-06,Contra Costa,013,1133247,102691,102327,2465,104792,1058
2021-12-06,Del Norte,015,27424,3800,3744,58,3802,42
2021-12-06,El Dorado,017,186661,16844,16726,1848,18574,168
2021-12-06,Fresno,019,978130,146180,145539,12899,158438,2285
2021-12-06,Glenn,021,27897,3584,3577,1034,4611,36
2021-12-06,Humboldt,023,135768,9775,9671,730,10401,117
2021-12-06,Imperial,025,180216,35832,35453,3895,39348,778
2021-12-06,Inyo,027,18085,2586,2562,36,2598,46
2021-12-06,Kern,029,883053,132969,132366,24796,157162,1835
2021-12-06,Kings,031,150075,33590,33399,2191,35590,368
2021-12-06,Lake,033,64148,6960,6922,162,7084,113
2021-12-06,Lassen,035,31185,7053,7032,445,7477,51
2021-12-06,Los Angeles,037,10098052,1475398,1470059,59387,1529446,26993
2021-12-06,Madera,039,155013,24468,24334,2259,26593,307
2021-12-06,Marin,041,260295,18391,18252,551,18803,249
2021-12-06,Mariposa,043,17540,1454,1443,54,1497,6
2021-12-06,Mendocino,045,87422,8155,8079,679,8758,95
2021-12-06,Merced,047,269075,43723,43549,2060,45609,672
2021-12-06,Modoc,049,8938,595,593,202,795,6
2021-12-06,Mono,051,14174,1924,1913,20,1933,4
2021-12-06,Monterey,053,433212,49055,48831,4353,53184,626
2021-12-06,Napa,055,140530,13475,13387,124,13511,107
2021-12-06,Nevada,057,99092,9903,9847,361,10208,105
2021-12-06,Orange,059,3164182,316215,314859,16648,331507,5771
2021-12-06,Placer,061,380077,39043,38785,4041,42826,473
2021-12-06,Plumas,063,18699,1940,1913,56,1969,10
2021-12-06,Riverside,065,2383286,376320,374116,17497,391613,5388
2021-12-06,Sacramento,067,1510023,165704,164926,5257,170183,2367
2021-12-06,San Benito,069,59416,7800,7755,196,7951,78
2021-12-06,San Bernardino,071,2135413,368989,366606,12261,378867,5998
2021-12-06,San Diego,073,3302833,393149,390389,22759,413148,4352
2021-12-06,San Francisco,075,870044,54963,54659,2893,57552,674
2021-12-06,San Joaquin,077,732212,103162,102728,5870,108598,1837
2021-12-06,San Luis Obispo,079,281455,30644,30464,1378,31842,361
2021-12-06,San Mateo,081,765935,55332,55112,1928,57040,580
2021-12-06,Santa Barbara,083,443738,46393,46146,1773,47919,556
2021-12-06,Santa Clara,085,1922200,153280,152310,1706,154016,1937
2021-12-06,Santa Cruz,087,273765,21620,21450,1124,22574,224
2021-12-06,Shasta,089,179085,22691,22556,3809,26365,416
2021-12-06,Sierra,091,2930,199,198,23,221,0
2021-12-06,Siskiyou,093,43540,3426,3409,1419,4828,57
2021-12-06,Solano,095,438530,46959,46748,1318,48066,360
2021-12-06,Sonoma,097,501317,43321,43114,590,43704,405
2021-12-06,Stanislaus,099,539301,82264,81889,9584,91473,1241
2021-12-06,Sutter,101,95872,14363,14319,418,14737,186
2021-12-06,Tehama,103,63373,8788,8760,1592,10352,133
2021-12-06,Trinity,105,12862,826,815,207,1022,17
2021-12-06,Tulare,107,460477,70591,70285,17027,87312,1101
2021-12-06,Tuolumne,109,53932,7772,7726,109,7835,91
2021-12-06,Ventura,111,848112,100888,100426,4599,105025,1194
2021-12-06,Yolo,113,214977,20624,20548,1309,21857,263
2021-12-06,Yuba,115,75493,10524,10480,402,10882,91
2021-12-05,Alameda,001,1643700,123606,123104,3160,126264,1496
2021-12-05,Alpine,003,1148,108,108,0,108,0
2021-12-05,Amador,005,37829,5784,5761,73,5834,67
2021-12-05,Butte,007,227075,21812,21720,4001,25721,320
2021-12-05,Calaveras,009,45235,4464,4434,67,4501,88
2021-12-05,Colusa,011,21464,2625,2615,696,3311,21
2021-12-05,Contra Costa,013,1133247,102565,102251,2454,104705,1058
2021-12-05,Del Norte,015,27424,3798,3751,58,3809,42
2021-12-05,El Dorado,017,186661,16806,16717,1843,18560,168
2021-12-05,Fresno,019,978130,146009,145452,12883,158335,2284
2021-12-05,Glenn,021,27897,3582,3577,1032,4609,36
2021-12-05,Humboldt,023,135768,9746,9662,727,10389,117
2021-12-05,Imperial,025,180216,35742,35422,3865,39287,778
2021-12-05,Inyo,027,18085,2579,2559,36,2595,46
2021-12-05,Kern,029,883053,132808,132286,24744,157030,1833
2021-12-05,Kings,031,150075,33527,33360,2191,35551,369
2021-12-05,Lake,033,64148,6956,6919,162,7081,113
2021-12-05,Lassen,035,31185,7051,7031,445,7476,51
2021-12-05,Los Angeles,037,10098052,1473582,1468937,59256,1528193,26991
2021-12-05,Madera,039,155013,24427,24311,2256,26567,307
2021-12-05,Marin,041,260295,18345,18216,543,18759,249
2021-12-05,Mariposa,043,17540,1451,1440,53,1493,6
2021-12-05,Mendocino,045,87422,8140,8069,672,8741,95
2021-12-05,Merced,047,269075,43678,43534,2051,45585,672
2021-12-05,Modoc,049,8938,595,593,202,795,6
2021-12-05,Mono,051,14174,1919,1907,20,1927,4
2021-12-05,Monterey,053,433212,48996,48813,4310,53123,626
2021-12-05,Napa,055,140530,13450,13382,121,13503,107
2021-12-05,Nevada,057,99092,9885,9827,361,10188,105
2021-12-05,Orange,059,3164182,315808,314560,16604,331164,5771
2021-12-05,Placer,061,380077,38986,38738,4032,42770,473
2021-12-05,Plumas,063,18699,1936,1913,55,1968,9
2021-12-05,Riverside,065,2383286,375674,373827,17468,391295,5388
2021-12-05,Sacramento,067,1510023,165418,164721,5240,169961,2367
2021-12-05,San Benito,069,59416,7783,7748,195,7943,78
2021-12-05,San Bernardino,071,2135413,368310,366282,12223,378505,5998
2021-12-05,San Diego,073,3302833,392355,387979,22712,410691,4351
2021-12-05,San Francisco,075,870044,54869,54603,2890,57493,674
2021-12-05,San Joaquin,077,732212,103028,102698,5865,108563,1837
2021-12-05,San Luis Obispo,079,281455,30575,30454,1375,31829,360
2021-12-05,San Mateo,081,765935,55254,55050,1911,56961,580
2021-12-05,Santa Barbara,083,443738,46312,46097,1765,47862,555
2021-12-05,Santa Clara,085,1922200,153029,152114,1687,153801,1933
2021-12-05,Santa Cruz,087,273765,21572,21424,1124,22548,224
2021-12-05,Shasta,089,179085,22633,22550,3808,26358,416
2021-12-05,Sierra,091,2930,199,198,23,221,0
2021-12-05,Siskiyou,093,43540,3424,3409,1416,4825,57
2021-12-05,Solano,095,438530,46900,46715,1316,48031,360
2021-12-05,Sonoma,097,501317,43250,43038,585,43623,405
2021-12-05,Stanislaus,099,539301,82122,81847,9575,91422,1241
2021-12-05,Sutter,101,95872,14339,14303,413,14716,186
2021-12-05,Tehama,103,63373,8781,8755,1590,10345,133
2021-12-05,Trinity,105,12862,825,815,207,1022,17
2021-12-05,Tulare,107,460477,70517,70254,16977,87231,1102
2021-12-05,Tuolumne,109,53932,7760,7718,109,7827,91
2021-12-05,Ventura,111,848112,100757,100367,4585,104952,1194
2021-12-05,Yolo,113,214977,20587,20512,1306,21818,263
2021-12-05,Yuba,115,75493,10511,10467,394,10861,91
2021-12-04,Alameda,001,1643700,123506,122508,3157,125665,1494
2021-12-04,Alpine,003,1148,108,108,0,108,0
2021-12-04,Amador,005,37829,5781,5729,73,5802,67
2021-12-04,Butte,007,227075,21793,21638,3997,25635,318
2021-12-04,Calaveras,009,45235,4456,4392,66,4458,88
2021-12-04,Colusa,011,21464,2625,2600,694,3294,21
2021-12-04,Contra Costa,013,1133247,102496,101824,2448,104272,1056
2021-12-04,Del Norte,015,27424,3795,3726,58,3784,42
2021-12-04,El Dorado,017,186661,16799,16621,1842,18463,168
2021-12-04,Fresno,019,978130,145923,144734,12878,157612,2270
2021-12-04,Glenn,021,27897,3582,3559,1032,4591,36
2021-12-04,Humboldt,023,135768,9732,9596,723,10319,117
2021-12-04,Imperial,025,180216,35688,35206,3852,39058,776
2021-12-04,Inyo,027,18085,2574,2538,36,2574,46
2021-12-04,Kern,029,883053,132735,131771,24719,156490,1817
2021-12-04,Kings,031,150075,33503,33183,2190,35373,367
2021-12-04,Lake,033,64148,6948,6903,162,7065,113
2021-12-04,Lassen,035,31185,7050,7014,443,7457,51
2021-12-04,Los Angeles,037,10098052,1472742,1463270,59177,1522447,26952
2021-12-04,Madera,039,155013,24413,24188,2251,26439,307
2021-12-04,Marin,041,260295,18324,18075,543,18618,249
2021-12-04,Mariposa,043,17540,1447,1421,53,1474,6
2021-12-04,Mendocino,045,87422,8135,7981,672,8653,91
2021-12-04,Merced,047,269075,43653,43337,2049,45386,671
2021-12-04,Modoc,049,8938,595,591,202,793,6
2021-12-04,Mono,051,14174,1919,1883,20,1903,4
2021-12-04,Monterey,053,433212,48968,48682,4298,52980,626
2021-12-04,Napa,055,140530,13440,13327,120,13447,106
2021-12-04,Nevada,057,99092,9878,9752,361,10113,105
2021-12-04,Orange,059,3164182,315601,313112,16576,329688,5748
2021-12-04,Placer,061,380077,38947,38460,4026,42486,473
2021-12-04,Plumas,063,18699,1933,1903,55,1958,7
2021-12-04,Riverside,065,2383286,375320,371768,17462,389230,5381
2021-12-04,Sacramento,067,1510023,165281,163900,5233,169133,2365
2021-12-04,San Benito,069,59416,7758,7688,195,7883,78
2021-12-04,San Bernardino,071,2135413,367947,364154,12209,376363,5983
2021-12-04,San Diego,073,3302833,391877,386710,22683,409393,4350
2021-12-04,San Francisco,075,870044,54804,54286,2886,57172,674
2021-12-04,San Joaquin,077,732212,102977,102286,5863,108149,1835
2021-12-04,San Luis Obispo,079,281455,30554,30318,1371,31689,360
2021-12-04,San Mateo,081,765935,55214,54774,1901,56675,579
2021-12-04,Santa Barbara,083,443738,46267,45774,1765,47539,555
2021-12-04,Santa Clara,085,1922200,152878,151275,1672,152947,1928
2021-12-04,Santa Cruz,087,273765,21549,21286,1123,22409,224
2021-12-04,Shasta,089,179085,22617,22418,3805,26223,414
2021-12-04,Sierra,091,2930,199,196,23,219,0
2021-12-04,Siskiyou,093,43540,3422,3398,1416,4814,57
2021-12-04,Solano,095,438530,46880,46529,1315,47844,360
2021-12-04,Sonoma,097,501317,43204,42778,582,43360,405
2021-12-04,Stanislaus,099,539301,82052,81462,9568,91030,1231
2021-12-04,Sutter,101,95872,14331,14258,412,14670,186
2021-12-04,Tehama,103,63373,8779,8742,1590,10332,131
2021-12-04,Trinity,105,12862,824,801,207,1008,17
2021-12-04,Tulare,107,460477,70482,70014,16948,86962,1100
2021-12-04,Tuolumne,109,53932,7755,7676,109,7785,91
2021-12-04,Ventura,111,848112,100669,99751,4581,104332,1192
2021-12-04,Yolo,113,214977,20569,20442,1305,21747,261
2021-12-04,Yuba,115,75493,10500,10418,393,10811,91
2021-12-03,Alameda,001,1643700,123418,122508,3146,125654,1494
2021-12-03,Alpine,003,1148,108,108,0,108,0
2021-12-03,Amador,005,37829,5776,5729,72,5801,67
2021-12-03,Butte,007,227075,21780,21638,3992,25630,318
2021-12-03,Calaveras,009,45235,4447,4392,66,4458,88
2021-12-03,Colusa,011,21464,2623,2600,694,3294,21
2021-12-03,Contra Costa,013,1133247,102424,101824,2443,104267,1056
2021-12-03,Del Norte,015,27424,3793,3726,58,3784,42
2021-12-03,El Dorado,017,186661,16781,16621,1839,18460,168
2021-12-03,Fresno,019,978130,145810,144734,12876,157610,2270
2021-12-03,Glenn,021,27897,3580,3559,1032,4591,36
2021-12-03,Humboldt,023,135768,9716,9596,721,10317,117
2021-12-03,Imperial,025,180216,35644,35206,3843,39049,776
2021-12-03,Inyo,027,18085,2567,2538,36,2574,46
2021-12-03,Kern,029,883053,132666,131771,24680,156451,1817
2021-12-03,Kings,031,150075,33474,33183,2190,35373,367
2021-12-03,Lake,033,64148,6948,6903,162,7065,113
2021-12-03,Lassen,035,31185,7048,7014,442,7456,51
2021-12-03,Los Angeles,037,10098052,1471838,1463270,59096,1522366,26952
2021-12-03,Madera,039,155013,24387,24188,2248,26436,307
2021-12-03,Marin,041,260295,18292,18075,539,18614,249
2021-12-03,Mariposa,043,17540,1445,1421,53,1474,6
2021-12-03,Mendocino,045,87422,8128,7981,672,8653,91
2021-12-03,Merced,047,269075,43636,43337,2046,45383,671
2021-12-03,Modoc,049,8938,595,591,202,793,6
2021-12-03,Mono,051,14174,1913,1883,20,1903,4
2021-12-03,Monterey,053,433212,48938,48682,4279,52961,626
2021-12-03,Napa,055,140530,13428,13327,120,13447,106
2021-12-03,Nevada,057,99092,9867,9752,361,10113,105
2021-12-03,Orange,059,3164182,315349,313112,16550,329662,5748
2021-12-03,Placer,061,380077,38910,38460,4019,42479,473
2021-12-03,Plumas,063,18699,1930,1903,55,1958,7
2021-12-03,Riverside,065,2383286,374929,371768,17457,389225,5381
2021-12-03,Sacramento,067,1510023,165105,163900,5218,169118,2365
2021-12-03,San Benito,069,59416,7751,7688,195,7883,78
2021-12-03,San Bernardino,071,2135413,367515,364154,12199,376353,5983
2021-12-03,San Diego,073,3302833,391396,386710,22658,409368,4350
2021-12-03,San Francisco,075,870044,54737,54286,2884,57170,674
2021-12-03,San Joaquin,077,732212,102924,102286,5862,108148,1835
2021-12-03,San Luis Obispo,079,281455,30529,30318,1368,31686,360
2021-12-03,San Mateo,081,765935,55156,54774,1895,56669,579
2021-12-03,Santa Barbara,083,443738,46232,45774,1765,47539,555
2021-12-03,Santa Clara,085,1922200,152700,151275,1657,152932,1928
2021-12-03,Santa Cruz,087,273765,21522,21286,1123,22409,224
2021-12-03,Shasta,089,179085,22602,22418,3805,26223,414
2021-12-03,Sierra,091,2930,199,196,23,219,0
2021-12-03,Siskiyou,093,43540,3419,3398,1414,4812,57
2021-12-03,Solano,095,438530,46840,46529,1314,47843,360
2021-12-03,Sonoma,097,501317,43168,42778,580,43358,405
2021-12-03,Stanislaus,099,539301,82001,81462,9558,91020,1231
2021-12-03,Sutter,101,95872,14318,14258,410,14668,186
2021-12-03,Tehama,103,63373,8778,8742,1589,10331,131
2021-12-03,Trinity,105,12862,824,801,207,1008,17
2021-12-03,Tulare,107,460477,70443,70014,16916,86930,1100
2021-12-03,Tuolumne,109,53932,7746,7676,109,7785,91
2021-12-03,Ventura,111,848112,100582,99751,4575,104326,1192
2021-12-03,Yolo,113,214977,20552,20442,1304,21746,261
2021-12-03,Yuba,115,75493,10492,10418,393,10811,91
2021-12-02,Alameda,001,1643700,123275,122508,3138,125646,1494
2021-12-02,Alpine,003,1148,108,108,0,108,0
2021-12-02,Amador,005,37829,5771,5729,71,5800,67
2021-12-02,Butte,007,227075,21756,21638,3991,25629,318
2021-12-02,Calaveras,009,45235,4437,4392,65,4457,88
2021-12-02,Colusa,011,21464,2622,2600,694,3294,21
2021-12-02,Contra Costa,013,1133247,102312,101824,2437,104261,1056
2021-12-02,Del Norte,015,27424,3785,3726,58,3784,42
2021-12-02,El Dorado,017,186661,16761,16621,1837,18458,168
2021-12-02,Fresno,019,978130,145645,144734,12867,157601,2270
2021-12-02,Glenn,021,27897,3580,3559,1031,4590,36
2021-12-02,Humboldt,023,135768,9697,9596,719,10315,117
2021-12-02,Imperial,025,180216,35580,35206,3820,39026,776
2021-12-02,Inyo,027,18085,2562,2538,36,2574,46
2021-12-02,Kern,029,883053,132498,131771,24627,156398,1817
2021-12-02,Kings,031,150075,33420,33183,2188,35371,367
2021-12-02,Lake,033,64148,6944,6903,162,7065,113
2021-12-02,Lassen,035,31185,7044,7014,442,7456,51
2021-12-02,Los Angeles,037,10098052,1470351,1463270,59008,1522278,26952
2021-12-02,Madera,039,155013,24354,24188,2236,26424,307
2021-12-02,Marin,041,260295,18265,18075,534,18609,249
2021-12-02,Mariposa,043,17540,1443,1421,53,1474,6
2021-12-02,Mendocino,045,87422,8112,7981,671,8652,91
2021-12-02,Merced,047,269075,43588,43337,2040,45377,671
2021-12-02,Modoc,049,8938,594,591,202,793,6
2021-12-02,Mono,051,14174,1899,1883,20,1903,4
2021-12-02,Monterey,053,433212,48879,48682,4245,52927,626
2021-12-02,Napa,055,140530,13415,13327,120,13447,106
2021-12-02,Nevada,057,99092,9849,9752,360,10112,105
2021-12-02,Orange,059,3164182,315023,313112,16515,329627,5748
2021-12-02,Placer,061,380077,38847,38460,4013,42473,473
2021-12-02,Plumas,063,18699,1928,1903,55,1958,7
2021-12-02,Riverside,065,2383286,374405,371768,17447,389215,5381
2021-12-02,Sacramento,067,1510023,164883,163900,5208,169108,2365
2021-12-02,San Benito,069,59416,7730,7688,195,7883,78
2021-12-02,San Bernardino,071,2135413,366993,364154,12180,376334,5983
2021-12-02,San Diego,073,3302833,390753,386710,22605,409315,4350
2021-12-02,San Francisco,075,870044,54644,54286,2877,57163,674
2021-12-02,San Joaquin,077,732212,102817,102286,5857,108143,1835
2021-12-02,San Luis Obispo,079,281455,30492,30318,1362,31680,360
2021-12-02,San Mateo,081,765935,55091,54774,1875,56649,579
2021-12-02,Santa Barbara,083,443738,46152,45774,1762,47536,555
2021-12-02,Santa Clara,085,1922200,152464,151275,1641,152916,1928
2021-12-02,Santa Cruz,087,273765,21473,21286,1122,22408,224
2021-12-02,Shasta,089,179085,22571,22418,3804,26222,414
2021-12-02,Sierra,091,2930,199,196,23,219,0
2021-12-02,Siskiyou,093,43540,3418,3398,1407,4805,57
2021-12-02,Solano,095,438530,46789,46529,1312,47841,360
2021-12-02,Sonoma,097,501317,43098,42778,580,43358,405
2021-12-02,Stanislaus,099,539301,81905,81462,9549,91011,1231
2021-12-02,Sutter,101,95872,14305,14258,407,14665,186
2021-12-02,Tehama,103,63373,8772,8742,1587,10329,131
2021-12-02,Trinity,105,12862,824,801,207,1008,17
2021-12-02,Tulare,107,460477,70362,70014,16865,86879,1100
2021-12-02,Tuolumne,109,53932,7732,7676,108,7784,91
2021-12-02,Ventura,111,848112,100463,99751,4573,104324,1192
2021-12-02,Yolo,113,214977,20527,20442,1300,21742,261
2021-12-02,Yuba,115,75493,10476,10418,390,10808,91
2021-12-01,Alameda,001,1643700,123130,122298,3127,125425,1492
2021-12-01,Alpine,003,1148,108,108,0,108,0
2021-12-01,Amador,005,37829,5764,5723,71,5794,67
2021-12-01,Butte,007,227075,21736,21600,3987,25587,318
2021-12-01,Calaveras,009,45235,4432,4371,65,4436,88
2021-12-01,Colusa,011,21464,2615,2595,691,3286,20
2021-12-01,Contra Costa,013,1133247,102206,101651,2426,104077,1048
2021-12-01,Del Norte,015,27424,3783,3722,58,3780,42
2021-12-01,El Dorado,017,186661,16742,16575,1835,18410,166
2021-12-01,Fresno,019,978130,145443,144507,12860,157367,2264
2021-12-01,Glenn,021,27897,3570,3556,1030,4586,36
2021-12-01,Humboldt,023,135768,9673,9573,714,10287,117
2021-12-01,Imperial,025,180216,35501,35085,3794,38879,776
2021-12-01,Inyo,027,18085,2559,2533,36,2569,46
2021-12-01,Kern,029,883053,132356,131580,24573,156153,1804
2021-12-01,Kings,031,150075,33370,33112,2187,35299,364
2021-12-01,Lake,033,64148,6936,6896,161,7057,112
2021-12-01,Lassen,035,31185,7039,7008,440,7448,51
2021-12-01,Los Angeles,037,10098052,1468806,1461394,58909,1520303,26928
2021-12-01,Madera,039,155013,24322,24134,2227,26361,307
2021-12-01,Marin,041,260295,18228,18038,528,18566,249
2021-12-01,Mariposa,043,17540,1439,1415,53,1468,6
2021-12-01,Mendocino,045,87422,8098,7966,666,8632,90
2021-12-01,Merced,047,269075,43536,43259,2020,45279,670
2021-12-01,Modoc,049,8938,594,576,202,778,5
2021-12-01,Mono,051,14174,1898,1876,20,1896,4
2021-12-01,Monterey,053,433212,48833,48611,4233,52844,626
2021-12-01,Napa,055,140530,13398,13319,118,13437,107
2021-12-01,Nevada,057,99092,9836,9706,360,10066,105
2021-12-01,Orange,059,3164182,314674,312772,16478,329250,5735
2021-12-01,Placer,061,380077,38793,38373,4007,42380,472
2021-12-01,Plumas,063,18699,1924,1893,55,1948,7
2021-12-01,Riverside,065,2383286,373887,371189,17430,388619,5369
2021-12-01,Sacramento,067,1510023,164671,163616,5189,168805,2360
2021-12-01,San Benito,069,59416,7716,7669,195,7864,78
2021-12-01,San Bernardino,071,2135413,366430,363368,12158,375526,5973
2021-12-01,San Diego,073,3302833,389962,386056,22556,408612,4346
2021-12-01,San Francisco,075,870044,54566,54199,2870,57069,672
2021-12-01,San Joaquin,077,732212,102712,102109,5856,107965,1834
2021-12-01,San Luis Obispo,079,281455,30451,30238,1358,31596,360
2021-12-01,San Mateo,081,765935,55018,54711,1866,56577,579
2021-12-01,Santa Barbara,083,443738,46082,45681,1760,47441,554
2021-12-01,Santa Clara,085,1922200,152249,150961,1622,152583,1925
2021-12-01,Santa Cruz,087,273765,21443,21191,1121,22312,224
2021-12-01,Shasta,089,179085,22539,22375,3798,26173,410
2021-12-01,Sierra,091,2930,199,195,23,218,0
2021-12-01,Siskiyou,093,43540,3416,3391,1407,4798,55
2021-12-01,Solano,095,438530,46746,46485,1312,47797,360
2021-12-01,Sonoma,097,501317,43025,42713,579,43292,405
2021-12-01,Stanislaus,099,539301,81810,81330,9537,90867,1231
2021-12-01,Sutter,101,95872,14290,14229,406,14635,186
2021-12-01,Tehama,103,63373,8763,8728,1587,10315,130
2021-12-01,Trinity,105,12862,819,801,207,1008,17
2021-12-01,Tulare,107,460477,70288,69953,16822,86775,1098
2021-12-01,Tuolumne,109,53932,7724,7655,108,7763,91
2021-12-01,Ventura,111,848112,100366,99680,4562,104242,1191
2021-12-01,Yolo,113,214977,20501,20393,1299,21692,260
2021-12-01,Yuba,115,75493,10464,10401,389,10790,89
2021-11-30,Alameda,001,1643700,122967,122196,3115,125311,1489
2021-11-30,Alpine,003,1148,108,108,0,108,0
2021-11-30,Amador,005,37829,5756,5716,71,5787,66
2021-11-30,Butte,007,227075,21708,21565,3980,25545,318
2021-11-30,Calaveras,009,45235,4416,4360,65,4425,88
2021-11-30,Colusa,011,21464,2614,2592,690,3282,21
2021-11-30,Contra Costa,013,1133247,102073,101538,2416,103954,1046
2021-11-30,Del Norte,015,27424,3777,3718,58,3776,42
2021-11-30,El Dorado,017,186661,16718,16558,1828,18386,166
2021-11-30,Fresno,019,978130,145249,144384,12854,157238,2259
2021-11-30,Glenn,021,27897,3564,3555,1029,4584,36
2021-11-30,Humboldt,023,135768,9642,9539,708,10247,116
2021-11-30,Imperial,025,180216,35390,34999,3765,38764,773
2021-11-30,Inyo,027,18085,2550,2530,36,2566,46
2021-11-30,Kern,029,883053,132190,131451,24517,155968,1799
2021-11-30,Kings,031,150075,33320,33074,2181,35255,362
2021-11-30,Lake,033,64148,6931,6892,159,7051,110
2021-11-30,Lassen,035,31185,7035,7003,439,7442,51
2021-11-30,Los Angeles,037,10098052,1467042,1460177,58804,1518981,26913
2021-11-30,Madera,039,155013,24288,24108,2222,26330,307
2021-11-30,Marin,041,260295,18184,18010,527,18537,249
2021-11-30,Mariposa,043,17540,1433,1412,53,1465,6
2021-11-30,Mendocino,045,87422,8067,7960,660,8620,89
2021-11-30,Merced,047,269075,43468,43200,2013,45213,668
2021-11-30,Modoc,049,8938,593,576,202,778,5
2021-11-30,Mono,051,14174,1893,1873,20,1893,4
2021-11-30,Monterey,053,433212,48776,48581,4216,52797,626
2021-11-30,Napa,055,140530,13379,13308,117,13425,105
2021-11-30,Nevada,057,99092,9820,9699,359,10058,105
2021-11-30,Orange,059,3164182,314269,312451,16439,328890,5724
2021-11-30,Placer,061,380077,38693,38324,4000,42324,470
2021-11-30,Plumas,063,18699,1919,1887,54,1941,7
2021-11-30,Riverside,065,2383286,373206,370739,17405,388144,5358
2021-11-30,Sacramento,067,1510023,164406,163420,5161,168581,2353
2021-11-30,San Benito,069,59416,7694,7645,194,7839,78
2021-11-30,San Bernardino,071,2135413,365782,363006,12137,375143,5967
2021-11-30,San Diego,073,3302833,389035,385405,22514,407919,4340
2021-11-30,San Francisco,075,870044,54475,54147,2860,57007,672
2021-11-30,San Joaquin,077,732212,102588,101972,5848,107820,1834
2021-11-30,San Luis Obispo,079,281455,30423,30200,1355,31555,360
2021-11-30,San Mateo,081,765935,54939,54656,1840,56496,579
2021-11-30,Santa Barbara,083,443738,45987,45628,1754,47382,553
2021-11-30,Santa Clara,085,1922200,151995,150799,1604,152403,1929
2021-11-30,Santa Cruz,087,273765,21385,21169,1117,22286,224
2021-11-30,Shasta,089,179085,22509,22347,3795,26142,401
2021-11-30,Sierra,091,2930,196,195,23,218,0
2021-11-30,Siskiyou,093,43540,3412,3385,1404,4789,55
2021-11-30,Solano,095,438530,46683,46434,1306,47740,358
2021-11-30,Sonoma,097,501317,42950,42663,578,43241,405
2021-11-30,Stanislaus,099,539301,81710,81276,9510,90786,1227
2021-11-30,Sutter,101,95872,14280,14210,403,14613,186
2021-11-30,Tehama,103,63373,8756,8727,1586,10313,130
2021-11-30,Trinity,105,12862,818,799,207,1006,17
2021-11-30,Tulare,107,460477,70201,69900,16775,86675,1099
2021-11-30,Tuolumne,109,53932,7710,7643,108,7751,91
2021-11-30,Ventura,111,848112,100217,99601,4550,104151,1191
2021-11-30,Yolo,113,214977,20463,20376,1293,21669,260
2021-11-30,Yuba,115,75493,10448,10398,383,10781,89
2021-11-29,Alameda,001,1643700,122813,122136,3104,125240,1489
2021-11-29,Alpine,003,1148,108,108,0,108,0
2021-11-29,Amador,005,37829,5749,5706,71,5777,66
2021-11-29,Butte,007,227075,21681,21544,3975,25519,314
2021-11-29,Calaveras,009,45235,4400,4353,65,4418,88
2021-11-29,Colusa,011,21464,2612,2585,687,3272,20
2021-11-29,Contra Costa,013,1133247,101929,101441,2408,103849,1046
2021-11-29,Del Norte,015,27424,3772,3704,58,3762,42
2021-11-29,El Dorado,017,186661,16700,16534,1823,18357,166
2021-11-29,Fresno,019,978130,145046,144282,12839,157121,2254
2021-11-29,Glenn,021,27897,3561,3555,1028,4583,36
2021-11-29,Humboldt,023,135768,9625,9514,701,10215,115
2021-11-29,Imperial,025,180216,35325,34960,3746,38706,773
2021-11-29,Inyo,027,18085,2545,2529,36,2565,46
2021-11-29,Kern,029,883053,132006,131362,24474,155836,1789
2021-11-29,Kings,031,150075,33267,33059,2177,35236,363
2021-11-29,Lake,033,64148,6919,6889,158,7047,110
2021-11-29,Lassen,035,31185,7033,7003,437,7440,51
2021-11-29,Los Angeles,037,10098052,1465224,1459446,58718,1518164,26889
2021-11-29,Madera,039,155013,24250,24069,2213,26282,307
2021-11-29,Marin,041,260295,18138,17980,522,18502,249
2021-11-29,Mariposa,043,17540,1425,1409,53,1462,6
2021-11-29,Mendocino,045,87422,8050,7954,656,8610,89
2021-11-29,Merced,047,269075,43393,43167,2006,45173,667
2021-11-29,Modoc,049,8938,592,569,202,771,5
2021-11-29,Mono,051,14174,1872,1859,20,1879,4
2021-11-29,Monterey,053,433212,48725,48548,4189,52737,626
2021-11-29,Napa,055,140530,13369,13304,117,13421,104
2021-11-29,Nevada,057,99092,9806,9689,359,10048,105
2021-11-29,Orange,059,3164182,313873,312203,16397,328600,5709
2021-11-29,Placer,061,380077,38628,38261,3995,42256,470
2021-11-29,Plumas,063,18699,1916,1884,54,1938,7
2021-11-29,Riverside,065,2383286,372676,370334,17394,387728,5358
2021-11-29,Sacramento,067,1510023,164155,163282,5127,168409,2342
2021-11-29,San Benito,069,59416,7675,7631,193,7824,77
2021-11-29,San Bernardino,071,2135413,365192,362694,12105,374799,5962
2021-11-29,San Diego,073,3302833,388148,384853,22483,407336,4335
2021-11-29,San Francisco,075,870044,54382,54125,2856,56981,669
2021-11-29,San Joaquin,077,732212,102454,101927,5839,107766,1834
2021-11-29,San Luis Obispo,079,281455,30389,30165,1352,31517,359
2021-11-29,San Mateo,081,765935,54850,54622,1827,56449,579
2021-11-29,Santa Barbara,083,443738,45891,45576,1750,47326,549
2021-11-29,Santa Clara,085,1922200,151727,150620,1598,152218,1925
2021-11-29,Santa Cruz,087,273765,21347,21149,1115,22264,224
2021-11-29,Shasta,089,179085,22475,22315,3791,26106,399
2021-11-29,Sierra,091,2930,196,195,23,218,0
2021-11-29,Siskiyou,093,43540,3409,3374,1397,4771,55
2021-11-29,Solano,095,438530,46637,46412,1304,47716,357
2021-11-29,Sonoma,097,501317,42878,42624,575,43199,405
2021-11-29,Stanislaus,099,539301,81632,81227,9493,90720,1223
2021-11-29,Sutter,101,95872,14264,14204,400,14604,186
2021-11-29,Tehama,103,63373,8751,8720,1581,10301,130
2021-11-29,Trinity,105,12862,813,798,207,1005,17
2021-11-29,Tulare,107,460477,70129,69850,16739,86589,1096
2021-11-29,Tuolumne,109,53932,7697,7627,107,7734,90
2021-11-29,Ventura,111,848112,100097,99520,4540,104060,1190
2021-11-29,Yolo,113,214977,20420,20344,1291,21635,257
2021-11-29,Yuba,115,75493,10432,10395,382,10777,89
2021-11-28,Alameda,001,1643700,122606,122082,3096,125178,1491
2021-11-28,Alpine,003,1148,108,108,0,108,0
2021-11-28,Amador,005,37829,5739,5703,71,5774,66
2021-11-28,Butte,007,227075,21644,21530,3973,25503,313
2021-11-28,Calaveras,009,45235,4378,4350,65,4415,88
2021-11-28,Colusa,011,21464,2608,2586,686,3272,19
2021-11-28,Contra Costa,013,1133247,101761,101355,2396,103751,1046
2021-11-28,Del Norte,015,27424,3767,3703,58,3761,42
2021-11-28,El Dorado,017,186661,16660,16527,1822,18349,166
2021-11-28,Fresno,019,978130,144802,144164,12818,156982,2252
2021-11-28,Glenn,021,27897,3558,3547,1028,4575,36
2021-11-28,Humboldt,023,135768,9593,9499,697,10196,115
2021-11-28,Imperial,025,180216,35218,34929,3722,38651,773
2021-11-28,Inyo,027,18085,2538,2531,36,2567,46
2021-11-28,Kern,029,883053,131799,131279,24417,155696,1789
2021-11-28,Kings,031,150075,33192,33057,2170,35227,364
2021-11-28,Lake,033,64148,6910,6885,156,7041,110
2021-11-28,Lassen,035,31185,7026,7002,433,7435,51
2021-11-28,Los Angeles,037,10098052,1463130,1458646,58629,1517275,26878
2021-11-28,Madera,039,155013,24203,24055,2205,26260,307
2021-11-28,Marin,041,260295,18091,17962,518,18480,249
2021-11-28,Mariposa,043,17540,1421,1406,53,1459,6
2021-11-28,Mendocino,045,87422,8020,7943,651,8594,89
2021-11-28,Merced,047,269075,43329,43166,1989,45155,667
2021-11-28,Modoc,049,8938,591,569,202,771,5
2021-11-28,Mono,051,14174,1867,1841,20,1861,4
2021-11-28,Monterey,053,433212,48669,48537,4159,52696,626
2021-11-28,Napa,055,140530,13357,13303,117,13420,104
2021-11-28,Nevada,057,99092,9777,9684,358,10042,105
2021-11-28,Orange,059,3164182,313498,312028,16358,328386,5693
2021-11-28,Placer,061,380077,38548,38240,3975,42215,470
2021-11-28,Plumas,063,18699,1910,1884,53,1937,7
2021-11-28,Riverside,065,2383286,372020,370051,17373,387424,5358
2021-11-28,Sacramento,067,1510023,163807,163170,5101,168271,2335
2021-11-28,San Benito,069,59416,7657,7623,192,7815,77
2021-11-28,San Bernardino,071,2135413,364478,362407,12081,374488,5958
2021-11-28,San Diego,073,3302833,387263,383025,22419,405444,4325
2021-11-28,San Francisco,075,870044,54311,54082,2850,56932,669
2021-11-28,San Joaquin,077,732212,102271,101895,5822,107717,1834
2021-11-28,San Luis Obispo,079,281455,30321,30152,1348,31500,358
2021-11-28,San Mateo,081,765935,54767,54567,1816,56383,579
2021-11-28,Santa Barbara,083,443738,45813,45551,1739,47290,549
2021-11-28,Santa Clara,085,1922200,151425,150436,1582,152018,1920
2021-11-28,Santa Cruz,087,273765,21276,21110,1114,22224,224
2021-11-28,Shasta,089,179085,22435,22316,3789,26105,400
2021-11-28,Sierra,091,2930,196,195,23,218,0
2021-11-28,Siskiyou,093,43540,3403,3372,1393,4765,55
2021-11-28,Solano,095,438530,46578,46385,1303,47688,356
2021-11-28,Sonoma,097,501317,42794,42583,572,43155,405
2021-11-28,Stanislaus,099,539301,81508,81181,9477,90658,1223
2021-11-28,Sutter,101,95872,14243,14192,394,14586,186
2021-11-28,Tehama,103,63373,8743,8720,1577,10297,130
2021-11-28,Trinity,105,12862,813,797,207,1004,17
2021-11-28,Tulare,107,460477,70034,69833,16684,86517,1095
2021-11-28,Tuolumne,109,53932,7677,7620,107,7727,90
2021-11-28,Ventura,111,848112,99943,99486,4531,104017,1190
2021-11-28,Yolo,113,214977,20378,20333,1290,21623,257
2021-11-28,Yuba,115,75493,10415,10391,380,10771,89
2021-11-27,Alameda,001,1643700,122514,121618,3091,124709,1477
2021-11-27,Alpine,003,1148,108,106,0,106,0
2021-11-27,Amador,005,37829,5738,5670,71,5741,66
2021-11-27,Butte,007,227075,21621,21384,3970,25354,309
2021-11-27,Calaveras,009,45235,4372,4294,65,4359,85
2021-11-27,Colusa,011,21464,2607,2568,684,3252,19
2021-11-27,Contra Costa,013,1133247,101679,100961,2394,103355,1045
2021-11-27,Del Norte,015,27424,3760,3661,58,3719,42
2021-11-27,El Dorado,017,186661,16625,16399,1821,18220,161
2021-11-27,Fresno,019,978130,144696,143386,12814,156200,2246
2021-11-27,Glenn,021,27897,3556,3532,1028,4560,36
2021-11-27,Humboldt,023,135768,9567,9399,694,10093,115
2021-11-27,Imperial,025,180216,35136,34611,3708,38319,769
2021-11-27,Inyo,027,18085,2535,2506,36,2542,45
2021-11-27,Kern,029,883053,131716,130245,24387,154632,1773
2021-11-27,Kings,031,150075,33170,32891,2168,35059,358
2021-11-27,Lake,033,64148,6908,6836,154,6990,110
2021-11-27,Lassen,035,31185,7024,6959,432,7391,47
2021-11-27,Los Angeles,037,10098052,1462157,1454495,58553,1513048,26817
2021-11-27,Madera,039,155013,24183,23880,2201,26081,296
2021-11-27,Marin,041,260295,18053,17857,513,18370,248
2021-11-27,Mariposa,043,17540,1419,1374,53,1427,6
2021-11-27,Mendocino,045,87422,8001,7871,651,8522,89
2021-11-27,Merced,047,269075,43294,42921,1986,44907,664
2021-11-27,Modoc,049,8938,589,551,202,753,5
2021-11-27,Mono,051,14174,1866,1810,20,1830,4
2021-11-27,Monterey,053,433212,48641,48400,4140,52540,625
2021-11-27,Napa,055,140530,13343,13256,117,13373,104
2021-11-27,Nevada,057,99092,9755,9584,357,9941,103
2021-11-27,Orange,059,3164182,313251,310809,16325,327134,5665
2021-11-27,Placer,061,380077,38488,38001,3968,41969,468
2021-11-27,Plumas,063,18699,1906,1860,53,1913,7
2021-11-27,Riverside,065,2383286,371662,367601,17366,384967,5306
2021-11-27,Sacramento,067,1510023,163653,162328,5097,167425,2335
2021-11-27,San Benito,069,59416,7640,7575,192,7767,77
2021-11-27,San Bernardino,071,2135413,364048,360033,12074,372107,5932
2021-11-27,San Diego,073,3302833,386764,382634,22393,405027,4319
2021-11-27,San Francisco,075,870044,54264,53830,2845,56675,669
2021-11-27,San Joaquin,077,732212,102205,101368,5820,107188,1833
2021-11-27,San Luis Obispo,079,281455,30290,29983,1347,31330,358
2021-11-27,San Mateo,081,765935,54718,54360,1807,56167,577
2021-11-27,Santa Barbara,083,443738,45759,45318,1737,47055,548
2021-11-27,Santa Clara,085,1922200,151222,149700,1576,151276,1922
2021-11-27,Santa Cruz,087,273765,21237,20929,1111,22040,222
2021-11-27,Shasta,089,179085,22413,22151,3788,25939,396
2021-11-27,Sierra,091,2930,195,194,23,217,0
2021-11-27,Siskiyou,093,43540,3400,3336,1390,4726,54
2021-11-27,Solano,095,438530,46542,46163,1300,47463,356
2021-11-27,Sonoma,097,501317,42731,42368,572,42940,405
2021-11-27,Stanislaus,099,539301,81435,80782,9458,90240,1220
2021-11-27,Sutter,101,95872,14235,14127,393,14520,181
2021-11-27,Tehama,103,63373,8741,8675,1576,10251,129
2021-11-27,Trinity,105,12862,813,789,207,996,17
2021-11-27,Tulare,107,460477,69984,69377,16666,86043,1082
2021-11-27,Tuolumne,109,53932,7664,7574,107,7681,90
2021-11-27,Ventura,111,848112,99869,99163,4523,103686,1188
2021-11-27,Yolo,113,214977,20358,20237,1281,21518,257
2021-11-27,Yuba,115,75493,10405,10335,380,10715,88
2021-11-26,Alameda,001,1643700,122411,121618,3089,124707,1477
2021-11-26,Alpine,003,1148,108,106,0,106,0
2021-11-26,Amador,005,37829,5734,5670,71,5741,66
2021-11-26,Butte,007,227075,21598,21384,3966,25350,309
2021-11-26,Calaveras,009,45235,4363,4294,65,4359,85
2021-11-26,Colusa,011,21464,2605,2568,683,3251,19
2021-11-26,Contra Costa,013,1133247,101592,100961,2390,103351,1045
2021-11-26,Del Norte,015,27424,3757,3661,58,3719,42
2021-11-26,El Dorado,017,186661,16608,16399,1817,18216,161
2021-11-26,Fresno,019,978130,144564,143386,12805,156191,2246
2021-11-26,Glenn,021,27897,3549,3532,1028,4560,36
2021-11-26,Humboldt,023,135768,9549,9399,690,10089,115
2021-11-26,Imperial,025,180216,35079,34611,3694,38305,769
2021-11-26,Inyo,027,18085,2535,2506,36,2542,45
2021-11-26,Kern,029,883053,131633,130245,24343,154588,1773
2021-11-26,Kings,031,150075,33146,32891,2166,35057,358
2021-11-26,Lake,033,64148,6905,6836,154,6990,110
2021-11-26,Lassen,035,31185,7018,6959,432,7391,47
2021-11-26,Los Angeles,037,10098052,1461328,1454495,58495,1512990,26817
2021-11-26,Madera,039,155013,24156,23880,2199,26079,296
2021-11-26,Marin,041,260295,18024,17857,513,18370,248
2021-11-26,Mariposa,043,17540,1413,1374,52,1426,6
2021-11-26,Mendocino,045,87422,7991,7871,651,8522,89
2021-11-26,Merced,047,269075,43264,42921,1981,44902,664
2021-11-26,Modoc,049,8938,587,551,202,753,5
2021-11-26,Mono,051,14174,1854,1810,20,1830,4
2021-11-26,Monterey,053,433212,48610,48400,4122,52522,625
2021-11-26,Napa,055,140530,13327,13256,117,13373,104
2021-11-26,Nevada,057,99092,9744,9584,357,9941,103
2021-11-26,Orange,059,3164182,312986,310809,16294,327103,5665
2021-11-26,Placer,061,380077,38444,38001,3960,41961,468
2021-11-26,Plumas,063,18699,1901,1860,53,1913,7
2021-11-26,Riverside,065,2383286,371261,367601,17358,384959,5306
2021-11-26,Sacramento,067,1510023,163542,162328,5092,167420,2335
2021-11-26,San Benito,069,59416,7632,7575,192,7767,77
2021-11-26,San Bernardino,071,2135413,363624,360033,12069,372102,5932
2021-11-26,San Diego,073,3302833,386206,382634,22381,405015,4319
2021-11-26,San Francisco,075,870044,54219,53830,2840,56670,669
2021-11-26,San Joaquin,077,732212,102149,101368,5818,107186,1833
2021-11-26,San Luis Obispo,079,281455,30251,29983,1344,31327,358
2021-11-26,San Mateo,081,765935,54665,54360,1800,56160,577
2021-11-26,Santa Barbara,083,443738,45713,45318,1736,47054,548
2021-11-26,Santa Clara,085,1922200,151055,149700,1567,151267,1922
2021-11-26,Santa Cruz,087,273765,21198,20929,1110,22039,222
2021-11-26,Shasta,089,179085,22394,22151,3786,25937,396
2021-11-26,Sierra,091,2930,195,194,23,217,0
2021-11-26,Siskiyou,093,43540,3397,3336,1389,4725,54
2021-11-26,Solano,095,438530,46506,46163,1299,47462,356
2021-11-26,Sonoma,097,501317,42683,42368,570,42938,405
2021-11-26,Stanislaus,099,539301,81360,80782,9448,90230,1220
2021-11-26,Sutter,101,95872,14222,14127,392,14519,181
2021-11-26,Tehama,103,63373,8739,8675,1575,10250,129
2021-11-26,Trinity,105,12862,812,789,207,996,17
2021-11-26,Tulare,107,460477,69944,69377,16632,86009,1082
2021-11-26,Tuolumne,109,53932,7655,7574,107,7681,90
2021-11-26,Ventura,111,848112,99789,99163,4520,103683,1188
2021-11-26,Yolo,113,214977,20338,20237,1275,21512,257
2021-11-26,Yuba,115,75493,10399,10335,380,10715,88
2021-11-25,Alameda,001,1643700,122305,121618,3085,124703,1477
2021-11-25,Alpine,003,1148,108,106,0,106,0
2021-11-25,Amador,005,37829,5726,5670,71,5741,66
2021-11-25,Butte,007,227075,21580,21384,3966,25350,309
2021-11-25,Calaveras,009,45235,4358,4294,65,4359,85
2021-11-25,Colusa,011,21464,2602,2568,681,3249,19
2021-11-25,Contra Costa,013,1133247,101489,100961,2386,103347,1045
2021-11-25,Del Norte,015,27424,3752,3661,58,3719,42
2021-11-25,El Dorado,017,186661,16590,16399,1816,18215,161
2021-11-25,Fresno,019,978130,144431,143386,12798,156184,2246
2021-11-25,Glenn,021,27897,3549,3532,1028,4560,36
2021-11-25,Humboldt,023,135768,9530,9399,687,10086,115
2021-11-25,Imperial,025,180216,35036,34611,3682,38293,769
2021-11-25,Inyo,027,18085,2533,2506,36,2542,45
2021-11-25,Kern,029,883053,131534,130245,24298,154543,1773
2021-11-25,Kings,031,150075,33118,32891,2165,35056,358
2021-11-25,Lake,033,64148,6898,6836,154,6990,110
2021-11-25,Lassen,035,31185,7016,6959,431,7390,47
2021-11-25,Los Angeles,037,10098052,1460377,1454495,58435,1512930,26817
2021-11-25,Madera,039,155013,24121,23880,2198,26078,296
2021-11-25,Marin,041,260295,17999,17857,507,18364,248
2021-11-25,Mariposa,043,17540,1410,1374,52,1426,6
2021-11-25,Mendocino,045,87422,7973,7871,651,8522,89
2021-11-25,Merced,047,269075,43226,42921,1976,44897,664
2021-11-25,Modoc,049,8938,586,551,202,753,5
2021-11-25,Mono,051,14174,1842,1810,20,1830,4
2021-11-25,Monterey,053,433212,48571,48400,4108,52508,625
2021-11-25,Napa,055,140530,13319,13256,117,13373,104
2021-11-25,Nevada,057,99092,9727,9584,354,9938,103
2021-11-25,Orange,059,3164182,312722,310809,16266,327075,5665
2021-11-25,Placer,061,380077,38398,38001,3953,41954,468
2021-11-25,Plumas,063,18699,1899,1860,53,1913,7
2021-11-25,Riverside,065,2383286,370849,367601,17351,384952,5306
2021-11-25,Sacramento,067,1510023,163361,162328,5086,167414,2335
2021-11-25,San Benito,069,59416,7625,7575,192,7767,77
2021-11-25,San Bernardino,071,2135413,363233,360033,12056,372089,5932
2021-11-25,San Diego,073,3302833,385760,382634,22360,404994,4319
2021-11-25,San Francisco,075,870044,54170,53830,2837,56667,669
2021-11-25,San Joaquin,077,732212,102065,101368,5814,107182,1833
2021-11-25,San Luis Obispo,079,281455,30222,29983,1341,31324,358
2021-11-25,San Mateo,081,765935,54618,54360,1795,56155,577
2021-11-25,Santa Barbara,083,443738,45676,45318,1734,47052,548
2021-11-25,Santa Clara,085,1922200,150899,149700,1562,151262,1922
2021-11-25,Santa Cruz,087,273765,21166,20929,1110,22039,222
2021-11-25,Shasta,089,179085,22368,22151,3786,25937,396
2021-11-25,Sierra,091,2930,195,194,23,217,0
2021-11-25,Siskiyou,093,43540,3394,3336,1389,4725,54
2021-11-25,Solano,095,438530,46469,46163,1298,47461,356
2021-11-25,Sonoma,097,501317,42628,42368,566,42934,405
2021-11-25,Stanislaus,099,539301,81289,80782,9434,90216,1220
2021-11-25,Sutter,101,95872,14206,14127,391,14518,181
2021-11-25,Tehama,103,63373,8731,8675,1575,10250,129
2021-11-25,Trinity,105,12862,812,789,207,996,17
2021-11-25,Tulare,107,460477,69880,69377,16604,85981,1082
2021-11-25,Tuolumne,109,53932,7644,7574,107,7681,90
2021-11-25,Ventura,111,848112,99721,99163,4517,103680,1188
2021-11-25,Yolo,113,214977,20310,20237,1271,21508,257
2021-11-25,Yuba,115,75493,10390,10335,379,10714,88
2021-11-24,Alameda,001,1643700,122241,121618,3081,124699,1477
2021-11-24,Alpine,003,1148,108,106,0,106,0
2021-11-24,Amador,005,37829,5716,5670,71,5741,66
2021-11-24,Butte,007,227075,21565,21384,3965,25349,309
2021-11-24,Calaveras,009,45235,4351,4294,65,4359,85
2021-11-24,Colusa,011,21464,2602,2568,680,3248,19
2021-11-24,Contra Costa,013,1133247,101452,100961,2383,103344,1045
2021-11-24,Del Norte,015,27424,3749,3661,58,3719,42
2021-11-24,El Dorado,017,186661,16578,16399,1815,18214,161
2021-11-24,Fresno,019,978130,144376,143386,12798,156184,2246
2021-11-24,Glenn,021,27897,3548,3532,1027,4559,36
2021-11-24,Humboldt,023,135768,9517,9399,687,10086,115
2021-11-24,Imperial,025,180216,35009,34611,3676,38287,769
2021-11-24,Inyo,027,18085,2530,2506,36,2542,45
2021-11-24,Kern,029,883053,131470,130245,24286,154531,1773
2021-11-24,Kings,031,150075,33105,32891,2163,35054,358
2021-11-24,Lake,033,64148,6894,6836,154,6990,110
2021-11-24,Lassen,035,31185,7016,6959,431,7390,47
2021-11-24,Los Angeles,037,10098052,1459901,1454495,58391,1512886,26817
2021-11-24,Madera,039,155013,24098,23880,2192,26072,296
2021-11-24,Marin,041,260295,17987,17857,505,18362,248
2021-11-24,Mariposa,043,17540,1410,1374,52,1426,6
2021-11-24,Mendocino,045,87422,7961,7871,651,8522,89
2021-11-24,Merced,047,269075,43193,42921,1973,44894,664
2021-11-24,Modoc,049,8938,586,551,202,753,5
2021-11-24,Mono,051,14174,1841,1810,20,1830,4
2021-11-24,Monterey,053,433212,48563,48400,4101,52501,625
2021-11-24,Napa,055,140530,13315,13256,117,13373,104
2021-11-24,Nevada,057,99092,9712,9584,354,9938,103
2021-11-24,Orange,059,3164182,312567,310809,16254,327063,5665
2021-11-24,Placer,061,380077,38366,38001,3951,41952,468
2021-11-24,Plumas,063,18699,1897,1860,53,1913,7
2021-11-24,Riverside,065,2383286,370672,367601,17345,384946,5306
2021-11-24,Sacramento,067,1510023,163290,162328,5086,167414,2335
2021-11-24,San Benito,069,59416,7623,7575,192,7767,77
2021-11-24,San Bernardino,071,2135413,363028,360033,12045,372078,5932
2021-11-24,San Diego,073,3302833,385511,382634,22347,404981,4319
2021-11-24,San Francisco,075,870044,54139,53830,2835,56665,669
2021-11-24,San Joaquin,077,732212,102025,101368,5811,107179,1833
2021-11-24,San Luis Obispo,079,281455,30204,29983,1341,31324,358
2021-11-24,San Mateo,081,765935,54589,54360,1794,56154,577
2021-11-24,Santa Barbara,083,443738,45650,45318,1734,47052,548
2021-11-24,Santa Clara,085,1922200,150804,149700,1562,151262,1922
2021-11-24,Santa Cruz,087,273765,21142,20929,1109,22038,222
2021-11-24,Shasta,089,179085,22357,22151,3783,25934,396
2021-11-24,Sierra,091,2930,195,194,23,217,0
2021-11-24,Siskiyou,093,43540,3392,3336,1389,4725,54
2021-11-24,Solano,095,438530,46441,46163,1296,47459,356
2021-11-24,Sonoma,097,501317,42599,42368,564,42932,405
2021-11-24,Stanislaus,099,539301,81252,80782,9429,90211,1220
2021-11-24,Sutter,101,95872,14193,14127,389,14516,181
2021-11-24,Tehama,103,63373,8728,8675,1574,10249,129
2021-11-24,Trinity,105,12862,812,789,207,996,17
2021-11-24,Tulare,107,460477,69861,69377,16584,85961,1082
2021-11-24,Tuolumne,109,53932,7640,7574,107,7681,90
2021-11-24,Ventura,111,848112,99686,99163,4513,103676,1188
2021-11-24,Yolo,113,214977,20302,20237,1270,21507,257
2021-11-24,Yuba,115,75493,10387,10335,377,10712,88
2021-11-23,Alameda,001,1643700,122132,121618,3072,124690,1477
2021-11-23,Alpine,003,1148,108,106,0,106,0
2021-11-23,Amador,005,37829,5709,5670,71,5741,66
2021-11-23,Butte,007,227075,21536,21384,3962,25346,309
2021-11-23,Calaveras,009,45235,4345,4294,64,4358,85
2021-11-23,Colusa,011,21464,2598,2568,679,3247,19
2021-11-23,Contra Costa,013,1133247,101347,100961,2380,103341,1045
2021-11-23,Del Norte,015,27424,3746,3661,58,3719,42
2021-11-23,El Dorado,017,186661,16547,16399,1812,18211,161
2021-11-23,Fresno,019,978130,144240,143386,12788,156174,2246
2021-11-23,Glenn,021,27897,3542,3532,1027,4559,36
2021-11-23,Humboldt,023,135768,9493,9399,684,10083,115
2021-11-23,Imperial,025,180216,34940,34611,3655,38266,769
2021-11-23,Inyo,027,18085,2526,2506,36,2542,45
2021-11-23,Kern,029,883053,131368,130245,24238,154483,1773
2021-11-23,Kings,031,150075,33065,32891,2162,35053,358
2021-11-23,Lake,033,64148,6889,6836,154,6990,110
2021-11-23,Lassen,035,31185,7012,6959,428,7387,47
2021-11-23,Los Angeles,037,10098052,1458898,1454495,58328,1512823,26817
2021-11-23,Madera,039,155013,24072,23880,2190,26070,296
2021-11-23,Marin,041,260295,17956,17857,501,18358,248
2021-11-23,Mariposa,043,17540,1407,1374,52,1426,6
2021-11-23,Mendocino,045,87422,7940,7871,648,8519,89
2021-11-23,Merced,047,269075,43156,42921,1972,44893,664
2021-11-23,Modoc,049,8938,584,551,202,753,5
2021-11-23,Mono,051,14174,1831,1810,19,1829,4
2021-11-23,Monterey,053,433212,48537,48400,4087,52487,625
2021-11-23,Napa,055,140530,13306,13256,117,13373,104
2021-11-23,Nevada,057,99092,9684,9584,353,9937,103
2021-11-23,Orange,059,3164182,312316,310809,16220,327029,5665
2021-11-23,Placer,061,380077,38308,38001,3934,41935,468
2021-11-23,Plumas,063,18699,1893,1860,53,1913,7
2021-11-23,Riverside,065,2383286,370291,367601,17332,384933,5306
2021-11-23,Sacramento,067,1510023,163109,162328,5073,167401,2335
2021-11-23,San Benito,069,59416,7614,7575,190,7765,77
2021-11-23,San Bernardino,071,2135413,362616,360033,12032,372065,5932
2021-11-23,San Diego,073,3302833,385027,382634,22323,404957,4319
2021-11-23,San Francisco,075,870044,54081,53830,2830,56660,669
2021-11-23,San Joaquin,077,732212,101919,101368,5801,107169,1833
2021-11-23,San Luis Obispo,079,281455,30172,29983,1338,31321,358
2021-11-23,San Mateo,081,765935,54545,54360,1786,56146,577
2021-11-23,Santa Barbara,083,443738,45599,45318,1734,47052,548
2021-11-23,Santa Clara,085,1922200,150595,149700,1550,151250,1922
2021-11-23,Santa Cruz,087,273765,21104,20929,1109,22038,222
2021-11-23,Shasta,089,179085,22322,22151,3782,25933,396
2021-11-23,Sierra,091,2930,195,194,23,217,0
2021-11-23,Siskiyou,093,43540,3387,3336,1388,4724,54
2021-11-23,Solano,095,438530,46387,46163,1292,47455,356
2021-11-23,Sonoma,097,501317,42548,42368,561,42929,405
2021-11-23,Stanislaus,099,539301,81182,80782,9416,90198,1220
2021-11-23,Sutter,101,95872,14177,14127,388,14515,181
2021-11-23,Tehama,103,63373,8715,8675,1573,10248,129
2021-11-23,Trinity,105,12862,811,789,207,996,17
2021-11-23,Tulare,107,460477,69812,69377,16554,85931,1082
2021-11-23,Tuolumne,109,53932,7629,7574,107,7681,90
2021-11-23,Ventura,111,848112,99603,99163,4508,103671,1188
2021-11-23,Yolo,113,214977,20282,20237,1262,21499,257
2021-11-23,Yuba,115,75493,10375,10335,377,10712,88
2021-11-22,Alameda,001,1643700,122021,121566,3069,124635,1475
2021-11-22,Alpine,003,1148,108,106,0,106,0
2021-11-22,Amador,005,37829,5696,5670,71,5741,66
2021-11-22,Butte,007,227075,21497,21363,3957,25320,305
2021-11-22,Calaveras,009,45235,4333,4294,64,4358,84
2021-11-22,Colusa,011,21464,2595,2565,679,3244,19
2021-11-22,Contra Costa,013,1133247,101260,100877,2375,103252,1045
2021-11-22,Del Norte,015,27424,3743,3659,58,3717,42
2021-11-22,El Dorado,017,186661,16525,16378,1809,18187,161
2021-11-22,Fresno,019,978130,144109,143290,12782,156072,2243
2021-11-22,Glenn,021,27897,3537,3530,1026,4556,36
2021-11-22,Humboldt,023,135768,9467,9389,679,10068,115
2021-11-22,Imperial,025,180216,34878,34562,3641,38203,766
2021-11-22,Inyo,027,18085,2520,2501,36,2537,44
2021-11-22,Kern,029,883053,131207,130091,24188,154279,1762
2021-11-22,Kings,031,150075,33028,32867,2157,35024,358
2021-11-22,Lake,033,64148,6884,6837,154,6991,110
2021-11-22,Lassen,035,31185,7011,6954,427,7381,47
2021-11-22,Los Angeles,037,10098052,1457845,1453945,58250,1512195,26800
2021-11-22,Madera,039,155013,24038,23872,2184,26056,296
2021-11-22,Marin,041,260295,17926,17842,499,18341,248
2021-11-22,Mariposa,043,17540,1403,1372,52,1424,6
2021-11-22,Mendocino,045,87422,7924,7859,647,8506,89
2021-11-22,Merced,047,269075,43106,42898,1960,44858,660
2021-11-22,Modoc,049,8938,583,551,202,753,5
2021-11-22,Mono,051,14174,1817,1809,19,1828,4
2021-11-22,Monterey,053,433212,48517,48374,4076,52450,611
2021-11-22,Napa,055,140530,13298,13255,116,13371,104
2021-11-22,Nevada,057,99092,9665,9575,351,9926,96
2021-11-22,Orange,059,3164182,312073,310654,16194,326848,5663
2021-11-22,Placer,061,380077,38263,37956,3926,41882,465
2021-11-22,Plumas,063,18699,1890,1858,53,1911,7
2021-11-22,Riverside,065,2383286,369857,367301,17322,384623,5283
2021-11-22,Sacramento,067,1510023,162917,162222,5064,167286,2328
2021-11-22,San Benito,069,59416,7594,7567,190,7757,77
2021-11-22,San Bernardino,071,2135413,362211,359851,12023,371874,5916
2021-11-22,San Diego,073,3302833,384537,382132,22297,404429,4317
2021-11-22,San Francisco,075,870044,53992,53778,2822,56600,669
2021-11-22,San Joaquin,077,732212,101794,101299,5796,107095,1833
2021-11-22,San Luis Obispo,079,281455,30146,29963,1337,31300,358
2021-11-22,San Mateo,081,765935,54491,54330,1781,56111,577
2021-11-22,Santa Barbara,083,443738,45532,45279,1734,47013,546
2021-11-22,Santa Clara,085,1922200,150410,149541,1540,151081,1919
2021-11-22,Santa Cruz,087,273765,21063,20891,1109,22000,222
2021-11-22,Shasta,089,179085,22309,22116,3778,25894,393
2021-11-22,Sierra,091,2930,195,193,23,216,0
2021-11-22,Siskiyou,093,43540,3381,3336,1386,4722,54
2021-11-22,Solano,095,438530,46340,46153,1290,47443,356
2021-11-22,Sonoma,097,501317,42493,42344,560,42904,404
2021-11-22,Stanislaus,099,539301,81094,80718,9407,90125,1209
2021-11-22,Sutter,101,95872,14161,14125,386,14511,181
2021-11-22,Tehama,103,63373,8709,8669,1568,10237,127
2021-11-22,Trinity,105,12862,810,785,207,992,17
2021-11-22,Tulare,107,460477,69749,69314,16519,85833,1075
2021-11-22,Tuolumne,109,53932,7614,7567,107,7674,90
2021-11-22,Ventura,111,848112,99536,99114,4505,103619,1186
2021-11-22,Yolo,113,214977,20259,20227,1260,21487,257
2021-11-22,Yuba,115,75493,10366,10332,376,10708,88
2021-11-21,Alameda,001,1643700,121901,121443,3065,124508,1475
2021-11-21,Alpine,003,1148,106,106,0,106,0
2021-11-21,Amador,005,37829,5691,5662,70,5732,66
2021-11-21,Butte,007,227075,21456,21342,3954,25296,306
2021-11-21,Calaveras,009,45235,4324,4287,64,4351,84
2021-11-21,Colusa,011,21464,2591,2562,678,3240,19
2021-11-21,Contra Costa,013,1133247,101159,100807,2369,103176,1045
2021-11-21,Del Norte,015,27424,3739,3659,58,3717,42
2021-11-21,El Dorado,017,186661,16498,16370,1803,18173,161
2021-11-21,Fresno,019,978130,143944,143203,12767,155970,2242
2021-11-21,Glenn,021,27897,3534,3529,1026,4555,36
2021-11-21,Humboldt,023,135768,9445,9378,677,10055,115
2021-11-21,Imperial,025,180216,34789,34527,3629,38156,766
2021-11-21,Inyo,027,18085,2513,2501,36,2537,44
2021-11-21,Kern,029,883053,131044,130020,24143,154163,1762
2021-11-21,Kings,031,150075,32991,32843,2153,34996,356
2021-11-21,Lake,033,64148,6878,6834,154,6988,110
2021-11-21,Lassen,035,31185,7002,6953,427,7380,47
2021-11-21,Los Angeles,037,10098052,1456782,1453181,58200,1511381,26793
2021-11-21,Madera,039,155013,24012,23856,2182,26038,296
2021-11-21,Marin,041,260295,17897,17829,496,18325,248
2021-11-21,Mariposa,043,17540,1402,1371,51,1422,6
2021-11-21,Mendocino,045,87422,7918,7846,644,8490,89
2021-11-21,Merced,047,269075,43051,42881,1956,44837,660
2021-11-21,Modoc,049,8938,579,551,202,753,5
2021-11-21,Mono,051,14174,1809,1799,19,1818,4
2021-11-21,Monterey,053,433212,48476,48358,4061,52419,611
2021-11-21,Napa,055,140530,13286,13250,116,13366,104
2021-11-21,Nevada,057,99092,9640,9556,350,9906,96
2021-11-21,Orange,059,3164182,311821,310477,16162,326639,5663
2021-11-21,Placer,061,380077,38181,37929,3925,41854,465
2021-11-21,Plumas,063,18699,1890,1858,53,1911,7
2021-11-21,Riverside,065,2383286,369368,367093,17315,384408,5283
2021-11-21,Sacramento,067,1510023,162699,162087,5052,167139,2327
2021-11-21,San Benito,069,59416,7580,7563,189,7752,77
2021-11-21,San Bernardino,071,2135413,361738,359621,11990,371611,5912
2021-11-21,San Diego,073,3302833,384000,380747,22272,403019,4317
2021-11-21,San Francisco,075,870044,53929,53741,2814,56555,669
2021-11-21,San Joaquin,077,732212,101691,101264,5783,107047,1833
2021-11-21,San Luis Obispo,079,281455,30113,29948,1337,31285,358
2021-11-21,San Mateo,081,765935,54446,54290,1775,56065,577
2021-11-21,Santa Barbara,083,443738,45472,45237,1730,46967,546
2021-11-21,Santa Clara,085,1922200,150206,149387,1520,150907,1918
2021-11-21,Santa Cruz,087,273765,21019,20866,1107,21973,222
2021-11-21,Shasta,089,179085,22280,22112,3776,25888,393
2021-11-21,Sierra,091,2930,195,193,23,216,0
2021-11-21,Siskiyou,093,43540,3378,3333,1383,4716,54
2021-11-21,Solano,095,438530,46286,46122,1283,47405,356
2021-11-21,Sonoma,097,501317,42434,42298,559,42857,404
2021-11-21,Stanislaus,099,539301,80996,80687,9394,90081,1209
2021-11-21,Sutter,101,95872,14147,14111,386,14497,181
2021-11-21,Tehama,103,63373,8703,8669,1567,10236,127
2021-11-21,Trinity,105,12862,808,784,205,989,17
2021-11-21,Tulare,107,460477,69667,69285,16480,85765,1075
2021-11-21,Tuolumne,109,53932,7606,7560,106,7666,90
2021-11-21,Ventura,111,848112,99445,99081,4501,103582,1186
2021-11-21,Yolo,113,214977,20232,20209,1257,21466,257
2021-11-21,Yuba,115,75493,10357,10326,376,10702,88
2021-11-20,Alameda,001,1643700,121811,121059,3058,124117,1473
2021-11-20,Alpine,003,1148,106,105,0,105,0
2021-11-20,Amador,005,37829,5685,5652,69,5721,66
2021-11-20,Butte,007,227075,21441,21265,3949,25214,300
2021-11-20,Calaveras,009,45235,4315,4268,64,4332,84
2021-11-20,Colusa,011,21464,2591,2549,676,3225,19
2021-11-20,Contra Costa,013,1133247,101081,100491,2365,102856,1043
2021-11-20,Del Norte,015,27424,3736,3637,58,3695,42
2021-11-20,El Dorado,017,186661,16478,16308,1800,18108,161
2021-11-20,Fresno,019,978130,143873,142579,12760,155339,2233
2021-11-20,Glenn,021,27897,3534,3526,1025,4551,35
2021-11-20,Humboldt,023,135768,9432,9302,675,9977,115
2021-11-20,Imperial,025,180216,34736,34312,3623,37935,766
2021-11-20,Inyo,027,18085,2512,2467,36,2503,44
2021-11-20,Kern,029,883053,130943,129488,24106,153594,1750
2021-11-20,Kings,031,150075,32981,32720,2153,34873,354
2021-11-20,Lake,033,64148,6875,6808,154,6962,110
2021-11-20,Lassen,035,31185,7001,6931,427,7358,47
2021-11-20,Los Angeles,037,10098052,1456170,1448963,58154,1507117,26741
2021-11-20,Madera,039,155013,24000,23720,2179,25899,296
2021-11-20,Marin,041,260295,17882,17774,496,18270,248
2021-11-20,Mariposa,043,17540,1401,1354,51,1405,6
2021-11-20,Mendocino,045,87422,7910,7773,644,8417,89
2021-11-20,Merced,047,269075,43026,42692,1956,44648,656
2021-11-20,Modoc,049,8938,578,550,202,752,5
2021-11-20,Mono,051,14174,1808,1767,19,1786,4
2021-11-20,Monterey,053,433212,48464,48260,4052,52312,609
2021-11-20,Napa,055,140530,13283,13184,116,13300,103
2021-11-20,Nevada,057,99092,9624,9480,350,9830,92
2021-11-20,Orange,059,3164182,311620,309672,16146,325818,5658
2021-11-20,Placer,061,380077,38140,37800,3920,41720,462
2021-11-20,Plumas,063,18699,1887,1841,52,1893,7
2021-11-20,Riverside,065,2383286,369096,365809,17302,383111,5265
2021-11-20,Sacramento,067,1510023,162597,161533,5048,166581,2316
2021-11-20,San Benito,069,59416,7576,7533,189,7722,77
2021-11-20,San Bernardino,071,2135413,361473,358322,11980,370302,5897
2021-11-20,San Diego,073,3302833,383671,380147,22244,402391,4311
2021-11-20,San Francisco,075,870044,53891,53525,2813,56338,669
2021-11-20,San Joaquin,077,732212,101644,100922,5777,106699,1832
2021-11-20,San Luis Obispo,079,281455,30100,29815,1336,31151,355
2021-11-20,San Mateo,081,765935,54415,54132,1771,55903,577
2021-11-20,Santa Barbara,083,443738,45440,45074,1730,46804,544
2021-11-20,Santa Clara,085,1922200,150101,148829,1519,150348,1917
2021-11-20,Santa Cruz,087,273765,21001,20756,1107,21863,222
2021-11-20,Shasta,089,179085,22256,21968,3775,25743,383
2021-11-20,Sierra,091,2930,195,191,23,214,0
2021-11-20,Siskiyou,093,43540,3375,3313,1383,4696,54
2021-11-20,Solano,095,438530,46264,46006,1283,47289,356
2021-11-20,Sonoma,097,501317,42404,42151,559,42710,403
2021-11-20,Stanislaus,099,539301,80950,80412,9389,89801,1205
2021-11-20,Sutter,101,95872,14139,14074,386,14460,181
2021-11-20,Tehama,103,63373,8698,8648,1567,10215,125
2021-11-20,Trinity,105,12862,804,771,205,976,17
2021-11-20,Tulare,107,460477,69630,69074,16459,85533,1054
2021-11-20,Tuolumne,109,53932,7597,7511,106,7617,90
2021-11-20,Ventura,111,848112,99395,98893,4494,103387,1186
2021-11-20,Yolo,113,214977,20225,20139,1253,21392,257
2021-11-20,Yuba,115,75493,10351,10290,375,10665,88
2021-11-19,Alameda,001,1643700,121740,121059,3055,124114,1473
2021-11-19,Alpine,003,1148,106,105,0,105,0
2021-11-19,Amador,005,37829,5675,5652,69,5721,66
2021-11-19,Butte,007,227075,21418,21265,3943,25208,300
2021-11-19,Calaveras,009,45235,4308,4268,64,4332,84
2021-11-19,Colusa,011,21464,2589,2549,675,3224,19
2021-11-19,Contra Costa,013,1133247,101026,100491,2360,102851,1043
2021-11-19,Del Norte,015,27424,3731,3637,58,3695,42
2021-11-19,El Dorado,017,186661,16457,16308,1798,18106,161
2021-11-19,Fresno,019,978130,143758,142579,12756,155335,2233
2021-11-19,Glenn,021,27897,3533,3526,1024,4550,35
2021-11-19,Humboldt,023,135768,9419,9302,672,9974,115
2021-11-19,Imperial,025,180216,34697,34312,3615,37927,766
2021-11-19,Inyo,027,18085,2508,2467,36,2503,44
2021-11-19,Kern,029,883053,130839,129488,24063,153551,1750
2021-11-19,Kings,031,150075,32956,32720,2151,34871,354
2021-11-19,Lake,033,64148,6872,6808,154,6962,110
2021-11-19,Lassen,035,31185,6997,6931,426,7357,47
2021-11-19,Los Angeles,037,10098052,1455495,1448963,58097,1507060,26741
2021-11-19,Madera,039,155013,23979,23720,2177,25897,296
2021-11-19,Marin,041,260295,17863,17774,494,18268,248
2021-11-19,Mariposa,043,17540,1399,1354,51,1405,6
2021-11-19,Mendocino,045,87422,7890,7773,644,8417,89
2021-11-19,Merced,047,269075,43000,42692,1955,44647,656
2021-11-19,Modoc,049,8938,577,550,202,752,5
2021-11-19,Mono,051,14174,1801,1767,19,1786,4
2021-11-19,Monterey,053,433212,48450,48260,4044,52304,609
2021-11-19,Napa,055,140530,13273,13184,115,13299,103
2021-11-19,Nevada,057,99092,9611,9480,350,9830,92
2021-11-19,Orange,059,3164182,311464,309672,16121,325793,5658
2021-11-19,Placer,061,380077,38102,37800,3916,41716,462
2021-11-19,Plumas,063,18699,1883,1841,52,1893,7
2021-11-19,Riverside,065,2383286,368825,365809,17296,383105,5265
2021-11-19,Sacramento,067,1510023,162475,161533,5044,166577,2316
2021-11-19,San Benito,069,59416,7570,7533,187,7720,77
2021-11-19,San Bernardino,071,2135413,361160,358322,11974,370296,5897
2021-11-19,San Diego,073,3302833,383270,380147,22217,402364,4311
2021-11-19,San Francisco,075,870044,53854,53525,2812,56337,669
2021-11-19,San Joaquin,077,732212,101590,100922,5773,106695,1832
2021-11-19,San Luis Obispo,079,281455,30083,29815,1334,31149,355
2021-11-19,San Mateo,081,765935,54375,54132,1760,55892,577
2021-11-19,Santa Barbara,083,443738,45404,45074,1730,46804,544
2021-11-19,Santa Clara,085,1922200,149956,148829,1515,150344,1917
2021-11-19,Santa Cruz,087,273765,20974,20756,1104,21860,222
2021-11-19,Shasta,089,179085,22244,21968,3774,25742,383
2021-11-19,Sierra,091,2930,195,191,23,214,0
2021-11-19,Siskiyou,093,43540,3372,3313,1383,4696,54
2021-11-19,Solano,095,438530,46233,46006,1281,47287,356
2021-11-19,Sonoma,097,501317,42373,42151,556,42707,403
2021-11-19,Stanislaus,099,539301,80891,80412,9379,89791,1205
2021-11-19,Sutter,101,95872,14137,14074,386,14460,181
2021-11-19,Tehama,103,63373,8695,8648,1567,10215,125
2021-11-19,Trinity,105,12862,802,771,205,976,17
2021-11-19,Tulare,107,460477,69591,69074,16430,85504,1054
2021-11-19,Tuolumne,109,53932,7586,7511,106,7617,90
2021-11-19,Ventura,111,848112,99329,98893,4490,103383,1186
2021-11-19,Yolo,113,214977,20216,20139,1250,21389,257
2021-11-19,Yuba,115,75493,10348,10290,375,10665,88
2021-11-18,Alameda,001,1643700,121621,121059,3046,124105,1473
2021-11-18,Alpine,003,1148,106,105,0,105,0
2021-11-18,Amador,005,37829,5673,5652,69,5721,66
2021-11-18,Butte,007,227075,21401,21265,3937,25202,300
2021-11-18,Calaveras,009,45235,4301,4268,63,4331,84
2021-11-18,Colusa,011,21464,2581,2549,675,3224,19
2021-11-18,Contra Costa,013,1133247,100925,100491,2351,102842,1043
2021-11-18,Del Norte,015,27424,3728,3637,58,3695,42
2021-11-18,El Dorado,017,186661,16441,16308,1795,18103,161
2021-11-18,Fresno,019,978130,143620,142579,12747,155326,2233
2021-11-18,Glenn,021,27897,3532,3526,1023,4549,35
2021-11-18,Humboldt,023,135768,9402,9302,667,9969,115
2021-11-18,Imperial,025,180216,34643,34312,3599,37911,766
2021-11-18,Inyo,027,18085,2500,2467,36,2503,44
2021-11-18,Kern,029,883053,130696,129488,24014,153502,1750
2021-11-18,Kings,031,150075,32919,32720,2148,34868,354
2021-11-18,Lake,033,64148,6867,6808,154,6962,110
2021-11-18,Lassen,035,31185,6994,6931,421,7352,47
2021-11-18,Los Angeles,037,10098052,1454517,1448963,58033,1506996,26741
2021-11-18,Madera,039,155013,23954,23720,2174,25894,296
2021-11-18,Marin,041,260295,17845,17774,490,18264,248
2021-11-18,Mariposa,043,17540,1396,1354,51,1405,6
2021-11-18,Mendocino,045,87422,7869,7773,633,8406,89
2021-11-18,Merced,047,269075,42942,42692,1953,44645,656
2021-11-18,Modoc,049,8938,566,550,202,752,5
2021-11-18,Mono,051,14174,1787,1767,19,1786,4
2021-11-18,Monterey,053,433212,48429,48260,4035,52295,609
2021-11-18,Napa,055,140530,13261,13184,114,13298,103
2021-11-18,Nevada,057,99092,9587,9480,350,9830,92
2021-11-18,Orange,059,3164182,311231,309672,16104,325776,5658
2021-11-18,Placer,061,380077,38060,37800,3905,41705,462
2021-11-18,Plumas,063,18699,1882,1841,52,1893,7
2021-11-18,Riverside,065,2383286,368453,365809,17283,383092,5265
2021-11-18,Sacramento,067,1510023,162249,161533,5027,166560,2316
2021-11-18,San Benito,069,59416,7560,7533,187,7720,77
2021-11-18,San Bernardino,071,2135413,360736,358322,11956,370278,5897
2021-11-18,San Diego,073,3302833,382764,380147,22201,402348,4311
2021-11-18,San Francisco,075,870044,53804,53525,2806,56331,669
2021-11-18,San Joaquin,077,732212,101498,100922,5764,106686,1832
2021-11-18,San Luis Obispo,079,281455,30054,29815,1331,31146,355
2021-11-18,San Mateo,081,765935,54323,54132,1751,55883,577
2021-11-18,Santa Barbara,083,443738,45360,45074,1723,46797,544
2021-11-18,Santa Clara,085,1922200,149771,148829,1507,150336,1917
2021-11-18,Santa Cruz,087,273765,20924,20756,1103,21859,222
2021-11-18,Shasta,089,179085,22208,21968,3769,25737,383
2021-11-18,Sierra,091,2930,194,191,23,214,0
2021-11-18,Siskiyou,093,43540,3372,3313,1378,4691,54
2021-11-18,Solano,095,438530,46192,46006,1279,47285,356
2021-11-18,Sonoma,097,501317,42328,42151,553,42704,403
2021-11-18,Stanislaus,099,539301,80825,80412,9372,89784,1205
2021-11-18,Sutter,101,95872,14126,14074,386,14460,181
2021-11-18,Tehama,103,63373,8690,8648,1567,10215,125
2021-11-18,Trinity,105,12862,801,771,205,976,17
2021-11-18,Tulare,107,460477,69521,69074,16382,85456,1054
2021-11-18,Tuolumne,109,53932,7578,7511,106,7617,90
2021-11-18,Ventura,111,848112,99251,98893,4486,103379,1186
2021-11-18,Yolo,113,214977,20199,20139,1246,21385,257
2021-11-18,Yuba,115,75493,10342,10290,375,10665,88
2021-11-17,Alameda,001,1643700,121505,120913,3044,123957,1472
2021-11-17,Alpine,003,1148,106,105,0,105,0
2021-11-17,Amador,005,37829,5666,5646,69,5715,66
2021-11-17,Butte,007,227075,21375,21230,3934,25164,300
2021-11-17,Calaveras,009,45235,4294,4259,63,4322,84
2021-11-17,Colusa,011,21464,2578,2546,674,3220,19
2021-11-17,Contra Costa,013,1133247,100835,100387,2345,102732,1039
2021-11-17,Del Norte,015,27424,3725,3630,58,3688,42
2021-11-17,El Dorado,017,186661,16422,16269,1794,18063,161
2021-11-17,Fresno,019,978130,143440,142366,12733,155099,2230
2021-11-17,Glenn,021,27897,3531,3527,1022,4549,34
2021-11-17,Humboldt,023,135768,9391,9270,664,9934,115
2021-11-17,Imperial,025,180216,34585,34256,3577,37833,766
2021-11-17,Inyo,027,18085,2494,2457,36,2493,44
2021-11-17,Kern,029,883053,130524,129307,23972,153279,1743
2021-11-17,Kings,031,150075,32891,32669,2144,34813,352
2021-11-17,Lake,033,64148,6863,6795,153,6948,110
2021-11-17,Lassen,035,31185,6992,6918,421,7339,47
2021-11-17,Los Angeles,037,10098052,1453421,1447947,57965,1505912,26721
2021-11-17,Madera,039,155013,23920,23673,2173,25846,287
2021-11-17,Marin,041,260295,17826,17757,488,18245,248
2021-11-17,Mariposa,043,17540,1392,1353,51,1404,6
2021-11-17,Mendocino,045,87422,7861,7735,632,8367,89
2021-11-17,Merced,047,269075,42881,42612,1950,44562,654
2021-11-17,Modoc,049,8938,562,540,202,742,5
2021-11-17,Mono,051,14174,1785,1765,19,1784,5
2021-11-17,Monterey,053,433212,48387,48221,4018,52239,609
2021-11-17,Napa,055,140530,13237,13167,114,13281,103
2021-11-17,Nevada,057,99092,9572,9447,350,9797,92
2021-11-17,Orange,059,3164182,310989,309396,16076,325472,5651
2021-11-17,Placer,061,380077,38010,37725,3896,41621,460
2021-11-17,Plumas,063,18699,1878,1833,52,1885,7
2021-11-17,Riverside,065,2383286,368043,365406,17268,382674,5229
2021-11-17,Sacramento,067,1510023,162079,161269,5019,166288,2302
2021-11-17,San Benito,069,59416,7553,7524,187,7711,77
2021-11-17,San Bernardino,071,2135413,360379,357947,11941,369888,5893
2021-11-17,San Diego,073,3302833,382267,379769,22173,401942,4301
2021-11-17,San Francisco,075,870044,53750,53469,2801,56270,667
2021-11-17,San Joaquin,077,732212,101397,100764,5759,106523,1828
2021-11-17,San Luis Obispo,079,281455,30028,29731,1328,31059,354
2021-11-17,San Mateo,081,765935,54268,54092,1736,55828,577
2021-11-17,Santa Barbara,083,443738,45323,45000,1723,46723,542
2021-11-17,Santa Clara,085,1922200,149609,148626,1499,150125,1915
2021-11-17,Santa Cruz,087,273765,20889,20700,1103,21803,222
2021-11-17,Shasta,089,179085,22175,21883,3767,25650,382
2021-11-17,Sierra,091,2930,193,189,23,212,0
2021-11-17,Siskiyou,093,43540,3368,3307,1375,4682,54
2021-11-17,Solano,095,438530,46159,45948,1278,47226,353
2021-11-17,Sonoma,097,501317,42282,42093,550,42643,403
2021-11-17,Stanislaus,099,539301,80734,80276,9361,89637,1199
2021-11-17,Sutter,101,95872,14114,14064,384,14448,181
2021-11-17,Tehama,103,63373,8681,8633,1564,10197,125
2021-11-17,Trinity,105,12862,800,765,205,970,17
2021-11-17,Tulare,107,460477,69450,68977,16355,85332,1047
2021-11-17,Tuolumne,109,53932,7562,7485,106,7591,90
2021-11-17,Ventura,111,848112,99190,98812,4480,103292,1183
2021-11-17,Yolo,113,214977,20181,20100,1243,21343,257
2021-11-17,Yuba,115,75493,10330,10275,371,10646,88
2021-11-16,Alameda,001,1643700,121399,120809,3040,123849,1467
2021-11-16,Alpine,003,1148,106,105,0,105,0
2021-11-16,Amador,005,37829,5660,5644,69,5713,66
2021-11-16,Butte,007,227075,21350,21208,3930,25138,297
2021-11-16,Calaveras,009,45235,4285,4249,63,4312,83
2021-11-16,Colusa,011,21464,2572,2538,674,3212,19
2021-11-16,Contra Costa,013,1133247,100714,100320,2342,102662,1038
2021-11-16,Del Norte,015,27424,3719,3630,58,3688,42
2021-11-16,El Dorado,017,186661,16398,16248,1792,18040,159
2021-11-16,Fresno,019,978130,143254,142200,12717,154917,2218
2021-11-16,Glenn,021,27897,3529,3527,1019,4546,34
2021-11-16,Humboldt,023,135768,9371,9252,659,9911,115
2021-11-16,Imperial,025,180216,34500,34177,3565,37742,766
2021-11-16,Inyo,027,18085,2487,2449,36,2485,42
2021-11-16,Kern,029,883053,130367,129136,23911,153047,1735
2021-11-16,Kings,031,150075,32840,32614,2138,34752,350
2021-11-16,Lake,033,64148,6858,6789,153,6942,110
2021-11-16,Lassen,035,31185,6982,6915,421,7336,47
2021-11-16,Los Angeles,037,10098052,1452260,1446815,57892,1504707,26703
2021-11-16,Madera,039,155013,23884,23642,2168,25810,287
2021-11-16,Marin,041,260295,17807,17736,487,18223,248
2021-11-16,Mariposa,043,17540,1384,1349,50,1399,6
2021-11-16,Mendocino,045,87422,7819,7723,628,8351,89
2021-11-16,Merced,047,269075,42844,42578,1943,44521,653
2021-11-16,Modoc,049,8938,561,539,201,740,5
2021-11-16,Mono,051,14174,1777,1767,19,1786,4
2021-11-16,Monterey,053,433212,48358,48195,4003,52198,609
2021-11-16,Napa,055,140530,13226,13151,114,13265,103
2021-11-16,Nevada,057,99092,9555,9435,348,9783,92
2021-11-16,Orange,059,3164182,310723,309170,16042,325212,5651
2021-11-16,Placer,061,380077,37967,37676,3890,41566,459
2021-11-16,Plumas,063,18699,1871,1832,52,1884,7
2021-11-16,Riverside,065,2383286,367622,365078,17246,382324,5208
2021-11-16,Sacramento,067,1510023,161906,161102,5005,166107,2299
2021-11-16,San Benito,069,59416,7539,7513,187,7700,77
2021-11-16,San Bernardino,071,2135413,359969,357528,11890,369418,5901
2021-11-16,San Diego,073,3302833,381711,379435,22142,401577,4287
2021-11-16,San Francisco,075,870044,53679,53415,2794,56209,667
2021-11-16,San Joaquin,077,732212,101257,100637,5743,106380,1807
2021-11-16,San Luis Obispo,079,281455,29997,29703,1325,31028,356
2021-11-16,San Mateo,081,765935,54212,54034,1728,55762,577
2021-11-16,Santa Barbara,083,443738,45255,44932,1720,46652,539
2021-11-16,Santa Clara,085,1922200,149430,148452,1487,149939,1916
2021-11-16,Santa Cruz,087,273765,20845,20684,1100,21784,222
2021-11-16,Shasta,089,179085,22135,21853,3763,25616,379
2021-11-16,Sierra,091,2930,193,189,23,212,0
2021-11-16,Siskiyou,093,43540,3365,3304,1373,4677,54
2021-11-16,Solano,095,438530,46119,45908,1277,47185,351
2021-11-16,Sonoma,097,501317,42233,42056,549,42605,401
2021-11-16,Stanislaus,099,539301,80635,80214,9339,89553,1196
2021-11-16,Sutter,101,95872,14102,14058,382,14440,181
2021-11-16,Tehama,103,63373,8674,8621,1557,10178,125
2021-11-16,Trinity,105,12862,800,762,204,966,17
2021-11-16,Tulare,107,460477,69371,68881,16320,85201,1039
2021-11-16,Tuolumne,109,53932,7553,7478,106,7584,90
2021-11-16,Ventura,111,848112,99114,98731,4477,103208,1183
2021-11-16,Yolo,113,214977,20145,20077,1240,21317,257
2021-11-16,Yuba,115,75493,10321,10262,369,10631,85
2021-11-15,Alameda,001,1643700,121246,120731,3035,123766,1464
2021-11-15,Alpine,003,1148,106,105,0,105,0
2021-11-15,Amador,005,37829,5656,5637,69,5706,66
2021-11-15,Butte,007,227075,21326,21182,3926,25108,296
2021-11-15,Calaveras,009,45235,4271,4237,63,4300,83
2021-11-15,Colusa,011,21464,2565,2535,671,3206,19
2021-11-15,Contra Costa,013,1133247,100611,100251,2338,102589,1038
2021-11-15,Del Norte,015,27424,3714,3630,57,3687,42
2021-11-15,El Dorado,017,186661,16374,16236,1788,18024,159
2021-11-15,Fresno,019,978130,143030,142015,12700,154715,2210
2021-11-15,Glenn,021,27897,3527,3526,1019,4545,34
2021-11-15,Humboldt,023,135768,9346,9230,649,9879,115
2021-11-15,Imperial,025,180216,34426,34130,3548,37678,766
2021-11-15,Inyo,027,18085,2482,2442,36,2478,42
2021-11-15,Kern,029,883053,130158,128928,23841,152769,1730
2021-11-15,Kings,031,150075,32806,32584,2134,34718,348
2021-11-15,Lake,033,64148,6854,6784,153,6937,109
2021-11-15,Lassen,035,31185,6972,6915,419,7334,47
2021-11-15,Los Angeles,037,10098052,1451075,1446114,57824,1503938,26677
2021-11-15,Madera,039,155013,23845,23605,2158,25763,287
2021-11-15,Marin,041,260295,17790,17723,486,18209,248
2021-11-15,Mariposa,043,17540,1383,1347,48,1395,6
2021-11-15,Mendocino,045,87422,7799,7694,622,8316,89
2021-11-15,Merced,047,269075,42785,42552,1933,44485,648
2021-11-15,Modoc,049,8938,560,538,201,739,5
2021-11-15,Mono,051,14174,1766,1763,19,1782,4
2021-11-15,Monterey,053,433212,48334,48154,3989,52143,609
2021-11-15,Napa,055,140530,13218,13143,114,13257,103
2021-11-15,Nevada,057,99092,9526,9420,348,9768,92
2021-11-15,Orange,059,3164182,310450,308859,16020,324879,5646
2021-11-15,Placer,061,380077,37903,37610,3886,41496,452
2021-11-15,Plumas,063,18699,1865,1829,52,1881,7
2021-11-15,Riverside,065,2383286,367176,364750,17227,381977,5199
2021-11-15,Sacramento,067,1510023,161684,160937,4992,165929,2293
2021-11-15,San Benito,069,59416,7534,7511,186,7697,77
2021-11-15,San Bernardino,071,2135413,359555,357306,11870,369176,5898
2021-11-15,San Diego,073,3302833,381161,378845,22116,400961,4284
2021-11-15,San Francisco,075,870044,53613,53374,2789,56163,667
2021-11-15,San Joaquin,077,732212,101105,100587,5732,106319,1799
2021-11-15,San Luis Obispo,079,281455,29954,29669,1313,30982,351
2021-11-15,San Mateo,081,765935,54168,54010,1716,55726,576
2021-11-15,Santa Barbara,083,443738,45199,44879,1714,46593,539
2021-11-15,Santa Clara,085,1922200,149212,148313,1480,149793,1914
2021-11-15,Santa Cruz,087,273765,20802,20630,1099,21729,223
2021-11-15,Shasta,089,179085,22089,21779,3758,25537,374
2021-11-15,Sierra,091,2930,193,189,23,212,0
2021-11-15,Siskiyou,093,43540,3358,3302,1371,4673,54
2021-11-15,Solano,095,438530,46082,45885,1274,47159,351
2021-11-15,Sonoma,097,501317,42185,42021,548,42569,401
2021-11-15,Stanislaus,099,539301,80549,80129,9325,89454,1174
2021-11-15,Sutter,101,95872,14089,14043,381,14424,181
2021-11-15,Tehama,103,63373,8668,8615,1556,10171,125
2021-11-15,Trinity,105,12862,799,757,204,961,17
2021-11-15,Tulare,107,460477,69284,68826,16275,85101,1039
2021-11-15,Tuolumne,109,53932,7543,7461,106,7567,90
2021-11-15,Ventura,111,848112,99029,98605,4473,103078,1183
2021-11-15,Yolo,113,214977,20115,20065,1235,21300,255
2021-11-15,Yuba,115,75493,10302,10254,365,10619,85
2021-11-14,Alameda,001,1643700,121078,120629,3031,123660,1461
2021-11-14,Alpine,003,1148,105,105,0,105,0
2021-11-14,Amador,005,37829,5649,5632,68,5700,66
2021-11-14,Butte,007,227075,21296,21146,3917,25063,296
2021-11-14,Calaveras,009,45235,4260,4222,63,4285,83
2021-11-14,Colusa,011,21464,2563,2532,668,3200,19
2021-11-14,Contra Costa,013,1133247,100505,100188,2336,102524,1038
2021-11-14,Del Norte,015,27424,3711,3629,57,3686,42
2021-11-14,El Dorado,017,186661,16333,16212,1784,17996,159
2021-11-14,Fresno,019,978130,142747,141869,12668,154537,2209
2021-11-14,Glenn,021,27897,3526,3521,1019,4540,34
2021-11-14,Humboldt,023,135768,9318,9215,639,9854,115
2021-11-14,Imperial,025,180216,34325,34078,3532,37610,766
2021-11-14,Inyo,027,18085,2471,2441,36,2477,42
2021-11-14,Kern,029,883053,129919,128842,23774,152616,1730
2021-11-14,Kings,031,150075,32749,32545,2127,34672,349
2021-11-14,Lake,033,64148,6846,6777,153,6930,109
2021-11-14,Lassen,035,31185,6962,6911,418,7329,47
2021-11-14,Los Angeles,037,10098052,1449721,1445284,57747,1503031,26667
2021-11-14,Madera,039,155013,23797,23566,2149,25715,287
2021-11-14,Marin,041,260295,17775,17712,486,18198,247
2021-11-14,Mariposa,043,17540,1373,1337,44,1381,6
2021-11-14,Mendocino,045,87422,7766,7684,618,8302,89
2021-11-14,Merced,047,269075,42695,42513,1927,44440,648
2021-11-14,Modoc,049,8938,558,538,201,739,5
2021-11-14,Mono,051,14174,1758,1760,19,1779,4
2021-11-14,Monterey,053,433212,48285,48135,3967,52102,609
2021-11-14,Napa,055,140530,13200,13132,114,13246,103
2021-11-14,Nevada,057,99092,9499,9408,348,9756,92
2021-11-14,Orange,059,3164182,310144,308699,16000,324699,5646
2021-11-14,Placer,061,380077,37822,37569,3876,41445,452
2021-11-14,Plumas,063,18699,1862,1829,51,1880,7
2021-11-14,Riverside,065,2383286,366680,364490,17210,381700,5199
2021-11-14,Sacramento,067,1510023,161449,160761,4975,165736,2295
2021-11-14,San Benito,069,59416,7523,7507,185,7692,77
2021-11-14,San Bernardino,071,2135413,358979,357014,11856,368870,5897
2021-11-14,San Diego,073,3302833,380559,377633,22078,399711,4280
2021-11-14,San Francisco,075,870044,53540,53338,2781,56119,667
2021-11-14,San Joaquin,077,732212,100982,100518,5727,106245,1799
2021-11-14,San Luis Obispo,079,281455,29872,29645,1309,30954,352
2021-11-14,San Mateo,081,765935,54122,53978,1708,55686,576
2021-11-14,Santa Barbara,083,443738,45121,44842,1711,46553,539
2021-11-14,Santa Clara,085,1922200,149015,148152,1470,149622,1913
2021-11-14,Santa Cruz,087,273765,20749,20609,1096,21705,223
2021-11-14,Shasta,089,179085,22038,21771,3745,25516,373
2021-11-14,Sierra,091,2930,193,189,23,212,0
2021-11-14,Siskiyou,093,43540,3349,3302,1370,4672,54
2021-11-14,Solano,095,438530,46026,45860,1267,47127,351
2021-11-14,Sonoma,097,501317,42119,41974,546,42520,401
2021-11-14,Stanislaus,099,539301,80417,80076,9312,89388,1174
2021-11-14,Sutter,101,95872,14072,14031,376,14407,181
2021-11-14,Tehama,103,63373,8658,8607,1554,10161,125
2021-11-14,Trinity,105,12862,796,754,202,956,17
2021-11-14,Tulare,107,460477,69165,68772,16216,84988,1037
2021-11-14,Tuolumne,109,53932,7525,7439,105,7544,90
2021-11-14,Ventura,111,848112,98910,98550,4471,103021,1183
2021-11-14,Yolo,113,214977,20088,20040,1229,21269,255
2021-11-14,Yuba,115,75493,10295,10238,363,10601,85
2021-11-13,Alameda,001,1643700,121009,120407,3029,123436,1454
2021-11-13,Alpine,003,1148,105,105,0,105,0
2021-11-13,Amador,005,37829,5648,5614,68,5682,66
2021-11-13,Butte,007,227075,21276,21104,3914,25018,296
2021-11-13,Calaveras,009,45235,4249,4203,63,4266,83
2021-11-13,Colusa,011,21464,2561,2522,668,3190,19
2021-11-13,Contra Costa,013,1133247,100433,100004,2331,102335,1028
2021-11-13,Del Norte,015,27424,3711,3629,57,3686,42
2021-11-13,El Dorado,017,186661,16321,16163,1781,17944,159
2021-11-13,Fresno,019,978130,142640,141452,12657,154109,2205
2021-11-13,Glenn,021,27897,3526,3514,1018,4532,34
2021-11-13,Humboldt,023,135768,9304,9177,633,9810,115
2021-11-13,Imperial,025,180216,34274,33990,3515,37505,766
2021-11-13,Inyo,027,18085,2465,2436,36,2472,42
2021-11-13,Kern,029,883053,129820,128472,23729,152201,1719
2021-11-13,Kings,031,150075,32731,32452,2126,34578,347
2021-11-13,Lake,033,64148,6841,6769,153,6922,109
2021-11-13,Lassen,035,31185,6957,6897,418,7315,47
2021-11-13,Los Angeles,037,10098052,1449071,1443088,57703,1500791,26649
2021-11-13,Madera,039,155013,23767,23462,2144,25606,287
2021-11-13,Marin,041,260295,17762,17684,484,18168,247
2021-11-13,Mariposa,043,17540,1370,1323,44,1367,6
2021-11-13,Mendocino,045,87422,7747,7652,616,8268,89
2021-11-13,Merced,047,269075,42657,42411,1924,44335,644
2021-11-13,Modoc,049,8938,557,536,201,737,5
2021-11-13,Mono,051,14174,1758,1750,19,1769,4
2021-11-13,Monterey,053,433212,48265,48087,3960,52047,609
2021-11-13,Napa,055,140530,13192,13110,114,13224,103
2021-11-13,Nevada,057,99092,9479,9369,346,9715,92
2021-11-13,Orange,059,3164182,309978,308211,15975,324186,5641
2021-11-13,Placer,061,380077,37773,37453,3872,41325,445
2021-11-13,Plumas,063,18699,1859,1828,51,1879,8
2021-11-13,Riverside,065,2383286,366376,363801,17203,381004,5187
2021-11-13,Sacramento,067,1510023,161315,160397,4962,165359,2291
2021-11-13,San Benito,069,59416,7510,7491,184,7675,77
2021-11-13,San Bernardino,071,2135413,358730,356325,11850,368175,5873
2021-11-13,San Diego,073,3302833,380222,377633,22048,399681,4280
2021-11-13,San Francisco,075,870044,53508,53195,2779,55974,667
2021-11-13,San Joaquin,077,732212,100926,100263,5717,105980,1799
2021-11-13,San Luis Obispo,079,281455,29842,29589,1307,30896,351
2021-11-13,San Mateo,081,765935,54088,53853,1704,55557,574
2021-11-13,Santa Barbara,083,443738,45088,44734,1711,46445,537
2021-11-13,Santa Clara,085,1922200,148898,147821,1464,149285,1905
2021-11-13,Santa Cruz,087,273765,20734,20565,1095,21660,223
2021-11-13,Shasta,089,179085,22007,21713,3741,25454,366
2021-11-13,Sierra,091,2930,192,188,23,211,0
2021-11-13,Siskiyou,093,43540,3340,3299,1369,4668,54
2021-11-13,Solano,095,438530,45998,45774,1263,47037,350
2021-11-13,Sonoma,097,501317,42085,41882,545,42427,399
2021-11-13,Stanislaus,099,539301,80341,79872,9297,89169,1174
2021-11-13,Sutter,101,95872,14062,14017,375,14392,181
2021-11-13,Tehama,103,63373,8652,8592,1550,10142,125
2021-11-13,Trinity,105,12862,795,749,202,951,17
2021-11-13,Tulare,107,460477,69098,68619,16193,84812,1033
2021-11-13,Tuolumne,109,53932,7509,7392,105,7497,90
2021-11-13,Ventura,111,848112,98847,98452,4469,102921,1183
2021-11-13,Yolo,113,214977,20072,20009,1224,21233,255
2021-11-13,Yuba,115,75493,10285,10218,361,10579,85
2021-11-12,Alameda,001,1643700,120928,120407,3026,123433,1454
2021-11-12,Alpine,003,1148,105,105,0,105,0
2021-11-12,Amador,005,37829,5642,5614,67,5681,66
2021-11-12,Butte,007,227075,21259,21104,3911,25015,296
2021-11-12,Calaveras,009,45235,4238,4203,63,4266,83
2021-11-12,Colusa,011,21464,2557,2522,667,3189,19
2021-11-12,Contra Costa,013,1133247,100379,100004,2330,102334,1028
2021-11-12,Del Norte,015,27424,3711,3629,57,3686,42
2021-11-12,El Dorado,017,186661,16302,16163,1780,17943,159
2021-11-12,Fresno,019,978130,142499,141452,12647,154099,2205
2021-11-12,Glenn,021,27897,3523,3514,1017,4531,34
2021-11-12,Humboldt,023,135768,9297,9177,631,9808,115
2021-11-12,Imperial,025,180216,34245,33990,3505,37495,766
2021-11-12,Inyo,027,18085,2461,2436,36,2472,42
2021-11-12,Kern,029,883053,129682,128472,23698,152170,1719
2021-11-12,Kings,031,150075,32705,32452,2125,34577,347
2021-11-12,Lake,033,64148,6837,6769,153,6922,109
2021-11-12,Lassen,035,31185,6953,6897,417,7314,47
2021-11-12,Los Angeles,037,10098052,1448352,1443088,57655,1500743,26649
2021-11-12,Madera,039,155013,23737,23462,2138,25600,287
2021-11-12,Marin,041,260295,17746,17684,483,18167,247
2021-11-12,Mariposa,043,17540,1363,1323,44,1367,6
2021-11-12,Mendocino,045,87422,7736,7652,613,8265,89
2021-11-12,Merced,047,269075,42630,42411,1922,44333,644
2021-11-12,Modoc,049,8938,556,536,201,737,5
2021-11-12,Mono,051,14174,1757,1750,19,1769,4
2021-11-12,Monterey,053,433212,48246,48087,3941,52028,609
2021-11-12,Napa,055,140530,13183,13110,114,13224,103
2021-11-12,Nevada,057,99092,9465,9369,345,9714,92
2021-11-12,Orange,059,3164182,309790,308211,15957,324168,5641
2021-11-12,Placer,061,380077,37733,37453,3869,41322,445
2021-11-12,Plumas,063,18699,1854,1828,51,1879,8
2021-11-12,Riverside,065,2383286,366109,363801,17199,381000,5187
2021-11-12,Sacramento,067,1510023,161157,160397,4957,165354,2291
2021-11-12,San Benito,069,59416,7510,7491,184,7675,77
2021-11-12,San Bernardino,071,2135413,358432,356325,11844,368169,5873
2021-11-12,San Diego,073,3302833,379848,377633,22022,399655,4280
2021-11-12,San Francisco,075,870044,53473,53195,2775,55970,667
2021-11-12,San Joaquin,077,732212,100882,100263,5711,105974,1799
2021-11-12,San Luis Obispo,079,281455,29813,29589,1306,30895,351
2021-11-12,San Mateo,081,765935,54041,53853,1699,55552,574
2021-11-12,Santa Barbara,083,443738,45034,44734,1710,46444,537
2021-11-12,Santa Clara,085,1922200,148755,147821,1459,149280,1905
2021-11-12,Santa Cruz,087,273765,20707,20565,1093,21658,223
2021-11-12,Shasta,089,179085,21975,21713,3737,25450,366
2021-11-12,Sierra,091,2930,191,188,23,211,0
2021-11-12,Siskiyou,093,43540,3339,3299,1367,4666,54
2021-11-12,Solano,095,438530,45972,45774,1260,47034,350
2021-11-12,Sonoma,097,501317,42044,41882,545,42427,399
2021-11-12,Stanislaus,099,539301,80288,79872,9289,89161,1174
2021-11-12,Sutter,101,95872,14054,14017,375,14392,181
2021-11-12,Tehama,103,63373,8648,8592,1549,10141,125
2021-11-12,Trinity,105,12862,788,749,202,951,17
2021-11-12,Tulare,107,460477,69055,68619,16158,84777,1033
2021-11-12,Tuolumne,109,53932,7497,7392,104,7496,90
2021-11-12,Ventura,111,848112,98782,98452,4468,102920,1183
2021-11-12,Yolo,113,214977,20058,20009,1218,21227,255
2021-11-12,Yuba,115,75493,10276,10218,360,10578,85
2021-11-11,Alameda,001,1643700,120812,120147,3018,123165,1453
2021-11-11,Alpine,003,1148,105,105,0,105,0
2021-11-11,Amador,005,37829,5638,5603,66,5669,66
2021-11-11,Butte,007,227075,21217,21047,3906,24953,293
2021-11-11,Calaveras,009,45235,4220,4179,63,4242,83
2021-11-11,Colusa,011,21464,2549,2518,665,3183,19
2021-11-11,Contra Costa,013,1133247,100275,99808,2324,102132,1028
2021-11-11,Del Norte,015,27424,3709,3622,57,3679,42
2021-11-11,El Dorado,017,186661,16269,16085,1777,17862,159
2021-11-11,Fresno,019,978130,142297,140833,12620,153453,2202
2021-11-11,Glenn,021,27897,3521,3503,1017,4520,34
2021-11-11,Humboldt,023,135768,9274,9125,628,9753,115
2021-11-11,Imperial,025,180216,34176,33844,3483,37327,766
2021-11-11,Inyo,027,18085,2456,2428,36,2464,42
2021-11-11,Kern,029,883053,129499,128023,23634,151657,1709
2021-11-11,Kings,031,150075,32655,32318,2122,34440,345
2021-11-11,Lake,033,64148,6831,6745,153,6898,107
2021-11-11,Lassen,035,31185,6947,6875,417,7292,47
2021-11-11,Los Angeles,037,10098052,1447268,1440436,57593,1498029,26614
2021-11-11,Madera,039,155013,23690,23316,2129,25445,287
2021-11-11,Marin,041,260295,17736,17639,483,18122,247
2021-11-11,Mariposa,043,17540,1353,1317,44,1361,6
2021-11-11,Mendocino,045,87422,7722,7612,603,8215,89
2021-11-11,Merced,047,269075,42575,42292,1920,44212,643
2021-11-11,Modoc,049,8938,554,536,201,737,5
2021-11-11,Mono,051,14174,1748,1743,19,1762,4
2021-11-11,Monterey,053,433212,48217,48008,3923,51931,609
2021-11-11,Napa,055,140530,13174,13075,114,13189,103
2021-11-11,Nevada,057,99092,9443,9308,345,9653,92
2021-11-11,Orange,059,3164182,309521,307674,15920,323594,5633
2021-11-11,Placer,061,380077,37683,37333,3860,41193,440
2021-11-11,Plumas,063,18699,1850,1814,51,1865,7
2021-11-11,Riverside,065,2383286,365677,362930,17181,380111,5175
2021-11-11,Sacramento,067,1510023,160946,159962,4937,164899,2289
2021-11-11,San Benito,069,59416,7502,7473,184,7657,76
2021-11-11,San Bernardino,071,2135413,358012,355413,11833,367246,5849
2021-11-11,San Diego,073,3302833,379335,376428,21997,398425,4272
2021-11-11,San Francisco,075,870044,53415,53063,2771,55834,666
2021-11-11,San Joaquin,077,732212,100787,99937,5695,105632,1799
2021-11-11,San Luis Obispo,079,281455,29762,29532,1304,30836,351
2021-11-11,San Mateo,081,765935,54002,53722,1683,55405,574
2021-11-11,Santa Barbara,083,443738,44977,44603,1707,46310,534
2021-11-11,Santa Clara,085,1922200,148575,147458,1452,148910,1901
2021-11-11,Santa Cruz,087,273765,20662,20479,1092,21571,222
2021-11-11,Shasta,089,179085,21928,21600,3736,25336,364
2021-11-11,Sierra,091,2930,190,186,23,209,0
2021-11-11,Siskiyou,093,43540,3333,3297,1366,4663,53
2021-11-11,Solano,095,438530,45933,45679,1259,46938,350
2021-11-11,Sonoma,097,501317,42009,41774,545,42319,395
2021-11-11,Stanislaus,099,539301,80204,79570,9275,88845,1166
2021-11-11,Sutter,101,95872,14041,13993,374,14367,181
2021-11-11,Tehama,103,63373,8636,8565,1547,10112,125
2021-11-11,Trinity,105,12862,787,748,202,950,17
2021-11-11,Tulare,107,460477,68964,68367,16119,84486,1028
2021-11-11,Tuolumne,109,53932,7484,7354,104,7458,90
2021-11-11,Ventura,111,848112,98695,98297,4462,102759,1182
2021-11-11,Yolo,113,214977,20031,19946,1216,21162,255
2021-11-11,Yuba,115,75493,10260,10191,360,10551,85
2021-11-10,Alameda,001,1643700,120704,120147,3009,123156,1453
2021-11-10,Alpine,003,1148,105,105,0,105,0
2021-11-10,Amador,005,37829,5632,5603,66,5669,66
2021-11-10,Butte,007,227075,21191,21047,3902,24949,293
2021-11-10,Calaveras,009,45235,4209,4179,63,4242,83
2021-11-10,Colusa,011,21464,2543,2518,665,3183,19
2021-11-10,Contra Costa,013,1133247,100193,99808,2320,102128,1028
2021-11-10,Del Norte,015,27424,3708,3622,57,3679,42
2021-11-10,El Dorado,017,186661,16253,16085,1776,17861,159
2021-11-10,Fresno,019,978130,142119,140833,12610,153443,2202
2021-11-10,Glenn,021,27897,3521,3503,1016,4519,34
2021-11-10,Humboldt,023,135768,9256,9125,628,9753,115
2021-11-10,Imperial,025,180216,34122,33844,3464,37308,766
2021-11-10,Inyo,027,18085,2449,2428,36,2464,42
2021-11-10,Kern,029,883053,129350,128023,23578,151601,1709
2021-11-10,Kings,031,150075,32623,32318,2120,34438,345
2021-11-10,Lake,033,64148,6821,6745,153,6898,107
2021-11-10,Lassen,035,31185,6942,6875,417,7292,47
2021-11-10,Los Angeles,037,10098052,1446325,1440436,57537,1497973,26614
2021-11-10,Madera,039,155013,23641,23316,2125,25441,287
2021-11-10,Marin,041,260295,17723,17639,481,18120,247
2021-11-10,Mariposa,043,17540,1347,1317,44,1361,6
2021-11-10,Mendocino,045,87422,7710,7612,602,8214,89
2021-11-10,Merced,047,269075,42540,42292,1918,44210,643
2021-11-10,Modoc,049,8938,553,536,200,736,5
2021-11-10,Mono,051,14174,1746,1743,19,1762,4
2021-11-10,Monterey,053,433212,48191,48008,3904,51912,609
2021-11-10,Napa,055,140530,13160,13075,113,13188,103
2021-11-10,Nevada,057,99092,9436,9308,343,9651,92
2021-11-10,Orange,059,3164182,309264,307674,15890,323564,5633
2021-11-10,Placer,061,380077,37637,37333,3853,41186,440
2021-11-10,Plumas,063,18699,1847,1814,50,1864,7
2021-11-10,Riverside,065,2383286,365298,362930,17175,380105,5175
2021-11-10,Sacramento,067,1510023,160792,159962,4927,164889,2289
2021-11-10,San Benito,069,59416,7494,7473,184,7657,76
2021-11-10,San Bernardino,071,2135413,357676,355413,11828,367241,5849
2021-11-10,San Diego,073,3302833,378922,376428,21972,398400,4272
2021-11-10,San Francisco,075,870044,53354,53063,2767,55830,666
2021-11-10,San Joaquin,077,732212,100680,99937,5689,105626,1799
2021-11-10,San Luis Obispo,079,281455,29732,29532,1303,30835,351
2021-11-10,San Mateo,081,765935,53955,53722,1678,55400,574
2021-11-10,Santa Barbara,083,443738,44939,44603,1706,46309,534
2021-11-10,Santa Clara,085,1922200,148430,147458,1445,148903,1901
2021-11-10,Santa Cruz,087,273765,20635,20479,1091,21570,222
2021-11-10,Shasta,089,179085,21892,21600,3734,25334,364
2021-11-10,Sierra,091,2930,189,186,23,209,0
2021-11-10,Siskiyou,093,43540,3331,3297,1366,4663,53
2021-11-10,Solano,095,438530,45904,45679,1257,46936,350
2021-11-10,Sonoma,097,501317,41959,41774,545,42319,395
2021-11-10,Stanislaus,099,539301,80103,79570,9258,88828,1166
2021-11-10,Sutter,101,95872,14033,13993,374,14367,181
2021-11-10,Tehama,103,63373,8625,8565,1541,10106,125
2021-11-10,Trinity,105,12862,784,748,201,949,17
2021-11-10,Tulare,107,460477,68905,68367,16079,84446,1028
2021-11-10,Tuolumne,109,53932,7460,7354,104,7458,90
2021-11-10,Ventura,111,848112,98620,98297,4462,102759,1182
2021-11-10,Yolo,113,214977,20013,19946,1216,21162,255
2021-11-10,Yuba,115,75493,10251,10191,360,10551,85
2021-11-09,Alameda,001,1643700,120568,120051,3000,123051,1450
2021-11-09,Alpine,003,1148,105,105,0,105,0
2021-11-09,Amador,005,37829,5628,5596,66,5662,66
2021-11-09,Butte,007,227075,21170,21022,3900,24922,291
2021-11-09,Calaveras,009,45235,4205,4174,63,4237,84
2021-11-09,Colusa,011,21464,2538,2517,664,3181,19
2021-11-09,Contra Costa,013,1133247,100100,99732,2313,102045,1028
2021-11-09,Del Norte,015,27424,3707,3620,57,3677,42
2021-11-09,El Dorado,017,186661,16214,16073,1771,17844,160
2021-11-09,Fresno,019,978130,141878,140666,12596,153262,2188
2021-11-09,Glenn,021,27897,3516,3499,1015,4514,34
2021-11-09,Humboldt,023,135768,9234,9112,623,9735,115
2021-11-09,Imperial,025,180216,34070,33751,3450,37201,766
2021-11-09,Inyo,027,18085,2445,2404,36,2440,42
2021-11-09,Kern,029,883053,129106,127901,23517,151418,1694
2021-11-09,Kings,031,150075,32556,32279,2116,34395,344
2021-11-09,Lake,033,64148,6812,6743,153,6896,106
2021-11-09,Lassen,035,31185,6930,6846,417,7263,47
2021-11-09,Los Angeles,037,10098052,1445087,1439125,57475,1496600,26581
2021-11-09,Madera,039,155013,23590,23285,2117,25402,287
2021-11-09,Marin,041,260295,17704,17630,479,18109,247
2021-11-09,Mariposa,043,17540,1339,1317,43,1360,5
2021-11-09,Mendocino,045,87422,7687,7598,596,8194,85
2021-11-09,Merced,047,269075,42499,42251,1913,44164,613
2021-11-09,Modoc,049,8938,552,536,198,734,5
2021-11-09,Mono,051,14174,1741,1738,19,1757,4
2021-11-09,Monterey,053,433212,48159,47975,3873,51848,609
2021-11-09,Napa,055,140530,13142,13051,113,13164,103
2021-11-09,Nevada,057,99092,9417,9288,343,9631,92
2021-11-09,Orange,059,3164182,308981,307412,15864,323276,5621
2021-11-09,Placer,061,380077,37583,37291,3836,41127,440
2021-11-09,Plumas,063,18699,1845,1802,50,1852,7
2021-11-09,Riverside,065,2383286,364833,362557,17160,379717,5160
2021-11-09,Sacramento,067,1510023,160558,159856,4914,164770,2286
2021-11-09,San Benito,069,59416,7483,7471,183,7654,76
2021-11-09,San Bernardino,071,2135413,357228,354972,11812,366784,5839
2021-11-09,San Diego,073,3302833,378421,375997,21940,397937,4272
2021-11-09,San Francisco,075,870044,53283,52996,2760,55756,666
2021-11-09,San Joaquin,077,732212,100503,99848,5676,105524,1794
2021-11-09,San Luis Obispo,079,281455,29691,29488,1302,30790,350
2021-11-09,San Mateo,081,765935,53911,53697,1664,55361,574
2021-11-09,Santa Barbara,083,443738,44872,44579,1699,46278,533
2021-11-09,Santa Clara,085,1922200,148226,147281,1438,148719,1901
2021-11-09,Santa Cruz,087,273765,20600,20463,1090,21553,222
2021-11-09,Shasta,089,179085,21837,21558,3729,25287,364
2021-11-09,Sierra,091,2930,189,186,23,209,0
2021-11-09,Siskiyou,093,43540,3329,3295,1364,4659,52
2021-11-09,Solano,095,438530,45850,45639,1256,46895,350
2021-11-09,Sonoma,097,501317,41905,41727,544,42271,395
2021-11-09,Stanislaus,099,539301,79999,79505,9242,88747,1165
2021-11-09,Sutter,101,95872,14018,13988,372,14360,180
2021-11-09,Tehama,103,63373,8607,8555,1539,10094,125
2021-11-09,Trinity,105,12862,783,746,201,947,17
2021-11-09,Tulare,107,460477,68803,68298,16038,84336,1024
2021-11-09,Tuolumne,109,53932,7441,7347,104,7451,90
2021-11-09,Ventura,111,848112,98541,98202,4457,102659,1182
2021-11-09,Yolo,113,214977,19989,19931,1212,21143,255
2021-11-09,Yuba,115,75493,10234,10175,354,10529,85
2021-11-08,Alameda,001,1643700,120429,119983,2993,122976,1447
2021-11-08,Alpine,003,1148,105,105,0,105,0
2021-11-08,Amador,005,37829,5622,5590,66,5656,66
2021-11-08,Butte,007,227075,21142,21000,3892,24892,288
2021-11-08,Calaveras,009,45235,4197,4166,63,4229,82
2021-11-08,Colusa,011,21464,2537,2514,663,3177,19
2021-11-08,Contra Costa,013,1133247,100000,99669,2308,101977,1028
2021-11-08,Del Norte,015,27424,3703,3619,57,3676,42
2021-11-08,El Dorado,017,186661,16196,16055,1766,17821,156
2021-11-08,Fresno,019,978130,141579,140466,12578,153044,2179
2021-11-08,Glenn,021,27897,3513,3496,1011,4507,34
2021-11-08,Humboldt,023,135768,9207,9095,613,9708,109
2021-11-08,Imperial,025,180216,33991,33690,3431,37121,766
2021-11-08,Inyo,027,18085,2438,2398,36,2434,41
2021-11-08,Kern,029,883053,128872,127722,23435,151157,1692
2021-11-08,Kings,031,150075,32510,32248,2115,34363,344
2021-11-08,Lake,033,64148,6806,6737,153,6890,106
2021-11-08,Lassen,035,31185,6923,6830,415,7245,46
2021-11-08,Los Angeles,037,10098052,1443751,1438322,57415,1495737,26575
2021-11-08,Madera,039,155013,23541,23253,2107,25360,287
2021-11-08,Marin,041,260295,17687,17617,476,18093,247
2021-11-08,Mariposa,043,17540,1331,1316,42,1358,5
2021-11-08,Mendocino,045,87422,7673,7581,590,8171,85
2021-11-08,Merced,047,269075,42429,42224,1904,44128,607
2021-11-08,Modoc,049,8938,551,529,198,727,5
2021-11-08,Mono,051,14174,1735,1739,19,1758,4
2021-11-08,Monterey,053,433212,48132,47942,3838,51780,602
2021-11-08,Napa,055,140530,13128,13045,113,13158,103
2021-11-08,Nevada,057,99092,9399,9278,341,9619,92
2021-11-08,Orange,059,3164182,308710,307156,15832,322988,5616
2021-11-08,Placer,061,380077,37530,37250,3833,41083,439
2021-11-08,Plumas,063,18699,1844,1788,49,1837,7
2021-11-08,Riverside,065,2383286,364378,362201,17145,379346,5152
2021-11-08,Sacramento,067,1510023,160344,159735,4893,164628,2275
2021-11-08,San Benito,069,59416,7481,7461,183,7644,75
2021-11-08,San Bernardino,071,2135413,356728,354741,11790,366531,5836
2021-11-08,San Diego,073,3302833,377835,375557,21890,397447,4259
2021-11-08,San Francisco,075,870044,53229,52942,2754,55696,666
2021-11-08,San Joaquin,077,732212,100389,99736,5674,105410,1794
2021-11-08,San Luis Obispo,079,281455,29642,29464,1299,30763,350
2021-11-08,San Mateo,081,765935,53839,53658,1656,55314,574
2021-11-08,Santa Barbara,083,443738,44818,44548,1698,46246,532
2021-11-08,Santa Clara,085,1922200,147998,147183,1432,148615,1899
2021-11-08,Santa Cruz,087,273765,20571,20435,1090,21525,222
2021-11-08,Shasta,089,179085,21790,21504,3723,25227,354
2021-11-08,Sierra,091,2930,189,183,23,206,0
2021-11-08,Siskiyou,093,43540,3325,3290,1353,4643,50
2021-11-08,Solano,095,438530,45809,45613,1254,46867,350
2021-11-08,Sonoma,097,501317,41837,41669,542,42211,395
2021-11-08,Stanislaus,099,539301,79847,79417,9228,88645,1150
2021-11-08,Sutter,101,95872,14010,13976,368,14344,180
2021-11-08,Tehama,103,63373,8597,8534,1539,10073,123
2021-11-08,Trinity,105,12862,783,743,200,943,13
2021-11-08,Tulare,107,460477,68687,68199,16000,84199,1020
2021-11-08,Tuolumne,109,53932,7422,7328,103,7431,90
2021-11-08,Ventura,111,848112,98448,98144,4454,102598,1182
2021-11-08,Yolo,113,214977,19951,19916,1207,21123,255
2021-11-08,Yuba,115,75493,10223,10172,351,10523,83
2021-11-07,Alameda,001,1643700,120276,119902,2988,122890,1444
2021-11-07,Alpine,003,1148,105,105,0,105,0
2021-11-07,Amador,005,37829,5615,5580,64,5644,66
2021-11-07,Butte,007,227075,21102,20969,3886,24855,288
2021-11-07,Calaveras,009,45235,4170,4158,62,4220,82
2021-11-07,Colusa,011,21464,2531,2511,661,3172,19
2021-11-07,Contra Costa,013,1133247,99891,99596,2301,101897,1028
2021-11-07,Del Norte,015,27424,3701,3617,57,3674,42
2021-11-07,El Dorado,017,186661,16159,16040,1763,17803,156
2021-11-07,Fresno,019,978130,141237,140263,12555,152818,2179
2021-11-07,Glenn,021,27897,3506,3493,1010,4503,34
2021-11-07,Humboldt,023,135768,9182,9074,609,9683,109
2021-11-07,Imperial,025,180216,33917,33674,3412,37086,766
2021-11-07,Inyo,027,18085,2425,2394,36,2430,41
2021-11-07,Kern,029,883053,128601,127583,23345,150928,1692
2021-11-07,Kings,031,150075,32420,32221,2109,34330,343
2021-11-07,Lake,033,64148,6790,6734,152,6886,106
2021-11-07,Lassen,035,31185,6914,6819,411,7230,46
2021-11-07,Los Angeles,037,10098052,1442271,1437314,57336,1494650,26573
2021-11-07,Madera,039,155013,23495,23225,2101,25326,287
2021-11-07,Marin,041,260295,17667,17594,475,18069,247
2021-11-07,Mariposa,043,17540,1330,1306,42,1348,5
2021-11-07,Mendocino,045,87422,7644,7567,586,8153,85
2021-11-07,Merced,047,269075,42348,42186,1874,44060,607
2021-11-07,Modoc,049,8938,548,528,197,725,5
2021-11-07,Mono,051,14174,1731,1739,19,1758,4
2021-11-07,Monterey,053,433212,48094,47924,3820,51744,602
2021-11-07,Napa,055,140530,13107,13041,113,13154,103
2021-11-07,Nevada,057,99092,9351,9254,341,9595,92
2021-11-07,Orange,059,3164182,308392,306954,15798,322752,5616
2021-11-07,Placer,061,380077,37453,37202,3818,41020,439
2021-11-07,Plumas,063,18699,1837,1787,48,1835,7
2021-11-07,Riverside,065,2383286,363845,361960,17125,379085,5152
2021-11-07,Sacramento,067,1510023,160113,159549,4875,164424,2277
2021-11-07,San Benito,069,59416,7468,7460,183,7643,75
2021-11-07,San Bernardino,071,2135413,356228,354488,11767,366255,5832
2021-11-07,San Diego,073,3302833,377252,375165,21854,397019,4250
2021-11-07,San Francisco,075,870044,53148,52868,2745,55613,666
2021-11-07,San Joaquin,077,732212,100205,99696,5668,105364,1794
2021-11-07,San Luis Obispo,079,281455,29593,29454,1295,30749,350
2021-11-07,San Mateo,081,765935,53780,53600,1654,55254,574
2021-11-07,Santa Barbara,083,443738,44755,44501,1697,46198,532
2021-11-07,Santa Clara,085,1922200,147797,147054,1419,148473,1898
2021-11-07,Santa Cruz,087,273765,20513,20397,1089,21486,222
2021-11-07,Shasta,089,179085,21743,21479,3717,25196,354
2021-11-07,Sierra,091,2930,187,183,23,206,0
2021-11-07,Siskiyou,093,43540,3320,3289,1350,4639,51
2021-11-07,Solano,095,438530,45757,45582,1249,46831,350
2021-11-07,Sonoma,097,501317,41788,41630,542,42172,395
2021-11-07,Stanislaus,099,539301,79695,79351,9207,88558,1150
2021-11-07,Sutter,101,95872,13997,13964,365,14329,180
2021-11-07,Tehama,103,63373,8574,8528,1537,10065,121
2021-11-07,Trinity,105,12862,782,742,199,941,13
2021-11-07,Tulare,107,460477,68534,68145,15956,84101,1020
2021-11-07,Tuolumne,109,53932,7404,7300,101,7401,90
2021-11-07,Ventura,111,848112,98344,98085,4452,102537,1182
2021-11-07,Yolo,113,214977,19931,19899,1202,21101,255
2021-11-07,Yuba,115,75493,10206,10162,346,10508,83
2021-11-06,Alameda,001,1643700,120218,119499,2985,122484,1436
2021-11-06,Alpine,003,1148,105,105,0,105,0
2021-11-06,Amador,005,37829,5609,5557,64,5621,66
2021-11-06,Butte,007,227075,21082,20796,3884,24680,288
2021-11-06,Calaveras,009,45235,4162,4105,62,4167,82
2021-11-06,Colusa,011,21464,2530,2501,660,3161,19
2021-11-06,Contra Costa,013,1133247,99836,99282,2299,101581,1025
2021-11-06,Del Norte,015,27424,3698,3607,57,3664,42
2021-11-06,El Dorado,017,186661,16142,15958,1763,17721,156
2021-11-06,Fresno,019,978130,141120,139249,12553,151802,2170
2021-11-06,Glenn,021,27897,3503,3479,1010,4489,33
2021-11-06,Humboldt,023,135768,9170,8972,605,9577,109
2021-11-06,Imperial,025,180216,33871,33471,3406,36877,766
2021-11-06,Inyo,027,18085,2419,2353,36,2389,41
2021-11-06,Kern,029,883053,128468,126848,23292,150140,1684
2021-11-06,Kings,031,150075,32388,32018,2104,34122,342
2021-11-06,Lake,033,64148,6788,6695,152,6847,106
2021-11-06,Lassen,035,31185,6909,6796,410,7206,46
2021-11-06,Los Angeles,037,10098052,1441497,1433081,57291,1490372,26533
2021-11-06,Madera,039,155013,23459,22994,2092,25086,287
2021-11-06,Marin,041,260295,17648,17520,472,17992,247
2021-11-06,Mariposa,043,17540,1328,1282,42,1324,5
2021-11-06,Mendocino,045,87422,7622,7486,586,8072,85
2021-11-06,Merced,047,269075,42324,41958,1866,43824,604
2021-11-06,Modoc,049,8938,547,523,197,720,5
2021-11-06,Mono,051,14174,1730,1725,19,1744,4
2021-11-06,Monterey,053,433212,48069,47830,3803,51633,602
2021-11-06,Napa,055,140530,13096,12950,113,13063,103
2021-11-06,Nevada,057,99092,9329,9169,340,9509,91
2021-11-06,Orange,059,3164182,308186,306049,15771,321820,5611
2021-11-06,Placer,061,380077,37412,36967,3815,40782,438
2021-11-06,Plumas,063,18699,1833,1755,47,1802,7
2021-11-06,Riverside,065,2383286,363525,360584,17116,377700,5138
2021-11-06,Sacramento,067,1510023,160021,158766,4870,163636,2263
2021-11-06,San Benito,069,59416,7461,7429,183,7612,75
2021-11-06,San Bernardino,071,2135413,355962,353142,11763,364905,5813
2021-11-06,San Diego,073,3302833,376906,373423,21835,395258,4246
2021-11-06,San Francisco,075,870044,53094,52556,2742,55298,666
2021-11-06,San Joaquin,077,732212,100149,99372,5667,105039,1782
2021-11-06,San Luis Obispo,079,281455,29565,29335,1291,30626,350
2021-11-06,San Mateo,081,765935,53750,53442,1649,55091,574
2021-11-06,Santa Barbara,083,443738,44719,44301,1696,45997,532
2021-11-06,Santa Clara,085,1922200,147652,146519,1414,147933,1894
2021-11-06,Santa Cruz,087,273765,20494,20311,1087,21398,222
2021-11-06,Shasta,089,179085,21724,21281,3712,24993,349
2021-11-06,Sierra,091,2930,187,181,23,204,0
2021-11-06,Siskiyou,093,43540,3320,3279,1348,4627,48
2021-11-06,Solano,095,438530,45727,45465,1248,46713,350
2021-11-06,Sonoma,097,501317,41739,41398,541,41939,395
2021-11-06,Stanislaus,099,539301,79627,78902,9199,88101,1193
2021-11-06,Sutter,101,95872,13993,13908,364,14272,180
2021-11-06,Tehama,103,63373,8563,8474,1535,10009,120
2021-11-06,Trinity,105,12862,780,732,199,931,11
2021-11-06,Tulare,107,460477,68486,67767,15927,83694,1010
2021-11-06,Tuolumne,109,53932,7391,7245,101,7346,90
2021-11-06,Ventura,111,848112,98278,97770,4448,102218,1180
2021-11-06,Yolo,113,214977,19914,19827,1198,21025,255
2021-11-06,Yuba,115,75493,10192,10107,346,10453,83
2021-11-05,Alameda,001,1643700,120139,119499,2983,122482,1436
2021-11-05,Alpine,003,1148,105,105,0,105,0
2021-11-05,Amador,005,37829,5604,5557,64,5621,66
2021-11-05,Butte,007,227075,21068,20796,3884,24680,288
2021-11-05,Calaveras,009,45235,4157,4105,62,4167,82
2021-11-05,Colusa,011,21464,2530,2501,659,3160,19
2021-11-05,Contra Costa,013,1133247,99771,99282,2297,101579,1025
2021-11-05,Del Norte,015,27424,3696,3607,57,3664,42
2021-11-05,El Dorado,017,186661,16124,15958,1757,17715,156
2021-11-05,Fresno,019,978130,140942,139249,12544,151793,2170
2021-11-05,Glenn,021,27897,3503,3479,1010,4489,33
2021-11-05,Humboldt,023,135768,9156,8972,605,9577,109
2021-11-05,Imperial,025,180216,33836,33471,3403,36874,766
2021-11-05,Inyo,027,18085,2411,2353,36,2389,41
2021-11-05,Kern,029,883053,128340,126848,23236,150084,1684
2021-11-05,Kings,031,150075,32365,32018,2103,34121,342
2021-11-05,Lake,033,64148,6782,6695,152,6847,106
2021-11-05,Lassen,035,31185,6905,6796,409,7205,46
2021-11-05,Los Angeles,037,10098052,1440679,1433081,57253,1490334,26533
2021-11-05,Madera,039,155013,23421,22994,2091,25085,287
2021-11-05,Marin,041,260295,17626,17520,471,17991,247
2021-11-05,Mariposa,043,17540,1325,1282,41,1323,5
2021-11-05,Mendocino,045,87422,7611,7486,585,8071,85
2021-11-05,Merced,047,269075,42298,41958,1862,43820,604
2021-11-05,Modoc,049,8938,547,523,197,720,5
2021-11-05,Mono,051,14174,1730,1725,19,1744,4
2021-11-05,Monterey,053,433212,48046,47830,3796,51626,602
2021-11-05,Napa,055,140530,13074,12950,113,13063,103
2021-11-05,Nevada,057,99092,9316,9169,340,9509,91
2021-11-05,Orange,059,3164182,307997,306049,15750,321799,5611
2021-11-05,Placer,061,380077,37386,36967,3805,40772,438
2021-11-05,Plumas,063,18699,1826,1755,47,1802,7
2021-11-05,Riverside,065,2383286,363185,360584,17105,377689,5138
2021-11-05,Sacramento,067,1510023,159896,158766,4864,163630,2263
2021-11-05,San Benito,069,59416,7459,7429,182,7611,75
2021-11-05,San Bernardino,071,2135413,355635,353142,11752,364894,5813
2021-11-05,San Diego,073,3302833,376542,373423,21822,395245,4246
2021-11-05,San Francisco,075,870044,53044,52556,2738,55294,666
2021-11-05,San Joaquin,077,732212,100096,99372,5658,105030,1782
2021-11-05,San Luis Obispo,079,281455,29543,29335,1291,30626,350
2021-11-05,San Mateo,081,765935,53712,53442,1647,55089,574
2021-11-05,Santa Barbara,083,443738,44675,44301,1696,45997,532
2021-11-05,Santa Clara,085,1922200,147514,146519,1413,147932,1894
2021-11-05,Santa Cruz,087,273765,20470,20311,1086,21397,222
2021-11-05,Shasta,089,179085,21692,21281,3707,24988,349
2021-11-05,Sierra,091,2930,187,181,23,204,0
2021-11-05,Siskiyou,093,43540,3316,3279,1346,4625,48
2021-11-05,Solano,095,438530,45688,45465,1245,46710,350
2021-11-05,Sonoma,097,501317,41699,41398,541,41939,395
2021-11-05,Stanislaus,099,539301,79569,78902,9187,88089,1193
2021-11-05,Sutter,101,95872,13985,13908,363,14271,180
2021-11-05,Tehama,103,63373,8556,8474,1534,10008,120
2021-11-05,Trinity,105,12862,780,732,199,931,11
2021-11-05,Tulare,107,460477,68416,67767,15890,83657,1010
2021-11-05,Tuolumne,109,53932,7374,7245,100,7345,90
2021-11-05,Ventura,111,848112,98232,97770,4445,102215,1180
2021-11-05,Yolo,113,214977,19904,19827,1197,21024,255
2021-11-05,Yuba,115,75493,10179,10107,344,10451,83
2021-11-04,Alameda,001,1643700,120026,119499,2977,122476,1436
2021-11-04,Alpine,003,1148,105,105,0,105,0
2021-11-04,Amador,005,37829,5596,5557,64,5621,66
2021-11-04,Butte,007,227075,21026,20796,3877,24673,288
2021-11-04,Calaveras,009,45235,4143,4105,60,4165,82
2021-11-04,Colusa,011,21464,2524,2501,658,3159,19
2021-11-04,Contra Costa,013,1133247,99678,99282,2292,101574,1025
2021-11-04,Del Norte,015,27424,3693,3607,57,3664,42
2021-11-04,El Dorado,017,186661,16098,15958,1753,17711,156
2021-11-04,Fresno,019,978130,140663,139249,12537,151786,2170
2021-11-04,Glenn,021,27897,3498,3479,1009,4488,33
2021-11-04,Humboldt,023,135768,9131,8972,602,9574,109
2021-11-04,Imperial,025,180216,33777,33471,3394,36865,766
2021-11-04,Inyo,027,18085,2403,2353,36,2389,41
2021-11-04,Kern,029,883053,128107,126848,23171,150019,1684
2021-11-04,Kings,031,150075,32284,32018,2095,34113,342
2021-11-04,Lake,033,64148,6772,6695,150,6845,106
2021-11-04,Lassen,035,31185,6895,6796,404,7200,46
2021-11-04,Los Angeles,037,10098052,1439384,1433081,57166,1490247,26533
2021-11-04,Madera,039,155013,23366,22994,2081,25075,287
2021-11-04,Marin,041,260295,17614,17520,469,17989,247
2021-11-04,Mariposa,043,17540,1318,1282,41,1323,5
2021-11-04,Mendocino,045,87422,7598,7486,579,8065,85
2021-11-04,Merced,047,269075,42244,41958,1858,43816,604
2021-11-04,Modoc,049,8938,546,523,197,720,5
2021-11-04,Mono,051,14174,1727,1725,19,1744,4
2021-11-04,Monterey,053,433212,48011,47830,3772,51602,602
2021-11-04,Napa,055,140530,13053,12950,113,13063,103
2021-11-04,Nevada,057,99092,9285,9169,339,9508,91
2021-11-04,Orange,059,3164182,307751,306049,15731,321780,5611
2021-11-04,Placer,061,380077,37315,36967,3796,40763,438
2021-11-04,Plumas,063,18699,1818,1755,43,1798,7
2021-11-04,Riverside,065,2383286,362789,360584,17097,377681,5138
2021-11-04,Sacramento,067,1510023,159661,158766,4843,163609,2263
2021-11-04,San Benito,069,59416,7453,7429,182,7611,75
2021-11-04,San Bernardino,071,2135413,355204,353142,11745,364887,5813
2021-11-04,San Diego,073,3302833,376064,373423,21800,395223,4246
2021-11-04,San Francisco,075,870044,52967,52556,2734,55290,666
2021-11-04,San Joaquin,077,732212,99988,99372,5646,105018,1782
2021-11-04,San Luis Obispo,079,281455,29519,29335,1284,30619,350
2021-11-04,San Mateo,081,765935,53660,53442,1633,55075,574
2021-11-04,Santa Barbara,083,443738,44619,44301,1696,45997,532
2021-11-04,Santa Clara,085,1922200,147359,146519,1410,147929,1894
2021-11-04,Santa Cruz,087,273765,20435,20311,1086,21397,222
2021-11-04,Shasta,089,179085,21633,21281,3702,24983,349
2021-11-04,Sierra,091,2930,185,181,23,204,0
2021-11-04,Siskiyou,093,43540,3313,3279,1339,4618,48
2021-11-04,Solano,095,438530,45646,45465,1244,46709,350
2021-11-04,Sonoma,097,501317,41640,41398,541,41939,395
2021-11-04,Stanislaus,099,539301,79430,78902,9181,88083,1193
2021-11-04,Sutter,101,95872,13974,13908,361,14269,180
2021-11-04,Tehama,103,63373,8547,8474,1530,10004,120
2021-11-04,Trinity,105,12862,779,732,199,931,11
2021-11-04,Tulare,107,460477,68301,67767,15843,83610,1010
2021-11-04,Tuolumne,109,53932,7352,7245,98,7343,90
2021-11-04,Ventura,111,848112,98142,97770,4440,102210,1180
2021-11-04,Yolo,113,214977,19879,19827,1191,21018,255
2021-11-04,Yuba,115,75493,10165,10107,342,10449,83
2021-11-03,Alameda,001,1643700,119890,119356,2974,122330,1428
2021-11-03,Alpine,003,1148,105,105,0,105,0
2021-11-03,Amador,005,37829,5590,5545,63,5608,66
2021-11-03,Butte,007,227075,20981,20769,3868,24637,284
2021-11-03,Calaveras,009,45235,4125,4087,59,4146,82
2021-11-03,Colusa,011,21464,2518,2499,658,3157,20
2021-11-03,Contra Costa,013,1133247,99580,99168,2287,101455,1025
2021-11-03,Del Norte,015,27424,3691,3600,56,3656,42
2021-11-03,El Dorado,017,186661,16071,15915,1750,17665,156
2021-11-03,Fresno,019,978130,140300,138873,12519,151392,2166
2021-11-03,Glenn,021,27897,3494,3470,1009,4479,33
2021-11-03,Humboldt,023,135768,9113,8949,597,9546,109
2021-11-03,Imperial,025,180216,33707,33402,3384,36786,766
2021-11-03,Inyo,027,18085,2383,2344,36,2380,41
2021-11-03,Kern,029,883053,127845,126523,23077,149600,1681
2021-11-03,Kings,031,150075,32230,31923,2086,34009,341
2021-11-03,Lake,033,64148,6757,6685,150,6835,106
2021-11-03,Lassen,035,31185,6879,6782,398,7180,46
2021-11-03,Los Angeles,037,10098052,1438038,1431209,57079,1488288,26517
2021-11-03,Madera,039,155013,23299,22893,2073,24966,287
2021-11-03,Marin,041,260295,17593,17491,465,17956,247
2021-11-03,Mariposa,043,17540,1308,1276,41,1317,5
2021-11-03,Mendocino,045,87422,7582,7457,571,8028,84
2021-11-03,Merced,047,269075,42182,41849,1848,43697,597
2021-11-03,Modoc,049,8938,546,521,195,716,5
2021-11-03,Mono,051,14174,1724,1719,19,1738,4
2021-11-03,Monterey,053,433212,47970,47794,3750,51544,601
2021-11-03,Napa,055,140530,13041,12937,112,13049,103
2021-11-03,Nevada,057,99092,9258,9131,338,9469,91
2021-11-03,Orange,059,3164182,307446,305661,15697,321358,5607
2021-11-03,Placer,061,380077,37247,36868,3791,40659,438
2021-11-03,Plumas,063,18699,1807,1739,42,1781,7
2021-11-03,Riverside,065,2383286,362329,360060,17093,377153,5131
2021-11-03,Sacramento,067,1510023,159438,158311,4832,163143,2259
2021-11-03,San Benito,069,59416,7445,7419,182,7601,75
2021-11-03,San Bernardino,071,2135413,354734,352225,11724,363949,5813
2021-11-03,San Diego,073,3302833,375555,372951,21774,394725,4241
2021-11-03,San Francisco,075,870044,52874,52493,2728,55221,663
2021-11-03,San Joaquin,077,732212,99876,99188,5635,104823,1776
2021-11-03,San Luis Obispo,079,281455,29477,29276,1278,30554,348
2021-11-03,San Mateo,081,765935,53600,53396,1622,55018,571
2021-11-03,Santa Barbara,083,443738,44563,44220,1693,45913,531
2021-11-03,Santa Clara,085,1922200,147191,146259,1405,147664,1897
2021-11-03,Santa Cruz,087,273765,20401,20275,1086,21361,222
2021-11-03,Shasta,089,179085,21575,21215,3695,24910,346
2021-11-03,Sierra,091,2930,183,180,23,203,0
2021-11-03,Siskiyou,093,43540,3309,3276,1337,4613,46
2021-11-03,Solano,095,438530,45620,45411,1242,46653,351
2021-11-03,Sonoma,097,501317,41564,41326,539,41865,395
2021-11-03,Stanislaus,099,539301,79301,78736,9166,87902,1193
2021-11-03,Sutter,101,95872,13961,13876,359,14235,179
2021-11-03,Tehama,103,63373,8536,8438,1530,9968,118
2021-11-03,Trinity,105,12862,778,730,199,929,11
2021-11-03,Tulare,107,460477,68176,67588,15800,83388,1007
2021-11-03,Tuolumne,109,53932,7335,7218,96,7314,90
2021-11-03,Ventura,111,848112,98024,97682,4436,102118,1178
2021-11-03,Yolo,113,214977,19863,19758,1183,20941,250
2021-11-03,Yuba,115,75493,10153,10092,342,10434,83
2021-11-02,Alameda,001,1643700,119753,119241,2968,122209,1425
2021-11-02,Alpine,003,1148,105,105,0,105,0
2021-11-02,Amador,005,37829,5585,5535,63,5598,66
2021-11-02,Butte,007,227075,20937,20744,3858,24602,282
2021-11-02,Calaveras,009,45235,4103,4075,58,4133,82
2021-11-02,Colusa,011,21464,2513,2497,657,3154,19
2021-11-02,Contra Costa,013,1133247,99478,99080,2274,101354,1025
2021-11-02,Del Norte,015,27424,3689,3596,56,3652,42
2021-11-02,El Dorado,017,186661,16046,15883,1750,17633,154
2021-11-02,Fresno,019,978130,139978,138644,12491,151135,2158
2021-11-02,Glenn,021,27897,3486,3469,1007,4476,33
2021-11-02,Humboldt,023,135768,9076,8937,592,9529,109
2021-11-02,Imperial,025,180216,33634,33371,3372,36743,766
2021-11-02,Inyo,027,18085,2376,2324,36,2360,41
2021-11-02,Kern,029,883053,127591,126311,22958,149269,1665
2021-11-02,Kings,031,150075,32171,31896,2081,33977,339
2021-11-02,Lake,033,64148,6752,6681,149,6830,106
2021-11-02,Lassen,035,31185,6867,6777,395,7172,45
2021-11-02,Los Angeles,037,10098052,1436593,1429601,57002,1486603,26496
2021-11-02,Madera,039,155013,23217,22837,2062,24899,287
2021-11-02,Marin,041,260295,17565,17482,465,17947,247
2021-11-02,Mariposa,043,17540,1297,1270,40,1310,5
2021-11-02,Mendocino,045,87422,7558,7447,559,8006,84
2021-11-02,Merced,047,269075,42115,41785,1840,43625,596
2021-11-02,Modoc,049,8938,543,520,194,714,5
2021-11-02,Mono,051,14174,1721,1718,19,1737,4
2021-11-02,Monterey,053,433212,47926,47775,3724,51499,599
2021-11-02,Napa,055,140530,13023,12930,112,13042,104
2021-11-02,Nevada,057,99092,9228,9122,337,9459,91
2021-11-02,Orange,059,3164182,307136,305369,15651,321020,5600
2021-11-02,Placer,061,380077,37175,36817,3777,40594,438
2021-11-02,Plumas,063,18699,1796,1721,42,1763,7
2021-11-02,Riverside,065,2383286,361878,359586,17072,376658,5116
2021-11-02,Sacramento,067,1510023,159187,158112,4806,162918,2250
2021-11-02,San Benito,069,59416,7428,7407,182,7589,75
2021-11-02,San Bernardino,071,2135413,354262,351832,11666,363498,5813
2021-11-02,San Diego,073,3302833,374966,372440,21741,394181,4232
2021-11-02,San Francisco,075,870044,52756,52450,2723,55173,663
2021-11-02,San Joaquin,077,732212,99741,99076,5623,104699,1772
2021-11-02,San Luis Obispo,079,281455,29444,29224,1275,30499,348
2021-11-02,San Mateo,081,765935,53537,53351,1609,54960,571
2021-11-02,Santa Barbara,083,443738,44507,44177,1689,45866,531
2021-11-02,Santa Clara,085,1922200,147000,146115,1400,147515,1896
2021-11-02,Santa Cruz,087,273765,20368,20266,1085,21351,222
2021-11-02,Shasta,089,179085,21501,21127,3684,24811,344
2021-11-02,Sierra,091,2930,183,180,22,202,0
2021-11-02,Siskiyou,093,43540,3307,3272,1334,4606,46
2021-11-02,Solano,095,438530,45583,45378,1237,46615,350
2021-11-02,Sonoma,097,501317,41487,41288,538,41826,395
2021-11-02,Stanislaus,099,539301,79147,78629,9146,87775,1193
2021-11-02,Sutter,101,95872,13940,13868,359,14227,179
2021-11-02,Tehama,103,63373,8523,8422,1528,9950,116
2021-11-02,Trinity,105,12862,778,729,199,928,11
2021-11-02,Tulare,107,460477,68054,67502,15749,83251,1002
2021-11-02,Tuolumne,109,53932,7314,7204,94,7298,90
2021-11-02,Ventura,111,848112,97909,97574,4432,102006,1178
2021-11-02,Yolo,113,214977,19832,19736,1180,20916,250
2021-11-02,Yuba,115,75493,10130,10080,340,10420,83
2021-11-01,Alameda,001,1643700,119620,119159,2965,122124,1421
2021-11-01,Alpine,003,1148,105,105,0,105,0
2021-11-01,Amador,005,37829,5583,5532,63,5595,64
2021-11-01,Butte,007,227075,20887,20710,3854,24564,281
2021-11-01,Calaveras,009,45235,4093,4059,57,4116,82
2021-11-01,Colusa,011,21464,2511,2494,654,3148,19
2021-11-01,Contra Costa,013,1133247,99356,99011,2262,101273,1025
2021-11-01,Del Norte,015,27424,3687,3594,56,3650,42
2021-11-01,El Dorado,017,186661,16022,15858,1744,17602,154
2021-11-01,Fresno,019,978130,139603,138421,12462,150883,2149
2021-11-01,Glenn,021,27897,3479,3461,1005,4466,33
2021-11-01,Humboldt,023,135768,9048,8929,587,9516,108
2021-11-01,Imperial,025,180216,33583,33342,3363,36705,766
2021-11-01,Inyo,027,18085,2364,2307,36,2343,41
2021-11-01,Kern,029,883053,127292,126092,22847,148939,1660
2021-11-01,Kings,031,150075,32119,31866,2079,33945,337
2021-11-01,Lake,033,64148,6741,6676,148,6824,106
2021-11-01,Lassen,035,31185,6852,6775,392,7167,42
2021-11-01,Los Angeles,037,10098052,1435226,1428891,56906,1485797,26483
2021-11-01,Madera,039,155013,23139,22801,2059,24860,283
2021-11-01,Marin,041,260295,17545,17460,464,17924,247
2021-11-01,Mariposa,043,17540,1289,1266,39,1305,5
2021-11-01,Mendocino,045,87422,7524,7422,541,7963,84
2021-11-01,Merced,047,269075,42028,41740,1837,43577,594
2021-11-01,Modoc,049,8938,538,520,192,712,5
2021-11-01,Mono,051,14174,1716,1714,19,1733,3
2021-11-01,Monterey,053,433212,47891,47756,3705,51461,597
2021-11-01,Napa,055,140530,12996,12916,111,13027,101
2021-11-01,Nevada,057,99092,9205,9108,336,9444,91
2021-11-01,Orange,059,3164182,306817,305192,15609,320801,5596
2021-11-01,Placer,061,380077,37092,36747,3765,40512,435
2021-11-01,Plumas,063,18699,1779,1719,40,1759,7
2021-11-01,Riverside,065,2383286,361376,359263,17050,376313,5115
2021-11-01,Sacramento,067,1510023,158918,157893,4779,162672,2239
2021-11-01,San Benito,069,59416,7418,7406,181,7587,73
2021-11-01,San Bernardino,071,2135413,353776,351620,11646,363266,5815
2021-11-01,San Diego,073,3302833,374383,372043,21719,393762,4232
2021-11-01,San Francisco,075,870044,52673,52418,2711,55129,661
2021-11-01,San Joaquin,077,732212,99582,98969,5616,104585,1772
2021-11-01,San Luis Obispo,079,281455,29400,29199,1271,30470,343
2021-11-01,San Mateo,081,765935,53476,53314,1603,54917,571
2021-11-01,Santa Barbara,083,443738,44439,44146,1685,45831,529
2021-11-01,Santa Clara,085,1922200,146804,145978,1397,147375,1907
2021-11-01,Santa Cruz,087,273765,20333,20238,1085,21323,221
2021-11-01,Shasta,089,179085,21444,21104,3677,24781,338
2021-11-01,Sierra,091,2930,183,180,22,202,0
2021-11-01,Siskiyou,093,43540,3300,3272,1329,4601,46
2021-11-01,Solano,095,438530,45535,45358,1237,46595,350
2021-11-01,Sonoma,097,501317,41415,41234,538,41772,395
2021-11-01,Stanislaus,099,539301,79018,78534,9131,87665,1193
2021-11-01,Sutter,101,95872,13916,13852,357,14209,179
2021-11-01,Tehama,103,63373,8495,8412,1527,9939,116
2021-11-01,Trinity,105,12862,776,727,199,926,11
2021-11-01,Tulare,107,460477,67912,67388,15696,83084,1002
2021-11-01,Tuolumne,109,53932,7298,7175,93,7268,90
2021-11-01,Ventura,111,848112,97829,97507,4427,101934,1178
2021-11-01,Yolo,113,214977,19812,19708,1173,20881,250
2021-11-01,Yuba,115,75493,10112,10066,337,10403,83
2021-10-31,Alameda,001,1643700,119482,119071,2962,122033,1419
2021-10-31,Alpine,003,1148,105,105,0,105,0
2021-10-31,Amador,005,37829,5572,5518,63,5581,64
2021-10-31,Butte,007,227075,20826,20689,3848,24537,281
2021-10-31,Calaveras,009,45235,4075,4052,56,4108,82
2021-10-31,Colusa,011,21464,2509,2493,651,3144,18
2021-10-31,Contra Costa,013,1133247,99231,98936,2259,101195,1025
2021-10-31,Del Norte,015,27424,3681,3591,56,3647,42
2021-10-31,El Dorado,017,186661,15979,15841,1740,17581,154
2021-10-31,Fresno,019,978130,139196,138165,12430,150595,2147
2021-10-31,Glenn,021,27897,3474,3459,1004,4463,33
2021-10-31,Humboldt,023,135768,9002,8919,580,9499,108
2021-10-31,Imperial,025,180216,33507,33334,3351,36685,766
2021-10-31,Inyo,027,18085,2345,2309,36,2345,41
2021-10-31,Kern,029,883053,126927,125917,22724,148641,1666
2021-10-31,Kings,031,150075,32032,31814,2066,33880,338
2021-10-31,Lake,033,64148,6730,6665,148,6813,106
2021-10-31,Lassen,035,31185,6837,6768,387,7155,42
2021-10-31,Los Angeles,037,10098052,1433699,1427933,56818,1484751,26474
2021-10-31,Madera,039,155013,23044,22744,2048,24792,283
2021-10-31,Marin,041,260295,17517,17443,463,17906,247
2021-10-31,Mariposa,043,17540,1283,1257,38,1295,5
2021-10-31,Mendocino,045,87422,7482,7403,524,7927,84
2021-10-31,Merced,047,269075,41934,41699,1817,43516,589
2021-10-31,Modoc,049,8938,532,517,189,706,5
2021-10-31,Mono,051,14174,1713,1711,19,1730,3
2021-10-31,Monterey,053,433212,47857,47744,3680,51424,596
2021-10-31,Napa,055,140530,12979,12906,109,13015,101
2021-10-31,Nevada,057,99092,9168,9084,331,9415,91
2021-10-31,Orange,059,3164182,306474,305032,15528,320560,5596
2021-10-31,Placer,061,380077,36995,36698,3751,40449,435
2021-10-31,Plumas,063,18699,1762,1716,39,1755,7
2021-10-31,Riverside,065,2383286,360798,359005,17036,376041,5104
2021-10-31,Sacramento,067,1510023,158573,157667,4763,162430,2243
2021-10-31,San Benito,069,59416,7409,7397,177,7574,73
2021-10-31,San Bernardino,071,2135413,353249,351411,11632,363043,5810
2021-10-31,San Diego,073,3302833,373811,371603,21686,393289,4218
2021-10-31,San Francisco,075,870044,52567,52370,2703,55073,661
2021-10-31,San Joaquin,077,732212,99418,98893,5602,104495,1772
2021-10-31,San Luis Obispo,079,281455,29349,29176,1270,30446,343
2021-10-31,San Mateo,081,765935,53425,53284,1595,54879,571
2021-10-31,Santa Barbara,083,443738,44371,44113,1680,45793,529
2021-10-31,Santa Clara,085,1922200,146591,145829,1384,147213,1908
2021-10-31,Santa Cruz,087,273765,20298,20218,1084,21302,221
2021-10-31,Shasta,089,179085,21359,21086,3665,24751,338
2021-10-31,Sierra,091,2930,183,180,22,202,0
2021-10-31,Siskiyou,093,43540,3294,3271,1328,4599,46
2021-10-31,Solano,095,438530,45488,45310,1231,46541,350
2021-10-31,Sonoma,097,501317,41346,41183,535,41718,395
2021-10-31,Stanislaus,099,539301,78829,78426,9116,87542,1193
2021-10-31,Sutter,101,95872,13897,13838,354,14192,179
2021-10-31,Tehama,103,63373,8464,8391,1523,9914,116
2021-10-31,Trinity,105,12862,776,724,199,923,11
2021-10-31,Tulare,107,460477,67716,67310,15605,82915,1002
2021-10-31,Tuolumne,109,53932,7269,7141,92,7233,90
2021-10-31,Ventura,111,848112,97712,97460,4422,101882,1178
2021-10-31,Yolo,113,214977,19772,19662,1166,20828,250
2021-10-31,Yuba,115,75493,10094,10051,327,10378,83
2021-10-30,Alameda,001,1643700,119425,118632,2959,121591,1419
2021-10-30,Alpine,003,1148,105,105,0,105,0
2021-10-30,Amador,005,37829,5563,5480,63,5543,64
2021-10-30,Butte,007,227075,20811,20516,3842,24358,277
2021-10-30,Calaveras,009,45235,4068,3992,56,4048,82
2021-10-30,Colusa,011,21464,2509,2484,650,3134,19
2021-10-30,Contra Costa,013,1133247,99170,98562,2258,100820,1024
2021-10-30,Del Norte,015,27424,3678,3574,56,3630,42
2021-10-30,El Dorado,017,186661,15963,15752,1735,17487,154
2021-10-30,Fresno,019,978130,139054,136901,12425,149326,2131
2021-10-30,Glenn,021,27897,3470,3442,1004,4446,33
2021-10-30,Humboldt,023,135768,8987,8871,578,9449,105
2021-10-30,Imperial,025,180216,33463,33156,3347,36503,766
2021-10-30,Inyo,027,18085,2342,2249,36,2285,41
2021-10-30,Kern,029,883053,126776,124892,22652,147544,1653
2021-10-30,Kings,031,150075,31995,31578,2062,33640,337
2021-10-30,Lake,033,64148,6725,6610,148,6758,106
2021-10-30,Lassen,035,31185,6831,6719,385,7104,42
2021-10-30,Los Angeles,037,10098052,1432980,1424257,56763,1481020,26625
2021-10-30,Madera,039,155013,23001,22524,2042,24566,283
2021-10-30,Marin,041,260295,17502,17380,461,17841,247
2021-10-30,Mariposa,043,17540,1280,1228,38,1266,5
2021-10-30,Mendocino,045,87422,7460,7338,522,7860,84
2021-10-30,Merced,047,269075,41894,41428,1815,43243,586
2021-10-30,Modoc,049,8938,531,513,187,700,5
2021-10-30,Mono,051,14174,1713,1684,19,1703,3
2021-10-30,Monterey,053,433212,47845,47649,3669,51318,588
2021-10-30,Napa,055,140530,12966,12863,108,12971,101
2021-10-30,Nevada,057,99092,9149,9015,331,9346,91
2021-10-30,Orange,059,3164182,306298,304120,15510,319630,5588
2021-10-30,Placer,061,380077,36950,36400,3745,40145,434
2021-10-30,Plumas,063,18699,1757,1695,39,1734,7
2021-10-30,Riverside,065,2383286,360499,357645,17026,374671,5088
2021-10-30,Sacramento,067,1510023,158416,157125,4753,161878,2233
2021-10-30,San Benito,069,59416,7402,7362,177,7539,71
2021-10-30,San Bernardino,071,2135413,352972,350076,11618,361694,5777
2021-10-30,San Diego,073,3302833,373442,370006,21663,391669,4213
2021-10-30,San Francisco,075,870044,52538,52161,2701,54862,661
2021-10-30,San Joaquin,077,732212,99363,98314,5601,103915,1768
2021-10-30,San Luis Obispo,079,281455,29317,29053,1267,30320,341
2021-10-30,San Mateo,081,765935,53392,53083,1590,54673,571
2021-10-30,Santa Barbara,083,443738,44336,43972,1679,45651,528
2021-10-30,Santa Clara,085,1922200,146486,145262,1380,146642,1903
2021-10-30,Santa Cruz,087,273765,20280,20134,1082,21216,221
2021-10-30,Shasta,089,179085,21316,20878,3659,24537,332
2021-10-30,Sierra,091,2930,183,175,22,197,0
2021-10-30,Siskiyou,093,43540,3293,3257,1325,4582,46
2021-10-30,Solano,095,438530,45467,45146,1230,46376,346
2021-10-30,Sonoma,097,501317,41306,40924,535,41459,393
2021-10-30,Stanislaus,099,539301,78760,77871,9109,86980,1191
2021-10-30,Sutter,101,95872,13884,13773,354,14127,178
2021-10-30,Tehama,103,63373,8453,8307,1518,9825,114
2021-10-30,Trinity,105,12862,774,708,198,906,11
2021-10-30,Tulare,107,460477,67648,66745,15557,82302,995
2021-10-30,Tuolumne,109,53932,7245,7050,91,7141,90
2021-10-30,Ventura,111,848112,97668,97182,4421,101603,1174
2021-10-30,Yolo,113,214977,19754,19568,1163,20731,250
2021-10-30,Yuba,115,75493,10084,9969,327,10296,82
2021-10-29,Alameda,001,1643700,119349,118632,2955,121587,1419
2021-10-29,Alpine,003,1148,105,105,0,105,0
2021-10-29,Amador,005,37829,5552,5480,63,5543,64
2021-10-29,Butte,007,227075,20786,20516,3834,24350,277
2021-10-29,Calaveras,009,45235,4061,3992,56,4048,82
2021-10-29,Colusa,011,21464,2509,2484,648,3132,19
2021-10-29,Contra Costa,013,1133247,99104,98562,2257,100819,1024
2021-10-29,Del Norte,015,27424,3671,3574,56,3630,42
2021-10-29,El Dorado,017,186661,15949,15752,1735,17487,154
2021-10-29,Fresno,019,978130,138840,136901,12414,149315,2131
2021-10-29,Glenn,021,27897,3468,3442,1004,4446,33
2021-10-29,Humboldt,023,135768,8982,8871,577,9448,105
2021-10-29,Imperial,025,180216,33436,33156,3344,36500,766
2021-10-29,Inyo,027,18085,2339,2249,36,2285,41
2021-10-29,Kern,029,883053,126600,124892,22563,147455,1653
2021-10-29,Kings,031,150075,31959,31578,2060,33638,337
2021-10-29,Lake,033,64148,6716,6610,146,6756,106
2021-10-29,Lassen,035,31185,6822,6719,382,7101,42
2021-10-29,Los Angeles,037,10098052,1432142,1424257,56717,1480974,26625
2021-10-29,Madera,039,155013,22949,22524,2038,24562,283
2021-10-29,Marin,041,260295,17485,17380,460,17840,247
2021-10-29,Mariposa,043,17540,1276,1228,38,1266,5
2021-10-29,Mendocino,045,87422,7452,7338,522,7860,84
2021-10-29,Merced,047,269075,41844,41428,1809,43237,586
2021-10-29,Modoc,049,8938,529,513,186,699,5
2021-10-29,Mono,051,14174,1710,1684,19,1703,3
2021-10-29,Monterey,053,433212,47829,47649,3661,51310,588
2021-10-29,Napa,055,140530,12945,12863,108,12971,101
2021-10-29,Nevada,057,99092,9137,9015,331,9346,91
2021-10-29,Orange,059,3164182,306072,304120,15493,319613,5588
2021-10-29,Placer,061,380077,36914,36400,3734,40134,434
2021-10-29,Plumas,063,18699,1751,1695,39,1734,7
2021-10-29,Riverside,065,2383286,360164,357645,17021,374666,5088
2021-10-29,Sacramento,067,1510023,158228,157125,4744,161869,2233
2021-10-29,San Benito,069,59416,7399,7362,177,7539,71
2021-10-29,San Bernardino,071,2135413,352678,350076,11609,361685,5777
2021-10-29,San Diego,073,3302833,373067,370006,21632,391638,4213
2021-10-29,San Francisco,075,870044,52480,52161,2694,54855,661
2021-10-29,San Joaquin,077,732212,99306,98314,5596,103910,1768
2021-10-29,San Luis Obispo,079,281455,29291,29053,1265,30318,341
2021-10-29,San Mateo,081,765935,53354,53083,1584,54667,571
2021-10-29,Santa Barbara,083,443738,44296,43972,1676,45648,528
2021-10-29,Santa Clara,085,1922200,146372,145262,1372,146634,1903
2021-10-29,Santa Cruz,087,273765,20273,20134,1081,21215,221
2021-10-29,Shasta,089,179085,21278,20878,3653,24531,332
2021-10-29,Sierra,091,2930,181,175,22,197,0
2021-10-29,Siskiyou,093,43540,3293,3257,1324,4581,46
2021-10-29,Solano,095,438530,45432,45146,1229,46375,346
2021-10-29,Sonoma,097,501317,41286,40924,535,41459,393
2021-10-29,Stanislaus,099,539301,78675,77871,9098,86969,1191
2021-10-29,Sutter,101,95872,13865,13773,354,14127,178
2021-10-29,Tehama,103,63373,8440,8307,1517,9824,114
2021-10-29,Trinity,105,12862,773,708,198,906,11
2021-10-29,Tulare,107,460477,67548,66745,15511,82256,995
2021-10-29,Tuolumne,109,53932,7232,7050,91,7141,90
2021-10-29,Ventura,111,848112,97614,97182,4419,101601,1174
2021-10-29,Yolo,113,214977,19736,19568,1160,20728,250
2021-10-29,Yuba,115,75493,10076,9969,323,10292,82
2021-10-28,Alameda,001,1643700,119226,118632,2948,121580,1419
2021-10-28,Alpine,003,1148,105,105,0,105,0
2021-10-28,Amador,005,37829,5539,5480,63,5543,64
2021-10-28,Butte,007,227075,20746,20516,3828,24344,277
2021-10-28,Calaveras,009,45235,4048,3992,56,4048,82
2021-10-28,Colusa,011,21464,2506,2484,647,3131,19
2021-10-28,Contra Costa,013,1133247,98975,98562,2250,100812,1024
2021-10-28,Del Norte,015,27424,3670,3574,56,3630,42
2021-10-28,El Dorado,017,186661,15924,15752,1731,17483,154
2021-10-28,Fresno,019,978130,138512,136901,12386,149287,2131
2021-10-28,Glenn,021,27897,3464,3442,1003,4445,33
2021-10-28,Humboldt,023,135768,8966,8871,572,9443,105
2021-10-28,Imperial,025,180216,33371,33156,3338,36494,766
2021-10-28,Inyo,027,18085,2322,2249,36,2285,41
2021-10-28,Kern,029,883053,126358,124892,22447,147339,1653
2021-10-28,Kings,031,150075,31891,31578,2055,33633,337
2021-10-28,Lake,033,64148,6706,6610,146,6756,106
2021-10-28,Lassen,035,31185,6812,6719,378,7097,42
2021-10-28,Los Angeles,037,10098052,1431017,1424257,56641,1480898,26625
2021-10-28,Madera,039,155013,22895,22524,2027,24551,283
2021-10-28,Marin,041,260295,17467,17380,459,17839,247
2021-10-28,Mariposa,043,17540,1272,1228,38,1266,5
2021-10-28,Mendocino,045,87422,7439,7338,511,7849,84
2021-10-28,Merced,047,269075,41760,41428,1797,43225,586
2021-10-28,Modoc,049,8938,528,513,186,699,5
2021-10-28,Mono,051,14174,1705,1684,19,1703,3
2021-10-28,Monterey,053,433212,47807,47649,3636,51285,588
2021-10-28,Napa,055,140530,12936,12863,107,12970,101
2021-10-28,Nevada,057,99092,9119,9015,331,9346,91
2021-10-28,Orange,059,3164182,305786,304120,15430,319550,5588
2021-10-28,Placer,061,380077,36835,36400,3724,40124,434
2021-10-28,Plumas,063,18699,1743,1695,39,1734,7
2021-10-28,Riverside,065,2383286,359724,357645,16997,374642,5088
2021-10-28,Sacramento,067,1510023,157965,157125,4731,161856,2233
2021-10-28,San Benito,069,59416,7391,7362,177,7539,71
2021-10-28,San Bernardino,071,2135413,352264,350076,11588,361664,5777
2021-10-28,San Diego,073,3302833,372594,370006,21609,391615,4213
2021-10-28,San Francisco,075,870044,52435,52161,2687,54848,661
2021-10-28,San Joaquin,077,732212,99179,98314,5595,103909,1768
2021-10-28,San Luis Obispo,079,281455,29262,29053,1262,30315,341
2021-10-28,San Mateo,081,765935,53314,53083,1578,54661,571
2021-10-28,Santa Barbara,083,443738,44257,43972,1674,45646,528
2021-10-28,Santa Clara,085,1922200,146215,145262,1366,146628,1903
2021-10-28,Santa Cruz,087,273765,20249,20134,1081,21215,221
2021-10-28,Shasta,089,179085,21203,20878,3646,24524,332
2021-10-28,Sierra,091,2930,180,175,22,197,0
2021-10-28,Siskiyou,093,43540,3292,3257,1324,4581,46
2021-10-28,Solano,095,438530,45392,45146,1228,46374,346
2021-10-28,Sonoma,097,501317,41218,40924,534,41458,393
2021-10-28,Stanislaus,099,539301,78523,77871,9082,86953,1191
2021-10-28,Sutter,101,95872,13852,13773,350,14123,178
2021-10-28,Tehama,103,63373,8402,8307,1514,9821,114
2021-10-28,Trinity,105,12862,770,708,198,906,11
2021-10-28,Tulare,107,460477,67411,66745,15454,82199,995
2021-10-28,Tuolumne,109,53932,7201,7050,91,7141,90
2021-10-28,Ventura,111,848112,97522,97182,4417,101599,1174
2021-10-28,Yolo,113,214977,19698,19568,1156,20724,250
2021-10-28,Yuba,115,75493,10047,9969,320,10289,82
2021-10-27,Alameda,001,1643700,119108,118487,2943,121430,1414
2021-10-27,Alpine,003,1148,105,105,0,105,0
2021-10-27,Amador,005,37829,5527,5470,62,5532,64
2021-10-27,Butte,007,227075,20702,20446,3816,24262,274
2021-10-27,Calaveras,009,45235,4031,3970,55,4025,82
2021-10-27,Colusa,011,21464,2505,2480,646,3126,18
2021-10-27,Contra Costa,013,1133247,98869,98442,2238,100680,1018
2021-10-27,Del Norte,015,27424,3663,3571,55,3626,42
2021-10-27,El Dorado,017,186661,15893,15723,1726,17449,154
2021-10-27,Fresno,019,978130,138132,136447,12357,148804,2128
2021-10-27,Glenn,021,27897,3458,3435,1002,4437,33
2021-10-27,Humboldt,023,135768,8947,8851,569,9420,105
2021-10-27,Imperial,025,180216,33332,33068,3333,36401,766
2021-10-27,Inyo,027,18085,2302,2236,36,2272,41
2021-10-27,Kern,029,883053,126091,124557,22345,146902,1647
2021-10-27,Kings,031,150075,31825,31437,2050,33487,335
2021-10-27,Lake,033,64148,6679,6589,146,6735,105
2021-10-27,Lassen,035,31185,6798,6706,376,7082,42
2021-10-27,Los Angeles,037,10098052,1429787,1422615,56578,1479193,26604
2021-10-27,Madera,039,155013,22809,22413,2004,24417,283
2021-10-27,Marin,041,260295,17452,17362,459,17821,247
2021-10-27,Mariposa,043,17540,1259,1228,38,1266,5
2021-10-27,Mendocino,045,87422,7426,7321,504,7825,84
2021-10-27,Merced,047,269075,41663,41310,1783,43093,583
2021-10-27,Modoc,049,8938,524,513,186,699,5
2021-10-27,Mono,051,14174,1702,1682,19,1701,3
2021-10-27,Monterey,053,433212,47774,47610,3609,51219,588
2021-10-27,Napa,055,140530,12921,12856,106,12962,101
2021-10-27,Nevada,057,99092,9102,8987,330,9317,90
2021-10-27,Orange,059,3164182,305477,303825,15380,319205,5584
2021-10-27,Placer,061,380077,36769,36296,3717,40013,434
2021-10-27,Plumas,063,18699,1735,1686,39,1725,7
2021-10-27,Riverside,065,2383286,359297,357152,16988,374140,5081
2021-10-27,Sacramento,067,1510023,157697,156830,4709,161539,2230
2021-10-27,San Benito,069,59416,7385,7337,177,7514,71
2021-10-27,San Bernardino,071,2135413,351844,349624,11566,361190,5770
2021-10-27,San Diego,073,3302833,372022,369579,21583,391162,4207
2021-10-27,San Francisco,075,870044,52384,52108,2682,54790,655
2021-10-27,San Joaquin,077,732212,99020,98168,5579,103747,1753
2021-10-27,San Luis Obispo,079,281455,29222,29002,1260,30262,341
2021-10-27,San Mateo,081,765935,53262,53032,1566,54598,571
2021-10-27,Santa Barbara,083,443738,44204,43901,1671,45572,527
2021-10-27,Santa Clara,085,1922200,146042,145081,1360,146441,1902
2021-10-27,Santa Cruz,087,273765,20222,20091,1080,21171,221
2021-10-27,Shasta,089,179085,21129,20813,3638,24451,331
2021-10-27,Sierra,091,2930,179,176,22,198,0
2021-10-27,Siskiyou,093,43540,3289,3256,1320,4576,46
2021-10-27,Solano,095,438530,45349,45089,1220,46309,346
2021-10-27,Sonoma,097,501317,41144,40829,532,41361,393
2021-10-27,Stanislaus,099,539301,78365,77687,9067,86754,1191
2021-10-27,Sutter,101,95872,13838,13754,350,14104,177
2021-10-27,Tehama,103,63373,8380,8265,1513,9778,113
2021-10-27,Trinity,105,12862,770,706,197,903,11
2021-10-27,Tulare,107,460477,67257,66568,15396,81964,991
2021-10-27,Tuolumne,109,53932,7174,7009,90,7099,90
2021-10-27,Ventura,111,848112,97432,97108,4413,101521,1172
2021-10-27,Yolo,113,214977,19669,19517,1149,20666,250
2021-10-27,Yuba,115,75493,10025,9945,318,10263,82
2021-10-26,Alameda,001,1643700,118975,118360,2938,121298,1407
2021-10-26,Alpine,003,1148,105,105,0,105,0
2021-10-26,Amador,005,37829,5519,5465,61,5526,64
2021-10-26,Butte,007,227075,20644,20387,3804,24191,274
2021-10-26,Calaveras,009,45235,4020,3966,55,4021,81
2021-10-26,Colusa,011,21464,2503,2478,645,3123,18
2021-10-26,Contra Costa,013,1133247,98751,98352,2226,100578,1017
2021-10-26,Del Norte,015,27424,3658,3563,55,3618,42
2021-10-26,El Dorado,017,186661,15868,15690,1717,17407,153
2021-10-26,Fresno,019,978130,137689,136211,12322,148533,2122
2021-10-26,Glenn,021,27897,3443,3431,1000,4431,33
2021-10-26,Humboldt,023,135768,8929,8830,563,9393,105
2021-10-26,Imperial,025,180216,33266,33012,3328,36340,766
2021-10-26,Inyo,027,18085,2287,2200,36,2236,41
2021-10-26,Kern,029,883053,125750,124351,22222,146573,1645
2021-10-26,Kings,031,150075,31762,31382,2043,33425,336
2021-10-26,Lake,033,64148,6669,6584,144,6728,105
2021-10-26,Lassen,035,31185,6778,6689,374,7063,42
2021-10-26,Los Angeles,037,10098052,1428453,1421795,56501,1478296,26599
2021-10-26,Madera,039,155013,22719,22363,1994,24357,283
2021-10-26,Marin,041,260295,17435,17354,458,17812,244
2021-10-26,Mariposa,043,17540,1254,1225,37,1262,5
2021-10-26,Mendocino,045,87422,7397,7308,487,7795,83
2021-10-26,Merced,047,269075,41586,41267,1775,43042,583
2021-10-26,Modoc,049,8938,524,513,186,699,5
2021-10-26,Mono,051,14174,1693,1680,19,1699,3
2021-10-26,Monterey,053,433212,47741,47572,3594,51166,588
2021-10-26,Napa,055,140530,12909,12849,106,12955,101
2021-10-26,Nevada,057,99092,9070,8971,329,9300,90
2021-10-26,Orange,059,3164182,305209,303533,15342,318875,5580
2021-10-26,Placer,061,380077,36671,36245,3711,39956,434
2021-10-26,Plumas,063,18699,1726,1645,39,1684,7
2021-10-26,Riverside,065,2383286,358811,356775,16978,373753,5068
2021-10-26,Sacramento,067,1510023,157400,156643,4688,161331,2228
2021-10-26,San Benito,069,59416,7362,7325,177,7502,71
2021-10-26,San Bernardino,071,2135413,351424,349346,11550,360896,5764
2021-10-26,San Diego,073,3302833,371503,369043,21553,390596,4198
2021-10-26,San Francisco,075,870044,52309,52063,2679,54742,655
2021-10-26,San Joaquin,077,732212,98844,98036,5564,103600,1748
2021-10-26,San Luis Obispo,079,281455,29184,28928,1254,30182,337
2021-10-26,San Mateo,081,765935,53198,52974,1556,54530,571
2021-10-26,Santa Barbara,083,443738,44159,43835,1670,45505,525
2021-10-26,Santa Clara,085,1922200,145846,144932,1354,146286,1903
2021-10-26,Santa Cruz,087,273765,20191,20067,1079,21146,221
2021-10-26,Shasta,089,179085,21069,20725,3621,24346,330
2021-10-26,Sierra,091,2930,179,169,22,191,0
2021-10-26,Siskiyou,093,43540,3283,3254,1318,4572,46
2021-10-26,Solano,095,438530,45292,45044,1220,46264,344
2021-10-26,Sonoma,097,501317,41063,40794,530,41324,393
2021-10-26,Stanislaus,099,539301,78191,77552,9043,86595,1157
2021-10-26,Sutter,101,95872,13808,13739,349,14088,176
2021-10-26,Tehama,103,63373,8352,8247,1507,9754,112
2021-10-26,Trinity,105,12862,766,705,197,902,11
2021-10-26,Tulare,107,460477,67105,66476,15336,81812,991
2021-10-26,Tuolumne,109,53932,7149,6995,88,7083,90
2021-10-26,Ventura,111,848112,97325,97014,4408,101422,1170
2021-10-26,Yolo,113,214977,19642,19490,1147,20637,248
2021-10-26,Yuba,115,75493,10007,9927,313,10240,82
2021-10-25,Alameda,001,1643700,118831,118319,2935,121254,1404
2021-10-25,Alpine,003,1148,105,105,0,105,0
2021-10-25,Amador,005,37829,5505,5455,61,5516,64
2021-10-25,Butte,007,227075,20570,20331,3799,24130,273
2021-10-25,Calaveras,009,45235,3990,3942,54,3996,82
2021-10-25,Colusa,011,21464,2501,2471,643,3114,18
2021-10-25,Contra Costa,013,1133247,98637,98267,2221,100488,1017
2021-10-25,Del Norte,015,27424,3651,3562,55,3617,42
2021-10-25,El Dorado,017,186661,15833,15663,1715,17378,149
2021-10-25,Fresno,019,978130,137255,135974,12282,148256,2112
2021-10-25,Glenn,021,27897,3441,3421,999,4420,33
2021-10-25,Humboldt,023,135768,8905,8825,558,9383,105
2021-10-25,Imperial,025,180216,33204,32968,3317,36285,766
2021-10-25,Inyo,027,18085,2269,2183,36,2219,41
2021-10-25,Kern,029,883053,125401,124078,22081,146159,1649
2021-10-25,Kings,031,150075,31674,31329,2034,33363,335
2021-10-25,Lake,033,64148,6655,6571,144,6715,105
2021-10-25,Lassen,035,31185,6767,6688,372,7060,42
2021-10-25,Los Angeles,037,10098052,1427096,1421061,56435,1477496,26579
2021-10-25,Madera,039,155013,22665,22325,1985,24310,281
2021-10-25,Marin,041,260295,17413,17334,456,17790,244
2021-10-25,Mariposa,043,17540,1240,1220,37,1257,5
2021-10-25,Mendocino,045,87422,7367,7296,483,7779,82
2021-10-25,Merced,047,269075,41519,41207,1748,42955,583
2021-10-25,Modoc,049,8938,522,512,184,696,5
2021-10-25,Mono,051,14174,1677,1677,19,1696,3
2021-10-25,Monterey,053,433212,47714,47547,3590,51137,587
2021-10-25,Napa,055,140530,12896,12841,106,12947,100
2021-10-25,Nevada,057,99092,9044,8958,329,9287,90
2021-10-25,Orange,059,3164182,304914,303279,15302,318581,5574
2021-10-25,Placer,061,380077,36565,36153,3700,39853,431
2021-10-25,Plumas,063,18699,1714,1641,39,1680,7
2021-10-25,Riverside,065,2383286,358386,356381,16964,373345,5056
2021-10-25,Sacramento,067,1510023,157100,156516,4660,161176,2235
2021-10-25,San Benito,069,59416,7348,7314,176,7490,71
2021-10-25,San Bernardino,071,2135413,350928,349075,11538,360613,5748
2021-10-25,San Diego,073,3302833,370923,368386,21523,389909,4196
2021-10-25,San Francisco,075,870044,52238,52041,2670,54711,649
2021-10-25,San Joaquin,077,732212,98642,97980,5555,103535,1740
2021-10-25,San Luis Obispo,079,281455,29136,28907,1249,30156,336
2021-10-25,San Mateo,081,765935,53145,52927,1544,54471,571
2021-10-25,Santa Barbara,083,443738,44101,43775,1670,45445,525
2021-10-25,Santa Clara,085,1922200,145657,144895,1350,146245,1901
2021-10-25,Santa Cruz,087,273765,20161,20053,1078,21131,221
2021-10-25,Shasta,089,179085,20999,20666,3614,24280,326
2021-10-25,Sierra,091,2930,179,168,22,190,0
2021-10-25,Siskiyou,093,43540,3280,3248,1312,4560,46
2021-10-25,Solano,095,438530,45240,45022,1218,46240,344
2021-10-25,Sonoma,097,501317,40991,40746,528,41274,393
2021-10-25,Stanislaus,099,539301,78002,77452,9013,86465,1145
2021-10-25,Sutter,101,95872,13795,13721,346,14067,176
2021-10-25,Tehama,103,63373,8325,8224,1502,9726,111
2021-10-25,Trinity,105,12862,761,699,196,895,11
2021-10-25,Tulare,107,460477,66915,66357,15273,81630,986
2021-10-25,Tuolumne,109,53932,7115,6952,87,7039,90
2021-10-25,Ventura,111,848112,97229,96932,4404,101336,1167
2021-10-25,Yolo,113,214977,19593,19457,1144,20601,248
2021-10-25,Yuba,115,75493,9991,9924,310,10234,82
2021-10-24,Alameda,001,1643700,118701,117816,2930,120746,1397
2021-10-24,Alpine,003,1148,105,105,0,105,0
2021-10-24,Amador,005,37829,5500,5412,61,5473,64
2021-10-24,Butte,007,227075,20501,20101,3789,23890,273
2021-10-24,Calaveras,009,45235,3971,3865,53,3918,81
2021-10-24,Colusa,011,21464,2497,2458,640,3098,18
2021-10-24,Contra Costa,013,1133247,98522,97855,2212,100067,1008
2021-10-24,Del Norte,015,27424,3647,3540,55,3595,42
2021-10-24,El Dorado,017,186661,15798,15540,1711,17251,149
2021-10-24,Fresno,019,978130,136826,134466,12245,146711,2094
2021-10-24,Glenn,021,27897,3430,3399,998,4397,33
2021-10-24,Humboldt,023,135768,8890,8753,552,9305,105
2021-10-24,Imperial,025,180216,33126,32777,3309,36086,766
2021-10-24,Inyo,027,18085,2237,2108,36,2144,41
2021-10-24,Kern,029,883053,125072,122939,21960,144899,1636
2021-10-24,Kings,031,150075,31546,30942,2017,32959,325
2021-10-24,Lake,033,64148,6632,6501,144,6645,105
2021-10-24,Lassen,035,31185,6750,6632,371,7003,27
2021-10-24,Los Angeles,037,10098052,1425661,1415919,56366,1472285,26527
2021-10-24,Madera,039,155013,22589,22062,1973,24035,281
2021-10-24,Marin,041,260295,17397,17264,455,17719,244
2021-10-24,Mariposa,043,17540,1237,1184,37,1221,5
2021-10-24,Mendocino,045,87422,7343,7220,472,7692,82
2021-10-24,Merced,047,269075,41397,40808,1743,42551,581
2021-10-24,Modoc,049,8938,521,507,184,691,5
2021-10-24,Mono,051,14174,1674,1655,19,1674,3
2021-10-24,Monterey,053,433212,47673,47456,3572,51028,586
2021-10-24,Napa,055,140530,12885,12789,106,12895,100
2021-10-24,Nevada,057,99092,9021,8861,326,9187,90
2021-10-24,Orange,059,3164182,304568,302237,15265,317502,5546
2021-10-24,Placer,061,380077,36461,35822,3686,39508,426
2021-10-24,Plumas,063,18699,1704,1623,38,1661,7
2021-10-24,Riverside,065,2383286,357912,354688,16944,371632,5041
2021-10-24,Sacramento,067,1510023,156757,155125,4636,159761,2232
2021-10-24,San Benito,069,59416,7328,7280,176,7456,71
2021-10-24,San Bernardino,071,2135413,350383,347681,11526,359207,5688
2021-10-24,San Diego,073,3302833,370321,366085,21490,387575,4183
2021-10-24,San Francisco,075,870044,52177,51820,2663,54483,649
2021-10-24,San Joaquin,077,732212,98469,97440,5549,102989,1721
2021-10-24,San Luis Obispo,079,281455,29076,28755,1242,29997,333
2021-10-24,San Mateo,081,765935,53080,52719,1538,54257,571
2021-10-24,Santa Barbara,083,443738,44037,43552,1668,45220,523
2021-10-24,Santa Clara,085,1922200,145466,144276,1340,145616,1897
2021-10-24,Santa Cruz,087,273765,20123,19967,1077,21044,221
2021-10-24,Shasta,089,179085,20899,20386,3608,23994,321
2021-10-24,Sierra,091,2930,179,168,22,190,0
2021-10-24,Siskiyou,093,43540,3274,3231,1307,4538,46
2021-10-24,Solano,095,438530,45191,44861,1216,46077,341
2021-10-24,Sonoma,097,501317,40910,40476,528,41004,393
2021-10-24,Stanislaus,099,539301,77811,76812,9002,85814,1145
2021-10-24,Sutter,101,95872,13768,13616,338,13954,175
2021-10-24,Tehama,103,63373,8277,8105,1491,9596,110
2021-10-24,Trinity,105,12862,757,696,193,889,11
2021-10-24,Tulare,107,460477,66746,65585,15199,80784,978
2021-10-24,Tuolumne,109,53932,7074,6840,85,6925,90
2021-10-24,Ventura,111,848112,97127,96664,4402,101066,1167
2021-10-24,Yolo,113,214977,19541,19280,1141,20421,248
2021-10-24,Yuba,115,75493,9966,9838,308,10146,82
2021-10-23,Alameda,001,1643700,118613,117816,2926,120742,1397
2021-10-23,Alpine,003,1148,105,105,0,105,0
2021-10-23,Amador,005,37829,5493,5412,61,5473,64
2021-10-23,Butte,007,227075,20467,20101,3785,23886,273
2021-10-23,Calaveras,009,45235,3964,3865,52,3917,81
2021-10-23,Colusa,011,21464,2495,2458,639,3097,18
2021-10-23,Contra Costa,013,1133247,98470,97855,2209,100064,1008
2021-10-23,Del Norte,015,27424,3645,3540,55,3595,42
2021-10-23,El Dorado,017,186661,15772,15540,1709,17249,149
2021-10-23,Fresno,019,978130,136652,134466,12236,146702,2094
2021-10-23,Glenn,021,27897,3427,3399,997,4396,33
2021-10-23,Humboldt,023,135768,8875,8753,547,9300,105
2021-10-23,Imperial,025,180216,33079,32777,3305,36082,766
2021-10-23,Inyo,027,18085,2226,2108,36,2144,41
2021-10-23,Kern,029,883053,124914,122939,21871,144810,1636
2021-10-23,Kings,031,150075,31500,30942,2015,32957,325
2021-10-23,Lake,033,64148,6627,6501,144,6645,105
2021-10-23,Lassen,035,31185,6747,6632,369,7001,27
2021-10-23,Los Angeles,037,10098052,1424993,1415919,56309,1472228,26527
2021-10-23,Madera,039,155013,22540,22062,1964,24026,281
2021-10-23,Marin,041,260295,17380,17264,454,17718,244
2021-10-23,Mariposa,043,17540,1234,1184,36,1220,5
2021-10-23,Mendocino,045,87422,7338,7220,471,7691,82
2021-10-23,Merced,047,269075,41357,40808,1741,42549,581
2021-10-23,Modoc,049,8938,519,507,184,691,5
2021-10-23,Mono,051,14174,1673,1655,19,1674,3
2021-10-23,Monterey,053,433212,47657,47456,3566,51022,586
2021-10-23,Napa,055,140530,12880,12789,106,12895,100
2021-10-23,Nevada,057,99092,9010,8861,324,9185,90
2021-10-23,Orange,059,3164182,304381,302237,15248,317485,5546
2021-10-23,Placer,061,380077,36399,35822,3680,39502,426
2021-10-23,Plumas,063,18699,1703,1623,38,1661,7
2021-10-23,Riverside,065,2383286,357592,354688,16937,371625,5041
2021-10-23,Sacramento,067,1510023,156628,155125,4628,159753,2232
2021-10-23,San Benito,069,59416,7318,7280,176,7456,71
2021-10-23,San Bernardino,071,2135413,350118,347681,11519,359200,5688
2021-10-23,San Diego,073,3302833,369963,366085,21460,387545,4183
2021-10-23,San Francisco,075,870044,52144,51820,2660,54480,649
2021-10-23,San Joaquin,077,732212,98402,97440,5540,102980,1721
2021-10-23,San Luis Obispo,079,281455,29039,28755,1240,29995,333
2021-10-23,San Mateo,081,765935,53050,52719,1528,54247,571
2021-10-23,Santa Barbara,083,443738,44006,43552,1666,45218,523
2021-10-23,Santa Clara,085,1922200,145357,144276,1336,145612,1897
2021-10-23,Santa Cruz,087,273765,20111,19967,1077,21044,221
2021-10-23,Shasta,089,179085,20863,20386,3596,23982,321
2021-10-23,Sierra,091,2930,178,168,22,190,0
2021-10-23,Siskiyou,093,43540,3272,3231,1307,4538,46
2021-10-23,Solano,095,438530,45166,44861,1213,46074,341
2021-10-23,Sonoma,097,501317,40870,40476,528,41004,393
2021-10-23,Stanislaus,099,539301,77722,76812,8983,85795,1145
2021-10-23,Sutter,101,95872,13763,13616,337,13953,175
2021-10-23,Tehama,103,63373,8265,8105,1490,9595,110
2021-10-23,Trinity,105,12862,756,696,193,889,11
2021-10-23,Tulare,107,460477,66660,65585,15138,80723,978
2021-10-23,Tuolumne,109,53932,7054,6840,85,6925,90
2021-10-23,Ventura,111,848112,97069,96664,4401,101065,1167
2021-10-23,Yolo,113,214977,19523,19280,1138,20418,248
2021-10-23,Yuba,115,75493,9958,9838,308,10146,82
2021-10-22,Alameda,001,1643700,118528,117816,2922,120738,1397
2021-10-22,Alpine,003,1148,105,105,0,105,0
2021-10-22,Amador,005,37829,5482,5412,61,5473,64
2021-10-22,Butte,007,227075,20435,20101,3781,23882,273
2021-10-22,Calaveras,009,45235,3956,3865,52,3917,81
2021-10-22,Colusa,011,21464,2492,2458,639,3097,18
2021-10-22,Contra Costa,013,1133247,98379,97855,2207,100062,1008
2021-10-22,Del Norte,015,27424,3641,3540,55,3595,42
2021-10-22,El Dorado,017,186661,15759,15540,1707,17247,149
2021-10-22,Fresno,019,978130,136439,134466,12231,146697,2094
2021-10-22,Glenn,021,27897,3416,3399,997,4396,33
2021-10-22,Humboldt,023,135768,8862,8753,546,9299,105
2021-10-22,Imperial,025,180216,33036,32777,3305,36082,766
2021-10-22,Inyo,027,18085,2213,2108,36,2144,41
2021-10-22,Kern,029,883053,124727,122939,21799,144738,1636
2021-10-22,Kings,031,150075,31465,30942,2014,32956,325
2021-10-22,Lake,033,64148,6617,6501,144,6645,105
2021-10-22,Lassen,035,31185,6740,6632,366,6998,27
2021-10-22,Los Angeles,037,10098052,1424246,1415919,56249,1472168,26527
2021-10-22,Madera,039,155013,22491,22062,1952,24014,281
2021-10-22,Marin,041,260295,17368,17264,454,17718,244
2021-10-22,Mariposa,043,17540,1231,1184,36,1220,5
2021-10-22,Mendocino,045,87422,7324,7220,470,7690,82
2021-10-22,Merced,047,269075,41318,40808,1736,42544,581
2021-10-22,Modoc,049,8938,519,507,184,691,5
2021-10-22,Mono,051,14174,1673,1655,19,1674,3
2021-10-22,Monterey,053,433212,47635,47456,3552,51008,586
2021-10-22,Napa,055,140530,12874,12789,106,12895,100
2021-10-22,Nevada,057,99092,8993,8861,323,9184,90
2021-10-22,Orange,059,3164182,304164,302237,15222,317459,5546
2021-10-22,Placer,061,380077,36371,35822,3671,39493,426
2021-10-22,Plumas,063,18699,1697,1623,38,1661,7
2021-10-22,Riverside,065,2383286,357281,354688,16932,371620,5041
2021-10-22,Sacramento,067,1510023,156442,155125,4618,159743,2232
2021-10-22,San Benito,069,59416,7313,7280,176,7456,71
2021-10-22,San Bernardino,071,2135413,349796,347681,11505,359186,5688
2021-10-22,San Diego,073,3302833,369552,366085,21441,387526,4183
2021-10-22,San Francisco,075,870044,52112,51820,2653,54473,649
2021-10-22,San Joaquin,077,732212,98344,97440,5537,102977,1721
2021-10-22,San Luis Obispo,079,281455,29009,28755,1240,29995,333
2021-10-22,San Mateo,081,765935,53005,52719,1516,54235,571
2021-10-22,Santa Barbara,083,443738,43965,43552,1666,45218,523
2021-10-22,Santa Clara,085,1922200,145202,144276,1328,145604,1897
2021-10-22,Santa Cruz,087,273765,20089,19967,1077,21044,221
2021-10-22,Shasta,089,179085,20831,20386,3593,23979,321
2021-10-22,Sierra,091,2930,177,168,21,189,0
2021-10-22,Siskiyou,093,43540,3270,3231,1304,4535,46
2021-10-22,Solano,095,438530,45131,44861,1209,46070,341
2021-10-22,Sonoma,097,501317,40814,40476,528,41004,393
2021-10-22,Stanislaus,099,539301,77620,76812,8963,85775,1145
2021-10-22,Sutter,101,95872,13748,13616,337,13953,175
2021-10-22,Tehama,103,63373,8244,8105,1485,9590,110
2021-10-22,Trinity,105,12862,755,696,193,889,11
2021-10-22,Tulare,107,460477,66577,65585,15083,80668,978
2021-10-22,Tuolumne,109,53932,7019,6840,85,6925,90
2021-10-22,Ventura,111,848112,97017,96664,4395,101059,1167
2021-10-22,Yolo,113,214977,19496,19280,1135,20415,248
2021-10-22,Yuba,115,75493,9944,9838,306,10144,82
2021-10-21,Alameda,001,1643700,118414,117816,2918,120734,1397
2021-10-21,Alpine,003,1148,105,105,0,105,0
2021-10-21,Amador,005,37829,5474,5412,61,5473,64
2021-10-21,Butte,007,227075,20352,20101,3768,23869,273
2021-10-21,Calaveras,009,45235,3937,3865,52,3917,81
2021-10-21,Colusa,011,21464,2488,2458,632,3090,18
2021-10-21,Contra Costa,013,1133247,98266,97855,2201,100056,1008
2021-10-21,Del Norte,015,27424,3635,3540,54,3594,42
2021-10-21,El Dorado,017,186661,15731,15540,1700,17240,149
2021-10-21,Fresno,019,978130,136091,134466,12194,146660,2094
2021-10-21,Glenn,021,27897,3412,3399,993,4392,33
2021-10-21,Humboldt,023,135768,8847,8753,542,9295,105
2021-10-21,Imperial,025,180216,32982,32777,3300,36077,766
2021-10-21,Inyo,027,18085,2191,2108,36,2144,41
2021-10-21,Kern,029,883053,124480,122939,21685,144624,1636
2021-10-21,Kings,031,150075,31366,30942,2008,32950,325
2021-10-21,Lake,033,64148,6604,6501,144,6645,105
2021-10-21,Lassen,035,31185,6727,6632,362,6994,27
2021-10-21,Los Angeles,037,10098052,1423138,1415919,56197,1472116,26527
2021-10-21,Madera,039,155013,22433,22062,1943,24005,281
2021-10-21,Marin,041,260295,17350,17264,454,17718,244
2021-10-21,Mariposa,043,17540,1225,1184,35,1219,5
2021-10-21,Mendocino,045,87422,7306,7220,462,7682,82
2021-10-21,Merced,047,269075,41216,40808,1729,42537,581
2021-10-21,Modoc,049,8938,519,507,184,691,5
2021-10-21,Mono,051,14174,1665,1655,19,1674,3
2021-10-21,Monterey,053,433212,47608,47456,3533,50989,586
2021-10-21,Napa,055,140530,12862,12789,106,12895,100
2021-10-21,Nevada,057,99092,8968,8861,323,9184,90
2021-10-21,Orange,059,3164182,303890,302237,15188,317425,5546
2021-10-21,Placer,061,380077,36283,35822,3658,39480,426
2021-10-21,Plumas,063,18699,1683,1623,38,1661,7
2021-10-21,Riverside,065,2383286,356835,354688,16920,371608,5041
2021-10-21,Sacramento,067,1510023,156126,155125,4592,159717,2232
2021-10-21,San Benito,069,59416,7306,7280,174,7454,71
2021-10-21,San Bernardino,071,2135413,349422,347681,11470,359151,5688
2021-10-21,San Diego,073,3302833,369030,366085,21408,387493,4183
2021-10-21,San Francisco,075,870044,52057,51820,2652,54472,649
2021-10-21,San Joaquin,077,732212,98205,97440,5530,102970,1721
2021-10-21,San Luis Obispo,079,281455,28967,28755,1238,29993,333
2021-10-21,San Mateo,081,765935,52962,52719,1513,54232,571
2021-10-21,Santa Barbara,083,443738,43900,43552,1664,45216,523
2021-10-21,Santa Clara,085,1922200,145029,144276,1326,145602,1897
2021-10-21,Santa Cruz,087,273765,20065,19967,1075,21042,221
2021-10-21,Shasta,089,179085,20769,20386,3578,23964,321
2021-10-21,Sierra,091,2930,176,168,20,188,0
2021-10-21,Siskiyou,093,43540,3265,3231,1302,4533,46
2021-10-21,Solano,095,438530,45081,44861,1207,46068,341
2021-10-21,Sonoma,097,501317,40747,40476,526,41002,393
2021-10-21,Stanislaus,099,539301,77451,76812,8952,85764,1145
2021-10-21,Sutter,101,95872,13720,13616,333,13949,175
2021-10-21,Tehama,103,63373,8216,8105,1478,9583,110
2021-10-21,Trinity,105,12862,753,696,193,889,11
2021-10-21,Tulare,107,460477,66389,65585,15010,80595,978
2021-10-21,Tuolumne,109,53932,6982,6840,84,6924,90
2021-10-21,Ventura,111,848112,96925,96664,4394,101058,1167
2021-10-21,Yolo,113,214977,19451,19280,1133,20413,248
2021-10-21,Yuba,115,75493,9920,9838,305,10143,82
2021-10-20,Alameda,001,1643700,118295,117654,2916,120570,1390
2021-10-20,Alpine,003,1148,105,103,0,103,0
2021-10-20,Amador,005,37829,5466,5379,61,5440,64
2021-10-20,Butte,007,227075,20298,20021,3753,23774,270
2021-10-20,Calaveras,009,45235,3916,3844,51,3895,81
2021-10-20,Colusa,011,21464,2484,2454,631,3085,18
2021-10-20,Contra Costa,013,1133247,98156,97721,2195,99916,1008
2021-10-20,Del Norte,015,27424,3631,3536,54,3590,42
2021-10-20,El Dorado,017,186661,15701,15502,1696,17198,149
2021-10-20,Fresno,019,978130,135695,134025,12169,146194,2084
2021-10-20,Glenn,021,27897,3405,3382,991,4373,33
2021-10-20,Humboldt,023,135768,8825,8727,540,9267,105
2021-10-20,Imperial,025,180216,32910,32705,3292,35997,766
2021-10-20,Inyo,027,18085,2171,2077,35,2112,40
2021-10-20,Kern,029,883053,124187,122630,21564,144194,1623
2021-10-20,Kings,031,150075,31291,30805,1998,32803,322
2021-10-20,Lake,033,64148,6582,6475,144,6619,104
2021-10-20,Lassen,035,31185,6712,6622,362,6984,27
2021-10-20,Los Angeles,037,10098052,1422034,1414931,56117,1471048,26506
2021-10-20,Madera,039,155013,22363,21983,1935,23918,281
2021-10-20,Marin,041,260295,17329,17250,452,17702,244
2021-10-20,Mariposa,043,17540,1218,1174,35,1209,5
2021-10-20,Mendocino,045,87422,7279,7189,459,7648,82
2021-10-20,Merced,047,269075,41129,40685,1718,42403,581
2021-10-20,Modoc,049,8938,519,504,184,688,5
2021-10-20,Mono,051,14174,1664,1653,19,1672,3
2021-10-20,Monterey,053,433212,47585,47430,3519,50949,587
2021-10-20,Napa,055,140530,12849,12773,105,12878,100
2021-10-20,Nevada,057,99092,8941,8836,323,9159,90
2021-10-20,Orange,059,3164182,303610,301957,15167,317124,5534
2021-10-20,Placer,061,380077,36194,35729,3649,39378,425
2021-10-20,Plumas,063,18699,1676,1604,38,1642,7
2021-10-20,Riverside,065,2383286,356391,354311,16902,371213,5030
2021-10-20,Sacramento,067,1510023,155827,154822,4569,159391,2222
2021-10-20,San Benito,069,59416,7303,7275,172,7447,71
2021-10-20,San Bernardino,071,2135413,349029,347217,11440,358657,5663
2021-10-20,San Diego,073,3302833,368518,365698,21384,387082,4178
2021-10-20,San Francisco,075,870044,52011,51755,2647,54402,646
2021-10-20,San Joaquin,077,732212,98058,97246,5522,102768,1721
2021-10-20,San Luis Obispo,079,281455,28923,28727,1234,29961,332
2021-10-20,San Mateo,081,765935,52900,52663,1495,54158,571
2021-10-20,Santa Barbara,083,443738,43840,43489,1663,45152,523
2021-10-20,Santa Clara,085,1922200,144893,144124,1322,145446,1896
2021-10-20,Santa Cruz,087,273765,20052,19951,1075,21026,219
2021-10-20,Shasta,089,179085,20710,20313,3550,23863,320
2021-10-20,Sierra,091,2930,176,168,20,188,0
2021-10-20,Siskiyou,093,43540,3265,3224,1296,4520,46
2021-10-20,Solano,095,438530,45049,44819,1205,46024,341
2021-10-20,Sonoma,097,501317,40703,40404,526,40930,393
2021-10-20,Stanislaus,099,539301,77301,76631,8933,85564,1145
2021-10-20,Sutter,101,95872,13696,13592,327,13919,175
2021-10-20,Tehama,103,63373,8185,8081,1467,9548,110
2021-10-20,Trinity,105,12862,753,693,192,885,11
2021-10-20,Tulare,107,460477,66215,65413,14964,80377,967
2021-10-20,Tuolumne,109,53932,6961,6803,84,6887,89
2021-10-20,Ventura,111,848112,96835,96610,4391,101001,1166
2021-10-20,Yolo,113,214977,19407,19236,1132,20368,248
2021-10-20,Yuba,115,75493,9903,9808,302,10110,82
2021-10-19,Alameda,001,1643700,118184,117542,2910,120452,1383
2021-10-19,Alpine,003,1148,105,103,0,103,0
2021-10-19,Amador,005,37829,5450,5367,61,5428,64
2021-10-19,Butte,007,227075,20244,19974,3745,23719,268
2021-10-19,Calaveras,009,45235,3899,3826,50,3876,80
2021-10-19,Colusa,011,21464,2481,2447,629,3076,18
2021-10-19,Contra Costa,013,1133247,98066,97613,2189,99802,1004
2021-10-19,Del Norte,015,27424,3624,3531,54,3585,42
2021-10-19,El Dorado,017,186661,15676,15478,1691,17169,149
2021-10-19,Fresno,019,978130,135338,133813,12136,145949,2073
2021-10-19,Glenn,021,27897,3404,3380,987,4367,33
2021-10-19,Humboldt,023,135768,8801,8714,534,9248,105
2021-10-19,Imperial,025,180216,32842,32632,3288,35920,764
2021-10-19,Inyo,027,18085,2140,2045,35,2080,40
2021-10-19,Kern,029,883053,123869,122391,21439,143830,1613
2021-10-19,Kings,031,150075,31196,30757,1991,32748,322
2021-10-19,Lake,033,64148,6578,6465,144,6609,104
2021-10-19,Lassen,035,31185,6706,6612,357,6969,27
2021-10-19,Los Angeles,037,10098052,1420800,1413882,56035,1469917,26473
2021-10-19,Madera,039,155013,22300,21950,1927,23877,281
2021-10-19,Marin,041,260295,17315,17241,449,17690,244
2021-10-19,Mariposa,043,17540,1212,1171,33,1204,5
2021-10-19,Mendocino,045,87422,7264,7172,456,7628,82
2021-10-19,Merced,047,269075,41013,40628,1698,42326,580
2021-10-19,Modoc,049,8938,517,502,184,686,5
2021-10-19,Mono,051,14174,1658,1651,19,1670,3
2021-10-19,Monterey,053,433212,47556,47412,3499,50911,583
2021-10-19,Napa,055,140530,12842,12769,105,12874,100
2021-10-19,Nevada,057,99092,8920,8829,322,9151,90
2021-10-19,Orange,059,3164182,303357,301700,15137,316837,5527
2021-10-19,Placer,061,380077,36073,35663,3634,39297,422
2021-10-19,Plumas,063,18699,1658,1586,38,1624,8
2021-10-19,Riverside,065,2383286,355969,353891,16894,370785,5020
2021-10-19,Sacramento,067,1510023,155525,154570,4540,159110,2227
2021-10-19,San Benito,069,59416,7287,7264,172,7436,71
2021-10-19,San Bernardino,071,2135413,348632,346814,11410,358224,5627
2021-10-19,San Diego,073,3302833,367926,365285,21351,386636,4170
2021-10-19,San Francisco,075,870044,51951,51704,2644,54348,645
2021-10-19,San Joaquin,077,732212,97892,97105,5510,102615,1721
2021-10-19,San Luis Obispo,079,281455,28876,28670,1231,29901,332
2021-10-19,San Mateo,081,765935,52848,52617,1487,54104,571
2021-10-19,Santa Barbara,083,443738,43773,43413,1661,45074,522
2021-10-19,Santa Clara,085,1922200,144721,143989,1314,145303,1898
2021-10-19,Santa Cruz,087,273765,20028,19895,1073,20968,218
2021-10-19,Shasta,089,179085,20633,20209,3542,23751,319
2021-10-19,Sierra,091,2930,173,168,20,188,0
2021-10-19,Siskiyou,093,43540,3261,3216,1291,4507,46
2021-10-19,Solano,095,438530,45008,44782,1201,45983,341
2021-10-19,Sonoma,097,501317,40629,40379,525,40904,392
2021-10-19,Stanislaus,099,539301,77162,76526,8919,85445,1145
2021-10-19,Sutter,101,95872,13672,13569,326,13895,174
2021-10-19,Tehama,103,63373,8155,8057,1451,9508,108
2021-10-19,Trinity,105,12862,746,691,192,883,11
2021-10-19,Tulare,107,460477,66032,65253,14896,80149,958
2021-10-19,Tuolumne,109,53932,6933,6782,83,6865,89
2021-10-19,Ventura,111,848112,96755,96539,4388,100927,1166
2021-10-19,Yolo,113,214977,19364,19206,1127,20333,248
2021-10-19,Yuba,115,75493,9886,9796,300,10096,82
2021-10-18,Alameda,001,1643700,118050,117506,2901,120407,1381
2021-10-18,Alpine,003,1148,105,103,0,103,0
2021-10-18,Amador,005,37829,5439,5345,61,5406,64
2021-10-18,Butte,007,227075,20194,19921,3737,23658,265
2021-10-18,Calaveras,009,45235,3874,3819,49,3868,80
2021-10-18,Colusa,011,21464,2480,2444,627,3071,18
2021-10-18,Contra Costa,013,1133247,97957,97585,2186,99771,995
2021-10-18,Del Norte,015,27424,3617,3529,54,3583,41
2021-10-18,El Dorado,017,186661,15645,15452,1688,17140,149
2021-10-18,Fresno,019,978130,134942,133688,12101,145789,2063
2021-10-18,Glenn,021,27897,3398,3370,981,4351,32
2021-10-18,Humboldt,023,135768,8783,8699,525,9224,104
2021-10-18,Imperial,025,180216,32751,32558,3288,35846,764
2021-10-18,Inyo,027,18085,2122,2020,35,2055,40
2021-10-18,Kern,029,883053,123570,122231,21340,143571,1605
2021-10-18,Kings,031,150075,31080,30698,1978,32676,320
2021-10-18,Lake,033,64148,6559,6455,142,6597,104
2021-10-18,Lassen,035,31185,6686,6607,354,6961,26
2021-10-18,Los Angeles,037,10098052,1419561,1413291,55956,1469247,26446
2021-10-18,Madera,039,155013,22246,21909,1915,23824,277
2021-10-18,Marin,041,260295,17294,17232,446,17678,244
2021-10-18,Mariposa,043,17540,1204,1160,33,1193,5
2021-10-18,Mendocino,045,87422,7245,7156,447,7603,82
2021-10-18,Merced,047,269075,40889,40573,1688,42261,579
2021-10-18,Modoc,049,8938,517,498,184,682,5
2021-10-18,Mono,051,14174,1647,1648,18,1666,3
2021-10-18,Monterey,053,433212,47539,47389,3489,50878,583
2021-10-18,Napa,055,140530,12827,12762,105,12867,100
2021-10-18,Nevada,057,99092,8901,8816,322,9138,90
2021-10-18,Orange,059,3164182,303022,301573,15102,316675,5524
2021-10-18,Placer,061,380077,35995,35598,3630,39228,420
2021-10-18,Plumas,063,18699,1650,1579,38,1617,6
2021-10-18,Riverside,065,2383286,355554,353699,16879,370578,5008
2021-10-18,Sacramento,067,1510023,155219,154428,4508,158936,2203
2021-10-18,San Benito,069,59416,7275,7253,171,7424,71
2021-10-18,San Bernardino,071,2135413,348215,346742,11395,358137,5606
2021-10-18,San Diego,073,3302833,367364,364948,21308,386256,4169
2021-10-18,San Francisco,075,870044,51889,51671,2637,54308,644
2021-10-18,San Joaquin,077,732212,97727,97041,5500,102541,1721
2021-10-18,San Luis Obispo,079,281455,28837,28644,1228,29872,331
2021-10-18,San Mateo,081,765935,52787,52594,1485,54079,571
2021-10-18,Santa Barbara,083,443738,43716,43386,1659,45045,522
2021-10-18,Santa Clara,085,1922200,144567,143891,1305,145196,1895
2021-10-18,Santa Cruz,087,273765,20014,19876,1071,20947,218
2021-10-18,Shasta,089,179085,20552,20146,3531,23677,313
2021-10-18,Sierra,091,2930,173,166,20,186,0
2021-10-18,Siskiyou,093,43540,3258,3210,1283,4493,42
2021-10-18,Solano,095,438530,44964,44758,1199,45957,339
2021-10-18,Sonoma,097,501317,40567,40349,521,40870,392
2021-10-18,Stanislaus,099,539301,76998,76466,8905,85371,1145
2021-10-18,Sutter,101,95872,13638,13557,324,13881,172
2021-10-18,Tehama,103,63373,8121,8042,1439,9481,107
2021-10-18,Trinity,105,12862,745,688,192,880,11
2021-10-18,Tulare,107,460477,65858,65171,14832,80003,958
2021-10-18,Tuolumne,109,53932,6904,6755,83,6838,89
2021-10-18,Ventura,111,848112,96663,96506,4386,100892,1165
2021-10-18,Yolo,113,214977,19328,19197,1124,20321,248
2021-10-18,Yuba,115,75493,9860,9782,297,10079,82
2021-10-17,Alameda,001,1643700,117903,117423,2896,120319,1376
2021-10-17,Alpine,003,1148,105,103,0,103,0
2021-10-17,Amador,005,37829,5416,5341,61,5402,64
2021-10-17,Butte,007,227075,20108,19897,3728,23625,265
2021-10-17,Calaveras,009,45235,3858,3805,49,3854,80
2021-10-17,Colusa,011,21464,2475,2442,620,3062,18
2021-10-17,Contra Costa,013,1133247,97833,97485,2175,99660,995
2021-10-17,Del Norte,015,27424,3612,3526,54,3580,41
2021-10-17,El Dorado,017,186661,15586,15438,1681,17119,149
2021-10-17,Fresno,019,978130,134473,133429,12070,145499,2063
2021-10-17,Glenn,021,27897,3382,3364,979,4343,32
2021-10-17,Humboldt,023,135768,8763,8690,522,9212,104
2021-10-17,Imperial,025,180216,32669,32520,3282,35802,764
2021-10-17,Inyo,027,18085,2094,2000,35,2035,40
2021-10-17,Kern,029,883053,123222,122085,21241,143326,1603
2021-10-17,Kings,031,150075,30967,30636,1968,32604,315
2021-10-17,Lake,033,64148,6543,6437,141,6578,104
2021-10-17,Lassen,035,31185,6674,6605,349,6954,26
2021-10-17,Los Angeles,037,10098052,1418232,1412371,55873,1468244,26443
2021-10-17,Madera,039,155013,22184,21869,1906,23775,277
2021-10-17,Marin,041,260295,17273,17211,446,17657,243
2021-10-17,Mariposa,043,17540,1197,1150,33,1183,5
2021-10-17,Mendocino,045,87422,7218,7148,440,7588,82
2021-10-17,Merced,047,269075,40762,40531,1674,42205,579
2021-10-17,Modoc,049,8938,514,498,182,680,5
2021-10-17,Mono,051,14174,1646,1640,17,1657,3
2021-10-17,Monterey,053,433212,47507,47369,3469,50838,583
2021-10-17,Napa,055,140530,12812,12753,102,12855,100
2021-10-17,Nevada,057,99092,8884,8794,321,9115,90
2021-10-17,Orange,059,3164182,302711,301414,15070,316484,5524
2021-10-17,Placer,061,380077,35894,35559,3615,39174,420
2021-10-17,Plumas,063,18699,1627,1571,35,1606,6
2021-10-17,Riverside,065,2383286,355074,353500,16863,370363,5008
2021-10-17,Sacramento,067,1510023,154820,154080,4486,158566,2213
2021-10-17,San Benito,069,59416,7266,7250,170,7420,71
2021-10-17,San Bernardino,071,2135413,347789,346524,11376,357900,5597
2021-10-17,San Diego,073,3302833,366757,364675,21278,385953,4163
2021-10-17,San Francisco,075,870044,51816,51625,2628,54253,644
2021-10-17,San Joaquin,077,732212,97553,96950,5491,102441,1721
2021-10-17,San Luis Obispo,079,281455,28786,28604,1220,29824,331
2021-10-17,San Mateo,081,765935,52744,52541,1473,54014,571
2021-10-17,Santa Barbara,083,443738,43654,43344,1658,45002,522
2021-10-17,Santa Clara,085,1922200,144392,143768,1295,145063,1895
2021-10-17,Santa Cruz,087,273765,19986,19861,1069,20930,218
2021-10-17,Shasta,089,179085,20463,20116,3520,23636,312
2021-10-17,Sierra,091,2930,171,165,20,185,0
2021-10-17,Siskiyou,093,43540,3250,3204,1280,4484,42
2021-10-17,Solano,095,438530,44908,44722,1198,45920,340
2021-10-17,Sonoma,097,501317,40492,40306,521,40827,392
2021-10-17,Stanislaus,099,539301,76802,76354,8891,85245,1145
2021-10-17,Sutter,101,95872,13621,13543,322,13865,172
2021-10-17,Tehama,103,63373,8089,8015,1422,9437,107
2021-10-17,Trinity,105,12862,742,686,191,877,11
2021-10-17,Tulare,107,460477,65676,65057,14757,79814,958
2021-10-17,Tuolumne,109,53932,6869,6735,82,6817,89
2021-10-17,Ventura,111,848112,96568,96458,4383,100841,1165
2021-10-17,Yolo,113,214977,19289,19171,1114,20285,248
2021-10-17,Yuba,115,75493,9834,9771,295,10066,82
2021-10-16,Alameda,001,1643700,117816,117027,2895,119922,1365
2021-10-16,Alpine,003,1148,104,102,0,102,0
2021-10-16,Amador,005,37829,5409,5310,61,5371,64
2021-10-16,Butte,007,227075,20077,19612,3721,23333,260
2021-10-16,Calaveras,009,45235,3851,3771,49,3820,80
2021-10-16,Colusa,011,21464,2471,2431,617,3048,18
2021-10-16,Contra Costa,013,1133247,97742,97107,2172,99279,982
2021-10-16,Del Norte,015,27424,3609,3516,54,3570,41
2021-10-16,El Dorado,017,186661,15563,15315,1679,16994,149
2021-10-16,Fresno,019,978130,134324,132433,12063,144496,2051
2021-10-16,Glenn,021,27897,3379,3331,979,4310,26
2021-10-16,Humboldt,023,135768,8750,8621,517,9138,104
2021-10-16,Imperial,025,180216,32654,32368,3280,35648,764
2021-10-16,Inyo,027,18085,2080,1932,35,1967,39
2021-10-16,Kern,029,883053,123069,121354,21155,142509,1590
2021-10-16,Kings,031,150075,30919,30418,1965,32383,314
2021-10-16,Lake,033,64148,6532,6378,141,6519,104
2021-10-16,Lassen,035,31185,6666,6559,344,6903,26
2021-10-16,Los Angeles,037,10098052,1417586,1409418,55816,1465234,26398
2021-10-16,Madera,039,155013,22140,21707,1903,23610,277
2021-10-16,Marin,041,260295,17264,17148,446,17594,243
2021-10-16,Mariposa,043,17540,1194,1096,33,1129,5
2021-10-16,Mendocino,045,87422,7208,7099,440,7539,82
2021-10-16,Merced,047,269075,40729,40265,1673,41938,577
2021-10-16,Modoc,049,8938,511,492,182,674,5
2021-10-16,Mono,051,14174,1645,1628,17,1645,3
2021-10-16,Monterey,053,433212,47493,47293,3458,50751,582
2021-10-16,Napa,055,140530,12801,12706,102,12808,100
2021-10-16,Nevada,057,99092,8864,8739,321,9060,90
2021-10-16,Orange,059,3164182,302537,300722,15047,315769,5509
2021-10-16,Placer,061,380077,35810,35343,3608,38951,412
2021-10-16,Plumas,063,18699,1622,1542,34,1576,6
2021-10-16,Riverside,065,2383286,354806,352435,16851,369286,4990
2021-10-16,Sacramento,067,1510023,154621,153264,4482,157746,2192
2021-10-16,San Benito,069,59416,7253,7210,169,7379,71
2021-10-16,San Bernardino,071,2135413,347585,345418,11369,356787,5566
2021-10-16,San Diego,073,3302833,366435,363109,21262,384371,4151
2021-10-16,San Francisco,075,870044,51768,51436,2623,54059,645
2021-10-16,San Joaquin,077,732212,97483,96507,5488,101995,1708
2021-10-16,San Luis Obispo,079,281455,28760,28460,1219,29679,329
2021-10-16,San Mateo,081,765935,52701,52399,1467,53866,569
2021-10-16,Santa Barbara,083,443738,43618,43175,1657,44832,521
2021-10-16,Santa Clara,085,1922200,144290,143282,1287,144569,1890
2021-10-16,Santa Cruz,087,273765,19971,19794,1068,20862,218
2021-10-16,Shasta,089,179085,20414,19932,3508,23440,309
2021-10-16,Sierra,091,2930,169,160,20,180,0
2021-10-16,Siskiyou,093,43540,3248,3173,1273,4446,42
2021-10-16,Solano,095,438530,44882,44585,1194,45779,334
2021-10-16,Sonoma,097,501317,40452,40195,521,40716,390
2021-10-16,Stanislaus,099,539301,76716,75868,8882,84750,1142
2021-10-16,Sutter,101,95872,13602,13471,321,13792,169
2021-10-16,Tehama,103,63373,8075,7907,1417,9324,104
2021-10-16,Trinity,105,12862,742,679,191,870,11
2021-10-16,Tulare,107,460477,65542,64489,14723,79212,951
2021-10-16,Tuolumne,109,53932,6837,6666,82,6748,89
2021-10-16,Ventura,111,848112,96540,96181,4378,100559,1164
2021-10-16,Yolo,113,214977,19263,19078,1108,20186,247
2021-10-16,Yuba,115,75493,9811,9705,291,9996,82
2021-10-15,Alameda,001,1643700,117745,117027,2891,119918,1365
2021-10-15,Alpine,003,1148,104,102,0,102,0
2021-10-15,Amador,005,37829,5385,5310,61,5371,64
2021-10-15,Butte,007,227075,20041,19612,3714,23326,260
2021-10-15,Calaveras,009,45235,3845,3771,49,3820,80
2021-10-15,Colusa,011,21464,2469,2431,613,3044,18
2021-10-15,Contra Costa,013,1133247,97661,97107,2169,99276,982
2021-10-15,Del Norte,015,27424,3607,3516,54,3570,41
2021-10-15,El Dorado,017,186661,15543,15315,1674,16989,149
2021-10-15,Fresno,019,978130,134073,132433,12057,144490,2051
2021-10-15,Glenn,021,27897,3375,3331,978,4309,26
2021-10-15,Humboldt,023,135768,8741,8621,515,9136,104
2021-10-15,Imperial,025,180216,32607,32368,3276,35644,764
2021-10-15,Inyo,027,18085,2062,1932,35,1967,39
2021-10-15,Kern,029,883053,122934,121354,21081,142435,1590
2021-10-15,Kings,031,150075,30864,30418,1961,32379,314
2021-10-15,Lake,033,64148,6523,6378,141,6519,104
2021-10-15,Lassen,035,31185,6654,6559,343,6902,26
2021-10-15,Los Angeles,037,10098052,1416897,1409418,55767,1465185,26398
2021-10-15,Madera,039,155013,22096,21707,1897,23604,277
2021-10-15,Marin,041,260295,17253,17148,446,17594,243
2021-10-15,Mariposa,043,17540,1186,1096,33,1129,5
2021-10-15,Mendocino,045,87422,7193,7099,440,7539,82
2021-10-15,Merced,047,269075,40699,40265,1670,41935,577
2021-10-15,Modoc,049,8938,510,492,182,674,5
2021-10-15,Mono,051,14174,1644,1628,17,1645,3
2021-10-15,Monterey,053,433212,47473,47293,3454,50747,582
2021-10-15,Napa,055,140530,12797,12706,102,12808,100
2021-10-15,Nevada,057,99092,8849,8739,321,9060,90
2021-10-15,Orange,059,3164182,302369,300722,15030,315752,5509
2021-10-15,Placer,061,380077,35757,35343,3602,38945,412
2021-10-15,Plumas,063,18699,1614,1542,34,1576,6
2021-10-15,Riverside,065,2383286,354564,352435,16846,369281,4990
2021-10-15,Sacramento,067,1510023,154436,153264,4472,157736,2192
2021-10-15,San Benito,069,59416,7250,7210,169,7379,71
2021-10-15,San Bernardino,071,2135413,347350,345418,11367,356785,5566
2021-10-15,San Diego,073,3302833,366071,363109,21237,384346,4151
2021-10-15,San Francisco,075,870044,51730,51436,2616,54052,645
2021-10-15,San Joaquin,077,732212,97406,96507,5481,101988,1708
2021-10-15,San Luis Obispo,079,281455,28739,28460,1217,29677,329
2021-10-15,San Mateo,081,765935,52664,52399,1460,53859,569
2021-10-15,Santa Barbara,083,443738,43582,43175,1657,44832,521
2021-10-15,Santa Clara,085,1922200,144169,143282,1278,144560,1890
2021-10-15,Santa Cruz,087,273765,19960,19794,1068,20862,218
2021-10-15,Shasta,089,179085,20358,19932,3500,23432,309
2021-10-15,Sierra,091,2930,168,160,20,180,0
2021-10-15,Siskiyou,093,43540,3247,3173,1270,4443,42
2021-10-15,Solano,095,438530,44856,44585,1194,45779,334
2021-10-15,Sonoma,097,501317,40418,40195,520,40715,390
2021-10-15,Stanislaus,099,539301,76636,75868,8866,84734,1142
2021-10-15,Sutter,101,95872,13585,13471,319,13790,169
2021-10-15,Tehama,103,63373,8053,7907,1411,9318,104
2021-10-15,Trinity,105,12862,742,679,191,870,11
2021-10-15,Tulare,107,460477,65465,64489,14684,79173,951
2021-10-15,Tuolumne,109,53932,6814,6666,80,6746,89
2021-10-15,Ventura,111,848112,96499,96181,4374,100555,1164
2021-10-15,Yolo,113,214977,19249,19078,1104,20182,247
2021-10-15,Yuba,115,75493,9801,9705,290,9995,82
2021-10-14,Alameda,001,1643700,117639,117027,2885,119912,1365
2021-10-14,Alpine,003,1148,104,102,0,102,0
2021-10-14,Amador,005,37829,5375,5310,61,5371,64
2021-10-14,Butte,007,227075,19989,19612,3709,23321,260
2021-10-14,Calaveras,009,45235,3832,3771,48,3819,80
2021-10-14,Colusa,011,21464,2467,2431,611,3042,18
2021-10-14,Contra Costa,013,1133247,97527,97107,2163,99270,982
2021-10-14,Del Norte,015,27424,3601,3516,54,3570,41
2021-10-14,El Dorado,017,186661,15504,15315,1671,16986,149
2021-10-14,Fresno,019,978130,133782,132433,12036,144469,2051
2021-10-14,Glenn,021,27897,3372,3331,977,4308,26
2021-10-14,Humboldt,023,135768,8723,8621,512,9133,104
2021-10-14,Imperial,025,180216,32543,32368,3269,35637,764
2021-10-14,Inyo,027,18085,2043,1932,35,1967,39
2021-10-14,Kern,029,883053,122664,121354,20980,142334,1590
2021-10-14,Kings,031,150075,30799,30418,1953,32371,314
2021-10-14,Lake,033,64148,6502,6378,140,6518,104
2021-10-14,Lassen,035,31185,6648,6559,342,6901,26
2021-10-14,Los Angeles,037,10098052,1415929,1409418,55713,1465131,26398
2021-10-14,Madera,039,155013,22031,21707,1893,23600,277
2021-10-14,Marin,041,260295,17248,17148,444,17592,243
2021-10-14,Mariposa,043,17540,1173,1096,32,1128,5
2021-10-14,Mendocino,045,87422,7179,7099,439,7538,82
2021-10-14,Merced,047,269075,40610,40265,1656,41921,577
2021-10-14,Modoc,049,8938,510,492,182,674,5
2021-10-14,Mono,051,14174,1638,1628,17,1645,3
2021-10-14,Monterey,053,433212,47449,47293,3447,50740,582
2021-10-14,Napa,055,140530,12782,12706,102,12808,100
2021-10-14,Nevada,057,99092,8821,8739,319,9058,90
2021-10-14,Orange,059,3164182,302169,300722,15014,315736,5509
2021-10-14,Placer,061,380077,35690,35343,3588,38931,412
2021-10-14,Plumas,063,18699,1599,1542,34,1576,6
2021-10-14,Riverside,065,2383286,354167,352435,16836,369271,4990
2021-10-14,Sacramento,067,1510023,154184,153264,4450,157714,2192
2021-10-14,San Benito,069,59416,7239,7210,169,7379,71
2021-10-14,San Bernardino,071,2135413,346993,345418,11360,356778,5566
2021-10-14,San Diego,073,3302833,365623,363109,21209,384318,4151
2021-10-14,San Francisco,075,870044,51677,51436,2610,54046,645
2021-10-14,San Joaquin,077,732212,97277,96507,5472,101979,1708
2021-10-14,San Luis Obispo,079,281455,28696,28460,1213,29673,329
2021-10-14,San Mateo,081,765935,52619,52399,1456,53855,569
2021-10-14,Santa Barbara,083,443738,43527,43175,1652,44827,521
2021-10-14,Santa Clara,085,1922200,144029,143282,1273,144555,1890
2021-10-14,Santa Cruz,087,273765,19937,19794,1068,20862,218
2021-10-14,Shasta,089,179085,20302,19932,3488,23420,309
2021-10-14,Sierra,091,2930,168,160,20,180,0
2021-10-14,Siskiyou,093,43540,3244,3173,1262,4435,42
2021-10-14,Solano,095,438530,44806,44585,1188,45773,334
2021-10-14,Sonoma,097,501317,40368,40195,517,40712,390
2021-10-14,Stanislaus,099,539301,76490,75868,8853,84721,1142
2021-10-14,Sutter,101,95872,13565,13471,318,13789,169
2021-10-14,Tehama,103,63373,8022,7907,1404,9311,104
2021-10-14,Trinity,105,12862,741,679,190,869,11
2021-10-14,Tulare,107,460477,65285,64489,14637,79126,951
2021-10-14,Tuolumne,109,53932,6784,6666,79,6745,89
2021-10-14,Ventura,111,848112,96433,96181,4367,100548,1164
2021-10-14,Yolo,113,214977,19218,19078,1097,20175,247
2021-10-14,Yuba,115,75493,9787,9705,281,9986,82
2021-10-13,Alameda,001,1643700,117539,116914,2879,119793,1360
2021-10-13,Alpine,003,1148,104,102,0,102,0
2021-10-13,Amador,005,37829,5361,5305,61,5366,63
2021-10-13,Butte,007,227075,19915,19546,3705,23251,257
2021-10-13,Calaveras,009,45235,3811,3756,46,3802,79
2021-10-13,Colusa,011,21464,2460,2430,607,3037,18
2021-10-13,Contra Costa,013,1133247,97413,96975,2162,99137,969
2021-10-13,Del Norte,015,27424,3596,3512,54,3566,39
2021-10-13,El Dorado,017,186661,15481,15302,1666,16968,149
2021-10-13,Fresno,019,978130,133450,132055,12015,144070,2048
2021-10-13,Glenn,021,27897,3361,3327,974,4301,26
2021-10-13,Humboldt,023,135768,8712,8604,506,9110,102
2021-10-13,Imperial,025,180216,32483,32317,3266,35583,762
2021-10-13,Inyo,027,18085,2006,1907,35,1942,39
2021-10-13,Kern,029,883053,122422,120956,20888,141844,1586
2021-10-13,Kings,031,150075,30718,30246,1946,32192,312
2021-10-13,Lake,033,64148,6482,6371,140,6511,103
2021-10-13,Lassen,035,31185,6638,6535,336,6871,25
2021-10-13,Los Angeles,037,10098052,1414891,1408384,55655,1464039,26379
2021-10-13,Madera,039,155013,21976,21609,1878,23487,277
2021-10-13,Marin,041,260295,17224,17137,443,17580,243
2021-10-13,Mariposa,043,17540,1159,1090,32,1122,5
2021-10-13,Mendocino,045,87422,7164,7088,431,7519,82
2021-10-13,Merced,047,269075,40526,40164,1645,41809,577
2021-10-13,Modoc,049,8938,508,490,180,670,5
2021-10-13,Mono,051,14174,1638,1612,17,1629,3
2021-10-13,Monterey,053,433212,47432,47273,3438,50711,582
2021-10-13,Napa,055,140530,12772,12695,100,12795,100
2021-10-13,Nevada,057,99092,8799,8725,319,9044,90
2021-10-13,Orange,059,3164182,301970,300468,14997,315465,5503
2021-10-13,Placer,061,380077,35623,35254,3577,38831,412
2021-10-13,Plumas,063,18699,1584,1514,34,1548,6
2021-10-13,Riverside,065,2383286,353837,352044,16823,368867,4978
2021-10-13,Sacramento,067,1510023,153936,153141,4425,157566,2182
2021-10-13,San Benito,069,59416,7233,7196,168,7364,71
2021-10-13,San Bernardino,071,2135413,346671,344951,11344,356295,5562
2021-10-13,San Diego,073,3302833,365186,362564,21187,383751,4141
2021-10-13,San Francisco,075,870044,51636,51379,2605,53984,644
2021-10-13,San Joaquin,077,732212,97134,96343,5467,101810,1696
2021-10-13,San Luis Obispo,079,281455,28658,28397,1210,29607,330
2021-10-13,San Mateo,081,765935,52569,52352,1451,53803,569
2021-10-13,Santa Barbara,083,443738,43476,43109,1652,44761,518
2021-10-13,Santa Clara,085,1922200,143890,143064,1272,144336,1886
2021-10-13,Santa Cruz,087,273765,19911,19763,1067,20830,217
2021-10-13,Shasta,089,179085,20233,19802,3466,23268,307
2021-10-13,Sierra,091,2930,168,155,20,175,0
2021-10-13,Siskiyou,093,43540,3236,3173,1261,4434,42
2021-10-13,Solano,095,438530,44767,44558,1186,45744,334
2021-10-13,Sonoma,097,501317,40316,40122,517,40639,390
2021-10-13,Stanislaus,099,539301,76349,75698,8844,84542,1136
2021-10-13,Sutter,101,95872,13535,13458,316,13774,169
2021-10-13,Tehama,103,63373,7984,7849,1398,9247,103
2021-10-13,Trinity,105,12862,738,677,190,867,11
2021-10-13,Tulare,107,460477,65105,64297,14582,78879,945
2021-10-13,Tuolumne,109,53932,6770,6644,78,6722,89
2021-10-13,Ventura,111,848112,96359,96099,4362,100461,1162
2021-10-13,Yolo,113,214977,19188,19023,1094,20117,247
2021-10-13,Yuba,115,75493,9764,9690,265,9955,80
2021-10-12,Alameda,001,1643700,117438,116813,2874,119687,1357
2021-10-12,Alpine,003,1148,104,102,0,102,0
2021-10-12,Amador,005,37829,5350,5301,61,5362,63
2021-10-12,Butte,007,227075,19846,19506,3693,23199,256
2021-10-12,Calaveras,009,45235,3796,3750,46,3796,75
2021-10-12,Colusa,011,21464,2457,2428,605,3033,18
2021-10-12,Contra Costa,013,1133247,97301,96894,2152,99046,960
2021-10-12,Del Norte,015,27424,3591,3511,53,3564,39
2021-10-12,El Dorado,017,186661,15448,15287,1664,16951,148
2021-10-12,Fresno,019,978130,133091,131848,11987,143835,2042
2021-10-12,Glenn,021,27897,3351,3321,971,4292,26
2021-10-12,Humboldt,023,135768,8686,8587,499,9086,102
2021-10-12,Imperial,025,180216,32431,32267,3264,35531,762
2021-10-12,Inyo,027,18085,1974,1889,35,1924,39
2021-10-12,Kern,029,883053,122137,120826,20778,141604,1580
2021-10-12,Kings,031,150075,30646,30200,1935,32135,312
2021-10-12,Lake,033,64148,6467,6372,140,6512,97
2021-10-12,Lassen,035,31185,6629,6526,334,6860,25
2021-10-12,Los Angeles,037,10098052,1413837,1407462,55602,1463064,26362
2021-10-12,Madera,039,155013,21905,21574,1866,23440,277
2021-10-12,Marin,041,260295,17201,17126,443,17569,242
2021-10-12,Mariposa,043,17540,1145,1088,32,1120,5
2021-10-12,Mendocino,045,87422,7135,7077,429,7506,82
2021-10-12,Merced,047,269075,40447,40113,1639,41752,567
2021-10-12,Modoc,049,8938,503,485,179,664,5
2021-10-12,Mono,051,14174,1634,1608,17,1625,3
2021-10-12,Monterey,053,433212,47404,47254,3427,50681,582
2021-10-12,Napa,055,140530,12758,12671,100,12771,97
2021-10-12,Nevada,057,99092,8787,8720,318,9038,89
2021-10-12,Orange,059,3164182,301714,300256,14972,315228,5499
2021-10-12,Placer,061,380077,35560,35214,3569,38783,404
2021-10-12,Plumas,063,18699,1571,1488,33,1521,6
2021-10-12,Riverside,065,2383286,353510,351771,16809,368580,4973
2021-10-12,Sacramento,067,1510023,153642,152935,4396,157331,2170
2021-10-12,San Benito,069,59416,7219,7193,168,7361,71
2021-10-12,San Bernardino,071,2135413,346359,344788,11335,356123,5563
2021-10-12,San Diego,073,3302833,364661,362256,21157,383413,4137
2021-10-12,San Francisco,075,870044,51577,51301,2602,53903,643
2021-10-12,San Joaquin,077,732212,96997,96237,5462,101699,1690
2021-10-12,San Luis Obispo,079,281455,28611,28379,1209,29588,327
2021-10-12,San Mateo,081,765935,52522,52328,1447,53775,569
2021-10-12,Santa Barbara,083,443738,43416,43076,1652,44728,515
2021-10-12,Santa Clara,085,1922200,143736,142954,1270,144224,1882
2021-10-12,Santa Cruz,087,273765,19886,19757,1067,20824,218
2021-10-12,Shasta,089,179085,20159,19731,3444,23175,304
2021-10-12,Sierra,091,2930,168,153,20,173,0
2021-10-12,Siskiyou,093,43540,3226,3166,1254,4420,42
2021-10-12,Solano,095,438530,44724,44516,1182,45698,329
2021-10-12,Sonoma,097,501317,40274,40105,517,40622,390
2021-10-12,Stanislaus,099,539301,76199,75589,8829,84418,1126
2021-10-12,Sutter,101,95872,13512,13436,312,13748,168
2021-10-12,Tehama,103,63373,7951,7820,1394,9214,103
2021-10-12,Trinity,105,12862,735,676,190,866,11
2021-10-12,Tulare,107,460477,64929,64216,14523,78739,944
2021-10-12,Tuolumne,109,53932,6753,6637,77,6714,89
2021-10-12,Ventura,111,848112,96251,96022,4359,100381,1160
2021-10-12,Yolo,113,214977,19162,18987,1086,20073,247
2021-10-12,Yuba,115,75493,9749,9676,261,9937,70
2021-10-11,Alameda,001,1643700,117301,116759,2873,119632,1358
2021-10-11,Alpine,003,1148,103,102,0,102,0
2021-10-11,Amador,005,37829,5338,5286,61,5347,62
2021-10-11,Butte,007,227075,19787,19452,3688,23140,253
2021-10-11,Calaveras,009,45235,3776,3750,46,3796,75
2021-10-11,Colusa,011,21464,2453,2427,598,3025,18
2021-10-11,Contra Costa,013,1133247,97164,96832,2146,98978,960
2021-10-11,Del Norte,015,27424,3588,3510,49,3559,39
2021-10-11,El Dorado,017,186661,15420,15273,1660,16933,146
2021-10-11,Fresno,019,978130,132764,131703,11956,143659,2036
2021-10-11,Glenn,021,27897,3333,3308,970,4278,26
2021-10-11,Humboldt,023,135768,8661,8571,492,9063,101
2021-10-11,Imperial,025,180216,32381,32207,3258,35465,762
2021-10-11,Inyo,027,18085,1951,1862,34,1896,39
2021-10-11,Kern,029,883053,121903,120684,20680,141364,1575
2021-10-11,Kings,031,150075,30558,30180,1925,32105,309
2021-10-11,Lake,033,64148,6451,6361,136,6497,97
2021-10-11,Lassen,035,31185,6609,6499,331,6830,25
2021-10-11,Los Angeles,037,10098052,1412797,1406826,55547,1462373,26346
2021-10-11,Madera,039,155013,21847,21555,1852,23407,272
2021-10-11,Marin,041,260295,17183,17121,439,17560,242
2021-10-11,Mariposa,043,17540,1116,1083,32,1115,5
2021-10-11,Mendocino,045,87422,7119,7064,425,7489,82
2021-10-11,Merced,047,269075,40330,40064,1615,41679,566
2021-10-11,Modoc,049,8938,500,482,176,658,5
2021-10-11,Mono,051,14174,1624,1604,17,1621,3
2021-10-11,Monterey,053,433212,47375,47241,3420,50661,580
2021-10-11,Napa,055,140530,12735,12654,98,12752,96
2021-10-11,Nevada,057,99092,8767,8716,317,9033,90
2021-10-11,Orange,059,3164182,301487,299941,14944,314885,5499
2021-10-11,Placer,061,380077,35492,35173,3551,38724,404
2021-10-11,Plumas,063,18699,1553,1469,31,1500,6
2021-10-11,Riverside,065,2383286,353170,351444,16804,368248,4973
2021-10-11,Sacramento,067,1510023,153356,152681,4365,157046,2169
2021-10-11,San Benito,069,59416,7197,7184,166,7350,71
2021-10-11,San Bernardino,071,2135413,345974,344594,11327,355921,5549
2021-10-11,San Diego,073,3302833,364142,361712,21124,382836,4124
2021-10-11,San Francisco,075,870044,51507,51275,2596,53871,643
2021-10-11,San Joaquin,077,732212,96844,96152,5451,101603,1681
2021-10-11,San Luis Obispo,079,281455,28565,28355,1204,29559,327
2021-10-11,San Mateo,081,765935,52474,52298,1446,53744,569
2021-10-11,Santa Barbara,083,443738,43369,43018,1651,44669,515
2021-10-11,Santa Clara,085,1922200,143574,142836,1267,144103,1882
2021-10-11,Santa Cruz,087,273765,19862,19745,1066,20811,217
2021-10-11,Shasta,089,179085,20080,19662,3428,23090,295
2021-10-11,Sierra,091,2930,163,147,19,166,0
2021-10-11,Siskiyou,093,43540,3218,3159,1250,4409,42
2021-10-11,Solano,095,438530,44677,44474,1179,45653,329
2021-10-11,Sonoma,097,501317,40229,40067,517,40584,390
2021-10-11,Stanislaus,099,539301,76026,75478,8808,84286,1118
2021-10-11,Sutter,101,95872,13493,13427,310,13737,165
2021-10-11,Tehama,103,63373,7910,7795,1384,9179,102
2021-10-11,Trinity,105,12862,730,675,188,863,11
2021-10-11,Tulare,107,460477,64750,64094,14456,78550,942
2021-10-11,Tuolumne,109,53932,6717,6602,77,6679,89
2021-10-11,Ventura,111,848112,96148,95876,4351,100227,1160
2021-10-11,Yolo,113,214977,19116,18977,1083,20060,247
2021-10-11,Yuba,115,75493,9733,9657,248,9905,69
2021-10-10,Alameda,001,1643700,117181,116679,2868,119547,1358
2021-10-10,Alpine,003,1148,103,102,0,102,0
2021-10-10,Amador,005,37829,5323,5278,61,5339,62
2021-10-10,Butte,007,227075,19724,19430,3674,23104,253
2021-10-10,Calaveras,009,45235,3764,3747,46,3793,75
2021-10-10,Colusa,011,21464,2452,2425,597,3022,18
2021-10-10,Contra Costa,013,1133247,97065,96760,2140,98900,960
2021-10-10,Del Norte,015,27424,3584,3507,49,3556,39
2021-10-10,El Dorado,017,186661,15389,15250,1654,16904,146
2021-10-10,Fresno,019,978130,132435,131434,11928,143362,2035
2021-10-10,Glenn,021,27897,3331,3297,968,4265,26
2021-10-10,Humboldt,023,135768,8639,8554,488,9042,101
2021-10-10,Imperial,025,180216,32307,32167,3257,35424,762
2021-10-10,Inyo,027,18085,1930,1857,34,1891,39
2021-10-10,Kern,029,883053,121580,120552,20573,141125,1573
2021-10-10,Kings,031,150075,30470,30122,1915,32037,308
2021-10-10,Lake,033,64148,6435,6349,135,6484,97
2021-10-10,Lassen,035,31185,6589,6495,330,6825,26
2021-10-10,Los Angeles,037,10098052,1411630,1406034,55469,1461503,26338
2021-10-10,Madera,039,155013,21801,21486,1843,23329,272
2021-10-10,Marin,041,260295,17166,17112,439,17551,242
2021-10-10,Mariposa,043,17540,1113,1074,32,1106,5
2021-10-10,Mendocino,045,87422,7104,7060,417,7477,81
2021-10-10,Merced,047,269075,40247,40036,1597,41633,566
2021-10-10,Modoc,049,8938,500,482,176,658,5
2021-10-10,Mono,051,14174,1623,1596,17,1613,3
2021-10-10,Monterey,053,433212,47350,47228,3414,50642,580
2021-10-10,Napa,055,140530,12712,12641,98,12739,96
2021-10-10,Nevada,057,99092,8755,8689,317,9006,90
2021-10-10,Orange,059,3164182,301224,299787,14918,314705,5499
2021-10-10,Placer,061,380077,35399,35128,3539,38667,404
2021-10-10,Plumas,063,18699,1537,1468,29,1497,6
2021-10-10,Riverside,065,2383286,352799,351248,16785,368033,4973
2021-10-10,Sacramento,067,1510023,153091,152405,4348,156753,2178
2021-10-10,San Benito,069,59416,7193,7180,164,7344,71
2021-10-10,San Bernardino,071,2135413,345670,344423,11318,355741,5551
2021-10-10,San Diego,073,3302833,363623,361038,21069,382107,4113
2021-10-10,San Francisco,075,870044,51462,51216,2590,53806,643
2021-10-10,San Joaquin,077,732212,96672,96084,5434,101518,1681
2021-10-10,San Luis Obispo,079,281455,28524,28343,1204,29547,326
2021-10-10,San Mateo,081,765935,52433,52273,1445,53718,569
2021-10-10,Santa Barbara,083,443738,43325,42987,1649,44636,515
2021-10-10,Santa Clara,085,1922200,143407,142768,1260,144028,1881
2021-10-10,Santa Cruz,087,273765,19842,19727,1066,20793,217
2021-10-10,Shasta,089,179085,19992,19635,3417,23052,296
2021-10-10,Sierra,091,2930,161,147,19,166,0
2021-10-10,Siskiyou,093,43540,3205,3155,1242,4397,42
2021-10-10,Solano,095,438530,44621,44431,1179,45610,329
2021-10-10,Sonoma,097,501317,40177,40027,517,40544,390
2021-10-10,Stanislaus,099,539301,75847,75403,8793,84196,1118
2021-10-10,Sutter,101,95872,13469,13412,305,13717,165
2021-10-10,Tehama,103,63373,7872,7764,1375,9139,102
2021-10-10,Trinity,105,12862,729,669,187,856,11
2021-10-10,Tulare,107,460477,64581,63930,14406,78336,940
2021-10-10,Tuolumne,109,53932,6694,6580,76,6656,89
2021-10-10,Ventura,111,848112,96062,95829,4349,100178,1160
2021-10-10,Yolo,113,214977,19084,18952,1078,20030,247
2021-10-10,Yuba,115,75493,9716,9641,244,9885,69
2021-10-09,Alameda,001,1643700,117087,116253,2866,119119,1356
2021-10-09,Alpine,003,1148,102,102,0,102,0
2021-10-09,Amador,005,37829,5321,5237,60,5297,62
2021-10-09,Butte,007,227075,19694,19277,3671,22948,250
2021-10-09,Calaveras,009,45235,3760,3716,46,3762,75
2021-10-09,Colusa,011,21464,2448,2419,596,3015,18
2021-10-09,Contra Costa,013,1133247,97001,96378,2133,98511,958
2021-10-09,Del Norte,015,27424,3583,3495,49,3544,39
2021-10-09,El Dorado,017,186661,15371,15153,1651,16804,144
2021-10-09,Fresno,019,978130,132304,130508,11911,142419,2018
2021-10-09,Glenn,021,27897,3327,3277,967,4244,26
2021-10-09,Humboldt,023,135768,8626,8448,485,8933,97
2021-10-09,Imperial,025,180216,32273,31989,3255,35244,760
2021-10-09,Inyo,027,18085,1921,1808,34,1842,39
2021-10-09,Kern,029,883053,121442,119795,20545,140340,1559
2021-10-09,Kings,031,150075,30421,29894,1912,31806,308
2021-10-09,Lake,033,64148,6416,6283,133,6416,97
2021-10-09,Lassen,035,31185,6584,6442,329,6771,25
2021-10-09,Los Angeles,037,10098052,1411047,1402810,55427,1458237,26280
2021-10-09,Madera,039,155013,21768,21313,1830,23143,271
2021-10-09,Marin,041,260295,17160,17049,437,17486,242
2021-10-09,Mariposa,043,17540,1106,1042,31,1073,5
2021-10-09,Mendocino,045,87422,7097,7011,417,7428,82
2021-10-09,Merced,047,269075,40206,39784,1597,41381,565
2021-10-09,Modoc,049,8938,498,477,175,652,5
2021-10-09,Mono,051,14174,1621,1577,17,1594,3
2021-10-09,Monterey,053,433212,47339,47168,3410,50578,577
2021-10-09,Napa,055,140530,12708,12586,98,12684,96
2021-10-09,Nevada,057,99092,8744,8613,316,8929,90
2021-10-09,Orange,059,3164182,301045,299089,14899,313988,5457
2021-10-09,Placer,061,380077,35361,34877,3532,38409,393
2021-10-09,Plumas,063,18699,1526,1418,29,1447,6
2021-10-09,Riverside,065,2383286,352546,350082,16768,366850,4965
2021-10-09,Sacramento,067,1510023,152883,151566,4335,155901,2160
2021-10-09,San Benito,069,59416,7185,7123,164,7287,71
2021-10-09,San Bernardino,071,2135413,345488,343452,11314,354766,5556
2021-10-09,San Diego,073,3302833,363310,359909,21062,380971,4111
2021-10-09,San Francisco,075,870044,51416,50960,2583,53543,643
2021-10-09,San Joaquin,077,732212,96605,95606,5429,101035,1669
2021-10-09,San Luis Obispo,079,281455,28507,28197,1202,29399,324
2021-10-09,San Mateo,081,765935,52402,52121,1443,53564,569
2021-10-09,Santa Barbara,083,443738,43298,42735,1649,44384,514
2021-10-09,Santa Clara,085,1922200,143283,142298,1254,143552,1873
2021-10-09,Santa Cruz,087,273765,19833,19635,1065,20700,217
2021-10-09,Shasta,089,179085,19942,19437,3412,22849,290
2021-10-09,Sierra,091,2930,158,141,19,160,0
2021-10-09,Siskiyou,093,43540,3204,3124,1241,4365,42
2021-10-09,Solano,095,438530,44604,44265,1178,45443,329
2021-10-09,Sonoma,097,501317,40133,39848,517,40365,387
2021-10-09,Stanislaus,099,539301,75758,74899,8782,83681,1114
2021-10-09,Sutter,101,95872,13460,13314,303,13617,165
2021-10-09,Tehama,103,63373,7861,7670,1370,9040,99
2021-10-09,Trinity,105,12862,728,660,187,847,11
2021-10-09,Tulare,107,460477,64475,63398,14385,77783,932
2021-10-09,Tuolumne,109,53932,6675,6521,76,6597,89
2021-10-09,Ventura,111,848112,96006,95542,4346,99888,1158
2021-10-09,Yolo,113,214977,19063,18850,1075,19925,247
2021-10-09,Yuba,115,75493,9704,9551,242,9793,69
2021-10-08,Alameda,001,1643700,117005,116253,2863,119116,1356
2021-10-08,Alpine,003,1148,102,102,0,102,0
2021-10-08,Amador,005,37829,5308,5237,60,5297,62
2021-10-08,Butte,007,227075,19665,19277,3667,22944,250
2021-10-08,Calaveras,009,45235,3755,3716,46,3762,75
2021-10-08,Colusa,011,21464,2446,2419,596,3015,18
2021-10-08,Contra Costa,013,1133247,96957,96378,2128,98506,958
2021-10-08,Del Norte,015,27424,3582,3495,49,3544,39
2021-10-08,El Dorado,017,186661,15352,15153,1647,16800,144
2021-10-08,Fresno,019,978130,132109,130508,11889,142397,2018
2021-10-08,Glenn,021,27897,3316,3277,966,4243,26
2021-10-08,Humboldt,023,135768,8615,8448,482,8930,97
2021-10-08,Imperial,025,180216,32243,31989,3251,35240,760
2021-10-08,Inyo,027,18085,1903,1808,34,1842,39
2021-10-08,Kern,029,883053,121306,119795,20501,140296,1559
2021-10-08,Kings,031,150075,30329,29894,1911,31805,308
2021-10-08,Lake,033,64148,6408,6283,133,6416,97
2021-10-08,Lassen,035,31185,6571,6442,325,6767,25
2021-10-08,Los Angeles,037,10098052,1410389,1402810,55387,1458197,26280
2021-10-08,Madera,039,155013,21710,21313,1823,23136,271
2021-10-08,Marin,041,260295,17149,17049,436,17485,242
2021-10-08,Mariposa,043,17540,1099,1042,29,1071,5
2021-10-08,Mendocino,045,87422,7084,7011,417,7428,82
2021-10-08,Merced,047,269075,40174,39784,1594,41378,565
2021-10-08,Modoc,049,8938,496,477,175,652,5
2021-10-08,Mono,051,14174,1619,1577,17,1594,3
2021-10-08,Monterey,053,433212,47315,47168,3405,50573,577
2021-10-08,Napa,055,140530,12692,12586,98,12684,96
2021-10-08,Nevada,057,99092,8731,8613,316,8929,90
2021-10-08,Orange,059,3164182,300898,299089,14882,313971,5457
2021-10-08,Placer,061,380077,35323,34877,3524,38401,393
2021-10-08,Plumas,063,18699,1514,1418,29,1447,6
2021-10-08,Riverside,065,2383286,352277,350082,16757,366839,4965
2021-10-08,Sacramento,067,1510023,152716,151566,4323,155889,2160
2021-10-08,San Benito,069,59416,7181,7123,162,7285,71
2021-10-08,San Bernardino,071,2135413,345285,343452,11306,354758,5556
2021-10-08,San Diego,073,3302833,362976,359909,21040,380949,4111
2021-10-08,San Francisco,075,870044,51369,50960,2574,53534,643
2021-10-08,San Joaquin,077,732212,96537,95606,5423,101029,1669
2021-10-08,San Luis Obispo,079,281455,28480,28197,1201,29398,324
2021-10-08,San Mateo,081,765935,52377,52121,1442,53563,569
2021-10-08,Santa Barbara,083,443738,43263,42735,1648,44383,514
2021-10-08,Santa Clara,085,1922200,143170,142298,1249,143547,1873
2021-10-08,Santa Cruz,087,273765,19818,19635,1065,20700,217
2021-10-08,Shasta,089,179085,19900,19437,3406,22843,290
2021-10-08,Sierra,091,2930,156,141,17,158,0
2021-10-08,Siskiyou,093,43540,3196,3124,1240,4364,42
2021-10-08,Solano,095,438530,44566,44265,1177,45442,329
2021-10-08,Sonoma,097,501317,40099,39848,517,40365,387
2021-10-08,Stanislaus,099,539301,75689,74899,8774,83673,1114
2021-10-08,Sutter,101,95872,13447,13314,300,13614,165
2021-10-08,Tehama,103,63373,7845,7670,1367,9037,99
2021-10-08,Trinity,105,12862,727,660,187,847,11
2021-10-08,Tulare,107,460477,64358,63398,14351,77749,932
2021-10-08,Tuolumne,109,53932,6652,6521,76,6597,89
2021-10-08,Ventura,111,848112,95961,95542,4341,99883,1158
2021-10-08,Yolo,113,214977,19050,18850,1071,19921,247
2021-10-08,Yuba,115,75493,9683,9551,241,9792,69
2021-10-07,Alameda,001,1643700,116889,116253,2861,119114,1356
2021-10-07,Alpine,003,1148,102,102,0,102,0
2021-10-07,Amador,005,37829,5301,5237,60,5297,62
2021-10-07,Butte,007,227075,19615,19277,3656,22933,250
2021-10-07,Calaveras,009,45235,3743,3716,46,3762,75
2021-10-07,Colusa,011,21464,2443,2419,590,3009,18
2021-10-07,Contra Costa,013,1133247,96837,96378,2122,98500,958
2021-10-07,Del Norte,015,27424,3579,3495,49,3544,39
2021-10-07,El Dorado,017,186661,15316,15153,1643,16796,144
2021-10-07,Fresno,019,978130,131836,130508,11865,142373,2018
2021-10-07,Glenn,021,27897,3309,3277,963,4240,26
2021-10-07,Humboldt,023,135768,8590,8448,478,8926,97
2021-10-07,Imperial,025,180216,32171,31989,3238,35227,760
2021-10-07,Inyo,027,18085,1884,1808,34,1842,39
2021-10-07,Kern,029,883053,121078,119795,20432,140227,1559
2021-10-07,Kings,031,150075,30264,29894,1905,31799,308
2021-10-07,Lake,033,64148,6397,6283,133,6416,97
2021-10-07,Lassen,035,31185,6553,6442,323,6765,25
2021-10-07,Los Angeles,037,10098052,1409434,1402810,55340,1458150,26280
2021-10-07,Madera,039,155013,21637,21313,1809,23122,271
2021-10-07,Marin,041,260295,17131,17049,436,17485,242
2021-10-07,Mariposa,043,17540,1091,1042,29,1071,5
2021-10-07,Mendocino,045,87422,7074,7011,413,7424,82
2021-10-07,Merced,047,269075,40107,39784,1578,41362,565
2021-10-07,Modoc,049,8938,493,477,174,651,5
2021-10-07,Mono,051,14174,1608,1577,17,1594,3
2021-10-07,Monterey,053,433212,47294,47168,3392,50560,577
2021-10-07,Napa,055,140530,12677,12586,98,12684,96
2021-10-07,Nevada,057,99092,8703,8613,316,8929,90
2021-10-07,Orange,059,3164182,300675,299089,14869,313958,5457
2021-10-07,Placer,061,380077,35261,34877,3517,38394,393
2021-10-07,Plumas,063,18699,1497,1418,29,1447,6
2021-10-07,Riverside,065,2383286,351944,350082,16745,366827,4965
2021-10-07,Sacramento,067,1510023,152437,151566,4295,155861,2160
2021-10-07,San Benito,069,59416,7165,7123,160,7283,71
2021-10-07,San Bernardino,071,2135413,345012,343452,11300,354752,5556
2021-10-07,San Diego,073,3302833,362565,359909,21019,380928,4111
2021-10-07,San Francisco,075,870044,51299,50960,2571,53531,643
2021-10-07,San Joaquin,077,732212,96384,95606,5415,101021,1669
2021-10-07,San Luis Obispo,079,281455,28429,28197,1199,29396,324
2021-10-07,San Mateo,081,765935,52340,52121,1438,53559,569
2021-10-07,Santa Barbara,083,443738,43196,42735,1642,44377,514
2021-10-07,Santa Clara,085,1922200,143019,142298,1243,143541,1873
2021-10-07,Santa Cruz,087,273765,19798,19635,1064,20699,217
2021-10-07,Shasta,089,179085,19811,19437,3390,22827,290
2021-10-07,Sierra,091,2930,156,141,17,158,0
2021-10-07,Siskiyou,093,43540,3193,3124,1235,4359,42
2021-10-07,Solano,095,438530,44525,44265,1173,45438,329
2021-10-07,Sonoma,097,501317,40062,39848,515,40363,387
2021-10-07,Stanislaus,099,539301,75529,74899,8747,83646,1114
2021-10-07,Sutter,101,95872,13425,13314,297,13611,165
2021-10-07,Tehama,103,63373,7813,7670,1361,9031,99
2021-10-07,Trinity,105,12862,725,660,187,847,11
2021-10-07,Tulare,107,460477,64197,63398,14312,77710,932
2021-10-07,Tuolumne,109,53932,6630,6521,76,6597,89
2021-10-07,Ventura,111,848112,95879,95542,4338,99880,1158
2021-10-07,Yolo,113,214977,19017,18850,1066,19916,247
2021-10-07,Yuba,115,75493,9657,9551,234,9785,69
2021-10-06,Alameda,001,1643700,116755,116058,2855,118913,1353
2021-10-06,Alpine,003,1148,102,102,0,102,0
2021-10-06,Amador,005,37829,5298,5205,60,5265,62
2021-10-06,Butte,007,227075,19552,19208,3649,22857,247
2021-10-06,Calaveras,009,45235,3734,3669,46,3715,75
2021-10-06,Colusa,011,21464,2441,2414,583,2997,18
2021-10-06,Contra Costa,013,1133247,96710,96184,2118,98302,953
2021-10-06,Del Norte,015,27424,3576,3490,46,3536,39
2021-10-06,El Dorado,017,186661,15291,15078,1641,16719,140
2021-10-06,Fresno,019,978130,131548,130074,11839,141913,2008
2021-10-06,Glenn,021,27897,3299,3270,960,4230,26
2021-10-06,Humboldt,023,135768,8575,8416,471,8887,94
2021-10-06,Imperial,025,180216,32118,31930,3227,35157,760
2021-10-06,Inyo,027,18085,1869,1806,34,1840,39
2021-10-06,Kern,029,883053,120824,119491,20337,139828,1552
2021-10-06,Kings,031,150075,30200,29785,1895,31680,308
2021-10-06,Lake,033,64148,6383,6271,133,6404,97
2021-10-06,Lassen,035,31185,6537,6429,322,6751,25
2021-10-06,Los Angeles,037,10098052,1408480,1401675,55294,1456969,26252
2021-10-06,Madera,039,155013,21582,21230,1799,23029,269
2021-10-06,Marin,041,260295,17122,17042,433,17475,242
2021-10-06,Mariposa,043,17540,1084,1036,29,1065,5
2021-10-06,Mendocino,045,87422,7065,6986,412,7398,81
2021-10-06,Merced,047,269075,40029,39666,1569,41235,563
2021-10-06,Modoc,049,8938,493,477,172,649,5
2021-10-06,Mono,051,14174,1597,1568,17,1585,3
2021-10-06,Monterey,053,433212,47263,47136,3386,50522,577
2021-10-06,Napa,055,140530,12653,12552,97,12649,96
2021-10-06,Nevada,057,99092,8687,8582,315,8897,90
2021-10-06,Orange,059,3164182,300442,298785,14856,313641,5448
2021-10-06,Placer,061,380077,35211,34764,3510,38274,390
2021-10-06,Plumas,063,18699,1474,1383,29,1412,6
2021-10-06,Riverside,065,2383286,351587,349645,16724,366369,4953
2021-10-06,Sacramento,067,1510023,152186,151164,4264,155428,2141
2021-10-06,San Benito,069,59416,7150,7108,160,7268,69
2021-10-06,San Bernardino,071,2135413,344723,343022,11293,354315,5551
2021-10-06,San Diego,073,3302833,362066,359564,20991,380555,4104
2021-10-06,San Francisco,075,870044,51236,50894,2567,53461,641
2021-10-06,San Joaquin,077,732212,96249,95418,5403,100821,1658
2021-10-06,San Luis Obispo,079,281455,28380,28170,1193,29363,323
2021-10-06,San Mateo,081,765935,52295,52056,1428,53484,569
2021-10-06,Santa Barbara,083,443738,43114,42687,1640,44327,513
2021-10-06,Santa Clara,085,1922200,142868,142124,1238,143362,1872
2021-10-06,Santa Cruz,087,273765,19769,19604,1062,20666,217
2021-10-06,Shasta,089,179085,19736,19325,3378,22703,287
2021-10-06,Sierra,091,2930,154,138,17,155,0
2021-10-06,Siskiyou,093,43540,3184,3116,1227,4343,42
2021-10-06,Solano,095,438530,44493,44185,1172,45357,328
2021-10-06,Sonoma,097,501317,40012,39787,515,40302,383
2021-10-06,Stanislaus,099,539301,75387,74699,8734,83433,1114
2021-10-06,Sutter,101,95872,13405,13284,294,13578,164
2021-10-06,Tehama,103,63373,7777,7629,1354,8983,99
2021-10-06,Trinity,105,12862,722,656,187,843,11
2021-10-06,Tulare,107,460477,64024,63198,14257,77455,926
2021-10-06,Tuolumne,109,53932,6605,6486,76,6562,89
2021-10-06,Ventura,111,848112,95790,95449,4331,99780,1158
2021-10-06,Yolo,113,214977,18985,18815,1061,19876,247
2021-10-06,Yuba,115,75493,9633,9520,233,9753,69
2021-10-05,Alameda,001,1643700,116615,115968,2848,118816,1350
2021-10-05,Alpine,003,1148,102,102,0,102,0
2021-10-05,Amador,005,37829,5277,5194,59,5253,61
2021-10-05,Butte,007,227075,19504,19137,3639,22776,246
2021-10-05,Calaveras,009,45235,3718,3657,46,3703,73
2021-10-05,Colusa,011,21464,2434,2414,582,2996,18
2021-10-05,Contra Costa,013,1133247,96596,96108,2110,98218,941
2021-10-05,Del Norte,015,27424,3574,3485,45,3530,39
2021-10-05,El Dorado,017,186661,15252,15052,1638,16690,140
2021-10-05,Fresno,019,978130,131209,129957,11809,141766,1987
2021-10-05,Glenn,021,27897,3290,3270,956,4226,26
2021-10-05,Humboldt,023,135768,8543,8398,467,8865,94
2021-10-05,Imperial,025,180216,32070,31909,3222,35131,759
2021-10-05,Inyo,027,18085,1852,1800,34,1834,39
2021-10-05,Kern,029,883053,120558,119260,20236,139496,1540
2021-10-05,Kings,031,150075,30126,29749,1888,31637,301
2021-10-05,Lake,033,64148,6362,6264,132,6396,97
2021-10-05,Lassen,035,31185,6518,6417,320,6737,25
2021-10-05,Los Angeles,037,10098052,1407341,1400300,55242,1455542,26223
2021-10-05,Madera,039,155013,21524,21183,1786,22969,269
2021-10-05,Marin,041,260295,17110,17024,433,17457,242
2021-10-05,Mariposa,043,17540,1065,1033,26,1059,5
2021-10-05,Mendocino,045,87422,7049,6972,405,7377,79
2021-10-05,Merced,047,269075,39963,39608,1560,41168,562
2021-10-05,Modoc,049,8938,489,475,171,646,5
2021-10-05,Mono,051,14174,1591,1565,17,1582,3
2021-10-05,Monterey,053,433212,47250,47087,3372,50459,573
2021-10-05,Napa,055,140530,12629,12533,97,12630,96
2021-10-05,Nevada,057,99092,8657,8576,315,8891,90
2021-10-05,Orange,059,3164182,300168,298589,14824,313413,5441
2021-10-05,Placer,061,380077,35131,34728,3503,38231,382
2021-10-05,Plumas,063,18699,1449,1357,29,1386,6
2021-10-05,Riverside,065,2383286,351228,349365,16709,366074,4942
2021-10-05,Sacramento,067,1510023,151923,151111,4229,155340,2126
2021-10-05,San Benito,069,59416,7131,7103,158,7261,69
2021-10-05,San Bernardino,071,2135413,344394,342711,11286,353997,5557
2021-10-05,San Diego,073,3302833,361485,359194,20962,380156,4092
2021-10-05,San Francisco,075,870044,51145,50826,2561,53387,641
2021-10-05,San Joaquin,077,732212,96097,95276,5376,100652,1651
2021-10-05,San Luis Obispo,079,281455,28336,28113,1191,29304,324
2021-10-05,San Mateo,081,765935,52253,52008,1427,53435,569
2021-10-05,Santa Barbara,083,443738,43036,42595,1636,44231,511
2021-10-05,Santa Clara,085,1922200,142710,141971,1231,143202,1873
2021-10-05,Santa Cruz,087,273765,19728,19582,1061,20643,216
2021-10-05,Shasta,089,179085,19664,19285,3364,22649,286
2021-10-05,Sierra,091,2930,150,136,17,153,0
2021-10-05,Siskiyou,093,43540,3170,3107,1227,4334,42
2021-10-05,Solano,095,438530,44424,44149,1170,45319,325
2021-10-05,Sonoma,097,501317,39958,39756,510,40266,383
2021-10-05,Stanislaus,099,539301,75225,74599,8717,83316,1114
2021-10-05,Sutter,101,95872,13377,13270,293,13563,164
2021-10-05,Tehama,103,63373,7749,7607,1345,8952,98
2021-10-05,Trinity,105,12862,719,655,187,842,11
2021-10-05,Tulare,107,460477,63821,63093,14203,77296,920
2021-10-05,Tuolumne,109,53932,6590,6473,75,6548,89
2021-10-05,Ventura,111,848112,95685,95351,4330,99681,1155
2021-10-05,Yolo,113,214977,18951,18782,1055,19837,245
2021-10-05,Yuba,115,75493,9601,9504,230,9734,69
2021-10-04,Alameda,001,1643700,116458,115845,2844,118689,1347
2021-10-04,Alpine,003,1148,102,102,0,102,0
2021-10-04,Amador,005,37829,5267,5163,58,5221,61
2021-10-04,Butte,007,227075,19427,19081,3627,22708,245
2021-10-04,Calaveras,009,45235,3708,3641,46,3687,73
2021-10-04,Colusa,011,21464,2433,2414,581,2995,18
2021-10-04,Contra Costa,013,1133247,96455,95958,2105,98063,937
2021-10-04,Del Norte,015,27424,3572,3485,41,3526,39
2021-10-04,El Dorado,017,186661,15204,15031,1631,16662,138
2021-10-04,Fresno,019,978130,130902,129665,11788,141453,1978
2021-10-04,Glenn,021,27897,3284,3270,950,4220,26
2021-10-04,Humboldt,023,135768,8509,8355,459,8814,94
2021-10-04,Imperial,025,180216,32021,31866,3215,35081,757
2021-10-04,Inyo,027,18085,1840,1792,31,1823,39
2021-10-04,Kern,029,883053,120277,118984,20107,139091,1531
2021-10-04,Kings,031,150075,30034,29702,1884,31586,303
2021-10-04,Lake,033,64148,6350,6248,132,6380,97
2021-10-04,Lassen,035,31185,6502,6405,320,6725,25
2021-10-04,Los Angeles,037,10098052,1406234,1399604,55182,1454786,26186
2021-10-04,Madera,039,155013,21460,21126,1776,22902,266
2021-10-04,Marin,041,260295,17094,17008,432,17440,242
2021-10-04,Mariposa,043,17540,1053,1024,26,1050,5
2021-10-04,Mendocino,045,87422,7032,6947,401,7348,79
2021-10-04,Merced,047,269075,39848,39565,1543,41108,558
2021-10-04,Modoc,049,8938,486,473,171,644,5
2021-10-04,Mono,051,14174,1581,1561,17,1578,3
2021-10-04,Monterey,053,433212,47230,47058,3364,50422,571
2021-10-04,Napa,055,140530,12605,12506,97,12603,96
2021-10-04,Nevada,057,99092,8637,8563,315,8878,90
2021-10-04,Orange,059,3164182,299877,298165,14790,312955,5438
2021-10-04,Placer,061,380077,35047,34630,3475,38105,379
2021-10-04,Plumas,063,18699,1426,1329,29,1358,6
2021-10-04,Riverside,065,2383286,350847,348828,16699,365527,4923
2021-10-04,Sacramento,067,1510023,151598,150887,4202,155089,2115
2021-10-04,San Benito,069,59416,7118,7099,158,7257,69
2021-10-04,San Bernardino,071,2135413,344040,342418,11273,353691,5551
2021-10-04,San Diego,073,3302833,360908,358525,20930,379455,4090
2021-10-04,San Francisco,075,870044,51051,50798,2556,53354,638
2021-10-04,San Joaquin,077,732212,95900,95198,5355,100553,1649
2021-10-04,San Luis Obispo,079,281455,28291,28090,1185,29275,323
2021-10-04,San Mateo,081,765935,52201,51958,1419,53377,569
2021-10-04,Santa Barbara,083,443738,42955,42585,1635,44220,511
2021-10-04,Santa Clara,085,1922200,142565,141840,1225,143065,1869
2021-10-04,Santa Cruz,087,273765,19699,19559,1060,20619,216
2021-10-04,Shasta,089,179085,19558,19170,3351,22521,279
2021-10-04,Sierra,091,2930,143,136,16,152,0
2021-10-04,Siskiyou,093,43540,3161,3103,1212,4315,42
2021-10-04,Solano,095,438530,44368,44092,1168,45260,322
2021-10-04,Sonoma,097,501317,39896,39720,509,40229,381
2021-10-04,Stanislaus,099,539301,75072,74444,8698,83142,1106
2021-10-04,Sutter,101,95872,13349,13261,292,13553,164
2021-10-04,Tehama,103,63373,7708,7585,1339,8924,95
2021-10-04,Trinity,105,12862,718,649,186,835,11
2021-10-04,Tulare,107,460477,63635,62957,14134,77091,920
2021-10-04,Tuolumne,109,53932,6564,6442,75,6517,89
2021-10-04,Ventura,111,848112,95598,95170,4324,99494,1153
2021-10-04,Yolo,113,214977,18907,18761,1050,19811,242
2021-10-04,Yuba,115,75493,9562,9481,228,9709,68
2021-10-03,Alameda,001,1643700,116319,115751,2835,118586,1349
2021-10-03,Alpine,003,1148,102,102,0,102,0
2021-10-03,Amador,005,37829,5249,5160,56,5216,61
2021-10-03,Butte,007,227075,19353,19066,3611,22677,245
2021-10-03,Calaveras,009,45235,3691,3632,46,3678,73
2021-10-03,Colusa,011,21464,2432,2413,578,2991,18
2021-10-03,Contra Costa,013,1133247,96325,95890,2098,97988,937
2021-10-03,Del Norte,015,27424,3566,3483,40,3523,39
2021-10-03,El Dorado,017,186661,15146,15014,1624,16638,139
2021-10-03,Fresno,019,978130,130522,129365,11754,141119,1978
2021-10-03,Glenn,021,27897,3272,3266,942,4208,26
2021-10-03,Humboldt,023,135768,8464,8352,455,8807,94
2021-10-03,Imperial,025,180216,31954,31844,3207,35051,757
2021-10-03,Inyo,027,18085,1820,1788,30,1818,39
2021-10-03,Kern,029,883053,119973,118851,19985,138836,1535
2021-10-03,Kings,031,150075,29935,29623,1876,31499,300
2021-10-03,Lake,033,64148,6324,6239,132,6371,97
2021-10-03,Lassen,035,31185,6480,6400,318,6718,25
2021-10-03,Los Angeles,037,10098052,1404966,1398790,55126,1453916,26179
2021-10-03,Madera,039,155013,21388,21066,1767,22833,266
2021-10-03,Marin,041,260295,17070,16995,427,17422,242
2021-10-03,Mariposa,043,17540,1046,1011,26,1037,5
2021-10-03,Mendocino,045,87422,7012,6939,392,7331,79
2021-10-03,Merced,047,269075,39740,39516,1526,41042,558
2021-10-03,Modoc,049,8938,485,472,170,642,5
2021-10-03,Mono,051,14174,1570,1554,17,1571,3
2021-10-03,Monterey,053,433212,47210,47049,3348,50397,571
2021-10-03,Napa,055,140530,12577,12489,95,12584,96
2021-10-03,Nevada,057,99092,8602,8545,315,8860,90
2021-10-03,Orange,059,3164182,299596,298027,14772,312799,5447
2021-10-03,Placer,061,380077,34907,34596,3458,38054,379
2021-10-03,Plumas,063,18699,1398,1328,29,1357,6
2021-10-03,Riverside,065,2383286,350416,348593,16679,365272,4924
2021-10-03,Sacramento,067,1510023,151307,150664,4172,154836,2120
2021-10-03,San Benito,069,59416,7109,7095,158,7253,69
2021-10-03,San Bernardino,071,2135413,343634,342302,11264,353566,5555
2021-10-03,San Diego,073,3302833,360316,358153,20893,379046,4081
2021-10-03,San Francisco,075,870044,50966,50733,2550,53283,638
2021-10-03,San Joaquin,077,732212,95712,95133,5348,100481,1649
2021-10-03,San Luis Obispo,079,281455,28224,28065,1180,29245,325
2021-10-03,San Mateo,081,765935,52145,51923,1409,53332,569
2021-10-03,Santa Barbara,083,443738,42861,42550,1627,44177,511
2021-10-03,Santa Clara,085,1922200,142393,141737,1217,142954,1869
2021-10-03,Santa Cruz,087,273765,19660,19548,1057,20605,216
2021-10-03,Shasta,089,179085,19453,19132,3321,22453,279
2021-10-03,Sierra,091,2930,140,136,16,152,0
2021-10-03,Siskiyou,093,43540,3148,3096,1201,4297,42
2021-10-03,Solano,095,438530,44309,44051,1165,45216,322
2021-10-03,Sonoma,097,501317,39831,39679,509,40188,381
2021-10-03,Stanislaus,099,539301,74884,74366,8680,83046,1106
2021-10-03,Sutter,101,95872,13334,13248,288,13536,164
2021-10-03,Tehama,103,63373,7666,7564,1333,8897,94
2021-10-03,Trinity,105,12862,714,647,184,831,11
2021-10-03,Tulare,107,460477,63444,62860,14060,76920,924
2021-10-03,Tuolumne,109,53932,6535,6430,73,6503,89
2021-10-03,Ventura,111,848112,95488,95108,4321,99429,1153
2021-10-03,Yolo,113,214977,18877,18720,1043,19763,242
2021-10-03,Yuba,115,75493,9544,9462,227,9689,68
2021-10-02,Alameda,001,1643700,116216,115185,2831,118016,1343
2021-10-02,Alpine,003,1148,102,102,0,102,0
2021-10-02,Amador,005,37829,5240,5105,56,5161,61
2021-10-02,Butte,007,227075,19323,18911,3604,22515,243
2021-10-02,Calaveras,009,45235,3684,3585,46,3631,72
2021-10-02,Colusa,011,21464,2431,2403,575,2978,18
2021-10-02,Contra Costa,013,1133247,96254,95369,2094,97463,933
2021-10-02,Del Norte,015,27424,3561,3468,40,3508,39
2021-10-02,El Dorado,017,186661,15120,14887,1623,16510,136
2021-10-02,Fresno,019,978130,130351,128450,11743,140193,1964
2021-10-02,Glenn,021,27897,3272,3234,942,4176,26
2021-10-02,Humboldt,023,135768,8446,8244,454,8698,94
2021-10-02,Imperial,025,180216,31920,31674,3203,34877,757
2021-10-02,Inyo,027,18085,1811,1746,30,1776,39
2021-10-02,Kern,029,883053,119840,117962,19902,137864,1524
2021-10-02,Kings,031,150075,29885,29339,1873,31212,301
2021-10-02,Lake,033,64148,6315,6191,132,6323,97
2021-10-02,Lassen,035,31185,6475,6360,318,6678,25
2021-10-02,Los Angeles,037,10098052,1404362,1395070,55089,1450159,26126
2021-10-02,Madera,039,155013,21363,20931,1758,22689,266
2021-10-02,Marin,041,260295,17065,16936,424,17360,242
2021-10-02,Mariposa,043,17540,1044,967,26,993,5
2021-10-02,Mendocino,045,87422,7002,6869,392,7261,78
2021-10-02,Merced,047,269075,39713,39196,1523,40719,552
2021-10-02,Modoc,049,8938,483,468,170,638,5
2021-10-02,Mono,051,14174,1568,1540,17,1557,3
2021-10-02,Monterey,053,433212,47165,46964,3339,50303,571
2021-10-02,Napa,055,140530,12567,12433,95,12528,96
2021-10-02,Nevada,057,99092,8591,8474,314,8788,87
2021-10-02,Orange,059,3164182,299431,297307,14751,312058,5435
2021-10-02,Placer,061,380077,34840,34377,3449,37826,381
2021-10-02,Plumas,063,18699,1387,1298,29,1327,6
2021-10-02,Riverside,065,2383286,350174,347227,16668,363895,4895
2021-10-02,Sacramento,067,1510023,151134,149897,4163,154060,2099
2021-10-02,San Benito,069,59416,7102,7055,158,7213,69
2021-10-02,San Bernardino,071,2135413,343450,341212,11214,352426,5540
2021-10-02,San Diego,073,3302833,359996,356454,20869,377323,4078
2021-10-02,San Francisco,075,870044,50920,50393,2542,52935,634
2021-10-02,San Joaquin,077,732212,95648,94599,5342,99941,1646
2021-10-02,San Luis Obispo,079,281455,28201,27915,1180,29095,323
2021-10-02,San Mateo,081,765935,52106,51767,1403,53170,573
2021-10-02,Santa Barbara,083,443738,42821,42423,1627,44050,508
2021-10-02,Santa Clara,085,1922200,142280,141231,1213,142444,1862
2021-10-02,Santa Cruz,087,273765,19643,19461,1056,20517,214
2021-10-02,Shasta,089,179085,19407,18912,3315,22227,270
2021-10-02,Sierra,091,2930,139,131,16,147,0
2021-10-02,Siskiyou,093,43540,3147,3053,1198,4251,42
2021-10-02,Solano,095,438530,44264,43800,1164,44964,321
2021-10-02,Sonoma,097,501317,39797,39497,508,40005,382
2021-10-02,Stanislaus,099,539301,74798,73859,8666,82525,1099
2021-10-02,Sutter,101,95872,13325,13160,287,13447,160
2021-10-02,Tehama,103,63373,7651,7453,1333,8786,93
2021-10-02,Trinity,105,12862,711,625,184,809,10
2021-10-02,Tulare,107,460477,63370,62247,14033,76280,908
2021-10-02,Tuolumne,109,53932,6521,6369,73,6442,89
2021-10-02,Ventura,111,848112,95426,94854,4317,99171,1148
2021-10-02,Yolo,113,214977,18852,18640,1039,19679,242
2021-10-02,Yuba,115,75493,9525,9370,226,9596,66
2021-10-01,Alameda,001,1643700,116144,115185,2825,118010,1343
2021-10-01,Alpine,003,1148,102,102,0,102,0
2021-10-01,Amador,005,37829,5220,5105,56,5161,61
2021-10-01,Butte,007,227075,19282,18911,3598,22509,243
2021-10-01,Calaveras,009,45235,3674,3585,46,3631,72
2021-10-01,Colusa,011,21464,2429,2403,575,2978,18
2021-10-01,Contra Costa,013,1133247,96157,95369,2090,97459,933
2021-10-01,Del Norte,015,27424,3558,3468,39,3507,39
2021-10-01,El Dorado,017,186661,15102,14887,1619,16506,136
2021-10-01,Fresno,019,978130,130165,128450,11732,140182,1964
2021-10-01,Glenn,021,27897,3272,3234,940,4174,26
2021-10-01,Humboldt,023,135768,8430,8244,453,8697,94
2021-10-01,Imperial,025,180216,31901,31674,3195,34869,757
2021-10-01,Inyo,027,18085,1802,1746,30,1776,39
2021-10-01,Kern,029,883053,119691,117962,19840,137802,1524
2021-10-01,Kings,031,150075,29851,29339,1867,31206,301
2021-10-01,Lake,033,64148,6305,6191,132,6323,97
2021-10-01,Lassen,035,31185,6464,6360,316,6676,25
2021-10-01,Los Angeles,037,10098052,1403604,1395070,55044,1450114,26126
2021-10-01,Madera,039,155013,21314,20931,1748,22679,266
2021-10-01,Marin,041,260295,17049,16936,423,17359,242
2021-10-01,Mariposa,043,17540,1037,967,26,993,5
2021-10-01,Mendocino,045,87422,6990,6869,392,7261,78
2021-10-01,Merced,047,269075,39669,39196,1513,40709,552
2021-10-01,Modoc,049,8938,482,468,170,638,5
2021-10-01,Mono,051,14174,1566,1540,17,1557,3
2021-10-01,Monterey,053,433212,47146,46964,3334,50298,571
2021-10-01,Napa,055,140530,12557,12433,94,12527,96
2021-10-01,Nevada,057,99092,8577,8474,313,8787,87
2021-10-01,Orange,059,3164182,299248,297307,14734,312041,5435
2021-10-01,Placer,061,380077,34806,34377,3445,37822,381
2021-10-01,Plumas,063,18699,1378,1298,29,1327,6
2021-10-01,Riverside,065,2383286,349881,347227,16661,363888,4895
2021-10-01,Sacramento,067,1510023,150981,149897,4152,154049,2099
2021-10-01,San Benito,069,59416,7100,7055,156,7211,69
2021-10-01,San Bernardino,071,2135413,343253,341212,11211,352423,5540
2021-10-01,San Diego,073,3302833,359628,356454,20847,377301,4078
2021-10-01,San Francisco,075,870044,50877,50393,2540,52933,634
2021-10-01,San Joaquin,077,732212,95578,94599,5338,99937,1646
2021-10-01,San Luis Obispo,079,281455,28178,27915,1177,29092,323
2021-10-01,San Mateo,081,765935,52072,51767,1394,53161,573
2021-10-01,Santa Barbara,083,443738,42786,42423,1627,44050,508
2021-10-01,Santa Clara,085,1922200,142188,141231,1207,142438,1862
2021-10-01,Santa Cruz,087,273765,19623,19461,1055,20516,214
2021-10-01,Shasta,089,179085,19353,18912,3307,22219,270
2021-10-01,Sierra,091,2930,139,131,16,147,0
2021-10-01,Siskiyou,093,43540,3146,3053,1195,4248,42
2021-10-01,Solano,095,438530,44212,43800,1158,44958,321
2021-10-01,Sonoma,097,501317,39765,39497,507,40004,382
2021-10-01,Stanislaus,099,539301,74716,73859,8654,82513,1099
2021-10-01,Sutter,101,95872,13309,13160,285,13445,160
2021-10-01,Tehama,103,63373,7639,7453,1331,8784,93
2021-10-01,Trinity,105,12862,709,625,184,809,10
2021-10-01,Tulare,107,460477,63267,62247,13998,76245,908
2021-10-01,Tuolumne,109,53932,6504,6369,73,6442,89
2021-10-01,Ventura,111,848112,95368,94854,4310,99164,1148
2021-10-01,Yolo,113,214977,18828,18640,1036,19676,242
2021-10-01,Yuba,115,75493,9503,9370,226,9596,66
2021-09-30,Alameda,001,1643700,116002,115185,2821,118006,1343
2021-09-30,Alpine,003,1148,102,102,0,102,0
2021-09-30,Amador,005,37829,5208,5105,56,5161,61
2021-09-30,Butte,007,227075,19233,18911,3590,22501,243
2021-09-30,Calaveras,009,45235,3660,3585,46,3631,72
2021-09-30,Colusa,011,21464,2426,2403,574,2977,18
2021-09-30,Contra Costa,013,1133247,96052,95369,2085,97454,933
2021-09-30,Del Norte,015,27424,3554,3468,36,3504,39
2021-09-30,El Dorado,017,186661,15077,14887,1611,16498,136
2021-09-30,Fresno,019,978130,129889,128450,11702,140152,1964
2021-09-30,Glenn,021,27897,3261,3234,940,4174,26
2021-09-30,Humboldt,023,135768,8398,8244,447,8691,94
2021-09-30,Imperial,025,180216,31850,31674,3193,34867,757
2021-09-30,Inyo,027,18085,1792,1746,30,1776,39
2021-09-30,Kern,029,883053,119449,117962,19757,137719,1524
2021-09-30,Kings,031,150075,29763,29339,1863,31202,301
2021-09-30,Lake,033,64148,6287,6191,132,6323,97
2021-09-30,Lassen,035,31185,6450,6360,316,6676,25
2021-09-30,Los Angeles,037,10098052,1402402,1395070,54982,1450052,26126
2021-09-30,Madera,039,155013,21231,20931,1733,22664,266
2021-09-30,Marin,041,260295,17029,16936,422,17358,242
2021-09-30,Mariposa,043,17540,1015,967,26,993,5
2021-09-30,Mendocino,045,87422,6981,6869,383,7252,78
2021-09-30,Merced,047,269075,39572,39196,1510,40706,552
2021-09-30,Modoc,049,8938,482,468,169,637,5
2021-09-30,Mono,051,14174,1557,1540,17,1557,3
2021-09-30,Monterey,053,433212,47129,46964,3310,50274,571
2021-09-30,Napa,055,140530,12537,12433,94,12527,96
2021-09-30,Nevada,057,99092,8560,8474,312,8786,87
2021-09-30,Orange,059,3164182,298979,297307,14696,312003,5435
2021-09-30,Placer,061,380077,34754,34377,3424,37801,381
2021-09-30,Plumas,063,18699,1360,1298,29,1327,6
2021-09-30,Riverside,065,2383286,349451,347227,16639,363866,4895
2021-09-30,Sacramento,067,1510023,150724,149897,4125,154022,2099
2021-09-30,San Benito,069,59416,7094,7055,156,7211,69
2021-09-30,San Bernardino,071,2135413,342943,341212,11197,352409,5540
2021-09-30,San Diego,073,3302833,359137,356454,20819,377273,4078
2021-09-30,San Francisco,075,870044,50802,50393,2536,52929,634
2021-09-30,San Joaquin,077,732212,95449,94599,5330,99929,1646
2021-09-30,San Luis Obispo,079,281455,28131,27915,1173,29088,323
2021-09-30,San Mateo,081,765935,52028,51767,1389,53156,573
2021-09-30,Santa Barbara,083,443738,42732,42423,1626,44049,508
2021-09-30,Santa Clara,085,1922200,142039,141231,1203,142434,1862
2021-09-30,Santa Cruz,087,273765,19584,19461,1053,20514,214
2021-09-30,Shasta,089,179085,19291,18912,3292,22204,270
2021-09-30,Sierra,091,2930,138,131,16,147,0
2021-09-30,Siskiyou,093,43540,3138,3053,1190,4243,42
2021-09-30,Solano,095,438530,44161,43800,1155,44955,321
2021-09-30,Sonoma,097,501317,39716,39497,507,40004,382
2021-09-30,Stanislaus,099,539301,74557,73859,8633,82492,1099
2021-09-30,Sutter,101,95872,13288,13160,285,13445,160
2021-09-30,Tehama,103,63373,7602,7453,1320,8773,93
2021-09-30,Trinity,105,12862,705,625,184,809,10
2021-09-30,Tulare,107,460477,63101,62247,13935,76182,908
2021-09-30,Tuolumne,109,53932,6481,6369,73,6442,89
2021-09-30,Ventura,111,848112,95273,94854,4304,99158,1148
2021-09-30,Yolo,113,214977,18790,18640,1032,19672,242
2021-09-30,Yuba,115,75493,9480,9370,225,9595,66
2021-09-29,Alameda,001,1643700,115857,114998,2817,117815,1339
2021-09-29,Alpine,003,1148,102,101,0,101,0
2021-09-29,Amador,005,37829,5186,5058,56,5114,61
2021-09-29,Butte,007,227075,19179,18835,3583,22418,242
2021-09-29,Calaveras,009,45235,3643,3553,45,3598,72
2021-09-29,Colusa,011,21464,2424,2401,574,2975,18
2021-09-29,Contra Costa,013,1133247,95938,95213,2078,97291,929
2021-09-29,Del Norte,015,27424,3548,3467,36,3503,39
2021-09-29,El Dorado,017,186661,15046,14834,1604,16438,136
2021-09-29,Fresno,019,978130,129590,128068,11683,139751,1957
2021-09-29,Glenn,021,27897,3254,3213,938,4151,26
2021-09-29,Humboldt,023,135768,8375,8203,446,8649,94
2021-09-29,Imperial,025,180216,31783,31600,3188,34788,757
2021-09-29,Inyo,027,18085,1782,1740,29,1769,39
2021-09-29,Kern,029,883053,119215,117605,19680,137285,1513
2021-09-29,Kings,031,150075,29679,29195,1848,31043,299
2021-09-29,Lake,033,64148,6267,6164,132,6296,97
2021-09-29,Lassen,035,31185,6436,6347,316,6663,25
2021-09-29,Los Angeles,037,10098052,1401201,1393617,54909,1448526,26098
2021-09-29,Madera,039,155013,21186,20818,1718,22536,266
2021-09-29,Marin,041,260295,17011,16921,420,17341,242
2021-09-29,Mariposa,043,17540,1001,963,26,989,5
2021-09-29,Mendocino,045,87422,6969,6821,375,7196,78
2021-09-29,Merced,047,269075,39479,39026,1498,40524,552
2021-09-29,Modoc,049,8938,480,468,169,637,5
2021-09-29,Mono,051,14174,1556,1527,17,1544,3
2021-09-29,Monterey,053,433212,47100,46917,3290,50207,571
2021-09-29,Napa,055,140530,12517,12416,90,12506,96
2021-09-29,Nevada,057,99092,8547,8434,312,8746,87
2021-09-29,Orange,059,3164182,298713,296936,14661,311597,5429
2021-09-29,Placer,061,380077,34691,34271,3401,37672,379
2021-09-29,Plumas,063,18699,1341,1289,29,1318,6
2021-09-29,Riverside,065,2383286,349015,346558,16628,363186,4886
2021-09-29,Sacramento,067,1510023,150473,149686,4115,153801,2099
2021-09-29,San Benito,069,59416,7083,7039,156,7195,69
2021-09-29,San Bernardino,071,2135413,342623,340672,11184,351856,5539
2021-09-29,San Diego,073,3302833,358637,355899,20787,376686,4066
2021-09-29,San Francisco,075,870044,50717,50286,2533,52819,629
2021-09-29,San Joaquin,077,732212,95291,94356,5308,99664,1645
2021-09-29,San Luis Obispo,079,281455,28085,27800,1167,28967,323
2021-09-29,San Mateo,081,765935,51973,51673,1382,53055,573
2021-09-29,Santa Barbara,083,443738,42660,42328,1623,43951,507
2021-09-29,Santa Clara,085,1922200,141906,141036,1197,142233,1861
2021-09-29,Santa Cruz,087,273765,19567,19425,1051,20476,214
2021-09-29,Shasta,089,179085,19225,18805,3280,22085,271
2021-09-29,Sierra,091,2930,134,130,16,146,0
2021-09-29,Siskiyou,093,43540,3125,3043,1183,4226,42
2021-09-29,Solano,095,438530,44104,43724,1148,44872,321
2021-09-29,Sonoma,097,501317,39656,39426,505,39931,370
2021-09-29,Stanislaus,099,539301,74428,73634,8620,82254,1096
2021-09-29,Sutter,101,95872,13261,13135,282,13417,155
2021-09-29,Tehama,103,63373,7572,7409,1305,8714,88
2021-09-29,Trinity,105,12862,702,616,184,800,10
2021-09-29,Tulare,107,460477,62932,62046,13875,75921,908
2021-09-29,Tuolumne,109,53932,6464,6336,73,6409,89
2021-09-29,Ventura,111,848112,95185,94753,4300,99053,1144
2021-09-29,Yolo,113,214977,18757,18587,1027,19614,239
2021-09-29,Yuba,115,75493,9449,9351,221,9572,66
2021-09-28,Alameda,001,1643700,115699,114869,2810,117679,1333
2021-09-28,Alpine,003,1148,102,101,0,101,0
2021-09-28,Amador,005,37829,5164,5049,56,5105,61
2021-09-28,Butte,007,227075,19127,18764,3570,22334,241
2021-09-28,Calaveras,009,45235,3623,3530,45,3575,72
2021-09-28,Colusa,011,21464,2421,2399,572,2971,18
2021-09-28,Contra Costa,013,1133247,95795,95115,2073,97188,929
2021-09-28,Del Norte,015,27424,3545,3462,36,3498,39
2021-09-28,El Dorado,017,186661,14999,14793,1600,16393,133
2021-09-28,Fresno,019,978130,129245,127877,11655,139532,1948
2021-09-28,Glenn,021,27897,3248,3205,937,4142,26
2021-09-28,Humboldt,023,135768,8333,8159,443,8602,91
2021-09-28,Imperial,025,180216,31739,31543,3184,34727,757
2021-09-28,Inyo,027,18085,1768,1708,28,1736,39
2021-09-28,Kern,029,883053,118948,117420,19583,137003,1506
2021-09-28,Kings,031,150075,29581,29141,1838,30979,295
2021-09-28,Lake,033,64148,6252,6155,132,6287,95
2021-09-28,Lassen,035,31185,6430,6340,312,6652,25
2021-09-28,Los Angeles,037,10098052,1399915,1392445,54839,1447284,26068
2021-09-28,Madera,039,155013,21133,20764,1704,22468,266
2021-09-28,Marin,041,260295,16992,16887,418,17305,242
2021-09-28,Mariposa,043,17540,996,952,26,978,5
2021-09-28,Mendocino,045,87422,6947,6804,373,7177,78
2021-09-28,Merced,047,269075,39393,38953,1484,40437,551
2021-09-28,Modoc,049,8938,479,467,169,636,5
2021-09-28,Mono,051,14174,1546,1527,17,1544,3
2021-09-28,Monterey,053,433212,47069,46859,3275,50134,571
2021-09-28,Napa,055,140530,12500,12388,89,12477,96
2021-09-28,Nevada,057,99092,8524,8409,311,8720,84
2021-09-28,Orange,059,3164182,298465,296596,14633,311229,5421
2021-09-28,Placer,061,380077,34625,34187,3383,37570,370
2021-09-28,Plumas,063,18699,1332,1276,29,1305,6
2021-09-28,Riverside,065,2383286,348555,346096,16606,362702,4874
2021-09-28,Sacramento,067,1510023,150198,149310,4083,153393,2086
2021-09-28,San Benito,069,59416,7066,7028,155,7183,69
2021-09-28,San Bernardino,071,2135413,342275,340342,11165,351507,5540
2021-09-28,San Diego,073,3302833,358075,355373,20756,376129,4054
2021-09-28,San Francisco,075,870044,50620,50234,2527,52761,627
2021-09-28,San Joaquin,077,732212,95136,94194,5295,99489,1639
2021-09-28,San Luis Obispo,079,281455,28050,27755,1162,28917,321
2021-09-28,San Mateo,081,765935,51933,51620,1377,52997,571
2021-09-28,Santa Barbara,083,443738,42588,42226,1619,43845,506
2021-09-28,Santa Clara,085,1922200,141744,140886,1188,142074,1858
2021-09-28,Santa Cruz,087,273765,19526,19324,1050,20374,214
2021-09-28,Shasta,089,179085,19163,18701,3266,21967,267
2021-09-28,Sierra,091,2930,133,130,15,145,0
2021-09-28,Siskiyou,093,43540,3113,3032,1179,4211,42
2021-09-28,Solano,095,438530,44031,43652,1145,44797,316
2021-09-28,Sonoma,097,501317,39612,39395,504,39899,370
2021-09-28,Stanislaus,099,539301,74259,73528,8606,82134,1094
2021-09-28,Sutter,101,95872,13242,13102,278,13380,155
2021-09-28,Tehama,103,63373,7554,7382,1290,8672,88
2021-09-28,Trinity,105,12862,699,613,184,797,10
2021-09-28,Tulare,107,460477,62773,61916,13816,75732,905
2021-09-28,Tuolumne,109,53932,6438,6308,73,6381,89
2021-09-28,Ventura,111,848112,95066,94632,4297,98929,1143
2021-09-28,Yolo,113,214977,18731,18564,1024,19588,239
2021-09-28,Yuba,115,75493,9430,9323,220,9543,66
2021-09-27,Alameda,001,1643700,115513,114731,2801,117532,1327
2021-09-27,Alpine,003,1148,102,101,0,101,0
2021-09-27,Amador,005,37829,5150,5017,56,5073,59
2021-09-27,Butte,007,227075,19070,18687,3554,22241,239
2021-09-27,Calaveras,009,45235,3603,3514,44,3558,70
2021-09-27,Colusa,011,21464,2420,2393,571,2964,18
2021-09-27,Contra Costa,013,1133247,95663,94979,2064,97043,924
2021-09-27,Del Norte,015,27424,3543,3468,34,3502,37
2021-09-27,El Dorado,017,186661,14960,14764,1593,16357,132
2021-09-27,Fresno,019,978130,128925,127475,11623,139098,1942
2021-09-27,Glenn,021,27897,3234,3189,933,4122,26
2021-09-27,Humboldt,023,135768,8293,8118,443,8561,91
2021-09-27,Imperial,025,180216,31676,31491,3177,34668,756
2021-09-27,Inyo,027,18085,1756,1698,28,1726,39
2021-09-27,Kern,029,883053,118674,117064,19484,136548,1503
2021-09-27,Kings,031,150075,29483,28998,1826,30824,297
2021-09-27,Lake,033,64148,6232,6126,132,6258,95
2021-09-27,Lassen,035,31185,6415,6327,308,6635,25
2021-09-27,Los Angeles,037,10098052,1398586,1391538,54767,1446305,26040
2021-09-27,Madera,039,155013,21068,20691,1696,22387,262
2021-09-27,Marin,041,260295,16970,16861,417,17278,242
2021-09-27,Mariposa,043,17540,986,931,26,957,5
2021-09-27,Mendocino,045,87422,6921,6761,366,7127,74
2021-09-27,Merced,047,269075,39295,38840,1478,40318,548
2021-09-27,Modoc,049,8938,478,465,167,632,5
2021-09-27,Mono,051,14174,1531,1525,17,1542,3
2021-09-27,Monterey,053,433212,47030,46811,3262,50073,571
2021-09-27,Napa,055,140530,12476,12354,88,12442,95
2021-09-27,Nevada,057,99092,8501,8379,308,8687,84
2021-09-27,Orange,059,3164182,298160,296334,14602,310936,5409
2021-09-27,Placer,061,380077,34537,34087,3378,37465,370
2021-09-27,Plumas,063,18699,1323,1269,29,1298,6
2021-09-27,Riverside,065,2383286,348114,345529,16596,362125,4864
2021-09-27,Sacramento,067,1510023,149883,149096,4060,153156,2076
2021-09-27,San Benito,069,59416,7049,7017,155,7172,67
2021-09-27,San Bernardino,071,2135413,341866,339952,11141,351093,5544
2021-09-27,San Diego,073,3302833,357417,354755,20731,375486,4054
2021-09-27,San Francisco,075,870044,50536,50157,2524,52681,622
2021-09-27,San Joaquin,077,732212,94951,94085,5292,99377,1633
2021-09-27,San Luis Obispo,079,281455,27995,27674,1159,28833,320
2021-09-27,San Mateo,081,765935,51867,51552,1368,52920,571
2021-09-27,Santa Barbara,083,443738,42522,42012,1615,43627,505
2021-09-27,Santa Clara,085,1922200,141563,140802,1178,141980,1853
2021-09-27,Santa Cruz,087,273765,19503,19292,1049,20341,214
2021-09-27,Shasta,089,179085,19081,18599,3239,21838,267
2021-09-27,Sierra,091,2930,133,128,15,143,0
2021-09-27,Siskiyou,093,43540,3101,3015,1174,4189,42
2021-09-27,Solano,095,438530,43960,43582,1140,44722,314
2021-09-27,Sonoma,097,501317,39560,39347,504,39851,370
2021-09-27,Stanislaus,099,539301,74104,73370,8587,81957,1091
2021-09-27,Sutter,101,95872,13212,13082,274,13356,155
2021-09-27,Tehama,103,63373,7513,7345,1280,8625,88
2021-09-27,Trinity,105,12862,688,605,183,788,9
2021-09-27,Tulare,107,460477,62575,61708,13745,75453,904
2021-09-27,Tuolumne,109,53932,6420,6264,73,6337,89
2021-09-27,Ventura,111,848112,94943,94477,4293,98770,1138
2021-09-27,Yolo,113,214977,18699,18524,1023,19547,239
2021-09-27,Yuba,115,75493,9393,9292,216,9508,64
2021-09-26,Alameda,001,1643700,115316,114601,2794,117395,1326
2021-09-26,Alpine,003,1148,101,101,0,101,0
2021-09-26,Amador,005,37829,5118,5001,55,5056,59
2021-09-26,Butte,007,227075,18994,18634,3537,22171,238
2021-09-26,Calaveras,009,45235,3581,3505,44,3549,70
2021-09-26,Colusa,011,21464,2414,2392,568,2960,18
2021-09-26,Contra Costa,013,1133247,95490,94877,2051,96928,924
2021-09-26,Del Norte,015,27424,3537,3466,33,3499,37
2021-09-26,El Dorado,017,186661,14919,14738,1585,16323,132
2021-09-26,Fresno,019,978130,128571,127235,11584,138819,1939
2021-09-26,Glenn,021,27897,3222,3182,933,4115,26
2021-09-26,Humboldt,023,135768,8258,8098,442,8540,91
2021-09-26,Imperial,025,180216,31615,31462,3176,34638,756
2021-09-26,Inyo,027,18085,1741,1685,28,1713,39
2021-09-26,Kern,029,883053,118340,116927,19371,136298,1502
2021-09-26,Kings,031,150075,29382,28930,1814,30744,293
2021-09-26,Lake,033,64148,6215,6113,132,6245,95
2021-09-26,Lassen,035,31185,6405,6319,303,6622,25
2021-09-26,Los Angeles,037,10098052,1397102,1390577,54693,1445270,26035
2021-09-26,Madera,039,155013,20994,20629,1677,22306,262
2021-09-26,Marin,041,260295,16947,16860,417,17277,242
2021-09-26,Mariposa,043,17540,981,929,26,955,5
2021-09-26,Mendocino,045,87422,6888,6744,351,7095,74
2021-09-26,Merced,047,269075,39134,38717,1473,40190,548
2021-09-26,Modoc,049,8938,478,465,166,631,5
2021-09-26,Mono,051,14174,1529,1516,17,1533,3
2021-09-26,Monterey,053,433212,46984,46792,3248,50040,571
2021-09-26,Napa,055,140530,12452,12340,87,12427,95
2021-09-26,Nevada,057,99092,8471,8356,302,8658,84
2021-09-26,Orange,059,3164182,297828,296085,14569,310654,5409
2021-09-26,Placer,061,380077,34443,34043,3367,37410,370
2021-09-26,Plumas,063,18699,1304,1268,29,1297,6
2021-09-26,Riverside,065,2383286,347581,345257,16582,361839,4864
2021-09-26,Sacramento,067,1510023,149479,148745,4041,152786,2071
2021-09-26,San Benito,069,59416,7032,7012,154,7166,67
2021-09-26,San Bernardino,071,2135413,341414,339771,11126,350897,5545
2021-09-26,San Diego,073,3302833,356778,354414,20688,375102,4051
2021-09-26,San Francisco,075,870044,50413,50092,2513,52605,622
2021-09-26,San Joaquin,077,732212,94745,93935,5277,99212,1633
2021-09-26,San Luis Obispo,079,281455,27922,27624,1154,28778,319
2021-09-26,San Mateo,081,765935,51813,51496,1354,52850,571
2021-09-26,Santa Barbara,083,443738,42436,41946,1612,43558,505
2021-09-26,Santa Clara,085,1922200,141362,140667,1174,141841,1852
2021-09-26,Santa Cruz,087,273765,19478,19279,1049,20328,214
2021-09-26,Shasta,089,179085,18972,18566,3215,21781,266
2021-09-26,Sierra,091,2930,133,128,15,143,0
2021-09-26,Siskiyou,093,43540,3087,2998,1164,4162,42
2021-09-26,Solano,095,438530,43895,43537,1139,44676,314
2021-09-26,Sonoma,097,501317,39502,39302,504,39806,370
2021-09-26,Stanislaus,099,539301,73902,73243,8560,81803,1091
2021-09-26,Sutter,101,95872,13175,13045,273,13318,155
2021-09-26,Tehama,103,63373,7455,7323,1270,8593,88
2021-09-26,Trinity,105,12862,685,591,183,774,9
2021-09-26,Tulare,107,460477,62357,61560,13666,75226,904
2021-09-26,Tuolumne,109,53932,6392,6236,71,6307,89
2021-09-26,Ventura,111,848112,94831,94391,4287,98678,1138
2021-09-26,Yolo,113,214977,18664,18496,1015,19511,239
2021-09-26,Yuba,115,75493,9366,9275,216,9491,64
2021-09-25,Alameda,001,1643700,115241,114014,2790,116804,1324
2021-09-25,Alpine,003,1148,101,101,0,101,0
2021-09-25,Amador,005,37829,5105,4934,54,4988,59
2021-09-25,Butte,007,227075,18965,18396,3528,21924,236
2021-09-25,Calaveras,009,45235,3578,3461,44,3505,70
2021-09-25,Colusa,011,21464,2412,2387,566,2953,16
2021-09-25,Contra Costa,013,1133247,95419,94337,2047,96384,924
2021-09-25,Del Norte,015,27424,3536,3404,33,3437,35
2021-09-25,El Dorado,017,186661,14896,14641,1581,16222,130
2021-09-25,Fresno,019,978130,128427,126299,11571,137870,1927
2021-09-25,Glenn,021,27897,3220,3144,932,4076,25
2021-09-25,Humboldt,023,135768,8239,8014,440,8454,88
2021-09-25,Imperial,025,180216,31588,31280,3176,34456,755
2021-09-25,Inyo,027,18085,1733,1657,28,1685,39
2021-09-25,Kern,029,883053,118187,116021,19300,135321,1485
2021-09-25,Kings,031,150075,29331,28636,1811,30447,293
2021-09-25,Lake,033,64148,6210,6046,130,6176,92
2021-09-25,Lassen,035,31185,6393,6248,302,6550,25
2021-09-25,Los Angeles,037,10098052,1396391,1386417,54650,1441067,25964
2021-09-25,Madera,039,155013,20969,20432,1671,22103,262
2021-09-25,Marin,041,260295,16938,16802,415,17217,242
2021-09-25,Mariposa,043,17540,976,906,26,932,5
2021-09-25,Mendocino,045,87422,6869,6657,350,7007,74
2021-09-25,Merced,047,269075,39088,38393,1471,39864,546
2021-09-25,Modoc,049,8938,478,460,166,626,5
2021-09-25,Mono,051,14174,1528,1501,17,1518,3
2021-09-25,Monterey,053,433212,46959,46653,3241,49894,567
2021-09-25,Napa,055,140530,12432,12266,87,12353,95
2021-09-25,Nevada,057,99092,8454,8285,302,8587,84
2021-09-25,Orange,059,3164182,297655,294514,14551,309065,5374
2021-09-25,Placer,061,380077,34379,33764,3364,37128,367
2021-09-25,Plumas,063,18699,1300,1238,29,1267,6
2021-09-25,Riverside,065,2383286,347258,343463,16574,360037,4843
2021-09-25,Sacramento,067,1510023,149304,147728,4031,151759,2049
2021-09-25,San Benito,069,59416,7027,6965,154,7119,67
2021-09-25,San Bernardino,071,2135413,341180,338413,11112,349525,5540
2021-09-25,San Diego,073,3302833,356428,352017,20662,372679,4039
2021-09-25,San Francisco,075,870044,50369,49840,2512,52352,615
2021-09-25,San Joaquin,077,732212,94659,93273,5275,98548,1628
2021-09-25,San Luis Obispo,079,281455,27884,27447,1150,28597,318
2021-09-25,San Mateo,081,765935,51760,51266,1343,52609,568
2021-09-25,Santa Barbara,083,443738,42378,41728,1612,43340,505
2021-09-25,Santa Clara,085,1922200,141255,140023,1171,141194,1844
2021-09-25,Santa Cruz,087,273765,19462,19200,1047,20247,214
2021-09-25,Shasta,089,179085,18921,18256,3205,21461,262
2021-09-25,Sierra,091,2930,132,127,15,142,0
2021-09-25,Siskiyou,093,43540,3081,2956,1153,4109,41
2021-09-25,Solano,095,438530,43854,43331,1136,44467,312
2021-09-25,Sonoma,097,501317,39464,39112,504,39616,369
2021-09-25,Stanislaus,099,539301,73793,72628,8545,81173,1091
2021-09-25,Sutter,101,95872,13157,12976,270,13246,154
2021-09-25,Tehama,103,63373,7440,7200,1268,8468,86
2021-09-25,Trinity,105,12862,685,576,183,759,9
2021-09-25,Tulare,107,460477,62275,60909,13619,74528,898
2021-09-25,Tuolumne,109,53932,6381,6168,71,6239,89
2021-09-25,Ventura,111,848112,94766,94059,4283,98342,1129
2021-09-25,Yolo,113,214977,18642,18393,1014,19407,239
2021-09-25,Yuba,115,75493,9346,9191,216,9407,61
2021-09-24,Alameda,001,1643700,115138,114014,2785,116799,1324
2021-09-24,Alpine,003,1148,101,101,0,101,0
2021-09-24,Amador,005,37829,5075,4934,54,4988,59
2021-09-24,Butte,007,227075,18914,18396,3519,21915,236
2021-09-24,Calaveras,009,45235,3571,3461,43,3504,70
2021-09-24,Colusa,011,21464,2409,2387,565,2952,16
2021-09-24,Contra Costa,013,1133247,95311,94337,2043,96380,924
2021-09-24,Del Norte,015,27424,3533,3404,33,3437,35
2021-09-24,El Dorado,017,186661,14878,14641,1577,16218,130
2021-09-24,Fresno,019,978130,128228,126299,11559,137858,1927
2021-09-24,Glenn,021,27897,3215,3144,932,4076,25
2021-09-24,Humboldt,023,135768,8220,8014,437,8451,88
2021-09-24,Imperial,025,180216,31549,31280,3174,34454,755
2021-09-24,Inyo,027,18085,1724,1657,28,1685,39
2021-09-24,Kern,029,883053,118050,116021,19234,135255,1485
2021-09-24,Kings,031,150075,29290,28636,1806,30442,293
2021-09-24,Lake,033,64148,6202,6046,130,6176,92
2021-09-24,Lassen,035,31185,6385,6248,301,6549,25
2021-09-24,Los Angeles,037,10098052,1395513,1386417,54606,1441023,25964
2021-09-24,Madera,039,155013,20938,20432,1662,22094,262
2021-09-24,Marin,041,260295,16924,16802,414,17216,242
2021-09-24,Mariposa,043,17540,964,906,26,932,5
2021-09-24,Mendocino,045,87422,6856,6657,350,7007,74
2021-09-24,Merced,047,269075,39044,38393,1471,39864,546
2021-09-24,Modoc,049,8938,478,460,165,625,5
2021-09-24,Mono,051,14174,1525,1501,17,1518,3
2021-09-24,Monterey,053,433212,46943,46653,3229,49882,567
2021-09-24,Napa,055,140530,12413,12266,87,12353,95
2021-09-24,Nevada,057,99092,8440,8285,299,8584,84
2021-09-24,Orange,059,3164182,297452,294514,14533,309047,5374
2021-09-24,Placer,061,380077,34324,33764,3351,37115,367
2021-09-24,Plumas,063,18699,1295,1238,29,1267,6
2021-09-24,Riverside,065,2383286,346924,343463,16565,360028,4843
2021-09-24,Sacramento,067,1510023,149121,147728,4027,151755,2049
2021-09-24,San Benito,069,59416,7021,6965,154,7119,67
2021-09-24,San Bernardino,071,2135413,340916,338413,11102,349515,5540
2021-09-24,San Diego,073,3302833,356074,352017,20647,372664,4039
2021-09-24,San Francisco,075,870044,50307,49840,2502,52342,615
2021-09-24,San Joaquin,077,732212,94544,93273,5273,98546,1628
2021-09-24,San Luis Obispo,079,281455,27853,27447,1145,28592,318
2021-09-24,San Mateo,081,765935,51707,51266,1336,52602,568
2021-09-24,Santa Barbara,083,443738,42339,41728,1611,43339,505
2021-09-24,Santa Clara,085,1922200,141143,140023,1170,141193,1844
2021-09-24,Santa Cruz,087,273765,19439,19200,1046,20246,214
2021-09-24,Shasta,089,179085,18866,18256,3191,21447,262
2021-09-24,Sierra,091,2930,131,127,15,142,0
2021-09-24,Siskiyou,093,43540,3072,2956,1147,4103,41
2021-09-24,Solano,095,438530,43817,43331,1134,44465,312
2021-09-24,Sonoma,097,501317,39432,39112,504,39616,369
2021-09-24,Stanislaus,099,539301,73678,72628,8530,81158,1091
2021-09-24,Sutter,101,95872,13138,12976,269,13245,154
2021-09-24,Tehama,103,63373,7428,7200,1263,8463,86
2021-09-24,Trinity,105,12862,682,576,183,759,9
2021-09-24,Tulare,107,460477,62185,60909,13574,74483,898
2021-09-24,Tuolumne,109,53932,6352,6168,71,6239,89
2021-09-24,Ventura,111,848112,94688,94059,4277,98336,1129
2021-09-24,Yolo,113,214977,18610,18393,1011,19404,239
2021-09-24,Yuba,115,75493,9327,9191,216,9407,61
2021-09-23,Alameda,001,1643700,114984,114014,2780,116794,1324
2021-09-23,Alpine,003,1148,101,101,0,101,0
2021-09-23,Amador,005,37829,5062,4934,54,4988,59
2021-09-23,Butte,007,227075,18852,18396,3495,21891,236
2021-09-23,Calaveras,009,45235,3550,3461,43,3504,70
2021-09-23,Colusa,011,21464,2407,2387,563,2950,16
2021-09-23,Contra Costa,013,1133247,95170,94337,2035,96372,924
2021-09-23,Del Norte,015,27424,3524,3404,32,3436,35
2021-09-23,El Dorado,017,186661,14852,14641,1571,16212,130
2021-09-23,Fresno,019,978130,127933,126299,11541,137840,1927
2021-09-23,Glenn,021,27897,3200,3144,929,4073,25
2021-09-23,Humboldt,023,135768,8194,8014,435,8449,88
2021-09-23,Imperial,025,180216,31513,31280,3174,34454,755
2021-09-23,Inyo,027,18085,1710,1657,28,1685,39
2021-09-23,Kern,029,883053,117793,116021,19152,135173,1485
2021-09-23,Kings,031,150075,29187,28636,1797,30433,293
2021-09-23,Lake,033,64148,6192,6046,130,6176,92
2021-09-23,Lassen,035,31185,6376,6248,296,6544,25
2021-09-23,Los Angeles,037,10098052,1394325,1386417,54541,1440958,25964
2021-09-23,Madera,039,155013,20856,20432,1658,22090,262
2021-09-23,Marin,041,260295,16909,16802,413,17215,242
2021-09-23,Mariposa,043,17540,951,906,26,932,5
2021-09-23,Mendocino,045,87422,6835,6657,348,7005,74
2021-09-23,Merced,047,269075,38941,38393,1464,39857,546
2021-09-23,Modoc,049,8938,477,460,165,625,5
2021-09-23,Mono,051,14174,1523,1501,17,1518,3
2021-09-23,Monterey,053,433212,46904,46653,3209,49862,567
2021-09-23,Napa,055,140530,12396,12266,87,12353,95
2021-09-23,Nevada,057,99092,8413,8285,299,8584,84
2021-09-23,Orange,059,3164182,297154,294514,14511,309025,5374
2021-09-23,Placer,061,380077,34248,33764,3344,37108,367
2021-09-23,Plumas,063,18699,1277,1238,28,1266,6
2021-09-23,Riverside,065,2383286,346473,343463,16557,360020,4843
2021-09-23,Sacramento,067,1510023,148793,147728,4005,151733,2049
2021-09-23,San Benito,069,59416,7010,6965,154,7119,67
2021-09-23,San Bernardino,071,2135413,340557,338413,11086,349499,5540
2021-09-23,San Diego,073,3302833,355612,352017,20608,372625,4039
2021-09-23,San Francisco,075,870044,50236,49840,2498,52338,615
2021-09-23,San Joaquin,077,732212,94372,93273,5258,98531,1628
2021-09-23,San Luis Obispo,079,281455,27810,27447,1143,28590,318
2021-09-23,San Mateo,081,765935,51641,51266,1327,52593,568
2021-09-23,Santa Barbara,083,443738,42261,41728,1608,43336,505
2021-09-23,Santa Clara,085,1922200,140994,140023,1162,141185,1844
2021-09-23,Santa Cruz,087,273765,19408,19200,1046,20246,214
2021-09-23,Shasta,089,179085,18788,18256,3174,21430,262
2021-09-23,Sierra,091,2930,131,127,15,142,0
2021-09-23,Siskiyou,093,43540,3068,2956,1136,4092,41
2021-09-23,Solano,095,438530,43749,43331,1131,44462,312
2021-09-23,Sonoma,097,501317,39374,39112,501,39613,369
2021-09-23,Stanislaus,099,539301,73522,72628,8497,81125,1091
2021-09-23,Sutter,101,95872,13109,12976,269,13245,154
2021-09-23,Tehama,103,63373,7387,7200,1258,8458,86
2021-09-23,Trinity,105,12862,668,576,182,758,9
2021-09-23,Tulare,107,460477,62009,60909,13517,74426,898
2021-09-23,Tuolumne,109,53932,6327,6168,70,6238,89
2021-09-23,Ventura,111,848112,94587,94059,4269,98328,1129
2021-09-23,Yolo,113,214977,18581,18393,1006,19399,239
2021-09-23,Yuba,115,75493,9299,9191,215,9406,61
2021-09-22,Alameda,001,1643700,114830,113862,2776,116638,1322
2021-09-22,Alpine,003,1148,101,100,0,100,0
2021-09-22,Amador,005,37829,5046,4915,54,4969,59
2021-09-22,Butte,007,227075,18793,18337,3480,21817,235
2021-09-22,Calaveras,009,45235,3534,3448,43,3491,70
2021-09-22,Colusa,011,21464,2402,2384,562,2946,16
2021-09-22,Contra Costa,013,1133247,94988,94209,2025,96234,924
2021-09-22,Del Norte,015,27424,3513,3386,31,3417,35
2021-09-22,El Dorado,017,186661,14816,14605,1564,16169,127
2021-09-22,Fresno,019,978130,127677,126006,11529,137535,1908
2021-09-22,Glenn,021,27897,3194,3138,928,4066,25
2021-09-22,Humboldt,023,135768,8171,7998,427,8425,80
2021-09-22,Imperial,025,180216,31461,31243,3167,34410,755
2021-09-22,Inyo,027,18085,1700,1651,28,1679,39
2021-09-22,Kern,029,883053,117550,115757,19030,134787,1477
2021-09-22,Kings,031,150075,29103,28589,1791,30380,292
2021-09-22,Lake,033,64148,6179,6035,130,6165,93
2021-09-22,Lassen,035,31185,6356,6209,292,6501,25
2021-09-22,Los Angeles,037,10098052,1393007,1384719,54482,1439201,25930
2021-09-22,Madera,039,155013,20799,20382,1650,22032,262
2021-09-22,Marin,041,260295,16900,16782,410,17192,242
2021-09-22,Mariposa,043,17540,945,901,26,927,5
2021-09-22,Mendocino,045,87422,6808,6624,342,6966,70
2021-09-22,Merced,047,269075,38810,38305,1461,39766,541
2021-09-22,Modoc,049,8938,474,458,165,623,5
2021-09-22,Mono,051,14174,1514,1496,16,1512,3
2021-09-22,Monterey,053,433212,46860,46615,3196,49811,566
2021-09-22,Napa,055,140530,12373,12248,86,12334,95
2021-09-22,Nevada,057,99092,8391,8273,296,8569,84
2021-09-22,Orange,059,3164182,296881,294214,14494,308708,5366
2021-09-22,Placer,061,380077,34161,33661,3331,36992,367
2021-09-22,Plumas,063,18699,1263,1230,28,1258,6
2021-09-22,Riverside,065,2383286,345936,342946,16533,359479,4830
2021-09-22,Sacramento,067,1510023,148480,147533,3973,151506,2043
2021-09-22,San Benito,069,59416,6999,6961,152,7113,67
2021-09-22,San Bernardino,071,2135413,340163,337938,11078,349016,5528
2021-09-22,San Diego,073,3302833,355151,351132,20586,371718,4027
2021-09-22,San Francisco,075,870044,50152,49734,2493,52227,610
2021-09-22,San Joaquin,077,732212,94144,93010,5231,98241,1626
2021-09-22,San Luis Obispo,079,281455,27762,27398,1140,28538,315
2021-09-22,San Mateo,081,765935,51574,51197,1317,52514,568
2021-09-22,Santa Barbara,083,443738,42198,41678,1607,43285,504
2021-09-22,Santa Clara,085,1922200,140830,139803,1155,140958,1844
2021-09-22,Santa Cruz,087,273765,19369,19177,1046,20223,214
2021-09-22,Shasta,089,179085,18698,18153,3162,21315,260
2021-09-22,Sierra,091,2930,131,127,15,142,0
2021-09-22,Siskiyou,093,43540,3051,2947,1126,4073,41
2021-09-22,Solano,095,438530,43688,43269,1130,44399,312
2021-09-22,Sonoma,097,501317,39322,39063,500,39563,369
2021-09-22,Stanislaus,099,539301,73357,72355,8477,80832,1091
2021-09-22,Sutter,101,95872,13089,12960,266,13226,153
2021-09-22,Tehama,103,63373,7361,7173,1254,8427,86
2021-09-22,Trinity,105,12862,667,572,182,754,9
2021-09-22,Tulare,107,460477,61801,60776,13443,74219,896
2021-09-22,Tuolumne,109,53932,6306,6155,69,6224,89
2021-09-22,Ventura,111,848112,94484,93978,4262,98240,1122
2021-09-22,Yolo,113,214977,18543,18342,998,19340,239
2021-09-22,Yuba,115,75493,9270,9169,210,9379,61
2021-09-21,Alameda,001,1643700,114681,113765,2776,116541,1321
2021-09-21,Alpine,003,1148,101,100,0,100,0
2021-09-21,Amador,005,37829,5024,4897,54,4951,59
2021-09-21,Butte,007,227075,18697,18229,3441,21670,232
2021-09-21,Calaveras,009,45235,3516,3437,43,3480,70
2021-09-21,Colusa,011,21464,2399,2378,561,2939,16
2021-09-21,Contra Costa,013,1133247,94796,94101,2009,96110,924
2021-09-21,Del Norte,015,27424,3500,3378,31,3409,34
2021-09-21,El Dorado,017,186661,14786,14578,1557,16135,127
2021-09-21,Fresno,019,978130,127327,125789,11511,137300,1892
2021-09-21,Glenn,021,27897,3187,3134,921,4055,25
2021-09-21,Humboldt,023,135768,8139,7955,422,8377,80
2021-09-21,Imperial,025,180216,31403,31185,3165,34350,755
2021-09-21,Inyo,027,18085,1690,1646,28,1674,39
2021-09-21,Kern,029,883053,117258,115534,18915,134449,1467
2021-09-21,Kings,031,150075,29015,28545,1783,30328,291
2021-09-21,Lake,033,64148,6157,6013,130,6143,90
2021-09-21,Lassen,035,31185,6338,6159,288,6447,25
2021-09-21,Los Angeles,037,10098052,1391565,1383277,54424,1437701,25893
2021-09-21,Madera,039,155013,20738,20317,1639,21956,262
2021-09-21,Marin,041,260295,16885,16748,409,17157,242
2021-09-21,Mariposa,043,17540,940,894,25,919,5
2021-09-21,Mendocino,045,87422,6769,6580,331,6911,68
2021-09-21,Merced,047,269075,38689,38225,1457,39682,539
2021-09-21,Modoc,049,8938,471,458,165,623,5
2021-09-21,Mono,051,14174,1512,1495,14,1509,3
2021-09-21,Monterey,053,433212,46801,46583,3178,49761,565
2021-09-21,Napa,055,140530,12352,12238,86,12324,95
2021-09-21,Nevada,057,99092,8365,8259,286,8545,84
2021-09-21,Orange,059,3164182,296558,293898,14463,308361,5357
2021-09-21,Placer,061,380077,34061,33609,3320,36929,365
2021-09-21,Plumas,063,18699,1257,1225,28,1253,5
2021-09-21,Riverside,065,2383286,345375,342460,16507,358967,4817
2021-09-21,Sacramento,067,1510023,148108,147378,3940,151318,2027
2021-09-21,San Benito,069,59416,6988,6950,151,7101,67
2021-09-21,San Bernardino,071,2135413,339724,337387,11060,348447,5520
2021-09-21,San Diego,073,3302833,354532,350265,20562,370827,4021
2021-09-21,San Francisco,075,870044,50059,49653,2488,52141,609
2021-09-21,San Joaquin,077,732212,93909,92762,5219,97981,1621
2021-09-21,San Luis Obispo,079,281455,27704,27318,1136,28454,314
2021-09-21,San Mateo,081,765935,51513,51136,1309,52445,568
2021-09-21,Santa Barbara,083,443738,42131,41644,1602,43246,503
2021-09-21,Santa Clara,085,1922200,140613,139657,1152,140809,1843
2021-09-21,Santa Cruz,087,273765,19339,19140,1045,20185,212
2021-09-21,Shasta,089,179085,18571,18027,3139,21166,258
2021-09-21,Sierra,091,2930,131,127,15,142,0
2021-09-21,Siskiyou,093,43540,3038,2927,1111,4038,36
2021-09-21,Solano,095,438530,43618,43220,1130,44350,311
2021-09-21,Sonoma,097,501317,39270,39042,500,39542,369
2021-09-21,Stanislaus,099,539301,73170,72211,8455,80666,1091
2021-09-21,Sutter,101,95872,13066,12930,263,13193,153
2021-09-21,Tehama,103,63373,7315,7151,1249,8400,85
2021-09-21,Trinity,105,12862,656,572,180,752,9
2021-09-21,Tulare,107,460477,61587,60607,13382,73989,896
2021-09-21,Tuolumne,109,53932,6275,6139,69,6208,89
2021-09-21,Ventura,111,848112,94380,93818,4256,98074,1120
2021-09-21,Yolo,113,214977,18507,18313,994,19307,239
2021-09-21,Yuba,115,75493,9242,9135,210,9345,61
2021-09-20,Alameda,001,1643700,114502,113637,2772,116409,1320
2021-09-20,Alpine,003,1148,101,100,0,100,0
2021-09-20,Amador,005,37829,5006,4883,53,4936,59
2021-09-20,Butte,007,227075,18615,18135,3425,21560,231
2021-09-20,Calaveras,009,45235,3494,3395,42,3437,66
2021-09-20,Colusa,011,21464,2397,2376,558,2934,16
2021-09-20,Contra Costa,013,1133247,94647,93919,2003,95922,924
2021-09-20,Del Norte,015,27424,3492,3374,30,3404,34
2021-09-20,El Dorado,017,186661,14753,14545,1546,16091,127
2021-09-20,Fresno,019,978130,126914,125287,11492,136779,1889
2021-09-20,Glenn,021,27897,3176,3112,918,4030,25
2021-09-20,Humboldt,023,135768,8102,7938,417,8355,80
2021-09-20,Imperial,025,180216,31321,31146,3164,34310,755
2021-09-20,Inyo,027,18085,1682,1641,27,1668,39
2021-09-20,Kern,029,883053,116918,115271,18781,134052,1459
2021-09-20,Kings,031,150075,28927,28471,1777,30248,285
2021-09-20,Lake,033,64148,6142,5984,129,6113,87
2021-09-20,Lassen,035,31185,6309,6132,287,6419,25
2021-09-20,Los Angeles,037,10098052,1390052,1382206,54338,1436544,25858
2021-09-20,Madera,039,155013,20687,20203,1630,21833,257
2021-09-20,Marin,041,260295,16860,16732,407,17139,242
2021-09-20,Mariposa,043,17540,929,887,25,912,5
2021-09-20,Mendocino,045,87422,6735,6568,326,6894,67
2021-09-20,Merced,047,269075,38581,38144,1447,39591,536
2021-09-20,Modoc,049,8938,470,457,163,620,5
2021-09-20,Mono,051,14174,1507,1480,14,1494,3
2021-09-20,Monterey,053,433212,46767,46506,3152,49658,565
2021-09-20,Napa,055,140530,12327,12209,85,12294,95
2021-09-20,Nevada,057,99092,8345,8228,284,8512,84
2021-09-20,Orange,059,3164182,296218,293642,14436,308078,5354
2021-09-20,Placer,061,380077,33971,33531,3305,36836,364
2021-09-20,Plumas,063,18699,1253,1211,28,1239,5
2021-09-20,Riverside,065,2383286,344875,341961,16493,358454,4802
2021-09-20,Sacramento,067,1510023,147737,147016,3906,150922,2016
2021-09-20,San Benito,069,59416,6979,6947,150,7097,67
2021-09-20,San Bernardino,071,2135413,339331,337059,11044,348103,5507
2021-09-20,San Diego,073,3302833,353857,349579,20525,370104,4009
2021-09-20,San Francisco,075,870044,49957,49559,2482,52041,605
2021-09-20,San Joaquin,077,732212,93667,92614,5206,97820,1615
2021-09-20,San Luis Obispo,079,281455,27629,27259,1127,28386,313
2021-09-20,San Mateo,081,765935,51437,51100,1299,52399,567
2021-09-20,Santa Barbara,083,443738,42035,41589,1598,43187,500
2021-09-20,Santa Clara,085,1922200,140409,139578,1150,140728,1841
2021-09-20,Santa Cruz,087,273765,19307,19121,1045,20166,211
2021-09-20,Shasta,089,179085,18472,17893,3110,21003,258
2021-09-20,Sierra,091,2930,129,126,15,141,0
2021-09-20,Siskiyou,093,43540,3017,2902,1097,3999,35
2021-09-20,Solano,095,438530,43550,43152,1123,44275,312
2021-09-20,Sonoma,097,501317,39226,38991,500,39491,369
2021-09-20,Stanislaus,099,539301,72969,72031,8436,80467,1091
2021-09-20,Sutter,101,95872,13031,12896,258,13154,153
2021-09-20,Tehama,103,63373,7283,7121,1237,8358,84
2021-09-20,Trinity,105,12862,650,568,179,747,7
2021-09-20,Tulare,107,460477,61385,60302,13327,73629,896
2021-09-20,Tuolumne,109,53932,6250,6113,68,6181,89
2021-09-20,Ventura,111,848112,94269,93700,4250,97950,1120
2021-09-20,Yolo,113,214977,18463,18287,992,19279,239
2021-09-20,Yuba,115,75493,9206,9107,208,9315,61
2021-09-19,Alameda,001,1643700,114295,113446,2768,116214,1320
2021-09-19,Alpine,003,1148,100,100,0,100,0
2021-09-19,Amador,005,37829,4966,4875,52,4927,59
2021-09-19,Butte,007,227075,18522,18063,3398,21461,230
2021-09-19,Calaveras,009,45235,3469,3390,39,3429,66
2021-09-19,Colusa,011,21464,2395,2375,556,2931,16
2021-09-19,Contra Costa,013,1133247,94462,93788,1993,95781,924
2021-09-19,Del Norte,015,27424,3465,3344,29,3373,34
2021-09-19,El Dorado,017,186661,14700,14512,1540,16052,127
2021-09-19,Fresno,019,978130,126512,124985,11462,136447,1888
2021-09-19,Glenn,021,27897,3165,3102,913,4015,25
2021-09-19,Humboldt,023,135768,8056,7914,415,8329,80
2021-09-19,Imperial,025,180216,31252,31122,3161,34283,755
2021-09-19,Inyo,027,18085,1673,1639,27,1666,39
2021-09-19,Kern,029,883053,116605,115074,18674,133748,1459
2021-09-19,Kings,031,150075,28798,28416,1768,30184,284
2021-09-19,Lake,033,64148,6111,5962,129,6091,87
2021-09-19,Lassen,035,31185,6289,6129,281,6410,25
2021-09-19,Los Angeles,037,10098052,1388087,1381200,54237,1435437,25852
2021-09-19,Madera,039,155013,20610,20161,1618,21779,257
2021-09-19,Marin,041,260295,16831,16711,405,17116,242
2021-09-19,Mariposa,043,17540,921,881,25,906,5
2021-09-19,Mendocino,045,87422,6690,6538,320,6858,67
2021-09-19,Merced,047,269075,38424,38068,1439,39507,535
2021-09-19,Modoc,049,8938,467,457,161,618,5
2021-09-19,Mono,051,14174,1502,1480,14,1494,3
2021-09-19,Monterey,053,433212,46725,46486,3139,49625,565
2021-09-19,Napa,055,140530,12306,12190,83,12273,95
2021-09-19,Nevada,057,99092,8317,8203,282,8485,84
2021-09-19,Orange,059,3164182,295850,293258,14416,307674,5354
2021-09-19,Placer,061,380077,33858,33406,3287,36693,364
2021-09-19,Plumas,063,18699,1243,1211,28,1239,5
2021-09-19,Riverside,065,2383286,344283,341566,16483,358049,4804
2021-09-19,Sacramento,067,1510023,147379,146603,3860,150463,2012
2021-09-19,San Benito,069,59416,6960,6942,150,7092,67
2021-09-19,San Bernardino,071,2135413,338845,336688,11032,347720,5506
2021-09-19,San Diego,073,3302833,353143,349225,20489,369714,4006
2021-09-19,San Francisco,075,870044,49849,49458,2474,51932,605
2021-09-19,San Joaquin,077,732212,93368,92467,5195,97662,1615
2021-09-19,San Luis Obispo,079,281455,27528,27208,1118,28326,313
2021-09-19,San Mateo,081,765935,51353,51028,1284,52312,567
2021-09-19,Santa Barbara,083,443738,41931,41512,1598,43110,500
2021-09-19,Santa Clara,085,1922200,140222,139410,1145,140555,1841
2021-09-19,Santa Cruz,087,273765,19269,19096,1045,20141,211
2021-09-19,Shasta,089,179085,18358,17813,3075,20888,258
2021-09-19,Sierra,091,2930,128,126,15,141,0
2021-09-19,Siskiyou,093,43540,2991,2882,1088,3970,35
2021-09-19,Solano,095,438530,43465,43056,1118,44174,312
2021-09-19,Sonoma,097,501317,39155,38956,496,39452,369
2021-09-19,Stanislaus,099,539301,72724,71830,8413,80243,1091
2021-09-19,Sutter,101,95872,13004,12868,251,13119,153
2021-09-19,Tehama,103,63373,7230,7081,1226,8307,84
2021-09-19,Trinity,105,12862,639,562,177,739,7
2021-09-19,Tulare,107,460477,61127,60160,13232,73392,896
2021-09-19,Tuolumne,109,53932,6208,6097,68,6165,89
2021-09-19,Ventura,111,848112,94108,93491,4243,97734,1120
2021-09-19,Yolo,113,214977,18413,18238,986,19224,239
2021-09-19,Yuba,115,75493,9180,9087,207,9294,61
2021-09-18,Alameda,001,1643700,114197,113300,2767,116067,1320
2021-09-18,Alpine,003,1148,100,100,0,100,0
2021-09-18,Amador,005,37829,4956,4850,52,4902,59
2021-09-18,Butte,007,227075,18485,17961,3384,21345,230
2021-09-18,Calaveras,009,45235,3463,3361,38,3399,66
2021-09-18,Colusa,011,21464,2395,2373,555,2928,16
2021-09-18,Contra Costa,013,1133247,94372,93656,1989,95645,924
2021-09-18,Del Norte,015,27424,3457,3326,27,3353,34
2021-09-18,El Dorado,017,186661,14677,14472,1536,16008,127
2021-09-18,Fresno,019,978130,126370,124771,11449,136220,1889
2021-09-18,Glenn,021,27897,3159,3086,912,3998,25
2021-09-18,Humboldt,023,135768,8043,7881,413,8294,80
2021-09-18,Imperial,025,180216,31228,31096,3160,34256,755
2021-09-18,Inyo,027,18085,1667,1636,27,1663,39
2021-09-18,Kern,029,883053,116452,114781,18609,133390,1459
2021-09-18,Kings,031,150075,28750,28330,1763,30093,285
2021-09-18,Lake,033,64148,6094,5936,129,6065,87
2021-09-18,Lassen,035,31185,6279,6121,278,6399,25
2021-09-18,Los Angeles,037,10098052,1387330,1379880,54185,1434065,25849
2021-09-18,Madera,039,155013,20566,20126,1609,21735,257
2021-09-18,Marin,041,260295,16814,16685,404,17089,242
2021-09-18,Mariposa,043,17540,918,871,25,896,5
2021-09-18,Mendocino,045,87422,6669,6523,320,6843,67
2021-09-18,Merced,047,269075,38387,37977,1433,39410,535
2021-09-18,Modoc,049,8938,467,457,160,617,5
2021-09-18,Mono,051,14174,1500,1480,14,1494,3
2021-09-18,Monterey,053,433212,46693,46466,3130,49596,565
2021-09-18,Napa,055,140530,12294,12168,83,12251,95
2021-09-18,Nevada,057,99092,8300,8183,282,8465,84
2021-09-18,Orange,059,3164182,295654,293005,14401,307406,5354
2021-09-18,Placer,061,380077,33787,33309,3284,36593,364
2021-09-18,Plumas,063,18699,1243,1204,28,1232,5
2021-09-18,Riverside,065,2383286,343896,341136,16470,357606,4802
2021-09-18,Sacramento,067,1510023,147195,146162,3851,150013,2016
2021-09-18,San Benito,069,59416,6955,6937,150,7087,67
2021-09-18,San Bernardino,071,2135413,338575,336380,11019,347399,5501
2021-09-18,San Diego,073,3302833,352742,348848,20479,369327,4006
2021-09-18,San Francisco,075,870044,49787,49359,2468,51827,605
2021-09-18,San Joaquin,077,732212,93259,92242,5184,97426,1615
2021-09-18,San Luis Obispo,079,281455,27491,27181,1115,28296,313
2021-09-18,San Mateo,081,765935,51304,50961,1280,52241,567
2021-09-18,Santa Barbara,083,443738,41868,41465,1598,43063,500
2021-09-18,Santa Clara,085,1922200,140101,139233,1142,140375,1841
2021-09-18,Santa Cruz,087,273765,19249,19079,1045,20124,211
2021-09-18,Shasta,089,179085,18295,17777,3057,20834,258
2021-09-18,Sierra,091,2930,127,125,15,140,0
2021-09-18,Siskiyou,093,43540,2988,2875,1082,3957,35
2021-09-18,Solano,095,438530,43425,42966,1115,44081,312
2021-09-18,Sonoma,097,501317,39122,38891,494,39385,369
2021-09-18,Stanislaus,099,539301,72578,71587,8388,79975,1091
2021-09-18,Sutter,101,95872,12990,12829,251,13080,153
2021-09-18,Tehama,103,63373,7215,7055,1218,8273,84
2021-09-18,Trinity,105,12862,637,561,177,738,7
2021-09-18,Tulare,107,460477,61053,60003,13178,73181,896
2021-09-18,Tuolumne,109,53932,6193,6069,68,6137,89
2021-09-18,Ventura,111,848112,94040,93424,4238,97662,1120
2021-09-18,Yolo,113,214977,18387,18213,980,19193,239
2021-09-18,Yuba,115,75493,9166,9061,206,9267,61
2021-09-17,Alameda,001,1643700,114077,113070,2765,115835,1320
2021-09-17,Alpine,003,1148,100,99,0,99,0
2021-09-17,Amador,005,37829,4940,4835,51,4886,58
2021-09-17,Butte,007,227075,18434,17870,3375,21245,230
2021-09-17,Calaveras,009,45235,3451,3338,37,3375,66
2021-09-17,Colusa,011,21464,2394,2369,550,2919,16
2021-09-17,Contra Costa,013,1133247,94271,93485,1986,95471,924
2021-09-17,Del Norte,015,27424,3452,3311,25,3336,34
2021-09-17,El Dorado,017,186661,14658,14421,1534,15955,127
2021-09-17,Fresno,019,978130,126152,124296,11441,135737,1882
2021-09-17,Glenn,021,27897,3145,3072,910,3982,25
2021-09-17,Humboldt,023,135768,8022,7850,413,8263,80
2021-09-17,Imperial,025,180216,31202,31031,3159,34190,755
2021-09-17,Inyo,027,18085,1659,1634,27,1661,39
2021-09-17,Kern,029,883053,116261,114303,18513,132816,1456
2021-09-17,Kings,031,150075,28685,28240,1761,30001,281
2021-09-17,Lake,033,64148,6081,5915,129,6044,87
2021-09-17,Lassen,035,31185,6264,6080,276,6356,25
2021-09-17,Los Angeles,037,10098052,1386363,1377905,54114,1432019,25820
2021-09-17,Madera,039,155013,20514,20040,1599,21639,257
2021-09-17,Marin,041,260295,16801,16658,402,17060,242
2021-09-17,Mariposa,043,17540,916,869,25,894,5
2021-09-17,Mendocino,045,87422,6650,6498,320,6818,67
2021-09-17,Merced,047,269075,38340,37803,1431,39234,533
2021-09-17,Modoc,049,8938,467,456,160,616,5
2021-09-17,Mono,051,14174,1496,1457,14,1471,3
2021-09-17,Monterey,053,433212,46673,46421,3126,49547,564
2021-09-17,Napa,055,140530,12273,12153,83,12236,95
2021-09-17,Nevada,057,99092,8285,8157,282,8439,84
2021-09-17,Orange,059,3164182,295440,292685,14383,307068,5346
2021-09-17,Placer,061,380077,33726,33188,3273,36461,362
2021-09-17,Plumas,063,18699,1235,1192,27,1219,5
2021-09-17,Riverside,065,2383286,343493,340445,16460,356905,4792
2021-09-17,Sacramento,067,1510023,146996,145985,3840,149825,1999
2021-09-17,San Benito,069,59416,6952,6929,150,7079,67
2021-09-17,San Bernardino,071,2135413,338222,335810,11012,346822,5488
2021-09-17,San Diego,073,3302833,352309,348098,20461,368559,4002
2021-09-17,San Francisco,075,870044,49737,49249,2461,51710,605
2021-09-17,San Joaquin,077,732212,93122,91977,5172,97149,1610
2021-09-17,San Luis Obispo,079,281455,27457,27102,1104,28206,311
2021-09-17,San Mateo,081,765935,51255,50854,1274,52128,564
2021-09-17,Santa Barbara,083,443738,41806,41354,1598,42952,498
2021-09-17,Santa Clara,085,1922200,139950,138939,1141,140080,1838
2021-09-17,Santa Cruz,087,273765,19224,19039,1045,20084,211
2021-09-17,Shasta,089,179085,18224,17617,3044,20661,254
2021-09-17,Sierra,091,2930,127,124,15,139,0
2021-09-17,Siskiyou,093,43540,2974,2852,1081,3933,35
2021-09-17,Solano,095,438530,43362,42898,1111,44009,312
2021-09-17,Sonoma,097,501317,39084,38808,493,39301,369
2021-09-17,Stanislaus,099,539301,72472,71408,8370,79778,1091
2021-09-17,Sutter,101,95872,12974,12799,249,13048,153
2021-09-17,Tehama,103,63373,7191,7020,1206,8226,84
2021-09-17,Trinity,105,12862,632,556,176,732,7
2021-09-17,Tulare,107,460477,60937,59689,13143,72832,895
2021-09-17,Tuolumne,109,53932,6175,6047,67,6114,89
2021-09-17,Ventura,111,848112,93928,93273,4235,97508,1116
2021-09-17,Yolo,113,214977,18356,18177,976,19153,239
2021-09-17,Yuba,115,75493,9139,9019,205,9224,61
2021-09-16,Alameda,001,1643700,113900,112770,2761,115531,1318
2021-09-16,Alpine,003,1148,100,99,0,99,0
2021-09-16,Amador,005,37829,4920,4819,51,4870,58
2021-09-16,Butte,007,227075,18360,17750,3358,21108,230
2021-09-16,Calaveras,009,45235,3417,3313,37,3350,66
2021-09-16,Colusa,011,21464,2392,2363,548,2911,16
2021-09-16,Contra Costa,013,1133247,94103,93213,1976,95189,917
2021-09-16,Del Norte,015,27424,3434,3285,25,3310,34
2021-09-16,El Dorado,017,186661,14618,14372,1526,15898,127
2021-09-16,Fresno,019,978130,125796,123853,11402,135255,1868
2021-09-16,Glenn,021,27897,3133,3068,908,3976,24
2021-09-16,Humboldt,023,135768,7988,7809,403,8212,80
2021-09-16,Imperial,025,180216,31160,30966,3150,34116,753
2021-09-16,Inyo,027,18085,1657,1623,27,1650,39
2021-09-16,Kern,029,883053,115991,113828,18445,132273,1448
2021-09-16,Kings,031,150075,28599,28114,1752,29866,280
2021-09-16,Lake,033,64148,6057,5890,126,6016,87
2021-09-16,Lassen,035,31185,6230,6028,269,6297,25
2021-09-16,Los Angeles,037,10098052,1384979,1376277,54048,1430325,25796
2021-09-16,Madera,039,155013,20438,19974,1593,21567,257
2021-09-16,Marin,041,260295,16774,16625,401,17026,242
2021-09-16,Mariposa,043,17540,910,849,25,874,6
2021-09-16,Mendocino,045,87422,6618,6445,311,6756,67
2021-09-16,Merced,047,269075,38233,37675,1428,39103,532
2021-09-16,Modoc,049,8938,465,455,160,615,5
2021-09-16,Mono,051,14174,1487,1449,14,1463,3
2021-09-16,Monterey,053,433212,46627,46342,3112,49454,562
2021-09-16,Napa,055,140530,12248,12115,79,12194,95
2021-09-16,Nevada,057,99092,8257,8121,281,8402,84
2021-09-16,Orange,059,3164182,295098,292183,14363,306546,5340
2021-09-16,Placer,061,380077,33633,33037,3251,36288,354
2021-09-16,Plumas,063,18699,1225,1178,27,1205,5
2021-09-16,Riverside,065,2383286,342962,339770,16446,356216,4786
2021-09-16,Sacramento,067,1510023,146639,145754,3807,149561,1996
2021-09-16,San Benito,069,59416,6939,6913,149,7062,67
2021-09-16,San Bernardino,071,2135413,337800,335129,11006,346135,5474
2021-09-16,San Diego,073,3302833,351684,347472,20426,367898,3994
2021-09-16,San Francisco,075,870044,49653,49133,2451,51584,605
2021-09-16,San Joaquin,077,732212,92881,91650,5126,96776,1608
2021-09-16,San Luis Obispo,079,281455,27385,27044,1100,28144,310
2021-09-16,San Mateo,081,765935,51194,50773,1257,52030,564
2021-09-16,Santa Barbara,083,443738,41740,41272,1595,42867,497
2021-09-16,Santa Clara,085,1922200,139793,138685,1137,139822,1835
2021-09-16,Santa Cruz,087,273765,19196,19011,1045,20056,211
2021-09-16,Shasta,089,179085,18100,17438,3009,20447,251
2021-09-16,Sierra,091,2930,127,123,15,138,0
2021-09-16,Siskiyou,093,43540,2955,2819,1073,3892,35
2021-09-16,Solano,095,438530,43290,42792,1105,43897,312
2021-09-16,Sonoma,097,501317,39021,38707,492,39199,369
2021-09-16,Stanislaus,099,539301,72239,71105,8354,79459,1091
2021-09-16,Sutter,101,95872,12930,12729,243,12972,152
2021-09-16,Tehama,103,63373,7152,6953,1195,8148,83
2021-09-16,Trinity,105,12862,629,547,175,722,7
2021-09-16,Tulare,107,460477,60718,59459,13068,72527,894
2021-09-16,Tuolumne,109,53932,6155,5999,66,6065,89
2021-09-16,Ventura,111,848112,93789,93087,4233,97320,1110
2021-09-16,Yolo,113,214977,18325,18135,974,19109,239
2021-09-16,Yuba,115,75493,9105,8981,202,9183,61
2021-09-15,Alameda,001,1643700,113729,112498,2753,115251,1317
2021-09-15,Alpine,003,1148,100,99,0,99,0
2021-09-15,Amador,005,37829,4912,4792,51,4843,58
2021-09-15,Butte,007,227075,18262,17664,3338,21002,228
2021-09-15,Calaveras,009,45235,3385,3293,35,3328,66
2021-09-15,Colusa,011,21464,2390,2352,545,2897,16
2021-09-15,Contra Costa,013,1133247,93923,92989,1964,94953,913
2021-09-15,Del Norte,015,27424,3421,3271,23,3294,34
2021-09-15,El Dorado,017,186661,14592,14309,1518,15827,127
2021-09-15,Fresno,019,978130,125418,123370,11367,134737,1867
2021-09-15,Glenn,021,27897,3120,3051,903,3954,20
2021-09-15,Humboldt,023,135768,7953,7754,398,8152,52
2021-09-15,Imperial,025,180216,31106,30891,3146,34037,753
2021-09-15,Inyo,027,18085,1653,1614,27,1641,39
2021-09-15,Kern,029,883053,115643,113546,18344,131890,1434
2021-09-15,Kings,031,150075,28520,27991,1742,29733,279
2021-09-15,Lake,033,64148,6025,5852,125,5977,85
2021-09-15,Lassen,035,31185,6170,6018,264,6282,25
2021-09-15,Los Angeles,037,10098052,1383489,1374307,53975,1428282,25767
2021-09-15,Madera,039,155013,20364,19880,1587,21467,257
2021-09-15,Marin,041,260295,16739,16592,396,16988,242
2021-09-15,Mariposa,043,17540,899,843,25,868,5
2021-09-15,Mendocino,045,87422,6588,6399,306,6705,66
2021-09-15,Merced,047,269075,38125,37508,1426,38934,529
2021-09-15,Modoc,049,8938,465,454,160,614,5
2021-09-15,Mono,051,14174,1483,1445,14,1459,3
2021-09-15,Monterey,053,433212,46562,46317,3095,49412,562
2021-09-15,Napa,055,140530,12227,12082,79,12161,95
2021-09-15,Nevada,057,99092,8235,8081,278,8359,84
2021-09-15,Orange,059,3164182,294776,291834,14343,306177,5328
2021-09-15,Placer,061,380077,33522,32860,3229,36089,352
2021-09-15,Plumas,063,18699,1220,1164,26,1190,5
2021-09-15,Riverside,065,2383286,342380,339077,16422,355499,4769
2021-09-15,Sacramento,067,1510023,146214,145202,3773,148975,1981
2021-09-15,San Benito,069,59416,6936,6902,149,7051,67
2021-09-15,San Bernardino,071,2135413,337341,334556,10992,345548,5470
2021-09-15,San Diego,073,3302833,351055,346933,20400,367333,3983
2021-09-15,San Francisco,075,870044,49543,48999,2445,51444,605
2021-09-15,San Joaquin,077,732212,92605,91322,5082,96404,1607
2021-09-15,San Luis Obispo,079,281455,27302,26943,1094,28037,306
2021-09-15,San Mateo,081,765935,51116,50691,1251,51942,564
2021-09-15,Santa Barbara,083,443738,41640,41077,1591,42668,497
2021-09-15,Santa Clara,085,1922200,139621,138410,1132,139542,1833
2021-09-15,Santa Cruz,087,273765,19158,18984,1043,20027,210
2021-09-15,Shasta,089,179085,17991,17317,2986,20303,250
2021-09-15,Sierra,091,2930,127,123,15,138,0
2021-09-15,Siskiyou,093,43540,2936,2804,1041,3845,35
2021-09-15,Solano,095,438530,43218,42682,1100,43782,312
2021-09-15,Sonoma,097,501317,38963,38629,492,39121,369
2021-09-15,Stanislaus,099,539301,72018,70852,8333,79185,1091
2021-09-15,Sutter,101,95872,12897,12699,238,12937,151
2021-09-15,Tehama,103,63373,7111,6894,1186,8080,79
2021-09-15,Trinity,105,12862,627,541,173,714,7
2021-09-15,Tulare,107,460477,60460,59149,13006,72155,890
2021-09-15,Tuolumne,109,53932,6129,5969,66,6035,89
2021-09-15,Ventura,111,848112,93649,92960,4228,97188,1109
2021-09-15,Yolo,113,214977,18291,18064,966,19030,239
2021-09-15,Yuba,115,75493,9070,8953,202,9155,61
2021-09-14,Alameda,001,1643700,113522,112329,2747,115076,1316
2021-09-14,Alpine,003,1148,100,98,0,98,0
2021-09-14,Amador,005,37829,4892,4790,51,4841,57
2021-09-14,Butte,007,227075,18130,17516,3314,20830,226
2021-09-14,Calaveras,009,45235,3362,3280,32,3312,66
2021-09-14,Colusa,011,21464,2386,2344,541,2885,16
2021-09-14,Contra Costa,013,1133247,93725,92822,1955,94777,908
2021-09-14,Del Norte,015,27424,3405,3252,22,3274,32
2021-09-14,El Dorado,017,186661,14540,14247,1510,15757,123
2021-09-14,Fresno,019,978130,124945,123151,11327,134478,1856
2021-09-14,Glenn,021,27897,3100,3045,898,3943,20
2021-09-14,Humboldt,023,135768,7919,7717,393,8110,52
2021-09-14,Imperial,025,180216,31055,30845,3143,33988,752
2021-09-14,Inyo,027,18085,1644,1605,27,1632,39
2021-09-14,Kern,029,883053,115264,113250,18218,131468,1428
2021-09-14,Kings,031,150075,28446,27955,1732,29687,278
2021-09-14,Lake,033,64148,5993,5845,125,5970,83
2021-09-14,Lassen,035,31185,6156,5977,259,6236,25
2021-09-14,Los Angeles,037,10098052,1381657,1372831,53889,1426720,25729
2021-09-14,Madera,039,155013,20282,19800,1580,21380,254
2021-09-14,Marin,041,260295,16712,16584,394,16978,242
2021-09-14,Mariposa,043,17540,888,834,24,858,5
2021-09-14,Mendocino,045,87422,6553,6372,294,6666,65
2021-09-14,Merced,047,269075,37975,37430,1423,38853,526
2021-09-14,Modoc,049,8938,464,453,160,613,5
2021-09-14,Mono,051,14174,1471,1440,14,1454,4
2021-09-14,Monterey,053,433212,46532,46224,3071,49295,558
2021-09-14,Napa,055,140530,12194,12070,78,12148,91
2021-09-14,Nevada,057,99092,8201,8056,278,8334,83
2021-09-14,Orange,059,3164182,294388,291423,14320,305743,5319
2021-09-14,Placer,061,380077,33393,32735,3208,35943,350
2021-09-14,Plumas,063,18699,1210,1148,26,1174,5
2021-09-14,Riverside,065,2383286,341739,338534,16391,354925,4748
2021-09-14,Sacramento,067,1510023,145850,145051,3721,148772,1977
2021-09-14,San Benito,069,59416,6927,6887,148,7035,64
2021-09-14,San Bernardino,071,2135413,336848,333968,10967,344935,5465
2021-09-14,San Diego,073,3302833,350384,346204,20355,366559,3966
2021-09-14,San Francisco,075,870044,49421,48998,2430,51428,603
2021-09-14,San Joaquin,077,732212,92365,91128,5072,96200,1596
2021-09-14,San Luis Obispo,079,281455,27229,26845,1089,27934,304
2021-09-14,San Mateo,081,765935,51027,50602,1239,51841,564
2021-09-14,Santa Barbara,083,443738,41546,40783,1582,42365,495
2021-09-14,Santa Clara,085,1922200,139387,138321,1128,139449,1828
2021-09-14,Santa Cruz,087,273765,19118,18965,1041,20006,210
2021-09-14,Shasta,089,179085,17860,17152,2966,20118,246
2021-09-14,Sierra,091,2930,127,123,15,138,0
2021-09-14,Siskiyou,093,43540,2911,2756,1024,3780,35
2021-09-14,Solano,095,438530,43136,42599,1097,43696,307
2021-09-14,Sonoma,097,501317,38895,38595,488,39083,369
2021-09-14,Stanislaus,099,539301,71761,70697,8305,79002,1091
2021-09-14,Sutter,101,95872,12855,12670,231,12901,149
2021-09-14,Tehama,103,63373,7057,6859,1178,8037,80
2021-09-14,Trinity,105,12862,621,538,172,710,7
2021-09-14,Tulare,107,460477,60209,58961,12936,71897,888
2021-09-14,Tuolumne,109,53932,6108,5951,65,6016,89
2021-09-14,Ventura,111,848112,93469,92841,4212,97053,1107
2021-09-14,Yolo,113,214977,18247,18039,961,19000,239
2021-09-14,Yuba,115,75493,9034,8928,202,9130,61
2021-09-13,Alameda,001,1643700,113305,112159,2742,114901,1309
2021-09-13,Alpine,003,1148,99,98,0,98,0
2021-09-13,Amador,005,37829,4874,4761,51,4812,56
2021-09-13,Butte,007,227075,18006,17393,3287,20680,225
2021-09-13,Calaveras,009,45235,3332,3253,30,3283,65
2021-09-13,Colusa,011,21464,2376,2346,536,2882,16
2021-09-13,Contra Costa,013,1133247,93479,92658,1950,94608,908
2021-09-13,Del Norte,015,27424,3369,3232,22,3254,28
2021-09-13,El Dorado,017,186661,14480,14194,1501,15695,119
2021-09-13,Fresno,019,978130,124478,122650,11280,133930,1853
2021-09-13,Glenn,021,27897,3093,3026,889,3915,20
2021-09-13,Humboldt,023,135768,7887,7659,390,8049,52
2021-09-13,Imperial,025,180216,31003,30802,3140,33942,751
2021-09-13,Inyo,027,18085,1637,1602,27,1629,39
2021-09-13,Kern,029,883053,114883,112930,18092,131022,1424
2021-09-13,Kings,031,150075,28336,27858,1720,29578,275
2021-09-13,Lake,033,64148,5971,5809,125,5934,82
2021-09-13,Lassen,035,31185,6121,5953,258,6211,25
2021-09-13,Los Angeles,037,10098052,1379801,1371423,53820,1425243,25703
2021-09-13,Madera,039,155013,20211,19735,1573,21308,252
2021-09-13,Marin,041,260295,16677,16557,393,16950,242
2021-09-13,Mariposa,043,17540,874,825,24,849,5
2021-09-13,Mendocino,045,87422,6520,6323,284,6607,61
2021-09-13,Merced,047,269075,37824,37291,1418,38709,521
2021-09-13,Modoc,049,8938,463,451,160,611,5
2021-09-13,Mono,051,14174,1465,1435,14,1449,3
2021-09-13,Monterey,053,433212,46451,46188,3049,49237,558
2021-09-13,Napa,055,140530,12176,12039,78,12117,91
2021-09-13,Nevada,057,99092,8175,8021,276,8297,83
2021-09-13,Orange,059,3164182,293953,291128,14299,305427,5312
2021-09-13,Placer,061,380077,33226,32617,3191,35808,343
2021-09-13,Plumas,063,18699,1198,1142,26,1168,5
2021-09-13,Riverside,065,2383286,341094,337876,16372,354248,4731
2021-09-13,Sacramento,067,1510023,145363,144537,3688,148225,1956
2021-09-13,San Benito,069,59416,6912,6867,147,7014,64
2021-09-13,San Bernardino,071,2135413,336360,333613,10943,344556,5441
2021-09-13,San Diego,073,3302833,349595,345647,20305,365952,3961
2021-09-13,San Francisco,075,870044,49293,48914,2423,51337,603
2021-09-13,San Joaquin,077,732212,92081,90966,5054,96020,1581
2021-09-13,San Luis Obispo,079,281455,27132,26805,1086,27891,300
2021-09-13,San Mateo,081,765935,50947,50525,1225,51750,564
2021-09-13,Santa Barbara,083,443738,41429,40661,1575,42236,494
2021-09-13,Santa Clara,085,1922200,139140,138152,1122,139274,1820
2021-09-13,Santa Cruz,087,273765,19078,18917,1040,19957,210
2021-09-13,Shasta,089,179085,17733,17033,2925,19958,243
2021-09-13,Sierra,091,2930,127,123,15,138,0
2021-09-13,Siskiyou,093,43540,2896,2745,1012,3757,35
2021-09-13,Solano,095,438530,43037,42501,1093,43594,306
2021-09-13,Sonoma,097,501317,38828,38513,485,38998,368
2021-09-13,Stanislaus,099,539301,71511,70477,8266,78743,1091
2021-09-13,Sutter,101,95872,12797,12624,227,12851,145
2021-09-13,Tehama,103,63373,6994,6803,1166,7969,79
2021-09-13,Trinity,105,12862,619,533,170,703,7
2021-09-13,Tulare,107,460477,59926,58768,12870,71638,887
2021-09-13,Tuolumne,109,53932,6077,5909,65,5974,89
2021-09-13,Ventura,111,848112,93318,92679,4204,96883,1107
2021-09-13,Yolo,113,214977,18206,17974,956,18930,239
2021-09-13,Yuba,115,75493,8989,8884,201,9085,61
2021-09-12,Alameda,001,1643700,113043,111961,2738,114699,1309
2021-09-12,Alpine,003,1148,99,98,0,98,0
2021-09-12,Amador,005,37829,4853,4752,51,4803,56
2021-09-12,Butte,007,227075,17863,17257,3242,20499,221
2021-09-12,Calaveras,009,45235,3300,3236,26,3262,65
2021-09-12,Colusa,011,21464,2373,2344,535,2879,16
2021-09-12,Contra Costa,013,1133247,93212,92498,1938,94436,908
2021-09-12,Del Norte,015,27424,3335,3200,22,3222,28
2021-09-12,El Dorado,017,186661,14408,14167,1484,15651,119
2021-09-12,Fresno,019,978130,123960,122407,11237,133644,1853
2021-09-12,Glenn,021,27897,3073,3016,882,3898,20
2021-09-12,Humboldt,023,135768,7816,7636,379,8015,52
2021-09-12,Imperial,025,180216,30940,30790,3134,33924,751
2021-09-12,Inyo,027,18085,1627,1596,27,1623,39
2021-09-12,Kern,029,883053,114474,112602,17930,130532,1424
2021-09-12,Kings,031,150075,28226,27764,1703,29467,274
2021-09-12,Lake,033,64148,5932,5781,123,5904,82
2021-09-12,Lassen,035,31185,6084,5943,248,6191,25
2021-09-12,Los Angeles,037,10098052,1377752,1365968,53739,1419707,25630
2021-09-12,Madera,039,155013,20124,19691,1563,21254,252
2021-09-12,Marin,041,260295,16654,16526,393,16919,242
2021-09-12,Mariposa,043,17540,863,811,24,835,5
2021-09-12,Mendocino,045,87422,6479,6283,276,6559,61
2021-09-12,Merced,047,269075,37651,37172,1407,38579,521
2021-09-12,Modoc,049,8938,463,451,159,610,5
2021-09-12,Mono,051,14174,1455,1431,14,1445,3
2021-09-12,Monterey,053,433212,46372,46167,3021,49188,558
2021-09-12,Napa,055,140530,12146,12011,78,12089,91
2021-09-12,Nevada,057,99092,8136,7987,273,8260,83
2021-09-12,Orange,059,3164182,293494,290718,14274,304992,5312
2021-09-12,Placer,061,380077,33078,32520,3165,35685,343
2021-09-12,Plumas,063,18699,1183,1138,26,1164,5
2021-09-12,Riverside,065,2383286,340409,337332,16340,353672,4731
2021-09-12,Sacramento,067,1510023,144860,144030,3646,147676,1959
2021-09-12,San Benito,069,59416,6893,6852,146,6998,64
2021-09-12,San Bernardino,071,2135413,335751,333049,10929,343978,5439
2021-09-12,San Diego,073,3302833,348772,345058,20232,365290,3942
2021-09-12,San Francisco,075,870044,49182,48819,2415,51234,603
2021-09-12,San Joaquin,077,732212,91751,90730,5046,95776,1581
2021-09-12,San Luis Obispo,079,281455,27014,26729,1073,27802,299
2021-09-12,San Mateo,081,765935,50851,50432,1211,51643,564
2021-09-12,Santa Barbara,083,443738,41323,40600,1568,42168,494
2021-09-12,Santa Clara,085,1922200,138888,137899,1118,139017,1820
2021-09-12,Santa Cruz,087,273765,19046,18892,1039,19931,210
2021-09-12,Shasta,089,179085,17571,16957,2865,19822,243
2021-09-12,Sierra,091,2930,127,123,15,138,0
2021-09-12,Siskiyou,093,43540,2869,2730,997,3727,35
2021-09-12,Solano,095,438530,42933,42409,1088,43497,306
2021-09-12,Sonoma,097,501317,38753,38456,483,38939,368
2021-09-12,Stanislaus,099,539301,71214,70184,8228,78412,1091
2021-09-12,Sutter,101,95872,12755,12589,221,12810,145
2021-09-12,Tehama,103,63373,6930,6732,1154,7886,79
2021-09-12,Trinity,105,12862,615,529,168,697,7
2021-09-12,Tulare,107,460477,59570,58582,12805,71387,887
2021-09-12,Tuolumne,109,53932,6044,5888,65,5953,89
2021-09-12,Ventura,111,848112,93201,92496,4198,96694,1107
2021-09-12,Yolo,113,214977,18141,17943,948,18891,239
2021-09-12,Yuba,115,75493,8952,8842,201,9043,61
2021-09-11,Alameda,001,1643700,112917,111715,2736,114451,1309
2021-09-11,Alpine,003,1148,99,98,0,98,0
2021-09-11,Amador,005,37829,4840,4728,50,4778,56
2021-09-11,Butte,007,227075,17783,17218,3213,20431,221
2021-09-11,Calaveras,009,45235,3297,3208,25,3233,65
2021-09-11,Colusa,011,21464,2372,2338,532,2870,16
2021-09-11,Contra Costa,013,1133247,93094,92269,1933,94202,908
2021-09-11,Del Norte,015,27424,3319,3184,22,3206,28
2021-09-11,El Dorado,017,186661,14389,14117,1477,15594,119
2021-09-11,Fresno,019,978130,123781,122224,11214,133438,1853
2021-09-11,Glenn,021,27897,3069,3007,880,3887,20
2021-09-11,Humboldt,023,135768,7794,7615,376,7991,52
2021-09-11,Imperial,025,180216,30915,30760,3130,33890,751
2021-09-11,Inyo,027,18085,1624,1590,27,1617,39
2021-09-11,Kern,029,883053,114228,112205,17809,130014,1424
2021-09-11,Kings,031,150075,28177,27631,1697,29328,275
2021-09-11,Lake,033,64148,5912,5761,123,5884,82
2021-09-11,Lassen,035,31185,6069,5930,244,6174,25
2021-09-11,Los Angeles,037,10098052,1376792,1365831,53671,1419502,25630
2021-09-11,Madera,039,155013,20071,19648,1557,21205,252
2021-09-11,Marin,041,260295,16626,16496,392,16888,242
2021-09-11,Mariposa,043,17540,858,799,24,823,5
2021-09-11,Mendocino,045,87422,6455,6257,276,6533,61
2021-09-11,Merced,047,269075,37597,37042,1404,38446,521
2021-09-11,Modoc,049,8938,463,449,159,608,5
2021-09-11,Mono,051,14174,1451,1431,14,1445,3
2021-09-11,Monterey,053,433212,46341,46140,3013,49153,558
2021-09-11,Napa,055,140530,12123,11991,78,12069,91
2021-09-11,Nevada,057,99092,8121,7967,273,8240,83
2021-09-11,Orange,059,3164182,293195,290429,14257,304686,5306
2021-09-11,Placer,061,380077,32994,32414,3154,35568,344
2021-09-11,Plumas,063,18699,1179,1112,26,1138,5
2021-09-11,Riverside,065,2383286,339971,336585,16326,352911,4731
2021-09-11,Sacramento,067,1510023,144563,143557,3632,147189,1955
2021-09-11,San Benito,069,59416,6880,6844,146,6990,64
2021-09-11,San Bernardino,071,2135413,335408,332512,10917,343429,5430
2021-09-11,San Diego,073,3302833,348283,344355,20208,364563,3942
2021-09-11,San Francisco,075,870044,49127,48660,2409,51069,603
2021-09-11,San Joaquin,077,732212,91607,90482,5039,95521,1581
2021-09-11,San Luis Obispo,079,281455,26968,26651,1072,27723,299
2021-09-11,San Mateo,081,765935,50786,50341,1209,51550,564
2021-09-11,Santa Barbara,083,443738,41250,40451,1568,42019,494
2021-09-11,Santa Clara,085,1922200,138739,137659,1115,138774,1820
2021-09-11,Santa Cruz,087,273765,19017,18865,1039,19904,210
2021-09-11,Shasta,089,179085,17480,16877,2843,19720,243
2021-09-11,Sierra,091,2930,127,123,15,138,0
2021-09-11,Siskiyou,093,43540,2852,2717,994,3711,35
2021-09-11,Solano,095,438530,42882,42344,1085,43429,306
2021-09-11,Sonoma,097,501317,38707,38399,481,38880,368
2021-09-11,Stanislaus,099,539301,71089,69974,8213,78187,1091
2021-09-11,Sutter,101,95872,12729,12538,218,12756,145
2021-09-11,Tehama,103,63373,6909,6703,1146,7849,79
2021-09-11,Trinity,105,12862,608,526,168,694,7
2021-09-11,Tulare,107,460477,59459,58321,12758,71079,889
2021-09-11,Tuolumne,109,53932,6025,5879,62,5941,89
2021-09-11,Ventura,111,848112,93122,92328,4193,96521,1107
2021-09-11,Yolo,113,214977,18117,17906,943,18849,239
2021-09-11,Yuba,115,75493,8927,8813,201,9014,61
2021-09-10,Alameda,001,1643700,112727,111386,2735,114121,1306
2021-09-10,Alpine,003,1148,98,97,0,97,0
2021-09-10,Amador,005,37829,4828,4706,50,4756,56
2021-09-10,Butte,007,227075,17708,17051,3198,20249,222
2021-09-10,Calaveras,009,45235,3291,3183,25,3208,65
2021-09-10,Colusa,011,21464,2368,2327,529,2856,16
2021-09-10,Contra Costa,013,1133247,92973,92024,1931,93955,908
2021-09-10,Del Norte,015,27424,3304,3128,21,3149,28
2021-09-10,El Dorado,017,186661,14357,14051,1472,15523,119
2021-09-10,Fresno,019,978130,123460,121659,11196,132855,1846
2021-09-10,Glenn,021,27897,3064,2977,880,3857,20
2021-09-10,Humboldt,023,135768,7761,7543,372,7915,52
2021-09-10,Imperial,025,180216,30891,30716,3128,33844,751
2021-09-10,Inyo,027,18085,1620,1590,27,1617,39
2021-09-10,Kern,029,883053,113974,111832,17690,129522,1419
2021-09-10,Kings,031,150075,28103,27473,1689,29162,274
2021-09-10,Lake,033,64148,5896,5713,121,5834,79
2021-09-10,Lassen,035,31185,6061,5914,241,6155,25
2021-09-10,Los Angeles,037,10098052,1375586,1365709,53603,1419312,25630
2021-09-10,Madera,039,155013,20025,19520,1553,21073,252
2021-09-10,Marin,041,260295,16607,16458,389,16847,242
2021-09-10,Mariposa,043,17540,853,795,24,819,5
2021-09-10,Mendocino,045,87422,6424,6184,275,6459,61
2021-09-10,Merced,047,269075,37544,36884,1403,38287,521
2021-09-10,Modoc,049,8938,463,448,159,607,5
2021-09-10,Mono,051,14174,1448,1422,14,1436,3
2021-09-10,Monterey,053,433212,46314,46084,2994,49078,557
2021-09-10,Napa,055,140530,12099,11948,78,12026,90
2021-09-10,Nevada,057,99092,8103,7932,272,8204,83
2021-09-10,Orange,059,3164182,292893,290022,14248,304270,5302
2021-09-10,Placer,061,380077,32894,32264,3141,35405,343
2021-09-10,Plumas,063,18699,1173,1111,26,1137,5
2021-09-10,Riverside,065,2383286,339497,335988,16319,352307,4720
2021-09-10,Sacramento,067,1510023,144222,143244,3623,146867,1950
2021-09-10,San Benito,069,59416,6876,6824,146,6970,64
2021-09-10,San Bernardino,071,2135413,334988,331894,10907,342801,5422
2021-09-10,San Diego,073,3302833,347721,343173,20166,363339,3941
2021-09-10,San Francisco,075,870044,49050,48518,2400,50918,602
2021-09-10,San Joaquin,077,732212,91428,90208,5032,95240,1573
2021-09-10,San Luis Obispo,079,281455,26935,26526,1070,27596,299
2021-09-10,San Mateo,081,765935,50728,50251,1203,51454,564
2021-09-10,Santa Barbara,083,443738,41197,40321,1565,41886,492
2021-09-10,Santa Clara,085,1922200,138555,137337,1114,138451,1817
2021-09-10,Santa Cruz,087,273765,18998,18785,1038,19823,210
2021-09-10,Shasta,089,179085,17386,16667,2815,19482,242
2021-09-10,Sierra,091,2930,127,117,15,132,0
2021-09-10,Siskiyou,093,43540,2840,2702,990,3692,35
2021-09-10,Solano,095,438530,42809,42230,1077,43307,305
2021-09-10,Sonoma,097,501317,38650,38271,480,38751,368
2021-09-10,Stanislaus,099,539301,70931,69617,8190,77807,1091
2021-09-10,Sutter,101,95872,12695,12468,218,12686,145
2021-09-10,Tehama,103,63373,6876,6652,1140,7792,77
2021-09-10,Trinity,105,12862,604,524,168,692,7
2021-09-10,Tulare,107,460477,59312,57930,12712,70642,883
2021-09-10,Tuolumne,109,53932,6007,5842,61,5903,89
2021-09-10,Ventura,111,848112,93035,92145,4188,96333,1104
2021-09-10,Yolo,113,214977,18093,17825,938,18763,239
2021-09-10,Yuba,115,75493,8909,8760,200,8960,62
2021-09-09,Alameda,001,1643700,112512,111014,2727,113741,1306
2021-09-09,Alpine,003,1148,98,94,0,94,0
2021-09-09,Amador,005,37829,4807,4698,49,4747,56
2021-09-09,Butte,007,227075,17563,16874,3172,20046,221
2021-09-09,Calaveras,009,45235,3257,3165,25,3190,65
2021-09-09,Colusa,011,21464,2361,2321,527,2848,16
2021-09-09,Contra Costa,013,1133247,92764,91687,1926,93613,904
2021-09-09,Del Norte,015,27424,3281,3102,21,3123,28
2021-09-09,El Dorado,017,186661,14299,13970,1462,15432,119
2021-09-09,Fresno,019,978130,122986,121040,11164,132204,1838
2021-09-09,Glenn,021,27897,3051,2947,873,3820,20
2021-09-09,Humboldt,023,135768,7712,7471,365,7836,52
2021-09-09,Imperial,025,180216,30853,30661,3125,33786,751
2021-09-09,Inyo,027,18085,1613,1586,27,1613,39
2021-09-09,Kern,029,883053,113626,111390,17530,128920,1414
2021-09-09,Kings,031,150075,28002,27282,1678,28960,273
2021-09-09,Lake,033,64148,5872,5638,119,5757,79
2021-09-09,Lassen,035,31185,6011,5860,235,6095,25
2021-09-09,Los Angeles,037,10098052,1373729,1363735,53526,1417261,25583
2021-09-09,Madera,039,155013,19952,19401,1541,20942,252
2021-09-09,Marin,041,260295,16583,16416,386,16802,242
2021-09-09,Mariposa,043,17540,840,779,23,802,5
2021-09-09,Mendocino,045,87422,6392,6089,266,6355,61
2021-09-09,Merced,047,269075,37390,36634,1390,38024,516
2021-09-09,Modoc,049,8938,463,448,159,607,5
2021-09-09,Mono,051,14174,1442,1420,14,1434,3
2021-09-09,Monterey,053,433212,46272,45991,2971,48962,556
2021-09-09,Napa,055,140530,12068,11878,78,11956,90
2021-09-09,Nevada,057,99092,8065,7855,272,8127,82
2021-09-09,Orange,059,3164182,292488,289109,14216,303325,5299
2021-09-09,Placer,061,380077,32777,32048,3126,35174,342
2021-09-09,Plumas,063,18699,1163,1098,25,1123,5
2021-09-09,Riverside,065,2383286,338858,334774,16301,351075,4701
2021-09-09,Sacramento,067,1510023,143744,142728,3576,146304,1929
2021-09-09,San Benito,069,59416,6866,6820,145,6965,64
2021-09-09,San Bernardino,071,2135413,334427,331040,10895,341935,5417
2021-09-09,San Diego,073,3302833,346994,342149,20109,362258,3929
2021-09-09,San Francisco,075,870044,48940,48404,2387,50791,597
2021-09-09,San Joaquin,077,732212,91156,89874,5014,94888,1570
2021-09-09,San Luis Obispo,079,281455,26853,26472,1067,27539,296
2021-09-09,San Mateo,081,765935,50616,50143,1191,51334,561
2021-09-09,Santa Barbara,083,443738,41092,40180,1560,41740,490
2021-09-09,Santa Clara,085,1922200,138330,137017,1110,138127,1816
2021-09-09,Santa Cruz,087,273765,18952,18728,1038,19766,210
2021-09-09,Shasta,089,179085,17240,16401,2772,19173,238
2021-09-09,Sierra,091,2930,127,115,15,130,0
2021-09-09,Siskiyou,093,43540,2817,2683,976,3659,35
2021-09-09,Solano,095,438530,42701,42081,1073,43154,303
2021-09-09,Sonoma,097,501317,38583,38171,479,38650,360
2021-09-09,Stanislaus,099,539301,70645,69178,8156,77334,1074
2021-09-09,Sutter,101,95872,12640,12396,216,12612,144
2021-09-09,Tehama,103,63373,6822,6554,1135,7689,75
2021-09-09,Trinity,105,12862,598,523,166,689,6
2021-09-09,Tulare,107,460477,59068,57564,12652,70216,879
2021-09-09,Tuolumne,109,53932,5979,5802,60,5862,89
2021-09-09,Ventura,111,848112,92892,91610,4179,95789,1098
2021-09-09,Yolo,113,214977,18037,17724,935,18659,239
2021-09-09,Yuba,115,75493,8864,8707,197,8904,55
2021-09-08,Alameda,001,1643700,112258,110781,2723,113504,1305
2021-09-08,Alpine,003,1148,98,94,0,94,0
2021-09-08,Amador,005,37829,4795,4693,49,4742,56
2021-09-08,Butte,007,227075,17430,16775,3154,19929,220
2021-09-08,Calaveras,009,45235,3238,3157,25,3182,63
2021-09-08,Colusa,011,21464,2359,2308,525,2833,16
2021-09-08,Contra Costa,013,1133247,92494,91471,1921,93392,900
2021-09-08,Del Norte,015,27424,3257,3085,21,3106,25
2021-09-08,El Dorado,017,186661,14219,13928,1440,15368,119
2021-09-08,Fresno,019,978130,122495,120644,11114,131758,1831
2021-09-08,Glenn,021,27897,3032,2942,861,3803,20
2021-09-08,Humboldt,023,135768,7669,7438,356,7794,52
2021-09-08,Imperial,025,180216,30820,30609,3112,33721,751
2021-09-08,Inyo,027,18085,1602,1580,27,1607,39
2021-09-08,Kern,029,883053,113231,110933,17389,128322,1409
2021-09-08,Kings,031,150075,27873,27235,1663,28898,267
2021-09-08,Lake,033,64148,5842,5618,117,5735,79
2021-09-08,Lassen,035,31185,5994,5848,227,6075,25
2021-09-08,Los Angeles,037,10098052,1371666,1362029,53436,1415465,25533
2021-09-08,Madera,039,155013,19892,19352,1528,20880,252
2021-09-08,Marin,041,260295,16555,16386,385,16771,242
2021-09-08,Mariposa,043,17540,828,777,22,799,5
2021-09-08,Mendocino,045,87422,6347,6069,257,6326,61
2021-09-08,Merced,047,269075,37229,36500,1378,37878,516
2021-09-08,Modoc,049,8938,463,448,159,607,5
2021-09-08,Mono,051,14174,1439,1418,14,1432,3
2021-09-08,Monterey,053,433212,46234,45959,2953,48912,554
2021-09-08,Napa,055,140530,12033,11842,76,11918,90
2021-09-08,Nevada,057,99092,8029,7843,271,8114,82
2021-09-08,Orange,059,3164182,292086,288511,14192,302703,5290
2021-09-08,Placer,061,380077,32640,31852,3109,34961,337
2021-09-08,Plumas,063,18699,1156,1072,24,1096,5
2021-09-08,Riverside,065,2383286,338099,334037,16273,350310,4683
2021-09-08,Sacramento,067,1510023,143267,142448,3525,145973,1921
2021-09-08,San Benito,069,59416,6849,6800,144,6944,64
2021-09-08,San Bernardino,071,2135413,333824,330279,10879,341158,5411
2021-09-08,San Diego,073,3302833,346058,341437,20063,361500,3926
2021-09-08,San Francisco,075,870044,48801,48263,2384,50647,589
2021-09-08,San Joaquin,077,732212,90878,89631,4990,94621,1561
2021-09-08,San Luis Obispo,079,281455,26760,26303,1062,27365,294
2021-09-08,San Mateo,081,765935,50519,50051,1188,51239,561
2021-09-08,Santa Barbara,083,443738,40981,40000,1556,41556,490
2021-09-08,Santa Clara,085,1922200,138099,136836,1104,137940,1810
2021-09-08,Santa Cruz,087,273765,18915,18699,1038,19737,210
2021-09-08,Shasta,089,179085,17085,16227,2728,18955,234
2021-09-08,Sierra,091,2930,127,113,15,128,0
2021-09-08,Siskiyou,093,43540,2784,2643,965,3608,35
2021-09-08,Solano,095,438530,42612,41971,1070,43041,302
2021-09-08,Sonoma,097,501317,38501,38075,478,38553,360
2021-09-08,Stanislaus,099,539301,70400,68945,8118,77063,1074
2021-09-08,Sutter,101,95872,12575,12349,213,12562,144
2021-09-08,Tehama,103,63373,6755,6520,1118,7638,75
2021-09-08,Trinity,105,12862,595,520,162,682,6
2021-09-08,Tulare,107,460477,58744,57425,12595,70020,876
2021-09-08,Tuolumne,109,53932,5946,5783,58,5841,89
2021-09-08,Ventura,111,848112,92742,91345,4161,95506,1096
2021-09-08,Yolo,113,214977,17956,17680,930,18610,239
2021-09-08,Yuba,115,75493,8822,8675,195,8870,55
2021-09-07,Alameda,001,1643700,111957,110550,2716,113266,1301
2021-09-07,Alpine,003,1148,97,94,0,94,0
2021-09-07,Amador,005,37829,4768,4679,49,4728,53
2021-09-07,Butte,007,227075,17274,16723,3118,19841,220
2021-09-07,Calaveras,009,45235,3197,3140,23,3163,63
2021-09-07,Colusa,011,21464,2348,2306,524,2830,16
2021-09-07,Contra Costa,013,1133247,92233,91167,1915,93082,891
2021-09-07,Del Norte,015,27424,3243,3081,21,3102,24
2021-09-07,El Dorado,017,186661,14148,13892,1424,15316,119
2021-09-07,Fresno,019,978130,121947,120268,11061,131329,1828
2021-09-07,Glenn,021,27897,3012,2937,853,3790,20
2021-09-07,Humboldt,023,135768,7609,7397,339,7736,52
2021-09-07,Imperial,025,180216,30781,30584,3104,33688,751
2021-09-07,Inyo,027,18085,1596,1579,26,1605,39
2021-09-07,Kern,029,883053,112800,110674,17224,127898,1408
2021-09-07,Kings,031,150075,27749,27169,1645,28814,267
2021-09-07,Lake,033,64148,5800,5597,109,5706,78
2021-09-07,Lassen,035,31185,5976,5842,221,6063,21
2021-09-07,Los Angeles,037,10098052,1369443,1360407,53338,1413745,25486
2021-09-07,Madera,039,155013,19804,19316,1522,20838,249
2021-09-07,Marin,041,260295,16517,16363,385,16748,242
2021-09-07,Mariposa,043,17540,813,771,22,793,5
2021-09-07,Mendocino,045,87422,6290,6036,246,6282,61
2021-09-07,Merced,047,269075,37055,36400,1373,37773,513
2021-09-07,Modoc,049,8938,461,449,159,608,5
2021-09-07,Mono,051,14174,1430,1416,14,1430,3
2021-09-07,Monterey,053,433212,46168,45911,2922,48833,543
2021-09-07,Napa,055,140530,11992,11814,76,11890,90
2021-09-07,Nevada,057,99092,8001,7829,271,8100,82
2021-09-07,Orange,059,3164182,291660,288225,14161,302386,5274
2021-09-07,Placer,061,380077,32487,31710,3080,34790,337
2021-09-07,Plumas,063,18699,1141,1071,24,1095,5
2021-09-07,Riverside,065,2383286,337311,333390,16254,349644,4666
2021-09-07,Sacramento,067,1510023,142729,142364,3478,145842,1905
2021-09-07,San Benito,069,59416,6831,6786,144,6930,64
2021-09-07,San Bernardino,071,2135413,333085,329962,10851,340813,5407
2021-09-07,San Diego,073,3302833,345048,340709,19999,360708,3922
2021-09-07,San Francisco,075,870044,48663,48175,2376,50551,589
2021-09-07,San Joaquin,077,732212,90545,89468,4975,94443,1548
2021-09-07,San Luis Obispo,079,281455,26642,26253,1053,27306,287
2021-09-07,San Mateo,081,765935,50431,49913,1182,51095,561
2021-09-07,Santa Barbara,083,443738,40856,39957,1551,41508,489
2021-09-07,Santa Clara,085,1922200,137814,136631,1097,137728,1807
2021-09-07,Santa Cruz,087,273765,18866,18669,1035,19704,210
2021-09-07,Shasta,089,179085,16930,16096,2674,18770,226
2021-09-07,Sierra,091,2930,127,111,15,126,0
2021-09-07,Siskiyou,093,43540,2759,2607,947,3554,34
2021-09-07,Solano,095,438530,42492,41862,1066,42928,300
2021-09-07,Sonoma,097,501317,38417,38013,475,38488,358
2021-09-07,Stanislaus,099,539301,70114,68831,8095,76926,1074
2021-09-07,Sutter,101,95872,12501,12310,207,12517,138
2021-09-07,Tehama,103,63373,6703,6482,1097,7579,74
2021-09-07,Trinity,105,12862,589,517,162,679,6
2021-09-07,Tulare,107,460477,58395,57228,12513,69741,874
2021-09-07,Tuolumne,109,53932,5909,5759,58,5817,88
2021-09-07,Ventura,111,848112,92532,91246,4150,95396,1093
2021-09-07,Yolo,113,214977,17887,17653,925,18578,235
2021-09-07,Yuba,115,75493,8779,8642,190,8832,55
2021-09-06,Alameda,001,1643700,111649,110357,2707,113064,1301
2021-09-06,Alpine,003,1148,95,94,0,94,0
2021-09-06,Amador,005,37829,4752,4648,48,4696,53
2021-09-06,Butte,007,227075,17082,16588,3074,19662,218
2021-09-06,Calaveras,009,45235,3179,3122,23,3145,63
2021-09-06,Colusa,011,21464,2341,2306,519,2825,16
2021-09-06,Contra Costa,013,1133247,91940,90971,1905,92876,891
2021-09-06,Del Norte,015,27424,3202,3037,20,3057,24
2021-09-06,El Dorado,017,186661,14079,13848,1408,15256,119
2021-09-06,Fresno,019,978130,121380,119738,11002,130740,1828
2021-09-06,Glenn,021,27897,2979,2912,838,3750,20
2021-09-06,Humboldt,023,135768,7532,7320,321,7641,52
2021-09-06,Imperial,025,180216,30718,30576,3098,33674,751
2021-09-06,Inyo,027,18085,1590,1578,11,1589,39
2021-09-06,Kern,029,883053,112293,110347,17031,127378,1408
2021-09-06,Kings,031,150075,27609,27094,1627,28721,264
2021-09-06,Lake,033,64148,5736,5548,102,5650,78
2021-09-06,Lassen,035,31185,5950,5822,210,6032,21
2021-09-06,Los Angeles,037,10098052,1367073,1359348,53219,1412567,25477
2021-09-06,Madera,039,155013,19701,19191,1503,20694,249
2021-09-06,Marin,041,260295,16477,16356,385,16741,242
2021-09-06,Mariposa,043,17540,801,764,22,786,5
2021-09-06,Mendocino,045,87422,6223,5984,232,6216,61
2021-09-06,Merced,047,269075,36838,36300,1364,37664,513
2021-09-06,Modoc,049,8938,458,449,159,608,5
2021-09-06,Mono,051,14174,1427,1416,14,1430,3
2021-09-06,Monterey,053,433212,46104,45833,2877,48710,541
2021-09-06,Napa,055,140530,11949,11792,75,11867,90
2021-09-06,Nevada,057,99092,7953,7748,269,8017,82
2021-09-06,Orange,059,3164182,291164,287948,14107,302055,5274
2021-09-06,Placer,061,380077,32312,31595,3040,34635,337
2021-09-06,Plumas,063,18699,1120,1068,21,1089,5
2021-09-06,Riverside,065,2383286,336492,333052,16233,349285,4666
2021-09-06,Sacramento,067,1510023,142092,141730,3406,145136,1905
2021-09-06,San Benito,069,59416,6808,6777,141,6918,64
2021-09-06,San Bernardino,071,2135413,332203,329693,10820,340513,5398
2021-09-06,San Diego,073,3302833,344032,340222,19903,360125,3922
2021-09-06,San Francisco,075,870044,48529,48120,2370,50490,589
2021-09-06,San Joaquin,077,732212,90200,89293,4950,94243,1548
2021-09-06,San Luis Obispo,079,281455,26514,26183,1050,27233,286
2021-09-06,San Mateo,081,765935,50320,49859,1165,51024,561
2021-09-06,Santa Barbara,083,443738,40727,39876,1542,41418,489
2021-09-06,Santa Clara,085,1922200,137525,136458,1094,137552,1807
2021-09-06,Santa Cruz,087,273765,18814,18615,1032,19647,210
2021-09-06,Shasta,089,179085,16752,15985,2619,18604,226
2021-09-06,Sierra,091,2930,127,109,15,124,0
2021-09-06,Siskiyou,093,43540,2715,2595,913,3508,34
2021-09-06,Solano,095,438530,42353,41774,1060,42834,300
2021-09-06,Sonoma,097,501317,38301,37929,474,38403,358
2021-09-06,Stanislaus,099,539301,69739,68596,8047,76643,1074
2021-09-06,Sutter,101,95872,12439,12238,198,12436,138
2021-09-06,Tehama,103,63373,6641,6413,1070,7483,74
2021-09-06,Trinity,105,12862,586,515,160,675,6
2021-09-06,Tulare,107,460477,58041,57068,12432,69500,874
2021-09-06,Tuolumne,109,53932,5874,5697,58,5755,88
2021-09-06,Ventura,111,848112,92358,91132,4139,95271,1093
2021-09-06,Yolo,113,214977,17805,17576,919,18495,235
2021-09-06,Yuba,115,75493,8729,8584,186,8770,55
2021-09-05,Alameda,001,1643700,111459,110173,2704,112877,1301
2021-09-05,Alpine,003,1148,95,94,0,94,0
2021-09-05,Amador,005,37829,4740,4642,48,4690,53
2021-09-05,Butte,007,227075,16992,16504,3046,19550,218
2021-09-05,Calaveras,009,45235,3172,3106,23,3129,63
2021-09-05,Colusa,011,21464,2333,2305,517,2822,16
2021-09-05,Contra Costa,013,1133247,91756,90862,1899,92761,891
2021-09-05,Del Norte,015,27424,3181,3023,20,3043,24
2021-09-05,El Dorado,017,186661,14050,13827,1394,15221,119
2021-09-05,Fresno,019,978130,121083,119384,10968,130352,1828
2021-09-05,Glenn,021,27897,2971,2899,835,3734,20
2021-09-05,Humboldt,023,135768,7499,7312,318,7630,52
2021-09-05,Imperial,025,180216,30689,30548,3096,33644,751
2021-09-05,Inyo,027,18085,1587,1572,11,1583,39
2021-09-05,Kern,029,883053,111997,110073,16866,126939,1408
2021-09-05,Kings,031,150075,27532,26989,1623,28612,264
2021-09-05,Lake,033,64148,5716,5525,102,5627,78
2021-09-05,Lassen,035,31185,5928,5820,206,6026,21
2021-09-05,Los Angeles,037,10098052,1365791,1357748,53143,1410891,25465
2021-09-05,Madera,039,155013,19658,19155,1494,20649,249
2021-09-05,Marin,041,260295,16458,16342,384,16726,242
2021-09-05,Mariposa,043,17540,797,761,22,783,5
2021-09-05,Mendocino,045,87422,6189,5965,232,6197,61
2021-09-05,Merced,047,269075,36762,36243,1363,37606,513
2021-09-05,Modoc,049,8938,458,447,159,606,5
2021-09-05,Mono,051,14174,1427,1416,14,1430,3
2021-09-05,Monterey,053,433212,46080,45795,2864,48659,540
2021-09-05,Napa,055,140530,11924,11770,75,11845,90
2021-09-05,Nevada,057,99092,7931,7722,268,7990,82
2021-09-05,Orange,059,3164182,290879,287614,14090,301704,5274
2021-09-05,Placer,061,380077,32185,31487,3026,34513,337
2021-09-05,Plumas,063,18699,1114,1067,21,1088,5
2021-09-05,Riverside,065,2383286,336040,332604,16222,348826,4654
2021-09-05,Sacramento,067,1510023,141659,141276,3384,144660,1905
2021-09-05,San Benito,069,59416,6807,6764,141,6905,64
2021-09-05,San Bernardino,071,2135413,331821,329062,10805,339867,5392
2021-09-05,San Diego,073,3302833,343474,339427,19867,359294,3914
2021-09-05,San Francisco,075,870044,48451,48035,2365,50400,589
2021-09-05,San Joaquin,077,732212,90036,89121,4933,94054,1548
2021-09-05,San Luis Obispo,079,281455,26466,26098,1049,27147,285
2021-09-05,San Mateo,081,765935,50256,49809,1159,50968,561
2021-09-05,Santa Barbara,083,443738,40660,39762,1540,41302,489
2021-09-05,Santa Clara,085,1922200,137315,136146,1092,137238,1807
2021-09-05,Santa Cruz,087,273765,18794,18588,1030,19618,210
2021-09-05,Shasta,089,179085,16670,15960,2593,18553,226
2021-09-05,Sierra,091,2930,126,109,15,124,0
2021-09-05,Siskiyou,093,43540,2699,2585,898,3483,34
2021-09-05,Solano,095,438530,42256,41687,1055,42742,300
2021-09-05,Sonoma,097,501317,38220,37881,473,38354,358
2021-09-05,Stanislaus,099,539301,69590,68434,8023,76457,1074
2021-09-05,Sutter,101,95872,12409,12179,192,12371,138
2021-09-05,Tehama,103,63373,6616,6400,1064,7464,74
2021-09-05,Trinity,105,12862,579,505,159,664,6
2021-09-05,Tulare,107,460477,57874,56915,12387,69302,874
2021-09-05,Tuolumne,109,53932,5862,5688,58,5746,88
2021-09-05,Ventura,111,848112,92223,91004,4135,95139,1093
2021-09-05,Yolo,113,214977,17770,17557,913,18470,235
2021-09-05,Yuba,115,75493,8704,8521,184,8705,55
2021-09-04,Alameda,001,1643700,111335,109944,2697,112641,1301
2021-09-04,Alpine,003,1148,95,94,0,94,0
2021-09-04,Amador,005,37829,4722,4637,47,4684,53
2021-09-04,Butte,007,227075,16935,16403,3030,19433,218
2021-09-04,Calaveras,009,45235,3161,3087,22,3109,63
2021-09-04,Colusa,011,21464,2331,2301,517,2818,16
2021-09-04,Contra Costa,013,1133247,91643,90623,1896,92519,891
2021-09-04,Del Norte,015,27424,3170,2984,20,3004,24
2021-09-04,El Dorado,017,186661,14023,13782,1386,15168,119
2021-09-04,Fresno,019,978130,120890,119033,10952,129985,1828
2021-09-04,Glenn,021,27897,2966,2878,831,3709,20
2021-09-04,Humboldt,023,135768,7468,7298,312,7610,52
2021-09-04,Imperial,025,180216,30666,30526,3094,33620,751
2021-09-04,Inyo,027,18085,1585,1571,11,1582,39
2021-09-04,Kern,029,883053,111752,109751,16735,126486,1408
2021-09-04,Kings,031,150075,27444,26896,1617,28513,263
2021-09-04,Lake,033,64148,5698,5507,102,5609,78
2021-09-04,Lassen,035,31185,5913,5814,198,6012,21
2021-09-04,Los Angeles,037,10098052,1364852,1355634,53081,1408715,25454
2021-09-04,Madera,039,155013,19625,19112,1488,20600,249
2021-09-04,Marin,041,260295,16442,16319,383,16702,242
2021-09-04,Mariposa,043,17540,792,759,22,781,5
2021-09-04,Mendocino,045,87422,6153,5933,232,6165,61
2021-09-04,Merced,047,269075,36717,36083,1360,37443,513
2021-09-04,Modoc,049,8938,458,447,159,606,5
2021-09-04,Mono,051,14174,1427,1417,14,1431,3
2021-09-04,Monterey,053,433212,46058,45756,2851,48607,540
2021-09-04,Napa,055,140530,11899,11760,73,11833,90
2021-09-04,Nevada,057,99092,7916,7691,267,7958,82
2021-09-04,Orange,059,3164182,290616,287244,14069,301313,5274
2021-09-04,Placer,061,380077,32080,31374,3009,34383,337
2021-09-04,Plumas,063,18699,1106,1067,21,1088,5
2021-09-04,Riverside,065,2383286,335570,331958,16210,348168,4654
2021-09-04,Sacramento,067,1510023,141368,140735,3375,144110,1896
2021-09-04,San Benito,069,59416,6798,6758,141,6899,64
2021-09-04,San Bernardino,071,2135413,331489,328425,10792,339217,5393
2021-09-04,San Diego,073,3302833,343040,338748,19845,358593,3914
2021-09-04,San Francisco,075,870044,48380,47937,2352,50289,589
2021-09-04,San Joaquin,077,732212,89921,88846,4923,93769,1548
2021-09-04,San Luis Obispo,079,281455,26435,26020,1049,27069,285
2021-09-04,San Mateo,081,765935,50209,49721,1150,50871,560
2021-09-04,Santa Barbara,083,443738,40594,39667,1538,41205,489
2021-09-04,Santa Clara,085,1922200,137129,135845,1089,136934,1806
2021-09-04,Santa Cruz,087,273765,18776,18579,1026,19605,210
2021-09-04,Shasta,089,179085,16593,15924,2567,18491,226
2021-09-04,Sierra,091,2930,124,108,15,123,0
2021-09-04,Siskiyou,093,43540,2674,2563,886,3449,34
2021-09-04,Solano,095,438530,42183,41614,1053,42667,300
2021-09-04,Sonoma,097,501317,38187,37809,473,38282,358
2021-09-04,Stanislaus,099,539301,69432,68210,7999,76209,1074
2021-09-04,Sutter,101,95872,12368,12137,191,12328,138
2021-09-04,Tehama,103,63373,6591,6367,1046,7413,74
2021-09-04,Trinity,105,12862,577,497,159,656,6
2021-09-04,Tulare,107,460477,57767,56719,12344,69063,874
2021-09-04,Tuolumne,109,53932,5844,5667,56,5723,88
2021-09-04,Ventura,111,848112,92088,90904,4132,95036,1090
2021-09-04,Yolo,113,214977,17736,17522,909,18431,235
2021-09-04,Yuba,115,75493,8676,8475,183,8658,55
2021-09-03,Alameda,001,1643700,111192,109636,2696,112332,1301
2021-09-03,Alpine,003,1148,95,94,0,94,0
2021-09-03,Amador,005,37829,4700,4614,47,4661,53
2021-09-03,Butte,007,227075,16845,16259,3004,19263,215
2021-09-03,Calaveras,009,45235,3151,3069,22,3091,63
2021-09-03,Colusa,011,21464,2326,2295,516,2811,16
2021-09-03,Contra Costa,013,1133247,91492,90299,1893,92192,886
2021-09-03,Del Norte,015,27424,3142,2943,19,2962,24
2021-09-03,El Dorado,017,186661,13990,13710,1382,15092,119
2021-09-03,Fresno,019,978130,120558,118508,10937,129445,1822
2021-09-03,Glenn,021,27897,2960,2867,824,3691,20
2021-09-03,Humboldt,023,135768,7444,7194,307,7501,52
2021-09-03,Imperial,025,180216,30643,30475,3089,33564,751
2021-09-03,Inyo,027,18085,1580,1567,11,1578,39
2021-09-03,Kern,029,883053,111538,109296,16620,125916,1407
2021-09-03,Kings,031,150075,27362,26753,1612,28365,263
2021-09-03,Lake,033,64148,5678,5479,100,5579,78
2021-09-03,Lassen,035,31185,5896,5789,193,5982,21
2021-09-03,Los Angeles,037,10098052,1363525,1351185,53014,1404199,25384
2021-09-03,Madera,039,155013,19542,19021,1481,20502,247
2021-09-03,Marin,041,260295,16419,16293,382,16675,242
2021-09-03,Mariposa,043,17540,784,753,22,775,5
2021-09-03,Mendocino,045,87422,6118,5891,231,6122,61
2021-09-03,Merced,047,269075,36663,35941,1351,37292,512
2021-09-03,Modoc,049,8938,458,445,159,604,5
2021-09-03,Mono,051,14174,1426,1410,14,1424,3
2021-09-03,Monterey,053,433212,46031,45707,2836,48543,540
2021-09-03,Napa,055,140530,11878,11733,73,11806,89
2021-09-03,Nevada,057,99092,7883,7632,266,7898,82
2021-09-03,Orange,059,3164182,290296,286818,14040,300858,5253
2021-09-03,Placer,061,380077,31973,31238,2984,34222,335
2021-09-03,Plumas,063,18699,1095,1057,21,1078,5
2021-09-03,Riverside,065,2383286,335037,331011,16194,347205,4653
2021-09-03,Sacramento,067,1510023,140999,139982,3356,143338,1886
2021-09-03,San Benito,069,59416,6792,6746,141,6887,64
2021-09-03,San Bernardino,071,2135413,331081,327599,10782,338381,5381
2021-09-03,San Diego,073,3302833,342418,337627,19814,357441,3911
2021-09-03,San Francisco,075,870044,48306,47822,2343,50165,589
2021-09-03,San Joaquin,077,732212,89769,88366,4915,93281,1540
2021-09-03,San Luis Obispo,079,281455,26360,25917,1047,26964,283
2021-09-03,San Mateo,081,765935,50128,49617,1135,50752,560
2021-09-03,Santa Barbara,083,443738,40528,39507,1535,41042,489
2021-09-03,Santa Clara,085,1922200,136923,135522,1085,136607,1801
2021-09-03,Santa Cruz,087,273765,18751,18532,1026,19558,210
2021-09-03,Shasta,089,179085,16518,15778,2543,18321,226
2021-09-03,Sierra,091,2930,122,105,15,120,0
2021-09-03,Siskiyou,093,43540,2661,2529,873,3402,34
2021-09-03,Solano,095,438530,42108,41457,1050,42507,300
2021-09-03,Sonoma,097,501317,38125,37699,473,38172,358
2021-09-03,Stanislaus,099,539301,69256,67887,7972,75859,1074
2021-09-03,Sutter,101,95872,12329,12073,190,12263,139
2021-09-03,Tehama,103,63373,6553,6334,1038,7372,72
2021-09-03,Trinity,105,12862,576,490,154,644,6
2021-09-03,Tulare,107,460477,57640,56401,12291,68692,872
2021-09-03,Tuolumne,109,53932,5802,5630,56,5686,88
2021-09-03,Ventura,111,848112,91954,90742,4128,94870,1088
2021-09-03,Yolo,113,214977,17713,17446,903,18349,235
2021-09-03,Yuba,115,75493,8645,8412,182,8594,55
2021-09-02,Alameda,001,1643700,110939,109377,2692,112069,1301
2021-09-02,Alpine,003,1148,94,92,0,92,0
2021-09-02,Amador,005,37829,4684,4606,47,4653,53
2021-09-02,Butte,007,227075,16721,16154,2984,19138,215
2021-09-02,Calaveras,009,45235,3140,3042,21,3063,62
2021-09-02,Colusa,011,21464,2323,2290,514,2804,16
2021-09-02,Contra Costa,013,1133247,91312,90038,1885,91923,886
2021-09-02,Del Norte,015,27424,3111,2891,19,2910,24
2021-09-02,El Dorado,017,186661,13932,13641,1354,14995,119
2021-09-02,Fresno,019,978130,120072,117974,10900,128874,1804
2021-09-02,Glenn,021,27897,2937,2855,819,3674,20
2021-09-02,Humboldt,023,135768,7397,7141,295,7436,52
2021-09-02,Imperial,025,180216,30599,30449,3085,33534,751
2021-09-02,Inyo,027,18085,1575,1564,10,1574,39
2021-09-02,Kern,029,883053,111127,108930,16473,125403,1404
2021-09-02,Kings,031,150075,27270,26638,1602,28240,263
2021-09-02,Lake,033,64148,5648,5432,95,5527,78
2021-09-02,Lassen,035,31185,5882,5747,186,5933,21
2021-09-02,Los Angeles,037,10098052,1361670,1351105,52920,1404025,25382
2021-09-02,Madera,039,155013,19451,18937,1465,20402,247
2021-09-02,Marin,041,260295,16406,16244,380,16624,242
2021-09-02,Mariposa,043,17540,778,745,19,764,5
2021-09-02,Mendocino,045,87422,6077,5848,228,6076,61
2021-09-02,Merced,047,269075,36501,35820,1343,37163,508
2021-09-02,Modoc,049,8938,458,437,159,596,5
2021-09-02,Mono,051,14174,1426,1409,14,1423,3
2021-09-02,Monterey,053,433212,45979,45648,2809,48457,539
2021-09-02,Napa,055,140530,11849,11684,73,11757,88
2021-09-02,Nevada,057,99092,7831,7575,265,7840,82
2021-09-02,Orange,059,3164182,289839,286326,14003,300329,5240
2021-09-02,Placer,061,380077,31836,31067,2954,34021,330
2021-09-02,Plumas,063,18699,1084,1045,20,1065,5
2021-09-02,Riverside,065,2383286,334323,330190,16168,346358,4644
2021-09-02,Sacramento,067,1510023,140416,139274,3316,142590,1882
2021-09-02,San Benito,069,59416,6787,6734,140,6874,64
2021-09-02,San Bernardino,071,2135413,330476,326940,10707,337647,5369
2021-09-02,San Diego,073,3302833,341450,336382,19762,356144,3909
2021-09-02,San Francisco,075,870044,48199,47674,2337,50011,587
2021-09-02,San Joaquin,077,732212,89484,88056,4890,92946,1540
2021-09-02,San Luis Obispo,079,281455,26276,25851,1042,26893,283
2021-09-02,San Mateo,081,765935,50039,49490,1121,50611,558
2021-09-02,Santa Barbara,083,443738,40438,39386,1521,40907,486
2021-09-02,Santa Clara,085,1922200,136622,135216,1080,136296,1799
2021-09-02,Santa Cruz,087,273765,18718,18473,1024,19497,210
2021-09-02,Shasta,089,179085,16381,15670,2512,18182,224
2021-09-02,Sierra,091,2930,122,105,15,120,0
2021-09-02,Siskiyou,093,43540,2642,2513,843,3356,34
2021-09-02,Solano,095,438530,42002,41293,1047,42340,294
2021-09-02,Sonoma,097,501317,38047,37558,473,38031,352
2021-09-02,Stanislaus,099,539301,68999,67576,7950,75526,1074
2021-09-02,Sutter,101,95872,12259,11995,186,12181,138
2021-09-02,Tehama,103,63373,6494,6265,1019,7284,72
2021-09-02,Trinity,105,12862,572,484,152,636,6
2021-09-02,Tulare,107,460477,57413,56105,12236,68341,872
2021-09-02,Tuolumne,109,53932,5747,5578,56,5634,88
2021-09-02,Ventura,111,848112,91772,90610,4123,94733,1084
2021-09-02,Yolo,113,214977,17644,17357,892,18249,235
2021-09-02,Yuba,115,75493,8586,8363,182,8545,55
2021-09-01,Alameda,001,1643700,110670,109075,2687,111762,1299
2021-09-01,Alpine,003,1148,94,92,0,92,0
2021-09-01,Amador,005,37829,4668,4599,46,4645,53
2021-09-01,Butte,007,227075,16607,16046,2958,19004,215
2021-09-01,Calaveras,009,45235,3126,3023,21,3044,59
2021-09-01,Colusa,011,21464,2318,2281,514,2795,16
2021-09-01,Contra Costa,013,1133247,91085,89834,1874,91708,877
2021-09-01,Del Norte,015,27424,3078,2860,19,2879,24
2021-09-01,El Dorado,017,186661,13877,13577,1326,14903,119
2021-09-01,Fresno,019,978130,119587,117492,10849,128341,1800
2021-09-01,Glenn,021,27897,2910,2846,809,3655,20
2021-09-01,Humboldt,023,135768,7349,7090,288,7378,52
2021-09-01,Imperial,025,180216,30562,30393,3080,33473,750
2021-09-01,Inyo,027,18085,1572,1561,8,1569,39
2021-09-01,Kern,029,883053,110704,108449,16329,124778,1400
2021-09-01,Kings,031,150075,27157,26443,1590,28033,263
2021-09-01,Lake,033,64148,5606,5396,90,5486,77
2021-09-01,Lassen,035,31185,5860,5731,182,5913,21
2021-09-01,Los Angeles,037,10098052,1359450,1348589,52808,1401397,25341
2021-09-01,Madera,039,155013,19373,18852,1451,20303,247
2021-09-01,Marin,041,260295,16384,16224,375,16599,240
2021-09-01,Mariposa,043,17540,770,735,19,754,5
2021-09-01,Mendocino,045,87422,6037,5821,223,6044,59
2021-09-01,Merced,047,269075,36324,35686,1334,37020,500
2021-09-01,Modoc,049,8938,452,436,157,593,5
2021-09-01,Mono,051,14174,1426,1400,14,1414,3
2021-09-01,Monterey,053,433212,45910,45590,2783,48373,539
2021-09-01,Napa,055,140530,11818,11653,73,11726,88
2021-09-01,Nevada,057,99092,7778,7508,264,7772,82
2021-09-01,Orange,059,3164182,289369,285840,13962,299802,5233
2021-09-01,Placer,061,380077,31682,30902,2940,33842,330
2021-09-01,Plumas,063,18699,1076,1033,20,1053,5
2021-09-01,Riverside,065,2383286,333509,329388,16135,345523,4634
2021-09-01,Sacramento,067,1510023,139805,138499,3270,141769,1875
2021-09-01,San Benito,069,59416,6770,6716,140,6856,64
2021-09-01,San Bernardino,071,2135413,329832,326250,10677,336927,5364
2021-09-01,San Diego,073,3302833,340409,335302,19713,355015,3908
2021-09-01,San Francisco,075,870044,48093,47538,2327,49865,584
2021-09-01,San Joaquin,077,732212,89163,87640,4866,92506,1540
2021-09-01,San Luis Obispo,079,281455,26180,25691,1037,26728,283
2021-09-01,San Mateo,081,765935,49932,49394,1107,50501,558
2021-09-01,Santa Barbara,083,443738,40322,39263,1504,40767,483
2021-09-01,Santa Clara,085,1922200,136354,134855,1075,135930,1796
2021-09-01,Santa Cruz,087,273765,18671,18453,1022,19475,210
2021-09-01,Shasta,089,179085,16249,15552,2469,18021,221
2021-09-01,Sierra,091,2930,121,98,15,113,0
2021-09-01,Siskiyou,093,43540,2613,2482,822,3304,34
2021-09-01,Solano,095,438530,41857,41194,1042,42236,293
2021-09-01,Sonoma,097,501317,37954,37454,472,37926,352
2021-09-01,Stanislaus,099,539301,68708,67287,7920,75207,1075
2021-09-01,Sutter,101,95872,12195,11945,179,12124,136
2021-09-01,Tehama,103,63373,6460,6228,1002,7230,72
2021-09-01,Trinity,105,12862,571,482,149,631,5
2021-09-01,Tulare,107,460477,57131,55768,12199,67967,870
2021-09-01,Tuolumne,109,53932,5707,5553,56,5609,88
2021-09-01,Ventura,111,848112,91557,90471,4107,94578,1089
2021-09-01,Yolo,113,214977,17591,17264,885,18149,235
2021-09-01,Yuba,115,75493,8525,8308,182,8490,55
2021-08-31,Alameda,001,1643700,110368,108837,2680,111517,1297
2021-08-31,Alpine,003,1148,92,92,0,92,0
2021-08-31,Amador,005,37829,4647,4555,46,4601,53
2021-08-31,Butte,007,227075,16469,15896,2915,18811,216
2021-08-31,Calaveras,009,45235,3088,3008,21,3029,59
2021-08-31,Colusa,011,21464,2316,2275,512,2787,16
2021-08-31,Contra Costa,013,1133247,90792,89546,1863,91409,871
2021-08-31,Del Norte,015,27424,3041,2830,19,2849,19
2021-08-31,El Dorado,017,186661,13808,13539,1308,14847,119
2021-08-31,Fresno,019,978130,119017,117155,10783,127938,1801
2021-08-31,Glenn,021,27897,2894,2829,795,3624,20
2021-08-31,Humboldt,023,135768,7273,7030,274,7304,52
2021-08-31,Imperial,025,180216,30525,30348,3072,33420,750
2021-08-31,Inyo,027,18085,1568,1550,8,1558,39
2021-08-31,Kern,029,883053,110203,108151,16146,124297,1393
2021-08-31,Kings,031,150075,27017,26405,1575,27980,260
2021-08-31,Lake,033,64148,5562,5359,87,5446,74
2021-08-31,Lassen,035,31185,5834,5702,179,5881,21
2021-08-31,Los Angeles,037,10098052,1356948,1346686,52726,1399412,25303
2021-08-31,Madera,039,155013,19282,18811,1435,20246,247
2021-08-31,Marin,041,260295,16355,16215,372,16587,240
2021-08-31,Mariposa,043,17540,762,732,19,751,5
2021-08-31,Mendocino,045,87422,5997,5777,221,5998,59
2021-08-31,Merced,047,269075,36154,35512,1329,36841,498
2021-08-31,Modoc,049,8938,451,436,157,593,5
2021-08-31,Mono,051,14174,1410,1398,14,1412,3
2021-08-31,Monterey,053,433212,45846,45550,2750,48300,539
2021-08-31,Napa,055,140530,11771,11618,73,11691,88
2021-08-31,Nevada,057,99092,7711,7460,264,7724,82
2021-08-31,Orange,059,3164182,288773,285310,13924,299234,5229
2021-08-31,Placer,061,380077,31497,30745,2901,33646,325
2021-08-31,Plumas,063,18699,1072,1018,19,1037,5
2021-08-31,Riverside,065,2383286,332533,328556,16102,344658,4627
2021-08-31,Sacramento,067,1510023,139135,137879,3231,141110,1863
2021-08-31,San Benito,069,59416,6758,6694,138,6832,64
2021-08-31,San Bernardino,071,2135413,329093,325446,10657,336103,5350
2021-08-31,San Diego,073,3302833,339140,334377,19665,354042,3888
2021-08-31,San Francisco,075,870044,47954,47440,2304,49744,581
2021-08-31,San Joaquin,077,732212,88719,87365,4851,92216,1540
2021-08-31,San Luis Obispo,079,281455,26056,25518,1033,26551,282
2021-08-31,San Mateo,081,765935,49827,49299,1100,50399,556
2021-08-31,Santa Barbara,083,443738,40176,39091,1496,40587,481
2021-08-31,Santa Clara,085,1922200,136002,134637,1071,135708,1793
2021-08-31,Santa Cruz,087,273765,18630,18419,1019,19438,210
2021-08-31,Shasta,089,179085,16096,15368,2441,17809,220
2021-08-31,Sierra,091,2930,118,95,15,110,0
2021-08-31,Siskiyou,093,43540,2593,2435,807,3242,33
2021-08-31,Solano,095,438530,41725,41067,1035,42102,289
2021-08-31,Sonoma,097,501317,37860,37379,471,37850,352
2021-08-31,Stanislaus,099,539301,68344,67004,7886,74890,1075
2021-08-31,Sutter,101,95872,12129,11901,175,12076,136
2021-08-31,Tehama,103,63373,6400,6169,971,7140,72
2021-08-31,Trinity,105,12862,565,480,149,629,3
2021-08-31,Tulare,107,460477,56798,55567,12126,67693,870
2021-08-31,Tuolumne,109,53932,5671,5516,56,5572,88
2021-08-31,Ventura,111,848112,91341,90292,4093,94385,1081
2021-08-31,Yolo,113,214977,17512,17205,876,18081,234
2021-08-31,Yuba,115,75493,8471,8253,182,8435,54
2021-08-30,Alameda,001,1643700,110045,107734,2669,110403,1296
2021-08-30,Alpine,003,1148,92,92,0,92,0
2021-08-30,Amador,005,37829,4636,4507,46,4553,53
2021-08-30,Butte,007,227075,16318,15719,2882,18601,214
2021-08-30,Calaveras,009,45235,3069,2975,21,2996,59
2021-08-30,Colusa,011,21464,2307,2271,508,2779,16
2021-08-30,Contra Costa,013,1133247,90536,87679,1852,89531,872
2021-08-30,Del Norte,015,27424,2999,2796,18,2814,11
2021-08-30,El Dorado,017,186661,13739,13217,1291,14508,119
2021-08-30,Fresno,019,978130,118455,115867,10722,126589,1790
2021-08-30,Glenn,021,27897,2883,2804,792,3596,20
2021-08-30,Humboldt,023,135768,7219,6930,267,7197,52
2021-08-30,Imperial,025,180216,30487,30311,3067,33378,750
2021-08-30,Inyo,027,18085,1563,1544,8,1552,39
2021-08-30,Kern,029,883053,109729,107615,15977,123592,1389
2021-08-30,Kings,031,150075,26902,26236,1559,27795,259
2021-08-30,Lake,033,64148,5528,5323,83,5406,74
2021-08-30,Lassen,035,31185,5812,5667,173,5840,21
2021-08-30,Los Angeles,037,10098052,1354506,1344949,52635,1397584,25269
2021-08-30,Madera,039,155013,19201,18622,1418,20040,247
2021-08-30,Marin,041,260295,16324,16160,372,16532,240
2021-08-30,Mariposa,043,17540,756,715,18,733,5
2021-08-30,Mendocino,045,87422,5964,5721,217,5938,55
2021-08-30,Merced,047,269075,36024,35335,1327,36662,497
2021-08-30,Modoc,049,8938,449,436,156,592,5
2021-08-30,Mono,051,14174,1410,1390,14,1404,3
2021-08-30,Monterey,053,433212,45792,45463,2724,48187,539
2021-08-30,Napa,055,140530,11721,11579,71,11650,87
2021-08-30,Nevada,057,99092,7652,7356,261,7617,82
2021-08-30,Orange,059,3164182,288202,284750,13870,298620,5223
2021-08-30,Placer,061,380077,31336,29825,2876,32701,319
2021-08-30,Plumas,063,18699,1055,998,19,1017,5
2021-08-30,Riverside,065,2383286,331633,327593,16071,343664,4623
2021-08-30,Sacramento,067,1510023,138486,134571,3180,137751,1847
2021-08-30,San Benito,069,59416,6749,6663,138,6801,64
2021-08-30,San Bernardino,071,2135413,328416,324870,10628,335498,5348
2021-08-30,San Diego,073,3302833,337860,333011,19594,352605,3885
2021-08-30,San Francisco,075,870044,47819,46966,2286,49252,581
2021-08-30,San Joaquin,077,732212,88389,86203,4831,91034,1528
2021-08-30,San Luis Obispo,079,281455,25930,25422,1026,26448,280
2021-08-30,San Mateo,081,765935,49713,48839,1083,49922,554
2021-08-30,Santa Barbara,083,443738,40029,38998,1490,40488,481
2021-08-30,Santa Clara,085,1922200,135681,133281,1063,134344,1789
2021-08-30,Santa Cruz,087,273765,18575,18326,1015,19341,210
2021-08-30,Shasta,089,179085,15967,15238,2397,17635,217
2021-08-30,Sierra,091,2930,116,91,15,106,0
2021-08-30,Siskiyou,093,43540,2580,2411,796,3207,33
2021-08-30,Solano,095,438530,41585,39986,1031,41017,290
2021-08-30,Sonoma,097,501317,37757,36764,471,37235,352
2021-08-30,Stanislaus,099,539301,68000,66173,7857,74030,1074
2021-08-30,Sutter,101,95872,12058,11791,168,11959,136
2021-08-30,Tehama,103,63373,6322,6085,945,7030,71
2021-08-30,Trinity,105,12862,554,468,146,614,3
2021-08-30,Tulare,107,460477,56487,55140,12047,67187,870
2021-08-30,Tuolumne,109,53932,5625,5492,56,5548,74
2021-08-30,Ventura,111,848112,91125,90149,4081,94230,1082
2021-08-30,Yolo,113,214977,17449,17071,872,17943,231
2021-08-30,Yuba,115,75493,8397,8129,181,8310,54
2021-08-29,Alameda,001,1643700,109704,107494,2654,110148,1296
2021-08-29,Alpine,003,1148,92,92,0,92,0
2021-08-29,Amador,005,37829,4622,4501,46,4547,53
2021-08-29,Butte,007,227075,16149,15602,2845,18447,214
2021-08-29,Calaveras,009,45235,3035,2970,21,2991,59
2021-08-29,Colusa,011,21464,2297,2260,502,2762,16
2021-08-29,Contra Costa,013,1133247,90239,87439,1848,89287,872
2021-08-29,Del Norte,015,27424,2957,2752,17,2769,11
2021-08-29,El Dorado,017,186661,13684,13166,1280,14446,119
2021-08-29,Fresno,019,978130,117866,115502,10666,126168,1790
2021-08-29,Glenn,021,27897,2867,2778,786,3564,20
2021-08-29,Humboldt,023,135768,7175,6922,252,7174,52
2021-08-29,Imperial,025,180216,30426,30293,3057,33350,750
2021-08-29,Inyo,027,18085,1553,1543,7,1550,39
2021-08-29,Kern,029,883053,109286,107324,15800,123124,1389
2021-08-29,Kings,031,150075,26750,26143,1543,27686,259
2021-08-29,Lake,033,64148,5488,5293,73,5366,74
2021-08-29,Lassen,035,31185,5789,5666,169,5835,21
2021-08-29,Los Angeles,037,10098052,1351760,1342541,52518,1395059,25263
2021-08-29,Madera,039,155013,19114,18594,1403,19997,247
2021-08-29,Marin,041,260295,16294,16134,369,16503,240
2021-08-29,Mariposa,043,17540,750,709,17,726,5
2021-08-29,Mendocino,045,87422,5908,5689,204,5893,55
2021-08-29,Merced,047,269075,35786,35250,1315,36565,497
2021-08-29,Modoc,049,8938,446,436,156,592,5
2021-08-29,Mono,051,14174,1404,1387,14,1401,3
2021-08-29,Monterey,053,433212,45709,45424,2679,48103,539
2021-08-29,Napa,055,140530,11690,11552,71,11623,87
2021-08-29,Nevada,057,99092,7596,7294,260,7554,82
2021-08-29,Orange,059,3164182,287589,284432,13828,298260,5223
2021-08-29,Placer,061,380077,31163,29674,2835,32509,319
2021-08-29,Plumas,063,18699,1044,996,19,1015,5
2021-08-29,Riverside,065,2383286,330774,326987,16048,343035,4623
2021-08-29,Sacramento,067,1510023,137743,133981,3130,137111,1843
2021-08-29,San Benito,069,59416,6723,6646,138,6784,64
2021-08-29,San Bernardino,071,2135413,327632,324266,10594,334860,5347
2021-08-29,San Diego,073,3302833,336749,332014,19502,351516,3880
2021-08-29,San Francisco,075,870044,47689,46885,2269,49154,581
2021-08-29,San Joaquin,077,732212,87942,85922,4810,90732,1528
2021-08-29,San Luis Obispo,079,281455,25734,25288,1021,26309,280
2021-08-29,San Mateo,081,765935,49605,48737,1073,49810,554
2021-08-29,Santa Barbara,083,443738,39864,38900,1486,40386,481
2021-08-29,Santa Clara,085,1922200,135331,132979,1058,134037,1789
2021-08-29,Santa Cruz,087,273765,18528,18285,1013,19298,210
2021-08-29,Shasta,089,179085,15814,15198,2370,17568,217
2021-08-29,Sierra,091,2930,114,91,15,106,0
2021-08-29,Siskiyou,093,43540,2533,2407,775,3182,33
2021-08-29,Solano,095,438530,41439,39887,1026,40913,290
2021-08-29,Sonoma,097,501317,37621,36650,467,37117,352
2021-08-29,Stanislaus,099,539301,67655,65956,7823,73779,1074
2021-08-29,Sutter,101,95872,12000,11719,161,11880,136
2021-08-29,Tehama,103,63373,6252,6040,921,6961,71
2021-08-29,Trinity,105,12862,551,468,142,610,3
2021-08-29,Tulare,107,460477,56152,54974,11962,66936,870
2021-08-29,Tuolumne,109,53932,5600,5478,55,5533,74
2021-08-29,Ventura,111,848112,90869,90114,4072,94186,1082
2021-08-29,Yolo,113,214977,17350,17015,860,17875,231
2021-08-29,Yuba,115,75493,8333,8042,181,8223,54
2021-08-28,Alameda,001,1643700,109541,107007,2645,109652,1296
2021-08-28,Alpine,003,1148,92,92,0,92,0
2021-08-28,Amador,005,37829,4603,4484,46,4530,53
2021-08-28,Butte,007,227075,16091,15487,2816,18303,214
2021-08-28,Calaveras,009,45235,3027,2926,21,2947,59
2021-08-28,Colusa,011,21464,2293,2252,500,2752,16
2021-08-28,Contra Costa,013,1133247,90027,86938,1845,88783,872
2021-08-28,Del Norte,015,27424,2930,2734,16,2750,11
2021-08-28,El Dorado,017,186661,13644,13089,1274,14363,119
2021-08-28,Fresno,019,978130,117626,115079,10642,125721,1792
2021-08-28,Glenn,021,27897,2860,2773,779,3552,20
2021-08-28,Humboldt,023,135768,7140,6887,247,7134,52
2021-08-28,Imperial,025,180216,30400,30260,3053,33313,750
2021-08-28,Inyo,027,18085,1551,1539,7,1546,39
2021-08-28,Kern,029,883053,109051,107012,15654,122666,1389
2021-08-28,Kings,031,150075,26683,26059,1540,27599,257
2021-08-28,Lake,033,64148,5465,5267,69,5336,74
2021-08-28,Lassen,035,31185,5774,5665,168,5833,21
2021-08-28,Los Angeles,037,10098052,1350559,1337097,52441,1389538,25234
2021-08-28,Madera,039,155013,19064,18553,1388,19941,247
2021-08-28,Marin,041,260295,16279,16106,369,16475,240
2021-08-28,Mariposa,043,17540,748,704,17,721,5
2021-08-28,Mendocino,045,87422,5883,5658,204,5862,55
2021-08-28,Merced,047,269075,35735,35108,1311,36419,497
2021-08-28,Modoc,049,8938,446,436,155,591,5
2021-08-28,Mono,051,14174,1401,1385,14,1399,3
2021-08-28,Monterey,053,433212,45673,45394,2668,48062,539
2021-08-28,Napa,055,140530,11667,11512,70,11582,88
2021-08-28,Nevada,057,99092,7572,7238,258,7496,82
2021-08-28,Orange,059,3164182,287232,283953,13779,297732,5222
2021-08-28,Placer,061,380077,31053,29428,2822,32250,319
2021-08-28,Plumas,063,18699,1037,991,19,1010,5
2021-08-28,Riverside,065,2383286,330186,326222,16037,342259,4623
2021-08-28,Sacramento,067,1510023,137352,132985,3114,136099,1844
2021-08-28,San Benito,069,59416,6716,6636,138,6774,64
2021-08-28,San Bernardino,071,2135413,327188,323672,10585,334257,5348
2021-08-28,San Diego,073,3302833,336165,331330,19468,350798,3880
2021-08-28,San Francisco,075,870044,47616,46654,2262,48916,581
2021-08-28,San Joaquin,077,732212,87775,85481,4801,90282,1527
2021-08-28,San Luis Obispo,079,281455,25668,25138,1016,26154,280
2021-08-28,San Mateo,081,765935,49535,48575,1065,49640,554
2021-08-28,Santa Barbara,083,443738,39792,38780,1485,40265,481
2021-08-28,Santa Clara,085,1922200,135123,132488,1056,133544,1789
2021-08-28,Santa Cruz,087,273765,18511,18240,1010,19250,210
2021-08-28,Shasta,089,179085,15711,15147,2351,17498,217
2021-08-28,Sierra,091,2930,110,91,15,106,0
2021-08-28,Siskiyou,093,43540,2526,2402,763,3165,33
2021-08-28,Solano,095,438530,41390,39610,1025,40635,290
2021-08-28,Sonoma,097,501317,37548,36466,465,36931,352
2021-08-28,Stanislaus,099,539301,67494,65670,7805,73475,1074
2021-08-28,Sutter,101,95872,11979,11669,160,11829,136
2021-08-28,Tehama,103,63373,6226,6004,908,6912,71
2021-08-28,Trinity,105,12862,547,463,141,604,3
2021-08-28,Tulare,107,460477,56024,54746,11916,66662,870
2021-08-28,Tuolumne,109,53932,5584,5469,55,5524,74
2021-08-28,Ventura,111,848112,90751,89934,4070,94004,1081
2021-08-28,Yolo,113,214977,17315,16907,852,17759,231
2021-08-28,Yuba,115,75493,8301,7985,180,8165,55
2021-08-27,Alameda,001,1643700,109329,106622,2642,109264,1296
2021-08-27,Alpine,003,1148,92,92,0,92,0
2021-08-27,Amador,005,37829,4587,4458,45,4503,53
2021-08-27,Butte,007,227075,16012,15277,2796,18073,214
2021-08-27,Calaveras,009,45235,3013,2903,21,2924,59
2021-08-27,Colusa,011,21464,2287,2240,498,2738,16
2021-08-27,Contra Costa,013,1133247,89830,86386,1843,88229,872
2021-08-27,Del Norte,015,27424,2898,2695,16,2711,11
2021-08-27,El Dorado,017,186661,13605,12968,1270,14238,119
2021-08-27,Fresno,019,978130,117192,114481,10625,125106,1774
2021-08-27,Glenn,021,27897,2845,2754,770,3524,20
2021-08-27,Humboldt,023,135768,7108,6782,243,7025,52
2021-08-27,Imperial,025,180216,30380,30201,3050,33251,750
2021-08-27,Inyo,027,18085,1550,1529,7,1536,39
2021-08-27,Kern,029,883053,108758,106570,15543,122113,1385
2021-08-27,Kings,031,150075,26604,25957,1538,27495,257
2021-08-27,Lake,033,64148,5441,5228,67,5295,74
2021-08-27,Lassen,035,31185,5758,5646,163,5809,21
2021-08-27,Los Angeles,037,10098052,1349047,1337006,52373,1389379,25230
2021-08-27,Madera,039,155013,19008,18476,1375,19851,247
2021-08-27,Marin,041,260295,16263,16055,367,16422,240
2021-08-27,Mariposa,043,17540,742,690,17,707,5
2021-08-27,Mendocino,045,87422,5852,5602,203,5805,55
2021-08-27,Merced,047,269075,35681,34906,1302,36208,495
2021-08-27,Modoc,049,8938,446,434,155,589,5
2021-08-27,Mono,051,14174,1392,1385,14,1399,3
2021-08-27,Monterey,053,433212,45634,45337,2651,47988,539
2021-08-27,Napa,055,140530,11633,11460,70,11530,87
2021-08-27,Nevada,057,99092,7532,7169,256,7425,82
2021-08-27,Orange,059,3164182,286876,283407,13740,297147,5206
2021-08-27,Placer,061,380077,30923,29157,2802,31959,320
2021-08-27,Plumas,063,18699,1031,984,19,1003,5
2021-08-27,Riverside,065,2383286,329668,325379,16022,341401,4622
2021-08-27,Sacramento,067,1510023,136916,131921,3101,135022,1838
2021-08-27,San Benito,069,59416,6710,6622,138,6760,64
2021-08-27,San Bernardino,071,2135413,326666,322893,10567,333460,5342
2021-08-27,San Diego,073,3302833,335380,330162,19414,349576,3877
2021-08-27,San Francisco,075,870044,47543,46456,2241,48697,581
2021-08-27,San Joaquin,077,732212,87592,84949,4783,89732,1524
2021-08-27,San Luis Obispo,079,281455,25620,24952,1013,25965,280
2021-08-27,San Mateo,081,765935,49465,48424,1057,49481,553
2021-08-27,Santa Barbara,083,443738,39701,38675,1482,40157,480
2021-08-27,Santa Clara,085,1922200,134893,132011,1053,133064,1783
2021-08-27,Santa Cruz,087,273765,18472,18163,1006,19169,210
2021-08-27,Shasta,089,179085,15630,14996,2335,17331,217
2021-08-27,Sierra,091,2930,109,91,15,106,0
2021-08-27,Siskiyou,093,43540,2511,2358,749,3107,33
2021-08-27,Solano,095,438530,41301,39347,1021,40368,287
2021-08-27,Sonoma,097,501317,37476,36326,464,36790,342
2021-08-27,Stanislaus,099,539301,67284,65167,7766,72933,1061
2021-08-27,Sutter,101,95872,11933,11590,158,11748,135
2021-08-27,Tehama,103,63373,6193,5964,893,6857,71
2021-08-27,Trinity,105,12862,547,458,140,598,3
2021-08-27,Tulare,107,460477,55888,54443,11870,66313,870
2021-08-27,Tuolumne,109,53932,5552,5438,55,5493,74
2021-08-27,Ventura,111,848112,90623,89774,4065,93839,1076
2021-08-27,Yolo,113,214977,17276,16805,847,17652,231
2021-08-27,Yuba,115,75493,8244,7926,180,8106,54
2021-08-26,Alameda,001,1643700,109052,106146,2631,108777,1296
2021-08-26,Alpine,003,1148,92,92,0,92,0
2021-08-26,Amador,005,37829,4572,4442,44,4486,53
2021-08-26,Butte,007,227075,15878,15159,2760,17919,214
2021-08-26,Calaveras,009,45235,3004,2873,21,2894,59
2021-08-26,Colusa,011,21464,2281,2234,494,2728,16
2021-08-26,Contra Costa,013,1133247,89472,85808,1836,87644,866
2021-08-26,Del Norte,015,27424,2862,2625,16,2641,8
2021-08-26,El Dorado,017,186661,13537,12863,1255,14118,118
2021-08-26,Fresno,019,978130,116691,113854,10577,124431,1770
2021-08-26,Glenn,021,27897,2827,2740,762,3502,20
2021-08-26,Humboldt,023,135768,7050,6695,233,6928,53
2021-08-26,Imperial,025,180216,30331,30121,3042,33163,748
2021-08-26,Inyo,027,18085,1540,1521,6,1527,39
2021-08-26,Kern,029,883053,108333,106051,15395,121446,1380
2021-08-26,Kings,031,150075,26481,25838,1530,27368,260
2021-08-26,Lake,033,64148,5395,5196,64,5260,74
2021-08-26,Lassen,035,31185,5746,5626,161,5787,21
2021-08-26,Los Angeles,037,10098052,1346801,1334372,52271,1386643,25199
2021-08-26,Madera,039,155013,18938,18393,1363,19756,247
2021-08-26,Marin,041,260295,16234,15983,364,16347,240
2021-08-26,Mariposa,043,17540,732,677,17,694,5
2021-08-26,Mendocino,045,87422,5816,5533,198,5731,55
2021-08-26,Merced,047,269075,35514,34755,1281,36036,495
2021-08-26,Modoc,049,8938,446,433,155,588,5
2021-08-26,Mono,051,14174,1390,1385,14,1399,3
2021-08-26,Monterey,053,433212,45579,45265,2623,47888,539
2021-08-26,Napa,055,140530,11611,11394,69,11463,87
2021-08-26,Nevada,057,99092,7474,7086,254,7340,80
2021-08-26,Orange,059,3164182,286387,282814,13717,296531,5200
2021-08-26,Placer,061,380077,30755,28898,2776,31674,319
2021-08-26,Plumas,063,18699,1024,971,18,989,5
2021-08-26,Riverside,065,2383286,328875,324486,16001,340487,4615
2021-08-26,Sacramento,067,1510023,136387,130977,3058,134035,1827
2021-08-26,San Benito,069,59416,6700,6604,138,6742,64
2021-08-26,San Bernardino,071,2135413,326010,322100,10543,332643,5339
2021-08-26,San Diego,073,3302833,334353,328276,19348,347624,3869
2021-08-26,San Francisco,075,870044,47421,46288,2231,48519,581
2021-08-26,San Joaquin,077,732212,87214,84429,4762,89191,1513
2021-08-26,San Luis Obispo,079,281455,25471,24831,1007,25838,278
2021-08-26,San Mateo,081,765935,49345,48263,1048,49311,553
2021-08-26,Santa Barbara,083,443738,39618,38566,1481,40047,479
2021-08-26,Santa Clara,085,1922200,134569,131443,1048,132491,1782
2021-08-26,Santa Cruz,087,273765,18412,18072,1004,19076,210
2021-08-26,Shasta,089,179085,15507,14891,2307,17198,217
2021-08-26,Sierra,091,2930,107,90,15,105,0
2021-08-26,Siskiyou,093,43540,2489,2342,735,3077,33
2021-08-26,Solano,095,438530,41155,39027,1013,40040,286
2021-08-26,Sonoma,097,501317,37387,36102,464,36566,337
2021-08-26,Stanislaus,099,539301,66968,64785,7725,72510,1061
2021-08-26,Sutter,101,95872,11873,11499,155,11654,135
2021-08-26,Tehama,103,63373,6135,5913,880,6793,68
2021-08-26,Trinity,105,12862,542,450,138,588,3
2021-08-26,Tulare,107,460477,55633,54157,11816,65973,870
2021-08-26,Tuolumne,109,53932,5532,5387,55,5442,74
2021-08-26,Ventura,111,848112,90438,89595,4056,93651,1080
2021-08-26,Yolo,113,214977,17209,16727,836,17563,231
2021-08-26,Yuba,115,75493,8171,7834,178,8012,54
2021-08-25,Alameda,001,1643700,108723,105636,2623,108259,1296
2021-08-25,Alpine,003,1148,92,92,0,92,0
2021-08-25,Amador,005,37829,4557,4415,44,4459,53
2021-08-25,Butte,007,227075,15774,15039,2717,17756,214
2021-08-25,Calaveras,009,45235,2984,2851,21,2872,59
2021-08-25,Colusa,011,21464,2274,2227,485,2712,16
2021-08-25,Contra Costa,013,1133247,89090,85322,1830,87152,863
2021-08-25,Del Norte,015,27424,2817,2573,16,2589,8
2021-08-25,El Dorado,017,186661,13478,12787,1239,14026,118
2021-08-25,Fresno,019,978130,116155,113384,10534,123918,1761
2021-08-25,Glenn,021,27897,2806,2728,750,3478,20
2021-08-25,Humboldt,023,135768,6981,6653,223,6876,52
2021-08-25,Imperial,025,180216,30294,30085,3036,33121,748
2021-08-25,Inyo,027,18085,1536,1518,6,1524,39
2021-08-25,Kern,029,883053,107904,105687,15237,120924,1379
2021-08-25,Kings,031,150075,26374,25676,1523,27199,258
2021-08-25,Lake,033,64148,5365,5163,61,5224,74
2021-08-25,Lassen,035,31185,5729,5583,160,5743,21
2021-08-25,Los Angeles,037,10098052,1344209,1331400,52183,1383583,25170
2021-08-25,Madera,039,155013,18874,18311,1346,19657,247
2021-08-25,Marin,041,260295,16212,15938,358,16296,240
2021-08-25,Mariposa,043,17540,726,676,17,693,5
2021-08-25,Mendocino,045,87422,5780,5486,193,5679,53
2021-08-25,Merced,047,269075,35376,34600,1276,35876,492
2021-08-25,Modoc,049,8938,446,433,155,588,5
2021-08-25,Mono,051,14174,1386,1382,14,1396,3
2021-08-25,Monterey,053,433212,45517,45196,2596,47792,539
2021-08-25,Napa,055,140530,11577,11348,68,11416,87
2021-08-25,Nevada,057,99092,7408,7000,253,7253,77
2021-08-25,Orange,059,3164182,285868,282061,13685,295746,5193
2021-08-25,Placer,061,380077,30579,28740,2743,31483,319
2021-08-25,Plumas,063,18699,1008,962,18,980,5
2021-08-25,Riverside,065,2383286,328030,323548,15979,339527,4610
2021-08-25,Sacramento,067,1510023,135708,130046,3018,133064,1827
2021-08-25,San Benito,069,59416,6679,6587,137,6724,64
2021-08-25,San Bernardino,071,2135413,325316,321228,10522,331750,5337
2021-08-25,San Diego,073,3302833,333074,327166,19274,346440,3859
2021-08-25,San Francisco,075,870044,47277,46107,2221,48328,578
2021-08-25,San Joaquin,077,732212,86831,84002,4746,88748,1510
2021-08-25,San Luis Obispo,079,281455,25279,24607,1004,25611,276
2021-08-25,San Mateo,081,765935,49236,48153,1030,49183,553
2021-08-25,Santa Barbara,083,443738,39489,38450,1481,39931,479
2021-08-25,Santa Clara,085,1922200,134200,130995,1045,132040,1783
2021-08-25,Santa Cruz,087,273765,18351,17987,1001,18988,210
2021-08-25,Shasta,089,179085,15379,14752,2273,17025,217
2021-08-25,Sierra,091,2930,104,90,15,105,0
2021-08-25,Siskiyou,093,43540,2444,2322,716,3038,33
2021-08-25,Solano,095,438530,40991,38848,1002,39850,286
2021-08-25,Sonoma,097,501317,37263,35986,461,36447,336
2021-08-25,Stanislaus,099,539301,66678,64441,7691,72132,1061
2021-08-25,Sutter,101,95872,11805,11451,151,11602,134
2021-08-25,Tehama,103,63373,6076,5861,863,6724,68
2021-08-25,Trinity,105,12862,536,450,137,587,3
2021-08-25,Tulare,107,460477,55349,53877,11747,65624,866
2021-08-25,Tuolumne,109,53932,5506,5354,55,5409,74
2021-08-25,Ventura,111,848112,90255,89379,4042,93421,1068
2021-08-25,Yolo,113,214977,17145,16667,826,17493,231
2021-08-25,Yuba,115,75493,8105,7771,177,7948,54
2021-08-24,Alameda,001,1643700,108393,105319,2612,107931,1296
2021-08-24,Alpine,003,1148,92,92,0,92,0
2021-08-24,Amador,005,37829,4538,4380,44,4424,50
2021-08-24,Butte,007,227075,15621,14964,2682,17646,214
2021-08-24,Calaveras,009,45235,2944,2811,21,2832,59
2021-08-24,Colusa,011,21464,2266,2221,481,2702,16
2021-08-24,Contra Costa,013,1133247,88730,84963,1824,86787,857
2021-08-24,Del Norte,015,27424,2790,2543,16,2559,8
2021-08-24,El Dorado,017,186661,13402,12732,1223,13955,118
2021-08-24,Fresno,019,978130,115552,113024,10481,123505,1761
2021-08-24,Glenn,021,27897,2792,2717,742,3459,20
2021-08-24,Humboldt,023,135768,6918,6585,210,6795,52
2021-08-24,Imperial,025,180216,30233,30045,3030,33075,748
2021-08-24,Inyo,027,18085,1531,1512,5,1517,39
2021-08-24,Kern,029,883053,107445,105399,15066,120465,1375
2021-08-24,Kings,031,150075,26254,25629,1507,27136,258
2021-08-24,Lake,033,64148,5330,5135,61,5196,72
2021-08-24,Lassen,035,31185,5713,5576,158,5734,21
2021-08-24,Los Angeles,037,10098052,1341357,1328777,52080,1380857,25135
2021-08-24,Madera,039,155013,18798,18251,1329,19580,247
2021-08-24,Marin,041,260295,16176,15900,354,16254,240
2021-08-24,Mariposa,043,17540,719,670,17,687,5
2021-08-24,Mendocino,045,87422,5736,5416,186,5602,52
2021-08-24,Merced,047,269075,35208,34490,1265,35755,491
2021-08-24,Modoc,049,8938,446,432,155,587,5
2021-08-24,Mono,051,14174,1384,1382,14,1396,3
2021-08-24,Monterey,053,433212,45465,45126,2565,47691,539
2021-08-24,Napa,055,140530,11545,11299,66,11365,85
2021-08-24,Nevada,057,99092,7340,6981,249,7230,77
2021-08-24,Orange,059,3164182,285266,281461,13660,295121,5187
2021-08-24,Placer,061,380077,30377,28618,2702,31320,318
2021-08-24,Plumas,063,18699,998,953,18,971,5
2021-08-24,Riverside,065,2383286,327155,322620,15947,338567,4605
2021-08-24,Sacramento,067,1510023,135028,129542,2966,132508,1812
2021-08-24,San Benito,069,59416,6666,6576,137,6713,64
2021-08-24,San Bernardino,071,2135413,324564,320300,10491,330791,5328
2021-08-24,San Diego,073,3302833,331613,325823,19178,345001,3851
2021-08-24,San Francisco,075,870044,47109,46010,2202,48212,574
2021-08-24,San Joaquin,077,732212,86391,83684,4709,88393,1508
2021-08-24,San Luis Obispo,079,281455,25103,24443,993,25436,274
2021-08-24,San Mateo,081,765935,49099,48050,1017,49067,553
2021-08-24,Santa Barbara,083,443738,39360,38307,1480,39787,478
2021-08-24,Santa Clara,085,1922200,133775,130763,1040,131803,1779
2021-08-24,Santa Cruz,087,273765,18278,17928,994,18922,209
2021-08-24,Shasta,089,179085,15271,14664,2241,16905,217
2021-08-24,Sierra,091,2930,101,90,15,105,0
2021-08-24,Siskiyou,093,43540,2422,2294,701,2995,33
2021-08-24,Solano,095,438530,40785,38724,990,39714,283
2021-08-24,Sonoma,097,501317,37135,35849,459,36308,336
2021-08-24,Stanislaus,099,539301,66321,64195,7639,71834,1058
2021-08-24,Sutter,101,95872,11738,11384,148,11532,134
2021-08-24,Tehama,103,63373,6030,5826,848,6674,67
2021-08-24,Trinity,105,12862,526,446,129,575,3
2021-08-24,Tulare,107,460477,54997,53702,11656,65358,856
2021-08-24,Tuolumne,109,53932,5475,5287,55,5342,74
2021-08-24,Ventura,111,848112,90071,89167,4030,93197,1068
2021-08-24,Yolo,113,214977,17070,16492,813,17305,231
2021-08-24,Yuba,115,75493,8022,7723,175,7898,54
2021-08-23,Alameda,001,1643700,107993,104922,2600,107522,1294
2021-08-23,Alpine,003,1148,92,91,0,91,0
2021-08-23,Amador,005,37829,4524,4369,44,4413,50
2021-08-23,Butte,007,227075,15475,14847,2647,17494,211
2021-08-23,Calaveras,009,45235,2909,2803,21,2824,59
2021-08-23,Colusa,011,21464,2262,2206,478,2684,16
2021-08-23,Contra Costa,013,1133247,88352,84651,1818,86469,857
2021-08-23,Del Norte,015,27424,2744,2499,16,2515,8
2021-08-23,El Dorado,017,186661,13299,12684,1201,13885,118
2021-08-23,Fresno,019,978130,114996,112445,10434,122879,1759
2021-08-23,Glenn,021,27897,2774,2696,735,3431,20
2021-08-23,Humboldt,023,135768,6844,6498,194,6692,52
2021-08-23,Imperial,025,180216,30182,30011,3027,33038,748
2021-08-23,Inyo,027,18085,1524,1509,5,1514,39
2021-08-23,Kern,029,883053,106991,104995,14909,119904,1375
2021-08-23,Kings,031,150075,26123,25465,1500,26965,257
2021-08-23,Lake,033,64148,5290,5099,59,5158,69
2021-08-23,Lassen,035,31185,5701,5562,158,5720,21
2021-08-23,Los Angeles,037,10098052,1338416,1326412,51951,1378363,25096
2021-08-23,Madera,039,155013,18711,18155,1316,19471,246
2021-08-23,Marin,041,260295,16128,15856,350,16206,240
2021-08-23,Mariposa,043,17540,708,645,17,662,5
2021-08-23,Mendocino,045,87422,5669,5374,179,5553,51
2021-08-23,Merced,047,269075,35025,34322,1260,35582,488
2021-08-23,Modoc,049,8938,443,431,154,585,6
2021-08-23,Mono,051,14174,1382,1384,14,1398,3
2021-08-23,Monterey,053,433212,45388,45047,2532,47579,538
2021-08-23,Napa,055,140530,11507,11257,66,11323,85
2021-08-23,Nevada,057,99092,7260,6930,247,7177,77
2021-08-23,Orange,059,3164182,284632,280891,13624,294515,5181
2021-08-23,Placer,061,380077,30178,28540,2663,31203,314
2021-08-23,Plumas,063,18699,988,934,18,952,5
2021-08-23,Riverside,065,2383286,326242,321650,15921,337571,4598
2021-08-23,Sacramento,067,1510023,134240,128969,2896,131865,1807
2021-08-23,San Benito,069,59416,6648,6562,135,6697,64
2021-08-23,San Bernardino,071,2135413,323765,319577,10450,330027,5324
2021-08-23,San Diego,073,3302833,330154,324536,19075,343611,3848
2021-08-23,San Francisco,075,870044,46963,45945,2186,48131,573
2021-08-23,San Joaquin,077,732212,85962,83466,4676,88142,1499
2021-08-23,San Luis Obispo,079,281455,24921,24317,991,25308,274
2021-08-23,San Mateo,081,765935,48967,47935,1007,48942,553
2021-08-23,Santa Barbara,083,443738,39183,38181,1478,39659,478
2021-08-23,Santa Clara,085,1922200,133377,130489,1035,131524,1778
2021-08-23,Santa Cruz,087,273765,18222,17871,991,18862,209
2021-08-23,Shasta,089,179085,15146,14537,2201,16738,216
2021-08-23,Sierra,091,2930,101,90,15,105,0
2021-08-23,Siskiyou,093,43540,2401,2274,680,2954,33
2021-08-23,Solano,095,438530,40638,38612,982,39594,283
2021-08-23,Sonoma,097,501317,37016,35769,457,36226,336
2021-08-23,Stanislaus,099,539301,65969,63922,7600,71522,1058
2021-08-23,Sutter,101,95872,11649,11314,140,11454,133
2021-08-23,Tehama,103,63373,5976,5805,830,6635,67
2021-08-23,Trinity,105,12862,523,435,126,561,3
2021-08-23,Tulare,107,460477,54692,53370,11581,64951,856
2021-08-23,Tuolumne,109,53932,5433,5240,55,5295,73
2021-08-23,Ventura,111,848112,89853,88960,4018,92978,1063
2021-08-23,Yolo,113,214977,16984,16445,797,17242,226
2021-08-23,Yuba,115,75493,7951,7653,173,7826,54
2021-08-22,Alameda,001,1643700,107548,104539,2562,107101,1294
2021-08-22,Alpine,003,1148,92,91,0,91,0
2021-08-22,Amador,005,37829,4495,4349,44,4393,50
2021-08-22,Butte,007,227075,15337,14791,2610,17401,211
2021-08-22,Calaveras,009,45235,2869,2771,21,2792,59
2021-08-22,Colusa,011,21464,2254,2201,472,2673,16
2021-08-22,Contra Costa,013,1133247,87814,84371,1803,86174,857
2021-08-22,Del Norte,015,27424,2684,2455,16,2471,8
2021-08-22,El Dorado,017,186661,13194,12629,1181,13810,118
2021-08-22,Fresno,019,978130,114399,112057,10363,122420,1759
2021-08-22,Glenn,021,27897,2753,2678,720,3398,20
2021-08-22,Humboldt,023,135768,6767,6483,175,6658,52
2021-08-22,Imperial,025,180216,30124,29993,3022,33015,748
2021-08-22,Inyo,027,18085,1518,1505,5,1510,39
2021-08-22,Kern,029,883053,106468,104691,14751,119442,1375
2021-08-22,Kings,031,150075,25967,25391,1481,26872,257
2021-08-22,Lake,033,64148,5244,5069,56,5125,69
2021-08-22,Lassen,035,31185,5669,5556,153,5709,21
2021-08-22,Los Angeles,037,10098052,1335125,1324151,51817,1375968,25089
2021-08-22,Madera,039,155013,18592,18120,1305,19425,246
2021-08-22,Marin,041,260295,16076,15822,342,16164,240
2021-08-22,Mariposa,043,17540,698,638,15,653,5
2021-08-22,Mendocino,045,87422,5611,5336,179,5515,51
2021-08-22,Merced,047,269075,34822,34234,1247,35481,488
2021-08-22,Modoc,049,8938,442,431,154,585,6
2021-08-22,Mono,051,14174,1381,1378,14,1392,3
2021-08-22,Monterey,053,433212,45301,45017,2506,47523,538
2021-08-22,Napa,055,140530,11462,11231,66,11297,85
2021-08-22,Nevada,057,99092,7186,6864,245,7109,77
2021-08-22,Orange,059,3164182,283944,280390,13577,293967,5181
2021-08-22,Placer,061,380077,29971,28395,2625,31020,314
2021-08-22,Plumas,063,18699,967,923,17,940,5
2021-08-22,Riverside,065,2383286,325220,320836,15871,336707,4594
2021-08-22,Sacramento,067,1510023,133469,128231,2850,131081,1802
2021-08-22,San Benito,069,59416,6631,6550,135,6685,64
2021-08-22,San Bernardino,071,2135413,322798,318839,10414,329253,5324
2021-08-22,San Diego,073,3302833,328826,323591,18970,342561,3848
2021-08-22,San Francisco,075,870044,46804,45831,2168,47999,573
2021-08-22,San Joaquin,077,732212,85507,83121,4640,87761,1498
2021-08-22,San Luis Obispo,079,281455,24716,24250,984,25234,274
2021-08-22,San Mateo,081,765935,48824,47821,972,48793,553
2021-08-22,Santa Barbara,083,443738,39003,38099,1469,39568,478
2021-08-22,Santa Clara,085,1922200,132959,130189,1028,131217,1778
2021-08-22,Santa Cruz,087,273765,18161,17823,986,18809,209
2021-08-22,Shasta,089,179085,15007,14478,2165,16643,216
2021-08-22,Sierra,091,2930,101,87,15,102,0
2021-08-22,Siskiyou,093,43540,2372,2261,662,2923,33
2021-08-22,Solano,095,438530,40445,38489,969,39458,283
2021-08-22,Sonoma,097,501317,36860,35676,454,36130,336
2021-08-22,Stanislaus,099,539301,65608,63683,7504,71187,1058
2021-08-22,Sutter,101,95872,11567,11251,136,11387,133
2021-08-22,Tehama,103,63373,5931,5791,810,6601,67
2021-08-22,Trinity,105,12862,516,433,124,557,3
2021-08-22,Tulare,107,460477,54375,53220,11493,64713,856
2021-08-22,Tuolumne,109,53932,5391,5214,55,5269,73
2021-08-22,Ventura,111,848112,89644,88791,4001,92792,1063
2021-08-22,Yolo,113,214977,16883,16374,787,17161,226
2021-08-22,Yuba,115,75493,7877,7626,172,7798,54
2021-08-21,Alameda,001,1643700,107346,104281,2553,106834,1294
2021-08-21,Alpine,003,1148,92,91,0,91,0
2021-08-21,Amador,005,37829,4485,4338,42,4380,50
2021-08-21,Butte,007,227075,15269,14714,2588,17302,211
2021-08-21,Calaveras,009,45235,2856,2744,21,2765,59
2021-08-21,Colusa,011,21464,2249,2192,467,2659,16
2021-08-21,Contra Costa,013,1133247,87558,84136,1797,85933,857
2021-08-21,Del Norte,015,27424,2661,2409,16,2425,8
2021-08-21,El Dorado,017,186661,13150,12590,1177,13767,118
2021-08-21,Fresno,019,978130,114204,111765,10349,122114,1759
2021-08-21,Glenn,021,27897,2743,2654,713,3367,20
2021-08-21,Humboldt,023,135768,6730,6446,168,6614,52
2021-08-21,Imperial,025,180216,30081,29976,3019,32995,748
2021-08-21,Inyo,027,18085,1515,1500,5,1505,39
2021-08-21,Kern,029,883053,106213,104443,14625,119068,1375
2021-08-21,Kings,031,150075,25896,25313,1476,26789,257
2021-08-21,Lake,033,64148,5224,5055,54,5109,69
2021-08-21,Lassen,035,31185,5655,5553,153,5706,21
2021-08-21,Los Angeles,037,10098052,1333845,1321308,51726,1373034,25080
2021-08-21,Madera,039,155013,18555,18067,1299,19366,246
2021-08-21,Marin,041,260295,16042,15775,340,16115,240
2021-08-21,Mariposa,043,17540,688,634,15,649,5
2021-08-21,Mendocino,045,87422,5566,5307,178,5485,51
2021-08-21,Merced,047,269075,34717,34148,1242,35390,488
2021-08-21,Modoc,049,8938,442,430,154,584,6
2021-08-21,Mono,051,14174,1381,1378,14,1392,3
2021-08-21,Monterey,053,433212,45263,44969,2491,47460,538
2021-08-21,Napa,055,140530,11427,11211,66,11277,85
2021-08-21,Nevada,057,99092,7142,6810,244,7054,77
2021-08-21,Orange,059,3164182,283498,279855,13543,293398,5181
2021-08-21,Placer,061,380077,29834,28289,2600,30889,314
2021-08-21,Plumas,063,18699,963,916,16,932,5
2021-08-21,Riverside,065,2383286,324639,320086,15857,335943,4594
2021-08-21,Sacramento,067,1510023,132970,127751,2838,130589,1809
2021-08-21,San Benito,069,59416,6621,6542,134,6676,64
2021-08-21,San Bernardino,071,2135413,322347,318293,10394,328687,5324
2021-08-21,San Diego,073,3302833,328161,322620,18930,341550,3848
2021-08-21,San Francisco,075,870044,46709,45637,2153,47790,573
2021-08-21,San Joaquin,077,732212,85290,82825,4625,87450,1498
2021-08-21,San Luis Obispo,079,281455,24661,24169,984,25153,273
2021-08-21,San Mateo,081,765935,48733,47685,966,48651,553
2021-08-21,Santa Barbara,083,443738,38923,37951,1465,39416,478
2021-08-21,Santa Clara,085,1922200,132694,129911,1024,130935,1778
2021-08-21,Santa Cruz,087,273765,18124,17763,981,18744,209
2021-08-21,Shasta,089,179085,14933,14417,2151,16568,217
2021-08-21,Sierra,091,2930,96,85,15,100,0
2021-08-21,Siskiyou,093,43540,2359,2246,650,2896,33
2021-08-21,Solano,095,438530,40337,38423,959,39382,281
2021-08-21,Sonoma,097,501317,36773,35582,453,36035,336
2021-08-21,Stanislaus,099,539301,65416,63512,7485,70997,1058
2021-08-21,Sutter,101,95872,11522,11204,134,11338,133
2021-08-21,Tehama,103,63373,5906,5757,803,6560,67
2021-08-21,Trinity,105,12862,511,431,122,553,3
2021-08-21,Tulare,107,460477,54232,53045,11448,64493,857
2021-08-21,Tuolumne,109,53932,5360,5193,55,5248,73
2021-08-21,Ventura,111,848112,89500,88558,3986,92544,1063
2021-08-21,Yolo,113,214977,16836,16322,781,17103,226
2021-08-21,Yuba,115,75493,7831,7580,171,7751,54
2021-08-20,Alameda,001,1643700,107102,103812,2544,106356,1294
2021-08-20,Alpine,003,1148,92,91,0,91,0
2021-08-20,Amador,005,37829,4459,4323,42,4365,50
2021-08-20,Butte,007,227075,15197,14617,2566,17183,211
2021-08-20,Calaveras,009,45235,2841,2717,21,2738,59
2021-08-20,Colusa,011,21464,2244,2178,465,2643,16
2021-08-20,Contra Costa,013,1133247,87285,83721,1790,85511,857
2021-08-20,Del Norte,015,27424,2629,2316,16,2332,8
2021-08-20,El Dorado,017,186661,13112,12495,1169,13664,118
2021-08-20,Fresno,019,978130,113853,111315,10315,121630,1759
2021-08-20,Glenn,021,27897,2736,2642,708,3350,20
2021-08-20,Humboldt,023,135768,6679,6349,163,6512,52
2021-08-20,Imperial,025,180216,30058,29934,3019,32953,747
2021-08-20,Inyo,027,18085,1509,1495,5,1500,39
2021-08-20,Kern,029,883053,105931,104048,14493,118541,1373
2021-08-20,Kings,031,150075,25831,25241,1473,26714,256
2021-08-20,Lake,033,64148,5209,5024,51,5075,69
2021-08-20,Lassen,035,31185,5635,5539,153,5692,21
2021-08-20,Los Angeles,037,10098052,1331982,1317541,51624,1369165,25049
2021-08-20,Madera,039,155013,18508,18018,1283,19301,246
2021-08-20,Marin,041,260295,16024,15727,336,16063,240
2021-08-20,Mariposa,043,17540,683,630,15,645,5
2021-08-20,Mendocino,045,87422,5521,5241,176,5417,51
2021-08-20,Merced,047,269075,34652,34035,1234,35269,486
2021-08-20,Modoc,049,8938,442,429,154,583,6
2021-08-20,Mono,051,14174,1380,1368,14,1382,3
2021-08-20,Monterey,053,433212,45233,44890,2477,47367,538
2021-08-20,Napa,055,140530,11395,11152,66,11218,83
2021-08-20,Nevada,057,99092,7101,6753,237,6990,77
2021-08-20,Orange,059,3164182,283054,279193,13522,292715,5179
2021-08-20,Placer,061,380077,29739,28156,2571,30727,313
2021-08-20,Plumas,063,18699,955,908,16,924,5
2021-08-20,Riverside,065,2383286,323943,319072,15826,334898,4594
2021-08-20,Sacramento,067,1510023,132495,127226,2821,130047,1797
2021-08-20,San Benito,069,59416,6607,6508,134,6642,64
2021-08-20,San Bernardino,071,2135413,321736,317372,10365,327737,5322
2021-08-20,San Diego,073,3302833,327257,321102,18862,339964,3846
2021-08-20,San Francisco,075,870044,46617,45432,2133,47565,573
2021-08-20,San Joaquin,077,732212,85061,82419,4607,87026,1496
2021-08-20,San Luis Obispo,079,281455,24583,23986,980,24966,273
2021-08-20,San Mateo,081,765935,48626,47561,956,48517,551
2021-08-20,Santa Barbara,083,443738,38840,37794,1459,39253,477
2021-08-20,Santa Clara,085,1922200,132412,129510,1019,130529,1774
2021-08-20,Santa Cruz,087,273765,18084,17701,978,18679,209
2021-08-20,Shasta,089,179085,14854,14277,2132,16409,215
2021-08-20,Sierra,091,2930,94,83,15,98,0
2021-08-20,Siskiyou,093,43540,2343,2226,645,2871,33
2021-08-20,Solano,095,438530,40197,38214,948,39162,277
2021-08-20,Sonoma,097,501317,36704,35416,452,35868,336
2021-08-20,Stanislaus,099,539301,65214,63219,7462,70681,1047
2021-08-20,Sutter,101,95872,11466,11136,133,11269,133
2021-08-20,Tehama,103,63373,5890,5730,791,6521,66
2021-08-20,Trinity,105,12862,511,422,121,543,3
2021-08-20,Tulare,107,460477,54100,52855,11405,64260,856
2021-08-20,Tuolumne,109,53932,5336,5153,54,5207,73
2021-08-20,Ventura,111,848112,89334,88285,3983,92268,1061
2021-08-20,Yolo,113,214977,16782,16236,775,17011,225
2021-08-20,Yuba,115,75493,7791,7523,171,7694,54
2021-08-19,Alameda,001,1643700,106652,103276,2519,105795,1294
2021-08-19,Alpine,003,1148,92,91,0,91,0
2021-08-19,Amador,005,37829,4452,4317,41,4358,50
2021-08-19,Butte,007,227075,15063,14518,2536,17054,211
2021-08-19,Calaveras,009,45235,2822,2673,21,2694,59
2021-08-19,Colusa,011,21464,2235,2167,461,2628,16
2021-08-19,Contra Costa,013,1133247,86850,83296,1776,85072,852
2021-08-19,Del Norte,015,27424,2579,2257,16,2273,8
2021-08-19,El Dorado,017,186661,13027,12410,1148,13558,118
2021-08-19,Fresno,019,978130,113415,110947,10267,121214,1759
2021-08-19,Glenn,021,27897,2717,2629,701,3330,20
2021-08-19,Humboldt,023,135768,6618,6246,157,6403,52
2021-08-19,Imperial,025,180216,30012,29865,3014,32879,747
2021-08-19,Inyo,027,18085,1502,1494,5,1499,39
2021-08-19,Kern,029,883053,105537,103731,14349,118080,1371
2021-08-19,Kings,031,150075,25701,25128,1460,26588,256
2021-08-19,Lake,033,64148,5179,4991,47,5038,69
2021-08-19,Lassen,035,31185,5617,5520,152,5672,21
2021-08-19,Los Angeles,037,10098052,1329019,1314453,51479,1365932,25020
2021-08-19,Madera,039,155013,18444,17947,1268,19215,246
2021-08-19,Marin,041,260295,15991,15672,333,16005,240
2021-08-19,Mariposa,043,17540,669,618,15,633,5
2021-08-19,Mendocino,045,87422,5488,5167,174,5341,51
2021-08-19,Merced,047,269075,34517,33851,1220,35071,486
2021-08-19,Modoc,049,8938,442,427,154,581,6
2021-08-19,Mono,051,14174,1376,1349,14,1363,3
2021-08-19,Monterey,053,433212,45170,44821,2457,47278,538
2021-08-19,Napa,055,140530,11343,11104,66,11170,83
2021-08-19,Nevada,057,99092,7037,6695,235,6930,77
2021-08-19,Orange,059,3164182,282423,278562,13470,292032,5172
2021-08-19,Placer,061,380077,29559,27953,2553,30506,313
2021-08-19,Plumas,063,18699,945,896,16,912,5
2021-08-19,Riverside,065,2383286,322917,318056,15794,333850,4589
2021-08-19,Sacramento,067,1510023,131795,126720,2783,129503,1801
2021-08-19,San Benito,069,59416,6589,6493,132,6625,64
2021-08-19,San Bernardino,071,2135413,320916,316398,10342,326740,5318
2021-08-19,San Diego,073,3302833,325994,319582,18772,338354,3839
2021-08-19,San Francisco,075,870044,46460,45220,2115,47335,571
2021-08-19,San Joaquin,077,732212,84617,82047,4559,86606,1491
2021-08-19,San Luis Obispo,079,281455,24443,23878,973,24851,271
2021-08-19,San Mateo,081,765935,48500,47431,946,48377,551
2021-08-19,Santa Barbara,083,443738,38695,37693,1456,39149,477
2021-08-19,Santa Clara,085,1922200,132022,129133,1012,130145,1774
2021-08-19,Santa Cruz,087,273765,18022,17644,971,18615,209
2021-08-19,Shasta,089,179085,14730,14200,2109,16309,214
2021-08-19,Sierra,091,2930,90,83,15,98,0
2021-08-19,Siskiyou,093,43540,2329,2218,632,2850,33
2021-08-19,Solano,095,438530,40045,38025,937,38962,273
2021-08-19,Sonoma,097,501317,36616,35233,451,35684,336
2021-08-19,Stanislaus,099,539301,64857,62928,7415,70343,1047
2021-08-19,Sutter,101,95872,11383,11057,131,11188,133
2021-08-19,Tehama,103,63373,5854,5683,763,6446,66
2021-08-19,Trinity,105,12862,507,414,119,533,3
2021-08-19,Tulare,107,460477,53869,52685,11341,64026,856
2021-08-19,Tuolumne,109,53932,5300,5112,53,5165,64
2021-08-19,Ventura,111,848112,89132,88073,3968,92041,1060
2021-08-19,Yolo,113,214977,16697,16153,767,16920,225
2021-08-19,Yuba,115,75493,7739,7458,170,7628,51
2021-08-18,Alameda,001,1643700,106242,102696,2490,105186,1294
2021-08-18,Alpine,003,1148,91,91,0,91,0
2021-08-18,Amador,005,37829,4435,4279,40,4319,50
2021-08-18,Butte,007,227075,14953,14426,2510,16936,208
2021-08-18,Calaveras,009,45235,2781,2643,20,2663,59
2021-08-18,Colusa,011,21464,2228,2160,457,2617,16
2021-08-18,Contra Costa,013,1133247,86356,82767,1770,84537,851
2021-08-18,Del Norte,015,27424,2522,2219,16,2235,8
2021-08-18,El Dorado,017,186661,12938,12306,1133,13439,118
2021-08-18,Fresno,019,978130,112962,110523,10212,120735,1759
2021-08-18,Glenn,021,27897,2690,2623,694,3317,20
2021-08-18,Humboldt,023,135768,6547,6195,151,6346,52
2021-08-18,Imperial,025,180216,29980,29821,3011,32832,746
2021-08-18,Inyo,027,18085,1499,1494,5,1499,39
2021-08-18,Kern,029,883053,105190,103440,14253,117693,1370
2021-08-18,Kings,031,150075,25592,24984,1453,26437,256
2021-08-18,Lake,033,64148,5138,4957,46,5003,69
2021-08-18,Lassen,035,31185,5598,5506,151,5657,21
2021-08-18,Los Angeles,037,10098052,1325883,1311477,51345,1362822,24984
2021-08-18,Madera,039,155013,18384,17871,1260,19131,246
2021-08-18,Marin,041,260295,15953,15610,330,15940,240
2021-08-18,Mariposa,043,17540,656,615,15,630,5
2021-08-18,Mendocino,045,87422,5437,5129,171,5300,51
2021-08-18,Merced,047,269075,34352,33708,1209,34917,484
2021-08-18,Modoc,049,8938,442,427,153,580,6
2021-08-18,Mono,051,14174,1373,1344,14,1358,3
2021-08-18,Monterey,053,433212,45100,44735,2427,47162,532
2021-08-18,Napa,055,140530,11305,11060,65,11125,83
2021-08-18,Nevada,057,99092,6971,6633,235,6868,76
2021-08-18,Orange,059,3164182,281783,277795,13414,291209,5168
2021-08-18,Placer,061,380077,29334,27741,2524,30265,312
2021-08-18,Plumas,063,18699,937,874,16,890,5
2021-08-18,Riverside,065,2383286,321917,317107,15759,332866,4585
2021-08-18,Sacramento,067,1510023,131035,125599,2749,128348,1781
2021-08-18,San Benito,069,59416,6578,6481,131,6612,64
2021-08-18,San Bernardino,071,2135413,320115,315477,10323,325800,5304
2021-08-18,San Diego,073,3302833,324652,318152,18706,336858,3834
2021-08-18,San Francisco,075,870044,46263,44957,2099,47056,568
2021-08-18,San Joaquin,077,732212,84166,81601,4529,86130,1491
2021-08-18,San Luis Obispo,079,281455,24294,23726,961,24687,270
2021-08-18,San Mateo,081,765935,48341,47255,936,48191,551
2021-08-18,Santa Barbara,083,443738,38564,37599,1449,39048,475
2021-08-18,Santa Clara,085,1922200,131659,128563,1008,129571,1773
2021-08-18,Santa Cruz,087,273765,17968,17566,966,18532,209
2021-08-18,Shasta,089,179085,14631,14087,2090,16177,213
2021-08-18,Sierra,091,2930,89,83,15,98,0
2021-08-18,Siskiyou,093,43540,2300,2204,620,2824,33
2021-08-18,Solano,095,438530,39842,37812,925,38737,271
2021-08-18,Sonoma,097,501317,36472,35063,450,35513,333
2021-08-18,Stanislaus,099,539301,64508,62613,7372,69985,1047
2021-08-18,Sutter,101,95872,11311,11004,126,11130,130
2021-08-18,Tehama,103,63373,5819,5653,753,6406,66
2021-08-18,Trinity,105,12862,500,409,116,525,3
2021-08-18,Tulare,107,460477,53628,52486,11272,63758,856
2021-08-18,Tuolumne,109,53932,5264,5081,51,5132,64
2021-08-18,Ventura,111,848112,88901,87835,3957,91792,1055
2021-08-18,Yolo,113,214977,16615,16047,747,16794,225
2021-08-18,Yuba,115,75493,7674,7391,170,7561,51
2021-08-17,Alameda,001,1643700,105826,102379,2474,104853,1290
2021-08-17,Alpine,003,1148,91,91,0,91,0
2021-08-17,Amador,005,37829,4406,4266,40,4306,50
2021-08-17,Butte,007,227075,14848,14357,2474,16831,206
2021-08-17,Calaveras,009,45235,2740,2624,20,2644,59
2021-08-17,Colusa,011,21464,2219,2156,453,2609,16
2021-08-17,Contra Costa,013,1133247,85909,82482,1760,84242,848
2021-08-17,Del Norte,015,27424,2468,2188,16,2204,8
2021-08-17,El Dorado,017,186661,12851,12242,1118,13360,118
2021-08-17,Fresno,019,978130,112484,110263,10150,120413,1755
2021-08-17,Glenn,021,27897,2676,2608,686,3294,20
2021-08-17,Humboldt,023,135768,6470,6155,148,6303,52
2021-08-17,Imperial,025,180216,29929,29768,3007,32775,746
2021-08-17,Inyo,027,18085,1496,1492,5,1497,39
2021-08-17,Kern,029,883053,104797,103048,14127,117175,1367
2021-08-17,Kings,031,150075,25485,24930,1442,26372,254
2021-08-17,Lake,033,64148,5095,4930,40,4970,68
2021-08-17,Lassen,035,31185,5581,5499,149,5648,21
2021-08-17,Los Angeles,037,10098052,1322353,1307999,51209,1359208,24952
2021-08-17,Madera,039,155013,18310,17838,1240,19078,246
2021-08-17,Marin,041,260295,15898,15570,330,15900,240
2021-08-17,Mariposa,043,17540,648,609,14,623,5
2021-08-17,Mendocino,045,87422,5382,5097,171,5268,51
2021-08-17,Merced,047,269075,34204,33508,1195,34703,482
2021-08-17,Modoc,049,8938,439,424,151,575,6
2021-08-17,Mono,051,14174,1367,1341,14,1355,3
2021-08-17,Monterey,053,433212,45023,44672,2411,47083,528
2021-08-17,Napa,055,140530,11264,11007,64,11071,83
2021-08-17,Nevada,057,99092,6897,6605,233,6838,75
2021-08-17,Orange,059,3164182,281142,277121,13378,290499,5164
2021-08-17,Placer,061,380077,29120,27634,2494,30128,312
2021-08-17,Plumas,063,18699,926,860,16,876,5
2021-08-17,Riverside,065,2383286,320901,316051,15720,331771,4582
2021-08-17,Sacramento,067,1510023,130244,125151,2706,127857,1774
2021-08-17,San Benito,069,59416,6559,6470,131,6601,64
2021-08-17,San Bernardino,071,2135413,319181,314402,10278,324680,5302
2021-08-17,San Diego,073,3302833,323037,317058,18610,335668,3824
2021-08-17,San Francisco,075,870044,46068,44820,2088,46908,567
2021-08-17,San Joaquin,077,732212,83699,81300,4496,85796,1489
2021-08-17,San Luis Obispo,079,281455,24137,23556,958,24514,268
2021-08-17,San Mateo,081,765935,48199,47127,917,48044,551
2021-08-17,Santa Barbara,083,443738,38409,37478,1441,38919,475
2021-08-17,Santa Clara,085,1922200,131257,128354,1003,129357,1773
2021-08-17,Santa Cruz,087,273765,17882,17528,964,18492,209
2021-08-17,Shasta,089,179085,14501,14012,2072,16084,214
2021-08-17,Sierra,091,2930,88,82,15,97,0
2021-08-17,Siskiyou,093,43540,2285,2183,606,2789,33
2021-08-17,Solano,095,438530,39629,37662,915,38577,269
2021-08-17,Sonoma,097,501317,36324,34943,446,35389,333
2021-08-17,Stanislaus,099,539301,64157,62385,7310,69695,1047
2021-08-17,Sutter,101,95872,11239,10973,126,11099,130
2021-08-17,Tehama,103,63373,5785,5612,731,6343,66
2021-08-17,Trinity,105,12862,495,406,113,519,3
2021-08-17,Tulare,107,460477,53361,52362,11204,63566,856
2021-08-17,Tuolumne,109,53932,5221,5042,50,5092,64
2021-08-17,Ventura,111,848112,88662,87601,3935,91536,1053
2021-08-17,Yolo,113,214977,16526,15975,732,16707,225
2021-08-17,Yuba,115,75493,7604,7355,170,7525,51
2021-08-16,Alameda,001,1643700,105326,102052,2462,104514,1287
2021-08-16,Alpine,003,1148,91,91,0,91,0
2021-08-16,Amador,005,37829,4396,4235,40,4275,50
2021-08-16,Butte,007,227075,14730,14283,2441,16724,206
2021-08-16,Calaveras,009,45235,2680,2609,19,2628,57
2021-08-16,Colusa,011,21464,2208,2147,449,2596,16
2021-08-16,Contra Costa,013,1133247,85370,82070,1750,83820,848
2021-08-16,Del Norte,015,27424,2391,2125,16,2141,8
2021-08-16,El Dorado,017,186661,12749,12139,1104,13243,118
2021-08-16,Fresno,019,978130,111984,109623,10103,119726,1753
2021-08-16,Glenn,021,27897,2657,2593,680,3273,20
2021-08-16,Humboldt,023,135768,6400,6064,125,6189,52
2021-08-16,Imperial,025,180216,29891,29737,2992,32729,746
2021-08-16,Inyo,027,18085,1493,1490,5,1495,39
2021-08-16,Kern,029,883053,104426,102690,14005,116695,1367
2021-08-16,Kings,031,150075,25383,24817,1432,26249,254
2021-08-16,Lake,033,64148,5068,4898,39,4937,68
2021-08-16,Lassen,035,31185,5565,5481,141,5622,21
2021-08-16,Los Angeles,037,10098052,1318980,1305330,51055,1356385,24923
2021-08-16,Madera,039,155013,18234,17756,1222,18978,246
2021-08-16,Marin,041,260295,15839,15497,329,15826,239
2021-08-16,Mariposa,043,17540,631,597,14,611,5
2021-08-16,Mendocino,045,87422,5326,5037,169,5206,49
2021-08-16,Merced,047,269075,34003,33364,1187,34551,481
2021-08-16,Modoc,049,8938,437,421,150,571,5
2021-08-16,Mono,051,14174,1358,1339,14,1353,3
2021-08-16,Monterey,053,433212,44961,44595,2383,46978,527
2021-08-16,Napa,055,140530,11235,10946,64,11010,83
2021-08-16,Nevada,057,99092,6841,6535,232,6767,74
2021-08-16,Orange,059,3164182,280352,275985,13330,289315,5161
2021-08-16,Placer,061,380077,28938,27384,2460,29844,306
2021-08-16,Plumas,063,18699,915,851,16,867,5
2021-08-16,Riverside,065,2383286,319811,314774,15683,330457,4582
2021-08-16,Sacramento,067,1510023,129437,124554,2663,127217,1762
2021-08-16,San Benito,069,59416,6535,6452,131,6583,64
2021-08-16,San Bernardino,071,2135413,318221,313617,10250,323867,5301
2021-08-16,San Diego,073,3302833,321430,315348,18474,333822,3824
2021-08-16,San Francisco,075,870044,45872,44681,2071,46752,567
2021-08-16,San Joaquin,077,732212,83198,81087,4466,85553,1488
2021-08-16,San Luis Obispo,079,281455,23988,23452,949,24401,265
2021-08-16,San Mateo,081,765935,48034,47024,894,47918,548
2021-08-16,Santa Barbara,083,443738,38242,37358,1436,38794,475
2021-08-16,Santa Clara,085,1922200,130793,127978,997,128975,1773
2021-08-16,Santa Cruz,087,273765,17821,17491,957,18448,209
2021-08-16,Shasta,089,179085,14411,13862,2054,15916,211
2021-08-16,Sierra,091,2930,85,82,15,97,0
2021-08-16,Siskiyou,093,43540,2268,2169,586,2755,33
2021-08-16,Solano,095,438530,39357,37436,901,38337,263
2021-08-16,Sonoma,097,501317,36153,34844,444,35288,333
2021-08-16,Stanislaus,099,539301,63795,62033,7258,69291,1039
2021-08-16,Sutter,101,95872,11170,10902,125,11027,130
2021-08-16,Tehama,103,63373,5721,5565,726,6291,66
2021-08-16,Trinity,105,12862,489,400,112,512,3
2021-08-16,Tulare,107,460477,53120,52162,11130,63292,856
2021-08-16,Tuolumne,109,53932,5182,4984,49,5033,64
2021-08-16,Ventura,111,848112,88413,86954,3917,90871,1052
2021-08-16,Yolo,113,214977,16427,15922,724,16646,225
2021-08-16,Yuba,115,75493,7520,7314,169,7483,51
2021-08-15,Alameda,001,1643700,104833,101660,2445,104105,1287
2021-08-15,Alpine,003,1148,91,91,0,91,0
2021-08-15,Amador,005,37829,4369,4231,40,4271,49
2021-08-15,Butte,007,227075,14605,14263,2417,16680,206
2021-08-15,Calaveras,009,45235,2633,2599,19,2618,57
2021-08-15,Colusa,011,21464,2196,2140,439,2579,16
2021-08-15,Contra Costa,013,1133247,84890,81781,1733,83514,848
2021-08-15,Del Norte,015,27424,2324,2060,16,2076,8
2021-08-15,El Dorado,017,186661,12614,12057,1087,13144,118
2021-08-15,Fresno,019,978130,111512,109382,10040,119422,1753
2021-08-15,Glenn,021,27897,2633,2592,668,3260,20
2021-08-15,Humboldt,023,135768,6327,6024,118,6142,52
2021-08-15,Imperial,025,180216,29826,29711,2986,32697,746
2021-08-15,Inyo,027,18085,1492,1489,5,1494,39
2021-08-15,Kern,029,883053,103984,102524,13890,116414,1367
2021-08-15,Kings,031,150075,25233,24736,1422,26158,254
2021-08-15,Lake,033,64148,5009,4886,38,4924,68
2021-08-15,Lassen,035,31185,5549,5482,139,5621,21
2021-08-15,Los Angeles,037,10098052,1315463,1302882,50877,1353759,24918
2021-08-15,Madera,039,155013,18146,17714,1210,18924,246
2021-08-15,Marin,041,260295,15780,15461,327,15788,239
2021-08-15,Mariposa,043,17540,624,591,14,605,5
2021-08-15,Mendocino,045,87422,5270,5022,163,5185,49
2021-08-15,Merced,047,269075,33759,33305,1176,34481,481
2021-08-15,Modoc,049,8938,435,421,150,571,5
2021-08-15,Mono,051,14174,1350,1334,14,1348,3
2021-08-15,Monterey,053,433212,44849,44567,2351,46918,527
2021-08-15,Napa,055,140530,11180,10919,64,10983,83
2021-08-15,Nevada,057,99092,6757,6486,232,6718,74
2021-08-15,Orange,059,3164182,279576,275447,13289,288736,5161
2021-08-15,Placer,061,380077,28716,27220,2411,29631,306
2021-08-15,Plumas,063,18699,903,850,16,866,5
2021-08-15,Riverside,065,2383286,318672,314133,15651,329784,4582
2021-08-15,Sacramento,067,1510023,128625,123924,2630,126554,1761
2021-08-15,San Benito,069,59416,6517,6446,130,6576,64
2021-08-15,San Bernardino,071,2135413,317146,313120,10218,323338,5301
2021-08-15,San Diego,073,3302833,319947,314247,18359,332606,3824
2021-08-15,San Francisco,075,870044,45650,44531,2048,46579,567
2021-08-15,San Joaquin,077,732212,82711,80832,4424,85256,1488
2021-08-15,San Luis Obispo,079,281455,23792,23404,939,24343,265
2021-08-15,San Mateo,081,765935,47869,46897,870,47767,548
2021-08-15,Santa Barbara,083,443738,38073,37276,1429,38705,475
2021-08-15,Santa Clara,085,1922200,130360,127715,991,128706,1773
2021-08-15,Santa Cruz,087,273765,17752,17440,949,18389,209
2021-08-15,Shasta,089,179085,14308,13835,2028,15863,211
2021-08-15,Sierra,091,2930,84,82,14,96,0
2021-08-15,Siskiyou,093,43540,2247,2169,572,2741,33
2021-08-15,Solano,095,438530,39118,37320,890,38210,263
2021-08-15,Sonoma,097,501317,35957,34706,436,35142,333
2021-08-15,Stanislaus,099,539301,63405,61795,7180,68975,1039
2021-08-15,Sutter,101,95872,11079,10863,125,10988,130
2021-08-15,Tehama,103,63373,5672,5550,720,6270,66
2021-08-15,Trinity,105,12862,486,400,110,510,3
2021-08-15,Tulare,107,460477,52864,52046,11069,63115,856
2021-08-15,Tuolumne,109,53932,5144,4934,47,4981,64
2021-08-15,Ventura,111,848112,88108,86797,3902,90699,1052
2021-08-15,Yolo,113,214977,16333,15873,713,16586,225
2021-08-15,Yuba,115,75493,7443,7265,168,7433,51
2021-08-14,Alameda,001,1643700,104614,101305,2441,103746,1287
2021-08-14,Alpine,003,1148,91,91,0,91,0
2021-08-14,Amador,005,37829,4351,4206,40,4246,49
2021-08-14,Butte,007,227075,14568,14192,2401,16593,206
2021-08-14,Calaveras,009,45235,2628,2579,19,2598,57
2021-08-14,Colusa,011,21464,2186,2134,435,2569,16
2021-08-14,Contra Costa,013,1133247,84642,81458,1725,83183,848
2021-08-14,Del Norte,015,27424,2297,2015,16,2031,8
2021-08-14,El Dorado,017,186661,12578,12019,1078,13097,118
2021-08-14,Fresno,019,978130,111354,109056,10010,119066,1753
2021-08-14,Glenn,021,27897,2622,2583,666,3249,20
2021-08-14,Humboldt,023,135768,6273,5998,114,6112,52
2021-08-14,Imperial,025,180216,29799,29671,2986,32657,746
2021-08-14,Inyo,027,18085,1490,1487,5,1492,39
2021-08-14,Kern,029,883053,103790,102306,13793,116099,1367
2021-08-14,Kings,031,150075,25139,24647,1413,26060,254
2021-08-14,Lake,033,64148,4992,4850,37,4887,68
2021-08-14,Lassen,035,31185,5542,5475,138,5613,21
2021-08-14,Los Angeles,037,10098052,1313701,1299346,50737,1350083,24911
2021-08-14,Madera,039,155013,18099,17691,1206,18897,246
2021-08-14,Marin,041,260295,15746,15441,326,15767,239
2021-08-14,Mariposa,043,17540,620,584,14,598,5
2021-08-14,Mendocino,045,87422,5234,4977,160,5137,49
2021-08-14,Merced,047,269075,33695,33234,1170,34404,481
2021-08-14,Modoc,049,8938,435,421,150,571,5
2021-08-14,Mono,051,14174,1348,1332,14,1346,3
2021-08-14,Monterey,053,433212,44810,44514,2343,46857,527
2021-08-14,Napa,055,140530,11150,10878,63,10941,83
2021-08-14,Nevada,057,99092,6722,6419,231,6650,74
2021-08-14,Orange,059,3164182,279143,274732,13260,287992,5161
2021-08-14,Placer,061,380077,28571,27115,2386,29501,306
2021-08-14,Plumas,063,18699,894,849,16,865,5
2021-08-14,Riverside,065,2383286,317958,313264,15628,328892,4582
2021-08-14,Sacramento,067,1510023,128133,123438,2612,126050,1758
2021-08-14,San Benito,069,59416,6504,6428,130,6558,64
2021-08-14,San Bernardino,071,2135413,316596,312142,10197,322339,5301
2021-08-14,San Diego,073,3302833,319276,313589,18291,331880,3824
2021-08-14,San Francisco,075,870044,45524,44353,2027,46380,567
2021-08-14,San Joaquin,077,732212,82495,80585,4409,84994,1488
2021-08-14,San Luis Obispo,079,281455,23733,23328,936,24264,265
2021-08-14,San Mateo,081,765935,47759,46792,858,47650,548
2021-08-14,Santa Barbara,083,443738,37980,37118,1425,38543,475
2021-08-14,Santa Clara,085,1922200,130081,127432,988,128420,1772
2021-08-14,Santa Cruz,087,273765,17713,17384,948,18332,209
2021-08-14,Shasta,089,179085,14232,13813,2007,15820,211
2021-08-14,Sierra,091,2930,84,81,14,95,0
2021-08-14,Siskiyou,093,43540,2237,2160,562,2722,33
2021-08-14,Solano,095,438530,39031,37237,878,38115,263
2021-08-14,Sonoma,097,501317,35834,34606,434,35040,333
2021-08-14,Stanislaus,099,539301,63215,61564,7135,68699,1039
2021-08-14,Sutter,101,95872,11034,10808,124,10932,130
2021-08-14,Tehama,103,63373,5648,5530,716,6246,66
2021-08-14,Trinity,105,12862,481,399,110,509,3
2021-08-14,Tulare,107,460477,52729,51951,11023,62974,856
2021-08-14,Tuolumne,109,53932,5109,4924,47,4971,64
2021-08-14,Ventura,111,848112,87952,86569,3882,90451,1052
2021-08-14,Yolo,113,214977,16288,15815,703,16518,225
2021-08-14,Yuba,115,75493,7394,7223,168,7391,51
2021-08-13,Alameda,001,1643700,104315,100930,2432,103362,1284
2021-08-13,Alpine,003,1148,91,91,0,91,0
2021-08-13,Amador,005,37829,4323,4169,40,4209,49
2021-08-13,Butte,007,227075,14497,14100,2385,16485,206
2021-08-13,Calaveras,009,45235,2619,2564,19,2583,57
2021-08-13,Colusa,011,21464,2179,2123,430,2553,16
2021-08-13,Contra Costa,013,1133247,84330,81046,1717,82763,848
2021-08-13,Del Norte,015,27424,2256,1973,16,1989,8
2021-08-13,El Dorado,017,186661,12540,11951,1065,13016,118
2021-08-13,Fresno,019,978130,111066,108638,9989,118627,1753
2021-08-13,Glenn,021,27897,2611,2574,664,3238,20
2021-08-13,Humboldt,023,135768,6226,5882,111,5993,52
2021-08-13,Imperial,025,180216,29771,29654,2985,32639,745
2021-08-13,Inyo,027,18085,1489,1484,5,1489,39
2021-08-13,Kern,029,883053,103582,102029,13684,115713,1364
2021-08-13,Kings,031,150075,25056,24531,1405,25936,253
2021-08-13,Lake,033,64148,4969,4811,36,4847,68
2021-08-13,Lassen,035,31185,5534,5455,137,5592,21
2021-08-13,Los Angeles,037,10098052,1311395,1295406,50600,1346006,24891
2021-08-13,Madera,039,155013,18050,17614,1199,18813,246
2021-08-13,Marin,041,260295,15716,15380,326,15706,239
2021-08-13,Mariposa,043,17540,614,577,14,591,5
2021-08-13,Mendocino,045,87422,5187,4924,158,5082,49
2021-08-13,Merced,047,269075,33647,33111,1165,34276,480
2021-08-13,Modoc,049,8938,434,421,149,570,5
2021-08-13,Mono,051,14174,1346,1331,14,1345,3
2021-08-13,Monterey,053,433212,44757,44450,2335,46785,527
2021-08-13,Napa,055,140530,11114,10830,63,10893,83
2021-08-13,Nevada,057,99092,6681,6356,230,6586,74
2021-08-13,Orange,059,3164182,278650,274004,13211,287215,5159
2021-08-13,Placer,061,380077,28472,26987,2357,29344,306
2021-08-13,Plumas,063,18699,880,842,16,858,5
2021-08-13,Riverside,065,2383286,317220,312408,15603,328011,4581
2021-08-13,Sacramento,067,1510023,127667,122868,2584,125452,1758
2021-08-13,San Benito,069,59416,6498,6422,128,6550,64
2021-08-13,San Bernardino,071,2135413,315929,311378,10178,321556,5301
2021-08-13,San Diego,073,3302833,318230,312293,18211,330504,3821
2021-08-13,San Francisco,075,870044,45388,44196,2002,46198,567
2021-08-13,San Joaquin,077,732212,82281,80232,4392,84624,1481
2021-08-13,San Luis Obispo,079,281455,23672,23226,933,24159,265
2021-08-13,San Mateo,081,765935,47649,46660,849,47509,548
2021-08-13,Santa Barbara,083,443738,37897,37023,1421,38444,474
2021-08-13,Santa Clara,085,1922200,129794,126958,983,127941,1769
2021-08-13,Santa Cruz,087,273765,17674,17332,941,18273,209
2021-08-13,Shasta,089,179085,14169,13698,1993,15691,211
2021-08-13,Sierra,091,2930,83,81,14,95,0
2021-08-13,Siskiyou,093,43540,2228,2147,558,2705,33
2021-08-13,Solano,095,438530,38899,37104,870,37974,264
2021-08-13,Sonoma,097,501317,35729,34464,434,34898,333
2021-08-13,Stanislaus,099,539301,63032,61294,7093,68387,1039
2021-08-13,Sutter,101,95872,10990,10751,123,10874,130
2021-08-13,Tehama,103,63373,5624,5496,714,6210,66
2021-08-13,Trinity,105,12862,478,392,110,502,3
2021-08-13,Tulare,107,460477,52625,51770,10948,62718,856
2021-08-13,Tuolumne,109,53932,5076,4899,46,4945,64
2021-08-13,Ventura,111,848112,87795,86368,3868,90236,1052
2021-08-13,Yolo,113,214977,16235,15761,693,16454,225
2021-08-13,Yuba,115,75493,7357,7184,168,7352,51
2021-08-12,Alameda,001,1643700,103815,100472,2418,102890,1284
2021-08-12,Alpine,003,1148,91,91,0,91,0
2021-08-12,Amador,005,37829,4293,4161,39,4200,49
2021-08-12,Butte,007,227075,14420,14006,2366,16372,206
2021-08-12,Calaveras,009,45235,2599,2531,19,2550,57
2021-08-12,Colusa,011,21464,2174,2111,429,2540,17
2021-08-12,Contra Costa,013,1133247,83849,80738,1707,82445,846
2021-08-12,Del Norte,015,27424,2184,1923,16,1939,8
2021-08-12,El Dorado,017,186661,12425,11880,1057,12937,118
2021-08-12,Fresno,019,978130,110650,108193,9928,118121,1753
2021-08-12,Glenn,021,27897,2603,2559,657,3216,20
2021-08-12,Humboldt,023,135768,6156,5845,107,5952,52
2021-08-12,Imperial,025,180216,29715,29585,2979,32564,745
2021-08-12,Inyo,027,18085,1487,1483,5,1488,39
2021-08-12,Kern,029,883053,103298,101698,13601,115299,1364
2021-08-12,Kings,031,150075,24957,24423,1395,25818,252
2021-08-12,Lake,033,64148,4944,4774,35,4809,68
2021-08-12,Lassen,035,31185,5512,5428,136,5564,21
2021-08-12,Los Angeles,037,10098052,1308218,1291875,50461,1342336,24874
2021-08-12,Madera,039,155013,17986,17564,1189,18753,246
2021-08-12,Marin,041,260295,15667,15277,322,15599,239
2021-08-12,Mariposa,043,17540,605,568,13,581,5
2021-08-12,Mendocino,045,87422,5157,4873,152,5025,49
2021-08-12,Merced,047,269075,33523,32960,1158,34118,480
2021-08-12,Modoc,049,8938,433,423,149,572,5
2021-08-12,Mono,051,14174,1343,1325,14,1339,3
2021-08-12,Monterey,053,433212,44692,44383,2307,46690,527
2021-08-12,Napa,055,140530,11065,10780,62,10842,83
2021-08-12,Nevada,057,99092,6620,6283,230,6513,74
2021-08-12,Orange,059,3164182,277975,273167,13153,286320,5158
2021-08-12,Placer,061,380077,28272,26856,2333,29189,306
2021-08-12,Plumas,063,18699,872,829,16,845,5
2021-08-12,Riverside,065,2383286,316212,311304,15569,326873,4575
2021-08-12,Sacramento,067,1510023,126898,122222,2552,124774,1758
2021-08-12,San Benito,069,59416,6482,6398,125,6523,64
2021-08-12,San Bernardino,071,2135413,315054,310420,10147,320567,5297
2021-08-12,San Diego,073,3302833,316853,310596,18126,328722,3821
2021-08-12,San Francisco,075,870044,45183,43774,1985,45759,564
2021-08-12,San Joaquin,077,732212,81888,79945,4368,84313,1479
2021-08-12,San Luis Obispo,079,281455,23573,23101,919,24020,264
2021-08-12,San Mateo,081,765935,47516,46435,835,47270,548
2021-08-12,Santa Barbara,083,443738,37761,36881,1410,38291,473
2021-08-12,Santa Clara,085,1922200,129345,126614,977,127591,1769
2021-08-12,Santa Cruz,087,273765,17611,17261,939,18200,209
2021-08-12,Shasta,089,179085,14083,13621,1967,15588,211
2021-08-12,Sierra,091,2930,83,81,14,95,0
2021-08-12,Siskiyou,093,43540,2221,2134,548,2682,33
2021-08-12,Solano,095,438530,38674,36980,862,37842,262
2021-08-12,Sonoma,097,501317,35581,34299,431,34730,333
2021-08-12,Stanislaus,099,539301,62758,61026,7033,68059,1039
2021-08-12,Sutter,101,95872,10929,10695,121,10816,130
2021-08-12,Tehama,103,63373,5595,5462,704,6166,66
2021-08-12,Trinity,105,12862,474,386,109,495,3
2021-08-12,Tulare,107,460477,52481,51632,10896,62528,856
2021-08-12,Tuolumne,109,53932,5029,4845,44,4889,64
2021-08-12,Ventura,111,848112,87560,86106,3844,89950,1052
2021-08-12,Yolo,113,214977,16164,15686,680,16366,224
2021-08-12,Yuba,115,75493,7309,7128,167,7295,51
2021-08-11,Alameda,001,1643700,103284,100040,2413,102453,1281
2021-08-11,Alpine,003,1148,91,91,0,91,0
2021-08-11,Amador,005,37829,4269,4127,39,4166,49
2021-08-11,Butte,007,227075,14316,13905,2341,16246,206
2021-08-11,Calaveras,009,45235,2577,2505,19,2524,57
2021-08-11,Colusa,011,21464,2164,2101,427,2528,16
2021-08-11,Contra Costa,013,1133247,83351,80275,1693,81968,843
2021-08-11,Del Norte,015,27424,2125,1893,16,1909,8
2021-08-11,El Dorado,017,186661,12312,11799,1045,12844,119
2021-08-11,Fresno,019,978130,110193,107773,9885,117658,1751
2021-08-11,Glenn,021,27897,2595,2547,650,3197,20
2021-08-11,Humboldt,023,135768,6109,5765,106,5871,52
2021-08-11,Imperial,025,180216,29672,29565,2975,32540,745
2021-08-11,Inyo,027,18085,1487,1483,5,1488,39
2021-08-11,Kern,029,883053,102986,101448,13488,114936,1363
2021-08-11,Kings,031,150075,24843,24304,1386,25690,250
2021-08-11,Lake,033,64148,4907,4713,34,4747,68
2021-08-11,Lassen,035,31185,5503,5408,134,5542,21
2021-08-11,Los Angeles,037,10098052,1304914,1288238,50267,1338505,24851
2021-08-11,Madera,039,155013,17936,17511,1178,18689,245
2021-08-11,Marin,041,260295,15618,15235,322,15557,239
2021-08-11,Mariposa,043,17540,595,554,12,566,5
2021-08-11,Mendocino,045,87422,5088,4796,144,4940,49
2021-08-11,Merced,047,269075,33390,32802,1153,33955,479
2021-08-11,Modoc,049,8938,433,421,149,570,5
2021-08-11,Mono,051,14174,1338,1320,14,1334,3
2021-08-11,Monterey,053,433212,44602,44314,2280,46594,527
2021-08-11,Napa,055,140530,11024,10732,62,10794,83
2021-08-11,Nevada,057,99092,6566,6172,227,6399,74
2021-08-11,Orange,059,3164182,277125,272212,13109,285321,5155
2021-08-11,Placer,061,380077,28060,26687,2307,28994,305
2021-08-11,Plumas,063,18699,863,824,16,840,5
2021-08-11,Riverside,065,2383286,315227,310265,15525,325790,4570
2021-08-11,Sacramento,067,1510023,126105,121603,2508,124111,1757
2021-08-11,San Benito,069,59416,6469,6381,125,6506,64
2021-08-11,San Bernardino,071,2135413,314164,309498,10125,319623,5296
2021-08-11,San Diego,073,3302833,315367,309406,18027,327433,3818
2021-08-11,San Francisco,075,870044,44962,43555,1975,45530,564
2021-08-11,San Joaquin,077,732212,81483,79641,4341,83982,1478
2021-08-11,San Luis Obispo,079,281455,23469,22920,912,23832,264
2021-08-11,San Mateo,081,765935,47360,46300,821,47121,548
2021-08-11,Santa Barbara,083,443738,37599,36699,1400,38099,472
2021-08-11,Santa Clara,085,1922200,128866,126301,968,127269,1769
2021-08-11,Santa Cruz,087,273765,17545,17191,936,18127,209
2021-08-11,Shasta,089,179085,14009,13546,1951,15497,211
2021-08-11,Sierra,091,2930,82,81,14,95,0
2021-08-11,Siskiyou,093,43540,2207,2124,541,2665,33
2021-08-11,Solano,095,438530,38447,36862,848,37710,262
2021-08-11,Sonoma,097,501317,35404,34188,426,34614,333
2021-08-11,Stanislaus,099,539301,62415,60767,7002,67769,1037
2021-08-11,Sutter,101,95872,10857,10628,121,10749,130
2021-08-11,Tehama,103,63373,5565,5410,687,6097,66
2021-08-11,Trinity,105,12862,472,385,109,494,3
2021-08-11,Tulare,107,460477,52315,51464,10848,62312,854
2021-08-11,Tuolumne,109,53932,4997,4794,44,4838,64
2021-08-11,Ventura,111,848112,87309,85863,3822,89685,1051
2021-08-11,Yolo,113,214977,16090,15593,666,16259,218
2021-08-11,Yuba,115,75493,7250,7063,166,7229,53
2021-08-10,Alameda,001,1643700,102797,99771,2404,102175,1281
2021-08-10,Alpine,003,1148,91,91,0,91,0
2021-08-10,Amador,005,37829,4253,4093,39,4132,49
2021-08-10,Butte,007,227075,14232,13853,2319,16172,205
2021-08-10,Calaveras,009,45235,2554,2491,17,2508,57
2021-08-10,Colusa,011,21464,2151,2088,418,2506,16
2021-08-10,Contra Costa,013,1133247,82813,80018,1683,81701,840
2021-08-10,Del Norte,015,27424,2081,1870,16,1886,8
2021-08-10,El Dorado,017,186661,12213,11734,1035,12769,117
2021-08-10,Fresno,019,978130,109743,107616,9832,117448,1747
2021-08-10,Glenn,021,27897,2582,2538,643,3181,20
2021-08-10,Humboldt,023,135768,6055,5718,103,5821,52
2021-08-10,Imperial,025,180216,29636,29522,2969,32491,745
2021-08-10,Inyo,027,18085,1487,1482,5,1487,39
2021-08-10,Kern,029,883053,102662,101254,13387,114641,1359
2021-08-10,Kings,031,150075,24715,24252,1370,25622,251
2021-08-10,Lake,033,64148,4867,4700,33,4733,67
2021-08-10,Lassen,035,31185,5485,5401,134,5535,21
2021-08-10,Los Angeles,037,10098052,1301181,1285140,50096,1335236,24821
2021-08-10,Madera,039,155013,17864,17481,1168,18649,245
2021-08-10,Marin,041,260295,15571,15194,322,15516,239
2021-08-10,Mariposa,043,17540,582,550,12,562,5
2021-08-10,Mendocino,045,87422,5043,4775,141,4916,49
2021-08-10,Merced,047,269075,33242,32721,1145,33866,477
2021-08-10,Modoc,049,8938,432,421,149,570,5
2021-08-10,Mono,051,14174,1333,1320,14,1334,3
2021-08-10,Monterey,053,433212,44552,44259,2254,46513,527
2021-08-10,Napa,055,140530,10968,10703,61,10764,83
2021-08-10,Nevada,057,99092,6500,6151,226,6377,73
2021-08-10,Orange,059,3164182,276248,271688,13059,284747,5155
2021-08-10,Placer,061,380077,27841,26561,2264,28825,305
2021-08-10,Plumas,063,18699,854,816,16,832,5
2021-08-10,Riverside,065,2383286,314116,309529,15499,325028,4564
2021-08-10,Sacramento,067,1510023,125252,121159,2479,123638,1755
2021-08-10,San Benito,069,59416,6455,6371,125,6496,64
2021-08-10,San Bernardino,071,2135413,313244,308672,10108,318780,5295
2021-08-10,San Diego,073,3302833,313705,308288,17950,326238,3815
2021-08-10,San Francisco,075,870044,44722,43389,1946,45335,564
2021-08-10,San Joaquin,077,732212,81083,79391,4324,83715,1478
2021-08-10,San Luis Obispo,079,281455,23343,22776,910,23686,264
2021-08-10,San Mateo,081,765935,47202,46184,803,46987,548
2021-08-10,Santa Barbara,083,443738,37435,36574,1393,37967,472
2021-08-10,Santa Clara,085,1922200,128406,126019,959,126978,1770
2021-08-10,Santa Cruz,087,273765,17462,17142,934,18076,209
2021-08-10,Shasta,089,179085,13932,13461,1926,15387,211
2021-08-10,Sierra,091,2930,82,76,14,90,0
2021-08-10,Siskiyou,093,43540,2199,2088,533,2621,33
2021-08-10,Solano,095,438530,38211,36767,839,37606,262
2021-08-10,Sonoma,097,501317,35260,34054,423,34477,333
2021-08-10,Stanislaus,099,539301,62067,60605,6964,67569,1037
2021-08-10,Sutter,101,95872,10792,10569,121,10690,130
2021-08-10,Tehama,103,63373,5536,5392,682,6074,66
2021-08-10,Trinity,105,12862,472,384,109,493,3
2021-08-10,Tulare,107,460477,52153,51390,10796,62186,854
2021-08-10,Tuolumne,109,53932,4969,4780,42,4822,64
2021-08-10,Ventura,111,848112,87022,85714,3801,89515,1051
2021-08-10,Yolo,113,214977,16004,15568,654,16222,218
2021-08-10,Yuba,115,75493,7200,7028,166,7194,50
2021-08-09,Alameda,001,1643700,102236,99496,2400,101896,1276
2021-08-09,Alpine,003,1148,91,91,0,91,0
2021-08-09,Amador,005,37829,4227,4078,39,4117,48
2021-08-09,Butte,007,227075,14138,13813,2286,16099,205
2021-08-09,Calaveras,009,45235,2526,2472,17,2489,57
2021-08-09,Colusa,011,21464,2141,2075,410,2485,16
2021-08-09,Contra Costa,013,1133247,82269,79740,1672,81412,840
2021-08-09,Del Norte,015,27424,2013,1848,16,1864,8
2021-08-09,El Dorado,017,186661,12105,11672,1021,12693,117
2021-08-09,Fresno,019,978130,109251,107310,9796,117106,1747
2021-08-09,Glenn,021,27897,2571,2532,633,3165,20
2021-08-09,Humboldt,023,135768,5964,5632,101,5733,52
2021-08-09,Imperial,025,180216,29592,29512,2965,32477,745
2021-08-09,Inyo,027,18085,1487,1481,5,1486,39
2021-08-09,Kern,029,883053,102353,101069,13299,114368,1359
2021-08-09,Kings,031,150075,24609,24155,1354,25509,250
2021-08-09,Lake,033,64148,4832,4670,31,4701,66
2021-08-09,Lassen,035,31185,5463,5393,133,5526,21
2021-08-09,Los Angeles,037,10098052,1297190,1282891,49899,1332790,24798
2021-08-09,Madera,039,155013,17805,17429,1148,18577,245
2021-08-09,Marin,041,260295,15518,15154,321,15475,239
2021-08-09,Mariposa,043,17540,569,545,12,557,5
2021-08-09,Mendocino,045,87422,4992,4732,133,4865,49
2021-08-09,Merced,047,269075,33096,32666,1138,33804,477
2021-08-09,Modoc,049,8938,432,419,149,568,5
2021-08-09,Mono,051,14174,1330,1337,14,1351,3
2021-08-09,Monterey,053,433212,44488,44190,2229,46419,527
2021-08-09,Napa,055,140530,10921,10679,61,10740,83
2021-08-09,Nevada,057,99092,6430,6088,225,6313,73
2021-08-09,Orange,059,3164182,275218,271036,13007,284043,5153
2021-08-09,Placer,061,380077,27619,26457,2232,28689,305
2021-08-09,Plumas,063,18699,836,803,16,819,5
2021-08-09,Riverside,065,2383286,313034,308678,15479,324157,4562
2021-08-09,Sacramento,067,1510023,124421,120812,2453,123265,1748
2021-08-09,San Benito,069,59416,6435,6359,123,6482,63
2021-08-09,San Bernardino,071,2135413,312264,308038,10084,318122,5295
2021-08-09,San Diego,073,3302833,312033,306855,17855,324710,3811
2021-08-09,San Francisco,075,870044,44481,43261,1926,45187,564
2021-08-09,San Joaquin,077,732212,80701,79198,4306,83504,1469
2021-08-09,San Luis Obispo,079,281455,23206,22695,901,23596,264
2021-08-09,San Mateo,081,765935,47047,46040,782,46822,548
2021-08-09,Santa Barbara,083,443738,37251,36474,1386,37860,470
2021-08-09,Santa Clara,085,1922200,127903,125791,948,126739,2187
2021-08-09,Santa Cruz,087,273765,17401,17082,934,18016,209
2021-08-09,Shasta,089,179085,13816,13397,1915,15312,210
2021-08-09,Sierra,091,2930,81,75,14,89,0
2021-08-09,Siskiyou,093,43540,2188,2047,515,2562,32
2021-08-09,Solano,095,438530,37946,36653,836,37489,262
2021-08-09,Sonoma,097,501317,35080,33933,421,34354,333
2021-08-09,Stanislaus,099,539301,61786,60410,6911,67321,1037
2021-08-09,Sutter,101,95872,10744,10525,118,10643,129
2021-08-09,Tehama,103,63373,5493,5373,680,6053,66
2021-08-09,Trinity,105,12862,470,378,107,485,3
2021-08-09,Tulare,107,460477,51997,51274,10730,62004,854
2021-08-09,Tuolumne,109,53932,4927,4745,42,4787,64
2021-08-09,Ventura,111,848112,86751,85514,3791,89305,1047
2021-08-09,Yolo,113,214977,15926,15521,633,16154,218
2021-08-09,Yuba,115,75493,7143,6994,166,7160,50
2021-08-08,Alameda,001,1643700,101680,99135,2392,101527,1276
2021-08-08,Alpine,003,1148,91,91,0,91,0
2021-08-08,Amador,005,37829,4193,4057,38,4095,48
2021-08-08,Butte,007,227075,14053,13791,2267,16058,205
2021-08-08,Calaveras,009,45235,2494,2462,17,2479,57
2021-08-08,Colusa,011,21464,2124,2070,403,2473,16
2021-08-08,Contra Costa,013,1133247,81746,79454,1665,81119,840
2021-08-08,Del Norte,015,27424,1967,1810,16,1826,8
2021-08-08,El Dorado,017,186661,11987,11631,1010,12641,117
2021-08-08,Fresno,019,978130,108814,107078,9763,116841,1747
2021-08-08,Glenn,021,27897,2561,2527,628,3155,20
2021-08-08,Humboldt,023,135768,5873,5571,101,5672,52
2021-08-08,Imperial,025,180216,29568,29485,2955,32440,745
2021-08-08,Inyo,027,18085,1487,1481,5,1486,39
2021-08-08,Kern,029,883053,102034,100909,13186,114095,1359
2021-08-08,Kings,031,150075,24495,24095,1345,25440,250
2021-08-08,Lake,033,64148,4782,4636,30,4666,66
2021-08-08,Lassen,035,31185,5448,5391,132,5523,21
2021-08-08,Los Angeles,037,10098052,1292958,1279982,49709,1329691,24793
2021-08-08,Madera,039,155013,17728,17398,1131,18529,245
2021-08-08,Marin,041,260295,15465,15124,319,15443,239
2021-08-08,Mariposa,043,17540,565,538,12,550,5
2021-08-08,Mendocino,045,87422,4930,4702,119,4821,49
2021-08-08,Merced,047,269075,32950,32634,1128,33762,477
2021-08-08,Modoc,049,8938,431,419,148,567,5
2021-08-08,Mono,051,14174,1326,1336,14,1350,3
2021-08-08,Monterey,053,433212,44427,44171,2208,46379,527
2021-08-08,Napa,055,140530,10885,10668,61,10729,83
2021-08-08,Nevada,057,99092,6345,6009,223,6232,73
2021-08-08,Orange,059,3164182,274308,270532,12967,283499,5153
2021-08-08,Placer,061,380077,27414,26332,2190,28522,305
2021-08-08,Plumas,063,18699,827,803,16,819,5
2021-08-08,Riverside,065,2383286,311913,308042,15453,323495,4562
2021-08-08,Sacramento,067,1510023,123594,120109,2441,122550,1744
2021-08-08,San Benito,069,59416,6418,6350,122,6472,63
2021-08-08,San Bernardino,071,2135413,311118,307378,10054,317432,5295
2021-08-08,San Diego,073,3302833,310686,305983,17761,323744,3811
2021-08-08,San Francisco,075,870044,44229,43098,1899,44997,564
2021-08-08,San Joaquin,077,732212,80253,79002,4290,83292,1469
2021-08-08,San Luis Obispo,079,281455,23032,22668,893,23561,263
2021-08-08,San Mateo,081,765935,46870,45927,767,46694,548
2021-08-08,Santa Barbara,083,443738,37075,36417,1379,37796,470
2021-08-08,Santa Clara,085,1922200,127453,125553,942,126495,2187
2021-08-08,Santa Cruz,087,273765,17326,17035,929,17964,209
2021-08-08,Shasta,089,179085,13731,13381,1904,15285,210
2021-08-08,Sierra,091,2930,81,74,14,88,0
2021-08-08,Siskiyou,093,43540,2172,2041,510,2551,32
2021-08-08,Solano,095,438530,37715,36551,834,37385,262
2021-08-08,Sonoma,097,501317,34836,33805,420,34225,333
2021-08-08,Stanislaus,099,539301,61445,60269,6864,67133,1037
2021-08-08,Sutter,101,95872,10684,10481,117,10598,129
2021-08-08,Tehama,103,63373,5455,5359,677,6036,66
2021-08-08,Trinity,105,12862,465,378,107,485,3
2021-08-08,Tulare,107,460477,51817,51220,10670,61890,854
2021-08-08,Tuolumne,109,53932,4888,4731,42,4773,64
2021-08-08,Ventura,111,848112,86460,85382,3781,89163,1047
2021-08-08,Yolo,113,214977,15834,15477,626,16103,218
2021-08-08,Yuba,115,75493,7104,6967,166,7133,50
2021-08-07,Alameda,001,1643700,101430,98812,2386,101198,1276
2021-08-07,Alpine,003,1148,91,91,0,91,0
2021-08-07,Amador,005,37829,4176,4041,37,4078,48
2021-08-07,Butte,007,227075,14002,13714,2255,15969,205
2021-08-07,Calaveras,009,45235,2484,2446,17,2463,57
2021-08-07,Colusa,011,21464,2119,2067,394,2461,16
2021-08-07,Contra Costa,013,1133247,81451,79168,1661,80829,840
2021-08-07,Del Norte,015,27424,1935,1791,16,1807,8
2021-08-07,El Dorado,017,186661,11937,11575,1001,12576,117
2021-08-07,Fresno,019,978130,108613,106861,9741,116602,1747
2021-08-07,Glenn,021,27897,2555,2515,626,3141,20
2021-08-07,Humboldt,023,135768,5823,5510,98,5608,52
2021-08-07,Imperial,025,180216,29549,29470,2955,32425,745
2021-08-07,Inyo,027,18085,1485,1476,5,1481,39
2021-08-07,Kern,029,883053,101878,100693,13130,113823,1359
2021-08-07,Kings,031,150075,24437,24048,1339,25387,250
2021-08-07,Lake,033,64148,4761,4613,30,4643,66
2021-08-07,Lassen,035,31185,5444,5386,132,5518,21
2021-08-07,Los Angeles,037,10098052,1290964,1276853,49551,1326404,24786
2021-08-07,Madera,039,155013,17696,17366,1125,18491,245
2021-08-07,Marin,041,260295,15432,15085,317,15402,239
2021-08-07,Mariposa,043,17540,562,530,12,542,5
2021-08-07,Mendocino,045,87422,4894,4690,117,4807,49
2021-08-07,Merced,047,269075,32886,32569,1125,33694,477
2021-08-07,Modoc,049,8938,431,419,148,567,5
2021-08-07,Mono,051,14174,1324,1329,14,1343,3
2021-08-07,Monterey,053,433212,44379,44124,2199,46323,527
2021-08-07,Napa,055,140530,10864,10658,60,10718,83
2021-08-07,Nevada,057,99092,6295,5967,221,6188,73
2021-08-07,Orange,059,3164182,273722,269900,12935,282835,5153
2021-08-07,Placer,061,380077,27227,26244,2182,28426,305
2021-08-07,Plumas,063,18699,822,801,16,817,5
2021-08-07,Riverside,065,2383286,311243,307326,15444,322770,4562
2021-08-07,Sacramento,067,1510023,123093,119636,2436,122072,1744
2021-08-07,San Benito,069,59416,6408,6332,122,6454,63
2021-08-07,San Bernardino,071,2135413,310529,306663,10036,316699,5295
2021-08-07,San Diego,073,3302833,309932,304974,17723,322697,3811
2021-08-07,San Francisco,075,870044,44068,42926,1872,44798,564
2021-08-07,San Joaquin,077,732212,80089,78769,4276,83045,1469
2021-08-07,San Luis Obispo,079,281455,22966,22579,892,23471,263
2021-08-07,San Mateo,081,765935,46754,45804,756,46560,548
2021-08-07,Santa Barbara,083,443738,36979,36303,1373,37676,470
2021-08-07,Santa Clara,085,1922200,127182,125196,937,126133,2188
2021-08-07,Santa Cruz,087,273765,17284,16994,927,17921,209
2021-08-07,Shasta,089,179085,13676,13361,1896,15257,210
2021-08-07,Sierra,091,2930,81,74,14,88,0
2021-08-07,Siskiyou,093,43540,2160,2039,508,2547,32
2021-08-07,Solano,095,438530,37600,36458,826,37284,262
2021-08-07,Sonoma,097,501317,34714,33716,420,34136,333
2021-08-07,Stanislaus,099,539301,61257,60093,6833,66926,1037
2021-08-07,Sutter,101,95872,10647,10447,117,10564,129
2021-08-07,Tehama,103,63373,5445,5343,672,6015,66
2021-08-07,Trinity,105,12862,461,377,106,483,3
2021-08-07,Tulare,107,460477,51731,51133,10632,61765,854
2021-08-07,Tuolumne,109,53932,4858,4721,42,4763,64
2021-08-07,Ventura,111,848112,86280,85232,3765,88997,1047
2021-08-07,Yolo,113,214977,15791,15423,618,16041,218
2021-08-07,Yuba,115,75493,7080,6937,164,7101,50
2021-08-06,Alameda,001,1643700,101099,98487,2379,100866,1275
2021-08-06,Alpine,003,1148,91,91,0,91,0
2021-08-06,Amador,005,37829,4155,4002,37,4039,48
2021-08-06,Butte,007,227075,13954,13626,2243,15869,205
2021-08-06,Calaveras,009,45235,2474,2419,17,2436,57
2021-08-06,Colusa,011,21464,2113,2045,388,2433,16
2021-08-06,Contra Costa,013,1133247,81157,78796,1655,80451,840
2021-08-06,Del Norte,015,27424,1908,1755,16,1771,8
2021-08-06,El Dorado,017,186661,11888,11498,989,12487,117
2021-08-06,Fresno,019,978130,108353,106542,9715,116257,1747
2021-08-06,Glenn,021,27897,2540,2504,624,3128,20
2021-08-06,Humboldt,023,135768,5772,5421,95,5516,52
2021-08-06,Imperial,025,180216,29538,29404,2951,32355,745
2021-08-06,Inyo,027,18085,1482,1471,5,1476,39
2021-08-06,Kern,029,883053,101701,100427,13044,113471,1359
2021-08-06,Kings,031,150075,24380,23974,1335,25309,250
2021-08-06,Lake,033,64148,4738,4557,30,4587,66
2021-08-06,Lassen,035,31185,5424,5368,130,5498,21
2021-08-06,Los Angeles,037,10098052,1288487,1273081,49398,1322479,24772
2021-08-06,Madera,039,155013,17657,17324,1116,18440,245
2021-08-06,Marin,041,260295,15399,15051,317,15368,239
2021-08-06,Mariposa,043,17540,553,511,12,523,5
2021-08-06,Mendocino,045,87422,4852,4649,116,4765,49
2021-08-06,Merced,047,269075,32826,32456,1122,33578,477
2021-08-06,Modoc,049,8938,431,419,148,567,5
2021-08-06,Mono,051,14174,1322,1328,14,1342,3
2021-08-06,Monterey,053,433212,44321,44058,2176,46234,527
2021-08-06,Napa,055,140530,10837,10620,60,10680,83
2021-08-06,Nevada,057,99092,6239,5874,221,6095,73
2021-08-06,Orange,059,3164182,273160,269077,12918,281995,5151
2021-08-06,Placer,061,380077,27104,26086,2160,28246,305
2021-08-06,Plumas,063,18699,813,795,16,811,5
2021-08-06,Riverside,065,2383286,310533,306304,15433,321737,4562
2021-08-06,Sacramento,067,1510023,122606,119169,2416,121585,1740
2021-08-06,San Benito,069,59416,6391,6315,122,6437,63
2021-08-06,San Bernardino,071,2135413,309830,305806,10027,315833,5286
2021-08-06,San Diego,073,3302833,308894,303691,17674,321365,3810
2021-08-06,San Francisco,075,870044,43916,42659,1849,44508,565
2021-08-06,San Joaquin,077,732212,79942,78405,4263,82668,1469
2021-08-06,San Luis Obispo,079,281455,22899,22472,887,23359,263
2021-08-06,San Mateo,081,765935,46613,45665,740,46405,548
2021-08-06,Santa Barbara,083,443738,36890,36208,1368,37576,470
2021-08-06,Santa Clara,085,1922200,126891,124767,932,125699,2185
2021-08-06,Santa Cruz,087,273765,17242,16924,923,17847,207
2021-08-06,Shasta,089,179085,13610,13284,1890,15174,210
2021-08-06,Sierra,091,2930,81,73,14,87,0
2021-08-06,Siskiyou,093,43540,2150,2030,504,2534,32
2021-08-06,Solano,095,438530,37491,36351,817,37168,262
2021-08-06,Sonoma,097,501317,34627,33594,419,34013,333
2021-08-06,Stanislaus,099,539301,61105,59854,6811,66665,1037
2021-08-06,Sutter,101,95872,10604,10391,117,10508,128
2021-08-06,Tehama,103,63373,5421,5325,671,5996,66
2021-08-06,Trinity,105,12862,460,371,105,476,3
2021-08-06,Tulare,107,460477,51632,51018,10584,61602,854
2021-08-06,Tuolumne,109,53932,4831,4674,42,4716,64
2021-08-06,Ventura,111,848112,86109,85046,3753,88799,1047
2021-08-06,Yolo,113,214977,15739,15299,611,15910,218
2021-08-06,Yuba,115,75493,7057,6904,164,7068,50
2021-08-05,Alameda,001,1643700,100608,98052,2374,100426,1275
2021-08-05,Alpine,003,1148,91,91,0,91,0
2021-08-05,Amador,005,37829,4135,3992,37,4029,48
2021-08-05,Butte,007,227075,13898,13564,2221,15785,206
2021-08-05,Calaveras,009,45235,2456,2397,17,2414,57
2021-08-05,Colusa,011,21464,2101,2036,384,2420,16
2021-08-05,Contra Costa,013,1133247,80730,78514,1647,80161,840
2021-08-05,Del Norte,015,27424,1881,1731,16,1747,8
2021-08-05,El Dorado,017,186661,11804,11408,978,12386,117
2021-08-05,Fresno,019,978130,107984,106219,9679,115898,1747
2021-08-05,Glenn,021,27897,2535,2494,621,3115,20
2021-08-05,Humboldt,023,135768,5699,5328,94,5422,52
2021-08-05,Imperial,025,180216,29507,29383,2947,32330,745
2021-08-05,Inyo,027,18085,1478,1468,5,1473,38
2021-08-05,Kern,029,883053,101479,100091,12959,113050,1358
2021-08-05,Kings,031,150075,24296,23906,1330,25236,249
2021-08-05,Lake,033,64148,4699,4490,28,4518,66
2021-08-05,Lassen,035,31185,5416,5344,130,5474,21
2021-08-05,Los Angeles,037,10098052,1285280,1269445,49266,1318711,24756
2021-08-05,Madera,039,155013,17616,17301,1108,18409,245
2021-08-05,Marin,041,260295,15355,15005,313,15318,239
2021-08-05,Mariposa,043,17540,542,504,11,515,5
2021-08-05,Mendocino,045,87422,4809,4597,107,4704,49
2021-08-05,Merced,047,269075,32759,32381,1111,33492,477
2021-08-05,Modoc,049,8938,430,418,148,566,5
2021-08-05,Mono,051,14174,1312,1309,14,1323,3
2021-08-05,Monterey,053,433212,44269,43992,2155,46147,527
2021-08-05,Napa,055,140530,10801,10591,58,10649,83
2021-08-05,Nevada,057,99092,6158,5778,218,5996,73
2021-08-05,Orange,059,3164182,272384,268329,12893,281222,5149
2021-08-05,Placer,061,380077,26907,25965,2131,28096,305
2021-08-05,Plumas,063,18699,807,787,15,802,5
2021-08-05,Riverside,065,2383286,309617,305415,15404,320819,4562
2021-08-05,Sacramento,067,1510023,121900,118590,2403,120993,1739
2021-08-05,San Benito,069,59416,6373,6305,122,6427,63
2021-08-05,San Bernardino,071,2135413,308997,304956,10006,314962,5284
2021-08-05,San Diego,073,3302833,307614,302220,17597,319817,3806
2021-08-05,San Francisco,075,870044,43710,42301,1836,44137,564
2021-08-05,San Joaquin,077,732212,79582,78151,4245,82396,1468
2021-08-05,San Luis Obispo,079,281455,22786,22362,881,23243,263
2021-08-05,San Mateo,081,765935,46451,45554,727,46281,548
2021-08-05,Santa Barbara,083,443738,36785,36112,1365,37477,470
2021-08-05,Santa Clara,085,1922200,126557,124490,931,125421,2185
2021-08-05,Santa Cruz,087,273765,17199,16867,920,17787,207
2021-08-05,Shasta,089,179085,13553,13217,1881,15098,210
2021-08-05,Sierra,091,2930,76,73,14,87,0
2021-08-05,Siskiyou,093,43540,2129,2024,494,2518,32
2021-08-05,Solano,095,438530,37317,36250,810,37060,262
2021-08-05,Sonoma,097,501317,34491,33455,418,33873,330
2021-08-05,Stanislaus,099,539301,60859,59692,6772,66464,1037
2021-08-05,Sutter,101,95872,10549,10349,117,10466,127
2021-08-05,Tehama,103,63373,5403,5305,667,5972,66
2021-08-05,Trinity,105,12862,454,367,105,472,3
2021-08-05,Tulare,107,460477,51516,50889,10525,61414,854
2021-08-05,Tuolumne,109,53932,4801,4619,42,4661,64
2021-08-05,Ventura,111,848112,85859,84837,3739,88576,1047
2021-08-05,Yolo,113,214977,15674,15250,600,15850,218
2021-08-05,Yuba,115,75493,7014,6872,162,7034,50
2021-08-04,Alameda,001,1643700,100103,97477,2363,99840,1274
2021-08-04,Alpine,003,1148,91,91,0,91,0
2021-08-04,Amador,005,37829,4105,3962,36,3998,48
2021-08-04,Butte,007,227075,13833,13509,2203,15712,205
2021-08-04,Calaveras,009,45235,2433,2374,17,2391,57
2021-08-04,Colusa,011,21464,2089,2025,378,2403,16
2021-08-04,Contra Costa,013,1133247,80215,77966,1641,79607,840
2021-08-04,Del Norte,015,27424,1858,1701,16,1717,8
2021-08-04,El Dorado,017,186661,11725,11319,967,12286,117
2021-08-04,Fresno,019,978130,107620,105899,9642,115541,1747
2021-08-04,Glenn,021,27897,2528,2487,621,3108,20
2021-08-04,Humboldt,023,135768,5623,5271,93,5364,52
2021-08-04,Imperial,025,180216,29459,29375,2945,32320,745
2021-08-04,Inyo,027,18085,1477,1465,5,1470,38
2021-08-04,Kern,029,883053,101229,99868,12874,112742,1358
2021-08-04,Kings,031,150075,24226,23840,1322,25162,250
2021-08-04,Lake,033,64148,4668,4423,22,4445,65
2021-08-04,Lassen,035,31185,5408,5340,130,5470,21
2021-08-04,Los Angeles,037,10098052,1281816,1265788,49103,1314891,24737
2021-08-04,Madera,039,155013,17581,17251,1101,18352,245
2021-08-04,Marin,041,260295,15308,14950,312,15262,239
2021-08-04,Mariposa,043,17540,527,497,11,508,5
2021-08-04,Mendocino,045,87422,4785,4560,103,4663,49
2021-08-04,Merced,047,269075,32621,32274,1106,33380,476
2021-08-04,Modoc,049,8938,430,416,148,564,5
2021-08-04,Mono,051,14174,1309,1307,14,1321,3
2021-08-04,Monterey,053,433212,44210,43926,2138,46064,526
2021-08-04,Napa,055,140530,10763,10544,58,10602,82
2021-08-04,Nevada,057,99092,6093,5702,217,5919,73
2021-08-04,Orange,059,3164182,271515,267199,12852,280051,5146
2021-08-04,Placer,061,380077,26690,25688,2111,27799,305
2021-08-04,Plumas,063,18699,800,784,15,799,5
2021-08-04,Riverside,065,2383286,308691,304272,15378,319650,4562
2021-08-04,Sacramento,067,1510023,121145,117882,2374,120256,1736
2021-08-04,San Benito,069,59416,6358,6300,122,6422,63
2021-08-04,San Bernardino,071,2135413,308145,304164,9988,314152,5285
2021-08-04,San Diego,073,3302833,306091,301100,17536,318636,3805
2021-08-04,San Francisco,075,870044,43461,41913,1819,43732,562
2021-08-04,San Joaquin,077,732212,79226,77846,4233,82079,1466
2021-08-04,San Luis Obispo,079,281455,22679,22245,875,23120,262
2021-08-04,San Mateo,081,765935,46287,45392,719,46111,548
2021-08-04,Santa Barbara,083,443738,36658,36013,1356,37369,470
2021-08-04,Santa Clara,085,1922200,126166,124127,924,125051,2183
2021-08-04,Santa Cruz,087,273765,17138,16820,913,17733,208
2021-08-04,Shasta,089,179085,13501,13134,1870,15004,211
2021-08-04,Sierra,091,2930,76,73,14,87,0
2021-08-04,Siskiyou,093,43540,2109,2010,489,2499,32
2021-08-04,Solano,095,438530,37120,36025,801,36826,262
2021-08-04,Sonoma,097,501317,34320,33311,416,33727,330
2021-08-04,Stanislaus,099,539301,60620,59396,6732,66128,1037
2021-08-04,Sutter,101,95872,10512,10294,117,10411,127
2021-08-04,Tehama,103,63373,5377,5281,662,5943,66
2021-08-04,Trinity,105,12862,452,362,102,464,3
2021-08-04,Tulare,107,460477,51407,50797,10480,61277,855
2021-08-04,Tuolumne,109,53932,4776,4584,42,4626,64
2021-08-04,Ventura,111,848112,85603,84406,3716,88122,1047
2021-08-04,Yolo,113,214977,15596,15189,587,15776,215
2021-08-04,Yuba,115,75493,6974,6827,160,6987,50
2021-08-03,Alameda,001,1643700,99644,97275,2358,99633,1270
2021-08-03,Alpine,003,1148,91,91,0,91,0
2021-08-03,Amador,005,37829,4069,3953,36,3989,48
2021-08-03,Butte,007,227075,13768,13468,2188,15656,205
2021-08-03,Calaveras,009,45235,2410,2356,17,2373,57
2021-08-03,Colusa,011,21464,2076,2023,372,2395,16
2021-08-03,Contra Costa,013,1133247,79732,77739,1635,79374,836
2021-08-03,Del Norte,015,27424,1827,1691,15,1706,8
2021-08-03,El Dorado,017,186661,11635,11255,957,12212,117
2021-08-03,Fresno,019,978130,107261,105732,9610,115342,1746
2021-08-03,Glenn,021,27897,2521,2481,619,3100,20
2021-08-03,Humboldt,023,135768,5558,5199,88,5287,52
2021-08-03,Imperial,025,180216,29437,29333,2938,32271,745
2021-08-03,Inyo,027,18085,1474,1459,5,1464,38
2021-08-03,Kern,029,883053,100968,99708,12795,112503,1358
2021-08-03,Kings,031,150075,24139,23780,1315,25095,249
2021-08-03,Lake,033,64148,4612,4408,18,4426,66
2021-08-03,Lassen,035,31185,5398,5341,130,5471,21
2021-08-03,Los Angeles,037,10098052,1278096,1262678,48924,1311602,24721
2021-08-03,Madera,039,155013,17541,17220,1085,18305,245
2021-08-03,Marin,041,260295,15259,14906,309,15215,243
2021-08-03,Mariposa,043,17540,516,495,11,506,5
2021-08-03,Mendocino,045,87422,4736,4546,101,4647,49
2021-08-03,Merced,047,269075,32538,32197,1104,33301,476
2021-08-03,Modoc,049,8938,430,416,148,564,5
2021-08-03,Mono,051,14174,1305,1303,14,1317,3
2021-08-03,Monterey,053,433212,44150,43872,2122,45994,525
2021-08-03,Napa,055,140530,10720,10527,57,10584,82
2021-08-03,Nevada,057,99092,6012,5685,216,5901,73
2021-08-03,Orange,059,3164182,270776,266649,12820,279469,5146
2021-08-03,Placer,061,380077,26488,25624,2086,27710,305
2021-08-03,Plumas,063,18699,794,779,15,794,5
2021-08-03,Riverside,065,2383286,307768,303499,15351,318850,4562
2021-08-03,Sacramento,067,1510023,120403,117591,2352,119943,1732
2021-08-03,San Benito,069,59416,6342,6284,121,6405,63
2021-08-03,San Bernardino,071,2135413,307227,303386,9967,313353,5265
2021-08-03,San Diego,073,3302833,304642,300189,17436,317625,3803
2021-08-03,San Francisco,075,870044,43183,41758,1794,43552,562
2021-08-03,San Joaquin,077,732212,78877,77615,4212,81827,1461
2021-08-03,San Luis Obispo,079,281455,22544,22166,868,23034,264
2021-08-03,San Mateo,081,765935,46107,45255,699,45954,548
2021-08-03,Santa Barbara,083,443738,36539,35912,1350,37262,469
2021-08-03,Santa Clara,085,1922200,125745,123914,918,124832,2183
2021-08-03,Santa Cruz,087,273765,17071,16778,910,17688,207
2021-08-03,Shasta,089,179085,13427,13091,1859,14950,211
2021-08-03,Sierra,091,2930,76,72,14,86,0
2021-08-03,Siskiyou,093,43540,2098,1998,484,2482,32
2021-08-03,Solano,095,438530,36910,35953,789,36742,261
2021-08-03,Sonoma,097,501317,34138,33243,415,33658,330
2021-08-03,Stanislaus,099,539301,60388,59282,6713,65995,1037
2021-08-03,Sutter,101,95872,10472,10263,116,10379,127
2021-08-03,Tehama,103,63373,5352,5269,657,5926,66
2021-08-03,Trinity,105,12862,448,361,99,460,3
2021-08-03,Tulare,107,460477,51312,50729,10433,61162,854
2021-08-03,Tuolumne,109,53932,4741,4563,42,4605,64
2021-08-03,Ventura,111,848112,85362,84270,3693,87963,1046
2021-08-03,Yolo,113,214977,15505,15149,573,15722,215
2021-08-03,Yuba,115,75493,6938,6781,158,6939,50
2021-08-02,Alameda,001,1643700,99085,96954,2353,99307,1270
2021-08-02,Alpine,003,1148,91,91,0,91,0
2021-08-02,Amador,005,37829,4049,3927,36,3963,48
2021-08-02,Butte,007,227075,13692,13442,2169,15611,205
2021-08-02,Calaveras,009,45235,2381,2347,17,2364,57
2021-08-02,Colusa,011,21464,2064,2019,369,2388,16
2021-08-02,Contra Costa,013,1133247,79225,77516,1620,79136,836
2021-08-02,Del Norte,015,27424,1797,1653,15,1668,8
2021-08-02,El Dorado,017,186661,11532,11226,943,12169,116
2021-08-02,Fresno,019,978130,106919,105471,9573,115044,1744
2021-08-02,Glenn,021,27897,2513,2477,617,3094,20
2021-08-02,Humboldt,023,135768,5474,5161,86,5247,52
2021-08-02,Imperial,025,180216,29404,29302,2935,32237,743
2021-08-02,Inyo,027,18085,1468,1455,5,1460,38
2021-08-02,Kern,029,883053,100713,99556,12700,112256,1357
2021-08-02,Kings,031,150075,24070,23722,1308,25030,249
2021-08-02,Lake,033,64148,4570,4375,18,4393,66
2021-08-02,Lassen,035,31185,5375,5338,128,5466,21
2021-08-02,Los Angeles,037,10098052,1274392,1260807,48710,1309517,24705
2021-08-02,Madera,039,155013,17499,17158,1071,18229,245
2021-08-02,Marin,041,260295,15216,14859,307,15166,239
2021-08-02,Mariposa,043,17540,507,490,11,501,5
2021-08-02,Mendocino,045,87422,4696,4512,98,4610,49
2021-08-02,Merced,047,269075,32440,32163,1097,33260,474
2021-08-02,Modoc,049,8938,430,415,148,563,5
2021-08-02,Mono,051,14174,1300,1296,14,1310,3
2021-08-02,Monterey,053,433212,44092,43842,2112,45954,525
2021-08-02,Napa,055,140530,10677,10490,54,10544,82
2021-08-02,Nevada,057,99092,5941,5611,215,5826,73
2021-08-02,Orange,059,3164182,269863,266050,12773,278823,5146
2021-08-02,Placer,061,380077,26341,25516,2051,27567,306
2021-08-02,Plumas,063,18699,787,762,15,777,5
2021-08-02,Riverside,065,2383286,306831,302756,15335,318091,4562
2021-08-02,Sacramento,067,1510023,119707,117183,2331,119514,1728
2021-08-02,San Benito,069,59416,6323,6276,120,6396,63
2021-08-02,San Bernardino,071,2135413,306352,303000,9933,312933,5253
2021-08-02,San Diego,073,3302833,303147,299021,17367,316388,3798
2021-08-02,San Francisco,075,870044,42892,41553,1766,43319,562
2021-08-02,San Joaquin,077,732212,78537,77447,4185,81632,1461
2021-08-02,San Luis Obispo,079,281455,22450,22093,862,22955,261
2021-08-02,San Mateo,081,765935,45942,45154,676,45830,548
2021-08-02,Santa Barbara,083,443738,36401,35851,1344,37195,469
2021-08-02,Santa Clara,085,1922200,125275,123655,910,124565,2183
2021-08-02,Santa Cruz,087,273765,17014,16746,906,17652,207
2021-08-02,Shasta,089,179085,13364,13049,1845,14894,212
2021-08-02,Sierra,091,2930,76,71,14,85,0
2021-08-02,Siskiyou,093,43540,2087,1992,470,2462,31
2021-08-02,Solano,095,438530,36667,35852,780,36632,260
2021-08-02,Sonoma,097,501317,33911,33132,410,33542,330
2021-08-02,Stanislaus,099,539301,60155,59160,6685,65845,1037
2021-08-02,Sutter,101,95872,10426,10220,116,10336,127
2021-08-02,Tehama,103,63373,5328,5260,653,5913,66
2021-08-02,Trinity,105,12862,443,359,98,457,3
2021-08-02,Tulare,107,460477,51211,50640,10359,60999,854
2021-08-02,Tuolumne,109,53932,4675,4524,42,4566,64
2021-08-02,Ventura,111,848112,85177,84143,3670,87813,1044
2021-08-02,Yolo,113,214977,15406,15072,554,15626,215
2021-08-02,Yuba,115,75493,6896,6743,155,6898,50
2021-08-01,Alameda,001,1643700,98549,96775,2348,99123,1270
2021-08-01,Alpine,003,1148,91,91,0,91,0
2021-08-01,Amador,005,37829,4012,3923,35,3958,48
2021-08-01,Butte,007,227075,13611,13406,2152,15558,205
2021-08-01,Calaveras,009,45235,2356,2341,17,2358,57
2021-08-01,Colusa,011,21464,2053,2014,367,2381,16
2021-08-01,Contra Costa,013,1133247,78789,77360,1612,78972,836
2021-08-01,Del Norte,015,27424,1765,1642,15,1657,8
2021-08-01,El Dorado,017,186661,11431,11189,933,12122,116
2021-08-01,Fresno,019,978130,106594,105339,9527,114866,1744
2021-08-01,Glenn,021,27897,2507,2476,615,3091,20
2021-08-01,Humboldt,023,135768,5398,5118,82,5200,52
2021-08-01,Imperial,025,180216,29369,29297,2931,32228,743
2021-08-01,Inyo,027,18085,1466,1454,5,1459,38
2021-08-01,Kern,029,883053,100438,99396,12623,112019,1357
2021-08-01,Kings,031,150075,23982,23700,1302,25002,249
2021-08-01,Lake,033,64148,4491,4356,18,4374,66
2021-08-01,Lassen,035,31185,5362,5336,126,5462,21
2021-08-01,Los Angeles,037,10098052,1270722,1258461,48479,1306940,24700
2021-08-01,Madera,039,155013,17442,17146,1066,18212,245
2021-08-01,Marin,041,260295,15139,14844,306,15150,239
2021-08-01,Mariposa,043,17540,500,482,11,493,5
2021-08-01,Mendocino,045,87422,4650,4476,94,4570,49
2021-08-01,Merced,047,269075,32351,32144,1090,33234,474
2021-08-01,Modoc,049,8938,428,413,148,561,5
2021-08-01,Mono,051,14174,1297,1294,14,1308,3
2021-08-01,Monterey,053,433212,44046,43808,2097,45905,525
2021-08-01,Napa,055,140530,10631,10473,52,10525,82
2021-08-01,Nevada,057,99092,5857,5561,214,5775,73
2021-08-01,Orange,059,3164182,269061,265467,12729,278196,5146
2021-08-01,Placer,061,380077,26126,25464,2021,27485,306
2021-08-01,Plumas,063,18699,781,761,15,776,5
2021-08-01,Riverside,065,2383286,305899,302256,15316,317572,4562
2021-08-01,Sacramento,067,1510023,118973,116923,2315,119238,1727
2021-08-01,San Benito,069,59416,6306,6271,120,6391,63
2021-08-01,San Bernardino,071,2135413,305420,302542,9922,312464,5248
2021-08-01,San Diego,073,3302833,301953,298002,17309,315311,3798
2021-08-01,San Francisco,075,870044,42554,41432,1752,43184,562
2021-08-01,San Joaquin,077,732212,78170,77338,4158,81496,1461
2021-08-01,San Luis Obispo,079,281455,22348,22083,857,22940,261
2021-08-01,San Mateo,081,765935,45770,45036,660,45696,548
2021-08-01,Santa Barbara,083,443738,36281,35809,1340,37149,469
2021-08-01,Santa Clara,085,1922200,124865,123511,901,124412,2183
2021-08-01,Santa Cruz,087,273765,16937,16709,896,17605,207
2021-08-01,Shasta,089,179085,13293,13036,1836,14872,212
2021-08-01,Sierra,091,2930,74,71,14,85,0
2021-08-01,Siskiyou,093,43540,2081,1989,464,2453,31
2021-08-01,Solano,095,438530,36448,35800,773,36573,260
2021-08-01,Sonoma,097,501317,33719,33076,407,33483,330
2021-08-01,Stanislaus,099,539301,59914,59078,6652,65730,1037
2021-08-01,Sutter,101,95872,10371,10198,113,10311,127
2021-08-01,Tehama,103,63373,5312,5252,648,5900,66
2021-08-01,Trinity,105,12862,440,359,97,456,3
2021-08-01,Tulare,107,460477,51055,50600,10295,60895,854
2021-08-01,Tuolumne,109,53932,4637,4489,42,4531,64
2021-08-01,Ventura,111,848112,84947,84040,3655,87695,1044
2021-08-01,Yolo,113,214977,15335,15042,544,15586,215
2021-08-01,Yuba,115,75493,6858,6721,154,6875,50
2021-07-31,Alameda,001,1643700,98229,95279,2342,97621,1265
2021-07-31,Alpine,003,1148,91,89,0,89,0
2021-07-31,Amador,005,37829,3992,3877,35,3912,48
2021-07-31,Butte,007,227075,13579,13235,2131,15366,205
2021-07-31,Calaveras,009,45235,2349,2294,17,2311,57
2021-07-31,Colusa,011,21464,2047,2006,365,2371,16
2021-07-31,Contra Costa,013,1133247,78510,75866,1610,77476,832
2021-07-31,Del Norte,015,27424,1740,1576,15,1591,8
2021-07-31,El Dorado,017,186661,11378,11017,927,11944,116
2021-07-31,Fresno,019,978130,106436,104639,9512,114151,1744
2021-07-31,Glenn,021,27897,2502,2465,610,3075,20
2021-07-31,Humboldt,023,135768,5343,4978,81,5059,52
2021-07-31,Imperial,025,180216,29352,29164,2928,32092,743
2021-07-31,Inyo,027,18085,1463,1442,5,1447,38
2021-07-31,Kern,029,883053,100274,98903,12563,111466,1357
2021-07-31,Kings,031,150075,23930,23548,1297,24845,248
2021-07-31,Lake,033,64148,4467,4238,17,4255,66
2021-07-31,Lassen,035,31185,5356,5320,126,5446,21
2021-07-31,Los Angeles,037,10098052,1268541,1248545,48326,1296871,24691
2021-07-31,Madera,039,155013,17409,17058,1060,18118,245
2021-07-31,Marin,041,260295,15095,14701,305,15006,239
2021-07-31,Mariposa,043,17540,491,470,11,481,5
2021-07-31,Mendocino,045,87422,4625,4400,91,4491,49
2021-07-31,Merced,047,269075,32304,31959,1084,33043,474
2021-07-31,Modoc,049,8938,428,413,148,561,5
2021-07-31,Mono,051,14174,1296,1287,14,1301,3
2021-07-31,Monterey,053,433212,44008,43720,2088,45808,525
2021-07-31,Napa,055,140530,10611,10401,51,10452,82
2021-07-31,Nevada,057,99092,5818,5373,213,5586,72
2021-07-31,Orange,059,3164182,268489,263446,12708,276154,5144
2021-07-31,Placer,061,380077,25993,25104,2014,27118,306
2021-07-31,Plumas,063,18699,778,743,15,758,5
2021-07-31,Riverside,065,2383286,305283,300315,15307,315622,4554
2021-07-31,Sacramento,067,1510023,118561,115259,2309,117568,1720
2021-07-31,San Benito,069,59416,6295,6251,120,6371,63
2021-07-31,San Bernardino,071,2135413,304850,300726,9919,310645,5240
2021-07-31,San Diego,073,3302833,301276,295054,17272,312326,3798
2021-07-31,San Francisco,075,870044,42335,40412,1726,42138,562
2021-07-31,San Joaquin,077,732212,78005,76575,4145,80720,1443
2021-07-31,San Luis Obispo,079,281455,22293,21922,855,22777,260
2021-07-31,San Mateo,081,765935,45620,44622,648,45270,548
2021-07-31,Santa Barbara,083,443738,36201,35531,1338,36869,467
2021-07-31,Santa Clara,085,1922200,124610,122614,899,123513,2099
2021-07-31,Santa Cruz,087,273765,16898,16576,895,17471,207
2021-07-31,Shasta,089,179085,13257,12918,1828,14746,212
2021-07-31,Sierra,091,2930,74,68,14,82,0
2021-07-31,Siskiyou,093,43540,2072,1976,458,2434,31
2021-07-31,Solano,095,438530,36349,35340,767,36107,263
2021-07-31,Sonoma,097,501317,33594,32601,407,33008,329
2021-07-31,Stanislaus,099,539301,59752,58586,6628,65214,1035
2021-07-31,Sutter,101,95872,10336,10068,112,10180,127
2021-07-31,Tehama,103,63373,5297,5216,645,5861,66
2021-07-31,Trinity,105,12862,439,354,96,450,3
2021-07-31,Tulare,107,460477,50971,50409,10237,60646,854
2021-07-31,Tuolumne,109,53932,4598,4362,42,4404,64
2021-07-31,Ventura,111,848112,84786,83509,3638,87147,1044
2021-07-31,Yolo,113,214977,15287,14863,532,15395,215
2021-07-31,Yuba,115,75493,6835,6615,150,6765,50
2021-07-30,Alameda,001,1643700,97897,95279,2338,97617,1265
2021-07-30,Alpine,003,1148,91,89,0,89,0
2021-07-30,Amador,005,37829,3969,3877,35,3912,48
2021-07-30,Butte,007,227075,13524,13235,2118,15353,205
2021-07-30,Calaveras,009,45235,2344,2294,17,2311,57
2021-07-30,Colusa,011,21464,2043,2006,363,2369,16
2021-07-30,Contra Costa,013,1133247,78268,75866,1606,77472,832
2021-07-30,Del Norte,015,27424,1722,1576,15,1591,8
2021-07-30,El Dorado,017,186661,11346,11017,920,11937,116
2021-07-30,Fresno,019,978130,106241,104639,9500,114139,1744
2021-07-30,Glenn,021,27897,2497,2465,609,3074,20
2021-07-30,Humboldt,023,135768,5279,4978,78,5056,52
2021-07-30,Imperial,025,180216,29338,29164,2925,32089,743
2021-07-30,Inyo,027,18085,1462,1442,5,1447,38
2021-07-30,Kern,029,883053,100151,98903,12514,111417,1357
2021-07-30,Kings,031,150075,23889,23548,1293,24841,248
2021-07-30,Lake,033,64148,4439,4238,17,4255,66
2021-07-30,Lassen,035,31185,5352,5320,126,5446,21
2021-07-30,Los Angeles,037,10098052,1266228,1248545,48170,1296715,24691
2021-07-30,Madera,039,155013,17367,17058,1057,18115,245
2021-07-30,Marin,041,260295,15061,14701,305,15006,239
2021-07-30,Mariposa,043,17540,488,470,11,481,5
2021-07-30,Mendocino,045,87422,4595,4400,90,4490,49
2021-07-30,Merced,047,269075,32263,31959,1079,33038,474
2021-07-30,Modoc,049,8938,426,413,148,561,5
2021-07-30,Mono,051,14174,1290,1287,14,1301,3
2021-07-30,Monterey,053,433212,43975,43720,2078,45798,525
2021-07-30,Napa,055,140530,10589,10401,50,10451,82
2021-07-30,Nevada,057,99092,5761,5373,213,5586,72
2021-07-30,Orange,059,3164182,267864,263446,12680,276126,5144
2021-07-30,Placer,061,380077,25904,25104,1996,27100,306
2021-07-30,Plumas,063,18699,773,743,15,758,5
2021-07-30,Riverside,065,2383286,304646,300315,15296,315611,4554
2021-07-30,Sacramento,067,1510023,118110,115259,2305,117564,1720
2021-07-30,San Benito,069,59416,6288,6251,120,6371,63
2021-07-30,San Bernardino,071,2135413,304339,300726,9913,310639,5240
2021-07-30,San Diego,073,3302833,300503,295054,17214,312268,3798
2021-07-30,San Francisco,075,870044,42122,40412,1710,42122,562
2021-07-30,San Joaquin,077,732212,77852,76575,4139,80714,1443
2021-07-30,San Luis Obispo,079,281455,22256,21922,851,22773,260
2021-07-30,San Mateo,081,765935,45499,44622,632,45254,548
2021-07-30,Santa Barbara,083,443738,36133,35531,1332,36863,467
2021-07-30,Santa Clara,085,1922200,124386,122614,897,123511,2099
2021-07-30,Santa Cruz,087,273765,16872,16576,893,17469,207
2021-07-30,Shasta,089,179085,13210,12918,1828,14746,212
2021-07-30,Sierra,091,2930,73,68,14,82,0
2021-07-30,Siskiyou,093,43540,2063,1976,457,2433,31
2021-07-30,Solano,095,438530,36259,35340,751,36091,263
2021-07-30,Sonoma,097,501317,33500,32601,407,33008,329
2021-07-30,Stanislaus,099,539301,59607,58586,6608,65194,1035
2021-07-30,Sutter,101,95872,10300,10068,112,10180,127
2021-07-30,Tehama,103,63373,5286,5216,645,5861,66
2021-07-30,Trinity,105,12862,439,354,96,450,3
2021-07-30,Tulare,107,460477,50928,50409,10200,60609,854
2021-07-30,Tuolumne,109,53932,4580,4362,42,4404,64
2021-07-30,Ventura,111,848112,84623,83509,3621,87130,1044
2021-07-30,Yolo,113,214977,15226,14863,528,15391,215
2021-07-30,Yuba,115,75493,6799,6615,149,6764,50
2021-07-29,Alameda,001,1643700,97471,95279,2333,97612,1265
2021-07-29,Alpine,003,1148,91,89,0,89,0
2021-07-29,Amador,005,37829,3950,3877,35,3912,48
2021-07-29,Butte,007,227075,13476,13235,2110,15345,205
2021-07-29,Calaveras,009,45235,2324,2294,17,2311,57
2021-07-29,Colusa,011,21464,2036,2006,363,2369,16
2021-07-29,Contra Costa,013,1133247,77830,75866,1602,77468,832
2021-07-29,Del Norte,015,27424,1698,1576,15,1591,8
2021-07-29,El Dorado,017,186661,11282,11017,908,11925,116
2021-07-29,Fresno,019,978130,105979,104639,9473,114112,1744
2021-07-29,Glenn,021,27897,2487,2465,608,3073,20
2021-07-29,Humboldt,023,135768,5218,4978,76,5054,52
2021-07-29,Imperial,025,180216,29292,29164,2923,32087,743
2021-07-29,Inyo,027,18085,1458,1442,5,1447,38
2021-07-29,Kern,029,883053,99944,98903,12436,111339,1357
2021-07-29,Kings,031,150075,23845,23548,1288,24836,248
2021-07-29,Lake,033,64148,4404,4238,17,4255,66
2021-07-29,Lassen,035,31185,5344,5320,123,5443,21
2021-07-29,Los Angeles,037,10098052,1263153,1248545,47981,1296526,24691
2021-07-29,Madera,039,155013,17322,17058,1052,18110,245
2021-07-29,Marin,041,260295,15018,14701,305,15006,239
2021-07-29,Mariposa,043,17540,484,470,11,481,5
2021-07-29,Mendocino,045,87422,4572,4400,88,4488,49
2021-07-29,Merced,047,269075,32208,31959,1079,33038,474
2021-07-29,Modoc,049,8938,426,413,148,561,5
2021-07-29,Mono,051,14174,1289,1287,14,1301,3
2021-07-29,Monterey,053,433212,43926,43720,2067,45787,525
2021-07-29,Napa,055,140530,10557,10401,48,10449,82
2021-07-29,Nevada,057,99092,5709,5373,212,5585,72
2021-07-29,Orange,059,3164182,267157,263446,12647,276093,5144
2021-07-29,Placer,061,380077,25782,25104,1980,27084,306
2021-07-29,Plumas,063,18699,765,743,15,758,5
2021-07-29,Riverside,065,2383286,303941,300315,15272,315587,4554
2021-07-29,Sacramento,067,1510023,117555,115259,2291,117550,1720
2021-07-29,San Benito,069,59416,6277,6251,120,6371,63
2021-07-29,San Bernardino,071,2135413,303703,300726,9903,310629,5240
2021-07-29,San Diego,073,3302833,299441,295054,17154,312208,3798
2021-07-29,San Francisco,075,870044,41878,40412,1686,42098,562
2021-07-29,San Joaquin,077,732212,77597,76575,4131,80706,1443
2021-07-29,San Luis Obispo,079,281455,22203,21922,849,22771,260
2021-07-29,San Mateo,081,765935,45372,44622,622,45244,548
2021-07-29,Santa Barbara,083,443738,36049,35531,1330,36861,467
2021-07-29,Santa Clara,085,1922200,124088,122614,894,123508,2099
2021-07-29,Santa Cruz,087,273765,16819,16576,891,17467,207
2021-07-29,Shasta,089,179085,13156,12918,1819,14737,212
2021-07-29,Sierra,091,2930,73,68,14,82,0
2021-07-29,Siskiyou,093,43540,2058,1976,455,2431,31
2021-07-29,Solano,095,438530,36104,35340,741,36081,263
2021-07-29,Sonoma,097,501317,33325,32601,405,33006,329
2021-07-29,Stanislaus,099,539301,59434,58586,6590,65176,1035
2021-07-29,Sutter,101,95872,10254,10068,111,10179,127
2021-07-29,Tehama,103,63373,5274,5216,639,5855,66
2021-07-29,Trinity,105,12862,437,354,95,449,3
2021-07-29,Tulare,107,460477,50840,50409,10158,60567,854
2021-07-29,Tuolumne,109,53932,4542,4362,41,4403,64
2021-07-29,Ventura,111,848112,84456,83509,3614,87123,1044
2021-07-29,Yolo,113,214977,15158,14863,515,15378,215
2021-07-29,Yuba,115,75493,6751,6615,146,6761,50
2021-07-28,Alameda,001,1643700,97010,94965,2326,97291,1262
2021-07-28,Alpine,003,1148,91,89,0,89,0
2021-07-28,Amador,005,37829,3936,3870,35,3905,48
2021-07-28,Butte,007,227075,13420,13184,2097,15281,205
2021-07-28,Calaveras,009,45235,2310,2289,17,2306,57
2021-07-28,Colusa,011,21464,2032,2001,362,2363,16
2021-07-28,Contra Costa,013,1133247,77347,75487,1594,77081,832
2021-07-28,Del Norte,015,27424,1665,1545,15,1560,8
2021-07-28,El Dorado,017,186661,11233,10967,898,11865,116
2021-07-28,Fresno,019,978130,105733,104458,9453,113911,1744
2021-07-28,Glenn,021,27897,2483,2464,605,3069,20
2021-07-28,Humboldt,023,135768,5167,4946,75,5021,52
2021-07-28,Imperial,025,180216,29245,29096,2923,32019,743
2021-07-28,Inyo,027,18085,1452,1439,4,1443,38
2021-07-28,Kern,029,883053,99789,98781,12388,111169,1352
2021-07-28,Kings,031,150075,23781,23503,1278,24781,248
2021-07-28,Lake,033,64148,4358,4191,15,4206,65
2021-07-28,Lassen,035,31185,5336,5318,123,5441,21
2021-07-28,Los Angeles,037,10098052,1260000,1245485,47808,1293293,24673
2021-07-28,Madera,039,155013,17281,17024,1046,18070,245
2021-07-28,Marin,041,260295,14963,14652,305,14957,239
2021-07-28,Mariposa,043,17540,477,469,11,480,5
2021-07-28,Mendocino,045,87422,4544,4377,88,4465,49
2021-07-28,Merced,047,269075,32144,31886,1075,32961,474
2021-07-28,Modoc,049,8938,424,413,148,561,5
2021-07-28,Mono,051,14174,1288,1286,14,1300,3
2021-07-28,Monterey,053,433212,43879,43668,2057,45725,524
2021-07-28,Napa,055,140530,10517,10376,46,10422,82
2021-07-28,Nevada,057,99092,5654,5320,212,5532,72
2021-07-28,Orange,059,3164182,266369,262735,12615,275350,5143
2021-07-28,Placer,061,380077,25634,24978,1964,26942,306
2021-07-28,Plumas,063,18699,760,754,15,769,5
2021-07-28,Riverside,065,2383286,303172,299611,15252,314863,4554
2021-07-28,Sacramento,067,1510023,116904,114665,2270,116935,1714
2021-07-28,San Benito,069,59416,6266,6236,120,6356,63
2021-07-28,San Bernardino,071,2135413,303078,300121,9890,310011,5236
2021-07-28,San Diego,073,3302833,298157,294176,17089,311265,3798
2021-07-28,San Francisco,075,870044,41545,40144,1659,41803,561
2021-07-28,San Joaquin,077,732212,77349,76312,4100,80412,1443
2021-07-28,San Luis Obispo,079,281455,22144,21865,848,22713,260
2021-07-28,San Mateo,081,765935,45223,44477,612,45089,547
2021-07-28,Santa Barbara,083,443738,35973,35431,1325,36756,467
2021-07-28,Santa Clara,085,1922200,123827,122345,892,123237,2099
2021-07-28,Santa Cruz,087,273765,16781,16551,890,17441,207
2021-07-28,Shasta,089,179085,13112,12882,1808,14690,212
2021-07-28,Sierra,091,2930,69,67,14,81,0
2021-07-28,Siskiyou,093,43540,2049,1971,452,2423,31
2021-07-28,Solano,095,438530,35935,35204,733,35937,262
2021-07-28,Sonoma,097,501317,33182,32434,402,32836,328
2021-07-28,Stanislaus,099,539301,59236,58427,6573,65000,1035
2021-07-28,Sutter,101,95872,10222,10033,110,10143,126
2021-07-28,Tehama,103,63373,5262,5209,636,5845,66
2021-07-28,Trinity,105,12862,436,352,95,447,3
2021-07-28,Tulare,107,460477,50752,50363,10109,60472,854
2021-07-28,Tuolumne,109,53932,4503,4313,41,4354,64
2021-07-28,Ventura,111,848112,84261,83360,3598,86958,1043
2021-07-28,Yolo,113,214977,15087,14801,508,15309,215
2021-07-28,Yuba,115,75493,6718,6591,145,6736,51
2021-07-27,Alameda,001,1643700,96604,94682,2317,96999,1256
2021-07-27,Alpine,003,1148,91,89,0,89,0
2021-07-27,Amador,005,37829,3920,3861,35,3896,48
2021-07-27,Butte,007,227075,13371,13127,2086,15213,205
2021-07-27,Calaveras,009,45235,2298,2280,17,2297,57
2021-07-27,Colusa,011,21464,2024,1999,361,2360,16
2021-07-27,Contra Costa,013,1133247,76858,75227,1590,76817,830
2021-07-27,Del Norte,015,27424,1645,1538,15,1553,8
2021-07-27,El Dorado,017,186661,11173,10941,888,11829,116
2021-07-27,Fresno,019,978130,105442,104288,9428,113716,1746
2021-07-27,Glenn,021,27897,2475,2460,603,3063,20
2021-07-27,Humboldt,023,135768,5113,4925,74,4999,52
2021-07-27,Imperial,025,180216,29200,29048,2922,31970,743
2021-07-27,Inyo,027,18085,1450,1430,4,1434,38
2021-07-27,Kern,029,883053,99620,98724,12331,111055,1352
2021-07-27,Kings,031,150075,23725,23463,1267,24730,248
2021-07-27,Lake,033,64148,4319,4157,15,4172,65
2021-07-27,Lassen,035,31185,5330,5315,123,5438,21
2021-07-27,Los Angeles,037,10098052,1256573,1243336,47631,1290967,24658
2021-07-27,Madera,039,155013,17229,16998,1041,18039,245
2021-07-27,Marin,041,260295,14915,14631,302,14933,239
2021-07-27,Mariposa,043,17540,474,468,11,479,5
2021-07-27,Mendocino,045,87422,4520,4371,88,4459,49
2021-07-27,Merced,047,269075,32078,31825,1071,32896,473
2021-07-27,Modoc,049,8938,423,413,148,561,5
2021-07-27,Mono,051,14174,1284,1288,14,1302,3
2021-07-27,Monterey,053,433212,43839,43646,2046,45692,523
2021-07-27,Napa,055,140530,10487,10354,46,10400,82
2021-07-27,Nevada,057,99092,5577,5305,210,5515,72
2021-07-27,Orange,059,3164182,265630,262193,12589,274782,5143
2021-07-27,Placer,061,380077,25475,24916,1938,26854,306
2021-07-27,Plumas,063,18699,757,752,15,767,5
2021-07-27,Riverside,065,2383286,302440,299160,15233,314393,4554
2021-07-27,Sacramento,067,1510023,116301,114413,2260,116673,1710
2021-07-27,San Benito,069,59416,6257,6229,120,6349,63
2021-07-27,San Bernardino,071,2135413,302372,299593,9868,309461,5236
2021-07-27,San Diego,073,3302833,297066,293408,17016,310424,3798
2021-07-27,San Francisco,075,870044,41187,39939,1639,41578,561
2021-07-27,San Joaquin,077,732212,77089,76166,4079,80245,1442
2021-07-27,San Luis Obispo,079,281455,22089,21803,839,22642,260
2021-07-27,San Mateo,081,765935,45071,44378,607,44985,547
2021-07-27,Santa Barbara,083,443738,35875,35355,1323,36678,467
2021-07-27,Santa Clara,085,1922200,123534,122154,890,123044,2099
2021-07-27,Santa Cruz,087,273765,16735,16523,889,17412,207
2021-07-27,Shasta,089,179085,13061,12846,1795,14641,212
2021-07-27,Sierra,091,2930,69,65,14,79,0
2021-07-27,Siskiyou,093,43540,2044,1964,449,2413,31
2021-07-27,Solano,095,438530,35809,35093,723,35816,261
2021-07-27,Sonoma,097,501317,33036,32367,400,32767,328
2021-07-27,Stanislaus,099,539301,59065,58333,6547,64880,1033
2021-07-27,Sutter,101,95872,10181,9998,110,10108,115
2021-07-27,Tehama,103,63373,5241,5192,634,5826,66
2021-07-27,Trinity,105,12862,435,351,95,446,3
2021-07-27,Tulare,107,460477,50686,50324,10077,60401,854
2021-07-27,Tuolumne,109,53932,4451,4282,41,4323,64
2021-07-27,Ventura,111,848112,84054,83189,3585,86774,1043
2021-07-27,Yolo,113,214977,15013,14759,502,15261,215
2021-07-27,Yuba,115,75493,6696,6564,143,6707,51
2021-07-26,Alameda,001,1643700,96152,94436,2309,96745,1259
2021-07-26,Alpine,003,1148,91,89,0,89,0
2021-07-26,Amador,005,37829,3910,3854,35,3889,48
2021-07-26,Butte,007,227075,13318,13082,2073,15155,203
2021-07-26,Calaveras,009,45235,2293,2276,17,2293,57
2021-07-26,Colusa,011,21464,2017,1996,359,2355,16
2021-07-26,Contra Costa,013,1133247,76358,74854,1583,76437,830
2021-07-26,Del Norte,015,27424,1624,1530,15,1545,8
2021-07-26,El Dorado,017,186661,11109,10899,885,11784,116
2021-07-26,Fresno,019,978130,105240,104143,9405,113548,1742
2021-07-26,Glenn,021,27897,2473,2461,602,3063,20
2021-07-26,Humboldt,023,135768,5074,4906,72,4978,52
2021-07-26,Imperial,025,180216,29160,29034,2922,31956,743
2021-07-26,Inyo,027,18085,1445,1429,4,1433,38
2021-07-26,Kern,029,883053,99454,98633,12266,110899,1351
2021-07-26,Kings,031,150075,23677,23426,1263,24689,247
2021-07-26,Lake,033,64148,4298,4133,15,4148,65
2021-07-26,Lassen,035,31185,5326,5314,123,5437,21
2021-07-26,Los Angeles,037,10098052,1253264,1241527,47458,1288985,24647
2021-07-26,Madera,039,155013,17202,16971,1032,18003,245
2021-07-26,Marin,041,260295,14858,14579,301,14880,239
2021-07-26,Mariposa,043,17540,473,467,11,478,5
2021-07-26,Mendocino,045,87422,4500,4354,88,4442,49
2021-07-26,Merced,047,269075,31994,31774,1067,32841,473
2021-07-26,Modoc,049,8938,423,413,148,561,5
2021-07-26,Mono,051,14174,1282,1286,14,1300,3
2021-07-26,Monterey,053,433212,43797,43595,2032,45627,521
2021-07-26,Napa,055,140530,10464,10332,46,10378,82
2021-07-26,Nevada,057,99092,5490,5280,210,5490,72
2021-07-26,Orange,059,3164182,264996,261803,12568,274371,5142
2021-07-26,Placer,061,380077,25340,24842,1917,26759,304
2021-07-26,Plumas,063,18699,753,750,15,765,5
2021-07-26,Riverside,065,2383286,301748,298626,15217,313843,4553
2021-07-26,Sacramento,067,1510023,115701,113986,2243,116229,1705
2021-07-26,San Benito,069,59416,6251,6222,120,6342,63
2021-07-26,San Bernardino,071,2135413,301760,299238,9854,309092,5237
2021-07-26,San Diego,073,3302833,295953,292688,16942,309630,3793
2021-07-26,San Francisco,075,870044,40834,39800,1609,41409,561
2021-07-26,San Joaquin,077,732212,76854,76033,4075,80108,1440
2021-07-26,San Luis Obispo,079,281455,22040,21752,836,22588,260
2021-07-26,San Mateo,081,765935,44924,44297,596,44893,547
2021-07-26,Santa Barbara,083,443738,35804,35311,1311,36622,467
2021-07-26,Santa Clara,085,1922200,123224,121978,881,122859,2099
2021-07-26,Santa Cruz,087,273765,16696,16493,886,17379,207
2021-07-26,Shasta,089,179085,13012,12819,1782,14601,211
2021-07-26,Sierra,091,2930,68,65,14,79,0
2021-07-26,Siskiyou,093,43540,2041,1962,447,2409,31
2021-07-26,Solano,095,438530,35660,34990,715,35705,259
2021-07-26,Sonoma,097,501317,32901,32283,398,32681,328
2021-07-26,Stanislaus,099,539301,58919,58219,6527,64746,1033
2021-07-26,Sutter,101,95872,10141,9963,107,10070,115
2021-07-26,Tehama,103,63373,5231,5183,630,5813,66
2021-07-26,Trinity,105,12862,435,351,94,445,3
2021-07-26,Tulare,107,460477,50623,50265,10043,60308,854
2021-07-26,Tuolumne,109,53932,4421,4271,41,4312,64
2021-07-26,Ventura,111,848112,83882,83072,3569,86641,1041
2021-07-26,Yolo,113,214977,14953,14727,489,15216,215
2021-07-26,Yuba,115,75493,6662,6538,141,6679,51
2021-07-25,Alameda,001,1643700,95665,94146,2303,96449,1259
2021-07-25,Alpine,003,1148,89,89,0,89,0
2021-07-25,Amador,005,37829,3895,3848,35,3883,48
2021-07-25,Butte,007,227075,13279,13074,2063,15137,203
2021-07-25,Calaveras,009,45235,2282,2275,17,2292,57
2021-07-25,Colusa,011,21464,2008,1996,355,2351,16
2021-07-25,Contra Costa,013,1133247,75873,74634,1569,76203,830
2021-07-25,Del Norte,015,27424,1603,1526,15,1541,8
2021-07-25,El Dorado,017,186661,11051,10878,882,11760,116
2021-07-25,Fresno,019,978130,104999,104019,9389,113408,1742
2021-07-25,Glenn,021,27897,2464,2461,600,3061,20
2021-07-25,Humboldt,023,135768,5015,4892,70,4962,52
2021-07-25,Imperial,025,180216,29124,29037,2922,31959,743
2021-07-25,Inyo,027,18085,1440,1427,4,1431,38
2021-07-25,Kern,029,883053,99282,98503,12195,110698,1351
2021-07-25,Kings,031,150075,23624,23396,1259,24655,247
2021-07-25,Lake,033,64148,4245,4109,14,4123,65
2021-07-25,Lassen,035,31185,5322,5314,123,5437,21
2021-07-25,Los Angeles,037,10098052,1249875,1239596,47279,1286875,24643
2021-07-25,Madera,039,155013,17165,16947,1025,17972,245
2021-07-25,Marin,041,260295,14808,14558,298,14856,239
2021-07-25,Mariposa,043,17540,470,465,11,476,5
2021-07-25,Mendocino,045,87422,4470,4335,86,4421,49
2021-07-25,Merced,047,269075,31922,31760,1065,32825,473
2021-07-25,Modoc,049,8938,423,413,148,561,5
2021-07-25,Mono,051,14174,1280,1286,14,1300,3
2021-07-25,Monterey,053,433212,43758,43590,2024,45614,521
2021-07-25,Napa,055,140530,10427,10316,45,10361,82
2021-07-25,Nevada,057,99092,5425,5256,207,5463,72
2021-07-25,Orange,059,3164182,264290,261351,12543,273894,5142
2021-07-25,Placer,061,380077,25219,24755,1896,26651,304
2021-07-25,Plumas,063,18699,751,750,15,765,5
2021-07-25,Riverside,065,2383286,300981,298181,15201,313382,4553
2021-07-25,Sacramento,067,1510023,115154,113611,2226,115837,1704
2021-07-25,San Benito,069,59416,6244,6217,120,6337,63
2021-07-25,San Bernardino,071,2135413,301108,298982,9848,308830,5237
2021-07-25,San Diego,073,3302833,294880,290626,16873,307499,3793
2021-07-25,San Francisco,075,870044,40498,39663,1582,41245,561
2021-07-25,San Joaquin,077,732212,76600,75926,4055,79981,1440
2021-07-25,San Luis Obispo,079,281455,21968,21741,833,22574,260
2021-07-25,San Mateo,081,765935,44761,44189,590,44779,547
2021-07-25,Santa Barbara,083,443738,35727,35261,1308,36569,467
2021-07-25,Santa Clara,085,1922200,122894,121800,875,122675,2099
2021-07-25,Santa Cruz,087,273765,16649,16474,885,17359,207
2021-07-25,Shasta,089,179085,12965,12815,1777,14592,211
2021-07-25,Sierra,091,2930,68,65,14,79,0
2021-07-25,Siskiyou,093,43540,2033,1963,444,2407,31
2021-07-25,Solano,095,438530,35474,34863,712,35575,259
2021-07-25,Sonoma,097,501317,32776,32202,395,32597,328
2021-07-25,Stanislaus,099,539301,58752,58154,6522,64676,1033
2021-07-25,Sutter,101,95872,10087,9937,105,10042,115
2021-07-25,Tehama,103,63373,5215,5181,629,5810,66
2021-07-25,Trinity,105,12862,433,351,92,443,3
2021-07-25,Tulare,107,460477,50547,50221,10004,60225,854
2021-07-25,Tuolumne,109,53932,4369,4267,41,4308,64
2021-07-25,Ventura,111,848112,83668,82986,3547,86533,1041
2021-07-25,Yolo,113,214977,14893,14693,474,15167,215
2021-07-25,Yuba,115,75493,6629,6519,141,6660,51
2021-07-24,Alameda,001,1643700,95389,93170,2297,95467,1259
2021-07-24,Alpine,003,1148,89,89,0,89,0
2021-07-24,Amador,005,37829,3886,3816,35,3851,48
2021-07-24,Butte,007,227075,13250,12982,2061,15043,203
2021-07-24,Calaveras,009,45235,2278,2267,17,2284,57
2021-07-24,Colusa,011,21464,2007,1992,353,2345,16
2021-07-24,Contra Costa,013,1133247,75648,73682,1566,75248,830
2021-07-24,Del Norte,015,27424,1592,1497,15,1512,8
2021-07-24,El Dorado,017,186661,11017,10773,879,11652,116
2021-07-24,Fresno,019,978130,104881,103637,9380,113017,1736
2021-07-24,Glenn,021,27897,2463,2457,600,3057,20
2021-07-24,Humboldt,023,135768,4981,4780,69,4849,52
2021-07-24,Imperial,025,180216,29104,28996,2922,31918,742
2021-07-24,Inyo,027,18085,1437,1424,4,1428,38
2021-07-24,Kern,029,883053,99203,98261,12173,110434,1350
2021-07-24,Kings,031,150075,23593,23304,1256,24560,246
2021-07-24,Lake,033,64148,4222,3963,14,3977,64
2021-07-24,Lassen,035,31185,5321,5311,123,5434,21
2021-07-24,Los Angeles,037,10098052,1248115,1232164,47157,1279321,24623
2021-07-24,Madera,039,155013,17141,16885,1023,17908,245
2021-07-24,Marin,041,260295,14770,14454,298,14752,238
2021-07-24,Mariposa,043,17540,470,453,11,464,5
2021-07-24,Mendocino,045,87422,4445,4293,86,4379,49
2021-07-24,Merced,047,269075,31900,31661,1064,32725,473
2021-07-24,Modoc,049,8938,423,413,148,561,5
2021-07-24,Mono,051,14174,1278,1284,14,1298,3
2021-07-24,Monterey,053,433212,43733,43525,2017,45542,521
2021-07-24,Napa,055,140530,10411,10230,45,10275,81
2021-07-24,Nevada,057,99092,5392,5183,207,5390,72
2021-07-24,Orange,059,3164182,263825,259973,12530,272503,5141
2021-07-24,Placer,061,380077,25136,24530,1891,26421,303
2021-07-24,Plumas,063,18699,750,737,15,752,4
2021-07-24,Riverside,065,2383286,300513,296912,15191,312103,4552
2021-07-24,Sacramento,067,1510023,114837,112438,2221,114659,1698
2021-07-24,San Benito,069,59416,6240,6200,119,6319,63
2021-07-24,San Bernardino,071,2135413,300717,297899,9839,307738,5236
2021-07-24,San Diego,073,3302833,294413,289368,16846,306214,3788
2021-07-24,San Francisco,075,870044,40334,38954,1565,40519,561
2021-07-24,San Joaquin,077,732212,76473,75461,4044,79505,1436
2021-07-24,San Luis Obispo,079,281455,21937,21616,831,22447,260
2021-07-24,San Mateo,081,765935,44643,43880,584,44464,542
2021-07-24,Santa Barbara,083,443738,35669,35071,1303,36374,465
2021-07-24,Santa Clara,085,1922200,122682,121092,874,121966,2099
2021-07-24,Santa Cruz,087,273765,16627,16416,885,17301,207
2021-07-24,Shasta,089,179085,12937,12759,1774,14533,211
2021-07-24,Sierra,091,2930,67,64,14,78,0
2021-07-24,Siskiyou,093,43540,2033,1951,444,2395,31
2021-07-24,Solano,095,438530,35382,34499,703,35202,259
2021-07-24,Sonoma,097,501317,32652,31928,393,32321,327
2021-07-24,Stanislaus,099,539301,58661,57879,6510,64389,1030
2021-07-24,Sutter,101,95872,10060,9890,105,9995,115
2021-07-24,Tehama,103,63373,5208,5166,627,5793,65
2021-07-24,Trinity,105,12862,433,345,92,437,3
2021-07-24,Tulare,107,460477,50504,50104,9986,60090,854
2021-07-24,Tuolumne,109,53932,4343,4216,41,4257,64
2021-07-24,Ventura,111,848112,83541,82687,3530,86217,1041
2021-07-24,Yolo,113,214977,14856,14557,471,15028,214
2021-07-24,Yuba,115,75493,6610,6449,141,6590,51
2021-07-23,Alameda,001,1643700,95135,93170,2291,95461,1259
2021-07-23,Alpine,003,1148,89,89,0,89,0
2021-07-23,Amador,005,37829,3879,3816,35,3851,48
2021-07-23,Butte,007,227075,13221,12982,2053,15035,203
2021-07-23,Calaveras,009,45235,2276,2267,17,2284,57
2021-07-23,Colusa,011,21464,2006,1992,353,2345,16
2021-07-23,Contra Costa,013,1133247,75391,73682,1556,75238,830
2021-07-23,Del Norte,015,27424,1584,1497,15,1512,8
2021-07-23,El Dorado,017,186661,10988,10773,875,11648,116
2021-07-23,Fresno,019,978130,104751,103637,9370,113007,1736
2021-07-23,Glenn,021,27897,2461,2457,597,3054,20
2021-07-23,Humboldt,023,135768,4960,4780,67,4847,52
2021-07-23,Imperial,025,180216,29092,28996,2922,31918,742
2021-07-23,Inyo,027,18085,1434,1424,4,1428,38
2021-07-23,Kern,029,883053,99120,98261,12147,110408,1350
2021-07-23,Kings,031,150075,23562,23304,1253,24557,246
2021-07-23,Lake,033,64148,4192,3963,14,3977,64
2021-07-23,Lassen,035,31185,5319,5311,123,5434,21
2021-07-23,Los Angeles,037,10098052,1246193,1232164,47069,1279233,24623
2021-07-23,Madera,039,155013,17111,16885,1018,17903,245
2021-07-23,Marin,041,260295,14733,14454,296,14750,238
2021-07-23,Mariposa,043,17540,467,453,11,464,5
2021-07-23,Mendocino,045,87422,4432,4293,86,4379,49
2021-07-23,Merced,047,269075,31874,31661,1064,32725,473
2021-07-23,Modoc,049,8938,423,413,148,561,5
2021-07-23,Mono,051,14174,1277,1284,14,1298,3
2021-07-23,Monterey,053,433212,43708,43525,2017,45542,521
2021-07-23,Napa,055,140530,10390,10230,45,10275,81
2021-07-23,Nevada,057,99092,5347,5183,207,5390,72
2021-07-23,Orange,059,3164182,263373,259973,12508,272481,5141
2021-07-23,Placer,061,380077,25057,24530,1874,26404,303
2021-07-23,Plumas,063,18699,748,737,15,752,4
2021-07-23,Riverside,065,2383286,300046,296912,15179,312091,4552
2021-07-23,Sacramento,067,1510023,114482,112438,2219,114657,1698
2021-07-23,San Benito,069,59416,6234,6200,119,6319,63
2021-07-23,San Bernardino,071,2135413,300340,297899,9830,307729,5236
2021-07-23,San Diego,073,3302833,293812,289368,16798,306166,3788
2021-07-23,San Francisco,075,870044,40152,38954,1550,40504,561
2021-07-23,San Joaquin,077,732212,76373,75461,4029,79490,1436
2021-07-23,San Luis Obispo,079,281455,21900,21616,830,22446,260
2021-07-23,San Mateo,081,765935,44537,43880,579,44459,542
2021-07-23,Santa Barbara,083,443738,35604,35071,1302,36373,465
2021-07-23,Santa Clara,085,1922200,122463,121092,871,121963,2099
2021-07-23,Santa Cruz,087,273765,16603,16416,884,17300,207
2021-07-23,Shasta,089,179085,12910,12759,1771,14530,211
2021-07-23,Sierra,091,2930,67,64,14,78,0
2021-07-23,Siskiyou,093,43540,2031,1951,444,2395,31
2021-07-23,Solano,095,438530,35289,34499,699,35198,259
2021-07-23,Sonoma,097,501317,32558,31928,392,32320,327
2021-07-23,Stanislaus,099,539301,58581,57879,6499,64378,1030
2021-07-23,Sutter,101,95872,10031,9890,105,9995,115
2021-07-23,Tehama,103,63373,5199,5166,627,5793,65
2021-07-23,Trinity,105,12862,432,345,91,436,3
2021-07-23,Tulare,107,460477,50459,50104,9960,60064,854
2021-07-23,Tuolumne,109,53932,4321,4216,41,4257,64
2021-07-23,Ventura,111,848112,83379,82687,3512,86199,1041
2021-07-23,Yolo,113,214977,14817,14557,464,15021,214
2021-07-23,Yuba,115,75493,6584,6449,140,6589,51
2021-07-22,Alameda,001,1643700,94772,93170,2285,95455,1259
2021-07-22,Alpine,003,1148,89,89,0,89,0
2021-07-22,Amador,005,37829,3870,3816,35,3851,48
2021-07-22,Butte,007,227075,13187,12982,2044,15026,203
2021-07-22,Calaveras,009,45235,2273,2267,17,2284,57
2021-07-22,Colusa,011,21464,2004,1992,351,2343,16
2021-07-22,Contra Costa,013,1133247,75054,73682,1552,75234,830
2021-07-22,Del Norte,015,27424,1567,1497,15,1512,8
2021-07-22,El Dorado,017,186661,10954,10773,867,11640,116
2021-07-22,Fresno,019,978130,104622,103637,9360,112997,1736
2021-07-22,Glenn,021,27897,2458,2457,596,3053,20
2021-07-22,Humboldt,023,135768,4929,4780,65,4845,52
2021-07-22,Imperial,025,180216,29062,28996,2922,31918,742
2021-07-22,Inyo,027,18085,1432,1424,4,1428,38
2021-07-22,Kern,029,883053,99006,98261,12102,110363,1350
2021-07-22,Kings,031,150075,23523,23304,1251,24555,246
2021-07-22,Lake,033,64148,4141,3963,14,3977,64
2021-07-22,Lassen,035,31185,5316,5311,123,5434,21
2021-07-22,Los Angeles,037,10098052,1243802,1232164,46906,1279070,24623
2021-07-22,Madera,039,155013,17076,16885,1016,17901,245
2021-07-22,Marin,041,260295,14692,14454,295,14749,238
2021-07-22,Mariposa,043,17540,460,453,11,464,5
2021-07-22,Mendocino,045,87422,4419,4293,85,4378,49
2021-07-22,Merced,047,269075,31832,31661,1062,32723,473
2021-07-22,Modoc,049,8938,423,413,148,561,5
2021-07-22,Mono,051,14174,1276,1284,14,1298,3
2021-07-22,Monterey,053,433212,43679,43525,2011,45536,521
2021-07-22,Napa,055,140530,10372,10230,45,10275,81
2021-07-22,Nevada,057,99092,5321,5183,206,5389,72
2021-07-22,Orange,059,3164182,262820,259973,12499,272472,5141
2021-07-22,Placer,061,380077,24963,24530,1862,26392,303
2021-07-22,Plumas,063,18699,747,737,15,752,4
2021-07-22,Riverside,065,2383286,299537,296912,15158,312070,4552
2021-07-22,Sacramento,067,1510023,114049,112438,2210,114648,1698
2021-07-22,San Benito,069,59416,6226,6200,119,6319,63
2021-07-22,San Bernardino,071,2135413,299945,297899,9814,307713,5236
2021-07-22,San Diego,073,3302833,293089,289368,16738,306106,3788
2021-07-22,San Francisco,075,870044,39939,38954,1537,40491,561
2021-07-22,San Joaquin,077,732212,76231,75461,4015,79476,1436
2021-07-22,San Luis Obispo,079,281455,21863,21616,826,22442,260
2021-07-22,San Mateo,081,765935,44425,43880,574,44454,542
2021-07-22,Santa Barbara,083,443738,35542,35071,1300,36371,465
2021-07-22,Santa Clara,085,1922200,122221,121092,868,121960,2099
2021-07-22,Santa Cruz,087,273765,16566,16416,884,17300,207
2021-07-22,Shasta,089,179085,12886,12759,1767,14526,211
2021-07-22,Sierra,091,2930,65,64,14,78,0
2021-07-22,Siskiyou,093,43540,2028,1951,444,2395,31
2021-07-22,Solano,095,438530,35140,34499,692,35191,259
2021-07-22,Sonoma,097,501317,32449,31928,390,32318,327
2021-07-22,Stanislaus,099,539301,58452,57879,6487,64366,1030
2021-07-22,Sutter,101,95872,10010,9890,105,9995,115
2021-07-22,Tehama,103,63373,5193,5166,627,5793,65
2021-07-22,Trinity,105,12862,432,345,91,436,3
2021-07-22,Tulare,107,460477,50416,50104,9932,60036,854
2021-07-22,Tuolumne,109,53932,4309,4216,41,4257,64
2021-07-22,Ventura,111,848112,83245,82687,3499,86186,1041
2021-07-22,Yolo,113,214977,14779,14557,463,15020,214
2021-07-22,Yuba,115,75493,6554,6449,137,6586,51
2021-07-21,Alameda,001,1643700,94443,92840,2281,95121,1256
2021-07-21,Alpine,003,1148,89,89,0,89,0
2021-07-21,Amador,005,37829,3857,3813,35,3848,48
2021-07-21,Butte,007,227075,13146,12939,2039,14978,203
2021-07-21,Calaveras,009,45235,2272,2257,17,2274,57
2021-07-21,Colusa,011,21464,2000,1988,350,2338,16
2021-07-21,Contra Costa,013,1133247,74789,73320,1543,74863,827
2021-07-21,Del Norte,015,27424,1557,1492,15,1507,8
2021-07-21,El Dorado,017,186661,10919,10742,863,11605,116
2021-07-21,Fresno,019,978130,104475,103504,9350,112854,1736
2021-07-21,Glenn,021,27897,2456,2455,595,3050,20
2021-07-21,Humboldt,023,135768,4897,4763,63,4826,52
2021-07-21,Imperial,025,180216,29050,28964,2919,31883,742
2021-07-21,Inyo,027,18085,1432,1423,4,1427,38
2021-07-21,Kern,029,883053,98889,98152,12060,110212,1350
2021-07-21,Kings,031,150075,23495,23270,1247,24517,246
2021-07-21,Lake,033,64148,4076,3896,14,3910,64
2021-07-21,Lassen,035,31185,5313,5310,123,5433,21
2021-07-21,Los Angeles,037,10098052,1241328,1229598,46780,1276378,24609
2021-07-21,Madera,039,155013,17056,16858,1013,17871,245
2021-07-21,Marin,041,260295,14642,14427,295,14722,238
2021-07-21,Mariposa,043,17540,456,449,11,460,5
2021-07-21,Mendocino,045,87422,4401,4274,85,4359,49
2021-07-21,Merced,047,269075,31793,31607,1057,32664,473
2021-07-21,Modoc,049,8938,423,413,148,561,5
2021-07-21,Mono,051,14174,1273,1282,14,1296,3
2021-07-21,Monterey,053,433212,43649,43502,2007,45509,515
2021-07-21,Napa,055,140530,10347,10209,45,10254,81
2021-07-21,Nevada,057,99092,5286,5152,206,5358,72
2021-07-21,Orange,059,3164182,262269,259615,12467,272082,5139
2021-07-21,Placer,061,380077,24854,24441,1851,26292,303
2021-07-21,Plumas,063,18699,747,736,15,751,4
2021-07-21,Riverside,065,2383286,299024,296419,15141,311560,4552
2021-07-21,Sacramento,067,1510023,113633,112043,2199,114242,1696
2021-07-21,San Benito,069,59416,6216,6196,119,6315,63
2021-07-21,San Bernardino,071,2135413,299501,297519,9806,307325,5230
2021-07-21,San Diego,073,3302833,292242,288682,16674,305356,3787
2021-07-21,San Francisco,075,870044,39715,38699,1532,40231,559
2021-07-21,San Joaquin,077,732212,76042,75288,4003,79291,1434
2021-07-21,San Luis Obispo,079,281455,21827,21579,823,22402,260
2021-07-21,San Mateo,081,765935,44333,43755,570,44325,542
2021-07-21,Santa Barbara,083,443738,35485,34998,1282,36280,465
2021-07-21,Santa Clara,085,1922200,122011,120838,866,121704,2099
2021-07-21,Santa Cruz,087,273765,16532,16407,884,17291,207
2021-07-21,Shasta,089,179085,12853,12751,1764,14515,211
2021-07-21,Sierra,091,2930,65,64,14,78,0
2021-07-21,Siskiyou,093,43540,2026,1943,442,2385,31
2021-07-21,Solano,095,438530,34985,34374,687,35061,258
2021-07-21,Sonoma,097,501317,32333,31789,390,32179,327
2021-07-21,Stanislaus,099,539301,58350,57774,6478,64252,1028
2021-07-21,Sutter,101,95872,9986,9862,105,9967,113
2021-07-21,Tehama,103,63373,5189,5161,627,5788,65
2021-07-21,Trinity,105,12862,431,345,90,435,3
2021-07-21,Tulare,107,460477,50357,50066,9906,59972,854
2021-07-21,Tuolumne,109,53932,4272,4156,41,4197,64
2021-07-21,Ventura,111,848112,83123,82573,3487,86060,1041
2021-07-21,Yolo,113,214977,14738,14525,462,14987,213
2021-07-21,Yuba,115,75493,6526,6425,137,6562,52
2021-07-20,Alameda,001,1643700,94065,92625,2268,94893,1256
2021-07-20,Alpine,003,1148,89,89,0,89,0
2021-07-20,Amador,005,37829,3846,3807,35,3842,48
2021-07-20,Butte,007,227075,13109,12916,2034,14950,203
2021-07-20,Calaveras,009,45235,2269,2249,17,2266,57
2021-07-20,Colusa,011,21464,2000,1985,350,2335,16
2021-07-20,Contra Costa,013,1133247,74505,73143,1524,74667,825
2021-07-20,Del Norte,015,27424,1547,1490,15,1505,8
2021-07-20,El Dorado,017,186661,10879,10727,858,11585,116
2021-07-20,Fresno,019,978130,104338,103438,9330,112768,1736
2021-07-20,Glenn,021,27897,2456,2453,595,3048,20
2021-07-20,Humboldt,023,135768,4852,4735,61,4796,52
2021-07-20,Imperial,025,180216,29030,28933,2919,31852,742
2021-07-20,Inyo,027,18085,1428,1420,4,1424,36
2021-07-20,Kern,029,883053,98780,98082,12031,110113,1350
2021-07-20,Kings,031,150075,23454,23254,1243,24497,246
2021-07-20,Lake,033,64148,4051,3871,14,3885,64
2021-07-20,Lassen,035,31185,5313,5306,123,5429,21
2021-07-20,Los Angeles,037,10098052,1238557,1227404,46621,1274025,24603
2021-07-20,Madera,039,155013,17035,16856,1009,17865,245
2021-07-20,Marin,041,260295,14607,14396,292,14688,234
2021-07-20,Mariposa,043,17540,455,448,11,459,5
2021-07-20,Mendocino,045,87422,4384,4259,85,4344,49
2021-07-20,Merced,047,269075,31755,31578,1050,32628,473
2021-07-20,Modoc,049,8938,423,413,148,561,5
2021-07-20,Mono,051,14174,1269,1281,14,1295,3
2021-07-20,Monterey,053,433212,43618,43481,2004,45485,515
2021-07-20,Napa,055,140530,10324,10191,45,10236,81
2021-07-20,Nevada,057,99092,5267,5148,205,5353,72
2021-07-20,Orange,059,3164182,261717,259303,12434,271737,5139
2021-07-20,Placer,061,380077,24763,24408,1826,26234,303
2021-07-20,Plumas,063,18699,745,736,15,751,4
2021-07-20,Riverside,065,2383286,298489,296118,15127,311245,4543
2021-07-20,Sacramento,067,1510023,113195,111796,2169,113965,1695
2021-07-20,San Benito,069,59416,6209,6196,119,6315,63
2021-07-20,San Bernardino,071,2135413,299090,297222,9781,307003,5231
2021-07-20,San Diego,073,3302833,291322,288209,16577,304786,3786
2021-07-20,San Francisco,075,870044,39458,38536,1521,40057,558
2021-07-20,San Joaquin,077,732212,75870,75198,3990,79188,1433
2021-07-20,San Luis Obispo,079,281455,21783,21556,822,22378,259
2021-07-20,San Mateo,081,765935,44217,43670,568,44238,542
2021-07-20,Santa Barbara,083,443738,35415,34935,1275,36210,462
2021-07-20,Santa Clara,085,1922200,121754,120704,864,121568,2098
2021-07-20,Santa Cruz,087,273765,16503,16399,884,17283,207
2021-07-20,Shasta,089,179085,12827,12734,1759,14493,211
2021-07-20,Sierra,091,2930,65,64,14,78,0
2021-07-20,Siskiyou,093,43540,2022,1931,441,2372,31
2021-07-20,Solano,095,438530,34858,34337,680,35017,258
2021-07-20,Sonoma,097,501317,32214,31763,389,32152,326
2021-07-20,Stanislaus,099,539301,58234,57706,6472,64178,1028
2021-07-20,Sutter,101,95872,9960,9854,102,9956,114
2021-07-20,Tehama,103,63373,5187,5153,627,5780,65
2021-07-20,Trinity,105,12862,429,344,89,433,3
2021-07-20,Tulare,107,460477,50316,50047,9888,59935,854
2021-07-20,Tuolumne,109,53932,4253,4156,41,4197,64
2021-07-20,Ventura,111,848112,82970,82504,3470,85974,1041
2021-07-20,Yolo,113,214977,14675,14495,459,14954,213
2021-07-20,Yuba,115,75493,6501,6393,134,6527,52
2021-07-19,Alameda,001,1643700,93695,92357,2252,94609,1256
2021-07-19,Alpine,003,1148,89,89,0,89,0
2021-07-19,Amador,005,37829,3842,3802,35,3837,48
2021-07-19,Butte,007,227075,13066,12901,2028,14929,202
2021-07-19,Calaveras,009,45235,2268,2245,17,2262,57
2021-07-19,Colusa,011,21464,1998,1981,349,2330,16
2021-07-19,Contra Costa,013,1133247,74195,72935,1503,74438,825
2021-07-19,Del Norte,015,27424,1535,1484,15,1499,8
2021-07-19,El Dorado,017,186661,10849,10703,850,11553,114
2021-07-19,Fresno,019,978130,104211,103350,9314,112664,1731
2021-07-19,Glenn,021,27897,2456,2452,594,3046,20
2021-07-19,Humboldt,023,135768,4822,4719,59,4778,52
2021-07-19,Imperial,025,180216,29003,28888,2919,31807,742
2021-07-19,Inyo,027,18085,1427,1417,4,1421,36
2021-07-19,Kern,029,883053,98669,97999,11995,109994,1349
2021-07-19,Kings,031,150075,23423,23221,1237,24458,246
2021-07-19,Lake,033,64148,4015,3848,14,3862,64
2021-07-19,Lassen,035,31185,5312,5305,123,5428,21
2021-07-19,Los Angeles,037,10098052,1235978,1225946,46432,1272378,24600
2021-07-19,Madera,039,155013,17012,16846,1006,17852,244
2021-07-19,Marin,041,260295,14572,14369,289,14658,234
2021-07-19,Mariposa,043,17540,449,447,11,458,5
2021-07-19,Mendocino,045,87422,4366,4251,85,4336,49
2021-07-19,Merced,047,269075,31691,31565,1043,32608,472
2021-07-19,Modoc,049,8938,422,413,148,561,5
2021-07-19,Mono,051,14174,1267,1280,14,1294,3
2021-07-19,Monterey,053,433212,43595,43436,2003,45439,515
2021-07-19,Napa,055,140530,10299,10180,43,10223,81
2021-07-19,Nevada,057,99092,5239,5133,204,5337,72
2021-07-19,Orange,059,3164182,261200,258927,12399,271326,5138
2021-07-19,Placer,061,380077,24664,24359,1804,26163,303
2021-07-19,Plumas,063,18699,745,730,15,745,4
2021-07-19,Riverside,065,2383286,298000,295736,15089,310825,4543
2021-07-19,Sacramento,067,1510023,112832,111470,2145,113615,1696
2021-07-19,San Benito,069,59416,6206,6193,119,6312,63
2021-07-19,San Bernardino,071,2135413,298718,296929,9762,306691,5235
2021-07-19,San Diego,073,3302833,290435,287695,16476,304171,3786
2021-07-19,San Francisco,075,870044,39188,38463,1507,39970,560
2021-07-19,San Joaquin,077,732212,75704,75086,3984,79070,1431
2021-07-19,San Luis Obispo,079,281455,21738,21531,818,22349,259
2021-07-19,San Mateo,081,765935,44072,43563,559,44122,542
2021-07-19,Santa Barbara,083,443738,35343,34904,1272,36176,461
2021-07-19,Santa Clara,085,1922200,121496,120554,863,121417,2098
2021-07-19,Santa Cruz,087,273765,16487,16387,884,17271,207
2021-07-19,Shasta,089,179085,12809,12723,1757,14480,209
2021-07-19,Sierra,091,2930,64,64,14,78,0
2021-07-19,Siskiyou,093,43540,2017,1927,439,2366,31
2021-07-19,Solano,095,438530,34688,34262,669,34931,261
2021-07-19,Sonoma,097,501317,32093,31713,388,32101,325
2021-07-19,Stanislaus,099,539301,58132,57644,6461,64105,1027
2021-07-19,Sutter,101,95872,9944,9834,102,9936,114
2021-07-19,Tehama,103,63373,5181,5152,625,5777,65
2021-07-19,Trinity,105,12862,429,344,88,432,3
2021-07-19,Tulare,107,460477,50271,49994,9870,59864,855
2021-07-19,Tuolumne,109,53932,4243,4151,41,4192,64
2021-07-19,Ventura,111,848112,82874,82409,3448,85857,1041
2021-07-19,Yolo,113,214977,14644,14439,457,14896,213
2021-07-19,Yuba,115,75493,6477,6370,134,6504,52
2021-07-18,Alameda,001,1643700,93344,92162,2238,94400,1256
2021-07-18,Alpine,003,1148,89,89,0,89,0
2021-07-18,Amador,005,37829,3831,3799,35,3834,48
2021-07-18,Butte,007,227075,13025,12888,2022,14910,202
2021-07-18,Calaveras,009,45235,2267,2243,17,2260,57
2021-07-18,Colusa,011,21464,1998,1981,348,2329,16
2021-07-18,Contra Costa,013,1133247,73880,72849,1485,74334,825
2021-07-18,Del Norte,015,27424,1526,1482,15,1497,8
2021-07-18,El Dorado,017,186661,10811,10687,842,11529,114
2021-07-18,Fresno,019,978130,104059,103298,9295,112593,1731
2021-07-18,Glenn,021,27897,2455,2452,593,3045,20
2021-07-18,Humboldt,023,135768,4786,4714,59,4773,52
2021-07-18,Imperial,025,180216,28966,28877,2918,31795,742
2021-07-18,Inyo,027,18085,1423,1417,4,1421,36
2021-07-18,Kern,029,883053,98543,97963,11953,109916,1349
2021-07-18,Kings,031,150075,23402,23203,1233,24436,246
2021-07-18,Lake,033,64148,3979,3825,14,3839,64
2021-07-18,Lassen,035,31185,5312,5305,123,5428,21
2021-07-18,Los Angeles,037,10098052,1233313,1224691,46249,1270940,24598
2021-07-18,Madera,039,155013,16987,16838,1002,17840,244
2021-07-18,Marin,041,260295,14536,14358,287,14645,234
2021-07-18,Mariposa,043,17540,448,447,11,458,5
2021-07-18,Mendocino,045,87422,4346,4246,85,4331,49
2021-07-18,Merced,047,269075,31660,31537,1041,32578,471
2021-07-18,Modoc,049,8938,422,413,148,561,5
2021-07-18,Mono,051,14174,1266,1280,14,1294,3
2021-07-18,Monterey,053,433212,43577,43422,1994,45416,515
2021-07-18,Napa,055,140530,10282,10174,40,10214,81
2021-07-18,Nevada,057,99092,5213,5124,204,5328,72
2021-07-18,Orange,059,3164182,260716,258724,12369,271093,5138
2021-07-18,Placer,061,380077,24598,24313,1777,26090,303
2021-07-18,Plumas,063,18699,745,730,15,745,4
2021-07-18,Riverside,065,2383286,297507,295522,15048,310570,4543
2021-07-18,Sacramento,067,1510023,112401,111255,2113,113368,1696
2021-07-18,San Benito,069,59416,6198,6191,119,6310,63
2021-07-18,San Bernardino,071,2135413,298245,296739,9746,306485,5233
2021-07-18,San Diego,073,3302833,289619,286287,16393,302680,3786
2021-07-18,San Francisco,075,870044,38957,38367,1495,39862,560
2021-07-18,San Joaquin,077,732212,75530,74997,3971,78968,1431
2021-07-18,San Luis Obispo,079,281455,21704,21527,815,22342,259
2021-07-18,San Mateo,081,765935,43958,43506,553,44059,542
2021-07-18,Santa Barbara,083,443738,35278,34880,1270,36150,461
2021-07-18,Santa Clara,085,1922200,121283,120438,855,121293,2098
2021-07-18,Santa Cruz,087,273765,16455,16372,883,17255,207
2021-07-18,Shasta,089,179085,12784,12714,1753,14467,209
2021-07-18,Sierra,091,2930,64,64,14,78,0
2021-07-18,Siskiyou,093,43540,2011,1927,434,2361,31
2021-07-18,Solano,095,438530,34569,34215,665,34880,261
2021-07-18,Sonoma,097,501317,31988,31675,387,32062,325
2021-07-18,Stanislaus,099,539301,58021,57600,6436,64036,1028
2021-07-18,Sutter,101,95872,9912,9826,102,9928,114
2021-07-18,Tehama,103,63373,5178,5150,624,5774,65
2021-07-18,Trinity,105,12862,429,344,88,432,3
2021-07-18,Tulare,107,460477,50219,49985,9847,59832,855
2021-07-18,Tuolumne,109,53932,4225,4149,41,4190,64
2021-07-18,Ventura,111,848112,82762,82361,3422,85783,1041
2021-07-18,Yolo,113,214977,14586,14425,451,14876,213
2021-07-18,Yuba,115,75493,6436,6357,134,6491,52
2021-07-17,Alameda,001,1643700,93122,91346,2226,93572,1255
2021-07-17,Alpine,003,1148,89,89,0,89,0
2021-07-17,Amador,005,37829,3822,3785,35,3820,48
2021-07-17,Butte,007,227075,13011,12824,2017,14841,202
2021-07-17,Calaveras,009,45235,2261,2237,17,2254,57
2021-07-17,Colusa,011,21464,1995,1976,348,2324,16
2021-07-17,Contra Costa,013,1133247,73700,72254,1471,73725,824
2021-07-17,Del Norte,015,27424,1518,1475,15,1490,8
2021-07-17,El Dorado,017,186661,10784,10622,838,11460,114
2021-07-17,Fresno,019,978130,103987,103055,9282,112337,1730
2021-07-17,Glenn,021,27897,2454,2451,593,3044,20
2021-07-17,Humboldt,023,135768,4773,4654,58,4712,52
2021-07-17,Imperial,025,180216,28950,28840,2918,31758,742
2021-07-17,Inyo,027,18085,1423,1416,4,1420,36
2021-07-17,Kern,029,883053,98487,97796,11916,109712,1348
2021-07-17,Kings,031,150075,23382,23163,1232,24395,246
2021-07-17,Lake,033,64148,3954,3760,14,3774,64
2021-07-17,Lassen,035,31185,5312,5302,123,5425,21
2021-07-17,Los Angeles,037,10098052,1231810,1219733,46100,1265833,24582
2021-07-17,Madera,039,155013,16979,16804,1002,17806,240
2021-07-17,Marin,041,260295,14518,14297,285,14582,234
2021-07-17,Mariposa,043,17540,448,445,11,456,5
2021-07-17,Mendocino,045,87422,4334,4209,85,4294,49
2021-07-17,Merced,047,269075,31639,31451,1037,32488,471
2021-07-17,Modoc,049,8938,422,412,148,560,5
2021-07-17,Mono,051,14174,1264,1277,14,1291,3
2021-07-17,Monterey,053,433212,43555,43367,1988,45355,515
2021-07-17,Napa,055,140530,10266,10129,40,10169,81
2021-07-17,Nevada,057,99092,5198,5066,204,5270,72
2021-07-17,Orange,059,3164182,260407,257805,12329,270134,5136
2021-07-17,Placer,061,380077,24531,24169,1763,25932,303
2021-07-17,Plumas,063,18699,740,721,15,736,4
2021-07-17,Riverside,065,2383286,297200,294751,15016,309767,4542
2021-07-17,Sacramento,067,1510023,112165,110432,2091,112523,1694
2021-07-17,San Benito,069,59416,6192,6181,119,6300,63
2021-07-17,San Bernardino,071,2135413,298012,296048,9727,305775,5218
2021-07-17,San Diego,073,3302833,289213,285698,16326,302024,3786
2021-07-17,San Francisco,075,870044,38836,37978,1491,39469,560
2021-07-17,San Joaquin,077,732212,75444,74695,3963,78658,1430
2021-07-17,San Luis Obispo,079,281455,21677,21462,815,22277,258
2021-07-17,San Mateo,081,765935,43888,43324,551,43875,542
2021-07-17,Santa Barbara,083,443738,35238,34769,1267,36036,461
2021-07-17,Santa Clara,085,1922200,121111,119980,852,120832,2097
2021-07-17,Santa Cruz,087,273765,16448,16337,883,17220,207
2021-07-17,Shasta,089,179085,12769,12683,1748,14431,210
2021-07-17,Sierra,091,2930,64,62,14,76,0
2021-07-17,Siskiyou,093,43540,2006,1922,431,2353,29
2021-07-17,Solano,095,438530,34505,34015,657,34672,263
2021-07-17,Sonoma,097,501317,31921,31536,386,31922,322
2021-07-17,Stanislaus,099,539301,57943,57400,6422,63822,1028
2021-07-17,Sutter,101,95872,9902,9778,102,9880,114
2021-07-17,Tehama,103,63373,5175,5145,624,5769,64
2021-07-17,Trinity,105,12862,428,341,88,429,3
2021-07-17,Tulare,107,460477,50198,49937,9835,59772,854
2021-07-17,Tuolumne,109,53932,4215,4131,41,4172,64
2021-07-17,Ventura,111,848112,82695,82125,3410,85535,1041
2021-07-17,Yolo,113,214977,14556,14356,443,14799,213
2021-07-17,Yuba,115,75493,6425,6309,134,6443,52
2021-07-16,Alameda,001,1643700,92888,91346,2214,93560,1255
2021-07-16,Alpine,003,1148,89,89,0,89,0
2021-07-16,Amador,005,37829,3819,3785,35,3820,48
2021-07-16,Butte,007,227075,12986,12824,2014,14838,202
2021-07-16,Calaveras,009,45235,2261,2237,17,2254,57
2021-07-16,Colusa,011,21464,1993,1976,347,2323,16
2021-07-16,Contra Costa,013,1133247,73513,72254,1466,73720,824
2021-07-16,Del Norte,015,27424,1516,1475,15,1490,8
2021-07-16,El Dorado,017,186661,10765,10622,837,11459,114
2021-07-16,Fresno,019,978130,103935,103055,9263,112318,1730
2021-07-16,Glenn,021,27897,2454,2451,593,3044,20
2021-07-16,Humboldt,023,135768,4751,4654,58,4712,52
2021-07-16,Imperial,025,180216,28938,28840,2918,31758,742
2021-07-16,Inyo,027,18085,1421,1416,4,1420,36
2021-07-16,Kern,029,883053,98426,97796,11875,109671,1348
2021-07-16,Kings,031,150075,23358,23163,1229,24392,246
2021-07-16,Lake,033,64148,3927,3760,14,3774,64
2021-07-16,Lassen,035,31185,5311,5302,123,5425,21
2021-07-16,Los Angeles,037,10098052,1230319,1219733,45953,1265686,24582
2021-07-16,Madera,039,155013,16961,16804,1002,17806,240
2021-07-16,Marin,041,260295,14494,14297,282,14579,234
2021-07-16,Mariposa,043,17540,448,445,11,456,5
2021-07-16,Mendocino,045,87422,4325,4209,84,4293,49
2021-07-16,Merced,047,269075,31617,31451,1035,32486,471
2021-07-16,Modoc,049,8938,422,412,148,560,5
2021-07-16,Mono,051,14174,1263,1277,14,1291,3
2021-07-16,Monterey,053,433212,43533,43367,1987,45354,515
2021-07-16,Napa,055,140530,10242,10129,39,10168,81
2021-07-16,Nevada,057,99092,5188,5066,204,5270,72
2021-07-16,Orange,059,3164182,260134,257805,12289,270094,5136
2021-07-16,Placer,061,380077,24478,24169,1758,25927,303
2021-07-16,Plumas,063,18699,739,721,15,736,4
2021-07-16,Riverside,065,2383286,296924,294751,14990,309741,4542
2021-07-16,Sacramento,067,1510023,111948,110432,2078,112510,1694
2021-07-16,San Benito,069,59416,6190,6181,119,6300,63
2021-07-16,San Bernardino,071,2135413,297735,296048,9710,305758,5218
2021-07-16,San Diego,073,3302833,288768,285698,16279,301977,3786
2021-07-16,San Francisco,075,870044,38719,37978,1486,39464,560
2021-07-16,San Joaquin,077,732212,75349,74695,3960,78655,1430
2021-07-16,San Luis Obispo,079,281455,21660,21462,815,22277,258
2021-07-16,San Mateo,081,765935,43835,43324,550,43874,542
2021-07-16,Santa Barbara,083,443738,35200,34769,1267,36036,461
2021-07-16,Santa Clara,085,1922200,120964,119980,844,120824,2097
2021-07-16,Santa Cruz,087,273765,16435,16337,883,17220,207
2021-07-16,Shasta,089,179085,12759,12683,1747,14430,210
2021-07-16,Sierra,091,2930,64,62,14,76,0
2021-07-16,Siskiyou,093,43540,2004,1922,429,2351,29
2021-07-16,Solano,095,438530,34441,34015,649,34664,263
2021-07-16,Sonoma,097,501317,31869,31536,383,31919,322
2021-07-16,Stanislaus,099,539301,57895,57400,6410,63810,1028
2021-07-16,Sutter,101,95872,9890,9778,102,9880,114
2021-07-16,Tehama,103,63373,5173,5145,624,5769,64
2021-07-16,Trinity,105,12862,428,341,87,428,3
2021-07-16,Tulare,107,460477,50174,49937,9825,59762,854
2021-07-16,Tuolumne,109,53932,4209,4131,41,4172,64
2021-07-16,Ventura,111,848112,82631,82125,3403,85528,1041
2021-07-16,Yolo,113,214977,14530,14356,439,14795,213
2021-07-16,Yuba,115,75493,6403,6309,133,6442,52
2021-07-15,Alameda,001,1643700,92592,91346,2205,93551,1255
2021-07-15,Alpine,003,1148,89,89,0,89,0
2021-07-15,Amador,005,37829,3816,3785,35,3820,48
2021-07-15,Butte,007,227075,12960,12824,2012,14836,202
2021-07-15,Calaveras,009,45235,2259,2237,17,2254,57
2021-07-15,Colusa,011,21464,1992,1976,346,2322,16
2021-07-15,Contra Costa,013,1133247,73300,72254,1458,73712,824
2021-07-15,Del Norte,015,27424,1513,1475,15,1490,8
2021-07-15,El Dorado,017,186661,10738,10622,835,11457,114
2021-07-15,Fresno,019,978130,103839,103055,9242,112297,1730
2021-07-15,Glenn,021,27897,2454,2451,593,3044,20
2021-07-15,Humboldt,023,135768,4733,4654,57,4711,52
2021-07-15,Imperial,025,180216,28915,28840,2918,31758,742
2021-07-15,Inyo,027,18085,1421,1416,4,1420,36
2021-07-15,Kern,029,883053,98356,97796,11847,109643,1348
2021-07-15,Kings,031,150075,23320,23163,1226,24389,246
2021-07-15,Lake,033,64148,3888,3760,14,3774,64
2021-07-15,Lassen,035,31185,5310,5302,123,5425,21
2021-07-15,Los Angeles,037,10098052,1228351,1219733,45788,1265521,24582
2021-07-15,Madera,039,155013,16939,16804,998,17802,240
2021-07-15,Marin,041,260295,14470,14297,282,14579,234
2021-07-15,Mariposa,043,17540,448,445,11,456,5
2021-07-15,Mendocino,045,87422,4317,4209,83,4292,49
2021-07-15,Merced,047,269075,31587,31451,1035,32486,471
2021-07-15,Modoc,049,8938,422,412,148,560,5
2021-07-15,Mono,051,14174,1263,1277,14,1291,3
2021-07-15,Monterey,053,433212,43504,43367,1984,45351,515
2021-07-15,Napa,055,140530,10217,10129,38,10167,81
2021-07-15,Nevada,057,99092,5170,5066,203,5269,72
2021-07-15,Orange,059,3164182,259782,257805,12257,270062,5136
2021-07-15,Placer,061,380077,24419,24169,1741,25910,303
2021-07-15,Plumas,063,18699,738,721,15,736,4
2021-07-15,Riverside,065,2383286,296600,294751,14974,309725,4542
2021-07-15,Sacramento,067,1510023,111644,110432,2061,112493,1694
2021-07-15,San Benito,069,59416,6188,6181,119,6300,63
2021-07-15,San Bernardino,071,2135413,297429,296048,9695,305743,5218
2021-07-15,San Diego,073,3302833,288136,285698,16202,301900,3786
2021-07-15,San Francisco,075,870044,38568,37978,1477,39455,560
2021-07-15,San Joaquin,077,732212,75233,74695,3955,78650,1430
2021-07-15,San Luis Obispo,079,281455,21627,21462,815,22277,258
2021-07-15,San Mateo,081,765935,43731,43324,546,43870,542
2021-07-15,Santa Barbara,083,443738,35147,34769,1266,36035,461
2021-07-15,Santa Clara,085,1922200,120842,119980,841,120821,2097
2021-07-15,Santa Cruz,087,273765,16422,16337,883,17220,207
2021-07-15,Shasta,089,179085,12751,12683,1742,14425,210
2021-07-15,Sierra,091,2930,64,62,14,76,0
2021-07-15,Siskiyou,093,43540,2003,1922,429,2351,29
2021-07-15,Solano,095,438530,34367,34015,643,34658,263
2021-07-15,Sonoma,097,501317,31807,31536,383,31919,322
2021-07-15,Stanislaus,099,539301,57827,57400,6397,63797,1028
2021-07-15,Sutter,101,95872,9870,9778,101,9879,114
2021-07-15,Tehama,103,63373,5167,5145,623,5768,64
2021-07-15,Trinity,105,12862,428,341,87,428,3
2021-07-15,Tulare,107,460477,50153,49937,9808,59745,854
2021-07-15,Tuolumne,109,53932,4197,4131,41,4172,64
2021-07-15,Ventura,111,848112,82554,82125,3398,85523,1041
2021-07-15,Yolo,113,214977,14503,14356,438,14794,213
2021-07-15,Yuba,115,75493,6388,6309,133,6442,52
2021-07-14,Alameda,001,1643700,92332,91092,2186,93278,1255
2021-07-14,Alpine,003,1148,89,89,0,89,0
2021-07-14,Amador,005,37829,3808,3784,35,3819,48
2021-07-14,Butte,007,227075,12933,12813,2005,14818,202
2021-07-14,Calaveras,009,45235,2251,2234,17,2251,57
2021-07-14,Colusa,011,21464,1989,1974,346,2320,16
2021-07-14,Contra Costa,013,1133247,73075,72091,1445,73536,823
2021-07-14,Del Norte,015,27424,1512,1472,15,1487,8
2021-07-14,El Dorado,017,186661,10712,10598,832,11430,114
2021-07-14,Fresno,019,978130,103760,102966,9231,112197,1728
2021-07-14,Glenn,021,27897,2454,2449,593,3042,20
2021-07-14,Humboldt,023,135768,4710,4644,55,4699,52
2021-07-14,Imperial,025,180216,28886,28822,2918,31740,742
2021-07-14,Inyo,027,18085,1420,1415,4,1419,36
2021-07-14,Kern,029,883053,98293,97736,11821,109557,1346
2021-07-14,Kings,031,150075,23307,23142,1226,24368,246
2021-07-14,Lake,033,64148,3855,3739,14,3753,63
2021-07-14,Lassen,035,31185,5309,5298,123,5421,21
2021-07-14,Los Angeles,037,10098052,1226351,1218265,45640,1263905,24578
2021-07-14,Madera,039,155013,16927,16786,996,17782,240
2021-07-14,Marin,041,260295,14436,14269,280,14549,233
2021-07-14,Mariposa,043,17540,446,445,11,456,5
2021-07-14,Mendocino,045,87422,4304,4193,83,4276,49
2021-07-14,Merced,047,269075,31550,31412,1032,32444,471
2021-07-14,Modoc,049,8938,422,412,148,560,4
2021-07-14,Mono,051,14174,1263,1278,14,1292,3
2021-07-14,Monterey,053,433212,43480,43347,1982,45329,504
2021-07-14,Napa,055,140530,10195,10121,38,10159,81
2021-07-14,Nevada,057,99092,5151,5058,203,5261,72
2021-07-14,Orange,059,3164182,259466,257558,12228,269786,5137
2021-07-14,Placer,061,380077,24367,24125,1729,25854,303
2021-07-14,Plumas,063,18699,731,719,15,734,4
2021-07-14,Riverside,065,2383286,296276,294511,14957,309468,4542
2021-07-14,Sacramento,067,1510023,111318,110193,2037,112230,1688
2021-07-14,San Benito,069,59416,6185,6177,119,6296,63
2021-07-14,San Bernardino,071,2135413,297126,295820,9680,305500,5193
2021-07-14,San Diego,073,3302833,287567,285269,16121,301390,3786
2021-07-14,San Francisco,075,870044,38429,37836,1470,39306,559
2021-07-14,San Joaquin,077,732212,75142,74599,3945,78544,1416
2021-07-14,San Luis Obispo,079,281455,21605,21444,813,22257,258
2021-07-14,San Mateo,081,765935,43634,43249,542,43791,542
2021-07-14,Santa Barbara,083,443738,35107,34719,1264,35983,461
2021-07-14,Santa Clara,085,1922200,120692,119844,838,120682,2098
2021-07-14,Santa Cruz,087,273765,16408,16326,883,17209,207
2021-07-14,Shasta,089,179085,12731,12669,1739,14408,209
2021-07-14,Sierra,091,2930,64,62,14,76,0
2021-07-14,Siskiyou,093,43540,1996,1922,426,2348,29
2021-07-14,Solano,095,438530,34295,33948,643,34591,268
2021-07-14,Sonoma,097,501317,31755,31470,383,31853,322
2021-07-14,Stanislaus,099,539301,57752,57340,6385,63725,1028
2021-07-14,Sutter,101,95872,9847,9766,101,9867,114
2021-07-14,Tehama,103,63373,5165,5142,623,5765,64
2021-07-14,Trinity,105,12862,428,341,87,428,3
2021-07-14,Tulare,107,460477,50137,49908,9793,59701,853
2021-07-14,Tuolumne,109,53932,4194,4128,40,4168,64
2021-07-14,Ventura,111,848112,82461,82041,3386,85427,1040
2021-07-14,Yolo,113,214977,14470,14332,435,14767,213
2021-07-14,Yuba,115,75493,6370,6294,133,6427,52
2021-07-13,Alameda,001,1643700,92064,90874,2175,93049,1255
2021-07-13,Alpine,003,1148,89,89,0,89,0
2021-07-13,Amador,005,37829,3801,3783,35,3818,48
2021-07-13,Butte,007,227075,12920,12802,2003,14805,202
2021-07-13,Calaveras,009,45235,2247,2230,17,2247,57
2021-07-13,Colusa,011,21464,1987,1972,342,2314,16
2021-07-13,Contra Costa,013,1133247,72851,71963,1436,73399,823
2021-07-13,Del Norte,015,27424,1508,1471,15,1486,8
2021-07-13,El Dorado,017,186661,10694,10581,829,11410,114
2021-07-13,Fresno,019,978130,103684,102909,9222,112131,1727
2021-07-13,Glenn,021,27897,2452,2448,593,3041,20
2021-07-13,Humboldt,023,135768,4695,4634,55,4689,51
2021-07-13,Imperial,025,180216,28875,28792,2918,31710,741
2021-07-13,Inyo,027,18085,1419,1415,4,1419,36
2021-07-13,Kern,029,883053,98205,97698,11781,109479,1346
2021-07-13,Kings,031,150075,23289,23132,1226,24358,246
2021-07-13,Lake,033,64148,3828,3719,13,3732,63
2021-07-13,Lassen,035,31185,5307,5292,123,5415,21
2021-07-13,Los Angeles,037,10098052,1224513,1217184,45466,1262650,24569
2021-07-13,Madera,039,155013,16918,16773,992,17765,240
2021-07-13,Marin,041,260295,14407,14254,279,14533,233
2021-07-13,Mariposa,043,17540,445,443,11,454,5
2021-07-13,Mendocino,045,87422,4297,4185,83,4268,49
2021-07-13,Merced,047,269075,31529,31379,1029,32408,471
2021-07-13,Modoc,049,8938,422,411,148,559,4
2021-07-13,Mono,051,14174,1262,1277,14,1291,3
2021-07-13,Monterey,053,433212,43462,43333,1978,45311,504
2021-07-13,Napa,055,140530,10174,10118,38,10156,81
2021-07-13,Nevada,057,99092,5126,5053,203,5256,72
2021-07-13,Orange,059,3164182,259135,257339,12198,269537,5136
2021-07-13,Placer,061,380077,24321,24091,1716,25807,303
2021-07-13,Plumas,063,18699,730,716,15,731,4
2021-07-13,Riverside,065,2383286,295953,294302,14930,309232,4541
2021-07-13,Sacramento,067,1510023,111009,109990,2015,112005,1687
2021-07-13,San Benito,069,59416,6183,6173,119,6292,63
2021-07-13,San Bernardino,071,2135413,296848,295596,9658,305254,5183
2021-07-13,San Diego,073,3302833,287025,284997,16042,301039,3785
2021-07-13,San Francisco,075,870044,38285,37725,1463,39188,559
2021-07-13,San Joaquin,077,732212,75026,74500,3942,78442,1417
2021-07-13,San Luis Obispo,079,281455,21579,21423,810,22233,258
2021-07-13,San Mateo,081,765935,43566,43180,541,43721,542
2021-07-13,Santa Barbara,083,443738,35058,34679,1261,35940,461
2021-07-13,Santa Clara,085,1922200,120538,119727,834,120561,2098
2021-07-13,Santa Cruz,087,273765,16399,16315,881,17196,207
2021-07-13,Shasta,089,179085,12718,12659,1732,14391,209
2021-07-13,Sierra,091,2930,64,62,14,76,0
2021-07-13,Siskiyou,093,43540,1995,1916,424,2340,29
2021-07-13,Solano,095,438530,34233,33918,637,34555,268
2021-07-13,Sonoma,097,501317,31696,31431,383,31814,322
2021-07-13,Stanislaus,099,539301,57683,57282,6371,63653,1028
2021-07-13,Sutter,101,95872,9829,9752,100,9852,114
2021-07-13,Tehama,103,63373,5158,5144,623,5767,64
2021-07-13,Trinity,105,12862,428,341,86,427,3
2021-07-13,Tulare,107,460477,50113,49891,9777,59668,853
2021-07-13,Tuolumne,109,53932,4186,4122,39,4161,64
2021-07-13,Ventura,111,848112,82378,81982,3360,85342,1040
2021-07-13,Yolo,113,214977,14442,14320,428,14748,213
2021-07-13,Yuba,115,75493,6354,6279,133,6412,52
2021-07-12,Alameda,001,1643700,91808,90720,2167,92887,1254
2021-07-12,Alpine,003,1148,89,89,0,89,0
2021-07-12,Amador,005,37829,3794,3781,35,3816,47
2021-07-12,Butte,007,227075,12900,12796,2001,14797,202
2021-07-12,Calaveras,009,45235,2245,2228,17,2245,57
2021-07-12,Colusa,011,21464,1983,1971,341,2312,16
2021-07-12,Contra Costa,013,1133247,72649,71833,1431,73264,823
2021-07-12,Del Norte,015,27424,1505,1469,15,1484,8
2021-07-12,El Dorado,017,186661,10666,10569,827,11396,114
2021-07-12,Fresno,019,978130,103591,102853,9210,112063,1728
2021-07-12,Glenn,021,27897,2452,2446,593,3039,20
2021-07-12,Humboldt,023,135768,4679,4621,55,4676,51
2021-07-12,Imperial,025,180216,28845,28789,2918,31707,741
2021-07-12,Inyo,027,18085,1419,1415,4,1419,36
2021-07-12,Kern,029,883053,98136,97660,11756,109416,1346
2021-07-12,Kings,031,150075,23269,23124,1224,24348,246
2021-07-12,Lake,033,64148,3807,3706,13,3719,63
2021-07-12,Lassen,035,31185,5306,5292,123,5415,21
2021-07-12,Los Angeles,037,10098052,1222739,1216230,45322,1261552,24559
2021-07-12,Madera,039,155013,16907,16772,992,17764,240
2021-07-12,Marin,041,260295,14382,14238,278,14516,233
2021-07-12,Mariposa,043,17540,445,442,11,453,5
2021-07-12,Mendocino,045,87422,4286,4175,83,4258,49
2021-07-12,Merced,047,269075,31498,31374,1028,32402,471
2021-07-12,Modoc,049,8938,421,411,148,559,4
2021-07-12,Mono,051,14174,1260,1275,14,1289,3
2021-07-12,Monterey,053,433212,43441,43315,1974,45289,504
2021-07-12,Napa,055,140530,10156,10104,37,10141,81
2021-07-12,Nevada,057,99092,5103,5046,203,5249,72
2021-07-12,Orange,059,3164182,258785,257171,12173,269344,5136
2021-07-12,Placer,061,380077,24270,24052,1710,25762,302
2021-07-12,Plumas,063,18699,730,716,15,731,4
2021-07-12,Riverside,065,2383286,295645,294108,14900,309008,4541
2021-07-12,Sacramento,067,1510023,110794,109849,1989,111838,1685
2021-07-12,San Benito,069,59416,6180,6166,119,6285,63
2021-07-12,San Bernardino,071,2135413,296577,295447,9644,305091,5171
2021-07-12,San Diego,073,3302833,286561,284648,15966,300614,3785
2021-07-12,San Francisco,075,870044,38138,37656,1459,39115,559
2021-07-12,San Joaquin,077,732212,74931,74424,3932,78356,1415
2021-07-12,San Luis Obispo,079,281455,21560,21408,809,22217,258
2021-07-12,San Mateo,081,765935,43473,43138,534,43672,542
2021-07-12,Santa Barbara,083,443738,35016,34664,1259,35923,461
2021-07-12,Santa Clara,085,1922200,120373,119634,831,120465,2098
2021-07-12,Santa Cruz,087,273765,16374,16310,880,17190,207
2021-07-12,Shasta,089,179085,12710,12648,1729,14377,208
2021-07-12,Sierra,091,2930,64,62,14,76,0
2021-07-12,Siskiyou,093,43540,1990,1916,419,2335,29
2021-07-12,Solano,095,438530,34147,33859,628,34487,268
2021-07-12,Sonoma,097,501317,31648,31377,382,31759,322
2021-07-12,Stanislaus,099,539301,57610,57243,6364,63607,1028
2021-07-12,Sutter,101,95872,9812,9736,99,9835,114
2021-07-12,Tehama,103,63373,5153,5138,622,5760,63
2021-07-12,Trinity,105,12862,424,340,84,424,3
2021-07-12,Tulare,107,460477,50086,49882,9763,59645,853
2021-07-12,Tuolumne,109,53932,4182,4116,39,4155,64
2021-07-12,Ventura,111,848112,82277,81919,3338,85257,1040
2021-07-12,Yolo,113,214977,14413,14303,424,14727,213
2021-07-12,Yuba,115,75493,6339,6266,133,6399,52
2021-07-11,Alameda,001,1643700,91480,90597,2152,92749,1254
2021-07-11,Alpine,003,1148,89,89,0,89,0
2021-07-11,Amador,005,37829,3792,3779,35,3814,47
2021-07-11,Butte,007,227075,12879,12794,1994,14788,202
2021-07-11,Calaveras,009,45235,2237,2226,16,2242,57
2021-07-11,Colusa,011,21464,1983,1971,340,2311,16
2021-07-11,Contra Costa,013,1133247,72439,71744,1424,73168,823
2021-07-11,Del Norte,015,27424,1501,1467,14,1481,8
2021-07-11,El Dorado,017,186661,10637,10554,825,11379,114
2021-07-11,Fresno,019,978130,103496,102813,9191,112004,1728
2021-07-11,Glenn,021,27897,2451,2446,593,3039,20
2021-07-11,Humboldt,023,135768,4666,4611,54,4665,51
2021-07-11,Imperial,025,180216,28827,28787,2917,31704,741
2021-07-11,Inyo,027,18085,1417,1415,4,1419,36
2021-07-11,Kern,029,883053,98063,97637,11740,109377,1346
2021-07-11,Kings,031,150075,23238,23116,1221,24337,246
2021-07-11,Lake,033,64148,3776,3699,13,3712,63
2021-07-11,Lassen,035,31185,5303,5291,123,5414,21
2021-07-11,Los Angeles,037,10098052,1220998,1215182,45159,1260341,24558
2021-07-11,Madera,039,155013,16888,16766,991,17757,240
2021-07-11,Marin,041,260295,14356,14231,278,14509,233
2021-07-11,Mariposa,043,17540,444,442,11,453,5
2021-07-11,Mendocino,045,87422,4266,4167,83,4250,49
2021-07-11,Merced,047,269075,31474,31366,1023,32389,471
2021-07-11,Modoc,049,8938,420,411,148,559,4
2021-07-11,Mono,051,14174,1260,1275,14,1289,3
2021-07-11,Monterey,053,433212,43423,43307,1969,45276,504
2021-07-11,Napa,055,140530,10152,10100,37,10137,81
2021-07-11,Nevada,057,99092,5092,5035,202,5237,72
2021-07-11,Orange,059,3164182,258473,257009,12144,269153,5136
2021-07-11,Placer,061,380077,24213,24017,1698,25715,302
2021-07-11,Plumas,063,18699,730,716,15,731,4
2021-07-11,Riverside,065,2383286,295381,293969,14882,308851,4541
2021-07-11,Sacramento,067,1510023,110516,109696,1979,111675,1685
2021-07-11,San Benito,069,59416,6175,6163,119,6282,63
2021-07-11,San Bernardino,071,2135413,296272,295342,9620,304962,5167
2021-07-11,San Diego,073,3302833,286148,283819,15880,299699,3784
2021-07-11,San Francisco,075,870044,38010,37596,1453,39049,559
2021-07-11,San Joaquin,077,732212,74816,74376,3915,78291,1415
2021-07-11,San Luis Obispo,079,281455,21526,21403,808,22211,258
2021-07-11,San Mateo,081,765935,43393,43107,527,43634,542
2021-07-11,Santa Barbara,083,443738,34970,34646,1259,35905,461
2021-07-11,Santa Clara,085,1922200,120219,119549,830,120379,2098
2021-07-11,Santa Cruz,087,273765,16358,16303,880,17183,207
2021-07-11,Shasta,089,179085,12693,12647,1727,14374,208
2021-07-11,Sierra,091,2930,64,62,14,76,0
2021-07-11,Siskiyou,093,43540,1986,1915,417,2332,29
2021-07-11,Solano,095,438530,34069,33837,624,34461,268
2021-07-11,Sonoma,097,501317,31566,31352,382,31734,322
2021-07-11,Stanislaus,099,539301,57537,57230,6352,63582,1028
2021-07-11,Sutter,101,95872,9798,9728,99,9827,114
2021-07-11,Tehama,103,63373,5150,5138,622,5760,63
2021-07-11,Trinity,105,12862,423,340,84,424,3
2021-07-11,Tulare,107,460477,50062,49877,9743,59620,853
2021-07-11,Tuolumne,109,53932,4176,4116,39,4155,64
2021-07-11,Ventura,111,848112,82205,81875,3318,85193,1040
2021-07-11,Yolo,113,214977,14388,14285,416,14701,213
2021-07-11,Yuba,115,75493,6328,6260,133,6393,52
2021-07-10,Alameda,001,1643700,91330,90090,2149,92239,1252
2021-07-10,Alpine,003,1148,89,89,0,89,0
2021-07-10,Amador,005,37829,3786,3773,35,3808,47
2021-07-10,Butte,007,227075,12868,12764,1991,14755,202
2021-07-10,Calaveras,009,45235,2236,2214,16,2230,57
2021-07-10,Colusa,011,21464,1981,1969,340,2309,16
2021-07-10,Contra Costa,013,1133247,72340,71376,1423,72799,821
2021-07-10,Del Norte,015,27424,1499,1451,14,1465,8
2021-07-10,El Dorado,017,186661,10621,10508,821,11329,114
2021-07-10,Fresno,019,978130,103463,102675,9184,111859,1730
2021-07-10,Glenn,021,27897,2448,2440,592,3032,20
2021-07-10,Humboldt,023,135768,4657,4574,54,4628,51
2021-07-10,Imperial,025,180216,28814,28729,2917,31646,741
2021-07-10,Inyo,027,18085,1416,1415,4,1419,36
2021-07-10,Kern,029,883053,98024,97538,11722,109260,1346
2021-07-10,Kings,031,150075,23231,23090,1220,24310,246
2021-07-10,Lake,033,64148,3759,3667,13,3680,63
2021-07-10,Lassen,035,31185,5303,5290,123,5413,21
2021-07-10,Los Angeles,037,10098052,1219981,1212043,45054,1257097,24542
2021-07-10,Madera,039,155013,16882,16744,988,17732,241
2021-07-10,Marin,041,260295,14342,14194,278,14472,233
2021-07-10,Mariposa,043,17540,444,442,11,453,5
2021-07-10,Mendocino,045,87422,4259,4153,82,4235,49
2021-07-10,Merced,047,269075,31461,31328,1023,32351,470
2021-07-10,Modoc,049,8938,420,410,148,558,4
2021-07-10,Mono,051,14174,1260,1275,14,1289,3
2021-07-10,Monterey,053,433212,43409,43251,1967,45218,499
2021-07-10,Napa,055,140530,10140,10077,37,10114,81
2021-07-10,Nevada,057,99092,5083,5000,202,5202,72
2021-07-10,Orange,059,3164182,258300,256438,12128,268566,5135
2021-07-10,Placer,061,380077,24184,23916,1688,25604,302
2021-07-10,Plumas,063,18699,729,717,15,732,4
2021-07-10,Riverside,065,2383286,295195,293474,14868,308342,4541
2021-07-10,Sacramento,067,1510023,110367,109091,1974,111065,1682
2021-07-10,San Benito,069,59416,6170,6141,119,6260,63
2021-07-10,San Bernardino,071,2135413,296085,294932,9608,304540,5117
2021-07-10,San Diego,073,3302833,285858,283577,15827,299404,3783
2021-07-10,San Francisco,075,870044,37927,37338,1448,38786,559
2021-07-10,San Joaquin,077,732212,74759,74150,3909,78059,1412
2021-07-10,San Luis Obispo,079,281455,21515,21375,807,22182,258
2021-07-10,San Mateo,081,765935,43343,42948,525,43473,542
2021-07-10,Santa Barbara,083,443738,34944,34595,1259,35854,460
2021-07-10,Santa Clara,085,1922200,120116,119330,827,120157,2094
2021-07-10,Santa Cruz,087,273765,16351,16286,880,17166,207
2021-07-10,Shasta,089,179085,12680,12623,1722,14345,206
2021-07-10,Sierra,091,2930,64,61,14,75,0
2021-07-10,Siskiyou,093,43540,1984,1909,414,2323,29
2021-07-10,Solano,095,438530,34029,33678,618,34296,268
2021-07-10,Sonoma,097,501317,31515,31231,382,31613,317
2021-07-10,Stanislaus,099,539301,57496,57104,6342,63446,1026
2021-07-10,Sutter,101,95872,9785,9692,99,9791,114
2021-07-10,Tehama,103,63373,5147,5131,622,5753,63
2021-07-10,Trinity,105,12862,423,341,84,425,3
2021-07-10,Tulare,107,460477,50052,49850,9737,59587,853
2021-07-10,Tuolumne,109,53932,4174,4114,39,4153,64
2021-07-10,Ventura,111,848112,82160,81713,3300,85013,1039
2021-07-10,Yolo,113,214977,14367,14250,413,14663,213
2021-07-10,Yuba,115,75493,6318,6238,133,6371,52
2021-07-09,Alameda,001,1643700,91178,90090,2143,92233,1252
2021-07-09,Alpine,003,1148,89,89,0,89,0
2021-07-09,Amador,005,37829,3785,3773,35,3808,47
2021-07-09,Butte,007,227075,12857,12764,1989,14753,202
2021-07-09,Calaveras,009,45235,2234,2214,16,2230,57
2021-07-09,Colusa,011,21464,1980,1969,340,2309,16
2021-07-09,Contra Costa,013,1133247,72215,71376,1422,72798,821
2021-07-09,Del Norte,015,27424,1494,1451,14,1465,8
2021-07-09,El Dorado,017,186661,10606,10508,820,11328,114
2021-07-09,Fresno,019,978130,103407,102675,9177,111852,1730
2021-07-09,Glenn,021,27897,2447,2440,590,3030,20
2021-07-09,Humboldt,023,135768,4638,4574,54,4628,51
2021-07-09,Imperial,025,180216,28806,28729,2916,31645,741
2021-07-09,Inyo,027,18085,1415,1415,4,1419,36
2021-07-09,Kern,029,883053,97986,97538,11710,109248,1346
2021-07-09,Kings,031,150075,23221,23090,1219,24309,246
2021-07-09,Lake,033,64148,3745,3667,13,3680,63
2021-07-09,Lassen,035,31185,5301,5290,122,5412,21
2021-07-09,Los Angeles,037,10098052,1218980,1212043,44977,1257020,24542
2021-07-09,Madera,039,155013,16873,16744,987,17731,241
2021-07-09,Marin,041,260295,14322,14194,276,14470,233
2021-07-09,Mariposa,043,17540,444,442,11,453,5
2021-07-09,Mendocino,045,87422,4252,4153,82,4235,49
2021-07-09,Merced,047,269075,31446,31328,1023,32351,470
2021-07-09,Modoc,049,8938,420,410,148,558,4
2021-07-09,Mono,051,14174,1260,1275,14,1289,3
2021-07-09,Monterey,053,433212,43400,43251,1967,45218,499
2021-07-09,Napa,055,140530,10133,10077,37,10114,81
2021-07-09,Nevada,057,99092,5074,5000,202,5202,72
2021-07-09,Orange,059,3164182,258096,256438,12114,268552,5135
2021-07-09,Placer,061,380077,24162,23916,1682,25598,302
2021-07-09,Plumas,063,18699,727,717,15,732,4
2021-07-09,Riverside,065,2383286,295008,293474,14854,308328,4541
2021-07-09,Sacramento,067,1510023,110214,109091,1966,111057,1682
2021-07-09,San Benito,069,59416,6168,6141,119,6260,63
2021-07-09,San Bernardino,071,2135413,295933,294932,9601,304533,5117
2021-07-09,San Diego,073,3302833,285572,283577,15779,299356,3783
2021-07-09,San Francisco,075,870044,37847,37338,1441,38779,559
2021-07-09,San Joaquin,077,732212,74687,74150,3901,78051,1412
2021-07-09,San Luis Obispo,079,281455,21503,21375,807,22182,258
2021-07-09,San Mateo,081,765935,43297,42948,521,43469,542
2021-07-09,Santa Barbara,083,443738,34925,34595,1258,35853,460
2021-07-09,Santa Clara,085,1922200,120005,119330,827,120157,2094
2021-07-09,Santa Cruz,087,273765,16348,16286,880,17166,207
2021-07-09,Shasta,089,179085,12674,12623,1717,14340,206
2021-07-09,Sierra,091,2930,64,61,14,75,0
2021-07-09,Siskiyou,093,43540,1982,1909,413,2322,29
2021-07-09,Solano,095,438530,33995,33678,614,34292,268
2021-07-09,Sonoma,097,501317,31479,31231,382,31613,317
2021-07-09,Stanislaus,099,539301,57454,57104,6340,63444,1026
2021-07-09,Sutter,101,95872,9776,9692,99,9791,114
2021-07-09,Tehama,103,63373,5145,5131,622,5753,63
2021-07-09,Trinity,105,12862,422,341,81,422,3
2021-07-09,Tulare,107,460477,50039,49850,9731,59581,853
2021-07-09,Tuolumne,109,53932,4171,4114,39,4153,64
2021-07-09,Ventura,111,848112,82105,81713,3291,85004,1039
2021-07-09,Yolo,113,214977,14352,14250,409,14659,213
2021-07-09,Yuba,115,75493,6305,6238,133,6371,52
2021-07-08,Alameda,001,1643700,90968,90090,2138,92228,1252
2021-07-08,Alpine,003,1148,89,89,0,89,0
2021-07-08,Amador,005,37829,3783,3773,35,3808,47
2021-07-08,Butte,007,227075,12844,12764,1986,14750,202
2021-07-08,Calaveras,009,45235,2229,2214,15,2229,57
2021-07-08,Colusa,011,21464,1980,1969,340,2309,16
2021-07-08,Contra Costa,013,1133247,72087,71376,1417,72793,821
2021-07-08,Del Norte,015,27424,1492,1451,14,1465,8
2021-07-08,El Dorado,017,186661,10589,10508,815,11323,114
2021-07-08,Fresno,019,978130,103346,102675,9165,111840,1730
2021-07-08,Glenn,021,27897,2447,2440,590,3030,20
2021-07-08,Humboldt,023,135768,4623,4574,53,4627,51
2021-07-08,Imperial,025,180216,28793,28729,2915,31644,741
2021-07-08,Inyo,027,18085,1415,1415,4,1419,36
2021-07-08,Kern,029,883053,97942,97538,11692,109230,1346
2021-07-08,Kings,031,150075,23212,23090,1219,24309,246
2021-07-08,Lake,033,64148,3731,3667,13,3680,63
2021-07-08,Lassen,035,31185,5298,5290,122,5412,21
2021-07-08,Los Angeles,037,10098052,1217771,1212043,44879,1256922,24542
2021-07-08,Madera,039,155013,16858,16744,987,17731,241
2021-07-08,Marin,041,260295,14307,14194,276,14470,233
2021-07-08,Mariposa,043,17540,443,442,11,453,5
2021-07-08,Mendocino,045,87422,4249,4153,82,4235,49
2021-07-08,Merced,047,269075,31432,31328,1021,32349,470
2021-07-08,Modoc,049,8938,420,410,148,558,4
2021-07-08,Mono,051,14174,1260,1275,14,1289,3
2021-07-08,Monterey,053,433212,43380,43251,1961,45212,499
2021-07-08,Napa,055,140530,10129,10077,37,10114,81
2021-07-08,Nevada,057,99092,5068,5000,202,5202,72
2021-07-08,Orange,059,3164182,257902,256438,12093,268531,5135
2021-07-08,Placer,061,380077,24123,23916,1674,25590,302
2021-07-08,Plumas,063,18699,726,717,15,732,4
2021-07-08,Riverside,065,2383286,294807,293474,14838,308312,4541
2021-07-08,Sacramento,067,1510023,109994,109091,1959,111050,1682
2021-07-08,San Benito,069,59416,6165,6141,119,6260,63
2021-07-08,San Bernardino,071,2135413,295758,294932,9592,304524,5117
2021-07-08,San Diego,073,3302833,285244,283577,15731,299308,3783
2021-07-08,San Francisco,075,870044,37768,37338,1436,38774,559
2021-07-08,San Joaquin,077,732212,74599,74150,3888,78038,1412
2021-07-08,San Luis Obispo,079,281455,21491,21375,804,22179,258
2021-07-08,San Mateo,081,765935,43247,42948,520,43468,542
2021-07-08,Santa Barbara,083,443738,34898,34595,1256,35851,460
2021-07-08,Santa Clara,085,1922200,119912,119330,826,120156,2094
2021-07-08,Santa Cruz,087,273765,16342,16286,880,17166,207
2021-07-08,Shasta,089,179085,12668,12623,1713,14336,206
2021-07-08,Sierra,091,2930,64,61,14,75,0
2021-07-08,Siskiyou,093,43540,1977,1909,410,2319,29
2021-07-08,Solano,095,438530,33943,33678,606,34284,268
2021-07-08,Sonoma,097,501317,31448,31231,381,31612,317
2021-07-08,Stanislaus,099,539301,57420,57104,6335,63439,1026
2021-07-08,Sutter,101,95872,9761,9692,97,9789,114
2021-07-08,Tehama,103,63373,5142,5131,621,5752,63
2021-07-08,Trinity,105,12862,422,341,81,422,3
2021-07-08,Tulare,107,460477,50022,49850,9722,59572,853
2021-07-08,Tuolumne,109,53932,4169,4114,39,4153,64
2021-07-08,Ventura,111,848112,82041,81713,3274,84987,1039
2021-07-08,Yolo,113,214977,14334,14250,407,14657,213
2021-07-08,Yuba,115,75493,6297,6238,133,6371,52
2021-07-07,Alameda,001,1643700,90784,89995,2132,92127,1253
2021-07-07,Alpine,003,1148,89,89,0,89,0
2021-07-07,Amador,005,37829,3778,3770,35,3805,47
2021-07-07,Butte,007,227075,12831,12750,1981,14731,202
2021-07-07,Calaveras,009,45235,2224,2212,15,2227,57
2021-07-07,Colusa,011,21464,1976,1969,340,2309,16
2021-07-07,Contra Costa,013,1133247,71942,71308,1415,72723,821
2021-07-07,Del Norte,015,27424,1487,1446,14,1460,8
2021-07-07,El Dorado,017,186661,10569,10494,813,11307,114
2021-07-07,Fresno,019,978130,103296,102639,9158,111797,1729
2021-07-07,Glenn,021,27897,2447,2441,590,3031,20
2021-07-07,Humboldt,023,135768,4609,4566,53,4619,51
2021-07-07,Imperial,025,180216,28786,28701,2915,31616,740
2021-07-07,Inyo,027,18085,1414,1415,4,1419,36
2021-07-07,Kern,029,883053,97900,97507,11676,109183,1348
2021-07-07,Kings,031,150075,23199,23085,1216,24301,245
2021-07-07,Lake,033,64148,3712,3660,13,3673,63
2021-07-07,Lassen,035,31185,5298,5286,122,5408,21
2021-07-07,Los Angeles,037,10098052,1216596,1211316,44770,1256086,24531
2021-07-07,Madera,039,155013,16848,16733,985,17718,241
2021-07-07,Marin,041,260295,14288,14183,275,14458,233
2021-07-07,Mariposa,043,17540,441,442,11,453,5
2021-07-07,Mendocino,045,87422,4240,4145,82,4227,49
2021-07-07,Merced,047,269075,31417,31317,1021,32338,470
2021-07-07,Modoc,049,8938,420,410,148,558,4
2021-07-07,Mono,051,14174,1259,1274,14,1288,3
2021-07-07,Monterey,053,433212,43356,43233,1959,45192,494
2021-07-07,Napa,055,140530,10118,10078,37,10115,81
2021-07-07,Nevada,057,99092,5061,4996,202,5198,72
2021-07-07,Orange,059,3164182,257675,256301,12070,268371,5132
2021-07-07,Placer,061,380077,24087,23901,1664,25565,302
2021-07-07,Plumas,063,18699,726,710,15,725,4
2021-07-07,Riverside,065,2383286,294593,293331,14827,308158,4538
2021-07-07,Sacramento,067,1510023,109805,108954,1951,110905,1682
2021-07-07,San Benito,069,59416,6160,6137,119,6256,63
2021-07-07,San Bernardino,071,2135413,295591,294787,9585,304372,5087
2021-07-07,San Diego,073,3302833,284926,283377,15691,299068,3782
2021-07-07,San Francisco,075,870044,37676,37284,1433,38717,558
2021-07-07,San Joaquin,077,732212,74523,74095,3872,77967,1410
2021-07-07,San Luis Obispo,079,281455,21482,21360,802,22162,258
2021-07-07,San Mateo,081,765935,43192,42908,517,43425,542
2021-07-07,Santa Barbara,083,443738,34872,34582,1256,35838,460
2021-07-07,Santa Clara,085,1922200,119814,119250,825,120075,2094
2021-07-07,Santa Cruz,087,273765,16333,16279,879,17158,207
2021-07-07,Shasta,089,179085,12660,12613,1710,14323,206
2021-07-07,Sierra,091,2930,64,60,14,74,0
2021-07-07,Siskiyou,093,43540,1971,1908,406,2314,29
2021-07-07,Solano,095,438530,33895,33659,599,34258,268
2021-07-07,Sonoma,097,501317,31402,31172,381,31553,316
2021-07-07,Stanislaus,099,539301,57375,57102,6330,63432,1028
2021-07-07,Sutter,101,95872,9751,9683,97,9780,114
2021-07-07,Tehama,103,63373,5141,5129,621,5750,63
2021-07-07,Trinity,105,12862,422,341,81,422,3
2021-07-07,Tulare,107,460477,50018,49835,9713,59548,853
2021-07-07,Tuolumne,109,53932,4165,4115,38,4153,64
2021-07-07,Ventura,111,848112,81997,81608,3259,84867,1036
2021-07-07,Yolo,113,214977,14324,14236,404,14640,213
2021-07-07,Yuba,115,75493,6281,6233,133,6366,51
2021-07-06,Alameda,001,1643700,90588,89918,2123,92041,1253
2021-07-06,Alpine,003,1148,89,89,0,89,0
2021-07-06,Amador,005,37829,3777,3768,34,3802,47
2021-07-06,Butte,007,227075,12818,12744,1978,14722,201
2021-07-06,Calaveras,009,45235,2224,2211,15,2226,55
2021-07-06,Colusa,011,21464,1975,1967,337,2304,16
2021-07-06,Contra Costa,013,1133247,71813,71262,1413,72675,820
2021-07-06,Del Norte,015,27424,1483,1445,14,1459,8
2021-07-06,El Dorado,017,186661,10551,10484,812,11296,113
2021-07-06,Fresno,019,978130,103244,102616,9147,111763,1727
2021-07-06,Glenn,021,27897,2446,2438,590,3028,20
2021-07-06,Humboldt,023,135768,4595,4565,52,4617,49
2021-07-06,Imperial,025,180216,28771,28693,2913,31606,739
2021-07-06,Inyo,027,18085,1414,1412,4,1416,36
2021-07-06,Kern,029,883053,97858,97491,11665,109156,1346
2021-07-06,Kings,031,150075,23191,23077,1215,24292,245
2021-07-06,Lake,033,64148,3702,3659,13,3672,63
2021-07-06,Lassen,035,31185,5297,5288,121,5409,21
2021-07-06,Los Angeles,037,10098052,1215389,1210965,44670,1255635,24525
2021-07-06,Madera,039,155013,16837,16730,985,17715,241
2021-07-06,Marin,041,260295,14274,14181,275,14456,233
2021-07-06,Mariposa,043,17540,441,442,11,453,5
2021-07-06,Mendocino,045,87422,4233,4143,82,4225,49
2021-07-06,Merced,047,269075,31400,31317,1020,32337,470
2021-07-06,Modoc,049,8938,420,411,148,559,4
2021-07-06,Mono,051,14174,1258,1274,14,1288,3
2021-07-06,Monterey,053,433212,43334,43224,1958,45182,494
2021-07-06,Napa,055,140530,10107,10081,37,10118,81
2021-07-06,Nevada,057,99092,5052,4988,202,5190,72
2021-07-06,Orange,059,3164182,257433,256227,12053,268280,5129
2021-07-06,Placer,061,380077,24046,23876,1658,25534,302
2021-07-06,Plumas,063,18699,725,708,15,723,4
2021-07-06,Riverside,065,2383286,294390,293227,14809,308036,4539
2021-07-06,Sacramento,067,1510023,109594,108850,1943,110793,1679
2021-07-06,San Benito,069,59416,6156,6137,119,6256,63
2021-07-06,San Bernardino,071,2135413,295415,294712,9572,304284,5056
2021-07-06,San Diego,073,3302833,284571,283278,15632,298910,3782
2021-07-06,San Francisco,075,870044,37560,37251,1430,38681,558
2021-07-06,San Joaquin,077,732212,74454,74019,3860,77879,1410
2021-07-06,San Luis Obispo,079,281455,21465,21354,801,22155,257
2021-07-06,San Mateo,081,765935,43117,42895,517,43412,541
2021-07-06,Santa Barbara,083,443738,34854,34572,1254,35826,460
2021-07-06,Santa Clara,085,1922200,119696,119194,822,120016,2095
2021-07-06,Santa Cruz,087,273765,16328,16274,878,17152,207
2021-07-06,Shasta,089,179085,12650,12606,1708,14314,205
2021-07-06,Sierra,091,2930,63,60,14,74,0
2021-07-06,Siskiyou,093,43540,1968,1905,402,2307,29
2021-07-06,Solano,095,438530,33845,33619,596,34215,268
2021-07-06,Sonoma,097,501317,31339,31130,380,31510,316
2021-07-06,Stanislaus,099,539301,57313,57120,6318,63438,1029
2021-07-06,Sutter,101,95872,9742,9674,96,9770,114
2021-07-06,Tehama,103,63373,5138,5126,620,5746,63
2021-07-06,Trinity,105,12862,422,341,81,422,3
2021-07-06,Tulare,107,460477,50003,49826,9702,59528,853
2021-07-06,Tuolumne,109,53932,4163,4113,38,4151,64
2021-07-06,Ventura,111,848112,81957,81534,3233,84767,1033
2021-07-06,Yolo,113,214977,14303,14227,399,14626,213
2021-07-06,Yuba,115,75493,6270,6231,133,6364,51
2021-07-05,Alameda,001,1643700,90412,89892,2117,92009,1253
2021-07-05,Alpine,003,1148,89,89,0,89,0
2021-07-05,Amador,005,37829,3775,3768,34,3802,47
2021-07-05,Butte,007,227075,12810,12740,1968,14708,201
2021-07-05,Calaveras,009,45235,2222,2211,15,2226,55
2021-07-05,Colusa,011,21464,1973,1966,336,2302,16
2021-07-05,Contra Costa,013,1133247,71686,71235,1413,72648,820
2021-07-05,Del Norte,015,27424,1479,1446,14,1460,8
2021-07-05,El Dorado,017,186661,10526,10481,812,11293,113
2021-07-05,Fresno,019,978130,103187,102592,9129,111721,1727
2021-07-05,Glenn,021,27897,2443,2438,589,3027,20
2021-07-05,Humboldt,023,135768,4581,4563,52,4615,49
2021-07-05,Imperial,025,180216,28753,28689,2913,31602,739
2021-07-05,Inyo,027,18085,1414,1412,4,1416,36
2021-07-05,Kern,029,883053,97810,97479,11644,109123,1346
2021-07-05,Kings,031,150075,23183,23065,1212,24277,245
2021-07-05,Lake,033,64148,3684,3645,13,3658,63
2021-07-05,Lassen,035,31185,5294,5288,120,5408,21
2021-07-05,Los Angeles,037,10098052,1214206,1210653,44565,1255218,24522
2021-07-05,Madera,039,155013,16826,16722,984,17706,241
2021-07-05,Marin,041,260295,14253,14178,275,14453,233
2021-07-05,Mariposa,043,17540,441,441,11,452,5
2021-07-05,Mendocino,045,87422,4228,4139,82,4221,49
2021-07-05,Merced,047,269075,31380,31312,1020,32332,470
2021-07-05,Modoc,049,8938,420,410,148,558,4
2021-07-05,Mono,051,14174,1258,1273,14,1287,3
2021-07-05,Monterey,053,433212,43314,43218,1953,45171,494
2021-07-05,Napa,055,140530,10101,10074,37,10111,81
2021-07-05,Nevada,057,99092,5034,4980,201,5181,72
2021-07-05,Orange,059,3164182,257233,256173,12034,268207,5129
2021-07-05,Placer,061,380077,23999,23867,1650,25517,302
2021-07-05,Plumas,063,18699,724,708,15,723,4
2021-07-05,Riverside,065,2383286,294198,293193,14796,307989,4539
2021-07-05,Sacramento,067,1510023,109412,108758,1934,110692,1679
2021-07-05,San Benito,069,59416,6149,6137,119,6256,63
2021-07-05,San Bernardino,071,2135413,295254,294647,9565,304212,5037
2021-07-05,San Diego,073,3302833,284211,282834,15587,298421,3782
2021-07-05,San Francisco,075,870044,37473,37237,1425,38662,558
2021-07-05,San Joaquin,077,732212,74385,73999,3854,77853,1410
2021-07-05,San Luis Obispo,079,281455,21452,21351,800,22151,257
2021-07-05,San Mateo,081,765935,43065,42876,514,43390,541
2021-07-05,Santa Barbara,083,443738,34834,34569,1254,35823,460
2021-07-05,Santa Clara,085,1922200,119591,119184,820,120004,2095
2021-07-05,Santa Cruz,087,273765,16319,16273,877,17150,208
2021-07-05,Shasta,089,179085,12641,12603,1706,14309,205
2021-07-05,Sierra,091,2930,63,60,14,74,0
2021-07-05,Siskiyou,093,43540,1967,1904,400,2304,29
2021-07-05,Solano,095,438530,33777,33612,590,34202,268
2021-07-05,Sonoma,097,501317,31286,31116,380,31496,316
2021-07-05,Stanislaus,099,539301,57277,57109,6308,63417,1029
2021-07-05,Sutter,101,95872,9730,9667,96,9763,114
2021-07-05,Tehama,103,63373,5137,5125,620,5745,63
2021-07-05,Trinity,105,12862,421,341,80,421,3
2021-07-05,Tulare,107,460477,49985,49818,9699,59517,853
2021-07-05,Tuolumne,109,53932,4159,4112,38,4150,64
2021-07-05,Ventura,111,848112,81907,81519,3213,84732,1033
2021-07-05,Yolo,113,214977,14285,14225,390,14615,213
2021-07-05,Yuba,115,75493,6262,6223,133,6356,51
2021-07-04,Alameda,001,1643700,90245,89683,2113,91796,1253
2021-07-04,Alpine,003,1148,89,89,0,89,0
2021-07-04,Amador,005,37829,3774,3758,34,3792,46
2021-07-04,Butte,007,227075,12800,12684,1968,14652,201
2021-07-04,Calaveras,009,45235,2222,2200,15,2215,55
2021-07-04,Colusa,011,21464,1973,1969,336,2305,15
2021-07-04,Contra Costa,013,1133247,71580,70941,1408,72349,818
2021-07-04,Del Norte,015,27424,1476,1439,14,1453,8
2021-07-04,El Dorado,017,186661,10517,10433,811,11244,113
2021-07-04,Fresno,019,978130,103143,102512,9110,111622,1727
2021-07-04,Glenn,021,27897,2441,2442,588,3030,20
2021-07-04,Humboldt,023,135768,4573,4530,52,4582,49
2021-07-04,Imperial,025,180216,28747,28661,2913,31574,739
2021-07-04,Inyo,027,18085,1414,1412,4,1416,35
2021-07-04,Kern,029,883053,97792,97421,11634,109055,1347
2021-07-04,Kings,031,150075,23176,23051,1212,24263,245
2021-07-04,Lake,033,64148,3674,3623,13,3636,62
2021-07-04,Lassen,035,31185,5293,5277,120,5397,20
2021-07-04,Los Angeles,037,10098052,1213357,1208705,44473,1253178,24506
2021-07-04,Madera,039,155013,16814,16696,982,17678,240
2021-07-04,Marin,041,260295,14238,14143,275,14418,233
2021-07-04,Mariposa,043,17540,441,441,11,452,5
2021-07-04,Mendocino,045,87422,4218,4122,82,4204,49
2021-07-04,Merced,047,269075,31369,31297,1020,32317,469
2021-07-04,Modoc,049,8938,420,410,148,558,4
2021-07-04,Mono,051,14174,1258,1275,14,1289,3
2021-07-04,Monterey,053,433212,43298,43212,1952,45164,492
2021-07-04,Napa,055,140530,10093,10045,36,10081,81
2021-07-04,Nevada,057,99092,5025,4966,201,5167,72
2021-07-04,Orange,059,3164182,257058,255823,12013,267836,5126
2021-07-04,Placer,061,380077,23962,23764,1643,25407,299
2021-07-04,Plumas,063,18699,724,707,15,722,4
2021-07-04,Riverside,065,2383286,294040,293260,14788,308048,4536
2021-07-04,Sacramento,067,1510023,109243,108257,1928,110185,1676
2021-07-04,San Benito,069,59416,6142,6108,119,6227,63
2021-07-04,San Bernardino,071,2135413,295087,294294,9558,303852,5003
2021-07-04,San Diego,073,3302833,283987,282692,15549,298241,3780
2021-07-04,San Francisco,075,870044,37417,37107,1419,38526,558
2021-07-04,San Joaquin,077,732212,74319,73841,3846,77687,1409
2021-07-04,San Luis Obispo,079,281455,21446,21330,799,22129,256
2021-07-04,San Mateo,081,765935,43031,42691,514,43205,541
2021-07-04,Santa Barbara,083,443738,34812,34526,1253,35779,456
2021-07-04,Santa Clara,085,1922200,119501,118966,819,119785,2090
2021-07-04,Santa Cruz,087,273765,16308,16254,877,17131,208
2021-07-04,Shasta,089,179085,12637,12582,1705,14287,204
2021-07-04,Sierra,091,2930,62,60,14,74,0
2021-07-04,Siskiyou,093,43540,1963,1899,399,2298,29
2021-07-04,Solano,095,438530,33736,33486,588,34074,268
2021-07-04,Sonoma,097,501317,31256,31000,379,31379,316
2021-07-04,Stanislaus,099,539301,57254,57018,6302,63320,1018
2021-07-04,Sutter,101,95872,9719,9644,96,9740,114
2021-07-04,Tehama,103,63373,5133,5124,620,5744,63
2021-07-04,Trinity,105,12862,420,341,80,421,3
2021-07-04,Tulare,107,460477,49975,49789,9696,59485,853
2021-07-04,Tuolumne,109,53932,4151,4113,38,4151,64
2021-07-04,Ventura,111,848112,81850,81425,3202,84627,1033
2021-07-04,Yolo,113,214977,14265,14188,387,14575,213
2021-07-04,Yuba,115,75493,6254,6197,133,6330,51
2021-07-03,Alameda,001,1643700,90161,89683,2105,91788,1253
2021-07-03,Alpine,003,1148,89,89,0,89,0
2021-07-03,Amador,005,37829,3774,3758,34,3792,46
2021-07-03,Butte,007,227075,12796,12684,1967,14651,201
2021-07-03,Calaveras,009,45235,2221,2200,15,2215,55
2021-07-03,Colusa,011,21464,1973,1969,335,2304,15
2021-07-03,Contra Costa,013,1133247,71521,70941,1405,72346,818
2021-07-03,Del Norte,015,27424,1473,1439,14,1453,8
2021-07-03,El Dorado,017,186661,10510,10433,809,11242,113
2021-07-03,Fresno,019,978130,103118,102512,9101,111613,1727
2021-07-03,Glenn,021,27897,2441,2442,588,3030,20
2021-07-03,Humboldt,023,135768,4568,4530,52,4582,49
2021-07-03,Imperial,025,180216,28737,28661,2913,31574,739
2021-07-03,Inyo,027,18085,1414,1412,4,1416,35
2021-07-03,Kern,029,883053,97772,97421,11626,109047,1347
2021-07-03,Kings,031,150075,23176,23051,1211,24262,245
2021-07-03,Lake,033,64148,3664,3623,13,3636,62
2021-07-03,Lassen,035,31185,5292,5277,120,5397,20
2021-07-03,Los Angeles,037,10098052,1212931,1208705,44443,1253148,24506
2021-07-03,Madera,039,155013,16805,16696,979,17675,240
2021-07-03,Marin,041,260295,14234,14143,275,14418,233
2021-07-03,Mariposa,043,17540,441,441,11,452,5
2021-07-03,Mendocino,045,87422,4217,4122,82,4204,49
2021-07-03,Merced,047,269075,31356,31297,1019,32316,469
2021-07-03,Modoc,049,8938,419,410,148,558,4
2021-07-03,Mono,051,14174,1257,1275,14,1289,3
2021-07-03,Monterey,053,433212,43286,43212,1949,45161,492
2021-07-03,Napa,055,140530,10088,10045,36,10081,81
2021-07-03,Nevada,057,99092,5011,4966,201,5167,72
2021-07-03,Orange,059,3164182,256974,255823,12006,267829,5126
2021-07-03,Placer,061,380077,23943,23764,1640,25404,299
2021-07-03,Plumas,063,18699,724,707,15,722,4
2021-07-03,Riverside,065,2383286,293948,293260,14784,308044,4536
2021-07-03,Sacramento,067,1510023,109169,108257,1925,110182,1676
2021-07-03,San Benito,069,59416,6135,6108,119,6227,63
2021-07-03,San Bernardino,071,2135413,294996,294294,9555,303849,5003
2021-07-03,San Diego,073,3302833,283856,282692,15530,298222,3780
2021-07-03,San Francisco,075,870044,37376,37107,1416,38523,558
2021-07-03,San Joaquin,077,732212,74284,73841,3840,77681,1409
2021-07-03,San Luis Obispo,079,281455,21434,21330,799,22129,256
2021-07-03,San Mateo,081,765935,43006,42691,513,43204,541
2021-07-03,Santa Barbara,083,443738,34803,34526,1252,35778,456
2021-07-03,Santa Clara,085,1922200,119454,118966,819,119785,2090
2021-07-03,Santa Cruz,087,273765,16301,16254,877,17131,208
2021-07-03,Shasta,089,179085,12633,12582,1703,14285,204
2021-07-03,Sierra,091,2930,62,60,14,74,0
2021-07-03,Siskiyou,093,43540,1962,1899,398,2297,29
2021-07-03,Solano,095,438530,33693,33486,588,34074,268
2021-07-03,Sonoma,097,501317,31222,31000,379,31379,316
2021-07-03,Stanislaus,099,539301,57240,57018,6294,63312,1018
2021-07-03,Sutter,101,95872,9709,9644,96,9740,114
2021-07-03,Tehama,103,63373,5131,5124,620,5744,63
2021-07-03,Trinity,105,12862,420,341,80,421,3
2021-07-03,Tulare,107,460477,49969,49789,9690,59479,853
2021-07-03,Tuolumne,109,53932,4150,4113,38,4151,64
2021-07-03,Ventura,111,848112,81820,81425,3194,84619,1033
2021-07-03,Yolo,113,214977,14255,14188,384,14572,213
2021-07-03,Yuba,115,75493,6248,6197,133,6330,51
2021-07-02,Alameda,001,1643700,90079,89683,2104,91787,1253
2021-07-02,Alpine,003,1148,89,89,0,89,0
2021-07-02,Amador,005,37829,3772,3758,34,3792,46
2021-07-02,Butte,007,227075,12789,12684,1967,14651,201
2021-07-02,Calaveras,009,45235,2220,2200,15,2215,55
2021-07-02,Colusa,011,21464,1972,1969,334,2303,15
2021-07-02,Contra Costa,013,1133247,71452,70941,1401,72342,818
2021-07-02,Del Norte,015,27424,1473,1439,14,1453,8
2021-07-02,El Dorado,017,186661,10502,10433,809,11242,113
2021-07-02,Fresno,019,978130,103089,102512,9095,111607,1727
2021-07-02,Glenn,021,27897,2440,2442,587,3029,20
2021-07-02,Humboldt,023,135768,4565,4530,51,4581,49
2021-07-02,Imperial,025,180216,28731,28661,2912,31573,739
2021-07-02,Inyo,027,18085,1414,1412,4,1416,35
2021-07-02,Kern,029,883053,97754,97421,11617,109038,1347
2021-07-02,Kings,031,150075,23166,23051,1211,24262,245
2021-07-02,Lake,033,64148,3658,3623,13,3636,62
2021-07-02,Lassen,035,31185,5292,5277,120,5397,20
2021-07-02,Los Angeles,037,10098052,1212457,1208705,44404,1253109,24506
2021-07-02,Madera,039,155013,16796,16696,978,17674,240
2021-07-02,Marin,041,260295,14229,14143,275,14418,233
2021-07-02,Mariposa,043,17540,441,441,11,452,5
2021-07-02,Mendocino,045,87422,4213,4122,81,4203,49
2021-07-02,Merced,047,269075,31347,31297,1019,32316,469
2021-07-02,Modoc,049,8938,419,410,148,558,4
2021-07-02,Mono,051,14174,1256,1275,14,1289,3
2021-07-02,Monterey,053,433212,43278,43212,1948,45160,492
2021-07-02,Napa,055,140530,10083,10045,36,10081,81
2021-07-02,Nevada,057,99092,5002,4966,201,5167,72
2021-07-02,Orange,059,3164182,256861,255823,11999,267822,5126
2021-07-02,Placer,061,380077,23926,23764,1633,25397,299
2021-07-02,Plumas,063,18699,724,707,15,722,4
2021-07-02,Riverside,065,2383286,293851,293260,14779,308039,4536
2021-07-02,Sacramento,067,1510023,109091,108257,1924,110181,1676
2021-07-02,San Benito,069,59416,6132,6108,119,6227,63
2021-07-02,San Bernardino,071,2135413,294909,294294,9553,303847,5003
2021-07-02,San Diego,073,3302833,283711,282692,15504,298196,3780
2021-07-02,San Francisco,075,870044,37328,37107,1414,38521,558
2021-07-02,San Joaquin,077,732212,74252,73841,3834,77675,1409
2021-07-02,San Luis Obispo,079,281455,21428,21330,798,22128,256
2021-07-02,San Mateo,081,765935,42970,42691,513,43204,541
2021-07-02,Santa Barbara,083,443738,34794,34526,1252,35778,456
2021-07-02,Santa Clara,085,1922200,119376,118966,819,119785,2090
2021-07-02,Santa Cruz,087,273765,16297,16254,877,17131,208
2021-07-02,Shasta,089,179085,12629,12582,1703,14285,204
2021-07-02,Sierra,091,2930,61,60,14,74,0
2021-07-02,Siskiyou,093,43540,1959,1899,397,2296,29
2021-07-02,Solano,095,438530,33668,33486,588,34074,268
2021-07-02,Sonoma,097,501317,31199,31000,379,31379,316
2021-07-02,Stanislaus,099,539301,57218,57018,6293,63311,1018
2021-07-02,Sutter,101,95872,9704,9644,96,9740,114
2021-07-02,Tehama,103,63373,5129,5124,618,5742,63
2021-07-02,Trinity,105,12862,420,341,80,421,3
2021-07-02,Tulare,107,460477,49959,49789,9682,59471,853
2021-07-02,Tuolumne,109,53932,4147,4113,38,4151,64
2021-07-02,Ventura,111,848112,81777,81425,3186,84611,1033
2021-07-02,Yolo,113,214977,14240,14188,382,14570,213
2021-07-02,Yuba,115,75493,6240,6197,133,6330,51
2021-07-01,Alameda,001,1643700,89975,89683,2102,91785,1253
2021-07-01,Alpine,003,1148,89,89,0,89,0
2021-07-01,Amador,005,37829,3771,3758,34,3792,46
2021-07-01,Butte,007,227075,12777,12684,1965,14649,201
2021-07-01,Calaveras,009,45235,2218,2200,15,2215,55
2021-07-01,Colusa,011,21464,1972,1969,332,2301,15
2021-07-01,Contra Costa,013,1133247,71381,70941,1400,72341,818
2021-07-01,Del Norte,015,27424,1472,1439,14,1453,8
2021-07-01,El Dorado,017,186661,10490,10433,809,11242,113
2021-07-01,Fresno,019,978130,103050,102512,9090,111602,1727
2021-07-01,Glenn,021,27897,2440,2442,587,3029,20
2021-07-01,Humboldt,023,135768,4563,4530,51,4581,49
2021-07-01,Imperial,025,180216,28714,28661,2912,31573,739
2021-07-01,Inyo,027,18085,1414,1412,4,1416,35
2021-07-01,Kern,029,883053,97728,97421,11606,109027,1347
2021-07-01,Kings,031,150075,23152,23051,1211,24262,245
2021-07-01,Lake,033,64148,3655,3623,13,3636,62
2021-07-01,Lassen,035,31185,5290,5277,120,5397,20
2021-07-01,Los Angeles,037,10098052,1211860,1208705,44348,1253053,24506
2021-07-01,Madera,039,155013,16787,16696,977,17673,240
2021-07-01,Marin,041,260295,14225,14143,275,14418,233
2021-07-01,Mariposa,043,17540,441,441,11,452,5
2021-07-01,Mendocino,045,87422,4209,4122,80,4202,49
2021-07-01,Merced,047,269075,31341,31297,1019,32316,469
2021-07-01,Modoc,049,8938,419,410,148,558,4
2021-07-01,Mono,051,14174,1255,1275,14,1289,3
2021-07-01,Monterey,053,433212,43270,43212,1944,45156,492
2021-07-01,Napa,055,140530,10076,10045,36,10081,81
2021-07-01,Nevada,057,99092,4997,4966,201,5167,72
2021-07-01,Orange,059,3164182,256742,255823,11979,267802,5126
2021-07-01,Placer,061,380077,23908,23764,1630,25394,299
2021-07-01,Plumas,063,18699,721,707,13,720,4
2021-07-01,Riverside,065,2383286,293742,293260,14771,308031,4536
2021-07-01,Sacramento,067,1510023,108966,108257,1917,110174,1676
2021-07-01,San Benito,069,59416,6128,6108,119,6227,63
2021-07-01,San Bernardino,071,2135413,294790,294294,9547,303841,5003
2021-07-01,San Diego,073,3302833,283533,282692,15467,298159,3780
2021-07-01,San Francisco,075,870044,37292,37107,1412,38519,558
2021-07-01,San Joaquin,077,732212,74201,73841,3830,77671,1409
2021-07-01,San Luis Obispo,079,281455,21413,21330,797,22127,256
2021-07-01,San Mateo,081,765935,42942,42691,512,43203,541
2021-07-01,Santa Barbara,083,443738,34782,34526,1252,35778,456
2021-07-01,Santa Clara,085,1922200,119327,118966,819,119785,2090
2021-07-01,Santa Cruz,087,273765,16293,16254,876,17130,208
2021-07-01,Shasta,089,179085,12621,12582,1702,14284,204
2021-07-01,Sierra,091,2930,61,60,14,74,0
2021-07-01,Siskiyou,093,43540,1959,1899,397,2296,29
2021-07-01,Solano,095,438530,33627,33486,587,34073,268
2021-07-01,Sonoma,097,501317,31155,31000,379,31379,316
2021-07-01,Stanislaus,099,539301,57195,57018,6289,63307,1018
2021-07-01,Sutter,101,95872,9695,9644,96,9740,114
2021-07-01,Tehama,103,63373,5129,5124,617,5741,63
2021-07-01,Trinity,105,12862,420,341,80,421,3
2021-07-01,Tulare,107,460477,49950,49789,9675,59464,853
2021-07-01,Tuolumne,109,53932,4140,4113,38,4151,64
2021-07-01,Ventura,111,848112,81746,81425,3175,84600,1033
2021-07-01,Yolo,113,214977,14225,14188,380,14568,213
2021-07-01,Yuba,115,75493,6233,6197,133,6330,51
2021-06-30,Alameda,001,1643700,89890,89597,2098,91695,1256
2021-06-30,Alpine,003,1148,89,89,0,89,0
2021-06-30,Amador,005,37829,3769,3756,34,3790,46
2021-06-30,Butte,007,227075,12770,12676,1956,14632,201
2021-06-30,Calaveras,009,45235,2213,2198,15,2213,55
2021-06-30,Colusa,011,21464,1970,1967,329,2296,15
2021-06-30,Contra Costa,013,1133247,71317,70869,1397,72266,818
2021-06-30,Del Norte,015,27424,1467,1435,14,1449,8
2021-06-30,El Dorado,017,186661,10471,10420,809,11229,113
2021-06-30,Fresno,019,978130,103014,102490,9087,111577,1727
2021-06-30,Glenn,021,27897,2438,2440,587,3027,20
2021-06-30,Humboldt,023,135768,4547,4522,49,4571,49
2021-06-30,Imperial,025,180216,28706,28651,2912,31563,739
2021-06-30,Inyo,027,18085,1414,1409,4,1413,35
2021-06-30,Kern,029,883053,97687,97267,11594,108861,1348
2021-06-30,Kings,031,150075,23147,23038,1210,24248,245
2021-06-30,Lake,033,64148,3642,3601,13,3614,56
2021-06-30,Lassen,035,31185,5285,5269,120,5389,20
2021-06-30,Los Angeles,037,10098052,1211192,1208246,44303,1252549,24499
2021-06-30,Madera,039,155013,16779,16688,975,17663,240
2021-06-30,Marin,041,260295,14217,14133,273,14406,232
2021-06-30,Mariposa,043,17540,440,441,11,452,5
2021-06-30,Mendocino,045,87422,4199,4115,80,4195,49
2021-06-30,Merced,047,269075,31331,31286,1019,32305,469
2021-06-30,Modoc,049,8938,419,410,148,558,4
2021-06-30,Mono,051,14174,1255,1275,14,1289,3
2021-06-30,Monterey,053,433212,43265,43209,1942,45151,492
2021-06-30,Napa,055,140530,10068,10039,36,10075,81
2021-06-30,Nevada,057,99092,4986,4958,201,5159,72
2021-06-30,Orange,059,3164182,256614,255764,11969,267733,5125
2021-06-30,Placer,061,380077,23885,23721,1626,25347,299
2021-06-30,Plumas,063,18699,721,705,13,718,4
2021-06-30,Riverside,065,2383286,293630,293280,14759,308039,4535
2021-06-30,Sacramento,067,1510023,108827,108137,1912,110049,1676
2021-06-30,San Benito,069,59416,6124,6105,119,6224,63
2021-06-30,San Bernardino,071,2135413,294630,294211,9542,303753,4975
2021-06-30,San Diego,073,3302833,283397,282583,15439,298022,3780
2021-06-30,San Francisco,075,870044,37243,37065,1407,38472,558
2021-06-30,San Joaquin,077,732212,74140,73777,3828,77605,1409
2021-06-30,San Luis Obispo,079,281455,21400,21326,796,22122,256
2021-06-30,San Mateo,081,765935,42905,42599,511,43110,537
2021-06-30,Santa Barbara,083,443738,34766,34521,1252,35773,456
2021-06-30,Santa Clara,085,1922200,119280,118930,816,119746,2090
2021-06-30,Santa Cruz,087,273765,16287,16250,876,17126,208
2021-06-30,Shasta,089,179085,12615,12564,1702,14266,204
2021-06-30,Sierra,091,2930,61,60,14,74,0
2021-06-30,Siskiyou,093,43540,1957,1900,394,2294,29
2021-06-30,Solano,095,438530,33589,33453,585,34038,268
2021-06-30,Sonoma,097,501317,31125,30947,379,31326,316
2021-06-30,Stanislaus,099,539301,57173,56997,6288,63285,1018
2021-06-30,Sutter,101,95872,9685,9638,96,9734,114
2021-06-30,Tehama,103,63373,5127,5124,617,5741,63
2021-06-30,Trinity,105,12862,420,341,80,421,3
2021-06-30,Tulare,107,460477,49939,49764,9664,59428,853
2021-06-30,Tuolumne,109,53932,4137,4112,38,4150,64
2021-06-30,Ventura,111,848112,81703,81392,3170,84562,1032
2021-06-30,Yolo,113,214977,14219,14178,377,14555,213
2021-06-30,Yuba,115,75493,6226,6191,133,6324,51
2021-06-29,Alameda,001,1643700,89786,89519,2097,91616,1257
2021-06-29,Alpine,003,1148,89,89,0,89,0
2021-06-29,Amador,005,37829,3765,3754,34,3788,46
2021-06-29,Butte,007,227075,12762,12669,1956,14625,201
2021-06-29,Calaveras,009,45235,2207,2198,15,2213,55
2021-06-29,Colusa,011,21464,1968,1967,329,2296,15
2021-06-29,Contra Costa,013,1133247,71243,70775,1397,72172,817
2021-06-29,Del Norte,015,27424,1466,1435,14,1449,8
2021-06-29,El Dorado,017,186661,10458,10403,805,11208,113
2021-06-29,Fresno,019,978130,102981,102464,9084,111548,1725
2021-06-29,Glenn,021,27897,2437,2439,587,3026,20
2021-06-29,Humboldt,023,135768,4543,4514,48,4562,49
2021-06-29,Imperial,025,180216,28697,28645,2911,31556,737
2021-06-29,Inyo,027,18085,1414,1408,4,1412,35
2021-06-29,Kern,029,883053,97666,97173,11588,108761,1347
2021-06-29,Kings,031,150075,23138,23035,1209,24244,245
2021-06-29,Lake,033,64148,3636,3594,13,3607,56
2021-06-29,Lassen,035,31185,5278,5268,120,5388,20
2021-06-29,Los Angeles,037,10098052,1210589,1207895,44268,1252163,24498
2021-06-29,Madera,039,155013,16775,16680,974,17654,240
2021-06-29,Marin,041,260295,14205,14127,273,14400,232
2021-06-29,Mariposa,043,17540,440,441,11,452,5
2021-06-29,Mendocino,045,87422,4196,4107,79,4186,49
2021-06-29,Merced,047,269075,31319,31277,1019,32296,469
2021-06-29,Modoc,049,8938,418,408,148,556,3
2021-06-29,Mono,051,14174,1255,1275,14,1289,3
2021-06-29,Monterey,053,433212,43255,43196,1940,45136,471
2021-06-29,Napa,055,140530,10062,10033,36,10069,81
2021-06-29,Nevada,057,99092,4979,4952,201,5153,72
2021-06-29,Orange,059,3164182,256516,255686,11954,267640,5124
2021-06-29,Placer,061,380077,23865,23693,1624,25317,299
2021-06-29,Plumas,063,18699,721,704,13,717,4
2021-06-29,Riverside,065,2383286,293531,292962,14752,307714,4524
2021-06-29,Sacramento,067,1510023,108675,108067,1909,109976,1677
2021-06-29,San Benito,069,59416,6113,6099,119,6218,63
2021-06-29,San Bernardino,071,2135413,294522,294118,9540,303658,4940
2021-06-29,San Diego,073,3302833,283242,282499,15412,297911,3780
2021-06-29,San Francisco,075,870044,37205,37041,1404,38445,558
2021-06-29,San Joaquin,077,732212,74092,73724,3825,77549,1409
2021-06-29,San Luis Obispo,079,281455,21390,21324,795,22119,256
2021-06-29,San Mateo,081,765935,42873,42540,509,43049,540
2021-06-29,Santa Barbara,083,443738,34756,34507,1251,35758,455
2021-06-29,Santa Clara,085,1922200,119225,118893,815,119708,2090
2021-06-29,Santa Cruz,087,273765,16281,16249,876,17125,208
2021-06-29,Shasta,089,179085,12603,12564,1701,14265,204
2021-06-29,Sierra,091,2930,61,59,14,73,0
2021-06-29,Siskiyou,093,43540,1954,1897,390,2287,29
2021-06-29,Solano,095,438530,33556,33440,583,34023,268
2021-06-29,Sonoma,097,501317,31083,30950,377,31327,316
2021-06-29,Stanislaus,099,539301,57145,56980,6281,63261,1018
2021-06-29,Sutter,101,95872,9674,9634,96,9730,114
2021-06-29,Tehama,103,63373,5127,5124,617,5741,63
2021-06-29,Trinity,105,12862,420,341,80,421,3
2021-06-29,Tulare,107,460477,49926,49751,9659,59410,852
2021-06-29,Tuolumne,109,53932,4135,4111,38,4149,64
2021-06-29,Ventura,111,848112,81665,81363,3164,84527,1032
2021-06-29,Yolo,113,214977,14207,14171,376,14547,213
2021-06-29,Yuba,115,75493,6216,6188,133,6321,51
2021-06-28,Alameda,001,1643700,89694,89638,2095,91733,1259
2021-06-28,Alpine,003,1148,89,89,0,89,0
2021-06-28,Amador,005,37829,3764,3753,34,3787,46
2021-06-28,Butte,007,227075,12753,12697,1954,14651,198
2021-06-28,Calaveras,009,45235,2204,2203,15,2218,55
2021-06-28,Colusa,011,21464,1966,1974,329,2303,15
2021-06-28,Contra Costa,013,1133247,71169,70807,1395,72202,816
2021-06-28,Del Norte,015,27424,1466,1436,14,1450,8
2021-06-28,El Dorado,017,186661,10448,10422,801,11223,115
2021-06-28,Fresno,019,978130,102951,103121,9082,112203,1727
2021-06-28,Glenn,021,27897,2437,2439,587,3026,20
2021-06-28,Humboldt,023,135768,4536,4520,47,4567,49
2021-06-28,Imperial,025,180216,28689,28981,2910,31891,741
2021-06-28,Inyo,027,18085,1411,1407,4,1411,35
2021-06-28,Kern,029,883053,97647,97252,11583,108835,1348
2021-06-28,Kings,031,150075,23132,23134,1209,24343,246
2021-06-28,Lake,033,64148,3628,3591,13,3604,56
2021-06-28,Lassen,035,31185,5276,5268,120,5388,20
2021-06-28,Los Angeles,037,10098052,1210075,1207714,44230,1251944,24496
2021-06-28,Madera,039,155013,16765,16683,973,17656,240
2021-06-28,Marin,041,260295,14190,14186,273,14459,232
2021-06-28,Mariposa,043,17540,440,440,11,451,5
2021-06-28,Mendocino,045,87422,4187,4102,78,4180,49
2021-06-28,Merced,047,269075,31307,31277,1019,32296,469
2021-06-28,Modoc,049,8938,418,411,147,558,3
2021-06-28,Mono,051,14174,1255,1276,14,1290,3
2021-06-28,Monterey,053,433212,43251,43202,1939,45141,462
2021-06-28,Napa,055,140530,10053,10050,35,10085,81
2021-06-28,Nevada,057,99092,4975,4951,201,5152,72
2021-06-28,Orange,059,3164182,256427,255755,11940,267695,5123
2021-06-28,Placer,061,380077,23845,23756,1619,25375,299
2021-06-28,Plumas,063,18699,719,704,13,717,4
2021-06-28,Riverside,065,2383286,293406,292647,14739,307386,4507
2021-06-28,Sacramento,067,1510023,108543,108342,1904,110246,1675
2021-06-28,San Benito,069,59416,6111,6101,119,6220,63
2021-06-28,San Bernardino,071,2135413,294421,294151,9535,303686,4928
2021-06-28,San Diego,073,3302833,283079,282417,15383,297800,3780
2021-06-28,San Francisco,075,870044,37169,37372,1402,38774,559
2021-06-28,San Joaquin,077,732212,74044,73973,3820,77793,1411
2021-06-28,San Luis Obispo,079,281455,21386,21340,794,22134,256
2021-06-28,San Mateo,081,765935,42840,42927,508,43435,540
2021-06-28,Santa Barbara,083,443738,34749,34534,1249,35783,455
2021-06-28,Santa Clara,085,1922200,119161,120377,814,121191,2103
2021-06-28,Santa Cruz,087,273765,16276,16245,876,17121,208
2021-06-28,Shasta,089,179085,12599,12642,1699,14341,203
2021-06-28,Sierra,091,2930,61,58,14,72,0
2021-06-28,Siskiyou,093,43540,1953,1896,390,2286,29
2021-06-28,Solano,095,438530,33520,33524,581,34105,267
2021-06-28,Sonoma,097,501317,31046,31137,376,31513,315
2021-06-28,Stanislaus,099,539301,57126,57047,6277,63324,1018
2021-06-28,Sutter,101,95872,9670,9682,96,9778,114
2021-06-28,Tehama,103,63373,5125,5122,617,5739,63
2021-06-28,Trinity,105,12862,420,341,80,421,3
2021-06-28,Tulare,107,460477,49917,49751,9654,59405,850
2021-06-28,Tuolumne,109,53932,4128,4121,38,4159,64
2021-06-28,Ventura,111,848112,81608,81393,3159,84552,1032
2021-06-28,Yolo,113,214977,14198,14199,373,14572,213
2021-06-28,Yuba,115,75493,6211,6207,133,6340,51
2021-06-27,Alameda,001,1643700,89608,89611,2091,91702,1259
2021-06-27,Alpine,003,1148,89,89,0,89,0
2021-06-27,Amador,005,37829,3763,3752,34,3786,46
2021-06-27,Butte,007,227075,12744,12696,1953,14649,198
2021-06-27,Calaveras,009,45235,2203,2203,15,2218,55
2021-06-27,Colusa,011,21464,1966,1974,329,2303,15
2021-06-27,Contra Costa,013,1133247,71083,70762,1391,72153,816
2021-06-27,Del Norte,015,27424,1463,1436,14,1450,8
2021-06-27,El Dorado,017,186661,10436,10418,798,11216,115
2021-06-27,Fresno,019,978130,102922,103110,9080,112190,1727
2021-06-27,Glenn,021,27897,2436,2439,586,3025,20
2021-06-27,Humboldt,023,135768,4524,4513,44,4557,49
2021-06-27,Imperial,025,180216,28675,28987,2910,31897,741
2021-06-27,Inyo,027,18085,1411,1407,4,1411,35
2021-06-27,Kern,029,883053,97621,97249,11576,108825,1348
2021-06-27,Kings,031,150075,23122,23132,1209,24341,246
2021-06-27,Lake,033,64148,3621,3581,13,3594,56
2021-06-27,Lassen,035,31185,5275,5265,120,5385,20
2021-06-27,Los Angeles,037,10098052,1209531,1207461,44190,1251651,24493
2021-06-27,Madera,039,155013,16757,16680,973,17653,240
2021-06-27,Marin,041,260295,14181,14182,273,14455,232
2021-06-27,Mariposa,043,17540,440,440,11,451,5
2021-06-27,Mendocino,045,87422,4180,4100,78,4178,49
2021-06-27,Merced,047,269075,31295,31266,1019,32285,469
2021-06-27,Modoc,049,8938,418,411,147,558,3
2021-06-27,Mono,051,14174,1255,1279,14,1293,3
2021-06-27,Monterey,053,433212,43238,43199,1939,45138,462
2021-06-27,Napa,055,140530,10047,10046,35,10081,81
2021-06-27,Nevada,057,99092,4969,4946,201,5147,72
2021-06-27,Orange,059,3164182,256314,255710,11929,267639,5123
2021-06-27,Placer,061,380077,23812,23731,1616,25347,299
2021-06-27,Plumas,063,18699,719,704,13,717,4
2021-06-27,Riverside,065,2383286,293303,292641,14733,307374,4507
2021-06-27,Sacramento,067,1510023,108409,108279,1900,110179,1675
2021-06-27,San Benito,069,59416,6105,6101,119,6220,63
2021-06-27,San Bernardino,071,2135413,294308,294115,9533,303648,4927
2021-06-27,San Diego,073,3302833,282939,282359,15357,297716,3780
2021-06-27,San Francisco,075,870044,37132,37360,1401,38761,559
2021-06-27,San Joaquin,077,732212,74008,73960,3818,77778,1411
2021-06-27,San Luis Obispo,079,281455,21379,21340,793,22133,256
2021-06-27,San Mateo,081,765935,42811,42925,505,43430,539
2021-06-27,Santa Barbara,083,443738,34735,34533,1246,35779,455
2021-06-27,Santa Clara,085,1922200,119110,120352,812,121164,2103
2021-06-27,Santa Cruz,087,273765,16267,16241,876,17117,208
2021-06-27,Shasta,089,179085,12593,12640,1698,14338,203
2021-06-27,Sierra,091,2930,61,58,14,72,0
2021-06-27,Siskiyou,093,43540,1951,1896,389,2285,29
2021-06-27,Solano,095,438530,33492,33516,581,34097,267
2021-06-27,Sonoma,097,501317,31008,31129,376,31505,315
2021-06-27,Stanislaus,099,539301,57079,57021,6274,63295,1018
2021-06-27,Sutter,101,95872,9664,9678,96,9774,114
2021-06-27,Tehama,103,63373,5121,5122,617,5739,63
2021-06-27,Trinity,105,12862,420,341,79,420,3
2021-06-27,Tulare,107,460477,49904,49749,9647,59396,850
2021-06-27,Tuolumne,109,53932,4126,4121,38,4159,64
2021-06-27,Ventura,111,848112,81574,81361,3150,84511,1032
2021-06-27,Yolo,113,214977,14183,14194,369,14563,213
2021-06-27,Yuba,115,75493,6205,6205,133,6338,51
2021-06-26,Alameda,001,1643700,89550,89560,2089,91649,1259
2021-06-26,Alpine,003,1148,89,89,0,89,0
2021-06-26,Amador,005,37829,3763,3748,34,3782,46
2021-06-26,Butte,007,227075,12740,12693,1950,14643,198
2021-06-26,Calaveras,009,45235,2201,2202,15,2217,55
2021-06-26,Colusa,011,21464,1966,1973,329,2302,15
2021-06-26,Contra Costa,013,1133247,71040,70712,1390,72102,816
2021-06-26,Del Norte,015,27424,1462,1432,14,1446,8
2021-06-26,El Dorado,017,186661,10428,10414,797,11211,115
2021-06-26,Fresno,019,978130,102902,103091,9078,112169,1727
2021-06-26,Glenn,021,27897,2434,2441,586,3027,20
2021-06-26,Humboldt,023,135768,4521,4509,44,4553,49
2021-06-26,Imperial,025,180216,28671,28970,2910,31880,741
2021-06-26,Inyo,027,18085,1411,1407,4,1411,35
2021-06-26,Kern,029,883053,97595,97239,11567,108806,1348
2021-06-26,Kings,031,150075,23118,23128,1208,24336,246
2021-06-26,Lake,033,64148,3610,3576,13,3589,56
2021-06-26,Lassen,035,31185,5272,5263,120,5383,20
2021-06-26,Los Angeles,037,10098052,1209229,1207198,44154,1251352,24490
2021-06-26,Madera,039,155013,16750,16679,972,17651,240
2021-06-26,Marin,041,260295,14172,14180,273,14453,232
2021-06-26,Mariposa,043,17540,440,440,11,451,5
2021-06-26,Mendocino,045,87422,4178,4096,78,4174,49
2021-06-26,Merced,047,269075,31289,31259,1018,32277,469
2021-06-26,Modoc,049,8938,418,411,147,558,3
2021-06-26,Mono,051,14174,1255,1279,14,1293,3
2021-06-26,Monterey,053,433212,43235,43192,1939,45131,462
2021-06-26,Napa,055,140530,10041,10043,35,10078,81
2021-06-26,Nevada,057,99092,4964,4939,201,5140,72
2021-06-26,Orange,059,3164182,256237,255640,11922,267562,5123
2021-06-26,Placer,061,380077,23798,23702,1614,25316,299
2021-06-26,Plumas,063,18699,719,704,13,717,4
2021-06-26,Riverside,065,2383286,293246,292480,14727,307207,4505
2021-06-26,Sacramento,067,1510023,108338,108179,1898,110077,1675
2021-06-26,San Benito,069,59416,6101,6100,119,6219,63
2021-06-26,San Bernardino,071,2135413,294214,294034,9528,303562,4928
2021-06-26,San Diego,073,3302833,282854,282263,15339,297602,3780
2021-06-26,San Francisco,075,870044,37100,37348,1400,38748,559
2021-06-26,San Joaquin,077,732212,73979,73928,3817,77745,1411
2021-06-26,San Luis Obispo,079,281455,21378,21330,792,22122,256
2021-06-26,San Mateo,081,765935,42790,42898,505,43403,539
2021-06-26,Santa Barbara,083,443738,34726,34525,1246,35771,455
2021-06-26,Santa Clara,085,1922200,119077,120321,812,121133,2103
2021-06-26,Santa Cruz,087,273765,16264,16239,876,17115,208
2021-06-26,Shasta,089,179085,12589,12635,1694,14329,203
2021-06-26,Sierra,091,2930,61,58,14,72,0
2021-06-26,Siskiyou,093,43540,1950,1896,388,2284,29
2021-06-26,Solano,095,438530,33474,33489,579,34068,267
2021-06-26,Sonoma,097,501317,30982,31088,376,31464,315
2021-06-26,Stanislaus,099,539301,57059,57006,6272,63278,1018
2021-06-26,Sutter,101,95872,9663,9669,96,9765,114
2021-06-26,Tehama,103,63373,5121,5119,617,5736,63
2021-06-26,Trinity,105,12862,420,341,79,420,3
2021-06-26,Tulare,107,460477,49898,49745,9647,59392,850
2021-06-26,Tuolumne,109,53932,4126,4121,38,4159,64
2021-06-26,Ventura,111,848112,81550,81352,3149,84501,1032
2021-06-26,Yolo,113,214977,14175,14184,369,14553,213
2021-06-26,Yuba,115,75493,6202,6200,133,6333,51
2021-06-25,Alameda,001,1643700,89484,89453,2086,91539,1271
2021-06-25,Alpine,003,1148,89,89,0,89,0
2021-06-25,Amador,005,37829,3762,3746,34,3780,46
2021-06-25,Butte,007,227075,12735,12682,1947,14629,198
2021-06-25,Calaveras,009,45235,2200,2201,15,2216,55
2021-06-25,Colusa,011,21464,1966,1972,329,2301,15
2021-06-25,Contra Costa,013,1133247,71004,70659,1390,72049,815
2021-06-25,Del Norte,015,27424,1462,1426,14,1440,8
2021-06-25,El Dorado,017,186661,10420,10406,794,11200,115
2021-06-25,Fresno,019,978130,102885,103073,9074,112147,1727
2021-06-25,Glenn,021,27897,2434,2441,586,3027,20
2021-06-25,Humboldt,023,135768,4515,4503,42,4545,49
2021-06-25,Imperial,025,180216,28668,28968,2910,31878,740
2021-06-25,Inyo,027,18085,1410,1406,4,1410,35
2021-06-25,Kern,029,883053,97576,97182,11563,108745,1347
2021-06-25,Kings,031,150075,23112,23118,1208,24326,246
2021-06-25,Lake,033,64148,3604,3571,13,3584,56
2021-06-25,Lassen,035,31185,5271,5259,120,5379,20
2021-06-25,Los Angeles,037,10098052,1208953,1206909,44136,1251045,24483
2021-06-25,Madera,039,155013,16747,16670,972,17642,240
2021-06-25,Marin,041,260295,14169,14179,273,14452,232
2021-06-25,Mariposa,043,17540,440,440,11,451,5
2021-06-25,Mendocino,045,87422,4175,4089,78,4167,49
2021-06-25,Merced,047,269075,31281,31256,1018,32274,467
2021-06-25,Modoc,049,8938,418,411,147,558,3
2021-06-25,Mono,051,14174,1255,1279,14,1293,3
2021-06-25,Monterey,053,433212,43230,43184,1938,45122,462
2021-06-25,Napa,055,140530,10036,10037,35,10072,81
2021-06-25,Nevada,057,99092,4961,4932,201,5133,72
2021-06-25,Orange,059,3164182,256167,255574,11919,267493,5119
2021-06-25,Placer,061,380077,23779,23672,1613,25285,299
2021-06-25,Plumas,063,18699,719,702,12,714,4
2021-06-25,Riverside,065,2383286,293179,291663,14721,306384,4490
2021-06-25,Sacramento,067,1510023,108266,108034,1895,109929,1673
2021-06-25,San Benito,069,59416,6097,6098,119,6217,63
2021-06-25,San Bernardino,071,2135413,294159,293941,9526,303467,4911
2021-06-25,San Diego,073,3302833,282794,282157,15326,297483,3779
2021-06-25,San Francisco,075,870044,37077,37338,1399,38737,559
2021-06-25,San Joaquin,077,732212,73946,73860,3815,77675,1410
2021-06-25,San Luis Obispo,079,281455,21375,21325,791,22116,256
2021-06-25,San Mateo,081,765935,42772,42849,505,43354,537
2021-06-25,Santa Barbara,083,443738,34718,34518,1245,35763,454
2021-06-25,Santa Clara,085,1922200,119057,120272,812,121084,2103
2021-06-25,Santa Cruz,087,273765,16261,16230,874,17104,208
2021-06-25,Shasta,089,179085,12579,12633,1693,14326,202
2021-06-25,Sierra,091,2930,61,58,14,72,0
2021-06-25,Siskiyou,093,43540,1949,1894,388,2282,29
2021-06-25,Solano,095,438530,33454,33449,579,34028,267
2021-06-25,Sonoma,097,501317,30960,31043,376,31419,314
2021-06-25,Stanislaus,099,539301,57040,56973,6265,63238,1018
2021-06-25,Sutter,101,95872,9656,9664,96,9760,114
2021-06-25,Tehama,103,63373,5120,5119,617,5736,63
2021-06-25,Trinity,105,12862,420,338,79,417,3
2021-06-25,Tulare,107,460477,49892,49731,9643,59374,850
2021-06-25,Tuolumne,109,53932,4125,4121,38,4159,64
2021-06-25,Ventura,111,848112,81521,81342,3143,84485,1032
2021-06-25,Yolo,113,214977,14169,14172,369,14541,213
2021-06-25,Yuba,115,75493,6198,6195,133,6328,51
2021-06-24,Alameda,001,1643700,89413,89358,2082,91440,1268
2021-06-24,Alpine,003,1148,89,89,0,89,0
2021-06-24,Amador,005,37829,3758,3745,34,3779,46
2021-06-24,Butte,007,227075,12729,12673,1945,14618,198
2021-06-24,Calaveras,009,45235,2197,2202,15,2217,55
2021-06-24,Colusa,011,21464,1965,1972,329,2301,15
2021-06-24,Contra Costa,013,1133247,70945,70590,1390,71980,813
2021-06-24,Del Norte,015,27424,1461,1421,14,1435,8
2021-06-24,El Dorado,017,186661,10413,10402,794,11196,115
2021-06-24,Fresno,019,978130,102865,103061,9071,112132,1727
2021-06-24,Glenn,021,27897,2433,2439,586,3025,20
2021-06-24,Humboldt,023,135768,4510,4493,42,4535,49
2021-06-24,Imperial,025,180216,28665,28981,2910,31891,740
2021-06-24,Inyo,027,18085,1409,1406,4,1410,35
2021-06-24,Kern,029,883053,97557,97129,11550,108679,1346
2021-06-24,Kings,031,150075,23108,23114,1206,24320,246
2021-06-24,Lake,033,64148,3598,3571,13,3584,56
2021-06-24,Lassen,035,31185,5270,5258,120,5378,20
2021-06-24,Los Angeles,037,10098052,1208630,1206590,44112,1250702,24480
2021-06-24,Madera,039,155013,16736,16662,971,17633,240
2021-06-24,Marin,041,260295,14165,14180,273,14453,232
2021-06-24,Mariposa,043,17540,440,440,11,451,5
2021-06-24,Mendocino,045,87422,4167,4085,78,4163,49
2021-06-24,Merced,047,269075,31271,31248,1017,32265,466
2021-06-24,Modoc,049,8938,418,411,147,558,3
2021-06-24,Mono,051,14174,1255,1276,14,1290,3
2021-06-24,Monterey,053,433212,43223,43180,1938,45118,451
2021-06-24,Napa,055,140530,10034,10036,35,10071,80
2021-06-24,Nevada,057,99092,4959,4927,201,5128,72
2021-06-24,Orange,059,3164182,256103,255520,11911,267431,5117
2021-06-24,Placer,061,380077,23754,23659,1611,25270,299
2021-06-24,Plumas,063,18699,718,702,12,714,4
2021-06-24,Riverside,065,2383286,293099,291067,14710,305777,4473
2021-06-24,Sacramento,067,1510023,108178,107965,1893,109858,1672
2021-06-24,San Benito,069,59416,6094,6098,119,6217,63
2021-06-24,San Bernardino,071,2135413,294091,293895,9521,303416,4898
2021-06-24,San Diego,073,3302833,282689,282053,15314,297367,3778
2021-06-24,San Francisco,075,870044,37055,37320,1397,38717,559
2021-06-24,San Joaquin,077,732212,73898,73814,3815,77629,1408
2021-06-24,San Luis Obispo,079,281455,21369,21326,791,22117,256
2021-06-24,San Mateo,081,765935,42746,42814,504,43318,542
2021-06-24,Santa Barbara,083,443738,34712,34512,1244,35756,454
2021-06-24,Santa Clara,085,1922200,119027,120274,811,121085,2103
2021-06-24,Santa Cruz,087,273765,16260,16227,874,17101,208
2021-06-24,Shasta,089,179085,12574,12629,1689,14318,202
2021-06-24,Sierra,091,2930,61,58,14,72,0
2021-06-24,Siskiyou,093,43540,1949,1892,388,2280,28
2021-06-24,Solano,095,438530,33432,33432,577,34009,267
2021-06-24,Sonoma,097,501317,30931,31020,376,31396,314
2021-06-24,Stanislaus,099,539301,57008,56946,6265,63211,1018
2021-06-24,Sutter,101,95872,9649,9660,96,9756,113
2021-06-24,Tehama,103,63373,5117,5115,617,5732,63
2021-06-24,Trinity,105,12862,419,338,79,417,3
2021-06-24,Tulare,107,460477,49882,49730,9640,59370,850
2021-06-24,Tuolumne,109,53932,4123,4120,38,4158,64
2021-06-24,Ventura,111,848112,81493,81332,3142,84474,1032
2021-06-24,Yolo,113,214977,14160,14169,366,14535,213
2021-06-24,Yuba,115,75493,6193,6195,133,6328,51
2021-06-23,Alameda,001,1643700,89341,89338,2081,91419,1266
2021-06-23,Alpine,003,1148,89,88,0,88,0
2021-06-23,Amador,005,37829,3756,3743,34,3777,46
2021-06-23,Butte,007,227075,12722,12666,1945,14611,198
2021-06-23,Calaveras,009,45235,2196,2199,15,2214,55
2021-06-23,Colusa,011,21464,1964,1972,329,2301,15
2021-06-23,Contra Costa,013,1133247,70880,70526,1389,71915,813
2021-06-23,Del Norte,015,27424,1457,1418,14,1432,8
2021-06-23,El Dorado,017,186661,10404,10395,791,11186,115
2021-06-23,Fresno,019,978130,102836,103020,9069,112089,1724
2021-06-23,Glenn,021,27897,2433,2437,585,3022,20
2021-06-23,Humboldt,023,135768,4501,4490,42,4532,48
2021-06-23,Imperial,025,180216,28658,28908,2910,31818,740
2021-06-23,Inyo,027,18085,1409,1406,4,1410,35
2021-06-23,Kern,029,883053,97530,97078,11536,108614,1345
2021-06-23,Kings,031,150075,23101,23105,1204,24309,245
2021-06-23,Lake,033,64148,3589,3566,13,3579,53
2021-06-23,Lassen,035,31185,5267,5257,120,5377,20
2021-06-23,Los Angeles,037,10098052,1208293,1206358,44101,1250459,24472
2021-06-23,Madera,039,155013,16730,16660,971,17631,240
2021-06-23,Marin,041,260295,14159,14177,273,14450,230
2021-06-23,Mariposa,043,17540,440,439,11,450,5
2021-06-23,Mendocino,045,87422,4163,4078,78,4156,49
2021-06-23,Merced,047,269075,31262,31260,1017,32277,465
2021-06-23,Modoc,049,8938,416,407,147,554,3
2021-06-23,Mono,051,14174,1255,1279,14,1293,3
2021-06-23,Monterey,053,433212,43214,43166,1938,45104,439
2021-06-23,Napa,055,140530,10025,10032,35,10067,80
2021-06-23,Nevada,057,99092,4956,4924,201,5125,72
2021-06-23,Orange,059,3164182,256037,255479,11903,267382,5116
2021-06-23,Placer,061,380077,23725,23630,1605,25235,299
2021-06-23,Plumas,063,18699,717,701,12,713,4
2021-06-23,Riverside,065,2383286,293016,290343,14708,305051,4462
2021-06-23,Sacramento,067,1510023,108086,107868,1888,109756,1671
2021-06-23,San Benito,069,59416,6090,6097,119,6216,63
2021-06-23,San Bernardino,071,2135413,294012,293816,9516,303332,4886
2021-06-23,San Diego,073,3302833,282589,281937,15293,297230,3777
2021-06-23,San Francisco,075,870044,37031,37304,1396,38700,559
2021-06-23,San Joaquin,077,732212,73859,73764,3813,77577,1405
2021-06-23,San Luis Obispo,079,281455,21365,21323,790,22113,257
2021-06-23,San Mateo,081,765935,42730,42756,504,43260,542
2021-06-23,Santa Barbara,083,443738,34702,34505,1244,35749,454
2021-06-23,Santa Clara,085,1922200,118998,120233,811,121044,2098
2021-06-23,Santa Cruz,087,273765,16256,16215,874,17089,209
2021-06-23,Shasta,089,179085,12567,12604,1687,14291,202
2021-06-23,Sierra,091,2930,61,57,14,71,0
2021-06-23,Siskiyou,093,43540,1947,1892,388,2280,28
2021-06-23,Solano,095,438530,33388,33408,577,33985,267
2021-06-23,Sonoma,097,501317,30891,30959,374,31333,314
2021-06-23,Stanislaus,099,539301,56975,56926,6264,63190,1017
2021-06-23,Sutter,101,95872,9643,9653,96,9749,113
2021-06-23,Tehama,103,63373,5117,5119,616,5735,63
2021-06-23,Trinity,105,12862,419,338,79,417,3
2021-06-23,Tulare,107,460477,49876,49711,9635,59346,850
2021-06-23,Tuolumne,109,53932,4120,4120,38,4158,64
2021-06-23,Ventura,111,848112,81470,81312,3139,84451,1032
2021-06-23,Yolo,113,214977,14150,14161,366,14527,212
2021-06-23,Yuba,115,75493,6190,6190,133,6323,51
2021-06-22,Alameda,001,1643700,89273,89308,2081,91389,1263
2021-06-22,Alpine,003,1148,89,88,0,88,0
2021-06-22,Amador,005,37829,3753,3743,34,3777,46
2021-06-22,Butte,007,227075,12718,12662,1942,14604,198
2021-06-22,Calaveras,009,45235,2195,2198,15,2213,55
2021-06-22,Colusa,011,21464,1963,1971,329,2300,15
2021-06-22,Contra Costa,013,1133247,70824,70480,1388,71868,813
2021-06-22,Del Norte,015,27424,1454,1417,14,1431,8
2021-06-22,El Dorado,017,186661,10399,10380,790,11170,113
2021-06-22,Fresno,019,978130,102817,102996,9065,112061,1724
2021-06-22,Glenn,021,27897,2432,2435,583,3018,19
2021-06-22,Humboldt,023,135768,4491,4483,42,4525,42
2021-06-22,Imperial,025,180216,28653,28880,2910,31790,740
2021-06-22,Inyo,027,18085,1409,1405,4,1409,35
2021-06-22,Kern,029,883053,97517,97013,11532,108545,1342
2021-06-22,Kings,031,150075,23093,23098,1203,24301,245
2021-06-22,Lake,033,64148,3587,3564,13,3577,45
2021-06-22,Lassen,035,31185,5262,5254,120,5374,20
2021-06-22,Los Angeles,037,10098052,1207980,1206146,44089,1250235,24461
2021-06-22,Madera,039,155013,16725,16652,971,17623,240
2021-06-22,Marin,041,260295,14157,14174,273,14447,230
2021-06-22,Mariposa,043,17540,440,439,11,450,5
2021-06-22,Mendocino,045,87422,4157,4072,78,4150,49
2021-06-22,Merced,047,269075,31251,31267,1017,32284,464
2021-06-22,Modoc,049,8938,414,405,146,551,3
2021-06-22,Mono,051,14174,1255,1277,14,1291,3
2021-06-22,Monterey,053,433212,43211,43162,1937,45099,427
2021-06-22,Napa,055,140530,10020,10029,35,10064,80
2021-06-22,Nevada,057,99092,4950,4923,201,5124,72
2021-06-22,Orange,059,3164182,255969,255452,11892,267344,5114
2021-06-22,Placer,061,380077,23703,23603,1605,25208,299
2021-06-22,Plumas,063,18699,717,697,12,709,4
2021-06-22,Riverside,065,2383286,292955,289839,14704,304543,4456
2021-06-22,Sacramento,067,1510023,107985,107801,1883,109684,1670
2021-06-22,San Benito,069,59416,6089,6098,119,6217,63
2021-06-22,San Bernardino,071,2135413,293936,293770,9510,303280,4873
2021-06-22,San Diego,073,3302833,282484,281867,15271,297138,3771
2021-06-22,San Francisco,075,870044,37017,37287,1396,38683,556
2021-06-22,San Joaquin,077,732212,73829,73723,3812,77535,1405
2021-06-22,San Luis Obispo,079,281455,21362,21321,789,22110,257
2021-06-22,San Mateo,081,765935,42716,42725,498,43223,542
2021-06-22,Santa Barbara,083,443738,34691,34500,1243,35743,454
2021-06-22,Santa Clara,085,1922200,118966,120194,811,121005,2095
2021-06-22,Santa Cruz,087,273765,16251,16218,874,17092,209
2021-06-22,Shasta,089,179085,12557,12616,1683,14299,202
2021-06-22,Sierra,091,2930,60,57,14,71,0
2021-06-22,Siskiyou,093,43540,1947,1892,388,2280,28
2021-06-22,Solano,095,438530,33370,33397,576,33973,267
2021-06-22,Sonoma,097,501317,30851,30933,374,31307,314
2021-06-22,Stanislaus,099,539301,56955,56915,6262,63177,1017
2021-06-22,Sutter,101,95872,9636,9649,96,9745,113
2021-06-22,Tehama,103,63373,5115,5118,615,5733,63
2021-06-22,Trinity,105,12862,417,337,79,416,3
2021-06-22,Tulare,107,460477,49868,49706,9630,59336,850
2021-06-22,Tuolumne,109,53932,4118,4119,38,4157,64
2021-06-22,Ventura,111,848112,81456,81300,3138,84438,1032
2021-06-22,Yolo,113,214977,14145,14157,364,14521,212
2021-06-22,Yuba,115,75493,6186,6181,133,6314,51
2021-06-21,Alameda,001,1643700,89213,89281,2080,91361,1262
2021-06-21,Alpine,003,1148,89,88,0,88,0
2021-06-21,Amador,005,37829,3747,3742,34,3776,46
2021-06-21,Butte,007,227075,12712,12668,1940,14608,195
2021-06-21,Calaveras,009,45235,2194,2194,15,2209,55
2021-06-21,Colusa,011,21464,1962,1970,328,2298,15
2021-06-21,Contra Costa,013,1133247,70753,70439,1386,71825,813
2021-06-21,Del Norte,015,27424,1450,1416,14,1430,8
2021-06-21,El Dorado,017,186661,10393,10375,789,11164,113
2021-06-21,Fresno,019,978130,102798,102971,9062,112033,1724
2021-06-21,Glenn,021,27897,2431,2433,583,3016,19
2021-06-21,Humboldt,023,135768,4482,4478,41,4519,42
2021-06-21,Imperial,025,180216,28649,28855,2910,31765,740
2021-06-21,Inyo,027,18085,1408,1405,4,1409,35
2021-06-21,Kern,029,883053,97488,96995,11523,108518,1342
2021-06-21,Kings,031,150075,23086,23091,1200,24291,245
2021-06-21,Lake,033,64148,3581,3563,13,3576,45
2021-06-21,Lassen,035,31185,5260,5233,120,5353,19
2021-06-21,Los Angeles,037,10098052,1207691,1205994,44065,1250059,24459
2021-06-21,Madera,039,155013,16716,16647,970,17617,240
2021-06-21,Marin,041,260295,14153,14173,273,14446,230
2021-06-21,Mariposa,043,17540,440,439,11,450,5
2021-06-21,Mendocino,045,87422,4154,4085,78,4163,49
2021-06-21,Merced,047,269075,31241,31264,1016,32280,465
2021-06-21,Modoc,049,8938,414,405,146,551,3
2021-06-21,Mono,051,14174,1255,1277,14,1291,3
2021-06-21,Monterey,053,433212,43208,43157,1937,45094,427
2021-06-21,Napa,055,140530,10016,10028,35,10063,80
2021-06-21,Nevada,057,99092,4946,4921,201,5122,72
2021-06-21,Orange,059,3164182,255898,255400,11884,267284,5113
2021-06-21,Placer,061,380077,23678,23577,1605,25182,298
2021-06-21,Plumas,063,18699,715,697,12,709,4
2021-06-21,Riverside,065,2383286,292879,289797,14699,304496,4456
2021-06-21,Sacramento,067,1510023,107874,107757,1882,109639,1669
2021-06-21,San Benito,069,59416,6085,6098,119,6217,63
2021-06-21,San Bernardino,071,2135413,293851,293736,9505,303241,4850
2021-06-21,San Diego,073,3302833,282378,281811,15251,297062,3771
2021-06-21,San Francisco,075,870044,37001,37275,1395,38670,556
2021-06-21,San Joaquin,077,732212,73788,73687,3811,77498,1405
2021-06-21,San Luis Obispo,079,281455,21353,21316,789,22105,257
2021-06-21,San Mateo,081,765935,42699,42685,497,43182,542
2021-06-21,Santa Barbara,083,443738,34686,34492,1243,35735,455
2021-06-21,Santa Clara,085,1922200,118933,120192,810,121002,2093
2021-06-21,Santa Cruz,087,273765,16249,16212,874,17086,208
2021-06-21,Shasta,089,179085,12544,12617,1680,14297,201
2021-06-21,Sierra,091,2930,60,57,14,71,0
2021-06-21,Siskiyou,093,43540,1947,1892,388,2280,27
2021-06-21,Solano,095,438530,33347,33383,574,33957,266
2021-06-21,Sonoma,097,501317,30830,30912,374,31286,314
2021-06-21,Stanislaus,099,539301,56925,56891,6257,63148,1017
2021-06-21,Sutter,101,95872,9635,9649,96,9745,113
2021-06-21,Tehama,103,63373,5115,5115,614,5729,63
2021-06-21,Trinity,105,12862,417,337,79,416,3
2021-06-21,Tulare,107,460477,49858,49689,9625,59314,849
2021-06-21,Tuolumne,109,53932,4114,4119,38,4157,63
2021-06-21,Ventura,111,848112,81428,81291,3134,84425,1031
2021-06-21,Yolo,113,214977,14139,14165,364,14529,212
2021-06-21,Yuba,115,75493,6185,6172,133,6305,51
2021-06-20,Alameda,001,1643700,89150,89255,2080,91335,1263
2021-06-20,Alpine,003,1148,89,88,0,88,0
2021-06-20,Amador,005,37829,3744,3740,34,3774,46
2021-06-20,Butte,007,227075,12705,12668,1939,14607,194
2021-06-20,Calaveras,009,45235,2192,2193,15,2208,55
2021-06-20,Colusa,011,21464,1962,1970,328,2298,15
2021-06-20,Contra Costa,013,1133247,70697,70401,1384,71785,813
2021-06-20,Del Norte,015,27424,1446,1416,14,1430,8
2021-06-20,El Dorado,017,186661,10379,10372,787,11159,113
2021-06-20,Fresno,019,978130,102758,102947,9058,112005,1724
2021-06-20,Glenn,021,27897,2431,2434,583,3017,19
2021-06-20,Humboldt,023,135768,4476,4472,41,4513,42
2021-06-20,Imperial,025,180216,28640,28855,2910,31765,740
2021-06-20,Inyo,027,18085,1407,1405,4,1409,35
2021-06-20,Kern,029,883053,97467,96985,11512,108497,1342
2021-06-20,Kings,031,150075,23081,23088,1198,24286,245
2021-06-20,Lake,033,64148,3579,3563,13,3576,45
2021-06-20,Lassen,035,31185,5257,5230,120,5350,19
2021-06-20,Los Angeles,037,10098052,1207394,1205874,44055,1249929,24456
2021-06-20,Madera,039,155013,16708,16638,968,17606,240
2021-06-20,Marin,041,260295,14150,14166,273,14439,230
2021-06-20,Mariposa,043,17540,438,439,11,450,5
2021-06-20,Mendocino,045,87422,4147,4080,78,4158,49
2021-06-20,Merced,047,269075,31228,31265,1016,32281,465
2021-06-20,Modoc,049,8938,414,405,146,551,3
2021-06-20,Mono,051,14174,1255,1275,14,1289,3
2021-06-20,Monterey,053,433212,43199,43156,1936,45092,427
2021-06-20,Napa,055,140530,10009,10026,34,10060,80
2021-06-20,Nevada,057,99092,4939,4919,201,5120,72
2021-06-20,Orange,059,3164182,255835,255377,11872,267249,5113
2021-06-20,Placer,061,380077,23645,23562,1601,25163,298
2021-06-20,Plumas,063,18699,714,697,12,709,4
2021-06-20,Riverside,065,2383286,292803,289770,14689,304459,4456
2021-06-20,Sacramento,067,1510023,107763,107700,1879,109579,1669
2021-06-20,San Benito,069,59416,6085,6098,119,6217,63
2021-06-20,San Bernardino,071,2135413,293750,293713,9501,303214,4845
2021-06-20,San Diego,073,3302833,282272,281750,15229,296979,3771
2021-06-20,San Francisco,075,870044,36979,37269,1395,38664,556
2021-06-20,San Joaquin,077,732212,73743,73676,3802,77478,1405
2021-06-20,San Luis Obispo,079,281455,21351,21313,789,22102,257
2021-06-20,San Mateo,081,765935,42670,42681,497,43178,542
2021-06-20,Santa Barbara,083,443738,34677,34487,1243,35730,455
2021-06-20,Santa Clara,085,1922200,118898,120163,810,120973,2093
2021-06-20,Santa Cruz,087,273765,16244,16210,874,17084,208
2021-06-20,Shasta,089,179085,12539,12617,1678,14295,201
2021-06-20,Sierra,091,2930,60,57,14,71,0
2021-06-20,Siskiyou,093,43540,1946,1891,388,2279,27
2021-06-20,Solano,095,438530,33325,33361,572,33933,266
2021-06-20,Sonoma,097,501317,30784,30884,370,31254,314
2021-06-20,Stanislaus,099,539301,56891,56868,6256,63124,1017
2021-06-20,Sutter,101,95872,9632,9645,96,9741,113
2021-06-20,Tehama,103,63373,5111,5115,614,5729,63
2021-06-20,Trinity,105,12862,417,337,79,416,3
2021-06-20,Tulare,107,460477,49849,49685,9623,59308,849
2021-06-20,Tuolumne,109,53932,4111,4117,38,4155,63
2021-06-20,Ventura,111,848112,81412,81282,3132,84414,1031
2021-06-20,Yolo,113,214977,14132,14160,364,14524,212
2021-06-20,Yuba,115,75493,6178,6167,133,6300,51
2021-06-19,Alameda,001,1643700,89117,89202,2080,91282,1263
2021-06-19,Alpine,003,1148,89,88,0,88,0
2021-06-19,Amador,005,37829,3742,3739,34,3773,46
2021-06-19,Butte,007,227075,12701,12659,1939,14598,194
2021-06-19,Calaveras,009,45235,2192,2192,15,2207,55
2021-06-19,Colusa,011,21464,1962,1969,328,2297,15
2021-06-19,Contra Costa,013,1133247,70666,70334,1383,71717,813
2021-06-19,Del Norte,015,27424,1445,1416,14,1430,8
2021-06-19,El Dorado,017,186661,10378,10363,786,11149,113
2021-06-19,Fresno,019,978130,102745,102922,9055,111977,1724
2021-06-19,Glenn,021,27897,2430,2434,582,3016,19
2021-06-19,Humboldt,023,135768,4465,4463,41,4504,42
2021-06-19,Imperial,025,180216,28639,28813,2910,31723,740
2021-06-19,Inyo,027,18085,1407,1405,4,1409,35
2021-06-19,Kern,029,883053,97451,96966,11508,108474,1342
2021-06-19,Kings,031,150075,23078,23086,1198,24284,245
2021-06-19,Lake,033,64148,3575,3563,13,3576,45
2021-06-19,Lassen,035,31185,5256,5225,120,5345,19
2021-06-19,Los Angeles,037,10098052,1207197,1205602,44040,1249642,24454
2021-06-19,Madera,039,155013,16706,16632,968,17600,240
2021-06-19,Marin,041,260295,14142,14152,273,14425,230
2021-06-19,Mariposa,043,17540,438,439,11,450,5
2021-06-19,Mendocino,045,87422,4141,4077,78,4155,49
2021-06-19,Merced,047,269075,31226,31256,1016,32272,465
2021-06-19,Modoc,049,8938,413,402,146,548,3
2021-06-19,Mono,051,14174,1255,1275,14,1289,3
2021-06-19,Monterey,053,433212,43193,43153,1936,45089,427
2021-06-19,Napa,055,140530,10005,10025,34,10059,80
2021-06-19,Nevada,057,99092,4934,4910,201,5111,72
2021-06-19,Orange,059,3164182,255790,255329,11868,267197,5112
2021-06-19,Placer,061,380077,23629,23537,1598,25135,298
2021-06-19,Plumas,063,18699,713,697,12,709,4
2021-06-19,Riverside,065,2383286,292757,289720,14689,304409,4456
2021-06-19,Sacramento,067,1510023,107717,107631,1876,109507,1669
2021-06-19,San Benito,069,59416,6084,6098,119,6217,63
2021-06-19,San Bernardino,071,2135413,293706,293673,9498,303171,4844
2021-06-19,San Diego,073,3302833,282212,281682,15215,296897,3771
2021-06-19,San Francisco,075,870044,36967,37256,1394,38650,556
2021-06-19,San Joaquin,077,732212,73727,73652,3798,77450,1405
2021-06-19,San Luis Obispo,079,281455,21349,21308,789,22097,257
2021-06-19,San Mateo,081,765935,42652,42646,495,43141,542
2021-06-19,Santa Barbara,083,443738,34675,34472,1243,35715,455
2021-06-19,Santa Clara,085,1922200,118875,120110,809,120919,2093
2021-06-19,Santa Cruz,087,273765,16239,16206,874,17080,208
2021-06-19,Shasta,089,179085,12537,12615,1677,14292,201
2021-06-19,Sierra,091,2930,60,57,14,71,0
2021-06-19,Siskiyou,093,43540,1946,1891,387,2278,27
2021-06-19,Solano,095,438530,33315,33341,571,33912,266
2021-06-19,Sonoma,097,501317,30743,30841,369,31210,314
2021-06-19,Stanislaus,099,539301,56872,56847,6253,63100,1017
2021-06-19,Sutter,101,95872,9629,9645,96,9741,113
2021-06-19,Tehama,103,63373,5110,5115,614,5729,63
2021-06-19,Trinity,105,12862,417,337,79,416,3
2021-06-19,Tulare,107,460477,49842,49681,9618,59299,849
2021-06-19,Tuolumne,109,53932,4111,4117,38,4155,63
2021-06-19,Ventura,111,848112,81399,81270,3131,84401,1031
2021-06-19,Yolo,113,214977,14128,14156,363,14519,212
2021-06-19,Yuba,115,75493,6177,6157,133,6290,51
2021-06-18,Alameda,001,1643700,89080,89123,2080,91203,1263
2021-06-18,Alpine,003,1148,89,88,0,88,0
2021-06-18,Amador,005,37829,3742,3739,34,3773,46
2021-06-18,Butte,007,227075,12698,12653,1936,14589,194
2021-06-18,Calaveras,009,45235,2192,2191,15,2206,55
2021-06-18,Colusa,011,21464,1961,1969,328,2297,15
2021-06-18,Contra Costa,013,1133247,70624,70271,1381,71652,813
2021-06-18,Del Norte,015,27424,1445,1415,14,1429,8
2021-06-18,El Dorado,017,186661,10375,10348,784,11132,113
2021-06-18,Fresno,019,978130,102729,102894,9053,111947,1722
2021-06-18,Glenn,021,27897,2429,2430,582,3012,19
2021-06-18,Humboldt,023,135768,4457,4450,41,4491,42
2021-06-18,Imperial,025,180216,28637,28809,2910,31719,740
2021-06-18,Inyo,027,18085,1407,1405,4,1409,35
2021-06-18,Kern,029,883053,97440,96948,11502,108450,1341
2021-06-18,Kings,031,150075,23073,23082,1198,24280,245
2021-06-18,Lake,033,64148,3571,3563,13,3576,45
2021-06-18,Lassen,035,31185,5255,5224,120,5344,19
2021-06-18,Los Angeles,037,10098052,1207042,1205472,44022,1249494,24451
2021-06-18,Madera,039,155013,16700,16625,968,17593,241
2021-06-18,Marin,041,260295,14139,14147,273,14420,230
2021-06-18,Mariposa,043,17540,438,439,11,450,5
2021-06-18,Mendocino,045,87422,4136,4068,78,4146,49
2021-06-18,Merced,047,269075,31224,31262,1016,32278,464
2021-06-18,Modoc,049,8938,413,402,146,548,3
2021-06-18,Mono,051,14174,1254,1275,13,1288,3
2021-06-18,Monterey,053,433212,43190,43148,1936,45084,427
2021-06-18,Napa,055,140530,10001,10021,34,10055,80
2021-06-18,Nevada,057,99092,4926,4903,201,5104,72
2021-06-18,Orange,059,3164182,255754,255274,11865,267139,5108
2021-06-18,Placer,061,380077,23621,23500,1595,25095,298
2021-06-18,Plumas,063,18699,713,697,12,709,4
2021-06-18,Riverside,065,2383286,292709,289676,14688,304364,4457
2021-06-18,Sacramento,067,1510023,107669,107570,1876,109446,1669
2021-06-18,San Benito,069,59416,6083,6097,119,6216,63
2021-06-18,San Bernardino,071,2135413,293662,293629,9493,303122,4826
2021-06-18,San Diego,073,3302833,282136,281608,15204,296812,3771
2021-06-18,San Francisco,075,870044,36958,37246,1394,38640,556
2021-06-18,San Joaquin,077,732212,73709,73623,3796,77419,1403
2021-06-18,San Luis Obispo,079,281455,21345,21301,788,22089,257
2021-06-18,San Mateo,081,765935,42641,42630,494,43124,542
2021-06-18,Santa Barbara,083,443738,34665,34469,1243,35712,455
2021-06-18,Santa Clara,085,1922200,118854,120081,808,120889,2093
2021-06-18,Santa Cruz,087,273765,16235,16202,874,17076,208
2021-06-18,Shasta,089,179085,12533,12607,1675,14282,201
2021-06-18,Sierra,091,2930,59,57,14,71,0
2021-06-18,Siskiyou,093,43540,1946,1890,387,2277,27
2021-06-18,Solano,095,438530,33301,33323,571,33894,266
2021-06-18,Sonoma,097,501317,30726,30816,367,31183,313
2021-06-18,Stanislaus,099,539301,56857,56803,6251,63054,1012
2021-06-18,Sutter,101,95872,9626,9643,96,9739,113
2021-06-18,Tehama,103,63373,5108,5114,614,5728,63
2021-06-18,Trinity,105,12862,417,337,78,415,3
2021-06-18,Tulare,107,460477,49840,49664,9611,59275,849
2021-06-18,Tuolumne,109,53932,4109,4116,38,4154,63
2021-06-18,Ventura,111,848112,81389,81256,3126,84382,1031
2021-06-18,Yolo,113,214977,14125,14148,361,14509,212
2021-06-18,Yuba,115,75493,6171,6150,133,6283,51
2021-06-17,Alameda,001,1643700,89034,89087,2080,91167,1262
2021-06-17,Alpine,003,1148,89,88,0,88,0
2021-06-17,Amador,005,37829,3740,3731,34,3765,46
2021-06-17,Butte,007,227075,12688,12644,1935,14579,194
2021-06-17,Calaveras,009,45235,2191,2189,15,2204,55
2021-06-17,Colusa,011,21464,1960,1969,328,2297,15
2021-06-17,Contra Costa,013,1133247,70585,70190,1378,71568,810
2021-06-17,Del Norte,015,27424,1443,1413,14,1427,8
2021-06-17,El Dorado,017,186661,10365,10341,784,11125,113
2021-06-17,Fresno,019,978130,102703,102867,9049,111916,1722
2021-06-17,Glenn,021,27897,2429,2430,582,3012,19
2021-06-17,Humboldt,023,135768,4448,4438,41,4479,42
2021-06-17,Imperial,025,180216,28629,28801,2910,31711,741
2021-06-17,Inyo,027,18085,1407,1405,4,1409,35
2021-06-17,Kern,029,883053,97426,96840,11495,108335,1340
2021-06-17,Kings,031,150075,23069,23078,1197,24275,245
2021-06-17,Lake,033,64148,3568,3563,9,3572,45
2021-06-17,Lassen,035,31185,5251,5223,120,5343,19
2021-06-17,Los Angeles,037,10098052,1206832,1205301,43992,1249293,24444
2021-06-17,Madera,039,155013,16695,16618,968,17586,241
2021-06-17,Marin,041,260295,14139,14141,273,14414,229
2021-06-17,Mariposa,043,17540,438,439,11,450,5
2021-06-17,Mendocino,045,87422,4129,4054,78,4132,49
2021-06-17,Merced,047,269075,31219,31262,1016,32278,464
2021-06-17,Modoc,049,8938,412,401,146,547,3
2021-06-17,Mono,051,14174,1253,1275,13,1288,3
2021-06-17,Monterey,053,433212,43182,43140,1936,45076,416
2021-06-17,Napa,055,140530,10001,10014,34,10048,80
2021-06-17,Nevada,057,99092,4922,4898,201,5099,72
2021-06-17,Orange,059,3164182,255710,255240,11853,267093,5109
2021-06-17,Placer,061,380077,23605,23461,1593,25054,298
2021-06-17,Plumas,063,18699,712,697,12,709,4
2021-06-17,Riverside,065,2383286,292656,289627,14685,304312,4458
2021-06-17,Sacramento,067,1510023,107605,107492,1874,109366,1666
2021-06-17,San Benito,069,59416,6083,6097,119,6216,63
2021-06-17,San Bernardino,071,2135413,293622,293560,9493,303053,4811
2021-06-17,San Diego,073,3302833,282060,281531,15190,296721,3771
2021-06-17,San Francisco,075,870044,36947,37243,1393,38636,556
2021-06-17,San Joaquin,077,732212,73685,73560,3791,77351,1403
2021-06-17,San Luis Obispo,079,281455,21343,21297,788,22085,257
2021-06-17,San Mateo,081,765935,42635,42615,494,43109,542
2021-06-17,Santa Barbara,083,443738,34659,34466,1243,35709,453
2021-06-17,Santa Clara,085,1922200,118829,120032,807,120839,2093
2021-06-17,Santa Cruz,087,273765,16231,16197,874,17071,208
2021-06-17,Shasta,089,179085,12525,12597,1675,14272,201
2021-06-17,Sierra,091,2930,59,56,14,70,0
2021-06-17,Siskiyou,093,43540,1945,1889,387,2276,27
2021-06-17,Solano,095,438530,33280,33296,570,33866,266
2021-06-17,Sonoma,097,501317,30695,30793,367,31160,323
2021-06-17,Stanislaus,099,539301,56826,56752,6245,62997,1012
2021-06-17,Sutter,101,95872,9623,9629,96,9725,113
2021-06-17,Tehama,103,63373,5107,5112,612,5724,63
2021-06-17,Trinity,105,12862,416,337,78,415,3
2021-06-17,Tulare,107,460477,49835,49649,9603,59252,849
2021-06-17,Tuolumne,109,53932,4108,4116,38,4154,63
2021-06-17,Ventura,111,848112,81380,81248,3123,84371,1030
2021-06-17,Yolo,113,214977,14117,14141,361,14502,212
2021-06-17,Yuba,115,75493,6162,6140,133,6273,51
2021-06-16,Alameda,001,1643700,88983,89045,2076,91121,1265
2021-06-16,Alpine,003,1148,89,88,0,88,0
2021-06-16,Amador,005,37829,3739,3730,34,3764,46
2021-06-16,Butte,007,227075,12686,12635,1933,14568,194
2021-06-16,Calaveras,009,45235,2189,2188,15,2203,55
2021-06-16,Colusa,011,21464,1960,1967,328,2295,15
2021-06-16,Contra Costa,013,1133247,70533,70136,1377,71513,810
2021-06-16,Del Norte,015,27424,1440,1413,14,1427,8
2021-06-16,El Dorado,017,186661,10359,10334,783,11117,113
2021-06-16,Fresno,019,978130,102673,102842,9045,111887,1722
2021-06-16,Glenn,021,27897,2429,2430,582,3012,19
2021-06-16,Humboldt,023,135768,4439,4427,40,4467,42
2021-06-16,Imperial,025,180216,28626,28796,2910,31706,741
2021-06-16,Inyo,027,18085,1406,1405,4,1409,35
2021-06-16,Kern,029,883053,97405,96789,11486,108275,1339
2021-06-16,Kings,031,150075,23068,23072,1196,24268,245
2021-06-16,Lake,033,64148,3568,3562,9,3571,45
2021-06-16,Lassen,035,31185,5248,5216,120,5336,19
2021-06-16,Los Angeles,037,10098052,1206609,1205102,43980,1249082,24439
2021-06-16,Madera,039,155013,16691,16603,968,17571,240
2021-06-16,Marin,041,260295,14137,14137,273,14410,229
2021-06-16,Mariposa,043,17540,438,437,11,448,5
2021-06-16,Mendocino,045,87422,4121,4041,78,4119,49
2021-06-16,Merced,047,269075,31211,31250,1016,32266,463
2021-06-16,Modoc,049,8938,411,383,145,528,3
2021-06-16,Mono,051,14174,1253,1275,13,1288,3
2021-06-16,Monterey,053,433212,43179,43122,1936,45058,416
2021-06-16,Napa,055,140530,9997,10011,34,10045,80
2021-06-16,Nevada,057,99092,4917,4894,201,5095,72
2021-06-16,Orange,059,3164182,255661,255188,11846,267034,5109
2021-06-16,Placer,061,380077,23596,23425,1589,25014,298
2021-06-16,Plumas,063,18699,712,697,12,709,4
2021-06-16,Riverside,065,2383286,292595,289539,14683,304222,4457
2021-06-16,Sacramento,067,1510023,107535,107422,1870,109292,1665
2021-06-16,San Benito,069,59416,6083,6090,119,6209,63
2021-06-16,San Bernardino,071,2135413,293573,293499,9491,302990,4797
2021-06-16,San Diego,073,3302833,281982,281423,15177,296600,3770
2021-06-16,San Francisco,075,870044,36934,37222,1391,38613,555
2021-06-16,San Joaquin,077,732212,73648,73530,3787,77317,1399
2021-06-16,San Luis Obispo,079,281455,21338,21294,788,22082,257
2021-06-16,San Mateo,081,765935,42619,42601,494,43095,542
2021-06-16,Santa Barbara,083,443738,34653,34459,1243,35702,460
2021-06-16,Santa Clara,085,1922200,118797,119982,807,120789,2087
2021-06-16,Santa Cruz,087,273765,16228,16187,874,17061,208
2021-06-16,Shasta,089,179085,12520,12592,1674,14266,200
2021-06-16,Sierra,091,2930,59,56,14,70,0
2021-06-16,Siskiyou,093,43540,1944,1886,387,2273,26
2021-06-16,Solano,095,438530,33252,33276,570,33846,266
2021-06-16,Sonoma,097,501317,30659,30741,367,31108,323
2021-06-16,Stanislaus,099,539301,56795,56738,6243,62981,984
2021-06-16,Sutter,101,95872,9619,9620,96,9716,113
2021-06-16,Tehama,103,63373,5105,5106,612,5718,63
2021-06-16,Trinity,105,12862,415,332,78,410,3
2021-06-16,Tulare,107,460477,49830,49578,9599,59177,849
2021-06-16,Tuolumne,109,53932,4108,4110,38,4148,63
2021-06-16,Ventura,111,848112,81366,81229,3121,84350,1029
2021-06-16,Yolo,113,214977,14108,14135,360,14495,212
2021-06-16,Yuba,115,75493,6152,6134,133,6267,51
2021-06-15,Alameda,001,1643700,88941,89008,2076,91084,1262
2021-06-15,Alpine,003,1148,89,88,0,88,0
2021-06-15,Amador,005,37829,3736,3723,34,3757,46
2021-06-15,Butte,007,227075,12678,12620,1932,14552,194
2021-06-15,Calaveras,009,45235,2187,2188,15,2203,55
2021-06-15,Colusa,011,21464,1960,1967,326,2293,15
2021-06-15,Contra Costa,013,1133247,70471,70101,1377,71478,810
2021-06-15,Del Norte,015,27424,1439,1411,14,1425,8
2021-06-15,El Dorado,017,186661,10350,10330,783,11113,113
2021-06-15,Fresno,019,978130,102642,102828,9044,111872,1722
2021-06-15,Glenn,021,27897,2428,2426,582,3008,19
2021-06-15,Humboldt,023,135768,4430,4414,39,4453,42
2021-06-15,Imperial,025,180216,28620,28789,2910,31699,741
2021-06-15,Inyo,027,18085,1406,1405,4,1409,35
2021-06-15,Kern,029,883053,97377,96782,11477,108259,1338
2021-06-15,Kings,031,150075,23062,23070,1194,24264,245
2021-06-15,Lake,033,64148,3567,3559,9,3568,45
2021-06-15,Lassen,035,31185,5247,5211,120,5331,19
2021-06-15,Los Angeles,037,10098052,1206381,1204926,43971,1248897,24435
2021-06-15,Madera,039,155013,16684,16600,967,17567,240
2021-06-15,Marin,041,260295,14129,14135,273,14408,229
2021-06-15,Mariposa,043,17540,438,437,11,448,5
2021-06-15,Mendocino,045,87422,4114,4034,78,4112,49
2021-06-15,Merced,047,269075,31205,31244,1016,32260,461
2021-06-15,Modoc,049,8938,410,383,145,528,3
2021-06-15,Mono,051,14174,1253,1275,13,1288,3
2021-06-15,Monterey,053,433212,43173,43118,1936,45054,416
2021-06-15,Napa,055,140530,9995,10010,34,10044,80
2021-06-15,Nevada,057,99092,4914,4888,201,5089,72
2021-06-15,Orange,059,3164182,255624,255127,11837,266964,5105
2021-06-15,Placer,061,380077,23574,23396,1588,24984,298
2021-06-15,Plumas,063,18699,711,697,12,709,4
2021-06-15,Riverside,065,2383286,292538,289508,14679,304187,4455
2021-06-15,Sacramento,067,1510023,107460,107370,1863,109233,1662
2021-06-15,San Benito,069,59416,6082,6089,119,6208,63
2021-06-15,San Bernardino,071,2135413,293523,293463,9486,302949,4790
2021-06-15,San Diego,073,3302833,281898,281375,15162,296537,3770
2021-06-15,San Francisco,075,870044,36925,37210,1390,38600,555
2021-06-15,San Joaquin,077,732212,73608,73494,3782,77276,1399
2021-06-15,San Luis Obispo,079,281455,21333,21293,787,22080,257
2021-06-15,San Mateo,081,765935,42606,42593,494,43087,543
2021-06-15,Santa Barbara,083,443738,34648,34451,1243,35694,460
2021-06-15,Santa Clara,085,1922200,118759,119963,807,120770,2086
2021-06-15,Santa Cruz,087,273765,16221,16180,874,17054,208
2021-06-15,Shasta,089,179085,12514,12583,1674,14257,201
2021-06-15,Sierra,091,2930,58,55,14,69,0
2021-06-15,Siskiyou,093,43540,1943,1887,387,2274,26
2021-06-15,Solano,095,438530,33233,33264,570,33834,266
2021-06-15,Sonoma,097,501317,30620,30707,366,31073,323
2021-06-15,Stanislaus,099,539301,56766,56724,6239,62963,979
2021-06-15,Sutter,101,95872,9610,9616,96,9712,113
2021-06-15,Tehama,103,63373,5103,5102,612,5714,63
2021-06-15,Trinity,105,12862,414,332,78,410,3
2021-06-15,Tulare,107,460477,49824,49561,9595,59156,848
2021-06-15,Tuolumne,109,53932,4108,4111,38,4149,63
2021-06-15,Ventura,111,848112,81355,81215,3118,84333,1029
2021-06-15,Yolo,113,214977,14104,14127,358,14485,212
2021-06-15,Yuba,115,75493,6141,6130,133,6263,51
2021-06-14,Alameda,001,1643700,88891,88966,2075,91041,1264
2021-06-14,Alpine,003,1148,89,88,0,88,0
2021-06-14,Amador,005,37829,3735,3722,34,3756,46
2021-06-14,Butte,007,227075,12667,12613,1928,14541,194
2021-06-14,Calaveras,009,45235,2185,2190,15,2205,55
2021-06-14,Colusa,011,21464,1959,1966,326,2292,15
2021-06-14,Contra Costa,013,1133247,70418,70069,1375,71444,810
2021-06-14,Del Norte,015,27424,1439,1411,14,1425,8
2021-06-14,El Dorado,017,186661,10341,10327,782,11109,113
2021-06-14,Fresno,019,978130,102620,102812,9043,111855,1719
2021-06-14,Glenn,021,27897,2428,2426,582,3008,19
2021-06-14,Humboldt,023,135768,4422,4407,38,4445,42
2021-06-14,Imperial,025,180216,28608,28836,2910,31746,741
2021-06-14,Inyo,027,18085,1405,1405,4,1409,35
2021-06-14,Kern,029,883053,97358,96760,11466,108226,1337
2021-06-14,Kings,031,150075,23060,23071,1192,24263,245
2021-06-14,Lake,033,64148,3566,3557,9,3566,45
2021-06-14,Lassen,035,31185,5244,5209,119,5328,19
2021-06-14,Los Angeles,037,10098052,1206147,1204748,43961,1248709,24434
2021-06-14,Madera,039,155013,16678,16597,966,17563,240
2021-06-14,Marin,041,260295,14127,14133,273,14406,229
2021-06-14,Mariposa,043,17540,437,437,11,448,5
2021-06-14,Mendocino,045,87422,4108,4028,78,4106,49
2021-06-14,Merced,047,269075,31196,31241,1015,32256,461
2021-06-14,Modoc,049,8938,401,382,143,525,3
2021-06-14,Mono,051,14174,1253,1275,13,1288,3
2021-06-14,Monterey,053,433212,43170,43110,1936,45046,415
2021-06-14,Napa,055,140530,9991,10000,34,10034,80
2021-06-14,Nevada,057,99092,4907,4885,201,5086,72
2021-06-14,Orange,059,3164182,255586,255069,11833,266902,5103
2021-06-14,Placer,061,380077,23549,23379,1587,24966,298
2021-06-14,Plumas,063,18699,711,696,12,708,4
2021-06-14,Riverside,065,2383286,292487,289476,14677,304153,4453
2021-06-14,Sacramento,067,1510023,107407,107334,1857,109191,1661
2021-06-14,San Benito,069,59416,6082,6087,119,6206,63
2021-06-14,San Bernardino,071,2135413,293467,293446,9482,302928,4790
2021-06-14,San Diego,073,3302833,281792,281314,15142,296456,3770
2021-06-14,San Francisco,075,870044,36912,37206,1390,38596,555
2021-06-14,San Joaquin,077,732212,73579,73453,3782,77235,1398
2021-06-14,San Luis Obispo,079,281455,21331,21302,787,22089,256
2021-06-14,San Mateo,081,765935,42592,42619,493,43112,543
2021-06-14,Santa Barbara,083,443738,34645,34449,1243,35692,460
2021-06-14,Santa Clara,085,1922200,118728,119957,806,120763,2085
2021-06-14,Santa Cruz,087,273765,16219,16175,874,17049,208
2021-06-14,Shasta,089,179085,12504,12561,1671,14232,201
2021-06-14,Sierra,091,2930,57,55,14,69,0
2021-06-14,Siskiyou,093,43540,1943,1886,387,2273,26
2021-06-14,Solano,095,438530,33216,33243,569,33812,266
2021-06-14,Sonoma,097,501317,30588,30679,365,31044,323
2021-06-14,Stanislaus,099,539301,56729,56689,6236,62925,975
2021-06-14,Sutter,101,95872,9607,9607,96,9703,112
2021-06-14,Tehama,103,63373,5101,5102,612,5714,63
2021-06-14,Trinity,105,12862,414,332,78,410,3
2021-06-14,Tulare,107,460477,49820,49538,9591,59129,848
2021-06-14,Tuolumne,109,53932,4105,4108,38,4146,63
2021-06-14,Ventura,111,848112,81345,81209,3118,84327,1028
2021-06-14,Yolo,113,214977,14096,14123,358,14481,212
2021-06-14,Yuba,115,75493,6134,6127,133,6260,50
2021-06-13,Alameda,001,1643700,88835,88947,2073,91020,1264
2021-06-13,Alpine,003,1148,88,88,0,88,0
2021-06-13,Amador,005,37829,3731,3721,34,3755,46
2021-06-13,Butte,007,227075,12656,12586,1925,14511,194
2021-06-13,Calaveras,009,45235,2185,2189,15,2204,55
2021-06-13,Colusa,011,21464,1959,1965,325,2290,15
2021-06-13,Contra Costa,013,1133247,70364,70040,1373,71413,810
2021-06-13,Del Norte,015,27424,1437,1412,14,1426,8
2021-06-13,El Dorado,017,186661,10332,10324,782,11106,113
2021-06-13,Fresno,019,978130,102590,102795,9038,111833,1719
2021-06-13,Glenn,021,27897,2427,2425,580,3005,19
2021-06-13,Humboldt,023,135768,4409,4401,38,4439,42
2021-06-13,Imperial,025,180216,28599,28800,2910,31710,741
2021-06-13,Inyo,027,18085,1405,1405,4,1409,35
2021-06-13,Kern,029,883053,97335,96743,11453,108196,1337
2021-06-13,Kings,031,150075,23055,23069,1191,24260,245
2021-06-13,Lake,033,64148,3566,3556,9,3565,45
2021-06-13,Lassen,035,31185,5239,5209,119,5328,19
2021-06-13,Los Angeles,037,10098052,1205887,1204614,43948,1248562,24433
2021-06-13,Madera,039,155013,16664,16590,966,17556,240
2021-06-13,Marin,041,260295,14121,14126,273,14399,229
2021-06-13,Mariposa,043,17540,437,434,11,445,5
2021-06-13,Mendocino,045,87422,4101,4026,78,4104,49
2021-06-13,Merced,047,269075,31190,31240,1014,32254,461
2021-06-13,Modoc,049,8938,399,382,141,523,3
2021-06-13,Mono,051,14174,1253,1275,13,1288,3
2021-06-13,Monterey,053,433212,43162,43108,1936,45044,415
2021-06-13,Napa,055,140530,9985,9995,34,10029,80
2021-06-13,Nevada,057,99092,4902,4883,201,5084,72
2021-06-13,Orange,059,3164182,255533,255043,11831,266874,5103
2021-06-13,Placer,061,380077,23523,23365,1585,24950,295
2021-06-13,Plumas,063,18699,710,696,12,708,4
2021-06-13,Riverside,065,2383286,292420,289447,14674,304121,4453
2021-06-13,Sacramento,067,1510023,107331,107289,1854,109143,1658
2021-06-13,San Benito,069,59416,6082,6086,119,6205,63
2021-06-13,San Bernardino,071,2135413,293417,293416,9476,302892,4788
2021-06-13,San Diego,073,3302833,281713,281268,15126,296394,3770
2021-06-13,San Francisco,075,870044,36901,37197,1390,38587,555
2021-06-13,San Joaquin,077,732212,73547,73438,3779,77217,1398
2021-06-13,San Luis Obispo,079,281455,21325,21298,786,22084,256
2021-06-13,San Mateo,081,765935,42579,42611,493,43104,542
2021-06-13,Santa Barbara,083,443738,34634,34449,1242,35691,460
2021-06-13,Santa Clara,085,1922200,118704,119946,806,120752,2085
2021-06-13,Santa Cruz,087,273765,16212,16172,874,17046,208
2021-06-13,Shasta,089,179085,12495,12560,1670,14230,201
2021-06-13,Sierra,091,2930,57,55,14,69,0
2021-06-13,Siskiyou,093,43540,1942,1885,387,2272,26
2021-06-13,Solano,095,438530,33194,33234,569,33803,266
2021-06-13,Sonoma,097,501317,30553,30663,363,31026,323
2021-06-13,Stanislaus,099,539301,56702,56671,6235,62906,975
2021-06-13,Sutter,101,95872,9600,9603,96,9699,112
2021-06-13,Tehama,103,63373,5099,5100,612,5712,63
2021-06-13,Trinity,105,12862,413,332,78,410,3
2021-06-13,Tulare,107,460477,49811,49537,9586,59123,848
2021-06-13,Tuolumne,109,53932,4103,4107,37,4144,63
2021-06-13,Ventura,111,848112,81331,81201,3118,84319,1028
2021-06-13,Yolo,113,214977,14089,14120,356,14476,212
2021-06-13,Yuba,115,75493,6127,6125,133,6258,50
2021-06-12,Alameda,001,1643700,88806,88901,2073,90974,1271
2021-06-12,Alpine,003,1148,88,88,0,88,0
2021-06-12,Amador,005,37829,3730,3721,34,3755,46
2021-06-12,Butte,007,227075,12652,12576,1925,14501,194
2021-06-12,Calaveras,009,45235,2185,2189,15,2204,55
2021-06-12,Colusa,011,21464,1959,1965,325,2290,15
2021-06-12,Contra Costa,013,1133247,70333,69989,1370,71359,810
2021-06-12,Del Norte,015,27424,1437,1412,14,1426,8
2021-06-12,El Dorado,017,186661,10327,10320,781,11101,113
2021-06-12,Fresno,019,978130,102580,102783,9037,111820,1720
2021-06-12,Glenn,021,27897,2425,2425,580,3005,19
2021-06-12,Humboldt,023,135768,4401,4396,38,4434,42
2021-06-12,Imperial,025,180216,28596,28799,2910,31709,741
2021-06-12,Inyo,027,18085,1405,1405,4,1409,35
2021-06-12,Kern,029,883053,97320,96731,11449,108180,1337
2021-06-12,Kings,031,150075,23053,23067,1191,24258,245
2021-06-12,Lake,033,64148,3565,3552,9,3561,45
2021-06-12,Lassen,035,31185,5239,5208,119,5327,19
2021-06-12,Los Angeles,037,10098052,1205750,1204439,43941,1248380,24434
2021-06-12,Madera,039,155013,16660,16586,966,17552,240
2021-06-12,Marin,041,260295,14118,14121,273,14394,229
2021-06-12,Mariposa,043,17540,437,434,11,445,5
2021-06-12,Mendocino,045,87422,4098,4024,78,4102,49
2021-06-12,Merced,047,269075,31187,31236,1014,32250,461
2021-06-12,Modoc,049,8938,398,382,141,523,3
2021-06-12,Mono,051,14174,1253,1275,13,1288,3
2021-06-12,Monterey,053,433212,43157,43103,1936,45039,415
2021-06-12,Napa,055,140530,9981,9986,34,10020,80
2021-06-12,Nevada,057,99092,4896,4878,201,5079,72
2021-06-12,Orange,059,3164182,255504,255004,11829,266833,5103
2021-06-12,Placer,061,380077,23504,23345,1585,24930,295
2021-06-12,Plumas,063,18699,710,696,12,708,4
2021-06-12,Riverside,065,2383286,292378,289413,14671,304084,4453
2021-06-12,Sacramento,067,1510023,107271,107199,1851,109050,1658
2021-06-12,San Benito,069,59416,6080,6083,119,6202,63
2021-06-12,San Bernardino,071,2135413,293383,293375,9474,302849,4788
2021-06-12,San Diego,073,3302833,281656,281203,15117,296320,3770
2021-06-12,San Francisco,075,870044,36891,37189,1390,38579,555
2021-06-12,San Joaquin,077,732212,73528,73413,3778,77191,1398
2021-06-12,San Luis Obispo,079,281455,21322,21293,786,22079,256
2021-06-12,San Mateo,081,765935,42574,42604,493,43097,542
2021-06-12,Santa Barbara,083,443738,34630,34450,1242,35692,460
2021-06-12,Santa Clara,085,1922200,118664,119894,806,120700,2085
2021-06-12,Santa Cruz,087,273765,16204,16170,874,17044,208
2021-06-12,Shasta,089,179085,12492,12556,1669,14225,201
2021-06-12,Sierra,091,2930,57,55,14,69,0
2021-06-12,Siskiyou,093,43540,1941,1884,387,2271,25
2021-06-12,Solano,095,438530,33185,33219,569,33788,266
2021-06-12,Sonoma,097,501317,30525,30647,362,31009,323
2021-06-12,Stanislaus,099,539301,56685,56649,6234,62883,974
2021-06-12,Sutter,101,95872,9596,9603,96,9699,112
2021-06-12,Tehama,103,63373,5099,5099,611,5710,63
2021-06-12,Trinity,105,12862,413,332,78,410,3
2021-06-12,Tulare,107,460477,49806,49533,9579,59112,848
2021-06-12,Tuolumne,109,53932,4102,4105,37,4142,63
2021-06-12,Ventura,111,848112,81319,81197,3118,84315,1028
2021-06-12,Yolo,113,214977,14086,14118,354,14472,212
2021-06-12,Yuba,115,75493,6122,6120,133,6253,50
2021-06-11,Alameda,001,1643700,88778,88844,2073,90917,1278
2021-06-11,Alpine,003,1148,88,88,0,88,0
2021-06-11,Amador,005,37829,3730,3710,34,3744,46
2021-06-11,Butte,007,227075,12648,12576,1923,14499,194
2021-06-11,Calaveras,009,45235,2185,2188,15,2203,55
2021-06-11,Colusa,011,21464,1958,1964,325,2289,15
2021-06-11,Contra Costa,013,1133247,70300,69940,1368,71308,808
2021-06-11,Del Norte,015,27424,1437,1409,14,1423,8
2021-06-11,El Dorado,017,186661,10324,10316,781,11097,113
2021-06-11,Fresno,019,978130,102562,102770,9036,111806,1720
2021-06-11,Glenn,021,27897,2425,2425,580,3005,19
2021-06-11,Humboldt,023,135768,4397,4389,38,4427,42
2021-06-11,Imperial,025,180216,28591,28793,2910,31703,741
2021-06-11,Inyo,027,18085,1405,1405,4,1409,35
2021-06-11,Kern,029,883053,97308,96718,11445,108163,1340
2021-06-11,Kings,031,150075,23049,23069,1190,24259,245
2021-06-11,Lake,033,64148,3564,3550,9,3559,45
2021-06-11,Lassen,035,31185,5238,5204,119,5323,18
2021-06-11,Los Angeles,037,10098052,1205604,1204259,43927,1248186,24434
2021-06-11,Madera,039,155013,16657,16582,966,17548,240
2021-06-11,Marin,041,260295,14115,14116,273,14389,229
2021-06-11,Mariposa,043,17540,437,434,11,445,5
2021-06-11,Mendocino,045,87422,4095,4022,78,4100,49
2021-06-11,Merced,047,269075,31182,31231,1014,32245,461
2021-06-11,Modoc,049,8938,398,382,140,522,3
2021-06-11,Mono,051,14174,1253,1274,13,1287,3
2021-06-11,Monterey,053,433212,43153,43097,1936,45033,415
2021-06-11,Napa,055,140530,9978,9977,34,10011,80
2021-06-11,Nevada,057,99092,4894,4873,201,5074,72
2021-06-11,Orange,059,3164182,255478,254975,11825,266800,5101
2021-06-11,Placer,061,380077,23499,23330,1585,24915,294
2021-06-11,Plumas,063,18699,710,696,12,708,4
2021-06-11,Riverside,065,2383286,292340,289376,14668,304044,4451
2021-06-11,Sacramento,067,1510023,107211,107119,1850,108969,1659
2021-06-11,San Benito,069,59416,6079,6082,119,6201,63
2021-06-11,San Bernardino,071,2135413,293347,293335,9470,302805,4788
2021-06-11,San Diego,073,3302833,281616,281144,15110,296254,3768
2021-06-11,San Francisco,075,870044,36886,37177,1390,38567,555
2021-06-11,San Joaquin,077,732212,73511,73347,3775,77122,1397
2021-06-11,San Luis Obispo,079,281455,21321,21288,786,22074,256
2021-06-11,San Mateo,081,765935,42560,42585,493,43078,542
2021-06-11,Santa Barbara,083,443738,34627,34438,1242,35680,460
2021-06-11,Santa Clara,085,1922200,118645,119860,806,120666,2083
2021-06-11,Santa Cruz,087,273765,16196,16164,874,17038,208
2021-06-11,Shasta,089,179085,12484,12550,1667,14217,201
2021-06-11,Sierra,091,2930,57,55,14,69,0
2021-06-11,Siskiyou,093,43540,1940,1882,387,2269,25
2021-06-11,Solano,095,438530,33165,33179,568,33747,266
2021-06-11,Sonoma,097,501317,30507,30624,362,30986,323
2021-06-11,Stanislaus,099,539301,56659,56617,6230,62847,974
2021-06-11,Sutter,101,95872,9593,9600,95,9695,112
2021-06-11,Tehama,103,63373,5098,5099,611,5710,63
2021-06-11,Trinity,105,12862,413,331,78,409,3
2021-06-11,Tulare,107,460477,49800,49516,9578,59094,848
2021-06-11,Tuolumne,109,53932,4099,4104,37,4141,63
2021-06-11,Ventura,111,848112,81309,81189,3118,84307,1026
2021-06-11,Yolo,113,214977,14079,14111,350,14461,212
2021-06-11,Yuba,115,75493,6118,6113,133,6246,50
2021-06-10,Alameda,001,1643700,88732,88806,2072,90878,1275
2021-06-10,Alpine,003,1148,88,88,0,88,0
2021-06-10,Amador,005,37829,3726,3709,34,3743,46
2021-06-10,Butte,007,227075,12631,12565,1923,14488,194
2021-06-10,Calaveras,009,45235,2185,2188,15,2203,55
2021-06-10,Colusa,011,21464,1956,1964,325,2289,15
2021-06-10,Contra Costa,013,1133247,70246,69876,1368,71244,807
2021-06-10,Del Norte,015,27424,1437,1405,14,1419,8
2021-06-10,El Dorado,017,186661,10317,10314,777,11091,113
2021-06-10,Fresno,019,978130,102537,102724,9035,111759,1717
2021-06-10,Glenn,021,27897,2425,2425,580,3005,19
2021-06-10,Humboldt,023,135768,4389,4384,38,4422,42
2021-06-10,Imperial,025,180216,28585,28779,2910,31689,739
2021-06-10,Inyo,027,18085,1405,1405,4,1409,35
2021-06-10,Kern,029,883053,97294,96706,11440,108146,1336
2021-06-10,Kings,031,150075,23048,23067,1190,24257,245
2021-06-10,Lake,033,64148,3559,3550,9,3559,45
2021-06-10,Lassen,035,31185,5236,5201,119,5320,18
2021-06-10,Los Angeles,037,10098052,1205441,1204110,43910,1248020,24440
2021-06-10,Madera,039,155013,16650,16581,966,17547,240
2021-06-10,Marin,041,260295,14112,14118,273,14391,229
2021-06-10,Mariposa,043,17540,435,434,11,445,5
2021-06-10,Mendocino,045,87422,4090,4016,78,4094,48
2021-06-10,Merced,047,269075,31174,31231,1011,32242,461
2021-06-10,Modoc,049,8938,397,381,140,521,3
2021-06-10,Mono,051,14174,1252,1274,13,1287,3
2021-06-10,Monterey,053,433212,43147,43090,1936,45026,415
2021-06-10,Napa,055,140530,9977,9974,34,10008,80
2021-06-10,Nevada,057,99092,4889,4866,201,5067,72
2021-06-10,Orange,059,3164182,255450,254950,11818,266768,5097
2021-06-10,Placer,061,380077,23486,23296,1585,24881,293
2021-06-10,Plumas,063,18699,710,696,12,708,4
2021-06-10,Riverside,065,2383286,292299,289335,14663,303998,4450
2021-06-10,Sacramento,067,1510023,107149,107049,1850,108899,1658
2021-06-10,San Benito,069,59416,6079,6079,119,6198,63
2021-06-10,San Bernardino,071,2135413,293306,293281,9467,302748,4782
2021-06-10,San Diego,073,3302833,281558,281052,15093,296145,3766
2021-06-10,San Francisco,075,870044,36876,37159,1388,38547,552
2021-06-10,San Joaquin,077,732212,73477,73276,3774,77050,1393
2021-06-10,San Luis Obispo,079,281455,21318,21280,786,22066,256
2021-06-10,San Mateo,081,765935,42553,42562,493,43055,666
2021-06-10,Santa Barbara,083,443738,34623,34434,1242,35676,460
2021-06-10,Santa Clara,085,1922200,118610,119832,805,120637,2075
2021-06-10,Santa Cruz,087,273765,16195,16159,874,17033,208
2021-06-10,Shasta,089,179085,12474,12536,1666,14202,201
2021-06-10,Sierra,091,2930,56,55,14,69,0
2021-06-10,Siskiyou,093,43540,1940,1881,387,2268,25
2021-06-10,Solano,095,438530,33148,33150,567,33717,265
2021-06-10,Sonoma,097,501317,30472,30571,360,30931,323
2021-06-10,Stanislaus,099,539301,56638,56588,6226,62814,974
2021-06-10,Sutter,101,95872,9586,9594,95,9689,112
2021-06-10,Tehama,103,63373,5098,5096,611,5707,63
2021-06-10,Trinity,105,12862,413,331,78,409,3
2021-06-10,Tulare,107,460477,49792,49503,9578,59081,848
2021-06-10,Tuolumne,109,53932,4099,4100,37,4137,63
2021-06-10,Ventura,111,848112,81298,81172,3117,84289,1026
2021-06-10,Yolo,113,214977,14076,14107,350,14457,212
2021-06-10,Yuba,115,75493,6114,6112,133,6245,50
2021-06-09,Alameda,001,1643700,88686,88762,2070,90832,1271
2021-06-09,Alpine,003,1148,88,88,0,88,0
2021-06-09,Amador,005,37829,3722,3706,34,3740,46
2021-06-09,Butte,007,227075,12625,12555,1921,14476,194
2021-06-09,Calaveras,009,45235,2183,2184,15,2199,55
2021-06-09,Colusa,011,21464,1956,1962,324,2286,15
2021-06-09,Contra Costa,013,1133247,70209,69829,1367,71196,803
2021-06-09,Del Norte,015,27424,1433,1403,14,1417,8
2021-06-09,El Dorado,017,186661,10314,10312,776,11088,113
2021-06-09,Fresno,019,978130,102518,102690,9030,111720,1717
2021-06-09,Glenn,021,27897,2424,2424,580,3004,19
2021-06-09,Humboldt,023,135768,4384,4379,37,4416,42
2021-06-09,Imperial,025,180216,28582,28754,2910,31664,739
2021-06-09,Inyo,027,18085,1405,1405,4,1409,35
2021-06-09,Kern,029,883053,97281,96697,11430,108127,1328
2021-06-09,Kings,031,150075,23046,23061,1190,24251,245
2021-06-09,Lake,033,64148,3556,3541,9,3550,45
2021-06-09,Lassen,035,31185,5235,5200,119,5319,18
2021-06-09,Los Angeles,037,10098052,1205257,1203955,43899,1247854,24432
2021-06-09,Madera,039,155013,16645,16580,966,17546,240
2021-06-09,Marin,041,260295,14107,14114,273,14387,229
2021-06-09,Mariposa,043,17540,435,434,11,445,5
2021-06-09,Mendocino,045,87422,4084,4008,78,4086,47
2021-06-09,Merced,047,269075,31170,31225,1011,32236,461
2021-06-09,Modoc,049,8938,395,377,139,516,3
2021-06-09,Mono,051,14174,1252,1274,13,1287,3
2021-06-09,Monterey,053,433212,43140,43082,1936,45018,415
2021-06-09,Napa,055,140530,9971,9971,34,10005,80
2021-06-09,Nevada,057,99092,4879,4863,200,5063,72
2021-06-09,Orange,059,3164182,255406,254893,11814,266707,5080
2021-06-09,Placer,061,380077,23467,23237,1585,24822,293
2021-06-09,Plumas,063,18699,709,697,12,709,4
2021-06-09,Riverside,065,2383286,292255,289299,14661,303960,4450
2021-06-09,Sacramento,067,1510023,107087,106971,1847,108818,1657
2021-06-09,San Benito,069,59416,6075,6078,119,6197,63
2021-06-09,San Bernardino,071,2135413,293264,293222,9467,302689,4782
2021-06-09,San Diego,073,3302833,281493,280941,15081,296022,3765
2021-06-09,San Francisco,075,870044,36863,37143,1387,38530,552
2021-06-09,San Joaquin,077,732212,73451,73232,3773,77005,1392
2021-06-09,San Luis Obispo,079,281455,21317,21259,786,22045,256
2021-06-09,San Mateo,081,765935,42537,42502,492,42994,666
2021-06-09,Santa Barbara,083,443738,34612,34422,1242,35664,460
2021-06-09,Santa Clara,085,1922200,118572,119793,804,120597,2068
2021-06-09,Santa Cruz,087,273765,16192,16155,874,17029,208
2021-06-09,Shasta,089,179085,12464,12521,1664,14185,201
2021-06-09,Sierra,091,2930,55,55,14,69,0
2021-06-09,Siskiyou,093,43540,1939,1871,387,2258,25
2021-06-09,Solano,095,438530,33132,33137,566,33703,264
2021-06-09,Sonoma,097,501317,30450,30540,360,30900,323
2021-06-09,Stanislaus,099,539301,56618,56560,6223,62783,974
2021-06-09,Sutter,101,95872,9577,9586,94,9680,111
2021-06-09,Tehama,103,63373,5097,5093,611,5704,63
2021-06-09,Trinity,105,12862,412,331,78,409,3
2021-06-09,Tulare,107,460477,49788,49496,9576,59072,847
2021-06-09,Tuolumne,109,53932,4096,4100,37,4137,63
2021-06-09,Ventura,111,848112,81288,81154,3116,84270,1026
2021-06-09,Yolo,113,214977,14074,14102,349,14451,212
2021-06-09,Yuba,115,75493,6110,6109,133,6242,50
2021-06-08,Alameda,001,1643700,88638,88731,2070,90801,1267
2021-06-08,Alpine,003,1148,88,88,0,88,0
2021-06-08,Amador,005,37829,3721,3704,34,3738,46
2021-06-08,Butte,007,227075,12619,12540,1918,14458,194
2021-06-08,Calaveras,009,45235,2182,2181,15,2196,55
2021-06-08,Colusa,011,21464,1956,1961,324,2285,15
2021-06-08,Contra Costa,013,1133247,70161,69762,1366,71128,803
2021-06-08,Del Norte,015,27424,1431,1402,14,1416,8
2021-06-08,El Dorado,017,186661,10309,10306,774,11080,113
2021-06-08,Fresno,019,978130,102493,102680,9028,111708,1717
2021-06-08,Glenn,021,27897,2423,2423,580,3003,19
2021-06-08,Humboldt,023,135768,4379,4363,37,4400,42
2021-06-08,Imperial,025,180216,28573,28752,2910,31662,738
2021-06-08,Inyo,027,18085,1405,1405,4,1409,35
2021-06-08,Kern,029,883053,97262,96671,11423,108094,1325
2021-06-08,Kings,031,150075,23045,23036,1190,24226,245
2021-06-08,Lake,033,64148,3555,3540,9,3549,45
2021-06-08,Lassen,035,31185,5235,5200,119,5319,18
2021-06-08,Los Angeles,037,10098052,1205064,1203794,43887,1247681,24426
2021-06-08,Madera,039,155013,16639,16579,965,17544,240
2021-06-08,Marin,041,260295,14105,14111,272,14383,229
2021-06-08,Mariposa,043,17540,435,434,11,445,5
2021-06-08,Mendocino,045,87422,4077,4002,78,4080,47
2021-06-08,Merced,047,269075,31162,31225,1011,32236,461
2021-06-08,Modoc,049,8938,389,377,138,515,3
2021-06-08,Mono,051,14174,1252,1274,13,1287,3
2021-06-08,Monterey,053,433212,43134,43078,1935,45013,415
2021-06-08,Napa,055,140530,9967,9962,34,9996,80
2021-06-08,Nevada,057,99092,4874,4861,200,5061,72
2021-06-08,Orange,059,3164182,255366,254852,11807,266659,5078
2021-06-08,Placer,061,380077,23449,23209,1581,24790,293
2021-06-08,Plumas,063,18699,709,692,12,704,4
2021-06-08,Riverside,065,2383286,292220,289268,14652,303920,4452
2021-06-08,Sacramento,067,1510023,107025,106901,1844,108745,1654
2021-06-08,San Benito,069,59416,6073,6076,119,6195,63
2021-06-08,San Bernardino,071,2135413,293216,293186,9463,302649,4778
2021-06-08,San Diego,073,3302833,281431,280879,15072,295951,3764
2021-06-08,San Francisco,075,870044,36848,37134,1386,38520,552
2021-06-08,San Joaquin,077,732212,73407,73186,3768,76954,1390
2021-06-08,San Luis Obispo,079,281455,21311,21251,785,22036,255
2021-06-08,San Mateo,081,765935,42524,42488,492,42980,663
2021-06-08,Santa Barbara,083,443738,34608,34418,1242,35660,459
2021-06-08,Santa Clara,085,1922200,118553,119770,803,120573,2068
2021-06-08,Santa Cruz,087,273765,16189,16160,874,17034,208
2021-06-08,Shasta,089,179085,12449,12498,1664,14162,201
2021-06-08,Sierra,091,2930,55,55,14,69,0
2021-06-08,Siskiyou,093,43540,1937,1870,385,2255,21
2021-06-08,Solano,095,438530,33111,33130,566,33696,259
2021-06-08,Sonoma,097,501317,30423,30523,358,30881,323
2021-06-08,Stanislaus,099,539301,56591,56548,6221,62769,973
2021-06-08,Sutter,101,95872,9574,9581,94,9675,111
2021-06-08,Tehama,103,63373,5094,5093,611,5704,63
2021-06-08,Trinity,105,12862,412,330,77,407,3
2021-06-08,Tulare,107,460477,49777,49485,9570,59055,847
2021-06-08,Tuolumne,109,53932,4093,4099,37,4136,63
2021-06-08,Ventura,111,848112,81272,81142,3115,84257,1026
2021-06-08,Yolo,113,214977,14069,14099,348,14447,212
2021-06-08,Yuba,115,75493,6108,6103,133,6236,50
2021-06-07,Alameda,001,1643700,88580,88688,2070,90758,1267
2021-06-07,Alpine,003,1148,88,88,0,88,0
2021-06-07,Amador,005,37829,3711,3697,34,3731,46
2021-06-07,Butte,007,227075,12612,12533,1917,14450,194
2021-06-07,Calaveras,009,45235,2181,2181,15,2196,55
2021-06-07,Colusa,011,21464,1955,1960,324,2284,15
2021-06-07,Contra Costa,013,1133247,70104,69718,1365,71083,817
2021-06-07,Del Norte,015,27424,1431,1401,14,1415,8
2021-06-07,El Dorado,017,186661,10304,10305,774,11079,113
2021-06-07,Fresno,019,978130,102464,102659,9021,111680,1717
2021-06-07,Glenn,021,27897,2423,2423,580,3003,19
2021-06-07,Humboldt,023,135768,4371,4354,37,4391,42
2021-06-07,Imperial,025,180216,28571,28754,2910,31664,738
2021-06-07,Inyo,027,18085,1405,1404,4,1408,35
2021-06-07,Kern,029,883053,97246,96645,11416,108061,1324
2021-06-07,Kings,031,150075,23041,23023,1190,24213,244
2021-06-07,Lake,033,64148,3553,3540,9,3549,45
2021-06-07,Lassen,035,31185,5230,5198,119,5317,18
2021-06-07,Los Angeles,037,10098052,1204843,1203664,43872,1247536,24413
2021-06-07,Madera,039,155013,16632,16572,965,17537,240
2021-06-07,Marin,041,260295,14101,14108,271,14379,229
2021-06-07,Mariposa,043,17540,435,434,11,445,5
2021-06-07,Mendocino,045,87422,4071,3998,78,4076,47
2021-06-07,Merced,047,269075,31150,31212,1010,32222,459
2021-06-07,Modoc,049,8938,388,375,135,510,3
2021-06-07,Mono,051,14174,1252,1275,13,1288,3
2021-06-07,Monterey,053,433212,43127,43077,1935,45012,415
2021-06-07,Napa,055,140530,9959,9962,34,9996,80
2021-06-07,Nevada,057,99092,4872,4860,200,5060,72
2021-06-07,Orange,059,3164182,255326,254808,11800,266608,5073
2021-06-07,Placer,061,380077,23430,23176,1579,24755,293
2021-06-07,Plumas,063,18699,709,692,12,704,4
2021-06-07,Riverside,065,2383286,292177,289232,14649,303881,4451
2021-06-07,Sacramento,067,1510023,106949,106841,1840,108681,1655
2021-06-07,San Benito,069,59416,6072,6074,119,6193,63
2021-06-07,San Bernardino,071,2135413,293178,293129,9462,302591,4775
2021-06-07,San Diego,073,3302833,281349,280808,15059,295867,3764
2021-06-07,San Francisco,075,870044,36832,37122,1386,38508,552
2021-06-07,San Joaquin,077,732212,73362,73130,3761,76891,1388
2021-06-07,San Luis Obispo,079,281455,21298,21252,785,22037,255
2021-06-07,San Mateo,081,765935,42508,42479,492,42971,664
2021-06-07,Santa Barbara,083,443738,34602,34407,1242,35649,459
2021-06-07,Santa Clara,085,1922200,118526,119743,803,120546,2066
2021-06-07,Santa Cruz,087,273765,16187,16159,874,17033,208
2021-06-07,Shasta,089,179085,12435,12483,1659,14142,200
2021-06-07,Sierra,091,2930,55,55,14,69,0
2021-06-07,Siskiyou,093,43540,1937,1869,385,2254,21
2021-06-07,Solano,095,438530,33089,33124,565,33689,258
2021-06-07,Sonoma,097,501317,30387,30504,357,30861,323
2021-06-07,Stanislaus,099,539301,56558,56521,6218,62739,972
2021-06-07,Sutter,101,95872,9570,9571,94,9665,111
2021-06-07,Tehama,103,63373,5090,5092,611,5703,63
2021-06-07,Trinity,105,12862,412,329,77,406,3
2021-06-07,Tulare,107,460477,49771,49471,9570,59041,847
2021-06-07,Tuolumne,109,53932,4092,4098,37,4135,63
2021-06-07,Ventura,111,848112,81255,81137,3114,84251,1025
2021-06-07,Yolo,113,214977,14064,14097,347,14444,211
2021-06-07,Yuba,115,75493,6106,6099,130,6229,49
2021-06-06,Alameda,001,1643700,88541,88636,2069,90705,1267
2021-06-06,Alpine,003,1148,88,88,0,88,0
2021-06-06,Amador,005,37829,3708,3696,34,3730,46
2021-06-06,Butte,007,227075,12601,12527,1916,14443,194
2021-06-06,Calaveras,009,45235,2180,2181,15,2196,55
2021-06-06,Colusa,011,21464,1953,1959,324,2283,15
2021-06-06,Contra Costa,013,1133247,70039,69659,1363,71022,817
2021-06-06,Del Norte,015,27424,1426,1401,13,1414,8
2021-06-06,El Dorado,017,186661,10297,10294,774,11068,113
2021-06-06,Fresno,019,978130,102431,102642,9018,111660,1717
2021-06-06,Glenn,021,27897,2422,2423,580,3003,19
2021-06-06,Humboldt,023,135768,4360,4353,37,4390,42
2021-06-06,Imperial,025,180216,28565,28762,2910,31672,738
2021-06-06,Inyo,027,18085,1404,1404,4,1408,35
2021-06-06,Kern,029,883053,97228,96623,11409,108032,1324
2021-06-06,Kings,031,150075,23035,23021,1190,24211,244
2021-06-06,Lake,033,64148,3553,3535,9,3544,45
2021-06-06,Lassen,035,31185,5228,5191,119,5310,18
2021-06-06,Los Angeles,037,10098052,1204645,1203539,43859,1247398,24410
2021-06-06,Madera,039,155013,16626,16567,965,17532,240
2021-06-06,Marin,041,260295,14095,14106,270,14376,229
2021-06-06,Mariposa,043,17540,434,435,11,446,5
2021-06-06,Mendocino,045,87422,4067,3993,78,4071,47
2021-06-06,Merced,047,269075,31144,31215,1009,32224,459
2021-06-06,Modoc,049,8938,388,375,134,509,3
2021-06-06,Mono,051,14174,1252,1275,13,1288,3
2021-06-06,Monterey,053,433212,43122,43078,1935,45013,415
2021-06-06,Napa,055,140530,9953,9963,34,9997,80
2021-06-06,Nevada,057,99092,4865,4854,199,5053,72
2021-06-06,Orange,059,3164182,255292,254782,11795,266577,5073
2021-06-06,Placer,061,380077,23405,23156,1576,24732,293
2021-06-06,Plumas,063,18699,709,692,12,704,4
2021-06-06,Riverside,065,2383286,292143,289201,14643,303844,4451
2021-06-06,Sacramento,067,1510023,106863,106749,1839,108588,1655
2021-06-06,San Benito,069,59416,6066,6074,119,6193,63
2021-06-06,San Bernardino,071,2135413,293125,293117,9453,302570,4773
2021-06-06,San Diego,073,3302833,281269,280743,15042,295785,3764
2021-06-06,San Francisco,075,870044,36820,37118,1385,38503,552
2021-06-06,San Joaquin,077,732212,73330,73105,3757,76862,1388
2021-06-06,San Luis Obispo,079,281455,21295,21246,785,22031,255
2021-06-06,San Mateo,081,765935,42491,42457,492,42949,664
2021-06-06,Santa Barbara,083,443738,34598,34403,1241,35644,459
2021-06-06,Santa Clara,085,1922200,118504,119711,803,120514,2066
2021-06-06,Santa Cruz,087,273765,16186,16158,874,17032,208
2021-06-06,Shasta,089,179085,12420,12478,1655,14133,200
2021-06-06,Sierra,091,2930,55,55,14,69,0
2021-06-06,Siskiyou,093,43540,1934,1869,385,2254,21
2021-06-06,Solano,095,438530,33062,33093,565,33658,258
2021-06-06,Sonoma,097,501317,30356,30478,356,30834,323
2021-06-06,Stanislaus,099,539301,56516,56486,6215,62701,972
2021-06-06,Sutter,101,95872,9563,9567,94,9661,111
2021-06-06,Tehama,103,63373,5086,5092,610,5702,63
2021-06-06,Trinity,105,12862,412,328,77,405,3
2021-06-06,Tulare,107,460477,49764,49466,9564,59030,847
2021-06-06,Tuolumne,109,53932,4090,4097,37,4134,63
2021-06-06,Ventura,111,848112,81244,81130,3111,84241,1025
2021-06-06,Yolo,113,214977,14056,14089,346,14435,210
2021-06-06,Yuba,115,75493,6098,6096,130,6226,49
2021-06-05,Alameda,001,1643700,88510,88612,2068,90680,1268
2021-06-05,Alpine,003,1148,88,88,0,88,0
2021-06-05,Amador,005,37829,3708,3694,34,3728,46
2021-06-05,Butte,007,227075,12595,12514,1915,14429,194
2021-06-05,Calaveras,009,45235,2180,2181,15,2196,55
2021-06-05,Colusa,011,21464,1953,1959,324,2283,15
2021-06-05,Contra Costa,013,1133247,70010,69601,1363,70964,817
2021-06-05,Del Norte,015,27424,1426,1400,13,1413,8
2021-06-05,El Dorado,017,186661,10295,10288,773,11061,113
2021-06-05,Fresno,019,978130,102422,102626,9018,111644,1717
2021-06-05,Glenn,021,27897,2421,2423,580,3003,19
2021-06-05,Humboldt,023,135768,4355,4346,37,4383,42
2021-06-05,Imperial,025,180216,28562,28764,2910,31674,738
2021-06-05,Inyo,027,18085,1404,1405,4,1409,35
2021-06-05,Kern,029,883053,97216,96597,11404,108001,1324
2021-06-05,Kings,031,150075,23032,23017,1190,24207,244
2021-06-05,Lake,033,64148,3550,3534,9,3543,45
2021-06-05,Lassen,035,31185,5227,5191,119,5310,18
2021-06-05,Los Angeles,037,10098052,1204518,1203338,43849,1247187,24411
2021-06-05,Madera,039,155013,16622,16563,965,17528,240
2021-06-05,Marin,041,260295,14093,14101,270,14371,229
2021-06-05,Mariposa,043,17540,434,435,11,446,5
2021-06-05,Mendocino,045,87422,4064,3989,78,4067,47
2021-06-05,Merced,047,269075,31142,31212,1008,32220,459
2021-06-05,Modoc,049,8938,388,375,133,508,3
2021-06-05,Mono,051,14174,1252,1274,13,1287,3
2021-06-05,Monterey,053,433212,43118,43071,1934,45005,415
2021-06-05,Napa,055,140530,9948,9960,34,9994,80
2021-06-05,Nevada,057,99092,4863,4849,199,5048,72
2021-06-05,Orange,059,3164182,255268,254752,11792,266544,5069
2021-06-05,Placer,061,380077,23390,23133,1575,24708,293
2021-06-05,Plumas,063,18699,709,692,12,704,4
2021-06-05,Riverside,065,2383286,292108,289157,14639,303796,4451
2021-06-05,Sacramento,067,1510023,106811,106688,1836,108524,1655
2021-06-05,San Benito,069,59416,6064,6074,119,6193,63
2021-06-05,San Bernardino,071,2135413,293092,293081,9451,302532,4772
2021-06-05,San Diego,073,3302833,281228,280676,15029,295705,3764
2021-06-05,San Francisco,075,870044,36811,37111,1385,38496,552
2021-06-05,San Joaquin,077,732212,73314,73078,3750,76828,1388
2021-06-05,San Luis Obispo,079,281455,21292,21236,785,22021,255
2021-06-05,San Mateo,081,765935,42481,42433,492,42925,664
2021-06-05,Santa Barbara,083,443738,34595,34399,1240,35639,459
2021-06-05,Santa Clara,085,1922200,118482,119676,801,120477,2066
2021-06-05,Santa Cruz,087,273765,16186,16154,874,17028,208
2021-06-05,Shasta,089,179085,12411,12472,1654,14126,200
2021-06-05,Sierra,091,2930,55,55,14,69,0
2021-06-05,Siskiyou,093,43540,1934,1867,385,2252,21
2021-06-05,Solano,095,438530,33047,33074,565,33639,257
2021-06-05,Sonoma,097,501317,30329,30450,354,30804,323
2021-06-05,Stanislaus,099,539301,56495,56463,6213,62676,973
2021-06-05,Sutter,101,95872,9560,9559,94,9653,111
2021-06-05,Tehama,103,63373,5085,5092,609,5701,63
2021-06-05,Trinity,105,12862,412,328,77,405,3
2021-06-05,Tulare,107,460477,49758,49463,9564,59027,847
2021-06-05,Tuolumne,109,53932,4088,4098,37,4135,63
2021-06-05,Ventura,111,848112,81235,81119,3109,84228,1025
2021-06-05,Yolo,113,214977,14054,14088,346,14434,210
2021-06-05,Yuba,115,75493,6097,6087,130,6217,49
2021-06-04,Alameda,001,1643700,88483,88585,2066,90651,1263
2021-06-04,Alpine,003,1148,88,88,0,88,0
2021-06-04,Amador,005,37829,3708,3690,34,3724,46
2021-06-04,Butte,007,227075,12584,12494,1912,14406,193
2021-06-04,Calaveras,009,45235,2180,2179,15,2194,55
2021-06-04,Colusa,011,21464,1953,1959,324,2283,15
2021-06-04,Contra Costa,013,1133247,69975,69540,1360,70900,816
2021-06-04,Del Norte,015,27424,1426,1398,13,1411,8
2021-06-04,El Dorado,017,186661,10291,10284,771,11055,112
2021-06-04,Fresno,019,978130,102406,102601,9018,111619,1712
2021-06-04,Glenn,021,27897,2421,2423,579,3002,19
2021-06-04,Humboldt,023,135768,4350,4327,37,4364,42
2021-06-04,Imperial,025,180216,28558,28753,2910,31663,738
2021-06-04,Inyo,027,18085,1404,1404,4,1408,35
2021-06-04,Kern,029,883053,97198,96573,11402,107975,1327
2021-06-04,Kings,031,150075,23031,23002,1190,24192,244
2021-06-04,Lake,033,64148,3548,3528,9,3537,45
2021-06-04,Lassen,035,31185,5227,5180,119,5299,18
2021-06-04,Los Angeles,037,10098052,1204396,1203106,43839,1246945,24400
2021-06-04,Madera,039,155013,16620,16557,965,17522,240
2021-06-04,Marin,041,260295,14092,14099,269,14368,229
2021-06-04,Mariposa,043,17540,434,435,11,446,5
2021-06-04,Mendocino,045,87422,4055,3983,78,4061,47
2021-06-04,Merced,047,269075,31137,31204,1007,32211,459
2021-06-04,Modoc,049,8938,386,375,133,508,3
2021-06-04,Mono,051,14174,1252,1275,13,1288,3
2021-06-04,Monterey,053,433212,43114,43068,1934,45002,415
2021-06-04,Napa,055,140530,9944,9958,34,9992,80
2021-06-04,Nevada,057,99092,4859,4844,199,5043,72
2021-06-04,Orange,059,3164182,255232,254730,11789,266519,5059
2021-06-04,Placer,061,380077,23374,23110,1574,24684,293
2021-06-04,Plumas,063,18699,709,691,12,703,4
2021-06-04,Riverside,065,2383286,292082,289098,14635,303733,4452
2021-06-04,Sacramento,067,1510023,106757,106616,1835,108451,1654
2021-06-04,San Benito,069,59416,6062,6073,119,6192,63
2021-06-04,San Bernardino,071,2135413,293069,293056,9449,302505,4768
2021-06-04,San Diego,073,3302833,281185,280556,15022,295578,3763
2021-06-04,San Francisco,075,870044,36806,37079,1384,38463,551
2021-06-04,San Joaquin,077,732212,73295,73039,3748,76787,1388
2021-06-04,San Luis Obispo,079,281455,21289,21234,784,22018,255
2021-06-04,San Mateo,081,765935,42469,42413,492,42905,478
2021-06-04,Santa Barbara,083,443738,34589,34402,1239,35641,459
2021-06-04,Santa Clara,085,1922200,118453,119619,801,120420,2065
2021-06-04,Santa Cruz,087,273765,16184,16150,874,17024,207
2021-06-04,Shasta,089,179085,12405,12458,1649,14107,200
2021-06-04,Sierra,091,2930,55,55,14,69,0
2021-06-04,Siskiyou,093,43540,1933,1865,385,2250,21
2021-06-04,Solano,095,438530,33036,33058,565,33623,256
2021-06-04,Sonoma,097,501317,30308,30411,354,30765,323
2021-06-04,Stanislaus,099,539301,56472,56442,6210,62652,973
2021-06-04,Sutter,101,95872,9555,9554,94,9648,111
2021-06-04,Tehama,103,63373,5080,5090,609,5699,63
2021-06-04,Trinity,105,12862,412,328,77,405,3
2021-06-04,Tulare,107,460477,49749,49452,9562,59014,847
2021-06-04,Tuolumne,109,53932,4087,4095,37,4132,63
2021-06-04,Ventura,111,848112,81228,81104,3107,84211,1023
2021-06-04,Yolo,113,214977,14052,14083,346,14429,210
2021-06-04,Yuba,115,75493,6094,6084,130,6214,49
2021-06-03,Alameda,001,1643700,88445,88555,2063,90618,1257
2021-06-03,Alpine,003,1148,88,88,0,88,0
2021-06-03,Amador,005,37829,3700,3688,34,3722,46
2021-06-03,Butte,007,227075,12580,12478,1911,14389,193
2021-06-03,Calaveras,009,45235,2180,2179,15,2194,55
2021-06-03,Colusa,011,21464,1953,1957,324,2281,15
2021-06-03,Contra Costa,013,1133247,69921,69500,1355,70855,816
2021-06-03,Del Norte,015,27424,1424,1397,13,1410,8
2021-06-03,El Dorado,017,186661,10285,10284,768,11052,112
2021-06-03,Fresno,019,978130,102390,102566,9018,111584,1709
2021-06-03,Glenn,021,27897,2421,2421,579,3000,19
2021-06-03,Humboldt,023,135768,4342,4314,37,4351,42
2021-06-03,Imperial,025,180216,28546,28737,2910,31647,738
2021-06-03,Inyo,027,18085,1404,1404,4,1408,35
2021-06-03,Kern,029,883053,97171,96507,11388,107895,1326
2021-06-03,Kings,031,150075,23027,22982,1190,24172,244
2021-06-03,Lake,033,64148,3546,3526,9,3535,45
2021-06-03,Lassen,035,31185,5218,5177,119,5296,12
2021-06-03,Los Angeles,037,10098052,1204222,1202923,43831,1246754,24386
2021-06-03,Madera,039,155013,16613,16554,965,17519,240
2021-06-03,Marin,041,260295,14087,14095,269,14364,230
2021-06-03,Mariposa,043,17540,434,435,11,446,5
2021-06-03,Mendocino,045,87422,4048,3978,78,4056,47
2021-06-03,Merced,047,269075,31134,31199,1007,32206,459
2021-06-03,Modoc,049,8938,385,376,132,508,3
2021-06-03,Mono,051,14174,1252,1275,13,1288,3
2021-06-03,Monterey,053,433212,43111,43063,1934,44997,415
2021-06-03,Napa,055,140530,9937,9957,34,9991,81
2021-06-03,Nevada,057,99092,4855,4837,199,5036,72
2021-06-03,Orange,059,3164182,255204,254676,11779,266455,5056
2021-06-03,Placer,061,380077,23365,23100,1573,24673,293
2021-06-03,Plumas,063,18699,709,691,12,703,4
2021-06-03,Riverside,065,2383286,292028,289035,14631,303666,4447
2021-06-03,Sacramento,067,1510023,106679,106526,1833,108359,1654
2021-06-03,San Benito,069,59416,6062,6073,119,6192,63
2021-06-03,San Bernardino,071,2135413,293039,293021,9448,302469,4762
2021-06-03,San Diego,073,3302833,281122,280430,15012,295442,3761
2021-06-03,San Francisco,075,870044,36800,37072,1384,38456,551
2021-06-03,San Joaquin,077,732212,73267,72989,3744,76733,1388
2021-06-03,San Luis Obispo,079,281455,21284,21224,784,22008,255
2021-06-03,San Mateo,081,765935,42456,42396,492,42888,467
2021-06-03,Santa Barbara,083,443738,34586,34391,1239,35630,459
2021-06-03,Santa Clara,085,1922200,118431,119592,799,120391,2058
2021-06-03,Santa Cruz,087,273765,16182,16144,874,17018,207
2021-06-03,Shasta,089,179085,12390,12441,1646,14087,199
2021-06-03,Sierra,091,2930,55,55,14,69,0
2021-06-03,Siskiyou,093,43540,1933,1862,384,2246,21
2021-06-03,Solano,095,438530,33022,33019,565,33584,256
2021-06-03,Sonoma,097,501317,30286,30383,353,30736,322
2021-06-03,Stanislaus,099,539301,56441,56401,6203,62604,973
2021-06-03,Sutter,101,95872,9546,9539,94,9633,111
2021-06-03,Tehama,103,63373,5080,5087,609,5696,63
2021-06-03,Trinity,105,12862,412,328,77,405,3
2021-06-03,Tulare,107,460477,49746,49442,9558,59000,848
2021-06-03,Tuolumne,109,53932,4085,4095,37,4132,63
2021-06-03,Ventura,111,848112,81216,81078,3105,84183,1023
2021-06-03,Yolo,113,214977,14048,14078,343,14421,210
2021-06-03,Yuba,115,75493,6087,6077,130,6207,49
2021-06-02,Alameda,001,1643700,88400,88525,2061,90586,1254
2021-06-02,Alpine,003,1148,88,88,0,88,0
2021-06-02,Amador,005,37829,3698,3687,34,3721,46
2021-06-02,Butte,007,227075,12560,12432,1908,14340,193
2021-06-02,Calaveras,009,45235,2178,2174,14,2188,55
2021-06-02,Colusa,011,21464,1952,1957,324,2281,15
2021-06-02,Contra Costa,013,1133247,69870,69455,1353,70808,814
2021-06-02,Del Norte,015,27424,1422,1395,13,1408,8
2021-06-02,El Dorado,017,186661,10281,10275,768,11043,110
2021-06-02,Fresno,019,978130,102366,102547,9015,111562,1707
2021-06-02,Glenn,021,27897,2421,2421,579,3000,19
2021-06-02,Humboldt,023,135768,4327,4302,37,4339,42
2021-06-02,Imperial,025,180216,28540,28737,2909,31646,738
2021-06-02,Inyo,027,18085,1403,1403,4,1407,35
2021-06-02,Kern,029,883053,97144,96481,11379,107860,1326
2021-06-02,Kings,031,150075,23025,22981,1190,24171,244
2021-06-02,Lake,033,64148,3541,3522,9,3531,45
2021-06-02,Lassen,035,31185,5217,5177,119,5296,6
2021-06-02,Los Angeles,037,10098052,1204020,1202760,43822,1246582,24375
2021-06-02,Madera,039,155013,16605,16550,965,17515,240
2021-06-02,Marin,041,260295,14085,14091,269,14360,229
2021-06-02,Mariposa,043,17540,434,434,11,445,5
2021-06-02,Mendocino,045,87422,4042,3970,78,4048,47
2021-06-02,Merced,047,269075,31121,31195,1006,32201,458
2021-06-02,Modoc,049,8938,384,375,131,506,3
2021-06-02,Mono,051,14174,1252,1275,13,1288,3
2021-06-02,Monterey,053,433212,43109,43056,1934,44990,380
2021-06-02,Napa,055,140530,9936,9953,34,9987,82
2021-06-02,Nevada,057,99092,4852,4833,199,5032,72
2021-06-02,Orange,059,3164182,255159,254637,11774,266411,5055
2021-06-02,Placer,061,380077,23344,23058,1571,24629,293
2021-06-02,Plumas,063,18699,709,690,12,702,4
2021-06-02,Riverside,065,2383286,291973,289012,14621,303633,4445
2021-06-02,Sacramento,067,1510023,106615,106435,1826,108261,1649
2021-06-02,San Benito,069,59416,6061,6073,119,6192,63
2021-06-02,San Bernardino,071,2135413,292991,293004,9443,302447,4760
2021-06-02,San Diego,073,3302833,281042,280347,14991,295338,3760
2021-06-02,San Francisco,075,870044,36780,37050,1383,38433,550
2021-06-02,San Joaquin,077,732212,73236,72893,3741,76634,1387
2021-06-02,San Luis Obispo,079,281455,21277,21214,783,21997,255
2021-06-02,San Mateo,081,765935,42446,42383,491,42874,464
2021-06-02,Santa Barbara,083,443738,34580,34381,1239,35620,456
2021-06-02,Santa Clara,085,1922200,118403,119553,798,120351,2058
2021-06-02,Santa Cruz,087,273765,16179,16144,874,17018,207
2021-06-02,Shasta,089,179085,12372,12426,1641,14067,199
2021-06-02,Sierra,091,2930,55,55,14,69,0
2021-06-02,Siskiyou,093,43540,1933,1861,382,2243,21
2021-06-02,Solano,095,438530,33010,33007,564,33571,256
2021-06-02,Sonoma,097,501317,30267,30359,348,30707,322
2021-06-02,Stanislaus,099,539301,56412,56377,6198,62575,973
2021-06-02,Sutter,101,95872,9543,9533,94,9627,111
2021-06-02,Tehama,103,63373,5077,5081,609,5690,63
2021-06-02,Trinity,105,12862,410,328,77,405,3
2021-06-02,Tulare,107,460477,49738,49434,9554,58988,846
2021-06-02,Tuolumne,109,53932,4085,4095,37,4132,63
2021-06-02,Ventura,111,848112,81191,81033,3105,84138,1020
2021-06-02,Yolo,113,214977,14045,14074,342,14416,210
2021-06-02,Yuba,115,75493,6081,6072,130,6202,48
2021-06-01,Alameda,001,1643700,88367,88472,2059,90531,1253
2021-06-01,Alpine,003,1148,88,88,0,88,0
2021-06-01,Amador,005,37829,3696,3687,34,3721,46
2021-06-01,Butte,007,227075,12546,12427,1907,14334,193
2021-06-01,Calaveras,009,45235,2176,2173,14,2187,55
2021-06-01,Colusa,011,21464,1951,1955,323,2278,15
2021-06-01,Contra Costa,013,1133247,69813,69404,1353,70757,813
2021-06-01,Del Norte,015,27424,1421,1394,13,1407,8
2021-06-01,El Dorado,017,186661,10275,10271,768,11039,110
2021-06-01,Fresno,019,978130,102343,102534,9012,111546,1706
2021-06-01,Glenn,021,27897,2421,2422,579,3001,18
2021-06-01,Humboldt,023,135768,4317,4299,37,4336,42
2021-06-01,Imperial,025,180216,28536,28722,2908,31630,736
2021-06-01,Inyo,027,18085,1403,1403,4,1407,35
2021-06-01,Kern,029,883053,97117,96477,11371,107848,1319
2021-06-01,Kings,031,150075,23021,22977,1190,24167,244
2021-06-01,Lake,033,64148,3540,3523,9,3532,45
2021-06-01,Lassen,035,31185,5210,5172,119,5291,6
2021-06-01,Los Angeles,037,10098052,1203787,1202673,43809,1246482,24367
2021-06-01,Madera,039,155013,16596,16549,964,17513,240
2021-06-01,Marin,041,260295,14083,14081,269,14350,229
2021-06-01,Mariposa,043,17540,434,431,11,442,5
2021-06-01,Mendocino,045,87422,4035,3966,78,4044,47
2021-06-01,Merced,047,269075,31111,31195,1006,32201,456
2021-06-01,Modoc,049,8938,382,375,131,506,3
2021-06-01,Mono,051,14174,1252,1275,13,1288,3
2021-06-01,Monterey,053,433212,43103,43051,1934,44985,379
2021-06-01,Napa,055,140530,9934,9949,34,9983,82
2021-06-01,Nevada,057,99092,4847,4825,199,5024,72
2021-06-01,Orange,059,3164182,255124,254603,11766,266369,5051
2021-06-01,Placer,061,380077,23314,23021,1569,24590,293
2021-06-01,Plumas,063,18699,708,690,12,702,4
2021-06-01,Riverside,065,2383286,291922,288996,14615,303611,4442
2021-06-01,Sacramento,067,1510023,106543,106330,1824,108154,1644
2021-06-01,San Benito,069,59416,6060,6073,118,6191,63
2021-06-01,San Bernardino,071,2135413,292967,292990,9442,302432,4758
2021-06-01,San Diego,073,3302833,280938,280305,14975,295280,3756
2021-06-01,San Francisco,075,870044,36764,37031,1383,38414,550
2021-06-01,San Joaquin,077,732212,73204,72858,3739,76597,1383
2021-06-01,San Luis Obispo,079,281455,21272,21217,783,22000,256
2021-06-01,San Mateo,081,765935,42429,42383,490,42873,462
2021-06-01,Santa Barbara,083,443738,34576,34374,1239,35613,456
2021-06-01,Santa Clara,085,1922200,118375,119528,798,120326,2057
2021-06-01,Santa Cruz,087,273765,16175,16143,873,17016,207
2021-06-01,Shasta,089,179085,12363,12409,1636,14045,199
2021-06-01,Sierra,091,2930,55,55,14,69,0
2021-06-01,Siskiyou,093,43540,1926,1860,381,2241,21
2021-06-01,Solano,095,438530,32985,32974,563,33537,256
2021-06-01,Sonoma,097,501317,30228,30324,347,30671,322
2021-06-01,Stanislaus,099,539301,56387,56348,6196,62544,973
2021-06-01,Sutter,101,95872,9536,9528,94,9622,111
2021-06-01,Tehama,103,63373,5075,5079,609,5688,63
2021-06-01,Trinity,105,12862,409,328,76,404,3
2021-06-01,Tulare,107,460477,49730,49419,9550,58969,845
2021-06-01,Tuolumne,109,53932,4085,4094,37,4131,63
2021-06-01,Ventura,111,848112,81175,81018,3104,84122,1021
2021-06-01,Yolo,113,214977,14039,14067,341,14408,210
2021-06-01,Yuba,115,75493,6077,6067,130,6197,48
2021-05-31,Alameda,001,1643700,88330,88458,2055,90513,1253
2021-05-31,Alpine,003,1148,88,88,0,88,0
2021-05-31,Amador,005,37829,3690,3687,34,3721,46
2021-05-31,Butte,007,227075,12533,12429,1907,14336,193
2021-05-31,Calaveras,009,45235,2175,2171,14,2185,55
2021-05-31,Colusa,011,21464,1951,1956,322,2278,15
2021-05-31,Contra Costa,013,1133247,69776,69390,1351,70741,813
2021-05-31,Del Norte,015,27424,1418,1394,13,1407,8
2021-05-31,El Dorado,017,186661,10269,10271,766,11037,110
2021-05-31,Fresno,019,978130,102307,102507,9011,111518,1706
2021-05-31,Glenn,021,27897,2420,2422,578,3000,18
2021-05-31,Humboldt,023,135768,4305,4295,37,4332,42
2021-05-31,Imperial,025,180216,28530,28732,2905,31637,736
2021-05-31,Inyo,027,18085,1402,1403,4,1407,35
2021-05-31,Kern,029,883053,97081,96457,11362,107819,1319
2021-05-31,Kings,031,150075,23017,22977,1190,24167,244
2021-05-31,Lake,033,64148,3535,3523,9,3532,45
2021-05-31,Lassen,035,31185,5208,5172,118,5290,6
2021-05-31,Los Angeles,037,10098052,1203546,1202567,43801,1246368,24364
2021-05-31,Madera,039,155013,16595,16543,963,17506,240
2021-05-31,Marin,041,260295,14081,14080,268,14348,229
2021-05-31,Mariposa,043,17540,434,430,11,441,5
2021-05-31,Mendocino,045,87422,4025,3961,78,4039,47
2021-05-31,Merced,047,269075,31106,31194,1006,32200,456
2021-05-31,Modoc,049,8938,381,374,131,505,3
2021-05-31,Mono,051,14174,1252,1275,13,1288,3
2021-05-31,Monterey,053,433212,43099,43051,1934,44985,379
2021-05-31,Napa,055,140530,9927,9948,34,9982,82
2021-05-31,Nevada,057,99092,4837,4823,198,5021,72
2021-05-31,Orange,059,3164182,255097,254572,11759,266331,5051
2021-05-31,Placer,061,380077,23288,23019,1564,24583,293
2021-05-31,Plumas,063,18699,707,690,12,702,4
2021-05-31,Riverside,065,2383286,291865,288970,14603,303573,4442
2021-05-31,Sacramento,067,1510023,106447,106278,1818,108096,1644
2021-05-31,San Benito,069,59416,6060,6072,118,6190,63
2021-05-31,San Bernardino,071,2135413,292919,292973,9441,302414,4758
2021-05-31,San Diego,073,3302833,280834,280254,14963,295217,3756
2021-05-31,San Francisco,075,870044,36749,37022,1382,38404,550
2021-05-31,San Joaquin,077,732212,73157,72856,3732,76588,1383
2021-05-31,San Luis Obispo,079,281455,21264,21215,783,21998,256
2021-05-31,San Mateo,081,765935,42413,42389,490,42879,442
2021-05-31,Santa Barbara,083,443738,34563,34369,1237,35606,456
2021-05-31,Santa Clara,085,1922200,118331,119515,798,120313,2057
2021-05-31,Santa Cruz,087,273765,16172,16139,873,17012,207
2021-05-31,Shasta,089,179085,12347,12408,1633,14041,199
2021-05-31,Sierra,091,2930,55,55,14,69,0
2021-05-31,Siskiyou,093,43540,1925,1856,380,2236,21
2021-05-31,Solano,095,438530,32934,32973,563,33536,256
2021-05-31,Sonoma,097,501317,30185,30314,347,30661,322
2021-05-31,Stanislaus,099,539301,56337,56335,6193,62528,973
2021-05-31,Sutter,101,95872,9517,9523,94,9617,111
2021-05-31,Tehama,103,63373,5073,5076,608,5684,63
2021-05-31,Trinity,105,12862,409,328,76,404,3
2021-05-31,Tulare,107,460477,49719,49404,9545,58949,845
2021-05-31,Tuolumne,109,53932,4083,4095,37,4132,63
2021-05-31,Ventura,111,848112,81160,81017,3101,84118,1021
2021-05-31,Yolo,113,214977,14035,14064,341,14405,210
2021-05-31,Yuba,115,75493,6071,6063,127,6190,48
2021-05-30,Alameda,001,1643700,88305,88429,2055,90484,1253
2021-05-30,Alpine,003,1148,88,88,0,88,0
2021-05-30,Amador,005,37829,3686,3685,34,3719,46
2021-05-30,Butte,007,227075,12523,12427,1905,14332,190
2021-05-30,Calaveras,009,45235,2171,2166,14,2180,55
2021-05-30,Colusa,011,21464,1951,1954,322,2276,15
2021-05-30,Contra Costa,013,1133247,69742,69381,1349,70730,813
2021-05-30,Del Norte,015,27424,1417,1393,13,1406,8
2021-05-30,El Dorado,017,186661,10266,10271,766,11037,110
2021-05-30,Fresno,019,978130,102290,102499,9007,111506,1706
2021-05-30,Glenn,021,27897,2420,2422,577,2999,18
2021-05-30,Humboldt,023,135768,4296,4291,37,4328,42
2021-05-30,Imperial,025,180216,28525,28732,2904,31636,736
2021-05-30,Inyo,027,18085,1402,1403,4,1407,35
2021-05-30,Kern,029,883053,97065,96443,11359,107802,1319
2021-05-30,Kings,031,150075,23016,22974,1189,24163,244
2021-05-30,Lake,033,64148,3535,3517,9,3526,45
2021-05-30,Lassen,035,31185,5206,5171,118,5289,6
2021-05-30,Los Angeles,037,10098052,1203442,1202425,43794,1246219,24360
2021-05-30,Madera,039,155013,16591,16538,963,17501,240
2021-05-30,Marin,041,260295,14077,14083,267,14350,229
2021-05-30,Mariposa,043,17540,434,430,11,441,5
2021-05-30,Mendocino,045,87422,4018,3955,78,4033,47
2021-05-30,Merced,047,269075,31102,31189,1005,32194,456
2021-05-30,Modoc,049,8938,381,374,131,505,3
2021-05-30,Mono,051,14174,1252,1275,13,1288,3
2021-05-30,Monterey,053,433212,43096,43049,1934,44983,379
2021-05-30,Napa,055,140530,9926,9948,34,9982,82
2021-05-30,Nevada,057,99092,4831,4818,198,5016,72
2021-05-30,Orange,059,3164182,255074,254559,11758,266317,5051
2021-05-30,Placer,061,380077,23282,23016,1564,24580,293
2021-05-30,Plumas,063,18699,705,690,12,702,4
2021-05-30,Riverside,065,2383286,291843,288961,14601,303562,4442
2021-05-30,Sacramento,067,1510023,106402,106252,1816,108068,1644
2021-05-30,San Benito,069,59416,6060,6072,118,6190,63
2021-05-30,San Bernardino,071,2135413,292893,292981,9440,302421,4758
2021-05-30,San Diego,073,3302833,280778,280209,14958,295167,3756
2021-05-30,San Francisco,075,870044,36731,37016,1381,38397,550
2021-05-30,San Joaquin,077,732212,73140,72853,3731,76584,1383
2021-05-30,San Luis Obispo,079,281455,21255,21211,782,21993,256
2021-05-30,San Mateo,081,765935,42405,42386,490,42876,439
2021-05-30,Santa Barbara,083,443738,34559,34369,1236,35605,456
2021-05-30,Santa Clara,085,1922200,118309,119510,794,120304,2057
2021-05-30,Santa Cruz,087,273765,16170,16140,873,17013,207
2021-05-30,Shasta,089,179085,12345,12408,1630,14038,199
2021-05-30,Sierra,091,2930,55,55,14,69,0
2021-05-30,Siskiyou,093,43540,1925,1856,380,2236,21
2021-05-30,Solano,095,438530,32923,32952,562,33514,256
2021-05-30,Sonoma,097,501317,30169,30310,345,30655,322
2021-05-30,Stanislaus,099,539301,56318,56323,6192,62515,973
2021-05-30,Sutter,101,95872,9516,9519,93,9612,111
2021-05-30,Tehama,103,63373,5073,5073,608,5681,63
2021-05-30,Trinity,105,12862,409,328,76,404,3
2021-05-30,Tulare,107,460477,49712,49397,9536,58933,845
2021-05-30,Tuolumne,109,53932,4083,4094,37,4131,63
2021-05-30,Ventura,111,848112,81157,81012,3099,84111,1021
2021-05-30,Yolo,113,214977,14030,14059,340,14399,210
2021-05-30,Yuba,115,75493,6064,6063,126,6189,48
2021-05-29,Alameda,001,1643700,88282,88433,2053,90486,1253
2021-05-29,Alpine,003,1148,88,88,0,88,0
2021-05-29,Amador,005,37829,3685,3683,34,3717,46
2021-05-29,Butte,007,227075,12517,12425,1905,14330,190
2021-05-29,Calaveras,009,45235,2170,2166,14,2180,55
2021-05-29,Colusa,011,21464,1948,1954,322,2276,15
2021-05-29,Contra Costa,013,1133247,69709,69351,1349,70700,813
2021-05-29,Del Norte,015,27424,1417,1391,13,1404,8
2021-05-29,El Dorado,017,186661,10265,10269,764,11033,110
2021-05-29,Fresno,019,978130,102278,102470,9004,111474,1706
2021-05-29,Glenn,021,27897,2420,2422,576,2998,18
2021-05-29,Humboldt,023,135768,4290,4283,37,4320,42
2021-05-29,Imperial,025,180216,28522,28729,2903,31632,736
2021-05-29,Inyo,027,18085,1402,1404,4,1408,35
2021-05-29,Kern,029,883053,97055,96424,11345,107769,1319
2021-05-29,Kings,031,150075,23015,22970,1188,24158,244
2021-05-29,Lake,033,64148,3535,3515,9,3524,45
2021-05-29,Lassen,035,31185,5206,5171,118,5289,6
2021-05-29,Los Angeles,037,10098052,1203319,1202264,43791,1246055,24359
2021-05-29,Madera,039,155013,16589,16535,963,17498,240
2021-05-29,Marin,041,260295,14073,14071,266,14337,229
2021-05-29,Mariposa,043,17540,433,428,11,439,5
2021-05-29,Mendocino,045,87422,4012,3952,78,4030,47
2021-05-29,Merced,047,269075,31090,31187,1005,32192,456
2021-05-29,Modoc,049,8938,381,374,131,505,3
2021-05-29,Mono,051,14174,1252,1275,13,1288,3
2021-05-29,Monterey,053,433212,43094,43042,1934,44976,379
2021-05-29,Napa,055,140530,9923,9948,34,9982,82
2021-05-29,Nevada,057,99092,4830,4816,198,5014,72
2021-05-29,Orange,059,3164182,255052,254537,11748,266285,5049
2021-05-29,Placer,061,380077,23267,23009,1563,24572,293
2021-05-29,Plumas,063,18699,705,689,12,701,4
2021-05-29,Riverside,065,2383286,291823,288908,14600,303508,4442
2021-05-29,Sacramento,067,1510023,106372,106218,1815,108033,1643
2021-05-29,San Benito,069,59416,6059,6072,118,6190,63
2021-05-29,San Bernardino,071,2135413,292861,292961,9439,302400,4757
2021-05-29,San Diego,073,3302833,280719,280151,14953,295104,3756
2021-05-29,San Francisco,075,870044,36722,37008,1381,38389,550
2021-05-29,San Joaquin,077,732212,73124,72827,3729,76556,1383
2021-05-29,San Luis Obispo,079,281455,21253,21201,782,21983,256
2021-05-29,San Mateo,081,765935,42398,42375,489,42864,439
2021-05-29,Santa Barbara,083,443738,34555,34367,1236,35603,456
2021-05-29,Santa Clara,085,1922200,118285,119498,793,120291,2056
2021-05-29,Santa Cruz,087,273765,16169,16137,873,17010,207
2021-05-29,Shasta,089,179085,12337,12401,1629,14030,199
2021-05-29,Sierra,091,2930,55,55,14,69,0
2021-05-29,Siskiyou,093,43540,1920,1856,380,2236,21
2021-05-29,Solano,095,438530,32914,32917,562,33479,256
2021-05-29,Sonoma,097,501317,30146,30298,344,30642,322
2021-05-29,Stanislaus,099,539301,56298,56305,6190,62495,974
2021-05-29,Sutter,101,95872,9512,9516,93,9609,111
2021-05-29,Tehama,103,63373,5072,5070,608,5678,63
2021-05-29,Trinity,105,12862,409,328,76,404,3
2021-05-29,Tulare,107,460477,49702,49392,9532,58924,845
2021-05-29,Tuolumne,109,53932,4083,4093,37,4130,63
2021-05-29,Ventura,111,848112,81149,81008,3099,84107,1021
2021-05-29,Yolo,113,214977,14029,14055,340,14395,210
2021-05-29,Yuba,115,75493,6064,6059,126,6185,48
2021-05-28,Alameda,001,1643700,88258,88391,2049,90440,1261
2021-05-28,Alpine,003,1148,88,88,0,88,0
2021-05-28,Amador,005,37829,3685,3680,34,3714,46
2021-05-28,Butte,007,227075,12514,12407,1904,14311,190
2021-05-28,Calaveras,009,45235,2169,2165,14,2179,55
2021-05-28,Colusa,011,21464,1948,1954,320,2274,15
2021-05-28,Contra Costa,013,1133247,69673,69290,1348,70638,813
2021-05-28,Del Norte,015,27424,1416,1390,13,1403,8
2021-05-28,El Dorado,017,186661,10262,10265,764,11029,110
2021-05-28,Fresno,019,978130,102263,102437,9004,111441,1705
2021-05-28,Glenn,021,27897,2420,2419,576,2995,18
2021-05-28,Humboldt,023,135768,4284,4265,37,4302,42
2021-05-28,Imperial,025,180216,28519,28722,2903,31625,736
2021-05-28,Inyo,027,18085,1402,1404,4,1408,35
2021-05-28,Kern,029,883053,97038,96396,11337,107733,1320
2021-05-28,Kings,031,150075,23013,22962,1188,24150,244
2021-05-28,Lake,033,64148,3533,3515,9,3524,45
2021-05-28,Lassen,035,31185,5206,5169,118,5287,6
2021-05-28,Los Angeles,037,10098052,1203211,1202103,43779,1245882,24357
2021-05-28,Madera,039,155013,16587,16530,963,17493,240
2021-05-28,Marin,041,260295,14072,14063,265,14328,229
2021-05-28,Mariposa,043,17540,433,428,11,439,5
2021-05-28,Mendocino,045,87422,4007,3947,78,4025,47
2021-05-28,Merced,047,269075,31087,31176,1005,32181,455
2021-05-28,Modoc,049,8938,381,374,131,505,3
2021-05-28,Mono,051,14174,1252,1274,13,1287,3
2021-05-28,Monterey,053,433212,43093,43036,1934,44970,379
2021-05-28,Napa,055,140530,9923,9941,34,9975,82
2021-05-28,Nevada,057,99092,4828,4813,198,5011,71
2021-05-28,Orange,059,3164182,255034,254494,11746,266240,5047
2021-05-28,Placer,061,380077,23257,22987,1561,24548,293
2021-05-28,Plumas,063,18699,703,688,12,700,4
2021-05-28,Riverside,065,2383286,291801,288872,14598,303470,4442
2021-05-28,Sacramento,067,1510023,106316,106131,1814,107945,1642
2021-05-28,San Benito,069,59416,6059,6074,118,6192,63
2021-05-28,San Bernardino,071,2135413,292838,292905,9439,302344,4757
2021-05-28,San Diego,073,3302833,280656,280043,14942,294985,3756
2021-05-28,San Francisco,075,870044,36716,36987,1381,38368,546
2021-05-28,San Joaquin,077,732212,73094,72793,3727,76520,1383
2021-05-28,San Luis Obispo,079,281455,21249,21190,780,21970,256
2021-05-28,San Mateo,081,765935,42392,42364,489,42853,439
2021-05-28,Santa Barbara,083,443738,34554,34371,1235,35606,455
2021-05-28,Santa Clara,085,1922200,118261,119462,793,120255,2056
2021-05-28,Santa Cruz,087,273765,16168,16129,873,17002,207
2021-05-28,Shasta,089,179085,12328,12383,1627,14010,198
2021-05-28,Sierra,091,2930,55,54,14,68,0
2021-05-28,Siskiyou,093,43540,1918,1850,380,2230,19
2021-05-28,Solano,095,438530,32899,32892,562,33454,256
2021-05-28,Sonoma,097,501317,30127,30270,344,30614,321
2021-05-28,Stanislaus,099,539301,56275,56278,6187,62465,974
2021-05-28,Sutter,101,95872,9508,9511,93,9604,111
2021-05-28,Tehama,103,63373,5066,5064,608,5672,63
2021-05-28,Trinity,105,12862,409,328,76,404,3
2021-05-28,Tulare,107,460477,49697,49375,9522,58897,846
2021-05-28,Tuolumne,109,53932,4083,4090,37,4127,63
2021-05-28,Ventura,111,848112,81138,80985,3098,84083,1021
2021-05-28,Yolo,113,214977,14025,14050,339,14389,210
2021-05-28,Yuba,115,75493,6062,6050,125,6175,48
2021-05-27,Alameda,001,1643700,88222,88342,2048,90390,1274
2021-05-27,Alpine,003,1148,88,88,0,88,0
2021-05-27,Amador,005,37829,3683,3680,34,3714,46
2021-05-27,Butte,007,227075,12508,12401,1903,14304,190
2021-05-27,Calaveras,009,45235,2168,2163,14,2177,55
2021-05-27,Colusa,011,21464,1945,1952,320,2272,15
2021-05-27,Contra Costa,013,1133247,69631,69245,1346,70591,813
2021-05-27,Del Norte,015,27424,1416,1388,13,1401,8
2021-05-27,El Dorado,017,186661,10261,10248,764,11012,112
2021-05-27,Fresno,019,978130,102247,102413,9001,111414,1704
2021-05-27,Glenn,021,27897,2420,2415,576,2991,18
2021-05-27,Humboldt,023,135768,4276,4260,37,4297,42
2021-05-27,Imperial,025,180216,28508,28728,2903,31631,736
2021-05-27,Inyo,027,18085,1402,1404,4,1408,35
2021-05-27,Kern,029,883053,97022,96364,11329,107693,1322
2021-05-27,Kings,031,150075,23010,22953,1188,24141,245
2021-05-27,Lake,033,64148,3528,3509,9,3518,45
2021-05-27,Lassen,035,31185,5205,5170,117,5287,6
2021-05-27,Los Angeles,037,10098052,1203050,1201927,43763,1245690,24348
2021-05-27,Madera,039,155013,16578,16527,963,17490,240
2021-05-27,Marin,041,260295,14068,14061,265,14326,229
2021-05-27,Mariposa,043,17540,431,427,11,438,5
2021-05-27,Mendocino,045,87422,4001,3945,78,4023,47
2021-05-27,Merced,047,269075,31075,31161,1005,32166,455
2021-05-27,Modoc,049,8938,380,374,131,505,3
2021-05-27,Mono,051,14174,1252,1276,13,1289,3
2021-05-27,Monterey,053,433212,43087,43032,1934,44966,379
2021-05-27,Napa,055,140530,9922,9934,34,9968,82
2021-05-27,Nevada,057,99092,4824,4807,196,5003,71
2021-05-27,Orange,059,3164182,254998,254438,11741,266179,5059
2021-05-27,Placer,061,380077,23248,22966,1561,24527,293
2021-05-27,Plumas,063,18699,703,687,12,699,4
2021-05-27,Riverside,065,2383286,291766,288835,14593,303428,4443
2021-05-27,Sacramento,067,1510023,106241,106015,1812,107827,1642
2021-05-27,San Benito,069,59416,6058,6074,118,6192,63
2021-05-27,San Bernardino,071,2135413,292802,292755,9437,302192,4756
2021-05-27,San Diego,073,3302833,280582,279960,14928,294888,3756
2021-05-27,San Francisco,075,870044,36711,36980,1377,38357,546
2021-05-27,San Joaquin,077,732212,73062,72714,3723,76437,1388
2021-05-27,San Luis Obispo,079,281455,21246,21171,780,21951,256
2021-05-27,San Mateo,081,765935,42383,42345,489,42834,436
2021-05-27,Santa Barbara,083,443738,34550,34355,1235,35590,456
2021-05-27,Santa Clara,085,1922200,118242,119452,793,120245,2053
2021-05-27,Santa Cruz,087,273765,16165,16134,873,17007,207
2021-05-27,Shasta,089,179085,12317,12380,1627,14007,202
2021-05-27,Sierra,091,2930,55,54,14,68,0
2021-05-27,Siskiyou,093,43540,1915,1846,380,2226,18
2021-05-27,Solano,095,438530,32858,32855,561,33416,257
2021-05-27,Sonoma,097,501317,30100,30253,340,30593,321
2021-05-27,Stanislaus,099,539301,56247,56207,6186,62393,974
2021-05-27,Sutter,101,95872,9504,9501,93,9594,111
2021-05-27,Tehama,103,63373,5063,5064,607,5671,63
2021-05-27,Trinity,105,12862,409,328,76,404,3
2021-05-27,Tulare,107,460477,49683,49366,9513,58879,840
2021-05-27,Tuolumne,109,53932,4082,4090,37,4127,66
2021-05-27,Ventura,111,848112,81125,80965,3095,84060,1023
2021-05-27,Yolo,113,214977,14022,14036,338,14374,213
2021-05-27,Yuba,115,75493,6057,6040,124,6164,48
2021-05-26,Alameda,001,1643700,88193,88297,2048,90345,1266
2021-05-26,Alpine,003,1148,88,88,0,88,0
2021-05-26,Amador,005,37829,3683,3679,34,3713,46
2021-05-26,Butte,007,227075,12499,12332,1902,14234,190
2021-05-26,Calaveras,009,45235,2166,2154,14,2168,55
2021-05-26,Colusa,011,21464,1944,1952,320,2272,15
2021-05-26,Contra Costa,013,1133247,69594,69210,1346,70556,812
2021-05-26,Del Norte,015,27424,1416,1386,12,1398,8
2021-05-26,El Dorado,017,186661,10257,10242,763,11005,112
2021-05-26,Fresno,019,978130,102215,102374,8996,111370,1702
2021-05-26,Glenn,021,27897,2419,2415,576,2991,18
2021-05-26,Humboldt,023,135768,4271,4246,37,4283,42
2021-05-26,Imperial,025,180216,28503,28712,2901,31613,734
2021-05-26,Inyo,027,18085,1402,1403,4,1407,36
2021-05-26,Kern,029,883053,96997,96343,11322,107665,1320
2021-05-26,Kings,031,150075,23006,22950,1187,24137,245
2021-05-26,Lake,033,64148,3527,3508,9,3517,45
2021-05-26,Lassen,035,31185,5204,5164,117,5281,6
2021-05-26,Los Angeles,037,10098052,1202886,1198100,43745,1241845,24221
2021-05-26,Madera,039,155013,16575,16520,963,17483,240
2021-05-26,Marin,041,260295,14065,14061,264,14325,227
2021-05-26,Mariposa,043,17540,431,427,11,438,5
2021-05-26,Mendocino,045,87422,3995,3938,78,4016,47
2021-05-26,Merced,047,269075,31066,31139,1005,32144,455
2021-05-26,Modoc,049,8938,380,371,130,501,3
2021-05-26,Mono,051,14174,1252,1274,13,1287,3
2021-05-26,Monterey,053,433212,43081,43018,1933,44951,379
2021-05-26,Napa,055,140530,9915,9932,32,9964,82
2021-05-26,Nevada,057,99092,4819,4803,196,4999,70
2021-05-26,Orange,059,3164182,254963,254368,11737,266105,5058
2021-05-26,Placer,061,380077,23224,22940,1561,24501,293
2021-05-26,Plumas,063,18699,702,685,12,697,4
2021-05-26,Riverside,065,2383286,291720,288782,14586,303368,4443
2021-05-26,Sacramento,067,1510023,106155,105919,1808,107727,1637
2021-05-26,San Benito,069,59416,6058,6074,118,6192,63
2021-05-26,San Bernardino,071,2135413,292767,292662,9436,302098,4755
2021-05-26,San Diego,073,3302833,280507,279859,14918,294777,3755
2021-05-26,San Francisco,075,870044,36699,36954,1377,38331,546
2021-05-26,San Joaquin,077,732212,73021,72681,3720,76401,1388
2021-05-26,San Luis Obispo,079,281455,21241,21163,780,21943,256
2021-05-26,San Mateo,081,765935,42374,42331,488,42819,436
2021-05-26,Santa Barbara,083,443738,34541,34348,1235,35583,459
2021-05-26,Santa Clara,085,1922200,118215,119421,792,120213,2031
2021-05-26,Santa Cruz,087,273765,16164,16139,873,17012,207
2021-05-26,Shasta,089,179085,12303,12357,1624,13981,202
2021-05-26,Sierra,091,2930,55,54,14,68,0
2021-05-26,Siskiyou,093,43540,1913,1847,378,2225,18
2021-05-26,Solano,095,438530,32822,32831,561,33392,257
2021-05-26,Sonoma,097,501317,30074,30230,340,30570,321
2021-05-26,Stanislaus,099,539301,56224,56193,6183,62376,974
2021-05-26,Sutter,101,95872,9499,9495,93,9588,112
2021-05-26,Tehama,103,63373,5062,5054,604,5658,63
2021-05-26,Trinity,105,12862,409,328,76,404,3
2021-05-26,Tulare,107,460477,49676,49352,9509,58861,839
2021-05-26,Tuolumne,109,53932,4078,4088,36,4124,66
2021-05-26,Ventura,111,848112,81102,80944,3093,84037,1023
2021-05-26,Yolo,113,214977,14019,14025,338,14363,213
2021-05-26,Yuba,115,75493,6052,6036,124,6160,49
2021-05-25,Alameda,001,1643700,88164,88237,2048,90285,1263
2021-05-25,Alpine,003,1148,88,88,0,88,0
2021-05-25,Amador,005,37829,3678,3676,34,3710,46
2021-05-25,Butte,007,227075,12488,12295,1901,14196,189
2021-05-25,Calaveras,009,45235,2164,2148,14,2162,55
2021-05-25,Colusa,011,21464,1943,1949,320,2269,15
2021-05-25,Contra Costa,013,1133247,69541,69167,1341,70508,809
2021-05-25,Del Norte,015,27424,1416,1385,12,1397,8
2021-05-25,El Dorado,017,186661,10250,10240,762,11002,112
2021-05-25,Fresno,019,978130,102193,102329,8996,111325,1701
2021-05-25,Glenn,021,27897,2418,2414,575,2989,17
2021-05-25,Humboldt,023,135768,4264,4231,35,4266,42
2021-05-25,Imperial,025,180216,28496,28586,2901,31487,735
2021-05-25,Inyo,027,18085,1402,1402,4,1406,36
2021-05-25,Kern,029,883053,96966,96319,11308,107627,1319
2021-05-25,Kings,031,150075,23000,22944,1186,24130,245
2021-05-25,Lake,033,64148,3526,3508,9,3517,44
2021-05-25,Lassen,035,31185,5200,5164,117,5281,6
2021-05-25,Los Angeles,037,10098052,1202710,1197940,43726,1241666,24212
2021-05-25,Madera,039,155013,16570,16519,962,17481,240
2021-05-25,Marin,041,260295,14059,14053,264,14317,227
2021-05-25,Mariposa,043,17540,430,427,11,438,5
2021-05-25,Mendocino,045,87422,3990,3928,78,4006,47
2021-05-25,Merced,047,269075,31045,31132,1005,32137,455
2021-05-25,Modoc,049,8938,379,367,130,497,3
2021-05-25,Mono,051,14174,1252,1274,13,1287,3
2021-05-25,Monterey,053,433212,43077,43012,1932,44944,379
2021-05-25,Napa,055,140530,9913,9926,32,9958,82
2021-05-25,Nevada,057,99092,4813,4795,196,4991,70
2021-05-25,Orange,059,3164182,254934,254321,11736,266057,5057
2021-05-25,Placer,061,380077,23213,22920,1559,24479,292
2021-05-25,Plumas,063,18699,702,684,12,696,4
2021-05-25,Riverside,065,2383286,291681,288725,14583,303308,4443
2021-05-25,Sacramento,067,1510023,106075,105828,1804,107632,1633
2021-05-25,San Benito,069,59416,6058,6073,118,6191,63
2021-05-25,San Bernardino,071,2135413,292708,292485,9435,301920,4755
2021-05-25,San Diego,073,3302833,280427,279786,14913,294699,3753
2021-05-25,San Francisco,075,870044,36676,36939,1377,38316,546
2021-05-25,San Joaquin,077,732212,72981,72628,3716,76344,1387
2021-05-25,San Luis Obispo,079,281455,21238,21153,780,21933,256
2021-05-25,San Mateo,081,765935,42364,42268,488,42756,435
2021-05-25,Santa Barbara,083,443738,34538,34337,1235,35572,459
2021-05-25,Santa Clara,085,1922200,118191,119393,791,120184,2032
2021-05-25,Santa Cruz,087,273765,16159,16141,873,17014,207
2021-05-25,Shasta,089,179085,12293,12328,1621,13949,202
2021-05-25,Sierra,091,2930,54,54,14,68,0
2021-05-25,Siskiyou,093,43540,1912,1845,377,2222,18
2021-05-25,Solano,095,438530,32804,32817,560,33377,256
2021-05-25,Sonoma,097,501317,30045,30207,339,30546,321
2021-05-25,Stanislaus,099,539301,56187,56168,6181,62349,974
2021-05-25,Sutter,101,95872,9495,9495,93,9588,112
2021-05-25,Tehama,103,63373,5060,5048,603,5651,63
2021-05-25,Trinity,105,12862,409,328,75,403,3
2021-05-25,Tulare,107,460477,49666,49326,9501,58827,838
2021-05-25,Tuolumne,109,53932,4078,4084,36,4120,66
2021-05-25,Ventura,111,848112,81084,80905,3093,83998,1022
2021-05-25,Yolo,113,214977,14012,14018,336,14354,213
2021-05-25,Yuba,115,75493,6045,6028,124,6152,49
2021-05-24,Alameda,001,1643700,88102,88182,2047,90229,1263
2021-05-24,Alpine,003,1148,88,88,0,88,0
2021-05-24,Amador,005,37829,3676,3675,34,3709,46
2021-05-24,Butte,007,227075,12475,12279,1898,14177,189
2021-05-24,Calaveras,009,45235,2163,2146,14,2160,54
2021-05-24,Colusa,011,21464,1943,1949,320,2269,15
2021-05-24,Contra Costa,013,1133247,69502,69107,1337,70444,809
2021-05-24,Del Norte,015,27424,1415,1384,12,1396,8
2021-05-24,El Dorado,017,186661,10240,10227,761,10988,112
2021-05-24,Fresno,019,978130,102152,102289,8994,111283,1698
2021-05-24,Glenn,021,27897,2418,2413,575,2988,17
2021-05-24,Humboldt,023,135768,4257,4225,35,4260,42
2021-05-24,Imperial,025,180216,28494,28575,2901,31476,735
2021-05-24,Inyo,027,18085,1402,1402,4,1406,36
2021-05-24,Kern,029,883053,96939,96296,11303,107599,1319
2021-05-24,Kings,031,150075,22996,22940,1186,24126,246
2021-05-24,Lake,033,64148,3524,3506,9,3515,43
2021-05-24,Lassen,035,31185,5196,5163,117,5280,6
2021-05-24,Los Angeles,037,10098052,1202538,1197782,43711,1241493,24201
2021-05-24,Madera,039,155013,16567,16513,961,17474,239
2021-05-24,Marin,041,260295,14057,14051,264,14315,227
2021-05-24,Mariposa,043,17540,429,427,11,438,5
2021-05-24,Mendocino,045,87422,3988,3919,78,3997,47
2021-05-24,Merced,047,269075,31035,31128,1004,32132,455
2021-05-24,Modoc,049,8938,379,366,129,495,3
2021-05-24,Mono,051,14174,1252,1270,13,1283,3
2021-05-24,Monterey,053,433212,43072,43005,1931,44936,379
2021-05-24,Napa,055,140530,9913,9924,32,9956,82
2021-05-24,Nevada,057,99092,4810,4790,196,4986,70
2021-05-24,Orange,059,3164182,254899,254287,11726,266013,5056
2021-05-24,Placer,061,380077,23194,22895,1558,24453,292
2021-05-24,Plumas,063,18699,701,683,12,695,4
2021-05-24,Riverside,065,2383286,291628,288669,14572,303241,4442
2021-05-24,Sacramento,067,1510023,105960,105716,1803,107519,1632
2021-05-24,San Benito,069,59416,6058,6072,118,6190,63
2021-05-24,San Bernardino,071,2135413,292670,292343,9434,301777,4747
2021-05-24,San Diego,073,3302833,280318,279715,14903,294618,3749
2021-05-24,San Francisco,075,870044,36657,36934,1376,38310,547
2021-05-24,San Joaquin,077,732212,72949,72586,3715,76301,1371
2021-05-24,San Luis Obispo,079,281455,21220,21146,779,21925,256
2021-05-24,San Mateo,081,765935,42354,42249,488,42737,433
2021-05-24,Santa Barbara,083,443738,34533,34322,1235,35557,459
2021-05-24,Santa Clara,085,1922200,118159,119358,791,120149,2030
2021-05-24,Santa Cruz,087,273765,16154,16135,873,17008,207
2021-05-24,Shasta,089,179085,12277,12315,1618,13933,201
2021-05-24,Sierra,091,2930,54,54,14,68,0
2021-05-24,Siskiyou,093,43540,1909,1840,377,2217,17
2021-05-24,Solano,095,438530,32780,32792,559,33351,254
2021-05-24,Sonoma,097,501317,30030,30187,339,30526,321
2021-05-24,Stanislaus,099,539301,56153,56128,6177,62305,974
2021-05-24,Sutter,101,95872,9489,9486,93,9579,113
2021-05-24,Tehama,103,63373,5057,5043,601,5644,63
2021-05-24,Trinity,105,12862,409,328,75,403,3
2021-05-24,Tulare,107,460477,49659,49318,9497,58815,838
2021-05-24,Tuolumne,109,53932,4078,4083,36,4119,65
2021-05-24,Ventura,111,848112,81071,80876,3091,83967,1022
2021-05-24,Yolo,113,214977,13995,14012,333,14345,213
2021-05-24,Yuba,115,75493,6036,6022,124,6146,49
2021-05-23,Alameda,001,1643700,88031,88157,2044,90201,1263
2021-05-23,Alpine,003,1148,88,88,0,88,0
2021-05-23,Amador,005,37829,3675,3673,34,3707,46
2021-05-23,Butte,007,227075,12461,12271,1897,14168,189
2021-05-23,Calaveras,009,45235,2154,2144,14,2158,54
2021-05-23,Colusa,011,21464,1943,1949,318,2267,15
2021-05-23,Contra Costa,013,1133247,69457,69075,1335,70410,809
2021-05-23,Del Norte,015,27424,1411,1383,12,1395,8
2021-05-23,El Dorado,017,186661,10234,10222,761,10983,112
2021-05-23,Fresno,019,978130,102108,102270,8989,111259,1698
2021-05-23,Glenn,021,27897,2416,2413,575,2988,17
2021-05-23,Humboldt,023,135768,4240,4216,35,4251,42
2021-05-23,Imperial,025,180216,28488,28569,2900,31469,735
2021-05-23,Inyo,027,18085,1402,1402,4,1406,36
2021-05-23,Kern,029,883053,96917,96282,11294,107576,1319
2021-05-23,Kings,031,150075,22983,22939,1184,24123,246
2021-05-23,Lake,033,64148,3521,3504,9,3513,43
2021-05-23,Lassen,035,31185,5192,5163,116,5279,6
2021-05-23,Los Angeles,037,10098052,1202355,1197633,43697,1241330,24197
2021-05-23,Madera,039,155013,16562,16504,960,17464,239
2021-05-23,Marin,041,260295,14048,14048,264,14312,227
2021-05-23,Mariposa,043,17540,429,427,11,438,5
2021-05-23,Mendocino,045,87422,3982,3913,77,3990,47
2021-05-23,Merced,047,269075,31025,31118,1004,32122,455
2021-05-23,Modoc,049,8938,375,366,129,495,3
2021-05-23,Mono,051,14174,1251,1270,13,1283,3
2021-05-23,Monterey,053,433212,43062,43003,1931,44934,379
2021-05-23,Napa,055,140530,9909,9923,32,9955,82
2021-05-23,Nevada,057,99092,4800,4790,196,4986,70
2021-05-23,Orange,059,3164182,254862,254277,11719,265996,5050
2021-05-23,Placer,061,380077,23174,22888,1558,24446,292
2021-05-23,Plumas,063,18699,700,683,12,695,4
2021-05-23,Riverside,065,2383286,291560,288641,14568,303209,4442
2021-05-23,Sacramento,067,1510023,105844,105663,1801,107464,1632
2021-05-23,San Benito,069,59416,6057,6072,118,6190,63
2021-05-23,San Bernardino,071,2135413,292619,292327,9432,301759,4747
2021-05-23,San Diego,073,3302833,280228,279690,14892,294582,3751
2021-05-23,San Francisco,075,870044,36646,36927,1375,38302,547
2021-05-23,San Joaquin,077,732212,72900,72571,3712,76283,1371
2021-05-23,San Luis Obispo,079,281455,21210,21141,778,21919,256
2021-05-23,San Mateo,081,765935,42337,42248,488,42736,433
2021-05-23,Santa Barbara,083,443738,34526,34319,1235,35554,459
2021-05-23,Santa Clara,085,1922200,118135,119333,791,120124,2030
2021-05-23,Santa Cruz,087,273765,16151,16130,873,17003,207
2021-05-23,Shasta,089,179085,12260,12313,1614,13927,201
2021-05-23,Sierra,091,2930,54,54,14,68,0
2021-05-23,Siskiyou,093,43540,1904,1826,370,2196,17
2021-05-23,Solano,095,438530,32762,32780,558,33338,254
2021-05-23,Sonoma,097,501317,30001,30168,338,30506,321
2021-05-23,Stanislaus,099,539301,56103,56104,6174,62278,974
2021-05-23,Sutter,101,95872,9480,9479,93,9572,113
2021-05-23,Tehama,103,63373,5050,5041,599,5640,63
2021-05-23,Trinity,105,12862,409,328,75,403,3
2021-05-23,Tulare,107,460477,49645,49310,9493,58803,838
2021-05-23,Tuolumne,109,53932,4075,4081,36,4117,65
2021-05-23,Ventura,111,848112,81041,80872,3090,83962,1022
2021-05-23,Yolo,113,214977,13983,14004,330,14334,213
2021-05-23,Yuba,115,75493,6031,6017,124,6141,49
2021-05-22,Alameda,001,1643700,88006,88101,2043,90144,1263
2021-05-22,Alpine,003,1148,88,88,0,88,0
2021-05-22,Amador,005,37829,3674,3672,34,3706,46
2021-05-22,Butte,007,227075,12449,12265,1896,14161,189
2021-05-22,Calaveras,009,45235,2151,2141,14,2155,54
2021-05-22,Colusa,011,21464,1939,1949,317,2266,15
2021-05-22,Contra Costa,013,1133247,69424,69004,1334,70338,809
2021-05-22,Del Norte,015,27424,1410,1381,12,1393,8
2021-05-22,El Dorado,017,186661,10229,10215,761,10976,112
2021-05-22,Fresno,019,978130,102094,102238,8987,111225,1698
2021-05-22,Glenn,021,27897,2416,2412,575,2987,17
2021-05-22,Humboldt,023,135768,4231,4194,34,4228,42
2021-05-22,Imperial,025,180216,28479,28574,2900,31474,735
2021-05-22,Inyo,027,18085,1402,1402,4,1406,36
2021-05-22,Kern,029,883053,96905,96260,11287,107547,1319
2021-05-22,Kings,031,150075,22983,22936,1184,24120,246
2021-05-22,Lake,033,64148,3518,3502,9,3511,43
2021-05-22,Lassen,035,31185,5192,5163,116,5279,6
2021-05-22,Los Angeles,037,10098052,1202249,1197454,43688,1241142,24192
2021-05-22,Madera,039,155013,16559,16503,960,17463,239
2021-05-22,Marin,041,260295,14045,14043,264,14307,227
2021-05-22,Mariposa,043,17540,429,427,11,438,5
2021-05-22,Mendocino,045,87422,3976,3908,77,3985,47
2021-05-22,Merced,047,269075,31015,31099,1004,32103,455
2021-05-22,Modoc,049,8938,375,366,129,495,3
2021-05-22,Mono,051,14174,1249,1270,13,1283,3
2021-05-22,Monterey,053,433212,43056,42998,1931,44929,379
2021-05-22,Napa,055,140530,9907,9918,32,9950,82
2021-05-22,Nevada,057,99092,4793,4787,195,4982,70
2021-05-22,Orange,059,3164182,254841,254238,11713,265951,5048
2021-05-22,Placer,061,380077,23160,22865,1557,24422,292
2021-05-22,Plumas,063,18699,699,683,12,695,4
2021-05-22,Riverside,065,2383286,291530,288580,14567,303147,4442
2021-05-22,Sacramento,067,1510023,105769,105551,1798,107349,1632
2021-05-22,San Benito,069,59416,6057,6071,118,6189,63
2021-05-22,San Bernardino,071,2135413,292594,292292,9432,301724,4747
2021-05-22,San Diego,073,3302833,280169,279614,14884,294498,3751
2021-05-22,San Francisco,075,870044,36636,36906,1373,38279,547
2021-05-22,San Joaquin,077,732212,72878,72528,3709,76237,1371
2021-05-22,San Luis Obispo,079,281455,21202,21134,777,21911,256
2021-05-22,San Mateo,081,765935,42327,42218,488,42706,433
2021-05-22,Santa Barbara,083,443738,34522,34313,1234,35547,459
2021-05-22,Santa Clara,085,1922200,118112,119292,791,120083,2030
2021-05-22,Santa Cruz,087,273765,16151,16125,873,16998,207
2021-05-22,Shasta,089,179085,12254,12307,1611,13918,201
2021-05-22,Sierra,091,2930,54,54,14,68,0
2021-05-22,Siskiyou,093,43540,1903,1824,369,2193,17
2021-05-22,Solano,095,438530,32749,32753,558,33311,254
2021-05-22,Sonoma,097,501317,29989,30154,338,30492,321
2021-05-22,Stanislaus,099,539301,56078,56069,6172,62241,974
2021-05-22,Sutter,101,95872,9475,9476,93,9569,113
2021-05-22,Tehama,103,63373,5049,5036,599,5635,63
2021-05-22,Trinity,105,12862,409,328,75,403,3
2021-05-22,Tulare,107,460477,49639,49299,9488,58787,838
2021-05-22,Tuolumne,109,53932,4075,4078,36,4114,65
2021-05-22,Ventura,111,848112,81037,80859,3090,83949,1022
2021-05-22,Yolo,113,214977,13981,13997,330,14327,213
2021-05-22,Yuba,115,75493,6028,6010,124,6134,49
2021-05-21,Alameda,001,1643700,87979,88041,2042,90083,1263
2021-05-21,Alpine,003,1148,88,88,0,88,0
2021-05-21,Amador,005,37829,3671,3672,34,3706,46
2021-05-21,Butte,007,227075,12442,12236,1894,14130,188
2021-05-21,Calaveras,009,45235,2149,2138,14,2152,54
2021-05-21,Colusa,011,21464,1939,1947,317,2264,15
2021-05-21,Contra Costa,013,1133247,69381,68965,1333,70298,810
2021-05-21,Del Norte,015,27424,1409,1376,12,1388,8
2021-05-21,El Dorado,017,186661,10225,10204,761,10965,112
2021-05-21,Fresno,019,978130,102066,102189,8985,111174,1698
2021-05-21,Glenn,021,27897,2416,2408,575,2983,17
2021-05-21,Humboldt,023,135768,4224,4175,34,4209,42
2021-05-21,Imperial,025,180216,28472,28572,2899,31471,732
2021-05-21,Inyo,027,18085,1402,1402,4,1406,36
2021-05-21,Kern,029,883053,96891,96233,11280,107513,1318
2021-05-21,Kings,031,150075,22983,22927,1184,24111,246
2021-05-21,Lake,033,64148,3516,3500,9,3509,43
2021-05-21,Lassen,035,31185,5191,5161,116,5277,6
2021-05-21,Los Angeles,037,10098052,1202139,1197263,43679,1240942,24180
2021-05-21,Madera,039,155013,16558,16500,959,17459,238
2021-05-21,Marin,041,260295,14040,14042,264,14306,227
2021-05-21,Mariposa,043,17540,428,427,11,438,5
2021-05-21,Mendocino,045,87422,3970,3897,77,3974,47
2021-05-21,Merced,047,269075,31007,31076,1004,32080,455
2021-05-21,Modoc,049,8938,375,365,129,494,3
2021-05-21,Mono,051,14174,1249,1269,13,1282,3
2021-05-21,Monterey,053,433212,43054,42995,1931,44926,379
2021-05-21,Napa,055,140530,9903,9913,32,9945,82
2021-05-21,Nevada,057,99092,4792,4779,195,4974,70
2021-05-21,Orange,059,3164182,254822,254171,11710,265881,5042
2021-05-21,Placer,061,380077,23152,22853,1557,24410,292
2021-05-21,Plumas,063,18699,699,683,11,694,4
2021-05-21,Riverside,065,2383286,291503,288499,14560,303059,4442
2021-05-21,Sacramento,067,1510023,105702,105476,1795,107271,1632
2021-05-21,San Benito,069,59416,6057,6068,118,6186,63
2021-05-21,San Bernardino,071,2135413,292563,292205,9429,301634,4744
2021-05-21,San Diego,073,3302833,280098,279554,14874,294428,3748
2021-05-21,San Francisco,075,870044,36630,36879,1373,38252,546
2021-05-21,San Joaquin,077,732212,72859,72467,3707,76174,1371
2021-05-21,San Luis Obispo,079,281455,21196,21128,774,21902,256
2021-05-21,San Mateo,081,765935,42314,42163,487,42650,432
2021-05-21,Santa Barbara,083,443738,34517,34302,1234,35536,459
2021-05-21,Santa Clara,085,1922200,118085,119247,791,120038,2029
2021-05-21,Santa Cruz,087,273765,16147,16120,873,16993,207
2021-05-21,Shasta,089,179085,12237,12289,1609,13898,201
2021-05-21,Sierra,091,2930,54,54,14,68,0
2021-05-21,Siskiyou,093,43540,1902,1815,369,2184,16
2021-05-21,Solano,095,438530,32734,32742,558,33300,254
2021-05-21,Sonoma,097,501317,29976,30126,338,30464,321
2021-05-21,Stanislaus,099,539301,56046,56036,6170,62206,975
2021-05-21,Sutter,101,95872,9473,9470,93,9563,113
2021-05-21,Tehama,103,63373,5043,5030,599,5629,63
2021-05-21,Trinity,105,12862,409,329,74,403,3
2021-05-21,Tulare,107,460477,49634,49271,9486,58757,838
2021-05-21,Tuolumne,109,53932,4073,4079,36,4115,65
2021-05-21,Ventura,111,848112,81029,80821,3087,83908,1021
2021-05-21,Yolo,113,214977,13974,13983,330,14313,213
2021-05-21,Yuba,115,75493,6022,6006,124,6130,49
2021-05-20,Alameda,001,1643700,87932,87975,2041,90016,1264
2021-05-20,Alpine,003,1148,88,88,0,88,0
2021-05-20,Amador,005,37829,3670,3671,34,3705,46
2021-05-20,Butte,007,227075,12435,12220,1891,14111,188
2021-05-20,Calaveras,009,45235,2145,2138,14,2152,54
2021-05-20,Colusa,011,21464,1938,1946,315,2261,15
2021-05-20,Contra Costa,013,1133247,69336,68913,1331,70244,809
2021-05-20,Del Norte,015,27424,1409,1373,12,1385,8
2021-05-20,El Dorado,017,186661,10216,10188,761,10949,112
2021-05-20,Fresno,019,978130,102045,102135,8983,111118,1696
2021-05-20,Glenn,021,27897,2413,2406,575,2981,17
2021-05-20,Humboldt,023,135768,4207,4162,34,4196,42
2021-05-20,Imperial,025,180216,28467,28551,2899,31450,732
2021-05-20,Inyo,027,18085,1402,1402,4,1406,36
2021-05-20,Kern,029,883053,96870,96204,11273,107477,1317
2021-05-20,Kings,031,150075,22981,22922,1184,24106,246
2021-05-20,Lake,033,64148,3513,3500,9,3509,43
2021-05-20,Lassen,035,31185,5189,5160,115,5275,6
2021-05-20,Los Angeles,037,10098052,1201984,1197073,43669,1240742,24168
2021-05-20,Madera,039,155013,16552,16499,957,17456,238
2021-05-20,Marin,041,260295,14036,14036,263,14299,227
2021-05-20,Mariposa,043,17540,428,426,11,437,5
2021-05-20,Mendocino,045,87422,3963,3897,77,3974,47
2021-05-20,Merced,047,269075,30994,31046,1003,32049,454
2021-05-20,Modoc,049,8938,375,365,129,494,3
2021-05-20,Mono,051,14174,1248,1269,13,1282,3
2021-05-20,Monterey,053,433212,43048,42984,1930,44914,379
2021-05-20,Napa,055,140530,9900,9913,32,9945,82
2021-05-20,Nevada,057,99092,4791,4775,195,4970,70
2021-05-20,Orange,059,3164182,254778,254127,11707,265834,5038
2021-05-20,Placer,061,380077,23140,22823,1555,24378,292
2021-05-20,Plumas,063,18699,697,682,11,693,4
2021-05-20,Riverside,065,2383286,291457,288453,14555,303008,4442
2021-05-20,Sacramento,067,1510023,105607,105414,1791,107205,1629
2021-05-20,San Benito,069,59416,6056,6067,118,6185,63
2021-05-20,San Bernardino,071,2135413,292517,292153,9428,301581,4728
2021-05-20,San Diego,073,3302833,280010,279490,14862,294352,3749
2021-05-20,San Francisco,075,870044,36621,36860,1373,38233,546
2021-05-20,San Joaquin,077,732212,72821,72388,3705,76093,1371
2021-05-20,San Luis Obispo,079,281455,21184,21095,772,21867,256
2021-05-20,San Mateo,081,765935,42300,42152,485,42637,432
2021-05-20,Santa Barbara,083,443738,34513,34293,1234,35527,459
2021-05-20,Santa Clara,085,1922200,118064,119222,791,120013,2029
2021-05-20,Santa Cruz,087,273765,16142,16119,873,16992,207
2021-05-20,Shasta,089,179085,12225,12266,1605,13871,200
2021-05-20,Sierra,091,2930,54,54,14,68,0
2021-05-20,Siskiyou,093,43540,1895,1811,368,2179,16
2021-05-20,Solano,095,438530,32719,32725,558,33283,253
2021-05-20,Sonoma,097,501317,29959,30107,337,30444,321
2021-05-20,Stanislaus,099,539301,56015,55979,6168,62147,970
2021-05-20,Sutter,101,95872,9469,9467,93,9560,113
2021-05-20,Tehama,103,63373,5041,5029,599,5628,63
2021-05-20,Trinity,105,12862,409,329,73,402,3
2021-05-20,Tulare,107,460477,49623,49217,9483,58700,837
2021-05-20,Tuolumne,109,53932,4072,4077,36,4113,65
2021-05-20,Ventura,111,848112,81018,80800,3087,83887,1019
2021-05-20,Yolo,113,214977,13969,13973,330,14303,211
2021-05-20,Yuba,115,75493,6013,6002,124,6126,49
2021-05-19,Alameda,001,1643700,87891,87889,2039,89928,1260
2021-05-19,Alpine,003,1148,88,88,0,88,0
2021-05-19,Amador,005,37829,3670,3669,34,3703,46
2021-05-19,Butte,007,227075,12425,12198,1891,14089,188
2021-05-19,Calaveras,009,45235,2141,2132,14,2146,54
2021-05-19,Colusa,011,21464,1938,1945,313,2258,15
2021-05-19,Contra Costa,013,1133247,69289,68836,1331,70167,808
2021-05-19,Del Norte,015,27424,1407,1371,12,1383,8
2021-05-19,El Dorado,017,186661,10211,10179,760,10939,112
2021-05-19,Fresno,019,978130,102016,102085,8979,111064,1693
2021-05-19,Glenn,021,27897,2413,2404,575,2979,17
2021-05-19,Humboldt,023,135768,4197,4143,34,4177,42
2021-05-19,Imperial,025,180216,28458,28550,2899,31449,732
2021-05-19,Inyo,027,18085,1402,1402,4,1406,36
2021-05-19,Kern,029,883053,96842,96173,11265,107438,1316
2021-05-19,Kings,031,150075,22975,22919,1184,24103,246
2021-05-19,Lake,033,64148,3513,3497,9,3506,43
2021-05-19,Lassen,035,31185,5188,5157,115,5272,6
2021-05-19,Los Angeles,037,10098052,1201791,1196856,43654,1240510,24143
2021-05-19,Madera,039,155013,16549,16496,957,17453,238
2021-05-19,Marin,041,260295,14032,14033,261,14294,227
2021-05-19,Mariposa,043,17540,428,425,11,436,5
2021-05-19,Mendocino,045,87422,3959,3886,77,3963,47
2021-05-19,Merced,047,269075,30978,31044,1003,32047,452
2021-05-19,Modoc,049,8938,375,364,127,491,3
2021-05-19,Mono,051,14174,1248,1266,13,1279,3
2021-05-19,Monterey,053,433212,43043,42973,1929,44902,379
2021-05-19,Napa,055,140530,9897,9906,32,9938,82
2021-05-19,Nevada,057,99092,4789,4769,195,4964,70
2021-05-19,Orange,059,3164182,254741,254087,11697,265784,5035
2021-05-19,Placer,061,380077,23122,22784,1549,24333,291
2021-05-19,Plumas,063,18699,697,682,11,693,4
2021-05-19,Riverside,065,2383286,291412,288398,14553,302951,4442
2021-05-19,Sacramento,067,1510023,105530,105225,1790,107015,1629
2021-05-19,San Benito,069,59416,6055,6064,118,6182,63
2021-05-19,San Bernardino,071,2135413,292473,292078,9425,301503,4725
2021-05-19,San Diego,073,3302833,279926,279345,14841,294186,3746
2021-05-19,San Francisco,075,870044,36608,36835,1372,38207,546
2021-05-19,San Joaquin,077,732212,72778,72338,3700,76038,1369
2021-05-19,San Luis Obispo,079,281455,21176,21085,771,21856,256
2021-05-19,San Mateo,081,765935,42293,42126,485,42611,429
2021-05-19,Santa Barbara,083,443738,34505,34292,1234,35526,459
2021-05-19,Santa Clara,085,1922200,118025,119176,790,119966,2015
2021-05-19,Santa Cruz,087,273765,16138,16121,872,16993,207
2021-05-19,Shasta,089,179085,12207,12233,1601,13834,200
2021-05-19,Sierra,091,2930,54,54,14,68,0
2021-05-19,Siskiyou,093,43540,1892,1803,367,2170,16
2021-05-19,Solano,095,438530,32692,32678,556,33234,253
2021-05-19,Sonoma,097,501317,29944,30080,337,30417,321
2021-05-19,Stanislaus,099,539301,55993,55912,6163,62075,967
2021-05-19,Sutter,101,95872,9462,9459,92,9551,113
2021-05-19,Tehama,103,63373,5033,5026,596,5622,63
2021-05-19,Trinity,105,12862,409,329,73,402,3
2021-05-19,Tulare,107,460477,49611,49163,9478,58641,837
2021-05-19,Tuolumne,109,53932,4072,4074,36,4110,64
2021-05-19,Ventura,111,848112,81002,80747,3086,83833,1019
2021-05-19,Yolo,113,214977,13963,13961,329,14290,211
2021-05-19,Yuba,115,75493,6009,5993,124,6117,49
2021-05-18,Alameda,001,1643700,87818,87816,2039,89855,1254
2021-05-18,Alpine,003,1148,88,88,0,88,0
2021-05-18,Amador,005,37829,3670,3669,34,3703,46
2021-05-18,Butte,007,227075,12413,12164,1888,14052,191
2021-05-18,Calaveras,009,45235,2137,2131,14,2145,54
2021-05-18,Colusa,011,21464,1938,1943,313,2256,14
2021-05-18,Contra Costa,013,1133247,69232,68750,1330,70080,808
2021-05-18,Del Norte,015,27424,1404,1371,12,1383,8
2021-05-18,El Dorado,017,186661,10200,10169,759,10928,112
2021-05-18,Fresno,019,978130,101980,102056,8976,111032,1690
2021-05-18,Glenn,021,27897,2407,2403,574,2977,17
2021-05-18,Humboldt,023,135768,4179,4132,34,4166,42
2021-05-18,Imperial,025,180216,28452,28538,2897,31435,730
2021-05-18,Inyo,027,18085,1402,1401,4,1405,36
2021-05-18,Kern,029,883053,96808,96128,11251,107379,1315
2021-05-18,Kings,031,150075,22969,22916,1184,24100,247
2021-05-18,Lake,033,64148,3511,3495,9,3504,43
2021-05-18,Lassen,035,31185,5187,5157,114,5271,6
2021-05-18,Los Angeles,037,10098052,1201614,1196668,43641,1240309,24133
2021-05-18,Madera,039,155013,16539,16491,957,17448,238
2021-05-18,Marin,041,260295,14029,14026,261,14287,227
2021-05-18,Mariposa,043,17540,428,424,11,435,5
2021-05-18,Mendocino,045,87422,3948,3877,76,3953,47
2021-05-18,Merced,047,269075,30959,31036,1003,32039,452
2021-05-18,Modoc,049,8938,374,364,126,490,3
2021-05-18,Mono,051,14174,1247,1265,13,1278,3
2021-05-18,Monterey,053,433212,43037,43001,1929,44930,379
2021-05-18,Napa,055,140530,9897,9905,32,9937,82
2021-05-18,Nevada,057,99092,4782,4762,195,4957,70
2021-05-18,Orange,059,3164182,254701,254041,11687,265728,5031
2021-05-18,Placer,061,380077,23089,22726,1545,24271,291
2021-05-18,Plumas,063,18699,697,682,11,693,4
2021-05-18,Riverside,065,2383286,291360,288354,14546,302900,4438
2021-05-18,Sacramento,067,1510023,105429,105083,1788,106871,1629
2021-05-18,San Benito,069,59416,6054,6065,118,6183,63
2021-05-18,San Bernardino,071,2135413,292421,292014,9420,301434,4722
2021-05-18,San Diego,073,3302833,279818,279254,14832,294086,3742
2021-05-18,San Francisco,075,870044,36588,36818,1372,38190,546
2021-05-18,San Joaquin,077,732212,72732,72282,3696,75978,1368
2021-05-18,San Luis Obispo,079,281455,21166,21080,769,21849,256
2021-05-18,San Mateo,081,765935,42281,42099,484,42583,428
2021-05-18,Santa Barbara,083,443738,34496,34278,1234,35512,459
2021-05-18,Santa Clara,085,1922200,117998,119171,790,119961,2014
2021-05-18,Santa Cruz,087,273765,16130,16137,872,17009,207
2021-05-18,Shasta,089,179085,12189,12197,1595,13792,200
2021-05-18,Sierra,091,2930,54,54,14,68,0
2021-05-18,Siskiyou,093,43540,1891,1799,367,2166,16
2021-05-18,Solano,095,438530,32667,32644,556,33200,253
2021-05-18,Sonoma,097,501317,29924,30054,336,30390,321
2021-05-18,Stanislaus,099,539301,55955,55860,6163,62023,959
2021-05-18,Sutter,101,95872,9454,9453,92,9545,113
2021-05-18,Tehama,103,63373,5029,5020,593,5613,63
2021-05-18,Trinity,105,12862,409,329,72,401,3
2021-05-18,Tulare,107,460477,49603,49142,9473,58615,836
2021-05-18,Tuolumne,109,53932,4070,4073,36,4109,64
2021-05-18,Ventura,111,848112,80987,80726,3083,83809,1017
2021-05-18,Yolo,113,214977,13956,13951,328,14279,211
2021-05-18,Yuba,115,75493,6005,5989,123,6112,49
2021-05-17,Alameda,001,1643700,87766,87766,2036,89802,1253
2021-05-17,Alpine,003,1148,88,88,0,88,0
2021-05-17,Amador,005,37829,3667,3668,34,3702,46
2021-05-17,Butte,007,227075,12405,12144,1888,14032,192
2021-05-17,Calaveras,009,45235,2137,2131,14,2145,53
2021-05-17,Colusa,011,21464,1938,1943,313,2256,14
2021-05-17,Contra Costa,013,1133247,69177,68720,1329,70049,805
2021-05-17,Del Norte,015,27424,1399,1369,12,1381,8
2021-05-17,El Dorado,017,186661,10183,10163,759,10922,112
2021-05-17,Fresno,019,978130,101936,102013,8969,110982,1690
2021-05-17,Glenn,021,27897,2407,2401,574,2975,17
2021-05-17,Humboldt,023,135768,4168,4112,34,4146,42
2021-05-17,Imperial,025,180216,28447,28533,2894,31427,729
2021-05-17,Inyo,027,18085,1402,1401,4,1405,36
2021-05-17,Kern,029,883053,96779,96095,11234,107329,1315
2021-05-17,Kings,031,150075,22966,22918,1184,24102,246
2021-05-17,Lake,033,64148,3506,3489,9,3498,43
2021-05-17,Lassen,035,31185,5184,5156,113,5269,6
2021-05-17,Los Angeles,037,10098052,1201441,1196556,43635,1240191,24123
2021-05-17,Madera,039,155013,16534,16486,957,17443,238
2021-05-17,Marin,041,260295,14023,14021,261,14282,227
2021-05-17,Mariposa,043,17540,427,423,11,434,5
2021-05-17,Mendocino,045,87422,3939,3868,76,3944,46
2021-05-17,Merced,047,269075,30944,31031,1003,32034,450
2021-05-17,Modoc,049,8938,373,362,126,488,3
2021-05-17,Mono,051,14174,1243,1265,13,1278,3
2021-05-17,Monterey,053,433212,43030,42995,1929,44924,379
2021-05-17,Napa,055,140530,9896,9894,32,9926,82
2021-05-17,Nevada,057,99092,4778,4761,194,4955,70
2021-05-17,Orange,059,3164182,254656,253993,11680,265673,5031
2021-05-17,Placer,061,380077,23063,22706,1538,24244,289
2021-05-17,Plumas,063,18699,697,682,11,693,4
2021-05-17,Riverside,065,2383286,291295,288304,14542,302846,4433
2021-05-17,Sacramento,067,1510023,105323,105035,1786,106821,1629
2021-05-17,San Benito,069,59416,6051,6067,118,6185,63
2021-05-17,San Bernardino,071,2135413,292373,291989,9413,301402,4724
2021-05-17,San Diego,073,3302833,279686,279146,14810,293956,3742
2021-05-17,San Francisco,075,870044,36576,36816,1370,38186,546
2021-05-17,San Joaquin,077,732212,72694,72234,3693,75927,1359
2021-05-17,San Luis Obispo,079,281455,21157,21079,767,21846,256
2021-05-17,San Mateo,081,765935,42253,42083,484,42567,428
2021-05-17,Santa Barbara,083,443738,34489,34275,1234,35509,459
2021-05-17,Santa Clara,085,1922200,117961,119116,788,119904,2015
2021-05-17,Santa Cruz,087,273765,16127,16151,872,17023,206
2021-05-17,Shasta,089,179085,12167,12163,1594,13757,200
2021-05-17,Sierra,091,2930,54,54,14,68,0
2021-05-17,Siskiyou,093,43540,1882,1795,364,2159,15
2021-05-17,Solano,095,438530,32649,32627,556,33183,253
2021-05-17,Sonoma,097,501317,29901,30043,335,30378,321
2021-05-17,Stanislaus,099,539301,55904,55839,6156,61995,951
2021-05-17,Sutter,101,95872,9447,9447,92,9539,113
2021-05-17,Tehama,103,63373,5026,5016,592,5608,63
2021-05-17,Trinity,105,12862,409,328,72,400,3
2021-05-17,Tulare,107,460477,49581,49107,9466,58573,836
2021-05-17,Tuolumne,109,53932,4070,4071,36,4107,64
2021-05-17,Ventura,111,848112,80967,80699,3083,83782,1017
2021-05-17,Yolo,113,214977,13950,13941,328,14269,211
2021-05-17,Yuba,115,75493,5997,5987,123,6110,49
2021-05-16,Alameda,001,1643700,87702,87743,2036,89779,1253
2021-05-16,Alpine,003,1148,88,88,0,88,0
2021-05-16,Amador,005,37829,3666,3667,34,3701,46
2021-05-16,Butte,007,227075,12391,12140,1888,14028,192
2021-05-16,Calaveras,009,45235,2135,2129,14,2143,53
2021-05-16,Colusa,011,21464,1936,1943,313,2256,14
2021-05-16,Contra Costa,013,1133247,69109,68694,1326,70020,805
2021-05-16,Del Norte,015,27424,1396,1365,12,1377,8
2021-05-16,El Dorado,017,186661,10167,10159,758,10917,112
2021-05-16,Fresno,019,978130,101892,101987,8963,110950,1690
2021-05-16,Glenn,021,27897,2407,2401,573,2974,17
2021-05-16,Humboldt,023,135768,4153,4104,34,4138,42
2021-05-16,Imperial,025,180216,28436,28516,2893,31409,729
2021-05-16,Inyo,027,18085,1402,1401,4,1405,36
2021-05-16,Kern,029,883053,96746,96083,11213,107296,1315
2021-05-16,Kings,031,150075,22962,22918,1181,24099,246
2021-05-16,Lake,033,64148,3503,3489,9,3498,43
2021-05-16,Lassen,035,31185,5183,5156,113,5269,6
2021-05-16,Los Angeles,037,10098052,1201222,1196397,43618,1240015,24120
2021-05-16,Madera,039,155013,16529,16483,954,17437,238
2021-05-16,Marin,041,260295,14020,14015,261,14276,227
2021-05-16,Mariposa,043,17540,427,423,11,434,5
2021-05-16,Mendocino,045,87422,3929,3863,76,3939,46
2021-05-16,Merced,047,269075,30923,31023,1001,32024,450
2021-05-16,Modoc,049,8938,373,362,126,488,3
2021-05-16,Mono,051,14174,1243,1265,13,1278,3
2021-05-16,Monterey,053,433212,43025,42991,1929,44920,379
2021-05-16,Napa,055,140530,9893,9891,32,9923,82
2021-05-16,Nevada,057,99092,4774,4755,194,4949,70
2021-05-16,Orange,059,3164182,254623,253962,11677,265639,5031
2021-05-16,Placer,061,380077,23031,22696,1532,24228,289
2021-05-16,Plumas,063,18699,696,682,11,693,4
2021-05-16,Riverside,065,2383286,291223,288259,14532,302791,4433
2021-05-16,Sacramento,067,1510023,105209,105013,1784,106797,1628
2021-05-16,San Benito,069,59416,6050,6067,117,6184,63
2021-05-16,San Bernardino,071,2135413,292300,291940,9411,301351,4724
2021-05-16,San Diego,073,3302833,279568,279099,14797,293896,3742
2021-05-16,San Francisco,075,870044,36554,36808,1369,38177,546
2021-05-16,San Joaquin,077,732212,72646,72218,3688,75906,1359
2021-05-16,San Luis Obispo,079,281455,21150,21072,766,21838,256
2021-05-16,San Mateo,081,765935,42242,42063,483,42546,428
2021-05-16,Santa Barbara,083,443738,34482,34270,1234,35504,459
2021-05-16,Santa Clara,085,1922200,117932,119098,787,119885,2015
2021-05-16,Santa Cruz,087,273765,16125,16143,872,17015,206
2021-05-16,Shasta,089,179085,12151,12156,1590,13746,200
2021-05-16,Sierra,091,2930,54,54,14,68,0
2021-05-16,Siskiyou,093,43540,1878,1790,363,2153,15
2021-05-16,Solano,095,438530,32616,32619,554,33173,253
2021-05-16,Sonoma,097,501317,29882,30033,335,30368,321
2021-05-16,Stanislaus,099,539301,55849,55814,6144,61958,951
2021-05-16,Sutter,101,95872,9440,9445,92,9537,113
2021-05-16,Tehama,103,63373,5022,5013,591,5604,63
2021-05-16,Trinity,105,12862,409,328,72,400,3
2021-05-16,Tulare,107,460477,49564,49091,9463,58554,837
2021-05-16,Tuolumne,109,53932,4066,4070,36,4106,64
2021-05-16,Ventura,111,848112,80936,80689,3083,83772,1017
2021-05-16,Yolo,113,214977,13935,13938,328,14266,211
2021-05-16,Yuba,115,75493,5994,5987,123,6110,49
2021-05-15,Alameda,001,1643700,87676,87677,2035,89712,1252
2021-05-15,Alpine,003,1148,88,88,0,88,0
2021-05-15,Amador,005,37829,3666,3666,34,3700,46
2021-05-15,Butte,007,227075,12384,12095,1887,13982,192
2021-05-15,Calaveras,009,45235,2134,2126,14,2140,53
2021-05-15,Colusa,011,21464,1936,1941,311,2252,14
2021-05-15,Contra Costa,013,1133247,69063,68658,1326,69984,805
2021-05-15,Del Norte,015,27424,1391,1359,12,1371,8
2021-05-15,El Dorado,017,186661,10155,10156,757,10913,112
2021-05-15,Fresno,019,978130,101856,101957,8960,110917,1690
2021-05-15,Glenn,021,27897,2407,2400,573,2973,17
2021-05-15,Humboldt,023,135768,4143,4080,34,4114,42
2021-05-15,Imperial,025,180216,28433,28504,2892,31396,729
2021-05-15,Inyo,027,18085,1402,1402,4,1406,36
2021-05-15,Kern,029,883053,96733,96061,11197,107258,1315
2021-05-15,Kings,031,150075,22961,22913,1181,24094,246
2021-05-15,Lake,033,64148,3502,3485,9,3494,43
2021-05-15,Lassen,035,31185,5180,5156,112,5268,6
2021-05-15,Los Angeles,037,10098052,1201101,1196255,43604,1239859,24115
2021-05-15,Madera,039,155013,16526,16482,954,17436,238
2021-05-15,Marin,041,260295,14016,14012,261,14273,227
2021-05-15,Mariposa,043,17540,427,423,11,434,5
2021-05-15,Mendocino,045,87422,3926,3861,76,3937,46
2021-05-15,Merced,047,269075,30902,31012,1001,32013,450
2021-05-15,Modoc,049,8938,373,362,126,488,3
2021-05-15,Mono,051,14174,1243,1265,13,1278,3
2021-05-15,Monterey,053,433212,43021,42982,1929,44911,379
2021-05-15,Napa,055,140530,9890,9887,32,9919,82
2021-05-15,Nevada,057,99092,4773,4755,194,4949,70
2021-05-15,Orange,059,3164182,254596,253919,11670,265589,5030
2021-05-15,Placer,061,380077,23010,22688,1532,24220,289
2021-05-15,Plumas,063,18699,696,681,11,692,4
2021-05-15,Riverside,065,2383286,291181,288203,14527,302730,4433
2021-05-15,Sacramento,067,1510023,105137,104929,1781,106710,1628
2021-05-15,San Benito,069,59416,6050,6066,117,6183,63
2021-05-15,San Bernardino,071,2135413,292258,291892,9409,301301,4724
2021-05-15,San Diego,073,3302833,279497,278991,14782,293773,3737
2021-05-15,San Francisco,075,870044,36538,36795,1367,38162,546
2021-05-15,San Joaquin,077,732212,72620,72197,3686,75883,1359
2021-05-15,San Luis Obispo,079,281455,21147,21061,765,21826,256
2021-05-15,San Mateo,081,765935,42226,42059,483,42542,428
2021-05-15,Santa Barbara,083,443738,34475,34259,1234,35493,459
2021-05-15,Santa Clara,085,1922200,117912,119060,787,119847,2016
2021-05-15,Santa Cruz,087,273765,16121,16137,872,17009,206
2021-05-15,Shasta,089,179085,12139,12152,1587,13739,200
2021-05-15,Sierra,091,2930,54,54,14,68,0
2021-05-15,Siskiyou,093,43540,1872,1788,361,2149,15
2021-05-15,Solano,095,438530,32607,32604,553,33157,253
2021-05-15,Sonoma,097,501317,29863,30020,335,30355,321
2021-05-15,Stanislaus,099,539301,55817,55795,6137,61932,952
2021-05-15,Sutter,101,95872,9438,9436,92,9528,113
2021-05-15,Tehama,103,63373,5018,5012,589,5601,63
2021-05-15,Trinity,105,12862,409,328,72,400,3
2021-05-15,Tulare,107,460477,49554,49080,9459,58539,837
2021-05-15,Tuolumne,109,53932,4064,4064,36,4100,63
2021-05-15,Ventura,111,848112,80925,80662,3083,83745,1017
2021-05-15,Yolo,113,214977,13928,13932,327,14259,211
2021-05-15,Yuba,115,75493,5991,5979,123,6102,49
2021-05-14,Alameda,001,1643700,87642,87621,2032,89653,1249
2021-05-14,Alpine,003,1148,88,88,0,88,0
2021-05-14,Amador,005,37829,3666,3665,34,3699,46
2021-05-14,Butte,007,227075,12375,12076,1884,13960,192
2021-05-14,Calaveras,009,45235,2130,2121,14,2135,53
2021-05-14,Colusa,011,21464,1935,1940,310,2250,14
2021-05-14,Contra Costa,013,1133247,69021,68589,1324,69913,806
2021-05-14,Del Norte,015,27424,1391,1355,12,1367,8
2021-05-14,El Dorado,017,186661,10148,10143,756,10899,113
2021-05-14,Fresno,019,978130,101827,101917,8954,110871,1688
2021-05-14,Glenn,021,27897,2406,2398,573,2971,17
2021-05-14,Humboldt,023,135768,4135,4050,34,4084,37
2021-05-14,Imperial,025,180216,28426,28485,2891,31376,728
2021-05-14,Inyo,027,18085,1402,1400,4,1404,36
2021-05-14,Kern,029,883053,96703,96033,11188,107221,1311
2021-05-14,Kings,031,150075,22960,22910,1181,24091,246
2021-05-14,Lake,033,64148,3498,3483,9,3492,43
2021-05-14,Lassen,035,31185,5180,5154,112,5266,6
2021-05-14,Los Angeles,037,10098052,1200967,1196038,43599,1239637,24101
2021-05-14,Madera,039,155013,16523,16474,954,17428,238
2021-05-14,Marin,041,260295,14012,14010,261,14271,227
2021-05-14,Mariposa,043,17540,427,422,11,433,5
2021-05-14,Mendocino,045,87422,3924,3855,76,3931,46
2021-05-14,Merced,047,269075,30892,31010,1001,32011,450
2021-05-14,Modoc,049,8938,373,362,126,488,3
2021-05-14,Mono,051,14174,1242,1265,13,1278,3
2021-05-14,Monterey,053,433212,43016,42973,1929,44902,380
2021-05-14,Napa,055,140530,9887,9883,32,9915,82
2021-05-14,Nevada,057,99092,4768,4745,194,4939,70
2021-05-14,Orange,059,3164182,254563,253855,11663,265518,5028
2021-05-14,Placer,061,380077,22991,22660,1526,24186,287
2021-05-14,Plumas,063,18699,695,680,11,691,4
2021-05-14,Riverside,065,2383286,291131,288140,14524,302664,4433
2021-05-14,Sacramento,067,1510023,105048,104828,1780,106608,1627
2021-05-14,San Benito,069,59416,6050,6064,117,6181,63
2021-05-14,San Bernardino,071,2135413,292210,291834,9409,301243,4721
2021-05-14,San Diego,073,3302833,279425,278853,14770,293623,3732
2021-05-14,San Francisco,075,870044,36529,36771,1363,38134,545
2021-05-14,San Joaquin,077,732212,72588,72160,3679,75839,1359
2021-05-14,San Luis Obispo,079,281455,21144,21051,764,21815,256
2021-05-14,San Mateo,081,765935,42215,42041,483,42524,428
2021-05-14,Santa Barbara,083,443738,34465,34243,1234,35477,456
2021-05-14,Santa Clara,085,1922200,117883,119006,787,119793,2014
2021-05-14,Santa Cruz,087,273765,16116,16130,872,17002,207
2021-05-14,Shasta,089,179085,12133,12130,1582,13712,200
2021-05-14,Sierra,091,2930,54,54,14,68,0
2021-05-14,Siskiyou,093,43540,1865,1779,360,2139,14
2021-05-14,Solano,095,438530,32587,32585,552,33137,252
2021-05-14,Sonoma,097,501317,29845,30007,335,30342,321
2021-05-14,Stanislaus,099,539301,55781,55752,6131,61883,950
2021-05-14,Sutter,101,95872,9429,9433,90,9523,113
2021-05-14,Tehama,103,63373,5011,5005,589,5594,63
2021-05-14,Trinity,105,12862,409,328,72,400,3
2021-05-14,Tulare,107,460477,49538,49060,9453,58513,836
2021-05-14,Tuolumne,109,53932,4064,4060,36,4096,63
2021-05-14,Ventura,111,848112,80911,80628,3083,83711,1014
2021-05-14,Yolo,113,214977,13923,13922,323,14245,210
2021-05-14,Yuba,115,75493,5987,5970,123,6093,47
2021-05-13,Alameda,001,1643700,87597,87557,2031,89588,1250
2021-05-13,Alpine,003,1148,88,88,0,88,0
2021-05-13,Amador,005,37829,3666,3662,34,3696,46
2021-05-13,Butte,007,227075,12362,12051,1883,13934,196
2021-05-13,Calaveras,009,45235,2130,2120,14,2134,53
2021-05-13,Colusa,011,21464,1934,1939,306,2245,14
2021-05-13,Contra Costa,013,1133247,68973,68522,1323,69845,806
2021-05-13,Del Norte,015,27424,1389,1354,12,1366,8
2021-05-13,El Dorado,017,186661,10146,10133,756,10889,112
2021-05-13,Fresno,019,978130,101798,101862,8953,110815,1687
2021-05-13,Glenn,021,27897,2405,2395,573,2968,17
2021-05-13,Humboldt,023,135768,4117,4027,34,4061,37
2021-05-13,Imperial,025,180216,28411,28468,2889,31357,729
2021-05-13,Inyo,027,18085,1402,1400,4,1404,36
2021-05-13,Kern,029,883053,96680,95996,11169,107165,1311
2021-05-13,Kings,031,150075,22959,22904,1181,24085,246
2021-05-13,Lake,033,64148,3496,3479,9,3488,43
2021-05-13,Lassen,035,31185,5180,5152,111,5263,6
2021-05-13,Los Angeles,037,10098052,1200778,1195504,43585,1239089,24083
2021-05-13,Madera,039,155013,16515,16467,954,17421,238
2021-05-13,Marin,041,260295,14007,14004,259,14263,227
2021-05-13,Mariposa,043,17540,427,422,11,433,5
2021-05-13,Mendocino,045,87422,3920,3846,76,3922,46
2021-05-13,Merced,047,269075,30884,30989,1001,31990,450
2021-05-13,Modoc,049,8938,373,362,126,488,3
2021-05-13,Mono,051,14174,1242,1265,13,1278,3
2021-05-13,Monterey,053,433212,43001,42966,1929,44895,380
2021-05-13,Napa,055,140530,9880,9877,32,9909,82
2021-05-13,Nevada,057,99092,4764,4743,193,4936,70
2021-05-13,Orange,059,3164182,254520,253778,11661,265439,5026
2021-05-13,Placer,061,380077,22967,22668,1519,24187,288
2021-05-13,Plumas,063,18699,695,680,11,691,4
2021-05-13,Riverside,065,2383286,291071,288067,14521,302588,4433
2021-05-13,Sacramento,067,1510023,104962,104711,1777,106488,1626
2021-05-13,San Benito,069,59416,6048,6062,117,6179,63
2021-05-13,San Bernardino,071,2135413,292144,291765,9409,301174,4722
2021-05-13,San Diego,073,3302833,279311,278592,14753,293345,3729
2021-05-13,San Francisco,075,870044,36505,36741,1361,38102,544
2021-05-13,San Joaquin,077,732212,72545,72096,3675,75771,1357
2021-05-13,San Luis Obispo,079,281455,21129,21043,763,21806,255
2021-05-13,San Mateo,081,765935,42198,42059,483,42542,426
2021-05-13,Santa Barbara,083,443738,34453,34242,1234,35476,456
2021-05-13,Santa Clara,085,1922200,117856,118952,787,119739,2013
2021-05-13,Santa Cruz,087,273765,16110,16129,872,17001,208
2021-05-13,Shasta,089,179085,12113,12111,1578,13689,200
2021-05-13,Sierra,091,2930,54,54,14,68,0
2021-05-13,Siskiyou,093,43540,1858,1769,357,2126,14
2021-05-13,Solano,095,438530,32574,32548,550,33098,252
2021-05-13,Sonoma,097,501317,29820,29991,335,30326,321
2021-05-13,Stanislaus,099,539301,55744,55678,6125,61803,949
2021-05-13,Sutter,101,95872,9425,9431,88,9519,112
2021-05-13,Tehama,103,63373,5006,4997,589,5586,63
2021-05-13,Trinity,105,12862,408,327,71,398,3
2021-05-13,Tulare,107,460477,49513,49032,9444,58476,837
2021-05-13,Tuolumne,109,53932,4063,4059,36,4095,63
2021-05-13,Ventura,111,848112,80881,80615,3082,83697,1012
2021-05-13,Yolo,113,214977,13914,13914,321,14235,210
2021-05-13,Yuba,115,75493,5978,5962,123,6085,47
2021-05-12,Alameda,001,1643700,87563,87482,2029,89511,1261
2021-05-12,Alpine,003,1148,88,88,0,88,0
2021-05-12,Amador,005,37829,3666,3658,34,3692,46
2021-05-12,Butte,007,227075,12352,12026,1883,13909,199
2021-05-12,Calaveras,009,45235,2127,2119,14,2133,53
2021-05-12,Colusa,011,21464,1932,1939,305,2244,14
2021-05-12,Contra Costa,013,1133247,68915,68462,1317,69779,805
2021-05-12,Del Norte,015,27424,1387,1352,12,1364,8
2021-05-12,El Dorado,017,186661,10137,10123,756,10879,112
2021-05-12,Fresno,019,978130,101749,101838,8942,110780,1688
2021-05-12,Glenn,021,27897,2402,2391,573,2964,17
2021-05-12,Humboldt,023,135768,4089,3982,34,4016,37
2021-05-12,Imperial,025,180216,28393,28443,2886,31329,726
2021-05-12,Inyo,027,18085,1402,1400,4,1404,36
2021-05-12,Kern,029,883053,96644,95955,11162,107117,1310
2021-05-12,Kings,031,150075,22957,22896,1181,24077,246
2021-05-12,Lake,033,64148,3494,3476,9,3485,43
2021-05-12,Lassen,035,31185,5178,5151,111,5262,6
2021-05-12,Los Angeles,037,10098052,1200598,1195318,43569,1238887,24067
2021-05-12,Madera,039,155013,16509,16462,953,17415,238
2021-05-12,Marin,041,260295,14002,13997,259,14256,227
2021-05-12,Mariposa,043,17540,427,422,11,433,5
2021-05-12,Mendocino,045,87422,3910,3836,76,3912,46
2021-05-12,Merced,047,269075,30868,30941,1001,31942,450
2021-05-12,Modoc,049,8938,372,362,126,488,3
2021-05-12,Mono,051,14174,1242,1265,13,1278,3
2021-05-12,Monterey,053,433212,42989,42950,1928,44878,380
2021-05-12,Napa,055,140530,9874,9870,32,9902,82
2021-05-12,Nevada,057,99092,4760,4738,193,4931,70
2021-05-12,Orange,059,3164182,254469,253587,11658,265245,5024
2021-05-12,Placer,061,380077,22948,22652,1512,24164,288
2021-05-12,Plumas,063,18699,695,681,11,692,4
2021-05-12,Riverside,065,2383286,291002,287830,14516,302346,4431
2021-05-12,Sacramento,067,1510023,104866,104592,1776,106368,1621
2021-05-12,San Benito,069,59416,6048,6062,117,6179,63
2021-05-12,San Bernardino,071,2135413,292099,291505,9404,300909,4715
2021-05-12,San Diego,073,3302833,279207,278402,14732,293134,3729
2021-05-12,San Francisco,075,870044,36486,36720,1360,38080,544
2021-05-12,San Joaquin,077,732212,72491,72043,3671,75714,1356
2021-05-12,San Luis Obispo,079,281455,21119,21021,763,21784,255
2021-05-12,San Mateo,081,765935,42189,42038,481,42519,426
2021-05-12,Santa Barbara,083,443738,34446,34218,1234,35452,456
2021-05-12,Santa Clara,085,1922200,117813,118897,787,119684,2005
2021-05-12,Santa Cruz,087,273765,16104,16123,872,16995,207
2021-05-12,Shasta,089,179085,12093,12092,1576,13668,200
2021-05-12,Sierra,091,2930,54,54,14,68,0
2021-05-12,Siskiyou,093,43540,1854,1760,355,2115,13
2021-05-12,Solano,095,438530,32550,32519,550,33069,252
2021-05-12,Sonoma,097,501317,29808,29976,335,30311,320
2021-05-12,Stanislaus,099,539301,55705,55632,6116,61748,919
2021-05-12,Sutter,101,95872,9422,9427,88,9515,112
2021-05-12,Tehama,103,63373,5002,4989,589,5578,62
2021-05-12,Trinity,105,12862,408,327,71,398,3
2021-05-12,Tulare,107,460477,49497,49001,9436,58437,838
2021-05-12,Tuolumne,109,53932,4062,4056,36,4092,63
2021-05-12,Ventura,111,848112,80862,80577,3082,83659,1010
2021-05-12,Yolo,113,214977,13907,13910,320,14230,210
2021-05-12,Yuba,115,75493,5975,5956,123,6079,47
2021-05-11,Alameda,001,1643700,87499,87413,2025,89438,1290
2021-05-11,Alpine,003,1148,88,88,0,88,0
2021-05-11,Amador,005,37829,3664,3657,34,3691,46
2021-05-11,Butte,007,227075,12337,12008,1880,13888,199
2021-05-11,Calaveras,009,45235,2127,2118,14,2132,52
2021-05-11,Colusa,011,21464,1931,1939,305,2244,14
2021-05-11,Contra Costa,013,1133247,68855,68406,1316,69722,806
2021-05-11,Del Norte,015,27424,1385,1347,12,1359,8
2021-05-11,El Dorado,017,186661,10131,10108,755,10863,112
2021-05-11,Fresno,019,978130,101704,101792,8936,110728,1686
2021-05-11,Glenn,021,27897,2401,2387,572,2959,17
2021-05-11,Humboldt,023,135768,4068,3964,33,3997,37
2021-05-11,Imperial,025,180216,28385,28413,2882,31295,722
2021-05-11,Inyo,027,18085,1401,1402,4,1406,36
2021-05-11,Kern,029,883053,96616,95938,11148,107086,1310
2021-05-11,Kings,031,150075,22949,22887,1181,24068,246
2021-05-11,Lake,033,64148,3494,3473,9,3482,43
2021-05-11,Lassen,035,31185,5176,5148,111,5259,6
2021-05-11,Los Angeles,037,10098052,1200363,1195100,43556,1238656,24048
2021-05-11,Madera,039,155013,16505,16459,953,17412,238
2021-05-11,Marin,041,260295,13995,13987,259,14246,227
2021-05-11,Mariposa,043,17540,427,421,11,432,5
2021-05-11,Mendocino,045,87422,3902,3821,76,3897,46
2021-05-11,Merced,047,269075,30859,30893,1001,31894,449
2021-05-11,Modoc,049,8938,372,362,125,487,3
2021-05-11,Mono,051,14174,1242,1265,13,1278,3
2021-05-11,Monterey,053,433212,42981,42934,1927,44861,380
2021-05-11,Napa,055,140530,9867,9870,32,9902,81
2021-05-11,Nevada,057,99092,4756,4737,193,4930,70
2021-05-11,Orange,059,3164182,254406,253545,11650,265195,5017
2021-05-11,Placer,061,380077,22926,22615,1508,24123,287
2021-05-11,Plumas,063,18699,693,679,11,690,4
2021-05-11,Riverside,065,2383286,290942,287757,14511,302268,4429
2021-05-11,Sacramento,067,1510023,104767,104496,1773,106269,1616
2021-05-11,San Benito,069,59416,6045,6058,117,6175,63
2021-05-11,San Bernardino,071,2135413,292039,291421,9402,300823,4707
2021-05-11,San Diego,073,3302833,279072,278308,14713,293021,3725
2021-05-11,San Francisco,075,870044,36466,36707,1360,38067,543
2021-05-11,San Joaquin,077,732212,72443,71999,3668,75667,1356
2021-05-11,San Luis Obispo,079,281455,21112,21008,761,21769,255
2021-05-11,San Mateo,081,765935,42170,41985,480,42465,425
2021-05-11,Santa Barbara,083,443738,34437,34207,1234,35441,456
2021-05-11,Santa Clara,085,1922200,117767,118857,786,119643,2005
2021-05-11,Santa Cruz,087,273765,16100,16113,872,16985,206
2021-05-11,Shasta,089,179085,12070,12050,1570,13620,200
2021-05-11,Sierra,091,2930,54,54,14,68,0
2021-05-11,Siskiyou,093,43540,1845,1756,353,2109,13
2021-05-11,Solano,095,438530,32533,32499,548,33047,250
2021-05-11,Sonoma,097,501317,29793,29966,335,30301,318
2021-05-11,Stanislaus,099,539301,55655,55589,6112,61701,909
2021-05-11,Sutter,101,95872,9415,9417,88,9505,112
2021-05-11,Tehama,103,63373,4998,4985,588,5573,62
2021-05-11,Trinity,105,12862,408,327,70,397,3
2021-05-11,Tulare,107,460477,49471,48974,9421,58395,837
2021-05-11,Tuolumne,109,53932,4061,4056,36,4092,63
2021-05-11,Ventura,111,848112,80838,80544,3079,83623,1008
2021-05-11,Yolo,113,214977,13894,13902,317,14219,210
2021-05-11,Yuba,115,75493,5966,5950,123,6073,46
2021-05-10,Alameda,001,1643700,87428,87366,2024,89390,1284
2021-05-10,Alpine,003,1148,88,88,0,88,0
2021-05-10,Amador,005,37829,3663,3657,34,3691,46
2021-05-10,Butte,007,227075,12322,11993,1875,13868,199
2021-05-10,Calaveras,009,45235,2120,2118,14,2132,52
2021-05-10,Colusa,011,21464,1931,1939,305,2244,14
2021-05-10,Contra Costa,013,1133247,68792,68357,1316,69673,806
2021-05-10,Del Norte,015,27424,1382,1339,12,1351,8
2021-05-10,El Dorado,017,186661,10117,10093,755,10848,113
2021-05-10,Fresno,019,978130,101673,101755,8930,110685,1682
2021-05-10,Glenn,021,27897,2400,2384,570,2954,17
2021-05-10,Humboldt,023,135768,4038,3961,33,3994,36
2021-05-10,Imperial,025,180216,28371,28397,2878,31275,722
2021-05-10,Inyo,027,18085,1401,1401,4,1405,36
2021-05-10,Kern,029,883053,96573,95920,11134,107054,1310
2021-05-10,Kings,031,150075,22938,22884,1180,24064,246
2021-05-10,Lake,033,64148,3486,3471,9,3480,43
2021-05-10,Lassen,035,31185,5172,5148,111,5259,5
2021-05-10,Los Angeles,037,10098052,1200109,1194976,43538,1238514,24030
2021-05-10,Madera,039,155013,16495,16450,953,17403,238
2021-05-10,Marin,041,260295,13992,13981,259,14240,228
2021-05-10,Mariposa,043,17540,426,420,11,431,5
2021-05-10,Mendocino,045,87422,3896,3818,76,3894,46
2021-05-10,Merced,047,269075,30849,30880,1001,31881,448
2021-05-10,Modoc,049,8938,372,361,125,486,3
2021-05-10,Mono,051,14174,1242,1265,13,1278,3
2021-05-10,Monterey,053,433212,42975,42927,1922,44849,380
2021-05-10,Napa,055,140530,9865,9860,32,9892,81
2021-05-10,Nevada,057,99092,4749,4735,193,4928,70
2021-05-10,Orange,059,3164182,254353,253484,11644,265128,5008
2021-05-10,Placer,061,380077,22905,22590,1505,24095,286
2021-05-10,Plumas,063,18699,692,679,11,690,4
2021-05-10,Riverside,065,2383286,290876,287689,14505,302194,4427
2021-05-10,Sacramento,067,1510023,104655,104378,1768,106146,1613
2021-05-10,San Benito,069,59416,6044,6058,117,6175,63
2021-05-10,San Bernardino,071,2135413,291988,291360,9401,300761,4707
2021-05-10,San Diego,073,3302833,278907,278183,14686,292869,3725
2021-05-10,San Francisco,075,870044,36447,36683,1360,38043,543
2021-05-10,San Joaquin,077,732212,72406,71954,3653,75607,1356
2021-05-10,San Luis Obispo,079,281455,21094,20993,760,21753,256
2021-05-10,San Mateo,081,765935,42152,41926,480,42406,424
2021-05-10,Santa Barbara,083,443738,34430,34201,1234,35435,456
2021-05-10,Santa Clara,085,1922200,117708,118822,786,119608,2003
2021-05-10,Santa Cruz,087,273765,16094,16114,872,16986,206
2021-05-10,Shasta,089,179085,12056,12036,1566,13602,200
2021-05-10,Sierra,091,2930,54,54,14,68,0
2021-05-10,Siskiyou,093,43540,1835,1752,351,2103,13
2021-05-10,Solano,095,438530,32513,32466,546,33012,250
2021-05-10,Sonoma,097,501317,29778,29955,334,30289,318
2021-05-10,Stanislaus,099,539301,55580,55541,6106,61647,898
2021-05-10,Sutter,101,95872,9409,9412,88,9500,111
2021-05-10,Tehama,103,63373,4994,4980,588,5568,62
2021-05-10,Trinity,105,12862,408,327,68,395,3
2021-05-10,Tulare,107,460477,49447,48956,9415,58371,837
2021-05-10,Tuolumne,109,53932,4057,4054,36,4090,63
2021-05-10,Ventura,111,848112,80822,80501,3077,83578,1008
2021-05-10,Yolo,113,214977,13882,13898,315,14213,209
2021-05-10,Yuba,115,75493,5964,5942,123,6065,46
2021-05-09,Alameda,001,1643700,87357,87292,2021,89313,1284
2021-05-09,Alpine,003,1148,88,88,0,88,0
2021-05-09,Amador,005,37829,3661,3655,34,3689,46
2021-05-09,Butte,007,227075,12303,11985,1871,13856,199
2021-05-09,Calaveras,009,45235,2119,2116,14,2130,52
2021-05-09,Colusa,011,21464,1930,1940,305,2245,14
2021-05-09,Contra Costa,013,1133247,68728,68302,1314,69616,806
2021-05-09,Del Norte,015,27424,1375,1338,12,1350,8
2021-05-09,El Dorado,017,186661,10103,10089,752,10841,113
2021-05-09,Fresno,019,978130,101635,101729,8921,110650,1682
2021-05-09,Glenn,021,27897,2393,2382,567,2949,17
2021-05-09,Humboldt,023,135768,4018,3950,33,3983,36
2021-05-09,Imperial,025,180216,28348,28388,2871,31259,722
2021-05-09,Inyo,027,18085,1401,1401,3,1404,36
2021-05-09,Kern,029,883053,96545,95903,11123,107026,1310
2021-05-09,Kings,031,150075,22929,22878,1180,24058,246
2021-05-09,Lake,033,64148,3482,3471,9,3480,43
2021-05-09,Lassen,035,31185,5170,5147,111,5258,5
2021-05-09,Los Angeles,037,10098052,1199849,1194820,43523,1238343,24026
2021-05-09,Madera,039,155013,16486,16444,947,17391,238
2021-05-09,Marin,041,260295,13981,13979,258,14237,228
2021-05-09,Mariposa,043,17540,423,420,11,431,5
2021-05-09,Mendocino,045,87422,3886,3814,76,3890,46
2021-05-09,Merced,047,269075,30826,30883,1001,31884,448
2021-05-09,Modoc,049,8938,372,360,125,485,3
2021-05-09,Mono,051,14174,1242,1264,13,1277,3
2021-05-09,Monterey,053,433212,42958,42918,1922,44840,380
2021-05-09,Napa,055,140530,9854,9857,32,9889,81
2021-05-09,Nevada,057,99092,4742,4727,193,4920,70
2021-05-09,Orange,059,3164182,254300,253451,11636,265087,5008
2021-05-09,Placer,061,380077,22879,22566,1502,24068,286
2021-05-09,Plumas,063,18699,691,679,11,690,4
2021-05-09,Riverside,065,2383286,290798,287644,14499,302143,4427
2021-05-09,Sacramento,067,1510023,104508,104309,1761,106070,1612
2021-05-09,San Benito,069,59416,6042,6056,117,6173,63
2021-05-09,San Bernardino,071,2135413,291906,291337,9395,300732,4707
2021-05-09,San Diego,073,3302833,278740,277950,14664,292614,3725
2021-05-09,San Francisco,075,870044,36421,36669,1358,38027,543
2021-05-09,San Joaquin,077,732212,72360,71927,3652,75579,1356
2021-05-09,San Luis Obispo,079,281455,21084,20999,760,21759,256
2021-05-09,San Mateo,081,765935,42123,41903,480,42383,424
2021-05-09,Santa Barbara,083,443738,34417,34196,1233,35429,456
2021-05-09,Santa Clara,085,1922200,117654,118798,785,119583,2003
2021-05-09,Santa Cruz,087,273765,16088,16094,872,16966,206
2021-05-09,Shasta,089,179085,12026,12034,1561,13595,200
2021-05-09,Sierra,091,2930,54,54,14,68,0
2021-05-09,Siskiyou,093,43540,1829,1741,348,2089,13
2021-05-09,Solano,095,438530,32474,32434,543,32977,250
2021-05-09,Sonoma,097,501317,29764,29953,333,30286,318
2021-05-09,Stanislaus,099,539301,55513,55511,6102,61613,898
2021-05-09,Sutter,101,95872,9403,9413,88,9501,111
2021-05-09,Tehama,103,63373,4989,4979,588,5567,62
2021-05-09,Trinity,105,12862,408,327,68,395,3
2021-05-09,Tulare,107,460477,49420,48948,9410,58358,837
2021-05-09,Tuolumne,109,53932,4056,4053,36,4089,63
2021-05-09,Ventura,111,848112,80807,80487,3076,83563,1008
2021-05-09,Yolo,113,214977,13871,13897,314,14211,209
2021-05-09,Yuba,115,75493,5958,5934,123,6057,46
2021-05-08,Alameda,001,1643700,87315,87213,2017,89230,1284
2021-05-08,Alpine,003,1148,88,88,0,88,0
2021-05-08,Amador,005,37829,3659,3652,34,3686,46
2021-05-08,Butte,007,227075,12291,11962,1870,13832,199
2021-05-08,Calaveras,009,45235,2118,2114,14,2128,52
2021-05-08,Colusa,011,21464,1930,1939,305,2244,14
2021-05-08,Contra Costa,013,1133247,68695,68223,1312,69535,803
2021-05-08,Del Norte,015,27424,1372,1335,12,1347,8
2021-05-08,El Dorado,017,186661,10089,10079,752,10831,113
2021-05-08,Fresno,019,978130,101600,101676,8916,110592,1682
2021-05-08,Glenn,021,27897,2391,2382,565,2947,17
2021-05-08,Humboldt,023,135768,4002,3939,33,3972,36
2021-05-08,Imperial,025,180216,28340,28373,2871,31244,721
2021-05-08,Inyo,027,18085,1401,1402,3,1405,36
2021-05-08,Kern,029,883053,96521,95880,11110,106990,1310
2021-05-08,Kings,031,150075,22926,22872,1179,24051,246
2021-05-08,Lake,033,64148,3481,3470,9,3479,43
2021-05-08,Lassen,035,31185,5169,5145,111,5256,5
2021-05-08,Los Angeles,037,10098052,1199702,1194584,43507,1238091,24022
2021-05-08,Madera,039,155013,16482,16442,947,17389,238
2021-05-08,Marin,041,260295,13978,13974,257,14231,228
2021-05-08,Mariposa,043,17540,423,420,11,431,5
2021-05-08,Mendocino,045,87422,3881,3810,75,3885,46
2021-05-08,Merced,047,269075,30817,30876,1001,31877,448
2021-05-08,Modoc,049,8938,372,360,124,484,3
2021-05-08,Mono,051,14174,1242,1262,13,1275,3
2021-05-08,Monterey,053,433212,42953,42914,1921,44835,380
2021-05-08,Napa,055,140530,9847,9853,32,9885,81
2021-05-08,Nevada,057,99092,4739,4716,193,4909,70
2021-05-08,Orange,059,3164182,254264,253412,11633,265045,5006
2021-05-08,Placer,061,380077,22861,22547,1500,24047,286
2021-05-08,Plumas,063,18699,690,679,11,690,4
2021-05-08,Riverside,065,2383286,290755,287574,14497,302071,4427
2021-05-08,Sacramento,067,1510023,104424,104208,1757,105965,1610
2021-05-08,San Benito,069,59416,6041,6048,117,6165,63
2021-05-08,San Bernardino,071,2135413,291863,291296,9395,300691,4707
2021-05-08,San Diego,073,3302833,278656,277760,14646,292406,3725
2021-05-08,San Francisco,075,870044,36398,36642,1358,38000,543
2021-05-08,San Joaquin,077,732212,72331,71869,3643,75512,1356
2021-05-08,San Luis Obispo,079,281455,21073,20992,760,21752,256
2021-05-08,San Mateo,081,765935,42112,41871,480,42351,424
2021-05-08,Santa Barbara,083,443738,34404,34185,1233,35418,456
2021-05-08,Santa Clara,085,1922200,117623,118751,785,119536,2003
2021-05-08,Santa Cruz,087,273765,16085,16089,872,16961,206
2021-05-08,Shasta,089,179085,12016,12030,1557,13587,200
2021-05-08,Sierra,091,2930,54,54,14,68,0
2021-05-08,Siskiyou,093,43540,1828,1741,344,2085,13
2021-05-08,Solano,095,438530,32449,32395,541,32936,249
2021-05-08,Sonoma,097,501317,29751,29942,333,30275,318
2021-05-08,Stanislaus,099,539301,55480,55467,6098,61565,898
2021-05-08,Sutter,101,95872,9400,9413,88,9501,111
2021-05-08,Tehama,103,63373,4987,4977,588,5565,62
2021-05-08,Trinity,105,12862,408,327,68,395,3
2021-05-08,Tulare,107,460477,49406,48929,9400,58329,837
2021-05-08,Tuolumne,109,53932,4055,4050,36,4086,63
2021-05-08,Ventura,111,848112,80796,80481,3073,83554,1008
2021-05-08,Yolo,113,214977,13868,13894,313,14207,209
2021-05-08,Yuba,115,75493,5950,5928,123,6051,46
2021-05-07,Alameda,001,1643700,87264,87128,2016,89144,1280
2021-05-07,Alpine,003,1148,88,88,0,88,0
2021-05-07,Amador,005,37829,3656,3651,34,3685,46
2021-05-07,Butte,007,227075,12273,11943,1865,13808,199
2021-05-07,Calaveras,009,45235,2116,2114,14,2128,52
2021-05-07,Colusa,011,21464,1930,1937,305,2242,14
2021-05-07,Contra Costa,013,1133247,68649,68156,1310,69466,804
2021-05-07,Del Norte,015,27424,1367,1329,12,1341,8
2021-05-07,El Dorado,017,186661,10076,10065,750,10815,112
2021-05-07,Fresno,019,978130,101567,101625,8915,110540,1684
2021-05-07,Glenn,021,27897,2388,2381,564,2945,17
2021-05-07,Humboldt,023,135768,3987,3919,33,3952,36
2021-05-07,Imperial,025,180216,28332,28352,2870,31222,721
2021-05-07,Inyo,027,18085,1401,1402,3,1405,36
2021-05-07,Kern,029,883053,96508,95839,11098,106937,1308
2021-05-07,Kings,031,150075,22925,22857,1178,24035,246
2021-05-07,Lake,033,64148,3479,3467,9,3476,43
2021-05-07,Lassen,035,31185,5168,5144,110,5254,5
2021-05-07,Los Angeles,037,10098052,1199529,1194294,43498,1237792,24008
2021-05-07,Madera,039,155013,16477,16439,947,17386,238
2021-05-07,Marin,041,260295,13974,13968,257,14225,228
2021-05-07,Mariposa,043,17540,422,419,11,430,5
2021-05-07,Mendocino,045,87422,3875,3805,75,3880,46
2021-05-07,Merced,047,269075,30814,30862,1001,31863,446
2021-05-07,Modoc,049,8938,372,360,124,484,3
2021-05-07,Mono,051,14174,1241,1261,13,1274,3
2021-05-07,Monterey,053,433212,42947,42909,1919,44828,380
2021-05-07,Napa,055,140530,9846,9849,32,9881,81
2021-05-07,Nevada,057,99092,4735,4704,193,4897,70
2021-05-07,Orange,059,3164182,254227,253338,11623,264961,5000
2021-05-07,Placer,061,380077,22842,22524,1497,24021,286
2021-05-07,Plumas,063,18699,690,678,11,689,4
2021-05-07,Riverside,065,2383286,290698,287479,14496,301975,4426
2021-05-07,Sacramento,067,1510023,104351,104068,1752,105820,1609
2021-05-07,San Benito,069,59416,6040,6048,117,6165,63
2021-05-07,San Bernardino,071,2135413,291820,291185,9390,300575,4697
2021-05-07,San Diego,073,3302833,278572,277534,14631,292165,3718
2021-05-07,San Francisco,075,870044,36385,36616,1357,37973,543
2021-05-07,San Joaquin,077,732212,72291,71804,3641,75445,1351
2021-05-07,San Luis Obispo,079,281455,21066,20979,760,21739,256
2021-05-07,San Mateo,081,765935,42096,41844,480,42324,424
2021-05-07,Santa Barbara,083,443738,34394,34166,1233,35399,453
2021-05-07,Santa Clara,085,1922200,117590,118691,784,119475,2002
2021-05-07,Santa Cruz,087,273765,16082,16074,872,16946,206
2021-05-07,Shasta,089,179085,11994,12005,1555,13560,200
2021-05-07,Sierra,091,2930,54,54,14,68,0
2021-05-07,Siskiyou,093,43540,1825,1723,344,2067,13
2021-05-07,Solano,095,438530,32422,32352,539,32891,249
2021-05-07,Sonoma,097,501317,29733,29925,331,30256,318
2021-05-07,Stanislaus,099,539301,55439,55407,6092,61499,896
2021-05-07,Sutter,101,95872,9400,9407,87,9494,111
2021-05-07,Tehama,103,63373,4980,4974,588,5562,57
2021-05-07,Trinity,105,12862,408,327,68,395,3
2021-05-07,Tulare,107,460477,49389,48913,9395,58308,837
2021-05-07,Tuolumne,109,53932,4053,4048,36,4084,63
2021-05-07,Ventura,111,848112,80772,80444,3073,83517,1008
2021-05-07,Yolo,113,214977,13863,13875,312,14187,209
2021-05-07,Yuba,115,75493,5940,5910,123,6033,46
2021-05-06,Alameda,001,1643700,87186,87028,2012,89040,1278
2021-05-06,Alpine,003,1148,88,88,0,88,0
2021-05-06,Amador,005,37829,3654,3650,34,3684,46
2021-05-06,Butte,007,227075,12253,11929,1860,13789,198
2021-05-06,Calaveras,009,45235,2115,2111,14,2125,52
2021-05-06,Colusa,011,21464,1930,1935,305,2240,14
2021-05-06,Contra Costa,013,1133247,68594,68076,1307,69383,802
2021-05-06,Del Norte,015,27424,1359,1324,12,1336,6
2021-05-06,El Dorado,017,186661,10069,10048,750,10798,112
2021-05-06,Fresno,019,978130,101526,101536,8909,110445,1680
2021-05-06,Glenn,021,27897,2387,2380,563,2943,17
2021-05-06,Humboldt,023,135768,3962,3898,32,3930,36
2021-05-06,Imperial,025,180216,28321,28311,2869,31180,720
2021-05-06,Inyo,027,18085,1401,1401,3,1404,36
2021-05-06,Kern,029,883053,96483,95801,11081,106882,1307
2021-05-06,Kings,031,150075,22918,22848,1177,24025,246
2021-05-06,Lake,033,64148,3478,3465,9,3474,43
2021-05-06,Lassen,035,31185,5167,5143,110,5253,1
2021-05-06,Los Angeles,037,10098052,1199289,1193954,43481,1237435,23991
2021-05-06,Madera,039,155013,16469,16430,947,17377,238
2021-05-06,Marin,041,260295,13970,13956,257,14213,228
2021-05-06,Mariposa,043,17540,421,419,11,430,5
2021-05-06,Mendocino,045,87422,3864,3802,75,3877,46
2021-05-06,Merced,047,269075,30799,30863,1000,31863,444
2021-05-06,Modoc,049,8938,372,360,124,484,3
2021-05-06,Mono,051,14174,1239,1261,13,1274,3
2021-05-06,Monterey,053,433212,42932,42899,1919,44818,379
2021-05-06,Napa,055,140530,9840,9843,32,9875,81
2021-05-06,Nevada,057,99092,4734,4687,193,4880,70
2021-05-06,Orange,059,3164182,254159,253286,11616,264902,4991
2021-05-06,Placer,061,380077,22820,22493,1497,23990,286
2021-05-06,Plumas,063,18699,690,678,11,689,4
2021-05-06,Riverside,065,2383286,290625,287399,14491,301890,4422
2021-05-06,Sacramento,067,1510023,104235,103956,1749,105705,1609
2021-05-06,San Benito,069,59416,6039,6045,117,6162,63
2021-05-06,San Bernardino,071,2135413,291749,291085,9389,300474,4683
2021-05-06,San Diego,073,3302833,278448,277324,14608,291932,3716
2021-05-06,San Francisco,075,870044,36370,36599,1357,37956,543
2021-05-06,San Joaquin,077,732212,72236,71729,3638,75367,1350
2021-05-06,San Luis Obispo,079,281455,21054,20965,758,21723,256
2021-05-06,San Mateo,081,765935,42078,41802,479,42281,424
2021-05-06,Santa Barbara,083,443738,34381,34152,1233,35385,453
2021-05-06,Santa Clara,085,1922200,117549,118591,784,119375,2001
2021-05-06,Santa Cruz,087,273765,16075,16050,872,16922,206
2021-05-06,Shasta,089,179085,11972,11983,1549,13532,199
2021-05-06,Sierra,091,2930,54,54,14,68,0
2021-05-06,Siskiyou,093,43540,1816,1711,342,2053,12
2021-05-06,Solano,095,438530,32396,32320,531,32851,249
2021-05-06,Sonoma,097,501317,29725,29911,331,30242,318
2021-05-06,Stanislaus,099,539301,55383,55323,6089,61412,834
2021-05-06,Sutter,101,95872,9394,9396,87,9483,111
2021-05-06,Tehama,103,63373,4975,4970,588,5558,53
2021-05-06,Trinity,105,12862,408,327,68,395,3
2021-05-06,Tulare,107,460477,49365,48890,9380,58270,836
2021-05-06,Tuolumne,109,53932,4049,4047,36,4083,63
2021-05-06,Ventura,111,848112,80741,80411,3070,83481,1005
2021-05-06,Yolo,113,214977,13855,13871,308,14179,209
2021-05-06,Yuba,115,75493,5928,5901,123,6024,46
2021-05-05,Alameda,001,1643700,87125,86950,2010,88960,1278
2021-05-05,Alpine,003,1148,88,88,0,88,0
2021-05-05,Amador,005,37829,3651,3650,34,3684,46
2021-05-05,Butte,007,227075,12235,11907,1857,13764,198
2021-05-05,Calaveras,009,45235,2111,2103,14,2117,52
2021-05-05,Colusa,011,21464,1929,1933,305,2238,14
2021-05-05,Contra Costa,013,1133247,68529,67997,1302,69299,803
2021-05-05,Del Norte,015,27424,1356,1317,12,1329,6
2021-05-05,El Dorado,017,186661,10058,10020,749,10769,111
2021-05-05,Fresno,019,978130,101477,101491,8900,110391,1680
2021-05-05,Glenn,021,27897,2384,2380,562,2942,17
2021-05-05,Humboldt,023,135768,3943,3886,31,3917,36
2021-05-05,Imperial,025,180216,28280,28295,2862,31157,720
2021-05-05,Inyo,027,18085,1400,1401,3,1404,36
2021-05-05,Kern,029,883053,96439,95753,11077,106830,1304
2021-05-05,Kings,031,150075,22912,22840,1176,24016,246
2021-05-05,Lake,033,64148,3475,3458,9,3467,43
2021-05-05,Lassen,035,31185,5167,5143,109,5252,1
2021-05-05,Los Angeles,037,10098052,1199022,1193608,43468,1237076,23977
2021-05-05,Madera,039,155013,16467,16423,947,17370,235
2021-05-05,Marin,041,260295,13962,13950,256,14206,228
2021-05-05,Mariposa,043,17540,421,418,11,429,5
2021-05-05,Mendocino,045,87422,3860,3799,75,3874,46
2021-05-05,Merced,047,269075,30778,30844,1000,31844,444
2021-05-05,Modoc,049,8938,371,361,123,484,3
2021-05-05,Mono,051,14174,1239,1260,13,1273,3
2021-05-05,Monterey,053,433212,42919,42870,1916,44786,379
2021-05-05,Napa,055,140530,9834,9833,32,9865,81
2021-05-05,Nevada,057,99092,4731,4666,193,4859,70
2021-05-05,Orange,059,3164182,254104,253237,11611,264848,4978
2021-05-05,Placer,061,380077,22788,22362,1493,23855,287
2021-05-05,Plumas,063,18699,690,677,11,688,4
2021-05-05,Riverside,065,2383286,290535,287353,14481,301834,4414
2021-05-05,Sacramento,067,1510023,104146,103476,1744,105220,1607
2021-05-05,San Benito,069,59416,6030,6046,117,6163,63
2021-05-05,San Bernardino,071,2135413,291676,291008,9385,300393,4677
2021-05-05,San Diego,073,3302833,278311,277098,14588,291686,3716
2021-05-05,San Francisco,075,870044,36355,36577,1356,37933,543
2021-05-05,San Joaquin,077,732212,72183,71638,3635,75273,1345
2021-05-05,San Luis Obispo,079,281455,21046,20958,758,21716,256
2021-05-05,San Mateo,081,765935,42047,41755,478,42233,415
2021-05-05,Santa Barbara,083,443738,34367,34139,1232,35371,453
2021-05-05,Santa Clara,085,1922200,117519,118482,780,119262,1992
2021-05-05,Santa Cruz,087,273765,16069,16013,872,16885,207
2021-05-05,Shasta,089,179085,11956,11939,1545,13484,200
2021-05-05,Sierra,091,2930,54,54,14,68,0
2021-05-05,Siskiyou,093,43540,1799,1706,334,2040,11
2021-05-05,Solano,095,438530,32361,32250,529,32779,249
2021-05-05,Sonoma,097,501317,29712,29879,331,30210,318
2021-05-05,Stanislaus,099,539301,55325,55231,6087,61318,807
2021-05-05,Sutter,101,95872,9388,9387,87,9474,111
2021-05-05,Tehama,103,63373,4972,4968,588,5556,53
2021-05-05,Trinity,105,12862,408,326,68,394,3
2021-05-05,Tulare,107,460477,49343,48875,9371,58246,835
2021-05-05,Tuolumne,109,53932,4046,4040,36,4076,63
2021-05-05,Ventura,111,848112,80712,80372,3066,83438,1005
2021-05-05,Yolo,113,214977,13851,13846,306,14152,209
2021-05-05,Yuba,115,75493,5918,5895,122,6017,44
2021-05-04,Alameda,001,1643700,87033,86894,2010,88904,1277
2021-05-04,Alpine,003,1148,88,88,0,88,0
2021-05-04,Amador,005,37829,3651,3650,34,3684,46
2021-05-04,Butte,007,227075,12211,11883,1855,13738,198
2021-05-04,Calaveras,009,45235,2106,2100,14,2114,52
2021-05-04,Colusa,011,21464,1928,1933,305,2238,14
2021-05-04,Contra Costa,013,1133247,68451,67931,1298,69229,799
2021-05-04,Del Norte,015,27424,1356,1314,12,1326,6
2021-05-04,El Dorado,017,186661,10047,10009,745,10754,110
2021-05-04,Fresno,019,978130,101422,101451,8893,110344,1677
2021-05-04,Glenn,021,27897,2381,2379,559,2938,17
2021-05-04,Humboldt,023,135768,3917,3877,31,3908,36
2021-05-04,Imperial,025,180216,28260,28276,2858,31134,720
2021-05-04,Inyo,027,18085,1400,1399,3,1402,36
2021-05-04,Kern,029,883053,96403,95720,11059,106779,1301
2021-05-04,Kings,031,150075,22898,22822,1173,23995,246
2021-05-04,Lake,033,64148,3474,3454,9,3463,43
2021-05-04,Lassen,035,31185,5166,5142,109,5251,1
2021-05-04,Los Angeles,037,10098052,1198734,1193453,43456,1236909,23957
2021-05-04,Madera,039,155013,16466,16418,947,17365,235
2021-05-04,Marin,041,260295,13955,13935,256,14191,228
2021-05-04,Mariposa,043,17540,421,418,11,429,5
2021-05-04,Mendocino,045,87422,3855,3794,75,3869,46
2021-05-04,Merced,047,269075,30761,30829,1000,31829,444
2021-05-04,Modoc,049,8938,370,360,122,482,3
2021-05-04,Mono,051,14174,1239,1260,13,1273,3
2021-05-04,Monterey,053,433212,42907,42845,1915,44760,380
2021-05-04,Napa,055,140530,9825,9824,32,9856,81
2021-05-04,Nevada,057,99092,4724,4656,193,4849,70
2021-05-04,Orange,059,3164182,254037,253177,11601,264778,4977
2021-05-04,Placer,061,380077,22759,22326,1490,23816,287
2021-05-04,Plumas,063,18699,689,675,11,686,4
2021-05-04,Riverside,065,2383286,290452,287285,14474,301759,4411
2021-05-04,Sacramento,067,1510023,104017,103383,1739,105122,1604
2021-05-04,San Benito,069,59416,6029,6039,117,6156,63
2021-05-04,San Bernardino,071,2135413,291598,290934,9378,300312,4668
2021-05-04,San Diego,073,3302833,278145,276879,14571,291450,3713
2021-05-04,San Francisco,075,870044,36337,36550,1356,37906,541
2021-05-04,San Joaquin,077,732212,72122,71582,3630,75212,1342
2021-05-04,San Luis Obispo,079,281455,21040,20923,756,21679,255
2021-05-04,San Mateo,081,765935,42021,41708,478,42186,415
2021-05-04,Santa Barbara,083,443738,34351,34131,1232,35363,453
2021-05-04,Santa Clara,085,1922200,117456,118431,779,119210,1988
2021-05-04,Santa Cruz,087,273765,16063,16005,872,16877,207
2021-05-04,Shasta,089,179085,11936,11923,1539,13462,198
2021-05-04,Sierra,091,2930,54,54,14,68,0
2021-05-04,Siskiyou,093,43540,1792,1694,332,2026,11
2021-05-04,Solano,095,438530,32320,32220,527,32747,249
2021-05-04,Sonoma,097,501317,29692,29867,330,30197,318
2021-05-04,Stanislaus,099,539301,55269,55165,6083,61248,807
2021-05-04,Sutter,101,95872,9383,9375,87,9462,111
2021-05-04,Tehama,103,63373,4970,4959,587,5546,53
2021-05-04,Trinity,105,12862,408,326,68,394,3
2021-05-04,Tulare,107,460477,49317,48857,9361,58218,835
2021-05-04,Tuolumne,109,53932,4044,4041,36,4077,61
2021-05-04,Ventura,111,848112,80683,80351,3064,83415,1005
2021-05-04,Yolo,113,214977,13838,13820,304,14124,208
2021-05-04,Yuba,115,75493,5912,5891,122,6013,44
2021-05-03,Alameda,001,1643700,86955,86845,2004,88849,1272
2021-05-03,Alpine,003,1148,88,88,0,88,0
2021-05-03,Amador,005,37829,3651,3651,34,3685,46
2021-05-03,Butte,007,227075,12201,11864,1852,13716,198
2021-05-03,Calaveras,009,45235,2105,2099,14,2113,50
2021-05-03,Colusa,011,21464,1927,1931,303,2234,14
2021-05-03,Contra Costa,013,1133247,68392,67895,1294,69189,799
2021-05-03,Del Norte,015,27424,1351,1306,11,1317,6
2021-05-03,El Dorado,017,186661,10029,9984,740,10724,110
2021-05-03,Fresno,019,978130,101369,101405,8882,110287,1678
2021-05-03,Glenn,021,27897,2381,2375,558,2933,17
2021-05-03,Humboldt,023,135768,3902,3865,31,3896,36
2021-05-03,Imperial,025,180216,28238,28280,2855,31135,720
2021-05-03,Inyo,027,18085,1399,1398,3,1401,36
2021-05-03,Kern,029,883053,96367,95693,11046,106739,1299
2021-05-03,Kings,031,150075,22889,22821,1173,23994,246
2021-05-03,Lake,033,64148,3472,3446,9,3455,43
2021-05-03,Lassen,035,31185,5165,5142,109,5251,1
2021-05-03,Los Angeles,037,10098052,1198469,1193261,43427,1236688,23942
2021-05-03,Madera,039,155013,16462,16414,946,17360,235
2021-05-03,Marin,041,260295,13949,13927,256,14183,228
2021-05-03,Mariposa,043,17540,421,418,11,429,5
2021-05-03,Mendocino,045,87422,3848,3792,75,3867,46
2021-05-03,Merced,047,269075,30750,30814,998,31812,444
2021-05-03,Modoc,049,8938,370,360,122,482,3
2021-05-03,Mono,051,14174,1239,1259,13,1272,3
2021-05-03,Monterey,053,433212,42896,42837,1913,44750,380
2021-05-03,Napa,055,140530,9820,9815,32,9847,81
2021-05-03,Nevada,057,99092,4716,4650,193,4843,70
2021-05-03,Orange,059,3164182,253978,253107,11592,264699,4968
2021-05-03,Placer,061,380077,22728,22289,1484,23773,287
2021-05-03,Plumas,063,18699,688,675,11,686,4
2021-05-03,Riverside,065,2383286,290380,287233,14473,301706,4412
2021-05-03,Sacramento,067,1510023,103864,103303,1729,105032,1602
2021-05-03,San Benito,069,59416,6028,6038,117,6155,63
2021-05-03,San Bernardino,071,2135413,291530,290886,9375,300261,4659
2021-05-03,San Diego,073,3302833,277982,276693,14546,291239,3712
2021-05-03,San Francisco,075,870044,36311,36538,1356,37894,541
2021-05-03,San Joaquin,077,732212,72071,71504,3627,75131,1325
2021-05-03,San Luis Obispo,079,281455,21024,20915,753,21668,254
2021-05-03,San Mateo,081,765935,41998,41689,477,42166,413
2021-05-03,Santa Barbara,083,443738,34339,34119,1232,35351,453
2021-05-03,Santa Clara,085,1922200,117402,118373,778,119151,1988
2021-05-03,Santa Cruz,087,273765,16060,16000,872,16872,207
2021-05-03,Shasta,089,179085,11913,11890,1534,13424,197
2021-05-03,Sierra,091,2930,54,54,14,68,0
2021-05-03,Siskiyou,093,43540,1786,1683,326,2009,11
2021-05-03,Solano,095,438530,32279,32201,526,32727,249
2021-05-03,Sonoma,097,501317,29680,29855,327,30182,318
2021-05-03,Stanislaus,099,539301,55205,55116,6072,61188,774
2021-05-03,Sutter,101,95872,9371,9370,87,9457,111
2021-05-03,Tehama,103,63373,4961,4952,587,5539,53
2021-05-03,Trinity,105,12862,408,326,68,394,3
2021-05-03,Tulare,107,460477,49300,48844,9351,58195,835
2021-05-03,Tuolumne,109,53932,4043,4038,36,4074,61
2021-05-03,Ventura,111,848112,80661,80291,3064,83355,1005
2021-05-03,Yolo,113,214977,13825,13809,302,14111,208
2021-05-03,Yuba,115,75493,5907,5880,122,6002,44
2021-05-02,Alameda,001,1643700,86870,86784,2003,88787,1272
2021-05-02,Alpine,003,1148,88,88,0,88,0
2021-05-02,Amador,005,37829,3651,3650,34,3684,46
2021-05-02,Butte,007,227075,12177,11859,1849,13708,198
2021-05-02,Calaveras,009,45235,2101,2098,14,2112,50
2021-05-02,Colusa,011,21464,1926,1931,302,2233,14
2021-05-02,Contra Costa,013,1133247,68306,67843,1291,69134,800
2021-05-02,Del Norte,015,27424,1344,1305,11,1316,6
2021-05-02,El Dorado,017,186661,10014,9962,739,10701,110
2021-05-02,Fresno,019,978130,101298,101372,8872,110244,1678
2021-05-02,Glenn,021,27897,2380,2374,556,2930,17
2021-05-02,Humboldt,023,135768,3890,3858,30,3888,36
2021-05-02,Imperial,025,180216,28204,28275,2846,31121,721
2021-05-02,Inyo,027,18085,1397,1398,3,1401,36
2021-05-02,Kern,029,883053,96309,95668,11039,106707,1299
2021-05-02,Kings,031,150075,22871,22816,1172,23988,246
2021-05-02,Lake,033,64148,3470,3443,9,3452,43
2021-05-02,Lassen,035,31185,5164,5142,108,5250,1
2021-05-02,Los Angeles,037,10098052,1198124,1193056,43403,1236459,23943
2021-05-02,Madera,039,155013,16456,16410,946,17356,235
2021-05-02,Marin,041,260295,13939,13917,256,14173,228
2021-05-02,Mariposa,043,17540,421,419,11,430,5
2021-05-02,Mendocino,045,87422,3843,3787,75,3862,46
2021-05-02,Merced,047,269075,30728,30793,996,31789,444
2021-05-02,Modoc,049,8938,369,360,122,482,3
2021-05-02,Mono,051,14174,1238,1259,13,1272,3
2021-05-02,Monterey,053,433212,42883,42837,1911,44748,380
2021-05-02,Napa,055,140530,9816,9805,32,9837,81
2021-05-02,Nevada,057,99092,4700,4635,193,4828,70
2021-05-02,Orange,059,3164182,253903,253025,11579,264604,4968
2021-05-02,Placer,061,380077,22699,22264,1481,23745,287
2021-05-02,Plumas,063,18699,688,675,11,686,4
2021-05-02,Riverside,065,2383286,290281,287197,14463,301660,4412
2021-05-02,Sacramento,067,1510023,103728,103153,1722,104875,1602
2021-05-02,San Benito,069,59416,6023,6037,117,6154,63
2021-05-02,San Bernardino,071,2135413,291431,290859,9373,300232,4655
2021-05-02,San Diego,073,3302833,277786,276521,14519,291040,3712
2021-05-02,San Francisco,075,870044,36285,36522,1356,37878,541
2021-05-02,San Joaquin,077,732212,72007,71447,3620,75067,1325
2021-05-02,San Luis Obispo,079,281455,21004,20910,752,21662,254
2021-05-02,San Mateo,081,765935,41982,41656,476,42132,412
2021-05-02,Santa Barbara,083,443738,34325,34106,1232,35338,453
2021-05-02,Santa Clara,085,1922200,117328,118321,778,119099,1988
2021-05-02,Santa Cruz,087,273765,16055,15995,871,16866,207
2021-05-02,Shasta,089,179085,11897,11885,1526,13411,197
2021-05-02,Sierra,091,2930,54,54,14,68,0
2021-05-02,Siskiyou,093,43540,1775,1661,325,1986,11
2021-05-02,Solano,095,438530,32240,32151,522,32673,249
2021-05-02,Sonoma,097,501317,29658,29842,327,30169,318
2021-05-02,Stanislaus,099,539301,55132,55057,6065,61122,774
2021-05-02,Sutter,101,95872,9364,9363,87,9450,111
2021-05-02,Tehama,103,63373,4956,4950,585,5535,53
2021-05-02,Trinity,105,12862,408,326,68,394,3
2021-05-02,Tulare,107,460477,49282,48834,9343,58177,835
2021-05-02,Tuolumne,109,53932,4040,4038,36,4074,61
2021-05-02,Ventura,111,848112,80624,80284,3063,83347,1005
2021-05-02,Yolo,113,214977,13813,13799,301,14100,208
2021-05-02,Yuba,115,75493,5897,5879,122,6001,44
2021-05-01,Alameda,001,1643700,86826,86704,2000,88704,1270
2021-05-01,Alpine,003,1148,88,88,0,88,0
2021-05-01,Amador,005,37829,3651,3650,34,3684,46
2021-05-01,Butte,007,227075,12163,11845,1844,13689,198
2021-05-01,Calaveras,009,45235,2099,2096,14,2110,50
2021-05-01,Colusa,011,21464,1925,1931,302,2233,14
2021-05-01,Contra Costa,013,1133247,68254,67779,1288,69067,800
2021-05-01,Del Norte,015,27424,1343,1292,11,1303,6
2021-05-01,El Dorado,017,186661,10000,9944,737,10681,110
2021-05-01,Fresno,019,978130,101253,101326,8866,110192,1678
2021-05-01,Glenn,021,27897,2377,2369,555,2924,17
2021-05-01,Humboldt,023,135768,3876,3845,30,3875,36
2021-05-01,Imperial,025,180216,28197,28262,2846,31108,721
2021-05-01,Inyo,027,18085,1397,1397,3,1400,36
2021-05-01,Kern,029,883053,96282,95645,11027,106672,1299
2021-05-01,Kings,031,150075,22869,22797,1170,23967,246
2021-05-01,Lake,033,64148,3468,3441,9,3450,43
2021-05-01,Lassen,035,31185,5162,5142,108,5250,1
2021-05-01,Los Angeles,037,10098052,1197957,1192781,43388,1236169,23946
2021-05-01,Madera,039,155013,16452,16408,946,17354,235
2021-05-01,Marin,041,260295,13932,13902,256,14158,228
2021-05-01,Mariposa,043,17540,421,418,11,429,5
2021-05-01,Mendocino,045,87422,3841,3782,75,3857,46
2021-05-01,Merced,047,269075,30710,30771,996,31767,444
2021-05-01,Modoc,049,8938,369,361,122,483,3
2021-05-01,Mono,051,14174,1238,1258,13,1271,3
2021-05-01,Monterey,053,433212,42877,42828,1911,44739,379
2021-05-01,Napa,055,140530,9813,9800,32,9832,81
2021-05-01,Nevada,057,99092,4695,4625,193,4818,70
2021-05-01,Orange,059,3164182,253860,252969,11568,264537,4964
2021-05-01,Placer,061,380077,22673,22240,1479,23719,287
2021-05-01,Plumas,063,18699,687,675,11,686,4
2021-05-01,Riverside,065,2383286,290242,287129,14461,301590,4412
2021-05-01,Sacramento,067,1510023,103647,103043,1721,104764,1602
2021-05-01,San Benito,069,59416,6020,6030,117,6147,63
2021-05-01,San Bernardino,071,2135413,291388,290802,9371,300173,4652
2021-05-01,San Diego,073,3302833,277662,276367,14498,290865,3706
2021-05-01,San Francisco,075,870044,36270,36496,1356,37852,541
2021-05-01,San Joaquin,077,732212,71959,71389,3618,75007,1325
2021-05-01,San Luis Obispo,079,281455,20999,20896,752,21648,254
2021-05-01,San Mateo,081,765935,41953,41617,475,42092,411
2021-05-01,Santa Barbara,083,443738,34320,34085,1231,35316,453
2021-05-01,Santa Clara,085,1922200,117277,118265,776,119041,1988
2021-05-01,Santa Cruz,087,273765,16052,15984,871,16855,207
2021-05-01,Shasta,089,179085,11877,11878,1518,13396,197
2021-05-01,Sierra,091,2930,54,53,14,67,0
2021-05-01,Siskiyou,093,43540,1767,1653,324,1977,11
2021-05-01,Solano,095,438530,32210,32124,514,32638,249
2021-05-01,Sonoma,097,501317,29655,29835,327,30162,318
2021-05-01,Stanislaus,099,539301,55097,55005,6059,61064,774
2021-05-01,Sutter,101,95872,9361,9358,87,9445,110
2021-05-01,Tehama,103,63373,4955,4950,584,5534,53
2021-05-01,Trinity,105,12862,408,326,67,393,3
2021-05-01,Tulare,107,460477,49275,48818,9337,58155,835
2021-05-01,Tuolumne,109,53932,4034,4035,36,4071,61
2021-05-01,Ventura,111,848112,80606,80268,3063,83331,1005
2021-05-01,Yolo,113,214977,13806,13784,299,14083,208
2021-05-01,Yuba,115,75493,5895,5875,122,5997,44
2021-04-30,Alameda,001,1643700,86764,86602,1997,88599,1268
2021-04-30,Alpine,003,1148,88,88,0,88,0
2021-04-30,Amador,005,37829,3649,3650,34,3684,46
2021-04-30,Butte,007,227075,12144,11812,1840,13652,197
2021-04-30,Calaveras,009,45235,2098,2087,14,2101,50
2021-04-30,Colusa,011,21464,1925,1931,301,2232,14
2021-04-30,Contra Costa,013,1133247,68206,67684,1285,68969,800
2021-04-30,Del Norte,015,27424,1331,1276,11,1287,6
2021-04-30,El Dorado,017,186661,9986,9906,737,10643,110
2021-04-30,Fresno,019,978130,101207,101263,8862,110125,1670
2021-04-30,Glenn,021,27897,2376,2369,555,2924,17
2021-04-30,Humboldt,023,135768,3863,3834,30,3864,36
2021-04-30,Imperial,025,180216,28188,28244,2843,31087,721
2021-04-30,Inyo,027,18085,1397,1397,3,1400,36
2021-04-30,Kern,029,883053,96266,95605,11022,106627,1298
2021-04-30,Kings,031,150075,22866,22793,1169,23962,246
2021-04-30,Lake,033,64148,3464,3440,9,3449,43
2021-04-30,Lassen,035,31185,5161,5140,108,5248,1
2021-04-30,Los Angeles,037,10098052,1197750,1192393,43374,1235767,23919
2021-04-30,Madera,039,155013,16446,16395,946,17341,235
2021-04-30,Marin,041,260295,13924,13895,254,14149,228
2021-04-30,Mariposa,043,17540,421,417,11,428,5
2021-04-30,Mendocino,045,87422,3837,3777,75,3852,46
2021-04-30,Merced,047,269075,30697,30740,995,31735,444
2021-04-30,Modoc,049,8938,368,360,122,482,3
2021-04-30,Mono,051,14174,1238,1258,13,1271,3
2021-04-30,Monterey,053,433212,42863,42810,1910,44720,379
2021-04-30,Napa,055,140530,9809,9792,32,9824,81
2021-04-30,Nevada,057,99092,4687,4608,193,4801,70
2021-04-30,Orange,059,3164182,253805,252883,11562,264445,4956
2021-04-30,Placer,061,380077,22654,22190,1475,23665,287
2021-04-30,Plumas,063,18699,687,677,11,688,4
2021-04-30,Riverside,065,2383286,290188,287030,14454,301484,4412
2021-04-30,Sacramento,067,1510023,103546,102864,1717,104581,1596
2021-04-30,San Benito,069,59416,6016,6024,116,6140,63
2021-04-30,San Bernardino,071,2135413,291327,290704,9370,300074,4640
2021-04-30,San Diego,073,3302833,277568,276157,14487,290644,3702
2021-04-30,San Francisco,075,870044,36259,36453,1355,37808,538
2021-04-30,San Joaquin,077,732212,71908,71311,3615,74926,1306
2021-04-30,San Luis Obispo,079,281455,20993,20884,752,21636,255
2021-04-30,San Mateo,081,765935,41938,41583,474,42057,380
2021-04-30,Santa Barbara,083,443738,34307,34061,1231,35292,451
2021-04-30,Santa Clara,085,1922200,117219,118170,772,118942,1988
2021-04-30,Santa Cruz,087,273765,16047,15975,871,16846,207
2021-04-30,Shasta,089,179085,11856,11848,1515,13363,197
2021-04-30,Sierra,091,2930,54,53,14,67,0
2021-04-30,Siskiyou,093,43540,1756,1628,321,1949,11
2021-04-30,Solano,095,438530,32178,32050,511,32561,249
2021-04-30,Sonoma,097,501317,29645,29816,325,30141,318
2021-04-30,Stanislaus,099,539301,55046,54938,6056,60994,774
2021-04-30,Sutter,101,95872,9359,9353,87,9440,110
2021-04-30,Tehama,103,63373,4953,4944,584,5528,53
2021-04-30,Trinity,105,12862,408,326,67,393,3
2021-04-30,Tulare,107,460477,49266,48797,9320,58117,836
2021-04-30,Tuolumne,109,53932,4033,4033,36,4069,61
2021-04-30,Ventura,111,848112,80566,80232,3058,83290,1004
2021-04-30,Yolo,113,214977,13793,13756,299,14055,208
2021-04-30,Yuba,115,75493,5887,5870,122,5992,44
2021-04-29,Alameda,001,1643700,86699,86490,1994,88484,1263
2021-04-29,Alpine,003,1148,88,88,0,88,0
2021-04-29,Amador,005,37829,3649,3649,34,3683,46
2021-04-29,Butte,007,227075,12129,11787,1838,13625,196
2021-04-29,Calaveras,009,45235,2095,2082,14,2096,50
2021-04-29,Colusa,011,21464,1925,1929,301,2230,14
2021-04-29,Contra Costa,013,1133247,68151,67606,1282,68888,795
2021-04-29,Del Norte,015,27424,1327,1271,11,1282,6
2021-04-29,El Dorado,017,186661,9966,9884,734,10618,107
2021-04-29,Fresno,019,978130,101153,101189,8851,110040,1667
2021-04-29,Glenn,021,27897,2373,2369,555,2924,17
2021-04-29,Humboldt,023,135768,3849,3815,30,3845,36
2021-04-29,Imperial,025,180216,28176,28235,2842,31077,720
2021-04-29,Inyo,027,18085,1397,1396,3,1399,36
2021-04-29,Kern,029,883053,96233,95547,11018,106565,1295
2021-04-29,Kings,031,150075,22856,22777,1164,23941,245
2021-04-29,Lake,033,64148,3456,3438,9,3447,43
2021-04-29,Lassen,035,31185,5161,5140,108,5248,1
2021-04-29,Los Angeles,037,10098052,1197475,1192068,43353,1235421,23899
2021-04-29,Madera,039,155013,16441,16383,945,17328,235
2021-04-29,Marin,041,260295,13920,13884,246,14130,228
2021-04-29,Mariposa,043,17540,420,416,11,427,5
2021-04-29,Mendocino,045,87422,3831,3774,75,3849,46
2021-04-29,Merced,047,269075,30677,30706,995,31701,444
2021-04-29,Modoc,049,8938,368,360,122,482,3
2021-04-29,Mono,051,14174,1236,1259,13,1272,3
2021-04-29,Monterey,053,433212,42846,42797,1909,44706,379
2021-04-29,Napa,055,140530,9795,9789,32,9821,81
2021-04-29,Nevada,057,99092,4676,4590,193,4783,70
2021-04-29,Orange,059,3164182,253736,252823,11547,264370,4934
2021-04-29,Placer,061,380077,22629,22161,1473,23634,286
2021-04-29,Plumas,063,18699,686,676,11,687,4
2021-04-29,Riverside,065,2383286,290121,286947,14451,301398,4409
2021-04-29,Sacramento,067,1510023,103413,102686,1707,104393,1593
2021-04-29,San Benito,069,59416,6015,6023,116,6139,63
2021-04-29,San Bernardino,071,2135413,291255,290606,9365,299971,4609
2021-04-29,San Diego,073,3302833,277418,275961,14470,290431,3700
2021-04-29,San Francisco,075,870044,36233,36412,1355,37767,537
2021-04-29,San Joaquin,077,732212,71842,71225,3610,74835,1301
2021-04-29,San Luis Obispo,079,281455,20982,20876,752,21628,255
2021-04-29,San Mateo,081,765935,41910,41538,473,42011,358
2021-04-29,Santa Barbara,083,443738,34291,34039,1229,35268,448
2021-04-29,Santa Clara,085,1922200,117164,118082,770,118852,1984
2021-04-29,Santa Cruz,087,273765,16041,15961,871,16832,205
2021-04-29,Shasta,089,179085,11826,11836,1506,13342,193
2021-04-29,Sierra,091,2930,54,53,14,67,0
2021-04-29,Siskiyou,093,43540,1747,1615,318,1933,11
2021-04-29,Solano,095,438530,32138,32002,506,32508,248
2021-04-29,Sonoma,097,501317,29630,29785,322,30107,318
2021-04-29,Stanislaus,099,539301,54979,54836,6051,60887,774
2021-04-29,Sutter,101,95872,9352,9346,87,9433,110
2021-04-29,Tehama,103,63373,4945,4939,584,5523,53
2021-04-29,Trinity,105,12862,408,326,67,393,3
2021-04-29,Tulare,107,460477,49249,48785,9307,58092,832
2021-04-29,Tuolumne,109,53932,4032,4030,36,4066,58
2021-04-29,Ventura,111,848112,80532,80188,3056,83244,1002
2021-04-29,Yolo,113,214977,13773,13745,298,14043,205
2021-04-29,Yuba,115,75493,5877,5865,122,5987,44
2021-04-28,Alameda,001,1643700,86627,86390,1990,88380,1260
2021-04-28,Alpine,003,1148,88,88,0,88,0
2021-04-28,Amador,005,37829,3649,3646,34,3680,46
2021-04-28,Butte,007,227075,12109,11762,1833,13595,196
2021-04-28,Calaveras,009,45235,2091,2078,13,2091,50
2021-04-28,Colusa,011,21464,1922,1927,300,2227,14
2021-04-28,Contra Costa,013,1133247,68091,67539,1281,68820,795
2021-04-28,Del Norte,015,27424,1319,1267,11,1278,6
2021-04-28,El Dorado,017,186661,9942,9873,734,10607,107
2021-04-28,Fresno,019,978130,101106,101161,8840,110001,1666
2021-04-28,Glenn,021,27897,2370,2368,555,2923,17
2021-04-28,Humboldt,023,135768,3833,3796,30,3826,36
2021-04-28,Imperial,025,180216,28162,28177,2841,31018,720
2021-04-28,Inyo,027,18085,1397,1396,2,1398,36
2021-04-28,Kern,029,883053,96203,95494,11009,106503,1295
2021-04-28,Kings,031,150075,22845,22767,1161,23928,245
2021-04-28,Lake,033,64148,3453,3433,9,3442,43
2021-04-28,Lassen,035,31185,5161,5138,108,5246,1
2021-04-28,Los Angeles,037,10098052,1197179,1191729,43327,1235056,23858
2021-04-28,Madera,039,155013,16437,16372,945,17317,235
2021-04-28,Marin,041,260295,13909,13866,246,14112,227
2021-04-28,Mariposa,043,17540,417,415,11,426,5
2021-04-28,Mendocino,045,87422,3825,3770,73,3843,46
2021-04-28,Merced,047,269075,30658,30649,995,31644,443
2021-04-28,Modoc,049,8938,368,360,122,482,3
2021-04-28,Mono,051,14174,1236,1258,13,1271,3
2021-04-28,Monterey,053,433212,42841,42776,1909,44685,379
2021-04-28,Napa,055,140530,9784,9777,32,9809,81
2021-04-28,Nevada,057,99092,4657,4570,193,4763,70
2021-04-28,Orange,059,3164182,253658,252747,11532,264279,4931
2021-04-28,Placer,061,380077,22602,22115,1472,23587,285
2021-04-28,Plumas,063,18699,686,676,11,687,4
2021-04-28,Riverside,065,2383286,290065,286868,14446,301314,4407
2021-04-28,Sacramento,067,1510023,103292,102613,1703,104316,1591
2021-04-28,San Benito,069,59416,6013,6021,116,6137,63
2021-04-28,San Bernardino,071,2135413,291180,290548,9354,299902,4582
2021-04-28,San Diego,073,3302833,277263,275821,14456,290277,3698
2021-04-28,San Francisco,075,870044,36204,36382,1354,37736,534
2021-04-28,San Joaquin,077,732212,71762,71171,3602,74773,1301
2021-04-28,San Luis Obispo,079,281455,20974,20851,752,21603,255
2021-04-28,San Mateo,081,765935,41885,41498,471,41969,358
2021-04-28,Santa Barbara,083,443738,34277,34003,1229,35232,448
2021-04-28,Santa Clara,085,1922200,117095,117997,767,118764,1969
2021-04-28,Santa Cruz,087,273765,16037,15943,870,16813,205
2021-04-28,Shasta,089,179085,11810,11815,1499,13314,192
2021-04-28,Sierra,091,2930,54,51,14,65,0
2021-04-28,Siskiyou,093,43540,1734,1603,316,1919,11
2021-04-28,Solano,095,438530,32106,31982,502,32484,248
2021-04-28,Sonoma,097,501317,29616,29773,318,30091,318
2021-04-28,Stanislaus,099,539301,54924,54745,6047,60792,774
2021-04-28,Sutter,101,95872,9347,9343,87,9430,110
2021-04-28,Tehama,103,63373,4939,4930,583,5513,53
2021-04-28,Trinity,105,12862,408,326,67,393,3
2021-04-28,Tulare,107,460477,49232,48754,9291,58045,832
2021-04-28,Tuolumne,109,53932,4029,4029,36,4065,58
2021-04-28,Ventura,111,848112,80497,80172,3054,83226,1000
2021-04-28,Yolo,113,214977,13758,13721,297,14018,205
2021-04-28,Yuba,115,75493,5871,5857,122,5979,44
2021-04-27,Alameda,001,1643700,86528,86301,1985,88286,1260
2021-04-27,Alpine,003,1148,88,88,0,88,0
2021-04-27,Amador,005,37829,3649,3645,34,3679,46
2021-04-27,Butte,007,227075,12084,11738,1827,13565,196
2021-04-27,Calaveras,009,45235,2088,2076,13,2089,50
2021-04-27,Colusa,011,21464,1921,1926,300,2226,14
2021-04-27,Contra Costa,013,1133247,68022,67470,1277,68747,791
2021-04-27,Del Norte,015,27424,1307,1266,11,1277,6
2021-04-27,El Dorado,017,186661,9913,9866,731,10597,106
2021-04-27,Fresno,019,978130,101043,101138,8828,109966,1663
2021-04-27,Glenn,021,27897,2370,2368,555,2923,17
2021-04-27,Humboldt,023,135768,3821,3780,30,3810,35
2021-04-27,Imperial,025,180216,28146,28149,2835,30984,720
2021-04-27,Inyo,027,18085,1397,1396,2,1398,36
2021-04-27,Kern,029,883053,96147,95466,10996,106462,1295
2021-04-27,Kings,031,150075,22831,22759,1158,23917,244
2021-04-27,Lake,033,64148,3452,3431,9,3440,43
2021-04-27,Lassen,035,31185,5161,5137,108,5245,1
2021-04-27,Los Angeles,037,10098052,1196860,1191504,43296,1234800,23825
2021-04-27,Madera,039,155013,16430,16365,945,17310,235
2021-04-27,Marin,041,260295,13888,13855,245,14100,227
2021-04-27,Mariposa,043,17540,416,413,11,424,5
2021-04-27,Mendocino,045,87422,3821,3765,73,3838,46
2021-04-27,Merced,047,269075,30618,30620,995,31615,443
2021-04-27,Modoc,049,8938,367,360,122,482,3
2021-04-27,Mono,051,14174,1236,1257,13,1270,3
2021-04-27,Monterey,053,433212,42823,42752,1906,44658,379
2021-04-27,Napa,055,140530,9777,9774,32,9806,81
2021-04-27,Nevada,057,99092,4642,4557,193,4750,70
2021-04-27,Orange,059,3164182,253589,252667,11526,264193,4925
2021-04-27,Placer,061,380077,22571,22050,1469,23519,285
2021-04-27,Plumas,063,18699,685,675,11,686,4
2021-04-27,Riverside,065,2383286,289992,286820,14441,301261,4405
2021-04-27,Sacramento,067,1510023,103164,102595,1693,104288,1589
2021-04-27,San Benito,069,59416,6008,6016,116,6132,63
2021-04-27,San Bernardino,071,2135413,291112,290461,9349,299810,4575
2021-04-27,San Diego,073,3302833,277106,275685,14436,290121,3692
2021-04-27,San Francisco,075,870044,36176,36358,1353,37711,533
2021-04-27,San Joaquin,077,732212,71709,71104,3596,74700,1301
2021-04-27,San Luis Obispo,079,281455,20967,20841,752,21593,255
2021-04-27,San Mateo,081,765935,41850,41474,470,41944,358
2021-04-27,Santa Barbara,083,443738,34254,33973,1228,35201,448
2021-04-27,Santa Clara,085,1922200,117045,117945,766,118711,1969
2021-04-27,Santa Cruz,087,273765,16030,15905,869,16774,205
2021-04-27,Shasta,089,179085,11783,11802,1492,13294,192
2021-04-27,Sierra,091,2930,54,51,14,65,0
2021-04-27,Siskiyou,093,43540,1719,1597,315,1912,11
2021-04-27,Solano,095,438530,32058,31964,501,32465,248
2021-04-27,Sonoma,097,501317,29598,29761,317,30078,318
2021-04-27,Stanislaus,099,539301,54854,54695,6039,60734,752
2021-04-27,Sutter,101,95872,9342,9342,87,9429,110
2021-04-27,Tehama,103,63373,4936,4922,579,5501,53
2021-04-27,Trinity,105,12862,408,326,67,393,3
2021-04-27,Tulare,107,460477,49216,48744,9282,58026,832
2021-04-27,Tuolumne,109,53932,4026,4028,36,4064,58
2021-04-27,Ventura,111,848112,80468,80152,3052,83204,1000
2021-04-27,Yolo,113,214977,13745,13697,295,13992,205
2021-04-27,Yuba,115,75493,5871,5853,122,5975,44
2021-04-26,Alameda,001,1643700,86438,86230,1981,88211,1256
2021-04-26,Alpine,003,1148,88,88,0,88,0
2021-04-26,Amador,005,37829,3648,3645,34,3679,46
2021-04-26,Butte,007,227075,12060,11720,1823,13543,196
2021-04-26,Calaveras,009,45235,2079,2074,13,2087,50
2021-04-26,Colusa,011,21464,1921,1925,299,2224,14
2021-04-26,Contra Costa,013,1133247,67954,67392,1273,68665,789
2021-04-26,Del Norte,015,27424,1298,1263,11,1274,6
2021-04-26,El Dorado,017,186661,9892,9849,730,10579,106
2021-04-26,Fresno,019,978130,100988,101099,8815,109914,1662
2021-04-26,Glenn,021,27897,2368,2367,555,2922,17
2021-04-26,Humboldt,023,135768,3811,3764,29,3793,35
2021-04-26,Imperial,025,180216,28133,28148,2832,30980,720
2021-04-26,Inyo,027,18085,1396,1396,2,1398,36
2021-04-26,Kern,029,883053,96121,95429,10989,106418,1295
2021-04-26,Kings,031,150075,22828,22756,1155,23911,244
2021-04-26,Lake,033,64148,3447,3428,9,3437,43
2021-04-26,Lassen,035,31185,5161,5138,108,5246,1
2021-04-26,Los Angeles,037,10098052,1196537,1191253,43275,1234528,23802
2021-04-26,Madera,039,155013,16418,16353,944,17297,231
2021-04-26,Marin,041,260295,13873,13849,245,14094,227
2021-04-26,Mariposa,043,17540,415,410,11,421,5
2021-04-26,Mendocino,045,87422,3819,3757,73,3830,46
2021-04-26,Merced,047,269075,30601,30611,992,31603,443
2021-04-26,Modoc,049,8938,367,360,122,482,3
2021-04-26,Mono,051,14174,1236,1258,13,1271,3
2021-04-26,Monterey,053,433212,42807,42740,1905,44645,379
2021-04-26,Napa,055,140530,9765,9769,32,9801,79
2021-04-26,Nevada,057,99092,4621,4548,193,4741,70
2021-04-26,Orange,059,3164182,253504,252592,11515,264107,4919
2021-04-26,Placer,061,380077,22542,22032,1464,23496,285
2021-04-26,Plumas,063,18699,685,670,11,681,4
2021-04-26,Riverside,065,2383286,289932,286724,14432,301156,4401
2021-04-26,Sacramento,067,1510023,102993,102459,1679,104138,1587
2021-04-26,San Benito,069,59416,6006,6013,116,6129,63
2021-04-26,San Bernardino,071,2135413,291061,290394,9348,299742,4572
2021-04-26,San Diego,073,3302833,276932,275541,14408,289949,3692
2021-04-26,San Francisco,075,870044,36149,36330,1351,37681,532
2021-04-26,San Joaquin,077,732212,71643,71050,3588,74638,1301
2021-04-26,San Luis Obispo,079,281455,20959,20830,751,21581,255
2021-04-26,San Mateo,081,765935,41820,41457,470,41927,357
2021-04-26,Santa Barbara,083,443738,34223,33948,1228,35176,448
2021-04-26,Santa Clara,085,1922200,116946,117874,762,118636,1968
2021-04-26,Santa Cruz,087,273765,16021,15877,869,16746,205
2021-04-26,Shasta,089,179085,11766,11787,1485,13272,192
2021-04-26,Sierra,091,2930,53,51,14,65,0
2021-04-26,Siskiyou,093,43540,1709,1592,311,1903,11
2021-04-26,Solano,095,438530,32013,31913,499,32412,247
2021-04-26,Sonoma,097,501317,29575,29755,315,30070,318
2021-04-26,Stanislaus,099,539301,54764,54638,6033,60671,744
2021-04-26,Sutter,101,95872,9337,9328,87,9415,110
2021-04-26,Tehama,103,63373,4931,4920,576,5496,53
2021-04-26,Trinity,105,12862,408,326,67,393,3
2021-04-26,Tulare,107,460477,49196,48735,9273,58008,831
2021-04-26,Tuolumne,109,53932,4025,4024,36,4060,58
2021-04-26,Ventura,111,848112,80443,80137,3049,83186,999
2021-04-26,Yolo,113,214977,13725,13684,292,13976,205
2021-04-26,Yuba,115,75493,5869,5851,122,5973,44
2021-04-25,Alameda,001,1643700,86332,86162,1974,88136,1256
2021-04-25,Alpine,003,1148,88,87,0,87,0
2021-04-25,Amador,005,37829,3647,3643,34,3677,46
2021-04-25,Butte,007,227075,12031,11709,1816,13525,196
2021-04-25,Calaveras,009,45235,2073,2072,12,2084,50
2021-04-25,Colusa,011,21464,1920,1924,299,2223,14
2021-04-25,Contra Costa,013,1133247,67862,67316,1272,68588,789
2021-04-25,Del Norte,015,27424,1292,1259,11,1270,6
2021-04-25,El Dorado,017,186661,9876,9837,728,10565,106
2021-04-25,Fresno,019,978130,100930,101061,8802,109863,1662
2021-04-25,Glenn,021,27897,2368,2366,555,2921,17
2021-04-25,Humboldt,023,135768,3798,3751,29,3780,35
2021-04-25,Imperial,025,180216,28108,28136,2828,30964,720
2021-04-25,Inyo,027,18085,1396,1396,2,1398,36
2021-04-25,Kern,029,883053,96057,95398,10975,106373,1295
2021-04-25,Kings,031,150075,22814,22755,1153,23908,244
2021-04-25,Lake,033,64148,3445,3427,9,3436,43
2021-04-25,Lassen,035,31185,5159,5138,108,5246,1
2021-04-25,Los Angeles,037,10098052,1196205,1190970,43254,1234224,23799
2021-04-25,Madera,039,155013,16406,16346,944,17290,231
2021-04-25,Marin,041,260295,13864,13852,245,14097,227
2021-04-25,Mariposa,043,17540,415,410,11,421,5
2021-04-25,Mendocino,045,87422,3812,3757,73,3830,46
2021-04-25,Merced,047,269075,30566,30586,992,31578,443
2021-04-25,Modoc,049,8938,367,360,122,482,3
2021-04-25,Mono,051,14174,1236,1257,13,1270,3
2021-04-25,Monterey,053,433212,42794,42737,1903,44640,379
2021-04-25,Napa,055,140530,9760,9762,32,9794,79
2021-04-25,Nevada,057,99092,4609,4536,193,4729,70
2021-04-25,Orange,059,3164182,253427,252531,11508,264039,4919
2021-04-25,Placer,061,380077,22495,22011,1456,23467,285
2021-04-25,Plumas,063,18699,684,670,11,681,4
2021-04-25,Riverside,065,2383286,289837,286651,14426,301077,4401
2021-04-25,Sacramento,067,1510023,102825,102319,1669,103988,1587
2021-04-25,San Benito,069,59416,6004,6014,115,6129,63
2021-04-25,San Bernardino,071,2135413,290987,290357,9340,299697,4571
2021-04-25,San Diego,073,3302833,276719,275412,14375,289787,3692
2021-04-25,San Francisco,075,870044,36118,36310,1351,37661,532
2021-04-25,San Joaquin,077,732212,71548,70987,3578,74565,1301
2021-04-25,San Luis Obispo,079,281455,20940,20820,749,21569,255
2021-04-25,San Mateo,081,765935,41785,41465,469,41934,356
2021-04-25,Santa Barbara,083,443738,34197,33931,1228,35159,448
2021-04-25,Santa Clara,085,1922200,116867,117778,760,118538,1968
2021-04-25,Santa Cruz,087,273765,16015,15868,867,16735,205
2021-04-25,Shasta,089,179085,11743,11784,1480,13264,192
2021-04-25,Sierra,091,2930,53,51,14,65,0
2021-04-25,Siskiyou,093,43540,1698,1580,309,1889,11
2021-04-25,Solano,095,438530,31966,31864,491,32355,247
2021-04-25,Sonoma,097,501317,29557,29756,315,30071,318
2021-04-25,Stanislaus,099,539301,54669,54543,6024,60567,744
2021-04-25,Sutter,101,95872,9331,9326,87,9413,110
2021-04-25,Tehama,103,63373,4927,4916,574,5490,53
2021-04-25,Trinity,105,12862,408,326,67,393,3
2021-04-25,Tulare,107,460477,49181,48728,9259,57987,831
2021-04-25,Tuolumne,109,53932,4023,4022,36,4058,58
2021-04-25,Ventura,111,848112,80419,80110,3049,83159,999
2021-04-25,Yolo,113,214977,13703,13667,290,13957,205
2021-04-25,Yuba,115,75493,5866,5849,121,5970,44
2021-04-24,Alameda,001,1643700,86278,86016,1972,87988,1257
2021-04-24,Alpine,003,1148,88,86,0,86,0
2021-04-24,Amador,005,37829,3646,3640,34,3674,46
2021-04-24,Butte,007,227075,12015,11678,1814,13492,196
2021-04-24,Calaveras,009,45235,2070,2067,12,2079,50
2021-04-24,Colusa,011,21464,1919,1921,299,2220,14
2021-04-24,Contra Costa,013,1133247,67793,67222,1270,68492,789
2021-04-24,Del Norte,015,27424,1287,1255,11,1266,6
2021-04-24,El Dorado,017,186661,9865,9814,727,10541,106
2021-04-24,Fresno,019,978130,100899,100991,8796,109787,1662
2021-04-24,Glenn,021,27897,2368,2363,555,2918,17
2021-04-24,Humboldt,023,135768,3784,3722,29,3751,35
2021-04-24,Imperial,025,180216,28101,28124,2827,30951,720
2021-04-24,Inyo,027,18085,1395,1396,2,1398,36
2021-04-24,Kern,029,883053,96039,95365,10964,106329,1295
2021-04-24,Kings,031,150075,22811,22749,1153,23902,244
2021-04-24,Lake,033,64148,3444,3426,9,3435,43
2021-04-24,Lassen,035,31185,5158,5137,108,5245,1
2021-04-24,Los Angeles,037,10098052,1195984,1190603,43234,1233837,23802
2021-04-24,Madera,039,155013,16403,16338,944,17282,231
2021-04-24,Marin,041,260295,13856,13847,245,14092,227
2021-04-24,Mariposa,043,17540,415,409,11,420,5
2021-04-24,Mendocino,045,87422,3810,3754,72,3826,46
2021-04-24,Merced,047,269075,30546,30559,992,31551,443
2021-04-24,Modoc,049,8938,367,360,122,482,3
2021-04-24,Mono,051,14174,1236,1256,13,1269,3
2021-04-24,Monterey,053,433212,42782,42727,1902,44629,379
2021-04-24,Napa,055,140530,9754,9756,32,9788,79
2021-04-24,Nevada,057,99092,4602,4522,193,4715,70
2021-04-24,Orange,059,3164182,253383,252441,11502,263943,4910
2021-04-24,Placer,061,380077,22483,21983,1455,23438,285
2021-04-24,Plumas,063,18699,683,670,11,681,4
2021-04-24,Riverside,065,2383286,289769,286552,14422,300974,4400
2021-04-24,Sacramento,067,1510023,102742,102179,1662,103841,1587
2021-04-24,San Benito,069,59416,6002,6007,115,6122,63
2021-04-24,San Bernardino,071,2135413,290939,290264,9338,299602,4568
2021-04-24,San Diego,073,3302833,276615,275252,14355,289607,3688
2021-04-24,San Francisco,075,870044,36089,36285,1347,37632,532
2021-04-24,San Joaquin,077,732212,71505,70911,3574,74485,1301
2021-04-24,San Luis Obispo,079,281455,20930,20797,748,21545,255
2021-04-24,San Mateo,081,765935,41772,41424,467,41891,355
2021-04-24,Santa Barbara,083,443738,34182,33911,1227,35138,448
2021-04-24,Santa Clara,085,1922200,116812,117674,758,118432,1968
2021-04-24,Santa Cruz,087,273765,16007,15840,867,16707,205
2021-04-24,Shasta,089,179085,11725,11770,1477,13247,192
2021-04-24,Sierra,091,2930,53,51,14,65,0
2021-04-24,Siskiyou,093,43540,1688,1574,308,1882,11
2021-04-24,Solano,095,438530,31943,31821,489,32310,247
2021-04-24,Sonoma,097,501317,29555,29739,315,30054,318
2021-04-24,Stanislaus,099,539301,54620,54455,6021,60476,744
2021-04-24,Sutter,101,95872,9328,9316,87,9403,110
2021-04-24,Tehama,103,63373,4922,4907,574,5481,53
2021-04-24,Trinity,105,12862,408,326,67,393,3
2021-04-24,Tulare,107,460477,49170,48705,9249,57954,830
2021-04-24,Tuolumne,109,53932,4019,4020,36,4056,58
2021-04-24,Ventura,111,848112,80406,80097,3047,83144,999
2021-04-24,Yolo,113,214977,13692,13653,290,13943,205
2021-04-24,Yuba,115,75493,5864,5837,121,5958,44
2021-04-23,Alameda,001,1643700,86207,85935,1970,87905,1256
2021-04-23,Alpine,003,1148,87,86,0,86,0
2021-04-23,Amador,005,37829,3645,3637,34,3671,46
2021-04-23,Butte,007,227075,11994,11672,1809,13481,196
2021-04-23,Calaveras,009,45235,2068,2064,12,2076,50
2021-04-23,Colusa,011,21464,1918,1921,299,2220,14
2021-04-23,Contra Costa,013,1133247,67739,67164,1266,68430,785
2021-04-23,Del Norte,015,27424,1286,1254,11,1265,6
2021-04-23,El Dorado,017,186661,9848,9788,724,10512,106
2021-04-23,Fresno,019,978130,100859,100928,8789,109717,1662
2021-04-23,Glenn,021,27897,2368,2361,554,2915,17
2021-04-23,Humboldt,023,135768,3773,3698,29,3727,35
2021-04-23,Imperial,025,180216,28086,28108,2826,30934,720
2021-04-23,Inyo,027,18085,1395,1395,2,1397,36
2021-04-23,Kern,029,883053,96014,95330,10958,106288,1295
2021-04-23,Kings,031,150075,22808,22735,1153,23888,244
2021-04-23,Lake,033,64148,3442,3425,9,3434,43
2021-04-23,Lassen,035,31185,5158,5141,108,5249,1
2021-04-23,Los Angeles,037,10098052,1195722,1190264,43208,1233472,23785
2021-04-23,Madera,039,155013,16394,16328,944,17272,231
2021-04-23,Marin,041,260295,13851,13838,245,14083,227
2021-04-23,Mariposa,043,17540,414,405,11,416,5
2021-04-23,Mendocino,045,87422,3808,3745,71,3816,46
2021-04-23,Merced,047,269075,30528,30530,992,31522,443
2021-04-23,Modoc,049,8938,367,360,122,482,3
2021-04-23,Mono,051,14174,1234,1256,13,1269,3
2021-04-23,Monterey,053,433212,42776,42722,1902,44624,377
2021-04-23,Napa,055,140530,9748,9752,32,9784,79
2021-04-23,Nevada,057,99092,4593,4510,193,4703,70
2021-04-23,Orange,059,3164182,253339,252399,11495,263894,4904
2021-04-23,Placer,061,380077,22460,21959,1454,23413,282
2021-04-23,Plumas,063,18699,682,670,11,681,4
2021-04-23,Riverside,065,2383286,289711,286456,14417,300873,4399
2021-04-23,Sacramento,067,1510023,102655,102041,1659,103700,1586
2021-04-23,San Benito,069,59416,6000,6005,115,6120,63
2021-04-23,San Bernardino,071,2135413,290889,290189,9336,299525,4568
2021-04-23,San Diego,073,3302833,276477,275097,14332,289429,3684
2021-04-23,San Francisco,075,870044,36072,36252,1346,37598,532
2021-04-23,San Joaquin,077,732212,71449,70840,3571,74411,1295
2021-04-23,San Luis Obispo,079,281455,20921,20781,747,21528,255
2021-04-23,San Mateo,081,765935,41745,41386,467,41853,355
2021-04-23,Santa Barbara,083,443738,34172,33895,1225,35120,447
2021-04-23,Santa Clara,085,1922200,116751,117593,757,118350,1965
2021-04-23,Santa Cruz,087,273765,16000,15802,867,16669,205
2021-04-23,Shasta,089,179085,11718,11759,1476,13235,192
2021-04-23,Sierra,091,2930,53,51,14,65,0
2021-04-23,Siskiyou,093,43540,1676,1567,306,1873,11
2021-04-23,Solano,095,438530,31911,31784,485,32269,247
2021-04-23,Sonoma,097,501317,29542,29727,315,30042,318
2021-04-23,Stanislaus,099,539301,54557,54391,6013,60404,744
2021-04-23,Sutter,101,95872,9326,9312,87,9399,110
2021-04-23,Tehama,103,63373,4919,4906,574,5480,53
2021-04-23,Trinity,105,12862,408,326,67,393,3
2021-04-23,Tulare,107,460477,49153,48694,9241,57935,829
2021-04-23,Tuolumne,109,53932,4018,4020,36,4056,58
2021-04-23,Ventura,111,848112,80387,80095,3047,83142,996
2021-04-23,Yolo,113,214977,13681,13647,289,13936,205
2021-04-23,Yuba,115,75493,5861,5828,121,5949,44
2021-04-22,Alameda,001,1643700,86116,85829,1969,87798,1253
2021-04-22,Alpine,003,1148,87,86,0,86,0
2021-04-22,Amador,005,37829,3644,3633,34,3667,46
2021-04-22,Butte,007,227075,11980,11656,1806,13462,196
2021-04-22,Calaveras,009,45235,2066,2059,12,2071,50
2021-04-22,Colusa,011,21464,1916,1920,297,2217,14
2021-04-22,Contra Costa,013,1133247,67667,67029,1260,68289,782
2021-04-22,Del Norte,015,27424,1281,1252,11,1263,6
2021-04-22,El Dorado,017,186661,9837,9773,721,10494,106
2021-04-22,Fresno,019,978130,100815,100864,8778,109642,1657
2021-04-22,Glenn,021,27897,2367,2361,554,2915,17
2021-04-22,Humboldt,023,135768,3764,3680,29,3709,35
2021-04-22,Imperial,025,180216,28064,28096,2823,30919,720
2021-04-22,Inyo,027,18085,1394,1394,2,1396,36
2021-04-22,Kern,029,883053,95971,95292,10943,106235,1299
2021-04-22,Kings,031,150075,22798,22725,1153,23878,243
2021-04-22,Lake,033,64148,3440,3423,9,3432,43
2021-04-22,Lassen,035,31185,5158,5155,108,5263,1
2021-04-22,Los Angeles,037,10098052,1195405,1189878,43185,1233063,23762
2021-04-22,Madera,039,155013,16375,16316,944,17260,231
2021-04-22,Marin,041,260295,13843,13832,245,14077,227
2021-04-22,Mariposa,043,17540,413,403,11,414,5
2021-04-22,Mendocino,045,87422,3802,3729,71,3800,46
2021-04-22,Merced,047,269075,30493,30490,991,31481,443
2021-04-22,Modoc,049,8938,367,360,122,482,3
2021-04-22,Mono,051,14174,1234,1254,13,1267,3
2021-04-22,Monterey,053,433212,42769,42708,1900,44608,377
2021-04-22,Napa,055,140530,9738,9734,32,9766,79
2021-04-22,Nevada,057,99092,4584,4504,191,4695,70
2021-04-22,Orange,059,3164182,253268,252307,11483,263790,4898
2021-04-22,Placer,061,380077,22430,21916,1450,23366,282
2021-04-22,Plumas,063,18699,681,670,11,681,4
2021-04-22,Riverside,065,2383286,289617,286362,14408,300770,4398
2021-04-22,Sacramento,067,1510023,102507,101870,1649,103519,1585
2021-04-22,San Benito,069,59416,5996,5998,115,6113,63
2021-04-22,San Bernardino,071,2135413,290819,290125,9328,299453,4571
2021-04-22,San Diego,073,3302833,276311,275913,14310,290223,3684
2021-04-22,San Francisco,075,870044,36050,36218,1343,37561,532
2021-04-22,San Joaquin,077,732212,71390,70751,3564,74315,1295
2021-04-22,San Luis Obispo,079,281455,20907,20761,747,21508,255
2021-04-22,San Mateo,081,765935,41718,41345,465,41810,355
2021-04-22,Santa Barbara,083,443738,34149,33870,1224,35094,446
2021-04-22,Santa Clara,085,1922200,116663,117457,753,118210,1954
2021-04-22,Santa Cruz,087,273765,15997,15737,866,16603,205
2021-04-22,Shasta,089,179085,11703,11738,1473,13211,192
2021-04-22,Sierra,091,2930,53,51,14,65,0
2021-04-22,Siskiyou,093,43540,1672,1564,305,1869,11
2021-04-22,Solano,095,438530,31865,31731,482,32213,247
2021-04-22,Sonoma,097,501317,29527,29705,311,30016,318
2021-04-22,Stanislaus,099,539301,54484,54313,6007,60320,744
2021-04-22,Sutter,101,95872,9322,9302,87,9389,110
2021-04-22,Tehama,103,63373,4913,4896,570,5466,53
2021-04-22,Trinity,105,12862,408,326,67,393,3
2021-04-22,Tulare,107,460477,49134,48669,9231,57900,828
2021-04-22,Tuolumne,109,53932,4014,4020,36,4056,58
2021-04-22,Ventura,111,848112,80362,80073,3045,83118,996
2021-04-22,Yolo,113,214977,13660,13616,289,13905,205
2021-04-22,Yuba,115,75493,5851,5825,121,5946,44
2021-04-21,Alameda,001,1643700,86035,85762,1967,87729,1249
2021-04-21,Alpine,003,1148,87,86,0,86,0
2021-04-21,Amador,005,37829,3641,3632,34,3666,46
2021-04-21,Butte,007,227075,11960,11643,1804,13447,196
2021-04-21,Calaveras,009,45235,2056,2057,12,2069,50
2021-04-21,Colusa,011,21464,1914,1920,296,2216,14
2021-04-21,Contra Costa,013,1133247,67601,66981,1259,68240,782
2021-04-21,Del Norte,015,27424,1277,1252,11,1263,6
2021-04-21,El Dorado,017,186661,9820,9760,719,10479,106
2021-04-21,Fresno,019,978130,100759,100838,8772,109610,1654
2021-04-21,Glenn,021,27897,2366,2361,554,2915,17
2021-04-21,Humboldt,023,135768,3744,3642,29,3671,35
2021-04-21,Imperial,025,180216,28052,28052,2822,30874,719
2021-04-21,Inyo,027,18085,1394,1392,2,1394,36
2021-04-21,Kern,029,883053,95925,95257,10933,106190,1297
2021-04-21,Kings,031,150075,22791,22713,1152,23865,243
2021-04-21,Lake,033,64148,3437,3421,9,3430,43
2021-04-21,Lassen,035,31185,5157,5156,108,5264,1
2021-04-21,Los Angeles,037,10098052,1195068,1189530,43161,1232691,23729
2021-04-21,Madera,039,155013,16370,16309,944,17253,231
2021-04-21,Marin,041,260295,13828,13822,245,14067,227
2021-04-21,Mariposa,043,17540,412,402,11,413,5
2021-04-21,Mendocino,045,87422,3800,3729,71,3800,46
2021-04-21,Merced,047,269075,30472,30471,990,31461,442
2021-04-21,Modoc,049,8938,367,360,122,482,3
2021-04-21,Mono,051,14174,1234,1254,13,1267,3
2021-04-21,Monterey,053,433212,42754,42699,1898,44597,377
2021-04-21,Napa,055,140530,9732,9727,32,9759,79
2021-04-21,Nevada,057,99092,4570,4499,191,4690,70
2021-04-21,Orange,059,3164182,253193,252243,11470,263713,4889
2021-04-21,Placer,061,380077,22399,21896,1445,23341,282
2021-04-21,Plumas,063,18699,681,670,11,681,4
2021-04-21,Riverside,065,2383286,289525,286299,14401,300700,4388
2021-04-21,Sacramento,067,1510023,102380,101803,1643,103446,1579
2021-04-21,San Benito,069,59416,5993,5998,115,6113,63
2021-04-21,San Bernardino,071,2135413,290745,290049,9326,299375,4572
2021-04-21,San Diego,073,3302833,276102,275632,14272,289904,3681
2021-04-21,San Francisco,075,870044,36030,36194,1342,37536,529
2021-04-21,San Joaquin,077,732212,71336,70687,3553,74240,1295
2021-04-21,San Luis Obispo,079,281455,20892,20724,746,21470,255
2021-04-21,San Mateo,081,765935,41686,41318,464,41782,355
2021-04-21,Santa Barbara,083,443738,34130,33830,1223,35053,445
2021-04-21,Santa Clara,085,1922200,116587,117318,747,118065,1946
2021-04-21,Santa Cruz,087,273765,15988,15698,866,16564,204
2021-04-21,Shasta,089,179085,11684,11722,1471,13193,192
2021-04-21,Sierra,091,2930,53,51,14,65,0
2021-04-21,Siskiyou,093,43540,1665,1557,305,1862,11
2021-04-21,Solano,095,438530,31826,31712,481,32193,244
2021-04-21,Sonoma,097,501317,29515,29697,309,30006,318
2021-04-21,Stanislaus,099,539301,54423,54290,6001,60291,742
2021-04-21,Sutter,101,95872,9314,9297,87,9384,110
2021-04-21,Tehama,103,63373,4906,4893,569,5462,53
2021-04-21,Trinity,105,12862,408,326,67,393,3
2021-04-21,Tulare,107,460477,49119,48653,9218,57871,828
2021-04-21,Tuolumne,109,53932,4011,4019,36,4055,58
2021-04-21,Ventura,111,848112,80330,80039,3042,83081,996
2021-04-21,Yolo,113,214977,13640,13606,288,13894,200
2021-04-21,Yuba,115,75493,5844,5822,120,5942,44
2021-04-20,Alameda,001,1643700,85943,85652,1965,87617,1248
2021-04-20,Alpine,003,1148,86,85,0,85,0
2021-04-20,Amador,005,37829,3640,3631,34,3665,46
2021-04-20,Butte,007,227075,11941,11619,1802,13421,196
2021-04-20,Calaveras,009,45235,2054,2053,12,2065,50
2021-04-20,Colusa,011,21464,1914,1915,295,2210,14
2021-04-20,Contra Costa,013,1133247,67517,66889,1256,68145,782
2021-04-20,Del Norte,015,27424,1276,1250,11,1261,6
2021-04-20,El Dorado,017,186661,9792,9743,717,10460,106
2021-04-20,Fresno,019,978130,100701,100768,8762,109530,1650
2021-04-20,Glenn,021,27897,2364,2359,553,2912,17
2021-04-20,Humboldt,023,135768,3724,3612,29,3641,35
2021-04-20,Imperial,025,180216,28033,28024,2819,30843,719
2021-04-20,Inyo,027,18085,1394,1393,2,1395,36
2021-04-20,Kern,029,883053,95889,95223,10916,106139,1295
2021-04-20,Kings,031,150075,22785,22693,1149,23842,243
2021-04-20,Lake,033,64148,3435,3418,9,3427,43
2021-04-20,Lassen,035,31185,5157,5155,108,5263,1
2021-04-20,Los Angeles,037,10098052,1194725,1189256,43131,1232387,23694
2021-04-20,Madera,039,155013,16364,16301,944,17245,231
2021-04-20,Marin,041,260295,13814,13807,245,14052,227
2021-04-20,Mariposa,043,17540,411,402,11,413,5
2021-04-20,Mendocino,045,87422,3799,3726,71,3797,46
2021-04-20,Merced,047,269075,30444,30439,990,31429,441
2021-04-20,Modoc,049,8938,367,359,122,481,3
2021-04-20,Mono,051,14174,1233,1254,13,1267,3
2021-04-20,Monterey,053,433212,42743,42663,1895,44558,363
2021-04-20,Napa,055,140530,9728,9711,32,9743,79
2021-04-20,Nevada,057,99092,4553,4485,190,4675,70
2021-04-20,Orange,059,3164182,253104,252134,11458,263592,4887
2021-04-20,Placer,061,380077,22365,21846,1441,23287,282
2021-04-20,Plumas,063,18699,680,670,11,681,4
2021-04-20,Riverside,065,2383286,289432,286194,14395,300589,4388
2021-04-20,Sacramento,067,1510023,102242,101629,1635,103264,1574
2021-04-20,San Benito,069,59416,5990,5988,115,6103,63
2021-04-20,San Bernardino,071,2135413,290666,289905,9323,299228,4569
2021-04-20,San Diego,073,3302833,275872,275369,14239,289608,3674
2021-04-20,San Francisco,075,870044,36011,36117,1341,37458,529
2021-04-20,San Joaquin,077,732212,71263,70590,3544,74134,1289
2021-04-20,San Luis Obispo,079,281455,20869,20691,738,21429,254
2021-04-20,San Mateo,081,765935,41655,41251,464,41715,355
2021-04-20,Santa Barbara,083,443738,34112,33803,1223,35026,445
2021-04-20,Santa Clara,085,1922200,116490,117228,742,117970,1944
2021-04-20,Santa Cruz,087,273765,15976,15647,866,16513,204
2021-04-20,Shasta,089,179085,11668,11677,1468,13145,189
2021-04-20,Sierra,091,2930,53,51,14,65,0
2021-04-20,Siskiyou,093,43540,1657,1551,304,1855,10
2021-04-20,Solano,095,438530,31771,31673,477,32150,243
2021-04-20,Sonoma,097,501317,29506,29676,307,29983,311
2021-04-20,Stanislaus,099,539301,54358,54236,5988,60224,735
2021-04-20,Sutter,101,95872,9310,9279,87,9366,109
2021-04-20,Tehama,103,63373,4901,4887,568,5455,52
2021-04-20,Trinity,105,12862,408,326,67,393,3
2021-04-20,Tulare,107,460477,49099,48650,9207,57857,831
2021-04-20,Tuolumne,109,53932,4011,4014,36,4050,58
2021-04-20,Ventura,111,848112,80302,80018,3040,83058,995
2021-04-20,Yolo,113,214977,13621,13581,286,13867,200
2021-04-20,Yuba,115,75493,5834,5814,120,5934,44
2021-04-19,Alameda,001,1643700,85821,85583,1962,87545,1247
2021-04-19,Alpine,003,1148,86,85,0,85,0
2021-04-19,Amador,005,37829,3639,3629,34,3663,46
2021-04-19,Butte,007,227075,11922,11601,1797,13398,196
2021-04-19,Calaveras,009,45235,2051,2050,12,2062,50
2021-04-19,Colusa,011,21464,1914,1913,294,2207,14
2021-04-19,Contra Costa,013,1133247,67440,66833,1253,68086,782
2021-04-19,Del Norte,015,27424,1274,1247,11,1258,6
2021-04-19,El Dorado,017,186661,9776,9726,712,10438,106
2021-04-19,Fresno,019,978130,100633,100702,8750,109452,1646
2021-04-19,Glenn,021,27897,2364,2358,552,2910,17
2021-04-19,Humboldt,023,135768,3704,3602,27,3629,35
2021-04-19,Imperial,025,180216,28012,27995,2819,30814,719
2021-04-19,Inyo,027,18085,1394,1392,2,1394,36
2021-04-19,Kern,029,883053,95859,95162,10901,106063,1290
2021-04-19,Kings,031,150075,22769,22688,1149,23837,243
2021-04-19,Lake,033,64148,3434,3416,9,3425,43
2021-04-19,Lassen,035,31185,5156,5156,108,5264,1
2021-04-19,Los Angeles,037,10098052,1194350,1188945,43104,1232049,23666
2021-04-19,Madera,039,155013,16353,16289,943,17232,231
2021-04-19,Marin,041,260295,13803,13804,244,14048,226
2021-04-19,Mariposa,043,17540,410,401,11,412,5
2021-04-19,Mendocino,045,87422,3797,3722,71,3793,46
2021-04-19,Merced,047,269075,30415,30422,989,31411,441
2021-04-19,Modoc,049,8938,367,359,122,481,3
2021-04-19,Mono,051,14174,1232,1254,13,1267,3
2021-04-19,Monterey,053,433212,42730,42642,1890,44532,356
2021-04-19,Napa,055,140530,9720,9680,32,9712,79
2021-04-19,Nevada,057,99092,4537,4477,190,4667,70
2021-04-19,Orange,059,3164182,252986,252013,11444,263457,4883
2021-04-19,Placer,061,380077,22342,21814,1437,23251,282
2021-04-19,Plumas,063,18699,680,665,11,676,4
2021-04-19,Riverside,065,2383286,289340,286087,14385,300472,4371
2021-04-19,Sacramento,067,1510023,102108,101482,1624,103106,1572
2021-04-19,San Benito,069,59416,5982,5989,115,6104,63
2021-04-19,San Bernardino,071,2135413,290581,289738,9316,299054,4561
2021-04-19,San Diego,073,3302833,275624,275113,14206,289319,3674
2021-04-19,San Francisco,075,870044,35976,36094,1338,37432,529
2021-04-19,San Joaquin,077,732212,71184,70514,3536,74050,1289
2021-04-19,San Luis Obispo,079,281455,20843,20669,732,21401,254
2021-04-19,San Mateo,081,765935,41622,41226,463,41689,355
2021-04-19,Santa Barbara,083,443738,34098,33786,1223,35009,446
2021-04-19,Santa Clara,085,1922200,116379,117099,738,117837,1944
2021-04-19,Santa Cruz,087,273765,15964,15600,866,16466,204
2021-04-19,Shasta,089,179085,11653,11662,1460,13122,189
2021-04-19,Sierra,091,2930,53,51,14,65,0
2021-04-19,Siskiyou,093,43540,1647,1544,304,1848,10
2021-04-19,Solano,095,438530,31733,31643,472,32115,239
2021-04-19,Sonoma,097,501317,29487,29667,307,29974,311
2021-04-19,Stanislaus,099,539301,54282,54179,5984,60163,728
2021-04-19,Sutter,101,95872,9299,9269,87,9356,109
2021-04-19,Tehama,103,63373,4896,4878,568,5446,52
2021-04-19,Trinity,105,12862,408,326,67,393,3
2021-04-19,Tulare,107,460477,49083,48630,9194,57824,831
2021-04-19,Tuolumne,109,53932,4010,4010,36,4046,58
2021-04-19,Ventura,111,848112,80276,80000,3038,83038,996
2021-04-19,Yolo,113,214977,13609,13572,283,13855,200
2021-04-19,Yuba,115,75493,5827,5804,119,5923,44
2021-04-18,Alameda,001,1643700,85707,85481,1954,87435,1247
2021-04-18,Alpine,003,1148,86,85,0,85,0
2021-04-18,Amador,005,37829,3636,3627,34,3661,46
2021-04-18,Butte,007,227075,11904,11591,1792,13383,196
2021-04-18,Calaveras,009,45235,2047,2047,12,2059,50
2021-04-18,Colusa,011,21464,1910,1912,293,2205,14
2021-04-18,Contra Costa,013,1133247,67336,66750,1248,67998,782
2021-04-18,Del Norte,015,27424,1274,1240,11,1251,6
2021-04-18,El Dorado,017,186661,9753,9710,710,10420,106
2021-04-18,Fresno,019,978130,100576,100621,8744,109365,1646
2021-04-18,Glenn,021,27897,2359,2358,552,2910,17
2021-04-18,Humboldt,023,135768,3676,3590,27,3617,35
2021-04-18,Imperial,025,180216,27997,27991,2814,30805,719
2021-04-18,Inyo,027,18085,1393,1392,2,1394,36
2021-04-18,Kern,029,883053,95824,95129,10884,106013,1290
2021-04-18,Kings,031,150075,22760,22685,1149,23834,243
2021-04-18,Lake,033,64148,3433,3413,9,3422,43
2021-04-18,Lassen,035,31185,5153,5156,108,5264,1
2021-04-18,Los Angeles,037,10098052,1193897,1188620,43077,1231697,23648
2021-04-18,Madera,039,155013,16342,16277,942,17219,231
2021-04-18,Marin,041,260295,13796,13801,243,14044,226
2021-04-18,Mariposa,043,17540,409,400,10,410,5
2021-04-18,Mendocino,045,87422,3794,3722,71,3793,46
2021-04-18,Merced,047,269075,30378,30405,987,31392,441
2021-04-18,Modoc,049,8938,367,359,122,481,3
2021-04-18,Mono,051,14174,1232,1254,13,1267,3
2021-04-18,Monterey,053,433212,42718,42638,1889,44527,356
2021-04-18,Napa,055,140530,9704,9674,32,9706,79
2021-04-18,Nevada,057,99092,4522,4464,190,4654,70
2021-04-18,Orange,059,3164182,252871,251940,11436,263376,4883
2021-04-18,Placer,061,380077,22299,21783,1430,23213,282
2021-04-18,Plumas,063,18699,679,665,11,676,4
2021-04-18,Riverside,065,2383286,289251,286043,14380,300423,4371
2021-04-18,Sacramento,067,1510023,101933,101354,1618,102972,1572
2021-04-18,San Benito,069,59416,5980,5989,115,6104,63
2021-04-18,San Bernardino,071,2135413,290488,289691,9307,298998,4556
2021-04-18,San Diego,073,3302833,275345,274961,14171,289132,3674
2021-04-18,San Francisco,075,870044,35941,36073,1334,37407,525
2021-04-18,San Joaquin,077,732212,71103,70466,3527,73993,1289
2021-04-18,San Luis Obispo,079,281455,20822,20656,725,21381,254
2021-04-18,San Mateo,081,765935,41593,41201,462,41663,352
2021-04-18,Santa Barbara,083,443738,34064,33769,1222,34991,446
2021-04-18,Santa Clara,085,1922200,116250,116996,722,117718,1944
2021-04-18,Santa Cruz,087,273765,15954,15580,865,16445,204
2021-04-18,Shasta,089,179085,11632,11658,1457,13115,189
2021-04-18,Sierra,091,2930,53,51,14,65,0
2021-04-18,Siskiyou,093,43540,1636,1538,302,1840,10
2021-04-18,Solano,095,438530,31683,31606,471,32077,239
2021-04-18,Sonoma,097,501317,29471,29660,305,29965,311
2021-04-18,Stanislaus,099,539301,54202,54132,5975,60107,728
2021-04-18,Sutter,101,95872,9285,9261,87,9348,109
2021-04-18,Tehama,103,63373,4887,4877,567,5444,52
2021-04-18,Trinity,105,12862,408,326,67,393,3
2021-04-18,Tulare,107,460477,49071,48618,9188,57806,829
2021-04-18,Tuolumne,109,53932,4009,4008,35,4043,58
2021-04-18,Ventura,111,848112,80246,79984,3034,83018,996
2021-04-18,Yolo,113,214977,13597,13562,281,13843,200
2021-04-18,Yuba,115,75493,5820,5804,119,5923,44
2021-04-17,Alameda,001,1643700,85634,85367,1950,87317,1247
2021-04-17,Alpine,003,1148,86,85,0,85,0
2021-04-17,Amador,005,37829,3634,3625,34,3659,46
2021-04-17,Butte,007,227075,11884,11573,1788,13361,196
2021-04-17,Calaveras,009,45235,2044,2045,12,2057,50
2021-04-17,Colusa,011,21464,1910,1912,293,2205,14
2021-04-17,Contra Costa,013,1133247,67288,66657,1240,67897,782
2021-04-17,Del Norte,015,27424,1274,1238,11,1249,6
2021-04-17,El Dorado,017,186661,9738,9692,707,10399,106
2021-04-17,Fresno,019,978130,100544,100562,8737,109299,1646
2021-04-17,Glenn,021,27897,2359,2357,552,2909,17
2021-04-17,Humboldt,023,135768,3653,3579,27,3606,35
2021-04-17,Imperial,025,180216,27986,27987,2813,30800,719
2021-04-17,Inyo,027,18085,1390,1392,2,1394,36
2021-04-17,Kern,029,883053,95806,95102,10880,105982,1290
2021-04-17,Kings,031,150075,22755,22678,1148,23826,243
2021-04-17,Lake,033,64148,3432,3409,9,3418,43
2021-04-17,Lassen,035,31185,5153,5154,108,5262,1
2021-04-17,Los Angeles,037,10098052,1193642,1188262,43044,1231306,23653
2021-04-17,Madera,039,155013,16338,16260,941,17201,231
2021-04-17,Marin,041,260295,13792,13797,242,14039,226
2021-04-17,Mariposa,043,17540,408,398,10,408,5
2021-04-17,Mendocino,045,87422,3791,3721,71,3792,46
2021-04-17,Merced,047,269075,30363,30392,985,31377,441
2021-04-17,Modoc,049,8938,367,357,122,479,3
2021-04-17,Mono,051,14174,1232,1253,13,1266,3
2021-04-17,Monterey,053,433212,42709,42630,1887,44517,356
2021-04-17,Napa,055,140530,9700,9666,32,9698,79
2021-04-17,Nevada,057,99092,4514,4457,190,4647,70
2021-04-17,Orange,059,3164182,252802,251873,11424,263297,4878
2021-04-17,Placer,061,380077,22276,21736,1425,23161,282
2021-04-17,Plumas,063,18699,678,666,11,677,4
2021-04-17,Riverside,065,2383286,289182,285963,14372,300335,4371
2021-04-17,Sacramento,067,1510023,101824,101172,1606,102778,1572
2021-04-17,San Benito,069,59416,5974,5986,115,6101,63
2021-04-17,San Bernardino,071,2135413,290433,289624,9304,298928,4555
2021-04-17,San Diego,073,3302833,275198,274812,14137,288949,3674
2021-04-17,San Francisco,075,870044,35920,36032,1331,37363,523
2021-04-17,San Joaquin,077,732212,71063,70372,3517,73889,1288
2021-04-17,San Luis Obispo,079,281455,20810,20642,721,21363,254
2021-04-17,San Mateo,081,765935,41570,41157,462,41619,352
2021-04-17,Santa Barbara,083,443738,34033,33738,1220,34958,446
2021-04-17,Santa Clara,085,1922200,116159,116887,719,117606,1944
2021-04-17,Santa Cruz,087,273765,15948,15571,865,16436,204
2021-04-17,Shasta,089,179085,11617,11647,1456,13103,189
2021-04-17,Sierra,091,2930,53,51,14,65,0
2021-04-17,Siskiyou,093,43540,1631,1539,301,1840,10
2021-04-17,Solano,095,438530,31652,31541,468,32009,239
2021-04-17,Sonoma,097,501317,29464,29637,305,29942,311
2021-04-17,Stanislaus,099,539301,54165,54058,5970,60028,728
2021-04-17,Sutter,101,95872,9279,9252,87,9339,109
2021-04-17,Tehama,103,63373,4881,4875,566,5441,52
2021-04-17,Trinity,105,12862,408,326,67,393,3
2021-04-17,Tulare,107,460477,49059,48603,9184,57787,829
2021-04-17,Tuolumne,109,53932,4007,4005,35,4040,58
2021-04-17,Ventura,111,848112,80226,79964,3034,82998,996
2021-04-17,Yolo,113,214977,13587,13580,281,13861,200
2021-04-17,Yuba,115,75493,5815,5802,118,5920,44
2021-04-16,Alameda,001,1643700,85554,85243,1948,87191,1245
2021-04-16,Alpine,003,1148,86,85,0,85,0
2021-04-16,Amador,005,37829,3629,3621,34,3655,46
2021-04-16,Butte,007,227075,11872,11549,1786,13335,196
2021-04-16,Calaveras,009,45235,2042,2042,12,2054,50
2021-04-16,Colusa,011,21464,1908,1911,293,2204,14
2021-04-16,Contra Costa,013,1133247,67233,66569,1237,67806,782
2021-04-16,Del Norte,015,27424,1273,1237,11,1248,6
2021-04-16,El Dorado,017,186661,9718,9665,703,10368,106
2021-04-16,Fresno,019,978130,100495,100500,8730,109230,1643
2021-04-16,Glenn,021,27897,2359,2355,552,2907,17
2021-04-16,Humboldt,023,135768,3632,3570,26,3596,35
2021-04-16,Imperial,025,180216,27976,27962,2812,30774,719
2021-04-16,Inyo,027,18085,1390,1392,2,1394,36
2021-04-16,Kern,029,883053,95777,95066,10877,105943,1288
2021-04-16,Kings,031,150075,22752,22667,1146,23813,243
2021-04-16,Lake,033,64148,3426,3406,9,3415,43
2021-04-16,Lassen,035,31185,5152,5155,108,5263,1
2021-04-16,Los Angeles,037,10098052,1193344,1187818,43005,1230823,23627
2021-04-16,Madera,039,155013,16333,16250,939,17189,231
2021-04-16,Marin,041,260295,13789,13788,242,14030,226
2021-04-16,Mariposa,043,17540,407,396,9,405,5
2021-04-16,Mendocino,045,87422,3789,3719,71,3790,46
2021-04-16,Merced,047,269075,30348,30355,985,31340,438
2021-04-16,Modoc,049,8938,367,355,122,477,3
2021-04-16,Mono,051,14174,1232,1253,13,1266,3
2021-04-16,Monterey,053,433212,42698,42620,1885,44505,351
2021-04-16,Napa,055,140530,9692,9653,32,9685,79
2021-04-16,Nevada,057,99092,4505,4443,190,4633,70
2021-04-16,Orange,059,3164182,252739,251770,11415,263185,4873
2021-04-16,Placer,061,380077,22249,21680,1419,23099,282
2021-04-16,Plumas,063,18699,677,665,11,676,4
2021-04-16,Riverside,065,2383286,289106,285818,14370,300188,4369
2021-04-16,Sacramento,067,1510023,101728,100993,1601,102594,1572
2021-04-16,San Benito,069,59416,5972,5982,115,6097,63
2021-04-16,San Bernardino,071,2135413,290386,289424,9302,298726,4550
2021-04-16,San Diego,073,3302833,275044,274567,14119,288686,3662
2021-04-16,San Francisco,075,870044,35895,35993,1327,37320,517
2021-04-16,San Joaquin,077,732212,70996,70280,3509,73789,1288
2021-04-16,San Luis Obispo,079,281455,20798,20623,720,21343,253
2021-04-16,San Mateo,081,765935,41541,41107,461,41568,352
2021-04-16,Santa Barbara,083,443738,34015,33703,1220,34923,446
2021-04-16,Santa Clara,085,1922200,116059,116693,716,117409,1941
2021-04-16,Santa Cruz,087,273765,15946,15539,865,16404,204
2021-04-16,Shasta,089,179085,11605,11623,1454,13077,189
2021-04-16,Sierra,091,2930,53,51,14,65,0
2021-04-16,Siskiyou,093,43540,1627,1530,299,1829,10
2021-04-16,Solano,095,438530,31613,31470,465,31935,239
2021-04-16,Sonoma,097,501317,29453,29617,305,29922,311
2021-04-16,Stanislaus,099,539301,54117,53983,5968,59951,728
2021-04-16,Sutter,101,95872,9273,9247,87,9334,109
2021-04-16,Tehama,103,63373,4880,4866,566,5432,52
2021-04-16,Trinity,105,12862,408,326,67,393,3
2021-04-16,Tulare,107,460477,49048,48583,9181,57764,830
2021-04-16,Tuolumne,109,53932,4004,4005,35,4040,58
2021-04-16,Ventura,111,848112,80201,79942,3029,82971,994
2021-04-16,Yolo,113,214977,13574,13559,279,13838,198
2021-04-16,Yuba,115,75493,5812,5795,117,5912,44
2021-04-15,Alameda,001,1643700,85448,85089,1946,87035,1246
2021-04-15,Alpine,003,1148,86,85,0,85,0
2021-04-15,Amador,005,37829,3628,3616,34,3650,46
2021-04-15,Butte,007,227075,11857,11529,1782,13311,196
2021-04-15,Calaveras,009,45235,2041,2039,12,2051,50
2021-04-15,Colusa,011,21464,1906,1909,292,2201,14
2021-04-15,Contra Costa,013,1133247,67159,66480,1233,67713,781
2021-04-15,Del Norte,015,27424,1266,1235,11,1246,6
2021-04-15,El Dorado,017,186661,9705,9639,701,10340,106
2021-04-15,Fresno,019,978130,100436,100431,8723,109154,1642
2021-04-15,Glenn,021,27897,2359,2354,552,2906,17
2021-04-15,Humboldt,023,135768,3610,3561,26,3587,35
2021-04-15,Imperial,025,180216,27948,27920,2809,30729,718
2021-04-15,Inyo,027,18085,1390,1393,2,1395,36
2021-04-15,Kern,029,883053,95745,94989,10862,105851,1289
2021-04-15,Kings,031,150075,22738,22648,1146,23794,242
2021-04-15,Lake,033,64148,3425,3399,9,3408,43
2021-04-15,Lassen,035,31185,5151,5152,108,5260,1
2021-04-15,Los Angeles,037,10098052,1192950,1187274,42965,1230239,23598
2021-04-15,Madera,039,155013,16318,16234,939,17173,231
2021-04-15,Marin,041,260295,13785,13783,241,14024,226
2021-04-15,Mariposa,043,17540,405,395,9,404,5
2021-04-15,Mendocino,045,87422,3788,3714,71,3785,46
2021-04-15,Merced,047,269075,30322,30325,984,31309,437
2021-04-15,Modoc,049,8938,367,355,122,477,3
2021-04-15,Mono,051,14174,1231,1253,13,1266,3
2021-04-15,Monterey,053,433212,42688,42604,1883,44487,347
2021-04-15,Napa,055,140530,9684,9645,32,9677,79
2021-04-15,Nevada,057,99092,4493,4434,189,4623,70
2021-04-15,Orange,059,3164182,252644,251679,11402,263081,4857
2021-04-15,Placer,061,380077,22219,21614,1412,23026,281
2021-04-15,Plumas,063,18699,675,665,11,676,4
2021-04-15,Riverside,065,2383286,289007,285698,14363,300061,4363
2021-04-15,Sacramento,067,1510023,101598,100782,1587,102369,1570
2021-04-15,San Benito,069,59416,5969,5969,114,6083,63
2021-04-15,San Bernardino,071,2135413,290298,289288,9295,298583,4544
2021-04-15,San Diego,073,3302833,274798,274250,14060,288310,3653
2021-04-15,San Francisco,075,870044,35877,35947,1324,37271,510
2021-04-15,San Joaquin,077,732212,70915,70189,3501,73690,1288
2021-04-15,San Luis Obispo,079,281455,20782,20591,717,21308,253
2021-04-15,San Mateo,081,765935,41502,41050,460,41510,352
2021-04-15,Santa Barbara,083,443738,33997,33672,1216,34888,446
2021-04-15,Santa Clara,085,1922200,115953,116602,712,117314,1927
2021-04-15,Santa Cruz,087,273765,15936,15509,865,16374,203
2021-04-15,Shasta,089,179085,11591,11597,1450,13047,191
2021-04-15,Sierra,091,2930,53,51,14,65,0
2021-04-15,Siskiyou,093,43540,1621,1524,299,1823,10
2021-04-15,Solano,095,438530,31575,31394,464,31858,239
2021-04-15,Sonoma,097,501317,29439,29587,305,29892,311
2021-04-15,Stanislaus,099,539301,54063,53918,5960,59878,728
2021-04-15,Sutter,101,95872,9266,9237,87,9324,109
2021-04-15,Tehama,103,63373,4878,4854,565,5419,52
2021-04-15,Trinity,105,12862,408,326,67,393,3
2021-04-15,Tulare,107,460477,49027,48556,9181,57737,829
2021-04-15,Tuolumne,109,53932,4004,4003,35,4038,57
2021-04-15,Ventura,111,848112,80182,79917,3027,82944,989
2021-04-15,Yolo,113,214977,13555,13547,277,13824,198
2021-04-15,Yuba,115,75493,5809,5788,117,5905,44
2021-04-14,Alameda,001,1643700,85350,85009,1945,86954,1247
2021-04-14,Alpine,003,1148,86,85,0,85,0
2021-04-14,Amador,005,37829,3627,3613,34,3647,46
2021-04-14,Butte,007,227075,11844,11513,1781,13294,196
2021-04-14,Calaveras,009,45235,2039,2037,12,2049,50
2021-04-14,Colusa,011,21464,1906,1905,292,2197,14
2021-04-14,Contra Costa,013,1133247,67073,66400,1227,67627,781
2021-04-14,Del Norte,015,27424,1266,1228,11,1239,6
2021-04-14,El Dorado,017,186661,9690,9625,696,10321,106
2021-04-14,Fresno,019,978130,100379,100376,8710,109086,1640
2021-04-14,Glenn,021,27897,2359,2353,552,2905,17
2021-04-14,Humboldt,023,135768,3589,3551,25,3576,35
2021-04-14,Imperial,025,180216,27927,27907,2806,30713,718
2021-04-14,Inyo,027,18085,1390,1392,2,1394,36
2021-04-14,Kern,029,883053,95720,94947,10855,105802,1287
2021-04-14,Kings,031,150075,22729,22641,1144,23785,243
2021-04-14,Lake,033,64148,3420,3396,9,3405,43
2021-04-14,Lassen,035,31185,5150,5151,108,5259,1
2021-04-14,Los Angeles,037,10098052,1192555,1186821,42917,1229738,23579
2021-04-14,Madera,039,155013,16309,16218,939,17157,231
2021-04-14,Marin,041,260295,13783,13768,240,14008,226
2021-04-14,Mariposa,043,17540,404,394,9,403,5
2021-04-14,Mendocino,045,87422,3783,3711,71,3782,46
2021-04-14,Merced,047,269075,30304,30296,984,31280,436
2021-04-14,Modoc,049,8938,367,355,122,477,3
2021-04-14,Mono,051,14174,1231,1252,13,1265,3
2021-04-14,Monterey,053,433212,42672,42595,1879,44474,347
2021-04-14,Napa,055,140530,9673,9643,32,9675,79
2021-04-14,Nevada,057,99092,4486,4421,189,4610,70
2021-04-14,Orange,059,3164182,252538,251568,11382,262950,4849
2021-04-14,Placer,061,380077,22186,21575,1411,22986,280
2021-04-14,Plumas,063,18699,675,665,11,676,4
2021-04-14,Riverside,065,2383286,288899,285583,14357,299940,4358
2021-04-14,Sacramento,067,1510023,101423,100645,1573,102218,1570
2021-04-14,San Benito,069,59416,5967,5960,114,6074,62
2021-04-14,San Bernardino,071,2135413,290231,289078,9292,298370,4523
2021-04-14,San Diego,073,3302833,274587,273969,14031,288000,3648
2021-04-14,San Francisco,075,870044,35839,35898,1323,37221,510
2021-04-14,San Joaquin,077,732212,70845,70095,3495,73590,1288
2021-04-14,San Luis Obispo,079,281455,20759,20561,707,21268,253
2021-04-14,San Mateo,081,765935,41462,40982,457,41439,352
2021-04-14,Santa Barbara,083,443738,33968,33650,1216,34866,445
2021-04-14,Santa Clara,085,1922200,115836,116488,709,117197,1922
2021-04-14,Santa Cruz,087,273765,15926,15481,865,16346,203
2021-04-14,Shasta,089,179085,11565,11581,1448,13029,190
2021-04-14,Sierra,091,2930,53,51,14,65,0
2021-04-14,Siskiyou,093,43540,1613,1518,298,1816,10
2021-04-14,Solano,095,438530,31523,31357,456,31813,239
2021-04-14,Sonoma,097,501317,29431,29572,303,29875,311
2021-04-14,Stanislaus,099,539301,53992,53836,5951,59787,727
2021-04-14,Sutter,101,95872,9258,9230,87,9317,106
2021-04-14,Tehama,103,63373,4873,4853,563,5416,52
2021-04-14,Trinity,105,12862,408,326,67,393,3
2021-04-14,Tulare,107,460477,49001,48527,9178,57705,827
2021-04-14,Tuolumne,109,53932,4003,3997,35,4032,57
2021-04-14,Ventura,111,848112,80146,79891,3025,82916,986
2021-04-14,Yolo,113,214977,13539,13530,275,13805,198
2021-04-14,Yuba,115,75493,5807,5778,117,5895,44
2021-04-13,Alameda,001,1643700,85244,84921,1940,86861,1239
2021-04-13,Alpine,003,1148,86,85,0,85,0
2021-04-13,Amador,005,37829,3624,3609,34,3643,46
2021-04-13,Butte,007,227075,11826,11497,1778,13275,196
2021-04-13,Calaveras,009,45235,2037,2035,12,2047,50
2021-04-13,Colusa,011,21464,1904,1905,290,2195,14
2021-04-13,Contra Costa,013,1133247,66983,66304,1227,67531,778
2021-04-13,Del Norte,015,27424,1261,1221,11,1232,6
2021-04-13,El Dorado,017,186661,9664,9609,694,10303,106
2021-04-13,Fresno,019,978130,100299,100357,8704,109061,1636
2021-04-13,Glenn,021,27897,2358,2351,552,2903,17
2021-04-13,Humboldt,023,135768,3572,3540,25,3565,35
2021-04-13,Imperial,025,180216,27909,27887,2797,30684,718
2021-04-13,Inyo,027,18085,1390,1391,2,1393,36
2021-04-13,Kern,029,883053,95676,94908,10843,105751,1285
2021-04-13,Kings,031,150075,22713,22636,1143,23779,243
2021-04-13,Lake,033,64148,3417,3390,9,3399,43
2021-04-13,Lassen,035,31185,5149,5147,108,5255,1
2021-04-13,Los Angeles,037,10098052,1192106,1186482,42871,1229353,23526
2021-04-13,Madera,039,155013,16299,16207,937,17144,231
2021-04-13,Marin,041,260295,13775,13760,239,13999,224
2021-04-13,Mariposa,043,17540,403,394,6,400,5
2021-04-13,Mendocino,045,87422,3777,3702,71,3773,46
2021-04-13,Merced,047,269075,30273,30276,982,31258,435
2021-04-13,Modoc,049,8938,367,355,122,477,3
2021-04-13,Mono,051,14174,1231,1251,13,1264,3
2021-04-13,Monterey,053,433212,42661,42577,1879,44456,347
2021-04-13,Napa,055,140530,9663,9627,32,9659,79
2021-04-13,Nevada,057,99092,4474,4415,189,4604,69
2021-04-13,Orange,059,3164182,252442,251491,11364,262855,4836
2021-04-13,Placer,061,380077,22149,21534,1408,22942,280
2021-04-13,Plumas,063,18699,674,665,11,676,4
2021-04-13,Riverside,065,2383286,288781,285505,14350,299855,4348
2021-04-13,Sacramento,067,1510023,101249,100551,1568,102119,1569
2021-04-13,San Benito,069,59416,5964,5946,114,6060,62
2021-04-13,San Bernardino,071,2135413,290116,288929,9286,298215,4521
2021-04-13,San Diego,073,3302833,274333,273709,13996,287705,3623
2021-04-13,San Francisco,075,870044,35803,35869,1319,37188,506
2021-04-13,San Joaquin,077,732212,70737,70034,3487,73521,1288
2021-04-13,San Luis Obispo,079,281455,20732,20536,697,21233,253
2021-04-13,San Mateo,081,765935,41417,40955,457,41412,353
2021-04-13,Santa Barbara,083,443738,33946,33613,1213,34826,444
2021-04-13,Santa Clara,085,1922200,115707,116363,707,117070,1923
2021-04-13,Santa Cruz,087,273765,15919,15449,865,16314,203
2021-04-13,Shasta,089,179085,11545,11536,1445,12981,189
2021-04-13,Sierra,091,2930,53,51,14,65,0
2021-04-13,Siskiyou,093,43540,1605,1511,294,1805,10
2021-04-13,Solano,095,438530,31475,31335,452,31787,239
2021-04-13,Sonoma,097,501317,29423,29544,302,29846,311
2021-04-13,Stanislaus,099,539301,53920,53797,5941,59738,722
2021-04-13,Sutter,101,95872,9254,9226,87,9313,106
2021-04-13,Tehama,103,63373,4866,4850,560,5410,52
2021-04-13,Trinity,105,12862,408,326,67,393,3
2021-04-13,Tulare,107,460477,48989,48511,9174,57685,825
2021-04-13,Tuolumne,109,53932,4001,3995,35,4030,57
2021-04-13,Ventura,111,848112,80114,79854,3023,82877,986
2021-04-13,Yolo,113,214977,13527,13516,274,13790,198
2021-04-13,Yuba,115,75493,5798,5776,117,5893,44
2021-04-12,Alameda,001,1643700,85142,84817,1938,86755,1238
2021-04-12,Alpine,003,1148,86,85,0,85,0
2021-04-12,Amador,005,37829,3623,3607,34,3641,46
2021-04-12,Butte,007,227075,11811,11488,1774,13262,193
2021-04-12,Calaveras,009,45235,2036,2033,12,2045,50
2021-04-12,Colusa,011,21464,1902,1904,288,2192,14
2021-04-12,Contra Costa,013,1133247,66902,66176,1227,67403,777
2021-04-12,Del Norte,015,27424,1258,1216,11,1227,6
2021-04-12,El Dorado,017,186661,9647,9588,692,10280,106
2021-04-12,Fresno,019,978130,100238,100277,8680,108957,1633
2021-04-12,Glenn,021,27897,2357,2349,552,2901,17
2021-04-12,Humboldt,023,135768,3558,3533,24,3557,35
2021-04-12,Imperial,025,180216,27879,27851,2792,30643,717
2021-04-12,Inyo,027,18085,1390,1390,2,1392,36
2021-04-12,Kern,029,883053,95640,94861,10831,105692,1283
2021-04-12,Kings,031,150075,22705,22621,1142,23763,241
2021-04-12,Lake,033,64148,3413,3380,9,3389,43
2021-04-12,Lassen,035,31185,5148,5147,108,5255,1
2021-04-12,Los Angeles,037,10098052,1191610,1186145,42829,1228974,23505
2021-04-12,Madera,039,155013,16288,16174,934,17108,231
2021-04-12,Marin,041,260295,13763,13751,236,13987,224
2021-04-12,Mariposa,043,17540,402,394,6,400,5
2021-04-12,Mendocino,045,87422,3776,3699,71,3770,46
2021-04-12,Merced,047,269075,30241,30261,980,31241,435
2021-04-12,Modoc,049,8938,365,352,122,474,3
2021-04-12,Mono,051,14174,1231,1251,13,1264,3
2021-04-12,Monterey,053,433212,42647,42555,1877,44432,346
2021-04-12,Napa,055,140530,9649,9603,32,9635,80
2021-04-12,Nevada,057,99092,4463,4408,189,4597,69
2021-04-12,Orange,059,3164182,252356,251350,11343,262693,4826
2021-04-12,Placer,061,380077,22101,21475,1403,22878,278
2021-04-12,Plumas,063,18699,672,666,11,677,4
2021-04-12,Riverside,065,2383286,288674,285361,14344,299705,4336
2021-04-12,Sacramento,067,1510023,101074,100394,1563,101957,1566
2021-04-12,San Benito,069,59416,5956,5942,113,6055,62
2021-04-12,San Bernardino,071,2135413,290009,288736,9274,298010,4493
2021-04-12,San Diego,073,3302833,274073,273431,13967,287398,3621
2021-04-12,San Francisco,075,870044,35770,35841,1317,37158,506
2021-04-12,San Joaquin,077,732212,70666,69968,3478,73446,1288
2021-04-12,San Luis Obispo,079,281455,20688,20515,683,21198,253
2021-04-12,San Mateo,081,765935,41375,40920,453,41373,353
2021-04-12,Santa Barbara,083,443738,33915,33606,1213,34819,444
2021-04-12,Santa Clara,085,1922200,115579,116252,705,116957,1923
2021-04-12,Santa Cruz,087,273765,15900,15406,865,16271,203
2021-04-12,Shasta,089,179085,11528,11509,1441,12950,189
2021-04-12,Sierra,091,2930,53,51,14,65,0
2021-04-12,Siskiyou,093,43540,1594,1511,292,1803,7
2021-04-12,Solano,095,438530,31434,31305,449,31754,238
2021-04-12,Sonoma,097,501317,29395,29500,302,29802,310
2021-04-12,Stanislaus,099,539301,53855,53722,5934,59656,707
2021-04-12,Sutter,101,95872,9243,9221,87,9308,106
2021-04-12,Tehama,103,63373,4857,4834,556,5390,52
2021-04-12,Trinity,105,12862,408,324,67,391,3
2021-04-12,Tulare,107,460477,48969,48495,9164,57659,824
2021-04-12,Tuolumne,109,53932,3997,3993,35,4028,57
2021-04-12,Ventura,111,848112,80081,79818,3021,82839,985
2021-04-12,Yolo,113,214977,13513,13510,273,13783,198
2021-04-12,Yuba,115,75493,5792,5773,117,5890,43
2021-04-11,Alameda,001,1643700,85005,84756,1933,86689,1238
2021-04-11,Alpine,003,1148,86,85,0,85,0
2021-04-11,Amador,005,37829,3621,3605,34,3639,46
2021-04-11,Butte,007,227075,11776,11487,1771,13258,193
2021-04-11,Calaveras,009,45235,2035,2036,12,2048,50
2021-04-11,Colusa,011,21464,1901,1904,287,2191,14
2021-04-11,Contra Costa,013,1133247,66793,66107,1224,67331,777
2021-04-11,Del Norte,015,27424,1252,1214,11,1225,6
2021-04-11,El Dorado,017,186661,9633,9575,689,10264,106
2021-04-11,Fresno,019,978130,100172,100230,8668,108898,1633
2021-04-11,Glenn,021,27897,2353,2348,551,2899,17
2021-04-11,Humboldt,023,135768,3548,3523,24,3547,35
2021-04-11,Imperial,025,180216,27855,27841,2790,30631,717
2021-04-11,Inyo,027,18085,1390,1390,2,1392,36
2021-04-11,Kern,029,883053,95581,94830,10822,105652,1283
2021-04-11,Kings,031,150075,22696,22618,1139,23757,241
2021-04-11,Lake,033,64148,3409,3377,9,3386,43
2021-04-11,Lassen,035,31185,5144,5147,108,5255,1
2021-04-11,Los Angeles,037,10098052,1191099,1185757,42785,1228542,23503
2021-04-11,Madera,039,155013,16270,16166,932,17098,231
2021-04-11,Marin,041,260295,13757,13741,234,13975,226
2021-04-11,Mariposa,043,17540,402,394,6,400,5
2021-04-11,Mendocino,045,87422,3774,3696,71,3767,46
2021-04-11,Merced,047,269075,30203,30249,979,31228,435
2021-04-11,Modoc,049,8938,364,352,120,472,3
2021-04-11,Mono,051,14174,1230,1250,13,1263,3
2021-04-11,Monterey,053,433212,42640,42547,1870,44417,346
2021-04-11,Napa,055,140530,9638,9592,32,9624,80
2021-04-11,Nevada,057,99092,4449,4394,189,4583,69
2021-04-11,Orange,059,3164182,252231,251233,11330,262563,4826
2021-04-11,Placer,061,380077,22044,21458,1398,22856,278
2021-04-11,Plumas,063,18699,672,666,11,677,4
2021-04-11,Riverside,065,2383286,288543,285269,14334,299603,4336
2021-04-11,Sacramento,067,1510023,100905,100296,1550,101846,1566
2021-04-11,San Benito,069,59416,5948,5941,112,6053,62
2021-04-11,San Bernardino,071,2135413,289901,288686,9267,297953,4492
2021-04-11,San Diego,073,3302833,273776,273287,13909,287196,3621
2021-04-11,San Francisco,075,870044,35734,35815,1314,37129,498
2021-04-11,San Joaquin,077,732212,70578,69939,3467,73406,1288
2021-04-11,San Luis Obispo,079,281455,20662,20501,680,21181,253
2021-04-11,San Mateo,081,765935,41317,40901,452,41353,353
2021-04-11,Santa Barbara,083,443738,33880,33591,1212,34803,444
2021-04-11,Santa Clara,085,1922200,115444,116161,702,116863,1923
2021-04-11,Santa Cruz,087,273765,15888,15382,865,16247,203
2021-04-11,Shasta,089,179085,11484,11504,1440,12944,189
2021-04-11,Sierra,091,2930,53,51,14,65,0
2021-04-11,Siskiyou,093,43540,1588,1509,288,1797,7
2021-04-11,Solano,095,438530,31382,31268,445,31713,238
2021-04-11,Sonoma,097,501317,29369,29496,298,29794,310
2021-04-11,Stanislaus,099,539301,53773,53683,5924,59607,707
2021-04-11,Sutter,101,95872,9234,9222,87,9309,106
2021-04-11,Tehama,103,63373,4854,4832,554,5386,52
2021-04-11,Trinity,105,12862,408,324,67,391,3
2021-04-11,Tulare,107,460477,48955,48479,9157,57636,824
2021-04-11,Tuolumne,109,53932,3995,3993,35,4028,57
2021-04-11,Ventura,111,848112,80034,79800,3014,82814,985
2021-04-11,Yolo,113,214977,13492,13496,271,13767,198
2021-04-11,Yuba,115,75493,5782,5768,117,5885,43
2021-04-10,Alameda,001,1643700,84940,84626,1933,86559,1238
2021-04-10,Alpine,003,1148,86,85,0,85,0
2021-04-10,Amador,005,37829,3619,3603,34,3637,46
2021-04-10,Butte,007,227075,11765,11482,1770,13252,193
2021-04-10,Calaveras,009,45235,2035,2032,12,2044,50
2021-04-10,Colusa,011,21464,1901,1902,287,2189,14
2021-04-10,Contra Costa,013,1133247,66732,66001,1221,67222,778
2021-04-10,Del Norte,015,27424,1249,1212,11,1223,6
2021-04-10,El Dorado,017,186661,9621,9549,686,10235,106
2021-04-10,Fresno,019,978130,100139,100135,8661,108796,1633
2021-04-10,Glenn,021,27897,2353,2343,551,2894,17
2021-04-10,Humboldt,023,135768,3538,3508,24,3532,35
2021-04-10,Imperial,025,180216,27841,27816,2790,30606,717
2021-04-10,Inyo,027,18085,1390,1387,2,1389,36
2021-04-10,Kern,029,883053,95567,94802,10816,105618,1284
2021-04-10,Kings,031,150075,22692,22614,1137,23751,241
2021-04-10,Lake,033,64148,3404,3368,9,3377,43
2021-04-10,Lassen,035,31185,5144,5146,107,5253,1
2021-04-10,Los Angeles,037,10098052,1190829,1185246,42765,1228011,23493
2021-04-10,Madera,039,155013,16262,16143,931,17074,231
2021-04-10,Marin,041,260295,13752,13731,234,13965,226
2021-04-10,Mariposa,043,17540,399,393,6,399,5
2021-04-10,Mendocino,045,87422,3772,3696,71,3767,46
2021-04-10,Merced,047,269075,30183,30225,978,31203,435
2021-04-10,Modoc,049,8938,364,352,120,472,3
2021-04-10,Mono,051,14174,1230,1249,13,1262,3
2021-04-10,Monterey,053,433212,42629,42527,1869,44396,346
2021-04-10,Napa,055,140530,9631,9569,32,9601,79
2021-04-10,Nevada,057,99092,4442,4379,189,4568,69
2021-04-10,Orange,059,3164182,252137,251139,11323,262462,4818
2021-04-10,Placer,061,380077,22013,21402,1392,22794,278
2021-04-10,Plumas,063,18699,672,666,11,677,4
2021-04-10,Riverside,065,2383286,288464,285082,14326,299408,4336
2021-04-10,Sacramento,067,1510023,100802,100048,1548,101596,1566
2021-04-10,San Benito,069,59416,5937,5932,111,6043,62
2021-04-10,San Bernardino,071,2135413,289837,288590,9260,297850,4489
2021-04-10,San Diego,073,3302833,273560,273058,13890,286948,3613
2021-04-10,San Francisco,075,870044,35704,35774,1310,37084,498
2021-04-10,San Joaquin,077,732212,70543,69852,3457,73309,1288
2021-04-10,San Luis Obispo,079,281455,20647,20461,678,21139,253
2021-04-10,San Mateo,081,765935,41284,40878,452,41330,350
2021-04-10,Santa Barbara,083,443738,33852,33541,1210,34751,444
2021-04-10,Santa Clara,085,1922200,115348,116015,701,116716,1923
2021-04-10,Santa Cruz,087,273765,15882,15360,865,16225,203
2021-04-10,Shasta,089,179085,11476,11492,1436,12928,189
2021-04-10,Sierra,091,2930,53,51,14,65,0
2021-04-10,Siskiyou,093,43540,1585,1512,288,1800,7
2021-04-10,Solano,095,438530,31348,31218,441,31659,238
2021-04-10,Sonoma,097,501317,29354,29469,297,29766,310
2021-04-10,Stanislaus,099,539301,53739,53596,5917,59513,707
2021-04-10,Sutter,101,95872,9232,9214,87,9301,106
2021-04-10,Tehama,103,63373,4852,4820,552,5372,52
2021-04-10,Trinity,105,12862,408,324,67,391,3
2021-04-10,Tulare,107,460477,48946,48470,9151,57621,824
2021-04-10,Tuolumne,109,53932,3992,3991,35,4026,57
2021-04-10,Ventura,111,848112,80006,79758,3012,82770,985
2021-04-10,Yolo,113,214977,13484,13494,270,13764,198
2021-04-10,Yuba,115,75493,5779,5757,116,5873,43
2021-04-09,Alameda,001,1643700,84868,84404,1925,86329,1237
2021-04-09,Alpine,003,1148,86,85,0,85,0
2021-04-09,Amador,005,37829,3618,3600,34,3634,46
2021-04-09,Butte,007,227075,11755,11454,1769,13223,193
2021-04-09,Calaveras,009,45235,2033,2028,12,2040,50
2021-04-09,Colusa,011,21464,1901,1898,287,2185,14
2021-04-09,Contra Costa,013,1133247,66639,65857,1215,67072,777
2021-04-09,Del Norte,015,27424,1248,1207,11,1218,6
2021-04-09,El Dorado,017,186661,9598,9528,682,10210,106
2021-04-09,Fresno,019,978130,100105,100027,8656,108683,1630
2021-04-09,Glenn,021,27897,2353,2337,551,2888,17
2021-04-09,Humboldt,023,135768,3528,3496,24,3520,35
2021-04-09,Imperial,025,180216,27826,27764,2788,30552,717
2021-04-09,Inyo,027,18085,1389,1386,2,1388,36
2021-04-09,Kern,029,883053,95529,94675,10814,105489,1282
2021-04-09,Kings,031,150075,22683,22595,1134,23729,242
2021-04-09,Lake,033,64148,3400,3362,9,3371,43
2021-04-09,Lassen,035,31185,5144,5140,107,5247,1
2021-04-09,Los Angeles,037,10098052,1190462,1184501,42733,1227234,23458
2021-04-09,Madera,039,155013,16259,16118,931,17049,231
2021-04-09,Marin,041,260295,13745,13721,234,13955,226
2021-04-09,Mariposa,043,17540,399,393,6,399,5
2021-04-09,Mendocino,045,87422,3770,3693,71,3764,46
2021-04-09,Merced,047,269075,30154,30179,977,31156,435
2021-04-09,Modoc,049,8938,363,352,120,472,3
2021-04-09,Mono,051,14174,1230,1247,13,1260,3
2021-04-09,Monterey,053,433212,42620,42481,1865,44346,344
2021-04-09,Napa,055,140530,9612,9574,32,9606,80
2021-04-09,Nevada,057,99092,4434,4373,189,4562,69
2021-04-09,Orange,059,3164182,252063,250852,11318,262170,4813
2021-04-09,Placer,061,380077,21982,21327,1384,22711,278
2021-04-09,Plumas,063,18699,671,666,11,677,4
2021-04-09,Riverside,065,2383286,288381,284562,14320,298882,4325
2021-04-09,Sacramento,067,1510023,100649,99722,1540,101262,1564
2021-04-09,San Benito,069,59416,5932,5925,110,6035,62
2021-04-09,San Bernardino,071,2135413,289768,288000,9257,297257,4467
2021-04-09,San Diego,073,3302833,273362,272697,13848,286545,3600
2021-04-09,San Francisco,075,870044,35663,35716,1305,37021,497
2021-04-09,San Joaquin,077,732212,70480,69675,3445,73120,1281
2021-04-09,San Luis Obispo,079,281455,20634,20427,677,21104,252
2021-04-09,San Mateo,081,765935,41248,40800,451,41251,350
2021-04-09,Santa Barbara,083,443738,33829,33424,1207,34631,444
2021-04-09,Santa Clara,085,1922200,115264,115749,699,116448,1923
2021-04-09,Santa Cruz,087,273765,15877,15331,865,16196,203
2021-04-09,Shasta,089,179085,11466,11478,1433,12911,188
2021-04-09,Sierra,091,2930,53,51,14,65,0
2021-04-09,Siskiyou,093,43540,1582,1510,287,1797,7
2021-04-09,Solano,095,438530,31315,31166,436,31602,238
2021-04-09,Sonoma,097,501317,29341,29433,297,29730,310
2021-04-09,Stanislaus,099,539301,53684,53504,5908,59412,705
2021-04-09,Sutter,101,95872,9225,9201,87,9288,106
2021-04-09,Tehama,103,63373,4846,4806,552,5358,52
2021-04-09,Trinity,105,12862,407,324,67,391,3
2021-04-09,Tulare,107,460477,48942,48430,9145,57575,824
2021-04-09,Tuolumne,109,53932,3991,3986,35,4021,57
2021-04-09,Ventura,111,848112,79978,79698,3012,82710,987
2021-04-09,Yolo,113,214977,13473,13478,268,13746,198
2021-04-09,Yuba,115,75493,5772,5754,116,5870,43
2021-04-08,Alameda,001,1643700,84766,84213,1921,86134,1232
2021-04-08,Alpine,003,1148,86,85,0,85,0
2021-04-08,Amador,005,37829,3614,3595,34,3629,46
2021-04-08,Butte,007,227075,11744,11414,1768,13182,193
2021-04-08,Calaveras,009,45235,2031,2027,12,2039,50
2021-04-08,Colusa,011,21464,1900,1897,287,2184,14
2021-04-08,Contra Costa,013,1133247,66530,65706,1212,66918,775
2021-04-08,Del Norte,015,27424,1242,1201,11,1212,6
2021-04-08,El Dorado,017,186661,9582,9513,676,10189,106
2021-04-08,Fresno,019,978130,100042,99935,8649,108584,1627
2021-04-08,Glenn,021,27897,2351,2337,551,2888,17
2021-04-08,Humboldt,023,135768,3518,3486,24,3510,35
2021-04-08,Imperial,025,180216,27799,27744,2785,30529,713
2021-04-08,Inyo,027,18085,1388,1386,2,1388,36
2021-04-08,Kern,029,883053,95483,94493,10801,105294,1281
2021-04-08,Kings,031,150075,22677,22589,1131,23720,243
2021-04-08,Lake,033,64148,3393,3360,9,3369,43
2021-04-08,Lassen,035,31185,5143,5136,107,5243,1
2021-04-08,Los Angeles,037,10098052,1189964,1184443,42694,1227137,23416
2021-04-08,Madera,039,155013,16247,16103,931,17034,231
2021-04-08,Marin,041,260295,13738,13704,234,13938,226
2021-04-08,Mariposa,043,17540,398,393,6,399,5
2021-04-08,Mendocino,045,87422,3768,3690,71,3761,45
2021-04-08,Merced,047,269075,30132,30163,977,31140,430
2021-04-08,Modoc,049,8938,363,352,120,472,3
2021-04-08,Mono,051,14174,1228,1247,13,1260,3
2021-04-08,Monterey,053,433212,42599,42437,1860,44297,342
2021-04-08,Napa,055,140530,9595,9569,32,9601,80
2021-04-08,Nevada,057,99092,4423,4367,189,4556,69
2021-04-08,Orange,059,3164182,251956,250529,11302,261831,4797
2021-04-08,Placer,061,380077,21941,21258,1375,22633,277
2021-04-08,Plumas,063,18699,671,665,11,676,4
2021-04-08,Riverside,065,2383286,288270,283853,14315,298168,4296
2021-04-08,Sacramento,067,1510023,100510,99319,1528,100847,1561
2021-04-08,San Benito,069,59416,5929,5914,108,6022,62
2021-04-08,San Bernardino,071,2135413,289670,287190,9254,296444,4445
2021-04-08,San Diego,073,3302833,273132,272495,13812,286307,3592
2021-04-08,San Francisco,075,870044,35640,35657,1304,36961,494
2021-04-08,San Joaquin,077,732212,70409,69479,3439,72918,1279
2021-04-08,San Luis Obispo,079,281455,20615,20402,674,21076,252
2021-04-08,San Mateo,081,765935,41208,40749,451,41200,350
2021-04-08,Santa Barbara,083,443738,33805,33309,1206,34515,444
2021-04-08,Santa Clara,085,1922200,115158,115487,698,116185,1905
2021-04-08,Santa Cruz,087,273765,15871,15296,865,16161,203
2021-04-08,Shasta,089,179085,11456,11466,1429,12895,186
2021-04-08,Sierra,091,2930,53,51,14,65,0
2021-04-08,Siskiyou,093,43540,1579,1511,287,1798,7
2021-04-08,Solano,095,438530,31266,31120,436,31556,238
2021-04-08,Sonoma,097,501317,29321,29410,296,29706,310
2021-04-08,Stanislaus,099,539301,53606,53401,5898,59299,706
2021-04-08,Sutter,101,95872,9221,9195,87,9282,106
2021-04-08,Tehama,103,63373,4842,4802,552,5354,52
2021-04-08,Trinity,105,12862,407,324,67,391,3
2021-04-08,Tulare,107,460477,48929,48409,9134,57543,821
2021-04-08,Tuolumne,109,53932,3991,3986,35,4021,57
2021-04-08,Ventura,111,848112,79941,79626,3008,82634,986
2021-04-08,Yolo,113,214977,13464,13468,267,13735,198
2021-04-08,Yuba,115,75493,5768,5743,116,5859,43
2021-04-07,Alameda,001,1643700,84683,84130,1917,86047,1224
2021-04-07,Alpine,003,1148,86,85,0,85,0
2021-04-07,Amador,005,37829,3611,3590,34,3624,46
2021-04-07,Butte,007,227075,11740,11405,1765,13170,193
2021-04-07,Calaveras,009,45235,2026,2022,12,2034,50
2021-04-07,Colusa,011,21464,1896,1894,286,2180,14
2021-04-07,Contra Costa,013,1133247,66444,65619,1211,66830,775
2021-04-07,Del Norte,015,27424,1240,1198,11,1209,6
2021-04-07,El Dorado,017,186661,9561,9500,671,10171,106
2021-04-07,Fresno,019,978130,99977,99865,8639,108504,1627
2021-04-07,Glenn,021,27897,2348,2337,550,2887,17
2021-04-07,Humboldt,023,135768,3506,3484,24,3508,35
2021-04-07,Imperial,025,180216,27775,27704,2779,30483,713
2021-04-07,Inyo,027,18085,1387,1386,2,1388,36
2021-04-07,Kern,029,883053,95447,94456,10786,105242,1275
2021-04-07,Kings,031,150075,22675,22589,1131,23720,243
2021-04-07,Lake,033,64148,3391,3358,9,3367,43
2021-04-07,Lassen,035,31185,5143,5137,107,5244,1
2021-04-07,Los Angeles,037,10098052,1189532,1183862,42669,1226531,23372
2021-04-07,Madera,039,155013,16228,16090,930,17020,231
2021-04-07,Marin,041,260295,13727,13688,232,13920,225
2021-04-07,Mariposa,043,17540,397,391,6,397,5
2021-04-07,Mendocino,045,87422,3767,3691,71,3762,45
2021-04-07,Merced,047,269075,30108,30132,973,31105,430
2021-04-07,Modoc,049,8938,363,351,120,471,3
2021-04-07,Mono,051,14174,1228,1246,13,1259,3
2021-04-07,Monterey,053,433212,42581,42427,1859,44286,341
2021-04-07,Napa,055,140530,9581,9556,32,9588,80
2021-04-07,Nevada,057,99092,4417,4364,189,4553,69
2021-04-07,Orange,059,3164182,251834,250378,11278,261656,4778
2021-04-07,Placer,061,380077,21896,21227,1367,22594,276
2021-04-07,Plumas,063,18699,671,665,11,676,4
2021-04-07,Riverside,065,2383286,288160,283749,14305,298054,4285
2021-04-07,Sacramento,067,1510023,100342,99202,1522,100724,1544
2021-04-07,San Benito,069,59416,5924,5912,107,6019,62
2021-04-07,San Bernardino,071,2135413,289551,286978,9249,296227,4433
2021-04-07,San Diego,073,3302833,272907,272195,13783,285978,3588
2021-04-07,San Francisco,075,870044,35600,35618,1300,36918,493
2021-04-07,San Joaquin,077,732212,70340,69375,3434,72809,1278
2021-04-07,San Luis Obispo,079,281455,20589,20373,671,21044,252
2021-04-07,San Mateo,081,765935,41164,40693,451,41144,350
2021-04-07,Santa Barbara,083,443738,33780,33289,1203,34492,444
2021-04-07,Santa Clara,085,1922200,115028,115311,696,116007,1900
2021-04-07,Santa Cruz,087,273765,15861,15275,864,16139,203
2021-04-07,Shasta,089,179085,11444,11456,1424,12880,184
2021-04-07,Sierra,091,2930,53,51,14,65,0
2021-04-07,Siskiyou,093,43540,1573,1512,286,1798,7
2021-04-07,Solano,095,438530,31216,31097,435,31532,238
2021-04-07,Sonoma,097,501317,29303,29394,295,29689,310
2021-04-07,Stanislaus,099,539301,53538,53344,5888,59232,686
2021-04-07,Sutter,101,95872,9218,9188,87,9275,106
2021-04-07,Tehama,103,63373,4834,4802,550,5352,52
2021-04-07,Trinity,105,12862,407,322,67,389,3
2021-04-07,Tulare,107,460477,48916,48386,9122,57508,820
2021-04-07,Tuolumne,109,53932,3989,3982,35,4017,57
2021-04-07,Ventura,111,848112,79907,79595,3006,82601,986
2021-04-07,Yolo,113,214977,13448,13450,265,13715,198
2021-04-07,Yuba,115,75493,5764,5737,116,5853,43
2021-04-06,Alameda,001,1643700,84571,84091,1912,86003,1223
2021-04-06,Alpine,003,1148,86,85,0,85,0
2021-04-06,Amador,005,37829,3610,3587,34,3621,45
2021-04-06,Butte,007,227075,11725,11396,1764,13160,193
2021-04-06,Calaveras,009,45235,2022,2021,12,2033,50
2021-04-06,Colusa,011,21464,1894,1894,284,2178,14
2021-04-06,Contra Costa,013,1133247,66367,65575,1210,66785,774
2021-04-06,Del Norte,015,27424,1235,1197,11,1208,6
2021-04-06,El Dorado,017,186661,9531,9489,669,10158,106
2021-04-06,Fresno,019,978130,99913,99814,8633,108447,1626
2021-04-06,Glenn,021,27897,2347,2335,550,2885,17
2021-04-06,Humboldt,023,135768,3497,3477,24,3501,35
2021-04-06,Imperial,025,180216,27741,27661,2769,30430,713
2021-04-06,Inyo,027,18085,1387,1379,2,1381,36
2021-04-06,Kern,029,883053,95403,94422,10780,105202,1259
2021-04-06,Kings,031,150075,22669,22587,1131,23718,240
2021-04-06,Lake,033,64148,3388,3358,9,3367,43
2021-04-06,Lassen,035,31185,5141,5137,107,5244,1
2021-04-06,Los Angeles,037,10098052,1189027,1183499,42624,1226123,23323
2021-04-06,Madera,039,155013,16208,16085,925,17010,230
2021-04-06,Marin,041,260295,13718,13675,229,13904,224
2021-04-06,Mariposa,043,17540,397,390,6,396,5
2021-04-06,Mendocino,045,87422,3765,3686,71,3757,45
2021-04-06,Merced,047,269075,30079,30100,968,31068,430
2021-04-06,Modoc,049,8938,362,351,120,471,3
2021-04-06,Mono,051,14174,1228,1246,13,1259,3
2021-04-06,Monterey,053,433212,42572,42412,1858,44270,341
2021-04-06,Napa,055,140530,9562,9509,32,9541,78
2021-04-06,Nevada,057,99092,4407,4356,187,4543,69
2021-04-06,Orange,059,3164182,251727,250304,11263,261567,4771
2021-04-06,Placer,061,380077,21849,21184,1364,22548,276
2021-04-06,Plumas,063,18699,671,665,11,676,4
2021-04-06,Riverside,065,2383286,287983,283622,14294,297916,4264
2021-04-06,Sacramento,067,1510023,100133,99110,1514,100624,1537
2021-04-06,San Benito,069,59416,5915,5907,107,6014,62
2021-04-06,San Bernardino,071,2135413,289439,286792,9239,296031,4428
2021-04-06,San Diego,073,3302833,272645,271867,13755,285622,3585
2021-04-06,San Francisco,075,870044,35557,35572,1300,36872,488
2021-04-06,San Joaquin,077,732212,70257,69316,3422,72738,1278
2021-04-06,San Luis Obispo,079,281455,20568,20350,667,21017,252
2021-04-06,San Mateo,081,765935,41116,40649,450,41099,350
2021-04-06,Santa Barbara,083,443738,33762,33257,1202,34459,443
2021-04-06,Santa Clara,085,1922200,114858,115184,694,115878,1900
2021-04-06,Santa Cruz,087,273765,15851,15252,864,16116,203
2021-04-06,Shasta,089,179085,11423,11443,1422,12865,184
2021-04-06,Sierra,091,2930,53,51,14,65,0
2021-04-06,Siskiyou,093,43540,1569,1510,284,1794,7
2021-04-06,Solano,095,438530,31169,31078,434,31512,237
2021-04-06,Sonoma,097,501317,29278,29386,293,29679,311
2021-04-06,Stanislaus,099,539301,53481,53304,5882,59186,686
2021-04-06,Sutter,101,95872,9208,9179,87,9266,106
2021-04-06,Tehama,103,63373,4825,4798,550,5348,52
2021-04-06,Trinity,105,12862,407,321,67,388,3
2021-04-06,Tulare,107,460477,48873,48372,9118,57490,819
2021-04-06,Tuolumne,109,53932,3989,3981,35,4016,57
2021-04-06,Ventura,111,848112,79870,79556,3004,82560,983
2021-04-06,Yolo,113,214977,13435,13443,264,13707,198
2021-04-06,Yuba,115,75493,5760,5733,115,5848,43
2021-04-05,Alameda,001,1643700,84453,84007,1907,85914,1219
2021-04-05,Alpine,003,1148,86,85,0,85,0
2021-04-05,Amador,005,37829,3607,3584,34,3618,45
2021-04-05,Butte,007,227075,11710,11384,1762,13146,193
2021-04-05,Calaveras,009,45235,2017,2019,12,2031,50
2021-04-05,Colusa,011,21464,1894,1894,283,2177,14
2021-04-05,Contra Costa,013,1133247,66301,65457,1208,66665,774
2021-04-05,Del Norte,015,27424,1233,1189,11,1200,6
2021-04-05,El Dorado,017,186661,9516,9463,669,10132,106
2021-04-05,Fresno,019,978130,99826,99755,8624,108379,1622
2021-04-05,Glenn,021,27897,2346,2335,550,2885,17
2021-04-05,Humboldt,023,135768,3488,3475,24,3499,35
2021-04-05,Imperial,025,180216,27710,27604,2763,30367,710
2021-04-05,Inyo,027,18085,1384,1377,2,1379,36
2021-04-05,Kern,029,883053,95348,94401,10755,105156,1249
2021-04-05,Kings,031,150075,22665,22580,1131,23711,239
2021-04-05,Lake,033,64148,3380,3359,9,3368,43
2021-04-05,Lassen,035,31185,5141,5138,106,5244,1
2021-04-05,Los Angeles,037,10098052,1188494,1183200,42572,1225772,23302
2021-04-05,Madera,039,155013,16194,16065,924,16989,230
2021-04-05,Marin,041,260295,13704,13666,225,13891,221
2021-04-05,Mariposa,043,17540,397,390,6,396,5
2021-04-05,Mendocino,045,87422,3763,3687,71,3758,45
2021-04-05,Merced,047,269075,30052,30068,967,31035,427
2021-04-05,Modoc,049,8938,360,346,120,466,3
2021-04-05,Mono,051,14174,1228,1246,13,1259,3
2021-04-05,Monterey,053,433212,42559,42396,1854,44250,341
2021-04-05,Napa,055,140530,9539,9492,32,9524,78
2021-04-05,Nevada,057,99092,4396,4346,187,4533,69
2021-04-05,Orange,059,3164182,251613,250177,11239,261416,4759
2021-04-05,Placer,061,380077,21803,21133,1356,22489,276
2021-04-05,Plumas,063,18699,671,666,11,677,4
2021-04-05,Riverside,065,2383286,287851,283549,14282,297831,4237
2021-04-05,Sacramento,067,1510023,99971,98908,1506,100414,1533
2021-04-05,San Benito,069,59416,5909,5904,107,6011,61
2021-04-05,San Bernardino,071,2135413,289328,286597,9236,295833,4425
2021-04-05,San Diego,073,3302833,272397,271655,13714,285369,3583
2021-04-05,San Francisco,075,870044,35526,35538,1300,36838,488
2021-04-05,San Joaquin,077,732212,70170,69214,3412,72626,1268
2021-04-05,San Luis Obispo,079,281455,20531,20333,667,21000,252
2021-04-05,San Mateo,081,765935,41073,40609,449,41058,350
2021-04-05,Santa Barbara,083,443738,33729,33235,1202,34437,443
2021-04-05,Santa Clara,085,1922200,114692,115091,691,115782,1893
2021-04-05,Santa Cruz,087,273765,15844,15228,864,16092,201
2021-04-05,Shasta,089,179085,11404,11435,1417,12852,184
2021-04-05,Sierra,091,2930,53,50,14,64,0
2021-04-05,Siskiyou,093,43540,1566,1509,282,1791,7
2021-04-05,Solano,095,438530,31129,31026,432,31458,237
2021-04-05,Sonoma,097,501317,29246,29361,291,29652,311
2021-04-05,Stanislaus,099,539301,53401,53238,5879,59117,686
2021-04-05,Sutter,101,95872,9201,9169,87,9256,106
2021-04-05,Tehama,103,63373,4819,4794,550,5344,52
2021-04-05,Trinity,105,12862,406,321,67,388,3
2021-04-05,Tulare,107,460477,48861,48356,9111,57467,818
2021-04-05,Tuolumne,109,53932,3988,3980,35,4015,57
2021-04-05,Ventura,111,848112,79839,79549,3001,82550,983
2021-04-05,Yolo,113,214977,13421,13427,263,13690,198
2021-04-05,Yuba,115,75493,5755,5728,114,5842,43
2021-04-04,Alameda,001,1643700,84335,83951,1902,85853,1219
2021-04-04,Alpine,003,1148,86,85,0,85,0
2021-04-04,Amador,005,37829,3601,3582,34,3616,45
2021-04-04,Butte,007,227075,11695,11375,1761,13136,193
2021-04-04,Calaveras,009,45235,2012,2020,12,2032,50
2021-04-04,Colusa,011,21464,1893,1893,283,2176,14
2021-04-04,Contra Costa,013,1133247,66195,65408,1203,66611,774
2021-04-04,Del Norte,015,27424,1225,1186,11,1197,6
2021-04-04,El Dorado,017,186661,9497,9455,665,10120,106
2021-04-04,Fresno,019,978130,99752,99702,8611,108313,1622
2021-04-04,Glenn,021,27897,2343,2335,549,2884,17
2021-04-04,Humboldt,023,135768,3477,3472,24,3496,35
2021-04-04,Imperial,025,180216,27654,27588,2761,30349,710
2021-04-04,Inyo,027,18085,1380,1377,2,1379,36
2021-04-04,Kern,029,883053,95307,94388,10731,105119,1247
2021-04-04,Kings,031,150075,22663,22580,1130,23710,239
2021-04-04,Lake,033,64148,3374,3355,8,3363,43
2021-04-04,Lassen,035,31185,5140,5138,106,5244,1
2021-04-04,Los Angeles,037,10098052,1187954,1182872,42524,1225396,23301
2021-04-04,Madera,039,155013,16168,16052,920,16972,230
2021-04-04,Marin,041,260295,13691,13663,224,13887,221
2021-04-04,Mariposa,043,17540,397,390,6,396,5
2021-04-04,Mendocino,045,87422,3760,3684,71,3755,45
2021-04-04,Merced,047,269075,30009,30048,964,31012,427
2021-04-04,Modoc,049,8938,360,346,120,466,3
2021-04-04,Mono,051,14174,1227,1245,13,1258,3
2021-04-04,Monterey,053,433212,42542,42391,1853,44244,341
2021-04-04,Napa,055,140530,9527,9486,32,9518,78
2021-04-04,Nevada,057,99092,4384,4337,186,4523,69
2021-04-04,Orange,059,3164182,251477,250117,11224,261341,4759
2021-04-04,Placer,061,380077,21759,21104,1337,22441,276
2021-04-04,Plumas,063,18699,671,666,11,677,4
2021-04-04,Riverside,065,2383286,287727,283537,14278,297815,4237
2021-04-04,Sacramento,067,1510023,99772,98821,1498,100319,1531
2021-04-04,San Benito,069,59416,5899,5901,103,6004,61
2021-04-04,San Bernardino,071,2135413,289187,286561,9228,295789,4423
2021-04-04,San Diego,073,3302833,272086,271528,13672,285200,3583
2021-04-04,San Francisco,075,870044,35472,35525,1297,36822,488
2021-04-04,San Joaquin,077,732212,70069,69147,3400,72547,1268
2021-04-04,San Luis Obispo,079,281455,20499,20328,659,20987,252
2021-04-04,San Mateo,081,765935,41030,40587,446,41033,350
2021-04-04,Santa Barbara,083,443738,33693,33213,1202,34415,443
2021-04-04,Santa Clara,085,1922200,114526,114976,684,115660,1893
2021-04-04,Santa Cruz,087,273765,15835,15219,864,16083,201
2021-04-04,Shasta,089,179085,11378,11433,1416,12849,184
2021-04-04,Sierra,091,2930,53,50,14,64,0
2021-04-04,Siskiyou,093,43540,1563,1509,278,1787,7
2021-04-04,Solano,095,438530,31082,31002,430,31432,237
2021-04-04,Sonoma,097,501317,29214,29340,289,29629,311
2021-04-04,Stanislaus,099,539301,53308,53181,5871,59052,686
2021-04-04,Sutter,101,95872,9194,9164,87,9251,106
2021-04-04,Tehama,103,63373,4807,4792,549,5341,52
2021-04-04,Trinity,105,12862,404,321,67,388,3
2021-04-04,Tulare,107,460477,48846,48343,9103,57446,818
2021-04-04,Tuolumne,109,53932,3980,3980,35,4015,57
2021-04-04,Ventura,111,848112,79796,79526,3000,82526,983
2021-04-04,Yolo,113,214977,13400,13425,262,13687,198
2021-04-04,Yuba,115,75493,5748,5722,114,5836,43
2021-04-03,Alameda,001,1643700,84267,83861,1900,85761,1218
2021-04-03,Alpine,003,1148,86,85,0,85,0
2021-04-03,Amador,005,37829,3598,3577,34,3611,45
2021-04-03,Butte,007,227075,11691,11359,1757,13116,193
2021-04-03,Calaveras,009,45235,2010,2019,12,2031,50
2021-04-03,Colusa,011,21464,1893,1891,283,2174,14
2021-04-03,Contra Costa,013,1133247,66123,65338,1203,66541,774
2021-04-03,Del Norte,015,27424,1220,1183,11,1194,6
2021-04-03,El Dorado,017,186661,9488,9448,664,10112,106
2021-04-03,Fresno,019,978130,99695,99602,8606,108208,1622
2021-04-03,Glenn,021,27897,2343,2334,548,2882,17
2021-04-03,Humboldt,023,135768,3475,3467,24,3491,35
2021-04-03,Imperial,025,180216,27639,27572,2757,30329,710
2021-04-03,Inyo,027,18085,1379,1376,2,1378,36
2021-04-03,Kern,029,883053,95284,94369,10712,105081,1243
2021-04-03,Kings,031,150075,22661,22580,1130,23710,239
2021-04-03,Lake,033,64148,3373,3350,8,3358,43
2021-04-03,Lassen,035,31185,5139,5136,106,5242,1
2021-04-03,Los Angeles,037,10098052,1187656,1182402,42505,1224907,23301
2021-04-03,Madera,039,155013,16159,16051,918,16969,230
2021-04-03,Marin,041,260295,13683,13658,223,13881,221
2021-04-03,Mariposa,043,17540,397,390,5,395,5
2021-04-03,Mendocino,045,87422,3759,3684,71,3755,45
2021-04-03,Merced,047,269075,29994,30031,964,30995,427
2021-04-03,Modoc,049,8938,360,346,120,466,3
2021-04-03,Mono,051,14174,1227,1245,13,1258,3
2021-04-03,Monterey,053,433212,42529,42376,1851,44227,341
2021-04-03,Napa,055,140530,9518,9473,32,9505,78
2021-04-03,Nevada,057,99092,4380,4323,186,4509,69
2021-04-03,Orange,059,3164182,251397,249982,11206,261188,4755
2021-04-03,Placer,061,380077,21728,21060,1333,22393,276
2021-04-03,Plumas,063,18699,671,666,11,677,4
2021-04-03,Riverside,065,2383286,287650,283423,14275,297698,4237
2021-04-03,Sacramento,067,1510023,99664,98660,1492,100152,1531
2021-04-03,San Benito,069,59416,5896,5893,102,5995,61
2021-04-03,San Bernardino,071,2135413,289122,286473,9222,295695,4422
2021-04-03,San Diego,073,3302833,271917,271335,13655,284990,3571
2021-04-03,San Francisco,075,870044,35454,35488,1295,36783,489
2021-04-03,San Joaquin,077,732212,70028,69100,3384,72484,1268
2021-04-03,San Luis Obispo,079,281455,20480,20301,659,20960,252
2021-04-03,San Mateo,081,765935,41005,40560,446,41006,350
2021-04-03,Santa Barbara,083,443738,33667,33172,1201,34373,443
2021-04-03,Santa Clara,085,1922200,114417,114865,682,115547,1893
2021-04-03,Santa Cruz,087,273765,15828,15205,864,16069,201
2021-04-03,Shasta,089,179085,11370,11418,1416,12834,184
2021-04-03,Sierra,091,2930,53,50,14,64,0
2021-04-03,Siskiyou,093,43540,1562,1509,278,1787,7
2021-04-03,Solano,095,438530,31061,30970,427,31397,237
2021-04-03,Sonoma,097,501317,29198,29315,288,29603,311
2021-04-03,Stanislaus,099,539301,53273,53137,5865,59002,686
2021-04-03,Sutter,101,95872,9188,9158,87,9245,106
2021-04-03,Tehama,103,63373,4800,4788,549,5337,52
2021-04-03,Trinity,105,12862,404,321,67,388,3
2021-04-03,Tulare,107,460477,48836,48327,9099,57426,818
2021-04-03,Tuolumne,109,53932,3980,3980,35,4015,57
2021-04-03,Ventura,111,848112,79775,79489,2998,82487,983
2021-04-03,Yolo,113,214977,13394,13414,262,13676,198
2021-04-03,Yuba,115,75493,5742,5716,114,5830,43
2021-04-02,Alameda,001,1643700,84195,83776,1895,85671,1217
2021-04-02,Alpine,003,1148,86,85,0,85,0
2021-04-02,Amador,005,37829,3594,3573,33,3606,45
2021-04-02,Butte,007,227075,11683,11350,1757,13107,193
2021-04-02,Calaveras,009,45235,2009,2010,12,2022,50
2021-04-02,Colusa,011,21464,1893,1891,283,2174,14
2021-04-02,Contra Costa,013,1133247,66059,65299,1202,66501,774
2021-04-02,Del Norte,015,27424,1217,1174,11,1185,6
2021-04-02,El Dorado,017,186661,9475,9437,661,10098,106
2021-04-02,Fresno,019,978130,99641,99551,8595,108146,1620
2021-04-02,Glenn,021,27897,2343,2331,548,2879,17
2021-04-02,Humboldt,023,135768,3471,3465,24,3489,35
2021-04-02,Imperial,025,180216,27627,27553,2749,30302,710
2021-04-02,Inyo,027,18085,1379,1377,2,1379,36
2021-04-02,Kern,029,883053,95267,94348,10708,105056,1233
2021-04-02,Kings,031,150075,22661,22571,1127,23698,239
2021-04-02,Lake,033,64148,3371,3348,8,3356,43
2021-04-02,Lassen,035,31185,5139,5134,106,5240,1
2021-04-02,Los Angeles,037,10098052,1187346,1181682,42481,1224163,23264
2021-04-02,Madera,039,155013,16150,16036,917,16953,230
2021-04-02,Marin,041,260295,13675,13649,223,13872,221
2021-04-02,Mariposa,043,17540,395,390,5,395,5
2021-04-02,Mendocino,045,87422,3756,3682,71,3753,45
2021-04-02,Merced,047,269075,29970,29998,964,30962,426
2021-04-02,Modoc,049,8938,357,346,120,466,3
2021-04-02,Mono,051,14174,1227,1246,13,1259,3
2021-04-02,Monterey,053,433212,42519,42359,1848,44207,341
2021-04-02,Napa,055,140530,9503,9453,32,9485,78
2021-04-02,Nevada,057,99092,4376,4323,186,4509,69
2021-04-02,Orange,059,3164182,251300,249891,11192,261083,4748
2021-04-02,Placer,061,380077,21693,21035,1326,22361,275
2021-04-02,Plumas,063,18699,671,666,11,677,4
2021-04-02,Riverside,065,2383286,287566,283328,14267,297595,4213
2021-04-02,Sacramento,067,1510023,99557,98648,1485,100133,1527
2021-04-02,San Benito,069,59416,5894,5888,100,5988,61
2021-04-02,San Bernardino,071,2135413,289049,286308,9218,295526,4417
2021-04-02,San Diego,073,3302833,271731,271036,13629,284665,3568
2021-04-02,San Francisco,075,870044,35420,35451,1292,36743,488
2021-04-02,San Joaquin,077,732212,69964,68996,3368,72364,1268
2021-04-02,San Luis Obispo,079,281455,20463,20271,658,20929,252
2021-04-02,San Mateo,081,765935,40963,40514,446,40960,350
2021-04-02,Santa Barbara,083,443738,33639,33145,1201,34346,443
2021-04-02,Santa Clara,085,1922200,114306,114777,680,115457,1882
2021-04-02,Santa Cruz,087,273765,15820,15216,864,16080,202
2021-04-02,Shasta,089,179085,11365,11377,1408,12785,181
2021-04-02,Sierra,091,2930,53,50,14,64,0
2021-04-02,Siskiyou,093,43540,1562,1508,277,1785,7
2021-04-02,Solano,095,438530,31032,30951,424,31375,237
2021-04-02,Sonoma,097,501317,29177,29288,287,29575,311
2021-04-02,Stanislaus,099,539301,53229,53073,5858,58931,687
2021-04-02,Sutter,101,95872,9180,9131,87,9218,106
2021-04-02,Tehama,103,63373,4793,4775,548,5323,52
2021-04-02,Trinity,105,12862,404,320,67,387,3
2021-04-02,Tulare,107,460477,48830,48306,9093,57399,818
2021-04-02,Tuolumne,109,53932,3977,3980,35,4015,57
2021-04-02,Ventura,111,848112,79747,79434,2996,82430,982
2021-04-02,Yolo,113,214977,13384,13381,262,13643,197
2021-04-02,Yuba,115,75493,5739,5709,114,5823,44
2021-04-01,Alameda,001,1643700,84112,83574,1890,85464,1216
2021-04-01,Alpine,003,1148,86,85,0,85,0
2021-04-01,Amador,005,37829,3590,3558,33,3591,45
2021-04-01,Butte,007,227075,11665,11328,1755,13083,193
2021-04-01,Calaveras,009,45235,2008,2006,12,2018,50
2021-04-01,Colusa,011,21464,1890,1890,283,2173,14
2021-04-01,Contra Costa,013,1133247,65999,65176,1200,66376,771
2021-04-01,Del Norte,015,27424,1212,1138,11,1149,6
2021-04-01,El Dorado,017,186661,9466,9393,657,10050,106
2021-04-01,Fresno,019,978130,99589,99317,8587,107904,1616
2021-04-01,Glenn,021,27897,2343,2322,547,2869,17
2021-04-01,Humboldt,023,135768,3467,3464,24,3488,35
2021-04-01,Imperial,025,180216,27597,27520,2743,30263,710
2021-04-01,Inyo,027,18085,1378,1374,2,1376,36
2021-04-01,Kern,029,883053,95232,94244,10695,104939,1233
2021-04-01,Kings,031,150075,22654,22560,1126,23686,239
2021-04-01,Lake,033,64148,3366,3337,8,3345,43
2021-04-01,Lassen,035,31185,5138,5132,106,5238,1
2021-04-01,Los Angeles,037,10098052,1186860,1181101,42454,1223555,23220
2021-04-01,Madera,039,155013,16134,16023,917,16940,230
2021-04-01,Marin,041,260295,13665,13635,223,13858,221
2021-04-01,Mariposa,043,17540,393,389,5,394,5
2021-04-01,Mendocino,045,87422,3756,3680,71,3751,45
2021-04-01,Merced,047,269075,29936,29820,964,30784,425
2021-04-01,Modoc,049,8938,356,346,120,466,3
2021-04-01,Mono,051,14174,1227,1245,13,1258,3
2021-04-01,Monterey,053,433212,42511,42324,1846,44170,339
2021-04-01,Napa,055,140530,9491,9410,32,9442,78
2021-04-01,Nevada,057,99092,4366,4288,185,4473,68
2021-04-01,Orange,059,3164182,251181,249617,11174,260791,4742
2021-04-01,Placer,061,380077,21654,20909,1314,22223,274
2021-04-01,Plumas,063,18699,671,664,11,675,4
2021-04-01,Riverside,065,2383286,287464,283128,14265,297393,4193
2021-04-01,Sacramento,067,1510023,99414,97952,1471,99423,1521
2021-04-01,San Benito,069,59416,5886,5878,99,5977,61
2021-04-01,San Bernardino,071,2135413,288933,286086,9209,295295,4404
2021-04-01,San Diego,073,3302833,271506,270540,13599,284139,3555
2021-04-01,San Francisco,075,870044,35400,35386,1288,36674,488
2021-04-01,San Joaquin,077,732212,69882,68802,3360,72162,1262
2021-04-01,San Luis Obispo,079,281455,20434,20235,657,20892,252
2021-04-01,San Mateo,081,765935,40922,40454,446,40900,350
2021-04-01,Santa Barbara,083,443738,33594,33096,1196,34292,443
2021-04-01,Santa Clara,085,1922200,114193,114606,679,115285,1874
2021-04-01,Santa Cruz,087,273765,15805,15271,864,16135,202
2021-04-01,Shasta,089,179085,11350,11355,1402,12757,181
2021-04-01,Sierra,091,2930,53,50,14,64,0
2021-04-01,Siskiyou,093,43540,1560,1507,276,1783,7
2021-04-01,Solano,095,438530,30999,30850,421,31271,237
2021-04-01,Sonoma,097,501317,29146,29241,280,29521,311
2021-04-01,Stanislaus,099,539301,53166,52825,5852,58677,687
2021-04-01,Sutter,101,95872,9168,9105,87,9192,106
2021-04-01,Tehama,103,63373,4787,4764,545,5309,52
2021-04-01,Trinity,105,12862,404,319,67,386,3
2021-04-01,Tulare,107,460477,48807,48279,9083,57362,817
2021-04-01,Tuolumne,109,53932,3976,3978,35,4013,57
2021-04-01,Ventura,111,848112,79723,79369,2995,82364,977
2021-04-01,Yolo,113,214977,13371,13342,262,13604,197
2021-04-01,Yuba,115,75493,5734,5694,114,5808,44
2021-03-31,Alameda,001,1643700,84030,83475,1885,85360,1215
2021-03-31,Alpine,003,1148,86,85,0,85,0
2021-03-31,Amador,005,37829,3587,3556,33,3589,45
2021-03-31,Butte,007,227075,11655,11321,1752,13073,193
2021-03-31,Calaveras,009,45235,2004,2005,12,2017,50
2021-03-31,Colusa,011,21464,1890,1890,283,2173,14
2021-03-31,Contra Costa,013,1133247,65914,65109,1199,66308,769
2021-03-31,Del Norte,015,27424,1203,1129,11,1140,6
2021-03-31,El Dorado,017,186661,9449,9390,657,10047,106
2021-03-31,Fresno,019,978130,99499,99240,8571,107811,1616
2021-03-31,Glenn,021,27897,2338,2318,545,2863,17
2021-03-31,Humboldt,023,135768,3461,3460,24,3484,35
2021-03-31,Imperial,025,180216,27577,27506,2742,30248,710
2021-03-31,Inyo,027,18085,1375,1373,2,1375,35
2021-03-31,Kern,029,883053,95190,94205,10686,104891,1229
2021-03-31,Kings,031,150075,22651,22540,1126,23666,239
2021-03-31,Lake,033,64148,3362,3332,8,3340,43
2021-03-31,Lassen,035,31185,5134,5132,106,5238,1
2021-03-31,Los Angeles,037,10098052,1186398,1180538,42412,1222950,23171
2021-03-31,Madera,039,155013,16120,16015,916,16931,229
2021-03-31,Marin,041,260295,13654,13624,223,13847,221
2021-03-31,Mariposa,043,17540,393,389,5,394,5
2021-03-31,Mendocino,045,87422,3750,3675,71,3746,45
2021-03-31,Merced,047,269075,29907,29780,964,30744,423
2021-03-31,Modoc,049,8938,356,346,120,466,3
2021-03-31,Mono,051,14174,1227,1245,13,1258,3
2021-03-31,Monterey,053,433212,42494,42309,1844,44153,338
2021-03-31,Napa,055,140530,9473,9401,32,9433,78
2021-03-31,Nevada,057,99092,4360,4283,185,4468,68
2021-03-31,Orange,059,3164182,251069,249518,11159,260677,4731
2021-03-31,Placer,061,380077,21605,20885,1306,22191,271
2021-03-31,Plumas,063,18699,670,663,11,674,4
2021-03-31,Riverside,065,2383286,287365,283006,14254,297260,4171
2021-03-31,Sacramento,067,1510023,99237,97760,1464,99224,1519
2021-03-31,San Benito,069,59416,5876,5875,99,5974,61
2021-03-31,San Bernardino,071,2135413,288838,285916,9206,295122,4356
2021-03-31,San Diego,073,3302833,271275,270288,13564,283852,3555
2021-03-31,San Francisco,075,870044,35355,35347,1287,36634,474
2021-03-31,San Joaquin,077,732212,69794,68685,3343,72028,1259
2021-03-31,San Luis Obispo,079,281455,20413,20215,656,20871,251
2021-03-31,San Mateo,081,765935,40892,40423,446,40869,350
2021-03-31,Santa Barbara,083,443738,33563,33052,1194,34246,443
2021-03-31,Santa Clara,085,1922200,114066,114499,679,115178,1874
2021-03-31,Santa Cruz,087,273765,15793,15295,863,16158,201
2021-03-31,Shasta,089,179085,11338,11327,1394,12721,179
2021-03-31,Sierra,091,2930,53,50,14,64,0
2021-03-31,Siskiyou,093,43540,1559,1505,276,1781,7
2021-03-31,Solano,095,438530,30953,30824,420,31244,235
2021-03-31,Sonoma,097,501317,29119,29216,280,29496,311
2021-03-31,Stanislaus,099,539301,53098,52782,5840,58622,687
2021-03-31,Sutter,101,95872,9157,9111,87,9198,106
2021-03-31,Tehama,103,63373,4782,4762,542,5304,52
2021-03-31,Trinity,105,12862,404,319,67,386,3
2021-03-31,Tulare,107,460477,48788,48261,9066,57327,816
2021-03-31,Tuolumne,109,53932,3976,3976,35,4011,57
2021-03-31,Ventura,111,848112,79691,79326,2991,82317,969
2021-03-31,Yolo,113,214977,13353,13359,261,13620,197
2021-03-31,Yuba,115,75493,5727,5686,114,5800,44
2021-03-30,Alameda,001,1643700,83930,83395,1882,85277,1211
2021-03-30,Alpine,003,1148,86,85,0,85,0
2021-03-30,Amador,005,37829,3584,3551,33,3584,45
2021-03-30,Butte,007,227075,11643,11296,1749,13045,193
2021-03-30,Calaveras,009,45235,2000,1997,12,2009,50
2021-03-30,Colusa,011,21464,1889,1890,282,2172,14
2021-03-30,Contra Costa,013,1133247,65826,65041,1197,66238,767
2021-03-30,Del Norte,015,27424,1195,1118,10,1128,6
2021-03-30,El Dorado,017,186661,9430,9381,654,10035,105
2021-03-30,Fresno,019,978130,99436,99156,8559,107715,1609
2021-03-30,Glenn,021,27897,2337,2310,544,2854,17
2021-03-30,Humboldt,023,135768,3459,3461,24,3485,35
2021-03-30,Imperial,025,180216,27548,27471,2740,30211,706
2021-03-30,Inyo,027,18085,1375,1374,2,1376,35
2021-03-30,Kern,029,883053,95148,94151,10677,104828,1221
2021-03-30,Kings,031,150075,22647,22530,1124,23654,238
2021-03-30,Lake,033,64148,3356,3330,8,3338,43
2021-03-30,Lassen,035,31185,5134,5132,106,5238,1
2021-03-30,Los Angeles,037,10098052,1185908,1180044,42387,1222431,23136
2021-03-30,Madera,039,155013,16110,16003,912,16915,229
2021-03-30,Marin,041,260295,13645,13611,215,13826,221
2021-03-30,Mariposa,043,17540,393,388,5,393,5
2021-03-30,Mendocino,045,87422,3748,3670,71,3741,45
2021-03-30,Merced,047,269075,29871,29731,964,30695,423
2021-03-30,Modoc,049,8938,355,346,120,466,3
2021-03-30,Mono,051,14174,1226,1245,13,1258,3
2021-03-30,Monterey,053,433212,42468,42308,1841,44149,338
2021-03-30,Napa,055,140530,9458,9391,32,9423,78
2021-03-30,Nevada,057,99092,4348,4266,184,4450,68
2021-03-30,Orange,059,3164182,250941,249412,11131,260543,4727
2021-03-30,Placer,061,380077,21565,20866,1299,22165,271
2021-03-30,Plumas,063,18699,670,661,11,672,4
2021-03-30,Riverside,065,2383286,287247,282930,14244,297174,4154
2021-03-30,Sacramento,067,1510023,99100,97718,1460,99178,1516
2021-03-30,San Benito,069,59416,5870,5870,99,5969,61
2021-03-30,San Bernardino,071,2135413,288731,285758,9197,294955,4343
2021-03-30,San Diego,073,3302833,271038,269998,13526,283524,3555
2021-03-30,San Francisco,075,870044,35305,35325,1286,36611,474
2021-03-30,San Joaquin,077,732212,69707,68613,3332,71945,1232
2021-03-30,San Luis Obispo,079,281455,20393,20194,656,20850,251
2021-03-30,San Mateo,081,765935,40847,40377,446,40823,349
2021-03-30,Santa Barbara,083,443738,33538,33016,1194,34210,441
2021-03-30,Santa Clara,085,1922200,113944,114413,678,115091,1873
2021-03-30,Santa Cruz,087,273765,15787,15278,863,16141,201
2021-03-30,Shasta,089,179085,11330,11316,1393,12709,184
2021-03-30,Sierra,091,2930,53,50,14,64,0
2021-03-30,Siskiyou,093,43540,1558,1501,276,1777,7
2021-03-30,Solano,095,438530,30924,30802,419,31221,232
2021-03-30,Sonoma,097,501317,29088,29198,280,29478,311
2021-03-30,Stanislaus,099,539301,53020,52690,5832,58522,677
2021-03-30,Sutter,101,95872,9153,9107,86,9193,106
2021-03-30,Tehama,103,63373,4773,4748,541,5289,52
2021-03-30,Trinity,105,12862,404,316,67,383,3
2021-03-30,Tulare,107,460477,48774,48249,9056,57305,815
2021-03-30,Tuolumne,109,53932,3971,3972,35,4007,57
2021-03-30,Ventura,111,848112,79647,79282,2988,82270,958
2021-03-30,Yolo,113,214977,13340,13353,261,13614,195
2021-03-30,Yuba,115,75493,5716,5679,108,5787,42
2021-03-29,Alameda,001,1643700,83827,83338,1881,85219,1211
2021-03-29,Alpine,003,1148,86,85,0,85,0
2021-03-29,Amador,005,37829,3578,3549,33,3582,45
2021-03-29,Butte,007,227075,11634,11291,1746,13037,191
2021-03-29,Calaveras,009,45235,1996,1998,12,2010,50
2021-03-29,Colusa,011,21464,1889,1889,281,2170,14
2021-03-29,Contra Costa,013,1133247,65758,64971,1196,66167,767
2021-03-29,Del Norte,015,27424,1190,1116,9,1125,6
2021-03-29,El Dorado,017,186661,9410,9374,648,10022,105
2021-03-29,Fresno,019,978130,99353,99085,8547,107632,1606
2021-03-29,Glenn,021,27897,2331,2310,544,2854,17
2021-03-29,Humboldt,023,135768,3454,3459,24,3483,34
2021-03-29,Imperial,025,180216,27528,27442,2736,30178,704
2021-03-29,Inyo,027,18085,1375,1372,2,1374,35
2021-03-29,Kern,029,883053,95100,94098,10657,104755,1220
2021-03-29,Kings,031,150075,22635,22522,1123,23645,238
2021-03-29,Lake,033,64148,3353,3325,8,3333,43
2021-03-29,Lassen,035,31185,5134,5131,106,5237,1
2021-03-29,Los Angeles,037,10098052,1185417,1179736,42346,1222082,23108
2021-03-29,Madera,039,155013,16090,15987,910,16897,210
2021-03-29,Marin,041,260295,13633,13600,211,13811,220
2021-03-29,Mariposa,043,17540,392,388,5,393,5
2021-03-29,Mendocino,045,87422,3745,3667,71,3738,45
2021-03-29,Merced,047,269075,29847,29699,964,30663,422
2021-03-29,Modoc,049,8938,354,344,120,464,3
2021-03-29,Mono,051,14174,1225,1243,13,1256,3
2021-03-29,Monterey,053,433212,42452,42305,1836,44141,337
2021-03-29,Napa,055,140530,9442,9379,32,9411,78
2021-03-29,Nevada,057,99092,4341,4258,184,4442,68
2021-03-29,Orange,059,3164182,250829,249295,11118,260413,4713
2021-03-29,Placer,061,380077,21530,20827,1292,22119,267
2021-03-29,Plumas,063,18699,669,660,11,671,4
2021-03-29,Riverside,065,2383286,287158,282867,14242,297109,4133
2021-03-29,Sacramento,067,1510023,98907,97577,1452,99029,1514
2021-03-29,San Benito,069,59416,5863,5865,99,5964,61
2021-03-29,San Bernardino,071,2135413,288635,285615,9193,294808,4335
2021-03-29,San Diego,073,3302833,270772,269771,13500,283271,3547
2021-03-29,San Francisco,075,870044,35271,35291,1282,36573,474
2021-03-29,San Joaquin,077,732212,69622,68537,3318,71855,1211
2021-03-29,San Luis Obispo,079,281455,20359,20176,654,20830,250
2021-03-29,San Mateo,081,765935,40805,40357,445,40802,348
2021-03-29,Santa Barbara,083,443738,33504,32983,1193,34176,439
2021-03-29,Santa Clara,085,1922200,113838,114335,673,115008,1871
2021-03-29,Santa Cruz,087,273765,15776,15249,862,16111,201
2021-03-29,Shasta,089,179085,11312,11313,1391,12704,183
2021-03-29,Sierra,091,2930,53,50,14,64,0
2021-03-29,Siskiyou,093,43540,1557,1497,275,1772,6
2021-03-29,Solano,095,438530,30885,30762,417,31179,232
2021-03-29,Sonoma,097,501317,29065,29184,277,29461,310
2021-03-29,Stanislaus,099,539301,52936,52614,5824,58438,677
2021-03-29,Sutter,101,95872,9146,9105,86,9191,106
2021-03-29,Tehama,103,63373,4765,4742,540,5282,52
2021-03-29,Trinity,105,12862,404,314,67,381,3
2021-03-29,Tulare,107,460477,48747,48226,9045,57271,815
2021-03-29,Tuolumne,109,53932,3969,3969,35,4004,57
2021-03-29,Ventura,111,848112,79606,79252,2987,82239,956
2021-03-29,Yolo,113,214977,13322,13346,261,13607,195
2021-03-29,Yuba,115,75493,5709,5671,107,5778,42
2021-03-28,Alameda,001,1643700,83705,83239,1879,85118,1212
2021-03-28,Alpine,003,1148,86,85,0,85,0
2021-03-28,Amador,005,37829,3574,3541,33,3574,45
2021-03-28,Butte,007,227075,11621,11285,1744,13029,191
2021-03-28,Calaveras,009,45235,1993,1995,12,2007,50
2021-03-28,Colusa,011,21464,1888,1889,281,2170,14
2021-03-28,Contra Costa,013,1133247,65684,64878,1192,66070,767
2021-03-28,Del Norte,015,27424,1183,1107,7,1114,6
2021-03-28,El Dorado,017,186661,9395,9371,646,10017,105
2021-03-28,Fresno,019,978130,99271,99004,8535,107539,1606
2021-03-28,Glenn,021,27897,2328,2309,542,2851,17
2021-03-28,Humboldt,023,135768,3451,3452,23,3475,34
2021-03-28,Imperial,025,180216,27501,27426,2733,30159,704
2021-03-28,Inyo,027,18085,1374,1372,2,1374,35
2021-03-28,Kern,029,883053,95055,94084,10645,104729,1219
2021-03-28,Kings,031,150075,22631,22514,1119,23633,238
2021-03-28,Lake,033,64148,3348,3320,8,3328,43
2021-03-28,Lassen,035,31185,5134,5131,105,5236,1
2021-03-28,Los Angeles,037,10098052,1184869,1179316,42284,1221600,23101
2021-03-28,Madera,039,155013,16075,15973,909,16882,210
2021-03-28,Marin,041,260295,13620,13594,209,13803,221
2021-03-28,Mariposa,043,17540,392,388,5,393,5
2021-03-28,Mendocino,045,87422,3743,3666,71,3737,45
2021-03-28,Merced,047,269075,29790,29679,964,30643,422
2021-03-28,Modoc,049,8938,354,344,120,464,3
2021-03-28,Mono,051,14174,1224,1242,13,1255,3
2021-03-28,Monterey,053,433212,42429,42294,1832,44126,337
2021-03-28,Napa,055,140530,9428,9368,32,9400,78
2021-03-28,Nevada,057,99092,4327,4239,184,4423,68
2021-03-28,Orange,059,3164182,250676,249238,11107,260345,4713
2021-03-28,Placer,061,380077,21486,20796,1286,22082,267
2021-03-28,Plumas,063,18699,667,657,11,668,4
2021-03-28,Riverside,065,2383286,287056,282811,14234,297045,4132
2021-03-28,Sacramento,067,1510023,98733,97425,1446,98871,1514
2021-03-28,San Benito,069,59416,5858,5862,99,5961,61
2021-03-28,San Bernardino,071,2135413,288517,285570,9183,294753,4332
2021-03-28,San Diego,073,3302833,270498,269476,13472,282948,3547
2021-03-28,San Francisco,075,870044,35225,35286,1278,36564,474
2021-03-28,San Joaquin,077,732212,69497,68459,3298,71757,1211
2021-03-28,San Luis Obispo,079,281455,20324,20172,651,20823,250
2021-03-28,San Mateo,081,765935,40760,40305,444,40749,348
2021-03-28,Santa Barbara,083,443738,33465,32953,1192,34145,439
2021-03-28,Santa Clara,085,1922200,113738,114232,669,114901,1871
2021-03-28,Santa Cruz,087,273765,15762,15238,861,16099,201
2021-03-28,Shasta,089,179085,11286,11308,1380,12688,183
2021-03-28,Sierra,091,2930,53,50,14,64,0
2021-03-28,Siskiyou,093,43540,1557,1497,274,1771,6
2021-03-28,Solano,095,438530,30848,30719,415,31134,232
2021-03-28,Sonoma,097,501317,29030,29161,274,29435,310
2021-03-28,Stanislaus,099,539301,52849,52567,5809,58376,678
2021-03-28,Sutter,101,95872,9137,9094,86,9180,106
2021-03-28,Tehama,103,63373,4755,4740,536,5276,52
2021-03-28,Trinity,105,12862,402,314,66,380,3
2021-03-28,Tulare,107,460477,48718,48218,9039,57257,815
2021-03-28,Tuolumne,109,53932,3967,3969,34,4003,57
2021-03-28,Ventura,111,848112,79555,79222,2982,82204,956
2021-03-28,Yolo,113,214977,13304,13325,260,13585,194
2021-03-28,Yuba,115,75493,5705,5662,107,5769,42
2021-03-27,Alameda,001,1643700,83633,83169,1875,85044,1211
2021-03-27,Alpine,003,1148,86,85,0,85,0
2021-03-27,Amador,005,37829,3569,3538,33,3571,45
2021-03-27,Butte,007,227075,11614,11278,1743,13021,191
2021-03-27,Calaveras,009,45235,1993,1992,12,2004,50
2021-03-27,Colusa,011,21464,1888,1889,281,2170,14
2021-03-27,Contra Costa,013,1133247,65614,64804,1189,65993,767
2021-03-27,Del Norte,015,27424,1173,1104,7,1111,6
2021-03-27,El Dorado,017,186661,9381,9367,646,10013,105
2021-03-27,Fresno,019,978130,99219,98901,8530,107431,1606
2021-03-27,Glenn,021,27897,2327,2308,542,2850,17
2021-03-27,Humboldt,023,135768,3446,3442,23,3465,34
2021-03-27,Imperial,025,180216,27489,27406,2730,30136,704
2021-03-27,Inyo,027,18085,1372,1372,2,1374,35
2021-03-27,Kern,029,883053,95037,94041,10631,104672,1217
2021-03-27,Kings,031,150075,22628,22502,1119,23621,238
2021-03-27,Lake,033,64148,3346,3317,8,3325,43
2021-03-27,Lassen,035,31185,5134,5129,105,5234,1
2021-03-27,Los Angeles,037,10098052,1184557,1178831,42255,1221086,23103
2021-03-27,Madera,039,155013,16068,15968,907,16875,210
2021-03-27,Marin,041,260295,13615,13579,209,13788,222
2021-03-27,Mariposa,043,17540,392,386,5,391,5
2021-03-27,Mendocino,045,87422,3742,3666,71,3737,45
2021-03-27,Merced,047,269075,29757,29647,962,30609,422
2021-03-27,Modoc,049,8938,354,344,120,464,3
2021-03-27,Mono,051,14174,1222,1241,13,1254,3
2021-03-27,Monterey,053,433212,42419,42271,1832,44103,337
2021-03-27,Napa,055,140530,9416,9360,32,9392,78
2021-03-27,Nevada,057,99092,4317,4231,184,4415,68
2021-03-27,Orange,059,3164182,250582,249160,11091,260251,4698
2021-03-27,Placer,061,380077,21466,20717,1279,21996,267
2021-03-27,Plumas,063,18699,666,655,11,666,4
2021-03-27,Riverside,065,2383286,286994,282707,14226,296933,4132
2021-03-27,Sacramento,067,1510023,98643,97247,1444,98691,1513
2021-03-27,San Benito,069,59416,5856,5862,97,5959,61
2021-03-27,San Bernardino,071,2135413,288455,285480,9181,294661,4325
2021-03-27,San Diego,073,3302833,270328,269271,13450,282721,3540
2021-03-27,San Francisco,075,870044,35201,35244,1276,36520,474
2021-03-27,San Joaquin,077,732212,69437,68365,3289,71654,1211
2021-03-27,San Luis Obispo,079,281455,20313,20153,648,20801,250
2021-03-27,San Mateo,081,765935,40737,40264,444,40708,348
2021-03-27,Santa Barbara,083,443738,33442,32921,1192,34113,439
2021-03-27,Santa Clara,085,1922200,113642,114124,667,114791,1871
2021-03-27,Santa Cruz,087,273765,15756,15215,861,16076,201
2021-03-27,Shasta,089,179085,11275,11288,1378,12666,183
2021-03-27,Sierra,091,2930,53,50,14,64,0
2021-03-27,Siskiyou,093,43540,1557,1497,274,1771,6
2021-03-27,Solano,095,438530,30820,30669,414,31083,232
2021-03-27,Sonoma,097,501317,29015,29133,272,29405,310
2021-03-27,Stanislaus,099,539301,52785,52497,5801,58298,678
2021-03-27,Sutter,101,95872,9129,9093,86,9179,106
2021-03-27,Tehama,103,63373,4749,4738,534,5272,52
2021-03-27,Trinity,105,12862,402,313,66,379,3
2021-03-27,Tulare,107,460477,48702,48203,9031,57234,813
2021-03-27,Tuolumne,109,53932,3964,3968,34,4002,57
2021-03-27,Ventura,111,848112,79528,79184,2980,82164,956
2021-03-27,Yolo,113,214977,13299,13317,259,13576,194
2021-03-27,Yuba,115,75493,5703,5657,107,5764,42
2021-03-26,Alameda,001,1643700,83571,83043,1873,84916,1208
2021-03-26,Alpine,003,1148,86,85,0,85,0
2021-03-26,Amador,005,37829,3564,3532,33,3565,45
2021-03-26,Butte,007,227075,11604,11278,1743,13021,191
2021-03-26,Calaveras,009,45235,1992,1989,12,2001,50
2021-03-26,Colusa,011,21464,1888,1889,281,2170,14
2021-03-26,Contra Costa,013,1133247,65554,64699,1187,65886,761
2021-03-26,Del Norte,015,27424,1170,1101,7,1108,6
2021-03-26,El Dorado,017,186661,9376,9353,646,9999,105
2021-03-26,Fresno,019,978130,99159,98731,8518,107249,1601
2021-03-26,Glenn,021,27897,2327,2307,541,2848,17
2021-03-26,Humboldt,023,135768,3444,3431,23,3454,34
2021-03-26,Imperial,025,180216,27465,27374,2730,30104,701
2021-03-26,Inyo,027,18085,1371,1369,2,1371,35
2021-03-26,Kern,029,883053,95011,93949,10625,104574,1211
2021-03-26,Kings,031,150075,22620,22493,1117,23610,239
2021-03-26,Lake,033,64148,3345,3314,8,3322,43
2021-03-26,Lassen,035,31185,5133,5131,105,5236,1
2021-03-26,Los Angeles,037,10098052,1184222,1178213,42240,1220453,23080
2021-03-26,Madera,039,155013,16058,15952,907,16859,210
2021-03-26,Marin,041,260295,13609,13553,204,13757,221
2021-03-26,Mariposa,043,17540,392,386,5,391,5
2021-03-26,Mendocino,045,87422,3741,3664,71,3735,45
2021-03-26,Merced,047,269075,29734,29613,960,30573,419
2021-03-26,Modoc,049,8938,354,344,120,464,3
2021-03-26,Mono,051,14174,1221,1236,13,1249,3
2021-03-26,Monterey,053,433212,42406,42241,1828,44069,338
2021-03-26,Napa,055,140530,9406,9349,32,9381,78
2021-03-26,Nevada,057,99092,4297,4222,184,4406,83
2021-03-26,Orange,059,3164182,250519,248995,11077,260072,4671
2021-03-26,Placer,061,380077,21440,20679,1277,21956,259
2021-03-26,Plumas,063,18699,665,654,11,665,4
2021-03-26,Riverside,065,2383286,286916,282602,14220,296822,4109
2021-03-26,Sacramento,067,1510023,98543,97040,1439,98479,1509
2021-03-26,San Benito,069,59416,5853,5855,97,5952,61
2021-03-26,San Bernardino,071,2135413,288400,285313,9178,294491,4288
2021-03-26,San Diego,073,3302833,270150,269045,13424,282469,3525
2021-03-26,San Francisco,075,870044,35176,35186,1276,36462,472
2021-03-26,San Joaquin,077,732212,69375,68249,3284,71533,1202
2021-03-26,San Luis Obispo,079,281455,20300,20118,648,20766,250
2021-03-26,San Mateo,081,765935,40702,40199,444,40643,348
2021-03-26,Santa Barbara,083,443738,33412,32895,1192,34087,439
2021-03-26,Santa Clara,085,1922200,113544,113959,666,114625,1868
2021-03-26,Santa Cruz,087,273765,15741,15199,860,16059,201
2021-03-26,Shasta,089,179085,11266,11276,1372,12648,182
2021-03-26,Sierra,091,2930,53,50,14,64,0
2021-03-26,Siskiyou,093,43540,1557,1493,273,1766,6
2021-03-26,Solano,095,438530,30795,30640,414,31054,205
2021-03-26,Sonoma,097,501317,28999,29101,269,29370,310
2021-03-26,Stanislaus,099,539301,52717,52420,5797,58217,678
2021-03-26,Sutter,101,95872,9127,9082,86,9168,104
2021-03-26,Tehama,103,63373,4748,4722,533,5255,51
2021-03-26,Trinity,105,12862,402,311,66,377,3
2021-03-26,Tulare,107,460477,48688,48179,9022,57201,813
2021-03-26,Tuolumne,109,53932,3963,3965,34,3999,57
2021-03-26,Ventura,111,848112,79494,79122,2978,82100,953
2021-03-26,Yolo,113,214977,13292,13299,257,13556,194
2021-03-26,Yuba,115,75493,5693,5653,107,5760,42
2021-03-25,Alameda,001,1643700,83473,82945,1871,84816,1206
2021-03-25,Alpine,003,1148,86,84,0,84,0
2021-03-25,Amador,005,37829,3562,3530,33,3563,45
2021-03-25,Butte,007,227075,11594,11270,1743,13013,188
2021-03-25,Calaveras,009,45235,1989,1982,12,1994,50
2021-03-25,Colusa,011,21464,1888,1888,281,2169,14
2021-03-25,Contra Costa,013,1133247,65487,64606,1183,65789,757
2021-03-25,Del Norte,015,27424,1164,1095,7,1102,6
2021-03-25,El Dorado,017,186661,9366,9331,646,9977,105
2021-03-25,Fresno,019,978130,99043,98602,8503,107105,1593
2021-03-25,Glenn,021,27897,2326,2302,540,2842,17
2021-03-25,Humboldt,023,135768,3439,3423,23,3446,34
2021-03-25,Imperial,025,180216,27449,27352,2729,30081,699
2021-03-25,Inyo,027,18085,1371,1369,2,1371,35
2021-03-25,Kern,029,883053,94979,93857,10620,104477,1206
2021-03-25,Kings,031,150075,22610,22472,1117,23589,237
2021-03-25,Lake,033,64148,3340,3312,8,3320,43
2021-03-25,Lassen,035,31185,5133,5129,105,5234,1
2021-03-25,Los Angeles,037,10098052,1183795,1177490,42202,1219692,23051
2021-03-25,Madera,039,155013,16039,15937,905,16842,210
2021-03-25,Marin,041,260295,13600,13538,201,13739,219
2021-03-25,Mariposa,043,17540,392,386,5,391,5
2021-03-25,Mendocino,045,87422,3740,3664,71,3735,45
2021-03-25,Merced,047,269075,29700,29576,951,30527,416
2021-03-25,Modoc,049,8938,354,343,120,463,3
2021-03-25,Mono,051,14174,1221,1235,13,1248,3
2021-03-25,Monterey,053,433212,42385,42220,1823,44043,336
2021-03-25,Napa,055,140530,9387,9321,32,9353,78
2021-03-25,Nevada,057,99092,4279,4202,182,4384,84
2021-03-25,Orange,059,3164182,250406,248871,11056,259927,4655
2021-03-25,Placer,061,380077,21401,20639,1270,21909,252
2021-03-25,Plumas,063,18699,665,654,11,665,4
2021-03-25,Riverside,065,2383286,286819,282492,14209,296701,4078
2021-03-25,Sacramento,067,1510023,98398,96823,1436,98259,1505
2021-03-25,San Benito,069,59416,5850,5850,97,5947,61
2021-03-25,San Bernardino,071,2135413,288319,285134,9173,294307,4222
2021-03-25,San Diego,073,3302833,269923,268623,13393,282016,3520
2021-03-25,San Francisco,075,870044,35137,35154,1274,36428,468
2021-03-25,San Joaquin,077,732212,69278,68089,3244,71333,1196
2021-03-25,San Luis Obispo,079,281455,20283,20076,647,20723,250
2021-03-25,San Mateo,081,765935,40662,40147,444,40591,348
2021-03-25,Santa Barbara,083,443738,33385,32857,1192,34049,439
2021-03-25,Santa Clara,085,1922200,113441,113877,664,114541,1868
2021-03-25,Santa Cruz,087,273765,15720,15170,860,16030,201
2021-03-25,Shasta,089,179085,11249,11262,1370,12632,181
2021-03-25,Sierra,091,2930,53,50,14,64,0
2021-03-25,Siskiyou,093,43540,1555,1491,272,1763,6
2021-03-25,Solano,095,438530,30735,30583,412,30995,193
2021-03-25,Sonoma,097,501317,28965,29060,265,29325,310
2021-03-25,Stanislaus,099,539301,52650,52321,5790,58111,678
2021-03-25,Sutter,101,95872,9118,9069,86,9155,104
2021-03-25,Tehama,103,63373,4746,4719,532,5251,52
2021-03-25,Trinity,105,12862,402,310,66,376,3
2021-03-25,Tulare,107,460477,48663,48148,9009,57157,811
2021-03-25,Tuolumne,109,53932,3962,3962,34,3996,57
2021-03-25,Ventura,111,848112,79454,79045,2974,82019,952
2021-03-25,Yolo,113,214977,13286,13287,257,13544,194
2021-03-25,Yuba,115,75493,5687,5647,101,5748,42
2021-03-24,Alameda,001,1643700,83378,82871,1868,84739,1199
2021-03-24,Alpine,003,1148,86,84,0,84,0
2021-03-24,Amador,005,37829,3556,3529,33,3562,45
2021-03-24,Butte,007,227075,11584,11252,1739,12991,187
2021-03-24,Calaveras,009,45235,1986,1975,12,1987,50
2021-03-24,Colusa,011,21464,1888,1886,280,2166,14
2021-03-24,Contra Costa,013,1133247,65407,64539,1182,65721,755
2021-03-24,Del Norte,015,27424,1159,1087,7,1094,6
2021-03-24,El Dorado,017,186661,9360,9319,645,9964,105
2021-03-24,Fresno,019,978130,98953,98437,8488,106925,1585
2021-03-24,Glenn,021,27897,2325,2297,539,2836,17
2021-03-24,Humboldt,023,135768,3436,3414,23,3437,34
2021-03-24,Imperial,025,180216,27440,27325,2729,30054,699
2021-03-24,Inyo,027,18085,1371,1368,2,1370,35
2021-03-24,Kern,029,883053,94931,93800,10611,104411,1198
2021-03-24,Kings,031,150075,22595,22456,1115,23571,237
2021-03-24,Lake,033,64148,3336,3307,8,3315,43
2021-03-24,Lassen,035,31185,5131,5130,104,5234,1
2021-03-24,Los Angeles,037,10098052,1183322,1177015,42165,1219180,22993
2021-03-24,Madera,039,155013,16030,15918,904,16822,210
2021-03-24,Marin,041,260295,13587,13526,199,13725,219
2021-03-24,Mariposa,043,17540,392,384,5,389,5
2021-03-24,Mendocino,045,87422,3737,3660,71,3731,45
2021-03-24,Merced,047,269075,29659,29525,951,30476,415
2021-03-24,Modoc,049,8938,353,341,120,461,3
2021-03-24,Mono,051,14174,1220,1243,13,1256,3
2021-03-24,Monterey,053,433212,42363,42201,1820,44021,335
2021-03-24,Napa,055,140530,9367,9310,32,9342,78
2021-03-24,Nevada,057,99092,4265,4191,181,4372,85
2021-03-24,Orange,059,3164182,250290,248775,11037,259812,4638
2021-03-24,Placer,061,380077,21371,20606,1262,21868,250
2021-03-24,Plumas,063,18699,663,652,11,663,4
2021-03-24,Riverside,065,2383286,286736,282410,14207,296617,4058
2021-03-24,Sacramento,067,1510023,98225,96628,1424,98052,1500
2021-03-24,San Benito,069,59416,5849,5847,97,5944,61
2021-03-24,San Bernardino,071,2135413,288234,284983,9171,294154,4170
2021-03-24,San Diego,073,3302833,269708,268413,13365,281778,3509
2021-03-24,San Francisco,075,870044,35109,35103,1271,36374,462
2021-03-24,San Joaquin,077,732212,69207,67978,3232,71210,1196
2021-03-24,San Luis Obispo,079,281455,20253,20021,646,20667,250
2021-03-24,San Mateo,081,765935,40612,40083,444,40527,348
2021-03-24,Santa Barbara,083,443738,33358,32810,1192,34002,438
2021-03-24,Santa Clara,085,1922200,113327,113757,660,114417,1851
2021-03-24,Santa Cruz,087,273765,15707,15138,858,15996,202
2021-03-24,Shasta,089,179085,11230,11243,1368,12611,181
2021-03-24,Sierra,091,2930,53,50,14,64,0
2021-03-24,Siskiyou,093,43540,1553,1490,272,1762,6
2021-03-24,Solano,095,438530,30698,30552,411,30963,178
2021-03-24,Sonoma,097,501317,28946,29034,260,29294,310
2021-03-24,Stanislaus,099,539301,52574,52259,5782,58041,677
2021-03-24,Sutter,101,95872,9102,9049,86,9135,104
2021-03-24,Tehama,103,63373,4740,4719,531,5250,49
2021-03-24,Trinity,105,12862,401,310,66,376,3
2021-03-24,Tulare,107,460477,48653,48109,8996,57105,808
2021-03-24,Tuolumne,109,53932,3961,3961,34,3995,57
2021-03-24,Ventura,111,848112,79402,78993,2967,81960,944
2021-03-24,Yolo,113,214977,13275,13269,257,13526,194
2021-03-24,Yuba,115,75493,5681,5634,98,5732,42
2021-03-23,Alameda,001,1643700,83275,82799,1864,84663,1190
2021-03-23,Alpine,003,1148,86,84,0,84,0
2021-03-23,Amador,005,37829,3550,3524,33,3557,45
2021-03-23,Butte,007,227075,11573,11227,1738,12965,187
2021-03-23,Calaveras,009,45235,1985,1971,12,1983,50
2021-03-23,Colusa,011,21464,1886,1885,279,2164,14
2021-03-23,Contra Costa,013,1133247,65308,64491,1181,65672,750
2021-03-23,Del Norte,015,27424,1154,1082,7,1089,6
2021-03-23,El Dorado,017,186661,9350,9318,643,9961,105
2021-03-23,Fresno,019,978130,98841,98362,8463,106825,1575
2021-03-23,Glenn,021,27897,2320,2293,537,2830,17
2021-03-23,Humboldt,023,135768,3427,3405,23,3428,34
2021-03-23,Imperial,025,180216,27432,27320,2729,30049,699
2021-03-23,Inyo,027,18085,1369,1364,2,1366,35
2021-03-23,Kern,029,883053,94824,93728,10604,104332,1191
2021-03-23,Kings,031,150075,22584,22439,1113,23552,237
2021-03-23,Lake,033,64148,3334,3294,8,3302,43
2021-03-23,Lassen,035,31185,5131,5130,104,5234,1
2021-03-23,Los Angeles,037,10098052,1182809,1176572,42125,1218697,22904
2021-03-23,Madera,039,155013,16014,15908,903,16811,210
2021-03-23,Marin,041,260295,13564,13514,197,13711,221
2021-03-23,Mariposa,043,17540,391,384,5,389,5
2021-03-23,Mendocino,045,87422,3735,3652,71,3723,45
2021-03-23,Merced,047,269075,29627,29485,951,30436,415
2021-03-23,Modoc,049,8938,352,342,120,462,3
2021-03-23,Mono,051,14174,1219,1263,13,1276,3
2021-03-23,Monterey,053,433212,42352,42180,1818,43998,335
2021-03-23,Napa,055,140530,9342,9299,32,9331,78
2021-03-23,Nevada,057,99092,4246,4179,180,4359,89
2021-03-23,Orange,059,3164182,250164,248661,11018,259679,4626
2021-03-23,Placer,061,380077,21337,20567,1258,21825,248
2021-03-23,Plumas,063,18699,663,652,11,663,4
2021-03-23,Riverside,065,2383286,286641,282317,14199,296516,4035
2021-03-23,Sacramento,067,1510023,98034,96521,1419,97940,1496
2021-03-23,San Benito,069,59416,5844,5845,96,5941,61
2021-03-23,San Bernardino,071,2135413,288151,284875,9163,294038,4134
2021-03-23,San Diego,073,3302833,269463,268156,13333,281489,3498
2021-03-23,San Francisco,075,870044,35051,35071,1264,36335,462
2021-03-23,San Joaquin,077,732212,69111,67903,3214,71117,1182
2021-03-23,San Luis Obispo,079,281455,20213,20009,645,20654,250
2021-03-23,San Mateo,081,765935,40556,40032,443,40475,348
2021-03-23,Santa Barbara,083,443738,33320,32771,1191,33962,438
2021-03-23,Santa Clara,085,1922200,113210,113645,657,114302,1848
2021-03-23,Santa Cruz,087,273765,15692,15106,858,15964,201
2021-03-23,Shasta,089,179085,11217,11234,1367,12601,175
2021-03-23,Sierra,091,2930,53,50,14,64,0
2021-03-23,Siskiyou,093,43540,1548,1485,270,1755,6
2021-03-23,Solano,095,438530,30657,30524,410,30934,178
2021-03-23,Sonoma,097,501317,28910,29020,258,29278,310
2021-03-23,Stanislaus,099,539301,52474,52148,5774,57922,677
2021-03-23,Sutter,101,95872,9094,9039,86,9125,104
2021-03-23,Tehama,103,63373,4729,4707,530,5237,46
2021-03-23,Trinity,105,12862,401,310,66,376,3
2021-03-23,Tulare,107,460477,48626,48095,8979,57074,808
2021-03-23,Tuolumne,109,53932,3958,3957,34,3991,57
2021-03-23,Ventura,111,848112,79341,78930,2964,81894,932
2021-03-23,Yolo,113,214977,13264,13255,257,13512,194
2021-03-23,Yuba,115,75493,5676,5628,98,5726,42
2021-03-22,Alameda,001,1643700,83183,82748,1858,84606,1189
2021-03-22,Alpine,003,1148,85,83,0,83,0
2021-03-22,Amador,005,37829,3542,3522,33,3555,44
2021-03-22,Butte,007,227075,11564,11211,1736,12947,185
2021-03-22,Calaveras,009,45235,1982,1963,12,1975,49
2021-03-22,Colusa,011,21464,1884,1885,278,2163,13
2021-03-22,Contra Costa,013,1133247,65213,64432,1179,65611,740
2021-03-22,Del Norte,015,27424,1148,1082,7,1089,6
2021-03-22,El Dorado,017,186661,9334,9310,640,9950,105
2021-03-22,Fresno,019,978130,98745,98276,8449,106725,1556
2021-03-22,Glenn,021,27897,2312,2291,537,2828,17
2021-03-22,Humboldt,023,135768,3422,3403,23,3426,34
2021-03-22,Imperial,025,180216,27417,27302,2725,30027,699
2021-03-22,Inyo,027,18085,1366,1363,2,1365,35
2021-03-22,Kern,029,883053,94754,93675,10587,104262,1178
2021-03-22,Kings,031,150075,22571,22433,1108,23541,236
2021-03-22,Lake,033,64148,3333,3290,8,3298,43
2021-03-22,Lassen,035,31185,5129,5129,104,5233,1
2021-03-22,Los Angeles,037,10098052,1182303,1176205,42090,1218295,22843
2021-03-22,Madera,039,155013,15999,15904,903,16807,210
2021-03-22,Marin,041,260295,13555,13501,196,13697,221
2021-03-22,Mariposa,043,17540,390,381,5,386,5
2021-03-22,Mendocino,045,87422,3733,3653,71,3724,45
2021-03-22,Merced,047,269075,29584,29468,948,30416,413
2021-03-22,Modoc,049,8938,350,342,120,462,3
2021-03-22,Mono,051,14174,1214,1263,13,1276,3
2021-03-22,Monterey,053,433212,42335,42161,1816,43977,335
2021-03-22,Napa,055,140530,9331,9288,32,9320,77
2021-03-22,Nevada,057,99092,4236,4174,175,4349,89
2021-03-22,Orange,059,3164182,250014,248517,10983,259500,4599
2021-03-22,Placer,061,380077,21301,20543,1253,21796,242
2021-03-22,Plumas,063,18699,663,652,11,663,4
2021-03-22,Riverside,065,2383286,286548,282242,14188,296430,4009
2021-03-22,Sacramento,067,1510023,97856,96385,1409,97794,1493
2021-03-22,San Benito,069,59416,5841,5844,95,5939,61
2021-03-22,San Bernardino,071,2135413,288064,284771,9150,293921,4107
2021-03-22,San Diego,073,3302833,269251,267913,13313,281226,3494
2021-03-22,San Francisco,075,870044,35009,35040,1260,36300,462
2021-03-22,San Joaquin,077,732212,69020,67815,3195,71010,1182
2021-03-22,San Luis Obispo,079,281455,20189,20000,644,20644,250
2021-03-22,San Mateo,081,765935,40506,40024,441,40465,348
2021-03-22,Santa Barbara,083,443738,33274,32756,1188,33944,437
2021-03-22,Santa Clara,085,1922200,113091,113575,657,114232,1845
2021-03-22,Santa Cruz,087,273765,15680,15077,857,15934,201
2021-03-22,Shasta,089,179085,11203,11218,1366,12584,150
2021-03-22,Sierra,091,2930,53,50,14,64,0
2021-03-22,Siskiyou,093,43540,1547,1487,269,1756,5
2021-03-22,Solano,095,438530,30618,30490,406,30896,171
2021-03-22,Sonoma,097,501317,28881,29010,254,29264,310
2021-03-22,Stanislaus,099,539301,52390,52083,5769,57852,677
2021-03-22,Sutter,101,95872,9081,9024,86,9110,104
2021-03-22,Tehama,103,63373,4721,4704,530,5234,45
2021-03-22,Trinity,105,12862,401,310,66,376,3
2021-03-22,Tulare,107,460477,48611,48074,8958,57032,807
2021-03-22,Tuolumne,109,53932,3955,3954,34,3988,57
2021-03-22,Ventura,111,848112,79293,78890,2961,81851,927
2021-03-22,Yolo,113,214977,13252,13243,256,13499,190
2021-03-22,Yuba,115,75493,5665,5627,96,5723,42
2021-03-21,Alameda,001,1643700,83095,82684,1855,84539,1187
2021-03-21,Alpine,003,1148,85,83,0,83,0
2021-03-21,Amador,005,37829,3538,3519,33,3552,44
2021-03-21,Butte,007,227075,11548,11208,1730,12938,185
2021-03-21,Calaveras,009,45235,1979,1962,12,1974,49
2021-03-21,Colusa,011,21464,1884,1885,278,2163,13
2021-03-21,Contra Costa,013,1133247,65131,64382,1175,65557,740
2021-03-21,Del Norte,015,27424,1133,1076,7,1083,6
2021-03-21,El Dorado,017,186661,9324,9302,635,9937,105
2021-03-21,Fresno,019,978130,98633,98211,8425,106636,1556
2021-03-21,Glenn,021,27897,2309,2288,536,2824,17
2021-03-21,Humboldt,023,135768,3417,3402,23,3425,34
2021-03-21,Imperial,025,180216,27400,27267,2716,29983,699
2021-03-21,Inyo,027,18085,1366,1363,2,1365,35
2021-03-21,Kern,029,883053,94690,93649,10576,104225,1170
2021-03-21,Kings,031,150075,22554,22422,1107,23529,236
2021-03-21,Lake,033,64148,3329,3286,8,3294,43
2021-03-21,Lassen,035,31185,5129,5129,104,5233,1
2021-03-21,Los Angeles,037,10098052,1181778,1175684,42039,1217723,22834
2021-03-21,Madera,039,155013,15980,15895,901,16796,210
2021-03-21,Marin,041,260295,13539,13495,195,13690,220
2021-03-21,Mariposa,043,17540,390,381,5,386,5
2021-03-21,Mendocino,045,87422,3730,3651,71,3722,45
2021-03-21,Merced,047,269075,29524,29446,942,30388,413
2021-03-21,Modoc,049,8938,350,341,120,461,3
2021-03-21,Mono,051,14174,1209,1263,13,1276,3
2021-03-21,Monterey,053,433212,42310,42153,1813,43966,335
2021-03-21,Napa,055,140530,9311,9282,32,9314,77
2021-03-21,Nevada,057,99092,4223,4169,175,4344,89
2021-03-21,Orange,059,3164182,249882,248442,10955,259397,4598
2021-03-21,Placer,061,380077,21265,20520,1245,21765,242
2021-03-21,Plumas,063,18699,663,653,11,664,4
2021-03-21,Riverside,065,2383286,286443,282187,14176,296363,4009
2021-03-21,Sacramento,067,1510023,97662,96269,1401,97670,1489
2021-03-21,San Benito,069,59416,5835,5842,95,5937,61
2021-03-21,San Bernardino,071,2135413,287976,284732,9144,293876,4094
2021-03-21,San Diego,073,3302833,268991,267724,13287,281011,3494
2021-03-21,San Francisco,075,870044,34962,35012,1253,36265,460
2021-03-21,San Joaquin,077,732212,68898,67729,3177,70906,1182
2021-03-21,San Luis Obispo,079,281455,20157,19979,642,20621,250
2021-03-21,San Mateo,081,765935,40461,39988,440,40428,344
2021-03-21,Santa Barbara,083,443738,33234,32743,1186,33929,437
2021-03-21,Santa Clara,085,1922200,112962,113487,654,114141,1840
2021-03-21,Santa Cruz,087,273765,15673,15064,857,15921,199
2021-03-21,Shasta,089,179085,11183,11215,1365,12580,150
2021-03-21,Sierra,091,2930,53,50,14,64,0
2021-03-21,Siskiyou,093,43540,1547,1486,268,1754,5
2021-03-21,Solano,095,438530,30578,30474,403,30877,171
2021-03-21,Sonoma,097,501317,28852,28986,253,29239,310
2021-03-21,Stanislaus,099,539301,52300,52014,5768,57782,677
2021-03-21,Sutter,101,95872,9068,9021,86,9107,104
2021-03-21,Tehama,103,63373,4717,4701,530,5231,45
2021-03-21,Trinity,105,12862,399,310,66,376,3
2021-03-21,Tulare,107,460477,48595,48060,8946,57006,807
2021-03-21,Tuolumne,109,53932,3953,3953,34,3987,57
2021-03-21,Ventura,111,848112,79229,78863,2956,81819,927
2021-03-21,Yolo,113,214977,13231,13235,256,13491,190
2021-03-21,Yuba,115,75493,5655,5624,96,5720,42
2021-03-20,Alameda,001,1643700,83026,82614,1853,84467,1178
2021-03-20,Alpine,003,1148,85,83,0,83,0
2021-03-20,Amador,005,37829,3536,3518,33,3551,44
2021-03-20,Butte,007,227075,11542,11199,1728,12927,185
2021-03-20,Calaveras,009,45235,1976,1961,12,1973,49
2021-03-20,Colusa,011,21464,1884,1883,278,2161,12
2021-03-20,Contra Costa,013,1133247,65071,64313,1175,65488,713
2021-03-20,Del Norte,015,27424,1132,1075,7,1082,6
2021-03-20,El Dorado,017,186661,9318,9290,635,9925,105
2021-03-20,Fresno,019,978130,98573,98112,8418,106530,1532
2021-03-20,Glenn,021,27897,2308,2288,534,2822,17
2021-03-20,Humboldt,023,135768,3410,3399,23,3422,33
2021-03-20,Imperial,025,180216,27394,27239,2714,29953,695
2021-03-20,Inyo,027,18085,1366,1362,2,1364,35
2021-03-20,Kern,029,883053,94661,93606,10572,104178,1155
2021-03-20,Kings,031,150075,22549,22415,1106,23521,236
2021-03-20,Lake,033,64148,3325,3280,8,3288,43
2021-03-20,Lassen,035,31185,5129,5128,104,5232,1
2021-03-20,Los Angeles,037,10098052,1181481,1175290,42012,1217302,22810
2021-03-20,Madera,039,155013,15972,15891,900,16791,210
2021-03-20,Marin,041,260295,13527,13470,191,13661,220
2021-03-20,Mariposa,043,17540,389,381,5,386,5
2021-03-20,Mendocino,045,87422,3729,3639,71,3710,43
2021-03-20,Merced,047,269075,29493,29411,939,30350,412
2021-03-20,Modoc,049,8938,349,341,120,461,3
2021-03-20,Mono,051,14174,1209,1256,13,1269,3
2021-03-20,Monterey,053,433212,42301,42146,1812,43958,334
2021-03-20,Napa,055,140530,9303,9274,32,9306,77
2021-03-20,Nevada,057,99092,4212,4164,174,4338,89
2021-03-20,Orange,059,3164182,249801,248348,10942,259290,4522
2021-03-20,Placer,061,380077,21243,20505,1243,21748,242
2021-03-20,Plumas,063,18699,660,652,11,663,4
2021-03-20,Riverside,065,2383286,286370,282081,14172,296253,4000
2021-03-20,Sacramento,067,1510023,97552,96126,1397,97523,1488
2021-03-20,San Benito,069,59416,5831,5840,95,5935,61
2021-03-20,San Bernardino,071,2135413,287911,284690,9140,293830,3965
2021-03-20,San Diego,073,3302833,268820,267532,13280,280812,3493
2021-03-20,San Francisco,075,870044,34939,34968,1246,36214,453
2021-03-20,San Joaquin,077,732212,68857,67662,3170,70832,1161
2021-03-20,San Luis Obispo,079,281455,20141,19951,636,20587,250
2021-03-20,San Mateo,081,765935,40427,39958,439,40397,344
2021-03-20,Santa Barbara,083,443738,33210,32723,1185,33908,434
2021-03-20,Santa Clara,085,1922200,112870,113384,653,114037,1799
2021-03-20,Santa Cruz,087,273765,15657,15053,857,15910,199
2021-03-20,Shasta,089,179085,11177,11211,1365,12576,147
2021-03-20,Sierra,091,2930,53,50,14,64,0
2021-03-20,Siskiyou,093,43540,1547,1483,268,1751,5
2021-03-20,Solano,095,438530,30548,30439,403,30842,170
2021-03-20,Sonoma,097,501317,28837,28962,252,29214,309
2021-03-20,Stanislaus,099,539301,52245,51925,5760,57685,673
2021-03-20,Sutter,101,95872,9060,9014,86,9100,103
2021-03-20,Tehama,103,63373,4712,4696,528,5224,33
2021-03-20,Trinity,105,12862,398,310,66,376,3
2021-03-20,Tulare,107,460477,48580,48030,8929,56959,804
2021-03-20,Tuolumne,109,53932,3950,3950,34,3984,57
2021-03-20,Ventura,111,848112,79192,78818,2954,81772,922
2021-03-20,Yolo,113,214977,13227,13226,256,13482,190
2021-03-20,Yuba,115,75493,5652,5621,95,5716,42
2021-03-19,Alameda,001,1643700,82953,82499,1851,84350,1187
2021-03-19,Alpine,003,1148,84,82,0,82,0
2021-03-19,Amador,005,37829,3533,3515,33,3548,44
2021-03-19,Butte,007,227075,11533,11191,1725,12916,185
2021-03-19,Calaveras,009,45235,1975,1957,12,1969,49
2021-03-19,Colusa,011,21464,1883,1883,278,2161,12
2021-03-19,Contra Costa,013,1133247,65012,64195,1172,65367,737
2021-03-19,Del Norte,015,27424,1126,1071,5,1076,6
2021-03-19,El Dorado,017,186661,9309,9274,635,9909,105
2021-03-19,Fresno,019,978130,98491,97969,8403,106372,1527
2021-03-19,Glenn,021,27897,2308,2282,534,2816,17
2021-03-19,Humboldt,023,135768,3401,3388,23,3411,33
2021-03-19,Imperial,025,180216,27382,27218,2709,29927,695
2021-03-19,Inyo,027,18085,1364,1356,2,1358,35
2021-03-19,Kern,029,883053,94628,93534,10559,104093,1152
2021-03-19,Kings,031,150075,22540,22369,1103,23472,235
2021-03-19,Lake,033,64148,3319,3262,8,3270,43
2021-03-19,Lassen,035,31185,5129,5126,104,5230,1
2021-03-19,Los Angeles,037,10098052,1181146,1174818,41996,1216814,22752
2021-03-19,Madera,039,155013,15965,15877,899,16776,210
2021-03-19,Marin,041,260295,13515,13441,191,13632,220
2021-03-19,Mariposa,043,17540,388,380,5,385,5
2021-03-19,Mendocino,045,87422,3728,3639,71,3710,45
2021-03-19,Merced,047,269075,29464,29376,938,30314,412
2021-03-19,Modoc,049,8938,349,341,120,461,3
2021-03-19,Mono,051,14174,1207,1244,13,1257,3
2021-03-19,Monterey,053,433212,42292,42125,1810,43935,335
2021-03-19,Napa,055,140530,9291,9256,32,9288,77
2021-03-19,Nevada,057,99092,4201,4156,174,4330,88
2021-03-19,Orange,059,3164182,249701,248146,10929,259075,4501
2021-03-19,Placer,061,380077,21225,20451,1241,21692,242
2021-03-19,Plumas,063,18699,660,650,11,661,4
2021-03-19,Riverside,065,2383286,286288,281937,14167,296104,3989
2021-03-19,Sacramento,067,1510023,97450,95934,1394,97328,1486
2021-03-19,San Benito,069,59416,5831,5845,95,5940,61
2021-03-19,San Bernardino,071,2135413,287839,284501,9138,293639,4017
2021-03-19,San Diego,073,3302833,268685,267173,13270,280443,3491
2021-03-19,San Francisco,075,870044,34893,34936,1243,36179,461
2021-03-19,San Joaquin,077,732212,68787,67515,3156,70671,1180
2021-03-19,San Luis Obispo,079,281455,20121,19913,634,20547,249
2021-03-19,San Mateo,081,765935,40403,39893,439,40332,344
2021-03-19,Santa Barbara,083,443738,33181,32685,1184,33869,435
2021-03-19,Santa Clara,085,1922200,112796,113232,652,113884,1797
2021-03-19,Santa Cruz,087,273765,15650,15026,857,15883,199
2021-03-19,Shasta,089,179085,11170,11104,1363,12467,103
2021-03-19,Sierra,091,2930,52,49,14,63,0
2021-03-19,Siskiyou,093,43540,1547,1480,267,1747,5
2021-03-19,Solano,095,438530,30518,30395,401,30796,172
2021-03-19,Sonoma,097,501317,28816,28932,250,29182,292
2021-03-19,Stanislaus,099,539301,52187,51755,5757,57512,679
2021-03-19,Sutter,101,95872,9058,9005,86,9091,103
2021-03-19,Tehama,103,63373,4704,4685,528,5213,33
2021-03-19,Trinity,105,12862,398,310,66,376,3
2021-03-19,Tulare,107,460477,48557,47989,8906,56895,805
2021-03-19,Tuolumne,109,53932,3947,3946,34,3980,57
2021-03-19,Ventura,111,848112,79154,78753,2949,81702,920
2021-03-19,Yolo,113,214977,13219,13197,256,13453,189
2021-03-19,Yuba,115,75493,5649,5615,94,5709,42
2021-03-18,Alameda,001,1643700,82869,82419,1848,84267,1189
2021-03-18,Alpine,003,1148,84,82,0,82,0
2021-03-18,Amador,005,37829,3529,3513,33,3546,44
2021-03-18,Butte,007,227075,11522,11179,1723,12902,185
2021-03-18,Calaveras,009,45235,1972,1954,12,1966,49
2021-03-18,Colusa,011,21464,1883,1882,278,2160,12
2021-03-18,Contra Costa,013,1133247,64939,64103,1169,65272,739
2021-03-18,Del Norte,015,27424,1117,1059,5,1064,6
2021-03-18,El Dorado,017,186661,9296,9261,634,9895,105
2021-03-18,Fresno,019,978130,98395,97856,8388,106244,1527
2021-03-18,Glenn,021,27897,2304,2275,533,2808,17
2021-03-18,Humboldt,023,135768,3393,3381,23,3404,34
2021-03-18,Imperial,025,180216,27366,27190,2703,29893,695
2021-03-18,Inyo,027,18085,1361,1354,2,1356,35
2021-03-18,Kern,029,883053,94571,93458,10545,104003,1158
2021-03-18,Kings,031,150075,22533,22354,1102,23456,235
2021-03-18,Lake,033,64148,3316,3260,8,3268,43
2021-03-18,Lassen,035,31185,5128,5126,104,5230,1
2021-03-18,Los Angeles,037,10098052,1180717,1174205,41965,1216170,22689
2021-03-18,Madera,039,155013,15953,15860,897,16757,211
2021-03-18,Marin,041,260295,13497,13435,190,13625,219
2021-03-18,Mariposa,043,17540,386,380,5,385,5
2021-03-18,Mendocino,045,87422,3718,3630,71,3701,45
2021-03-18,Merced,047,269075,29429,29317,938,30255,410
2021-03-18,Modoc,049,8938,349,341,120,461,3
2021-03-18,Mono,051,14174,1203,1215,13,1228,3
2021-03-18,Monterey,053,433212,42279,42105,1810,43915,335
2021-03-18,Napa,055,140530,9282,9243,32,9275,77
2021-03-18,Nevada,057,99092,4194,4154,174,4328,74
2021-03-18,Orange,059,3164182,249598,248050,10916,258966,4514
2021-03-18,Placer,061,380077,21193,20421,1238,21659,243
2021-03-18,Plumas,063,18699,658,648,11,659,4
2021-03-18,Riverside,065,2383286,286209,281789,14160,295949,3957
2021-03-18,Sacramento,067,1510023,97302,95819,1390,97209,1481
2021-03-18,San Benito,069,59416,5829,5842,95,5937,61
2021-03-18,San Bernardino,071,2135413,287759,284294,9108,293402,4076
2021-03-18,San Diego,073,3302833,268533,266752,13260,280012,3478
2021-03-18,San Francisco,075,870044,34854,34904,1242,36146,461
2021-03-18,San Joaquin,077,732212,68687,67301,3144,70445,1169
2021-03-18,San Luis Obispo,079,281455,20092,19894,633,20527,249
2021-03-18,San Mateo,081,765935,40362,39874,439,40313,344
2021-03-18,Santa Barbara,083,443738,33139,32640,1184,33824,434
2021-03-18,Santa Clara,085,1922200,112679,113119,648,113767,1808
2021-03-18,Santa Cruz,087,273765,15640,14998,857,15855,198
2021-03-18,Shasta,089,179085,11156,11059,1361,12420,100
2021-03-18,Sierra,091,2930,52,49,14,63,0
2021-03-18,Siskiyou,093,43540,1544,1480,266,1746,5
2021-03-18,Solano,095,438530,30476,30352,398,30750,172
2021-03-18,Sonoma,097,501317,28794,28915,248,29163,292
2021-03-18,Stanislaus,099,539301,52115,51615,5753,57368,682
2021-03-18,Sutter,101,95872,9046,8999,86,9085,103
2021-03-18,Tehama,103,63373,4698,4683,527,5210,35
2021-03-18,Trinity,105,12862,398,310,66,376,3
2021-03-18,Tulare,107,460477,48538,47964,8891,56855,805
2021-03-18,Tuolumne,109,53932,3947,3942,34,3976,57
2021-03-18,Ventura,111,848112,79098,78697,2949,81646,918
2021-03-18,Yolo,113,214977,13206,13183,256,13439,191
2021-03-18,Yuba,115,75493,5645,5612,94,5706,42
2021-03-17,Alameda,001,1643700,82793,82353,1843,84196,1185
2021-03-17,Alpine,003,1148,84,82,0,82,0
2021-03-17,Amador,005,37829,3527,3511,33,3544,44
2021-03-17,Butte,007,227075,11513,11170,1721,12891,185
2021-03-17,Calaveras,009,45235,1970,1946,12,1958,49
2021-03-17,Colusa,011,21464,1882,1882,278,2160,12
2021-03-17,Contra Costa,013,1133247,64870,64026,1168,65194,737
2021-03-17,Del Norte,015,27424,1113,1053,5,1058,6
2021-03-17,El Dorado,017,186661,9286,9252,634,9886,105
2021-03-17,Fresno,019,978130,98285,97727,8369,106096,1507
2021-03-17,Glenn,021,27897,2297,2269,532,2801,17
2021-03-17,Humboldt,023,135768,3385,3365,23,3388,33
2021-03-17,Imperial,025,180216,27350,27168,2701,29869,691
2021-03-17,Inyo,027,18085,1359,1351,2,1353,35
2021-03-17,Kern,029,883053,94515,93392,10532,103924,1149
2021-03-17,Kings,031,150075,22517,22336,1101,23437,233
2021-03-17,Lake,033,64148,3309,3251,8,3259,43
2021-03-17,Lassen,035,31185,5127,5125,104,5229,1
2021-03-17,Los Angeles,037,10098052,1180266,1173416,41931,1215347,22602
2021-03-17,Madera,039,155013,15946,15835,896,16731,214
2021-03-17,Marin,041,260295,13479,13428,189,13617,218
2021-03-17,Mariposa,043,17540,386,379,5,384,5
2021-03-17,Mendocino,045,87422,3714,3625,71,3696,44
2021-03-17,Merced,047,269075,29401,29250,934,30184,408
2021-03-17,Modoc,049,8938,349,341,120,461,3
2021-03-17,Mono,051,14174,1201,1212,13,1225,3
2021-03-17,Monterey,053,433212,42260,42061,1807,43868,334
2021-03-17,Napa,055,140530,9267,9219,32,9251,76
2021-03-17,Nevada,057,99092,4184,4145,174,4319,74
2021-03-17,Orange,059,3164182,249480,247943,10888,258831,4502
2021-03-17,Placer,061,380077,21166,20369,1236,21605,243
2021-03-17,Plumas,063,18699,657,645,11,656,4
2021-03-17,Riverside,065,2383286,286098,281649,14152,295801,3925
2021-03-17,Sacramento,067,1510023,97175,95650,1384,97034,1477
2021-03-17,San Benito,069,59416,5826,5841,95,5936,61
2021-03-17,San Bernardino,071,2135413,287644,284170,9102,293272,4049
2021-03-17,San Diego,073,3302833,268322,266313,13242,279555,3470
2021-03-17,San Francisco,075,870044,34819,34873,1241,36114,457
2021-03-17,San Joaquin,077,732212,68602,67093,3128,70221,1164
2021-03-17,San Luis Obispo,079,281455,20069,19858,629,20487,249
2021-03-17,San Mateo,081,765935,40332,39838,438,40276,344
2021-03-17,Santa Barbara,083,443738,33119,32585,1183,33768,433
2021-03-17,Santa Clara,085,1922200,112586,112983,647,113630,1805
2021-03-17,Santa Cruz,087,273765,15632,14967,857,15824,199
2021-03-17,Shasta,089,179085,11151,11045,1358,12403,100
2021-03-17,Sierra,091,2930,52,49,14,63,0
2021-03-17,Siskiyou,093,43540,1543,1479,264,1743,5
2021-03-17,Solano,095,438530,30450,30320,396,30716,171
2021-03-17,Sonoma,097,501317,28770,28877,247,29124,292
2021-03-17,Stanislaus,099,539301,52042,51524,5746,57270,682
2021-03-17,Sutter,101,95872,9036,8982,86,9068,103
2021-03-17,Tehama,103,63373,4692,4670,527,5197,34
2021-03-17,Trinity,105,12862,398,308,66,374,3
2021-03-17,Tulare,107,460477,48518,47929,8881,56810,805
2021-03-17,Tuolumne,109,53932,3944,3938,34,3972,57
2021-03-17,Ventura,111,848112,79043,78648,2946,81594,916
2021-03-17,Yolo,113,214977,13190,13169,255,13424,190
2021-03-17,Yuba,115,75493,5642,5603,94,5697,42
2021-03-16,Alameda,001,1643700,82678,82259,1841,84100,1177
2021-03-16,Alpine,003,1148,84,82,0,82,0
2021-03-16,Amador,005,37829,3525,3510,33,3543,44
2021-03-16,Butte,007,227075,11501,11154,1720,12874,184
2021-03-16,Calaveras,009,45235,1965,1945,12,1957,49
2021-03-16,Colusa,011,21464,1881,1882,278,2160,12
2021-03-16,Contra Costa,013,1133247,64789,63951,1164,65115,736
2021-03-16,Del Norte,015,27424,1105,1048,5,1053,6
2021-03-16,El Dorado,017,186661,9270,9249,634,9883,105
2021-03-16,Fresno,019,978130,98152,97638,8344,105982,1498
2021-03-16,Glenn,021,27897,2289,2267,528,2795,17
2021-03-16,Humboldt,023,135768,3381,3351,23,3374,33
2021-03-16,Imperial,025,180216,27339,27143,2699,29842,689
2021-03-16,Inyo,027,18085,1358,1346,2,1348,35
2021-03-16,Kern,029,883053,94449,93340,10516,103856,1144
2021-03-16,Kings,031,150075,22481,22320,1100,23420,233
2021-03-16,Lake,033,64148,3301,3246,8,3254,43
2021-03-16,Lassen,035,31185,5126,5126,104,5230,1
2021-03-16,Los Angeles,037,10098052,1179737,1172676,41891,1214567,22527
2021-03-16,Madera,039,155013,15930,15822,894,16716,214
2021-03-16,Marin,041,260295,13461,13419,189,13608,218
2021-03-16,Mariposa,043,17540,383,379,5,384,5
2021-03-16,Mendocino,045,87422,3709,3623,71,3694,44
2021-03-16,Merced,047,269075,29348,29198,933,30131,407
2021-03-16,Modoc,049,8938,349,341,120,461,3
2021-03-16,Mono,051,14174,1200,1207,13,1220,3
2021-03-16,Monterey,053,433212,42241,42023,1807,43830,334
2021-03-16,Napa,055,140530,9257,9209,32,9241,75
2021-03-16,Nevada,057,99092,4175,4132,173,4305,67
2021-03-16,Orange,059,3164182,249343,247843,10868,258711,4479
2021-03-16,Placer,061,380077,21133,20339,1231,21570,240
2021-03-16,Plumas,063,18699,656,643,11,654,4
2021-03-16,Riverside,065,2383286,285992,281540,14139,295679,3893
2021-03-16,Sacramento,067,1510023,97032,95522,1380,96902,1466
2021-03-16,San Benito,069,59416,5821,5831,95,5926,61
2021-03-16,San Bernardino,071,2135413,287515,283980,9094,293074,4032
2021-03-16,San Diego,073,3302833,268090,265903,13229,279132,3462
2021-03-16,San Francisco,075,870044,34790,34833,1236,36069,456
2021-03-16,San Joaquin,077,732212,68500,66856,3115,69971,1163
2021-03-16,San Luis Obispo,079,281455,20040,19832,627,20459,248
2021-03-16,San Mateo,081,765935,40298,39806,436,40242,344
2021-03-16,Santa Barbara,083,443738,33087,32556,1182,33738,433
2021-03-16,Santa Clara,085,1922200,112468,112845,644,113489,1797
2021-03-16,Santa Cruz,087,273765,15626,14926,857,15783,199
2021-03-16,Shasta,089,179085,11135,11035,1355,12390,100
2021-03-16,Sierra,091,2930,51,49,14,63,0
2021-03-16,Siskiyou,093,43540,1539,1477,264,1741,5
2021-03-16,Solano,095,438530,30416,30298,395,30693,171
2021-03-16,Sonoma,097,501317,28738,28850,245,29095,291
2021-03-16,Stanislaus,099,539301,51962,51410,5739,57149,683
2021-03-16,Sutter,101,95872,9028,8970,86,9056,102
2021-03-16,Tehama,103,63373,4688,4660,526,5186,34
2021-03-16,Trinity,105,12862,398,308,65,373,3
2021-03-16,Tulare,107,460477,48471,47895,8873,56768,803
2021-03-16,Tuolumne,109,53932,3941,3938,34,3972,57
2021-03-16,Ventura,111,848112,78976,78671,2939,81610,916
2021-03-16,Yolo,113,214977,13175,13162,255,13417,190
2021-03-16,Yuba,115,75493,5639,5596,93,5689,42
2021-03-15,Alameda,001,1643700,82590,82159,1841,84000,1167
2021-03-15,Alpine,003,1148,84,82,0,82,0
2021-03-15,Amador,005,37829,3524,3506,33,3539,44
2021-03-15,Butte,007,227075,11488,11141,1716,12857,185
2021-03-15,Calaveras,009,45235,1964,1941,12,1953,49
2021-03-15,Colusa,011,21464,1881,1883,278,2161,12
2021-03-15,Contra Costa,013,1133247,64727,63847,1163,65010,732
2021-03-15,Del Norte,015,27424,1102,1048,5,1053,6
2021-03-15,El Dorado,017,186661,9264,9235,633,9868,103
2021-03-15,Fresno,019,978130,98026,97520,8328,105848,1496
2021-03-15,Glenn,021,27897,2284,2261,525,2786,15
2021-03-15,Humboldt,023,135768,3375,3337,23,3360,32
2021-03-15,Imperial,025,180216,27318,27122,2697,29819,684
2021-03-15,Inyo,027,18085,1358,1346,2,1348,35
2021-03-15,Kern,029,883053,94389,93266,10509,103775,1141
2021-03-15,Kings,031,150075,22464,22294,1095,23389,233
2021-03-15,Lake,033,64148,3289,3237,8,3245,43
2021-03-15,Lassen,035,31185,5126,5125,104,5229,1
2021-03-15,Los Angeles,037,10098052,1179175,1172445,41850,1214295,22477
2021-03-15,Madera,039,155013,15919,15806,892,16698,214
2021-03-15,Marin,041,260295,13455,13408,188,13596,218
2021-03-15,Mariposa,043,17540,383,376,5,381,5
2021-03-15,Mendocino,045,87422,3705,3615,71,3686,44
2021-03-15,Merced,047,269075,29308,29169,932,30101,407
2021-03-15,Modoc,049,8938,349,340,120,460,3
2021-03-15,Mono,051,14174,1199,1206,13,1219,3
2021-03-15,Monterey,053,433212,42213,42011,1804,43815,333
2021-03-15,Napa,055,140530,9246,9196,32,9228,75
2021-03-15,Nevada,057,99092,4170,4123,172,4295,66
2021-03-15,Orange,059,3164182,249231,247697,10848,258545,4481
2021-03-15,Placer,061,380077,21110,20308,1231,21539,238
2021-03-15,Plumas,063,18699,656,642,11,653,4
2021-03-15,Riverside,065,2383286,285849,281367,14127,295494,3856
2021-03-15,Sacramento,067,1510023,96879,95414,1374,96788,1463
2021-03-15,San Benito,069,59416,5818,5831,95,5926,61
2021-03-15,San Bernardino,071,2135413,287422,283815,9086,292901,4004
2021-03-15,San Diego,073,3302833,267840,265646,13213,278859,3452
2021-03-15,San Francisco,075,870044,34754,34820,1232,36052,456
2021-03-15,San Joaquin,077,732212,68396,66622,3102,69724,1140
2021-03-15,San Luis Obispo,079,281455,20010,19813,622,20435,247
2021-03-15,San Mateo,081,765935,40244,39765,436,40201,344
2021-03-15,Santa Barbara,083,443738,33065,32529,1179,33708,431
2021-03-15,Santa Clara,085,1922200,112367,112729,642,113371,1798
2021-03-15,Santa Cruz,087,273765,15620,14899,855,15754,200
2021-03-15,Shasta,089,179085,11119,11019,1350,12369,92
2021-03-15,Sierra,091,2930,51,49,14,63,0
2021-03-15,Siskiyou,093,43540,1539,1475,264,1739,5
2021-03-15,Solano,095,438530,30387,30258,394,30652,171
2021-03-15,Sonoma,097,501317,28720,28814,242,29056,285
2021-03-15,Stanislaus,099,539301,51884,51357,5732,57089,683
2021-03-15,Sutter,101,95872,9022,8962,86,9048,102
2021-03-15,Tehama,103,63373,4678,4650,525,5175,34
2021-03-15,Trinity,105,12862,398,308,65,373,3
2021-03-15,Tulare,107,460477,48441,47857,8858,56715,800
2021-03-15,Tuolumne,109,53932,3939,3937,33,3970,57
2021-03-15,Ventura,111,848112,78922,78626,2938,81564,910
2021-03-15,Yolo,113,214977,13156,13131,253,13384,190
2021-03-15,Yuba,115,75493,5634,5585,92,5677,42
2021-03-14,Alameda,001,1643700,82504,82116,1838,83954,1168
2021-03-14,Alpine,003,1148,84,82,0,82,0
2021-03-14,Amador,005,37829,3519,3504,33,3537,44
2021-03-14,Butte,007,227075,11475,11140,1712,12852,185
2021-03-14,Calaveras,009,45235,1961,1939,12,1951,49
2021-03-14,Colusa,011,21464,1881,1883,278,2161,12
2021-03-14,Contra Costa,013,1133247,64623,63808,1161,64969,731
2021-03-14,Del Norte,015,27424,1088,1048,5,1053,6
2021-03-14,El Dorado,017,186661,9254,9231,633,9864,103
2021-03-14,Fresno,019,978130,97919,97461,8309,105770,1496
2021-03-14,Glenn,021,27897,2279,2260,522,2782,15
2021-03-14,Humboldt,023,135768,3361,3335,23,3358,32
2021-03-14,Imperial,025,180216,27300,27122,2693,29815,685
2021-03-14,Inyo,027,18085,1354,1346,2,1348,35
2021-03-14,Kern,029,883053,94308,93252,10489,103741,1141
2021-03-14,Kings,031,150075,22446,22292,1092,23384,232
2021-03-14,Lake,033,64148,3284,3237,8,3245,43
2021-03-14,Lassen,035,31185,5124,5125,104,5229,1
2021-03-14,Los Angeles,037,10098052,1178608,1172100,41811,1213911,22476
2021-03-14,Madera,039,155013,15894,15804,892,16696,214
2021-03-14,Marin,041,260295,13439,13405,186,13591,218
2021-03-14,Mariposa,043,17540,381,376,5,381,5
2021-03-14,Mendocino,045,87422,3700,3613,71,3684,44
2021-03-14,Merced,047,269075,29240,29149,928,30077,407
2021-03-14,Modoc,049,8938,349,340,120,460,3
2021-03-14,Mono,051,14174,1193,1206,13,1219,3
2021-03-14,Monterey,053,433212,42191,42007,1800,43807,333
2021-03-14,Napa,055,140530,9228,9194,32,9226,75
2021-03-14,Nevada,057,99092,4164,4122,170,4292,66
2021-03-14,Orange,059,3164182,249097,247656,10826,258482,4460
2021-03-14,Placer,061,380077,21076,20288,1223,21511,238
2021-03-14,Plumas,063,18699,654,642,11,653,4
2021-03-14,Riverside,065,2383286,285697,281332,14118,295450,3845
2021-03-14,Sacramento,067,1510023,96701,95343,1369,96712,1462
2021-03-14,San Benito,069,59416,5809,5829,95,5924,61
2021-03-14,San Bernardino,071,2135413,287298,283791,9075,292866,3996
2021-03-14,San Diego,073,3302833,267605,265468,13200,278668,3452
2021-03-14,San Francisco,075,870044,34715,34810,1228,36038,455
2021-03-14,San Joaquin,077,732212,68268,66563,3085,69648,1140
2021-03-14,San Luis Obispo,079,281455,19981,19806,620,20426,247
2021-03-14,San Mateo,081,765935,40205,39744,436,40180,342
2021-03-14,Santa Barbara,083,443738,33021,32514,1177,33691,431
2021-03-14,Santa Clara,085,1922200,112239,112648,641,113289,1796
2021-03-14,Santa Cruz,087,273765,15603,14887,853,15740,200
2021-03-14,Shasta,089,179085,11103,11019,1343,12362,92
2021-03-14,Sierra,091,2930,51,49,14,63,0
2021-03-14,Siskiyou,093,43540,1535,1473,263,1736,5
2021-03-14,Solano,095,438530,30355,30230,389,30619,171
2021-03-14,Sonoma,097,501317,28686,28798,238,29036,284
2021-03-14,Stanislaus,099,539301,51764,51306,5723,57029,690
2021-03-14,Sutter,101,95872,9006,8958,86,9044,102
2021-03-14,Tehama,103,63373,4666,4650,524,5174,34
2021-03-14,Trinity,105,12862,397,308,64,372,3
2021-03-14,Tulare,107,460477,48408,47845,8837,56682,800
2021-03-14,Tuolumne,109,53932,3937,3937,33,3970,57
2021-03-14,Ventura,111,848112,78869,78611,2932,81543,910
2021-03-14,Yolo,113,214977,13134,13128,249,13377,189
2021-03-14,Yuba,115,75493,5624,5583,92,5675,42
2021-03-13,Alameda,001,1643700,82444,82010,1838,83848,1168
2021-03-13,Alpine,003,1148,84,82,0,82,0
2021-03-13,Amador,005,37829,3516,3504,33,3537,44
2021-03-13,Butte,007,227075,11466,11131,1711,12842,185
2021-03-13,Calaveras,009,45235,1961,1939,12,1951,49
2021-03-13,Colusa,011,21464,1881,1882,278,2160,12
2021-03-13,Contra Costa,013,1133247,64562,63689,1161,64850,731
2021-03-13,Del Norte,015,27424,1084,1041,5,1046,6
2021-03-13,El Dorado,017,186661,9246,9221,633,9854,103
2021-03-13,Fresno,019,978130,97860,97324,8289,105613,1495
2021-03-13,Glenn,021,27897,2278,2260,521,2781,15
2021-03-13,Humboldt,023,135768,3354,3325,23,3348,32
2021-03-13,Imperial,025,180216,27295,27099,2688,29787,677
2021-03-13,Inyo,027,18085,1353,1344,2,1346,35
2021-03-13,Kern,029,883053,94269,93197,10482,103679,1140
2021-03-13,Kings,031,150075,22430,22265,1091,23356,232
2021-03-13,Lake,033,64148,3277,3234,7,3241,43
2021-03-13,Lassen,035,31185,5124,5125,104,5229,1
2021-03-13,Los Angeles,037,10098052,1178293,1171505,41767,1213272,22451
2021-03-13,Madera,039,155013,15882,15780,892,16672,214
2021-03-13,Marin,041,260295,13433,13391,184,13575,218
2021-03-13,Mariposa,043,17540,380,376,5,381,5
2021-03-13,Mendocino,045,87422,3696,3611,71,3682,44
2021-03-13,Merced,047,269075,29209,29106,928,30034,406
2021-03-13,Modoc,049,8938,349,340,119,459,3
2021-03-13,Mono,051,14174,1193,1207,13,1220,3
2021-03-13,Monterey,053,433212,42181,41989,1798,43787,332
2021-03-13,Napa,055,140530,9222,9190,32,9222,75
2021-03-13,Nevada,057,99092,4157,4111,169,4280,66
2021-03-13,Orange,059,3164182,249017,247514,10810,258324,4423
2021-03-13,Placer,061,380077,21055,20238,1220,21458,239
2021-03-13,Plumas,063,18699,652,642,11,653,4
2021-03-13,Riverside,065,2383286,285609,281191,14110,295301,3848
2021-03-13,Sacramento,067,1510023,96615,95192,1367,96559,1461
2021-03-13,San Benito,069,59416,5806,5823,95,5918,61
2021-03-13,San Bernardino,071,2135413,287245,283727,9069,292796,3972
2021-03-13,San Diego,073,3302833,267450,265270,13186,278456,3444
2021-03-13,San Francisco,075,870044,34698,34784,1219,36003,455
2021-03-13,San Joaquin,077,732212,68212,66480,3063,69543,1141
2021-03-13,San Luis Obispo,079,281455,19963,19789,619,20408,247
2021-03-13,San Mateo,081,765935,40178,39689,435,40124,341
2021-03-13,Santa Barbara,083,443738,32996,32486,1176,33662,431
2021-03-13,Santa Clara,085,1922200,112154,112531,640,113171,1790
2021-03-13,Santa Cruz,087,273765,15596,14875,853,15728,199
2021-03-13,Shasta,089,179085,11095,11021,1340,12361,108
2021-03-13,Sierra,091,2930,50,49,14,63,0
2021-03-13,Siskiyou,093,43540,1534,1470,263,1733,5
2021-03-13,Solano,095,438530,30338,30198,389,30587,171
2021-03-13,Sonoma,097,501317,28666,28762,234,28996,285
2021-03-13,Stanislaus,099,539301,51714,51257,5718,56975,695
2021-03-13,Sutter,101,95872,8999,8948,86,9034,102
2021-03-13,Tehama,103,63373,4664,4647,524,5171,33
2021-03-13,Trinity,105,12862,397,306,64,370,3
2021-03-13,Tulare,107,460477,48383,47818,8828,56646,798
2021-03-13,Tuolumne,109,53932,3934,3937,33,3970,57
2021-03-13,Ventura,111,848112,78820,78693,2932,81625,906
2021-03-13,Yolo,113,214977,13126,13087,248,13335,189
2021-03-13,Yuba,115,75493,5623,5577,92,5669,42
2021-03-12,Alameda,001,1643700,82365,81898,1837,83735,1164
2021-03-12,Alpine,003,1148,84,82,0,82,0
2021-03-12,Amador,005,37829,3513,3503,33,3536,44
2021-03-12,Butte,007,227075,11456,11126,1709,12835,184
2021-03-12,Calaveras,009,45235,1959,1916,12,1928,49
2021-03-12,Colusa,011,21464,1881,1883,278,2161,12
2021-03-12,Contra Costa,013,1133247,64487,63583,1160,64743,728
2021-03-12,Del Norte,015,27424,1078,1033,5,1038,6
2021-03-12,El Dorado,017,186661,9237,9219,633,9852,103
2021-03-12,Fresno,019,978130,97764,97185,8277,105462,1489
2021-03-12,Glenn,021,27897,2277,2258,520,2778,15
2021-03-12,Humboldt,023,135768,3349,3315,23,3338,32
2021-03-12,Imperial,025,180216,27284,27071,2686,29757,677
2021-03-12,Inyo,027,18085,1351,1339,2,1341,35
2021-03-12,Kern,029,883053,94235,93142,10466,103608,1132
2021-03-12,Kings,031,150075,22411,22233,1091,23324,232
2021-03-12,Lake,033,64148,3271,3226,6,3232,43
2021-03-12,Lassen,035,31185,5124,5125,103,5228,1
2021-03-12,Los Angeles,037,10098052,1177896,1170860,41750,1212610,22409
2021-03-12,Madera,039,155013,15870,15761,889,16650,214
2021-03-12,Marin,041,260295,13426,13375,184,13559,218
2021-03-12,Mariposa,043,17540,378,376,5,381,5
2021-03-12,Mendocino,045,87422,3693,3605,71,3676,43
2021-03-12,Merced,047,269075,29178,29064,928,29992,403
2021-03-12,Modoc,049,8938,349,340,119,459,3
2021-03-12,Mono,051,14174,1192,1206,13,1219,3
2021-03-12,Monterey,053,433212,42167,41964,1793,43757,329
2021-03-12,Napa,055,140530,9213,9180,32,9212,75
2021-03-12,Nevada,057,99092,4147,4101,169,4270,66
2021-03-12,Orange,059,3164182,248925,247388,10799,258187,4401
2021-03-12,Placer,061,380077,21022,20210,1215,21425,239
2021-03-12,Plumas,063,18699,651,641,11,652,4
2021-03-12,Riverside,065,2383286,285511,281037,14102,295139,3854
2021-03-12,Sacramento,067,1510023,96491,95061,1360,96421,1460
2021-03-12,San Benito,069,59416,5803,5817,95,5912,61
2021-03-12,San Bernardino,071,2135413,287187,283558,9064,292622,3917
2021-03-12,San Diego,073,3302833,267287,264886,13178,278064,3434
2021-03-12,San Francisco,075,870044,34677,34758,1216,35974,452
2021-03-12,San Joaquin,077,732212,68142,66482,3053,69535,1144
2021-03-12,San Luis Obispo,079,281455,19949,19769,617,20386,247
2021-03-12,San Mateo,081,765935,40142,39638,433,40071,341
2021-03-12,Santa Barbara,083,443738,32973,32457,1173,33630,429
2021-03-12,Santa Clara,085,1922200,112060,112396,639,113035,1766
2021-03-12,Santa Cruz,087,273765,15584,14846,851,15697,195
2021-03-12,Shasta,089,179085,11087,11143,1338,12481,153
2021-03-12,Sierra,091,2930,50,49,14,63,0
2021-03-12,Siskiyou,093,43540,1534,1468,262,1730,5
2021-03-12,Solano,095,438530,30319,30180,388,30568,171
2021-03-12,Sonoma,097,501317,28639,28714,234,28948,285
2021-03-12,Stanislaus,099,539301,51656,51146,5711,56857,701
2021-03-12,Sutter,101,95872,8993,8940,86,9026,101
2021-03-12,Tehama,103,63373,4660,4638,523,5161,33
2021-03-12,Trinity,105,12862,396,306,63,369,3
2021-03-12,Tulare,107,460477,48359,47772,8821,56593,798
2021-03-12,Tuolumne,109,53932,3933,3936,33,3969,57
2021-03-12,Ventura,111,848112,78777,78698,2928,81626,899
2021-03-12,Yolo,113,214977,13116,13061,241,13302,189
2021-03-12,Yuba,115,75493,5616,5563,91,5654,42
2021-03-11,Alameda,001,1643700,82272,81809,1832,83641,1164
2021-03-11,Alpine,003,1148,84,78,0,78,0
2021-03-11,Amador,005,37829,3512,3498,33,3531,42
2021-03-11,Butte,007,227075,11445,11110,1707,12817,185
2021-03-11,Calaveras,009,45235,1956,1915,12,1927,49
2021-03-11,Colusa,011,21464,1881,1883,278,2161,12
2021-03-11,Contra Costa,013,1133247,64414,63469,1158,64627,728
2021-03-11,Del Norte,015,27424,1073,1027,5,1032,6
2021-03-11,El Dorado,017,186661,9223,9211,633,9844,101
2021-03-11,Fresno,019,978130,97649,97026,8249,105275,1481
2021-03-11,Glenn,021,27897,2274,2255,520,2775,15
2021-03-11,Humboldt,023,135768,3332,3302,23,3325,32
2021-03-11,Imperial,025,180216,27278,27045,2682,29727,675
2021-03-11,Inyo,027,18085,1346,1335,2,1337,35
2021-03-11,Kern,029,883053,94179,93052,10427,103479,1121
2021-03-11,Kings,031,150075,22396,22183,1088,23271,230
2021-03-11,Lake,033,64148,3267,3214,6,3220,42
2021-03-11,Lassen,035,31185,5123,5124,103,5227,1
2021-03-11,Los Angeles,037,10098052,1177367,1170111,41716,1211827,22316
2021-03-11,Madera,039,155013,15859,15725,887,16612,214
2021-03-11,Marin,041,260295,13414,13356,183,13539,217
2021-03-11,Mariposa,043,17540,378,376,5,381,5
2021-03-11,Mendocino,045,87422,3686,3604,71,3675,42
2021-03-11,Merced,047,269075,29129,29001,927,29928,401
2021-03-11,Modoc,049,8938,349,340,119,459,3
2021-03-11,Mono,051,14174,1191,1206,13,1219,3
2021-03-11,Monterey,053,433212,42144,41936,1787,43723,329
2021-03-11,Napa,055,140530,9200,9173,32,9205,75
2021-03-11,Nevada,057,99092,4135,4085,167,4252,66
2021-03-11,Orange,059,3164182,248787,247217,10782,257999,4373
2021-03-11,Placer,061,380077,20979,20178,1211,21389,239
2021-03-11,Plumas,063,18699,650,640,11,651,4
2021-03-11,Riverside,065,2383286,285346,280881,14089,294970,3842
2021-03-11,Sacramento,067,1510023,96351,94912,1357,96269,1455
2021-03-11,San Benito,069,59416,5800,5816,95,5911,61
2021-03-11,San Bernardino,071,2135413,287091,283312,9058,292370,3869
2021-03-11,San Diego,073,3302833,267123,264524,13162,277686,3422
2021-03-11,San Francisco,075,870044,34641,34722,1210,35932,452
2021-03-11,San Joaquin,077,732212,68030,66522,3045,69567,1157
2021-03-11,San Luis Obispo,079,281455,19925,19748,616,20364,247
2021-03-11,San Mateo,081,765935,40105,39590,432,40022,341
2021-03-11,Santa Barbara,083,443738,32946,32408,1170,33578,430
2021-03-11,Santa Clara,085,1922200,111930,112246,636,112882,1765
2021-03-11,Santa Cruz,087,273765,15572,14812,850,15662,193
2021-03-11,Shasta,089,179085,11077,11139,1333,12472,158
2021-03-11,Sierra,091,2930,50,48,14,62,0
2021-03-11,Siskiyou,093,43540,1531,1466,262,1728,5
2021-03-11,Solano,095,438530,30291,30138,387,30525,171
2021-03-11,Sonoma,097,501317,28610,28677,234,28911,285
2021-03-11,Stanislaus,099,539301,51572,51038,5703,56741,707
2021-03-11,Sutter,101,95872,8987,8933,86,9019,101
2021-03-11,Tehama,103,63373,4651,4632,522,5154,33
2021-03-11,Trinity,105,12862,395,304,62,366,3
2021-03-11,Tulare,107,460477,48323,47709,8809,56518,797
2021-03-11,Tuolumne,109,53932,3931,3934,33,3967,57
2021-03-11,Ventura,111,848112,78727,78697,2924,81621,889
2021-03-11,Yolo,113,214977,13099,13041,239,13280,190
2021-03-11,Yuba,115,75493,5612,5553,91,5644,42
2021-03-10,Alameda,001,1643700,82164,81701,1826,83527,1160
2021-03-10,Alpine,003,1148,83,78,0,78,0
2021-03-10,Amador,005,37829,3510,3496,33,3529,42
2021-03-10,Butte,007,227075,11435,11096,1707,12803,185
2021-03-10,Calaveras,009,45235,1950,1913,12,1925,48
2021-03-10,Colusa,011,21464,1881,1882,278,2160,12
2021-03-10,Contra Costa,013,1133247,64315,63372,1154,64526,725
2021-03-10,Del Norte,015,27424,1071,1020,5,1025,5
2021-03-10,El Dorado,017,186661,9211,9203,633,9836,100
2021-03-10,Fresno,019,978130,97544,96866,8232,105098,1471
2021-03-10,Glenn,021,27897,2271,2253,518,2771,15
2021-03-10,Humboldt,023,135768,3322,3296,22,3318,32
2021-03-10,Imperial,025,180216,27263,27051,2682,29733,675
2021-03-10,Inyo,027,18085,1346,1328,2,1330,35
2021-03-10,Kern,029,883053,94113,92965,10404,103369,1102
2021-03-10,Kings,031,150075,22377,22166,1086,23252,226
2021-03-10,Lake,033,64148,3257,3207,6,3213,42
2021-03-10,Lassen,035,31185,5123,5120,103,5223,1
2021-03-10,Los Angeles,037,10098052,1176822,1169079,41687,1210766,22199
2021-03-10,Madera,039,155013,15838,15705,884,16589,212
2021-03-10,Marin,041,260295,13404,13348,182,13530,216
2021-03-10,Mariposa,043,17540,378,376,5,381,5
2021-03-10,Mendocino,045,87422,3681,3602,71,3673,42
2021-03-10,Merced,047,269075,29092,28927,924,29851,401
2021-03-10,Modoc,049,8938,348,338,119,457,3
2021-03-10,Mono,051,14174,1188,1204,13,1217,3
2021-03-10,Monterey,053,433212,42122,41920,1783,43703,329
2021-03-10,Napa,055,140530,9191,9165,32,9197,75
2021-03-10,Nevada,057,99092,4131,4074,167,4241,66
2021-03-10,Orange,059,3164182,248642,247075,10762,257837,4342
2021-03-10,Placer,061,380077,20944,20144,1205,21349,239
2021-03-10,Plumas,063,18699,649,639,11,650,4
2021-03-10,Riverside,065,2383286,285209,280708,14075,294783,3822
2021-03-10,Sacramento,067,1510023,96221,94796,1351,96147,1452
2021-03-10,San Benito,069,59416,5791,5811,95,5906,61
2021-03-10,San Bernardino,071,2135413,287001,283140,9051,292191,3841
2021-03-10,San Diego,073,3302833,266902,264094,13150,277244,3413
2021-03-10,San Francisco,075,870044,34607,34688,1201,35889,450
2021-03-10,San Joaquin,077,732212,67929,66483,3027,69510,1156
2021-03-10,San Luis Obispo,079,281455,19901,19710,612,20322,247
2021-03-10,San Mateo,081,765935,40081,39571,432,40003,338
2021-03-10,Santa Barbara,083,443738,32919,32356,1167,33523,429
2021-03-10,Santa Clara,085,1922200,111824,112103,632,112735,1759
2021-03-10,Santa Cruz,087,273765,15557,14790,849,15639,192
2021-03-10,Shasta,089,179085,11067,11125,1330,12455,155
2021-03-10,Sierra,091,2930,50,48,14,62,0
2021-03-10,Siskiyou,093,43540,1529,1458,262,1720,5
2021-03-10,Solano,095,438530,30261,30111,386,30497,170
2021-03-10,Sonoma,097,501317,28575,28638,233,28871,286
2021-03-10,Stanislaus,099,539301,51483,50968,5685,56653,706
2021-03-10,Sutter,101,95872,8976,8918,86,9004,101
2021-03-10,Tehama,103,63373,4641,4623,522,5145,33
2021-03-10,Trinity,105,12862,395,304,62,366,3
2021-03-10,Tulare,107,460477,48275,47659,8790,56449,793
2021-03-10,Tuolumne,109,53932,3930,3931,33,3964,57
2021-03-10,Ventura,111,848112,78650,78609,2922,81531,878
2021-03-10,Yolo,113,214977,13076,13021,238,13259,189
2021-03-10,Yuba,115,75493,5598,5545,90,5635,42
2021-03-09,Alameda,001,1643700,82078,81618,1826,83444,1151
2021-03-09,Alpine,003,1148,83,78,0,78,0
2021-03-09,Amador,005,37829,3508,3494,33,3527,42
2021-03-09,Butte,007,227075,11422,11092,1705,12797,185
2021-03-09,Calaveras,009,45235,1948,1913,12,1925,48
2021-03-09,Colusa,011,21464,1881,1880,278,2158,11
2021-03-09,Contra Costa,013,1133247,64222,63314,1152,64466,723
2021-03-09,Del Norte,015,27424,1063,1017,5,1022,5
2021-03-09,El Dorado,017,186661,9204,9198,633,9831,98
2021-03-09,Fresno,019,978130,97425,96744,8206,104950,1463
2021-03-09,Glenn,021,27897,2267,2251,516,2767,15
2021-03-09,Humboldt,023,135768,3310,3288,21,3309,32
2021-03-09,Imperial,025,180216,27254,27045,2678,29723,675
2021-03-09,Inyo,027,18085,1344,1324,2,1326,35
2021-03-09,Kern,029,883053,94034,92924,10386,103310,1088
2021-03-09,Kings,031,150075,22352,22143,1084,23227,226
2021-03-09,Lake,033,64148,3251,3202,6,3208,42
2021-03-09,Lassen,035,31185,5123,5120,103,5223,1
2021-03-09,Los Angeles,037,10098052,1176228,1167967,41651,1209618,22080
2021-03-09,Madera,039,155013,15827,15701,882,16583,211
2021-03-09,Marin,041,260295,13386,13335,180,13515,214
2021-03-09,Mariposa,043,17540,378,376,5,381,5
2021-03-09,Mendocino,045,87422,3677,3595,71,3666,42
2021-03-09,Merced,047,269075,29031,28876,922,29798,399
2021-03-09,Modoc,049,8938,348,338,118,456,3
2021-03-09,Mono,051,14174,1187,1203,13,1216,3
2021-03-09,Monterey,053,433212,42104,41894,1774,43668,329
2021-03-09,Napa,055,140530,9177,9155,32,9187,75
2021-03-09,Nevada,057,99092,4123,4062,167,4229,66
2021-03-09,Orange,059,3164182,248500,246989,10741,257730,4310
2021-03-09,Placer,061,380077,20902,20122,1201,21323,239
2021-03-09,Plumas,063,18699,646,639,11,650,4
2021-03-09,Riverside,065,2383286,285080,280562,14069,294631,3821
2021-03-09,Sacramento,067,1510023,96055,94720,1345,96065,1442
2021-03-09,San Benito,069,59416,5787,5800,95,5895,61
2021-03-09,San Bernardino,071,2135413,286888,282971,9044,292015,3823
2021-03-09,San Diego,073,3302833,266670,263745,13129,276874,3405
2021-03-09,San Francisco,075,870044,34576,34654,1197,35851,450
2021-03-09,San Joaquin,077,732212,67801,66383,3017,69400,1150
2021-03-09,San Luis Obispo,079,281455,19883,19672,605,20277,245
2021-03-09,San Mateo,081,765935,40034,39535,430,39965,336
2021-03-09,Santa Barbara,083,443738,32878,32314,1165,33479,428
2021-03-09,Santa Clara,085,1922200,111713,111963,627,112590,1756
2021-03-09,Santa Cruz,087,273765,15536,14764,847,15611,188
2021-03-09,Shasta,089,179085,11061,11113,1324,12437,155
2021-03-09,Sierra,091,2930,50,48,14,62,0
2021-03-09,Siskiyou,093,43540,1525,1447,260,1707,5
2021-03-09,Solano,095,438530,30225,30090,384,30474,169
2021-03-09,Sonoma,097,501317,28525,28601,230,28831,284
2021-03-09,Stanislaus,099,539301,51389,50884,5675,56559,703
2021-03-09,Sutter,101,95872,8963,8914,86,9000,101
2021-03-09,Tehama,103,63373,4633,4620,521,5141,33
2021-03-09,Trinity,105,12862,395,304,62,366,3
2021-03-09,Tulare,107,460477,48249,47637,8767,56404,792
2021-03-09,Tuolumne,109,53932,3928,3929,33,3962,56
2021-03-09,Ventura,111,848112,78580,78526,2919,81445,863
2021-03-09,Yolo,113,214977,13065,13015,237,13252,189
2021-03-09,Yuba,115,75493,5591,5539,90,5629,42
2021-03-08,Alameda,001,1643700,81964,81543,1825,83368,1142
2021-03-08,Alpine,003,1148,83,78,0,78,0
2021-03-08,Amador,005,37829,3505,3490,33,3523,42
2021-03-08,Butte,007,227075,11407,11082,1704,12786,185
2021-03-08,Calaveras,009,45235,1944,1909,12,1921,48
2021-03-08,Colusa,011,21464,1881,1877,278,2155,11
2021-03-08,Contra Costa,013,1133247,64129,63240,1152,64392,719
2021-03-08,Del Norte,015,27424,1058,1012,5,1017,5
2021-03-08,El Dorado,017,186661,9201,9188,632,9820,97
2021-03-08,Fresno,019,978130,97330,96665,8182,104847,1442
2021-03-08,Glenn,021,27897,2266,2249,516,2765,15
2021-03-08,Humboldt,023,135768,3296,3278,21,3299,31
2021-03-08,Imperial,025,180216,27247,27033,2675,29708,663
2021-03-08,Inyo,027,18085,1342,1320,2,1322,35
2021-03-08,Kern,029,883053,93967,92857,10365,103222,1087
2021-03-08,Kings,031,150075,22331,22130,1082,23212,226
2021-03-08,Lake,033,64148,3239,3195,6,3201,42
2021-03-08,Lassen,035,31185,5123,5119,103,5222,1
2021-03-08,Los Angeles,037,10098052,1175613,1163409,41617,1205026,21868
2021-03-08,Madera,039,155013,15817,15691,880,16571,211
2021-03-08,Marin,041,260295,13366,13328,178,13506,214
2021-03-08,Mariposa,043,17540,378,376,5,381,5
2021-03-08,Mendocino,045,87422,3675,3590,70,3660,42
2021-03-08,Merced,047,269075,28971,28841,921,29762,398
2021-03-08,Modoc,049,8938,348,338,118,456,3
2021-03-08,Mono,051,14174,1186,1200,13,1213,3
2021-03-08,Monterey,053,433212,42083,41863,1773,43636,328
2021-03-08,Napa,055,140530,9174,9146,32,9178,75
2021-03-08,Nevada,057,99092,4115,4059,167,4226,66
2021-03-08,Orange,059,3164182,248329,246900,10709,257609,4243
2021-03-08,Placer,061,380077,20867,20102,1190,21292,239
2021-03-08,Plumas,063,18699,645,635,11,646,4
2021-03-08,Riverside,065,2383286,284940,280463,14060,294523,3783
2021-03-08,Sacramento,067,1510023,95884,94654,1340,95994,1438
2021-03-08,San Benito,069,59416,5784,5797,95,5892,61
2021-03-08,San Bernardino,071,2135413,286782,282894,9036,291930,3811
2021-03-08,San Diego,073,3302833,266429,263272,13114,276386,3390
2021-03-08,San Francisco,075,870044,34549,34634,1193,35827,446
2021-03-08,San Joaquin,077,732212,67686,66307,3008,69315,1139
2021-03-08,San Luis Obispo,079,281455,19841,19656,601,20257,245
2021-03-08,San Mateo,081,765935,39985,39492,428,39920,335
2021-03-08,Santa Barbara,083,443738,32846,32293,1165,33458,427
2021-03-08,Santa Clara,085,1922200,111586,111882,625,112507,1756
2021-03-08,Santa Cruz,087,273765,15516,14729,847,15576,188
2021-03-08,Shasta,089,179085,11053,11088,1319,12407,155
2021-03-08,Sierra,091,2930,50,48,14,62,0
2021-03-08,Siskiyou,093,43540,1524,1440,260,1700,5
2021-03-08,Solano,095,438530,30185,30068,382,30450,169
2021-03-08,Sonoma,097,501317,28481,28571,229,28800,284
2021-03-08,Stanislaus,099,539301,51309,50825,5670,56495,690
2021-03-08,Sutter,101,95872,8960,8905,86,8991,100
2021-03-08,Tehama,103,63373,4630,4615,520,5135,33
2021-03-08,Trinity,105,12862,394,302,62,364,3
2021-03-08,Tulare,107,460477,48210,47587,8740,56327,791
2021-03-08,Tuolumne,109,53932,3927,3921,33,3954,56
2021-03-08,Ventura,111,848112,78509,78526,2911,81437,852
2021-03-08,Yolo,113,214977,13042,13000,236,13236,189
2021-03-08,Yuba,115,75493,5581,5530,90,5620,42
2021-03-07,Alameda,001,1643700,81845,81413,1824,83237,1145
2021-03-07,Alpine,003,1148,83,78,0,78,0
2021-03-07,Amador,005,37829,3502,3489,33,3522,42
2021-03-07,Butte,007,227075,11392,11075,1703,12778,185
2021-03-07,Calaveras,009,45235,1941,1906,12,1918,48
2021-03-07,Colusa,011,21464,1880,1876,278,2154,11
2021-03-07,Contra Costa,013,1133247,64032,63148,1149,64297,719
2021-03-07,Del Norte,015,27424,1053,1010,5,1015,5
2021-03-07,El Dorado,017,186661,9199,9184,631,9815,97
2021-03-07,Fresno,019,978130,97156,96549,8157,104706,1442
2021-03-07,Glenn,021,27897,2264,2244,516,2760,15
2021-03-07,Humboldt,023,135768,3286,3274,21,3295,31
2021-03-07,Imperial,025,180216,27238,27019,2673,29692,658
2021-03-07,Inyo,027,18085,1339,1320,2,1322,35
2021-03-07,Kern,029,883053,93881,92746,10334,103080,1086
2021-03-07,Kings,031,150075,22311,22103,1080,23183,224
2021-03-07,Lake,033,64148,3233,3192,6,3198,42
2021-03-07,Lassen,035,31185,5122,5119,103,5222,1
2021-03-07,Los Angeles,037,10098052,1174892,1162749,41577,1204326,21857
2021-03-07,Madera,039,155013,15798,15675,880,16555,211
2021-03-07,Marin,041,260295,13358,13313,176,13489,214
2021-03-07,Mariposa,043,17540,377,376,5,381,5
2021-03-07,Mendocino,045,87422,3672,3581,70,3651,42
2021-03-07,Merced,047,269075,28899,28829,916,29745,399
2021-03-07,Modoc,049,8938,348,338,118,456,3
2021-03-07,Mono,051,14174,1184,1199,13,1212,3
2021-03-07,Monterey,053,433212,42062,41858,1770,43628,328
2021-03-07,Napa,055,140530,9164,9137,32,9169,75
2021-03-07,Nevada,057,99092,4101,4052,166,4218,66
2021-03-07,Orange,059,3164182,248138,246771,10681,257452,4218
2021-03-07,Placer,061,380077,20827,20070,1186,21256,239
2021-03-07,Plumas,063,18699,644,635,11,646,4
2021-03-07,Riverside,065,2383286,284795,280379,14050,294429,3779
2021-03-07,Sacramento,067,1510023,95708,94513,1332,95845,1437
2021-03-07,San Benito,069,59416,5777,5795,95,5890,61
2021-03-07,San Bernardino,071,2135413,286632,282860,9030,291890,3810
2021-03-07,San Diego,073,3302833,266147,262965,13090,276055,3390
2021-03-07,San Francisco,075,870044,34515,34594,1188,35782,445
2021-03-07,San Joaquin,077,732212,67551,66252,2994,69246,1139
2021-03-07,San Luis Obispo,079,281455,19804,19614,599,20213,245
2021-03-07,San Mateo,081,765935,39945,39436,425,39861,329
2021-03-07,Santa Barbara,083,443738,32799,32218,1164,33382,425
2021-03-07,Santa Clara,085,1922200,111440,111745,621,112366,1752
2021-03-07,Santa Cruz,087,273765,15494,14715,846,15561,189
2021-03-07,Shasta,089,179085,11040,11083,1311,12394,156
2021-03-07,Sierra,091,2930,49,48,14,62,0
2021-03-07,Siskiyou,093,43540,1521,1435,256,1691,5
2021-03-07,Solano,095,438530,30148,30027,382,30409,169
2021-03-07,Sonoma,097,501317,28432,28533,227,28760,284
2021-03-07,Stanislaus,099,539301,51177,50783,5652,56435,699
2021-03-07,Sutter,101,95872,8950,8900,86,8986,100
2021-03-07,Tehama,103,63373,4620,4614,517,5131,33
2021-03-07,Trinity,105,12862,394,302,62,364,3
2021-03-07,Tulare,107,460477,48153,47569,8707,56276,790
2021-03-07,Tuolumne,109,53932,3926,3922,33,3955,56
2021-03-07,Ventura,111,848112,78411,78487,2907,81394,851
2021-03-07,Yolo,113,214977,13023,12988,236,13224,189
2021-03-07,Yuba,115,75493,5577,5516,90,5606,42
2021-03-06,Alameda,001,1643700,81791,81310,1823,83133,1143
2021-03-06,Alpine,003,1148,83,78,0,78,0
2021-03-06,Amador,005,37829,3498,3487,33,3520,42
2021-03-06,Butte,007,227075,11389,11065,1702,12767,185
2021-03-06,Calaveras,009,45235,1938,1904,12,1916,48
2021-03-06,Colusa,011,21464,1878,1874,278,2152,11
2021-03-06,Contra Costa,013,1133247,63971,63040,1145,64185,719
2021-03-06,Del Norte,015,27424,1048,1000,5,1005,5
2021-03-06,El Dorado,017,186661,9195,9166,631,9797,97
2021-03-06,Fresno,019,978130,97065,96366,8142,104508,1440
2021-03-06,Glenn,021,27897,2264,2241,516,2757,15
2021-03-06,Humboldt,023,135768,3276,3260,21,3281,31
2021-03-06,Imperial,025,180216,27234,27009,2668,29677,658
2021-03-06,Inyo,027,18085,1336,1312,2,1314,35
2021-03-06,Kern,029,883053,93835,92684,10313,102997,1082
2021-03-06,Kings,031,150075,22294,22094,1080,23174,224
2021-03-06,Lake,033,64148,3231,3189,6,3195,42
2021-03-06,Lassen,035,31185,5122,5119,103,5222,1
2021-03-06,Los Angeles,037,10098052,1174458,1161745,41546,1203291,21843
2021-03-06,Madera,039,155013,15789,15646,878,16524,211
2021-03-06,Marin,041,260295,13349,13289,176,13465,213
2021-03-06,Mariposa,043,17540,377,376,5,381,5
2021-03-06,Mendocino,045,87422,3670,3579,70,3649,42
2021-03-06,Merced,047,269075,28857,28771,916,29687,399
2021-03-06,Modoc,049,8938,347,338,118,456,3
2021-03-06,Mono,051,14174,1183,1198,13,1211,3
2021-03-06,Monterey,053,433212,42057,41838,1767,43605,327
2021-03-06,Napa,055,140530,9156,9129,32,9161,75
2021-03-06,Nevada,057,99092,4095,4044,166,4210,66
2021-03-06,Orange,059,3164182,248047,246634,10667,257301,4165
2021-03-06,Placer,061,380077,20804,20030,1184,21214,239
2021-03-06,Plumas,063,18699,644,634,11,645,4
2021-03-06,Riverside,065,2383286,284704,280225,14041,294266,3781
2021-03-06,Sacramento,067,1510023,95619,94332,1323,95655,1436
2021-03-06,San Benito,069,59416,5772,5793,95,5888,61
2021-03-06,San Bernardino,071,2135413,286548,282737,9028,291765,3791
2021-03-06,San Diego,073,3302833,265960,262778,13073,275851,3385
2021-03-06,San Francisco,075,870044,34485,34560,1183,35743,435
2021-03-06,San Joaquin,077,732212,67477,66162,2983,69145,1138
2021-03-06,San Luis Obispo,079,281455,19785,19592,596,20188,245
2021-03-06,San Mateo,081,765935,39921,39384,425,39809,329
2021-03-06,Santa Barbara,083,443738,32768,32176,1163,33339,424
2021-03-06,Santa Clara,085,1922200,111344,111570,619,112189,1749
2021-03-06,Santa Cruz,087,273765,15483,14701,846,15547,188
2021-03-06,Shasta,089,179085,11031,11076,1309,12385,158
2021-03-06,Sierra,091,2930,49,48,14,62,0
2021-03-06,Siskiyou,093,43540,1519,1432,256,1688,5
2021-03-06,Solano,095,438530,30119,30000,381,30381,169
2021-03-06,Sonoma,097,501317,28409,28484,225,28709,284
2021-03-06,Stanislaus,099,539301,51108,50691,5645,56336,711
2021-03-06,Sutter,101,95872,8944,8887,86,8973,100
2021-03-06,Tehama,103,63373,4620,4610,515,5125,33
2021-03-06,Trinity,105,12862,394,302,62,364,3
2021-03-06,Tulare,107,460477,48122,47515,8677,56192,789
2021-03-06,Tuolumne,109,53932,3924,3920,33,3953,56
2021-03-06,Ventura,111,848112,78356,78439,2906,81345,848
2021-03-06,Yolo,113,214977,13017,12951,236,13187,189
2021-03-06,Yuba,115,75493,5568,5504,90,5594,42
2021-03-05,Alameda,001,1643700,81704,81215,1821,83036,1141
2021-03-05,Alpine,003,1148,83,78,0,78,0
2021-03-05,Amador,005,37829,3497,3484,33,3517,42
2021-03-05,Butte,007,227075,11378,11050,1701,12751,185
2021-03-05,Calaveras,009,45235,1934,1902,12,1914,48
2021-03-05,Colusa,011,21464,1878,1874,278,2152,11
2021-03-05,Contra Costa,013,1133247,63891,62886,1142,64028,711
2021-03-05,Del Norte,015,27424,1044,995,5,1000,5
2021-03-05,El Dorado,017,186661,9190,9150,630,9780,97
2021-03-05,Fresno,019,978130,96959,96184,8121,104305,1432
2021-03-05,Glenn,021,27897,2259,2241,516,2757,15
2021-03-05,Humboldt,023,135768,3269,3234,21,3255,31
2021-03-05,Imperial,025,180216,27224,26970,2659,29629,651
2021-03-05,Inyo,027,18085,1332,1309,2,1311,35
2021-03-05,Kern,029,883053,93796,92601,10299,102900,1076
2021-03-05,Kings,031,150075,22277,22063,1078,23141,224
2021-03-05,Lake,033,64148,3229,3185,6,3191,42
2021-03-05,Lassen,035,31185,5122,5117,101,5218,1
2021-03-05,Los Angeles,037,10098052,1173973,1160688,41512,1202200,21745
2021-03-05,Madera,039,155013,15779,15624,876,16500,211
2021-03-05,Marin,041,260295,13336,13275,175,13450,215
2021-03-05,Mariposa,043,17540,377,375,5,380,4
2021-03-05,Mendocino,045,87422,3667,3577,70,3647,42
2021-03-05,Merced,047,269075,28823,28734,915,29649,399
2021-03-05,Modoc,049,8938,347,337,118,455,3
2021-03-05,Mono,051,14174,1182,1197,13,1210,3
2021-03-05,Monterey,053,433212,42044,41802,1767,43569,325
2021-03-05,Napa,055,140530,9148,9109,32,9141,75
2021-03-05,Nevada,057,99092,4091,4033,166,4199,66
2021-03-05,Orange,059,3164182,247933,246489,10654,257143,4108
2021-03-05,Placer,061,380077,20778,19973,1180,21153,239
2021-03-05,Plumas,063,18699,644,635,11,646,4
2021-03-05,Riverside,065,2383286,284594,280075,14035,294110,3781
2021-03-05,Sacramento,067,1510023,95523,94182,1316,95498,1430
2021-03-05,San Benito,069,59416,5769,5790,95,5885,61
2021-03-05,San Bernardino,071,2135413,286455,282640,9024,291664,3774
2021-03-05,San Diego,073,3302833,265727,262357,13056,275413,3371
2021-03-05,San Francisco,075,870044,34445,34526,1179,35705,430
2021-03-05,San Joaquin,077,732212,67399,66041,2972,69013,1133
2021-03-05,San Luis Obispo,079,281455,19764,19557,594,20151,244
2021-03-05,San Mateo,081,765935,39889,39305,425,39730,326
2021-03-05,Santa Barbara,083,443738,32733,32139,1158,33297,424
2021-03-05,Santa Clara,085,1922200,111248,111384,619,112003,1745
2021-03-05,Santa Cruz,087,273765,15472,14694,846,15540,188
2021-03-05,Shasta,089,179085,11019,11062,1303,12365,148
2021-03-05,Sierra,091,2930,49,48,14,62,0
2021-03-05,Siskiyou,093,43540,1515,1429,255,1684,5
2021-03-05,Solano,095,438530,30102,29951,379,30330,168
2021-03-05,Sonoma,097,501317,28383,28417,225,28642,279
2021-03-05,Stanislaus,099,539301,51057,50606,5635,56241,721
2021-03-05,Sutter,101,95872,8937,8876,86,8962,100
2021-03-05,Tehama,103,63373,4611,4606,515,5121,33
2021-03-05,Trinity,105,12862,394,302,62,364,3
2021-03-05,Tulare,107,460477,48095,47469,8656,56125,789
2021-03-05,Tuolumne,109,53932,3922,3917,33,3950,56
2021-03-05,Ventura,111,848112,78289,78368,2904,81272,839
2021-03-05,Yolo,113,214977,13005,12920,235,13155,188
2021-03-05,Yuba,115,75493,5556,5496,90,5586,42
2021-03-04,Alameda,001,1643700,81592,81115,1821,82936,1136
2021-03-04,Alpine,003,1148,83,78,0,78,0
2021-03-04,Amador,005,37829,3496,3480,33,3513,42
2021-03-04,Butte,007,227075,11371,11033,1700,12733,185
2021-03-04,Calaveras,009,45235,1933,1896,12,1908,48
2021-03-04,Colusa,011,21464,1876,1873,273,2146,11
2021-03-04,Contra Costa,013,1133247,63793,62789,1139,63928,708
2021-03-04,Del Norte,015,27424,1036,989,5,994,5
2021-03-04,El Dorado,017,186661,9175,9133,630,9763,97
2021-03-04,Fresno,019,978130,96798,96023,8103,104126,1422
2021-03-04,Glenn,021,27897,2255,2236,513,2749,15
2021-03-04,Humboldt,023,135768,3256,3212,21,3233,31
2021-03-04,Imperial,025,180216,27213,26946,2655,29601,646
2021-03-04,Inyo,027,18085,1329,1300,2,1302,35
2021-03-04,Kern,029,883053,93709,92525,10279,102804,1070
2021-03-04,Kings,031,150075,22252,22025,1075,23100,224
2021-03-04,Lake,033,64148,3221,3181,6,3187,42
2021-03-04,Lassen,035,31185,5122,5116,101,5217,1
2021-03-04,Los Angeles,037,10098052,1173364,1159405,41462,1200867,21610
2021-03-04,Madera,039,155013,15745,15596,872,16468,208
2021-03-04,Marin,041,260295,13319,13240,172,13412,215
2021-03-04,Mariposa,043,17540,377,376,5,381,4
2021-03-04,Mendocino,045,87422,3664,3569,70,3639,42
2021-03-04,Merced,047,269075,28773,28671,913,29584,396
2021-03-04,Modoc,049,8938,346,336,118,454,3
2021-03-04,Mono,051,14174,1182,1197,13,1210,3
2021-03-04,Monterey,053,433212,42024,41771,1764,43535,325
2021-03-04,Napa,055,140530,9140,9094,32,9126,74
2021-03-04,Nevada,057,99092,4081,4020,166,4186,66
2021-03-04,Orange,059,3164182,247777,246354,10637,256991,4096
2021-03-04,Placer,061,380077,20746,19900,1174,21074,239
2021-03-04,Plumas,063,18699,644,634,11,645,4
2021-03-04,Riverside,065,2383286,284467,279871,14022,293893,3766
2021-03-04,Sacramento,067,1510023,95388,93982,1313,95295,1426
2021-03-04,San Benito,069,59416,5769,5781,95,5876,61
2021-03-04,San Bernardino,071,2135413,286325,282407,9020,291427,3757
2021-03-04,San Diego,073,3302833,265468,261858,13012,274870,3359
2021-03-04,San Francisco,075,870044,34411,34480,1176,35656,426
2021-03-04,San Joaquin,077,732212,67306,65931,2962,68893,1129
2021-03-04,San Luis Obispo,079,281455,19726,19520,592,20112,243
2021-03-04,San Mateo,081,765935,39845,39225,424,39649,322
2021-03-04,Santa Barbara,083,443738,32695,32090,1157,33247,423
2021-03-04,Santa Clara,085,1922200,111115,111194,616,111810,1723
2021-03-04,Santa Cruz,087,273765,15453,14669,846,15515,186
2021-03-04,Shasta,089,179085,11016,11050,1294,12344,150
2021-03-04,Sierra,091,2930,49,48,14,62,0
2021-03-04,Siskiyou,093,43540,1509,1427,255,1682,5
2021-03-04,Solano,095,438530,30075,29905,378,30283,168
2021-03-04,Sonoma,097,501317,28328,28379,224,28603,279
2021-03-04,Stanislaus,099,539301,50968,50521,5627,56148,731
2021-03-04,Sutter,101,95872,8925,8849,86,8935,100
2021-03-04,Tehama,103,63373,4605,4604,515,5119,33
2021-03-04,Trinity,105,12862,394,302,62,364,3
2021-03-04,Tulare,107,460477,48051,47398,8630,56028,784
2021-03-04,Tuolumne,109,53932,3916,3916,33,3949,56
2021-03-04,Ventura,111,848112,78202,78184,2902,81086,831
2021-03-04,Yolo,113,214977,12985,12895,235,13130,189
2021-03-04,Yuba,115,75493,5544,5483,90,5573,41
2021-03-03,Alameda,001,1643700,81472,80972,1819,82791,1127
2021-03-03,Alpine,003,1148,83,77,0,77,0
2021-03-03,Amador,005,37829,3494,3478,32,3510,42
2021-03-03,Butte,007,227075,11364,11014,1699,12713,184
2021-03-03,Calaveras,009,45235,1932,1893,12,1905,48
2021-03-03,Colusa,011,21464,1875,1873,273,2146,11
2021-03-03,Contra Costa,013,1133247,63695,62668,1136,63804,708
2021-03-03,Del Norte,015,27424,1033,988,5,993,5
2021-03-03,El Dorado,017,186661,9165,9121,630,9751,97
2021-03-03,Fresno,019,978130,96654,95893,8085,103978,1415
2021-03-03,Glenn,021,27897,2255,2233,513,2746,15
2021-03-03,Humboldt,023,135768,3245,3196,21,3217,30
2021-03-03,Imperial,025,180216,27196,26939,2650,29589,640
2021-03-03,Inyo,027,18085,1321,1294,2,1296,35
2021-03-03,Kern,029,883053,93634,92434,10261,102695,1063
2021-03-03,Kings,031,150075,22236,22009,1074,23083,223
2021-03-03,Lake,033,64148,3214,3175,6,3181,40
2021-03-03,Lassen,035,31185,5122,5115,101,5216,1
2021-03-03,Los Angeles,037,10098052,1172727,1157911,41419,1199330,21500
2021-03-03,Madera,039,155013,15726,15553,866,16419,203
2021-03-03,Marin,041,260295,13306,13216,172,13388,214
2021-03-03,Mariposa,043,17540,376,376,5,381,4
2021-03-03,Mendocino,045,87422,3656,3564,70,3634,42
2021-03-03,Merced,047,269075,28721,28625,913,29538,393
2021-03-03,Modoc,049,8938,346,333,117,450,3
2021-03-03,Mono,051,14174,1182,1191,13,1204,3
2021-03-03,Monterey,053,433212,41991,41731,1761,43492,325
2021-03-03,Napa,055,140530,9132,9090,32,9122,72
2021-03-03,Nevada,057,99092,4071,4009,166,4175,66
2021-03-03,Orange,059,3164182,247633,246120,10621,256741,4072
2021-03-03,Placer,061,380077,20720,19851,1171,21022,239
2021-03-03,Plumas,063,18699,643,631,11,642,4
2021-03-03,Riverside,065,2383286,284338,279626,14017,293643,3735
2021-03-03,Sacramento,067,1510023,95227,93819,1304,95123,1419
2021-03-03,San Benito,069,59416,5768,5774,95,5869,61
2021-03-03,San Bernardino,071,2135413,286184,282138,9013,291151,3664
2021-03-03,San Diego,073,3302833,265205,261350,12981,274331,3342
2021-03-03,San Francisco,075,870044,34380,34443,1173,35616,426
2021-03-03,San Joaquin,077,732212,67195,65855,2955,68810,1115
2021-03-03,San Luis Obispo,079,281455,19701,19479,588,20067,241
2021-03-03,San Mateo,081,765935,39799,39189,423,39612,319
2021-03-03,Santa Barbara,083,443738,32658,32027,1157,33184,421
2021-03-03,Santa Clara,085,1922200,110960,110991,614,111605,1720
2021-03-03,Santa Cruz,087,273765,15442,14645,846,15491,185
2021-03-03,Shasta,089,179085,11006,11023,1287,12310,150
2021-03-03,Sierra,091,2930,49,48,14,62,0
2021-03-03,Siskiyou,093,43540,1507,1424,255,1679,5
2021-03-03,Solano,095,438530,30039,29866,377,30243,167
2021-03-03,Sonoma,097,501317,28289,28307,223,28530,279
2021-03-03,Stanislaus,099,539301,50891,50438,5619,56057,730
2021-03-03,Sutter,101,95872,8916,8840,86,8926,99
2021-03-03,Tehama,103,63373,4602,4601,515,5116,32
2021-03-03,Trinity,105,12862,394,302,62,364,3
2021-03-03,Tulare,107,460477,48001,47348,8599,55947,778
2021-03-03,Tuolumne,109,53932,3914,3914,32,3946,56
2021-03-03,Ventura,111,848112,78119,78057,2896,80953,822
2021-03-03,Yolo,113,214977,12972,12890,235,13125,189
2021-03-03,Yuba,115,75493,5531,5479,90,5569,41
2021-03-02,Alameda,001,1643700,81354,80904,1817,82721,1116
2021-03-02,Alpine,003,1148,83,77,0,77,0
2021-03-02,Amador,005,37829,3492,3474,32,3506,42
2021-03-02,Butte,007,227075,11354,11007,1697,12704,182
2021-03-02,Calaveras,009,45235,1924,1890,12,1902,48
2021-03-02,Colusa,011,21464,1875,1872,272,2144,11
2021-03-02,Contra Costa,013,1133247,63584,62557,1131,63688,694
2021-03-02,Del Norte,015,27424,1026,983,5,988,5
2021-03-02,El Dorado,017,186661,9157,9116,630,9746,98
2021-03-02,Fresno,019,978130,96510,95785,8057,103842,1410
2021-03-02,Glenn,021,27897,2249,2232,512,2744,15
2021-03-02,Humboldt,023,135768,3226,3184,21,3205,30
2021-03-02,Imperial,025,180216,27186,26926,2648,29574,637
2021-03-02,Inyo,027,18085,1317,1292,2,1294,35
2021-03-02,Kern,029,883053,93529,92313,10232,102545,1046
2021-03-02,Kings,031,150075,22184,21999,1072,23071,217
2021-03-02,Lake,033,64148,3208,3169,6,3175,40
2021-03-02,Lassen,035,31185,5117,5115,100,5215,1
2021-03-02,Los Angeles,037,10098052,1172092,1156826,41372,1198198,21395
2021-03-02,Madera,039,155013,15706,15523,863,16386,194
2021-03-02,Marin,041,260295,13283,13186,171,13357,214
2021-03-02,Mariposa,043,17540,376,376,5,381,4
2021-03-02,Mendocino,045,87422,3653,3562,69,3631,41
2021-03-02,Merced,047,269075,28664,28598,913,29511,389
2021-03-02,Modoc,049,8938,346,332,117,449,3
2021-03-02,Mono,051,14174,1181,1191,13,1204,3
2021-03-02,Monterey,053,433212,41964,41716,1759,43475,325
2021-03-02,Napa,055,140530,9120,9080,32,9112,71
2021-03-02,Nevada,057,99092,4062,3983,164,4147,66
2021-03-02,Orange,059,3164182,247487,246004,10605,256609,4037
2021-03-02,Placer,061,380077,20666,19828,1168,20996,239
2021-03-02,Plumas,063,18699,641,628,11,639,4
2021-03-02,Riverside,065,2383286,284172,279486,14009,293495,3721
2021-03-02,Sacramento,067,1510023,95060,93690,1303,94993,1411
2021-03-02,San Benito,069,59416,5761,5770,95,5865,60
2021-03-02,San Bernardino,071,2135413,286052,281919,9006,290925,3604
2021-03-02,San Diego,073,3302833,264961,260998,12959,273957,3317
2021-03-02,San Francisco,075,870044,34339,34387,1169,35556,424
2021-03-02,San Joaquin,077,732212,67088,65769,2935,68704,1111
2021-03-02,San Luis Obispo,079,281455,19669,19452,587,20039,241
2021-03-02,San Mateo,081,765935,39747,39148,422,39570,317
2021-03-02,Santa Barbara,083,443738,32610,31964,1153,33117,416
2021-03-02,Santa Clara,085,1922200,110782,110832,613,111445,1706
2021-03-02,Santa Cruz,087,273765,15428,14611,844,15455,185
2021-03-02,Shasta,089,179085,10992,11012,1276,12288,149
2021-03-02,Sierra,091,2930,49,48,14,62,0
2021-03-02,Siskiyou,093,43540,1503,1412,253,1665,5
2021-03-02,Solano,095,438530,30006,29827,375,30202,167
2021-03-02,Sonoma,097,501317,28234,28261,223,28484,279
2021-03-02,Stanislaus,099,539301,50804,50359,5605,55964,724
2021-03-02,Sutter,101,95872,8907,8832,86,8918,99
2021-03-02,Tehama,103,63373,4600,4597,515,5112,32
2021-03-02,Trinity,105,12862,394,301,62,363,3
2021-03-02,Tulare,107,460477,47944,47326,8574,55900,783
2021-03-02,Tuolumne,109,53932,3910,3908,32,3940,53
2021-03-02,Ventura,111,848112,78028,77952,2892,80844,780
2021-03-02,Yolo,113,214977,12955,12867,235,13102,189
2021-03-02,Yuba,115,75493,5523,5475,90,5565,41
2021-03-01,Alameda,001,1643700,81228,80805,1815,82620,1105
2021-03-01,Alpine,003,1148,81,77,0,77,0
2021-03-01,Amador,005,37829,3489,3469,32,3501,42
2021-03-01,Butte,007,227075,11338,10981,1692,12673,180
2021-03-01,Calaveras,009,45235,1920,1885,12,1897,46
2021-03-01,Colusa,011,21464,1874,1871,272,2143,11
2021-03-01,Contra Costa,013,1133247,63474,62458,1130,63588,694
2021-03-01,Del Norte,015,27424,1021,982,5,987,5
2021-03-01,El Dorado,017,186661,9133,9085,630,9715,98
2021-03-01,Fresno,019,978130,96372,95677,8035,103712,1405
2021-03-01,Glenn,021,27897,2244,2232,511,2743,15
2021-03-01,Humboldt,023,135768,3207,3179,21,3200,30
2021-03-01,Imperial,025,180216,27176,26913,2640,29553,636
2021-03-01,Inyo,027,18085,1314,1285,2,1287,35
2021-03-01,Kern,029,883053,93441,92219,10205,102424,1041
2021-03-01,Kings,031,150075,22167,21988,1066,23054,217
2021-03-01,Lake,033,64148,3203,3164,6,3170,40
2021-03-01,Lassen,035,31185,5115,5111,100,5211,1
2021-03-01,Los Angeles,037,10098052,1171437,1155984,41328,1197312,21293
2021-03-01,Madera,039,155013,15677,15505,852,16357,194
2021-03-01,Marin,041,260295,13257,13161,170,13331,214
2021-03-01,Mariposa,043,17540,376,375,5,380,4
2021-03-01,Mendocino,045,87422,3646,3561,69,3630,41
2021-03-01,Merced,047,269075,28619,28575,909,29484,385
2021-03-01,Modoc,049,8938,343,331,116,447,3
2021-03-01,Mono,051,14174,1180,1192,13,1205,3
2021-03-01,Monterey,053,433212,41939,41697,1757,43454,324
2021-03-01,Napa,055,140530,9111,9056,32,9088,70
2021-03-01,Nevada,057,99092,4043,3979,164,4143,66
2021-03-01,Orange,059,3164182,247295,245852,10590,256442,3976
2021-03-01,Placer,061,380077,20628,19803,1165,20968,239
2021-03-01,Plumas,063,18699,641,628,11,639,4
2021-03-01,Riverside,065,2383286,283958,279323,14001,293324,3680
2021-03-01,Sacramento,067,1510023,94915,93546,1301,94847,1401
2021-03-01,San Benito,069,59416,5756,5772,95,5867,57
2021-03-01,San Bernardino,071,2135413,285908,281685,9002,290687,3603
2021-03-01,San Diego,073,3302833,264643,260622,12926,273548,3303
2021-03-01,San Francisco,075,870044,34295,34318,1161,35479,424
2021-03-01,San Joaquin,077,732212,66981,65699,2922,68621,1097
2021-03-01,San Luis Obispo,079,281455,19647,19429,585,20014,239
2021-03-01,San Mateo,081,765935,39695,39096,421,39517,314
2021-03-01,Santa Barbara,083,443738,32568,31909,1152,33061,413
2021-03-01,Santa Clara,085,1922200,110624,110684,610,111294,1704
2021-03-01,Santa Cruz,087,273765,15409,14575,843,15418,185
2021-03-01,Shasta,089,179085,10980,10990,1273,12263,149
2021-03-01,Sierra,091,2930,49,48,14,62,0
2021-03-01,Siskiyou,093,43540,1499,1408,251,1659,5
2021-03-01,Solano,095,438530,29963,29779,374,30153,166
2021-03-01,Sonoma,097,501317,28186,28222,221,28443,278
2021-03-01,Stanislaus,099,539301,50729,50293,5599,55892,722
2021-03-01,Sutter,101,95872,8895,8825,86,8911,99
2021-03-01,Tehama,103,63373,4596,4595,515,5110,32
2021-03-01,Trinity,105,12862,394,298,61,359,3
2021-03-01,Tulare,107,460477,47907,47275,8539,55814,781
2021-03-01,Tuolumne,109,53932,3907,3907,32,3939,53
2021-03-01,Ventura,111,848112,77946,77849,2891,80740,775
2021-03-01,Yolo,113,214977,12938,12854,233,13087,188
2021-03-01,Yuba,115,75493,5511,5466,90,5556,41
2021-02-28,Alameda,001,1643700,81105,80727,1813,82540,1105
2021-02-28,Alpine,003,1148,81,77,0,77,0
2021-02-28,Amador,005,37829,3484,3466,31,3497,42
2021-02-28,Butte,007,227075,11323,10970,1692,12662,180
2021-02-28,Calaveras,009,45235,1914,1881,12,1893,46
2021-02-28,Colusa,011,21464,1874,1871,271,2142,11
2021-02-28,Contra Costa,013,1133247,63347,62386,1125,63511,694
2021-02-28,Del Norte,015,27424,1019,981,5,986,5
2021-02-28,El Dorado,017,186661,9122,9082,630,9712,98
2021-02-28,Fresno,019,978130,96193,95548,8001,103549,1405
2021-02-28,Glenn,021,27897,2242,2230,509,2739,15
2021-02-28,Humboldt,023,135768,3184,3179,21,3200,30
2021-02-28,Imperial,025,180216,27150,26909,2633,29542,636
2021-02-28,Inyo,027,18085,1309,1282,2,1284,35
2021-02-28,Kern,029,883053,93326,92169,10183,102352,1012
2021-02-28,Kings,031,150075,22146,21967,1065,23032,217
2021-02-28,Lake,033,64148,3198,3164,6,3170,40
2021-02-28,Lassen,035,31185,5114,5106,100,5206,1
2021-02-28,Los Angeles,037,10098052,1170657,1155141,41264,1196405,21261
2021-02-28,Madera,039,155013,15635,15496,849,16345,199
2021-02-28,Marin,041,260295,13234,13152,168,13320,214
2021-02-28,Mariposa,043,17540,376,374,5,379,4
2021-02-28,Mendocino,045,87422,3640,3558,69,3627,41
2021-02-28,Merced,047,269075,28556,28546,908,29454,384
2021-02-28,Modoc,049,8938,343,331,116,447,3
2021-02-28,Mono,051,14174,1177,1192,13,1205,3
2021-02-28,Monterey,053,433212,41907,41683,1756,43439,323
2021-02-28,Napa,055,140530,9092,9053,32,9085,70
2021-02-28,Nevada,057,99092,4030,3972,164,4136,66
2021-02-28,Orange,059,3164182,247096,245706,10582,256288,3970
2021-02-28,Placer,061,380077,20581,19775,1163,20938,239
2021-02-28,Plumas,063,18699,641,628,11,639,4
2021-02-28,Riverside,065,2383286,283738,279214,13990,293204,3661
2021-02-28,Sacramento,067,1510023,94731,93463,1296,94759,1398
2021-02-28,San Benito,069,59416,5745,5772,95,5867,57
2021-02-28,San Bernardino,071,2135413,285772,281620,8989,290609,3595
2021-02-28,San Diego,073,3302833,264347,260353,12892,273245,3303
2021-02-28,San Francisco,075,870044,34254,34291,1154,35445,417
2021-02-28,San Joaquin,077,732212,66873,65662,2913,68575,1097
2021-02-28,San Luis Obispo,079,281455,19612,19422,582,20004,237
2021-02-28,San Mateo,081,765935,39642,39059,420,39479,314
2021-02-28,Santa Barbara,083,443738,32516,31877,1152,33029,413
2021-02-28,Santa Clara,085,1922200,110426,110556,607,111163,1704
2021-02-28,Santa Cruz,087,273765,15380,14571,840,15411,185
2021-02-28,Shasta,089,179085,10959,10990,1269,12259,149
2021-02-28,Sierra,091,2930,49,48,14,62,0
2021-02-28,Siskiyou,093,43540,1491,1408,250,1658,5
2021-02-28,Solano,095,438530,29907,29758,369,30127,166
2021-02-28,Sonoma,097,501317,28123,28193,220,28413,279
2021-02-28,Stanislaus,099,539301,50639,50228,5585,55813,728
2021-02-28,Sutter,101,95872,8880,8825,86,8911,99
2021-02-28,Tehama,103,63373,4589,4590,515,5105,32
2021-02-28,Trinity,105,12862,394,298,61,359,3
2021-02-28,Tulare,107,460477,47845,47258,8508,55766,780
2021-02-28,Tuolumne,109,53932,3902,3905,32,3937,53
2021-02-28,Ventura,111,848112,77835,77749,2888,80637,775
2021-02-28,Yolo,113,214977,12916,12851,233,13084,188
2021-02-28,Yuba,115,75493,5501,5461,90,5551,41
2021-02-27,Alameda,001,1643700,81031,80565,1811,82376,1108
2021-02-27,Alpine,003,1148,81,77,0,77,0
2021-02-27,Amador,005,37829,3482,3463,31,3494,42
2021-02-27,Butte,007,227075,11311,10962,1692,12654,180
2021-02-27,Calaveras,009,45235,1909,1875,12,1887,46
2021-02-27,Colusa,011,21464,1873,1869,271,2140,11
2021-02-27,Contra Costa,013,1133247,63276,62248,1122,63370,693
2021-02-27,Del Norte,015,27424,1017,978,5,983,5
2021-02-27,El Dorado,017,186661,9118,9072,630,9702,98
2021-02-27,Fresno,019,978130,96120,95393,7987,103380,1400
2021-02-27,Glenn,021,27897,2242,2225,508,2733,15
2021-02-27,Humboldt,023,135768,3178,3167,21,3188,30
2021-02-27,Imperial,025,180216,27142,26903,2632,29535,633
2021-02-27,Inyo,027,18085,1306,1275,2,1277,35
2021-02-27,Kern,029,883053,93265,92053,10168,102221,996
2021-02-27,Kings,031,150075,22136,21955,1062,23017,216
2021-02-27,Lake,033,64148,3195,3156,6,3162,40
2021-02-27,Lassen,035,31185,5114,5106,100,5206,1
2021-02-27,Los Angeles,037,10098052,1170165,1154275,41234,1195509,21158
2021-02-27,Madera,039,155013,15618,15467,848,16315,199
2021-02-27,Marin,041,260295,13210,13134,168,13302,214
2021-02-27,Mariposa,043,17540,376,374,5,379,4
2021-02-27,Mendocino,045,87422,3637,3555,69,3624,41
2021-02-27,Merced,047,269075,28515,28501,899,29400,384
2021-02-27,Modoc,049,8938,343,331,115,446,3
2021-02-27,Mono,051,14174,1175,1191,13,1204,3
2021-02-27,Monterey,053,433212,41898,41665,1756,43421,322
2021-02-27,Napa,055,140530,9081,9038,32,9070,71
2021-02-27,Nevada,057,99092,4024,3960,164,4124,66
2021-02-27,Orange,059,3164182,246970,245542,10570,256112,3960
2021-02-27,Placer,061,380077,20545,19726,1160,20886,239
2021-02-27,Plumas,063,18699,641,628,11,639,4
2021-02-27,Riverside,065,2383286,283629,279048,13980,293028,3663
2021-02-27,Sacramento,067,1510023,94649,93281,1285,94566,1396
2021-02-27,San Benito,069,59416,5744,5767,94,5861,57
2021-02-27,San Bernardino,071,2135413,285693,281471,8982,290453,3527
2021-02-27,San Diego,073,3302833,264158,260091,12854,272945,3284
2021-02-27,San Francisco,075,870044,34221,34260,1151,35411,413
2021-02-27,San Joaquin,077,732212,66827,65578,2911,68489,1100
2021-02-27,San Luis Obispo,079,281455,19591,19411,581,19992,237
2021-02-27,San Mateo,081,765935,39601,38998,419,39417,313
2021-02-27,Santa Barbara,083,443738,32482,31805,1151,32956,411
2021-02-27,Santa Clara,085,1922200,110279,110361,605,110966,1703
2021-02-27,Santa Cruz,087,273765,15371,14552,839,15391,185
2021-02-27,Shasta,089,179085,10953,10985,1265,12250,149
2021-02-27,Sierra,091,2930,49,48,14,62,0
2021-02-27,Siskiyou,093,43540,1489,1407,249,1656,5
2021-02-27,Solano,095,438530,29879,29718,368,30086,165
2021-02-27,Sonoma,097,501317,28079,28141,214,28355,281
2021-02-27,Stanislaus,099,539301,50584,50147,5575,55722,733
2021-02-27,Sutter,101,95872,8875,8820,86,8906,99
2021-02-27,Tehama,103,63373,4586,4584,515,5099,32
2021-02-27,Trinity,105,12862,394,298,61,359,3
2021-02-27,Tulare,107,460477,47809,47209,8481,55690,770
2021-02-27,Tuolumne,109,53932,3899,3899,32,3931,53
2021-02-27,Ventura,111,848112,77763,77623,2885,80508,771
2021-02-27,Yolo,113,214977,12904,12834,233,13067,188
2021-02-27,Yuba,115,75493,5498,5450,90,5540,39
2021-02-26,Alameda,001,1643700,80935,80387,1806,82193,1106
2021-02-26,Alpine,003,1148,81,77,0,77,0
2021-02-26,Amador,005,37829,3476,3457,31,3488,42
2021-02-26,Butte,007,227075,11301,10941,1691,12632,180
2021-02-26,Calaveras,009,45235,1906,1873,12,1885,46
2021-02-26,Colusa,011,21464,1873,1865,271,2136,11
2021-02-26,Contra Costa,013,1133247,63194,62114,1122,63236,685
2021-02-26,Del Norte,015,27424,1013,968,5,973,5
2021-02-26,El Dorado,017,186661,9113,9038,628,9666,98
2021-02-26,Fresno,019,978130,96017,95202,7979,103181,1391
2021-02-26,Glenn,021,27897,2239,2220,508,2728,15
2021-02-26,Humboldt,023,135768,3172,3152,21,3173,30
2021-02-26,Imperial,025,180216,27134,26888,2630,29518,631
2021-02-26,Inyo,027,18085,1304,1271,2,1273,34
2021-02-26,Kern,029,883053,93186,91884,10152,102036,997
2021-02-26,Kings,031,150075,22120,21917,1059,22976,216
2021-02-26,Lake,033,64148,3190,3153,6,3159,40
2021-02-26,Lassen,035,31185,5114,5102,100,5202,1
2021-02-26,Los Angeles,037,10098052,1169597,1153131,41171,1194302,21070
2021-02-26,Madera,039,155013,15602,15436,846,16282,199
2021-02-26,Marin,041,260295,13196,13091,168,13259,214
2021-02-26,Mariposa,043,17540,376,375,5,380,4
2021-02-26,Mendocino,045,87422,3632,3549,69,3618,41
2021-02-26,Merced,047,269075,28482,28455,898,29353,382
2021-02-26,Modoc,049,8938,342,330,115,445,3
2021-02-26,Mono,051,14174,1173,1191,13,1204,3
2021-02-26,Monterey,053,433212,41872,41607,1756,43363,322
2021-02-26,Napa,055,140530,9075,9014,32,9046,70
2021-02-26,Nevada,057,99092,4013,3952,164,4116,66
2021-02-26,Orange,059,3164182,246830,245278,10560,255838,3918
2021-02-26,Placer,061,380077,20519,19712,1154,20866,239
2021-02-26,Plumas,063,18699,641,628,11,639,4
2021-02-26,Riverside,065,2383286,283485,278772,13974,292746,3653
2021-02-26,Sacramento,067,1510023,94526,93180,1282,94462,1390
2021-02-26,San Benito,069,59416,5743,5759,94,5853,57
2021-02-26,San Bernardino,071,2135413,285594,281132,8980,290112,3461
2021-02-26,San Diego,073,3302833,263931,259641,12833,272474,3271
2021-02-26,San Francisco,075,870044,34191,34213,1146,35359,413
2021-02-26,San Joaquin,077,732212,66746,65492,2905,68397,1070
2021-02-26,San Luis Obispo,079,281455,19575,19359,579,19938,234
2021-02-26,San Mateo,081,765935,39555,38922,419,39341,313
2021-02-26,Santa Barbara,083,443738,32439,31724,1150,32874,410
2021-02-26,Santa Clara,085,1922200,110149,110168,603,110771,1700
2021-02-26,Santa Cruz,087,273765,15359,14528,838,15366,185
2021-02-26,Shasta,089,179085,10947,10972,1255,12227,149
2021-02-26,Sierra,091,2930,49,47,14,61,0
2021-02-26,Siskiyou,093,43540,1489,1401,249,1650,5
2021-02-26,Solano,095,438530,29845,29651,367,30018,165
2021-02-26,Sonoma,097,501317,28050,28063,213,28276,280
2021-02-26,Stanislaus,099,539301,50528,50054,5567,55621,737
2021-02-26,Sutter,101,95872,8866,8806,86,8892,99
2021-02-26,Tehama,103,63373,4584,4581,515,5096,32
2021-02-26,Trinity,105,12862,393,298,61,359,3
2021-02-26,Tulare,107,460477,47774,47135,8451,55586,770
2021-02-26,Tuolumne,109,53932,3898,3896,32,3928,53
2021-02-26,Ventura,111,848112,77663,77534,2883,80417,765
2021-02-26,Yolo,113,214977,12897,12816,233,13049,188
2021-02-26,Yuba,115,75493,5493,5438,90,5528,39
2021-02-25,Alameda,001,1643700,80814,80181,1805,81986,1093
2021-02-25,Alpine,003,1148,81,77,0,77,0
2021-02-25,Amador,005,37829,3473,3448,31,3479,41
2021-02-25,Butte,007,227075,11280,10922,1686,12608,178
2021-02-25,Calaveras,009,45235,1898,1868,12,1880,46
2021-02-25,Colusa,011,21464,1870,1863,270,2133,11
2021-02-25,Contra Costa,013,1133247,63092,61910,1122,63032,686
2021-02-25,Del Norte,015,27424,1003,966,5,971,5
2021-02-25,El Dorado,017,186661,9097,9012,628,9640,98
2021-02-25,Fresno,019,978130,95873,95015,7957,102972,1377
2021-02-25,Glenn,021,27897,2236,2219,507,2726,15
2021-02-25,Humboldt,023,135768,3165,3129,21,3150,30
2021-02-25,Imperial,025,180216,27128,26855,2626,29481,628
2021-02-25,Inyo,027,18085,1298,1264,2,1266,33
2021-02-25,Kern,029,883053,93071,91735,10126,101861,992
2021-02-25,Kings,031,150075,22111,21900,1056,22956,216
2021-02-25,Lake,033,64148,3181,3141,6,3147,40
2021-02-25,Lassen,035,31185,5113,5097,99,5196,1
2021-02-25,Los Angeles,037,10098052,1168859,1151846,41111,1192957,20931
2021-02-25,Madera,039,155013,15567,15414,842,16256,194
2021-02-25,Marin,041,260295,13172,13067,168,13235,214
2021-02-25,Mariposa,043,17540,376,375,5,380,4
2021-02-25,Mendocino,045,87422,3627,3542,69,3611,41
2021-02-25,Merced,047,269075,28432,28383,897,29280,382
2021-02-25,Modoc,049,8938,342,329,115,444,3
2021-02-25,Mono,051,14174,1172,1190,13,1203,3
2021-02-25,Monterey,053,433212,41847,41564,1751,43315,321
2021-02-25,Napa,055,140530,9049,8998,32,9030,70
2021-02-25,Nevada,057,99092,3996,3940,163,4103,66
2021-02-25,Orange,059,3164182,246656,245000,10550,255550,3882
2021-02-25,Placer,061,380077,20478,19661,1152,20813,239
2021-02-25,Plumas,063,18699,641,626,11,637,4
2021-02-25,Riverside,065,2383286,283300,278544,13950,292494,3646
2021-02-25,Sacramento,067,1510023,94369,92961,1269,94230,1386
2021-02-25,San Benito,069,59416,5738,5752,94,5846,58
2021-02-25,San Bernardino,071,2135413,285462,280946,8970,289916,3409
2021-02-25,San Diego,073,3302833,263637,258979,12803,271782,3260
2021-02-25,San Francisco,075,870044,34149,34138,1143,35281,408
2021-02-25,San Joaquin,077,732212,66662,65389,2893,68282,1047
2021-02-25,San Luis Obispo,079,281455,19554,19335,577,19912,234
2021-02-25,San Mateo,081,765935,39509,38872,419,39291,300
2021-02-25,Santa Barbara,083,443738,32363,31631,1149,32780,408
2021-02-25,Santa Clara,085,1922200,109985,109923,602,110525,1677
2021-02-25,Santa Cruz,087,273765,15341,14492,836,15328,185
2021-02-25,Shasta,089,179085,10935,10947,1250,12197,148
2021-02-25,Sierra,091,2930,49,47,14,61,0
2021-02-25,Siskiyou,093,43540,1485,1390,246,1636,4
2021-02-25,Solano,095,438530,29813,29616,367,29983,161
2021-02-25,Sonoma,097,501317,27996,28004,210,28214,278
2021-02-25,Stanislaus,099,539301,50439,49964,5556,55520,738
2021-02-25,Sutter,101,95872,8852,8789,85,8874,99
2021-02-25,Tehama,103,63373,4580,4578,513,5091,32
2021-02-25,Trinity,105,12862,393,297,61,358,3
2021-02-25,Tulare,107,460477,47726,47052,8423,55475,765
2021-02-25,Tuolumne,109,53932,3895,3894,32,3926,53
2021-02-25,Ventura,111,848112,77558,77395,2877,80272,751
2021-02-25,Yolo,113,214977,12880,12787,233,13020,188
2021-02-25,Yuba,115,75493,5485,5429,90,5519,39
2021-02-24,Alameda,001,1643700,80692,80070,1801,81871,1082
2021-02-24,Alpine,003,1148,80,77,0,77,0
2021-02-24,Amador,005,37829,3468,3444,31,3475,41
2021-02-24,Butte,007,227075,11268,10915,1682,12597,178
2021-02-24,Calaveras,009,45235,1896,1864,12,1876,31
2021-02-24,Colusa,011,21464,1868,1863,270,2133,11
2021-02-24,Contra Costa,013,1133247,62984,61776,1122,62898,663
2021-02-24,Del Norte,015,27424,1002,960,4,964,5
2021-02-24,El Dorado,017,186661,9085,8993,628,9621,98
2021-02-24,Fresno,019,978130,95727,94794,7940,102734,1369
2021-02-24,Glenn,021,27897,2234,2210,507,2717,14
2021-02-24,Humboldt,023,135768,3153,3123,21,3144,29
2021-02-24,Imperial,025,180216,27113,26843,2622,29465,596
2021-02-24,Inyo,027,18085,1293,1253,2,1255,32
2021-02-24,Kern,029,883053,92938,91525,10110,101635,992
2021-02-24,Kings,031,150075,22088,21871,1052,22923,216
2021-02-24,Lake,033,64148,3174,3134,6,3140,40
2021-02-24,Lassen,035,31185,5109,5095,98,5193,1
2021-02-24,Los Angeles,037,10098052,1168105,1150322,41061,1191383,20817
2021-02-24,Madera,039,155013,15540,15390,842,16232,194
2021-02-24,Marin,041,260295,13149,13044,167,13211,214
2021-02-24,Mariposa,043,17540,376,374,5,379,4
2021-02-24,Mendocino,045,87422,3620,3540,69,3609,41
2021-02-24,Merced,047,269075,28393,28295,894,29189,383
2021-02-24,Modoc,049,8938,341,329,115,444,3
2021-02-24,Mono,051,14174,1170,1189,13,1202,3
2021-02-24,Monterey,053,433212,41822,41495,1749,43244,320
2021-02-24,Napa,055,140530,9032,8976,31,9007,70
2021-02-24,Nevada,057,99092,3986,3927,163,4090,66
2021-02-24,Orange,059,3164182,246439,244743,10536,255279,3835
2021-02-24,Placer,061,380077,20440,19648,1146,20794,239
2021-02-24,Plumas,063,18699,639,626,11,637,4
2021-02-24,Riverside,065,2383286,283079,278293,13940,292233,3603
2021-02-24,Sacramento,067,1510023,94215,92742,1264,94006,1375
2021-02-24,San Benito,069,59416,5737,5743,94,5837,57
2021-02-24,San Bernardino,071,2135413,285312,280583,8966,289549,3360
2021-02-24,San Diego,073,3302833,263344,258460,12787,271247,3230
2021-02-24,San Francisco,075,870044,34104,34061,1139,35200,406
2021-02-24,San Joaquin,077,732212,66552,65274,2890,68164,1019
2021-02-24,San Luis Obispo,079,281455,19531,19309,575,19884,233
2021-02-24,San Mateo,081,765935,39472,38763,418,39181,300
2021-02-24,Santa Barbara,083,443738,32312,31563,1146,32709,405
2021-02-24,Santa Clara,085,1922200,109834,109671,601,110272,1674
2021-02-24,Santa Cruz,087,273765,15320,14458,836,15294,185
2021-02-24,Shasta,089,179085,10921,10922,1247,12169,148
2021-02-24,Sierra,091,2930,49,47,14,61,0
2021-02-24,Siskiyou,093,43540,1478,1385,242,1627,4
2021-02-24,Solano,095,438530,29774,29577,364,29941,158
2021-02-24,Sonoma,097,501317,27932,27954,206,28160,278
2021-02-24,Stanislaus,099,539301,50370,49851,5547,55398,732
2021-02-24,Sutter,101,95872,8842,8778,85,8863,99
2021-02-24,Tehama,103,63373,4576,4566,513,5079,31
2021-02-24,Trinity,105,12862,393,294,60,354,3
2021-02-24,Tulare,107,460477,47672,46976,8393,55369,759
2021-02-24,Tuolumne,109,53932,3892,3887,32,3919,53
2021-02-24,Ventura,111,848112,77450,77238,2875,80113,718
2021-02-24,Yolo,113,214977,12867,12760,229,12989,188
2021-02-24,Yuba,115,75493,5474,5425,88,5513,39
2021-02-23,Alameda,001,1643700,80552,79948,1798,81746,1070
2021-02-23,Alpine,003,1148,79,77,0,77,0
2021-02-23,Amador,005,37829,3466,3440,31,3471,41
2021-02-23,Butte,007,227075,11253,10887,1678,12565,176
2021-02-23,Calaveras,009,45235,1895,1863,12,1875,21
2021-02-23,Colusa,011,21464,1865,1862,270,2132,11
2021-02-23,Contra Costa,013,1133247,62850,61613,1120,62733,661
2021-02-23,Del Norte,015,27424,1000,953,4,957,3
2021-02-23,El Dorado,017,186661,9072,8969,628,9597,96
2021-02-23,Fresno,019,978130,95566,94741,7926,102667,1356
2021-02-23,Glenn,021,27897,2232,2209,507,2716,14
2021-02-23,Humboldt,023,135768,3136,3108,21,3129,29
2021-02-23,Imperial,025,180216,27093,26816,2617,29433,591
2021-02-23,Inyo,027,18085,1289,1250,2,1252,32
2021-02-23,Kern,029,883053,92801,91390,10081,101471,982
2021-02-23,Kings,031,150075,22073,21839,1048,22887,216
2021-02-23,Lake,033,64148,3166,3121,6,3127,40
2021-02-23,Lassen,035,31185,5106,5092,98,5190,1
2021-02-23,Los Angeles,037,10098052,1167242,1148965,41004,1189969,19887
2021-02-23,Madera,039,155013,15526,15352,836,16188,193
2021-02-23,Marin,041,260295,13129,13015,166,13181,214
2021-02-23,Mariposa,043,17540,376,374,5,379,4
2021-02-23,Mendocino,045,87422,3618,3540,68,3608,41
2021-02-23,Merced,047,269075,28305,28209,893,29102,381
2021-02-23,Modoc,049,8938,340,328,114,442,3
2021-02-23,Mono,051,14174,1170,1189,13,1202,3
2021-02-23,Monterey,053,433212,41781,41439,1743,43182,317
2021-02-23,Napa,055,140530,9020,8967,31,8998,70
2021-02-23,Nevada,057,99092,3978,3912,163,4075,66
2021-02-23,Orange,059,3164182,246243,244566,10516,255082,3843
2021-02-23,Placer,061,380077,20414,19608,1142,20750,238
2021-02-23,Plumas,063,18699,638,626,11,637,4
2021-02-23,Riverside,065,2383286,282847,278075,13927,292002,3599
2021-02-23,Sacramento,067,1510023,94058,92632,1258,93890,1370
2021-02-23,San Benito,069,59416,5731,5731,93,5824,57
2021-02-23,San Bernardino,071,2135413,285124,280279,8959,289238,3283
2021-02-23,San Diego,073,3302833,262969,257802,12757,270559,3218
2021-02-23,San Francisco,075,870044,34055,33994,1138,35132,405
2021-02-23,San Joaquin,077,732212,66454,65141,2882,68023,1004
2021-02-23,San Luis Obispo,079,281455,19502,19233,574,19807,230
2021-02-23,San Mateo,081,765935,39411,38662,418,39080,299
2021-02-23,Santa Barbara,083,443738,32259,31483,1144,32627,402
2021-02-23,Santa Clara,085,1922200,109638,109449,597,110046,1661
2021-02-23,Santa Cruz,087,273765,15293,14435,832,15267,178
2021-02-23,Shasta,089,179085,10909,10903,1243,12146,146
2021-02-23,Sierra,091,2930,49,47,14,61,0
2021-02-23,Siskiyou,093,43540,1473,1380,240,1620,4
2021-02-23,Solano,095,438530,29734,29545,361,29906,154
2021-02-23,Sonoma,097,501317,27889,27882,203,28085,278
2021-02-23,Stanislaus,099,539301,50294,49749,5529,55278,722
2021-02-23,Sutter,101,95872,8829,8766,85,8851,98
2021-02-23,Tehama,103,63373,4572,4556,512,5068,30
2021-02-23,Trinity,105,12862,393,292,59,351,3
2021-02-23,Tulare,107,460477,47593,46937,8357,55294,757
2021-02-23,Tuolumne,109,53932,3888,3864,32,3896,53
2021-02-23,Ventura,111,848112,77334,77093,2866,79959,689
2021-02-23,Yolo,113,214977,12838,12729,229,12958,188
2021-02-23,Yuba,115,75493,5461,5417,87,5504,38
2021-02-22,Alameda,001,1643700,80401,79796,1795,81591,1062
2021-02-22,Alpine,003,1148,79,77,0,77,0
2021-02-22,Amador,005,37829,3461,3438,31,3469,39
2021-02-22,Butte,007,227075,11241,10855,1672,12527,176
2021-02-22,Calaveras,009,45235,1893,1862,12,1874,21
2021-02-22,Colusa,011,21464,1865,1860,270,2130,11
2021-02-22,Contra Costa,013,1133247,62715,61478,1118,62596,661
2021-02-22,Del Norte,015,27424,999,948,4,952,3
2021-02-22,El Dorado,017,186661,9055,8940,628,9568,96
2021-02-22,Fresno,019,978130,95405,94584,7909,102493,1351
2021-02-22,Glenn,021,27897,2226,2207,505,2712,14
2021-02-22,Humboldt,023,135768,3124,3095,21,3116,29
2021-02-22,Imperial,025,180216,27070,26778,2609,29387,590
2021-02-22,Inyo,027,18085,1284,1248,2,1250,32
2021-02-22,Kern,029,883053,92684,91201,10059,101260,982
2021-02-22,Kings,031,150075,22052,21801,1045,22846,214
2021-02-22,Lake,033,64148,3160,3107,6,3113,40
2021-02-22,Lassen,035,31185,5106,5088,97,5185,1
2021-02-22,Los Angeles,037,10098052,1166371,1147541,40946,1188487,19730
2021-02-22,Madera,039,155013,15501,15325,832,16157,193
2021-02-22,Marin,041,260295,13105,12991,163,13154,213
2021-02-22,Mariposa,043,17540,375,374,5,379,4
2021-02-22,Mendocino,045,87422,3612,3535,68,3603,41
2021-02-22,Merced,047,269075,28237,28166,891,29057,379
2021-02-22,Modoc,049,8938,340,329,114,443,3
2021-02-22,Mono,051,14174,1166,1189,13,1202,3
2021-02-22,Monterey,053,433212,41730,41397,1736,43133,311
2021-02-22,Napa,055,140530,8993,8950,31,8981,69
2021-02-22,Nevada,057,99092,3969,3900,161,4061,66
2021-02-22,Orange,059,3164182,246007,244118,10498,254616,3843
2021-02-22,Placer,061,380077,20378,19587,1134,20721,238
2021-02-22,Plumas,063,18699,638,625,11,636,4
2021-02-22,Riverside,065,2383286,282587,277730,13918,291648,3567
2021-02-22,Sacramento,067,1510023,93891,92476,1248,93724,1359
2021-02-22,San Benito,069,59416,5729,5723,93,5816,57
2021-02-22,San Bernardino,071,2135413,284943,279984,8946,288930,3259
2021-02-22,San Diego,073,3302833,262560,257348,12723,270071,3189
2021-02-22,San Francisco,075,870044,33996,33947,1132,35079,405
2021-02-22,San Joaquin,077,732212,66353,65060,2869,67929,1001
2021-02-22,San Luis Obispo,079,281455,19465,19198,572,19770,229
2021-02-22,San Mateo,081,765935,39354,38542,415,38957,282
2021-02-22,Santa Barbara,083,443738,32194,31421,1141,32562,399
2021-02-22,Santa Clara,085,1922200,109427,109213,585,109798,1655
2021-02-22,Santa Cruz,087,273765,15267,14417,832,15249,176
2021-02-22,Shasta,089,179085,10894,10872,1238,12110,145
2021-02-22,Sierra,091,2930,49,47,14,61,0
2021-02-22,Siskiyou,093,43540,1467,1373,239,1612,4
2021-02-22,Solano,095,438530,29695,29508,360,29868,150
2021-02-22,Sonoma,097,501317,27844,27845,202,28047,278
2021-02-22,Stanislaus,099,539301,50191,49630,5508,55138,722
2021-02-22,Sutter,101,95872,8821,8698,85,8783,98
2021-02-22,Tehama,103,63373,4563,4550,512,5062,30
2021-02-22,Trinity,105,12862,393,287,58,345,3
2021-02-22,Tulare,107,460477,47532,46879,8324,55203,751
2021-02-22,Tuolumne,109,53932,3884,3856,32,3888,53
2021-02-22,Ventura,111,848112,77206,76947,2861,79808,677
2021-02-22,Yolo,113,214977,12811,12689,228,12917,183
2021-02-22,Yuba,115,75493,5458,5404,86,5490,38
2021-02-21,Alameda,001,1643700,80203,79649,1790,81439,1061
2021-02-21,Alpine,003,1148,79,77,0,77,0
2021-02-21,Amador,005,37829,3453,3435,31,3466,39
2021-02-21,Butte,007,227075,11218,10855,1670,12525,176
2021-02-21,Calaveras,009,45235,1892,1860,12,1872,21
2021-02-21,Colusa,011,21464,1864,1860,266,2126,11
2021-02-21,Contra Costa,013,1133247,62550,61364,1115,62479,661
2021-02-21,Del Norte,015,27424,993,942,4,946,3
2021-02-21,El Dorado,017,186661,9037,8927,627,9554,96
2021-02-21,Fresno,019,978130,95265,94374,7890,102264,1349
2021-02-21,Glenn,021,27897,2224,2201,503,2704,14
2021-02-21,Humboldt,023,135768,3112,3096,21,3117,29
2021-02-21,Imperial,025,180216,27051,26779,2605,29384,590
2021-02-21,Inyo,027,18085,1278,1232,2,1234,32
2021-02-21,Kern,029,883053,92559,91141,10020,101161,980
2021-02-21,Kings,031,150075,22017,21784,1042,22826,213
2021-02-21,Lake,033,64148,3152,3100,6,3106,40
2021-02-21,Lassen,035,31185,5098,5077,97,5174,1
2021-02-21,Los Angeles,037,10098052,1165345,1146756,40893,1187649,19711
2021-02-21,Madera,039,155013,15468,15298,829,16127,192
2021-02-21,Marin,041,260295,13075,12968,163,13131,212
2021-02-21,Mariposa,043,17540,375,373,5,378,4
2021-02-21,Mendocino,045,87422,3607,3535,68,3603,41
2021-02-21,Merced,047,269075,28147,28106,879,28985,379
2021-02-21,Modoc,049,8938,337,329,114,443,3
2021-02-21,Mono,051,14174,1166,1189,13,1202,3
2021-02-21,Monterey,053,433212,41675,41373,1725,43098,309
2021-02-21,Napa,055,140530,8978,8929,31,8960,69
2021-02-21,Nevada,057,99092,3956,3895,161,4056,66
2021-02-21,Orange,059,3164182,245710,243985,10478,254463,3801
2021-02-21,Placer,061,380077,20342,19553,1130,20683,238
2021-02-21,Plumas,063,18699,638,625,11,636,4
2021-02-21,Riverside,065,2383286,282356,277555,13905,291460,3564
2021-02-21,Sacramento,067,1510023,93681,92288,1235,93523,1354
2021-02-21,San Benito,069,59416,5719,5716,90,5806,57
2021-02-21,San Bernardino,071,2135413,284697,279870,8931,288801,3247
2021-02-21,San Diego,073,3302833,262125,257027,12677,269704,3190
2021-02-21,San Francisco,075,870044,33931,33891,1128,35019,405
2021-02-21,San Joaquin,077,732212,66204,64997,2856,67853,1001
2021-02-21,San Luis Obispo,079,281455,19433,19178,570,19748,229
2021-02-21,San Mateo,081,765935,39294,38448,411,38859,282
2021-02-21,Santa Barbara,083,443738,32132,31374,1138,32512,399
2021-02-21,Santa Clara,085,1922200,109202,108992,575,109567,1654
2021-02-21,Santa Cruz,087,273765,15244,14401,831,15232,176
2021-02-21,Shasta,089,179085,10879,10867,1233,12100,145
2021-02-21,Sierra,091,2930,49,47,14,61,0
2021-02-21,Siskiyou,093,43540,1461,1371,239,1610,4
2021-02-21,Solano,095,438530,29638,29471,359,29830,150
2021-02-21,Sonoma,097,501317,27779,27793,194,27987,278
2021-02-21,Stanislaus,099,539301,50066,49527,5491,55018,726
2021-02-21,Sutter,101,95872,8803,8687,84,8771,97
2021-02-21,Tehama,103,63373,4551,4547,512,5059,30
2021-02-21,Trinity,105,12862,391,286,58,344,3
2021-02-21,Tulare,107,460477,47465,46830,8287,55117,749
2021-02-21,Tuolumne,109,53932,3870,3828,32,3860,53
2021-02-21,Ventura,111,848112,77058,76862,2847,79709,677
2021-02-21,Yolo,113,214977,12780,12670,228,12898,183
2021-02-21,Yuba,115,75493,5450,5396,85,5481,38
2021-02-20,Alameda,001,1643700,80110,79496,1786,81282,1055
2021-02-20,Alpine,003,1148,79,77,0,77,0
2021-02-20,Amador,005,37829,3451,3432,31,3463,39
2021-02-20,Butte,007,227075,11210,10838,1668,12506,176
2021-02-20,Calaveras,009,45235,1891,1858,12,1870,21
2021-02-20,Colusa,011,21464,1863,1858,266,2124,11
2021-02-20,Contra Costa,013,1133247,62461,61205,1113,62318,663
2021-02-20,Del Norte,015,27424,989,937,4,941,3
2021-02-20,El Dorado,017,186661,9027,8911,627,9538,96
2021-02-20,Fresno,019,978130,95182,94234,7872,102106,1341
2021-02-20,Glenn,021,27897,2221,2199,502,2701,14
2021-02-20,Humboldt,023,135768,3104,3073,21,3094,29
2021-02-20,Imperial,025,180216,27043,26771,2605,29376,590
2021-02-20,Inyo,027,18085,1274,1226,2,1228,32
2021-02-20,Kern,029,883053,92488,91025,9986,101011,968
2021-02-20,Kings,031,150075,21999,21773,1041,22814,212
2021-02-20,Lake,033,64148,3145,3089,6,3095,40
2021-02-20,Lassen,035,31185,5096,5067,97,5164,1
2021-02-20,Los Angeles,037,10098052,1164780,1145594,40849,1186443,19630
2021-02-20,Madera,039,155013,15448,15274,828,16102,191
2021-02-20,Marin,041,260295,13054,12945,161,13106,211
2021-02-20,Mariposa,043,17540,375,372,5,377,4
2021-02-20,Mendocino,045,87422,3605,3533,68,3601,40
2021-02-20,Merced,047,269075,28102,28066,877,28943,379
2021-02-20,Modoc,049,8938,337,328,114,442,3
2021-02-20,Mono,051,14174,1165,1187,13,1200,3
2021-02-20,Monterey,053,433212,41655,41313,1723,43036,309
2021-02-20,Napa,055,140530,8969,8910,31,8941,69
2021-02-20,Nevada,057,99092,3946,3887,160,4047,66
2021-02-20,Orange,059,3164182,245544,243761,10462,254223,3755
2021-02-20,Placer,061,380077,20302,19509,1126,20635,236
2021-02-20,Plumas,063,18699,638,626,11,637,4
2021-02-20,Riverside,065,2383286,282204,277267,13893,291160,3559
2021-02-20,Sacramento,067,1510023,93557,92057,1233,93290,1352
2021-02-20,San Benito,069,59416,5707,5709,90,5799,57
2021-02-20,San Bernardino,071,2135413,284596,279608,8926,288534,3203
2021-02-20,San Diego,073,3302833,261883,256510,12648,269158,3188
2021-02-20,San Francisco,075,870044,33889,33820,1119,34939,399
2021-02-20,San Joaquin,077,732212,66132,64916,2851,67767,1001
2021-02-20,San Luis Obispo,079,281455,19410,19138,568,19706,229
2021-02-20,San Mateo,081,765935,39250,38371,410,38781,282
2021-02-20,Santa Barbara,083,443738,32098,31289,1136,32425,396
2021-02-20,Santa Clara,085,1922200,109026,108728,572,109300,1649
2021-02-20,Santa Cruz,087,273765,15233,14378,829,15207,176
2021-02-20,Shasta,089,179085,10865,10850,1228,12078,146
2021-02-20,Sierra,091,2930,49,47,14,61,0
2021-02-20,Siskiyou,093,43540,1458,1366,239,1605,4
2021-02-20,Solano,095,438530,29623,29440,357,29797,150
2021-02-20,Sonoma,097,501317,27750,27703,192,27895,278
2021-02-20,Stanislaus,099,539301,50011,49445,5478,54923,733
2021-02-20,Sutter,101,95872,8797,8681,84,8765,97
2021-02-20,Tehama,103,63373,4550,4545,512,5057,30
2021-02-20,Trinity,105,12862,390,285,57,342,3
2021-02-20,Tulare,107,460477,47429,46769,8265,55034,739
2021-02-20,Tuolumne,109,53932,3865,3823,32,3855,53
2021-02-20,Ventura,111,848112,76962,76757,2844,79601,671
2021-02-20,Yolo,113,214977,12766,12639,227,12866,183
2021-02-20,Yuba,115,75493,5447,5386,85,5471,38
2021-02-19,Alameda,001,1643700,80003,79318,1782,81100,1047
2021-02-19,Alpine,003,1148,79,77,0,77,0
2021-02-19,Amador,005,37829,3447,3427,31,3458,39
2021-02-19,Butte,007,227075,11200,10823,1663,12486,176
2021-02-19,Calaveras,009,45235,1890,1856,12,1868,21
2021-02-19,Colusa,011,21464,1863,1858,266,2124,11
2021-02-19,Contra Costa,013,1133247,62353,61017,1111,62128,651
2021-02-19,Del Norte,015,27424,984,932,4,936,2
2021-02-19,El Dorado,017,186661,9018,8882,626,9508,96
2021-02-19,Fresno,019,978130,95054,93973,7853,101826,1330
2021-02-19,Glenn,021,27897,2216,2199,501,2700,14
2021-02-19,Humboldt,023,135768,3092,3037,21,3058,29
2021-02-19,Imperial,025,180216,27038,26751,2602,29353,589
2021-02-19,Inyo,027,18085,1269,1212,2,1214,32
2021-02-19,Kern,029,883053,92419,90807,9943,100750,963
2021-02-19,Kings,031,150075,21985,21724,1038,22762,211
2021-02-19,Lake,033,64148,3139,3078,6,3084,40
2021-02-19,Lassen,035,31185,5095,5057,97,5154,1
2021-02-19,Los Angeles,037,10098052,1164035,1143828,40806,1184634,19498
2021-02-19,Madera,039,155013,15431,15222,826,16048,188
2021-02-19,Marin,041,260295,13030,12919,159,13078,210
2021-02-19,Mariposa,043,17540,375,371,5,376,4
2021-02-19,Mendocino,045,87422,3603,3526,68,3594,39
2021-02-19,Merced,047,269075,28071,27985,874,28859,376
2021-02-19,Modoc,049,8938,337,328,114,442,3
2021-02-19,Mono,051,14174,1165,1186,13,1199,3
2021-02-19,Monterey,053,433212,41626,41209,1719,42928,309
2021-02-19,Napa,055,140530,8958,8899,31,8930,69
2021-02-19,Nevada,057,99092,3940,3863,160,4023,66
2021-02-19,Orange,059,3164182,245364,243397,10448,253845,3715
2021-02-19,Placer,061,380077,20280,19457,1126,20583,236
2021-02-19,Plumas,063,18699,636,624,11,635,4
2021-02-19,Riverside,065,2383286,282032,276941,13876,290817,3541
2021-02-19,Sacramento,067,1510023,93436,91815,1229,93044,1351
2021-02-19,San Benito,069,59416,5702,5699,90,5789,57
2021-02-19,San Bernardino,071,2135413,284470,279209,8920,288129,3117
2021-02-19,San Diego,073,3302833,261593,255799,12625,268424,3169
2021-02-19,San Francisco,075,870044,33841,33746,1113,34859,387
2021-02-19,San Joaquin,077,732212,66061,64774,2842,67616,988
2021-02-19,San Luis Obispo,079,281455,19380,19061,566,19627,230
2021-02-19,San Mateo,081,765935,39192,38256,408,38664,282
2021-02-19,Santa Barbara,083,443738,32034,31204,1135,32339,392
2021-02-19,Santa Clara,085,1922200,108813,108400,570,108970,1634
2021-02-19,Santa Cruz,087,273765,15218,14354,829,15183,176
2021-02-19,Shasta,089,179085,10853,10833,1225,12058,140
2021-02-19,Sierra,091,2930,49,47,14,61,0
2021-02-19,Siskiyou,093,43540,1454,1363,237,1600,4
2021-02-19,Solano,095,438530,29592,29383,356,29739,150
2021-02-19,Sonoma,097,501317,27702,27595,190,27785,280
2021-02-19,Stanislaus,099,539301,49950,49282,5462,54744,739
2021-02-19,Sutter,101,95872,8787,8665,84,8749,96
2021-02-19,Tehama,103,63373,4548,4535,512,5047,30
2021-02-19,Trinity,105,12862,389,282,54,336,3
2021-02-19,Tulare,107,460477,47385,46662,8237,54899,736
2021-02-19,Tuolumne,109,53932,3859,3817,31,3848,52
2021-02-19,Ventura,111,848112,76882,76582,2841,79423,667
2021-02-19,Yolo,113,214977,12750,12606,227,12833,183
2021-02-19,Yuba,115,75493,5437,5376,85,5461,38
2021-02-18,Alameda,001,1643700,79855,79111,1775,80886,1012
2021-02-18,Alpine,003,1148,79,77,0,77,0
2021-02-18,Amador,005,37829,3443,3417,30,3447,38
2021-02-18,Butte,007,227075,11182,10791,1660,12451,175
2021-02-18,Calaveras,009,45235,1885,1873,12,1885,21
2021-02-18,Colusa,011,21464,1861,1856,264,2120,11
2021-02-18,Contra Costa,013,1133247,62242,60868,1110,61978,640
2021-02-18,Del Norte,015,27424,979,929,4,933,2
2021-02-18,El Dorado,017,186661,9004,8850,625,9475,94
2021-02-18,Fresno,019,978130,94886,93734,7826,101560,1323
2021-02-18,Glenn,021,27897,2210,2195,501,2696,14
2021-02-18,Humboldt,023,135768,3080,3023,21,3044,29
2021-02-18,Imperial,025,180216,27012,26731,2597,29328,591
2021-02-18,Inyo,027,18085,1265,1213,1,1214,32
2021-02-18,Kern,029,883053,92263,90655,9913,100568,961
2021-02-18,Kings,031,150075,21964,21648,1036,22684,211
2021-02-18,Lake,033,64148,3131,3066,6,3072,40
2021-02-18,Lassen,035,31185,5086,5052,97,5149,1
2021-02-18,Los Angeles,037,10098052,1163080,1141930,40738,1182668,19358
2021-02-18,Madera,039,155013,15410,15175,821,15996,188
2021-02-18,Marin,041,260295,13016,12895,159,13054,209
2021-02-18,Mariposa,043,17540,374,369,5,374,4
2021-02-18,Mendocino,045,87422,3600,3519,67,3586,39
2021-02-18,Merced,047,269075,28021,27870,868,28738,372
2021-02-18,Modoc,049,8938,335,327,113,440,3
2021-02-18,Mono,051,14174,1165,1182,13,1195,3
2021-02-18,Monterey,053,433212,41562,41091,1710,42801,307
2021-02-18,Napa,055,140530,8941,8877,31,8908,68
2021-02-18,Nevada,057,99092,3931,3836,159,3995,66
2021-02-18,Orange,059,3164182,245145,243098,10430,253528,3673
2021-02-18,Placer,061,380077,20253,19429,1125,20554,232
2021-02-18,Plumas,063,18699,636,624,11,635,4
2021-02-18,Riverside,065,2383286,281752,276595,13855,290450,3510
2021-02-18,Sacramento,067,1510023,93275,91476,1223,92699,1334
2021-02-18,San Benito,069,59416,5699,5697,89,5786,58
2021-02-18,San Bernardino,071,2135413,284260,278887,8906,287793,3066
2021-02-18,San Diego,073,3302833,261239,254987,12602,267589,3135
2021-02-18,San Francisco,075,870044,33783,33650,1110,34760,386
2021-02-18,San Joaquin,077,732212,65976,64634,2831,67465,982
2021-02-18,San Luis Obispo,079,281455,19338,18987,563,19550,230
2021-02-18,San Mateo,081,765935,39130,38185,404,38589,282
2021-02-18,Santa Barbara,083,443738,31955,31054,1127,32181,387
2021-02-18,Santa Clara,085,1922200,108587,108210,567,108777,1605
2021-02-18,Santa Cruz,087,273765,15192,14314,829,15143,176
2021-02-18,Shasta,089,179085,10833,10811,1222,12033,139
2021-02-18,Sierra,091,2930,48,47,14,61,0
2021-02-18,Siskiyou,093,43540,1449,1359,236,1595,4
2021-02-18,Solano,095,438530,29565,29349,355,29704,150
2021-02-18,Sonoma,097,501317,27634,27512,189,27701,281
2021-02-18,Stanislaus,099,539301,49853,49150,5447,54597,738
2021-02-18,Sutter,101,95872,8779,8654,84,8738,96
2021-02-18,Tehama,103,63373,4545,4528,511,5039,30
2021-02-18,Trinity,105,12862,388,282,54,336,3
2021-02-18,Tulare,107,460477,47326,46591,8195,54786,728
2021-02-18,Tuolumne,109,53932,3822,3811,31,3842,52
2021-02-18,Ventura,111,848112,76751,76442,2831,79273,659
2021-02-18,Yolo,113,214977,12723,12549,224,12773,183
2021-02-18,Yuba,115,75493,5420,5358,85,5443,38
2021-02-17,Alameda,001,1643700,79694,78895,1773,80668,1002
2021-02-17,Alpine,003,1148,79,77,0,77,0
2021-02-17,Amador,005,37829,3439,3415,30,3445,38
2021-02-17,Butte,007,227075,11164,10770,1657,12427,174
2021-02-17,Calaveras,009,45235,1885,1876,12,1888,21
2021-02-17,Colusa,011,21464,1858,1854,264,2118,10
2021-02-17,Contra Costa,013,1133247,62101,60723,1107,61830,635
2021-02-17,Del Norte,015,27424,973,920,4,924,2
2021-02-17,El Dorado,017,186661,8992,8847,625,9472,94
2021-02-17,Fresno,019,978130,94748,93555,7799,101354,1307
2021-02-17,Glenn,021,27897,2210,2189,500,2689,14
2021-02-17,Humboldt,023,135768,3065,3006,21,3027,29
2021-02-17,Imperial,025,180216,26997,26726,2595,29321,580
2021-02-17,Inyo,027,18085,1257,1197,1,1198,32
2021-02-17,Kern,029,883053,92145,90454,9866,100320,962
2021-02-17,Kings,031,150075,21927,21617,1032,22649,211
2021-02-17,Lake,033,64148,3120,3057,2,3059,38
2021-02-17,Lassen,035,31185,5081,5052,96,5148,1
2021-02-17,Los Angeles,037,10098052,1162033,1139786,40671,1180457,19213
2021-02-17,Madera,039,155013,15384,15135,812,15947,177
2021-02-17,Marin,041,260295,12990,12881,159,13040,207
2021-02-17,Mariposa,043,17540,374,368,4,372,4
2021-02-17,Mendocino,045,87422,3598,3494,66,3560,39
2021-02-17,Merced,047,269075,27967,27824,859,28683,372
2021-02-17,Modoc,049,8938,335,327,113,440,3
2021-02-17,Mono,051,14174,1165,1180,13,1193,3
2021-02-17,Monterey,053,433212,41508,41014,1698,42712,304
2021-02-17,Napa,055,140530,8927,8865,31,8896,68
2021-02-17,Nevada,057,99092,3912,3822,156,3978,52
2021-02-17,Orange,059,3164182,244879,242716,10396,253112,3626
2021-02-17,Placer,061,380077,20220,19405,1121,20526,230
2021-02-17,Plumas,063,18699,635,623,11,634,4
2021-02-17,Riverside,065,2383286,281477,276289,13832,290121,3491
2021-02-17,Sacramento,067,1510023,93118,91309,1216,92525,1326
2021-02-17,San Benito,069,59416,5693,5661,89,5750,57
2021-02-17,San Bernardino,071,2135413,284056,278461,8886,287347,3020
2021-02-17,San Diego,073,3302833,260862,254177,12581,266758,3099
2021-02-17,San Francisco,075,870044,33707,33558,1105,34663,379
2021-02-17,San Joaquin,077,732212,65876,64556,2824,67380,979
2021-02-17,San Luis Obispo,079,281455,19293,18964,563,19527,230
2021-02-17,San Mateo,081,765935,39065,38124,402,38526,282
2021-02-17,Santa Barbara,083,443738,31887,30927,1126,32053,384
2021-02-17,Santa Clara,085,1922200,108355,107949,565,108514,1592
2021-02-17,Santa Cruz,087,273765,15159,14268,826,15094,174
2021-02-17,Shasta,089,179085,10813,10770,1221,11991,139
2021-02-17,Sierra,091,2930,48,47,14,61,0
2021-02-17,Siskiyou,093,43540,1443,1352,233,1585,4
2021-02-17,Solano,095,438530,29509,29288,355,29643,149
2021-02-17,Sonoma,097,501317,27560,27408,184,27592,281
2021-02-17,Stanislaus,099,539301,49744,49050,5430,54480,730
2021-02-17,Sutter,101,95872,8769,8681,84,8765,95
2021-02-17,Tehama,103,63373,4541,4511,510,5021,30
2021-02-17,Trinity,105,12862,388,277,52,329,3
2021-02-17,Tulare,107,460477,47265,46495,8164,54659,726
2021-02-17,Tuolumne,109,53932,3813,3806,31,3837,49
2021-02-17,Ventura,111,848112,76626,76234,2824,79058,646
2021-02-17,Yolo,113,214977,12706,12506,222,12728,182
2021-02-17,Yuba,115,75493,5411,5345,85,5430,38
2021-02-16,Alameda,001,1643700,79520,78756,1769,80525,997
2021-02-16,Alpine,003,1148,79,76,0,76,0
2021-02-16,Amador,005,37829,3432,3413,30,3443,39
2021-02-16,Butte,007,227075,11137,10748,1654,12402,164
2021-02-16,Calaveras,009,45235,1883,1872,12,1884,21
2021-02-16,Colusa,011,21464,1855,1852,262,2114,10
2021-02-16,Contra Costa,013,1133247,61953,60564,1102,61666,631
2021-02-16,Del Norte,015,27424,965,913,4,917,2
2021-02-16,El Dorado,017,186661,8982,8836,624,9460,94
2021-02-16,Fresno,019,978130,94586,93363,7768,101131,1293
2021-02-16,Glenn,021,27897,2201,2189,495,2684,14
2021-02-16,Humboldt,023,135768,3041,2994,21,3015,29
2021-02-16,Imperial,025,180216,26984,26711,2591,29302,580
2021-02-16,Inyo,027,18085,1249,1191,1,1192,32
2021-02-16,Kern,029,883053,92013,90267,9833,100100,959
2021-02-16,Kings,031,150075,21881,21583,1028,22611,206
2021-02-16,Lake,033,64148,3111,3041,2,3043,38
2021-02-16,Lassen,035,31185,5069,5047,96,5143,1
2021-02-16,Los Angeles,037,10098052,1160789,1138262,40608,1178870,19044
2021-02-16,Madera,039,155013,15345,15120,808,15928,172
2021-02-16,Marin,041,260295,12966,12832,159,12991,205
2021-02-16,Mariposa,043,17540,374,367,4,371,4
2021-02-16,Mendocino,045,87422,3594,3489,66,3555,39
2021-02-16,Merced,047,269075,27895,27724,852,28576,368
2021-02-16,Modoc,049,8938,335,326,113,439,3
2021-02-16,Mono,051,14174,1165,1180,13,1193,3
2021-02-16,Monterey,053,433212,41434,40962,1689,42651,303
2021-02-16,Napa,055,140530,8914,8854,31,8885,66
2021-02-16,Nevada,057,99092,3899,3774,155,3929,47
2021-02-16,Orange,059,3164182,244556,242382,10380,252762,3612
2021-02-16,Placer,061,380077,20188,19367,1118,20485,230
2021-02-16,Plumas,063,18699,635,619,11,630,4
2021-02-16,Riverside,065,2383286,281174,275954,13809,289763,3471
2021-02-16,Sacramento,067,1510023,92864,91246,1209,92455,1305
2021-02-16,San Benito,069,59416,5685,5659,88,5747,56
2021-02-16,San Bernardino,071,2135413,283833,277947,8875,286822,2978
2021-02-16,San Diego,073,3302833,260400,253638,12543,266181,3042
2021-02-16,San Francisco,075,870044,33636,33491,1100,34591,373
2021-02-16,San Joaquin,077,732212,65756,64448,2820,67268,979
2021-02-16,San Luis Obispo,079,281455,19248,18925,560,19485,229
2021-02-16,San Mateo,081,765935,39006,38041,400,38441,277
2021-02-16,Santa Barbara,083,443738,31814,30865,1122,31987,378
2021-02-16,Santa Clara,085,1922200,108103,107754,562,108316,1591
2021-02-16,Santa Cruz,087,273765,15140,14256,824,15080,174
2021-02-16,Shasta,089,179085,10797,10736,1219,11955,139
2021-02-16,Sierra,091,2930,48,47,14,61,0
2021-02-16,Siskiyou,093,43540,1439,1351,233,1584,4
2021-02-16,Solano,095,438530,29469,29246,354,29600,148
2021-02-16,Sonoma,097,501317,27498,27380,178,27558,279
2021-02-16,Stanislaus,099,539301,49626,48927,5413,54340,716
2021-02-16,Sutter,101,95872,8746,8671,84,8755,95
2021-02-16,Tehama,103,63373,4532,4501,509,5010,30
2021-02-16,Trinity,105,12862,384,275,52,327,3
2021-02-16,Tulare,107,460477,47201,46444,8118,54562,716
2021-02-16,Tuolumne,109,53932,3811,3796,31,3827,49
2021-02-16,Ventura,111,848112,76481,76043,2820,78863,631
2021-02-16,Yolo,113,214977,12675,12457,222,12679,175
2021-02-16,Yuba,115,75493,5404,5332,84,5416,38
2021-02-15,Alameda,001,1643700,79321,78647,1758,80405,996
2021-02-15,Alpine,003,1148,79,76,0,76,0
2021-02-15,Amador,005,37829,3428,3409,30,3439,39
2021-02-15,Butte,007,227075,11119,10723,1650,12373,155
2021-02-15,Calaveras,009,45235,1879,1871,12,1883,21
2021-02-15,Colusa,011,21464,1855,1849,258,2107,10
2021-02-15,Contra Costa,013,1133247,61778,60444,1095,61539,631
2021-02-15,Del Norte,015,27424,961,913,4,917,2
2021-02-15,El Dorado,017,186661,8965,8816,624,9440,94
2021-02-15,Fresno,019,978130,94387,93231,7729,100960,1288
2021-02-15,Glenn,021,27897,2198,2185,492,2677,14
2021-02-15,Humboldt,023,135768,3034,2997,21,3018,29
2021-02-15,Imperial,025,180216,26966,26700,2586,29286,580
2021-02-15,Inyo,027,18085,1230,1184,1,1185,32
2021-02-15,Kern,029,883053,91869,90181,9800,99981,959
2021-02-15,Kings,031,150075,21836,21574,1024,22598,205
2021-02-15,Lake,033,64148,3097,3030,1,3031,38
2021-02-15,Lassen,035,31185,5067,5047,95,5142,1
2021-02-15,Los Angeles,037,10098052,1159401,1137164,40544,1177708,18925
2021-02-15,Madera,039,155013,15314,15108,807,15915,106
2021-02-15,Marin,041,260295,12946,12810,156,12966,203
2021-02-15,Mariposa,043,17540,372,367,4,371,4
2021-02-15,Mendocino,045,87422,3582,3481,66,3547,39
2021-02-15,Merced,047,269075,27820,27656,845,28501,368
2021-02-15,Modoc,049,8938,335,326,113,439,3
2021-02-15,Mono,051,14174,1162,1178,13,1191,3
2021-02-15,Monterey,053,433212,41373,40911,1675,42586,302
2021-02-15,Napa,055,140530,8900,8837,31,8868,57
2021-02-15,Nevada,057,99092,3882,3767,154,3921,47
2021-02-15,Orange,059,3164182,244238,242176,10352,252528,3586
2021-02-15,Placer,061,380077,20162,19361,1117,20478,230
2021-02-15,Plumas,063,18699,635,620,11,631,4
2021-02-15,Riverside,065,2383286,280828,275771,13794,289565,3468
2021-02-15,Sacramento,067,1510023,92537,91091,1204,92295,1304
2021-02-15,San Benito,069,59416,5676,5649,88,5737,56
2021-02-15,San Bernardino,071,2135413,283578,277869,8867,286736,2945
2021-02-15,San Diego,073,3302833,259886,252940,12511,265451,3037
2021-02-15,San Francisco,075,870044,33563,33454,1092,34546,373
2021-02-15,San Joaquin,077,732212,65591,64382,2813,67195,979
2021-02-15,San Luis Obispo,079,281455,19195,18891,558,19449,227
2021-02-15,San Mateo,081,765935,38929,37969,397,38366,277
2021-02-15,Santa Barbara,083,443738,31712,30810,1119,31929,378
2021-02-15,Santa Clara,085,1922200,107869,107630,560,108190,1588
2021-02-15,Santa Cruz,087,273765,15108,14239,821,15060,175
2021-02-15,Shasta,089,179085,10777,10730,1214,11944,139
2021-02-15,Sierra,091,2930,48,47,14,61,0
2021-02-15,Siskiyou,093,43540,1431,1345,232,1577,4
2021-02-15,Solano,095,438530,29414,29225,354,29579,148
2021-02-15,Sonoma,097,501317,27413,27359,174,27533,276
2021-02-15,Stanislaus,099,539301,49502,48808,5399,54207,716
2021-02-15,Sutter,101,95872,8731,8652,84,8736,95
2021-02-15,Tehama,103,63373,4521,4492,507,4999,30
2021-02-15,Trinity,105,12862,383,274,52,326,3
2021-02-15,Tulare,107,460477,47128,46344,8078,54422,715
2021-02-15,Tuolumne,109,53932,3801,3794,31,3825,49
2021-02-15,Ventura,111,848112,76325,75889,2817,78706,629
2021-02-15,Yolo,113,214977,12639,12412,215,12627,175
2021-02-15,Yuba,115,75493,5387,5320,83,5403,38
2021-02-14,Alameda,001,1643700,79165,78442,1757,80199,995
2021-02-14,Alpine,003,1148,79,76,0,76,0
2021-02-14,Amador,005,37829,3423,3398,30,3428,39
2021-02-14,Butte,007,227075,11095,10717,1645,12362,155
2021-02-14,Calaveras,009,45235,1876,1866,12,1878,21
2021-02-14,Colusa,011,21464,1851,1845,255,2100,10
2021-02-14,Contra Costa,013,1133247,61630,60272,1092,61364,631
2021-02-14,Del Norte,015,27424,957,911,4,915,2
2021-02-14,El Dorado,017,186661,8935,8790,622,9412,94
2021-02-14,Fresno,019,978130,94218,93065,7704,100769,1287
2021-02-14,Glenn,021,27897,2196,2184,492,2676,14
2021-02-14,Humboldt,023,135768,3021,2992,21,3013,29
2021-02-14,Imperial,025,180216,26958,26696,2585,29281,580
2021-02-14,Inyo,027,18085,1224,1177,1,1178,32
2021-02-14,Kern,029,883053,91711,90038,9745,99783,959
2021-02-14,Kings,031,150075,21810,21538,1022,22560,205
2021-02-14,Lake,033,64148,3088,3030,1,3031,38
2021-02-14,Lassen,035,31185,5063,5037,95,5132,1
2021-02-14,Los Angeles,037,10098052,1158064,1135450,40456,1175906,18898
2021-02-14,Madera,039,155013,15282,15089,803,15892,106
2021-02-14,Marin,041,260295,12922,12784,156,12940,201
2021-02-14,Mariposa,043,17540,372,365,4,369,4
2021-02-14,Mendocino,045,87422,3577,3475,66,3541,39
2021-02-14,Merced,047,269075,27743,27601,839,28440,368
2021-02-14,Modoc,049,8938,335,326,113,439,3
2021-02-14,Mono,051,14174,1161,1180,13,1193,3
2021-02-14,Monterey,053,433212,41323,40842,1671,42513,302
2021-02-14,Napa,055,140530,8880,8826,31,8857,57
2021-02-14,Nevada,057,99092,3866,3761,154,3915,47
2021-02-14,Orange,059,3164182,243929,241859,10331,252190,3564
2021-02-14,Placer,061,380077,20123,19313,1112,20425,230
2021-02-14,Plumas,063,18699,634,620,11,631,4
2021-02-14,Riverside,065,2383286,280514,275518,13773,289291,3471
2021-02-14,Sacramento,067,1510023,92330,90856,1200,92056,1304
2021-02-14,San Benito,069,59416,5668,5641,87,5728,56
2021-02-14,San Bernardino,071,2135413,283261,277664,8848,286512,2929
2021-02-14,San Diego,073,3302833,259394,252247,12463,264710,3037
2021-02-14,San Francisco,075,870044,33491,33374,1082,34456,372
2021-02-14,San Joaquin,077,732212,65492,64243,2799,67042,979
2021-02-14,San Luis Obispo,079,281455,19157,18868,555,19423,225
2021-02-14,San Mateo,081,765935,38845,37859,397,38256,277
2021-02-14,Santa Barbara,083,443738,31620,30744,1115,31859,377
2021-02-14,Santa Clara,085,1922200,107669,107412,556,107968,1582
2021-02-14,Santa Cruz,087,273765,15080,14225,816,15041,175
2021-02-14,Shasta,089,179085,10747,10720,1208,11928,139
2021-02-14,Sierra,091,2930,48,47,14,61,0
2021-02-14,Siskiyou,093,43540,1427,1340,232,1572,4
2021-02-14,Solano,095,438530,29376,29150,350,29500,148
2021-02-14,Sonoma,097,501317,27336,27266,172,27438,276
2021-02-14,Stanislaus,099,539301,49396,48672,5383,54055,716
2021-02-14,Sutter,101,95872,8708,8642,84,8726,95
2021-02-14,Tehama,103,63373,4513,4490,505,4995,30
2021-02-14,Trinity,105,12862,383,272,52,324,3
2021-02-14,Tulare,107,460477,47053,46263,8023,54286,715
2021-02-14,Tuolumne,109,53932,3800,3764,31,3795,49
2021-02-14,Ventura,111,848112,76150,75742,2806,78548,629
2021-02-14,Yolo,113,214977,12610,12399,214,12613,175
2021-02-14,Yuba,115,75493,5377,5314,83,5397,38
2021-02-13,Alameda,001,1643700,79048,78246,1754,80000,995
2021-02-13,Alpine,003,1148,79,76,0,76,0
2021-02-13,Amador,005,37829,3420,3387,30,3417,38
2021-02-13,Butte,007,227075,11079,10699,1644,12343,155
2021-02-13,Calaveras,009,45235,1872,1863,12,1875,21
2021-02-13,Colusa,011,21464,1851,1837,255,2092,10
2021-02-13,Contra Costa,013,1133247,61510,60100,1092,61192,629
2021-02-13,Del Norte,015,27424,955,908,4,912,2
2021-02-13,El Dorado,017,186661,8924,8758,621,9379,93
2021-02-13,Fresno,019,978130,94106,92807,7680,100487,1287
2021-02-13,Glenn,021,27897,2195,2182,492,2674,14
2021-02-13,Humboldt,023,135768,3008,2974,20,2994,29
2021-02-13,Imperial,025,180216,26951,26680,2583,29263,580
2021-02-13,Inyo,027,18085,1220,1168,1,1169,32
2021-02-13,Kern,029,883053,91622,89915,9720,99635,957
2021-02-13,Kings,031,150075,21795,21513,1020,22533,205
2021-02-13,Lake,033,64148,3082,3025,1,3026,37
2021-02-13,Lassen,035,31185,5060,5028,95,5123,1
2021-02-13,Los Angeles,037,10098052,1157205,1133752,40408,1174160,18822
2021-02-13,Madera,039,155013,15273,15053,798,15851,106
2021-02-13,Marin,041,260295,12901,12757,156,12913,201
2021-02-13,Mariposa,043,17540,372,365,4,369,4
2021-02-13,Mendocino,045,87422,3567,3466,66,3532,38
2021-02-13,Merced,047,269075,27699,27541,836,28377,368
2021-02-13,Modoc,049,8938,335,325,113,438,3
2021-02-13,Mono,051,14174,1161,1176,13,1189,3
2021-02-13,Monterey,053,433212,41292,40731,1669,42400,301
2021-02-13,Napa,055,140530,8871,8809,31,8840,57
2021-02-13,Nevada,057,99092,3857,3742,153,3895,47
2021-02-13,Orange,059,3164182,243725,241545,10310,251855,3520
2021-02-13,Placer,061,380077,20103,19214,1112,20326,230
2021-02-13,Plumas,063,18699,634,616,11,627,4
2021-02-13,Riverside,065,2383286,280285,275276,13763,289039,3462
2021-02-13,Sacramento,067,1510023,92163,90401,1197,91598,1302
2021-02-13,San Benito,069,59416,5654,5633,87,5720,56
2021-02-13,San Bernardino,071,2135413,283109,277405,8836,286241,2899
2021-02-13,San Diego,073,3302833,259063,251679,12451,264130,3009
2021-02-13,San Francisco,075,870044,33442,33291,1071,34362,364
2021-02-13,San Joaquin,077,732212,65424,64105,2789,66894,977
2021-02-13,San Luis Obispo,079,281455,19129,18803,549,19352,225
2021-02-13,San Mateo,081,765935,38792,37745,397,38142,277
2021-02-13,Santa Barbara,083,443738,31569,30594,1113,31707,374
2021-02-13,Santa Clara,085,1922200,107484,107125,552,107677,1570
2021-02-13,Santa Cruz,087,273765,15053,14198,815,15013,173
2021-02-13,Shasta,089,179085,10735,10713,1203,11916,139
2021-02-13,Sierra,091,2930,48,47,14,61,0
2021-02-13,Siskiyou,093,43540,1424,1336,232,1568,4
2021-02-13,Solano,095,438530,29340,29084,350,29434,148
2021-02-13,Sonoma,097,501317,27290,27157,170,27327,276
2021-02-13,Stanislaus,099,539301,49327,48568,5377,53945,697
2021-02-13,Sutter,101,95872,8696,8626,84,8710,94
2021-02-13,Tehama,103,63373,4504,4484,504,4988,30
2021-02-13,Trinity,105,12862,382,272,51,323,3
2021-02-13,Tulare,107,460477,47009,46162,7986,54148,709
2021-02-13,Tuolumne,109,53932,3799,3752,31,3783,49
2021-02-13,Ventura,111,848112,76013,75481,2800,78281,618
2021-02-13,Yolo,113,214977,12598,12374,213,12587,175
2021-02-13,Yuba,115,75493,5369,5289,83,5372,38
2021-02-12,Alameda,001,1643700,78913,77958,1748,79706,974
2021-02-12,Alpine,003,1148,79,76,0,76,0
2021-02-12,Amador,005,37829,3416,3381,30,3411,38
2021-02-12,Butte,007,227075,11064,10655,1637,12292,155
2021-02-12,Calaveras,009,45235,1869,1860,12,1872,21
2021-02-12,Colusa,011,21464,1851,1836,255,2091,10
2021-02-12,Contra Costa,013,1133247,61360,59878,1088,60966,620
2021-02-12,Del Norte,015,27424,945,901,4,905,2
2021-02-12,El Dorado,017,186661,8908,8725,618,9343,92
2021-02-12,Fresno,019,978130,93953,92520,7659,100179,1273
2021-02-12,Glenn,021,27897,2192,2175,492,2667,14
2021-02-12,Humboldt,023,135768,3000,2961,20,2981,29
2021-02-12,Imperial,025,180216,26942,26646,2581,29227,585
2021-02-12,Inyo,027,18085,1214,1156,1,1157,32
2021-02-12,Kern,029,883053,91512,89532,9684,99216,949
2021-02-12,Kings,031,150075,21764,21462,1014,22476,202
2021-02-12,Lake,033,64148,3078,3012,1,3013,36
2021-02-12,Lassen,035,31185,5058,5015,95,5110,1
2021-02-12,Los Angeles,037,10098052,1156003,1131185,40337,1171522,18637
2021-02-12,Madera,039,155013,15246,15022,795,15817,106
2021-02-12,Marin,041,260295,12875,12720,156,12876,200
2021-02-12,Mariposa,043,17540,371,365,4,369,4
2021-02-12,Mendocino,045,87422,3565,3447,66,3513,38
2021-02-12,Merced,047,269075,27648,27453,833,28286,367
2021-02-12,Modoc,049,8938,335,324,113,437,3
2021-02-12,Mono,051,14174,1160,1172,13,1185,3
2021-02-12,Monterey,053,433212,41245,40633,1660,42293,297
2021-02-12,Napa,055,140530,8859,8785,31,8816,55
2021-02-12,Nevada,057,99092,3852,3728,153,3881,47
2021-02-12,Orange,059,3164182,243487,241075,10294,251369,3505
2021-02-12,Placer,061,380077,20062,19174,1107,20281,230
2021-02-12,Plumas,063,18699,633,614,11,625,4
2021-02-12,Riverside,065,2383286,280011,274792,13745,288537,3438
2021-02-12,Sacramento,067,1510023,91960,90252,1196,91448,1295
2021-02-12,San Benito,069,59416,5638,5622,86,5708,56
2021-02-12,San Bernardino,071,2135413,282916,276890,8824,285714,2827
2021-02-12,San Diego,073,3302833,258680,250788,12425,263213,2979
2021-02-12,San Francisco,075,870044,33383,33179,1067,34246,359
2021-02-12,San Joaquin,077,732212,65330,63966,2781,66747,975
2021-02-12,San Luis Obispo,079,281455,19088,18687,548,19235,224
2021-02-12,San Mateo,081,765935,38720,37560,397,37957,254
2021-02-12,Santa Barbara,083,443738,31498,30454,1108,31562,372
2021-02-12,Santa Clara,085,1922200,107315,106759,549,107308,1543
2021-02-12,Santa Cruz,087,273765,15033,14147,815,14962,170
2021-02-12,Shasta,089,179085,10717,10693,1193,11886,142
2021-02-12,Sierra,091,2930,47,45,14,59,0
2021-02-12,Siskiyou,093,43540,1420,1324,229,1553,4
2021-02-12,Solano,095,438530,29308,28996,347,29343,147
2021-02-12,Sonoma,097,501317,27236,27064,166,27230,275
2021-02-12,Stanislaus,099,539301,49244,48418,5352,53770,697
2021-02-12,Sutter,101,95872,8682,8609,84,8693,93
2021-02-12,Tehama,103,63373,4496,4470,503,4973,27
2021-02-12,Trinity,105,12862,382,269,51,320,3
2021-02-12,Tulare,107,460477,46931,46016,7959,53975,710
2021-02-12,Tuolumne,109,53932,3797,3736,30,3766,49
2021-02-12,Ventura,111,848112,75846,75210,2792,78002,605
2021-02-12,Yolo,113,214977,12578,12340,213,12553,175
2021-02-12,Yuba,115,75493,5361,5274,83,5357,38
2021-02-11,Alameda,001,1643700,78685,77564,1743,79307,960
2021-02-11,Alpine,003,1148,78,76,0,76,0
2021-02-11,Amador,005,37829,3412,3368,30,3398,35
2021-02-11,Butte,007,227075,11040,10624,1635,12259,155
2021-02-11,Calaveras,009,45235,1866,1856,12,1868,21
2021-02-11,Colusa,011,21464,1846,1823,253,2076,10
2021-02-11,Contra Costa,013,1133247,61193,59633,1084,60717,605
2021-02-11,Del Norte,015,27424,940,894,4,898,2
2021-02-11,El Dorado,017,186661,8887,8698,618,9316,92
2021-02-11,Fresno,019,978130,93799,92168,7633,99801,1255
2021-02-11,Glenn,021,27897,2190,2166,490,2656,14
2021-02-11,Humboldt,023,135768,2987,2954,19,2973,29
2021-02-11,Imperial,025,180216,26919,26545,2579,29124,578
2021-02-11,Inyo,027,18085,1205,1144,1,1145,32
2021-02-11,Kern,029,883053,91324,89224,9637,98861,941
2021-02-11,Kings,031,150075,21734,21373,1011,22384,202
2021-02-11,Lake,033,64148,3068,3002,1,3003,36
2021-02-11,Lassen,035,31185,5047,5004,92,5096,1
2021-02-11,Los Angeles,037,10098052,1154379,1128437,40265,1168702,18500
2021-02-11,Madera,039,155013,15225,14984,793,15777,106
2021-02-11,Marin,041,260295,12838,12682,156,12838,200
2021-02-11,Mariposa,043,17540,371,361,4,365,4
2021-02-11,Mendocino,045,87422,3558,3420,66,3486,38
2021-02-11,Merced,047,269075,27583,27325,829,28154,363
2021-02-11,Modoc,049,8938,334,317,113,430,3
2021-02-11,Mono,051,14174,1156,1173,13,1186,3
2021-02-11,Monterey,053,433212,41137,40469,1654,42123,295
2021-02-11,Napa,055,140530,8838,8777,31,8808,55
2021-02-11,Nevada,057,99092,3836,3720,153,3873,47
2021-02-11,Orange,059,3164182,243122,240590,10270,250860,3476
2021-02-11,Placer,061,380077,20022,19118,1106,20224,224
2021-02-11,Plumas,063,18699,632,592,11,603,4
2021-02-11,Riverside,065,2383286,279646,274313,13730,288043,3394
2021-02-11,Sacramento,067,1510023,91718,89988,1190,91178,1286
2021-02-11,San Benito,069,59416,5629,5609,86,5695,56
2021-02-11,San Bernardino,071,2135413,282600,276349,8810,285159,2774
2021-02-11,San Diego,073,3302833,258129,249971,12391,262362,2955
2021-02-11,San Francisco,075,870044,33300,33076,1055,34131,356
2021-02-11,San Joaquin,077,732212,65161,63719,2770,66489,971
2021-02-11,San Luis Obispo,079,281455,19023,18615,544,19159,219
2021-02-11,San Mateo,081,765935,38630,37439,394,37833,253
2021-02-11,Santa Barbara,083,443738,31404,30375,1103,31478,370
2021-02-11,Santa Clara,085,1922200,107059,106392,543,106935,1507
2021-02-11,Santa Cruz,087,273765,15010,14088,809,14897,165
2021-02-11,Shasta,089,179085,10693,10672,1189,11861,140
2021-02-11,Sierra,091,2930,47,45,14,59,0
2021-02-11,Siskiyou,093,43540,1405,1320,229,1549,4
2021-02-11,Solano,095,438530,29256,28885,347,29232,138
2021-02-11,Sonoma,097,501317,27153,26971,163,27134,272
2021-02-11,Stanislaus,099,539301,49100,48205,5341,53546,697
2021-02-11,Sutter,101,95872,8668,8590,83,8673,93
2021-02-11,Tehama,103,63373,4490,4463,503,4966,26
2021-02-11,Trinity,105,12862,382,269,51,320,3
2021-02-11,Tulare,107,460477,46839,45897,7914,53811,706
2021-02-11,Tuolumne,109,53932,3760,3716,30,3746,48
2021-02-11,Ventura,111,848112,75645,74959,2783,77742,590
2021-02-11,Yolo,113,214977,12555,12303,211,12514,173
2021-02-11,Yuba,115,75493,5347,5261,81,5342,38
2021-02-10,Alameda,001,1643700,78481,77344,1741,79085,944
2021-02-10,Alpine,003,1148,78,76,0,76,0
2021-02-10,Amador,005,37829,3400,3348,30,3378,35
2021-02-10,Butte,007,227075,11014,10594,1634,12228,155
2021-02-10,Calaveras,009,45235,1864,1850,12,1862,21
2021-02-10,Colusa,011,21464,1839,1815,251,2066,10
2021-02-10,Contra Costa,013,1133247,61021,59488,1082,60570,590
2021-02-10,Del Norte,015,27424,934,888,4,892,2
2021-02-10,El Dorado,017,186661,8857,8682,614,9296,87
2021-02-10,Fresno,019,978130,93626,91876,7607,99483,1247
2021-02-10,Glenn,021,27897,2188,2160,488,2648,14
2021-02-10,Humboldt,023,135768,2979,2924,19,2943,29
2021-02-10,Imperial,025,180216,26879,26522,2576,29098,578
2021-02-10,Inyo,027,18085,1193,1138,1,1139,30
2021-02-10,Kern,029,883053,91119,88933,9581,98514,926
2021-02-10,Kings,031,150075,21692,21294,1007,22301,197
2021-02-10,Lake,033,64148,3055,2975,1,2976,36
2021-02-10,Lassen,035,31185,5043,4993,92,5085,1
2021-02-10,Los Angeles,037,10098052,1152639,1125437,40131,1165568,18338
2021-02-10,Madera,039,155013,15187,14925,791,15716,105
2021-02-10,Marin,041,260295,12801,12651,156,12807,199
2021-02-10,Mariposa,043,17540,369,360,4,364,4
2021-02-10,Mendocino,045,87422,3543,3395,66,3461,38
2021-02-10,Merced,047,269075,27501,27246,818,28064,359
2021-02-10,Modoc,049,8938,333,315,111,426,3
2021-02-10,Mono,051,14174,1152,1170,13,1183,3
2021-02-10,Monterey,053,433212,41056,40366,1640,42006,288
2021-02-10,Napa,055,140530,8819,8769,31,8800,55
2021-02-10,Nevada,057,99092,3821,3693,151,3844,47
2021-02-10,Orange,059,3164182,242703,239974,10238,250212,3439
2021-02-10,Placer,061,380077,19983,19062,1101,20163,220
2021-02-10,Plumas,063,18699,629,589,11,600,2
2021-02-10,Riverside,065,2383286,279233,273721,13720,287441,3374
2021-02-10,Sacramento,067,1510023,91468,89653,1185,90838,1275
2021-02-10,San Benito,069,59416,5615,5591,86,5677,55
2021-02-10,San Bernardino,071,2135413,282241,275616,8793,284409,2696
2021-02-10,San Diego,073,3302833,257548,248858,12353,261211,2904
2021-02-10,San Francisco,075,870044,33218,32955,1052,34007,351
2021-02-10,San Joaquin,077,732212,65020,63484,2756,66240,954
2021-02-10,San Luis Obispo,079,281455,18944,18549,542,19091,216
2021-02-10,San Mateo,081,765935,38540,37323,394,37717,245
2021-02-10,Santa Barbara,083,443738,31315,30216,1098,31314,359
2021-02-10,Santa Clara,085,1922200,106821,106048,540,106588,1489
2021-02-10,Santa Cruz,087,273765,14975,14007,806,14813,165
2021-02-10,Shasta,089,179085,10670,10645,1186,11831,142
2021-02-10,Sierra,091,2930,47,45,14,59,0
2021-02-10,Siskiyou,093,43540,1400,1314,228,1542,4
2021-02-10,Solano,095,438530,29181,28835,345,29180,137
2021-02-10,Sonoma,097,501317,27061,26881,161,27042,271
2021-02-10,Stanislaus,099,539301,48986,48016,5323,53339,696
2021-02-10,Sutter,101,95872,8651,8571,83,8654,93
2021-02-10,Tehama,103,63373,4482,4445,503,4948,23
2021-02-10,Trinity,105,12862,380,268,51,319,3
2021-02-10,Tulare,107,460477,46724,45782,7874,53656,696
2021-02-10,Tuolumne,109,53932,3752,3691,30,3721,48
2021-02-10,Ventura,111,848112,75419,74651,2765,77416,580
2021-02-10,Yolo,113,214977,12531,12276,210,12486,174
2021-02-10,Yuba,115,75493,5329,5241,81,5322,38
2021-02-09,Alameda,001,1643700,78216,77018,1738,78756,936
2021-02-09,Alpine,003,1148,78,76,0,76,0
2021-02-09,Amador,005,37829,3392,3347,30,3377,35
2021-02-09,Butte,007,227075,10987,10563,1632,12195,153
2021-02-09,Calaveras,009,45235,1860,1847,12,1859,21
2021-02-09,Colusa,011,21464,1830,1812,246,2058,10
2021-02-09,Contra Costa,013,1133247,60833,59307,1076,60383,583
2021-02-09,Del Norte,015,27424,928,886,4,890,2
2021-02-09,El Dorado,017,186661,8830,8663,613,9276,87
2021-02-09,Fresno,019,978130,93391,91730,7573,99303,1211
2021-02-09,Glenn,021,27897,2184,2156,487,2643,14
2021-02-09,Humboldt,023,135768,2971,2904,19,2923,29
2021-02-09,Imperial,025,180216,26851,26509,2573,29082,568
2021-02-09,Inyo,027,18085,1185,1137,1,1138,30
2021-02-09,Kern,029,883053,90872,88684,9533,98217,920
2021-02-09,Kings,031,150075,21651,21275,1005,22280,196
2021-02-09,Lake,033,64148,3044,2955,1,2956,36
2021-02-09,Lassen,035,31185,5036,4983,92,5075,1
2021-02-09,Los Angeles,037,10098052,1150675,1122745,40041,1162786,18198
2021-02-09,Madera,039,155013,15167,14912,788,15700,105
2021-02-09,Marin,041,260295,12768,12623,155,12778,197
2021-02-09,Mariposa,043,17540,367,355,4,359,4
2021-02-09,Mendocino,045,87422,3525,3369,66,3435,38
2021-02-09,Merced,047,269075,27403,27166,813,27979,354
2021-02-09,Modoc,049,8938,332,316,111,427,3
2021-02-09,Mono,051,14174,1151,1167,13,1180,3
2021-02-09,Monterey,053,433212,40948,40279,1629,41908,285
2021-02-09,Napa,055,140530,8806,8749,31,8780,55
2021-02-09,Nevada,057,99092,3805,3687,151,3838,44
2021-02-09,Orange,059,3164182,242288,239169,10205,249374,3406
2021-02-09,Placer,061,380077,19919,19008,1094,20102,220
2021-02-09,Plumas,063,18699,629,584,11,595,2
2021-02-09,Riverside,065,2383286,278746,273465,13705,287170,3334
2021-02-09,Sacramento,067,1510023,91159,89378,1182,90560,1265
2021-02-09,San Benito,069,59416,5603,5566,85,5651,54
2021-02-09,San Bernardino,071,2135413,281867,274998,8779,283777,2613
2021-02-09,San Diego,073,3302833,256891,248048,12310,260358,2853
2021-02-09,San Francisco,075,870044,33139,32782,1042,33824,349
2021-02-09,San Joaquin,077,732212,64847,63341,2751,66092,937
2021-02-09,San Luis Obispo,079,281455,18885,18489,541,19030,216
2021-02-09,San Mateo,081,765935,38409,37227,393,37620,235
2021-02-09,Santa Barbara,083,443738,31205,30118,1091,31209,351
2021-02-09,Santa Clara,085,1922200,106514,105762,537,106299,1463
2021-02-09,Santa Cruz,087,273765,14925,13958,801,14759,162
2021-02-09,Shasta,089,179085,10644,10595,1184,11779,139
2021-02-09,Sierra,091,2930,47,44,14,58,0
2021-02-09,Siskiyou,093,43540,1393,1306,225,1531,4
2021-02-09,Solano,095,438530,29105,28769,341,29110,131
2021-02-09,Sonoma,097,501317,26972,26826,159,26985,267
2021-02-09,Stanislaus,099,539301,48825,47906,5307,53213,679
2021-02-09,Sutter,101,95872,8634,8541,83,8624,92
2021-02-09,Tehama,103,63373,4475,4416,501,4917,22
2021-02-09,Trinity,105,12862,380,266,51,317,3
2021-02-09,Tulare,107,460477,46593,45704,7816,53520,686
2021-02-09,Tuolumne,109,53932,3732,3673,30,3703,48
2021-02-09,Ventura,111,848112,75169,74333,2757,77090,567
2021-02-09,Yolo,113,214977,12490,12220,209,12429,174
2021-02-09,Yuba,115,75493,5320,5235,81,5316,35
2021-02-08,Alameda,001,1643700,77950,76735,1733,78468,924
2021-02-08,Alpine,003,1148,78,73,0,73,0
2021-02-08,Amador,005,37829,3385,3344,29,3373,33
2021-02-08,Butte,007,227075,10965,10524,1629,12153,152
2021-02-08,Calaveras,009,45235,1859,1840,12,1852,21
2021-02-08,Colusa,011,21464,1822,1802,242,2044,10
2021-02-08,Contra Costa,013,1133247,60625,59039,1074,60113,567
2021-02-08,Del Norte,015,27424,925,885,4,889,2
2021-02-08,El Dorado,017,186661,8799,8627,611,9238,86
2021-02-08,Fresno,019,978130,93183,91430,7545,98975,1207
2021-02-08,Glenn,021,27897,2177,2148,485,2633,14
2021-02-08,Humboldt,023,135768,2963,2902,19,2921,29
2021-02-08,Imperial,025,180216,26832,26526,2571,29097,567
2021-02-08,Inyo,027,18085,1172,1126,1,1127,30
2021-02-08,Kern,029,883053,90657,88380,9474,97854,920
2021-02-08,Kings,031,150075,21589,21232,1002,22234,195
2021-02-08,Lake,033,64148,3025,2949,1,2950,36
2021-02-08,Lassen,035,31185,5023,4976,92,5068,1
2021-02-08,Los Angeles,037,10098052,1148589,1120179,39918,1160097,17977
2021-02-08,Madera,039,155013,15130,14887,781,15668,93
2021-02-08,Marin,041,260295,12739,12591,155,12746,194
2021-02-08,Mariposa,043,17540,367,355,4,359,4
2021-02-08,Mendocino,045,87422,3511,3355,66,3421,38
2021-02-08,Merced,047,269075,27318,27082,808,27890,346
2021-02-08,Modoc,049,8938,330,318,111,429,3
2021-02-08,Mono,051,14174,1151,1165,13,1178,3
2021-02-08,Monterey,053,433212,40825,40186,1610,41796,283
2021-02-08,Napa,055,140530,8791,8719,31,8750,55
2021-02-08,Nevada,057,99092,3793,3671,151,3822,44
2021-02-08,Orange,059,3164182,241820,238715,10181,248896,3361
2021-02-08,Placer,061,380077,19876,18944,1087,20031,211
2021-02-08,Plumas,063,18699,628,584,11,595,2
2021-02-08,Riverside,065,2383286,278187,272904,13681,286585,3301
2021-02-08,Sacramento,067,1510023,90872,89267,1179,90446,1247
2021-02-08,San Benito,069,59416,5598,5553,84,5637,52
2021-02-08,San Bernardino,071,2135413,281467,274661,8773,283434,2587
2021-02-08,San Diego,073,3302833,256149,247259,12269,259528,2821
2021-02-08,San Francisco,075,870044,33045,32679,1034,33713,348
2021-02-08,San Joaquin,077,732212,64686,63148,2741,65889,929
2021-02-08,San Luis Obispo,079,281455,18828,18421,536,18957,214
2021-02-08,San Mateo,081,765935,38300,37084,393,37477,232
2021-02-08,Santa Barbara,083,443738,31092,29978,1084,31062,340
2021-02-08,Santa Clara,085,1922200,106189,105413,529,105942,1456
2021-02-08,Santa Cruz,087,273765,14886,13921,794,14715,161
2021-02-08,Shasta,089,179085,10618,10574,1178,11752,137
2021-02-08,Sierra,091,2930,47,44,14,58,0
2021-02-08,Siskiyou,093,43540,1390,1303,225,1528,4
2021-02-08,Solano,095,438530,29042,28644,339,28983,130
2021-02-08,Sonoma,097,501317,26881,26760,158,26918,259
2021-02-08,Stanislaus,099,539301,48673,47704,5278,52982,679
2021-02-08,Sutter,101,95872,8615,8526,83,8609,92
2021-02-08,Tehama,103,63373,4460,4403,499,4902,22
2021-02-08,Trinity,105,12862,378,266,51,317,3
2021-02-08,Tulare,107,460477,46487,45617,7775,53392,673
2021-02-08,Tuolumne,109,53932,3724,3647,30,3677,48
2021-02-08,Ventura,111,848112,74912,74068,2751,76819,565
2021-02-08,Yolo,113,214977,12458,12169,208,12377,162
2021-02-08,Yuba,115,75493,5304,5215,81,5296,35
2021-02-07,Alameda,001,1643700,77645,76500,1725,78225,924
2021-02-07,Alpine,003,1148,75,72,0,72,0
2021-02-07,Amador,005,37829,3364,3343,29,3372,33
2021-02-07,Butte,007,227075,10932,10513,1619,12132,152
2021-02-07,Calaveras,009,45235,1855,1837,12,1849,21
2021-02-07,Colusa,011,21464,1811,1795,240,2035,10
2021-02-07,Contra Costa,013,1133247,60389,58836,1068,59904,566
2021-02-07,Del Norte,015,27424,921,881,4,885,2
2021-02-07,El Dorado,017,186661,8770,8596,609,9205,86
2021-02-07,Fresno,019,978130,92955,91184,7505,98689,1207
2021-02-07,Glenn,021,27897,2174,2141,481,2622,14
2021-02-07,Humboldt,023,135768,2942,2895,19,2914,28
2021-02-07,Imperial,025,180216,26806,26518,2564,29082,567
2021-02-07,Inyo,027,18085,1161,1124,1,1125,27
2021-02-07,Kern,029,883053,90412,88146,9417,97563,920
2021-02-07,Kings,031,150075,21528,21180,999,22179,192
2021-02-07,Lake,033,64148,3009,2940,1,2941,36
2021-02-07,Lassen,035,31185,5012,4973,92,5065,1
2021-02-07,Los Angeles,037,10098052,1145842,1117551,39785,1157336,17889
2021-02-07,Madera,039,155013,15096,14850,777,15627,93
2021-02-07,Marin,041,260295,12705,12571,153,12724,194
2021-02-07,Mariposa,043,17540,366,355,4,359,4
2021-02-07,Mendocino,045,87422,3494,3348,66,3414,38
2021-02-07,Merced,047,269075,27207,26977,796,27773,346
2021-02-07,Modoc,049,8938,330,317,107,424,3
2021-02-07,Mono,051,14174,1148,1165,13,1178,3
2021-02-07,Monterey,053,433212,40689,40113,1589,41702,283
2021-02-07,Napa,055,140530,8768,8701,31,8732,55
2021-02-07,Nevada,057,99092,3782,3643,151,3794,44
2021-02-07,Orange,059,3164182,241222,238155,10149,248304,3336
2021-02-07,Placer,061,380077,19828,18903,1073,19976,211
2021-02-07,Plumas,063,18699,628,584,11,595,2
2021-02-07,Riverside,065,2383286,277677,272301,13658,285959,3267
2021-02-07,Sacramento,067,1510023,90541,88919,1170,90089,1246
2021-02-07,San Benito,069,59416,5579,5548,83,5631,52
2021-02-07,San Bernardino,071,2135413,280883,274316,8749,283065,2587
2021-02-07,San Diego,073,3302833,255363,246561,12205,258766,2821
2021-02-07,San Francisco,075,870044,32924,32609,1022,33631,348
2021-02-07,San Joaquin,077,732212,64415,63051,2725,65776,929
2021-02-07,San Luis Obispo,079,281455,18756,18349,529,18878,214
2021-02-07,San Mateo,081,765935,38166,36984,391,37375,232
2021-02-07,Santa Barbara,083,443738,30955,29815,1073,30888,340
2021-02-07,Santa Clara,085,1922200,105849,105118,519,105637,1450
2021-02-07,Santa Cruz,087,273765,14832,13887,790,14677,161
2021-02-07,Shasta,089,179085,10598,10570,1170,11740,137
2021-02-07,Sierra,091,2930,47,43,14,57,0
2021-02-07,Siskiyou,093,43540,1383,1295,223,1518,4
2021-02-07,Solano,095,438530,28932,28567,338,28905,130
2021-02-07,Sonoma,097,501317,26774,26684,154,26838,257
2021-02-07,Stanislaus,099,539301,48483,47551,5246,52797,679
2021-02-07,Sutter,101,95872,8588,8515,83,8598,92
2021-02-07,Tehama,103,63373,4446,4396,497,4893,22
2021-02-07,Trinity,105,12862,375,264,49,313,3
2021-02-07,Tulare,107,460477,46366,45520,7695,53215,671
2021-02-07,Tuolumne,109,53932,3700,3619,29,3648,48
2021-02-07,Ventura,111,848112,74604,73759,2738,76497,561
2021-02-07,Yolo,113,214977,12413,12135,208,12343,162
2021-02-07,Yuba,115,75493,5289,5198,79,5277,35
2021-02-06,Alameda,001,1643700,77487,76170,1714,77884,922
2021-02-06,Alpine,003,1148,75,72,0,72,0
2021-02-06,Amador,005,37829,3358,3306,29,3335,33
2021-02-06,Butte,007,227075,10915,10480,1615,12095,150
2021-02-06,Calaveras,009,45235,1853,1832,12,1844,21
2021-02-06,Colusa,011,21464,1809,1791,239,2030,10
2021-02-06,Contra Costa,013,1133247,60243,58567,1062,59629,566
2021-02-06,Del Norte,015,27424,917,879,4,883,2
2021-02-06,El Dorado,017,186661,8763,8575,605,9180,86
2021-02-06,Fresno,019,978130,92843,90944,7483,98427,1207
2021-02-06,Glenn,021,27897,2173,2136,479,2615,14
2021-02-06,Humboldt,023,135768,2931,2880,19,2899,28
2021-02-06,Imperial,025,180216,26796,26514,2563,29077,567
2021-02-06,Inyo,027,18085,1158,1113,1,1114,27
2021-02-06,Kern,029,883053,90261,87919,9370,97289,912
2021-02-06,Kings,031,150075,21498,21156,999,22155,190
2021-02-06,Lake,033,64148,3004,2920,1,2921,34
2021-02-06,Lassen,035,31185,5008,4964,91,5055,1
2021-02-06,Los Angeles,037,10098052,1144493,1114718,39683,1154401,17793
2021-02-06,Madera,039,155013,15075,14807,775,15582,93
2021-02-06,Marin,041,260295,12686,12531,152,12683,194
2021-02-06,Mariposa,043,17540,365,355,3,358,4
2021-02-06,Mendocino,045,87422,3476,3316,65,3381,38
2021-02-06,Merced,047,269075,27122,26881,788,27669,346
2021-02-06,Modoc,049,8938,330,313,107,420,3
2021-02-06,Mono,051,14174,1147,1159,13,1172,3
2021-02-06,Monterey,053,433212,40633,39995,1581,41576,282
2021-02-06,Napa,055,140530,8755,8639,31,8670,55
2021-02-06,Nevada,057,99092,3770,3624,151,3775,43
2021-02-06,Orange,059,3164182,240860,237391,10113,247504,3293
2021-02-06,Placer,061,380077,19791,18836,1070,19906,211
2021-02-06,Plumas,063,18699,628,584,11,595,2
2021-02-06,Riverside,065,2383286,277318,271741,13638,285379,3243
2021-02-06,Sacramento,067,1510023,90324,88532,1161,89693,1237
2021-02-06,San Benito,069,59416,5561,5516,83,5599,52
2021-02-06,San Bernardino,071,2135413,280579,273718,8726,282444,2564
2021-02-06,San Diego,073,3302833,254867,245331,12170,257501,2812
2021-02-06,San Francisco,075,870044,32851,32437,1011,33448,346
2021-02-06,San Joaquin,077,732212,64338,62840,2712,65552,906
2021-02-06,San Luis Obispo,079,281455,18714,18284,525,18809,214
2021-02-06,San Mateo,081,765935,38098,36824,388,37212,232
2021-02-06,Santa Barbara,083,443738,30880,29645,1071,30716,337
2021-02-06,Santa Clara,085,1922200,105628,104639,514,105153,1439
2021-02-06,Santa Cruz,087,273765,14801,13845,786,14631,161
2021-02-06,Shasta,089,179085,10587,10561,1168,11729,137
2021-02-06,Sierra,091,2930,47,43,14,57,0
2021-02-06,Siskiyou,093,43540,1380,1289,222,1511,4
2021-02-06,Solano,095,438530,28896,28446,337,28783,129
2021-02-06,Sonoma,097,501317,26738,26564,152,26716,257
2021-02-06,Stanislaus,099,539301,48385,47325,5230,52555,679
2021-02-06,Sutter,101,95872,8580,8485,83,8568,92
2021-02-06,Tehama,103,63373,4439,4380,495,4875,22
2021-02-06,Trinity,105,12862,375,263,49,312,3
2021-02-06,Tulare,107,460477,46301,45349,7645,52994,664
2021-02-06,Tuolumne,109,53932,3693,3612,29,3641,48
2021-02-06,Ventura,111,848112,74424,73431,2732,76163,552
2021-02-06,Yolo,113,214977,12390,12061,208,12269,161
2021-02-06,Yuba,115,75493,5279,5177,78,5255,35
2021-02-05,Alameda,001,1643700,77261,75716,1711,77427,916
2021-02-05,Alpine,003,1148,75,72,0,72,0
2021-02-05,Amador,005,37829,3353,3299,28,3327,33
2021-02-05,Butte,007,227075,10897,10421,1609,12030,150
2021-02-05,Calaveras,009,45235,1849,1818,12,1830,21
2021-02-05,Colusa,011,21464,1805,1785,239,2024,10
2021-02-05,Contra Costa,013,1133247,60082,58195,1060,59255,560
2021-02-05,Del Norte,015,27424,916,874,4,878,2
2021-02-05,El Dorado,017,186661,8743,8527,603,9130,86
2021-02-05,Fresno,019,978130,92641,90513,7462,97975,1194
2021-02-05,Glenn,021,27897,2167,2122,474,2596,14
2021-02-05,Humboldt,023,135768,2921,2857,19,2876,28
2021-02-05,Imperial,025,180216,26777,26474,2563,29037,557
2021-02-05,Inyo,027,18085,1154,1104,1,1105,27
2021-02-05,Kern,029,883053,90092,87470,9303,96773,906
2021-02-05,Kings,031,150075,21461,21021,995,22016,190
2021-02-05,Lake,033,64148,2992,2906,1,2907,33
2021-02-05,Lassen,035,31185,5004,4936,91,5027,1
2021-02-05,Los Angeles,037,10098052,1142405,1110384,39541,1149925,17608
2021-02-05,Madera,039,155013,15041,14752,770,15522,95
2021-02-05,Marin,041,260295,12651,12479,152,12631,193
2021-02-05,Mariposa,043,17540,365,352,3,355,4
2021-02-05,Mendocino,045,87422,3462,3272,65,3337,38
2021-02-05,Merced,047,269075,27062,26760,787,27547,345
2021-02-05,Modoc,049,8938,330,312,107,419,3
2021-02-05,Mono,051,14174,1146,1157,13,1170,3
2021-02-05,Monterey,053,433212,40569,39840,1570,41410,281
2021-02-05,Napa,055,140530,8741,8598,31,8629,55
2021-02-05,Nevada,057,99092,3767,3607,151,3758,43
2021-02-05,Orange,059,3164182,240435,236335,10084,246419,3260
2021-02-05,Placer,061,380077,19756,18756,1068,19824,211
2021-02-05,Plumas,063,18699,626,578,11,589,2
2021-02-05,Riverside,065,2383286,276912,270666,13619,284285,3235
2021-02-05,Sacramento,067,1510023,90144,87992,1154,89146,1231
2021-02-05,San Benito,069,59416,5550,5502,83,5585,51
2021-02-05,San Bernardino,071,2135413,280241,272938,8708,281646,2495
2021-02-05,San Diego,073,3302833,254291,244066,12135,256201,2777
2021-02-05,San Francisco,075,870044,32762,32229,999,33228,337
2021-02-05,San Joaquin,077,732212,64190,62565,2704,65269,902
2021-02-05,San Luis Obispo,079,281455,18653,18152,521,18673,213
2021-02-05,San Mateo,081,765935,38014,36582,387,36969,227
2021-02-05,Santa Barbara,083,443738,30787,29455,1056,30511,334
2021-02-05,Santa Clara,085,1922200,105380,104112,512,104624,1421
2021-02-05,Santa Cruz,087,273765,14780,13776,784,14560,161
2021-02-05,Shasta,089,179085,10571,10507,1161,11668,136
2021-02-05,Sierra,091,2930,47,42,14,56,0
2021-02-05,Siskiyou,093,43540,1373,1276,220,1496,4
2021-02-05,Solano,095,438530,28846,28283,337,28620,127
2021-02-05,Sonoma,097,501317,26669,26423,149,26572,252
2021-02-05,Stanislaus,099,539301,48243,47024,5212,52236,678
2021-02-05,Sutter,101,95872,8560,8443,83,8526,92
2021-02-05,Tehama,103,63373,4431,4355,495,4850,22
2021-02-05,Trinity,105,12862,374,260,49,309,3
2021-02-05,Tulare,107,460477,46225,45138,7594,52732,663
2021-02-05,Tuolumne,109,53932,3667,3595,29,3624,45
2021-02-05,Ventura,111,848112,74179,72953,2721,75674,546
2021-02-05,Yolo,113,214977,12371,12025,203,12228,162
2021-02-05,Yuba,115,75493,5262,5145,78,5223,35
2021-02-04,Alameda,001,1643700,76976,75422,1705,77127,899
2021-02-04,Alpine,003,1148,74,72,0,72,0
2021-02-04,Amador,005,37829,3350,3288,28,3316,33
2021-02-04,Butte,007,227075,10865,10386,1599,11985,147
2021-02-04,Calaveras,009,45235,1847,1808,12,1820,21
2021-02-04,Colusa,011,21464,1801,1777,237,2014,10
2021-02-04,Contra Costa,013,1133247,59893,57991,1056,59047,550
2021-02-04,Del Norte,015,27424,910,870,4,874,2
2021-02-04,El Dorado,017,186661,8717,8490,600,9090,86
2021-02-04,Fresno,019,978130,92427,90126,7435,97561,1114
2021-02-04,Glenn,021,27897,2163,2102,474,2576,14
2021-02-04,Humboldt,023,135768,2911,2827,19,2846,28
2021-02-04,Imperial,025,180216,26730,26411,2561,28972,556
2021-02-04,Inyo,027,18085,1142,1084,1,1085,27
2021-02-04,Kern,029,883053,89820,87156,9224,96380,898
2021-02-04,Kings,031,150075,21411,20918,987,21905,187
2021-02-04,Lake,033,64148,2980,2882,1,2883,34
2021-02-04,Lassen,035,31185,5001,4927,91,5018,1
2021-02-04,Los Angeles,037,10098052,1139619,1106323,39410,1145733,17396
2021-02-04,Madera,039,155013,15012,14706,766,15472,95
2021-02-04,Marin,041,260295,12615,12431,152,12583,192
2021-02-04,Mariposa,043,17540,365,348,3,351,4
2021-02-04,Mendocino,045,87422,3444,3240,63,3303,38
2021-02-04,Merced,047,269075,26969,26629,784,27413,345
2021-02-04,Modoc,049,8938,330,309,107,416,3
2021-02-04,Mono,051,14174,1144,1153,13,1166,3
2021-02-04,Monterey,053,433212,40461,39619,1552,41171,279
2021-02-04,Napa,055,140530,8712,8573,31,8604,55
2021-02-04,Nevada,057,99092,3747,3590,150,3740,37
2021-02-04,Orange,059,3164182,239793,235677,10042,245719,3238
2021-02-04,Placer,061,380077,19696,18711,1059,19770,210
2021-02-04,Plumas,063,18699,623,562,11,573,2
2021-02-04,Riverside,065,2383286,276173,269851,13579,283430,3230
2021-02-04,Sacramento,067,1510023,89844,87658,1143,88801,1222
2021-02-04,San Benito,069,59416,5536,5488,82,5570,51
2021-02-04,San Bernardino,071,2135413,279692,272223,8688,280911,2409
2021-02-04,San Diego,073,3302833,253503,242613,12069,254682,2738
2021-02-04,San Francisco,075,870044,32648,32116,990,33106,326
2021-02-04,San Joaquin,077,732212,63965,62374,2696,65070,883
2021-02-04,San Luis Obispo,079,281455,18587,18058,518,18576,211
2021-02-04,San Mateo,081,765935,37894,36437,384,36821,226
2021-02-04,Santa Barbara,083,443738,30655,29344,1038,30382,322
2021-02-04,Santa Clara,085,1922200,105031,103781,509,104290,1404
2021-02-04,Santa Cruz,087,273765,14747,13713,776,14489,156
2021-02-04,Shasta,089,179085,10545,10466,1156,11622,131
2021-02-04,Sierra,091,2930,47,42,14,56,0
2021-02-04,Siskiyou,093,43540,1364,1273,220,1493,4
2021-02-04,Solano,095,438530,28743,28192,336,28528,120
2021-02-04,Sonoma,097,501317,26587,26276,145,26421,249
2021-02-04,Stanislaus,099,539301,48081,46822,5191,52013,678
2021-02-04,Sutter,101,95872,8540,8401,83,8484,92
2021-02-04,Tehama,103,63373,4415,4327,495,4822,21
2021-02-04,Trinity,105,12862,373,260,48,308,3
2021-02-04,Tulare,107,460477,46101,44983,7527,52510,656
2021-02-04,Tuolumne,109,53932,3627,3585,29,3614,45
2021-02-04,Ventura,111,848112,73847,72595,2708,75303,537
2021-02-04,Yolo,113,214977,12337,11982,202,12184,161
2021-02-04,Yuba,115,75493,5236,5135,78,5213,34
2021-02-03,Alameda,001,1643700,76642,74968,1701,76669,880
2021-02-03,Alpine,003,1148,74,72,0,72,0
2021-02-03,Amador,005,37829,3346,3281,28,3309,33
2021-02-03,Butte,007,227075,10829,10355,1592,11947,144
2021-02-03,Calaveras,009,45235,1833,1799,11,1810,21
2021-02-03,Colusa,011,21464,1796,1773,236,2009,10
2021-02-03,Contra Costa,013,1133247,59654,57762,1044,58806,537
2021-02-03,Del Norte,015,27424,905,869,4,873,2
2021-02-03,El Dorado,017,186661,8697,8428,599,9027,86
2021-02-03,Fresno,019,978130,92207,89748,7395,97143,1015
2021-02-03,Glenn,021,27897,2154,2098,472,2570,14
2021-02-03,Humboldt,023,135768,2901,2800,19,2819,27
2021-02-03,Imperial,025,180216,26696,26363,2555,28918,547
2021-02-03,Inyo,027,18085,1132,1071,1,1072,27
2021-02-03,Kern,029,883053,89578,86771,9183,95954,877
2021-02-03,Kings,031,150075,21352,20831,983,21814,172
2021-02-03,Lake,033,64148,2963,2869,1,2870,33
2021-02-03,Lassen,035,31185,4990,4910,91,5001,1
2021-02-03,Los Angeles,037,10098052,1136554,1101890,39277,1141167,17163
2021-02-03,Madera,039,155013,14974,14605,764,15369,94
2021-02-03,Marin,041,260295,12581,12406,152,12558,190
2021-02-03,Mariposa,043,17540,364,347,3,350,4
2021-02-03,Mendocino,045,87422,3418,3236,62,3298,38
2021-02-03,Merced,047,269075,26853,26520,779,27299,343
2021-02-03,Modoc,049,8938,329,308,107,415,3
2021-02-03,Mono,051,14174,1137,1146,13,1159,3
2021-02-03,Monterey,053,433212,40333,39500,1534,41034,279
2021-02-03,Napa,055,140530,8677,8534,31,8565,54
2021-02-03,Nevada,057,99092,3733,3572,150,3722,35
2021-02-03,Orange,059,3164182,239050,234738,10010,244748,3189
2021-02-03,Placer,061,380077,19640,18646,1057,19703,210
2021-02-03,Plumas,063,18699,623,559,11,570,2
2021-02-03,Riverside,065,2383286,275448,269019,13547,282566,3195
2021-02-03,Sacramento,067,1510023,89521,87415,1139,88554,1212
2021-02-03,San Benito,069,59416,5518,5463,79,5542,51
2021-02-03,San Bernardino,071,2135413,279210,271477,8663,280140,2308
2021-02-03,San Diego,073,3302833,252602,241015,12022,253037,2683
2021-02-03,San Francisco,075,870044,32518,31983,985,32968,325
2021-02-03,San Joaquin,077,732212,63740,61976,2685,64661,880
2021-02-03,San Luis Obispo,079,281455,18510,17922,515,18437,206
2021-02-03,San Mateo,081,765935,37756,36227,380,36607,225
2021-02-03,Santa Barbara,083,443738,30509,29121,1028,30149,315
2021-02-03,Santa Clara,085,1922200,104715,103278,505,103783,1364
2021-02-03,Santa Cruz,087,273765,14693,13611,768,14379,154
2021-02-03,Shasta,089,179085,10502,10422,1151,11573,130
2021-02-03,Sierra,091,2930,47,42,14,56,0
2021-02-03,Siskiyou,093,43540,1353,1268,219,1487,4
2021-02-03,Solano,095,438530,28621,28057,336,28393,119
2021-02-03,Sonoma,097,501317,26502,26155,144,26299,248
2021-02-03,Stanislaus,099,539301,47907,46598,5171,51769,662
2021-02-03,Sutter,101,95872,8515,8379,83,8462,90
2021-02-03,Tehama,103,63373,4393,4309,492,4801,21
2021-02-03,Trinity,105,12862,373,260,47,307,3
2021-02-03,Tulare,107,460477,45935,44838,7466,52304,640
2021-02-03,Tuolumne,109,53932,3616,3568,29,3597,45
2021-02-03,Ventura,111,848112,73511,72124,2696,74820,526
2021-02-03,Yolo,113,214977,12313,11933,201,12134,161
2021-02-03,Yuba,115,75493,5218,5124,78,5202,34
2021-02-02,Alameda,001,1643700,76298,74642,1686,76328,869
2021-02-02,Alpine,003,1148,74,72,0,72,0
2021-02-02,Amador,005,37829,3315,3275,28,3303,33
2021-02-02,Butte,007,227075,10802,10307,1584,11891,141
2021-02-02,Calaveras,009,45235,1824,1786,11,1797,21
2021-02-02,Colusa,011,21464,1788,1769,231,2000,9
2021-02-02,Contra Costa,013,1133247,59375,57551,1039,58590,536
2021-02-02,Del Norte,015,27424,899,868,4,872,2
2021-02-02,El Dorado,017,186661,8657,8405,599,9004,84
2021-02-02,Fresno,019,978130,91906,89542,7360,96902,1009
2021-02-02,Glenn,021,27897,2143,2090,468,2558,14
2021-02-02,Humboldt,023,135768,2889,2784,19,2803,25
2021-02-02,Imperial,025,180216,26645,26317,2550,28867,535
2021-02-02,Inyo,027,18085,1129,1074,1,1075,27
2021-02-02,Kern,029,883053,89277,86485,9106,95591,867
2021-02-02,Kings,031,150075,21275,20785,974,21759,172
2021-02-02,Lake,033,64148,2943,2857,1,2858,33
2021-02-02,Lassen,035,31185,4983,4908,91,4999,1
2021-02-02,Los Angeles,037,10098052,1133185,1097573,39107,1136680,16913
2021-02-02,Madera,039,155013,14924,14595,759,15354,94
2021-02-02,Marin,041,260295,12552,12367,152,12519,189
2021-02-02,Mariposa,043,17540,361,345,3,348,4
2021-02-02,Mendocino,045,87422,3385,3210,62,3272,38
2021-02-02,Merced,047,269075,26757,26427,771,27198,340
2021-02-02,Modoc,049,8938,324,306,107,413,3
2021-02-02,Mono,051,14174,1135,1147,13,1160,3
2021-02-02,Monterey,053,433212,40198,39371,1520,40891,278
2021-02-02,Napa,055,140530,8648,8505,31,8536,53
2021-02-02,Nevada,057,99092,3718,3548,150,3698,20
2021-02-02,Orange,059,3164182,238252,233783,9974,243757,3152
2021-02-02,Placer,061,380077,19580,18615,1053,19668,205
2021-02-02,Plumas,063,18699,623,560,11,571,2
2021-02-02,Riverside,065,2383286,274612,267901,13513,281414,3169
2021-02-02,Sacramento,067,1510023,89232,87107,1128,88235,1202
2021-02-02,San Benito,069,59416,5504,5444,78,5522,50
2021-02-02,San Bernardino,071,2135413,278537,270486,8631,279117,2244
2021-02-02,San Diego,073,3302833,251565,240047,11936,251983,2629
2021-02-02,San Francisco,075,870044,32363,31788,974,32762,324
2021-02-02,San Joaquin,077,732212,63521,61708,2670,64378,878
2021-02-02,San Luis Obispo,079,281455,18416,17811,513,18324,201
2021-02-02,San Mateo,081,765935,37592,36004,374,36378,225
2021-02-02,Santa Barbara,083,443738,30340,28951,1021,29972,304
2021-02-02,Santa Clara,085,1922200,104252,102872,500,103372,1349
2021-02-02,Santa Cruz,087,273765,14634,13572,764,14336,150
2021-02-02,Shasta,089,179085,10477,10371,1140,11511,128
2021-02-02,Sierra,091,2930,47,42,14,56,0
2021-02-02,Siskiyou,093,43540,1346,1252,216,1468,4
2021-02-02,Solano,095,438530,28525,27963,332,28295,118
2021-02-02,Sonoma,097,501317,26385,26054,144,26198,247
2021-02-02,Stanislaus,099,539301,47688,46306,5138,51444,641
2021-02-02,Sutter,101,95872,8492,8340,83,8423,89
2021-02-02,Tehama,103,63373,4380,4289,490,4779,21
2021-02-02,Trinity,105,12862,373,260,47,307,3
2021-02-02,Tulare,107,460477,45781,44720,7398,52118,625
2021-02-02,Tuolumne,109,53932,3604,3548,29,3577,39
2021-02-02,Ventura,111,848112,73093,71557,2686,74243,514
2021-02-02,Yolo,113,214977,12268,11886,194,12080,158
2021-02-02,Yuba,115,75493,5200,5111,78,5189,34
2021-02-01,Alameda,001,1643700,75943,74374,1680,76054,858
2021-02-01,Alpine,003,1148,74,72,0,72,0
2021-02-01,Amador,005,37829,3304,3234,28,3262,32
2021-02-01,Butte,007,227075,10760,10263,1580,11843,141
2021-02-01,Calaveras,009,45235,1816,1785,11,1796,21
2021-02-01,Colusa,011,21464,1783,1763,222,1985,9
2021-02-01,Contra Costa,013,1133247,59130,57324,1038,58362,531
2021-02-01,Del Norte,015,27424,896,865,4,869,2
2021-02-01,El Dorado,017,186661,8618,8337,599,8936,83
2021-02-01,Fresno,019,978130,91577,89272,7322,96594,994
2021-02-01,Glenn,021,27897,2128,2086,460,2546,14
2021-02-01,Humboldt,023,135768,2867,2773,18,2791,25
2021-02-01,Imperial,025,180216,26602,26224,2548,28772,530
2021-02-01,Inyo,027,18085,1119,1072,1,1073,27
2021-02-01,Kern,029,883053,88882,86170,9035,95205,862
2021-02-01,Kings,031,150075,21185,20746,965,21711,172
2021-02-01,Lake,033,64148,2927,2843,1,2844,33
2021-02-01,Lassen,035,31185,4963,4907,91,4998,1
2021-02-01,Los Angeles,037,10098052,1129377,1094341,38929,1133270,16695
2021-02-01,Madera,039,155013,14889,14572,756,15328,94
2021-02-01,Marin,041,260295,12514,12341,151,12492,188
2021-02-01,Mariposa,043,17540,359,344,3,347,4
2021-02-01,Mendocino,045,87422,3352,3192,62,3254,37
2021-02-01,Merced,047,269075,26631,26282,762,27044,337
2021-02-01,Modoc,049,8938,318,303,103,406,1
2021-02-01,Mono,051,14174,1132,1145,13,1158,3
2021-02-01,Monterey,053,433212,40017,39196,1498,40694,278
2021-02-01,Napa,055,140530,8616,8449,31,8480,52
2021-02-01,Nevada,057,99092,3701,3535,149,3684,20
2021-02-01,Orange,059,3164182,237342,233155,9928,243083,3100
2021-02-01,Placer,061,380077,19511,18574,1046,19620,204
2021-02-01,Plumas,063,18699,621,554,11,565,2
2021-02-01,Riverside,065,2383286,273702,267025,13476,280501,3092
2021-02-01,Sacramento,067,1510023,88832,86856,1116,87972,1193
2021-02-01,San Benito,069,59416,5486,5432,78,5510,48
2021-02-01,San Bernardino,071,2135413,277846,270012,8589,278601,2172
2021-02-01,San Diego,073,3302833,250342,239121,11860,250981,2619
2021-02-01,San Francisco,075,870044,32229,31703,962,32665,324
2021-02-01,San Joaquin,077,732212,63317,61542,2659,64201,877
2021-02-01,San Luis Obispo,079,281455,18298,17690,505,18195,199
2021-02-01,San Mateo,081,765935,37443,35843,374,36217,220
2021-02-01,Santa Barbara,083,443738,30171,28837,1013,29850,297
2021-02-01,Santa Clara,085,1922200,103837,102462,499,102961,1343
2021-02-01,Santa Cruz,087,273765,14581,13524,762,14286,149
2021-02-01,Shasta,089,179085,10452,10329,1134,11463,112
2021-02-01,Sierra,091,2930,47,42,14,56,0
2021-02-01,Siskiyou,093,43540,1339,1238,213,1451,4
2021-02-01,Solano,095,438530,28420,27844,331,28175,117
2021-02-01,Sonoma,097,501317,26297,26011,143,26154,243
2021-02-01,Stanislaus,099,539301,47430,46112,5110,51222,642
2021-02-01,Sutter,101,95872,8452,8313,83,8396,89
2021-02-01,Tehama,103,63373,4356,4263,490,4753,21
2021-02-01,Trinity,105,12862,371,260,47,307,3
2021-02-01,Tulare,107,460477,45637,44569,7316,51885,618
2021-02-01,Tuolumne,109,53932,3596,3534,29,3563,39
2021-02-01,Ventura,111,848112,72686,71104,2670,73774,502
2021-02-01,Yolo,113,214977,12224,11824,186,12010,151
2021-02-01,Yuba,115,75493,5187,5084,77,5161,33
2021-01-31,Alameda,001,1643700,75516,73979,1672,75651,857
2021-01-31,Alpine,003,1148,74,72,0,72,0
2021-01-31,Amador,005,37829,3294,3212,26,3238,32
2021-01-31,Butte,007,227075,10718,10215,1569,11784,140
2021-01-31,Calaveras,009,45235,1793,1778,11,1789,21
2021-01-31,Colusa,011,21464,1776,1754,217,1971,9
2021-01-31,Contra Costa,013,1133247,58799,57079,1038,58117,531
2021-01-31,Del Norte,015,27424,894,865,4,869,2
2021-01-31,El Dorado,017,186661,8582,8317,596,8913,83
2021-01-31,Fresno,019,978130,91265,88852,7270,96122,994
2021-01-31,Glenn,021,27897,2117,2083,459,2542,14
2021-01-31,Humboldt,023,135768,2851,2767,18,2785,25
2021-01-31,Imperial,025,180216,26531,26206,2538,28744,530
2021-01-31,Inyo,027,18085,1106,1072,1,1073,27
2021-01-31,Kern,029,883053,88388,85872,8946,94818,861
2021-01-31,Kings,031,150075,21101,20709,952,21661,172
2021-01-31,Lake,033,64148,2906,2826,1,2827,33
2021-01-31,Lassen,035,31185,4947,4900,91,4991,1
2021-01-31,Los Angeles,037,10098052,1124773,1090304,38716,1129020,16609
2021-01-31,Madera,039,155013,14835,14496,748,15244,94
2021-01-31,Marin,041,260295,12467,12297,147,12444,185
2021-01-31,Mariposa,043,17540,357,344,3,347,4
2021-01-31,Mendocino,045,87422,3329,3181,61,3242,37
2021-01-31,Merced,047,269075,26487,26222,757,26979,337
2021-01-31,Modoc,049,8938,315,304,101,405,1
2021-01-31,Mono,051,14174,1129,1146,13,1159,3
2021-01-31,Monterey,053,433212,39838,39035,1470,40505,278
2021-01-31,Napa,055,140530,8574,8404,31,8435,52
2021-01-31,Nevada,057,99092,3679,3518,147,3665,20
2021-01-31,Orange,059,3164182,236325,232347,9887,242234,3053
2021-01-31,Placer,061,380077,19438,18506,1034,19540,204
2021-01-31,Plumas,063,18699,620,554,11,565,2
2021-01-31,Riverside,065,2383286,272732,266145,13428,279573,3074
2021-01-31,Sacramento,067,1510023,88393,86560,1100,87660,1186
2021-01-31,San Benito,069,59416,5464,5425,76,5501,48
2021-01-31,San Bernardino,071,2135413,276808,269533,8556,278089,2156
2021-01-31,San Diego,073,3302833,249029,238039,11746,249785,2619
2021-01-31,San Francisco,075,870044,32039,31563,950,32513,323
2021-01-31,San Joaquin,077,732212,62914,61379,2649,64028,877
2021-01-31,San Luis Obispo,079,281455,18164,17615,500,18115,199
2021-01-31,San Mateo,081,765935,37253,35659,371,36030,219
2021-01-31,Santa Barbara,083,443738,29932,28570,1004,29574,297
2021-01-31,Santa Clara,085,1922200,103288,101986,490,102476,1330
2021-01-31,Santa Cruz,087,273765,14486,13469,748,14217,149
2021-01-31,Shasta,089,179085,10407,10313,1125,11438,112
2021-01-31,Sierra,091,2930,46,43,14,57,0
2021-01-31,Siskiyou,093,43540,1329,1238,213,1451,4
2021-01-31,Solano,095,438530,28290,27678,331,28009,118
2021-01-31,Sonoma,097,501317,26194,25925,142,26067,243
2021-01-31,Stanislaus,099,539301,47147,45971,5069,51040,642
2021-01-31,Sutter,101,95872,8407,8289,83,8372,89
2021-01-31,Tehama,103,63373,4336,4256,489,4745,21
2021-01-31,Trinity,105,12862,369,260,47,307,3
2021-01-31,Tulare,107,460477,45470,44440,7234,51674,618
2021-01-31,Tuolumne,109,53932,3557,3519,29,3548,39
2021-01-31,Ventura,111,848112,72091,70635,2657,73292,502
2021-01-31,Yolo,113,214977,12163,11771,180,11951,151
2021-01-31,Yuba,115,75493,5167,5071,76,5147,33
2021-01-30,Alameda,001,1643700,75312,73622,1667,75289,850
2021-01-30,Alpine,003,1148,74,72,0,72,0
2021-01-30,Amador,005,37829,3290,3181,26,3207,32
2021-01-30,Butte,007,227075,10683,10177,1560,11737,139
2021-01-30,Calaveras,009,45235,1780,1763,11,1774,21
2021-01-30,Colusa,011,21464,1774,1748,217,1965,9
2021-01-30,Contra Costa,013,1133247,58614,56763,1034,57797,531
2021-01-30,Del Norte,015,27424,893,865,4,869,2
2021-01-30,El Dorado,017,186661,8562,8299,595,8894,83
2021-01-30,Fresno,019,978130,91087,88476,7250,95726,964
2021-01-30,Glenn,021,27897,2114,2074,457,2531,14
2021-01-30,Humboldt,023,135768,2840,2742,18,2760,24
2021-01-30,Imperial,025,180216,26510,26160,2537,28697,530
2021-01-30,Inyo,027,18085,1102,1068,1,1069,27
2021-01-30,Kern,029,883053,88187,85572,8880,94452,848
2021-01-30,Kings,031,150075,21031,20605,946,21551,169
2021-01-30,Lake,033,64148,2900,2809,1,2810,33
2021-01-30,Lassen,035,31185,4944,4890,91,4981,1
2021-01-30,Los Angeles,037,10098052,1122408,1084763,38570,1123333,16484
2021-01-30,Madera,039,155013,14793,14443,743,15186,94
2021-01-30,Marin,041,260295,12439,12225,146,12371,185
2021-01-30,Mariposa,043,17540,355,344,3,347,4
2021-01-30,Mendocino,045,87422,3315,3153,60,3213,36
2021-01-30,Merced,047,269075,26412,26078,756,26834,335
2021-01-30,Modoc,049,8938,315,303,101,404,1
2021-01-30,Mono,051,14174,1129,1143,13,1156,3
2021-01-30,Monterey,053,433212,39777,38847,1467,40314,277
2021-01-30,Napa,055,140530,8558,8342,31,8373,52
2021-01-30,Nevada,057,99092,3660,3499,147,3646,20
2021-01-30,Orange,059,3164182,235781,231358,9848,241206,3013
2021-01-30,Placer,061,380077,19387,18430,1028,19458,205
2021-01-30,Plumas,063,18699,618,554,11,565,2
2021-01-30,Riverside,065,2383286,272143,265137,13395,278532,3061
2021-01-30,Sacramento,067,1510023,88201,86388,1094,87482,1184
2021-01-30,San Benito,069,59416,5446,5401,75,5476,48
2021-01-30,San Bernardino,071,2135413,276395,268660,8537,277197,2122
2021-01-30,San Diego,073,3302833,248271,236765,11704,248469,2603
2021-01-30,San Francisco,075,870044,31939,31427,946,32373,316
2021-01-30,San Joaquin,077,732212,62780,61120,2639,63759,864
2021-01-30,San Luis Obispo,079,281455,18086,17522,497,18019,198
2021-01-30,San Mateo,081,765935,37114,35451,370,35821,219
2021-01-30,Santa Barbara,083,443738,29791,28342,1000,29342,296
2021-01-30,Santa Clara,085,1922200,102939,101471,487,101958,1307
2021-01-30,Santa Cruz,087,273765,14446,13383,747,14130,149
2021-01-30,Shasta,089,179085,10389,10283,1121,11404,112
2021-01-30,Sierra,091,2930,46,43,14,57,0
2021-01-30,Siskiyou,093,43540,1327,1236,211,1447,4
2021-01-30,Solano,095,438530,28207,27511,329,27840,118
2021-01-30,Sonoma,097,501317,26146,25810,139,25949,243
2021-01-30,Stanislaus,099,539301,47018,45697,5045,50742,642
2021-01-30,Sutter,101,95872,8391,8226,83,8309,87
2021-01-30,Tehama,103,63373,4322,4229,488,4717,21
2021-01-30,Trinity,105,12862,369,259,47,306,3
2021-01-30,Tulare,107,460477,45336,44203,7196,51399,615
2021-01-30,Tuolumne,109,53932,3553,3508,29,3537,36
2021-01-30,Ventura,111,848112,71780,69931,2640,72571,493
2021-01-30,Yolo,113,214977,12150,11698,178,11876,151
2021-01-30,Yuba,115,75493,5157,5042,75,5117,33
2021-01-29,Alameda,001,1643700,75042,73210,1660,74870,841
2021-01-29,Alpine,003,1148,74,72,0,72,0
2021-01-29,Amador,005,37829,3278,3134,25,3159,32
2021-01-29,Butte,007,227075,10652,10122,1550,11672,138
2021-01-29,Calaveras,009,45235,1773,1757,11,1768,21
2021-01-29,Colusa,011,21464,1770,1734,216,1950,8
2021-01-29,Contra Costa,013,1133247,58440,56318,1032,57350,529
2021-01-29,Del Norte,015,27424,892,865,4,869,2
2021-01-29,El Dorado,017,186661,8545,8231,594,8825,83
2021-01-29,Fresno,019,978130,90874,87936,7211,95147,962
2021-01-29,Glenn,021,27897,2109,2061,456,2517,14
2021-01-29,Humboldt,023,135768,2827,2707,18,2725,24
2021-01-29,Imperial,025,180216,26495,26045,2534,28579,521
2021-01-29,Inyo,027,18085,1090,1048,1,1049,27
2021-01-29,Kern,029,883053,87962,85044,8827,93871,836
2021-01-29,Kings,031,150075,20992,20466,941,21407,169
2021-01-29,Lake,033,64148,2891,2792,1,2793,32
2021-01-29,Lassen,035,31185,4941,4874,91,4965,1
2021-01-29,Los Angeles,037,10098052,1118944,1078329,38413,1116742,16190
2021-01-29,Madera,039,155013,14742,14377,743,15120,94
2021-01-29,Marin,041,260295,12396,12145,145,12290,185
2021-01-29,Mariposa,043,17540,354,342,3,345,4
2021-01-29,Mendocino,045,87422,3306,3131,59,3190,36
2021-01-29,Merced,047,269075,26337,25865,752,26617,334
2021-01-29,Modoc,049,8938,314,297,101,398,1
2021-01-29,Mono,051,14174,1127,1139,13,1152,3
2021-01-29,Monterey,053,433212,39658,38539,1458,39997,277
2021-01-29,Napa,055,140530,8526,8276,31,8307,52
2021-01-29,Nevada,057,99092,3651,3487,146,3633,20
2021-01-29,Orange,059,3164182,235101,229917,9809,239726,2967
2021-01-29,Placer,061,380077,19332,18367,1024,19391,203
2021-01-29,Plumas,063,18699,617,548,11,559,2
2021-01-29,Riverside,065,2383286,271351,263504,13360,276864,3008
2021-01-29,Sacramento,067,1510023,87946,86320,1090,87410,1169
2021-01-29,San Benito,069,59416,5438,5386,75,5461,48
2021-01-29,San Bernardino,071,2135413,275881,267490,8495,275985,2095
2021-01-29,San Diego,073,3302833,247329,234637,11626,246263,2571
2021-01-29,San Francisco,075,870044,31798,31294,937,32231,307
2021-01-29,San Joaquin,077,732212,62634,60899,2624,63523,858
2021-01-29,San Luis Obispo,079,281455,18026,17440,492,17932,193
2021-01-29,San Mateo,081,765935,36981,35223,367,35590,218
2021-01-29,Santa Barbara,083,443738,29661,28105,994,29099,291
2021-01-29,Santa Clara,085,1922200,102574,101010,485,101495,1273
2021-01-29,Santa Cruz,087,273765,14393,13311,744,14055,148
2021-01-29,Shasta,089,179085,10372,10220,1117,11337,112
2021-01-29,Sierra,091,2930,46,43,14,57,0
2021-01-29,Siskiyou,093,43540,1326,1227,211,1438,4
2021-01-29,Solano,095,438530,28121,27352,326,27678,116
2021-01-29,Sonoma,097,501317,26084,25710,138,25848,243
2021-01-29,Stanislaus,099,539301,46870,45466,5026,50492,642
2021-01-29,Sutter,101,95872,8372,8181,83,8264,87
2021-01-29,Tehama,103,63373,4309,4191,486,4677,20
2021-01-29,Trinity,105,12862,369,260,47,307,3
2021-01-29,Tulare,107,460477,45231,43925,7155,51080,606
2021-01-29,Tuolumne,109,53932,3543,3483,29,3512,36
2021-01-29,Ventura,111,848112,71356,69511,2626,72137,484
2021-01-29,Yolo,113,214977,12112,11612,177,11789,151
2021-01-29,Yuba,115,75493,5141,5018,75,5093,32
2021-01-28,Alameda,001,1643700,74609,72758,1652,74410,833
2021-01-28,Alpine,003,1148,74,72,0,72,0
2021-01-28,Amador,005,37829,3241,3124,25,3149,31
2021-01-28,Butte,007,227075,10612,10037,1539,11576,138
2021-01-28,Calaveras,009,45235,1758,1747,10,1757,21
2021-01-28,Colusa,011,21464,1763,1731,212,1943,8
2021-01-28,Contra Costa,013,1133247,58196,55999,1022,57021,525
2021-01-28,Del Norte,015,27424,891,862,4,866,2
2021-01-28,El Dorado,017,186661,8532,8198,589,8787,79
2021-01-28,Fresno,019,978130,90588,87401,7160,94561,949
2021-01-28,Glenn,021,27897,2104,2043,447,2490,14
2021-01-28,Humboldt,023,135768,2810,2686,18,2704,24
2021-01-28,Imperial,025,180216,26451,25984,2527,28511,517
2021-01-28,Inyo,027,18085,1085,1039,1,1040,27
2021-01-28,Kern,029,883053,87634,84708,8740,93448,817
2021-01-28,Kings,031,150075,20933,20328,936,21264,167
2021-01-28,Lake,033,64148,2876,2772,1,2773,32
2021-01-28,Lassen,035,31185,4935,4865,91,4956,1
2021-01-28,Los Angeles,037,10098052,1115068,1072412,38213,1110625,15967
2021-01-28,Madera,039,155013,14686,14301,739,15040,94
2021-01-28,Marin,041,260295,12343,12079,144,12223,183
2021-01-28,Mariposa,043,17540,354,334,3,337,4
2021-01-28,Mendocino,045,87422,3289,3110,59,3169,36
2021-01-28,Merced,047,269075,26212,25620,744,26364,328
2021-01-28,Modoc,049,8938,313,297,101,398,0
2021-01-28,Mono,051,14174,1125,1131,13,1144,3
2021-01-28,Monterey,053,433212,39456,38312,1440,39752,274
2021-01-28,Napa,055,140530,8478,8233,31,8264,50
2021-01-28,Nevada,057,99092,3636,3452,145,3597,19
2021-01-28,Orange,059,3164182,234124,228636,9777,238413,2860
2021-01-28,Placer,061,380077,19263,18246,1021,19267,198
2021-01-28,Plumas,063,18699,616,547,11,558,2
2021-01-28,Riverside,065,2383286,270588,262342,13310,275652,2981
2021-01-28,Sacramento,067,1510023,87584,85698,1079,86777,1149
2021-01-28,San Benito,069,59416,5420,5344,74,5418,47
2021-01-28,San Bernardino,071,2135413,275186,266456,8473,274929,2057
2021-01-28,San Diego,073,3302833,246180,232967,11537,244504,2534
2021-01-28,San Francisco,075,870044,31661,31193,921,32114,290
2021-01-28,San Joaquin,077,732212,62369,60627,2608,63235,854
2021-01-28,San Luis Obispo,079,281455,17927,17279,490,17769,189
2021-01-28,San Mateo,081,765935,36812,34931,351,35282,218
2021-01-28,Santa Barbara,083,443738,29442,27674,981,28655,284
2021-01-28,Santa Clara,085,1922200,102110,100470,482,100952,1219
2021-01-28,Santa Cruz,087,273765,14304,13188,738,13926,145
2021-01-28,Shasta,089,179085,10338,10176,1109,11285,110
2021-01-28,Sierra,091,2930,46,43,14,57,0
2021-01-28,Siskiyou,093,43540,1319,1218,209,1427,4
2021-01-28,Solano,095,438530,27961,27163,325,27488,114
2021-01-28,Sonoma,097,501317,25992,25564,138,25702,236
2021-01-28,Stanislaus,099,539301,46653,45162,5001,50163,640
2021-01-28,Sutter,101,95872,8324,8136,83,8219,85
2021-01-28,Tehama,103,63373,4290,4163,483,4646,20
2021-01-28,Trinity,105,12862,367,260,47,307,3
2021-01-28,Tulare,107,460477,45075,43742,7074,50816,595
2021-01-28,Tuolumne,109,53932,3529,3472,29,3501,32
2021-01-28,Ventura,111,848112,70846,68896,2607,71503,475
2021-01-28,Yolo,113,214977,12070,11500,172,11672,151
2021-01-28,Yuba,115,75493,5125,4994,74,5068,32
2021-01-27,Alameda,001,1643700,74183,72188,1643,73831,815
2021-01-27,Alpine,003,1148,74,72,0,72,0
2021-01-27,Amador,005,37829,3225,3116,25,3141,31
2021-01-27,Butte,007,227075,10573,9988,1527,11515,138
2021-01-27,Calaveras,009,45235,1749,1737,10,1747,21
2021-01-27,Colusa,011,21464,1757,1724,210,1934,8
2021-01-27,Contra Costa,013,1133247,57897,55578,1019,56597,507
2021-01-27,Del Norte,015,27424,890,859,4,863,2
2021-01-27,El Dorado,017,186661,8506,8141,588,8729,76
2021-01-27,Fresno,019,978130,90297,86886,7118,94004,938
2021-01-27,Glenn,021,27897,2100,2042,446,2488,14
2021-01-27,Humboldt,023,135768,2788,2630,18,2648,24
2021-01-27,Imperial,025,180216,26397,25861,2514,28375,504
2021-01-27,Inyo,027,18085,1081,1023,1,1024,27
2021-01-27,Kern,029,883053,87321,84244,8671,92915,809
2021-01-27,Kings,031,150075,20827,20211,928,21139,167
2021-01-27,Lake,033,64148,2856,2750,1,2751,32
2021-01-27,Lassen,035,31185,4929,4851,91,4942,1
2021-01-27,Los Angeles,037,10098052,1110306,1066569,37995,1104564,15757
2021-01-27,Madera,039,155013,14646,14194,734,14928,86
2021-01-27,Marin,041,260295,12306,12028,143,12171,180
2021-01-27,Mariposa,043,17540,354,333,3,336,4
2021-01-27,Mendocino,045,87422,3269,3095,59,3154,36
2021-01-27,Merced,047,269075,26053,25439,733,26172,315
2021-01-27,Modoc,049,8938,313,297,98,395,0
2021-01-27,Mono,051,14174,1123,1131,13,1144,3
2021-01-27,Monterey,053,433212,39253,38139,1421,39560,268
2021-01-27,Napa,055,140530,8406,8187,31,8218,46
2021-01-27,Nevada,057,99092,3614,3431,145,3576,18
2021-01-27,Orange,059,3164182,233003,227110,9722,236832,2832
2021-01-27,Placer,061,380077,19189,18106,1010,19116,198
2021-01-27,Plumas,063,18699,616,544,11,555,2
2021-01-27,Riverside,065,2383286,269417,260796,13257,274053,2931
2021-01-27,Sacramento,067,1510023,87223,85428,1068,86496,1142
2021-01-27,San Benito,069,59416,5405,5284,74,5358,47
2021-01-27,San Bernardino,071,2135413,274334,265153,8443,273596,2019
2021-01-27,San Diego,073,3302833,244852,231478,11432,242910,2465
2021-01-27,San Francisco,075,870044,31518,31082,914,31996,287
2021-01-27,San Joaquin,077,732212,62100,60131,2584,62715,853
2021-01-27,San Luis Obispo,079,281455,17820,17119,486,17605,188
2021-01-27,San Mateo,081,765935,36658,34619,347,34966,216
2021-01-27,Santa Barbara,083,443738,29268,27435,975,28410,282
2021-01-27,Santa Clara,085,1922200,101706,99732,478,100210,1184
2021-01-27,Santa Cruz,087,273765,14234,13111,735,13846,143
2021-01-27,Shasta,089,179085,10304,10106,1103,11209,105
2021-01-27,Sierra,091,2930,46,44,14,58,0
2021-01-27,Siskiyou,093,43540,1313,1214,206,1420,4
2021-01-27,Solano,095,438530,27784,26982,318,27300,112
2021-01-27,Sonoma,097,501317,25893,25361,138,25499,237
2021-01-27,Stanislaus,099,539301,46468,44874,4972,49846,624
2021-01-27,Sutter,101,95872,8281,8093,82,8175,83
2021-01-27,Tehama,103,63373,4265,4133,479,4612,20
2021-01-27,Trinity,105,12862,367,260,47,307,3
2021-01-27,Tulare,107,460477,44890,43462,6999,50461,583
2021-01-27,Tuolumne,109,53932,3519,3464,29,3493,32
2021-01-27,Ventura,111,848112,70373,68291,2582,70873,468
2021-01-27,Yolo,113,214977,12023,11427,168,11595,151
2021-01-27,Yuba,115,75493,5109,4968,74,5042,32
2021-01-26,Alameda,001,1643700,73805,71851,1625,73476,789
2021-01-26,Alpine,003,1148,74,72,0,72,0
2021-01-26,Amador,005,37829,3214,3113,25,3138,31
2021-01-26,Butte,007,227075,10531,9943,1521,11464,136
2021-01-26,Calaveras,009,45235,1741,1723,10,1733,21
2021-01-26,Colusa,011,21464,1750,1719,207,1926,8
2021-01-26,Contra Costa,013,1133247,57616,55337,1011,56348,491
2021-01-26,Del Norte,015,27424,889,856,4,860,2
2021-01-26,El Dorado,017,186661,8481,8115,585,8700,71
2021-01-26,Fresno,019,978130,89941,86673,7073,93746,923
2021-01-26,Glenn,021,27897,2090,2034,442,2476,13
2021-01-26,Humboldt,023,135768,2766,2612,17,2629,24
2021-01-26,Imperial,025,180216,26327,25812,2499,28311,498
2021-01-26,Inyo,027,18085,1074,1018,1,1019,27
2021-01-26,Kern,029,883053,86896,83868,8592,92460,790
2021-01-26,Kings,031,150075,20769,20156,923,21079,159
2021-01-26,Lake,033,64148,2847,2748,1,2749,32
2021-01-26,Lassen,035,31185,4923,4844,91,4935,1
2021-01-26,Los Angeles,037,10098052,1105056,1060492,37777,1098269,15458
2021-01-26,Madera,039,155013,14589,14130,728,14858,86
2021-01-26,Marin,041,260295,12261,11993,141,12134,179
2021-01-26,Mariposa,043,17540,352,332,3,335,3
2021-01-26,Mendocino,045,87422,3243,3076,58,3134,36
2021-01-26,Merced,047,269075,25913,25359,726,26085,309
2021-01-26,Modoc,049,8938,306,291,97,388,0
2021-01-26,Mono,051,14174,1122,1120,13,1133,3
2021-01-26,Monterey,053,433212,39058,37963,1400,39363,255
2021-01-26,Napa,055,140530,8349,8145,31,8176,43
2021-01-26,Nevada,057,99092,3607,3410,144,3554,18
2021-01-26,Orange,059,3164182,231876,225987,9677,235664,2760
2021-01-26,Placer,061,380077,19117,18016,1008,19024,193
2021-01-26,Plumas,063,18699,614,536,11,547,2
2021-01-26,Riverside,065,2383286,268085,259399,13195,272594,2898
2021-01-26,Sacramento,067,1510023,86865,85062,1061,86123,1127
2021-01-26,San Benito,069,59416,5391,5251,73,5324,45
2021-01-26,San Bernardino,071,2135413,273344,263736,8398,272134,1970
2021-01-26,San Diego,073,3302833,243361,230063,11331,241394,2421
2021-01-26,San Francisco,075,870044,31388,30874,893,31767,286
2021-01-26,San Joaquin,077,732212,61848,59889,2568,62457,847
2021-01-26,San Luis Obispo,079,281455,17739,17016,483,17499,186
2021-01-26,San Mateo,081,765935,36463,34441,336,34777,213
2021-01-26,Santa Barbara,083,443738,29096,27321,963,28284,273
2021-01-26,Santa Clara,085,1922200,101229,99215,474,99689,1171
2021-01-26,Santa Cruz,087,273765,14169,13045,729,13774,134
2021-01-26,Shasta,089,179085,10269,10036,1095,11131,103
2021-01-26,Sierra,091,2930,46,43,14,57,0
2021-01-26,Siskiyou,093,43540,1299,1208,204,1412,4
2021-01-26,Solano,095,438530,27628,26858,312,27170,110
2021-01-26,Sonoma,097,501317,25771,25273,136,25409,236
2021-01-26,Stanislaus,099,539301,46286,44703,4929,49632,599
2021-01-26,Sutter,101,95872,8239,8067,82,8149,83
2021-01-26,Tehama,103,63373,4234,4115,479,4594,20
2021-01-26,Trinity,105,12862,367,260,47,307,3
2021-01-26,Tulare,107,460477,44689,43394,6927,50321,579
2021-01-26,Tuolumne,109,53932,3509,3451,29,3480,30
2021-01-26,Ventura,111,848112,69842,67526,2555,70081,448
2021-01-26,Yolo,113,214977,11978,11361,165,11526,148
2021-01-26,Yuba,115,75493,5084,4944,72,5016,31
2021-01-25,Alameda,001,1643700,73375,71255,1615,72870,780
2021-01-25,Alpine,003,1148,74,72,0,72,0
2021-01-25,Amador,005,37829,3174,3074,25,3099,30
2021-01-25,Butte,007,227075,10465,9865,1513,11378,133
2021-01-25,Calaveras,009,45235,1726,1713,10,1723,21
2021-01-25,Colusa,011,21464,1738,1709,203,1912,8
2021-01-25,Contra Costa,013,1133247,57258,54989,1004,55993,488
2021-01-25,Del Norte,015,27424,888,855,4,859,2
2021-01-25,El Dorado,017,186661,8457,8060,585,8645,66
2021-01-25,Fresno,019,978130,89572,86336,7040,93376,913
2021-01-25,Glenn,021,27897,2079,2028,442,2470,13
2021-01-25,Humboldt,023,135768,2732,2587,17,2604,24
2021-01-25,Imperial,025,180216,26277,25745,2490,28235,491
2021-01-25,Inyo,027,18085,1068,1015,1,1016,27
2021-01-25,Kern,029,883053,86503,83401,8501,91902,787
2021-01-25,Kings,031,150075,20649,20067,919,20986,159
2021-01-25,Lake,033,64148,2828,2729,1,2730,32
2021-01-25,Lassen,035,31185,4897,4835,91,4926,1
2021-01-25,Los Angeles,037,10098052,1099135,1055181,37543,1092724,15163
2021-01-25,Madera,039,155013,14535,14068,723,14791,86
2021-01-25,Marin,041,260295,12208,11923,137,12060,177
2021-01-25,Mariposa,043,17540,349,331,3,334,3
2021-01-25,Mendocino,045,87422,3232,3054,58,3112,35
2021-01-25,Merced,047,269075,25774,25181,717,25898,305
2021-01-25,Modoc,049,8938,305,288,93,381,0
2021-01-25,Mono,051,14174,1119,1114,12,1126,3
2021-01-25,Monterey,053,433212,38804,37726,1379,39105,255
2021-01-25,Napa,055,140530,8315,8057,30,8087,43
2021-01-25,Nevada,057,99092,3593,3365,144,3509,18
2021-01-25,Orange,059,3164182,230675,225105,9635,234740,2696
2021-01-25,Placer,061,380077,19023,17936,993,18929,193
2021-01-25,Plumas,063,18699,611,533,11,544,2
2021-01-25,Riverside,065,2383286,266405,258082,13141,271223,2789
2021-01-25,Sacramento,067,1510023,86421,84653,1053,85706,1118
2021-01-25,San Benito,069,59416,5354,5238,72,5310,43
2021-01-25,San Bernardino,071,2135413,272393,263174,8361,271535,1947
2021-01-25,San Diego,073,3302833,241752,228630,11260,239890,2375
2021-01-25,San Francisco,075,870044,31240,30734,870,31604,288
2021-01-25,San Joaquin,077,732212,61555,59291,2539,61830,838
2021-01-25,San Luis Obispo,079,281455,17604,16868,478,17346,179
2021-01-25,San Mateo,081,765935,36228,34187,329,34516,213
2021-01-25,Santa Barbara,083,443738,28865,27065,953,28018,269
2021-01-25,Santa Clara,085,1922200,100657,98647,466,99113,1143
2021-01-25,Santa Cruz,087,273765,14082,12973,723,13696,133
2021-01-25,Shasta,089,179085,10228,9991,1084,11075,103
2021-01-25,Sierra,091,2930,46,42,14,56,0
2021-01-25,Siskiyou,093,43540,1291,1205,201,1406,4
2021-01-25,Solano,095,438530,27459,26648,311,26959,109
2021-01-25,Sonoma,097,501317,25661,25160,134,25294,233
2021-01-25,Stanislaus,099,539301,46042,44293,4886,49179,599
2021-01-25,Sutter,101,95872,8196,8023,82,8105,83
2021-01-25,Tehama,103,63373,4207,4082,475,4557,20
2021-01-25,Trinity,105,12862,367,262,47,309,3
2021-01-25,Tulare,107,460477,44475,43124,6820,49944,578
2021-01-25,Tuolumne,109,53932,3500,3422,29,3451,29
2021-01-25,Ventura,111,848112,69199,66910,2537,69447,439
2021-01-25,Yolo,113,214977,11891,11276,163,11439,140
2021-01-25,Yuba,115,75493,5060,4900,70,4970,31
2021-01-24,Alameda,001,1643700,72866,70823,1603,72426,780
2021-01-24,Alpine,003,1148,74,72,0,72,0
2021-01-24,Amador,005,37829,3141,3054,25,3079,30
2021-01-24,Butte,007,227075,10381,9820,1494,11314,133
2021-01-24,Calaveras,009,45235,1713,1704,10,1714,21
2021-01-24,Colusa,011,21464,1727,1689,197,1886,8
2021-01-24,Contra Costa,013,1133247,56869,54694,991,55685,488
2021-01-24,Del Norte,015,27424,883,855,4,859,2
2021-01-24,El Dorado,017,186661,8423,8003,581,8584,66
2021-01-24,Fresno,019,978130,89135,85808,7000,92808,911
2021-01-24,Glenn,021,27897,2073,2026,440,2466,13
2021-01-24,Humboldt,023,135768,2693,2562,17,2579,24
2021-01-24,Imperial,025,180216,26183,25707,2461,28168,488
2021-01-24,Inyo,027,18085,1052,1007,1,1008,27
2021-01-24,Kern,029,883053,86064,83125,8388,91513,785
2021-01-24,Kings,031,150075,20523,19988,901,20889,159
2021-01-24,Lake,033,64148,2810,2724,0,2724,32
2021-01-24,Lassen,035,31185,4886,4828,88,4916,1
2021-01-24,Los Angeles,037,10098052,1092773,1048757,37223,1085980,15119
2021-01-24,Madera,039,155013,14444,14000,717,14717,86
2021-01-24,Marin,041,260295,12142,11872,135,12007,177
2021-01-24,Mariposa,043,17540,345,322,3,325,3
2021-01-24,Mendocino,045,87422,3211,3037,57,3094,33
2021-01-24,Merced,047,269075,25561,25047,709,25756,305
2021-01-24,Modoc,049,8938,305,285,93,378,0
2021-01-24,Mono,051,14174,1112,1113,12,1125,3
2021-01-24,Monterey,053,433212,38528,37527,1346,38873,254
2021-01-24,Napa,055,140530,8273,8005,30,8035,43
2021-01-24,Nevada,057,99092,3551,3349,142,3491,18
2021-01-24,Orange,059,3164182,229245,223853,9569,233422,2632
2021-01-24,Placer,061,380077,18911,17839,972,18811,193
2021-01-24,Plumas,063,18699,608,532,11,543,2
2021-01-24,Riverside,065,2383286,264805,256767,13062,269829,2761
2021-01-24,Sacramento,067,1510023,85849,84110,1046,85156,1112
2021-01-24,San Benito,069,59416,5312,5223,69,5292,43
2021-01-24,San Bernardino,071,2135413,271073,262370,8303,270673,1935
2021-01-24,San Diego,073,3302833,240063,227193,11128,238321,2375
2021-01-24,San Francisco,075,870044,31053,30559,847,31406,275
2021-01-24,San Joaquin,077,732212,61129,59021,2523,61544,838
2021-01-24,San Luis Obispo,079,281455,17483,16758,475,17233,179
2021-01-24,San Mateo,081,765935,35984,33956,324,34280,213
2021-01-24,Santa Barbara,083,443738,28552,26735,943,27678,269
2021-01-24,Santa Clara,085,1922200,100005,98103,462,98565,1109
2021-01-24,Santa Cruz,087,273765,13996,12905,715,13620,133
2021-01-24,Shasta,089,179085,10157,9978,1075,11053,103
2021-01-24,Sierra,091,2930,45,42,14,56,0
2021-01-24,Siskiyou,093,43540,1284,1195,201,1396,4
2021-01-24,Solano,095,438530,27271,26515,307,26822,109
2021-01-24,Sonoma,097,501317,25477,25045,133,25178,233
2021-01-24,Stanislaus,099,539301,45732,44031,4827,48858,599
2021-01-24,Sutter,101,95872,8128,7980,81,8061,83
2021-01-24,Tehama,103,63373,4167,4062,467,4529,20
2021-01-24,Trinity,105,12862,367,262,47,309,3
2021-01-24,Tulare,107,460477,44262,43006,6722,49728,577
2021-01-24,Tuolumne,109,53932,3490,3416,29,3445,29
2021-01-24,Ventura,111,848112,68483,66347,2512,68859,439
2021-01-24,Yolo,113,214977,11806,11210,159,11369,140
2021-01-24,Yuba,115,75493,5020,4875,69,4944,31
2021-01-23,Alameda,001,1643700,72623,70080,1594,71674,780
2021-01-23,Alpine,003,1148,74,72,0,72,0
2021-01-23,Amador,005,37829,3138,3049,25,3074,30
2021-01-23,Butte,007,227075,10351,9757,1489,11246,133
2021-01-23,Calaveras,009,45235,1710,1695,10,1705,21
2021-01-23,Colusa,011,21464,1723,1672,196,1868,8
2021-01-23,Contra Costa,013,1133247,56658,54162,983,55145,487
2021-01-23,Del Norte,015,27424,882,855,4,859,2
2021-01-23,El Dorado,017,186661,8407,7984,579,8563,66
2021-01-23,Fresno,019,978130,88952,85274,6969,92243,910
2021-01-23,Glenn,021,27897,2070,2015,436,2451,13
2021-01-23,Humboldt,023,135768,2674,2493,16,2509,23
2021-01-23,Imperial,025,180216,26152,25581,2452,28033,487
2021-01-23,Inyo,027,18085,1043,987,1,988,27
2021-01-23,Kern,029,883053,85822,82602,8312,90914,783
2021-01-23,Kings,031,150075,20479,19904,899,20803,159
2021-01-23,Lake,033,64148,2802,2673,0,2673,32
2021-01-23,Lassen,035,31185,4885,4816,85,4901,1
2021-01-23,Los Angeles,037,10098052,1089573,1040961,37055,1078016,15034
2021-01-23,Madera,039,155013,14408,13858,715,14573,86
2021-01-23,Marin,041,260295,12086,11796,133,11929,177
2021-01-23,Mariposa,043,17540,345,323,3,326,3
2021-01-23,Mendocino,045,87422,3197,2991,57,3048,32
2021-01-23,Merced,047,269075,25469,24787,695,25482,303
2021-01-23,Modoc,049,8938,305,285,93,378,0
2021-01-23,Mono,051,14174,1110,1111,12,1123,3
2021-01-23,Monterey,053,433212,38445,37165,1341,38506,253
2021-01-23,Napa,055,140530,8248,7893,30,7923,43
2021-01-23,Nevada,057,99092,3540,3332,141,3473,18
2021-01-23,Orange,059,3164182,228477,221722,9526,231248,2618
2021-01-23,Placer,061,380077,18862,17617,967,18584,193
2021-01-23,Plumas,063,18699,607,528,11,539,2
2021-01-23,Riverside,065,2383286,263932,253636,13005,266641,2733
2021-01-23,Sacramento,067,1510023,85622,83408,1043,84451,1108
2021-01-23,San Benito,069,59416,5288,5166,68,5234,43
2021-01-23,San Bernardino,071,2135413,270532,260381,8269,268650,1922
2021-01-23,San Diego,073,3302833,239005,225556,11056,236612,2344
2021-01-23,San Francisco,075,870044,30948,30308,817,31125,268
2021-01-23,San Joaquin,077,732212,61006,58164,2511,60675,836
2021-01-23,San Luis Obispo,079,281455,17420,16652,472,17124,176
2021-01-23,San Mateo,081,765935,35807,33696,313,34009,213
2021-01-23,Santa Barbara,083,443738,28371,26234,934,27168,264
2021-01-23,Santa Clara,085,1922200,99650,97189,461,97650,1086
2021-01-23,Santa Cruz,087,273765,13938,12771,712,13483,127
2021-01-23,Shasta,089,179085,10127,9951,1074,11025,103
2021-01-23,Sierra,091,2930,45,41,14,55,0
2021-01-23,Siskiyou,093,43540,1274,1190,200,1390,4
2021-01-23,Solano,095,438530,27178,26261,305,26566,107
2021-01-23,Sonoma,097,501317,25403,24790,133,24923,232
2021-01-23,Stanislaus,099,539301,45570,43723,4797,48520,599
2021-01-23,Sutter,101,95872,8110,7943,80,8023,80
2021-01-23,Tehama,103,63373,4148,4006,466,4472,20
2021-01-23,Trinity,105,12862,367,262,47,309,3
2021-01-23,Tulare,107,460477,44114,42661,6657,49318,575
2021-01-23,Tuolumne,109,53932,3483,3407,29,3436,29
2021-01-23,Ventura,111,848112,68037,65581,2487,68068,438
2021-01-23,Yolo,113,214977,11764,11087,155,11242,141
2021-01-23,Yuba,115,75493,5009,4831,67,4898,30
2021-01-22,Alameda,001,1643700,72300,69693,1588,71281,751
2021-01-22,Alpine,003,1148,74,71,0,71,0
2021-01-22,Amador,005,37829,3133,3042,25,3067,30
2021-01-22,Butte,007,227075,10302,9711,1476,11187,133
2021-01-22,Calaveras,009,45235,1703,1672,10,1682,21
2021-01-22,Colusa,011,21464,1721,1668,196,1864,7
2021-01-22,Contra Costa,013,1133247,56419,53887,977,54864,485
2021-01-22,Del Norte,015,27424,881,852,4,856,2
2021-01-22,El Dorado,017,186661,8374,7877,576,8453,64
2021-01-22,Fresno,019,978130,88614,84744,6938,91682,892
2021-01-22,Glenn,021,27897,2066,1985,431,2416,13
2021-01-22,Humboldt,023,135768,2650,2452,16,2468,23
2021-01-22,Imperial,025,180216,26117,25562,2437,27999,474
2021-01-22,Inyo,027,18085,1032,961,1,962,26
2021-01-22,Kern,029,883053,85526,82101,8237,90338,771
2021-01-22,Kings,031,150075,20403,19760,895,20655,159
2021-01-22,Lake,033,64148,2790,2681,0,2681,32
2021-01-22,Lassen,035,31185,4877,4765,84,4849,1
2021-01-22,Los Angeles,037,10098052,1085143,1031177,36855,1068032,14777
2021-01-22,Madera,039,155013,14347,13781,714,14495,86
2021-01-22,Marin,041,260295,12049,11769,131,11900,177
2021-01-22,Mariposa,043,17540,345,323,3,326,3
2021-01-22,Mendocino,045,87422,3172,2994,56,3050,32
2021-01-22,Merced,047,269075,25346,24616,687,25303,290
2021-01-22,Modoc,049,8938,305,285,93,378,0
2021-01-22,Mono,051,14174,1110,1108,12,1120,3
2021-01-22,Monterey,053,433212,38291,36909,1335,38244,253
2021-01-22,Napa,055,140530,8202,7828,30,7858,40
2021-01-22,Nevada,057,99092,3515,3296,140,3436,18
2021-01-22,Orange,059,3164182,227527,220384,9478,229862,2542
2021-01-22,Placer,061,380077,18807,17636,952,18588,193
2021-01-22,Plumas,063,18699,605,522,11,533,2
2021-01-22,Riverside,065,2383286,262809,252440,12937,265377,2710
2021-01-22,Sacramento,067,1510023,85297,82861,1035,83896,1094
2021-01-22,San Benito,069,59416,5263,5143,68,5211,43
2021-01-22,San Bernardino,071,2135413,269710,259121,8234,267355,1849
2021-01-22,San Diego,073,3302833,237766,222576,10991,233567,2301
2021-01-22,San Francisco,075,870044,30837,30027,797,30824,266
2021-01-22,San Joaquin,077,732212,60824,58485,2498,60983,812
2021-01-22,San Luis Obispo,079,281455,17331,16336,469,16805,172
2021-01-22,San Mateo,081,765935,35587,33401,310,33711,211
2021-01-22,Santa Barbara,083,443738,28171,25989,923,26912,256
2021-01-22,Santa Clara,085,1922200,99210,96435,458,96893,1062
2021-01-22,Santa Cruz,087,273765,13881,12687,707,13394,123
2021-01-22,Shasta,089,179085,10108,9866,1072,10938,103
2021-01-22,Sierra,091,2930,45,40,14,54,0
2021-01-22,Siskiyou,093,43540,1270,1182,198,1380,4
2021-01-22,Solano,095,438530,27089,26048,303,26351,107
2021-01-22,Sonoma,097,501317,25329,24659,133,24792,232
2021-01-22,Stanislaus,099,539301,45416,43489,4760,48249,599
2021-01-22,Sutter,101,95872,8084,7878,80,7958,80
2021-01-22,Tehama,103,63373,4129,3993,465,4458,19
2021-01-22,Trinity,105,12862,366,263,47,310,3
2021-01-22,Tulare,107,460477,43937,42307,6584,48891,573
2021-01-22,Tuolumne,109,53932,3454,3379,29,3408,29
2021-01-22,Ventura,111,848112,67531,64404,2470,66874,426
2021-01-22,Yolo,113,214977,11730,11014,147,11161,141
2021-01-22,Yuba,115,75493,4985,4789,65,4854,29
2021-01-21,Alameda,001,1643700,71866,69314,1571,70885,739
2021-01-21,Alpine,003,1148,74,71,0,71,0
2021-01-21,Amador,005,37829,3111,3038,25,3063,29
2021-01-21,Butte,007,227075,10231,9643,1469,11112,130
2021-01-21,Calaveras,009,45235,1694,1647,10,1657,21
2021-01-21,Colusa,011,21464,1714,1662,193,1855,7
2021-01-21,Contra Costa,013,1133247,56002,53595,963,54558,478
2021-01-21,Del Norte,015,27424,879,850,3,853,2
2021-01-21,El Dorado,017,186661,8325,7823,573,8396,58
2021-01-21,Fresno,019,978130,88210,84137,6898,91035,889
2021-01-21,Glenn,021,27897,2057,1964,427,2391,13
2021-01-21,Humboldt,023,135768,2628,2423,16,2439,23
2021-01-21,Imperial,025,180216,26026,25509,2420,27929,463
2021-01-21,Inyo,027,18085,1023,946,1,947,26
2021-01-21,Kern,029,883053,85115,81328,8117,89445,769
2021-01-21,Kings,031,150075,20333,19633,876,20509,158
2021-01-21,Lake,033,64148,2774,2669,0,2669,32
2021-01-21,Lassen,035,31185,4871,4763,84,4847,1
2021-01-21,Los Angeles,037,10098052,1078510,1023055,36519,1059574,14537
2021-01-21,Madera,039,155013,14279,13664,706,14370,86
2021-01-21,Marin,041,260295,11993,11732,129,11861,173
2021-01-21,Mariposa,043,17540,341,322,3,325,3
2021-01-21,Mendocino,045,87422,3149,2967,54,3021,32
2021-01-21,Merced,047,269075,25191,24426,681,25107,245
2021-01-21,Modoc,049,8938,302,284,92,376,0
2021-01-21,Mono,051,14174,1105,1104,12,1116,3
2021-01-21,Monterey,053,433212,38014,36149,1324,37473,253
2021-01-21,Napa,055,140530,8138,7774,30,7804,40
2021-01-21,Nevada,057,99092,3486,3274,139,3413,18
2021-01-21,Orange,059,3164182,226150,218867,9421,228288,2540
2021-01-21,Placer,061,380077,18727,17553,948,18501,190
2021-01-21,Plumas,063,18699,601,518,11,529,2
2021-01-21,Riverside,065,2383286,261095,251007,12855,263862,2676
2021-01-21,Sacramento,067,1510023,84818,82303,1015,83318,1084
2021-01-21,San Benito,069,59416,5230,5100,62,5162,43
2021-01-21,San Bernardino,071,2135413,268358,257754,8167,265921,1832
2021-01-21,San Diego,073,3302833,235991,219729,10884,230613,2222
2021-01-21,San Francisco,075,870044,30662,29801,763,30564,266
2021-01-21,San Joaquin,077,732212,60516,58270,2477,60747,806
2021-01-21,San Luis Obispo,079,281455,17245,16153,461,16614,169
2021-01-21,San Mateo,081,765935,35341,33156,296,33452,210
2021-01-21,Santa Barbara,083,443738,27888,25654,909,26563,253
2021-01-21,Santa Clara,085,1922200,98589,96028,450,96478,1062
2021-01-21,Santa Cruz,087,273765,13797,12548,697,13245,119
2021-01-21,Shasta,089,179085,10066,9795,1055,10850,98
2021-01-21,Sierra,091,2930,45,40,14,54,0
2021-01-21,Siskiyou,093,43540,1267,1178,195,1373,4
2021-01-21,Solano,095,438530,26908,25885,299,26184,106
2021-01-21,Sonoma,097,501317,25195,24440,131,24571,230
2021-01-21,Stanislaus,099,539301,45112,43223,4714,47937,599
2021-01-21,Sutter,101,95872,8050,7822,80,7902,80
2021-01-21,Tehama,103,63373,4094,3938,465,4403,19
2021-01-21,Trinity,105,12862,366,261,47,308,3
2021-01-21,Tulare,107,460477,43732,42082,6502,48584,569
2021-01-21,Tuolumne,109,53932,3444,3365,29,3394,29
2021-01-21,Ventura,111,848112,66839,63995,2448,66443,420
2021-01-21,Yolo,113,214977,11639,10940,139,11079,141
2021-01-21,Yuba,115,75493,4954,4757,64,4821,29
2021-01-20,Alameda,001,1643700,71378,68785,1556,70341,702
2021-01-20,Alpine,003,1148,74,71,0,71,0
2021-01-20,Amador,005,37829,3080,3036,25,3061,29
2021-01-20,Butte,007,227075,10175,9582,1458,11040,130
2021-01-20,Calaveras,009,45235,1674,1637,9,1646,21
2021-01-20,Colusa,011,21464,1698,1630,188,1818,7
2021-01-20,Contra Costa,013,1133247,55547,53108,957,54065,461
2021-01-20,Del Norte,015,27424,878,848,3,851,2
2021-01-20,El Dorado,017,186661,8279,7785,569,8354,53
2021-01-20,Fresno,019,978130,87789,83591,6845,90436,872
2021-01-20,Glenn,021,27897,2039,1955,424,2379,13
2021-01-20,Humboldt,023,135768,2585,2390,16,2406,22
2021-01-20,Imperial,025,180216,25957,25380,2382,27762,461
2021-01-20,Inyo,027,18085,1013,901,1,902,26
2021-01-20,Kern,029,883053,84665,80701,8010,88711,754
2021-01-20,Kings,031,150075,20244,19522,867,20389,146
2021-01-20,Lake,033,64148,2752,2646,0,2646,31
2021-01-20,Lassen,035,31185,4863,4758,82,4840,1
2021-01-20,Los Angeles,037,10098052,1071040,1015608,36225,1051833,14299
2021-01-20,Madera,039,155013,14214,13585,701,14286,86
2021-01-20,Marin,041,260295,11939,11684,127,11811,171
2021-01-20,Mariposa,043,17540,339,322,3,325,3
2021-01-20,Mendocino,045,87422,3134,2957,54,3011,32
2021-01-20,Merced,047,269075,25017,24220,660,24880,243
2021-01-20,Modoc,049,8938,301,282,92,374,0
2021-01-20,Mono,051,14174,1098,1105,11,1116,3
2021-01-20,Monterey,053,433212,37697,35960,1301,37261,249
2021-01-20,Napa,055,140530,8069,7731,29,7760,40
2021-01-20,Nevada,057,99092,3454,3238,139,3377,18
2021-01-20,Orange,059,3164182,224612,216893,9355,226248,2500
2021-01-20,Placer,061,380077,18622,17455,929,18384,186
2021-01-20,Plumas,063,18699,599,512,11,523,2
2021-01-20,Riverside,065,2383286,259089,248686,12767,261453,2615
2021-01-20,Sacramento,067,1510023,84256,81687,1004,82691,1072
2021-01-20,San Benito,069,59416,5200,5036,61,5097,35
2021-01-20,San Bernardino,071,2135413,266999,255921,8115,264036,1801
2021-01-20,San Diego,073,3302833,234138,218553,10782,229335,2174
2021-01-20,San Francisco,075,870044,30469,29665,742,30407,262
2021-01-20,San Joaquin,077,732212,60113,58025,2468,60493,783
2021-01-20,San Luis Obispo,079,281455,17064,15936,452,16388,164
2021-01-20,San Mateo,081,765935,35117,32929,295,33224,210
2021-01-20,Santa Barbara,083,443738,27574,25312,896,26208,248
2021-01-20,Santa Clara,085,1922200,97909,94995,448,95443,1040
2021-01-20,Santa Cruz,087,273765,13691,12460,683,13143,107
2021-01-20,Shasta,089,179085,10015,9697,1044,10741,98
2021-01-20,Sierra,091,2930,45,40,14,54,0
2021-01-20,Siskiyou,093,43540,1261,1163,194,1357,4
2021-01-20,Solano,095,438530,26714,25659,295,25954,106
2021-01-20,Sonoma,097,501317,25060,24262,129,24391,223
2021-01-20,Stanislaus,099,539301,44824,42955,4667,47622,585
2021-01-20,Sutter,101,95872,7998,7772,78,7850,80
2021-01-20,Tehama,103,63373,4069,3892,464,4356,19
2021-01-20,Trinity,105,12862,366,260,47,307,3
2021-01-20,Tulare,107,460477,43480,41799,6403,48202,559
2021-01-20,Tuolumne,109,53932,3430,3355,28,3383,29
2021-01-20,Ventura,111,848112,65883,63413,2419,65832,395
2021-01-20,Yolo,113,214977,11568,10852,136,10988,141
2021-01-20,Yuba,115,75493,4927,4729,64,4793,29
2021-01-19,Alameda,001,1643700,70729,68434,1546,69980,680
2021-01-19,Alpine,003,1148,74,71,0,71,0
2021-01-19,Amador,005,37829,3071,3024,25,3049,28
2021-01-19,Butte,007,227075,10110,9528,1444,10972,129
2021-01-19,Calaveras,009,45235,1658,1621,8,1629,21
2021-01-19,Colusa,011,21464,1676,1617,180,1797,7
2021-01-19,Contra Costa,013,1133247,55050,52730,944,53674,448
2021-01-19,Del Norte,015,27424,877,843,3,846,2
2021-01-19,El Dorado,017,186661,8219,7743,561,8304,47
2021-01-19,Fresno,019,978130,87270,83200,6793,89993,857
2021-01-19,Glenn,021,27897,2028,1948,418,2366,13
2021-01-19,Humboldt,023,135768,2561,2359,13,2372,22
2021-01-19,Imperial,025,180216,25878,25333,2363,27696,452
2021-01-19,Inyo,027,18085,1006,891,1,892,26
2021-01-19,Kern,029,883053,84079,80272,7903,88175,742
2021-01-19,Kings,031,150075,20105,19375,855,20230,143
2021-01-19,Lake,033,64148,2737,2625,0,2625,31
2021-01-19,Lassen,035,31185,4856,4753,82,4835,1
2021-01-19,Los Angeles,037,10098052,1062395,1010375,35939,1046314,14014
2021-01-19,Madera,039,155013,14097,13528,693,14221,86
2021-01-19,Marin,041,260295,11881,11654,123,11777,169
2021-01-19,Mariposa,043,17540,339,322,3,325,3
2021-01-19,Mendocino,045,87422,3117,2930,54,2984,32
2021-01-19,Merced,047,269075,24803,24108,654,24762,242
2021-01-19,Modoc,049,8938,300,281,92,373,0
2021-01-19,Mono,051,14174,1097,1106,11,1117,3
2021-01-19,Monterey,053,433212,37376,35840,1276,37116,248
2021-01-19,Napa,055,140530,8010,7672,29,7701,38
2021-01-19,Nevada,057,99092,3436,3216,137,3353,18
2021-01-19,Orange,059,3164182,222873,215244,9286,224530,2468
2021-01-19,Placer,061,380077,18520,17348,919,18267,182
2021-01-19,Plumas,063,18699,592,509,11,520,2
2021-01-19,Riverside,065,2383286,257035,246248,12688,258936,2585
2021-01-19,Sacramento,067,1510023,83718,81183,984,82167,1053
2021-01-19,San Benito,069,59416,5154,4988,60,5048,35
2021-01-19,San Bernardino,071,2135413,265246,253651,8055,261706,1777
2021-01-19,San Diego,073,3302833,231719,216833,10685,227518,2109
2021-01-19,San Francisco,075,870044,30251,29502,709,30211,261
2021-01-19,San Joaquin,077,732212,59734,57655,2453,60108,782
2021-01-19,San Luis Obispo,079,281455,16801,15855,449,16304,161
2021-01-19,San Mateo,081,765935,34832,32730,283,33013,208
2021-01-19,Santa Barbara,083,443738,27193,24991,877,25868,236
2021-01-19,Santa Clara,085,1922200,97125,94483,446,94929,1010
2021-01-19,Santa Cruz,087,273765,13576,12410,673,13083,106
2021-01-19,Shasta,089,179085,9979,9614,1034,10648,93
2021-01-19,Sierra,091,2930,45,40,12,52,0
2021-01-19,Siskiyou,093,43540,1253,1149,193,1342,4
2021-01-19,Solano,095,438530,26467,25520,295,25815,106
2021-01-19,Sonoma,097,501317,24881,24133,127,24260,223
2021-01-19,Stanislaus,099,539301,44474,42723,4609,47332,561
2021-01-19,Sutter,101,95872,7947,7709,72,7781,80
2021-01-19,Tehama,103,63373,4034,3876,462,4338,19
2021-01-19,Trinity,105,12862,365,260,47,307,3
2021-01-19,Tulare,107,460477,43206,41559,6301,47860,549
2021-01-19,Tuolumne,109,53932,3403,3328,28,3356,29
2021-01-19,Ventura,111,848112,65206,62656,2392,65048,383
2021-01-19,Yolo,113,214977,11485,10789,136,10925,134
2021-01-19,Yuba,115,75493,4893,4695,63,4758,29
2021-01-18,Alameda,001,1643700,70088,67938,1528,69466,680
2021-01-18,Alpine,003,1148,74,71,0,71,0
2021-01-18,Amador,005,37829,3057,3016,25,3041,28
2021-01-18,Butte,007,227075,10023,9474,1431,10905,129
2021-01-18,Calaveras,009,45235,1636,1617,7,1624,21
2021-01-18,Colusa,011,21464,1659,1608,175,1783,7
2021-01-18,Contra Costa,013,1133247,54533,52323,936,53259,448
2021-01-18,Del Norte,015,27424,876,840,3,843,2
2021-01-18,El Dorado,017,186661,8150,7707,559,8266,47
2021-01-18,Fresno,019,978130,86661,82485,6724,89209,857
2021-01-18,Glenn,021,27897,2011,1935,414,2349,13
2021-01-18,Humboldt,023,135768,2523,2343,13,2356,22
2021-01-18,Imperial,025,180216,25810,25317,2336,27653,452
2021-01-18,Inyo,027,18085,994,872,1,873,26
2021-01-18,Kern,029,883053,83440,79930,7810,87740,740
2021-01-18,Kings,031,150075,19937,19267,842,20109,141
2021-01-18,Lake,033,64148,2720,2591,0,2591,30
2021-01-18,Lassen,035,31185,4820,4749,81,4830,1
2021-01-18,Los Angeles,037,10098052,1052920,1002614,35639,1038253,13828
2021-01-18,Madera,039,155013,13986,13443,685,14128,85
2021-01-18,Marin,041,260295,11833,11607,121,11728,165
2021-01-18,Mariposa,043,17540,336,320,2,322,3
2021-01-18,Mendocino,045,87422,3094,2919,54,2973,31
2021-01-18,Merced,047,269075,24559,23927,637,24564,242
2021-01-18,Modoc,049,8938,297,281,89,370,0
2021-01-18,Mono,051,14174,1094,1101,11,1112,3
2021-01-18,Monterey,053,433212,36922,35549,1258,36807,247
2021-01-18,Napa,055,140530,7936,7601,29,7630,38
2021-01-18,Nevada,057,99092,3398,3199,136,3335,17
2021-01-18,Orange,059,3164182,220968,213866,9226,223092,2405
2021-01-18,Placer,061,380077,18399,17263,909,18172,182
2021-01-18,Plumas,063,18699,588,506,11,517,2
2021-01-18,Riverside,065,2383286,254765,244151,12596,256747,2568
2021-01-18,Sacramento,067,1510023,83039,80546,968,81514,1046
2021-01-18,San Benito,069,59416,5103,4963,58,5021,35
2021-01-18,San Bernardino,071,2135413,263465,252808,7996,260804,1775
2021-01-18,San Diego,073,3302833,229077,214335,10556,224891,2103
2021-01-18,San Francisco,075,870044,30044,29321,685,30006,259
2021-01-18,San Joaquin,077,732212,59214,57405,2430,59835,782
2021-01-18,San Luis Obispo,079,281455,16614,15742,439,16181,158
2021-01-18,San Mateo,081,765935,34517,32515,264,32779,208
2021-01-18,Santa Barbara,083,443738,26821,24638,863,25501,235
2021-01-18,Santa Clara,085,1922200,96227,93688,442,94130,992
2021-01-18,Santa Cruz,087,273765,13444,12298,660,12958,106
2021-01-18,Shasta,089,179085,9942,9600,1022,10622,92
2021-01-18,Sierra,091,2930,44,40,12,52,0
2021-01-18,Siskiyou,093,43540,1241,1144,191,1335,4
2021-01-18,Solano,095,438530,26187,25344,290,25634,105
2021-01-18,Sonoma,097,501317,24611,24068,126,24194,223
2021-01-18,Stanislaus,099,539301,44118,42413,4559,46972,562
2021-01-18,Sutter,101,95872,7891,7680,69,7749,78
2021-01-18,Tehama,103,63373,3990,3854,455,4309,19
2021-01-18,Trinity,105,12862,365,260,47,307,3
2021-01-18,Tulare,107,460477,42920,41196,6182,47378,549
2021-01-18,Tuolumne,109,53932,3380,3318,27,3345,28
2021-01-18,Ventura,111,848112,64777,61859,2369,64228,379
2021-01-18,Yolo,113,214977,11353,10620,133,10753,134
2021-01-18,Yuba,115,75493,4865,4671,61,4732,29
2021-01-17,Alameda,001,1643700,69513,67375,1509,68884,676
2021-01-17,Alpine,003,1148,74,71,0,71,0
2021-01-17,Amador,005,37829,3050,3001,25,3026,28
2021-01-17,Butte,007,227075,9951,9411,1409,10820,129
2021-01-17,Calaveras,009,45235,1623,1608,7,1615,21
2021-01-17,Colusa,011,21464,1645,1588,169,1757,7
2021-01-17,Contra Costa,013,1133247,54047,51932,929,52861,447
2021-01-17,Del Norte,015,27424,876,838,3,841,2
2021-01-17,El Dorado,017,186661,8095,7659,546,8205,47
2021-01-17,Fresno,019,978130,86112,82039,6646,88685,857
2021-01-17,Glenn,021,27897,2000,1924,409,2333,9
2021-01-17,Humboldt,023,135768,2485,2322,11,2333,22
2021-01-17,Imperial,025,180216,25739,25253,2291,27544,451
2021-01-17,Inyo,027,18085,988,864,1,865,26
2021-01-17,Kern,029,883053,82892,79489,7724,87213,738
2021-01-17,Kings,031,150075,19801,19201,828,20029,131
2021-01-17,Lake,033,64148,2704,2572,0,2572,30
2021-01-17,Lassen,035,31185,4812,4740,80,4820,1
2021-01-17,Los Angeles,037,10098052,1046315,993028,35212,1028240,13741
2021-01-17,Madera,039,155013,13894,13328,679,14007,85
2021-01-17,Marin,041,260295,11779,11552,119,11671,164
2021-01-17,Mariposa,043,17540,336,319,2,321,3
2021-01-17,Mendocino,045,87422,3066,2912,53,2965,31
2021-01-17,Merced,047,269075,24344,23800,620,24420,242
2021-01-17,Modoc,049,8938,296,279,89,368,0
2021-01-17,Mono,051,14174,1088,1091,10,1101,3
2021-01-17,Monterey,053,433212,36686,35340,1233,36573,244
2021-01-17,Napa,055,140530,7880,7521,29,7550,38
2021-01-17,Nevada,057,99092,3373,3176,134,3310,17
2021-01-17,Orange,059,3164182,218969,212389,9147,221536,2359
2021-01-17,Placer,061,380077,18284,17194,893,18087,181
2021-01-17,Plumas,063,18699,587,505,10,515,2
2021-01-17,Riverside,065,2383286,252676,242206,12471,254677,2534
2021-01-17,Sacramento,067,1510023,82436,80154,955,81109,1045
2021-01-17,San Benito,069,59416,5065,4941,58,4999,35
2021-01-17,San Bernardino,071,2135413,261338,251487,7906,259393,1775
2021-01-17,San Diego,073,3302833,226884,211785,10450,222235,2103
2021-01-17,San Francisco,075,870044,29859,29139,646,29785,255
2021-01-17,San Joaquin,077,732212,58850,57094,2414,59508,780
2021-01-17,San Luis Obispo,079,281455,16492,15658,430,16088,157
2021-01-17,San Mateo,081,765935,34264,32186,239,32425,208
2021-01-17,Santa Barbara,083,443738,26374,24401,847,25248,235
2021-01-17,Santa Clara,085,1922200,95475,92752,439,93191,976
2021-01-17,Santa Cruz,087,273765,13332,12196,657,12853,106
2021-01-17,Shasta,089,179085,9884,9588,1014,10602,92
2021-01-17,Sierra,091,2930,44,38,11,49,0
2021-01-17,Siskiyou,093,43540,1234,1136,188,1324,4
2021-01-17,Solano,095,438530,25956,25216,288,25504,105
2021-01-17,Sonoma,097,501317,24442,23871,126,23997,223
2021-01-17,Stanislaus,099,539301,43802,42221,4498,46719,562
2021-01-17,Sutter,101,95872,7827,7604,67,7671,77
2021-01-17,Tehama,103,63373,3961,3837,450,4287,18
2021-01-17,Trinity,105,12862,365,261,47,308,3
2021-01-17,Tulare,107,460477,42636,41016,6054,47070,549
2021-01-17,Tuolumne,109,53932,3363,3287,27,3314,27
2021-01-17,Ventura,111,848112,63934,61257,2322,63579,376
2021-01-17,Yolo,113,214977,11253,10519,132,10651,134
2021-01-17,Yuba,115,75493,4815,4640,59,4699,28
2021-01-16,Alameda,001,1643700,69188,66583,1495,68078,673
2021-01-16,Alpine,003,1148,74,71,0,71,0
2021-01-16,Amador,005,37829,3047,2986,25,3011,28
2021-01-16,Butte,007,227075,9921,9359,1389,10748,129
2021-01-16,Calaveras,009,45235,1609,1596,7,1603,21
2021-01-16,Colusa,011,21464,1633,1578,169,1747,7
2021-01-16,Contra Costa,013,1133247,53786,51363,920,52283,443
2021-01-16,Del Norte,015,27424,871,833,3,836,2
2021-01-16,El Dorado,017,186661,8073,7575,545,8120,47
2021-01-16,Fresno,019,978130,85841,81294,6593,87887,846
2021-01-16,Glenn,021,27897,1996,1894,405,2299,9
2021-01-16,Humboldt,023,135768,2465,2294,9,2303,22
2021-01-16,Imperial,025,180216,25706,25140,2283,27423,451
2021-01-16,Inyo,027,18085,984,845,1,846,25
2021-01-16,Kern,029,883053,82528,78865,7669,86534,733
2021-01-16,Kings,031,150075,19745,19072,825,19897,131
2021-01-16,Lake,033,64148,2694,2504,0,2504,30
2021-01-16,Lassen,035,31185,4802,4719,80,4799,1
2021-01-16,Los Angeles,037,10098052,1042250,982684,34963,1017647,13654
2021-01-16,Madera,039,155013,13828,13193,675,13868,85
2021-01-16,Marin,041,260295,11737,11482,119,11601,164
2021-01-16,Mariposa,043,17540,335,317,2,319,3
2021-01-16,Mendocino,045,87422,3052,2890,51,2941,31
2021-01-16,Merced,047,269075,24257,23478,606,24084,242
2021-01-16,Modoc,049,8938,296,278,89,367,0
2021-01-16,Mono,051,14174,1087,1079,10,1089,3
2021-01-16,Monterey,053,433212,36579,34972,1215,36187,243
2021-01-16,Napa,055,140530,7841,7356,29,7385,39
2021-01-16,Nevada,057,99092,3340,3144,134,3278,17
2021-01-16,Orange,059,3164182,217930,210111,9088,219199,2312
2021-01-16,Placer,061,380077,18224,16995,891,17886,177
2021-01-16,Plumas,063,18699,585,502,10,512,2
2021-01-16,Riverside,065,2383286,251329,239412,12349,251761,2506
2021-01-16,Sacramento,067,1510023,82060,79122,937,80059,1033
2021-01-16,San Benito,069,59416,5032,4875,58,4933,35
2021-01-16,San Bernardino,071,2135413,260570,249401,7840,257241,1755
2021-01-16,San Diego,073,3302833,225589,209895,10355,220250,2065
2021-01-16,San Francisco,075,870044,29734,28853,614,29467,244
2021-01-16,San Joaquin,077,732212,58607,56642,2381,59023,776
2021-01-16,San Luis Obispo,079,281455,16392,15466,428,15894,152
2021-01-16,San Mateo,081,765935,34099,31805,233,32038,208
2021-01-16,Santa Barbara,083,443738,26179,24088,839,24927,229
2021-01-16,Santa Clara,085,1922200,95012,91584,432,92016,954
2021-01-16,Santa Cruz,087,273765,13273,12026,655,12681,106
2021-01-16,Shasta,089,179085,9851,9547,1010,10557,92
2021-01-16,Sierra,091,2930,43,38,11,49,0
2021-01-16,Siskiyou,093,43540,1229,1124,188,1312,4
2021-01-16,Solano,095,438530,25848,24732,281,25013,103
2021-01-16,Sonoma,097,501317,24355,23607,125,23732,223
2021-01-16,Stanislaus,099,539301,43613,41809,4447,46256,562
2021-01-16,Sutter,101,95872,7795,7560,67,7627,76
2021-01-16,Tehama,103,63373,3947,3783,450,4233,18
2021-01-16,Trinity,105,12862,365,261,47,308,3
2021-01-16,Tulare,107,460477,42458,40655,5978,46633,542
2021-01-16,Tuolumne,109,53932,3356,3269,27,3296,27
2021-01-16,Ventura,111,848112,63382,60368,2292,62660,369
2021-01-16,Yolo,113,214977,11204,10406,131,10537,134
2021-01-16,Yuba,115,75493,4784,4602,59,4661,27
2021-01-15,Alameda,001,1643700,68747,65416,1485,66901,672
2021-01-15,Alpine,003,1148,74,71,0,71,0
2021-01-15,Amador,005,37829,3040,2953,25,2978,28
2021-01-15,Butte,007,227075,9883,9233,1371,10604,129
2021-01-15,Calaveras,009,45235,1602,1538,7,1545,21
2021-01-15,Colusa,011,21464,1622,1541,165,1706,7
2021-01-15,Contra Costa,013,1133247,53458,50408,913,51321,428
2021-01-15,Del Norte,015,27424,867,828,2,830,2
2021-01-15,El Dorado,017,186661,8024,7439,536,7975,47
2021-01-15,Fresno,019,978130,85304,79950,6559,86509,832
2021-01-15,Glenn,021,27897,1991,1824,403,2227,9
2021-01-15,Humboldt,023,135768,2438,2218,8,2226,22
2021-01-15,Imperial,025,180216,25672,24944,2277,27221,446
2021-01-15,Inyo,027,18085,966,814,1,815,25
2021-01-15,Kern,029,883053,82119,77873,7604,85477,719
2021-01-15,Kings,031,150075,19638,18661,817,19478,131
2021-01-15,Lake,033,64148,2668,2434,0,2434,28
2021-01-15,Lassen,035,31185,4791,4693,78,4771,1
2021-01-15,Los Angeles,037,10098052,1035228,968979,34660,1003639,13404
2021-01-15,Madera,039,155013,13742,12883,672,13555,85
2021-01-15,Marin,041,260295,11687,11310,119,11429,160
2021-01-15,Mariposa,043,17540,333,307,2,309,3
2021-01-15,Mendocino,045,87422,3041,2835,51,2886,31
2021-01-15,Merced,047,269075,24144,23060,602,23662,239
2021-01-15,Modoc,049,8938,296,278,87,365,0
2021-01-15,Mono,051,14174,1084,1057,10,1067,3
2021-01-15,Monterey,053,433212,36371,34460,1155,35615,243
2021-01-15,Napa,055,140530,7779,7231,29,7260,38
2021-01-15,Nevada,057,99092,3327,3099,130,3229,17
2021-01-15,Orange,059,3164182,216571,207129,9035,216164,2254
2021-01-15,Placer,061,380077,18123,16712,881,17593,173
2021-01-15,Plumas,063,18699,582,499,10,509,2
2021-01-15,Riverside,065,2383286,249495,235235,12270,247505,2458
2021-01-15,Sacramento,067,1510023,81643,80279,929,81208,1023
2021-01-15,San Benito,069,59416,4989,4766,56,4822,35
2021-01-15,San Bernardino,071,2135413,259415,246182,7781,253963,1726
2021-01-15,San Diego,073,3302833,223841,206868,10290,217158,2037
2021-01-15,San Francisco,075,870044,29563,28574,592,29166,242
2021-01-15,San Joaquin,077,732212,58374,55885,2366,58251,748
2021-01-15,San Luis Obispo,079,281455,16258,15129,423,15552,148
2021-01-15,San Mateo,081,765935,33854,31291,229,31520,208
2021-01-15,Santa Barbara,083,443738,25904,23487,827,24314,226
2021-01-15,Santa Clara,085,1922200,94362,90103,427,90530,942
2021-01-15,Santa Cruz,087,273765,13165,11776,640,12416,105
2021-01-15,Shasta,089,179085,9812,9459,1002,10461,91
2021-01-15,Sierra,091,2930,42,36,10,46,0
2021-01-15,Siskiyou,093,43540,1225,1119,187,1306,4
2021-01-15,Solano,095,438530,25700,24222,278,24500,103
2021-01-15,Sonoma,097,501317,24224,23204,124,23328,222
2021-01-15,Stanislaus,099,539301,43371,41178,4409,45587,562
2021-01-15,Sutter,101,95872,7748,7484,66,7550,75
2021-01-15,Tehama,103,63373,3926,3714,449,4163,17
2021-01-15,Trinity,105,12862,365,262,47,309,3
2021-01-15,Tulare,107,460477,42215,39951,5893,45844,535
2021-01-15,Tuolumne,109,53932,3340,3231,27,3258,27
2021-01-15,Ventura,111,848112,62638,59061,2258,61319,353
2021-01-15,Yolo,113,214977,11148,10240,130,10370,134
2021-01-15,Yuba,115,75493,4763,4549,59,4608,27
2021-01-14,Alameda,001,1643700,68095,64364,1470,65834,686
2021-01-14,Alpine,003,1148,74,71,0,71,0
2021-01-14,Amador,005,37829,3034,2940,25,2965,28
2021-01-14,Butte,007,227075,9799,9127,1349,10476,129
2021-01-14,Calaveras,009,45235,1585,1513,7,1520,21
2021-01-14,Colusa,011,21464,1607,1535,162,1697,7
2021-01-14,Contra Costa,013,1133247,52905,49545,898,50443,415
2021-01-14,Del Norte,015,27424,861,821,2,823,2
2021-01-14,El Dorado,017,186661,7951,7321,527,7848,45
2021-01-14,Fresno,019,978130,84670,79033,6484,85517,814
2021-01-14,Glenn,021,27897,1978,1798,398,2196,9
2021-01-14,Humboldt,023,135768,2395,2169,8,2177,22
2021-01-14,Imperial,025,180216,25566,24882,2238,27120,447
2021-01-14,Inyo,027,18085,959,790,1,791,25
2021-01-14,Kern,029,883053,81453,77070,7500,84570,705
2021-01-14,Kings,031,150075,19509,18405,811,19216,108
2021-01-14,Lake,033,64148,2625,2378,0,2378,27
2021-01-14,Lassen,035,31185,4781,4673,76,4749,1
2021-01-14,Los Angeles,037,10098052,1025250,954652,34259,988911,13147
2021-01-14,Madera,039,155013,13627,12742,661,13403,85
2021-01-14,Marin,041,260295,11613,11155,118,11273,159
2021-01-14,Mariposa,043,17540,330,302,2,304,3
2021-01-14,Mendocino,045,87422,3027,2801,49,2850,31
2021-01-14,Merced,047,269075,23915,22780,593,23373,239
2021-01-14,Modoc,049,8938,296,273,87,360,0
2021-01-14,Mono,051,14174,1076,1020,10,1030,3
2021-01-14,Monterey,053,433212,35956,34105,1136,35241,242
2021-01-14,Napa,055,140530,7694,7117,29,7146,38
2021-01-14,Nevada,057,99092,3300,3075,128,3203,17
2021-01-14,Orange,059,3164182,214648,204442,8945,213387,2162
2021-01-14,Placer,061,380077,17966,16488,873,17361,169
2021-01-14,Plumas,063,18699,574,496,10,506,2
2021-01-14,Riverside,065,2383286,246883,231684,12166,243850,2357
2021-01-14,Sacramento,067,1510023,81006,79137,904,80041,1007
2021-01-14,San Benito,069,59416,4955,4678,55,4733,35
2021-01-14,San Bernardino,071,2135413,257455,243379,7705,251084,1750
2021-01-14,San Diego,073,3302833,221451,204173,10170,214343,2005
2021-01-14,San Francisco,075,870044,29322,28200,539,28739,238
2021-01-14,San Joaquin,077,732212,57860,55058,2351,57409,739
2021-01-14,San Luis Obispo,079,281455,16099,14851,413,15264,146
2021-01-14,San Mateo,081,765935,33486,30694,220,30914,208
2021-01-14,Santa Barbara,083,443738,25497,23126,800,23926,219
2021-01-14,Santa Clara,085,1922200,93471,88505,420,88925,910
2021-01-14,Santa Cruz,087,273765,13018,11583,624,12207,109
2021-01-14,Shasta,089,179085,9763,9334,985,10319,90
2021-01-14,Sierra,091,2930,42,35,9,44,0
2021-01-14,Siskiyou,093,43540,1214,1108,184,1292,3
2021-01-14,Solano,095,438530,25440,23782,274,24056,103
2021-01-14,Sonoma,097,501317,23981,22910,124,23034,202
2021-01-14,Stanislaus,099,539301,43049,40597,4367,44964,574
2021-01-14,Sutter,101,95872,7689,7416,63,7479,74
2021-01-14,Tehama,103,63373,3897,3664,445,4109,17
2021-01-14,Trinity,105,12862,365,261,46,307,3
2021-01-14,Tulare,107,460477,41834,39565,5780,45345,533
2021-01-14,Tuolumne,109,53932,3319,3215,27,3242,28
2021-01-14,Ventura,111,848112,61766,57941,2220,60161,347
2021-01-14,Yolo,113,214977,11038,10097,124,10221,135
2021-01-14,Yuba,115,75493,4731,4496,59,4555,27
2021-01-13,Alameda,001,1643700,67343,63568,1451,65019,690
2021-01-13,Alpine,003,1148,74,71,0,71,0
2021-01-13,Amador,005,37829,3020,2914,25,2939,26
2021-01-13,Butte,007,227075,9720,9013,1334,10347,126
2021-01-13,Calaveras,009,45235,1563,1493,7,1500,21
2021-01-13,Colusa,011,21464,1595,1524,157,1681,7
2021-01-13,Contra Costa,013,1133247,52326,48877,884,49761,403
2021-01-13,Del Norte,015,27424,857,820,2,822,2
2021-01-13,El Dorado,017,186661,7858,7247,519,7766,43
2021-01-13,Fresno,019,978130,83962,78278,6431,84709,804
2021-01-13,Glenn,021,27897,1963,1792,390,2182,9
2021-01-13,Humboldt,023,135768,2363,2114,8,2122,22
2021-01-13,Imperial,025,180216,25442,24717,2205,26922,463
2021-01-13,Inyo,027,18085,947,785,1,786,25
2021-01-13,Kern,029,883053,80792,76049,7409,83458,704
2021-01-13,Kings,031,150075,19344,18121,785,18906,108
2021-01-13,Lake,033,64148,2580,2305,0,2305,27
2021-01-13,Lassen,035,31185,4774,4663,75,4738,1
2021-01-13,Los Angeles,037,10098052,1014514,937985,33828,971813,12873
2021-01-13,Madera,039,155013,13502,12570,655,13225,85
2021-01-13,Marin,041,260295,11556,11039,118,11157,161
2021-01-13,Mariposa,043,17540,328,304,2,306,3
2021-01-13,Mendocino,045,87422,3007,2790,49,2839,31
2021-01-13,Merced,047,269075,23675,22497,578,23075,241
2021-01-13,Modoc,049,8938,295,274,84,358,0
2021-01-13,Mono,051,14174,1072,1017,10,1027,3
2021-01-13,Monterey,053,433212,35538,33748,1111,34859,241
2021-01-13,Napa,055,140530,7580,7028,29,7057,36
2021-01-13,Nevada,057,99092,3277,3037,124,3161,17
2021-01-13,Orange,059,3164182,212571,201158,8875,210033,2172
2021-01-13,Placer,061,380077,17838,16272,858,17130,172
2021-01-13,Plumas,063,18699,572,490,10,500,2
2021-01-13,Riverside,065,2383286,243769,228192,12041,240233,2278
2021-01-13,Sacramento,067,1510023,80347,78268,897,79165,996
2021-01-13,San Benito,069,59416,4900,4583,54,4637,35
2021-01-13,San Bernardino,071,2135413,255081,240191,7629,247820,1759
2021-01-13,San Diego,073,3302833,218838,201578,10067,211645,1952
2021-01-13,San Francisco,075,870044,29082,27863,515,28378,238
2021-01-13,San Joaquin,077,732212,57237,54373,2320,56693,738
2021-01-13,San Luis Obispo,079,281455,15946,14625,402,15027,140
2021-01-13,San Mateo,081,765935,33145,30195,218,30413,207
2021-01-13,Santa Barbara,083,443738,25066,22714,774,23488,216
2021-01-13,Santa Clara,085,1922200,92496,87187,417,87604,911
2021-01-13,Santa Cruz,087,273765,12845,11423,610,12033,110
2021-01-13,Shasta,089,179085,9700,9180,970,10150,93
2021-01-13,Sierra,091,2930,42,33,9,42,0
2021-01-13,Siskiyou,093,43540,1208,1102,180,1282,3
2021-01-13,Solano,095,438530,25157,23503,273,23776,105
2021-01-13,Sonoma,097,501317,23730,22610,123,22733,206
2021-01-13,Stanislaus,099,539301,42651,40167,4309,44476,574
2021-01-13,Sutter,101,95872,7643,7350,62,7412,73
2021-01-13,Tehama,103,63373,3847,3589,440,4029,17
2021-01-13,Trinity,105,12862,365,260,46,306,3
2021-01-13,Tulare,107,460477,41429,39129,5673,44802,522
2021-01-13,Tuolumne,109,53932,3305,3196,27,3223,28
2021-01-13,Ventura,111,848112,60753,56453,2182,58635,338
2021-01-13,Yolo,113,214977,10937,9933,120,10053,135
2021-01-13,Yuba,115,75493,4689,4448,56,4504,27
2021-01-12,Alameda,001,1643700,66525,62642,1431,64073,677
2021-01-12,Alpine,003,1148,74,71,0,71,0
2021-01-12,Amador,005,37829,3003,2897,25,2922,26
2021-01-12,Butte,007,227075,9636,8883,1313,10196,124
2021-01-12,Calaveras,009,45235,1526,1475,7,1482,21
2021-01-12,Colusa,011,21464,1583,1510,153,1663,7
2021-01-12,Contra Costa,013,1133247,51679,48242,868,49110,399
2021-01-12,Del Norte,015,27424,852,816,2,818,2
2021-01-12,El Dorado,017,186661,7775,7156,508,7664,41
2021-01-12,Fresno,019,978130,83094,77651,6361,84012,796
2021-01-12,Glenn,021,27897,1935,1781,384,2165,9
2021-01-12,Humboldt,023,135768,2309,2077,7,2084,22
2021-01-12,Imperial,025,180216,25355,24566,2162,26728,457
2021-01-12,Inyo,027,18085,930,773,1,774,25
2021-01-12,Kern,029,883053,80089,75320,7306,82626,689
2021-01-12,Kings,031,150075,19136,18072,772,18844,108
2021-01-12,Lake,033,64148,2533,2260,0,2260,27
2021-01-12,Lassen,035,31185,4752,4659,73,4732,1
2021-01-12,Los Angeles,037,10098052,1002896,926295,33402,959697,12610
2021-01-12,Madera,039,155013,13363,12485,647,13132,85
2021-01-12,Marin,041,260295,11447,10960,118,11078,157
2021-01-12,Mariposa,043,17540,326,302,2,304,3
2021-01-12,Mendocino,045,87422,2987,2762,45,2807,31
2021-01-12,Merced,047,269075,23425,22172,555,22727,239
2021-01-12,Modoc,049,8938,293,274,84,358,0
2021-01-12,Mono,051,14174,1063,1008,10,1018,3
2021-01-12,Monterey,053,433212,35038,33381,1089,34470,240
2021-01-12,Napa,055,140530,7497,6936,29,6965,36
2021-01-12,Nevada,057,99092,3249,3014,122,3136,17
2021-01-12,Orange,059,3164182,210277,198260,8786,207046,2142
2021-01-12,Placer,061,380077,17659,16087,852,16939,163
2021-01-12,Plumas,063,18699,566,483,10,493,2
2021-01-12,Riverside,065,2383286,240656,225580,11896,237476,2266
2021-01-12,Sacramento,067,1510023,79607,77201,888,78089,985
2021-01-12,San Benito,069,59416,4833,4515,54,4569,35
2021-01-12,San Bernardino,071,2135413,252514,237008,7556,244564,1739
2021-01-12,San Diego,073,3302833,215927,198317,9950,208267,1898
2021-01-12,San Francisco,075,870044,28806,27531,479,28010,238
2021-01-12,San Joaquin,077,732212,56595,53630,2290,55920,725
2021-01-12,San Luis Obispo,079,281455,15699,14367,394,14761,132
2021-01-12,San Mateo,081,765935,32754,29747,206,29953,206
2021-01-12,Santa Barbara,083,443738,24657,22182,746,22928,209
2021-01-12,Santa Clara,085,1922200,91434,86075,408,86483,904
2021-01-12,Santa Cruz,087,273765,12631,11267,593,11860,110
2021-01-12,Shasta,089,179085,9627,9086,957,10043,84
2021-01-12,Sierra,091,2930,40,33,8,41,0
2021-01-12,Siskiyou,093,43540,1198,1091,174,1265,3
2021-01-12,Solano,095,438530,24853,23160,268,23428,102
2021-01-12,Sonoma,097,501317,23425,22403,123,22526,205
2021-01-12,Stanislaus,099,539301,42200,39615,4273,43888,571
2021-01-12,Sutter,101,95872,7580,7276,61,7337,73
2021-01-12,Tehama,103,63373,3811,3567,436,4003,17
2021-01-12,Trinity,105,12862,365,258,46,304,3
2021-01-12,Tulare,107,460477,40977,38797,5552,44349,509
2021-01-12,Tuolumne,109,53932,3271,3178,27,3205,28
2021-01-12,Ventura,111,848112,59781,55342,2149,57491,324
2021-01-12,Yolo,113,214977,10804,9857,109,9966,133
2021-01-12,Yuba,115,75493,4648,4389,56,4445,27
2021-01-11,Alameda,001,1643700,65666,61949,1413,63362,652
2021-01-11,Alpine,003,1148,74,70,0,70,0
2021-01-11,Amador,005,37829,2989,2867,25,2892,24
2021-01-11,Butte,007,227075,9522,8757,1295,10052,119
2021-01-11,Calaveras,009,45235,1508,1460,7,1467,21
2021-01-11,Colusa,011,21464,1565,1494,149,1643,7
2021-01-11,Contra Costa,013,1133247,51002,47728,858,48586,398
2021-01-11,Del Norte,015,27424,848,810,2,812,2
2021-01-11,El Dorado,017,186661,7682,6987,499,7486,36
2021-01-11,Fresno,019,978130,82217,76581,6281,82862,775
2021-01-11,Glenn,021,27897,1906,1763,375,2138,9
2021-01-11,Humboldt,023,135768,2269,2069,7,2076,22
2021-01-11,Imperial,025,180216,25241,24418,2126,26544,453
2021-01-11,Inyo,027,18085,912,763,1,764,25
2021-01-11,Kern,029,883053,79239,74489,7202,81691,682
2021-01-11,Kings,031,150075,18872,17909,764,18673,108
2021-01-11,Lake,033,64148,2481,2205,0,2205,26
2021-01-11,Lassen,035,31185,4729,4647,72,4719,1
2021-01-11,Los Angeles,037,10098052,989735,914434,32910,947344,12304
2021-01-11,Madera,039,155013,13233,12366,636,13002,85
2021-01-11,Marin,041,260295,11352,10814,115,10929,156
2021-01-11,Mariposa,043,17540,319,296,2,298,3
2021-01-11,Mendocino,045,87422,2960,2728,45,2773,31
2021-01-11,Merced,047,269075,23102,21884,541,22425,238
2021-01-11,Modoc,049,8938,292,271,83,354,0
2021-01-11,Mono,051,14174,1057,1006,10,1016,3
2021-01-11,Monterey,053,433212,34502,32858,1024,33882,239
2021-01-11,Napa,055,140530,7395,6822,29,6851,36
2021-01-11,Nevada,057,99092,3222,2980,122,3102,17
2021-01-11,Orange,059,3164182,207709,196340,8683,205023,2113
2021-01-11,Placer,061,380077,17476,15919,839,16758,163
2021-01-11,Plumas,063,18699,562,477,10,487,2
2021-01-11,Riverside,065,2383286,237164,222907,11739,234646,2222
2021-01-11,Sacramento,067,1510023,78681,76009,871,76880,974
2021-01-11,San Benito,069,59416,4756,4482,47,4529,34
2021-01-11,San Bernardino,071,2135413,249685,235543,7454,242997,1739
2021-01-11,San Diego,073,3302833,212662,194793,9790,204583,1857
2021-01-11,San Francisco,075,870044,28533,27264,456,27720,238
2021-01-11,San Joaquin,077,732212,55985,53002,2260,55262,725
2021-01-11,San Luis Obispo,079,281455,15329,14213,386,14599,126
2021-01-11,San Mateo,081,765935,32310,29355,193,29548,206
2021-01-11,Santa Barbara,083,443738,24220,21740,729,22469,200
2021-01-11,Santa Clara,085,1922200,90235,84851,399,85250,877
2021-01-11,Santa Cruz,087,273765,12454,11093,566,11659,106
2021-01-11,Shasta,089,179085,9529,8977,944,9921,81
2021-01-11,Sierra,091,2930,39,33,8,41,0
2021-01-11,Siskiyou,093,43540,1190,1087,171,1258,3
2021-01-11,Solano,095,438530,24532,22893,263,23156,101
2021-01-11,Sonoma,097,501317,23179,22191,123,22314,205
2021-01-11,Stanislaus,099,539301,41711,39149,4219,43368,571
2021-01-11,Sutter,101,95872,7521,7204,60,7264,71
2021-01-11,Tehama,103,63373,3747,3524,413,3937,17
2021-01-11,Trinity,105,12862,365,256,46,302,2
2021-01-11,Tulare,107,460477,40569,38380,5467,43847,497
2021-01-11,Tuolumne,109,53932,3260,3165,27,3192,27
2021-01-11,Ventura,111,848112,58646,54202,2123,56325,320
2021-01-11,Yolo,113,214977,10594,9699,107,9806,129
2021-01-11,Yuba,115,75493,4610,4349,49,4398,27
2021-01-10,Alameda,001,1643700,64681,61111,1384,62495,650
2021-01-10,Alpine,003,1148,74,70,0,70,0
2021-01-10,Amador,005,37829,2965,2861,25,2886,24
2021-01-10,Butte,007,227075,9405,8665,1268,9933,119
2021-01-10,Calaveras,009,45235,1483,1449,7,1456,21
2021-01-10,Colusa,011,21464,1541,1478,147,1625,7
2021-01-10,Contra Costa,013,1133247,50215,47109,840,47949,398
2021-01-10,Del Norte,015,27424,845,809,2,811,2
2021-01-10,El Dorado,017,186661,7595,6904,481,7385,36
2021-01-10,Fresno,019,978130,81407,75621,6159,81780,775
2021-01-10,Glenn,021,27897,1882,1746,367,2113,9
2021-01-10,Humboldt,023,135768,2208,2049,7,2056,22
2021-01-10,Imperial,025,180216,25081,24233,2071,26304,453
2021-01-10,Inyo,027,18085,884,748,1,749,25
2021-01-10,Kern,029,883053,78415,73712,7067,80779,679
2021-01-10,Kings,031,150075,18654,17812,756,18568,108
2021-01-10,Lake,033,64148,2429,2174,0,2174,26
2021-01-10,Lassen,035,31185,4707,4642,71,4713,1
2021-01-10,Los Angeles,037,10098052,975198,901783,32252,934035,12170
2021-01-10,Madera,039,155013,13045,12179,621,12800,85
2021-01-10,Marin,041,260295,11233,10737,113,10850,155
2021-01-10,Mariposa,043,17540,319,291,2,293,3
2021-01-10,Mendocino,045,87422,2929,2706,42,2748,31
2021-01-10,Merced,047,269075,22828,21691,531,22222,238
2021-01-10,Modoc,049,8938,292,271,81,352,0
2021-01-10,Mono,051,14174,1040,965,10,975,3
2021-01-10,Monterey,053,433212,34062,32571,992,33563,237
2021-01-10,Napa,055,140530,7291,6687,27,6714,36
2021-01-10,Nevada,057,99092,3203,2959,118,3077,17
2021-01-10,Orange,059,3164182,204953,193766,8560,202326,2104
2021-01-10,Placer,061,380077,17298,15779,817,16596,163
2021-01-10,Plumas,063,18699,552,477,10,487,2
2021-01-10,Riverside,065,2383286,233822,219486,11547,231033,2216
2021-01-10,Sacramento,067,1510023,77722,75394,841,76235,965
2021-01-10,San Benito,069,59416,4660,4434,46,4480,34
2021-01-10,San Bernardino,071,2135413,246087,232171,7350,239521,1736
2021-01-10,San Diego,073,3302833,209007,191886,9624,201510,1857
2021-01-10,San Francisco,075,870044,28151,27054,420,27474,238
2021-01-10,San Joaquin,077,732212,55124,52535,2226,54761,725
2021-01-10,San Luis Obispo,079,281455,15001,13968,372,14340,122
2021-01-10,San Mateo,081,765935,31820,28972,178,29150,206
2021-01-10,Santa Barbara,083,443738,23677,21290,704,21994,200
2021-01-10,Santa Clara,085,1922200,89059,83779,388,84167,858
2021-01-10,Santa Cruz,087,273765,12243,10951,542,11493,106
2021-01-10,Shasta,089,179085,9418,8936,927,9863,81
2021-01-10,Sierra,091,2930,38,32,8,40,0
2021-01-10,Siskiyou,093,43540,1184,1075,168,1243,3
2021-01-10,Solano,095,438530,24131,22621,260,22881,101
2021-01-10,Sonoma,097,501317,22906,21925,123,22048,204
2021-01-10,Stanislaus,099,539301,41150,38809,4136,42945,571
2021-01-10,Sutter,101,95872,7460,7133,57,7190,71
2021-01-10,Tehama,103,63373,3674,3504,400,3904,17
2021-01-10,Trinity,105,12862,365,253,45,298,2
2021-01-10,Tulare,107,460477,40153,38012,5342,43354,497
2021-01-10,Tuolumne,109,53932,3226,3143,26,3169,27
2021-01-10,Ventura,111,848112,57379,53095,2077,55172,319
2021-01-10,Yolo,113,214977,10442,9610,106,9716,129
2021-01-10,Yuba,115,75493,4558,4300,46,4346,27
2021-01-09,Alameda,001,1643700,64176,60125,1366,61491,649
2021-01-09,Alpine,003,1148,74,70,0,70,0
2021-01-09,Amador,005,37829,2958,2809,25,2834,24
2021-01-09,Butte,007,227075,9324,8552,1244,9796,118
2021-01-09,Calaveras,009,45235,1473,1425,7,1432,21
2021-01-09,Colusa,011,21464,1535,1468,146,1614,7
2021-01-09,Contra Costa,013,1133247,49869,46406,825,47231,393
2021-01-09,Del Norte,015,27424,843,802,2,804,2
2021-01-09,El Dorado,017,186661,7563,6800,478,7278,36
2021-01-09,Fresno,019,978130,80999,74816,6117,80933,773
2021-01-09,Glenn,021,27897,1867,1707,362,2069,9
2021-01-09,Humboldt,023,135768,2190,2026,7,2033,22
2021-01-09,Imperial,025,180216,25013,24028,2056,26084,448
2021-01-09,Inyo,027,18085,874,734,1,735,25
2021-01-09,Kern,029,883053,77955,73015,6986,80001,677
2021-01-09,Kings,031,150075,18559,17679,752,18431,108
2021-01-09,Lake,033,64148,2394,2144,0,2144,26
2021-01-09,Lassen,035,31185,4695,4613,70,4683,1
2021-01-09,Los Angeles,037,10098052,969665,887949,31793,919742,12011
2021-01-09,Madera,039,155013,12954,12063,616,12679,85
2021-01-09,Marin,041,260295,11170,10634,112,10746,154
2021-01-09,Mariposa,043,17540,316,287,2,289,3
2021-01-09,Mendocino,045,87422,2911,2664,42,2706,31
2021-01-09,Merced,047,269075,22687,21357,521,21878,237
2021-01-09,Modoc,049,8938,292,271,80,351,0
2021-01-09,Mono,051,14174,1035,964,10,974,3
2021-01-09,Monterey,053,433212,33915,31948,983,32931,235
2021-01-09,Napa,055,140530,7221,6594,24,6618,36
2021-01-09,Nevada,057,99092,3181,2932,115,3047,17
2021-01-09,Orange,059,3164182,203455,191004,8468,199472,2034
2021-01-09,Placer,061,380077,17199,15609,815,16424,162
2021-01-09,Plumas,063,18699,550,477,10,487,2
2021-01-09,Riverside,065,2383286,232112,216076,11401,227477,2201
2021-01-09,Sacramento,067,1510023,77197,74482,836,75318,953
2021-01-09,San Benito,069,59416,4611,4335,46,4381,34
2021-01-09,San Bernardino,071,2135413,244911,228857,7280,236137,1714
2021-01-09,San Diego,073,3302833,207315,188598,9504,198102,1824
2021-01-09,San Francisco,075,870044,27977,26708,375,27083,235
2021-01-09,San Joaquin,077,732212,54779,51927,2206,54133,724
2021-01-09,San Luis Obispo,079,281455,14878,13647,361,14008,121
2021-01-09,San Mateo,081,765935,31523,28512,171,28683,205
2021-01-09,Santa Barbara,083,443738,23469,20971,695,21666,197
2021-01-09,Santa Clara,085,1922200,88217,82269,376,82645,808
2021-01-09,Santa Cruz,087,273765,12147,10717,537,11254,107
2021-01-09,Shasta,089,179085,9385,8893,923,9816,81
2021-01-09,Sierra,091,2930,36,32,8,40,0
2021-01-09,Siskiyou,093,43540,1180,1062,164,1226,3
2021-01-09,Solano,095,438530,23975,22226,259,22485,101
2021-01-09,Sonoma,097,501317,22785,21393,123,21516,202
2021-01-09,Stanislaus,099,539301,40858,38403,4094,42497,567
2021-01-09,Sutter,101,95872,7424,7072,56,7128,69
2021-01-09,Tehama,103,63373,3644,3451,388,3839,15
2021-01-09,Trinity,105,12862,365,252,45,297,2
2021-01-09,Tulare,107,460477,39907,37684,5270,42954,496
2021-01-09,Tuolumne,109,53932,3218,3117,25,3142,26
2021-01-09,Ventura,111,848112,56552,51988,2050,54038,306
2021-01-09,Yolo,113,214977,10371,9524,103,9627,129
2021-01-09,Yuba,115,75493,4530,4265,46,4311,27
2021-01-08,Alameda,001,1643700,63630,59172,1355,60527,646
2021-01-08,Alpine,003,1148,74,70,0,70,0
2021-01-08,Amador,005,37829,2951,2792,25,2817,24
2021-01-08,Butte,007,227075,9265,8430,1228,9658,115
2021-01-08,Calaveras,009,45235,1460,1385,7,1392,21
2021-01-08,Colusa,011,21464,1522,1448,145,1593,7
2021-01-08,Contra Costa,013,1133247,49344,45667,821,46488,381
2021-01-08,Del Norte,015,27424,841,795,2,797,2
2021-01-08,El Dorado,017,186661,7493,6690,466,7156,36
2021-01-08,Fresno,019,978130,80185,73689,6054,79743,771
2021-01-08,Glenn,021,27897,1851,1680,358,2038,9
2021-01-08,Humboldt,023,135768,2166,1988,7,1995,22
2021-01-08,Imperial,025,180216,24947,23751,2041,25792,446
2021-01-08,Inyo,027,18085,860,682,1,683,24
2021-01-08,Kern,029,883053,77395,71978,6913,78891,674
2021-01-08,Kings,031,150075,18431,17441,747,18188,108
2021-01-08,Lake,033,64148,2369,2098,0,2098,26
2021-01-08,Lassen,035,31185,4687,4598,68,4666,1
2021-01-08,Los Angeles,037,10098052,958906,871188,31339,902527,11796
2021-01-08,Madera,039,155013,12803,11846,607,12453,85
2021-01-08,Marin,041,260295,11076,10531,111,10642,153
2021-01-08,Mariposa,043,17540,315,273,2,275,3
2021-01-08,Mendocino,045,87422,2892,2634,39,2673,31
2021-01-08,Merced,047,269075,22492,20862,516,21378,236
2021-01-08,Modoc,049,8938,292,266,80,346,0
2021-01-08,Mono,051,14174,1025,951,10,961,3
2021-01-08,Monterey,053,433212,33659,31543,970,32513,224
2021-01-08,Napa,055,140530,7151,6544,24,6568,32
2021-01-08,Nevada,057,99092,3159,2888,115,3003,17
2021-01-08,Orange,059,3164182,201464,186608,8381,194989,1991
2021-01-08,Placer,061,380077,17073,15401,808,16209,161
2021-01-08,Plumas,063,18699,544,465,10,475,2
2021-01-08,Riverside,065,2383286,229748,212122,11267,223389,2184
2021-01-08,Sacramento,067,1510023,76618,73245,830,74075,939
2021-01-08,San Benito,069,59416,4574,4225,45,4270,33
2021-01-08,San Bernardino,071,2135413,243029,224267,7207,231474,1703
2021-01-08,San Diego,073,3302833,204781,185060,9410,194470,1771
2021-01-08,San Francisco,075,870044,27730,26378,350,26728,207
2021-01-08,San Joaquin,077,732212,54443,50990,2175,53165,710
2021-01-08,San Luis Obispo,079,281455,14745,13286,347,13633,119
2021-01-08,San Mateo,081,765935,31174,28072,168,28240,204
2021-01-08,Santa Barbara,083,443738,23191,20461,686,21147,189
2021-01-08,Santa Clara,085,1922200,87195,80561,373,80934,789
2021-01-08,Santa Cruz,087,273765,12008,10486,527,11013,106
2021-01-08,Shasta,089,179085,9335,8772,908,9680,81
2021-01-08,Sierra,091,2930,36,31,8,39,0
2021-01-08,Siskiyou,093,43540,1177,1027,163,1190,3
2021-01-08,Solano,095,438530,23805,21832,259,22091,100
2021-01-08,Sonoma,097,501317,22645,21178,123,21301,201
2021-01-08,Stanislaus,099,539301,40561,37858,4057,41915,566
2021-01-08,Sutter,101,95872,7374,6982,56,7038,68
2021-01-08,Tehama,103,63373,3621,3406,383,3789,15
2021-01-08,Trinity,105,12862,365,247,45,292,2
2021-01-08,Tulare,107,460477,39642,36946,5162,42108,491
2021-01-08,Tuolumne,109,53932,3209,3099,25,3124,19
2021-01-08,Ventura,111,848112,55688,50553,2025,52578,294
2021-01-08,Yolo,113,214977,10281,9391,99,9490,129
2021-01-08,Yuba,115,75493,4488,4195,45,4240,26
2021-01-07,Alameda,001,1643700,62724,57921,1327,59248,632
2021-01-07,Alpine,003,1148,72,70,0,70,0
2021-01-07,Amador,005,37829,2938,2740,24,2764,24
2021-01-07,Butte,007,227075,9169,8278,1199,9477,112
2021-01-07,Calaveras,009,45235,1443,1342,6,1348,21
2021-01-07,Colusa,011,21464,1510,1420,138,1558,7
2021-01-07,Contra Costa,013,1133247,48565,44756,804,45560,376
2021-01-07,Del Norte,015,27424,839,791,2,793,2
2021-01-07,El Dorado,017,186661,7394,6545,452,6997,36
2021-01-07,Fresno,019,978130,79231,72557,5949,78506,765
2021-01-07,Glenn,021,27897,1835,1639,349,1988,9
2021-01-07,Humboldt,023,135768,2139,1954,7,1961,22
2021-01-07,Imperial,025,180216,24754,23608,1989,25597,431
2021-01-07,Inyo,027,18085,847,656,1,657,20
2021-01-07,Kern,029,883053,76541,70953,6760,77713,660
2021-01-07,Kings,031,150075,18303,17238,738,17976,108
2021-01-07,Lake,033,64148,2314,2054,0,2054,26
2021-01-07,Lassen,035,31185,4682,4581,66,4647,1
2021-01-07,Los Angeles,037,10098052,944049,853187,30776,883963,11480
2021-01-07,Madera,039,155013,12647,11644,595,12239,76
2021-01-07,Marin,041,260295,10984,10364,109,10473,153
2021-01-07,Mariposa,043,17540,313,264,2,266,3
2021-01-07,Mendocino,045,87422,2837,2585,35,2620,30
2021-01-07,Merced,047,269075,22171,20510,501,21011,234
2021-01-07,Modoc,049,8938,292,265,80,345,0
2021-01-07,Mono,051,14174,1014,905,10,915,3
2021-01-07,Monterey,053,433212,33133,30903,947,31850,222
2021-01-07,Napa,055,140530,7041,6408,24,6432,32
2021-01-07,Nevada,057,99092,3125,2847,110,2957,17
2021-01-07,Orange,059,3164182,198628,181922,8278,190200,1974
2021-01-07,Placer,061,380077,16887,15155,778,15933,144
2021-01-07,Plumas,063,18699,542,454,10,464,2
2021-01-07,Riverside,065,2383286,226390,208177,11104,219281,2156
2021-01-07,Sacramento,067,1510023,75714,72342,809,73151,919
2021-01-07,San Benito,069,59416,4512,4112,41,4153,33
2021-01-07,San Bernardino,071,2135413,239490,219691,7122,226813,1666
2021-01-07,San Diego,073,3302833,201476,180510,9231,189741,1738
2021-01-07,San Francisco,075,870044,27395,25885,333,26218,202
2021-01-07,San Joaquin,077,732212,53758,50156,2143,52299,689
2021-01-07,San Luis Obispo,079,281455,14506,12810,334,13144,118
2021-01-07,San Mateo,081,765935,30664,27494,164,27658,201
2021-01-07,Santa Barbara,083,443738,22773,19931,672,20603,187
2021-01-07,Santa Clara,085,1922200,85976,78808,369,79177,775
2021-01-07,Santa Cruz,087,273765,11799,10228,520,10748,104
2021-01-07,Shasta,089,179085,9248,8612,900,9512,81
2021-01-07,Sierra,091,2930,36,31,8,39,0
2021-01-07,Siskiyou,093,43540,1172,1010,161,1171,3
2021-01-07,Solano,095,438530,23413,21384,255,21639,100
2021-01-07,Sonoma,097,501317,22382,20857,122,20979,200
2021-01-07,Stanislaus,099,539301,40136,37296,4004,41300,553
2021-01-07,Sutter,101,95872,7315,6890,55,6945,65
2021-01-07,Tehama,103,63373,3597,3330,376,3706,15
2021-01-07,Trinity,105,12862,365,247,45,292,2
2021-01-07,Tulare,107,460477,39239,36397,5023,41420,482
2021-01-07,Tuolumne,109,53932,3189,3068,24,3092,14
2021-01-07,Ventura,111,848112,54528,49083,1996,51079,288
2021-01-07,Yolo,113,214977,10143,9207,97,9304,128
2021-01-07,Yuba,115,75493,4446,4128,45,4173,25
2021-01-06,Alameda,001,1643700,61878,57081,1297,58378,616
2021-01-06,Alpine,003,1148,72,70,0,70,0
2021-01-06,Amador,005,37829,2917,2717,23,2740,24
2021-01-06,Butte,007,227075,9057,8147,1180,9327,110
2021-01-06,Calaveras,009,45235,1419,1321,6,1327,21
2021-01-06,Colusa,011,21464,1490,1385,132,1517,7
2021-01-06,Contra Costa,013,1133247,47761,44054,786,44840,358
2021-01-06,Del Norte,015,27424,833,780,2,782,2
2021-01-06,El Dorado,017,186661,7283,6397,439,6836,35
2021-01-06,Fresno,019,978130,78391,71404,5846,77250,752
2021-01-06,Glenn,021,27897,1811,1622,343,1965,9
2021-01-06,Humboldt,023,135768,2113,1912,7,1919,22
2021-01-06,Imperial,025,180216,24503,23400,1947,25347,431
2021-01-06,Inyo,027,18085,831,630,1,631,20
2021-01-06,Kern,029,883053,75601,69893,6624,76517,646
2021-01-06,Kings,031,150075,18109,17019,715,17734,108
2021-01-06,Lake,033,64148,2276,2033,0,2033,26
2021-01-06,Lassen,035,31185,4670,4560,62,4622,1
2021-01-06,Los Angeles,037,10098052,928153,835052,30052,865104,11285
2021-01-06,Madera,039,155013,12511,11407,589,11996,67
2021-01-06,Marin,041,260295,10856,10282,108,10390,153
2021-01-06,Mariposa,043,17540,310,259,2,261,3
2021-01-06,Mendocino,045,87422,2807,2561,35,2596,30
2021-01-06,Merced,047,269075,21830,20258,485,20743,232
2021-01-06,Modoc,049,8938,292,263,80,343,0
2021-01-06,Mono,051,14174,983,905,10,915,3
2021-01-06,Monterey,053,433212,32540,30387,911,31298,222
2021-01-06,Napa,055,140530,6911,6342,24,6366,32
2021-01-06,Nevada,057,99092,3105,2805,110,2915,15
2021-01-06,Orange,059,3164182,195183,177686,8134,185820,1935
2021-01-06,Placer,061,380077,16706,14940,759,15699,134
2021-01-06,Plumas,063,18699,534,445,10,455,2
2021-01-06,Riverside,065,2383286,222407,203714,10905,214619,2121
2021-01-06,Sacramento,067,1510023,74693,71572,792,72364,909
2021-01-06,San Benito,069,59416,4435,4031,40,4071,32
2021-01-06,San Bernardino,071,2135413,235782,215286,7007,222293,1634
2021-01-06,San Diego,073,3302833,197981,176660,9062,185722,1691
2021-01-06,San Francisco,075,870044,27023,25424,323,25747,199
2021-01-06,San Joaquin,077,732212,52996,49286,2099,51385,673
2021-01-06,San Luis Obispo,079,281455,14114,12305,327,12632,115
2021-01-06,San Mateo,081,765935,30240,27050,161,27211,200
2021-01-06,Santa Barbara,083,443738,22293,19453,660,20113,177
2021-01-06,Santa Clara,085,1922200,84571,77485,362,77847,746
2021-01-06,Santa Cruz,087,273765,11581,9954,500,10454,97
2021-01-06,Shasta,089,179085,9177,8482,893,9375,78
2021-01-06,Sierra,091,2930,35,31,8,39,0
2021-01-06,Siskiyou,093,43540,1160,998,157,1155,3
2021-01-06,Solano,095,438530,23026,21102,252,21354,99
2021-01-06,Sonoma,097,501317,22077,20558,122,20680,196
2021-01-06,Stanislaus,099,539301,39540,36751,3941,40692,553
2021-01-06,Sutter,101,95872,7233,6839,54,6893,59
2021-01-06,Tehama,103,63373,3570,3306,370,3676,15
2021-01-06,Trinity,105,12862,365,246,45,291,2
2021-01-06,Tulare,107,460477,38679,35882,4922,40804,465
2021-01-06,Tuolumne,109,53932,3169,3008,24,3032,14
2021-01-06,Ventura,111,848112,53284,47428,1971,49399,280
2021-01-06,Yolo,113,214977,9982,9083,94,9177,127
2021-01-06,Yuba,115,75493,4399,4097,45,4142,25
2021-01-05,Alameda,001,1643700,60759,56432,1261,57693,602
2021-01-05,Alpine,003,1148,72,70,0,70,0
2021-01-05,Amador,005,37829,2877,2695,23,2718,24
2021-01-05,Butte,007,227075,8918,8008,1153,9161,107
2021-01-05,Calaveras,009,45235,1373,1292,6,1298,21
2021-01-05,Colusa,011,21464,1465,1376,126,1502,7
2021-01-05,Contra Costa,013,1133247,46881,43442,775,44217,353
2021-01-05,Del Norte,015,27424,826,770,2,772,2
2021-01-05,El Dorado,017,186661,7165,6270,418,6688,32
2021-01-05,Fresno,019,978130,77171,70971,5751,76722,741
2021-01-05,Glenn,021,27897,1786,1608,331,1939,9
2021-01-05,Humboldt,023,135768,2076,1884,7,1891,22
2021-01-05,Imperial,025,180216,24337,23165,1899,25064,421
2021-01-05,Inyo,027,18085,817,627,1,628,20
2021-01-05,Kern,029,883053,74530,68257,6478,74735,624
2021-01-05,Kings,031,150075,17911,16860,691,17551,108
2021-01-05,Lake,033,64148,2229,2015,0,2015,25
2021-01-05,Lassen,035,31185,4656,4554,58,4612,1
2021-01-05,Los Angeles,037,10098052,909483,823783,29360,853143,11028
2021-01-05,Madera,039,155013,12335,11359,576,11935,67
2021-01-05,Marin,041,260295,10705,10214,106,10320,151
2021-01-05,Mariposa,043,17540,304,257,2,259,3
2021-01-05,Mendocino,045,87422,2772,2501,35,2536,30
2021-01-05,Merced,047,269075,21480,20051,472,20523,230
2021-01-05,Modoc,049,8938,292,254,80,334,0
2021-01-05,Mono,051,14174,977,896,10,906,3
2021-01-05,Monterey,053,433212,31969,30045,873,30918,213
2021-01-05,Napa,055,140530,6824,6264,24,6288,29
2021-01-05,Nevada,057,99092,3077,2781,109,2890,15
2021-01-05,Orange,059,3164182,191544,174869,7937,182806,1918
2021-01-05,Placer,061,380077,16483,14723,735,15458,133
2021-01-05,Plumas,063,18699,527,428,10,438,2
2021-01-05,Riverside,065,2383286,218359,200439,10723,211162,2069
2021-01-05,Sacramento,067,1510023,73769,70677,764,71441,888
2021-01-05,San Benito,069,59416,4333,3961,38,3999,28
2021-01-05,San Bernardino,071,2135413,231856,212522,6888,219410,1615
2021-01-05,San Diego,073,3302833,193842,172845,8853,181698,1654
2021-01-05,San Francisco,075,870044,26659,24989,304,25293,196
2021-01-05,San Joaquin,077,732212,52122,48969,2047,51016,663
2021-01-05,San Luis Obispo,079,281455,13714,12027,317,12344,106
2021-01-05,San Mateo,081,765935,29756,26486,159,26645,198
2021-01-05,Santa Barbara,083,443738,21860,19063,649,19712,172
2021-01-05,Santa Clara,085,1922200,83034,76355,348,76703,729
2021-01-05,Santa Cruz,087,273765,11309,9753,475,10228,93
2021-01-05,Shasta,089,179085,9071,8345,873,9218,73
2021-01-05,Sierra,091,2930,35,31,8,39,0
2021-01-05,Siskiyou,093,43540,1148,985,155,1140,3
2021-01-05,Solano,095,438530,22619,20860,247,21107,97
2021-01-05,Sonoma,097,501317,21713,20247,121,20368,194
2021-01-05,Stanislaus,099,539301,38996,36363,3893,40256,553
2021-01-05,Sutter,101,95872,7135,6769,53,6822,59
2021-01-05,Tehama,103,63373,3513,3255,365,3620,9
2021-01-05,Trinity,105,12862,365,246,45,291,2
2021-01-05,Tulare,107,460477,38064,35585,4769,40354,455
2021-01-05,Tuolumne,109,53932,3145,2996,19,3015,13
2021-01-05,Ventura,111,848112,52037,46456,1948,48404,264
2021-01-05,Yolo,113,214977,9808,8980,93,9073,127
2021-01-05,Yuba,115,75493,4342,4053,44,4097,21
2021-01-04,Alameda,001,1643700,59524,55899,1227,57126,583
2021-01-04,Alpine,003,1148,72,68,0,68,0
2021-01-04,Amador,005,37829,2837,2596,23,2619,24
2021-01-04,Butte,007,227075,8760,7893,1129,9022,105
2021-01-04,Calaveras,009,45235,1332,1276,5,1281,21
2021-01-04,Colusa,011,21464,1440,1368,112,1480,7
2021-01-04,Contra Costa,013,1133247,46030,43019,749,43768,353
2021-01-04,Del Norte,015,27424,817,770,2,772,2
2021-01-04,El Dorado,017,186661,7031,6152,402,6554,27
2021-01-04,Fresno,019,978130,75908,69871,5650,75521,726
2021-01-04,Glenn,021,27897,1755,1590,323,1913,9
2021-01-04,Humboldt,023,135768,2040,1845,7,1852,22
2021-01-04,Imperial,025,180216,24186,23035,1845,24880,420
2021-01-04,Inyo,027,18085,790,623,1,624,20
2021-01-04,Kern,029,883053,73454,67418,6272,73690,623
2021-01-04,Kings,031,150075,17640,16801,664,17465,108
2021-01-04,Lake,033,64148,2187,1984,0,1984,25
2021-01-04,Lassen,035,31185,4634,4550,57,4607,1
2021-01-04,Los Angeles,037,10098052,889446,813022,28445,841467,10790
2021-01-04,Madera,039,155013,12114,11204,554,11758,67
2021-01-04,Marin,041,260295,10569,10115,103,10218,151
2021-01-04,Mariposa,043,17540,298,253,2,255,3
2021-01-04,Mendocino,045,87422,2732,2460,31,2491,28
2021-01-04,Merced,047,269075,21066,19804,453,20257,230
2021-01-04,Modoc,049,8938,276,250,78,328,0
2021-01-04,Mono,051,14174,966,895,10,905,3
2021-01-04,Monterey,053,433212,31325,29659,850,30509,212
2021-01-04,Napa,055,140530,6683,6187,24,6211,29
2021-01-04,Nevada,057,99092,3040,2765,104,2869,15
2021-01-04,Orange,059,3164182,187662,172458,7804,180262,1918
2021-01-04,Placer,061,380077,16228,14622,721,15343,133
2021-01-04,Plumas,063,18699,517,419,10,429,1
2021-01-04,Riverside,065,2383286,213893,196809,10523,207332,2066
2021-01-04,Sacramento,067,1510023,72704,70164,754,70918,870
2021-01-04,San Benito,069,59416,4221,3914,38,3952,28
2021-01-04,San Bernardino,071,2135413,227650,210868,6723,217591,1615
2021-01-04,San Diego,073,3302833,189274,171031,8659,179690,1598
2021-01-04,San Francisco,075,870044,26276,24753,297,25050,191
2021-01-04,San Joaquin,077,732212,51222,48644,2004,50648,661
2021-01-04,San Luis Obispo,079,281455,13227,11945,309,12254,96
2021-01-04,San Mateo,081,765935,29194,26150,154,26304,198
2021-01-04,Santa Barbara,083,443738,21344,18735,616,19351,165
2021-01-04,Santa Clara,085,1922200,81282,75297,341,75638,727
2021-01-04,Santa Cruz,087,273765,11022,9680,458,10138,85
2021-01-04,Shasta,089,179085,8966,8224,857,9081,72
2021-01-04,Sierra,091,2930,34,30,8,38,0
2021-01-04,Siskiyou,093,43540,1132,980,150,1130,3
2021-01-04,Solano,095,438530,22115,20588,240,20828,97
2021-01-04,Sonoma,097,501317,21370,20210,120,20330,194
2021-01-04,Stanislaus,099,539301,38433,36141,3835,39976,553
2021-01-04,Sutter,101,95872,7037,6712,52,6764,56
2021-01-04,Tehama,103,63373,3440,3190,359,3549,9
2021-01-04,Trinity,105,12862,362,245,45,290,2
2021-01-04,Tulare,107,460477,37507,35060,4664,39724,455
2021-01-04,Tuolumne,109,53932,3120,2987,19,3006,13
2021-01-04,Ventura,111,848112,50537,45014,1929,46943,255
2021-01-04,Yolo,113,214977,9611,8834,87,8921,121
2021-01-04,Yuba,115,75493,4283,4023,44,4067,21
2021-01-03,Alameda,001,1643700,58283,55082,1197,56279,580
2021-01-03,Alpine,003,1148,70,68,0,68,0
2021-01-03,Amador,005,37829,2773,2565,23,2588,24
2021-01-03,Butte,007,227075,8570,7837,1074,8911,105
2021-01-03,Calaveras,009,45235,1295,1249,3,1252,21
2021-01-03,Colusa,011,21464,1411,1337,106,1443,7
2021-01-03,Contra Costa,013,1133247,45141,42432,724,43156,352
2021-01-03,Del Norte,015,27424,804,768,2,770,2
2021-01-03,El Dorado,017,186661,6903,6034,385,6419,27
2021-01-03,Fresno,019,978130,74764,69326,5524,74850,719
2021-01-03,Glenn,021,27897,1730,1581,312,1893,9
2021-01-03,Humboldt,023,135768,2003,1833,7,1840,21
2021-01-03,Imperial,025,180216,23936,22951,1759,24710,419
2021-01-03,Inyo,027,18085,773,615,1,616,20
2021-01-03,Kern,029,883053,72201,66895,6089,72984,609
2021-01-03,Kings,031,150075,17373,16593,630,17223,108
2021-01-03,Lake,033,64148,2134,1976,0,1976,24
2021-01-03,Lassen,035,31185,4601,4531,56,4587,1
2021-01-03,Los Angeles,037,10098052,867536,792168,27340,819508,10633
2021-01-03,Madera,039,155013,11889,11152,530,11682,67
2021-01-03,Marin,041,260295,10420,10034,98,10132,150
2021-01-03,Mariposa,043,17540,291,248,2,250,3
2021-01-03,Mendocino,045,87422,2692,2445,30,2475,24
2021-01-03,Merced,047,269075,20598,19600,427,20027,230
2021-01-03,Modoc,049,8938,272,245,77,322,0
2021-01-03,Mono,051,14174,941,893,10,903,3
2021-01-03,Monterey,053,433212,30737,29357,813,30170,191
2021-01-03,Napa,055,140530,6582,6094,24,6118,29
2021-01-03,Nevada,057,99092,2981,2742,101,2843,15
2021-01-03,Orange,059,3164182,183488,169881,7608,177489,1919
2021-01-03,Placer,061,380077,15982,14319,696,15015,133
2021-01-03,Plumas,063,18699,504,416,10,426,1
2021-01-03,Riverside,065,2383286,209113,195048,10263,205311,2005
2021-01-03,Sacramento,067,1510023,71500,68558,732,69290,859
2021-01-03,San Benito,069,59416,4123,3882,37,3919,28
2021-01-03,San Bernardino,071,2135413,222390,208294,6543,214837,1592
2021-01-03,San Diego,073,3302833,184019,168018,8436,176454,1592
2021-01-03,San Francisco,075,870044,25779,24588,279,24867,193
2021-01-03,San Joaquin,077,732212,50106,47899,1941,49840,661
2021-01-03,San Luis Obispo,079,281455,12758,11636,299,11935,95
2021-01-03,San Mateo,081,765935,28601,25770,148,25918,196
2021-01-03,Santa Barbara,083,443738,20627,18267,599,18866,164
2021-01-03,Santa Clara,085,1922200,79731,74534,335,74869,720
2021-01-03,Santa Cruz,087,273765,10722,9528,439,9967,84
2021-01-03,Shasta,089,179085,8841,8192,815,9007,72
2021-01-03,Sierra,091,2930,34,30,8,38,0
2021-01-03,Siskiyou,093,43540,1099,976,141,1117,3
2021-01-03,Solano,095,438530,21582,20105,235,20340,97
2021-01-03,Sonoma,097,501317,20979,19982,116,20098,193
2021-01-03,Stanislaus,099,539301,37745,35762,3752,39514,553
2021-01-03,Sutter,101,95872,6940,6664,51,6715,53
2021-01-03,Tehama,103,63373,3383,3176,350,3526,9
2021-01-03,Trinity,105,12862,359,243,44,287,2
2021-01-03,Tulare,107,460477,36953,34747,4510,39257,455
2021-01-03,Tuolumne,109,53932,3059,2978,16,2994,13
2021-01-03,Ventura,111,848112,48713,43748,1911,45659,254
2021-01-03,Yolo,113,214977,9453,8674,83,8757,121
2021-01-03,Yuba,115,75493,4229,3966,43,4009,20
2021-01-02,Alameda,001,1643700,57658,54518,1167,55685,581
2021-01-02,Alpine,003,1148,70,68,0,68,0
2021-01-02,Amador,005,37829,2754,2540,23,2563,24
2021-01-02,Butte,007,227075,8464,7750,1053,8803,105
2021-01-02,Calaveras,009,45235,1275,1230,3,1233,21
2021-01-02,Colusa,011,21464,1401,1332,105,1437,7
2021-01-02,Contra Costa,013,1133247,44619,41993,712,42705,352
2021-01-02,Del Norte,015,27424,802,764,2,766,2
2021-01-02,El Dorado,017,186661,6848,5959,381,6340,27
2021-01-02,Fresno,019,978130,74229,68740,5409,74149,717
2021-01-02,Glenn,021,27897,1715,1546,310,1856,9
2021-01-02,Humboldt,023,135768,1979,1815,7,1822,21
2021-01-02,Imperial,025,180216,23858,22867,1719,24586,420
2021-01-02,Inyo,027,18085,760,609,1,610,20
2021-01-02,Kern,029,883053,71486,66457,5979,72436,610
2021-01-02,Kings,031,150075,17281,16515,626,17141,108
2021-01-02,Lake,033,64148,2097,1925,0,1925,24
2021-01-02,Lassen,035,31185,4590,4457,55,4512,1
2021-01-02,Los Angeles,037,10098052,859259,791892,26603,818495,10633
2021-01-02,Madera,039,155013,11779,11039,518,11557,67
2021-01-02,Marin,041,260295,10375,9924,95,10019,151
2021-01-02,Mariposa,043,17540,284,243,2,245,3
2021-01-02,Mendocino,045,87422,2649,2428,29,2457,24
2021-01-02,Merced,047,269075,20457,19395,411,19806,230
2021-01-02,Modoc,049,8938,271,245,77,322,0
2021-01-02,Mono,051,14174,931,884,10,894,3
2021-01-02,Monterey,053,433212,30530,28991,802,29793,191
2021-01-02,Napa,055,140530,6523,5994,24,6018,29
2021-01-02,Nevada,057,99092,2954,2706,97,2803,15
2021-01-02,Orange,059,3164182,181304,168457,7454,175911,1918
2021-01-02,Placer,061,380077,15809,14182,686,14868,133
2021-01-02,Plumas,063,18699,501,413,10,423,1
2021-01-02,Riverside,065,2383286,206540,192069,10034,202103,2008
2021-01-02,Sacramento,067,1510023,70861,67810,717,68527,858
2021-01-02,San Benito,069,59416,4041,3829,37,3866,28
2021-01-02,San Bernardino,071,2135413,220783,206939,6410,213349,1597
2021-01-02,San Diego,073,3302833,181426,164498,8247,172745,1592
2021-01-02,San Francisco,075,870044,25519,24414,272,24686,194
2021-01-02,San Joaquin,077,732212,49740,47310,1909,49219,662
2021-01-02,San Luis Obispo,079,281455,12623,11467,294,11761,95
2021-01-02,San Mateo,081,765935,28266,25483,140,25623,196
2021-01-02,Santa Barbara,083,443738,20342,18135,596,18731,164
2021-01-02,Santa Clara,085,1922200,78562,73662,328,73990,720
2021-01-02,Santa Cruz,087,273765,10571,9340,430,9770,85
2021-01-02,Shasta,089,179085,8775,8154,803,8957,72
2021-01-02,Sierra,091,2930,34,28,8,36,0
2021-01-02,Siskiyou,093,43540,1088,949,139,1088,3
2021-01-02,Solano,095,438530,21385,19805,225,20030,97
2021-01-02,Sonoma,097,501317,20821,19761,116,19877,194
2021-01-02,Stanislaus,099,539301,37433,35431,3683,39114,553
2021-01-02,Sutter,101,95872,6885,6621,51,6672,53
2021-01-02,Tehama,103,63373,3358,3146,346,3492,9
2021-01-02,Trinity,105,12862,356,243,44,287,2
2021-01-02,Tulare,107,460477,36639,34479,4433,38912,455
2021-01-02,Tuolumne,109,53932,3045,2942,14,2956,13
2021-01-02,Ventura,111,848112,47563,43397,1876,45273,254
2021-01-02,Yolo,113,214977,9357,8571,81,8652,122
2021-01-02,Yuba,115,75493,4192,3930,42,3972,21
2021-01-01,Alameda,001,1643700,57000,53518,1150,54668,579
2021-01-01,Alpine,003,1148,70,68,0,68,0
2021-01-01,Amador,005,37829,2728,2513,21,2534,24
2021-01-01,Butte,007,227075,8363,7589,1028,8617,105
2021-01-01,Calaveras,009,45235,1260,1186,3,1189,21
2021-01-01,Colusa,011,21464,1392,1314,103,1417,7
2021-01-01,Contra Costa,013,1133247,44144,41412,690,42102,351
2021-01-01,Del Norte,015,27424,796,758,2,760,2
2021-01-01,El Dorado,017,186661,6759,5832,370,6202,27
2021-01-01,Fresno,019,978130,73159,67484,5321,72805,717
2021-01-01,Glenn,021,27897,1699,1520,307,1827,9
2021-01-01,Humboldt,023,135768,1941,1783,7,1790,21
2021-01-01,Imperial,025,180216,23773,22715,1666,24381,418
2021-01-01,Inyo,027,18085,736,606,1,607,20
2021-01-01,Kern,029,883053,70663,65571,5867,71438,609
2021-01-01,Kings,031,150075,17098,16358,620,16978,108
2021-01-01,Lake,033,64148,2066,1888,0,1888,24
2021-01-01,Lassen,035,31185,4584,4377,55,4432,1
2021-01-01,Los Angeles,037,10098052,845131,775578,25874,801452,10515
2021-01-01,Madera,039,155013,11620,10752,509,11261,66
2021-01-01,Marin,041,260295,10268,9821,95,9916,148
2021-01-01,Mariposa,043,17540,276,236,2,238,3
2021-01-01,Mendocino,045,87422,2595,2400,29,2429,24
2021-01-01,Merced,047,269075,20273,19118,395,19513,229
2021-01-01,Modoc,049,8938,271,241,77,318,0
2021-01-01,Mono,051,14174,913,884,10,894,3
2021-01-01,Monterey,053,433212,30298,28465,794,29259,191
2021-01-01,Napa,055,140530,6437,5899,24,5923,28
2021-01-01,Nevada,057,99092,2930,2663,97,2760,15
2021-01-01,Orange,059,3164182,178518,165440,7303,172743,1893
2021-01-01,Placer,061,380077,15630,13987,668,14655,133
2021-01-01,Plumas,063,18699,496,412,10,422,1
2021-01-01,Riverside,065,2383286,203435,188674,9761,198435,1990
2021-01-01,Sacramento,067,1510023,70265,66956,699,67655,848
2021-01-01,San Benito,069,59416,4004,3773,37,3810,28
2021-01-01,San Bernardino,071,2135413,217964,203651,6271,209922,1590
2021-01-01,San Diego,073,3302833,178365,160071,8072,168143,1592
2021-01-01,San Francisco,075,870044,25246,24145,260,24405,187
2021-01-01,San Joaquin,077,732212,49456,46640,1862,48502,657
2021-01-01,San Luis Obispo,079,281455,12399,11160,286,11446,94
2021-01-01,San Mateo,081,765935,27818,25041,136,25177,194
2021-01-01,Santa Barbara,083,443738,20023,17759,586,18345,164
2021-01-01,Santa Clara,085,1922200,77296,71904,323,72227,680
2021-01-01,Santa Cruz,087,273765,10393,9146,418,9564,84
2021-01-01,Shasta,089,179085,8694,8102,786,8888,72
2021-01-01,Sierra,091,2930,34,26,8,34,0
2021-01-01,Siskiyou,093,43540,1074,944,134,1078,3
2021-01-01,Solano,095,438530,21172,19393,223,19616,97
2021-01-01,Sonoma,097,501317,20632,19513,116,19629,189
2021-01-01,Stanislaus,099,539301,37157,34978,3614,38592,553
2021-01-01,Sutter,101,95872,6828,6553,50,6603,52
2021-01-01,Tehama,103,63373,3302,3079,337,3416,9
2021-01-01,Trinity,105,12862,356,243,44,287,2
2021-01-01,Tulare,107,460477,36236,33994,4335,38329,454
2021-01-01,Tuolumne,109,53932,3029,2909,14,2923,13
2021-01-01,Ventura,111,848112,46070,42026,1848,43874,253
2021-01-01,Yolo,113,214977,9247,8461,78,8539,120
2021-01-01,Yuba,115,75493,4137,3845,41,3886,19
2020-12-31,Alameda,001,1643700,56462,52475,1118,53593,579
2020-12-31,Alpine,003,1148,70,66,0,66,0
2020-12-31,Amador,005,37829,2714,2493,21,2514,24
2020-12-31,Butte,007,227075,8289,7405,1009,8414,105
2020-12-31,Calaveras,009,45235,1249,1161,3,1164,21
2020-12-31,Colusa,011,21464,1384,1301,100,1401,7
2020-12-31,Contra Costa,013,1133247,43771,40512,675,41187,336
2020-12-31,Del Norte,015,27424,795,748,2,750,2
2020-12-31,El Dorado,017,186661,6707,5662,361,6023,26
2020-12-31,Fresno,019,978130,72735,66442,5257,71699,711
2020-12-31,Glenn,021,27897,1679,1484,302,1786,9
2020-12-31,Humboldt,023,135768,1924,1713,7,1720,21
2020-12-31,Imperial,025,180216,23709,22494,1649,24143,417
2020-12-31,Inyo,027,18085,728,591,1,592,20
2020-12-31,Kern,029,883053,70198,64904,5772,70676,609
2020-12-31,Kings,031,150075,17023,16077,612,16689,108
2020-12-31,Lake,033,64148,2054,1848,0,1848,23
2020-12-31,Lassen,035,31185,4578,4340,54,4394,1
2020-12-31,Los Angeles,037,10098052,839850,755844,25378,781222,10320
2020-12-31,Madera,039,155013,11551,10609,498,11107,64
2020-12-31,Marin,041,260295,10226,9731,94,9825,148
2020-12-31,Mariposa,043,17540,274,217,2,219,3
2020-12-31,Mendocino,045,87422,2580,2367,25,2392,24
2020-12-31,Merced,047,269075,20185,18808,385,19193,226
2020-12-31,Modoc,049,8938,271,238,77,315,0
2020-12-31,Mono,051,14174,906,868,10,878,3
2020-12-31,Monterey,053,433212,30100,27720,782,28502,188
2020-12-31,Napa,055,140530,6374,5801,24,5825,28
2020-12-31,Nevada,057,99092,2907,2619,95,2714,15
2020-12-31,Orange,059,3164182,176638,161586,7167,168753,1866
2020-12-31,Placer,061,380077,15481,13708,665,14373,126
2020-12-31,Plumas,063,18699,491,401,9,410,1
2020-12-31,Riverside,065,2383286,201816,184193,9624,193817,1958
2020-12-31,Sacramento,067,1510023,69746,65817,688,66505,830
2020-12-31,San Benito,069,59416,3981,3673,37,3710,28
2020-12-31,San Bernardino,071,2135413,216392,199115,6200,205315,1586
2020-12-31,San Diego,073,3302833,176603,155593,7979,163572,1534
2020-12-31,San Francisco,075,870044,25019,23740,252,23992,183
2020-12-31,San Joaquin,077,732212,49152,45764,1822,47586,646
2020-12-31,San Luis Obispo,079,281455,12288,10846,286,11132,89
2020-12-31,San Mateo,081,765935,27488,24570,130,24700,192
2020-12-31,Santa Barbara,083,443738,19781,17434,579,18013,161
2020-12-31,Santa Clara,085,1922200,76529,70032,318,70350,665
2020-12-31,Santa Cruz,087,273765,10277,8909,405,9314,84
2020-12-31,Shasta,089,179085,8629,7996,776,8772,69
2020-12-31,Sierra,091,2930,34,26,8,34,0
2020-12-31,Siskiyou,093,43540,1058,940,131,1071,3
2020-12-31,Solano,095,438530,20944,18942,222,19164,97
2020-12-31,Sonoma,097,501317,20516,19129,115,19244,188
2020-12-31,Stanislaus,099,539301,36861,34398,3559,37957,552
2020-12-31,Sutter,101,95872,6798,6432,50,6482,51
2020-12-31,Tehama,103,63373,3271,3036,336,3372,9
2020-12-31,Trinity,105,12862,355,241,44,285,2
2020-12-31,Tulare,107,460477,36073,33412,4271,37683,446
2020-12-31,Tuolumne,109,53932,3020,2902,14,2916,12
2020-12-31,Ventura,111,848112,45563,40854,1830,42684,251
2020-12-31,Yolo,113,214977,9162,8295,77,8372,117
2020-12-31,Yuba,115,75493,4098,3799,40,3839,18
2020-12-30,Alameda,001,1643700,55700,50158,1067,51225,573
2020-12-30,Alpine,003,1148,70,66,0,66,0
2020-12-30,Amador,005,37829,2694,2418,20,2438,24
2020-12-30,Butte,007,227075,8129,7140,992,8132,103
2020-12-30,Calaveras,009,45235,1224,1135,3,1138,21
2020-12-30,Colusa,011,21464,1368,1289,94,1383,7
2020-12-30,Contra Costa,013,1133247,43184,39601,663,40264,337
2020-12-30,Del Norte,015,27424,790,726,2,728,2
2020-12-30,El Dorado,017,186661,6608,5595,349,5944,27
2020-12-30,Fresno,019,978130,71894,65566,5093,70659,711
2020-12-30,Glenn,021,27897,1650,1471,289,1760,9
2020-12-30,Humboldt,023,135768,1890,1654,7,1661,22
2020-12-30,Imperial,025,180216,23542,22098,1571,23669,412
2020-12-30,Inyo,027,18085,721,572,1,573,20
2020-12-30,Kern,029,883053,69477,63292,5621,68913,604
2020-12-30,Kings,031,150075,16904,15862,604,16466,108
2020-12-30,Lake,033,64148,2031,1731,0,1731,23
2020-12-30,Lassen,035,31185,4569,4300,54,4354,1
2020-12-30,Los Angeles,037,10098052,829009,741907,24646,766553,10046
2020-12-30,Madera,039,155013,11442,10249,487,10736,65
2020-12-30,Marin,041,260295,10137,9569,87,9656,148
2020-12-30,Mariposa,043,17540,270,214,2,216,3
2020-12-30,Mendocino,045,87422,2562,2291,22,2313,24
2020-12-30,Merced,047,269075,19892,18519,375,18894,225
2020-12-30,Modoc,049,8938,268,234,77,311,0
2020-12-30,Mono,051,14174,903,868,10,878,3
2020-12-30,Monterey,053,433212,29483,26977,759,27736,186
2020-12-30,Napa,055,140530,6268,5754,24,5778,28
2020-12-30,Nevada,057,99092,2872,2595,93,2688,15
2020-12-30,Orange,059,3164182,173981,153951,6973,160924,1863
2020-12-30,Placer,061,380077,15253,13540,653,14193,127
2020-12-30,Plumas,063,18699,486,397,9,406,1
2020-12-30,Riverside,065,2383286,198878,176402,9429,185831,1919
2020-12-30,Sacramento,067,1510023,68882,64119,670,64789,847
2020-12-30,San Benito,069,59416,3900,3464,33,3497,29
2020-12-30,San Bernardino,071,2135413,213817,192648,6112,198760,1591
2020-12-30,San Diego,073,3302833,172970,152510,7804,160314,1472
2020-12-30,San Francisco,075,870044,24727,23099,247,23346,182
2020-12-30,San Joaquin,077,732212,48463,44465,1780,46245,634
2020-12-30,San Luis Obispo,079,281455,12020,10542,278,10820,89
2020-12-30,San Mateo,081,765935,27058,24150,126,24276,190
2020-12-30,Santa Barbara,083,443738,19390,16895,555,17450,161
2020-12-30,Santa Clara,085,1922200,75261,67218,314,67532,661
2020-12-30,Santa Cruz,087,273765,10083,8787,395,9182,86
2020-12-30,Shasta,089,179085,8516,7818,762,8580,69
2020-12-30,Sierra,091,2930,34,25,8,33,0
2020-12-30,Siskiyou,093,43540,1051,913,122,1035,3
2020-12-30,Solano,095,438530,20548,18300,219,18519,96
2020-12-30,Sonoma,097,501317,20258,18947,115,19062,191
2020-12-30,Stanislaus,099,539301,36382,33730,3484,37214,526
2020-12-30,Sutter,101,95872,6736,6328,48,6376,51
2020-12-30,Tehama,103,63373,3227,2969,332,3301,9
2020-12-30,Trinity,105,12862,354,231,43,274,2
2020-12-30,Tulare,107,460477,35519,32413,4204,36617,430
2020-12-30,Tuolumne,109,53932,3007,2772,12,2784,12
2020-12-30,Ventura,111,848112,44275,39039,1805,40844,251
2020-12-30,Yolo,113,214977,9055,8067,74,8141,117
2020-12-30,Yuba,115,75493,4028,3612,40,3652,18
2020-12-29,Alameda,001,1643700,54639,50946,1030,51976,552
2020-12-29,Alpine,003,1148,70,65,0,65,0
2020-12-29,Amador,005,37829,2642,2388,19,2407,23
2020-12-29,Butte,007,227075,7958,7178,968,8146,98
2020-12-29,Calaveras,009,45235,1179,1111,2,1113,21
2020-12-29,Colusa,011,21464,1347,1272,89,1361,7
2020-12-29,Contra Costa,013,1133247,42380,39225,632,39857,325
2020-12-29,Del Norte,015,27424,783,724,2,726,2
2020-12-29,El Dorado,017,186661,6480,5551,334,5885,22
2020-12-29,Fresno,019,978130,70524,65149,4933,70082,688
2020-12-29,Glenn,021,27897,1616,1454,282,1736,9
2020-12-29,Humboldt,023,135768,1844,1616,7,1623,19
2020-12-29,Imperial,025,180216,23333,22105,1481,23586,407
2020-12-29,Inyo,027,18085,704,571,1,572,19
2020-12-29,Kern,029,883053,68318,63096,5443,68539,589
2020-12-29,Kings,031,150075,16735,15777,592,16369,108
2020-12-29,Lake,033,64148,1999,1805,0,1805,22
2020-12-29,Lassen,035,31185,4554,4288,54,4342,1
2020-12-29,Los Angeles,037,10098052,808880,731907,23741,755648,9786
2020-12-29,Madera,039,155013,11128,10251,471,10722,64
2020-12-29,Marin,041,260295,9985,9595,84,9679,146
2020-12-29,Mariposa,043,17540,262,212,2,214,3
2020-12-29,Mendocino,045,87422,2519,2249,21,2270,24
2020-12-29,Merced,047,269075,19542,18464,360,18824,221
2020-12-29,Modoc,049,8938,265,232,77,309,0
2020-12-29,Mono,051,14174,894,868,10,878,3
2020-12-29,Monterey,053,433212,28846,26894,731,27625,185
2020-12-29,Napa,055,140530,6148,5663,24,5687,28
2020-12-29,Nevada,057,99092,2824,2550,92,2642,15
2020-12-29,Orange,059,3164182,170193,154411,6799,161210,1839
2020-12-29,Placer,061,380077,15046,13392,630,14022,126
2020-12-29,Plumas,063,18699,477,395,9,404,1
2020-12-29,Riverside,065,2383286,194290,177624,9164,186788,1904
2020-12-29,Sacramento,067,1510023,67838,65078,656,65734,820
2020-12-29,San Benito,069,59416,3781,3474,32,3506,25
2020-12-29,San Bernardino,071,2135413,208999,190476,5971,196447,1557
2020-12-29,San Diego,073,3302833,168748,150062,7573,157635,1435
2020-12-29,San Francisco,075,870044,24388,22996,238,23234,178
2020-12-29,San Joaquin,077,732212,47545,44699,1722,46421,622
2020-12-29,San Luis Obispo,079,281455,11725,10387,270,10657,80
2020-12-29,San Mateo,081,765935,26516,23773,113,23886,189
2020-12-29,Santa Barbara,083,443738,18928,16797,529,17326,155
2020-12-29,Santa Clara,085,1922200,73714,67581,311,67892,621
2020-12-29,Santa Cruz,087,273765,9813,8492,386,8878,84
2020-12-29,Shasta,089,179085,8411,7782,747,8529,65
2020-12-29,Sierra,091,2930,32,24,7,31,0
2020-12-29,Siskiyou,093,43540,1036,926,120,1046,3
2020-12-29,Solano,095,438530,20167,18412,214,18626,96
2020-12-29,Sonoma,097,501317,19922,18790,113,18903,187
2020-12-29,Stanislaus,099,539301,35884,33775,3419,37194,508
2020-12-29,Sutter,101,95872,6668,6302,48,6350,50
2020-12-29,Tehama,103,63373,3159,2962,317,3279,9
2020-12-29,Trinity,105,12862,354,241,43,284,2
2020-12-29,Tulare,107,460477,34861,32545,4062,36607,419
2020-12-29,Tuolumne,109,53932,2965,2797,12,2809,12
2020-12-29,Ventura,111,848112,43023,38669,1777,40446,235
2020-12-29,Yolo,113,214977,8926,8124,72,8196,111
2020-12-29,Yuba,115,75493,3947,3723,40,3763,18
2020-12-28,Alameda,001,1643700,53603,50405,1008,51413,551
2020-12-28,Alpine,003,1148,69,65,0,65,0
2020-12-28,Amador,005,37829,2572,2255,19,2274,23
2020-12-28,Butte,007,227075,7791,7053,938,7991,86
2020-12-28,Calaveras,009,45235,1156,1102,2,1104,21
2020-12-28,Colusa,011,21464,1323,1255,74,1329,7
2020-12-28,Contra Costa,013,1133247,41448,38872,605,39477,324
2020-12-28,Del Norte,015,27424,773,718,2,720,2
2020-12-28,El Dorado,017,186661,6324,5441,322,5763,18
2020-12-28,Fresno,019,978130,69258,64274,4776,69050,679
2020-12-28,Glenn,021,27897,1582,1435,270,1705,9
2020-12-28,Humboldt,023,135768,1809,1579,7,1586,19
2020-12-28,Imperial,025,180216,23074,22003,1404,23407,405
2020-12-28,Inyo,027,18085,697,569,1,570,19
2020-12-28,Kern,029,883053,67256,62392,5235,67627,579
2020-12-28,Kings,031,150075,16519,15733,574,16307,108
2020-12-28,Lake,033,64148,1958,1785,0,1785,22
2020-12-28,Lassen,035,31185,4447,4284,53,4337,1
2020-12-28,Los Angeles,037,10098052,786594,720699,22891,743590,9544
2020-12-28,Madera,039,155013,10954,10123,448,10571,64
2020-12-28,Marin,041,260295,9878,9546,77,9623,145
2020-12-28,Mariposa,043,17540,238,211,2,213,3
2020-12-28,Mendocino,045,87422,2484,2214,21,2235,23
2020-12-28,Merced,047,269075,19221,18245,342,18587,213
2020-12-28,Modoc,049,8938,260,220,76,296,0
2020-12-28,Mono,051,14174,890,848,10,858,3
2020-12-28,Monterey,053,433212,28007,26529,718,27247,182
2020-12-28,Napa,055,140530,6039,5576,24,5600,26
2020-12-28,Nevada,057,99092,2777,2532,87,2619,15
2020-12-28,Orange,059,3164182,166092,152089,6616,158705,1839
2020-12-28,Placer,061,380077,14710,13234,602,13836,126
2020-12-28,Plumas,063,18699,473,391,9,400,0
2020-12-28,Riverside,065,2383286,189419,174029,8856,182885,1855
2020-12-28,Sacramento,067,1510023,66607,64322,631,64953,813
2020-12-28,San Benito,069,59416,3711,3429,31,3460,24
2020-12-28,San Bernardino,071,2135413,203899,188919,5852,194771,1552
2020-12-28,San Diego,073,3302833,164006,147528,7390,154918,1404
2020-12-28,San Francisco,075,870044,24027,22726,232,22958,178
2020-12-28,San Joaquin,077,732212,46611,44172,1690,45862,618
2020-12-28,San Luis Obispo,079,281455,11375,10260,265,10525,76
2020-12-28,San Mateo,081,765935,26042,23467,110,23577,189
2020-12-28,Santa Barbara,083,443738,18470,16579,515,17094,155
2020-12-28,Santa Clara,085,1922200,72227,66418,304,66722,619
2020-12-28,Santa Cruz,087,273765,9545,8310,376,8686,81
2020-12-28,Shasta,089,179085,8292,7688,734,8422,65
2020-12-28,Sierra,091,2930,29,24,7,31,0
2020-12-28,Siskiyou,093,43540,1021,915,114,1029,3
2020-12-28,Solano,095,438530,19595,18171,208,18379,96
2020-12-28,Sonoma,097,501317,19576,18667,111,18778,185
2020-12-28,Stanislaus,099,539301,35338,33473,3353,36826,507
2020-12-28,Sutter,101,95872,6585,6253,48,6301,49
2020-12-28,Tehama,103,63373,3106,2934,308,3242,9
2020-12-28,Trinity,105,12862,352,240,43,283,2
2020-12-28,Tulare,107,460477,34179,32010,3948,35958,404
2020-12-28,Tuolumne,109,53932,2950,2777,12,2789,12
2020-12-28,Ventura,111,848112,41355,37151,1727,38878,230
2020-12-28,Yolo,113,214977,8771,8031,71,8102,111
2020-12-28,Yuba,115,75493,3885,3679,39,3718,18
2020-12-27,Alameda,001,1643700,52363,49764,979,50743,551
2020-12-27,Alpine,003,1148,67,65,0,65,0
2020-12-27,Amador,005,37829,2451,2218,19,2237,23
2020-12-27,Butte,007,227075,7637,7016,901,7917,86
2020-12-27,Calaveras,009,45235,1109,1097,2,1099,21
2020-12-27,Colusa,011,21464,1298,1253,71,1324,7
2020-12-27,Contra Costa,013,1133247,40525,38428,575,39003,324
2020-12-27,Del Norte,015,27424,750,712,2,714,2
2020-12-27,El Dorado,017,186661,6111,5388,296,5684,18
2020-12-27,Fresno,019,978130,68015,63811,4561,68372,679
2020-12-27,Glenn,021,27897,1556,1434,255,1689,9
2020-12-27,Humboldt,023,135768,1766,1575,7,1582,17
2020-12-27,Imperial,025,180216,22788,21934,1285,23219,405
2020-12-27,Inyo,027,18085,675,565,1,566,18
2020-12-27,Kern,029,883053,65985,61914,5063,66977,568
2020-12-27,Kings,031,150075,16283,15593,538,16131,108
2020-12-27,Lake,033,64148,1902,1769,0,1769,22
2020-12-27,Lassen,035,31185,4370,4230,46,4276,1
2020-12-27,Los Angeles,037,10098052,765177,707260,21949,729209,9476
2020-12-27,Madera,039,155013,10696,10005,438,10443,64
2020-12-27,Marin,041,260295,9756,9477,71,9548,144
2020-12-27,Mariposa,043,17540,231,208,2,210,3
2020-12-27,Mendocino,045,87422,2437,2209,21,2230,23
2020-12-27,Merced,047,269075,18854,18075,326,18401,213
2020-12-27,Modoc,049,8938,251,221,72,293,0
2020-12-27,Mono,051,14174,871,849,10,859,3
2020-12-27,Monterey,053,433212,27462,26322,701,27023,181
2020-12-27,Napa,055,140530,5904,5496,24,5520,26
2020-12-27,Nevada,057,99092,2741,2519,87,2606,15
2020-12-27,Orange,059,3164182,161705,149276,6422,155698,1839
2020-12-27,Placer,061,380077,14412,13017,569,13586,126
2020-12-27,Plumas,063,18699,467,390,9,399,0
2020-12-27,Riverside,065,2383286,184528,171995,8538,180533,1836
2020-12-27,Sacramento,067,1510023,65406,63416,606,64022,811
2020-12-27,San Benito,069,59416,3625,3394,31,3425,24
2020-12-27,San Bernardino,071,2135413,198837,186776,5705,192481,1551
2020-12-27,San Diego,073,3302833,159601,145777,7203,152980,1402
2020-12-27,San Francisco,075,870044,23678,22514,223,22737,178
2020-12-27,San Joaquin,077,732212,45573,43529,1639,45168,618
2020-12-27,San Luis Obispo,079,281455,10968,10154,260,10414,76
2020-12-27,San Mateo,081,765935,25476,23136,106,23242,187
2020-12-27,Santa Barbara,083,443738,17952,16364,486,16850,155
2020-12-27,Santa Clara,085,1922200,70608,65288,298,65586,619
2020-12-27,Santa Cruz,087,273765,9277,8234,367,8601,81
2020-12-27,Shasta,089,179085,8169,7671,710,8381,65
2020-12-27,Sierra,091,2930,29,24,6,30,0
2020-12-27,Siskiyou,093,43540,1010,914,109,1023,3
2020-12-27,Solano,095,438530,19101,17840,202,18042,96
2020-12-27,Sonoma,097,501317,19287,18487,110,18597,185
2020-12-27,Stanislaus,099,539301,34738,33076,3257,36333,506
2020-12-27,Sutter,101,95872,6503,6218,46,6264,48
2020-12-27,Tehama,103,63373,3037,2922,291,3213,9
2020-12-27,Trinity,105,12862,347,240,41,281,2
2020-12-27,Tulare,107,460477,33584,31864,3825,35689,400
2020-12-27,Tuolumne,109,53932,2843,2750,10,2760,12
2020-12-27,Ventura,111,848112,40295,36661,1672,38333,230
2020-12-27,Yolo,113,214977,8580,7919,65,7984,111
2020-12-27,Yuba,115,75493,3822,3665,37,3702,18
2020-12-26,Alameda,001,1643700,51753,49084,966,50050,551
2020-12-26,Alpine,003,1148,67,65,0,65,0
2020-12-26,Amador,005,37829,2437,2189,19,2208,23
2020-12-26,Butte,007,227075,7542,6968,879,7847,86
2020-12-26,Calaveras,009,45235,1103,1084,2,1086,21
2020-12-26,Colusa,011,21464,1288,1240,71,1311,7
2020-12-26,Contra Costa,013,1133247,40063,38008,561,38569,324
2020-12-26,Del Norte,015,27424,744,709,2,711,2
2020-12-26,El Dorado,017,186661,6056,5279,292,5571,18
2020-12-26,Fresno,019,978130,67548,63080,4496,67576,679
2020-12-26,Glenn,021,27897,1535,1413,249,1662,9
2020-12-26,Humboldt,023,135768,1728,1545,7,1552,17
2020-12-26,Imperial,025,180216,22699,21734,1232,22966,405
2020-12-26,Inyo,027,18085,662,554,1,555,18
2020-12-26,Kern,029,883053,65320,61174,4903,66077,564
2020-12-26,Kings,031,150075,16165,15517,533,16050,108
2020-12-26,Lake,033,64148,1859,1710,0,1710,22
2020-12-26,Lassen,035,31185,4349,3981,46,4027,1
2020-12-26,Los Angeles,037,10098052,756677,694149,21412,715561,9424
2020-12-26,Madera,039,155013,10622,9908,424,10332,64
2020-12-26,Marin,041,260295,9720,9413,70,9483,143
2020-12-26,Mariposa,043,17540,230,206,2,208,3
2020-12-26,Mendocino,045,87422,2391,2194,21,2215,23
2020-12-26,Merced,047,269075,18696,17890,321,18211,213
2020-12-26,Modoc,049,8938,248,222,72,294,0
2020-12-26,Mono,051,14174,865,850,10,860,3
2020-12-26,Monterey,053,433212,27329,26010,692,26702,182
2020-12-26,Napa,055,140530,5846,5427,24,5451,26
2020-12-26,Nevada,057,99092,2713,2480,87,2567,15
2020-12-26,Orange,059,3164182,159512,147304,6325,153629,1838
2020-12-26,Placer,061,380077,14244,12816,553,13369,122
2020-12-26,Plumas,063,18699,464,381,9,390,0
2020-12-26,Riverside,065,2383286,182051,169360,8372,177732,1834
2020-12-26,Sacramento,067,1510023,64783,62435,596,63031,807
2020-12-26,San Benito,069,59416,3552,3330,31,3361,24
2020-12-26,San Bernardino,071,2135413,197190,185111,5618,190729,1551
2020-12-26,San Diego,073,3302833,157078,142644,7056,149700,1402
2020-12-26,San Francisco,075,870044,23444,22319,222,22541,177
2020-12-26,San Joaquin,077,732212,45186,42887,1590,44477,618
2020-12-26,San Luis Obispo,079,281455,10882,9945,254,10199,76
2020-12-26,San Mateo,081,765935,25138,22908,100,23008,187
2020-12-26,Santa Barbara,083,443738,17715,16159,480,16639,155
2020-12-26,Santa Clara,085,1922200,69545,64185,295,64480,618
2020-12-26,Santa Cruz,087,273765,9153,8113,357,8470,81
2020-12-26,Shasta,089,179085,8110,7641,697,8338,65
2020-12-26,Sierra,091,2930,29,24,6,30,0
2020-12-26,Siskiyou,093,43540,1004,909,104,1013,2
2020-12-26,Solano,095,438530,18861,17528,202,17730,96
2020-12-26,Sonoma,097,501317,19087,18261,108,18369,184
2020-12-26,Stanislaus,099,539301,34447,32678,3206,35884,505
2020-12-26,Sutter,101,95872,6444,6121,46,6167,48
2020-12-26,Tehama,103,63373,3010,2884,286,3170,9
2020-12-26,Trinity,105,12862,345,237,40,277,2
2020-12-26,Tulare,107,460477,33287,31665,3771,35436,398
2020-12-26,Tuolumne,109,53932,2832,2703,10,2713,12
2020-12-26,Ventura,111,848112,39331,36064,1637,37701,230
2020-12-26,Yolo,113,214977,8479,7785,62,7847,111
2020-12-26,Yuba,115,75493,3794,3599,37,3636,18
2020-12-25,Alameda,001,1643700,51192,48365,951,49316,542
2020-12-25,Alpine,003,1148,67,64,0,64,0
2020-12-25,Amador,005,37829,2394,2172,19,2191,23
2020-12-25,Butte,007,227075,7445,6873,858,7731,85
2020-12-25,Calaveras,009,45235,1100,1062,2,1064,21
2020-12-25,Colusa,011,21464,1276,1219,70,1289,7
2020-12-25,Contra Costa,013,1133247,39593,37480,534,38014,324
2020-12-25,Del Norte,015,27424,741,692,2,694,2
2020-12-25,El Dorado,017,186661,5992,5170,278,5448,16
2020-12-25,Fresno,019,978130,66689,62251,4408,66659,679
2020-12-25,Glenn,021,27897,1520,1390,241,1631,9
2020-12-25,Humboldt,023,135768,1690,1532,7,1539,16
2020-12-25,Imperial,025,180216,22609,21646,1220,22866,405
2020-12-25,Inyo,027,18085,653,546,1,547,18
2020-12-25,Kern,029,883053,64596,60417,4751,65168,562
2020-12-25,Kings,031,150075,16054,15460,529,15989,108
2020-12-25,Lake,033,64148,1839,1669,0,1669,20
2020-12-25,Lassen,035,31185,4334,3926,46,3972,1
2020-12-25,Los Angeles,037,10098052,743071,665600,20702,686302,9292
2020-12-25,Madera,039,155013,10454,9770,416,10186,64
2020-12-25,Marin,041,260295,9670,9375,67,9442,143
2020-12-25,Mariposa,043,17540,224,203,2,205,3
2020-12-25,Mendocino,045,87422,2349,2176,21,2197,23
2020-12-25,Merced,047,269075,18535,17726,314,18040,213
2020-12-25,Modoc,049,8938,247,221,72,293,0
2020-12-25,Mono,051,14174,863,843,10,853,3
2020-12-25,Monterey,053,433212,27055,25788,683,26471,182
2020-12-25,Napa,055,140530,5766,5351,24,5375,26
2020-12-25,Nevada,057,99092,2687,2458,85,2543,15
2020-12-25,Orange,059,3164182,156834,144542,6126,150668,1814
2020-12-25,Placer,061,380077,14061,12660,530,13190,122
2020-12-25,Plumas,063,18699,457,381,9,390,0
2020-12-25,Riverside,065,2383286,178772,166690,8045,174735,1825
2020-12-25,Sacramento,067,1510023,64092,61630,569,62199,796
2020-12-25,San Benito,069,59416,3513,3281,29,3310,24
2020-12-25,San Bernardino,071,2135413,194549,181812,5498,187310,1546
2020-12-25,San Diego,073,3302833,154598,139958,6879,146837,1402
2020-12-25,San Francisco,075,870044,23167,22130,217,22347,175
2020-12-25,San Joaquin,077,732212,44881,42089,1532,43621,614
2020-12-25,San Luis Obispo,079,281455,10699,9749,247,9996,76
2020-12-25,San Mateo,081,765935,24815,22568,97,22665,187
2020-12-25,Santa Barbara,083,443738,17491,15936,472,16408,155
2020-12-25,Santa Clara,085,1922200,68430,63173,286,63459,612
2020-12-25,Santa Cruz,087,273765,9012,8018,333,8351,81
2020-12-25,Shasta,089,179085,8037,7612,674,8286,65
2020-12-25,Sierra,091,2930,29,24,5,29,0
2020-12-25,Siskiyou,093,43540,998,905,101,1006,2
2020-12-25,Solano,095,438530,18690,17280,200,17480,96
2020-12-25,Sonoma,097,501317,18911,18035,106,18141,184
2020-12-25,Stanislaus,099,539301,34156,32290,3157,35447,498
2020-12-25,Sutter,101,95872,6385,6051,45,6096,47
2020-12-25,Tehama,103,63373,2963,2839,272,3111,9
2020-12-25,Trinity,105,12862,342,236,40,276,2
2020-12-25,Tulare,107,460477,32903,31323,3702,35025,398
2020-12-25,Tuolumne,109,53932,2813,2674,10,2684,12
2020-12-25,Ventura,111,848112,38177,35514,1586,37100,230
2020-12-25,Yolo,113,214977,8382,7700,60,7760,111
2020-12-25,Yuba,115,75493,3758,3549,36,3585,17
2020-12-24,Alameda,001,1643700,50855,47527,930,48457,541
2020-12-24,Alpine,003,1148,67,64,0,64,0
2020-12-24,Amador,005,37829,2382,2145,19,2164,23
2020-12-24,Butte,007,227075,7407,6716,843,7559,84
2020-12-24,Calaveras,009,45235,1097,1032,2,1034,21
2020-12-24,Colusa,011,21464,1271,1188,69,1257,7
2020-12-24,Contra Costa,013,1133247,39348,36623,522,37145,311
2020-12-24,Del Norte,015,27424,741,678,2,680,2
2020-12-24,El Dorado,017,186661,5966,5042,270,5312,16
2020-12-24,Fresno,019,978130,66465,61435,4394,65829,663
2020-12-24,Glenn,021,27897,1509,1363,233,1596,9
2020-12-24,Humboldt,023,135768,1667,1516,7,1523,16
2020-12-24,Imperial,025,180216,22560,21545,1211,22756,402
2020-12-24,Inyo,027,18085,651,532,1,533,17
2020-12-24,Kern,029,883053,64309,59601,4738,64339,556
2020-12-24,Kings,031,150075,16014,15211,528,15739,108
2020-12-24,Lake,033,64148,1824,1629,0,1629,20
2020-12-24,Lassen,035,31185,4321,3894,46,3940,1
2020-12-24,Los Angeles,037,10098052,738923,664840,20433,685273,9288
2020-12-24,Madera,039,155013,10416,9547,409,9956,63
2020-12-24,Marin,041,260295,9637,9287,67,9354,143
2020-12-24,Mariposa,043,17540,220,197,2,199,3
2020-12-24,Mendocino,045,87422,2339,2150,21,2171,23
2020-12-24,Merced,047,269075,18464,17485,310,17795,212
2020-12-24,Modoc,049,8938,247,220,71,291,0
2020-12-24,Mono,051,14174,861,817,10,827,3
2020-12-24,Monterey,053,433212,26947,25131,676,25807,180
2020-12-24,Napa,055,140530,5712,5265,24,5289,26
2020-12-24,Nevada,057,99092,2663,2429,85,2514,15
2020-12-24,Orange,059,3164182,155357,141205,6074,147279,1775
2020-12-24,Placer,061,380077,13975,12457,523,12980,121
2020-12-24,Plumas,063,18699,454,376,9,385,0
2020-12-24,Riverside,065,2383286,177842,162435,8006,170441,1816
2020-12-24,Sacramento,067,1510023,63818,60596,567,61163,788
2020-12-24,San Benito,069,59416,3483,3183,29,3212,24
2020-12-24,San Bernardino,071,2135413,193536,176866,5463,182329,1533
2020-12-24,San Diego,073,3302833,153516,136952,6847,143799,1382
2020-12-24,San Francisco,075,870044,23000,21830,214,22044,175
2020-12-24,San Joaquin,077,732212,44721,41324,1513,42837,611
2020-12-24,San Luis Obispo,079,281455,10631,9504,245,9749,77
2020-12-24,San Mateo,081,765935,24618,22093,97,22190,186
2020-12-24,Santa Barbara,083,443738,17387,15644,464,16108,153
2020-12-24,Santa Clara,085,1922200,67828,61742,279,62021,591
2020-12-24,Santa Cruz,087,273765,8941,7856,321,8177,82
2020-12-24,Shasta,089,179085,7997,7540,656,8196,65
2020-12-24,Sierra,091,2930,27,23,2,25,0
2020-12-24,Siskiyou,093,43540,994,900,94,994,2
2020-12-24,Solano,095,438530,18549,16872,195,17067,96
2020-12-24,Sonoma,097,501317,18813,17710,106,17816,183
2020-12-24,Stanislaus,099,539301,33962,31848,3132,34980,498
2020-12-24,Sutter,101,95872,6344,5960,44,6004,47
2020-12-24,Tehama,103,63373,2947,2779,271,3050,9
2020-12-24,Trinity,105,12862,341,235,40,275,2
2020-12-24,Tulare,107,460477,32788,30827,3675,34502,390
2020-12-24,Tuolumne,109,53932,2805,2653,10,2663,12
2020-12-24,Ventura,111,848112,37899,34400,1579,35979,224
2020-12-24,Yolo,113,214977,8340,7566,60,7626,113
2020-12-24,Yuba,115,75493,3733,3483,36,3519,16
2020-12-23,Alameda,001,1643700,50287,46753,902,47655,537
2020-12-23,Alpine,003,1148,67,64,0,64,0
2020-12-23,Amador,005,37829,2313,2108,18,2126,23
2020-12-23,Butte,007,227075,7321,6588,815,7403,84
2020-12-23,Calaveras,009,45235,1089,1002,1,1003,21
2020-12-23,Colusa,011,21464,1260,1167,69,1236,7
2020-12-23,Contra Costa,013,1133247,38951,36190,508,36698,311
2020-12-23,Del Norte,015,27424,734,670,2,672,2
2020-12-23,El Dorado,017,186661,5892,4967,261,5228,14
2020-12-23,Fresno,019,978130,65857,60488,4326,64814,654
2020-12-23,Glenn,021,27897,1495,1349,229,1578,9
2020-12-23,Humboldt,023,135768,1642,1458,7,1465,16
2020-12-23,Imperial,025,180216,22466,21323,1181,22504,399
2020-12-23,Inyo,027,18085,639,517,1,518,17
2020-12-23,Kern,029,883053,63797,58656,4639,63295,549
2020-12-23,Kings,031,150075,15936,14923,525,15448,105
2020-12-23,Lake,033,64148,1810,1595,0,1595,20
2020-12-23,Lassen,035,31185,4311,3865,43,3908,1
2020-12-23,Los Angeles,037,10098052,729928,651958,19861,671819,9146
2020-12-23,Madera,039,155013,10257,9371,395,9766,63
2020-12-23,Marin,041,260295,9579,9199,64,9263,142
2020-12-23,Mariposa,043,17540,218,194,2,196,3
2020-12-23,Mendocino,045,87422,2327,2121,21,2142,23
2020-12-23,Merced,047,269075,18308,17250,303,17553,203
2020-12-23,Modoc,049,8938,243,197,70,267,0
2020-12-23,Mono,051,14174,859,814,10,824,3
2020-12-23,Monterey,053,433212,26648,24856,670,25526,176
2020-12-23,Napa,055,140530,5644,5172,24,5196,25
2020-12-23,Nevada,057,99092,2618,2406,84,2490,15
2020-12-23,Orange,059,3164182,152910,138050,5902,143952,1771
2020-12-23,Placer,061,380077,13767,12213,515,12728,111
2020-12-23,Plumas,063,18699,447,369,9,378,0
2020-12-23,Riverside,065,2383286,175584,158110,7839,165949,1790
2020-12-23,Sacramento,067,1510023,63171,59661,552,60213,779
2020-12-23,San Benito,069,59416,3429,3073,27,3100,24
2020-12-23,San Bernardino,071,2135413,191510,172888,5394,178282,1509
2020-12-23,San Diego,073,3302833,151094,134695,6710,141405,1350
2020-12-23,San Francisco,075,870044,22777,21498,211,21709,174
2020-12-23,San Joaquin,077,732212,44197,35664,1470,37134,602
2020-12-23,San Luis Obispo,079,281455,10489,9267,239,9506,74
2020-12-23,San Mateo,081,765935,24316,21780,95,21875,186
2020-12-23,Santa Barbara,083,443738,17180,15399,434,15833,152
2020-12-23,Santa Clara,085,1922200,66924,60455,274,60729,579
2020-12-23,Santa Cruz,087,273765,8781,7637,303,7940,75
2020-12-23,Shasta,089,179085,7924,7487,649,8136,66
2020-12-23,Sierra,091,2930,27,23,0,23,0
2020-12-23,Siskiyou,093,43540,974,891,91,982,2
2020-12-23,Solano,095,438530,18342,16626,190,16816,95
2020-12-23,Sonoma,097,501317,18609,17397,106,17503,182
2020-12-23,Stanislaus,099,539301,33619,31492,3076,34568,499
2020-12-23,Sutter,101,95872,6278,5871,44,5915,46
2020-12-23,Tehama,103,63373,2930,2737,267,3004,9
2020-12-23,Trinity,105,12862,341,234,40,274,2
2020-12-23,Tulare,107,460477,32499,30315,3633,33948,385
2020-12-23,Tuolumne,109,53932,2765,2540,10,2550,12
2020-12-23,Ventura,111,848112,37510,33377,1545,34922,216
2020-12-23,Yolo,113,214977,8262,7508,58,7566,112
2020-12-23,Yuba,115,75493,3681,3438,36,3474,14
2020-12-22,Alameda,001,1643700,49400,45751,869,46620,534
2020-12-22,Alpine,003,1148,67,64,0,64,0
2020-12-22,Amador,005,37829,2302,1839,18,1857,23
2020-12-22,Butte,007,227075,7194,6467,799,7266,85
2020-12-22,Calaveras,009,45235,1062,988,0,988,21
2020-12-22,Colusa,011,21464,1237,1150,65,1215,7
2020-12-22,Contra Costa,013,1133247,38326,35681,495,36176,301
2020-12-22,Del Norte,015,27424,728,666,2,668,2
2020-12-22,El Dorado,017,186661,5771,4885,247,5132,12
2020-12-22,Fresno,019,978130,64831,59640,4213,63853,640
2020-12-22,Glenn,021,27897,1472,1337,218,1555,9
2020-12-22,Humboldt,023,135768,1608,1440,7,1447,16
2020-12-22,Imperial,025,180216,22278,21128,1137,22265,398
2020-12-22,Inyo,027,18085,618,506,1,507,17
2020-12-22,Kern,029,883053,62852,57816,4494,62310,547
2020-12-22,Kings,031,150075,15797,14855,518,15373,102
2020-12-22,Lake,033,64148,1786,1569,0,1569,20
2020-12-22,Lassen,035,31185,4169,3848,41,3889,1
2020-12-22,Los Angeles,037,10098052,712720,635931,19133,655064,9013
2020-12-22,Madera,039,155013,10140,9187,379,9566,63
2020-12-22,Marin,041,260295,9515,9115,63,9178,142
2020-12-22,Mariposa,043,17540,215,194,2,196,3
2020-12-22,Mendocino,045,87422,2294,2092,21,2113,23
2020-12-22,Merced,047,269075,18063,17012,298,17310,201
2020-12-22,Modoc,049,8938,235,182,69,251,0
2020-12-22,Mono,051,14174,849,786,10,796,3
2020-12-22,Monterey,053,433212,25983,24152,649,24801,176
2020-12-22,Napa,055,140530,5557,5059,24,5083,23
2020-12-22,Nevada,057,99092,2591,2367,83,2450,14
2020-12-22,Orange,059,3164182,149570,134850,5726,140576,1774
2020-12-22,Placer,061,380077,13526,11943,494,12437,105
2020-12-22,Plumas,063,18699,441,360,9,369,0
2020-12-22,Riverside,065,2383286,171787,155059,7557,162616,1777
2020-12-22,Sacramento,067,1510023,62244,57966,532,58498,772
2020-12-22,San Benito,069,59416,3351,2998,27,3025,24
2020-12-22,San Bernardino,071,2135413,186945,169266,5242,174508,1500
2020-12-22,San Diego,073,3302833,147741,132097,6549,138646,1311
2020-12-22,San Francisco,075,870044,22508,21232,207,21439,174
2020-12-22,San Joaquin,077,732212,43442,39423,1422,40845,592
2020-12-22,San Luis Obispo,079,281455,10145,9174,234,9408,69
2020-12-22,San Mateo,081,765935,23989,21382,79,21461,186
2020-12-22,Santa Barbara,083,443738,16919,15189,424,15613,150
2020-12-22,Santa Clara,085,1922200,65759,59192,267,59459,569
2020-12-22,Santa Cruz,087,273765,8603,7471,276,7747,72
2020-12-22,Shasta,089,179085,7845,7371,632,8003,64
2020-12-22,Sierra,091,2930,27,23,0,23,0
2020-12-22,Siskiyou,093,43540,968,880,89,969,2
2020-12-22,Solano,095,438530,17938,16229,187,16416,95
2020-12-22,Sonoma,097,501317,18291,17216,106,17322,180
2020-12-22,Stanislaus,099,539301,33242,30914,3001,33915,499
2020-12-22,Sutter,101,95872,6217,5791,43,5834,46
2020-12-22,Tehama,103,63373,2881,2688,259,2947,9
2020-12-22,Trinity,105,12862,341,231,40,271,2
2020-12-22,Tulare,107,460477,32037,30025,3561,33586,377
2020-12-22,Tuolumne,109,53932,2710,2526,10,2536,12
2020-12-22,Ventura,111,848112,36748,32488,1498,33986,213
2020-12-22,Yolo,113,214977,8149,7388,57,7445,113
2020-12-22,Yuba,115,75493,3631,3379,36,3415,14
2020-12-21,Alameda,001,1643700,48501,44756,841,45597,518
2020-12-21,Alpine,003,1148,66,64,0,64,0
2020-12-21,Amador,005,37829,2225,1815,18,1833,23
2020-12-21,Butte,007,227075,7039,6335,775,7110,81
2020-12-21,Calaveras,009,45235,1032,963,0,963,21
2020-12-21,Colusa,011,21464,1210,1135,60,1195,7
2020-12-21,Contra Costa,013,1133247,37578,35207,458,35665,300
2020-12-21,Del Norte,015,27424,713,660,2,662,2
2020-12-21,El Dorado,017,186661,5625,4805,233,5038,10
2020-12-21,Fresno,019,978130,63683,58568,4062,62630,634
2020-12-21,Glenn,021,27897,1440,1323,210,1533,9
2020-12-21,Humboldt,023,135768,1584,1419,7,1426,16
2020-12-21,Imperial,025,180216,22008,20994,1093,22087,395
2020-12-21,Inyo,027,18085,597,482,1,483,17
2020-12-21,Kern,029,883053,61964,56836,4354,61190,541
2020-12-21,Kings,031,150075,15548,14760,502,15262,100
2020-12-21,Lake,033,64148,1732,1538,0,1538,20
2020-12-21,Lassen,035,31185,4009,3798,39,3837,1
2020-12-21,Los Angeles,037,10098052,693692,624129,18416,642545,8918
2020-12-21,Madera,039,155013,9946,9069,359,9428,63
2020-12-21,Marin,041,260295,9446,9035,63,9098,142
2020-12-21,Mariposa,043,17540,210,186,2,188,3
2020-12-21,Mendocino,045,87422,2264,2066,20,2086,23
2020-12-21,Merced,047,269075,17815,16710,281,16991,198
2020-12-21,Modoc,049,8938,221,181,68,249,0
2020-12-21,Mono,051,14174,838,781,10,791,3
2020-12-21,Monterey,053,433212,25451,23673,635,24308,174
2020-12-21,Napa,055,140530,5469,4952,24,4976,23
2020-12-21,Nevada,057,99092,2558,2337,83,2420,13
2020-12-21,Orange,059,3164182,146168,130444,5567,136011,1772
2020-12-21,Placer,061,380077,13293,11715,474,12189,105
2020-12-21,Plumas,063,18699,437,353,9,362,0
2020-12-21,Riverside,065,2383286,167579,151713,7214,158927,1743
2020-12-21,Sacramento,067,1510023,61223,57064,515,57579,759
2020-12-21,San Benito,069,59416,3282,2921,27,2948,22
2020-12-21,San Bernardino,071,2135413,182177,165086,5070,170156,1476
2020-12-21,San Diego,073,3302833,144293,129716,6385,136101,1284
2020-12-21,San Francisco,075,870044,22225,21086,203,21289,174
2020-12-21,San Joaquin,077,732212,42649,38811,1369,40180,586
2020-12-21,San Luis Obispo,079,281455,9958,9006,229,9235,64
2020-12-21,San Mateo,081,765935,23584,21035,75,21110,185
2020-12-21,Santa Barbara,083,443738,16648,14988,419,15407,149
2020-12-21,Santa Clara,085,1922200,64567,57699,255,57954,570
2020-12-21,Santa Cruz,087,273765,8390,7315,262,7577,69
2020-12-21,Shasta,089,179085,7780,7299,622,7921,64
2020-12-21,Sierra,091,2930,24,23,0,23,0
2020-12-21,Siskiyou,093,43540,960,878,88,966,2
2020-12-21,Solano,095,438530,17467,15878,182,16060,95
2020-12-21,Sonoma,097,501317,18017,17075,102,17177,176
2020-12-21,Stanislaus,099,539301,32786,30437,2926,33363,499
2020-12-21,Sutter,101,95872,6121,5708,43,5751,46
2020-12-21,Tehama,103,63373,2813,2656,251,2907,9
2020-12-21,Trinity,105,12862,339,226,39,265,2
2020-12-21,Tulare,107,460477,31545,29482,3467,32949,373
2020-12-21,Tuolumne,109,53932,2685,2423,8,2431,12
2020-12-21,Ventura,111,848112,35667,31759,1461,33220,212
2020-12-21,Yolo,113,214977,8003,7266,53,7319,109
2020-12-21,Yuba,115,75493,3572,3329,36,3365,14
2020-12-20,Alameda,001,1643700,47618,44004,818,44822,516
2020-12-20,Alpine,003,1148,66,64,0,64,0
2020-12-20,Amador,005,37829,2167,1771,17,1788,23
2020-12-20,Butte,007,227075,6894,6228,738,6966,81
2020-12-20,Calaveras,009,45235,1008,926,0,926,21
2020-12-20,Colusa,011,21464,1183,1121,52,1173,7
2020-12-20,Contra Costa,013,1133247,36992,34798,439,35237,301
2020-12-20,Del Norte,015,27424,691,652,2,654,2
2020-12-20,El Dorado,017,186661,5499,4697,224,4921,10
2020-12-20,Fresno,019,978130,62701,57616,3919,61535,634
2020-12-20,Glenn,021,27897,1431,1295,203,1498,9
2020-12-20,Humboldt,023,135768,1547,1386,6,1392,15
2020-12-20,Imperial,025,180216,21766,20882,986,21868,395
2020-12-20,Inyo,027,18085,583,476,1,477,17
2020-12-20,Kern,029,883053,60867,55983,4196,60179,540
2020-12-20,Kings,031,150075,15330,14629,482,15111,100
2020-12-20,Lake,033,64148,1686,1463,0,1463,20
2020-12-20,Lassen,035,31185,3955,3669,37,3706,1
2020-12-20,Los Angeles,037,10098052,675675,612975,17638,630613,8862
2020-12-20,Madera,039,155013,9736,8871,350,9221,63
2020-12-20,Marin,041,260295,9349,8948,59,9007,142
2020-12-20,Mariposa,043,17540,209,179,2,181,3
2020-12-20,Mendocino,045,87422,2239,2033,20,2053,23
2020-12-20,Merced,047,269075,17498,16435,274,16709,198
2020-12-20,Modoc,049,8938,221,181,66,247,0
2020-12-20,Mono,051,14174,820,774,10,784,3
2020-12-20,Monterey,053,433212,24976,23250,591,23841,173
2020-12-20,Napa,055,140530,5347,4865,22,4887,23
2020-12-20,Nevada,057,99092,2512,2289,77,2366,13
2020-12-20,Orange,059,3164182,142678,128780,5414,134194,1763
2020-12-20,Placer,061,380077,13066,11496,455,11951,105
2020-12-20,Plumas,063,18699,429,347,9,356,0
2020-12-20,Riverside,065,2383286,163387,148714,6914,155628,1742
2020-12-20,Sacramento,067,1510023,60225,56017,495,56512,755
2020-12-20,San Benito,069,59416,3210,2885,26,2911,21
2020-12-20,San Bernardino,071,2135413,177213,162810,4907,167717,1458
2020-12-20,San Diego,073,3302833,140579,126465,6215,132680,1280
2020-12-20,San Francisco,075,870044,21911,20937,199,21136,174
2020-12-20,San Joaquin,077,732212,41814,38268,1304,39572,587
2020-12-20,San Luis Obispo,079,281455,9665,8881,222,9103,63
2020-12-20,San Mateo,081,765935,23150,20764,71,20835,185
2020-12-20,Santa Barbara,083,443738,16333,14817,398,15215,148
2020-12-20,Santa Clara,085,1922200,63164,56860,249,57109,566
2020-12-20,Santa Cruz,087,273765,8183,7178,249,7427,69
2020-12-20,Shasta,089,179085,7665,7256,608,7864,64
2020-12-20,Sierra,091,2930,24,22,0,22,0
2020-12-20,Siskiyou,093,43540,950,870,87,957,2
2020-12-20,Solano,095,438530,17088,15533,171,15704,95
2020-12-20,Sonoma,097,501317,17742,16802,101,16903,175
2020-12-20,Stanislaus,099,539301,32265,29995,2822,32817,498
2020-12-20,Sutter,101,95872,6034,5601,43,5644,43
2020-12-20,Tehama,103,63373,2765,2602,231,2833,9
2020-12-20,Trinity,105,12862,333,221,38,259,2
2020-12-20,Tulare,107,460477,31031,29078,3366,32444,373
2020-12-20,Tuolumne,109,53932,2573,2152,7,2159,12
2020-12-20,Ventura,111,848112,34965,31335,1426,32761,210
2020-12-20,Yolo,113,214977,7851,7121,50,7171,109
2020-12-20,Yuba,115,75493,3525,3254,34,3288,12
2020-12-19,Alameda,001,1643700,47175,43109,811,43920,516
2020-12-19,Alpine,003,1148,66,64,0,64,0
2020-12-19,Amador,005,37829,2143,1754,17,1771,23
2020-12-19,Butte,007,227075,6794,6118,714,6832,81
2020-12-19,Calaveras,009,45235,991,900,0,900,21
2020-12-19,Colusa,011,21464,1175,1096,50,1146,7
2020-12-19,Contra Costa,013,1133247,36682,34321,423,34744,301
2020-12-19,Del Norte,015,27424,689,641,1,642,2
2020-12-19,El Dorado,017,186661,5433,4588,215,4803,10
2020-12-19,Fresno,019,978130,62380,55428,3849,59277,634
2020-12-19,Glenn,021,27897,1396,1286,202,1488,9
2020-12-19,Humboldt,023,135768,1530,1357,6,1363,15
2020-12-19,Imperial,025,180216,21679,20711,936,21647,395
2020-12-19,Inyo,027,18085,576,475,1,476,17
2020-12-19,Kern,029,883053,60386,55118,4084,59202,540
2020-12-19,Kings,031,150075,15251,14474,480,14954,100
2020-12-19,Lake,033,64148,1652,1438,0,1438,20
2020-12-19,Lassen,035,31185,3927,3595,37,3632,1
2020-12-19,Los Angeles,037,10098052,668626,599888,17083,616971,8804
2020-12-19,Madera,039,155013,9644,8717,338,9055,63
2020-12-19,Marin,041,260295,9310,8864,59,8923,142
2020-12-19,Mariposa,043,17540,207,177,2,179,3
2020-12-19,Mendocino,045,87422,2214,2008,20,2028,23
2020-12-19,Merced,047,269075,17360,16230,265,16495,198
2020-12-19,Modoc,049,8938,218,181,66,247,0
2020-12-19,Mono,051,14174,816,766,10,776,3
2020-12-19,Monterey,053,433212,24865,22799,585,23384,172
2020-12-19,Napa,055,140530,5285,4772,22,4794,23
2020-12-19,Nevada,057,99092,2490,2260,77,2337,13
2020-12-19,Orange,059,3164182,140762,125574,5257,130831,1733
2020-12-19,Placer,061,380077,12912,11246,449,11695,105
2020-12-19,Plumas,063,18699,426,343,9,352,0
2020-12-19,Riverside,065,2383286,161413,146703,6672,153375,1737
2020-12-19,Sacramento,067,1510023,59693,55169,480,55649,746
2020-12-19,San Benito,069,59416,3164,2820,25,2845,21
2020-12-19,San Bernardino,071,2135413,175657,159883,4796,164679,1433
2020-12-19,San Diego,073,3302833,138813,122972,6076,129048,1280
2020-12-19,San Francisco,075,870044,21761,20643,198,20841,174
2020-12-19,San Joaquin,077,732212,41416,37340,1249,38589,586
2020-12-19,San Luis Obispo,079,281455,9594,8788,219,9007,63
2020-12-19,San Mateo,081,765935,22940,20393,64,20457,182
2020-12-19,Santa Barbara,083,443738,16178,14667,390,15057,148
2020-12-19,Santa Clara,085,1922200,62355,55540,244,55784,558
2020-12-19,Santa Cruz,087,273765,8081,7054,243,7297,68
2020-12-19,Shasta,089,179085,7612,7221,596,7817,63
2020-12-19,Sierra,091,2930,24,23,0,23,0
2020-12-19,Siskiyou,093,43540,947,853,86,939,2
2020-12-19,Solano,095,438530,16922,15204,167,15371,95
2020-12-19,Sonoma,097,501317,17634,16553,101,16654,175
2020-12-19,Stanislaus,099,539301,31947,29555,2749,32304,498
2020-12-19,Sutter,101,95872,5976,5506,43,5549,41
2020-12-19,Tehama,103,63373,2714,2574,228,2802,9
2020-12-19,Trinity,105,12862,333,219,38,257,2
2020-12-19,Tulare,107,460477,30812,28734,3298,32032,375
2020-12-19,Tuolumne,109,53932,2560,2107,7,2114,12
2020-12-19,Ventura,111,848112,34685,30843,1396,32239,209
2020-12-19,Yolo,113,214977,7782,7025,49,7074,109
2020-12-19,Yuba,115,75493,3493,3168,34,3202,11
2020-12-18,Alameda,001,1643700,46638,42196,794,42990,515
2020-12-18,Alpine,003,1148,66,64,0,64,0
2020-12-18,Amador,005,37829,2126,1727,15,1742,20
2020-12-18,Butte,007,227075,6710,5891,687,6578,81
2020-12-18,Calaveras,009,45235,981,870,0,870,21
2020-12-18,Colusa,011,21464,1166,1068,50,1118,7
2020-12-18,Contra Costa,013,1133247,36401,33610,409,34019,300
2020-12-18,Del Norte,015,27424,684,627,0,627,2
2020-12-18,El Dorado,017,186661,5372,4494,204,4698,10
2020-12-18,Fresno,019,978130,61554,52643,3785,56428,613
2020-12-18,Glenn,021,27897,1380,1264,196,1460,9
2020-12-18,Humboldt,023,135768,1515,1331,6,1337,15
2020-12-18,Imperial,025,180216,21601,20430,889,21319,393
2020-12-18,Inyo,027,18085,556,454,1,455,17
2020-12-18,Kern,029,883053,59728,54220,3999,58219,533
2020-12-18,Kings,031,150075,15125,14284,474,14758,98
2020-12-18,Lake,033,64148,1641,1397,0,1397,20
2020-12-18,Lassen,035,31185,3919,3486,37,3523,1
2020-12-18,Los Angeles,037,10098052,656523,586413,16560,602973,8744
2020-12-18,Madera,039,155013,9542,8609,333,8942,63
2020-12-18,Marin,041,260295,9226,8799,59,8858,142
2020-12-18,Mariposa,043,17540,204,176,2,178,3
2020-12-18,Mendocino,045,87422,2196,1977,20,1997,24
2020-12-18,Merced,047,269075,17279,15956,262,16218,195
2020-12-18,Modoc,049,8938,218,179,66,245,0
2020-12-18,Mono,051,14174,809,731,10,741,3
2020-12-18,Monterey,053,433212,24573,22336,579,22915,165
2020-12-18,Napa,055,140530,5237,4688,22,4710,23
2020-12-18,Nevada,057,99092,2473,2220,76,2296,13
2020-12-18,Orange,059,3164182,138333,121681,5098,126779,1725
2020-12-18,Placer,061,380077,12742,10995,440,11435,104
2020-12-18,Plumas,063,18699,420,336,9,345,0
2020-12-18,Riverside,065,2383286,158588,142375,6397,148772,1733
2020-12-18,Sacramento,067,1510023,59069,53980,462,54442,736
2020-12-18,San Benito,069,59416,3116,2744,25,2769,21
2020-12-18,San Bernardino,071,2135413,173361,154272,4659,158931,1430
2020-12-18,San Diego,073,3302833,136638,120463,5936,126399,1253
2020-12-18,San Francisco,075,870044,21594,20315,192,20507,173
2020-12-18,San Joaquin,077,732212,41059,36484,1216,37700,559
2020-12-18,San Luis Obispo,079,281455,9495,8598,214,8812,62
2020-12-18,San Mateo,081,765935,22626,19971,60,20031,182
2020-12-18,Santa Barbara,083,443738,16038,14361,377,14738,148
2020-12-18,Santa Clara,085,1922200,61487,53992,231,54223,539
2020-12-18,Santa Cruz,087,273765,7966,6838,235,7073,68
2020-12-18,Shasta,089,179085,7576,7114,584,7698,62
2020-12-18,Sierra,091,2930,24,23,0,23,0
2020-12-18,Siskiyou,093,43540,945,840,86,926,2
2020-12-18,Solano,095,438530,16770,14667,163,14830,95
2020-12-18,Sonoma,097,501317,17514,16261,101,16362,173
2020-12-18,Stanislaus,099,539301,31677,28967,2710,31677,490
2020-12-18,Sutter,101,95872,5892,5399,43,5442,39
2020-12-18,Tehama,103,63373,2697,2523,219,2742,9
2020-12-18,Trinity,105,12862,332,215,38,253,2
2020-12-18,Tulare,107,460477,30544,28322,3213,31535,370
2020-12-18,Tuolumne,109,53932,2549,2067,7,2074,12
2020-12-18,Ventura,111,848112,34183,29907,1352,31259,209
2020-12-18,Yolo,113,214977,7714,6901,48,6949,109
2020-12-18,Yuba,115,75493,3435,3097,34,3131,11
2020-12-17,Alameda,001,1643700,45837,41548,761,42309,508
2020-12-17,Alpine,003,1148,66,64,0,64,0
2020-12-17,Amador,005,37829,2078,1703,13,1716,19
2020-12-17,Butte,007,227075,6585,5746,668,6414,78
2020-12-17,Calaveras,009,45235,958,848,0,848,21
2020-12-17,Colusa,011,21464,1155,1053,48,1101,7
2020-12-17,Contra Costa,013,1133247,35881,33006,374,33380,293
2020-12-17,Del Norte,015,27424,679,583,0,583,1
2020-12-17,El Dorado,017,186661,5228,4327,191,4518,9
2020-12-17,Fresno,019,978130,60697,49918,3656,53574,597
2020-12-17,Glenn,021,27897,1356,1244,189,1433,9
2020-12-17,Humboldt,023,135768,1482,1322,6,1328,14
2020-12-17,Imperial,025,180216,21440,20208,814,21022,391
2020-12-17,Inyo,027,18085,538,450,1,451,16
2020-12-17,Kern,029,883053,58779,53683,3858,57541,526
2020-12-17,Kings,031,150075,15026,14057,458,14515,98
2020-12-17,Lake,033,64148,1616,1374,0,1374,20
2020-12-17,Lassen,035,31185,3883,3417,37,3454,1
2020-12-17,Los Angeles,037,10098052,640925,571093,15971,587064,8657
2020-12-17,Madera,039,155013,9427,8465,328,8793,62
2020-12-17,Marin,041,260295,9169,8721,56,8777,142
2020-12-17,Mariposa,043,17540,200,172,2,174,3
2020-12-17,Mendocino,045,87422,2162,1942,20,1962,23
2020-12-17,Merced,047,269075,17016,15648,254,15902,192
2020-12-17,Modoc,049,8938,215,179,66,245,0
2020-12-17,Mono,051,14174,799,718,10,728,3
2020-12-17,Monterey,053,433212,24054,21951,564,22515,163
2020-12-17,Napa,055,140530,5125,4612,22,4634,23
2020-12-17,Nevada,057,99092,2432,2173,73,2246,13
2020-12-17,Orange,059,3164182,134950,118367,4962,123329,1725
2020-12-17,Placer,061,380077,12468,10756,426,11182,99
2020-12-17,Plumas,063,18699,411,324,9,333,0
2020-12-17,Riverside,065,2383286,154731,139325,6173,145498,1696
2020-12-17,Sacramento,067,1510023,58165,53189,439,53628,721
2020-12-17,San Benito,069,59416,3047,2645,24,2669,20
2020-12-17,San Bernardino,071,2135413,169438,149838,4532,154370,1425
2020-12-17,San Diego,073,3302833,133844,116852,5781,122633,1239
2020-12-17,San Francisco,075,870044,21307,19939,187,20126,170
2020-12-17,San Joaquin,077,732212,40330,35894,1178,37072,554
2020-12-17,San Luis Obispo,079,281455,9375,8365,212,8577,59
2020-12-17,San Mateo,081,765935,22254,19647,60,19707,181
2020-12-17,Santa Barbara,083,443738,15804,14207,370,14577,147
2020-12-17,Santa Clara,085,1922200,60319,52559,224,52783,527
2020-12-17,Santa Cruz,087,273765,7811,6687,220,6907,64
2020-12-17,Shasta,089,179085,7498,7000,565,7565,62
2020-12-17,Sierra,091,2930,23,23,0,23,0
2020-12-17,Siskiyou,093,43540,938,827,85,912,2
2020-12-17,Solano,095,438530,16463,14361,161,14522,96
2020-12-17,Sonoma,097,501317,17242,15993,100,16093,171
2020-12-17,Stanislaus,099,539301,31254,28582,2649,31231,489
2020-12-17,Sutter,101,95872,5793,5309,42,5351,39
2020-12-17,Tehama,103,63373,2649,2480,213,2693,9
2020-12-17,Trinity,105,12862,328,213,38,251,2
2020-12-17,Tulare,107,460477,30151,27852,3132,30984,358
2020-12-17,Tuolumne,109,53932,2238,1992,7,1999,11
2020-12-17,Ventura,111,848112,33575,29404,1314,30718,208
2020-12-17,Yolo,113,214977,7590,6800,47,6847,105
2020-12-17,Yuba,115,75493,3376,3035,32,3067,12
2020-12-16,Alameda,001,1643700,44983,40751,733,41484,497
2020-12-16,Alpine,003,1148,66,64,0,64,0
2020-12-16,Amador,005,37829,2031,1693,12,1705,19
2020-12-16,Butte,007,227075,6396,5659,638,6297,76
2020-12-16,Calaveras,009,45235,923,821,0,821,21
2020-12-16,Colusa,011,21464,1142,1038,43,1081,7
2020-12-16,Contra Costa,013,1133247,35324,32429,352,32781,293
2020-12-16,Del Norte,015,27424,677,575,0,575,1
2020-12-16,El Dorado,017,186661,5107,4237,180,4417,9
2020-12-16,Fresno,019,978130,59742,49173,3553,52726,584
2020-12-16,Glenn,021,27897,1338,1236,178,1414,9
2020-12-16,Humboldt,023,135768,1450,1308,5,1313,12
2020-12-16,Imperial,025,180216,21260,19980,742,20722,388
2020-12-16,Inyo,027,18085,525,444,1,445,16
2020-12-16,Kern,029,883053,57904,52896,3721,56617,522
2020-12-16,Kings,031,150075,14847,13734,440,14174,99
2020-12-16,Lake,033,64148,1576,1363,0,1363,20
2020-12-16,Lassen,035,31185,3850,3396,36,3432,1
2020-12-16,Los Angeles,037,10098052,624439,557907,15265,573172,8561
2020-12-16,Madera,039,155013,9302,8278,320,8598,62
2020-12-16,Marin,041,260295,9099,8641,56,8697,142
2020-12-16,Mariposa,043,17540,197,175,2,177,3
2020-12-16,Mendocino,045,87422,2127,1929,20,1949,23
2020-12-16,Merced,047,269075,16730,15443,250,15693,190
2020-12-16,Modoc,049,8938,212,178,66,244,0
2020-12-16,Mono,051,14174,781,702,10,712,3
2020-12-16,Monterey,053,433212,23497,21107,553,21660,163
2020-12-16,Napa,055,140530,5027,4544,22,4566,23
2020-12-16,Nevada,057,99092,2396,2149,71,2220,13
2020-12-16,Orange,059,3164182,131485,115260,4782,120042,1712
2020-12-16,Placer,061,380077,12233,10554,404,10958,96
2020-12-16,Plumas,063,18699,402,319,9,328,0
2020-12-16,Riverside,065,2383286,150616,135751,5916,141667,1664
2020-12-16,Sacramento,067,1510023,57194,52166,413,52579,715
2020-12-16,San Benito,069,59416,2956,2582,24,2606,20
2020-12-16,San Bernardino,071,2135413,164834,143565,4394,147959,1403
2020-12-16,San Diego,073,3302833,130744,114248,5628,119876,1217
2020-12-16,San Francisco,075,870044,21049,19624,186,19810,170
2020-12-16,San Joaquin,077,732212,39507,35010,1137,36147,547
2020-12-16,San Luis Obispo,079,281455,9180,8252,203,8455,58
2020-12-16,San Mateo,081,765935,21929,19292,56,19348,179
2020-12-16,Santa Barbara,083,443738,15562,13966,357,14323,144
2020-12-16,Santa Clara,085,1922200,59080,51502,221,51723,523
2020-12-16,Santa Cruz,087,273765,7626,6536,208,6744,63
2020-12-16,Shasta,089,179085,7425,6914,544,7458,62
2020-12-16,Sierra,091,2930,23,23,0,23,0
2020-12-16,Siskiyou,093,43540,930,818,85,903,2
2020-12-16,Solano,095,438530,15998,14157,156,14313,96
2020-12-16,Sonoma,097,501317,16986,15768,100,15868,170
2020-12-16,Stanislaus,099,539301,30751,28279,2575,30854,489
2020-12-16,Sutter,101,95872,5713,5223,42,5265,39
2020-12-16,Tehama,103,63373,2618,2441,187,2628,9
2020-12-16,Trinity,105,12862,322,212,38,250,2
2020-12-16,Tulare,107,460477,29737,27500,3026,30526,352
2020-12-16,Tuolumne,109,53932,2192,1941,7,1948,11
2020-12-16,Ventura,111,848112,32803,28566,1269,29835,203
2020-12-16,Yolo,113,214977,7462,6649,46,6695,103
2020-12-16,Yuba,115,75493,3290,2980,31,3011,11
2020-12-15,Alameda,001,1643700,44126,40026,710,40736,492
2020-12-15,Alpine,003,1148,66,64,0,64,0
2020-12-15,Amador,005,37829,1918,1669,10,1679,19
2020-12-15,Butte,007,227075,6260,5565,607,6172,75
2020-12-15,Calaveras,009,45235,891,799,0,799,21
2020-12-15,Colusa,011,21464,1129,1026,42,1068,7
2020-12-15,Contra Costa,013,1133247,34671,31423,336,31759,281
2020-12-15,Del Norte,015,27424,665,564,0,564,1
2020-12-15,El Dorado,017,186661,5001,4113,164,4277,9
2020-12-15,Fresno,019,978130,58376,47316,3414,50730,574
2020-12-15,Glenn,021,27897,1325,1207,161,1368,9
2020-12-15,Humboldt,023,135768,1430,1276,5,1281,12
2020-12-15,Imperial,025,180216,21042,19756,660,20416,380
2020-12-15,Inyo,027,18085,512,394,1,395,16
2020-12-15,Kern,029,883053,56893,52002,3616,55618,511
2020-12-15,Kings,031,150075,14683,13652,421,14073,97
2020-12-15,Lake,033,64148,1551,1341,0,1341,21
2020-12-15,Lassen,035,31185,3678,3378,35,3413,1
2020-12-15,Los Angeles,037,10098052,608125,536258,14591,550849,8429
2020-12-15,Madera,039,155013,9147,8118,311,8429,60
2020-12-15,Marin,041,260295,8993,8528,54,8582,141
2020-12-15,Mariposa,043,17540,193,171,2,173,3
2020-12-15,Mendocino,045,87422,2100,1883,20,1903,24
2020-12-15,Merced,047,269075,16435,15120,246,15366,190
2020-12-15,Modoc,049,8938,210,179,66,245,0
2020-12-15,Mono,051,14174,765,702,10,712,3
2020-12-15,Monterey,053,433212,22898,19905,490,20395,161
2020-12-15,Napa,055,140530,4923,4440,22,4462,23
2020-12-15,Nevada,057,99092,2363,2117,69,2186,11
2020-12-15,Orange,059,3164182,127831,112893,4625,117518,1689
2020-12-15,Placer,061,380077,11999,10301,382,10683,95
2020-12-15,Plumas,063,18699,397,313,9,322,0
2020-12-15,Riverside,065,2383286,146568,131822,5629,137451,1624
2020-12-15,Sacramento,067,1510023,56181,51076,400,51476,703
2020-12-15,San Benito,069,59416,2876,2520,23,2543,19
2020-12-15,San Bernardino,071,2135413,160391,137548,4229,141777,1351
2020-12-15,San Diego,073,3302833,127183,111441,5465,116906,1194
2020-12-15,San Francisco,075,870044,20740,19283,183,19466,171
2020-12-15,San Joaquin,077,732212,38583,33849,1100,34949,537
2020-12-15,San Luis Obispo,079,281455,9071,8074,200,8274,55
2020-12-15,San Mateo,081,765935,21519,18907,54,18961,178
2020-12-15,Santa Barbara,083,443738,15342,13782,348,14130,144
2020-12-15,Santa Clara,085,1922200,57645,50311,217,50528,505
2020-12-15,Santa Cruz,087,273765,7442,6361,192,6553,59
2020-12-15,Shasta,089,179085,7367,6794,519,7313,54
2020-12-15,Sierra,091,2930,23,23,0,23,0
2020-12-15,Siskiyou,093,43540,921,812,84,896,2
2020-12-15,Solano,095,438530,15649,13796,156,13952,95
2020-12-15,Sonoma,097,501317,16765,15406,100,15506,167
2020-12-15,Stanislaus,099,539301,30243,27823,2488,30311,485
2020-12-15,Sutter,101,95872,5616,5080,41,5121,36
2020-12-15,Tehama,103,63373,2581,2392,182,2574,9
2020-12-15,Trinity,105,12862,316,213,36,249,1
2020-12-15,Tulare,107,460477,29247,27026,2935,29961,342
2020-12-15,Tuolumne,109,53932,2161,1874,7,1881,8
2020-12-15,Ventura,111,848112,32182,27936,1221,29157,201
2020-12-15,Yolo,113,214977,7339,6531,44,6575,104
2020-12-15,Yuba,115,75493,3196,2891,30,2921,11
2020-12-14,Alameda,001,1643700,43233,39252,690,39942,487
2020-12-14,Alpine,003,1148,66,63,0,63,0
2020-12-14,Amador,005,37829,1846,1609,10,1619,19
2020-12-14,Butte,007,227075,6092,5202,590,5792,75
2020-12-14,Calaveras,009,45235,853,718,0,718,21
2020-12-14,Colusa,011,21464,1105,949,41,990,7
2020-12-14,Contra Costa,013,1133247,33974,30594,321,30915,281
2020-12-14,Del Norte,015,27424,659,560,0,560,1
2020-12-14,El Dorado,017,186661,4845,4018,148,4166,9
2020-12-14,Fresno,019,978130,57355,44726,3230,47956,560
2020-12-14,Glenn,021,27897,1299,1186,153,1339,9
2020-12-14,Humboldt,023,135768,1417,1256,5,1261,9
2020-12-14,Imperial,025,180216,20806,19608,578,20186,379
2020-12-14,Inyo,027,18085,498,382,1,383,16
2020-12-14,Kern,029,883053,55861,50538,3490,54028,510
2020-12-14,Kings,031,150075,14500,13491,392,13883,97
2020-12-14,Lake,033,64148,1501,1301,0,1301,21
2020-12-14,Lassen,035,31185,3579,2905,32,2937,1
2020-12-14,Los Angeles,037,10098052,590544,524668,13924,538592,8340
2020-12-14,Madera,039,155013,8880,8011,302,8313,60
2020-12-14,Marin,041,260295,8911,8475,52,8527,141
2020-12-14,Mariposa,043,17540,192,171,2,173,3
2020-12-14,Mendocino,045,87422,2079,1845,20,1865,24
2020-12-14,Merced,047,269075,16030,14572,232,14804,189
2020-12-14,Modoc,049,8938,204,180,64,244,0
2020-12-14,Mono,051,14174,757,685,10,695,3
2020-12-14,Monterey,053,433212,22379,19154,483,19637,155
2020-12-14,Napa,055,140530,4830,4289,22,4311,22
2020-12-14,Nevada,057,99092,2324,2070,66,2136,11
2020-12-14,Orange,059,3164182,123958,108602,4482,113084,1688
2020-12-14,Placer,061,380077,11719,9551,371,9922,95
2020-12-14,Plumas,063,18699,385,309,9,318,0
2020-12-14,Riverside,065,2383286,142453,123715,5359,129074,1588
2020-12-14,Sacramento,067,1510023,55074,50304,374,50678,691
2020-12-14,San Benito,069,59416,2810,2467,22,2489,19
2020-12-14,San Bernardino,071,2135413,155961,129151,4092,133243,1347
2020-12-14,San Diego,073,3302833,123452,109578,5281,114859,1162
2020-12-14,San Francisco,075,870044,20364,18904,181,19085,171
2020-12-14,San Joaquin,077,732212,37741,32522,1051,33573,534
2020-12-14,San Luis Obispo,079,281455,8824,7791,194,7985,52
2020-12-14,San Mateo,081,765935,21020,18361,51,18412,178
2020-12-14,Santa Barbara,083,443738,15073,13587,341,13928,144
2020-12-14,Santa Clara,085,1922200,56085,49180,205,49385,502
2020-12-14,Santa Cruz,087,273765,7258,6049,176,6225,54
2020-12-14,Shasta,089,179085,7279,6665,501,7166,54
2020-12-14,Sierra,091,2930,23,21,0,21,0
2020-12-14,Siskiyou,093,43540,898,764,78,842,2
2020-12-14,Solano,095,438530,15286,13352,154,13506,93
2020-12-14,Sonoma,097,501317,16458,14807,99,14906,167
2020-12-14,Stanislaus,099,539301,29712,27311,2437,29748,485
2020-12-14,Sutter,101,95872,5509,5001,34,5035,35
2020-12-14,Tehama,103,63373,2537,2344,179,2523,9
2020-12-14,Trinity,105,12862,313,205,34,239,1
2020-12-14,Tulare,107,460477,28774,25735,2839,28574,341
2020-12-14,Tuolumne,109,53932,2104,1647,7,1654,8
2020-12-14,Ventura,111,848112,31262,27436,1158,28594,202
2020-12-14,Yolo,113,214977,7179,6389,43,6432,95
2020-12-14,Yuba,115,75493,3134,2851,30,2881,11
2020-12-13,Alameda,001,1643700,42041,38064,663,38727,486
2020-12-13,Alpine,003,1148,66,63,0,63,0
2020-12-13,Amador,005,37829,1790,1457,9,1466,19
2020-12-13,Butte,007,227075,5944,5103,546,5649,75
2020-12-13,Calaveras,009,45235,817,710,0,710,21
2020-12-13,Colusa,011,21464,1089,945,37,982,7
2020-12-13,Contra Costa,013,1133247,33246,29667,313,29980,281
2020-12-13,Del Norte,015,27424,606,542,0,542,1
2020-12-13,El Dorado,017,186661,4746,3770,136,3906,9
2020-12-13,Fresno,019,978130,56254,44114,3063,47177,559
2020-12-13,Glenn,021,27897,1286,1171,142,1313,9
2020-12-13,Humboldt,023,135768,1394,1238,4,1242,9
2020-12-13,Imperial,025,180216,20526,19472,438,19910,379
2020-12-13,Inyo,027,18085,477,380,1,381,16
2020-12-13,Kern,029,883053,54840,49051,3329,52380,510
2020-12-13,Kings,031,150075,14222,13357,372,13729,97
2020-12-13,Lake,033,64148,1458,1271,0,1271,21
2020-12-13,Lassen,035,31185,3472,2867,27,2894,1
2020-12-13,Los Angeles,037,10098052,572993,517472,13178,530650,8294
2020-12-13,Madera,039,155013,8699,7909,287,8196,60
2020-12-13,Marin,041,260295,8791,8409,52,8461,141
2020-12-13,Mariposa,043,17540,188,167,2,169,3
2020-12-13,Mendocino,045,87422,2045,1793,20,1813,24
2020-12-13,Merced,047,269075,15679,14384,229,14613,189
2020-12-13,Modoc,049,8938,192,179,58,237,0
2020-12-13,Mono,051,14174,741,675,10,685,3
2020-12-13,Monterey,053,433212,21957,18913,467,19380,153
2020-12-13,Napa,055,140530,4724,4194,22,4216,22
2020-12-13,Nevada,057,99092,2276,2030,64,2094,11
2020-12-13,Orange,059,3164182,120045,104768,4295,109063,1688
2020-12-13,Placer,061,380077,11405,9405,353,9758,95
2020-12-13,Plumas,063,18699,379,291,9,300,0
2020-12-13,Riverside,065,2383286,138337,119691,5083,124774,1581
2020-12-13,Sacramento,067,1510023,53807,49480,343,49823,682
2020-12-13,San Benito,069,59416,2740,2408,21,2429,19
2020-12-13,San Bernardino,071,2135413,151077,126718,3921,130639,1333
2020-12-13,San Diego,073,3302833,119857,107372,5112,112484,1162
2020-12-13,San Francisco,075,870044,20020,18686,171,18857,167
2020-12-13,San Joaquin,077,732212,36938,32170,1009,33179,534
2020-12-13,San Luis Obispo,079,281455,8632,7625,186,7811,52
2020-12-13,San Mateo,081,765935,20529,18090,45,18135,177
2020-12-13,Santa Barbara,083,443738,14809,13249,324,13573,144
2020-12-13,Santa Clara,085,1922200,54658,47920,196,48116,499
2020-12-13,Santa Cruz,087,273765,7009,5986,165,6151,54
2020-12-13,Shasta,089,179085,7205,6647,475,7122,54
2020-12-13,Sierra,091,2930,23,21,0,21,0
2020-12-13,Siskiyou,093,43540,886,762,73,835,2
2020-12-13,Solano,095,438530,14848,13276,151,13427,93
2020-12-13,Sonoma,097,501317,16143,14495,98,14593,167
2020-12-13,Stanislaus,099,539301,29152,26569,2370,28939,485
2020-12-13,Sutter,101,95872,5383,4798,29,4827,34
2020-12-13,Tehama,103,63373,2492,2325,163,2488,9
2020-12-13,Trinity,105,12862,308,204,33,237,1
2020-12-13,Tulare,107,460477,28291,25496,2745,28241,340
2020-12-13,Tuolumne,109,53932,2042,1611,7,1618,8
2020-12-13,Ventura,111,848112,30263,26588,1092,27680,202
2020-12-13,Yolo,113,214977,6997,6265,36,6301,95
2020-12-13,Yuba,115,75493,3069,2754,27,2781,11
2020-12-12,Alameda,001,1643700,41606,37027,642,37669,486
2020-12-12,Alpine,003,1148,66,63,0,63,0
2020-12-12,Amador,005,37829,1762,1236,8,1244,19
2020-12-12,Butte,007,227075,5872,4972,532,5504,73
2020-12-12,Calaveras,009,45235,807,708,0,708,21
2020-12-12,Colusa,011,21464,1069,945,35,980,7
2020-12-12,Contra Costa,013,1133247,32903,29506,303,29809,281
2020-12-12,Del Norte,015,27424,598,529,0,529,1
2020-12-12,El Dorado,017,186661,4671,3706,118,3824,9
2020-12-12,Fresno,019,978130,55904,43756,3002,46758,559
2020-12-12,Glenn,021,27897,1278,1143,138,1281,8
2020-12-12,Humboldt,023,135768,1375,1208,4,1212,9
2020-12-12,Imperial,025,180216,20444,18947,378,19325,379
2020-12-12,Inyo,027,18085,473,380,1,381,16
2020-12-12,Kern,029,883053,54324,48194,3238,51432,507
2020-12-12,Kings,031,150075,14135,13205,367,13572,96
2020-12-12,Lake,033,64148,1442,1232,0,1232,21
2020-12-12,Lassen,035,31185,3450,2866,23,2889,1
2020-12-12,Los Angeles,037,10098052,566227,504317,12642,516959,8269
2020-12-12,Madera,039,155013,8572,7765,284,8049,59
2020-12-12,Marin,041,260295,8737,8363,51,8414,141
2020-12-12,Mariposa,043,17540,187,164,2,166,3
2020-12-12,Mendocino,045,87422,2009,1771,20,1791,24
2020-12-12,Merced,047,269075,15589,14181,225,14406,188
2020-12-12,Modoc,049,8938,191,169,55,224,0
2020-12-12,Mono,051,14174,734,640,10,650,3
2020-12-12,Monterey,053,433212,21846,18596,438,19034,151
2020-12-12,Napa,055,140530,4680,4113,22,4135,22
2020-12-12,Nevada,057,99092,2258,1981,62,2043,10
2020-12-12,Orange,059,3164182,118172,100468,4137,104605,1674
2020-12-12,Placer,061,380077,11241,9390,347,9737,95
2020-12-12,Plumas,063,18699,373,291,9,300,0
2020-12-12,Riverside,065,2383286,136293,118335,4865,123200,1579
2020-12-12,Sacramento,067,1510023,53224,48319,328,48647,673
2020-12-12,San Benito,069,59416,2684,2355,21,2376,19
2020-12-12,San Bernardino,071,2135413,149456,125741,3810,129551,1321
2020-12-12,San Diego,073,3302833,118237,104958,5015,109973,1151
2020-12-12,San Francisco,075,870044,19831,18413,167,18580,167
2020-12-12,San Joaquin,077,732212,36613,32200,976,33176,534
2020-12-12,San Luis Obispo,079,281455,8537,7462,177,7639,50
2020-12-12,San Mateo,081,765935,20308,17574,44,17618,177
2020-12-12,Santa Barbara,083,443738,14657,13174,316,13490,144
2020-12-12,Santa Clara,085,1922200,53702,45892,193,46085,498
2020-12-12,Santa Cruz,087,273765,6912,5905,155,6060,54
2020-12-12,Shasta,089,179085,7170,6551,457,7008,54
2020-12-12,Sierra,091,2930,23,21,0,21,0
2020-12-12,Siskiyou,093,43540,884,762,70,832,2
2020-12-12,Solano,095,438530,14651,12748,144,12892,93
2020-12-12,Sonoma,097,501317,16023,14466,98,14564,166
2020-12-12,Stanislaus,099,539301,28851,26246,2313,28559,483
2020-12-12,Sutter,101,95872,5321,4717,29,4746,32
2020-12-12,Tehama,103,63373,2474,2252,157,2409,9
2020-12-12,Trinity,105,12862,306,204,31,235,1
2020-12-12,Tulare,107,460477,28035,25333,2686,28019,341
2020-12-12,Tuolumne,109,53932,1999,1536,7,1543,8
2020-12-12,Ventura,111,848112,29819,25955,1059,27014,202
2020-12-12,Yolo,113,214977,6915,6116,34,6150,95
2020-12-12,Yuba,115,75493,3042,2692,26,2718,10
2020-12-11,Alameda,001,1643700,41038,36281,630,36911,482
2020-12-11,Alpine,003,1148,66,63,0,63,0
2020-12-11,Amador,005,37829,1746,1213,8,1221,19
2020-12-11,Butte,007,227075,5800,4941,511,5452,73
2020-12-11,Calaveras,009,45235,791,697,0,697,21
2020-12-11,Colusa,011,21464,1059,923,33,956,7
2020-12-11,Contra Costa,013,1133247,32479,29036,299,29335,282
2020-12-11,Del Norte,015,27424,592,505,0,505,1
2020-12-11,El Dorado,017,186661,4590,3669,103,3772,9
2020-12-11,Fresno,019,978130,54894,43071,2935,46006,550
2020-12-11,Glenn,021,27897,1262,1135,133,1268,8
2020-12-11,Humboldt,023,135768,1357,1190,4,1194,9
2020-12-11,Imperial,025,180216,20354,18599,332,18931,377
2020-12-11,Inyo,027,18085,461,372,1,373,16
2020-12-11,Kern,029,883053,53650,47664,3172,50836,502
2020-12-11,Kings,031,150075,13992,13118,361,13479,94
2020-12-11,Lake,033,64148,1430,1205,0,1205,21
2020-12-11,Lassen,035,31185,3438,2790,22,2812,1
2020-12-11,Los Angeles,037,10098052,554448,493592,12211,505803,8198
2020-12-11,Madera,039,155013,8481,7648,274,7922,59
2020-12-11,Marin,041,260295,8643,8317,50,8367,141
2020-12-11,Mariposa,043,17540,186,164,2,166,3
2020-12-11,Mendocino,045,87422,1986,1769,20,1789,24
2020-12-11,Merced,047,269075,15468,14038,217,14255,186
2020-12-11,Modoc,049,8938,191,168,54,222,0
2020-12-11,Mono,051,14174,724,631,10,641,3
2020-12-11,Monterey,053,433212,21545,18421,433,18854,150
2020-12-11,Napa,055,140530,4624,4054,22,4076,22
2020-12-11,Nevada,057,99092,2241,1959,59,2018,10
2020-12-11,Orange,059,3164182,115869,98357,4032,102389,1656
2020-12-11,Placer,061,380077,11079,8904,331,9235,93
2020-12-11,Plumas,063,18699,365,286,9,295,0
2020-12-11,Riverside,065,2383286,133240,115329,4633,119962,1573
2020-12-11,Sacramento,067,1510023,52563,47468,319,47787,669
2020-12-11,San Benito,069,59416,2633,2319,21,2340,19
2020-12-11,San Bernardino,071,2135413,146776,123092,3686,126778,1313
2020-12-11,San Diego,073,3302833,116280,102468,4932,107400,1137
2020-12-11,San Francisco,075,870044,19601,18246,166,18412,165
2020-12-11,San Joaquin,077,732212,36270,32044,947,32991,534
2020-12-11,San Luis Obispo,079,281455,8376,7415,174,7589,49
2020-12-11,San Mateo,081,765935,20037,17240,33,17273,177
2020-12-11,Santa Barbara,083,443738,14515,12997,308,13305,144
2020-12-11,Santa Clara,085,1922200,52697,45101,183,45284,494
2020-12-11,Santa Cruz,087,273765,6799,5764,144,5908,50
2020-12-11,Shasta,089,179085,7125,6459,450,6909,54
2020-12-11,Sierra,091,2930,23,19,0,19,0
2020-12-11,Siskiyou,093,43540,877,753,67,820,2
2020-12-11,Solano,095,438530,14467,12554,140,12694,92
2020-12-11,Sonoma,097,501317,15857,14298,95,14393,166
2020-12-11,Stanislaus,099,539301,28587,25928,2269,28197,464
2020-12-11,Sutter,101,95872,5258,4600,28,4628,30
2020-12-11,Tehama,103,63373,2445,2232,153,2385,9
2020-12-11,Trinity,105,12862,304,204,30,234,1
2020-12-11,Tulare,107,460477,27680,24953,2636,27589,338
2020-12-11,Tuolumne,109,53932,1985,1510,7,1517,8
2020-12-11,Ventura,111,848112,29214,24999,1036,26035,202
2020-12-11,Yolo,113,214977,6810,6006,32,6038,95
2020-12-11,Yuba,115,75493,2982,2649,25,2674,10
2020-12-10,Alameda,001,1643700,40268,35686,608,36294,477
2020-12-10,Alpine,003,1148,66,63,0,63,0
2020-12-10,Amador,005,37829,1689,1191,8,1199,18
2020-12-10,Butte,007,227075,5684,4863,484,5347,72
2020-12-10,Calaveras,009,45235,773,684,0,684,21
2020-12-10,Colusa,011,21464,1036,909,28,937,7
2020-12-10,Contra Costa,013,1133247,31798,28413,293,28706,276
2020-12-10,Del Norte,015,27424,583,501,0,501,1
2020-12-10,El Dorado,017,186661,4472,3557,98,3655,9
2020-12-10,Fresno,019,978130,53916,42461,2788,45249,540
2020-12-10,Glenn,021,27897,1242,1126,124,1250,8
2020-12-10,Humboldt,023,135768,1337,1140,4,1144,9
2020-12-10,Imperial,025,180216,20139,18333,252,18585,370
2020-12-10,Inyo,027,18085,440,365,1,366,15
2020-12-10,Kern,029,883053,52670,47176,3002,50178,499
2020-12-10,Kings,031,150075,13840,12993,355,13348,92
2020-12-10,Lake,033,64148,1389,1167,0,1167,21
2020-12-10,Lassen,035,31185,3416,2764,18,2782,0
2020-12-10,Los Angeles,037,10098052,540524,480354,11657,492011,8149
2020-12-10,Madera,039,155013,8376,7445,259,7704,59
2020-12-10,Marin,041,260295,8596,8245,49,8294,140
2020-12-10,Mariposa,043,17540,185,160,2,162,3
2020-12-10,Mendocino,045,87422,1960,1748,17,1765,24
2020-12-10,Merced,047,269075,15223,13756,214,13970,186
2020-12-10,Modoc,049,8938,186,165,52,217,0
2020-12-10,Mono,051,14174,719,601,10,611,3
2020-12-10,Monterey,053,433212,21065,18266,423,18689,145
2020-12-10,Napa,055,140530,4538,3974,21,3995,22
2020-12-10,Nevada,057,99092,2204,1919,59,1978,10
2020-12-10,Orange,059,3164182,112776,95297,3860,99157,1651
2020-12-10,Placer,061,380077,10827,8906,312,9218,90
2020-12-10,Plumas,063,18699,354,281,9,290,0
2020-12-10,Riverside,065,2383286,129571,112794,4354,117148,1552
2020-12-10,Sacramento,067,1510023,51665,46471,298,46769,664
2020-12-10,San Benito,069,59416,2573,2268,20,2288,19
2020-12-10,San Bernardino,071,2135413,142569,120186,3497,123683,1306
2020-12-10,San Diego,073,3302833,113756,99601,4783,104384,1114
2020-12-10,San Francisco,075,870044,19287,17945,158,18103,164
2020-12-10,San Joaquin,077,732212,35637,31228,916,32144,534
2020-12-10,San Luis Obispo,079,281455,8213,7245,163,7408,49
2020-12-10,San Mateo,081,765935,19592,16701,23,16724,177
2020-12-10,Santa Barbara,083,443738,14338,12788,298,13086,143
2020-12-10,Santa Clara,085,1922200,51563,43939,167,44106,491
2020-12-10,Santa Cruz,087,273765,6632,5645,130,5775,48
2020-12-10,Shasta,089,179085,7057,6312,424,6736,53
2020-12-10,Sierra,091,2930,23,18,0,18,0
2020-12-10,Siskiyou,093,43540,867,712,66,778,2
2020-12-10,Solano,095,438530,14100,12017,134,12151,90
2020-12-10,Sonoma,097,501317,15602,14282,94,14376,167
2020-12-10,Stanislaus,099,539301,28125,25582,2198,27780,464
2020-12-10,Sutter,101,95872,5128,4528,26,4554,27
2020-12-10,Tehama,103,63373,2402,2190,143,2333,9
2020-12-10,Trinity,105,12862,301,202,29,231,1
2020-12-10,Tulare,107,460477,27226,24506,2569,27075,337
2020-12-10,Tuolumne,109,53932,1725,1451,7,1458,8
2020-12-10,Ventura,111,848112,28363,24075,992,25067,202
2020-12-10,Yolo,113,214977,6690,5896,31,5927,95
2020-12-10,Yuba,115,75493,2918,2604,24,2628,10
2020-12-09,Alameda,001,1643700,39426,35047,586,35633,470
2020-12-09,Alpine,003,1148,66,58,0,58,0
2020-12-09,Amador,005,37829,1646,1121,8,1129,19
2020-12-09,Butte,007,227075,5543,4733,461,5194,70
2020-12-09,Calaveras,009,45235,746,670,0,670,21
2020-12-09,Colusa,011,21464,1021,896,27,923,7
2020-12-09,Contra Costa,013,1133247,31094,28308,281,28589,273
2020-12-09,Del Norte,015,27424,569,481,0,481,2
2020-12-09,El Dorado,017,186661,4337,3449,90,3539,8
2020-12-09,Fresno,019,978130,52919,41954,2629,44583,533
2020-12-09,Glenn,021,27897,1228,1107,118,1225,8
2020-12-09,Humboldt,023,135768,1305,1086,4,1090,10
2020-12-09,Imperial,025,180216,19883,17757,215,17972,368
2020-12-09,Inyo,027,18085,427,356,1,357,15
2020-12-09,Kern,029,883053,51514,46379,2855,49234,494
2020-12-09,Kings,031,150075,13695,12716,346,13062,92
2020-12-09,Lake,033,64148,1362,1158,0,1158,20
2020-12-09,Lassen,035,31185,3347,2331,16,2347,0
2020-12-09,Los Angeles,037,10098052,527080,467971,11083,479054,8075
2020-12-09,Madera,039,155013,8266,7216,254,7470,59
2020-12-09,Marin,041,260295,8535,8182,48,8230,138
2020-12-09,Mariposa,043,17540,183,154,2,156,3
2020-12-09,Mendocino,045,87422,1934,1703,16,1719,24
2020-12-09,Merced,047,269075,14985,13588,206,13794,183
2020-12-09,Modoc,049,8938,181,146,43,189,0
2020-12-09,Mono,051,14174,707,601,10,611,3
2020-12-09,Monterey,053,433212,20670,17891,414,18305,143
2020-12-09,Napa,055,140530,4453,3858,20,3878,21
2020-12-09,Nevada,057,99092,2151,1864,59,1923,10
2020-12-09,Orange,059,3164182,109690,93763,3686,97449,1629
2020-12-09,Placer,061,380077,10566,8588,298,8886,85
2020-12-09,Plumas,063,18699,346,271,9,280,0
2020-12-09,Riverside,065,2383286,125888,110376,4142,114518,1543
2020-12-09,Sacramento,067,1510023,50604,45284,271,45555,659
2020-12-09,San Benito,069,59416,2499,2217,17,2234,19
2020-12-09,San Bernardino,071,2135413,138306,114516,3289,117805,1305
2020-12-09,San Diego,073,3302833,110779,97551,4645,102196,1103
2020-12-09,San Francisco,075,870044,18986,17628,157,17785,163
2020-12-09,San Joaquin,077,732212,34817,30539,891,31430,531
2020-12-09,San Luis Obispo,079,281455,7994,7105,155,7260,47
2020-12-09,San Mateo,081,765935,19141,16422,22,16444,175
2020-12-09,Santa Barbara,083,443738,14137,12630,289,12919,142
2020-12-09,Santa Clara,085,1922200,50419,42912,151,43063,489
2020-12-09,Santa Cruz,087,273765,6475,5527,114,5641,47
2020-12-09,Shasta,089,179085,6992,6105,410,6515,52
2020-12-09,Sierra,091,2930,23,18,0,18,0
2020-12-09,Siskiyou,093,43540,856,713,65,778,2
2020-12-09,Solano,095,438530,13753,11862,125,11987,90
2020-12-09,Sonoma,097,501317,15346,13994,91,14085,164
2020-12-09,Stanislaus,099,539301,27628,25157,2136,27293,463
2020-12-09,Sutter,101,95872,5012,4418,22,4440,24
2020-12-09,Tehama,103,63373,2366,2102,139,2241,9
2020-12-09,Trinity,105,12862,293,199,28,227,0
2020-12-09,Tulare,107,460477,26636,24124,2486,26610,334
2020-12-09,Tuolumne,109,53932,1691,1319,7,1326,8
2020-12-09,Ventura,111,848112,27503,23830,948,24778,201
2020-12-09,Yolo,113,214977,6565,5760,29,5789,95
2020-12-09,Yuba,115,75493,2850,2513,23,2536,10
2020-12-08,Alameda,001,1643700,38530,34373,569,34942,469
2020-12-08,Alpine,003,1148,65,53,0,53,0
2020-12-08,Amador,005,37829,1360,1043,8,1051,17
2020-12-08,Butte,007,227075,5386,4651,417,5068,70
2020-12-08,Calaveras,009,45235,721,657,0,657,21
2020-12-08,Colusa,011,21464,1004,875,26,901,6
2020-12-08,Contra Costa,013,1133247,30391,27926,264,28190,270
2020-12-08,Del Norte,015,27424,554,465,0,465,2
2020-12-08,El Dorado,017,186661,4213,3296,77,3373,8
2020-12-08,Fresno,019,978130,51666,41574,2460,44034,529
2020-12-08,Glenn,021,27897,1208,1094,110,1204,8
2020-12-08,Humboldt,023,135768,1279,1059,4,1063,10
2020-12-08,Imperial,025,180216,19367,17568,206,17774,363
2020-12-08,Inyo,027,18085,404,333,1,334,15
2020-12-08,Kern,029,883053,50224,45116,2696,47812,487
2020-12-08,Kings,031,150075,13542,12623,336,12959,90
2020-12-08,Lake,033,64148,1321,1127,0,1127,20
2020-12-08,Lassen,035,31185,3191,2165,16,2181,0
2020-12-08,Los Angeles,037,10098052,514426,459738,10581,470319,8004
2020-12-08,Madera,039,155013,8135,7082,240,7322,59
2020-12-08,Marin,041,260295,8455,8099,47,8146,137
2020-12-08,Mariposa,043,17540,179,150,2,152,2
2020-12-08,Mendocino,045,87422,1892,1666,16,1682,23
2020-12-08,Merced,047,269075,14676,13380,205,13585,181
2020-12-08,Modoc,049,8938,173,138,40,178,0
2020-12-08,Mono,051,14174,693,597,10,607,3
2020-12-08,Monterey,053,433212,20103,17752,407,18159,134
2020-12-08,Napa,055,140530,4365,3778,19,3797,22
2020-12-08,Nevada,057,99092,2097,1809,56,1865,11
2020-12-08,Orange,059,3164182,106481,91406,3512,94918,1629
2020-12-08,Placer,061,380077,10299,8224,292,8516,82
2020-12-08,Plumas,063,18699,336,258,9,267,0
2020-12-08,Riverside,065,2383286,122541,107620,3954,111574,1514
2020-12-08,Sacramento,067,1510023,49543,44635,253,44888,649
2020-12-08,San Benito,069,59416,2446,2180,17,2197,18
2020-12-08,San Bernardino,071,2135413,133964,110676,3158,113834,1301
2020-12-08,San Diego,073,3302833,107410,95447,4488,99935,1088
2020-12-08,San Francisco,075,870044,18677,17384,153,17537,162
2020-12-08,San Joaquin,077,732212,33925,30225,858,31083,530
2020-12-08,San Luis Obispo,079,281455,7865,6903,144,7047,45
2020-12-08,San Mateo,081,765935,18741,16305,22,16327,175
2020-12-08,Santa Barbara,083,443738,13953,12516,279,12795,141
2020-12-08,Santa Clara,085,1922200,49111,41309,140,41449,484
2020-12-08,Santa Cruz,087,273765,6299,5374,111,5485,45
2020-12-08,Shasta,089,179085,6883,5946,402,6348,50
2020-12-08,Sierra,091,2930,22,18,0,18,0
2020-12-08,Siskiyou,093,43540,842,704,63,767,2
2020-12-08,Solano,095,438530,13350,11669,123,11792,89
2020-12-08,Sonoma,097,501317,15087,13601,90,13691,164
2020-12-08,Stanislaus,099,539301,27141,24793,2071,26864,461
2020-12-08,Sutter,101,95872,4916,4342,21,4363,24
2020-12-08,Tehama,103,63373,2286,2057,131,2188,9
2020-12-08,Trinity,105,12862,286,198,27,225,0
2020-12-08,Tulare,107,460477,26035,23607,2420,26027,330
2020-12-08,Tuolumne,109,53932,1667,1264,7,1271,7
2020-12-08,Ventura,111,848112,26842,23665,904,24569,195
2020-12-08,Yolo,113,214977,6433,5560,29,5589,90
2020-12-08,Yuba,115,75493,2773,2477,23,2500,10
2020-12-07,Alameda,001,1643700,37667,33887,533,34420,466
2020-12-07,Alpine,003,1148,64,53,0,53,0
2020-12-07,Amador,005,37829,1285,993,7,1000,17
2020-12-07,Butte,007,227075,5250,4604,394,4998,67
2020-12-07,Calaveras,009,45235,689,606,0,606,21
2020-12-07,Colusa,011,21464,979,825,24,849,6
2020-12-07,Contra Costa,013,1133247,29777,27307,251,27558,270
2020-12-07,Del Norte,015,27424,542,424,0,424,2
2020-12-07,El Dorado,017,186661,4033,3275,70,3345,8
2020-12-07,Fresno,019,978130,50199,41098,2333,43431,526
2020-12-07,Glenn,021,27897,1189,1085,104,1189,8
2020-12-07,Humboldt,023,135768,1244,1023,4,1027,9
2020-12-07,Imperial,025,180216,18945,17234,194,17428,364
2020-12-07,Inyo,027,18085,389,333,1,334,15
2020-12-07,Kern,029,883053,49204,44409,2551,46960,486
2020-12-07,Kings,031,150075,13402,12412,323,12735,90
2020-12-07,Lake,033,64148,1292,1090,0,1090,20
2020-12-07,Lassen,035,31185,3094,2167,16,2183,0
2020-12-07,Los Angeles,037,10098052,500791,451052,10115,461167,7937
2020-12-07,Madera,039,155013,7870,6935,234,7169,59
2020-12-07,Marin,041,260295,8397,8049,46,8095,136
2020-12-07,Mariposa,043,17540,176,146,2,148,2
2020-12-07,Mendocino,045,87422,1857,1638,14,1652,23
2020-12-07,Merced,047,269075,14316,13250,195,13445,179
2020-12-07,Modoc,049,8938,166,128,37,165,0
2020-12-07,Mono,051,14174,680,590,10,600,3
2020-12-07,Monterey,053,433212,19622,17746,395,18141,132
2020-12-07,Napa,055,140530,4274,3684,19,3703,21
2020-12-07,Nevada,057,99092,2048,1777,55,1832,11
2020-12-07,Orange,059,3164182,103222,89793,3394,93187,1628
2020-12-07,Placer,061,380077,9972,7911,278,8189,82
2020-12-07,Plumas,063,18699,325,256,5,261,0
2020-12-07,Riverside,065,2383286,119352,102363,3761,106124,1491
2020-12-07,Sacramento,067,1510023,48447,43419,235,43654,638
2020-12-07,San Benito,069,59416,2395,2165,16,2181,18
2020-12-07,San Bernardino,071,2135413,130027,108161,3029,111190,1295
2020-12-07,San Diego,073,3302833,104622,94171,4307,98478,1062
2020-12-07,San Francisco,075,870044,18386,17220,145,17365,161
2020-12-07,San Joaquin,077,732212,33051,28188,831,29019,530
2020-12-07,San Luis Obispo,079,281455,7683,6782,137,6919,45
2020-12-07,San Mateo,081,765935,18300,16029,21,16050,175
2020-12-07,Santa Barbara,083,443738,13711,12362,268,12630,141
2020-12-07,Santa Clara,085,1922200,47727,40621,130,40751,484
2020-12-07,Santa Cruz,087,273765,6133,5152,104,5256,41
2020-12-07,Shasta,089,179085,6759,5742,387,6129,50
2020-12-07,Sierra,091,2930,20,18,0,18,0
2020-12-07,Siskiyou,093,43540,816,652,62,714,2
2020-12-07,Solano,095,438530,13009,11354,119,11473,89
2020-12-07,Sonoma,097,501317,14802,13376,90,13466,164
2020-12-07,Stanislaus,099,539301,26584,24479,2017,26496,454
2020-12-07,Sutter,101,95872,4775,4106,21,4127,24
2020-12-07,Tehama,103,63373,2233,2030,125,2155,9
2020-12-07,Trinity,105,12862,283,194,27,221,0
2020-12-07,Tulare,107,460477,25507,22760,2358,25118,328
2020-12-07,Tuolumne,109,53932,1581,1256,6,1262,7
2020-12-07,Ventura,111,848112,26257,23354,867,24221,191
2020-12-07,Yolo,113,214977,6269,5537,28,5565,90
2020-12-07,Yuba,115,75493,2705,2428,21,2449,10
2020-12-06,Alameda,001,1643700,36692,33477,510,33987,465
2020-12-06,Alpine,003,1148,60,53,0,53,0
2020-12-06,Amador,005,37829,1222,952,6,958,17
2020-12-06,Butte,007,227075,5100,4527,358,4885,67
2020-12-06,Calaveras,009,45235,670,606,0,606,21
2020-12-06,Colusa,011,21464,962,824,21,845,6
2020-12-06,Contra Costa,013,1133247,29171,26566,243,26809,270
2020-12-06,Del Norte,015,27424,487,414,0,414,2
2020-12-06,El Dorado,017,186661,3896,3086,65,3151,8
2020-12-06,Fresno,019,978130,49252,40869,2214,43083,526
2020-12-06,Glenn,021,27897,1179,1067,100,1167,8
2020-12-06,Humboldt,023,135768,1219,1004,4,1008,9
2020-12-06,Imperial,025,180216,18635,16922,184,17106,364
2020-12-06,Inyo,027,18085,376,333,1,334,15
2020-12-06,Kern,029,883053,48220,43899,2373,46272,486
2020-12-06,Kings,031,150075,13133,12056,305,12361,90
2020-12-06,Lake,033,64148,1253,1075,0,1075,20
2020-12-06,Lassen,035,31185,2990,2168,14,2182,0
2020-12-06,Los Angeles,037,10098052,487238,443230,9642,452872,7910
2020-12-06,Madera,039,155013,7699,6826,226,7052,59
2020-12-06,Marin,041,260295,8317,8013,44,8057,136
2020-12-06,Mariposa,043,17540,175,144,2,146,2
2020-12-06,Mendocino,045,87422,1816,1614,14,1628,23
2020-12-06,Merced,047,269075,13981,12928,186,13114,179
2020-12-06,Modoc,049,8938,153,125,29,154,0
2020-12-06,Mono,051,14174,658,586,8,594,3
2020-12-06,Monterey,053,433212,19004,17426,385,17811,130
2020-12-06,Napa,055,140530,4162,3644,19,3663,21
2020-12-06,Nevada,057,99092,1989,1710,52,1762,10
2020-12-06,Orange,059,3164182,100163,87737,3259,90996,1627
2020-12-06,Placer,061,380077,9693,7837,256,8093,82
2020-12-06,Plumas,063,18699,312,254,4,258,0
2020-12-06,Riverside,065,2383286,116275,100088,3526,103614,1482
2020-12-06,Sacramento,067,1510023,47206,42808,221,43029,638
2020-12-06,San Benito,069,59416,2358,2135,16,2151,18
2020-12-06,San Bernardino,071,2135413,125895,106927,2865,109792,1286
2020-12-06,San Diego,073,3302833,101592,92173,4153,96326,1062
2020-12-06,San Francisco,075,870044,18064,17107,137,17244,161
2020-12-06,San Joaquin,077,732212,32218,28188,802,28990,530
2020-12-06,San Luis Obispo,079,281455,7517,6723,133,6856,45
2020-12-06,San Mateo,081,765935,17795,15855,18,15873,175
2020-12-06,Santa Barbara,083,443738,13481,12252,260,12512,141
2020-12-06,Santa Clara,085,1922200,46353,39112,124,39236,482
2020-12-06,Santa Cruz,087,273765,5960,5069,98,5167,40
2020-12-06,Shasta,089,179085,6618,5743,365,6108,49
2020-12-06,Sierra,091,2930,20,17,0,17,0
2020-12-06,Siskiyou,093,43540,798,652,60,712,2
2020-12-06,Solano,095,438530,12720,11354,109,11463,88
2020-12-06,Sonoma,097,501317,14513,13238,89,13327,164
2020-12-06,Stanislaus,099,539301,26031,24036,1952,25988,454
2020-12-06,Sutter,101,95872,4660,4009,20,4029,21
2020-12-06,Tehama,103,63373,2175,1982,115,2097,9
2020-12-06,Trinity,105,12862,276,181,25,206,0
2020-12-06,Tulare,107,460477,24986,22756,2286,25042,327
2020-12-06,Tuolumne,109,53932,1478,1210,6,1216,7
2020-12-06,Ventura,111,848112,25714,23035,840,23875,191
2020-12-06,Yolo,113,214977,6109,5465,23,5488,90
2020-12-06,Yuba,115,75493,2661,2340,20,2360,10
2020-12-05,Alameda,001,1643700,36334,32781,499,33280,465
2020-12-05,Alpine,003,1148,59,53,0,53,0
2020-12-05,Amador,005,37829,1198,847,6,853,17
2020-12-05,Butte,007,227075,5031,4455,339,4794,66
2020-12-05,Calaveras,009,45235,659,606,0,606,21
2020-12-05,Colusa,011,21464,945,825,18,843,6
2020-12-05,Contra Costa,013,1133247,28878,26217,236,26453,270
2020-12-05,Del Norte,015,27424,481,408,0,408,2
2020-12-05,El Dorado,017,186661,3831,3061,60,3121,8
2020-12-05,Fresno,019,978130,48932,40568,2158,42726,525
2020-12-05,Glenn,021,27897,1166,1056,94,1150,8
2020-12-05,Humboldt,023,135768,1186,979,4,983,9
2020-12-05,Imperial,025,180216,18470,16544,182,16726,362
2020-12-05,Inyo,027,18085,371,332,1,333,15
2020-12-05,Kern,029,883053,47761,43332,2282,45614,484
2020-12-05,Kings,031,150075,13054,11898,302,12200,90
2020-12-05,Lake,033,64148,1228,1069,0,1069,20
2020-12-05,Lassen,035,31185,2799,2168,12,2180,0
2020-12-05,Los Angeles,037,10098052,481463,433120,9301,442421,7888
2020-12-05,Madera,039,155013,7607,6619,219,6838,59
2020-12-05,Marin,041,260295,8290,7961,44,8005,136
2020-12-05,Mariposa,043,17540,170,143,2,145,2
2020-12-05,Mendocino,045,87422,1777,1585,14,1599,23
2020-12-05,Merced,047,269075,13874,12747,175,12922,180
2020-12-05,Modoc,049,8938,153,118,28,146,0
2020-12-05,Mono,051,14174,653,554,8,562,3
2020-12-05,Monterey,053,433212,18858,17077,381,17458,127
2020-12-05,Napa,055,140530,4092,3565,19,3584,21
2020-12-05,Nevada,057,99092,1975,1642,50,1692,10
2020-12-05,Orange,059,3164182,98706,85735,3163,88898,1612
2020-12-05,Placer,061,380077,9574,7811,247,8058,78
2020-12-05,Plumas,063,18699,305,246,1,247,0
2020-12-05,Riverside,065,2383286,114675,98612,3337,101949,1477
2020-12-05,Sacramento,067,1510023,46538,41878,206,42084,625
2020-12-05,San Benito,069,59416,2314,2073,16,2089,18
2020-12-05,San Bernardino,071,2135413,124379,105382,2728,108110,1283
2020-12-05,San Diego,073,3302833,100243,90470,4072,94542,1055
2020-12-05,San Francisco,075,870044,17880,16786,133,16919,161
2020-12-05,San Joaquin,077,732212,31955,28105,767,28872,523
2020-12-05,San Luis Obispo,079,281455,7450,6623,130,6753,44
2020-12-05,San Mateo,081,765935,17537,15512,18,15530,175
2020-12-05,Santa Barbara,083,443738,13381,12107,254,12361,141
2020-12-05,Santa Clara,085,1922200,45618,38339,119,38458,474
2020-12-05,Santa Cruz,087,273765,5886,4997,96,5093,40
2020-12-05,Shasta,089,179085,6557,5653,354,6007,49
2020-12-05,Sierra,091,2930,20,17,0,17,0
2020-12-05,Siskiyou,093,43540,790,649,59,708,2
2020-12-05,Solano,095,438530,12551,11351,107,11458,87
2020-12-05,Sonoma,097,501317,14417,13137,89,13226,164
2020-12-05,Stanislaus,099,539301,25723,23662,1916,25578,454
2020-12-05,Sutter,101,95872,4593,3937,20,3957,20
2020-12-05,Tehama,103,63373,2159,1926,113,2039,9
2020-12-05,Trinity,105,12862,275,177,25,202,0
2020-12-05,Tulare,107,460477,24773,22660,2224,24884,324
2020-12-05,Tuolumne,109,53932,1419,1180,6,1186,7
2020-12-05,Ventura,111,848112,25346,22710,824,23534,191
2020-12-05,Yolo,113,214977,6032,5351,22,5373,90
2020-12-05,Yuba,115,75493,2624,2275,20,2295,10
2020-12-04,Alameda,001,1643700,35784,31871,486,32357,465
2020-12-04,Alpine,003,1148,59,53,0,53,0
2020-12-04,Amador,005,37829,1184,766,3,769,16
2020-12-04,Butte,007,227075,4960,4336,317,4653,65
2020-12-04,Calaveras,009,45235,654,585,0,585,21
2020-12-04,Colusa,011,21464,931,790,17,807,6
2020-12-04,Contra Costa,013,1133247,28535,25705,224,25929,264
2020-12-04,Del Norte,015,27424,470,401,0,401,2
2020-12-04,El Dorado,017,186661,3743,2933,57,2990,7
2020-12-04,Fresno,019,978130,48224,40108,2089,42197,522
2020-12-04,Glenn,021,27897,1160,1017,86,1103,8
2020-12-04,Humboldt,023,135768,1168,960,4,964,9
2020-12-04,Imperial,025,180216,18227,16484,182,16666,362
2020-12-04,Inyo,027,18085,363,324,1,325,15
2020-12-04,Kern,029,883053,47212,42497,2176,44673,485
2020-12-04,Kings,031,150075,12961,11767,296,12063,88
2020-12-04,Lake,033,64148,1200,1018,0,1018,20
2020-12-04,Lassen,035,31185,2792,2167,10,2177,0
2020-12-04,Los Angeles,037,10098052,472867,424164,8988,433152,7845
2020-12-04,Madera,039,155013,7516,6479,216,6695,58
2020-12-04,Marin,041,260295,8239,7896,42,7938,136
2020-12-04,Mariposa,043,17540,170,136,2,138,2
2020-12-04,Mendocino,045,87422,1758,1563,13,1576,23
2020-12-04,Merced,047,269075,13759,12474,167,12641,177
2020-12-04,Modoc,049,8938,153,115,28,143,0
2020-12-04,Mono,051,14174,648,549,8,557,3
2020-12-04,Monterey,053,433212,18653,16737,372,17109,127
2020-12-04,Napa,055,140530,4039,3432,19,3451,19
2020-12-04,Nevada,057,99092,1950,1560,47,1607,10
2020-12-04,Orange,059,3164182,96789,83738,3094,86832,1597
2020-12-04,Placer,061,380077,9448,7461,233,7694,76
2020-12-04,Plumas,063,18699,298,232,0,232,0
2020-12-04,Riverside,065,2383286,112483,95255,3174,98429,1475
2020-12-04,Sacramento,067,1510023,45773,41061,189,41250,618
2020-12-04,San Benito,069,59416,2283,2006,16,2022,17
2020-12-04,San Bernardino,071,2135413,122109,102418,2617,105035,1290
2020-12-04,San Diego,073,3302833,98761,88183,3985,92168,1047
2020-12-04,San Francisco,075,870044,17691,16499,132,16631,161
2020-12-04,San Joaquin,077,732212,31519,27806,729,28535,522
2020-12-04,San Luis Obispo,079,281455,7365,6473,127,6600,42
2020-12-04,San Mateo,081,765935,17249,15112,17,15129,173
2020-12-04,Santa Barbara,083,443738,13275,11947,246,12193,141
2020-12-04,Santa Clara,085,1922200,44700,37465,113,37578,468
2020-12-04,Santa Cruz,087,273765,5800,4985,94,5079,32
2020-12-04,Shasta,089,179085,6469,5439,344,5783,49
2020-12-04,Sierra,091,2930,19,17,0,17,0
2020-12-04,Siskiyou,093,43540,783,639,56,695,2
2020-12-04,Solano,095,438530,12405,11037,104,11141,87
2020-12-04,Sonoma,097,501317,14269,12962,88,13050,164
2020-12-04,Stanislaus,099,539301,25455,23206,1870,25076,448
2020-12-04,Sutter,101,95872,4519,3791,15,3806,20
2020-12-04,Tehama,103,63373,2120,1876,107,1983,9
2020-12-04,Trinity,105,12862,273,172,25,197,0
2020-12-04,Tulare,107,460477,24491,22273,2149,24422,322
2020-12-04,Tuolumne,109,53932,1388,1134,6,1140,7
2020-12-04,Ventura,111,848112,24970,22024,806,22830,189
2020-12-04,Yolo,113,214977,5958,5294,21,5315,87
2020-12-04,Yuba,115,75493,2581,2225,19,2244,10
2020-12-03,Alameda,001,1643700,35025,31184,467,31651,465
2020-12-03,Alpine,003,1148,58,53,0,53,0
2020-12-03,Amador,005,37829,1133,653,3,656,16
2020-12-03,Butte,007,227075,4866,4305,296,4601,65
2020-12-03,Calaveras,009,45235,635,572,0,572,21
2020-12-03,Colusa,011,21464,918,774,17,791,6
2020-12-03,Contra Costa,013,1133247,28036,25464,216,25680,265
2020-12-03,Del Norte,015,27424,466,388,0,388,2
2020-12-03,El Dorado,017,186661,3617,2740,55,2795,6
2020-12-03,Fresno,019,978130,47476,39680,2014,41694,516
2020-12-03,Glenn,021,27897,1143,997,77,1074,8
2020-12-03,Humboldt,023,135768,1138,923,4,927,9
2020-12-03,Imperial,025,180216,18022,16436,171,16607,359
2020-12-03,Inyo,027,18085,360,321,1,322,15
2020-12-03,Kern,029,883053,46369,42062,2071,44133,483
2020-12-03,Kings,031,150075,12861,11658,284,11942,87
2020-12-03,Lake,033,64148,1185,991,0,991,20
2020-12-03,Lassen,035,31185,2752,2128,9,2137,0
2020-12-03,Los Angeles,037,10098052,462792,415805,8606,424411,7787
2020-12-03,Madera,039,155013,7393,6398,212,6610,58
2020-12-03,Marin,041,260295,8179,7861,38,7899,136
2020-12-03,Mariposa,043,17540,166,132,2,134,2
2020-12-03,Mendocino,045,87422,1742,1547,9,1556,23
2020-12-03,Merced,047,269075,13513,12310,159,12469,177
2020-12-03,Modoc,049,8938,151,114,28,142,0
2020-12-03,Mono,051,14174,626,527,8,535,3
2020-12-03,Monterey,053,433212,18191,16218,361,16579,125
2020-12-03,Napa,055,140530,3926,3360,19,3379,19
2020-12-03,Nevada,057,99092,1873,1472,46,1518,10
2020-12-03,Orange,059,3164182,94261,82187,3020,85207,1591
2020-12-03,Placer,061,380077,9248,7270,217,7487,73
2020-12-03,Plumas,063,18699,284,223,0,223,0
2020-12-03,Riverside,065,2383286,109736,92489,3000,95489,1461
2020-12-03,Sacramento,067,1510023,44718,40280,176,40456,614
2020-12-03,San Benito,069,59416,2237,1967,16,1983,16
2020-12-03,San Bernardino,071,2135413,118790,100787,2528,103315,1283
2020-12-03,San Diego,073,3302833,96953,86144,3867,90011,1040
2020-12-03,San Francisco,075,870044,17469,16236,131,16367,161
2020-12-03,San Joaquin,077,732212,30798,27239,681,27920,522
2020-12-03,San Luis Obispo,079,281455,7197,6388,126,6514,42
2020-12-03,San Mateo,081,765935,16898,14909,16,14925,173
2020-12-03,Santa Barbara,083,443738,13147,11829,240,12069,141
2020-12-03,Santa Clara,085,1922200,43505,36621,107,36728,465
2020-12-03,Santa Cruz,087,273765,5657,4850,90,4940,28
2020-12-03,Shasta,089,179085,6361,5330,337,5667,48
2020-12-03,Sierra,091,2930,19,17,0,17,0
2020-12-03,Siskiyou,093,43540,768,629,53,682,2
2020-12-03,Solano,095,438530,12194,10857,101,10958,87
2020-12-03,Sonoma,097,501317,14026,12772,87,12859,164
2020-12-03,Stanislaus,099,539301,25050,22821,1817,24638,447
2020-12-03,Sutter,101,95872,4436,3727,14,3741,20
2020-12-03,Tehama,103,63373,2068,1832,97,1929,9
2020-12-03,Trinity,105,12862,271,166,25,191,0
2020-12-03,Tulare,107,460477,24094,21993,2053,24046,321
2020-12-03,Tuolumne,109,53932,1347,1105,6,1111,7
2020-12-03,Ventura,111,848112,24267,21555,791,22346,187
2020-12-03,Yolo,113,214977,5820,5069,21,5090,87
2020-12-03,Yuba,115,75493,2512,2182,17,2199,10
2020-12-02,Alameda,001,1643700,34402,30697,455,31152,463
2020-12-02,Alpine,003,1148,57,52,0,52,0
2020-12-02,Amador,005,37829,1061,585,3,588,16
2020-12-02,Butte,007,227075,4744,4243,286,4529,65
2020-12-02,Calaveras,009,45235,619,553,0,553,21
2020-12-02,Colusa,011,21464,902,756,16,772,6
2020-12-02,Contra Costa,013,1133247,27577,25147,203,25350,264
2020-12-02,Del Norte,015,27424,452,384,0,384,2
2020-12-02,El Dorado,017,186661,3517,2638,49,2687,5
2020-12-02,Fresno,019,978130,46730,39324,1904,41228,507
2020-12-02,Glenn,021,27897,1126,995,69,1064,7
2020-12-02,Humboldt,023,135768,1112,899,4,903,9
2020-12-02,Imperial,025,180216,17597,16360,162,16522,356
2020-12-02,Inyo,027,18085,353,314,1,315,15
2020-12-02,Kern,029,883053,45479,41660,1966,43626,479
2020-12-02,Kings,031,150075,12508,11531,270,11801,86
2020-12-02,Lake,033,64148,1156,971,0,971,20
2020-12-02,Lassen,035,31185,2693,2115,9,2124,0
2020-12-02,Los Angeles,037,10098052,452765,408289,8248,416537,7739
2020-12-02,Madera,039,155013,7270,6370,204,6574,57
2020-12-02,Marin,041,260295,8132,7819,36,7855,136
2020-12-02,Mariposa,043,17540,163,131,2,133,2
2020-12-02,Mendocino,045,87422,1709,1524,9,1533,23
2020-12-02,Merced,047,269075,13271,12168,152,12320,173
2020-12-02,Modoc,049,8938,148,113,28,141,0
2020-12-02,Mono,051,14174,617,520,8,528,3
2020-12-02,Monterey,053,433212,17714,16064,322,16386,121
2020-12-02,Napa,055,140530,3823,3298,18,3316,19
2020-12-02,Nevada,057,99092,1811,1430,45,1475,9
2020-12-02,Orange,059,3164182,92068,81046,2939,83985,1569
2020-12-02,Placer,061,380077,9016,6941,202,7143,73
2020-12-02,Plumas,063,18699,271,218,0,218,0
2020-12-02,Riverside,065,2383286,107021,90089,2812,92901,1451
2020-12-02,Sacramento,067,1510023,43685,39334,165,39499,597
2020-12-02,San Benito,069,59416,2172,1921,16,1937,16
2020-12-02,San Bernardino,071,2135413,115236,98567,2410,100977,1240
2020-12-02,San Diego,073,3302833,95039,84640,3753,88393,1035
2020-12-02,San Francisco,075,870044,17231,16058,129,16187,157
2020-12-02,San Joaquin,077,732212,30177,26740,656,27396,519
2020-12-02,San Luis Obispo,079,281455,7099,6324,123,6447,42
2020-12-02,San Mateo,081,765935,16535,14757,15,14772,170
2020-12-02,Santa Barbara,083,443738,12995,11705,228,11933,140
2020-12-02,Santa Clara,085,1922200,42391,35878,106,35984,458
2020-12-02,Santa Cruz,087,273765,5525,4766,87,4853,27
2020-12-02,Shasta,089,179085,6237,5188,320,5508,47
2020-12-02,Sierra,091,2930,19,17,0,17,0
2020-12-02,Siskiyou,093,43540,752,624,51,675,1
2020-12-02,Solano,095,438530,11949,10701,96,10797,87
2020-12-02,Sonoma,097,501317,13786,12635,86,12721,163
2020-12-02,Stanislaus,099,539301,24555,22615,1757,24372,448
2020-12-02,Sutter,101,95872,4275,3604,14,3618,18
2020-12-02,Tehama,103,63373,2025,1800,82,1882,9
2020-12-02,Trinity,105,12862,264,165,25,190,0
2020-12-02,Tulare,107,460477,23718,21789,1967,23756,321
2020-12-02,Tuolumne,109,53932,1306,1076,6,1082,7
2020-12-02,Ventura,111,848112,23857,21208,774,21982,186
2020-12-02,Yolo,113,214977,5709,5053,20,5073,87
2020-12-02,Yuba,115,75493,2435,2119,16,2135,10
2020-12-01,Alameda,001,1643700,33716,30252,443,30695,460
2020-12-01,Alpine,003,1148,57,41,0,41,0
2020-12-01,Amador,005,37829,914,575,2,577,16
2020-12-01,Butte,007,227075,4640,4177,270,4447,65
2020-12-01,Calaveras,009,45235,601,544,0,544,21
2020-12-01,Colusa,011,21464,885,747,16,763,6
2020-12-01,Contra Costa,013,1133247,27004,24788,195,24983,264
2020-12-01,Del Norte,015,27424,424,357,0,357,2
2020-12-01,El Dorado,017,186661,3372,2542,44,2586,4
2020-12-01,Fresno,019,978130,45832,39004,1820,40824,505
2020-12-01,Glenn,021,27897,1105,989,65,1054,7
2020-12-01,Humboldt,023,135768,1081,886,4,890,9
2020-12-01,Imperial,025,180216,17284,16278,159,16437,356
2020-12-01,Inyo,027,18085,346,304,1,305,15
2020-12-01,Kern,029,883053,44679,41345,1831,43176,478
2020-12-01,Kings,031,150075,12195,11415,254,11669,86
2020-12-01,Lake,033,64148,1138,969,0,969,19
2020-12-01,Lassen,035,31185,2527,2047,8,2055,0
2020-12-01,Los Angeles,037,10098052,442425,403266,7906,411172,7704
2020-12-01,Madera,039,155013,7153,6270,195,6465,57
2020-12-01,Marin,041,260295,8062,7787,35,7822,136
2020-12-01,Mariposa,043,17540,158,128,2,130,2
2020-12-01,Mendocino,045,87422,1675,1497,9,1506,23
2020-12-01,Merced,047,269075,13028,12032,143,12175,172
2020-12-01,Modoc,049,8938,143,113,24,137,0
2020-12-01,Mono,051,14174,604,520,8,528,3
2020-12-01,Monterey,053,433212,17207,15835,312,16147,121
2020-12-01,Napa,055,140530,3739,3124,17,3141,19
2020-12-01,Nevada,057,99092,1749,1411,44,1455,9
2020-12-01,Orange,059,3164182,89975,79468,2848,82316,1567
2020-12-01,Placer,061,380077,8692,6794,195,6989,72
2020-12-01,Plumas,063,18699,259,201,0,201,0
2020-12-01,Riverside,065,2383286,104223,88530,2643,91173,1448
2020-12-01,Sacramento,067,1510023,42637,38966,160,39126,589
2020-12-01,San Benito,069,59416,2117,1888,16,1904,15
2020-12-01,San Bernardino,071,2135413,111768,95854,2280,98134,1220
2020-12-01,San Diego,073,3302833,92782,83423,3643,87066,1019
2020-12-01,San Francisco,075,870044,16950,15797,125,15922,157
2020-12-01,San Joaquin,077,732212,29376,26432,634,27066,514
2020-12-01,San Luis Obispo,079,281455,6959,6264,118,6382,40
2020-12-01,San Mateo,081,765935,16210,14495,15,14510,170
2020-12-01,Santa Barbara,083,443738,12855,11611,218,11829,140
2020-12-01,Santa Clara,085,1922200,41135,35397,101,35498,452
2020-12-01,Santa Cruz,087,273765,5367,4638,79,4717,27
2020-12-01,Shasta,089,179085,6110,5077,299,5376,47
2020-12-01,Sierra,091,2930,19,17,0,17,0
2020-12-01,Siskiyou,093,43540,738,608,47,655,1
2020-12-01,Solano,095,438530,11691,10604,90,10694,87
2020-12-01,Sonoma,097,501317,13581,12491,83,12574,163
2020-12-01,Stanislaus,099,539301,24100,22351,1699,24050,447
2020-12-01,Sutter,101,95872,4134,3538,14,3552,17
2020-12-01,Tehama,103,63373,1964,1773,71,1844,9
2020-12-01,Trinity,105,12862,252,165,20,185,0
2020-12-01,Tulare,107,460477,23265,21645,1893,23538,319
2020-12-01,Tuolumne,109,53932,1270,1052,3,1055,7
2020-12-01,Ventura,111,848112,23244,20604,752,21356,186
2020-12-01,Yolo,113,214977,5569,4928,20,4948,86
2020-12-01,Yuba,115,75493,2369,2088,15,2103,10
2020-11-30,Alameda,001,1643700,32901,29972,425,30397,457
2020-11-30,Alpine,003,1148,55,41,0,41,0
2020-11-30,Amador,005,37829,873,559,2,561,16
2020-11-30,Butte,007,227075,4524,4148,253,4401,65
2020-11-30,Calaveras,009,45235,578,478,0,478,21
2020-11-30,Colusa,011,21464,858,737,12,749,6
2020-11-30,Contra Costa,013,1133247,26428,24365,191,24556,264
2020-11-30,Del Norte,015,27424,401,339,0,339,2
2020-11-30,El Dorado,017,186661,3198,2488,39,2527,4
2020-11-30,Fresno,019,978130,44726,38712,1700,40412,500
2020-11-30,Glenn,021,27897,1082,954,60,1014,5
2020-11-30,Humboldt,023,135768,1034,870,4,874,9
2020-11-30,Imperial,025,180216,17032,16212,134,16346,356
2020-11-30,Inyo,027,18085,341,304,1,305,15
2020-11-30,Kern,029,883053,43921,40941,1689,42630,473
2020-11-30,Kings,031,150075,12049,11346,237,11583,85
2020-11-30,Lake,033,64148,1107,939,0,939,18
2020-11-30,Lassen,035,31185,2434,1793,8,1801,0
2020-11-30,Los Angeles,037,10098052,431779,396202,7559,403761,7658
2020-11-30,Madera,039,155013,6987,6210,181,6391,57
2020-11-30,Marin,041,260295,8019,7764,34,7798,136
2020-11-30,Mariposa,043,17540,151,123,2,125,2
2020-11-30,Mendocino,045,87422,1648,1482,9,1491,23
2020-11-30,Merced,047,269075,12754,11913,132,12045,172
2020-11-30,Modoc,049,8938,133,113,24,137,0
2020-11-30,Mono,051,14174,582,519,8,527,3
2020-11-30,Monterey,053,433212,16778,15837,304,16141,119
2020-11-30,Napa,055,140530,3639,3091,17,3108,18
2020-11-30,Nevada,057,99092,1662,1347,41,1388,9
2020-11-30,Orange,059,3164182,87868,78711,2749,81460,1568
2020-11-30,Placer,061,380077,8400,6575,182,6757,72
2020-11-30,Plumas,063,18699,248,192,0,192,0
2020-11-30,Riverside,065,2383286,101235,87722,2488,90210,1446
2020-11-30,Sacramento,067,1510023,41558,37834,152,37986,586
2020-11-30,San Benito,069,59416,2070,1875,15,1890,15
2020-11-30,San Bernardino,071,2135413,108043,92704,2161,94865,1220
2020-11-30,San Diego,073,3302833,90422,82045,3516,85561,997
2020-11-30,San Francisco,075,870044,16651,15638,122,15760,157
2020-11-30,San Joaquin,077,732212,28671,25742,608,26350,509
2020-11-30,San Luis Obispo,079,281455,6824,6224,116,6340,36
2020-11-30,San Mateo,081,765935,15850,14276,15,14291,170
2020-11-30,Santa Barbara,083,443738,12677,11572,211,11783,140
2020-11-30,Santa Clara,085,1922200,39927,35019,100,35119,451
2020-11-30,Santa Cruz,087,273765,5229,4558,75,4633,26
2020-11-30,Shasta,089,179085,5969,4933,265,5198,44
2020-11-30,Sierra,091,2930,19,16,0,16,0
2020-11-30,Siskiyou,093,43540,729,605,43,648,1
2020-11-30,Solano,095,438530,11429,10392,85,10477,87
2020-11-30,Sonoma,097,501317,13337,12232,79,12311,163
2020-11-30,Stanislaus,099,539301,23641,22110,1653,23763,446
2020-11-30,Sutter,101,95872,3977,3430,13,3443,16
2020-11-30,Tehama,103,63373,1916,1724,65,1789,9
2020-11-30,Trinity,105,12862,246,162,20,182,0
2020-11-30,Tulare,107,460477,22881,20833,1796,22629,319
2020-11-30,Tuolumne,109,53932,1225,1027,3,1030,7
2020-11-30,Ventura,111,848112,22485,20308,736,21044,180
2020-11-30,Yolo,113,214977,5457,4894,20,4914,81
2020-11-30,Yuba,115,75493,2308,2028,13,2041,10
2020-11-29,Alameda,001,1643700,32116,29918,403,30321,457
2020-11-29,Alpine,003,1148,52,41,0,41,0
2020-11-29,Amador,005,37829,722,548,2,550,16
2020-11-29,Butte,007,227075,4425,4008,231,4239,65
2020-11-29,Calaveras,009,45235,546,478,0,478,21
2020-11-29,Colusa,011,21464,829,723,8,731,6
2020-11-29,Contra Costa,013,1133247,25925,24165,185,24350,264
2020-11-29,Del Norte,015,27424,395,339,0,339,2
2020-11-29,El Dorado,017,186661,3068,2447,38,2485,4
2020-11-29,Fresno,019,978130,43778,38568,1624,40192,500
2020-11-29,Glenn,021,27897,1059,951,58,1009,4
2020-11-29,Humboldt,023,135768,1005,856,4,860,9
2020-11-29,Imperial,025,180216,16805,16138,106,16244,356
2020-11-29,Inyo,027,18085,326,289,1,290,15
2020-11-29,Kern,029,883053,43164,40596,1538,42134,473
2020-11-29,Kings,031,150075,11901,11247,217,11464,85
2020-11-29,Lake,033,64148,1083,927,0,927,18
2020-11-29,Lassen,035,31185,2331,1793,8,1801,0
2020-11-29,Los Angeles,037,10098052,421408,391162,7238,398400,7642
2020-11-29,Madera,039,155013,6844,6184,175,6359,57
2020-11-29,Marin,041,260295,7953,7739,32,7771,135
2020-11-29,Mariposa,043,17540,147,123,2,125,2
2020-11-29,Mendocino,045,87422,1614,1473,9,1482,23
2020-11-29,Merced,047,269075,12515,11773,123,11896,172
2020-11-29,Modoc,049,8938,129,105,22,127,0
2020-11-29,Mono,051,14174,559,515,8,523,3
2020-11-29,Monterey,053,433212,16467,15621,297,15918,119
2020-11-29,Napa,055,140530,3534,3090,16,3106,18
2020-11-29,Nevada,057,99092,1581,1311,39,1350,9
2020-11-29,Orange,059,3164182,85850,78057,2700,80757,1567
2020-11-29,Placer,061,380077,8104,6535,168,6703,72
2020-11-29,Plumas,063,18699,243,191,0,191,0
2020-11-29,Riverside,065,2383286,98854,87383,2325,89708,1442
2020-11-29,Sacramento,067,1510023,40481,37415,144,37559,585
2020-11-29,San Benito,069,59416,2026,1860,15,1875,15
2020-11-29,San Bernardino,071,2135413,104704,92052,2036,94088,1223
2020-11-29,San Diego,073,3302833,88011,81086,3363,84449,997
2020-11-29,San Francisco,075,870044,16370,15571,115,15686,153
2020-11-29,San Joaquin,077,732212,27930,25740,602,26342,509
2020-11-29,San Luis Obispo,079,281455,6702,6145,116,6261,36
2020-11-29,San Mateo,081,765935,15516,14177,15,14192,169
2020-11-29,Santa Barbara,083,443738,12523,11520,207,11727,140
2020-11-29,Santa Clara,085,1922200,38721,34234,94,34328,451
2020-11-29,Santa Cruz,087,273765,5070,4490,73,4563,26
2020-11-29,Shasta,089,179085,5797,4935,234,5169,43
2020-11-29,Sierra,091,2930,19,16,0,16,0
2020-11-29,Siskiyou,093,43540,706,590,41,631,1
2020-11-29,Solano,095,438530,11197,10393,81,10474,87
2020-11-29,Sonoma,097,501317,13085,12052,75,12127,163
2020-11-29,Stanislaus,099,539301,23148,21701,1614,23315,446
2020-11-29,Sutter,101,95872,3860,3297,13,3310,16
2020-11-29,Tehama,103,63373,1865,1710,49,1759,9
2020-11-29,Trinity,105,12862,243,159,19,178,0
2020-11-29,Tulare,107,460477,22520,20793,1711,22504,319
2020-11-29,Tuolumne,109,53932,1189,988,3,991,7
2020-11-29,Ventura,111,848112,21801,19952,723,20675,179
2020-11-29,Yolo,113,214977,5319,4830,19,4849,80
2020-11-29,Yuba,115,75493,2252,1959,13,1972,10
2020-11-28,Alameda,001,1643700,31807,29368,398,29766,456
2020-11-28,Alpine,003,1148,52,41,0,41,0
2020-11-28,Amador,005,37829,645,536,2,538,16
2020-11-28,Butte,007,227075,4367,3894,227,4121,65
2020-11-28,Calaveras,009,45235,542,478,0,478,21
2020-11-28,Colusa,011,21464,820,711,6,717,6
2020-11-28,Contra Costa,013,1133247,25592,23798,181,23979,264
2020-11-28,Del Norte,015,27424,385,328,0,328,2
2020-11-28,El Dorado,017,186661,3000,2415,32,2447,4
2020-11-28,Fresno,019,978130,43434,38288,1583,39871,500
2020-11-28,Glenn,021,27897,1048,925,54,979,4
2020-11-28,Humboldt,023,135768,970,844,4,848,9
2020-11-28,Imperial,025,180216,16741,16019,104,16123,356
2020-11-28,Inyo,027,18085,318,289,1,290,15
2020-11-28,Kern,029,883053,42803,40255,1449,41704,473
2020-11-28,Kings,031,150075,11837,11070,208,11278,85
2020-11-28,Lake,033,64148,1068,920,0,920,18
2020-11-28,Lassen,035,31185,2264,1714,8,1722,0
2020-11-28,Los Angeles,037,10098052,416501,386194,7076,393270,7625
2020-11-28,Madera,039,155013,6742,6119,168,6287,57
2020-11-28,Marin,041,260295,7923,7696,28,7724,135
2020-11-28,Mariposa,043,17540,144,120,2,122,2
2020-11-28,Mendocino,045,87422,1583,1458,9,1467,22
2020-11-28,Merced,047,269075,12417,11688,117,11805,172
2020-11-28,Modoc,049,8938,126,103,22,125,0
2020-11-28,Mono,051,14174,553,505,8,513,3
2020-11-28,Monterey,053,433212,16301,15328,293,15621,118
2020-11-28,Napa,055,140530,3483,3033,15,3048,18
2020-11-28,Nevada,057,99092,1553,1272,37,1309,9
2020-11-28,Orange,059,3164182,84754,76882,2652,79534,1568
2020-11-28,Placer,061,380077,7945,6497,165,6662,70
2020-11-28,Plumas,063,18699,236,188,0,188,0
2020-11-28,Riverside,065,2383286,97451,86854,2218,89072,1440
2020-11-28,Sacramento,067,1510023,39902,36905,140,37045,580
2020-11-28,San Benito,069,59416,1979,1835,15,1850,15
2020-11-28,San Bernardino,071,2135413,103309,91183,1934,93117,1224
2020-11-28,San Diego,073,3302833,86758,80020,3279,83299,997
2020-11-28,San Francisco,075,870044,16193,15450,107,15557,153
2020-11-28,San Joaquin,077,732212,27734,25742,587,26329,509
2020-11-28,San Luis Obispo,079,281455,6632,6106,112,6218,36
2020-11-28,San Mateo,081,765935,15326,14040,15,14055,169
2020-11-28,Santa Barbara,083,443738,12421,11481,202,11683,140
2020-11-28,Santa Clara,085,1922200,37975,33701,92,33793,449
2020-11-28,Santa Cruz,087,273765,4993,4426,73,4499,26
2020-11-28,Shasta,089,179085,5719,4882,227,5109,43
2020-11-28,Sierra,091,2930,19,16,0,16,0
2020-11-28,Siskiyou,093,43540,696,558,38,596,1
2020-11-28,Solano,095,438530,11078,10252,79,10331,87
2020-11-28,Sonoma,097,501317,12982,12008,65,12073,162
2020-11-28,Stanislaus,099,539301,22912,21574,1577,23151,446
2020-11-28,Sutter,101,95872,3776,3244,13,3257,15
2020-11-28,Tehama,103,63373,1849,1678,45,1723,9
2020-11-28,Trinity,105,12862,241,157,17,174,0
2020-11-28,Tulare,107,460477,22331,20701,1663,22364,319
2020-11-28,Tuolumne,109,53932,1167,976,3,979,7
2020-11-28,Ventura,111,848112,21503,19510,713,20223,179
2020-11-28,Yolo,113,214977,5245,4739,17,4756,80
2020-11-28,Yuba,115,75493,2199,1912,13,1925,10
2020-11-27,Alameda,001,1643700,31369,29064,387,29451,450
2020-11-27,Alpine,003,1148,52,41,0,41,0
2020-11-27,Amador,005,37829,598,498,1,499,16
2020-11-27,Butte,007,227075,4326,3894,221,4115,65
2020-11-27,Calaveras,009,45235,533,478,0,478,21
2020-11-27,Colusa,011,21464,803,694,4,698,6
2020-11-27,Contra Costa,013,1133247,25332,23463,175,23638,264
2020-11-27,Del Norte,015,27424,379,307,0,307,2
2020-11-27,El Dorado,017,186661,2929,2238,29,2267,4
2020-11-27,Fresno,019,978130,43029,37994,1523,39517,500
2020-11-27,Glenn,021,27897,1035,891,49,940,4
2020-11-27,Humboldt,023,135768,951,795,3,798,9
2020-11-27,Imperial,025,180216,16673,15960,95,16055,356
2020-11-27,Inyo,027,18085,312,289,1,290,15
2020-11-27,Kern,029,883053,42385,39707,1373,41080,473
2020-11-27,Kings,031,150075,11751,10667,190,10857,85
2020-11-27,Lake,033,64148,1032,909,0,909,18
2020-11-27,Lassen,035,31185,2252,1714,8,1722,0
2020-11-27,Los Angeles,037,10098052,410002,382740,6909,389649,7606
2020-11-27,Madera,039,155013,6670,6050,162,6212,57
2020-11-27,Marin,041,260295,7880,7660,28,7688,135
2020-11-27,Mariposa,043,17540,142,118,2,120,2
2020-11-27,Mendocino,045,87422,1568,1387,8,1395,22
2020-11-27,Merced,047,269075,12311,11550,110,11660,172
2020-11-27,Modoc,049,8938,125,100,22,122,0
2020-11-27,Mono,051,14174,549,498,8,506,3
2020-11-27,Monterey,053,433212,16134,14753,293,15046,113
2020-11-27,Napa,055,140530,3443,2988,15,3003,18
2020-11-27,Nevada,057,99092,1523,1184,35,1219,9
2020-11-27,Orange,059,3164182,83468,75151,2612,77763,1568
2020-11-27,Placer,061,380077,7784,6283,155,6438,68
2020-11-27,Plumas,063,18699,233,188,0,188,0
2020-11-27,Riverside,065,2383286,95850,85769,2057,87826,1440
2020-11-27,Sacramento,067,1510023,39279,36579,136,36715,579
2020-11-27,San Benito,069,59416,1945,1805,14,1819,15
2020-11-27,San Bernardino,071,2135413,101799,90254,1849,92103,1224
2020-11-27,San Diego,073,3302833,85565,78161,3191,81352,996
2020-11-27,San Francisco,075,870044,16037,15377,105,15482,153
2020-11-27,San Joaquin,077,732212,27514,25741,566,26307,509
2020-11-27,San Luis Obispo,079,281455,6549,6039,109,6148,36
2020-11-27,San Mateo,081,765935,15124,13872,14,13886,169
2020-11-27,Santa Barbara,083,443738,12328,11340,199,11539,140
2020-11-27,Santa Clara,085,1922200,37300,32935,85,33020,449
2020-11-27,Santa Cruz,087,273765,4922,4358,71,4429,26
2020-11-27,Shasta,089,179085,5642,4710,214,4924,43
2020-11-27,Sierra,091,2930,18,16,0,16,0
2020-11-27,Siskiyou,093,43540,681,554,35,589,1
2020-11-27,Solano,095,438530,10959,10044,76,10120,87
2020-11-27,Sonoma,097,501317,12850,11924,63,11987,162
2020-11-27,Stanislaus,099,539301,22685,21185,1546,22731,446
2020-11-27,Sutter,101,95872,3710,3101,12,3113,15
2020-11-27,Tehama,103,63373,1821,1649,41,1690,9
2020-11-27,Trinity,105,12862,237,151,17,168,0
2020-11-27,Tulare,107,460477,22145,20634,1604,22238,319
2020-11-27,Tuolumne,109,53932,1135,881,3,884,7
2020-11-27,Ventura,111,848112,21180,19379,691,20070,179
2020-11-27,Yolo,113,214977,5196,4737,17,4754,79
2020-11-27,Yuba,115,75493,2170,1864,12,1876,10
2020-11-26,Alameda,001,1643700,30957,28797,368,29165,447
2020-11-26,Alpine,003,1148,52,41,0,41,0
2020-11-26,Amador,005,37829,590,488,1,489,16
2020-11-26,Butte,007,227075,4263,3894,215,4109,65
2020-11-26,Calaveras,009,45235,505,478,0,478,21
2020-11-26,Colusa,011,21464,789,694,4,698,6
2020-11-26,Contra Costa,013,1133247,24997,23468,169,23637,264
2020-11-26,Del Norte,015,27424,368,307,0,307,2
2020-11-26,El Dorado,017,186661,2848,2217,27,2244,4
2020-11-26,Fresno,019,978130,42627,37724,1476,39200,500
2020-11-26,Glenn,021,27897,1020,892,46,938,4
2020-11-26,Humboldt,023,135768,929,795,2,797,9
2020-11-26,Imperial,025,180216,16565,15722,90,15812,355
2020-11-26,Inyo,027,18085,311,289,1,290,15
2020-11-26,Kern,029,883053,41946,39123,1301,40424,471
2020-11-26,Kings,031,150075,11696,10475,177,10652,85
2020-11-26,Lake,033,64148,1019,890,0,890,18
2020-11-26,Lassen,035,31185,2237,1714,8,1722,0
2020-11-26,Los Angeles,037,10098052,404865,378340,6659,384999,7581
2020-11-26,Madera,039,155013,6595,6003,156,6159,57
2020-11-26,Marin,041,260295,7843,7610,28,7638,135
2020-11-26,Mariposa,043,17540,137,116,2,118,2
2020-11-26,Mendocino,045,87422,1554,1387,6,1393,22
2020-11-26,Merced,047,269075,12163,11440,108,11548,172
2020-11-26,Modoc,049,8938,123,100,22,122,0
2020-11-26,Mono,051,14174,541,485,8,493,2
2020-11-26,Monterey,053,433212,15898,14750,285,15035,113
2020-11-26,Napa,055,140530,3379,2988,15,3003,18
2020-11-26,Nevada,057,99092,1477,1184,35,1219,9
2020-11-26,Orange,059,3164182,82087,74264,2545,76809,1563
2020-11-26,Placer,061,380077,7620,6278,146,6424,68
2020-11-26,Plumas,063,18699,225,188,0,188,0
2020-11-26,Riverside,065,2383286,94261,85774,1924,87698,1440
2020-11-26,Sacramento,067,1510023,38637,35854,128,35982,580
2020-11-26,San Benito,069,59416,1918,1769,14,1783,15
2020-11-26,San Bernardino,071,2135413,100155,89727,1754,91481,1223
2020-11-26,San Diego,073,3302833,83955,76359,3087,79446,996
2020-11-26,San Francisco,075,870044,15900,15156,102,15258,153
2020-11-26,San Joaquin,077,732212,27261,25738,552,26290,509
2020-11-26,San Luis Obispo,079,281455,6456,5964,106,6070,36
2020-11-26,San Mateo,081,765935,14936,13715,12,13727,169
2020-11-26,Santa Barbara,083,443738,12247,11277,198,11475,139
2020-11-26,Santa Clara,085,1922200,36658,32411,76,32487,446
2020-11-26,Santa Cruz,087,273765,4791,4269,65,4334,26
2020-11-26,Shasta,089,179085,5561,4712,202,4914,43
2020-11-26,Sierra,091,2930,18,15,0,15,0
2020-11-26,Siskiyou,093,43540,671,526,34,560,1
2020-11-26,Solano,095,438530,10816,9941,74,10015,87
2020-11-26,Sonoma,097,501317,12702,11922,61,11983,162
2020-11-26,Stanislaus,099,539301,22456,21186,1503,22689,445
2020-11-26,Sutter,101,95872,3616,3101,11,3112,15
2020-11-26,Tehama,103,63373,1780,1612,37,1649,9
2020-11-26,Trinity,105,12862,233,139,17,156,0
2020-11-26,Tulare,107,460477,21911,20649,1535,22184,319
2020-11-26,Tuolumne,109,53932,1107,871,3,874,7
2020-11-26,Ventura,111,848112,20684,19058,676,19734,179
2020-11-26,Yolo,113,214977,5109,4566,17,4583,76
2020-11-26,Yuba,115,75493,2112,1865,10,1875,10
2020-11-25,Alameda,001,1643700,30741,28378,360,28738,447
2020-11-25,Alpine,003,1148,52,41,0,41,0
2020-11-25,Amador,005,37829,580,484,1,485,16
2020-11-25,Butte,007,227075,4233,3848,212,4060,64
2020-11-25,Calaveras,009,45235,502,475,0,475,21
2020-11-25,Colusa,011,21464,772,693,4,697,6
2020-11-25,Contra Costa,013,1133247,24842,23307,168,23475,263
2020-11-25,Del Norte,015,27424,367,304,0,304,2
2020-11-25,El Dorado,017,186661,2812,2154,27,2181,4
2020-11-25,Fresno,019,978130,42395,37349,1454,38803,494
2020-11-25,Glenn,021,27897,1003,891,44,935,4
2020-11-25,Humboldt,023,135768,921,777,2,779,9
2020-11-25,Imperial,025,180216,16495,15640,88,15728,355
2020-11-25,Inyo,027,18085,309,289,1,290,15
2020-11-25,Kern,029,883053,41790,38878,1282,40160,467
2020-11-25,Kings,031,150075,11661,10417,173,10590,85
2020-11-25,Lake,033,64148,1002,878,0,878,18
2020-11-25,Lassen,035,31185,2194,1701,8,1709,0
2020-11-25,Los Angeles,037,10098052,401843,373919,6548,380467,7545
2020-11-25,Madera,039,155013,6573,5989,153,6142,57
2020-11-25,Marin,041,260295,7816,7601,27,7628,135
2020-11-25,Mariposa,043,17540,136,114,2,116,2
2020-11-25,Mendocino,045,87422,1535,1373,6,1379,22
2020-11-25,Merced,047,269075,12105,11346,108,11454,172
2020-11-25,Modoc,049,8938,123,96,22,118,0
2020-11-25,Mono,051,14174,536,487,8,495,2
2020-11-25,Monterey,053,433212,15781,14695,283,14978,113
2020-11-25,Napa,055,140530,3346,2945,15,2960,17
2020-11-25,Nevada,057,99092,1459,1170,33,1203,9
2020-11-25,Orange,059,3164182,81335,73014,2525,75539,1551
2020-11-25,Placer,061,380077,7544,6221,145,6366,68
2020-11-25,Plumas,063,18699,220,183,0,183,0
2020-11-25,Riverside,065,2383286,93722,85077,1903,86980,1438
2020-11-25,Sacramento,067,1510023,38301,35687,125,35812,574
2020-11-25,San Benito,069,59416,1895,1764,14,1778,15
2020-11-25,San Bernardino,071,2135413,99317,88469,1724,90193,1225
2020-11-25,San Diego,073,3302833,83302,75307,3050,78357,988
2020-11-25,San Francisco,075,870044,15795,15053,100,15153,153
2020-11-25,San Joaquin,077,732212,27135,25556,539,26095,515
2020-11-25,San Luis Obispo,079,281455,6413,5913,105,6018,34
2020-11-25,San Mateo,081,765935,14821,13614,12,13626,170
2020-11-25,Santa Barbara,083,443738,12197,11183,198,11381,138
2020-11-25,Santa Clara,085,1922200,36211,32032,75,32107,442
2020-11-25,Santa Cruz,087,273765,4740,4202,63,4265,25
2020-11-25,Shasta,089,179085,5515,4588,195,4783,43
2020-11-25,Sierra,091,2930,18,15,0,15,0
2020-11-25,Siskiyou,093,43540,664,499,34,533,1
2020-11-25,Solano,095,438530,10711,9832,73,9905,87
2020-11-25,Sonoma,097,501317,12639,11775,60,11835,162
2020-11-25,Stanislaus,099,539301,22327,21022,1474,22496,445
2020-11-25,Sutter,101,95872,3572,3064,11,3075,14
2020-11-25,Tehama,103,63373,1768,1587,32,1619,9
2020-11-25,Trinity,105,12862,231,135,17,152,0
2020-11-25,Tulare,107,460477,21821,20528,1503,22031,318
2020-11-25,Tuolumne,109,53932,1090,842,3,845,7
2020-11-25,Ventura,111,848112,20591,18914,670,19584,179
2020-11-25,Yolo,113,214977,5073,4527,17,4544,76
2020-11-25,Yuba,115,75493,2086,1840,10,1850,10
2020-11-24,Alameda,001,1643700,30263,28030,349,28379,444
2020-11-24,Alpine,003,1148,52,41,0,41,0
2020-11-24,Amador,005,37829,555,470,1,471,16
2020-11-24,Butte,007,227075,4148,3798,204,4002,63
2020-11-24,Calaveras,009,45235,495,466,0,466,21
2020-11-24,Colusa,011,21464,754,682,4,686,6
2020-11-24,Contra Costa,013,1133247,24489,23072,162,23234,259
2020-11-24,Del Norte,015,27424,357,298,0,298,2
2020-11-24,El Dorado,017,186661,2707,2005,26,2031,4
2020-11-24,Fresno,019,978130,41994,37021,1375,38396,493
2020-11-24,Glenn,021,27897,985,883,40,923,4
2020-11-24,Humboldt,023,135768,902,774,2,776,9
2020-11-24,Imperial,025,180216,16393,15600,81,15681,355
2020-11-24,Inyo,027,18085,308,282,1,283,15
2020-11-24,Kern,029,883053,41318,38551,1203,39754,465
2020-11-24,Kings,031,150075,11394,10338,160,10498,85
2020-11-24,Lake,033,64148,986,872,0,872,18
2020-11-24,Lassen,035,31185,2172,1657,8,1665,0
2020-11-24,Los Angeles,037,10098052,395539,370008,6307,376315,7501
2020-11-24,Madera,039,155013,6489,5881,146,6027,57
2020-11-24,Marin,041,260295,7769,7591,27,7618,135
2020-11-24,Mariposa,043,17540,126,114,1,115,2
2020-11-24,Mendocino,045,87422,1513,1346,5,1351,22
2020-11-24,Merced,047,269075,11916,11268,103,11371,171
2020-11-24,Modoc,049,8938,119,91,22,113,0
2020-11-24,Mono,051,14174,532,483,8,491,2
2020-11-24,Monterey,053,433212,15523,14354,271,14625,113
2020-11-24,Napa,055,140530,3280,2904,15,2919,17
2020-11-24,Nevada,057,99092,1396,1156,30,1186,9
2020-11-24,Orange,059,3164182,79892,71975,2440,74415,1547
2020-11-24,Placer,061,380077,7362,6147,138,6285,67
2020-11-24,Plumas,063,18699,217,180,0,180,0
2020-11-24,Riverside,065,2383286,91971,83685,1770,85455,1420
2020-11-24,Sacramento,067,1510023,37621,35097,118,35215,568
2020-11-24,San Benito,069,59416,1863,1740,13,1753,15
2020-11-24,San Bernardino,071,2135413,96987,86645,1617,88262,1226
2020-11-24,San Diego,073,3302833,81896,74363,2979,77342,984
2020-11-24,San Francisco,075,870044,15599,14874,97,14971,153
2020-11-24,San Joaquin,077,732212,26821,25318,508,25826,517
2020-11-24,San Luis Obispo,079,281455,6350,5805,104,5909,34
2020-11-24,San Mateo,081,765935,14612,13558,11,13569,170
2020-11-24,Santa Barbara,083,443738,12091,11154,196,11350,138
2020-11-24,Santa Clara,085,1922200,35423,31564,71,31635,438
2020-11-24,Santa Cruz,087,273765,4627,4132,62,4194,25
2020-11-24,Shasta,089,179085,5415,4410,176,4586,43
2020-11-24,Sierra,091,2930,18,15,0,15,0
2020-11-24,Siskiyou,093,43540,646,473,31,504,1
2020-11-24,Solano,095,438530,10540,9716,72,9788,86
2020-11-24,Sonoma,097,501317,12459,11644,57,11701,162
2020-11-24,Stanislaus,099,539301,22086,20830,1430,22260,438
2020-11-24,Sutter,101,95872,3467,2974,11,2985,14
2020-11-24,Tehama,103,63373,1718,1565,27,1592,9
2020-11-24,Trinity,105,12862,225,129,17,146,0
2020-11-24,Tulare,107,460477,21574,20319,1437,21756,315
2020-11-24,Tuolumne,109,53932,1061,832,3,835,7
2020-11-24,Ventura,111,848112,20210,18637,658,19295,179
2020-11-24,Yolo,113,214977,4989,4420,17,4437,76
2020-11-24,Yuba,115,75493,2035,1804,8,1812,10
2020-11-23,Alameda,001,1643700,29850,27718,336,28054,444
2020-11-23,Alpine,003,1148,50,41,0,41,0
2020-11-23,Amador,005,37829,514,457,1,458,16
2020-11-23,Butte,007,227075,4084,3765,198,3963,61
2020-11-23,Calaveras,009,45235,478,434,0,434,21
2020-11-23,Colusa,011,21464,740,662,4,666,6
2020-11-23,Contra Costa,013,1133247,24218,22674,156,22830,260
2020-11-23,Del Norte,015,27424,335,296,0,296,2
2020-11-23,El Dorado,017,186661,2587,2005,25,2030,4
2020-11-23,Fresno,019,978130,41548,36688,1313,38001,488
2020-11-23,Glenn,021,27897,959,853,40,893,4
2020-11-23,Humboldt,023,135768,889,746,2,748,9
2020-11-23,Imperial,025,180216,16223,15104,75,15179,355
2020-11-23,Inyo,027,18085,301,279,1,280,15
2020-11-23,Kern,029,883053,40806,38245,1138,39383,463
2020-11-23,Kings,031,150075,10975,10204,152,10356,85
2020-11-23,Lake,033,64148,963,840,0,840,18
2020-11-23,Lassen,035,31185,2092,1271,7,1278,0
2020-11-23,Los Angeles,037,10098052,389457,366374,6049,372423,7447
2020-11-23,Madera,039,155013,6363,5787,141,5928,56
2020-11-23,Marin,041,260295,7727,7543,27,7570,135
2020-11-23,Mariposa,043,17540,125,97,1,98,2
2020-11-23,Mendocino,045,87422,1483,1330,5,1335,22
2020-11-23,Merced,047,269075,11728,11148,100,11248,169
2020-11-23,Modoc,049,8938,105,91,21,112,0
2020-11-23,Mono,051,14174,519,480,8,488,2
2020-11-23,Monterey,053,433212,15245,14265,264,14529,112
2020-11-23,Napa,055,140530,3214,2811,14,2825,17
2020-11-23,Nevada,057,99092,1307,1087,30,1117,9
2020-11-23,Orange,059,3164182,78489,71074,2392,73466,1546
2020-11-23,Placer,061,380077,7160,5999,137,6136,66
2020-11-23,Plumas,063,18699,213,172,0,172,0
2020-11-23,Riverside,065,2383286,90192,82175,1707,83882,1415
2020-11-23,Sacramento,067,1510023,37053,34141,111,34252,556
2020-11-23,San Benito,069,59416,1835,1729,12,1741,15
2020-11-23,San Bernardino,071,2135413,94882,84387,1553,85940,1224
2020-11-23,San Diego,073,3302833,80434,72817,2891,75708,968
2020-11-23,San Francisco,075,870044,15440,14646,95,14741,153
2020-11-23,San Joaquin,077,732212,26472,24622,504,25126,517
2020-11-23,San Luis Obispo,079,281455,6268,5772,102,5874,34
2020-11-23,San Mateo,081,765935,14420,13364,11,13375,170
2020-11-23,Santa Barbara,083,443738,11983,10944,192,11136,137
2020-11-23,Santa Clara,085,1922200,34773,31064,67,31131,435
2020-11-23,Santa Cruz,087,273765,4518,4003,57,4060,25
2020-11-23,Shasta,089,179085,5298,4100,163,4263,43
2020-11-23,Sierra,091,2930,17,15,0,15,0
2020-11-23,Siskiyou,093,43540,619,460,30,490,0
2020-11-23,Solano,095,438530,10383,9394,69,9463,86
2020-11-23,Sonoma,097,501317,12286,11507,53,11560,160
2020-11-23,Stanislaus,099,539301,21795,20487,1397,21884,436
2020-11-23,Sutter,101,95872,3329,2840,10,2850,14
2020-11-23,Tehama,103,63373,1670,1526,24,1550,9
2020-11-23,Trinity,105,12862,219,120,15,135,0
2020-11-23,Tulare,107,460477,21287,19818,1363,21181,315
2020-11-23,Tuolumne,109,53932,1021,774,3,777,7
2020-11-23,Ventura,111,848112,19835,18480,646,19126,179
2020-11-23,Yolo,113,214977,4909,4265,16,4281,75
2020-11-23,Yuba,115,75493,1968,1702,8,1710,10
2020-11-22,Alameda,001,1643700,29416,27472,324,27796,444
2020-11-22,Alpine,003,1148,47,41,0,41,0
2020-11-22,Amador,005,37829,502,450,1,451,16
2020-11-22,Butte,007,227075,4034,3712,188,3900,61
2020-11-22,Calaveras,009,45235,466,434,0,434,21
2020-11-22,Colusa,011,21464,722,642,3,645,6
2020-11-22,Contra Costa,013,1133247,23913,22407,151,22558,260
2020-11-22,Del Norte,015,27424,311,271,0,271,2
2020-11-22,El Dorado,017,186661,2477,1917,22,1939,4
2020-11-22,Fresno,019,978130,41067,36315,1255,37570,488
2020-11-22,Glenn,021,27897,939,832,34,866,4
2020-11-22,Humboldt,023,135768,873,729,2,731,9
2020-11-22,Imperial,025,180216,16018,15109,29,15138,355
2020-11-22,Inyo,027,18085,294,279,1,280,15
2020-11-22,Kern,029,883053,40229,37904,1101,39005,463
2020-11-22,Kings,031,150075,10874,10035,143,10178,85
2020-11-22,Lake,033,64148,941,834,0,834,18
2020-11-22,Lassen,035,31185,1927,1211,6,1217,0
2020-11-22,Los Angeles,037,10098052,383190,360341,5788,366129,7438
2020-11-22,Madera,039,155013,6283,5745,130,5875,56
2020-11-22,Marin,041,260295,7692,7506,26,7532,135
2020-11-22,Mariposa,043,17540,124,95,1,96,2
2020-11-22,Mendocino,045,87422,1459,1285,3,1288,22
2020-11-22,Merced,047,269075,11579,10939,100,11039,169
2020-11-22,Modoc,049,8938,104,87,19,106,0
2020-11-22,Mono,051,14174,504,481,8,489,2
2020-11-22,Monterey,053,433212,15004,13887,258,14145,111
2020-11-22,Napa,055,140530,3133,2778,14,2792,17
2020-11-22,Nevada,057,99092,1249,1052,30,1082,9
2020-11-22,Orange,059,3164182,77078,69913,2352,72265,1546
2020-11-22,Placer,061,380077,6938,5880,126,6006,66
2020-11-22,Plumas,063,18699,200,172,0,172,0
2020-11-22,Riverside,065,2383286,88605,81565,1643,83208,1409
2020-11-22,Sacramento,067,1510023,36322,33421,98,33519,555
2020-11-22,San Benito,069,59416,1806,1704,12,1716,15
2020-11-22,San Bernardino,071,2135413,92541,83505,1478,84983,1224
2020-11-22,San Diego,073,3302833,78698,71649,2816,74465,968
2020-11-22,San Francisco,075,870044,15269,14515,94,14609,153
2020-11-22,San Joaquin,077,732212,26175,24619,491,25110,517
2020-11-22,San Luis Obispo,079,281455,6166,5664,101,5765,34
2020-11-22,San Mateo,081,765935,14216,13228,11,13239,170
2020-11-22,Santa Barbara,083,443738,11848,10946,186,11132,137
2020-11-22,Santa Clara,085,1922200,34095,30633,65,30698,434
2020-11-22,Santa Cruz,087,273765,4436,3896,50,3946,25
2020-11-22,Shasta,089,179085,5141,4100,144,4244,43
2020-11-22,Sierra,091,2930,17,13,0,13,0
2020-11-22,Siskiyou,093,43540,587,411,30,441,0
2020-11-22,Solano,095,438530,10213,9363,65,9428,86
2020-11-22,Sonoma,097,501317,12128,11415,51,11466,159
2020-11-22,Stanislaus,099,539301,21471,20223,1363,21586,436
2020-11-22,Sutter,101,95872,3211,2677,10,2687,13
2020-11-22,Tehama,103,63373,1636,1457,19,1476,9
2020-11-22,Trinity,105,12862,214,114,15,129,0
2020-11-22,Tulare,107,460477,21039,19818,1290,21108,314
2020-11-22,Tuolumne,109,53932,995,689,3,692,7
2020-11-22,Ventura,111,848112,19474,18105,634,18739,179
2020-11-22,Yolo,113,214977,4808,4206,16,4222,75
2020-11-22,Yuba,115,75493,1915,1672,8,1680,10
2020-11-21,Alameda,001,1643700,29231,27424,322,27746,444
2020-11-21,Alpine,003,1148,47,41,0,41,0
2020-11-21,Amador,005,37829,488,450,1,451,16
2020-11-21,Butte,007,227075,3986,3664,185,3849,61
2020-11-21,Calaveras,009,45235,460,434,0,434,21
2020-11-21,Colusa,011,21464,713,642,3,645,6
2020-11-21,Contra Costa,013,1133247,23760,22338,149,22487,260
2020-11-21,Del Norte,015,27424,306,271,0,271,2
2020-11-21,El Dorado,017,186661,2428,1900,21,1921,4
2020-11-21,Fresno,019,978130,40812,35973,1222,37195,482
2020-11-21,Glenn,021,27897,934,829,32,861,4
2020-11-21,Humboldt,023,135768,863,728,2,730,9
2020-11-21,Imperial,025,180216,15941,15053,29,15082,355
2020-11-21,Inyo,027,18085,292,283,1,284,15
2020-11-21,Kern,029,883053,39979,37403,1063,38466,463
2020-11-21,Kings,031,150075,10826,10019,139,10158,85
2020-11-21,Lake,033,64148,928,832,0,832,18
2020-11-21,Lassen,035,31185,1859,1211,6,1217,0
2020-11-21,Los Angeles,037,10098052,380025,357754,5635,363389,7428
2020-11-21,Madera,039,155013,6246,5706,130,5836,56
2020-11-21,Marin,041,260295,7669,7488,25,7513,134
2020-11-21,Mariposa,043,17540,124,92,1,93,2
2020-11-21,Mendocino,045,87422,1428,1282,3,1285,22
2020-11-21,Merced,047,269075,11518,10849,99,10948,169
2020-11-21,Modoc,049,8938,100,87,18,105,0
2020-11-21,Mono,051,14174,499,469,8,477,2
2020-11-21,Monterey,053,433212,14906,13886,252,14138,110
2020-11-21,Napa,055,140530,3099,2757,14,2771,17
2020-11-21,Nevada,057,99092,1237,1018,29,1047,9
2020-11-21,Orange,059,3164182,76275,69021,2321,71342,1543
2020-11-21,Placer,061,380077,6827,5778,123,5901,65
2020-11-21,Plumas,063,18699,195,172,0,172,0
2020-11-21,Riverside,065,2383286,87833,80676,1594,82270,1407
2020-11-21,Sacramento,067,1510023,35927,33133,90,33223,548
2020-11-21,San Benito,069,59416,1787,1691,12,1703,15
2020-11-21,San Bernardino,071,2135413,91665,83206,1397,84603,1222
2020-11-21,San Diego,073,3302833,77919,70711,2761,73472,966
2020-11-21,San Francisco,075,870044,15166,14445,93,14538,153
2020-11-21,San Joaquin,077,732212,26042,24620,475,25095,517
2020-11-21,San Luis Obispo,079,281455,6114,5618,98,5716,34
2020-11-21,San Mateo,081,765935,14114,13138,11,13149,170
2020-11-21,Santa Barbara,083,443738,11797,10922,183,11105,137
2020-11-21,Santa Clara,085,1922200,33711,30377,62,30439,433
2020-11-21,Santa Cruz,087,273765,4380,3898,49,3947,25
2020-11-21,Shasta,089,179085,5068,4095,141,4236,42
2020-11-21,Sierra,091,2930,17,13,0,13,0
2020-11-21,Siskiyou,093,43540,571,403,30,433,0
2020-11-21,Solano,095,438530,10124,9290,61,9351,86
2020-11-21,Sonoma,097,501317,12053,11394,49,11443,158
2020-11-21,Stanislaus,099,539301,21328,20111,1338,21449,435
2020-11-21,Sutter,101,95872,3151,2615,9,2624,13
2020-11-21,Tehama,103,63373,1616,1435,18,1453,9
2020-11-21,Trinity,105,12862,211,110,14,124,0
2020-11-21,Tulare,107,460477,20913,19752,1256,21008,313
2020-11-21,Tuolumne,109,53932,976,690,3,693,7
2020-11-21,Ventura,111,848112,19311,18040,624,18664,177
2020-11-21,Yolo,113,214977,4732,4147,15,4162,75
2020-11-21,Yuba,115,75493,1883,1643,8,1651,10
2020-11-20,Alameda,001,1643700,29019,27221,314,27535,444
2020-11-20,Alpine,003,1148,47,20,0,20,0
2020-11-20,Amador,005,37829,484,446,1,447,16
2020-11-20,Butte,007,227075,3954,3618,181,3799,60
2020-11-20,Calaveras,009,45235,448,424,0,424,21
2020-11-20,Colusa,011,21464,705,631,2,633,6
2020-11-20,Contra Costa,013,1133247,23574,22116,145,22261,260
2020-11-20,Del Norte,015,27424,302,264,0,264,2
2020-11-20,El Dorado,017,186661,2332,1868,19,1887,4
2020-11-20,Fresno,019,978130,40521,35635,1189,36824,480
2020-11-20,Glenn,021,27897,922,826,30,856,4
2020-11-20,Humboldt,023,135768,854,714,1,715,9
2020-11-20,Imperial,025,180216,15879,14864,25,14889,353
2020-11-20,Inyo,027,18085,290,262,1,263,15
2020-11-20,Kern,029,883053,39687,37143,1037,38180,462
2020-11-20,Kings,031,150075,10779,9903,137,10040,85
2020-11-20,Lake,033,64148,919,820,0,820,18
2020-11-20,Lassen,035,31185,1774,1212,5,1217,0
2020-11-20,Los Angeles,037,10098052,376146,353554,5468,359022,7398
2020-11-20,Madera,039,155013,6154,5635,128,5763,54
2020-11-20,Marin,041,260295,7645,7467,24,7491,134
2020-11-20,Mariposa,043,17540,116,89,1,90,2
2020-11-20,Mendocino,045,87422,1408,1269,3,1272,22
2020-11-20,Merced,047,269075,11432,10729,99,10828,167
2020-11-20,Modoc,049,8938,100,83,18,101,0
2020-11-20,Mono,051,14174,497,469,8,477,2
2020-11-20,Monterey,053,433212,14781,13738,243,13981,110
2020-11-20,Napa,055,140530,3069,2718,14,2732,17
2020-11-20,Nevada,057,99092,1219,990,28,1018,9
2020-11-20,Orange,059,3164182,75442,68212,2281,70493,1532
2020-11-20,Placer,061,380077,6693,5687,107,5794,66
2020-11-20,Plumas,063,18699,193,163,0,163,0
2020-11-20,Riverside,065,2383286,86828,79613,1526,81139,1405
2020-11-20,Sacramento,067,1510023,35552,32832,80,32912,549
2020-11-20,San Benito,069,59416,1775,1668,12,1680,15
2020-11-20,San Bernardino,071,2135413,90302,81203,1313,82516,1220
2020-11-20,San Diego,073,3302833,76921,69233,2679,71912,960
2020-11-20,San Francisco,075,870044,15062,14327,92,14419,153
2020-11-20,San Joaquin,077,732212,25890,24460,461,24921,515
2020-11-20,San Luis Obispo,079,281455,6059,5524,95,5619,34
2020-11-20,San Mateo,081,765935,13981,12980,10,12990,169
2020-11-20,Santa Barbara,083,443738,11740,10825,177,11002,136
2020-11-20,Santa Clara,085,1922200,33289,30002,57,30059,431
2020-11-20,Santa Cruz,087,273765,4313,3815,49,3864,25
2020-11-20,Shasta,089,179085,4994,3861,136,3997,42
2020-11-20,Sierra,091,2930,17,12,0,12,0
2020-11-20,Siskiyou,093,43540,558,387,29,416,0
2020-11-20,Solano,095,438530,10033,9216,58,9274,85
2020-11-20,Sonoma,097,501317,11969,11316,48,11364,158
2020-11-20,Stanislaus,099,539301,21174,19889,1311,21200,433
2020-11-20,Sutter,101,95872,3101,2580,9,2589,13
2020-11-20,Tehama,103,63373,1602,1410,14,1424,9
2020-11-20,Trinity,105,12862,210,102,14,116,0
2020-11-20,Tulare,107,460477,20782,19568,1215,20783,311
2020-11-20,Tuolumne,109,53932,937,662,3,665,7
2020-11-20,Ventura,111,848112,19144,17741,596,18337,175
2020-11-20,Yolo,113,214977,4654,4081,14,4095,74
2020-11-20,Yuba,115,75493,1855,1611,8,1619,10
2020-11-19,Alameda,001,1643700,28674,26971,305,27276,441
2020-11-19,Alpine,003,1148,44,20,0,20,0
2020-11-19,Amador,005,37829,480,436,1,437,16
2020-11-19,Butte,007,227075,3905,3576,174,3750,60
2020-11-19,Calaveras,009,45235,438,417,0,417,21
2020-11-19,Colusa,011,21464,687,621,2,623,6
2020-11-19,Contra Costa,013,1133247,23301,21886,142,22028,259
2020-11-19,Del Norte,015,27424,294,251,0,251,2
2020-11-19,El Dorado,017,186661,2258,1825,18,1843,4
2020-11-19,Fresno,019,978130,40076,35278,1129,36407,478
2020-11-19,Glenn,021,27897,900,806,29,835,4
2020-11-19,Humboldt,023,135768,834,693,1,694,9
2020-11-19,Imperial,025,180216,15669,14507,25,14532,349
2020-11-19,Inyo,027,18085,288,262,1,263,15
2020-11-19,Kern,029,883053,39268,36779,993,37772,459
2020-11-19,Kings,031,150075,10632,9763,129,9892,85
2020-11-19,Lake,033,64148,905,809,0,809,18
2020-11-19,Lassen,035,31185,1657,1201,3,1204,0
2020-11-19,Los Angeles,037,10098052,371134,349493,5290,354783,7365
2020-11-19,Madera,039,155013,6082,5540,120,5660,54
2020-11-19,Marin,041,260295,7614,7451,24,7475,134
2020-11-19,Mariposa,043,17540,109,88,0,88,2
2020-11-19,Mendocino,045,87422,1387,1237,3,1240,23
2020-11-19,Merced,047,269075,11291,10634,93,10727,167
2020-11-19,Modoc,049,8938,97,82,18,100,0
2020-11-19,Mono,051,14174,489,468,8,476,2
2020-11-19,Monterey,053,433212,14566,13369,232,13601,108
2020-11-19,Napa,055,140530,3015,2641,14,2655,17
2020-11-19,Nevada,057,99092,1178,945,27,972,9
2020-11-19,Orange,059,3164182,74177,66998,2234,69232,1530
2020-11-19,Placer,061,380077,6503,5612,106,5718,65
2020-11-19,Plumas,063,18699,188,158,0,158,0
2020-11-19,Riverside,065,2383286,85355,78535,1455,79990,1402
2020-11-19,Sacramento,067,1510023,35039,32367,78,32445,546
2020-11-19,San Benito,069,59416,1752,1643,12,1655,15
2020-11-19,San Bernardino,071,2135413,88411,79244,1229,80473,1215
2020-11-19,San Diego,073,3302833,75673,68142,2575,70717,952
2020-11-19,San Francisco,075,870044,14905,14178,86,14264,153
2020-11-19,San Joaquin,077,732212,25571,24270,449,24719,516
2020-11-19,San Luis Obispo,079,281455,5982,5410,92,5502,34
2020-11-19,San Mateo,081,765935,13843,12714,10,12724,169
2020-11-19,Santa Barbara,083,443738,11660,10741,174,10915,136
2020-11-19,Santa Clara,085,1922200,32730,29630,56,29686,424
2020-11-19,Santa Cruz,087,273765,4222,3679,47,3726,25
2020-11-19,Shasta,089,179085,4857,3685,125,3810,42
2020-11-19,Sierra,091,2930,17,11,0,11,0
2020-11-19,Siskiyou,093,43540,533,360,28,388,0
2020-11-19,Solano,095,438530,9896,9093,54,9147,84
2020-11-19,Sonoma,097,501317,11799,11205,46,11251,156
2020-11-19,Stanislaus,099,539301,20933,19736,1269,21005,433
2020-11-19,Sutter,101,95872,3004,2509,9,2518,13
2020-11-19,Tehama,103,63373,1569,1373,11,1384,9
2020-11-19,Trinity,105,12862,204,97,14,111,0
2020-11-19,Tulare,107,460477,20561,19384,1148,20532,304
2020-11-19,Tuolumne,109,53932,905,602,3,605,7
2020-11-19,Ventura,111,848112,18791,17300,583,17883,174
2020-11-19,Yolo,113,214977,4559,3973,14,3987,72
2020-11-19,Yuba,115,75493,1815,1568,8,1576,10
2020-11-18,Alameda,001,1643700,28412,26610,300,26910,440
2020-11-18,Alpine,003,1148,43,16,0,16,0
2020-11-18,Amador,005,37829,475,430,1,431,16
2020-11-18,Butte,007,227075,3852,3537,161,3698,59
2020-11-18,Calaveras,009,45235,432,409,0,409,21
2020-11-18,Colusa,011,21464,674,611,2,613,6
2020-11-18,Contra Costa,013,1133247,23034,21685,138,21823,258
2020-11-18,Del Norte,015,27424,280,240,0,240,2
2020-11-18,El Dorado,017,186661,2171,1799,17,1816,4
2020-11-18,Fresno,019,978130,39638,34997,1075,36072,474
2020-11-18,Glenn,021,27897,884,803,27,830,4
2020-11-18,Humboldt,023,135768,820,690,1,691,9
2020-11-18,Imperial,025,180216,15447,14428,25,14453,348
2020-11-18,Inyo,027,18085,286,262,1,263,15
2020-11-18,Kern,029,883053,38882,36537,940,37477,456
2020-11-18,Kings,031,150075,10484,9696,126,9822,85
2020-11-18,Lake,033,64148,892,802,0,802,18
2020-11-18,Lassen,035,31185,1557,1124,3,1127,0
2020-11-18,Los Angeles,037,10098052,366276,344675,5098,349773,7338
2020-11-18,Madera,039,155013,5995,5519,108,5627,54
2020-11-18,Marin,041,260295,7590,7435,24,7459,134
2020-11-18,Mariposa,043,17540,106,88,0,88,2
2020-11-18,Mendocino,045,87422,1367,1237,3,1240,23
2020-11-18,Merced,047,269075,11176,10536,91,10627,166
2020-11-18,Modoc,049,8938,94,77,18,95,0
2020-11-18,Mono,051,14174,484,468,8,476,2
2020-11-18,Monterey,053,433212,14373,13340,217,13557,108
2020-11-18,Napa,055,140530,2968,2607,14,2621,17
2020-11-18,Nevada,057,99092,1139,933,25,958,9
2020-11-18,Orange,059,3164182,73082,66381,2209,68590,1521
2020-11-18,Placer,061,380077,6325,5543,101,5644,64
2020-11-18,Plumas,063,18699,183,143,0,143,0
2020-11-18,Riverside,065,2383286,83890,77739,1353,79092,1387
2020-11-18,Sacramento,067,1510023,34414,31816,70,31886,541
2020-11-18,San Benito,069,59416,1727,1632,11,1643,15
2020-11-18,San Bernardino,071,2135413,86655,77400,1146,78546,1206
2020-11-18,San Diego,073,3302833,74381,67243,2515,69758,945
2020-11-18,San Francisco,075,870044,14761,14057,84,14141,153
2020-11-18,San Joaquin,077,732212,25304,24146,434,24580,517
2020-11-18,San Luis Obispo,079,281455,5907,5322,91,5413,34
2020-11-18,San Mateo,081,765935,13689,12631,9,12640,169
2020-11-18,Santa Barbara,083,443738,11581,10684,167,10851,136
2020-11-18,Santa Clara,085,1922200,32266,29285,51,29336,421
2020-11-18,Santa Cruz,087,273765,4130,3618,45,3663,25
2020-11-18,Shasta,089,179085,4721,3547,121,3668,42
2020-11-18,Sierra,091,2930,17,11,0,11,0
2020-11-18,Siskiyou,093,43540,501,351,27,378,0
2020-11-18,Solano,095,438530,9764,8994,52,9046,84
2020-11-18,Sonoma,097,501317,11692,11129,43,11172,155
2020-11-18,Stanislaus,099,539301,20690,19609,1244,20853,431
2020-11-18,Sutter,101,95872,2886,2442,9,2451,13
2020-11-18,Tehama,103,63373,1530,1338,11,1349,8
2020-11-18,Trinity,105,12862,191,95,14,109,0
2020-11-18,Tulare,107,460477,20355,19286,1093,20379,306
2020-11-18,Tuolumne,109,53932,869,590,3,593,7
2020-11-18,Ventura,111,848112,18466,17169,568,17737,173
2020-11-18,Yolo,113,214977,4485,3929,14,3943,71
2020-11-18,Yuba,115,75493,1761,1540,8,1548,10
2020-11-17,Alameda,001,1643700,28088,26425,290,26715,439
2020-11-17,Alpine,003,1148,41,12,0,12,0
2020-11-17,Amador,005,37829,464,423,1,424,16
2020-11-17,Butte,007,227075,3809,3500,151,3651,59
2020-11-17,Calaveras,009,45235,417,405,0,405,21
2020-11-17,Colusa,011,21464,663,606,1,607,6
2020-11-17,Contra Costa,013,1133247,22761,21557,133,21690,256
2020-11-17,Del Norte,015,27424,275,233,0,233,2
2020-11-17,El Dorado,017,186661,2112,1758,17,1775,4
2020-11-17,Fresno,019,978130,39042,34765,1014,35779,472
2020-11-17,Glenn,021,27897,873,795,26,821,4
2020-11-17,Humboldt,023,135768,798,685,1,686,9
2020-11-17,Imperial,025,180216,15211,14204,24,14228,346
2020-11-17,Inyo,027,18085,285,263,1,264,15
2020-11-17,Kern,029,883053,38431,36164,886,37050,455
2020-11-17,Kings,031,150075,10411,9653,119,9772,85
2020-11-17,Lake,033,64148,872,792,0,792,18
2020-11-17,Lassen,035,31185,1478,1124,3,1127,0
2020-11-17,Los Angeles,037,10098052,361332,340933,4931,345864,7302
2020-11-17,Madera,039,155013,5906,5485,101,5586,54
2020-11-17,Marin,041,260295,7558,7404,23,7427,134
2020-11-17,Mariposa,043,17540,103,87,0,87,2
2020-11-17,Mendocino,045,87422,1346,1216,3,1219,23
2020-11-17,Merced,047,269075,11032,10457,85,10542,162
2020-11-17,Modoc,049,8938,88,71,17,88,0
2020-11-17,Mono,051,14174,479,459,8,467,2
2020-11-17,Monterey,053,433212,14145,13220,207,13427,108
2020-11-17,Napa,055,140530,2914,2568,14,2582,17
2020-11-17,Nevada,057,99092,1098,918,24,942,9
2020-11-17,Orange,059,3164182,71934,65757,2178,67935,1519
2020-11-17,Placer,061,380077,6163,5435,95,5530,63
2020-11-17,Plumas,063,18699,175,142,0,142,0
2020-11-17,Riverside,065,2383286,82513,77079,1260,78339,1379
2020-11-17,Sacramento,067,1510023,33814,31341,66,31407,538
2020-11-17,San Benito,069,59416,1712,1611,4,1615,15
2020-11-17,San Bernardino,071,2135413,84844,76134,1054,77188,1188
2020-11-17,San Diego,073,3302833,73129,66321,2459,68780,933
2020-11-17,San Francisco,075,870044,14595,13952,83,14035,153
2020-11-17,San Joaquin,077,732212,25032,23997,415,24412,516
2020-11-17,San Luis Obispo,079,281455,5811,5235,91,5326,34
2020-11-17,San Mateo,081,765935,13527,12491,8,12499,169
2020-11-17,Santa Barbara,083,443738,11494,10597,161,10758,136
2020-11-17,Santa Clara,085,1922200,31719,29013,50,29063,419
2020-11-17,Santa Cruz,087,273765,4046,3548,42,3590,25
2020-11-17,Shasta,089,179085,4561,3457,108,3565,40
2020-11-17,Sierra,091,2930,15,11,0,11,0
2020-11-17,Siskiyou,093,43540,453,333,26,359,0
2020-11-17,Solano,095,438530,9619,8905,51,8956,84
2020-11-17,Sonoma,097,501317,11558,11084,41,11125,155
2020-11-17,Stanislaus,099,539301,20467,19466,1215,20681,425
2020-11-17,Sutter,101,95872,2803,2370,8,2378,12
2020-11-17,Tehama,103,63373,1480,1290,11,1301,7
2020-11-17,Trinity,105,12862,175,83,14,97,0
2020-11-17,Tulare,107,460477,20136,19176,1027,20203,305
2020-11-17,Tuolumne,109,53932,831,568,3,571,7
2020-11-17,Ventura,111,848112,18194,16797,549,17346,173
2020-11-17,Yolo,113,214977,4309,3887,13,3900,70
2020-11-17,Yuba,115,75493,1713,1519,8,1527,10
2020-11-16,Alameda,001,1643700,27741,26063,285,26348,436
2020-11-16,Alpine,003,1148,38,12,0,12,0
2020-11-16,Amador,005,37829,456,414,1,415,16
2020-11-16,Butte,007,227075,3770,3490,142,3632,58
2020-11-16,Calaveras,009,45235,410,402,0,402,21
2020-11-16,Colusa,011,21464,654,601,1,602,6
2020-11-16,Contra Costa,013,1133247,22494,21386,128,21514,256
2020-11-16,Del Norte,015,27424,268,225,0,225,2
2020-11-16,El Dorado,017,186661,2051,1694,15,1709,4
2020-11-16,Fresno,019,978130,38555,34593,956,35549,471
2020-11-16,Glenn,021,27897,861,786,25,811,4
2020-11-16,Humboldt,023,135768,781,660,1,661,9
2020-11-16,Imperial,025,180216,14964,14111,24,14135,346
2020-11-16,Inyo,027,18085,282,263,1,264,15
2020-11-16,Kern,029,883053,38039,36049,842,36891,455
2020-11-16,Kings,031,150075,10145,9569,115,9684,85
2020-11-16,Lake,033,64148,860,784,0,784,18
2020-11-16,Lassen,035,31185,1297,1124,3,1127,0
2020-11-16,Los Angeles,037,10098052,356602,338778,4742,343520,7277
2020-11-16,Madera,039,155013,5820,5433,94,5527,54
2020-11-16,Marin,041,260295,7529,7359,23,7382,134
2020-11-16,Mariposa,043,17540,100,86,0,86,2
2020-11-16,Mendocino,045,87422,1321,1209,3,1212,23
2020-11-16,Merced,047,269075,10894,10399,82,10481,162
2020-11-16,Modoc,049,8938,86,71,17,88,0
2020-11-16,Mono,051,14174,477,453,8,461,2
2020-11-16,Monterey,053,433212,13902,13089,194,13283,107
2020-11-16,Napa,055,140530,2838,2536,14,2550,17
2020-11-16,Nevada,057,99092,1055,889,22,911,9
2020-11-16,Orange,059,3164182,70837,65396,2163,67559,1519
2020-11-16,Placer,061,380077,6043,5387,86,5473,63
2020-11-16,Plumas,063,18699,168,127,0,127,0
2020-11-16,Riverside,065,2383286,81144,76449,1192,77641,1379
2020-11-16,Sacramento,067,1510023,33177,30954,59,31013,534
2020-11-16,San Benito,069,59416,1694,1603,3,1606,15
2020-11-16,San Bernardino,071,2135413,83020,74401,982,75383,1186
2020-11-16,San Diego,073,3302833,71821,65603,2387,67990,926
2020-11-16,San Francisco,075,870044,14436,13847,80,13927,153
2020-11-16,San Joaquin,077,732212,24745,23515,405,23920,513
2020-11-16,San Luis Obispo,079,281455,5707,5161,86,5247,34
2020-11-16,San Mateo,081,765935,13367,12398,8,12406,169
2020-11-16,Santa Barbara,083,443738,11429,10565,157,10722,135
2020-11-16,Santa Clara,085,1922200,31154,28673,48,28721,419
2020-11-16,Santa Cruz,087,273765,3973,3520,42,3562,25
2020-11-16,Shasta,089,179085,4411,3284,103,3387,37
2020-11-16,Sierra,091,2930,15,11,0,11,0
2020-11-16,Siskiyou,093,43540,426,294,26,320,0
2020-11-16,Solano,095,438530,9420,8827,51,8878,84
2020-11-16,Sonoma,097,501317,11467,10961,40,11001,155
2020-11-16,Stanislaus,099,539301,20231,19333,1187,20520,425
2020-11-16,Sutter,101,95872,2697,2322,8,2330,12
2020-11-16,Tehama,103,63373,1435,1261,7,1268,7
2020-11-16,Trinity,105,12862,166,67,14,81,0
2020-11-16,Tulare,107,460477,19960,18891,970,19861,305
2020-11-16,Tuolumne,109,53932,795,543,3,546,7
2020-11-16,Ventura,111,848112,17856,16691,541,17232,172
2020-11-16,Yolo,113,214977,4213,3858,13,3871,70
2020-11-16,Yuba,115,75493,1677,1500,7,1507,10
2020-11-15,Alameda,001,1643700,27421,25879,279,26158,436
2020-11-15,Alpine,003,1148,36,12,0,12,0
2020-11-15,Amador,005,37829,444,409,1,410,16
2020-11-15,Butte,007,227075,3717,3452,132,3584,58
2020-11-15,Calaveras,009,45235,397,386,0,386,21
2020-11-15,Colusa,011,21464,645,601,1,602,6
2020-11-15,Contra Costa,013,1133247,22195,21179,127,21306,256
2020-11-15,Del Norte,015,27424,252,224,0,224,2
2020-11-15,El Dorado,017,186661,1989,1683,14,1697,4
2020-11-15,Fresno,019,978130,38045,34297,916,35213,471
2020-11-15,Glenn,021,27897,849,783,24,807,4
2020-11-15,Humboldt,023,135768,753,653,1,654,9
2020-11-15,Imperial,025,180216,14727,13940,24,13964,346
2020-11-15,Inyo,027,18085,272,263,1,264,15
2020-11-15,Kern,029,883053,37636,35911,805,36716,455
2020-11-15,Kings,031,150075,9952,9533,111,9644,85
2020-11-15,Lake,033,64148,851,777,0,777,17
2020-11-15,Lassen,035,31185,1250,1124,3,1127,0
2020-11-15,Los Angeles,037,10098052,351571,336035,4561,340596,7271
2020-11-15,Madera,039,155013,5723,5391,88,5479,54
2020-11-15,Marin,041,260295,7503,7347,23,7370,133
2020-11-15,Mariposa,043,17540,97,86,0,86,2
2020-11-15,Mendocino,045,87422,1302,1197,3,1200,22
2020-11-15,Merced,047,269075,10760,10350,82,10432,162
2020-11-15,Modoc,049,8938,85,68,17,85,0
2020-11-15,Mono,051,14174,475,453,8,461,2
2020-11-15,Monterey,053,433212,13705,12999,181,13180,107
2020-11-15,Napa,055,140530,2779,2509,12,2521,17
2020-11-15,Nevada,057,99092,1000,859,22,881,9
2020-11-15,Orange,059,3164182,69798,65008,2144,67152,1519
2020-11-15,Placer,061,380077,5888,5330,78,5408,63
2020-11-15,Plumas,063,18699,162,127,0,127,0
2020-11-15,Riverside,065,2383286,79825,75531,1131,76662,1374
2020-11-15,Sacramento,067,1510023,32551,30601,55,30656,534
2020-11-15,San Benito,069,59416,1669,1589,2,1591,15
2020-11-15,San Bernardino,071,2135413,80876,73769,901,74670,1185
2020-11-15,San Diego,073,3302833,70322,64770,2330,67100,926
2020-11-15,San Francisco,075,870044,14259,13757,79,13836,153
2020-11-15,San Joaquin,077,732212,24536,23516,389,23905,513
2020-11-15,San Luis Obispo,079,281455,5584,5120,83,5203,34
2020-11-15,San Mateo,081,765935,13190,12348,8,12356,169
2020-11-15,Santa Barbara,083,443738,11334,10516,155,10671,135
2020-11-15,Santa Clara,085,1922200,30701,28289,47,28336,418
2020-11-15,Santa Cruz,087,273765,3835,3439,41,3480,25
2020-11-15,Shasta,089,179085,4237,3290,94,3384,37
2020-11-15,Sierra,091,2930,15,11,0,11,0
2020-11-15,Siskiyou,093,43540,407,294,26,320,0
2020-11-15,Solano,095,438530,9259,8713,48,8761,84
2020-11-15,Sonoma,097,501317,11347,10833,39,10872,154
2020-11-15,Stanislaus,099,539301,19960,19228,1160,20388,425
2020-11-15,Sutter,101,95872,2608,2230,8,2238,12
2020-11-15,Tehama,103,63373,1384,1222,6,1228,7
2020-11-15,Trinity,105,12862,157,67,12,79,0
2020-11-15,Tulare,107,460477,19744,18891,915,19806,305
2020-11-15,Tuolumne,109,53932,754,486,3,489,7
2020-11-15,Ventura,111,848112,17582,16564,533,17097,172
2020-11-15,Yolo,113,214977,4110,3819,12,3831,67
2020-11-15,Yuba,115,75493,1636,1470,6,1476,10
2020-11-14,Alameda,001,1643700,27155,25714,276,25990,435
2020-11-14,Alpine,003,1148,36,12,0,12,0
2020-11-14,Amador,005,37829,435,404,0,404,16
2020-11-14,Butte,007,227075,3681,3434,118,3552,58
2020-11-14,Calaveras,009,45235,396,386,0,386,21
2020-11-14,Colusa,011,21464,633,601,1,602,6
2020-11-14,Contra Costa,013,1133247,22056,20975,120,21095,256
2020-11-14,Del Norte,015,27424,246,219,0,219,2
2020-11-14,El Dorado,017,186661,1945,1648,14,1662,4
2020-11-14,Fresno,019,978130,37795,33969,881,34850,471
2020-11-14,Glenn,021,27897,840,772,21,793,3
2020-11-14,Humboldt,023,135768,738,643,1,644,9
2020-11-14,Imperial,025,180216,14634,13932,23,13955,346
2020-11-14,Inyo,027,18085,271,263,1,264,15
2020-11-14,Kern,029,883053,37426,35626,786,36412,454
2020-11-14,Kings,031,150075,9917,9490,108,9598,85
2020-11-14,Lake,033,64148,842,773,0,773,17
2020-11-14,Lassen,035,31185,1236,833,3,836,0
2020-11-14,Los Angeles,037,10098052,348868,333021,4448,337469,7269
2020-11-14,Madera,039,155013,5693,5371,86,5457,54
2020-11-14,Marin,041,260295,7487,7325,23,7348,133
2020-11-14,Mariposa,043,17540,96,86,0,86,2
2020-11-14,Mendocino,045,87422,1286,1181,3,1184,22
2020-11-14,Merced,047,269075,10704,10286,80,10366,161
2020-11-14,Modoc,049,8938,84,64,16,80,0
2020-11-14,Mono,051,14174,475,453,8,461,2
2020-11-14,Monterey,053,433212,13609,12854,171,13025,105
2020-11-14,Napa,055,140530,2745,2473,12,2485,17
2020-11-14,Nevada,057,99092,984,835,22,857,9
2020-11-14,Orange,059,3164182,69178,64340,2131,66471,1517
2020-11-14,Placer,061,380077,5812,5215,72,5287,63
2020-11-14,Plumas,063,18699,157,128,0,128,0
2020-11-14,Riverside,065,2383286,79087,74910,1089,75999,1373
2020-11-14,Sacramento,067,1510023,32226,30298,54,30352,532
2020-11-14,San Benito,069,59416,1654,1573,2,1575,15
2020-11-14,San Bernardino,071,2135413,79944,72868,868,73736,1184
2020-11-14,San Diego,073,3302833,69557,63715,2278,65993,926
2020-11-14,San Francisco,075,870044,14172,13661,78,13739,153
2020-11-14,San Joaquin,077,732212,24445,23516,381,23897,511
2020-11-14,San Luis Obispo,079,281455,5521,5073,77,5150,34
2020-11-14,San Mateo,081,765935,13082,12293,8,12301,169
2020-11-14,Santa Barbara,083,443738,11280,10482,153,10635,135
2020-11-14,Santa Clara,085,1922200,30417,27962,45,28007,416
2020-11-14,Santa Cruz,087,273765,3780,3402,41,3443,25
2020-11-14,Shasta,089,179085,4153,3195,92,3287,37
2020-11-14,Sierra,091,2930,15,11,0,11,0
2020-11-14,Siskiyou,093,43540,394,292,26,318,0
2020-11-14,Solano,095,438530,9179,8655,47,8702,84
2020-11-14,Sonoma,097,501317,11294,10769,39,10808,154
2020-11-14,Stanislaus,099,539301,19818,19068,1138,20206,424
2020-11-14,Sutter,101,95872,2564,2182,8,2190,12
2020-11-14,Tehama,103,63373,1363,1206,5,1211,7
2020-11-14,Trinity,105,12862,152,67,12,79,0
2020-11-14,Tulare,107,460477,19650,18853,886,19739,305
2020-11-14,Tuolumne,109,53932,726,448,3,451,7
2020-11-14,Ventura,111,848112,17437,16297,521,16818,172
2020-11-14,Yolo,113,214977,4067,3765,10,3775,65
2020-11-14,Yuba,115,75493,1607,1453,6,1459,10
2020-11-13,Alameda,001,1643700,26939,25515,271,25786,434
2020-11-13,Alpine,003,1148,36,12,0,12,0
2020-11-13,Amador,005,37829,432,397,0,397,16
2020-11-13,Butte,007,227075,3657,3402,109,3511,58
2020-11-13,Calaveras,009,45235,392,378,0,378,21
2020-11-13,Colusa,011,21464,625,598,1,599,6
2020-11-13,Contra Costa,013,1133247,21884,20799,120,20919,256
2020-11-13,Del Norte,015,27424,244,208,0,208,2
2020-11-13,El Dorado,017,186661,1900,1611,13,1624,4
2020-11-13,Fresno,019,978130,37548,33693,867,34560,470
2020-11-13,Glenn,021,27897,826,755,17,772,3
2020-11-13,Humboldt,023,135768,723,638,1,639,9
2020-11-13,Imperial,025,180216,14564,13790,22,13812,341
2020-11-13,Inyo,027,18085,270,262,1,263,15
2020-11-13,Kern,029,883053,37224,35431,769,36200,453
2020-11-13,Kings,031,150075,9858,9428,107,9535,85
2020-11-13,Lake,033,64148,836,770,0,770,17
2020-11-13,Lassen,035,31185,1227,832,3,835,0
2020-11-13,Los Angeles,037,10098052,345748,329364,4334,333698,7248
2020-11-13,Madera,039,155013,5653,5340,85,5425,54
2020-11-13,Marin,041,260295,7474,7307,22,7329,133
2020-11-13,Mariposa,043,17540,94,86,0,86,2
2020-11-13,Mendocino,045,87422,1274,1173,3,1176,22
2020-11-13,Merced,047,269075,10649,10185,77,10262,159
2020-11-13,Modoc,049,8938,84,63,14,77,0
2020-11-13,Mono,051,14174,475,448,7,455,2
2020-11-13,Monterey,053,433212,13414,12681,159,12840,104
2020-11-13,Napa,055,140530,2706,2440,12,2452,17
2020-11-13,Nevada,057,99092,965,798,22,820,9
2020-11-13,Orange,059,3164182,68578,63804,2111,65915,1514
2020-11-13,Placer,061,380077,5707,5122,66,5188,63
2020-11-13,Plumas,063,18699,151,125,0,125,0
2020-11-13,Riverside,065,2383286,78350,74138,1060,75198,1372
2020-11-13,Sacramento,067,1510023,31908,29787,49,29836,524
2020-11-13,San Benito,069,59416,1642,1553,1,1554,15
2020-11-13,San Bernardino,071,2135413,78898,71895,846,72741,1184
2020-11-13,San Diego,073,3302833,68710,62978,2240,65218,921
2020-11-13,San Francisco,075,870044,14079,13516,76,13592,146
2020-11-13,San Joaquin,077,732212,24350,23314,374,23688,510
2020-11-13,San Luis Obispo,079,281455,5454,4960,74,5034,34
2020-11-13,San Mateo,081,765935,12988,12182,8,12190,169
2020-11-13,Santa Barbara,083,443738,11228,10405,151,10556,134
2020-11-13,Santa Clara,085,1922200,30090,27609,43,27652,415
2020-11-13,Santa Cruz,087,273765,3707,3343,41,3384,25
2020-11-13,Shasta,089,179085,4068,2983,88,3071,37
2020-11-13,Sierra,091,2930,15,11,0,11,0
2020-11-13,Siskiyou,093,43540,389,280,25,305,0
2020-11-13,Solano,095,438530,9088,8525,47,8572,84
2020-11-13,Sonoma,097,501317,11233,10685,37,10722,151
2020-11-13,Stanislaus,099,539301,19695,18936,1108,20044,422
2020-11-13,Sutter,101,95872,2518,2121,7,2128,12
2020-11-13,Tehama,103,63373,1335,1167,5,1172,7
2020-11-13,Trinity,105,12862,150,64,12,76,0
2020-11-13,Tulare,107,460477,19528,18714,843,19557,305
2020-11-13,Tuolumne,109,53932,693,427,3,430,7
2020-11-13,Ventura,111,848112,17291,16172,506,16678,171
2020-11-13,Yolo,113,214977,4016,3716,10,3726,65
2020-11-13,Yuba,115,75493,1580,1435,6,1441,10
2020-11-12,Alameda,001,1643700,26672,25345,271,25616,432
2020-11-12,Alpine,003,1148,35,12,0,12,0
2020-11-12,Amador,005,37829,431,392,0,392,16
2020-11-12,Butte,007,227075,3608,3347,106,3453,58
2020-11-12,Calaveras,009,45235,387,373,0,373,21
2020-11-12,Colusa,011,21464,620,591,1,592,6
2020-11-12,Contra Costa,013,1133247,21677,20619,118,20737,255
2020-11-12,Del Norte,015,27424,237,203,0,203,2
2020-11-12,El Dorado,017,186661,1854,1573,9,1582,4
2020-11-12,Fresno,019,978130,37202,33459,824,34283,468
2020-11-12,Glenn,021,27897,807,727,17,744,3
2020-11-12,Humboldt,023,135768,710,625,1,626,9
2020-11-12,Imperial,025,180216,14399,13619,22,13641,341
2020-11-12,Inyo,027,18085,269,255,1,256,15
2020-11-12,Kern,029,883053,36960,35207,753,35960,451
2020-11-12,Kings,031,150075,9792,9335,105,9440,85
2020-11-12,Lake,033,64148,827,764,0,764,17
2020-11-12,Lassen,035,31185,1158,832,2,834,0
2020-11-12,Los Angeles,037,10098052,342009,327001,4232,331233,7223
2020-11-12,Madera,039,155013,5618,5273,80,5353,54
2020-11-12,Marin,041,260295,7445,7268,22,7290,133
2020-11-12,Mariposa,043,17540,92,84,0,84,2
2020-11-12,Mendocino,045,87422,1255,1142,3,1145,22
2020-11-12,Merced,047,269075,10535,10107,74,10181,158
2020-11-12,Modoc,049,8938,84,63,14,77,0
2020-11-12,Mono,051,14174,474,442,7,449,2
2020-11-12,Monterey,053,433212,13293,12489,145,12634,100
2020-11-12,Napa,055,140530,2644,2398,12,2410,16
2020-11-12,Nevada,057,99092,942,780,21,801,9
2020-11-12,Orange,059,3164182,67833,63232,2091,65323,1514
2020-11-12,Placer,061,380077,5597,5044,56,5100,62
2020-11-12,Plumas,063,18699,147,121,0,121,0
2020-11-12,Riverside,065,2383286,77424,73381,1015,74396,1362
2020-11-12,Sacramento,067,1510023,31417,29459,42,29501,520
2020-11-12,San Benito,069,59416,1622,1525,1,1526,15
2020-11-12,San Bernardino,071,2135413,77533,70758,807,71565,1183
2020-11-12,San Diego,073,3302833,67731,62336,2189,64525,918
2020-11-12,San Francisco,075,870044,13980,13289,75,13364,146
2020-11-12,San Joaquin,077,732212,24156,23002,353,23355,509
2020-11-12,San Luis Obispo,079,281455,5390,4898,73,4971,33
2020-11-12,San Mateo,081,765935,12865,12086,7,12093,169
2020-11-12,Santa Barbara,083,443738,11166,10325,145,10470,134
2020-11-12,Santa Clara,085,1922200,29714,27261,42,27303,414
2020-11-12,Santa Cruz,087,273765,3624,3317,39,3356,25
2020-11-12,Shasta,089,179085,3930,2825,77,2902,37
2020-11-12,Sierra,091,2930,15,11,0,11,0
2020-11-12,Siskiyou,093,43540,372,275,20,295,0
2020-11-12,Solano,095,438530,8988,8417,46,8463,85
2020-11-12,Sonoma,097,501317,11131,10602,36,10638,151
2020-11-12,Stanislaus,099,539301,19529,18787,1077,19864,422
2020-11-12,Sutter,101,95872,2434,2075,7,2082,12
2020-11-12,Tehama,103,63373,1308,1117,5,1122,7
2020-11-12,Trinity,105,12862,142,62,12,74,0
2020-11-12,Tulare,107,460477,19416,18545,806,19351,305
2020-11-12,Tuolumne,109,53932,654,353,3,356,7
2020-11-12,Ventura,111,848112,17042,16013,499,16512,158
2020-11-12,Yolo,113,214977,3972,3646,10,3656,63
2020-11-12,Yuba,115,75493,1545,1410,6,1416,10
2020-11-11,Alameda,001,1643700,26430,25140,269,25409,429
2020-11-11,Alpine,003,1148,30,12,0,12,0
2020-11-11,Amador,005,37829,424,389,0,389,16
2020-11-11,Butte,007,227075,3583,3348,92,3440,58
2020-11-11,Calaveras,009,45235,377,373,0,373,21
2020-11-11,Colusa,011,21464,614,591,1,592,6
2020-11-11,Contra Costa,013,1133247,21458,20452,116,20568,255
2020-11-11,Del Norte,015,27424,230,203,0,203,2
2020-11-11,El Dorado,017,186661,1808,1564,8,1572,4
2020-11-11,Fresno,019,978130,36883,33287,790,34077,468
2020-11-11,Glenn,021,27897,791,722,16,738,3
2020-11-11,Humboldt,023,135768,696,623,1,624,9
2020-11-11,Imperial,025,180216,14228,13623,20,13643,340
2020-11-11,Inyo,027,18085,267,255,1,256,15
2020-11-11,Kern,029,883053,36687,35014,735,35749,449
2020-11-11,Kings,031,150075,9686,9263,102,9365,85
2020-11-11,Lake,033,64148,817,763,0,763,17
2020-11-11,Lassen,035,31185,1133,831,2,833,0
2020-11-11,Los Angeles,037,10098052,338651,324567,4139,328706,7220
2020-11-11,Madera,039,155013,5584,5248,77,5325,54
2020-11-11,Marin,041,260295,7422,7268,22,7290,133
2020-11-11,Mariposa,043,17540,92,84,0,84,2
2020-11-11,Mendocino,045,87422,1243,1142,3,1145,22
2020-11-11,Merced,047,269075,10464,10074,72,10146,157
2020-11-11,Modoc,049,8938,80,62,13,75,0
2020-11-11,Mono,051,14174,472,443,7,450,2
2020-11-11,Monterey,053,433212,13151,12417,141,12558,100
2020-11-11,Napa,055,140530,2595,2365,9,2374,15
2020-11-11,Nevada,057,99092,900,741,21,762,9
2020-11-11,Orange,059,3164182,67196,62929,2068,64997,1506
2020-11-11,Placer,061,380077,5513,4981,48,5029,60
2020-11-11,Plumas,063,18699,145,111,0,111,0
2020-11-11,Riverside,065,2383286,76522,72953,965,73918,1361
2020-11-11,Sacramento,067,1510023,30960,28968,40,29008,520
2020-11-11,San Benito,069,59416,1608,1512,1,1513,15
2020-11-11,San Bernardino,071,2135413,76248,70374,778,71152,1182
2020-11-11,San Diego,073,3302833,66796,61746,2128,63874,918
2020-11-11,San Francisco,075,870044,13872,13287,73,13360,146
2020-11-11,San Joaquin,077,732212,23997,23001,347,23348,509
2020-11-11,San Luis Obispo,079,281455,5315,4832,70,4902,33
2020-11-11,San Mateo,081,765935,12750,12008,7,12015,169
2020-11-11,Santa Barbara,083,443738,11101,10278,145,10423,134
2020-11-11,Santa Clara,085,1922200,29361,27075,41,27116,413
2020-11-11,Santa Cruz,087,273765,3556,3247,39,3286,25
2020-11-11,Shasta,089,179085,3807,2766,67,2833,36
2020-11-11,Sierra,091,2930,13,11,0,11,0
2020-11-11,Siskiyou,093,43540,341,261,17,278,0
2020-11-11,Solano,095,438530,8871,8353,43,8396,85
2020-11-11,Sonoma,097,501317,11057,10498,36,10534,150
2020-11-11,Stanislaus,099,539301,19392,18671,1045,19716,422
2020-11-11,Sutter,101,95872,2386,2049,6,2055,12
2020-11-11,Tehama,103,63373,1266,1105,4,1109,7
2020-11-11,Trinity,105,12862,132,62,12,74,0
2020-11-11,Tulare,107,460477,19286,18500,775,19275,305
2020-11-11,Tuolumne,109,53932,598,354,3,357,7
2020-11-11,Ventura,111,848112,16827,15801,485,16286,158
2020-11-11,Yolo,113,214977,3921,3606,10,3616,63
2020-11-11,Yuba,115,75493,1530,1400,6,1406,10
2020-11-10,Alameda,001,1643700,26200,25008,266,25274,424
2020-11-10,Alpine,003,1148,30,9,0,9,0
2020-11-10,Amador,005,37829,418,384,0,384,16
2020-11-10,Butte,007,227075,3547,3327,88,3415,58
2020-11-10,Calaveras,009,45235,372,367,0,367,21
2020-11-10,Colusa,011,21464,606,590,1,591,6
2020-11-10,Contra Costa,013,1133247,21252,20326,113,20439,255
2020-11-10,Del Norte,015,27424,224,196,0,196,2
2020-11-10,El Dorado,017,186661,1747,1551,8,1559,4
2020-11-10,Fresno,019,978130,36615,33024,752,33776,465
2020-11-10,Glenn,021,27897,783,719,12,731,3
2020-11-10,Humboldt,023,135768,679,610,1,611,9
2020-11-10,Imperial,025,180216,14098,13570,20,13590,338
2020-11-10,Inyo,027,18085,266,252,1,253,14
2020-11-10,Kern,029,883053,36410,34858,716,35574,448
2020-11-10,Kings,031,150075,9639,9236,95,9331,85
2020-11-10,Lake,033,64148,807,762,0,762,16
2020-11-10,Lassen,035,31185,1118,830,2,832,0
2020-11-10,Los Angeles,037,10098052,335405,322569,4019,326588,7205
2020-11-10,Madera,039,155013,5542,5229,71,5300,54
2020-11-10,Marin,041,260295,7403,7259,22,7281,133
2020-11-10,Mariposa,043,17540,90,84,0,84,2
2020-11-10,Mendocino,045,87422,1235,1137,3,1140,22
2020-11-10,Merced,047,269075,10402,9992,66,10058,157
2020-11-10,Modoc,049,8938,78,61,13,74,0
2020-11-10,Mono,051,14174,470,443,7,450,2
2020-11-10,Monterey,053,433212,13013,12335,133,12468,100
2020-11-10,Napa,055,140530,2557,2341,7,2348,15
2020-11-10,Nevada,057,99092,884,734,21,755,9
2020-11-10,Orange,059,3164182,66647,62597,2057,64654,1504
2020-11-10,Placer,061,380077,5434,4902,47,4949,60
2020-11-10,Plumas,063,18699,141,108,0,108,0
2020-11-10,Riverside,065,2383286,75881,72316,938,73254,1359
2020-11-10,Sacramento,067,1510023,30552,28677,37,28714,519
2020-11-10,San Benito,069,59416,1593,1508,1,1509,15
2020-11-10,San Bernardino,071,2135413,75079,69666,743,70409,1182
2020-11-10,San Diego,073,3302833,65905,61085,2091,63176,915
2020-11-10,San Francisco,075,870044,13755,13210,73,13283,146
2020-11-10,San Joaquin,077,732212,23833,22865,340,23205,508
2020-11-10,San Luis Obispo,079,281455,5252,4780,66,4846,33
2020-11-10,San Mateo,081,765935,12649,11939,7,11946,169
2020-11-10,Santa Barbara,083,443738,11034,10252,141,10393,134
2020-11-10,Santa Clara,085,1922200,29019,26917,39,26956,409
2020-11-10,Santa Cruz,087,273765,3492,3221,39,3260,25
2020-11-10,Shasta,089,179085,3665,2686,59,2745,36
2020-11-10,Sierra,091,2930,12,10,0,10,0
2020-11-10,Siskiyou,093,43540,325,263,16,279,0
2020-11-10,Solano,095,438530,8773,8299,43,8342,85
2020-11-10,Sonoma,097,501317,10970,10414,36,10450,150
2020-11-10,Stanislaus,099,539301,19258,18592,1021,19613,420
2020-11-10,Sutter,101,95872,2291,2035,5,2040,12
2020-11-10,Tehama,103,63373,1240,1099,3,1102,7
2020-11-10,Trinity,105,12862,123,62,11,73,0
2020-11-10,Tulare,107,460477,19172,18430,751,19181,305
2020-11-10,Tuolumne,109,53932,550,353,3,356,7
2020-11-10,Ventura,111,848112,16644,15625,483,16108,158
2020-11-10,Yolo,113,214977,3860,3573,10,3583,63
2020-11-10,Yuba,115,75493,1507,1392,6,1398,10
2020-11-09,Alameda,001,1643700,25951,24899,262,25161,424
2020-11-09,Alpine,003,1148,28,6,0,6,0
2020-11-09,Amador,005,37829,409,380,0,380,16
2020-11-09,Butte,007,227075,3502,3301,79,3380,57
2020-11-09,Calaveras,009,45235,368,360,0,360,21
2020-11-09,Colusa,011,21464,600,583,1,584,6
2020-11-09,Contra Costa,013,1133247,21079,20193,111,20304,255
2020-11-09,Del Norte,015,27424,218,195,0,195,2
2020-11-09,El Dorado,017,186661,1706,1515,8,1523,4
2020-11-09,Fresno,019,978130,36306,32755,708,33463,465
2020-11-09,Glenn,021,27897,777,714,9,723,3
2020-11-09,Humboldt,023,135768,666,607,1,608,9
2020-11-09,Imperial,025,180216,13981,13508,19,13527,338
2020-11-09,Inyo,027,18085,266,252,1,253,14
2020-11-09,Kern,029,883053,36182,34764,677,35441,448
2020-11-09,Kings,031,150075,9569,9141,93,9234,84
2020-11-09,Lake,033,64148,798,755,0,755,16
2020-11-09,Lassen,035,31185,1022,799,2,801,0
2020-11-09,Los Angeles,037,10098052,332311,320370,3940,324310,7180
2020-11-09,Madera,039,155013,5496,5209,68,5277,54
2020-11-09,Marin,041,260295,7377,7237,21,7258,131
2020-11-09,Mariposa,043,17540,90,84,0,84,2
2020-11-09,Mendocino,045,87422,1223,1132,3,1135,22
2020-11-09,Merced,047,269075,10299,9922,63,9985,157
2020-11-09,Modoc,049,8938,74,54,12,66,0
2020-11-09,Mono,051,14174,467,352,7,359,2
2020-11-09,Monterey,053,433212,12867,12148,125,12273,98
2020-11-09,Napa,055,140530,2514,2309,7,2316,15
2020-11-09,Nevada,057,99092,847,729,20,749,9
2020-11-09,Orange,059,3164182,66007,62335,2045,64380,1501
2020-11-09,Placer,061,380077,5349,4843,35,4878,60
2020-11-09,Plumas,063,18699,134,102,0,102,0
2020-11-09,Riverside,065,2383286,75100,72059,904,72963,1346
2020-11-09,Sacramento,067,1510023,30080,28200,37,28237,516
2020-11-09,San Benito,069,59416,1584,1506,1,1507,15
2020-11-09,San Bernardino,071,2135413,74028,69015,698,69713,1182
2020-11-09,San Diego,073,3302833,65050,60572,2051,62623,908
2020-11-09,San Francisco,075,870044,13636,12984,70,13054,146
2020-11-09,San Joaquin,077,732212,23668,22512,335,22847,505
2020-11-09,San Luis Obispo,079,281455,5168,4746,63,4809,32
2020-11-09,San Mateo,081,765935,12542,11857,7,11864,169
2020-11-09,Santa Barbara,083,443738,10977,10214,135,10349,134
2020-11-09,Santa Clara,085,1922200,28624,26693,39,26732,409
2020-11-09,Santa Cruz,087,273765,3434,3194,39,3233,25
2020-11-09,Shasta,089,179085,3510,2581,50,2631,36
2020-11-09,Sierra,091,2930,10,10,0,10,0
2020-11-09,Siskiyou,093,43540,314,257,14,271,0
2020-11-09,Solano,095,438530,8657,8254,42,8296,85
2020-11-09,Sonoma,097,501317,10862,10310,36,10346,150
2020-11-09,Stanislaus,099,539301,19107,18482,1002,19484,418
2020-11-09,Sutter,101,95872,2223,2010,4,2014,12
2020-11-09,Tehama,103,63373,1204,1071,2,1073,7
2020-11-09,Trinity,105,12862,118,46,11,57,0
2020-11-09,Tulare,107,460477,19052,18272,719,18991,304
2020-11-09,Tuolumne,109,53932,496,346,3,349,7
2020-11-09,Ventura,111,848112,16442,15568,480,16048,156
2020-11-09,Yolo,113,214977,3800,3522,9,3531,62
2020-11-09,Yuba,115,75493,1474,1380,6,1386,10
2020-11-08,Alameda,001,1643700,25723,24731,262,24993,424
2020-11-08,Alpine,003,1148,25,6,0,6,0
2020-11-08,Amador,005,37829,402,376,0,376,16
2020-11-08,Butte,007,227075,3464,3285,73,3358,57
2020-11-08,Calaveras,009,45235,366,360,0,360,21
2020-11-08,Colusa,011,21464,597,583,1,584,6
2020-11-08,Contra Costa,013,1133247,20909,20031,109,20140,254
2020-11-08,Del Norte,015,27424,210,195,0,195,2
2020-11-08,El Dorado,017,186661,1668,1502,8,1510,4
2020-11-08,Fresno,019,978130,35972,32619,669,33288,465
2020-11-08,Glenn,021,27897,771,707,8,715,3
2020-11-08,Humboldt,023,135768,650,605,1,606,9
2020-11-08,Imperial,025,180216,13865,13428,19,13447,338
2020-11-08,Inyo,027,18085,262,252,1,253,14
2020-11-08,Kern,029,883053,35964,34644,659,35303,448
2020-11-08,Kings,031,150075,9436,9026,90,9116,84
2020-11-08,Lake,033,64148,790,754,0,754,16
2020-11-08,Lassen,035,31185,874,799,2,801,0
2020-11-08,Los Angeles,037,10098052,329190,318960,3866,322826,7176
2020-11-08,Madera,039,155013,5428,5196,65,5261,54
2020-11-08,Marin,041,260295,7357,7227,21,7248,131
2020-11-08,Mariposa,043,17540,90,83,0,83,2
2020-11-08,Mendocino,045,87422,1214,1129,3,1132,22
2020-11-08,Merced,047,269075,10224,9885,61,9946,157
2020-11-08,Modoc,049,8938,70,54,12,66,0
2020-11-08,Mono,051,14174,461,352,7,359,2
2020-11-08,Monterey,053,433212,12723,12122,113,12235,98
2020-11-08,Napa,055,140530,2474,2274,7,2281,15
2020-11-08,Nevada,057,99092,831,715,20,735,9
2020-11-08,Orange,059,3164182,65420,62034,2031,64065,1501
2020-11-08,Placer,061,380077,5246,4800,30,4830,60
2020-11-08,Plumas,063,18699,129,102,0,102,0
2020-11-08,Riverside,065,2383286,74448,71442,861,72303,1345
2020-11-08,Sacramento,067,1510023,29521,28059,34,28093,515
2020-11-08,San Benito,069,59416,1569,1496,1,1497,15
2020-11-08,San Bernardino,071,2135413,72786,68412,651,69063,1182
2020-11-08,San Diego,073,3302833,64205,60199,2007,62206,908
2020-11-08,San Francisco,075,870044,13505,12985,65,13050,146
2020-11-08,San Joaquin,077,732212,23475,22514,331,22845,505
2020-11-08,San Luis Obispo,079,281455,5102,4698,58,4756,32
2020-11-08,San Mateo,081,765935,12423,11783,7,11790,169
2020-11-08,Santa Barbara,083,443738,10907,10180,133,10313,134
2020-11-08,Santa Clara,085,1922200,28249,26442,38,26480,410
2020-11-08,Santa Cruz,087,273765,3377,3134,39,3173,25
2020-11-08,Shasta,089,179085,3374,2582,44,2626,36
2020-11-08,Sierra,091,2930,10,7,0,7,0
2020-11-08,Siskiyou,093,43540,302,246,13,259,0
2020-11-08,Solano,095,438530,8536,8132,41,8173,85
2020-11-08,Sonoma,097,501317,10755,10229,36,10265,149
2020-11-08,Stanislaus,099,539301,18935,18413,979,19392,418
2020-11-08,Sutter,101,95872,2166,1980,4,1984,12
2020-11-08,Tehama,103,63373,1180,1054,2,1056,7
2020-11-08,Trinity,105,12862,115,46,11,57,0
2020-11-08,Tulare,107,460477,18910,18272,686,18958,304
2020-11-08,Tuolumne,109,53932,469,341,3,344,7
2020-11-08,Ventura,111,848112,16247,15504,472,15976,156
2020-11-08,Yolo,113,214977,3739,3492,9,3501,61
2020-11-08,Yuba,115,75493,1453,1369,6,1375,10
2020-11-07,Alameda,001,1643700,25613,24578,260,24838,424
2020-11-07,Alpine,003,1148,25,6,0,6,0
2020-11-07,Amador,005,37829,399,375,0,375,16
2020-11-07,Butte,007,227075,3452,3277,68,3345,57
2020-11-07,Calaveras,009,45235,364,360,0,360,21
2020-11-07,Colusa,011,21464,597,583,1,584,6
2020-11-07,Contra Costa,013,1133247,20808,19943,108,20051,254
2020-11-07,Del Norte,015,27424,206,194,0,194,2
2020-11-07,El Dorado,017,186661,1643,1495,7,1502,4
2020-11-07,Fresno,019,978130,35819,32497,647,33144,465
2020-11-07,Glenn,021,27897,763,707,8,715,3
2020-11-07,Humboldt,023,135768,639,590,1,591,9
2020-11-07,Imperial,025,180216,13807,13388,18,13406,338
2020-11-07,Inyo,027,18085,260,252,1,253,14
2020-11-07,Kern,029,883053,35810,34513,648,35161,448
2020-11-07,Kings,031,150075,9403,9005,84,9089,84
2020-11-07,Lake,033,64148,786,751,0,751,16
2020-11-07,Lassen,035,31185,858,799,2,801,0
2020-11-07,Los Angeles,037,10098052,327689,316756,3792,320548,7174
2020-11-07,Madera,039,155013,5406,5177,63,5240,54
2020-11-07,Marin,041,260295,7346,7215,21,7236,131
2020-11-07,Mariposa,043,17540,90,81,0,81,2
2020-11-07,Mendocino,045,87422,1204,1118,3,1121,22
2020-11-07,Merced,047,269075,10192,9855,57,9912,157
2020-11-07,Modoc,049,8938,70,51,12,63,0
2020-11-07,Mono,051,14174,458,352,7,359,2
2020-11-07,Monterey,053,433212,12654,12030,109,12139,98
2020-11-07,Napa,055,140530,2444,2260,6,2266,15
2020-11-07,Nevada,057,99092,815,710,20,730,9
2020-11-07,Orange,059,3164182,65134,62038,2024,64062,1505
2020-11-07,Placer,061,380077,5183,4745,30,4775,60
2020-11-07,Plumas,063,18699,127,94,0,94,0
2020-11-07,Riverside,065,2383286,74055,71153,831,71984,1345
2020-11-07,Sacramento,067,1510023,29271,27773,34,27807,515
2020-11-07,San Benito,069,59416,1557,1489,1,1490,15
2020-11-07,San Bernardino,071,2135413,72271,67935,640,68575,1182
2020-11-07,San Diego,073,3302833,63693,59682,1975,61657,909
2020-11-07,San Francisco,075,870044,13444,12980,64,13044,146
2020-11-07,San Joaquin,077,732212,23367,22517,324,22841,505
2020-11-07,San Luis Obispo,079,281455,5053,4668,55,4723,32
2020-11-07,San Mateo,081,765935,12360,11711,7,11718,169
2020-11-07,Santa Barbara,083,443738,10865,10157,131,10288,134
2020-11-07,Santa Clara,085,1922200,28044,26244,37,26281,410
2020-11-07,Santa Cruz,087,273765,3339,3130,39,3169,25
2020-11-07,Shasta,089,179085,3305,2547,42,2589,36
2020-11-07,Sierra,091,2930,10,7,0,7,0
2020-11-07,Siskiyou,093,43540,298,241,13,254,0
2020-11-07,Solano,095,438530,8484,8066,41,8107,85
2020-11-07,Sonoma,097,501317,10709,10200,36,10236,149
2020-11-07,Stanislaus,099,539301,18826,18386,961,19347,418
2020-11-07,Sutter,101,95872,2126,1973,4,1977,12
2020-11-07,Tehama,103,63373,1156,1043,2,1045,7
2020-11-07,Trinity,105,12862,115,42,10,52,0
2020-11-07,Tulare,107,460477,18855,18229,668,18897,304
2020-11-07,Tuolumne,109,53932,458,327,3,330,7
2020-11-07,Ventura,111,848112,16187,15364,467,15831,156
2020-11-07,Yolo,113,214977,3708,3486,9,3495,61
2020-11-07,Yuba,115,75493,1438,1349,6,1355,10
2020-11-06,Alameda,001,1643700,25481,24389,258,24647,420
2020-11-06,Alpine,003,1148,25,6,0,6,0
2020-11-06,Amador,005,37829,397,369,0,369,16
2020-11-06,Butte,007,227075,3427,3254,60,3314,57
2020-11-06,Calaveras,009,45235,363,359,0,359,21
2020-11-06,Colusa,011,21464,595,580,1,581,6
2020-11-06,Contra Costa,013,1133247,20659,19744,108,19852,252
2020-11-06,Del Norte,015,27424,203,194,0,194,2
2020-11-06,El Dorado,017,186661,1617,1475,7,1482,4
2020-11-06,Fresno,019,978130,35631,32278,630,32908,460
2020-11-06,Glenn,021,27897,757,707,7,714,3
2020-11-06,Humboldt,023,135768,636,587,1,588,9
2020-11-06,Imperial,025,180216,13754,13230,18,13248,338
2020-11-06,Inyo,027,18085,258,246,1,247,14
2020-11-06,Kern,029,883053,35647,34360,629,34989,443
2020-11-06,Kings,031,150075,9380,8883,81,8964,83
2020-11-06,Lake,033,64148,785,741,0,741,16
2020-11-06,Lassen,035,31185,850,794,2,796,0
2020-11-06,Los Angeles,037,10098052,325720,314356,3736,318092,7160
2020-11-06,Madera,039,155013,5390,5136,62,5198,54
2020-11-06,Marin,041,260295,7325,7184,21,7205,131
2020-11-06,Mariposa,043,17540,89,79,0,79,2
2020-11-06,Mendocino,045,87422,1199,1113,3,1116,22
2020-11-06,Merced,047,269075,10153,9778,53,9831,157
2020-11-06,Modoc,049,8938,70,48,12,60,0
2020-11-06,Mono,051,14174,452,308,7,315,1
2020-11-06,Monterey,053,433212,12537,11914,108,12022,96
2020-11-06,Napa,055,140530,2419,2189,6,2195,15
2020-11-06,Nevada,057,99092,802,692,19,711,9
2020-11-06,Orange,059,3164182,64831,61049,2014,63063,1494
2020-11-06,Placer,061,380077,5110,4680,30,4710,60
2020-11-06,Plumas,063,18699,122,90,0,90,0
2020-11-06,Riverside,065,2383286,73608,70409,787,71196,1341
2020-11-06,Sacramento,067,1510023,28979,27489,32,27521,514
2020-11-06,San Benito,069,59416,1548,1479,1,1480,15
2020-11-06,San Bernardino,071,2135413,71675,66740,619,67359,1179
2020-11-06,San Diego,073,3302833,63170,59143,1943,61086,907
2020-11-06,San Francisco,075,870044,13374,12825,63,12888,146
2020-11-06,San Joaquin,077,732212,23281,22424,314,22738,502
2020-11-06,San Luis Obispo,079,281455,4988,4531,49,4580,32
2020-11-06,San Mateo,081,765935,12285,11587,7,11594,168
2020-11-06,Santa Barbara,083,443738,10829,10118,126,10244,133
2020-11-06,Santa Clara,085,1922200,27801,25831,37,25868,402
2020-11-06,Santa Cruz,087,273765,3302,3063,39,3102,25
2020-11-06,Shasta,089,179085,3233,2475,40,2515,35
2020-11-06,Sierra,091,2930,9,7,0,7,0
2020-11-06,Siskiyou,093,43540,285,237,12,249,0
2020-11-06,Solano,095,438530,8419,7959,41,8000,85
2020-11-06,Sonoma,097,501317,10659,10142,36,10178,149
2020-11-06,Stanislaus,099,539301,18738,18250,952,19202,417
2020-11-06,Sutter,101,95872,2099,1937,2,1939,12
2020-11-06,Tehama,103,63373,1135,1024,2,1026,6
2020-11-06,Trinity,105,12862,112,41,10,51,0
2020-11-06,Tulare,107,460477,18792,18136,641,18777,300
2020-11-06,Tuolumne,109,53932,437,316,3,319,5
2020-11-06,Ventura,111,848112,16101,15222,464,15686,154
2020-11-06,Yolo,113,214977,3679,3420,9,3429,62
2020-11-06,Yuba,115,75493,1425,1335,6,1341,10
2020-11-05,Alameda,001,1643700,25303,24270,258,24528,420
2020-11-05,Alpine,003,1148,25,6,0,6,0
2020-11-05,Amador,005,37829,394,363,0,363,16
2020-11-05,Butte,007,227075,3404,3239,54,3293,57
2020-11-05,Calaveras,009,45235,356,333,0,333,19
2020-11-05,Colusa,011,21464,591,574,1,575,6
2020-11-05,Contra Costa,013,1133247,20477,19656,106,19762,252
2020-11-05,Del Norte,015,27424,201,192,0,192,2
2020-11-05,El Dorado,017,186661,1593,1466,7,1473,4
2020-11-05,Fresno,019,978130,35394,32056,607,32663,460
2020-11-05,Glenn,021,27897,737,702,7,709,3
2020-11-05,Humboldt,023,135768,625,581,1,582,9
2020-11-05,Imperial,025,180216,13662,13178,17,13195,337
2020-11-05,Inyo,027,18085,258,247,1,248,14
2020-11-05,Kern,029,883053,35447,34232,615,34847,443
2020-11-05,Kings,031,150075,9225,8846,78,8924,83
2020-11-05,Lake,033,64148,781,739,0,739,16
2020-11-05,Lassen,035,31185,819,782,2,784,0
2020-11-05,Los Angeles,037,10098052,323367,312381,3680,316061,7146
2020-11-05,Madera,039,155013,5351,5129,59,5188,54
2020-11-05,Marin,041,260295,7303,7171,21,7192,131
2020-11-05,Mariposa,043,17540,88,79,0,79,2
2020-11-05,Mendocino,045,87422,1187,1112,3,1115,22
2020-11-05,Merced,047,269075,10094,9753,48,9801,155
2020-11-05,Modoc,049,8938,69,47,11,58,0
2020-11-05,Mono,051,14174,450,307,7,314,1
2020-11-05,Monterey,053,433212,12429,11784,104,11888,96
2020-11-05,Napa,055,140530,2392,2158,6,2164,15
2020-11-05,Nevada,057,99092,780,687,18,705,9
2020-11-05,Orange,059,3164182,64385,60740,2004,62744,1484
2020-11-05,Placer,061,380077,5041,4627,25,4652,60
2020-11-05,Plumas,063,18699,114,90,0,90,0
2020-11-05,Riverside,065,2383286,72898,70094,727,70821,1338
2020-11-05,Sacramento,067,1510023,28597,27232,31,27263,512
2020-11-05,San Benito,069,59416,1533,1477,1,1478,15
2020-11-05,San Bernardino,071,2135413,70850,66407,604,67011,1174
2020-11-05,San Diego,073,3302833,62544,58659,1917,60576,904
2020-11-05,San Francisco,075,870044,13262,12726,62,12788,146
2020-11-05,San Joaquin,077,732212,23118,22318,309,22627,502
2020-11-05,San Luis Obispo,079,281455,4921,4459,47,4506,32
2020-11-05,San Mateo,081,765935,12191,11535,7,11542,168
2020-11-05,Santa Barbara,083,443738,10784,10080,122,10202,133
2020-11-05,Santa Clara,085,1922200,27533,25651,37,25688,402
2020-11-05,Santa Cruz,087,273765,3264,3023,39,3062,25
2020-11-05,Shasta,089,179085,3143,2401,39,2440,34
2020-11-05,Sierra,091,2930,9,6,0,6,0
2020-11-05,Siskiyou,093,43540,274,228,12,240,0
2020-11-05,Solano,095,438530,8336,7842,41,7883,85
2020-11-05,Sonoma,097,501317,10547,10064,35,10099,145
2020-11-05,Stanislaus,099,539301,18624,18194,939,19133,417
2020-11-05,Sutter,101,95872,2067,1925,2,1927,12
2020-11-05,Tehama,103,63373,1113,1015,2,1017,6
2020-11-05,Trinity,105,12862,98,41,10,51,0
2020-11-05,Tulare,107,460477,18708,18049,609,18658,301
2020-11-05,Tuolumne,109,53932,408,312,3,315,5
2020-11-05,Ventura,111,848112,15935,15113,453,15566,155
2020-11-05,Yolo,113,214977,3629,3391,9,3400,61
2020-11-05,Yuba,115,75493,1407,1322,6,1328,10
2020-11-04,Alameda,001,1643700,25125,24172,256,24428,418
2020-11-04,Alpine,003,1148,21,5,0,5,0
2020-11-04,Amador,005,37829,391,362,0,362,16
2020-11-04,Butte,007,227075,3378,3218,51,3269,57
2020-11-04,Calaveras,009,45235,353,290,0,290,19
2020-11-04,Colusa,011,21464,589,571,1,572,6
2020-11-04,Contra Costa,013,1133247,20310,19472,102,19574,251
2020-11-04,Del Norte,015,27424,197,188,0,188,2
2020-11-04,El Dorado,017,186661,1578,1448,4,1452,4
2020-11-04,Fresno,019,978130,35164,31952,578,32530,457
2020-11-04,Glenn,021,27897,733,701,6,707,3
2020-11-04,Humboldt,023,135768,616,571,1,572,9
2020-11-04,Imperial,025,180216,13564,13087,17,13104,335
2020-11-04,Inyo,027,18085,257,247,1,248,14
2020-11-04,Kern,029,883053,35293,34027,603,34630,439
2020-11-04,Kings,031,150075,9191,8817,76,8893,83
2020-11-04,Lake,033,64148,774,735,0,735,16
2020-11-04,Lassen,035,31185,814,781,2,783,0
2020-11-04,Los Angeles,037,10098052,321066,310456,3591,314047,7124
2020-11-04,Madera,039,155013,5331,5083,55,5138,54
2020-11-04,Marin,041,260295,7291,7157,21,7178,131
2020-11-04,Mariposa,043,17540,88,79,0,79,2
2020-11-04,Mendocino,045,87422,1169,1089,3,1092,22
2020-11-04,Merced,047,269075,10044,9717,46,9763,153
2020-11-04,Modoc,049,8938,59,47,11,58,0
2020-11-04,Mono,051,14174,447,237,6,243,1
2020-11-04,Monterey,053,433212,12225,11743,97,11840,96
2020-11-04,Napa,055,140530,2338,2133,6,2139,15
2020-11-04,Nevada,057,99092,761,675,18,693,9
2020-11-04,Orange,059,3164182,63952,60463,1980,62443,1483
2020-11-04,Placer,061,380077,4962,4526,22,4548,60
2020-11-04,Plumas,063,18699,112,88,0,88,0
2020-11-04,Riverside,065,2383286,72282,69562,666,70228,1335
2020-11-04,Sacramento,067,1510023,28246,27005,30,27035,510
2020-11-04,San Benito,069,59416,1518,1464,1,1465,15
2020-11-04,San Bernardino,071,2135413,70055,65891,579,66470,1169
2020-11-04,San Diego,073,3302833,61899,58126,1891,60017,904
2020-11-04,San Francisco,075,870044,13178,12649,59,12708,146
2020-11-04,San Joaquin,077,732212,22981,22197,296,22493,500
2020-11-04,San Luis Obispo,079,281455,4854,4389,45,4434,32
2020-11-04,San Mateo,081,765935,12096,11456,7,11463,168
2020-11-04,Santa Barbara,083,443738,10746,10026,121,10147,132
2020-11-04,Santa Clara,085,1922200,27270,25487,37,25524,393
2020-11-04,Santa Cruz,087,273765,3227,2997,39,3036,25
2020-11-04,Shasta,089,179085,3012,2321,34,2355,34
2020-11-04,Sierra,091,2930,9,6,0,6,0
2020-11-04,Siskiyou,093,43540,265,222,12,234,0
2020-11-04,Solano,095,438530,8237,7733,41,7774,85
2020-11-04,Sonoma,097,501317,10453,9965,35,10000,142
2020-11-04,Stanislaus,099,539301,18508,18114,923,19037,416
2020-11-04,Sutter,101,95872,2033,1916,2,1918,12
2020-11-04,Tehama,103,63373,1089,997,2,999,6
2020-11-04,Trinity,105,12862,95,37,10,47,0
2020-11-04,Tulare,107,460477,18600,17952,581,18533,298
2020-11-04,Tuolumne,109,53932,386,310,3,313,5
2020-11-04,Ventura,111,848112,15795,14936,449,15385,155
2020-11-04,Yolo,113,214977,3588,3361,9,3370,62
2020-11-04,Yuba,115,75493,1386,1312,6,1318,10
2020-11-03,Alameda,001,1643700,24941,24055,254,24309,418
2020-11-03,Alpine,003,1148,20,4,0,4,0
2020-11-03,Amador,005,37829,386,361,0,361,16
2020-11-03,Butte,007,227075,3355,3211,45,3256,57
2020-11-03,Calaveras,009,45235,349,287,0,287,19
2020-11-03,Colusa,011,21464,584,572,1,573,6
2020-11-03,Contra Costa,013,1133247,20155,19416,102,19518,250
2020-11-03,Del Norte,015,27424,196,187,0,187,2
2020-11-03,El Dorado,017,186661,1556,1445,3,1448,4
2020-11-03,Fresno,019,978130,34897,31856,554,32410,457
2020-11-03,Glenn,021,27897,727,698,6,704,3
2020-11-03,Humboldt,023,135768,610,570,1,571,8
2020-11-03,Imperial,025,180216,13475,13044,16,13060,335
2020-11-03,Inyo,027,18085,256,244,1,245,14
2020-11-03,Kern,029,883053,35103,33957,591,34548,439
2020-11-03,Kings,031,150075,9028,8783,71,8854,83
2020-11-03,Lake,033,64148,764,732,0,732,16
2020-11-03,Lassen,035,31185,805,782,2,784,0
2020-11-03,Los Angeles,037,10098052,318615,308812,3517,312329,7104
2020-11-03,Madera,039,155013,5294,5058,54,5112,54
2020-11-03,Marin,041,260295,7271,7147,20,7167,131
2020-11-03,Mariposa,043,17540,87,79,0,79,2
2020-11-03,Mendocino,045,87422,1154,1084,3,1087,22
2020-11-03,Merced,047,269075,9991,9713,45,9758,153
2020-11-03,Modoc,049,8938,57,47,9,56,0
2020-11-03,Mono,051,14174,443,210,6,216,1
2020-11-03,Monterey,053,433212,12156,11703,90,11793,94
2020-11-03,Napa,055,140530,2302,2130,6,2136,15
2020-11-03,Nevada,057,99092,741,670,17,687,9
2020-11-03,Orange,059,3164182,63524,60283,1969,62252,1477
2020-11-03,Placer,061,380077,4888,4514,22,4536,60
2020-11-03,Plumas,063,18699,109,86,0,86,0
2020-11-03,Riverside,065,2383286,71666,69300,638,69938,1325
2020-11-03,Sacramento,067,1510023,27866,26841,29,26870,510
2020-11-03,San Benito,069,59416,1508,1463,1,1464,15
2020-11-03,San Bernardino,071,2135413,69246,65320,570,65890,1159
2020-11-03,San Diego,073,3302833,61223,57722,1847,59569,901
2020-11-03,San Francisco,075,870044,13055,12585,58,12643,146
2020-11-03,San Joaquin,077,732212,22847,22109,290,22399,500
2020-11-03,San Luis Obispo,079,281455,4771,4371,43,4414,32
2020-11-03,San Mateo,081,765935,12001,11406,7,11413,162
2020-11-03,Santa Barbara,083,443738,10691,10008,115,10123,132
2020-11-03,Santa Clara,085,1922200,26996,25386,36,25422,393
2020-11-03,Santa Cruz,087,273765,3177,2980,38,3018,25
2020-11-03,Shasta,089,179085,2917,2288,28,2316,33
2020-11-03,Sierra,091,2930,7,6,0,6,0
2020-11-03,Siskiyou,093,43540,261,219,11,230,0
2020-11-03,Solano,095,438530,8154,7691,41,7732,85
2020-11-03,Sonoma,097,501317,10351,9906,35,9941,142
2020-11-03,Stanislaus,099,539301,18389,18080,910,18990,416
2020-11-03,Sutter,101,95872,2000,1914,2,1916,12
2020-11-03,Tehama,103,63373,1068,988,2,990,6
2020-11-03,Trinity,105,12862,88,36,9,45,0
2020-11-03,Tulare,107,460477,18497,17890,553,18443,297
2020-11-03,Tuolumne,109,53932,363,302,3,305,5
2020-11-03,Ventura,111,848112,15668,14816,442,15258,155
2020-11-03,Yolo,113,214977,3537,3343,9,3352,61
2020-11-03,Yuba,115,75493,1373,1295,6,1301,10
2020-11-02,Alameda,001,1643700,24745,23991,251,24242,419
2020-11-02,Alpine,003,1148,17,4,0,4,0
2020-11-02,Amador,005,37829,378,357,0,357,16
2020-11-02,Butte,007,227075,3335,3198,42,3240,57
2020-11-02,Calaveras,009,45235,349,282,0,282,18
2020-11-02,Colusa,011,21464,579,571,1,572,6
2020-11-02,Contra Costa,013,1133247,20001,19339,101,19440,250
2020-11-02,Del Norte,015,27424,193,175,0,175,2
2020-11-02,El Dorado,017,186661,1532,1405,3,1408,4
2020-11-02,Fresno,019,978130,34628,31738,536,32274,451
2020-11-02,Glenn,021,27897,721,692,5,697,3
2020-11-02,Humboldt,023,135768,601,569,1,570,8
2020-11-02,Imperial,025,180216,13395,13004,15,13019,334
2020-11-02,Inyo,027,18085,253,243,1,244,14
2020-11-02,Kern,029,883053,34946,33834,581,34415,437
2020-11-02,Kings,031,150075,8998,8654,68,8722,82
2020-11-02,Lake,033,64148,758,728,0,728,17
2020-11-02,Lassen,035,31185,797,782,2,784,0
2020-11-02,Los Angeles,037,10098052,316272,307620,3436,311056,7079
2020-11-02,Madera,039,155013,5264,5033,53,5086,54
2020-11-02,Marin,041,260295,7253,7132,19,7151,125
2020-11-02,Mariposa,043,17540,87,79,0,79,2
2020-11-02,Mendocino,045,87422,1140,1076,3,1079,21
2020-11-02,Merced,047,269075,9929,9664,39,9703,152
2020-11-02,Modoc,049,8938,54,45,5,50,0
2020-11-02,Mono,051,14174,441,211,6,217,1
2020-11-02,Monterey,053,433212,12049,11602,87,11689,93
2020-11-02,Napa,055,140530,2260,2081,6,2087,15
2020-11-02,Nevada,057,99092,725,656,17,673,9
2020-11-02,Orange,059,3164182,63121,59996,1950,61946,1474
2020-11-02,Placer,061,380077,4820,4461,20,4481,60
2020-11-02,Plumas,063,18699,101,86,0,86,0
2020-11-02,Riverside,065,2383286,71035,68833,597,69430,1321
2020-11-02,Sacramento,067,1510023,27524,26676,27,26703,508
2020-11-02,San Benito,069,59416,1496,1459,1,1460,15
2020-11-02,San Bernardino,071,2135413,68391,64629,559,65188,1157
2020-11-02,San Diego,073,3302833,60500,57429,1802,59231,891
2020-11-02,San Francisco,075,870044,12958,12436,57,12493,145
2020-11-02,San Joaquin,077,732212,22708,21919,281,22200,500
2020-11-02,San Luis Obispo,079,281455,4671,4303,40,4343,31
2020-11-02,San Mateo,081,765935,11892,11328,7,11335,161
2020-11-02,Santa Barbara,083,443738,10650,9985,110,10095,130
2020-11-02,Santa Clara,085,1922200,26708,25222,36,25258,387
2020-11-02,Santa Cruz,087,273765,3135,2943,38,2981,25
2020-11-02,Shasta,089,179085,2812,2174,24,2198,33
2020-11-02,Sierra,091,2930,7,6,0,6,0
2020-11-02,Siskiyou,093,43540,251,216,11,227,0
2020-11-02,Solano,095,438530,8036,7665,41,7706,84
2020-11-02,Sonoma,097,501317,10268,9796,34,9830,140
2020-11-02,Stanislaus,099,539301,18293,18005,901,18906,412
2020-11-02,Sutter,101,95872,1976,1895,2,1897,12
2020-11-02,Tehama,103,63373,1045,971,2,973,6
2020-11-02,Trinity,105,12862,83,30,9,39,0
2020-11-02,Tulare,107,460477,18405,17774,531,18305,299
2020-11-02,Tuolumne,109,53932,343,302,3,305,5
2020-11-02,Ventura,111,848112,15532,14767,423,15190,156
2020-11-02,Yolo,113,214977,3488,3318,9,3327,61
2020-11-02,Yuba,115,75493,1360,1280,6,1286,10
2020-11-01,Alameda,001,1643700,24583,23892,249,24141,419
2020-11-01,Alpine,003,1148,11,4,0,4,0
2020-11-01,Amador,005,37829,375,352,0,352,16
2020-11-01,Butte,007,227075,3312,3185,40,3225,57
2020-11-01,Calaveras,009,45235,348,282,0,282,18
2020-11-01,Colusa,011,21464,577,567,1,568,6
2020-11-01,Contra Costa,013,1133247,19827,19246,100,19346,250
2020-11-01,Del Norte,015,27424,189,175,0,175,2
2020-11-01,El Dorado,017,186661,1516,1394,3,1397,4
2020-11-01,Fresno,019,978130,34374,31613,518,32131,451
2020-11-01,Glenn,021,27897,712,688,3,691,3
2020-11-01,Humboldt,023,135768,593,568,1,569,8
2020-11-01,Imperial,025,180216,13304,12969,13,12982,334
2020-11-01,Inyo,027,18085,251,241,1,242,14
2020-11-01,Kern,029,883053,34766,33760,474,34234,437
2020-11-01,Kings,031,150075,8960,8641,67,8708,82
2020-11-01,Lake,033,64148,752,727,0,727,17
2020-11-01,Lassen,035,31185,797,782,2,784,0
2020-11-01,Los Angeles,037,10098052,313712,306217,3337,309554,7077
2020-11-01,Madera,039,155013,5216,5019,51,5070,54
2020-11-01,Marin,041,260295,7236,7124,19,7143,125
2020-11-01,Mariposa,043,17540,83,79,0,79,2
2020-11-01,Mendocino,045,87422,1127,1074,3,1077,21
2020-11-01,Merced,047,269075,9868,9626,39,9665,152
2020-11-01,Modoc,049,8938,53,45,5,50,0
2020-11-01,Mono,051,14174,412,211,5,216,1
2020-11-01,Monterey,053,433212,11941,11587,84,11671,93
2020-11-01,Napa,055,140530,2226,2067,6,2073,15
2020-11-01,Nevada,057,99092,709,646,16,662,9
2020-11-01,Orange,059,3164182,62719,59733,1922,61655,1475
2020-11-01,Placer,061,380077,4754,4422,19,4441,58
2020-11-01,Plumas,063,18699,96,86,0,86,0
2020-11-01,Riverside,065,2383286,70406,68493,561,69054,1319
2020-11-01,Sacramento,067,1510023,27203,26442,27,26469,508
2020-11-01,San Benito,069,59416,1481,1451,1,1452,15
2020-11-01,San Bernardino,071,2135413,67550,64339,537,64876,1157
2020-11-01,San Diego,073,3302833,59812,57122,1762,58884,891
2020-11-01,San Francisco,075,870044,12835,12436,52,12488,145
2020-11-01,San Joaquin,077,732212,22580,21919,275,22194,500
2020-11-01,San Luis Obispo,079,281455,4591,4303,39,4342,31
2020-11-01,San Mateo,081,765935,11812,11280,7,11287,160
2020-11-01,Santa Barbara,083,443738,10599,9969,94,10063,130
2020-11-01,Santa Clara,085,1922200,26430,25090,36,25126,386
2020-11-01,Santa Cruz,087,273765,3082,2921,38,2959,25
2020-11-01,Shasta,089,179085,2677,2172,23,2195,33
2020-11-01,Sierra,091,2930,7,6,0,6,0
2020-11-01,Siskiyou,093,43540,246,205,11,216,0
2020-11-01,Solano,095,438530,7946,7591,41,7632,84
2020-11-01,Sonoma,097,501317,10176,9688,34,9722,140
2020-11-01,Stanislaus,099,539301,18192,17961,881,18842,412
2020-11-01,Sutter,101,95872,1950,1888,1,1889,12
2020-11-01,Tehama,103,63373,1028,965,2,967,5
2020-11-01,Trinity,105,12862,81,30,8,38,0
2020-11-01,Tulare,107,460477,18293,17774,500,18274,299
2020-11-01,Tuolumne,109,53932,321,295,3,298,5
2020-11-01,Ventura,111,848112,15385,14686,388,15074,156
2020-11-01,Yolo,113,214977,3440,3303,9,3312,60
2020-11-01,Yuba,115,75493,1343,1273,6,1279,10
2020-10-31,Alameda,001,1643700,24468,23780,245,24025,416
2020-10-31,Alpine,003,1148,11,4,0,4,0
2020-10-31,Amador,005,37829,371,347,0,347,16
2020-10-31,Butte,007,227075,3299,3172,38,3210,57
2020-10-31,Calaveras,009,45235,348,280,0,280,18
2020-10-31,Colusa,011,21464,575,555,1,556,6
2020-10-31,Contra Costa,013,1133247,19721,19161,100,19261,249
2020-10-31,Del Norte,015,27424,188,175,0,175,2
2020-10-31,El Dorado,017,186661,1507,1390,3,1393,4
2020-10-31,Fresno,019,978130,34238,31558,514,32072,451
2020-10-31,Glenn,021,27897,710,678,3,681,3
2020-10-31,Humboldt,023,135768,590,561,1,562,8
2020-10-31,Imperial,025,180216,13262,12912,13,12925,334
2020-10-31,Inyo,027,18085,250,241,1,242,14
2020-10-31,Kern,029,883053,34663,33666,464,34130,437
2020-10-31,Kings,031,150075,8939,8612,65,8677,82
2020-10-31,Lake,033,64148,748,724,0,724,16
2020-10-31,Lassen,035,31185,792,782,2,784,0
2020-10-31,Los Angeles,037,10098052,312342,304704,3292,307996,7073
2020-10-31,Madera,039,155013,5198,5013,48,5061,54
2020-10-31,Marin,041,260295,7220,7112,19,7131,125
2020-10-31,Mariposa,043,17540,83,79,0,79,2
2020-10-31,Mendocino,045,87422,1119,1066,3,1069,21
2020-10-31,Merced,047,269075,9835,9597,38,9635,151
2020-10-31,Modoc,049,8938,52,34,4,38,0
2020-10-31,Mono,051,14174,263,194,4,198,1
2020-10-31,Monterey,053,433212,11873,11539,80,11619,93
2020-10-31,Napa,055,140530,2207,2040,6,2046,15
2020-10-31,Nevada,057,99092,691,644,16,660,9
2020-10-31,Orange,059,3164182,62460,59488,1904,61392,1473
2020-10-31,Placer,061,380077,4704,4374,18,4392,58
2020-10-31,Plumas,063,18699,95,85,0,85,0
2020-10-31,Riverside,065,2383286,70050,68178,538,68716,1319
2020-10-31,Sacramento,067,1510023,27004,26316,25,26341,507
2020-10-31,San Benito,069,59416,1474,1448,1,1449,15
2020-10-31,San Bernardino,071,2135413,67125,64016,527,64543,1157
2020-10-31,San Diego,073,3302833,59359,56769,1734,58503,891
2020-10-31,San Francisco,075,870044,12761,12438,51,12489,145
2020-10-31,San Joaquin,077,732212,22505,21918,266,22184,500
2020-10-31,San Luis Obispo,079,281455,4522,4285,36,4321,31
2020-10-31,San Mateo,081,765935,11760,11253,7,11260,160
2020-10-31,Santa Barbara,083,443738,10571,9957,86,10043,130
2020-10-31,Santa Clara,085,1922200,26262,24957,36,24993,379
2020-10-31,Santa Cruz,087,273765,3047,2895,37,2932,25
2020-10-31,Shasta,089,179085,2627,2122,22,2144,33
2020-10-31,Sierra,091,2930,7,6,0,6,0
2020-10-31,Siskiyou,093,43540,244,200,11,211,0
2020-10-31,Solano,095,438530,7882,7545,41,7586,84
2020-10-31,Sonoma,097,501317,10123,9648,34,9682,140
2020-10-31,Stanislaus,099,539301,18130,17920,864,18784,412
2020-10-31,Sutter,101,95872,1941,1876,1,1877,12
2020-10-31,Tehama,103,63373,1018,953,2,955,5
2020-10-31,Trinity,105,12862,78,30,8,38,0
2020-10-31,Tulare,107,460477,18244,17758,492,18250,299
2020-10-31,Tuolumne,109,53932,314,290,3,293,5
2020-10-31,Ventura,111,848112,15302,14635,369,15004,155
2020-10-31,Yolo,113,214977,3405,3290,9,3299,60
2020-10-31,Yuba,115,75493,1327,1260,5,1265,10
2020-10-30,Alameda,001,1643700,24389,23676,242,23918,401
2020-10-30,Alpine,003,1148,11,4,0,4,0
2020-10-30,Amador,005,37829,371,344,0,344,16
2020-10-30,Butte,007,227075,3294,3160,38,3198,57
2020-10-30,Calaveras,009,45235,347,279,0,279,18
2020-10-30,Colusa,011,21464,573,554,1,555,6
2020-10-30,Contra Costa,013,1133247,19649,19074,100,19174,249
2020-10-30,Del Norte,015,27424,187,175,0,175,2
2020-10-30,El Dorado,017,186661,1494,1386,3,1389,4
2020-10-30,Fresno,019,978130,34117,31409,506,31915,446
2020-10-30,Glenn,021,27897,704,674,2,676,3
2020-10-30,Humboldt,023,135768,589,561,1,562,7
2020-10-30,Imperial,025,180216,13221,12853,13,12866,334
2020-10-30,Inyo,027,18085,249,241,1,242,14
2020-10-30,Kern,029,883053,34570,33583,463,34046,437
2020-10-30,Kings,031,150075,8929,8564,63,8627,82
2020-10-30,Lake,033,64148,748,720,0,720,16
2020-10-30,Lassen,035,31185,786,777,2,779,0
2020-10-30,Los Angeles,037,10098052,310909,303425,3253,306678,7060
2020-10-30,Madera,039,155013,5186,4991,46,5037,54
2020-10-30,Marin,041,260295,7200,7097,19,7116,125
2020-10-30,Mariposa,043,17540,83,78,0,78,2
2020-10-30,Mendocino,045,87422,1117,1062,3,1065,21
2020-10-30,Merced,047,269075,9803,9539,38,9577,150
2020-10-30,Modoc,049,8938,51,34,3,37,0
2020-10-30,Mono,051,14174,262,193,4,197,1
2020-10-30,Monterey,053,433212,11811,11491,74,11565,92
2020-10-30,Napa,055,140530,2189,2028,6,2034,15
2020-10-30,Nevada,057,99092,685,634,16,650,9
2020-10-30,Orange,059,3164182,62219,59334,1891,61225,1469
2020-10-30,Placer,061,380077,4657,4335,18,4353,58
2020-10-30,Plumas,063,18699,92,80,0,80,0
2020-10-30,Riverside,065,2383286,69709,67752,518,68270,1317
2020-10-30,Sacramento,067,1510023,26856,26147,25,26172,505
2020-10-30,San Benito,069,59416,1468,1440,1,1441,15
2020-10-30,San Bernardino,071,2135413,66710,63512,524,64036,1156
2020-10-30,San Diego,073,3302833,58954,56387,1712,58099,888
2020-10-30,San Francisco,075,870044,12706,12384,51,12435,145
2020-10-30,San Joaquin,077,732212,22439,21849,259,22108,500
2020-10-30,San Luis Obispo,079,281455,4479,4256,36,4292,31
2020-10-30,San Mateo,081,765935,11701,11207,7,11214,159
2020-10-30,Santa Barbara,083,443738,10548,9937,86,10023,128
2020-10-30,Santa Clara,085,1922200,26113,24811,36,24847,378
2020-10-30,Santa Cruz,087,273765,3029,2874,37,2911,25
2020-10-30,Shasta,089,179085,2583,2048,21,2069,32
2020-10-30,Sierra,091,2930,7,6,0,6,0
2020-10-30,Siskiyou,093,43540,244,192,11,203,0
2020-10-30,Solano,095,438530,7821,7497,41,7538,84
2020-10-30,Sonoma,097,501317,10049,9602,33,9635,140
2020-10-30,Stanislaus,099,539301,18083,17861,847,18708,410
2020-10-30,Sutter,101,95872,1928,1860,1,1861,12
2020-10-30,Tehama,103,63373,1014,932,2,934,5
2020-10-30,Trinity,105,12862,78,29,8,37,0
2020-10-30,Tulare,107,460477,18201,17682,474,18156,299
2020-10-30,Tuolumne,109,53932,307,286,3,289,4
2020-10-30,Ventura,111,848112,15231,14578,354,14932,154
2020-10-30,Yolo,113,214977,3388,3263,9,3272,60
2020-10-30,Yuba,115,75493,1319,1256,5,1261,10
2020-10-29,Alameda,001,1643700,24226,23530,241,23771,401
2020-10-29,Alpine,003,1148,8,4,0,4,0
2020-10-29,Amador,005,37829,367,338,0,338,16
2020-10-29,Butte,007,227075,3276,3143,37,3180,57
2020-10-29,Calaveras,009,45235,345,278,0,278,13
2020-10-29,Colusa,011,21464,569,552,1,553,6
2020-10-29,Contra Costa,013,1133247,19550,18933,99,19032,249
2020-10-29,Del Norte,015,27424,185,174,0,174,2
2020-10-29,El Dorado,017,186661,1472,1370,3,1373,4
2020-10-29,Fresno,019,978130,33962,31321,498,31819,445
2020-10-29,Glenn,021,27897,702,673,2,675,3
2020-10-29,Humboldt,023,135768,584,559,1,560,7
2020-10-29,Imperial,025,180216,13177,12769,13,12782,334
2020-10-29,Inyo,027,18085,247,238,1,239,14
2020-10-29,Kern,029,883053,34468,33460,458,33918,437
2020-10-29,Kings,031,150075,8775,8502,62,8564,82
2020-10-29,Lake,033,64148,745,702,0,702,16
2020-10-29,Lassen,035,31185,785,772,2,774,0
2020-10-29,Los Angeles,037,10098052,309286,302246,3200,305446,7046
2020-10-29,Madera,039,155013,5157,4970,44,5014,53
2020-10-29,Marin,041,260295,7186,7083,19,7102,125
2020-10-29,Mariposa,043,17540,81,78,0,78,2
2020-10-29,Mendocino,045,87422,1111,1058,3,1061,21
2020-10-29,Merced,047,269075,9750,9496,38,9534,150
2020-10-29,Modoc,049,8938,49,31,3,34,0
2020-10-29,Mono,051,14174,255,176,4,180,1
2020-10-29,Monterey,053,433212,11730,11425,72,11497,92
2020-10-29,Napa,055,140530,2165,2009,6,2015,15
2020-10-29,Nevada,057,99092,678,632,16,648,9
2020-10-29,Orange,059,3164182,61951,59046,1871,60917,1464
2020-10-29,Placer,061,380077,4612,4270,16,4286,58
2020-10-29,Plumas,063,18699,90,69,0,69,0
2020-10-29,Riverside,065,2383286,69332,67268,489,67757,1304
2020-10-29,Sacramento,067,1510023,26644,25978,24,26002,507
2020-10-29,San Benito,069,59416,1463,1431,1,1432,15
2020-10-29,San Bernardino,071,2135413,66142,62968,514,63482,1150
2020-10-29,San Diego,073,3302833,58490,55916,1683,57599,885
2020-10-29,San Francisco,075,870044,12627,12312,51,12363,145
2020-10-29,San Joaquin,077,732212,22356,21736,246,21982,498
2020-10-29,San Luis Obispo,079,281455,4449,4223,34,4257,31
2020-10-29,San Mateo,081,765935,11655,11145,7,11152,157
2020-10-29,Santa Barbara,083,443738,10515,9902,84,9986,128
2020-10-29,Santa Clara,085,1922200,25961,24614,36,24650,377
2020-10-29,Santa Cruz,087,273765,3004,2850,37,2887,24
2020-10-29,Shasta,089,179085,2520,2008,21,2029,32
2020-10-29,Sierra,091,2930,6,6,0,6,0
2020-10-29,Siskiyou,093,43540,228,185,11,196,0
2020-10-29,Solano,095,438530,7759,7453,41,7494,78
2020-10-29,Sonoma,097,501317,9985,9533,33,9566,140
2020-10-29,Stanislaus,099,539301,18030,17790,825,18615,410
2020-10-29,Sutter,101,95872,1920,1852,1,1853,12
2020-10-29,Tehama,103,63373,996,925,2,927,5
2020-10-29,Trinity,105,12862,73,28,7,35,0
2020-10-29,Tulare,107,460477,18124,17627,454,18081,299
2020-10-29,Tuolumne,109,53932,302,279,3,282,4
2020-10-29,Ventura,111,848112,15141,14486,349,14835,154
2020-10-29,Yolo,113,214977,3359,3246,9,3255,60
2020-10-29,Yuba,115,75493,1308,1248,5,1253,10
2020-10-28,Alameda,001,1643700,24126,23468,240,23708,400
2020-10-28,Alpine,003,1148,7,4,0,4,0
2020-10-28,Amador,005,37829,364,337,0,337,16
2020-10-28,Butte,007,227075,3260,3134,34,3168,56
2020-10-28,Calaveras,009,45235,344,278,0,278,13
2020-10-28,Colusa,011,21464,566,551,1,552,6
2020-10-28,Contra Costa,013,1133247,19463,18828,98,18926,246
2020-10-28,Del Norte,015,27424,182,173,0,173,2
2020-10-28,El Dorado,017,186661,1460,1363,3,1366,4
2020-10-28,Fresno,019,978130,33843,31195,492,31687,444
2020-10-28,Glenn,021,27897,698,673,2,675,3
2020-10-28,Humboldt,023,135768,580,559,1,560,7
2020-10-28,Imperial,025,180216,13128,12730,13,12743,333
2020-10-28,Inyo,027,18085,247,238,1,239,14
2020-10-28,Kern,029,883053,34366,33424,439,33863,436
2020-10-28,Kings,031,150075,8753,8486,61,8547,82
2020-10-28,Lake,033,64148,742,700,0,700,15
2020-10-28,Lassen,035,31185,781,771,2,773,0
2020-10-28,Los Angeles,037,10098052,307827,300726,3158,303884,7031
2020-10-28,Madera,039,155013,5141,4954,43,4997,53
2020-10-28,Marin,041,260295,7175,7079,19,7098,126
2020-10-28,Mariposa,043,17540,81,78,0,78,2
2020-10-28,Mendocino,045,87422,1110,1037,3,1040,20
2020-10-28,Merced,047,269075,9724,9480,37,9517,150
2020-10-28,Modoc,049,8938,48,31,2,33,0
2020-10-28,Mono,051,14174,237,176,4,180,1
2020-10-28,Monterey,053,433212,11672,11330,70,11400,89
2020-10-28,Napa,055,140530,2139,1998,5,2003,15
2020-10-28,Nevada,057,99092,670,629,16,645,9
2020-10-28,Orange,059,3164182,61687,58801,1855,60656,1459
2020-10-28,Placer,061,380077,4556,4236,16,4252,57
2020-10-28,Plumas,063,18699,89,67,0,67,0
2020-10-28,Riverside,065,2383286,68934,67003,465,67468,1302
2020-10-28,Sacramento,067,1510023,26448,25838,23,25861,506
2020-10-28,San Benito,069,59416,1455,1429,1,1430,15
2020-10-28,San Bernardino,071,2135413,65683,62778,504,63282,1154
2020-10-28,San Diego,073,3302833,58107,55556,1654,57210,881
2020-10-28,San Francisco,075,870044,12569,12261,50,12311,145
2020-10-28,San Joaquin,077,732212,22273,21707,234,21941,498
2020-10-28,San Luis Obispo,079,281455,4408,4197,31,4228,31
2020-10-28,San Mateo,081,765935,11591,11101,7,11108,157
2020-10-28,Santa Barbara,083,443738,10491,9872,82,9954,127
2020-10-28,Santa Clara,085,1922200,25817,24503,36,24539,375
2020-10-28,Santa Cruz,087,273765,2973,2836,37,2873,24
2020-10-28,Shasta,089,179085,2440,1996,20,2016,31
2020-10-28,Sierra,091,2930,6,6,0,6,0
2020-10-28,Siskiyou,093,43540,225,182,10,192,0
2020-10-28,Solano,095,438530,7700,7362,41,7403,77
2020-10-28,Sonoma,097,501317,9895,9457,28,9485,140
2020-10-28,Stanislaus,099,539301,17965,17765,816,18581,409
2020-10-28,Sutter,101,95872,1911,1840,1,1841,12
2020-10-28,Tehama,103,63373,985,921,2,923,5
2020-10-28,Trinity,105,12862,68,28,7,35,0
2020-10-28,Tulare,107,460477,18068,17569,436,18005,297
2020-10-28,Tuolumne,109,53932,299,277,3,280,4
2020-10-28,Ventura,111,848112,15068,14409,340,14749,153
2020-10-28,Yolo,113,214977,3335,3230,9,3239,60
2020-10-28,Yuba,115,75493,1296,1245,5,1250,10
2020-10-27,Alameda,001,1643700,24014,23365,237,23602,400
2020-10-27,Alpine,003,1148,7,3,0,3,0
2020-10-27,Amador,005,37829,361,335,0,335,16
2020-10-27,Butte,007,227075,3244,3107,31,3138,56
2020-10-27,Calaveras,009,45235,342,277,0,277,13
2020-10-27,Colusa,011,21464,561,549,1,550,6
2020-10-27,Contra Costa,013,1133247,19358,18766,98,18864,246
2020-10-27,Del Norte,015,27424,179,173,0,173,2
2020-10-27,El Dorado,017,186661,1447,1351,3,1354,4
2020-10-27,Fresno,019,978130,33726,31096,487,31583,442
2020-10-27,Glenn,021,27897,696,667,1,668,3
2020-10-27,Humboldt,023,135768,577,559,1,560,7
2020-10-27,Imperial,025,180216,13079,12680,13,12693,333
2020-10-27,Inyo,027,18085,247,231,1,232,14
2020-10-27,Kern,029,883053,34249,33328,435,33763,436
2020-10-27,Kings,031,150075,8722,8411,61,8472,83
2020-10-27,Lake,033,64148,739,700,0,700,15
2020-10-27,Lassen,035,31185,779,764,2,766,0
2020-10-27,Los Angeles,037,10098052,306443,299438,3127,302565,7008
2020-10-27,Madera,039,155013,5111,4942,42,4984,53
2020-10-27,Marin,041,260295,7159,7070,19,7089,126
2020-10-27,Mariposa,043,17540,80,78,0,78,2
2020-10-27,Mendocino,045,87422,1103,1033,2,1035,20
2020-10-27,Merced,047,269075,9684,9449,37,9486,150
2020-10-27,Modoc,049,8938,46,31,2,33,0
2020-10-27,Mono,051,14174,223,169,4,173,1
2020-10-27,Monterey,053,433212,11616,11261,68,11329,88
2020-10-27,Napa,055,140530,2123,1979,5,1984,15
2020-10-27,Nevada,057,99092,664,622,16,638,8
2020-10-27,Orange,059,3164182,61417,58550,1838,60388,1448
2020-10-27,Placer,061,380077,4508,4197,14,4211,57
2020-10-27,Plumas,063,18699,86,63,0,63,0
2020-10-27,Riverside,065,2383286,68581,66699,420,67119,1299
2020-10-27,Sacramento,067,1510023,26261,25701,22,25723,501
2020-10-27,San Benito,069,59416,1450,1428,1,1429,15
2020-10-27,San Bernardino,071,2135413,65221,62357,491,62848,1154
2020-10-27,San Diego,073,3302833,57634,55226,1631,56857,877
2020-10-27,San Francisco,075,870044,12495,12218,49,12267,140
2020-10-27,San Joaquin,077,732212,22182,21637,225,21862,496
2020-10-27,San Luis Obispo,079,281455,4381,4148,27,4175,31
2020-10-27,San Mateo,081,765935,11542,11074,7,11081,156
2020-10-27,Santa Barbara,083,443738,10462,9874,81,9955,125
2020-10-27,Santa Clara,085,1922200,25675,24368,36,24404,367
2020-10-27,Santa Cruz,087,273765,2943,2815,36,2851,24
2020-10-27,Shasta,089,179085,2353,1962,20,1982,29
2020-10-27,Sierra,091,2930,6,6,0,6,0
2020-10-27,Siskiyou,093,43540,216,181,10,191,0
2020-10-27,Solano,095,438530,7631,7298,41,7339,77
2020-10-27,Sonoma,097,501317,9828,9389,28,9417,140
2020-10-27,Stanislaus,099,539301,17898,17720,808,18528,408
2020-10-27,Sutter,101,95872,1898,1832,1,1833,12
2020-10-27,Tehama,103,63373,971,913,2,915,5
2020-10-27,Trinity,105,12862,65,28,7,35,0
2020-10-27,Tulare,107,460477,18005,17520,413,17933,296
2020-10-27,Tuolumne,109,53932,295,275,3,278,4
2020-10-27,Ventura,111,848112,14985,14347,333,14680,153
2020-10-27,Yolo,113,214977,3321,3216,9,3225,58
2020-10-27,Yuba,115,75493,1283,1235,5,1240,10
2020-10-26,Alameda,001,1643700,23902,23284,236,23520,398
2020-10-26,Alpine,003,1148,5,3,0,3,0
2020-10-26,Amador,005,37829,357,331,0,331,16
2020-10-26,Butte,007,227075,3232,3095,29,3124,56
2020-10-26,Calaveras,009,45235,338,274,0,274,13
2020-10-26,Colusa,011,21464,559,548,1,549,6
2020-10-26,Contra Costa,013,1133247,19262,18718,97,18815,245
2020-10-26,Del Norte,015,27424,179,171,0,171,2
2020-10-26,El Dorado,017,186661,1433,1336,3,1339,4
2020-10-26,Fresno,019,978130,33614,30969,480,31449,441
2020-10-26,Glenn,021,27897,689,660,1,661,3
2020-10-26,Humboldt,023,135768,569,554,1,555,7
2020-10-26,Imperial,025,180216,13025,12654,10,12664,333
2020-10-26,Inyo,027,18085,247,226,1,227,14
2020-10-26,Kern,029,883053,34165,33233,430,33663,432
2020-10-26,Kings,031,150075,8700,8264,59,8323,82
2020-10-26,Lake,033,64148,737,697,0,697,15
2020-10-26,Lassen,035,31185,776,764,2,766,0
2020-10-26,Los Angeles,037,10098052,305016,297961,3084,301045,6979
2020-10-26,Madera,039,155013,5090,4922,41,4963,53
2020-10-26,Marin,041,260295,7153,7064,18,7082,104
2020-10-26,Mariposa,043,17540,80,77,0,77,2
2020-10-26,Mendocino,045,87422,1095,1026,2,1028,20
2020-10-26,Merced,047,269075,9637,9375,36,9411,150
2020-10-26,Modoc,049,8938,44,28,0,28,0
2020-10-26,Mono,051,14174,217,167,4,171,1
2020-10-26,Monterey,053,433212,11566,11207,64,11271,87
2020-10-26,Napa,055,140530,2091,1966,5,1971,14
2020-10-26,Nevada,057,99092,657,618,16,634,8
2020-10-26,Orange,059,3164182,61214,58377,1818,60195,1442
2020-10-26,Placer,061,380077,4466,4161,13,4174,57
2020-10-26,Plumas,063,18699,84,63,0,63,0
2020-10-26,Riverside,065,2383286,68127,66475,396,66871,1294
2020-10-26,Sacramento,067,1510023,26079,25555,20,25575,496
2020-10-26,San Benito,069,59416,1442,1424,1,1425,15
2020-10-26,San Bernardino,071,2135413,64750,61871,488,62359,1153
2020-10-26,San Diego,073,3302833,57243,54957,1593,56550,870
2020-10-26,San Francisco,075,870044,12435,12072,49,12121,138
2020-10-26,San Joaquin,077,732212,22099,21459,219,21678,495
2020-10-26,San Luis Obispo,079,281455,4356,4133,27,4160,31
2020-10-26,San Mateo,081,765935,11498,11037,7,11044,156
2020-10-26,Santa Barbara,083,443738,10439,9827,81,9908,122
2020-10-26,Santa Clara,085,1922200,25485,24258,35,24293,365
2020-10-26,Santa Cruz,087,273765,2917,2808,36,2844,24
2020-10-26,Shasta,089,179085,2300,1889,20,1909,29
2020-10-26,Sierra,091,2930,6,6,0,6,0
2020-10-26,Siskiyou,093,43540,208,179,10,189,0
2020-10-26,Solano,095,438530,7551,7271,41,7312,62
2020-10-26,Sonoma,097,501317,9748,9315,28,9343,140
2020-10-26,Stanislaus,099,539301,17848,17666,798,18464,400
2020-10-26,Sutter,101,95872,1890,1817,1,1818,12
2020-10-26,Tehama,103,63373,951,892,2,894,5
2020-10-26,Trinity,105,12862,64,26,7,33,0
2020-10-26,Tulare,107,460477,17928,17432,390,17822,296
2020-10-26,Tuolumne,109,53932,286,271,3,274,4
2020-10-26,Ventura,111,848112,14915,14330,330,14660,154
2020-10-26,Yolo,113,214977,3301,3206,9,3215,58
2020-10-26,Yuba,115,75493,1267,1226,5,1231,10
2020-10-25,Alameda,001,1643700,23796,23192,236,23428,398
2020-10-25,Alpine,003,1148,4,3,0,3,0
2020-10-25,Amador,005,37829,346,330,0,330,16
2020-10-25,Butte,007,227075,3213,3087,29,3116,56
2020-10-25,Calaveras,009,45235,337,274,0,274,13
2020-10-25,Colusa,011,21464,555,548,1,549,6
2020-10-25,Contra Costa,013,1133247,19161,18640,97,18737,245
2020-10-25,Del Norte,015,27424,175,171,0,171,2
2020-10-25,El Dorado,017,186661,1418,1328,3,1331,4
2020-10-25,Fresno,019,978130,33485,30858,468,31326,441
2020-10-25,Glenn,021,27897,686,652,1,653,3
2020-10-25,Humboldt,023,135768,566,554,1,555,7
2020-10-25,Imperial,025,180216,12975,12572,10,12582,333
2020-10-25,Inyo,027,18085,244,226,1,227,14
2020-10-25,Kern,029,883053,34058,33185,426,33611,432
2020-10-25,Kings,031,150075,8667,8246,57,8303,82
2020-10-25,Lake,033,64148,720,695,0,695,15
2020-10-25,Lassen,035,31185,773,764,2,766,0
2020-10-25,Los Angeles,037,10098052,303457,297110,3044,300154,6973
2020-10-25,Madera,039,155013,5060,4909,36,4945,53
2020-10-25,Marin,041,260295,7143,7052,18,7070,102
2020-10-25,Mariposa,043,17540,80,77,0,77,2
2020-10-25,Mendocino,045,87422,1088,1024,2,1026,20
2020-10-25,Merced,047,269075,9572,9352,34,9386,150
2020-10-25,Modoc,049,8938,39,28,0,28,0
2020-10-25,Mono,051,14174,209,167,4,171,1
2020-10-25,Monterey,053,433212,11483,11182,59,11241,87
2020-10-25,Napa,055,140530,2061,1962,5,1967,14
2020-10-25,Nevada,057,99092,649,616,16,632,8
2020-10-25,Orange,059,3164182,60925,58185,1808,59993,1443
2020-10-25,Placer,061,380077,4414,4140,13,4153,57
2020-10-25,Plumas,063,18699,84,63,0,63,0
2020-10-25,Riverside,065,2383286,67675,66192,380,66572,1289
2020-10-25,Sacramento,067,1510023,25863,25445,17,25462,496
2020-10-25,San Benito,069,59416,1435,1423,1,1424,15
2020-10-25,San Bernardino,071,2135413,64210,61551,476,62027,1153
2020-10-25,San Diego,073,3302833,56780,54599,1561,56160,870
2020-10-25,San Francisco,075,870044,12362,12072,49,12121,137
2020-10-25,San Joaquin,077,732212,21992,21459,210,21669,495
2020-10-25,San Luis Obispo,079,281455,4314,4126,25,4151,31
2020-10-25,San Mateo,081,765935,11453,10987,7,10994,156
2020-10-25,Santa Barbara,083,443738,10419,9814,81,9895,122
2020-10-25,Santa Clara,085,1922200,25297,24087,35,24122,365
2020-10-25,Santa Cruz,087,273765,2890,2789,36,2825,24
2020-10-25,Shasta,089,179085,2236,1889,20,1909,29
2020-10-25,Sierra,091,2930,6,6,0,6,0
2020-10-25,Siskiyou,093,43540,205,176,10,186,0
2020-10-25,Solano,095,438530,7473,7197,41,7238,60
2020-10-25,Sonoma,097,501317,9655,9235,27,9262,140
2020-10-25,Stanislaus,099,539301,17791,17641,788,18429,400
2020-10-25,Sutter,101,95872,1872,1811,1,1812,12
2020-10-25,Tehama,103,63373,934,880,2,882,5
2020-10-25,Trinity,105,12862,60,26,7,33,0
2020-10-25,Tulare,107,460477,17856,17431,380,17811,296
2020-10-25,Tuolumne,109,53932,281,271,3,274,4
2020-10-25,Ventura,111,848112,14822,14300,324,14624,154
2020-10-25,Yolo,113,214977,3280,3190,9,3199,58
2020-10-25,Yuba,115,75493,1259,1219,5,1224,10
2020-10-24,Alameda,001,1643700,23726,23099,233,23332,398
2020-10-24,Alpine,003,1148,4,3,0,3,0
2020-10-24,Amador,005,37829,345,328,0,328,16
2020-10-24,Butte,007,227075,3204,3078,29,3107,56
2020-10-24,Calaveras,009,45235,335,274,0,274,13
2020-10-24,Colusa,011,21464,550,548,1,549,6
2020-10-24,Contra Costa,013,1133247,19094,18567,97,18664,244
2020-10-24,Del Norte,015,27424,174,171,0,171,2
2020-10-24,El Dorado,017,186661,1402,1317,3,1320,4
2020-10-24,Fresno,019,978130,33424,30752,464,31216,441
2020-10-24,Glenn,021,27897,683,650,1,651,3
2020-10-24,Humboldt,023,135768,564,553,1,554,7
2020-10-24,Imperial,025,180216,12948,12469,10,12479,333
2020-10-24,Inyo,027,18085,244,226,1,227,14
2020-10-24,Kern,029,883053,34000,33105,421,33526,432
2020-10-24,Kings,031,150075,8657,8228,56,8284,82
2020-10-24,Lake,033,64148,715,696,0,696,15
2020-10-24,Lassen,035,31185,772,764,2,766,0
2020-10-24,Los Angeles,037,10098052,302639,296323,3020,299343,6969
2020-10-24,Madera,039,155013,5047,4898,35,4933,53
2020-10-24,Marin,041,260295,7134,7042,18,7060,102
2020-10-24,Mariposa,043,17540,80,77,0,77,2
2020-10-24,Mendocino,045,87422,1076,1022,2,1024,20
2020-10-24,Merced,047,269075,9548,9351,34,9385,150
2020-10-24,Modoc,049,8938,38,28,0,28,0
2020-10-24,Mono,051,14174,195,167,4,171,1
2020-10-24,Monterey,053,433212,11416,11153,58,11211,87
2020-10-24,Napa,055,140530,2044,1957,5,1962,14
2020-10-24,Nevada,057,99092,645,608,16,624,8
2020-10-24,Orange,059,3164182,60772,57928,1797,59725,1441
2020-10-24,Placer,061,380077,4383,4093,13,4106,57
2020-10-24,Plumas,063,18699,78,63,0,63,0
2020-10-24,Riverside,065,2383286,67466,65902,366,66268,1288
2020-10-24,Sacramento,067,1510023,25782,25372,17,25389,496
2020-10-24,San Benito,069,59416,1430,1417,1,1418,15
2020-10-24,San Bernardino,071,2135413,63970,61351,467,61818,1153
2020-10-24,San Diego,073,3302833,56503,54330,1548,55878,868
2020-10-24,San Francisco,075,870044,12304,12073,48,12121,137
2020-10-24,San Joaquin,077,732212,21940,21458,205,21663,495
2020-10-24,San Luis Obispo,079,281455,4289,4119,24,4143,31
2020-10-24,San Mateo,081,765935,11414,10942,7,10949,155
2020-10-24,Santa Barbara,083,443738,10402,9781,81,9862,122
2020-10-24,Santa Clara,085,1922200,25210,23978,35,24013,365
2020-10-24,Santa Cruz,087,273765,2871,2775,36,2811,24
2020-10-24,Shasta,089,179085,2191,1878,20,1898,29
2020-10-24,Sierra,091,2930,6,6,0,6,0
2020-10-24,Siskiyou,093,43540,204,174,10,184,0
2020-10-24,Solano,095,438530,7420,7189,41,7230,60
2020-10-24,Sonoma,097,501317,9621,9179,27,9206,140
2020-10-24,Stanislaus,099,539301,17747,17574,772,18346,400
2020-10-24,Sutter,101,95872,1863,1804,1,1805,12
2020-10-24,Tehama,103,63373,926,872,2,874,5
2020-10-24,Trinity,105,12862,60,25,7,32,0
2020-10-24,Tulare,107,460477,17834,17406,368,17774,295
2020-10-24,Tuolumne,109,53932,278,269,3,272,4
2020-10-24,Ventura,111,848112,14769,14240,323,14563,154
2020-10-24,Yolo,113,214977,3269,3164,9,3173,57
2020-10-24,Yuba,115,75493,1256,1210,5,1215,10
2020-10-23,Alameda,001,1643700,23654,23047,231,23278,393
2020-10-23,Alpine,003,1148,4,3,0,3,0
2020-10-23,Amador,005,37829,344,324,0,324,16
2020-10-23,Butte,007,227075,3195,3059,29,3088,55
2020-10-23,Calaveras,009,45235,334,273,0,273,13
2020-10-23,Colusa,011,21464,550,547,1,548,6
2020-10-23,Contra Costa,013,1133247,19023,18483,96,18579,244
2020-10-23,Del Norte,015,27424,174,171,0,171,2
2020-10-23,El Dorado,017,186661,1393,1310,3,1313,4
2020-10-23,Fresno,019,978130,33357,30590,460,31050,441
2020-10-23,Glenn,021,27897,680,644,1,645,3
2020-10-23,Humboldt,023,135768,562,553,1,554,7
2020-10-23,Imperial,025,180216,12917,12398,10,12408,333
2020-10-23,Inyo,027,18085,243,226,1,227,14
2020-10-23,Kern,029,883053,33932,33077,416,33493,431
2020-10-23,Kings,031,150075,8648,8218,56,8274,82
2020-10-23,Lake,033,64148,713,689,0,689,15
2020-10-23,Lassen,035,31185,771,764,2,766,0
2020-10-23,Los Angeles,037,10098052,301560,294287,2989,297276,6956
2020-10-23,Madera,039,155013,5042,4888,35,4923,53
2020-10-23,Marin,041,260295,7121,7029,18,7047,102
2020-10-23,Mariposa,043,17540,80,77,0,77,2
2020-10-23,Mendocino,045,87422,1073,1019,2,1021,20
2020-10-23,Merced,047,269075,9534,9327,34,9361,149
2020-10-23,Modoc,049,8938,38,28,0,28,0
2020-10-23,Mono,051,14174,194,159,4,163,1
2020-10-23,Monterey,053,433212,11369,11099,54,11153,86
2020-10-23,Napa,055,140530,2036,1942,5,1947,14
2020-10-23,Nevada,057,99092,642,604,16,620,8
2020-10-23,Orange,059,3164182,60601,57595,1782,59377,1430
2020-10-23,Placer,061,380077,4337,4073,13,4086,57
2020-10-23,Plumas,063,18699,75,63,0,63,0
2020-10-23,Riverside,065,2383286,67227,65512,358,65870,1279
2020-10-23,Sacramento,067,1510023,25677,25224,17,25241,496
2020-10-23,San Benito,069,59416,1428,1412,1,1413,15
2020-10-23,San Bernardino,071,2135413,63686,60854,453,61307,1150
2020-10-23,San Diego,073,3302833,56197,53944,1521,55465,867
2020-10-23,San Francisco,075,870044,12273,12015,48,12063,137
2020-10-23,San Joaquin,077,732212,21884,21361,199,21560,495
2020-10-23,San Luis Obispo,079,281455,4263,4102,24,4126,31
2020-10-23,San Mateo,081,765935,11365,10872,7,10879,155
2020-10-23,Santa Barbara,083,443738,10386,9751,81,9832,121
2020-10-23,Santa Clara,085,1922200,25108,23822,35,23857,364
2020-10-23,Santa Cruz,087,273765,2857,2757,36,2793,24
2020-10-23,Shasta,089,179085,2155,1846,19,1865,29
2020-10-23,Sierra,091,2930,6,6,0,6,0
2020-10-23,Siskiyou,093,43540,200,172,10,182,0
2020-10-23,Solano,095,438530,7389,7174,41,7215,59
2020-10-23,Sonoma,097,501317,9565,9112,27,9139,139
2020-10-23,Stanislaus,099,539301,17710,17496,764,18260,395
2020-10-23,Sutter,101,95872,1856,1797,1,1798,12
2020-10-23,Tehama,103,63373,917,862,2,864,5
2020-10-23,Trinity,105,12862,60,26,7,33,0
2020-10-23,Tulare,107,460477,17789,17334,356,17690,295
2020-10-23,Tuolumne,109,53932,276,254,3,257,4
2020-10-23,Ventura,111,848112,14740,14192,323,14515,155
2020-10-23,Yolo,113,214977,3256,3140,9,3149,57
2020-10-23,Yuba,115,75493,1252,1206,5,1211,10
2020-10-22,Alameda,001,1643700,23551,22915,231,23146,393
2020-10-22,Alpine,003,1148,4,3,0,3,0
2020-10-22,Amador,005,37829,340,317,0,317,16
2020-10-22,Butte,007,227075,3185,3046,27,3073,55
2020-10-22,Calaveras,009,45235,331,273,0,273,13
2020-10-22,Colusa,011,21464,550,547,1,548,6
2020-10-22,Contra Costa,013,1133247,18951,18393,96,18489,243
2020-10-22,Del Norte,015,27424,173,168,0,168,2
2020-10-22,El Dorado,017,186661,1383,1308,3,1311,4
2020-10-22,Fresno,019,978130,33248,30471,452,30923,438
2020-10-22,Glenn,021,27897,673,643,1,644,3
2020-10-22,Humboldt,023,135768,561,548,1,549,7
2020-10-22,Imperial,025,180216,12864,12311,10,12321,333
2020-10-22,Inyo,027,18085,240,220,1,221,14
2020-10-22,Kern,029,883053,33851,32991,413,33404,431
2020-10-22,Kings,031,150075,8397,8201,56,8257,82
2020-10-22,Lake,033,64148,709,678,0,678,15
2020-10-22,Lassen,035,31185,768,764,2,766,0
2020-10-22,Los Angeles,037,10098052,300186,291599,2929,294528,6935
2020-10-22,Madera,039,155013,5021,4847,35,4882,52
2020-10-22,Marin,041,260295,7115,7014,18,7032,102
2020-10-22,Mariposa,043,17540,80,77,0,77,2
2020-10-22,Mendocino,045,87422,1068,1016,2,1018,20
2020-10-22,Merced,047,269075,9506,9323,34,9357,149
2020-10-22,Modoc,049,8938,34,26,0,26,0
2020-10-22,Mono,051,14174,189,156,4,160,1
2020-10-22,Monterey,053,433212,11310,11059,51,11110,84
2020-10-22,Napa,055,140530,2021,1928,5,1933,14
2020-10-22,Nevada,057,99092,636,600,16,616,8
2020-10-22,Orange,059,3164182,60387,57418,1765,59183,1422
2020-10-22,Placer,061,380077,4288,4036,13,4049,57
2020-10-22,Plumas,063,18699,72,62,0,62,0
2020-10-22,Riverside,065,2383286,66893,65104,338,65442,1279
2020-10-22,Sacramento,067,1510023,25538,25054,17,25071,492
2020-10-22,San Benito,069,59416,1424,1403,1,1404,15
2020-10-22,San Bernardino,071,2135413,63285,60402,438,60840,1149
2020-10-22,San Diego,073,3302833,55812,53514,1502,55016,866
2020-10-22,San Francisco,075,870044,12215,11991,46,12037,137
2020-10-22,San Joaquin,077,732212,21811,21282,193,21475,495
2020-10-22,San Luis Obispo,079,281455,4247,4081,24,4105,31
2020-10-22,San Mateo,081,765935,11309,10796,7,10803,155
2020-10-22,Santa Barbara,083,443738,10352,9710,79,9789,120
2020-10-22,Santa Clara,085,1922200,24954,23621,35,23656,363
2020-10-22,Santa Cruz,087,273765,2839,2738,35,2773,24
2020-10-22,Shasta,089,179085,2109,1799,19,1818,29
2020-10-22,Sierra,091,2930,6,6,0,6,0
2020-10-22,Siskiyou,093,43540,200,169,10,179,0
2020-10-22,Solano,095,438530,7343,7116,41,7157,59
2020-10-22,Sonoma,097,501317,9499,9052,26,9078,139
2020-10-22,Stanislaus,099,539301,17657,17440,751,18191,395
2020-10-22,Sutter,101,95872,1842,1794,1,1795,12
2020-10-22,Tehama,103,63373,906,852,2,854,5
2020-10-22,Trinity,105,12862,59,26,7,33,0
2020-10-22,Tulare,107,460477,17723,17265,343,17608,293
2020-10-22,Tuolumne,109,53932,274,252,3,255,4
2020-10-22,Ventura,111,848112,14693,14124,321,14445,154
2020-10-22,Yolo,113,214977,3244,3116,9,3125,58
2020-10-22,Yuba,115,75493,1245,1199,5,1204,10
2020-10-21,Alameda,001,1643700,23463,22853,229,23082,392
2020-10-21,Alpine,003,1148,4,3,0,3,0
2020-10-21,Amador,005,37829,335,313,0,313,16
2020-10-21,Butte,007,227075,3173,3041,27,3068,55
2020-10-21,Calaveras,009,45235,330,272,0,272,13
2020-10-21,Colusa,011,21464,550,546,1,547,6
2020-10-21,Contra Costa,013,1133247,18877,18299,96,18395,243
2020-10-21,Del Norte,015,27424,173,169,0,169,2
2020-10-21,El Dorado,017,186661,1371,1305,2,1307,4
2020-10-21,Fresno,019,978130,33152,30328,450,30778,433
2020-10-21,Glenn,021,27897,668,640,1,641,3
2020-10-21,Humboldt,023,135768,560,548,1,549,7
2020-10-21,Imperial,025,180216,12807,12210,10,12220,331
2020-10-21,Inyo,027,18085,236,220,1,221,14
2020-10-21,Kern,029,883053,33777,32956,411,33367,430
2020-10-21,Kings,031,150075,8370,8186,56,8242,80
2020-10-21,Lake,033,64148,708,676,0,676,15
2020-10-21,Lassen,035,31185,767,764,2,766,0
2020-10-21,Los Angeles,037,10098052,298848,288096,2886,290982,6923
2020-10-21,Madera,039,155013,4996,4831,35,4866,52
2020-10-21,Marin,041,260295,7106,7002,18,7020,102
2020-10-21,Mariposa,043,17540,80,77,0,77,2
2020-10-21,Mendocino,045,87422,1066,1011,2,1013,21
2020-10-21,Merced,047,269075,9482,9319,32,9351,149
2020-10-21,Modoc,049,8938,33,26,0,26,0
2020-10-21,Mono,051,14174,187,156,4,160,1
2020-10-21,Monterey,053,433212,11272,11005,50,11055,83
2020-10-21,Napa,055,140530,2005,1918,5,1923,13
2020-10-21,Nevada,057,99092,630,597,16,613,8
2020-10-21,Orange,059,3164182,60175,57189,1754,58943,1409
2020-10-21,Placer,061,380077,4251,4007,13,4020,56
2020-10-21,Plumas,063,18699,69,58,0,58,0
2020-10-21,Riverside,065,2383286,66599,64778,312,65090,1278
2020-10-21,Sacramento,067,1510023,25345,24908,17,24925,490
2020-10-21,San Benito,069,59416,1423,1401,1,1402,14
2020-10-21,San Bernardino,071,2135413,62877,59948,431,60379,1141
2020-10-21,San Diego,073,3302833,55460,53279,1474,54753,863
2020-10-21,San Francisco,075,870044,12166,11976,45,12021,137
2020-10-21,San Joaquin,077,732212,21735,21201,187,21388,495
2020-10-21,San Luis Obispo,079,281455,4233,4055,22,4077,31
2020-10-21,San Mateo,081,765935,11260,10730,7,10737,155
2020-10-21,Santa Barbara,083,443738,10334,9681,78,9759,121
2020-10-21,Santa Clara,085,1922200,24828,23537,35,23572,361
2020-10-21,Santa Cruz,087,273765,2816,2729,35,2764,24
2020-10-21,Shasta,089,179085,2072,1777,19,1796,27
2020-10-21,Sierra,091,2930,6,6,0,6,0
2020-10-21,Siskiyou,093,43540,196,169,10,179,0
2020-10-21,Solano,095,438530,7298,7088,41,7129,59
2020-10-21,Sonoma,097,501317,9419,8987,26,9013,138
2020-10-21,Stanislaus,099,539301,17608,17419,742,18161,392
2020-10-21,Sutter,101,95872,1827,1786,1,1787,12
2020-10-21,Tehama,103,63373,890,824,2,826,5
2020-10-21,Trinity,105,12862,55,25,7,32,0
2020-10-21,Tulare,107,460477,17687,17204,329,17533,292
2020-10-21,Tuolumne,109,53932,273,251,3,254,4
2020-10-21,Ventura,111,848112,14630,14050,318,14368,153
2020-10-21,Yolo,113,214977,3225,3095,9,3104,58
2020-10-21,Yuba,115,75493,1236,1194,5,1199,10
2020-10-20,Alameda,001,1643700,23360,22750,225,22975,391
2020-10-20,Alpine,003,1148,4,3,0,3,0
2020-10-20,Amador,005,37829,334,313,0,313,16
2020-10-20,Butte,007,227075,3161,3027,27,3054,56
2020-10-20,Calaveras,009,45235,329,273,0,273,13
2020-10-20,Colusa,011,21464,547,546,1,547,6
2020-10-20,Contra Costa,013,1133247,18785,18246,96,18342,241
2020-10-20,Del Norte,015,27424,172,169,0,169,2
2020-10-20,El Dorado,017,186661,1365,1295,2,1297,4
2020-10-20,Fresno,019,978130,33049,30220,444,30664,431
2020-10-20,Glenn,021,27897,663,638,1,639,3
2020-10-20,Humboldt,023,135768,556,545,1,546,7
2020-10-20,Imperial,025,180216,12738,12114,10,12124,330
2020-10-20,Inyo,027,18085,236,218,1,219,14
2020-10-20,Kern,029,883053,33702,32889,398,33287,429
2020-10-20,Kings,031,150075,8352,8178,55,8233,80
2020-10-20,Lake,033,64148,706,675,0,675,15
2020-10-20,Lassen,035,31185,766,757,2,759,0
2020-10-20,Los Angeles,037,10098052,297358,287727,2833,290560,6891
2020-10-20,Madera,039,155013,4979,4823,35,4858,52
2020-10-20,Marin,041,260295,7091,6994,18,7012,101
2020-10-20,Mariposa,043,17540,79,77,0,77,2
2020-10-20,Mendocino,045,87422,1064,1004,2,1006,21
2020-10-20,Merced,047,269075,9460,9323,32,9355,149
2020-10-20,Modoc,049,8938,32,26,0,26,0
2020-10-20,Mono,051,14174,187,156,4,160,1
2020-10-20,Monterey,053,433212,11229,10942,47,10989,81
2020-10-20,Napa,055,140530,1986,1912,5,1917,13
2020-10-20,Nevada,057,99092,620,596,16,612,8
2020-10-20,Orange,059,3164182,59911,56914,1744,58658,1397
2020-10-20,Placer,061,380077,4213,3997,13,4010,56
2020-10-20,Plumas,063,18699,66,53,0,53,0
2020-10-20,Riverside,065,2383286,66218,64452,300,64752,1275
2020-10-20,Sacramento,067,1510023,25218,24767,16,24783,485
2020-10-20,San Benito,069,59416,1420,1398,1,1399,14
2020-10-20,San Bernardino,071,2135413,62499,59571,426,59997,1109
2020-10-20,San Diego,073,3302833,55124,53004,1454,54458,857
2020-10-20,San Francisco,075,870044,12119,12013,44,12057,126
2020-10-20,San Joaquin,077,732212,21657,21173,176,21349,490
2020-10-20,San Luis Obispo,079,281455,4215,4043,21,4064,31
2020-10-20,San Mateo,081,765935,11214,10659,7,10666,155
2020-10-20,Santa Barbara,083,443738,10305,9664,76,9740,121
2020-10-20,Santa Clara,085,1922200,24691,23406,35,23441,358
2020-10-20,Santa Cruz,087,273765,2793,2710,35,2745,23
2020-10-20,Shasta,089,179085,2049,1747,19,1766,20
2020-10-20,Sierra,091,2930,6,6,0,6,0
2020-10-20,Siskiyou,093,43540,188,168,10,178,0
2020-10-20,Solano,095,438530,7249,7044,41,7085,57
2020-10-20,Sonoma,097,501317,9356,8904,24,8928,135
2020-10-20,Stanislaus,099,539301,17554,17367,738,18105,393
2020-10-20,Sutter,101,95872,1818,1783,1,1784,12
2020-10-20,Tehama,103,63373,875,813,2,815,5
2020-10-20,Trinity,105,12862,54,25,7,32,0
2020-10-20,Tulare,107,460477,17621,17156,323,17479,289
2020-10-20,Tuolumne,109,53932,271,250,3,253,4
2020-10-20,Ventura,111,848112,14566,13980,316,14296,152
2020-10-20,Yolo,113,214977,3202,3083,9,3092,56
2020-10-20,Yuba,115,75493,1226,1191,5,1196,10
2020-10-19,Alameda,001,1643700,23249,22647,224,22871,392
2020-10-19,Alpine,003,1148,4,3,0,3,0
2020-10-19,Amador,005,37829,328,313,0,313,16
2020-10-19,Butte,007,227075,3150,3026,27,3053,55
2020-10-19,Calaveras,009,45235,328,268,0,268,13
2020-10-19,Colusa,011,21464,547,544,1,545,6
2020-10-19,Contra Costa,013,1133247,18687,18173,96,18269,239
2020-10-19,Del Norte,015,27424,169,167,0,167,2
2020-10-19,El Dorado,017,186661,1344,1287,2,1289,4
2020-10-19,Fresno,019,978130,32941,30152,438,30590,431
2020-10-19,Glenn,021,27897,658,635,0,635,3
2020-10-19,Humboldt,023,135768,556,543,1,544,7
2020-10-19,Imperial,025,180216,12684,12036,9,12045,330
2020-10-19,Inyo,027,18085,235,218,1,219,14
2020-10-19,Kern,029,883053,33627,32840,395,33235,428
2020-10-19,Kings,031,150075,8334,8173,55,8228,80
2020-10-19,Lake,033,64148,703,673,0,673,15
2020-10-19,Lassen,035,31185,765,757,2,759,0
2020-10-19,Los Angeles,037,10098052,295873,287119,2793,289912,6858
2020-10-19,Madera,039,155013,4964,4787,35,4822,52
2020-10-19,Marin,041,260295,7073,6981,18,6999,100
2020-10-19,Mariposa,043,17540,79,77,0,77,2
2020-10-19,Mendocino,045,87422,1059,1001,2,1003,21
2020-10-19,Merced,047,269075,9436,9305,27,9332,148
2020-10-19,Modoc,049,8938,31,26,0,26,0
2020-10-19,Mono,051,14174,182,156,4,160,1
2020-10-19,Monterey,053,433212,11168,10907,47,10954,80
2020-10-19,Napa,055,140530,1972,1892,5,1897,12
2020-10-19,Nevada,057,99092,617,590,16,606,8
2020-10-19,Orange,059,3164182,59625,56652,1730,58382,1396
2020-10-19,Placer,061,380077,4165,3962,13,3975,49
2020-10-19,Plumas,063,18699,64,52,0,52,0
2020-10-19,Riverside,065,2383286,65788,64016,283,64299,1272
2020-10-19,Sacramento,067,1510023,25079,24542,16,24558,483
2020-10-19,San Benito,069,59416,1413,1395,1,1396,14
2020-10-19,San Bernardino,071,2135413,62049,59265,414,59679,1100
2020-10-19,San Diego,073,3302833,54738,52739,1428,54167,853
2020-10-19,San Francisco,075,870044,12075,11879,44,11923,126
2020-10-19,San Joaquin,077,732212,21582,20930,168,21098,489
2020-10-19,San Luis Obispo,079,281455,4199,4016,21,4037,31
2020-10-19,San Mateo,081,765935,11168,10568,7,10575,154
2020-10-19,Santa Barbara,083,443738,10270,9632,76,9708,121
2020-10-19,Santa Clara,085,1922200,24540,23301,35,23336,352
2020-10-19,Santa Cruz,087,273765,2776,2705,35,2740,19
2020-10-19,Shasta,089,179085,2005,1709,18,1727,20
2020-10-19,Sierra,091,2930,6,6,0,6,0
2020-10-19,Siskiyou,093,43540,181,167,10,177,0
2020-10-19,Solano,095,438530,7208,7003,41,7044,57
2020-10-19,Sonoma,097,501317,9269,8830,24,8854,135
2020-10-19,Stanislaus,099,539301,17503,17342,728,18070,390
2020-10-19,Sutter,101,95872,1813,1773,1,1774,12
2020-10-19,Tehama,103,63373,872,793,2,795,5
2020-10-19,Trinity,105,12862,52,23,7,30,0
2020-10-19,Tulare,107,460477,17572,17047,315,17362,291
2020-10-19,Tuolumne,109,53932,269,247,3,250,4
2020-10-19,Ventura,111,848112,14500,13930,313,14243,152
2020-10-19,Yolo,113,214977,3189,3069,9,3078,56
2020-10-19,Yuba,115,75493,1219,1183,5,1188,10
2020-10-18,Alameda,001,1643700,23145,22546,223,22769,392
2020-10-18,Alpine,003,1148,4,3,0,3,0
2020-10-18,Amador,005,37829,316,313,0,313,16
2020-10-18,Butte,007,227075,3137,3019,27,3046,55
2020-10-18,Calaveras,009,45235,327,267,0,267,13
2020-10-18,Colusa,011,21464,545,544,1,545,6
2020-10-18,Contra Costa,013,1133247,18588,18120,96,18216,237
2020-10-18,Del Norte,015,27424,169,167,0,167,2
2020-10-18,El Dorado,017,186661,1335,1283,2,1285,4
2020-10-18,Fresno,019,978130,32817,30051,430,30481,430
2020-10-18,Glenn,021,27897,656,634,0,634,3
2020-10-18,Humboldt,023,135768,553,540,1,541,7
2020-10-18,Imperial,025,180216,12622,11987,8,11995,330
2020-10-18,Inyo,027,18085,232,215,1,216,14
2020-10-18,Kern,029,883053,33554,32799,388,33187,428
2020-10-18,Kings,031,150075,8319,8159,55,8214,80
2020-10-18,Lake,033,64148,696,670,0,670,15
2020-10-18,Lassen,035,31185,765,757,2,759,0
2020-10-18,Los Angeles,037,10098052,294170,286187,2745,288932,6857
2020-10-18,Madera,039,155013,4939,4770,34,4804,52
2020-10-18,Marin,041,260295,7052,6969,18,6987,99
2020-10-18,Mariposa,043,17540,79,77,0,77,2
2020-10-18,Mendocino,045,87422,1057,988,2,990,21
2020-10-18,Merced,047,269075,9401,9292,27,9319,148
2020-10-18,Modoc,049,8938,30,26,0,26,0
2020-10-18,Mono,051,14174,177,155,4,159,1
2020-10-18,Monterey,053,433212,11116,10872,46,10918,80
2020-10-18,Napa,055,140530,1959,1882,5,1887,12
2020-10-18,Nevada,057,99092,611,582,16,598,8
2020-10-18,Orange,059,3164182,59327,56394,1714,58108,1396
2020-10-18,Placer,061,380077,4117,3938,13,3951,49
2020-10-18,Plumas,063,18699,62,52,0,52,0
2020-10-18,Riverside,065,2383286,65478,63765,260,64025,1270
2020-10-18,Sacramento,067,1510023,24924,24425,16,24441,482
2020-10-18,San Benito,069,59416,1406,1395,1,1396,14
2020-10-18,San Bernardino,071,2135413,61550,58893,406,59299,1098
2020-10-18,San Diego,073,3302833,54349,52359,1407,53766,853
2020-10-18,San Francisco,075,870044,12036,11878,44,11922,126
2020-10-18,San Joaquin,077,732212,21500,20931,155,21086,489
2020-10-18,San Luis Obispo,079,281455,4168,4009,19,4028,31
2020-10-18,San Mateo,081,765935,11109,10503,7,10510,154
2020-10-18,Santa Barbara,083,443738,10231,9608,75,9683,121
2020-10-18,Santa Clara,085,1922200,24366,23169,35,23204,352
2020-10-18,Santa Cruz,087,273765,2762,2692,35,2727,19
2020-10-18,Shasta,089,179085,1980,1708,18,1726,20
2020-10-18,Sierra,091,2930,6,6,0,6,0
2020-10-18,Siskiyou,093,43540,181,167,10,177,0
2020-10-18,Solano,095,438530,7161,6962,41,7003,57
2020-10-18,Sonoma,097,501317,9193,8781,22,8803,134
2020-10-18,Stanislaus,099,539301,17447,17290,719,18009,390
2020-10-18,Sutter,101,95872,1804,1764,1,1765,12
2020-10-18,Tehama,103,63373,840,774,2,776,5
2020-10-18,Trinity,105,12862,52,20,7,27,0
2020-10-18,Tulare,107,460477,17480,17048,305,17353,290
2020-10-18,Tuolumne,109,53932,264,245,3,248,4
2020-10-18,Ventura,111,848112,14421,13901,312,14213,151
2020-10-18,Yolo,113,214977,3150,3059,9,3068,55
2020-10-18,Yuba,115,75493,1208,1176,5,1181,10
2020-10-17,Alameda,001,1643700,23099,22394,221,22615,398
2020-10-17,Alpine,003,1148,4,3,0,3,0
2020-10-17,Amador,005,37829,314,309,0,309,16
2020-10-17,Butte,007,227075,3129,3012,25,3037,55
2020-10-17,Calaveras,009,45235,327,267,0,267,13
2020-10-17,Colusa,011,21464,544,544,1,545,6
2020-10-17,Contra Costa,013,1133247,18535,18005,96,18101,237
2020-10-17,Del Norte,015,27424,169,167,0,167,2
2020-10-17,El Dorado,017,186661,1331,1277,2,1279,4
2020-10-17,Fresno,019,978130,32763,29911,428,30339,430
2020-10-17,Glenn,021,27897,653,633,0,633,3
2020-10-17,Humboldt,023,135768,550,535,1,536,7
2020-10-17,Imperial,025,180216,12594,11962,8,11970,330
2020-10-17,Inyo,027,18085,227,212,1,213,14
2020-10-17,Kern,029,883053,33503,32710,385,33095,428
2020-10-17,Kings,031,150075,8313,8151,54,8205,80
2020-10-17,Lake,033,64148,693,663,0,663,15
2020-10-17,Lassen,035,31185,765,757,2,759,0
2020-10-17,Los Angeles,037,10098052,293418,285858,2717,288575,6844
2020-10-17,Madera,039,155013,4933,4759,34,4793,53
2020-10-17,Marin,041,260295,7049,6958,18,6976,99
2020-10-17,Mariposa,043,17540,78,77,0,77,2
2020-10-17,Mendocino,045,87422,1050,977,2,979,21
2020-10-17,Merced,047,269075,9387,9275,27,9302,148
2020-10-17,Modoc,049,8938,30,26,0,26,0
2020-10-17,Mono,051,14174,176,155,4,159,1
2020-10-17,Monterey,053,433212,11076,10807,45,10852,80
2020-10-17,Napa,055,140530,1952,1866,5,1871,12
2020-10-17,Nevada,057,99092,610,580,16,596,8
2020-10-17,Orange,059,3164182,59186,56197,1706,57903,1396
2020-10-17,Placer,061,380077,4090,3898,13,3911,49
2020-10-17,Plumas,063,18699,62,52,0,52,0
2020-10-17,Riverside,065,2383286,65281,63171,249,63420,1270
2020-10-17,Sacramento,067,1510023,24840,24304,16,24320,482
2020-10-17,San Benito,069,59416,1402,1389,1,1390,14
2020-10-17,San Bernardino,071,2135413,61280,58415,399,58814,1097
2020-10-17,San Diego,073,3302833,54124,51986,1396,53382,853
2020-10-17,San Francisco,075,870044,12008,11877,43,11920,126
2020-10-17,San Joaquin,077,732212,21446,20932,149,21081,489
2020-10-17,San Luis Obispo,079,281455,4153,3979,19,3998,31
2020-10-17,San Mateo,081,765935,11081,10423,7,10430,153
2020-10-17,Santa Barbara,083,443738,10212,9588,73,9661,121
2020-10-17,Santa Clara,085,1922200,24277,22997,35,23032,349
2020-10-17,Santa Cruz,087,273765,2748,2680,35,2715,19
2020-10-17,Shasta,089,179085,1954,1679,18,1697,20
2020-10-17,Sierra,091,2930,6,6,0,6,0
2020-10-17,Siskiyou,093,43540,180,167,10,177,0
2020-10-17,Solano,095,438530,7135,6929,41,6970,57
2020-10-17,Sonoma,097,501317,9150,8725,22,8747,134
2020-10-17,Stanislaus,099,539301,17408,17232,709,17941,390
2020-10-17,Sutter,101,95872,1802,1762,1,1763,12
2020-10-17,Tehama,103,63373,824,764,2,766,5
2020-10-17,Trinity,105,12862,52,20,7,27,0
2020-10-17,Tulare,107,460477,17450,16995,296,17291,290
2020-10-17,Tuolumne,109,53932,264,241,3,244,4
2020-10-17,Ventura,111,848112,14376,13845,309,14154,151
2020-10-17,Yolo,113,214977,3135,3045,7,3052,55
2020-10-17,Yuba,115,75493,1203,1164,5,1169,10
2020-10-16,Alameda,001,1643700,23045,22315,221,22536,397
2020-10-16,Alpine,003,1148,4,3,0,3,0
2020-10-16,Amador,005,37829,314,309,0,309,16
2020-10-16,Butte,007,227075,3118,3004,25,3029,54
2020-10-16,Calaveras,009,45235,327,267,0,267,13
2020-10-16,Colusa,011,21464,543,544,1,545,6
2020-10-16,Contra Costa,013,1133247,18482,17956,96,18052,237
2020-10-16,Del Norte,015,27424,169,166,0,166,2
2020-10-16,El Dorado,017,186661,1325,1273,2,1275,4
2020-10-16,Fresno,019,978130,32688,29796,426,30222,427
2020-10-16,Glenn,021,27897,648,632,0,632,3
2020-10-16,Humboldt,023,135768,550,533,1,534,7
2020-10-16,Imperial,025,180216,12554,11885,8,11893,330
2020-10-16,Inyo,027,18085,223,212,1,213,14
2020-10-16,Kern,029,883053,33460,32660,383,33043,428
2020-10-16,Kings,031,150075,8304,8146,53,8199,80
2020-10-16,Lake,033,64148,691,644,0,644,14
2020-10-16,Lassen,035,31185,765,757,2,759,0
2020-10-16,Los Angeles,037,10098052,292356,284988,2694,287682,6835
2020-10-16,Madera,039,155013,4921,4736,33,4769,53
2020-10-16,Marin,041,260295,7039,6933,18,6951,99
2020-10-16,Mariposa,043,17540,78,76,0,76,2
2020-10-16,Mendocino,045,87422,1043,974,2,976,21
2020-10-16,Merced,047,269075,9370,9246,27,9273,148
2020-10-16,Modoc,049,8938,30,26,0,26,0
2020-10-16,Mono,051,14174,174,155,4,159,1
2020-10-16,Monterey,053,433212,11042,10727,45,10772,79
2020-10-16,Napa,055,140530,1943,1855,5,1860,12
2020-10-16,Nevada,057,99092,608,579,16,595,8
2020-10-16,Orange,059,3164182,59010,56091,1699,57790,1388
2020-10-16,Placer,061,380077,4070,3864,13,3877,49
2020-10-16,Plumas,063,18699,61,52,0,52,0
2020-10-16,Riverside,065,2383286,65056,62986,248,63234,1267
2020-10-16,Sacramento,067,1510023,24746,24144,16,24160,479
2020-10-16,San Benito,069,59416,1399,1388,1,1389,14
2020-10-16,San Bernardino,071,2135413,61011,58233,399,58632,1069
2020-10-16,San Diego,073,3302833,53883,51785,1382,53167,850
2020-10-16,San Francisco,075,870044,11986,11840,42,11882,126
2020-10-16,San Joaquin,077,732212,21401,20910,148,21058,489
2020-10-16,San Luis Obispo,079,281455,4139,3952,19,3971,32
2020-10-16,San Mateo,081,765935,11056,10405,7,10412,153
2020-10-16,Santa Barbara,083,443738,10194,9549,73,9622,119
2020-10-16,Santa Clara,085,1922200,24191,22920,35,22955,345
2020-10-16,Santa Cruz,087,273765,2735,2666,35,2701,20
2020-10-16,Shasta,089,179085,1932,1660,18,1678,20
2020-10-16,Sierra,091,2930,6,6,0,6,0
2020-10-16,Siskiyou,093,43540,178,167,10,177,0
2020-10-16,Solano,095,438530,7112,6879,41,6920,55
2020-10-16,Sonoma,097,501317,9094,8652,22,8674,133
2020-10-16,Stanislaus,099,539301,17375,17201,700,17901,366
2020-10-16,Sutter,101,95872,1794,1756,1,1757,12
2020-10-16,Tehama,103,63373,823,737,2,739,3
2020-10-16,Trinity,105,12862,52,20,7,27,0
2020-10-16,Tulare,107,460477,17418,16965,288,17253,290
2020-10-16,Tuolumne,109,53932,261,237,3,240,4
2020-10-16,Ventura,111,848112,14333,13805,304,14109,152
2020-10-16,Yolo,113,214977,3126,3030,7,3037,55
2020-10-16,Yuba,115,75493,1203,1155,5,1160,10
2020-10-15,Alameda,001,1643700,22977,22267,220,22487,390
2020-10-15,Alpine,003,1148,4,3,0,3,0
2020-10-15,Amador,005,37829,314,309,0,309,16
2020-10-15,Butte,007,227075,3106,3000,24,3024,54
2020-10-15,Calaveras,009,45235,326,267,0,267,13
2020-10-15,Colusa,011,21464,542,543,1,544,6
2020-10-15,Contra Costa,013,1133247,18415,17893,95,17988,237
2020-10-15,Del Norte,015,27424,169,164,0,164,2
2020-10-15,El Dorado,017,186661,1320,1265,2,1267,4
2020-10-15,Fresno,019,978130,32594,29727,424,30151,425
2020-10-15,Glenn,021,27897,643,632,0,632,3
2020-10-15,Humboldt,023,135768,546,531,1,532,7
2020-10-15,Imperial,025,180216,12513,11820,7,11827,330
2020-10-15,Inyo,027,18085,223,210,1,211,14
2020-10-15,Kern,029,883053,33379,32593,380,32973,427
2020-10-15,Kings,031,150075,8289,8134,53,8187,80
2020-10-15,Lake,033,64148,689,642,0,642,14
2020-10-15,Lassen,035,31185,764,752,2,754,0
2020-10-15,Los Angeles,037,10098052,291078,284019,2655,286674,6807
2020-10-15,Madera,039,155013,4909,4723,32,4755,50
2020-10-15,Marin,041,260295,7031,6912,18,6930,99
2020-10-15,Mariposa,043,17540,78,76,0,76,2
2020-10-15,Mendocino,045,87422,1038,963,2,965,21
2020-10-15,Merced,047,269075,9343,9213,27,9240,147
2020-10-15,Modoc,049,8938,30,26,0,26,0
2020-10-15,Mono,051,14174,174,155,4,159,1
2020-10-15,Monterey,053,433212,10975,10677,44,10721,79
2020-10-15,Napa,055,140530,1930,1842,5,1847,12
2020-10-15,Nevada,057,99092,604,575,16,591,8
2020-10-15,Orange,059,3164182,58794,55952,1687,57639,1379
2020-10-15,Placer,061,380077,4042,3848,13,3861,48
2020-10-15,Plumas,063,18699,58,52,0,52,0
2020-10-15,Riverside,065,2383286,64725,62819,245,63064,1266
2020-10-15,Sacramento,067,1510023,24629,24068,16,24084,474
2020-10-15,San Benito,069,59416,1396,1384,1,1385,14
2020-10-15,San Bernardino,071,2135413,60672,58068,396,58464,1067
2020-10-15,San Diego,073,3302833,53599,51472,1366,52838,847
2020-10-15,San Francisco,075,870044,11958,11808,39,11847,126
2020-10-15,San Joaquin,077,732212,21328,20880,142,21022,487
2020-10-15,San Luis Obispo,079,281455,4124,3934,19,3953,32
2020-10-15,San Mateo,081,765935,11016,10340,7,10347,152
2020-10-15,Santa Barbara,083,443738,10170,9526,72,9598,117
2020-10-15,Santa Clara,085,1922200,24075,22808,35,22843,343
2020-10-15,Santa Cruz,087,273765,2721,2656,35,2691,13
2020-10-15,Shasta,089,179085,1921,1635,18,1653,20
2020-10-15,Sierra,091,2930,6,6,0,6,0
2020-10-15,Siskiyou,093,43540,174,166,10,176,0
2020-10-15,Solano,095,438530,7073,6830,41,6871,55
2020-10-15,Sonoma,097,501317,9002,8571,22,8593,133
2020-10-15,Stanislaus,099,539301,17337,17151,686,17837,366
2020-10-15,Sutter,101,95872,1791,1752,1,1753,12
2020-10-15,Tehama,103,63373,796,726,2,728,3
2020-10-15,Trinity,105,12862,52,20,7,27,0
2020-10-15,Tulare,107,460477,17358,16918,272,17190,289
2020-10-15,Tuolumne,109,53932,259,236,3,239,4
2020-10-15,Ventura,111,848112,14277,13750,299,14049,152
2020-10-15,Yolo,113,214977,3106,3014,7,3021,55
2020-10-15,Yuba,115,75493,1196,1151,5,1156,10
2020-10-14,Alameda,001,1643700,22879,22227,219,22446,398
2020-10-14,Alpine,003,1148,4,3,0,3,0
2020-10-14,Amador,005,37829,312,308,0,308,16
2020-10-14,Butte,007,227075,3098,2995,24,3019,54
2020-10-14,Calaveras,009,45235,326,266,0,266,12
2020-10-14,Colusa,011,21464,542,543,1,544,6
2020-10-14,Contra Costa,013,1133247,18358,17820,93,17913,236
2020-10-14,Del Norte,015,27424,168,163,0,163,2
2020-10-14,El Dorado,017,186661,1314,1264,2,1266,4
2020-10-14,Fresno,019,978130,32482,29650,420,30070,424
2020-10-14,Glenn,021,27897,642,629,0,629,3
2020-10-14,Humboldt,023,135768,543,531,1,532,7
2020-10-14,Imperial,025,180216,12476,11765,6,11771,330
2020-10-14,Inyo,027,18085,222,209,1,210,14
2020-10-14,Kern,029,883053,33305,32528,377,32905,425
2020-10-14,Kings,031,150075,8272,8118,52,8170,80
2020-10-14,Lake,033,64148,688,642,0,642,14
2020-10-14,Lassen,035,31185,762,752,2,754,0
2020-10-14,Los Angeles,037,10098052,289765,282918,2608,285526,6786
2020-10-14,Madera,039,155013,4894,4713,31,4744,50
2020-10-14,Marin,041,260295,7025,6907,18,6925,99
2020-10-14,Mariposa,043,17540,77,76,0,76,2
2020-10-14,Mendocino,045,87422,1032,955,2,957,21
2020-10-14,Merced,047,269075,9318,9201,25,9226,147
2020-10-14,Modoc,049,8938,30,27,0,27,0
2020-10-14,Mono,051,14174,174,155,4,159,1
2020-10-14,Monterey,053,433212,10924,10616,44,10660,78
2020-10-14,Napa,055,140530,1913,1837,5,1842,12
2020-10-14,Nevada,057,99092,602,573,16,589,7
2020-10-14,Orange,059,3164182,58582,55756,1677,57433,1348
2020-10-14,Placer,061,380077,4019,3829,13,3842,48
2020-10-14,Plumas,063,18699,54,52,0,52,0
2020-10-14,Riverside,065,2383286,64442,62607,244,62851,1261
2020-10-14,Sacramento,067,1510023,24485,24013,16,24029,472
2020-10-14,San Benito,069,59416,1394,1381,0,1381,14
2020-10-14,San Bernardino,071,2135413,60346,57774,393,58167,1063
2020-10-14,San Diego,073,3302833,53281,51329,1342,52671,844
2020-10-14,San Francisco,075,870044,11926,11783,38,11821,123
2020-10-14,San Joaquin,077,732212,21249,20845,128,20973,487
2020-10-14,San Luis Obispo,079,281455,4101,3901,18,3919,32
2020-10-14,San Mateo,081,765935,10965,10309,7,10316,132
2020-10-14,Santa Barbara,083,443738,10135,9509,72,9581,117
2020-10-14,Santa Clara,085,1922200,23927,22735,35,22770,343
2020-10-14,Santa Cruz,087,273765,2711,2618,35,2653,13
2020-10-14,Shasta,089,179085,1883,1553,18,1571,20
2020-10-14,Sierra,091,2930,6,6,0,6,0
2020-10-14,Siskiyou,093,43540,174,166,10,176,0
2020-10-14,Solano,095,438530,7017,6786,41,6827,55
2020-10-14,Sonoma,097,501317,8949,8514,22,8536,133
2020-10-14,Stanislaus,099,539301,17292,17105,683,17788,365
2020-10-14,Sutter,101,95872,1782,1747,1,1748,12
2020-10-14,Tehama,103,63373,785,721,2,723,3
2020-10-14,Trinity,105,12862,51,20,7,27,0
2020-10-14,Tulare,107,460477,17296,16863,259,17122,287
2020-10-14,Tuolumne,109,53932,258,236,3,239,4
2020-10-14,Ventura,111,848112,14224,13697,295,13992,152
2020-10-14,Yolo,113,214977,3088,3007,7,3014,55
2020-10-14,Yuba,115,75493,1188,1147,5,1152,10
2020-10-13,Alameda,001,1643700,22775,22185,217,22402,389
2020-10-13,Alpine,003,1148,4,3,0,3,0
2020-10-13,Amador,005,37829,310,306,0,306,16
2020-10-13,Butte,007,227075,3089,2992,24,3016,54
2020-10-13,Calaveras,009,45235,322,262,0,262,12
2020-10-13,Colusa,011,21464,542,541,1,542,6
2020-10-13,Contra Costa,013,1133247,18300,17783,93,17876,234
2020-10-13,Del Norte,015,27424,168,163,0,163,2
2020-10-13,El Dorado,017,186661,1305,1262,2,1264,4
2020-10-13,Fresno,019,978130,32362,29579,416,29995,424
2020-10-13,Glenn,021,27897,641,629,0,629,3
2020-10-13,Humboldt,023,135768,541,523,1,524,7
2020-10-13,Imperial,025,180216,12441,11727,6,11733,327
2020-10-13,Inyo,027,18085,219,207,1,208,14
2020-10-13,Kern,029,883053,33230,32497,375,32872,419
2020-10-13,Kings,031,150075,8263,8111,52,8163,80
2020-10-13,Lake,033,64148,685,639,0,639,12
2020-10-13,Lassen,035,31185,760,752,2,754,0
2020-10-13,Los Angeles,037,10098052,288490,281716,2565,284281,6767
2020-10-13,Madera,039,155013,4876,4700,31,4731,50
2020-10-13,Marin,041,260295,7003,6900,18,6918,97
2020-10-13,Mariposa,043,17540,77,76,0,76,2
2020-10-13,Mendocino,045,87422,1023,950,2,952,21
2020-10-13,Merced,047,269075,9301,9181,25,9206,146
2020-10-13,Modoc,049,8938,29,28,0,28,0
2020-10-13,Mono,051,14174,174,155,3,158,1
2020-10-13,Monterey,053,433212,10863,10574,43,10617,78
2020-10-13,Napa,055,140530,1904,1825,5,1830,12
2020-10-13,Nevada,057,99092,596,572,16,588,7
2020-10-13,Orange,059,3164182,58370,55515,1663,57178,1326
2020-10-13,Placer,061,380077,3982,3825,13,3838,48
2020-10-13,Plumas,063,18699,52,51,0,51,0
2020-10-13,Riverside,065,2383286,64123,62279,242,62521,1254
2020-10-13,Sacramento,067,1510023,24408,23930,16,23946,466
2020-10-13,San Benito,069,59416,1386,1380,0,1380,14
2020-10-13,San Bernardino,071,2135413,60007,57411,391,57802,1061
2020-10-13,San Diego,073,3302833,52988,51026,1325,52351,840
2020-10-13,San Francisco,075,870044,11891,11659,38,11697,122
2020-10-13,San Joaquin,077,732212,21187,20822,124,20946,481
2020-10-13,San Luis Obispo,079,281455,4090,3892,17,3909,32
2020-10-13,San Mateo,081,765935,10922,10286,7,10293,130
2020-10-13,Santa Barbara,083,443738,10104,9489,72,9561,117
2020-10-13,Santa Clara,085,1922200,23801,22678,35,22713,343
2020-10-13,Santa Cruz,087,273765,2693,2603,35,2638,13
2020-10-13,Shasta,089,179085,1859,1606,18,1624,20
2020-10-13,Sierra,091,2930,6,6,0,6,0
2020-10-13,Siskiyou,093,43540,173,163,10,173,0
2020-10-13,Solano,095,438530,6982,6761,41,6802,55
2020-10-13,Sonoma,097,501317,8866,8456,22,8478,133
2020-10-13,Stanislaus,099,539301,17247,17082,678,17760,362
2020-10-13,Sutter,101,95872,1773,1748,1,1749,12
2020-10-13,Tehama,103,63373,777,717,2,719,3
2020-10-13,Trinity,105,12862,47,19,6,25,0
2020-10-13,Tulare,107,460477,17237,16822,251,17073,286
2020-10-13,Tuolumne,109,53932,256,235,3,238,4
2020-10-13,Ventura,111,848112,14171,13645,290,13935,151
2020-10-13,Yolo,113,214977,3080,2983,6,2989,55
2020-10-13,Yuba,115,75493,1183,1143,5,1148,10
2020-10-12,Alameda,001,1643700,22695,22126,216,22342,389
2020-10-12,Alpine,003,1148,4,3,0,3,0
2020-10-12,Amador,005,37829,309,305,0,305,16
2020-10-12,Butte,007,227075,3083,2975,24,2999,54
2020-10-12,Calaveras,009,45235,322,262,0,262,12
2020-10-12,Colusa,011,21464,542,541,1,542,6
2020-10-12,Contra Costa,013,1133247,18225,17728,93,17821,233
2020-10-12,Del Norte,015,27424,168,161,0,161,2
2020-10-12,El Dorado,017,186661,1302,1254,2,1256,4
2020-10-12,Fresno,019,978130,32229,29523,412,29935,421
2020-10-12,Glenn,021,27897,640,626,0,626,3
2020-10-12,Humboldt,023,135768,538,522,1,523,7
2020-10-12,Imperial,025,180216,12402,11689,6,11695,328
2020-10-12,Inyo,027,18085,216,201,1,202,14
2020-10-12,Kern,029,883053,33137,32425,372,32797,419
2020-10-12,Kings,031,150075,8257,8106,51,8157,80
2020-10-12,Lake,033,64148,679,633,0,633,12
2020-10-12,Lassen,035,31185,760,752,2,754,0
2020-10-12,Los Angeles,037,10098052,287276,280961,2535,283496,6747
2020-10-12,Madera,039,155013,4857,4689,31,4720,50
2020-10-12,Marin,041,260295,6986,6886,18,6904,97
2020-10-12,Mariposa,043,17540,77,76,0,76,2
2020-10-12,Mendocino,045,87422,1017,947,2,949,21
2020-10-12,Merced,047,269075,9280,9141,25,9166,146
2020-10-12,Modoc,049,8938,29,27,0,27,0
2020-10-12,Mono,051,14174,174,154,3,157,1
2020-10-12,Monterey,053,433212,10797,10473,43,10516,77
2020-10-12,Napa,055,140530,1896,1819,5,1824,11
2020-10-12,Nevada,057,99092,592,570,16,586,7
2020-10-12,Orange,059,3164182,58140,55373,1653,57026,1326
2020-10-12,Placer,061,380077,3950,3808,12,3820,48
2020-10-12,Plumas,063,18699,52,51,0,51,0
2020-10-12,Riverside,065,2383286,63811,62279,239,62518,1254
2020-10-12,Sacramento,067,1510023,24302,23807,16,23823,466
2020-10-12,San Benito,069,59416,1383,1376,0,1376,13
2020-10-12,San Bernardino,071,2135413,59634,57235,390,57625,1061
2020-10-12,San Diego,073,3302833,52698,50748,1298,52046,826
2020-10-12,San Francisco,075,870044,11859,11659,38,11697,122
2020-10-12,San Joaquin,077,732212,21124,20701,118,20819,480
2020-10-12,San Luis Obispo,079,281455,4066,3874,17,3891,32
2020-10-12,San Mateo,081,765935,10874,10262,7,10269,130
2020-10-12,Santa Barbara,083,443738,10067,9462,72,9534,117
2020-10-12,Santa Clara,085,1922200,23686,22578,35,22613,343
2020-10-12,Santa Cruz,087,273765,2676,2590,35,2625,13
2020-10-12,Shasta,089,179085,1834,1515,18,1533,20
2020-10-12,Sierra,091,2930,6,6,0,6,0
2020-10-12,Siskiyou,093,43540,172,162,10,172,0
2020-10-12,Solano,095,438530,6943,6742,41,6783,55
2020-10-12,Sonoma,097,501317,8795,8377,22,8399,133
2020-10-12,Stanislaus,099,539301,17198,17051,669,17720,361
2020-10-12,Sutter,101,95872,1765,1741,1,1742,12
2020-10-12,Tehama,103,63373,761,708,2,710,3
2020-10-12,Trinity,105,12862,46,19,6,25,0
2020-10-12,Tulare,107,460477,17185,16742,244,16986,286
2020-10-12,Tuolumne,109,53932,251,234,3,237,4
2020-10-12,Ventura,111,848112,14109,13617,286,13903,151
2020-10-12,Yolo,113,214977,3065,2964,6,2970,55
2020-10-12,Yuba,115,75493,1172,1141,5,1146,10
2020-10-11,Alameda,001,1643700,22605,22057,212,22269,392
2020-10-11,Alpine,003,1148,4,3,0,3,0
2020-10-11,Amador,005,37829,307,305,0,305,16
2020-10-11,Butte,007,227075,3075,2967,23,2990,54
2020-10-11,Calaveras,009,45235,320,262,0,262,12
2020-10-11,Colusa,011,21464,540,541,1,542,6
2020-10-11,Contra Costa,013,1133247,18143,17678,93,17771,233
2020-10-11,Del Norte,015,27424,166,161,0,161,2
2020-10-11,El Dorado,017,186661,1293,1242,2,1244,4
2020-10-11,Fresno,019,978130,32091,29419,405,29824,421
2020-10-11,Glenn,021,27897,638,625,0,625,3
2020-10-11,Humboldt,023,135768,537,521,1,522,7
2020-10-11,Imperial,025,180216,12342,11614,6,11620,328
2020-10-11,Inyo,027,18085,212,201,1,202,14
2020-10-11,Kern,029,883053,33050,32399,365,32764,418
2020-10-11,Kings,031,150075,8240,8094,50,8144,80
2020-10-11,Lake,033,64148,666,631,0,631,12
2020-10-11,Lassen,035,31185,759,752,2,754,0
2020-10-11,Los Angeles,037,10098052,285839,280190,2493,282683,6745
2020-10-11,Madera,039,155013,4829,4680,30,4710,50
2020-10-11,Marin,041,260295,6977,6870,18,6888,97
2020-10-11,Mariposa,043,17540,77,76,0,76,2
2020-10-11,Mendocino,045,87422,1010,944,2,946,21
2020-10-11,Merced,047,269075,9262,9124,25,9149,146
2020-10-11,Modoc,049,8938,29,27,0,27,0
2020-10-11,Mono,051,14174,174,154,3,157,1
2020-10-11,Monterey,053,433212,10746,10445,41,10486,77
2020-10-11,Napa,055,140530,1880,1811,5,1816,11
2020-10-11,Nevada,057,99092,590,569,16,585,7
2020-10-11,Orange,059,3164182,57910,55202,1646,56848,1326
2020-10-11,Placer,061,380077,3929,3787,12,3799,48
2020-10-11,Plumas,063,18699,52,51,0,51,0
2020-10-11,Riverside,065,2383286,63522,62112,235,62347,1254
2020-10-11,Sacramento,067,1510023,24160,23778,16,23794,466
2020-10-11,San Benito,069,59416,1382,1374,0,1374,13
2020-10-11,San Bernardino,071,2135413,59181,56997,386,57383,1061
2020-10-11,San Diego,073,3302833,52349,50553,1276,51829,826
2020-10-11,San Francisco,075,870044,11816,11659,38,11697,122
2020-10-11,San Joaquin,077,732212,21049,20700,108,20808,480
2020-10-11,San Luis Obispo,079,281455,4049,3874,16,3890,32
2020-10-11,San Mateo,081,765935,10843,10240,7,10247,130
2020-10-11,Santa Barbara,083,443738,10037,9440,71,9511,117
2020-10-11,Santa Clara,085,1922200,23543,22487,34,22521,336
2020-10-11,Santa Cruz,087,273765,2662,2578,35,2613,13
2020-10-11,Shasta,089,179085,1804,1515,17,1532,20
2020-10-11,Sierra,091,2930,6,6,0,6,0
2020-10-11,Siskiyou,093,43540,171,162,10,172,0
2020-10-11,Solano,095,438530,6889,6685,41,6726,53
2020-10-11,Sonoma,097,501317,8738,8319,22,8341,133
2020-10-11,Stanislaus,099,539301,17135,17007,652,17659,360
2020-10-11,Sutter,101,95872,1762,1742,1,1743,12
2020-10-11,Tehama,103,63373,737,702,2,704,3
2020-10-11,Trinity,105,12862,46,19,6,25,0
2020-10-11,Tulare,107,460477,17122,16741,236,16977,286
2020-10-11,Tuolumne,109,53932,247,234,3,237,4
2020-10-11,Ventura,111,848112,14048,13604,281,13885,151
2020-10-11,Yolo,113,214977,3035,2952,6,2958,55
2020-10-11,Yuba,115,75493,1160,1137,5,1142,10
2020-10-10,Alameda,001,1643700,22555,21979,211,22190,398
2020-10-10,Alpine,003,1148,4,3,0,3,0
2020-10-10,Amador,005,37829,306,304,0,304,16
2020-10-10,Butte,007,227075,3070,2962,22,2984,54
2020-10-10,Calaveras,009,45235,319,262,0,262,12
2020-10-10,Colusa,011,21464,540,541,1,542,6
2020-10-10,Contra Costa,013,1133247,18107,17566,92,17658,233
2020-10-10,Del Norte,015,27424,166,161,0,161,2
2020-10-10,El Dorado,017,186661,1291,1240,2,1242,4
2020-10-10,Fresno,019,978130,32028,29286,403,29689,421
2020-10-10,Glenn,021,27897,638,623,0,623,3
2020-10-10,Humboldt,023,135768,534,518,1,519,7
2020-10-10,Imperial,025,180216,12327,11591,6,11597,327
2020-10-10,Inyo,027,18085,209,201,1,202,14
2020-10-10,Kern,029,883053,33013,32338,365,32703,418
2020-10-10,Kings,031,150075,8236,8078,50,8128,80
2020-10-10,Lake,033,64148,665,630,0,630,11
2020-10-10,Lassen,035,31185,759,752,2,754,0
2020-10-10,Los Angeles,037,10098052,285119,279213,2459,281672,6743
2020-10-10,Madera,039,155013,4816,4662,30,4692,50
2020-10-10,Marin,041,260295,6968,6852,18,6870,97
2020-10-10,Mariposa,043,17540,77,76,0,76,2
2020-10-10,Mendocino,045,87422,1003,935,2,937,21
2020-10-10,Merced,047,269075,9256,9105,24,9129,146
2020-10-10,Modoc,049,8938,29,27,0,27,0
2020-10-10,Mono,051,14174,174,154,3,157,1
2020-10-10,Monterey,053,433212,10713,10410,41,10451,75
2020-10-10,Napa,055,140530,1873,1804,5,1809,11
2020-10-10,Nevada,057,99092,587,564,16,580,6
2020-10-10,Orange,059,3164182,57789,54965,1641,56606,1324
2020-10-10,Placer,061,380077,3912,3757,12,3769,48
2020-10-10,Plumas,063,18699,52,51,0,51,0
2020-10-10,Riverside,065,2383286,63319,61845,232,62077,1254
2020-10-10,Sacramento,067,1510023,24093,23689,16,23705,466
2020-10-10,San Benito,069,59416,1380,1370,0,1370,13
2020-10-10,San Bernardino,071,2135413,59019,56683,384,57067,1061
2020-10-10,San Diego,073,3302833,52119,50145,1258,51403,825
2020-10-10,San Francisco,075,870044,11795,11663,38,11701,122
2020-10-10,San Joaquin,077,732212,21021,20700,104,20804,481
2020-10-10,San Luis Obispo,079,281455,4029,3832,16,3848,32
2020-10-10,San Mateo,081,765935,10806,10218,7,10225,130
2020-10-10,Santa Barbara,083,443738,10026,9417,71,9488,116
2020-10-10,Santa Clara,085,1922200,23451,22354,34,22388,330
2020-10-10,Santa Cruz,087,273765,2648,2572,35,2607,13
2020-10-10,Shasta,089,179085,1787,1473,17,1490,20
2020-10-10,Sierra,091,2930,6,6,0,6,0
2020-10-10,Siskiyou,093,43540,171,161,10,171,0
2020-10-10,Solano,095,438530,6863,6655,41,6696,53
2020-10-10,Sonoma,097,501317,8718,8235,22,8257,133
2020-10-10,Stanislaus,099,539301,17100,16960,644,17604,360
2020-10-10,Sutter,101,95872,1759,1735,1,1736,12
2020-10-10,Tehama,103,63373,730,693,2,695,3
2020-10-10,Trinity,105,12862,46,19,6,25,0
2020-10-10,Tulare,107,460477,17088,16709,231,16940,286
2020-10-10,Tuolumne,109,53932,247,233,3,236,4
2020-10-10,Ventura,111,848112,14023,13520,281,13801,151
2020-10-10,Yolo,113,214977,3026,2939,6,2945,55
2020-10-10,Yuba,115,75493,1158,1134,5,1139,10
2020-10-09,Alameda,001,1643700,22507,21924,211,22135,399
2020-10-09,Alpine,003,1148,4,3,0,3,0
2020-10-09,Amador,005,37829,306,303,0,303,16
2020-10-09,Butte,007,227075,3067,2956,22,2978,51
2020-10-09,Calaveras,009,45235,317,262,0,262,11
2020-10-09,Colusa,011,21464,540,541,1,542,6
2020-10-09,Contra Costa,013,1133247,18057,17487,92,17579,229
2020-10-09,Del Norte,015,27424,165,161,0,161,2
2020-10-09,El Dorado,017,186661,1287,1234,2,1236,4
2020-10-09,Fresno,019,978130,31955,29208,401,29609,417
2020-10-09,Glenn,021,27897,633,617,0,617,3
2020-10-09,Humboldt,023,135768,532,516,1,517,7
2020-10-09,Imperial,025,180216,12300,11516,6,11522,330
2020-10-09,Inyo,027,18085,206,200,1,201,14
2020-10-09,Kern,029,883053,32970,32237,363,32600,417
2020-10-09,Kings,031,150075,8229,7993,48,8041,80
2020-10-09,Lake,033,64148,655,610,0,610,11
2020-10-09,Lassen,035,31185,759,751,2,753,0
2020-10-09,Los Angeles,037,10098052,283985,278039,2434,280473,6715
2020-10-09,Madera,039,155013,4806,4646,30,4676,50
2020-10-09,Marin,041,260295,6954,6838,18,6856,96
2020-10-09,Mariposa,043,17540,77,76,0,76,2
2020-10-09,Mendocino,045,87422,993,933,2,935,20
2020-10-09,Merced,047,269075,9242,9095,24,9119,145
2020-10-09,Modoc,049,8938,29,27,0,27,0
2020-10-09,Mono,051,14174,174,154,3,157,1
2020-10-09,Monterey,053,433212,10679,10369,41,10410,75
2020-10-09,Napa,055,140530,1863,1795,5,1800,11
2020-10-09,Nevada,057,99092,582,561,16,577,6
2020-10-09,Orange,059,3164182,57620,54746,1635,56381,1305
2020-10-09,Placer,061,380077,3898,3737,12,3749,48
2020-10-09,Plumas,063,18699,52,50,0,50,0
2020-10-09,Riverside,065,2383286,63083,61529,231,61760,1252
2020-10-09,Sacramento,067,1510023,24023,23606,16,23622,457
2020-10-09,San Benito,069,59416,1375,1367,0,1367,13
2020-10-09,San Bernardino,071,2135413,58779,56434,382,56816,1057
2020-10-09,San Diego,073,3302833,51843,49825,1247,51072,821
2020-10-09,San Francisco,075,870044,11765,11620,38,11658,120
2020-10-09,San Joaquin,077,732212,20992,20648,94,20742,481
2020-10-09,San Luis Obispo,079,281455,4010,3810,16,3826,32
2020-10-09,San Mateo,081,765935,10778,10140,7,10147,130
2020-10-09,Santa Barbara,083,443738,9998,9396,71,9467,116
2020-10-09,Santa Clara,085,1922200,23349,22251,33,22284,328
2020-10-09,Santa Cruz,087,273765,2639,2555,35,2590,13
2020-10-09,Shasta,089,179085,1760,1353,16,1369,20
2020-10-09,Sierra,091,2930,6,6,0,6,0
2020-10-09,Siskiyou,093,43540,169,156,10,166,0
2020-10-09,Solano,095,438530,6824,6614,41,6655,53
2020-10-09,Sonoma,097,501317,8664,8133,22,8155,133
2020-10-09,Stanislaus,099,539301,17077,16904,635,17539,362
2020-10-09,Sutter,101,95872,1755,1732,1,1733,12
2020-10-09,Tehama,103,63373,724,682,2,684,3
2020-10-09,Trinity,105,12862,46,25,6,31,0
2020-10-09,Tulare,107,460477,17048,16644,222,16866,286
2020-10-09,Tuolumne,109,53932,244,230,3,233,4
2020-10-09,Ventura,111,848112,13987,13469,278,13747,151
2020-10-09,Yolo,113,214977,3019,2928,6,2934,55
2020-10-09,Yuba,115,75493,1157,1129,5,1134,10
2020-10-08,Alameda,001,1643700,22426,21826,210,22036,395
2020-10-08,Alpine,003,1148,4,3,0,3,0
2020-10-08,Amador,005,37829,305,302,0,302,16
2020-10-08,Butte,007,227075,3057,2935,22,2957,51
2020-10-08,Calaveras,009,45235,316,262,0,262,11
2020-10-08,Colusa,011,21464,540,539,1,540,6
2020-10-08,Contra Costa,013,1133247,17997,17418,91,17509,228
2020-10-08,Del Norte,015,27424,165,151,0,151,2
2020-10-08,El Dorado,017,186661,1286,1230,2,1232,4
2020-10-08,Fresno,019,978130,31850,29111,401,29512,416
2020-10-08,Glenn,021,27897,630,616,0,616,3
2020-10-08,Humboldt,023,135768,528,515,1,516,7
2020-10-08,Imperial,025,180216,12261,11405,6,11411,330
2020-10-08,Inyo,027,18085,203,199,1,200,14
2020-10-08,Kern,029,883053,32912,32169,358,32527,411
2020-10-08,Kings,031,150075,8223,7968,48,8016,80
2020-10-08,Lake,033,64148,650,604,0,604,11
2020-10-08,Lassen,035,31185,754,751,2,753,0
2020-10-08,Los Angeles,037,10098052,282787,276763,2393,279156,6699
2020-10-08,Madera,039,155013,4787,4637,30,4667,50
2020-10-08,Marin,041,260295,6940,6810,18,6828,96
2020-10-08,Mariposa,043,17540,77,76,0,76,2
2020-10-08,Mendocino,045,87422,988,930,2,932,20
2020-10-08,Merced,047,269075,9222,9069,24,9093,144
2020-10-08,Modoc,049,8938,29,27,0,27,0
2020-10-08,Mono,051,14174,174,153,3,156,1
2020-10-08,Monterey,053,433212,10612,10343,41,10384,75
2020-10-08,Napa,055,140530,1848,1779,5,1784,11
2020-10-08,Nevada,057,99092,579,556,16,572,6
2020-10-08,Orange,059,3164182,57427,54523,1623,56146,1293
2020-10-08,Placer,061,380077,3880,3715,12,3727,48
2020-10-08,Plumas,063,18699,52,50,0,50,0
2020-10-08,Riverside,065,2383286,62815,61105,229,61334,1244
2020-10-08,Sacramento,067,1510023,23915,23482,16,23498,454
2020-10-08,San Benito,069,59416,1370,1367,0,1367,13
2020-10-08,San Bernardino,071,2135413,58414,56152,381,56533,1048
2020-10-08,San Diego,073,3302833,51563,49468,1215,50683,819
2020-10-08,San Francisco,075,870044,11728,11608,38,11646,115
2020-10-08,San Joaquin,077,732212,20941,20576,89,20665,478
2020-10-08,San Luis Obispo,079,281455,3994,3785,16,3801,32
2020-10-08,San Mateo,081,765935,10746,10044,7,10051,130
2020-10-08,Santa Barbara,083,443738,9969,9374,71,9445,116
2020-10-08,Santa Clara,085,1922200,23247,22095,33,22128,323
2020-10-08,Santa Cruz,087,273765,2627,2535,35,2570,13
2020-10-08,Shasta,089,179085,1726,1305,16,1321,20
2020-10-08,Sierra,091,2930,6,6,0,6,0
2020-10-08,Siskiyou,093,43540,169,156,10,166,0
2020-10-08,Solano,095,438530,6800,6556,41,6597,53
2020-10-08,Sonoma,097,501317,8598,8063,22,8085,132
2020-10-08,Stanislaus,099,539301,17031,16821,627,17448,360
2020-10-08,Sutter,101,95872,1755,1725,1,1726,12
2020-10-08,Tehama,103,63373,715,676,2,678,3
2020-10-08,Trinity,105,12862,46,25,6,31,0
2020-10-08,Tulare,107,460477,16987,16573,213,16786,283
2020-10-08,Tuolumne,109,53932,243,230,3,233,4
2020-10-08,Ventura,111,848112,13940,13399,275,13674,151
2020-10-08,Yolo,113,214977,3002,2914,6,2920,55
2020-10-08,Yuba,115,75493,1152,1126,5,1131,10
2020-10-07,Alameda,001,1643700,22349,21736,210,21946,395
2020-10-07,Alpine,003,1148,4,3,0,3,0
2020-10-07,Amador,005,37829,305,302,0,302,16
2020-10-07,Butte,007,227075,3045,2927,22,2949,47
2020-10-07,Calaveras,009,45235,314,262,0,262,11
2020-10-07,Colusa,011,21464,539,539,0,539,6
2020-10-07,Contra Costa,013,1133247,17926,17346,90,17436,225
2020-10-07,Del Norte,015,27424,164,149,0,149,2
2020-10-07,El Dorado,017,186661,1278,1219,2,1221,4
2020-10-07,Fresno,019,978130,31728,29069,396,29465,413
2020-10-07,Glenn,021,27897,630,615,0,615,3
2020-10-07,Humboldt,023,135768,525,512,1,513,7
2020-10-07,Imperial,025,180216,12224,11289,6,11295,330
2020-10-07,Inyo,027,18085,203,199,1,200,14
2020-10-07,Kern,029,883053,32839,32068,357,32425,410
2020-10-07,Kings,031,150075,8208,7948,48,7996,80
2020-10-07,Lake,033,64148,649,599,0,599,11
2020-10-07,Lassen,035,31185,754,751,2,753,0
2020-10-07,Los Angeles,037,10098052,281612,275559,2355,277914,6681
2020-10-07,Madera,039,155013,4767,4618,30,4648,50
2020-10-07,Marin,041,260295,6913,6790,18,6808,95
2020-10-07,Mariposa,043,17540,77,75,0,75,2
2020-10-07,Mendocino,045,87422,982,927,2,929,19
2020-10-07,Merced,047,269075,9185,9045,23,9068,144
2020-10-07,Modoc,049,8938,29,27,0,27,0
2020-10-07,Mono,051,14174,173,153,2,155,1
2020-10-07,Monterey,053,433212,10553,10272,41,10313,75
2020-10-07,Napa,055,140530,1835,1774,5,1779,11
2020-10-07,Nevada,057,99092,575,552,16,568,6
2020-10-07,Orange,059,3164182,57208,54332,1613,55945,1277
2020-10-07,Placer,061,380077,3864,3693,12,3705,48
2020-10-07,Plumas,063,18699,52,50,0,50,0
2020-10-07,Riverside,065,2383286,62467,60857,225,61082,1241
2020-10-07,Sacramento,067,1510023,23818,23380,16,23396,452
2020-10-07,San Benito,069,59416,1367,1363,0,1363,13
2020-10-07,San Bernardino,071,2135413,58066,55738,380,56118,1043
2020-10-07,San Diego,073,3302833,51247,49177,1191,50368,813
2020-10-07,San Francisco,075,870044,11693,11551,38,11589,115
2020-10-07,San Joaquin,077,732212,20889,20527,81,20608,478
2020-10-07,San Luis Obispo,079,281455,3964,3749,16,3765,32
2020-10-07,San Mateo,081,765935,10704,9980,7,9987,130
2020-10-07,Santa Barbara,083,443738,9941,9350,70,9420,116
2020-10-07,Santa Clara,085,1922200,23119,21993,33,22026,320
2020-10-07,Santa Cruz,087,273765,2615,2518,35,2553,14
2020-10-07,Shasta,089,179085,1683,1268,16,1284,20
2020-10-07,Sierra,091,2930,6,6,0,6,0
2020-10-07,Siskiyou,093,43540,167,154,10,164,0
2020-10-07,Solano,095,438530,6765,6526,41,6567,53
2020-10-07,Sonoma,097,501317,8522,7993,21,8014,130
2020-10-07,Stanislaus,099,539301,16996,16786,621,17407,357
2020-10-07,Sutter,101,95872,1751,1723,1,1724,12
2020-10-07,Tehama,103,63373,706,666,2,668,3
2020-10-07,Trinity,105,12862,44,25,6,31,0
2020-10-07,Tulare,107,460477,16945,16483,204,16687,282
2020-10-07,Tuolumne,109,53932,243,227,3,230,3
2020-10-07,Ventura,111,848112,13890,13333,269,13602,150
2020-10-07,Yolo,113,214977,2976,2904,6,2910,55
2020-10-07,Yuba,115,75493,1146,1120,5,1125,10
2020-10-06,Alameda,001,1643700,22258,21698,208,21906,385
2020-10-06,Alpine,003,1148,4,3,0,3,0
2020-10-06,Amador,005,37829,303,301,0,301,16
2020-10-06,Butte,007,227075,3038,2925,22,2947,47
2020-10-06,Calaveras,009,45235,314,261,0,261,11
2020-10-06,Colusa,011,21464,538,538,0,538,6
2020-10-06,Contra Costa,013,1133247,17847,17295,90,17385,219
2020-10-06,Del Norte,015,27424,164,144,0,144,2
2020-10-06,El Dorado,017,186661,1274,1211,2,1213,4
2020-10-06,Fresno,019,978130,31586,29022,393,29415,412
2020-10-06,Glenn,021,27897,627,604,0,604,3
2020-10-06,Humboldt,023,135768,522,508,1,509,7
2020-10-06,Imperial,025,180216,12186,11196,6,11202,327
2020-10-06,Inyo,027,18085,201,198,1,199,14
2020-10-06,Kern,029,883053,32762,32006,355,32361,407
2020-10-06,Kings,031,150075,8192,7943,48,7991,81
2020-10-06,Lake,033,64148,643,596,0,596,11
2020-10-06,Lassen,035,31185,754,743,2,745,0
2020-10-06,Los Angeles,037,10098052,280379,274115,2302,276417,6657
2020-10-06,Madera,039,155013,4755,4608,30,4638,50
2020-10-06,Marin,041,260295,6899,6766,18,6784,91
2020-10-06,Mariposa,043,17540,77,75,0,75,2
2020-10-06,Mendocino,045,87422,975,920,2,922,19
2020-10-06,Merced,047,269075,9149,9034,22,9056,143
2020-10-06,Modoc,049,8938,29,26,0,26,0
2020-10-06,Mono,051,14174,173,153,2,155,1
2020-10-06,Monterey,053,433212,10497,10235,40,10275,72
2020-10-06,Napa,055,140530,1829,1770,5,1775,11
2020-10-06,Nevada,057,99092,573,551,16,567,6
2020-10-06,Orange,059,3164182,56993,54203,1605,55808,1273
2020-10-06,Placer,061,380077,3842,3680,12,3692,48
2020-10-06,Plumas,063,18699,52,49,0,49,0
2020-10-06,Riverside,065,2383286,62203,60593,222,60815,1238
2020-10-06,Sacramento,067,1510023,23731,23322,16,23338,442
2020-10-06,San Benito,069,59416,1366,1358,0,1358,12
2020-10-06,San Bernardino,071,2135413,57751,55416,377,55793,1040
2020-10-06,San Diego,073,3302833,50910,48823,1174,49997,806
2020-10-06,San Francisco,075,870044,11667,11513,37,11550,115
2020-10-06,San Joaquin,077,732212,20849,20481,78,20559,477
2020-10-06,San Luis Obispo,079,281455,3929,3723,16,3739,32
2020-10-06,San Mateo,081,765935,10671,9934,7,9941,129
2020-10-06,Santa Barbara,083,443738,9912,9331,69,9400,116
2020-10-06,Santa Clara,085,1922200,23024,21914,33,21947,320
2020-10-06,Santa Cruz,087,273765,2593,2510,35,2545,12
2020-10-06,Shasta,089,179085,1643,1242,16,1258,18
2020-10-06,Sierra,091,2930,6,6,0,6,0
2020-10-06,Siskiyou,093,43540,167,154,10,164,0
2020-10-06,Solano,095,438530,6719,6506,41,6547,52
2020-10-06,Sonoma,097,501317,8430,7895,21,7916,130
2020-10-06,Stanislaus,099,539301,16951,16759,615,17374,354
2020-10-06,Sutter,101,95872,1749,1722,1,1723,12
2020-10-06,Tehama,103,63373,697,660,2,662,3
2020-10-06,Trinity,105,12862,44,25,6,31,0
2020-10-06,Tulare,107,460477,16903,16456,196,16652,280
2020-10-06,Tuolumne,109,53932,242,227,3,230,2
2020-10-06,Ventura,111,848112,13823,13242,264,13506,150
2020-10-06,Yolo,113,214977,2962,2899,6,2905,56
2020-10-06,Yuba,115,75493,1145,1114,5,1119,10
2020-10-05,Alameda,001,1643700,22170,21637,205,21842,383
2020-10-05,Alpine,003,1148,4,2,0,2,0
2020-10-05,Amador,005,37829,303,299,0,299,16
2020-10-05,Butte,007,227075,3028,2910,22,2932,46
2020-10-05,Calaveras,009,45235,314,259,0,259,11
2020-10-05,Colusa,011,21464,538,537,0,537,6
2020-10-05,Contra Costa,013,1133247,17770,17250,90,17340,216
2020-10-05,Del Norte,015,27424,161,142,0,142,2
2020-10-05,El Dorado,017,186661,1270,1202,2,1204,4
2020-10-05,Fresno,019,978130,31469,29136,393,29529,408
2020-10-05,Glenn,021,27897,625,603,0,603,3
2020-10-05,Humboldt,023,135768,521,506,1,507,6
2020-10-05,Imperial,025,180216,12147,11169,6,11175,327
2020-10-05,Inyo,027,18085,201,197,1,198,14
2020-10-05,Kern,029,883053,32682,31933,351,32284,404
2020-10-05,Kings,031,150075,8095,7932,48,7980,80
2020-10-05,Lake,033,64148,639,592,0,592,10
2020-10-05,Lassen,035,31185,753,743,2,745,0
2020-10-05,Los Angeles,037,10098052,279296,273200,2258,275458,6632
2020-10-05,Madera,039,155013,4747,4598,28,4626,50
2020-10-05,Marin,041,260295,6882,6751,18,6769,91
2020-10-05,Mariposa,043,17540,77,75,0,75,2
2020-10-05,Mendocino,045,87422,967,913,2,915,19
2020-10-05,Merced,047,269075,9130,9021,21,9042,143
2020-10-05,Modoc,049,8938,29,26,0,26,0
2020-10-05,Mono,051,14174,173,152,2,154,1
2020-10-05,Monterey,053,433212,10450,10187,40,10227,72
2020-10-05,Napa,055,140530,1819,1760,5,1765,11
2020-10-05,Nevada,057,99092,570,550,15,565,6
2020-10-05,Orange,059,3164182,56779,54103,1590,55693,1271
2020-10-05,Placer,061,380077,3816,3670,12,3682,46
2020-10-05,Plumas,063,18699,51,49,0,49,0
2020-10-05,Riverside,065,2383286,61884,60454,218,60672,1232
2020-10-05,Sacramento,067,1510023,23627,23207,16,23223,438
2020-10-05,San Benito,069,59416,1363,1356,0,1356,12
2020-10-05,San Bernardino,071,2135413,57443,55100,377,55477,1031
2020-10-05,San Diego,073,3302833,50574,48662,1150,49812,803
2020-10-05,San Francisco,075,870044,11628,11476,34,11510,110
2020-10-05,San Joaquin,077,732212,20778,20319,75,20394,476
2020-10-05,San Luis Obispo,079,281455,3902,3710,16,3726,32
2020-10-05,San Mateo,081,765935,10644,9896,7,9903,128
2020-10-05,Santa Barbara,083,443738,9890,9309,69,9378,116
2020-10-05,Santa Clara,085,1922200,22909,21861,33,21894,319
2020-10-05,Santa Cruz,087,273765,2581,2492,35,2527,9
2020-10-05,Shasta,089,179085,1610,1158,16,1174,18
2020-10-05,Sierra,091,2930,6,6,0,6,0
2020-10-05,Siskiyou,093,43540,167,153,10,163,0
2020-10-05,Solano,095,438530,6680,6475,41,6516,52
2020-10-05,Sonoma,097,501317,8338,7817,21,7838,130
2020-10-05,Stanislaus,099,539301,16916,16730,608,17338,351
2020-10-05,Sutter,101,95872,1741,1719,1,1720,12
2020-10-05,Tehama,103,63373,689,642,2,644,3
2020-10-05,Trinity,105,12862,43,22,6,28,0
2020-10-05,Tulare,107,460477,16845,16343,192,16535,278
2020-10-05,Tuolumne,109,53932,239,226,3,229,2
2020-10-05,Ventura,111,848112,13755,13224,243,13467,149
2020-10-05,Yolo,113,214977,2943,2889,6,2895,56
2020-10-05,Yuba,115,75493,1132,1108,5,1113,9
2020-10-04,Alameda,001,1643700,22074,21597,205,21802,383
2020-10-04,Alpine,003,1148,4,2,0,2,0
2020-10-04,Amador,005,37829,301,297,0,297,16
2020-10-04,Butte,007,227075,3014,2903,22,2925,46
2020-10-04,Calaveras,009,45235,314,259,0,259,11
2020-10-04,Colusa,011,21464,537,537,0,537,6
2020-10-04,Contra Costa,013,1133247,17705,17192,90,17282,214
2020-10-04,Del Norte,015,27424,157,142,0,142,2
2020-10-04,El Dorado,017,186661,1266,1196,2,1198,4
2020-10-04,Fresno,019,978130,31346,29065,393,29458,408
2020-10-04,Glenn,021,27897,623,601,0,601,3
2020-10-04,Humboldt,023,135768,520,506,1,507,6
2020-10-04,Imperial,025,180216,12107,11127,6,11133,327
2020-10-04,Inyo,027,18085,198,195,1,196,14
2020-10-04,Kern,029,883053,32608,31906,349,32255,404
2020-10-04,Kings,031,150075,8080,7919,48,7967,80
2020-10-04,Lake,033,64148,625,589,0,589,10
2020-10-04,Lassen,035,31185,753,743,2,745,0
2020-10-04,Los Angeles,037,10098052,277911,272822,2207,275029,6625
2020-10-04,Madera,039,155013,4731,4587,28,4615,50
2020-10-04,Marin,041,260295,6862,6741,18,6759,91
2020-10-04,Mariposa,043,17540,77,75,0,75,2
2020-10-04,Mendocino,045,87422,954,905,2,907,18
2020-10-04,Merced,047,269075,9105,9006,21,9027,140
2020-10-04,Modoc,049,8938,29,26,0,26,0
2020-10-04,Mono,051,14174,172,152,1,153,1
2020-10-04,Monterey,053,433212,10409,10141,39,10180,72
2020-10-04,Napa,055,140530,1807,1759,5,1764,11
2020-10-04,Nevada,057,99092,566,547,14,561,6
2020-10-04,Orange,059,3164182,56543,53966,1581,55547,1270
2020-10-04,Placer,061,380077,3795,3664,12,3676,46
2020-10-04,Plumas,063,18699,51,49,0,49,0
2020-10-04,Riverside,065,2383286,61598,60251,213,60464,1226
2020-10-04,Sacramento,067,1510023,23515,23162,16,23178,438
2020-10-04,San Benito,069,59416,1363,1355,0,1355,12
2020-10-04,San Bernardino,071,2135413,56997,55100,375,55475,1031
2020-10-04,San Diego,073,3302833,50208,48438,1124,49562,803
2020-10-04,San Francisco,075,870044,11596,11474,32,11506,110
2020-10-04,San Joaquin,077,732212,20701,20320,69,20389,476
2020-10-04,San Luis Obispo,079,281455,3877,3688,16,3704,31
2020-10-04,San Mateo,081,765935,10583,9858,7,9865,128
2020-10-04,Santa Barbara,083,443738,9864,9276,67,9343,116
2020-10-04,Santa Clara,085,1922200,22773,21780,33,21813,316
2020-10-04,Santa Cruz,087,273765,2565,2483,35,2518,9
2020-10-04,Shasta,089,179085,1512,1158,15,1173,18
2020-10-04,Sierra,091,2930,6,6,0,6,0
2020-10-04,Siskiyou,093,43540,167,153,10,163,0
2020-10-04,Solano,095,438530,6629,6445,41,6486,52
2020-10-04,Sonoma,097,501317,8250,7794,21,7815,129
2020-10-04,Stanislaus,099,539301,16866,16711,599,17310,351
2020-10-04,Sutter,101,95872,1737,1711,1,1712,11
2020-10-04,Tehama,103,63373,674,637,2,639,3
2020-10-04,Trinity,105,12862,43,21,6,27,0
2020-10-04,Tulare,107,460477,16770,16343,179,16522,278
2020-10-04,Tuolumne,109,53932,237,226,3,229,2
2020-10-04,Ventura,111,848112,13673,13197,226,13423,149
2020-10-04,Yolo,113,214977,2932,2875,6,2881,56
2020-10-04,Yuba,115,75493,1128,1103,5,1108,9
2020-10-03,Alameda,001,1643700,22028,21510,204,21714,386
2020-10-03,Alpine,003,1148,4,2,0,2,0
2020-10-03,Amador,005,37829,300,296,0,296,16
2020-10-03,Butte,007,227075,3008,2894,22,2916,46
2020-10-03,Calaveras,009,45235,314,259,0,259,11
2020-10-03,Colusa,011,21464,536,537,0,537,6
2020-10-03,Contra Costa,013,1133247,17655,17087,88,17175,213
2020-10-03,Del Norte,015,27424,153,142,0,142,2
2020-10-03,El Dorado,017,186661,1259,1188,2,1190,4
2020-10-03,Fresno,019,978130,31286,28975,392,29367,408
2020-10-03,Glenn,021,27897,621,601,0,601,3
2020-10-03,Humboldt,023,135768,519,504,1,505,6
2020-10-03,Imperial,025,180216,12084,11090,6,11096,327
2020-10-03,Inyo,027,18085,198,194,1,195,14
2020-10-03,Kern,029,883053,32557,31864,346,32210,403
2020-10-03,Kings,031,150075,8076,7887,48,7935,80
2020-10-03,Lake,033,64148,615,588,0,588,10
2020-10-03,Lassen,035,31185,753,743,2,745,0
2020-10-03,Los Angeles,037,10098052,277206,271869,2177,274046,6620
2020-10-03,Madera,039,155013,4714,4565,28,4593,50
2020-10-03,Marin,041,260295,6856,6728,18,6746,91
2020-10-03,Mariposa,043,17540,77,75,0,75,2
2020-10-03,Mendocino,045,87422,952,898,2,900,18
2020-10-03,Merced,047,269075,9092,8986,21,9007,139
2020-10-03,Modoc,049,8938,29,26,0,26,0
2020-10-03,Mono,051,14174,171,152,1,153,1
2020-10-03,Monterey,053,433212,10375,10092,36,10128,72
2020-10-03,Napa,055,140530,1803,1752,5,1757,11
2020-10-03,Nevada,057,99092,564,544,14,558,6
2020-10-03,Orange,059,3164182,56426,53573,1576,55149,1268
2020-10-03,Placer,061,380077,3784,3648,12,3660,47
2020-10-03,Plumas,063,18699,51,48,0,48,0
2020-10-03,Riverside,065,2383286,61444,59991,212,60203,1226
2020-10-03,Sacramento,067,1510023,23464,23076,16,23092,437
2020-10-03,San Benito,069,59416,1363,1351,0,1351,12
2020-10-03,San Bernardino,071,2135413,56824,55004,372,55376,1031
2020-10-03,San Diego,073,3302833,49977,48202,1107,49309,798
2020-10-03,San Francisco,075,870044,11571,11475,30,11505,110
2020-10-03,San Joaquin,077,732212,20675,20322,69,20391,476
2020-10-03,San Luis Obispo,079,281455,3853,3670,16,3686,31
2020-10-03,San Mateo,081,765935,10557,9822,6,9828,128
2020-10-03,Santa Barbara,083,443738,9851,9256,67,9323,116
2020-10-03,Santa Clara,085,1922200,22693,21672,33,21705,309
2020-10-03,Santa Cruz,087,273765,2557,2476,35,2511,9
2020-10-03,Shasta,089,179085,1484,1117,14,1131,18
2020-10-03,Sierra,091,2930,6,6,0,6,0
2020-10-03,Siskiyou,093,43540,167,152,10,162,0
2020-10-03,Solano,095,438530,6603,6419,41,6460,52
2020-10-03,Sonoma,097,501317,8207,7747,21,7768,129
2020-10-03,Stanislaus,099,539301,16833,16645,595,17240,351
2020-10-03,Sutter,101,95872,1733,1705,1,1706,11
2020-10-03,Tehama,103,63373,668,630,2,632,3
2020-10-03,Trinity,105,12862,43,15,6,21,0
2020-10-03,Tulare,107,460477,16728,16322,174,16496,278
2020-10-03,Tuolumne,109,53932,236,224,3,227,2
2020-10-03,Ventura,111,848112,13634,13150,222,13372,148
2020-10-03,Yolo,113,214977,2925,2863,6,2869,56
2020-10-03,Yuba,115,75493,1120,1097,5,1102,8
2020-10-02,Alameda,001,1643700,21973,21404,203,21607,382
2020-10-02,Alpine,003,1148,4,2,0,2,0
2020-10-02,Amador,005,37829,299,296,0,296,16
2020-10-02,Butte,007,227075,2998,2879,22,2901,46
2020-10-02,Calaveras,009,45235,313,259,0,259,11
2020-10-02,Colusa,011,21464,535,537,0,537,6
2020-10-02,Contra Costa,013,1133247,17612,17002,87,17089,213
2020-10-02,Del Norte,015,27424,152,141,0,141,2
2020-10-02,El Dorado,017,186661,1252,1168,2,1170,4
2020-10-02,Fresno,019,978130,31203,28855,392,29247,403
2020-10-02,Glenn,021,27897,616,594,0,594,3
2020-10-02,Humboldt,023,135768,518,503,1,504,6
2020-10-02,Imperial,025,180216,12062,11024,6,11030,327
2020-10-02,Inyo,027,18085,196,191,1,192,14
2020-10-02,Kern,029,883053,32505,31790,344,32134,399
2020-10-02,Kings,031,150075,8067,7716,48,7764,79
2020-10-02,Lake,033,64148,609,579,0,579,10
2020-10-02,Lassen,035,31185,753,742,2,744,0
2020-10-02,Los Angeles,037,10098052,276305,270935,2148,273083,6602
2020-10-02,Madera,039,155013,4705,4537,28,4565,49
2020-10-02,Marin,041,260295,6839,6717,18,6735,91
2020-10-02,Mariposa,043,17540,77,75,0,75,2
2020-10-02,Mendocino,045,87422,948,883,2,885,18
2020-10-02,Merced,047,269075,9082,8961,21,8982,139
2020-10-02,Modoc,049,8938,29,26,0,26,0
2020-10-02,Mono,051,14174,171,150,1,151,1
2020-10-02,Monterey,053,433212,10341,9997,36,10033,71
2020-10-02,Napa,055,140530,1797,1737,5,1742,11
2020-10-02,Nevada,057,99092,561,543,14,557,6
2020-10-02,Orange,059,3164182,56295,53299,1569,54868,1262
2020-10-02,Placer,061,380077,3764,3612,12,3624,46
2020-10-02,Plumas,063,18699,51,48,0,48,0
2020-10-02,Riverside,065,2383286,61223,59673,209,59882,1223
2020-10-02,Sacramento,067,1510023,23399,22818,16,22834,436
2020-10-02,San Benito,069,59416,1359,1347,0,1347,12
2020-10-02,San Bernardino,071,2135413,56637,54613,372,54985,1028
2020-10-02,San Diego,073,3302833,49725,47793,1091,48884,794
2020-10-02,San Francisco,075,870044,11548,11398,30,11428,110
2020-10-02,San Joaquin,077,732212,20642,20235,67,20302,474
2020-10-02,San Luis Obispo,079,281455,3830,3654,16,3670,31
2020-10-02,San Mateo,081,765935,10516,9745,6,9751,128
2020-10-02,Santa Barbara,083,443738,9829,9234,67,9301,116
2020-10-02,Santa Clara,085,1922200,22612,21545,33,21578,305
2020-10-02,Santa Cruz,087,273765,2540,2463,35,2498,9
2020-10-02,Shasta,089,179085,1449,1046,14,1060,18
2020-10-02,Sierra,091,2930,6,6,0,6,0
2020-10-02,Siskiyou,093,43540,167,151,10,161,0
2020-10-02,Solano,095,438530,6573,6385,41,6426,52
2020-10-02,Sonoma,097,501317,8150,7662,21,7683,125
2020-10-02,Stanislaus,099,539301,16792,16609,586,17195,349
2020-10-02,Sutter,101,95872,1732,1693,1,1694,11
2020-10-02,Tehama,103,63373,663,619,2,621,3
2020-10-02,Trinity,105,12862,43,15,6,21,0
2020-10-02,Tulare,107,460477,16688,16245,167,16412,278
2020-10-02,Tuolumne,109,53932,234,225,3,228,2
2020-10-02,Ventura,111,848112,13597,13120,216,13336,146
2020-10-02,Yolo,113,214977,2920,2845,6,2851,55
2020-10-02,Yuba,115,75493,1118,1090,5,1095,8
2020-10-01,Alameda,001,1643700,21912,21349,199,21548,383
2020-10-01,Alpine,003,1148,4,2,0,2,0
2020-10-01,Amador,005,37829,299,294,0,294,16
2020-10-01,Butte,007,227075,2990,2865,22,2887,45
2020-10-01,Calaveras,009,45235,313,257,0,257,11
2020-10-01,Colusa,011,21464,535,536,0,536,6
2020-10-01,Contra Costa,013,1133247,17550,16898,87,16985,211
2020-10-01,Del Norte,015,27424,147,140,0,140,2
2020-10-01,El Dorado,017,186661,1248,1162,1,1163,4
2020-10-01,Fresno,019,978130,31123,28796,390,29186,397
2020-10-01,Glenn,021,27897,612,593,0,593,3
2020-10-01,Humboldt,023,135768,518,499,1,500,6
2020-10-01,Imperial,025,180216,12019,10928,6,10934,325
2020-10-01,Inyo,027,18085,196,191,1,192,14
2020-10-01,Kern,029,883053,32442,31678,339,32017,399
2020-10-01,Kings,031,150075,8056,7688,45,7733,79
2020-10-01,Lake,033,64148,603,572,0,572,11
2020-10-01,Lassen,035,31185,750,742,2,744,0
2020-10-01,Los Angeles,037,10098052,275264,271513,2111,273624,6621
2020-10-01,Madera,039,155013,4682,4508,28,4536,48
2020-10-01,Marin,041,260295,6825,6710,18,6728,92
2020-10-01,Mariposa,043,17540,77,76,0,76,2
2020-10-01,Mendocino,045,87422,943,874,2,876,19
2020-10-01,Merced,047,269075,9054,8942,21,8963,138
2020-10-01,Modoc,049,8938,29,26,0,26,0
2020-10-01,Mono,051,14174,169,150,1,151,1
2020-10-01,Monterey,053,433212,10265,9958,36,9994,71
2020-10-01,Napa,055,140530,1789,1729,5,1734,11
2020-10-01,Nevada,057,99092,560,543,14,557,6
2020-10-01,Orange,059,3164182,56130,53088,1555,54643,1257
2020-10-01,Placer,061,380077,3737,3599,12,3611,45
2020-10-01,Plumas,063,18699,51,48,0,48,0
2020-10-01,Riverside,065,2383286,60972,59293,202,59495,1223
2020-10-01,Sacramento,067,1510023,23287,22714,15,22729,433
2020-10-01,San Benito,069,59416,1357,1346,0,1346,12
2020-10-01,San Bernardino,071,2135413,56343,54350,369,54719,1021
2020-10-01,San Diego,073,3302833,49443,47487,1071,48558,792
2020-10-01,San Francisco,075,870044,11517,11284,28,11312,110
2020-10-01,San Joaquin,077,732212,20594,20204,64,20268,471
2020-10-01,San Luis Obispo,079,281455,3803,3625,16,3641,31
2020-10-01,San Mateo,081,765935,10471,9681,6,9687,128
2020-10-01,Santa Barbara,083,443738,9787,9215,67,9282,118
2020-10-01,Santa Clara,085,1922200,22511,21398,33,21431,305
2020-10-01,Santa Cruz,087,273765,2525,2418,35,2453,10
2020-10-01,Shasta,089,179085,1398,991,14,1005,18
2020-10-01,Sierra,091,2930,6,6,0,6,0
2020-10-01,Siskiyou,093,43540,164,150,10,160,0
2020-10-01,Solano,095,438530,6535,6352,41,6393,52
2020-10-01,Sonoma,097,501317,8083,7569,21,7590,125
2020-10-01,Stanislaus,099,539301,16759,16555,580,17135,346
2020-10-01,Sutter,101,95872,1727,1684,1,1685,11
2020-10-01,Tehama,103,63373,653,606,2,608,3
2020-10-01,Trinity,105,12862,43,15,6,21,0
2020-10-01,Tulare,107,460477,16615,16182,164,16346,275
2020-10-01,Tuolumne,109,53932,234,223,3,226,2
2020-10-01,Ventura,111,848112,13548,13057,200,13257,146
2020-10-01,Yolo,113,214977,2902,2833,6,2839,55
2020-10-01,Yuba,115,75493,1114,1082,5,1087,8
2020-09-30,Alameda,001,1643700,21834,21271,195,21466,380
2020-09-30,Alpine,003,1148,4,2,0,2,0
2020-09-30,Amador,005,37829,299,294,0,294,16
2020-09-30,Butte,007,227075,2982,2858,22,2880,44
2020-09-30,Calaveras,009,45235,312,258,0,258,11
2020-09-30,Colusa,011,21464,534,534,0,534,6
2020-09-30,Contra Costa,013,1133247,17481,16819,87,16906,211
2020-09-30,Del Norte,015,27424,146,140,0,140,2
2020-09-30,El Dorado,017,186661,1236,1157,1,1158,4
2020-09-30,Fresno,019,978130,31032,28706,387,29093,395
2020-09-30,Glenn,021,27897,607,592,0,592,3
2020-09-30,Humboldt,023,135768,516,497,1,498,6
2020-09-30,Imperial,025,180216,11994,10868,6,10874,287
2020-09-30,Inyo,027,18085,196,189,0,189,14
2020-09-30,Kern,029,883053,32367,31601,338,31939,398
2020-09-30,Kings,031,150075,8027,7685,45,7730,79
2020-09-30,Lake,033,64148,597,567,0,567,10
2020-09-30,Lassen,035,31185,747,742,2,744,0
2020-09-30,Los Angeles,037,10098052,274026,270260,2077,272337,6568
2020-09-30,Madera,039,155013,4673,4477,28,4505,47
2020-09-30,Marin,041,260295,6801,6700,17,6717,91
2020-09-30,Mariposa,043,17540,77,76,0,76,2
2020-09-30,Mendocino,045,87422,937,867,2,869,17
2020-09-30,Merced,047,269075,9034,8926,21,8947,136
2020-09-30,Modoc,049,8938,29,26,0,26,0
2020-09-30,Mono,051,14174,169,150,1,151,1
2020-09-30,Monterey,053,433212,10215,9898,35,9933,70
2020-09-30,Napa,055,140530,1775,1728,5,1733,11
2020-09-30,Nevada,057,99092,558,540,14,554,6
2020-09-30,Orange,059,3164182,55938,52916,1539,54455,1251
2020-09-30,Placer,061,380077,3716,3585,12,3597,43
2020-09-30,Plumas,063,18699,51,48,0,48,0
2020-09-30,Riverside,065,2383286,60619,59074,197,59271,1220
2020-09-30,Sacramento,067,1510023,23184,22613,15,22628,429
2020-09-30,San Benito,069,59416,1354,1342,0,1342,12
2020-09-30,San Bernardino,071,2135413,56065,53988,367,54355,1018
2020-09-30,San Diego,073,3302833,49140,47182,1050,48232,783
2020-09-30,San Francisco,075,870044,11487,11247,28,11275,106
2020-09-30,San Joaquin,077,732212,20511,20150,62,20212,461
2020-09-30,San Luis Obispo,079,281455,3778,3597,16,3613,31
2020-09-30,San Mateo,081,765935,10429,9634,6,9640,128
2020-09-30,Santa Barbara,083,443738,9762,9186,67,9253,115
2020-09-30,Santa Clara,085,1922200,22406,21318,33,21351,302
2020-09-30,Santa Cruz,087,273765,2512,2405,35,2440,10
2020-09-30,Shasta,089,179085,1342,976,13,989,17
2020-09-30,Sierra,091,2930,6,6,0,6,0
2020-09-30,Siskiyou,093,43540,162,150,10,160,0
2020-09-30,Solano,095,438530,6493,6315,41,6356,51
2020-09-30,Sonoma,097,501317,7994,7494,21,7515,125
2020-09-30,Stanislaus,099,539301,16712,16531,574,17105,343
2020-09-30,Sutter,101,95872,1711,1680,1,1681,10
2020-09-30,Tehama,103,63373,647,594,2,596,3
2020-09-30,Trinity,105,12862,40,15,6,21,0
2020-09-30,Tulare,107,460477,16549,16117,157,16274,274
2020-09-30,Tuolumne,109,53932,232,224,3,227,2
2020-09-30,Ventura,111,848112,13513,12968,184,13152,145
2020-09-30,Yolo,113,214977,2889,2822,6,2828,55
2020-09-30,Yuba,115,75493,1111,1075,5,1080,8
2020-09-29,Alameda,001,1643700,21757,21241,191,21432,374
2020-09-29,Alpine,003,1148,4,2,0,2,0
2020-09-29,Amador,005,37829,297,294,0,294,16
2020-09-29,Butte,007,227075,2968,2848,22,2870,44
2020-09-29,Calaveras,009,45235,310,261,0,261,11
2020-09-29,Colusa,011,21464,534,534,0,534,6
2020-09-29,Contra Costa,013,1133247,17426,16716,85,16801,209
2020-09-29,Del Norte,015,27424,142,142,0,142,2
2020-09-29,El Dorado,017,186661,1227,1151,1,1152,4
2020-09-29,Fresno,019,978130,30937,28621,386,29007,394
2020-09-29,Glenn,021,27897,603,589,0,589,3
2020-09-29,Humboldt,023,135768,514,497,1,498,6
2020-09-29,Imperial,025,180216,11960,10811,6,10817,283
2020-09-29,Inyo,027,18085,195,188,0,188,14
2020-09-29,Kern,029,883053,32312,31534,337,31871,397
2020-09-29,Kings,031,150075,7971,7681,45,7726,78
2020-09-29,Lake,033,64148,595,566,0,566,11
2020-09-29,Lassen,035,31185,747,741,2,743,0
2020-09-29,Los Angeles,037,10098052,272807,269246,2047,271293,6545
2020-09-29,Madera,039,155013,4649,4453,28,4481,47
2020-09-29,Marin,041,260295,6780,6692,17,6709,91
2020-09-29,Mariposa,043,17540,77,74,0,74,2
2020-09-29,Mendocino,045,87422,927,854,2,856,17
2020-09-29,Merced,047,269075,9021,8892,19,8911,136
2020-09-29,Modoc,049,8938,29,26,0,26,0
2020-09-29,Mono,051,14174,169,149,1,150,1
2020-09-29,Monterey,053,433212,10160,9826,33,9859,70
2020-09-29,Napa,055,140530,1772,1727,5,1732,11
2020-09-29,Nevada,057,99092,553,539,14,553,6
2020-09-29,Orange,059,3164182,55751,52755,1528,54283,1231
2020-09-29,Placer,061,380077,3694,3570,12,3582,42
2020-09-29,Plumas,063,18699,51,48,0,48,0
2020-09-29,Riverside,065,2383286,60290,58863,188,59051,1208
2020-09-29,Sacramento,067,1510023,23063,22547,15,22562,425
2020-09-29,San Benito,069,59416,1349,1341,0,1341,12
2020-09-29,San Bernardino,071,2135413,55757,53753,366,54119,1012
2020-09-29,San Diego,073,3302833,48863,46987,1026,48013,781
2020-09-29,San Francisco,075,870044,11451,11142,28,11170,104
2020-09-29,San Joaquin,077,732212,20446,20094,60,20154,454
2020-09-29,San Luis Obispo,079,281455,3758,3581,16,3597,31
2020-09-29,San Mateo,081,765935,10382,9619,6,9625,127
2020-09-29,Santa Barbara,083,443738,9742,9149,66,9215,114
2020-09-29,Santa Clara,085,1922200,22272,21233,32,21265,302
2020-09-29,Santa Cruz,087,273765,2497,2383,34,2417,10
2020-09-29,Shasta,089,179085,1281,943,13,956,17
2020-09-29,Sierra,091,2930,6,6,0,6,0
2020-09-29,Siskiyou,093,43540,156,150,10,160,0
2020-09-29,Solano,095,438530,6459,6303,41,6344,51
2020-09-29,Sonoma,097,501317,7922,7426,21,7447,125
2020-09-29,Stanislaus,099,539301,16682,16505,568,17073,341
2020-09-29,Sutter,101,95872,1705,1677,1,1678,10
2020-09-29,Tehama,103,63373,629,585,2,587,2
2020-09-29,Trinity,105,12862,40,16,6,22,0
2020-09-29,Tulare,107,460477,16486,16055,148,16203,270
2020-09-29,Tuolumne,109,53932,232,224,3,227,2
2020-09-29,Ventura,111,848112,13458,12875,181,13056,145
2020-09-29,Yolo,113,214977,2876,2818,6,2824,55
2020-09-29,Yuba,115,75493,1109,1071,5,1076,8
2020-09-28,Alameda,001,1643700,21671,21133,191,21324,370
2020-09-28,Alpine,003,1148,4,2,0,2,0
2020-09-28,Amador,005,37829,295,294,0,294,16
2020-09-28,Butte,007,227075,2953,2837,22,2859,44
2020-09-28,Calaveras,009,45235,310,257,0,257,11
2020-09-28,Colusa,011,21464,533,531,0,531,6
2020-09-28,Contra Costa,013,1133247,17361,16653,85,16738,195
2020-09-28,Del Norte,015,27424,142,138,0,138,2
2020-09-28,El Dorado,017,186661,1220,1144,1,1145,4
2020-09-28,Fresno,019,978130,30855,28517,378,28895,389
2020-09-28,Glenn,021,27897,601,585,0,585,3
2020-09-28,Humboldt,023,135768,508,495,1,496,6
2020-09-28,Imperial,025,180216,11925,10777,6,10783,283
2020-09-28,Inyo,027,18085,194,188,0,188,14
2020-09-28,Kern,029,883053,32247,31481,333,31814,395
2020-09-28,Kings,031,150075,7830,7661,43,7704,78
2020-09-28,Lake,033,64148,591,559,0,559,10
2020-09-28,Lassen,035,31185,746,737,2,739,0
2020-09-28,Los Angeles,037,10098052,271694,268404,2016,270420,6508
2020-09-28,Madera,039,155013,4628,4438,28,4466,47
2020-09-28,Marin,041,260295,6764,6676,17,6693,91
2020-09-28,Mariposa,043,17540,77,74,0,74,2
2020-09-28,Mendocino,045,87422,912,850,2,852,17
2020-09-28,Merced,047,269075,8993,8869,19,8888,136
2020-09-28,Modoc,049,8938,29,26,0,26,0
2020-09-28,Mono,051,14174,169,148,1,149,1
2020-09-28,Monterey,053,433212,10096,9780,31,9811,69
2020-09-28,Napa,055,140530,1760,1705,5,1710,11
2020-09-28,Nevada,057,99092,545,538,14,552,6
2020-09-28,Orange,059,3164182,55546,52633,1519,54152,1196
2020-09-28,Placer,061,380077,3673,3572,12,3584,42
2020-09-28,Plumas,063,18699,50,48,0,48,0
2020-09-28,Riverside,065,2383286,59991,58570,179,58749,1198
2020-09-28,Sacramento,067,1510023,22915,22392,15,22407,423
2020-09-28,San Benito,069,59416,1346,1336,0,1336,11
2020-09-28,San Bernardino,071,2135413,55410,53501,366,53867,988
2020-09-28,San Diego,073,3302833,48545,46736,1006,47742,776
2020-09-28,San Francisco,075,870044,11417,11114,28,11142,100
2020-09-28,San Joaquin,077,732212,20397,19982,59,20041,448
2020-09-28,San Luis Obispo,079,281455,3737,3567,16,3583,31
2020-09-28,San Mateo,081,765935,10331,9582,6,9588,127
2020-09-28,Santa Barbara,083,443738,9724,9121,66,9187,114
2020-09-28,Santa Clara,085,1922200,22156,21180,32,21212,271
2020-09-28,Santa Cruz,087,273765,2487,2359,34,2393,9
2020-09-28,Shasta,089,179085,1227,883,10,893,17
2020-09-28,Sierra,091,2930,6,6,0,6,0
2020-09-28,Siskiyou,093,43540,156,149,10,159,0
2020-09-28,Solano,095,438530,6423,6254,41,6295,51
2020-09-28,Sonoma,097,501317,7846,7369,21,7390,125
2020-09-28,Stanislaus,099,539301,16642,16467,561,17028,336
2020-09-28,Sutter,101,95872,1698,1676,1,1677,10
2020-09-28,Tehama,103,63373,621,579,2,581,2
2020-09-28,Trinity,105,12862,40,16,6,22,0
2020-09-28,Tulare,107,460477,16434,15918,142,16060,270
2020-09-28,Tuolumne,109,53932,232,225,3,228,2
2020-09-28,Ventura,111,848112,13382,12812,174,12986,139
2020-09-28,Yolo,113,214977,2859,2809,6,2815,55
2020-09-28,Yuba,115,75493,1106,1062,5,1067,7
2020-09-27,Alameda,001,1643700,21591,21077,186,21263,370
2020-09-27,Alpine,003,1148,4,2,0,2,0
2020-09-27,Amador,005,37829,295,291,0,291,16
2020-09-27,Butte,007,227075,2942,2833,21,2854,44
2020-09-27,Calaveras,009,45235,309,257,0,257,11
2020-09-27,Colusa,011,21464,532,531,0,531,6
2020-09-27,Contra Costa,013,1133247,17259,16596,84,16680,195
2020-09-27,Del Norte,015,27424,142,138,0,138,2
2020-09-27,El Dorado,017,186661,1205,1130,1,1131,4
2020-09-27,Fresno,019,978130,30750,28441,377,28818,389
2020-09-27,Glenn,021,27897,597,576,0,576,3
2020-09-27,Humboldt,023,135768,506,492,1,493,6
2020-09-27,Imperial,025,180216,11891,10743,6,10749,283
2020-09-27,Inyo,027,18085,192,188,0,188,14
2020-09-27,Kern,029,883053,32128,31462,330,31792,395
2020-09-27,Kings,031,150075,7810,7641,43,7684,78
2020-09-27,Lake,033,64148,587,555,0,555,10
2020-09-27,Lassen,035,31185,746,737,2,739,0
2020-09-27,Los Angeles,037,10098052,270519,267754,1994,269748,6507
2020-09-27,Madera,039,155013,4599,4416,28,4444,47
2020-09-27,Marin,041,260295,6754,6663,17,6680,91
2020-09-27,Mariposa,043,17540,77,74,0,74,2
2020-09-27,Mendocino,045,87422,906,846,2,848,17
2020-09-27,Merced,047,269075,8959,8853,19,8872,136
2020-09-27,Modoc,049,8938,29,26,0,26,0
2020-09-27,Mono,051,14174,169,148,1,149,1
2020-09-27,Monterey,053,433212,10036,9724,30,9754,69
2020-09-27,Napa,055,140530,1755,1690,5,1695,11
2020-09-27,Nevada,057,99092,544,537,14,551,6
2020-09-27,Orange,059,3164182,55272,52458,1510,53968,1195
2020-09-27,Placer,061,380077,3660,3562,12,3574,42
2020-09-27,Plumas,063,18699,50,48,0,48,0
2020-09-27,Riverside,065,2383286,59695,58509,171,58680,1191
2020-09-27,Sacramento,067,1510023,22818,22356,14,22370,422
2020-09-27,San Benito,069,59416,1346,1331,0,1331,11
2020-09-27,San Bernardino,071,2135413,54974,53127,366,53493,988
2020-09-27,San Diego,073,3302833,48201,46612,989,47601,776
2020-09-27,San Francisco,075,870044,11365,11114,28,11142,100
2020-09-27,San Joaquin,077,732212,20337,19981,59,20040,448
2020-09-27,San Luis Obispo,079,281455,3716,3562,16,3578,31
2020-09-27,San Mateo,081,765935,10263,9566,6,9572,127
2020-09-27,Santa Barbara,083,443738,9703,9090,65,9155,114
2020-09-27,Santa Clara,085,1922200,22047,21091,32,21123,271
2020-09-27,Santa Cruz,087,273765,2465,2359,34,2393,9
2020-09-27,Shasta,089,179085,1184,883,9,892,17
2020-09-27,Sierra,091,2930,6,6,0,6,0
2020-09-27,Siskiyou,093,43540,155,149,10,159,0
2020-09-27,Solano,095,438530,6388,6211,41,6252,51
2020-09-27,Sonoma,097,501317,7765,7336,21,7357,124
2020-09-27,Stanislaus,099,539301,16592,16448,554,17002,336
2020-09-27,Sutter,101,95872,1691,1672,1,1673,10
2020-09-27,Tehama,103,63373,604,573,2,575,2
2020-09-27,Trinity,105,12862,40,16,6,22,0
2020-09-27,Tulare,107,460477,16358,15918,132,16050,270
2020-09-27,Tuolumne,109,53932,231,224,3,227,2
2020-09-27,Ventura,111,848112,13296,12775,165,12940,139
2020-09-27,Yolo,113,214977,2845,2796,6,2802,55
2020-09-27,Yuba,115,75493,1096,1059,5,1064,7
2020-09-26,Alameda,001,1643700,21533,21019,185,21204,370
2020-09-26,Alpine,003,1148,4,2,0,2,0
2020-09-26,Amador,005,37829,294,291,0,291,16
2020-09-26,Butte,007,227075,2934,2827,21,2848,44
2020-09-26,Calaveras,009,45235,309,257,0,257,11
2020-09-26,Colusa,011,21464,532,529,0,529,6
2020-09-26,Contra Costa,013,1133247,17217,16508,84,16592,194
2020-09-26,Del Norte,015,27424,142,138,0,138,2
2020-09-26,El Dorado,017,186661,1200,1127,1,1128,4
2020-09-26,Fresno,019,978130,30683,28336,377,28713,389
2020-09-26,Glenn,021,27897,597,576,0,576,3
2020-09-26,Humboldt,023,135768,506,491,1,492,6
2020-09-26,Imperial,025,180216,11874,10721,6,10727,283
2020-09-26,Inyo,027,18085,191,187,0,187,14
2020-09-26,Kern,029,883053,32077,31410,330,31740,394
2020-09-26,Kings,031,150075,7798,7537,43,7580,78
2020-09-26,Lake,033,64148,584,549,0,549,10
2020-09-26,Lassen,035,31185,746,737,2,739,0
2020-09-26,Los Angeles,037,10098052,269885,266931,1977,268908,6497
2020-09-26,Madera,039,155013,4583,4410,28,4438,47
2020-09-26,Marin,041,260295,6741,6641,17,6658,91
2020-09-26,Mariposa,043,17540,76,74,0,74,2
2020-09-26,Mendocino,045,87422,901,836,2,838,17
2020-09-26,Merced,047,269075,8947,8841,18,8859,136
2020-09-26,Modoc,049,8938,29,26,0,26,0
2020-09-26,Mono,051,14174,169,148,1,149,1
2020-09-26,Monterey,053,433212,10009,9651,30,9681,68
2020-09-26,Napa,055,140530,1753,1681,5,1686,11
2020-09-26,Nevada,057,99092,544,534,14,548,6
2020-09-26,Orange,059,3164182,55132,52203,1504,53707,1194
2020-09-26,Placer,061,380077,3647,3551,12,3563,42
2020-09-26,Plumas,063,18699,49,48,0,48,0
2020-09-26,Riverside,065,2383286,59560,58076,169,58245,1190
2020-09-26,Sacramento,067,1510023,22762,22269,14,22283,421
2020-09-26,San Benito,069,59416,1344,1325,0,1325,11
2020-09-26,San Bernardino,071,2135413,54840,53122,366,53488,988
2020-09-26,San Diego,073,3302833,47996,46333,975,47308,775
2020-09-26,San Francisco,075,870044,11337,11113,28,11141,100
2020-09-26,San Joaquin,077,732212,20301,19982,57,20039,449
2020-09-26,San Luis Obispo,079,281455,3699,3546,16,3562,31
2020-09-26,San Mateo,081,765935,10229,9509,6,9515,127
2020-09-26,Santa Barbara,083,443738,9692,9061,65,9126,114
2020-09-26,Santa Clara,085,1922200,21976,20967,31,20998,270
2020-09-26,Santa Cruz,087,273765,2457,2336,34,2370,9
2020-09-26,Shasta,089,179085,1134,856,8,864,17
2020-09-26,Sierra,091,2930,6,6,0,6,0
2020-09-26,Siskiyou,093,43540,154,149,10,159,0
2020-09-26,Solano,095,438530,6369,6209,41,6250,51
2020-09-26,Sonoma,097,501317,7740,7285,20,7305,124
2020-09-26,Stanislaus,099,539301,16567,16421,545,16966,336
2020-09-26,Sutter,101,95872,1686,1662,1,1663,10
2020-09-26,Tehama,103,63373,592,560,2,562,2
2020-09-26,Trinity,105,12862,38,16,6,22,0
2020-09-26,Tulare,107,460477,16333,15881,130,16011,270
2020-09-26,Tuolumne,109,53932,231,223,3,226,2
2020-09-26,Ventura,111,848112,13264,12729,163,12892,137
2020-09-26,Yolo,113,214977,2843,2789,6,2795,55
2020-09-26,Yuba,115,75493,1092,1056,5,1061,7
2020-09-25,Alameda,001,1643700,21479,20911,185,21096,367
2020-09-25,Alpine,003,1148,4,2,0,2,0
2020-09-25,Amador,005,37829,294,289,0,289,16
2020-09-25,Butte,007,227075,2929,2819,21,2840,43
2020-09-25,Calaveras,009,45235,309,257,0,257,11
2020-09-25,Colusa,011,21464,532,528,0,528,6
2020-09-25,Contra Costa,013,1133247,17158,16401,84,16485,194
2020-09-25,Del Norte,015,27424,142,138,0,138,2
2020-09-25,El Dorado,017,186661,1196,1104,1,1105,4
2020-09-25,Fresno,019,978130,30624,28199,376,28575,385
2020-09-25,Glenn,021,27897,595,570,0,570,3
2020-09-25,Humboldt,023,135768,505,489,1,490,5
2020-09-25,Imperial,025,180216,11856,10681,6,10687,283
2020-09-25,Inyo,027,18085,189,187,0,187,14
2020-09-25,Kern,029,883053,32024,31333,328,31661,393
2020-09-25,Kings,031,150075,7793,7450,43,7493,77
2020-09-25,Lake,033,64148,583,539,0,539,9
2020-09-25,Lassen,035,31185,746,737,2,739,0
2020-09-25,Los Angeles,037,10098052,269097,265713,1963,267676,6483
2020-09-25,Madera,039,155013,4564,4369,28,4397,48
2020-09-25,Marin,041,260295,6738,6622,17,6639,90
2020-09-25,Mariposa,043,17540,76,74,0,74,2
2020-09-25,Mendocino,045,87422,886,819,2,821,17
2020-09-25,Merced,047,269075,8931,8830,18,8848,135
2020-09-25,Modoc,049,8938,29,26,0,26,0
2020-09-25,Mono,051,14174,169,149,1,150,1
2020-09-25,Monterey,053,433212,9957,9581,30,9611,68
2020-09-25,Napa,055,140530,1751,1669,5,1674,11
2020-09-25,Nevada,057,99092,542,529,14,543,6
2020-09-25,Orange,059,3164182,55005,52031,1495,53526,1184
2020-09-25,Placer,061,380077,3636,3527,12,3539,41
2020-09-25,Plumas,063,18699,49,48,0,48,0
2020-09-25,Riverside,065,2383286,59384,57783,164,57947,1183
2020-09-25,Sacramento,067,1510023,22685,22132,14,22146,418
2020-09-25,San Benito,069,59416,1343,1318,0,1318,11
2020-09-25,San Bernardino,071,2135413,54686,52814,366,53180,987
2020-09-25,San Diego,073,3302833,47794,46003,959,46962,775
2020-09-25,San Francisco,075,870044,11303,11066,27,11093,100
2020-09-25,San Joaquin,077,732212,20249,19909,57,19966,449
2020-09-25,San Luis Obispo,079,281455,3688,3512,16,3528,31
2020-09-25,San Mateo,081,765935,10193,9447,6,9453,127
2020-09-25,Santa Barbara,083,443738,9668,9026,65,9091,114
2020-09-25,Santa Clara,085,1922200,21913,20812,30,20842,265
2020-09-25,Santa Cruz,087,273765,2445,2309,33,2342,9
2020-09-25,Shasta,089,179085,1100,806,8,814,16
2020-09-25,Sierra,091,2930,6,6,0,6,0
2020-09-25,Siskiyou,093,43540,154,149,10,159,0
2020-09-25,Solano,095,438530,6353,6179,41,6220,50
2020-09-25,Sonoma,097,501317,7700,7202,20,7222,124
2020-09-25,Stanislaus,099,539301,16549,16381,543,16924,326
2020-09-25,Sutter,101,95872,1683,1655,1,1656,10
2020-09-25,Tehama,103,63373,584,546,2,548,2
2020-09-25,Trinity,105,12862,38,15,6,21,0
2020-09-25,Tulare,107,460477,16294,15815,127,15942,267
2020-09-25,Tuolumne,109,53932,231,223,3,226,2
2020-09-25,Ventura,111,848112,13222,12664,160,12824,137
2020-09-25,Yolo,113,214977,2835,2784,6,2790,55
2020-09-25,Yuba,115,75493,1087,1049,5,1054,5
2020-09-24,Alameda,001,1643700,21404,20838,182,21020,364
2020-09-24,Alpine,003,1148,4,2,0,2,0
2020-09-24,Amador,005,37829,294,288,0,288,16
2020-09-24,Butte,007,227075,2918,2803,21,2824,43
2020-09-24,Calaveras,009,45235,309,258,0,258,11
2020-09-24,Colusa,011,21464,532,523,0,523,6
2020-09-24,Contra Costa,013,1133247,17076,16252,84,16336,192
2020-09-24,Del Norte,015,27424,138,137,0,137,2
2020-09-24,El Dorado,017,186661,1187,1093,1,1094,4
2020-09-24,Fresno,019,978130,30519,28106,372,28478,375
2020-09-24,Glenn,021,27897,591,567,0,567,3
2020-09-24,Humboldt,023,135768,502,482,1,483,5
2020-09-24,Imperial,025,180216,11832,10622,6,10628,283
2020-09-24,Inyo,027,18085,189,187,0,187,13
2020-09-24,Kern,029,883053,31961,31273,326,31599,388
2020-09-24,Kings,031,150075,7777,7428,43,7471,76
2020-09-24,Lake,033,64148,574,531,0,531,9
2020-09-24,Lassen,035,31185,745,737,2,739,0
2020-09-24,Los Angeles,037,10098052,268052,264374,1944,266318,6452
2020-09-24,Madera,039,155013,4545,4344,28,4372,48
2020-09-24,Marin,041,260295,6710,6588,17,6605,85
2020-09-24,Mariposa,043,17540,76,74,0,74,2
2020-09-24,Mendocino,045,87422,882,810,2,812,17
2020-09-24,Merced,047,269075,8902,8813,17,8830,135
2020-09-24,Modoc,049,8938,29,24,0,24,0
2020-09-24,Mono,051,14174,169,149,1,150,1
2020-09-24,Monterey,053,433212,9891,9544,27,9571,67
2020-09-24,Napa,055,140530,1739,1661,5,1666,11
2020-09-24,Nevada,057,99092,541,527,14,541,6
2020-09-24,Orange,059,3164182,54797,51749,1477,53226,1164
2020-09-24,Placer,061,380077,3621,3514,12,3526,41
2020-09-24,Plumas,063,18699,49,48,0,48,0
2020-09-24,Riverside,065,2383286,59116,57491,158,57649,1172
2020-09-24,Sacramento,067,1510023,22558,21985,14,21999,417
2020-09-24,San Benito,069,59416,1341,1308,0,1308,11
2020-09-24,San Bernardino,071,2135413,54351,52455,365,52820,988
2020-09-24,San Diego,073,3302833,47525,45598,944,46542,773
2020-09-24,San Francisco,075,870044,11256,10992,27,11019,99
2020-09-24,San Joaquin,077,732212,20212,19851,56,19907,444
2020-09-24,San Luis Obispo,079,281455,3672,3480,16,3496,31
2020-09-24,San Mateo,081,765935,10145,9376,6,9382,127
2020-09-24,Santa Barbara,083,443738,9617,8988,64,9052,114
2020-09-24,Santa Clara,085,1922200,21825,20689,30,20719,262
2020-09-24,Santa Cruz,087,273765,2425,2300,31,2331,9
2020-09-24,Shasta,089,179085,1063,773,5,778,14
2020-09-24,Sierra,091,2930,6,6,0,6,0
2020-09-24,Siskiyou,093,43540,154,149,10,159,0
2020-09-24,Solano,095,438530,6320,6137,41,6178,49
2020-09-24,Sonoma,097,501317,7619,7163,20,7183,122
2020-09-24,Stanislaus,099,539301,16512,16326,538,16864,326
2020-09-24,Sutter,101,95872,1680,1646,1,1647,10
2020-09-24,Tehama,103,63373,581,540,2,542,2
2020-09-24,Trinity,105,12862,38,15,6,21,0
2020-09-24,Tulare,107,460477,16229,15754,126,15880,267
2020-09-24,Tuolumne,109,53932,231,224,3,227,2
2020-09-24,Ventura,111,848112,13140,12617,159,12776,138
2020-09-24,Yolo,113,214977,2828,2776,6,2782,55
2020-09-24,Yuba,115,75493,1082,1042,5,1047,5
2020-09-23,Alameda,001,1643700,21336,20718,180,20898,361
2020-09-23,Alpine,003,1148,4,2,0,2,0
2020-09-23,Amador,005,37829,293,288,0,288,16
2020-09-23,Butte,007,227075,2910,2790,21,2811,43
2020-09-23,Calaveras,009,45235,308,258,0,258,11
2020-09-23,Colusa,011,21464,531,521,0,521,6
2020-09-23,Contra Costa,013,1133247,17012,16167,83,16250,192
2020-09-23,Del Norte,015,27424,136,137,0,137,2
2020-09-23,El Dorado,017,186661,1173,1088,1,1089,4
2020-09-23,Fresno,019,978130,30425,28019,369,28388,371
2020-09-23,Glenn,021,27897,584,561,0,561,3
2020-09-23,Humboldt,023,135768,498,477,1,478,5
2020-09-23,Imperial,025,180216,11806,10587,6,10593,284
2020-09-23,Inyo,027,18085,188,177,0,177,13
2020-09-23,Kern,029,883053,31917,31172,324,31496,387
2020-09-23,Kings,031,150075,7755,7406,43,7449,76
2020-09-23,Lake,033,64148,569,519,0,519,9
2020-09-23,Lassen,035,31185,745,736,2,738,0
2020-09-23,Los Angeles,037,10098052,267012,263318,1914,265232,6421
2020-09-23,Madera,039,155013,4530,4311,28,4339,48
2020-09-23,Marin,041,260295,6691,6567,17,6584,85
2020-09-23,Mariposa,043,17540,76,74,0,74,2
2020-09-23,Mendocino,045,87422,881,801,1,802,17
2020-09-23,Merced,047,269075,8881,8785,16,8801,134
2020-09-23,Modoc,049,8938,29,24,0,24,0
2020-09-23,Mono,051,14174,169,149,1,150,1
2020-09-23,Monterey,053,433212,9822,9452,27,9479,67
2020-09-23,Napa,055,140530,1730,1653,5,1658,11
2020-09-23,Nevada,057,99092,540,523,14,537,6
2020-09-23,Orange,059,3164182,54570,51658,1469,53127,1155
2020-09-23,Placer,061,380077,3609,3506,12,3518,41
2020-09-23,Plumas,063,18699,49,48,0,48,0
2020-09-23,Riverside,065,2383286,58813,57257,155,57412,1165
2020-09-23,Sacramento,067,1510023,22481,21821,14,21835,415
2020-09-23,San Benito,069,59416,1335,1305,0,1305,10
2020-09-23,San Bernardino,071,2135413,54057,52132,363,52495,973
2020-09-23,San Diego,073,3302833,47249,45427,925,46352,767
2020-09-23,San Francisco,075,870044,11207,10926,27,10953,95
2020-09-23,San Joaquin,077,732212,20159,19785,56,19841,439
2020-09-23,San Luis Obispo,079,281455,3654,3447,16,3463,31
2020-09-23,San Mateo,081,765935,10105,9351,6,9357,127
2020-09-23,Santa Barbara,083,443738,9589,8952,64,9016,112
2020-09-23,Santa Clara,085,1922200,21714,20575,27,20602,260
2020-09-23,Santa Cruz,087,273765,2406,2283,31,2314,9
2020-09-23,Shasta,089,179085,1024,756,4,760,14
2020-09-23,Sierra,091,2930,6,6,0,6,0
2020-09-23,Siskiyou,093,43540,154,149,10,159,0
2020-09-23,Solano,095,438530,6295,6123,41,6164,50
2020-09-23,Sonoma,097,501317,7543,7091,20,7111,122
2020-09-23,Stanislaus,099,539301,16482,16271,535,16806,317
2020-09-23,Sutter,101,95872,1676,1646,1,1647,10
2020-09-23,Tehama,103,63373,575,533,2,535,2
2020-09-23,Trinity,105,12862,37,15,6,21,0
2020-09-23,Tulare,107,460477,16164,15664,125,15789,266
2020-09-23,Tuolumne,109,53932,231,223,3,226,2
2020-09-23,Ventura,111,848112,13085,12591,156,12747,137
2020-09-23,Yolo,113,214977,2810,2766,6,2772,55
2020-09-23,Yuba,115,75493,1080,1038,5,1043,5
2020-09-22,Alameda,001,1643700,21256,20607,178,20785,355
2020-09-22,Alpine,003,1148,3,2,0,2,0
2020-09-22,Amador,005,37829,292,287,0,287,16
2020-09-22,Butte,007,227075,2905,2776,21,2797,43
2020-09-22,Calaveras,009,45235,308,258,0,258,11
2020-09-22,Colusa,011,21464,529,518,0,518,6
2020-09-22,Contra Costa,013,1133247,16922,16090,83,16173,190
2020-09-22,Del Norte,015,27424,136,137,0,137,2
2020-09-22,El Dorado,017,186661,1154,1076,1,1077,4
2020-09-22,Fresno,019,978130,30331,27944,366,28310,369
2020-09-22,Glenn,021,27897,581,560,0,560,3
2020-09-22,Humboldt,023,135768,497,476,1,477,5
2020-09-22,Imperial,025,180216,11777,10529,6,10535,284
2020-09-22,Inyo,027,18085,188,177,0,177,13
2020-09-22,Kern,029,883053,31849,31110,317,31427,383
2020-09-22,Kings,031,150075,7698,7395,42,7437,76
2020-09-22,Lake,033,64148,561,516,0,516,9
2020-09-22,Lassen,035,31185,744,736,2,738,0
2020-09-22,Los Angeles,037,10098052,265936,262117,1885,264002,6394
2020-09-22,Madera,039,155013,4514,4303,28,4331,47
2020-09-22,Marin,041,260295,6677,6561,17,6578,84
2020-09-22,Mariposa,043,17540,76,74,0,74,2
2020-09-22,Mendocino,045,87422,861,794,1,795,18
2020-09-22,Merced,047,269075,8851,8769,16,8785,132
2020-09-22,Modoc,049,8938,29,24,0,24,0
2020-09-22,Mono,051,14174,168,149,1,150,1
2020-09-22,Monterey,053,433212,9764,9393,27,9420,67
2020-09-22,Napa,055,140530,1713,1652,5,1657,11
2020-09-22,Nevada,057,99092,540,523,14,537,6
2020-09-22,Orange,059,3164182,54320,51528,1461,52989,1132
2020-09-22,Placer,061,380077,3597,3492,12,3504,40
2020-09-22,Plumas,063,18699,49,48,0,48,0
2020-09-22,Riverside,065,2383286,58327,57066,151,57217,1162
2020-09-22,Sacramento,067,1510023,22361,21745,14,21759,410
2020-09-22,San Benito,069,59416,1330,1305,0,1305,10
2020-09-22,San Bernardino,071,2135413,53784,51899,363,52262,971
2020-09-22,San Diego,073,3302833,46942,45149,906,46055,765
2020-09-22,San Francisco,075,870044,11163,10893,26,10919,95
2020-09-22,San Joaquin,077,732212,20112,19755,55,19810,426
2020-09-22,San Luis Obispo,079,281455,3637,3420,16,3436,31
2020-09-22,San Mateo,081,765935,10067,9291,6,9297,127
2020-09-22,Santa Barbara,083,443738,9559,8927,63,8990,111
2020-09-22,Santa Clara,085,1922200,21596,20514,27,20541,253
2020-09-22,Santa Cruz,087,273765,2383,2264,31,2295,8
2020-09-22,Shasta,089,179085,989,723,4,727,14
2020-09-22,Sierra,091,2930,6,6,0,6,0
2020-09-22,Siskiyou,093,43540,154,149,10,159,0
2020-09-22,Solano,095,438530,6264,6107,41,6148,48
2020-09-22,Sonoma,097,501317,7464,7068,19,7087,117
2020-09-22,Stanislaus,099,539301,16459,16231,528,16759,316
2020-09-22,Sutter,101,95872,1670,1638,1,1639,10
2020-09-22,Tehama,103,63373,567,529,2,531,2
2020-09-22,Trinity,105,12862,37,15,6,21,0
2020-09-22,Tulare,107,460477,16098,15616,121,15737,263
2020-09-22,Tuolumne,109,53932,230,224,3,227,1
2020-09-22,Ventura,111,848112,13034,12507,152,12659,136
2020-09-22,Yolo,113,214977,2803,2763,6,2769,54
2020-09-22,Yuba,115,75493,1071,1035,5,1040,5
2020-09-21,Alameda,001,1643700,21177,20501,177,20678,343
2020-09-21,Alpine,003,1148,3,2,0,2,0
2020-09-21,Amador,005,37829,290,286,0,286,16
2020-09-21,Butte,007,227075,2891,2769,21,2790,41
2020-09-21,Calaveras,009,45235,306,256,0,256,10
2020-09-21,Colusa,011,21464,528,517,0,517,6
2020-09-21,Contra Costa,013,1133247,16834,16008,83,16091,189
2020-09-21,Del Norte,015,27424,136,132,0,132,2
2020-09-21,El Dorado,017,186661,1145,1074,1,1075,4
2020-09-21,Fresno,019,978130,30229,27843,359,28202,362
2020-09-21,Glenn,021,27897,577,556,0,556,3
2020-09-21,Humboldt,023,135768,493,473,1,474,5
2020-09-21,Imperial,025,180216,11746,10521,6,10527,284
2020-09-21,Inyo,027,18085,187,177,0,177,12
2020-09-21,Kern,029,883053,31777,31031,315,31346,379
2020-09-21,Kings,031,150075,7586,7297,40,7337,76
2020-09-21,Lake,033,64148,556,508,0,508,8
2020-09-21,Lassen,035,31185,742,735,2,737,0
2020-09-21,Los Angeles,037,10098052,264850,261418,1840,263258,6360
2020-09-21,Madera,039,155013,4503,4275,27,4302,47
2020-09-21,Marin,041,260295,6666,6538,16,6554,84
2020-09-21,Mariposa,043,17540,75,74,0,74,2
2020-09-21,Mendocino,045,87422,846,778,0,778,18
2020-09-21,Merced,047,269075,8832,8749,14,8763,128
2020-09-21,Modoc,049,8938,29,22,0,22,0
2020-09-21,Mono,051,14174,168,147,1,148,1
2020-09-21,Monterey,053,433212,9700,9331,24,9355,66
2020-09-21,Napa,055,140530,1702,1641,5,1646,11
2020-09-21,Nevada,057,99092,538,515,14,529,6
2020-09-21,Orange,059,3164182,54100,51363,1453,52816,1110
2020-09-21,Placer,061,380077,3587,3473,12,3485,40
2020-09-21,Plumas,063,18699,49,47,0,47,0
2020-09-21,Riverside,065,2383286,58054,57001,143,57144,1153
2020-09-21,Sacramento,067,1510023,22179,21568,14,21582,404
2020-09-21,San Benito,069,59416,1328,1298,0,1298,10
2020-09-21,San Bernardino,071,2135413,53498,51654,362,52016,970
2020-09-21,San Diego,073,3302833,46659,44927,885,45812,760
2020-09-21,San Francisco,075,870044,11115,10743,26,10769,95
2020-09-21,San Joaquin,077,732212,20054,19579,55,19634,423
2020-09-21,San Luis Obispo,079,281455,3610,3406,16,3422,27
2020-09-21,San Mateo,081,765935,10015,9239,6,9245,127
2020-09-21,Santa Barbara,083,443738,9531,8911,63,8974,110
2020-09-21,Santa Clara,085,1922200,21495,20432,27,20459,252
2020-09-21,Santa Cruz,087,273765,2366,2257,29,2286,8
2020-09-21,Shasta,089,179085,939,696,4,700,14
2020-09-21,Sierra,091,2930,6,6,0,6,0
2020-09-21,Siskiyou,093,43540,154,146,10,156,0
2020-09-21,Solano,095,438530,6240,6019,41,6060,46
2020-09-21,Sonoma,097,501317,7388,7017,19,7036,117
2020-09-21,Stanislaus,099,539301,16429,16186,528,16714,310
2020-09-21,Sutter,101,95872,1663,1634,1,1635,10
2020-09-21,Tehama,103,63373,548,513,2,515,2
2020-09-21,Trinity,105,12862,37,15,6,21,0
2020-09-21,Tulare,107,460477,16024,15528,112,15640,260
2020-09-21,Tuolumne,109,53932,230,221,3,224,1
2020-09-21,Ventura,111,848112,12952,12477,146,12623,133
2020-09-21,Yolo,113,214977,2797,2752,6,2758,54
2020-09-21,Yuba,115,75493,1067,1033,5,1038,1
2020-09-20,Alameda,001,1643700,21077,20425,174,20599,343
2020-09-20,Alpine,003,1148,3,2,0,2,0
2020-09-20,Amador,005,37829,289,286,0,286,16
2020-09-20,Butte,007,227075,2879,2764,21,2785,39
2020-09-20,Calaveras,009,45235,302,256,0,256,10
2020-09-20,Colusa,011,21464,526,510,0,510,6
2020-09-20,Contra Costa,013,1133247,16700,15917,82,15999,189
2020-09-20,Del Norte,015,27424,134,132,0,132,2
2020-09-20,El Dorado,017,186661,1130,1073,1,1074,4
2020-09-20,Fresno,019,978130,30115,27769,353,28122,362
2020-09-20,Glenn,021,27897,573,550,0,550,3
2020-09-20,Humboldt,023,135768,493,472,1,473,5
2020-09-20,Imperial,025,180216,11719,10496,5,10501,284
2020-09-20,Inyo,027,18085,187,177,0,177,12
2020-09-20,Kern,029,883053,31694,30992,311,31303,379
2020-09-20,Kings,031,150075,7539,7159,39,7198,76
2020-09-20,Lake,033,64148,544,492,0,492,8
2020-09-20,Lassen,035,31185,742,735,2,737,0
2020-09-20,Los Angeles,037,10098052,263618,260770,1811,262581,6347
2020-09-20,Madera,039,155013,4483,4257,27,4284,47
2020-09-20,Marin,041,260295,6640,6533,16,6549,83
2020-09-20,Mariposa,043,17540,75,74,0,74,2
2020-09-20,Mendocino,045,87422,834,765,0,765,18
2020-09-20,Merced,047,269075,8805,8745,14,8759,128
2020-09-20,Modoc,049,8938,27,22,0,22,0
2020-09-20,Mono,051,14174,167,147,1,148,1
2020-09-20,Monterey,053,433212,9622,9312,24,9336,65
2020-09-20,Napa,055,140530,1693,1626,5,1631,11
2020-09-20,Nevada,057,99092,535,511,14,525,6
2020-09-20,Orange,059,3164182,53861,51233,1441,52674,1110
2020-09-20,Placer,061,380077,3572,3452,12,3464,40
2020-09-20,Plumas,063,18699,49,47,0,47,0
2020-09-20,Riverside,065,2383286,57853,56783,137,56920,1147
2020-09-20,Sacramento,067,1510023,21992,21394,13,21407,401
2020-09-20,San Benito,069,59416,1317,1291,0,1291,9
2020-09-20,San Bernardino,071,2135413,53177,51559,360,51919,970
2020-09-20,San Diego,073,3302833,46286,44579,856,45435,760
2020-09-20,San Francisco,075,870044,11061,10743,26,10769,95
2020-09-20,San Joaquin,077,732212,19990,19578,47,19625,423
2020-09-20,San Luis Obispo,079,281455,3582,3393,16,3409,27
2020-09-20,San Mateo,081,765935,9948,9198,6,9204,127
2020-09-20,Santa Barbara,083,443738,9497,8880,62,8942,110
2020-09-20,Santa Clara,085,1922200,21375,20330,26,20356,252
2020-09-20,Santa Cruz,087,273765,2346,2199,29,2228,8
2020-09-20,Shasta,089,179085,898,696,3,699,14
2020-09-20,Sierra,091,2930,6,6,0,6,0
2020-09-20,Siskiyou,093,43540,154,146,10,156,0
2020-09-20,Solano,095,438530,6196,6020,41,6061,46
2020-09-20,Sonoma,097,501317,7284,6954,19,6973,117
2020-09-20,Stanislaus,099,539301,16398,16159,521,16680,310
2020-09-20,Sutter,101,95872,1657,1624,1,1625,10
2020-09-20,Tehama,103,63373,535,509,2,511,2
2020-09-20,Trinity,105,12862,37,15,6,21,0
2020-09-20,Tulare,107,460477,15939,15528,106,15634,260
2020-09-20,Tuolumne,109,53932,230,221,3,224,1
2020-09-20,Ventura,111,848112,12887,12406,142,12548,133
2020-09-20,Yolo,113,214977,2789,2745,6,2751,54
2020-09-20,Yuba,115,75493,1060,1029,5,1034,1
2020-09-19,Alameda,001,1643700,21026,20349,171,20520,343
2020-09-19,Alpine,003,1148,3,2,0,2,0
2020-09-19,Amador,005,37829,289,285,0,285,16
2020-09-19,Butte,007,227075,2873,2748,21,2769,38
2020-09-19,Calaveras,009,45235,302,256,0,256,10
2020-09-19,Colusa,011,21464,526,507,0,507,6
2020-09-19,Contra Costa,013,1133247,16637,15783,82,15865,186
2020-09-19,Del Norte,015,27424,133,132,0,132,2
2020-09-19,El Dorado,017,186661,1124,1068,0,1068,4
2020-09-19,Fresno,019,978130,30042,27668,353,28021,362
2020-09-19,Glenn,021,27897,570,547,0,547,3
2020-09-19,Humboldt,023,135768,492,471,1,472,5
2020-09-19,Imperial,025,180216,11704,10496,5,10501,284
2020-09-19,Inyo,027,18085,187,177,0,177,12
2020-09-19,Kern,029,883053,31640,30886,308,31194,379
2020-09-19,Kings,031,150075,7533,7130,39,7169,76
2020-09-19,Lake,033,64148,544,465,0,465,8
2020-09-19,Lassen,035,31185,742,731,2,733,0
2020-09-19,Los Angeles,037,10098052,262994,259801,1795,261596,6325
2020-09-19,Madera,039,155013,4460,4237,27,4264,47
2020-09-19,Marin,041,260295,6633,6513,15,6528,81
2020-09-19,Mariposa,043,17540,75,74,0,74,2
2020-09-19,Mendocino,045,87422,831,750,0,750,18
2020-09-19,Merced,047,269075,8794,8717,13,8730,128
2020-09-19,Modoc,049,8938,27,22,0,22,0
2020-09-19,Mono,051,14174,167,147,1,148,1
2020-09-19,Monterey,053,433212,9580,9237,24,9261,65
2020-09-19,Napa,055,140530,1685,1614,5,1619,11
2020-09-19,Nevada,057,99092,533,505,14,519,6
2020-09-19,Orange,059,3164182,53732,50999,1434,52433,1105
2020-09-19,Placer,061,380077,3564,3412,12,3424,40
2020-09-19,Plumas,063,18699,49,47,0,47,0
2020-09-19,Riverside,065,2383286,57729,56562,136,56698,1147
2020-09-19,Sacramento,067,1510023,21938,21297,13,21310,396
2020-09-19,San Benito,069,59416,1313,1276,0,1276,9
2020-09-19,San Bernardino,071,2135413,53021,51353,357,51710,971
2020-09-19,San Diego,073,3302833,46058,44295,833,45128,773
2020-09-19,San Francisco,075,870044,11028,10741,26,10767,95
2020-09-19,San Joaquin,077,732212,19953,19580,47,19627,424
2020-09-19,San Luis Obispo,079,281455,3561,3369,16,3385,27
2020-09-19,San Mateo,081,765935,9917,9158,6,9164,127
2020-09-19,Santa Barbara,083,443738,9476,8862,62,8924,106
2020-09-19,Santa Clara,085,1922200,21286,20170,26,20196,251
2020-09-19,Santa Cruz,087,273765,2332,2198,29,2227,8
2020-09-19,Shasta,089,179085,871,687,3,690,14
2020-09-19,Sierra,091,2930,6,6,0,6,0
2020-09-19,Siskiyou,093,43540,154,146,10,156,0
2020-09-19,Solano,095,438530,6180,5998,41,6039,46
2020-09-19,Sonoma,097,501317,7251,6905,19,6924,117
2020-09-19,Stanislaus,099,539301,16358,16109,514,16623,313
2020-09-19,Sutter,101,95872,1656,1602,1,1603,10
2020-09-19,Tehama,103,63373,530,498,2,500,2
2020-09-19,Trinity,105,12862,37,15,6,21,0
2020-09-19,Tulare,107,460477,15890,15485,103,15588,260
2020-09-19,Tuolumne,109,53932,230,217,3,220,1
2020-09-19,Ventura,111,848112,12855,12328,142,12470,133
2020-09-19,Yolo,113,214977,2781,2739,6,2745,54
2020-09-19,Yuba,115,75493,1053,1023,5,1028,1
2020-09-18,Alameda,001,1643700,20961,20222,165,20387,341
2020-09-18,Alpine,003,1148,3,2,0,2,0
2020-09-18,Amador,005,37829,289,285,0,285,16
2020-09-18,Butte,007,227075,2871,2738,21,2759,37
2020-09-18,Calaveras,009,45235,302,255,0,255,9
2020-09-18,Colusa,011,21464,526,504,0,504,6
2020-09-18,Contra Costa,013,1133247,16552,15667,82,15749,185
2020-09-18,Del Norte,015,27424,133,131,0,131,2
2020-09-18,El Dorado,017,186661,1111,1063,0,1063,4
2020-09-18,Fresno,019,978130,29977,27560,353,27913,359
2020-09-18,Glenn,021,27897,567,541,0,541,3
2020-09-18,Humboldt,023,135768,489,470,1,471,5
2020-09-18,Imperial,025,180216,11689,10460,5,10465,283
2020-09-18,Inyo,027,18085,187,177,0,177,12
2020-09-18,Kern,029,883053,31582,30742,305,31047,373
2020-09-18,Kings,031,150075,7523,7062,39,7101,74
2020-09-18,Lake,033,64148,538,458,0,458,8
2020-09-18,Lassen,035,31185,741,731,2,733,0
2020-09-18,Los Angeles,037,10098052,262220,258488,1775,260263,6324
2020-09-18,Madera,039,155013,4448,4211,27,4238,45
2020-09-18,Marin,041,260295,6618,6475,15,6490,81
2020-09-18,Mariposa,043,17540,75,74,0,74,2
2020-09-18,Mendocino,045,87422,823,739,0,739,18
2020-09-18,Merced,047,269075,8782,8691,12,8703,127
2020-09-18,Modoc,049,8938,27,22,0,22,0
2020-09-18,Mono,051,14174,165,147,1,148,1
2020-09-18,Monterey,053,433212,9538,9183,24,9207,64
2020-09-18,Napa,055,140530,1679,1604,5,1609,11
2020-09-18,Nevada,057,99092,530,504,14,518,6
2020-09-18,Orange,059,3164182,53585,50733,1422,52155,1107
2020-09-18,Placer,061,380077,3553,3389,12,3401,40
2020-09-18,Plumas,063,18699,49,45,0,45,0
2020-09-18,Riverside,065,2383286,57609,56248,132,56380,1143
2020-09-18,Sacramento,067,1510023,21855,21105,13,21118,391
2020-09-18,San Benito,069,59416,1305,1257,0,1257,8
2020-09-18,San Bernardino,071,2135413,52878,51106,354,51460,970
2020-09-18,San Diego,073,3302833,45808,44009,828,44837,757
2020-09-18,San Francisco,075,870044,10990,10644,25,10669,95
2020-09-18,San Joaquin,077,732212,19910,19531,45,19576,423
2020-09-18,San Luis Obispo,079,281455,3537,3328,16,3344,27
2020-09-18,San Mateo,081,765935,9877,9062,6,9068,127
2020-09-18,Santa Barbara,083,443738,9454,8824,62,8886,107
2020-09-18,Santa Clara,085,1922200,21189,20058,26,20084,252
2020-09-18,Santa Cruz,087,273765,2311,2180,28,2208,8
2020-09-18,Shasta,089,179085,836,668,3,671,14
2020-09-18,Sierra,091,2930,6,6,0,6,0
2020-09-18,Siskiyou,093,43540,153,146,10,156,0
2020-09-18,Solano,095,438530,6164,5961,41,6002,46
2020-09-18,Sonoma,097,501317,7203,6856,19,6875,114
2020-09-18,Stanislaus,099,539301,16330,16042,508,16550,277
2020-09-18,Sutter,101,95872,1648,1586,1,1587,10
2020-09-18,Tehama,103,63373,530,490,2,492,2
2020-09-18,Trinity,105,12862,37,15,5,20,0
2020-09-18,Tulare,107,460477,15857,15435,99,15534,259
2020-09-18,Tuolumne,109,53932,229,216,3,219,1
2020-09-18,Ventura,111,848112,12794,12236,138,12374,133
2020-09-18,Yolo,113,214977,2775,2732,6,2738,54
2020-09-18,Yuba,115,75493,1049,1020,5,1025,1
2020-09-17,Alameda,001,1643700,20862,20146,165,20311,339
2020-09-17,Alpine,003,1148,3,2,0,2,0
2020-09-17,Amador,005,37829,287,284,0,284,16
2020-09-17,Butte,007,227075,2853,2720,21,2741,38
2020-09-17,Calaveras,009,45235,302,254,0,254,9
2020-09-17,Colusa,011,21464,524,499,0,499,6
2020-09-17,Contra Costa,013,1133247,16462,15576,82,15658,184
2020-09-17,Del Norte,015,27424,133,131,0,131,2
2020-09-17,El Dorado,017,186661,1102,1057,0,1057,4
2020-09-17,Fresno,019,978130,29868,27487,348,27835,355
2020-09-17,Glenn,021,27897,566,541,0,541,3
2020-09-17,Humboldt,023,135768,483,466,1,467,5
2020-09-17,Imperial,025,180216,11672,10436,5,10441,281
2020-09-17,Inyo,027,18085,187,176,0,176,12
2020-09-17,Kern,029,883053,31521,30627,298,30925,372
2020-09-17,Kings,031,150075,7452,7015,39,7054,72
2020-09-17,Lake,033,64148,528,433,0,433,8
2020-09-17,Lassen,035,31185,739,731,2,733,0
2020-09-17,Los Angeles,037,10098052,261277,257246,1760,259006,6318
2020-09-17,Madera,039,155013,4414,4152,27,4179,45
2020-09-17,Marin,041,260295,6597,6457,15,6472,81
2020-09-17,Mariposa,043,17540,75,74,0,74,2
2020-09-17,Mendocino,045,87422,812,737,0,737,18
2020-09-17,Merced,047,269075,8763,8671,12,8683,119
2020-09-17,Modoc,049,8938,27,22,0,22,0
2020-09-17,Mono,051,14174,165,147,1,148,1
2020-09-17,Monterey,053,433212,9476,9113,23,9136,62
2020-09-17,Napa,055,140530,1668,1592,5,1597,11
2020-09-17,Nevada,057,99092,528,494,14,508,6
2020-09-17,Orange,059,3164182,53406,50537,1408,51945,1098
2020-09-17,Placer,061,380077,3532,3368,12,3380,40
2020-09-17,Plumas,063,18699,49,45,0,45,0
2020-09-17,Riverside,065,2383286,57384,56007,130,56137,1134
2020-09-17,Sacramento,067,1510023,21620,20895,13,20908,385
2020-09-17,San Benito,069,59416,1302,1252,0,1252,8
2020-09-17,San Bernardino,071,2135413,52677,50770,354,51124,904
2020-09-17,San Diego,073,3302833,45529,43621,816,44437,754
2020-09-17,San Francisco,075,870044,10895,10564,25,10589,95
2020-09-17,San Joaquin,077,732212,19851,19439,45,19484,416
2020-09-17,San Luis Obispo,079,281455,3509,3299,16,3315,27
2020-09-17,San Mateo,081,765935,9835,8984,6,8990,127
2020-09-17,Santa Barbara,083,443738,9430,8779,62,8841,107
2020-09-17,Santa Clara,085,1922200,21072,19825,26,19851,254
2020-09-17,Santa Cruz,087,273765,2295,2155,28,2183,7
2020-09-17,Shasta,089,179085,797,660,3,663,12
2020-09-17,Sierra,091,2930,6,6,0,6,0
2020-09-17,Siskiyou,093,43540,153,146,10,156,0
2020-09-17,Solano,095,438530,6141,5915,41,5956,44
2020-09-17,Sonoma,097,501317,7139,6754,19,6773,114
2020-09-17,Stanislaus,099,539301,16297,15984,504,16488,277
2020-09-17,Sutter,101,95872,1643,1572,1,1573,10
2020-09-17,Tehama,103,63373,516,487,2,489,2
2020-09-17,Trinity,105,12862,37,15,5,20,0
2020-09-17,Tulare,107,460477,15804,15344,97,15441,258
2020-09-17,Tuolumne,109,53932,228,214,3,217,1
2020-09-17,Ventura,111,848112,12709,12167,134,12301,130
2020-09-17,Yolo,113,214977,2766,2724,6,2730,53
2020-09-17,Yuba,115,75493,1045,1015,5,1020,1
2020-09-16,Alameda,001,1643700,20765,20009,163,20172,333
2020-09-16,Alpine,003,1148,3,2,0,2,0
2020-09-16,Amador,005,37829,287,284,0,284,16
2020-09-16,Butte,007,227075,2843,2704,21,2725,38
2020-09-16,Calaveras,009,45235,302,254,0,254,9
2020-09-16,Colusa,011,21464,522,497,0,497,6
2020-09-16,Contra Costa,013,1133247,16376,15473,82,15555,183
2020-09-16,Del Norte,015,27424,133,131,0,131,2
2020-09-16,El Dorado,017,186661,1094,1049,0,1049,4
2020-09-16,Fresno,019,978130,29762,27381,346,27727,343
2020-09-16,Glenn,021,27897,564,539,0,539,3
2020-09-16,Humboldt,023,135768,482,455,1,456,4
2020-09-16,Imperial,025,180216,11649,10401,5,10406,277
2020-09-16,Inyo,027,18085,186,176,0,176,12
2020-09-16,Kern,029,883053,31461,30570,297,30867,371
2020-09-16,Kings,031,150075,7427,7002,37,7039,71
2020-09-16,Lake,033,64148,517,417,0,417,6
2020-09-16,Lassen,035,31185,738,730,2,732,0
2020-09-16,Los Angeles,037,10098052,260279,256101,1741,257842,6299
2020-09-16,Madera,039,155013,4391,4138,27,4165,45
2020-09-16,Marin,041,260295,6569,6430,15,6445,77
2020-09-16,Mariposa,043,17540,75,74,0,74,2
2020-09-16,Mendocino,045,87422,803,727,0,727,18
2020-09-16,Merced,047,269075,8742,8646,12,8658,118
2020-09-16,Modoc,049,8938,27,22,0,22,0
2020-09-16,Mono,051,14174,165,147,1,148,1
2020-09-16,Monterey,053,433212,9422,8997,23,9020,62
2020-09-16,Napa,055,140530,1654,1587,5,1592,11
2020-09-16,Nevada,057,99092,523,495,13,508,6
2020-09-16,Orange,059,3164182,53206,50414,1399,51813,1096
2020-09-16,Placer,061,380077,3514,3351,12,3363,39
2020-09-16,Plumas,063,18699,49,45,0,45,0
2020-09-16,Riverside,065,2383286,57189,55811,122,55933,1127
2020-09-16,Sacramento,067,1510023,21526,20610,13,20623,377
2020-09-16,San Benito,069,59416,1294,1244,0,1244,8
2020-09-16,San Bernardino,071,2135413,52451,50509,353,50862,907
2020-09-16,San Diego,073,3302833,45237,43447,795,44242,748
2020-09-16,San Francisco,075,870044,10848,10502,25,10527,90
2020-09-16,San Joaquin,077,732212,19797,19377,44,19421,409
2020-09-16,San Luis Obispo,079,281455,3479,3285,16,3301,28
2020-09-16,San Mateo,081,765935,9770,8944,6,8950,127
2020-09-16,Santa Barbara,083,443738,9398,8764,62,8826,107
2020-09-16,Santa Clara,085,1922200,20953,19684,26,19710,253
2020-09-16,Santa Cruz,087,273765,2254,2089,27,2116,7
2020-09-16,Shasta,089,179085,771,635,3,638,11
2020-09-16,Sierra,091,2930,6,6,0,6,0
2020-09-16,Siskiyou,093,43540,152,145,10,155,0
2020-09-16,Solano,095,438530,6111,5899,41,5940,44
2020-09-16,Sonoma,097,501317,7078,6731,19,6750,104
2020-09-16,Stanislaus,099,539301,16249,15897,496,16393,263
2020-09-16,Sutter,101,95872,1630,1567,1,1568,10
2020-09-16,Tehama,103,63373,508,485,2,487,2
2020-09-16,Trinity,105,12862,37,15,5,20,0
2020-09-16,Tulare,107,460477,15762,15314,89,15403,258
2020-09-16,Tuolumne,109,53932,227,210,3,213,1
2020-09-16,Ventura,111,848112,12641,12073,133,12206,130
2020-09-16,Yolo,113,214977,2759,2709,6,2715,53
2020-09-16,Yuba,115,75493,1043,1000,5,1005,1
2020-09-15,Alameda,001,1643700,20658,19931,160,20091,327
2020-09-15,Alpine,003,1148,3,2,0,2,0
2020-09-15,Amador,005,37829,286,282,0,282,16
2020-09-15,Butte,007,227075,2830,2695,19,2714,38
2020-09-15,Calaveras,009,45235,302,248,0,248,5
2020-09-15,Colusa,011,21464,516,497,0,497,6
2020-09-15,Contra Costa,013,1133247,16273,15423,81,15504,180
2020-09-15,Del Norte,015,27424,133,129,0,129,2
2020-09-15,El Dorado,017,186661,1089,1046,0,1046,4
2020-09-15,Fresno,019,978130,29656,27312,341,27653,343
2020-09-15,Glenn,021,27897,563,531,0,531,3
2020-09-15,Humboldt,023,135768,480,456,1,457,4
2020-09-15,Imperial,025,180216,11624,10376,5,10381,277
2020-09-15,Inyo,027,18085,186,176,0,176,12
2020-09-15,Kern,029,883053,31348,30429,294,30723,368
2020-09-15,Kings,031,150075,7269,6977,37,7014,70
2020-09-15,Lake,033,64148,503,416,0,416,4
2020-09-15,Lassen,035,31185,734,719,2,721,0
2020-09-15,Los Angeles,037,10098052,259167,255048,1716,256764,6269
2020-09-15,Madera,039,155013,4372,4122,27,4149,45
2020-09-15,Marin,041,260295,6538,6423,15,6438,77
2020-09-15,Mariposa,043,17540,75,74,0,74,2
2020-09-15,Mendocino,045,87422,785,724,0,724,18
2020-09-15,Merced,047,269075,8712,8633,12,8645,114
2020-09-15,Modoc,049,8938,26,21,0,21,0
2020-09-15,Mono,051,14174,165,147,1,148,1
2020-09-15,Monterey,053,433212,9373,8943,23,8966,62
2020-09-15,Napa,055,140530,1640,1580,5,1585,11
2020-09-15,Nevada,057,99092,518,494,13,507,6
2020-09-15,Orange,059,3164182,53024,50294,1384,51678,1088
2020-09-15,Placer,061,380077,3490,3331,12,3343,38
2020-09-15,Plumas,063,18699,49,44,0,44,0
2020-09-15,Riverside,065,2383286,56896,55569,112,55681,1118
2020-09-15,Sacramento,067,1510023,21384,20487,13,20500,372
2020-09-15,San Benito,069,59416,1287,1237,0,1237,7
2020-09-15,San Bernardino,071,2135413,52235,50333,352,50685,904
2020-09-15,San Diego,073,3302833,44918,43183,774,43957,742
2020-09-15,San Francisco,075,870044,10790,10414,25,10439,90
2020-09-15,San Joaquin,077,732212,19745,19313,44,19357,401
2020-09-15,San Luis Obispo,079,281455,3459,3262,16,3278,28
2020-09-15,San Mateo,081,765935,9700,8895,6,8901,127
2020-09-15,Santa Barbara,083,443738,9373,8724,61,8785,104
2020-09-15,Santa Clara,085,1922200,20817,19610,26,19636,252
2020-09-15,Santa Cruz,087,273765,2228,2079,26,2105,7
2020-09-15,Shasta,089,179085,759,627,3,630,11
2020-09-15,Sierra,091,2930,6,6,0,6,0
2020-09-15,Siskiyou,093,43540,152,143,10,153,0
2020-09-15,Solano,095,438530,6077,5878,41,5919,45
2020-09-15,Sonoma,097,501317,7039,6701,19,6720,104
2020-09-15,Stanislaus,099,539301,16201,15880,494,16374,260
2020-09-15,Sutter,101,95872,1618,1556,1,1557,10
2020-09-15,Tehama,103,63373,496,484,2,486,2
2020-09-15,Trinity,105,12862,37,15,5,20,0
2020-09-15,Tulare,107,460477,15685,15203,87,15290,254
2020-09-15,Tuolumne,109,53932,227,209,3,212,1
2020-09-15,Ventura,111,848112,12589,11932,132,12064,128
2020-09-15,Yolo,113,214977,2755,2708,6,2714,53
2020-09-15,Yuba,115,75493,1037,991,4,995,1
2020-09-14,Alameda,001,1643700,20531,19851,159,20010,306
2020-09-14,Alpine,003,1148,3,2,0,2,0
2020-09-14,Amador,005,37829,284,281,0,281,16
2020-09-14,Butte,007,227075,2813,2642,19,2661,37
2020-09-14,Calaveras,009,45235,302,244,0,244,3
2020-09-14,Colusa,011,21464,515,486,0,486,6
2020-09-14,Contra Costa,013,1133247,16148,15354,80,15434,174
2020-09-14,Del Norte,015,27424,130,116,0,116,2
2020-09-14,El Dorado,017,186661,1085,1039,0,1039,3
2020-09-14,Fresno,019,978130,29571,27232,338,27570,344
2020-09-14,Glenn,021,27897,555,521,0,521,3
2020-09-14,Humboldt,023,135768,477,437,1,438,4
2020-09-14,Imperial,025,180216,11604,10340,5,10345,273
2020-09-14,Inyo,027,18085,186,176,0,176,12
2020-09-14,Kern,029,883053,31261,30344,291,30635,368
2020-09-14,Kings,031,150075,7187,6950,37,6987,70
2020-09-14,Lake,033,64148,483,407,0,407,4
2020-09-14,Lassen,035,31185,734,719,2,721,0
2020-09-14,Los Angeles,037,10098052,258136,254622,1687,256309,6226
2020-09-14,Madera,039,155013,4358,4104,27,4131,45
2020-09-14,Marin,041,260295,6517,6409,15,6424,70
2020-09-14,Mariposa,043,17540,75,74,0,74,2
2020-09-14,Mendocino,045,87422,768,710,0,710,17
2020-09-14,Merced,047,269075,8693,8593,12,8605,112
2020-09-14,Modoc,049,8938,26,21,0,21,0
2020-09-14,Mono,051,14174,165,147,1,148,1
2020-09-14,Monterey,053,433212,9302,8845,22,8867,61
2020-09-14,Napa,055,140530,1623,1576,5,1581,11
2020-09-14,Nevada,057,99092,513,489,13,502,6
2020-09-14,Orange,059,3164182,52865,50149,1367,51516,1079
2020-09-14,Placer,061,380077,3469,3302,12,3314,38
2020-09-14,Plumas,063,18699,48,42,0,42,0
2020-09-14,Riverside,065,2383286,56677,55488,106,55594,1113
2020-09-14,Sacramento,067,1510023,21189,20377,12,20389,367
2020-09-14,San Benito,069,59416,1272,1233,0,1233,7
2020-09-14,San Bernardino,071,2135413,52011,50163,351,50514,895
2020-09-14,San Diego,073,3302833,44607,42889,754,43643,734
2020-09-14,San Francisco,075,870044,10723,10255,23,10278,90
2020-09-14,San Joaquin,077,732212,19671,19111,43,19154,397
2020-09-14,San Luis Obispo,079,281455,3434,3248,16,3264,25
2020-09-14,San Mateo,081,765935,9638,8847,6,8853,127
2020-09-14,Santa Barbara,083,443738,9347,8692,61,8753,104
2020-09-14,Santa Clara,085,1922200,20629,19545,26,19571,247
2020-09-14,Santa Cruz,087,273765,2208,2016,23,2039,7
2020-09-14,Shasta,089,179085,737,584,3,587,10
2020-09-14,Sierra,091,2930,6,6,0,6,0
2020-09-14,Siskiyou,093,43540,151,143,10,153,0
2020-09-14,Solano,095,438530,6042,5834,41,5875,44
2020-09-14,Sonoma,097,501317,6976,6630,19,6649,102
2020-09-14,Stanislaus,099,539301,16156,15812,491,16303,253
2020-09-14,Sutter,101,95872,1607,1549,1,1550,10
2020-09-14,Tehama,103,63373,493,475,2,477,1
2020-09-14,Trinity,105,12862,36,14,5,19,0
2020-09-14,Tulare,107,460477,15616,15096,81,15177,254
2020-09-14,Tuolumne,109,53932,226,208,3,211,1
2020-09-14,Ventura,111,848112,12488,11903,129,12032,125
2020-09-14,Yolo,113,214977,2744,2687,6,2693,53
2020-09-14,Yuba,115,75493,1029,977,4,981,1
2020-09-13,Alameda,001,1643700,20425,19815,156,19971,306
2020-09-13,Alpine,003,1148,3,2,0,2,0
2020-09-13,Amador,005,37829,281,279,0,279,16
2020-09-13,Butte,007,227075,2791,2640,19,2659,37
2020-09-13,Calaveras,009,45235,301,246,0,246,3
2020-09-13,Colusa,011,21464,511,486,0,486,6
2020-09-13,Contra Costa,013,1133247,16042,15284,79,15363,172
2020-09-13,Del Norte,015,27424,127,116,0,116,1
2020-09-13,El Dorado,017,186661,1080,1035,0,1035,2
2020-09-13,Fresno,019,978130,29464,27196,329,27525,345
2020-09-13,Glenn,021,27897,551,517,0,517,3
2020-09-13,Humboldt,023,135768,477,434,1,435,4
2020-09-13,Imperial,025,180216,11567,10304,5,10309,273
2020-09-13,Inyo,027,18085,186,176,0,176,12
2020-09-13,Kern,029,883053,31168,30277,284,30561,368
2020-09-13,Kings,031,150075,7168,6937,37,6974,70
2020-09-13,Lake,033,64148,464,397,0,397,4
2020-09-13,Lassen,035,31185,731,719,2,721,0
2020-09-13,Los Angeles,037,10098052,256988,253950,1671,255621,6203
2020-09-13,Madera,039,155013,4301,4090,27,4117,45
2020-09-13,Marin,041,260295,6496,6395,15,6410,70
2020-09-13,Mariposa,043,17540,75,74,0,74,2
2020-09-13,Mendocino,045,87422,761,707,0,707,17
2020-09-13,Merced,047,269075,8659,8575,12,8587,112
2020-09-13,Modoc,049,8938,26,21,0,21,0
2020-09-13,Mono,051,14174,165,147,1,148,1
2020-09-13,Monterey,053,433212,9220,8826,21,8847,61
2020-09-13,Napa,055,140530,1616,1563,5,1568,11
2020-09-13,Nevada,057,99092,505,486,13,499,6
2020-09-13,Orange,059,3164182,52652,50061,1360,51421,1075
2020-09-13,Placer,061,380077,3439,3291,12,3303,38
2020-09-13,Plumas,063,18699,48,42,0,42,0
2020-09-13,Riverside,065,2383286,56468,55235,95,55330,1108
2020-09-13,Sacramento,067,1510023,20843,20279,12,20291,367
2020-09-13,San Benito,069,59416,1264,1217,0,1217,7
2020-09-13,San Bernardino,071,2135413,51726,49968,349,50317,895
2020-09-13,San Diego,073,3302833,44282,42681,719,43400,734
2020-09-13,San Francisco,075,870044,10645,10254,23,10277,90
2020-09-13,San Joaquin,077,732212,19599,19110,42,19152,396
2020-09-13,San Luis Obispo,079,281455,3398,3240,16,3256,24
2020-09-13,San Mateo,081,765935,9577,8811,6,8817,127
2020-09-13,Santa Barbara,083,443738,9310,8690,61,8751,104
2020-09-13,Santa Clara,085,1922200,20494,19456,25,19481,245
2020-09-13,Santa Cruz,087,273765,2175,2016,21,2037,7
2020-09-13,Shasta,089,179085,725,583,3,586,10
2020-09-13,Sierra,091,2930,6,6,0,6,0
2020-09-13,Siskiyou,093,43540,151,143,9,152,0
2020-09-13,Solano,095,438530,5996,5810,41,5851,43
2020-09-13,Sonoma,097,501317,6911,6592,19,6611,95
2020-09-13,Stanislaus,099,539301,16093,15759,479,16238,253
2020-09-13,Sutter,101,95872,1595,1539,1,1540,10
2020-09-13,Tehama,103,63373,489,476,2,478,1
2020-09-13,Trinity,105,12862,36,14,5,19,0
2020-09-13,Tulare,107,460477,15544,15098,80,15178,254
2020-09-13,Tuolumne,109,53932,223,208,3,211,1
2020-09-13,Ventura,111,848112,12383,11855,128,11983,123
2020-09-13,Yolo,113,214977,2732,2675,6,2681,53
2020-09-13,Yuba,115,75493,1024,967,4,971,1
2020-09-12,Alameda,001,1643700,20366,19758,156,19914,307
2020-09-12,Alpine,003,1148,3,2,0,2,0
2020-09-12,Amador,005,37829,280,278,0,278,16
2020-09-12,Butte,007,227075,2784,2629,18,2647,37
2020-09-12,Calaveras,009,45235,299,246,0,246,3
2020-09-12,Colusa,011,21464,507,486,0,486,6
2020-09-12,Contra Costa,013,1133247,15969,15135,78,15213,174
2020-09-12,Del Norte,015,27424,126,116,0,116,1
2020-09-12,El Dorado,017,186661,1073,1034,0,1034,2
2020-09-12,Fresno,019,978130,29393,27076,329,27405,345
2020-09-12,Glenn,021,27897,550,517,0,517,3
2020-09-12,Humboldt,023,135768,476,430,1,431,4
2020-09-12,Imperial,025,180216,11555,10305,5,10310,273
2020-09-12,Inyo,027,18085,186,177,0,177,12
2020-09-12,Kern,029,883053,31102,30202,284,30486,368
2020-09-12,Kings,031,150075,7158,6895,37,6932,70
2020-09-12,Lake,033,64148,458,393,0,393,4
2020-09-12,Lassen,035,31185,731,719,2,721,0
2020-09-12,Los Angeles,037,10098052,256429,253156,1650,254806,6193
2020-09-12,Madera,039,155013,4290,4058,27,4085,43
2020-09-12,Marin,041,260295,6487,6393,15,6408,69
2020-09-12,Mariposa,043,17540,75,72,0,72,2
2020-09-12,Mendocino,045,87422,758,700,0,700,17
2020-09-12,Merced,047,269075,8650,8533,12,8545,112
2020-09-12,Modoc,049,8938,25,21,0,21,0
2020-09-12,Mono,051,14174,165,147,1,148,1
2020-09-12,Monterey,053,433212,9184,8743,21,8764,61
2020-09-12,Napa,055,140530,1613,1556,5,1561,11
2020-09-12,Nevada,057,99092,504,482,13,495,6
2020-09-12,Orange,059,3164182,52539,49895,1356,51251,1078
2020-09-12,Placer,061,380077,3422,3280,12,3292,38
2020-09-12,Plumas,063,18699,48,42,0,42,0
2020-09-12,Riverside,065,2383286,56341,55058,90,55148,1108
2020-09-12,Sacramento,067,1510023,20774,20184,12,20196,367
2020-09-12,San Benito,069,59416,1261,1208,0,1208,7
2020-09-12,San Bernardino,071,2135413,51635,49945,347,50292,896
2020-09-12,San Diego,073,3302833,44088,42416,710,43126,747
2020-09-12,San Francisco,075,870044,10600,10257,23,10280,90
2020-09-12,San Joaquin,077,732212,19571,19108,42,19150,396
2020-09-12,San Luis Obispo,079,281455,3372,3220,16,3236,24
2020-09-12,San Mateo,081,765935,9532,8759,6,8765,127
2020-09-12,Santa Barbara,083,443738,9295,8642,61,8703,104
2020-09-12,Santa Clara,085,1922200,20410,19330,25,19355,237
2020-09-12,Santa Cruz,087,273765,2163,2016,21,2037,7
2020-09-12,Shasta,089,179085,713,569,3,572,10
2020-09-12,Sierra,091,2930,6,6,0,6,0
2020-09-12,Siskiyou,093,43540,151,141,9,150,0
2020-09-12,Solano,095,438530,5972,5772,41,5813,43
2020-09-12,Sonoma,097,501317,6887,6531,19,6550,95
2020-09-12,Stanislaus,099,539301,16061,15675,476,16151,253
2020-09-12,Sutter,101,95872,1589,1529,1,1530,10
2020-09-12,Tehama,103,63373,486,471,2,473,1
2020-09-12,Trinity,105,12862,36,15,5,20,0
2020-09-12,Tulare,107,460477,15499,15018,79,15097,254
2020-09-12,Tuolumne,109,53932,223,208,3,211,1
2020-09-12,Ventura,111,848112,12332,11759,126,11885,123
2020-09-12,Yolo,113,214977,2725,2646,6,2652,53
2020-09-12,Yuba,115,75493,1020,963,4,967,1
2020-09-11,Alameda,001,1643700,20311,19625,155,19780,298
2020-09-11,Alpine,003,1148,3,2,0,2,0
2020-09-11,Amador,005,37829,280,277,0,277,16
2020-09-11,Butte,007,227075,2773,2605,18,2623,37
2020-09-11,Calaveras,009,45235,298,242,0,242,1
2020-09-11,Colusa,011,21464,506,484,0,484,6
2020-09-11,Contra Costa,013,1133247,15917,15001,75,15076,173
2020-09-11,Del Norte,015,27424,126,115,0,115,1
2020-09-11,El Dorado,017,186661,1070,1024,0,1024,2
2020-09-11,Fresno,019,978130,29313,26917,328,27245,344
2020-09-11,Glenn,021,27897,545,515,0,515,3
2020-09-11,Humboldt,023,135768,474,426,1,427,4
2020-09-11,Imperial,025,180216,11537,10286,5,10291,273
2020-09-11,Inyo,027,18085,186,176,0,176,12
2020-09-11,Kern,029,883053,31034,30059,283,30342,365
2020-09-11,Kings,031,150075,7141,6770,37,6807,70
2020-09-11,Lake,033,64148,451,382,0,382,4
2020-09-11,Lassen,035,31185,731,719,2,721,0
2020-09-11,Los Angeles,037,10098052,255748,252057,1639,253696,6172
2020-09-11,Madera,039,155013,4271,4018,27,4045,43
2020-09-11,Marin,041,260295,6484,6364,15,6379,69
2020-09-11,Mariposa,043,17540,75,72,0,72,2
2020-09-11,Mendocino,045,87422,747,700,0,700,17
2020-09-11,Merced,047,269075,8629,8489,12,8501,109
2020-09-11,Modoc,049,8938,25,21,0,21,0
2020-09-11,Mono,051,14174,165,145,1,146,1
2020-09-11,Monterey,053,433212,9136,8595,21,8616,61
2020-09-11,Napa,055,140530,1602,1543,5,1548,11
2020-09-11,Nevada,057,99092,497,483,13,496,6
2020-09-11,Orange,059,3164182,52411,49755,1343,51098,1068
2020-09-11,Placer,061,380077,3407,3254,12,3266,37
2020-09-11,Plumas,063,18699,48,42,0,42,0
2020-09-11,Riverside,065,2383286,56208,54717,87,54804,1099
2020-09-11,Sacramento,067,1510023,20689,20012,12,20024,358
2020-09-11,San Benito,069,59416,1251,1202,0,1202,7
2020-09-11,San Bernardino,071,2135413,51535,49682,347,50029,871
2020-09-11,San Diego,073,3302833,43868,41971,704,42675,730
2020-09-11,San Francisco,075,870044,10552,10133,22,10155,89
2020-09-11,San Joaquin,077,732212,19524,19019,42,19061,391
2020-09-11,San Luis Obispo,079,281455,3354,3190,16,3206,24
2020-09-11,San Mateo,081,765935,9490,8611,6,8617,127
2020-09-11,Santa Barbara,083,443738,9261,8592,60,8652,103
2020-09-11,Santa Clara,085,1922200,20321,19065,25,19090,234
2020-09-11,Santa Cruz,087,273765,2146,1997,21,2018,7
2020-09-11,Shasta,089,179085,703,568,3,571,10
2020-09-11,Sierra,091,2930,6,6,0,6,0
2020-09-11,Siskiyou,093,43540,150,139,9,148,0
2020-09-11,Solano,095,438530,5955,5742,41,5783,42
2020-09-11,Sonoma,097,501317,6842,6469,19,6488,91
2020-09-11,Stanislaus,099,539301,16023,15613,473,16086,253
2020-09-11,Sutter,101,95872,1579,1505,1,1506,11
2020-09-11,Tehama,103,63373,483,466,2,468,1
2020-09-11,Trinity,105,12862,36,16,5,21,0
2020-09-11,Tulare,107,460477,15468,14932,77,15009,251
2020-09-11,Tuolumne,109,53932,223,208,3,211,1
2020-09-11,Ventura,111,848112,12278,11700,124,11824,123
2020-09-11,Yolo,113,214977,2714,2632,6,2638,53
2020-09-11,Yuba,115,75493,1012,946,4,950,1
2020-09-10,Alameda,001,1643700,20237,19509,155,19664,292
2020-09-10,Alpine,003,1148,3,2,0,2,0
2020-09-10,Amador,005,37829,279,277,0,277,16
2020-09-10,Butte,007,227075,2756,2590,18,2608,37
2020-09-10,Calaveras,009,45235,298,244,0,244,1
2020-09-10,Colusa,011,21464,504,482,0,482,6
2020-09-10,Contra Costa,013,1133247,15847,14909,75,14984,172
2020-09-10,Del Norte,015,27424,125,112,0,112,1
2020-09-10,El Dorado,017,186661,1067,1020,0,1020,2
2020-09-10,Fresno,019,978130,29192,26783,328,27111,338
2020-09-10,Glenn,021,27897,535,511,0,511,3
2020-09-10,Humboldt,023,135768,463,422,1,423,4
2020-09-10,Imperial,025,180216,11521,10251,5,10256,270
2020-09-10,Inyo,027,18085,185,176,0,176,11
2020-09-10,Kern,029,883053,30951,29988,279,30267,363
2020-09-10,Kings,031,150075,7111,6739,37,6776,70
2020-09-10,Lake,033,64148,444,377,0,377,4
2020-09-10,Lassen,035,31185,730,716,2,718,0
2020-09-10,Los Angeles,037,10098052,254768,251003,1617,252620,6132
2020-09-10,Madera,039,155013,4253,3979,27,4006,43
2020-09-10,Marin,041,260295,6473,6344,15,6359,68
2020-09-10,Mariposa,043,17540,75,72,0,72,2
2020-09-10,Mendocino,045,87422,737,697,0,697,16
2020-09-10,Merced,047,269075,8583,8461,12,8473,109
2020-09-10,Modoc,049,8938,25,21,0,21,0
2020-09-10,Mono,051,14174,165,145,1,146,1
2020-09-10,Monterey,053,433212,9066,8570,21,8591,59
2020-09-10,Napa,055,140530,1596,1536,5,1541,11
2020-09-10,Nevada,057,99092,493,478,13,491,6
2020-09-10,Orange,059,3164182,52248,49617,1336,50953,1057
2020-09-10,Placer,061,380077,3388,3233,12,3245,37
2020-09-10,Plumas,063,18699,48,42,0,42,0
2020-09-10,Riverside,065,2383286,55890,54417,84,54501,1091
2020-09-10,Sacramento,067,1510023,20567,19618,11,19629,354
2020-09-10,San Benito,069,59416,1245,1201,0,1201,5
2020-09-10,San Bernardino,071,2135413,51346,49467,345,49812,867
2020-09-10,San Diego,073,3302833,43602,41610,677,42287,725
2020-09-10,San Francisco,075,870044,10475,10082,22,10104,89
2020-09-10,San Joaquin,077,732212,19471,18854,42,18896,389
2020-09-10,San Luis Obispo,079,281455,3341,3161,16,3177,24
2020-09-10,San Mateo,081,765935,9444,8529,6,8535,125
2020-09-10,Santa Barbara,083,443738,9217,8552,60,8612,100
2020-09-10,Santa Clara,085,1922200,20207,18870,25,18895,231
2020-09-10,Santa Cruz,087,273765,2131,1986,19,2005,7
2020-09-10,Shasta,089,179085,692,566,3,569,10
2020-09-10,Sierra,091,2930,6,6,0,6,0
2020-09-10,Siskiyou,093,43540,150,137,9,146,0
2020-09-10,Solano,095,438530,5915,5696,41,5737,42
2020-09-10,Sonoma,097,501317,6793,6424,19,6443,91
2020-09-10,Stanislaus,099,539301,15969,15509,468,15977,243
2020-09-10,Sutter,101,95872,1567,1494,1,1495,11
2020-09-10,Tehama,103,63373,476,466,2,468,1
2020-09-10,Trinity,105,12862,36,15,5,20,0
2020-09-10,Tulare,107,460477,15413,14860,74,14934,250
2020-09-10,Tuolumne,109,53932,222,205,3,208,1
2020-09-10,Ventura,111,848112,12184,11600,117,11717,122
2020-09-10,Yolo,113,214977,2709,2612,6,2618,53
2020-09-10,Yuba,115,75493,1006,941,4,945,1
2020-09-09,Alameda,001,1643700,20158,19399,154,19553,289
2020-09-09,Alpine,003,1148,3,2,0,2,0
2020-09-09,Amador,005,37829,278,276,0,276,16
2020-09-09,Butte,007,227075,2739,2561,18,2579,37
2020-09-09,Calaveras,009,45235,298,242,0,242,1
2020-09-09,Colusa,011,21464,499,479,0,479,6
2020-09-09,Contra Costa,013,1133247,15761,14816,75,14891,171
2020-09-09,Del Norte,015,27424,121,109,0,109,1
2020-09-09,El Dorado,017,186661,1066,1020,0,1020,2
2020-09-09,Fresno,019,978130,29089,26724,323,27047,329
2020-09-09,Glenn,021,27897,532,508,0,508,3
2020-09-09,Humboldt,023,135768,461,420,1,421,4
2020-09-09,Imperial,025,180216,11500,10233,5,10238,268
2020-09-09,Inyo,027,18085,184,173,0,173,2
2020-09-09,Kern,029,883053,30852,29925,276,30201,355
2020-09-09,Kings,031,150075,7093,6721,37,6758,72
2020-09-09,Lake,033,64148,436,371,0,371,4
2020-09-09,Lassen,035,31185,729,714,2,716,0
2020-09-09,Los Angeles,037,10098052,253885,249876,1598,251474,6091
2020-09-09,Madera,039,155013,4227,3926,27,3953,43
2020-09-09,Marin,041,260295,6454,6321,15,6336,68
2020-09-09,Mariposa,043,17540,74,72,0,72,2
2020-09-09,Mendocino,045,87422,729,695,0,695,16
2020-09-09,Merced,047,269075,8557,8441,12,8453,107
2020-09-09,Modoc,049,8938,24,20,0,20,0
2020-09-09,Mono,051,14174,165,145,1,146,1
2020-09-09,Monterey,053,433212,8994,8527,21,8548,59
2020-09-09,Napa,055,140530,1586,1531,5,1536,11
2020-09-09,Nevada,057,99092,489,476,13,489,6
2020-09-09,Orange,059,3164182,52069,49394,1328,50722,1054
2020-09-09,Placer,061,380077,3368,3222,12,3234,36
2020-09-09,Plumas,063,18699,46,42,0,42,0
2020-09-09,Riverside,065,2383286,55661,54320,81,54401,1081
2020-09-09,Sacramento,067,1510023,20461,19474,11,19485,347
2020-09-09,San Benito,069,59416,1241,1199,0,1199,5
2020-09-09,San Bernardino,071,2135413,51148,49264,344,49608,866
2020-09-09,San Diego,073,3302833,43313,41326,665,41991,721
2020-09-09,San Francisco,075,870044,10425,9996,21,10017,86
2020-09-09,San Joaquin,077,732212,19407,18799,41,18840,388
2020-09-09,San Luis Obispo,079,281455,3323,3131,16,3147,24
2020-09-09,San Mateo,081,765935,9383,8478,6,8484,125
2020-09-09,Santa Barbara,083,443738,9174,8528,60,8588,97
2020-09-09,Santa Clara,085,1922200,20075,18759,25,18784,228
2020-09-09,Santa Cruz,087,273765,2108,1967,19,1986,7
2020-09-09,Shasta,089,179085,680,562,3,565,10
2020-09-09,Sierra,091,2930,6,6,0,6,0
2020-09-09,Siskiyou,093,43540,148,137,9,146,0
2020-09-09,Solano,095,438530,5883,5680,41,5721,36
2020-09-09,Sonoma,097,501317,6726,6397,19,6416,92
2020-09-09,Stanislaus,099,539301,15931,15469,455,15924,243
2020-09-09,Sutter,101,95872,1559,1487,1,1488,11
2020-09-09,Tehama,103,63373,473,462,2,464,1
2020-09-09,Trinity,105,12862,36,14,5,19,0
2020-09-09,Tulare,107,460477,15364,14787,69,14856,249
2020-09-09,Tuolumne,109,53932,221,204,3,207,1
2020-09-09,Ventura,111,848112,12096,11497,114,11611,121
2020-09-09,Yolo,113,214977,2698,2604,6,2610,53
2020-09-09,Yuba,115,75493,1001,936,4,940,1
2020-09-08,Alameda,001,1643700,20050,19293,154,19447,288
2020-09-08,Alpine,003,1148,3,2,0,2,0
2020-09-08,Amador,005,37829,278,276,0,276,16
2020-09-08,Butte,007,227075,2721,2453,18,2471,36
2020-09-08,Calaveras,009,45235,296,233,0,233,1
2020-09-08,Colusa,011,21464,497,475,0,475,6
2020-09-08,Contra Costa,013,1133247,15633,14740,72,14812,171
2020-09-08,Del Norte,015,27424,121,109,0,109,2
2020-09-08,El Dorado,017,186661,1063,1011,0,1011,2
2020-09-08,Fresno,019,978130,28970,26640,319,26959,329
2020-09-08,Glenn,021,27897,528,492,0,492,3
2020-09-08,Humboldt,023,135768,459,420,1,421,4
2020-09-08,Imperial,025,180216,11484,10198,5,10203,267
2020-09-08,Inyo,027,18085,184,169,0,169,2
2020-09-08,Kern,029,883053,30766,29850,274,30124,351
2020-09-08,Kings,031,150075,7055,6658,37,6695,72
2020-09-08,Lake,033,64148,426,370,0,370,4
2020-09-08,Lassen,035,31185,729,710,2,712,0
2020-09-08,Los Angeles,037,10098052,252950,249217,1570,250787,6034
2020-09-08,Madera,039,155013,4203,3904,27,3931,43
2020-09-08,Marin,041,260295,6423,6313,15,6328,68
2020-09-08,Mariposa,043,17540,74,72,0,72,2
2020-09-08,Mendocino,045,87422,722,690,0,690,16
2020-09-08,Merced,047,269075,8534,8381,12,8393,104
2020-09-08,Modoc,049,8938,24,20,0,20,0
2020-09-08,Mono,051,14174,165,145,1,146,1
2020-09-08,Monterey,053,433212,8909,8491,21,8512,59
2020-09-08,Napa,055,140530,1582,1518,5,1523,11
2020-09-08,Nevada,057,99092,489,470,13,483,6
2020-09-08,Orange,059,3164182,51928,49214,1324,50538,1044
2020-09-08,Placer,061,380077,3354,3205,12,3217,36
2020-09-08,Plumas,063,18699,46,42,0,42,0
2020-09-08,Riverside,065,2383286,55448,54168,78,54246,1069
2020-09-08,Sacramento,067,1510023,20226,19411,11,19422,347
2020-09-08,San Benito,069,59416,1234,1188,0,1188,5
2020-09-08,San Bernardino,071,2135413,50959,49034,343,49377,856
2020-09-08,San Diego,073,3302833,42997,41079,653,41732,709
2020-09-08,San Francisco,075,870044,10352,9821,21,9842,86
2020-09-08,San Joaquin,077,732212,19329,18550,41,18591,388
2020-09-08,San Luis Obispo,079,281455,3309,3120,16,3136,23
2020-09-08,San Mateo,081,765935,9307,8460,6,8466,125
2020-09-08,Santa Barbara,083,443738,9140,8488,59,8547,96
2020-09-08,Santa Clara,085,1922200,19898,18645,25,18670,228
2020-09-08,Santa Cruz,087,273765,2080,1903,19,1922,7
2020-09-08,Shasta,089,179085,672,556,3,559,10
2020-09-08,Sierra,091,2930,6,6,0,6,0
2020-09-08,Siskiyou,093,43540,146,136,9,145,0
2020-09-08,Solano,095,438530,5846,5654,41,5695,36
2020-09-08,Sonoma,097,501317,6657,6356,19,6375,92
2020-09-08,Stanislaus,099,539301,15867,15415,443,15858,238
2020-09-08,Sutter,101,95872,1544,1473,1,1474,11
2020-09-08,Tehama,103,63373,469,458,2,460,1
2020-09-08,Trinity,105,12862,35,13,5,18,0
2020-09-08,Tulare,107,460477,15284,14635,68,14703,249
2020-09-08,Tuolumne,109,53932,220,197,3,200,1
2020-09-08,Ventura,111,848112,12028,11475,111,11586,118
2020-09-08,Yolo,113,214977,2688,2580,6,2586,53
2020-09-08,Yuba,115,75493,989,923,4,927,1
2020-09-07,Alameda,001,1643700,19928,19188,149,19337,281
2020-09-07,Alpine,003,1148,3,2,0,2,0
2020-09-07,Amador,005,37829,278,276,0,276,16
2020-09-07,Butte,007,227075,2688,2450,17,2467,30
2020-09-07,Calaveras,009,45235,286,234,0,234,1
2020-09-07,Colusa,011,21464,496,475,0,475,6
2020-09-07,Contra Costa,013,1133247,15520,14637,69,14706,172
2020-09-07,Del Norte,015,27424,121,109,0,109,2
2020-09-07,El Dorado,017,186661,1052,1011,0,1011,2
2020-09-07,Fresno,019,978130,28876,26565,316,26881,329
2020-09-07,Glenn,021,27897,523,488,0,488,3
2020-09-07,Humboldt,023,135768,450,416,1,417,4
2020-09-07,Imperial,025,180216,11453,10199,5,10204,267
2020-09-07,Inyo,027,18085,184,169,0,169,2
2020-09-07,Kern,029,883053,30645,29790,269,30059,348
2020-09-07,Kings,031,150075,6931,6630,37,6667,72
2020-09-07,Lake,033,64148,403,367,0,367,2
2020-09-07,Lassen,035,31185,729,709,2,711,0
2020-09-07,Los Angeles,037,10098052,251904,248804,1548,250352,6030
2020-09-07,Madera,039,155013,4172,3889,27,3916,43
2020-09-07,Marin,041,260295,6393,6296,15,6311,67
2020-09-07,Mariposa,043,17540,74,72,0,72,2
2020-09-07,Mendocino,045,87422,714,687,0,687,16
2020-09-07,Merced,047,269075,8487,8381,12,8393,104
2020-09-07,Modoc,049,8938,23,20,0,20,0
2020-09-07,Mono,051,14174,165,145,1,146,1
2020-09-07,Monterey,053,433212,8830,8463,21,8484,57
2020-09-07,Napa,055,140530,1570,1514,5,1519,11
2020-09-07,Nevada,057,99092,487,469,13,482,6
2020-09-07,Orange,059,3164182,51757,49132,1320,50452,1042
2020-09-07,Placer,061,380077,3323,3188,11,3199,36
2020-09-07,Plumas,063,18699,45,42,0,42,0
2020-09-07,Riverside,065,2383286,55173,54178,72,54250,1069
2020-09-07,Sacramento,067,1510023,19983,19292,11,19303,345
2020-09-07,San Benito,069,59416,1228,1180,0,1180,4
2020-09-07,San Bernardino,071,2135413,50733,49043,341,49384,821
2020-09-07,San Diego,073,3302833,42597,40868,626,41494,708
2020-09-07,San Francisco,075,870044,10302,9813,20,9833,85
2020-09-07,San Joaquin,077,732212,19248,18552,39,18591,386
2020-09-07,San Luis Obispo,079,281455,3272,3116,16,3132,23
2020-09-07,San Mateo,081,765935,9225,8409,6,8415,125
2020-09-07,Santa Barbara,083,443738,9098,8479,59,8538,95
2020-09-07,Santa Clara,085,1922200,19740,18596,24,18620,226
2020-09-07,Santa Cruz,087,273765,2052,1902,19,1921,7
2020-09-07,Shasta,089,179085,662,556,3,559,10
2020-09-07,Sierra,091,2930,6,6,0,6,0
2020-09-07,Siskiyou,093,43540,145,133,9,142,0
2020-09-07,Solano,095,438530,5781,5640,41,5681,36
2020-09-07,Sonoma,097,501317,6590,6268,19,6287,85
2020-09-07,Stanislaus,099,539301,15802,15343,430,15773,236
2020-09-07,Sutter,101,95872,1527,1468,1,1469,11
2020-09-07,Tehama,103,63373,466,453,2,455,1
2020-09-07,Trinity,105,12862,35,13,5,18,0
2020-09-07,Tulare,107,460477,15178,14637,66,14703,249
2020-09-07,Tuolumne,109,53932,219,196,3,199,1
2020-09-07,Ventura,111,848112,11935,11463,109,11572,118
2020-09-07,Yolo,113,214977,2671,2565,5,2570,53
2020-09-07,Yuba,115,75493,973,923,3,926,1
2020-09-06,Alameda,001,1643700,19870,19029,147,19176,281
2020-09-06,Alpine,003,1148,3,2,0,2,0
2020-09-06,Amador,005,37829,276,275,0,275,16
2020-09-06,Butte,007,227075,2679,2446,17,2463,30
2020-09-06,Calaveras,009,45235,286,235,0,235,1
2020-09-06,Colusa,011,21464,492,475,0,475,6
2020-09-06,Contra Costa,013,1133247,15440,14565,68,14633,171
2020-09-06,Del Norte,015,27424,121,109,0,109,2
2020-09-06,El Dorado,017,186661,1050,1008,0,1008,2
2020-09-06,Fresno,019,978130,28812,26471,314,26785,329
2020-09-06,Glenn,021,27897,517,474,0,474,3
2020-09-06,Humboldt,023,135768,447,404,1,405,4
2020-09-06,Imperial,025,180216,11436,10152,5,10157,267
2020-09-06,Inyo,027,18085,184,169,0,169,2
2020-09-06,Kern,029,883053,30590,29699,265,29964,348
2020-09-06,Kings,031,150075,6911,6561,36,6597,72
2020-09-06,Lake,033,64148,400,362,0,362,2
2020-09-06,Lassen,035,31185,729,709,2,711,0
2020-09-06,Los Angeles,037,10098052,251276,248316,1532,249848,6004
2020-09-06,Madera,039,155013,4128,3867,27,3894,42
2020-09-06,Marin,041,260295,6381,6276,15,6291,67
2020-09-06,Mariposa,043,17540,74,72,0,72,2
2020-09-06,Mendocino,045,87422,713,672,0,672,16
2020-09-06,Merced,047,269075,8467,8327,12,8339,104
2020-09-06,Modoc,049,8938,23,20,0,20,0
2020-09-06,Mono,051,14174,164,145,1,146,1
2020-09-06,Monterey,053,433212,8791,8403,20,8423,56
2020-09-06,Napa,055,140530,1566,1501,3,1504,11
2020-09-06,Nevada,057,99092,487,467,13,480,6
2020-09-06,Orange,059,3164182,51644,48931,1315,50246,1042
2020-09-06,Placer,061,380077,3306,3169,11,3180,36
2020-09-06,Plumas,063,18699,44,42,0,42,0
2020-09-06,Riverside,065,2383286,55057,53970,70,54040,1069
2020-09-06,Sacramento,067,1510023,19888,19128,11,19139,340
2020-09-06,San Benito,069,59416,1226,1178,0,1178,4
2020-09-06,San Bernardino,071,2135413,50624,48923,341,49264,823
2020-09-06,San Diego,073,3302833,42349,40652,620,41272,707
2020-09-06,San Francisco,075,870044,10228,9813,20,9833,85
2020-09-06,San Joaquin,077,732212,19199,18558,39,18597,386
2020-09-06,San Luis Obispo,079,281455,3261,3101,16,3117,23
2020-09-06,San Mateo,081,765935,9172,8387,6,8393,125
2020-09-06,Santa Barbara,083,443738,9069,8434,59,8493,95
2020-09-06,Santa Clara,085,1922200,19639,18495,24,18519,207
2020-09-06,Santa Cruz,087,273765,2045,1902,19,1921,7
2020-09-06,Shasta,089,179085,656,550,3,553,10
2020-09-06,Sierra,091,2930,6,6,0,6,0
2020-09-06,Siskiyou,093,43540,145,132,9,141,0
2020-09-06,Solano,095,438530,5755,5619,41,5660,37
2020-09-06,Sonoma,097,501317,6561,6212,19,6231,85
2020-09-06,Stanislaus,099,539301,15759,15288,425,15713,236
2020-09-06,Sutter,101,95872,1514,1451,1,1452,11
2020-09-06,Tehama,103,63373,465,455,2,457,1
2020-09-06,Trinity,105,12862,34,13,5,18,0
2020-09-06,Tulare,107,460477,15135,14636,65,14701,249
2020-09-06,Tuolumne,109,53932,216,194,3,197,1
2020-09-06,Ventura,111,848112,11893,11315,108,11423,118
2020-09-06,Yolo,113,214977,2658,2556,5,2561,53
2020-09-06,Yuba,115,75493,965,913,3,916,1
2020-09-05,Alameda,001,1643700,19823,18973,145,19118,279
2020-09-05,Alpine,003,1148,3,2,0,2,0
2020-09-05,Amador,005,37829,276,274,0,274,16
2020-09-05,Butte,007,227075,2663,2406,16,2422,30
2020-09-05,Calaveras,009,45235,286,237,0,237,1
2020-09-05,Colusa,011,21464,488,472,0,472,6
2020-09-05,Contra Costa,013,1133247,15363,14456,66,14522,173
2020-09-05,Del Norte,015,27424,121,109,0,109,2
2020-09-05,El Dorado,017,186661,1050,1007,0,1007,2
2020-09-05,Fresno,019,978130,28744,26325,314,26639,331
2020-09-05,Glenn,021,27897,516,474,0,474,3
2020-09-05,Humboldt,023,135768,445,402,1,403,4
2020-09-05,Imperial,025,180216,11419,10151,5,10156,268
2020-09-05,Inyo,027,18085,184,169,0,169,2
2020-09-05,Kern,029,883053,30530,29645,261,29906,347
2020-09-05,Kings,031,150075,6902,6518,36,6554,66
2020-09-05,Lake,033,64148,397,359,0,359,2
2020-09-05,Lassen,035,31185,729,709,2,711,0
2020-09-05,Los Angeles,037,10098052,250742,247572,1519,249091,6001
2020-09-05,Madera,039,155013,4087,3851,27,3878,42
2020-09-05,Marin,041,260295,6374,6259,15,6274,66
2020-09-05,Mariposa,043,17540,74,72,0,72,2
2020-09-05,Mendocino,045,87422,712,658,0,658,16
2020-09-05,Merced,047,269075,8435,8297,10,8307,104
2020-09-05,Modoc,049,8938,23,19,0,19,0
2020-09-05,Mono,051,14174,164,145,1,146,1
2020-09-05,Monterey,053,433212,8761,8301,20,8321,56
2020-09-05,Napa,055,140530,1560,1484,3,1487,11
2020-09-05,Nevada,057,99092,484,461,13,474,6
2020-09-05,Orange,059,3164182,51542,48726,1310,50036,1039
2020-09-05,Placer,061,380077,3296,3141,11,3152,35
2020-09-05,Plumas,063,18699,44,42,0,42,0
2020-09-05,Riverside,065,2383286,54952,53780,70,53850,1066
2020-09-05,Sacramento,067,1510023,19798,18955,11,18966,339
2020-09-05,San Benito,069,59416,1224,1153,0,1153,4
2020-09-05,San Bernardino,071,2135413,50549,48800,340,49140,825
2020-09-05,San Diego,073,3302833,42157,40344,608,40952,717
2020-09-05,San Francisco,075,870044,10195,9812,19,9831,85
2020-09-05,San Joaquin,077,732212,19171,18557,39,18596,386
2020-09-05,San Luis Obispo,079,281455,3251,3083,16,3099,23
2020-09-05,San Mateo,081,765935,9127,8352,6,8358,124
2020-09-05,Santa Barbara,083,443738,9052,8404,59,8463,96
2020-09-05,Santa Clara,085,1922200,19554,18311,24,18335,207
2020-09-05,Santa Cruz,087,273765,2037,1904,19,1923,7
2020-09-05,Shasta,089,179085,655,544,3,547,10
2020-09-05,Sierra,091,2930,6,6,0,6,0
2020-09-05,Siskiyou,093,43540,144,131,9,140,0
2020-09-05,Solano,095,438530,5743,5579,41,5620,37
2020-09-05,Sonoma,097,501317,6528,6149,19,6168,85
2020-09-05,Stanislaus,099,539301,15711,15198,421,15619,236
2020-09-05,Sutter,101,95872,1507,1445,1,1446,11
2020-09-05,Tehama,103,63373,464,447,2,449,1
2020-09-05,Trinity,105,12862,34,13,5,18,0
2020-09-05,Tulare,107,460477,15079,14576,63,14639,249
2020-09-05,Tuolumne,109,53932,216,194,3,197,1
2020-09-05,Ventura,111,848112,11851,11254,108,11362,118
2020-09-05,Yolo,113,214977,2648,2534,5,2539,53
2020-09-05,Yuba,115,75493,959,902,3,905,1
2020-09-04,Alameda,001,1643700,19755,18843,143,18986,276
2020-09-04,Alpine,003,1148,3,2,0,2,0
2020-09-04,Amador,005,37829,275,274,0,274,16
2020-09-04,Butte,007,227075,2640,2325,16,2341,28
2020-09-04,Calaveras,009,45235,284,237,0,237,1
2020-09-04,Colusa,011,21464,486,467,0,467,6
2020-09-04,Contra Costa,013,1133247,15283,14355,65,14420,164
2020-09-04,Del Norte,015,27424,121,109,0,109,2
2020-09-04,El Dorado,017,186661,1046,992,0,992,2
2020-09-04,Fresno,019,978130,28639,26147,313,26460,321
2020-09-04,Glenn,021,27897,508,463,0,463,3
2020-09-04,Humboldt,023,135768,440,390,1,391,4
2020-09-04,Imperial,025,180216,11410,10136,5,10141,267
2020-09-04,Inyo,027,18085,184,169,0,169,2
2020-09-04,Kern,029,883053,30462,29526,258,29784,345
2020-09-04,Kings,031,150075,6889,6259,36,6295,66
2020-09-04,Lake,033,64148,397,347,0,347,2
2020-09-04,Lassen,035,31185,729,708,2,710,0
2020-09-04,Los Angeles,037,10098052,250170,246396,1498,247894,5977
2020-09-04,Madera,039,155013,4074,3838,27,3865,42
2020-09-04,Marin,041,260295,6362,6251,15,6266,66
2020-09-04,Mariposa,043,17540,74,72,0,72,2
2020-09-04,Mendocino,045,87422,710,646,0,646,16
2020-09-04,Merced,047,269075,8415,8214,10,8224,104
2020-09-04,Modoc,049,8938,23,15,0,15,0
2020-09-04,Mono,051,14174,164,145,1,146,1
2020-09-04,Monterey,053,433212,8716,8208,20,8228,56
2020-09-04,Napa,055,140530,1551,1475,3,1478,11
2020-09-04,Nevada,057,99092,481,455,13,468,6
2020-09-04,Orange,059,3164182,51418,48488,1303,49791,1031
2020-09-04,Placer,061,380077,3284,3101,11,3112,35
2020-09-04,Plumas,063,18699,44,42,0,42,0
2020-09-04,Riverside,065,2383286,54839,53606,65,53671,1066
2020-09-04,Sacramento,067,1510023,19710,18765,11,18776,337
2020-09-04,San Benito,069,59416,1215,1137,0,1137,4
2020-09-04,San Bernardino,071,2135413,50457,48497,338,48835,800
2020-09-04,San Diego,073,3302833,41927,39901,599,40500,701
2020-09-04,San Francisco,075,870044,10155,9694,18,9712,85
2020-09-04,San Joaquin,077,732212,19117,18438,39,18477,376
2020-09-04,San Luis Obispo,079,281455,3236,3049,15,3064,21
2020-09-04,San Mateo,081,765935,9083,8275,6,8281,122
2020-09-04,Santa Barbara,083,443738,9021,8340,59,8399,96
2020-09-04,Santa Clara,085,1922200,19446,18074,24,18098,209
2020-09-04,Santa Cruz,087,273765,2020,1896,18,1914,7
2020-09-04,Shasta,089,179085,652,536,3,539,10
2020-09-04,Sierra,091,2930,6,6,0,6,0
2020-09-04,Siskiyou,093,43540,144,129,9,138,0
2020-09-04,Solano,095,438530,5730,5552,41,5593,37
2020-09-04,Sonoma,097,501317,6463,6050,19,6069,85
2020-09-04,Stanislaus,099,539301,15676,15074,412,15486,233
2020-09-04,Sutter,101,95872,1491,1425,1,1426,11
2020-09-04,Tehama,103,63373,460,442,2,444,1
2020-09-04,Trinity,105,12862,34,13,5,18,0
2020-09-04,Tulare,107,460477,15051,14501,59,14560,247
2020-09-04,Tuolumne,109,53932,216,193,3,196,1
2020-09-04,Ventura,111,848112,11809,11171,108,11279,114
2020-09-04,Yolo,113,214977,2634,2495,5,2500,53
2020-09-04,Yuba,115,75493,954,884,3,887,1
2020-09-03,Alameda,001,1643700,19652,18687,143,18830,275
2020-09-03,Alpine,003,1148,3,2,0,2,0
2020-09-03,Amador,005,37829,275,274,0,274,16
2020-09-03,Butte,007,227075,2595,2274,16,2290,27
2020-09-03,Calaveras,009,45235,283,238,0,238,1
2020-09-03,Colusa,011,21464,484,464,0,464,6
2020-09-03,Contra Costa,013,1133247,15176,14206,62,14268,159
2020-09-03,Del Norte,015,27424,118,109,0,109,2
2020-09-03,El Dorado,017,186661,1042,983,0,983,2
2020-09-03,Fresno,019,978130,28521,25978,307,26285,313
2020-09-03,Glenn,021,27897,504,460,0,460,3
2020-09-03,Humboldt,023,135768,435,390,1,391,4
2020-09-03,Imperial,025,180216,11390,10083,5,10088,255
2020-09-03,Inyo,027,18085,182,171,0,171,3
2020-09-03,Kern,029,883053,30370,29426,243,29669,340
2020-09-03,Kings,031,150075,6809,6200,36,6236,64
2020-09-03,Lake,033,64148,388,347,0,347,2
2020-09-03,Lassen,035,31185,729,707,2,709,0
2020-09-03,Los Angeles,037,10098052,249294,245026,1476,246502,5931
2020-09-03,Madera,039,155013,4055,3780,27,3807,43
2020-09-03,Marin,041,260295,6343,6175,15,6190,66
2020-09-03,Mariposa,043,17540,74,71,0,71,2
2020-09-03,Mendocino,045,87422,701,638,0,638,16
2020-09-03,Merced,047,269075,8373,8136,10,8146,105
2020-09-03,Modoc,049,8938,23,14,0,14,0
2020-09-03,Mono,051,14174,163,144,1,145,1
2020-09-03,Monterey,053,433212,8662,8128,20,8148,56
2020-09-03,Napa,055,140530,1544,1466,3,1469,10
2020-09-03,Nevada,057,99092,478,453,13,466,6
2020-09-03,Orange,059,3164182,51231,48226,1287,49513,1009
2020-09-03,Placer,061,380077,3266,3069,11,3080,34
2020-09-03,Plumas,063,18699,44,39,0,39,0
2020-09-03,Riverside,065,2383286,54659,53341,61,53402,1052
2020-09-03,Sacramento,067,1510023,19582,18553,10,18563,328
2020-09-03,San Benito,069,59416,1204,1121,0,1121,4
2020-09-03,San Bernardino,071,2135413,50292,48165,337,48502,800
2020-09-03,San Diego,073,3302833,41613,39448,583,40031,700
2020-09-03,San Francisco,075,870044,10089,9636,16,9652,84
2020-09-03,San Joaquin,077,732212,19040,18331,39,18370,371
2020-09-03,San Luis Obispo,079,281455,3219,3023,15,3038,21
2020-09-03,San Mateo,081,765935,9009,8211,6,8217,122
2020-09-03,Santa Barbara,083,443738,8974,8277,59,8336,96
2020-09-03,Santa Clara,085,1922200,19267,17879,24,17903,208
2020-09-03,Santa Cruz,087,273765,2005,1870,18,1888,7
2020-09-03,Shasta,089,179085,647,535,3,538,10
2020-09-03,Sierra,091,2930,6,6,0,6,0
2020-09-03,Siskiyou,093,43540,144,128,9,137,0
2020-09-03,Solano,095,438530,5710,5499,40,5539,36
2020-09-03,Sonoma,097,501317,6401,5997,19,6016,62
2020-09-03,Stanislaus,099,539301,15624,14985,408,15393,217
2020-09-03,Sutter,101,95872,1481,1412,1,1413,11
2020-09-03,Tehama,103,63373,456,436,2,438,1
2020-09-03,Trinity,105,12862,32,13,5,18,0
2020-09-03,Tulare,107,460477,14985,14408,58,14466,244
2020-09-03,Tuolumne,109,53932,216,193,3,196,1
2020-09-03,Ventura,111,848112,11691,11109,105,11214,112
2020-09-03,Yolo,113,214977,2618,2475,5,2480,53
2020-09-03,Yuba,115,75493,947,867,3,870,1
2020-09-02,Alameda,001,1643700,19532,18522,140,18662,260
2020-09-02,Alpine,003,1148,3,2,0,2,0
2020-09-02,Amador,005,37829,275,245,0,245,14
2020-09-02,Butte,007,227075,2549,2241,16,2257,27
2020-09-02,Calaveras,009,45235,282,235,0,235,1
2020-09-02,Colusa,011,21464,480,460,0,460,6
2020-09-02,Contra Costa,013,1133247,15088,14097,59,14156,159
2020-09-02,Del Norte,015,27424,117,109,0,109,2
2020-09-02,El Dorado,017,186661,1038,975,0,975,2
2020-09-02,Fresno,019,978130,28374,25785,304,26089,292
2020-09-02,Glenn,021,27897,499,457,0,457,3
2020-09-02,Humboldt,023,135768,432,381,1,382,4
2020-09-02,Imperial,025,180216,11374,9832,5,9837,255
2020-09-02,Inyo,027,18085,182,171,0,171,3
2020-09-02,Kern,029,883053,30278,29288,237,29525,335
2020-09-02,Kings,031,150075,6724,6142,36,6178,64
2020-09-02,Lake,033,64148,384,342,0,342,2
2020-09-02,Lassen,035,31185,727,706,2,708,0
2020-09-02,Los Angeles,037,10098052,248351,243999,1449,245448,5887
2020-09-02,Madera,039,155013,4035,3735,27,3762,41
2020-09-02,Marin,041,260295,6328,6131,15,6146,66
2020-09-02,Mariposa,043,17540,74,71,0,71,2
2020-09-02,Mendocino,045,87422,691,636,0,636,15
2020-09-02,Merced,047,269075,8342,8097,9,8106,103
2020-09-02,Modoc,049,8938,22,11,0,11,0
2020-09-02,Mono,051,14174,163,145,1,146,1
2020-09-02,Monterey,053,433212,8598,8070,20,8090,56
2020-09-02,Napa,055,140530,1532,1454,3,1457,10
2020-09-02,Nevada,057,99092,472,452,12,464,6
2020-09-02,Orange,059,3164182,51049,47871,1277,49148,994
2020-09-02,Placer,061,380077,3241,3047,10,3057,33
2020-09-02,Plumas,063,18699,44,39,0,39,0
2020-09-02,Riverside,065,2383286,54457,52923,58,52981,1032
2020-09-02,Sacramento,067,1510023,19349,18355,10,18365,316
2020-09-02,San Benito,069,59416,1191,1107,0,1107,4
2020-09-02,San Bernardino,071,2135413,50129,47766,334,48100,794
2020-09-02,San Diego,073,3302833,41293,39123,569,39692,695
2020-09-02,San Francisco,075,870044,10020,9587,16,9603,84
2020-09-02,San Joaquin,077,732212,18959,18194,38,18232,352
2020-09-02,San Luis Obispo,079,281455,3193,3002,14,3016,21
2020-09-02,San Mateo,081,765935,8952,8148,6,8154,122
2020-09-02,Santa Barbara,083,443738,8919,8206,58,8264,94
2020-09-02,Santa Clara,085,1922200,19114,17673,24,17697,206
2020-09-02,Santa Cruz,087,273765,1982,1850,18,1868,7
2020-09-02,Shasta,089,179085,646,531,3,534,10
2020-09-02,Sierra,091,2930,6,6,0,6,0
2020-09-02,Siskiyou,093,43540,143,127,9,136,0
2020-09-02,Solano,095,438530,5682,5463,40,5503,36
2020-09-02,Sonoma,097,501317,6339,5846,19,5865,62
2020-09-02,Stanislaus,099,539301,15554,14854,401,15255,220
2020-09-02,Sutter,101,95872,1466,1401,1,1402,10
2020-09-02,Tehama,103,63373,453,429,2,431,1
2020-09-02,Trinity,105,12862,32,13,5,18,0
2020-09-02,Tulare,107,460477,14918,14298,57,14355,244
2020-09-02,Tuolumne,109,53932,216,190,3,193,1
2020-09-02,Ventura,111,848112,11604,11031,104,11135,111
2020-09-02,Yolo,113,214977,2597,2449,5,2454,54
2020-09-02,Yuba,115,75493,940,856,3,859,1
2020-09-01,Alameda,001,1643700,19392,18382,137,18519,248
2020-09-01,Alpine,003,1148,3,2,0,2,0
2020-09-01,Amador,005,37829,274,244,0,244,13
2020-09-01,Butte,007,227075,2492,2146,16,2162,26
2020-09-01,Calaveras,009,45235,274,228,0,228,1
2020-09-01,Colusa,011,21464,476,454,0,454,6
2020-09-01,Contra Costa,013,1133247,14994,13998,57,14055,158
2020-09-01,Del Norte,015,27424,116,108,0,108,2
2020-09-01,El Dorado,017,186661,1030,972,0,972,2
2020-09-01,Fresno,019,978130,28230,25542,300,25842,290
2020-09-01,Glenn,021,27897,492,449,0,449,3
2020-09-01,Humboldt,023,135768,426,378,1,379,4
2020-09-01,Imperial,025,180216,11348,9782,5,9787,250
2020-09-01,Inyo,027,18085,182,171,0,171,3
2020-09-01,Kern,029,883053,30187,29162,232,29394,332
2020-09-01,Kings,031,150075,6693,6088,36,6124,62
2020-09-01,Lake,033,64148,381,341,0,341,2
2020-09-01,Lassen,035,31185,724,706,2,708,0
2020-09-01,Los Angeles,037,10098052,247244,242633,1422,244055,5832
2020-09-01,Madera,039,155013,4006,3703,26,3729,41
2020-09-01,Marin,041,260295,6313,6102,15,6117,67
2020-09-01,Mariposa,043,17540,73,72,0,72,2
2020-09-01,Mendocino,045,87422,676,626,0,626,15
2020-09-01,Merced,047,269075,8289,8046,8,8054,103
2020-09-01,Modoc,049,8938,20,10,0,10,0
2020-09-01,Mono,051,14174,163,145,1,146,1
2020-09-01,Monterey,053,433212,8490,7926,20,7946,56
2020-09-01,Napa,055,140530,1517,1446,3,1449,10
2020-09-01,Nevada,057,99092,466,450,12,462,6
2020-09-01,Orange,059,3164182,50883,47671,1258,48929,976
2020-09-01,Placer,061,380077,3219,3013,10,3023,33
2020-09-01,Plumas,063,18699,44,39,0,39,0
2020-09-01,Riverside,065,2383286,54238,52785,57,52842,1027
2020-09-01,Sacramento,067,1510023,19165,18217,9,18226,305
2020-09-01,San Benito,069,59416,1179,1089,0,1089,4
2020-09-01,San Bernardino,071,2135413,49922,47371,333,47704,786
2020-09-01,San Diego,073,3302833,40935,38873,531,39404,688
2020-09-01,San Francisco,075,870044,9951,9492,16,9508,83
2020-09-01,San Joaquin,077,732212,18877,17915,37,17952,341
2020-09-01,San Luis Obispo,079,281455,3167,2970,14,2984,21
2020-09-01,San Mateo,081,765935,8872,8132,6,8138,122
2020-09-01,Santa Barbara,083,443738,8869,8142,57,8199,93
2020-09-01,Santa Clara,085,1922200,18937,17319,24,17343,204
2020-09-01,Santa Cruz,087,273765,1958,1752,18,1770,7
2020-09-01,Shasta,089,179085,638,527,3,530,9
2020-09-01,Sierra,091,2930,6,6,0,6,0
2020-09-01,Siskiyou,093,43540,140,128,8,136,0
2020-09-01,Solano,095,438530,5656,5438,40,5478,34
2020-09-01,Sonoma,097,501317,6249,5733,19,5752,60
2020-09-01,Stanislaus,099,539301,15479,14784,391,15175,212
2020-09-01,Sutter,101,95872,1455,1389,1,1390,10
2020-09-01,Tehama,103,63373,449,422,2,424,1
2020-09-01,Trinity,105,12862,32,13,5,18,0
2020-09-01,Tulare,107,460477,14836,14156,57,14213,241
2020-09-01,Tuolumne,109,53932,210,183,3,186,1
2020-09-01,Ventura,111,848112,11529,10899,98,10997,108
2020-09-01,Yolo,113,214977,2581,2440,5,2445,51
2020-09-01,Yuba,115,75493,931,841,3,844,1
2020-08-31,Alameda,001,1643700,19248,18148,137,18285,248
2020-08-31,Alpine,003,1148,3,2,0,2,0
2020-08-31,Amador,005,37829,274,243,0,243,13
2020-08-31,Butte,007,227075,2428,2069,16,2085,26
2020-08-31,Calaveras,009,45235,269,212,0,212,1
2020-08-31,Colusa,011,21464,475,443,0,443,6
2020-08-31,Contra Costa,013,1133247,14867,13902,54,13956,153
2020-08-31,Del Norte,015,27424,116,108,0,108,2
2020-08-31,El Dorado,017,186661,1023,965,0,965,2
2020-08-31,Fresno,019,978130,28010,25185,294,25479,290
2020-08-31,Glenn,021,27897,480,437,0,437,3
2020-08-31,Humboldt,023,135768,424,374,1,375,4
2020-08-31,Imperial,025,180216,11317,9759,5,9764,250
2020-08-31,Inyo,027,18085,181,160,0,160,3
2020-08-31,Kern,029,883053,30089,29067,231,29298,318
2020-08-31,Kings,031,150075,6425,6037,36,6073,62
2020-08-31,Lake,033,64148,365,341,0,341,2
2020-08-31,Lassen,035,31185,721,706,2,708,0
2020-08-31,Los Angeles,037,10098052,246130,241793,1394,243187,5787
2020-08-31,Madera,039,155013,3983,3662,25,3687,35
2020-08-31,Marin,041,260295,6277,6074,15,6089,67
2020-08-31,Mariposa,043,17540,73,69,0,69,2
2020-08-31,Mendocino,045,87422,664,618,0,618,15
2020-08-31,Merced,047,269075,8227,7991,8,7999,79
2020-08-31,Modoc,049,8938,18,10,0,10,0
2020-08-31,Mono,051,14174,163,145,1,146,1
2020-08-31,Monterey,053,433212,8383,7839,20,7859,56
2020-08-31,Napa,055,140530,1509,1434,3,1437,10
2020-08-31,Nevada,057,99092,464,447,12,459,6
2020-08-31,Orange,059,3164182,50685,47392,1229,48621,965
2020-08-31,Placer,061,380077,3170,2989,10,2999,33
2020-08-31,Plumas,063,18699,43,39,0,39,0
2020-08-31,Riverside,065,2383286,54018,52508,55,52563,1020
2020-08-31,Sacramento,067,1510023,18928,17999,9,18008,303
2020-08-31,San Benito,069,59416,1163,1080,0,1080,4
2020-08-31,San Bernardino,071,2135413,49711,47370,332,47702,755
2020-08-31,San Diego,073,3302833,40568,38606,498,39104,682
2020-08-31,San Francisco,075,870044,9872,9293,13,9306,83
2020-08-31,San Joaquin,077,732212,18790,17807,36,17843,338
2020-08-31,San Luis Obispo,079,281455,3144,2951,13,2964,21
2020-08-31,San Mateo,081,765935,8802,8065,6,8071,122
2020-08-31,Santa Barbara,083,443738,8822,8124,57,8181,94
2020-08-31,Santa Clara,085,1922200,18748,17211,24,17235,202
2020-08-31,Santa Cruz,087,273765,1933,1742,18,1760,7
2020-08-31,Shasta,089,179085,633,528,3,531,9
2020-08-31,Sierra,091,2930,6,6,0,6,0
2020-08-31,Siskiyou,093,43540,139,127,8,135,0
2020-08-31,Solano,095,438530,5624,5302,39,5341,34
2020-08-31,Sonoma,097,501317,6174,5650,19,5669,60
2020-08-31,Stanislaus,099,539301,15406,14685,381,15066,213
2020-08-31,Sutter,101,95872,1440,1365,1,1366,10
2020-08-31,Tehama,103,63373,446,421,2,423,1
2020-08-31,Trinity,105,12862,32,13,5,18,0
2020-08-31,Tulare,107,460477,14749,13985,56,14041,237
2020-08-31,Tuolumne,109,53932,210,178,3,181,1
2020-08-31,Ventura,111,848112,11446,10866,97,10963,108
2020-08-31,Yolo,113,214977,2563,2423,5,2428,51
2020-08-31,Yuba,115,75493,917,830,3,833,1
2020-08-30,Alameda,001,1643700,19124,18099,134,18233,248
2020-08-30,Alpine,003,1148,3,2,0,2,0
2020-08-30,Amador,005,37829,273,240,0,240,13
2020-08-30,Butte,007,227075,2348,1988,16,2004,26
2020-08-30,Calaveras,009,45235,260,211,0,211,1
2020-08-30,Colusa,011,21464,474,440,0,440,6
2020-08-30,Contra Costa,013,1133247,14728,13780,54,13834,150
2020-08-30,Del Norte,015,27424,115,108,0,108,2
2020-08-30,El Dorado,017,186661,1013,962,0,962,2
2020-08-30,Fresno,019,978130,27885,24963,293,25256,291
2020-08-30,Glenn,021,27897,473,437,0,437,3
2020-08-30,Humboldt,023,135768,413,362,1,363,4
2020-08-30,Imperial,025,180216,11298,9703,5,9708,250
2020-08-30,Inyo,027,18085,181,160,0,160,3
2020-08-30,Kern,029,883053,29996,28987,231,29218,317
2020-08-30,Kings,031,150075,6379,6000,36,6036,62
2020-08-30,Lake,033,64148,360,334,0,334,2
2020-08-30,Lassen,035,31185,719,706,2,708,0
2020-08-30,Los Angeles,037,10098052,244976,240775,1360,242135,5772
2020-08-30,Madera,039,155013,3954,3626,25,3651,33
2020-08-30,Marin,041,260295,6247,6060,15,6075,66
2020-08-30,Mariposa,043,17540,73,69,0,69,2
2020-08-30,Mendocino,045,87422,658,611,0,611,13
2020-08-30,Merced,047,269075,8152,7960,8,7968,79
2020-08-30,Modoc,049,8938,13,10,0,10,0
2020-08-30,Mono,051,14174,163,145,1,146,1
2020-08-30,Monterey,053,433212,8299,7816,20,7836,54
2020-08-30,Napa,055,140530,1497,1423,3,1426,10
2020-08-30,Nevada,057,99092,461,445,12,457,6
2020-08-30,Orange,059,3164182,50491,47283,1213,48496,965
2020-08-30,Placer,061,380077,3137,2961,10,2971,32
2020-08-30,Plumas,063,18699,42,39,0,39,0
2020-08-30,Riverside,065,2383286,53839,52227,53,52280,1017
2020-08-30,Sacramento,067,1510023,18750,17751,9,17760,300
2020-08-30,San Benito,069,59416,1153,1071,0,1071,4
2020-08-30,San Bernardino,071,2135413,49455,47201,331,47532,755
2020-08-30,San Diego,073,3302833,40170,38302,477,38779,682
2020-08-30,San Francisco,075,870044,9774,9294,10,9304,83
2020-08-30,San Joaquin,077,732212,18673,17637,35,17672,338
2020-08-30,San Luis Obispo,079,281455,3119,2934,13,2947,21
2020-08-30,San Mateo,081,765935,8725,8013,5,8018,122
2020-08-30,Santa Barbara,083,443738,8762,8088,57,8145,93
2020-08-30,Santa Clara,085,1922200,18572,17045,24,17069,202
2020-08-30,Santa Cruz,087,273765,1907,1743,18,1761,7
2020-08-30,Shasta,089,179085,630,525,3,528,9
2020-08-30,Sierra,091,2930,6,6,0,6,0
2020-08-30,Siskiyou,093,43540,137,125,8,133,0
2020-08-30,Solano,095,438530,5580,5303,39,5342,34
2020-08-30,Sonoma,097,501317,6116,5590,19,5609,60
2020-08-30,Stanislaus,099,539301,15335,14580,372,14952,209
2020-08-30,Sutter,101,95872,1418,1351,1,1352,10
2020-08-30,Tehama,103,63373,437,419,2,421,1
2020-08-30,Trinity,105,12862,32,13,5,18,0
2020-08-30,Tulare,107,460477,14654,13985,55,14040,236
2020-08-30,Tuolumne,109,53932,206,178,3,181,1
2020-08-30,Ventura,111,848112,11334,10775,92,10867,108
2020-08-30,Yolo,113,214977,2535,2391,4,2395,51
2020-08-30,Yuba,115,75493,903,832,3,835,1
2020-08-29,Alameda,001,1643700,19057,17888,134,18022,250
2020-08-29,Alpine,003,1148,3,2,0,2,0
2020-08-29,Amador,005,37829,273,239,0,239,13
2020-08-29,Butte,007,227075,2317,1948,16,1964,26
2020-08-29,Calaveras,009,45235,256,211,0,211,1
2020-08-29,Colusa,011,21464,471,440,0,440,6
2020-08-29,Contra Costa,013,1133247,14655,13663,53,13716,159
2020-08-29,Del Norte,015,27424,115,108,0,108,1
2020-08-29,El Dorado,017,186661,1010,958,0,958,2
2020-08-29,Fresno,019,978130,27830,24821,293,25114,291
2020-08-29,Glenn,021,27897,467,437,0,437,3
2020-08-29,Humboldt,023,135768,410,363,1,364,4
2020-08-29,Imperial,025,180216,11283,9698,5,9703,250
2020-08-29,Inyo,027,18085,181,160,0,160,3
2020-08-29,Kern,029,883053,29955,28947,230,29177,317
2020-08-29,Kings,031,150075,6364,5906,36,5942,62
2020-08-29,Lake,033,64148,359,329,0,329,2
2020-08-29,Lassen,035,31185,719,706,2,708,0
2020-08-29,Los Angeles,037,10098052,244324,239815,1347,241162,5762
2020-08-29,Madera,039,155013,3945,3605,24,3629,33
2020-08-29,Marin,041,260295,6235,6007,15,6022,64
2020-08-29,Mariposa,043,17540,73,69,0,69,2
2020-08-29,Mendocino,045,87422,653,596,0,596,13
2020-08-29,Merced,047,269075,8122,7867,8,7875,79
2020-08-29,Modoc,049,8938,13,9,0,9,0
2020-08-29,Mono,051,14174,163,145,1,146,1
2020-08-29,Monterey,053,433212,8254,7680,20,7700,53
2020-08-29,Napa,055,140530,1494,1413,3,1416,10
2020-08-29,Nevada,057,99092,461,442,12,454,5
2020-08-29,Orange,059,3164182,50385,47007,1202,48209,960
2020-08-29,Placer,061,380077,3120,2935,10,2945,32
2020-08-29,Plumas,063,18699,41,39,0,39,0
2020-08-29,Riverside,065,2383286,53728,51918,51,51969,1016
2020-08-29,Sacramento,067,1510023,18678,17588,9,17597,291
2020-08-29,San Benito,069,59416,1144,1045,0,1045,4
2020-08-29,San Bernardino,071,2135413,49340,46849,331,47180,755
2020-08-29,San Diego,073,3302833,39904,38049,459,38508,694
2020-08-29,San Francisco,075,870044,9746,9291,9,9300,83
2020-08-29,San Joaquin,077,732212,18629,17493,35,17528,335
2020-08-29,San Luis Obispo,079,281455,3095,2917,13,2930,21
2020-08-29,San Mateo,081,765935,8683,7928,5,7933,122
2020-08-29,Santa Barbara,083,443738,8736,8052,56,8108,93
2020-08-29,Santa Clara,085,1922200,18476,16898,23,16921,202
2020-08-29,Santa Cruz,087,273765,1895,1746,18,1764,7
2020-08-29,Shasta,089,179085,622,522,3,525,9
2020-08-29,Sierra,091,2930,6,6,0,6,0
2020-08-29,Siskiyou,093,43540,137,121,8,129,0
2020-08-29,Solano,095,438530,5559,5303,39,5342,34
2020-08-29,Sonoma,097,501317,6082,5537,19,5556,60
2020-08-29,Stanislaus,099,539301,15286,14479,362,14841,208
2020-08-29,Sutter,101,95872,1413,1333,1,1334,9
2020-08-29,Tehama,103,63373,436,417,2,419,1
2020-08-29,Trinity,105,12862,32,11,5,16,0
2020-08-29,Tulare,107,460477,14616,13890,54,13944,236
2020-08-29,Tuolumne,109,53932,206,178,3,181,1
2020-08-29,Ventura,111,848112,11294,10705,92,10797,108
2020-08-29,Yolo,113,214977,2517,2357,4,2361,51
2020-08-29,Yuba,115,75493,894,822,3,825,1
2020-08-28,Alameda,001,1643700,18974,17729,133,17862,237
2020-08-28,Alpine,003,1148,3,2,0,2,0
2020-08-28,Amador,005,37829,273,234,0,234,13
2020-08-28,Butte,007,227075,2287,1886,16,1902,25
2020-08-28,Calaveras,009,45235,254,207,0,207,1
2020-08-28,Colusa,011,21464,470,441,0,441,6
2020-08-28,Contra Costa,013,1133247,14584,13522,52,13574,158
2020-08-28,Del Norte,015,27424,115,107,0,107,1
2020-08-28,El Dorado,017,186661,1004,949,0,949,2
2020-08-28,Fresno,019,978130,27696,24612,293,24905,282
2020-08-28,Glenn,021,27897,460,429,0,429,3
2020-08-28,Humboldt,023,135768,406,362,1,363,4
2020-08-28,Imperial,025,180216,11269,9656,5,9661,241
2020-08-28,Inyo,027,18085,180,160,0,160,2
2020-08-28,Kern,029,883053,29907,28744,230,28974,306
2020-08-28,Kings,031,150075,6357,5829,35,5864,62
2020-08-28,Lake,033,64148,354,320,0,320,2
2020-08-28,Lassen,035,31185,719,704,2,706,0
2020-08-28,Los Angeles,037,10098052,243515,238544,1322,239866,5740
2020-08-28,Madera,039,155013,3926,3552,24,3576,33
2020-08-28,Marin,041,260295,6213,5991,15,6006,63
2020-08-28,Mariposa,043,17540,73,67,0,67,2
2020-08-28,Mendocino,045,87422,648,588,0,588,11
2020-08-28,Merced,047,269075,8092,7803,8,7811,77
2020-08-28,Modoc,049,8938,13,6,0,6,0
2020-08-28,Mono,051,14174,163,145,1,146,1
2020-08-28,Monterey,053,433212,8197,7591,20,7611,53
2020-08-28,Napa,055,140530,1486,1403,3,1406,10
2020-08-28,Nevada,057,99092,460,438,12,450,5
2020-08-28,Orange,059,3164182,50285,46696,1187,47883,942
2020-08-28,Placer,061,380077,3109,2891,10,2901,32
2020-08-28,Plumas,063,18699,41,39,0,39,0
2020-08-28,Riverside,065,2383286,53597,51510,48,51558,1008
2020-08-28,Sacramento,067,1510023,18581,17119,9,17128,283
2020-08-28,San Benito,069,59416,1128,1016,0,1016,3
2020-08-28,San Bernardino,071,2135413,49223,46553,327,46880,754
2020-08-28,San Diego,073,3302833,39674,37786,444,38230,676
2020-08-28,San Francisco,075,870044,9692,9135,9,9144,83
2020-08-28,San Joaquin,077,732212,18576,17114,34,17148,314
2020-08-28,San Luis Obispo,079,281455,3078,2849,13,2862,20
2020-08-28,San Mateo,081,765935,8636,7783,5,7788,121
2020-08-28,Santa Barbara,083,443738,8702,8001,56,8057,92
2020-08-28,Santa Clara,085,1922200,18345,16696,23,16719,201
2020-08-28,Santa Cruz,087,273765,1883,1747,18,1765,7
2020-08-28,Shasta,089,179085,618,516,3,519,9
2020-08-28,Sierra,091,2930,6,6,0,6,0
2020-08-28,Siskiyou,093,43540,135,119,8,127,0
2020-08-28,Solano,095,438530,5540,5219,39,5258,34
2020-08-28,Sonoma,097,501317,6047,5425,18,5443,58
2020-08-28,Stanislaus,099,539301,15244,14176,358,14534,190
2020-08-28,Sutter,101,95872,1403,1308,1,1309,9
2020-08-28,Tehama,103,63373,431,410,2,412,1
2020-08-28,Trinity,105,12862,32,11,5,16,0
2020-08-28,Tulare,107,460477,14570,13776,54,13830,236
2020-08-28,Tuolumne,109,53932,206,176,3,179,1
2020-08-28,Ventura,111,848112,11258,10606,90,10696,103
2020-08-28,Yolo,113,214977,2508,2323,4,2327,51
2020-08-28,Yuba,115,75493,885,810,3,813,1
2020-08-27,Alameda,001,1643700,18829,17584,130,17714,234
2020-08-27,Alpine,003,1148,3,2,0,2,0
2020-08-27,Amador,005,37829,272,233,0,233,13
2020-08-27,Butte,007,227075,2221,1803,15,1818,25
2020-08-27,Calaveras,009,45235,248,204,0,204,1
2020-08-27,Colusa,011,21464,468,438,0,438,6
2020-08-27,Contra Costa,013,1133247,14484,13379,51,13430,158
2020-08-27,Del Norte,015,27424,115,107,0,107,1
2020-08-27,El Dorado,017,186661,1000,942,0,942,2
2020-08-27,Fresno,019,978130,27515,24367,289,24656,272
2020-08-27,Glenn,021,27897,452,429,0,429,3
2020-08-27,Humboldt,023,135768,398,358,1,359,4
2020-08-27,Imperial,025,180216,11242,9608,5,9613,235
2020-08-27,Inyo,027,18085,180,157,0,157,2
2020-08-27,Kern,029,883053,29835,28635,221,28856,294
2020-08-27,Kings,031,150075,6335,5759,35,5794,62
2020-08-27,Lake,033,64148,352,314,0,314,2
2020-08-27,Lassen,035,31185,719,703,2,705,0
2020-08-27,Los Angeles,037,10098052,242511,237103,1304,238407,5704
2020-08-27,Madera,039,155013,3900,3465,24,3489,33
2020-08-27,Marin,041,260295,6189,5929,15,5944,62
2020-08-27,Mariposa,043,17540,73,67,0,67,2
2020-08-27,Mendocino,045,87422,639,581,0,581,10
2020-08-27,Merced,047,269075,8048,7765,8,7773,75
2020-08-27,Modoc,049,8938,11,5,0,5,0
2020-08-27,Mono,051,14174,163,145,1,146,1
2020-08-27,Monterey,053,433212,8103,7501,20,7521,52
2020-08-27,Napa,055,140530,1480,1397,3,1400,10
2020-08-27,Nevada,057,99092,457,435,12,447,5
2020-08-27,Orange,059,3164182,50128,46449,1177,47626,935
2020-08-27,Placer,061,380077,3078,2869,10,2879,32
2020-08-27,Plumas,063,18699,40,39,0,39,0
2020-08-27,Riverside,065,2383286,53390,51306,45,51351,999
2020-08-27,Sacramento,067,1510023,18383,16875,9,16884,281
2020-08-27,San Benito,069,59416,1112,987,0,987,3
2020-08-27,San Bernardino,071,2135413,48997,46345,320,46665,751
2020-08-27,San Diego,073,3302833,39403,37501,424,37925,673
2020-08-27,San Francisco,075,870044,9626,9014,9,9023,83
2020-08-27,San Joaquin,077,732212,18496,16989,34,17023,314
2020-08-27,San Luis Obispo,079,281455,3053,2808,13,2821,20
2020-08-27,San Mateo,081,765935,8527,7728,5,7733,121
2020-08-27,Santa Barbara,083,443738,8664,7934,56,7990,92
2020-08-27,Santa Clara,085,1922200,18161,16495,23,16518,199
2020-08-27,Santa Cruz,087,273765,1866,1734,18,1752,7
2020-08-27,Shasta,089,179085,612,512,3,515,9
2020-08-27,Sierra,091,2930,6,6,0,6,0
2020-08-27,Siskiyou,093,43540,135,118,8,126,0
2020-08-27,Solano,095,438530,5502,5167,39,5206,34
2020-08-27,Sonoma,097,501317,5935,5357,18,5375,58
2020-08-27,Stanislaus,099,539301,15164,14080,354,14434,186
2020-08-27,Sutter,101,95872,1383,1296,1,1297,9
2020-08-27,Tehama,103,63373,427,398,2,400,1
2020-08-27,Trinity,105,12862,32,11,5,16,0
2020-08-27,Tulare,107,460477,14478,13666,53,13719,231
2020-08-27,Tuolumne,109,53932,201,174,3,177,1
2020-08-27,Ventura,111,848112,11195,10483,86,10569,102
2020-08-27,Yolo,113,214977,2484,2293,4,2297,51
2020-08-27,Yuba,115,75493,874,807,3,810,1
2020-08-26,Alameda,001,1643700,18668,17373,130,17503,233
2020-08-26,Alpine,003,1148,3,2,0,2,0
2020-08-26,Amador,005,37829,272,229,0,229,13
2020-08-26,Butte,007,227075,2154,1765,13,1778,25
2020-08-26,Calaveras,009,45235,240,201,0,201,1
2020-08-26,Colusa,011,21464,462,433,0,433,5
2020-08-26,Contra Costa,013,1133247,14346,13248,51,13299,157
2020-08-26,Del Norte,015,27424,114,86,0,86,1
2020-08-26,El Dorado,017,186661,998,938,0,938,2
2020-08-26,Fresno,019,978130,27367,24071,287,24358,255
2020-08-26,Glenn,021,27897,450,429,0,429,3
2020-08-26,Humboldt,023,135768,386,357,1,358,4
2020-08-26,Imperial,025,180216,11220,9453,5,9458,227
2020-08-26,Inyo,027,18085,177,157,0,157,2
2020-08-26,Kern,029,883053,29697,28507,217,28724,286
2020-08-26,Kings,031,150075,6315,5720,35,5755,62
2020-08-26,Lake,033,64148,348,308,0,308,2
2020-08-26,Lassen,035,31185,719,702,2,704,0
2020-08-26,Los Angeles,037,10098052,241477,235499,1271,236770,5665
2020-08-26,Madera,039,155013,3871,3458,24,3482,32
2020-08-26,Marin,041,260295,6172,5887,15,5902,56
2020-08-26,Mariposa,043,17540,73,68,0,68,2
2020-08-26,Mendocino,045,87422,628,581,0,581,10
2020-08-26,Merced,047,269075,8015,7720,8,7728,74
2020-08-26,Modoc,049,8938,8,5,0,5,0
2020-08-26,Mono,051,14174,163,141,1,142,1
2020-08-26,Monterey,053,433212,8010,7439,20,7459,51
2020-08-26,Napa,055,140530,1467,1382,3,1385,10
2020-08-26,Nevada,057,99092,454,432,12,444,2
2020-08-26,Orange,059,3164182,49944,46157,1162,47319,905
2020-08-26,Placer,061,380077,3056,2846,8,2854,32
2020-08-26,Plumas,063,18699,39,39,0,39,0
2020-08-26,Riverside,065,2383286,53148,51138,45,51183,987
2020-08-26,Sacramento,067,1510023,18220,16708,9,16717,271
2020-08-26,San Benito,069,59416,1097,978,0,978,3
2020-08-26,San Bernardino,071,2135413,48788,45840,316,46156,743
2020-08-26,San Diego,073,3302833,39065,37224,397,37621,668
2020-08-26,San Francisco,075,870044,9550,8938,9,8947,81
2020-08-26,San Joaquin,077,732212,18407,16845,33,16878,309
2020-08-26,San Luis Obispo,079,281455,3025,2761,13,2774,20
2020-08-26,San Mateo,081,765935,8460,7655,5,7660,121
2020-08-26,Santa Barbara,083,443738,8631,7904,56,7960,90
2020-08-26,Santa Clara,085,1922200,17984,16283,23,16306,198
2020-08-26,Santa Cruz,087,273765,1855,1726,18,1744,7
2020-08-26,Shasta,089,179085,607,511,3,514,9
2020-08-26,Sierra,091,2930,6,6,0,6,0
2020-08-26,Siskiyou,093,43540,132,109,8,117,0
2020-08-26,Solano,095,438530,5478,5131,38,5169,34
2020-08-26,Sonoma,097,501317,5861,5283,18,5301,58
2020-08-26,Stanislaus,099,539301,15087,13964,348,14312,186
2020-08-26,Sutter,101,95872,1365,1275,1,1276,9
2020-08-26,Tehama,103,63373,424,396,2,398,1
2020-08-26,Trinity,105,12862,31,10,5,15,0
2020-08-26,Tulare,107,460477,14411,13568,53,13621,232
2020-08-26,Tuolumne,109,53932,200,172,3,175,1
2020-08-26,Ventura,111,848112,11124,10412,79,10491,100
2020-08-26,Yolo,113,214977,2461,2279,4,2283,49
2020-08-26,Yuba,115,75493,859,779,3,782,1
2020-08-25,Alameda,001,1643700,18511,17278,130,17408,232
2020-08-25,Alpine,003,1148,3,2,0,2,0
2020-08-25,Amador,005,37829,272,227,0,227,13
2020-08-25,Butte,007,227075,2087,1718,13,1731,24
2020-08-25,Calaveras,009,45235,238,196,0,196,1
2020-08-25,Colusa,011,21464,455,430,0,430,5
2020-08-25,Contra Costa,013,1133247,14208,13181,50,13231,156
2020-08-25,Del Norte,015,27424,113,83,0,83,1
2020-08-25,El Dorado,017,186661,995,928,0,928,2
2020-08-25,Fresno,019,978130,27178,23932,286,24218,250
2020-08-25,Glenn,021,27897,447,429,0,429,3
2020-08-25,Humboldt,023,135768,381,342,1,343,4
2020-08-25,Imperial,025,180216,11192,9381,5,9386,217
2020-08-25,Inyo,027,18085,175,144,0,144,1
2020-08-25,Kern,029,883053,29560,28416,217,28633,285
2020-08-25,Kings,031,150075,6158,5702,35,5737,59
2020-08-25,Lake,033,64148,343,304,0,304,2
2020-08-25,Lassen,035,31185,718,692,2,694,0
2020-08-25,Los Angeles,037,10098052,240152,233961,1218,235179,5612
2020-08-25,Madera,039,155013,3856,3446,23,3469,32
2020-08-25,Marin,041,260295,6134,5860,15,5875,56
2020-08-25,Mariposa,043,17540,73,67,0,67,2
2020-08-25,Mendocino,045,87422,620,571,0,571,10
2020-08-25,Merced,047,269075,7948,7693,7,7700,69
2020-08-25,Modoc,049,8938,8,5,0,5,0
2020-08-25,Mono,051,14174,163,129,1,130,1
2020-08-25,Monterey,053,433212,7930,7333,20,7353,51
2020-08-25,Napa,055,140530,1460,1374,3,1377,10
2020-08-25,Nevada,057,99092,451,430,12,442,2
2020-08-25,Orange,059,3164182,49750,45737,1145,46882,902
2020-08-25,Placer,061,380077,3037,2829,5,2834,31
2020-08-25,Plumas,063,18699,39,39,0,39,0
2020-08-25,Riverside,065,2383286,52919,50889,45,50934,981
2020-08-25,Sacramento,067,1510023,18067,16601,9,16610,265
2020-08-25,San Benito,069,59416,1081,973,0,973,3
2020-08-25,San Bernardino,071,2135413,48553,45544,313,45857,727
2020-08-25,San Diego,073,3302833,38786,36996,375,37371,665
2020-08-25,San Francisco,075,870044,9472,8848,9,8857,81
2020-08-25,San Joaquin,077,732212,18280,16795,33,16828,306
2020-08-25,San Luis Obispo,079,281455,2967,2731,12,2743,20
2020-08-25,San Mateo,081,765935,8400,7636,5,7641,120
2020-08-25,Santa Barbara,083,443738,8579,7854,56,7910,90
2020-08-25,Santa Clara,085,1922200,17812,16199,23,16222,194
2020-08-25,Santa Cruz,087,273765,1836,1708,18,1726,7
2020-08-25,Shasta,089,179085,603,511,3,514,9
2020-08-25,Sierra,091,2930,6,6,0,6,0
2020-08-25,Siskiyou,093,43540,131,109,8,117,0
2020-08-25,Solano,095,438530,5417,5114,38,5152,34
2020-08-25,Sonoma,097,501317,5776,5148,18,5166,56
2020-08-25,Stanislaus,099,539301,14979,13886,337,14223,182
2020-08-25,Sutter,101,95872,1348,1259,1,1260,9
2020-08-25,Tehama,103,63373,421,394,2,396,1
2020-08-25,Trinity,105,12862,29,10,5,15,0
2020-08-25,Tulare,107,460477,14308,13514,52,13566,224
2020-08-25,Tuolumne,109,53932,198,172,3,175,1
2020-08-25,Ventura,111,848112,11039,10313,74,10387,99
2020-08-25,Yolo,113,214977,2448,2254,4,2258,50
2020-08-25,Yuba,115,75493,849,775,3,778,1
2020-08-24,Alameda,001,1643700,18317,16913,129,17042,231
2020-08-24,Alpine,003,1148,3,2,0,2,0
2020-08-24,Amador,005,37829,270,227,0,227,13
2020-08-24,Butte,007,227075,2003,1649,13,1662,23
2020-08-24,Calaveras,009,45235,228,187,0,187,1
2020-08-24,Colusa,011,21464,451,425,0,425,5
2020-08-24,Contra Costa,013,1133247,14093,12906,48,12954,153
2020-08-24,Del Norte,015,27424,113,80,0,80,1
2020-08-24,El Dorado,017,186661,987,908,0,908,2
2020-08-24,Fresno,019,978130,26991,23618,279,23897,235
2020-08-24,Glenn,021,27897,445,421,0,421,2
2020-08-24,Humboldt,023,135768,377,340,1,341,4
2020-08-24,Imperial,025,180216,11158,9323,5,9328,210
2020-08-24,Inyo,027,18085,171,144,0,144,2
2020-08-24,Kern,029,883053,29463,28157,211,28368,277
2020-08-24,Kings,031,150075,6070,5652,35,5687,60
2020-08-24,Lake,033,64148,329,302,0,302,2
2020-08-24,Lassen,035,31185,718,693,2,695,0
2020-08-24,Los Angeles,037,10098052,238789,233036,1196,234232,5562
2020-08-24,Madera,039,155013,3829,3418,23,3441,32
2020-08-24,Marin,041,260295,6071,5834,15,5849,56
2020-08-24,Mariposa,043,17540,71,66,0,66,2
2020-08-24,Mendocino,045,87422,605,550,0,550,10
2020-08-24,Merced,047,269075,7870,7605,7,7612,69
2020-08-24,Modoc,049,8938,8,5,0,5,0
2020-08-24,Mono,051,14174,163,129,1,130,1
2020-08-24,Monterey,053,433212,7821,7212,19,7231,50
2020-08-24,Napa,055,140530,1447,1358,3,1361,10
2020-08-24,Nevada,057,99092,446,423,12,435,2
2020-08-24,Orange,059,3164182,49559,45536,1134,46670,887
2020-08-24,Placer,061,380077,2991,2793,5,2798,31
2020-08-24,Plumas,063,18699,39,37,0,37,0
2020-08-24,Riverside,065,2383286,52642,50496,45,50541,975
2020-08-24,Sacramento,067,1510023,17870,16318,9,16327,249
2020-08-24,San Benito,069,59416,1060,961,0,961,3
2020-08-24,San Bernardino,071,2135413,48289,45199,311,45510,720
2020-08-24,San Diego,073,3302833,38498,36729,347,37076,660
2020-08-24,San Francisco,075,870044,9389,8621,9,8630,81
2020-08-24,San Joaquin,077,732212,18139,16565,32,16597,305
2020-08-24,San Luis Obispo,079,281455,2939,2705,12,2717,20
2020-08-24,San Mateo,081,765935,8333,7502,5,7507,120
2020-08-24,Santa Barbara,083,443738,8538,7784,56,7840,90
2020-08-24,Santa Clara,085,1922200,17608,16049,23,16072,192
2020-08-24,Santa Cruz,087,273765,1816,1627,17,1644,6
2020-08-24,Shasta,089,179085,601,505,3,508,9
2020-08-24,Sierra,091,2930,6,6,0,6,0
2020-08-24,Siskiyou,093,43540,127,107,8,115,0
2020-08-24,Solano,095,438530,5368,4979,36,5015,32
2020-08-24,Sonoma,097,501317,5674,5071,18,5089,56
2020-08-24,Stanislaus,099,539301,14881,13521,322,13843,171
2020-08-24,Sutter,101,95872,1329,1219,1,1220,9
2020-08-24,Tehama,103,63373,416,388,2,390,1
2020-08-24,Trinity,105,12862,29,10,5,15,0
2020-08-24,Tulare,107,460477,14201,13360,51,13411,223
2020-08-24,Tuolumne,109,53932,197,170,3,173,1
2020-08-24,Ventura,111,848112,10959,10261,71,10332,99
2020-08-24,Yolo,113,214977,2413,2239,4,2243,47
2020-08-24,Yuba,115,75493,832,750,3,753,1
2020-08-23,Alameda,001,1643700,18094,16786,129,16915,231
2020-08-23,Alpine,003,1148,3,2,0,2,0
2020-08-23,Amador,005,37829,267,227,0,227,13
2020-08-23,Butte,007,227075,1889,1637,13,1650,23
2020-08-23,Calaveras,009,45235,218,187,0,187,1
2020-08-23,Colusa,011,21464,444,424,0,424,5
2020-08-23,Contra Costa,013,1133247,13933,12642,48,12690,153
2020-08-23,Del Norte,015,27424,113,80,0,80,1
2020-08-23,El Dorado,017,186661,974,901,0,901,2
2020-08-23,Fresno,019,978130,26789,23414,274,23688,235
2020-08-23,Glenn,021,27897,438,421,0,421,2
2020-08-23,Humboldt,023,135768,375,341,1,342,4
2020-08-23,Imperial,025,180216,11130,9243,5,9248,210
2020-08-23,Inyo,027,18085,168,144,0,144,2
2020-08-23,Kern,029,883053,29314,28028,206,28234,277
2020-08-23,Kings,031,150075,6028,5628,35,5663,60
2020-08-23,Lake,033,64148,325,299,0,299,2
2020-08-23,Lassen,035,31185,717,693,2,695,0
2020-08-23,Los Angeles,037,10098052,237190,231833,1119,232952,5549
2020-08-23,Madera,039,155013,3797,3401,22,3423,32
2020-08-23,Marin,041,260295,6032,5807,14,5821,50
2020-08-23,Mariposa,043,17540,71,66,0,66,2
2020-08-23,Mendocino,045,87422,601,550,0,550,10
2020-08-23,Merced,047,269075,7801,7574,6,7580,69
2020-08-23,Modoc,049,8938,7,5,0,5,0
2020-08-23,Mono,051,14174,163,129,1,130,1
2020-08-23,Monterey,053,433212,7731,7173,19,7192,50
2020-08-23,Napa,055,140530,1435,1348,3,1351,10
2020-08-23,Nevada,057,99092,441,421,12,433,2
2020-08-23,Orange,059,3164182,49322,45267,1121,46388,887
2020-08-23,Placer,061,380077,2952,2772,5,2777,31
2020-08-23,Plumas,063,18699,39,37,0,37,0
2020-08-23,Riverside,065,2383286,52373,50293,43,50336,955
2020-08-23,Sacramento,067,1510023,17646,16084,8,16092,243
2020-08-23,San Benito,069,59416,1047,938,0,938,3
2020-08-23,San Bernardino,071,2135413,48020,45010,301,45311,719
2020-08-23,San Diego,073,3302833,38177,36542,320,36862,660
2020-08-23,San Francisco,075,870044,9294,8564,8,8572,80
2020-08-23,San Joaquin,077,732212,18006,16069,31,16100,305
2020-08-23,San Luis Obispo,079,281455,2897,2679,12,2691,20
2020-08-23,San Mateo,081,765935,8238,7450,5,7455,120
2020-08-23,Santa Barbara,083,443738,8470,7725,56,7781,90
2020-08-23,Santa Clara,085,1922200,17414,15912,21,15933,191
2020-08-23,Santa Cruz,087,273765,1790,1627,17,1644,6
2020-08-23,Shasta,089,179085,596,501,3,504,9
2020-08-23,Sierra,091,2930,6,6,0,6,0
2020-08-23,Siskiyou,093,43540,122,107,8,115,0
2020-08-23,Solano,095,438530,5310,4977,34,5011,32
2020-08-23,Sonoma,097,501317,5586,5018,18,5036,56
2020-08-23,Stanislaus,099,539301,14747,13483,298,13781,171
2020-08-23,Sutter,101,95872,1307,1203,1,1204,9
2020-08-23,Tehama,103,63373,406,381,2,383,1
2020-08-23,Trinity,105,12862,29,10,5,15,0
2020-08-23,Tulare,107,460477,14071,13303,47,13350,223
2020-08-23,Tuolumne,109,53932,193,164,3,167,1
2020-08-23,Ventura,111,848112,10859,10126,66,10192,99
2020-08-23,Yolo,113,214977,2385,2210,4,2214,47
2020-08-23,Yuba,115,75493,811,750,3,753,1
2020-08-22,Alameda,001,1643700,18000,16648,128,16776,231
2020-08-22,Alpine,003,1148,3,2,0,2,0
2020-08-22,Amador,005,37829,266,224,0,224,13
2020-08-22,Butte,007,227075,1838,1618,13,1631,22
2020-08-22,Calaveras,009,45235,215,187,0,187,1
2020-08-22,Colusa,011,21464,440,419,0,419,5
2020-08-22,Contra Costa,013,1133247,13846,12522,48,12570,153
2020-08-22,Del Norte,015,27424,112,80,0,80,1
2020-08-22,El Dorado,017,186661,972,900,0,900,2
2020-08-22,Fresno,019,978130,26692,23197,273,23470,235
2020-08-22,Glenn,021,27897,437,421,0,421,2
2020-08-22,Humboldt,023,135768,365,334,1,335,4
2020-08-22,Imperial,025,180216,11122,9244,5,9249,210
2020-08-22,Inyo,027,18085,168,144,0,144,1
2020-08-22,Kern,029,883053,29260,27807,206,28013,277
2020-08-22,Kings,031,150075,6019,5447,35,5482,60
2020-08-22,Lake,033,64148,323,291,0,291,2
2020-08-22,Lassen,035,31185,717,693,2,695,0
2020-08-22,Los Angeles,037,10098052,236533,230858,1100,231958,5540
2020-08-22,Madera,039,155013,3778,3330,22,3352,32
2020-08-22,Marin,041,260295,6020,5789,14,5803,49
2020-08-22,Mariposa,043,17540,71,66,0,66,2
2020-08-22,Mendocino,045,87422,598,529,0,529,10
2020-08-22,Merced,047,269075,7773,7493,6,7499,69
2020-08-22,Modoc,049,8938,7,5,0,5,0
2020-08-22,Mono,051,14174,163,129,1,130,1
2020-08-22,Monterey,053,433212,7683,7081,19,7100,50
2020-08-22,Napa,055,140530,1430,1328,3,1331,11
2020-08-22,Nevada,057,99092,441,411,12,423,2
2020-08-22,Orange,059,3164182,49180,45131,1115,46246,885
2020-08-22,Placer,061,380077,2938,2734,5,2739,30
2020-08-22,Plumas,063,18699,39,37,0,37,0
2020-08-22,Riverside,065,2383286,52224,49944,42,49986,953
2020-08-22,Sacramento,067,1510023,17534,15516,8,15524,239
2020-08-22,San Benito,069,59416,1031,912,0,912,3
2020-08-22,San Bernardino,071,2135413,47891,44803,296,45099,719
2020-08-22,San Diego,073,3302833,37995,36205,309,36514,673
2020-08-22,San Francisco,075,870044,9234,8568,8,8576,80
2020-08-22,San Joaquin,077,732212,17950,16068,31,16099,305
2020-08-22,San Luis Obispo,079,281455,2872,2660,12,2672,20
2020-08-22,San Mateo,081,765935,8191,7361,5,7366,120
2020-08-22,Santa Barbara,083,443738,8444,7685,56,7741,90
2020-08-22,Santa Clara,085,1922200,17306,15590,21,15611,190
2020-08-22,Santa Cruz,087,273765,1774,1628,16,1644,6
2020-08-22,Shasta,089,179085,594,493,3,496,9
2020-08-22,Sierra,091,2930,6,6,0,6,0
2020-08-22,Siskiyou,093,43540,122,106,8,114,0
2020-08-22,Solano,095,438530,5280,4944,33,4977,32
2020-08-22,Sonoma,097,501317,5540,4891,18,4909,57
2020-08-22,Stanislaus,099,539301,14699,13380,279,13659,170
2020-08-22,Sutter,101,95872,1300,1189,1,1190,8
2020-08-22,Tehama,103,63373,405,368,2,370,1
2020-08-22,Trinity,105,12862,29,8,5,13,0
2020-08-22,Tulare,107,460477,14004,13196,47,13243,222
2020-08-22,Tuolumne,109,53932,191,162,3,165,1
2020-08-22,Ventura,111,848112,10804,9959,64,10023,99
2020-08-22,Yolo,113,214977,2369,2188,4,2192,47
2020-08-22,Yuba,115,75493,799,738,3,741,1
2020-08-21,Alameda,001,1643700,17909,16413,128,16541,232
2020-08-21,Alpine,003,1148,3,2,0,2,0
2020-08-21,Amador,005,37829,265,223,0,223,11
2020-08-21,Butte,007,227075,1799,1582,13,1595,19
2020-08-21,Calaveras,009,45235,215,182,0,182,1
2020-08-21,Colusa,011,21464,438,418,0,418,5
2020-08-21,Contra Costa,013,1133247,13756,12333,47,12380,149
2020-08-21,Del Norte,015,27424,112,78,0,78,1
2020-08-21,El Dorado,017,186661,968,885,0,885,2
2020-08-21,Fresno,019,978130,26522,22840,272,23112,232
2020-08-21,Glenn,021,27897,433,418,0,418,2
2020-08-21,Humboldt,023,135768,362,331,1,332,4
2020-08-21,Imperial,025,180216,11106,9166,5,9171,204
2020-08-21,Inyo,027,18085,168,144,0,144,1
2020-08-21,Kern,029,883053,29201,27567,204,27771,269
2020-08-21,Kings,031,150075,5997,5391,35,5426,60
2020-08-21,Lake,033,64148,321,281,0,281,2
2020-08-21,Lassen,035,31185,717,693,2,695,0
2020-08-21,Los Angeles,037,10098052,235657,229235,1078,230313,5494
2020-08-21,Madera,039,155013,3748,3271,22,3293,31
2020-08-21,Marin,041,260295,6000,5762,14,5776,49
2020-08-21,Mariposa,043,17540,71,66,0,66,2
2020-08-21,Mendocino,045,87422,588,505,0,505,10
2020-08-21,Merced,047,269075,7744,7357,6,7363,69
2020-08-21,Modoc,049,8938,7,5,0,5,0
2020-08-21,Mono,051,14174,163,128,1,129,1
2020-08-21,Monterey,053,433212,7611,6974,19,6993,49
2020-08-21,Napa,055,140530,1421,1317,3,1320,10
2020-08-21,Nevada,057,99092,440,406,12,418,2
2020-08-21,Orange,059,3164182,49039,44625,1106,45731,875
2020-08-21,Placer,061,380077,2922,2698,4,2702,30
2020-08-21,Plumas,063,18699,39,36,0,36,0
2020-08-21,Riverside,065,2383286,52031,49409,42,49451,932
2020-08-21,Sacramento,067,1510023,17411,15247,8,15255,237
2020-08-21,San Benito,069,59416,1021,891,0,891,3
2020-08-21,San Bernardino,071,2135413,47771,44249,292,44541,668
2020-08-21,San Diego,073,3302833,37791,35914,292,36206,652
2020-08-21,San Francisco,075,870044,9184,8375,8,8383,80
2020-08-21,San Joaquin,077,732212,17867,15888,29,15917,301
2020-08-21,San Luis Obispo,079,281455,2849,2640,12,2652,19
2020-08-21,San Mateo,081,765935,8132,7253,5,7258,120
2020-08-21,Santa Barbara,083,443738,8403,7645,56,7701,86
2020-08-21,Santa Clara,085,1922200,17154,15399,21,15420,190
2020-08-21,Santa Cruz,087,273765,1762,1617,16,1633,6
2020-08-21,Shasta,089,179085,594,486,3,489,9
2020-08-21,Sierra,091,2930,6,6,0,6,0
2020-08-21,Siskiyou,093,43540,122,103,6,109,0
2020-08-21,Solano,095,438530,5257,4891,32,4923,32
2020-08-21,Sonoma,097,501317,5470,4816,18,4834,57
2020-08-21,Stanislaus,099,539301,14630,13282,264,13546,161
2020-08-21,Sutter,101,95872,1287,1173,1,1174,8
2020-08-21,Tehama,103,63373,403,357,2,359,1
2020-08-21,Trinity,105,12862,29,8,5,13,0
2020-08-21,Tulare,107,460477,13932,13002,46,13048,217
2020-08-21,Tuolumne,109,53932,183,161,3,164,1
2020-08-21,Ventura,111,848112,10740,9865,62,9927,98
2020-08-21,Yolo,113,214977,2354,2164,4,2168,46
2020-08-21,Yuba,115,75493,795,717,3,720,1
2020-08-20,Alameda,001,1643700,17751,16174,128,16302,229
2020-08-20,Alpine,003,1148,3,2,0,2,0
2020-08-20,Amador,005,37829,263,222,0,222,11
2020-08-20,Butte,007,227075,1748,1549,13,1562,18
2020-08-20,Calaveras,009,45235,212,179,0,179,1
2020-08-20,Colusa,011,21464,436,415,0,415,5
2020-08-20,Contra Costa,013,1133247,13628,12108,46,12154,144
2020-08-20,Del Norte,015,27424,112,78,0,78,1
2020-08-20,El Dorado,017,186661,964,881,0,881,2
2020-08-20,Fresno,019,978130,26340,22535,267,22802,228
2020-08-20,Glenn,021,27897,428,414,0,414,2
2020-08-20,Humboldt,023,135768,357,318,1,319,4
2020-08-20,Imperial,025,180216,11087,9086,5,9091,196
2020-08-20,Inyo,027,18085,167,144,0,144,1
2020-08-20,Kern,029,883053,29033,27337,193,27530,267
2020-08-20,Kings,031,150075,5957,5347,34,5381,59
2020-08-20,Lake,033,64148,316,280,0,280,2
2020-08-20,Lassen,035,31185,716,693,2,695,0
2020-08-20,Los Angeles,037,10098052,234422,227492,1059,228551,5445
2020-08-20,Madera,039,155013,3722,3197,22,3219,31
2020-08-20,Marin,041,260295,5982,5745,14,5759,47
2020-08-20,Mariposa,043,17540,71,67,0,67,2
2020-08-20,Mendocino,045,87422,577,497,0,497,10
2020-08-20,Merced,047,269075,7669,7173,6,7179,68
2020-08-20,Modoc,049,8938,7,5,0,5,0
2020-08-20,Mono,051,14174,163,128,1,129,1
2020-08-20,Monterey,053,433212,7540,6892,19,6911,47
2020-08-20,Napa,055,140530,1413,1306,3,1309,10
2020-08-20,Nevada,057,99092,439,401,12,413,2
2020-08-20,Orange,059,3164182,48812,44299,1095,45394,849
2020-08-20,Placer,061,380077,2906,2681,4,2685,30
2020-08-20,Plumas,063,18699,39,36,0,36,0
2020-08-20,Riverside,065,2383286,51814,48953,41,48994,927
2020-08-20,Sacramento,067,1510023,17169,14992,8,15000,231
2020-08-20,San Benito,069,59416,1008,866,0,866,3
2020-08-20,San Bernardino,071,2135413,47515,43627,288,43915,665
2020-08-20,San Diego,073,3302833,37571,35610,274,35884,644
2020-08-20,San Francisco,075,870044,9098,8262,8,8270,72
2020-08-20,San Joaquin,077,732212,17774,15778,29,15807,297
2020-08-20,San Luis Obispo,079,281455,2829,2590,12,2602,19
2020-08-20,San Mateo,081,765935,8066,7188,5,7193,120
2020-08-20,Santa Barbara,083,443738,8365,7571,56,7627,81
2020-08-20,Santa Clara,085,1922200,16982,15162,21,15183,190
2020-08-20,Santa Cruz,087,273765,1749,1581,16,1597,6
2020-08-20,Shasta,089,179085,593,478,3,481,9
2020-08-20,Sierra,091,2930,6,6,0,6,0
2020-08-20,Siskiyou,093,43540,121,102,1,103,0
2020-08-20,Solano,095,438530,5213,4843,32,4875,31
2020-08-20,Sonoma,097,501317,5398,4737,18,4755,54
2020-08-20,Stanislaus,099,539301,14534,13120,255,13375,161
2020-08-20,Sutter,101,95872,1263,1158,1,1159,8
2020-08-20,Tehama,103,63373,397,350,2,352,1
2020-08-20,Trinity,105,12862,29,8,5,13,0
2020-08-20,Tulare,107,460477,13824,12907,45,12952,217
2020-08-20,Tuolumne,109,53932,179,159,3,162,1
2020-08-20,Ventura,111,848112,10627,9744,61,9805,93
2020-08-20,Yolo,113,214977,2332,2150,4,2154,47
2020-08-20,Yuba,115,75493,778,709,3,712,1
2020-08-19,Alameda,001,1643700,17592,15874,127,16001,226
2020-08-19,Alpine,003,1148,3,2,0,2,0
2020-08-19,Amador,005,37829,262,219,0,219,9
2020-08-19,Butte,007,227075,1705,1517,13,1530,16
2020-08-19,Calaveras,009,45235,209,177,0,177,1
2020-08-19,Colusa,011,21464,435,415,0,415,5
2020-08-19,Contra Costa,013,1133247,13516,11895,44,11939,142
2020-08-19,Del Norte,015,27424,112,78,0,78,1
2020-08-19,El Dorado,017,186661,958,870,0,870,2
2020-08-19,Fresno,019,978130,26150,22167,259,22426,221
2020-08-19,Glenn,021,27897,426,414,0,414,2
2020-08-19,Humboldt,023,135768,354,316,1,317,4
2020-08-19,Imperial,025,180216,11059,9041,5,9046,192
2020-08-19,Inyo,027,18085,165,140,0,140,1
2020-08-19,Kern,029,883053,28916,27142,189,27331,263
2020-08-19,Kings,031,150075,5785,5301,32,5333,59
2020-08-19,Lake,033,64148,313,277,0,277,2
2020-08-19,Lassen,035,31185,708,693,2,695,0
2020-08-19,Los Angeles,037,10098052,233140,226006,1019,227025,5399
2020-08-19,Madera,039,155013,3688,3158,20,3178,30
2020-08-19,Marin,041,260295,5958,5723,13,5736,46
2020-08-19,Mariposa,043,17540,71,64,0,64,2
2020-08-19,Mendocino,045,87422,561,495,0,495,8
2020-08-19,Merced,047,269075,7542,7082,3,7085,66
2020-08-19,Modoc,049,8938,7,5,0,5,0
2020-08-19,Mono,051,14174,163,128,1,129,1
2020-08-19,Monterey,053,433212,7438,6693,19,6712,45
2020-08-19,Napa,055,140530,1408,1293,3,1296,10
2020-08-19,Nevada,057,99092,432,398,12,410,2
2020-08-19,Orange,059,3164182,48607,43938,1091,45029,829
2020-08-19,Placer,061,380077,2884,2659,4,2663,28
2020-08-19,Plumas,063,18699,39,36,0,36,0
2020-08-19,Riverside,065,2383286,51566,48741,40,48781,922
2020-08-19,Sacramento,067,1510023,16988,14764,8,14772,229
2020-08-19,San Benito,069,59416,991,853,0,853,3
2020-08-19,San Bernardino,071,2135413,47216,43224,281,43505,661
2020-08-19,San Diego,073,3302833,37322,35378,259,35637,638
2020-08-19,San Francisco,075,870044,9033,8236,8,8244,72
2020-08-19,San Joaquin,077,732212,17647,15677,28,15705,296
2020-08-19,San Luis Obispo,079,281455,2790,2553,12,2565,19
2020-08-19,San Mateo,081,765935,7998,7146,5,7151,119
2020-08-19,Santa Barbara,083,443738,8316,7499,56,7555,80
2020-08-19,Santa Clara,085,1922200,16837,14994,21,15015,189
2020-08-19,Santa Cruz,087,273765,1723,1554,16,1570,6
2020-08-19,Shasta,089,179085,589,475,3,478,9
2020-08-19,Sierra,091,2930,6,6,0,6,0
2020-08-19,Siskiyou,093,43540,120,103,1,104,0
2020-08-19,Solano,095,438530,5172,4807,32,4839,31
2020-08-19,Sonoma,097,501317,5319,4614,18,4632,54
2020-08-19,Stanislaus,099,539301,14432,13084,233,13317,160
2020-08-19,Sutter,101,95872,1229,1146,1,1147,8
2020-08-19,Tehama,103,63373,391,342,2,344,1
2020-08-19,Trinity,105,12862,28,8,5,13,0
2020-08-19,Tulare,107,460477,13726,12756,45,12801,217
2020-08-19,Tuolumne,109,53932,176,159,3,162,1
2020-08-19,Ventura,111,848112,10535,9587,59,9646,91
2020-08-19,Yolo,113,214977,2309,2126,4,2130,47
2020-08-19,Yuba,115,75493,766,701,3,704,1
2020-08-18,Alameda,001,1643700,17416,15627,124,15751,223
2020-08-18,Alpine,003,1148,3,2,0,2,0
2020-08-18,Amador,005,37829,261,215,0,215,9
2020-08-18,Butte,007,227075,1672,1491,13,1504,16
2020-08-18,Calaveras,009,45235,205,174,0,174,1
2020-08-18,Colusa,011,21464,434,415,0,415,5
2020-08-18,Contra Costa,013,1133247,13396,11689,42,11731,141
2020-08-18,Del Norte,015,27424,111,78,0,78,0
2020-08-18,El Dorado,017,186661,953,866,0,866,2
2020-08-18,Fresno,019,978130,25931,21798,253,22051,212
2020-08-18,Glenn,021,27897,426,407,0,407,2
2020-08-18,Humboldt,023,135768,352,315,1,316,4
2020-08-18,Imperial,025,180216,11025,8968,5,8973,189
2020-08-18,Inyo,027,18085,164,140,0,140,1
2020-08-18,Kern,029,883053,28764,26978,184,27162,263
2020-08-18,Kings,031,150075,5756,5269,31,5300,58
2020-08-18,Lake,033,64148,310,274,0,274,2
2020-08-18,Lassen,035,31185,708,693,2,695,0
2020-08-18,Los Angeles,037,10098052,231860,224218,980,225198,5339
2020-08-18,Madera,039,155013,3660,3125,20,3145,28
2020-08-18,Marin,041,260295,5928,5708,13,5721,47
2020-08-18,Mariposa,043,17540,71,61,0,61,2
2020-08-18,Mendocino,045,87422,552,468,0,468,8
2020-08-18,Merced,047,269075,7494,6940,3,6943,66
2020-08-18,Modoc,049,8938,7,5,0,5,0
2020-08-18,Mono,051,14174,162,129,1,130,1
2020-08-18,Monterey,053,433212,7346,6691,18,6709,44
2020-08-18,Napa,055,140530,1405,1274,3,1277,10
2020-08-18,Nevada,057,99092,425,389,12,401,2
2020-08-18,Orange,059,3164182,48382,43659,1075,44734,809
2020-08-18,Placer,061,380077,2858,2644,3,2647,28
2020-08-18,Plumas,063,18699,39,34,0,34,0
2020-08-18,Riverside,065,2383286,51237,48447,40,48487,917
2020-08-18,Sacramento,067,1510023,16759,14610,7,14617,222
2020-08-18,San Benito,069,59416,971,836,0,836,3
2020-08-18,San Bernardino,071,2135413,46935,42827,273,43100,648
2020-08-18,San Diego,073,3302833,37030,35164,226,35390,633
2020-08-18,San Francisco,075,870044,8948,8016,8,8024,72
2020-08-18,San Joaquin,077,732212,17530,15509,27,15536,290
2020-08-18,San Luis Obispo,079,281455,2766,2535,11,2546,18
2020-08-18,San Mateo,081,765935,7936,7074,5,7079,119
2020-08-18,Santa Barbara,083,443738,8274,7472,56,7528,81
2020-08-18,Santa Clara,085,1922200,16664,14786,20,14806,184
2020-08-18,Santa Cruz,087,273765,1710,1509,16,1525,6
2020-08-18,Shasta,089,179085,585,468,3,471,9
2020-08-18,Sierra,091,2930,6,6,0,6,0
2020-08-18,Siskiyou,093,43540,119,103,1,104,0
2020-08-18,Solano,095,438530,5145,4700,32,4732,31
2020-08-18,Sonoma,097,501317,5250,4506,18,4524,48
2020-08-18,Stanislaus,099,539301,14334,12935,217,13152,149
2020-08-18,Sutter,101,95872,1210,1126,1,1127,8
2020-08-18,Tehama,103,63373,381,333,2,335,1
2020-08-18,Trinity,105,12862,27,8,5,13,0
2020-08-18,Tulare,107,460477,13595,12637,42,12679,212
2020-08-18,Tuolumne,109,53932,173,159,3,162,1
2020-08-18,Ventura,111,848112,10445,9536,54,9590,89
2020-08-18,Yolo,113,214977,2286,2102,4,2106,47
2020-08-18,Yuba,115,75493,758,679,3,682,1
2020-08-17,Alameda,001,1643700,17224,15454,122,15576,221
2020-08-17,Alpine,003,1148,3,2,0,2,0
2020-08-17,Amador,005,37829,261,215,0,215,9
2020-08-17,Butte,007,227075,1627,1463,13,1476,15
2020-08-17,Calaveras,009,45235,201,167,0,167,1
2020-08-17,Colusa,011,21464,431,408,0,408,5
2020-08-17,Contra Costa,013,1133247,13258,11442,42,11484,141
2020-08-17,Del Norte,015,27424,107,77,0,77,0
2020-08-17,El Dorado,017,186661,950,846,0,846,2
2020-08-17,Fresno,019,978130,25724,21316,246,21562,211
2020-08-17,Glenn,021,27897,425,402,0,402,2
2020-08-17,Humboldt,023,135768,348,302,1,303,4
2020-08-17,Imperial,025,180216,10984,8897,5,8902,188
2020-08-17,Inyo,027,18085,156,124,0,124,1
2020-08-17,Kern,029,883053,28616,26773,173,26946,249
2020-08-17,Kings,031,150075,5718,5249,31,5280,58
2020-08-17,Lake,033,64148,305,270,0,270,2
2020-08-17,Lassen,035,31185,708,666,2,668,0
2020-08-17,Los Angeles,037,10098052,230343,223418,930,224348,5282
2020-08-17,Madera,039,155013,3617,3050,19,3069,26
2020-08-17,Marin,041,260295,5905,5683,12,5695,46
2020-08-17,Mariposa,043,17540,71,61,0,61,2
2020-08-17,Mendocino,045,87422,534,454,0,454,8
2020-08-17,Merced,047,269075,7399,6814,3,6817,66
2020-08-17,Modoc,049,8938,7,5,0,5,0
2020-08-17,Mono,051,14174,162,126,1,127,1
2020-08-17,Monterey,053,433212,7246,6553,18,6571,44
2020-08-17,Napa,055,140530,1384,1255,3,1258,10
2020-08-17,Nevada,057,99092,420,383,12,395,2
2020-08-17,Orange,059,3164182,48172,43621,1063,44684,804
2020-08-17,Placer,061,380077,2833,2609,3,2612,28
2020-08-17,Plumas,063,18699,39,33,0,33,0
2020-08-17,Riverside,065,2383286,50906,48062,38,48100,916
2020-08-17,Sacramento,067,1510023,16539,14333,7,14340,219
2020-08-17,San Benito,069,59416,956,822,0,822,2
2020-08-17,San Bernardino,071,2135413,46592,42005,263,42268,604
2020-08-17,San Diego,073,3302833,36764,34962,212,35174,626
2020-08-17,San Francisco,075,870044,8876,7600,8,7608,72
2020-08-17,San Joaquin,077,732212,17366,15323,26,15349,280
2020-08-17,San Luis Obispo,079,281455,2733,2527,11,2538,18
2020-08-17,San Mateo,081,765935,7879,6987,4,6991,118
2020-08-17,Santa Barbara,083,443738,8232,7438,56,7494,80
2020-08-17,Santa Clara,085,1922200,16444,14546,20,14566,183
2020-08-17,Santa Cruz,087,273765,1694,1453,15,1468,6
2020-08-17,Shasta,089,179085,579,467,3,470,9
2020-08-17,Sierra,091,2930,6,6,0,6,0
2020-08-17,Siskiyou,093,43540,118,103,0,103,0
2020-08-17,Solano,095,438530,5088,4479,32,4511,31
2020-08-17,Sonoma,097,501317,5161,4402,16,4418,48
2020-08-17,Stanislaus,099,539301,14209,12745,210,12955,148
2020-08-17,Sutter,101,95872,1194,1071,1,1072,8
2020-08-17,Tehama,103,63373,372,324,2,326,1
2020-08-17,Trinity,105,12862,27,8,5,13,0
2020-08-17,Tulare,107,460477,13482,12487,41,12528,210
2020-08-17,Tuolumne,109,53932,170,157,3,160,1
2020-08-17,Ventura,111,848112,10323,9490,49,9539,89
2020-08-17,Yolo,113,214977,2259,2083,4,2087,47
2020-08-17,Yuba,115,75493,743,647,3,650,1
2020-08-16,Alameda,001,1643700,16934,15338,122,15460,221
2020-08-16,Alpine,003,1148,3,2,0,2,0
2020-08-16,Amador,005,37829,258,215,0,215,9
2020-08-16,Butte,007,227075,1589,1432,13,1445,15
2020-08-16,Calaveras,009,45235,194,167,0,167,1
2020-08-16,Colusa,011,21464,429,407,0,407,5
2020-08-16,Contra Costa,013,1133247,13072,11255,42,11297,140
2020-08-16,Del Norte,015,27424,103,77,0,77,0
2020-08-16,El Dorado,017,186661,938,843,0,843,2
2020-08-16,Fresno,019,978130,25505,21010,241,21251,211
2020-08-16,Glenn,021,27897,423,400,0,400,2
2020-08-16,Humboldt,023,135768,346,301,1,302,4
2020-08-16,Imperial,025,180216,10940,8883,5,8888,188
2020-08-16,Inyo,027,18085,149,125,0,125,1
2020-08-16,Kern,029,883053,28415,26520,165,26685,249
2020-08-16,Kings,031,150075,5687,5146,31,5177,58
2020-08-16,Lake,033,64148,301,269,0,269,2
2020-08-16,Lassen,035,31185,708,666,2,668,0
2020-08-16,Los Angeles,037,10098052,228775,222236,900,223136,5263
2020-08-16,Madera,039,155013,3572,3013,19,3032,26
2020-08-16,Marin,041,260295,5879,5664,12,5676,46
2020-08-16,Mariposa,043,17540,71,61,0,61,2
2020-08-16,Mendocino,045,87422,526,451,0,451,8
2020-08-16,Merced,047,269075,7317,6744,3,6747,66
2020-08-16,Modoc,049,8938,7,5,0,5,0
2020-08-16,Mono,051,14174,162,126,1,127,1
2020-08-16,Monterey,053,433212,7148,6516,17,6533,44
2020-08-16,Napa,055,140530,1366,1241,2,1243,10
2020-08-16,Nevada,057,99092,409,379,12,391,2
2020-08-16,Orange,059,3164182,47922,43303,1052,44355,803
2020-08-16,Placer,061,380077,2804,2583,2,2585,28
2020-08-16,Plumas,063,18699,39,33,0,33,0
2020-08-16,Riverside,065,2383286,50575,47669,38,47707,910
2020-08-16,Sacramento,067,1510023,16299,14210,7,14217,219
2020-08-16,San Benito,069,59416,927,815,0,815,2
2020-08-16,San Bernardino,071,2135413,46169,41724,254,41978,603
2020-08-16,San Diego,073,3302833,36500,34680,197,34877,626
2020-08-16,San Francisco,075,870044,8788,7602,8,7610,72
2020-08-16,San Joaquin,077,732212,17164,15288,26,15314,280
2020-08-16,San Luis Obispo,079,281455,2704,2494,11,2505,17
2020-08-16,San Mateo,081,765935,7804,6942,4,6946,118
2020-08-16,Santa Barbara,083,443738,8183,7368,56,7424,79
2020-08-16,Santa Clara,085,1922200,16246,14329,20,14349,183
2020-08-16,Santa Cruz,087,273765,1667,1449,14,1463,6
2020-08-16,Shasta,089,179085,572,465,3,468,9
2020-08-16,Sierra,091,2930,6,6,0,6,0
2020-08-16,Siskiyou,093,43540,117,102,0,102,0
2020-08-16,Solano,095,438530,5028,4479,32,4511,31
2020-08-16,Sonoma,097,501317,5057,4329,16,4345,46
2020-08-16,Stanislaus,099,539301,14054,12668,197,12865,148
2020-08-16,Sutter,101,95872,1176,1071,1,1072,8
2020-08-16,Tehama,103,63373,362,318,2,320,1
2020-08-16,Trinity,105,12862,26,8,5,13,0
2020-08-16,Tulare,107,460477,13350,12334,37,12371,211
2020-08-16,Tuolumne,109,53932,170,156,3,159,1
2020-08-16,Ventura,111,848112,10214,9408,44,9452,89
2020-08-16,Yolo,113,214977,2240,2057,4,2061,47
2020-08-16,Yuba,115,75493,734,647,2,649,1
2020-08-15,Alameda,001,1643700,16857,15165,122,15287,221
2020-08-15,Alpine,003,1148,3,2,0,2,0
2020-08-15,Amador,005,37829,258,210,0,210,9
2020-08-15,Butte,007,227075,1567,1409,13,1422,15
2020-08-15,Calaveras,009,45235,192,167,0,167,1
2020-08-15,Colusa,011,21464,428,401,0,401,5
2020-08-15,Contra Costa,013,1133247,12976,11106,42,11148,138
2020-08-15,Del Norte,015,27424,103,77,0,77,0
2020-08-15,El Dorado,017,186661,933,838,0,838,2
2020-08-15,Fresno,019,978130,25389,20603,239,20842,211
2020-08-15,Glenn,021,27897,423,398,0,398,2
2020-08-15,Humboldt,023,135768,345,301,1,302,4
2020-08-15,Imperial,025,180216,10920,8794,5,8799,188
2020-08-15,Inyo,027,18085,149,123,0,123,1
2020-08-15,Kern,029,883053,28327,26338,165,26503,249
2020-08-15,Kings,031,150075,5669,5039,31,5070,56
2020-08-15,Lake,033,64148,299,268,0,268,2
2020-08-15,Lassen,035,31185,708,666,2,668,0
2020-08-15,Los Angeles,037,10098052,228023,221043,891,221934,5252
2020-08-15,Madera,039,155013,3522,2950,19,2969,26
2020-08-15,Marin,041,260295,5872,5628,12,5640,46
2020-08-15,Mariposa,043,17540,71,61,0,61,2
2020-08-15,Mendocino,045,87422,522,444,0,444,8
2020-08-15,Merced,047,269075,7283,6656,3,6659,66
2020-08-15,Modoc,049,8938,7,5,0,5,0
2020-08-15,Mono,051,14174,162,126,1,127,1
2020-08-15,Monterey,053,433212,7103,6162,17,6179,44
2020-08-15,Napa,055,140530,1356,1232,2,1234,10
2020-08-15,Nevada,057,99092,409,376,12,388,2
2020-08-15,Orange,059,3164182,47809,42811,1041,43852,801
2020-08-15,Placer,061,380077,2783,2551,2,2553,27
2020-08-15,Plumas,063,18699,39,33,0,33,0
2020-08-15,Riverside,065,2383286,50424,46720,38,46758,910
2020-08-15,Sacramento,067,1510023,16189,14018,7,14025,219
2020-08-15,San Benito,069,59416,914,805,0,805,2
2020-08-15,San Bernardino,071,2135413,46017,41231,252,41483,602
2020-08-15,San Diego,073,3302833,36334,34346,183,34529,639
2020-08-15,San Francisco,075,870044,8724,7601,8,7609,69
2020-08-15,San Joaquin,077,732212,17091,15113,26,15139,280
2020-08-15,San Luis Obispo,079,281455,2687,2461,11,2472,17
2020-08-15,San Mateo,081,765935,7767,6860,4,6864,118
2020-08-15,Santa Barbara,083,443738,8155,7338,56,7394,79
2020-08-15,Santa Clara,085,1922200,16150,14105,20,14125,183
2020-08-15,Santa Cruz,087,273765,1646,1449,14,1463,6
2020-08-15,Shasta,089,179085,569,458,3,461,9
2020-08-15,Sierra,091,2930,6,6,0,6,0
2020-08-15,Siskiyou,093,43540,116,100,0,100,0
2020-08-15,Solano,095,438530,5006,4477,32,4509,31
2020-08-15,Sonoma,097,501317,5002,4134,16,4150,45
2020-08-15,Stanislaus,099,539301,13991,12541,195,12736,149
2020-08-15,Sutter,101,95872,1165,1046,1,1047,8
2020-08-15,Tehama,103,63373,361,312,2,314,1
2020-08-15,Trinity,105,12862,24,6,5,11,0
2020-08-15,Tulare,107,460477,13312,12262,37,12299,211
2020-08-15,Tuolumne,109,53932,170,155,3,158,1
2020-08-15,Ventura,111,848112,10156,9379,42,9421,89
2020-08-15,Yolo,113,214977,2228,2031,4,2035,46
2020-08-15,Yuba,115,75493,730,623,2,625,1
2020-08-14,Alameda,001,1643700,16718,14909,122,15031,221
2020-08-14,Alpine,003,1148,3,2,0,2,0
2020-08-14,Amador,005,37829,258,209,0,209,9
2020-08-14,Butte,007,227075,1558,1384,13,1397,15
2020-08-14,Calaveras,009,45235,188,165,0,165,1
2020-08-14,Colusa,011,21464,426,399,0,399,5
2020-08-14,Contra Costa,013,1133247,12864,10893,42,10935,137
2020-08-14,Del Norte,015,27424,103,76,0,76,0
2020-08-14,El Dorado,017,186661,925,827,0,827,2
2020-08-14,Fresno,019,978130,25255,19900,239,20139,208
2020-08-14,Glenn,021,27897,421,395,0,395,2
2020-08-14,Humboldt,023,135768,339,294,1,295,4
2020-08-14,Imperial,025,180216,10896,8756,5,8761,185
2020-08-14,Inyo,027,18085,148,115,0,115,1
2020-08-14,Kern,029,883053,28223,25893,164,26057,249
2020-08-14,Kings,031,150075,5655,4953,31,4984,56
2020-08-14,Lake,033,64148,290,267,0,267,2
2020-08-14,Lassen,035,31185,708,665,2,667,0
2020-08-14,Los Angeles,037,10098052,226857,219083,874,219957,5222
2020-08-14,Madera,039,155013,3492,2876,19,2895,26
2020-08-14,Marin,041,260295,5861,5601,12,5613,46
2020-08-14,Mariposa,043,17540,70,61,0,61,2
2020-08-14,Mendocino,045,87422,513,432,0,432,8
2020-08-14,Merced,047,269075,7253,6466,3,6469,67
2020-08-14,Modoc,049,8938,7,5,0,5,0
2020-08-14,Mono,051,14174,162,126,1,127,1
2020-08-14,Monterey,053,433212,7052,6121,17,6138,41
2020-08-14,Napa,055,140530,1346,1230,2,1232,10
2020-08-14,Nevada,057,99092,405,377,12,389,2
2020-08-14,Orange,059,3164182,47660,42399,1027,43426,798
2020-08-14,Placer,061,380077,2764,2546,2,2548,26
2020-08-14,Plumas,063,18699,38,33,0,33,0
2020-08-14,Riverside,065,2383286,50195,46456,38,46494,891
2020-08-14,Sacramento,067,1510023,16039,13645,7,13652,212
2020-08-14,San Benito,069,59416,897,783,0,783,2
2020-08-14,San Bernardino,071,2135413,45831,40442,248,40690,594
2020-08-14,San Diego,073,3302833,36140,34067,176,34243,622
2020-08-14,San Francisco,075,870044,8665,7467,8,7475,69
2020-08-14,San Joaquin,077,732212,16992,14925,26,14951,276
2020-08-14,San Luis Obispo,079,281455,2672,2422,11,2433,17
2020-08-14,San Mateo,081,765935,7708,6655,4,6659,118
2020-08-14,Santa Barbara,083,443738,8105,7302,56,7358,77
2020-08-14,Santa Clara,085,1922200,15984,13785,19,13804,183
2020-08-14,Santa Cruz,087,273765,1624,1418,13,1431,6
2020-08-14,Shasta,089,179085,564,446,3,449,9
2020-08-14,Sierra,091,2930,6,5,0,5,0
2020-08-14,Siskiyou,093,43540,116,98,0,98,0
2020-08-14,Solano,095,438530,4985,4421,32,4453,31
2020-08-14,Sonoma,097,501317,4943,4087,13,4100,45
2020-08-14,Stanislaus,099,539301,13914,12379,191,12570,140
2020-08-14,Sutter,101,95872,1157,1039,1,1040,8
2020-08-14,Tehama,103,63373,357,305,2,307,1
2020-08-14,Trinity,105,12862,24,6,5,11,0
2020-08-14,Tulare,107,460477,13235,12009,37,12046,211
2020-08-14,Tuolumne,109,53932,169,155,3,158,1
2020-08-14,Ventura,111,848112,10081,9313,42,9355,89
2020-08-14,Yolo,113,214977,2214,1991,4,1995,45
2020-08-14,Yuba,115,75493,714,606,2,608,1
2020-08-13,Alameda,001,1643700,16443,14385,122,14507,218
2020-08-13,Alpine,003,1148,3,2,0,2,0
2020-08-13,Amador,005,37829,258,198,0,198,8
2020-08-13,Butte,007,227075,1533,1345,13,1358,15
2020-08-13,Calaveras,009,45235,186,162,0,162,1
2020-08-13,Colusa,011,21464,426,395,0,395,5
2020-08-13,Contra Costa,013,1133247,12711,10545,41,10586,136
2020-08-13,Del Norte,015,27424,102,74,0,74,0
2020-08-13,El Dorado,017,186661,920,803,0,803,2
2020-08-13,Fresno,019,978130,25031,19157,232,19389,201
2020-08-13,Glenn,021,27897,417,392,0,392,1
2020-08-13,Humboldt,023,135768,331,281,1,282,4
2020-08-13,Imperial,025,180216,10865,8640,5,8645,170
2020-08-13,Inyo,027,18085,144,97,0,97,1
2020-08-13,Kern,029,883053,28056,25472,161,25633,242
2020-08-13,Kings,031,150075,5621,4824,31,4855,52
2020-08-13,Lake,033,64148,285,263,0,263,2
2020-08-13,Lassen,035,31185,708,652,2,654,0
2020-08-13,Los Angeles,037,10098052,225459,216497,852,217349,5179
2020-08-13,Madera,039,155013,3449,2675,18,2693,25
2020-08-13,Marin,041,260295,5845,5503,12,5515,44
2020-08-13,Mariposa,043,17540,69,61,0,61,2
2020-08-13,Mendocino,045,87422,508,401,0,401,8
2020-08-13,Merced,047,269075,7135,5945,3,5948,63
2020-08-13,Modoc,049,8938,7,5,0,5,0
2020-08-13,Mono,051,14174,162,124,1,125,1
2020-08-13,Monterey,053,433212,6969,5925,17,5942,38
2020-08-13,Napa,055,140530,1337,1179,2,1181,10
2020-08-13,Nevada,057,99092,401,362,12,374,1
2020-08-13,Orange,059,3164182,47421,42019,1015,43034,773
2020-08-13,Placer,061,380077,2742,2460,2,2462,26
2020-08-13,Plumas,063,18699,38,32,0,32,0
2020-08-13,Riverside,065,2383286,49901,45327,38,45365,885
2020-08-13,Sacramento,067,1510023,15837,13237,7,13244,197
2020-08-13,San Benito,069,59416,868,757,0,757,2
2020-08-13,San Bernardino,071,2135413,45437,39395,242,39637,591
2020-08-13,San Diego,073,3302833,35904,33661,158,33819,627
2020-08-13,San Francisco,075,870044,8571,7277,8,7285,69
2020-08-13,San Joaquin,077,732212,16838,14537,25,14562,261
2020-08-13,San Luis Obispo,079,281455,2651,2283,11,2294,16
2020-08-13,San Mateo,081,765935,7646,6503,4,6507,117
2020-08-13,Santa Barbara,083,443738,8060,7129,55,7184,74
2020-08-13,Santa Clara,085,1922200,15761,13257,19,13276,182
2020-08-13,Santa Cruz,087,273765,1599,1383,13,1396,6
2020-08-13,Shasta,089,179085,560,428,3,431,9
2020-08-13,Sierra,091,2930,6,5,0,5,0
2020-08-13,Siskiyou,093,43540,116,95,0,95,0
2020-08-13,Solano,095,438530,4948,4305,32,4337,31
2020-08-13,Sonoma,097,501317,4869,3902,13,3915,45
2020-08-13,Stanislaus,099,539301,13784,11953,175,12128,136
2020-08-13,Sutter,101,95872,1136,992,1,993,8
2020-08-13,Tehama,103,63373,348,302,2,304,1
2020-08-13,Trinity,105,12862,23,6,5,11,0
2020-08-13,Tulare,107,460477,13092,11692,34,11726,210
2020-08-13,Tuolumne,109,53932,168,152,3,155,1
2020-08-13,Ventura,111,848112,9992,9114,42,9156,90
2020-08-13,Yolo,113,214977,2187,1938,4,1942,44
2020-08-13,Yuba,115,75493,698,568,2,570,1
2020-08-12,Alameda,001,1643700,16230,14214,122,14336,215
2020-08-12,Alpine,003,1148,3,2,0,2,0
2020-08-12,Amador,005,37829,255,197,0,197,8
2020-08-12,Butte,007,227075,1505,1317,13,1330,15
2020-08-12,Calaveras,009,45235,183,157,0,157,1
2020-08-12,Colusa,011,21464,421,394,0,394,5
2020-08-12,Contra Costa,013,1133247,12567,10304,39,10343,134
2020-08-12,Del Norte,015,27424,101,74,0,74,0
2020-08-12,El Dorado,017,186661,902,794,0,794,2
2020-08-12,Fresno,019,978130,24801,18690,226,18916,194
2020-08-12,Glenn,021,27897,414,388,0,388,1
2020-08-12,Humboldt,023,135768,324,281,1,282,4
2020-08-12,Imperial,025,180216,10843,8566,5,8571,167
2020-08-12,Inyo,027,18085,127,97,0,97,1
2020-08-12,Kern,029,883053,27865,25191,159,25350,232
2020-08-12,Kings,031,150075,5582,4736,31,4767,50
2020-08-12,Lake,033,64148,283,253,0,253,2
2020-08-12,Lassen,035,31185,707,651,2,653,0
2020-08-12,Los Angeles,037,10098052,224003,214542,836,215378,5119
2020-08-12,Madera,039,155013,3415,2681,16,2697,23
2020-08-12,Marin,041,260295,5823,5423,12,5435,44
2020-08-12,Mariposa,043,17540,69,61,0,61,2
2020-08-12,Mendocino,045,87422,489,386,0,386,9
2020-08-12,Merced,047,269075,7073,5777,3,5780,66
2020-08-12,Modoc,049,8938,7,5,0,5,0
2020-08-12,Mono,051,14174,161,124,1,125,1
2020-08-12,Monterey,053,433212,6865,5919,17,5936,38
2020-08-12,Napa,055,140530,1327,1161,2,1163,10
2020-08-12,Nevada,057,99092,396,357,12,369,1
2020-08-12,Orange,059,3164182,47170,41576,990,42566,754
2020-08-12,Placer,061,380077,2710,2417,2,2419,25
2020-08-12,Plumas,063,18699,38,31,0,31,0
2020-08-12,Riverside,065,2383286,49553,44747,38,44785,867
2020-08-12,Sacramento,067,1510023,15625,12528,7,12535,189
2020-08-12,San Benito,069,59416,855,751,0,751,2
2020-08-12,San Bernardino,071,2135413,45094,38811,233,39044,589
2020-08-12,San Diego,073,3302833,35695,33395,138,33533,608
2020-08-12,San Francisco,075,870044,8487,7194,8,7202,66
2020-08-12,San Joaquin,077,732212,16695,14154,25,14179,253
2020-08-12,San Luis Obispo,079,281455,2626,2263,11,2274,15
2020-08-12,San Mateo,081,765935,7567,6427,4,6431,117
2020-08-12,Santa Barbara,083,443738,8000,7049,53,7102,74
2020-08-12,Santa Clara,085,1922200,15585,13002,19,13021,182
2020-08-12,Santa Cruz,087,273765,1570,1382,12,1394,6
2020-08-12,Shasta,089,179085,556,417,3,420,9
2020-08-12,Sierra,091,2930,5,4,0,4,0
2020-08-12,Siskiyou,093,43540,115,90,0,90,0
2020-08-12,Solano,095,438530,4903,4258,32,4290,31
2020-08-12,Sonoma,097,501317,4795,3847,13,3860,47
2020-08-12,Stanislaus,099,539301,13646,11682,166,11848,136
2020-08-12,Sutter,101,95872,1112,987,1,988,7
2020-08-12,Tehama,103,63373,338,289,2,291,1
2020-08-12,Trinity,105,12862,22,6,5,11,0
2020-08-12,Tulare,107,460477,12964,11460,34,11494,211
2020-08-12,Tuolumne,109,53932,167,150,3,153,1
2020-08-12,Ventura,111,848112,9907,9005,41,9046,87
2020-08-12,Yolo,113,214977,2163,1921,4,1925,44
2020-08-12,Yuba,115,75493,676,549,1,550,1
2020-08-11,Alameda,001,1643700,15971,13960,119,14079,204
2020-08-11,Alpine,003,1148,3,2,0,2,0
2020-08-11,Amador,005,37829,249,187,0,187,3
2020-08-11,Butte,007,227075,1478,1296,13,1309,15
2020-08-11,Calaveras,009,45235,181,161,0,161,1
2020-08-11,Colusa,011,21464,416,390,0,390,5
2020-08-11,Contra Costa,013,1133247,12378,10012,37,10049,131
2020-08-11,Del Norte,015,27424,100,73,0,73,0
2020-08-11,El Dorado,017,186661,895,786,0,786,2
2020-08-11,Fresno,019,978130,24480,18344,223,18567,187
2020-08-11,Glenn,021,27897,412,380,0,380,1
2020-08-11,Humboldt,023,135768,319,283,1,284,4
2020-08-11,Imperial,025,180216,10788,8518,5,8523,165
2020-08-11,Inyo,027,18085,122,97,0,97,1
2020-08-11,Kern,029,883053,27531,25042,156,25198,230
2020-08-11,Kings,031,150075,5395,4696,31,4727,50
2020-08-11,Lake,033,64148,280,243,0,243,2
2020-08-11,Lassen,035,31185,701,605,2,607,0
2020-08-11,Los Angeles,037,10098052,222499,212421,811,213232,5065
2020-08-11,Madera,039,155013,3361,2673,16,2689,22
2020-08-11,Marin,041,260295,5795,5287,11,5298,44
2020-08-11,Mariposa,043,17540,68,60,0,60,2
2020-08-11,Mendocino,045,87422,479,385,0,385,9
2020-08-11,Merced,047,269075,6978,5322,2,5324,65
2020-08-11,Modoc,049,8938,7,5,0,5,0
2020-08-11,Mono,051,14174,161,124,1,125,1
2020-08-11,Monterey,053,433212,6757,5624,17,5641,36
2020-08-11,Napa,055,140530,1316,1143,1,1144,11
2020-08-11,Nevada,057,99092,393,358,12,370,1
2020-08-11,Orange,059,3164182,46950,41205,967,42172,742
2020-08-11,Placer,061,380077,2678,2393,2,2395,24
2020-08-11,Plumas,063,18699,38,31,0,31,0
2020-08-11,Riverside,065,2383286,49194,44237,38,44275,836
2020-08-11,Sacramento,067,1510023,15334,12298,7,12305,182
2020-08-11,San Benito,069,59416,843,750,0,750,2
2020-08-11,San Bernardino,071,2135413,44752,38467,226,38693,584
2020-08-11,San Diego,073,3302833,35428,33159,119,33278,602
2020-08-11,San Francisco,075,870044,8391,6988,8,6996,66
2020-08-11,San Joaquin,077,732212,16518,13997,20,14017,251
2020-08-11,San Luis Obispo,079,281455,2569,2234,11,2245,15
2020-08-11,San Mateo,081,765935,7492,6339,4,6343,117
2020-08-11,Santa Barbara,083,443738,7950,6942,53,6995,70
2020-08-11,Santa Clara,085,1922200,15364,12920,19,12939,183
2020-08-11,Santa Cruz,087,273765,1547,1352,12,1364,4
2020-08-11,Shasta,089,179085,552,416,3,419,9
2020-08-11,Sierra,091,2930,5,4,0,4,0
2020-08-11,Siskiyou,093,43540,115,90,0,90,0
2020-08-11,Solano,095,438530,4855,4206,31,4237,31
2020-08-11,Sonoma,097,501317,4701,3752,13,3765,45
2020-08-11,Stanislaus,099,539301,13542,11592,154,11746,128
2020-08-11,Sutter,101,95872,1090,964,1,965,7
2020-08-11,Tehama,103,63373,334,289,2,291,1
2020-08-11,Trinity,105,12862,22,5,5,10,0
2020-08-11,Tulare,107,460477,12839,11392,33,11425,201
2020-08-11,Tuolumne,109,53932,163,146,3,149,1
2020-08-11,Ventura,111,848112,9839,8953,40,8993,88
2020-08-11,Yolo,113,214977,2141,1912,4,1916,44
2020-08-11,Yuba,115,75493,665,540,1,541,1
2020-08-10,Alameda,001,1643700,15729,13420,118,13538,203
2020-08-10,Alpine,003,1148,3,2,0,2,0
2020-08-10,Amador,005,37829,248,172,0,172,2
2020-08-10,Butte,007,227075,1454,1174,12,1186,15
2020-08-10,Calaveras,009,45235,171,121,0,121,1
2020-08-10,Colusa,011,21464,414,387,0,387,4
2020-08-10,Contra Costa,013,1133247,12225,9454,35,9489,130
2020-08-10,Del Norte,015,27424,98,69,0,69,0
2020-08-10,El Dorado,017,186661,883,771,0,771,2
2020-08-10,Fresno,019,978130,24199,17978,222,18200,183
2020-08-10,Glenn,021,27897,409,381,0,381,1
2020-08-10,Humboldt,023,135768,313,277,1,278,4
2020-08-10,Imperial,025,180216,10744,8465,5,8470,165
2020-08-10,Inyo,027,18085,122,97,0,97,1
2020-08-10,Kern,029,883053,27305,24499,155,24654,215
2020-08-10,Kings,031,150075,5289,4588,31,4619,50
2020-08-10,Lake,033,64148,273,239,0,239,2
2020-08-10,Lassen,035,31185,701,588,2,590,0
2020-08-10,Los Angeles,037,10098052,220913,211035,793,211828,5003
2020-08-10,Madera,039,155013,3328,2365,15,2380,22
2020-08-10,Marin,041,260295,5750,5242,10,5252,44
2020-08-10,Mariposa,043,17540,68,57,0,57,2
2020-08-10,Mendocino,045,87422,455,364,0,364,1
2020-08-10,Merced,047,269075,6897,4913,2,4915,51
2020-08-10,Modoc,049,8938,7,5,0,5,0
2020-08-10,Mono,051,14174,161,123,1,124,1
2020-08-10,Monterey,053,433212,6647,5358,17,5375,34
2020-08-10,Napa,055,140530,1298,1084,1,1085,8
2020-08-10,Nevada,057,99092,385,356,12,368,1
2020-08-10,Orange,059,3164182,46682,40445,949,41394,721
2020-08-10,Placer,061,380077,2639,2298,2,2300,21
2020-08-10,Plumas,063,18699,38,27,0,27,0
2020-08-10,Riverside,065,2383286,48808,43296,37,43333,830
2020-08-10,Sacramento,067,1510023,15023,12059,7,12066,168
2020-08-10,San Benito,069,59416,830,743,0,743,2
2020-08-10,San Bernardino,071,2135413,44375,37367,216,37583,579
2020-08-10,San Diego,073,3302833,35162,32977,103,33080,594
2020-08-10,San Francisco,075,870044,8301,6816,7,6823,66
2020-08-10,San Joaquin,077,732212,16336,13308,20,13328,240
2020-08-10,San Luis Obispo,079,281455,2470,2208,11,2219,15
2020-08-10,San Mateo,081,765935,7415,6222,4,6226,117
2020-08-10,Santa Barbara,083,443738,7895,6869,53,6922,66
2020-08-10,Santa Clara,085,1922200,15104,12615,19,12634,182
2020-08-10,Santa Cruz,087,273765,1527,1239,11,1250,4
2020-08-10,Shasta,089,179085,548,384,3,387,9
2020-08-10,Sierra,091,2930,5,3,0,3,0
2020-08-10,Siskiyou,093,43540,112,88,0,88,0
2020-08-10,Solano,095,438530,4795,4101,31,4132,31
2020-08-10,Sonoma,097,501317,4532,3640,9,3649,42
2020-08-10,Stanislaus,099,539301,13360,10855,137,10992,106
2020-08-10,Sutter,101,95872,1065,865,1,866,7
2020-08-10,Tehama,103,63373,327,282,2,284,1
2020-08-10,Trinity,105,12862,20,5,5,10,0
2020-08-10,Tulare,107,460477,12666,10750,31,10781,194
2020-08-10,Tuolumne,109,53932,163,143,2,145,1
2020-08-10,Ventura,111,848112,9755,8851,39,8890,85
2020-08-10,Yolo,113,214977,2118,1840,4,1844,45
2020-08-10,Yuba,115,75493,648,527,1,528,1
2020-08-09,Alameda,001,1643700,15449,13241,116,13357,203
2020-08-09,Alpine,003,1148,3,2,0,2,0
2020-08-09,Amador,005,37829,243,153,0,153,2
2020-08-09,Butte,007,227075,1410,1155,12,1167,15
2020-08-09,Calaveras,009,45235,166,122,0,122,1
2020-08-09,Colusa,011,21464,410,371,0,371,4
2020-08-09,Contra Costa,013,1133247,11998,9214,33,9247,130
2020-08-09,Del Norte,015,27424,98,69,0,69,0
2020-08-09,El Dorado,017,186661,875,748,0,748,2
2020-08-09,Fresno,019,978130,23891,17846,218,18064,183
2020-08-09,Glenn,021,27897,407,354,0,354,1
2020-08-09,Humboldt,023,135768,307,279,1,280,4
2020-08-09,Imperial,025,180216,10700,8310,4,8314,165
2020-08-09,Inyo,027,18085,117,86,0,86,1
2020-08-09,Kern,029,883053,27049,23680,155,23835,215
2020-08-09,Kings,031,150075,5246,4446,30,4476,50
2020-08-09,Lake,033,64148,266,225,0,225,2
2020-08-09,Lassen,035,31185,695,589,2,591,0
2020-08-09,Los Angeles,037,10098052,218847,208810,770,209580,4984
2020-08-09,Madera,039,155013,3269,2322,11,2333,22
2020-08-09,Marin,041,260295,5707,5204,10,5214,44
2020-08-09,Mariposa,043,17540,66,56,0,56,2
2020-08-09,Mendocino,045,87422,445,283,0,283,1
2020-08-09,Merced,047,269075,6799,4735,1,4736,51
2020-08-09,Modoc,049,8938,7,4,0,4,0
2020-08-09,Mono,051,14174,160,113,1,114,1
2020-08-09,Monterey,053,433212,6523,5199,17,5216,34
2020-08-09,Napa,055,140530,1279,1062,1,1063,8
2020-08-09,Nevada,057,99092,377,332,12,344,1
2020-08-09,Orange,059,3164182,46383,39244,934,40178,722
2020-08-09,Placer,061,380077,2610,2211,2,2213,20
2020-08-09,Plumas,063,18699,38,27,0,27,0
2020-08-09,Riverside,065,2383286,48464,41894,36,41930,828
2020-08-09,Sacramento,067,1510023,14743,11301,7,11308,167
2020-08-09,San Benito,069,59416,811,687,0,687,2
2020-08-09,San Bernardino,071,2135413,43900,36092,216,36308,579
2020-08-09,San Diego,073,3302833,34871,32749,92,32841,594
2020-08-09,San Francisco,075,870044,8186,6820,7,6827,66
2020-08-09,San Joaquin,077,732212,16131,12933,19,12952,240
2020-08-09,San Luis Obispo,079,281455,2434,2124,11,2135,15
2020-08-09,San Mateo,081,765935,7320,6094,4,6098,117
2020-08-09,Santa Barbara,083,443738,7808,6669,53,6722,66
2020-08-09,Santa Clara,085,1922200,14834,11878,19,11897,181
2020-08-09,Santa Cruz,087,273765,1503,1246,11,1257,4
2020-08-09,Shasta,089,179085,544,361,3,364,9
2020-08-09,Sierra,091,2930,5,3,0,3,0
2020-08-09,Siskiyou,093,43540,111,74,0,74,0
2020-08-09,Solano,095,438530,4742,3954,30,3984,31
2020-08-09,Sonoma,097,501317,4396,3531,7,3538,41
2020-08-09,Stanislaus,099,539301,13152,10264,124,10388,106
2020-08-09,Sutter,101,95872,1031,857,1,858,7
2020-08-09,Tehama,103,63373,319,265,2,267,1
2020-08-09,Trinity,105,12862,20,5,5,10,0
2020-08-09,Tulare,107,460477,12474,10630,28,10658,194
2020-08-09,Tuolumne,109,53932,160,143,2,145,1
2020-08-09,Ventura,111,848112,9608,8633,38,8671,85
2020-08-09,Yolo,113,214977,2087,1765,4,1769,44
2020-08-09,Yuba,115,75493,628,442,1,443,1
2020-08-08,Alameda,001,1643700,15339,13087,116,13203,204
2020-08-08,Alpine,003,1148,3,2,0,2,0
2020-08-08,Amador,005,37829,243,139,0,139,2
2020-08-08,Butte,007,227075,1392,1140,12,1152,15
2020-08-08,Calaveras,009,45235,165,122,0,122,1
2020-08-08,Colusa,011,21464,409,368,0,368,4
2020-08-08,Contra Costa,013,1133247,11889,9104,33,9137,129
2020-08-08,Del Norte,015,27424,97,69,0,69,0
2020-08-08,El Dorado,017,186661,868,734,0,734,2
2020-08-08,Fresno,019,978130,23755,17538,216,17754,183
2020-08-08,Glenn,021,27897,407,344,0,344,1
2020-08-08,Humboldt,023,135768,304,277,1,278,4
2020-08-08,Imperial,025,180216,10685,8213,4,8217,165
2020-08-08,Inyo,027,18085,113,86,0,86,1
2020-08-08,Kern,029,883053,26935,22803,155,22958,215
2020-08-08,Kings,031,150075,5232,4367,30,4397,49
2020-08-08,Lake,033,64148,264,221,0,221,2
2020-08-08,Lassen,035,31185,695,589,2,591,0
2020-08-08,Los Angeles,037,10098052,217960,206971,759,207730,4974
2020-08-08,Madera,039,155013,3238,2275,11,2286,22
2020-08-08,Marin,041,260295,5687,5118,10,5128,44
2020-08-08,Mariposa,043,17540,65,55,0,55,2
2020-08-08,Mendocino,045,87422,443,264,0,264,1
2020-08-08,Merced,047,269075,6759,4570,1,4571,51
2020-08-08,Modoc,049,8938,7,4,0,4,0
2020-08-08,Mono,051,14174,160,113,1,114,1
2020-08-08,Monterey,053,433212,6465,5101,17,5118,33
2020-08-08,Napa,055,140530,1271,1062,1,1063,8
2020-08-08,Nevada,057,99092,375,325,12,337,1
2020-08-08,Orange,059,3164182,46256,38688,925,39613,718
2020-08-08,Placer,061,380077,2593,2153,2,2155,20
2020-08-08,Plumas,063,18699,38,27,0,27,0
2020-08-08,Riverside,065,2383286,48260,41412,36,41448,823
2020-08-08,Sacramento,067,1510023,14614,11144,7,11151,166
2020-08-08,San Benito,069,59416,803,684,0,684,2
2020-08-08,San Bernardino,071,2135413,43704,35691,215,35906,531
2020-08-08,San Diego,073,3302833,34682,32332,83,32415,593
2020-08-08,San Francisco,075,870044,8120,6820,7,6827,66
2020-08-08,San Joaquin,077,732212,16050,12559,18,12577,240
2020-08-08,San Luis Obispo,079,281455,2411,2081,11,2092,15
2020-08-08,San Mateo,081,765935,7262,6021,4,6025,117
2020-08-08,Santa Barbara,083,443738,7770,6598,53,6651,66
2020-08-08,Santa Clara,085,1922200,14682,11615,19,11634,181
2020-08-08,Santa Cruz,087,273765,1489,1247,11,1258,4
2020-08-08,Shasta,089,179085,542,343,3,346,9
2020-08-08,Sierra,091,2930,5,3,0,3,0
2020-08-08,Siskiyou,093,43540,111,73,0,73,0
2020-08-08,Solano,095,438530,4721,3889,29,3918,31
2020-08-08,Sonoma,097,501317,4364,3399,7,3406,41
2020-08-08,Stanislaus,099,539301,13077,9963,118,10081,105
2020-08-08,Sutter,101,95872,1021,830,1,831,7
2020-08-08,Tehama,103,63373,318,251,2,253,1
2020-08-08,Trinity,105,12862,20,5,5,10,0
2020-08-08,Tulare,107,460477,12398,10505,28,10533,192
2020-08-08,Tuolumne,109,53932,160,143,2,145,1
2020-08-08,Ventura,111,848112,9554,8462,37,8499,85
2020-08-08,Yolo,113,214977,2074,1725,4,1729,44
2020-08-08,Yuba,115,75493,619,430,1,431,1
2020-08-07,Alameda,001,1643700,15230,12805,116,12921,204
2020-08-07,Alpine,003,1148,3,2,0,2,0
2020-08-07,Amador,005,37829,241,125,0,125,2
2020-08-07,Butte,007,227075,1374,1092,12,1104,13
2020-08-07,Calaveras,009,45235,165,119,0,119,1
2020-08-07,Colusa,011,21464,408,358,0,358,4
2020-08-07,Contra Costa,013,1133247,11740,8810,33,8843,126
2020-08-07,Del Norte,015,27424,97,69,0,69,0
2020-08-07,El Dorado,017,186661,863,724,0,724,2
2020-08-07,Fresno,019,978130,23595,17290,216,17506,171
2020-08-07,Glenn,021,27897,406,339,0,339,1
2020-08-07,Humboldt,023,135768,300,274,1,275,4
2020-08-07,Imperial,025,180216,10660,8085,4,8089,164
2020-08-07,Inyo,027,18085,112,81,0,81,1
2020-08-07,Kern,029,883053,26809,22143,152,22295,206
2020-08-07,Kings,031,150075,5215,4315,30,4345,48
2020-08-07,Lake,033,64148,262,215,0,215,1
2020-08-07,Lassen,035,31185,694,588,2,590,0
2020-08-07,Los Angeles,037,10098052,216502,204406,747,205153,4924
2020-08-07,Madera,039,155013,3206,2245,11,2256,20
2020-08-07,Marin,041,260295,5658,5094,10,5104,43
2020-08-07,Mariposa,043,17540,65,53,0,53,2
2020-08-07,Mendocino,045,87422,429,262,0,262,1
2020-08-07,Merced,047,269075,6716,4358,1,4359,30
2020-08-07,Modoc,049,8938,7,4,0,4,0
2020-08-07,Mono,051,14174,160,112,1,113,1
2020-08-07,Monterey,053,433212,6390,5041,17,5058,33
2020-08-07,Napa,055,140530,1266,1055,1,1056,8
2020-08-07,Nevada,057,99092,372,324,12,336,1
2020-08-07,Orange,059,3164182,46044,38459,908,39367,701
2020-08-07,Placer,061,380077,2576,2078,2,2080,20
2020-08-07,Plumas,063,18699,38,25,0,25,0
2020-08-07,Riverside,065,2383286,47996,40902,35,40937,810
2020-08-07,Sacramento,067,1510023,14469,10798,7,10805,160
2020-08-07,San Benito,069,59416,797,647,0,647,2
2020-08-07,San Bernardino,071,2135413,43458,35200,214,35414,524
2020-08-07,San Diego,073,3302833,34497,31781,80,31861,586
2020-08-07,San Francisco,075,870044,8042,6765,7,6772,66
2020-08-07,San Joaquin,077,732212,15966,12392,18,12410,223
2020-08-07,San Luis Obispo,079,281455,2380,2050,11,2061,14
2020-08-07,San Mateo,081,765935,7203,5948,4,5952,117
2020-08-07,Santa Barbara,083,443738,7719,6509,53,6562,66
2020-08-07,Santa Clara,085,1922200,14483,11409,19,11428,180
2020-08-07,Santa Cruz,087,273765,1471,1234,11,1245,5
2020-08-07,Shasta,089,179085,537,342,3,345,9
2020-08-07,Sierra,091,2930,5,3,0,3,0
2020-08-07,Siskiyou,093,43540,108,73,0,73,0
2020-08-07,Solano,095,438530,4689,3844,28,3872,31
2020-08-07,Sonoma,097,501317,4300,3329,7,3336,34
2020-08-07,Stanislaus,099,539301,12956,9665,107,9772,98
2020-08-07,Sutter,101,95872,1017,807,1,808,6
2020-08-07,Tehama,103,63373,314,246,2,248,1
2020-08-07,Trinity,105,12862,19,5,5,10,0
2020-08-07,Tulare,107,460477,12321,10292,28,10320,195
2020-08-07,Tuolumne,109,53932,159,136,2,138,1
2020-08-07,Ventura,111,848112,9494,8356,35,8391,84
2020-08-07,Yolo,113,214977,2047,1689,4,1693,37
2020-08-07,Yuba,115,75493,614,413,1,414,1
2020-08-06,Alameda,001,1643700,15008,12474,115,12589,200
2020-08-06,Alpine,003,1148,3,2,0,2,0
2020-08-06,Amador,005,37829,227,125,0,125,0
2020-08-06,Butte,007,227075,1355,1060,12,1072,13
2020-08-06,Calaveras,009,45235,163,117,0,117,1
2020-08-06,Colusa,011,21464,405,358,0,358,3
2020-08-06,Contra Costa,013,1133247,11546,8583,32,8615,124
2020-08-06,Del Norte,015,27424,97,69,0,69,0
2020-08-06,El Dorado,017,186661,852,703,0,703,1
2020-08-06,Fresno,019,978130,23299,17031,208,17239,161
2020-08-06,Glenn,021,27897,401,332,0,332,1
2020-08-06,Humboldt,023,135768,295,266,1,267,4
2020-08-06,Imperial,025,180216,10617,8064,4,8068,163
2020-08-06,Inyo,027,18085,104,83,0,83,1
2020-08-06,Kern,029,883053,26573,21843,151,21994,197
2020-08-06,Kings,031,150075,5155,4264,28,4292,47
2020-08-06,Lake,033,64148,259,209,0,209,1
2020-08-06,Lassen,035,31185,692,588,2,590,0
2020-08-06,Los Angeles,037,10098052,214421,201372,730,202102,4874
2020-08-06,Madera,039,155013,3158,2240,10,2250,19
2020-08-06,Marin,041,260295,5626,5058,10,5068,43
2020-08-06,Mariposa,043,17540,64,52,0,52,2
2020-08-06,Mendocino,045,87422,415,260,0,260,1
2020-08-06,Merced,047,269075,6615,4235,1,4236,30
2020-08-06,Modoc,049,8938,7,4,0,4,0
2020-08-06,Mono,051,14174,159,111,1,112,1
2020-08-06,Monterey,053,433212,6281,5001,16,5017,33
2020-08-06,Napa,055,140530,1252,1032,1,1033,8
2020-08-06,Nevada,057,99092,367,321,12,333,1
2020-08-06,Orange,059,3164182,45752,38399,903,39302,694
2020-08-06,Placer,061,380077,2550,2045,2,2047,20
2020-08-06,Plumas,063,18699,37,25,0,25,0
2020-08-06,Riverside,065,2383286,47601,40269,35,40304,781
2020-08-06,Sacramento,067,1510023,14241,10548,7,10555,153
2020-08-06,San Benito,069,59416,789,626,0,626,2
2020-08-06,San Bernardino,071,2135413,43055,34819,211,35030,516
2020-08-06,San Diego,073,3302833,34230,31129,73,31202,583
2020-08-06,San Francisco,075,870044,7949,6737,6,6743,60
2020-08-06,San Joaquin,077,732212,15807,12269,18,12287,203
2020-08-06,San Luis Obispo,079,281455,2356,2000,10,2010,13
2020-08-06,San Mateo,081,765935,7103,5885,4,5889,117
2020-08-06,Santa Barbara,083,443738,7659,6620,53,6673,65
2020-08-06,Santa Clara,085,1922200,14254,11280,19,11299,178
2020-08-06,Santa Cruz,087,273765,1450,1215,11,1226,4
2020-08-06,Shasta,089,179085,528,343,3,346,9
2020-08-06,Sierra,091,2930,5,3,0,3,0
2020-08-06,Siskiyou,093,43540,108,73,0,73,0
2020-08-06,Solano,095,438530,4646,3784,28,3812,29
2020-08-06,Sonoma,097,501317,4236,3259,7,3266,33
2020-08-06,Stanislaus,099,539301,12807,9566,90,9656,98
2020-08-06,Sutter,101,95872,986,797,1,798,6
2020-08-06,Tehama,103,63373,311,242,2,244,1
2020-08-06,Trinity,105,12862,17,5,5,10,0
2020-08-06,Tulare,107,460477,12162,10169,28,10197,195
2020-08-06,Tuolumne,109,53932,158,136,2,138,1
2020-08-06,Ventura,111,848112,9383,8245,32,8277,80
2020-08-06,Yolo,113,214977,2023,1662,4,1666,36
2020-08-06,Yuba,115,75493,605,407,0,407,1
2020-08-05,Alameda,001,1643700,14795,12140,114,12254,193
2020-08-05,Alpine,003,1148,3,2,0,2,0
2020-08-05,Amador,005,37829,217,123,0,123,0
2020-08-05,Butte,007,227075,1321,1038,12,1050,13
2020-08-05,Calaveras,009,45235,160,116,0,116,1
2020-08-05,Colusa,011,21464,401,354,0,354,3
2020-08-05,Contra Costa,013,1133247,11382,8362,32,8394,122
2020-08-05,Del Norte,015,27424,96,69,0,69,0
2020-08-05,El Dorado,017,186661,844,692,0,692,1
2020-08-05,Fresno,019,978130,23057,16625,201,16826,159
2020-08-05,Glenn,021,27897,398,330,0,330,1
2020-08-05,Humboldt,023,135768,293,249,1,250,4
2020-08-05,Imperial,025,180216,10582,8036,4,8040,163
2020-08-05,Inyo,027,18085,102,62,0,62,1
2020-08-05,Kern,029,883053,26385,21540,146,21686,194
2020-08-05,Kings,031,150075,5110,4192,26,4218,47
2020-08-05,Lake,033,64148,252,209,0,209,1
2020-08-05,Lassen,035,31185,645,557,2,559,0
2020-08-05,Los Angeles,037,10098052,212502,198355,709,199064,4832
2020-08-05,Madera,039,155013,3116,2172,10,2182,19
2020-08-05,Marin,041,260295,5594,5036,10,5046,43
2020-08-05,Mariposa,043,17540,64,52,0,52,2
2020-08-05,Mendocino,045,87422,403,248,0,248,1
2020-08-05,Merced,047,269075,6480,4119,1,4120,30
2020-08-05,Modoc,049,8938,7,3,0,3,0
2020-08-05,Mono,051,14174,159,104,1,105,1
2020-08-05,Monterey,053,433212,6166,4936,16,4952,32
2020-08-05,Napa,055,140530,1240,1020,1,1021,8
2020-08-05,Nevada,057,99092,358,327,12,339,2
2020-08-05,Orange,059,3164182,45443,37907,895,38802,663
2020-08-05,Placer,061,380077,2509,1989,2,1991,18
2020-08-05,Plumas,063,18699,36,25,0,25,0
2020-08-05,Riverside,065,2383286,47210,39454,33,39487,761
2020-08-05,Sacramento,067,1510023,14022,10261,6,10267,151
2020-08-05,San Benito,069,59416,780,613,0,613,2
2020-08-05,San Bernardino,071,2135413,42592,34442,206,34648,504
2020-08-05,San Diego,073,3302833,34006,30866,57,30923,578
2020-08-05,San Francisco,075,870044,7856,6701,6,6707,60
2020-08-05,San Joaquin,077,732212,15644,12148,18,12166,199
2020-08-05,San Luis Obispo,079,281455,2333,1928,10,1938,13
2020-08-05,San Mateo,081,765935,7007,5695,4,5699,116
2020-08-05,Santa Barbara,083,443738,7598,6597,53,6650,63
2020-08-05,Santa Clara,085,1922200,14019,11074,19,11093,176
2020-08-05,Santa Cruz,087,273765,1430,1192,9,1201,4
2020-08-05,Shasta,089,179085,522,338,3,341,9
2020-08-05,Sierra,091,2930,5,3,0,3,0
2020-08-05,Siskiyou,093,43540,104,72,0,72,0
2020-08-05,Solano,095,438530,4595,3750,27,3777,29
2020-08-05,Sonoma,097,501317,4154,3173,7,3180,33
2020-08-05,Stanislaus,099,539301,12648,9408,85,9493,97
2020-08-05,Sutter,101,95872,975,780,1,781,6
2020-08-05,Tehama,103,63373,308,231,2,233,1
2020-08-05,Trinity,105,12862,17,5,5,10,0
2020-08-05,Tulare,107,460477,12022,9924,28,9952,192
2020-08-05,Tuolumne,109,53932,158,137,2,139,0
2020-08-05,Ventura,111,848112,9275,8162,29,8191,75
2020-08-05,Yolo,113,214977,1995,1634,4,1638,36
2020-08-05,Yuba,115,75493,588,400,0,400,1
2020-08-04,Alameda,001,1643700,14578,11983,113,12096,192
2020-08-04,Alpine,003,1148,3,2,0,2,0
2020-08-04,Amador,005,37829,202,123,0,123,0
2020-08-04,Butte,007,227075,1297,1011,12,1023,10
2020-08-04,Calaveras,009,45235,156,116,0,116,1
2020-08-04,Colusa,011,21464,396,354,0,354,3
2020-08-04,Contra Costa,013,1133247,11216,8210,32,8242,122
2020-08-04,Del Norte,015,27424,94,69,0,69,0
2020-08-04,El Dorado,017,186661,834,668,0,668,1
2020-08-04,Fresno,019,978130,22773,16272,193,16465,154
2020-08-04,Glenn,021,27897,397,325,0,325,1
2020-08-04,Humboldt,023,135768,283,241,1,242,4
2020-08-04,Imperial,025,180216,10545,7974,4,7978,163
2020-08-04,Inyo,027,18085,88,59,0,59,1
2020-08-04,Kern,029,883053,26101,21403,146,21549,190
2020-08-04,Kings,031,150075,5048,4163,26,4189,47
2020-08-04,Lake,033,64148,252,206,0,206,1
2020-08-04,Lassen,035,31185,642,556,2,558,0
2020-08-04,Los Angeles,037,10098052,210542,196014,678,196692,4764
2020-08-04,Madera,039,155013,3073,2161,5,2166,19
2020-08-04,Marin,041,260295,5563,5020,9,5029,43
2020-08-04,Mariposa,043,17540,64,51,0,51,2
2020-08-04,Mendocino,045,87422,378,248,0,248,1
2020-08-04,Merced,047,269075,6366,4085,1,4086,30
2020-08-04,Modoc,049,8938,7,3,0,3,0
2020-08-04,Mono,051,14174,158,104,0,104,1
2020-08-04,Monterey,053,433212,6052,4892,16,4908,32
2020-08-04,Napa,055,140530,1227,994,0,994,8
2020-08-04,Nevada,057,99092,357,322,12,334,2
2020-08-04,Orange,059,3164182,45069,37844,890,38734,659
2020-08-04,Placer,061,380077,2472,1964,2,1966,17
2020-08-04,Plumas,063,18699,36,25,0,25,0
2020-08-04,Riverside,065,2383286,46825,38991,32,39023,743
2020-08-04,Sacramento,067,1510023,13805,10205,6,10211,146
2020-08-04,San Benito,069,59416,764,608,0,608,2
2020-08-04,San Bernardino,071,2135413,42045,34215,200,34415,495
2020-08-04,San Diego,073,3302833,33713,30518,45,30563,568
2020-08-04,San Francisco,075,870044,7769,6568,6,6574,60
2020-08-04,San Joaquin,077,732212,15515,12087,15,12102,189
2020-08-04,San Luis Obispo,079,281455,2303,1886,10,1896,13
2020-08-04,San Mateo,081,765935,6901,5690,4,5694,116
2020-08-04,Santa Barbara,083,443738,7538,6591,53,6644,61
2020-08-04,Santa Clara,085,1922200,13719,10986,19,11005,175
2020-08-04,Santa Cruz,087,273765,1411,1202,9,1211,4
2020-08-04,Shasta,089,179085,516,335,3,338,9
2020-08-04,Sierra,091,2930,5,1,0,1,0
2020-08-04,Siskiyou,093,43540,102,71,0,71,0
2020-08-04,Solano,095,438530,4524,3690,27,3717,29
2020-08-04,Sonoma,097,501317,4087,3108,7,3115,33
2020-08-04,Stanislaus,099,539301,12479,9359,77,9436,97
2020-08-04,Sutter,101,95872,961,761,1,762,6
2020-08-04,Tehama,103,63373,301,226,2,228,1
2020-08-04,Trinity,105,12862,17,5,5,10,0
2020-08-04,Tulare,107,460477,11842,9866,28,9894,192
2020-08-04,Tuolumne,109,53932,157,127,2,129,0
2020-08-04,Ventura,111,848112,9165,8134,27,8161,75
2020-08-04,Yolo,113,214977,1969,1626,4,1630,37
2020-08-04,Yuba,115,75493,573,398,0,398,1
2020-08-03,Alameda,001,1643700,14395,11817,109,11926,189
2020-08-03,Alpine,003,1148,3,2,0,2,0
2020-08-03,Amador,005,37829,198,119,0,119,0
2020-08-03,Butte,007,227075,1251,989,11,1000,9
2020-08-03,Calaveras,009,45235,153,117,0,117,1
2020-08-03,Colusa,011,21464,392,336,0,336,2
2020-08-03,Contra Costa,013,1133247,11020,8069,28,8097,120
2020-08-03,Del Norte,015,27424,90,68,0,68,0
2020-08-03,El Dorado,017,186661,823,645,0,645,1
2020-08-03,Fresno,019,978130,22479,15945,187,16132,151
2020-08-03,Glenn,021,27897,390,316,0,316,1
2020-08-03,Humboldt,023,135768,276,234,1,235,4
2020-08-03,Imperial,025,180216,10491,7953,4,7957,161
2020-08-03,Inyo,027,18085,85,57,0,57,1
2020-08-03,Kern,029,883053,25734,21285,139,21424,176
2020-08-03,Kings,031,150075,4936,4107,26,4133,47
2020-08-03,Lake,033,64148,245,201,0,201,1
2020-08-03,Lassen,035,31185,642,555,2,557,0
2020-08-03,Los Angeles,037,10098052,208500,194103,647,194750,4706
2020-08-03,Madera,039,155013,3024,2143,4,2147,18
2020-08-03,Marin,041,260295,5516,5001,9,5010,43
2020-08-03,Mariposa,043,17540,63,52,0,52,2
2020-08-03,Mendocino,045,87422,355,248,0,248,1
2020-08-03,Merced,047,269075,6244,4028,1,4029,29
2020-08-03,Modoc,049,8938,7,2,0,2,0
2020-08-03,Mono,051,14174,158,104,0,104,1
2020-08-03,Monterey,053,433212,5901,4806,13,4819,28
2020-08-03,Napa,055,140530,1212,973,0,973,8
2020-08-03,Nevada,057,99092,352,315,12,327,2
2020-08-03,Orange,059,3164182,44674,37705,881,38586,651
2020-08-03,Placer,061,380077,2417,1947,1,1948,16
2020-08-03,Plumas,063,18699,36,25,0,25,0
2020-08-03,Riverside,065,2383286,46357,38642,32,38674,740
2020-08-03,Sacramento,067,1510023,13611,10143,6,10149,142
2020-08-03,San Benito,069,59416,752,603,0,603,2
2020-08-03,San Bernardino,071,2135413,41518,33979,194,34173,444
2020-08-03,San Diego,073,3302833,33400,30228,35,30263,565
2020-08-03,San Francisco,075,870044,7675,6319,6,6325,60
2020-08-03,San Joaquin,077,732212,15317,12007,14,12021,189
2020-08-03,San Luis Obispo,079,281455,2261,1863,7,1870,14
2020-08-03,San Mateo,081,765935,6820,5661,4,5665,115
2020-08-03,Santa Barbara,083,443738,7494,6580,53,6633,59
2020-08-03,Santa Clara,085,1922200,13443,10747,19,10766,172
2020-08-03,Santa Cruz,087,273765,1391,1154,9,1163,4
2020-08-03,Shasta,089,179085,509,322,3,325,9
2020-08-03,Sierra,091,2930,5,1,0,1,0
2020-08-03,Siskiyou,093,43540,98,67,0,67,0
2020-08-03,Solano,095,438530,4455,3610,26,3636,29
2020-08-03,Sonoma,097,501317,3988,3079,6,3085,33
2020-08-03,Stanislaus,099,539301,12272,9308,69,9377,96
2020-08-03,Sutter,101,95872,937,713,1,714,6
2020-08-03,Tehama,103,63373,293,225,2,227,1
2020-08-03,Trinity,105,12862,17,5,5,10,0
2020-08-03,Tulare,107,460477,11658,9703,28,9731,188
2020-08-03,Tuolumne,109,53932,157,123,2,125,0
2020-08-03,Ventura,111,848112,9078,8084,25,8109,74
2020-08-03,Yolo,113,214977,1934,1598,3,1601,37
2020-08-03,Yuba,115,75493,549,393,0,393,1
2020-08-02,Alameda,001,1643700,14151,11696,95,11791,188
2020-08-02,Alpine,003,1148,3,2,0,2,0
2020-08-02,Amador,005,37829,193,117,0,117,0
2020-08-02,Butte,007,227075,1216,987,11,998,9
2020-08-02,Calaveras,009,45235,150,116,0,116,1
2020-08-02,Colusa,011,21464,387,335,0,335,2
2020-08-02,Contra Costa,013,1133247,10781,7995,28,8023,118
2020-08-02,Del Norte,015,27424,89,68,0,68,0
2020-08-02,El Dorado,017,186661,813,643,0,643,1
2020-08-02,Fresno,019,978130,22204,15759,180,15939,151
2020-08-02,Glenn,021,27897,389,315,0,315,1
2020-08-02,Humboldt,023,135768,271,232,1,233,4
2020-08-02,Imperial,025,180216,10428,7919,4,7923,157
2020-08-02,Inyo,027,18085,84,45,0,45,1
2020-08-02,Kern,029,883053,25436,21162,137,21299,176
2020-08-02,Kings,031,150075,4874,3964,25,3989,47
2020-08-02,Lake,033,64148,240,201,0,201,1
2020-08-02,Lassen,035,31185,642,555,2,557,0
2020-08-02,Los Angeles,037,10098052,206404,192480,629,193109,4698
2020-08-02,Madera,039,155013,2958,2123,2,2125,18
2020-08-02,Marin,041,260295,5481,4985,9,4994,43
2020-08-02,Mariposa,043,17540,61,52,0,52,2
2020-08-02,Mendocino,045,87422,345,247,0,247,1
2020-08-02,Merced,047,269075,6103,4011,1,4012,29
2020-08-02,Modoc,049,8938,7,2,0,2,0
2020-08-02,Mono,051,14174,151,104,0,104,1
2020-08-02,Monterey,053,433212,5775,4698,13,4711,28
2020-08-02,Napa,055,140530,1197,956,0,956,8
2020-08-02,Nevada,057,99092,349,314,12,326,2
2020-08-02,Orange,059,3164182,44293,37266,870,38136,651
2020-08-02,Placer,061,380077,2378,1920,1,1921,15
2020-08-02,Plumas,063,18699,36,25,0,25,0
2020-08-02,Riverside,065,2383286,45924,38507,31,38538,735
2020-08-02,Sacramento,067,1510023,13332,10099,6,10105,142
2020-08-02,San Benito,069,59416,738,599,0,599,2
2020-08-02,San Bernardino,071,2135413,40917,33643,190,33833,443
2020-08-02,San Diego,073,3302833,33061,29885,26,29911,565
2020-08-02,San Francisco,075,870044,7557,6297,6,6303,60
2020-08-02,San Joaquin,077,732212,15031,11937,12,11949,189
2020-08-02,San Luis Obispo,079,281455,2198,1821,7,1828,14
2020-08-02,San Mateo,081,765935,6705,5618,4,5622,115
2020-08-02,Santa Barbara,083,443738,7403,6532,53,6585,59
2020-08-02,Santa Clara,085,1922200,13225,10577,19,10596,172
2020-08-02,Santa Cruz,087,273765,1371,1162,9,1171,4
2020-08-02,Shasta,089,179085,505,318,3,321,9
2020-08-02,Sierra,091,2930,4,1,0,1,0
2020-08-02,Siskiyou,093,43540,98,65,0,65,0
2020-08-02,Solano,095,438530,4396,3609,26,3635,29
2020-08-02,Sonoma,097,501317,3904,3005,6,3011,33
2020-08-02,Stanislaus,099,539301,12057,9277,63,9340,96
2020-08-02,Sutter,101,95872,902,714,1,715,6
2020-08-02,Tehama,103,63373,287,222,2,224,1
2020-08-02,Trinity,105,12862,16,5,5,10,0
2020-08-02,Tulare,107,460477,11449,9593,28,9621,188
2020-08-02,Tuolumne,109,53932,154,123,2,125,0
2020-08-02,Ventura,111,848112,8936,8014,25,8039,73
2020-08-02,Yolo,113,214977,1909,1588,3,1591,37
2020-08-02,Yuba,115,75493,529,393,0,393,1
2020-08-01,Alameda,001,1643700,14039,11590,95,11685,188
2020-08-01,Alpine,003,1148,3,2,0,2,0
2020-08-01,Amador,005,37829,189,109,0,109,0
2020-08-01,Butte,007,227075,1202,976,11,987,9
2020-08-01,Calaveras,009,45235,146,116,0,116,1
2020-08-01,Colusa,011,21464,386,327,0,327,2
2020-08-01,Contra Costa,013,1133247,10648,7867,27,7894,116
2020-08-01,Del Norte,015,27424,89,68,0,68,0
2020-08-01,El Dorado,017,186661,810,637,0,637,1
2020-08-01,Fresno,019,978130,22067,15448,180,15628,149
2020-08-01,Glenn,021,27897,388,311,0,311,1
2020-08-01,Humboldt,023,135768,270,232,1,233,4
2020-08-01,Imperial,025,180216,10392,7919,4,7923,156
2020-08-01,Inyo,027,18085,82,45,0,45,1
2020-08-01,Kern,029,883053,25276,20796,133,20929,176
2020-08-01,Kings,031,150075,4848,3948,25,3973,47
2020-08-01,Lake,033,64148,238,194,0,194,1
2020-08-01,Lassen,035,31185,641,555,2,557,0
2020-08-01,Los Angeles,037,10098052,205512,191023,601,191624,4674
2020-08-01,Madera,039,155013,2919,2103,2,2105,18
2020-08-01,Marin,041,260295,5466,4945,8,4953,43
2020-08-01,Mariposa,043,17540,61,50,0,50,2
2020-08-01,Mendocino,045,87422,338,243,0,243,1
2020-08-01,Merced,047,269075,6055,3972,1,3973,29
2020-08-01,Modoc,049,8938,7,2,0,2,0
2020-08-01,Mono,051,14174,150,104,0,104,1
2020-08-01,Monterey,053,433212,5708,4611,12,4623,28
2020-08-01,Napa,055,140530,1188,923,0,923,8
2020-08-01,Nevada,057,99092,345,305,12,317,2
2020-08-01,Orange,059,3164182,44066,36703,864,37567,648
2020-08-01,Placer,061,380077,2344,1891,1,1892,14
2020-08-01,Plumas,063,18699,35,25,0,25,0
2020-08-01,Riverside,065,2383286,45712,38216,29,38245,704
2020-08-01,Sacramento,067,1510023,13181,10044,6,10050,141
2020-08-01,San Benito,069,59416,727,579,0,579,2
2020-08-01,San Bernardino,071,2135413,40681,32947,189,33136,440
2020-08-01,San Diego,073,3302833,32844,29579,18,29597,565
2020-08-01,San Francisco,075,870044,7495,6296,6,6302,60
2020-08-01,San Joaquin,077,732212,14959,11807,11,11818,189
2020-08-01,San Luis Obispo,079,281455,2171,1798,7,1805,13
2020-08-01,San Mateo,081,765935,6651,5520,4,5524,115
2020-08-01,Santa Barbara,083,443738,7363,6465,53,6518,59
2020-08-01,Santa Clara,085,1922200,13074,10281,19,10300,171
2020-08-01,Santa Cruz,087,273765,1355,1164,9,1173,4
2020-08-01,Shasta,089,179085,500,312,3,315,9
2020-08-01,Sierra,091,2930,3,1,0,1,0
2020-08-01,Siskiyou,093,43540,98,64,0,64,0
2020-08-01,Solano,095,438530,4362,3591,25,3616,29
2020-08-01,Sonoma,097,501317,3858,2890,6,2896,29
2020-08-01,Stanislaus,099,539301,11939,9221,55,9276,96
2020-08-01,Sutter,101,95872,898,714,1,715,6
2020-08-01,Tehama,103,63373,284,220,2,222,1
2020-08-01,Trinity,105,12862,16,5,5,10,0
2020-08-01,Tulare,107,460477,11381,9520,28,9548,188
2020-08-01,Tuolumne,109,53932,154,123,2,125,0
2020-08-01,Ventura,111,848112,8890,7819,25,7844,73
2020-08-01,Yolo,113,214977,1899,1557,3,1560,37
2020-08-01,Yuba,115,75493,524,387,0,387,1
2020-07-31,Alameda,001,1643700,13908,11441,95,11536,187
2020-07-31,Alpine,003,1148,3,2,0,2,0
2020-07-31,Amador,005,37829,188,98,0,98,0
2020-07-31,Butte,007,227075,1179,925,11,936,7
2020-07-31,Calaveras,009,45235,146,112,0,112,1
2020-07-31,Colusa,011,21464,376,319,0,319,2
2020-07-31,Contra Costa,013,1133247,10500,7697,26,7723,113
2020-07-31,Del Norte,015,27424,88,68,0,68,0
2020-07-31,El Dorado,017,186661,799,616,0,616,1
2020-07-31,Fresno,019,978130,21848,15083,180,15263,133
2020-07-31,Glenn,021,27897,381,304,0,304,1
2020-07-31,Humboldt,023,135768,263,229,1,230,4
2020-07-31,Imperial,025,180216,10360,7886,4,7890,155
2020-07-31,Inyo,027,18085,72,45,0,45,1
2020-07-31,Kern,029,883053,25035,20061,128,20189,173
2020-07-31,Kings,031,150075,4820,3807,25,3832,45
2020-07-31,Lake,033,64148,237,191,0,191,1
2020-07-31,Lassen,035,31185,636,544,2,546,0
2020-07-31,Los Angeles,037,10098052,203903,188688,588,189276,4628
2020-07-31,Madera,039,155013,2872,2036,2,2038,19
2020-07-31,Marin,041,260295,5422,4885,5,4890,43
2020-07-31,Mariposa,043,17540,61,49,0,49,2
2020-07-31,Mendocino,045,87422,323,232,0,232,1
2020-07-31,Merced,047,269075,5972,3789,1,3790,30
2020-07-31,Modoc,049,8938,6,0,0,0,0
2020-07-31,Mono,051,14174,149,104,0,104,1
2020-07-31,Monterey,053,433212,5616,4493,12,4505,24
2020-07-31,Napa,055,140530,1176,897,0,897,7
2020-07-31,Nevada,057,99092,343,302,12,314,2
2020-07-31,Orange,059,3164182,43766,36196,848,37044,620
2020-07-31,Placer,061,380077,2319,1853,1,1854,14
2020-07-31,Plumas,063,18699,34,25,0,25,0
2020-07-31,Riverside,065,2383286,45322,37612,28,37640,694
2020-07-31,Sacramento,067,1510023,13003,9872,6,9878,132
2020-07-31,San Benito,069,59416,719,567,0,567,2
2020-07-31,San Bernardino,071,2135413,40352,32332,187,32519,434
2020-07-31,San Diego,073,3302833,32610,29050,10,29060,561
2020-07-31,San Francisco,075,870044,7396,6126,6,6132,60
2020-07-31,San Joaquin,077,732212,14823,11561,11,11572,177
2020-07-31,San Luis Obispo,079,281455,2102,1746,7,1753,12
2020-07-31,San Mateo,081,765935,6579,5416,4,5420,115
2020-07-31,Santa Barbara,083,443738,7296,6375,53,6428,58
2020-07-31,Santa Clara,085,1922200,12853,9863,19,9882,171
2020-07-31,Santa Cruz,087,273765,1332,1118,9,1127,4
2020-07-31,Shasta,089,179085,490,305,3,308,9
2020-07-31,Sierra,091,2930,3,1,0,1,0
2020-07-31,Siskiyou,093,43540,96,61,0,61,0
2020-07-31,Solano,095,438530,4315,3510,24,3534,29
2020-07-31,Sonoma,097,501317,3800,2745,6,2751,27
2020-07-31,Stanislaus,099,539301,11832,9061,50,9111,94
2020-07-31,Sutter,101,95872,893,714,1,715,6
2020-07-31,Tehama,103,63373,281,213,2,215,1
2020-07-31,Trinity,105,12862,16,5,5,10,0
2020-07-31,Tulare,107,460477,11260,9365,28,9393,184
2020-07-31,Tuolumne,109,53932,154,120,2,122,0
2020-07-31,Ventura,111,848112,8815,7521,25,7546,71
2020-07-31,Yolo,113,214977,1873,1522,3,1525,38
2020-07-31,Yuba,115,75493,515,369,0,369,1
2020-07-30,Alameda,001,1643700,13708,11303,53,11356,185
2020-07-30,Alpine,003,1148,3,2,0,2,0
2020-07-30,Amador,005,37829,170,97,0,97,0
2020-07-30,Butte,007,227075,1163,915,11,926,7
2020-07-30,Calaveras,009,45235,142,111,0,111,1
2020-07-30,Colusa,011,21464,373,315,0,315,2
2020-07-30,Contra Costa,013,1133247,10315,7615,25,7640,112
2020-07-30,Del Norte,015,27424,88,68,0,68,0
2020-07-30,El Dorado,017,186661,792,608,0,608,1
2020-07-30,Fresno,019,978130,21513,14793,174,14967,133
2020-07-30,Glenn,021,27897,374,297,0,297,1
2020-07-30,Humboldt,023,135768,261,228,1,229,4
2020-07-30,Imperial,025,180216,10301,7849,4,7853,151
2020-07-30,Inyo,027,18085,68,44,0,44,1
2020-07-30,Kern,029,883053,24742,19552,124,19676,171
2020-07-30,Kings,031,150075,4716,3785,25,3810,43
2020-07-30,Lake,033,64148,231,181,0,181,1
2020-07-30,Lassen,035,31185,633,544,2,546,0
2020-07-30,Los Angeles,037,10098052,201868,186177,555,186732,4564
2020-07-30,Madera,039,155013,2802,2007,2,2009,18
2020-07-30,Marin,041,260295,5380,4835,4,4839,39
2020-07-30,Mariposa,043,17540,61,49,0,49,1
2020-07-30,Mendocino,045,87422,316,232,0,232,1
2020-07-30,Merced,047,269075,5807,3695,1,3696,30
2020-07-30,Modoc,049,8938,6,0,0,0,0
2020-07-30,Mono,051,14174,148,104,0,104,1
2020-07-30,Monterey,053,433212,5504,4352,12,4364,24
2020-07-30,Napa,055,140530,1159,874,0,874,7
2020-07-30,Nevada,057,99092,338,292,12,304,2
2020-07-30,Orange,059,3164182,43352,36105,823,36928,607
2020-07-30,Placer,061,380077,2268,1821,1,1822,14
2020-07-30,Plumas,063,18699,33,25,0,25,0
2020-07-30,Riverside,065,2383286,44781,37308,28,37336,685
2020-07-30,Sacramento,067,1510023,12783,9704,6,9710,126
2020-07-30,San Benito,069,59416,706,558,0,558,2
2020-07-30,San Bernardino,071,2135413,39827,32010,187,32197,427
2020-07-30,San Diego,073,3302833,32263,28670,8,28678,558
2020-07-30,San Francisco,075,870044,7296,6107,6,6113,59
2020-07-30,San Joaquin,077,732212,14629,11435,11,11446,161
2020-07-30,San Luis Obispo,079,281455,2067,1703,7,1710,12
2020-07-30,San Mateo,081,765935,6484,5369,4,5373,115
2020-07-30,Santa Barbara,083,443738,7216,6273,53,6326,52
2020-07-30,Santa Clara,085,1922200,12615,9708,18,9726,170
2020-07-30,Santa Cruz,087,273765,1305,1087,9,1096,4
2020-07-30,Shasta,089,179085,486,306,3,309,8
2020-07-30,Sierra,091,2930,3,1,0,1,0
2020-07-30,Siskiyou,093,43540,95,60,0,60,0
2020-07-30,Solano,095,438530,4264,3463,24,3487,29
2020-07-30,Sonoma,097,501317,3728,2684,6,2690,25
2020-07-30,Stanislaus,099,539301,11619,8890,42,8932,94
2020-07-30,Sutter,101,95872,874,698,1,699,6
2020-07-30,Tehama,103,63373,278,208,2,210,1
2020-07-30,Trinity,105,12862,16,4,5,9,0
2020-07-30,Tulare,107,460477,11131,9167,28,9195,177
2020-07-30,Tuolumne,109,53932,153,119,2,121,0
2020-07-30,Ventura,111,848112,8703,7304,23,7327,69
2020-07-30,Yolo,113,214977,1853,1511,3,1514,37
2020-07-30,Yuba,115,75493,502,362,0,362,1
2020-07-29,Alameda,001,1643700,13489,11177,48,11225,180
2020-07-29,Alpine,003,1148,3,2,0,2,0
2020-07-29,Amador,005,37829,162,80,0,80,0
2020-07-29,Butte,007,227075,1137,889,9,898,7
2020-07-29,Calaveras,009,45235,136,107,0,107,1
2020-07-29,Colusa,011,21464,369,302,0,302,2
2020-07-29,Contra Costa,013,1133247,10112,7520,25,7545,108
2020-07-29,Del Norte,015,27424,88,68,0,68,0
2020-07-29,El Dorado,017,186661,782,588,0,588,1
2020-07-29,Fresno,019,978130,21222,14312,174,14486,125
2020-07-29,Glenn,021,27897,367,294,0,294,1
2020-07-29,Humboldt,023,135768,258,221,1,222,4
2020-07-29,Imperial,025,180216,10253,7825,4,7829,147
2020-07-29,Inyo,027,18085,63,44,0,44,1
2020-07-29,Kern,029,883053,24404,19073,121,19194,162
2020-07-29,Kings,031,150075,4668,3755,25,3780,43
2020-07-29,Lake,033,64148,229,179,0,179,1
2020-07-29,Lassen,035,31185,618,513,2,515,0
2020-07-29,Los Angeles,037,10098052,199832,183600,538,184138,4523
2020-07-29,Madera,039,155013,2748,1941,2,1943,18
2020-07-29,Marin,041,260295,5342,4747,4,4751,34
2020-07-29,Mariposa,043,17540,60,47,0,47,1
2020-07-29,Mendocino,045,87422,308,228,0,228,0
2020-07-29,Merced,047,269075,5667,3605,1,3606,25
2020-07-29,Modoc,049,8938,5,0,0,0,0
2020-07-29,Mono,051,14174,145,102,0,102,1
2020-07-29,Monterey,053,433212,5405,4252,12,4264,24
2020-07-29,Napa,055,140530,1131,866,0,866,7
2020-07-29,Nevada,057,99092,334,288,12,300,1
2020-07-29,Orange,059,3164182,42918,35339,811,36150,589
2020-07-29,Placer,061,380077,2236,1798,1,1799,14
2020-07-29,Plumas,063,18699,33,25,0,25,0
2020-07-29,Riverside,065,2383286,44190,36968,28,36996,678
2020-07-29,Sacramento,067,1510023,12537,9538,6,9544,122
2020-07-29,San Benito,069,59416,691,537,0,537,2
2020-07-29,San Bernardino,071,2135413,39338,31168,176,31344,417
2020-07-29,San Diego,073,3302833,31938,28289,7,28296,552
2020-07-29,San Francisco,075,870044,7202,6041,6,6047,56
2020-07-29,San Joaquin,077,732212,14381,11249,8,11257,154
2020-07-29,San Luis Obispo,079,281455,2047,1673,7,1680,11
2020-07-29,San Mateo,081,765935,6396,5305,4,5309,114
2020-07-29,Santa Barbara,083,443738,7146,6215,53,6268,31
2020-07-29,Santa Clara,085,1922200,12407,9567,18,9585,165
2020-07-29,Santa Cruz,087,273765,1281,1051,9,1060,4
2020-07-29,Shasta,089,179085,474,297,3,300,8
2020-07-29,Sierra,091,2930,2,1,0,1,0
2020-07-29,Siskiyou,093,43540,93,58,0,58,0
2020-07-29,Solano,095,438530,4210,3380,24,3404,29
2020-07-29,Sonoma,097,501317,3651,2598,6,2604,26
2020-07-29,Stanislaus,099,539301,11398,8745,36,8781,94
2020-07-29,Sutter,101,95872,846,678,1,679,6
2020-07-29,Tehama,103,63373,274,206,2,208,1
2020-07-29,Trinity,105,12862,16,4,5,9,0
2020-07-29,Tulare,107,460477,10960,9028,28,9056,156
2020-07-29,Tuolumne,109,53932,153,118,2,120,0
2020-07-29,Ventura,111,848112,8598,7161,23,7184,68
2020-07-29,Yolo,113,214977,1827,1488,3,1491,36
2020-07-29,Yuba,115,75493,486,350,0,350,1
2020-07-28,Alameda,001,1643700,13262,10875,47,10922,180
2020-07-28,Alpine,003,1148,3,2,0,2,0
2020-07-28,Amador,005,37829,152,77,0,77,0
2020-07-28,Butte,007,227075,1102,857,9,866,7
2020-07-28,Calaveras,009,45235,135,105,0,105,1
2020-07-28,Colusa,011,21464,363,290,0,290,2
2020-07-28,Contra Costa,013,1133247,9890,7426,25,7451,107
2020-07-28,Del Norte,015,27424,87,68,0,68,0
2020-07-28,El Dorado,017,186661,767,558,0,558,1
2020-07-28,Fresno,019,978130,20888,13933,168,14101,125
2020-07-28,Glenn,021,27897,365,289,0,289,1
2020-07-28,Humboldt,023,135768,257,218,1,219,4
2020-07-28,Imperial,025,180216,10217,7804,4,7808,145
2020-07-28,Inyo,027,18085,61,43,0,43,1
2020-07-28,Kern,029,883053,24041,18834,115,18949,155
2020-07-28,Kings,031,150075,4622,3721,25,3746,41
2020-07-28,Lake,033,64148,225,179,0,179,1
2020-07-28,Lassen,035,31185,612,508,2,510,0
2020-07-28,Los Angeles,037,10098052,197601,179107,516,179623,4435
2020-07-28,Madera,039,155013,2682,1889,2,1891,18
2020-07-28,Marin,041,260295,5273,4698,4,4702,23
2020-07-28,Mariposa,043,17540,58,45,0,45,1
2020-07-28,Mendocino,045,87422,297,222,0,222,0
2020-07-28,Merced,047,269075,5522,3446,1,3447,23
2020-07-28,Modoc,049,8938,4,0,0,0,0
2020-07-28,Mono,051,14174,144,102,0,102,1
2020-07-28,Monterey,053,433212,5284,4047,12,4059,22
2020-07-28,Napa,055,140530,1109,824,0,824,6
2020-07-28,Nevada,057,99092,329,278,12,290,1
2020-07-28,Orange,059,3164182,42460,34832,797,35629,582
2020-07-28,Placer,061,380077,2201,1759,1,1760,14
2020-07-28,Plumas,063,18699,33,22,0,22,0
2020-07-28,Riverside,065,2383286,43590,36458,28,36486,668
2020-07-28,Sacramento,067,1510023,12278,9429,6,9435,117
2020-07-28,San Benito,069,59416,681,503,0,503,2
2020-07-28,San Bernardino,071,2135413,38817,30493,172,30665,412
2020-07-28,San Diego,073,3302833,31588,28007,5,28012,547
2020-07-28,San Francisco,075,870044,7089,5888,6,5894,56
2020-07-28,San Joaquin,077,732212,14098,10958,6,10964,141
2020-07-28,San Luis Obispo,079,281455,2016,1636,7,1643,9
2020-07-28,San Mateo,081,765935,6322,5171,4,5175,114
2020-07-28,Santa Barbara,083,443738,7083,6110,51,6161,31
2020-07-28,Santa Clara,085,1922200,12172,9307,18,9325,165
2020-07-28,Santa Cruz,087,273765,1254,1018,9,1027,4
2020-07-28,Shasta,089,179085,462,275,3,278,8
2020-07-28,Sierra,091,2930,2,1,0,1,0
2020-07-28,Siskiyou,093,43540,89,57,0,57,0
2020-07-28,Solano,095,438530,4163,3292,23,3315,29
2020-07-28,Sonoma,097,501317,3578,2553,6,2559,20
2020-07-28,Stanislaus,099,539301,11177,8492,27,8519,92
2020-07-28,Sutter,101,95872,809,653,0,653,2
2020-07-28,Tehama,103,63373,269,199,2,201,1
2020-07-28,Trinity,105,12862,16,3,5,8,0
2020-07-28,Tulare,107,460477,10773,8787,28,8815,96
2020-07-28,Tuolumne,109,53932,152,116,2,118,0
2020-07-28,Ventura,111,848112,8472,7045,22,7067,68
2020-07-28,Yolo,113,214977,1799,1459,3,1462,36
2020-07-28,Yuba,115,75493,469,333,0,333,1
2020-07-27,Alameda,001,1643700,13035,10645,44,10689,176
2020-07-27,Alpine,003,1148,3,2,0,2,0
2020-07-27,Amador,005,37829,147,72,0,72,0
2020-07-27,Butte,007,227075,1075,843,9,852,7
2020-07-27,Calaveras,009,45235,131,103,0,103,1
2020-07-27,Colusa,011,21464,356,271,0,271,2
2020-07-27,Contra Costa,013,1133247,9668,7256,25,7281,104
2020-07-27,Del Norte,015,27424,86,67,0,67,0
2020-07-27,El Dorado,017,186661,755,548,0,548,1
2020-07-27,Fresno,019,978130,20542,13485,162,13647,117
2020-07-27,Glenn,021,27897,363,277,0,277,1
2020-07-27,Humboldt,023,135768,252,218,1,219,4
2020-07-27,Imperial,025,180216,10167,7789,4,7793,144
2020-07-27,Inyo,027,18085,61,43,0,43,1
2020-07-27,Kern,029,883053,23539,17994,109,18103,148
2020-07-27,Kings,031,150075,4373,3685,25,3710,39
2020-07-27,Lake,033,64148,221,176,0,176,1
2020-07-27,Lassen,035,31185,612,503,2,505,0
2020-07-27,Los Angeles,037,10098052,195149,176351,495,176846,4379
2020-07-27,Madera,039,155013,2617,1793,2,1795,17
2020-07-27,Marin,041,260295,5185,4669,4,4673,22
2020-07-27,Mariposa,043,17540,58,43,0,43,1
2020-07-27,Mendocino,045,87422,284,209,0,209,0
2020-07-27,Merced,047,269075,5382,3292,1,3293,23
2020-07-27,Modoc,049,8938,3,0,0,0,0
2020-07-27,Mono,051,14174,140,99,0,99,1
2020-07-27,Monterey,053,433212,5094,3960,12,3972,21
2020-07-27,Napa,055,140530,1094,769,0,769,6
2020-07-27,Nevada,057,99092,325,268,12,280,1
2020-07-27,Orange,059,3164182,42020,34649,781,35430,566
2020-07-27,Placer,061,380077,2151,1679,1,1680,12
2020-07-27,Plumas,063,18699,33,22,0,22,0
2020-07-27,Riverside,065,2383286,42913,35822,28,35850,667
2020-07-27,Sacramento,067,1510023,11986,9091,6,9097,114
2020-07-27,San Benito,069,59416,666,498,0,498,2
2020-07-27,San Bernardino,071,2135413,38226,29928,161,30089,401
2020-07-27,San Diego,073,3302833,31214,27509,4,27513,533
2020-07-27,San Francisco,075,870044,7002,5825,6,5831,55
2020-07-27,San Joaquin,077,732212,13807,10728,6,10734,129
2020-07-27,San Luis Obispo,079,281455,1971,1612,7,1619,9
2020-07-27,San Mateo,081,765935,6213,5108,4,5112,113
2020-07-27,Santa Barbara,083,443738,7002,6026,49,6075,30
2020-07-27,Santa Clara,085,1922200,11905,9157,17,9174,166
2020-07-27,Santa Cruz,087,273765,1232,984,9,993,4
2020-07-27,Shasta,089,179085,455,275,3,278,8
2020-07-27,Sierra,091,2930,2,1,0,1,0
2020-07-27,Siskiyou,093,43540,87,54,0,54,0
2020-07-27,Solano,095,438530,4096,3198,22,3220,29
2020-07-27,Sonoma,097,501317,3487,2504,6,2510,20
2020-07-27,Stanislaus,099,539301,10950,8288,19,8307,84
2020-07-27,Sutter,101,95872,783,620,0,620,2
2020-07-27,Tehama,103,63373,261,192,2,194,1
2020-07-27,Trinity,105,12862,16,3,5,8,0
2020-07-27,Tulare,107,460477,10555,8462,28,8490,172
2020-07-27,Tuolumne,109,53932,149,115,2,117,0
2020-07-27,Ventura,111,848112,8344,6998,22,7020,68
2020-07-27,Yolo,113,214977,1754,1439,3,1442,33
2020-07-27,Yuba,115,75493,449,328,0,328,1
2020-07-26,Alameda,001,1643700,12797,10489,44,10533,176
2020-07-26,Alpine,003,1148,3,2,0,2,0
2020-07-26,Amador,005,37829,141,67,0,67,0
2020-07-26,Butte,007,227075,1038,822,9,831,5
2020-07-26,Calaveras,009,45235,128,103,0,103,1
2020-07-26,Colusa,011,21464,347,270,0,270,2
2020-07-26,Contra Costa,013,1133247,9431,7095,25,7120,104
2020-07-26,Del Norte,015,27424,84,67,0,67,0
2020-07-26,El Dorado,017,186661,737,539,0,539,1
2020-07-26,Fresno,019,978130,20150,13209,154,13363,117
2020-07-26,Glenn,021,27897,355,265,0,265,1
2020-07-26,Humboldt,023,135768,246,214,1,215,4
2020-07-26,Imperial,025,180216,10094,7781,4,7785,144
2020-07-26,Inyo,027,18085,56,43,0,43,1
2020-07-26,Kern,029,883053,23015,17394,106,17500,148
2020-07-26,Kings,031,150075,4314,3591,25,3616,39
2020-07-26,Lake,033,64148,213,174,0,174,1
2020-07-26,Lassen,035,31185,571,503,2,505,0
2020-07-26,Los Angeles,037,10098052,192576,174322,476,174798,4364
2020-07-26,Madera,039,155013,2530,1744,2,1746,17
2020-07-26,Marin,041,260295,5139,4595,4,4599,22
2020-07-26,Mariposa,043,17540,56,43,0,43,1
2020-07-26,Mendocino,045,87422,275,206,0,206,0
2020-07-26,Merced,047,269075,5202,3251,1,3252,23
2020-07-26,Modoc,049,8938,3,0,0,0,0
2020-07-26,Mono,051,14174,136,82,0,82,1
2020-07-26,Monterey,053,433212,4928,3901,12,3913,21
2020-07-26,Napa,055,140530,1075,769,0,769,6
2020-07-26,Nevada,057,99092,322,261,12,273,1
2020-07-26,Orange,059,3164182,41495,34352,749,35101,564
2020-07-26,Placer,061,380077,2086,1628,1,1629,12
2020-07-26,Plumas,063,18699,33,22,0,22,0
2020-07-26,Riverside,065,2383286,42353,35636,28,35664,665
2020-07-26,Sacramento,067,1510023,11682,8972,6,8978,114
2020-07-26,San Benito,069,59416,654,495,0,495,2
2020-07-26,San Bernardino,071,2135413,37587,29545,152,29697,400
2020-07-26,San Diego,073,3302833,30819,26986,3,26989,533
2020-07-26,San Francisco,075,870044,6894,5823,6,5829,55
2020-07-26,San Joaquin,077,732212,13515,10637,6,10643,129
2020-07-26,San Luis Obispo,079,281455,1928,1565,7,1572,8
2020-07-26,San Mateo,081,765935,6107,5078,4,5082,113
2020-07-26,Santa Barbara,083,443738,6900,5939,49,5988,30
2020-07-26,Santa Clara,085,1922200,11676,8986,17,9003,166
2020-07-26,Santa Cruz,087,273765,1205,970,9,979,4
2020-07-26,Shasta,089,179085,448,265,3,268,8
2020-07-26,Sierra,091,2930,2,1,0,1,0
2020-07-26,Siskiyou,093,43540,85,54,0,54,0
2020-07-26,Solano,095,438530,4016,3197,20,3217,29
2020-07-26,Sonoma,097,501317,3398,2503,5,2508,20
2020-07-26,Stanislaus,099,539301,10690,8228,17,8245,84
2020-07-26,Sutter,101,95872,769,612,0,612,2
2020-07-26,Tehama,103,63373,254,175,2,177,1
2020-07-26,Trinity,105,12862,16,3,5,8,0
2020-07-26,Tulare,107,460477,10348,8392,28,8420,172
2020-07-26,Tuolumne,109,53932,144,113,2,115,0
2020-07-26,Ventura,111,848112,8138,6844,22,6866,67
2020-07-26,Yolo,113,214977,1723,1408,3,1411,33
2020-07-26,Yuba,115,75493,430,313,0,313,1
2020-07-25,Alameda,001,1643700,12700,10361,42,10403,176
2020-07-25,Alpine,003,1148,3,2,0,2,0
2020-07-25,Amador,005,37829,138,67,0,67,0
2020-07-25,Butte,007,227075,1029,810,9,819,5
2020-07-25,Calaveras,009,45235,124,103,0,103,1
2020-07-25,Colusa,011,21464,340,265,0,265,2
2020-07-25,Contra Costa,013,1133247,9286,6920,25,6945,104
2020-07-25,Del Norte,015,27424,84,67,0,67,0
2020-07-25,El Dorado,017,186661,726,528,0,528,1
2020-07-25,Fresno,019,978130,19964,12866,154,13020,117
2020-07-25,Glenn,021,27897,353,260,0,260,1
2020-07-25,Humboldt,023,135768,243,212,1,213,4
2020-07-25,Imperial,025,180216,10068,7727,4,7731,144
2020-07-25,Inyo,027,18085,55,43,0,43,1
2020-07-25,Kern,029,883053,22797,16910,105,17015,148
2020-07-25,Kings,031,150075,4297,3516,25,3541,39
2020-07-25,Lake,033,64148,211,173,0,173,1
2020-07-25,Lassen,035,31185,571,503,2,505,0
2020-07-25,Los Angeles,037,10098052,191445,172611,468,173079,4357
2020-07-25,Madera,039,155013,2498,1724,2,1726,17
2020-07-25,Marin,041,260295,5123,4562,4,4566,22
2020-07-25,Mariposa,043,17540,55,43,0,43,1
2020-07-25,Mendocino,045,87422,269,190,0,190,0
2020-07-25,Merced,047,269075,5123,3176,1,3177,23
2020-07-25,Modoc,049,8938,3,0,0,0,0
2020-07-25,Mono,051,14174,136,82,0,82,1
2020-07-25,Monterey,053,433212,4851,3805,12,3817,21
2020-07-25,Napa,055,140530,1062,746,0,746,6
2020-07-25,Nevada,057,99092,320,257,12,269,1
2020-07-25,Orange,059,3164182,41275,33978,727,34705,561
2020-07-25,Placer,061,380077,2070,1596,1,1597,12
2020-07-25,Plumas,063,18699,33,22,0,22,0
2020-07-25,Riverside,065,2383286,42085,34921,28,34949,655
2020-07-25,Sacramento,067,1510023,11536,8674,6,8680,113
2020-07-25,San Benito,069,59416,638,492,0,492,2
2020-07-25,San Bernardino,071,2135413,37308,29265,149,29414,394
2020-07-25,San Diego,073,3302833,30558,26703,3,26706,533
2020-07-25,San Francisco,075,870044,6836,5644,6,5650,55
2020-07-25,San Joaquin,077,732212,13389,10347,6,10353,129
2020-07-25,San Luis Obispo,079,281455,1908,1530,6,1536,8
2020-07-25,San Mateo,081,765935,6044,5023,4,5027,113
2020-07-25,Santa Barbara,083,443738,6865,5880,49,5929,30
2020-07-25,Santa Clara,085,1922200,11542,8767,17,8784,166
2020-07-25,Santa Cruz,087,273765,1188,939,9,948,4
2020-07-25,Shasta,089,179085,443,263,1,264,8
2020-07-25,Sierra,091,2930,2,1,0,1,0
2020-07-25,Siskiyou,093,43540,83,54,0,54,0
2020-07-25,Solano,095,438530,3976,3107,18,3125,29
2020-07-25,Sonoma,097,501317,3359,2412,5,2417,20
2020-07-25,Stanislaus,099,539301,10587,7994,14,8008,84
2020-07-25,Sutter,101,95872,750,603,0,603,2
2020-07-25,Tehama,103,63373,253,169,2,171,1
2020-07-25,Trinity,105,12862,16,3,5,8,0
2020-07-25,Tulare,107,460477,10248,8310,28,8338,172
2020-07-25,Tuolumne,109,53932,143,99,2,101,0
2020-07-25,Ventura,111,848112,8065,6662,22,6684,62
2020-07-25,Yolo,113,214977,1708,1357,3,1360,35
2020-07-25,Yuba,115,75493,424,312,0,312,1
2020-07-24,Alameda,001,1643700,12558,10216,39,10255,176
2020-07-24,Alpine,003,1148,3,2,0,2,0
2020-07-24,Amador,005,37829,136,66,0,66,0
2020-07-24,Butte,007,227075,1017,751,9,760,5
2020-07-24,Calaveras,009,45235,120,102,0,102,0
2020-07-24,Colusa,011,21464,337,255,0,255,2
2020-07-24,Contra Costa,013,1133247,9140,6814,25,6839,100
2020-07-24,Del Norte,015,27424,84,66,0,66,0
2020-07-24,El Dorado,017,186661,704,516,0,516,1
2020-07-24,Fresno,019,978130,19738,12564,154,12718,115
2020-07-24,Glenn,021,27897,350,251,0,251,1
2020-07-24,Humboldt,023,135768,240,210,1,211,4
2020-07-24,Imperial,025,180216,10046,7686,4,7690,141
2020-07-24,Inyo,027,18085,55,41,0,41,1
2020-07-24,Kern,029,883053,22556,16124,105,16229,143
2020-07-24,Kings,031,150075,4268,3471,25,3496,39
2020-07-24,Lake,033,64148,209,167,0,167,1
2020-07-24,Lassen,035,31185,571,503,2,505,0
2020-07-24,Los Angeles,037,10098052,189426,169078,455,169533,4302
2020-07-24,Madera,039,155013,2465,1679,2,1681,16
2020-07-24,Marin,041,260295,5096,4517,4,4521,22
2020-07-24,Mariposa,043,17540,55,41,0,41,1
2020-07-24,Mendocino,045,87422,262,188,0,188,0
2020-07-24,Merced,047,269075,5038,3100,1,3101,23
2020-07-24,Modoc,049,8938,3,0,0,0,0
2020-07-24,Mono,051,14174,135,82,0,82,1
2020-07-24,Monterey,053,433212,4779,3748,12,3760,21
2020-07-24,Napa,055,140530,1049,741,0,741,6
2020-07-24,Nevada,057,99092,317,255,12,267,1
2020-07-24,Orange,059,3164182,40987,33530,711,34241,557
2020-07-24,Placer,061,380077,2039,1551,1,1552,12
2020-07-24,Plumas,063,18699,33,22,0,22,0
2020-07-24,Riverside,065,2383286,41662,34513,27,34540,631
2020-07-24,Sacramento,067,1510023,11348,8570,6,8576,110
2020-07-24,San Benito,069,59416,631,485,0,485,2
2020-07-24,San Bernardino,071,2135413,36936,28990,143,29133,386
2020-07-24,San Diego,073,3302833,30258,26100,3,26103,524
2020-07-24,San Francisco,075,870044,6742,5611,6,5617,55
2020-07-24,San Joaquin,077,732212,13241,10190,6,10196,118
2020-07-24,San Luis Obispo,079,281455,1884,1476,6,1482,8
2020-07-24,San Mateo,081,765935,5981,4954,4,4958,112
2020-07-24,Santa Barbara,083,443738,6811,5776,47,5823,30
2020-07-24,Santa Clara,085,1922200,11378,8658,17,8675,165
2020-07-24,Santa Cruz,087,273765,1168,930,9,939,4
2020-07-24,Shasta,089,179085,435,262,1,263,8
2020-07-24,Sierra,091,2930,2,1,0,1,0
2020-07-24,Siskiyou,093,43540,83,53,0,53,0
2020-07-24,Solano,095,438530,3940,3062,15,3077,29
2020-07-24,Sonoma,097,501317,3306,2345,5,2350,20
2020-07-24,Stanislaus,099,539301,10415,7861,11,7872,82
2020-07-24,Sutter,101,95872,739,593,0,593,2
2020-07-24,Tehama,103,63373,245,170,2,172,1
2020-07-24,Trinity,105,12862,15,3,5,8,0
2020-07-24,Tulare,107,460477,10154,8167,26,8193,167
2020-07-24,Tuolumne,109,53932,137,99,2,101,0
2020-07-24,Ventura,111,848112,7980,6553,22,6575,60
2020-07-24,Yolo,113,214977,1694,1329,3,1332,35
2020-07-24,Yuba,115,75493,409,307,0,307,1
2020-07-23,Alameda,001,1643700,12318,9924,39,9963,171
2020-07-23,Alpine,003,1148,3,2,0,2,0
2020-07-23,Amador,005,37829,119,61,0,61,0
2020-07-23,Butte,007,227075,1002,726,9,735,5
2020-07-23,Calaveras,009,45235,113,102,0,102,0
2020-07-23,Colusa,011,21464,329,242,0,242,2
2020-07-23,Contra Costa,013,1133247,8940,6619,23,6642,98
2020-07-23,Del Norte,015,27424,84,66,0,66,0
2020-07-23,El Dorado,017,186661,693,491,0,491,1
2020-07-23,Fresno,019,978130,19382,12164,151,12315,112
2020-07-23,Glenn,021,27897,345,246,0,246,1
2020-07-23,Humboldt,023,135768,239,208,1,209,4
2020-07-23,Imperial,025,180216,9996,7604,4,7608,138
2020-07-23,Inyo,027,18085,53,38,0,38,1
2020-07-23,Kern,029,883053,22149,14491,101,14592,128
2020-07-23,Kings,031,150075,4159,3371,25,3396,39
2020-07-23,Lake,033,64148,200,160,0,160,1
2020-07-23,Lassen,035,31185,568,503,2,505,0
2020-07-23,Los Angeles,037,10098052,186878,167198,428,167626,4265
2020-07-23,Madera,039,155013,2399,1659,2,1661,13
2020-07-23,Marin,041,260295,5044,4423,4,4427,22
2020-07-23,Mariposa,043,17540,55,40,0,40,1
2020-07-23,Mendocino,045,87422,252,178,0,178,0
2020-07-23,Merced,047,269075,4882,2972,1,2973,22
2020-07-23,Modoc,049,8938,3,0,0,0,0
2020-07-23,Mono,051,14174,131,82,0,82,1
2020-07-23,Monterey,053,433212,4662,3655,12,3667,21
2020-07-23,Napa,055,140530,1025,713,0,713,5
2020-07-23,Nevada,057,99092,314,247,12,259,1
2020-07-23,Orange,059,3164182,40491,32863,680,33543,544
2020-07-23,Placer,061,380077,1996,1519,1,1520,12
2020-07-23,Plumas,063,18699,32,21,0,21,0
2020-07-23,Riverside,065,2383286,41056,33833,27,33860,630
2020-07-23,Sacramento,067,1510023,11118,8222,6,8228,108
2020-07-23,San Benito,069,59416,616,478,0,478,2
2020-07-23,San Bernardino,071,2135413,36417,28121,137,28258,369
2020-07-23,San Diego,073,3302833,29884,25109,3,25112,505
2020-07-23,San Francisco,075,870044,6640,5543,6,5549,55
2020-07-23,San Joaquin,077,732212,13022,9861,6,9867,111
2020-07-23,San Luis Obispo,079,281455,1857,1438,6,1444,7
2020-07-23,San Mateo,081,765935,5876,4895,4,4899,113
2020-07-23,Santa Barbara,083,443738,6737,5628,47,5675,30
2020-07-23,Santa Clara,085,1922200,11160,8458,17,8475,165
2020-07-23,Santa Cruz,087,273765,1132,887,9,896,3
2020-07-23,Shasta,089,179085,424,254,1,255,9
2020-07-23,Sierra,091,2930,2,1,0,1,0
2020-07-23,Siskiyou,093,43540,81,53,0,53,0
2020-07-23,Solano,095,438530,3876,2962,13,2975,29
2020-07-23,Sonoma,097,501317,3230,2289,5,2294,18
2020-07-23,Stanislaus,099,539301,10173,7603,11,7614,71
2020-07-23,Sutter,101,95872,706,570,0,570,2
2020-07-23,Tehama,103,63373,239,158,2,160,1
2020-07-23,Trinity,105,12862,14,3,5,8,0
2020-07-23,Tulare,107,460477,9965,7898,26,7924,168
2020-07-23,Tuolumne,109,53932,137,93,2,95,0
2020-07-23,Ventura,111,848112,7856,6303,22,6325,56
2020-07-23,Yolo,113,214977,1676,1279,3,1282,35
2020-07-23,Yuba,115,75493,389,297,0,297,1
2020-07-22,Alameda,001,1643700,12099,9678,38,9716,169
2020-07-22,Alpine,003,1148,3,2,0,2,0
2020-07-22,Amador,005,37829,117,58,0,58,0
2020-07-22,Butte,007,227075,967,694,8,702,5
2020-07-22,Calaveras,009,45235,113,98,0,98,0
2020-07-22,Colusa,011,21464,322,236,0,236,0
2020-07-22,Contra Costa,013,1133247,8714,6401,23,6424,98
2020-07-22,Del Norte,015,27424,84,66,0,66,0
2020-07-22,El Dorado,017,186661,680,466,0,466,1
2020-07-22,Fresno,019,978130,19022,11756,145,11901,110
2020-07-22,Glenn,021,27897,339,236,0,236,1
2020-07-22,Humboldt,023,135768,237,201,1,202,4
2020-07-22,Imperial,025,180216,9937,7533,4,7537,134
2020-07-22,Inyo,027,18085,49,38,0,38,1
2020-07-22,Kern,029,883053,21716,13513,94,13607,127
2020-07-22,Kings,031,150075,4105,3271,25,3296,38
2020-07-22,Lake,033,64148,197,160,0,160,1
2020-07-22,Lassen,035,31185,565,500,2,502,0
2020-07-22,Los Angeles,037,10098052,184219,165242,405,165647,4218
2020-07-22,Madera,039,155013,2324,1578,2,1580,10
2020-07-22,Marin,041,260295,4988,4373,4,4377,23
2020-07-22,Mariposa,043,17540,55,38,0,38,1
2020-07-22,Mendocino,045,87422,245,166,0,166,0
2020-07-22,Merced,047,269075,4755,2828,1,2829,15
2020-07-22,Modoc,049,8938,3,0,0,0,0
2020-07-22,Mono,051,14174,128,82,0,82,1
2020-07-22,Monterey,053,433212,4561,3533,12,3545,20
2020-07-22,Napa,055,140530,1003,687,0,687,5
2020-07-22,Nevada,057,99092,308,239,11,250,1
2020-07-22,Orange,059,3164182,39992,32047,671,32718,522
2020-07-22,Placer,061,380077,1940,1469,1,1470,12
2020-07-22,Plumas,063,18699,31,20,0,20,0
2020-07-22,Riverside,065,2383286,40422,33093,27,33120,612
2020-07-22,Sacramento,067,1510023,10854,8028,5,8033,106
2020-07-22,San Benito,069,59416,602,465,0,465,2
2020-07-22,San Bernardino,071,2135413,35897,26820,126,26946,348
2020-07-22,San Diego,073,3302833,29496,25109,2,25111,505
2020-07-22,San Francisco,075,870044,6536,5473,5,5478,53
2020-07-22,San Joaquin,077,732212,12746,9628,6,9634,102
2020-07-22,San Luis Obispo,079,281455,1812,1373,6,1379,7
2020-07-22,San Mateo,081,765935,5787,4796,4,4800,112
2020-07-22,Santa Barbara,083,443738,6650,5508,45,5553,29
2020-07-22,Santa Clara,085,1922200,10915,8266,17,8283,166
2020-07-22,Santa Cruz,087,273765,1109,866,9,875,3
2020-07-22,Shasta,089,179085,414,246,1,247,9
2020-07-22,Sierra,091,2930,1,1,0,1,0
2020-07-22,Siskiyou,093,43540,80,52,0,52,0
2020-07-22,Solano,095,438530,3815,2839,12,2851,29
2020-07-22,Sonoma,097,501317,3153,2255,5,2260,17
2020-07-22,Stanislaus,099,539301,10002,7401,11,7412,71
2020-07-22,Sutter,101,95872,682,551,0,551,2
2020-07-22,Tehama,103,63373,231,155,2,157,1
2020-07-22,Trinity,105,12862,14,3,5,8,0
2020-07-22,Tulare,107,460477,9732,7640,26,7666,167
2020-07-22,Tuolumne,109,53932,133,91,2,93,0
2020-07-22,Ventura,111,848112,7728,6223,20,6243,56
2020-07-22,Yolo,113,214977,1633,1233,3,1236,34
2020-07-22,Yuba,115,75493,374,288,0,288,1
2020-07-21,Alameda,001,1643700,11885,9390,38,9428,166
2020-07-21,Alpine,003,1148,3,2,0,2,0
2020-07-21,Amador,005,37829,112,55,0,55,0
2020-07-21,Butte,007,227075,922,659,7,666,5
2020-07-21,Calaveras,009,45235,107,96,0,96,0
2020-07-21,Colusa,011,21464,298,227,0,227,0
2020-07-21,Contra Costa,013,1133247,8473,6210,23,6233,98
2020-07-21,Del Norte,015,27424,84,66,0,66,0
2020-07-21,El Dorado,017,186661,672,440,0,440,1
2020-07-21,Fresno,019,978130,18623,11412,139,11551,107
2020-07-21,Glenn,021,27897,332,229,0,229,1
2020-07-21,Humboldt,023,135768,235,198,1,199,4
2020-07-21,Imperial,025,180216,9888,7458,4,7462,128
2020-07-21,Inyo,027,18085,48,38,0,38,1
2020-07-21,Kern,029,883053,21294,11998,88,12086,119
2020-07-21,Kings,031,150075,4041,3187,24,3211,38
2020-07-21,Lake,033,64148,197,157,0,157,1
2020-07-21,Lassen,035,31185,563,474,2,476,0
2020-07-21,Los Angeles,037,10098052,181218,162205,383,162588,4159
2020-07-21,Madera,039,155013,2259,1508,2,1510,10
2020-07-21,Marin,041,260295,4916,4318,4,4322,21
2020-07-21,Mariposa,043,17540,54,37,0,37,1
2020-07-21,Mendocino,045,87422,234,160,0,160,0
2020-07-21,Merced,047,269075,4576,2725,1,2726,15
2020-07-21,Modoc,049,8938,3,0,0,0,0
2020-07-21,Mono,051,14174,124,79,0,79,1
2020-07-21,Monterey,053,433212,4429,3404,11,3415,20
2020-07-21,Napa,055,140530,976,660,0,660,5
2020-07-21,Nevada,057,99092,306,228,9,237,1
2020-07-21,Orange,059,3164182,39496,31356,637,31993,515
2020-07-21,Placer,061,380077,1899,1413,1,1414,11
2020-07-21,Plumas,063,18699,31,19,0,19,0
2020-07-21,Riverside,065,2383286,39721,32231,27,32258,583
2020-07-21,Sacramento,067,1510023,10582,7789,4,7793,102
2020-07-21,San Benito,069,59416,591,444,0,444,2
2020-07-21,San Bernardino,071,2135413,35249,25323,118,25441,343
2020-07-21,San Diego,073,3302833,29047,24522,2,24524,487
2020-07-21,San Francisco,075,870044,6427,5377,5,5382,53
2020-07-21,San Joaquin,077,732212,12419,9150,6,9156,99
2020-07-21,San Luis Obispo,079,281455,1764,1338,6,1344,7
2020-07-21,San Mateo,081,765935,5695,4733,4,4737,111
2020-07-21,Santa Barbara,083,443738,6567,5422,44,5466,29
2020-07-21,Santa Clara,085,1922200,10652,7989,17,8006,164
2020-07-21,Santa Cruz,087,273765,1076,835,9,844,3
2020-07-21,Shasta,089,179085,406,241,1,242,9
2020-07-21,Sierra,091,2930,1,1,0,1,0
2020-07-21,Siskiyou,093,43540,80,48,0,48,0
2020-07-21,Solano,095,438530,3742,2727,12,2739,27
2020-07-21,Sonoma,097,501317,3096,2200,5,2205,17
2020-07-21,Stanislaus,099,539301,9739,6984,11,6995,69
2020-07-21,Sutter,101,95872,666,533,0,533,2
2020-07-21,Tehama,103,63373,221,150,2,152,1
2020-07-21,Trinity,105,12862,14,2,5,7,0
2020-07-21,Tulare,107,460477,9530,7447,26,7473,167
2020-07-21,Tuolumne,109,53932,131,75,2,77,0
2020-07-21,Ventura,111,848112,7596,6131,20,6151,55
2020-07-21,Yolo,113,214977,1580,1204,3,1207,34
2020-07-21,Yuba,115,75493,368,269,0,269,1
2020-07-20,Alameda,001,1643700,11630,9244,37,9281,162
2020-07-20,Alpine,003,1148,3,2,0,2,0
2020-07-20,Amador,005,37829,109,53,0,53,0
2020-07-20,Butte,007,227075,884,586,7,593,4
2020-07-20,Calaveras,009,45235,104,90,0,90,0
2020-07-20,Colusa,011,21464,287,217,0,217,0
2020-07-20,Contra Costa,013,1133247,8265,5823,23,5846,97
2020-07-20,Del Norte,015,27424,84,61,0,61,0
2020-07-20,El Dorado,017,186661,649,407,0,407,0
2020-07-20,Fresno,019,978130,18182,10891,138,11029,106
2020-07-20,Glenn,021,27897,324,225,0,225,1
2020-07-20,Humboldt,023,135768,228,194,1,195,4
2020-07-20,Imperial,025,180216,9848,7337,4,7341,124
2020-07-20,Inyo,027,18085,46,38,0,38,1
2020-07-20,Kern,029,883053,20784,10908,84,10992,118
2020-07-20,Kings,031,150075,3992,3093,24,3117,37
2020-07-20,Lake,033,64148,194,147,0,147,1
2020-07-20,Lassen,035,31185,561,474,2,476,0
2020-07-20,Los Angeles,037,10098052,178248,159202,355,159557,4108
2020-07-20,Madera,039,155013,2184,1433,2,1435,10
2020-07-20,Marin,041,260295,4835,4255,4,4259,21
2020-07-20,Mariposa,043,17540,53,36,0,36,1
2020-07-20,Mendocino,045,87422,221,153,0,153,0
2020-07-20,Merced,047,269075,4406,2584,1,2585,15
2020-07-20,Modoc,049,8938,3,0,0,0,0
2020-07-20,Mono,051,14174,118,78,0,78,1
2020-07-20,Monterey,053,433212,4323,3205,11,3216,19
2020-07-20,Napa,055,140530,939,632,0,632,5
2020-07-20,Nevada,057,99092,298,218,9,227,1
2020-07-20,Orange,059,3164182,38889,30337,606,30943,507
2020-07-20,Placer,061,380077,1847,1364,1,1365,11
2020-07-20,Plumas,063,18699,30,17,0,17,0
2020-07-20,Riverside,065,2383286,38892,31163,27,31190,581
2020-07-20,Sacramento,067,1510023,10254,7369,4,7373,99
2020-07-20,San Benito,069,59416,573,433,0,433,2
2020-07-20,San Bernardino,071,2135413,34439,24226,114,24340,338
2020-07-20,San Diego,073,3302833,28605,24137,2,24139,478
2020-07-20,San Francisco,075,870044,6306,5090,5,5095,53
2020-07-20,San Joaquin,077,732212,12063,8583,6,8589,97
2020-07-20,San Luis Obispo,079,281455,1724,1282,6,1288,6
2020-07-20,San Mateo,081,765935,5594,4609,4,4613,111
2020-07-20,Santa Barbara,083,443738,6442,5266,42,5308,29
2020-07-20,Santa Clara,085,1922200,10424,7711,16,7727,164
2020-07-20,Santa Cruz,087,273765,1044,758,9,767,3
2020-07-20,Shasta,089,179085,391,233,1,234,9
2020-07-20,Sierra,091,2930,1,1,0,1,0
2020-07-20,Siskiyou,093,43540,76,42,0,42,0
2020-07-20,Solano,095,438530,3659,2537,12,2549,26
2020-07-20,Sonoma,097,501317,2989,2148,5,2153,17
2020-07-20,Stanislaus,099,539301,9456,6835,11,6846,58
2020-07-20,Sutter,101,95872,633,507,0,507,2
2020-07-20,Tehama,103,63373,211,146,2,148,1
2020-07-20,Trinity,105,12862,14,2,5,7,0
2020-07-20,Tulare,107,460477,9296,6974,26,7000,166
2020-07-20,Tuolumne,109,53932,130,75,2,77,0
2020-07-20,Ventura,111,848112,7463,5912,20,5932,52
2020-07-20,Yolo,113,214977,1540,1155,3,1158,30
2020-07-20,Yuba,115,75493,348,258,0,258,1
2020-07-19,Alameda,001,1643700,11392,9227,31,9258,162
2020-07-19,Alpine,003,1148,3,2,0,2,0
2020-07-19,Amador,005,37829,102,51,0,51,0
2020-07-19,Butte,007,227075,859,555,7,562,4
2020-07-19,Calaveras,009,45235,102,89,0,89,0
2020-07-19,Colusa,011,21464,279,187,0,187,0
2020-07-19,Contra Costa,013,1133247,7974,5691,21,5712,95
2020-07-19,Del Norte,015,27424,83,61,0,61,0
2020-07-19,El Dorado,017,186661,631,385,0,385,0
2020-07-19,Fresno,019,978130,17661,10639,126,10765,106
2020-07-19,Glenn,021,27897,310,215,0,215,0
2020-07-19,Humboldt,023,135768,220,195,1,196,4
2020-07-19,Imperial,025,180216,9757,7280,4,7284,124
2020-07-19,Inyo,027,18085,42,38,0,38,1
2020-07-19,Kern,029,883053,20167,10094,77,10171,115
2020-07-19,Kings,031,150075,3906,3035,24,3059,37
2020-07-19,Lake,033,64148,189,144,0,144,1
2020-07-19,Lassen,035,31185,542,474,2,476,0
2020-07-19,Los Angeles,037,10098052,174804,156039,332,156371,4100
2020-07-19,Madera,039,155013,2107,1301,2,1303,10
2020-07-19,Marin,041,260295,4780,4172,4,4176,21
2020-07-19,Mariposa,043,17540,49,35,0,35,1
2020-07-19,Mendocino,045,87422,216,137,0,137,0
2020-07-19,Merced,047,269075,4199,2460,1,2461,15
2020-07-19,Modoc,049,8938,3,0,0,0,0
2020-07-19,Mono,051,14174,107,63,0,63,1
2020-07-19,Monterey,053,433212,4203,3079,11,3090,18
2020-07-19,Napa,055,140530,910,612,0,612,5
2020-07-19,Nevada,057,99092,292,210,9,219,1
2020-07-19,Orange,059,3164182,38326,29941,593,30534,505
2020-07-19,Placer,061,380077,1799,1246,1,1247,11
2020-07-19,Plumas,063,18699,30,17,0,17,0
2020-07-19,Riverside,065,2383286,38188,30340,27,30367,581
2020-07-19,Sacramento,067,1510023,9862,6985,4,6989,97
2020-07-19,San Benito,069,59416,557,412,0,412,2
2020-07-19,San Bernardino,071,2135413,33668,23928,104,24032,337
2020-07-19,San Diego,073,3302833,28105,23684,2,23686,478
2020-07-19,San Francisco,075,870044,6159,5094,5,5099,52
2020-07-19,San Joaquin,077,732212,11658,8308,6,8314,93
2020-07-19,San Luis Obispo,079,281455,1680,1262,5,1267,6
2020-07-19,San Mateo,081,765935,5487,4522,4,4526,110
2020-07-19,Santa Barbara,083,443738,6337,5145,39,5184,29
2020-07-19,Santa Clara,085,1922200,10180,7403,16,7419,164
2020-07-19,Santa Cruz,087,273765,1000,753,9,762,3
2020-07-19,Shasta,089,179085,378,218,1,219,9
2020-07-19,Sierra,091,2930,1,1,0,1,0
2020-07-19,Siskiyou,093,43540,74,42,0,42,0
2020-07-19,Solano,095,438530,3554,2551,12,2563,26
2020-07-19,Sonoma,097,501317,2888,2074,5,2079,17
2020-07-19,Stanislaus,099,539301,9160,6508,11,6519,58
2020-07-19,Sutter,101,95872,602,480,0,480,2
2020-07-19,Tehama,103,63373,207,138,2,140,1
2020-07-19,Trinity,105,12862,14,2,5,7,0
2020-07-19,Tulare,107,460477,9047,6856,26,6882,166
2020-07-19,Tuolumne,109,53932,125,75,2,77,0
2020-07-19,Ventura,111,848112,7273,5706,20,5726,52
2020-07-19,Yolo,113,214977,1501,1127,3,1130,30
2020-07-19,Yuba,115,75493,328,240,0,240,1
2020-07-18,Alameda,001,1643700,11256,9089,29,9118,162
2020-07-18,Alpine,003,1148,3,2,0,2,0
2020-07-18,Amador,005,37829,98,49,0,49,0
2020-07-18,Butte,007,227075,850,551,7,558,4
2020-07-18,Calaveras,009,45235,98,89,0,89,0
2020-07-18,Colusa,011,21464,274,182,0,182,0
2020-07-18,Contra Costa,013,1133247,7839,5617,21,5638,95
2020-07-18,Del Norte,015,27424,83,61,0,61,0
2020-07-18,El Dorado,017,186661,628,385,0,385,0
2020-07-18,Fresno,019,978130,17412,10381,124,10505,106
2020-07-18,Glenn,021,27897,304,212,0,212,0
2020-07-18,Humboldt,023,135768,217,189,1,190,4
2020-07-18,Imperial,025,180216,9726,7268,4,7272,124
2020-07-18,Inyo,027,18085,42,38,0,38,1
2020-07-18,Kern,029,883053,19864,9250,74,9324,114
2020-07-18,Kings,031,150075,3867,2996,23,3019,37
2020-07-18,Lake,033,64148,186,142,0,142,1
2020-07-18,Lassen,035,31185,541,474,2,476,0
2020-07-18,Los Angeles,037,10098052,173357,153265,318,153583,4088
2020-07-18,Madera,039,155013,2061,1260,2,1262,9
2020-07-18,Marin,041,260295,4751,4089,4,4093,21
2020-07-18,Mariposa,043,17540,49,35,0,35,1
2020-07-18,Mendocino,045,87422,209,137,0,137,0
2020-07-18,Merced,047,269075,4080,2424,1,2425,15
2020-07-18,Modoc,049,8938,3,0,0,0,0
2020-07-18,Mono,051,14174,105,54,0,54,1
2020-07-18,Monterey,053,433212,4136,3020,11,3031,17
2020-07-18,Napa,055,140530,899,609,0,609,5
2020-07-18,Nevada,057,99092,288,204,8,212,1
2020-07-18,Orange,059,3164182,38007,29603,571,30174,493
2020-07-18,Placer,061,380077,1776,1233,1,1234,11
2020-07-18,Plumas,063,18699,30,17,0,17,0
2020-07-18,Riverside,065,2383286,37835,30245,26,30271,581
2020-07-18,Sacramento,067,1510023,9617,6739,4,6743,95
2020-07-18,San Benito,069,59416,542,407,0,407,2
2020-07-18,San Bernardino,071,2135413,33209,23680,98,23778,336
2020-07-18,San Diego,073,3302833,27802,23116,2,23118,478
2020-07-18,San Francisco,075,870044,6057,5051,5,5056,52
2020-07-18,San Joaquin,077,732212,11445,8118,6,8124,93
2020-07-18,San Luis Obispo,079,281455,1647,1234,5,1239,6
2020-07-18,San Mateo,081,765935,5427,4488,4,4492,110
2020-07-18,Santa Barbara,083,443738,6277,5110,37,5147,29
2020-07-18,Santa Clara,085,1922200,10030,7255,15,7270,164
2020-07-18,Santa Cruz,087,273765,983,751,9,760,3
2020-07-18,Shasta,089,179085,369,216,1,217,9
2020-07-18,Sierra,091,2930,1,1,0,1,0
2020-07-18,Siskiyou,093,43540,70,42,0,42,0
2020-07-18,Solano,095,438530,3513,2503,12,2515,26
2020-07-18,Sonoma,097,501317,2837,2019,5,2024,15
2020-07-18,Stanislaus,099,539301,9025,6344,11,6355,58
2020-07-18,Sutter,101,95872,596,473,0,473,2
2020-07-18,Tehama,103,63373,202,136,2,138,1
2020-07-18,Trinity,105,12862,14,2,5,7,0
2020-07-18,Tulare,107,460477,8956,6810,25,6835,167
2020-07-18,Tuolumne,109,53932,122,75,2,77,0
2020-07-18,Ventura,111,848112,7191,5630,20,5650,52
2020-07-18,Yolo,113,214977,1473,1077,3,1080,30
2020-07-18,Yuba,115,75493,317,237,0,237,1
2020-07-17,Alameda,001,1643700,11116,8893,28,8921,160
2020-07-17,Alpine,003,1148,3,1,0,1,0
2020-07-17,Amador,005,37829,96,48,0,48,0
2020-07-17,Butte,007,227075,836,497,7,504,4
2020-07-17,Calaveras,009,45235,96,86,0,86,0
2020-07-17,Colusa,011,21464,272,146,0,146,0
2020-07-17,Contra Costa,013,1133247,7691,5483,21,5504,93
2020-07-17,Del Norte,015,27424,82,60,0,60,0
2020-07-17,El Dorado,017,186661,612,368,0,368,0
2020-07-17,Fresno,019,978130,17114,9954,124,10078,104
2020-07-17,Glenn,021,27897,297,203,0,203,0
2020-07-17,Humboldt,023,135768,216,185,1,186,4
2020-07-17,Imperial,025,180216,9704,7193,4,7197,120
2020-07-17,Inyo,027,18085,42,38,0,38,1
2020-07-17,Kern,029,883053,19544,8291,73,8364,113
2020-07-17,Kings,031,150075,3829,2978,23,3001,37
2020-07-17,Lake,033,64148,184,139,0,139,1
2020-07-17,Lassen,035,31185,522,391,2,393,0
2020-07-17,Los Angeles,037,10098052,170985,150481,305,150786,4052
2020-07-17,Madera,039,155013,2017,1214,2,1216,9
2020-07-17,Marin,041,260295,4714,3839,4,3843,21
2020-07-17,Mariposa,043,17540,47,35,0,35,1
2020-07-17,Mendocino,045,87422,201,126,0,126,0
2020-07-17,Merced,047,269075,4004,2328,1,2329,12
2020-07-17,Modoc,049,8938,2,0,0,0,0
2020-07-17,Mono,051,14174,100,54,0,54,1
2020-07-17,Monterey,053,433212,4007,2922,11,2933,18
2020-07-17,Napa,055,140530,885,598,0,598,5
2020-07-17,Nevada,057,99092,281,200,8,208,1
2020-07-17,Orange,059,3164182,37545,28962,537,29499,485
2020-07-17,Placer,061,380077,1747,1207,1,1208,11
2020-07-17,Plumas,063,18699,27,16,0,16,0
2020-07-17,Riverside,065,2383286,37237,29639,26,29665,580
2020-07-17,Sacramento,067,1510023,9373,6563,4,6567,95
2020-07-17,San Benito,069,59416,527,399,0,399,2
2020-07-17,San Bernardino,071,2135413,32690,23057,95,23152,322
2020-07-17,San Diego,073,3302833,27414,22491,2,22493,472
2020-07-17,San Francisco,075,870044,5963,4967,5,4972,52
2020-07-17,San Joaquin,077,732212,11200,7925,6,7931,86
2020-07-17,San Luis Obispo,079,281455,1611,1190,5,1195,6
2020-07-17,San Mateo,081,765935,5331,4407,4,4411,110
2020-07-17,Santa Barbara,083,443738,6204,5001,36,5037,29
2020-07-17,Santa Clara,085,1922200,9813,7080,15,7095,164
2020-07-17,Santa Cruz,087,273765,961,716,9,725,3
2020-07-17,Shasta,089,179085,357,213,1,214,8
2020-07-17,Sierra,091,2930,1,1,0,1,0
2020-07-17,Siskiyou,093,43540,69,40,0,40,0
2020-07-17,Solano,095,438530,3464,2452,12,2464,26
2020-07-17,Sonoma,097,501317,2789,1982,5,1987,15
2020-07-17,Stanislaus,099,539301,8851,6220,11,6231,56
2020-07-17,Sutter,101,95872,583,458,0,458,2
2020-07-17,Tehama,103,63373,198,128,2,130,1
2020-07-17,Trinity,105,12862,14,2,5,7,0
2020-07-17,Tulare,107,460477,8820,6671,25,6696,166
2020-07-17,Tuolumne,109,53932,121,73,2,75,0
2020-07-17,Ventura,111,848112,7108,5451,20,5471,51
2020-07-17,Yolo,113,214977,1449,1055,3,1058,30
2020-07-17,Yuba,115,75493,307,231,0,231,1
2020-07-16,Alameda,001,1643700,10883,8719,22,8741,153
2020-07-16,Alpine,003,1148,3,1,0,1,0
2020-07-16,Amador,005,37829,93,46,0,46,0
2020-07-16,Butte,007,227075,799,465,6,471,4
2020-07-16,Calaveras,009,45235,94,82,0,82,0
2020-07-16,Colusa,011,21464,263,140,0,140,0
2020-07-16,Contra Costa,013,1133247,7479,5338,15,5353,91
2020-07-16,Del Norte,015,27424,82,60,0,60,0
2020-07-16,El Dorado,017,186661,595,357,0,357,0
2020-07-16,Fresno,019,978130,16603,9481,115,9596,101
2020-07-16,Glenn,021,27897,288,190,0,190,0
2020-07-16,Humboldt,023,135768,214,184,1,185,4
2020-07-16,Imperial,025,180216,9609,7148,4,7152,113
2020-07-16,Inyo,027,18085,42,38,0,38,1
2020-07-16,Kern,029,883053,19022,7435,71,7506,112
2020-07-16,Kings,031,150075,3663,2937,23,2960,37
2020-07-16,Lake,033,64148,179,128,0,128,1
2020-07-16,Lassen,035,31185,521,355,2,357,0
2020-07-16,Los Angeles,037,10098052,167738,147759,281,148040,3994
2020-07-16,Madera,039,155013,1953,1192,2,1194,8
2020-07-16,Marin,041,260295,4642,3546,4,3550,21
2020-07-16,Mariposa,043,17540,45,34,0,34,1
2020-07-16,Mendocino,045,87422,196,121,0,121,0
2020-07-16,Merced,047,269075,3842,2228,1,2229,12
2020-07-16,Modoc,049,8938,1,0,0,0,0
2020-07-16,Mono,051,14174,97,53,0,53,1
2020-07-16,Monterey,053,433212,3902,2857,10,2867,18
2020-07-16,Napa,055,140530,856,581,0,581,5
2020-07-16,Nevada,057,99092,278,191,8,199,1
2020-07-16,Orange,059,3164182,36845,28525,499,29024,471
2020-07-16,Placer,061,380077,1699,1168,1,1169,11
2020-07-16,Plumas,063,18699,25,16,0,16,0
2020-07-16,Riverside,065,2383286,36493,28904,25,28929,577
2020-07-16,Sacramento,067,1510023,9060,6440,4,6444,91
2020-07-16,San Benito,069,59416,510,389,0,389,2
2020-07-16,San Bernardino,071,2135413,31828,22355,77,22432,321
2020-07-16,San Diego,073,3302833,26927,21857,2,21859,465
2020-07-16,San Francisco,075,870044,5822,4838,5,4843,52
2020-07-16,San Joaquin,077,732212,10837,7713,6,7719,82
2020-07-16,San Luis Obispo,079,281455,1567,1146,5,1151,6
2020-07-16,San Mateo,081,765935,5227,4336,4,4340,110
2020-07-16,Santa Barbara,083,443738,6108,4872,35,4907,28
2020-07-16,Santa Clara,085,1922200,9533,6990,13,7003,164
2020-07-16,Santa Cruz,087,273765,920,698,9,707,3
2020-07-16,Shasta,089,179085,342,208,1,209,7
2020-07-16,Sierra,091,2930,1,1,0,1,0
2020-07-16,Siskiyou,093,43540,66,39,0,39,0
2020-07-16,Solano,095,438530,3370,2372,12,2384,25
2020-07-16,Sonoma,097,501317,2698,1954,5,1959,14
2020-07-16,Stanislaus,099,539301,8569,6077,10,6087,56
2020-07-16,Sutter,101,95872,567,444,0,444,2
2020-07-16,Tehama,103,63373,188,126,2,128,1
2020-07-16,Trinity,105,12862,14,2,4,6,0
2020-07-16,Tulare,107,460477,8604,6467,24,6491,163
2020-07-16,Tuolumne,109,53932,116,71,2,73,0
2020-07-16,Ventura,111,848112,6946,5231,20,5251,50
2020-07-16,Yolo,113,214977,1407,1034,3,1037,29
2020-07-16,Yuba,115,75493,289,221,0,221,1
2020-07-15,Alameda,001,1643700,10680,8615,16,8631,153
2020-07-15,Alpine,003,1148,3,1,0,1,0
2020-07-15,Amador,005,37829,72,44,0,44,0
2020-07-15,Butte,007,227075,757,420,6,426,4
2020-07-15,Calaveras,009,45235,94,75,0,75,0
2020-07-15,Colusa,011,21464,258,135,0,135,0
2020-07-15,Contra Costa,013,1133247,7248,5246,15,5261,90
2020-07-15,Del Norte,015,27424,81,60,0,60,0
2020-07-15,El Dorado,017,186661,571,339,0,339,0
2020-07-15,Fresno,019,978130,16130,9124,108,9232,101
2020-07-15,Glenn,021,27897,279,184,0,184,0
2020-07-15,Humboldt,023,135768,212,181,1,182,4
2020-07-15,Imperial,025,180216,9542,7110,4,7114,110
2020-07-15,Inyo,027,18085,42,36,0,36,1
2020-07-15,Kern,029,883053,18402,7155,68,7223,108
2020-07-15,Kings,031,150075,3602,2906,23,2929,37
2020-07-15,Lake,033,64148,177,122,0,122,1
2020-07-15,Lassen,035,31185,517,319,2,321,0
2020-07-15,Los Angeles,037,10098052,164271,143343,266,143609,3946
2020-07-15,Madera,039,155013,1884,1147,2,1149,4
2020-07-15,Marin,041,260295,4587,3458,4,3462,21
2020-07-15,Mariposa,043,17540,45,34,0,34,1
2020-07-15,Mendocino,045,87422,193,119,0,119,0
2020-07-15,Merced,047,269075,3692,2156,1,2157,12
2020-07-15,Modoc,049,8938,1,0,0,0,0
2020-07-15,Mono,051,14174,95,52,0,52,1
2020-07-15,Monterey,053,433212,3791,2780,10,2790,18
2020-07-15,Napa,055,140530,830,573,0,573,5
2020-07-15,Nevada,057,99092,274,185,6,191,1
2020-07-15,Orange,059,3164182,36045,27718,464,28182,454
2020-07-15,Placer,061,380077,1641,1145,1,1146,11
2020-07-15,Plumas,063,18699,25,16,0,16,0
2020-07-15,Riverside,065,2383286,35712,28492,23,28515,568
2020-07-15,Sacramento,067,1510023,8679,6217,4,6221,91
2020-07-15,San Benito,069,59416,501,388,0,388,2
2020-07-15,San Bernardino,071,2135413,31039,21508,60,21568,317
2020-07-15,San Diego,073,3302833,26460,21448,2,21450,448
2020-07-15,San Francisco,075,870044,5708,4757,5,4762,50
2020-07-15,San Joaquin,077,732212,10405,7381,5,7386,75
2020-07-15,San Luis Obispo,079,281455,1524,1097,5,1102,6
2020-07-15,San Mateo,081,765935,5114,4258,4,4262,109
2020-07-15,Santa Barbara,083,443738,5992,4733,35,4768,28
2020-07-15,Santa Clara,085,1922200,9230,6900,13,6913,164
2020-07-15,Santa Cruz,087,273765,884,660,8,668,3
2020-07-15,Shasta,089,179085,333,193,1,194,7
2020-07-15,Sierra,091,2930,1,1,0,1,0
2020-07-15,Siskiyou,093,43540,65,38,0,38,0
2020-07-15,Solano,095,438530,3276,2343,12,2355,25
2020-07-15,Sonoma,097,501317,2600,1920,5,1925,14
2020-07-15,Stanislaus,099,539301,8272,5777,10,5787,56
2020-07-15,Sutter,101,95872,541,433,0,433,2
2020-07-15,Tehama,103,63373,180,126,2,128,1
2020-07-15,Trinity,105,12862,13,2,4,6,0
2020-07-15,Tulare,107,460477,8392,6320,23,6343,156
2020-07-15,Tuolumne,109,53932,109,68,2,70,0
2020-07-15,Ventura,111,848112,6769,5087,20,5107,50
2020-07-15,Yolo,113,214977,1374,1002,3,1005,27
2020-07-15,Yuba,115,75493,277,221,0,221,1
2020-07-14,Alameda,001,1643700,10338,8388,10,8398,151
2020-07-14,Alpine,003,1148,3,1,0,1,0
2020-07-14,Amador,005,37829,68,44,0,44,0
2020-07-14,Butte,007,227075,711,382,6,388,4
2020-07-14,Calaveras,009,45235,92,74,0,74,0
2020-07-14,Colusa,011,21464,248,128,0,128,0
2020-07-14,Contra Costa,013,1133247,7011,5110,13,5123,90
2020-07-14,Del Norte,015,27424,80,60,0,60,0
2020-07-14,El Dorado,017,186661,556,324,0,324,0
2020-07-14,Fresno,019,978130,15710,8941,104,9045,98
2020-07-14,Glenn,021,27897,269,177,0,177,0
2020-07-14,Humboldt,023,135768,209,175,1,176,4
2020-07-14,Imperial,025,180216,9415,7095,4,7099,109
2020-07-14,Inyo,027,18085,42,35,0,35,1
2020-07-14,Kern,029,883053,17643,6979,55,7034,107
2020-07-14,Kings,031,150075,3535,2867,22,2889,37
2020-07-14,Lake,033,64148,171,120,0,120,1
2020-07-14,Lassen,035,31185,500,263,2,265,0
2020-07-14,Los Angeles,037,10098052,161135,140632,236,140868,3900
2020-07-14,Madera,039,155013,1810,1118,2,1120,4
2020-07-14,Marin,041,260295,4473,3451,4,3455,21
2020-07-14,Mariposa,043,17540,41,32,0,32,1
2020-07-14,Mendocino,045,87422,185,110,0,110,0
2020-07-14,Merced,047,269075,3513,2084,1,2085,12
2020-07-14,Modoc,049,8938,1,0,0,0,0
2020-07-14,Mono,051,14174,85,48,0,48,1
2020-07-14,Monterey,053,433212,3677,2724,10,2734,18
2020-07-14,Napa,055,140530,774,557,0,557,4
2020-07-14,Nevada,057,99092,257,180,5,185,1
2020-07-14,Orange,059,3164182,35166,26915,417,27332,432
2020-07-14,Placer,061,380077,1583,1122,1,1123,11
2020-07-14,Plumas,063,18699,24,14,0,14,0
2020-07-14,Riverside,065,2383286,34957,27850,22,27872,547
2020-07-14,Sacramento,067,1510023,8325,5978,4,5982,87
2020-07-14,San Benito,069,59416,482,360,0,360,2
2020-07-14,San Bernardino,071,2135413,30188,20489,49,20538,316
2020-07-14,San Diego,073,3302833,25841,20887,2,20889,436
2020-07-14,San Francisco,075,870044,5558,4659,4,4663,50
2020-07-14,San Joaquin,077,732212,9978,7143,5,7148,75
2020-07-14,San Luis Obispo,079,281455,1486,1060,5,1065,5
2020-07-14,San Mateo,081,765935,5021,4173,4,4177,108
2020-07-14,Santa Barbara,083,443738,5868,4641,33,4674,28
2020-07-14,Santa Clara,085,1922200,8903,6686,10,6696,164
2020-07-14,Santa Cruz,087,273765,845,639,8,647,3
2020-07-14,Shasta,089,179085,324,190,1,191,7
2020-07-14,Sierra,091,2930,1,1,0,1,0
2020-07-14,Siskiyou,093,43540,64,38,0,38,0
2020-07-14,Solano,095,438530,3176,2266,10,2276,25
2020-07-14,Sonoma,097,501317,2508,1866,5,1871,14
2020-07-14,Stanislaus,099,539301,7898,5631,9,5640,53
2020-07-14,Sutter,101,95872,522,405,0,405,2
2020-07-14,Tehama,103,63373,168,123,2,125,1
2020-07-14,Trinity,105,12862,13,2,4,6,0
2020-07-14,Tulare,107,460477,8146,6199,23,6222,156
2020-07-14,Tuolumne,109,53932,104,68,2,70,0
2020-07-14,Ventura,111,848112,6608,4950,20,4970,50
2020-07-14,Yolo,113,214977,1326,966,3,969,27
2020-07-14,Yuba,115,75493,260,210,0,210,1
2020-07-13,Alameda,001,1643700,10030,8115,10,8125,148
2020-07-13,Alpine,003,1148,3,1,0,1,0
2020-07-13,Amador,005,37829,64,42,0,42,0
2020-07-13,Butte,007,227075,675,354,6,360,4
2020-07-13,Calaveras,009,45235,83,63,0,63,0
2020-07-13,Colusa,011,21464,242,116,0,116,0
2020-07-13,Contra Costa,013,1133247,6738,4882,11,4893,88
2020-07-13,Del Norte,015,27424,74,59,0,59,0
2020-07-13,El Dorado,017,186661,525,298,0,298,0
2020-07-13,Fresno,019,978130,15283,8666,99,8765,95
2020-07-13,Glenn,021,27897,262,168,0,168,0
2020-07-13,Humboldt,023,135768,204,174,1,175,4
2020-07-13,Imperial,025,180216,9330,7052,4,7056,109
2020-07-13,Inyo,027,18085,41,35,0,35,1
2020-07-13,Kern,029,883053,16958,6808,51,6859,107
2020-07-13,Kings,031,150075,3484,2824,22,2846,37
2020-07-13,Lake,033,64148,166,118,0,118,1
2020-07-13,Lassen,035,31185,495,237,2,239,0
2020-07-13,Los Angeles,037,10098052,157899,136368,222,136590,3829
2020-07-13,Madera,039,155013,1741,1059,2,1061,4
2020-07-13,Marin,041,260295,4370,3402,4,3406,21
2020-07-13,Mariposa,043,17540,40,31,0,31,1
2020-07-13,Mendocino,045,87422,181,87,0,87,0
2020-07-13,Merced,047,269075,3364,2007,1,2008,12
2020-07-13,Modoc,049,8938,1,0,0,0,0
2020-07-13,Mono,051,14174,81,47,0,47,1
2020-07-13,Monterey,053,433212,3554,2613,7,2620,18
2020-07-13,Napa,055,140530,738,534,0,534,4
2020-07-13,Nevada,057,99092,243,172,5,177,1
2020-07-13,Orange,059,3164182,34303,25978,385,26363,423
2020-07-13,Placer,061,380077,1538,1096,1,1097,11
2020-07-13,Plumas,063,18699,22,14,0,14,0
2020-07-13,Riverside,065,2383286,34032,27136,20,27156,545
2020-07-13,Sacramento,067,1510023,8028,5747,4,5751,85
2020-07-13,San Benito,069,59416,469,343,0,343,2
2020-07-13,San Bernardino,071,2135413,29311,19610,43,19653,313
2020-07-13,San Diego,073,3302833,25274,20348,2,20350,422
2020-07-13,San Francisco,075,870044,5430,4534,3,4537,50
2020-07-13,San Joaquin,077,732212,9561,6927,5,6932,71
2020-07-13,San Luis Obispo,079,281455,1455,989,5,994,5
2020-07-13,San Mateo,081,765935,4890,4057,4,4061,108
2020-07-13,Santa Barbara,083,443738,5754,4441,32,4473,28
2020-07-13,Santa Clara,085,1922200,8580,6488,9,6497,164
2020-07-13,Santa Cruz,087,273765,807,574,8,582,3
2020-07-13,Shasta,089,179085,313,185,1,186,6
2020-07-13,Sierra,091,2930,1,1,0,1,0
2020-07-13,Siskiyou,093,43540,60,37,0,37,0
2020-07-13,Solano,095,438530,3064,2046,10,2056,23
2020-07-13,Sonoma,097,501317,2397,1818,5,1823,14
2020-07-13,Stanislaus,099,539301,7595,5324,7,5331,53
2020-07-13,Sutter,101,95872,484,379,0,379,2
2020-07-13,Tehama,103,63373,155,112,2,114,1
2020-07-13,Trinity,105,12862,13,2,4,6,0
2020-07-13,Tulare,107,460477,7885,5930,21,5951,147
2020-07-13,Tuolumne,109,53932,96,56,2,58,0
2020-07-13,Ventura,111,848112,6418,4800,17,4817,50
2020-07-13,Yolo,113,214977,1281,941,3,944,27
2020-07-13,Yuba,115,75493,245,194,0,194,1
2020-07-12,Alameda,001,1643700,9759,8056,10,8066,148
2020-07-12,Alpine,003,1148,3,1,0,1,0
2020-07-12,Amador,005,37829,54,40,0,40,0
2020-07-12,Butte,007,227075,625,341,6,347,4
2020-07-12,Calaveras,009,45235,83,62,0,62,0
2020-07-12,Colusa,011,21464,208,116,0,116,0
2020-07-12,Contra Costa,013,1133247,6466,4708,9,4717,88
2020-07-12,Del Norte,015,27424,63,59,0,59,0
2020-07-12,El Dorado,017,186661,503,290,0,290,0
2020-07-12,Fresno,019,978130,14858,8407,96,8503,95
2020-07-12,Glenn,021,27897,249,166,0,166,0
2020-07-12,Humboldt,023,135768,200,174,1,175,4
2020-07-12,Imperial,025,180216,9211,6999,4,7003,109
2020-07-12,Inyo,027,18085,39,35,0,35,1
2020-07-12,Kern,029,883053,16214,6662,48,6710,105
2020-07-12,Kings,031,150075,3422,2779,22,2801,34
2020-07-12,Lake,033,64148,157,114,0,114,1
2020-07-12,Lassen,035,31185,488,237,2,239,0
2020-07-12,Los Angeles,037,10098052,154478,133830,193,134023,3816
2020-07-12,Madera,039,155013,1686,1025,2,1027,4
2020-07-12,Marin,041,260295,4293,3358,4,3362,21
2020-07-12,Mariposa,043,17540,39,31,0,31,1
2020-07-12,Mendocino,045,87422,162,88,0,88,0
2020-07-12,Merced,047,269075,3234,1908,1,1909,12
2020-07-12,Modoc,049,8938,1,0,0,0,0
2020-07-12,Mono,051,14174,71,45,0,45,1
2020-07-12,Monterey,053,433212,3439,2521,7,2528,18
2020-07-12,Napa,055,140530,706,519,0,519,4
2020-07-12,Nevada,057,99092,233,166,5,171,1
2020-07-12,Orange,059,3164182,33429,25399,376,25775,422
2020-07-12,Placer,061,380077,1482,1058,1,1059,11
2020-07-12,Plumas,063,18699,21,14,0,14,0
2020-07-12,Riverside,065,2383286,33273,26404,20,26424,542
2020-07-12,Sacramento,067,1510023,7716,5515,3,5518,85
2020-07-12,San Benito,069,59416,454,324,0,324,2
2020-07-12,San Bernardino,071,2135413,28400,19042,38,19080,312
2020-07-12,San Diego,073,3302833,24646,19929,2,19931,422
2020-07-12,San Francisco,075,870044,5281,4535,3,4538,50
2020-07-12,San Joaquin,077,732212,9199,6703,5,6708,71
2020-07-12,San Luis Obispo,079,281455,1408,972,5,977,5
2020-07-12,San Mateo,081,765935,4772,3988,4,3992,108
2020-07-12,Santa Barbara,083,443738,5624,4353,31,4384,28
2020-07-12,Santa Clara,085,1922200,8342,6252,9,6261,164
2020-07-12,Santa Cruz,087,273765,765,573,6,579,3
2020-07-12,Shasta,089,179085,307,173,1,174,6
2020-07-12,Sierra,091,2930,1,1,0,1,0
2020-07-12,Siskiyou,093,43540,58,36,0,36,0
2020-07-12,Solano,095,438530,2939,2037,10,2047,23
2020-07-12,Sonoma,097,501317,2302,1743,5,1748,13
2020-07-12,Stanislaus,099,539301,7291,5177,7,5184,53
2020-07-12,Sutter,101,95872,466,362,0,362,2
2020-07-12,Tehama,103,63373,148,111,2,113,1
2020-07-12,Trinity,105,12862,13,2,4,6,0
2020-07-12,Tulare,107,460477,7630,5864,20,5884,146
2020-07-12,Tuolumne,109,53932,88,52,2,54,0
2020-07-12,Ventura,111,848112,6202,4724,16,4740,50
2020-07-12,Yolo,113,214977,1240,889,3,892,27
2020-07-12,Yuba,115,75493,234,188,0,188,1
2020-07-11,Alameda,001,1643700,9657,7845,10,7855,148
2020-07-11,Alpine,003,1148,3,1,0,1,0
2020-07-11,Amador,005,37829,50,37,0,37,0
2020-07-11,Butte,007,227075,609,325,6,331,4
2020-07-11,Calaveras,009,45235,80,62,0,62,0
2020-07-11,Colusa,011,21464,203,110,0,110,0
2020-07-11,Contra Costa,013,1133247,6349,4650,9,4659,87
2020-07-11,Del Norte,015,27424,63,59,0,59,0
2020-07-11,El Dorado,017,186661,492,283,0,283,0
2020-07-11,Fresno,019,978130,14598,8086,94,8180,95
2020-07-11,Glenn,021,27897,241,161,0,161,0
2020-07-11,Humboldt,023,135768,199,174,1,175,4
2020-07-11,Imperial,025,180216,9172,6884,4,6888,109
2020-07-11,Inyo,027,18085,39,35,0,35,1
2020-07-11,Kern,029,883053,15857,6509,47,6556,103
2020-07-11,Kings,031,150075,3395,2753,22,2775,33
2020-07-11,Lake,033,64148,156,110,0,110,1
2020-07-11,Lassen,035,31185,487,237,2,239,0
2020-07-11,Los Angeles,037,10098052,152759,130479,183,130662,3802
2020-07-11,Madera,039,155013,1645,988,2,990,4
2020-07-11,Marin,041,260295,4265,3191,4,3195,21
2020-07-11,Mariposa,043,17540,39,31,0,31,1
2020-07-11,Mendocino,045,87422,158,88,0,88,0
2020-07-11,Merced,047,269075,3153,1851,1,1852,12
2020-07-11,Modoc,049,8938,1,0,0,0,0
2020-07-11,Mono,051,14174,68,45,0,45,1
2020-07-11,Monterey,053,433212,3350,2376,6,2382,18
2020-07-11,Napa,055,140530,694,509,0,509,4
2020-07-11,Nevada,057,99092,224,163,4,167,1
2020-07-11,Orange,059,3164182,33052,24430,362,24792,422
2020-07-11,Placer,061,380077,1447,1029,1,1030,11
2020-07-11,Plumas,063,18699,21,12,0,12,0
2020-07-11,Riverside,065,2383286,32881,25994,20,26014,538
2020-07-11,Sacramento,067,1510023,7542,5367,3,5370,84
2020-07-11,San Benito,069,59416,439,314,0,314,2
2020-07-11,San Bernardino,071,2135413,27963,18907,36,18943,310
2020-07-11,San Diego,073,3302833,24261,19371,2,19373,422
2020-07-11,San Francisco,075,870044,5185,4430,2,4432,50
2020-07-11,San Joaquin,077,732212,9021,6518,5,6523,72
2020-07-11,San Luis Obispo,079,281455,1360,930,5,935,4
2020-07-11,San Mateo,081,765935,4704,3956,4,3960,108
2020-07-11,Santa Barbara,083,443738,5555,4283,30,4313,28
2020-07-11,Santa Clara,085,1922200,8183,5959,9,5968,164
2020-07-11,Santa Cruz,087,273765,734,571,6,577,3
2020-07-11,Shasta,089,179085,300,168,1,169,6
2020-07-11,Sierra,091,2930,1,1,0,1,0
2020-07-11,Siskiyou,093,43540,58,36,0,36,0
2020-07-11,Solano,095,438530,2898,2034,10,2044,23
2020-07-11,Sonoma,097,501317,2265,1690,5,1695,13
2020-07-11,Stanislaus,099,539301,7150,4911,7,4918,51
2020-07-11,Sutter,101,95872,450,352,0,352,2
2020-07-11,Tehama,103,63373,146,111,2,113,1
2020-07-11,Trinity,105,12862,13,2,4,6,0
2020-07-11,Tulare,107,460477,7524,5780,20,5800,149
2020-07-11,Tuolumne,109,53932,86,50,2,52,0
2020-07-11,Ventura,111,848112,6106,4545,15,4560,49
2020-07-11,Yolo,113,214977,1210,833,3,836,27
2020-07-11,Yuba,115,75493,224,175,0,175,1
2020-07-10,Alameda,001,1643700,9500,7551,10,7561,147
2020-07-10,Alpine,003,1148,3,1,0,1,0
2020-07-10,Amador,005,37829,46,37,0,37,0
2020-07-10,Butte,007,227075,598,318,6,324,4
2020-07-10,Calaveras,009,45235,80,61,0,61,0
2020-07-10,Colusa,011,21464,197,103,0,103,0
2020-07-10,Contra Costa,013,1133247,6206,4482,9,4491,86
2020-07-10,Del Norte,015,27424,63,57,0,57,0
2020-07-10,El Dorado,017,186661,474,266,0,266,0
2020-07-10,Fresno,019,978130,14266,7760,91,7851,93
2020-07-10,Glenn,021,27897,236,157,0,157,0
2020-07-10,Humboldt,023,135768,198,168,1,169,4
2020-07-10,Imperial,025,180216,9127,6878,4,6882,98
2020-07-10,Inyo,027,18085,39,35,0,35,1
2020-07-10,Kern,029,883053,15424,6344,46,6390,102
2020-07-10,Kings,031,150075,3360,2707,22,2729,33
2020-07-10,Lake,033,64148,149,104,0,104,1
2020-07-10,Lassen,035,31185,486,235,2,237,0
2020-07-10,Los Angeles,037,10098052,150340,127503,177,127680,3750
2020-07-10,Madera,039,155013,1599,914,2,916,4
2020-07-10,Marin,041,260295,4202,3101,4,3105,21
2020-07-10,Mariposa,043,17540,38,31,0,31,1
2020-07-10,Mendocino,045,87422,150,88,0,88,0
2020-07-10,Merced,047,269075,3074,1802,1,1803,12
2020-07-10,Modoc,049,8938,1,0,0,0,0
2020-07-10,Mono,051,14174,67,45,0,45,1
2020-07-10,Monterey,053,433212,3271,2285,6,2291,18
2020-07-10,Napa,055,140530,683,496,0,496,4
2020-07-10,Nevada,057,99092,219,161,4,165,1
2020-07-10,Orange,059,3164182,32464,23692,358,24050,416
2020-07-10,Placer,061,380077,1407,1002,1,1003,11
2020-07-10,Plumas,063,18699,19,12,0,12,0
2020-07-10,Riverside,065,2383286,32363,25481,20,25501,533
2020-07-10,Sacramento,067,1510023,7287,5181,3,5184,81
2020-07-10,San Benito,069,59416,430,302,0,302,2
2020-07-10,San Bernardino,071,2135413,27437,18242,33,18275,308
2020-07-10,San Diego,073,3302833,23880,18862,2,18864,420
2020-07-10,San Francisco,075,870044,5094,4305,2,4307,50
2020-07-10,San Joaquin,077,732212,8788,6225,5,6230,67
2020-07-10,San Luis Obispo,079,281455,1322,891,5,896,4
2020-07-10,San Mateo,081,765935,4639,3844,4,3848,107
2020-07-10,Santa Barbara,083,443738,5458,4177,29,4206,28
2020-07-10,Santa Clara,085,1922200,7959,5819,9,5828,164
2020-07-10,Santa Cruz,087,273765,707,540,6,546,3
2020-07-10,Shasta,089,179085,296,158,1,159,6
2020-07-10,Sierra,091,2930,1,1,0,1,0
2020-07-10,Siskiyou,093,43540,58,31,0,31,0
2020-07-10,Solano,095,438530,2851,1950,10,1960,23
2020-07-10,Sonoma,097,501317,2218,1606,4,1610,13
2020-07-10,Stanislaus,099,539301,6980,4781,7,4788,46
2020-07-10,Sutter,101,95872,443,338,0,338,2
2020-07-10,Tehama,103,63373,145,107,2,109,1
2020-07-10,Trinity,105,12862,13,2,4,6,0
2020-07-10,Tulare,107,460477,7387,5677,20,5697,150
2020-07-10,Tuolumne,109,53932,85,49,2,51,0
2020-07-10,Ventura,111,848112,5993,4416,15,4431,48
2020-07-10,Yolo,113,214977,1186,794,3,797,27
2020-07-10,Yuba,115,75493,210,164,0,164,1
2020-07-09,Alameda,001,1643700,9264,7433,10,7443,146
2020-07-09,Alpine,003,1148,3,1,0,1,0
2020-07-09,Amador,005,37829,43,36,0,36,0
2020-07-09,Butte,007,227075,566,295,6,301,4
2020-07-09,Calaveras,009,45235,79,59,0,59,0
2020-07-09,Colusa,011,21464,189,97,0,97,0
2020-07-09,Contra Costa,013,1133247,5962,4388,9,4397,86
2020-07-09,Del Norte,015,27424,63,57,0,57,0
2020-07-09,El Dorado,017,186661,450,255,0,255,0
2020-07-09,Fresno,019,978130,13810,7385,89,7474,90
2020-07-09,Glenn,021,27897,226,150,0,150,0
2020-07-09,Humboldt,023,135768,195,166,1,167,4
2020-07-09,Imperial,025,180216,9032,6778,4,6782,87
2020-07-09,Inyo,027,18085,37,35,0,35,1
2020-07-09,Kern,029,883053,14779,6100,44,6144,95
2020-07-09,Kings,031,150075,3297,2686,21,2707,33
2020-07-09,Lake,033,64148,146,99,0,99,1
2020-07-09,Lassen,035,31185,430,221,2,223,0
2020-07-09,Los Angeles,037,10098052,147076,125062,150,125212,3698
2020-07-09,Madera,039,155013,1522,850,2,852,4
2020-07-09,Marin,041,260295,4051,2975,4,2979,20
2020-07-09,Mariposa,043,17540,38,32,0,32,1
2020-07-09,Mendocino,045,87422,146,88,0,88,0
2020-07-09,Merced,047,269075,2941,1728,1,1729,11
2020-07-09,Modoc,049,8938,1,0,0,0,0
2020-07-09,Mono,051,14174,63,45,0,45,1
2020-07-09,Monterey,053,433212,3146,2223,6,2229,17
2020-07-09,Napa,055,140530,666,468,0,468,4
2020-07-09,Nevada,057,99092,213,156,4,160,1
2020-07-09,Orange,059,3164182,31496,22960,340,23300,407
2020-07-09,Placer,061,380077,1364,982,1,983,11
2020-07-09,Plumas,063,18699,19,12,0,12,0
2020-07-09,Riverside,065,2383286,31469,24980,19,24999,529
2020-07-09,Sacramento,067,1510023,6960,4950,3,4953,81
2020-07-09,San Benito,069,59416,414,295,0,295,2
2020-07-09,San Bernardino,071,2135413,26565,17339,28,17367,307
2020-07-09,San Diego,073,3302833,23288,18404,2,18406,415
2020-07-09,San Francisco,075,870044,4962,4143,2,4145,50
2020-07-09,San Joaquin,077,732212,8429,6004,5,6009,66
2020-07-09,San Luis Obispo,079,281455,1283,869,5,874,3
2020-07-09,San Mateo,081,765935,4512,3792,4,3796,106
2020-07-09,Santa Barbara,083,443738,5325,4068,29,4097,28
2020-07-09,Santa Clara,085,1922200,7702,5638,9,5647,164
2020-07-09,Santa Cruz,087,273765,680,526,6,532,3
2020-07-09,Shasta,089,179085,290,155,1,156,5
2020-07-09,Sierra,091,2930,1,1,0,1,0
2020-07-09,Siskiyou,093,43540,54,31,0,31,0
2020-07-09,Solano,095,438530,2753,1892,10,1902,23
2020-07-09,Sonoma,097,501317,2132,1584,4,1588,13
2020-07-09,Stanislaus,099,539301,6664,4633,6,4639,46
2020-07-09,Sutter,101,95872,426,321,0,321,2
2020-07-09,Tehama,103,63373,140,102,2,104,1
2020-07-09,Trinity,105,12862,13,2,4,6,0
2020-07-09,Tulare,107,460477,7170,5501,17,5518,146
2020-07-09,Tuolumne,109,53932,84,47,2,49,0
2020-07-09,Ventura,111,848112,5825,4278,15,4293,47
2020-07-09,Yolo,113,214977,1139,764,3,767,27
2020-07-09,Yuba,115,75493,193,152,0,152,1
2020-07-08,Alameda,001,1643700,8972,7335,10,7345,142
2020-07-08,Alpine,003,1148,3,1,0,1,0
2020-07-08,Amador,005,37829,40,35,0,35,0
2020-07-08,Butte,007,227075,529,281,6,287,3
2020-07-08,Calaveras,009,45235,74,58,0,58,0
2020-07-08,Colusa,011,21464,176,90,0,90,0
2020-07-08,Contra Costa,013,1133247,5716,4268,7,4275,84
2020-07-08,Del Norte,015,27424,61,57,0,57,0
2020-07-08,El Dorado,017,186661,429,248,0,248,0
2020-07-08,Fresno,019,978130,13394,7102,83,7185,86
2020-07-08,Glenn,021,27897,215,146,0,146,0
2020-07-08,Humboldt,023,135768,192,162,1,163,4
2020-07-08,Imperial,025,180216,8944,6727,4,6731,76
2020-07-08,Inyo,027,18085,37,35,0,35,1
2020-07-08,Kern,029,883053,14201,5873,42,5915,91
2020-07-08,Kings,031,150075,3237,2629,19,2648,33
2020-07-08,Lake,033,64148,139,97,0,97,1
2020-07-08,Lassen,035,31185,334,221,2,223,0
2020-07-08,Los Angeles,037,10098052,143860,123462,121,123583,3650
2020-07-08,Madera,039,155013,1452,828,2,830,4
2020-07-08,Marin,041,260295,3952,2756,4,2760,17
2020-07-08,Mariposa,043,17540,38,31,0,31,1
2020-07-08,Mendocino,045,87422,133,84,0,84,0
2020-07-08,Merced,047,269075,2822,1578,1,1579,11
2020-07-08,Modoc,049,8938,1,0,0,0,0
2020-07-08,Mono,051,14174,60,45,0,45,1
2020-07-08,Monterey,053,433212,3028,2182,5,2187,17
2020-07-08,Napa,055,140530,643,468,0,468,4
2020-07-08,Nevada,057,99092,204,156,4,160,1
2020-07-08,Orange,059,3164182,30544,22088,335,22423,378
2020-07-08,Placer,061,380077,1318,948,1,949,11
2020-07-08,Plumas,063,18699,19,12,0,12,0
2020-07-08,Riverside,065,2383286,30505,24042,17,24059,508
2020-07-08,Sacramento,067,1510023,6672,4799,3,4802,80
2020-07-08,San Benito,069,59416,398,282,0,282,2
2020-07-08,San Bernardino,071,2135413,25713,16510,24,16534,296
2020-07-08,San Diego,073,3302833,22721,17844,2,17846,406
2020-07-08,San Francisco,075,870044,4873,4093,2,4095,50
2020-07-08,San Joaquin,077,732212,8087,5759,5,5764,61
2020-07-08,San Luis Obispo,079,281455,1232,825,5,830,2
2020-07-08,San Mateo,081,765935,4391,3733,4,3737,106
2020-07-08,Santa Barbara,083,443738,5206,3985,29,4014,28
2020-07-08,Santa Clara,085,1922200,7469,5510,9,5519,164
2020-07-08,Santa Cruz,087,273765,647,509,5,514,3
2020-07-08,Shasta,089,179085,281,148,1,149,6
2020-07-08,Sierra,091,2930,1,1,0,1,0
2020-07-08,Siskiyou,093,43540,54,31,0,31,0
2020-07-08,Solano,095,438530,2637,1821,10,1831,23
2020-07-08,Sonoma,097,501317,2057,1495,4,1499,9
2020-07-08,Stanislaus,099,539301,6364,4344,6,4350,46
2020-07-08,Sutter,101,95872,401,298,0,298,2
2020-07-08,Tehama,103,63373,134,100,2,102,1
2020-07-08,Trinity,105,12862,12,2,4,6,0
2020-07-08,Tulare,107,460477,6978,5307,12,5319,138
2020-07-08,Tuolumne,109,53932,80,42,2,44,0
2020-07-08,Ventura,111,848112,5660,4139,15,4154,47
2020-07-08,Yolo,113,214977,1096,727,3,730,26
2020-07-08,Yuba,115,75493,180,145,0,145,1
2020-07-07,Alameda,001,1643700,8653,7097,9,7106,141
2020-07-07,Alpine,003,1148,3,1,0,1,0
2020-07-07,Amador,005,37829,40,33,0,33,0
2020-07-07,Butte,007,227075,486,269,6,275,3
2020-07-07,Calaveras,009,45235,72,58,0,58,0
2020-07-07,Colusa,011,21464,143,84,0,84,0
2020-07-07,Contra Costa,013,1133247,5479,4131,6,4137,84
2020-07-07,Del Norte,015,27424,61,57,0,57,0
2020-07-07,El Dorado,017,186661,409,244,0,244,0
2020-07-07,Fresno,019,978130,12941,6738,83,6821,84
2020-07-07,Glenn,021,27897,206,145,0,145,0
2020-07-07,Humboldt,023,135768,189,150,1,151,4
2020-07-07,Imperial,025,180216,8845,6678,4,6682,51
2020-07-07,Inyo,027,18085,36,32,0,32,1
2020-07-07,Kern,029,883053,13502,5645,38,5683,88
2020-07-07,Kings,031,150075,3176,2623,15,2638,33
2020-07-07,Lake,033,64148,129,94,0,94,1
2020-07-07,Lassen,035,31185,263,219,2,221,0
2020-07-07,Los Angeles,037,10098052,140291,121026,112,121138,3588
2020-07-07,Madera,039,155013,1408,794,2,796,4
2020-07-07,Marin,041,260295,3863,2627,4,2631,17
2020-07-07,Mariposa,043,17540,38,31,0,31,1
2020-07-07,Mendocino,045,87422,125,82,0,82,0
2020-07-07,Merced,047,269075,2648,1531,1,1532,10
2020-07-07,Modoc,049,8938,1,0,0,0,0
2020-07-07,Mono,051,14174,59,42,0,42,1
2020-07-07,Monterey,053,433212,2885,2166,5,2171,17
2020-07-07,Napa,055,140530,624,459,0,459,4
2020-07-07,Nevada,057,99092,198,150,4,154,1
2020-07-07,Orange,059,3164182,29533,21741,321,22062,373
2020-07-07,Placer,061,380077,1277,930,1,931,11
2020-07-07,Plumas,063,18699,17,12,0,12,0
2020-07-07,Riverside,065,2383286,29491,23279,17,23296,499
2020-07-07,Sacramento,067,1510023,6329,4592,3,4595,76
2020-07-07,San Benito,069,59416,380,274,0,274,2
2020-07-07,San Bernardino,071,2135413,24844,16004,20,16024,277
2020-07-07,San Diego,073,3302833,22007,17580,2,17582,399
2020-07-07,San Francisco,075,870044,4781,4045,1,4046,50
2020-07-07,San Joaquin,077,732212,7745,5547,5,5552,59
2020-07-07,San Luis Obispo,079,281455,1171,795,5,800,2
2020-07-07,San Mateo,081,765935,4276,3691,4,3695,106
2020-07-07,Santa Barbara,083,443738,5078,3866,28,3894,27
2020-07-07,Santa Clara,085,1922200,7200,5438,9,5447,164
2020-07-07,Santa Cruz,087,273765,613,502,4,506,2
2020-07-07,Shasta,089,179085,268,144,1,145,6
2020-07-07,Sierra,091,2930,1,1,0,1,0
2020-07-07,Siskiyou,093,43540,53,30,0,30,0
2020-07-07,Solano,095,438530,2526,1776,9,1785,22
2020-07-07,Sonoma,097,501317,1986,1473,4,1477,8
2020-07-07,Stanislaus,099,539301,6025,4101,6,4107,46
2020-07-07,Sutter,101,95872,375,273,0,273,2
2020-07-07,Tehama,103,63373,125,95,2,97,1
2020-07-07,Trinity,105,12862,12,2,4,6,0
2020-07-07,Tulare,107,460477,6800,5189,10,5199,137
2020-07-07,Tuolumne,109,53932,74,40,2,42,0
2020-07-07,Ventura,111,848112,5491,3992,13,4005,46
2020-07-07,Yolo,113,214977,1028,706,3,709,26
2020-07-07,Yuba,115,75493,160,138,0,138,1
2020-07-06,Alameda,001,1643700,8415,6970,9,6979,141
2020-07-06,Alpine,003,1148,2,1,0,1,0
2020-07-06,Amador,005,37829,38,33,0,33,0
2020-07-06,Butte,007,227075,430,257,6,263,2
2020-07-06,Calaveras,009,45235,69,45,0,45,0
2020-07-06,Colusa,011,21464,134,80,0,80,0
2020-07-06,Contra Costa,013,1133247,5249,3901,5,3906,83
2020-07-06,Del Norte,015,27424,60,57,0,57,0
2020-07-06,El Dorado,017,186661,394,232,0,232,0
2020-07-06,Fresno,019,978130,12474,6364,76,6440,82
2020-07-06,Glenn,021,27897,198,129,0,129,0
2020-07-06,Humboldt,023,135768,187,148,1,149,3
2020-07-06,Imperial,025,180216,8726,6443,4,6447,47
2020-07-06,Inyo,027,18085,36,32,0,32,1
2020-07-06,Kern,029,883053,12696,5491,36,5527,82
2020-07-06,Kings,031,150075,3127,2583,9,2592,33
2020-07-06,Lake,033,64148,122,93,0,93,1
2020-07-06,Lassen,035,31185,261,219,2,221,0
2020-07-06,Los Angeles,037,10098052,136678,116707,98,116805,3541
2020-07-06,Madera,039,155013,1338,734,2,736,4
2020-07-06,Marin,041,260295,3623,2136,4,2140,17
2020-07-06,Mariposa,043,17540,36,31,0,31,1
2020-07-06,Mendocino,045,87422,108,72,0,72,0
2020-07-06,Merced,047,269075,2497,1396,1,1397,10
2020-07-06,Modoc,049,8938,1,0,0,0,0
2020-07-06,Mono,051,14174,58,40,0,40,1
2020-07-06,Monterey,053,433212,2797,2078,5,2083,15
2020-07-06,Napa,055,140530,606,454,0,454,4
2020-07-06,Nevada,057,99092,192,146,4,150,1
2020-07-06,Orange,059,3164182,28475,20167,283,20450,372
2020-07-06,Placer,061,380077,1215,904,1,905,11
2020-07-06,Plumas,063,18699,17,11,0,11,0
2020-07-06,Riverside,065,2383286,28442,22485,15,22500,477
2020-07-06,Sacramento,067,1510023,5979,4420,3,4423,71
2020-07-06,San Benito,069,59416,365,264,0,264,2
2020-07-06,San Bernardino,071,2135413,23989,15346,16,15362,272
2020-07-06,San Diego,073,3302833,21294,17002,2,17004,387
2020-07-06,San Francisco,075,870044,4660,3861,1,3862,50
2020-07-06,San Joaquin,077,732212,7375,5104,5,5109,57
2020-07-06,San Luis Obispo,079,281455,1113,751,5,756,2
2020-07-06,San Mateo,081,765935,4184,3650,4,3654,106
2020-07-06,Santa Barbara,083,443738,4941,3763,27,3790,27
2020-07-06,Santa Clara,085,1922200,6929,5369,9,5378,165
2020-07-06,Santa Cruz,087,273765,591,466,3,469,2
2020-07-06,Shasta,089,179085,258,143,1,144,6
2020-07-06,Sierra,091,2930,1,1,0,1,0
2020-07-06,Siskiyou,093,43540,49,30,0,30,0
2020-07-06,Solano,095,438530,2393,1668,9,1677,22
2020-07-06,Sonoma,097,501317,1922,1369,4,1373,8
2020-07-06,Stanislaus,099,539301,5623,3983,6,3989,46
2020-07-06,Sutter,101,95872,348,250,0,250,2
2020-07-06,Tehama,103,63373,122,95,2,97,1
2020-07-06,Trinity,105,12862,11,2,4,6,0
2020-07-06,Tulare,107,460477,6595,5039,8,5047,136
2020-07-06,Tuolumne,109,53932,71,30,2,32,0
2020-07-06,Ventura,111,848112,5298,3912,13,3925,44
2020-07-06,Yolo,113,214977,972,685,3,688,26
2020-07-06,Yuba,115,75493,146,124,0,124,1
2020-07-05,Alameda,001,1643700,8163,6861,9,6870,141
2020-07-05,Alpine,003,1148,2,1,0,1,0
2020-07-05,Amador,005,37829,36,31,0,31,0
2020-07-05,Butte,007,227075,395,248,6,254,2
2020-07-05,Calaveras,009,45235,66,45,0,45,0
2020-07-05,Colusa,011,21464,124,79,0,79,0
2020-07-05,Contra Costa,013,1133247,5009,3665,4,3669,80
2020-07-05,Del Norte,015,27424,60,57,0,57,0
2020-07-05,El Dorado,017,186661,376,227,0,227,0
2020-07-05,Fresno,019,978130,11909,6186,74,6260,82
2020-07-05,Glenn,021,27897,195,129,0,129,0
2020-07-05,Humboldt,023,135768,183,147,1,148,3
2020-07-05,Imperial,025,180216,8592,6441,4,6445,47
2020-07-05,Inyo,027,18085,35,32,0,32,1
2020-07-05,Kern,029,883053,11986,5351,36,5387,82
2020-07-05,Kings,031,150075,3044,2546,8,2554,31
2020-07-05,Lake,033,64148,122,92,0,92,1
2020-07-05,Lassen,035,31185,255,219,2,221,0
2020-07-05,Los Angeles,037,10098052,133458,115133,92,115225,3495
2020-07-05,Madera,039,155013,1259,564,2,566,4
2020-07-05,Marin,041,260295,3440,2080,4,2084,17
2020-07-05,Mariposa,043,17540,36,31,0,31,1
2020-07-05,Mendocino,045,87422,105,72,0,72,0
2020-07-05,Merced,047,269075,2352,1340,1,1341,10
2020-07-05,Modoc,049,8938,1,0,0,0,0
2020-07-05,Mono,051,14174,54,39,0,39,1
2020-07-05,Monterey,053,433212,2694,1994,5,1999,15
2020-07-05,Napa,055,140530,576,450,0,450,4
2020-07-05,Nevada,057,99092,186,141,4,145,1
2020-07-05,Orange,059,3164182,27534,19430,268,19698,372
2020-07-05,Placer,061,380077,1158,855,1,856,11
2020-07-05,Plumas,063,18699,16,11,0,11,0
2020-07-05,Riverside,065,2383286,27585,21511,15,21526,474
2020-07-05,Sacramento,067,1510023,5664,4265,2,4267,71
2020-07-05,San Benito,069,59416,346,258,0,258,2
2020-07-05,San Bernardino,071,2135413,23111,15026,16,15042,270
2020-07-05,San Diego,073,3302833,20606,16728,2,16730,387
2020-07-05,San Francisco,075,870044,4542,3861,1,3862,50
2020-07-05,San Joaquin,077,732212,7056,5015,5,5020,57
2020-07-05,San Luis Obispo,079,281455,1034,730,5,735,2
2020-07-05,San Mateo,081,765935,4073,3575,4,3579,106
2020-07-05,Santa Barbara,083,443738,4794,3671,24,3695,27
2020-07-05,Santa Clara,085,1922200,6640,5237,9,5246,162
2020-07-05,Santa Cruz,087,273765,573,467,1,468,2
2020-07-05,Shasta,089,179085,252,138,1,139,6
2020-07-05,Sierra,091,2930,1,1,0,1,0
2020-07-05,Siskiyou,093,43540,45,30,0,30,0
2020-07-05,Solano,095,438530,2273,1547,9,1556,22
2020-07-05,Sonoma,097,501317,1841,1369,4,1373,8
2020-07-05,Stanislaus,099,539301,5292,3777,6,3783,45
2020-07-05,Sutter,101,95872,320,241,0,241,2
2020-07-05,Tehama,103,63373,120,95,2,97,1
2020-07-05,Trinity,105,12862,11,2,4,6,0
2020-07-05,Tulare,107,460477,6336,4981,6,4987,135
2020-07-05,Tuolumne,109,53932,66,30,2,32,0
2020-07-05,Ventura,111,848112,5095,3866,13,3879,44
2020-07-05,Yolo,113,214977,932,644,3,647,26
2020-07-05,Yuba,115,75493,136,115,0,115,1
2020-07-04,Alameda,001,1643700,8051,6737,9,6746,141
2020-07-04,Alpine,003,1148,2,1,0,1,0
2020-07-04,Amador,005,37829,35,31,0,31,0
2020-07-04,Butte,007,227075,377,224,6,230,2
2020-07-04,Calaveras,009,45235,66,45,0,45,0
2020-07-04,Colusa,011,21464,123,76,0,76,0
2020-07-04,Contra Costa,013,1133247,4862,3583,4,3587,80
2020-07-04,Del Norte,015,27424,60,50,0,50,0
2020-07-04,El Dorado,017,186661,356,211,0,211,0
2020-07-04,Fresno,019,978130,11593,5999,72,6071,82
2020-07-04,Glenn,021,27897,188,128,0,128,0
2020-07-04,Humboldt,023,135768,176,144,1,145,3
2020-07-04,Imperial,025,180216,8544,6441,4,6445,47
2020-07-04,Inyo,027,18085,35,32,0,32,1
2020-07-04,Kern,029,883053,11682,5231,36,5267,81
2020-07-04,Kings,031,150075,3001,2509,8,2517,31
2020-07-04,Lake,033,64148,115,86,0,86,1
2020-07-04,Lassen,035,31185,255,219,2,221,0
2020-07-04,Los Angeles,037,10098052,131642,107256,81,107337,3462
2020-07-04,Madera,039,155013,1213,568,2,570,4
2020-07-04,Marin,041,260295,3411,1962,4,1966,17
2020-07-04,Mariposa,043,17540,36,28,0,28,1
2020-07-04,Mendocino,045,87422,105,72,0,72,0
2020-07-04,Merced,047,269075,2249,1252,1,1253,10
2020-07-04,Modoc,049,8938,1,0,0,0,0
2020-07-04,Mono,051,14174,54,37,0,37,1
2020-07-04,Monterey,053,433212,2614,1878,5,1883,15
2020-07-04,Napa,055,140530,567,426,0,426,4
2020-07-04,Nevada,057,99092,183,125,4,129,1
2020-07-04,Orange,059,3164182,27102,19247,253,19500,372
2020-07-04,Placer,061,380077,1123,796,1,797,11
2020-07-04,Plumas,063,18699,16,11,0,11,0
2020-07-04,Riverside,065,2383286,27217,21508,15,21523,474
2020-07-04,Sacramento,067,1510023,5493,4039,2,4041,71
2020-07-04,San Benito,069,59416,333,255,0,255,2
2020-07-04,San Bernardino,071,2135413,22684,14636,14,14650,270
2020-07-04,San Diego,073,3302833,20146,16166,2,16168,387
2020-07-04,San Francisco,075,870044,4450,3861,1,3862,50
2020-07-04,San Joaquin,077,732212,6843,4807,5,4812,57
2020-07-04,San Luis Obispo,079,281455,994,699,5,704,2
2020-07-04,San Mateo,081,765935,4010,3532,4,3536,106
2020-07-04,Santa Barbara,083,443738,4719,3520,22,3542,27
2020-07-04,Santa Clara,085,1922200,6448,5045,8,5053,161
2020-07-04,Santa Cruz,087,273765,563,466,1,467,2
2020-07-04,Shasta,089,179085,249,135,1,136,6
2020-07-04,Sierra,091,2930,1,1,0,1,0
2020-07-04,Siskiyou,093,43540,38,30,0,30,0
2020-07-04,Solano,095,438530,2237,1548,9,1557,22
2020-07-04,Sonoma,097,501317,1815,1370,4,1374,8
2020-07-04,Stanislaus,099,539301,5134,3572,6,3578,44
2020-07-04,Sutter,101,95872,301,225,0,225,2
2020-07-04,Tehama,103,63373,117,92,2,94,1
2020-07-04,Trinity,105,12862,11,2,4,6,0
2020-07-04,Tulare,107,460477,6224,4802,5,4807,135
2020-07-04,Tuolumne,109,53932,62,30,2,32,0
2020-07-04,Ventura,111,848112,4971,3687,13,3700,44
2020-07-04,Yolo,113,214977,907,615,3,618,26
2020-07-04,Yuba,115,75493,129,102,0,102,1
2020-07-03,Alameda,001,1643700,7930,6486,9,6495,141
2020-07-03,Alpine,003,1148,2,1,0,1,0
2020-07-03,Amador,005,37829,35,25,0,25,0
2020-07-03,Butte,007,227075,365,212,6,218,2
2020-07-03,Calaveras,009,45235,66,44,0,44,0
2020-07-03,Colusa,011,21464,117,70,0,70,0
2020-07-03,Contra Costa,013,1133247,4728,3447,4,3451,78
2020-07-03,Del Norte,015,27424,60,50,0,50,0
2020-07-03,El Dorado,017,186661,344,201,0,201,0
2020-07-03,Fresno,019,978130,11288,5783,70,5853,81
2020-07-03,Glenn,021,27897,183,122,0,122,0
2020-07-03,Humboldt,023,135768,172,143,1,144,3
2020-07-03,Imperial,025,180216,8496,6345,4,6349,47
2020-07-03,Inyo,027,18085,35,32,0,32,1
2020-07-03,Kern,029,883053,11421,5213,36,5249,81
2020-07-03,Kings,031,150075,2965,2492,8,2500,31
2020-07-03,Lake,033,64148,108,83,0,83,0
2020-07-03,Lassen,035,31185,255,219,2,221,0
2020-07-03,Los Angeles,037,10098052,130125,107236,77,107313,3461
2020-07-03,Madera,039,155013,1168,565,2,567,4
2020-07-03,Marin,041,260295,3382,1776,4,1780,17
2020-07-03,Mariposa,043,17540,36,28,0,28,1
2020-07-03,Mendocino,045,87422,104,72,0,72,0
2020-07-03,Merced,047,269075,2183,1188,1,1189,10
2020-07-03,Modoc,049,8938,1,0,0,0,0
2020-07-03,Mono,051,14174,54,37,0,37,1
2020-07-03,Monterey,053,433212,2543,1804,5,1809,15
2020-07-03,Napa,055,140530,549,388,0,388,4
2020-07-03,Nevada,057,99092,182,125,4,129,1
2020-07-03,Orange,059,3164182,26710,18819,244,19063,366
2020-07-03,Placer,061,380077,1096,745,1,746,11
2020-07-03,Plumas,063,18699,16,11,0,11,0
2020-07-03,Riverside,065,2383286,26911,21171,15,21186,472
2020-07-03,Sacramento,067,1510023,5359,3711,2,3713,71
2020-07-03,San Benito,069,59416,326,243,0,243,2
2020-07-03,San Bernardino,071,2135413,22295,14040,14,14054,269
2020-07-03,San Diego,073,3302833,19690,15698,2,15700,387
2020-07-03,San Francisco,075,870044,4403,3781,1,3782,50
2020-07-03,San Joaquin,077,732212,6705,4416,4,4420,56
2020-07-03,San Luis Obispo,079,281455,959,676,5,681,2
2020-07-03,San Mateo,081,765935,3953,3439,4,3443,106
2020-07-03,Santa Barbara,083,443738,4632,3406,21,3427,27
2020-07-03,Santa Clara,085,1922200,6337,4820,8,4828,161
2020-07-03,Santa Cruz,087,273765,550,436,1,437,2
2020-07-03,Shasta,089,179085,241,113,1,114,6
2020-07-03,Sierra,091,2930,1,1,0,1,0
2020-07-03,Siskiyou,093,43540,35,30,0,30,0
2020-07-03,Solano,095,438530,2193,1496,8,1504,22
2020-07-03,Sonoma,097,501317,1767,1282,4,1286,8
2020-07-03,Stanislaus,099,539301,5009,3021,6,3027,43
2020-07-03,Sutter,101,95872,291,205,0,205,2
2020-07-03,Tehama,103,63373,115,89,2,91,1
2020-07-03,Trinity,105,12862,11,2,4,6,0
2020-07-03,Tulare,107,460477,6109,4656,5,4661,134
2020-07-03,Tuolumne,109,53932,60,27,2,29,0
2020-07-03,Ventura,111,848112,4875,3536,13,3549,44
2020-07-03,Yolo,113,214977,873,586,3,589,25
2020-07-03,Yuba,115,75493,124,96,0,96,1
2020-07-02,Alameda,001,1643700,7804,6386,9,6395,139
2020-07-02,Alpine,003,1148,2,1,0,1,0
2020-07-02,Amador,005,37829,34,23,0,23,0
2020-07-02,Butte,007,227075,348,199,6,205,2
2020-07-02,Calaveras,009,45235,62,42,0,42,0
2020-07-02,Colusa,011,21464,109,60,0,60,0
2020-07-02,Contra Costa,013,1133247,4545,3347,4,3351,77
2020-07-02,Del Norte,015,27424,59,50,0,50,0
2020-07-02,El Dorado,017,186661,333,193,0,193,0
2020-07-02,Fresno,019,978130,10830,5402,69,5471,78
2020-07-02,Glenn,021,27897,177,114,0,114,0
2020-07-02,Humboldt,023,135768,168,138,1,139,3
2020-07-02,Imperial,025,180216,8393,6236,4,6240,47
2020-07-02,Inyo,027,18085,35,29,0,29,1
2020-07-02,Kern,029,883053,10885,5036,34,5070,78
2020-07-02,Kings,031,150075,2915,2419,8,2427,31
2020-07-02,Lake,033,64148,104,81,0,81,0
2020-07-02,Lassen,035,31185,253,218,2,220,0
2020-07-02,Los Angeles,037,10098052,128107,107144,53,107197,3458
2020-07-02,Madera,039,155013,1100,548,2,550,4
2020-07-02,Marin,041,260295,3297,1706,4,1710,17
2020-07-02,Mariposa,043,17540,35,28,0,28,1
2020-07-02,Mendocino,045,87422,100,71,0,71,0
2020-07-02,Merced,047,269075,2086,1122,1,1123,10
2020-07-02,Modoc,049,8938,1,0,0,0,0
2020-07-02,Mono,051,14174,54,37,0,37,1
2020-07-02,Monterey,053,433212,2483,1796,5,1801,15
2020-07-02,Napa,055,140530,532,352,0,352,4
2020-07-02,Nevada,057,99092,176,118,4,122,1
2020-07-02,Orange,059,3164182,25945,17056,231,17287,360
2020-07-02,Placer,061,380077,1072,740,1,741,11
2020-07-02,Plumas,063,18699,15,8,0,8,0
2020-07-02,Riverside,065,2383286,26340,20253,15,20268,458
2020-07-02,Sacramento,067,1510023,5132,3587,2,3589,70
2020-07-02,San Benito,069,59416,318,236,0,236,2
2020-07-02,San Bernardino,071,2135413,21758,13185,14,13199,260
2020-07-02,San Diego,073,3302833,19228,15208,2,15210,377
2020-07-02,San Francisco,075,870044,4308,3676,1,3677,50
2020-07-02,San Joaquin,077,732212,6358,4243,4,4247,56
2020-07-02,San Luis Obispo,079,281455,914,659,5,664,2
2020-07-02,San Mateo,081,765935,3872,3390,4,3394,107
2020-07-02,Santa Barbara,083,443738,4532,3385,19,3404,27
2020-07-02,Santa Clara,085,1922200,6211,4722,8,4730,160
2020-07-02,Santa Cruz,087,273765,527,414,1,415,2
2020-07-02,Shasta,089,179085,238,110,1,111,5
2020-07-02,Sierra,091,2930,1,1,0,1,0
2020-07-02,Siskiyou,093,43540,35,30,0,30,0
2020-07-02,Solano,095,438530,2110,1429,8,1437,21
2020-07-02,Sonoma,097,501317,1709,1244,4,1248,6
2020-07-02,Stanislaus,099,539301,4837,2850,6,2856,41
2020-07-02,Sutter,101,95872,279,195,0,195,2
2020-07-02,Tehama,103,63373,113,86,2,88,1
2020-07-02,Trinity,105,12862,11,2,4,6,0
2020-07-02,Tulare,107,460477,5943,4559,4,4563,132
2020-07-02,Tuolumne,109,53932,57,23,2,25,0
2020-07-02,Ventura,111,848112,4719,3394,13,3407,42
2020-07-02,Yolo,113,214977,841,554,3,557,24
2020-07-02,Yuba,115,75493,114,93,0,93,1
2020-07-01,Alameda,001,1643700,7582,6125,9,6134,137
2020-07-01,Alpine,003,1148,2,1,0,1,0
2020-07-01,Amador,005,37829,33,22,0,22,0
2020-07-01,Butte,007,227075,323,185,6,191,2
2020-07-01,Calaveras,009,45235,60,37,0,37,0
2020-07-01,Colusa,011,21464,103,53,0,53,0
2020-07-01,Contra Costa,013,1133247,4333,3259,4,3263,76
2020-07-01,Del Norte,015,27424,59,50,0,50,0
2020-07-01,El Dorado,017,186661,306,183,0,183,0
2020-07-01,Fresno,019,978130,10397,5111,66,5177,76
2020-07-01,Glenn,021,27897,170,110,0,110,0
2020-07-01,Humboldt,023,135768,163,134,0,134,3
2020-07-01,Imperial,025,180216,8295,6150,4,6154,46
2020-07-01,Inyo,027,18085,34,30,0,30,1
2020-07-01,Kern,029,883053,10254,4853,31,4884,78
2020-07-01,Kings,031,150075,2847,2360,8,2368,30
2020-07-01,Lake,033,64148,103,75,0,75,0
2020-07-01,Lassen,035,31185,252,217,2,219,0
2020-07-01,Los Angeles,037,10098052,124901,105325,42,105367,3408
2020-07-01,Madera,039,155013,1059,519,2,521,4
2020-07-01,Marin,041,260295,3140,1636,4,1640,17
2020-07-01,Mariposa,043,17540,35,29,0,29,1
2020-07-01,Mendocino,045,87422,96,70,0,70,0
2020-07-01,Merced,047,269075,1986,1052,1,1053,10
2020-07-01,Modoc,049,8938,1,0,0,0,0
2020-07-01,Mono,051,14174,51,37,0,37,1
2020-07-01,Monterey,053,433212,2375,1703,5,1708,15
2020-07-01,Napa,055,140530,509,347,0,347,4
2020-07-01,Nevada,057,99092,166,115,4,119,1
2020-07-01,Orange,059,3164182,25060,15662,209,15871,343
2020-07-01,Placer,061,380077,1024,713,1,714,11
2020-07-01,Plumas,063,18699,13,8,0,8,0
2020-07-01,Riverside,065,2383286,25499,19537,14,19551,457
2020-07-01,Sacramento,067,1510023,4877,3425,2,3427,64
2020-07-01,San Benito,069,59416,309,219,0,219,2
2020-07-01,San Bernardino,071,2135413,20860,12712,11,12723,253
2020-07-01,San Diego,073,3302833,18670,14624,2,14626,372
2020-07-01,San Francisco,075,870044,4215,3626,1,3627,50
2020-07-01,San Joaquin,077,732212,6000,3990,4,3994,54
2020-07-01,San Luis Obispo,079,281455,888,613,5,618,1
2020-07-01,San Mateo,081,765935,3810,3326,4,3330,84
2020-07-01,Santa Barbara,083,443738,4412,3268,18,3286,27
2020-07-01,Santa Clara,085,1922200,6025,4547,7,4554,159
2020-07-01,Santa Cruz,087,273765,506,398,0,398,2
2020-07-01,Shasta,089,179085,233,104,1,105,5
2020-07-01,Sierra,091,2930,1,1,0,1,0
2020-07-01,Siskiyou,093,43540,35,28,0,28,0
2020-07-01,Solano,095,438530,2021,1350,8,1358,21
2020-07-01,Sonoma,097,501317,1613,1178,4,1182,6
2020-07-01,Stanislaus,099,539301,4558,2619,6,2625,41
2020-07-01,Sutter,101,95872,266,188,0,188,2
2020-07-01,Tehama,103,63373,106,80,2,82,1
2020-07-01,Trinity,105,12862,11,2,3,5,0
2020-07-01,Tulare,107,460477,5764,4359,4,4363,128
2020-07-01,Tuolumne,109,53932,54,17,2,19,0
2020-07-01,Ventura,111,848112,4576,3224,11,3235,41
2020-07-01,Yolo,113,214977,791,526,3,529,24
2020-07-01,Yuba,115,75493,109,57,0,57,1
2020-06-30,Alameda,001,1643700,7333,5959,7,5966,137
2020-06-30,Alpine,003,1148,2,1,0,1,0
2020-06-30,Amador,005,37829,33,21,0,21,0
2020-06-30,Butte,007,227075,306,163,6,169,2
2020-06-30,Calaveras,009,45235,55,31,0,31,0
2020-06-30,Colusa,011,21464,94,33,0,33,0
2020-06-30,Contra Costa,013,1133247,4127,3140,4,3144,75
2020-06-30,Del Norte,015,27424,59,48,0,48,0
2020-06-30,El Dorado,017,186661,293,175,0,175,0
2020-06-30,Fresno,019,978130,9949,4826,62,4888,75
2020-06-30,Glenn,021,27897,165,96,0,96,0
2020-06-30,Humboldt,023,135768,159,132,0,132,3
2020-06-30,Imperial,025,180216,8198,5968,4,5972,45
2020-06-30,Inyo,027,18085,34,30,0,30,1
2020-06-30,Kern,029,883053,9606,4721,27,4748,75
2020-06-30,Kings,031,150075,2798,2315,5,2320,30
2020-06-30,Lake,033,64148,95,56,0,56,0
2020-06-30,Lassen,035,31185,245,215,2,217,0
2020-06-30,Los Angeles,037,10098052,121311,103640,39,103679,3378
2020-06-30,Madera,039,155013,1002,475,2,477,4
2020-06-30,Marin,041,260295,3069,1614,4,1618,17
2020-06-30,Mariposa,043,17540,34,27,0,27,1
2020-06-30,Mendocino,045,87422,91,65,0,65,0
2020-06-30,Merced,047,269075,1849,970,1,971,10
2020-06-30,Modoc,049,8938,1,0,0,0,0
2020-06-30,Mono,051,14174,49,36,0,36,1
2020-06-30,Monterey,053,433212,2277,1657,5,1662,15
2020-06-30,Napa,055,140530,484,342,0,342,4
2020-06-30,Nevada,057,99092,158,113,4,117,1
2020-06-30,Orange,059,3164182,24130,14354,199,14553,335
2020-06-30,Placer,061,380077,997,667,1,668,11
2020-06-30,Plumas,063,18699,12,8,0,8,0
2020-06-30,Riverside,065,2383286,24782,18656,13,18669,449
2020-06-30,Sacramento,067,1510023,4588,3246,2,3248,64
2020-06-30,San Benito,069,59416,298,200,0,200,2
2020-06-30,San Bernardino,071,2135413,19876,12375,11,12386,249
2020-06-30,San Diego,073,3302833,17967,14150,2,14152,365
2020-06-30,San Francisco,075,870044,4109,3555,1,3556,50
2020-06-30,San Joaquin,077,732212,5625,3744,4,3748,52
2020-06-30,San Luis Obispo,079,281455,852,583,5,588,1
2020-06-30,San Mateo,081,765935,3732,3268,4,3272,84
2020-06-30,Santa Barbara,083,443738,4295,3102,18,3120,25
2020-06-30,Santa Clara,085,1922200,5824,4346,7,4353,157
2020-06-30,Santa Cruz,087,273765,481,379,0,379,2
2020-06-30,Shasta,089,179085,217,100,1,101,5
2020-06-30,Sierra,091,2930,1,1,0,1,0
2020-06-30,Siskiyou,093,43540,34,26,0,26,0
2020-06-30,Solano,095,438530,1929,1256,8,1264,21
2020-06-30,Sonoma,097,501317,1548,1122,4,1126,6
2020-06-30,Stanislaus,099,539301,4260,2578,6,2584,41
2020-06-30,Sutter,101,95872,243,168,0,168,2
2020-06-30,Tehama,103,63373,104,75,2,77,1
2020-06-30,Trinity,105,12862,11,2,3,5,0
2020-06-30,Tulare,107,460477,5557,4207,4,4211,117
2020-06-30,Tuolumne,109,53932,50,16,2,18,0
2020-06-30,Ventura,111,848112,4442,3030,11,3041,40
2020-06-30,Yolo,113,214977,753,515,3,518,24
2020-06-30,Yuba,115,75493,105,55,0,55,1
2020-06-29,Alameda,001,1643700,7123,5766,7,5773,135
2020-06-29,Alpine,003,1148,2,1,0,1,0
2020-06-29,Amador,005,37829,30,20,0,20,0
2020-06-29,Butte,007,227075,285,157,6,163,2
2020-06-29,Calaveras,009,45235,53,30,0,30,0
2020-06-29,Colusa,011,21464,89,17,0,17,0
2020-06-29,Contra Costa,013,1133247,3964,2976,3,2979,75
2020-06-29,Del Norte,015,27424,59,47,0,47,0
2020-06-29,El Dorado,017,186661,279,163,0,163,0
2020-06-29,Fresno,019,978130,9601,4531,61,4592,74
2020-06-29,Glenn,021,27897,156,77,0,77,0
2020-06-29,Humboldt,023,135768,158,128,0,128,3
2020-06-29,Imperial,025,180216,8067,5512,4,5516,45
2020-06-29,Inyo,027,18085,33,29,0,29,1
2020-06-29,Kern,029,883053,8942,4613,25,4638,73
2020-06-29,Kings,031,150075,2734,2280,5,2285,20
2020-06-29,Lake,033,64148,88,53,0,53,0
2020-06-29,Lassen,035,31185,237,77,2,79,0
2020-06-29,Los Angeles,037,10098052,118264,100846,33,100879,3337
2020-06-29,Madera,039,155013,945,422,2,424,4
2020-06-29,Marin,041,260295,2993,1517,4,1521,17
2020-06-29,Mariposa,043,17540,32,25,0,25,1
2020-06-29,Mendocino,045,87422,88,63,0,63,0
2020-06-29,Merced,047,269075,1743,848,1,849,10
2020-06-29,Modoc,049,8938,1,0,0,0,0
2020-06-29,Mono,051,14174,47,35,0,35,1
2020-06-29,Monterey,053,433212,2205,1614,5,1619,14
2020-06-29,Napa,055,140530,463,317,0,317,4
2020-06-29,Nevada,057,99092,155,107,3,110,1
2020-06-29,Orange,059,3164182,23139,13682,183,13865,324
2020-06-29,Placer,061,380077,961,628,1,629,11
2020-06-29,Plumas,063,18699,12,6,0,6,0
2020-06-29,Riverside,065,2383286,23749,17683,13,17696,432
2020-06-29,Sacramento,067,1510023,4301,2985,2,2987,62
2020-06-29,San Benito,069,59416,283,193,0,193,2
2020-06-29,San Bernardino,071,2135413,18915,11643,11,11654,245
2020-06-29,San Diego,073,3302833,17391,13834,2,13836,361
2020-06-29,San Francisco,075,870044,4032,3389,1,3390,50
2020-06-29,San Joaquin,077,732212,5267,3202,4,3206,52
2020-06-29,San Luis Obispo,079,281455,818,544,5,549,1
2020-06-29,San Mateo,081,765935,3678,3170,4,3174,84
2020-06-29,Santa Barbara,083,443738,4185,2933,17,2950,25
2020-06-29,Santa Clara,085,1922200,5652,4231,7,4238,157
2020-06-29,Santa Cruz,087,273765,463,348,0,348,2
2020-06-29,Shasta,089,179085,209,94,1,95,5
2020-06-29,Sierra,091,2930,1,1,0,1,0
2020-06-29,Siskiyou,093,43540,34,25,0,25,0
2020-06-29,Solano,095,438530,1827,1077,8,1085,21
2020-06-29,Sonoma,097,501317,1476,1103,4,1107,5
2020-06-29,Stanislaus,099,539301,4054,2400,5,2405,36
2020-06-29,Sutter,101,95872,221,152,0,152,2
2020-06-29,Tehama,103,63373,100,63,2,65,1
2020-06-29,Trinity,105,12862,11,2,3,5,0
2020-06-29,Tulare,107,460477,5403,3906,4,3910,117
2020-06-29,Tuolumne,109,53932,46,16,2,18,0
2020-06-29,Ventura,111,848112,4295,2794,11,2805,40
2020-06-29,Yolo,113,214977,720,483,3,486,24
2020-06-29,Yuba,115,75493,92,55,0,55,1
2020-06-28,Alameda,001,1643700,6864,5698,7,5705,135
2020-06-28,Alpine,003,1148,2,1,0,1,0
2020-06-28,Amador,005,37829,28,20,0,20,0
2020-06-28,Butte,007,227075,266,150,6,156,2
2020-06-28,Calaveras,009,45235,48,30,0,30,0
2020-06-28,Colusa,011,21464,74,17,0,17,0
2020-06-28,Contra Costa,013,1133247,3774,2803,3,2806,73
2020-06-28,Del Norte,015,27424,58,47,0,47,0
2020-06-28,El Dorado,017,186661,267,162,0,162,0
2020-06-28,Fresno,019,978130,9240,4365,61,4426,74
2020-06-28,Glenn,021,27897,148,77,0,77,0
2020-06-28,Humboldt,023,135768,155,127,0,127,3
2020-06-28,Imperial,025,180216,7879,5513,4,5517,45
2020-06-28,Inyo,027,18085,33,29,0,29,1
2020-06-28,Kern,029,883053,8389,4541,23,4564,72
2020-06-28,Kings,031,150075,2675,2234,5,2239,18
2020-06-28,Lake,033,64148,84,53,0,53,0
2020-06-28,Lassen,035,31185,237,77,2,79,0
2020-06-28,Los Angeles,037,10098052,115060,98003,29,98032,3316
2020-06-28,Madera,039,155013,897,424,2,426,4
2020-06-28,Marin,041,260295,2647,1473,4,1477,17
2020-06-28,Mariposa,043,17540,32,24,0,24,1
2020-06-28,Mendocino,045,87422,86,63,0,63,0
2020-06-28,Merced,047,269075,1630,814,1,815,10
2020-06-28,Modoc,049,8938,1,0,0,0,0
2020-06-28,Mono,051,14174,47,35,0,35,1
2020-06-28,Monterey,053,433212,2123,1560,5,1565,13
2020-06-28,Napa,055,140530,429,307,0,307,4
2020-06-28,Nevada,057,99092,144,102,3,105,1
2020-06-28,Orange,059,3164182,22164,13213,164,13377,324
2020-06-28,Placer,061,380077,922,618,1,619,11
2020-06-28,Plumas,063,18699,11,6,0,6,0
2020-06-28,Riverside,065,2383286,22922,16848,12,16860,432
2020-06-28,Sacramento,067,1510023,4073,2803,2,2805,63
2020-06-28,San Benito,069,59416,272,190,0,190,2
2020-06-28,San Bernardino,071,2135413,18161,11344,10,11354,245
2020-06-28,San Diego,073,3302833,16846,13333,2,13335,361
2020-06-28,San Francisco,075,870044,3953,3388,1,3389,50
2020-06-28,San Joaquin,077,732212,4930,3201,4,3205,52
2020-06-28,San Luis Obispo,079,281455,779,531,4,535,1
2020-06-28,San Mateo,081,765935,3600,3124,4,3128,84
2020-06-28,Santa Barbara,083,443738,4040,2872,17,2889,25
2020-06-28,Santa Clara,085,1922200,5491,4131,7,4138,156
2020-06-28,Santa Cruz,087,273765,440,349,0,349,2
2020-06-28,Shasta,089,179085,196,89,0,89,5
2020-06-28,Sierra,091,2930,1,1,0,1,0
2020-06-28,Siskiyou,093,43540,34,25,0,25,0
2020-06-28,Solano,095,438530,1752,1077,8,1085,21
2020-06-28,Sonoma,097,501317,1422,1084,4,1088,5
2020-06-28,Stanislaus,099,539301,3848,2376,5,2381,36
2020-06-28,Sutter,101,95872,195,145,0,145,2
2020-06-28,Tehama,103,63373,93,63,2,65,1
2020-06-28,Trinity,105,12862,11,2,3,5,0
2020-06-28,Tulare,107,460477,5238,3812,4,3816,117
2020-06-28,Tuolumne,109,53932,41,14,2,16,0
2020-06-28,Ventura,111,848112,4137,2650,11,2661,40
2020-06-28,Yolo,113,214977,685,468,3,471,24
2020-06-28,Yuba,115,75493,88,39,0,39,1
2020-06-27,Alameda,001,1643700,6769,5581,7,5588,135
2020-06-27,Alpine,003,1148,2,1,0,1,0
2020-06-27,Amador,005,37829,26,20,0,20,0
2020-06-27,Butte,007,227075,258,137,6,143,2
2020-06-27,Calaveras,009,45235,46,30,0,30,0
2020-06-27,Colusa,011,21464,68,17,0,17,0
2020-06-27,Contra Costa,013,1133247,3679,2717,2,2719,72
2020-06-27,Del Norte,015,27424,58,47,0,47,0
2020-06-27,El Dorado,017,186661,261,159,0,159,0
2020-06-27,Fresno,019,978130,8994,4238,61,4299,74
2020-06-27,Glenn,021,27897,144,77,0,77,0
2020-06-27,Humboldt,023,135768,153,127,0,127,3
2020-06-27,Imperial,025,180216,7817,5513,4,5517,45
2020-06-27,Inyo,027,18085,33,29,0,29,1
2020-06-27,Kern,029,883053,8125,4411,22,4433,70
2020-06-27,Kings,031,150075,2649,2187,5,2192,18
2020-06-27,Lake,033,64148,81,42,0,42,0
2020-06-27,Lassen,035,31185,237,33,2,35,0
2020-06-27,Los Angeles,037,10098052,113319,95341,26,95367,3291
2020-06-27,Madera,039,155013,854,427,1,428,4
2020-06-27,Marin,041,260295,2602,1423,4,1427,17
2020-06-27,Mariposa,043,17540,31,22,0,22,1
2020-06-27,Mendocino,045,87422,86,63,0,63,0
2020-06-27,Merced,047,269075,1572,807,0,807,10
2020-06-27,Modoc,049,8938,1,0,0,0,0
2020-06-27,Mono,051,14174,46,35,0,35,1
2020-06-27,Monterey,053,433212,2059,1455,5,1460,12
2020-06-27,Napa,055,140530,419,282,0,282,3
2020-06-27,Nevada,057,99092,140,102,2,104,1
2020-06-27,Orange,059,3164182,21653,12951,159,13110,320
2020-06-27,Placer,061,380077,901,584,1,585,10
2020-06-27,Plumas,063,18699,11,6,0,6,0
2020-06-27,Riverside,065,2383286,22532,16209,12,16221,432
2020-06-27,Sacramento,067,1510023,3956,2685,2,2687,63
2020-06-27,San Benito,069,59416,265,182,0,182,2
2020-06-27,San Bernardino,071,2135413,17783,11238,10,11248,243
2020-06-27,San Diego,073,3302833,16481,12836,2,12838,360
2020-06-27,San Francisco,075,870044,3898,3332,1,3333,49
2020-06-27,San Joaquin,077,732212,4765,2995,4,2999,52
2020-06-27,San Luis Obispo,079,281455,755,505,4,509,1
2020-06-27,San Mateo,081,765935,3543,3083,4,3087,83
2020-06-27,Santa Barbara,083,443738,3968,2799,17,2816,25
2020-06-27,Santa Clara,085,1922200,5386,4006,7,4013,157
2020-06-27,Santa Cruz,087,273765,433,347,0,347,2
2020-06-27,Shasta,089,179085,191,87,0,87,5
2020-06-27,Sierra,091,2930,1,1,0,1,0
2020-06-27,Siskiyou,093,43540,34,25,0,25,0
2020-06-27,Solano,095,438530,1719,1076,8,1084,21
2020-06-27,Sonoma,097,501317,1391,1004,4,1008,5
2020-06-27,Stanislaus,099,539301,3748,2164,5,2169,36
2020-06-27,Sutter,101,95872,188,141,0,141,2
2020-06-27,Tehama,103,63373,90,63,2,65,1
2020-06-27,Trinity,105,12862,11,2,3,5,0
2020-06-27,Tulare,107,460477,5142,3810,4,3814,117
2020-06-27,Tuolumne,109,53932,40,13,2,15,0
2020-06-27,Ventura,111,848112,4038,2471,11,2482,40
2020-06-27,Yolo,113,214977,660,432,3,435,24
2020-06-27,Yuba,115,75493,80,39,0,39,1
2020-06-26,Alameda,001,1643700,6683,5502,6,5508,132
2020-06-26,Alpine,003,1148,2,1,0,1,0
2020-06-26,Amador,005,37829,25,20,0,20,0
2020-06-26,Butte,007,227075,243,135,6,141,2
2020-06-26,Calaveras,009,45235,44,30,0,30,0
2020-06-26,Colusa,011,21464,63,17,0,17,0
2020-06-26,Contra Costa,013,1133247,3566,2676,2,2678,72
2020-06-26,Del Norte,015,27424,57,47,0,47,0
2020-06-26,El Dorado,017,186661,253,159,0,159,0
2020-06-26,Fresno,019,978130,8768,4166,61,4227,74
2020-06-26,Glenn,021,27897,137,71,0,71,0
2020-06-26,Humboldt,023,135768,151,126,0,126,3
2020-06-26,Imperial,025,180216,7753,5400,4,5404,44
2020-06-26,Inyo,027,18085,32,29,0,29,1
2020-06-26,Kern,029,883053,7793,4366,22,4388,70
2020-06-26,Kings,031,150075,2617,2176,4,2180,18
2020-06-26,Lake,033,64148,80,42,0,42,0
2020-06-26,Lassen,035,31185,236,30,2,32,0
2020-06-26,Los Angeles,037,10098052,111154,93328,26,93354,3275
2020-06-26,Madera,039,155013,822,409,1,410,4
2020-06-26,Marin,041,260295,2566,1406,4,1410,17
2020-06-26,Mariposa,043,17540,30,21,0,21,1
2020-06-26,Mendocino,045,87422,83,63,0,63,0
2020-06-26,Merced,047,269075,1526,797,0,797,10
2020-06-26,Modoc,049,8938,1,0,0,0,0
2020-06-26,Mono,051,14174,45,35,0,35,1
2020-06-26,Monterey,053,433212,2007,1449,5,1454,12
2020-06-26,Napa,055,140530,409,277,0,277,3
2020-06-26,Nevada,057,99092,136,101,1,102,1
2020-06-26,Orange,059,3164182,20976,12659,156,12815,320
2020-06-26,Placer,061,380077,873,584,1,585,10
2020-06-26,Plumas,063,18699,11,6,0,6,0
2020-06-26,Riverside,065,2383286,22070,15858,12,15870,430
2020-06-26,Sacramento,067,1510023,3791,2687,2,2689,63
2020-06-26,San Benito,069,59416,261,176,0,176,2
2020-06-26,San Bernardino,071,2135413,17406,11111,10,11121,243
2020-06-26,San Diego,073,3302833,16116,12402,2,12404,358
2020-06-26,San Francisco,075,870044,3842,3330,1,3331,49
2020-06-26,San Joaquin,077,732212,4551,2943,4,2947,52
2020-06-26,San Luis Obispo,079,281455,740,498,4,502,1
2020-06-26,San Mateo,081,765935,3491,3055,4,3059,83
2020-06-26,Santa Barbara,083,443738,3878,2784,15,2799,25
2020-06-26,Santa Clara,085,1922200,5285,3968,7,3975,156
2020-06-26,Santa Cruz,087,273765,426,344,0,344,2
2020-06-26,Shasta,089,179085,184,86,0,86,5
2020-06-26,Sierra,091,2930,1,1,0,1,0
2020-06-26,Siskiyou,093,43540,33,24,0,24,0
2020-06-26,Solano,095,438530,1677,1068,8,1076,21
2020-06-26,Sonoma,097,501317,1359,977,4,981,5
2020-06-26,Stanislaus,099,539301,3635,2157,5,2162,36
2020-06-26,Sutter,101,95872,181,138,0,138,2
2020-06-26,Tehama,103,63373,87,63,2,65,1
2020-06-26,Trinity,105,12862,11,2,3,5,0
2020-06-26,Tulare,107,460477,5053,3720,4,3724,117
2020-06-26,Tuolumne,109,53932,38,10,2,12,0
2020-06-26,Ventura,111,848112,3952,2444,11,2455,40
2020-06-26,Yolo,113,214977,636,418,3,421,24
2020-06-26,Yuba,115,75493,74,38,0,38,1
2020-06-25,Alameda,001,1643700,6492,5398,6,5404,130
2020-06-25,Alpine,003,1148,2,1,0,1,0
2020-06-25,Amador,005,37829,24,18,0,18,0
2020-06-25,Butte,007,227075,238,127,6,133,1
2020-06-25,Calaveras,009,45235,39,26,0,26,0
2020-06-25,Colusa,011,21464,53,14,0,14,0
2020-06-25,Contra Costa,013,1133247,3381,2591,2,2593,71
2020-06-25,Del Norte,015,27424,55,47,0,47,0
2020-06-25,El Dorado,017,186661,245,150,0,150,0
2020-06-25,Fresno,019,978130,8456,3938,60,3998,71
2020-06-25,Glenn,021,27897,132,59,0,59,0
2020-06-25,Humboldt,023,135768,150,121,0,121,3
2020-06-25,Imperial,025,180216,7625,5192,4,5196,44
2020-06-25,Inyo,027,18085,29,27,0,27,1
2020-06-25,Kern,029,883053,7368,4236,19,4255,69
2020-06-25,Kings,031,150075,2565,2110,4,2114,17
2020-06-25,Lake,033,64148,79,42,0,42,0
2020-06-25,Lassen,035,31185,230,13,2,15,0
2020-06-25,Los Angeles,037,10098052,108386,91524,26,91550,3239
2020-06-25,Madera,039,155013,778,380,1,381,4
2020-06-25,Marin,041,260295,2464,1321,4,1325,17
2020-06-25,Mariposa,043,17540,29,20,0,20,1
2020-06-25,Mendocino,045,87422,80,61,0,61,0
2020-06-25,Merced,047,269075,1439,747,0,747,10
2020-06-25,Modoc,049,8938,1,0,0,0,0
2020-06-25,Mono,051,14174,44,35,0,35,1
2020-06-25,Monterey,053,433212,1919,1426,4,1430,12
2020-06-25,Napa,055,140530,391,260,0,260,3
2020-06-25,Nevada,057,99092,128,92,1,93,1
2020-06-25,Orange,059,3164182,20052,12221,154,12375,311
2020-06-25,Placer,061,380077,820,574,1,575,10
2020-06-25,Plumas,063,18699,10,6,0,6,0
2020-06-25,Riverside,065,2383286,21315,15224,12,15236,427
2020-06-25,Sacramento,067,1510023,3568,2519,2,2521,62
2020-06-25,San Benito,069,59416,253,174,0,174,2
2020-06-25,San Bernardino,071,2135413,16654,10590,10,10600,242
2020-06-25,San Diego,073,3302833,15577,11963,2,11965,352
2020-06-25,San Francisco,075,870044,3777,3252,1,3253,48
2020-06-25,San Joaquin,077,732212,4278,2803,4,2807,50
2020-06-25,San Luis Obispo,079,281455,708,473,4,477,1
2020-06-25,San Mateo,081,765935,3423,2996,4,3000,82
2020-06-25,Santa Barbara,083,443738,3772,2622,14,2636,25
2020-06-25,Santa Clara,085,1922200,5137,3871,7,3878,156
2020-06-25,Santa Cruz,087,273765,414,335,0,335,2
2020-06-25,Shasta,089,179085,174,84,0,84,5
2020-06-25,Sierra,091,2930,1,1,0,1,0
2020-06-25,Siskiyou,093,43540,32,24,0,24,0
2020-06-25,Solano,095,438530,1624,1034,8,1042,21
2020-06-25,Sonoma,097,501317,1312,953,3,956,5
2020-06-25,Stanislaus,099,539301,3423,2130,5,2135,36
2020-06-25,Sutter,101,95872,169,126,0,126,2
2020-06-25,Tehama,103,63373,83,59,2,61,1
2020-06-25,Trinity,105,12862,11,2,3,5,0
2020-06-25,Tulare,107,460477,4923,3656,4,3660,117
2020-06-25,Tuolumne,109,53932,37,10,2,12,0
2020-06-25,Ventura,111,848112,3770,2346,10,2356,40
2020-06-25,Yolo,113,214977,606,397,3,400,24
2020-06-25,Yuba,115,75493,63,38,0,38,1
2020-06-24,Alameda,001,1643700,6330,5242,6,5248,123
2020-06-24,Alpine,003,1148,2,1,0,1,0
2020-06-24,Amador,005,37829,22,16,0,16,0
2020-06-24,Butte,007,227075,222,119,6,125,1
2020-06-24,Calaveras,009,45235,37,26,0,26,0
2020-06-24,Colusa,011,21464,44,11,0,11,0
2020-06-24,Contra Costa,013,1133247,3226,2520,2,2522,66
2020-06-24,Del Norte,015,27424,49,47,0,47,0
2020-06-24,El Dorado,017,186661,229,149,0,149,0
2020-06-24,Fresno,019,978130,8125,3765,60,3825,71
2020-06-24,Glenn,021,27897,124,54,0,54,0
2020-06-24,Humboldt,023,135768,150,117,0,117,3
2020-06-24,Imperial,025,180216,7507,5138,4,5142,38
2020-06-24,Inyo,027,18085,29,28,0,28,1
2020-06-24,Kern,029,883053,6975,4155,17,4172,67
2020-06-24,Kings,031,150075,2503,2063,4,2067,16
2020-06-24,Lake,033,64148,66,40,0,40,0
2020-06-24,Lassen,035,31185,229,9,2,11,0
2020-06-24,Los Angeles,037,10098052,105627,89566,26,89592,3186
2020-06-24,Madera,039,155013,756,373,1,374,4
2020-06-24,Marin,041,260295,2236,1261,4,1265,17
2020-06-24,Mariposa,043,17540,28,19,0,19,1
2020-06-24,Mendocino,045,87422,80,60,0,60,0
2020-06-24,Merced,047,269075,1353,696,0,696,8
2020-06-24,Modoc,049,8938,1,0,0,0,0
2020-06-24,Mono,051,14174,42,35,0,35,1
2020-06-24,Monterey,053,433212,1842,1407,4,1411,12
2020-06-24,Napa,055,140530,373,258,0,258,3
2020-06-24,Nevada,057,99092,122,92,1,93,1
2020-06-24,Orange,059,3164182,19057,11804,136,11940,303
2020-06-24,Placer,061,380077,781,548,1,549,10
2020-06-24,Plumas,063,18699,10,6,0,6,0
2020-06-24,Riverside,065,2383286,20470,14946,12,14958,410
2020-06-24,Sacramento,067,1510023,3363,2446,2,2448,62
2020-06-24,San Benito,069,59416,249,171,0,171,2
2020-06-24,San Bernardino,071,2135413,15843,10211,9,10220,239
2020-06-24,San Diego,073,3302833,15077,11628,2,11630,347
2020-06-24,San Francisco,075,870044,3714,3216,1,3217,48
2020-06-24,San Joaquin,077,732212,4057,2680,4,2684,49
2020-06-24,San Luis Obispo,079,281455,676,461,3,464,1
2020-06-24,San Mateo,081,765935,3366,2964,4,2968,82
2020-06-24,Santa Barbara,083,443738,3652,2569,12,2581,22
2020-06-24,Santa Clara,085,1922200,5006,3812,7,3819,155
2020-06-24,Santa Cruz,087,273765,402,329,0,329,2
2020-06-24,Shasta,089,179085,166,83,0,83,5
2020-06-24,Sierra,091,2930,1,1,0,1,0
2020-06-24,Siskiyou,093,43540,31,24,0,24,0
2020-06-24,Solano,095,438530,1534,979,7,986,21
2020-06-24,Sonoma,097,501317,1263,933,3,936,4
2020-06-24,Stanislaus,099,539301,3244,2039,5,2044,36
2020-06-24,Sutter,101,95872,156,118,0,118,2
2020-06-24,Tehama,103,63373,81,55,2,57,1
2020-06-24,Trinity,105,12862,11,2,2,4,0
2020-06-24,Tulare,107,460477,4770,3541,4,3545,116
2020-06-24,Tuolumne,109,53932,32,9,2,11,0
2020-06-24,Ventura,111,848112,3429,2314,10,2324,42
2020-06-24,Yolo,113,214977,571,376,3,379,24
2020-06-24,Yuba,115,75493,57,37,0,37,1
2020-06-23,Alameda,001,1643700,6149,5159,6,5165,121
2020-06-23,Alpine,003,1148,2,1,0,1,0
2020-06-23,Amador,005,37829,21,13,0,13,0
2020-06-23,Butte,007,227075,204,111,6,117,1
2020-06-23,Calaveras,009,45235,37,26,0,26,0
2020-06-23,Colusa,011,21464,40,7,0,7,0
2020-06-23,Contra Costa,013,1133247,3100,2453,2,2455,60
2020-06-23,Del Norte,015,27424,48,46,0,46,0
2020-06-23,El Dorado,017,186661,220,142,0,142,0
2020-06-23,Fresno,019,978130,7475,3569,58,3627,67
2020-06-23,Glenn,021,27897,120,47,0,47,0
2020-06-23,Humboldt,023,135768,150,110,0,110,3
2020-06-23,Imperial,025,180216,7344,5025,4,5029,38
2020-06-23,Inyo,027,18085,29,26,0,26,1
2020-06-23,Kern,029,883053,6607,4087,14,4101,64
2020-06-23,Kings,031,150075,2438,1727,4,1731,16
2020-06-23,Lake,033,64148,60,40,0,40,0
2020-06-23,Lassen,035,31185,225,9,2,11,0
2020-06-23,Los Angeles,037,10098052,102689,88433,24,88457,3152
2020-06-23,Madera,039,155013,717,369,1,370,4
2020-06-23,Marin,041,260295,1968,1139,4,1143,17
2020-06-23,Mariposa,043,17540,26,18,0,18,1
2020-06-23,Mendocino,045,87422,79,61,0,61,0
2020-06-23,Merced,047,269075,1256,656,0,656,8
2020-06-23,Modoc,049,8938,1,0,0,0,0
2020-06-23,Mono,051,14174,42,35,0,35,1
2020-06-23,Monterey,053,433212,1772,1346,4,1350,12
2020-06-23,Napa,055,140530,358,230,0,230,3
2020-06-23,Nevada,057,99092,116,81,1,82,1
2020-06-23,Orange,059,3164182,18087,11071,133,11204,278
2020-06-23,Placer,061,380077,755,525,1,526,10
2020-06-23,Plumas,063,18699,9,6,0,6,0
2020-06-23,Riverside,065,2383286,19451,14469,12,14481,406
2020-06-23,Sacramento,067,1510023,3184,2374,2,2376,62
2020-06-23,San Benito,069,59416,235,167,0,167,2
2020-06-23,San Bernardino,071,2135413,15060,9771,9,9780,229
2020-06-23,San Diego,073,3302833,14557,11296,2,11298,341
2020-06-23,San Francisco,075,870044,3641,3177,1,3178,48
2020-06-23,San Joaquin,077,732212,3798,2502,4,2506,48
2020-06-23,San Luis Obispo,079,281455,645,445,3,448,1
2020-06-23,San Mateo,081,765935,3301,2907,4,2911,81
2020-06-23,Santa Barbara,083,443738,3556,2498,12,2510,22
2020-06-23,Santa Clara,085,1922200,4860,3700,7,3707,155
2020-06-23,Santa Cruz,087,273765,392,313,0,313,2
2020-06-23,Shasta,089,179085,157,81,0,81,5
2020-06-23,Sierra,091,2930,1,1,0,1,0
2020-06-23,Siskiyou,093,43540,29,24,0,24,0
2020-06-23,Solano,095,438530,1477,941,6,947,21
2020-06-23,Sonoma,097,501317,1210,912,3,915,4
2020-06-23,Stanislaus,099,539301,3067,1850,5,1855,35
2020-06-23,Sutter,101,95872,146,112,0,112,2
2020-06-23,Tehama,103,63373,79,50,2,52,1
2020-06-23,Trinity,105,12862,11,2,2,4,0
2020-06-23,Tulare,107,460477,4648,3456,4,3460,111
2020-06-23,Tuolumne,109,53932,27,9,1,10,0
2020-06-23,Ventura,111,848112,3269,2209,9,2218,40
2020-06-23,Yolo,113,214977,545,350,0,350,24
2020-06-23,Yuba,115,75493,54,35,0,35,1
2020-06-22,Alameda,001,1643700,5998,4944,6,4950,121
2020-06-22,Alpine,003,1148,2,1,0,1,0
2020-06-22,Amador,005,37829,18,12,0,12,0
2020-06-22,Butte,007,227075,185,104,6,110,1
2020-06-22,Calaveras,009,45235,35,20,0,20,0
2020-06-22,Colusa,011,21464,37,7,0,7,0
2020-06-22,Contra Costa,013,1133247,2958,2363,2,2365,60
2020-06-22,Del Norte,015,27424,48,46,0,46,0
2020-06-22,El Dorado,017,186661,211,137,0,137,0
2020-06-22,Fresno,019,978130,6943,3425,58,3483,67
2020-06-22,Glenn,021,27897,111,40,0,40,0
2020-06-22,Humboldt,023,135768,147,110,0,110,3
2020-06-22,Imperial,025,180216,7188,4700,4,4704,38
2020-06-22,Inyo,027,18085,29,26,0,26,1
2020-06-22,Kern,029,883053,6255,3982,12,3994,60
2020-06-22,Kings,031,150075,2390,1513,4,1517,13
2020-06-22,Lake,033,64148,54,37,0,37,0
2020-06-22,Lassen,035,31185,115,7,2,9,0
2020-06-22,Los Angeles,037,10098052,99792,85925,23,85948,3117
2020-06-22,Madera,039,155013,692,333,1,334,4
2020-06-22,Marin,041,260295,1711,1029,4,1033,17
2020-06-22,Mariposa,043,17540,25,18,0,18,1
2020-06-22,Mendocino,045,87422,74,48,0,48,0
2020-06-22,Merced,047,269075,1167,619,0,619,8
2020-06-22,Modoc,049,8938,1,0,0,0,0
2020-06-22,Mono,051,14174,42,34,0,34,1
2020-06-22,Monterey,053,433212,1711,1293,4,1297,12
2020-06-22,Napa,055,140530,334,222,0,222,3
2020-06-22,Nevada,057,99092,111,79,1,80,1
2020-06-22,Orange,059,3164182,17157,10711,130,10841,275
2020-06-22,Placer,061,380077,729,512,1,513,9
2020-06-22,Plumas,063,18699,7,6,0,6,0
2020-06-22,Riverside,065,2383286,18479,13948,12,13960,403
2020-06-22,Sacramento,067,1510023,2968,2243,2,2245,62
2020-06-22,San Benito,069,59416,226,164,0,164,2
2020-06-22,San Bernardino,071,2135413,14284,9133,9,9142,229
2020-06-22,San Diego,073,3302833,14066,11098,2,11100,338
2020-06-22,San Francisco,075,870044,3548,3000,1,3001,47
2020-06-22,San Joaquin,077,732212,3550,2332,4,2336,48
2020-06-22,San Luis Obispo,079,281455,613,422,3,425,1
2020-06-22,San Mateo,081,765935,3228,2813,4,2817,81
2020-06-22,Santa Barbara,083,443738,3464,2447,12,2459,21
2020-06-22,Santa Clara,085,1922200,4700,3580,7,3587,155
2020-06-22,Santa Cruz,087,273765,379,290,0,290,3
2020-06-22,Shasta,089,179085,154,77,0,77,5
2020-06-22,Sierra,091,2930,1,1,0,1,0
2020-06-22,Siskiyou,093,43540,29,23,0,23,0
2020-06-22,Solano,095,438530,1399,784,5,789,21
2020-06-22,Sonoma,097,501317,1165,860,1,861,4
2020-06-22,Stanislaus,099,539301,2882,1784,5,1789,35
2020-06-22,Sutter,101,95872,137,100,0,100,2
2020-06-22,Tehama,103,63373,75,38,2,40,1
2020-06-22,Trinity,105,12862,11,2,2,4,0
2020-06-22,Tulare,107,460477,4511,3185,4,3189,111
2020-06-22,Tuolumne,109,53932,18,8,1,9,0
2020-06-22,Ventura,111,848112,3120,2065,9,2074,39
2020-06-22,Yolo,113,214977,518,333,0,333,24
2020-06-22,Yuba,115,75493,49,36,0,36,1
2020-06-21,Alameda,001,1643700,5802,4835,6,4841,121
2020-06-21,Alpine,003,1148,2,1,0,1,0
2020-06-21,Amador,005,37829,13,12,0,12,0
2020-06-21,Butte,007,227075,171,97,6,103,1
2020-06-21,Calaveras,009,45235,35,20,0,20,0
2020-06-21,Colusa,011,21464,29,7,0,7,0
2020-06-21,Contra Costa,013,1133247,2832,2282,2,2284,60
2020-06-21,Del Norte,015,27424,47,46,0,46,0
2020-06-21,El Dorado,017,186661,202,132,0,132,0
2020-06-21,Fresno,019,978130,6373,3296,57,3353,67
2020-06-21,Glenn,021,27897,102,40,0,40,0
2020-06-21,Humboldt,023,135768,142,108,0,108,3
2020-06-21,Imperial,025,180216,7005,4701,4,4705,38
2020-06-21,Inyo,027,18085,27,26,0,26,1
2020-06-21,Kern,029,883053,5963,3918,11,3929,60
2020-06-21,Kings,031,150075,2327,1334,4,1338,11
2020-06-21,Lake,033,64148,49,36,0,36,0
2020-06-21,Lassen,035,31185,22,7,2,9,0
2020-06-21,Los Angeles,037,10098052,96911,83383,23,83406,3101
2020-06-21,Madera,039,155013,658,319,1,320,4
2020-06-21,Marin,041,260295,1554,907,4,911,17
2020-06-21,Mariposa,043,17540,22,18,0,18,1
2020-06-21,Mendocino,045,87422,71,48,0,48,0
2020-06-21,Merced,047,269075,1072,577,0,577,8
2020-06-21,Modoc,049,8938,1,0,0,0,0
2020-06-21,Mono,051,14174,42,34,0,34,1
2020-06-21,Monterey,053,433212,1638,1227,4,1231,12
2020-06-21,Napa,055,140530,319,218,0,218,3
2020-06-21,Nevada,057,99092,108,79,1,80,1
2020-06-21,Orange,059,3164182,16315,10563,126,10689,275
2020-06-21,Placer,061,380077,689,498,1,499,9
2020-06-21,Plumas,063,18699,7,6,0,6,0
2020-06-21,Riverside,065,2383286,17773,13528,11,13539,402
2020-06-21,Sacramento,067,1510023,2767,2156,2,2158,62
2020-06-21,San Benito,069,59416,212,151,0,151,2
2020-06-21,San Bernardino,071,2135413,13507,8925,8,8933,229
2020-06-21,San Diego,073,3302833,13521,10796,2,10798,338
2020-06-21,San Francisco,075,870044,3442,3000,1,3001,47
2020-06-21,San Joaquin,077,732212,3314,2188,4,2192,48
2020-06-21,San Luis Obispo,079,281455,588,418,3,421,1
2020-06-21,San Mateo,081,765935,3170,2781,4,2785,81
2020-06-21,Santa Barbara,083,443738,3357,2430,11,2441,21
2020-06-21,Santa Clara,085,1922200,4562,3514,7,3521,154
2020-06-21,Santa Cruz,087,273765,369,290,0,290,3
2020-06-21,Shasta,089,179085,144,75,0,75,5
2020-06-21,Sierra,091,2930,1,1,0,1,0
2020-06-21,Siskiyou,093,43540,29,23,0,23,0
2020-06-21,Solano,095,438530,1299,783,4,787,21
2020-06-21,Sonoma,097,501317,1115,836,1,837,4
2020-06-21,Stanislaus,099,539301,2696,1688,5,1693,35
2020-06-21,Sutter,101,95872,129,96,0,96,2
2020-06-21,Tehama,103,63373,64,35,2,37,1
2020-06-21,Trinity,105,12862,11,2,2,4,0
2020-06-21,Tulare,107,460477,4343,3173,4,3177,111
2020-06-21,Tuolumne,109,53932,16,8,1,9,0
2020-06-21,Ventura,111,848112,2942,2021,9,2030,39
2020-06-21,Yolo,113,214977,486,323,0,323,24
2020-06-21,Yuba,115,75493,45,35,0,35,1
2020-06-20,Alameda,001,1643700,5740,4758,6,4764,119
2020-06-20,Alpine,003,1148,2,1,0,1,0
2020-06-20,Amador,005,37829,13,12,0,12,0
2020-06-20,Butte,007,227075,164,94,6,100,1
2020-06-20,Calaveras,009,45235,35,20,0,20,0
2020-06-20,Colusa,011,21464,26,7,0,7,0
2020-06-20,Contra Costa,013,1133247,2773,2231,2,2233,54
2020-06-20,Del Norte,015,27424,47,46,0,46,0
2020-06-20,El Dorado,017,186661,197,130,0,130,0
2020-06-20,Fresno,019,978130,6248,3222,55,3277,67
2020-06-20,Glenn,021,27897,97,40,0,40,0
2020-06-20,Humboldt,023,135768,142,108,0,108,3
2020-06-20,Imperial,025,180216,6924,4616,4,4620,37
2020-06-20,Inyo,027,18085,27,26,0,26,1
2020-06-20,Kern,029,883053,5798,3836,11,3847,59
2020-06-20,Kings,031,150075,2303,1331,4,1335,9
2020-06-20,Lake,033,64148,49,37,0,37,0
2020-06-20,Lassen,035,31185,21,7,2,9,0
2020-06-20,Los Angeles,037,10098052,95338,81604,22,81626,3093
2020-06-20,Madera,039,155013,625,321,1,322,4
2020-06-20,Marin,041,260295,1534,879,4,883,17
2020-06-20,Mariposa,043,17540,22,18,0,18,1
2020-06-20,Mendocino,045,87422,70,48,0,48,0
2020-06-20,Merced,047,269075,1032,566,0,566,8
2020-06-20,Modoc,049,8938,1,0,0,0,0
2020-06-20,Mono,051,14174,42,34,0,34,1
2020-06-20,Monterey,053,433212,1602,1181,4,1185,12
2020-06-20,Napa,055,140530,310,212,0,212,3
2020-06-20,Nevada,057,99092,105,73,1,74,1
2020-06-20,Orange,059,3164182,15967,10284,122,10406,273
2020-06-20,Placer,061,380077,664,483,1,484,9
2020-06-20,Plumas,063,18699,6,6,0,6,0
2020-06-20,Riverside,065,2383286,17474,13021,11,13032,402
2020-06-20,Sacramento,067,1510023,2696,2069,2,2071,63
2020-06-20,San Benito,069,59416,208,139,0,139,2
2020-06-20,San Bernardino,071,2135413,13145,8718,8,8726,229
2020-06-20,San Diego,073,3302833,13198,10486,2,10488,338
2020-06-20,San Francisco,075,870044,3398,2999,1,3000,47
2020-06-20,San Joaquin,077,732212,3231,2046,4,2050,48
2020-06-20,San Luis Obispo,079,281455,575,405,3,408,1
2020-06-20,San Mateo,081,765935,3122,2755,4,2759,81
2020-06-20,Santa Barbara,083,443738,3301,2358,10,2368,21
2020-06-20,Santa Clara,085,1922200,4489,3435,7,3442,154
2020-06-20,Santa Cruz,087,273765,367,287,0,287,3
2020-06-20,Shasta,089,179085,138,66,0,66,5
2020-06-20,Sierra,091,2930,1,1,0,1,0
2020-06-20,Siskiyou,093,43540,28,22,0,22,0
2020-06-20,Solano,095,438530,1275,784,4,788,21
2020-06-20,Sonoma,097,501317,1079,806,1,807,4
2020-06-20,Stanislaus,099,539301,2588,1598,5,1603,35
2020-06-20,Sutter,101,95872,127,89,0,89,2
2020-06-20,Tehama,103,63373,62,35,2,37,1
2020-06-20,Trinity,105,12862,11,2,2,4,0
2020-06-20,Tulare,107,460477,4270,3172,4,3176,111
2020-06-20,Tuolumne,109,53932,13,8,1,9,0
2020-06-20,Ventura,111,848112,2877,1946,9,1955,37
2020-06-20,Yolo,113,214977,470,309,0,309,24
2020-06-20,Yuba,115,75493,43,34,0,34,1
2020-06-19,Alameda,001,1643700,5669,4646,6,4652,119
2020-06-19,Alpine,003,1148,2,1,0,1,0
2020-06-19,Amador,005,37829,13,12,0,12,0
2020-06-19,Butte,007,227075,159,91,6,97,1
2020-06-19,Calaveras,009,45235,34,20,0,20,0
2020-06-19,Colusa,011,21464,24,7,0,7,0
2020-06-19,Contra Costa,013,1133247,2694,2106,2,2108,54
2020-06-19,Del Norte,015,27424,47,46,0,46,0
2020-06-19,El Dorado,017,186661,188,124,0,124,0
2020-06-19,Fresno,019,978130,6086,3109,53,3162,61
2020-06-19,Glenn,021,27897,91,40,0,40,0
2020-06-19,Humboldt,023,135768,140,106,0,106,3
2020-06-19,Imperial,025,180216,6833,4504,4,4508,36
2020-06-19,Inyo,027,18085,27,26,0,26,1
2020-06-19,Kern,029,883053,5575,3742,10,3752,57
2020-06-19,Kings,031,150075,2282,1285,4,1289,9
2020-06-19,Lake,033,64148,46,36,0,36,0
2020-06-19,Lassen,035,31185,20,7,2,9,0
2020-06-19,Los Angeles,037,10098052,93358,79572,22,79594,3047
2020-06-19,Madera,039,155013,606,300,1,301,4
2020-06-19,Marin,041,260295,1505,829,4,833,17
2020-06-19,Mariposa,043,17540,21,18,0,18,1
2020-06-19,Mendocino,045,87422,69,48,0,48,0
2020-06-19,Merced,047,269075,987,529,0,529,8
2020-06-19,Modoc,049,8938,1,0,0,0,0
2020-06-19,Mono,051,14174,42,34,0,34,1
2020-06-19,Monterey,053,433212,1573,1159,4,1163,12
2020-06-19,Napa,055,140530,300,209,0,209,3
2020-06-19,Nevada,057,99092,102,71,1,72,1
2020-06-19,Orange,059,3164182,15440,9972,114,10086,260
2020-06-19,Placer,061,380077,646,464,1,465,9
2020-06-19,Plumas,063,18699,6,5,0,5,0
2020-06-19,Riverside,065,2383286,17069,12710,11,12721,398
2020-06-19,Sacramento,067,1510023,2613,1976,2,1978,64
2020-06-19,San Benito,069,59416,207,136,0,136,2
2020-06-19,San Bernardino,071,2135413,12739,8454,7,8461,226
2020-06-19,San Diego,073,3302833,12835,10352,2,10354,332
2020-06-19,San Francisco,075,870044,3343,2968,1,2969,47
2020-06-19,San Joaquin,077,732212,3108,1969,4,1973,48
2020-06-19,San Luis Obispo,079,281455,560,392,3,395,1
2020-06-19,San Mateo,081,765935,3083,2713,4,2717,81
2020-06-19,Santa Barbara,083,443738,3228,2284,8,2292,21
2020-06-19,Santa Clara,085,1922200,4415,3376,7,3383,154
2020-06-19,Santa Cruz,087,273765,357,283,0,283,3
2020-06-19,Shasta,089,179085,134,58,0,58,5
2020-06-19,Sierra,091,2930,1,1,0,1,0
2020-06-19,Siskiyou,093,43540,28,21,0,21,0
2020-06-19,Solano,095,438530,1237,755,4,759,21
2020-06-19,Sonoma,097,501317,1052,803,1,804,4
2020-06-19,Stanislaus,099,539301,2478,1549,5,1554,35
2020-06-19,Sutter,101,95872,126,89,0,89,2
2020-06-19,Tehama,103,63373,61,35,2,37,1
2020-06-19,Trinity,105,12862,11,2,2,4,0
2020-06-19,Tulare,107,460477,4199,3053,4,3057,107
2020-06-19,Tuolumne,109,53932,12,8,1,9,0
2020-06-19,Ventura,111,848112,2793,1865,9,1874,37
2020-06-19,Yolo,113,214977,451,303,0,303,24
2020-06-19,Yuba,115,75493,42,33,0,33,1
2020-06-18,Alameda,001,1643700,5540,4589,6,4595,118
2020-06-18,Alpine,003,1148,2,1,0,1,0
2020-06-18,Amador,005,37829,12,12,0,12,0
2020-06-18,Butte,007,227075,154,88,6,94,1
2020-06-18,Calaveras,009,45235,34,20,0,20,0
2020-06-18,Colusa,011,21464,20,7,0,7,0
2020-06-18,Contra Costa,013,1133247,2588,2072,2,2074,53
2020-06-18,Del Norte,015,27424,47,46,0,46,0
2020-06-18,El Dorado,017,186661,184,121,0,121,0
2020-06-18,Fresno,019,978130,5818,2947,52,2999,57
2020-06-18,Glenn,021,27897,82,35,0,35,0
2020-06-18,Humboldt,023,135768,139,106,0,106,3
2020-06-18,Imperial,025,180216,6684,4366,4,4370,36
2020-06-18,Inyo,027,18085,26,25,0,25,1
2020-06-18,Kern,029,883053,5357,3634,10,3644,57
2020-06-18,Kings,031,150075,2223,1141,4,1145,8
2020-06-18,Lake,033,64148,45,36,0,36,0
2020-06-18,Lassen,035,31185,19,5,2,7,0
2020-06-18,Los Angeles,037,10098052,91091,78244,22,78266,3009
2020-06-18,Madera,039,155013,571,288,1,289,4
2020-06-18,Marin,041,260295,1442,819,4,823,17
2020-06-18,Mariposa,043,17540,19,18,0,18,1
2020-06-18,Mendocino,045,87422,65,45,0,45,0
2020-06-18,Merced,047,269075,934,486,0,486,7
2020-06-18,Modoc,049,8938,1,0,0,0,0
2020-06-18,Mono,051,14174,42,34,0,34,1
2020-06-18,Monterey,053,433212,1506,1127,4,1131,12
2020-06-18,Napa,055,140530,285,205,0,205,3
2020-06-18,Nevada,057,99092,98,68,1,69,1
2020-06-18,Orange,059,3164182,14783,9597,96,9693,255
2020-06-18,Placer,061,380077,623,457,1,458,9
2020-06-18,Plumas,063,18699,6,5,0,5,0
2020-06-18,Riverside,065,2383286,16457,12410,11,12421,392
2020-06-18,Sacramento,067,1510023,2497,1938,2,1940,63
2020-06-18,San Benito,069,59416,201,134,0,134,2
2020-06-18,San Bernardino,071,2135413,12100,8141,7,8148,226
2020-06-18,San Diego,073,3302833,12413,10094,2,10096,331
2020-06-18,San Francisco,075,870044,3294,2951,1,2952,47
2020-06-18,San Joaquin,077,732212,2956,1908,4,1912,47
2020-06-18,San Luis Obispo,079,281455,541,378,3,381,1
2020-06-18,San Mateo,081,765935,3044,2674,4,2678,78
2020-06-18,Santa Barbara,083,443738,3154,2201,8,2209,19
2020-06-18,Santa Clara,085,1922200,4313,3338,7,3345,152
2020-06-18,Santa Cruz,087,273765,340,275,0,275,3
2020-06-18,Shasta,089,179085,123,51,0,51,4
2020-06-18,Sierra,091,2930,1,1,0,1,0
2020-06-18,Siskiyou,093,43540,28,18,0,18,0
2020-06-18,Solano,095,438530,1199,735,4,739,21
2020-06-18,Sonoma,097,501317,1010,789,1,790,4
2020-06-18,Stanislaus,099,539301,2344,1495,5,1500,35
2020-06-18,Sutter,101,95872,122,85,0,85,2
2020-06-18,Tehama,103,63373,56,31,2,33,1
2020-06-18,Trinity,105,12862,11,2,2,4,0
2020-06-18,Tulare,107,460477,4079,3005,4,3009,107
2020-06-18,Tuolumne,109,53932,11,8,1,9,0
2020-06-18,Ventura,111,848112,2667,1781,9,1790,37
2020-06-18,Yolo,113,214977,418,294,0,294,24
2020-06-18,Yuba,115,75493,41,32,0,32,1
2020-06-17,Alameda,001,1643700,5417,4485,6,4491,117
2020-06-17,Alpine,003,1148,2,1,0,1,0
2020-06-17,Amador,005,37829,11,10,0,10,0
2020-06-17,Butte,007,227075,145,81,6,87,1
2020-06-17,Calaveras,009,45235,34,20,0,20,0
2020-06-17,Colusa,011,21464,19,7,0,7,0
2020-06-17,Contra Costa,013,1133247,2491,2020,2,2022,45
2020-06-17,Del Norte,015,27424,47,45,0,45,0
2020-06-17,El Dorado,017,186661,177,116,0,116,0
2020-06-17,Fresno,019,978130,5594,2801,49,2850,56
2020-06-17,Glenn,021,27897,75,31,0,31,0
2020-06-17,Humboldt,023,135768,137,105,0,105,3
2020-06-17,Imperial,025,180216,6512,4108,4,4112,36
2020-06-17,Inyo,027,18085,25,25,0,25,1
2020-06-17,Kern,029,883053,5156,3547,10,3557,56
2020-06-17,Kings,031,150075,2193,1097,4,1101,7
2020-06-17,Lake,033,64148,44,32,0,32,0
2020-06-17,Lassen,035,31185,15,5,2,7,0
2020-06-17,Los Angeles,037,10098052,88784,77166,22,77188,2973
2020-06-17,Madera,039,155013,549,258,1,259,4
2020-06-17,Marin,041,260295,1250,771,3,774,17
2020-06-17,Mariposa,043,17540,18,18,0,18,1
2020-06-17,Mendocino,045,87422,63,42,0,42,0
2020-06-17,Merced,047,269075,862,460,0,460,7
2020-06-17,Modoc,049,8938,1,0,0,0,0
2020-06-17,Mono,051,14174,42,34,0,34,1
2020-06-17,Monterey,053,433212,1454,1077,4,1081,12
2020-06-17,Napa,055,140530,270,202,0,202,3
2020-06-17,Nevada,057,99092,94,57,1,58,1
2020-06-17,Orange,059,3164182,14179,9278,91,9369,230
2020-06-17,Placer,061,380077,603,427,1,428,9
2020-06-17,Plumas,063,18699,6,5,0,5,0
2020-06-17,Riverside,065,2383286,15823,11859,11,11870,370
2020-06-17,Sacramento,067,1510023,2390,1889,2,1891,63
2020-06-17,San Benito,069,59416,196,116,0,116,2
2020-06-17,San Bernardino,071,2135413,11548,7670,7,7677,225
2020-06-17,San Diego,073,3302833,12034,9856,2,9858,327
2020-06-17,San Francisco,075,870044,3255,2906,1,2907,46
2020-06-17,San Joaquin,077,732212,2783,1825,4,1829,46
2020-06-17,San Luis Obispo,079,281455,524,362,3,365,1
2020-06-17,San Mateo,081,765935,2997,2649,4,2653,78
2020-06-17,Santa Barbara,083,443738,3081,2147,6,2153,19
2020-06-17,Santa Clara,085,1922200,4222,3264,6,3270,148
2020-06-17,Santa Cruz,087,273765,334,265,0,265,2
2020-06-17,Shasta,089,179085,121,51,0,51,4
2020-06-17,Sierra,091,2930,1,1,0,1,0
2020-06-17,Siskiyou,093,43540,27,16,0,16,0
2020-06-17,Solano,095,438530,1149,722,4,726,21
2020-06-17,Sonoma,097,501317,985,748,1,749,4
2020-06-17,Stanislaus,099,539301,2221,1387,5,1392,35
2020-06-17,Sutter,101,95872,116,79,0,79,2
2020-06-17,Tehama,103,63373,41,24,2,26,1
2020-06-17,Trinity,105,12862,11,2,2,4,0
2020-06-17,Tulare,107,460477,3970,2882,4,2886,106
2020-06-17,Tuolumne,109,53932,11,7,1,8,0
2020-06-17,Ventura,111,848112,2567,1729,9,1738,37
2020-06-17,Yolo,113,214977,398,277,0,277,24
2020-06-17,Yuba,115,75493,40,30,0,30,1
2020-06-16,Alameda,001,1643700,5301,4428,6,4434,113
2020-06-16,Alpine,003,1148,2,1,0,1,0
2020-06-16,Amador,005,37829,11,10,0,10,0
2020-06-16,Butte,007,227075,141,79,6,85,1
2020-06-16,Calaveras,009,45235,31,19,0,19,0
2020-06-16,Colusa,011,21464,16,7,0,7,0
2020-06-16,Contra Costa,013,1133247,2400,1971,1,1972,45
2020-06-16,Del Norte,015,27424,47,45,0,45,0
2020-06-16,El Dorado,017,186661,171,115,0,115,0
2020-06-16,Fresno,019,978130,5357,2731,48,2779,50
2020-06-16,Glenn,021,27897,71,30,0,30,0
2020-06-16,Humboldt,023,135768,134,105,0,105,3
2020-06-16,Imperial,025,180216,6353,3939,4,3943,36
2020-06-16,Inyo,027,18085,25,24,0,24,1
2020-06-16,Kern,029,883053,4932,3496,10,3506,55
2020-06-16,Kings,031,150075,2147,1044,4,1048,6
2020-06-16,Lake,033,64148,44,31,0,31,0
2020-06-16,Lassen,035,31185,12,5,2,7,0
2020-06-16,Los Angeles,037,10098052,86462,75051,22,75073,2942
2020-06-16,Madera,039,155013,523,239,1,240,3
2020-06-16,Marin,041,260295,1197,725,3,728,17
2020-06-16,Mariposa,043,17540,18,17,0,17,1
2020-06-16,Mendocino,045,87422,62,35,0,35,0
2020-06-16,Merced,047,269075,814,436,0,436,7
2020-06-16,Modoc,049,8938,1,0,0,0,0
2020-06-16,Mono,051,14174,42,34,0,34,1
2020-06-16,Monterey,053,433212,1406,1019,4,1023,12
2020-06-16,Napa,055,140530,255,196,0,196,3
2020-06-16,Nevada,057,99092,91,53,1,54,1
2020-06-16,Orange,059,3164182,13596,9163,88,9251,223
2020-06-16,Placer,061,380077,570,392,1,393,9
2020-06-16,Plumas,063,18699,6,5,0,5,0
2020-06-16,Riverside,065,2383286,15148,11638,11,11649,364
2020-06-16,Sacramento,067,1510023,2281,1825,2,1827,60
2020-06-16,San Benito,069,59416,188,110,0,110,2
2020-06-16,San Bernardino,071,2135413,11005,7463,7,7470,225
2020-06-16,San Diego,073,3302833,11672,9732,1,9733,323
2020-06-16,San Francisco,075,870044,3204,2893,1,2894,46
2020-06-16,San Joaquin,077,732212,2631,1718,4,1722,47
2020-06-16,San Luis Obispo,079,281455,500,343,3,346,1
2020-06-16,San Mateo,081,765935,2943,2618,4,2622,77
2020-06-16,Santa Barbara,083,443738,3014,2090,6,2096,16
2020-06-16,Santa Clara,085,1922200,4113,3228,5,3233,148
2020-06-16,Santa Cruz,087,273765,318,257,0,257,2
2020-06-16,Shasta,089,179085,112,51,0,51,4
2020-06-16,Sierra,091,2930,1,1,0,1,0
2020-06-16,Siskiyou,093,43540,26,15,0,15,0
2020-06-16,Solano,095,438530,1059,694,4,698,19
2020-06-16,Sonoma,097,501317,953,739,1,740,4
2020-06-16,Stanislaus,099,539301,2068,1278,5,1283,36
2020-06-16,Sutter,101,95872,109,73,0,73,2
2020-06-16,Tehama,103,63373,37,24,2,26,1
2020-06-16,Trinity,105,12862,11,2,2,4,0
2020-06-16,Tulare,107,460477,3852,2802,4,2806,96
2020-06-16,Tuolumne,109,53932,11,7,1,8,0
2020-06-16,Ventura,111,848112,2466,1676,9,1685,37
2020-06-16,Yolo,113,214977,374,262,0,262,24
2020-06-16,Yuba,115,75493,39,29,0,29,1
2020-06-15,Alameda,001,1643700,5175,4323,6,4329,112
2020-06-15,Alpine,003,1148,2,1,0,1,0
2020-06-15,Amador,005,37829,11,10,0,10,0
2020-06-15,Butte,007,227075,133,78,6,84,1
2020-06-15,Calaveras,009,45235,31,18,0,18,0
2020-06-15,Colusa,011,21464,14,7,0,7,0
2020-06-15,Contra Costa,013,1133247,2323,1918,1,1919,43
2020-06-15,Del Norte,015,27424,47,45,0,45,0
2020-06-15,El Dorado,017,186661,161,114,0,114,0
2020-06-15,Fresno,019,978130,5145,2616,47,2663,48
2020-06-15,Glenn,021,27897,66,21,0,21,0
2020-06-15,Humboldt,023,135768,132,105,0,105,3
2020-06-15,Imperial,025,180216,6178,3726,4,3730,36
2020-06-15,Inyo,027,18085,25,23,0,23,1
2020-06-15,Kern,029,883053,4708,3417,10,3427,55
2020-06-15,Kings,031,150075,2070,1022,4,1026,6
2020-06-15,Lake,033,64148,44,31,0,31,0
2020-06-15,Lassen,035,31185,12,5,2,7,0
2020-06-15,Los Angeles,037,10098052,84273,73705,22,73727,2908
2020-06-15,Madera,039,155013,501,203,1,204,3
2020-06-15,Marin,041,260295,1030,708,3,711,17
2020-06-15,Mariposa,043,17540,18,17,0,17,1
2020-06-15,Mendocino,045,87422,53,33,0,33,0
2020-06-15,Merced,047,269075,768,414,0,414,7
2020-06-15,Modoc,049,8938,1,0,0,0,0
2020-06-15,Mono,051,14174,42,34,0,34,1
2020-06-15,Monterey,053,433212,1340,998,4,1002,12
2020-06-15,Napa,055,140530,247,187,0,187,3
2020-06-15,Nevada,057,99092,85,52,1,53,1
2020-06-15,Orange,059,3164182,13022,8944,81,9025,212
2020-06-15,Placer,061,380077,548,386,1,387,9
2020-06-15,Plumas,063,18699,6,4,0,4,0
2020-06-15,Riverside,065,2383286,14528,11376,11,11387,364
2020-06-15,Sacramento,067,1510023,2165,1791,2,1793,60
2020-06-15,San Benito,069,59416,182,108,0,108,2
2020-06-15,San Bernardino,071,2135413,10501,7189,7,7196,224
2020-06-15,San Diego,073,3302833,11332,9612,1,9613,320
2020-06-15,San Francisco,075,870044,3160,2833,1,2834,45
2020-06-15,San Joaquin,077,732212,2495,1667,4,1671,43
2020-06-15,San Luis Obispo,079,281455,486,332,3,335,1
2020-06-15,San Mateo,081,765935,2896,2591,4,2595,75
2020-06-15,Santa Barbara,083,443738,2946,2054,6,2060,16
2020-06-15,Santa Clara,085,1922200,4014,3204,5,3209,148
2020-06-15,Santa Cruz,087,273765,307,254,0,254,2
2020-06-15,Shasta,089,179085,106,50,0,50,4
2020-06-15,Sierra,091,2930,1,1,0,1,0
2020-06-15,Siskiyou,093,43540,25,14,0,14,0
2020-06-15,Solano,095,438530,999,638,4,642,19
2020-06-15,Sonoma,097,501317,924,726,1,727,4
2020-06-15,Stanislaus,099,539301,1951,1253,5,1258,35
2020-06-15,Sutter,101,95872,99,71,0,71,2
2020-06-15,Tehama,103,63373,37,17,2,19,1
2020-06-15,Trinity,105,12862,10,2,2,4,0
2020-06-15,Tulare,107,460477,3738,2662,4,2666,96
2020-06-15,Tuolumne,109,53932,10,7,1,8,0
2020-06-15,Ventura,111,848112,2385,1656,9,1665,37
2020-06-15,Yolo,113,214977,354,255,0,255,24
2020-06-15,Yuba,115,75493,39,28,0,28,1
2020-06-14,Alameda,001,1643700,5030,4271,6,4277,112
2020-06-14,Alpine,003,1148,2,1,0,1,0
2020-06-14,Amador,005,37829,11,10,0,10,0
2020-06-14,Butte,007,227075,125,78,6,84,1
2020-06-14,Calaveras,009,45235,30,18,0,18,0
2020-06-14,Colusa,011,21464,13,7,0,7,0
2020-06-14,Contra Costa,013,1133247,2254,1893,1,1894,43
2020-06-14,Del Norte,015,27424,47,45,0,45,0
2020-06-14,El Dorado,017,186661,157,110,0,110,0
2020-06-14,Fresno,019,978130,4960,2585,46,2631,48
2020-06-14,Glenn,021,27897,51,21,0,21,0
2020-06-14,Humboldt,023,135768,128,105,0,105,3
2020-06-14,Imperial,025,180216,5947,3730,4,3734,36
2020-06-14,Inyo,027,18085,24,23,0,23,1
2020-06-14,Kern,029,883053,4497,3328,10,3338,55
2020-06-14,Kings,031,150075,2019,1022,4,1026,6
2020-06-14,Lake,033,64148,41,31,0,31,0
2020-06-14,Lassen,035,31185,12,5,2,7,0
2020-06-14,Los Angeles,037,10098052,81946,72932,22,72954,2887
2020-06-14,Madera,039,155013,483,203,1,204,3
2020-06-14,Marin,041,260295,865,689,2,691,17
2020-06-14,Mariposa,043,17540,18,16,0,16,1
2020-06-14,Mendocino,045,87422,50,33,0,33,0
2020-06-14,Merced,047,269075,717,403,0,403,7
2020-06-14,Modoc,049,8938,1,0,0,0,0
2020-06-14,Mono,051,14174,42,34,0,34,1
2020-06-14,Monterey,053,433212,1279,949,4,953,12
2020-06-14,Napa,055,140530,225,181,0,181,3
2020-06-14,Nevada,057,99092,81,52,1,53,1
2020-06-14,Orange,059,3164182,12596,8744,77,8821,211
2020-06-14,Placer,061,380077,522,369,1,370,9
2020-06-14,Plumas,063,18699,5,4,0,4,0
2020-06-14,Riverside,065,2383286,14085,11218,11,11229,364
2020-06-14,Sacramento,067,1510023,2078,1750,2,1752,60
2020-06-14,San Benito,069,59416,171,104,0,104,2
2020-06-14,San Bernardino,071,2135413,9960,7015,7,7022,224
2020-06-14,San Diego,073,3302833,10957,9442,1,9443,319
2020-06-14,San Francisco,075,870044,3120,2834,1,2835,45
2020-06-14,San Joaquin,077,732212,2344,1603,4,1607,43
2020-06-14,San Luis Obispo,079,281455,471,330,3,333,1
2020-06-14,San Mateo,081,765935,2838,2571,4,2575,75
2020-06-14,Santa Barbara,083,443738,2869,2049,6,2055,17
2020-06-14,Santa Clara,085,1922200,3920,3178,5,3183,148
2020-06-14,Santa Cruz,087,273765,293,254,0,254,2
2020-06-14,Shasta,089,179085,100,48,0,48,4
2020-06-14,Sierra,091,2930,1,1,0,1,0
2020-06-14,Siskiyou,093,43540,24,13,0,13,0
2020-06-14,Solano,095,438530,950,638,4,642,19
2020-06-14,Sonoma,097,501317,896,724,1,725,4
2020-06-14,Stanislaus,099,539301,1803,1159,5,1164,35
2020-06-14,Sutter,101,95872,94,63,0,63,2
2020-06-14,Tehama,103,63373,34,17,2,19,1
2020-06-14,Trinity,105,12862,10,2,2,4,0
2020-06-14,Tulare,107,460477,3606,2646,4,2650,96
2020-06-14,Tuolumne,109,53932,10,7,1,8,0
2020-06-14,Ventura,111,848112,2287,1610,8,1618,37
2020-06-14,Yolo,113,214977,338,254,0,254,24
2020-06-14,Yuba,115,75493,38,28,0,28,1
2020-06-13,Alameda,001,1643700,4967,4196,6,4202,112
2020-06-13,Alpine,003,1148,2,1,0,1,0
2020-06-13,Amador,005,37829,10,10,0,10,0
2020-06-13,Butte,007,227075,116,72,6,78,1
2020-06-13,Calaveras,009,45235,28,18,0,18,0
2020-06-13,Colusa,011,21464,12,7,0,7,0
2020-06-13,Contra Costa,013,1133247,2218,1868,1,1869,43
2020-06-13,Del Norte,015,27424,47,45,0,45,0
2020-06-13,El Dorado,017,186661,153,110,0,110,0
2020-06-13,Fresno,019,978130,4862,2499,46,2545,48
2020-06-13,Glenn,021,27897,49,21,0,21,0
2020-06-13,Humboldt,023,135768,127,104,0,104,3
2020-06-13,Imperial,025,180216,5874,3646,4,3650,36
2020-06-13,Inyo,027,18085,24,23,0,23,1
2020-06-13,Kern,029,883053,4388,3239,10,3249,55
2020-06-13,Kings,031,150075,1999,1023,4,1027,6
2020-06-13,Lake,033,64148,40,29,0,29,0
2020-06-13,Lassen,035,31185,12,5,2,7,0
2020-06-13,Los Angeles,037,10098052,80908,71938,21,71959,2874
2020-06-13,Madera,039,155013,479,203,1,204,3
2020-06-13,Marin,041,260295,834,677,2,679,17
2020-06-13,Mariposa,043,17540,18,16,0,16,1
2020-06-13,Mendocino,045,87422,50,33,0,33,0
2020-06-13,Merced,047,269075,699,376,0,376,7
2020-06-13,Modoc,049,8938,1,0,0,0,0
2020-06-13,Mono,051,14174,42,35,0,35,1
2020-06-13,Monterey,053,433212,1241,900,4,904,11
2020-06-13,Napa,055,140530,222,171,0,171,3
2020-06-13,Nevada,057,99092,79,52,1,53,1
2020-06-13,Orange,059,3164182,12354,8581,73,8654,211
2020-06-13,Placer,061,380077,505,346,1,347,9
2020-06-13,Plumas,063,18699,5,4,0,4,0
2020-06-13,Riverside,065,2383286,13805,10931,11,10942,364
2020-06-13,Sacramento,067,1510023,2024,1713,2,1715,60
2020-06-13,San Benito,069,59416,164,99,0,99,2
2020-06-13,San Bernardino,071,2135413,9735,6885,7,6892,224
2020-06-13,San Diego,073,3302833,10785,9316,1,9317,319
2020-06-13,San Francisco,075,870044,3100,2834,1,2835,44
2020-06-13,San Joaquin,077,732212,2263,1461,4,1465,43
2020-06-13,San Luis Obispo,079,281455,460,326,3,329,1
2020-06-13,San Mateo,081,765935,2815,2551,4,2555,75
2020-06-13,Santa Barbara,083,443738,2811,1999,6,2005,15
2020-06-13,Santa Clara,085,1922200,3878,3141,5,3146,148
2020-06-13,Santa Cruz,087,273765,287,254,0,254,2
2020-06-13,Shasta,089,179085,98,48,0,48,4
2020-06-13,Sierra,091,2930,1,1,0,1,0
2020-06-13,Siskiyou,093,43540,24,13,0,13,0
2020-06-13,Solano,095,438530,922,637,4,641,19
2020-06-13,Sonoma,097,501317,881,711,1,712,4
2020-06-13,Stanislaus,099,539301,1746,1122,5,1127,33
2020-06-13,Sutter,101,95872,93,62,0,62,2
2020-06-13,Tehama,103,63373,33,17,2,19,1
2020-06-13,Trinity,105,12862,10,2,2,4,0
2020-06-13,Tulare,107,460477,3574,2626,4,2630,96
2020-06-13,Tuolumne,109,53932,9,7,1,8,0
2020-06-13,Ventura,111,848112,2241,1567,8,1575,37
2020-06-13,Yolo,113,214977,317,251,0,251,24
2020-06-13,Yuba,115,75493,38,28,0,28,1
2020-06-12,Alameda,001,1643700,4894,4167,6,4173,109
2020-06-12,Alpine,003,1148,2,1,0,1,0
2020-06-12,Amador,005,37829,10,10,0,10,0
2020-06-12,Butte,007,227075,112,71,6,77,1
2020-06-12,Calaveras,009,45235,25,18,0,18,0
2020-06-12,Colusa,011,21464,12,7,0,7,0
2020-06-12,Contra Costa,013,1133247,2181,1827,1,1828,43
2020-06-12,Del Norte,015,27424,47,45,0,45,0
2020-06-12,El Dorado,017,186661,153,110,0,110,0
2020-06-12,Fresno,019,978130,4726,2428,46,2474,47
2020-06-12,Glenn,021,27897,46,21,0,21,0
2020-06-12,Humboldt,023,135768,125,105,0,105,3
2020-06-12,Imperial,025,180216,5790,3543,4,3547,36
2020-06-12,Inyo,027,18085,24,23,0,23,1
2020-06-12,Kern,029,883053,4271,3152,10,3162,54
2020-06-12,Kings,031,150075,1986,987,4,991,6
2020-06-12,Lake,033,64148,39,29,0,29,0
2020-06-12,Lassen,035,31185,12,5,2,7,0
2020-06-12,Los Angeles,037,10098052,79502,70385,21,70406,2814
2020-06-12,Madera,039,155013,454,187,1,188,3
2020-06-12,Marin,041,260295,831,649,2,651,17
2020-06-12,Mariposa,043,17540,18,16,0,16,1
2020-06-12,Mendocino,045,87422,50,33,0,33,0
2020-06-12,Merced,047,269075,665,372,0,372,7
2020-06-12,Modoc,049,8938,1,0,0,0,0
2020-06-12,Mono,051,14174,39,35,0,35,1
2020-06-12,Monterey,053,433212,1200,864,3,867,11
2020-06-12,Napa,055,140530,219,162,0,162,3
2020-06-12,Nevada,057,99092,73,52,1,53,1
2020-06-12,Orange,059,3164182,12049,8440,72,8512,203
2020-06-12,Placer,061,380077,488,333,1,334,9
2020-06-12,Plumas,063,18699,5,4,0,4,0
2020-06-12,Riverside,065,2383286,13468,10616,11,10627,364
2020-06-12,Sacramento,067,1510023,1969,1702,2,1704,60
2020-06-12,San Benito,069,59416,157,96,0,96,2
2020-06-12,San Bernardino,071,2135413,9467,6707,7,6714,223
2020-06-12,San Diego,073,3302833,10615,9132,1,9133,313
2020-06-12,San Francisco,075,870044,3066,2823,1,2824,44
2020-06-12,San Joaquin,077,732212,2183,1406,4,1410,43
2020-06-12,San Luis Obispo,079,281455,444,321,3,324,1
2020-06-12,San Mateo,081,765935,2780,2533,4,2537,75
2020-06-12,Santa Barbara,083,443738,2756,1969,6,1975,14
2020-06-12,Santa Clara,085,1922200,3835,3099,5,3104,149
2020-06-12,Santa Cruz,087,273765,279,251,0,251,2
2020-06-12,Shasta,089,179085,91,48,0,48,5
2020-06-12,Sierra,091,2930,1,1,0,1,0
2020-06-12,Siskiyou,093,43540,24,13,0,13,0
2020-06-12,Solano,095,438530,908,620,4,624,19
2020-06-12,Sonoma,097,501317,862,696,1,697,4
2020-06-12,Stanislaus,099,539301,1687,1092,5,1097,33
2020-06-12,Sutter,101,95872,92,56,0,56,2
2020-06-12,Tehama,103,63373,32,13,2,15,1
2020-06-12,Trinity,105,12862,10,2,2,4,0
2020-06-12,Tulare,107,460477,3520,2552,4,2556,95
2020-06-12,Tuolumne,109,53932,9,7,1,8,0
2020-06-12,Ventura,111,848112,2189,1534,8,1542,35
2020-06-12,Yolo,113,214977,305,243,0,243,24
2020-06-12,Yuba,115,75493,36,27,0,27,1
2020-06-11,Alameda,001,1643700,4764,4073,5,4078,108
2020-06-11,Alpine,003,1148,2,1,0,1,0
2020-06-11,Amador,005,37829,9,10,0,10,0
2020-06-11,Butte,007,227075,106,72,6,78,1
2020-06-11,Calaveras,009,45235,24,16,0,16,0
2020-06-11,Colusa,011,21464,12,7,0,7,0
2020-06-11,Contra Costa,013,1133247,2128,1797,1,1798,43
2020-06-11,Del Norte,015,27424,47,45,0,45,0
2020-06-11,El Dorado,017,186661,145,109,0,109,0
2020-06-11,Fresno,019,978130,4571,2338,46,2384,45
2020-06-11,Glenn,021,27897,42,21,0,21,0
2020-06-11,Humboldt,023,135768,121,113,0,113,3
2020-06-11,Imperial,025,180216,5634,3463,4,3467,36
2020-06-11,Inyo,027,18085,22,23,0,23,1
2020-06-11,Kern,029,883053,4119,3047,8,3055,54
2020-06-11,Kings,031,150075,1953,963,4,967,6
2020-06-11,Lake,033,64148,39,28,0,28,0
2020-06-11,Lassen,035,31185,12,5,2,7,0
2020-06-11,Los Angeles,037,10098052,77835,68807,20,68827,2800
2020-06-11,Madera,039,155013,436,178,1,179,3
2020-06-11,Marin,041,260295,783,637,2,639,17
2020-06-11,Mariposa,043,17540,18,16,0,16,1
2020-06-11,Mendocino,045,87422,41,35,0,35,0
2020-06-11,Merced,047,269075,625,370,0,370,7
2020-06-11,Modoc,049,8938,1,0,0,0,0
2020-06-11,Mono,051,14174,39,35,0,35,1
2020-06-11,Monterey,053,433212,1153,813,3,816,11
2020-06-11,Napa,055,140530,210,162,0,162,3
2020-06-11,Nevada,057,99092,67,50,1,51,1
2020-06-11,Orange,059,3164182,11741,8304,71,8375,188
2020-06-11,Placer,061,380077,469,321,1,322,9
2020-06-11,Plumas,063,18699,5,4,0,4,0
2020-06-11,Riverside,065,2383286,13116,10014,11,10025,361
2020-06-11,Sacramento,067,1510023,1921,1669,2,1671,60
2020-06-11,San Benito,069,59416,151,94,0,94,2
2020-06-11,San Bernardino,071,2135413,9170,6509,7,6516,221
2020-06-11,San Diego,073,3302833,10385,9000,0,9000,308
2020-06-11,San Francisco,075,870044,3037,2766,1,2767,44
2020-06-11,San Joaquin,077,732212,2071,1351,4,1355,43
2020-06-11,San Luis Obispo,079,281455,430,307,3,310,1
2020-06-11,San Mateo,081,765935,2742,2499,4,2503,74
2020-06-11,Santa Barbara,083,443738,2691,1895,6,1901,14
2020-06-11,Santa Clara,085,1922200,3769,3049,5,3054,149
2020-06-11,Santa Cruz,087,273765,275,247,0,247,2
2020-06-11,Shasta,089,179085,84,47,0,47,5
2020-06-11,Sierra,091,2930,1,1,0,1,0
2020-06-11,Siskiyou,093,43540,24,14,0,14,0
2020-06-11,Solano,095,438530,882,616,4,620,19
2020-06-11,Sonoma,097,501317,839,682,1,683,4
2020-06-11,Stanislaus,099,539301,1596,1062,5,1067,30
2020-06-11,Sutter,101,95872,89,56,0,56,2
2020-06-11,Tehama,103,63373,27,10,2,12,1
2020-06-11,Trinity,105,12862,8,2,2,4,0
2020-06-11,Tulare,107,460477,3421,2473,4,2477,95
2020-06-11,Tuolumne,109,53932,9,7,1,8,0
2020-06-11,Ventura,111,848112,2112,1491,7,1498,34
2020-06-11,Yolo,113,214977,297,230,0,230,24
2020-06-11,Yuba,115,75493,36,27,0,27,1
2020-06-10,Alameda,001,1643700,4664,4027,4,4031,107
2020-06-10,Alpine,003,1148,2,1,0,1,0
2020-06-10,Amador,005,37829,9,10,0,10,0
2020-06-10,Butte,007,227075,103,71,6,77,1
2020-06-10,Calaveras,009,45235,24,16,0,16,0
2020-06-10,Colusa,011,21464,11,7,0,7,0
2020-06-10,Contra Costa,013,1133247,2084,1778,1,1779,43
2020-06-10,Del Norte,015,27424,47,45,0,45,0
2020-06-10,El Dorado,017,186661,142,109,0,109,0
2020-06-10,Fresno,019,978130,4395,2324,46,2370,45
2020-06-10,Glenn,021,27897,39,21,0,21,0
2020-06-10,Humboldt,023,135768,117,112,0,112,3
2020-06-10,Imperial,025,180216,5486,3454,4,3458,36
2020-06-10,Inyo,027,18085,22,23,0,23,1
2020-06-10,Kern,029,883053,3994,3000,8,3008,54
2020-06-10,Kings,031,150075,1906,952,3,955,6
2020-06-10,Lake,033,64148,39,28,0,28,0
2020-06-10,Lassen,035,31185,12,5,2,7,0
2020-06-10,Los Angeles,037,10098052,76314,67018,20,67038,2752
2020-06-10,Madera,039,155013,422,176,1,177,3
2020-06-10,Marin,041,260295,752,633,2,635,17
2020-06-10,Mariposa,043,17540,17,16,0,16,1
2020-06-10,Mendocino,045,87422,40,35,0,35,0
2020-06-10,Merced,047,269075,592,370,0,370,7
2020-06-10,Modoc,049,8938,1,0,0,0,0
2020-06-10,Mono,051,14174,39,35,0,35,1
2020-06-10,Monterey,053,433212,1099,791,3,794,11
2020-06-10,Napa,055,140530,207,159,0,159,3
2020-06-10,Nevada,057,99092,65,50,1,51,1
2020-06-10,Orange,059,3164182,11465,8222,68,8290,184
2020-06-10,Placer,061,380077,443,309,1,310,9
2020-06-10,Plumas,063,18699,5,4,0,4,0
2020-06-10,Riverside,065,2383286,12793,9857,11,9868,361
2020-06-10,Sacramento,067,1510023,1882,1643,2,1645,59
2020-06-10,San Benito,069,59416,142,94,0,94,2
2020-06-10,San Bernardino,071,2135413,8878,6438,7,6445,219
2020-06-10,San Diego,073,3302833,10221,8839,0,8839,305
2020-06-10,San Francisco,075,870044,3012,2774,1,2775,44
2020-06-10,San Joaquin,077,732212,1942,1282,4,1286,41
2020-06-10,San Luis Obispo,079,281455,411,306,3,309,1
2020-06-10,San Mateo,081,765935,2702,2492,4,2496,74
2020-06-10,Santa Barbara,083,443738,2635,1878,6,1884,13
2020-06-10,Santa Clara,085,1922200,3718,3032,5,3037,149
2020-06-10,Santa Cruz,087,273765,271,242,0,242,2
2020-06-10,Shasta,089,179085,79,45,0,45,5
2020-06-10,Sierra,091,2930,1,1,0,1,0
2020-06-10,Siskiyou,093,43540,24,14,0,14,0
2020-06-10,Solano,095,438530,846,608,4,612,19
2020-06-10,Sonoma,097,501317,821,673,1,674,4
2020-06-10,Stanislaus,099,539301,1506,1030,5,1035,29
2020-06-10,Sutter,101,95872,88,56,0,56,2
2020-06-10,Tehama,103,63373,25,10,2,12,1
2020-06-10,Trinity,105,12862,8,2,2,4,0
2020-06-10,Tulare,107,460477,3329,2455,4,2459,95
2020-06-10,Tuolumne,109,53932,9,7,1,8,0
2020-06-10,Ventura,111,848112,2066,1446,6,1452,34
2020-06-10,Yolo,113,214977,289,226,0,226,24
2020-06-10,Yuba,115,75493,35,27,0,27,1
2020-06-09,Alameda,001,1643700,4554,3963,4,3967,103
2020-06-09,Alpine,003,1148,2,1,0,1,0
2020-06-09,Amador,005,37829,9,10,0,10,0
2020-06-09,Butte,007,227075,102,70,6,76,1
2020-06-09,Calaveras,009,45235,24,16,0,16,0
2020-06-09,Colusa,011,21464,10,7,0,7,0
2020-06-09,Contra Costa,013,1133247,2043,1744,1,1745,42
2020-06-09,Del Norte,015,27424,47,45,0,45,0
2020-06-09,El Dorado,017,186661,135,108,0,108,0
2020-06-09,Fresno,019,978130,4243,2278,46,2324,43
2020-06-09,Glenn,021,27897,38,19,0,19,0
2020-06-09,Humboldt,023,135768,115,113,0,113,2
2020-06-09,Imperial,025,180216,5334,3067,4,3071,36
2020-06-09,Inyo,027,18085,22,22,0,22,1
2020-06-09,Kern,029,883053,3866,2920,8,2928,51
2020-06-09,Kings,031,150075,1874,934,3,937,6
2020-06-09,Lake,033,64148,39,28,0,28,0
2020-06-09,Lassen,035,31185,12,5,2,7,0
2020-06-09,Los Angeles,037,10098052,74657,65827,20,65847,2692
2020-06-09,Madera,039,155013,407,172,1,173,3
2020-06-09,Marin,041,260295,716,616,2,618,17
2020-06-09,Mariposa,043,17540,17,16,0,16,1
2020-06-09,Mendocino,045,87422,36,35,0,35,0
2020-06-09,Merced,047,269075,563,349,0,349,7
2020-06-09,Modoc,049,8938,1,0,0,0,0
2020-06-09,Mono,051,14174,39,35,0,35,1
2020-06-09,Monterey,053,433212,1058,772,3,775,11
2020-06-09,Napa,055,140530,197,156,0,156,3
2020-06-09,Nevada,057,99092,57,50,1,51,1
2020-06-09,Orange,059,3164182,11224,7991,66,8057,174
2020-06-09,Placer,061,380077,430,301,1,302,9
2020-06-09,Plumas,063,18699,5,4,0,4,0
2020-06-09,Riverside,065,2383286,12415,9511,11,9522,354
2020-06-09,Sacramento,067,1510023,1828,1625,2,1627,59
2020-06-09,San Benito,069,59416,136,95,0,95,2
2020-06-09,San Bernardino,071,2135413,8554,6268,6,6274,217
2020-06-09,San Diego,073,3302833,10036,8731,0,8731,301
2020-06-09,San Francisco,075,870044,2987,2749,1,2750,44
2020-06-09,San Joaquin,077,732212,1836,1240,4,1244,41
2020-06-09,San Luis Obispo,079,281455,398,301,2,303,1
2020-06-09,San Mateo,081,765935,2671,2463,4,2467,74
2020-06-09,Santa Barbara,083,443738,2573,1854,6,1860,13
2020-06-09,Santa Clara,085,1922200,3651,3006,5,3011,147
2020-06-09,Santa Cruz,087,273765,265,237,0,237,2
2020-06-09,Shasta,089,179085,75,44,0,44,4
2020-06-09,Sierra,091,2930,1,1,0,1,0
2020-06-09,Siskiyou,093,43540,19,10,0,10,0
2020-06-09,Solano,095,438530,811,596,4,600,18
2020-06-09,Sonoma,097,501317,798,661,1,662,4
2020-06-09,Stanislaus,099,539301,1405,993,5,998,25
2020-06-09,Sutter,101,95872,85,56,0,56,2
2020-06-09,Tehama,103,63373,25,9,2,11,1
2020-06-09,Trinity,105,12862,7,2,2,4,0
2020-06-09,Tulare,107,460477,3263,2393,4,2397,91
2020-06-09,Tuolumne,109,53932,9,8,1,9,0
2020-06-09,Ventura,111,848112,2000,1407,6,1413,34
2020-06-09,Yolo,113,214977,278,226,0,226,24
2020-06-09,Yuba,115,75493,34,27,0,27,1
2020-06-08,Alameda,001,1643700,4474,3937,4,3941,103
2020-06-08,Alpine,003,1148,2,1,0,1,0
2020-06-08,Amador,005,37829,9,10,0,10,0
2020-06-08,Butte,007,227075,98,68,6,74,1
2020-06-08,Calaveras,009,45235,24,16,0,16,0
2020-06-08,Colusa,011,21464,9,7,0,7,0
2020-06-08,Contra Costa,013,1133247,2000,1714,1,1715,41
2020-06-08,Del Norte,015,27424,47,45,0,45,0
2020-06-08,El Dorado,017,186661,131,107,0,107,0
2020-06-08,Fresno,019,978130,4118,2194,45,2239,42
2020-06-08,Glenn,021,27897,36,17,0,17,0
2020-06-08,Humboldt,023,135768,115,112,0,112,2
2020-06-08,Imperial,025,180216,5182,3051,4,3055,21
2020-06-08,Inyo,027,18085,22,22,0,22,1
2020-06-08,Kern,029,883053,3735,2853,8,2861,49
2020-06-08,Kings,031,150075,1798,892,3,895,6
2020-06-08,Lake,033,64148,39,28,0,28,0
2020-06-08,Lassen,035,31185,12,4,2,6,0
2020-06-08,Los Angeles,037,10098052,73194,64634,20,64654,2640
2020-06-08,Madera,039,155013,377,154,1,155,3
2020-06-08,Marin,041,260295,675,596,2,598,17
2020-06-08,Mariposa,043,17540,16,16,0,16,1
2020-06-08,Mendocino,045,87422,34,32,0,32,0
2020-06-08,Merced,047,269075,529,331,0,331,7
2020-06-08,Modoc,049,8938,1,0,0,0,0
2020-06-08,Mono,051,14174,39,35,0,35,1
2020-06-08,Monterey,053,433212,1007,751,2,753,10
2020-06-08,Napa,055,140530,181,151,0,151,3
2020-06-08,Nevada,057,99092,56,50,1,51,1
2020-06-08,Orange,059,3164182,10971,7786,64,7850,160
2020-06-08,Placer,061,380077,413,290,1,291,9
2020-06-08,Plumas,063,18699,5,4,0,4,0
2020-06-08,Riverside,065,2383286,12046,9246,11,9257,347
2020-06-08,Sacramento,067,1510023,1778,1591,2,1593,59
2020-06-08,San Benito,069,59416,129,93,0,93,2
2020-06-08,San Bernardino,071,2135413,8233,6122,6,6128,214
2020-06-08,San Diego,073,3302833,9879,8621,0,8621,296
2020-06-08,San Francisco,075,870044,2960,2715,1,2716,43
2020-06-08,San Joaquin,077,732212,1729,1198,4,1202,40
2020-06-08,San Luis Obispo,079,281455,392,300,2,302,1
2020-06-08,San Mateo,081,765935,2640,2431,3,2434,74
2020-06-08,Santa Barbara,083,443738,2510,1824,6,1830,13
2020-06-08,Santa Clara,085,1922200,3606,2971,5,2976,146
2020-06-08,Santa Cruz,087,273765,264,234,0,234,2
2020-06-08,Shasta,089,179085,71,43,0,43,4
2020-06-08,Sierra,091,2930,1,1,0,1,0
2020-06-08,Siskiyou,093,43540,19,8,0,8,0
2020-06-08,Solano,095,438530,784,560,4,564,19
2020-06-08,Sonoma,097,501317,782,654,1,655,4
2020-06-08,Stanislaus,099,539301,1323,956,5,961,28
2020-06-08,Sutter,101,95872,78,55,0,55,2
2020-06-08,Tehama,103,63373,19,8,2,10,1
2020-06-08,Trinity,105,12862,7,2,2,4,0
2020-06-08,Tulare,107,460477,3180,2301,4,2305,91
2020-06-08,Tuolumne,109,53932,8,8,1,9,0
2020-06-08,Ventura,111,848112,1942,1382,6,1388,30
2020-06-08,Yolo,113,214977,267,228,0,228,24
2020-06-08,Yuba,115,75493,32,27,0,27,1
2020-06-07,Alameda,001,1643700,4361,3866,4,3870,102
2020-06-07,Alpine,003,1148,2,1,0,1,0
2020-06-07,Amador,005,37829,9,10,0,10,0
2020-06-07,Butte,007,227075,95,64,5,69,1
2020-06-07,Calaveras,009,45235,22,16,0,16,0
2020-06-07,Colusa,011,21464,9,7,0,7,0
2020-06-07,Contra Costa,013,1133247,1949,1653,0,1653,38
2020-06-07,Del Norte,015,27424,45,45,0,45,0
2020-06-07,El Dorado,017,186661,131,104,0,104,0
2020-06-07,Fresno,019,978130,3988,2144,45,2189,41
2020-06-07,Glenn,021,27897,29,16,0,16,0
2020-06-07,Humboldt,023,135768,115,112,0,112,2
2020-06-07,Imperial,025,180216,5031,3048,4,3052,19
2020-06-07,Inyo,027,18085,22,21,0,21,1
2020-06-07,Kern,029,883053,3604,2771,8,2779,46
2020-06-07,Kings,031,150075,1749,882,3,885,6
2020-06-07,Lake,033,64148,36,28,0,28,0
2020-06-07,Lassen,035,31185,11,4,2,6,0
2020-06-07,Los Angeles,037,10098052,71491,63750,20,63770,2629
2020-06-07,Madera,039,155013,360,149,1,150,3
2020-06-07,Marin,041,260295,661,584,2,586,17
2020-06-07,Mariposa,043,17540,16,16,0,16,1
2020-06-07,Mendocino,045,87422,34,32,0,32,0
2020-06-07,Merced,047,269075,496,318,0,318,7
2020-06-07,Modoc,049,8938,1,0,0,0,0
2020-06-07,Mono,051,14174,39,35,0,35,1
2020-06-07,Monterey,053,433212,960,732,2,734,10
2020-06-07,Napa,055,140530,173,142,0,142,3
2020-06-07,Nevada,057,99092,55,50,1,51,1
2020-06-07,Orange,059,3164182,10714,7643,62,7705,158
2020-06-07,Placer,061,380077,392,273,1,274,9
2020-06-07,Plumas,063,18699,5,4,0,4,0
2020-06-07,Riverside,065,2383286,11750,9105,11,9116,344
2020-06-07,Sacramento,067,1510023,1730,1568,2,1570,59
2020-06-07,San Benito,069,59416,126,92,0,92,2
2020-06-07,San Bernardino,071,2135413,7948,6033,6,6039,214
2020-06-07,San Diego,073,3302833,9700,8478,0,8478,296
2020-06-07,San Francisco,075,870044,2916,2674,0,2674,43
2020-06-07,San Joaquin,077,732212,1628,1126,4,1130,37
2020-06-07,San Luis Obispo,079,281455,382,296,2,298,1
2020-06-07,San Mateo,081,765935,2613,2399,3,2402,73
2020-06-07,Santa Barbara,083,443738,2447,1818,6,1824,13
2020-06-07,Santa Clara,085,1922200,3555,2947,5,2952,146
2020-06-07,Santa Cruz,087,273765,256,230,0,230,2
2020-06-07,Shasta,089,179085,70,41,0,41,4
2020-06-07,Sierra,091,2930,1,1,0,1,0
2020-06-07,Siskiyou,093,43540,19,8,0,8,0
2020-06-07,Solano,095,438530,761,560,4,564,19
2020-06-07,Sonoma,097,501317,751,639,1,640,4
2020-06-07,Stanislaus,099,539301,1243,905,5,910,28
2020-06-07,Sutter,101,95872,70,55,0,55,2
2020-06-07,Tehama,103,63373,16,8,2,10,1
2020-06-07,Trinity,105,12862,6,2,2,4,0
2020-06-07,Tulare,107,460477,3058,2219,4,2223,90
2020-06-07,Tuolumne,109,53932,8,4,1,5,0
2020-06-07,Ventura,111,848112,1877,1337,6,1343,30
2020-06-07,Yolo,113,214977,257,224,0,224,24
2020-06-07,Yuba,115,75493,32,27,0,27,1
2020-06-06,Alameda,001,1643700,4316,3801,4,3805,102
2020-06-06,Alpine,003,1148,2,1,0,1,0
2020-06-06,Amador,005,37829,9,10,0,10,0
2020-06-06,Butte,007,227075,94,63,5,68,1
2020-06-06,Calaveras,009,45235,20,16,0,16,0
2020-06-06,Colusa,011,21464,9,7,0,7,0
2020-06-06,Contra Costa,013,1133247,1928,1619,0,1619,37
2020-06-06,Del Norte,015,27424,45,45,0,45,0
2020-06-06,El Dorado,017,186661,128,104,0,104,0
2020-06-06,Fresno,019,978130,3934,2117,45,2162,41
2020-06-06,Glenn,021,27897,27,16,0,16,0
2020-06-06,Humboldt,023,135768,115,112,0,112,2
2020-06-06,Imperial,025,180216,4955,3047,4,3051,19
2020-06-06,Inyo,027,18085,22,21,0,21,1
2020-06-06,Kern,029,883053,3534,2695,8,2703,46
2020-06-06,Kings,031,150075,1730,882,3,885,6
2020-06-06,Lake,033,64148,36,28,0,28,0
2020-06-06,Lassen,035,31185,11,4,2,6,0
2020-06-06,Los Angeles,037,10098052,70744,62269,20,62289,2607
2020-06-06,Madera,039,155013,351,149,1,150,3
2020-06-06,Marin,041,260295,656,556,2,558,17
2020-06-06,Mariposa,043,17540,16,16,0,16,1
2020-06-06,Mendocino,045,87422,34,32,0,32,0
2020-06-06,Merced,047,269075,494,315,0,315,7
2020-06-06,Modoc,049,8938,1,0,0,0,0
2020-06-06,Mono,051,14174,39,35,0,35,1
2020-06-06,Monterey,053,433212,936,679,2,681,10
2020-06-06,Napa,055,140530,167,136,0,136,3
2020-06-06,Nevada,057,99092,54,50,1,51,1
2020-06-06,Orange,059,3164182,10555,7576,61,7637,157
2020-06-06,Placer,061,380077,380,270,1,271,9
2020-06-06,Plumas,063,18699,5,4,0,4,0
2020-06-06,Riverside,065,2383286,11571,8935,11,8946,345
2020-06-06,Sacramento,067,1510023,1707,1533,2,1535,59
2020-06-06,San Benito,069,59416,116,92,0,92,2
2020-06-06,San Bernardino,071,2135413,7800,5946,6,5952,214
2020-06-06,San Diego,073,3302833,9579,8347,0,8347,296
2020-06-06,San Francisco,075,870044,2901,2674,0,2674,43
2020-06-06,San Joaquin,077,732212,1588,1076,4,1080,37
2020-06-06,San Luis Obispo,079,281455,376,295,2,297,1
2020-06-06,San Mateo,081,765935,2598,2342,3,2345,72
2020-06-06,Santa Barbara,083,443738,2407,1815,6,1821,13
2020-06-06,Santa Clara,085,1922200,3514,2934,5,2939,144
2020-06-06,Santa Cruz,087,273765,254,226,0,226,2
2020-06-06,Shasta,089,179085,70,40,0,40,4
2020-06-06,Sierra,091,2930,1,1,0,1,0
2020-06-06,Siskiyou,093,43540,17,8,0,8,0
2020-06-06,Solano,095,438530,746,560,4,564,19
2020-06-06,Sonoma,097,501317,739,622,1,623,4
2020-06-06,Stanislaus,099,539301,1209,858,5,863,27
2020-06-06,Sutter,101,95872,70,51,0,51,2
2020-06-06,Tehama,103,63373,15,8,2,10,1
2020-06-06,Trinity,105,12862,6,2,1,3,0
2020-06-06,Tulare,107,460477,3025,2213,4,2217,90
2020-06-06,Tuolumne,109,53932,8,4,1,5,0
2020-06-06,Ventura,111,848112,1853,1303,6,1309,30
2020-06-06,Yolo,113,214977,255,223,0,223,24
2020-06-06,Yuba,115,75493,32,27,0,27,1
2020-06-05,Alameda,001,1643700,4265,3734,4,3738,102
2020-06-05,Alpine,003,1148,2,1,0,1,0
2020-06-05,Amador,005,37829,9,10,0,10,0
2020-06-05,Butte,007,227075,91,61,5,66,1
2020-06-05,Calaveras,009,45235,19,16,0,16,0
2020-06-05,Colusa,011,21464,9,7,0,7,0
2020-06-05,Contra Costa,013,1133247,1913,1575,0,1575,37
2020-06-05,Del Norte,015,27424,45,45,0,45,0
2020-06-05,El Dorado,017,186661,127,101,0,101,0
2020-06-05,Fresno,019,978130,3870,2051,44,2095,38
2020-06-05,Glenn,021,27897,25,16,0,16,0
2020-06-05,Humboldt,023,135768,114,111,0,111,2
2020-06-05,Imperial,025,180216,4849,2778,4,2782,19
2020-06-05,Inyo,027,18085,22,21,0,21,1
2020-06-05,Kern,029,883053,3445,2624,8,2632,46
2020-06-05,Kings,031,150075,1715,865,3,868,6
2020-06-05,Lake,033,64148,35,28,0,28,0
2020-06-05,Lassen,035,31185,10,4,2,6,0
2020-06-05,Los Angeles,037,10098052,69597,60955,20,60975,2553
2020-06-05,Madera,039,155013,329,144,1,145,3
2020-06-05,Marin,041,260295,647,546,2,548,17
2020-06-05,Mariposa,043,17540,16,16,0,16,1
2020-06-05,Mendocino,045,87422,34,32,0,32,0
2020-06-05,Merced,047,269075,492,309,0,309,7
2020-06-05,Modoc,049,8938,1,0,0,0,0
2020-06-05,Mono,051,14174,39,35,0,35,1
2020-06-05,Monterey,053,433212,904,649,2,651,10
2020-06-05,Napa,055,140530,164,123,0,123,3
2020-06-05,Nevada,057,99092,54,50,1,51,1
2020-06-05,Orange,059,3164182,10360,7391,59,7450,153
2020-06-05,Placer,061,380077,370,265,1,266,9
2020-06-05,Plumas,063,18699,5,4,0,4,0
2020-06-05,Riverside,065,2383286,11311,8700,11,8711,345
2020-06-05,Sacramento,067,1510023,1685,1514,2,1516,59
2020-06-05,San Benito,069,59416,114,92,0,92,2
2020-06-05,San Bernardino,071,2135413,7618,5869,5,5874,212
2020-06-05,San Diego,073,3302833,9464,8182,0,8182,294
2020-06-05,San Francisco,075,870044,2883,2675,0,2675,43
2020-06-05,San Joaquin,077,732212,1509,1046,4,1050,36
2020-06-05,San Luis Obispo,079,281455,369,293,2,295,1
2020-06-05,San Mateo,081,765935,2573,2331,3,2334,72
2020-06-05,Santa Barbara,083,443738,2371,1795,6,1801,13
2020-06-05,Santa Clara,085,1922200,3488,2902,5,2907,144
2020-06-05,Santa Cruz,087,273765,251,222,0,222,2
2020-06-05,Shasta,089,179085,69,40,0,40,4
2020-06-05,Sierra,091,2930,1,1,0,1,0
2020-06-05,Siskiyou,093,43540,15,8,0,8,0
2020-06-05,Solano,095,438530,739,558,4,562,19
2020-06-05,Sonoma,097,501317,718,618,1,619,4
2020-06-05,Stanislaus,099,539301,1176,842,5,847,27
2020-06-05,Sutter,101,95872,70,49,0,49,2
2020-06-05,Tehama,103,63373,15,7,2,9,1
2020-06-05,Trinity,105,12862,6,1,1,2,0
2020-06-05,Tulare,107,460477,2976,2180,4,2184,90
2020-06-05,Tuolumne,109,53932,8,4,1,5,0
2020-06-05,Ventura,111,848112,1820,1274,6,1280,30
2020-06-05,Yolo,113,214977,254,216,0,216,24
2020-06-05,Yuba,115,75493,32,27,0,27,1
2020-06-04,Alameda,001,1643700,4166,3643,4,3647,99
2020-06-04,Alpine,003,1148,2,1,0,1,0
2020-06-04,Amador,005,37829,9,10,0,10,0
2020-06-04,Butte,007,227075,87,57,4,61,1
2020-06-04,Calaveras,009,45235,19,15,0,15,0
2020-06-04,Colusa,011,21464,9,7,0,7,0
2020-06-04,Contra Costa,013,1133247,1855,1551,0,1551,37
2020-06-04,Del Norte,015,27424,45,45,0,45,0
2020-06-04,El Dorado,017,186661,125,101,0,101,0
2020-06-04,Fresno,019,978130,3764,2007,44,2051,35
2020-06-04,Glenn,021,27897,22,16,0,16,0
2020-06-04,Humboldt,023,135768,114,109,0,109,2
2020-06-04,Imperial,025,180216,4666,2631,4,2635,19
2020-06-04,Inyo,027,18085,22,20,0,20,1
2020-06-04,Kern,029,883053,3329,2530,8,2538,46
2020-06-04,Kings,031,150075,1645,842,3,845,6
2020-06-04,Lake,033,64148,34,27,0,27,0
2020-06-04,Lassen,035,31185,8,4,2,6,0
2020-06-04,Los Angeles,037,10098052,68129,59596,20,59616,2515
2020-06-04,Madera,039,155013,321,127,1,128,3
2020-06-04,Marin,041,260295,625,533,2,535,14
2020-06-04,Mariposa,043,17540,16,16,0,16,1
2020-06-04,Mendocino,045,87422,34,29,0,29,0
2020-06-04,Merced,047,269075,472,304,0,304,7
2020-06-04,Modoc,049,8938,1,0,0,0,0
2020-06-04,Mono,051,14174,39,35,0,35,1
2020-06-04,Monterey,053,433212,869,621,1,622,10
2020-06-04,Napa,055,140530,160,117,0,117,3
2020-06-04,Nevada,057,99092,53,49,1,50,1
2020-06-04,Orange,059,3164182,10108,7192,58,7250,148
2020-06-04,Placer,061,380077,354,256,1,257,9
2020-06-04,Plumas,063,18699,4,4,0,4,0
2020-06-04,Riverside,065,2383286,11033,8473,11,8484,341
2020-06-04,Sacramento,067,1510023,1658,1492,2,1494,58
2020-06-04,San Benito,069,59416,112,88,0,88,2
2020-06-04,San Bernardino,071,2135413,7350,5726,5,5731,207
2020-06-04,San Diego,073,3302833,9301,7942,0,7942,288
2020-06-04,San Francisco,075,870044,2850,2636,0,2636,43
2020-06-04,San Joaquin,077,732212,1447,1016,4,1020,36
2020-06-04,San Luis Obispo,079,281455,361,288,2,290,1
2020-06-04,San Mateo,081,765935,2547,2284,3,2287,72
2020-06-04,Santa Barbara,083,443738,2330,1750,6,1756,13
2020-06-04,Santa Clara,085,1922200,3456,2871,5,2876,144
2020-06-04,Santa Cruz,087,273765,245,218,0,218,2
2020-06-04,Shasta,089,179085,63,40,0,40,4
2020-06-04,Sierra,091,2930,1,1,0,1,0
2020-06-04,Siskiyou,093,43540,14,8,0,8,0
2020-06-04,Solano,095,438530,722,551,4,555,19
2020-06-04,Sonoma,097,501317,699,591,1,592,4
2020-06-04,Stanislaus,099,539301,1100,806,5,811,28
2020-06-04,Sutter,101,95872,65,46,0,46,2
2020-06-04,Tehama,103,63373,14,6,1,7,1
2020-06-04,Trinity,105,12862,6,1,1,2,0
2020-06-04,Tulare,107,460477,2860,2086,4,2090,90
2020-06-04,Tuolumne,109,53932,7,4,1,5,0
2020-06-04,Ventura,111,848112,1777,1236,6,1242,30
2020-06-04,Yolo,113,214977,249,216,0,216,24
2020-06-04,Yuba,115,75493,31,27,0,27,1
2020-06-03,Alameda,001,1643700,4107,3589,3,3592,99
2020-06-03,Alpine,003,1148,2,1,0,1,0
2020-06-03,Amador,005,37829,9,10,0,10,0
2020-06-03,Butte,007,227075,85,53,4,57,1
2020-06-03,Calaveras,009,45235,18,15,0,15,0
2020-06-03,Colusa,011,21464,9,7,0,7,0
2020-06-03,Contra Costa,013,1133247,1807,1511,0,1511,37
2020-06-03,Del Norte,015,27424,45,39,0,39,0
2020-06-03,El Dorado,017,186661,122,90,0,90,0
2020-06-03,Fresno,019,978130,3667,1943,44,1987,35
2020-06-03,Glenn,021,27897,22,16,0,16,0
2020-06-03,Humboldt,023,135768,114,103,0,103,2
2020-06-03,Imperial,025,180216,4494,2540,4,2544,19
2020-06-03,Inyo,027,18085,22,20,0,20,1
2020-06-03,Kern,029,883053,3233,2452,8,2460,44
2020-06-03,Kings,031,150075,1580,744,3,747,6
2020-06-03,Lake,033,64148,32,26,0,26,0
2020-06-03,Lassen,035,31185,8,4,2,6,0
2020-06-03,Los Angeles,037,10098052,66523,58166,20,58186,2472
2020-06-03,Madera,039,155013,313,117,1,118,3
2020-06-03,Marin,041,260295,607,527,2,529,14
2020-06-03,Mariposa,043,17540,16,16,0,16,1
2020-06-03,Mendocino,045,87422,33,29,0,29,0
2020-06-03,Merced,047,269075,458,299,0,299,7
2020-06-03,Modoc,049,8938,1,0,0,0,0
2020-06-03,Mono,051,14174,39,35,0,35,1
2020-06-03,Monterey,053,433212,841,592,1,593,10
2020-06-03,Napa,055,140530,159,116,0,116,3
2020-06-03,Nevada,057,99092,52,43,1,44,1
2020-06-03,Orange,059,3164182,9880,6939,57,6996,145
2020-06-03,Placer,061,380077,334,243,1,244,9
2020-06-03,Plumas,063,18699,4,4,0,4,0
2020-06-03,Riverside,065,2383286,10758,8208,11,8219,335
2020-06-03,Sacramento,067,1510023,1628,1457,2,1459,58
2020-06-03,San Benito,069,59416,106,88,0,88,2
2020-06-03,San Bernardino,071,2135413,7127,5565,5,5570,203
2020-06-03,San Diego,073,3302833,9153,7800,0,7800,283
2020-06-03,San Francisco,075,870044,2819,2608,0,2608,43
2020-06-03,San Joaquin,077,732212,1383,1004,4,1008,35
2020-06-03,San Luis Obispo,079,281455,356,279,2,281,1
2020-06-03,San Mateo,081,765935,2519,2243,3,2246,71
2020-06-03,Santa Barbara,083,443738,2286,1722,6,1728,12
2020-06-03,Santa Clara,085,1922200,3416,2836,5,2841,144
2020-06-03,Santa Cruz,087,273765,239,217,0,217,2
2020-06-03,Shasta,089,179085,60,40,0,40,4
2020-06-03,Sierra,091,2930,1,1,0,1,0
2020-06-03,Siskiyou,093,43540,13,8,0,8,0
2020-06-03,Solano,095,438530,697,543,2,545,18
2020-06-03,Sonoma,097,501317,687,578,1,579,4
2020-06-03,Stanislaus,099,539301,1060,780,5,785,27
2020-06-03,Sutter,101,95872,57,45,0,45,2
2020-06-03,Tehama,103,63373,14,6,1,7,1
2020-06-03,Trinity,105,12862,5,1,1,2,0
2020-06-03,Tulare,107,460477,2791,2041,4,2045,88
2020-06-03,Tuolumne,109,53932,5,4,1,5,0
2020-06-03,Ventura,111,848112,1713,1202,6,1208,30
2020-06-03,Yolo,113,214977,245,213,0,213,24
2020-06-03,Yuba,115,75493,31,27,0,27,1
2020-06-02,Alameda,001,1643700,4031,3517,3,3520,99
2020-06-02,Alpine,003,1148,2,1,0,1,0
2020-06-02,Amador,005,37829,9,10,0,10,0
2020-06-02,Butte,007,227075,81,51,3,54,1
2020-06-02,Calaveras,009,45235,18,15,0,15,0
2020-06-02,Colusa,011,21464,9,7,0,7,0
2020-06-02,Contra Costa,013,1133247,1775,1505,0,1505,37
2020-06-02,Del Norte,015,27424,45,39,0,39,0
2020-06-02,El Dorado,017,186661,121,88,0,88,0
2020-06-02,Fresno,019,978130,3555,1917,44,1961,34
2020-06-02,Glenn,021,27897,21,16,0,16,0
2020-06-02,Humboldt,023,135768,114,101,0,101,2
2020-06-02,Imperial,025,180216,4301,2459,4,2463,19
2020-06-02,Inyo,027,18085,20,20,0,20,1
2020-06-02,Kern,029,883053,3134,2406,6,2412,41
2020-06-02,Kings,031,150075,1552,720,3,723,5
2020-06-02,Lake,033,64148,32,25,0,25,0
2020-06-02,Lassen,035,31185,7,4,2,6,0
2020-06-02,Los Angeles,037,10098052,65120,57144,20,57164,2430
2020-06-02,Madera,039,155013,292,110,1,111,2
2020-06-02,Marin,041,260295,580,509,2,511,14
2020-06-02,Mariposa,043,17540,16,16,0,16,1
2020-06-02,Mendocino,045,87422,33,29,0,29,0
2020-06-02,Merced,047,269075,442,297,0,297,6
2020-06-02,Modoc,049,8938,1,0,0,0,0
2020-06-02,Mono,051,14174,39,35,0,35,1
2020-06-02,Monterey,053,433212,811,582,1,583,10
2020-06-02,Napa,055,140530,150,116,0,116,3
2020-06-02,Nevada,057,99092,51,41,1,42,1
2020-06-02,Orange,059,3164182,9679,6790,56,6846,142
2020-06-02,Placer,061,380077,320,226,1,227,9
2020-06-02,Plumas,063,18699,4,4,0,4,0
2020-06-02,Riverside,065,2383286,10463,8091,10,8101,330
2020-06-02,Sacramento,067,1510023,1599,1428,2,1430,58
2020-06-02,San Benito,069,59416,105,86,0,86,2
2020-06-02,San Bernardino,071,2135413,6919,5438,5,5443,202
2020-06-02,San Diego,073,3302833,9007,7676,0,7676,276
2020-06-02,San Francisco,075,870044,2784,2554,0,2554,43
2020-06-02,San Joaquin,077,732212,1317,985,4,989,35
2020-06-02,San Luis Obispo,079,281455,351,275,2,277,1
2020-06-02,San Mateo,081,765935,2484,2203,3,2206,71
2020-06-02,Santa Barbara,083,443738,2241,1703,6,1709,12
2020-06-02,Santa Clara,085,1922200,3366,2819,5,2824,144
2020-06-02,Santa Cruz,087,273765,234,215,0,215,2
2020-06-02,Shasta,089,179085,59,38,0,38,4
2020-06-02,Sierra,091,2930,1,1,0,1,0
2020-06-02,Siskiyou,093,43540,12,8,0,8,0
2020-06-02,Solano,095,438530,682,537,1,538,18
2020-06-02,Sonoma,097,501317,676,571,1,572,4
2020-06-02,Stanislaus,099,539301,1001,772,5,777,27
2020-06-02,Sutter,101,95872,54,43,0,43,2
2020-06-02,Tehama,103,63373,14,6,1,7,1
2020-06-02,Trinity,105,12862,5,1,1,2,0
2020-06-02,Tulare,107,460477,2711,2012,4,2016,86
2020-06-02,Tuolumne,109,53932,5,4,1,5,0
2020-06-02,Ventura,111,848112,1662,1178,6,1184,30
2020-06-02,Yolo,113,214977,243,213,0,213,24
2020-06-02,Yuba,115,75493,31,27,0,27,1
2020-06-01,Alameda,001,1643700,3966,3460,3,3463,98
2020-06-01,Alpine,003,1148,2,1,0,1,0
2020-06-01,Amador,005,37829,9,10,0,10,0
2020-06-01,Butte,007,227075,80,50,2,52,1
2020-06-01,Calaveras,009,45235,18,15,0,15,0
2020-06-01,Colusa,011,21464,9,7,0,7,0
2020-06-01,Contra Costa,013,1133247,1739,1486,0,1486,37
2020-06-01,Del Norte,015,27424,45,38,0,38,0
2020-06-01,El Dorado,017,186661,119,88,0,88,0
2020-06-01,Fresno,019,978130,3460,1854,42,1896,33
2020-06-01,Glenn,021,27897,21,16,0,16,0
2020-06-01,Humboldt,023,135768,114,98,0,98,2
2020-06-01,Imperial,025,180216,4078,2366,4,2370,14
2020-06-01,Inyo,027,18085,20,20,0,20,1
2020-06-01,Kern,029,883053,3051,2366,6,2372,38
2020-06-01,Kings,031,150075,1284,703,3,706,4
2020-06-01,Lake,033,64148,32,22,0,22,0
2020-06-01,Lassen,035,31185,7,4,2,6,0
2020-06-01,Los Angeles,037,10098052,63655,55899,20,55919,2367
2020-06-01,Madera,039,155013,280,103,1,104,2
2020-06-01,Marin,041,260295,539,495,2,497,14
2020-06-01,Mariposa,043,17540,16,16,0,16,1
2020-06-01,Mendocino,045,87422,33,28,0,28,0
2020-06-01,Merced,047,269075,423,289,0,289,6
2020-06-01,Modoc,049,8938,1,0,0,0,0
2020-06-01,Mono,051,14174,39,35,0,35,1
2020-06-01,Monterey,053,433212,786,554,1,555,10
2020-06-01,Napa,055,140530,147,114,0,114,3
2020-06-01,Nevada,057,99092,51,41,1,42,1
2020-06-01,Orange,059,3164182,9483,6640,55,6695,135
2020-06-01,Placer,061,380077,308,218,1,219,9
2020-06-01,Plumas,063,18699,4,4,0,4,0
2020-06-01,Riverside,065,2383286,10012,7921,10,7931,322
2020-06-01,Sacramento,067,1510023,1560,1415,2,1417,58
2020-06-01,San Benito,069,59416,102,86,0,86,2
2020-06-01,San Bernardino,071,2135413,6713,5310,5,5315,202
2020-06-01,San Diego,073,3302833,8827,7556,0,7556,269
2020-06-01,San Francisco,075,870044,2747,2546,0,2546,43
2020-06-01,San Joaquin,077,732212,1252,957,4,961,35
2020-06-01,San Luis Obispo,079,281455,347,275,2,277,1
2020-06-01,San Mateo,081,765935,2454,2190,3,2193,71
2020-06-01,Santa Barbara,083,443738,2199,1671,5,1676,10
2020-06-01,Santa Clara,085,1922200,3328,2797,4,2801,142
2020-06-01,Santa Cruz,087,273765,230,215,0,215,2
2020-06-01,Shasta,089,179085,59,38,0,38,4
2020-06-01,Sierra,091,2930,1,1,0,1,0
2020-06-01,Siskiyou,093,43540,12,7,0,7,0
2020-06-01,Solano,095,438530,658,529,1,530,17
2020-06-01,Sonoma,097,501317,660,565,1,566,4
2020-06-01,Stanislaus,099,539301,964,758,5,763,27
2020-06-01,Sutter,101,95872,49,43,0,43,2
2020-06-01,Tehama,103,63373,11,5,1,6,1
2020-06-01,Trinity,105,12862,4,1,1,2,0
2020-06-01,Tulare,107,460477,2596,1976,4,1980,84
2020-06-01,Tuolumne,109,53932,4,4,1,5,0
2020-06-01,Ventura,111,848112,1612,1163,6,1169,29
2020-06-01,Yolo,113,214977,240,212,0,212,24
2020-06-01,Yuba,115,75493,30,26,0,26,1
2020-05-31,Alameda,001,1643700,3860,3362,3,3365,98
2020-05-31,Alpine,003,1148,2,1,0,1,0
2020-05-31,Amador,005,37829,9,10,0,10,0
2020-05-31,Butte,007,227075,78,51,2,53,0
2020-05-31,Calaveras,009,45235,15,15,0,15,0
2020-05-31,Colusa,011,21464,9,5,0,5,0
2020-05-31,Contra Costa,013,1133247,1705,1458,0,1458,37
2020-05-31,Del Norte,015,27424,45,37,0,37,0
2020-05-31,El Dorado,017,186661,115,88,0,88,0
2020-05-31,Fresno,019,978130,3299,1780,40,1820,31
2020-05-31,Glenn,021,27897,20,16,0,16,0
2020-05-31,Humboldt,023,135768,112,98,0,98,2
2020-05-31,Imperial,025,180216,3811,2197,4,2201,14
2020-05-31,Inyo,027,18085,20,20,0,20,1
2020-05-31,Kern,029,883053,2916,2300,6,2306,38
2020-05-31,Kings,031,150075,1247,703,3,706,3
2020-05-31,Lake,033,64148,32,19,0,19,0
2020-05-31,Lassen,035,31185,7,4,2,6,0
2020-05-31,Los Angeles,037,10098052,62365,54925,20,54945,2344
2020-05-31,Madera,039,155013,262,101,1,102,2
2020-05-31,Marin,041,260295,529,486,2,488,14
2020-05-31,Mariposa,043,17540,16,16,0,16,1
2020-05-31,Mendocino,045,87422,33,24,0,24,0
2020-05-31,Merced,047,269075,396,288,0,288,6
2020-05-31,Modoc,049,8938,0,0,0,0,0
2020-05-31,Mono,051,14174,39,34,0,34,1
2020-05-31,Monterey,053,433212,713,545,1,546,10
2020-05-31,Napa,055,140530,145,114,0,114,3
2020-05-31,Nevada,057,99092,50,41,1,42,1
2020-05-31,Orange,059,3164182,9272,6532,54,6586,135
2020-05-31,Placer,061,380077,286,215,1,216,9
2020-05-31,Plumas,063,18699,4,4,0,4,0
2020-05-31,Riverside,065,2383286,9756,7704,10,7714,321
2020-05-31,Sacramento,067,1510023,1529,1398,2,1400,57
2020-05-31,San Benito,069,59416,96,85,0,85,2
2020-05-31,San Bernardino,071,2135413,6445,5185,5,5190,198
2020-05-31,San Diego,073,3302833,8633,7483,0,7483,269
2020-05-31,San Francisco,075,870044,2711,2501,0,2501,43
2020-05-31,San Joaquin,077,732212,1187,888,4,892,34
2020-05-31,San Luis Obispo,079,281455,337,271,2,273,1
2020-05-31,San Mateo,081,765935,2408,2169,3,2172,71
2020-05-31,Santa Barbara,083,443738,2142,1662,5,1667,9
2020-05-31,Santa Clara,085,1922200,3284,2785,4,2789,142
2020-05-31,Santa Cruz,087,273765,227,210,0,210,2
2020-05-31,Shasta,089,179085,57,38,0,38,4
2020-05-31,Sierra,091,2930,1,1,0,1,0
2020-05-31,Siskiyou,093,43540,11,7,0,7,0
2020-05-31,Solano,095,438530,632,512,1,513,6
2020-05-31,Sonoma,097,501317,640,555,1,556,4
2020-05-31,Stanislaus,099,539301,910,738,5,743,27
2020-05-31,Sutter,101,95872,47,42,0,42,2
2020-05-31,Tehama,103,63373,10,4,1,5,1
2020-05-31,Trinity,105,12862,4,1,1,2,0
2020-05-31,Tulare,107,460477,2524,1884,4,1888,82
2020-05-31,Tuolumne,109,53932,4,4,1,5,0
2020-05-31,Ventura,111,848112,1556,1151,6,1157,30
2020-05-31,Yolo,113,214977,234,211,0,211,24
2020-05-31,Yuba,115,75493,30,26,0,26,1
2020-05-30,Alameda,001,1643700,3834,3304,3,3307,96
2020-05-30,Alpine,003,1148,2,1,0,1,0
2020-05-30,Amador,005,37829,9,10,0,10,0
2020-05-30,Butte,007,227075,77,44,2,46,0
2020-05-30,Calaveras,009,45235,14,15,0,15,0
2020-05-30,Colusa,011,21464,8,5,0,5,0
2020-05-30,Contra Costa,013,1133247,1690,1429,0,1429,37
2020-05-30,Del Norte,015,27424,45,37,0,37,0
2020-05-30,El Dorado,017,186661,114,86,0,86,0
2020-05-30,Fresno,019,978130,3238,1744,39,1783,31
2020-05-30,Glenn,021,27897,19,16,0,16,0
2020-05-30,Humboldt,023,135768,111,98,0,98,2
2020-05-30,Imperial,025,180216,3721,2091,4,2095,14
2020-05-30,Inyo,027,18085,20,20,0,20,1
2020-05-30,Kern,029,883053,2847,2217,6,2223,38
2020-05-30,Kings,031,150075,1233,703,3,706,3
2020-05-30,Lake,033,64148,31,18,0,18,0
2020-05-30,Lassen,035,31185,7,4,2,6,0
2020-05-30,Los Angeles,037,10098052,61829,53627,20,53647,2319
2020-05-30,Madera,039,155013,257,101,1,102,2
2020-05-30,Marin,041,260295,529,462,2,464,14
2020-05-30,Mariposa,043,17540,16,16,0,16,1
2020-05-30,Mendocino,045,87422,33,24,0,24,0
2020-05-30,Merced,047,269075,395,285,0,285,6
2020-05-30,Modoc,049,8938,0,0,0,0,0
2020-05-30,Mono,051,14174,39,34,0,34,1
2020-05-30,Monterey,053,433212,697,520,1,521,10
2020-05-30,Napa,055,140530,143,113,0,113,3
2020-05-30,Nevada,057,99092,50,41,1,42,1
2020-05-30,Orange,059,3164182,9117,6354,54,6408,134
2020-05-30,Placer,061,380077,278,199,0,199,9
2020-05-30,Plumas,063,18699,4,4,0,4,0
2020-05-30,Riverside,065,2383286,9612,7492,10,7502,316
2020-05-30,Sacramento,067,1510023,1518,1384,2,1386,57
2020-05-30,San Benito,069,59416,95,85,0,85,2
2020-05-30,San Bernardino,071,2135413,6336,5122,5,5127,198
2020-05-30,San Diego,073,3302833,8540,7387,0,7387,269
2020-05-30,San Francisco,075,870044,2686,2496,0,2496,41
2020-05-30,San Joaquin,077,732212,1149,888,4,892,34
2020-05-30,San Luis Obispo,079,281455,332,270,2,272,1
2020-05-30,San Mateo,081,765935,2384,2129,3,2132,71
2020-05-30,Santa Barbara,083,443738,2113,1660,5,1665,9
2020-05-30,Santa Clara,085,1922200,3268,2741,4,2745,141
2020-05-30,Santa Cruz,087,273765,227,206,0,206,2
2020-05-30,Shasta,089,179085,57,36,0,36,4
2020-05-30,Sierra,091,2930,1,1,0,1,0
2020-05-30,Siskiyou,093,43540,10,7,0,7,0
2020-05-30,Solano,095,438530,625,512,1,513,6
2020-05-30,Sonoma,097,501317,630,551,1,552,4
2020-05-30,Stanislaus,099,539301,893,712,5,717,27
2020-05-30,Sutter,101,95872,46,40,0,40,2
2020-05-30,Tehama,103,63373,10,4,1,5,1
2020-05-30,Trinity,105,12862,4,1,1,2,0
2020-05-30,Tulare,107,460477,2487,1879,4,1883,81
2020-05-30,Tuolumne,109,53932,4,4,1,5,0
2020-05-30,Ventura,111,848112,1539,1116,6,1122,30
2020-05-30,Yolo,113,214977,230,210,0,210,24
2020-05-30,Yuba,115,75493,30,25,0,25,1
2020-05-29,Alameda,001,1643700,3799,3209,3,3212,96
2020-05-29,Alpine,003,1148,2,1,0,1,0
2020-05-29,Amador,005,37829,9,10,0,10,0
2020-05-29,Butte,007,227075,72,41,2,43,0
2020-05-29,Calaveras,009,45235,14,15,0,15,0
2020-05-29,Colusa,011,21464,8,5,0,5,0
2020-05-29,Contra Costa,013,1133247,1674,1411,0,1411,37
2020-05-29,Del Norte,015,27424,45,37,0,37,0
2020-05-29,El Dorado,017,186661,113,85,0,85,0
2020-05-29,Fresno,019,978130,3189,1687,39,1726,31
2020-05-29,Glenn,021,27897,19,14,0,14,0
2020-05-29,Humboldt,023,135768,110,98,0,98,2
2020-05-29,Imperial,025,180216,3603,1607,4,1611,14
2020-05-29,Inyo,027,18085,20,20,0,20,1
2020-05-29,Kern,029,883053,2789,2128,6,2134,36
2020-05-29,Kings,031,150075,1222,693,3,696,3
2020-05-29,Lake,033,64148,30,17,0,17,0
2020-05-29,Lassen,035,31185,7,0,2,2,0
2020-05-29,Los Angeles,037,10098052,60874,51578,20,51598,2273
2020-05-29,Madera,039,155013,242,98,1,99,2
2020-05-29,Marin,041,260295,521,448,2,450,14
2020-05-29,Mariposa,043,17540,16,16,0,16,1
2020-05-29,Mendocino,045,87422,31,25,0,25,0
2020-05-29,Merced,047,269075,390,285,0,285,7
2020-05-29,Modoc,049,8938,0,0,0,0,0
2020-05-29,Mono,051,14174,38,34,0,34,1
2020-05-29,Monterey,053,433212,667,479,1,480,10
2020-05-29,Napa,055,140530,140,113,0,113,3
2020-05-29,Nevada,057,99092,50,41,1,42,1
2020-05-29,Orange,059,3164182,8921,6176,52,6228,133
2020-05-29,Placer,061,380077,257,199,0,199,9
2020-05-29,Plumas,063,18699,4,4,0,4,0
2020-05-29,Riverside,065,2383286,9426,7376,10,7386,313
2020-05-29,Sacramento,067,1510023,1495,1360,2,1362,57
2020-05-29,San Benito,069,59416,95,84,0,84,2
2020-05-29,San Bernardino,071,2135413,6228,4983,5,4988,196
2020-05-29,San Diego,073,3302833,8417,7242,0,7242,266
2020-05-29,San Francisco,075,870044,2662,2453,0,2453,41
2020-05-29,San Joaquin,077,732212,1112,855,4,859,34
2020-05-29,San Luis Obispo,079,281455,328,270,2,272,1
2020-05-29,San Mateo,081,765935,2368,2103,3,2106,71
2020-05-29,Santa Barbara,083,443738,2080,1656,5,1661,9
2020-05-29,Santa Clara,085,1922200,3240,2707,4,2711,141
2020-05-29,Santa Cruz,087,273765,224,203,0,203,2
2020-05-29,Shasta,089,179085,57,36,0,36,4
2020-05-29,Sierra,091,2930,1,1,0,1,0
2020-05-29,Siskiyou,093,43540,10,7,0,7,0
2020-05-29,Solano,095,438530,617,498,1,499,6
2020-05-29,Sonoma,097,501317,619,537,1,538,4
2020-05-29,Stanislaus,099,539301,863,698,5,703,27
2020-05-29,Sutter,101,95872,44,40,0,40,2
2020-05-29,Tehama,103,63373,9,4,1,5,1
2020-05-29,Trinity,105,12862,4,1,1,2,0
2020-05-29,Tulare,107,460477,2449,1852,4,1856,80
2020-05-29,Tuolumne,109,53932,4,4,1,5,0
2020-05-29,Ventura,111,848112,1516,1093,6,1099,29
2020-05-29,Yolo,113,214977,226,211,0,211,24
2020-05-29,Yuba,115,75493,29,25,0,25,1
2020-05-28,Alameda,001,1643700,3699,3083,3,3086,94
2020-05-28,Alpine,003,1148,2,1,0,1,0
2020-05-28,Amador,005,37829,9,10,0,10,0
2020-05-28,Butte,007,227075,71,40,2,42,0
2020-05-28,Calaveras,009,45235,13,15,0,15,0
2020-05-28,Colusa,011,21464,8,5,0,5,0
2020-05-28,Contra Costa,013,1133247,1635,1392,0,1392,37
2020-05-28,Del Norte,015,27424,45,37,0,37,0
2020-05-28,El Dorado,017,186661,110,82,0,82,0
2020-05-28,Fresno,019,978130,3109,1653,38,1691,31
2020-05-28,Glenn,021,27897,18,14,0,14,0
2020-05-28,Humboldt,023,135768,109,97,0,97,2
2020-05-28,Imperial,025,180216,3408,1430,4,1434,14
2020-05-28,Inyo,027,18085,20,20,0,20,1
2020-05-28,Kern,029,883053,2711,2069,6,2075,36
2020-05-28,Kings,031,150075,885,626,3,629,3
2020-05-28,Lake,033,64148,29,17,0,17,0
2020-05-28,Lassen,035,31185,7,0,2,2,0
2020-05-28,Los Angeles,037,10098052,59295,49861,20,49881,2222
2020-05-28,Madera,039,155013,224,93,1,94,2
2020-05-28,Marin,041,260295,496,443,2,445,14
2020-05-28,Mariposa,043,17540,16,16,0,16,1
2020-05-28,Mendocino,045,87422,29,24,0,24,0
2020-05-28,Merced,047,269075,381,283,0,283,7
2020-05-28,Modoc,049,8938,0,0,0,0,0
2020-05-28,Mono,051,14174,38,34,0,34,1
2020-05-28,Monterey,053,433212,635,471,1,472,10
2020-05-28,Napa,055,140530,137,113,0,113,3
2020-05-28,Nevada,057,99092,45,41,1,42,1
2020-05-28,Orange,059,3164182,8725,6045,52,6097,130
2020-05-28,Placer,061,380077,250,196,0,196,9
2020-05-28,Plumas,063,18699,4,4,0,4,0
2020-05-28,Riverside,065,2383286,9024,7240,9,7249,304
2020-05-28,Sacramento,067,1510023,1475,1339,2,1341,57
2020-05-28,San Benito,069,59416,94,82,0,82,2
2020-05-28,San Bernardino,071,2135413,6063,4831,5,4836,191
2020-05-28,San Diego,073,3302833,8260,7102,0,7102,260
2020-05-28,San Francisco,075,870044,2628,2417,0,2417,40
2020-05-28,San Joaquin,077,732212,1077,840,4,844,34
2020-05-28,San Luis Obispo,079,281455,325,267,2,269,1
2020-05-28,San Mateo,081,765935,2341,2070,3,2073,71
2020-05-28,Santa Barbara,083,443738,2029,1642,4,1646,9
2020-05-28,Santa Clara,085,1922200,3200,2698,4,2702,140
2020-05-28,Santa Cruz,087,273765,223,201,0,201,2
2020-05-28,Shasta,089,179085,55,36,0,36,4
2020-05-28,Sierra,091,2930,1,1,0,1,0
2020-05-28,Siskiyou,093,43540,8,6,0,6,0
2020-05-28,Solano,095,438530,600,489,1,490,6
2020-05-28,Sonoma,097,501317,597,529,1,530,4
2020-05-28,Stanislaus,099,539301,822,684,5,689,27
2020-05-28,Sutter,101,95872,44,40,0,40,2
2020-05-28,Tehama,103,63373,9,4,1,5,1
2020-05-28,Trinity,105,12862,4,1,1,2,0
2020-05-28,Tulare,107,460477,2413,1832,4,1836,79
2020-05-28,Tuolumne,109,53932,4,4,1,5,0
2020-05-28,Ventura,111,848112,1485,1083,6,1089,29
2020-05-28,Yolo,113,214977,223,206,0,206,22
2020-05-28,Yuba,115,75493,28,24,0,24,1
2020-05-27,Alameda,001,1643700,3616,3037,3,3040,94
2020-05-27,Alpine,003,1148,2,1,0,1,0
2020-05-27,Amador,005,37829,9,10,0,10,0
2020-05-27,Butte,007,227075,68,40,1,41,0
2020-05-27,Calaveras,009,45235,12,15,0,15,0
2020-05-27,Colusa,011,21464,8,5,0,5,0
2020-05-27,Contra Costa,013,1133247,1595,1373,0,1373,37
2020-05-27,Del Norte,015,27424,45,34,0,34,0
2020-05-27,El Dorado,017,186661,109,82,0,82,0
2020-05-27,Fresno,019,978130,3021,1620,38,1658,27
2020-05-27,Glenn,021,27897,18,14,0,14,0
2020-05-27,Humboldt,023,135768,109,86,0,86,2
2020-05-27,Imperial,025,180216,3228,1369,4,1373,14
2020-05-27,Inyo,027,18085,20,20,0,20,1
2020-05-27,Kern,029,883053,2646,1999,6,2005,37
2020-05-27,Kings,031,150075,858,586,3,589,3
2020-05-27,Lake,033,64148,29,13,0,13,0
2020-05-27,Lassen,035,31185,7,0,2,2,0
2020-05-27,Los Angeles,037,10098052,57918,48711,20,48731,2177
2020-05-27,Madera,039,155013,215,91,1,92,2
2020-05-27,Marin,041,260295,467,439,2,441,14
2020-05-27,Mariposa,043,17540,16,16,0,16,1
2020-05-27,Mendocino,045,87422,28,21,0,21,0
2020-05-27,Merced,047,269075,377,278,0,278,7
2020-05-27,Modoc,049,8938,0,0,0,0,0
2020-05-27,Mono,051,14174,38,34,0,34,1
2020-05-27,Monterey,053,433212,595,443,1,444,8
2020-05-27,Napa,055,140530,132,112,0,112,3
2020-05-27,Nevada,057,99092,44,41,1,42,1
2020-05-27,Orange,059,3164182,8567,5849,52,5901,121
2020-05-27,Placer,061,380077,231,196,0,196,9
2020-05-27,Plumas,063,18699,4,4,0,4,0
2020-05-27,Riverside,065,2383286,8645,7156,9,7165,299
2020-05-27,Sacramento,067,1510023,1447,1318,2,1320,50
2020-05-27,San Benito,069,59416,91,74,0,74,2
2020-05-27,San Bernardino,071,2135413,5879,4708,5,4713,183
2020-05-27,San Diego,073,3302833,8110,6985,0,6985,255
2020-05-27,San Francisco,075,870044,2599,2394,0,2394,40
2020-05-27,San Joaquin,077,732212,1036,825,4,829,34
2020-05-27,San Luis Obispo,079,281455,320,266,2,268,1
2020-05-27,San Mateo,081,765935,2301,2045,3,2048,71
2020-05-27,Santa Barbara,083,443738,2010,1629,4,1633,9
2020-05-27,Santa Clara,085,1922200,3167,2680,4,2684,140
2020-05-27,Santa Cruz,087,273765,219,202,0,202,2
2020-05-27,Shasta,089,179085,52,36,0,36,4
2020-05-27,Sierra,091,2930,1,1,0,1,0
2020-05-27,Siskiyou,093,43540,8,6,0,6,0
2020-05-27,Solano,095,438530,580,477,1,478,5
2020-05-27,Sonoma,097,501317,583,521,1,522,4
2020-05-27,Stanislaus,099,539301,797,675,5,680,27
2020-05-27,Sutter,101,95872,43,40,0,40,2
2020-05-27,Tehama,103,63373,9,3,1,4,1
2020-05-27,Trinity,105,12862,4,1,1,2,0
2020-05-27,Tulare,107,460477,2361,1817,4,1821,77
2020-05-27,Tuolumne,109,53932,4,4,1,5,0
2020-05-27,Ventura,111,848112,1462,1065,6,1071,28
2020-05-27,Yolo,113,214977,222,204,0,204,22
2020-05-27,Yuba,115,75493,28,24,0,24,1
2020-05-26,Alameda,001,1643700,3521,2956,3,2959,92
2020-05-26,Alpine,003,1148,2,1,0,1,0
2020-05-26,Amador,005,37829,9,10,0,10,0
2020-05-26,Butte,007,227075,66,37,1,38,0
2020-05-26,Calaveras,009,45235,12,13,0,13,0
2020-05-26,Colusa,011,21464,8,4,0,4,0
2020-05-26,Contra Costa,013,1133247,1560,1352,0,1352,37
2020-05-26,Del Norte,015,27424,44,30,0,30,0
2020-05-26,El Dorado,017,186661,105,79,0,79,0
2020-05-26,Fresno,019,978130,2935,1496,38,1534,22
2020-05-26,Glenn,021,27897,16,12,0,12,0
2020-05-26,Humboldt,023,135768,107,81,0,81,2
2020-05-26,Imperial,025,180216,3012,1369,4,1373,14
2020-05-26,Inyo,027,18085,20,20,0,20,1
2020-05-26,Kern,029,883053,2568,1890,6,1896,31
2020-05-26,Kings,031,150075,790,449,2,451,2
2020-05-26,Lake,033,64148,27,12,0,12,0
2020-05-26,Lassen,035,31185,6,0,2,2,0
2020-05-26,Los Angeles,037,10098052,56451,47760,20,47780,2121
2020-05-26,Madera,039,155013,199,83,1,84,2
2020-05-26,Marin,041,260295,455,424,2,426,14
2020-05-26,Mariposa,043,17540,16,16,0,16,1
2020-05-26,Mendocino,045,87422,26,20,0,20,0
2020-05-26,Merced,047,269075,363,266,0,266,7
2020-05-26,Modoc,049,8938,0,1,0,1,0
2020-05-26,Mono,051,14174,37,34,0,34,1
2020-05-26,Monterey,053,433212,567,424,0,424,8
2020-05-26,Napa,055,140530,127,109,0,109,3
2020-05-26,Nevada,057,99092,43,41,1,42,1
2020-05-26,Orange,059,3164182,8299,5651,51,5702,115
2020-05-26,Placer,061,380077,226,188,0,188,9
2020-05-26,Plumas,063,18699,4,4,0,4,0
2020-05-26,Riverside,065,2383286,8198,6917,9,6926,284
2020-05-26,Sacramento,067,1510023,1421,1298,2,1300,50
2020-05-26,San Benito,069,59416,86,69,0,69,2
2020-05-26,San Bernardino,071,2135413,5711,4430,5,4435,175
2020-05-26,San Diego,073,3302833,7967,6884,0,6884,249
2020-05-26,San Francisco,075,870044,2566,2363,0,2363,40
2020-05-26,San Joaquin,077,732212,989,760,4,764,33
2020-05-26,San Luis Obispo,079,281455,318,260,2,262,1
2020-05-26,San Mateo,081,765935,2263,1967,2,1969,71
2020-05-26,Santa Barbara,083,443738,1984,1590,4,1594,9
2020-05-26,Santa Clara,085,1922200,3134,2659,4,2663,139
2020-05-26,Santa Cruz,087,273765,217,197,0,197,2
2020-05-26,Shasta,089,179085,52,36,0,36,4
2020-05-26,Sierra,091,2930,1,1,0,1,0
2020-05-26,Siskiyou,093,43540,7,6,0,6,0
2020-05-26,Solano,095,438530,562,470,1,471,5
2020-05-26,Sonoma,097,501317,575,509,0,509,4
2020-05-26,Stanislaus,099,539301,776,663,5,668,27
2020-05-26,Sutter,101,95872,42,39,0,39,2
2020-05-26,Tehama,103,63373,8,2,1,3,1
2020-05-26,Trinity,105,12862,4,1,1,2,0
2020-05-26,Tulare,107,460477,2305,1768,4,1772,76
2020-05-26,Tuolumne,109,53932,4,2,1,3,0
2020-05-26,Ventura,111,848112,1428,1033,3,1036,27
2020-05-26,Yolo,113,214977,216,198,0,198,22
2020-05-26,Yuba,115,75493,27,24,0,24,1
2020-05-25,Alameda,001,1643700,3428,2900,2,2902,92
2020-05-25,Alpine,003,1148,2,1,0,1,0
2020-05-25,Amador,005,37829,9,10,0,10,0
2020-05-25,Butte,007,227075,63,37,1,38,0
2020-05-25,Calaveras,009,45235,12,13,0,13,0
2020-05-25,Colusa,011,21464,7,4,0,4,0
2020-05-25,Contra Costa,013,1133247,1527,1348,0,1348,37
2020-05-25,Del Norte,015,27424,44,20,0,20,0
2020-05-25,El Dorado,017,186661,97,78,0,78,0
2020-05-25,Fresno,019,978130,2832,1496,35,1531,22
2020-05-25,Glenn,021,27897,16,12,0,12,0
2020-05-25,Humboldt,023,135768,106,81,0,81,2
2020-05-25,Imperial,025,180216,2801,1369,4,1373,14
2020-05-25,Inyo,027,18085,19,20,0,20,1
2020-05-25,Kern,029,883053,2497,1890,6,1896,31
2020-05-25,Kings,031,150075,761,447,2,449,2
2020-05-25,Lake,033,64148,25,13,0,13,0
2020-05-25,Lassen,035,31185,6,0,2,2,0
2020-05-25,Los Angeles,037,10098052,54636,45952,20,45972,2094
2020-05-25,Madera,039,155013,187,83,1,84,2
2020-05-25,Marin,041,260295,437,415,2,417,14
2020-05-25,Mariposa,043,17540,16,15,0,15,1
2020-05-25,Mendocino,045,87422,23,19,0,19,0
2020-05-25,Merced,047,269075,356,262,0,262,6
2020-05-25,Modoc,049,8938,0,1,0,1,0
2020-05-25,Mono,051,14174,37,34,0,34,1
2020-05-25,Monterey,053,433212,537,418,0,418,8
2020-05-25,Napa,055,140530,127,107,0,107,3
2020-05-25,Nevada,057,99092,43,41,1,42,1
2020-05-25,Orange,059,3164182,8077,5601,50,5651,115
2020-05-25,Placer,061,380077,223,186,0,186,9
2020-05-25,Plumas,063,18699,4,4,0,4,0
2020-05-25,Riverside,065,2383286,7967,6900,9,6909,284
2020-05-25,Sacramento,067,1510023,1401,1290,1,1291,50
2020-05-25,San Benito,069,59416,85,70,0,70,2
2020-05-25,San Bernardino,071,2135413,5521,4393,4,4397,175
2020-05-25,San Diego,073,3302833,7791,6799,0,6799,249
2020-05-25,San Francisco,075,870044,2529,2358,0,2358,40
2020-05-25,San Joaquin,077,732212,963,760,4,764,33
2020-05-25,San Luis Obispo,079,281455,316,260,2,262,1
2020-05-25,San Mateo,081,765935,2227,1938,2,1940,71
2020-05-25,Santa Barbara,083,443738,1965,1590,4,1594,9
2020-05-25,Santa Clara,085,1922200,3102,2647,4,2651,139
2020-05-25,Santa Cruz,087,273765,215,191,0,191,2
2020-05-25,Shasta,089,179085,51,36,0,36,4
2020-05-25,Sierra,091,2930,1,1,0,1,0
2020-05-25,Siskiyou,093,43540,7,6,0,6,0
2020-05-25,Solano,095,438530,548,437,1,438,5
2020-05-25,Sonoma,097,501317,563,496,0,496,4
2020-05-25,Stanislaus,099,539301,746,651,5,656,27
2020-05-25,Sutter,101,95872,42,38,0,38,2
2020-05-25,Tehama,103,63373,7,2,1,3,1
2020-05-25,Trinity,105,12862,4,1,1,2,0
2020-05-25,Tulare,107,460477,2242,1747,4,1751,76
2020-05-25,Tuolumne,109,53932,4,2,1,3,0
2020-05-25,Ventura,111,848112,1388,1020,3,1023,27
2020-05-25,Yolo,113,214977,214,197,0,197,22
2020-05-25,Yuba,115,75493,26,24,0,24,1
2020-05-24,Alameda,001,1643700,3355,2830,2,2832,92
2020-05-24,Alpine,003,1148,2,1,0,1,0
2020-05-24,Amador,005,37829,9,9,0,9,0
2020-05-24,Butte,007,227075,61,35,1,36,0
2020-05-24,Calaveras,009,45235,12,13,0,13,0
2020-05-24,Colusa,011,21464,7,4,0,4,0
2020-05-24,Contra Costa,013,1133247,1499,1325,0,1325,37
2020-05-24,Del Norte,015,27424,43,16,0,16,0
2020-05-24,El Dorado,017,186661,96,76,0,76,0
2020-05-24,Fresno,019,978130,2766,1455,33,1488,22
2020-05-24,Glenn,021,27897,15,12,0,12,0
2020-05-24,Humboldt,023,135768,106,81,0,81,2
2020-05-24,Imperial,025,180216,2675,1369,4,1373,14
2020-05-24,Inyo,027,18085,19,20,0,20,1
2020-05-24,Kern,029,883053,2424,1861,5,1866,31
2020-05-24,Kings,031,150075,750,446,2,448,2
2020-05-24,Lake,033,64148,24,12,0,12,0
2020-05-24,Lassen,035,31185,5,0,2,2,0
2020-05-24,Los Angeles,037,10098052,53622,44954,20,44974,2085
2020-05-24,Madera,039,155013,181,83,1,84,2
2020-05-24,Marin,041,260295,435,401,2,403,14
2020-05-24,Mariposa,043,17540,16,15,0,15,1
2020-05-24,Mendocino,045,87422,22,19,0,19,0
2020-05-24,Merced,047,269075,355,258,0,258,6
2020-05-24,Modoc,049,8938,0,0,0,0,0
2020-05-24,Mono,051,14174,37,34,0,34,1
2020-05-24,Monterey,053,433212,509,405,0,405,8
2020-05-24,Napa,055,140530,125,104,0,104,3
2020-05-24,Nevada,057,99092,43,41,1,42,1
2020-05-24,Orange,059,3164182,7922,5439,49,5488,113
2020-05-24,Placer,061,380077,215,184,0,184,9
2020-05-24,Plumas,063,18699,4,4,0,4,0
2020-05-24,Riverside,065,2383286,7826,6571,9,6580,284
2020-05-24,Sacramento,067,1510023,1385,1283,1,1284,50
2020-05-24,San Benito,069,59416,84,67,0,67,2
2020-05-24,San Bernardino,071,2135413,5413,4262,4,4266,175
2020-05-24,San Diego,073,3302833,7648,6703,0,6703,249
2020-05-24,San Francisco,075,870044,2505,2318,0,2318,40
2020-05-24,San Joaquin,077,732212,944,760,4,764,33
2020-05-24,San Luis Obispo,079,281455,314,257,2,259,1
2020-05-24,San Mateo,081,765935,2192,1925,2,1927,71
2020-05-24,Santa Barbara,083,443738,1949,1573,4,1577,9
2020-05-24,Santa Clara,085,1922200,3082,2623,4,2627,139
2020-05-24,Santa Cruz,087,273765,212,185,0,185,2
2020-05-24,Shasta,089,179085,50,36,0,36,4
2020-05-24,Sierra,091,2930,1,1,0,1,0
2020-05-24,Siskiyou,093,43540,6,6,0,6,0
2020-05-24,Solano,095,438530,540,436,0,436,5
2020-05-24,Sonoma,097,501317,552,485,0,485,4
2020-05-24,Stanislaus,099,539301,726,634,5,639,27
2020-05-24,Sutter,101,95872,42,38,0,38,2
2020-05-24,Tehama,103,63373,5,2,1,3,1
2020-05-24,Trinity,105,12862,4,1,1,2,0
2020-05-24,Tulare,107,460477,2196,1684,4,1688,74
2020-05-24,Tuolumne,109,53932,4,2,0,2,0
2020-05-24,Ventura,111,848112,1376,982,3,985,27
2020-05-24,Yolo,113,214977,212,192,0,192,22
2020-05-24,Yuba,115,75493,26,24,0,24,1
2020-05-23,Alameda,001,1643700,3314,2783,2,2785,91
2020-05-23,Alpine,003,1148,2,1,0,1,0
2020-05-23,Amador,005,37829,9,9,0,9,0
2020-05-23,Butte,007,227075,60,34,1,35,0
2020-05-23,Calaveras,009,45235,12,13,0,13,0
2020-05-23,Colusa,011,21464,7,4,0,4,0
2020-05-23,Contra Costa,013,1133247,1488,1302,0,1302,36
2020-05-23,Del Norte,015,27424,43,10,0,10,0
2020-05-23,El Dorado,017,186661,96,74,0,74,0
2020-05-23,Fresno,019,978130,2746,1447,33,1480,21
2020-05-23,Glenn,021,27897,15,12,0,12,0
2020-05-23,Humboldt,023,135768,104,80,0,80,2
2020-05-23,Imperial,025,180216,2587,1283,4,1287,14
2020-05-23,Inyo,027,18085,19,20,0,20,1
2020-05-23,Kern,029,883053,2381,1806,5,1811,31
2020-05-23,Kings,031,150075,746,444,2,446,2
2020-05-23,Lake,033,64148,23,10,0,10,0
2020-05-23,Lassen,035,31185,5,0,2,2,0
2020-05-23,Los Angeles,037,10098052,53081,44029,20,44049,2069
2020-05-23,Madera,039,155013,177,83,1,84,2
2020-05-23,Marin,041,260295,435,393,1,394,14
2020-05-23,Mariposa,043,17540,16,15,0,15,1
2020-05-23,Mendocino,045,87422,22,13,0,13,0
2020-05-23,Merced,047,269075,352,247,0,247,6
2020-05-23,Modoc,049,8938,0,0,0,0,0
2020-05-23,Mono,051,14174,36,34,0,34,1
2020-05-23,Monterey,053,433212,495,397,0,397,8
2020-05-23,Napa,055,140530,121,101,0,101,3
2020-05-23,Nevada,057,99092,43,41,1,42,1
2020-05-23,Orange,059,3164182,7764,5313,48,5361,113
2020-05-23,Placer,061,380077,209,184,0,184,9
2020-05-23,Plumas,063,18699,4,4,0,4,0
2020-05-23,Riverside,065,2383286,7735,6460,9,6469,284
2020-05-23,Sacramento,067,1510023,1369,1275,1,1276,50
2020-05-23,San Benito,069,59416,79,67,0,67,2
2020-05-23,San Bernardino,071,2135413,5320,4172,4,4176,175
2020-05-23,San Diego,073,3302833,7557,6561,0,6561,249
2020-05-23,San Francisco,075,870044,2486,2312,0,2312,40
2020-05-23,San Joaquin,077,732212,929,759,4,763,33
2020-05-23,San Luis Obispo,079,281455,311,256,2,258,1
2020-05-23,San Mateo,081,765935,2164,1862,2,1864,71
2020-05-23,Santa Barbara,083,443738,1937,1566,4,1570,9
2020-05-23,Santa Clara,085,1922200,3069,2593,4,2597,139
2020-05-23,Santa Cruz,087,273765,210,177,0,177,2
2020-05-23,Shasta,089,179085,50,35,0,35,4
2020-05-23,Sierra,091,2930,1,1,0,1,0
2020-05-23,Siskiyou,093,43540,6,6,0,6,0
2020-05-23,Solano,095,438530,535,435,0,435,5
2020-05-23,Sonoma,097,501317,538,462,0,462,4
2020-05-23,Stanislaus,099,539301,718,625,5,630,27
2020-05-23,Sutter,101,95872,41,38,0,38,2
2020-05-23,Tehama,103,63373,5,2,1,3,1
2020-05-23,Trinity,105,12862,4,1,1,2,0
2020-05-23,Tulare,107,460477,2175,1682,4,1686,73
2020-05-23,Tuolumne,109,53932,4,2,0,2,0
2020-05-23,Ventura,111,848112,1356,961,3,964,27
2020-05-23,Yolo,113,214977,211,188,0,188,22
2020-05-23,Yuba,115,75493,26,24,0,24,1
2020-05-22,Alameda,001,1643700,3260,2722,2,2724,91
2020-05-22,Alpine,003,1148,2,1,0,1,0
2020-05-22,Amador,005,37829,9,9,0,9,0
2020-05-22,Butte,007,227075,58,34,1,35,0
2020-05-22,Calaveras,009,45235,12,13,0,13,0
2020-05-22,Colusa,011,21464,7,4,0,4,0
2020-05-22,Contra Costa,013,1133247,1476,1272,0,1272,36
2020-05-22,Del Norte,015,27424,41,9,0,9,0
2020-05-22,El Dorado,017,186661,93,74,0,74,0
2020-05-22,Fresno,019,978130,2687,1399,32,1431,20
2020-05-22,Glenn,021,27897,15,12,0,12,0
2020-05-22,Humboldt,023,135768,104,80,0,80,2
2020-05-22,Imperial,025,180216,2487,1214,4,1218,14
2020-05-22,Inyo,027,18085,19,20,0,20,1
2020-05-22,Kern,029,883053,2333,1749,5,1754,28
2020-05-22,Kings,031,150075,743,428,2,430,2
2020-05-22,Lake,033,64148,22,10,0,10,0
2020-05-22,Lassen,035,31185,3,0,2,2,0
2020-05-22,Los Angeles,037,10098052,52289,43025,20,43045,2027
2020-05-22,Madera,039,155013,173,82,1,83,2
2020-05-22,Marin,041,260295,431,372,1,373,14
2020-05-22,Mariposa,043,17540,16,15,0,15,1
2020-05-22,Mendocino,045,87422,21,13,0,13,0
2020-05-22,Merced,047,269075,352,233,0,233,6
2020-05-22,Modoc,049,8938,0,0,0,0,0
2020-05-22,Mono,051,14174,36,34,0,34,1
2020-05-22,Monterey,053,433212,484,372,0,372,8
2020-05-22,Napa,055,140530,119,97,0,97,3
2020-05-22,Nevada,057,99092,42,41,1,42,1
2020-05-22,Orange,059,3164182,7569,5144,46,5190,113
2020-05-22,Placer,061,380077,209,181,0,181,9
2020-05-22,Plumas,063,18699,4,4,0,4,0
2020-05-22,Riverside,065,2383286,7620,6351,9,6360,283
2020-05-22,Sacramento,067,1510023,1353,1262,1,1263,50
2020-05-22,San Benito,069,59416,78,64,0,64,2
2020-05-22,San Bernardino,071,2135413,5245,4107,4,4111,173
2020-05-22,San Diego,073,3302833,7471,6436,0,6436,242
2020-05-22,San Francisco,075,870044,2468,2251,0,2251,40
2020-05-22,San Joaquin,077,732212,916,747,4,751,33
2020-05-22,San Luis Obispo,079,281455,311,254,2,256,1
2020-05-22,San Mateo,081,765935,2145,1847,2,1849,71
2020-05-22,Santa Barbara,083,443738,1920,1554,4,1558,9
2020-05-22,Santa Clara,085,1922200,3050,2537,4,2541,139
2020-05-22,Santa Cruz,087,273765,207,171,0,171,2
2020-05-22,Shasta,089,179085,50,34,0,34,4
2020-05-22,Sierra,091,2930,1,0,0,0,0
2020-05-22,Siskiyou,093,43540,6,6,0,6,0
2020-05-22,Solano,095,438530,532,431,0,431,4
2020-05-22,Sonoma,097,501317,534,444,0,444,4
2020-05-22,Stanislaus,099,539301,708,616,5,621,27
2020-05-22,Sutter,101,95872,41,38,0,38,2
2020-05-22,Tehama,103,63373,5,2,0,2,1
2020-05-22,Trinity,105,12862,4,1,1,2,0
2020-05-22,Tulare,107,460477,2145,1662,4,1666,73
2020-05-22,Tuolumne,109,53932,4,2,0,2,0
2020-05-22,Ventura,111,848112,1338,937,3,940,27
2020-05-22,Yolo,113,214977,209,187,0,187,22
2020-05-22,Yuba,115,75493,26,24,0,24,1
2020-05-21,Alameda,001,1643700,3195,2606,2,2608,89
2020-05-21,Alpine,003,1148,2,1,0,1,0
2020-05-21,Amador,005,37829,9,9,0,9,0
2020-05-21,Butte,007,227075,57,31,1,32,0
2020-05-21,Calaveras,009,45235,11,13,0,13,0
2020-05-21,Colusa,011,21464,7,4,0,4,0
2020-05-21,Contra Costa,013,1133247,1440,1243,0,1243,36
2020-05-21,Del Norte,015,27424,38,9,0,9,0
2020-05-21,El Dorado,017,186661,91,67,0,67,0
2020-05-21,Fresno,019,978130,2597,1362,32,1394,20
2020-05-21,Glenn,021,27897,14,12,0,12,0
2020-05-21,Humboldt,023,135768,103,79,0,79,0
2020-05-21,Imperial,025,180216,2327,1096,4,1100,14
2020-05-21,Inyo,027,18085,19,20,0,20,1
2020-05-21,Kern,029,883053,2257,1684,4,1688,27
2020-05-21,Kings,031,150075,722,417,2,419,2
2020-05-21,Lake,033,64148,17,10,0,10,0
2020-05-21,Lassen,035,31185,3,0,2,2,0
2020-05-21,Los Angeles,037,10098052,51255,42063,20,42083,1996
2020-05-21,Madera,039,155013,170,82,1,83,2
2020-05-21,Marin,041,260295,420,359,1,360,14
2020-05-21,Mariposa,043,17540,16,15,0,15,1
2020-05-21,Mendocino,045,87422,21,12,0,12,0
2020-05-21,Merced,047,269075,341,226,0,226,6
2020-05-21,Modoc,049,8938,0,0,0,0,0
2020-05-21,Mono,051,14174,36,33,0,33,1
2020-05-21,Monterey,053,433212,473,363,0,363,8
2020-05-21,Napa,055,140530,117,96,0,96,3
2020-05-21,Nevada,057,99092,42,41,1,42,1
2020-05-21,Orange,059,3164182,7366,4975,46,5021,106
2020-05-21,Placer,061,380077,202,176,0,176,8
2020-05-21,Plumas,063,18699,4,4,0,4,0
2020-05-21,Riverside,065,2383286,7433,6245,9,6254,279
2020-05-21,Sacramento,067,1510023,1340,1258,1,1259,56
2020-05-21,San Benito,069,59416,75,61,0,61,2
2020-05-21,San Bernardino,071,2135413,5098,3950,4,3954,167
2020-05-21,San Diego,073,3302833,7335,6317,0,6317,241
2020-05-21,San Francisco,075,870044,2444,2248,0,2248,37
2020-05-21,San Joaquin,077,732212,880,730,4,734,33
2020-05-21,San Luis Obispo,079,281455,311,251,1,252,1
2020-05-21,San Mateo,081,765935,2108,1791,2,1793,74
2020-05-21,Santa Barbara,083,443738,1900,1541,4,1545,10
2020-05-21,Santa Clara,085,1922200,3030,2520,4,2524,138
2020-05-21,Santa Cruz,087,273765,199,164,0,164,3
2020-05-21,Shasta,089,179085,48,34,0,34,4
2020-05-21,Sierra,091,2930,1,0,0,0,0
2020-05-21,Siskiyou,093,43540,6,6,0,6,0
2020-05-21,Solano,095,438530,523,424,0,424,4
2020-05-21,Sonoma,097,501317,516,427,0,427,4
2020-05-21,Stanislaus,099,539301,697,602,5,607,27
2020-05-21,Sutter,101,95872,40,38,0,38,2
2020-05-21,Tehama,103,63373,4,2,0,2,1
2020-05-21,Trinity,105,12862,3,1,1,2,0
2020-05-21,Tulare,107,460477,2095,1606,4,1610,73
2020-05-21,Tuolumne,109,53932,2,2,0,2,0
2020-05-21,Ventura,111,848112,1291,907,3,910,30
2020-05-21,Yolo,113,214977,206,185,0,185,22
2020-05-21,Yuba,115,75493,26,24,0,24,1
2020-05-20,Alameda,001,1643700,3121,2554,2,2556,89
2020-05-20,Alpine,003,1148,2,1,0,1,0
2020-05-20,Amador,005,37829,9,9,0,9,0
2020-05-20,Butte,007,227075,54,30,1,31,0
2020-05-20,Calaveras,009,45235,11,13,0,13,0
2020-05-20,Colusa,011,21464,7,3,0,3,0
2020-05-20,Contra Costa,013,1133247,1410,1223,0,1223,33
2020-05-20,Del Norte,015,27424,31,9,0,9,0
2020-05-20,El Dorado,017,186661,90,67,0,67,0
2020-05-20,Fresno,019,978130,2525,1329,31,1360,17
2020-05-20,Glenn,021,27897,13,12,0,12,0
2020-05-20,Humboldt,023,135768,100,73,0,73,0
2020-05-20,Imperial,025,180216,2216,1047,4,1051,14
2020-05-20,Inyo,027,18085,19,20,0,20,1
2020-05-20,Kern,029,883053,2194,1639,3,1642,27
2020-05-20,Kings,031,150075,579,403,2,405,2
2020-05-20,Lake,033,64148,17,9,0,9,0
2020-05-20,Lassen,035,31185,2,0,2,2,0
2020-05-20,Los Angeles,037,10098052,50259,40932,20,40952,1955
2020-05-20,Madera,039,155013,168,82,1,83,2
2020-05-20,Marin,041,260295,393,348,1,349,14
2020-05-20,Mariposa,043,17540,16,15,0,15,1
2020-05-20,Mendocino,045,87422,21,12,0,12,0
2020-05-20,Merced,047,269075,334,225,0,225,6
2020-05-20,Modoc,049,8938,0,0,0,0,0
2020-05-20,Mono,051,14174,36,33,0,33,1
2020-05-20,Monterey,053,433212,459,356,0,356,8
2020-05-20,Napa,055,140530,110,93,0,93,3
2020-05-20,Nevada,057,99092,42,41,1,42,1
2020-05-20,Orange,059,3164182,7158,4866,44,4910,96
2020-05-20,Placer,061,380077,200,176,0,176,8
2020-05-20,Plumas,063,18699,4,4,0,4,0
2020-05-20,Riverside,065,2383286,7290,6090,9,6099,265
2020-05-20,Sacramento,067,1510023,1330,1244,1,1245,56
2020-05-20,San Benito,069,59416,74,61,0,61,2
2020-05-20,San Bernardino,071,2135413,4971,3771,4,3775,161
2020-05-20,San Diego,073,3302833,7218,6142,0,6142,230
2020-05-20,San Francisco,075,870044,2421,2199,0,2199,37
2020-05-20,San Joaquin,077,732212,843,713,4,717,33
2020-05-20,San Luis Obispo,079,281455,305,249,1,250,1
2020-05-20,San Mateo,081,765935,2055,1739,2,1741,74
2020-05-20,Santa Barbara,083,443738,1878,1524,4,1528,10
2020-05-20,Santa Clara,085,1922200,3010,2508,4,2512,138
2020-05-20,Santa Cruz,087,273765,196,163,0,163,3
2020-05-20,Shasta,089,179085,48,34,0,34,4
2020-05-20,Sierra,091,2930,1,0,0,0,0
2020-05-20,Siskiyou,093,43540,6,6,0,6,0
2020-05-20,Solano,095,438530,518,418,0,418,4
2020-05-20,Sonoma,097,501317,507,411,0,411,4
2020-05-20,Stanislaus,099,539301,681,584,4,588,25
2020-05-20,Sutter,101,95872,40,38,0,38,2
2020-05-20,Tehama,103,63373,4,2,0,2,1
2020-05-20,Trinity,105,12862,3,1,1,2,0
2020-05-20,Tulare,107,460477,2057,1585,4,1589,71
2020-05-20,Tuolumne,109,53932,2,2,0,2,0
2020-05-20,Ventura,111,848112,1258,879,3,882,29
2020-05-20,Yolo,113,214977,203,184,0,184,22
2020-05-20,Yuba,115,75493,26,23,0,23,1
2020-05-19,Alameda,001,1643700,3044,2493,0,2493,88
2020-05-19,Alpine,003,1148,2,1,0,1,0
2020-05-19,Amador,005,37829,9,9,0,9,0
2020-05-19,Butte,007,227075,52,25,1,26,0
2020-05-19,Calaveras,009,45235,11,13,0,13,0
2020-05-19,Colusa,011,21464,5,3,0,3,0
2020-05-19,Contra Costa,013,1133247,1387,1205,0,1205,33
2020-05-19,Del Norte,015,27424,28,8,0,8,0
2020-05-19,El Dorado,017,186661,87,67,0,67,0
2020-05-19,Fresno,019,978130,2416,1288,31,1319,15
2020-05-19,Glenn,021,27897,13,12,0,12,0
2020-05-19,Humboldt,023,135768,100,72,0,72,0
2020-05-19,Imperial,025,180216,2056,1012,4,1016,14
2020-05-19,Inyo,027,18085,19,20,0,20,1
2020-05-19,Kern,029,883053,2096,1601,3,1604,26
2020-05-19,Kings,031,150075,568,393,2,395,2
2020-05-19,Lake,033,64148,14,11,0,11,0
2020-05-19,Lassen,035,31185,2,0,2,2,0
2020-05-19,Los Angeles,037,10098052,49052,39670,20,39690,1906
2020-05-19,Madera,039,155013,165,80,1,81,2
2020-05-19,Marin,041,260295,369,340,1,341,14
2020-05-19,Mariposa,043,17540,16,15,0,15,1
2020-05-19,Mendocino,045,87422,21,12,0,12,0
2020-05-19,Merced,047,269075,326,222,0,222,5
2020-05-19,Modoc,049,8938,0,0,0,0,0
2020-05-19,Mono,051,14174,36,33,0,33,1
2020-05-19,Monterey,053,433212,447,350,0,350,8
2020-05-19,Napa,055,140530,109,93,0,93,3
2020-05-19,Nevada,057,99092,42,41,1,42,1
2020-05-19,Orange,059,3164182,6962,4746,42,4788,90
2020-05-19,Placer,061,380077,198,177,0,177,8
2020-05-19,Plumas,063,18699,4,5,0,5,0
2020-05-19,Riverside,065,2383286,7131,5963,9,5972,265
2020-05-19,Sacramento,067,1510023,1316,1239,1,1240,57
2020-05-19,San Benito,069,59416,72,59,0,59,2
2020-05-19,San Bernardino,071,2135413,4821,3656,4,3660,158
2020-05-19,San Diego,073,3302833,7074,6028,0,6028,222
2020-05-19,San Francisco,075,870044,2387,2186,0,2186,37
2020-05-19,San Joaquin,077,732212,821,705,4,709,33
2020-05-19,San Luis Obispo,079,281455,305,245,1,246,1
2020-05-19,San Mateo,081,765935,2014,1704,2,1706,71
2020-05-19,Santa Barbara,083,443738,1860,1521,4,1525,10
2020-05-19,Santa Clara,085,1922200,2962,2480,4,2484,138
2020-05-19,Santa Cruz,087,273765,185,161,0,161,3
2020-05-19,Shasta,089,179085,48,34,0,34,4
2020-05-19,Sierra,091,2930,0,0,0,0,0
2020-05-19,Siskiyou,093,43540,6,6,0,6,0
2020-05-19,Solano,095,438530,504,415,0,415,4
2020-05-19,Sonoma,097,501317,496,389,0,389,4
2020-05-19,Stanislaus,099,539301,667,582,4,586,25
2020-05-19,Sutter,101,95872,40,38,0,38,2
2020-05-19,Tehama,103,63373,4,2,0,2,1
2020-05-19,Trinity,105,12862,2,1,0,1,0
2020-05-19,Tulare,107,460477,2010,1551,4,1555,68
2020-05-19,Tuolumne,109,53932,2,2,0,2,0
2020-05-19,Ventura,111,848112,1219,861,2,863,28
2020-05-19,Yolo,113,214977,201,183,0,183,22
2020-05-19,Yuba,115,75493,26,23,0,23,1
2020-05-18,Alameda,001,1643700,2972,2442,0,2442,84
2020-05-18,Alpine,003,1148,1,1,0,1,0
2020-05-18,Amador,005,37829,9,8,0,8,0
2020-05-18,Butte,007,227075,50,24,1,25,0
2020-05-18,Calaveras,009,45235,11,13,0,13,0
2020-05-18,Colusa,011,21464,5,3,0,3,0
2020-05-18,Contra Costa,013,1133247,1356,1173,0,1173,33
2020-05-18,Del Norte,015,27424,23,8,0,8,0
2020-05-18,El Dorado,017,186661,85,67,0,67,0
2020-05-18,Fresno,019,978130,2339,1244,30,1274,14
2020-05-18,Glenn,021,27897,13,11,0,11,0
2020-05-18,Humboldt,023,135768,100,70,0,70,0
2020-05-18,Imperial,025,180216,1901,767,4,771,14
2020-05-18,Inyo,027,18085,19,20,0,20,1
2020-05-18,Kern,029,883053,2047,1566,3,1569,26
2020-05-18,Kings,031,150075,537,381,2,383,2
2020-05-18,Lake,033,64148,13,9,0,9,0
2020-05-18,Lassen,035,31185,2,0,2,2,0
2020-05-18,Los Angeles,037,10098052,48031,38477,20,38497,1825
2020-05-18,Madera,039,155013,159,74,1,75,2
2020-05-18,Marin,041,260295,356,329,1,330,14
2020-05-18,Mariposa,043,17540,16,15,0,15,1
2020-05-18,Mendocino,045,87422,16,12,0,12,0
2020-05-18,Merced,047,269075,316,217,0,217,5
2020-05-18,Modoc,049,8938,0,0,0,0,0
2020-05-18,Mono,051,14174,36,33,0,33,1
2020-05-18,Monterey,053,433212,436,345,0,345,8
2020-05-18,Napa,055,140530,105,92,0,92,3
2020-05-18,Nevada,057,99092,42,41,1,42,1
2020-05-18,Orange,059,3164182,6771,4558,39,4597,88
2020-05-18,Placer,061,380077,196,176,0,176,8
2020-05-18,Plumas,063,18699,4,5,0,5,0
2020-05-18,Riverside,065,2383286,6931,5873,9,5882,253
2020-05-18,Sacramento,067,1510023,1310,1233,0,1233,57
2020-05-18,San Benito,069,59416,70,59,0,59,2
2020-05-18,San Bernardino,071,2135413,4674,3558,4,3562,156
2020-05-18,San Diego,073,3302833,6941,5948,0,5948,211
2020-05-18,San Francisco,075,870044,2364,2183,0,2183,36
2020-05-18,San Joaquin,077,732212,809,697,4,701,33
2020-05-18,San Luis Obispo,079,281455,301,243,1,244,1
2020-05-18,San Mateo,081,765935,1976,1701,2,1703,68
2020-05-18,Santa Barbara,083,443738,1841,1501,4,1505,10
2020-05-18,Santa Clara,085,1922200,2931,2468,4,2472,137
2020-05-18,Santa Cruz,087,273765,183,160,0,160,3
2020-05-18,Shasta,089,179085,47,34,0,34,4
2020-05-18,Sierra,091,2930,0,0,0,0,0
2020-05-18,Siskiyou,093,43540,6,6,0,6,0
2020-05-18,Solano,095,438530,494,398,0,398,4
2020-05-18,Sonoma,097,501317,478,387,0,387,4
2020-05-18,Stanislaus,099,539301,655,572,4,576,25
2020-05-18,Sutter,101,95872,40,38,0,38,2
2020-05-18,Tehama,103,63373,4,2,0,2,1
2020-05-18,Trinity,105,12862,2,1,0,1,0
2020-05-18,Tulare,107,460477,1965,1491,4,1495,63
2020-05-18,Tuolumne,109,53932,2,2,0,2,0
2020-05-18,Ventura,111,848112,1197,850,1,851,27
2020-05-18,Yolo,113,214977,196,183,0,183,22
2020-05-18,Yuba,115,75493,26,23,0,23,1
2020-05-17,Alameda,001,1643700,2877,2389,0,2389,83
2020-05-17,Alpine,003,1148,1,1,0,1,0
2020-05-17,Amador,005,37829,9,8,0,8,0
2020-05-17,Butte,007,227075,49,23,1,24,0
2020-05-17,Calaveras,009,45235,11,13,0,13,0
2020-05-17,Colusa,011,21464,3,3,0,3,0
2020-05-17,Contra Costa,013,1133247,1317,1155,0,1155,33
2020-05-17,Del Norte,015,27424,23,7,0,7,0
2020-05-17,El Dorado,017,186661,85,65,0,65,0
2020-05-17,Fresno,019,978130,2238,1213,27,1240,14
2020-05-17,Glenn,021,27897,13,9,0,9,0
2020-05-17,Humboldt,023,135768,93,70,0,70,0
2020-05-17,Imperial,025,180216,1752,715,4,719,14
2020-05-17,Inyo,027,18085,19,20,0,20,1
2020-05-17,Kern,029,883053,1969,1546,3,1549,26
2020-05-17,Kings,031,150075,490,356,2,358,2
2020-05-17,Lake,033,64148,13,7,0,7,0
2020-05-17,Lassen,035,31185,2,0,2,2,0
2020-05-17,Los Angeles,037,10098052,46792,37996,20,38016,1807
2020-05-17,Madera,039,155013,157,69,1,70,2
2020-05-17,Marin,041,260295,345,315,1,316,14
2020-05-17,Mariposa,043,17540,15,15,0,15,1
2020-05-17,Mendocino,045,87422,15,10,0,10,0
2020-05-17,Merced,047,269075,305,214,0,214,5
2020-05-17,Modoc,049,8938,0,0,0,0,0
2020-05-17,Mono,051,14174,36,32,0,32,1
2020-05-17,Monterey,053,433212,416,342,0,342,8
2020-05-17,Napa,055,140530,102,89,0,89,3
2020-05-17,Nevada,057,99092,42,41,1,42,1
2020-05-17,Orange,059,3164182,6591,4466,38,4504,88
2020-05-17,Placer,061,380077,191,175,0,175,8
2020-05-17,Plumas,063,18699,4,4,0,4,0
2020-05-17,Riverside,065,2383286,6758,5776,9,5785,245
2020-05-17,Sacramento,067,1510023,1299,1224,0,1224,56
2020-05-17,San Benito,069,59416,69,59,0,59,2
2020-05-17,San Bernardino,071,2135413,4524,3467,4,3471,155
2020-05-17,San Diego,073,3302833,6809,5838,0,5838,209
2020-05-17,San Francisco,075,870044,2337,2132,0,2132,36
2020-05-17,San Joaquin,077,732212,779,688,4,692,32
2020-05-17,San Luis Obispo,079,281455,299,242,1,243,1
2020-05-17,San Mateo,081,765935,1939,1680,2,1682,68
2020-05-17,Santa Barbara,083,443738,1812,1457,4,1461,10
2020-05-17,Santa Clara,085,1922200,2893,2453,4,2457,135
2020-05-17,Santa Cruz,087,273765,172,155,0,155,3
2020-05-17,Shasta,089,179085,46,34,0,34,4
2020-05-17,Sierra,091,2930,0,0,0,0,0
2020-05-17,Siskiyou,093,43540,6,6,0,6,0
2020-05-17,Solano,095,438530,482,392,0,392,4
2020-05-17,Sonoma,097,501317,457,376,0,376,4
2020-05-17,Stanislaus,099,539301,644,566,4,570,25
2020-05-17,Sutter,101,95872,39,38,0,38,2
2020-05-17,Tehama,103,63373,3,2,0,2,1
2020-05-17,Trinity,105,12862,1,1,0,1,0
2020-05-17,Tulare,107,460477,1898,1430,3,1433,63
2020-05-17,Tuolumne,109,53932,2,2,0,2,0
2020-05-17,Ventura,111,848112,1153,838,1,839,27
2020-05-17,Yolo,113,214977,194,182,0,182,22
2020-05-17,Yuba,115,75493,26,21,0,21,1
2020-05-16,Alameda,001,1643700,2827,2327,0,2327,83
2020-05-16,Alpine,003,1148,1,1,0,1,0
2020-05-16,Amador,005,37829,9,8,0,8,0
2020-05-16,Butte,007,227075,44,22,1,23,0
2020-05-16,Calaveras,009,45235,11,13,0,13,0
2020-05-16,Colusa,011,21464,3,3,0,3,0
2020-05-16,Contra Costa,013,1133247,1299,1136,0,1136,33
2020-05-16,Del Norte,015,27424,19,4,0,4,0
2020-05-16,El Dorado,017,186661,85,65,0,65,0
2020-05-16,Fresno,019,978130,2183,1177,27,1204,14
2020-05-16,Glenn,021,27897,13,9,0,9,0
2020-05-16,Humboldt,023,135768,91,69,0,69,0
2020-05-16,Imperial,025,180216,1688,712,4,716,14
2020-05-16,Inyo,027,18085,19,20,0,20,1
2020-05-16,Kern,029,883053,1933,1509,3,1512,26
2020-05-16,Kings,031,150075,481,356,2,358,2
2020-05-16,Lake,033,64148,13,7,0,7,0
2020-05-16,Lassen,035,31185,1,0,2,2,0
2020-05-16,Los Angeles,037,10098052,46215,37352,20,37372,1778
2020-05-16,Madera,039,155013,155,70,1,71,2
2020-05-16,Marin,041,260295,341,297,1,298,14
2020-05-16,Mariposa,043,17540,15,15,0,15,1
2020-05-16,Mendocino,045,87422,15,10,0,10,0
2020-05-16,Merced,047,269075,303,201,0,201,5
2020-05-16,Modoc,049,8938,0,0,0,0,0
2020-05-16,Mono,051,14174,36,32,0,32,1
2020-05-16,Monterey,053,433212,401,329,0,329,8
2020-05-16,Napa,055,140530,102,86,0,86,3
2020-05-16,Nevada,057,99092,42,41,1,42,1
2020-05-16,Orange,059,3164182,6515,4396,38,4434,87
2020-05-16,Placer,061,380077,189,174,0,174,8
2020-05-16,Plumas,063,18699,4,4,0,4,0
2020-05-16,Riverside,065,2383286,6672,5633,9,5642,243
2020-05-16,Sacramento,067,1510023,1292,1209,0,1209,55
2020-05-16,San Benito,069,59416,64,58,0,58,2
2020-05-16,San Bernardino,071,2135413,4452,3362,4,3366,155
2020-05-16,San Diego,073,3302833,6723,5664,0,5664,209
2020-05-16,San Francisco,075,870044,2314,2094,0,2094,36
2020-05-16,San Joaquin,077,732212,771,668,4,672,32
2020-05-16,San Luis Obispo,079,281455,298,240,1,241,1
2020-05-16,San Mateo,081,765935,1924,1652,2,1654,68
2020-05-16,Santa Barbara,083,443738,1800,1422,3,1425,10
2020-05-16,Santa Clara,085,1922200,2877,2420,3,2423,135
2020-05-16,Santa Cruz,087,273765,169,154,0,154,3
2020-05-16,Shasta,089,179085,46,33,0,33,4
2020-05-16,Sierra,091,2930,0,0,0,0,0
2020-05-16,Siskiyou,093,43540,6,6,0,6,0
2020-05-16,Solano,095,438530,477,392,0,392,4
2020-05-16,Sonoma,097,501317,444,356,0,356,4
2020-05-16,Stanislaus,099,539301,635,546,4,550,24
2020-05-16,Sutter,101,95872,39,35,0,35,2
2020-05-16,Tehama,103,63373,3,2,0,2,1
2020-05-16,Trinity,105,12862,1,1,0,1,0
2020-05-16,Tulare,107,460477,1880,1426,3,1429,63
2020-05-16,Tuolumne,109,53932,2,2,0,2,0
2020-05-16,Ventura,111,848112,1128,813,1,814,25
2020-05-16,Yolo,113,214977,193,181,0,181,22
2020-05-16,Yuba,115,75493,26,21,0,21,1
2020-05-15,Alameda,001,1643700,2793,2289,0,2289,83
2020-05-15,Alpine,003,1148,1,1,0,1,0
2020-05-15,Amador,005,37829,9,8,0,8,0
2020-05-15,Butte,007,227075,42,22,1,23,0
2020-05-15,Calaveras,009,45235,11,13,0,13,0
2020-05-15,Colusa,011,21464,3,3,0,3,0
2020-05-15,Contra Costa,013,1133247,1281,1106,0,1106,33
2020-05-15,Del Norte,015,27424,14,4,0,4,0
2020-05-15,El Dorado,017,186661,85,64,0,64,0
2020-05-15,Fresno,019,978130,2117,1126,27,1153,14
2020-05-15,Glenn,021,27897,13,9,0,9,0
2020-05-15,Humboldt,023,135768,90,60,0,60,0
2020-05-15,Imperial,025,180216,1605,680,0,680,14
2020-05-15,Inyo,027,18085,19,20,0,20,1
2020-05-15,Kern,029,883053,1877,1472,3,1475,25
2020-05-15,Kings,031,150075,478,347,2,349,2
2020-05-15,Lake,033,64148,13,7,0,7,0
2020-05-15,Lassen,035,31185,1,0,2,2,0
2020-05-15,Los Angeles,037,10098052,45429,36317,20,36337,1734
2020-05-15,Madera,039,155013,154,71,1,72,2
2020-05-15,Marin,041,260295,333,295,1,296,14
2020-05-15,Mariposa,043,17540,15,15,0,15,1
2020-05-15,Mendocino,045,87422,15,10,0,10,0
2020-05-15,Merced,047,269075,300,191,0,191,5
2020-05-15,Modoc,049,8938,0,0,0,0,0
2020-05-15,Mono,051,14174,36,31,0,31,1
2020-05-15,Monterey,053,433212,395,321,0,321,8
2020-05-15,Napa,055,140530,102,83,0,83,3
2020-05-15,Nevada,057,99092,42,41,1,42,1
2020-05-15,Orange,059,3164182,6344,4281,38,4319,87
2020-05-15,Placer,061,380077,187,174,0,174,8
2020-05-15,Plumas,063,18699,4,4,0,4,0
2020-05-15,Riverside,065,2383286,6558,5496,9,5505,233
2020-05-15,Sacramento,067,1510023,1282,1203,0,1203,55
2020-05-15,San Benito,069,59416,61,57,0,57,2
2020-05-15,San Bernardino,071,2135413,4374,3225,4,3229,153
2020-05-15,San Diego,073,3302833,6616,5525,0,5525,208
2020-05-15,San Francisco,075,870044,2298,2062,0,2062,36
2020-05-15,San Joaquin,077,732212,765,656,4,660,32
2020-05-15,San Luis Obispo,079,281455,297,237,1,238,1
2020-05-15,San Mateo,081,765935,1902,1612,2,1614,68
2020-05-15,Santa Barbara,083,443738,1785,1409,3,1412,10
2020-05-15,Santa Clara,085,1922200,2849,2395,3,2398,135
2020-05-15,Santa Cruz,087,273765,168,146,0,146,3
2020-05-15,Shasta,089,179085,45,33,0,33,4
2020-05-15,Sierra,091,2930,0,0,0,0,0
2020-05-15,Siskiyou,093,43540,5,5,0,5,0
2020-05-15,Solano,095,438530,473,388,0,388,4
2020-05-15,Sonoma,097,501317,436,349,0,349,4
2020-05-15,Stanislaus,099,539301,628,540,4,544,23
2020-05-15,Sutter,101,95872,38,35,0,35,2
2020-05-15,Tehama,103,63373,3,1,0,1,1
2020-05-15,Trinity,105,12862,1,1,0,1,0
2020-05-15,Tulare,107,460477,1852,1356,3,1359,61
2020-05-15,Tuolumne,109,53932,2,2,0,2,0
2020-05-15,Ventura,111,848112,1111,789,0,789,25
2020-05-15,Yolo,113,214977,192,182,0,182,22
2020-05-15,Yuba,115,75493,26,21,0,21,1
2020-05-14,Alameda,001,1643700,2700,2255,0,2255,80
2020-05-14,Alpine,003,1148,1,1,0,1,0
2020-05-14,Amador,005,37829,9,8,0,8,0
2020-05-14,Butte,007,227075,40,22,1,23,0
2020-05-14,Calaveras,009,45235,11,13,0,13,0
2020-05-14,Colusa,011,21464,3,3,0,3,0
2020-05-14,Contra Costa,013,1133247,1255,1090,0,1090,32
2020-05-14,Del Norte,015,27424,14,4,0,4,0
2020-05-14,El Dorado,017,186661,76,59,0,59,0
2020-05-14,Fresno,019,978130,2061,1038,24,1062,12
2020-05-14,Glenn,021,27897,12,8,0,8,0
2020-05-14,Humboldt,023,135768,88,59,0,59,0
2020-05-14,Imperial,025,180216,1488,652,0,652,13
2020-05-14,Inyo,027,18085,19,20,0,20,1
2020-05-14,Kern,029,883053,1835,1430,3,1433,21
2020-05-14,Kings,031,150075,462,342,2,344,1
2020-05-14,Lake,033,64148,13,7,0,7,0
2020-05-14,Lassen,035,31185,1,0,2,2,0
2020-05-14,Los Angeles,037,10098052,44255,35427,20,35447,1693
2020-05-14,Madera,039,155013,145,69,1,70,2
2020-05-14,Marin,041,260295,315,283,1,284,14
2020-05-14,Mariposa,043,17540,15,15,0,15,0
2020-05-14,Mendocino,045,87422,14,10,0,10,0
2020-05-14,Merced,047,269075,290,182,0,182,3
2020-05-14,Modoc,049,8938,0,0,0,0,0
2020-05-14,Mono,051,14174,36,31,0,31,1
2020-05-14,Monterey,053,433212,385,317,0,317,7
2020-05-14,Napa,055,140530,100,83,0,83,3
2020-05-14,Nevada,057,99092,41,41,1,42,1
2020-05-14,Orange,059,3164182,6168,4163,36,4199,83
2020-05-14,Placer,061,380077,187,172,0,172,8
2020-05-14,Plumas,063,18699,4,4,0,4,0
2020-05-14,Riverside,065,2383286,6375,5339,9,5348,224
2020-05-14,Sacramento,067,1510023,1270,1181,0,1181,55
2020-05-14,San Benito,069,59416,59,56,0,56,2
2020-05-14,San Bernardino,071,2135413,4196,3149,4,3153,149
2020-05-14,San Diego,073,3302833,6482,5393,0,5393,200
2020-05-14,San Francisco,075,870044,2265,2029,0,2029,36
2020-05-14,San Joaquin,077,732212,750,643,4,647,31
2020-05-14,San Luis Obispo,079,281455,294,236,1,237,1
2020-05-14,San Mateo,081,765935,1870,1588,2,1590,67
2020-05-14,Santa Barbara,083,443738,1766,1395,3,1398,11
2020-05-14,Santa Clara,085,1922200,2827,2380,3,2383,134
2020-05-14,Santa Cruz,087,273765,166,145,0,145,3
2020-05-14,Shasta,089,179085,45,33,0,33,4
2020-05-14,Sierra,091,2930,0,0,0,0,0
2020-05-14,Siskiyou,093,43540,5,5,0,5,0
2020-05-14,Solano,095,438530,464,372,0,372,4
2020-05-14,Sonoma,097,501317,419,333,0,333,4
2020-05-14,Stanislaus,099,539301,609,533,4,537,23
2020-05-14,Sutter,101,95872,38,34,0,34,2
2020-05-14,Tehama,103,63373,3,1,0,1,1
2020-05-14,Trinity,105,12862,1,1,0,1,0
2020-05-14,Tulare,107,460477,1819,1317,3,1320,55
2020-05-14,Tuolumne,109,53932,2,2,0,2,0
2020-05-14,Ventura,111,848112,1083,760,0,760,25
2020-05-14,Yolo,113,214977,192,180,0,180,22
2020-05-14,Yuba,115,75493,26,21,0,21,1
2020-05-13,Alameda,001,1643700,2642,2181,0,2181,78
2020-05-13,Alpine,003,1148,1,1,0,1,0
2020-05-13,Amador,005,37829,9,8,0,8,0
2020-05-13,Butte,007,227075,40,21,1,22,0
2020-05-13,Calaveras,009,45235,11,13,0,13,0
2020-05-13,Colusa,011,21464,3,3,0,3,0
2020-05-13,Contra Costa,013,1133247,1233,1082,0,1082,32
2020-05-13,Del Norte,015,27424,13,4,0,4,0
2020-05-13,El Dorado,017,186661,75,58,0,58,0
2020-05-13,Fresno,019,978130,1969,993,24,1017,10
2020-05-13,Glenn,021,27897,11,6,0,6,0
2020-05-13,Humboldt,023,135768,82,58,0,58,0
2020-05-13,Imperial,025,180216,1418,610,0,610,11
2020-05-13,Inyo,027,18085,19,20,0,20,1
2020-05-13,Kern,029,883053,1789,1390,3,1393,19
2020-05-13,Kings,031,150075,449,314,2,316,1
2020-05-13,Lake,033,64148,13,7,0,7,0
2020-05-13,Lassen,035,31185,1,0,2,2,0
2020-05-13,Los Angeles,037,10098052,42949,34574,20,34594,1643
2020-05-13,Madera,039,155013,136,69,1,70,2
2020-05-13,Marin,041,260295,302,278,1,279,14
2020-05-13,Mariposa,043,17540,15,15,0,15,0
2020-05-13,Mendocino,045,87422,14,10,0,10,0
2020-05-13,Merced,047,269075,287,176,0,176,3
2020-05-13,Modoc,049,8938,0,0,0,0,0
2020-05-13,Mono,051,14174,35,31,0,31,1
2020-05-13,Monterey,053,433212,375,309,0,309,6
2020-05-13,Napa,055,140530,100,81,0,81,3
2020-05-13,Nevada,057,99092,41,41,1,42,1
2020-05-13,Orange,059,3164182,5922,4025,34,4059,79
2020-05-13,Placer,061,380077,186,170,0,170,8
2020-05-13,Plumas,063,18699,4,4,0,4,0
2020-05-13,Riverside,065,2383286,6252,5204,9,5213,216
2020-05-13,Sacramento,067,1510023,1255,1173,0,1173,53
2020-05-13,San Benito,069,59416,59,55,0,55,2
2020-05-13,San Bernardino,071,2135413,3941,3064,3,3067,140
2020-05-13,San Diego,073,3302833,6346,5280,0,5280,194
2020-05-13,San Francisco,075,870044,2237,2004,0,2004,35
2020-05-13,San Joaquin,077,732212,729,639,3,642,31
2020-05-13,San Luis Obispo,079,281455,292,231,1,232,1
2020-05-13,San Mateo,081,765935,1838,1550,2,1552,66
2020-05-13,Santa Barbara,083,443738,1749,1382,3,1385,10
2020-05-13,Santa Clara,085,1922200,2808,2370,3,2373,132
2020-05-13,Santa Cruz,087,273765,162,142,0,142,2
2020-05-13,Shasta,089,179085,45,32,0,32,4
2020-05-13,Sierra,091,2930,0,0,0,0,0
2020-05-13,Siskiyou,093,43540,5,5,0,5,0
2020-05-13,Solano,095,438530,451,368,0,368,4
2020-05-13,Sonoma,097,501317,409,330,0,330,4
2020-05-13,Stanislaus,099,539301,600,521,4,525,15
2020-05-13,Sutter,101,95872,38,33,0,33,2
2020-05-13,Tehama,103,63373,3,1,0,1,1
2020-05-13,Trinity,105,12862,1,2,0,2,0
2020-05-13,Tulare,107,460477,1786,1283,3,1286,54
2020-05-13,Tuolumne,109,53932,2,2,0,2,0
2020-05-13,Ventura,111,848112,1056,742,0,742,25
2020-05-13,Yolo,113,214977,190,178,0,178,22
2020-05-13,Yuba,115,75493,24,19,0,19,1
2020-05-12,Alameda,001,1643700,2579,2146,0,2146,74
2020-05-12,Alpine,003,1148,1,1,0,1,0
2020-05-12,Amador,005,37829,9,8,0,8,0
2020-05-12,Butte,007,227075,38,20,1,21,0
2020-05-12,Calaveras,009,45235,10,13,0,13,0
2020-05-12,Colusa,011,21464,3,3,0,3,0
2020-05-12,Contra Costa,013,1133247,1202,1067,0,1067,32
2020-05-12,Del Norte,015,27424,10,3,0,3,0
2020-05-12,El Dorado,017,186661,72,56,0,56,0
2020-05-12,Fresno,019,978130,1886,978,24,1002,9
2020-05-12,Glenn,021,27897,10,6,0,6,0
2020-05-12,Humboldt,023,135768,79,58,0,58,0
2020-05-12,Imperial,025,180216,1287,602,0,602,9
2020-05-12,Inyo,027,18085,19,20,0,20,1
2020-05-12,Kern,029,883053,1748,1363,3,1366,18
2020-05-12,Kings,031,150075,428,302,2,304,1
2020-05-12,Lake,033,64148,13,7,0,7,0
2020-05-12,Lassen,035,31185,1,0,2,2,0
2020-05-12,Los Angeles,037,10098052,41954,33281,19,33300,1601
2020-05-12,Madera,039,155013,132,69,1,70,2
2020-05-12,Marin,041,260295,297,274,1,275,14
2020-05-12,Mariposa,043,17540,15,15,0,15,0
2020-05-12,Mendocino,045,87422,14,10,0,10,0
2020-05-12,Merced,047,269075,276,175,0,175,3
2020-05-12,Modoc,049,8938,0,0,0,0,0
2020-05-12,Mono,051,14174,35,31,0,31,1
2020-05-12,Monterey,053,433212,368,298,0,298,6
2020-05-12,Napa,055,140530,98,80,0,80,3
2020-05-12,Nevada,057,99092,41,41,1,42,1
2020-05-12,Orange,059,3164182,5739,3843,32,3875,78
2020-05-12,Placer,061,380077,185,170,0,170,8
2020-05-12,Plumas,063,18699,4,4,0,4,0
2020-05-12,Riverside,065,2383286,6130,5134,9,5143,210
2020-05-12,Sacramento,067,1510023,1235,1166,0,1166,52
2020-05-12,San Benito,069,59416,59,55,0,55,2
2020-05-12,San Bernardino,071,2135413,3790,2997,3,3000,131
2020-05-12,San Diego,073,3302833,6202,3,0,3,0
2020-05-12,San Francisco,075,870044,2202,1981,0,1981,35
2020-05-12,San Joaquin,077,732212,714,625,3,628,30
2020-05-12,San Luis Obispo,079,281455,289,226,1,227,1
2020-05-12,San Mateo,081,765935,1812,1533,2,1535,66
2020-05-12,Santa Barbara,083,443738,1709,1377,3,1380,10
2020-05-12,Santa Clara,085,1922200,2778,2362,3,2365,131
2020-05-12,Santa Cruz,087,273765,160,141,0,141,2
2020-05-12,Shasta,089,179085,44,33,0,33,4
2020-05-12,Sierra,091,2930,0,0,0,0,0
2020-05-12,Siskiyou,093,43540,5,5,0,5,0
2020-05-12,Solano,095,438530,443,361,0,361,4
2020-05-12,Sonoma,097,501317,386,308,0,308,4
2020-05-12,Stanislaus,099,539301,593,515,4,519,15
2020-05-12,Sutter,101,95872,38,33,0,33,2
2020-05-12,Tehama,103,63373,3,1,0,1,1
2020-05-12,Trinity,105,12862,1,1,0,1,0
2020-05-12,Tulare,107,460477,1756,1261,2,1263,52
2020-05-12,Tuolumne,109,53932,2,2,0,2,0
2020-05-12,Ventura,111,848112,1016,718,0,718,20
2020-05-12,Yolo,113,214977,189,176,0,176,22
2020-05-12,Yuba,115,75493,24,19,0,19,1
2020-05-11,Alameda,001,1643700,2529,2103,0,2103,71
2020-05-11,Alpine,003,1148,1,1,0,1,0
2020-05-11,Amador,005,37829,9,8,0,8,0
2020-05-11,Butte,007,227075,37,19,1,20,0
2020-05-11,Calaveras,009,45235,10,13,0,13,0
2020-05-11,Colusa,011,21464,3,3,0,3,0
2020-05-11,Contra Costa,013,1133247,1188,1052,0,1052,32
2020-05-11,Del Norte,015,27424,8,3,0,3,0
2020-05-11,El Dorado,017,186661,72,55,0,55,0
2020-05-11,Fresno,019,978130,1799,937,22,959,8
2020-05-11,Glenn,021,27897,10,6,0,6,0
2020-05-11,Humboldt,023,135768,76,56,0,56,0
2020-05-11,Imperial,025,180216,1181,562,0,562,9
2020-05-11,Inyo,027,18085,19,20,0,20,1
2020-05-11,Kern,029,883053,1696,1331,3,1334,17
2020-05-11,Kings,031,150075,405,289,1,290,1
2020-05-11,Lake,033,64148,12,7,0,7,0
2020-05-11,Lassen,035,31185,1,0,2,2,0
2020-05-11,Los Angeles,037,10098052,40775,32279,19,32298,1553
2020-05-11,Madera,039,155013,123,68,1,69,2
2020-05-11,Marin,041,260295,288,271,1,272,14
2020-05-11,Mariposa,043,17540,15,15,0,15,0
2020-05-11,Mendocino,045,87422,14,10,0,10,0
2020-05-11,Merced,047,269075,261,158,0,158,3
2020-05-11,Modoc,049,8938,0,0,0,0,0
2020-05-11,Mono,051,14174,35,30,0,30,1
2020-05-11,Monterey,053,433212,365,286,0,286,6
2020-05-11,Napa,055,140530,92,79,0,79,2
2020-05-11,Nevada,057,99092,41,41,1,42,1
2020-05-11,Orange,059,3164182,5530,3699,27,3726,77
2020-05-11,Placer,061,380077,185,170,0,170,8
2020-05-11,Plumas,063,18699,4,4,0,4,0
2020-05-11,Riverside,065,2383286,5973,5082,9,5091,203
2020-05-11,Sacramento,067,1510023,1220,1160,0,1160,52
2020-05-11,San Benito,069,59416,57,52,0,52,2
2020-05-11,San Bernardino,071,2135413,3680,2945,3,2948,124
2020-05-11,San Diego,073,3302833,6049,5067,0,5067,175
2020-05-11,San Francisco,075,870044,2155,1974,0,1974,35
2020-05-11,San Joaquin,077,732212,704,620,3,623,30
2020-05-11,San Luis Obispo,079,281455,287,224,1,225,1
2020-05-11,San Mateo,081,765935,1786,1499,2,1501,66
2020-05-11,Santa Barbara,083,443738,1687,1372,3,1375,10
2020-05-11,Santa Clara,085,1922200,2762,2340,3,2343,129
2020-05-11,Santa Cruz,087,273765,157,140,0,140,2
2020-05-11,Shasta,089,179085,44,31,0,31,4
2020-05-11,Sierra,091,2930,0,0,0,0,0
2020-05-11,Siskiyou,093,43540,5,5,0,5,0
2020-05-11,Solano,095,438530,438,354,0,354,4
2020-05-11,Sonoma,097,501317,376,303,0,303,3
2020-05-11,Stanislaus,099,539301,583,507,4,511,14
2020-05-11,Sutter,101,95872,37,32,0,32,2
2020-05-11,Tehama,103,63373,3,1,0,1,1
2020-05-11,Trinity,105,12862,1,1,0,1,0
2020-05-11,Tulare,107,460477,1707,1203,2,1205,49
2020-05-11,Tuolumne,109,53932,2,2,0,2,0
2020-05-11,Ventura,111,848112,971,698,0,698,19
2020-05-11,Yolo,113,214977,189,174,0,174,20
2020-05-11,Yuba,115,75493,24,18,0,18,1
2020-05-10,Alameda,001,1643700,2452,2047,0,2047,71
2020-05-10,Alpine,003,1148,1,1,0,1,0
2020-05-10,Amador,005,37829,9,8,0,8,0
2020-05-10,Butte,007,227075,33,18,1,19,0
2020-05-10,Calaveras,009,45235,10,13,0,13,0
2020-05-10,Colusa,011,21464,3,3,0,3,0
2020-05-10,Contra Costa,013,1133247,1174,1046,0,1046,31
2020-05-10,Del Norte,015,27424,7,3,0,3,0
2020-05-10,El Dorado,017,186661,72,55,0,55,0
2020-05-10,Fresno,019,978130,1717,894,22,916,8
2020-05-10,Glenn,021,27897,10,6,0,6,0
2020-05-10,Humboldt,023,135768,72,56,0,56,0
2020-05-10,Imperial,025,180216,1085,509,0,509,7
2020-05-10,Inyo,027,18085,19,20,0,20,1
2020-05-10,Kern,029,883053,1645,1300,2,1302,16
2020-05-10,Kings,031,150075,392,266,1,267,1
2020-05-10,Lake,033,64148,12,7,0,7,0
2020-05-10,Lassen,035,31185,1,0,2,2,0
2020-05-10,Los Angeles,037,10098052,39515,31711,19,31730,1514
2020-05-10,Madera,039,155013,121,65,1,66,2
2020-05-10,Marin,041,260295,280,267,1,268,14
2020-05-10,Mariposa,043,17540,15,15,0,15,0
2020-05-10,Mendocino,045,87422,13,10,0,10,0
2020-05-10,Merced,047,269075,246,154,0,154,3
2020-05-10,Modoc,049,8938,0,0,0,0,0
2020-05-10,Mono,051,14174,35,27,0,27,1
2020-05-10,Monterey,053,433212,351,282,0,282,6
2020-05-10,Napa,055,140530,86,79,0,79,2
2020-05-10,Nevada,057,99092,41,41,1,42,1
2020-05-10,Orange,059,3164182,5385,3627,27,3654,76
2020-05-10,Placer,061,380077,184,168,0,168,8
2020-05-10,Plumas,063,18699,4,4,0,4,0
2020-05-10,Riverside,065,2383286,5851,4951,9,4960,193
2020-05-10,Sacramento,067,1510023,1204,1152,0,1152,52
2020-05-10,San Benito,069,59416,57,52,0,52,2
2020-05-10,San Bernardino,071,2135413,3582,2910,3,2913,121
2020-05-10,San Diego,073,3302833,5897,4928,0,4928,175
2020-05-10,San Francisco,075,870044,2137,1953,0,1953,35
2020-05-10,San Joaquin,077,732212,689,611,3,614,29
2020-05-10,San Luis Obispo,079,281455,284,218,1,219,1
2020-05-10,San Mateo,081,765935,1764,1463,2,1465,65
2020-05-10,Santa Barbara,083,443738,1664,1323,3,1326,10
2020-05-10,Santa Clara,085,1922200,2737,2331,3,2334,129
2020-05-10,Santa Cruz,087,273765,156,139,0,139,2
2020-05-10,Shasta,089,179085,44,31,0,31,4
2020-05-10,Sierra,091,2930,0,0,0,0,0
2020-05-10,Siskiyou,093,43540,5,5,0,5,0
2020-05-10,Solano,095,438530,428,322,0,322,4
2020-05-10,Sonoma,097,501317,366,290,0,290,3
2020-05-10,Stanislaus,099,539301,576,498,4,502,14
2020-05-10,Sutter,101,95872,34,31,0,31,2
2020-05-10,Tehama,103,63373,3,1,0,1,1
2020-05-10,Trinity,105,12862,1,1,0,1,0
2020-05-10,Tulare,107,460477,1639,1143,2,1145,47
2020-05-10,Tuolumne,109,53932,2,2,0,2,0
2020-05-10,Ventura,111,848112,922,690,0,690,19
2020-05-10,Yolo,113,214977,189,173,0,173,20
2020-05-10,Yuba,115,75493,23,17,0,17,1
2020-05-09,Alameda,001,1643700,2409,2011,0,2011,71
2020-05-09,Alpine,003,1148,1,1,0,1,0
2020-05-09,Amador,005,37829,8,8,0,8,0
2020-05-09,Butte,007,227075,32,18,1,19,0
2020-05-09,Calaveras,009,45235,10,13,0,13,0
2020-05-09,Colusa,011,21464,3,3,0,3,0
2020-05-09,Contra Costa,013,1133247,1160,1039,0,1039,31
2020-05-09,Del Norte,015,27424,7,3,0,3,0
2020-05-09,El Dorado,017,186661,69,54,0,54,0
2020-05-09,Fresno,019,978130,1679,861,21,882,8
2020-05-09,Glenn,021,27897,9,6,0,6,0
2020-05-09,Humboldt,023,135768,70,55,0,55,0
2020-05-09,Imperial,025,180216,1029,474,0,474,7
2020-05-09,Inyo,027,18085,19,20,0,20,1
2020-05-09,Kern,029,883053,1609,1262,1,1263,15
2020-05-09,Kings,031,150075,387,264,1,265,1
2020-05-09,Lake,033,64148,12,7,0,7,0
2020-05-09,Lassen,035,31185,1,0,2,2,0
2020-05-09,Los Angeles,037,10098052,38893,31268,19,31287,1499
2020-05-09,Madera,039,155013,120,61,1,62,2
2020-05-09,Marin,041,260295,279,261,1,262,14
2020-05-09,Mariposa,043,17540,15,15,0,15,0
2020-05-09,Mendocino,045,87422,13,10,0,10,0
2020-05-09,Merced,047,269075,242,153,0,153,3
2020-05-09,Modoc,049,8938,0,0,0,0,0
2020-05-09,Mono,051,14174,35,27,0,27,1
2020-05-09,Monterey,053,433212,344,273,0,273,6
2020-05-09,Napa,055,140530,85,78,0,78,2
2020-05-09,Nevada,057,99092,41,41,1,42,1
2020-05-09,Orange,059,3164182,5303,3506,26,3532,75
2020-05-09,Placer,061,380077,183,168,0,168,8
2020-05-09,Plumas,063,18699,4,4,0,4,0
2020-05-09,Riverside,065,2383286,5757,4871,9,4880,183
2020-05-09,Sacramento,067,1510023,1200,1150,0,1150,52
2020-05-09,San Benito,069,59416,56,52,0,52,2
2020-05-09,San Bernardino,071,2135413,3526,2825,3,2828,121
2020-05-09,San Diego,073,3302833,5785,4778,0,4778,175
2020-05-09,San Francisco,075,870044,2122,1944,0,1944,34
2020-05-09,San Joaquin,077,732212,680,605,3,608,28
2020-05-09,San Luis Obispo,079,281455,280,213,1,214,1
2020-05-09,San Mateo,081,765935,1745,1453,2,1455,65
2020-05-09,Santa Barbara,083,443738,1651,1245,3,1248,10
2020-05-09,Santa Clara,085,1922200,2725,2317,3,2320,128
2020-05-09,Santa Cruz,087,273765,155,138,0,138,2
2020-05-09,Shasta,089,179085,44,31,0,31,4
2020-05-09,Sierra,091,2930,0,0,0,0,0
2020-05-09,Siskiyou,093,43540,5,5,0,5,0
2020-05-09,Solano,095,438530,422,321,0,321,4
2020-05-09,Sonoma,097,501317,362,288,0,288,3
2020-05-09,Stanislaus,099,539301,568,491,4,495,12
2020-05-09,Sutter,101,95872,34,31,0,31,2
2020-05-09,Tehama,103,63373,2,1,0,1,1
2020-05-09,Trinity,105,12862,1,1,0,1,0
2020-05-09,Tulare,107,460477,1611,1083,2,1085,47
2020-05-09,Tuolumne,109,53932,2,2,0,2,0
2020-05-09,Ventura,111,848112,901,679,0,679,19
2020-05-09,Yolo,113,214977,189,172,0,172,18
2020-05-09,Yuba,115,75493,23,17,0,17,1
2020-05-08,Alameda,001,1643700,2366,1955,0,1955,70
2020-05-08,Alpine,003,1148,1,1,0,1,0
2020-05-08,Amador,005,37829,8,8,0,8,0
2020-05-08,Butte,007,227075,32,18,1,19,0
2020-05-08,Calaveras,009,45235,10,13,0,13,0
2020-05-08,Colusa,011,21464,3,3,0,3,0
2020-05-08,Contra Costa,013,1133247,1148,1024,0,1024,29
2020-05-08,Del Norte,015,27424,7,3,0,3,0
2020-05-08,El Dorado,017,186661,68,54,0,54,0
2020-05-08,Fresno,019,978130,1642,838,20,858,8
2020-05-08,Glenn,021,27897,8,6,0,6,0
2020-05-08,Humboldt,023,135768,67,54,0,54,0
2020-05-08,Imperial,025,180216,983,467,0,467,7
2020-05-08,Inyo,027,18085,19,20,0,20,1
2020-05-08,Kern,029,883053,1578,1214,1,1215,13
2020-05-08,Kings,031,150075,378,236,1,237,1
2020-05-08,Lake,033,64148,12,7,0,7,0
2020-05-08,Lassen,035,31185,1,0,2,2,0
2020-05-08,Los Angeles,037,10098052,38162,30357,19,30376,1447
2020-05-08,Madera,039,155013,117,57,1,58,2
2020-05-08,Marin,041,260295,279,257,1,258,14
2020-05-08,Mariposa,043,17540,15,15,0,15,0
2020-05-08,Mendocino,045,87422,13,10,0,10,0
2020-05-08,Merced,047,269075,241,151,0,151,3
2020-05-08,Modoc,049,8938,0,0,0,0,0
2020-05-08,Mono,051,14174,32,27,0,27,1
2020-05-08,Monterey,053,433212,336,265,0,265,6
2020-05-08,Napa,055,140530,84,78,0,78,2
2020-05-08,Nevada,057,99092,41,41,1,42,1
2020-05-08,Orange,059,3164182,5159,3395,26,3421,72
2020-05-08,Placer,061,380077,181,166,0,166,8
2020-05-08,Plumas,063,18699,4,4,0,4,0
2020-05-08,Riverside,065,2383286,5659,4672,8,4680,181
2020-05-08,Sacramento,067,1510023,1195,1145,0,1145,51
2020-05-08,San Benito,069,59416,56,51,0,51,2
2020-05-08,San Bernardino,071,2135413,3478,2631,3,2634,119
2020-05-08,San Diego,073,3302833,5678,4664,0,4664,169
2020-05-08,San Francisco,075,870044,2104,1890,0,1890,33
2020-05-08,San Joaquin,077,732212,673,595,3,598,28
2020-05-08,San Luis Obispo,079,281455,277,210,1,211,1
2020-05-08,San Mateo,081,765935,1660,1423,2,1425,62
2020-05-08,Santa Barbara,083,443738,1638,1054,2,1056,8
2020-05-08,Santa Clara,085,1922200,2702,2285,3,2288,128
2020-05-08,Santa Cruz,087,273765,151,137,0,137,2
2020-05-08,Shasta,089,179085,44,31,0,31,4
2020-05-08,Sierra,091,2930,0,0,0,0,0
2020-05-08,Siskiyou,093,43540,5,5,0,5,0
2020-05-08,Solano,095,438530,417,314,0,314,4
2020-05-08,Sonoma,097,501317,357,285,0,285,3
2020-05-08,Stanislaus,099,539301,554,487,4,491,12
2020-05-08,Sutter,101,95872,34,30,0,30,2
2020-05-08,Tehama,103,63373,2,1,0,1,1
2020-05-08,Trinity,105,12862,1,0,0,0,0
2020-05-08,Tulare,107,460477,1566,1050,2,1052,43
2020-05-08,Tuolumne,109,53932,2,2,0,2,0
2020-05-08,Ventura,111,848112,883,665,0,665,19
2020-05-08,Yolo,113,214977,188,172,0,172,18
2020-05-08,Yuba,115,75493,22,16,0,16,1
2020-05-07,Alameda,001,1643700,2306,1914,0,1914,68
2020-05-07,Alpine,003,1148,1,1,0,1,0
2020-05-07,Amador,005,37829,8,8,0,8,0
2020-05-07,Butte,007,227075,32,19,1,20,0
2020-05-07,Calaveras,009,45235,10,13,0,13,0
2020-05-07,Colusa,011,21464,3,3,0,3,0
2020-05-07,Contra Costa,013,1133247,1134,1005,0,1005,29
2020-05-07,Del Norte,015,27424,6,3,0,3,0
2020-05-07,El Dorado,017,186661,67,54,0,54,0
2020-05-07,Fresno,019,978130,1562,812,19,831,8
2020-05-07,Glenn,021,27897,8,5,0,5,0
2020-05-07,Humboldt,023,135768,66,54,0,54,0
2020-05-07,Imperial,025,180216,920,442,0,442,6
2020-05-07,Inyo,027,18085,19,20,0,20,1
2020-05-07,Kern,029,883053,1534,1176,1,1177,13
2020-05-07,Kings,031,150075,356,219,1,220,1
2020-05-07,Lake,033,64148,11,7,0,7,0
2020-05-07,Lassen,035,31185,1,0,2,2,0
2020-05-07,Los Angeles,037,10098052,37040,29544,19,29563,1399
2020-05-07,Madera,039,155013,113,54,1,55,2
2020-05-07,Marin,041,260295,272,252,1,253,14
2020-05-07,Mariposa,043,17540,15,15,0,15,0
2020-05-07,Mendocino,045,87422,13,10,0,10,0
2020-05-07,Merced,047,269075,233,146,0,146,3
2020-05-07,Modoc,049,8938,0,0,0,0,0
2020-05-07,Mono,051,14174,32,26,0,26,1
2020-05-07,Monterey,053,433212,328,249,0,249,6
2020-05-07,Napa,055,140530,84,78,0,78,2
2020-05-07,Nevada,057,99092,41,41,1,42,1
2020-05-07,Orange,059,3164182,4976,3283,25,3308,69
2020-05-07,Placer,061,380077,181,165,0,165,8
2020-05-07,Plumas,063,18699,4,4,0,4,0
2020-05-07,Riverside,065,2383286,5543,4608,8,4616,170
2020-05-07,Sacramento,067,1510023,1189,1139,0,1139,50
2020-05-07,San Benito,069,59416,56,50,0,50,2
2020-05-07,San Bernardino,071,2135413,3386,2522,3,2525,115
2020-05-07,San Diego,073,3302833,5521,4431,0,4431,165
2020-05-07,San Francisco,075,870044,2073,1852,0,1852,33
2020-05-07,San Joaquin,077,732212,660,583,3,586,28
2020-05-07,San Luis Obispo,079,281455,266,209,1,210,1
2020-05-07,San Mateo,081,765935,1638,1398,2,1400,58
2020-05-07,Santa Barbara,083,443738,1606,720,2,722,8
2020-05-07,Santa Clara,085,1922200,2665,2281,3,2284,127
2020-05-07,Santa Cruz,087,273765,148,136,0,136,2
2020-05-07,Shasta,089,179085,43,31,0,31,4
2020-05-07,Sierra,091,2930,0,0,0,0,0
2020-05-07,Siskiyou,093,43540,5,5,0,5,0
2020-05-07,Solano,095,438530,411,307,0,307,4
2020-05-07,Sonoma,097,501317,345,282,0,282,3
2020-05-07,Stanislaus,099,539301,545,466,4,470,10
2020-05-07,Sutter,101,95872,34,29,0,29,2
2020-05-07,Tehama,103,63373,2,1,0,1,1
2020-05-07,Trinity,105,12862,1,0,0,0,0
2020-05-07,Tulare,107,460477,1500,1001,2,1003,41
2020-05-07,Tuolumne,109,53932,2,2,0,2,0
2020-05-07,Ventura,111,848112,861,647,0,647,19
2020-05-07,Yolo,113,214977,187,172,0,172,18
2020-05-07,Yuba,115,75493,22,16,0,16,1
2020-05-06,Alameda,001,1643700,2268,1864,0,1864,67
2020-05-06,Alpine,003,1148,1,1,0,1,0
2020-05-06,Amador,005,37829,8,8,0,8,0
2020-05-06,Butte,007,227075,31,19,1,20,0
2020-05-06,Calaveras,009,45235,10,13,0,13,0
2020-05-06,Colusa,011,21464,3,3,0,3,0
2020-05-06,Contra Costa,013,1133247,1113,990,0,990,29
2020-05-06,Del Norte,015,27424,6,3,0,3,0
2020-05-06,El Dorado,017,186661,65,53,0,53,0
2020-05-06,Fresno,019,978130,1501,773,17,790,8
2020-05-06,Glenn,021,27897,8,3,0,3,0
2020-05-06,Humboldt,023,135768,65,54,0,54,0
2020-05-06,Imperial,025,180216,852,399,0,399,6
2020-05-06,Inyo,027,18085,19,20,0,20,1
2020-05-06,Kern,029,883053,1479,1112,1,1113,12
2020-05-06,Kings,031,150075,338,208,1,209,1
2020-05-06,Lake,033,64148,11,7,0,7,0
2020-05-06,Lassen,035,31185,1,0,2,2,0
2020-05-06,Los Angeles,037,10098052,36035,28687,19,28706,1347
2020-05-06,Madera,039,155013,111,55,1,56,2
2020-05-06,Marin,041,260295,265,244,1,245,14
2020-05-06,Mariposa,043,17540,15,14,0,14,0
2020-05-06,Mendocino,045,87422,13,10,0,10,0
2020-05-06,Merced,047,269075,226,140,0,140,3
2020-05-06,Modoc,049,8938,0,0,0,0,0
2020-05-06,Mono,051,14174,32,26,0,26,1
2020-05-06,Monterey,053,433212,320,246,0,246,6
2020-05-06,Napa,055,140530,83,78,0,78,2
2020-05-06,Nevada,057,99092,41,41,1,42,1
2020-05-06,Orange,059,3164182,4792,3156,24,3180,66
2020-05-06,Placer,061,380077,178,164,0,164,8
2020-05-06,Plumas,063,18699,4,4,0,4,0
2020-05-06,Riverside,065,2383286,5399,4535,8,4543,163
2020-05-06,Sacramento,067,1510023,1183,1135,0,1135,49
2020-05-06,San Benito,069,59416,55,50,0,50,2
2020-05-06,San Bernardino,071,2135413,3264,2426,2,2428,110
2020-05-06,San Diego,073,3302833,5388,4321,0,4321,158
2020-05-06,San Francisco,075,870044,2048,1804,0,1804,32
2020-05-06,San Joaquin,077,732212,647,581,3,584,28
2020-05-06,San Luis Obispo,079,281455,263,207,1,208,1
2020-05-06,San Mateo,081,765935,1607,1348,2,1350,57
2020-05-06,Santa Barbara,083,443738,1557,565,2,567,8
2020-05-06,Santa Clara,085,1922200,2649,2270,3,2273,127
2020-05-06,Santa Cruz,087,273765,144,135,0,135,2
2020-05-06,Shasta,089,179085,43,31,0,31,4
2020-05-06,Sierra,091,2930,0,0,0,0,0
2020-05-06,Siskiyou,093,43540,5,5,0,5,0
2020-05-06,Solano,095,438530,401,300,0,300,4
2020-05-06,Sonoma,097,501317,329,269,0,269,3
2020-05-06,Stanislaus,099,539301,529,434,4,438,9
2020-05-06,Sutter,101,95872,34,29,0,29,2
2020-05-06,Tehama,103,63373,2,1,0,1,1
2020-05-06,Trinity,105,12862,1,0,0,0,0
2020-05-06,Tulare,107,460477,1452,963,2,965,40
2020-05-06,Tuolumne,109,53932,2,2,0,2,0
2020-05-06,Ventura,111,848112,836,619,0,619,19
2020-05-06,Yolo,113,214977,186,172,0,172,18
2020-05-06,Yuba,115,75493,22,15,0,15,1
2020-05-05,Alameda,001,1643700,2225,1819,0,1819,67
2020-05-05,Alpine,003,1148,1,1,0,1,0
2020-05-05,Amador,005,37829,8,8,0,8,0
2020-05-05,Butte,007,227075,30,19,1,20,0
2020-05-05,Calaveras,009,45235,10,13,0,13,0
2020-05-05,Colusa,011,21464,3,3,0,3,0
2020-05-05,Contra Costa,013,1133247,1095,976,0,976,29
2020-05-05,Del Norte,015,27424,6,3,0,3,0
2020-05-05,El Dorado,017,186661,63,54,0,54,0
2020-05-05,Fresno,019,978130,1427,726,15,741,8
2020-05-05,Glenn,021,27897,8,3,0,3,0
2020-05-05,Humboldt,023,135768,62,54,0,54,0
2020-05-05,Imperial,025,180216,797,389,0,389,6
2020-05-05,Inyo,027,18085,19,20,0,20,1
2020-05-05,Kern,029,883053,1428,1084,1,1085,11
2020-05-05,Kings,031,150075,322,187,1,188,1
2020-05-05,Lake,033,64148,10,7,0,7,0
2020-05-05,Lassen,035,31185,1,0,2,2,0
2020-05-05,Los Angeles,037,10098052,34965,27867,19,27886,1289
2020-05-05,Madera,039,155013,108,53,1,54,2
2020-05-05,Marin,041,260295,259,244,1,245,14
2020-05-05,Mariposa,043,17540,15,14,0,14,0
2020-05-05,Mendocino,045,87422,13,10,0,10,0
2020-05-05,Merced,047,269075,221,141,0,141,3
2020-05-05,Modoc,049,8938,0,0,0,0,0
2020-05-05,Mono,051,14174,32,25,0,25,1
2020-05-05,Monterey,053,433212,306,240,0,240,6
2020-05-05,Napa,055,140530,83,74,0,74,2
2020-05-05,Nevada,057,99092,41,41,1,42,1
2020-05-05,Orange,059,3164182,4670,3041,24,3065,63
2020-05-05,Placer,061,380077,178,162,0,162,8
2020-05-05,Plumas,063,18699,4,4,0,4,0
2020-05-05,Riverside,065,2383286,5289,4309,8,4317,161
2020-05-05,Sacramento,067,1510023,1176,1125,0,1125,48
2020-05-05,San Benito,069,59416,54,50,0,50,2
2020-05-05,San Bernardino,071,2135413,3171,2345,2,2347,104
2020-05-05,San Diego,073,3302833,5245,4162,0,4162,150
2020-05-05,San Francisco,075,870044,2013,1779,0,1779,31
2020-05-05,San Joaquin,077,732212,638,577,3,580,26
2020-05-05,San Luis Obispo,079,281455,262,203,1,204,1
2020-05-05,San Mateo,081,765935,1575,1335,2,1337,56
2020-05-05,Santa Barbara,083,443738,1331,541,2,543,7
2020-05-05,Santa Clara,085,1922200,2605,2249,3,2252,124
2020-05-05,Santa Cruz,087,273765,140,134,0,134,2
2020-05-05,Shasta,089,179085,42,31,0,31,4
2020-05-05,Sierra,091,2930,0,0,0,0,0
2020-05-05,Siskiyou,093,43540,5,5,0,5,0
2020-05-05,Solano,095,438530,385,299,0,299,4
2020-05-05,Sonoma,097,501317,326,263,0,263,3
2020-05-05,Stanislaus,099,539301,517,430,4,434,9
2020-05-05,Sutter,101,95872,34,29,0,29,2
2020-05-05,Tehama,103,63373,2,1,0,1,1
2020-05-05,Trinity,105,12862,1,0,0,0,0
2020-05-05,Tulare,107,460477,1363,869,2,871,40
2020-05-05,Tuolumne,109,53932,2,2,0,2,0
2020-05-05,Ventura,111,848112,813,607,0,607,19
2020-05-05,Yolo,113,214977,184,171,0,171,18
2020-05-05,Yuba,115,75493,22,15,0,15,1
2020-05-04,Alameda,001,1643700,2166,1762,0,1762,65
2020-05-04,Alpine,003,1148,1,1,0,1,0
2020-05-04,Amador,005,37829,7,8,0,8,0
2020-05-04,Butte,007,227075,29,16,1,17,0
2020-05-04,Calaveras,009,45235,10,13,0,13,0
2020-05-04,Colusa,011,21464,3,3,0,3,0
2020-05-04,Contra Costa,013,1133247,1077,949,0,949,28
2020-05-04,Del Norte,015,27424,5,3,0,3,0
2020-05-04,El Dorado,017,186661,62,51,0,51,0
2020-05-04,Fresno,019,978130,1359,680,14,694,8
2020-05-04,Glenn,021,27897,8,4,0,4,0
2020-05-04,Humboldt,023,135768,60,54,0,54,0
2020-05-04,Imperial,025,180216,744,351,0,351,6
2020-05-04,Inyo,027,18085,19,20,0,20,1
2020-05-04,Kern,029,883053,1387,1047,1,1048,8
2020-05-04,Kings,031,150075,305,153,1,154,1
2020-05-04,Lake,033,64148,9,7,0,7,0
2020-05-04,Lassen,035,31185,1,0,2,2,0
2020-05-04,Los Angeles,037,10098052,33663,26243,18,26261,1235
2020-05-04,Madera,039,155013,107,52,1,53,2
2020-05-04,Marin,041,260295,254,244,1,245,13
2020-05-04,Mariposa,043,17540,15,13,0,13,0
2020-05-04,Mendocino,045,87422,13,10,0,10,0
2020-05-04,Merced,047,269075,221,138,0,138,3
2020-05-04,Modoc,049,8938,0,0,0,0,0
2020-05-04,Mono,051,14174,32,25,0,25,1
2020-05-04,Monterey,053,433212,295,237,0,237,6
2020-05-04,Napa,055,140530,83,72,0,72,2
2020-05-04,Nevada,057,99092,41,41,1,42,1
2020-05-04,Orange,059,3164182,4530,2931,21,2952,57
2020-05-04,Placer,061,380077,176,162,0,162,8
2020-05-04,Plumas,063,18699,4,4,0,4,0
2020-05-04,Riverside,065,2383286,5196,4221,8,4229,147
2020-05-04,Sacramento,067,1510023,1166,1119,0,1119,44
2020-05-04,San Benito,069,59416,52,49,0,49,2
2020-05-04,San Bernardino,071,2135413,3029,2184,2,2186,99
2020-05-04,San Diego,073,3302833,5104,4022,0,4022,144
2020-05-04,San Francisco,075,870044,1975,1760,0,1760,31
2020-05-04,San Joaquin,077,732212,624,574,3,577,26
2020-05-04,San Luis Obispo,079,281455,259,202,1,203,1
2020-05-04,San Mateo,081,765935,1550,1313,2,1315,53
2020-05-04,Santa Barbara,083,443738,1072,524,2,526,7
2020-05-04,Santa Clara,085,1922200,2592,2238,3,2241,119
2020-05-04,Santa Cruz,087,273765,139,133,0,133,2
2020-05-04,Shasta,089,179085,40,31,0,31,4
2020-05-04,Sierra,091,2930,0,0,0,0,0
2020-05-04,Siskiyou,093,43540,5,5,0,5,0
2020-05-04,Solano,095,438530,371,293,0,293,4
2020-05-04,Sonoma,097,501317,312,256,0,256,4
2020-05-04,Stanislaus,099,539301,511,422,4,426,8
2020-05-04,Sutter,101,95872,31,28,0,28,2
2020-05-04,Tehama,103,63373,2,1,0,1,1
2020-05-04,Trinity,105,12862,0,0,0,0,0
2020-05-04,Tulare,107,460477,1286,760,2,762,40
2020-05-04,Tuolumne,109,53932,2,3,0,3,0
2020-05-04,Ventura,111,848112,793,590,0,590,19
2020-05-04,Yolo,113,214977,183,171,0,171,18
2020-05-04,Yuba,115,75493,19,16,0,16,1
2020-05-03,Alameda,001,1643700,2110,1731,0,1731,64
2020-05-03,Alpine,003,1148,1,1,0,1,0
2020-05-03,Amador,005,37829,7,8,0,8,0
2020-05-03,Butte,007,227075,29,17,1,18,0
2020-05-03,Calaveras,009,45235,10,13,0,13,0
2020-05-03,Colusa,011,21464,3,3,0,3,0
2020-05-03,Contra Costa,013,1133247,1061,945,0,945,28
2020-05-03,Del Norte,015,27424,5,3,0,3,0
2020-05-03,El Dorado,017,186661,60,49,0,49,0
2020-05-03,Fresno,019,978130,1267,646,12,658,8
2020-05-03,Glenn,021,27897,7,5,0,5,0
2020-05-03,Humboldt,023,135768,59,54,0,54,0
2020-05-03,Imperial,025,180216,687,351,0,351,6
2020-05-03,Inyo,027,18085,19,20,0,20,1
2020-05-03,Kern,029,883053,1332,1025,1,1026,8
2020-05-03,Kings,031,150075,285,137,1,138,1
2020-05-03,Lake,033,64148,9,7,0,7,0
2020-05-03,Lassen,035,31185,1,0,2,2,0
2020-05-03,Los Angeles,037,10098052,32680,25708,18,25726,1210
2020-05-03,Madera,039,155013,100,46,1,47,2
2020-05-03,Marin,041,260295,249,243,1,244,13
2020-05-03,Mariposa,043,17540,15,13,0,13,0
2020-05-03,Mendocino,045,87422,13,10,0,10,0
2020-05-03,Merced,047,269075,213,134,0,134,3
2020-05-03,Modoc,049,8938,0,0,0,0,0
2020-05-03,Mono,051,14174,32,25,0,25,1
2020-05-03,Monterey,053,433212,286,235,0,235,6
2020-05-03,Napa,055,140530,83,72,0,72,2
2020-05-03,Nevada,057,99092,41,41,1,42,1
2020-05-03,Orange,059,3164182,4357,2859,20,2879,55
2020-05-03,Placer,061,380077,176,161,0,161,8
2020-05-03,Plumas,063,18699,4,4,0,4,0
2020-05-03,Riverside,065,2383286,5091,4034,8,4042,139
2020-05-03,Sacramento,067,1510023,1157,1109,0,1109,43
2020-05-03,San Benito,069,59416,52,49,0,49,2
2020-05-03,San Bernardino,071,2135413,2968,2123,2,2125,99
2020-05-03,San Diego,073,3302833,4967,3929,0,3929,142
2020-05-03,San Francisco,075,870044,1947,1692,0,1692,30
2020-05-03,San Joaquin,077,732212,617,570,3,573,26
2020-05-03,San Luis Obispo,079,281455,256,200,1,201,1
2020-05-03,San Mateo,081,765935,1522,1277,2,1279,53
2020-05-03,Santa Barbara,083,443738,704,512,2,514,7
2020-05-03,Santa Clara,085,1922200,2565,2235,3,2238,116
2020-05-03,Santa Cruz,087,273765,139,133,0,133,2
2020-05-03,Shasta,089,179085,38,31,0,31,4
2020-05-03,Sierra,091,2930,0,0,0,0,0
2020-05-03,Siskiyou,093,43540,5,5,0,5,0
2020-05-03,Solano,095,438530,361,266,0,266,4
2020-05-03,Sonoma,097,501317,303,254,0,254,4
2020-05-03,Stanislaus,099,539301,483,411,4,415,8
2020-05-03,Sutter,101,95872,30,28,0,28,2
2020-05-03,Tehama,103,63373,2,1,0,1,1
2020-05-03,Trinity,105,12862,0,0,0,0,0
2020-05-03,Tulare,107,460477,1208,736,2,738,40
2020-05-03,Tuolumne,109,53932,2,3,0,3,0
2020-05-03,Ventura,111,848112,762,583,0,583,19
2020-05-03,Yolo,113,214977,182,171,0,171,18
2020-05-03,Yuba,115,75493,19,16,0,16,1
2020-05-02,Alameda,001,1643700,2073,1678,0,1678,63
2020-05-02,Alpine,003,1148,1,1,0,1,0
2020-05-02,Amador,005,37829,7,8,0,8,0
2020-05-02,Butte,007,227075,29,17,1,18,0
2020-05-02,Calaveras,009,45235,10,13,0,13,0
2020-05-02,Colusa,011,21464,3,3,0,3,0
2020-05-02,Contra Costa,013,1133247,1044,929,0,929,28
2020-05-02,Del Norte,015,27424,5,3,0,3,0
2020-05-02,El Dorado,017,186661,60,47,0,47,0
2020-05-02,Fresno,019,978130,1243,629,11,640,8
2020-05-02,Glenn,021,27897,7,5,0,5,0
2020-05-02,Humboldt,023,135768,59,54,0,54,0
2020-05-02,Imperial,025,180216,660,345,0,345,6
2020-05-02,Inyo,027,18085,19,20,0,20,1
2020-05-02,Kern,029,883053,1306,1007,1,1008,8
2020-05-02,Kings,031,150075,282,120,1,121,1
2020-05-02,Lake,033,64148,9,7,0,7,0
2020-05-02,Lassen,035,31185,1,0,2,2,0
2020-05-02,Los Angeles,037,10098052,32151,24955,18,24973,1192
2020-05-02,Madera,039,155013,100,46,1,47,2
2020-05-02,Marin,041,260295,248,243,1,244,13
2020-05-02,Mariposa,043,17540,15,13,0,13,0
2020-05-02,Mendocino,045,87422,13,10,0,10,0
2020-05-02,Merced,047,269075,210,131,0,131,3
2020-05-02,Modoc,049,8938,0,0,0,0,0
2020-05-02,Mono,051,14174,32,25,0,25,1
2020-05-02,Monterey,053,433212,280,225,0,225,5
2020-05-02,Napa,055,140530,83,71,0,71,2
2020-05-02,Nevada,057,99092,41,41,1,42,1
2020-05-02,Orange,059,3164182,4243,2774,20,2794,52
2020-05-02,Placer,061,380077,174,150,0,150,8
2020-05-02,Plumas,063,18699,4,4,0,4,0
2020-05-02,Riverside,065,2383286,5025,3997,8,4005,137
2020-05-02,Sacramento,067,1510023,1154,1097,0,1097,43
2020-05-02,San Benito,069,59416,52,49,0,49,2
2020-05-02,San Bernardino,071,2135413,2929,2124,2,2126,99
2020-05-02,San Diego,073,3302833,4865,3844,0,3844,138
2020-05-02,San Francisco,075,870044,1924,1632,0,1632,29
2020-05-02,San Joaquin,077,732212,609,559,3,562,25
2020-05-02,San Luis Obispo,079,281455,250,193,1,194,1
2020-05-02,San Mateo,081,765935,1506,1272,2,1274,52
2020-05-02,Santa Barbara,083,443738,691,506,2,508,7
2020-05-02,Santa Clara,085,1922200,2555,2203,3,2206,115
2020-05-02,Santa Cruz,087,273765,138,131,0,131,2
2020-05-02,Shasta,089,179085,38,31,0,31,4
2020-05-02,Sierra,091,2930,0,0,0,0,0
2020-05-02,Siskiyou,093,43540,5,5,0,5,0
2020-05-02,Solano,095,438530,354,267,0,267,4
2020-05-02,Sonoma,097,501317,300,250,0,250,3
2020-05-02,Stanislaus,099,539301,475,388,4,392,8
2020-05-02,Sutter,101,95872,30,28,0,28,2
2020-05-02,Tehama,103,63373,2,1,0,1,1
2020-05-02,Trinity,105,12862,0,0,0,0,0
2020-05-02,Tulare,107,460477,1167,711,2,713,35
2020-05-02,Tuolumne,109,53932,2,3,0,3,0
2020-05-02,Ventura,111,848112,748,564,0,564,19
2020-05-02,Yolo,113,214977,182,169,0,169,17
2020-05-02,Yuba,115,75493,19,16,0,16,1
2020-05-01,Alameda,001,1643700,2035,1630,0,1630,63
2020-05-01,Alpine,003,1148,1,1,0,1,0
2020-05-01,Amador,005,37829,7,8,0,8,0
2020-05-01,Butte,007,227075,29,17,1,18,0
2020-05-01,Calaveras,009,45235,10,13,0,13,0
2020-05-01,Colusa,011,21464,3,3,0,3,0
2020-05-01,Contra Costa,013,1133247,1030,915,0,915,28
2020-05-01,Del Norte,015,27424,5,3,0,3,0
2020-05-01,El Dorado,017,186661,60,47,0,47,0
2020-05-01,Fresno,019,978130,1212,617,11,628,7
2020-05-01,Glenn,021,27897,7,4,0,4,0
2020-05-01,Humboldt,023,135768,59,54,0,54,0
2020-05-01,Imperial,025,180216,623,337,0,337,6
2020-05-01,Inyo,027,18085,19,20,0,20,1
2020-05-01,Kern,029,883053,1279,972,1,973,8
2020-05-01,Kings,031,150075,265,112,1,113,1
2020-05-01,Lake,033,64148,9,6,0,6,0
2020-05-01,Lassen,035,31185,1,0,2,2,0
2020-05-01,Los Angeles,037,10098052,31396,24306,18,24324,1155
2020-05-01,Madera,039,155013,96,46,1,47,2
2020-05-01,Marin,041,260295,248,242,1,243,13
2020-05-01,Mariposa,043,17540,15,10,0,10,0
2020-05-01,Mendocino,045,87422,13,11,0,11,0
2020-05-01,Merced,047,269075,207,131,0,131,3
2020-05-01,Modoc,049,8938,0,0,0,0,0
2020-05-01,Mono,051,14174,32,25,0,25,1
2020-05-01,Monterey,053,433212,276,222,0,222,5
2020-05-01,Napa,055,140530,83,69,0,69,2
2020-05-01,Nevada,057,99092,41,41,1,42,1
2020-05-01,Orange,059,3164182,4164,2660,19,2679,51
2020-05-01,Placer,061,380077,173,149,0,149,8
2020-05-01,Plumas,063,18699,4,4,0,4,0
2020-05-01,Riverside,065,2383286,4961,3893,8,3901,132
2020-05-01,Sacramento,067,1510023,1149,1081,0,1081,43
2020-05-01,San Benito,069,59416,52,49,0,49,2
2020-05-01,San Bernardino,071,2135413,2874,2084,2,2086,98
2020-05-01,San Diego,073,3302833,4775,3713,0,3713,134
2020-05-01,San Francisco,075,870044,1880,1552,0,1552,29
2020-05-01,San Joaquin,077,732212,605,554,3,557,25
2020-05-01,San Luis Obispo,079,281455,247,186,1,187,1
2020-05-01,San Mateo,081,765935,1484,1222,2,1224,52
2020-05-01,Santa Barbara,083,443738,682,499,2,501,7
2020-05-01,Santa Clara,085,1922200,2543,2176,3,2179,112
2020-05-01,Santa Cruz,087,273765,138,127,0,127,2
2020-05-01,Shasta,089,179085,38,31,0,31,4
2020-05-01,Sierra,091,2930,0,0,0,0,0
2020-05-01,Siskiyou,093,43540,5,5,0,5,0
2020-05-01,Solano,095,438530,346,266,0,266,4
2020-05-01,Sonoma,097,501317,297,242,0,242,3
2020-05-01,Stanislaus,099,539301,470,384,4,388,8
2020-05-01,Sutter,101,95872,30,28,0,28,2
2020-05-01,Tehama,103,63373,2,1,0,1,1
2020-05-01,Trinity,105,12862,0,0,0,0,0
2020-05-01,Tulare,107,460477,1123,685,2,687,32
2020-05-01,Tuolumne,109,53932,2,3,0,3,0
2020-05-01,Ventura,111,848112,735,556,0,556,18
2020-05-01,Yolo,113,214977,182,165,0,165,18
2020-05-01,Yuba,115,75493,19,16,0,16,1
2020-04-30,Alameda,001,1643700,1975,1599,0,1599,60
2020-04-30,Alpine,003,1148,1,1,0,1,0
2020-04-30,Amador,005,37829,7,8,0,8,0
2020-04-30,Butte,007,227075,28,16,1,17,0
2020-04-30,Calaveras,009,45235,10,13,0,13,0
2020-04-30,Colusa,011,21464,3,3,0,3,0
2020-04-30,Contra Costa,013,1133247,1008,900,0,900,25
2020-04-30,Del Norte,015,27424,4,3,0,3,0
2020-04-30,El Dorado,017,186661,60,44,0,44,0
2020-04-30,Fresno,019,978130,1148,562,8,570,7
2020-04-30,Glenn,021,27897,7,4,0,4,0
2020-04-30,Humboldt,023,135768,59,54,0,54,0
2020-04-30,Imperial,025,180216,577,322,0,322,6
2020-04-30,Inyo,027,18085,19,20,0,20,1
2020-04-30,Kern,029,883053,1247,941,1,942,8
2020-04-30,Kings,031,150075,253,87,1,88,1
2020-04-30,Lake,033,64148,9,6,0,6,0
2020-04-30,Lassen,035,31185,1,0,2,2,0
2020-04-30,Los Angeles,037,10098052,30389,23284,18,23302,1099
2020-04-30,Madera,039,155013,85,46,1,47,2
2020-04-30,Marin,041,260295,248,240,1,241,13
2020-04-30,Mariposa,043,17540,15,3,0,3,0
2020-04-30,Mendocino,045,87422,13,11,0,11,0
2020-04-30,Merced,047,269075,200,122,0,122,3
2020-04-30,Modoc,049,8938,0,0,0,0,0
2020-04-30,Mono,051,14174,31,25,0,25,1
2020-04-30,Monterey,053,433212,266,213,0,213,5
2020-04-30,Napa,055,140530,81,69,0,69,2
2020-04-30,Nevada,057,99092,41,41,1,42,1
2020-04-30,Orange,059,3164182,3947,2591,17,2608,46
2020-04-30,Placer,061,380077,172,148,0,148,8
2020-04-30,Plumas,063,18699,4,4,0,4,0
2020-04-30,Riverside,065,2383286,4861,3820,7,3827,124
2020-04-30,Sacramento,067,1510023,1143,1071,0,1071,43
2020-04-30,San Benito,069,59416,52,48,0,48,2
2020-04-30,San Bernardino,071,2135413,2673,2020,2,2022,96
2020-04-30,San Diego,073,3302833,4604,3566,0,3566,124
2020-04-30,San Francisco,075,870044,1846,1518,0,1518,26
2020-04-30,San Joaquin,077,732212,598,548,3,551,25
2020-04-30,San Luis Obispo,079,281455,244,182,1,183,1
2020-04-30,San Mateo,081,765935,1454,1194,2,1196,52
2020-04-30,Santa Barbara,083,443738,660,490,2,492,7
2020-04-30,Santa Clara,085,1922200,2506,2172,3,2175,111
2020-04-30,Santa Cruz,087,273765,137,126,0,126,2
2020-04-30,Shasta,089,179085,37,31,0,31,4
2020-04-30,Sierra,091,2930,0,0,0,0,0
2020-04-30,Siskiyou,093,43540,5,5,0,5,0
2020-04-30,Solano,095,438530,336,262,0,262,4
2020-04-30,Sonoma,097,501317,288,233,0,233,3
2020-04-30,Stanislaus,099,539301,463,378,4,382,7
2020-04-30,Sutter,101,95872,30,28,0,28,2
2020-04-30,Tehama,103,63373,1,1,0,1,1
2020-04-30,Trinity,105,12862,0,0,0,0,0
2020-04-30,Tulare,107,460477,1060,637,2,639,31
2020-04-30,Tuolumne,109,53932,2,3,0,3,0
2020-04-30,Ventura,111,848112,707,547,0,547,18
2020-04-30,Yolo,113,214977,181,164,0,164,16
2020-04-30,Yuba,115,75493,19,15,0,15,1
2020-04-29,Alameda,001,1643700,1917,1564,0,1564,60
2020-04-29,Alpine,003,1148,1,1,0,1,0
2020-04-29,Amador,005,37829,7,8,0,8,0
2020-04-29,Butte,007,227075,28,16,1,17,0
2020-04-29,Calaveras,009,45235,10,13,0,13,0
2020-04-29,Colusa,011,21464,3,3,0,3,0
2020-04-29,Contra Costa,013,1133247,989,885,0,885,25
2020-04-29,Del Norte,015,27424,4,3,0,3,0
2020-04-29,El Dorado,017,186661,58,44,0,44,0
2020-04-29,Fresno,019,978130,1096,544,8,552,7
2020-04-29,Glenn,021,27897,7,4,0,4,0
2020-04-29,Humboldt,023,135768,59,53,0,53,0
2020-04-29,Imperial,025,180216,548,300,0,300,6
2020-04-29,Inyo,027,18085,19,20,0,20,1
2020-04-29,Kern,029,883053,1204,910,1,911,6
2020-04-29,Kings,031,150075,234,80,1,81,1
2020-04-29,Lake,033,64148,9,6,0,6,0
2020-04-29,Lassen,035,31185,1,0,2,2,0
2020-04-29,Los Angeles,037,10098052,29411,22560,18,22578,1043
2020-04-29,Madera,039,155013,84,45,1,46,2
2020-04-29,Marin,041,260295,245,234,1,235,13
2020-04-29,Mariposa,043,17540,15,1,0,1,0
2020-04-29,Mendocino,045,87422,13,11,0,11,0
2020-04-29,Merced,047,269075,193,116,0,116,3
2020-04-29,Modoc,049,8938,0,0,0,0,0
2020-04-29,Mono,051,14174,31,25,0,25,1
2020-04-29,Monterey,053,433212,258,204,0,204,5
2020-04-29,Napa,055,140530,79,68,0,68,2
2020-04-29,Nevada,057,99092,41,41,1,42,1
2020-04-29,Orange,059,3164182,3815,2421,16,2437,43
2020-04-29,Placer,061,380077,170,145,0,145,8
2020-04-29,Plumas,063,18699,4,4,0,4,0
2020-04-29,Riverside,065,2383286,4785,3700,7,3707,116
2020-04-29,Sacramento,067,1510023,1121,1055,0,1055,41
2020-04-29,San Benito,069,59416,52,48,0,48,2
2020-04-29,San Bernardino,071,2135413,2586,1975,1,1976,91
2020-04-29,San Diego,073,3302833,4463,3434,0,3434,120
2020-04-29,San Francisco,075,870044,1818,1489,0,1489,23
2020-04-29,San Joaquin,077,732212,590,540,3,543,25
2020-04-29,San Luis Obispo,079,281455,242,181,1,182,1
2020-04-29,San Mateo,081,765935,1428,1170,2,1172,50
2020-04-29,Santa Barbara,083,443738,646,477,2,479,7
2020-04-29,Santa Clara,085,1922200,2484,2147,3,2150,108
2020-04-29,Santa Cruz,087,273765,136,124,0,124,2
2020-04-29,Shasta,089,179085,37,31,0,31,4
2020-04-29,Sierra,091,2930,0,0,0,0,0
2020-04-29,Siskiyou,093,43540,5,5,0,5,0
2020-04-29,Solano,095,438530,313,252,0,252,3
2020-04-29,Sonoma,097,501317,280,230,0,230,2
2020-04-29,Stanislaus,099,539301,450,374,4,378,5
2020-04-29,Sutter,101,95872,30,28,0,28,2
2020-04-29,Tehama,103,63373,1,1,0,1,1
2020-04-29,Trinity,105,12862,0,0,0,0,0
2020-04-29,Tulare,107,460477,990,615,2,617,30
2020-04-29,Tuolumne,109,53932,2,4,0,4,0
2020-04-29,Ventura,111,848112,684,530,0,530,18
2020-04-29,Yolo,113,214977,178,161,0,161,11
2020-04-29,Yuba,115,75493,19,15,0,15,1
2020-04-28,Alameda,001,1643700,1860,1525,0,1525,55
2020-04-28,Alpine,003,1148,1,1,0,1,0
2020-04-28,Amador,005,37829,7,8,0,8,0
2020-04-28,Butte,007,227075,28,16,1,17,0
2020-04-28,Calaveras,009,45235,10,13,0,13,0
2020-04-28,Colusa,011,21464,3,3,0,3,0
2020-04-28,Contra Costa,013,1133247,982,866,0,866,25
2020-04-28,Del Norte,015,27424,4,3,0,3,0
2020-04-28,El Dorado,017,186661,57,43,0,43,0
2020-04-28,Fresno,019,978130,1045,525,7,532,7
2020-04-28,Glenn,021,27897,5,4,0,4,0
2020-04-28,Humboldt,023,135768,58,53,0,53,0
2020-04-28,Imperial,025,180216,514,295,0,295,6
2020-04-28,Inyo,027,18085,19,20,0,20,1
2020-04-28,Kern,029,883053,1161,882,1,883,5
2020-04-28,Kings,031,150075,221,57,1,58,1
2020-04-28,Lake,033,64148,9,6,0,6,0
2020-04-28,Lassen,035,31185,1,0,2,2,0
2020-04-28,Los Angeles,037,10098052,28345,21029,18,21047,984
2020-04-28,Madera,039,155013,84,44,1,45,2
2020-04-28,Marin,041,260295,244,228,1,229,12
2020-04-28,Mariposa,043,17540,15,0,0,0,0
2020-04-28,Mendocino,045,87422,13,10,0,10,0
2020-04-28,Merced,047,269075,186,108,0,108,3
2020-04-28,Modoc,049,8938,0,0,0,0,0
2020-04-28,Mono,051,14174,31,25,0,25,1
2020-04-28,Monterey,053,433212,252,191,0,191,5
2020-04-28,Napa,055,140530,78,67,0,67,2
2020-04-28,Nevada,057,99092,41,41,1,42,1
2020-04-28,Orange,059,3164182,3649,2324,15,2339,42
2020-04-28,Placer,061,380077,160,143,0,143,8
2020-04-28,Plumas,063,18699,4,4,0,4,0
2020-04-28,Riverside,065,2383286,4691,3504,7,3511,113
2020-04-28,Sacramento,067,1510023,1106,1044,0,1044,41
2020-04-28,San Benito,069,59416,51,46,0,46,2
2020-04-28,San Bernardino,071,2135413,2509,1891,1,1892,89
2020-04-28,San Diego,073,3302833,4333,3316,0,3316,118
2020-04-28,San Francisco,075,870044,1783,1471,0,1471,23
2020-04-28,San Joaquin,077,732212,584,532,3,535,25
2020-04-28,San Luis Obispo,079,281455,236,172,1,173,1
2020-04-28,San Mateo,081,765935,1415,1129,2,1131,48
2020-04-28,Santa Barbara,083,443738,639,469,2,471,7
2020-04-28,Santa Clara,085,1922200,2453,2130,3,2133,106
2020-04-28,Santa Cruz,087,273765,136,123,0,123,2
2020-04-28,Shasta,089,179085,37,29,0,29,4
2020-04-28,Sierra,091,2930,0,0,0,0,0
2020-04-28,Siskiyou,093,43540,5,5,0,5,0
2020-04-28,Solano,095,438530,294,246,0,246,3
2020-04-28,Sonoma,097,501317,277,226,0,226,1
2020-04-28,Stanislaus,099,539301,434,330,4,334,5
2020-04-28,Sutter,101,95872,30,25,0,25,2
2020-04-28,Tehama,103,63373,1,1,0,1,1
2020-04-28,Trinity,105,12862,0,0,0,0,0
2020-04-28,Tulare,107,460477,896,579,2,581,30
2020-04-28,Tuolumne,109,53932,2,4,0,4,0
2020-04-28,Ventura,111,848112,666,517,0,517,17
2020-04-28,Yolo,113,214977,178,160,0,160,10
2020-04-28,Yuba,115,75493,19,15,0,15,1
2020-04-27,Alameda,001,1643700,1800,1494,0,1494,53
2020-04-27,Alpine,003,1148,1,1,0,1,0
2020-04-27,Amador,005,37829,7,8,0,8,0
2020-04-27,Butte,007,227075,27,16,1,17,0
2020-04-27,Calaveras,009,45235,10,13,0,13,0
2020-04-27,Colusa,011,21464,3,3,0,3,0
2020-04-27,Contra Costa,013,1133247,970,843,0,843,25
2020-04-27,Del Norte,015,27424,4,3,0,3,0
2020-04-27,El Dorado,017,186661,56,43,0,43,0
2020-04-27,Fresno,019,978130,942,504,6,510,7
2020-04-27,Glenn,021,27897,5,4,0,4,0
2020-04-27,Humboldt,023,135768,58,52,0,52,0
2020-04-27,Imperial,025,180216,484,290,0,290,6
2020-04-27,Inyo,027,18085,19,20,0,20,1
2020-04-27,Kern,029,883053,1123,865,1,866,4
2020-04-27,Kings,031,150075,198,48,1,49,1
2020-04-27,Lake,033,64148,8,6,0,6,0
2020-04-27,Lassen,035,31185,1,0,2,2,0
2020-04-27,Los Angeles,037,10098052,27328,20456,18,20474,931
2020-04-27,Madera,039,155013,82,42,1,43,2
2020-04-27,Marin,041,260295,239,227,1,228,12
2020-04-27,Mariposa,043,17540,14,0,0,0,0
2020-04-27,Mendocino,045,87422,13,10,0,10,0
2020-04-27,Merced,047,269075,183,108,0,108,3
2020-04-27,Modoc,049,8938,0,0,0,0,0
2020-04-27,Mono,051,14174,31,23,0,23,1
2020-04-27,Monterey,053,433212,245,185,0,185,4
2020-04-27,Napa,055,140530,75,64,0,64,2
2020-04-27,Nevada,057,99092,41,39,1,40,1
2020-04-27,Orange,059,3164182,3480,2198,15,2213,42
2020-04-27,Placer,061,380077,160,142,0,142,8
2020-04-27,Plumas,063,18699,4,4,0,4,0
2020-04-27,Riverside,065,2383286,4568,3381,7,3388,100
2020-04-27,Sacramento,067,1510023,1091,1035,0,1035,41
2020-04-27,San Benito,069,59416,49,45,0,45,2
2020-04-27,San Bernardino,071,2135413,2395,1742,1,1743,82
2020-04-27,San Diego,073,3302833,4207,3143,0,3143,113
2020-04-27,San Francisco,075,870044,1729,1453,0,1453,23
2020-04-27,San Joaquin,077,732212,578,522,3,525,25
2020-04-27,San Luis Obispo,079,281455,228,166,1,167,1
2020-04-27,San Mateo,081,765935,1393,1092,2,1094,46
2020-04-27,Santa Barbara,083,443738,625,466,2,468,7
2020-04-27,Santa Clara,085,1922200,2432,2104,2,2106,105
2020-04-27,Santa Cruz,087,273765,136,123,0,123,2
2020-04-27,Shasta,089,179085,37,29,0,29,4
2020-04-27,Sierra,091,2930,0,0,0,0,0
2020-04-27,Siskiyou,093,43540,5,5,0,5,0
2020-04-27,Solano,095,438530,294,222,0,222,3
2020-04-27,Sonoma,097,501317,268,220,0,220,1
2020-04-27,Stanislaus,099,539301,418,316,4,320,5
2020-04-27,Sutter,101,95872,29,26,0,26,2
2020-04-27,Tehama,103,63373,1,1,0,1,1
2020-04-27,Trinity,105,12862,0,0,0,0,0
2020-04-27,Tulare,107,460477,825,535,2,537,28
2020-04-27,Tuolumne,109,53932,2,3,0,3,0
2020-04-27,Ventura,111,848112,649,513,0,513,17
2020-04-27,Yolo,113,214977,175,160,0,160,9
2020-04-27,Yuba,115,75493,19,15,0,15,1
2020-04-26,Alameda,001,1643700,1739,1449,0,1449,52
2020-04-26,Alpine,003,1148,1,1,0,1,0
2020-04-26,Amador,005,37829,7,8,0,8,0
2020-04-26,Butte,007,227075,27,16,1,17,0
2020-04-26,Calaveras,009,45235,10,13,0,13,0
2020-04-26,Colusa,011,21464,3,3,0,3,0
2020-04-26,Contra Costa,013,1133247,954,830,0,830,25
2020-04-26,Del Norte,015,27424,3,3,0,3,0
2020-04-26,El Dorado,017,186661,54,41,0,41,0
2020-04-26,Fresno,019,978130,850,476,6,482,7
2020-04-26,Glenn,021,27897,5,4,0,4,0
2020-04-26,Humboldt,023,135768,58,53,0,53,0
2020-04-26,Imperial,025,180216,450,272,0,272,6
2020-04-26,Inyo,027,18085,19,20,0,20,1
2020-04-26,Kern,029,883053,1073,831,1,832,4
2020-04-26,Kings,031,150075,173,33,1,34,1
2020-04-26,Lake,033,64148,8,6,0,6,0
2020-04-26,Lassen,035,31185,1,0,2,2,0
2020-04-26,Los Angeles,037,10098052,26179,19570,18,19588,901
2020-04-26,Madera,039,155013,80,39,1,40,2
2020-04-26,Marin,041,260295,233,225,1,226,12
2020-04-26,Mariposa,043,17540,14,0,0,0,0
2020-04-26,Mendocino,045,87422,13,5,0,5,0
2020-04-26,Merced,047,269075,166,104,0,104,3
2020-04-26,Modoc,049,8938,0,0,0,0,0
2020-04-26,Mono,051,14174,31,23,0,23,1
2020-04-26,Monterey,053,433212,238,182,0,182,4
2020-04-26,Napa,055,140530,74,62,0,62,2
2020-04-26,Nevada,057,99092,41,37,1,38,1
2020-04-26,Orange,059,3164182,3314,2124,15,2139,40
2020-04-26,Placer,061,380077,160,141,0,141,8
2020-04-26,Plumas,063,18699,4,4,0,4,0
2020-04-26,Riverside,065,2383286,4426,3301,7,3308,95
2020-04-26,Sacramento,067,1510023,1082,1027,0,1027,41
2020-04-26,San Benito,069,59416,49,45,0,45,2
2020-04-26,San Bernardino,071,2135413,2298,1681,1,1682,82
2020-04-26,San Diego,073,3302833,4065,3045,0,3045,111
2020-04-26,San Francisco,075,870044,1690,1403,0,1403,23
2020-04-26,San Joaquin,077,732212,570,514,3,517,25
2020-04-26,San Luis Obispo,079,281455,225,165,1,166,1
2020-04-26,San Mateo,081,765935,1367,1070,2,1072,46
2020-04-26,Santa Barbara,083,443738,613,464,2,466,7
2020-04-26,Santa Clara,085,1922200,2413,2097,1,2098,102
2020-04-26,Santa Cruz,087,273765,136,116,0,116,2
2020-04-26,Shasta,089,179085,34,29,0,29,4
2020-04-26,Sierra,091,2930,0,0,0,0,0
2020-04-26,Siskiyou,093,43540,5,5,0,5,0
2020-04-26,Solano,095,438530,285,205,0,205,3
2020-04-26,Sonoma,097,501317,257,216,0,216,1
2020-04-26,Stanislaus,099,539301,403,294,4,298,4
2020-04-26,Sutter,101,95872,29,26,0,26,2
2020-04-26,Tehama,103,63373,1,1,0,1,1
2020-04-26,Trinity,105,12862,0,0,0,0,0
2020-04-26,Tulare,107,460477,767,497,2,499,28
2020-04-26,Tuolumne,109,53932,2,3,0,3,0
2020-04-26,Ventura,111,848112,634,509,0,509,17
2020-04-26,Yolo,113,214977,174,158,0,158,8
2020-04-26,Yuba,115,75493,18,15,0,15,1
2020-04-25,Alameda,001,1643700,1714,1396,0,1396,52
2020-04-25,Alpine,003,1148,1,1,0,1,0
2020-04-25,Amador,005,37829,7,8,0,8,0
2020-04-25,Butte,007,227075,26,16,1,17,0
2020-04-25,Calaveras,009,45235,10,12,0,12,0
2020-04-25,Colusa,011,21464,3,3,0,3,0
2020-04-25,Contra Costa,013,1133247,940,821,0,821,24
2020-04-25,Del Norte,015,27424,2,2,0,2,0
2020-04-25,El Dorado,017,186661,53,41,0,41,0
2020-04-25,Fresno,019,978130,820,459,5,464,7
2020-04-25,Glenn,021,27897,5,4,0,4,0
2020-04-25,Humboldt,023,135768,58,53,0,53,0
2020-04-25,Imperial,025,180216,433,232,0,232,6
2020-04-25,Inyo,027,18085,19,20,0,20,1
2020-04-25,Kern,029,883053,1042,802,1,803,4
2020-04-25,Kings,031,150075,161,33,1,34,1
2020-04-25,Lake,033,64148,6,6,0,6,0
2020-04-25,Lassen,035,31185,1,0,2,2,0
2020-04-25,Los Angeles,037,10098052,25545,19144,18,19162,881
2020-04-25,Madera,039,155013,77,39,1,40,2
2020-04-25,Marin,041,260295,233,215,1,216,12
2020-04-25,Mariposa,043,17540,14,0,0,0,0
2020-04-25,Mendocino,045,87422,12,5,0,5,0
2020-04-25,Merced,047,269075,166,103,0,103,3
2020-04-25,Modoc,049,8938,0,0,0,0,0
2020-04-25,Mono,051,14174,31,23,0,23,1
2020-04-25,Monterey,053,433212,236,173,0,173,4
2020-04-25,Napa,055,140530,74,60,0,60,2
2020-04-25,Nevada,057,99092,41,37,1,38,1
2020-04-25,Orange,059,3164182,3208,2047,15,2062,40
2020-04-25,Placer,061,380077,160,137,0,137,8
2020-04-25,Plumas,063,18699,4,4,0,4,0
2020-04-25,Riverside,065,2383286,4338,3037,7,3044,93
2020-04-25,Sacramento,067,1510023,1080,1015,0,1015,41
2020-04-25,San Benito,069,59416,49,45,0,45,2
2020-04-25,San Bernardino,071,2135413,2253,1675,1,1676,82
2020-04-25,San Diego,073,3302833,3965,2945,0,2945,111
2020-04-25,San Francisco,075,870044,1665,1341,0,1341,22
2020-04-25,San Joaquin,077,732212,563,497,3,500,24
2020-04-25,San Luis Obispo,079,281455,224,159,1,160,1
2020-04-25,San Mateo,081,765935,1349,1054,2,1056,46
2020-04-25,Santa Barbara,083,443738,605,457,2,459,7
2020-04-25,Santa Clara,085,1922200,2395,2045,1,2046,99
2020-04-25,Santa Cruz,087,273765,136,112,0,112,2
2020-04-25,Shasta,089,179085,34,29,0,29,4
2020-04-25,Sierra,091,2930,0,0,0,0,0
2020-04-25,Siskiyou,093,43540,5,5,0,5,0
2020-04-25,Solano,095,438530,281,203,0,203,3
2020-04-25,Sonoma,097,501317,253,199,0,199,1
2020-04-25,Stanislaus,099,539301,395,276,4,280,4
2020-04-25,Sutter,101,95872,29,24,0,24,2
2020-04-25,Tehama,103,63373,1,1,0,1,1
2020-04-25,Trinity,105,12862,0,0,0,0,0
2020-04-25,Tulare,107,460477,734,478,2,480,28
2020-04-25,Tuolumne,109,53932,2,2,0,2,0
2020-04-25,Ventura,111,848112,620,494,0,494,16
2020-04-25,Yolo,113,214977,174,157,0,157,8
2020-04-25,Yuba,115,75493,17,15,0,15,1
2020-04-24,Alameda,001,1643700,1683,1385,0,1385,50
2020-04-24,Alpine,003,1148,1,1,0,1,0
2020-04-24,Amador,005,37829,7,8,0,8,0
2020-04-24,Butte,007,227075,25,15,1,16,0
2020-04-24,Calaveras,009,45235,10,12,0,12,0
2020-04-24,Colusa,011,21464,3,3,0,3,0
2020-04-24,Contra Costa,013,1133247,931,806,0,806,23
2020-04-24,Del Norte,015,27424,2,2,0,2,0
2020-04-24,El Dorado,017,186661,52,41,0,41,0
2020-04-24,Fresno,019,978130,799,449,5,454,7
2020-04-24,Glenn,021,27897,5,4,0,4,0
2020-04-24,Humboldt,023,135768,58,53,0,53,0
2020-04-24,Imperial,025,180216,417,232,0,232,6
2020-04-24,Inyo,027,18085,19,20,0,20,0
2020-04-24,Kern,029,883053,1018,770,1,771,4
2020-04-24,Kings,031,150075,132,30,1,31,1
2020-04-24,Lake,033,64148,6,6,0,6,0
2020-04-24,Lassen,035,31185,1,0,2,2,0
2020-04-24,Los Angeles,037,10098052,24613,18553,18,18571,836
2020-04-24,Madera,039,155013,77,39,1,40,2
2020-04-24,Marin,041,260295,233,211,1,212,11
2020-04-24,Mariposa,043,17540,8,0,0,0,0
2020-04-24,Mendocino,045,87422,12,5,0,5,0
2020-04-24,Merced,047,269075,163,102,0,102,3
2020-04-24,Modoc,049,8938,0,0,0,0,0
2020-04-24,Mono,051,14174,30,23,0,23,1
2020-04-24,Monterey,053,433212,229,167,0,167,4
2020-04-24,Napa,055,140530,73,59,0,59,2
2020-04-24,Nevada,057,99092,41,36,1,37,1
2020-04-24,Orange,059,3164182,3100,1945,15,1960,39
2020-04-24,Placer,061,380077,158,137,0,137,8
2020-04-24,Plumas,063,18699,4,4,0,4,0
2020-04-24,Riverside,065,2383286,4257,3044,7,3051,87
2020-04-24,Sacramento,067,1510023,1074,1009,0,1009,41
2020-04-24,San Benito,069,59416,49,45,0,45,2
2020-04-24,San Bernardino,071,2135413,2218,1667,1,1668,80
2020-04-24,San Diego,073,3302833,3854,2828,0,2828,102
2020-04-24,San Francisco,075,870044,1607,1345,0,1345,22
2020-04-24,San Joaquin,077,732212,556,484,3,487,24
2020-04-24,San Luis Obispo,079,281455,221,151,1,152,1
2020-04-24,San Mateo,081,765935,1326,1004,2,1006,43
2020-04-24,Santa Barbara,083,443738,598,450,2,452,6
2020-04-24,Santa Clara,085,1922200,2365,2026,1,2027,98
2020-04-24,Santa Cruz,087,273765,132,111,0,111,2
2020-04-24,Shasta,089,179085,34,28,0,28,4
2020-04-24,Sierra,091,2930,0,0,0,0,0
2020-04-24,Siskiyou,093,43540,5,5,0,5,0
2020-04-24,Solano,095,438530,279,203,0,203,3
2020-04-24,Sonoma,097,501317,249,199,0,199,1
2020-04-24,Stanislaus,099,539301,392,273,4,277,4
2020-04-24,Sutter,101,95872,28,24,0,24,2
2020-04-24,Tehama,103,63373,1,1,0,1,1
2020-04-24,Trinity,105,12862,0,0,0,0,0
2020-04-24,Tulare,107,460477,706,459,2,461,27
2020-04-24,Tuolumne,109,53932,2,2,0,2,0
2020-04-24,Ventura,111,848112,611,489,0,489,16
2020-04-24,Yolo,113,214977,173,155,0,155,8
2020-04-24,Yuba,115,75493,16,15,0,15,1
2020-04-23,Alameda,001,1643700,1645,1336,0,1336,46
2020-04-23,Alpine,003,1148,1,1,0,1,0
2020-04-23,Amador,005,37829,7,8,0,8,0
2020-04-23,Butte,007,227075,25,15,1,16,0
2020-04-23,Calaveras,009,45235,10,12,0,12,0
2020-04-23,Colusa,011,21464,3,3,0,3,0
2020-04-23,Contra Costa,013,1133247,910,786,0,786,23
2020-04-23,Del Norte,015,27424,2,2,0,2,0
2020-04-23,El Dorado,017,186661,51,39,0,39,0
2020-04-23,Fresno,019,978130,761,426,5,431,7
2020-04-23,Glenn,021,27897,5,3,0,3,0
2020-04-23,Humboldt,023,135768,58,53,0,53,0
2020-04-23,Imperial,025,180216,397,181,0,181,4
2020-04-23,Inyo,027,18085,19,19,0,19,0
2020-04-23,Kern,029,883053,970,732,1,733,4
2020-04-23,Kings,031,150075,117,28,1,29,1
2020-04-23,Lake,033,64148,6,6,0,6,0
2020-04-23,Lassen,035,31185,1,0,2,2,0
2020-04-23,Los Angeles,037,10098052,23553,17548,17,17565,784
2020-04-23,Madera,039,155013,75,37,1,38,2
2020-04-23,Marin,041,260295,220,209,1,210,11
2020-04-23,Mariposa,043,17540,7,0,0,0,0
2020-04-23,Mendocino,045,87422,10,5,0,5,0
2020-04-23,Merced,047,269075,159,98,0,98,3
2020-04-23,Modoc,049,8938,0,0,0,0,0
2020-04-23,Mono,051,14174,30,23,0,23,1
2020-04-23,Monterey,053,433212,225,161,0,161,4
2020-04-23,Napa,055,140530,66,59,0,59,2
2020-04-23,Nevada,057,99092,41,36,1,37,1
2020-04-23,Orange,059,3164182,2922,1841,14,1855,37
2020-04-23,Placer,061,380077,155,136,0,136,8
2020-04-23,Plumas,063,18699,4,4,0,4,0
2020-04-23,Riverside,065,2383286,4144,2935,6,2941,78
2020-04-23,Sacramento,067,1510023,1062,978,0,978,41
2020-04-23,San Benito,069,59416,46,43,0,43,2
2020-04-23,San Bernardino,071,2135413,2153,1604,1,1605,79
2020-04-23,San Diego,073,3302833,3693,2645,0,2645,100
2020-04-23,San Francisco,075,870044,1582,1312,0,1312,21
2020-04-23,San Joaquin,077,732212,546,479,3,482,20
2020-04-23,San Luis Obispo,079,281455,217,146,1,147,1
2020-04-23,San Mateo,081,765935,1286,970,2,972,42
2020-04-23,Santa Barbara,083,443738,588,445,2,447,6
2020-04-23,Santa Clara,085,1922200,2334,1996,1,1997,95
2020-04-23,Santa Cruz,087,273765,131,110,0,110,2
2020-04-23,Shasta,089,179085,34,27,0,27,3
2020-04-23,Sierra,091,2930,0,0,0,0,0
2020-04-23,Siskiyou,093,43540,5,5,0,5,0
2020-04-23,Solano,095,438530,265,196,0,196,3
2020-04-23,Sonoma,097,501317,237,187,0,187,1
2020-04-23,Stanislaus,099,539301,388,254,4,258,4
2020-04-23,Sutter,101,95872,28,24,0,24,2
2020-04-23,Tehama,103,63373,1,1,0,1,1
2020-04-23,Trinity,105,12862,0,0,0,0,0
2020-04-23,Tulare,107,460477,677,440,2,442,25
2020-04-23,Tuolumne,109,53932,2,2,0,2,0
2020-04-23,Ventura,111,848112,597,479,0,479,16
2020-04-23,Yolo,113,214977,170,151,0,151,8
2020-04-23,Yuba,115,75493,16,15,0,15,1
2020-04-22,Alameda,001,1643700,1596,1275,0,1275,46
2020-04-22,Alpine,003,1148,1,1,0,1,0
2020-04-22,Amador,005,37829,7,7,0,7,0
2020-04-22,Butte,007,227075,24,15,1,16,0
2020-04-22,Calaveras,009,45235,10,12,0,12,0
2020-04-22,Colusa,011,21464,3,3,0,3,0
2020-04-22,Contra Costa,013,1133247,895,772,0,772,22
2020-04-22,Del Norte,015,27424,2,2,0,2,0
2020-04-22,El Dorado,017,186661,51,39,0,39,0
2020-04-22,Fresno,019,978130,722,388,5,393,7
2020-04-22,Glenn,021,27897,5,3,0,3,0
2020-04-22,Humboldt,023,135768,58,53,0,53,0
2020-04-22,Imperial,025,180216,386,170,0,170,3
2020-04-22,Inyo,027,18085,19,18,0,18,0
2020-04-22,Kern,029,883053,948,713,1,714,4
2020-04-22,Kings,031,150075,96,28,1,29,1
2020-04-22,Lake,033,64148,6,6,0,6,0
2020-04-22,Lassen,035,31185,1,0,2,2,0
2020-04-22,Los Angeles,037,10098052,22527,16400,17,16417,715
2020-04-22,Madera,039,155013,73,37,1,38,2
2020-04-22,Marin,041,260295,218,202,1,203,11
2020-04-22,Mariposa,043,17540,6,0,0,0,0
2020-04-22,Mendocino,045,87422,7,5,0,5,0
2020-04-22,Merced,047,269075,147,92,0,92,3
2020-04-22,Modoc,049,8938,0,0,0,0,0
2020-04-22,Mono,051,14174,29,23,0,23,1
2020-04-22,Monterey,053,433212,218,154,0,154,4
2020-04-22,Napa,055,140530,65,58,0,58,2
2020-04-22,Nevada,057,99092,41,36,1,37,1
2020-04-22,Orange,059,3164182,2829,1785,14,1799,36
2020-04-22,Placer,061,380077,153,133,0,133,8
2020-04-22,Plumas,063,18699,4,4,0,4,0
2020-04-22,Riverside,065,2383286,4041,2822,6,2828,76
2020-04-22,Sacramento,067,1510023,1057,959,0,959,36
2020-04-22,San Benito,069,59416,45,43,0,43,2
2020-04-22,San Bernardino,071,2135413,2090,1564,1,1565,74
2020-04-22,San Diego,073,3302833,3565,2493,0,2493,96
2020-04-22,San Francisco,075,870044,1545,1255,0,1255,21
2020-04-22,San Joaquin,077,732212,535,462,3,465,20
2020-04-22,San Luis Obispo,079,281455,208,142,1,143,1
2020-04-22,San Mateo,081,765935,1263,945,2,947,40
2020-04-22,Santa Barbara,083,443738,580,437,2,439,6
2020-04-22,Santa Clara,085,1922200,2321,1969,1,1970,95
2020-04-22,Santa Cruz,087,273765,127,106,0,106,2
2020-04-22,Shasta,089,179085,33,26,0,26,3
2020-04-22,Sierra,091,2930,0,0,0,0,0
2020-04-22,Siskiyou,093,43540,5,5,0,5,0
2020-04-22,Solano,095,438530,246,195,0,195,3
2020-04-22,Sonoma,097,501317,234,185,0,185,1
2020-04-22,Stanislaus,099,539301,331,247,4,251,4
2020-04-22,Sutter,101,95872,28,22,0,22,2
2020-04-22,Tehama,103,63373,1,1,0,1,1
2020-04-22,Trinity,105,12862,0,0,0,0,0
2020-04-22,Tulare,107,460477,644,425,2,427,23
2020-04-22,Tuolumne,109,53932,2,2,0,2,0
2020-04-22,Ventura,111,848112,587,465,0,465,15
2020-04-22,Yolo,113,214977,170,147,0,147,8
2020-04-22,Yuba,115,75493,16,15,0,15,1
2020-04-21,Alameda,001,1643700,1566,1234,0,1234,46
2020-04-21,Alpine,003,1148,1,1,0,1,0
2020-04-21,Amador,005,37829,7,7,0,7,0
2020-04-21,Butte,007,227075,23,15,1,16,0
2020-04-21,Calaveras,009,45235,9,12,0,12,0
2020-04-21,Colusa,011,21464,3,3,0,3,0
2020-04-21,Contra Costa,013,1133247,881,766,0,766,22
2020-04-21,Del Norte,015,27424,2,2,0,2,0
2020-04-21,El Dorado,017,186661,50,36,0,36,0
2020-04-21,Fresno,019,978130,688,372,5,377,7
2020-04-21,Glenn,021,27897,5,3,0,3,0
2020-04-21,Humboldt,023,135768,57,53,0,53,0
2020-04-21,Imperial,025,180216,366,165,0,165,2
2020-04-21,Inyo,027,18085,19,18,0,18,0
2020-04-21,Kern,029,883053,906,676,1,677,4
2020-04-21,Kings,031,150075,83,28,1,29,1
2020-04-21,Lake,033,64148,6,6,0,6,0
2020-04-21,Lassen,035,31185,1,0,2,2,0
2020-04-21,Los Angeles,037,10098052,21667,15096,17,15113,650
2020-04-21,Madera,039,155013,73,37,1,38,2
2020-04-21,Marin,041,260295,212,202,1,203,10
2020-04-21,Mariposa,043,17540,5,0,0,0,0
2020-04-21,Mendocino,045,87422,7,5,0,5,0
2020-04-21,Merced,047,269075,143,89,0,89,3
2020-04-21,Modoc,049,8938,0,0,0,0,0
2020-04-21,Mono,051,14174,29,23,0,23,1
2020-04-21,Monterey,053,433212,215,151,0,151,4
2020-04-21,Napa,055,140530,64,58,0,58,2
2020-04-21,Nevada,057,99092,41,36,1,37,1
2020-04-21,Orange,059,3164182,2706,1717,13,1730,36
2020-04-21,Placer,061,380077,151,133,0,133,8
2020-04-21,Plumas,063,18699,4,4,0,4,0
2020-04-21,Riverside,065,2383286,3910,2631,6,2637,68
2020-04-21,Sacramento,067,1510023,1047,941,0,941,33
2020-04-21,San Benito,069,59416,44,43,0,43,2
2020-04-21,San Bernardino,071,2135413,2029,1499,1,1500,71
2020-04-21,San Diego,073,3302833,3409,2436,0,2436,87
2020-04-21,San Francisco,075,870044,1515,1232,0,1232,20
2020-04-21,San Joaquin,077,732212,525,447,3,450,20
2020-04-21,San Luis Obispo,079,281455,203,134,1,135,1
2020-04-21,San Mateo,081,765935,1217,933,2,935,34
2020-04-21,Santa Barbara,083,443738,568,414,1,415,5
2020-04-21,Santa Clara,085,1922200,2277,1943,1,1944,91
2020-04-21,Santa Cruz,087,273765,125,104,0,104,2
2020-04-21,Shasta,089,179085,32,26,0,26,3
2020-04-21,Sierra,091,2930,0,0,0,0,0
2020-04-21,Siskiyou,093,43540,5,5,0,5,0
2020-04-21,Solano,095,438530,238,193,0,193,3
2020-04-21,Sonoma,097,501317,224,182,0,182,1
2020-04-21,Stanislaus,099,539301,312,235,4,239,4
2020-04-21,Sutter,101,95872,28,22,0,22,2
2020-04-21,Tehama,103,63373,1,1,0,1,1
2020-04-21,Trinity,105,12862,0,0,0,0,0
2020-04-21,Tulare,107,460477,608,410,2,412,23
2020-04-21,Tuolumne,109,53932,2,2,0,2,0
2020-04-21,Ventura,111,848112,575,455,0,455,14
2020-04-21,Yolo,113,214977,168,143,0,143,8
2020-04-21,Yuba,115,75493,16,15,0,15,1
2020-04-20,Alameda,001,1643700,1533,1181,0,1181,42
2020-04-20,Alpine,003,1148,1,1,0,1,0
2020-04-20,Amador,005,37829,7,7,0,7,0
2020-04-20,Butte,007,227075,23,15,1,16,0
2020-04-20,Calaveras,009,45235,9,12,0,12,0
2020-04-20,Colusa,011,21464,3,3,0,3,0
2020-04-20,Contra Costa,013,1133247,871,753,0,753,22
2020-04-20,Del Norte,015,27424,2,2,0,2,0
2020-04-20,El Dorado,017,186661,50,36,0,36,0
2020-04-20,Fresno,019,978130,670,356,5,361,7
2020-04-20,Glenn,021,27897,4,3,0,3,0
2020-04-20,Humboldt,023,135768,57,53,0,53,0
2020-04-20,Imperial,025,180216,346,149,0,149,2
2020-04-20,Inyo,027,18085,19,17,0,17,0
2020-04-20,Kern,029,883053,874,651,1,652,3
2020-04-20,Kings,031,150075,72,19,1,20,1
2020-04-20,Lake,033,64148,6,6,0,6,0
2020-04-20,Lassen,035,31185,1,0,2,2,0
2020-04-20,Los Angeles,037,10098052,20753,13787,17,13804,608
2020-04-20,Madera,039,155013,72,35,1,36,2
2020-04-20,Marin,041,260295,208,200,1,201,10
2020-04-20,Mariposa,043,17540,5,0,0,0,0
2020-04-20,Mendocino,045,87422,7,5,0,5,0
2020-04-20,Merced,047,269075,136,88,0,88,3
2020-04-20,Modoc,049,8938,0,0,0,0,0
2020-04-20,Mono,051,14174,29,23,0,23,1
2020-04-20,Monterey,053,433212,206,147,0,147,4
2020-04-20,Napa,055,140530,64,55,0,55,2
2020-04-20,Nevada,057,99092,41,34,1,35,1
2020-04-20,Orange,059,3164182,2625,1679,13,1692,33
2020-04-20,Placer,061,380077,150,132,0,132,8
2020-04-20,Plumas,063,18699,4,4,0,4,0
2020-04-20,Riverside,065,2383286,3785,2477,6,2483,61
2020-04-20,Sacramento,067,1510023,1037,924,0,924,32
2020-04-20,San Benito,069,59416,44,43,0,43,2
2020-04-20,San Bernardino,071,2135413,1942,1344,1,1345,63
2020-04-20,San Diego,073,3302833,3268,2327,0,2327,72
2020-04-20,San Francisco,075,870044,1483,1223,0,1223,19
2020-04-20,San Joaquin,077,732212,521,422,3,425,17
2020-04-20,San Luis Obispo,079,281455,189,132,1,133,1
2020-04-20,San Mateo,081,765935,1194,890,2,892,31
2020-04-20,Santa Barbara,083,443738,557,388,1,389,4
2020-04-20,Santa Clara,085,1922200,2253,1920,1,1921,84
2020-04-20,Santa Cruz,087,273765,123,102,0,102,2
2020-04-20,Shasta,089,179085,32,26,0,26,3
2020-04-20,Sierra,091,2930,0,0,0,0,0
2020-04-20,Siskiyou,093,43540,5,5,0,5,0
2020-04-20,Solano,095,438530,235,185,0,185,2
2020-04-20,Sonoma,097,501317,216,178,0,178,1
2020-04-20,Stanislaus,099,539301,298,228,4,232,3
2020-04-20,Sutter,101,95872,27,22,0,22,2
2020-04-20,Tehama,103,63373,1,1,0,1,1
2020-04-20,Trinity,105,12862,0,0,0,0,0
2020-04-20,Tulare,107,460477,598,401,2,403,20
2020-04-20,Tuolumne,109,53932,2,2,0,2,0
2020-04-20,Ventura,111,848112,563,426,0,426,13
2020-04-20,Yolo,113,214977,167,125,0,125,5
2020-04-20,Yuba,115,75493,16,15,0,15,1
2020-04-19,Alameda,001,1643700,1483,1134,0,1134,41
2020-04-19,Alpine,003,1148,1,1,0,1,0
2020-04-19,Amador,005,37829,6,7,0,7,0
2020-04-19,Butte,007,227075,22,15,1,16,0
2020-04-19,Calaveras,009,45235,9,12,0,12,0
2020-04-19,Colusa,011,21464,3,3,0,3,0
2020-04-19,Contra Costa,013,1133247,857,731,0,731,20
2020-04-19,Del Norte,015,27424,2,2,0,2,0
2020-04-19,El Dorado,017,186661,50,36,0,36,0
2020-04-19,Fresno,019,978130,634,326,5,331,7
2020-04-19,Glenn,021,27897,4,3,0,3,0
2020-04-19,Humboldt,023,135768,57,53,0,53,0
2020-04-19,Imperial,025,180216,320,144,0,144,2
2020-04-19,Inyo,027,18085,19,17,0,17,0
2020-04-19,Kern,029,883053,849,629,1,630,3
2020-04-19,Kings,031,150075,62,17,1,18,1
2020-04-19,Lake,033,64148,6,6,0,6,0
2020-04-19,Lassen,035,31185,1,0,2,2,0
2020-04-19,Los Angeles,037,10098052,19758,12299,17,12316,589
2020-04-19,Madera,039,155013,70,34,1,35,2
2020-04-19,Marin,041,260295,207,194,1,195,10
2020-04-19,Mariposa,043,17540,2,0,0,0,0
2020-04-19,Mendocino,045,87422,7,4,0,4,0
2020-04-19,Merced,047,269075,131,85,0,85,3
2020-04-19,Modoc,049,8938,0,0,0,0,0
2020-04-19,Mono,051,14174,29,23,0,23,1
2020-04-19,Monterey,053,433212,198,140,0,140,4
2020-04-19,Napa,055,140530,62,49,0,49,2
2020-04-19,Nevada,057,99092,40,34,1,35,1
2020-04-19,Orange,059,3164182,2526,1591,11,1602,32
2020-04-19,Placer,061,380077,149,131,0,131,8
2020-04-19,Plumas,063,18699,4,4,0,4,0
2020-04-19,Riverside,065,2383286,3642,2316,6,2322,56
2020-04-19,Sacramento,067,1510023,1010,912,0,912,32
2020-04-19,San Benito,069,59416,42,40,0,40,2
2020-04-19,San Bernardino,071,2135413,1879,1262,1,1263,58
2020-04-19,San Diego,073,3302833,3101,2270,0,2270,71
2020-04-19,San Francisco,075,870044,1450,1153,0,1153,19
2020-04-19,San Joaquin,077,732212,503,404,3,407,17
2020-04-19,San Luis Obispo,079,281455,184,132,1,133,1
2020-04-19,San Mateo,081,765935,1158,845,2,847,31
2020-04-19,Santa Barbara,083,443738,548,377,1,378,3
2020-04-19,Santa Clara,085,1922200,2217,1878,1,1879,81
2020-04-19,Santa Cruz,087,273765,120,98,0,98,2
2020-04-19,Shasta,089,179085,30,26,0,26,3
2020-04-19,Sierra,091,2930,0,0,0,0,0
2020-04-19,Siskiyou,093,43540,5,5,0,5,0
2020-04-19,Solano,095,438530,227,174,0,174,2
2020-04-19,Sonoma,097,501317,210,172,0,172,1
2020-04-19,Stanislaus,099,539301,290,221,4,225,3
2020-04-19,Sutter,101,95872,26,21,0,21,2
2020-04-19,Tehama,103,63373,1,1,0,1,1
2020-04-19,Trinity,105,12862,0,0,0,0,0
2020-04-19,Tulare,107,460477,554,391,2,393,17
2020-04-19,Tuolumne,109,53932,2,2,0,2,0
2020-04-19,Ventura,111,848112,555,418,0,418,13
2020-04-19,Yolo,113,214977,167,120,0,120,5
2020-04-19,Yuba,115,75493,16,15,0,15,1
2020-04-18,Alameda,001,1643700,1458,1085,0,1085,40
2020-04-18,Alpine,003,1148,1,1,0,1,0
2020-04-18,Amador,005,37829,6,7,0,7,0
2020-04-18,Butte,007,227075,21,15,1,16,0
2020-04-18,Calaveras,009,45235,9,12,0,12,0
2020-04-18,Colusa,011,21464,3,3,0,3,0
2020-04-18,Contra Costa,013,1133247,845,721,0,721,17
2020-04-18,Del Norte,015,27424,2,2,0,2,0
2020-04-18,El Dorado,017,186661,50,36,0,36,0
2020-04-18,Fresno,019,978130,614,319,5,324,7
2020-04-18,Glenn,021,27897,4,3,0,3,0
2020-04-18,Humboldt,023,135768,57,52,0,52,0
2020-04-18,Imperial,025,180216,311,137,0,137,2
2020-04-18,Inyo,027,18085,19,17,0,17,0
2020-04-18,Kern,029,883053,827,626,1,627,3
2020-04-18,Kings,031,150075,61,17,1,18,1
2020-04-18,Lake,033,64148,6,6,0,6,0
2020-04-18,Lassen,035,31185,1,0,2,2,0
2020-04-18,Los Angeles,037,10098052,19233,11984,16,12000,566
2020-04-18,Madera,039,155013,69,34,1,35,2
2020-04-18,Marin,041,260295,205,193,1,194,10
2020-04-18,Mariposa,043,17540,2,0,0,0,0
2020-04-18,Mendocino,045,87422,7,4,0,4,0
2020-04-18,Merced,047,269075,129,82,0,82,3
2020-04-18,Modoc,049,8938,0,0,0,0,0
2020-04-18,Mono,051,14174,29,22,0,22,1
2020-04-18,Monterey,053,433212,194,135,0,135,3
2020-04-18,Napa,055,140530,62,49,0,49,2
2020-04-18,Nevada,057,99092,39,34,1,35,1
2020-04-18,Orange,059,3164182,2462,1569,10,1579,32
2020-04-18,Placer,061,380077,147,130,0,130,8
2020-04-18,Plumas,063,18699,4,4,0,4,0
2020-04-18,Riverside,065,2383286,3569,2257,6,2263,56
2020-04-18,Sacramento,067,1510023,998,901,0,901,32
2020-04-18,San Benito,069,59416,42,40,0,40,2
2020-04-18,San Bernardino,071,2135413,1834,1255,1,1256,58
2020-04-18,San Diego,073,3302833,2999,2215,0,2215,71
2020-04-18,San Francisco,075,870044,1411,1144,0,1144,19
2020-04-18,San Joaquin,077,732212,494,392,3,395,17
2020-04-18,San Luis Obispo,079,281455,180,129,1,130,1
2020-04-18,San Mateo,081,765935,1136,821,2,823,31
2020-04-18,Santa Barbara,083,443738,542,372,1,373,3
2020-04-18,Santa Clara,085,1922200,2187,1862,1,1863,79
2020-04-18,Santa Cruz,087,273765,118,96,0,96,2
2020-04-18,Shasta,089,179085,30,26,0,26,3
2020-04-18,Sierra,091,2930,0,0,0,0,0
2020-04-18,Siskiyou,093,43540,5,5,0,5,0
2020-04-18,Solano,095,438530,224,175,0,175,2
2020-04-18,Sonoma,097,501317,206,168,0,168,1
2020-04-18,Stanislaus,099,539301,282,216,4,220,3
2020-04-18,Sutter,101,95872,26,21,0,21,2
2020-04-18,Tehama,103,63373,1,1,0,1,1
2020-04-18,Trinity,105,12862,0,0,0,0,0
2020-04-18,Tulare,107,460477,545,385,2,387,17
2020-04-18,Tuolumne,109,53932,2,2,0,2,0
2020-04-18,Ventura,111,848112,547,416,0,416,13
2020-04-18,Yolo,113,214977,165,118,0,118,5
2020-04-18,Yuba,115,75493,16,14,0,14,1
2020-04-17,Alameda,001,1643700,1403,1043,0,1043,40
2020-04-17,Alpine,003,1148,1,1,0,1,0
2020-04-17,Amador,005,37829,6,7,0,7,0
2020-04-17,Butte,007,227075,21,15,1,16,0
2020-04-17,Calaveras,009,45235,9,11,0,11,0
2020-04-17,Colusa,011,21464,3,3,0,3,0
2020-04-17,Contra Costa,013,1133247,835,687,0,687,15
2020-04-17,Del Norte,015,27424,2,2,0,2,0
2020-04-17,El Dorado,017,186661,50,35,0,35,0
2020-04-17,Fresno,019,978130,592,315,5,320,7
2020-04-17,Glenn,021,27897,4,3,0,3,0
2020-04-17,Humboldt,023,135768,56,52,0,52,0
2020-04-17,Imperial,025,180216,302,135,0,135,2
2020-04-17,Inyo,027,18085,19,17,0,17,0
2020-04-17,Kern,029,883053,807,612,1,613,3
2020-04-17,Kings,031,150075,59,15,1,16,1
2020-04-17,Lake,033,64148,6,6,0,6,0
2020-04-17,Lassen,035,31185,1,0,2,2,0
2020-04-17,Los Angeles,037,10098052,18590,11354,16,11370,489
2020-04-17,Madera,039,155013,69,34,1,35,2
2020-04-17,Marin,041,260295,202,189,1,190,10
2020-04-17,Mariposa,043,17540,1,0,0,0,0
2020-04-17,Mendocino,045,87422,7,4,0,4,0
2020-04-17,Merced,047,269075,128,80,0,80,3
2020-04-17,Modoc,049,8938,0,0,0,0,0
2020-04-17,Mono,051,14174,29,22,0,22,1
2020-04-17,Monterey,053,433212,189,119,0,119,3
2020-04-17,Napa,055,140530,60,46,0,46,2
2020-04-17,Nevada,057,99092,38,34,1,35,1
2020-04-17,Orange,059,3164182,2411,1496,10,1506,31
2020-04-17,Placer,061,380077,147,130,0,130,8
2020-04-17,Plumas,063,18699,4,4,0,4,0
2020-04-17,Riverside,065,2383286,3443,2080,6,2086,50
2020-04-17,Sacramento,067,1510023,991,882,0,882,32
2020-04-17,San Benito,069,59416,42,38,0,38,2
2020-04-17,San Bernardino,071,2135413,1795,1229,1,1230,57
2020-04-17,San Diego,073,3302833,2909,2160,0,2160,70
2020-04-17,San Francisco,075,870044,1385,1090,0,1090,19
2020-04-17,San Joaquin,077,732212,483,356,3,359,17
2020-04-17,San Luis Obispo,079,281455,173,116,1,117,1
2020-04-17,San Mateo,081,765935,1120,768,2,770,31
2020-04-17,Santa Barbara,083,443738,537,349,1,350,3
2020-04-17,Santa Clara,085,1922200,2157,1834,1,1835,74
2020-04-17,Santa Cruz,087,273765,117,94,0,94,2
2020-04-17,Shasta,089,179085,30,26,0,26,3
2020-04-17,Sierra,091,2930,0,0,0,0,0
2020-04-17,Siskiyou,093,43540,5,5,0,5,0
2020-04-17,Solano,095,438530,223,173,0,173,2
2020-04-17,Sonoma,097,501317,203,167,0,167,1
2020-04-17,Stanislaus,099,539301,280,201,4,205,3
2020-04-17,Sutter,101,95872,26,20,0,20,2
2020-04-17,Tehama,103,63373,1,1,0,1,1
2020-04-17,Trinity,105,12862,0,0,0,0,0
2020-04-17,Tulare,107,460477,538,370,2,372,17
2020-04-17,Tuolumne,109,53932,2,2,0,2,0
2020-04-17,Ventura,111,848112,542,398,0,398,13
2020-04-17,Yolo,113,214977,164,117,0,117,5
2020-04-17,Yuba,115,75493,16,14,0,14,1
2020-04-16,Alameda,001,1643700,1370,981,0,981,39
2020-04-16,Alpine,003,1148,1,1,0,1,0
2020-04-16,Amador,005,37829,6,7,0,7,0
2020-04-16,Butte,007,227075,20,15,1,16,0
2020-04-16,Calaveras,009,45235,9,10,0,10,0
2020-04-16,Colusa,011,21464,3,3,0,3,0
2020-04-16,Contra Costa,013,1133247,821,675,0,675,14
2020-04-16,Del Norte,015,27424,2,2,0,2,0
2020-04-16,El Dorado,017,186661,49,34,0,34,0
2020-04-16,Fresno,019,978130,563,289,5,294,7
2020-04-16,Glenn,021,27897,4,3,0,3,0
2020-04-16,Humboldt,023,135768,56,47,0,47,0
2020-04-16,Imperial,025,180216,288,132,0,132,2
2020-04-16,Inyo,027,18085,17,17,0,17,0
2020-04-16,Kern,029,883053,781,587,1,588,3
2020-04-16,Kings,031,150075,55,12,1,13,1
2020-04-16,Lake,033,64148,6,6,0,6,0
2020-04-16,Lassen,035,31185,1,0,2,2,0
2020-04-16,Los Angeles,037,10098052,17706,10786,16,10802,447
2020-04-16,Madera,039,155013,67,34,1,35,2
2020-04-16,Marin,041,260295,198,170,1,171,10
2020-04-16,Mariposa,043,17540,1,1,0,1,0
2020-04-16,Mendocino,045,87422,7,4,0,4,0
2020-04-16,Merced,047,269075,122,76,0,76,3
2020-04-16,Modoc,049,8938,0,0,0,0,0
2020-04-16,Mono,051,14174,29,22,0,22,1
2020-04-16,Monterey,053,433212,186,116,0,116,3
2020-04-16,Napa,055,140530,57,44,0,44,2
2020-04-16,Nevada,057,99092,38,34,1,35,1
2020-04-16,Orange,059,3164182,2347,1439,9,1448,28
2020-04-16,Placer,061,380077,145,129,0,129,7
2020-04-16,Plumas,063,18699,4,4,0,4,0
2020-04-16,Riverside,065,2383286,3325,1913,6,1919,45
2020-04-16,Sacramento,067,1510023,983,865,0,865,32
2020-04-16,San Benito,069,59416,42,36,0,36,2
2020-04-16,San Bernardino,071,2135413,1712,1143,0,1143,54
2020-04-16,San Diego,073,3302833,2801,2089,0,2089,63
2020-04-16,San Francisco,075,870044,1341,1039,0,1039,16
2020-04-16,San Joaquin,077,732212,468,345,3,348,17
2020-04-16,San Luis Obispo,079,281455,169,113,1,114,1
2020-04-16,San Mateo,081,765935,1091,745,2,747,29
2020-04-16,Santa Barbara,083,443738,524,331,1,332,3
2020-04-16,Santa Clara,085,1922200,2128,1789,1,1790,70
2020-04-16,Santa Cruz,087,273765,115,90,0,90,2
2020-04-16,Shasta,089,179085,30,25,0,25,3
2020-04-16,Sierra,091,2930,0,0,0,0,0
2020-04-16,Siskiyou,093,43540,5,5,0,5,0
2020-04-16,Solano,095,438530,220,162,0,162,2
2020-04-16,Sonoma,097,501317,198,145,0,145,1
2020-04-16,Stanislaus,099,539301,277,185,4,189,3
2020-04-16,Sutter,101,95872,25,21,0,21,2
2020-04-16,Tehama,103,63373,1,1,0,1,1
2020-04-16,Trinity,105,12862,0,0,0,0,0
2020-04-16,Tulare,107,460477,522,305,2,307,16
2020-04-16,Tuolumne,109,53932,2,1,0,1,0
2020-04-16,Ventura,111,848112,530,384,0,384,13
2020-04-16,Yolo,113,214977,162,98,0,98,4
2020-04-16,Yuba,115,75493,15,14,0,14,1
2020-04-15,Alameda,001,1643700,1320,915,0,915,38
2020-04-15,Alpine,003,1148,1,1,0,1,0
2020-04-15,Amador,005,37829,6,7,0,7,0
2020-04-15,Butte,007,227075,20,14,1,15,0
2020-04-15,Calaveras,009,45235,8,9,0,9,0
2020-04-15,Colusa,011,21464,3,3,0,3,0
2020-04-15,Contra Costa,013,1133247,799,645,0,645,14
2020-04-15,Del Norte,015,27424,2,2,0,2,0
2020-04-15,El Dorado,017,186661,47,33,0,33,0
2020-04-15,Fresno,019,978130,538,264,5,269,7
2020-04-15,Glenn,021,27897,4,3,0,3,0
2020-04-15,Humboldt,023,135768,56,47,0,47,0
2020-04-15,Imperial,025,180216,262,115,0,115,2
2020-04-15,Inyo,027,18085,17,12,0,12,0
2020-04-15,Kern,029,883053,759,500,1,501,3
2020-04-15,Kings,031,150075,51,12,1,13,1
2020-04-15,Lake,033,64148,6,4,0,4,0
2020-04-15,Lassen,035,31185,1,0,2,2,0
2020-04-15,Los Angeles,037,10098052,16885,10416,16,10432,394
2020-04-15,Madera,039,155013,67,30,1,31,2
2020-04-15,Marin,041,260295,195,162,1,163,10
2020-04-15,Mariposa,043,17540,0,0,0,0,0
2020-04-15,Mendocino,045,87422,6,4,0,4,0
2020-04-15,Merced,047,269075,120,74,0,74,3
2020-04-15,Modoc,049,8938,0,0,0,0,0
2020-04-15,Mono,051,14174,29,22,0,22,1
2020-04-15,Monterey,053,433212,178,106,0,106,3
2020-04-15,Napa,055,140530,55,34,0,34,2
2020-04-15,Nevada,057,99092,37,34,1,35,1
2020-04-15,Orange,059,3164182,2244,1377,9,1386,24
2020-04-15,Placer,061,380077,144,123,0,123,6
2020-04-15,Plumas,063,18699,4,4,0,4,0
2020-04-15,Riverside,065,2383286,3130,1723,6,1729,42
2020-04-15,Sacramento,067,1510023,974,839,0,839,32
2020-04-15,San Benito,069,59416,42,34,0,34,2
2020-04-15,San Bernardino,071,2135413,1642,1063,0,1063,45
2020-04-15,San Diego,073,3302833,2713,2014,0,2014,60
2020-04-15,San Francisco,075,870044,1305,1006,0,1006,16
2020-04-15,San Joaquin,077,732212,460,329,3,332,17
2020-04-15,San Luis Obispo,079,281455,162,112,1,113,1
2020-04-15,San Mateo,081,765935,1042,707,2,709,28
2020-04-15,Santa Barbara,083,443738,505,317,1,318,2
2020-04-15,Santa Clara,085,1922200,2093,1692,1,1693,69
2020-04-15,Santa Cruz,087,273765,111,92,0,92,2
2020-04-15,Shasta,089,179085,30,25,0,25,3
2020-04-15,Sierra,091,2930,0,0,0,0,0
2020-04-15,Siskiyou,093,43540,5,5,0,5,0
2020-04-15,Solano,095,438530,215,153,0,153,2
2020-04-15,Sonoma,097,501317,196,140,0,140,1
2020-04-15,Stanislaus,099,539301,270,174,4,178,3
2020-04-15,Sutter,101,95872,25,19,0,19,2
2020-04-15,Tehama,103,63373,1,1,0,1,1
2020-04-15,Trinity,105,12862,0,0,0,0,0
2020-04-15,Tulare,107,460477,505,289,2,291,14
2020-04-15,Tuolumne,109,53932,2,1,0,1,0
2020-04-15,Ventura,111,848112,515,365,0,365,13
2020-04-15,Yolo,113,214977,158,93,0,93,3
2020-04-15,Yuba,115,75493,15,15,0,15,1
2020-04-14,Alameda,001,1643700,1275,843,0,843,30
2020-04-14,Alpine,003,1148,1,1,0,1,0
2020-04-14,Amador,005,37829,6,6,0,6,0
2020-04-14,Butte,007,227075,20,13,1,14,0
2020-04-14,Calaveras,009,45235,8,5,0,5,0
2020-04-14,Colusa,011,21464,3,3,0,3,0
2020-04-14,Contra Costa,013,1133247,787,617,0,617,12
2020-04-14,Del Norte,015,27424,2,2,0,2,0
2020-04-14,El Dorado,017,186661,47,30,0,30,0
2020-04-14,Fresno,019,978130,515,244,5,249,6
2020-04-14,Glenn,021,27897,4,3,0,3,0
2020-04-14,Humboldt,023,135768,56,44,0,44,0
2020-04-14,Imperial,025,180216,242,86,0,86,2
2020-04-14,Inyo,027,18085,17,12,0,12,0
2020-04-14,Kern,029,883053,736,453,1,454,3
2020-04-14,Kings,031,150075,50,12,1,13,1
2020-04-14,Lake,033,64148,6,3,0,3,0
2020-04-14,Lassen,035,31185,1,0,2,2,0
2020-04-14,Los Angeles,037,10098052,15991,9948,15,9963,357
2020-04-14,Madera,039,155013,66,29,1,30,2
2020-04-14,Marin,041,260295,191,147,1,148,9
2020-04-14,Mariposa,043,17540,0,0,0,0,0
2020-04-14,Mendocino,045,87422,6,4,0,4,0
2020-04-14,Merced,047,269075,113,61,0,61,3
2020-04-14,Modoc,049,8938,0,0,0,0,0
2020-04-14,Mono,051,14174,29,22,0,22,1
2020-04-14,Monterey,053,433212,173,98,0,98,3
2020-04-14,Napa,055,140530,55,33,0,33,2
2020-04-14,Nevada,057,99092,37,34,1,35,1
2020-04-14,Orange,059,3164182,2139,1362,9,1371,24
2020-04-14,Placer,061,380077,143,117,0,117,5
2020-04-14,Plumas,063,18699,4,3,0,3,0
2020-04-14,Riverside,065,2383286,2995,1467,6,1473,40
2020-04-14,Sacramento,067,1510023,965,737,0,737,29
2020-04-14,San Benito,069,59416,39,34,0,34,2
2020-04-14,San Bernardino,071,2135413,1587,933,0,933,37
2020-04-14,San Diego,073,3302833,2618,1932,0,1932,53
2020-04-14,San Francisco,075,870044,1251,968,0,968,14
2020-04-14,San Joaquin,077,732212,450,280,3,283,17
2020-04-14,San Luis Obispo,079,281455,160,109,1,110,1
2020-04-14,San Mateo,081,765935,1008,681,2,683,28
2020-04-14,Santa Barbara,083,443738,480,292,1,293,2
2020-04-14,Santa Clara,085,1922200,2060,1561,1,1562,63
2020-04-14,Santa Cruz,087,273765,103,84,0,84,2
2020-04-14,Shasta,089,179085,30,24,0,24,3
2020-04-14,Sierra,091,2930,0,0,0,0,0
2020-04-14,Siskiyou,093,43540,5,5,0,5,0
2020-04-14,Solano,095,438530,212,140,0,140,2
2020-04-14,Sonoma,097,501317,192,133,0,133,1
2020-04-14,Stanislaus,099,539301,257,136,4,140,3
2020-04-14,Sutter,101,95872,24,19,0,19,2
2020-04-14,Tehama,103,63373,1,1,0,1,1
2020-04-14,Trinity,105,12862,0,0,0,0,0
2020-04-14,Tulare,107,460477,482,228,2,230,12
2020-04-14,Tuolumne,109,53932,2,0,0,0,0
2020-04-14,Ventura,111,848112,502,328,0,328,11
2020-04-14,Yolo,113,214977,154,81,0,81,3
2020-04-14,Yuba,115,75493,14,14,0,14,1
2020-04-13,Alameda,001,1643700,1236,821,0,821,23
2020-04-13,Alpine,003,1148,1,1,0,1,0
2020-04-13,Amador,005,37829,6,6,0,6,0
2020-04-13,Butte,007,227075,20,13,1,14,0
2020-04-13,Calaveras,009,45235,7,5,0,5,0
2020-04-13,Colusa,011,21464,3,3,0,3,0
2020-04-13,Contra Costa,013,1133247,771,569,0,569,12
2020-04-13,Del Norte,015,27424,2,2,0,2,0
2020-04-13,El Dorado,017,186661,45,29,0,29,0
2020-04-13,Fresno,019,978130,493,205,4,209,4
2020-04-13,Glenn,021,27897,4,3,0,3,0
2020-04-13,Humboldt,023,135768,56,44,0,44,0
2020-04-13,Imperial,025,180216,224,82,0,82,2
2020-04-13,Inyo,027,18085,17,12,0,12,0
2020-04-13,Kern,029,883053,711,346,1,347,3
2020-04-13,Kings,031,150075,46,9,1,10,0
2020-04-13,Lake,033,64148,6,3,0,3,0
2020-04-13,Lassen,035,31185,1,0,2,2,0
2020-04-13,Los Angeles,037,10098052,15277,9367,15,9382,317
2020-04-13,Madera,039,155013,64,29,1,30,2
2020-04-13,Marin,041,260295,187,144,1,145,6
2020-04-13,Mariposa,043,17540,0,0,0,0,0
2020-04-13,Mendocino,045,87422,6,4,0,4,0
2020-04-13,Merced,047,269075,112,60,0,60,3
2020-04-13,Modoc,049,8938,0,0,0,0,0
2020-04-13,Mono,051,14174,29,21,0,21,1
2020-04-13,Monterey,053,433212,166,86,0,86,3
2020-04-13,Napa,055,140530,54,30,0,30,2
2020-04-13,Nevada,057,99092,37,24,1,25,1
2020-04-13,Orange,059,3164182,2066,1313,9,1322,21
2020-04-13,Placer,061,380077,142,116,0,116,5
2020-04-13,Plumas,063,18699,4,3,0,3,0
2020-04-13,Riverside,065,2383286,2855,1460,5,1465,35
2020-04-13,Sacramento,067,1510023,953,723,0,723,25
2020-04-13,San Benito,069,59416,38,33,0,33,2
2020-04-13,San Bernardino,071,2135413,1512,920,0,920,30
2020-04-13,San Diego,073,3302833,2535,1849,0,1849,47
2020-04-13,San Francisco,075,870044,1213,948,0,948,12
2020-04-13,San Joaquin,077,732212,436,255,3,258,16
2020-04-13,San Luis Obispo,079,281455,155,106,1,107,1
2020-04-13,San Mateo,081,765935,968,679,2,681,25
2020-04-13,Santa Barbara,083,443738,461,271,0,271,2
2020-04-13,Santa Clara,085,1922200,2020,1540,1,1541,58
2020-04-13,Santa Cruz,087,273765,97,82,0,82,1
2020-04-13,Shasta,089,179085,29,24,0,24,3
2020-04-13,Sierra,091,2930,0,0,0,0,0
2020-04-13,Siskiyou,093,43540,5,5,0,5,0
2020-04-13,Solano,095,438530,209,136,0,136,2
2020-04-13,Sonoma,097,501317,185,133,0,133,1
2020-04-13,Stanislaus,099,539301,251,130,4,134,1
2020-04-13,Sutter,101,95872,24,18,0,18,2
2020-04-13,Tehama,103,63373,1,1,0,1,0
2020-04-13,Trinity,105,12862,0,0,0,0,0
2020-04-13,Tulare,107,460477,446,185,2,187,11
2020-04-13,Tuolumne,109,53932,2,0,0,0,0
2020-04-13,Ventura,111,848112,481,309,0,309,9
2020-04-13,Yolo,113,214977,148,81,0,81,3
2020-04-13,Yuba,115,75493,14,13,0,13,1
2020-04-12,Alameda,001,1643700,1193,774,0,774,23
2020-04-12,Alpine,003,1148,1,1,0,1,0
2020-04-12,Amador,005,37829,6,6,0,6,0
2020-04-12,Butte,007,227075,20,13,1,14,0
2020-04-12,Calaveras,009,45235,7,5,0,5,0
2020-04-12,Colusa,011,21464,3,3,0,3,0
2020-04-12,Contra Costa,013,1133247,759,553,0,553,12
2020-04-12,Del Norte,015,27424,2,2,0,2,0
2020-04-12,El Dorado,017,186661,45,28,0,28,0
2020-04-12,Fresno,019,978130,464,205,4,209,4
2020-04-12,Glenn,021,27897,4,3,0,3,0
2020-04-12,Humboldt,023,135768,56,43,0,43,0
2020-04-12,Imperial,025,180216,201,78,0,78,2
2020-04-12,Inyo,027,18085,15,12,0,12,0
2020-04-12,Kern,029,883053,679,319,0,319,3
2020-04-12,Kings,031,150075,44,9,1,10,0
2020-04-12,Lake,033,64148,6,3,0,3,0
2020-04-12,Lassen,035,31185,1,0,2,2,0
2020-04-12,Los Angeles,037,10098052,14564,9133,15,9148,294
2020-04-12,Madera,039,155013,63,29,1,30,2
2020-04-12,Marin,041,260295,176,138,1,139,6
2020-04-12,Mariposa,043,17540,0,0,0,0,0
2020-04-12,Mendocino,045,87422,6,4,0,4,0
2020-04-12,Merced,047,269075,106,58,0,58,3
2020-04-12,Modoc,049,8938,0,0,0,0,0
2020-04-12,Mono,051,14174,29,20,0,20,1
2020-04-12,Monterey,053,433212,152,85,0,85,3
2020-04-12,Napa,055,140530,52,29,0,29,2
2020-04-12,Nevada,057,99092,37,24,1,25,1
2020-04-12,Orange,059,3164182,2005,1283,8,1291,21
2020-04-12,Placer,061,380077,141,114,0,114,4
2020-04-12,Plumas,063,18699,4,3,0,3,0
2020-04-12,Riverside,065,2383286,2673,1330,5,1335,34
2020-04-12,Sacramento,067,1510023,916,689,0,689,25
2020-04-12,San Benito,069,59416,36,33,0,33,2
2020-04-12,San Bernardino,071,2135413,1436,827,0,827,30
2020-04-12,San Diego,073,3302833,2445,1806,0,1806,45
2020-04-12,San Francisco,075,870044,1186,886,0,886,11
2020-04-12,San Joaquin,077,732212,418,246,3,249,15
2020-04-12,San Luis Obispo,079,281455,153,102,1,103,1
2020-04-12,San Mateo,081,765935,942,664,2,666,25
2020-04-12,Santa Barbara,083,443738,435,261,0,261,2
2020-04-12,Santa Clara,085,1922200,1996,1461,1,1462,53
2020-04-12,Santa Cruz,087,273765,96,80,0,80,1
2020-04-12,Shasta,089,179085,29,24,0,24,3
2020-04-12,Sierra,091,2930,0,0,0,0,0
2020-04-12,Siskiyou,093,43540,5,5,0,5,0
2020-04-12,Solano,095,438530,203,136,0,136,2
2020-04-12,Sonoma,097,501317,182,131,0,131,1
2020-04-12,Stanislaus,099,539301,243,117,4,121,1
2020-04-12,Sutter,101,95872,23,18,0,18,2
2020-04-12,Tehama,103,63373,1,1,0,1,0
2020-04-12,Trinity,105,12862,0,0,0,0,0
2020-04-12,Tulare,107,460477,434,166,2,168,11
2020-04-12,Tuolumne,109,53932,2,0,0,0,0
2020-04-12,Ventura,111,848112,472,306,0,306,9
2020-04-12,Yolo,113,214977,135,67,0,67,3
2020-04-12,Yuba,115,75493,14,13,0,13,1
2020-04-11,Alameda,001,1643700,1152,751,0,751,23
2020-04-11,Alpine,003,1148,1,1,0,1,0
2020-04-11,Amador,005,37829,6,6,0,6,0
2020-04-11,Butte,007,227075,20,13,1,14,0
2020-04-11,Calaveras,009,45235,7,5,0,5,0
2020-04-11,Colusa,011,21464,3,3,0,3,0
2020-04-11,Contra Costa,013,1133247,750,550,0,550,12
2020-04-11,Del Norte,015,27424,2,2,0,2,0
2020-04-11,El Dorado,017,186661,44,29,0,29,0
2020-04-11,Fresno,019,978130,454,201,4,205,4
2020-04-11,Glenn,021,27897,4,3,0,3,0
2020-04-11,Humboldt,023,135768,56,38,0,38,0
2020-04-11,Imperial,025,180216,190,78,0,78,2
2020-04-11,Inyo,027,18085,15,12,0,12,0
2020-04-11,Kern,029,883053,651,304,0,304,3
2020-04-11,Kings,031,150075,41,9,1,10,0
2020-04-11,Lake,033,64148,6,3,0,3,0
2020-04-11,Lassen,035,31185,1,0,2,2,0
2020-04-11,Los Angeles,037,10098052,14094,8823,15,8838,262
2020-04-11,Madera,039,155013,62,29,1,30,2
2020-04-11,Marin,041,260295,173,136,1,137,6
2020-04-11,Mariposa,043,17540,0,0,0,0,0
2020-04-11,Mendocino,045,87422,6,4,0,4,0
2020-04-11,Merced,047,269075,103,59,0,59,3
2020-04-11,Modoc,049,8938,0,0,0,0,0
2020-04-11,Mono,051,14174,29,20,0,20,1
2020-04-11,Monterey,053,433212,146,78,0,78,3
2020-04-11,Napa,055,140530,52,29,0,29,2
2020-04-11,Nevada,057,99092,37,24,1,25,1
2020-04-11,Orange,059,3164182,1944,1267,8,1275,21
2020-04-11,Placer,061,380077,141,113,0,113,4
2020-04-11,Plumas,063,18699,4,3,0,3,0
2020-04-11,Riverside,065,2383286,2594,1260,5,1265,33
2020-04-11,Sacramento,067,1510023,905,685,0,685,25
2020-04-11,San Benito,069,59416,36,33,0,33,2
2020-04-11,San Bernardino,071,2135413,1400,826,0,826,28
2020-04-11,San Diego,073,3302833,2379,1763,0,1763,45
2020-04-11,San Francisco,075,870044,1164,860,0,860,11
2020-04-11,San Joaquin,077,732212,413,244,3,247,15
2020-04-11,San Luis Obispo,079,281455,153,100,0,100,1
2020-04-11,San Mateo,081,765935,930,662,2,664,25
2020-04-11,Santa Barbara,083,443738,427,258,0,258,2
2020-04-11,Santa Clara,085,1922200,1953,1441,1,1442,51
2020-04-11,Santa Cruz,087,273765,96,79,0,79,1
2020-04-11,Shasta,089,179085,29,24,0,24,3
2020-04-11,Sierra,091,2930,0,0,0,0,0
2020-04-11,Siskiyou,093,43540,5,5,0,5,0
2020-04-11,Solano,095,438530,199,138,0,138,2
2020-04-11,Sonoma,097,501317,180,131,0,131,1
2020-04-11,Stanislaus,099,539301,236,119,3,122,1
2020-04-11,Sutter,101,95872,23,18,0,18,2
2020-04-11,Tehama,103,63373,1,1,0,1,0
2020-04-11,Trinity,105,12862,0,0,0,0,0
2020-04-11,Tulare,107,460477,412,168,2,170,10
2020-04-11,Tuolumne,109,53932,2,0,0,0,0
2020-04-11,Ventura,111,848112,462,304,0,304,9
2020-04-11,Yolo,113,214977,132,67,0,67,3
2020-04-11,Yuba,115,75493,14,13,0,13,1
2020-04-10,Alameda,001,1643700,1111,706,0,706,21
2020-04-10,Alpine,003,1148,1,1,0,1,0
2020-04-10,Amador,005,37829,6,5,0,5,0
2020-04-10,Butte,007,227075,20,13,1,14,0
2020-04-10,Calaveras,009,45235,7,5,0,5,0
2020-04-10,Colusa,011,21464,3,3,0,3,0
2020-04-10,Contra Costa,013,1133247,737,537,0,537,10
2020-04-10,Del Norte,015,27424,2,2,0,2,0
2020-04-10,El Dorado,017,186661,44,26,0,26,0
2020-04-10,Fresno,019,978130,447,186,3,189,3
2020-04-10,Glenn,021,27897,4,3,0,3,0
2020-04-10,Humboldt,023,135768,56,36,0,36,0
2020-04-10,Imperial,025,180216,183,70,0,70,2
2020-04-10,Inyo,027,18085,13,11,0,11,0
2020-04-10,Kern,029,883053,627,272,0,272,3
2020-04-10,Kings,031,150075,38,7,1,8,0
2020-04-10,Lake,033,64148,6,3,0,3,0
2020-04-10,Lassen,035,31185,1,0,2,2,0
2020-04-10,Los Angeles,037,10098052,13581,8384,14,8398,239
2020-04-10,Madera,039,155013,61,29,1,30,2
2020-04-10,Marin,041,260295,168,128,1,129,6
2020-04-10,Mariposa,043,17540,0,0,0,0,0
2020-04-10,Mendocino,045,87422,6,4,0,4,0
2020-04-10,Merced,047,269075,100,56,0,56,3
2020-04-10,Modoc,049,8938,0,0,0,0,0
2020-04-10,Mono,051,14174,29,20,0,20,1
2020-04-10,Monterey,053,433212,135,78,0,78,3
2020-04-10,Napa,055,140530,49,28,0,28,2
2020-04-10,Nevada,057,99092,37,23,1,24,1
2020-04-10,Orange,059,3164182,1897,1167,8,1175,21
2020-04-10,Placer,061,380077,140,112,0,112,4
2020-04-10,Plumas,063,18699,4,3,0,3,0
2020-04-10,Riverside,065,2383286,2528,1162,5,1167,30
2020-04-10,Sacramento,067,1510023,896,642,0,642,24
2020-04-10,San Benito,069,59416,36,32,0,32,2
2020-04-10,San Bernardino,071,2135413,1352,779,0,779,27
2020-04-10,San Diego,073,3302833,2319,1695,0,1695,44
2020-04-10,San Francisco,075,870044,1133,797,0,797,10
2020-04-10,San Joaquin,077,732212,401,234,3,237,14
2020-04-10,San Luis Obispo,079,281455,153,97,0,97,1
2020-04-10,San Mateo,081,765935,914,642,2,644,24
2020-04-10,Santa Barbara,083,443738,415,254,0,254,2
2020-04-10,Santa Clara,085,1922200,1903,1351,1,1352,50
2020-04-10,Santa Cruz,087,273765,95,75,0,75,1
2020-04-10,Shasta,089,179085,29,24,0,24,3
2020-04-10,Sierra,091,2930,0,0,0,0,0
2020-04-10,Siskiyou,093,43540,5,5,0,5,0
2020-04-10,Solano,095,438530,196,129,0,129,2
2020-04-10,Sonoma,097,501317,179,129,0,129,1
2020-04-10,Stanislaus,099,539301,229,101,3,104,0
2020-04-10,Sutter,101,95872,23,18,0,18,2
2020-04-10,Tehama,103,63373,1,1,0,1,0
2020-04-10,Trinity,105,12862,0,0,0,0,0
2020-04-10,Tulare,107,460477,370,163,2,165,10
2020-04-10,Tuolumne,109,53932,2,0,0,0,0
2020-04-10,Ventura,111,848112,454,290,0,290,9
2020-04-10,Yolo,113,214977,130,62,0,62,3
2020-04-10,Yuba,115,75493,14,13,0,13,1
2020-04-09,Alameda,001,1643700,1061,641,0,641,17
2020-04-09,Alpine,003,1148,1,1,0,1,0
2020-04-09,Amador,005,37829,6,2,0,2,0
2020-04-09,Butte,007,227075,19,12,1,13,0
2020-04-09,Calaveras,009,45235,7,5,0,5,0
2020-04-09,Colusa,011,21464,3,3,0,3,0
2020-04-09,Contra Costa,013,1133247,694,505,0,505,7
2020-04-09,Del Norte,015,27424,2,2,0,2,0
2020-04-09,El Dorado,017,186661,43,25,0,25,0
2020-04-09,Fresno,019,978130,423,165,3,168,3
2020-04-09,Glenn,021,27897,4,2,0,2,0
2020-04-09,Humboldt,023,135768,56,36,0,36,0
2020-04-09,Imperial,025,180216,162,67,0,67,2
2020-04-09,Inyo,027,18085,12,11,0,11,0
2020-04-09,Kern,029,883053,591,241,0,241,2
2020-04-09,Kings,031,150075,35,5,1,6,0
2020-04-09,Lake,033,64148,5,1,0,1,0
2020-04-09,Lassen,035,31185,1,0,2,2,0
2020-04-09,Los Angeles,037,10098052,12954,7919,14,7933,220
2020-04-09,Madera,039,155013,61,28,1,29,2
2020-04-09,Marin,041,260295,166,126,1,127,7
2020-04-09,Mariposa,043,17540,0,0,0,0,0
2020-04-09,Mendocino,045,87422,6,4,0,4,0
2020-04-09,Merced,047,269075,97,41,0,41,3
2020-04-09,Modoc,049,8938,0,0,0,0,0
2020-04-09,Mono,051,14174,29,19,0,19,1
2020-04-09,Monterey,053,433212,117,70,0,70,3
2020-04-09,Napa,055,140530,45,27,0,27,2
2020-04-09,Nevada,057,99092,36,23,1,24,1
2020-04-09,Orange,059,3164182,1821,1105,7,1112,19
2020-04-09,Placer,061,380077,139,107,0,107,4
2020-04-09,Plumas,063,18699,4,3,0,3,0
2020-04-09,Riverside,065,2383286,2386,1083,5,1088,29
2020-04-09,Sacramento,067,1510023,873,601,0,601,21
2020-04-09,San Benito,069,59416,36,32,0,32,2
2020-04-09,San Bernardino,071,2135413,1283,717,0,717,27
2020-04-09,San Diego,073,3302833,2223,1630,0,1630,40
2020-04-09,San Francisco,075,870044,1113,748,0,748,8
2020-04-09,San Joaquin,077,732212,380,223,3,226,14
2020-04-09,San Luis Obispo,079,281455,145,93,0,93,1
2020-04-09,San Mateo,081,765935,898,630,2,632,23
2020-04-09,Santa Barbara,083,443738,404,232,0,232,2
2020-04-09,Santa Clara,085,1922200,1834,1301,1,1302,49
2020-04-09,Santa Cruz,087,273765,95,73,0,73,1
2020-04-09,Shasta,089,179085,29,22,0,22,3
2020-04-09,Sierra,091,2930,0,0,0,0,0
2020-04-09,Siskiyou,093,43540,5,4,0,4,0
2020-04-09,Solano,095,438530,187,118,0,118,2
2020-04-09,Sonoma,097,501317,175,113,0,113,1
2020-04-09,Stanislaus,099,539301,217,93,3,96,0
2020-04-09,Sutter,101,95872,23,17,0,17,2
2020-04-09,Tehama,103,63373,1,1,0,1,0
2020-04-09,Trinity,105,12862,0,0,0,0,0
2020-04-09,Tulare,107,460477,344,147,2,149,9
2020-04-09,Tuolumne,109,53932,2,0,0,0,0
2020-04-09,Ventura,111,848112,435,273,0,273,9
2020-04-09,Yolo,113,214977,121,59,0,59,3
2020-04-09,Yuba,115,75493,14,13,0,13,0
2020-04-08,Alameda,001,1643700,1020,594,0,594,15
2020-04-08,Alpine,003,1148,1,1,0,1,0
2020-04-08,Amador,005,37829,6,2,0,2,0
2020-04-08,Butte,007,227075,18,11,1,12,0
2020-04-08,Calaveras,009,45235,7,5,0,5,0
2020-04-08,Colusa,011,21464,3,3,0,3,0
2020-04-08,Contra Costa,013,1133247,681,481,0,481,7
2020-04-08,Del Norte,015,27424,2,2,0,2,0
2020-04-08,El Dorado,017,186661,43,25,0,25,0
2020-04-08,Fresno,019,978130,403,151,3,154,3
2020-04-08,Glenn,021,27897,4,2,0,2,0
2020-04-08,Humboldt,023,135768,56,40,0,40,0
2020-04-08,Imperial,025,180216,151,59,0,59,2
2020-04-08,Inyo,027,18085,12,11,0,11,0
2020-04-08,Kern,029,883053,550,198,0,198,2
2020-04-08,Kings,031,150075,35,5,1,6,0
2020-04-08,Lake,033,64148,5,1,0,1,0
2020-04-08,Lassen,035,31185,1,0,2,2,0
2020-04-08,Los Angeles,037,10098052,12353,7505,14,7519,196
2020-04-08,Madera,039,155013,60,28,1,29,2
2020-04-08,Marin,041,260295,160,125,1,126,7
2020-04-08,Mariposa,043,17540,0,0,0,0,0
2020-04-08,Mendocino,045,87422,6,4,0,4,0
2020-04-08,Merced,047,269075,82,35,0,35,1
2020-04-08,Modoc,049,8938,0,0,0,0,0
2020-04-08,Mono,051,14174,29,19,0,19,1
2020-04-08,Monterey,053,433212,108,68,0,68,3
2020-04-08,Napa,055,140530,43,21,0,21,2
2020-04-08,Nevada,057,99092,36,21,1,22,1
2020-04-08,Orange,059,3164182,1759,1034,7,1041,19
2020-04-08,Placer,061,380077,139,102,0,102,4
2020-04-08,Plumas,063,18699,4,3,0,3,0
2020-04-08,Riverside,065,2383286,2232,974,5,979,28
2020-04-08,Sacramento,067,1510023,839,565,0,565,21
2020-04-08,San Benito,069,59416,36,31,0,31,2
2020-04-08,San Bernardino,071,2135413,1226,635,0,635,22
2020-04-08,San Diego,073,3302833,2149,1532,0,1532,36
2020-04-08,San Francisco,075,870044,1045,687,0,687,7
2020-04-08,San Joaquin,077,732212,363,211,3,214,12
2020-04-08,San Luis Obispo,079,281455,143,90,0,90,1
2020-04-08,San Mateo,081,765935,883,608,2,610,22
2020-04-08,Santa Barbara,083,443738,386,221,0,221,2
2020-04-08,Santa Clara,085,1922200,1790,1257,1,1258,47
2020-04-08,Santa Cruz,087,273765,94,69,0,69,1
2020-04-08,Shasta,089,179085,29,18,0,18,3
2020-04-08,Sierra,091,2930,0,0,0,0,0
2020-04-08,Siskiyou,093,43540,5,4,0,4,0
2020-04-08,Solano,095,438530,174,111,0,111,2
2020-04-08,Sonoma,097,501317,170,107,0,107,1
2020-04-08,Stanislaus,099,539301,201,86,3,89,0
2020-04-08,Sutter,101,95872,22,17,0,17,2
2020-04-08,Tehama,103,63373,1,1,0,1,0
2020-04-08,Trinity,105,12862,0,0,0,0,0
2020-04-08,Tulare,107,460477,314,145,2,147,6
2020-04-08,Tuolumne,109,53932,2,0,0,0,0
2020-04-08,Ventura,111,848112,426,263,0,263,7
2020-04-08,Yolo,113,214977,104,56,0,56,3
2020-04-08,Yuba,115,75493,14,10,0,10,0
2020-04-07,Alameda,001,1643700,985,560,0,560,14
2020-04-07,Alpine,003,1148,1,1,0,1,0
2020-04-07,Amador,005,37829,6,2,0,2,0
2020-04-07,Butte,007,227075,17,11,1,12,0
2020-04-07,Calaveras,009,45235,6,5,0,5,0
2020-04-07,Colusa,011,21464,3,2,0,2,0
2020-04-07,Contra Costa,013,1133247,661,471,0,471,7
2020-04-07,Del Norte,015,27424,2,2,0,2,0
2020-04-07,El Dorado,017,186661,42,22,0,22,0
2020-04-07,Fresno,019,978130,388,138,3,141,3
2020-04-07,Glenn,021,27897,4,2,0,2,0
2020-04-07,Humboldt,023,135768,55,40,0,40,0
2020-04-07,Imperial,025,180216,133,53,0,53,2
2020-04-07,Inyo,027,18085,12,11,0,11,0
2020-04-07,Kern,029,883053,507,134,0,134,2
2020-04-07,Kings,031,150075,33,5,1,6,0
2020-04-07,Lake,033,64148,4,1,0,1,0
2020-04-07,Lassen,035,31185,1,0,2,2,0
2020-04-07,Los Angeles,037,10098052,11703,6885,14,6899,170
2020-04-07,Madera,039,155013,58,28,0,28,2
2020-04-07,Marin,041,260295,158,122,1,123,7
2020-04-07,Mariposa,043,17540,0,0,0,0,0
2020-04-07,Mendocino,045,87422,6,4,0,4,0
2020-04-07,Merced,047,269075,67,27,0,27,1
2020-04-07,Modoc,049,8938,0,0,0,0,0
2020-04-07,Mono,051,14174,28,18,0,18,1
2020-04-07,Monterey,053,433212,100,63,0,63,2
2020-04-07,Napa,055,140530,41,18,0,18,2
2020-04-07,Nevada,057,99092,36,20,1,21,1
2020-04-07,Orange,059,3164182,1712,971,6,977,19
2020-04-07,Placer,061,380077,134,94,0,94,3
2020-04-07,Plumas,063,18699,4,3,0,3,0
2020-04-07,Riverside,065,2383286,2076,905,5,910,25
2020-04-07,Sacramento,067,1510023,809,513,0,513,18
2020-04-07,San Benito,069,59416,36,26,0,26,2
2020-04-07,San Bernardino,071,2135413,1159,554,0,554,19
2020-04-07,San Diego,073,3302833,2072,1456,0,1456,31
2020-04-07,San Francisco,075,870044,985,636,0,636,6
2020-04-07,San Joaquin,077,732212,345,198,3,201,12
2020-04-07,San Luis Obispo,079,281455,138,87,0,87,1
2020-04-07,San Mateo,081,765935,862,573,2,575,22
2020-04-07,Santa Barbara,083,443738,370,209,0,209,2
2020-04-07,Santa Clara,085,1922200,1721,1193,1,1194,46
2020-04-07,Santa Cruz,087,273765,94,67,0,67,1
2020-04-07,Shasta,089,179085,28,16,0,16,3
2020-04-07,Sierra,091,2930,0,0,0,0,0
2020-04-07,Siskiyou,093,43540,5,4,0,4,0
2020-04-07,Solano,095,438530,169,99,0,99,1
2020-04-07,Sonoma,097,501317,167,102,0,102,1
2020-04-07,Stanislaus,099,539301,184,83,3,86,0
2020-04-07,Sutter,101,95872,22,16,0,16,2
2020-04-07,Tehama,103,63373,1,1,0,1,0
2020-04-07,Trinity,105,12862,0,0,0,0,0
2020-04-07,Tulare,107,460477,287,144,2,146,5
2020-04-07,Tuolumne,109,53932,2,1,0,1,0
2020-04-07,Ventura,111,848112,409,247,0,247,6
2020-04-07,Yolo,113,214977,97,51,0,51,2
2020-04-07,Yuba,115,75493,14,10,0,10,0
2020-04-06,Alameda,001,1643700,955,527,0,527,13
2020-04-06,Alpine,003,1148,1,1,0,1,0
2020-04-06,Amador,005,37829,5,2,0,2,0
2020-04-06,Butte,007,227075,16,11,1,12,0
2020-04-06,Calaveras,009,45235,6,4,0,4,0
2020-04-06,Colusa,011,21464,3,1,0,1,0
2020-04-06,Contra Costa,013,1133247,636,447,0,447,7
2020-04-06,Del Norte,015,27424,2,2,0,2,0
2020-04-06,El Dorado,017,186661,40,23,0,23,0
2020-04-06,Fresno,019,978130,367,122,3,125,1
2020-04-06,Glenn,021,27897,4,2,0,2,0
2020-04-06,Humboldt,023,135768,54,37,0,37,0
2020-04-06,Imperial,025,180216,126,47,0,47,1
2020-04-06,Inyo,027,18085,11,11,0,11,0
2020-04-06,Kern,029,883053,470,117,0,117,2
2020-04-06,Kings,031,150075,33,3,1,4,0
2020-04-06,Lake,033,64148,4,1,0,1,0
2020-04-06,Lassen,035,31185,1,0,2,2,0
2020-04-06,Los Angeles,037,10098052,10972,6346,14,6360,145
2020-04-06,Madera,039,155013,56,29,0,29,2
2020-04-06,Marin,041,260295,155,119,1,120,7
2020-04-06,Mariposa,043,17540,0,0,0,0,0
2020-04-06,Mendocino,045,87422,6,4,0,4,0
2020-04-06,Merced,047,269075,60,25,0,25,1
2020-04-06,Modoc,049,8938,0,0,0,0,0
2020-04-06,Mono,051,14174,28,18,0,18,1
2020-04-06,Monterey,053,433212,95,62,0,62,2
2020-04-06,Napa,055,140530,41,18,0,18,2
2020-04-06,Nevada,057,99092,36,19,1,20,1
2020-04-06,Orange,059,3164182,1667,910,5,915,17
2020-04-06,Placer,061,380077,134,90,0,90,3
2020-04-06,Plumas,063,18699,4,2,0,2,0
2020-04-06,Riverside,065,2383286,1950,854,5,859,17
2020-04-06,Sacramento,067,1510023,779,448,0,448,15
2020-04-06,San Benito,069,59416,34,25,0,25,1
2020-04-06,San Bernardino,071,2135413,1100,550,0,550,13
2020-04-06,San Diego,073,3302833,1990,1406,0,1406,19
2020-04-06,San Francisco,075,870044,945,586,0,586,6
2020-04-06,San Joaquin,077,732212,330,191,3,194,10
2020-04-06,San Luis Obispo,079,281455,136,85,0,85,1
2020-04-06,San Mateo,081,765935,844,569,2,571,20
2020-04-06,Santa Barbara,083,443738,358,189,0,189,2
2020-04-06,Santa Clara,085,1922200,1668,1128,1,1129,43
2020-04-06,Santa Cruz,087,273765,92,65,0,65,1
2020-04-06,Shasta,089,179085,28,16,0,16,3
2020-04-06,Sierra,091,2930,0,0,0,0,0
2020-04-06,Siskiyou,093,43540,4,4,0,4,0
2020-04-06,Solano,095,438530,162,95,0,95,1
2020-04-06,Sonoma,097,501317,166,102,0,102,1
2020-04-06,Stanislaus,099,539301,168,72,3,75,0
2020-04-06,Sutter,101,95872,22,14,0,14,2
2020-04-06,Tehama,103,63373,1,1,0,1,0
2020-04-06,Trinity,105,12862,0,0,0,0,0
2020-04-06,Tulare,107,460477,274,126,2,128,5
2020-04-06,Tuolumne,109,53932,2,1,0,1,0
2020-04-06,Ventura,111,848112,391,234,0,234,6
2020-04-06,Yolo,113,214977,93,43,0,43,1
2020-04-06,Yuba,115,75493,14,8,0,8,0
2020-04-05,Alameda,001,1643700,913,475,0,475,12
2020-04-05,Alpine,003,1148,1,1,0,1,0
2020-04-05,Amador,005,37829,5,2,0,2,0
2020-04-05,Butte,007,227075,16,10,1,11,0
2020-04-05,Calaveras,009,45235,6,3,0,3,0
2020-04-05,Colusa,011,21464,3,1,0,1,0
2020-04-05,Contra Costa,013,1133247,619,415,0,415,6
2020-04-05,Del Norte,015,27424,2,1,0,1,0
2020-04-05,El Dorado,017,186661,39,19,0,19,0
2020-04-05,Fresno,019,978130,334,102,3,105,1
2020-04-05,Glenn,021,27897,4,2,0,2,0
2020-04-05,Humboldt,023,135768,54,29,0,29,0
2020-04-05,Imperial,025,180216,118,42,0,42,1
2020-04-05,Inyo,027,18085,11,10,0,10,0
2020-04-05,Kern,029,883053,415,109,0,109,2
2020-04-05,Kings,031,150075,32,4,1,5,0
2020-04-05,Lake,033,64148,4,0,0,0,0
2020-04-05,Lassen,035,31185,1,0,2,2,0
2020-04-05,Los Angeles,037,10098052,10401,5892,14,5906,130
2020-04-05,Madera,039,155013,55,27,0,27,2
2020-04-05,Marin,041,260295,155,113,1,114,6
2020-04-05,Mariposa,043,17540,0,0,0,0,0
2020-04-05,Mendocino,045,87422,6,4,0,4,0
2020-04-05,Merced,047,269075,53,16,0,16,0
2020-04-05,Modoc,049,8938,0,0,0,0,0
2020-04-05,Mono,051,14174,28,18,0,18,1
2020-04-05,Monterey,053,433212,88,61,0,61,2
2020-04-05,Napa,055,140530,39,15,0,15,2
2020-04-05,Nevada,057,99092,36,19,1,20,1
2020-04-05,Orange,059,3164182,1609,820,5,825,15
2020-04-05,Placer,061,380077,131,86,0,86,3
2020-04-05,Plumas,063,18699,3,2,0,2,0
2020-04-05,Riverside,065,2383286,1821,669,5,674,17
2020-04-05,Sacramento,067,1510023,748,393,0,393,11
2020-04-05,San Benito,069,59416,34,22,0,22,1
2020-04-05,San Bernardino,071,2135413,1026,375,0,375,13
2020-04-05,San Diego,073,3302833,1908,1328,0,1328,19
2020-04-05,San Francisco,075,870044,898,559,0,559,6
2020-04-05,San Joaquin,077,732212,315,179,3,182,10
2020-04-05,San Luis Obispo,079,281455,134,83,0,83,1
2020-04-05,San Mateo,081,765935,824,528,2,530,19
2020-04-05,Santa Barbara,083,443738,338,171,0,171,1
2020-04-05,Santa Clara,085,1922200,1622,1052,1,1053,42
2020-04-05,Santa Cruz,087,273765,92,59,0,59,1
2020-04-05,Shasta,089,179085,27,11,0,11,2
2020-04-05,Sierra,091,2930,0,0,0,0,0
2020-04-05,Siskiyou,093,43540,4,3,0,3,0
2020-04-05,Solano,095,438530,158,78,0,78,1
2020-04-05,Sonoma,097,501317,164,88,0,88,1
2020-04-05,Stanislaus,099,539301,154,51,3,54,0
2020-04-05,Sutter,101,95872,22,14,0,14,1
2020-04-05,Tehama,103,63373,1,1,0,1,0
2020-04-05,Trinity,105,12862,0,0,0,0,0
2020-04-05,Tulare,107,460477,242,81,2,83,4
2020-04-05,Tuolumne,109,53932,2,1,0,1,0
2020-04-05,Ventura,111,848112,377,196,0,196,6
2020-04-05,Yolo,113,214977,75,37,0,37,2
2020-04-05,Yuba,115,75493,14,7,0,7,0
2020-04-04,Alameda,001,1643700,890,468,0,468,12
2020-04-04,Alpine,003,1148,1,1,0,1,0
2020-04-04,Amador,005,37829,4,2,0,2,0
2020-04-04,Butte,007,227075,16,10,1,11,0
2020-04-04,Calaveras,009,45235,6,3,0,3,0
2020-04-04,Colusa,011,21464,3,1,0,1,0
2020-04-04,Contra Costa,013,1133247,611,382,0,382,5
2020-04-04,Del Norte,015,27424,2,1,0,1,0
2020-04-04,El Dorado,017,186661,39,19,0,19,0
2020-04-04,Fresno,019,978130,324,102,3,105,1
2020-04-04,Glenn,021,27897,4,2,0,2,0
2020-04-04,Humboldt,023,135768,54,29,0,29,0
2020-04-04,Imperial,025,180216,117,42,0,42,1
2020-04-04,Inyo,027,18085,11,10,0,10,0
2020-04-04,Kern,029,883053,385,103,0,103,2
2020-04-04,Kings,031,150075,32,3,1,4,0
2020-04-04,Lake,033,64148,4,0,0,0,0
2020-04-04,Lassen,035,31185,1,0,2,2,0
2020-04-04,Los Angeles,037,10098052,9784,5275,14,5289,117
2020-04-04,Madera,039,155013,53,27,0,27,2
2020-04-04,Marin,041,260295,153,111,0,111,6
2020-04-04,Mariposa,043,17540,0,0,0,0,0
2020-04-04,Mendocino,045,87422,6,4,0,4,0
2020-04-04,Merced,047,269075,49,11,0,11,0
2020-04-04,Modoc,049,8938,0,0,0,0,0
2020-04-04,Mono,051,14174,28,18,0,18,1
2020-04-04,Monterey,053,433212,85,61,0,61,2
2020-04-04,Napa,055,140530,39,15,0,15,2
2020-04-04,Nevada,057,99092,36,19,1,20,1
2020-04-04,Orange,059,3164182,1567,781,4,785,15
2020-04-04,Placer,061,380077,130,87,0,87,2
2020-04-04,Plumas,063,18699,3,2,0,2,0
2020-04-04,Riverside,065,2383286,1720,652,5,657,15
2020-04-04,Sacramento,067,1510023,730,393,0,393,11
2020-04-04,San Benito,069,59416,34,22,0,22,1
2020-04-04,San Bernardino,071,2135413,978,373,0,373,13
2020-04-04,San Diego,073,3302833,1860,1211,0,1211,18
2020-04-04,San Francisco,075,870044,860,537,0,537,6
2020-04-04,San Joaquin,077,732212,292,171,3,174,10
2020-04-04,San Luis Obispo,079,281455,134,82,0,82,0
2020-04-04,San Mateo,081,765935,813,520,2,522,17
2020-04-04,Santa Barbara,083,443738,329,167,0,167,1
2020-04-04,Santa Clara,085,1922200,1571,1045,1,1046,39
2020-04-04,Santa Cruz,087,273765,92,56,0,56,1
2020-04-04,Shasta,089,179085,26,11,0,11,2
2020-04-04,Sierra,091,2930,0,0,0,0,0
2020-04-04,Siskiyou,093,43540,4,3,0,3,0
2020-04-04,Solano,095,438530,153,79,0,79,1
2020-04-04,Sonoma,097,501317,161,88,0,88,1
2020-04-04,Stanislaus,099,539301,143,51,3,54,0
2020-04-04,Sutter,101,95872,22,14,0,14,1
2020-04-04,Tehama,103,63373,1,1,0,1,0
2020-04-04,Trinity,105,12862,0,0,0,0,0
2020-04-04,Tulare,107,460477,228,79,2,81,4
2020-04-04,Tuolumne,109,53932,2,1,0,1,0
2020-04-04,Ventura,111,848112,364,194,0,194,6
2020-04-04,Yolo,113,214977,73,40,0,40,2
2020-04-04,Yuba,115,75493,13,7,0,7,0
2020-04-03,Alameda,001,1643700,854,395,0,395,11
2020-04-03,Alpine,003,1148,1,1,0,1,0
2020-04-03,Amador,005,37829,4,2,0,2,0
2020-04-03,Butte,007,227075,16,8,1,9,0
2020-04-03,Calaveras,009,45235,6,3,0,3,0
2020-04-03,Colusa,011,21464,3,1,0,1,0
2020-04-03,Contra Costa,013,1133247,588,327,0,327,5
2020-04-03,Del Norte,015,27424,2,1,0,1,0
2020-04-03,El Dorado,017,186661,37,16,0,16,0
2020-04-03,Fresno,019,978130,312,98,3,101,1
2020-04-03,Glenn,021,27897,4,2,0,2,0
2020-04-03,Humboldt,023,135768,54,34,0,34,0
2020-04-03,Imperial,025,180216,108,35,0,35,0
2020-04-03,Inyo,027,18085,11,10,0,10,0
2020-04-03,Kern,029,883053,359,87,0,87,1
2020-04-03,Kings,031,150075,30,3,1,4,0
2020-04-03,Lake,033,64148,3,0,0,0,0
2020-04-03,Lassen,035,31185,1,0,2,2,0
2020-04-03,Los Angeles,037,10098052,9168,4566,14,4580,91
2020-04-03,Madera,039,155013,52,28,0,28,2
2020-04-03,Marin,041,260295,151,106,0,106,6
2020-04-03,Mariposa,043,17540,0,0,0,0,0
2020-04-03,Mendocino,045,87422,6,4,0,4,0
2020-04-03,Merced,047,269075,46,9,0,9,0
2020-04-03,Modoc,049,8938,0,0,0,0,0
2020-04-03,Mono,051,14174,28,18,0,18,1
2020-04-03,Monterey,053,433212,82,58,0,58,2
2020-04-03,Napa,055,140530,38,13,0,13,1
2020-04-03,Nevada,057,99092,36,19,1,20,1
2020-04-03,Orange,059,3164182,1528,713,4,717,13
2020-04-03,Placer,061,380077,126,76,0,76,2
2020-04-03,Plumas,063,18699,3,2,0,2,0
2020-04-03,Riverside,065,2383286,1640,540,5,545,14
2020-04-03,Sacramento,067,1510023,709,363,0,363,11
2020-04-03,San Benito,069,59416,34,22,0,22,1
2020-04-03,San Bernardino,071,2135413,933,356,0,356,11
2020-04-03,San Diego,073,3302833,1800,1114,0,1114,17
2020-04-03,San Francisco,075,870044,835,506,0,506,6
2020-04-03,San Joaquin,077,732212,280,162,3,165,10
2020-04-03,San Luis Obispo,079,281455,134,82,0,82,0
2020-04-03,San Mateo,081,765935,796,474,2,476,13
2020-04-03,Santa Barbara,083,443738,317,154,0,154,1
2020-04-03,Santa Clara,085,1922200,1537,983,1,984,39
2020-04-03,Santa Cruz,087,273765,92,52,0,52,1
2020-04-03,Shasta,089,179085,26,10,0,10,1
2020-04-03,Sierra,091,2930,0,0,0,0,0
2020-04-03,Siskiyou,093,43540,4,3,0,3,0
2020-04-03,Solano,095,438530,145,72,0,72,1
2020-04-03,Sonoma,097,501317,161,84,0,84,1
2020-04-03,Stanislaus,099,539301,137,48,3,51,0
2020-04-03,Sutter,101,95872,22,12,0,12,1
2020-04-03,Tehama,103,63373,1,1,0,1,0
2020-04-03,Trinity,105,12862,0,0,0,0,0
2020-04-03,Tulare,107,460477,215,73,2,75,3
2020-04-03,Tuolumne,109,53932,2,1,0,1,0
2020-04-03,Ventura,111,848112,354,186,0,186,6
2020-04-03,Yolo,113,214977,72,33,0,33,1
2020-04-03,Yuba,115,75493,13,6,0,6,0
2020-04-02,Alameda,001,1643700,803,345,0,345,10
2020-04-02,Alpine,003,1148,1,1,0,1,0
2020-04-02,Amador,005,37829,4,2,0,2,0
2020-04-02,Butte,007,227075,16,7,0,7,0
2020-04-02,Calaveras,009,45235,4,3,0,3,0
2020-04-02,Colusa,011,21464,3,1,0,1,0
2020-04-02,Contra Costa,013,1133247,558,297,0,297,3
2020-04-02,Del Norte,015,27424,2,0,0,0,0
2020-04-02,El Dorado,017,186661,35,16,0,16,0
2020-04-02,Fresno,019,978130,296,92,3,95,0
2020-04-02,Glenn,021,27897,3,2,0,2,0
2020-04-02,Humboldt,023,135768,50,23,0,23,0
2020-04-02,Imperial,025,180216,104,24,0,24,0
2020-04-02,Inyo,027,18085,10,8,0,8,0
2020-04-02,Kern,029,883053,332,74,0,74,0
2020-04-02,Kings,031,150075,30,3,1,4,0
2020-04-02,Lake,033,64148,3,0,0,0,0
2020-04-02,Lassen,035,31185,1,0,2,2,0
2020-04-02,Los Angeles,037,10098052,8336,4040,14,4054,79
2020-04-02,Madera,039,155013,50,25,0,25,1
2020-04-02,Marin,041,260295,145,102,0,102,1
2020-04-02,Mariposa,043,17540,0,0,0,0,0
2020-04-02,Mendocino,045,87422,6,4,0,4,0
2020-04-02,Merced,047,269075,41,9,0,9,0
2020-04-02,Modoc,049,8938,0,0,0,0,0
2020-04-02,Mono,051,14174,28,16,0,16,1
2020-04-02,Monterey,053,433212,80,50,0,50,2
2020-04-02,Napa,055,140530,38,13,0,13,0
2020-04-02,Nevada,057,99092,35,17,1,18,0
2020-04-02,Orange,059,3164182,1475,640,4,644,12
2020-04-02,Placer,061,380077,125,72,0,72,2
2020-04-02,Plumas,063,18699,3,1,0,1,0
2020-04-02,Riverside,065,2383286,1524,438,5,443,13
2020-04-02,Sacramento,067,1510023,691,322,0,322,9
2020-04-02,San Benito,069,59416,32,18,0,18,1
2020-04-02,San Bernardino,071,2135413,878,335,0,335,8
2020-04-02,San Diego,073,3302833,1733,968,0,968,16
2020-04-02,San Francisco,075,870044,808,473,0,473,6
2020-04-02,San Joaquin,077,732212,261,148,3,151,9
2020-04-02,San Luis Obispo,079,281455,129,79,0,79,0
2020-04-02,San Mateo,081,765935,775,423,2,425,13
2020-04-02,Santa Barbara,083,443738,304,125,0,125,1
2020-04-02,Santa Clara,085,1922200,1486,908,1,909,38
2020-04-02,Santa Cruz,087,273765,90,49,0,49,1
2020-04-02,Shasta,089,179085,25,7,0,7,1
2020-04-02,Sierra,091,2930,0,0,0,0,0
2020-04-02,Siskiyou,093,43540,4,3,0,3,0
2020-04-02,Solano,095,438530,135,65,0,65,0
2020-04-02,Sonoma,097,501317,157,76,0,76,1
2020-04-02,Stanislaus,099,539301,126,40,3,43,0
2020-04-02,Sutter,101,95872,21,10,0,10,1
2020-04-02,Tehama,103,63373,1,1,0,1,0
2020-04-02,Trinity,105,12862,0,0,0,0,0
2020-04-02,Tulare,107,460477,187,64,2,66,1
2020-04-02,Tuolumne,109,53932,2,1,0,1,0
2020-04-02,Ventura,111,848112,336,178,0,178,5
2020-04-02,Yolo,113,214977,70,29,0,29,1
2020-04-02,Yuba,115,75493,10,5,0,5,0
2020-04-01,Alameda,001,1643700,777,287,0,287,8
2020-04-01,Alpine,003,1148,1,1,0,1,0
2020-04-01,Amador,005,37829,4,1,0,1,0
2020-04-01,Butte,007,227075,16,6,0,6,0
2020-04-01,Calaveras,009,45235,3,3,0,3,0
2020-04-01,Colusa,011,21464,3,1,0,1,0
2020-04-01,Contra Costa,013,1133247,514,267,0,267,3
2020-04-01,Del Norte,015,27424,2,0,0,0,0
2020-04-01,El Dorado,017,186661,34,14,0,14,0
2020-04-01,Fresno,019,978130,276,75,2,77,0
2020-04-01,Glenn,021,27897,3,2,0,2,0
2020-04-01,Humboldt,023,135768,50,19,0,19,0
2020-04-01,Imperial,025,180216,97,25,0,25,0
2020-04-01,Inyo,027,18085,10,8,0,8,0
2020-04-01,Kern,029,883053,305,53,0,53,0
2020-04-01,Kings,031,150075,28,3,1,4,0
2020-04-01,Lake,033,64148,3,0,0,0,0
2020-04-01,Lassen,035,31185,1,0,2,2,0
2020-04-01,Los Angeles,037,10098052,7686,3502,14,3516,66
2020-04-01,Madera,039,155013,48,17,0,17,1
2020-04-01,Marin,041,260295,141,87,0,87,1
2020-04-01,Mariposa,043,17540,0,0,0,0,0
2020-04-01,Mendocino,045,87422,6,4,0,4,0
2020-04-01,Merced,047,269075,38,7,0,7,0
2020-04-01,Modoc,049,8938,0,0,0,0,0
2020-04-01,Mono,051,14174,28,12,0,12,1
2020-04-01,Monterey,053,433212,79,47,0,47,2
2020-04-01,Napa,055,140530,36,11,0,11,0
2020-04-01,Nevada,057,99092,35,15,1,16,0
2020-04-01,Orange,059,3164182,1422,579,4,583,11
2020-04-01,Placer,061,380077,124,52,0,52,2
2020-04-01,Plumas,063,18699,3,1,0,1,0
2020-04-01,Riverside,065,2383286,1356,306,5,311,11
2020-04-01,Sacramento,067,1510023,658,299,0,299,8
2020-04-01,San Benito,069,59416,29,14,0,14,1
2020-04-01,San Bernardino,071,2135413,829,245,0,245,5
2020-04-01,San Diego,073,3302833,1663,851,0,851,11
2020-04-01,San Francisco,075,870044,780,432,0,432,6
2020-04-01,San Joaquin,077,732212,250,132,3,135,8
2020-04-01,San Luis Obispo,079,281455,123,69,0,69,0
2020-04-01,San Mateo,081,765935,757,354,2,356,13
2020-04-01,Santa Barbara,083,443738,285,103,0,103,0
2020-04-01,Santa Clara,085,1922200,1445,805,1,806,33
2020-04-01,Santa Cruz,087,273765,85,44,0,44,1
2020-04-01,Shasta,089,179085,24,5,0,5,1
2020-04-01,Sierra,091,2930,0,0,0,0,0
2020-04-01,Siskiyou,093,43540,4,3,0,3,0
2020-04-01,Solano,095,438530,130,57,0,57,0
2020-04-01,Sonoma,097,501317,153,60,0,60,1
2020-04-01,Stanislaus,099,539301,115,29,3,32,0
2020-04-01,Sutter,101,95872,21,9,0,9,1
2020-04-01,Tehama,103,63373,1,0,0,0,0
2020-04-01,Trinity,105,12862,0,0,0,0,0
2020-04-01,Tulare,107,460477,152,43,2,45,1
2020-04-01,Tuolumne,109,53932,2,1,0,1,0
2020-04-01,Ventura,111,848112,323,154,0,154,5
2020-04-01,Yolo,113,214977,65,22,0,22,1
2020-04-01,Yuba,115,75493,9,5,0,5,0
2020-03-31,Alameda,001,1643700,709,269,0,269,7
2020-03-31,Alpine,003,1148,1,1,0,1,0
2020-03-31,Amador,005,37829,4,1,0,1,0
2020-03-31,Butte,007,227075,16,6,0,6,0
2020-03-31,Calaveras,009,45235,3,3,0,3,0
2020-03-31,Colusa,011,21464,3,1,0,1,0
2020-03-31,Contra Costa,013,1133247,489,246,0,246,3
2020-03-31,Del Norte,015,27424,1,0,0,0,0
2020-03-31,El Dorado,017,186661,30,14,0,14,0
2020-03-31,Fresno,019,978130,251,59,2,61,0
2020-03-31,Glenn,021,27897,3,2,0,2,0
2020-03-31,Humboldt,023,135768,50,18,0,18,0
2020-03-31,Imperial,025,180216,92,17,0,17,0
2020-03-31,Inyo,027,18085,10,8,0,8,0
2020-03-31,Kern,029,883053,281,47,0,47,0
2020-03-31,Kings,031,150075,26,2,1,3,0
2020-03-31,Lake,033,64148,1,0,0,0,0
2020-03-31,Lassen,035,31185,1,0,2,2,0
2020-03-31,Los Angeles,037,10098052,7021,3001,14,3015,53
2020-03-31,Madera,039,155013,47,17,0,17,1
2020-03-31,Marin,041,260295,132,85,0,85,1
2020-03-31,Mariposa,043,17540,0,0,0,0,0
2020-03-31,Mendocino,045,87422,6,4,0,4,0
2020-03-31,Merced,047,269075,33,6,0,6,0
2020-03-31,Modoc,049,8938,0,0,0,0,0
2020-03-31,Mono,051,14174,26,12,0,12,0
2020-03-31,Monterey,053,433212,77,43,0,43,2
2020-03-31,Napa,055,140530,35,9,0,9,0
2020-03-31,Nevada,057,99092,35,15,1,16,0
2020-03-31,Orange,059,3164182,1354,506,4,510,7
2020-03-31,Placer,061,380077,117,49,0,49,2
2020-03-31,Plumas,063,18699,1,0,0,0,0
2020-03-31,Riverside,065,2383286,1210,284,5,289,8
2020-03-31,Sacramento,067,1510023,606,271,0,271,8
2020-03-31,San Benito,069,59416,29,14,0,14,1
2020-03-31,San Bernardino,071,2135413,745,193,0,193,5
2020-03-31,San Diego,073,3302833,1581,736,0,736,9
2020-03-31,San Francisco,075,870044,745,404,0,404,5
2020-03-31,San Joaquin,077,732212,234,122,3,125,7
2020-03-31,San Luis Obispo,079,281455,120,67,0,67,0
2020-03-31,San Mateo,081,765935,738,297,2,299,12
2020-03-31,Santa Barbara,083,443738,268,89,0,89,0
2020-03-31,Santa Clara,085,1922200,1396,777,1,778,30
2020-03-31,Santa Cruz,087,273765,79,40,0,40,1
2020-03-31,Shasta,089,179085,21,5,0,5,1
2020-03-31,Sierra,091,2930,0,0,0,0,0
2020-03-31,Siskiyou,093,43540,4,3,0,3,0
2020-03-31,Solano,095,438530,116,56,0,56,0
2020-03-31,Sonoma,097,501317,148,58,0,58,1
2020-03-31,Stanislaus,099,539301,100,28,3,31,0
2020-03-31,Sutter,101,95872,21,8,0,8,0
2020-03-31,Tehama,103,63373,1,0,0,0,0
2020-03-31,Trinity,105,12862,0,0,0,0,0
2020-03-31,Tulare,107,460477,130,42,2,44,1
2020-03-31,Tuolumne,109,53932,2,1,0,1,0
2020-03-31,Ventura,111,848112,312,143,0,143,4
2020-03-31,Yolo,113,214977,58,21,0,21,1
2020-03-31,Yuba,115,75493,9,5,0,5,0
2020-03-30,Alameda,001,1643700,669,250,0,250,7
2020-03-30,Alpine,003,1148,1,1,0,1,0
2020-03-30,Amador,005,37829,4,1,0,1,0
2020-03-30,Butte,007,227075,14,5,0,5,0
2020-03-30,Calaveras,009,45235,3,3,0,3,0
2020-03-30,Colusa,011,21464,3,1,0,1,0
2020-03-30,Contra Costa,013,1133247,463,212,0,212,3
2020-03-30,Del Norte,015,27424,0,0,0,0,0
2020-03-30,El Dorado,017,186661,30,11,0,11,0
2020-03-30,Fresno,019,978130,226,46,2,48,0
2020-03-30,Glenn,021,27897,3,2,0,2,0
2020-03-30,Humboldt,023,135768,48,11,0,11,0
2020-03-30,Imperial,025,180216,88,9,0,9,0
2020-03-30,Inyo,027,18085,10,5,0,5,0
2020-03-30,Kern,029,883053,248,30,0,30,0
2020-03-30,Kings,031,150075,26,1,1,2,0
2020-03-30,Lake,033,64148,1,0,0,0,0
2020-03-30,Lassen,035,31185,1,0,1,1,0
2020-03-30,Los Angeles,037,10098052,6366,2467,14,2481,44
2020-03-30,Madera,039,155013,46,14,0,14,1
2020-03-30,Marin,041,260295,125,78,0,78,0
2020-03-30,Mariposa,043,17540,0,0,0,0,0
2020-03-30,Mendocino,045,87422,5,2,0,2,0
2020-03-30,Merced,047,269075,29,6,0,6,0
2020-03-30,Modoc,049,8938,0,0,0,0,0
2020-03-30,Mono,051,14174,26,11,0,11,0
2020-03-30,Monterey,053,433212,72,41,0,41,1
2020-03-30,Napa,055,140530,34,9,0,9,0
2020-03-30,Nevada,057,99092,34,14,1,15,0
2020-03-30,Orange,059,3164182,1288,418,4,422,5
2020-03-30,Placer,061,380077,114,44,0,44,2
2020-03-30,Plumas,063,18699,1,0,0,0,0
2020-03-30,Riverside,065,2383286,1130,204,5,209,7
2020-03-30,Sacramento,067,1510023,582,238,0,238,8
2020-03-30,San Benito,069,59416,29,11,0,11,1
2020-03-30,San Bernardino,071,2135413,701,145,0,145,4
2020-03-30,San Diego,073,3302833,1511,605,0,605,7
2020-03-30,San Francisco,075,870044,705,368,0,368,5
2020-03-30,San Joaquin,077,732212,227,112,3,115,5
2020-03-30,San Luis Obispo,079,281455,118,62,0,62,0
2020-03-30,San Mateo,081,765935,714,257,2,259,11
2020-03-30,Santa Barbara,083,443738,258,79,0,79,0
2020-03-30,Santa Clara,085,1922200,1365,745,1,746,31
2020-03-30,Santa Cruz,087,273765,76,36,0,36,1
2020-03-30,Shasta,089,179085,20,4,0,4,1
2020-03-30,Sierra,091,2930,0,0,0,0,0
2020-03-30,Siskiyou,093,43540,4,2,0,2,0
2020-03-30,Solano,095,438530,110,50,0,50,0
2020-03-30,Sonoma,097,501317,145,57,0,57,1
2020-03-30,Stanislaus,099,539301,93,28,3,31,0
2020-03-30,Sutter,101,95872,20,6,0,6,0
2020-03-30,Tehama,103,63373,1,0,0,0,0
2020-03-30,Trinity,105,12862,0,0,0,0,0
2020-03-30,Tulare,107,460477,120,40,2,42,1
2020-03-30,Tuolumne,109,53932,2,1,0,1,0
2020-03-30,Ventura,111,848112,301,118,0,118,2
2020-03-30,Yolo,113,214977,56,17,0,17,1
2020-03-30,Yuba,115,75493,8,5,0,5,0
2020-03-29,Alameda,001,1643700,635,207,0,207,6
2020-03-29,Alpine,003,1148,1,0,0,0,0
2020-03-29,Amador,005,37829,4,1,0,1,0
2020-03-29,Butte,007,227075,14,4,0,4,0
2020-03-29,Calaveras,009,45235,3,2,0,2,0
2020-03-29,Colusa,011,21464,3,1,0,1,0
2020-03-29,Contra Costa,013,1133247,433,187,0,187,3
2020-03-29,Del Norte,015,27424,0,0,0,0,0
2020-03-29,El Dorado,017,186661,29,9,0,9,0
2020-03-29,Fresno,019,978130,202,31,2,33,0
2020-03-29,Glenn,021,27897,2,1,0,1,0
2020-03-29,Humboldt,023,135768,45,9,0,9,0
2020-03-29,Imperial,025,180216,82,9,0,9,0
2020-03-29,Inyo,027,18085,9,0,0,0,0
2020-03-29,Kern,029,883053,230,20,0,20,0
2020-03-29,Kings,031,150075,23,1,1,2,0
2020-03-29,Lake,033,64148,0,0,0,0,0
2020-03-29,Lassen,035,31185,1,0,1,1,0
2020-03-29,Los Angeles,037,10098052,5720,2119,14,2133,37
2020-03-29,Madera,039,155013,41,11,0,11,1
2020-03-29,Marin,041,260295,120,60,0,60,0
2020-03-29,Mariposa,043,17540,0,0,0,0,0
2020-03-29,Mendocino,045,87422,5,2,0,2,0
2020-03-29,Merced,047,269075,28,4,0,4,0
2020-03-29,Modoc,049,8938,0,0,0,0,0
2020-03-29,Mono,051,14174,26,8,0,8,0
2020-03-29,Monterey,053,433212,67,36,0,36,1
2020-03-29,Napa,055,140530,32,5,0,5,0
2020-03-29,Nevada,057,99092,32,13,1,14,0
2020-03-29,Orange,059,3164182,1214,343,4,347,2
2020-03-29,Placer,061,380077,113,35,0,35,2
2020-03-29,Plumas,063,18699,1,0,0,0,0
2020-03-29,Riverside,065,2383286,1006,122,5,127,7
2020-03-29,Sacramento,067,1510023,542,217,0,217,7
2020-03-29,San Benito,069,59416,28,10,0,10,1
2020-03-29,San Bernardino,071,2135413,649,94,0,94,2
2020-03-29,San Diego,073,3302833,1439,521,0,521,7
2020-03-29,San Francisco,075,870044,661,333,0,333,5
2020-03-29,San Joaquin,077,732212,218,86,3,89,4
2020-03-29,San Luis Obispo,079,281455,112,55,0,55,0
2020-03-29,San Mateo,081,765935,689,234,2,236,12
2020-03-29,Santa Barbara,083,443738,247,52,0,52,0
2020-03-29,Santa Clara,085,1922200,1309,591,1,592,30
2020-03-29,Santa Cruz,087,273765,76,33,0,33,1
2020-03-29,Shasta,089,179085,19,4,0,4,1
2020-03-29,Sierra,091,2930,0,0,0,0,0
2020-03-29,Siskiyou,093,43540,4,2,0,2,0
2020-03-29,Solano,095,438530,102,48,0,48,0
2020-03-29,Sonoma,097,501317,143,35,0,35,1
2020-03-29,Stanislaus,099,539301,88,19,3,22,0
2020-03-29,Sutter,101,95872,17,6,0,6,0
2020-03-29,Tehama,103,63373,1,0,0,0,0
2020-03-29,Trinity,105,12862,0,0,0,0,0
2020-03-29,Tulare,107,460477,100,24,2,26,1
2020-03-29,Tuolumne,109,53932,1,1,0,1,0
2020-03-29,Ventura,111,848112,274,92,0,92,2
2020-03-29,Yolo,113,214977,51,13,0,13,1
2020-03-29,Yuba,115,75493,8,3,0,3,0
2020-03-28,Alameda,001,1643700,608,410,0,410,12
2020-03-28,Alpine,003,1148,1,0,0,0,0
2020-03-28,Amador,005,37829,4,2,0,2,0
2020-03-28,Butte,007,227075,14,8,0,8,0
2020-03-28,Calaveras,009,45235,3,4,0,4,0
2020-03-28,Colusa,011,21464,3,2,0,2,0
2020-03-28,Contra Costa,013,1133247,410,350,0,350,4
2020-03-28,Del Norte,015,27424,0,0,0,0,0
2020-03-28,El Dorado,017,186661,28,18,0,18,0
2020-03-28,Fresno,019,978130,192,62,2,64,0
2020-03-28,Glenn,021,27897,2,2,0,2,0
2020-03-28,Humboldt,023,135768,45,18,0,18,0
2020-03-28,Imperial,025,180216,77,18,0,18,0
2020-03-28,Inyo,027,18085,9,0,0,0,0
2020-03-28,Kern,029,883053,213,40,0,40,0
2020-03-28,Kings,031,150075,22,2,1,3,0
2020-03-28,Lake,033,64148,0,0,0,0,0
2020-03-28,Lassen,035,31185,1,0,1,1,0
2020-03-28,Los Angeles,037,10098052,5334,3600,13,3613,64
2020-03-28,Madera,039,155013,41,22,0,22,2
2020-03-28,Marin,041,260295,115,116,0,116,0
2020-03-28,Mariposa,043,17540,0,0,0,0,0
2020-03-28,Mendocino,045,87422,5,4,0,4,0
2020-03-28,Merced,047,269075,27,8,0,8,0
2020-03-28,Modoc,049,8938,0,0,0,0,0
2020-03-28,Mono,051,14174,24,12,0,12,0
2020-03-28,Monterey,053,433212,66,64,0,64,2
2020-03-28,Napa,055,140530,27,10,0,10,0
2020-03-28,Nevada,057,99092,32,22,1,23,0
2020-03-28,Orange,059,3164182,1178,656,4,660,4
2020-03-28,Placer,061,380077,108,70,0,70,2
2020-03-28,Plumas,063,18699,1,0,0,0,0
2020-03-28,Riverside,065,2383286,938,242,5,247,14
2020-03-28,Sacramento,067,1510023,524,406,0,406,14
2020-03-28,San Benito,069,59416,28,20,0,20,2
2020-03-28,San Bernardino,071,2135413,601,162,0,162,4
2020-03-28,San Diego,073,3302833,1380,980,0,980,14
2020-03-28,San Francisco,075,870044,637,600,0,600,6
2020-03-28,San Joaquin,077,732212,210,166,3,169,8
2020-03-28,San Luis Obispo,079,281455,110,104,0,104,0
2020-03-28,San Mateo,081,765935,669,462,2,464,17
2020-03-28,Santa Barbara,083,443738,236,98,0,98,0
2020-03-28,Santa Clara,085,1922200,1290,1174,1,1175,54
2020-03-28,Santa Cruz,087,273765,75,62,0,62,0
2020-03-28,Shasta,089,179085,19,8,0,8,2
2020-03-28,Sierra,091,2930,0,0,0,0,0
2020-03-28,Siskiyou,093,43540,4,4,0,4,0
2020-03-28,Solano,095,438530,98,96,0,96,0
2020-03-28,Sonoma,097,501317,141,70,0,70,2
2020-03-28,Stanislaus,099,539301,83,34,3,37,0
2020-03-28,Sutter,101,95872,17,6,0,6,0
2020-03-28,Tehama,103,63373,1,0,0,0,0
2020-03-28,Trinity,105,12862,0,0,0,0,0
2020-03-28,Tulare,107,460477,94,46,2,48,0
2020-03-28,Tuolumne,109,53932,1,2,0,2,0
2020-03-28,Ventura,111,848112,270,178,0,178,4
2020-03-28,Yolo,113,214977,50,26,0,26,2
2020-03-28,Yuba,115,75493,8,6,0,6,0
2020-03-27,Alameda,001,1643700,590,185,0,185,4
2020-03-27,Alpine,003,1148,1,0,0,0,0
2020-03-27,Amador,005,37829,3,1,0,1,0
2020-03-27,Butte,007,227075,12,4,0,4,0
2020-03-27,Calaveras,009,45235,3,2,0,2,0
2020-03-27,Colusa,011,21464,3,0,0,0,0
2020-03-27,Contra Costa,013,1133247,389,161,0,161,2
2020-03-27,Del Norte,015,27424,0,0,0,0,0
2020-03-27,El Dorado,017,186661,26,9,0,9,0
2020-03-27,Fresno,019,978130,180,29,1,30,0
2020-03-27,Glenn,021,27897,2,0,0,0,0
2020-03-27,Humboldt,023,135768,41,9,0,9,0
2020-03-27,Imperial,025,180216,72,9,0,9,0
2020-03-27,Inyo,027,18085,9,0,0,0,0
2020-03-27,Kern,029,883053,200,20,0,20,0
2020-03-27,Kings,031,150075,21,0,1,1,0
2020-03-27,Lake,033,64148,0,0,0,0,0
2020-03-27,Lassen,035,31185,1,0,1,1,0
2020-03-27,Los Angeles,037,10098052,4922,1474,13,1487,26
2020-03-27,Madera,039,155013,39,10,0,10,1
2020-03-27,Marin,041,260295,110,58,0,58,0
2020-03-27,Mariposa,043,17540,0,0,0,0,0
2020-03-27,Mendocino,045,87422,5,2,0,2,0
2020-03-27,Merced,047,269075,26,3,0,3,0
2020-03-27,Modoc,049,8938,0,0,0,0,0
2020-03-27,Mono,051,14174,24,6,0,6,0
2020-03-27,Monterey,053,433212,63,26,0,26,1
2020-03-27,Napa,055,140530,27,5,0,5,0
2020-03-27,Nevada,057,99092,32,6,1,7,0
2020-03-27,Orange,059,3164182,1125,299,4,303,2
2020-03-27,Placer,061,380077,105,33,0,33,1
2020-03-27,Plumas,063,18699,0,0,0,0,0
2020-03-27,Riverside,065,2383286,882,121,5,126,7
2020-03-27,Sacramento,067,1510023,501,163,0,163,6
2020-03-27,San Benito,069,59416,27,9,0,9,1
2020-03-27,San Bernardino,071,2135413,511,77,0,77,2
2020-03-27,San Diego,073,3302833,1323,419,0,419,5
2020-03-27,San Francisco,075,870044,612,285,0,285,2
2020-03-27,San Joaquin,077,732212,199,73,3,76,3
2020-03-27,San Luis Obispo,079,281455,108,46,0,46,0
2020-03-27,San Mateo,081,765935,643,213,2,215,7
2020-03-27,Santa Barbara,083,443738,220,37,0,37,0
2020-03-27,Santa Clara,085,1922200,1253,557,1,558,25
2020-03-27,Santa Cruz,087,273765,74,31,0,31,0
2020-03-27,Shasta,089,179085,16,3,0,3,1
2020-03-27,Sierra,091,2930,0,0,0,0,0
2020-03-27,Siskiyou,093,43540,4,2,0,2,0
2020-03-27,Solano,095,438530,92,48,0,48,0
2020-03-27,Sonoma,097,501317,133,35,0,35,1
2020-03-27,Stanislaus,099,539301,81,16,3,19,0
2020-03-27,Sutter,101,95872,16,2,0,2,0
2020-03-27,Tehama,103,63373,1,0,0,0,0
2020-03-27,Trinity,105,12862,0,0,0,0,0
2020-03-27,Tulare,107,460477,86,15,2,17,0
2020-03-27,Tuolumne,109,53932,1,1,0,1,0
2020-03-27,Ventura,111,848112,261,80,0,80,2
2020-03-27,Yolo,113,214977,49,13,0,13,1
2020-03-27,Yuba,115,75493,7,3,0,3,0
2020-03-26,Alameda,001,1643700,550,172,0,172,4
2020-03-26,Alpine,003,1148,1,0,0,0,0
2020-03-26,Amador,005,37829,3,1,0,1,0
2020-03-26,Butte,007,227075,12,4,0,4,0
2020-03-26,Calaveras,009,45235,3,2,0,2,0
2020-03-26,Colusa,011,21464,3,0,0,0,0
2020-03-26,Contra Costa,013,1133247,379,147,0,147,2
2020-03-26,Del Norte,015,27424,0,0,0,0,0
2020-03-26,El Dorado,017,186661,25,7,0,7,0
2020-03-26,Fresno,019,978130,171,25,1,26,0
2020-03-26,Glenn,021,27897,2,0,0,0,0
2020-03-26,Humboldt,023,135768,37,8,0,8,0
2020-03-26,Imperial,025,180216,68,8,0,8,0
2020-03-26,Inyo,027,18085,8,0,0,0,0
2020-03-26,Kern,029,883053,184,20,0,20,0
2020-03-26,Kings,031,150075,21,0,1,1,0
2020-03-26,Lake,033,64148,0,0,0,0,0
2020-03-26,Lassen,035,31185,1,0,1,1,0
2020-03-26,Los Angeles,037,10098052,4520,1075,13,1088,19
2020-03-26,Madera,039,155013,37,8,0,8,0
2020-03-26,Marin,041,260295,101,56,0,56,0
2020-03-26,Mariposa,043,17540,0,0,0,0,0
2020-03-26,Mendocino,045,87422,4,1,0,1,0
2020-03-26,Merced,047,269075,23,1,0,1,0
2020-03-26,Modoc,049,8938,0,0,0,0,0
2020-03-26,Mono,051,14174,23,5,0,5,0
2020-03-26,Monterey,053,433212,60,25,0,25,1
2020-03-26,Napa,055,140530,26,5,0,5,0
2020-03-26,Nevada,057,99092,32,7,1,8,0
2020-03-26,Orange,059,3164182,1062,279,4,283,1
2020-03-26,Placer,061,380077,102,34,0,34,1
2020-03-26,Plumas,063,18699,0,0,0,0,0
2020-03-26,Riverside,065,2383286,812,118,5,123,7
2020-03-26,Sacramento,067,1510023,468,147,0,147,5
2020-03-26,San Benito,069,59416,27,8,0,8,1
2020-03-26,San Bernardino,071,2135413,445,57,0,57,1
2020-03-26,San Diego,073,3302833,1256,299,0,299,2
2020-03-26,San Francisco,075,870044,585,261,0,261,1
2020-03-26,San Joaquin,077,732212,188,69,3,72,3
2020-03-26,San Luis Obispo,079,281455,103,38,0,38,0
2020-03-26,San Mateo,081,765935,609,122,2,124,5
2020-03-26,Santa Barbara,083,443738,204,33,0,33,0
2020-03-26,Santa Clara,085,1922200,1210,487,1,488,20
2020-03-26,Santa Cruz,087,273765,70,30,0,30,0
2020-03-26,Shasta,089,179085,16,3,0,3,1
2020-03-26,Sierra,091,2930,0,0,0,0,0
2020-03-26,Siskiyou,093,43540,4,2,0,2,0
2020-03-26,Solano,095,438530,84,41,0,41,0
2020-03-26,Sonoma,097,501317,128,33,0,33,1
2020-03-26,Stanislaus,099,539301,79,15,3,18,0
2020-03-26,Sutter,101,95872,12,2,0,2,0
2020-03-26,Tehama,103,63373,1,0,0,0,0
2020-03-26,Trinity,105,12862,0,0,0,0,0
2020-03-26,Tulare,107,460477,79,15,2,17,0
2020-03-26,Tuolumne,109,53932,1,0,0,0,0
2020-03-26,Ventura,111,848112,245,70,0,70,1
2020-03-26,Yolo,113,214977,45,13,0,13,1
2020-03-26,Yuba,115,75493,7,3,0,3,0
2020-03-25,Alameda,001,1643700,529,134,0,134,3
2020-03-25,Alpine,003,1148,1,0,0,0,0
2020-03-25,Amador,005,37829,3,1,0,1,0
2020-03-25,Butte,007,227075,12,4,0,4,0
2020-03-25,Calaveras,009,45235,3,2,0,2,0
2020-03-25,Colusa,011,21464,2,0,0,0,0
2020-03-25,Contra Costa,013,1133247,365,131,0,131,1
2020-03-25,Del Norte,015,27424,0,0,0,0,0
2020-03-25,El Dorado,017,186661,25,5,0,5,0
2020-03-25,Fresno,019,978130,155,21,1,22,0
2020-03-25,Glenn,021,27897,2,0,0,0,0
2020-03-25,Humboldt,023,135768,34,3,0,3,0
2020-03-25,Imperial,025,180216,60,8,0,8,0
2020-03-25,Inyo,027,18085,5,0,0,0,0
2020-03-25,Kern,029,883053,164,13,0,13,0
2020-03-25,Kings,031,150075,19,0,1,1,0
2020-03-25,Lake,033,64148,0,0,0,0,0
2020-03-25,Lassen,035,31185,1,0,1,1,0
2020-03-25,Los Angeles,037,10098052,4125,725,13,738,10
2020-03-25,Madera,039,155013,35,6,0,6,0
2020-03-25,Marin,041,260295,95,47,0,47,0
2020-03-25,Mariposa,043,17540,0,0,0,0,0
2020-03-25,Mendocino,045,87422,3,1,0,1,0
2020-03-25,Merced,047,269075,19,0,0,0,0
2020-03-25,Modoc,049,8938,0,0,0,0,0
2020-03-25,Mono,051,14174,22,4,0,4,0
2020-03-25,Monterey,053,433212,57,23,0,23,1
2020-03-25,Napa,055,140530,26,5,0,5,0
2020-03-25,Nevada,057,99092,31,5,1,6,0
2020-03-25,Orange,059,3164182,1004,214,4,218,1
2020-03-25,Placer,061,380077,96,30,0,30,1
2020-03-25,Plumas,063,18699,0,1,0,1,0
2020-03-25,Riverside,065,2383286,741,87,5,92,5
2020-03-25,Sacramento,067,1510023,442,114,0,114,5
2020-03-25,San Benito,069,59416,26,4,0,4,1
2020-03-25,San Bernardino,071,2135413,406,46,0,46,1
2020-03-25,San Diego,073,3302833,1194,238,0,238,2
2020-03-25,San Francisco,075,870044,544,212,0,212,1
2020-03-25,San Joaquin,077,732212,175,64,3,67,2
2020-03-25,San Luis Obispo,079,281455,98,35,0,35,0
2020-03-25,San Mateo,081,765935,574,111,2,113,5
2020-03-25,Santa Barbara,083,443738,193,25,0,25,0
2020-03-25,Santa Clara,085,1922200,1166,452,1,453,20
2020-03-25,Santa Cruz,087,273765,67,26,0,26,0
2020-03-25,Shasta,089,179085,15,3,0,3,1
2020-03-25,Sierra,091,2930,0,0,0,0,0
2020-03-25,Siskiyou,093,43540,4,2,0,2,0
2020-03-25,Solano,095,438530,79,39,0,39,0
2020-03-25,Sonoma,097,501317,123,31,0,31,1
2020-03-25,Stanislaus,099,539301,72,14,3,17,0
2020-03-25,Sutter,101,95872,9,1,0,1,0
2020-03-25,Tehama,103,63373,1,0,0,0,0
2020-03-25,Trinity,105,12862,0,0,0,0,0
2020-03-25,Tulare,107,460477,69,11,2,13,0
2020-03-25,Tuolumne,109,53932,1,0,0,0,0
2020-03-25,Ventura,111,848112,229,53,0,53,1
2020-03-25,Yolo,113,214977,43,9,0,9,1
2020-03-25,Yuba,115,75493,7,2,0,2,0
2020-03-24,Alameda,001,1643700,497,96,0,96,2
2020-03-24,Alpine,003,1148,1,0,0,0,0
2020-03-24,Amador,005,37829,1,1,0,1,0
2020-03-24,Butte,007,227075,11,3,0,3,0
2020-03-24,Calaveras,009,45235,2,2,0,2,0
2020-03-24,Colusa,011,21464,2,0,0,0,0
2020-03-24,Contra Costa,013,1133247,351,108,0,108,1
2020-03-24,Del Norte,015,27424,0,0,0,0,0
2020-03-24,El Dorado,017,186661,25,3,0,3,0
2020-03-24,Fresno,019,978130,135,18,1,19,0
2020-03-24,Glenn,021,27897,2,0,0,0,0
2020-03-24,Humboldt,023,135768,32,2,0,2,0
2020-03-24,Imperial,025,180216,57,3,0,3,0
2020-03-24,Inyo,027,18085,5,0,0,0,0
2020-03-24,Kern,029,883053,144,5,0,5,0
2020-03-24,Kings,031,150075,18,0,1,1,0
2020-03-24,Lake,033,64148,0,0,0,0,0
2020-03-24,Lassen,035,31185,1,0,1,1,0
2020-03-24,Los Angeles,037,10098052,3673,633,13,646,7
2020-03-24,Madera,039,155013,34,6,0,6,0
2020-03-24,Marin,041,260295,84,44,0,44,0
2020-03-24,Mariposa,043,17540,0,0,0,0,0
2020-03-24,Mendocino,045,87422,3,1,0,1,0
2020-03-24,Merced,047,269075,17,0,0,0,0
2020-03-24,Modoc,049,8938,0,0,0,0,0
2020-03-24,Mono,051,14174,21,1,0,1,0
2020-03-24,Monterey,053,433212,53,23,0,23,1
2020-03-24,Napa,055,140530,23,2,0,2,0
2020-03-24,Nevada,057,99092,30,4,1,5,0
2020-03-24,Orange,059,3164182,942,166,4,170,0
2020-03-24,Placer,061,380077,89,22,0,22,1
2020-03-24,Plumas,063,18699,0,1,0,1,0
2020-03-24,Riverside,065,2383286,674,56,5,61,5
2020-03-24,Sacramento,067,1510023,423,93,0,93,4
2020-03-24,San Benito,069,59416,25,4,0,4,1
2020-03-24,San Bernardino,071,2135413,362,27,0,27,0
2020-03-24,San Diego,073,3302833,1127,231,0,231,2
2020-03-24,San Francisco,075,870044,512,181,0,181,1
2020-03-24,San Joaquin,077,732212,164,52,3,55,2
2020-03-24,San Luis Obispo,079,281455,95,32,0,32,0
2020-03-24,San Mateo,081,765935,533,100,2,102,2
2020-03-24,Santa Barbara,083,443738,187,20,0,20,0
2020-03-24,Santa Clara,085,1922200,1097,389,1,390,17
2020-03-24,Santa Cruz,087,273765,62,22,0,22,0
2020-03-24,Shasta,089,179085,14,3,0,3,0
2020-03-24,Sierra,091,2930,0,0,0,0,0
2020-03-24,Siskiyou,093,43540,4,2,0,2,0
2020-03-24,Solano,095,438530,77,34,0,34,0
2020-03-24,Sonoma,097,501317,116,27,0,27,1
2020-03-24,Stanislaus,099,539301,63,13,3,16,0
2020-03-24,Sutter,101,95872,9,0,0,0,0
2020-03-24,Tehama,103,63373,1,0,0,0,0
2020-03-24,Trinity,105,12862,0,0,0,0,0
2020-03-24,Tulare,107,460477,61,10,2,12,0
2020-03-24,Tuolumne,109,53932,1,0,0,0,0
2020-03-24,Ventura,111,848112,213,44,0,44,1
2020-03-24,Yolo,113,214977,39,8,0,8,0
2020-03-24,Yuba,115,75493,7,2,0,2,0
2020-03-23,Alameda,001,1643700,466,88,0,88,1
2020-03-23,Alpine,003,1148,1,0,0,0,0
2020-03-23,Amador,005,37829,1,1,0,1,0
2020-03-23,Butte,007,227075,11,2,0,2,0
2020-03-23,Calaveras,009,45235,2,2,0,2,0
2020-03-23,Colusa,011,21464,1,0,0,0,0
2020-03-23,Contra Costa,013,1133247,331,91,0,91,2
2020-03-23,Del Norte,015,27424,0,0,0,0,0
2020-03-23,El Dorado,017,186661,24,3,0,3,0
2020-03-23,Fresno,019,978130,124,10,1,11,0
2020-03-23,Glenn,021,27897,2,0,0,0,0
2020-03-23,Humboldt,023,135768,30,2,0,2,0
2020-03-23,Imperial,025,180216,53,2,0,2,0
2020-03-23,Inyo,027,18085,3,0,0,0,0
2020-03-23,Kern,029,883053,130,5,0,5,0
2020-03-23,Kings,031,150075,18,0,1,1,0
2020-03-23,Lake,033,64148,0,0,0,0,0
2020-03-23,Lassen,035,31185,1,0,1,1,0
2020-03-23,Los Angeles,037,10098052,3369,389,13,402,4
2020-03-23,Madera,039,155013,34,4,0,4,0
2020-03-23,Marin,041,260295,79,30,0,30,0
2020-03-23,Mariposa,043,17540,0,0,0,0,0
2020-03-23,Mendocino,045,87422,3,1,0,1,0
2020-03-23,Merced,047,269075,11,0,0,0,0
2020-03-23,Modoc,049,8938,0,0,0,0,0
2020-03-23,Mono,051,14174,19,1,0,1,0
2020-03-23,Monterey,053,433212,48,14,0,14,1
2020-03-23,Napa,055,140530,21,1,0,1,0
2020-03-23,Nevada,057,99092,27,2,1,3,0
2020-03-23,Orange,059,3164182,888,138,4,142,0
2020-03-23,Placer,061,380077,86,19,0,19,1
2020-03-23,Plumas,063,18699,0,0,0,0,0
2020-03-23,Riverside,065,2383286,633,39,5,44,5
2020-03-23,Sacramento,067,1510023,390,87,0,87,4
2020-03-23,San Benito,069,59416,24,4,0,4,1
2020-03-23,San Bernardino,071,2135413,332,17,0,17,0
2020-03-23,San Diego,073,3302833,1068,178,0,178,1
2020-03-23,San Francisco,075,870044,483,152,0,152,0
2020-03-23,San Joaquin,077,732212,153,37,3,40,2
2020-03-23,San Luis Obispo,079,281455,89,23,0,23,0
2020-03-23,San Mateo,081,765935,495,88,2,90,1
2020-03-23,Santa Barbara,083,443738,166,18,0,18,0
2020-03-23,Santa Clara,085,1922200,1050,336,1,337,13
2020-03-23,Santa Cruz,087,273765,60,21,0,21,0
2020-03-23,Shasta,089,179085,12,2,0,2,0
2020-03-23,Sierra,091,2930,0,0,0,0,0
2020-03-23,Siskiyou,093,43540,4,2,0,2,0
2020-03-23,Solano,095,438530,73,33,0,33,0
2020-03-23,Sonoma,097,501317,104,19,0,19,1
2020-03-23,Stanislaus,099,539301,55,10,3,13,0
2020-03-23,Sutter,101,95872,9,0,0,0,0
2020-03-23,Tehama,103,63373,1,0,0,0,0
2020-03-23,Trinity,105,12862,0,0,0,0,0
2020-03-23,Tulare,107,460477,55,9,2,11,0
2020-03-23,Tuolumne,109,53932,1,0,0,0,0
2020-03-23,Ventura,111,848112,196,30,0,30,0
2020-03-23,Yolo,113,214977,38,8,0,8,0
2020-03-23,Yuba,115,75493,7,2,0,2,0
2020-03-22,Alameda,001,1643700,427,72,0,72,1
2020-03-22,Alpine,003,1148,1,0,0,0,0
2020-03-22,Amador,005,37829,1,1,0,1,0
2020-03-22,Butte,007,227075,8,1,0,1,0
2020-03-22,Calaveras,009,45235,2,2,0,2,0
2020-03-22,Colusa,011,21464,1,0,0,0,0
2020-03-22,Contra Costa,013,1133247,304,79,0,79,1
2020-03-22,Del Norte,015,27424,0,0,0,0,0
2020-03-22,El Dorado,017,186661,22,1,0,1,0
2020-03-22,Fresno,019,978130,104,8,1,9,0
2020-03-22,Glenn,021,27897,2,0,0,0,0
2020-03-22,Humboldt,023,135768,27,1,0,1,0
2020-03-22,Imperial,025,180216,51,2,0,2,0
2020-03-22,Inyo,027,18085,1,0,0,0,0
2020-03-22,Kern,029,883053,114,3,0,3,0
2020-03-22,Kings,031,150075,16,0,1,1,0
2020-03-22,Lake,033,64148,0,0,0,0,0
2020-03-22,Lassen,035,31185,1,0,1,1,0
2020-03-22,Los Angeles,037,10098052,3048,384,13,397,3
2020-03-22,Madera,039,155013,32,4,0,4,0
2020-03-22,Marin,041,260295,69,30,0,30,0
2020-03-22,Mariposa,043,17540,0,0,0,0,0
2020-03-22,Mendocino,045,87422,3,1,0,1,0
2020-03-22,Merced,047,269075,7,0,0,0,0
2020-03-22,Modoc,049,8938,0,0,0,0,0
2020-03-22,Mono,051,14174,14,1,0,1,0
2020-03-22,Monterey,053,433212,45,14,0,14,1
2020-03-22,Napa,055,140530,17,1,0,1,0
2020-03-22,Nevada,057,99092,23,2,1,3,0
2020-03-22,Orange,059,3164182,819,102,4,106,0
2020-03-22,Placer,061,380077,83,18,0,18,1
2020-03-22,Plumas,063,18699,0,0,0,0,0
2020-03-22,Riverside,065,2383286,551,26,3,29,5
2020-03-22,Sacramento,067,1510023,358,82,0,82,4
2020-03-22,San Benito,069,59416,19,4,0,4,1
2020-03-22,San Bernardino,071,2135413,289,16,0,16,0
2020-03-22,San Diego,073,3302833,980,161,0,161,0
2020-03-22,San Francisco,075,870044,446,134,0,134,0
2020-03-22,San Joaquin,077,732212,139,30,3,33,2
2020-03-22,San Luis Obispo,079,281455,84,19,0,19,0
2020-03-22,San Mateo,081,765935,462,82,2,84,1
2020-03-22,Santa Barbara,083,443738,148,16,0,16,0
2020-03-22,Santa Clara,085,1922200,988,284,1,285,13
2020-03-22,Santa Cruz,087,273765,59,19,0,19,0
2020-03-22,Shasta,089,179085,12,1,0,1,0
2020-03-22,Sierra,091,2930,0,0,0,0,0
2020-03-22,Siskiyou,093,43540,4,2,0,2,0
2020-03-22,Solano,095,438530,64,30,0,30,0
2020-03-22,Sonoma,097,501317,99,18,0,18,1
2020-03-22,Stanislaus,099,539301,49,8,3,11,0
2020-03-22,Sutter,101,95872,8,0,0,0,0
2020-03-22,Tehama,103,63373,0,0,0,0,0
2020-03-22,Trinity,105,12862,0,0,0,0,0
2020-03-22,Tulare,107,460477,51,5,2,7,0
2020-03-22,Tuolumne,109,53932,1,0,0,0,0
2020-03-22,Ventura,111,848112,174,26,0,26,0
2020-03-22,Yolo,113,214977,32,6,0,6,0
2020-03-22,Yuba,115,75493,7,2,0,2,0
2020-03-21,Alameda,001,1643700,403,62,0,62,0
2020-03-21,Alpine,003,1148,1,0,0,0,0
2020-03-21,Amador,005,37829,1,1,0,1,0
2020-03-21,Butte,007,227075,7,1,0,1,0
2020-03-21,Calaveras,009,45235,2,2,0,2,0
2020-03-21,Colusa,011,21464,1,0,0,0,0
2020-03-21,Contra Costa,013,1133247,293,62,0,62,1
2020-03-21,Del Norte,015,27424,0,0,0,0,0
2020-03-21,El Dorado,017,186661,19,1,0,1,0
2020-03-21,Fresno,019,978130,100,8,1,9,0
2020-03-21,Glenn,021,27897,2,0,0,0,0
2020-03-21,Humboldt,023,135768,25,1,0,1,0
2020-03-21,Imperial,025,180216,47,2,0,2,0
2020-03-21,Inyo,027,18085,1,0,0,0,0
2020-03-21,Kern,029,883053,108,3,0,3,0
2020-03-21,Kings,031,150075,16,0,1,1,0
2020-03-21,Lake,033,64148,0,0,0,0,0
2020-03-21,Lassen,035,31185,1,0,1,1,0
2020-03-21,Los Angeles,037,10098052,2775,322,13,335,2
2020-03-21,Madera,039,155013,32,4,0,4,0
2020-03-21,Marin,041,260295,64,30,0,30,0
2020-03-21,Mariposa,043,17540,0,0,0,0,0
2020-03-21,Mendocino,045,87422,3,1,0,1,0
2020-03-21,Merced,047,269075,6,0,0,0,0
2020-03-21,Modoc,049,8938,0,0,0,0,0
2020-03-21,Mono,051,14174,14,1,0,1,0
2020-03-21,Monterey,053,433212,43,8,0,8,1
2020-03-21,Napa,055,140530,17,0,0,0,0
2020-03-21,Nevada,057,99092,23,2,1,3,0
2020-03-21,Orange,059,3164182,770,85,4,89,0
2020-03-21,Placer,061,380077,74,11,0,11,1
2020-03-21,Plumas,063,18699,0,0,0,0,0
2020-03-21,Riverside,065,2383286,507,20,3,23,3
2020-03-21,Sacramento,067,1510023,331,66,0,66,3
2020-03-21,San Benito,069,59416,17,4,0,4,1
2020-03-21,San Bernardino,071,2135413,269,13,0,13,0
2020-03-21,San Diego,073,3302833,903,121,0,121,0
2020-03-21,San Francisco,075,870044,410,106,0,106,0
2020-03-21,San Joaquin,077,732212,130,26,3,29,2
2020-03-21,San Luis Obispo,079,281455,80,16,0,16,0
2020-03-21,San Mateo,081,765935,424,78,2,80,1
2020-03-21,Santa Barbara,083,443738,133,8,0,8,0
2020-03-21,Santa Clara,085,1922200,928,269,1,270,10
2020-03-21,Santa Cruz,087,273765,57,17,0,17,0
2020-03-21,Shasta,089,179085,11,1,0,1,0
2020-03-21,Sierra,091,2930,0,0,0,0,0
2020-03-21,Siskiyou,093,43540,4,0,0,0,0
2020-03-21,Solano,095,438530,62,30,0,30,0
2020-03-21,Sonoma,097,501317,98,15,0,15,1
2020-03-21,Stanislaus,099,539301,43,7,3,10,0
2020-03-21,Sutter,101,95872,7,0,0,0,0
2020-03-21,Tehama,103,63373,0,0,0,0,0
2020-03-21,Trinity,105,12862,0,0,0,0,0
2020-03-21,Tulare,107,460477,46,5,2,7,0
2020-03-21,Tuolumne,109,53932,1,0,0,0,0
2020-03-21,Ventura,111,848112,166,22,0,22,0
2020-03-21,Yolo,113,214977,32,6,0,6,0
2020-03-21,Yuba,115,75493,7,1,0,1,0
2020-03-20,Alameda,001,1643700,382,42,0,42,0
2020-03-20,Alpine,003,1148,1,0,0,0,0
2020-03-20,Amador,005,37829,0,0,0,0,0
2020-03-20,Butte,007,227075,7,0,0,0,0
2020-03-20,Calaveras,009,45235,2,2,0,2,0
2020-03-20,Colusa,011,21464,1,0,0,0,0
2020-03-20,Contra Costa,013,1133247,264,52,0,52,1
2020-03-20,Del Norte,015,27424,0,0,0,0,0
2020-03-20,El Dorado,017,186661,18,1,0,1,0
2020-03-20,Fresno,019,978130,97,7,1,8,0
2020-03-20,Glenn,021,27897,1,0,0,0,0
2020-03-20,Humboldt,023,135768,25,1,0,1,0
2020-03-20,Imperial,025,180216,46,2,0,2,0
2020-03-20,Inyo,027,18085,0,0,0,0,0
2020-03-20,Kern,029,883053,93,3,0,3,0
2020-03-20,Kings,031,150075,16,0,1,1,0
2020-03-20,Lake,033,64148,0,0,0,0,0
2020-03-20,Lassen,035,31185,1,0,1,1,0
2020-03-20,Los Angeles,037,10098052,2550,267,12,279,1
2020-03-20,Madera,039,155013,31,4,0,4,0
2020-03-20,Marin,041,260295,61,30,0,30,0
2020-03-20,Mariposa,043,17540,0,0,0,0,0
2020-03-20,Mendocino,045,87422,3,1,0,1,0
2020-03-20,Merced,047,269075,6,0,0,0,0
2020-03-20,Modoc,049,8938,0,0,0,0,0
2020-03-20,Mono,051,14174,14,0,0,0,0
2020-03-20,Monterey,053,433212,42,4,0,4,0
2020-03-20,Napa,055,140530,16,0,0,0,0
2020-03-20,Nevada,057,99092,20,2,1,3,0
2020-03-20,Orange,059,3164182,723,71,4,75,2
2020-03-20,Placer,061,380077,68,9,0,9,1
2020-03-20,Plumas,063,18699,0,0,0,0,0
2020-03-20,Riverside,065,2383286,454,19,3,22,3
2020-03-20,Sacramento,067,1510023,310,56,0,56,4
2020-03-20,San Benito,069,59416,17,4,0,4,1
2020-03-20,San Bernardino,071,2135413,242,9,0,9,0
2020-03-20,San Diego,073,3302833,851,98,0,98,0
2020-03-20,San Francisco,075,870044,378,87,0,87,0
2020-03-20,San Joaquin,077,732212,115,18,3,21,2
2020-03-20,San Luis Obispo,079,281455,77,11,0,11,0
2020-03-20,San Mateo,081,765935,394,71,2,73,1
2020-03-20,Santa Barbara,083,443738,117,7,0,7,0
2020-03-20,Santa Clara,085,1922200,892,246,1,247,8
2020-03-20,Santa Cruz,087,273765,55,13,0,13,0
2020-03-20,Shasta,089,179085,10,1,0,1,0
2020-03-20,Sierra,091,2930,0,0,0,0,0
2020-03-20,Siskiyou,093,43540,4,0,0,0,0
2020-03-20,Solano,095,438530,58,29,0,29,0
2020-03-20,Sonoma,097,501317,90,7,0,7,0
2020-03-20,Stanislaus,099,539301,37,7,3,10,0
2020-03-20,Sutter,101,95872,7,0,0,0,0
2020-03-20,Tehama,103,63373,0,0,0,0,0
2020-03-20,Trinity,105,12862,0,0,0,0,0
2020-03-20,Tulare,107,460477,42,4,2,6,0
2020-03-20,Tuolumne,109,53932,1,0,0,0,0
2020-03-20,Ventura,111,848112,156,18,0,18,0
2020-03-20,Yolo,113,214977,30,5,0,5,0
2020-03-20,Yuba,115,75493,6,0,0,0,0
2020-03-19,Alameda,001,1643700,346,36,0,36,0
2020-03-19,Alpine,003,1148,1,0,0,0,0
2020-03-19,Amador,005,37829,0,0,0,0,0
2020-03-19,Butte,007,227075,5,0,0,0,0
2020-03-19,Calaveras,009,45235,2,2,0,2,0
2020-03-19,Colusa,011,21464,0,0,0,0,0
2020-03-19,Contra Costa,013,1133247,248,46,0,46,0
2020-03-19,Del Norte,015,27424,0,0,0,0,0
2020-03-19,El Dorado,017,186661,17,0,0,0,0
2020-03-19,Fresno,019,978130,88,6,1,7,0
2020-03-19,Glenn,021,27897,1,0,0,0,0
2020-03-19,Humboldt,023,135768,23,1,0,1,0
2020-03-19,Imperial,025,180216,39,2,0,2,0
2020-03-19,Inyo,027,18085,0,0,0,0,0
2020-03-19,Kern,029,883053,81,3,0,3,0
2020-03-19,Kings,031,150075,13,0,1,1,0
2020-03-19,Lake,033,64148,0,0,0,0,0
2020-03-19,Lassen,035,31185,0,0,1,1,0
2020-03-19,Los Angeles,037,10098052,2263,233,12,245,0
2020-03-19,Madera,039,155013,30,3,0,3,0
2020-03-19,Marin,041,260295,58,19,0,19,0
2020-03-19,Mariposa,043,17540,0,0,0,0,0
2020-03-19,Mendocino,045,87422,2,1,0,1,0
2020-03-19,Merced,047,269075,5,0,0,0,0
2020-03-19,Modoc,049,8938,0,0,0,0,0
2020-03-19,Mono,051,14174,12,0,0,0,0
2020-03-19,Monterey,053,433212,34,3,0,3,0
2020-03-19,Napa,055,140530,14,0,0,0,0
2020-03-19,Nevada,057,99092,18,2,1,3,0
2020-03-19,Orange,059,3164182,638,59,4,63,0
2020-03-19,Placer,061,380077,60,8,0,8,1
2020-03-19,Plumas,063,18699,0,0,0,0,0
2020-03-19,Riverside,065,2383286,360,14,2,16,3
2020-03-19,Sacramento,067,1510023,277,52,0,52,3
2020-03-19,San Benito,069,59416,14,3,0,3,0
2020-03-19,San Bernardino,071,2135413,212,7,0,7,0
2020-03-19,San Diego,073,3302833,768,68,0,68,0
2020-03-19,San Francisco,075,870044,342,80,0,80,0
2020-03-19,San Joaquin,077,732212,102,15,3,18,2
2020-03-19,San Luis Obispo,079,281455,75,6,0,6,0
2020-03-19,San Mateo,081,765935,359,58,2,60,1
2020-03-19,Santa Barbara,083,443738,101,5,0,5,0
2020-03-19,Santa Clara,085,1922200,826,183,1,184,8
2020-03-19,Santa Cruz,087,273765,52,13,0,13,0
2020-03-19,Shasta,089,179085,9,1,0,1,0
2020-03-19,Sierra,091,2930,0,0,0,0,0
2020-03-19,Siskiyou,093,43540,3,0,0,0,0
2020-03-19,Solano,095,438530,54,26,0,26,0
2020-03-19,Sonoma,097,501317,87,8,0,8,0
2020-03-19,Stanislaus,099,539301,36,7,3,10,0
2020-03-19,Sutter,101,95872,7,0,0,0,0
2020-03-19,Tehama,103,63373,0,0,0,0,0
2020-03-19,Trinity,105,12862,0,0,0,0,0
2020-03-19,Tulare,107,460477,37,3,2,5,0
2020-03-19,Tuolumne,109,53932,1,0,0,0,0
2020-03-19,Ventura,111,848112,134,15,0,15,0
2020-03-19,Yolo,113,214977,26,5,0,5,0
2020-03-19,Yuba,115,75493,5,0,0,0,0
2020-03-18,Alameda,001,1643700,318,29,0,29,0
2020-03-18,Alpine,003,1148,1,0,0,0,0
2020-03-18,Amador,005,37829,0,0,0,0,0
2020-03-18,Butte,007,227075,4,0,0,0,0
2020-03-18,Calaveras,009,45235,2,2,0,2,0
2020-03-18,Colusa,011,21464,0,0,0,0,0
2020-03-18,Contra Costa,013,1133247,227,44,0,44,0
2020-03-18,Del Norte,015,27424,0,0,0,0,0
2020-03-18,El Dorado,017,186661,16,0,0,0,0
2020-03-18,Fresno,019,978130,78,3,1,4,0
2020-03-18,Glenn,021,27897,1,0,0,0,0
2020-03-18,Humboldt,023,135768,19,1,0,1,0
2020-03-18,Imperial,025,180216,33,2,0,2,0
2020-03-18,Inyo,027,18085,0,0,0,0,0
2020-03-18,Kern,029,883053,66,1,0,1,0
2020-03-18,Kings,031,150075,11,0,1,1,0
2020-03-18,Lake,033,64148,0,0,0,0,0
2020-03-18,Lassen,035,31185,0,0,1,1,0
2020-03-18,Los Angeles,037,10098052,2024,47,12,59,0
2020-03-18,Madera,039,155013,29,2,0,2,0
2020-03-18,Marin,041,260295,53,10,0,10,0
2020-03-18,Mariposa,043,17540,0,0,0,0,0
2020-03-18,Mendocino,045,87422,2,0,0,0,0
2020-03-18,Merced,047,269075,5,0,0,0,0
2020-03-18,Modoc,049,8938,0,0,0,0,0
2020-03-18,Mono,051,14174,11,0,0,0,0
2020-03-18,Monterey,053,433212,28,1,0,1,0
2020-03-18,Napa,055,140530,11,0,0,0,0
2020-03-18,Nevada,057,99092,16,2,1,3,0
2020-03-18,Orange,059,3164182,583,38,4,42,0
2020-03-18,Placer,061,380077,53,8,0,8,1
2020-03-18,Plumas,063,18699,0,0,0,0,0
2020-03-18,Riverside,065,2383286,306,11,2,13,2
2020-03-18,Sacramento,067,1510023,254,46,0,46,3
2020-03-18,San Benito,069,59416,13,3,0,3,0
2020-03-18,San Bernardino,071,2135413,190,3,0,3,0
2020-03-18,San Diego,073,3302833,683,40,0,40,0
2020-03-18,San Francisco,075,870044,323,65,0,65,0
2020-03-18,San Joaquin,077,732212,90,14,3,17,2
2020-03-18,San Luis Obispo,079,281455,68,5,0,5,0
2020-03-18,San Mateo,081,765935,337,57,2,59,1
2020-03-18,Santa Barbara,083,443738,88,2,0,2,0
2020-03-18,Santa Clara,085,1922200,777,151,1,152,6
2020-03-18,Santa Cruz,087,273765,50,11,0,11,0
2020-03-18,Shasta,089,179085,8,1,0,1,0
2020-03-18,Sierra,091,2930,0,0,0,0,0
2020-03-18,Siskiyou,093,43540,3,0,0,0,0
2020-03-18,Solano,095,438530,50,26,0,26,0
2020-03-18,Sonoma,097,501317,78,6,0,6,0
2020-03-18,Stanislaus,099,539301,32,5,2,7,0
2020-03-18,Sutter,101,95872,5,0,0,0,0
2020-03-18,Tehama,103,63373,0,0,0,0,0
2020-03-18,Trinity,105,12862,0,0,0,0,0
2020-03-18,Tulare,107,460477,28,3,2,5,0
2020-03-18,Tuolumne,109,53932,1,0,0,0,0
2020-03-18,Ventura,111,848112,115,11,0,11,0
2020-03-18,Yolo,113,214977,23,4,0,4,0
2020-03-18,Yuba,115,75493,4,0,0,0,0
2020-03-17,Alameda,001,1643700,286,19,0,19,0
2020-03-17,Alpine,003,1148,0,0,0,0,0
2020-03-17,Amador,005,37829,0,0,0,0,0
2020-03-17,Butte,007,227075,4,0,0,0,0
2020-03-17,Calaveras,009,45235,2,2,0,2,0
2020-03-17,Colusa,011,21464,0,0,0,0,0
2020-03-17,Contra Costa,013,1133247,205,37,0,37,0
2020-03-17,Del Norte,015,27424,0,0,0,0,0
2020-03-17,El Dorado,017,186661,15,0,0,0,0
2020-03-17,Fresno,019,978130,67,2,1,3,0
2020-03-17,Glenn,021,27897,1,0,0,0,0
2020-03-17,Humboldt,023,135768,17,1,0,1,0
2020-03-17,Imperial,025,180216,27,2,0,2,0
2020-03-17,Inyo,027,18085,0,0,0,0,0
2020-03-17,Kern,029,883053,52,0,0,0,0
2020-03-17,Kings,031,150075,10,0,1,1,0
2020-03-17,Lake,033,64148,0,0,0,0,0
2020-03-17,Lassen,035,31185,0,0,1,1,0
2020-03-17,Los Angeles,037,10098052,1823,41,12,53,0
2020-03-17,Madera,039,155013,22,2,0,2,0
2020-03-17,Marin,041,260295,46,4,0,4,0
2020-03-17,Mariposa,043,17540,0,0,0,0,0
2020-03-17,Mendocino,045,87422,2,0,0,0,0
2020-03-17,Merced,047,269075,5,0,0,0,0
2020-03-17,Modoc,049,8938,0,0,0,0,0
2020-03-17,Mono,051,14174,9,0,0,0,0
2020-03-17,Monterey,053,433212,26,0,0,0,0
2020-03-17,Napa,055,140530,8,0,0,0,0
2020-03-17,Nevada,057,99092,15,1,1,2,0
2020-03-17,Orange,059,3164182,506,24,4,28,0
2020-03-17,Placer,061,380077,43,7,0,7,1
2020-03-17,Plumas,063,18699,0,0,0,0,0
2020-03-17,Riverside,065,2383286,247,11,2,13,0
2020-03-17,Sacramento,067,1510023,234,36,0,36,1
2020-03-17,San Benito,069,59416,12,2,0,2,0
2020-03-17,San Bernardino,071,2135413,162,2,0,2,0
2020-03-17,San Diego,073,3302833,616,17,0,17,0
2020-03-17,San Francisco,075,870044,296,46,0,46,0
2020-03-17,San Joaquin,077,732212,84,11,3,14,0
2020-03-17,San Luis Obispo,079,281455,61,1,0,1,0
2020-03-17,San Mateo,081,765935,305,46,2,48,1
2020-03-17,Santa Barbara,083,443738,75,0,0,0,0
2020-03-17,Santa Clara,085,1922200,720,121,1,122,4
2020-03-17,Santa Cruz,087,273765,47,10,0,10,0
2020-03-17,Shasta,089,179085,4,1,0,1,0
2020-03-17,Sierra,091,2930,0,0,0,0,0
2020-03-17,Siskiyou,093,43540,3,0,0,0,0
2020-03-17,Solano,095,438530,47,27,0,27,0
2020-03-17,Sonoma,097,501317,70,4,0,4,0
2020-03-17,Stanislaus,099,539301,29,4,2,6,0
2020-03-17,Sutter,101,95872,5,0,0,0,0
2020-03-17,Tehama,103,63373,0,0,0,0,0
2020-03-17,Trinity,105,12862,0,0,0,0,0
2020-03-17,Tulare,107,460477,25,2,2,4,0
2020-03-17,Tuolumne,109,53932,1,0,0,0,0
2020-03-17,Ventura,111,848112,98,7,0,7,0
2020-03-17,Yolo,113,214977,19,2,0,2,0
2020-03-17,Yuba,115,75493,4,0,0,0,0
2020-03-16,Alameda,001,1643700,258,17,0,17,0
2020-03-16,Alpine,003,1148,0,0,0,0,0
2020-03-16,Amador,005,37829,0,0,0,0,0
2020-03-16,Butte,007,227075,3,0,0,0,0
2020-03-16,Calaveras,009,45235,2,2,0,2,0
2020-03-16,Colusa,011,21464,0,0,0,0,0
2020-03-16,Contra Costa,013,1133247,183,36,0,36,0
2020-03-16,Del Norte,015,27424,0,0,0,0,0
2020-03-16,El Dorado,017,186661,14,0,0,0,0
2020-03-16,Fresno,019,978130,52,2,1,3,0
2020-03-16,Glenn,021,27897,0,0,0,0,0
2020-03-16,Humboldt,023,135768,13,1,0,1,0
2020-03-16,Imperial,025,180216,22,2,0,2,0
2020-03-16,Inyo,027,18085,0,0,0,0,0
2020-03-16,Kern,029,883053,43,0,0,0,0
2020-03-16,Kings,031,150075,9,0,1,1,0
2020-03-16,Lake,033,64148,0,0,0,0,0
2020-03-16,Lassen,035,31185,0,0,0,0,0
2020-03-16,Los Angeles,037,10098052,1588,43,12,55,0
2020-03-16,Madera,039,155013,21,2,0,2,0
2020-03-16,Marin,041,260295,43,4,0,4,0
2020-03-16,Mariposa,043,17540,0,0,0,0,0
2020-03-16,Mendocino,045,87422,2,0,0,0,0
2020-03-16,Merced,047,269075,5,0,0,0,0
2020-03-16,Modoc,049,8938,0,0,0,0,0
2020-03-16,Mono,051,14174,7,0,0,0,0
2020-03-16,Monterey,053,433212,25,0,0,0,0
2020-03-16,Napa,055,140530,7,0,0,0,0
2020-03-16,Nevada,057,99092,11,1,1,2,0
2020-03-16,Orange,059,3164182,421,18,4,22,0
2020-03-16,Placer,061,380077,36,7,0,7,1
2020-03-16,Plumas,063,18699,0,0,0,0,0
2020-03-16,Riverside,065,2383286,213,10,2,12,0
2020-03-16,Sacramento,067,1510023,207,34,0,34,1
2020-03-16,San Benito,069,59416,8,2,0,2,0
2020-03-16,San Bernardino,071,2135413,142,1,0,1,0
2020-03-16,San Diego,073,3302833,525,17,0,17,0
2020-03-16,San Francisco,075,870044,260,40,0,40,0
2020-03-16,San Joaquin,077,732212,74,9,3,12,0
2020-03-16,San Luis Obispo,079,281455,54,1,0,1,0
2020-03-16,San Mateo,081,765935,269,42,2,44,1
2020-03-16,Santa Barbara,083,443738,63,0,0,0,0
2020-03-16,Santa Clara,085,1922200,649,115,1,116,2
2020-03-16,Santa Cruz,087,273765,43,9,0,9,0
2020-03-16,Shasta,089,179085,4,1,0,1,0
2020-03-16,Sierra,091,2930,0,0,0,0,0
2020-03-16,Siskiyou,093,43540,2,0,0,0,0
2020-03-16,Solano,095,438530,43,27,0,27,0
2020-03-16,Sonoma,097,501317,63,4,0,4,0
2020-03-16,Stanislaus,099,539301,26,2,2,4,0
2020-03-16,Sutter,101,95872,3,0,0,0,0
2020-03-16,Tehama,103,63373,0,0,0,0,0
2020-03-16,Trinity,105,12862,0,0,0,0,0
2020-03-16,Tulare,107,460477,21,2,2,4,0
2020-03-16,Tuolumne,109,53932,1,0,0,0,0
2020-03-16,Ventura,111,848112,88,7,0,7,0
2020-03-16,Yolo,113,214977,18,2,0,2,0
2020-03-16,Yuba,115,75493,3,0,0,0,0
2020-03-15,Alameda,001,1643700,212,17,0,17,0
2020-03-15,Alpine,003,1148,0,0,0,0,0
2020-03-15,Amador,005,37829,0,0,0,0,0
2020-03-15,Butte,007,227075,3,0,0,0,0
2020-03-15,Calaveras,009,45235,2,2,0,2,0
2020-03-15,Colusa,011,21464,0,0,0,0,0
2020-03-15,Contra Costa,013,1133247,160,34,0,34,0
2020-03-15,Del Norte,015,27424,0,0,0,0,0
2020-03-15,El Dorado,017,186661,13,0,0,0,0
2020-03-15,Fresno,019,978130,32,1,1,2,0
2020-03-15,Glenn,021,27897,0,0,0,0,0
2020-03-15,Humboldt,023,135768,11,1,0,1,0
2020-03-15,Imperial,025,180216,17,2,0,2,0
2020-03-15,Inyo,027,18085,0,0,0,0,0
2020-03-15,Kern,029,883053,37,0,0,0,0
2020-03-15,Kings,031,150075,9,0,1,1,0
2020-03-15,Lake,033,64148,0,0,0,0,0
2020-03-15,Lassen,035,31185,0,0,0,0,0
2020-03-15,Los Angeles,037,10098052,1349,41,12,53,0
2020-03-15,Madera,039,155013,20,2,0,2,0
2020-03-15,Marin,041,260295,37,3,0,3,0
2020-03-15,Mariposa,043,17540,0,0,0,0,0
2020-03-15,Mendocino,045,87422,2,0,0,0,0
2020-03-15,Merced,047,269075,3,0,0,0,0
2020-03-15,Modoc,049,8938,0,0,0,0,0
2020-03-15,Mono,051,14174,6,0,0,0,0
2020-03-15,Monterey,053,433212,19,0,0,0,0
2020-03-15,Napa,055,140530,7,0,0,0,0
2020-03-15,Nevada,057,99092,11,0,1,1,0
2020-03-15,Orange,059,3164182,351,16,2,18,0
2020-03-15,Placer,061,380077,31,7,0,7,1
2020-03-15,Plumas,063,18699,0,0,0,0,0
2020-03-15,Riverside,065,2383286,167,10,2,12,0
2020-03-15,Sacramento,067,1510023,171,30,0,30,1
2020-03-15,San Benito,069,59416,8,2,0,2,0
2020-03-15,San Bernardino,071,2135413,120,0,0,0,0
2020-03-15,San Diego,073,3302833,438,16,0,16,0
2020-03-15,San Francisco,075,870044,205,31,0,31,0
2020-03-15,San Joaquin,077,732212,63,6,3,9,0
2020-03-15,San Luis Obispo,079,281455,45,1,0,1,0
2020-03-15,San Mateo,081,765935,236,29,1,30,1
2020-03-15,Santa Barbara,083,443738,53,0,0,0,0
2020-03-15,Santa Clara,085,1922200,578,79,1,80,2
2020-03-15,Santa Cruz,087,273765,38,8,0,8,0
2020-03-15,Shasta,089,179085,4,1,0,1,0
2020-03-15,Sierra,091,2930,0,0,0,0,0
2020-03-15,Siskiyou,093,43540,2,0,0,0,0
2020-03-15,Solano,095,438530,42,26,0,26,0
2020-03-15,Sonoma,097,501317,54,4,0,4,0
2020-03-15,Stanislaus,099,539301,26,2,2,4,0
2020-03-15,Sutter,101,95872,2,0,0,0,0
2020-03-15,Tehama,103,63373,0,0,0,0,0
2020-03-15,Trinity,105,12862,0,0,0,0,0
2020-03-15,Tulare,107,460477,16,2,2,4,0
2020-03-15,Tuolumne,109,53932,1,0,0,0,0
2020-03-15,Ventura,111,848112,77,5,0,5,0
2020-03-15,Yolo,113,214977,15,2,0,2,0
2020-03-15,Yuba,115,75493,2,0,0,0,0
2020-03-14,Alameda,001,1643700,193,11,0,11,0
2020-03-14,Alpine,003,1148,0,0,0,0,0
2020-03-14,Amador,005,37829,0,0,0,0,0
2020-03-14,Butte,007,227075,2,0,0,0,0
2020-03-14,Calaveras,009,45235,2,2,0,2,0
2020-03-14,Colusa,011,21464,0,0,0,0,0
2020-03-14,Contra Costa,013,1133247,138,30,0,30,0
2020-03-14,Del Norte,015,27424,0,0,0,0,0
2020-03-14,El Dorado,017,186661,11,0,0,0,0
2020-03-14,Fresno,019,978130,24,1,1,2,0
2020-03-14,Glenn,021,27897,0,0,0,0,0
2020-03-14,Humboldt,023,135768,7,1,0,1,0
2020-03-14,Imperial,025,180216,13,2,0,2,0
2020-03-14,Inyo,027,18085,0,0,0,0,0
2020-03-14,Kern,029,883053,32,0,0,0,0
2020-03-14,Kings,031,150075,9,0,1,1,0
2020-03-14,Lake,033,64148,0,0,0,0,0
2020-03-14,Lassen,035,31185,0,0,0,0,0
2020-03-14,Los Angeles,037,10098052,1171,35,12,47,0
2020-03-14,Madera,039,155013,19,2,0,2,0
2020-03-14,Marin,041,260295,36,3,0,3,0
2020-03-14,Mariposa,043,17540,0,0,0,0,0
2020-03-14,Mendocino,045,87422,2,0,0,0,0
2020-03-14,Merced,047,269075,3,0,0,0,0
2020-03-14,Modoc,049,8938,0,0,0,0,0
2020-03-14,Mono,051,14174,5,0,0,0,0
2020-03-14,Monterey,053,433212,13,0,0,0,0
2020-03-14,Napa,055,140530,5,0,0,0,0
2020-03-14,Nevada,057,99092,8,0,1,1,0
2020-03-14,Orange,059,3164182,311,14,1,15,0
2020-03-14,Placer,061,380077,28,6,0,6,1
2020-03-14,Plumas,063,18699,0,0,0,0,0
2020-03-14,Riverside,065,2383286,147,10,2,12,0
2020-03-14,Sacramento,067,1510023,150,31,0,31,1
2020-03-14,San Benito,069,59416,8,2,0,2,0
2020-03-14,San Bernardino,071,2135413,102,0,0,0,0
2020-03-14,San Diego,073,3302833,363,10,0,10,0
2020-03-14,San Francisco,075,870044,184,29,0,29,0
2020-03-14,San Joaquin,077,732212,54,6,3,9,0
2020-03-14,San Luis Obispo,079,281455,40,0,0,0,0
2020-03-14,San Mateo,081,765935,213,27,1,28,0
2020-03-14,Santa Barbara,083,443738,41,0,0,0,0
2020-03-14,Santa Clara,085,1922200,522,62,1,63,2
2020-03-14,Santa Cruz,087,273765,33,8,0,8,0
2020-03-14,Shasta,089,179085,4,1,0,1,0
2020-03-14,Sierra,091,2930,0,0,0,0,0
2020-03-14,Siskiyou,093,43540,1,0,0,0,0
2020-03-14,Solano,095,438530,40,26,0,26,0
2020-03-14,Sonoma,097,501317,41,2,0,2,0
2020-03-14,Stanislaus,099,539301,22,2,2,4,0
2020-03-14,Sutter,101,95872,2,0,0,0,0
2020-03-14,Tehama,103,63373,0,0,0,0,0
2020-03-14,Trinity,105,12862,0,0,0,0,0
2020-03-14,Tulare,107,460477,14,2,2,4,0
2020-03-14,Tuolumne,109,53932,1,0,0,0,0
2020-03-14,Ventura,111,848112,68,5,0,5,0
2020-03-14,Yolo,113,214977,15,2,0,2,0
2020-03-14,Yuba,115,75493,1,0,0,0,0
2020-03-13,Alameda,001,1643700,174,12,0,12,0
2020-03-13,Alpine,003,1148,0,0,0,0,0
2020-03-13,Amador,005,37829,0,0,0,0,0
2020-03-13,Butte,007,227075,0,0,0,0,0
2020-03-13,Calaveras,009,45235,2,2,0,2,0
2020-03-13,Colusa,011,21464,0,0,0,0,0
2020-03-13,Contra Costa,013,1133247,125,22,0,22,0
2020-03-13,Del Norte,015,27424,0,0,0,0,0
2020-03-13,El Dorado,017,186661,10,0,0,0,0
2020-03-13,Fresno,019,978130,19,1,1,2,0
2020-03-13,Glenn,021,27897,0,0,0,0,0
2020-03-13,Humboldt,023,135768,7,1,0,1,0
2020-03-13,Imperial,025,180216,12,2,0,2,0
2020-03-13,Inyo,027,18085,0,0,0,0,0
2020-03-13,Kern,029,883053,27,0,0,0,0
2020-03-13,Kings,031,150075,8,0,1,1,0
2020-03-13,Lake,033,64148,0,0,0,0,0
2020-03-13,Lassen,035,31185,0,0,0,0,0
2020-03-13,Los Angeles,037,10098052,1018,30,11,41,0
2020-03-13,Madera,039,155013,18,1,0,1,0
2020-03-13,Marin,041,260295,34,3,0,3,0
2020-03-13,Mariposa,043,17540,0,0,0,0,0
2020-03-13,Mendocino,045,87422,2,0,0,0,0
2020-03-13,Merced,047,269075,2,0,0,0,0
2020-03-13,Modoc,049,8938,0,0,0,0,0
2020-03-13,Mono,051,14174,3,0,0,0,0
2020-03-13,Monterey,053,433212,8,0,0,0,0
2020-03-13,Napa,055,140530,3,0,0,0,0
2020-03-13,Nevada,057,99092,7,0,1,1,0
2020-03-13,Orange,059,3164182,273,10,1,11,0
2020-03-13,Placer,061,380077,27,6,0,6,1
2020-03-13,Plumas,063,18699,0,0,0,0,0
2020-03-13,Riverside,065,2383286,121,5,2,7,0
2020-03-13,Sacramento,067,1510023,129,18,0,18,1
2020-03-13,San Benito,069,59416,6,2,0,2,0
2020-03-13,San Bernardino,071,2135413,95,0,0,0,0
2020-03-13,San Diego,073,3302833,313,8,0,8,0
2020-03-13,San Francisco,075,870044,170,28,0,28,0
2020-03-13,San Joaquin,077,732212,50,6,3,9,0
2020-03-13,San Luis Obispo,079,281455,32,0,0,0,0
2020-03-13,San Mateo,081,765935,192,24,1,25,0
2020-03-13,Santa Barbara,083,443738,37,0,0,0,0
2020-03-13,Santa Clara,085,1922200,460,59,1,60,1
2020-03-13,Santa Cruz,087,273765,32,7,0,7,0
2020-03-13,Shasta,089,179085,3,1,0,1,0
2020-03-13,Sierra,091,2930,0,0,0,0,0
2020-03-13,Siskiyou,093,43540,0,0,0,0,0
2020-03-13,Solano,095,438530,39,26,0,26,0
2020-03-13,Sonoma,097,501317,40,2,0,2,0
2020-03-13,Stanislaus,099,539301,17,2,2,4,0
2020-03-13,Sutter,101,95872,2,0,0,0,0
2020-03-13,Tehama,103,63373,0,0,0,0,0
2020-03-13,Trinity,105,12862,0,0,0,0,0
2020-03-13,Tulare,107,460477,11,2,2,4,0
2020-03-13,Tuolumne,109,53932,1,0,0,0,0
2020-03-13,Ventura,111,848112,54,5,0,5,0
2020-03-13,Yolo,113,214977,15,1,0,1,0
2020-03-13,Yuba,115,75493,1,0,0,0,0
2020-03-12,Alameda,001,1643700,150,9,0,9,0
2020-03-12,Alpine,003,1148,0,0,0,0,0
2020-03-12,Amador,005,37829,0,0,0,0,0
2020-03-12,Butte,007,227075,0,0,0,0,0
2020-03-12,Calaveras,009,45235,2,2,0,2,0
2020-03-12,Colusa,011,21464,0,0,0,0,0
2020-03-12,Contra Costa,013,1133247,108,18,0,18,0
2020-03-12,Del Norte,015,27424,0,0,0,0,0
2020-03-12,El Dorado,017,186661,8,0,0,0,0
2020-03-12,Fresno,019,978130,11,1,1,2,0
2020-03-12,Glenn,021,27897,0,0,0,0,0
2020-03-12,Humboldt,023,135768,6,1,0,1,0
2020-03-12,Imperial,025,180216,11,2,0,2,0
2020-03-12,Inyo,027,18085,0,0,0,0,0
2020-03-12,Kern,029,883053,18,0,0,0,0
2020-03-12,Kings,031,150075,6,0,1,1,0
2020-03-12,Lake,033,64148,0,0,0,0,0
2020-03-12,Lassen,035,31185,0,0,0,0,0
2020-03-12,Los Angeles,037,10098052,859,30,11,41,0
2020-03-12,Madera,039,155013,15,1,0,1,0
2020-03-12,Marin,041,260295,24,1,0,1,0
2020-03-12,Mariposa,043,17540,0,0,0,0,0
2020-03-12,Mendocino,045,87422,2,0,0,0,0
2020-03-12,Merced,047,269075,2,0,0,0,0
2020-03-12,Modoc,049,8938,0,0,0,0,0
2020-03-12,Mono,051,14174,3,0,0,0,0
2020-03-12,Monterey,053,433212,6,0,0,0,0
2020-03-12,Napa,055,140530,3,0,0,0,0
2020-03-12,Nevada,057,99092,4,0,1,1,0
2020-03-12,Orange,059,3164182,237,7,0,7,0
2020-03-12,Placer,061,380077,23,6,0,6,1
2020-03-12,Plumas,063,18699,0,0,0,0,0
2020-03-12,Riverside,065,2383286,98,5,1,6,0
2020-03-12,Sacramento,067,1510023,105,17,0,17,1
2020-03-12,San Benito,069,59416,5,2,0,2,0
2020-03-12,San Bernardino,071,2135413,79,0,0,0,0
2020-03-12,San Diego,073,3302833,258,9,0,9,0
2020-03-12,San Francisco,075,870044,146,20,0,20,0
2020-03-12,San Joaquin,077,732212,44,3,3,6,1
2020-03-12,San Luis Obispo,079,281455,25,0,0,0,0
2020-03-12,San Mateo,081,765935,158,21,1,22,0
2020-03-12,Santa Barbara,083,443738,25,0,0,0,0
2020-03-12,Santa Clara,085,1922200,402,51,1,52,1
2020-03-12,Santa Cruz,087,273765,29,5,0,5,0
2020-03-12,Shasta,089,179085,2,1,0,1,0
2020-03-12,Sierra,091,2930,0,0,0,0,0
2020-03-12,Siskiyou,093,43540,0,0,0,0,0
2020-03-12,Solano,095,438530,34,26,0,26,0
2020-03-12,Sonoma,097,501317,34,2,0,2,0
2020-03-12,Stanislaus,099,539301,15,2,2,4,0
2020-03-12,Sutter,101,95872,0,0,0,0,0
2020-03-12,Tehama,103,63373,0,0,0,0,0
2020-03-12,Trinity,105,12862,0,0,0,0,0
2020-03-12,Tulare,107,460477,11,1,1,2,0
2020-03-12,Tuolumne,109,53932,1,0,0,0,0
2020-03-12,Ventura,111,848112,45,3,0,3,0
2020-03-12,Yolo,113,214977,14,1,0,1,0
2020-03-12,Yuba,115,75493,1,0,0,0,0
2020-03-11,Alameda,001,1643700,119,5,0,5,0
2020-03-11,Alpine,003,1148,0,0,0,0,0
2020-03-11,Amador,005,37829,0,0,0,0,0
2020-03-11,Butte,007,227075,0,0,0,0,0
2020-03-11,Calaveras,009,45235,2,2,0,2,0
2020-03-11,Colusa,011,21464,0,0,0,0,0
2020-03-11,Contra Costa,013,1133247,93,16,0,16,0
2020-03-11,Del Norte,015,27424,0,0,0,0,0
2020-03-11,El Dorado,017,186661,7,0,0,0,0
2020-03-11,Fresno,019,978130,8,1,1,2,0
2020-03-11,Glenn,021,27897,0,0,0,0,0
2020-03-11,Humboldt,023,135768,6,1,0,1,0
2020-03-11,Imperial,025,180216,9,0,0,0,0
2020-03-11,Inyo,027,18085,0,0,0,0,0
2020-03-11,Kern,029,883053,16,0,0,0,0
2020-03-11,Kings,031,150075,4,0,1,1,0
2020-03-11,Lake,033,64148,0,0,0,0,0
2020-03-11,Lassen,035,31185,0,0,0,0,0
2020-03-11,Los Angeles,037,10098052,691,21,11,32,0
2020-03-11,Madera,039,155013,13,1,0,1,0
2020-03-11,Marin,041,260295,17,1,0,1,0
2020-03-11,Mariposa,043,17540,0,0,0,0,0
2020-03-11,Mendocino,045,87422,1,0,0,0,0
2020-03-11,Merced,047,269075,2,0,0,0,0
2020-03-11,Modoc,049,8938,0,0,0,0,0
2020-03-11,Mono,051,14174,3,0,0,0,0
2020-03-11,Monterey,053,433212,5,0,0,0,0
2020-03-11,Napa,055,140530,2,0,0,0,0
2020-03-11,Nevada,057,99092,4,0,1,1,0
2020-03-11,Orange,059,3164182,205,6,0,6,0
2020-03-11,Placer,061,380077,18,6,0,6,1
2020-03-11,Plumas,063,18699,0,0,0,0,0
2020-03-11,Riverside,065,2383286,75,4,1,5,0
2020-03-11,Sacramento,067,1510023,87,9,0,9,1
2020-03-11,San Benito,069,59416,5,2,0,2,0
2020-03-11,San Bernardino,071,2135413,72,0,0,0,0
2020-03-11,San Diego,073,3302833,208,4,0,4,0
2020-03-11,San Francisco,075,870044,123,17,0,17,0
2020-03-11,San Joaquin,077,732212,33,1,3,4,0
2020-03-11,San Luis Obispo,079,281455,22,0,0,0,0
2020-03-11,San Mateo,081,765935,140,16,0,16,0
2020-03-11,Santa Barbara,083,443738,15,0,0,0,0
2020-03-11,Santa Clara,085,1922200,362,48,1,49,1
2020-03-11,Santa Cruz,087,273765,26,2,0,2,0
2020-03-11,Shasta,089,179085,2,1,0,1,0
2020-03-11,Sierra,091,2930,0,0,0,0,0
2020-03-11,Siskiyou,093,43540,0,0,0,0,0
2020-03-11,Solano,095,438530,29,26,0,26,0
2020-03-11,Sonoma,097,501317,30,2,0,2,0
2020-03-11,Stanislaus,099,539301,15,2,2,4,0
2020-03-11,Sutter,101,95872,0,0,0,0,0
2020-03-11,Tehama,103,63373,0,0,0,0,0
2020-03-11,Trinity,105,12862,0,0,0,0,0
2020-03-11,Tulare,107,460477,10,0,1,1,0
2020-03-11,Tuolumne,109,53932,1,0,0,0,0
2020-03-11,Ventura,111,848112,37,3,0,3,0
2020-03-11,Yolo,113,214977,10,1,0,1,0
2020-03-11,Yuba,115,75493,1,0,0,0,0
2020-03-10,Alameda,001,1643700,98,4,0,4,0
2020-03-10,Alpine,003,1148,0,0,0,0,0
2020-03-10,Amador,005,37829,0,0,0,0,0
2020-03-10,Butte,007,227075,0,0,0,0,0
2020-03-10,Calaveras,009,45235,2,2,0,2,0
2020-03-10,Colusa,011,21464,0,0,0,0,0
2020-03-10,Contra Costa,013,1133247,84,11,0,11,0
2020-03-10,Del Norte,015,27424,0,0,0,0,0
2020-03-10,El Dorado,017,186661,6,0,0,0,0
2020-03-10,Fresno,019,978130,6,1,1,2,0
2020-03-10,Glenn,021,27897,0,0,0,0,0
2020-03-10,Humboldt,023,135768,6,1,0,1,0
2020-03-10,Imperial,025,180216,8,0,0,0,0
2020-03-10,Inyo,027,18085,0,0,0,0,0
2020-03-10,Kern,029,883053,11,0,0,0,0
2020-03-10,Kings,031,150075,4,0,1,1,0
2020-03-10,Lake,033,64148,0,0,0,0,0
2020-03-10,Lassen,035,31185,0,0,0,0,0
2020-03-10,Los Angeles,037,10098052,555,20,11,31,0
2020-03-10,Madera,039,155013,7,1,0,1,0
2020-03-10,Marin,041,260295,16,1,0,1,0
2020-03-10,Mariposa,043,17540,0,0,0,0,0
2020-03-10,Mendocino,045,87422,0,0,0,0,0
2020-03-10,Merced,047,269075,2,0,0,0,0
2020-03-10,Modoc,049,8938,0,0,0,0,0
2020-03-10,Mono,051,14174,3,0,0,0,0
2020-03-10,Monterey,053,433212,3,0,0,0,0
2020-03-10,Napa,055,140530,2,0,0,0,0
2020-03-10,Nevada,057,99092,3,0,1,1,0
2020-03-10,Orange,059,3164182,185,5,0,5,1
2020-03-10,Placer,061,380077,14,7,0,7,1
2020-03-10,Plumas,063,18699,0,0,0,0,0
2020-03-10,Riverside,065,2383286,56,4,1,5,0
2020-03-10,Sacramento,067,1510023,78,8,0,8,0
2020-03-10,San Benito,069,59416,5,2,0,2,0
2020-03-10,San Bernardino,071,2135413,64,0,0,0,0
2020-03-10,San Diego,073,3302833,165,3,0,3,0
2020-03-10,San Francisco,075,870044,91,16,0,16,0
2020-03-10,San Joaquin,077,732212,30,1,3,4,0
2020-03-10,San Luis Obispo,079,281455,15,0,0,0,0
2020-03-10,San Mateo,081,765935,124,11,0,11,0
2020-03-10,Santa Barbara,083,443738,11,0,0,0,0
2020-03-10,Santa Clara,085,1922200,315,45,1,46,1
2020-03-10,Santa Cruz,087,273765,22,2,0,2,0
2020-03-10,Shasta,089,179085,2,1,0,1,0
2020-03-10,Sierra,091,2930,0,0,0,0,0
2020-03-10,Siskiyou,093,43540,0,0,0,0,0
2020-03-10,Solano,095,438530,27,26,0,26,0
2020-03-10,Sonoma,097,501317,27,2,0,2,0
2020-03-10,Stanislaus,099,539301,11,0,2,2,0
2020-03-10,Sutter,101,95872,0,0,0,0,0
2020-03-10,Tehama,103,63373,0,0,0,0,0
2020-03-10,Trinity,105,12862,0,0,0,0,0
2020-03-10,Tulare,107,460477,9,0,1,1,0
2020-03-10,Tuolumne,109,53932,1,0,0,0,0
2020-03-10,Ventura,111,848112,29,1,0,1,0
2020-03-10,Yolo,113,214977,7,2,0,2,0
2020-03-10,Yuba,115,75493,1,0,0,0,0
2020-03-09,Alameda,001,1643700,70,4,0,4,0
2020-03-09,Alpine,003,1148,0,0,0,0,0
2020-03-09,Amador,005,37829,0,0,0,0,0
2020-03-09,Butte,007,227075,0,0,0,0,0
2020-03-09,Calaveras,009,45235,2,0,0,0,0
2020-03-09,Colusa,011,21464,0,0,0,0,0
2020-03-09,Contra Costa,013,1133247,72,9,0,9,0
2020-03-09,Del Norte,015,27424,0,0,0,0,0
2020-03-09,El Dorado,017,186661,4,0,0,0,0
2020-03-09,Fresno,019,978130,6,1,1,2,0
2020-03-09,Glenn,021,27897,0,0,0,0,0
2020-03-09,Humboldt,023,135768,5,1,0,1,0
2020-03-09,Imperial,025,180216,8,0,0,0,0
2020-03-09,Inyo,027,18085,0,0,0,0,0
2020-03-09,Kern,029,883053,8,0,0,0,0
2020-03-09,Kings,031,150075,3,0,1,1,0
2020-03-09,Lake,033,64148,0,0,0,0,0
2020-03-09,Lassen,035,31185,0,0,0,0,0
2020-03-09,Los Angeles,037,10098052,453,17,10,27,0
2020-03-09,Madera,039,155013,7,1,0,1,0
2020-03-09,Marin,041,260295,15,1,0,1,0
2020-03-09,Mariposa,043,17540,0,0,0,0,0
2020-03-09,Mendocino,045,87422,0,0,0,0,0
2020-03-09,Merced,047,269075,2,0,0,0,0
2020-03-09,Modoc,049,8938,0,0,0,0,0
2020-03-09,Mono,051,14174,3,0,0,0,0
2020-03-09,Monterey,053,433212,1,0,0,0,0
2020-03-09,Napa,055,140530,2,0,0,0,0
2020-03-09,Nevada,057,99092,2,0,1,1,0
2020-03-09,Orange,059,3164182,157,4,0,4,0
2020-03-09,Placer,061,380077,12,7,0,7,1
2020-03-09,Plumas,063,18699,0,0,0,0,0
2020-03-09,Riverside,065,2383286,47,4,1,5,0
2020-03-09,Sacramento,067,1510023,74,8,0,8,0
2020-03-09,San Benito,069,59416,3,2,0,2,0
2020-03-09,San Bernardino,071,2135413,53,0,0,0,0
2020-03-09,San Diego,073,3302833,126,2,0,2,0
2020-03-09,San Francisco,075,870044,71,14,0,14,0
2020-03-09,San Joaquin,077,732212,21,0,3,3,0
2020-03-09,San Luis Obispo,079,281455,15,0,0,0,0
2020-03-09,San Mateo,081,765935,110,6,0,6,0
2020-03-09,Santa Barbara,083,443738,9,0,0,0,0
2020-03-09,Santa Clara,085,1922200,271,42,1,43,1
2020-03-09,Santa Cruz,087,273765,19,2,0,2,0
2020-03-09,Shasta,089,179085,2,1,0,1,0
2020-03-09,Sierra,091,2930,0,0,0,0,0
2020-03-09,Siskiyou,093,43540,0,0,0,0,0
2020-03-09,Solano,095,438530,25,26,0,26,0
2020-03-09,Sonoma,097,501317,22,2,0,2,0
2020-03-09,Stanislaus,099,539301,11,0,2,2,0
2020-03-09,Sutter,101,95872,0,0,0,0,0
2020-03-09,Tehama,103,63373,0,0,0,0,0
2020-03-09,Trinity,105,12862,0,0,0,0,0
2020-03-09,Tulare,107,460477,9,0,1,1,0
2020-03-09,Tuolumne,109,53932,1,0,0,0,0
2020-03-09,Ventura,111,848112,25,1,0,1,0
2020-03-09,Yolo,113,214977,6,2,0,2,0
2020-03-09,Yuba,115,75493,0,0,0,0,0
2020-03-08,Alameda,001,1643700,45,4,0,4,0
2020-03-08,Alpine,003,1148,0,0,0,0,0
2020-03-08,Amador,005,37829,0,0,0,0,0
2020-03-08,Butte,007,227075,0,0,0,0,0
2020-03-08,Calaveras,009,45235,2,0,0,0,0
2020-03-08,Colusa,011,21464,0,0,0,0,0
2020-03-08,Contra Costa,013,1133247,58,9,0,9,0
2020-03-08,Del Norte,015,27424,0,0,0,0,0
2020-03-08,El Dorado,017,186661,4,0,0,0,0
2020-03-08,Fresno,019,978130,4,1,1,2,0
2020-03-08,Glenn,021,27897,0,0,0,0,0
2020-03-08,Humboldt,023,135768,5,1,0,1,0
2020-03-08,Imperial,025,180216,8,0,0,0,0
2020-03-08,Inyo,027,18085,0,0,0,0,0
2020-03-08,Kern,029,883053,8,0,0,0,0
2020-03-08,Kings,031,150075,2,0,1,1,0
2020-03-08,Lake,033,64148,0,0,0,0,0
2020-03-08,Lassen,035,31185,0,0,0,0,0
2020-03-08,Los Angeles,037,10098052,360,14,10,24,0
2020-03-08,Madera,039,155013,7,1,0,1,0
2020-03-08,Marin,041,260295,13,1,0,1,0
2020-03-08,Mariposa,043,17540,0,0,0,0,0
2020-03-08,Mendocino,045,87422,0,0,0,0,0
2020-03-08,Merced,047,269075,2,0,0,0,0
2020-03-08,Modoc,049,8938,0,0,0,0,0
2020-03-08,Mono,051,14174,3,0,0,0,0
2020-03-08,Monterey,053,433212,1,0,0,0,0
2020-03-08,Napa,055,140530,2,0,0,0,0
2020-03-08,Nevada,057,99092,1,0,1,1,0
2020-03-08,Orange,059,3164182,132,4,0,4,0
2020-03-08,Placer,061,380077,11,7,0,7,1
2020-03-08,Plumas,063,18699,0,0,0,0,0
2020-03-08,Riverside,065,2383286,40,1,1,2,0
2020-03-08,Sacramento,067,1510023,64,5,0,5,0
2020-03-08,San Benito,069,59416,3,2,0,2,0
2020-03-08,San Bernardino,071,2135413,42,0,0,0,0
2020-03-08,San Diego,073,3302833,92,2,0,2,0
2020-03-08,San Francisco,075,870044,52,9,0,9,0
2020-03-08,San Joaquin,077,732212,18,0,3,3,0
2020-03-08,San Luis Obispo,079,281455,9,0,0,0,0
2020-03-08,San Mateo,081,765935,97,4,0,4,0
2020-03-08,Santa Barbara,083,443738,6,0,0,0,0
2020-03-08,Santa Clara,085,1922200,229,36,1,37,0
2020-03-08,Santa Cruz,087,273765,17,1,0,1,0
2020-03-08,Shasta,089,179085,2,0,0,0,0
2020-03-08,Sierra,091,2930,0,0,0,0,0
2020-03-08,Siskiyou,093,43540,0,0,0,0,0
2020-03-08,Solano,095,438530,24,26,0,26,0
2020-03-08,Sonoma,097,501317,17,2,0,2,0
2020-03-08,Stanislaus,099,539301,10,0,2,2,0
2020-03-08,Sutter,101,95872,0,0,0,0,0
2020-03-08,Tehama,103,63373,0,0,0,0,0
2020-03-08,Trinity,105,12862,0,0,0,0,0
2020-03-08,Tulare,107,460477,9,0,0,0,0
2020-03-08,Tuolumne,109,53932,1,0,0,0,0
2020-03-08,Ventura,111,848112,21,1,0,1,0
2020-03-08,Yolo,113,214977,3,2,0,2,0
2020-03-08,Yuba,115,75493,0,0,0,0,0
2020-03-07,Alameda,001,1643700,40,3,0,3,0
2020-03-07,Alpine,003,1148,0,0,0,0,0
2020-03-07,Amador,005,37829,0,0,0,0,0
2020-03-07,Butte,007,227075,0,0,0,0,0
2020-03-07,Calaveras,009,45235,2,0,0,0,0
2020-03-07,Colusa,011,21464,0,0,0,0,0
2020-03-07,Contra Costa,013,1133247,55,4,0,4,0
2020-03-07,Del Norte,015,27424,0,0,0,0,0
2020-03-07,El Dorado,017,186661,3,0,0,0,0
2020-03-07,Fresno,019,978130,3,1,1,2,0
2020-03-07,Glenn,021,27897,0,0,0,0,0
2020-03-07,Humboldt,023,135768,5,1,0,1,0
2020-03-07,Imperial,025,180216,7,0,0,0,0
2020-03-07,Inyo,027,18085,0,0,0,0,0
2020-03-07,Kern,029,883053,7,0,0,0,0
2020-03-07,Kings,031,150075,2,0,1,1,0
2020-03-07,Lake,033,64148,0,0,0,0,0
2020-03-07,Lassen,035,31185,0,0,0,0,0
2020-03-07,Los Angeles,037,10098052,310,14,10,24,0
2020-03-07,Madera,039,155013,6,1,0,1,0
2020-03-07,Marin,041,260295,11,0,0,0,0
2020-03-07,Mariposa,043,17540,0,0,0,0,0
2020-03-07,Mendocino,045,87422,0,0,0,0,0
2020-03-07,Merced,047,269075,2,0,0,0,0
2020-03-07,Modoc,049,8938,0,0,0,0,0
2020-03-07,Mono,051,14174,3,0,0,0,0
2020-03-07,Monterey,053,433212,1,0,0,0,0
2020-03-07,Napa,055,140530,1,0,0,0,0
2020-03-07,Nevada,057,99092,1,0,1,1,0
2020-03-07,Orange,059,3164182,124,4,0,4,0
2020-03-07,Placer,061,380077,11,6,0,6,1
2020-03-07,Plumas,063,18699,0,0,0,0,0
2020-03-07,Riverside,065,2383286,30,0,1,1,0
2020-03-07,Sacramento,067,1510023,51,4,0,4,0
2020-03-07,San Benito,069,59416,3,2,0,2,0
2020-03-07,San Bernardino,071,2135413,40,0,0,0,0
2020-03-07,San Diego,073,3302833,74,2,0,2,0
2020-03-07,San Francisco,075,870044,46,9,0,9,0
2020-03-07,San Joaquin,077,732212,16,0,3,3,0
2020-03-07,San Luis Obispo,079,281455,6,0,0,0,0
2020-03-07,San Mateo,081,765935,87,1,0,1,0
2020-03-07,Santa Barbara,083,443738,5,0,0,0,0
2020-03-07,Santa Clara,085,1922200,200,31,1,32,0
2020-03-07,Santa Cruz,087,273765,17,1,0,1,0
2020-03-07,Shasta,089,179085,2,0,0,0,0
2020-03-07,Sierra,091,2930,0,0,0,0,0
2020-03-07,Siskiyou,093,43540,0,0,0,0,0
2020-03-07,Solano,095,438530,23,25,0,25,0
2020-03-07,Sonoma,097,501317,13,2,0,2,0
2020-03-07,Stanislaus,099,539301,9,0,2,2,0
2020-03-07,Sutter,101,95872,0,0,0,0,0
2020-03-07,Tehama,103,63373,0,0,0,0,0
2020-03-07,Trinity,105,12862,0,0,0,0,0
2020-03-07,Tulare,107,460477,6,0,0,0,0
2020-03-07,Tuolumne,109,53932,1,0,0,0,0
2020-03-07,Ventura,111,848112,18,1,0,1,0
2020-03-07,Yolo,113,214977,3,2,0,2,0
2020-03-07,Yuba,115,75493,0,0,0,0,0
2020-03-06,Alameda,001,1643700,38,3,0,3,0
2020-03-06,Alpine,003,1148,0,0,0,0,0
2020-03-06,Amador,005,37829,0,0,0,0,0
2020-03-06,Butte,007,227075,0,0,0,0,0
2020-03-06,Calaveras,009,45235,2,0,0,0,0
2020-03-06,Colusa,011,21464,0,0,0,0,0
2020-03-06,Contra Costa,013,1133247,46,4,0,4,0
2020-03-06,Del Norte,015,27424,0,0,0,0,0
2020-03-06,El Dorado,017,186661,3,0,0,0,0
2020-03-06,Fresno,019,978130,2,0,1,1,0
2020-03-06,Glenn,021,27897,0,0,0,0,0
2020-03-06,Humboldt,023,135768,4,1,0,1,0
2020-03-06,Imperial,025,180216,6,0,0,0,0
2020-03-06,Inyo,027,18085,0,0,0,0,0
2020-03-06,Kern,029,883053,6,0,0,0,0
2020-03-06,Kings,031,150075,2,0,1,1,0
2020-03-06,Lake,033,64148,0,0,0,0,0
2020-03-06,Lassen,035,31185,0,0,0,0,0
2020-03-06,Los Angeles,037,10098052,267,13,10,23,0
2020-03-06,Madera,039,155013,5,0,0,0,0
2020-03-06,Marin,041,260295,10,0,0,0,0
2020-03-06,Mariposa,043,17540,0,0,0,0,0
2020-03-06,Mendocino,045,87422,0,0,0,0,0
2020-03-06,Merced,047,269075,2,0,0,0,0
2020-03-06,Modoc,049,8938,0,0,0,0,0
2020-03-06,Mono,051,14174,1,0,0,0,0
2020-03-06,Monterey,053,433212,1,0,0,0,0
2020-03-06,Napa,055,140530,1,0,0,0,0
2020-03-06,Nevada,057,99092,1,0,1,1,0
2020-03-06,Orange,059,3164182,98,4,0,4,0
2020-03-06,Placer,061,380077,10,5,0,5,1
2020-03-06,Plumas,063,18699,0,0,0,0,0
2020-03-06,Riverside,065,2383286,30,0,1,1,0
2020-03-06,Sacramento,067,1510023,42,2,0,2,0
2020-03-06,San Benito,069,59416,3,2,0,2,0
2020-03-06,San Bernardino,071,2135413,38,0,0,0,0
2020-03-06,San Diego,073,3302833,61,2,0,2,0
2020-03-06,San Francisco,075,870044,40,2,0,2,0
2020-03-06,San Joaquin,077,732212,13,0,3,3,0
2020-03-06,San Luis Obispo,079,281455,4,0,0,0,0
2020-03-06,San Mateo,081,765935,79,1,0,1,0
2020-03-06,Santa Barbara,083,443738,3,0,0,0,0
2020-03-06,Santa Clara,085,1922200,182,20,1,21,0
2020-03-06,Santa Cruz,087,273765,15,0,0,0,0
2020-03-06,Shasta,089,179085,2,0,0,0,0
2020-03-06,Sierra,091,2930,0,0,0,0,0
2020-03-06,Siskiyou,093,43540,0,0,0,0,0
2020-03-06,Solano,095,438530,22,25,0,25,0
2020-03-06,Sonoma,097,501317,13,2,0,2,0
2020-03-06,Stanislaus,099,539301,5,0,2,2,0
2020-03-06,Sutter,101,95872,0,0,0,0,0
2020-03-06,Tehama,103,63373,0,0,0,0,0
2020-03-06,Trinity,105,12862,0,0,0,0,0
2020-03-06,Tulare,107,460477,6,0,0,0,0
2020-03-06,Tuolumne,109,53932,1,0,0,0,0
2020-03-06,Ventura,111,848112,15,1,0,1,0
2020-03-06,Yolo,113,214977,3,1,0,1,0
2020-03-06,Yuba,115,75493,0,0,0,0,0
2020-03-05,Alameda,001,1643700,33,2,0,2,0
2020-03-05,Alpine,003,1148,0,0,0,0,0
2020-03-05,Amador,005,37829,0,0,0,0,0
2020-03-05,Butte,007,227075,0,0,0,0,0
2020-03-05,Calaveras,009,45235,2,0,0,0,0
2020-03-05,Colusa,011,21464,0,0,0,0,0
2020-03-05,Contra Costa,013,1133247,39,1,0,1,0
2020-03-05,Del Norte,015,27424,0,0,0,0,0
2020-03-05,El Dorado,017,186661,1,0,0,0,0
2020-03-05,Fresno,019,978130,2,0,1,1,0
2020-03-05,Glenn,021,27897,0,0,0,0,0
2020-03-05,Humboldt,023,135768,4,1,0,1,0
2020-03-05,Imperial,025,180216,5,0,0,0,0
2020-03-05,Inyo,027,18085,0,0,0,0,0
2020-03-05,Kern,029,883053,6,0,0,0,0
2020-03-05,Kings,031,150075,2,0,1,1,0
2020-03-05,Lake,033,64148,0,0,0,0,0
2020-03-05,Lassen,035,31185,0,0,0,0,0
2020-03-05,Los Angeles,037,10098052,220,11,10,21,0
2020-03-05,Madera,039,155013,5,0,0,0,0
2020-03-05,Marin,041,260295,10,0,0,0,0
2020-03-05,Mariposa,043,17540,0,0,0,0,0
2020-03-05,Mendocino,045,87422,0,0,0,0,0
2020-03-05,Merced,047,269075,2,0,0,0,0
2020-03-05,Modoc,049,8938,0,0,0,0,0
2020-03-05,Mono,051,14174,1,0,0,0,0
2020-03-05,Monterey,053,433212,1,0,0,0,0
2020-03-05,Napa,055,140530,1,0,0,0,0
2020-03-05,Nevada,057,99092,0,0,1,1,0
2020-03-05,Orange,059,3164182,83,3,0,3,0
2020-03-05,Placer,061,380077,10,2,0,2,1
2020-03-05,Plumas,063,18699,0,0,0,0,0
2020-03-05,Riverside,065,2383286,27,0,1,1,0
2020-03-05,Sacramento,067,1510023,36,2,0,2,0
2020-03-05,San Benito,069,59416,1,2,0,2,0
2020-03-05,San Bernardino,071,2135413,33,0,0,0,0
2020-03-05,San Diego,073,3302833,54,2,0,2,0
2020-03-05,San Francisco,075,870044,30,2,0,2,0
2020-03-05,San Joaquin,077,732212,10,0,3,3,0
2020-03-05,San Luis Obispo,079,281455,4,0,0,0,0
2020-03-05,San Mateo,081,765935,65,1,0,1,0
2020-03-05,Santa Barbara,083,443738,2,0,0,0,0
2020-03-05,Santa Clara,085,1922200,161,14,1,15,0
2020-03-05,Santa Cruz,087,273765,13,0,0,0,0
2020-03-05,Shasta,089,179085,2,0,0,0,0
2020-03-05,Sierra,091,2930,0,0,0,0,0
2020-03-05,Siskiyou,093,43540,0,0,0,0,0
2020-03-05,Solano,095,438530,22,24,0,24,0
2020-03-05,Sonoma,097,501317,12,2,0,2,0
2020-03-05,Stanislaus,099,539301,4,0,2,2,0
2020-03-05,Sutter,101,95872,0,0,0,0,0
2020-03-05,Tehama,103,63373,0,0,0,0,0
2020-03-05,Trinity,105,12862,0,0,0,0,0
2020-03-05,Tulare,107,460477,6,0,0,0,0
2020-03-05,Tuolumne,109,53932,1,0,0,0,0
2020-03-05,Ventura,111,848112,13,0,0,0,0
2020-03-05,Yolo,113,214977,3,0,0,0,0
2020-03-05,Yuba,115,75493,0,0,0,0,0
2020-03-04,Alameda,001,1643700,29,2,0,2,0
2020-03-04,Alpine,003,1148,0,0,0,0,0
2020-03-04,Amador,005,37829,0,0,0,0,0
2020-03-04,Butte,007,227075,0,0,0,0,0
2020-03-04,Calaveras,009,45235,0,0,0,0,0
2020-03-04,Colusa,011,21464,0,0,0,0,0
2020-03-04,Contra Costa,013,1133247,34,1,0,1,0
2020-03-04,Del Norte,015,27424,0,0,0,0,0
2020-03-04,El Dorado,017,186661,1,0,0,0,0
2020-03-04,Fresno,019,978130,2,0,1,1,0
2020-03-04,Glenn,021,27897,0,0,0,0,0
2020-03-04,Humboldt,023,135768,1,1,0,1,0
2020-03-04,Imperial,025,180216,5,0,0,0,0
2020-03-04,Inyo,027,18085,0,0,0,0,0
2020-03-04,Kern,029,883053,6,0,0,0,0
2020-03-04,Kings,031,150075,2,0,1,1,0
2020-03-04,Lake,033,64148,0,0,0,0,0
2020-03-04,Lassen,035,31185,0,0,0,0,0
2020-03-04,Los Angeles,037,10098052,185,7,10,17,0
2020-03-04,Madera,039,155013,5,0,0,0,0
2020-03-04,Marin,041,260295,10,0,0,0,0
2020-03-04,Mariposa,043,17540,0,0,0,0,0
2020-03-04,Mendocino,045,87422,0,0,0,0,0
2020-03-04,Merced,047,269075,2,0,0,0,0
2020-03-04,Modoc,049,8938,0,0,0,0,0
2020-03-04,Mono,051,14174,1,0,0,0,0
2020-03-04,Monterey,053,433212,1,0,0,0,0
2020-03-04,Napa,055,140530,1,0,0,0,0
2020-03-04,Nevada,057,99092,0,0,1,1,0
2020-03-04,Orange,059,3164182,80,3,0,3,0
2020-03-04,Placer,061,380077,9,2,0,2,1
2020-03-04,Plumas,063,18699,0,0,0,0,0
2020-03-04,Riverside,065,2383286,23,0,1,1,0
2020-03-04,Sacramento,067,1510023,31,1,0,1,0
2020-03-04,San Benito,069,59416,1,2,0,2,0
2020-03-04,San Bernardino,071,2135413,30,0,0,0,0
2020-03-04,San Diego,073,3302833,41,2,0,2,0
2020-03-04,San Francisco,075,870044,25,0,0,0,0
2020-03-04,San Joaquin,077,732212,9,0,3,3,0
2020-03-04,San Luis Obispo,079,281455,4,0,0,0,0
2020-03-04,San Mateo,081,765935,60,1,0,1,0
2020-03-04,Santa Barbara,083,443738,2,0,0,0,0
2020-03-04,Santa Clara,085,1922200,144,12,1,13,0
2020-03-04,Santa Cruz,087,273765,13,0,0,0,0
2020-03-04,Shasta,089,179085,2,0,0,0,0
2020-03-04,Sierra,091,2930,0,0,0,0,0
2020-03-04,Siskiyou,093,43540,0,0,0,0,0
2020-03-04,Solano,095,438530,21,24,0,24,0
2020-03-04,Sonoma,097,501317,11,2,0,2,0
2020-03-04,Stanislaus,099,539301,4,0,2,2,0
2020-03-04,Sutter,101,95872,0,0,0,0,0
2020-03-04,Tehama,103,63373,0,0,0,0,0
2020-03-04,Trinity,105,12862,0,0,0,0,0
2020-03-04,Tulare,107,460477,6,0,0,0,0
2020-03-04,Tuolumne,109,53932,0,0,0,0,0
2020-03-04,Ventura,111,848112,12,0,0,0,0
2020-03-04,Yolo,113,214977,3,0,0,0,0
2020-03-04,Yuba,115,75493,0,0,0,0,0
2020-03-03,Alameda,001,1643700,24,2,0,2,0
2020-03-03,Alpine,003,1148,0,0,0,0,0
2020-03-03,Amador,005,37829,0,0,0,0,0
2020-03-03,Butte,007,227075,0,0,0,0,0
2020-03-03,Calaveras,009,45235,0,0,0,0,0
2020-03-03,Colusa,011,21464,0,0,0,0,0
2020-03-03,Contra Costa,013,1133247,30,0,0,0,0
2020-03-03,Del Norte,015,27424,0,0,0,0,0
2020-03-03,El Dorado,017,186661,1,0,0,0,0
2020-03-03,Fresno,019,978130,1,0,1,1,0
2020-03-03,Glenn,021,27897,0,0,0,0,0
2020-03-03,Humboldt,023,135768,1,1,0,1,0
2020-03-03,Imperial,025,180216,5,0,0,0,0
2020-03-03,Inyo,027,18085,0,0,0,0,0
2020-03-03,Kern,029,883053,4,0,0,0,0
2020-03-03,Kings,031,150075,2,0,1,1,0
2020-03-03,Lake,033,64148,0,0,0,0,0
2020-03-03,Lassen,035,31185,0,0,0,0,0
2020-03-03,Los Angeles,037,10098052,166,5,10,15,0
2020-03-03,Madera,039,155013,4,0,0,0,0
2020-03-03,Marin,041,260295,6,0,0,0,0
2020-03-03,Mariposa,043,17540,0,0,0,0,0
2020-03-03,Mendocino,045,87422,0,0,0,0,0
2020-03-03,Merced,047,269075,2,0,0,0,0
2020-03-03,Modoc,049,8938,0,0,0,0,0
2020-03-03,Mono,051,14174,1,0,0,0,0
2020-03-03,Monterey,053,433212,0,0,0,0,0
2020-03-03,Napa,055,140530,1,0,0,0,0
2020-03-03,Nevada,057,99092,0,0,1,1,0
2020-03-03,Orange,059,3164182,72,1,0,1,0
2020-03-03,Placer,061,380077,8,2,0,2,0
2020-03-03,Plumas,063,18699,0,0,0,0,0
2020-03-03,Riverside,065,2383286,20,0,1,1,0
2020-03-03,Sacramento,067,1510023,30,1,0,1,0
2020-03-03,San Benito,069,59416,1,2,0,2,0
2020-03-03,San Bernardino,071,2135413,27,0,0,0,0
2020-03-03,San Diego,073,3302833,34,2,0,2,0
2020-03-03,San Francisco,075,870044,23,0,0,0,0
2020-03-03,San Joaquin,077,732212,8,0,3,3,0
2020-03-03,San Luis Obispo,079,281455,2,0,0,0,0
2020-03-03,San Mateo,081,765935,53,1,0,1,0
2020-03-03,Santa Barbara,083,443738,1,0,0,0,0
2020-03-03,Santa Clara,085,1922200,129,11,1,12,0
2020-03-03,Santa Cruz,087,273765,10,0,0,0,0
2020-03-03,Shasta,089,179085,2,0,0,0,0
2020-03-03,Sierra,091,2930,0,0,0,0,0
2020-03-03,Siskiyou,093,43540,0,0,0,0,0
2020-03-03,Solano,095,438530,20,24,0,24,0
2020-03-03,Sonoma,097,501317,11,1,0,1,0
2020-03-03,Stanislaus,099,539301,4,0,2,2,0
2020-03-03,Sutter,101,95872,0,0,0,0,0
2020-03-03,Tehama,103,63373,0,0,0,0,0
2020-03-03,Trinity,105,12862,0,0,0,0,0
2020-03-03,Tulare,107,460477,6,0,0,0,0
2020-03-03,Tuolumne,109,53932,0,0,0,0,0
2020-03-03,Ventura,111,848112,11,0,0,0,0
2020-03-03,Yolo,113,214977,2,0,0,0,0
2020-03-03,Yuba,115,75493,0,0,0,0,0
2020-03-02,Alameda,001,1643700,21,1,0,1,0
2020-03-02,Alpine,003,1148,0,0,0,0,0
2020-03-02,Amador,005,37829,0,0,0,0,0
2020-03-02,Butte,007,227075,0,0,0,0,0
2020-03-02,Calaveras,009,45235,0,0,0,0,0
2020-03-02,Colusa,011,21464,0,0,0,0,0
2020-03-02,Contra Costa,013,1133247,27,0,0,0,0
2020-03-02,Del Norte,015,27424,0,0,0,0,0
2020-03-02,El Dorado,017,186661,1,0,0,0,0
2020-03-02,Fresno,019,978130,1,0,1,1,0
2020-03-02,Glenn,021,27897,0,0,0,0,0
2020-03-02,Humboldt,023,135768,1,1,0,1,0
2020-03-02,Imperial,025,180216,5,0,0,0,0
2020-03-02,Inyo,027,18085,0,0,0,0,0
2020-03-02,Kern,029,883053,4,0,0,0,0
2020-03-02,Kings,031,150075,2,0,1,1,0
2020-03-02,Lake,033,64148,0,0,0,0,0
2020-03-02,Lassen,035,31185,0,0,0,0,0
2020-03-02,Los Angeles,037,10098052,151,1,10,11,0
2020-03-02,Madera,039,155013,4,0,0,0,0
2020-03-02,Marin,041,260295,6,0,0,0,0
2020-03-02,Mariposa,043,17540,0,0,0,0,0
2020-03-02,Mendocino,045,87422,0,0,0,0,0
2020-03-02,Merced,047,269075,1,0,0,0,0
2020-03-02,Modoc,049,8938,0,0,0,0,0
2020-03-02,Mono,051,14174,1,0,0,0,0
2020-03-02,Monterey,053,433212,0,0,0,0,0
2020-03-02,Napa,055,140530,1,0,0,0,0
2020-03-02,Nevada,057,99092,0,0,1,1,0
2020-03-02,Orange,059,3164182,67,1,0,1,0
2020-03-02,Placer,061,380077,8,1,0,1,0
2020-03-02,Plumas,063,18699,0,0,0,0,0
2020-03-02,Riverside,065,2383286,19,0,1,1,0
2020-03-02,Sacramento,067,1510023,25,1,0,1,0
2020-03-02,San Benito,069,59416,1,2,0,2,0
2020-03-02,San Bernardino,071,2135413,27,0,0,0,0
2020-03-02,San Diego,073,3302833,28,2,0,2,0
2020-03-02,San Francisco,075,870044,17,0,0,0,0
2020-03-02,San Joaquin,077,732212,7,0,3,3,0
2020-03-02,San Luis Obispo,079,281455,2,0,0,0,0
2020-03-02,San Mateo,081,765935,44,1,0,1,0
2020-03-02,Santa Barbara,083,443738,1,0,0,0,0
2020-03-02,Santa Clara,085,1922200,107,7,1,8,0
2020-03-02,Santa Cruz,087,273765,9,0,0,0,0
2020-03-02,Shasta,089,179085,2,0,0,0,0
2020-03-02,Sierra,091,2930,0,0,0,0,0
2020-03-02,Siskiyou,093,43540,0,0,0,0,0
2020-03-02,Solano,095,438530,19,24,0,24,0
2020-03-02,Sonoma,097,501317,10,1,0,1,0
2020-03-02,Stanislaus,099,539301,2,0,2,2,0
2020-03-02,Sutter,101,95872,0,0,0,0,0
2020-03-02,Tehama,103,63373,0,0,0,0,0
2020-03-02,Trinity,105,12862,0,0,0,0,0
2020-03-02,Tulare,107,460477,6,0,0,0,0
2020-03-02,Tuolumne,109,53932,0,0,0,0,0
2020-03-02,Ventura,111,848112,10,0,0,0,0
2020-03-02,Yolo,113,214977,2,0,0,0,0
2020-03-02,Yuba,115,75493,0,0,0,0,0
2020-03-01,Alameda,001,1643700,20,1,0,1,0
2020-03-01,Alpine,003,1148,0,0,0,0,0
2020-03-01,Amador,005,37829,0,0,0,0,0
2020-03-01,Butte,007,227075,0,0,0,0,0
2020-03-01,Calaveras,009,45235,0,0,0,0,0
2020-03-01,Colusa,011,21464,0,0,0,0,0
2020-03-01,Contra Costa,013,1133247,24,0,0,0,0
2020-03-01,Del Norte,015,27424,0,0,0,0,0
2020-03-01,El Dorado,017,186661,1,0,0,0,0
2020-03-01,Fresno,019,978130,0,0,1,1,0
2020-03-01,Glenn,021,27897,0,0,0,0,0
2020-03-01,Humboldt,023,135768,1,1,0,1,0
2020-03-01,Imperial,025,180216,5,0,0,0,0
2020-03-01,Inyo,027,18085,0,0,0,0,0
2020-03-01,Kern,029,883053,2,0,0,0,0
2020-03-01,Kings,031,150075,2,0,1,1,0
2020-03-01,Lake,033,64148,0,0,0,0,0
2020-03-01,Lassen,035,31185,0,0,0,0,0
2020-03-01,Los Angeles,037,10098052,132,1,10,11,0
2020-03-01,Madera,039,155013,2,0,0,0,0
2020-03-01,Marin,041,260295,5,0,0,0,0
2020-03-01,Mariposa,043,17540,0,0,0,0,0
2020-03-01,Mendocino,045,87422,0,0,0,0,0
2020-03-01,Merced,047,269075,1,0,0,0,0
2020-03-01,Modoc,049,8938,0,0,0,0,0
2020-03-01,Mono,051,14174,1,0,0,0,0
2020-03-01,Monterey,053,433212,0,0,0,0,0
2020-03-01,Napa,055,140530,1,0,0,0,0
2020-03-01,Nevada,057,99092,0,0,1,1,0
2020-03-01,Orange,059,3164182,64,1,0,1,0
2020-03-01,Placer,061,380077,8,0,0,0,0
2020-03-01,Plumas,063,18699,0,0,0,0,0
2020-03-01,Riverside,065,2383286,18,0,1,1,0
2020-03-01,Sacramento,067,1510023,21,1,0,1,0
2020-03-01,San Benito,069,59416,0,2,0,2,0
2020-03-01,San Bernardino,071,2135413,25,0,0,0,0
2020-03-01,San Diego,073,3302833,21,2,0,2,0
2020-03-01,San Francisco,075,870044,13,0,0,0,0
2020-03-01,San Joaquin,077,732212,7,0,3,3,0
2020-03-01,San Luis Obispo,079,281455,2,0,0,0,0
2020-03-01,San Mateo,081,765935,36,0,0,0,0
2020-03-01,Santa Barbara,083,443738,1,0,0,0,0
2020-03-01,Santa Clara,085,1922200,94,6,1,7,0
2020-03-01,Santa Cruz,087,273765,8,0,0,0,0
2020-03-01,Shasta,089,179085,2,0,0,0,0
2020-03-01,Sierra,091,2930,0,0,0,0,0
2020-03-01,Siskiyou,093,43540,0,0,0,0,0
2020-03-01,Solano,095,438530,19,24,0,24,0
2020-03-01,Sonoma,097,501317,9,0,0,0,0
2020-03-01,Stanislaus,099,539301,2,0,2,2,0
2020-03-01,Sutter,101,95872,0,0,0,0,0
2020-03-01,Tehama,103,63373,0,0,0,0,0
2020-03-01,Trinity,105,12862,0,0,0,0,0
2020-03-01,Tulare,107,460477,6,0,0,0,0
2020-03-01,Tuolumne,109,53932,0,0,0,0,0
2020-03-01,Ventura,111,848112,8,0,0,0,0
2020-03-01,Yolo,113,214977,2,0,0,0,0
2020-03-01,Yuba,115,75493,0,0,0,0,0
2020-02-29,Alameda,001,1643700,16,0,0,0,0
2020-02-29,Alpine,003,1148,0,0,0,0,0
2020-02-29,Amador,005,37829,0,0,0,0,0
2020-02-29,Butte,007,227075,0,0,0,0,0
2020-02-29,Calaveras,009,45235,0,0,0,0,0
2020-02-29,Colusa,011,21464,0,0,0,0,0
2020-02-29,Contra Costa,013,1133247,20,0,0,0,0
2020-02-29,Del Norte,015,27424,0,0,0,0,0
2020-02-29,El Dorado,017,186661,1,0,0,0,0
2020-02-29,Fresno,019,978130,0,0,0,0,0
2020-02-29,Glenn,021,27897,0,0,0,0,0
2020-02-29,Humboldt,023,135768,1,1,0,1,0
2020-02-29,Imperial,025,180216,3,0,0,0,0
2020-02-29,Inyo,027,18085,0,0,0,0,0
2020-02-29,Kern,029,883053,2,0,0,0,0
2020-02-29,Kings,031,150075,2,0,1,1,0
2020-02-29,Lake,033,64148,0,0,0,0,0
2020-02-29,Lassen,035,31185,0,0,0,0,0
2020-02-29,Los Angeles,037,10098052,104,1,10,11,0
2020-02-29,Madera,039,155013,2,0,0,0,0
2020-02-29,Marin,041,260295,4,0,0,0,0
2020-02-29,Mariposa,043,17540,0,0,0,0,0
2020-02-29,Mendocino,045,87422,0,0,0,0,0
2020-02-29,Merced,047,269075,1,0,0,0,0
2020-02-29,Modoc,049,8938,0,0,0,0,0
2020-02-29,Mono,051,14174,1,0,0,0,0
2020-02-29,Monterey,053,433212,0,0,0,0,0
2020-02-29,Napa,055,140530,1,0,0,0,0
2020-02-29,Nevada,057,99092,0,0,1,1,0
2020-02-29,Orange,059,3164182,59,1,0,1,0
2020-02-29,Placer,061,380077,7,0,0,0,0
2020-02-29,Plumas,063,18699,0,0,0,0,0
2020-02-29,Riverside,065,2383286,15,0,1,1,0
2020-02-29,Sacramento,067,1510023,16,1,0,1,0
2020-02-29,San Benito,069,59416,0,2,0,2,0
2020-02-29,San Bernardino,071,2135413,23,0,0,0,0
2020-02-29,San Diego,073,3302833,16,2,0,2,0
2020-02-29,San Francisco,075,870044,12,0,0,0,0
2020-02-29,San Joaquin,077,732212,6,0,3,3,0
2020-02-29,San Luis Obispo,079,281455,2,0,0,0,0
2020-02-29,San Mateo,081,765935,29,0,0,0,0
2020-02-29,Santa Barbara,083,443738,0,0,0,0,0
2020-02-29,Santa Clara,085,1922200,72,3,1,4,0
2020-02-29,Santa Cruz,087,273765,8,0,0,0,0
2020-02-29,Shasta,089,179085,2,0,0,0,0
2020-02-29,Sierra,091,2930,0,0,0,0,0
2020-02-29,Siskiyou,093,43540,0,0,0,0,0
2020-02-29,Solano,095,438530,18,23,0,23,0
2020-02-29,Sonoma,097,501317,6,0,0,0,0
2020-02-29,Stanislaus,099,539301,2,0,2,2,0
2020-02-29,Sutter,101,95872,0,0,0,0,0
2020-02-29,Tehama,103,63373,0,0,0,0,0
2020-02-29,Trinity,105,12862,0,0,0,0,0
2020-02-29,Tulare,107,460477,4,0,0,0,0
2020-02-29,Tuolumne,109,53932,0,0,0,0,0
2020-02-29,Ventura,111,848112,6,0,0,0,0
2020-02-29,Yolo,113,214977,2,0,0,0,0
2020-02-29,Yuba,115,75493,0,0,0,0,0
2020-02-28,Alameda,001,1643700,14,0,0,0,0
2020-02-28,Alpine,003,1148,0,0,0,0,0
2020-02-28,Amador,005,37829,0,0,0,0,0
2020-02-28,Butte,007,227075,0,0,0,0,0
2020-02-28,Calaveras,009,45235,0,0,0,0,0
2020-02-28,Colusa,011,21464,0,0,0,0,0
2020-02-28,Contra Costa,013,1133247,20,0,0,0,0
2020-02-28,Del Norte,015,27424,0,0,0,0,0
2020-02-28,El Dorado,017,186661,0,0,0,0,0
2020-02-28,Fresno,019,978130,0,0,0,0,0
2020-02-28,Glenn,021,27897,0,0,0,0,0
2020-02-28,Humboldt,023,135768,1,1,0,1,0
2020-02-28,Imperial,025,180216,3,0,0,0,0
2020-02-28,Inyo,027,18085,0,0,0,0,0
2020-02-28,Kern,029,883053,2,0,0,0,0
2020-02-28,Kings,031,150075,2,0,1,1,0
2020-02-28,Lake,033,64148,0,0,0,0,0
2020-02-28,Lassen,035,31185,0,0,0,0,0
2020-02-28,Los Angeles,037,10098052,96,1,10,11,0
2020-02-28,Madera,039,155013,2,0,0,0,0
2020-02-28,Marin,041,260295,2,0,0,0,0
2020-02-28,Mariposa,043,17540,0,0,0,0,0
2020-02-28,Mendocino,045,87422,0,0,0,0,0
2020-02-28,Merced,047,269075,1,0,0,0,0
2020-02-28,Modoc,049,8938,0,0,0,0,0
2020-02-28,Mono,051,14174,0,0,0,0,0
2020-02-28,Monterey,053,433212,0,0,0,0,0
2020-02-28,Napa,055,140530,1,0,0,0,0
2020-02-28,Nevada,057,99092,0,0,1,1,0
2020-02-28,Orange,059,3164182,57,1,0,1,0
2020-02-28,Placer,061,380077,7,0,0,0,0
2020-02-28,Plumas,063,18699,0,0,0,0,0
2020-02-28,Riverside,065,2383286,13,0,1,1,0
2020-02-28,Sacramento,067,1510023,10,1,0,1,0
2020-02-28,San Benito,069,59416,0,2,0,2,0
2020-02-28,San Bernardino,071,2135413,23,0,0,0,0
2020-02-28,San Diego,073,3302833,13,2,0,2,0
2020-02-28,San Francisco,075,870044,10,0,0,0,0
2020-02-28,San Joaquin,077,732212,6,0,3,3,0
2020-02-28,San Luis Obispo,079,281455,2,0,0,0,0
2020-02-28,San Mateo,081,765935,24,0,0,0,0
2020-02-28,Santa Barbara,083,443738,0,0,0,0,0
2020-02-28,Santa Clara,085,1922200,68,3,1,4,0
2020-02-28,Santa Cruz,087,273765,8,0,0,0,0
2020-02-28,Shasta,089,179085,2,0,0,0,0
2020-02-28,Sierra,091,2930,0,0,0,0,0
2020-02-28,Siskiyou,093,43540,0,0,0,0,0
2020-02-28,Solano,095,438530,17,23,0,23,0
2020-02-28,Sonoma,097,501317,6,0,0,0,0
2020-02-28,Stanislaus,099,539301,2,0,2,2,0
2020-02-28,Sutter,101,95872,0,0,0,0,0
2020-02-28,Tehama,103,63373,0,0,0,0,0
2020-02-28,Trinity,105,12862,0,0,0,0,0
2020-02-28,Tulare,107,460477,3,0,0,0,0
2020-02-28,Tuolumne,109,53932,0,0,0,0,0
2020-02-28,Ventura,111,848112,6,0,0,0,0
2020-02-28,Yolo,113,214977,2,0,0,0,0
2020-02-28,Yuba,115,75493,0,0,0,0,0
2020-02-27,Alameda,001,1643700,13,0,0,0,0
2020-02-27,Alpine,003,1148,0,0,0,0,0
2020-02-27,Amador,005,37829,0,0,0,0,0
2020-02-27,Butte,007,227075,0,0,0,0,0
2020-02-27,Calaveras,009,45235,0,0,0,0,0
2020-02-27,Colusa,011,21464,0,0,0,0,0
2020-02-27,Contra Costa,013,1133247,14,0,0,0,0
2020-02-27,Del Norte,015,27424,0,0,0,0,0
2020-02-27,El Dorado,017,186661,0,0,0,0,0
2020-02-27,Fresno,019,978130,0,0,0,0,0
2020-02-27,Glenn,021,27897,0,0,0,0,0
2020-02-27,Humboldt,023,135768,1,1,0,1,0
2020-02-27,Imperial,025,180216,3,0,0,0,0
2020-02-27,Inyo,027,18085,0,0,0,0,0
2020-02-27,Kern,029,883053,2,0,0,0,0
2020-02-27,Kings,031,150075,2,0,1,1,0
2020-02-27,Lake,033,64148,0,0,0,0,0
2020-02-27,Lassen,035,31185,0,0,0,0,0
2020-02-27,Los Angeles,037,10098052,89,1,10,11,0
2020-02-27,Madera,039,155013,2,0,0,0,0
2020-02-27,Marin,041,260295,1,0,0,0,0
2020-02-27,Mariposa,043,17540,0,0,0,0,0
2020-02-27,Mendocino,045,87422,0,0,0,0,0
2020-02-27,Merced,047,269075,1,0,0,0,0
2020-02-27,Modoc,049,8938,0,0,0,0,0
2020-02-27,Mono,051,14174,0,0,0,0,0
2020-02-27,Monterey,053,433212,0,0,0,0,0
2020-02-27,Napa,055,140530,1,0,0,0,0
2020-02-27,Nevada,057,99092,0,0,1,1,0
2020-02-27,Orange,059,3164182,51,1,0,1,0
2020-02-27,Placer,061,380077,6,0,0,0,0
2020-02-27,Plumas,063,18699,0,0,0,0,0
2020-02-27,Riverside,065,2383286,12,0,1,1,0
2020-02-27,Sacramento,067,1510023,10,1,0,1,0
2020-02-27,San Benito,069,59416,0,2,0,2,0
2020-02-27,San Bernardino,071,2135413,23,0,0,0,0
2020-02-27,San Diego,073,3302833,12,2,0,2,0
2020-02-27,San Francisco,075,870044,9,0,0,0,0
2020-02-27,San Joaquin,077,732212,5,0,3,3,0
2020-02-27,San Luis Obispo,079,281455,2,0,0,0,0
2020-02-27,San Mateo,081,765935,20,0,0,0,0
2020-02-27,Santa Barbara,083,443738,0,0,0,0,0
2020-02-27,Santa Clara,085,1922200,57,2,1,3,0
2020-02-27,Santa Cruz,087,273765,6,0,0,0,0
2020-02-27,Shasta,089,179085,0,0,0,0,0
2020-02-27,Sierra,091,2930,0,0,0,0,0
2020-02-27,Siskiyou,093,43540,0,0,0,0,0
2020-02-27,Solano,095,438530,17,23,0,23,0
2020-02-27,Sonoma,097,501317,5,0,0,0,0
2020-02-27,Stanislaus,099,539301,2,0,2,2,0
2020-02-27,Sutter,101,95872,0,0,0,0,0
2020-02-27,Tehama,103,63373,0,0,0,0,0
2020-02-27,Trinity,105,12862,0,0,0,0,0
2020-02-27,Tulare,107,460477,3,0,0,0,0
2020-02-27,Tuolumne,109,53932,0,0,0,0,0
2020-02-27,Ventura,111,848112,4,0,0,0,0
2020-02-27,Yolo,113,214977,2,0,0,0,0
2020-02-27,Yuba,115,75493,0,0,0,0,0
2020-02-26,Alameda,001,1643700,13,0,0,0,0
2020-02-26,Alpine,003,1148,0,0,0,0,0
2020-02-26,Amador,005,37829,0,0,0,0,0
2020-02-26,Butte,007,227075,0,0,0,0,0
2020-02-26,Calaveras,009,45235,0,0,0,0,0
2020-02-26,Colusa,011,21464,0,0,0,0,0
2020-02-26,Contra Costa,013,1133247,13,0,0,0,0
2020-02-26,Del Norte,015,27424,0,0,0,0,0
2020-02-26,El Dorado,017,186661,0,0,0,0,0
2020-02-26,Fresno,019,978130,0,0,0,0,0
2020-02-26,Glenn,021,27897,0,0,0,0,0
2020-02-26,Humboldt,023,135768,1,1,0,1,0
2020-02-26,Imperial,025,180216,3,0,0,0,0
2020-02-26,Inyo,027,18085,0,0,0,0,0
2020-02-26,Kern,029,883053,2,0,0,0,0
2020-02-26,Kings,031,150075,2,0,1,1,0
2020-02-26,Lake,033,64148,0,0,0,0,0
2020-02-26,Lassen,035,31185,0,0,0,0,0
2020-02-26,Los Angeles,037,10098052,83,1,10,11,0
2020-02-26,Madera,039,155013,2,0,0,0,0
2020-02-26,Marin,041,260295,1,0,0,0,0
2020-02-26,Mariposa,043,17540,0,0,0,0,0
2020-02-26,Mendocino,045,87422,0,0,0,0,0
2020-02-26,Merced,047,269075,1,0,0,0,0
2020-02-26,Modoc,049,8938,0,0,0,0,0
2020-02-26,Mono,051,14174,0,0,0,0,0
2020-02-26,Monterey,053,433212,0,0,0,0,0
2020-02-26,Napa,055,140530,0,0,0,0,0
2020-02-26,Nevada,057,99092,0,0,1,1,0
2020-02-26,Orange,059,3164182,50,1,0,1,0
2020-02-26,Placer,061,380077,5,0,0,0,0
2020-02-26,Plumas,063,18699,0,0,0,0,0
2020-02-26,Riverside,065,2383286,10,0,1,1,0
2020-02-26,Sacramento,067,1510023,10,1,0,1,0
2020-02-26,San Benito,069,59416,0,2,0,2,0
2020-02-26,San Bernardino,071,2135413,21,0,0,0,0
2020-02-26,San Diego,073,3302833,11,2,0,2,0
2020-02-26,San Francisco,075,870044,9,0,0,0,0
2020-02-26,San Joaquin,077,732212,5,0,3,3,0
2020-02-26,San Luis Obispo,079,281455,2,0,0,0,0
2020-02-26,San Mateo,081,765935,18,0,0,0,0
2020-02-26,Santa Barbara,083,443738,0,0,0,0,0
2020-02-26,Santa Clara,085,1922200,49,2,1,3,0
2020-02-26,Santa Cruz,087,273765,6,0,0,0,0
2020-02-26,Shasta,089,179085,0,0,0,0,0
2020-02-26,Sierra,091,2930,0,0,0,0,0
2020-02-26,Siskiyou,093,43540,0,0,0,0,0
2020-02-26,Solano,095,438530,17,23,0,23,0
2020-02-26,Sonoma,097,501317,5,0,0,0,0
2020-02-26,Stanislaus,099,539301,2,0,2,2,0
2020-02-26,Sutter,101,95872,0,0,0,0,0
2020-02-26,Tehama,103,63373,0,0,0,0,0
2020-02-26,Trinity,105,12862,0,0,0,0,0
2020-02-26,Tulare,107,460477,3,0,0,0,0
2020-02-26,Tuolumne,109,53932,0,0,0,0,0
2020-02-26,Ventura,111,848112,4,0,0,0,0
2020-02-26,Yolo,113,214977,2,0,0,0,0
2020-02-26,Yuba,115,75493,0,0,0,0,0
2020-02-25,Alameda,001,1643700,13,0,0,0,0
2020-02-25,Alpine,003,1148,0,0,0,0,0
2020-02-25,Amador,005,37829,0,0,0,0,0
2020-02-25,Butte,007,227075,0,0,0,0,0
2020-02-25,Calaveras,009,45235,0,0,0,0,0
2020-02-25,Colusa,011,21464,0,0,0,0,0
2020-02-25,Contra Costa,013,1133247,11,0,0,0,0
2020-02-25,Del Norte,015,27424,0,0,0,0,0
2020-02-25,El Dorado,017,186661,0,0,0,0,0
2020-02-25,Fresno,019,978130,0,0,0,0,0
2020-02-25,Glenn,021,27897,0,0,0,0,0
2020-02-25,Humboldt,023,135768,1,1,0,1,0
2020-02-25,Imperial,025,180216,3,0,0,0,0
2020-02-25,Inyo,027,18085,0,0,0,0,0
2020-02-25,Kern,029,883053,2,0,0,0,0
2020-02-25,Kings,031,150075,2,0,1,1,0
2020-02-25,Lake,033,64148,0,0,0,0,0
2020-02-25,Lassen,035,31185,0,0,0,0,0
2020-02-25,Los Angeles,037,10098052,71,1,10,11,0
2020-02-25,Madera,039,155013,2,0,0,0,0
2020-02-25,Marin,041,260295,1,0,0,0,0
2020-02-25,Mariposa,043,17540,0,0,0,0,0
2020-02-25,Mendocino,045,87422,0,0,0,0,0
2020-02-25,Merced,047,269075,0,0,0,0,0
2020-02-25,Modoc,049,8938,0,0,0,0,0
2020-02-25,Mono,051,14174,0,0,0,0,0
2020-02-25,Monterey,053,433212,0,0,0,0,0
2020-02-25,Napa,055,140530,0,0,0,0,0
2020-02-25,Nevada,057,99092,0,0,1,1,0
2020-02-25,Orange,059,3164182,49,1,0,1,0
2020-02-25,Placer,061,380077,5,0,0,0,0
2020-02-25,Plumas,063,18699,0,0,0,0,0
2020-02-25,Riverside,065,2383286,10,0,1,1,0
2020-02-25,Sacramento,067,1510023,8,1,0,1,0
2020-02-25,San Benito,069,59416,0,2,0,2,0
2020-02-25,San Bernardino,071,2135413,19,0,0,0,0
2020-02-25,San Diego,073,3302833,7,2,0,2,0
2020-02-25,San Francisco,075,870044,7,0,0,0,0
2020-02-25,San Joaquin,077,732212,5,0,2,2,0
2020-02-25,San Luis Obispo,079,281455,2,0,0,0,0
2020-02-25,San Mateo,081,765935,17,0,0,0,0
2020-02-25,Santa Barbara,083,443738,0,0,0,0,0
2020-02-25,Santa Clara,085,1922200,40,2,1,3,0
2020-02-25,Santa Cruz,087,273765,5,0,0,0,0
2020-02-25,Shasta,089,179085,0,0,0,0,0
2020-02-25,Sierra,091,2930,0,0,0,0,0
2020-02-25,Siskiyou,093,43540,0,0,0,0,0
2020-02-25,Solano,095,438530,16,21,0,21,0
2020-02-25,Sonoma,097,501317,5,0,0,0,0
2020-02-25,Stanislaus,099,539301,2,0,2,2,0
2020-02-25,Sutter,101,95872,0,0,0,0,0
2020-02-25,Tehama,103,63373,0,0,0,0,0
2020-02-25,Trinity,105,12862,0,0,0,0,0
2020-02-25,Tulare,107,460477,3,0,0,0,0
2020-02-25,Tuolumne,109,53932,0,0,0,0,0
2020-02-25,Ventura,111,848112,4,0,0,0,0
2020-02-25,Yolo,113,214977,2,0,0,0,0
2020-02-25,Yuba,115,75493,0,0,0,0,0
2020-02-24,Alameda,001,1643700,13,0,0,0,0
2020-02-24,Alpine,003,1148,0,0,0,0,0
2020-02-24,Amador,005,37829,0,0,0,0,0
2020-02-24,Butte,007,227075,0,0,0,0,0
2020-02-24,Calaveras,009,45235,0,0,0,0,0
2020-02-24,Colusa,011,21464,0,0,0,0,0
2020-02-24,Contra Costa,013,1133247,9,0,0,0,0
2020-02-24,Del Norte,015,27424,0,0,0,0,0
2020-02-24,El Dorado,017,186661,0,0,0,0,0
2020-02-24,Fresno,019,978130,0,0,0,0,0
2020-02-24,Glenn,021,27897,0,0,0,0,0
2020-02-24,Humboldt,023,135768,1,1,0,1,0
2020-02-24,Imperial,025,180216,3,0,0,0,0
2020-02-24,Inyo,027,18085,0,0,0,0,0
2020-02-24,Kern,029,883053,2,0,0,0,0
2020-02-24,Kings,031,150075,2,0,1,1,0
2020-02-24,Lake,033,64148,0,0,0,0,0
2020-02-24,Lassen,035,31185,0,0,0,0,0
2020-02-24,Los Angeles,037,10098052,66,1,10,11,0
2020-02-24,Madera,039,155013,1,0,0,0,0
2020-02-24,Marin,041,260295,1,0,0,0,0
2020-02-24,Mariposa,043,17540,0,0,0,0,0
2020-02-24,Mendocino,045,87422,0,0,0,0,0
2020-02-24,Merced,047,269075,0,0,0,0,0
2020-02-24,Modoc,049,8938,0,0,0,0,0
2020-02-24,Mono,051,14174,0,0,0,0,0
2020-02-24,Monterey,053,433212,0,0,0,0,0
2020-02-24,Napa,055,140530,0,0,0,0,0
2020-02-24,Nevada,057,99092,0,0,1,1,0
2020-02-24,Orange,059,3164182,47,1,0,1,0
2020-02-24,Placer,061,380077,3,0,0,0,0
2020-02-24,Plumas,063,18699,0,0,0,0,0
2020-02-24,Riverside,065,2383286,9,0,1,1,0
2020-02-24,Sacramento,067,1510023,7,1,0,1,0
2020-02-24,San Benito,069,59416,0,2,0,2,0
2020-02-24,San Bernardino,071,2135413,19,0,0,0,0
2020-02-24,San Diego,073,3302833,7,2,0,2,0
2020-02-24,San Francisco,075,870044,6,0,0,0,0
2020-02-24,San Joaquin,077,732212,5,0,1,1,0
2020-02-24,San Luis Obispo,079,281455,2,0,0,0,0
2020-02-24,San Mateo,081,765935,13,0,0,0,0
2020-02-24,Santa Barbara,083,443738,0,0,0,0,0
2020-02-24,Santa Clara,085,1922200,38,2,1,3,0
2020-02-24,Santa Cruz,087,273765,5,0,0,0,0
2020-02-24,Shasta,089,179085,0,0,0,0,0
2020-02-24,Sierra,091,2930,0,0,0,0,0
2020-02-24,Siskiyou,093,43540,0,0,0,0,0
2020-02-24,Solano,095,438530,13,15,0,15,0
2020-02-24,Sonoma,097,501317,5,0,0,0,0
2020-02-24,Stanislaus,099,539301,2,0,2,2,0
2020-02-24,Sutter,101,95872,0,0,0,0,0
2020-02-24,Tehama,103,63373,0,0,0,0,0
2020-02-24,Trinity,105,12862,0,0,0,0,0
2020-02-24,Tulare,107,460477,3,0,0,0,0
2020-02-24,Tuolumne,109,53932,0,0,0,0,0
2020-02-24,Ventura,111,848112,4,0,0,0,0
2020-02-24,Yolo,113,214977,2,0,0,0,0
2020-02-24,Yuba,115,75493,0,0,0,0,0
2020-02-23,Alameda,001,1643700,11,0,0,0,0
2020-02-23,Alpine,003,1148,0,0,0,0,0
2020-02-23,Amador,005,37829,0,0,0,0,0
2020-02-23,Butte,007,227075,0,0,0,0,0
2020-02-23,Calaveras,009,45235,0,0,0,0,0
2020-02-23,Colusa,011,21464,0,0,0,0,0
2020-02-23,Contra Costa,013,1133247,6,0,0,0,0
2020-02-23,Del Norte,015,27424,0,0,0,0,0
2020-02-23,El Dorado,017,186661,0,0,0,0,0
2020-02-23,Fresno,019,978130,0,0,0,0,0
2020-02-23,Glenn,021,27897,0,0,0,0,0
2020-02-23,Humboldt,023,135768,1,1,0,1,0
2020-02-23,Imperial,025,180216,3,0,0,0,0
2020-02-23,Inyo,027,18085,0,0,0,0,0
2020-02-23,Kern,029,883053,2,0,0,0,0
2020-02-23,Kings,031,150075,2,0,1,1,0
2020-02-23,Lake,033,64148,0,0,0,0,0
2020-02-23,Lassen,035,31185,0,0,0,0,0
2020-02-23,Los Angeles,037,10098052,58,1,10,11,0
2020-02-23,Madera,039,155013,1,0,0,0,0
2020-02-23,Marin,041,260295,1,0,0,0,0
2020-02-23,Mariposa,043,17540,0,0,0,0,0
2020-02-23,Mendocino,045,87422,0,0,0,0,0
2020-02-23,Merced,047,269075,0,0,0,0,0
2020-02-23,Modoc,049,8938,0,0,0,0,0
2020-02-23,Mono,051,14174,0,0,0,0,0
2020-02-23,Monterey,053,433212,0,0,0,0,0
2020-02-23,Napa,055,140530,0,0,0,0,0
2020-02-23,Nevada,057,99092,0,0,1,1,0
2020-02-23,Orange,059,3164182,47,1,0,1,0
2020-02-23,Placer,061,380077,3,0,0,0,0
2020-02-23,Plumas,063,18699,0,0,0,0,0
2020-02-23,Riverside,065,2383286,9,0,0,0,0
2020-02-23,Sacramento,067,1510023,6,1,0,1,0
2020-02-23,San Benito,069,59416,0,2,0,2,0
2020-02-23,San Bernardino,071,2135413,18,0,0,0,0
2020-02-23,San Diego,073,3302833,6,2,0,2,0
2020-02-23,San Francisco,075,870044,5,0,0,0,0
2020-02-23,San Joaquin,077,732212,4,0,1,1,0
2020-02-23,San Luis Obispo,079,281455,2,0,0,0,0
2020-02-23,San Mateo,081,765935,10,0,0,0,0
2020-02-23,Santa Barbara,083,443738,0,0,0,0,0
2020-02-23,Santa Clara,085,1922200,26,2,1,3,0
2020-02-23,Santa Cruz,087,273765,2,0,0,0,0
2020-02-23,Shasta,089,179085,0,0,0,0,0
2020-02-23,Sierra,091,2930,0,0,0,0,0
2020-02-23,Siskiyou,093,43540,0,0,0,0,0
2020-02-23,Solano,095,438530,11,15,0,15,0
2020-02-23,Sonoma,097,501317,5,0,0,0,0
2020-02-23,Stanislaus,099,539301,2,0,2,2,0
2020-02-23,Sutter,101,95872,0,0,0,0,0
2020-02-23,Tehama,103,63373,0,0,0,0,0
2020-02-23,Trinity,105,12862,0,0,0,0,0
2020-02-23,Tulare,107,460477,2,0,0,0,0
2020-02-23,Tuolumne,109,53932,0,0,0,0,0
2020-02-23,Ventura,111,848112,4,0,0,0,0
2020-02-23,Yolo,113,214977,2,0,0,0,0
2020-02-23,Yuba,115,75493,0,0,0,0,0
2020-02-22,Alameda,001,1643700,10,0,0,0,0
2020-02-22,Alpine,003,1148,0,0,0,0,0
2020-02-22,Amador,005,37829,0,0,0,0,0
2020-02-22,Butte,007,227075,0,0,0,0,0
2020-02-22,Calaveras,009,45235,0,0,0,0,0
2020-02-22,Colusa,011,21464,0,0,0,0,0
2020-02-22,Contra Costa,013,1133247,5,0,0,0,0
2020-02-22,Del Norte,015,27424,0,0,0,0,0
2020-02-22,El Dorado,017,186661,0,0,0,0,0
2020-02-22,Fresno,019,978130,0,0,0,0,0
2020-02-22,Glenn,021,27897,0,0,0,0,0
2020-02-22,Humboldt,023,135768,1,1,0,1,0
2020-02-22,Imperial,025,180216,2,0,0,0,0
2020-02-22,Inyo,027,18085,0,0,0,0,0
2020-02-22,Kern,029,883053,2,0,0,0,0
2020-02-22,Kings,031,150075,2,0,1,1,0
2020-02-22,Lake,033,64148,0,0,0,0,0
2020-02-22,Lassen,035,31185,0,0,0,0,0
2020-02-22,Los Angeles,037,10098052,56,1,10,11,0
2020-02-22,Madera,039,155013,0,0,0,0,0
2020-02-22,Marin,041,260295,1,0,0,0,0
2020-02-22,Mariposa,043,17540,0,0,0,0,0
2020-02-22,Mendocino,045,87422,0,0,0,0,0
2020-02-22,Merced,047,269075,0,0,0,0,0
2020-02-22,Modoc,049,8938,0,0,0,0,0
2020-02-22,Mono,051,14174,0,0,0,0,0
2020-02-22,Monterey,053,433212,0,0,0,0,0
2020-02-22,Napa,055,140530,0,0,0,0,0
2020-02-22,Nevada,057,99092,0,0,1,1,0
2020-02-22,Orange,059,3164182,46,1,0,1,0
2020-02-22,Placer,061,380077,3,0,0,0,0
2020-02-22,Plumas,063,18699,0,0,0,0,0
2020-02-22,Riverside,065,2383286,9,0,0,0,0
2020-02-22,Sacramento,067,1510023,6,1,0,1,0
2020-02-22,San Benito,069,59416,0,2,0,2,0
2020-02-22,San Bernardino,071,2135413,16,0,0,0,0
2020-02-22,San Diego,073,3302833,5,2,0,2,0
2020-02-22,San Francisco,075,870044,3,0,0,0,0
2020-02-22,San Joaquin,077,732212,4,0,1,1,0
2020-02-22,San Luis Obispo,079,281455,2,0,0,0,0
2020-02-22,San Mateo,081,765935,8,0,0,0,0
2020-02-22,Santa Barbara,083,443738,0,0,0,0,0
2020-02-22,Santa Clara,085,1922200,23,2,1,3,0
2020-02-22,Santa Cruz,087,273765,2,0,0,0,0
2020-02-22,Shasta,089,179085,0,0,0,0,0
2020-02-22,Sierra,091,2930,0,0,0,0,0
2020-02-22,Siskiyou,093,43540,0,0,0,0,0
2020-02-22,Solano,095,438530,11,11,0,11,0
2020-02-22,Sonoma,097,501317,4,0,0,0,0
2020-02-22,Stanislaus,099,539301,2,0,2,2,0
2020-02-22,Sutter,101,95872,0,0,0,0,0
2020-02-22,Tehama,103,63373,0,0,0,0,0
2020-02-22,Trinity,105,12862,0,0,0,0,0
2020-02-22,Tulare,107,460477,2,0,0,0,0
2020-02-22,Tuolumne,109,53932,0,0,0,0,0
2020-02-22,Ventura,111,848112,4,0,0,0,0
2020-02-22,Yolo,113,214977,1,0,0,0,0
2020-02-22,Yuba,115,75493,0,0,0,0,0
2020-02-21,Alameda,001,1643700,9,0,0,0,0
2020-02-21,Alpine,003,1148,0,0,0,0,0
2020-02-21,Amador,005,37829,0,0,0,0,0
2020-02-21,Butte,007,227075,0,0,0,0,0
2020-02-21,Calaveras,009,45235,0,0,0,0,0
2020-02-21,Colusa,011,21464,0,0,0,0,0
2020-02-21,Contra Costa,013,1133247,4,0,0,0,0
2020-02-21,Del Norte,015,27424,0,0,0,0,0
2020-02-21,El Dorado,017,186661,0,0,0,0,0
2020-02-21,Fresno,019,978130,0,0,0,0,0
2020-02-21,Glenn,021,27897,0,0,0,0,0
2020-02-21,Humboldt,023,135768,1,1,0,1,0
2020-02-21,Imperial,025,180216,2,0,0,0,0
2020-02-21,Inyo,027,18085,0,0,0,0,0
2020-02-21,Kern,029,883053,2,0,0,0,0
2020-02-21,Kings,031,150075,2,0,1,1,0
2020-02-21,Lake,033,64148,0,0,0,0,0
2020-02-21,Lassen,035,31185,0,0,0,0,0
2020-02-21,Los Angeles,037,10098052,52,1,10,11,0
2020-02-21,Madera,039,155013,0,0,0,0,0
2020-02-21,Marin,041,260295,1,0,0,0,0
2020-02-21,Mariposa,043,17540,0,0,0,0,0
2020-02-21,Mendocino,045,87422,0,0,0,0,0
2020-02-21,Merced,047,269075,0,0,0,0,0
2020-02-21,Modoc,049,8938,0,0,0,0,0
2020-02-21,Mono,051,14174,0,0,0,0,0
2020-02-21,Monterey,053,433212,0,0,0,0,0
2020-02-21,Napa,055,140530,0,0,0,0,0
2020-02-21,Nevada,057,99092,0,0,1,1,0
2020-02-21,Orange,059,3164182,44,1,0,1,0
2020-02-21,Placer,061,380077,2,0,0,0,0
2020-02-21,Plumas,063,18699,0,0,0,0,0
2020-02-21,Riverside,065,2383286,9,0,0,0,0
2020-02-21,Sacramento,067,1510023,5,1,0,1,0
2020-02-21,San Benito,069,59416,0,2,0,2,0
2020-02-21,San Bernardino,071,2135413,15,0,0,0,0
2020-02-21,San Diego,073,3302833,5,2,0,2,0
2020-02-21,San Francisco,075,870044,3,0,0,0,0
2020-02-21,San Joaquin,077,732212,2,0,1,1,0
2020-02-21,San Luis Obispo,079,281455,2,0,0,0,0
2020-02-21,San Mateo,081,765935,8,0,0,0,0
2020-02-21,Santa Barbara,083,443738,0,0,0,0,0
2020-02-21,Santa Clara,085,1922200,21,2,1,3,0
2020-02-21,Santa Cruz,087,273765,2,0,0,0,0
2020-02-21,Shasta,089,179085,0,0,0,0,0
2020-02-21,Sierra,091,2930,0,0,0,0,0
2020-02-21,Siskiyou,093,43540,0,0,0,0,0
2020-02-21,Solano,095,438530,10,11,0,11,0
2020-02-21,Sonoma,097,501317,3,0,0,0,0
2020-02-21,Stanislaus,099,539301,2,0,2,2,0
2020-02-21,Sutter,101,95872,0,0,0,0,0
2020-02-21,Tehama,103,63373,0,0,0,0,0
2020-02-21,Trinity,105,12862,0,0,0,0,0
2020-02-21,Tulare,107,460477,2,0,0,0,0
2020-02-21,Tuolumne,109,53932,0,0,0,0,0
2020-02-21,Ventura,111,848112,4,0,0,0,0
2020-02-21,Yolo,113,214977,1,0,0,0,0
2020-02-21,Yuba,115,75493,0,0,0,0,0
2020-02-20,Alameda,001,1643700,7,0,0,0,0
2020-02-20,Alpine,003,1148,0,0,0,0,0
2020-02-20,Amador,005,37829,0,0,0,0,0
2020-02-20,Butte,007,227075,0,0,0,0,0
2020-02-20,Calaveras,009,45235,0,0,0,0,0
2020-02-20,Colusa,011,21464,0,0,0,0,0
2020-02-20,Contra Costa,013,1133247,3,0,0,0,0
2020-02-20,Del Norte,015,27424,0,0,0,0,0
2020-02-20,El Dorado,017,186661,0,0,0,0,0
2020-02-20,Fresno,019,978130,0,0,0,0,0
2020-02-20,Glenn,021,27897,0,0,0,0,0
2020-02-20,Humboldt,023,135768,1,1,0,1,0
2020-02-20,Imperial,025,180216,2,0,0,0,0
2020-02-20,Inyo,027,18085,0,0,0,0,0
2020-02-20,Kern,029,883053,2,0,0,0,0
2020-02-20,Kings,031,150075,2,0,1,1,0
2020-02-20,Lake,033,64148,0,0,0,0,0
2020-02-20,Lassen,035,31185,0,0,0,0,0
2020-02-20,Los Angeles,037,10098052,51,1,9,10,0
2020-02-20,Madera,039,155013,0,0,0,0,0
2020-02-20,Marin,041,260295,0,0,0,0,0
2020-02-20,Mariposa,043,17540,0,0,0,0,0
2020-02-20,Mendocino,045,87422,0,0,0,0,0
2020-02-20,Merced,047,269075,0,0,0,0,0
2020-02-20,Modoc,049,8938,0,0,0,0,0
2020-02-20,Mono,051,14174,0,0,0,0,0
2020-02-20,Monterey,053,433212,0,0,0,0,0
2020-02-20,Napa,055,140530,0,0,0,0,0
2020-02-20,Nevada,057,99092,0,0,1,1,0
2020-02-20,Orange,059,3164182,44,1,0,1,0
2020-02-20,Placer,061,380077,2,0,0,0,0
2020-02-20,Plumas,063,18699,0,0,0,0,0
2020-02-20,Riverside,065,2383286,7,0,0,0,0
2020-02-20,Sacramento,067,1510023,2,1,0,1,0
2020-02-20,San Benito,069,59416,0,2,0,2,0
2020-02-20,San Bernardino,071,2135413,14,0,0,0,0
2020-02-20,San Diego,073,3302833,5,2,0,2,0
2020-02-20,San Francisco,075,870044,3,0,0,0,0
2020-02-20,San Joaquin,077,732212,2,0,1,1,0
2020-02-20,San Luis Obispo,079,281455,2,0,0,0,0
2020-02-20,San Mateo,081,765935,7,0,0,0,0
2020-02-20,Santa Barbara,083,443738,0,0,0,0,0
2020-02-20,Santa Clara,085,1922200,17,2,1,3,0
2020-02-20,Santa Cruz,087,273765,2,0,0,0,0
2020-02-20,Shasta,089,179085,0,0,0,0,0
2020-02-20,Sierra,091,2930,0,0,0,0,0
2020-02-20,Siskiyou,093,43540,0,0,0,0,0
2020-02-20,Solano,095,438530,8,7,0,7,0
2020-02-20,Sonoma,097,501317,2,0,0,0,0
2020-02-20,Stanislaus,099,539301,2,0,2,2,0
2020-02-20,Sutter,101,95872,0,0,0,0,0
2020-02-20,Tehama,103,63373,0,0,0,0,0
2020-02-20,Trinity,105,12862,0,0,0,0,0
2020-02-20,Tulare,107,460477,2,0,0,0,0
2020-02-20,Tuolumne,109,53932,0,0,0,0,0
2020-02-20,Ventura,111,848112,4,0,0,0,0
2020-02-20,Yolo,113,214977,1,0,0,0,0
2020-02-20,Yuba,115,75493,0,0,0,0,0
2020-02-19,Alameda,001,1643700,6,0,0,0,0
2020-02-19,Alpine,003,1148,0,0,0,0,0
2020-02-19,Amador,005,37829,0,0,0,0,0
2020-02-19,Butte,007,227075,0,0,0,0,0
2020-02-19,Calaveras,009,45235,0,0,0,0,0
2020-02-19,Colusa,011,21464,0,0,0,0,0
2020-02-19,Contra Costa,013,1133247,3,0,0,0,0
2020-02-19,Del Norte,015,27424,0,0,0,0,0
2020-02-19,El Dorado,017,186661,0,0,0,0,0
2020-02-19,Fresno,019,978130,0,0,0,0,0
2020-02-19,Glenn,021,27897,0,0,0,0,0
2020-02-19,Humboldt,023,135768,1,0,0,0,0
2020-02-19,Imperial,025,180216,2,0,0,0,0
2020-02-19,Inyo,027,18085,0,0,0,0,0
2020-02-19,Kern,029,883053,2,0,0,0,0
2020-02-19,Kings,031,150075,2,0,1,1,0
2020-02-19,Lake,033,64148,0,0,0,0,0
2020-02-19,Lassen,035,31185,0,0,0,0,0
2020-02-19,Los Angeles,037,10098052,48,1,9,10,0
2020-02-19,Madera,039,155013,0,0,0,0,0
2020-02-19,Marin,041,260295,0,0,0,0,0
2020-02-19,Mariposa,043,17540,0,0,0,0,0
2020-02-19,Mendocino,045,87422,0,0,0,0,0
2020-02-19,Merced,047,269075,0,0,0,0,0
2020-02-19,Modoc,049,8938,0,0,0,0,0
2020-02-19,Mono,051,14174,0,0,0,0,0
2020-02-19,Monterey,053,433212,0,0,0,0,0
2020-02-19,Napa,055,140530,0,0,0,0,0
2020-02-19,Nevada,057,99092,0,0,1,1,0
2020-02-19,Orange,059,3164182,43,1,0,1,0
2020-02-19,Placer,061,380077,2,0,0,0,0
2020-02-19,Plumas,063,18699,0,0,0,0,0
2020-02-19,Riverside,065,2383286,5,0,0,0,0
2020-02-19,Sacramento,067,1510023,2,0,0,0,0
2020-02-19,San Benito,069,59416,0,2,0,2,0
2020-02-19,San Bernardino,071,2135413,13,0,0,0,0
2020-02-19,San Diego,073,3302833,4,2,0,2,0
2020-02-19,San Francisco,075,870044,2,0,0,0,0
2020-02-19,San Joaquin,077,732212,2,0,1,1,0
2020-02-19,San Luis Obispo,079,281455,2,0,0,0,0
2020-02-19,San Mateo,081,765935,6,0,0,0,0
2020-02-19,Santa Barbara,083,443738,0,0,0,0,0
2020-02-19,Santa Clara,085,1922200,15,2,1,3,0
2020-02-19,Santa Cruz,087,273765,0,0,0,0,0
2020-02-19,Shasta,089,179085,0,0,0,0,0
2020-02-19,Sierra,091,2930,0,0,0,0,0
2020-02-19,Siskiyou,093,43540,0,0,0,0,0
2020-02-19,Solano,095,438530,5,7,0,7,0
2020-02-19,Sonoma,097,501317,2,0,0,0,0
2020-02-19,Stanislaus,099,539301,1,0,2,2,0
2020-02-19,Sutter,101,95872,0,0,0,0,0
2020-02-19,Tehama,103,63373,0,0,0,0,0
2020-02-19,Trinity,105,12862,0,0,0,0,0
2020-02-19,Tulare,107,460477,2,0,0,0,0
2020-02-19,Tuolumne,109,53932,0,0,0,0,0
2020-02-19,Ventura,111,848112,2,0,0,0,0
2020-02-19,Yolo,113,214977,1,0,0,0,0
2020-02-19,Yuba,115,75493,0,0,0,0,0
2020-02-18,Alameda,001,1643700,6,0,0,0,0
2020-02-18,Alpine,003,1148,0,0,0,0,0
2020-02-18,Amador,005,37829,0,0,0,0,0
2020-02-18,Butte,007,227075,0,0,0,0,0
2020-02-18,Calaveras,009,45235,0,0,0,0,0
2020-02-18,Colusa,011,21464,0,0,0,0,0
2020-02-18,Contra Costa,013,1133247,3,0,0,0,0
2020-02-18,Del Norte,015,27424,0,0,0,0,0
2020-02-18,El Dorado,017,186661,0,0,0,0,0
2020-02-18,Fresno,019,978130,0,0,0,0,0
2020-02-18,Glenn,021,27897,0,0,0,0,0
2020-02-18,Humboldt,023,135768,1,0,0,0,0
2020-02-18,Imperial,025,180216,1,0,0,0,0
2020-02-18,Inyo,027,18085,0,0,0,0,0
2020-02-18,Kern,029,883053,2,0,0,0,0
2020-02-18,Kings,031,150075,2,0,1,1,0
2020-02-18,Lake,033,64148,0,0,0,0,0
2020-02-18,Lassen,035,31185,0,0,0,0,0
2020-02-18,Los Angeles,037,10098052,45,1,8,9,0
2020-02-18,Madera,039,155013,0,0,0,0,0
2020-02-18,Marin,041,260295,0,0,0,0,0
2020-02-18,Mariposa,043,17540,0,0,0,0,0
2020-02-18,Mendocino,045,87422,0,0,0,0,0
2020-02-18,Merced,047,269075,0,0,0,0,0
2020-02-18,Modoc,049,8938,0,0,0,0,0
2020-02-18,Mono,051,14174,0,0,0,0,0
2020-02-18,Monterey,053,433212,0,0,0,0,0
2020-02-18,Napa,055,140530,0,0,0,0,0
2020-02-18,Nevada,057,99092,0,0,1,1,0
2020-02-18,Orange,059,3164182,42,1,0,1,0
2020-02-18,Placer,061,380077,0,0,0,0,0
2020-02-18,Plumas,063,18699,0,0,0,0,0
2020-02-18,Riverside,065,2383286,5,0,0,0,0
2020-02-18,Sacramento,067,1510023,2,0,0,0,0
2020-02-18,San Benito,069,59416,0,2,0,2,0
2020-02-18,San Bernardino,071,2135413,13,0,0,0,0
2020-02-18,San Diego,073,3302833,4,2,0,2,0
2020-02-18,San Francisco,075,870044,2,0,0,0,0
2020-02-18,San Joaquin,077,732212,1,0,1,1,0
2020-02-18,San Luis Obispo,079,281455,2,0,0,0,0
2020-02-18,San Mateo,081,765935,5,0,0,0,0
2020-02-18,Santa Barbara,083,443738,0,0,0,0,0
2020-02-18,Santa Clara,085,1922200,14,2,1,3,0
2020-02-18,Santa Cruz,087,273765,0,0,0,0,0
2020-02-18,Shasta,089,179085,0,0,0,0,0
2020-02-18,Sierra,091,2930,0,0,0,0,0
2020-02-18,Siskiyou,093,43540,0,0,0,0,0
2020-02-18,Solano,095,438530,5,7,0,7,0
2020-02-18,Sonoma,097,501317,1,0,0,0,0
2020-02-18,Stanislaus,099,539301,1,0,2,2,0
2020-02-18,Sutter,101,95872,0,0,0,0,0
2020-02-18,Tehama,103,63373,0,0,0,0,0
2020-02-18,Trinity,105,12862,0,0,0,0,0
2020-02-18,Tulare,107,460477,2,0,0,0,0
2020-02-18,Tuolumne,109,53932,0,0,0,0,0
2020-02-18,Ventura,111,848112,2,0,0,0,0
2020-02-18,Yolo,113,214977,1,0,0,0,0
2020-02-18,Yuba,115,75493,0,0,0,0,0
2020-02-17,Alameda,001,1643700,6,0,0,0,0
2020-02-17,Alpine,003,1148,0,0,0,0,0
2020-02-17,Amador,005,37829,0,0,0,0,0
2020-02-17,Butte,007,227075,0,0,0,0,0
2020-02-17,Calaveras,009,45235,0,0,0,0,0
2020-02-17,Colusa,011,21464,0,0,0,0,0
2020-02-17,Contra Costa,013,1133247,3,0,0,0,0
2020-02-17,Del Norte,015,27424,0,0,0,0,0
2020-02-17,El Dorado,017,186661,0,0,0,0,0
2020-02-17,Fresno,019,978130,0,0,0,0,0
2020-02-17,Glenn,021,27897,0,0,0,0,0
2020-02-17,Humboldt,023,135768,1,0,0,0,0
2020-02-17,Imperial,025,180216,1,0,0,0,0
2020-02-17,Inyo,027,18085,0,0,0,0,0
2020-02-17,Kern,029,883053,2,0,0,0,0
2020-02-17,Kings,031,150075,2,0,0,0,0
2020-02-17,Lake,033,64148,0,0,0,0,0
2020-02-17,Lassen,035,31185,0,0,0,0,0
2020-02-17,Los Angeles,037,10098052,42,1,7,8,0
2020-02-17,Madera,039,155013,0,0,0,0,0
2020-02-17,Marin,041,260295,0,0,0,0,0
2020-02-17,Mariposa,043,17540,0,0,0,0,0
2020-02-17,Mendocino,045,87422,0,0,0,0,0
2020-02-17,Merced,047,269075,0,0,0,0,0
2020-02-17,Modoc,049,8938,0,0,0,0,0
2020-02-17,Mono,051,14174,0,0,0,0,0
2020-02-17,Monterey,053,433212,0,0,0,0,0
2020-02-17,Napa,055,140530,0,0,0,0,0
2020-02-17,Nevada,057,99092,0,0,1,1,0
2020-02-17,Orange,059,3164182,42,1,0,1,0
2020-02-17,Placer,061,380077,0,0,0,0,0
2020-02-17,Plumas,063,18699,0,0,0,0,0
2020-02-17,Riverside,065,2383286,5,0,0,0,0
2020-02-17,Sacramento,067,1510023,2,0,0,0,0
2020-02-17,San Benito,069,59416,0,2,0,2,0
2020-02-17,San Bernardino,071,2135413,11,0,0,0,0
2020-02-17,San Diego,073,3302833,4,2,0,2,0
2020-02-17,San Francisco,075,870044,2,0,0,0,0
2020-02-17,San Joaquin,077,732212,1,0,1,1,0
2020-02-17,San Luis Obispo,079,281455,1,0,0,0,0
2020-02-17,San Mateo,081,765935,5,0,0,0,0
2020-02-17,Santa Barbara,083,443738,0,0,0,0,0
2020-02-17,Santa Clara,085,1922200,12,2,1,3,0
2020-02-17,Santa Cruz,087,273765,0,0,0,0,0
2020-02-17,Shasta,089,179085,0,0,0,0,0
2020-02-17,Sierra,091,2930,0,0,0,0,0
2020-02-17,Siskiyou,093,43540,0,0,0,0,0
2020-02-17,Solano,095,438530,3,5,0,5,0
2020-02-17,Sonoma,097,501317,1,0,0,0,0
2020-02-17,Stanislaus,099,539301,1,0,2,2,0
2020-02-17,Sutter,101,95872,0,0,0,0,0
2020-02-17,Tehama,103,63373,0,0,0,0,0
2020-02-17,Trinity,105,12862,0,0,0,0,0
2020-02-17,Tulare,107,460477,2,0,0,0,0
2020-02-17,Tuolumne,109,53932,0,0,0,0,0
2020-02-17,Ventura,111,848112,2,0,0,0,0
2020-02-17,Yolo,113,214977,1,0,0,0,0
2020-02-17,Yuba,115,75493,0,0,0,0,0
2020-02-16,Alameda,001,1643700,5,0,0,0,0
2020-02-16,Alpine,003,1148,0,0,0,0,0
2020-02-16,Amador,005,37829,0,0,0,0,0
2020-02-16,Butte,007,227075,0,0,0,0,0
2020-02-16,Calaveras,009,45235,0,0,0,0,0
2020-02-16,Colusa,011,21464,0,0,0,0,0
2020-02-16,Contra Costa,013,1133247,3,0,0,0,0
2020-02-16,Del Norte,015,27424,0,0,0,0,0
2020-02-16,El Dorado,017,186661,0,0,0,0,0
2020-02-16,Fresno,019,978130,0,0,0,0,0
2020-02-16,Glenn,021,27897,0,0,0,0,0
2020-02-16,Humboldt,023,135768,1,0,0,0,0
2020-02-16,Imperial,025,180216,1,0,0,0,0
2020-02-16,Inyo,027,18085,0,0,0,0,0
2020-02-16,Kern,029,883053,2,0,0,0,0
2020-02-16,Kings,031,150075,2,0,0,0,0
2020-02-16,Lake,033,64148,0,0,0,0,0
2020-02-16,Lassen,035,31185,0,0,0,0,0
2020-02-16,Los Angeles,037,10098052,36,1,7,8,0
2020-02-16,Madera,039,155013,0,0,0,0,0
2020-02-16,Marin,041,260295,0,0,0,0,0
2020-02-16,Mariposa,043,17540,0,0,0,0,0
2020-02-16,Mendocino,045,87422,0,0,0,0,0
2020-02-16,Merced,047,269075,0,0,0,0,0
2020-02-16,Modoc,049,8938,0,0,0,0,0
2020-02-16,Mono,051,14174,0,0,0,0,0
2020-02-16,Monterey,053,433212,0,0,0,0,0
2020-02-16,Napa,055,140530,0,0,0,0,0
2020-02-16,Nevada,057,99092,0,0,0,0,0
2020-02-16,Orange,059,3164182,41,1,0,1,0
2020-02-16,Placer,061,380077,0,0,0,0,0
2020-02-16,Plumas,063,18699,0,0,0,0,0
2020-02-16,Riverside,065,2383286,5,0,0,0,0
2020-02-16,Sacramento,067,1510023,2,0,0,0,0
2020-02-16,San Benito,069,59416,0,2,0,2,0
2020-02-16,San Bernardino,071,2135413,10,0,0,0,0
2020-02-16,San Diego,073,3302833,4,2,0,2,0
2020-02-16,San Francisco,075,870044,2,0,0,0,0
2020-02-16,San Joaquin,077,732212,1,0,1,1,0
2020-02-16,San Luis Obispo,079,281455,1,0,0,0,0
2020-02-16,San Mateo,081,765935,4,0,0,0,0
2020-02-16,Santa Barbara,083,443738,0,0,0,0,0
2020-02-16,Santa Clara,085,1922200,10,2,1,3,0
2020-02-16,Santa Cruz,087,273765,0,0,0,0,0
2020-02-16,Shasta,089,179085,0,0,0,0,0
2020-02-16,Sierra,091,2930,0,0,0,0,0
2020-02-16,Siskiyou,093,43540,0,0,0,0,0
2020-02-16,Solano,095,438530,1,0,0,0,0
2020-02-16,Sonoma,097,501317,1,0,0,0,0
2020-02-16,Stanislaus,099,539301,1,0,2,2,0
2020-02-16,Sutter,101,95872,0,0,0,0,0
2020-02-16,Tehama,103,63373,0,0,0,0,0
2020-02-16,Trinity,105,12862,0,0,0,0,0
2020-02-16,Tulare,107,460477,2,0,0,0,0
2020-02-16,Tuolumne,109,53932,0,0,0,0,0
2020-02-16,Ventura,111,848112,2,0,0,0,0
2020-02-16,Yolo,113,214977,1,0,0,0,0
2020-02-16,Yuba,115,75493,0,0,0,0,0
2020-02-15,Alameda,001,1643700,5,0,0,0,0
2020-02-15,Alpine,003,1148,0,0,0,0,0
2020-02-15,Amador,005,37829,0,0,0,0,0
2020-02-15,Butte,007,227075,0,0,0,0,0
2020-02-15,Calaveras,009,45235,0,0,0,0,0
2020-02-15,Colusa,011,21464,0,0,0,0,0
2020-02-15,Contra Costa,013,1133247,3,0,0,0,0
2020-02-15,Del Norte,015,27424,0,0,0,0,0
2020-02-15,El Dorado,017,186661,0,0,0,0,0
2020-02-15,Fresno,019,978130,0,0,0,0,0
2020-02-15,Glenn,021,27897,0,0,0,0,0
2020-02-15,Humboldt,023,135768,1,0,0,0,0
2020-02-15,Imperial,025,180216,1,0,0,0,0
2020-02-15,Inyo,027,18085,0,0,0,0,0
2020-02-15,Kern,029,883053,2,0,0,0,0
2020-02-15,Kings,031,150075,2,0,0,0,0
2020-02-15,Lake,033,64148,0,0,0,0,0
2020-02-15,Lassen,035,31185,0,0,0,0,0
2020-02-15,Los Angeles,037,10098052,33,1,7,8,0
2020-02-15,Madera,039,155013,0,0,0,0,0
2020-02-15,Marin,041,260295,0,0,0,0,0
2020-02-15,Mariposa,043,17540,0,0,0,0,0
2020-02-15,Mendocino,045,87422,0,0,0,0,0
2020-02-15,Merced,047,269075,0,0,0,0,0
2020-02-15,Modoc,049,8938,0,0,0,0,0
2020-02-15,Mono,051,14174,0,0,0,0,0
2020-02-15,Monterey,053,433212,0,0,0,0,0
2020-02-15,Napa,055,140530,0,0,0,0,0
2020-02-15,Nevada,057,99092,0,0,0,0,0
2020-02-15,Orange,059,3164182,40,1,0,1,0
2020-02-15,Placer,061,380077,0,0,0,0,0
2020-02-15,Plumas,063,18699,0,0,0,0,0
2020-02-15,Riverside,065,2383286,4,0,0,0,0
2020-02-15,Sacramento,067,1510023,2,0,0,0,0
2020-02-15,San Benito,069,59416,0,2,0,2,0
2020-02-15,San Bernardino,071,2135413,9,0,0,0,0
2020-02-15,San Diego,073,3302833,4,2,0,2,0
2020-02-15,San Francisco,075,870044,2,0,0,0,0
2020-02-15,San Joaquin,077,732212,1,0,1,1,0
2020-02-15,San Luis Obispo,079,281455,1,0,0,0,0
2020-02-15,San Mateo,081,765935,4,0,0,0,0
2020-02-15,Santa Barbara,083,443738,0,0,0,0,0
2020-02-15,Santa Clara,085,1922200,10,2,1,3,0
2020-02-15,Santa Cruz,087,273765,0,0,0,0,0
2020-02-15,Shasta,089,179085,0,0,0,0,0
2020-02-15,Sierra,091,2930,0,0,0,0,0
2020-02-15,Siskiyou,093,43540,0,0,0,0,0
2020-02-15,Solano,095,438530,1,0,0,0,0
2020-02-15,Sonoma,097,501317,0,0,0,0,0
2020-02-15,Stanislaus,099,539301,1,0,2,2,0
2020-02-15,Sutter,101,95872,0,0,0,0,0
2020-02-15,Tehama,103,63373,0,0,0,0,0
2020-02-15,Trinity,105,12862,0,0,0,0,0
2020-02-15,Tulare,107,460477,2,0,0,0,0
2020-02-15,Tuolumne,109,53932,0,0,0,0,0
2020-02-15,Ventura,111,848112,2,0,0,0,0
2020-02-15,Yolo,113,214977,1,0,0,0,0
2020-02-15,Yuba,115,75493,0,0,0,0,0
2020-02-14,Alameda,001,1643700,4,0,0,0,0
2020-02-14,Alpine,003,1148,0,0,0,0,0
2020-02-14,Amador,005,37829,0,0,0,0,0
2020-02-14,Butte,007,227075,0,0,0,0,0
2020-02-14,Calaveras,009,45235,0,0,0,0,0
2020-02-14,Colusa,011,21464,0,0,0,0,0
2020-02-14,Contra Costa,013,1133247,3,0,0,0,0
2020-02-14,Del Norte,015,27424,0,0,0,0,0
2020-02-14,El Dorado,017,186661,0,0,0,0,0
2020-02-14,Fresno,019,978130,0,0,0,0,0
2020-02-14,Glenn,021,27897,0,0,0,0,0
2020-02-14,Humboldt,023,135768,1,0,0,0,0
2020-02-14,Imperial,025,180216,1,0,0,0,0
2020-02-14,Inyo,027,18085,0,0,0,0,0
2020-02-14,Kern,029,883053,2,0,0,0,0
2020-02-14,Kings,031,150075,1,0,0,0,0
2020-02-14,Lake,033,64148,0,0,0,0,0
2020-02-14,Lassen,035,31185,0,0,0,0,0
2020-02-14,Los Angeles,037,10098052,28,1,7,8,0
2020-02-14,Madera,039,155013,0,0,0,0,0
2020-02-14,Marin,041,260295,0,0,0,0,0
2020-02-14,Mariposa,043,17540,0,0,0,0,0
2020-02-14,Mendocino,045,87422,0,0,0,0,0
2020-02-14,Merced,047,269075,0,0,0,0,0
2020-02-14,Modoc,049,8938,0,0,0,0,0
2020-02-14,Mono,051,14174,0,0,0,0,0
2020-02-14,Monterey,053,433212,0,0,0,0,0
2020-02-14,Napa,055,140530,0,0,0,0,0
2020-02-14,Nevada,057,99092,0,0,0,0,0
2020-02-14,Orange,059,3164182,40,1,0,1,0
2020-02-14,Placer,061,380077,0,0,0,0,0
2020-02-14,Plumas,063,18699,0,0,0,0,0
2020-02-14,Riverside,065,2383286,4,0,0,0,0
2020-02-14,Sacramento,067,1510023,1,0,0,0,0
2020-02-14,San Benito,069,59416,0,2,0,2,0
2020-02-14,San Bernardino,071,2135413,9,0,0,0,0
2020-02-14,San Diego,073,3302833,3,2,0,2,0
2020-02-14,San Francisco,075,870044,2,0,0,0,0
2020-02-14,San Joaquin,077,732212,1,0,1,1,0
2020-02-14,San Luis Obispo,079,281455,0,0,0,0,0
2020-02-14,San Mateo,081,765935,3,0,0,0,0
2020-02-14,Santa Barbara,083,443738,0,0,0,0,0
2020-02-14,Santa Clara,085,1922200,8,2,1,3,0
2020-02-14,Santa Cruz,087,273765,0,0,0,0,0
2020-02-14,Shasta,089,179085,0,0,0,0,0
2020-02-14,Sierra,091,2930,0,0,0,0,0
2020-02-14,Siskiyou,093,43540,0,0,0,0,0
2020-02-14,Solano,095,438530,1,0,0,0,0
2020-02-14,Sonoma,097,501317,0,0,0,0,0
2020-02-14,Stanislaus,099,539301,1,0,2,2,0
2020-02-14,Sutter,101,95872,0,0,0,0,0
2020-02-14,Tehama,103,63373,0,0,0,0,0
2020-02-14,Trinity,105,12862,0,0,0,0,0
2020-02-14,Tulare,107,460477,2,0,0,0,0
2020-02-14,Tuolumne,109,53932,0,0,0,0,0
2020-02-14,Ventura,111,848112,2,0,0,0,0
2020-02-14,Yolo,113,214977,1,0,0,0,0
2020-02-14,Yuba,115,75493,0,0,0,0,0
2020-02-13,Alameda,001,1643700,4,0,0,0,0
2020-02-13,Alpine,003,1148,0,0,0,0,0
2020-02-13,Amador,005,37829,0,0,0,0,0
2020-02-13,Butte,007,227075,0,0,0,0,0
2020-02-13,Calaveras,009,45235,0,0,0,0,0
2020-02-13,Colusa,011,21464,0,0,0,0,0
2020-02-13,Contra Costa,013,1133247,3,0,0,0,0
2020-02-13,Del Norte,015,27424,0,0,0,0,0
2020-02-13,El Dorado,017,186661,0,0,0,0,0
2020-02-13,Fresno,019,978130,0,0,0,0,0
2020-02-13,Glenn,021,27897,0,0,0,0,0
2020-02-13,Humboldt,023,135768,1,0,0,0,0
2020-02-13,Imperial,025,180216,1,0,0,0,0
2020-02-13,Inyo,027,18085,0,0,0,0,0
2020-02-13,Kern,029,883053,2,0,0,0,0
2020-02-13,Kings,031,150075,1,0,0,0,0
2020-02-13,Lake,033,64148,0,0,0,0,0
2020-02-13,Lassen,035,31185,0,0,0,0,0
2020-02-13,Los Angeles,037,10098052,24,1,6,7,0
2020-02-13,Madera,039,155013,0,0,0,0,0
2020-02-13,Marin,041,260295,0,0,0,0,0
2020-02-13,Mariposa,043,17540,0,0,0,0,0
2020-02-13,Mendocino,045,87422,0,0,0,0,0
2020-02-13,Merced,047,269075,0,0,0,0,0
2020-02-13,Modoc,049,8938,0,0,0,0,0
2020-02-13,Mono,051,14174,0,0,0,0,0
2020-02-13,Monterey,053,433212,0,0,0,0,0
2020-02-13,Napa,055,140530,0,0,0,0,0
2020-02-13,Nevada,057,99092,0,0,0,0,0
2020-02-13,Orange,059,3164182,39,1,0,1,0
2020-02-13,Placer,061,380077,0,0,0,0,0
2020-02-13,Plumas,063,18699,0,0,0,0,0
2020-02-13,Riverside,065,2383286,4,0,0,0,0
2020-02-13,Sacramento,067,1510023,1,0,0,0,0
2020-02-13,San Benito,069,59416,0,2,0,2,0
2020-02-13,San Bernardino,071,2135413,8,0,0,0,0
2020-02-13,San Diego,073,3302833,2,2,0,2,0
2020-02-13,San Francisco,075,870044,2,0,0,0,0
2020-02-13,San Joaquin,077,732212,1,0,1,1,0
2020-02-13,San Luis Obispo,079,281455,0,0,0,0,0
2020-02-13,San Mateo,081,765935,2,0,0,0,0
2020-02-13,Santa Barbara,083,443738,0,0,0,0,0
2020-02-13,Santa Clara,085,1922200,7,2,0,2,0
2020-02-13,Santa Cruz,087,273765,0,0,0,0,0
2020-02-13,Shasta,089,179085,0,0,0,0,0
2020-02-13,Sierra,091,2930,0,0,0,0,0
2020-02-13,Siskiyou,093,43540,0,0,0,0,0
2020-02-13,Solano,095,438530,0,0,0,0,0
2020-02-13,Sonoma,097,501317,0,0,0,0,0
2020-02-13,Stanislaus,099,539301,1,0,1,1,0
2020-02-13,Sutter,101,95872,0,0,0,0,0
2020-02-13,Tehama,103,63373,0,0,0,0,0
2020-02-13,Trinity,105,12862,0,0,0,0,0
2020-02-13,Tulare,107,460477,2,0,0,0,0
2020-02-13,Tuolumne,109,53932,0,0,0,0,0
2020-02-13,Ventura,111,848112,2,0,0,0,0
2020-02-13,Yolo,113,214977,1,0,0,0,0
2020-02-13,Yuba,115,75493,0,0,0,0,0
2020-02-12,Alameda,001,1643700,4,0,0,0,0
2020-02-12,Alpine,003,1148,0,0,0,0,0
2020-02-12,Amador,005,37829,0,0,0,0,0
2020-02-12,Butte,007,227075,0,0,0,0,0
2020-02-12,Calaveras,009,45235,0,0,0,0,0
2020-02-12,Colusa,011,21464,0,0,0,0,0
2020-02-12,Contra Costa,013,1133247,3,0,0,0,0
2020-02-12,Del Norte,015,27424,0,0,0,0,0
2020-02-12,El Dorado,017,186661,0,0,0,0,0
2020-02-12,Fresno,019,978130,0,0,0,0,0
2020-02-12,Glenn,021,27897,0,0,0,0,0
2020-02-12,Humboldt,023,135768,1,0,0,0,0
2020-02-12,Imperial,025,180216,1,0,0,0,0
2020-02-12,Inyo,027,18085,0,0,0,0,0
2020-02-12,Kern,029,883053,2,0,0,0,0
2020-02-12,Kings,031,150075,1,0,0,0,0
2020-02-12,Lake,033,64148,0,0,0,0,0
2020-02-12,Lassen,035,31185,0,0,0,0,0
2020-02-12,Los Angeles,037,10098052,23,1,6,7,0
2020-02-12,Madera,039,155013,0,0,0,0,0
2020-02-12,Marin,041,260295,0,0,0,0,0
2020-02-12,Mariposa,043,17540,0,0,0,0,0
2020-02-12,Mendocino,045,87422,0,0,0,0,0
2020-02-12,Merced,047,269075,0,0,0,0,0
2020-02-12,Modoc,049,8938,0,0,0,0,0
2020-02-12,Mono,051,14174,0,0,0,0,0
2020-02-12,Monterey,053,433212,0,0,0,0,0
2020-02-12,Napa,055,140530,0,0,0,0,0
2020-02-12,Nevada,057,99092,0,0,0,0,0
2020-02-12,Orange,059,3164182,39,1,0,1,0
2020-02-12,Placer,061,380077,0,0,0,0,0
2020-02-12,Plumas,063,18699,0,0,0,0,0
2020-02-12,Riverside,065,2383286,4,0,0,0,0
2020-02-12,Sacramento,067,1510023,1,0,0,0,0
2020-02-12,San Benito,069,59416,0,2,0,2,0
2020-02-12,San Bernardino,071,2135413,8,0,0,0,0
2020-02-12,San Diego,073,3302833,2,2,0,2,0
2020-02-12,San Francisco,075,870044,2,0,0,0,0
2020-02-12,San Joaquin,077,732212,1,0,1,1,0
2020-02-12,San Luis Obispo,079,281455,0,0,0,0,0
2020-02-12,San Mateo,081,765935,2,0,0,0,0
2020-02-12,Santa Barbara,083,443738,0,0,0,0,0
2020-02-12,Santa Clara,085,1922200,6,2,0,2,0
2020-02-12,Santa Cruz,087,273765,0,0,0,0,0
2020-02-12,Shasta,089,179085,0,0,0,0,0
2020-02-12,Sierra,091,2930,0,0,0,0,0
2020-02-12,Siskiyou,093,43540,0,0,0,0,0
2020-02-12,Solano,095,438530,0,0,0,0,0
2020-02-12,Sonoma,097,501317,0,0,0,0,0
2020-02-12,Stanislaus,099,539301,1,0,1,1,0
2020-02-12,Sutter,101,95872,0,0,0,0,0
2020-02-12,Tehama,103,63373,0,0,0,0,0
2020-02-12,Trinity,105,12862,0,0,0,0,0
2020-02-12,Tulare,107,460477,2,0,0,0,0
2020-02-12,Tuolumne,109,53932,0,0,0,0,0
2020-02-12,Ventura,111,848112,2,0,0,0,0
2020-02-12,Yolo,113,214977,1,0,0,0,0
2020-02-12,Yuba,115,75493,0,0,0,0,0
2020-02-11,Alameda,001,1643700,4,0,0,0,0
2020-02-11,Alpine,003,1148,0,0,0,0,0
2020-02-11,Amador,005,37829,0,0,0,0,0
2020-02-11,Butte,007,227075,0,0,0,0,0
2020-02-11,Calaveras,009,45235,0,0,0,0,0
2020-02-11,Colusa,011,21464,0,0,0,0,0
2020-02-11,Contra Costa,013,1133247,3,0,0,0,0
2020-02-11,Del Norte,015,27424,0,0,0,0,0
2020-02-11,El Dorado,017,186661,0,0,0,0,0
2020-02-11,Fresno,019,978130,0,0,0,0,0
2020-02-11,Glenn,021,27897,0,0,0,0,0
2020-02-11,Humboldt,023,135768,1,0,0,0,0
2020-02-11,Imperial,025,180216,1,0,0,0,0
2020-02-11,Inyo,027,18085,0,0,0,0,0
2020-02-11,Kern,029,883053,2,0,0,0,0
2020-02-11,Kings,031,150075,1,0,0,0,0
2020-02-11,Lake,033,64148,0,0,0,0,0
2020-02-11,Lassen,035,31185,0,0,0,0,0
2020-02-11,Los Angeles,037,10098052,23,1,6,7,0
2020-02-11,Madera,039,155013,0,0,0,0,0
2020-02-11,Marin,041,260295,0,0,0,0,0
2020-02-11,Mariposa,043,17540,0,0,0,0,0
2020-02-11,Mendocino,045,87422,0,0,0,0,0
2020-02-11,Merced,047,269075,0,0,0,0,0
2020-02-11,Modoc,049,8938,0,0,0,0,0
2020-02-11,Mono,051,14174,0,0,0,0,0
2020-02-11,Monterey,053,433212,0,0,0,0,0
2020-02-11,Napa,055,140530,0,0,0,0,0
2020-02-11,Nevada,057,99092,0,0,0,0,0
2020-02-11,Orange,059,3164182,38,1,0,1,0
2020-02-11,Placer,061,380077,0,0,0,0,0
2020-02-11,Plumas,063,18699,0,0,0,0,0
2020-02-11,Riverside,065,2383286,4,0,0,0,0
2020-02-11,Sacramento,067,1510023,1,0,0,0,0
2020-02-11,San Benito,069,59416,0,2,0,2,0
2020-02-11,San Bernardino,071,2135413,8,0,0,0,0
2020-02-11,San Diego,073,3302833,2,1,0,1,0
2020-02-11,San Francisco,075,870044,2,0,0,0,0
2020-02-11,San Joaquin,077,732212,0,0,1,1,0
2020-02-11,San Luis Obispo,079,281455,0,0,0,0,0
2020-02-11,San Mateo,081,765935,2,0,0,0,0
2020-02-11,Santa Barbara,083,443738,0,0,0,0,0
2020-02-11,Santa Clara,085,1922200,5,2,0,2,0
2020-02-11,Santa Cruz,087,273765,0,0,0,0,0
2020-02-11,Shasta,089,179085,0,0,0,0,0
2020-02-11,Sierra,091,2930,0,0,0,0,0
2020-02-11,Siskiyou,093,43540,0,0,0,0,0
2020-02-11,Solano,095,438530,0,0,0,0,0
2020-02-11,Sonoma,097,501317,0,0,0,0,0
2020-02-11,Stanislaus,099,539301,1,0,1,1,0
2020-02-11,Sutter,101,95872,0,0,0,0,0
2020-02-11,Tehama,103,63373,0,0,0,0,0
2020-02-11,Trinity,105,12862,0,0,0,0,0
2020-02-11,Tulare,107,460477,2,0,0,0,0
2020-02-11,Tuolumne,109,53932,0,0,0,0,0
2020-02-11,Ventura,111,848112,2,0,0,0,0
2020-02-11,Yolo,113,214977,1,0,0,0,0
2020-02-11,Yuba,115,75493,0,0,0,0,0
2020-02-10,Alameda,001,1643700,4,0,0,0,0
2020-02-10,Alpine,003,1148,0,0,0,0,0
2020-02-10,Amador,005,37829,0,0,0,0,0
2020-02-10,Butte,007,227075,0,0,0,0,0
2020-02-10,Calaveras,009,45235,0,0,0,0,0
2020-02-10,Colusa,011,21464,0,0,0,0,0
2020-02-10,Contra Costa,013,1133247,3,0,0,0,0
2020-02-10,Del Norte,015,27424,0,0,0,0,0
2020-02-10,El Dorado,017,186661,0,0,0,0,0
2020-02-10,Fresno,019,978130,0,0,0,0,0
2020-02-10,Glenn,021,27897,0,0,0,0,0
2020-02-10,Humboldt,023,135768,0,0,0,0,0
2020-02-10,Imperial,025,180216,1,0,0,0,0
2020-02-10,Inyo,027,18085,0,0,0,0,0
2020-02-10,Kern,029,883053,2,0,0,0,0
2020-02-10,Kings,031,150075,1,0,0,0,0
2020-02-10,Lake,033,64148,0,0,0,0,0
2020-02-10,Lassen,035,31185,0,0,0,0,0
2020-02-10,Los Angeles,037,10098052,21,1,6,7,0
2020-02-10,Madera,039,155013,0,0,0,0,0
2020-02-10,Marin,041,260295,0,0,0,0,0
2020-02-10,Mariposa,043,17540,0,0,0,0,0
2020-02-10,Mendocino,045,87422,0,0,0,0,0
2020-02-10,Merced,047,269075,0,0,0,0,0
2020-02-10,Modoc,049,8938,0,0,0,0,0
2020-02-10,Mono,051,14174,0,0,0,0,0
2020-02-10,Monterey,053,433212,0,0,0,0,0
2020-02-10,Napa,055,140530,0,0,0,0,0
2020-02-10,Nevada,057,99092,0,0,0,0,0
2020-02-10,Orange,059,3164182,38,1,0,1,0
2020-02-10,Placer,061,380077,0,0,0,0,0
2020-02-10,Plumas,063,18699,0,0,0,0,0
2020-02-10,Riverside,065,2383286,4,0,0,0,0
2020-02-10,Sacramento,067,1510023,1,0,0,0,0
2020-02-10,San Benito,069,59416,0,2,0,2,0
2020-02-10,San Bernardino,071,2135413,7,0,0,0,0
2020-02-10,San Diego,073,3302833,2,0,0,0,0
2020-02-10,San Francisco,075,870044,2,0,0,0,0
2020-02-10,San Joaquin,077,732212,0,0,1,1,0
2020-02-10,San Luis Obispo,079,281455,0,0,0,0,0
2020-02-10,San Mateo,081,765935,2,0,0,0,0
2020-02-10,Santa Barbara,083,443738,0,0,0,0,0
2020-02-10,Santa Clara,085,1922200,5,2,0,2,0
2020-02-10,Santa Cruz,087,273765,0,0,0,0,0
2020-02-10,Shasta,089,179085,0,0,0,0,0
2020-02-10,Sierra,091,2930,0,0,0,0,0
2020-02-10,Siskiyou,093,43540,0,0,0,0,0
2020-02-10,Solano,095,438530,0,0,0,0,0
2020-02-10,Sonoma,097,501317,0,0,0,0,0
2020-02-10,Stanislaus,099,539301,1,0,0,0,0
2020-02-10,Sutter,101,95872,0,0,0,0,0
2020-02-10,Tehama,103,63373,0,0,0,0,0
2020-02-10,Trinity,105,12862,0,0,0,0,0
2020-02-10,Tulare,107,460477,2,0,0,0,0
2020-02-10,Tuolumne,109,53932,0,0,0,0,0
2020-02-10,Ventura,111,848112,2,0,0,0,0
2020-02-10,Yolo,113,214977,1,0,0,0,0
2020-02-10,Yuba,115,75493,0,0,0,0,0
2020-02-09,Alameda,001,1643700,4,0,0,0,0
2020-02-09,Alpine,003,1148,0,0,0,0,0
2020-02-09,Amador,005,37829,0,0,0,0,0
2020-02-09,Butte,007,227075,0,0,0,0,0
2020-02-09,Calaveras,009,45235,0,0,0,0,0
2020-02-09,Colusa,011,21464,0,0,0,0,0
2020-02-09,Contra Costa,013,1133247,3,0,0,0,0
2020-02-09,Del Norte,015,27424,0,0,0,0,0
2020-02-09,El Dorado,017,186661,0,0,0,0,0
2020-02-09,Fresno,019,978130,0,0,0,0,0
2020-02-09,Glenn,021,27897,0,0,0,0,0
2020-02-09,Humboldt,023,135768,0,0,0,0,0
2020-02-09,Imperial,025,180216,1,0,0,0,0
2020-02-09,Inyo,027,18085,0,0,0,0,0
2020-02-09,Kern,029,883053,2,0,0,0,0
2020-02-09,Kings,031,150075,1,0,0,0,0
2020-02-09,Lake,033,64148,0,0,0,0,0
2020-02-09,Lassen,035,31185,0,0,0,0,0
2020-02-09,Los Angeles,037,10098052,20,1,6,7,0
2020-02-09,Madera,039,155013,0,0,0,0,0
2020-02-09,Marin,041,260295,0,0,0,0,0
2020-02-09,Mariposa,043,17540,0,0,0,0,0
2020-02-09,Mendocino,045,87422,0,0,0,0,0
2020-02-09,Merced,047,269075,0,0,0,0,0
2020-02-09,Modoc,049,8938,0,0,0,0,0
2020-02-09,Mono,051,14174,0,0,0,0,0
2020-02-09,Monterey,053,433212,0,0,0,0,0
2020-02-09,Napa,055,140530,0,0,0,0,0
2020-02-09,Nevada,057,99092,0,0,0,0,0
2020-02-09,Orange,059,3164182,37,1,0,1,0
2020-02-09,Placer,061,380077,0,0,0,0,0
2020-02-09,Plumas,063,18699,0,0,0,0,0
2020-02-09,Riverside,065,2383286,4,0,0,0,0
2020-02-09,Sacramento,067,1510023,0,0,0,0,0
2020-02-09,San Benito,069,59416,0,2,0,2,0
2020-02-09,San Bernardino,071,2135413,7,0,0,0,0
2020-02-09,San Diego,073,3302833,2,0,0,0,0
2020-02-09,San Francisco,075,870044,1,0,0,0,0
2020-02-09,San Joaquin,077,732212,0,0,1,1,0
2020-02-09,San Luis Obispo,079,281455,0,0,0,0,0
2020-02-09,San Mateo,081,765935,2,0,0,0,0
2020-02-09,Santa Barbara,083,443738,0,0,0,0,0
2020-02-09,Santa Clara,085,1922200,4,2,0,2,0
2020-02-09,Santa Cruz,087,273765,0,0,0,0,0
2020-02-09,Shasta,089,179085,0,0,0,0,0
2020-02-09,Sierra,091,2930,0,0,0,0,0
2020-02-09,Siskiyou,093,43540,0,0,0,0,0
2020-02-09,Solano,095,438530,0,0,0,0,0
2020-02-09,Sonoma,097,501317,0,0,0,0,0
2020-02-09,Stanislaus,099,539301,0,0,0,0,0
2020-02-09,Sutter,101,95872,0,0,0,0,0
2020-02-09,Tehama,103,63373,0,0,0,0,0
2020-02-09,Trinity,105,12862,0,0,0,0,0
2020-02-09,Tulare,107,460477,2,0,0,0,0
2020-02-09,Tuolumne,109,53932,0,0,0,0,0
2020-02-09,Ventura,111,848112,1,0,0,0,0
2020-02-09,Yolo,113,214977,1,0,0,0,0
2020-02-09,Yuba,115,75493,0,0,0,0,0
2020-02-08,Alameda,001,1643700,3,0,0,0,0
2020-02-08,Alpine,003,1148,0,0,0,0,0
2020-02-08,Amador,005,37829,0,0,0,0,0
2020-02-08,Butte,007,227075,0,0,0,0,0
2020-02-08,Calaveras,009,45235,0,0,0,0,0
2020-02-08,Colusa,011,21464,0,0,0,0,0
2020-02-08,Contra Costa,013,1133247,2,0,0,0,0
2020-02-08,Del Norte,015,27424,0,0,0,0,0
2020-02-08,El Dorado,017,186661,0,0,0,0,0
2020-02-08,Fresno,019,978130,0,0,0,0,0
2020-02-08,Glenn,021,27897,0,0,0,0,0
2020-02-08,Humboldt,023,135768,0,0,0,0,0
2020-02-08,Imperial,025,180216,1,0,0,0,0
2020-02-08,Inyo,027,18085,0,0,0,0,0
2020-02-08,Kern,029,883053,2,0,0,0,0
2020-02-08,Kings,031,150075,1,0,0,0,0
2020-02-08,Lake,033,64148,0,0,0,0,0
2020-02-08,Lassen,035,31185,0,0,0,0,0
2020-02-08,Los Angeles,037,10098052,17,1,3,4,0
2020-02-08,Madera,039,155013,0,0,0,0,0
2020-02-08,Marin,041,260295,0,0,0,0,0
2020-02-08,Mariposa,043,17540,0,0,0,0,0
2020-02-08,Mendocino,045,87422,0,0,0,0,0
2020-02-08,Merced,047,269075,0,0,0,0,0
2020-02-08,Modoc,049,8938,0,0,0,0,0
2020-02-08,Mono,051,14174,0,0,0,0,0
2020-02-08,Monterey,053,433212,0,0,0,0,0
2020-02-08,Napa,055,140530,0,0,0,0,0
2020-02-08,Nevada,057,99092,0,0,0,0,0
2020-02-08,Orange,059,3164182,37,1,0,1,0
2020-02-08,Placer,061,380077,0,0,0,0,0
2020-02-08,Plumas,063,18699,0,0,0,0,0
2020-02-08,Riverside,065,2383286,4,0,0,0,0
2020-02-08,Sacramento,067,1510023,0,0,0,0,0
2020-02-08,San Benito,069,59416,0,2,0,2,0
2020-02-08,San Bernardino,071,2135413,7,0,0,0,0
2020-02-08,San Diego,073,3302833,1,0,0,0,0
2020-02-08,San Francisco,075,870044,1,0,0,0,0
2020-02-08,San Joaquin,077,732212,0,0,1,1,0
2020-02-08,San Luis Obispo,079,281455,0,0,0,0,0
2020-02-08,San Mateo,081,765935,2,0,0,0,0
2020-02-08,Santa Barbara,083,443738,0,0,0,0,0
2020-02-08,Santa Clara,085,1922200,4,2,0,2,0
2020-02-08,Santa Cruz,087,273765,0,0,0,0,0
2020-02-08,Shasta,089,179085,0,0,0,0,0
2020-02-08,Sierra,091,2930,0,0,0,0,0
2020-02-08,Siskiyou,093,43540,0,0,0,0,0
2020-02-08,Solano,095,438530,0,0,0,0,0
2020-02-08,Sonoma,097,501317,0,0,0,0,0
2020-02-08,Stanislaus,099,539301,0,0,0,0,0
2020-02-08,Sutter,101,95872,0,0,0,0,0
2020-02-08,Tehama,103,63373,0,0,0,0,0
2020-02-08,Trinity,105,12862,0,0,0,0,0
2020-02-08,Tulare,107,460477,2,0,0,0,0
2020-02-08,Tuolumne,109,53932,0,0,0,0,0
2020-02-08,Ventura,111,848112,1,0,0,0,0
2020-02-08,Yolo,113,214977,1,0,0,0,0
2020-02-08,Yuba,115,75493,0,0,0,0,0
2020-02-07,Alameda,001,1643700,3,0,0,0,0
2020-02-07,Alpine,003,1148,0,0,0,0,0
2020-02-07,Amador,005,37829,0,0,0,0,0
2020-02-07,Butte,007,227075,0,0,0,0,0
2020-02-07,Calaveras,009,45235,0,0,0,0,0
2020-02-07,Colusa,011,21464,0,0,0,0,0
2020-02-07,Contra Costa,013,1133247,2,0,0,0,0
2020-02-07,Del Norte,015,27424,0,0,0,0,0
2020-02-07,El Dorado,017,186661,0,0,0,0,0
2020-02-07,Fresno,019,978130,0,0,0,0,0
2020-02-07,Glenn,021,27897,0,0,0,0,0
2020-02-07,Humboldt,023,135768,0,0,0,0,0
2020-02-07,Imperial,025,180216,1,0,0,0,0
2020-02-07,Inyo,027,18085,0,0,0,0,0
2020-02-07,Kern,029,883053,2,0,0,0,0
2020-02-07,Kings,031,150075,1,0,0,0,0
2020-02-07,Lake,033,64148,0,0,0,0,0
2020-02-07,Lassen,035,31185,0,0,0,0,0
2020-02-07,Los Angeles,037,10098052,16,1,2,3,0
2020-02-07,Madera,039,155013,0,0,0,0,0
2020-02-07,Marin,041,260295,0,0,0,0,0
2020-02-07,Mariposa,043,17540,0,0,0,0,0
2020-02-07,Mendocino,045,87422,0,0,0,0,0
2020-02-07,Merced,047,269075,0,0,0,0,0
2020-02-07,Modoc,049,8938,0,0,0,0,0
2020-02-07,Mono,051,14174,0,0,0,0,0
2020-02-07,Monterey,053,433212,0,0,0,0,0
2020-02-07,Napa,055,140530,0,0,0,0,0
2020-02-07,Nevada,057,99092,0,0,0,0,0
2020-02-07,Orange,059,3164182,35,1,0,1,0
2020-02-07,Placer,061,380077,0,0,0,0,0
2020-02-07,Plumas,063,18699,0,0,0,0,0
2020-02-07,Riverside,065,2383286,4,0,0,0,0
2020-02-07,Sacramento,067,1510023,0,0,0,0,0
2020-02-07,San Benito,069,59416,0,2,0,2,0
2020-02-07,San Bernardino,071,2135413,4,0,0,0,0
2020-02-07,San Diego,073,3302833,1,0,0,0,0
2020-02-07,San Francisco,075,870044,1,0,0,0,0
2020-02-07,San Joaquin,077,732212,0,0,1,1,0
2020-02-07,San Luis Obispo,079,281455,0,0,0,0,0
2020-02-07,San Mateo,081,765935,1,0,0,0,0
2020-02-07,Santa Barbara,083,443738,0,0,0,0,0
2020-02-07,Santa Clara,085,1922200,4,2,0,2,0
2020-02-07,Santa Cruz,087,273765,0,0,0,0,0
2020-02-07,Shasta,089,179085,0,0,0,0,0
2020-02-07,Sierra,091,2930,0,0,0,0,0
2020-02-07,Siskiyou,093,43540,0,0,0,0,0
2020-02-07,Solano,095,438530,0,0,0,0,0
2020-02-07,Sonoma,097,501317,0,0,0,0,0
2020-02-07,Stanislaus,099,539301,0,0,0,0,0
2020-02-07,Sutter,101,95872,0,0,0,0,0
2020-02-07,Tehama,103,63373,0,0,0,0,0
2020-02-07,Trinity,105,12862,0,0,0,0,0
2020-02-07,Tulare,107,460477,2,0,0,0,0
2020-02-07,Tuolumne,109,53932,0,0,0,0,0
2020-02-07,Ventura,111,848112,1,0,0,0,0
2020-02-07,Yolo,113,214977,1,0,0,0,0
2020-02-07,Yuba,115,75493,0,0,0,0,0
2020-02-06,Alameda,001,1643700,3,0,0,0,0
2020-02-06,Alpine,003,1148,0,0,0,0,0
2020-02-06,Amador,005,37829,0,0,0,0,0
2020-02-06,Butte,007,227075,0,0,0,0,0
2020-02-06,Calaveras,009,45235,0,0,0,0,0
2020-02-06,Colusa,011,21464,0,0,0,0,0
2020-02-06,Contra Costa,013,1133247,2,0,0,0,0
2020-02-06,Del Norte,015,27424,0,0,0,0,0
2020-02-06,El Dorado,017,186661,0,0,0,0,0
2020-02-06,Fresno,019,978130,0,0,0,0,0
2020-02-06,Glenn,021,27897,0,0,0,0,0
2020-02-06,Humboldt,023,135768,0,0,0,0,0
2020-02-06,Imperial,025,180216,1,0,0,0,0
2020-02-06,Inyo,027,18085,0,0,0,0,0
2020-02-06,Kern,029,883053,2,0,0,0,0
2020-02-06,Kings,031,150075,0,0,0,0,0
2020-02-06,Lake,033,64148,0,0,0,0,0
2020-02-06,Lassen,035,31185,0,0,0,0,0
2020-02-06,Los Angeles,037,10098052,15,1,2,3,0
2020-02-06,Madera,039,155013,0,0,0,0,0
2020-02-06,Marin,041,260295,0,0,0,0,0
2020-02-06,Mariposa,043,17540,0,0,0,0,0
2020-02-06,Mendocino,045,87422,0,0,0,0,0
2020-02-06,Merced,047,269075,0,0,0,0,0
2020-02-06,Modoc,049,8938,0,0,0,0,0
2020-02-06,Mono,051,14174,0,0,0,0,0
2020-02-06,Monterey,053,433212,0,0,0,0,0
2020-02-06,Napa,055,140530,0,0,0,0,0
2020-02-06,Nevada,057,99092,0,0,0,0,0
2020-02-06,Orange,059,3164182,5,1,0,1,0
2020-02-06,Placer,061,380077,0,0,0,0,0
2020-02-06,Plumas,063,18699,0,0,0,0,0
2020-02-06,Riverside,065,2383286,4,0,0,0,0
2020-02-06,Sacramento,067,1510023,0,0,0,0,0
2020-02-06,San Benito,069,59416,0,2,0,2,0
2020-02-06,San Bernardino,071,2135413,4,0,0,0,0
2020-02-06,San Diego,073,3302833,1,0,0,0,0
2020-02-06,San Francisco,075,870044,1,0,0,0,0
2020-02-06,San Joaquin,077,732212,0,0,1,1,0
2020-02-06,San Luis Obispo,079,281455,0,0,0,0,0
2020-02-06,San Mateo,081,765935,1,0,0,0,0
2020-02-06,Santa Barbara,083,443738,0,0,0,0,0
2020-02-06,Santa Clara,085,1922200,4,2,0,2,0
2020-02-06,Santa Cruz,087,273765,0,0,0,0,0
2020-02-06,Shasta,089,179085,0,0,0,0,0
2020-02-06,Sierra,091,2930,0,0,0,0,0
2020-02-06,Siskiyou,093,43540,0,0,0,0,0
2020-02-06,Solano,095,438530,0,0,0,0,0
2020-02-06,Sonoma,097,501317,0,0,0,0,0
2020-02-06,Stanislaus,099,539301,0,0,0,0,0
2020-02-06,Sutter,101,95872,0,0,0,0,0
2020-02-06,Tehama,103,63373,0,0,0,0,0
2020-02-06,Trinity,105,12862,0,0,0,0,0
2020-02-06,Tulare,107,460477,2,0,0,0,0
2020-02-06,Tuolumne,109,53932,0,0,0,0,0
2020-02-06,Ventura,111,848112,1,0,0,0,0
2020-02-06,Yolo,113,214977,1,0,0,0,0
2020-02-06,Yuba,115,75493,0,0,0,0,0
2020-02-05,Alameda,001,1643700,3,0,0,0,0
2020-02-05,Alpine,003,1148,0,0,0,0,0
2020-02-05,Amador,005,37829,0,0,0,0,0
2020-02-05,Butte,007,227075,0,0,0,0,0
2020-02-05,Calaveras,009,45235,0,0,0,0,0
2020-02-05,Colusa,011,21464,0,0,0,0,0
2020-02-05,Contra Costa,013,1133247,2,0,0,0,0
2020-02-05,Del Norte,015,27424,0,0,0,0,0
2020-02-05,El Dorado,017,186661,0,0,0,0,0
2020-02-05,Fresno,019,978130,0,0,0,0,0
2020-02-05,Glenn,021,27897,0,0,0,0,0
2020-02-05,Humboldt,023,135768,0,0,0,0,0
2020-02-05,Imperial,025,180216,1,0,0,0,0
2020-02-05,Inyo,027,18085,0,0,0,0,0
2020-02-05,Kern,029,883053,1,0,0,0,0
2020-02-05,Kings,031,150075,0,0,0,0,0
2020-02-05,Lake,033,64148,0,0,0,0,0
2020-02-05,Lassen,035,31185,0,0,0,0,0
2020-02-05,Los Angeles,037,10098052,15,1,1,2,0
2020-02-05,Madera,039,155013,0,0,0,0,0
2020-02-05,Marin,041,260295,0,0,0,0,0
2020-02-05,Mariposa,043,17540,0,0,0,0,0
2020-02-05,Mendocino,045,87422,0,0,0,0,0
2020-02-05,Merced,047,269075,0,0,0,0,0
2020-02-05,Modoc,049,8938,0,0,0,0,0
2020-02-05,Mono,051,14174,0,0,0,0,0
2020-02-05,Monterey,053,433212,0,0,0,0,0
2020-02-05,Napa,055,140530,0,0,0,0,0
2020-02-05,Nevada,057,99092,0,0,0,0,0
2020-02-05,Orange,059,3164182,4,1,0,1,0
2020-02-05,Placer,061,380077,0,0,0,0,0
2020-02-05,Plumas,063,18699,0,0,0,0,0
2020-02-05,Riverside,065,2383286,4,0,0,0,0
2020-02-05,Sacramento,067,1510023,0,0,0,0,0
2020-02-05,San Benito,069,59416,0,2,0,2,0
2020-02-05,San Bernardino,071,2135413,4,0,0,0,0
2020-02-05,San Diego,073,3302833,0,0,0,0,0
2020-02-05,San Francisco,075,870044,1,0,0,0,0
2020-02-05,San Joaquin,077,732212,0,0,1,1,0
2020-02-05,San Luis Obispo,079,281455,0,0,0,0,0
2020-02-05,San Mateo,081,765935,1,0,0,0,0
2020-02-05,Santa Barbara,083,443738,0,0,0,0,0
2020-02-05,Santa Clara,085,1922200,2,2,0,2,0
2020-02-05,Santa Cruz,087,273765,0,0,0,0,0
2020-02-05,Shasta,089,179085,0,0,0,0,0
2020-02-05,Sierra,091,2930,0,0,0,0,0
2020-02-05,Siskiyou,093,43540,0,0,0,0,0
2020-02-05,Solano,095,438530,0,0,0,0,0
2020-02-05,Sonoma,097,501317,0,0,0,0,0
2020-02-05,Stanislaus,099,539301,0,0,0,0,0
2020-02-05,Sutter,101,95872,0,0,0,0,0
2020-02-05,Tehama,103,63373,0,0,0,0,0
2020-02-05,Trinity,105,12862,0,0,0,0,0
2020-02-05,Tulare,107,460477,2,0,0,0,0
2020-02-05,Tuolumne,109,53932,0,0,0,0,0
2020-02-05,Ventura,111,848112,0,0,0,0,0
2020-02-05,Yolo,113,214977,1,0,0,0,0
2020-02-05,Yuba,115,75493,0,0,0,0,0
2020-02-04,Alameda,001,1643700,3,0,0,0,0
2020-02-04,Alpine,003,1148,0,0,0,0,0
2020-02-04,Amador,005,37829,0,0,0,0,0
2020-02-04,Butte,007,227075,0,0,0,0,0
2020-02-04,Calaveras,009,45235,0,0,0,0,0
2020-02-04,Colusa,011,21464,0,0,0,0,0
2020-02-04,Contra Costa,013,1133247,2,0,0,0,0
2020-02-04,Del Norte,015,27424,0,0,0,0,0
2020-02-04,El Dorado,017,186661,0,0,0,0,0
2020-02-04,Fresno,019,978130,0,0,0,0,0
2020-02-04,Glenn,021,27897,0,0,0,0,0
2020-02-04,Humboldt,023,135768,0,0,0,0,0
2020-02-04,Imperial,025,180216,1,0,0,0,0
2020-02-04,Inyo,027,18085,0,0,0,0,0
2020-02-04,Kern,029,883053,0,0,0,0,0
2020-02-04,Kings,031,150075,0,0,0,0,0
2020-02-04,Lake,033,64148,0,0,0,0,0
2020-02-04,Lassen,035,31185,0,0,0,0,0
2020-02-04,Los Angeles,037,10098052,15,1,1,2,0
2020-02-04,Madera,039,155013,0,0,0,0,0
2020-02-04,Marin,041,260295,0,0,0,0,0
2020-02-04,Mariposa,043,17540,0,0,0,0,0
2020-02-04,Mendocino,045,87422,0,0,0,0,0
2020-02-04,Merced,047,269075,0,0,0,0,0
2020-02-04,Modoc,049,8938,0,0,0,0,0
2020-02-04,Mono,051,14174,0,0,0,0,0
2020-02-04,Monterey,053,433212,0,0,0,0,0
2020-02-04,Napa,055,140530,0,0,0,0,0
2020-02-04,Nevada,057,99092,0,0,0,0,0
2020-02-04,Orange,059,3164182,4,1,0,1,0
2020-02-04,Placer,061,380077,0,0,0,0,0
2020-02-04,Plumas,063,18699,0,0,0,0,0
2020-02-04,Riverside,065,2383286,4,0,0,0,0
2020-02-04,Sacramento,067,1510023,0,0,0,0,0
2020-02-04,San Benito,069,59416,0,2,0,2,0
2020-02-04,San Bernardino,071,2135413,3,0,0,0,0
2020-02-04,San Diego,073,3302833,0,0,0,0,0
2020-02-04,San Francisco,075,870044,1,0,0,0,0
2020-02-04,San Joaquin,077,732212,0,0,1,1,0
2020-02-04,San Luis Obispo,079,281455,0,0,0,0,0
2020-02-04,San Mateo,081,765935,0,0,0,0,0
2020-02-04,Santa Barbara,083,443738,0,0,0,0,0
2020-02-04,Santa Clara,085,1922200,2,2,0,2,0
2020-02-04,Santa Cruz,087,273765,0,0,0,0,0
2020-02-04,Shasta,089,179085,0,0,0,0,0
2020-02-04,Sierra,091,2930,0,0,0,0,0
2020-02-04,Siskiyou,093,43540,0,0,0,0,0
2020-02-04,Solano,095,438530,0,0,0,0,0
2020-02-04,Sonoma,097,501317,0,0,0,0,0
2020-02-04,Stanislaus,099,539301,0,0,0,0,0
2020-02-04,Sutter,101,95872,0,0,0,0,0
2020-02-04,Tehama,103,63373,0,0,0,0,0
2020-02-04,Trinity,105,12862,0,0,0,0,0
2020-02-04,Tulare,107,460477,2,0,0,0,0
2020-02-04,Tuolumne,109,53932,0,0,0,0,0
2020-02-04,Ventura,111,848112,0,0,0,0,0
2020-02-04,Yolo,113,214977,1,0,0,0,0
2020-02-04,Yuba,115,75493,0,0,0,0,0
2020-02-03,Alameda,001,1643700,3,0,0,0,0
2020-02-03,Alpine,003,1148,0,0,0,0,0
2020-02-03,Amador,005,37829,0,0,0,0,0
2020-02-03,Butte,007,227075,0,0,0,0,0
2020-02-03,Calaveras,009,45235,0,0,0,0,0
2020-02-03,Colusa,011,21464,0,0,0,0,0
2020-02-03,Contra Costa,013,1133247,2,0,0,0,0
2020-02-03,Del Norte,015,27424,0,0,0,0,0
2020-02-03,El Dorado,017,186661,0,0,0,0,0
2020-02-03,Fresno,019,978130,0,0,0,0,0
2020-02-03,Glenn,021,27897,0,0,0,0,0
2020-02-03,Humboldt,023,135768,0,0,0,0,0
2020-02-03,Imperial,025,180216,1,0,0,0,0
2020-02-03,Inyo,027,18085,0,0,0,0,0
2020-02-03,Kern,029,883053,0,0,0,0,0
2020-02-03,Kings,031,150075,0,0,0,0,0
2020-02-03,Lake,033,64148,0,0,0,0,0
2020-02-03,Lassen,035,31185,0,0,0,0,0
2020-02-03,Los Angeles,037,10098052,15,1,0,1,0
2020-02-03,Madera,039,155013,0,0,0,0,0
2020-02-03,Marin,041,260295,0,0,0,0,0
2020-02-03,Mariposa,043,17540,0,0,0,0,0
2020-02-03,Mendocino,045,87422,0,0,0,0,0
2020-02-03,Merced,047,269075,0,0,0,0,0
2020-02-03,Modoc,049,8938,0,0,0,0,0
2020-02-03,Mono,051,14174,0,0,0,0,0
2020-02-03,Monterey,053,433212,0,0,0,0,0
2020-02-03,Napa,055,140530,0,0,0,0,0
2020-02-03,Nevada,057,99092,0,0,0,0,0
2020-02-03,Orange,059,3164182,3,1,0,1,0
2020-02-03,Placer,061,380077,0,0,0,0,0
2020-02-03,Plumas,063,18699,0,0,0,0,0
2020-02-03,Riverside,065,2383286,4,0,0,0,0
2020-02-03,Sacramento,067,1510023,0,0,0,0,0
2020-02-03,San Benito,069,59416,0,2,0,2,0
2020-02-03,San Bernardino,071,2135413,3,0,0,0,0
2020-02-03,San Diego,073,3302833,0,0,0,0,0
2020-02-03,San Francisco,075,870044,1,0,0,0,0
2020-02-03,San Joaquin,077,732212,0,0,1,1,0
2020-02-03,San Luis Obispo,079,281455,0,0,0,0,0
2020-02-03,San Mateo,081,765935,0,0,0,0,0
2020-02-03,Santa Barbara,083,443738,0,0,0,0,0
2020-02-03,Santa Clara,085,1922200,2,2,0,2,0
2020-02-03,Santa Cruz,087,273765,0,0,0,0,0
2020-02-03,Shasta,089,179085,0,0,0,0,0
2020-02-03,Sierra,091,2930,0,0,0,0,0
2020-02-03,Siskiyou,093,43540,0,0,0,0,0
2020-02-03,Solano,095,438530,0,0,0,0,0
2020-02-03,Sonoma,097,501317,0,0,0,0,0
2020-02-03,Stanislaus,099,539301,0,0,0,0,0
2020-02-03,Sutter,101,95872,0,0,0,0,0
2020-02-03,Tehama,103,63373,0,0,0,0,0
2020-02-03,Trinity,105,12862,0,0,0,0,0
2020-02-03,Tulare,107,460477,2,0,0,0,0
2020-02-03,Tuolumne,109,53932,0,0,0,0,0
2020-02-03,Ventura,111,848112,0,0,0,0,0
2020-02-03,Yolo,113,214977,1,0,0,0,0
2020-02-03,Yuba,115,75493,0,0,0,0,0
2020-02-02,Alameda,001,1643700,3,0,0,0,0
2020-02-02,Alpine,003,1148,0,0,0,0,0
2020-02-02,Amador,005,37829,0,0,0,0,0
2020-02-02,Butte,007,227075,0,0,0,0,0
2020-02-02,Calaveras,009,45235,0,0,0,0,0
2020-02-02,Colusa,011,21464,0,0,0,0,0
2020-02-02,Contra Costa,013,1133247,1,0,0,0,0
2020-02-02,Del Norte,015,27424,0,0,0,0,0
2020-02-02,El Dorado,017,186661,0,0,0,0,0
2020-02-02,Fresno,019,978130,0,0,0,0,0
2020-02-02,Glenn,021,27897,0,0,0,0,0
2020-02-02,Humboldt,023,135768,0,0,0,0,0
2020-02-02,Imperial,025,180216,1,0,0,0,0
2020-02-02,Inyo,027,18085,0,0,0,0,0
2020-02-02,Kern,029,883053,0,0,0,0,0
2020-02-02,Kings,031,150075,0,0,0,0,0
2020-02-02,Lake,033,64148,0,0,0,0,0
2020-02-02,Lassen,035,31185,0,0,0,0,0
2020-02-02,Los Angeles,037,10098052,13,1,0,1,0
2020-02-02,Madera,039,155013,0,0,0,0,0
2020-02-02,Marin,041,260295,0,0,0,0,0
2020-02-02,Mariposa,043,17540,0,0,0,0,0
2020-02-02,Mendocino,045,87422,0,0,0,0,0
2020-02-02,Merced,047,269075,0,0,0,0,0
2020-02-02,Modoc,049,8938,0,0,0,0,0
2020-02-02,Mono,051,14174,0,0,0,0,0
2020-02-02,Monterey,053,433212,0,0,0,0,0
2020-02-02,Napa,055,140530,0,0,0,0,0
2020-02-02,Nevada,057,99092,0,0,0,0,0
2020-02-02,Orange,059,3164182,3,1,0,1,0
2020-02-02,Placer,061,380077,0,0,0,0,0
2020-02-02,Plumas,063,18699,0,0,0,0,0
2020-02-02,Riverside,065,2383286,3,0,0,0,0
2020-02-02,Sacramento,067,1510023,0,0,0,0,0
2020-02-02,San Benito,069,59416,0,2,0,2,0
2020-02-02,San Bernardino,071,2135413,2,0,0,0,0
2020-02-02,San Diego,073,3302833,0,0,0,0,0
2020-02-02,San Francisco,075,870044,1,0,0,0,0
2020-02-02,San Joaquin,077,732212,0,0,1,1,0
2020-02-02,San Luis Obispo,079,281455,0,0,0,0,0
2020-02-02,San Mateo,081,765935,0,0,0,0,0
2020-02-02,Santa Barbara,083,443738,0,0,0,0,0
2020-02-02,Santa Clara,085,1922200,2,2,0,2,0
2020-02-02,Santa Cruz,087,273765,0,0,0,0,0
2020-02-02,Shasta,089,179085,0,0,0,0,0
2020-02-02,Sierra,091,2930,0,0,0,0,0
2020-02-02,Siskiyou,093,43540,0,0,0,0,0
2020-02-02,Solano,095,438530,0,0,0,0,0
2020-02-02,Sonoma,097,501317,0,0,0,0,0
2020-02-02,Stanislaus,099,539301,0,0,0,0,0
2020-02-02,Sutter,101,95872,0,0,0,0,0
2020-02-02,Tehama,103,63373,0,0,0,0,0
2020-02-02,Trinity,105,12862,0,0,0,0,0
2020-02-02,Tulare,107,460477,2,0,0,0,0
2020-02-02,Tuolumne,109,53932,0,0,0,0,0
2020-02-02,Ventura,111,848112,0,0,0,0,0
2020-02-02,Yolo,113,214977,1,0,0,0,0
2020-02-02,Yuba,115,75493,0,0,0,0,0
2020-02-01,Alameda,001,1643700,3,0,0,0,0
2020-02-01,Alpine,003,1148,0,0,0,0,0
2020-02-01,Amador,005,37829,0,0,0,0,0
2020-02-01,Butte,007,227075,0,0,0,0,0
2020-02-01,Calaveras,009,45235,0,0,0,0,0
2020-02-01,Colusa,011,21464,0,0,0,0,0
2020-02-01,Contra Costa,013,1133247,0,0,0,0,0
2020-02-01,Del Norte,015,27424,0,0,0,0,0
2020-02-01,El Dorado,017,186661,0,0,0,0,0
2020-02-01,Fresno,019,978130,0,0,0,0,0
2020-02-01,Glenn,021,27897,0,0,0,0,0
2020-02-01,Humboldt,023,135768,0,0,0,0,0
2020-02-01,Imperial,025,180216,0,0,0,0,0
2020-02-01,Inyo,027,18085,0,0,0,0,0
2020-02-01,Kern,029,883053,0,0,0,0,0
2020-02-01,Kings,031,150075,0,0,0,0,0
2020-02-01,Lake,033,64148,0,0,0,0,0
2020-02-01,Lassen,035,31185,0,0,0,0,0
2020-02-01,Los Angeles,037,10098052,12,1,0,1,0
2020-02-01,Madera,039,155013,0,0,0,0,0
2020-02-01,Marin,041,260295,0,0,0,0,0
2020-02-01,Mariposa,043,17540,0,0,0,0,0
2020-02-01,Mendocino,045,87422,0,0,0,0,0
2020-02-01,Merced,047,269075,0,0,0,0,0
2020-02-01,Modoc,049,8938,0,0,0,0,0
2020-02-01,Mono,051,14174,0,0,0,0,0
2020-02-01,Monterey,053,433212,0,0,0,0,0
2020-02-01,Napa,055,140530,0,0,0,0,0
2020-02-01,Nevada,057,99092,0,0,0,0,0
2020-02-01,Orange,059,3164182,3,1,0,1,0
2020-02-01,Placer,061,380077,0,0,0,0,0
2020-02-01,Plumas,063,18699,0,0,0,0,0
2020-02-01,Riverside,065,2383286,2,0,0,0,0
2020-02-01,Sacramento,067,1510023,0,0,0,0,0
2020-02-01,San Benito,069,59416,0,0,0,0,0
2020-02-01,San Bernardino,071,2135413,1,0,0,0,0
2020-02-01,San Diego,073,3302833,0,0,0,0,0
2020-02-01,San Francisco,075,870044,1,0,0,0,0
2020-02-01,San Joaquin,077,732212,0,0,1,1,0
2020-02-01,San Luis Obispo,079,281455,0,0,0,0,0
2020-02-01,San Mateo,081,765935,0,0,0,0,0
2020-02-01,Santa Barbara,083,443738,0,0,0,0,0
2020-02-01,Santa Clara,085,1922200,2,1,0,1,0
2020-02-01,Santa Cruz,087,273765,0,0,0,0,0
2020-02-01,Shasta,089,179085,0,0,0,0,0
2020-02-01,Sierra,091,2930,0,0,0,0,0
2020-02-01,Siskiyou,093,43540,0,0,0,0,0
2020-02-01,Solano,095,438530,0,0,0,0,0
2020-02-01,Sonoma,097,501317,0,0,0,0,0
2020-02-01,Stanislaus,099,539301,0,0,0,0,0
2020-02-01,Sutter,101,95872,0,0,0,0,0
2020-02-01,Tehama,103,63373,0,0,0,0,0
2020-02-01,Trinity,105,12862,0,0,0,0,0
2020-02-01,Tulare,107,460477,1,0,0,0,0
2020-02-01,Tuolumne,109,53932,0,0,0,0,0
2020-02-01,Ventura,111,848112,0,0,0,0,0
2020-02-01,Yolo,113,214977,0,0,0,0,0
2020-02-01,Yuba,115,75493,0,0,0,0,0
