date,county,fips,population,confirmed_cases,reported_cases,probable_cases,reported_and_probable_cases,reported_deaths
2021-12-20,Alameda,001,1643700,125755,125762,3215,128977,1515
2021-12-20,Alpine,003,1148,112,112,0,112,0
2021-12-20,Amador,005,37829,5836,5838,77,5915,70
2021-12-20,Butte,007,227075,22029,22030,4022,26052,329
2021-12-20,Calaveras,009,45235,4569,4569,71,4640,91
2021-12-20,Colusa,011,21464,2643,2644,706,3350,21
2021-12-20,Contra Costa,013,1133247,104049,104051,2496,106547,1068
2021-12-20,Del Norte,015,27424,3792,3792,59,3851,43
2021-12-20,El Dorado,017,186661,17082,17083,1858,18941,172
2021-12-20,Fresno,019,978130,147605,147605,12885,160490,2341
2021-12-20,Glenn,021,27897,3597,3597,1044,4641,39
2021-12-20,Humboldt,023,135768,9971,9973,755,10728,118
2021-12-20,Imperial,025,180216,36530,36532,4023,40555,792
2021-12-20,Inyo,027,18085,2615,2615,36,2651,47
2021-12-20,Kern,029,883053,134197,134203,24895,159098,1883
2021-12-20,Kings,031,150075,33896,33898,2212,36110,376
2021-12-20,Lake,033,64148,7000,6999,168,7167,116
2021-12-20,Lassen,035,31185,7065,7065,451,7516,55
2021-12-20,Los Angeles,037,10098052,1495086,1495251,59983,1555234,27188
2021-12-20,Madera,039,155013,24666,24668,2276,26944,313
2021-12-20,Marin,041,260295,18743,18747,579,19326,249
2021-12-20,Mariposa,043,17540,1479,1479,54,1533,6
2021-12-20,Mendocino,045,87422,8264,8264,691,8955,96
2021-12-20,Merced,047,269075,44069,44071,2096,46167,687
2021-12-20,Modoc,049,8938,595,595,204,799,6
2021-12-20,Mono,051,14174,1973,1973,20,1993,4
2021-12-20,Monterey,053,433212,49556,49556,4486,54042,636
2021-12-20,Napa,055,140530,13670,13672,130,13802,107
2021-12-20,Nevada,057,99092,10074,10079,363,10442,109
2021-12-20,Orange,059,3164182,320234,320235,16861,337096,5852
2021-12-20,Placer,061,380077,39577,39579,4067,43646,485
2021-12-20,Plumas,063,18699,1971,1971,59,2030,12
2021-12-20,Riverside,065,2383286,381791,381841,17652,399493,5452
2021-12-20,Sacramento,067,1510023,168152,168153,5415,173568,2414
2021-12-20,San Benito,069,59416,7933,7934,196,8130,79
2021-12-20,San Bernardino,071,2135413,373840,373881,12350,386231,6023
2021-12-20,San Diego,073,3302833,401483,401483,23007,424490,4412
2021-12-20,San Francisco,075,870044,56653,56661,2933,59594,681
2021-12-20,San Joaquin,077,732212,104182,104188,5898,110086,1865
2021-12-20,San Luis Obispo,079,281455,31062,31075,1394,32469,365
2021-12-20,San Mateo,081,765935,56241,56247,1973,58220,581
2021-12-20,Santa Barbara,083,443738,47123,47131,1791,48922,562
2021-12-20,Santa Clara,085,1922200,155411,155427,1788,157215,1950
2021-12-20,Santa Cruz,087,273765,21987,21989,1135,23124,227
2021-12-20,Shasta,089,179085,22886,22888,3837,26725,429
2021-12-20,Sierra,091,2930,201,201,23,224,0
2021-12-20,Siskiyou,093,43540,3453,3453,1431,4884,59
2021-12-20,Solano,095,438530,47383,47394,1325,48719,370
2021-12-20,Sonoma,097,501317,43976,43982,601,44583,408
2021-12-20,Stanislaus,099,539301,83091,83110,9653,92763,1331
2021-12-20,Sutter,101,95872,14475,14480,422,14902,190
2021-12-20,Tehama,103,63373,8842,8840,1600,10440,136
2021-12-20,Trinity,105,12862,826,826,208,1034,17
2021-12-20,Tulare,107,460477,71125,71124,17209,88333,1129
2021-12-20,Tuolumne,109,53932,7867,7867,111,7978,91
2021-12-20,Ventura,111,848112,102451,102452,4639,107091,1203
2021-12-20,Yolo,113,214977,20902,20903,1326,22229,267
2021-12-20,Yuba,115,75493,10654,10656,420,11076,97
2021-12-19,Alameda,001,1643700,125755,125464,3215,128679,1519
2021-12-19,Alpine,003,1148,112,112,0,112,0
2021-12-19,Amador,005,37829,5836,5832,77,5909,70
2021-12-19,Butte,007,227075,22029,22022,4022,26044,329
2021-12-19,Calaveras,009,45235,4569,4563,71,4634,91
2021-12-19,Colusa,011,21464,2643,2643,706,3349,21
2021-12-19,Contra Costa,013,1133247,104049,103906,2496,106402,1068
2021-12-19,Del Norte,015,27424,3792,3797,59,3856,43
2021-12-19,El Dorado,017,186661,17082,17067,1858,18925,172
2021-12-19,Fresno,019,978130,147605,147505,12885,160390,2341
2021-12-19,Glenn,021,27897,3597,3596,1044,4640,39
2021-12-19,Humboldt,023,135768,9971,9957,755,10712,118
2021-12-19,Imperial,025,180216,36530,36501,4023,40524,792
2021-12-19,Inyo,027,18085,2615,2613,36,2649,47
2021-12-19,Kern,029,883053,134197,134136,24895,159031,1883
2021-12-19,Kings,031,150075,33896,33874,2212,36086,378
2021-12-19,Lake,033,64148,7000,6999,168,7167,116
2021-12-19,Lassen,035,31185,7065,7065,451,7516,55
2021-12-19,Los Angeles,037,10098052,1495086,1495082,59983,1555065,27189
2021-12-19,Madera,039,155013,24666,24642,2276,26918,313
2021-12-19,Marin,041,260295,18743,18707,579,19286,249
2021-12-19,Mariposa,043,17540,1479,1475,54,1529,6
2021-12-19,Mendocino,045,87422,8264,8257,691,8948,96
2021-12-19,Merced,047,269075,44069,44045,2096,46141,687
2021-12-19,Modoc,049,8938,595,595,204,799,6
2021-12-19,Mono,051,14174,1973,1968,20,1988,4
2021-12-19,Monterey,053,433212,49556,49516,4486,54002,636
2021-12-19,Napa,055,140530,13670,13659,130,13789,107
2021-12-19,Nevada,057,99092,10074,10057,363,10420,109
2021-12-19,Orange,059,3164182,320234,319615,16861,336476,5852
2021-12-19,Placer,061,380077,39577,39525,4067,43592,485
2021-12-19,Plumas,063,18699,1971,1971,59,2030,12
2021-12-19,Riverside,065,2383286,381791,381305,17652,398957,5452
2021-12-19,Sacramento,067,1510023,168152,167933,5415,173348,2415
2021-12-19,San Benito,069,59416,7933,7929,196,8125,79
2021-12-19,San Bernardino,071,2135413,373840,373480,12350,385830,6023
2021-12-19,San Diego,073,3302833,401483,398197,23007,421204,4406
2021-12-19,San Francisco,075,870044,56653,56358,2933,59291,681
2021-12-19,San Joaquin,077,732212,104182,104125,5898,110023,1865
2021-12-19,San Luis Obispo,079,281455,31062,31035,1394,32429,366
2021-12-19,San Mateo,081,765935,56241,56132,1973,58105,581
2021-12-19,Santa Barbara,083,443738,47123,47070,1791,48861,562
2021-12-19,Santa Clara,085,1922200,155411,155049,1788,156837,1950
2021-12-19,Santa Cruz,087,273765,21987,21960,1135,23095,227
2021-12-19,Shasta,089,179085,22886,22875,3837,26712,429
2021-12-19,Sierra,091,2930,201,201,23,224,0
2021-12-19,Siskiyou,093,43540,3453,3452,1431,4883,59
2021-12-19,Solano,095,438530,47383,47341,1325,48666,370
2021-12-19,Sonoma,097,501317,43976,43944,601,44545,408
2021-12-19,Stanislaus,099,539301,83091,83040,9653,92693,1331
2021-12-19,Sutter,101,95872,14475,14475,422,14897,190
2021-12-19,Tehama,103,63373,8842,8840,1600,10440,136
2021-12-19,Trinity,105,12862,826,826,208,1034,17
2021-12-19,Tulare,107,460477,71125,71085,17209,88294,1129
2021-12-19,Tuolumne,109,53932,7867,7865,111,7976,91
2021-12-19,Ventura,111,848112,102451,102170,4639,106809,1203
2021-12-19,Yolo,113,214977,20902,20887,1326,22213,267
2021-12-19,Yuba,115,75493,10654,10646,420,11066,97
2021-12-18,Alameda,001,1643700,125740,124583,3215,127798,1512
2021-12-18,Alpine,003,1148,112,110,0,110,0
2021-12-18,Amador,005,37829,5834,5821,77,5898,69
2021-12-18,Butte,007,227075,22029,21956,4022,25978,328
2021-12-18,Calaveras,009,45235,4566,4534,71,4605,91
2021-12-18,Colusa,011,21464,2643,2635,706,3341,21
2021-12-18,Contra Costa,013,1133247,104041,103380,2496,105876,1065
2021-12-18,Del Norte,015,27424,3792,3791,59,3850,43
2021-12-18,El Dorado,017,186661,17078,16968,1858,18826,171
2021-12-18,Fresno,019,978130,147591,147038,12885,159923,2335
2021-12-18,Glenn,021,27897,3596,3590,1044,4634,39
2021-12-18,Humboldt,023,135768,9970,9889,755,10644,118
2021-12-18,Imperial,025,180216,36517,36280,4023,40303,790
2021-12-18,Inyo,027,18085,2614,2607,36,2643,47
2021-12-18,Kern,029,883053,134188,133754,24895,158649,1873
2021-12-18,Kings,031,150075,33882,33783,2212,35995,374
2021-12-18,Lake,033,64148,7000,6976,168,7144,115
2021-12-18,Lassen,035,31185,7065,7061,451,7512,55
2021-12-18,Los Angeles,037,10098052,1495078,1484840,59983,1544823,27135
2021-12-18,Madera,039,155013,24665,24575,2276,26851,313
2021-12-18,Marin,041,260295,18736,18537,579,19116,249
2021-12-18,Mariposa,043,17540,1479,1468,54,1522,6
2021-12-18,Mendocino,045,87422,8258,8219,691,8910,95
2021-12-18,Merced,047,269075,44066,43929,2096,46025,686
2021-12-18,Modoc,049,8938,595,595,204,799,6
2021-12-18,Mono,051,14174,1972,1956,20,1976,4
2021-12-18,Monterey,053,433212,49552,49343,4486,53829,635
2021-12-18,Napa,055,140530,13669,13581,130,13711,107
2021-12-18,Nevada,057,99092,10073,9991,363,10354,108
2021-12-18,Orange,059,3164182,320169,318149,16861,335010,5844
2021-12-18,Placer,061,380077,39566,39336,4067,43403,485
2021-12-18,Plumas,063,18699,1971,1964,59,2023,13
2021-12-18,Riverside,065,2383286,381767,379354,17652,397006,5439
2021-12-18,Sacramento,067,1510023,168128,167046,5415,172461,2404
2021-12-18,San Benito,069,59416,7932,7894,196,8090,79
2021-12-18,San Bernardino,071,2135413,373808,371658,12350,384008,6017
2021-12-18,San Diego,073,3302833,401350,397130,23007,420137,4399
2021-12-18,San Francisco,075,870044,56629,55562,2933,58495,679
2021-12-18,San Joaquin,077,732212,104170,103698,5898,109596,1858
2021-12-18,San Luis Obispo,079,281455,31056,30873,1394,32267,365
2021-12-18,San Mateo,081,765935,56234,55730,1973,57703,580
2021-12-18,Santa Barbara,083,443738,47109,46776,1791,48567,562
2021-12-18,Santa Clara,085,1922200,155386,154243,1788,156031,1946
2021-12-18,Santa Cruz,087,273765,21986,21805,1135,22940,225
2021-12-18,Shasta,089,179085,22886,22811,3837,26648,429
2021-12-18,Sierra,091,2930,201,199,23,222,0
2021-12-18,Siskiyou,093,43540,3453,3441,1431,4872,58
2021-12-18,Solano,095,438530,47378,47174,1325,48499,369
2021-12-18,Sonoma,097,501317,43975,43658,601,44259,407
2021-12-18,Stanislaus,099,539301,83079,82736,9653,92389,1330
2021-12-18,Sutter,101,95872,14471,14435,422,14857,190
2021-12-18,Tehama,103,63373,8842,8814,1600,10414,136
2021-12-18,Trinity,105,12862,826,823,208,1031,17
2021-12-18,Tulare,107,460477,71116,70922,17209,88131,1120
2021-12-18,Tuolumne,109,53932,7865,7834,111,7945,91
2021-12-18,Ventura,111,848112,102433,101612,4639,106251,1201
2021-12-18,Yolo,113,214977,20901,20793,1326,22119,267
2021-12-18,Yuba,115,75493,10650,10599,420,11019,96
2021-12-17,Alameda,001,1643700,125606,124583,3215,127798,1512
2021-12-17,Alpine,003,1148,112,110,0,110,0
2021-12-17,Amador,005,37829,5834,5821,77,5898,69
2021-12-17,Butte,007,227075,22020,21956,4022,25978,328
2021-12-17,Calaveras,009,45235,4564,4534,71,4605,91
2021-12-17,Colusa,011,21464,2643,2635,706,3341,21
2021-12-17,Contra Costa,013,1133247,103970,103380,2496,105876,1065
2021-12-17,Del Norte,015,27424,3792,3791,59,3850,43
2021-12-17,El Dorado,017,186661,17075,16968,1858,18826,171
2021-12-17,Fresno,019,978130,147549,147038,12885,159923,2335
2021-12-17,Glenn,021,27897,3595,3590,1044,4634,39
2021-12-17,Humboldt,023,135768,9966,9889,755,10644,118
2021-12-17,Imperial,025,180216,36498,36280,4023,40303,790
2021-12-17,Inyo,027,18085,2613,2607,36,2643,47
2021-12-17,Kern,029,883053,134174,133754,24895,158649,1873
2021-12-17,Kings,031,150075,33876,33783,2212,35995,374
2021-12-17,Lake,033,64148,6999,6976,168,7144,115
2021-12-17,Lassen,035,31185,7064,7061,451,7512,55
2021-12-17,Los Angeles,037,10098052,1494889,1484840,59983,1544823,27135
2021-12-17,Madera,039,155013,24660,24575,2276,26851,313
2021-12-17,Marin,041,260295,18720,18537,579,19116,249
2021-12-17,Mariposa,043,17540,1478,1468,54,1522,6
2021-12-17,Mendocino,045,87422,8254,8219,691,8910,95
2021-12-17,Merced,047,269075,44056,43929,2096,46025,686
2021-12-17,Modoc,049,8938,595,595,204,799,6
2021-12-17,Mono,051,14174,1967,1956,20,1976,4
2021-12-17,Monterey,053,433212,49524,49343,4486,53829,635
2021-12-17,Napa,055,140530,13666,13581,130,13711,107
2021-12-17,Nevada,057,99092,10073,9991,363,10354,108
2021-12-17,Orange,059,3164182,319988,318149,16861,335010,5844
2021-12-17,Placer,061,380077,39549,39336,4067,43403,485
2021-12-17,Plumas,063,18699,1971,1964,59,2023,13
2021-12-17,Riverside,065,2383286,381524,379354,17652,397006,5439
2021-12-17,Sacramento,067,1510023,168033,167046,5415,172461,2404
2021-12-17,San Benito,069,59416,7930,7894,196,8090,79
2021-12-17,San Bernardino,071,2135413,373597,371658,12350,384008,6017
2021-12-17,San Diego,073,3302833,400813,397130,23007,420137,4399
2021-12-17,San Francisco,075,870044,56521,55562,2933,58495,679
2021-12-17,San Joaquin,077,732212,104146,103698,5898,109596,1858
2021-12-17,San Luis Obispo,079,281455,31047,30873,1394,32267,365
2021-12-17,San Mateo,081,765935,56184,55730,1973,57703,580
2021-12-17,Santa Barbara,083,443738,47060,46776,1791,48567,562
2021-12-17,Santa Clara,085,1922200,155182,154243,1788,156031,1946
2021-12-17,Santa Cruz,087,273765,21972,21805,1135,22940,225
2021-12-17,Shasta,089,179085,22885,22811,3837,26648,429
2021-12-17,Sierra,091,2930,201,199,23,222,0
2021-12-17,Siskiyou,093,43540,3452,3441,1431,4872,58
2021-12-17,Solano,095,438530,47355,47174,1325,48499,369
2021-12-17,Sonoma,097,501317,43961,43658,601,44259,407
2021-12-17,Stanislaus,099,539301,83057,82736,9653,92389,1330
2021-12-17,Sutter,101,95872,14462,14435,422,14857,190
2021-12-17,Tehama,103,63373,8842,8814,1600,10414,136
2021-12-17,Trinity,105,12862,826,823,208,1031,17
2021-12-17,Tulare,107,460477,71107,70922,17209,88131,1120
2021-12-17,Tuolumne,109,53932,7861,7834,111,7945,91
2021-12-17,Ventura,111,848112,102328,101612,4639,106251,1201
2021-12-17,Yolo,113,214977,20890,20793,1326,22119,267
2021-12-17,Yuba,115,75493,10646,10599,420,11019,96
2021-12-16,Alameda,001,1643700,125342,124583,3215,127798,1512
2021-12-16,Alpine,003,1148,111,110,0,110,0
2021-12-16,Amador,005,37829,5829,5821,77,5898,69
2021-12-16,Butte,007,227075,22002,21956,4022,25978,328
2021-12-16,Calaveras,009,45235,4555,4534,71,4605,91
2021-12-16,Colusa,011,21464,2642,2635,706,3341,21
2021-12-16,Contra Costa,013,1133247,103823,103380,2496,105876,1065
2021-12-16,Del Norte,015,27424,3791,3791,59,3850,43
2021-12-16,El Dorado,017,186661,17049,16968,1858,18826,171
2021-12-16,Fresno,019,978130,147433,147038,12885,159923,2335
2021-12-16,Glenn,021,27897,3594,3590,1044,4634,39
2021-12-16,Humboldt,023,135768,9944,9889,755,10644,118
2021-12-16,Imperial,025,180216,36450,36280,4023,40303,790
2021-12-16,Inyo,027,18085,2611,2607,36,2643,47
2021-12-16,Kern,029,883053,134106,133754,24895,158649,1873
2021-12-16,Kings,031,150075,33856,33783,2212,35995,374
2021-12-16,Lake,033,64148,6998,6976,168,7144,115
2021-12-16,Lassen,035,31185,7064,7061,451,7512,55
2021-12-16,Los Angeles,037,10098052,1492799,1484840,59983,1544823,27135
2021-12-16,Madera,039,155013,24629,24575,2276,26851,313
2021-12-16,Marin,041,260295,18679,18537,579,19116,249
2021-12-16,Mariposa,043,17540,1475,1468,54,1522,6
2021-12-16,Mendocino,045,87422,8251,8219,691,8910,95
2021-12-16,Merced,047,269075,44029,43929,2096,46025,686
2021-12-16,Modoc,049,8938,595,595,204,799,6
2021-12-16,Mono,051,14174,1960,1956,20,1976,4
2021-12-16,Monterey,053,433212,49474,49343,4486,53829,635
2021-12-16,Napa,055,140530,13647,13581,130,13711,107
2021-12-16,Nevada,057,99092,10045,9991,363,10354,108
2021-12-16,Orange,059,3164182,319493,318149,16861,335010,5844
2021-12-16,Placer,061,380077,39502,39336,4067,43403,485
2021-12-16,Plumas,063,18699,1971,1964,59,2023,13
2021-12-16,Riverside,065,2383286,380904,379354,17652,397006,5439
2021-12-16,Sacramento,067,1510023,167842,167046,5415,172461,2404
2021-12-16,San Benito,069,59416,7927,7894,196,8090,79
2021-12-16,San Bernardino,071,2135413,373108,371658,12350,384008,6017
2021-12-16,San Diego,073,3302833,400055,397130,23007,420137,4399
2021-12-16,San Francisco,075,870044,56278,55562,2933,58495,679
2021-12-16,San Joaquin,077,732212,104064,103698,5898,109596,1858
2021-12-16,San Luis Obispo,079,281455,30989,30873,1394,32267,365
2021-12-16,San Mateo,081,765935,56076,55730,1973,57703,580
2021-12-16,Santa Barbara,083,443738,46984,46776,1791,48567,562
2021-12-16,Santa Clara,085,1922200,154953,154243,1788,156031,1946
2021-12-16,Santa Cruz,087,273765,21939,21805,1135,22940,225
2021-12-16,Shasta,089,179085,22873,22811,3837,26648,429
2021-12-16,Sierra,091,2930,201,199,23,222,0
2021-12-16,Siskiyou,093,43540,3449,3441,1431,4872,58
2021-12-16,Solano,095,438530,47310,47174,1325,48499,369
2021-12-16,Sonoma,097,501317,43885,43658,601,44259,407
2021-12-16,Stanislaus,099,539301,82988,82736,9653,92389,1330
2021-12-16,Sutter,101,95872,14453,14435,422,14857,190
2021-12-16,Tehama,103,63373,8838,8814,1600,10414,136
2021-12-16,Trinity,105,12862,826,823,208,1031,17
2021-12-16,Tulare,107,460477,71071,70922,17209,88131,1120
2021-12-16,Tuolumne,109,53932,7849,7834,111,7945,91
2021-12-16,Ventura,111,848112,102151,101612,4639,106251,1201
2021-12-16,Yolo,113,214977,20861,20793,1326,22119,267
2021-12-16,Yuba,115,75493,10633,10599,420,11019,96
2021-12-15,Alameda,001,1643700,125051,124342,3215,127557,1509
2021-12-15,Alpine,003,1148,111,109,0,109,0
2021-12-15,Amador,005,37829,5826,5810,77,5887,69
2021-12-15,Butte,007,227075,21989,21922,4022,25944,327
2021-12-15,Calaveras,009,45235,4551,4523,71,4594,89
2021-12-15,Colusa,011,21464,2638,2632,706,3338,21
2021-12-15,Contra Costa,013,1133247,103644,103236,2496,105732,1064
2021-12-15,Del Norte,015,27424,3790,3789,59,3848,43
2021-12-15,El Dorado,017,186661,17032,16936,1858,18794,171
2021-12-15,Fresno,019,978130,147316,146859,12885,159744,2319
2021-12-15,Glenn,021,27897,3594,3589,1044,4633,39
2021-12-15,Humboldt,023,135768,9930,9854,755,10609,118
2021-12-15,Imperial,025,180216,36395,36187,4023,40210,789
2021-12-15,Inyo,027,18085,2610,2606,36,2642,47
2021-12-15,Kern,029,883053,133986,133590,24895,158485,1866
2021-12-15,Kings,031,150075,33837,33716,2212,35928,374
2021-12-15,Lake,033,64148,6993,6968,168,7136,115
2021-12-15,Lassen,035,31185,7064,7062,451,7513,55
2021-12-15,Los Angeles,037,10098052,1489646,1482735,59983,1542718,27116
2021-12-15,Madera,039,155013,24612,24549,2276,26825,313
2021-12-15,Marin,041,260295,18649,18514,579,19093,249
2021-12-15,Mariposa,043,17540,1473,1463,54,1517,6
2021-12-15,Mendocino,045,87422,8243,8209,691,8900,95
2021-12-15,Merced,047,269075,43990,43890,2096,45986,685
2021-12-15,Modoc,049,8938,595,595,204,799,6
2021-12-15,Mono,051,14174,1958,1955,20,1975,4
2021-12-15,Monterey,053,433212,49428,49279,4486,53765,635
2021-12-15,Napa,055,140530,13629,13557,130,13687,107
2021-12-15,Nevada,057,99092,10029,9958,363,10321,107
2021-12-15,Orange,059,3164182,319002,317808,16861,334669,5838
2021-12-15,Placer,061,380077,39462,39264,4067,43331,485
2021-12-15,Plumas,063,18699,1970,1957,59,2016,12
2021-12-15,Riverside,065,2383286,380355,378769,17652,396421,5438
2021-12-15,Sacramento,067,1510023,167560,166793,5415,172208,2401
2021-12-15,San Benito,069,59416,7915,7877,196,8073,79
2021-12-15,San Bernardino,071,2135413,372683,371122,12350,383472,6013
2021-12-15,San Diego,073,3302833,399128,396546,23007,419553,4395
2021-12-15,San Francisco,075,870044,56075,55414,2933,58347,679
2021-12-15,San Joaquin,077,732212,103945,103579,5898,109477,1853
2021-12-15,San Luis Obispo,079,281455,30949,30784,1394,32178,365
2021-12-15,San Mateo,081,765935,55990,55657,1973,57630,580
2021-12-15,Santa Barbara,083,443738,46923,46681,1791,48472,562
2021-12-15,Santa Clara,085,1922200,154763,153928,1788,155716,1944
2021-12-15,Santa Cruz,087,273765,21906,21753,1135,22888,225
2021-12-15,Shasta,089,179085,22858,22778,3837,26615,427
2021-12-15,Sierra,091,2930,201,199,23,222,0
2021-12-15,Siskiyou,093,43540,3448,3434,1431,4865,58
2021-12-15,Solano,095,438530,47253,47098,1325,48423,367
2021-12-15,Sonoma,097,501317,43812,43580,601,44181,407
2021-12-15,Stanislaus,099,539301,82905,82628,9653,92281,1298
2021-12-15,Sutter,101,95872,14442,14428,422,14850,189
2021-12-15,Tehama,103,63373,8834,8806,1600,10406,136
2021-12-15,Trinity,105,12862,826,822,208,1030,17
2021-12-15,Tulare,107,460477,71026,70846,17209,88055,1120
2021-12-15,Tuolumne,109,53932,7845,7818,111,7929,91
2021-12-15,Ventura,111,848112,101978,101447,4639,106086,1199
2021-12-15,Yolo,113,214977,20844,20749,1326,22075,267
2021-12-15,Yuba,115,75493,10624,10587,420,11007,96
2021-12-14,Alameda,001,1643700,124846,124272,3215,127487,1506
2021-12-14,Alpine,003,1148,110,109,0,109,0
2021-12-14,Amador,005,37829,5822,5808,77,5885,69
2021-12-14,Butte,007,227075,21966,21901,4022,25923,326
2021-12-14,Calaveras,009,45235,4540,4517,71,4588,89
2021-12-14,Colusa,011,21464,2636,2628,706,3334,21
2021-12-14,Contra Costa,013,1133247,103528,103135,2496,105631,1064
2021-12-14,Del Norte,015,27424,3790,3788,59,3847,43
2021-12-14,El Dorado,017,186661,17014,16915,1858,18773,170
2021-12-14,Fresno,019,978130,147163,146756,12885,159641,2316
2021-12-14,Glenn,021,27897,3592,3589,1044,4633,39
2021-12-14,Humboldt,023,135768,9917,9836,755,10591,118
2021-12-14,Imperial,025,180216,36337,36049,4023,40072,789
2021-12-14,Inyo,027,18085,2610,2601,36,2637,46
2021-12-14,Kern,029,883053,133887,133498,24895,158393,1863
2021-12-14,Kings,031,150075,33811,33693,2212,35905,373
2021-12-14,Lake,033,64148,6985,6961,168,7129,115
2021-12-14,Lassen,035,31185,7064,7061,451,7512,55
2021-12-14,Los Angeles,037,10098052,1486406,1481131,59983,1541114,27099
2021-12-14,Madera,039,155013,24597,24535,2276,26811,313
2021-12-14,Marin,041,260295,18618,18491,579,19070,249
2021-12-14,Mariposa,043,17540,1470,1463,54,1517,6
2021-12-14,Mendocino,045,87422,8229,8206,691,8897,95
2021-12-14,Merced,047,269075,43961,43870,2096,45966,684
2021-12-14,Modoc,049,8938,595,595,204,799,6
2021-12-14,Mono,051,14174,1953,1955,20,1975,4
2021-12-14,Monterey,053,433212,49380,49237,4486,53723,635
2021-12-14,Napa,055,140530,13608,13528,130,13658,107
2021-12-14,Nevada,057,99092,10016,9956,363,10319,106
2021-12-14,Orange,059,3164182,318580,317465,16861,334326,5827
2021-12-14,Placer,061,380077,39406,39221,4067,43288,482
2021-12-14,Plumas,063,18699,1966,1950,59,2009,12
2021-12-14,Riverside,065,2383286,379821,378227,17652,395879,5427
2021-12-14,Sacramento,067,1510023,167298,166605,5415,172020,2394
2021-12-14,San Benito,069,59416,7898,7871,196,8067,79
2021-12-14,San Bernardino,071,2135413,372261,370604,12350,382954,6013
2021-12-14,San Diego,073,3302833,398128,395876,23007,418883,4393
2021-12-14,San Francisco,075,870044,55888,55278,2933,58211,679
2021-12-14,San Joaquin,077,732212,103835,103488,5898,109386,1848
2021-12-14,San Luis Obispo,079,281455,30892,30753,1394,32147,363
2021-12-14,San Mateo,081,765935,55892,55601,1973,57574,580
2021-12-14,Santa Barbara,083,443738,46836,46648,1791,48439,560
2021-12-14,Santa Clara,085,1922200,154566,153814,1788,155602,1945
2021-12-14,Santa Cruz,087,273765,21857,21737,1135,22872,225
2021-12-14,Shasta,089,179085,22843,22756,3837,26593,427
2021-12-14,Sierra,091,2930,200,199,23,222,0
2021-12-14,Siskiyou,093,43540,3447,3430,1431,4861,58
2021-12-14,Solano,095,438530,47215,47065,1325,48390,367
2021-12-14,Sonoma,097,501317,43757,43538,601,44139,407
2021-12-14,Stanislaus,099,539301,82845,82581,9653,92234,1293
2021-12-14,Sutter,101,95872,14439,14421,422,14843,189
2021-12-14,Tehama,103,63373,8831,8805,1600,10405,134
2021-12-14,Trinity,105,12862,826,821,208,1029,17
2021-12-14,Tulare,107,460477,70982,70803,17209,88012,1120
2021-12-14,Tuolumne,109,53932,7840,7815,111,7926,91
2021-12-14,Ventura,111,848112,101790,101343,4639,105982,1199
2021-12-14,Yolo,113,214977,20820,20734,1326,22060,267
2021-12-14,Yuba,115,75493,10614,10574,420,10994,92
2021-12-13,Alameda,001,1643700,124671,124174,3215,127389,1501
2021-12-13,Alpine,003,1148,110,109,0,109,0
2021-12-13,Amador,005,37829,5819,5797,77,5874,69
2021-12-13,Butte,007,227075,21947,21889,4022,25911,326
2021-12-13,Calaveras,009,45235,4531,4507,71,4578,89
2021-12-13,Colusa,011,21464,2634,2627,706,3333,21
2021-12-13,Contra Costa,013,1133247,103425,103041,2496,105537,1064
2021-12-13,Del Norte,015,27424,3787,3787,59,3846,42
2021-12-13,El Dorado,017,186661,16999,16896,1858,18754,170
2021-12-13,Fresno,019,978130,147032,146641,12885,159526,2312
2021-12-13,Glenn,021,27897,3588,3589,1042,4631,37
2021-12-13,Humboldt,023,135768,9904,9821,754,10575,118
2021-12-13,Imperial,025,180216,36276,35974,4023,39997,787
2021-12-13,Inyo,027,18085,2609,2592,36,2628,46
2021-12-13,Kern,029,883053,133787,133381,24888,158269,1863
2021-12-13,Kings,031,150075,33773,33680,2209,35889,372
2021-12-13,Lake,033,64148,6980,6958,168,7126,115
2021-12-13,Lassen,035,31185,7063,7057,451,7508,55
2021-12-13,Los Angeles,037,10098052,1484225,1480195,59956,1540151,27085
2021-12-13,Madera,039,155013,24583,24527,2276,26803,311
2021-12-13,Marin,041,260295,18577,18471,576,19047,249
2021-12-13,Mariposa,043,17540,1467,1462,54,1516,6
2021-12-13,Mendocino,045,87422,8217,8196,691,8887,95
2021-12-13,Merced,047,269075,43933,43848,2092,45940,682
2021-12-13,Modoc,049,8938,595,595,204,799,6
2021-12-13,Mono,051,14174,1953,1952,20,1972,4
2021-12-13,Monterey,053,433212,49345,49222,4484,53706,631
2021-12-13,Napa,055,140530,13598,13518,130,13648,107
2021-12-13,Nevada,057,99092,10008,9946,363,10309,106
2021-12-13,Orange,059,3164182,318264,317112,16861,333973,5824
2021-12-13,Placer,061,380077,39368,39168,4067,43235,481
2021-12-13,Plumas,063,18699,1965,1943,59,2002,12
2021-12-13,Riverside,065,2383286,379398,377728,17650,395378,5414
2021-12-13,Sacramento,067,1510023,167049,166439,5415,171854,2392
2021-12-13,San Benito,069,59416,7889,7856,196,8052,79
2021-12-13,San Bernardino,071,2135413,371886,370274,12350,382624,6011
2021-12-13,San Diego,073,3302833,397458,395266,22979,418245,4389
2021-12-13,San Francisco,075,870044,55699,55245,2932,58177,678
2021-12-13,San Joaquin,077,732212,103745,103449,5896,109345,1846
2021-12-13,San Luis Obispo,079,281455,30845,30746,1393,32139,363
2021-12-13,San Mateo,081,765935,55794,55569,1973,57542,580
2021-12-13,Santa Barbara,083,443738,46763,46608,1791,48399,560
2021-12-13,Santa Clara,085,1922200,154385,153672,1788,155460,1944
2021-12-13,Santa Cruz,087,273765,21827,21698,1135,22833,225
2021-12-13,Shasta,089,179085,22825,22731,3837,26568,426
2021-12-13,Sierra,091,2930,200,199,23,222,0
2021-12-13,Siskiyou,093,43540,3446,3426,1428,4854,57
2021-12-13,Solano,095,438530,47170,47045,1325,48370,365
2021-12-13,Sonoma,097,501317,43700,43492,601,44093,407
2021-12-13,Stanislaus,099,539301,82758,82507,9646,92153,1282
2021-12-13,Sutter,101,95872,14434,14408,422,14830,188
2021-12-13,Tehama,103,63373,8823,8800,1600,10400,134
2021-12-13,Trinity,105,12862,826,820,208,1028,17
2021-12-13,Tulare,107,460477,70937,70758,17208,87966,1114
2021-12-13,Tuolumne,109,53932,7837,7804,111,7915,91
2021-12-13,Ventura,111,848112,101619,101180,4639,105819,1197
2021-12-13,Yolo,113,214977,20789,20706,1326,22032,267
2021-12-13,Yuba,115,75493,10600,10570,420,10990,92
2021-12-12,Alameda,001,1643700,124486,124075,3207,127282,1503
2021-12-12,Alpine,003,1148,110,109,0,109,0
2021-12-12,Amador,005,37829,5813,5797,74,5871,69
2021-12-12,Butte,007,227075,21927,21874,4021,25895,326
2021-12-12,Calaveras,009,45235,4522,4501,69,4570,89
2021-12-12,Colusa,011,21464,2631,2627,704,3331,21
2021-12-12,Contra Costa,013,1133247,103269,102976,2492,105468,1065
2021-12-12,Del Norte,015,27424,3785,3793,58,3851,42
2021-12-12,El Dorado,017,186661,16973,16890,1852,18742,170
2021-12-12,Fresno,019,978130,146887,146518,12877,159395,2310
2021-12-12,Glenn,021,27897,3588,3589,1040,4629,37
2021-12-12,Humboldt,023,135768,9886,9804,748,10552,118
2021-12-12,Imperial,025,180216,36161,35926,3998,39924,787
2021-12-12,Inyo,027,18085,2605,2592,36,2628,46
2021-12-12,Kern,029,883053,133640,133314,24861,158175,1861
2021-12-12,Kings,031,150075,33720,33661,2204,35865,372
2021-12-12,Lake,033,64148,6974,6955,163,7118,115
2021-12-12,Lassen,035,31185,7063,7057,449,7506,55
2021-12-12,Los Angeles,037,10098052,1482036,1479054,59857,1538911,27074
2021-12-12,Madera,039,155013,24565,24493,2274,26767,311
2021-12-12,Marin,041,260295,18528,18451,574,19025,249
2021-12-12,Mariposa,043,17540,1466,1461,54,1515,6
2021-12-12,Mendocino,045,87422,8210,8190,689,8879,95
2021-12-12,Merced,047,269075,43896,43821,2085,45906,682
2021-12-12,Modoc,049,8938,595,595,203,798,6
2021-12-12,Mono,051,14174,1952,1947,20,1967,4
2021-12-12,Monterey,053,433212,49312,49192,4459,53651,631
2021-12-12,Napa,055,140530,13560,13508,128,13636,107
2021-12-12,Nevada,057,99092,9986,9938,363,10301,106
2021-12-12,Orange,059,3164182,317881,316918,16832,333750,5825
2021-12-12,Placer,061,380077,39320,39139,4065,43204,481
2021-12-12,Plumas,063,18699,1961,1942,57,1999,12
2021-12-12,Riverside,065,2383286,378825,377467,17616,395083,5414
2021-12-12,Sacramento,067,1510023,166810,166291,5381,171672,2392
2021-12-12,San Benito,069,59416,7871,7853,196,8049,79
2021-12-12,San Bernardino,071,2135413,371412,369977,12337,382314,6011
2021-12-12,San Diego,073,3302833,396662,393307,22939,416246,4378
2021-12-12,San Francisco,075,870044,55519,55180,2927,58107,678
2021-12-12,San Joaquin,077,732212,103623,103405,5879,109284,1846
2021-12-12,San Luis Obispo,079,281455,30782,30719,1390,32109,363
2021-12-12,San Mateo,081,765935,55719,55505,1969,57474,580
2021-12-12,Santa Barbara,083,443738,46699,46586,1789,48375,560
2021-12-12,Santa Clara,085,1922200,154185,153452,1778,155230,1945
2021-12-12,Santa Cruz,087,273765,21794,21671,1135,22806,225
2021-12-12,Shasta,089,179085,22801,22732,3833,26565,426
2021-12-12,Sierra,091,2930,200,199,23,222,0
2021-12-12,Siskiyou,093,43540,3446,3424,1426,4850,57
2021-12-12,Solano,095,438530,47133,47021,1323,48344,365
2021-12-12,Sonoma,097,501317,43632,43424,600,44024,407
2021-12-12,Stanislaus,099,539301,82673,82460,9634,92094,1282
2021-12-12,Sutter,101,95872,14425,14396,422,14818,189
2021-12-12,Tehama,103,63373,8813,8796,1600,10396,134
2021-12-12,Trinity,105,12862,824,820,208,1028,17
2021-12-12,Tulare,107,460477,70877,70733,17165,87898,1115
2021-12-12,Tuolumne,109,53932,7824,7794,108,7902,91
2021-12-12,Ventura,111,848112,101455,101105,4632,105737,1197
2021-12-12,Yolo,113,214977,20747,20685,1322,22007,267
2021-12-12,Yuba,115,75493,10592,10565,415,10980,92
2021-12-11,Alameda,001,1643700,124394,123572,3200,126772,1496
2021-12-11,Alpine,003,1148,110,109,0,109,0
2021-12-11,Amador,005,37829,5810,5787,74,5861,69
2021-12-11,Butte,007,227075,21917,21819,4020,25839,326
2021-12-11,Calaveras,009,45235,4516,4469,69,4538,89
2021-12-11,Colusa,011,21464,2630,2619,703,3322,21
2021-12-11,Contra Costa,013,1133247,103200,102618,2490,105108,1061
2021-12-11,Del Norte,015,27424,3785,3778,58,3836,42
2021-12-11,El Dorado,017,186661,16956,16796,1852,18648,170
2021-12-11,Fresno,019,978130,146815,145988,12873,158861,2294
2021-12-11,Glenn,021,27897,3588,3585,1039,4624,37
2021-12-11,Humboldt,023,135768,9869,9721,747,10468,118
2021-12-11,Imperial,025,180216,36119,35635,3982,39617,782
2021-12-11,Inyo,027,18085,2601,2576,36,2612,46
2021-12-11,Kern,029,883053,133581,132852,24857,157709,1854
2021-12-11,Kings,031,150075,33707,33530,2202,35732,371
2021-12-11,Lake,033,64148,6973,6932,163,7095,114
2021-12-11,Lassen,035,31185,7063,7049,449,7498,55
2021-12-11,Los Angeles,037,10098052,1481350,1474030,59795,1533825,27031
2021-12-11,Madera,039,155013,24561,24417,2271,26688,311
2021-12-11,Marin,041,260295,18504,18339,570,18909,249
2021-12-11,Mariposa,043,17540,1465,1450,54,1504,6
2021-12-11,Mendocino,045,87422,8207,8130,689,8819,95
2021-12-11,Merced,047,269075,43882,43690,2085,45775,681
2021-12-11,Modoc,049,8938,595,594,203,797,6
2021-12-11,Mono,051,14174,1950,1926,20,1946,4
2021-12-11,Monterey,053,433212,49297,49008,4458,53466,631
2021-12-11,Napa,055,140530,13547,13459,128,13587,107
2021-12-11,Nevada,057,99092,9975,9880,362,10242,106
2021-12-11,Orange,059,3164182,317685,315759,16800,332559,5805
2021-12-11,Placer,061,380077,39273,38959,4060,43019,481
2021-12-11,Plumas,063,18699,1958,1934,57,1991,12
2021-12-11,Riverside,065,2383286,378475,375649,17607,393256,5408
2021-12-11,Sacramento,067,1510023,166706,165530,5373,170903,2386
2021-12-11,San Benito,069,59416,7858,7808,196,8004,79
2021-12-11,San Bernardino,071,2135413,371133,368145,12333,380478,6007
2021-12-11,San Diego,073,3302833,396293,392274,22915,415189,4374
2021-12-11,San Francisco,075,870044,55393,54869,2922,57791,678
2021-12-11,San Joaquin,077,732212,103576,103013,5876,108889,1842
2021-12-11,San Luis Obispo,079,281455,30772,30567,1389,31956,362
2021-12-11,San Mateo,081,765935,55662,55284,1968,57252,580
2021-12-11,Santa Barbara,083,443738,46669,46309,1789,48098,559
2021-12-11,Santa Clara,085,1922200,154040,152846,1769,154615,1941
2021-12-11,Santa Cruz,087,273765,21773,21557,1135,22692,225
2021-12-11,Shasta,089,179085,22789,22660,3832,26492,419
2021-12-11,Sierra,091,2930,200,199,23,222,0
2021-12-11,Siskiyou,093,43540,3441,3418,1426,4844,57
2021-12-11,Solano,095,438530,47111,46891,1322,48213,365
2021-12-11,Sonoma,097,501317,43589,43227,600,43827,407
2021-12-11,Stanislaus,099,539301,82632,82133,9630,91763,1264
2021-12-11,Sutter,101,95872,14418,14354,422,14776,187
2021-12-11,Tehama,103,63373,8812,8776,1598,10374,134
2021-12-11,Trinity,105,12862,824,819,208,1027,17
2021-12-11,Tulare,107,460477,70846,70523,17158,87681,1103
2021-12-11,Tuolumne,109,53932,7818,7760,108,7868,91
2021-12-11,Ventura,111,848112,101389,100711,4626,105337,1195
2021-12-11,Yolo,113,214977,20728,20608,1322,21930,267
2021-12-11,Yuba,115,75493,10585,10519,415,10934,92
2021-12-10,Alameda,001,1643700,124300,123572,3194,126766,1496
2021-12-10,Alpine,003,1148,109,109,0,109,0
2021-12-10,Amador,005,37829,5802,5787,74,5861,69
2021-12-10,Butte,007,227075,21904,21819,4019,25838,326
2021-12-10,Calaveras,009,45235,4514,4469,69,4538,89
2021-12-10,Colusa,011,21464,2630,2619,703,3322,21
2021-12-10,Contra Costa,013,1133247,103122,102618,2490,105108,1061
2021-12-10,Del Norte,015,27424,3785,3778,58,3836,42
2021-12-10,El Dorado,017,186661,16942,16796,1852,18648,170
2021-12-10,Fresno,019,978130,146741,145988,12867,158855,2294
2021-12-10,Glenn,021,27897,3588,3585,1039,4624,37
2021-12-10,Humboldt,023,135768,9853,9721,747,10468,118
2021-12-10,Imperial,025,180216,36076,35635,3965,39600,782
2021-12-10,Inyo,027,18085,2598,2576,36,2612,46
2021-12-10,Kern,029,883053,133499,132852,24841,157693,1854
2021-12-10,Kings,031,150075,33692,33530,2202,35732,371
2021-12-10,Lake,033,64148,6968,6932,163,7095,114
2021-12-10,Lassen,035,31185,7062,7049,449,7498,55
2021-12-10,Los Angeles,037,10098052,1480578,1474030,59745,1533775,27031
2021-12-10,Madera,039,155013,24546,24417,2271,26688,311
2021-12-10,Marin,041,260295,18484,18339,569,18908,249
2021-12-10,Mariposa,043,17540,1462,1450,54,1504,6
2021-12-10,Mendocino,045,87422,8200,8130,688,8818,95
2021-12-10,Merced,047,269075,43869,43690,2084,45774,681
2021-12-10,Modoc,049,8938,595,594,203,797,6
2021-12-10,Mono,051,14174,1947,1926,20,1946,4
2021-12-10,Monterey,053,433212,49271,49008,4451,53459,631
2021-12-10,Napa,055,140530,13538,13459,128,13587,107
2021-12-10,Nevada,057,99092,9969,9880,362,10242,106
2021-12-10,Orange,059,3164182,317450,315759,16788,332547,5805
2021-12-10,Placer,061,380077,39236,38959,4060,43019,481
2021-12-10,Plumas,063,18699,1956,1934,57,1991,12
2021-12-10,Riverside,065,2383286,378107,375649,17599,393248,5408
2021-12-10,Sacramento,067,1510023,166570,165530,5371,170901,2386
2021-12-10,San Benito,069,59416,7854,7808,196,8004,79
2021-12-10,San Bernardino,071,2135413,370788,368145,12323,380468,6007
2021-12-10,San Diego,073,3302833,395848,392274,22905,415179,4374
2021-12-10,San Francisco,075,870044,55316,54869,2917,57786,678
2021-12-10,San Joaquin,077,732212,103526,103013,5875,108888,1842
2021-12-10,San Luis Obispo,079,281455,30765,30567,1386,31953,362
2021-12-10,San Mateo,081,765935,55609,55284,1959,57243,580
2021-12-10,Santa Barbara,083,443738,46637,46309,1789,48098,559
2021-12-10,Santa Clara,085,1922200,153864,152846,1757,154603,1941
2021-12-10,Santa Cruz,087,273765,21756,21557,1134,22691,225
2021-12-10,Shasta,089,179085,22780,22660,3831,26491,419
2021-12-10,Sierra,091,2930,200,199,23,222,0
2021-12-10,Siskiyou,093,43540,3435,3418,1426,4844,57
2021-12-10,Solano,095,438530,47072,46891,1321,48212,365
2021-12-10,Sonoma,097,501317,43560,43227,599,43826,407
2021-12-10,Stanislaus,099,539301,82574,82133,9626,91759,1264
2021-12-10,Sutter,101,95872,14411,14354,422,14776,187
2021-12-10,Tehama,103,63373,8810,8776,1598,10374,134
2021-12-10,Trinity,105,12862,824,819,208,1027,17
2021-12-10,Tulare,107,460477,70822,70523,17141,87664,1103
2021-12-10,Tuolumne,109,53932,7814,7760,108,7868,91
2021-12-10,Ventura,111,848112,101299,100711,4626,105337,1195
2021-12-10,Yolo,113,214977,20715,20608,1321,21929,267
2021-12-10,Yuba,115,75493,10574,10519,414,10933,92
2021-12-09,Alameda,001,1643700,124190,123572,3192,126764,1496
2021-12-09,Alpine,003,1148,109,109,0,109,0
2021-12-09,Amador,005,37829,5800,5787,74,5861,69
2021-12-09,Butte,007,227075,21887,21819,4017,25836,326
2021-12-09,Calaveras,009,45235,4508,4469,69,4538,89
2021-12-09,Colusa,011,21464,2629,2619,703,3322,21
2021-12-09,Contra Costa,013,1133247,103022,102618,2485,105103,1061
2021-12-09,Del Norte,015,27424,3784,3778,58,3836,42
2021-12-09,El Dorado,017,186661,16915,16796,1847,18643,170
2021-12-09,Fresno,019,978130,146620,145988,12861,158849,2294
2021-12-09,Glenn,021,27897,3588,3585,1039,4624,37
2021-12-09,Humboldt,023,135768,9834,9721,745,10466,118
2021-12-09,Imperial,025,180216,36019,35635,3943,39578,782
2021-12-09,Inyo,027,18085,2596,2576,36,2612,46
2021-12-09,Kern,029,883053,133388,132852,24827,157679,1854
2021-12-09,Kings,031,150075,33669,33530,2201,35731,371
2021-12-09,Lake,033,64148,6961,6932,163,7095,114
2021-12-09,Lassen,035,31185,7060,7049,449,7498,55
2021-12-09,Los Angeles,037,10098052,1479323,1474030,59682,1533712,27031
2021-12-09,Madera,039,155013,24524,24417,2265,26682,311
2021-12-09,Marin,041,260295,18466,18339,566,18905,249
2021-12-09,Mariposa,043,17540,1460,1450,54,1504,6
2021-12-09,Mendocino,045,87422,8187,8130,688,8818,95
2021-12-09,Merced,047,269075,43827,43690,2072,45762,681
2021-12-09,Modoc,049,8938,595,594,203,797,6
2021-12-09,Mono,051,14174,1938,1926,20,1946,4
2021-12-09,Monterey,053,433212,49233,49008,4437,53445,631
2021-12-09,Napa,055,140530,13522,13459,125,13584,107
2021-12-09,Nevada,057,99092,9950,9880,362,10242,106
2021-12-09,Orange,059,3164182,317155,315759,16759,332518,5805
2021-12-09,Placer,061,380077,39196,38959,4053,43012,481
2021-12-09,Plumas,063,18699,1950,1934,56,1990,12
2021-12-09,Riverside,065,2383286,377596,375649,17588,393237,5408
2021-12-09,Sacramento,067,1510023,166367,165530,5353,170883,2386
2021-12-09,San Benito,069,59416,7842,7808,195,8003,79
2021-12-09,San Bernardino,071,2135413,370318,368145,12308,380453,6007
2021-12-09,San Diego,073,3302833,395238,392274,22868,415142,4374
2021-12-09,San Francisco,075,870044,55210,54869,2912,57781,678
2021-12-09,San Joaquin,077,732212,103435,103013,5874,108887,1842
2021-12-09,San Luis Obispo,079,281455,30730,30567,1384,31951,362
2021-12-09,San Mateo,081,765935,55520,55284,1956,57240,580
2021-12-09,Santa Barbara,083,443738,46565,46309,1782,48091,559
2021-12-09,Santa Clara,085,1922200,153628,152846,1745,154591,1941
2021-12-09,Santa Cruz,087,273765,21728,21557,1132,22689,225
2021-12-09,Shasta,089,179085,22766,22660,3828,26488,419
2021-12-09,Sierra,091,2930,200,199,23,222,0
2021-12-09,Siskiyou,093,43540,3431,3418,1426,4844,57
2021-12-09,Solano,095,438530,47041,46891,1320,48211,365
2021-12-09,Sonoma,097,501317,43505,43227,598,43825,407
2021-12-09,Stanislaus,099,539301,82501,82133,9614,91747,1264
2021-12-09,Sutter,101,95872,14397,14354,422,14776,187
2021-12-09,Tehama,103,63373,8805,8776,1595,10371,134
2021-12-09,Trinity,105,12862,824,819,208,1027,17
2021-12-09,Tulare,107,460477,70771,70523,17115,87638,1103
2021-12-09,Tuolumne,109,53932,7805,7760,108,7868,91
2021-12-09,Ventura,111,848112,101156,100711,4618,105329,1195
2021-12-09,Yolo,113,214977,20694,20608,1316,21924,267
2021-12-09,Yuba,115,75493,10566,10519,411,10930,92
2021-12-08,Alameda,001,1643700,124059,123438,3183,126621,1496
2021-12-08,Alpine,003,1148,109,108,0,108,0
2021-12-08,Amador,005,37829,5795,5781,74,5855,69
2021-12-08,Butte,007,227075,21875,21780,4015,25795,326
2021-12-08,Calaveras,009,45235,4502,4455,69,4524,89
2021-12-08,Colusa,011,21464,2626,2619,702,3321,21
2021-12-08,Contra Costa,013,1133247,102906,102506,2480,104986,1058
2021-12-08,Del Norte,015,27424,3783,3767,58,3825,42
2021-12-08,El Dorado,017,186661,16882,16757,1847,18604,170
2021-12-08,Fresno,019,978130,146469,145830,12847,158677,2293
2021-12-08,Glenn,021,27897,3587,3584,1037,4621,37
2021-12-08,Humboldt,023,135768,9816,9704,743,10447,117
2021-12-08,Imperial,025,180216,35949,35537,3919,39456,782
2021-12-08,Inyo,027,18085,2593,2570,36,2606,46
2021-12-08,Kern,029,883053,133271,132709,24808,157517,1846
2021-12-08,Kings,031,150075,33635,33468,2200,35668,371
2021-12-08,Lake,033,64148,6959,6927,160,7087,114
2021-12-08,Lassen,035,31185,7058,7041,447,7488,55
2021-12-08,Los Angeles,037,10098052,1477977,1472410,59585,1531995,27018
2021-12-08,Madera,039,155013,24503,24396,2259,26655,311
2021-12-08,Marin,041,260295,18444,18305,564,18869,249
2021-12-08,Mariposa,043,17540,1459,1447,54,1501,6
2021-12-08,Mendocino,045,87422,8179,8118,687,8805,95
2021-12-08,Merced,047,269075,43798,43631,2064,45695,680
2021-12-08,Modoc,049,8938,595,594,203,797,6
2021-12-08,Mono,051,14174,1937,1924,20,1944,4
2021-12-08,Monterey,053,433212,49184,48957,4413,53370,631
2021-12-08,Napa,055,140530,13509,13421,125,13546,107
2021-12-08,Nevada,057,99092,9934,9862,362,10224,106
2021-12-08,Orange,059,3164182,316803,315421,16726,332147,5795
2021-12-08,Placer,061,380077,39145,38934,4049,42983,478
2021-12-08,Plumas,063,18699,1947,1924,56,1980,12
2021-12-08,Riverside,065,2383286,377113,375099,17567,392666,5404
2021-12-08,Sacramento,067,1510023,166136,165278,5319,170597,2373
2021-12-08,San Benito,069,59416,7833,7793,195,7988,79
2021-12-08,San Bernardino,071,2135413,369890,367516,12290,379806,6006
2021-12-08,San Diego,073,3302833,394612,391676,22833,414509,4369
2021-12-08,San Francisco,075,870044,55130,54792,2907,57699,677
2021-12-08,San Joaquin,077,732212,103334,102877,5865,108742,1841
2021-12-08,San Luis Obispo,079,281455,30674,30519,1379,31898,361
2021-12-08,San Mateo,081,765935,55467,55220,1950,57170,580
2021-12-08,Santa Barbara,083,443738,46511,46250,1778,48028,558
2021-12-08,Santa Clara,085,1922200,153481,152674,1736,154410,1937
2021-12-08,Santa Cruz,087,273765,21691,21505,1131,22636,224
2021-12-08,Shasta,089,179085,22746,22616,3825,26441,419
2021-12-08,Sierra,091,2930,200,199,23,222,0
2021-12-08,Siskiyou,093,43540,3430,3415,1424,4839,57
2021-12-08,Solano,095,438530,47012,46837,1319,48156,365
2021-12-08,Sonoma,097,501317,43446,43179,596,43775,405
2021-12-08,Stanislaus,099,539301,82423,82038,9603,91641,1264
2021-12-08,Sutter,101,95872,14381,14336,421,14757,187
2021-12-08,Tehama,103,63373,8796,8768,1594,10362,133
2021-12-08,Trinity,105,12862,824,818,208,1026,17
2021-12-08,Tulare,107,460477,70714,70472,17089,87561,1102
2021-12-08,Tuolumne,109,53932,7792,7749,108,7857,91
2021-12-08,Ventura,111,848112,101030,100647,4616,105263,1194
2021-12-08,Yolo,113,214977,20667,20575,1312,21887,267
2021-12-08,Yuba,115,75493,10553,10499,409,10908,92
2021-12-07,Alameda,001,1643700,123896,123325,3172,126497,1497
2021-12-07,Alpine,003,1148,109,108,0,108,0
2021-12-07,Amador,005,37829,5793,5778,73,5851,69
2021-12-07,Butte,007,227075,21852,21761,4011,25772,324
2021-12-07,Calaveras,009,45235,4491,4445,67,4512,88
2021-12-07,Colusa,011,21464,2625,2619,702,3321,21
2021-12-07,Contra Costa,013,1133247,102790,102421,2470,104891,1058
2021-12-07,Del Norte,015,27424,3782,3766,58,3824,42
2021-12-07,El Dorado,017,186661,16862,16742,1844,18586,170
2021-12-07,Fresno,019,978130,146334,145715,12839,158554,2289
2021-12-07,Glenn,021,27897,3586,3579,1036,4615,36
2021-12-07,Humboldt,023,135768,9798,9693,739,10432,117
2021-12-07,Imperial,025,180216,35880,35502,3905,39407,778
2021-12-07,Inyo,027,18085,2590,2567,36,2603,46
2021-12-07,Kern,029,883053,133117,132564,24768,157332,1838
2021-12-07,Kings,031,150075,33607,33441,2197,35638,372
2021-12-07,Lake,033,64148,6954,6925,159,7084,113
2021-12-07,Lassen,035,31185,7057,7040,446,7486,55
2021-12-07,Los Angeles,037,10098052,1476371,1470904,59488,1530392,27007
2021-12-07,Madera,039,155013,24485,24367,2256,26623,311
2021-12-07,Marin,041,260295,18413,18284,559,18843,249
2021-12-07,Mariposa,043,17540,1457,1446,54,1500,6
2021-12-07,Mendocino,045,87422,8164,8107,686,8793,95
2021-12-07,Merced,047,269075,43759,43600,2058,45658,675
2021-12-07,Modoc,049,8938,595,594,202,796,6
2021-12-07,Mono,051,14174,1933,1921,20,1941,4
2021-12-07,Monterey,053,433212,49118,48880,4380,53260,631
2021-12-07,Napa,055,140530,13493,13409,125,13534,107
2021-12-07,Nevada,057,99092,9921,9858,362,10220,105
2021-12-07,Orange,059,3164182,316454,315138,16683,331821,5784
2021-12-07,Placer,061,380077,39076,38860,4045,42905,474
2021-12-07,Plumas,063,18699,1944,1915,56,1971,12
2021-12-07,Riverside,065,2383286,376599,374552,17549,392101,5397
2021-12-07,Sacramento,067,1510023,165920,165148,5294,170442,2375
2021-12-07,San Benito,069,59416,7817,7776,195,7971,78
2021-12-07,San Bernardino,071,2135413,369380,366981,12273,379254,6007
2021-12-07,San Diego,073,3302833,393795,391110,22799,413909,4357
2021-12-07,San Francisco,075,870044,55034,54729,2901,57630,676
2021-12-07,San Joaquin,077,732212,103225,102797,5858,108655,1839
2021-12-07,San Luis Obispo,079,281455,30636,30495,1378,31873,361
2021-12-07,San Mateo,081,765935,55387,55163,1939,57102,580
2021-12-07,Santa Barbara,083,443738,46445,46205,1776,47981,556
2021-12-07,Santa Clara,085,1922200,153306,152465,1725,154190,1941
2021-12-07,Santa Cruz,087,273765,21646,21493,1131,22624,224
2021-12-07,Shasta,089,179085,22727,22594,3822,26416,418
2021-12-07,Sierra,091,2930,200,199,23,222,0
2021-12-07,Siskiyou,093,43540,3427,3412,1424,4836,57
2021-12-07,Solano,095,438530,46978,46812,1319,48131,365
2021-12-07,Sonoma,097,501317,43379,43154,595,43749,405
2021-12-07,Stanislaus,099,539301,82351,81980,9590,91570,1258
2021-12-07,Sutter,101,95872,14373,14322,420,14742,186
2021-12-07,Tehama,103,63373,8790,8765,1593,10358,133
2021-12-07,Trinity,105,12862,824,818,208,1026,17
2021-12-07,Tulare,107,460477,70658,70411,17062,87473,1103
2021-12-07,Tuolumne,109,53932,7784,7743,108,7851,91
2021-12-07,Ventura,111,848112,100942,100569,4608,105177,1194
2021-12-07,Yolo,113,214977,20640,20560,1311,21871,263
2021-12-07,Yuba,115,75493,10536,10491,408,10899,91
2021-12-06,Alameda,001,1643700,123753,123227,3167,126394,1496
2021-12-06,Alpine,003,1148,109,108,0,108,0
2021-12-06,Amador,005,37829,5787,5769,72,5841,67
2021-12-06,Butte,007,227075,21838,21732,4009,25741,321
2021-12-06,Calaveras,009,45235,4484,4443,67,4510,88
2021-12-06,Colusa,011,21464,2624,2615,697,3312,21
2021-12-06,Contra Costa,013,1133247,102675,102327,2467,104794,1058
2021-12-06,Del Norte,015,27424,3780,3744,58,3802,42
2021-12-06,El Dorado,017,186661,16839,16726,1842,18568,168
2021-12-06,Fresno,019,978130,146148,145539,12829,158368,2285
2021-12-06,Glenn,021,27897,3584,3577,1034,4611,36
2021-12-06,Humboldt,023,135768,9779,9671,732,10403,117
2021-12-06,Imperial,025,180216,35811,35453,3892,39345,778
2021-12-06,Inyo,027,18085,2585,2562,35,2597,46
2021-12-06,Kern,029,883053,132935,132366,24747,157113,1835
2021-12-06,Kings,031,150075,33578,33399,2192,35591,368
2021-12-06,Lake,033,64148,6951,6922,159,7081,113
2021-12-06,Lassen,035,31185,7051,7032,445,7477,51
2021-12-06,Los Angeles,037,10098052,1474845,1470059,59400,1529459,26993
2021-12-06,Madera,039,155013,24458,24334,2253,26587,307
2021-12-06,Marin,041,260295,18386,18252,555,18807,249
2021-12-06,Mariposa,043,17540,1454,1443,54,1497,6
2021-12-06,Mendocino,045,87422,8151,8079,681,8760,95
2021-12-06,Merced,047,269075,43719,43549,2050,45599,672
2021-12-06,Modoc,049,8938,595,593,202,795,6
2021-12-06,Mono,051,14174,1925,1913,20,1933,4
2021-12-06,Monterey,053,433212,49053,48831,4356,53187,626
2021-12-06,Napa,055,140530,13472,13387,123,13510,107
2021-12-06,Nevada,057,99092,9899,9847,360,10207,105
2021-12-06,Orange,059,3164182,316085,314859,16647,331506,5771
2021-12-06,Placer,061,380077,39022,38785,4042,42827,473
2021-12-06,Plumas,063,18699,1937,1913,56,1969,10
2021-12-06,Riverside,065,2383286,376096,374116,17533,391649,5388
2021-12-06,Sacramento,067,1510023,165647,164926,5272,170198,2367
2021-12-06,San Benito,069,59416,7801,7755,195,7950,78
2021-12-06,San Bernardino,071,2135413,368868,366606,12248,378854,5998
2021-12-06,San Diego,073,3302833,392949,390389,22758,413147,4352
2021-12-06,San Francisco,075,870044,54940,54659,2896,57555,674
2021-12-06,San Joaquin,077,732212,103113,102728,5851,108579,1837
2021-12-06,San Luis Obispo,079,281455,30606,30464,1373,31837,361
2021-12-06,San Mateo,081,765935,55331,55112,1927,57039,580
2021-12-06,Santa Barbara,083,443738,46356,46146,1775,47921,556
2021-12-06,Santa Clara,085,1922200,153121,152310,1708,154018,1937
2021-12-06,Santa Cruz,087,273765,21620,21450,1127,22577,224
2021-12-06,Shasta,089,179085,22706,22556,3816,26372,416
2021-12-06,Sierra,091,2930,199,198,23,221,0
2021-12-06,Siskiyou,093,43540,3426,3409,1418,4827,57
2021-12-06,Solano,095,438530,46944,46748,1318,48066,360
2021-12-06,Sonoma,097,501317,43312,43114,590,43704,405
2021-12-06,Stanislaus,099,539301,82257,81889,9572,91461,1241
2021-12-06,Sutter,101,95872,14361,14319,420,14739,186
2021-12-06,Tehama,103,63373,8781,8760,1593,10353,133
2021-12-06,Trinity,105,12862,824,815,207,1022,17
2021-12-06,Tulare,107,460477,70589,70285,17025,87310,1101
2021-12-06,Tuolumne,109,53932,7772,7726,108,7834,91
2021-12-06,Ventura,111,848112,100843,100426,4600,105026,1194
2021-12-06,Yolo,113,214977,20618,20548,1310,21858,263
2021-12-06,Yuba,115,75493,10523,10480,403,10883,91
2021-12-05,Alameda,001,1643700,123587,123104,3159,126263,1496
2021-12-05,Alpine,003,1148,108,108,0,108,0
2021-12-05,Amador,005,37829,5784,5761,72,5833,67
2021-12-05,Butte,007,227075,21807,21720,4005,25725,320
2021-12-05,Calaveras,009,45235,4468,4434,67,4501,88
2021-12-05,Colusa,011,21464,2623,2615,696,3311,21
2021-12-05,Contra Costa,013,1133247,102554,102251,2456,104707,1058
2021-12-05,Del Norte,015,27424,3778,3751,58,3809,42
2021-12-05,El Dorado,017,186661,16804,16717,1839,18556,168
2021-12-05,Fresno,019,978130,145983,145452,12813,158265,2284
2021-12-05,Glenn,021,27897,3582,3577,1032,4609,36
2021-12-05,Humboldt,023,135768,9746,9662,729,10391,117
2021-12-05,Imperial,025,180216,35720,35422,3862,39284,778
2021-12-05,Inyo,027,18085,2578,2559,35,2594,46
2021-12-05,Kern,029,883053,132776,132286,24719,157005,1833
2021-12-05,Kings,031,150075,33516,33360,2192,35552,369
2021-12-05,Lake,033,64148,6947,6919,159,7078,113
2021-12-05,Lassen,035,31185,7050,7031,445,7476,51
2021-12-05,Los Angeles,037,10098052,1473097,1468937,59288,1528225,26991
2021-12-05,Madera,039,155013,24421,24311,2249,26560,307
2021-12-05,Marin,041,260295,18341,18216,547,18763,249
2021-12-05,Mariposa,043,17540,1451,1440,53,1493,6
2021-12-05,Mendocino,045,87422,8137,8069,674,8743,95
2021-12-05,Merced,047,269075,43671,43534,2040,45574,672
2021-12-05,Modoc,049,8938,595,593,202,795,6
2021-12-05,Mono,051,14174,1920,1907,20,1927,4
2021-12-05,Monterey,053,433212,48996,48813,4311,53124,626
2021-12-05,Napa,055,140530,13447,13382,120,13502,107
2021-12-05,Nevada,057,99092,9882,9827,360,10187,105
2021-12-05,Orange,059,3164182,315697,314560,16600,331160,5771
2021-12-05,Placer,061,380077,38966,38738,4033,42771,473
2021-12-05,Plumas,063,18699,1933,1913,55,1968,9
2021-12-05,Riverside,065,2383286,375464,373827,17504,391331,5388
2021-12-05,Sacramento,067,1510023,165368,164721,5257,169978,2367
2021-12-05,San Benito,069,59416,7784,7748,194,7942,78
2021-12-05,San Bernardino,071,2135413,368211,366282,12209,378491,5998
2021-12-05,San Diego,073,3302833,392165,387979,22714,410693,4351
2021-12-05,San Francisco,075,870044,54849,54603,2894,57497,674
2021-12-05,San Joaquin,077,732212,102981,102698,5844,108542,1837
2021-12-05,San Luis Obispo,079,281455,30548,30454,1371,31825,360
2021-12-05,San Mateo,081,765935,55252,55050,1910,56960,580
2021-12-05,Santa Barbara,083,443738,46275,46097,1767,47864,555
2021-12-05,Santa Clara,085,1922200,152868,152114,1690,153804,1933
2021-12-05,Santa Cruz,087,273765,21576,21424,1127,22551,224
2021-12-05,Shasta,089,179085,22648,22550,3815,26365,416
2021-12-05,Sierra,091,2930,199,198,23,221,0
2021-12-05,Siskiyou,093,43540,3424,3409,1416,4825,57
2021-12-05,Solano,095,438530,46887,46715,1316,48031,360
2021-12-05,Sonoma,097,501317,43242,43038,585,43623,405
2021-12-05,Stanislaus,099,539301,82118,81847,9560,91407,1241
2021-12-05,Sutter,101,95872,14337,14303,415,14718,186
2021-12-05,Tehama,103,63373,8775,8755,1591,10346,133
2021-12-05,Trinity,105,12862,823,815,207,1022,17
2021-12-05,Tulare,107,460477,70516,70254,16976,87230,1102
2021-12-05,Tuolumne,109,53932,7761,7718,108,7826,91
2021-12-05,Ventura,111,848112,100715,100367,4585,104952,1194
2021-12-05,Yolo,113,214977,20581,20512,1307,21819,263
2021-12-05,Yuba,115,75493,10510,10467,395,10862,91
2021-12-04,Alameda,001,1643700,123488,122508,3158,125666,1494
2021-12-04,Alpine,003,1148,108,108,0,108,0
2021-12-04,Amador,005,37829,5781,5729,72,5801,67
2021-12-04,Butte,007,227075,21789,21638,4001,25639,318
2021-12-04,Calaveras,009,45235,4460,4392,66,4458,88
2021-12-04,Colusa,011,21464,2623,2600,694,3294,21
2021-12-04,Contra Costa,013,1133247,102487,101824,2450,104274,1056
2021-12-04,Del Norte,015,27424,3775,3726,58,3784,42
2021-12-04,El Dorado,017,186661,16797,16621,1838,18459,168
2021-12-04,Fresno,019,978130,145903,144734,12808,157542,2270
2021-12-04,Glenn,021,27897,3582,3559,1032,4591,36
2021-12-04,Humboldt,023,135768,9736,9596,725,10321,117
2021-12-04,Imperial,025,180216,35666,35206,3850,39056,776
2021-12-04,Inyo,027,18085,2573,2538,35,2573,46
2021-12-04,Kern,029,883053,132704,131771,24707,156478,1817
2021-12-04,Kings,031,150075,33492,33183,2191,35374,367
2021-12-04,Lake,033,64148,6940,6903,159,7062,113
2021-12-04,Lassen,035,31185,7049,7014,443,7457,51
2021-12-04,Los Angeles,037,10098052,1472294,1463270,59213,1522483,26952
2021-12-04,Madera,039,155013,24407,24188,2244,26432,307
2021-12-04,Marin,041,260295,18322,18075,546,18621,249
2021-12-04,Mariposa,043,17540,1447,1421,53,1474,6
2021-12-04,Mendocino,045,87422,8132,7981,674,8655,91
2021-12-04,Merced,047,269075,43646,43337,2039,45376,671
2021-12-04,Modoc,049,8938,595,591,202,793,6
2021-12-04,Mono,051,14174,1920,1883,20,1903,4
2021-12-04,Monterey,053,433212,48969,48682,4299,52981,626
2021-12-04,Napa,055,140530,13437,13327,119,13446,106
2021-12-04,Nevada,057,99092,9875,9752,359,10111,105
2021-12-04,Orange,059,3164182,315502,313112,16574,329686,5748
2021-12-04,Placer,061,380077,38928,38460,4029,42489,473
2021-12-04,Plumas,063,18699,1931,1903,55,1958,7
2021-12-04,Riverside,065,2383286,375115,371768,17498,389266,5381
2021-12-04,Sacramento,067,1510023,165233,163900,5248,169148,2365
2021-12-04,San Benito,069,59416,7759,7688,194,7882,78
2021-12-04,San Bernardino,071,2135413,367870,364154,12193,376347,5983
2021-12-04,San Diego,073,3302833,391697,386710,22688,409398,4350
2021-12-04,San Francisco,075,870044,54786,54286,2891,57177,674
2021-12-04,San Joaquin,077,732212,102934,102286,5842,108128,1835
2021-12-04,San Luis Obispo,079,281455,30529,30318,1366,31684,360
2021-12-04,San Mateo,081,765935,55213,54774,1902,56676,579
2021-12-04,Santa Barbara,083,443738,46231,45774,1767,47541,555
2021-12-04,Santa Clara,085,1922200,152718,151275,1677,152952,1928
2021-12-04,Santa Cruz,087,273765,21553,21286,1126,22412,224
2021-12-04,Shasta,089,179085,22632,22418,3812,26230,414
2021-12-04,Sierra,091,2930,199,196,23,219,0
2021-12-04,Siskiyou,093,43540,3422,3398,1416,4814,57
2021-12-04,Solano,095,438530,46867,46529,1315,47844,360
2021-12-04,Sonoma,097,501317,43197,42778,582,43360,405
2021-12-04,Stanislaus,099,539301,82048,81462,9552,91014,1231
2021-12-04,Sutter,101,95872,14329,14258,414,14672,186
2021-12-04,Tehama,103,63373,8773,8742,1591,10333,131
2021-12-04,Trinity,105,12862,822,801,207,1008,17
2021-12-04,Tulare,107,460477,70481,70014,16948,86962,1100
2021-12-04,Tuolumne,109,53932,7756,7676,108,7784,91
2021-12-04,Ventura,111,848112,100630,99751,4581,104332,1192
2021-12-04,Yolo,113,214977,20563,20442,1306,21748,261
2021-12-04,Yuba,115,75493,10500,10418,394,10812,91
2021-12-03,Alameda,001,1643700,123401,122508,3147,125655,1494
2021-12-03,Alpine,003,1148,108,108,0,108,0
2021-12-03,Amador,005,37829,5776,5729,72,5801,67
2021-12-03,Butte,007,227075,21776,21638,3996,25634,318
2021-12-03,Calaveras,009,45235,4451,4392,66,4458,88
2021-12-03,Colusa,011,21464,2621,2600,694,3294,21
2021-12-03,Contra Costa,013,1133247,102416,101824,2445,104269,1056
2021-12-03,Del Norte,015,27424,3773,3726,58,3784,42
2021-12-03,El Dorado,017,186661,16778,16621,1836,18457,168
2021-12-03,Fresno,019,978130,145790,144734,12806,157540,2270
2021-12-03,Glenn,021,27897,3580,3559,1032,4591,36
2021-12-03,Humboldt,023,135768,9720,9596,723,10319,117
2021-12-03,Imperial,025,180216,35626,35206,3839,39045,776
2021-12-03,Inyo,027,18085,2566,2538,35,2573,46
2021-12-03,Kern,029,883053,132638,131771,24668,156439,1817
2021-12-03,Kings,031,150075,33464,33183,2191,35374,367
2021-12-03,Lake,033,64148,6940,6903,159,7062,113
2021-12-03,Lassen,035,31185,7047,7014,442,7456,51
2021-12-03,Los Angeles,037,10098052,1471417,1463270,59137,1522407,26952
2021-12-03,Madera,039,155013,24382,24188,2240,26428,307
2021-12-03,Marin,041,260295,18290,18075,540,18615,249
2021-12-03,Mariposa,043,17540,1445,1421,53,1474,6
2021-12-03,Mendocino,045,87422,8125,7981,674,8655,91
2021-12-03,Merced,047,269075,43631,43337,2036,45373,671
2021-12-03,Modoc,049,8938,595,591,202,793,6
2021-12-03,Mono,051,14174,1914,1883,20,1903,4
2021-12-03,Monterey,053,433212,48939,48682,4283,52965,626
2021-12-03,Napa,055,140530,13425,13327,119,13446,106
2021-12-03,Nevada,057,99092,9864,9752,359,10111,105
2021-12-03,Orange,059,3164182,315258,313112,16548,329660,5748
2021-12-03,Placer,061,380077,38891,38460,4021,42481,473
2021-12-03,Plumas,063,18699,1929,1903,55,1958,7
2021-12-03,Riverside,065,2383286,374731,371768,17494,389262,5381
2021-12-03,Sacramento,067,1510023,165059,163900,5234,169134,2365
2021-12-03,San Benito,069,59416,7752,7688,194,7882,78
2021-12-03,San Bernardino,071,2135413,367434,364154,12183,376337,5983
2021-12-03,San Diego,073,3302833,391221,386710,22663,409373,4350
2021-12-03,San Francisco,075,870044,54720,54286,2888,57174,674
2021-12-03,San Joaquin,077,732212,102885,102286,5841,108127,1835
2021-12-03,San Luis Obispo,079,281455,30508,30318,1363,31681,360
2021-12-03,San Mateo,081,765935,55157,54774,1896,56670,579
2021-12-03,Santa Barbara,083,443738,46195,45774,1767,47541,555
2021-12-03,Santa Clara,085,1922200,152544,151275,1658,152933,1928
2021-12-03,Santa Cruz,087,273765,21526,21286,1125,22411,224
2021-12-03,Shasta,089,179085,22617,22418,3812,26230,414
2021-12-03,Sierra,091,2930,199,196,23,219,0
2021-12-03,Siskiyou,093,43540,3419,3398,1414,4812,57
2021-12-03,Solano,095,438530,46827,46529,1314,47843,360
2021-12-03,Sonoma,097,501317,43163,42778,580,43358,405
2021-12-03,Stanislaus,099,539301,81998,81462,9542,91004,1231
2021-12-03,Sutter,101,95872,14316,14258,412,14670,186
2021-12-03,Tehama,103,63373,8772,8742,1590,10332,131
2021-12-03,Trinity,105,12862,822,801,207,1008,17
2021-12-03,Tulare,107,460477,70443,70014,16920,86934,1100
2021-12-03,Tuolumne,109,53932,7747,7676,108,7784,91
2021-12-03,Ventura,111,848112,100544,99751,4575,104326,1192
2021-12-03,Yolo,113,214977,20546,20442,1305,21747,261
2021-12-03,Yuba,115,75493,10492,10418,394,10812,91
2021-12-02,Alameda,001,1643700,123260,122508,3140,125648,1494
2021-12-02,Alpine,003,1148,108,108,0,108,0
2021-12-02,Amador,005,37829,5771,5729,71,5800,67
2021-12-02,Butte,007,227075,21753,21638,3995,25633,318
2021-12-02,Calaveras,009,45235,4442,4392,65,4457,88
2021-12-02,Colusa,011,21464,2620,2600,694,3294,21
2021-12-02,Contra Costa,013,1133247,102307,101824,2439,104263,1056
2021-12-02,Del Norte,015,27424,3765,3726,58,3784,42
2021-12-02,El Dorado,017,186661,16757,16621,1834,18455,168
2021-12-02,Fresno,019,978130,145621,144734,12797,157531,2270
2021-12-02,Glenn,021,27897,3580,3559,1031,4590,36
2021-12-02,Humboldt,023,135768,9701,9596,721,10317,117
2021-12-02,Imperial,025,180216,35566,35206,3818,39024,776
2021-12-02,Inyo,027,18085,2561,2538,35,2573,46
2021-12-02,Kern,029,883053,132473,131771,24620,156391,1817
2021-12-02,Kings,031,150075,33411,33183,2189,35372,367
2021-12-02,Lake,033,64148,6937,6903,159,7062,113
2021-12-02,Lassen,035,31185,7043,7014,442,7456,51
2021-12-02,Los Angeles,037,10098052,1469951,1463270,59056,1522326,26952
2021-12-02,Madera,039,155013,24350,24188,2229,26417,307
2021-12-02,Marin,041,260295,18263,18075,535,18610,249
2021-12-02,Mariposa,043,17540,1443,1421,53,1474,6
2021-12-02,Mendocino,045,87422,8109,7981,673,8654,91
2021-12-02,Merced,047,269075,43584,43337,2030,45367,671
2021-12-02,Modoc,049,8938,594,591,202,793,6
2021-12-02,Mono,051,14174,1900,1883,20,1903,4
2021-12-02,Monterey,053,433212,48880,48682,4247,52929,626
2021-12-02,Napa,055,140530,13412,13327,119,13446,106
2021-12-02,Nevada,057,99092,9846,9752,358,10110,105
2021-12-02,Orange,059,3164182,314941,313112,16511,329623,5748
2021-12-02,Placer,061,380077,38830,38460,4015,42475,473
2021-12-02,Plumas,063,18699,1927,1903,55,1958,7
2021-12-02,Riverside,065,2383286,374219,371768,17483,389251,5381
2021-12-02,Sacramento,067,1510023,164840,163900,5224,169124,2365
2021-12-02,San Benito,069,59416,7731,7688,194,7882,78
2021-12-02,San Bernardino,071,2135413,366912,364154,12164,376318,5983
2021-12-02,San Diego,073,3302833,390582,386710,22609,409319,4350
2021-12-02,San Francisco,075,870044,54628,54286,2879,57165,674
2021-12-02,San Joaquin,077,732212,102779,102286,5836,108122,1835
2021-12-02,San Luis Obispo,079,281455,30473,30318,1357,31675,360
2021-12-02,San Mateo,081,765935,55093,54774,1875,56649,579
2021-12-02,Santa Barbara,083,443738,46117,45774,1765,47539,555
2021-12-02,Santa Clara,085,1922200,152310,151275,1642,152917,1928
2021-12-02,Santa Cruz,087,273765,21476,21286,1124,22410,224
2021-12-02,Shasta,089,179085,22589,22418,3811,26229,414
2021-12-02,Sierra,091,2930,199,196,23,219,0
2021-12-02,Siskiyou,093,43540,3418,3398,1408,4806,57
2021-12-02,Solano,095,438530,46777,46529,1312,47841,360
2021-12-02,Sonoma,097,501317,43096,42778,580,43358,405
2021-12-02,Stanislaus,099,539301,81903,81462,9531,90993,1231
2021-12-02,Sutter,101,95872,14303,14258,408,14666,186
2021-12-02,Tehama,103,63373,8766,8742,1588,10330,131
2021-12-02,Trinity,105,12862,822,801,207,1008,17
2021-12-02,Tulare,107,460477,70362,70014,16869,86883,1100
2021-12-02,Tuolumne,109,53932,7733,7676,107,7783,91
2021-12-02,Ventura,111,848112,100427,99751,4573,104324,1192
2021-12-02,Yolo,113,214977,20521,20442,1301,21743,261
2021-12-02,Yuba,115,75493,10476,10418,391,10809,91
2021-12-01,Alameda,001,1643700,123117,122298,3129,125427,1492
2021-12-01,Alpine,003,1148,108,108,0,108,0
2021-12-01,Amador,005,37829,5764,5723,71,5794,67
2021-12-01,Butte,007,227075,21734,21600,3990,25590,318
2021-12-01,Calaveras,009,45235,4437,4371,65,4436,88
2021-12-01,Colusa,011,21464,2613,2595,691,3286,20
2021-12-01,Contra Costa,013,1133247,102203,101651,2427,104078,1048
2021-12-01,Del Norte,015,27424,3763,3722,58,3780,42
2021-12-01,El Dorado,017,186661,16738,16575,1832,18407,166
2021-12-01,Fresno,019,978130,145419,144507,12789,157296,2264
2021-12-01,Glenn,021,27897,3570,3556,1030,4586,36
2021-12-01,Humboldt,023,135768,9677,9573,716,10289,117
2021-12-01,Imperial,025,180216,35486,35085,3791,38876,776
2021-12-01,Inyo,027,18085,2558,2533,35,2568,46
2021-12-01,Kern,029,883053,132330,131580,24569,156149,1804
2021-12-01,Kings,031,150075,33362,33112,2188,35300,364
2021-12-01,Lake,033,64148,6929,6896,159,7055,112
2021-12-01,Lassen,035,31185,7038,7008,440,7448,51
2021-12-01,Los Angeles,037,10098052,1468429,1461394,58962,1520356,26928
2021-12-01,Madera,039,155013,24319,24134,2222,26356,307
2021-12-01,Marin,041,260295,18227,18038,529,18567,249
2021-12-01,Mariposa,043,17540,1439,1415,53,1468,6
2021-12-01,Mendocino,045,87422,8095,7966,667,8633,90
2021-12-01,Merced,047,269075,43536,43259,2010,45269,670
2021-12-01,Modoc,049,8938,594,576,202,778,5
2021-12-01,Mono,051,14174,1899,1876,20,1896,4
2021-12-01,Monterey,053,433212,48834,48611,4235,52846,626
2021-12-01,Napa,055,140530,13395,13319,117,13436,107
2021-12-01,Nevada,057,99092,9833,9706,358,10064,105
2021-12-01,Orange,059,3164182,314595,312772,16474,329246,5735
2021-12-01,Placer,061,380077,38776,38373,4008,42381,472
2021-12-01,Plumas,063,18699,1923,1893,55,1948,7
2021-12-01,Riverside,065,2383286,373702,371189,17465,388654,5369
2021-12-01,Sacramento,067,1510023,164631,163616,5206,168822,2360
2021-12-01,San Benito,069,59416,7717,7669,194,7863,78
2021-12-01,San Bernardino,071,2135413,366353,363368,12143,375511,5973
2021-12-01,San Diego,073,3302833,389794,386056,22561,408617,4346
2021-12-01,San Francisco,075,870044,54553,54199,2872,57071,672
2021-12-01,San Joaquin,077,732212,102674,102109,5834,107943,1834
2021-12-01,San Luis Obispo,079,281455,30434,30238,1353,31591,360
2021-12-01,San Mateo,081,765935,55019,54711,1866,56577,579
2021-12-01,Santa Barbara,083,443738,46047,45681,1762,47443,554
2021-12-01,Santa Clara,085,1922200,152100,150961,1623,152584,1925
2021-12-01,Santa Cruz,087,273765,21447,21191,1123,22314,224
2021-12-01,Shasta,089,179085,22558,22375,3805,26180,410
2021-12-01,Sierra,091,2930,199,195,23,218,0
2021-12-01,Siskiyou,093,43540,3416,3391,1408,4799,55
2021-12-01,Solano,095,438530,46734,46485,1312,47797,360
2021-12-01,Sonoma,097,501317,43025,42713,579,43292,405
2021-12-01,Stanislaus,099,539301,81809,81330,9518,90848,1231
2021-12-01,Sutter,101,95872,14289,14229,407,14636,186
2021-12-01,Tehama,103,63373,8756,8728,1588,10316,130
2021-12-01,Trinity,105,12862,817,801,207,1008,17
2021-12-01,Tulare,107,460477,70287,69953,16825,86778,1098
2021-12-01,Tuolumne,109,53932,7725,7655,107,7762,91
2021-12-01,Ventura,111,848112,100332,99680,4563,104243,1191
2021-12-01,Yolo,113,214977,20493,20393,1300,21693,260
2021-12-01,Yuba,115,75493,10464,10401,390,10791,89
2021-11-30,Alameda,001,1643700,122955,122196,3117,125313,1489
2021-11-30,Alpine,003,1148,108,108,0,108,0
2021-11-30,Amador,005,37829,5756,5716,71,5787,66
2021-11-30,Butte,007,227075,21707,21565,3983,25548,318
2021-11-30,Calaveras,009,45235,4421,4360,65,4425,88
2021-11-30,Colusa,011,21464,2612,2592,690,3282,21
2021-11-30,Contra Costa,013,1133247,102070,101538,2417,103955,1046
2021-11-30,Del Norte,015,27424,3757,3718,58,3776,42
2021-11-30,El Dorado,017,186661,16714,16558,1826,18384,166
2021-11-30,Fresno,019,978130,145230,144384,12784,157168,2259
2021-11-30,Glenn,021,27897,3564,3555,1029,4584,36
2021-11-30,Humboldt,023,135768,9646,9539,709,10248,116
2021-11-30,Imperial,025,180216,35380,34999,3761,38760,773
2021-11-30,Inyo,027,18085,2549,2530,35,2565,46
2021-11-30,Kern,029,883053,132165,131451,24514,155965,1799
2021-11-30,Kings,031,150075,33314,33074,2182,35256,362
2021-11-30,Lake,033,64148,6924,6892,159,7051,110
2021-11-30,Lassen,035,31185,7034,7003,439,7442,51
2021-11-30,Los Angeles,037,10098052,1466684,1460177,58860,1519037,26913
2021-11-30,Madera,039,155013,24284,24108,2218,26326,307
2021-11-30,Marin,041,260295,18183,18010,528,18538,249
2021-11-30,Mariposa,043,17540,1433,1412,53,1465,6
2021-11-30,Mendocino,045,87422,8065,7960,661,8621,89
2021-11-30,Merced,047,269075,43469,43200,2003,45203,668
2021-11-30,Modoc,049,8938,593,576,202,778,5
2021-11-30,Mono,051,14174,1894,1873,20,1893,4
2021-11-30,Monterey,053,433212,48777,48581,4218,52799,626
2021-11-30,Napa,055,140530,13378,13308,117,13425,105
2021-11-30,Nevada,057,99092,9816,9699,357,10056,105
2021-11-30,Orange,059,3164182,314195,312451,16435,328886,5724
2021-11-30,Placer,061,380077,38679,38324,4001,42325,470
2021-11-30,Plumas,063,18699,1918,1887,54,1941,7
2021-11-30,Riverside,065,2383286,373018,370739,17440,388179,5358
2021-11-30,Sacramento,067,1510023,164372,163420,5177,168597,2353
2021-11-30,San Benito,069,59416,7695,7645,194,7839,78
2021-11-30,San Bernardino,071,2135413,365709,363006,12125,375131,5967
2021-11-30,San Diego,073,3302833,388873,385405,22518,407923,4340
2021-11-30,San Francisco,075,870044,54464,54147,2862,57009,672
2021-11-30,San Joaquin,077,732212,102547,101972,5826,107798,1834
2021-11-30,San Luis Obispo,079,281455,30406,30200,1351,31551,360
2021-11-30,San Mateo,081,765935,54941,54656,1840,56496,579
2021-11-30,Santa Barbara,083,443738,45953,45628,1756,47384,553
2021-11-30,Santa Clara,085,1922200,151850,150799,1605,152404,1929
2021-11-30,Santa Cruz,087,273765,21390,21169,1119,22288,224
2021-11-30,Shasta,089,179085,22528,22347,3802,26149,401
2021-11-30,Sierra,091,2930,196,195,23,218,0
2021-11-30,Siskiyou,093,43540,3412,3385,1405,4790,55
2021-11-30,Solano,095,438530,46671,46434,1306,47740,358
2021-11-30,Sonoma,097,501317,42951,42663,578,43241,405
2021-11-30,Stanislaus,099,539301,81708,81276,9491,90767,1227
2021-11-30,Sutter,101,95872,14279,14210,403,14613,186
2021-11-30,Tehama,103,63373,8749,8727,1587,10314,130
2021-11-30,Trinity,105,12862,816,799,207,1006,17
2021-11-30,Tulare,107,460477,70201,69900,16778,86678,1099
2021-11-30,Tuolumne,109,53932,7711,7643,107,7750,91
2021-11-30,Ventura,111,848112,100182,99601,4551,104152,1191
2021-11-30,Yolo,113,214977,20455,20376,1294,21670,260
2021-11-30,Yuba,115,75493,10448,10398,383,10781,89
2021-11-29,Alameda,001,1643700,122804,122136,3106,125242,1489
2021-11-29,Alpine,003,1148,108,108,0,108,0
2021-11-29,Amador,005,37829,5749,5706,71,5777,66
2021-11-29,Butte,007,227075,21680,21544,3978,25522,314
2021-11-29,Calaveras,009,45235,4405,4353,65,4418,88
2021-11-29,Colusa,011,21464,2610,2585,687,3272,20
2021-11-29,Contra Costa,013,1133247,101925,101441,2409,103850,1046
2021-11-29,Del Norte,015,27424,3752,3704,58,3762,42
2021-11-29,El Dorado,017,186661,16696,16534,1821,18355,166
2021-11-29,Fresno,019,978130,145027,144282,12771,157053,2254
2021-11-29,Glenn,021,27897,3561,3555,1028,4583,36
2021-11-29,Humboldt,023,135768,9629,9514,702,10216,115
2021-11-29,Imperial,025,180216,35315,34960,3742,38702,773
2021-11-29,Inyo,027,18085,2544,2529,35,2564,46
2021-11-29,Kern,029,883053,131982,131362,24471,155833,1789
2021-11-29,Kings,031,150075,33262,33059,2178,35237,363
2021-11-29,Lake,033,64148,6914,6889,158,7047,110
2021-11-29,Lassen,035,31185,7032,7003,437,7440,51
2021-11-29,Los Angeles,037,10098052,1464870,1459446,58771,1518217,26889
2021-11-29,Madera,039,155013,24247,24069,2209,26278,307
2021-11-29,Marin,041,260295,18137,17980,523,18503,249
2021-11-29,Mariposa,043,17540,1425,1409,53,1462,6
2021-11-29,Mendocino,045,87422,8048,7954,657,8611,89
2021-11-29,Merced,047,269075,43396,43167,1996,45163,667
2021-11-29,Modoc,049,8938,592,569,202,771,5
2021-11-29,Mono,051,14174,1873,1859,20,1879,4
2021-11-29,Monterey,053,433212,48725,48548,4191,52739,626
2021-11-29,Napa,055,140530,13368,13304,117,13421,104
2021-11-29,Nevada,057,99092,9802,9689,357,10046,105
2021-11-29,Orange,059,3164182,313802,312203,16396,328599,5709
2021-11-29,Placer,061,380077,38615,38261,3996,42257,470
2021-11-29,Plumas,063,18699,1915,1884,54,1938,7
2021-11-29,Riverside,065,2383286,372486,370334,17428,387762,5358
2021-11-29,Sacramento,067,1510023,164120,163282,5143,168425,2342
2021-11-29,San Benito,069,59416,7676,7631,193,7824,77
2021-11-29,San Bernardino,071,2135413,365124,362694,12100,374794,5962
2021-11-29,San Diego,073,3302833,387984,384853,22487,407340,4335
2021-11-29,San Francisco,075,870044,54372,54125,2859,56984,669
2021-11-29,San Joaquin,077,732212,102416,101927,5818,107745,1834
2021-11-29,San Luis Obispo,079,281455,30371,30165,1349,31514,359
2021-11-29,San Mateo,081,765935,54851,54622,1826,56448,579
2021-11-29,Santa Barbara,083,443738,45857,45576,1752,47328,549
2021-11-29,Santa Clara,085,1922200,151581,150620,1599,152219,1925
2021-11-29,Santa Cruz,087,273765,21352,21149,1117,22266,224
2021-11-29,Shasta,089,179085,22494,22315,3798,26113,399
2021-11-29,Sierra,091,2930,196,195,23,218,0
2021-11-29,Siskiyou,093,43540,3409,3374,1398,4772,55
2021-11-29,Solano,095,438530,46625,46412,1304,47716,357
2021-11-29,Sonoma,097,501317,42879,42624,575,43199,405
2021-11-29,Stanislaus,099,539301,81629,81227,9475,90702,1223
2021-11-29,Sutter,101,95872,14263,14204,400,14604,186
2021-11-29,Tehama,103,63373,8744,8720,1582,10302,130
2021-11-29,Trinity,105,12862,811,798,207,1005,17
2021-11-29,Tulare,107,460477,70128,69850,16742,86592,1096
2021-11-29,Tuolumne,109,53932,7698,7627,107,7734,90
2021-11-29,Ventura,111,848112,100064,99520,4541,104061,1190
2021-11-29,Yolo,113,214977,20418,20344,1292,21636,257
2021-11-29,Yuba,115,75493,10432,10395,382,10777,89
2021-11-28,Alameda,001,1643700,122597,122082,3098,125180,1491
2021-11-28,Alpine,003,1148,108,108,0,108,0
2021-11-28,Amador,005,37829,5739,5703,71,5774,66
2021-11-28,Butte,007,227075,21643,21530,3976,25506,313
2021-11-28,Calaveras,009,45235,4383,4350,65,4415,88
2021-11-28,Colusa,011,21464,2606,2586,686,3272,19
2021-11-28,Contra Costa,013,1133247,101758,101355,2397,103752,1046
2021-11-28,Del Norte,015,27424,3747,3703,58,3761,42
2021-11-28,El Dorado,017,186661,16655,16527,1820,18347,166
2021-11-28,Fresno,019,978130,144782,144164,12750,156914,2252
2021-11-28,Glenn,021,27897,3558,3547,1028,4575,36
2021-11-28,Humboldt,023,135768,9597,9499,698,10197,115
2021-11-28,Imperial,025,180216,35208,34929,3717,38646,773
2021-11-28,Inyo,027,18085,2537,2531,35,2566,46
2021-11-28,Kern,029,883053,131776,131279,24416,155695,1789
2021-11-28,Kings,031,150075,33187,33057,2171,35228,364
2021-11-28,Lake,033,64148,6905,6885,156,7041,110
2021-11-28,Lassen,035,31185,7025,7002,433,7435,51
2021-11-28,Los Angeles,037,10098052,1462790,1458646,58681,1517327,26878
2021-11-28,Madera,039,155013,24200,24055,2201,26256,307
2021-11-28,Marin,041,260295,18090,17962,519,18481,249
2021-11-28,Mariposa,043,17540,1421,1406,53,1459,6
2021-11-28,Mendocino,045,87422,8018,7943,651,8594,89
2021-11-28,Merced,047,269075,43332,43166,1979,45145,667
2021-11-28,Modoc,049,8938,591,569,202,771,5
2021-11-28,Mono,051,14174,1868,1841,20,1861,4
2021-11-28,Monterey,053,433212,48669,48537,4161,52698,626
2021-11-28,Napa,055,140530,13356,13303,117,13420,104
2021-11-28,Nevada,057,99092,9774,9684,356,10040,105
2021-11-28,Orange,059,3164182,313431,312028,16356,328384,5693
2021-11-28,Placer,061,380077,38535,38240,3975,42215,470
2021-11-28,Plumas,063,18699,1909,1884,53,1937,7
2021-11-28,Riverside,065,2383286,371839,370051,17407,387458,5358
2021-11-28,Sacramento,067,1510023,163773,163170,5118,168288,2335
2021-11-28,San Benito,069,59416,7658,7623,192,7815,77
2021-11-28,San Bernardino,071,2135413,364413,362407,12079,374486,5958
2021-11-28,San Diego,073,3302833,387104,383025,22423,405448,4325
2021-11-28,San Francisco,075,870044,54300,54082,2853,56935,669
2021-11-28,San Joaquin,077,732212,102233,101895,5801,107696,1834
2021-11-28,San Luis Obispo,079,281455,30302,30152,1345,31497,358
2021-11-28,San Mateo,081,765935,54768,54567,1815,56382,579
2021-11-28,Santa Barbara,083,443738,45779,45551,1741,47292,549
2021-11-28,Santa Clara,085,1922200,151279,150436,1582,152018,1920
2021-11-28,Santa Cruz,087,273765,21282,21110,1115,22225,224
2021-11-28,Shasta,089,179085,22454,22316,3796,26112,400
2021-11-28,Sierra,091,2930,196,195,23,218,0
2021-11-28,Siskiyou,093,43540,3403,3372,1394,4766,55
2021-11-28,Solano,095,438530,46566,46385,1303,47688,356
2021-11-28,Sonoma,097,501317,42795,42583,572,43155,405
2021-11-28,Stanislaus,099,539301,81504,81181,9460,90641,1223
2021-11-28,Sutter,101,95872,14242,14192,394,14586,186
2021-11-28,Tehama,103,63373,8736,8720,1578,10298,130
2021-11-28,Trinity,105,12862,811,797,207,1004,17
2021-11-28,Tulare,107,460477,70030,69833,16687,86520,1095
2021-11-28,Tuolumne,109,53932,7678,7620,107,7727,90
2021-11-28,Ventura,111,848112,99911,99486,4532,104018,1190
2021-11-28,Yolo,113,214977,20377,20333,1291,21624,257
2021-11-28,Yuba,115,75493,10415,10391,380,10771,89
2021-11-27,Alameda,001,1643700,122506,121618,3092,124710,1477
2021-11-27,Alpine,003,1148,108,106,0,106,0
2021-11-27,Amador,005,37829,5738,5670,71,5741,66
2021-11-27,Butte,007,227075,21619,21384,3973,25357,309
2021-11-27,Calaveras,009,45235,4378,4294,65,4359,85
2021-11-27,Colusa,011,21464,2605,2568,684,3252,19
2021-11-27,Contra Costa,013,1133247,101676,100961,2395,103356,1045
2021-11-27,Del Norte,015,27424,3740,3661,58,3719,42
2021-11-27,El Dorado,017,186661,16620,16399,1819,18218,161
2021-11-27,Fresno,019,978130,144677,143386,12746,156132,2246
2021-11-27,Glenn,021,27897,3556,3532,1028,4560,36
2021-11-27,Humboldt,023,135768,9571,9399,695,10094,115
2021-11-27,Imperial,025,180216,35126,34611,3704,38315,769
2021-11-27,Inyo,027,18085,2535,2506,35,2541,45
2021-11-27,Kern,029,883053,131693,130245,24386,154631,1773
2021-11-27,Kings,031,150075,33166,32891,2169,35060,358
2021-11-27,Lake,033,64148,6903,6836,154,6990,110
2021-11-27,Lassen,035,31185,7023,6959,432,7391,47
2021-11-27,Los Angeles,037,10098052,1461823,1454495,58606,1513101,26817
2021-11-27,Madera,039,155013,24180,23880,2197,26077,296
2021-11-27,Marin,041,260295,18052,17857,514,18371,248
2021-11-27,Mariposa,043,17540,1419,1374,53,1427,6
2021-11-27,Mendocino,045,87422,7999,7871,651,8522,89
2021-11-27,Merced,047,269075,43297,42921,1976,44897,664
2021-11-27,Modoc,049,8938,589,551,202,753,5
2021-11-27,Mono,051,14174,1867,1810,20,1830,4
2021-11-27,Monterey,053,433212,48641,48400,4142,52542,625
2021-11-27,Napa,055,140530,13343,13256,117,13373,104
2021-11-27,Nevada,057,99092,9752,9584,355,9939,103
2021-11-27,Orange,059,3164182,313183,310809,16326,327135,5665
2021-11-27,Placer,061,380077,38477,38001,3968,41969,468
2021-11-27,Plumas,063,18699,1905,1860,53,1913,7
2021-11-27,Riverside,065,2383286,371482,367601,17400,385001,5306
2021-11-27,Sacramento,067,1510023,163619,162328,5113,167441,2335
2021-11-27,San Benito,069,59416,7641,7575,192,7767,77
2021-11-27,San Bernardino,071,2135413,363985,360033,12071,372104,5932
2021-11-27,San Diego,073,3302833,386615,382634,22397,405031,4319
2021-11-27,San Francisco,075,870044,54253,53830,2848,56678,669
2021-11-27,San Joaquin,077,732212,102167,101368,5799,107167,1833
2021-11-27,San Luis Obispo,079,281455,30272,29983,1344,31327,358
2021-11-27,San Mateo,081,765935,54719,54360,1807,56167,577
2021-11-27,Santa Barbara,083,443738,45725,45318,1739,47057,548
2021-11-27,Santa Clara,085,1922200,151074,149700,1576,151276,1922
2021-11-27,Santa Cruz,087,273765,21243,20929,1112,22041,222
2021-11-27,Shasta,089,179085,22432,22151,3795,25946,396
2021-11-27,Sierra,091,2930,195,194,23,217,0
2021-11-27,Siskiyou,093,43540,3400,3336,1391,4727,54
2021-11-27,Solano,095,438530,46531,46163,1300,47463,356
2021-11-27,Sonoma,097,501317,42732,42368,572,42940,405
2021-11-27,Stanislaus,099,539301,81431,80782,9440,90222,1220
2021-11-27,Sutter,101,95872,14234,14127,393,14520,181
2021-11-27,Tehama,103,63373,8734,8675,1577,10252,129
2021-11-27,Trinity,105,12862,811,789,207,996,17
2021-11-27,Tulare,107,460477,69980,69377,16669,86046,1082
2021-11-27,Tuolumne,109,53932,7665,7574,107,7681,90
2021-11-27,Ventura,111,848112,99837,99163,4524,103687,1188
2021-11-27,Yolo,113,214977,20357,20237,1282,21519,257
2021-11-27,Yuba,115,75493,10405,10335,380,10715,88
2021-11-26,Alameda,001,1643700,122403,121618,3091,124709,1477
2021-11-26,Alpine,003,1148,108,106,0,106,0
2021-11-26,Amador,005,37829,5734,5670,71,5741,66
2021-11-26,Butte,007,227075,21595,21384,3969,25353,309
2021-11-26,Calaveras,009,45235,4369,4294,65,4359,85
2021-11-26,Colusa,011,21464,2603,2568,683,3251,19
2021-11-26,Contra Costa,013,1133247,101589,100961,2391,103352,1045
2021-11-26,Del Norte,015,27424,3737,3661,58,3719,42
2021-11-26,El Dorado,017,186661,16603,16399,1816,18215,161
2021-11-26,Fresno,019,978130,144544,143386,12737,156123,2246
2021-11-26,Glenn,021,27897,3549,3532,1028,4560,36
2021-11-26,Humboldt,023,135768,9553,9399,691,10090,115
2021-11-26,Imperial,025,180216,35070,34611,3690,38301,769
2021-11-26,Inyo,027,18085,2535,2506,35,2541,45
2021-11-26,Kern,029,883053,131613,130245,24344,154589,1773
2021-11-26,Kings,031,150075,33142,32891,2167,35058,358
2021-11-26,Lake,033,64148,6900,6836,154,6990,110
2021-11-26,Lassen,035,31185,7017,6959,432,7391,47
2021-11-26,Los Angeles,037,10098052,1460996,1454495,58550,1513045,26817
2021-11-26,Madera,039,155013,24153,23880,2195,26075,296
2021-11-26,Marin,041,260295,18023,17857,514,18371,248
2021-11-26,Mariposa,043,17540,1413,1374,52,1426,6
2021-11-26,Mendocino,045,87422,7989,7871,651,8522,89
2021-11-26,Merced,047,269075,43267,42921,1971,44892,664
2021-11-26,Modoc,049,8938,587,551,202,753,5
2021-11-26,Mono,051,14174,1854,1810,20,1830,4
2021-11-26,Monterey,053,433212,48611,48400,4124,52524,625
2021-11-26,Napa,055,140530,13327,13256,117,13373,104
2021-11-26,Nevada,057,99092,9740,9584,355,9939,103
2021-11-26,Orange,059,3164182,312921,310809,16296,327105,5665
2021-11-26,Placer,061,380077,38433,38001,3960,41961,468
2021-11-26,Plumas,063,18699,1900,1860,53,1913,7
2021-11-26,Riverside,065,2383286,371081,367601,17391,384992,5306
2021-11-26,Sacramento,067,1510023,163508,162328,5108,167436,2335
2021-11-26,San Benito,069,59416,7633,7575,192,7767,77
2021-11-26,San Bernardino,071,2135413,363561,360033,12066,372099,5932
2021-11-26,San Diego,073,3302833,386068,382634,22384,405018,4319
2021-11-26,San Francisco,075,870044,54208,53830,2843,56673,669
2021-11-26,San Joaquin,077,732212,102111,101368,5797,107165,1833
2021-11-26,San Luis Obispo,079,281455,30235,29983,1341,31324,358
2021-11-26,San Mateo,081,765935,54668,54360,1800,56160,577
2021-11-26,Santa Barbara,083,443738,45679,45318,1738,47056,548
2021-11-26,Santa Clara,085,1922200,150910,149700,1567,151267,1922
2021-11-26,Santa Cruz,087,273765,21204,20929,1111,22040,222
2021-11-26,Shasta,089,179085,22413,22151,3793,25944,396
2021-11-26,Sierra,091,2930,195,194,23,217,0
2021-11-26,Siskiyou,093,43540,3397,3336,1390,4726,54
2021-11-26,Solano,095,438530,46495,46163,1299,47462,356
2021-11-26,Sonoma,097,501317,42684,42368,570,42938,405
2021-11-26,Stanislaus,099,539301,81355,80782,9430,90212,1220
2021-11-26,Sutter,101,95872,14221,14127,392,14519,181
2021-11-26,Tehama,103,63373,8732,8675,1576,10251,129
2021-11-26,Trinity,105,12862,810,789,207,996,17
2021-11-26,Tulare,107,460477,69940,69377,16635,86012,1082
2021-11-26,Tuolumne,109,53932,7656,7574,107,7681,90
2021-11-26,Ventura,111,848112,99756,99163,4521,103684,1188
2021-11-26,Yolo,113,214977,20337,20237,1276,21513,257
2021-11-26,Yuba,115,75493,10399,10335,380,10715,88
2021-11-25,Alameda,001,1643700,122298,121618,3087,124705,1477
2021-11-25,Alpine,003,1148,108,106,0,106,0
2021-11-25,Amador,005,37829,5727,5670,71,5741,66
2021-11-25,Butte,007,227075,21579,21384,3968,25352,309
2021-11-25,Calaveras,009,45235,4364,4294,65,4359,85
2021-11-25,Colusa,011,21464,2600,2568,681,3249,19
2021-11-25,Contra Costa,013,1133247,101486,100961,2387,103348,1045
2021-11-25,Del Norte,015,27424,3732,3661,58,3719,42
2021-11-25,El Dorado,017,186661,16585,16399,1815,18214,161
2021-11-25,Fresno,019,978130,144412,143386,12730,156116,2246
2021-11-25,Glenn,021,27897,3549,3532,1028,4560,36
2021-11-25,Humboldt,023,135768,9534,9399,688,10087,115
2021-11-25,Imperial,025,180216,35029,34611,3679,38290,769
2021-11-25,Inyo,027,18085,2533,2506,35,2541,45
2021-11-25,Kern,029,883053,131514,130245,24300,154545,1773
2021-11-25,Kings,031,150075,33114,32891,2166,35057,358
2021-11-25,Lake,033,64148,6893,6836,154,6990,110
2021-11-25,Lassen,035,31185,7015,6959,431,7390,47
2021-11-25,Los Angeles,037,10098052,1460049,1454495,58490,1512985,26817
2021-11-25,Madera,039,155013,24119,23880,2194,26074,296
2021-11-25,Marin,041,260295,17998,17857,508,18365,248
2021-11-25,Mariposa,043,17540,1410,1374,52,1426,6
2021-11-25,Mendocino,045,87422,7971,7871,651,8522,89
2021-11-25,Merced,047,269075,43228,42921,1966,44887,664
2021-11-25,Modoc,049,8938,586,551,202,753,5
2021-11-25,Mono,051,14174,1842,1810,20,1830,4
2021-11-25,Monterey,053,433212,48571,48400,4110,52510,625
2021-11-25,Napa,055,140530,13319,13256,117,13373,104
2021-11-25,Nevada,057,99092,9724,9584,352,9936,103
2021-11-25,Orange,059,3164182,312659,310809,16268,327077,5665
2021-11-25,Placer,061,380077,38387,38001,3953,41954,468
2021-11-25,Plumas,063,18699,1898,1860,53,1913,7
2021-11-25,Riverside,065,2383286,370671,367601,17385,384986,5306
2021-11-25,Sacramento,067,1510023,163329,162328,5102,167430,2335
2021-11-25,San Benito,069,59416,7626,7575,192,7767,77
2021-11-25,San Bernardino,071,2135413,363171,360033,12056,372089,5932
2021-11-25,San Diego,073,3302833,385630,382634,22363,404997,4319
2021-11-25,San Francisco,075,870044,54159,53830,2840,56670,669
2021-11-25,San Joaquin,077,732212,102027,101368,5793,107161,1833
2021-11-25,San Luis Obispo,079,281455,30207,29983,1338,31321,358
2021-11-25,San Mateo,081,765935,54621,54360,1795,56155,577
2021-11-25,Santa Barbara,083,443738,45642,45318,1736,47054,548
2021-11-25,Santa Clara,085,1922200,150753,149700,1562,151262,1922
2021-11-25,Santa Cruz,087,273765,21172,20929,1111,22040,222
2021-11-25,Shasta,089,179085,22387,22151,3793,25944,396
2021-11-25,Sierra,091,2930,195,194,23,217,0
2021-11-25,Siskiyou,093,43540,3394,3336,1390,4726,54
2021-11-25,Solano,095,438530,46458,46163,1298,47461,356
2021-11-25,Sonoma,097,501317,42629,42368,566,42934,405
2021-11-25,Stanislaus,099,539301,81287,80782,9416,90198,1220
2021-11-25,Sutter,101,95872,14205,14127,391,14518,181
2021-11-25,Tehama,103,63373,8724,8675,1576,10251,129
2021-11-25,Trinity,105,12862,810,789,207,996,17
2021-11-25,Tulare,107,460477,69877,69377,16607,85984,1082
2021-11-25,Tuolumne,109,53932,7645,7574,107,7681,90
2021-11-25,Ventura,111,848112,99688,99163,4518,103681,1188
2021-11-25,Yolo,113,214977,20309,20237,1272,21509,257
2021-11-25,Yuba,115,75493,10390,10335,379,10714,88
2021-11-24,Alameda,001,1643700,122237,121618,3083,124701,1477
2021-11-24,Alpine,003,1148,108,106,0,106,0
2021-11-24,Amador,005,37829,5717,5670,71,5741,66
2021-11-24,Butte,007,227075,21564,21384,3966,25350,309
2021-11-24,Calaveras,009,45235,4357,4294,65,4359,85
2021-11-24,Colusa,011,21464,2600,2568,680,3248,19
2021-11-24,Contra Costa,013,1133247,101449,100961,2384,103345,1045
2021-11-24,Del Norte,015,27424,3729,3661,58,3719,42
2021-11-24,El Dorado,017,186661,16574,16399,1814,18213,161
2021-11-24,Fresno,019,978130,144359,143386,12730,156116,2246
2021-11-24,Glenn,021,27897,3548,3532,1027,4559,36
2021-11-24,Humboldt,023,135768,9521,9399,688,10087,115
2021-11-24,Imperial,025,180216,35002,34611,3673,38284,769
2021-11-24,Inyo,027,18085,2530,2506,35,2541,45
2021-11-24,Kern,029,883053,131451,130245,24287,154532,1773
2021-11-24,Kings,031,150075,33101,32891,2164,35055,358
2021-11-24,Lake,033,64148,6889,6836,154,6990,110
2021-11-24,Lassen,035,31185,7015,6959,431,7390,47
2021-11-24,Los Angeles,037,10098052,1459576,1454495,58446,1512941,26817
2021-11-24,Madera,039,155013,24096,23880,2188,26068,296
2021-11-24,Marin,041,260295,17986,17857,506,18363,248
2021-11-24,Mariposa,043,17540,1410,1374,52,1426,6
2021-11-24,Mendocino,045,87422,7959,7871,651,8522,89
2021-11-24,Merced,047,269075,43195,42921,1963,44884,664
2021-11-24,Modoc,049,8938,586,551,202,753,5
2021-11-24,Mono,051,14174,1841,1810,20,1830,4
2021-11-24,Monterey,053,433212,48563,48400,4103,52503,625
2021-11-24,Napa,055,140530,13315,13256,117,13373,104
2021-11-24,Nevada,057,99092,9709,9584,352,9936,103
2021-11-24,Orange,059,3164182,312505,310809,16257,327066,5665
2021-11-24,Placer,061,380077,38355,38001,3951,41952,468
2021-11-24,Plumas,063,18699,1896,1860,53,1913,7
2021-11-24,Riverside,065,2383286,370493,367601,17379,384980,5306
2021-11-24,Sacramento,067,1510023,163259,162328,5102,167430,2335
2021-11-24,San Benito,069,59416,7624,7575,192,7767,77
2021-11-24,San Bernardino,071,2135413,362966,360033,12044,372077,5932
2021-11-24,San Diego,073,3302833,385380,382634,22350,404984,4319
2021-11-24,San Francisco,075,870044,54128,53830,2838,56668,669
2021-11-24,San Joaquin,077,732212,101986,101368,5790,107158,1833
2021-11-24,San Luis Obispo,079,281455,30190,29983,1338,31321,358
2021-11-24,San Mateo,081,765935,54591,54360,1794,56154,577
2021-11-24,Santa Barbara,083,443738,45616,45318,1736,47054,548
2021-11-24,Santa Clara,085,1922200,150657,149700,1562,151262,1922
2021-11-24,Santa Cruz,087,273765,21148,20929,1111,22040,222
2021-11-24,Shasta,089,179085,22376,22151,3790,25941,396
2021-11-24,Sierra,091,2930,195,194,23,217,0
2021-11-24,Siskiyou,093,43540,3392,3336,1390,4726,54
2021-11-24,Solano,095,438530,46430,46163,1296,47459,356
2021-11-24,Sonoma,097,501317,42600,42368,564,42932,405
2021-11-24,Stanislaus,099,539301,81251,80782,9411,90193,1220
2021-11-24,Sutter,101,95872,14192,14127,389,14516,181
2021-11-24,Tehama,103,63373,8721,8675,1574,10249,129
2021-11-24,Trinity,105,12862,810,789,207,996,17
2021-11-24,Tulare,107,460477,69857,69377,16587,85964,1082
2021-11-24,Tuolumne,109,53932,7641,7574,107,7681,90
2021-11-24,Ventura,111,848112,99654,99163,4514,103677,1188
2021-11-24,Yolo,113,214977,20301,20237,1271,21508,257
2021-11-24,Yuba,115,75493,10387,10335,377,10712,88
2021-11-23,Alameda,001,1643700,122128,121618,3074,124692,1477
2021-11-23,Alpine,003,1148,108,106,0,106,0
2021-11-23,Amador,005,37829,5710,5670,71,5741,66
2021-11-23,Butte,007,227075,21535,21384,3963,25347,309
2021-11-23,Calaveras,009,45235,4351,4294,64,4358,85
2021-11-23,Colusa,011,21464,2596,2568,679,3247,19
2021-11-23,Contra Costa,013,1133247,101344,100961,2381,103342,1045
2021-11-23,Del Norte,015,27424,3726,3661,58,3719,42
2021-11-23,El Dorado,017,186661,16543,16399,1811,18210,161
2021-11-23,Fresno,019,978130,144223,143386,12721,156107,2246
2021-11-23,Glenn,021,27897,3542,3532,1027,4559,36
2021-11-23,Humboldt,023,135768,9497,9399,685,10084,115
2021-11-23,Imperial,025,180216,34933,34611,3652,38263,769
2021-11-23,Inyo,027,18085,2526,2506,35,2541,45
2021-11-23,Kern,029,883053,131350,130245,24239,154484,1773
2021-11-23,Kings,031,150075,33061,32891,2163,35054,358
2021-11-23,Lake,033,64148,6885,6836,154,6990,110
2021-11-23,Lassen,035,31185,7011,6959,428,7387,47
2021-11-23,Los Angeles,037,10098052,1458579,1454495,58384,1512879,26817
2021-11-23,Madera,039,155013,24070,23880,2186,26066,296
2021-11-23,Marin,041,260295,17956,17857,502,18359,248
2021-11-23,Mariposa,043,17540,1407,1374,52,1426,6
2021-11-23,Mendocino,045,87422,7938,7871,648,8519,89
2021-11-23,Merced,047,269075,43158,42921,1962,44883,664
2021-11-23,Modoc,049,8938,584,551,202,753,5
2021-11-23,Mono,051,14174,1831,1810,19,1829,4
2021-11-23,Monterey,053,433212,48537,48400,4089,52489,625
2021-11-23,Napa,055,140530,13306,13256,117,13373,104
2021-11-23,Nevada,057,99092,9681,9584,351,9935,103
2021-11-23,Orange,059,3164182,312257,310809,16222,327031,5665
2021-11-23,Placer,061,380077,38297,38001,3934,41935,468
2021-11-23,Plumas,063,18699,1892,1860,53,1913,7
2021-11-23,Riverside,065,2383286,370110,367601,17366,384967,5306
2021-11-23,Sacramento,067,1510023,163079,162328,5089,167417,2335
2021-11-23,San Benito,069,59416,7615,7575,190,7765,77
2021-11-23,San Bernardino,071,2135413,362558,360033,12032,372065,5932
2021-11-23,San Diego,073,3302833,384905,382634,22326,404960,4319
2021-11-23,San Francisco,075,870044,54070,53830,2833,56663,669
2021-11-23,San Joaquin,077,732212,101879,101368,5780,107148,1833
2021-11-23,San Luis Obispo,079,281455,30160,29983,1335,31318,358
2021-11-23,San Mateo,081,765935,54547,54360,1786,56146,577
2021-11-23,Santa Barbara,083,443738,45567,45318,1736,47054,548
2021-11-23,Santa Clara,085,1922200,150451,149700,1550,151250,1922
2021-11-23,Santa Cruz,087,273765,21110,20929,1111,22040,222
2021-11-23,Shasta,089,179085,22341,22151,3789,25940,396
2021-11-23,Sierra,091,2930,195,194,23,217,0
2021-11-23,Siskiyou,093,43540,3387,3336,1389,4725,54
2021-11-23,Solano,095,438530,46376,46163,1292,47455,356
2021-11-23,Sonoma,097,501317,42549,42368,561,42929,405
2021-11-23,Stanislaus,099,539301,81183,80782,9398,90180,1220
2021-11-23,Sutter,101,95872,14176,14127,388,14515,181
2021-11-23,Tehama,103,63373,8708,8675,1573,10248,129
2021-11-23,Trinity,105,12862,809,789,207,996,17
2021-11-23,Tulare,107,460477,69808,69377,16557,85934,1082
2021-11-23,Tuolumne,109,53932,7630,7574,107,7681,90
2021-11-23,Ventura,111,848112,99572,99163,4509,103672,1188
2021-11-23,Yolo,113,214977,20280,20237,1263,21500,257
2021-11-23,Yuba,115,75493,10375,10335,377,10712,88
2021-11-22,Alameda,001,1643700,122017,121566,3071,124637,1475
2021-11-22,Alpine,003,1148,108,106,0,106,0
2021-11-22,Amador,005,37829,5697,5670,71,5741,66
2021-11-22,Butte,007,227075,21496,21363,3958,25321,305
2021-11-22,Calaveras,009,45235,4339,4294,64,4358,84
2021-11-22,Colusa,011,21464,2593,2565,679,3244,19
2021-11-22,Contra Costa,013,1133247,101256,100877,2376,103253,1045
2021-11-22,Del Norte,015,27424,3723,3659,58,3717,42
2021-11-22,El Dorado,017,186661,16521,16378,1808,18186,161
2021-11-22,Fresno,019,978130,144090,143290,12718,156008,2243
2021-11-22,Glenn,021,27897,3537,3530,1026,4556,36
2021-11-22,Humboldt,023,135768,9471,9389,679,10068,115
2021-11-22,Imperial,025,180216,34871,34562,3638,38200,766
2021-11-22,Inyo,027,18085,2520,2501,35,2536,44
2021-11-22,Kern,029,883053,131189,130091,24189,154280,1762
2021-11-22,Kings,031,150075,33024,32867,2158,35025,358
2021-11-22,Lake,033,64148,6881,6837,154,6991,110
2021-11-22,Lassen,035,31185,7010,6954,427,7381,47
2021-11-22,Los Angeles,037,10098052,1457527,1453945,58306,1512251,26800
2021-11-22,Madera,039,155013,24036,23872,2180,26052,296
2021-11-22,Marin,041,260295,17926,17842,500,18342,248
2021-11-22,Mariposa,043,17540,1403,1372,52,1424,6
2021-11-22,Mendocino,045,87422,7922,7859,647,8506,89
2021-11-22,Merced,047,269075,43107,42898,1952,44850,660
2021-11-22,Modoc,049,8938,583,551,202,753,5
2021-11-22,Mono,051,14174,1816,1809,19,1828,4
2021-11-22,Monterey,053,433212,48516,48374,4078,52452,611
2021-11-22,Napa,055,140530,13298,13255,116,13371,104
2021-11-22,Nevada,057,99092,9662,9575,350,9925,96
2021-11-22,Orange,059,3164182,312013,310654,16197,326851,5663
2021-11-22,Placer,061,380077,38252,37956,3926,41882,465
2021-11-22,Plumas,063,18699,1889,1858,53,1911,7
2021-11-22,Riverside,065,2383286,369677,367301,17356,384657,5283
2021-11-22,Sacramento,067,1510023,162889,162222,5080,167302,2328
2021-11-22,San Benito,069,59416,7595,7567,190,7757,77
2021-11-22,San Bernardino,071,2135413,362153,359851,12023,371874,5916
2021-11-22,San Diego,073,3302833,384417,382132,22300,404432,4317
2021-11-22,San Francisco,075,870044,53981,53778,2825,56603,669
2021-11-22,San Joaquin,077,732212,101756,101299,5775,107074,1833
2021-11-22,San Luis Obispo,079,281455,30134,29963,1334,31297,358
2021-11-22,San Mateo,081,765935,54494,54330,1780,56110,577
2021-11-22,Santa Barbara,083,443738,45500,45279,1736,47015,546
2021-11-22,Santa Clara,085,1922200,150270,149541,1540,151081,1919
2021-11-22,Santa Cruz,087,273765,21069,20891,1111,22002,222
2021-11-22,Shasta,089,179085,22328,22116,3785,25901,393
2021-11-22,Sierra,091,2930,195,193,23,216,0
2021-11-22,Siskiyou,093,43540,3381,3336,1387,4723,54
2021-11-22,Solano,095,438530,46329,46153,1290,47443,356
2021-11-22,Sonoma,097,501317,42494,42344,560,42904,404
2021-11-22,Stanislaus,099,539301,81095,80718,9389,90107,1209
2021-11-22,Sutter,101,95872,14160,14125,386,14511,181
2021-11-22,Tehama,103,63373,8702,8669,1568,10237,127
2021-11-22,Trinity,105,12862,808,785,207,992,17
2021-11-22,Tulare,107,460477,69744,69314,16522,85836,1075
2021-11-22,Tuolumne,109,53932,7615,7567,107,7674,90
2021-11-22,Ventura,111,848112,99505,99114,4506,103620,1186
2021-11-22,Yolo,113,214977,20257,20227,1261,21488,257
2021-11-22,Yuba,115,75493,10366,10332,376,10708,88
2021-11-21,Alameda,001,1643700,121897,121443,3067,124510,1475
2021-11-21,Alpine,003,1148,106,106,0,106,0
2021-11-21,Amador,005,37829,5692,5662,70,5732,66
2021-11-21,Butte,007,227075,21455,21342,3955,25297,306
2021-11-21,Calaveras,009,45235,4330,4287,64,4351,84
2021-11-21,Colusa,011,21464,2589,2562,678,3240,19
2021-11-21,Contra Costa,013,1133247,101155,100807,2370,103177,1045
2021-11-21,Del Norte,015,27424,3719,3659,58,3717,42
2021-11-21,El Dorado,017,186661,16494,16370,1802,18172,161
2021-11-21,Fresno,019,978130,143924,143203,12704,155907,2242
2021-11-21,Glenn,021,27897,3534,3529,1026,4555,36
2021-11-21,Humboldt,023,135768,9449,9378,677,10055,115
2021-11-21,Imperial,025,180216,34783,34527,3627,38154,766
2021-11-21,Inyo,027,18085,2513,2501,35,2536,44
2021-11-21,Kern,029,883053,131025,130020,24144,154164,1762
2021-11-21,Kings,031,150075,32987,32843,2154,34997,356
2021-11-21,Lake,033,64148,6875,6834,154,6988,110
2021-11-21,Lassen,035,31185,7001,6953,427,7380,47
2021-11-21,Los Angeles,037,10098052,1456468,1453181,58256,1511437,26793
2021-11-21,Madera,039,155013,24010,23856,2178,26034,296
2021-11-21,Marin,041,260295,17898,17829,497,18326,248
2021-11-21,Mariposa,043,17540,1402,1371,51,1422,6
2021-11-21,Mendocino,045,87422,7915,7846,644,8490,89
2021-11-21,Merced,047,269075,43054,42881,1948,44829,660
2021-11-21,Modoc,049,8938,579,551,202,753,5
2021-11-21,Mono,051,14174,1808,1799,19,1818,4
2021-11-21,Monterey,053,433212,48475,48358,4063,52421,611
2021-11-21,Napa,055,140530,13286,13250,116,13366,104
2021-11-21,Nevada,057,99092,9637,9556,349,9905,96
2021-11-21,Orange,059,3164182,311761,310477,16166,326643,5663
2021-11-21,Placer,061,380077,38170,37929,3925,41854,465
2021-11-21,Plumas,063,18699,1889,1858,53,1911,7
2021-11-21,Riverside,065,2383286,369189,367093,17349,384442,5283
2021-11-21,Sacramento,067,1510023,162672,162087,5068,167155,2327
2021-11-21,San Benito,069,59416,7581,7563,189,7752,77
2021-11-21,San Bernardino,071,2135413,361688,359621,11990,371611,5912
2021-11-21,San Diego,073,3302833,383890,380747,22275,403022,4317
2021-11-21,San Francisco,075,870044,53918,53741,2817,56558,669
2021-11-21,San Joaquin,077,732212,101653,101264,5762,107026,1833
2021-11-21,San Luis Obispo,079,281455,30101,29948,1334,31282,358
2021-11-21,San Mateo,081,765935,54449,54290,1774,56064,577
2021-11-21,Santa Barbara,083,443738,45440,45237,1732,46969,546
2021-11-21,Santa Clara,085,1922200,150068,149387,1520,150907,1918
2021-11-21,Santa Cruz,087,273765,21025,20866,1109,21975,222
2021-11-21,Shasta,089,179085,22299,22112,3783,25895,393
2021-11-21,Sierra,091,2930,195,193,23,216,0
2021-11-21,Siskiyou,093,43540,3378,3333,1384,4717,54
2021-11-21,Solano,095,438530,46275,46122,1283,47405,356
2021-11-21,Sonoma,097,501317,42435,42298,559,42857,404
2021-11-21,Stanislaus,099,539301,80997,80687,9376,90063,1209
2021-11-21,Sutter,101,95872,14146,14111,386,14497,181
2021-11-21,Tehama,103,63373,8696,8669,1567,10236,127
2021-11-21,Trinity,105,12862,806,784,205,989,17
2021-11-21,Tulare,107,460477,69662,69285,16483,85768,1075
2021-11-21,Tuolumne,109,53932,7607,7560,106,7666,90
2021-11-21,Ventura,111,848112,99414,99081,4502,103583,1186
2021-11-21,Yolo,113,214977,20230,20209,1258,21467,257
2021-11-21,Yuba,115,75493,10357,10326,376,10702,88
2021-11-20,Alameda,001,1643700,121808,121059,3060,124119,1473
2021-11-20,Alpine,003,1148,106,105,0,105,0
2021-11-20,Amador,005,37829,5686,5652,69,5721,66
2021-11-20,Butte,007,227075,21440,21265,3950,25215,300
2021-11-20,Calaveras,009,45235,4321,4268,64,4332,84
2021-11-20,Colusa,011,21464,2589,2549,676,3225,19
2021-11-20,Contra Costa,013,1133247,101077,100491,2366,102857,1043
2021-11-20,Del Norte,015,27424,3716,3637,58,3695,42
2021-11-20,El Dorado,017,186661,16474,16308,1799,18107,161
2021-11-20,Fresno,019,978130,143854,142579,12697,155276,2233
2021-11-20,Glenn,021,27897,3534,3526,1025,4551,35
2021-11-20,Humboldt,023,135768,9436,9302,675,9977,115
2021-11-20,Imperial,025,180216,34730,34312,3621,37933,766
2021-11-20,Inyo,027,18085,2512,2467,35,2502,44
2021-11-20,Kern,029,883053,130924,129488,24107,153595,1750
2021-11-20,Kings,031,150075,32977,32720,2154,34874,354
2021-11-20,Lake,033,64148,6872,6808,154,6962,110
2021-11-20,Lassen,035,31185,7000,6931,427,7358,47
2021-11-20,Los Angeles,037,10098052,1455858,1448963,58210,1507173,26741
2021-11-20,Madera,039,155013,23998,23720,2175,25895,296
2021-11-20,Marin,041,260295,17883,17774,497,18271,248
2021-11-20,Mariposa,043,17540,1401,1354,51,1405,6
2021-11-20,Mendocino,045,87422,7907,7773,644,8417,89
2021-11-20,Merced,047,269075,43029,42692,1948,44640,656
2021-11-20,Modoc,049,8938,578,550,202,752,5
2021-11-20,Mono,051,14174,1807,1767,19,1786,4
2021-11-20,Monterey,053,433212,48462,48260,4054,52314,609
2021-11-20,Napa,055,140530,13283,13184,116,13300,103
2021-11-20,Nevada,057,99092,9621,9480,349,9829,92
2021-11-20,Orange,059,3164182,311561,309672,16150,325822,5658
2021-11-20,Placer,061,380077,38129,37800,3920,41720,462
2021-11-20,Plumas,063,18699,1886,1841,52,1893,7
2021-11-20,Riverside,065,2383286,368919,365809,17336,383145,5265
2021-11-20,Sacramento,067,1510023,162568,161533,5064,166597,2316
2021-11-20,San Benito,069,59416,7577,7533,189,7722,77
2021-11-20,San Bernardino,071,2135413,361425,358322,11980,370302,5897
2021-11-20,San Diego,073,3302833,383569,380147,22247,402394,4311
2021-11-20,San Francisco,075,870044,53880,53525,2816,56341,669
2021-11-20,San Joaquin,077,732212,101606,100922,5756,106678,1832
2021-11-20,San Luis Obispo,079,281455,30088,29815,1333,31148,355
2021-11-20,San Mateo,081,765935,54418,54132,1770,55902,577
2021-11-20,Santa Barbara,083,443738,45408,45074,1732,46806,544
2021-11-20,Santa Clara,085,1922200,149963,148829,1519,150348,1917
2021-11-20,Santa Cruz,087,273765,21008,20756,1109,21865,222
2021-11-20,Shasta,089,179085,22275,21968,3782,25750,383
2021-11-20,Sierra,091,2930,195,191,23,214,0
2021-11-20,Siskiyou,093,43540,3375,3313,1384,4697,54
2021-11-20,Solano,095,438530,46253,46006,1283,47289,356
2021-11-20,Sonoma,097,501317,42405,42151,559,42710,403
2021-11-20,Stanislaus,099,539301,80951,80412,9371,89783,1205
2021-11-20,Sutter,101,95872,14138,14074,386,14460,181
2021-11-20,Tehama,103,63373,8691,8648,1567,10215,125
2021-11-20,Trinity,105,12862,802,771,205,976,17
2021-11-20,Tulare,107,460477,69625,69074,16462,85536,1054
2021-11-20,Tuolumne,109,53932,7598,7511,106,7617,90
2021-11-20,Ventura,111,848112,99364,98893,4495,103388,1186
2021-11-20,Yolo,113,214977,20223,20139,1254,21393,257
2021-11-20,Yuba,115,75493,10351,10290,375,10665,88
2021-11-19,Alameda,001,1643700,121737,121059,3057,124116,1473
2021-11-19,Alpine,003,1148,106,105,0,105,0
2021-11-19,Amador,005,37829,5676,5652,69,5721,66
2021-11-19,Butte,007,227075,21416,21265,3944,25209,300
2021-11-19,Calaveras,009,45235,4314,4268,64,4332,84
2021-11-19,Colusa,011,21464,2587,2549,675,3224,19
2021-11-19,Contra Costa,013,1133247,101023,100491,2361,102852,1043
2021-11-19,Del Norte,015,27424,3711,3637,58,3695,42
2021-11-19,El Dorado,017,186661,16453,16308,1797,18105,161
2021-11-19,Fresno,019,978130,143739,142579,12693,155272,2233
2021-11-19,Glenn,021,27897,3533,3526,1024,4550,35
2021-11-19,Humboldt,023,135768,9423,9302,672,9974,115
2021-11-19,Imperial,025,180216,34691,34312,3613,37925,766
2021-11-19,Inyo,027,18085,2508,2467,35,2502,44
2021-11-19,Kern,029,883053,130820,129488,24064,153552,1750
2021-11-19,Kings,031,150075,32952,32720,2152,34872,354
2021-11-19,Lake,033,64148,6869,6808,154,6962,110
2021-11-19,Lassen,035,31185,6996,6931,426,7357,47
2021-11-19,Los Angeles,037,10098052,1455187,1448963,58152,1507115,26741
2021-11-19,Madera,039,155013,23977,23720,2173,25893,296
2021-11-19,Marin,041,260295,17864,17774,495,18269,248
2021-11-19,Mariposa,043,17540,1399,1354,51,1405,6
2021-11-19,Mendocino,045,87422,7887,7773,644,8417,89
2021-11-19,Merced,047,269075,43003,42692,1947,44639,656
2021-11-19,Modoc,049,8938,577,550,202,752,5
2021-11-19,Mono,051,14174,1801,1767,19,1786,4
2021-11-19,Monterey,053,433212,48449,48260,4046,52306,609
2021-11-19,Napa,055,140530,13273,13184,115,13299,103
2021-11-19,Nevada,057,99092,9608,9480,349,9829,92
2021-11-19,Orange,059,3164182,311406,309672,16125,325797,5658
2021-11-19,Placer,061,380077,38091,37800,3916,41716,462
2021-11-19,Plumas,063,18699,1882,1841,52,1893,7
2021-11-19,Riverside,065,2383286,368649,365809,17330,383139,5265
2021-11-19,Sacramento,067,1510023,162447,161533,5060,166593,2316
2021-11-19,San Benito,069,59416,7571,7533,187,7720,77
2021-11-19,San Bernardino,071,2135413,361116,358322,11974,370296,5897
2021-11-19,San Diego,073,3302833,383178,380147,22220,402367,4311
2021-11-19,San Francisco,075,870044,53843,53525,2815,56340,669
2021-11-19,San Joaquin,077,732212,101552,100922,5752,106674,1832
2021-11-19,San Luis Obispo,079,281455,30071,29815,1331,31146,355
2021-11-19,San Mateo,081,765935,54378,54132,1759,55891,577
2021-11-19,Santa Barbara,083,443738,45372,45074,1732,46806,544
2021-11-19,Santa Clara,085,1922200,149820,148829,1515,150344,1917
2021-11-19,Santa Cruz,087,273765,20981,20756,1106,21862,222
2021-11-19,Shasta,089,179085,22263,21968,3781,25749,383
2021-11-19,Sierra,091,2930,195,191,23,214,0
2021-11-19,Siskiyou,093,43540,3372,3313,1384,4697,54
2021-11-19,Solano,095,438530,46222,46006,1281,47287,356
2021-11-19,Sonoma,097,501317,42374,42151,556,42707,403
2021-11-19,Stanislaus,099,539301,80892,80412,9361,89773,1205
2021-11-19,Sutter,101,95872,14136,14074,386,14460,181
2021-11-19,Tehama,103,63373,8688,8648,1567,10215,125
2021-11-19,Trinity,105,12862,800,771,205,976,17
2021-11-19,Tulare,107,460477,69586,69074,16433,85507,1054
2021-11-19,Tuolumne,109,53932,7587,7511,106,7617,90
2021-11-19,Ventura,111,848112,99299,98893,4491,103384,1186
2021-11-19,Yolo,113,214977,20214,20139,1251,21390,257
2021-11-19,Yuba,115,75493,10348,10290,375,10665,88
2021-11-18,Alameda,001,1643700,121618,121059,3048,124107,1473
2021-11-18,Alpine,003,1148,106,105,0,105,0
2021-11-18,Amador,005,37829,5674,5652,69,5721,66
2021-11-18,Butte,007,227075,21399,21265,3938,25203,300
2021-11-18,Calaveras,009,45235,4307,4268,63,4331,84
2021-11-18,Colusa,011,21464,2579,2549,675,3224,19
2021-11-18,Contra Costa,013,1133247,100922,100491,2352,102843,1043
2021-11-18,Del Norte,015,27424,3708,3637,58,3695,42
2021-11-18,El Dorado,017,186661,16437,16308,1794,18102,161
2021-11-18,Fresno,019,978130,143601,142579,12686,155265,2233
2021-11-18,Glenn,021,27897,3532,3526,1023,4549,35
2021-11-18,Humboldt,023,135768,9407,9302,667,9969,115
2021-11-18,Imperial,025,180216,34636,34312,3597,37909,766
2021-11-18,Inyo,027,18085,2500,2467,35,2502,44
2021-11-18,Kern,029,883053,130677,129488,24015,153503,1750
2021-11-18,Kings,031,150075,32914,32720,2149,34869,354
2021-11-18,Lake,033,64148,6864,6808,154,6962,110
2021-11-18,Lassen,035,31185,6993,6931,421,7352,47
2021-11-18,Los Angeles,037,10098052,1454214,1448963,58088,1507051,26741
2021-11-18,Madera,039,155013,23952,23720,2169,25889,296
2021-11-18,Marin,041,260295,17846,17774,491,18265,248
2021-11-18,Mariposa,043,17540,1396,1354,51,1405,6
2021-11-18,Mendocino,045,87422,7866,7773,633,8406,89
2021-11-18,Merced,047,269075,42945,42692,1945,44637,656
2021-11-18,Modoc,049,8938,566,550,202,752,5
2021-11-18,Mono,051,14174,1788,1767,19,1786,4
2021-11-18,Monterey,053,433212,48428,48260,4037,52297,609
2021-11-18,Napa,055,140530,13261,13184,114,13298,103
2021-11-18,Nevada,057,99092,9584,9480,349,9829,92
2021-11-18,Orange,059,3164182,311173,309672,16108,325780,5658
2021-11-18,Placer,061,380077,38048,37800,3904,41704,462
2021-11-18,Plumas,063,18699,1881,1841,52,1893,7
2021-11-18,Riverside,065,2383286,368278,365809,17317,383126,5265
2021-11-18,Sacramento,067,1510023,162222,161533,5044,166577,2316
2021-11-18,San Benito,069,59416,7560,7533,187,7720,77
2021-11-18,San Bernardino,071,2135413,360696,358322,11956,370278,5897
2021-11-18,San Diego,073,3302833,382674,380147,22204,402351,4311
2021-11-18,San Francisco,075,870044,53793,53525,2809,56334,669
2021-11-18,San Joaquin,077,732212,101459,100922,5744,106666,1832
2021-11-18,San Luis Obispo,079,281455,30043,29815,1328,31143,355
2021-11-18,San Mateo,081,765935,54326,54132,1750,55882,577
2021-11-18,Santa Barbara,083,443738,45328,45074,1725,46799,544
2021-11-18,Santa Clara,085,1922200,149635,148829,1507,150336,1917
2021-11-18,Santa Cruz,087,273765,20931,20756,1105,21861,222
2021-11-18,Shasta,089,179085,22227,21968,3776,25744,383
2021-11-18,Sierra,091,2930,194,191,23,214,0
2021-11-18,Siskiyou,093,43540,3372,3313,1379,4692,54
2021-11-18,Solano,095,438530,46181,46006,1279,47285,356
2021-11-18,Sonoma,097,501317,42329,42151,553,42704,403
2021-11-18,Stanislaus,099,539301,80826,80412,9354,89766,1205
2021-11-18,Sutter,101,95872,14125,14074,386,14460,181
2021-11-18,Tehama,103,63373,8683,8648,1567,10215,125
2021-11-18,Trinity,105,12862,799,771,205,976,17
2021-11-18,Tulare,107,460477,69516,69074,16385,85459,1054
2021-11-18,Tuolumne,109,53932,7579,7511,106,7617,90
2021-11-18,Ventura,111,848112,99221,98893,4487,103380,1186
2021-11-18,Yolo,113,214977,20197,20139,1247,21386,257
2021-11-18,Yuba,115,75493,10342,10290,375,10665,88
2021-11-17,Alameda,001,1643700,121502,120913,3046,123959,1472
2021-11-17,Alpine,003,1148,106,105,0,105,0
2021-11-17,Amador,005,37829,5667,5646,69,5715,66
2021-11-17,Butte,007,227075,21373,21230,3935,25165,300
2021-11-17,Calaveras,009,45235,4300,4259,63,4322,84
2021-11-17,Colusa,011,21464,2576,2546,674,3220,19
2021-11-17,Contra Costa,013,1133247,100832,100387,2346,102733,1039
2021-11-17,Del Norte,015,27424,3706,3630,58,3688,42
2021-11-17,El Dorado,017,186661,16418,16269,1793,18062,161
2021-11-17,Fresno,019,978130,143420,142366,12672,155038,2230
2021-11-17,Glenn,021,27897,3531,3527,1022,4549,34
2021-11-17,Humboldt,023,135768,9396,9270,664,9934,115
2021-11-17,Imperial,025,180216,34578,34256,3575,37831,766
2021-11-17,Inyo,027,18085,2494,2457,35,2492,44
2021-11-17,Kern,029,883053,130505,129307,23973,153280,1743
2021-11-17,Kings,031,150075,32886,32669,2145,34814,352
2021-11-17,Lake,033,64148,6860,6795,153,6948,110
2021-11-17,Lassen,035,31185,6991,6918,421,7339,47
2021-11-17,Los Angeles,037,10098052,1453121,1447947,58027,1505974,26721
2021-11-17,Madera,039,155013,23918,23673,2168,25841,287
2021-11-17,Marin,041,260295,17827,17757,489,18246,248
2021-11-17,Mariposa,043,17540,1391,1353,51,1404,6
2021-11-17,Mendocino,045,87422,7859,7735,632,8367,89
2021-11-17,Merced,047,269075,42884,42612,1942,44554,654
2021-11-17,Modoc,049,8938,562,540,202,742,5
2021-11-17,Mono,051,14174,1786,1765,19,1784,5
2021-11-17,Monterey,053,433212,48386,48221,4020,52241,609
2021-11-17,Napa,055,140530,13237,13167,114,13281,103
2021-11-17,Nevada,057,99092,9570,9447,349,9796,92
2021-11-17,Orange,059,3164182,310930,309396,16080,325476,5651
2021-11-17,Placer,061,380077,37999,37725,3895,41620,460
2021-11-17,Plumas,063,18699,1877,1833,52,1885,7
2021-11-17,Riverside,065,2383286,367870,365406,17302,382708,5229
2021-11-17,Sacramento,067,1510023,162052,161269,5036,166305,2302
2021-11-17,San Benito,069,59416,7553,7524,187,7711,77
2021-11-17,San Bernardino,071,2135413,360344,357947,11942,369889,5893
2021-11-17,San Diego,073,3302833,382178,379769,22177,401946,4301
2021-11-17,San Francisco,075,870044,53739,53469,2804,56273,667
2021-11-17,San Joaquin,077,732212,101356,100764,5739,106503,1828
2021-11-17,San Luis Obispo,079,281455,30017,29731,1325,31056,354
2021-11-17,San Mateo,081,765935,54271,54092,1735,55827,577
2021-11-17,Santa Barbara,083,443738,45291,45000,1725,46725,542
2021-11-17,Santa Clara,085,1922200,149474,148626,1499,150125,1915
2021-11-17,Santa Cruz,087,273765,20896,20700,1105,21805,222
2021-11-17,Shasta,089,179085,22194,21883,3774,25657,382
2021-11-17,Sierra,091,2930,193,189,23,212,0
2021-11-17,Siskiyou,093,43540,3368,3307,1376,4683,54
2021-11-17,Solano,095,438530,46148,45948,1278,47226,353
2021-11-17,Sonoma,097,501317,42283,42093,550,42643,403
2021-11-17,Stanislaus,099,539301,80735,80276,9343,89619,1199
2021-11-17,Sutter,101,95872,14113,14064,384,14448,181
2021-11-17,Tehama,103,63373,8674,8633,1564,10197,125
2021-11-17,Trinity,105,12862,798,765,205,970,17
2021-11-17,Tulare,107,460477,69445,68977,16358,85335,1047
2021-11-17,Tuolumne,109,53932,7563,7485,106,7591,90
2021-11-17,Ventura,111,848112,99161,98812,4481,103293,1183
2021-11-17,Yolo,113,214977,20179,20100,1244,21344,257
2021-11-17,Yuba,115,75493,10330,10275,371,10646,88
2021-11-16,Alameda,001,1643700,121396,120809,3042,123851,1467
2021-11-16,Alpine,003,1148,106,105,0,105,0
2021-11-16,Amador,005,37829,5661,5644,69,5713,66
2021-11-16,Butte,007,227075,21347,21208,3931,25139,297
2021-11-16,Calaveras,009,45235,4291,4249,63,4312,83
2021-11-16,Colusa,011,21464,2570,2538,674,3212,19
2021-11-16,Contra Costa,013,1133247,100709,100320,2343,102663,1038
2021-11-16,Del Norte,015,27424,3700,3630,58,3688,42
2021-11-16,El Dorado,017,186661,16394,16248,1791,18039,159
2021-11-16,Fresno,019,978130,143234,142200,12656,154856,2218
2021-11-16,Glenn,021,27897,3529,3527,1019,4546,34
2021-11-16,Humboldt,023,135768,9377,9252,659,9911,115
2021-11-16,Imperial,025,180216,34493,34177,3563,37740,766
2021-11-16,Inyo,027,18085,2487,2449,35,2484,42
2021-11-16,Kern,029,883053,130348,129136,23912,153048,1735
2021-11-16,Kings,031,150075,32835,32614,2139,34753,350
2021-11-16,Lake,033,64148,6855,6789,153,6942,110
2021-11-16,Lassen,035,31185,6981,6915,421,7336,47
2021-11-16,Los Angeles,037,10098052,1451958,1446815,57954,1504769,26703
2021-11-16,Madera,039,155013,23882,23642,2163,25805,287
2021-11-16,Marin,041,260295,17808,17736,488,18224,248
2021-11-16,Mariposa,043,17540,1383,1349,50,1399,6
2021-11-16,Mendocino,045,87422,7817,7723,628,8351,89
2021-11-16,Merced,047,269075,42846,42578,1935,44513,653
2021-11-16,Modoc,049,8938,561,539,201,740,5
2021-11-16,Mono,051,14174,1778,1767,19,1786,4
2021-11-16,Monterey,053,433212,48357,48195,4005,52200,609
2021-11-16,Napa,055,140530,13226,13151,114,13265,103
2021-11-16,Nevada,057,99092,9553,9435,348,9783,92
2021-11-16,Orange,059,3164182,310665,309170,16046,325216,5651
2021-11-16,Placer,061,380077,37956,37676,3889,41565,459
2021-11-16,Plumas,063,18699,1870,1832,52,1884,7
2021-11-16,Riverside,065,2383286,367449,365078,17280,382358,5208
2021-11-16,Sacramento,067,1510023,161879,161102,5022,166124,2299
2021-11-16,San Benito,069,59416,7539,7513,187,7700,77
2021-11-16,San Bernardino,071,2135413,359939,357528,11892,369420,5901
2021-11-16,San Diego,073,3302833,381623,379435,22146,401581,4287
2021-11-16,San Francisco,075,870044,53668,53415,2797,56212,667
2021-11-16,San Joaquin,077,732212,101216,100637,5723,106360,1807
2021-11-16,San Luis Obispo,079,281455,29987,29703,1322,31025,356
2021-11-16,San Mateo,081,765935,54215,54034,1727,55761,577
2021-11-16,Santa Barbara,083,443738,45223,44932,1722,46654,539
2021-11-16,Santa Clara,085,1922200,149297,148452,1487,149939,1916
2021-11-16,Santa Cruz,087,273765,20852,20684,1102,21786,222
2021-11-16,Shasta,089,179085,22153,21853,3770,25623,379
2021-11-16,Sierra,091,2930,193,189,23,212,0
2021-11-16,Siskiyou,093,43540,3365,3304,1374,4678,54
2021-11-16,Solano,095,438530,46108,45908,1277,47185,351
2021-11-16,Sonoma,097,501317,42234,42056,549,42605,401
2021-11-16,Stanislaus,099,539301,80638,80214,9321,89535,1196
2021-11-16,Sutter,101,95872,14101,14058,382,14440,181
2021-11-16,Tehama,103,63373,8667,8621,1557,10178,125
2021-11-16,Trinity,105,12862,798,762,204,966,17
2021-11-16,Tulare,107,460477,69366,68881,16323,85204,1039
2021-11-16,Tuolumne,109,53932,7554,7478,106,7584,90
2021-11-16,Ventura,111,848112,99085,98731,4478,103209,1183
2021-11-16,Yolo,113,214977,20143,20077,1241,21318,257
2021-11-16,Yuba,115,75493,10321,10262,369,10631,85
2021-11-15,Alameda,001,1643700,121243,120731,3037,123768,1464
2021-11-15,Alpine,003,1148,106,105,0,105,0
2021-11-15,Amador,005,37829,5657,5637,69,5706,66
2021-11-15,Butte,007,227075,21323,21182,3927,25109,296
2021-11-15,Calaveras,009,45235,4277,4237,63,4300,83
2021-11-15,Colusa,011,21464,2563,2535,671,3206,19
2021-11-15,Contra Costa,013,1133247,100604,100251,2339,102590,1038
2021-11-15,Del Norte,015,27424,3695,3630,57,3687,42
2021-11-15,El Dorado,017,186661,16370,16236,1787,18023,159
2021-11-15,Fresno,019,978130,143011,142015,12639,154654,2210
2021-11-15,Glenn,021,27897,3527,3526,1019,4545,34
2021-11-15,Humboldt,023,135768,9352,9230,649,9879,115
2021-11-15,Imperial,025,180216,34419,34130,3545,37675,766
2021-11-15,Inyo,027,18085,2482,2442,35,2477,42
2021-11-15,Kern,029,883053,130140,128928,23842,152770,1730
2021-11-15,Kings,031,150075,32801,32584,2135,34719,348
2021-11-15,Lake,033,64148,6851,6784,153,6937,109
2021-11-15,Lassen,035,31185,6971,6915,419,7334,47
2021-11-15,Los Angeles,037,10098052,1450775,1446114,57886,1504000,26677
2021-11-15,Madera,039,155013,23843,23605,2153,25758,287
2021-11-15,Marin,041,260295,17791,17723,487,18210,248
2021-11-15,Mariposa,043,17540,1381,1347,48,1395,6
2021-11-15,Mendocino,045,87422,7797,7694,622,8316,89
2021-11-15,Merced,047,269075,42787,42552,1925,44477,648
2021-11-15,Modoc,049,8938,560,538,201,739,5
2021-11-15,Mono,051,14174,1767,1763,19,1782,4
2021-11-15,Monterey,053,433212,48334,48154,3991,52145,609
2021-11-15,Napa,055,140530,13218,13143,114,13257,103
2021-11-15,Nevada,057,99092,9523,9420,348,9768,92
2021-11-15,Orange,059,3164182,310392,308859,16024,324883,5646
2021-11-15,Placer,061,380077,37892,37610,3885,41495,452
2021-11-15,Plumas,063,18699,1864,1829,52,1881,7
2021-11-15,Riverside,065,2383286,367003,364750,17260,382010,5199
2021-11-15,Sacramento,067,1510023,161659,160937,5009,165946,2293
2021-11-15,San Benito,069,59416,7534,7511,186,7697,77
2021-11-15,San Bernardino,071,2135413,359526,357306,11873,369179,5898
2021-11-15,San Diego,073,3302833,381076,378845,22120,400965,4284
2021-11-15,San Francisco,075,870044,53603,53374,2792,56166,667
2021-11-15,San Joaquin,077,732212,101065,100587,5712,106299,1799
2021-11-15,San Luis Obispo,079,281455,29944,29669,1310,30979,351
2021-11-15,San Mateo,081,765935,54171,54010,1715,55725,576
2021-11-15,Santa Barbara,083,443738,45167,44879,1716,46595,539
2021-11-15,Santa Clara,085,1922200,149080,148313,1480,149793,1914
2021-11-15,Santa Cruz,087,273765,20809,20630,1101,21731,223
2021-11-15,Shasta,089,179085,22106,21779,3765,25544,374
2021-11-15,Sierra,091,2930,193,189,23,212,0
2021-11-15,Siskiyou,093,43540,3358,3302,1372,4674,54
2021-11-15,Solano,095,438530,46071,45885,1274,47159,351
2021-11-15,Sonoma,097,501317,42186,42021,548,42569,401
2021-11-15,Stanislaus,099,539301,80552,80129,9306,89435,1174
2021-11-15,Sutter,101,95872,14088,14043,381,14424,181
2021-11-15,Tehama,103,63373,8661,8615,1556,10171,125
2021-11-15,Trinity,105,12862,797,757,204,961,17
2021-11-15,Tulare,107,460477,69279,68826,16278,85104,1039
2021-11-15,Tuolumne,109,53932,7544,7461,106,7567,90
2021-11-15,Ventura,111,848112,99000,98605,4474,103079,1183
2021-11-15,Yolo,113,214977,20113,20065,1236,21301,255
2021-11-15,Yuba,115,75493,10302,10254,365,10619,85
2021-11-14,Alameda,001,1643700,121076,120629,3033,123662,1461
2021-11-14,Alpine,003,1148,105,105,0,105,0
2021-11-14,Amador,005,37829,5650,5632,68,5700,66
2021-11-14,Butte,007,227075,21293,21146,3918,25064,296
2021-11-14,Calaveras,009,45235,4266,4222,63,4285,83
2021-11-14,Colusa,011,21464,2561,2532,668,3200,19
2021-11-14,Contra Costa,013,1133247,100497,100188,2337,102525,1038
2021-11-14,Del Norte,015,27424,3692,3629,57,3686,42
2021-11-14,El Dorado,017,186661,16329,16212,1783,17995,159
2021-11-14,Fresno,019,978130,142728,141869,12607,154476,2209
2021-11-14,Glenn,021,27897,3526,3521,1019,4540,34
2021-11-14,Humboldt,023,135768,9323,9215,639,9854,115
2021-11-14,Imperial,025,180216,34318,34078,3529,37607,766
2021-11-14,Inyo,027,18085,2471,2441,35,2476,42
2021-11-14,Kern,029,883053,129900,128842,23775,152617,1730
2021-11-14,Kings,031,150075,32744,32545,2128,34673,349
2021-11-14,Lake,033,64148,6843,6777,153,6930,109
2021-11-14,Lassen,035,31185,6961,6911,418,7329,47
2021-11-14,Los Angeles,037,10098052,1449425,1445284,57810,1503094,26667
2021-11-14,Madera,039,155013,23795,23566,2144,25710,287
2021-11-14,Marin,041,260295,17776,17712,487,18199,247
2021-11-14,Mariposa,043,17540,1372,1337,44,1381,6
2021-11-14,Mendocino,045,87422,7763,7684,618,8302,89
2021-11-14,Merced,047,269075,42697,42513,1919,44432,648
2021-11-14,Modoc,049,8938,558,538,201,739,5
2021-11-14,Mono,051,14174,1759,1760,19,1779,4
2021-11-14,Monterey,053,433212,48285,48135,3969,52104,609
2021-11-14,Napa,055,140530,13200,13132,114,13246,103
2021-11-14,Nevada,057,99092,9496,9408,348,9756,92
2021-11-14,Orange,059,3164182,310086,308699,16004,324703,5646
2021-11-14,Placer,061,380077,37811,37569,3875,41444,452
2021-11-14,Plumas,063,18699,1861,1829,51,1880,7
2021-11-14,Riverside,065,2383286,366511,364490,17243,381733,5199
2021-11-14,Sacramento,067,1510023,161425,160761,4992,165753,2295
2021-11-14,San Benito,069,59416,7523,7507,185,7692,77
2021-11-14,San Bernardino,071,2135413,358952,357014,11863,368877,5897
2021-11-14,San Diego,073,3302833,380476,377633,22082,399715,4280
2021-11-14,San Francisco,075,870044,53531,53338,2784,56122,667
2021-11-14,San Joaquin,077,732212,100941,100518,5707,106225,1799
2021-11-14,San Luis Obispo,079,281455,29862,29645,1306,30951,352
2021-11-14,San Mateo,081,765935,54124,53978,1707,55685,576
2021-11-14,Santa Barbara,083,443738,45089,44842,1713,46555,539
2021-11-14,Santa Clara,085,1922200,148886,148152,1470,149622,1913
2021-11-14,Santa Cruz,087,273765,20756,20609,1098,21707,223
2021-11-14,Shasta,089,179085,22055,21771,3752,25523,373
2021-11-14,Sierra,091,2930,193,189,23,212,0
2021-11-14,Siskiyou,093,43540,3349,3302,1371,4673,54
2021-11-14,Solano,095,438530,46015,45860,1267,47127,351
2021-11-14,Sonoma,097,501317,42120,41974,546,42520,401
2021-11-14,Stanislaus,099,539301,80420,80076,9294,89370,1174
2021-11-14,Sutter,101,95872,14071,14031,376,14407,181
2021-11-14,Tehama,103,63373,8651,8607,1554,10161,125
2021-11-14,Trinity,105,12862,794,754,202,956,17
2021-11-14,Tulare,107,460477,69161,68772,16219,84991,1037
2021-11-14,Tuolumne,109,53932,7526,7439,105,7544,90
2021-11-14,Ventura,111,848112,98881,98550,4472,103022,1183
2021-11-14,Yolo,113,214977,20086,20040,1230,21270,255
2021-11-14,Yuba,115,75493,10295,10238,363,10601,85
2021-11-13,Alameda,001,1643700,121007,120407,3031,123438,1454
2021-11-13,Alpine,003,1148,105,105,0,105,0
2021-11-13,Amador,005,37829,5649,5614,68,5682,66
2021-11-13,Butte,007,227075,21273,21104,3915,25019,296
2021-11-13,Calaveras,009,45235,4255,4203,63,4266,83
2021-11-13,Colusa,011,21464,2559,2522,668,3190,19
2021-11-13,Contra Costa,013,1133247,100425,100004,2332,102336,1028
2021-11-13,Del Norte,015,27424,3692,3629,57,3686,42
2021-11-13,El Dorado,017,186661,16317,16163,1780,17943,159
2021-11-13,Fresno,019,978130,142621,141452,12596,154048,2205
2021-11-13,Glenn,021,27897,3526,3514,1018,4532,34
2021-11-13,Humboldt,023,135768,9308,9177,633,9810,115
2021-11-13,Imperial,025,180216,34268,33990,3512,37502,766
2021-11-13,Inyo,027,18085,2465,2436,35,2471,42
2021-11-13,Kern,029,883053,129801,128472,23730,152202,1719
2021-11-13,Kings,031,150075,32725,32452,2127,34579,347
2021-11-13,Lake,033,64148,6838,6769,153,6922,109
2021-11-13,Lassen,035,31185,6956,6897,418,7315,47
2021-11-13,Los Angeles,037,10098052,1448775,1443088,57766,1500854,26649
2021-11-13,Madera,039,155013,23765,23462,2139,25601,287
2021-11-13,Marin,041,260295,17763,17684,485,18169,247
2021-11-13,Mariposa,043,17540,1369,1323,44,1367,6
2021-11-13,Mendocino,045,87422,7744,7652,616,8268,89
2021-11-13,Merced,047,269075,42659,42411,1917,44328,644
2021-11-13,Modoc,049,8938,557,536,201,737,5
2021-11-13,Mono,051,14174,1759,1750,19,1769,4
2021-11-13,Monterey,053,433212,48265,48087,3961,52048,609
2021-11-13,Napa,055,140530,13192,13110,114,13224,103
2021-11-13,Nevada,057,99092,9476,9369,346,9715,92
2021-11-13,Orange,059,3164182,309919,308211,15979,324190,5641
2021-11-13,Placer,061,380077,37762,37453,3871,41324,445
2021-11-13,Plumas,063,18699,1858,1828,51,1879,8
2021-11-13,Riverside,065,2383286,366207,363801,17236,381037,5187
2021-11-13,Sacramento,067,1510023,161292,160397,4979,165376,2291
2021-11-13,San Benito,069,59416,7510,7491,184,7675,77
2021-11-13,San Bernardino,071,2135413,358705,356325,11857,368182,5873
2021-11-13,San Diego,073,3302833,380140,377633,22052,399685,4280
2021-11-13,San Francisco,075,870044,53499,53195,2782,55977,667
2021-11-13,San Joaquin,077,732212,100885,100263,5697,105960,1799
2021-11-13,San Luis Obispo,079,281455,29832,29589,1304,30893,351
2021-11-13,San Mateo,081,765935,54090,53853,1703,55556,574
2021-11-13,Santa Barbara,083,443738,45056,44734,1713,46447,537
2021-11-13,Santa Clara,085,1922200,148769,147821,1464,149285,1905
2021-11-13,Santa Cruz,087,273765,20741,20565,1097,21662,223
2021-11-13,Shasta,089,179085,22024,21713,3748,25461,366
2021-11-13,Sierra,091,2930,192,188,23,211,0
2021-11-13,Siskiyou,093,43540,3340,3299,1370,4669,54
2021-11-13,Solano,095,438530,45988,45774,1263,47037,350
2021-11-13,Sonoma,097,501317,42086,41882,545,42427,399
2021-11-13,Stanislaus,099,539301,80344,79872,9279,89151,1174
2021-11-13,Sutter,101,95872,14061,14017,375,14392,181
2021-11-13,Tehama,103,63373,8645,8592,1550,10142,125
2021-11-13,Trinity,105,12862,793,749,202,951,17
2021-11-13,Tulare,107,460477,69094,68619,16196,84815,1033
2021-11-13,Tuolumne,109,53932,7510,7392,105,7497,90
2021-11-13,Ventura,111,848112,98818,98452,4470,102922,1183
2021-11-13,Yolo,113,214977,20070,20009,1225,21234,255
2021-11-13,Yuba,115,75493,10285,10218,361,10579,85
2021-11-12,Alameda,001,1643700,120926,120407,3028,123435,1454
2021-11-12,Alpine,003,1148,105,105,0,105,0
2021-11-12,Amador,005,37829,5643,5614,67,5681,66
2021-11-12,Butte,007,227075,21257,21104,3912,25016,296
2021-11-12,Calaveras,009,45235,4244,4203,63,4266,83
2021-11-12,Colusa,011,21464,2555,2522,667,3189,19
2021-11-12,Contra Costa,013,1133247,100371,100004,2331,102335,1028
2021-11-12,Del Norte,015,27424,3692,3629,57,3686,42
2021-11-12,El Dorado,017,186661,16298,16163,1779,17942,159
2021-11-12,Fresno,019,978130,142480,141452,12586,154038,2205
2021-11-12,Glenn,021,27897,3523,3514,1017,4531,34
2021-11-12,Humboldt,023,135768,9301,9177,631,9808,115
2021-11-12,Imperial,025,180216,34239,33990,3502,37492,766
2021-11-12,Inyo,027,18085,2461,2436,35,2471,42
2021-11-12,Kern,029,883053,129663,128472,23699,152171,1719
2021-11-12,Kings,031,150075,32699,32452,2126,34578,347
2021-11-12,Lake,033,64148,6834,6769,153,6922,109
2021-11-12,Lassen,035,31185,6952,6897,417,7314,47
2021-11-12,Los Angeles,037,10098052,1448056,1443088,57719,1500807,26649
2021-11-12,Madera,039,155013,23735,23462,2133,25595,287
2021-11-12,Marin,041,260295,17747,17684,484,18168,247
2021-11-12,Mariposa,043,17540,1362,1323,44,1367,6
2021-11-12,Mendocino,045,87422,7734,7652,613,8265,89
2021-11-12,Merced,047,269075,42633,42411,1915,44326,644
2021-11-12,Modoc,049,8938,556,536,201,737,5
2021-11-12,Mono,051,14174,1758,1750,19,1769,4
2021-11-12,Monterey,053,433212,48246,48087,3942,52029,609
2021-11-12,Napa,055,140530,13183,13110,114,13224,103
2021-11-12,Nevada,057,99092,9462,9369,345,9714,92
2021-11-12,Orange,059,3164182,309731,308211,15958,324169,5641
2021-11-12,Placer,061,380077,37722,37453,3868,41321,445
2021-11-12,Plumas,063,18699,1853,1828,51,1879,8
2021-11-12,Riverside,065,2383286,365939,363801,17232,381033,5187
2021-11-12,Sacramento,067,1510023,161134,160397,4974,165371,2291
2021-11-12,San Benito,069,59416,7510,7491,184,7675,77
2021-11-12,San Bernardino,071,2135413,358410,356325,11850,368175,5873
2021-11-12,San Diego,073,3302833,379766,377633,22026,399659,4280
2021-11-12,San Francisco,075,870044,53464,53195,2778,55973,667
2021-11-12,San Joaquin,077,732212,100841,100263,5691,105954,1799
2021-11-12,San Luis Obispo,079,281455,29803,29589,1303,30892,351
2021-11-12,San Mateo,081,765935,54043,53853,1698,55551,574
2021-11-12,Santa Barbara,083,443738,45002,44734,1712,46446,537
2021-11-12,Santa Clara,085,1922200,148627,147821,1459,149280,1905
2021-11-12,Santa Cruz,087,273765,20714,20565,1095,21660,223
2021-11-12,Shasta,089,179085,21992,21713,3744,25457,366
2021-11-12,Sierra,091,2930,191,188,23,211,0
2021-11-12,Siskiyou,093,43540,3339,3299,1368,4667,54
2021-11-12,Solano,095,438530,45962,45774,1260,47034,350
2021-11-12,Sonoma,097,501317,42045,41882,545,42427,399
2021-11-12,Stanislaus,099,539301,80291,79872,9271,89143,1174
2021-11-12,Sutter,101,95872,14053,14017,375,14392,181
2021-11-12,Tehama,103,63373,8641,8592,1549,10141,125
2021-11-12,Trinity,105,12862,786,749,202,951,17
2021-11-12,Tulare,107,460477,69051,68619,16161,84780,1033
2021-11-12,Tuolumne,109,53932,7498,7392,104,7496,90
2021-11-12,Ventura,111,848112,98753,98452,4469,102921,1183
2021-11-12,Yolo,113,214977,20056,20009,1219,21228,255
2021-11-12,Yuba,115,75493,10276,10218,360,10578,85
2021-11-11,Alameda,001,1643700,120811,120147,3020,123167,1453
2021-11-11,Alpine,003,1148,105,105,0,105,0
2021-11-11,Amador,005,37829,5639,5603,66,5669,66
2021-11-11,Butte,007,227075,21214,21047,3907,24954,293
2021-11-11,Calaveras,009,45235,4226,4179,63,4242,83
2021-11-11,Colusa,011,21464,2547,2518,665,3183,19
2021-11-11,Contra Costa,013,1133247,100267,99808,2325,102133,1028
2021-11-11,Del Norte,015,27424,3690,3622,57,3679,42
2021-11-11,El Dorado,017,186661,16265,16085,1776,17861,159
2021-11-11,Fresno,019,978130,142279,140833,12561,153394,2202
2021-11-11,Glenn,021,27897,3521,3503,1017,4520,34
2021-11-11,Humboldt,023,135768,9278,9125,628,9753,115
2021-11-11,Imperial,025,180216,34170,33844,3480,37324,766
2021-11-11,Inyo,027,18085,2456,2428,35,2463,42
2021-11-11,Kern,029,883053,129480,128023,23635,151658,1709
2021-11-11,Kings,031,150075,32649,32318,2123,34441,345
2021-11-11,Lake,033,64148,6828,6745,153,6898,107
2021-11-11,Lassen,035,31185,6946,6875,417,7292,47
2021-11-11,Los Angeles,037,10098052,1446973,1440436,57657,1498093,26614
2021-11-11,Madera,039,155013,23688,23316,2124,25440,287
2021-11-11,Marin,041,260295,17737,17639,484,18123,247
2021-11-11,Mariposa,043,17540,1352,1317,43,1360,6
2021-11-11,Mendocino,045,87422,7720,7612,603,8215,89
2021-11-11,Merced,047,269075,42579,42292,1913,44205,643
2021-11-11,Modoc,049,8938,554,536,201,737,5
2021-11-11,Mono,051,14174,1749,1743,19,1762,4
2021-11-11,Monterey,053,433212,48217,48008,3924,51932,609
2021-11-11,Napa,055,140530,13174,13075,114,13189,103
2021-11-11,Nevada,057,99092,9440,9308,345,9653,92
2021-11-11,Orange,059,3164182,309462,307674,15922,323596,5633
2021-11-11,Placer,061,380077,37672,37333,3859,41192,440
2021-11-11,Plumas,063,18699,1849,1814,51,1865,7
2021-11-11,Riverside,065,2383286,365508,362930,17214,380144,5175
2021-11-11,Sacramento,067,1510023,160923,159962,4954,164916,2289
2021-11-11,San Benito,069,59416,7502,7473,184,7657,76
2021-11-11,San Bernardino,071,2135413,357992,355413,11839,367252,5849
2021-11-11,San Diego,073,3302833,379253,376428,22001,398429,4272
2021-11-11,San Francisco,075,870044,53406,53063,2774,55837,666
2021-11-11,San Joaquin,077,732212,100744,99937,5675,105612,1799
2021-11-11,San Luis Obispo,079,281455,29752,29532,1301,30833,351
2021-11-11,San Mateo,081,765935,54004,53722,1682,55404,574
2021-11-11,Santa Barbara,083,443738,44945,44603,1709,46312,534
2021-11-11,Santa Clara,085,1922200,148450,147458,1452,148910,1901
2021-11-11,Santa Cruz,087,273765,20670,20479,1094,21573,222
2021-11-11,Shasta,089,179085,21946,21600,3743,25343,364
2021-11-11,Sierra,091,2930,190,186,23,209,0
2021-11-11,Siskiyou,093,43540,3333,3297,1367,4664,53
2021-11-11,Solano,095,438530,45924,45679,1259,46938,350
2021-11-11,Sonoma,097,501317,42010,41774,545,42319,395
2021-11-11,Stanislaus,099,539301,80207,79570,9257,88827,1166
2021-11-11,Sutter,101,95872,14040,13993,374,14367,181
2021-11-11,Tehama,103,63373,8629,8565,1547,10112,125
2021-11-11,Trinity,105,12862,785,748,202,950,17
2021-11-11,Tulare,107,460477,68960,68367,16122,84489,1028
2021-11-11,Tuolumne,109,53932,7485,7354,104,7458,90
2021-11-11,Ventura,111,848112,98666,98297,4463,102760,1182
2021-11-11,Yolo,113,214977,20029,19946,1217,21163,255
2021-11-11,Yuba,115,75493,10260,10191,360,10551,85
2021-11-10,Alameda,001,1643700,120703,120147,3011,123158,1453
2021-11-10,Alpine,003,1148,105,105,0,105,0
2021-11-10,Amador,005,37829,5633,5603,66,5669,66
2021-11-10,Butte,007,227075,21188,21047,3903,24950,293
2021-11-10,Calaveras,009,45235,4215,4179,63,4242,83
2021-11-10,Colusa,011,21464,2541,2518,665,3183,19
2021-11-10,Contra Costa,013,1133247,100185,99808,2321,102129,1028
2021-11-10,Del Norte,015,27424,3689,3622,57,3679,42
2021-11-10,El Dorado,017,186661,16249,16085,1775,17860,159
2021-11-10,Fresno,019,978130,142100,140833,12551,153384,2202
2021-11-10,Glenn,021,27897,3521,3503,1016,4519,34
2021-11-10,Humboldt,023,135768,9260,9125,628,9753,115
2021-11-10,Imperial,025,180216,34116,33844,3461,37305,766
2021-11-10,Inyo,027,18085,2449,2428,35,2463,42
2021-11-10,Kern,029,883053,129331,128023,23579,151602,1709
2021-11-10,Kings,031,150075,32617,32318,2121,34439,345
2021-11-10,Lake,033,64148,6818,6745,153,6898,107
2021-11-10,Lassen,035,31185,6941,6875,417,7292,47
2021-11-10,Los Angeles,037,10098052,1446030,1440436,57601,1498037,26614
2021-11-10,Madera,039,155013,23639,23316,2120,25436,287
2021-11-10,Marin,041,260295,17724,17639,482,18121,247
2021-11-10,Mariposa,043,17540,1346,1317,43,1360,6
2021-11-10,Mendocino,045,87422,7708,7612,602,8214,89
2021-11-10,Merced,047,269075,42544,42292,1911,44203,643
2021-11-10,Modoc,049,8938,553,536,200,736,5
2021-11-10,Mono,051,14174,1747,1743,19,1762,4
2021-11-10,Monterey,053,433212,48191,48008,3905,51913,609
2021-11-10,Napa,055,140530,13160,13075,113,13188,103
2021-11-10,Nevada,057,99092,9433,9308,343,9651,92
2021-11-10,Orange,059,3164182,309205,307674,15893,323567,5633
2021-11-10,Placer,061,380077,37626,37333,3852,41185,440
2021-11-10,Plumas,063,18699,1846,1814,50,1864,7
2021-11-10,Riverside,065,2383286,365128,362930,17208,380138,5175
2021-11-10,Sacramento,067,1510023,160771,159962,4944,164906,2289
2021-11-10,San Benito,069,59416,7494,7473,184,7657,76
2021-11-10,San Bernardino,071,2135413,357655,355413,11835,367248,5849
2021-11-10,San Diego,073,3302833,378840,376428,21976,398404,4272
2021-11-10,San Francisco,075,870044,53345,53063,2770,55833,666
2021-11-10,San Joaquin,077,732212,100636,99937,5669,105606,1799
2021-11-10,San Luis Obispo,079,281455,29722,29532,1300,30832,351
2021-11-10,San Mateo,081,765935,53958,53722,1677,55399,574
2021-11-10,Santa Barbara,083,443738,44907,44603,1708,46311,534
2021-11-10,Santa Clara,085,1922200,148307,147458,1445,148903,1901
2021-11-10,Santa Cruz,087,273765,20643,20479,1093,21572,222
2021-11-10,Shasta,089,179085,21910,21600,3741,25341,364
2021-11-10,Sierra,091,2930,189,186,23,209,0
2021-11-10,Siskiyou,093,43540,3331,3297,1367,4664,53
2021-11-10,Solano,095,438530,45895,45679,1257,46936,350
2021-11-10,Sonoma,097,501317,41960,41774,545,42319,395
2021-11-10,Stanislaus,099,539301,80106,79570,9240,88810,1166
2021-11-10,Sutter,101,95872,14032,13993,374,14367,181
2021-11-10,Tehama,103,63373,8618,8565,1541,10106,125
2021-11-10,Trinity,105,12862,782,748,201,949,17
2021-11-10,Tulare,107,460477,68901,68367,16082,84449,1028
2021-11-10,Tuolumne,109,53932,7461,7354,104,7458,90
2021-11-10,Ventura,111,848112,98590,98297,4463,102760,1182
2021-11-10,Yolo,113,214977,20011,19946,1217,21163,255
2021-11-10,Yuba,115,75493,10251,10191,360,10551,85
2021-11-09,Alameda,001,1643700,120568,120051,3002,123053,1450
2021-11-09,Alpine,003,1148,105,105,0,105,0
2021-11-09,Amador,005,37829,5629,5596,66,5662,66
2021-11-09,Butte,007,227075,21167,21022,3901,24923,291
2021-11-09,Calaveras,009,45235,4211,4174,63,4237,84
2021-11-09,Colusa,011,21464,2536,2517,664,3181,19
2021-11-09,Contra Costa,013,1133247,100092,99732,2314,102046,1028
2021-11-09,Del Norte,015,27424,3688,3620,57,3677,42
2021-11-09,El Dorado,017,186661,16215,16073,1770,17843,160
2021-11-09,Fresno,019,978130,141859,140666,12537,153203,2188
2021-11-09,Glenn,021,27897,3516,3499,1015,4514,34
2021-11-09,Humboldt,023,135768,9236,9112,623,9735,115
2021-11-09,Imperial,025,180216,34064,33751,3447,37198,766
2021-11-09,Inyo,027,18085,2445,2404,35,2439,42
2021-11-09,Kern,029,883053,129093,127901,23518,151419,1694
2021-11-09,Kings,031,150075,32550,32279,2117,34396,344
2021-11-09,Lake,033,64148,6809,6743,153,6896,106
2021-11-09,Lassen,035,31185,6929,6846,417,7263,47
2021-11-09,Los Angeles,037,10098052,1444794,1439125,57538,1496663,26581
2021-11-09,Madera,039,155013,23588,23285,2112,25397,287
2021-11-09,Marin,041,260295,17705,17630,480,18110,247
2021-11-09,Mariposa,043,17540,1339,1317,42,1359,5
2021-11-09,Mendocino,045,87422,7685,7598,596,8194,85
2021-11-09,Merced,047,269075,42502,42251,1906,44157,613
2021-11-09,Modoc,049,8938,552,536,198,734,5
2021-11-09,Mono,051,14174,1742,1738,19,1757,4
2021-11-09,Monterey,053,433212,48159,47975,3874,51849,609
2021-11-09,Napa,055,140530,13142,13051,113,13164,103
2021-11-09,Nevada,057,99092,9414,9288,343,9631,92
2021-11-09,Orange,059,3164182,308921,307412,15867,323279,5621
2021-11-09,Placer,061,380077,37572,37291,3835,41126,440
2021-11-09,Plumas,063,18699,1844,1802,50,1852,7
2021-11-09,Riverside,065,2383286,364663,362557,17193,379750,5160
2021-11-09,Sacramento,067,1510023,160539,159856,4931,164787,2286
2021-11-09,San Benito,069,59416,7483,7471,183,7654,76
2021-11-09,San Bernardino,071,2135413,357208,354972,11819,366791,5839
2021-11-09,San Diego,073,3302833,378341,375997,21944,397941,4272
2021-11-09,San Francisco,075,870044,53274,52996,2763,55759,666
2021-11-09,San Joaquin,077,732212,100461,99848,5656,105504,1794
2021-11-09,San Luis Obispo,079,281455,29681,29488,1299,30787,350
2021-11-09,San Mateo,081,765935,53914,53697,1663,55360,574
2021-11-09,Santa Barbara,083,443738,44840,44579,1701,46280,533
2021-11-09,Santa Clara,085,1922200,148103,147281,1438,148719,1901
2021-11-09,Santa Cruz,087,273765,20608,20463,1092,21555,222
2021-11-09,Shasta,089,179085,21856,21558,3736,25294,364
2021-11-09,Sierra,091,2930,189,186,23,209,0
2021-11-09,Siskiyou,093,43540,3329,3295,1365,4660,52
2021-11-09,Solano,095,438530,45841,45639,1256,46895,350
2021-11-09,Sonoma,097,501317,41906,41727,544,42271,395
2021-11-09,Stanislaus,099,539301,80002,79505,9225,88730,1165
2021-11-09,Sutter,101,95872,14017,13988,372,14360,180
2021-11-09,Tehama,103,63373,8602,8555,1539,10094,125
2021-11-09,Trinity,105,12862,781,746,201,947,17
2021-11-09,Tulare,107,460477,68799,68298,16041,84339,1024
2021-11-09,Tuolumne,109,53932,7442,7347,104,7451,90
2021-11-09,Ventura,111,848112,98512,98202,4458,102660,1182
2021-11-09,Yolo,113,214977,19989,19931,1213,21144,255
2021-11-09,Yuba,115,75493,10234,10175,354,10529,85
2021-11-08,Alameda,001,1643700,120429,119983,2995,122978,1447
2021-11-08,Alpine,003,1148,105,105,0,105,0
2021-11-08,Amador,005,37829,5623,5590,66,5656,66
2021-11-08,Butte,007,227075,21139,21000,3893,24893,288
2021-11-08,Calaveras,009,45235,4203,4166,63,4229,82
2021-11-08,Colusa,011,21464,2535,2514,663,3177,19
2021-11-08,Contra Costa,013,1133247,99992,99669,2309,101978,1028
2021-11-08,Del Norte,015,27424,3684,3619,57,3676,42
2021-11-08,El Dorado,017,186661,16197,16055,1765,17820,156
2021-11-08,Fresno,019,978130,141560,140466,12519,152985,2179
2021-11-08,Glenn,021,27897,3513,3496,1011,4507,34
2021-11-08,Humboldt,023,135768,9209,9095,613,9708,109
2021-11-08,Imperial,025,180216,33985,33690,3428,37118,766
2021-11-08,Inyo,027,18085,2438,2398,35,2433,41
2021-11-08,Kern,029,883053,128860,127722,23434,151156,1692
2021-11-08,Kings,031,150075,32504,32248,2116,34364,344
2021-11-08,Lake,033,64148,6803,6737,153,6890,106
2021-11-08,Lassen,035,31185,6922,6830,415,7245,46
2021-11-08,Los Angeles,037,10098052,1443458,1438322,57478,1495800,26575
2021-11-08,Madera,039,155013,23539,23253,2102,25355,287
2021-11-08,Marin,041,260295,17688,17617,477,18094,247
2021-11-08,Mariposa,043,17540,1331,1316,41,1357,5
2021-11-08,Mendocino,045,87422,7671,7581,590,8171,85
2021-11-08,Merced,047,269075,42432,42224,1897,44121,607
2021-11-08,Modoc,049,8938,551,529,198,727,5
2021-11-08,Mono,051,14174,1736,1739,19,1758,4
2021-11-08,Monterey,053,433212,48132,47942,3839,51781,602
2021-11-08,Napa,055,140530,13128,13045,113,13158,103
2021-11-08,Nevada,057,99092,9396,9278,341,9619,92
2021-11-08,Orange,059,3164182,308648,307156,15835,322991,5616
2021-11-08,Placer,061,380077,37518,37250,3832,41082,439
2021-11-08,Plumas,063,18699,1843,1788,49,1837,7
2021-11-08,Riverside,065,2383286,364210,362201,17178,379379,5152
2021-11-08,Sacramento,067,1510023,160325,159735,4910,164645,2275
2021-11-08,San Benito,069,59416,7481,7461,183,7644,75
2021-11-08,San Bernardino,071,2135413,356708,354741,11797,366538,5836
2021-11-08,San Diego,073,3302833,377757,375557,21894,397451,4259
2021-11-08,San Francisco,075,870044,53220,52942,2757,55699,666
2021-11-08,San Joaquin,077,732212,100346,99736,5654,105390,1794
2021-11-08,San Luis Obispo,079,281455,29632,29464,1296,30760,350
2021-11-08,San Mateo,081,765935,53842,53658,1655,55313,574
2021-11-08,Santa Barbara,083,443738,44786,44548,1700,46248,532
2021-11-08,Santa Clara,085,1922200,147877,147183,1432,148615,1899
2021-11-08,Santa Cruz,087,273765,20579,20435,1092,21527,222
2021-11-08,Shasta,089,179085,21809,21504,3730,25234,354
2021-11-08,Sierra,091,2930,189,183,23,206,0
2021-11-08,Siskiyou,093,43540,3325,3290,1354,4644,50
2021-11-08,Solano,095,438530,45800,45613,1254,46867,350
2021-11-08,Sonoma,097,501317,41838,41669,542,42211,395
2021-11-08,Stanislaus,099,539301,79849,79417,9211,88628,1150
2021-11-08,Sutter,101,95872,14009,13976,368,14344,180
2021-11-08,Tehama,103,63373,8592,8534,1539,10073,123
2021-11-08,Trinity,105,12862,781,743,200,943,13
2021-11-08,Tulare,107,460477,68682,68199,16003,84202,1020
2021-11-08,Tuolumne,109,53932,7423,7328,103,7431,90
2021-11-08,Ventura,111,848112,98419,98144,4455,102599,1182
2021-11-08,Yolo,113,214977,19951,19916,1208,21124,255
2021-11-08,Yuba,115,75493,10223,10172,351,10523,83
2021-11-07,Alameda,001,1643700,120276,119902,2990,122892,1444
2021-11-07,Alpine,003,1148,105,105,0,105,0
2021-11-07,Amador,005,37829,5616,5580,64,5644,66
2021-11-07,Butte,007,227075,21099,20969,3887,24856,288
2021-11-07,Calaveras,009,45235,4176,4158,62,4220,82
2021-11-07,Colusa,011,21464,2529,2511,661,3172,19
2021-11-07,Contra Costa,013,1133247,99883,99596,2302,101898,1028
2021-11-07,Del Norte,015,27424,3682,3617,57,3674,42
2021-11-07,El Dorado,017,186661,16160,16040,1762,17802,156
2021-11-07,Fresno,019,978130,141219,140263,12497,152760,2179
2021-11-07,Glenn,021,27897,3506,3493,1010,4503,34
2021-11-07,Humboldt,023,135768,9184,9074,609,9683,109
2021-11-07,Imperial,025,180216,33911,33674,3409,37083,766
2021-11-07,Inyo,027,18085,2425,2394,35,2429,41
2021-11-07,Kern,029,883053,128589,127583,23343,150926,1692
2021-11-07,Kings,031,150075,32415,32221,2110,34331,343
2021-11-07,Lake,033,64148,6787,6734,152,6886,106
2021-11-07,Lassen,035,31185,6913,6819,411,7230,46
2021-11-07,Los Angeles,037,10098052,1441978,1437314,57399,1494713,26573
2021-11-07,Madera,039,155013,23493,23225,2096,25321,287
2021-11-07,Marin,041,260295,17668,17594,476,18070,247
2021-11-07,Mariposa,043,17540,1330,1306,41,1347,5
2021-11-07,Mendocino,045,87422,7642,7567,586,8153,85
2021-11-07,Merced,047,269075,42351,42186,1867,44053,607
2021-11-07,Modoc,049,8938,548,528,197,725,5
2021-11-07,Mono,051,14174,1732,1739,19,1758,4
2021-11-07,Monterey,053,433212,48094,47924,3821,51745,602
2021-11-07,Napa,055,140530,13107,13041,113,13154,103
2021-11-07,Nevada,057,99092,9348,9254,341,9595,92
2021-11-07,Orange,059,3164182,308330,306954,15801,322755,5616
2021-11-07,Placer,061,380077,37441,37202,3817,41019,439
2021-11-07,Plumas,063,18699,1836,1787,48,1835,7
2021-11-07,Riverside,065,2383286,363678,361960,17158,379118,5152
2021-11-07,Sacramento,067,1510023,160094,159549,4892,164441,2277
2021-11-07,San Benito,069,59416,7468,7460,183,7643,75
2021-11-07,San Bernardino,071,2135413,356209,354488,11774,366262,5832
2021-11-07,San Diego,073,3302833,377175,375165,21858,397023,4250
2021-11-07,San Francisco,075,870044,53139,52868,2748,55616,666
2021-11-07,San Joaquin,077,732212,100163,99696,5648,105344,1794
2021-11-07,San Luis Obispo,079,281455,29583,29454,1292,30746,350
2021-11-07,San Mateo,081,765935,53783,53600,1653,55253,574
2021-11-07,Santa Barbara,083,443738,44723,44501,1699,46200,532
2021-11-07,Santa Clara,085,1922200,147678,147054,1419,148473,1898
2021-11-07,Santa Cruz,087,273765,20521,20397,1091,21488,222
2021-11-07,Shasta,089,179085,21762,21479,3724,25203,354
2021-11-07,Sierra,091,2930,187,183,23,206,0
2021-11-07,Siskiyou,093,43540,3320,3289,1351,4640,51
2021-11-07,Solano,095,438530,45748,45582,1249,46831,350
2021-11-07,Sonoma,097,501317,41789,41630,542,42172,395
2021-11-07,Stanislaus,099,539301,79698,79351,9190,88541,1150
2021-11-07,Sutter,101,95872,13996,13964,365,14329,180
2021-11-07,Tehama,103,63373,8569,8528,1537,10065,121
2021-11-07,Trinity,105,12862,780,742,199,941,13
2021-11-07,Tulare,107,460477,68530,68145,15959,84104,1020
2021-11-07,Tuolumne,109,53932,7405,7300,101,7401,90
2021-11-07,Ventura,111,848112,98315,98085,4453,102538,1182
2021-11-07,Yolo,113,214977,19931,19899,1203,21102,255
2021-11-07,Yuba,115,75493,10206,10162,346,10508,83
2021-11-06,Alameda,001,1643700,120218,119499,2986,122485,1436
2021-11-06,Alpine,003,1148,105,105,0,105,0
2021-11-06,Amador,005,37829,5610,5557,64,5621,66
2021-11-06,Butte,007,227075,21079,20796,3885,24681,288
2021-11-06,Calaveras,009,45235,4168,4105,62,4167,82
2021-11-06,Colusa,011,21464,2528,2501,660,3161,19
2021-11-06,Contra Costa,013,1133247,99828,99282,2300,101582,1025
2021-11-06,Del Norte,015,27424,3679,3607,57,3664,42
2021-11-06,El Dorado,017,186661,16143,15958,1762,17720,156
2021-11-06,Fresno,019,978130,141102,139249,12495,151744,2170
2021-11-06,Glenn,021,27897,3503,3479,1010,4489,33
2021-11-06,Humboldt,023,135768,9172,8972,605,9577,109
2021-11-06,Imperial,025,180216,33865,33471,3403,36874,766
2021-11-06,Inyo,027,18085,2419,2353,35,2388,41
2021-11-06,Kern,029,883053,128455,126848,23290,150138,1684
2021-11-06,Kings,031,150075,32383,32018,2105,34123,342
2021-11-06,Lake,033,64148,6785,6695,152,6847,106
2021-11-06,Lassen,035,31185,6908,6796,410,7206,46
2021-11-06,Los Angeles,037,10098052,1441204,1433081,57354,1490435,26533
2021-11-06,Madera,039,155013,23457,22994,2087,25081,287
2021-11-06,Marin,041,260295,17649,17520,473,17993,247
2021-11-06,Mariposa,043,17540,1328,1282,41,1323,5
2021-11-06,Mendocino,045,87422,7620,7486,586,8072,85
2021-11-06,Merced,047,269075,42327,41958,1859,43817,604
2021-11-06,Modoc,049,8938,547,523,197,720,5
2021-11-06,Mono,051,14174,1731,1725,19,1744,4
2021-11-06,Monterey,053,433212,48068,47830,3804,51634,602
2021-11-06,Napa,055,140530,13096,12950,113,13063,103
2021-11-06,Nevada,057,99092,9326,9169,340,9509,91
2021-11-06,Orange,059,3164182,308124,306049,15775,321824,5611
2021-11-06,Placer,061,380077,37400,36967,3814,40781,438
2021-11-06,Plumas,063,18699,1832,1755,47,1802,7
2021-11-06,Riverside,065,2383286,363360,360584,17149,377733,5138
2021-11-06,Sacramento,067,1510023,160000,158766,4887,163653,2263
2021-11-06,San Benito,069,59416,7461,7429,183,7612,75
2021-11-06,San Bernardino,071,2135413,355944,353142,11770,364912,5813
2021-11-06,San Diego,073,3302833,376833,373423,21839,395262,4246
2021-11-06,San Francisco,075,870044,53085,52556,2745,55301,666
2021-11-06,San Joaquin,077,732212,100107,99372,5647,105019,1782
2021-11-06,San Luis Obispo,079,281455,29555,29335,1288,30623,350
2021-11-06,San Mateo,081,765935,53753,53442,1648,55090,574
2021-11-06,Santa Barbara,083,443738,44687,44301,1698,45999,532
2021-11-06,Santa Clara,085,1922200,147533,146519,1414,147933,1894
2021-11-06,Santa Cruz,087,273765,20502,20311,1089,21400,222
2021-11-06,Shasta,089,179085,21743,21281,3719,25000,349
2021-11-06,Sierra,091,2930,187,181,23,204,0
2021-11-06,Siskiyou,093,43540,3320,3279,1349,4628,48
2021-11-06,Solano,095,438530,45718,45465,1248,46713,350
2021-11-06,Sonoma,097,501317,41740,41398,541,41939,395
2021-11-06,Stanislaus,099,539301,79630,78902,9182,88084,1193
2021-11-06,Sutter,101,95872,13992,13908,364,14272,180
2021-11-06,Tehama,103,63373,8559,8474,1535,10009,120
2021-11-06,Trinity,105,12862,778,732,199,931,11
2021-11-06,Tulare,107,460477,68482,67767,15930,83697,1010
2021-11-06,Tuolumne,109,53932,7392,7245,101,7346,90
2021-11-06,Ventura,111,848112,98249,97770,4449,102219,1180
2021-11-06,Yolo,113,214977,19914,19827,1199,21026,255
2021-11-06,Yuba,115,75493,10192,10107,346,10453,83
2021-11-05,Alameda,001,1643700,120139,119499,2984,122483,1436
2021-11-05,Alpine,003,1148,105,105,0,105,0
2021-11-05,Amador,005,37829,5605,5557,64,5621,66
2021-11-05,Butte,007,227075,21065,20796,3884,24680,288
2021-11-05,Calaveras,009,45235,4163,4105,62,4167,82
2021-11-05,Colusa,011,21464,2528,2501,659,3160,19
2021-11-05,Contra Costa,013,1133247,99763,99282,2298,101580,1025
2021-11-05,Del Norte,015,27424,3677,3607,57,3664,42
2021-11-05,El Dorado,017,186661,16125,15958,1756,17714,156
2021-11-05,Fresno,019,978130,140924,139249,12486,151735,2170
2021-11-05,Glenn,021,27897,3503,3479,1010,4489,33
2021-11-05,Humboldt,023,135768,9158,8972,605,9577,109
2021-11-05,Imperial,025,180216,33831,33471,3400,36871,766
2021-11-05,Inyo,027,18085,2411,2353,35,2388,41
2021-11-05,Kern,029,883053,128327,126848,23234,150082,1684
2021-11-05,Kings,031,150075,32360,32018,2104,34122,342
2021-11-05,Lake,033,64148,6779,6695,152,6847,106
2021-11-05,Lassen,035,31185,6904,6796,409,7205,46
2021-11-05,Los Angeles,037,10098052,1440387,1433081,57315,1490396,26533
2021-11-05,Madera,039,155013,23419,22994,2086,25080,287
2021-11-05,Marin,041,260295,17627,17520,472,17992,247
2021-11-05,Mariposa,043,17540,1325,1282,41,1323,5
2021-11-05,Mendocino,045,87422,7609,7486,585,8071,85
2021-11-05,Merced,047,269075,42301,41958,1855,43813,604
2021-11-05,Modoc,049,8938,547,523,197,720,5
2021-11-05,Mono,051,14174,1731,1725,19,1744,4
2021-11-05,Monterey,053,433212,48045,47830,3797,51627,602
2021-11-05,Napa,055,140530,13074,12950,113,13063,103
2021-11-05,Nevada,057,99092,9313,9169,340,9509,91
2021-11-05,Orange,059,3164182,307935,306049,15753,321802,5611
2021-11-05,Placer,061,380077,37375,36967,3804,40771,438
2021-11-05,Plumas,063,18699,1825,1755,47,1802,7
2021-11-05,Riverside,065,2383286,363019,360584,17138,377722,5138
2021-11-05,Sacramento,067,1510023,159876,158766,4881,163647,2263
2021-11-05,San Benito,069,59416,7459,7429,182,7611,75
2021-11-05,San Bernardino,071,2135413,355617,353142,11759,364901,5813
2021-11-05,San Diego,073,3302833,376467,373423,21826,395249,4246
2021-11-05,San Francisco,075,870044,53035,52556,2741,55297,666
2021-11-05,San Joaquin,077,732212,100054,99372,5638,105010,1782
2021-11-05,San Luis Obispo,079,281455,29533,29335,1288,30623,350
2021-11-05,San Mateo,081,765935,53715,53442,1646,55088,574
2021-11-05,Santa Barbara,083,443738,44643,44301,1698,45999,532
2021-11-05,Santa Clara,085,1922200,147396,146519,1413,147932,1894
2021-11-05,Santa Cruz,087,273765,20478,20311,1088,21399,222
2021-11-05,Shasta,089,179085,21711,21281,3714,24995,349
2021-11-05,Sierra,091,2930,187,181,23,204,0
2021-11-05,Siskiyou,093,43540,3316,3279,1347,4626,48
2021-11-05,Solano,095,438530,45679,45465,1245,46710,350
2021-11-05,Sonoma,097,501317,41700,41398,541,41939,395
2021-11-05,Stanislaus,099,539301,79572,78902,9170,88072,1193
2021-11-05,Sutter,101,95872,13984,13908,363,14271,180
2021-11-05,Tehama,103,63373,8552,8474,1534,10008,120
2021-11-05,Trinity,105,12862,778,732,199,931,11
2021-11-05,Tulare,107,460477,68412,67767,15893,83660,1010
2021-11-05,Tuolumne,109,53932,7375,7245,101,7346,90
2021-11-05,Ventura,111,848112,98204,97770,4446,102216,1180
2021-11-05,Yolo,113,214977,19904,19827,1198,21025,255
2021-11-05,Yuba,115,75493,10179,10107,344,10451,83
2021-11-04,Alameda,001,1643700,120026,119499,2978,122477,1436
2021-11-04,Alpine,003,1148,105,105,0,105,0
2021-11-04,Amador,005,37829,5597,5557,64,5621,66
2021-11-04,Butte,007,227075,21023,20796,3877,24673,288
2021-11-04,Calaveras,009,45235,4149,4105,60,4165,82
2021-11-04,Colusa,011,21464,2522,2501,658,3159,19
2021-11-04,Contra Costa,013,1133247,99670,99282,2293,101575,1025
2021-11-04,Del Norte,015,27424,3674,3607,57,3664,42
2021-11-04,El Dorado,017,186661,16099,15958,1752,17710,156
2021-11-04,Fresno,019,978130,140645,139249,12480,151729,2170
2021-11-04,Glenn,021,27897,3498,3479,1009,4488,33
2021-11-04,Humboldt,023,135768,9133,8972,602,9574,109
2021-11-04,Imperial,025,180216,33772,33471,3391,36862,766
2021-11-04,Inyo,027,18085,2403,2353,35,2388,41
2021-11-04,Kern,029,883053,128094,126848,23169,150017,1684
2021-11-04,Kings,031,150075,32279,32018,2096,34114,342
2021-11-04,Lake,033,64148,6769,6695,150,6845,106
2021-11-04,Lassen,035,31185,6894,6796,404,7200,46
2021-11-04,Los Angeles,037,10098052,1439093,1433081,57228,1490309,26533
2021-11-04,Madera,039,155013,23364,22994,2076,25070,287
2021-11-04,Marin,041,260295,17615,17520,470,17990,247
2021-11-04,Mariposa,043,17540,1318,1282,41,1323,5
2021-11-04,Mendocino,045,87422,7596,7486,579,8065,85
2021-11-04,Merced,047,269075,42248,41958,1851,43809,604
2021-11-04,Modoc,049,8938,546,523,197,720,5
2021-11-04,Mono,051,14174,1728,1725,19,1744,4
2021-11-04,Monterey,053,433212,48010,47830,3773,51603,602
2021-11-04,Napa,055,140530,13053,12950,113,13063,103
2021-11-04,Nevada,057,99092,9282,9169,339,9508,91
2021-11-04,Orange,059,3164182,307689,306049,15734,321783,5611
2021-11-04,Placer,061,380077,37305,36967,3795,40762,438
2021-11-04,Plumas,063,18699,1817,1755,43,1798,7
2021-11-04,Riverside,065,2383286,362623,360584,17130,377714,5138
2021-11-04,Sacramento,067,1510023,159641,158766,4860,163626,2263
2021-11-04,San Benito,069,59416,7453,7429,182,7611,75
2021-11-04,San Bernardino,071,2135413,355185,353142,11752,364894,5813
2021-11-04,San Diego,073,3302833,375990,373423,21804,395227,4246
2021-11-04,San Francisco,075,870044,52957,52556,2737,55293,666
2021-11-04,San Joaquin,077,732212,99946,99372,5626,104998,1782
2021-11-04,San Luis Obispo,079,281455,29509,29335,1281,30616,350
2021-11-04,San Mateo,081,765935,53663,53442,1632,55074,574
2021-11-04,Santa Barbara,083,443738,44587,44301,1698,45999,532
2021-11-04,Santa Clara,085,1922200,147246,146519,1410,147929,1894
2021-11-04,Santa Cruz,087,273765,20443,20311,1088,21399,222
2021-11-04,Shasta,089,179085,21652,21281,3709,24990,349
2021-11-04,Sierra,091,2930,185,181,23,204,0
2021-11-04,Siskiyou,093,43540,3313,3279,1340,4619,48
2021-11-04,Solano,095,438530,45637,45465,1244,46709,350
2021-11-04,Sonoma,097,501317,41641,41398,541,41939,395
2021-11-04,Stanislaus,099,539301,79433,78902,9164,88066,1193
2021-11-04,Sutter,101,95872,13973,13908,361,14269,180
2021-11-04,Tehama,103,63373,8543,8474,1530,10004,120
2021-11-04,Trinity,105,12862,777,732,199,931,11
2021-11-04,Tulare,107,460477,68297,67767,15846,83613,1010
2021-11-04,Tuolumne,109,53932,7353,7245,99,7344,90
2021-11-04,Ventura,111,848112,98114,97770,4441,102211,1180
2021-11-04,Yolo,113,214977,19879,19827,1193,21020,255
2021-11-04,Yuba,115,75493,10165,10107,342,10449,83
2021-11-03,Alameda,001,1643700,119890,119356,2975,122331,1428
2021-11-03,Alpine,003,1148,105,105,0,105,0
2021-11-03,Amador,005,37829,5591,5545,63,5608,66
2021-11-03,Butte,007,227075,20978,20769,3868,24637,284
2021-11-03,Calaveras,009,45235,4131,4087,59,4146,82
2021-11-03,Colusa,011,21464,2516,2499,658,3157,20
2021-11-03,Contra Costa,013,1133247,99572,99168,2288,101456,1025
2021-11-03,Del Norte,015,27424,3672,3600,56,3656,42
2021-11-03,El Dorado,017,186661,16072,15915,1749,17664,156
2021-11-03,Fresno,019,978130,140282,138873,12462,151335,2166
2021-11-03,Glenn,021,27897,3494,3470,1009,4479,33
2021-11-03,Humboldt,023,135768,9114,8949,597,9546,109
2021-11-03,Imperial,025,180216,33702,33402,3382,36784,766
2021-11-03,Inyo,027,18085,2383,2344,35,2379,41
2021-11-03,Kern,029,883053,127832,126523,23075,149598,1681
2021-11-03,Kings,031,150075,32225,31923,2087,34010,341
2021-11-03,Lake,033,64148,6754,6685,150,6835,106
2021-11-03,Lassen,035,31185,6878,6782,398,7180,46
2021-11-03,Los Angeles,037,10098052,1437749,1431209,57141,1488350,26517
2021-11-03,Madera,039,155013,23297,22893,2068,24961,287
2021-11-03,Marin,041,260295,17594,17491,466,17957,247
2021-11-03,Mariposa,043,17540,1308,1276,41,1317,5
2021-11-03,Mendocino,045,87422,7580,7457,571,8028,84
2021-11-03,Merced,047,269075,42186,41849,1841,43690,597
2021-11-03,Modoc,049,8938,546,521,195,716,5
2021-11-03,Mono,051,14174,1725,1719,19,1738,4
2021-11-03,Monterey,053,433212,47969,47794,3751,51545,601
2021-11-03,Napa,055,140530,13041,12937,112,13049,103
2021-11-03,Nevada,057,99092,9255,9131,338,9469,91
2021-11-03,Orange,059,3164182,307384,305661,15700,321361,5607
2021-11-03,Placer,061,380077,37237,36868,3790,40658,438
2021-11-03,Plumas,063,18699,1806,1739,42,1781,7
2021-11-03,Riverside,065,2383286,362166,360060,17126,377186,5131
2021-11-03,Sacramento,067,1510023,159418,158311,4849,163160,2259
2021-11-03,San Benito,069,59416,7445,7419,182,7601,75
2021-11-03,San Bernardino,071,2135413,354715,352225,11731,363956,5813
2021-11-03,San Diego,073,3302833,375481,372951,21778,394729,4241
2021-11-03,San Francisco,075,870044,52864,52493,2731,55224,663
2021-11-03,San Joaquin,077,732212,99834,99188,5615,104803,1776
2021-11-03,San Luis Obispo,079,281455,29467,29276,1275,30551,348
2021-11-03,San Mateo,081,765935,53603,53396,1621,55017,571
2021-11-03,Santa Barbara,083,443738,44531,44220,1695,45915,531
2021-11-03,Santa Clara,085,1922200,147079,146259,1405,147664,1897
2021-11-03,Santa Cruz,087,273765,20409,20275,1088,21363,222
2021-11-03,Shasta,089,179085,21594,21215,3702,24917,346
2021-11-03,Sierra,091,2930,183,180,23,203,0
2021-11-03,Siskiyou,093,43540,3309,3276,1338,4614,46
2021-11-03,Solano,095,438530,45611,45411,1242,46653,351
2021-11-03,Sonoma,097,501317,41565,41326,539,41865,395
2021-11-03,Stanislaus,099,539301,79304,78736,9153,87889,1193
2021-11-03,Sutter,101,95872,13960,13876,359,14235,179
2021-11-03,Tehama,103,63373,8532,8438,1530,9968,118
2021-11-03,Trinity,105,12862,776,730,199,929,11
2021-11-03,Tulare,107,460477,68173,67588,15803,83391,1007
2021-11-03,Tuolumne,109,53932,7336,7218,97,7315,90
2021-11-03,Ventura,111,848112,97996,97682,4437,102119,1178
2021-11-03,Yolo,113,214977,19863,19758,1185,20943,250
2021-11-03,Yuba,115,75493,10153,10092,342,10434,83
2021-11-02,Alameda,001,1643700,119753,119241,2969,122210,1425
2021-11-02,Alpine,003,1148,105,105,0,105,0
2021-11-02,Amador,005,37829,5586,5535,63,5598,66
2021-11-02,Butte,007,227075,20934,20744,3858,24602,282
2021-11-02,Calaveras,009,45235,4109,4075,58,4133,82
2021-11-02,Colusa,011,21464,2511,2497,657,3154,19
2021-11-02,Contra Costa,013,1133247,99470,99080,2275,101355,1025
2021-11-02,Del Norte,015,27424,3670,3596,56,3652,42
2021-11-02,El Dorado,017,186661,16047,15883,1749,17632,154
2021-11-02,Fresno,019,978130,139960,138644,12434,151078,2158
2021-11-02,Glenn,021,27897,3486,3469,1007,4476,33
2021-11-02,Humboldt,023,135768,9076,8937,592,9529,109
2021-11-02,Imperial,025,180216,33630,33371,3370,36741,766
2021-11-02,Inyo,027,18085,2376,2324,35,2359,41
2021-11-02,Kern,029,883053,127578,126311,22956,149267,1665
2021-11-02,Kings,031,150075,32166,31896,2082,33978,339
2021-11-02,Lake,033,64148,6749,6681,149,6830,106
2021-11-02,Lassen,035,31185,6866,6777,395,7172,45
2021-11-02,Los Angeles,037,10098052,1436302,1429601,57065,1486666,26496
2021-11-02,Madera,039,155013,23215,22837,2057,24894,287
2021-11-02,Marin,041,260295,17566,17482,466,17948,247
2021-11-02,Mariposa,043,17540,1297,1270,39,1309,5
2021-11-02,Mendocino,045,87422,7556,7447,559,8006,84
2021-11-02,Merced,047,269075,42119,41785,1833,43618,596
2021-11-02,Modoc,049,8938,543,520,194,714,5
2021-11-02,Mono,051,14174,1722,1718,19,1737,4
2021-11-02,Monterey,053,433212,47925,47775,3725,51500,599
2021-11-02,Napa,055,140530,13023,12930,112,13042,104
2021-11-02,Nevada,057,99092,9225,9122,337,9459,91
2021-11-02,Orange,059,3164182,307074,305369,15654,321023,5600
2021-11-02,Placer,061,380077,37165,36817,3776,40593,438
2021-11-02,Plumas,063,18699,1795,1721,42,1763,7
2021-11-02,Riverside,065,2383286,361715,359586,17105,376691,5116
2021-11-02,Sacramento,067,1510023,159166,158112,4823,162935,2250
2021-11-02,San Benito,069,59416,7428,7407,182,7589,75
2021-11-02,San Bernardino,071,2135413,354242,351832,11674,363506,5813
2021-11-02,San Diego,073,3302833,374892,372440,21745,394185,4232
2021-11-02,San Francisco,075,870044,52747,52450,2726,55176,663
2021-11-02,San Joaquin,077,732212,99698,99076,5603,104679,1772
2021-11-02,San Luis Obispo,079,281455,29434,29224,1272,30496,348
2021-11-02,San Mateo,081,765935,53540,53351,1608,54959,571
2021-11-02,Santa Barbara,083,443738,44475,44177,1691,45868,531
2021-11-02,Santa Clara,085,1922200,146888,146115,1400,147515,1896
2021-11-02,Santa Cruz,087,273765,20376,20266,1087,21353,222
2021-11-02,Shasta,089,179085,21520,21127,3691,24818,344
2021-11-02,Sierra,091,2930,183,180,22,202,0
2021-11-02,Siskiyou,093,43540,3307,3272,1335,4607,46
2021-11-02,Solano,095,438530,45574,45378,1237,46615,350
2021-11-02,Sonoma,097,501317,41488,41288,538,41826,395
2021-11-02,Stanislaus,099,539301,79150,78629,9134,87763,1193
2021-11-02,Sutter,101,95872,13939,13868,359,14227,179
2021-11-02,Tehama,103,63373,8519,8422,1528,9950,116
2021-11-02,Trinity,105,12862,776,729,199,928,11
2021-11-02,Tulare,107,460477,68050,67502,15752,83254,1002
2021-11-02,Tuolumne,109,53932,7315,7204,95,7299,90
2021-11-02,Ventura,111,848112,97881,97574,4433,102007,1178
2021-11-02,Yolo,113,214977,19832,19736,1182,20918,250
2021-11-02,Yuba,115,75493,10130,10080,340,10420,83
2021-11-01,Alameda,001,1643700,119620,119159,2966,122125,1421
2021-11-01,Alpine,003,1148,105,105,0,105,0
2021-11-01,Amador,005,37829,5584,5532,63,5595,64
2021-11-01,Butte,007,227075,20884,20710,3854,24564,281
2021-11-01,Calaveras,009,45235,4099,4059,57,4116,82
2021-11-01,Colusa,011,21464,2509,2494,654,3148,19
2021-11-01,Contra Costa,013,1133247,99348,99011,2263,101274,1025
2021-11-01,Del Norte,015,27424,3668,3594,56,3650,42
2021-11-01,El Dorado,017,186661,16023,15858,1743,17601,154
2021-11-01,Fresno,019,978130,139584,138421,12405,150826,2149
2021-11-01,Glenn,021,27897,3479,3461,1005,4466,33
2021-11-01,Humboldt,023,135768,9047,8929,587,9516,108
2021-11-01,Imperial,025,180216,33579,33342,3361,36703,766
2021-11-01,Inyo,027,18085,2364,2307,35,2342,41
2021-11-01,Kern,029,883053,127279,126092,22845,148937,1660
2021-11-01,Kings,031,150075,32113,31866,2080,33946,337
2021-11-01,Lake,033,64148,6738,6676,148,6824,106
2021-11-01,Lassen,035,31185,6851,6775,392,7167,42
2021-11-01,Los Angeles,037,10098052,1434936,1428891,56969,1485860,26483
2021-11-01,Madera,039,155013,23137,22801,2054,24855,283
2021-11-01,Marin,041,260295,17546,17460,465,17925,247
2021-11-01,Mariposa,043,17540,1289,1266,38,1304,5
2021-11-01,Mendocino,045,87422,7522,7422,541,7963,84
2021-11-01,Merced,047,269075,42032,41740,1830,43570,594
2021-11-01,Modoc,049,8938,538,520,192,712,5
2021-11-01,Mono,051,14174,1717,1714,19,1733,3
2021-11-01,Monterey,053,433212,47889,47756,3706,51462,597
2021-11-01,Napa,055,140530,12996,12916,111,13027,101
2021-11-01,Nevada,057,99092,9203,9108,336,9444,91
2021-11-01,Orange,059,3164182,306754,305192,15612,320804,5596
2021-11-01,Placer,061,380077,37081,36747,3764,40511,435
2021-11-01,Plumas,063,18699,1778,1719,40,1759,7
2021-11-01,Riverside,065,2383286,361213,359263,17083,376346,5115
2021-11-01,Sacramento,067,1510023,158898,157893,4796,162689,2239
2021-11-01,San Benito,069,59416,7418,7406,181,7587,73
2021-11-01,San Bernardino,071,2135413,353757,351620,11654,363274,5815
2021-11-01,San Diego,073,3302833,374309,372043,21723,393766,4232
2021-11-01,San Francisco,075,870044,52664,52418,2714,55132,661
2021-11-01,San Joaquin,077,732212,99539,98969,5596,104565,1772
2021-11-01,San Luis Obispo,079,281455,29390,29199,1268,30467,343
2021-11-01,San Mateo,081,765935,53479,53314,1602,54916,571
2021-11-01,Santa Barbara,083,443738,44407,44146,1687,45833,529
2021-11-01,Santa Clara,085,1922200,146692,145978,1397,147375,1907
2021-11-01,Santa Cruz,087,273765,20341,20238,1087,21325,221
2021-11-01,Shasta,089,179085,21463,21104,3684,24788,338
2021-11-01,Sierra,091,2930,183,180,22,202,0
2021-11-01,Siskiyou,093,43540,3300,3272,1330,4602,46
2021-11-01,Solano,095,438530,45526,45358,1237,46595,350
2021-11-01,Sonoma,097,501317,41416,41234,538,41772,395
2021-11-01,Stanislaus,099,539301,79021,78534,9119,87653,1193
2021-11-01,Sutter,101,95872,13915,13852,357,14209,179
2021-11-01,Tehama,103,63373,8491,8412,1527,9939,116
2021-11-01,Trinity,105,12862,774,727,199,926,11
2021-11-01,Tulare,107,460477,67908,67388,15699,83087,1002
2021-11-01,Tuolumne,109,53932,7299,7175,94,7269,90
2021-11-01,Ventura,111,848112,97801,97507,4428,101935,1178
2021-11-01,Yolo,113,214977,19811,19708,1175,20883,250
2021-11-01,Yuba,115,75493,10112,10066,337,10403,83
2021-10-31,Alameda,001,1643700,119482,119071,2963,122034,1419
2021-10-31,Alpine,003,1148,105,105,0,105,0
2021-10-31,Amador,005,37829,5573,5518,63,5581,64
2021-10-31,Butte,007,227075,20823,20689,3848,24537,281
2021-10-31,Calaveras,009,45235,4081,4052,56,4108,82
2021-10-31,Colusa,011,21464,2507,2493,651,3144,18
2021-10-31,Contra Costa,013,1133247,99223,98936,2260,101196,1025
2021-10-31,Del Norte,015,27424,3662,3591,56,3647,42
2021-10-31,El Dorado,017,186661,15980,15841,1740,17581,154
2021-10-31,Fresno,019,978130,139179,138165,12373,150538,2147
2021-10-31,Glenn,021,27897,3474,3459,1004,4463,33
2021-10-31,Humboldt,023,135768,9001,8919,580,9499,108
2021-10-31,Imperial,025,180216,33503,33334,3349,36683,766
2021-10-31,Inyo,027,18085,2345,2309,35,2344,41
2021-10-31,Kern,029,883053,126914,125917,22722,148639,1666
2021-10-31,Kings,031,150075,32026,31814,2067,33881,338
2021-10-31,Lake,033,64148,6727,6665,148,6813,106
2021-10-31,Lassen,035,31185,6836,6768,387,7155,42
2021-10-31,Los Angeles,037,10098052,1433410,1427933,56880,1484813,26474
2021-10-31,Madera,039,155013,23042,22744,2043,24787,283
2021-10-31,Marin,041,260295,17518,17443,464,17907,247
2021-10-31,Mariposa,043,17540,1283,1257,38,1295,5
2021-10-31,Mendocino,045,87422,7480,7403,524,7927,84
2021-10-31,Merced,047,269075,41938,41699,1810,43509,589
2021-10-31,Modoc,049,8938,532,517,189,706,5
2021-10-31,Mono,051,14174,1714,1711,19,1730,3
2021-10-31,Monterey,053,433212,47855,47744,3681,51425,596
2021-10-31,Napa,055,140530,12979,12906,109,13015,101
2021-10-31,Nevada,057,99092,9166,9084,331,9415,91
2021-10-31,Orange,059,3164182,306410,305032,15531,320563,5596
2021-10-31,Placer,061,380077,36984,36698,3750,40448,435
2021-10-31,Plumas,063,18699,1762,1716,39,1755,7
2021-10-31,Riverside,065,2383286,360634,359005,17069,376074,5104
2021-10-31,Sacramento,067,1510023,158553,157667,4780,162447,2243
2021-10-31,San Benito,069,59416,7409,7397,177,7574,73
2021-10-31,San Bernardino,071,2135413,353229,351411,11640,363051,5810
2021-10-31,San Diego,073,3302833,373738,371603,21690,393293,4218
2021-10-31,San Francisco,075,870044,52558,52370,2706,55076,661
2021-10-31,San Joaquin,077,732212,99375,98893,5583,104476,1772
2021-10-31,San Luis Obispo,079,281455,29339,29176,1267,30443,343
2021-10-31,San Mateo,081,765935,53429,53284,1594,54878,571
2021-10-31,Santa Barbara,083,443738,44339,44113,1682,45795,529
2021-10-31,Santa Clara,085,1922200,146480,145829,1384,147213,1908
2021-10-31,Santa Cruz,087,273765,20306,20218,1086,21304,221
2021-10-31,Shasta,089,179085,21378,21086,3672,24758,338
2021-10-31,Sierra,091,2930,183,180,22,202,0
2021-10-31,Siskiyou,093,43540,3294,3271,1329,4600,46
2021-10-31,Solano,095,438530,45479,45310,1231,46541,350
2021-10-31,Sonoma,097,501317,41347,41183,535,41718,395
2021-10-31,Stanislaus,099,539301,78832,78426,9105,87531,1193
2021-10-31,Sutter,101,95872,13896,13838,354,14192,179
2021-10-31,Tehama,103,63373,8460,8391,1523,9914,116
2021-10-31,Trinity,105,12862,774,724,199,923,11
2021-10-31,Tulare,107,460477,67712,67310,15608,82918,1002
2021-10-31,Tuolumne,109,53932,7270,7141,93,7234,90
2021-10-31,Ventura,111,848112,97684,97460,4423,101883,1178
2021-10-31,Yolo,113,214977,19771,19662,1167,20829,250
2021-10-31,Yuba,115,75493,10094,10051,327,10378,83
2021-10-30,Alameda,001,1643700,119425,118632,2960,121592,1419
2021-10-30,Alpine,003,1148,105,105,0,105,0
2021-10-30,Amador,005,37829,5564,5480,63,5543,64
2021-10-30,Butte,007,227075,20808,20516,3842,24358,277
2021-10-30,Calaveras,009,45235,4074,3992,56,4048,82
2021-10-30,Colusa,011,21464,2507,2484,650,3134,19
2021-10-30,Contra Costa,013,1133247,99162,98562,2259,100821,1024
2021-10-30,Del Norte,015,27424,3659,3574,56,3630,42
2021-10-30,El Dorado,017,186661,15964,15752,1735,17487,154
2021-10-30,Fresno,019,978130,139037,136901,12368,149269,2131
2021-10-30,Glenn,021,27897,3470,3442,1004,4446,33
2021-10-30,Humboldt,023,135768,8986,8871,578,9449,105
2021-10-30,Imperial,025,180216,33459,33156,3344,36500,766
2021-10-30,Inyo,027,18085,2342,2249,35,2284,41
2021-10-30,Kern,029,883053,126763,124892,22650,147542,1653
2021-10-30,Kings,031,150075,31989,31578,2063,33641,337
2021-10-30,Lake,033,64148,6722,6610,148,6758,106
2021-10-30,Lassen,035,31185,6830,6719,385,7104,42
2021-10-30,Los Angeles,037,10098052,1432691,1424257,56825,1481082,26625
2021-10-30,Madera,039,155013,22999,22524,2037,24561,283
2021-10-30,Marin,041,260295,17503,17380,462,17842,247
2021-10-30,Mariposa,043,17540,1280,1228,38,1266,5
2021-10-30,Mendocino,045,87422,7458,7338,522,7860,84
2021-10-30,Merced,047,269075,41897,41428,1808,43236,586
2021-10-30,Modoc,049,8938,531,513,187,700,5
2021-10-30,Mono,051,14174,1714,1684,19,1703,3
2021-10-30,Monterey,053,433212,47843,47649,3670,51319,588
2021-10-30,Napa,055,140530,12966,12863,108,12971,101
2021-10-30,Nevada,057,99092,9147,9015,331,9346,91
2021-10-30,Orange,059,3164182,306234,304120,15513,319633,5588
2021-10-30,Placer,061,380077,36939,36400,3744,40144,434
2021-10-30,Plumas,063,18699,1757,1695,39,1734,7
2021-10-30,Riverside,065,2383286,360335,357645,17059,374704,5088
2021-10-30,Sacramento,067,1510023,158396,157125,4769,161894,2233
2021-10-30,San Benito,069,59416,7402,7362,177,7539,71
2021-10-30,San Bernardino,071,2135413,352952,350076,11626,361702,5777
2021-10-30,San Diego,073,3302833,373367,370006,21667,391673,4213
2021-10-30,San Francisco,075,870044,52529,52161,2704,54865,661
2021-10-30,San Joaquin,077,732212,99320,98314,5582,103896,1768
2021-10-30,San Luis Obispo,079,281455,29307,29053,1264,30317,341
2021-10-30,San Mateo,081,765935,53396,53083,1589,54672,571
2021-10-30,Santa Barbara,083,443738,44304,43972,1681,45653,528
2021-10-30,Santa Clara,085,1922200,146376,145262,1380,146642,1903
2021-10-30,Santa Cruz,087,273765,20288,20134,1084,21218,221
2021-10-30,Shasta,089,179085,21335,20878,3666,24544,332
2021-10-30,Sierra,091,2930,183,175,22,197,0
2021-10-30,Siskiyou,093,43540,3293,3257,1326,4583,46
2021-10-30,Solano,095,438530,45458,45146,1230,46376,346
2021-10-30,Sonoma,097,501317,41307,40924,535,41459,393
2021-10-30,Stanislaus,099,539301,78763,77871,9098,86969,1191
2021-10-30,Sutter,101,95872,13883,13773,354,14127,178
2021-10-30,Tehama,103,63373,8449,8307,1518,9825,114
2021-10-30,Trinity,105,12862,772,708,198,906,11
2021-10-30,Tulare,107,460477,67644,66745,15560,82305,995
2021-10-30,Tuolumne,109,53932,7246,7050,92,7142,90
2021-10-30,Ventura,111,848112,97640,97182,4422,101604,1174
2021-10-30,Yolo,113,214977,19753,19568,1164,20732,250
2021-10-30,Yuba,115,75493,10084,9969,327,10296,82
2021-10-29,Alameda,001,1643700,119349,118632,2956,121588,1419
2021-10-29,Alpine,003,1148,105,105,0,105,0
2021-10-29,Amador,005,37829,5553,5480,63,5543,64
2021-10-29,Butte,007,227075,20783,20516,3834,24350,277
2021-10-29,Calaveras,009,45235,4067,3992,56,4048,82
2021-10-29,Colusa,011,21464,2507,2484,648,3132,19
2021-10-29,Contra Costa,013,1133247,99096,98562,2258,100820,1024
2021-10-29,Del Norte,015,27424,3652,3574,56,3630,42
2021-10-29,El Dorado,017,186661,15950,15752,1735,17487,154
2021-10-29,Fresno,019,978130,138823,136901,12357,149258,2131
2021-10-29,Glenn,021,27897,3468,3442,1004,4446,33
2021-10-29,Humboldt,023,135768,8981,8871,577,9448,105
2021-10-29,Imperial,025,180216,33432,33156,3341,36497,766
2021-10-29,Inyo,027,18085,2339,2249,35,2284,41
2021-10-29,Kern,029,883053,126587,124892,22561,147453,1653
2021-10-29,Kings,031,150075,31953,31578,2061,33639,337
2021-10-29,Lake,033,64148,6713,6610,146,6756,106
2021-10-29,Lassen,035,31185,6822,6719,382,7101,42
2021-10-29,Los Angeles,037,10098052,1431853,1424257,56779,1481036,26625
2021-10-29,Madera,039,155013,22947,22524,2033,24557,283
2021-10-29,Marin,041,260295,17486,17380,461,17841,247
2021-10-29,Mariposa,043,17540,1276,1228,38,1266,5
2021-10-29,Mendocino,045,87422,7450,7338,522,7860,84
2021-10-29,Merced,047,269075,41847,41428,1802,43230,586
2021-10-29,Modoc,049,8938,529,513,186,699,5
2021-10-29,Mono,051,14174,1711,1684,19,1703,3
2021-10-29,Monterey,053,433212,47827,47649,3662,51311,588
2021-10-29,Napa,055,140530,12945,12863,108,12971,101
2021-10-29,Nevada,057,99092,9135,9015,331,9346,91
2021-10-29,Orange,059,3164182,306008,304120,15496,319616,5588
2021-10-29,Placer,061,380077,36903,36400,3733,40133,434
2021-10-29,Plumas,063,18699,1751,1695,39,1734,7
2021-10-29,Riverside,065,2383286,360000,357645,17054,374699,5088
2021-10-29,Sacramento,067,1510023,158208,157125,4760,161885,2233
2021-10-29,San Benito,069,59416,7399,7362,177,7539,71
2021-10-29,San Bernardino,071,2135413,352658,350076,11617,361693,5777
2021-10-29,San Diego,073,3302833,372992,370006,21636,391642,4213
2021-10-29,San Francisco,075,870044,52471,52161,2697,54858,661
2021-10-29,San Joaquin,077,732212,99263,98314,5577,103891,1768
2021-10-29,San Luis Obispo,079,281455,29281,29053,1262,30315,341
2021-10-29,San Mateo,081,765935,53358,53083,1583,54666,571
2021-10-29,Santa Barbara,083,443738,44264,43972,1678,45650,528
2021-10-29,Santa Clara,085,1922200,146263,145262,1372,146634,1903
2021-10-29,Santa Cruz,087,273765,20281,20134,1083,21217,221
2021-10-29,Shasta,089,179085,21297,20878,3660,24538,332
2021-10-29,Sierra,091,2930,181,175,22,197,0
2021-10-29,Siskiyou,093,43540,3292,3257,1325,4582,46
2021-10-29,Solano,095,438530,45423,45146,1229,46375,346
2021-10-29,Sonoma,097,501317,41287,40924,535,41459,393
2021-10-29,Stanislaus,099,539301,78678,77871,9089,86960,1191
2021-10-29,Sutter,101,95872,13864,13773,354,14127,178
2021-10-29,Tehama,103,63373,8436,8307,1517,9824,114
2021-10-29,Trinity,105,12862,771,708,198,906,11
2021-10-29,Tulare,107,460477,67543,66745,15514,82259,995
2021-10-29,Tuolumne,109,53932,7233,7050,92,7142,90
2021-10-29,Ventura,111,848112,97586,97182,4420,101602,1174
2021-10-29,Yolo,113,214977,19735,19568,1161,20729,250
2021-10-29,Yuba,115,75493,10076,9969,323,10292,82
2021-10-28,Alameda,001,1643700,119227,118632,2949,121581,1419
2021-10-28,Alpine,003,1148,105,105,0,105,0
2021-10-28,Amador,005,37829,5540,5480,63,5543,64
2021-10-28,Butte,007,227075,20743,20516,3828,24344,277
2021-10-28,Calaveras,009,45235,4054,3992,56,4048,82
2021-10-28,Colusa,011,21464,2504,2484,647,3131,19
2021-10-28,Contra Costa,013,1133247,98967,98562,2251,100813,1024
2021-10-28,Del Norte,015,27424,3651,3574,56,3630,42
2021-10-28,El Dorado,017,186661,15925,15752,1731,17483,154
2021-10-28,Fresno,019,978130,138495,136901,12329,149230,2131
2021-10-28,Glenn,021,27897,3464,3442,1003,4445,33
2021-10-28,Humboldt,023,135768,8965,8871,572,9443,105
2021-10-28,Imperial,025,180216,33367,33156,3335,36491,766
2021-10-28,Inyo,027,18085,2322,2249,35,2284,41
2021-10-28,Kern,029,883053,126344,124892,22447,147339,1653
2021-10-28,Kings,031,150075,31886,31578,2056,33634,337
2021-10-28,Lake,033,64148,6703,6610,146,6756,106
2021-10-28,Lassen,035,31185,6812,6719,378,7097,42
2021-10-28,Los Angeles,037,10098052,1430727,1424257,56703,1480960,26625
2021-10-28,Madera,039,155013,22893,22524,2022,24546,283
2021-10-28,Marin,041,260295,17468,17380,460,17840,247
2021-10-28,Mariposa,043,17540,1272,1228,38,1266,5
2021-10-28,Mendocino,045,87422,7437,7338,511,7849,84
2021-10-28,Merced,047,269075,41763,41428,1790,43218,586
2021-10-28,Modoc,049,8938,528,513,186,699,5
2021-10-28,Mono,051,14174,1706,1684,19,1703,3
2021-10-28,Monterey,053,433212,47805,47649,3637,51286,588
2021-10-28,Napa,055,140530,12936,12863,107,12970,101
2021-10-28,Nevada,057,99092,9117,9015,331,9346,91
2021-10-28,Orange,059,3164182,305720,304120,15433,319553,5588
2021-10-28,Placer,061,380077,36824,36400,3723,40123,434
2021-10-28,Plumas,063,18699,1743,1695,39,1734,7
2021-10-28,Riverside,065,2383286,359560,357645,17030,374675,5088
2021-10-28,Sacramento,067,1510023,157944,157125,4747,161872,2233
2021-10-28,San Benito,069,59416,7391,7362,177,7539,71
2021-10-28,San Bernardino,071,2135413,352245,350076,11596,361672,5777
2021-10-28,San Diego,073,3302833,372519,370006,21613,391619,4213
2021-10-28,San Francisco,075,870044,52426,52161,2690,54851,661
2021-10-28,San Joaquin,077,732212,99136,98314,5576,103890,1768
2021-10-28,San Luis Obispo,079,281455,29252,29053,1259,30312,341
2021-10-28,San Mateo,081,765935,53318,53083,1577,54660,571
2021-10-28,Santa Barbara,083,443738,44225,43972,1676,45648,528
2021-10-28,Santa Clara,085,1922200,146108,145262,1366,146628,1903
2021-10-28,Santa Cruz,087,273765,20257,20134,1083,21217,221
2021-10-28,Shasta,089,179085,21222,20878,3653,24531,332
2021-10-28,Sierra,091,2930,180,175,22,197,0
2021-10-28,Siskiyou,093,43540,3291,3257,1325,4582,46
2021-10-28,Solano,095,438530,45383,45146,1228,46374,346
2021-10-28,Sonoma,097,501317,41219,40924,534,41458,393
2021-10-28,Stanislaus,099,539301,78526,77871,9074,86945,1191
2021-10-28,Sutter,101,95872,13851,13773,350,14123,178
2021-10-28,Tehama,103,63373,8398,8307,1514,9821,114
2021-10-28,Trinity,105,12862,768,708,198,906,11
2021-10-28,Tulare,107,460477,67406,66745,15457,82202,995
2021-10-28,Tuolumne,109,53932,7202,7050,92,7142,90
2021-10-28,Ventura,111,848112,97494,97182,4418,101600,1174
2021-10-28,Yolo,113,214977,19697,19568,1157,20725,250
2021-10-28,Yuba,115,75493,10047,9969,320,10289,82
2021-10-27,Alameda,001,1643700,119109,118487,2944,121431,1414
2021-10-27,Alpine,003,1148,105,105,0,105,0
2021-10-27,Amador,005,37829,5528,5470,62,5532,64
2021-10-27,Butte,007,227075,20699,20446,3816,24262,274
2021-10-27,Calaveras,009,45235,4037,3970,55,4025,82
2021-10-27,Colusa,011,21464,2503,2480,646,3126,18
2021-10-27,Contra Costa,013,1133247,98861,98442,2239,100681,1018
2021-10-27,Del Norte,015,27424,3644,3571,55,3626,42
2021-10-27,El Dorado,017,186661,15894,15723,1726,17449,154
2021-10-27,Fresno,019,978130,138115,136447,12300,148747,2128
2021-10-27,Glenn,021,27897,3458,3435,1002,4437,33
2021-10-27,Humboldt,023,135768,8946,8851,569,9420,105
2021-10-27,Imperial,025,180216,33328,33068,3330,36398,766
2021-10-27,Inyo,027,18085,2302,2236,35,2271,41
2021-10-27,Kern,029,883053,126076,124557,22346,146903,1647
2021-10-27,Kings,031,150075,31820,31437,2051,33488,335
2021-10-27,Lake,033,64148,6676,6589,146,6735,105
2021-10-27,Lassen,035,31185,6798,6706,376,7082,42
2021-10-27,Los Angeles,037,10098052,1429500,1422615,56641,1479256,26604
2021-10-27,Madera,039,155013,22807,22413,1999,24412,283
2021-10-27,Marin,041,260295,17453,17362,460,17822,247
2021-10-27,Mariposa,043,17540,1259,1228,38,1266,5
2021-10-27,Mendocino,045,87422,7424,7321,504,7825,84
2021-10-27,Merced,047,269075,41666,41310,1776,43086,583
2021-10-27,Modoc,049,8938,524,513,186,699,5
2021-10-27,Mono,051,14174,1703,1682,19,1701,3
2021-10-27,Monterey,053,433212,47772,47610,3610,51220,588
2021-10-27,Napa,055,140530,12921,12856,106,12962,101
2021-10-27,Nevada,057,99092,9100,8987,330,9317,90
2021-10-27,Orange,059,3164182,305412,303825,15383,319208,5584
2021-10-27,Placer,061,380077,36757,36296,3716,40012,434
2021-10-27,Plumas,063,18699,1735,1686,39,1725,7
2021-10-27,Riverside,065,2383286,359133,357152,17021,374173,5081
2021-10-27,Sacramento,067,1510023,157676,156830,4725,161555,2230
2021-10-27,San Benito,069,59416,7385,7337,177,7514,71
2021-10-27,San Bernardino,071,2135413,351824,349624,11574,361198,5770
2021-10-27,San Diego,073,3302833,371950,369579,21587,391166,4207
2021-10-27,San Francisco,075,870044,52374,52108,2685,54793,655
2021-10-27,San Joaquin,077,732212,98977,98168,5560,103728,1753
2021-10-27,San Luis Obispo,079,281455,29212,29002,1257,30259,341
2021-10-27,San Mateo,081,765935,53266,53032,1565,54597,571
2021-10-27,Santa Barbara,083,443738,44172,43901,1673,45574,527
2021-10-27,Santa Clara,085,1922200,145935,145081,1360,146441,1902
2021-10-27,Santa Cruz,087,273765,20230,20091,1082,21173,221
2021-10-27,Shasta,089,179085,21148,20813,3645,24458,331
2021-10-27,Sierra,091,2930,179,176,22,198,0
2021-10-27,Siskiyou,093,43540,3288,3256,1321,4577,46
2021-10-27,Solano,095,438530,45340,45089,1220,46309,346
2021-10-27,Sonoma,097,501317,41145,40829,532,41361,393
2021-10-27,Stanislaus,099,539301,78368,77687,9059,86746,1191
2021-10-27,Sutter,101,95872,13837,13754,350,14104,177
2021-10-27,Tehama,103,63373,8376,8265,1513,9778,113
2021-10-27,Trinity,105,12862,768,706,197,903,11
2021-10-27,Tulare,107,460477,67252,66568,15398,81966,991
2021-10-27,Tuolumne,109,53932,7175,7009,91,7100,90
2021-10-27,Ventura,111,848112,97404,97108,4414,101522,1172
2021-10-27,Yolo,113,214977,19669,19517,1150,20667,250
2021-10-27,Yuba,115,75493,10026,9945,318,10263,82
2021-10-26,Alameda,001,1643700,118976,118360,2939,121299,1407
2021-10-26,Alpine,003,1148,105,105,0,105,0
2021-10-26,Amador,005,37829,5520,5465,61,5526,64
2021-10-26,Butte,007,227075,20641,20387,3804,24191,274
2021-10-26,Calaveras,009,45235,4026,3966,55,4021,81
2021-10-26,Colusa,011,21464,2501,2478,645,3123,18
2021-10-26,Contra Costa,013,1133247,98743,98352,2227,100579,1017
2021-10-26,Del Norte,015,27424,3639,3563,55,3618,42
2021-10-26,El Dorado,017,186661,15869,15690,1717,17407,153
2021-10-26,Fresno,019,978130,137673,136211,12265,148476,2122
2021-10-26,Glenn,021,27897,3443,3431,1000,4431,33
2021-10-26,Humboldt,023,135768,8927,8830,563,9393,105
2021-10-26,Imperial,025,180216,33262,33012,3325,36337,766
2021-10-26,Inyo,027,18085,2287,2200,35,2235,41
2021-10-26,Kern,029,883053,125736,124351,22226,146577,1645
2021-10-26,Kings,031,150075,31756,31382,2044,33426,336
2021-10-26,Lake,033,64148,6666,6584,144,6728,105
2021-10-26,Lassen,035,31185,6778,6689,374,7063,42
2021-10-26,Los Angeles,037,10098052,1428168,1421795,56565,1478360,26599
2021-10-26,Madera,039,155013,22717,22363,1989,24352,283
2021-10-26,Marin,041,260295,17436,17354,459,17813,244
2021-10-26,Mariposa,043,17540,1253,1225,37,1262,5
2021-10-26,Mendocino,045,87422,7395,7308,487,7795,83
2021-10-26,Merced,047,269075,41589,41267,1768,43035,583
2021-10-26,Modoc,049,8938,524,513,186,699,5
2021-10-26,Mono,051,14174,1694,1680,19,1699,3
2021-10-26,Monterey,053,433212,47739,47572,3595,51167,588
2021-10-26,Napa,055,140530,12909,12849,106,12955,101
2021-10-26,Nevada,057,99092,9068,8971,329,9300,90
2021-10-26,Orange,059,3164182,305144,303533,15345,318878,5580
2021-10-26,Placer,061,380077,36660,36245,3710,39955,434
2021-10-26,Plumas,063,18699,1726,1645,39,1684,7
2021-10-26,Riverside,065,2383286,358647,356775,17011,373786,5068
2021-10-26,Sacramento,067,1510023,157379,156643,4704,161347,2228
2021-10-26,San Benito,069,59416,7362,7325,177,7502,71
2021-10-26,San Bernardino,071,2135413,351404,349346,11558,360904,5764
2021-10-26,San Diego,073,3302833,371431,369043,21556,390599,4198
2021-10-26,San Francisco,075,870044,52299,52063,2682,54745,655
2021-10-26,San Joaquin,077,732212,98801,98036,5545,103581,1748
2021-10-26,San Luis Obispo,079,281455,29174,28928,1251,30179,337
2021-10-26,San Mateo,081,765935,53202,52974,1555,54529,571
2021-10-26,Santa Barbara,083,443738,44127,43835,1672,45507,525
2021-10-26,Santa Clara,085,1922200,145740,144932,1354,146286,1903
2021-10-26,Santa Cruz,087,273765,20199,20067,1081,21148,221
2021-10-26,Shasta,089,179085,21087,20725,3628,24353,330
2021-10-26,Sierra,091,2930,179,169,22,191,0
2021-10-26,Siskiyou,093,43540,3282,3254,1319,4573,46
2021-10-26,Solano,095,438530,45283,45044,1220,46264,344
2021-10-26,Sonoma,097,501317,41064,40794,530,41324,393
2021-10-26,Stanislaus,099,539301,78194,77552,9035,86587,1157
2021-10-26,Sutter,101,95872,13807,13739,349,14088,176
2021-10-26,Tehama,103,63373,8348,8247,1507,9754,112
2021-10-26,Trinity,105,12862,764,705,197,902,11
2021-10-26,Tulare,107,460477,67101,66476,15338,81814,991
2021-10-26,Tuolumne,109,53932,7150,6995,89,7084,90
2021-10-26,Ventura,111,848112,97297,97014,4409,101423,1170
2021-10-26,Yolo,113,214977,19642,19490,1148,20638,248
2021-10-26,Yuba,115,75493,10008,9927,313,10240,82
2021-10-25,Alameda,001,1643700,118832,118319,2936,121255,1404
2021-10-25,Alpine,003,1148,105,105,0,105,0
2021-10-25,Amador,005,37829,5506,5455,61,5516,64
2021-10-25,Butte,007,227075,20567,20331,3799,24130,273
2021-10-25,Calaveras,009,45235,3996,3942,54,3996,82
2021-10-25,Colusa,011,21464,2499,2471,643,3114,18
2021-10-25,Contra Costa,013,1133247,98630,98267,2222,100489,1017
2021-10-25,Del Norte,015,27424,3632,3562,55,3617,42
2021-10-25,El Dorado,017,186661,15834,15663,1715,17378,149
2021-10-25,Fresno,019,978130,137237,135974,12225,148199,2112
2021-10-25,Glenn,021,27897,3441,3421,999,4420,33
2021-10-25,Humboldt,023,135768,8903,8825,558,9383,105
2021-10-25,Imperial,025,180216,33200,32968,3314,36282,766
2021-10-25,Inyo,027,18085,2269,2183,35,2218,41
2021-10-25,Kern,029,883053,125388,124078,22085,146163,1649
2021-10-25,Kings,031,150075,31669,31329,2035,33364,335
2021-10-25,Lake,033,64148,6652,6571,144,6715,105
2021-10-25,Lassen,035,31185,6767,6688,372,7060,42
2021-10-25,Los Angeles,037,10098052,1426814,1421061,56499,1477560,26579
2021-10-25,Madera,039,155013,22663,22325,1980,24305,281
2021-10-25,Marin,041,260295,17414,17334,457,17791,244
2021-10-25,Mariposa,043,17540,1239,1220,36,1256,5
2021-10-25,Mendocino,045,87422,7365,7296,483,7779,82
2021-10-25,Merced,047,269075,41522,41207,1741,42948,583
2021-10-25,Modoc,049,8938,522,512,184,696,5
2021-10-25,Mono,051,14174,1678,1677,19,1696,3
2021-10-25,Monterey,053,433212,47712,47547,3591,51138,587
2021-10-25,Napa,055,140530,12896,12841,106,12947,100
2021-10-25,Nevada,057,99092,9043,8958,329,9287,90
2021-10-25,Orange,059,3164182,304849,303279,15305,318584,5574
2021-10-25,Placer,061,380077,36554,36153,3699,39852,431
2021-10-25,Plumas,063,18699,1714,1641,39,1680,7
2021-10-25,Riverside,065,2383286,358222,356381,16997,373378,5056
2021-10-25,Sacramento,067,1510023,157079,156516,4676,161192,2235
2021-10-25,San Benito,069,59416,7348,7314,176,7490,71
2021-10-25,San Bernardino,071,2135413,350909,349075,11546,360621,5748
2021-10-25,San Diego,073,3302833,370851,368386,21526,389912,4196
2021-10-25,San Francisco,075,870044,52228,52041,2673,54714,649
2021-10-25,San Joaquin,077,732212,98599,97980,5536,103516,1740
2021-10-25,San Luis Obispo,079,281455,29126,28907,1246,30153,336
2021-10-25,San Mateo,081,765935,53149,52927,1543,54470,571
2021-10-25,Santa Barbara,083,443738,44069,43775,1672,45447,525
2021-10-25,Santa Clara,085,1922200,145553,144895,1350,146245,1901
2021-10-25,Santa Cruz,087,273765,20169,20053,1080,21133,221
2021-10-25,Shasta,089,179085,21017,20666,3621,24287,326
2021-10-25,Sierra,091,2930,179,168,22,190,0
2021-10-25,Siskiyou,093,43540,3279,3248,1313,4561,46
2021-10-25,Solano,095,438530,45231,45022,1218,46240,344
2021-10-25,Sonoma,097,501317,40992,40746,528,41274,393
2021-10-25,Stanislaus,099,539301,78005,77452,9005,86457,1145
2021-10-25,Sutter,101,95872,13794,13721,346,14067,176
2021-10-25,Tehama,103,63373,8321,8224,1502,9726,111
2021-10-25,Trinity,105,12862,759,699,196,895,11
2021-10-25,Tulare,107,460477,66910,66357,15275,81632,986
2021-10-25,Tuolumne,109,53932,7116,6952,88,7040,90
2021-10-25,Ventura,111,848112,97201,96932,4405,101337,1167
2021-10-25,Yolo,113,214977,19593,19457,1145,20602,248
2021-10-25,Yuba,115,75493,9992,9924,310,10234,82
2021-10-24,Alameda,001,1643700,118702,117816,2931,120747,1397
2021-10-24,Alpine,003,1148,105,105,0,105,0
2021-10-24,Amador,005,37829,5501,5412,61,5473,64
2021-10-24,Butte,007,227075,20498,20101,3789,23890,273
2021-10-24,Calaveras,009,45235,3977,3865,53,3918,81
2021-10-24,Colusa,011,21464,2495,2458,640,3098,18
2021-10-24,Contra Costa,013,1133247,98515,97855,2213,100068,1008
2021-10-24,Del Norte,015,27424,3628,3540,55,3595,42
2021-10-24,El Dorado,017,186661,15799,15540,1711,17251,149
2021-10-24,Fresno,019,978130,136809,134466,12187,146653,2094
2021-10-24,Glenn,021,27897,3430,3399,998,4397,33
2021-10-24,Humboldt,023,135768,8888,8753,552,9305,105
2021-10-24,Imperial,025,180216,33123,32777,3306,36083,766
2021-10-24,Inyo,027,18085,2237,2108,35,2143,41
2021-10-24,Kern,029,883053,125059,122939,21963,144902,1636
2021-10-24,Kings,031,150075,31541,30942,2018,32960,325
2021-10-24,Lake,033,64148,6629,6501,144,6645,105
2021-10-24,Lassen,035,31185,6750,6632,371,7003,27
2021-10-24,Los Angeles,037,10098052,1425381,1415919,56429,1472348,26527
2021-10-24,Madera,039,155013,22587,22062,1968,24030,281
2021-10-24,Marin,041,260295,17398,17264,456,17720,244
2021-10-24,Mariposa,043,17540,1236,1184,36,1220,5
2021-10-24,Mendocino,045,87422,7341,7220,472,7692,82
2021-10-24,Merced,047,269075,41400,40808,1736,42544,581
2021-10-24,Modoc,049,8938,521,507,184,691,5
2021-10-24,Mono,051,14174,1675,1655,19,1674,3
2021-10-24,Monterey,053,433212,47671,47456,3573,51029,586
2021-10-24,Napa,055,140530,12885,12789,106,12895,100
2021-10-24,Nevada,057,99092,9020,8861,326,9187,90
2021-10-24,Orange,059,3164182,304504,302237,15268,317505,5546
2021-10-24,Placer,061,380077,36451,35822,3685,39507,426
2021-10-24,Plumas,063,18699,1704,1623,38,1661,7
2021-10-24,Riverside,065,2383286,357748,354688,16977,371665,5041
2021-10-24,Sacramento,067,1510023,156735,155125,4652,159777,2232
2021-10-24,San Benito,069,59416,7328,7280,176,7456,71
2021-10-24,San Bernardino,071,2135413,350363,347681,11534,359215,5688
2021-10-24,San Diego,073,3302833,370249,366085,21494,387579,4183
2021-10-24,San Francisco,075,870044,52166,51820,2666,54486,649
2021-10-24,San Joaquin,077,732212,98426,97440,5530,102970,1721
2021-10-24,San Luis Obispo,079,281455,29066,28755,1239,29994,333
2021-10-24,San Mateo,081,765935,53084,52719,1537,54256,571
2021-10-24,Santa Barbara,083,443738,44005,43552,1670,45222,523
2021-10-24,Santa Clara,085,1922200,145367,144276,1340,145616,1897
2021-10-24,Santa Cruz,087,273765,20131,19967,1079,21046,221
2021-10-24,Shasta,089,179085,20917,20386,3615,24001,321
2021-10-24,Sierra,091,2930,179,168,22,190,0
2021-10-24,Siskiyou,093,43540,3273,3231,1308,4539,46
2021-10-24,Solano,095,438530,45182,44861,1216,46077,341
2021-10-24,Sonoma,097,501317,40911,40476,528,41004,393
2021-10-24,Stanislaus,099,539301,77814,76812,8995,85807,1145
2021-10-24,Sutter,101,95872,13767,13616,338,13954,175
2021-10-24,Tehama,103,63373,8274,8105,1491,9596,110
2021-10-24,Trinity,105,12862,755,696,193,889,11
2021-10-24,Tulare,107,460477,66741,65585,15201,80786,978
2021-10-24,Tuolumne,109,53932,7075,6840,86,6926,90
2021-10-24,Ventura,111,848112,97099,96664,4403,101067,1167
2021-10-24,Yolo,113,214977,19541,19280,1142,20422,248
2021-10-24,Yuba,115,75493,9967,9838,308,10146,82
2021-10-23,Alameda,001,1643700,118614,117816,2927,120743,1397
2021-10-23,Alpine,003,1148,105,105,0,105,0
2021-10-23,Amador,005,37829,5494,5412,61,5473,64
2021-10-23,Butte,007,227075,20464,20101,3785,23886,273
2021-10-23,Calaveras,009,45235,3970,3865,52,3917,81
2021-10-23,Colusa,011,21464,2493,2458,639,3097,18
2021-10-23,Contra Costa,013,1133247,98463,97855,2210,100065,1008
2021-10-23,Del Norte,015,27424,3626,3540,55,3595,42
2021-10-23,El Dorado,017,186661,15773,15540,1709,17249,149
2021-10-23,Fresno,019,978130,136630,134466,12178,146644,2094
2021-10-23,Glenn,021,27897,3427,3399,997,4396,33
2021-10-23,Humboldt,023,135768,8872,8753,547,9300,105
2021-10-23,Imperial,025,180216,33076,32777,3302,36079,766
2021-10-23,Inyo,027,18085,2226,2108,35,2143,41
2021-10-23,Kern,029,883053,124901,122939,21874,144813,1636
2021-10-23,Kings,031,150075,31495,30942,2016,32958,325
2021-10-23,Lake,033,64148,6624,6501,144,6645,105
2021-10-23,Lassen,035,31185,6747,6632,369,7001,27
2021-10-23,Los Angeles,037,10098052,1424713,1415919,56372,1472291,26527
2021-10-23,Madera,039,155013,22538,22062,1959,24021,281
2021-10-23,Marin,041,260295,17381,17264,455,17719,244
2021-10-23,Mariposa,043,17540,1233,1184,36,1220,5
2021-10-23,Mendocino,045,87422,7336,7220,471,7691,82
2021-10-23,Merced,047,269075,41361,40808,1734,42542,581
2021-10-23,Modoc,049,8938,519,507,184,691,5
2021-10-23,Mono,051,14174,1674,1655,19,1674,3
2021-10-23,Monterey,053,433212,47655,47456,3567,51023,586
2021-10-23,Napa,055,140530,12880,12789,106,12895,100
2021-10-23,Nevada,057,99092,9009,8861,324,9185,90
2021-10-23,Orange,059,3164182,304317,302237,15251,317488,5546
2021-10-23,Placer,061,380077,36389,35822,3679,39501,426
2021-10-23,Plumas,063,18699,1703,1623,38,1661,7
2021-10-23,Riverside,065,2383286,357429,354688,16970,371658,5041
2021-10-23,Sacramento,067,1510023,156606,155125,4644,159769,2232
2021-10-23,San Benito,069,59416,7318,7280,176,7456,71
2021-10-23,San Bernardino,071,2135413,350098,347681,11527,359208,5688
2021-10-23,San Diego,073,3302833,369893,366085,21464,387549,4183
2021-10-23,San Francisco,075,870044,52133,51820,2663,54483,649
2021-10-23,San Joaquin,077,732212,98359,97440,5521,102961,1721
2021-10-23,San Luis Obispo,079,281455,29029,28755,1237,29992,333
2021-10-23,San Mateo,081,765935,53054,52719,1527,54246,571
2021-10-23,Santa Barbara,083,443738,43974,43552,1668,45220,523
2021-10-23,Santa Clara,085,1922200,145258,144276,1336,145612,1897
2021-10-23,Santa Cruz,087,273765,20119,19967,1079,21046,221
2021-10-23,Shasta,089,179085,20881,20386,3603,23989,321
2021-10-23,Sierra,091,2930,178,168,22,190,0
2021-10-23,Siskiyou,093,43540,3271,3231,1308,4539,46
2021-10-23,Solano,095,438530,45157,44861,1213,46074,341
2021-10-23,Sonoma,097,501317,40871,40476,528,41004,393
2021-10-23,Stanislaus,099,539301,77725,76812,8976,85788,1145
2021-10-23,Sutter,101,95872,13762,13616,337,13953,175
2021-10-23,Tehama,103,63373,8262,8105,1490,9595,110
2021-10-23,Trinity,105,12862,754,696,193,889,11
2021-10-23,Tulare,107,460477,66655,65585,15140,80725,978
2021-10-23,Tuolumne,109,53932,7055,6840,86,6926,90
2021-10-23,Ventura,111,848112,97041,96664,4402,101066,1167
2021-10-23,Yolo,113,214977,19523,19280,1139,20419,248
2021-10-23,Yuba,115,75493,9959,9838,308,10146,82
2021-10-22,Alameda,001,1643700,118529,117816,2923,120739,1397
2021-10-22,Alpine,003,1148,105,105,0,105,0
2021-10-22,Amador,005,37829,5483,5412,61,5473,64
2021-10-22,Butte,007,227075,20432,20101,3781,23882,273
2021-10-22,Calaveras,009,45235,3962,3865,52,3917,81
2021-10-22,Colusa,011,21464,2490,2458,639,3097,18
2021-10-22,Contra Costa,013,1133247,98372,97855,2208,100063,1008
2021-10-22,Del Norte,015,27424,3622,3540,55,3595,42
2021-10-22,El Dorado,017,186661,15760,15540,1707,17247,149
2021-10-22,Fresno,019,978130,136417,134466,12173,146639,2094
2021-10-22,Glenn,021,27897,3416,3399,997,4396,33
2021-10-22,Humboldt,023,135768,8859,8753,546,9299,105
2021-10-22,Imperial,025,180216,33033,32777,3302,36079,766
2021-10-22,Inyo,027,18085,2213,2108,35,2143,41
2021-10-22,Kern,029,883053,124715,122939,21806,144745,1636
2021-10-22,Kings,031,150075,31460,30942,2015,32957,325
2021-10-22,Lake,033,64148,6614,6501,144,6645,105
2021-10-22,Lassen,035,31185,6740,6632,366,6998,27
2021-10-22,Los Angeles,037,10098052,1423965,1415919,56312,1472231,26527
2021-10-22,Madera,039,155013,22489,22062,1947,24009,281
2021-10-22,Marin,041,260295,17369,17264,455,17719,244
2021-10-22,Mariposa,043,17540,1230,1184,36,1220,5
2021-10-22,Mendocino,045,87422,7322,7220,470,7690,82
2021-10-22,Merced,047,269075,41322,40808,1729,42537,581
2021-10-22,Modoc,049,8938,519,507,184,691,5
2021-10-22,Mono,051,14174,1674,1655,19,1674,3
2021-10-22,Monterey,053,433212,47634,47456,3553,51009,586
2021-10-22,Napa,055,140530,12874,12789,106,12895,100
2021-10-22,Nevada,057,99092,8992,8861,323,9184,90
2021-10-22,Orange,059,3164182,304102,302237,15225,317462,5546
2021-10-22,Placer,061,380077,36361,35822,3670,39492,426
2021-10-22,Plumas,063,18699,1697,1623,38,1661,7
2021-10-22,Riverside,065,2383286,357119,354688,16965,371653,5041
2021-10-22,Sacramento,067,1510023,156422,155125,4634,159759,2232
2021-10-22,San Benito,069,59416,7313,7280,176,7456,71
2021-10-22,San Bernardino,071,2135413,349775,347681,11513,359194,5688
2021-10-22,San Diego,073,3302833,369483,366085,21445,387530,4183
2021-10-22,San Francisco,075,870044,52101,51820,2656,54476,649
2021-10-22,San Joaquin,077,732212,98301,97440,5518,102958,1721
2021-10-22,San Luis Obispo,079,281455,28999,28755,1237,29992,333
2021-10-22,San Mateo,081,765935,53009,52719,1515,54234,571
2021-10-22,Santa Barbara,083,443738,43933,43552,1668,45220,523
2021-10-22,Santa Clara,085,1922200,145103,144276,1328,145604,1897
2021-10-22,Santa Cruz,087,273765,20097,19967,1079,21046,221
2021-10-22,Shasta,089,179085,20849,20386,3600,23986,321
2021-10-22,Sierra,091,2930,177,168,21,189,0
2021-10-22,Siskiyou,093,43540,3269,3231,1305,4536,46
2021-10-22,Solano,095,438530,45122,44861,1209,46070,341
2021-10-22,Sonoma,097,501317,40815,40476,528,41004,393
2021-10-22,Stanislaus,099,539301,77623,76812,8956,85768,1145
2021-10-22,Sutter,101,95872,13747,13616,337,13953,175
2021-10-22,Tehama,103,63373,8241,8105,1485,9590,110
2021-10-22,Trinity,105,12862,753,696,193,889,11
2021-10-22,Tulare,107,460477,66572,65585,15085,80670,978
2021-10-22,Tuolumne,109,53932,7020,6840,86,6926,90
2021-10-22,Ventura,111,848112,96989,96664,4396,101060,1167
2021-10-22,Yolo,113,214977,19496,19280,1136,20416,248
2021-10-22,Yuba,115,75493,9945,9838,306,10144,82
2021-10-21,Alameda,001,1643700,118415,117816,2919,120735,1397
2021-10-21,Alpine,003,1148,105,105,0,105,0
2021-10-21,Amador,005,37829,5475,5412,61,5473,64
2021-10-21,Butte,007,227075,20349,20101,3768,23869,273
2021-10-21,Calaveras,009,45235,3943,3865,52,3917,81
2021-10-21,Colusa,011,21464,2486,2458,632,3090,18
2021-10-21,Contra Costa,013,1133247,98259,97855,2202,100057,1008
2021-10-21,Del Norte,015,27424,3616,3540,54,3594,42
2021-10-21,El Dorado,017,186661,15732,15540,1700,17240,149
2021-10-21,Fresno,019,978130,136069,134466,12136,146602,2094
2021-10-21,Glenn,021,27897,3412,3399,993,4392,33
2021-10-21,Humboldt,023,135768,8844,8753,542,9295,105
2021-10-21,Imperial,025,180216,32979,32777,3297,36074,766
2021-10-21,Inyo,027,18085,2191,2108,35,2143,41
2021-10-21,Kern,029,883053,124470,122939,21693,144632,1636
2021-10-21,Kings,031,150075,31361,30942,2009,32951,325
2021-10-21,Lake,033,64148,6601,6501,144,6645,105
2021-10-21,Lassen,035,31185,6727,6632,362,6994,27
2021-10-21,Los Angeles,037,10098052,1422858,1415919,56260,1472179,26527
2021-10-21,Madera,039,155013,22431,22062,1938,24000,281
2021-10-21,Marin,041,260295,17351,17264,455,17719,244
2021-10-21,Mariposa,043,17540,1224,1184,35,1219,5
2021-10-21,Mendocino,045,87422,7304,7220,462,7682,82
2021-10-21,Merced,047,269075,41220,40808,1722,42530,581
2021-10-21,Modoc,049,8938,519,507,184,691,5
2021-10-21,Mono,051,14174,1666,1655,19,1674,3
2021-10-21,Monterey,053,433212,47607,47456,3534,50990,586
2021-10-21,Napa,055,140530,12862,12789,106,12895,100
2021-10-21,Nevada,057,99092,8967,8861,323,9184,90
2021-10-21,Orange,059,3164182,303829,302237,15191,317428,5546
2021-10-21,Placer,061,380077,36274,35822,3657,39479,426
2021-10-21,Plumas,063,18699,1683,1623,38,1661,7
2021-10-21,Riverside,065,2383286,356674,354688,16953,371641,5041
2021-10-21,Sacramento,067,1510023,156106,155125,4608,159733,2232
2021-10-21,San Benito,069,59416,7306,7280,174,7454,71
2021-10-21,San Bernardino,071,2135413,349401,347681,11478,359159,5688
2021-10-21,San Diego,073,3302833,368961,366085,21412,387497,4183
2021-10-21,San Francisco,075,870044,52046,51820,2655,54475,649
2021-10-21,San Joaquin,077,732212,98162,97440,5511,102951,1721
2021-10-21,San Luis Obispo,079,281455,28957,28755,1235,29990,333
2021-10-21,San Mateo,081,765935,52966,52719,1512,54231,571
2021-10-21,Santa Barbara,083,443738,43868,43552,1666,45218,523
2021-10-21,Santa Clara,085,1922200,144933,144276,1326,145602,1897
2021-10-21,Santa Cruz,087,273765,20073,19967,1077,21044,221
2021-10-21,Shasta,089,179085,20787,20386,3585,23971,321
2021-10-21,Sierra,091,2930,176,168,20,188,0
2021-10-21,Siskiyou,093,43540,3264,3231,1303,4534,46
2021-10-21,Solano,095,438530,45072,44861,1207,46068,341
2021-10-21,Sonoma,097,501317,40748,40476,526,41002,393
2021-10-21,Stanislaus,099,539301,77454,76812,8945,85757,1145
2021-10-21,Sutter,101,95872,13719,13616,333,13949,175
2021-10-21,Tehama,103,63373,8213,8105,1478,9583,110
2021-10-21,Trinity,105,12862,751,696,193,889,11
2021-10-21,Tulare,107,460477,66384,65585,15012,80597,978
2021-10-21,Tuolumne,109,53932,6983,6840,85,6925,90
2021-10-21,Ventura,111,848112,96897,96664,4395,101059,1167
2021-10-21,Yolo,113,214977,19451,19280,1134,20414,248
2021-10-21,Yuba,115,75493,9921,9838,305,10143,82
2021-10-20,Alameda,001,1643700,118296,117654,2917,120571,1390
2021-10-20,Alpine,003,1148,105,103,0,103,0
2021-10-20,Amador,005,37829,5467,5379,61,5440,64
2021-10-20,Butte,007,227075,20295,20021,3753,23774,270
2021-10-20,Calaveras,009,45235,3922,3844,51,3895,81
2021-10-20,Colusa,011,21464,2482,2454,631,3085,18
2021-10-20,Contra Costa,013,1133247,98149,97721,2196,99917,1008
2021-10-20,Del Norte,015,27424,3612,3536,54,3590,42
2021-10-20,El Dorado,017,186661,15702,15502,1696,17198,149
2021-10-20,Fresno,019,978130,135673,134025,12111,146136,2084
2021-10-20,Glenn,021,27897,3405,3382,991,4373,33
2021-10-20,Humboldt,023,135768,8822,8727,540,9267,105
2021-10-20,Imperial,025,180216,32907,32705,3289,35994,766
2021-10-20,Inyo,027,18085,2171,2077,34,2111,40
2021-10-20,Kern,029,883053,124177,122630,21572,144202,1623
2021-10-20,Kings,031,150075,31286,30805,1999,32804,322
2021-10-20,Lake,033,64148,6579,6475,144,6619,104
2021-10-20,Lassen,035,31185,6712,6622,362,6984,27
2021-10-20,Los Angeles,037,10098052,1421749,1414931,56180,1471111,26506
2021-10-20,Madera,039,155013,22361,21983,1930,23913,281
2021-10-20,Marin,041,260295,17330,17250,453,17703,244
2021-10-20,Mariposa,043,17540,1217,1174,35,1209,5
2021-10-20,Mendocino,045,87422,7277,7189,459,7648,82
2021-10-20,Merced,047,269075,41133,40685,1711,42396,581
2021-10-20,Modoc,049,8938,519,504,184,688,5
2021-10-20,Mono,051,14174,1665,1653,19,1672,3
2021-10-20,Monterey,053,433212,47584,47430,3520,50950,587
2021-10-20,Napa,055,140530,12849,12773,105,12878,100
2021-10-20,Nevada,057,99092,8940,8836,323,9159,90
2021-10-20,Orange,059,3164182,303550,301957,15170,317127,5534
2021-10-20,Placer,061,380077,36185,35729,3648,39377,425
2021-10-20,Plumas,063,18699,1676,1604,38,1642,7
2021-10-20,Riverside,065,2383286,356232,354311,16935,371246,5030
2021-10-20,Sacramento,067,1510023,155807,154822,4585,159407,2222
2021-10-20,San Benito,069,59416,7303,7275,172,7447,71
2021-10-20,San Bernardino,071,2135413,349007,347217,11448,358665,5663
2021-10-20,San Diego,073,3302833,368449,365698,21388,387086,4178
2021-10-20,San Francisco,075,870044,52000,51755,2650,54405,646
2021-10-20,San Joaquin,077,732212,98015,97246,5503,102749,1721
2021-10-20,San Luis Obispo,079,281455,28913,28727,1231,29958,332
2021-10-20,San Mateo,081,765935,52904,52663,1494,54157,571
2021-10-20,Santa Barbara,083,443738,43808,43489,1665,45154,523
2021-10-20,Santa Clara,085,1922200,144797,144124,1322,145446,1896
2021-10-20,Santa Cruz,087,273765,20060,19951,1077,21028,219
2021-10-20,Shasta,089,179085,20728,20313,3557,23870,320
2021-10-20,Sierra,091,2930,176,168,20,188,0
2021-10-20,Siskiyou,093,43540,3264,3224,1297,4521,46
2021-10-20,Solano,095,438530,45040,44819,1205,46024,341
2021-10-20,Sonoma,097,501317,40704,40404,526,40930,393
2021-10-20,Stanislaus,099,539301,77304,76631,8926,85557,1145
2021-10-20,Sutter,101,95872,13695,13592,327,13919,175
2021-10-20,Tehama,103,63373,8182,8081,1467,9548,110
2021-10-20,Trinity,105,12862,751,693,192,885,11
2021-10-20,Tulare,107,460477,66209,65413,14966,80379,967
2021-10-20,Tuolumne,109,53932,6962,6803,85,6888,89
2021-10-20,Ventura,111,848112,96807,96610,4392,101002,1166
2021-10-20,Yolo,113,214977,19407,19236,1133,20369,248
2021-10-20,Yuba,115,75493,9904,9808,302,10110,82
2021-10-19,Alameda,001,1643700,118185,117542,2911,120453,1383
2021-10-19,Alpine,003,1148,105,103,0,103,0
2021-10-19,Amador,005,37829,5451,5367,61,5428,64
2021-10-19,Butte,007,227075,20241,19974,3745,23719,268
2021-10-19,Calaveras,009,45235,3905,3826,50,3876,80
2021-10-19,Colusa,011,21464,2479,2447,629,3076,18
2021-10-19,Contra Costa,013,1133247,98059,97613,2190,99803,1004
2021-10-19,Del Norte,015,27424,3605,3531,54,3585,42
2021-10-19,El Dorado,017,186661,15677,15478,1691,17169,149
2021-10-19,Fresno,019,978130,135315,133813,12078,145891,2073
2021-10-19,Glenn,021,27897,3404,3380,987,4367,33
2021-10-19,Humboldt,023,135768,8798,8714,534,9248,105
2021-10-19,Imperial,025,180216,32839,32632,3285,35917,764
2021-10-19,Inyo,027,18085,2140,2045,34,2079,40
2021-10-19,Kern,029,883053,123859,122391,21447,143838,1613
2021-10-19,Kings,031,150075,31191,30757,1992,32749,322
2021-10-19,Lake,033,64148,6575,6465,144,6609,104
2021-10-19,Lassen,035,31185,6706,6612,357,6969,27
2021-10-19,Los Angeles,037,10098052,1420512,1413882,56098,1469980,26473
2021-10-19,Madera,039,155013,22298,21950,1922,23872,281
2021-10-19,Marin,041,260295,17316,17241,450,17691,244
2021-10-19,Mariposa,043,17540,1211,1171,33,1204,5
2021-10-19,Mendocino,045,87422,7262,7172,456,7628,82
2021-10-19,Merced,047,269075,41017,40628,1691,42319,580
2021-10-19,Modoc,049,8938,517,502,184,686,5
2021-10-19,Mono,051,14174,1659,1651,19,1670,3
2021-10-19,Monterey,053,433212,47555,47412,3500,50912,583
2021-10-19,Napa,055,140530,12842,12769,105,12874,100
2021-10-19,Nevada,057,99092,8919,8829,322,9151,90
2021-10-19,Orange,059,3164182,303296,301700,15140,316840,5527
2021-10-19,Placer,061,380077,36064,35663,3633,39296,422
2021-10-19,Plumas,063,18699,1658,1586,38,1624,8
2021-10-19,Riverside,065,2383286,355812,353891,16927,370818,5020
2021-10-19,Sacramento,067,1510023,155505,154570,4556,159126,2227
2021-10-19,San Benito,069,59416,7287,7264,172,7436,71
2021-10-19,San Bernardino,071,2135413,348610,346814,11418,358232,5627
2021-10-19,San Diego,073,3302833,367857,365285,21355,386640,4170
2021-10-19,San Francisco,075,870044,51940,51704,2647,54351,645
2021-10-19,San Joaquin,077,732212,97849,97105,5491,102596,1721
2021-10-19,San Luis Obispo,079,281455,28866,28670,1229,29899,332
2021-10-19,San Mateo,081,765935,52852,52617,1486,54103,571
2021-10-19,Santa Barbara,083,443738,43741,43413,1663,45076,522
2021-10-19,Santa Clara,085,1922200,144626,143989,1314,145303,1898
2021-10-19,Santa Cruz,087,273765,20036,19895,1075,20970,218
2021-10-19,Shasta,089,179085,20651,20209,3549,23758,319
2021-10-19,Sierra,091,2930,173,168,20,188,0
2021-10-19,Siskiyou,093,43540,3260,3216,1292,4508,46
2021-10-19,Solano,095,438530,44999,44782,1201,45983,341
2021-10-19,Sonoma,097,501317,40630,40379,525,40904,392
2021-10-19,Stanislaus,099,539301,77165,76526,8912,85438,1145
2021-10-19,Sutter,101,95872,13671,13569,326,13895,174
2021-10-19,Tehama,103,63373,8152,8057,1451,9508,108
2021-10-19,Trinity,105,12862,744,691,192,883,11
2021-10-19,Tulare,107,460477,66027,65253,14898,80151,958
2021-10-19,Tuolumne,109,53932,6934,6782,84,6866,89
2021-10-19,Ventura,111,848112,96727,96539,4389,100928,1166
2021-10-19,Yolo,113,214977,19364,19206,1128,20334,248
2021-10-19,Yuba,115,75493,9887,9796,300,10096,82
2021-10-18,Alameda,001,1643700,118051,117506,2902,120408,1381
2021-10-18,Alpine,003,1148,105,103,0,103,0
2021-10-18,Amador,005,37829,5440,5345,61,5406,64
2021-10-18,Butte,007,227075,20191,19921,3737,23658,265
2021-10-18,Calaveras,009,45235,3880,3819,49,3868,80
2021-10-18,Colusa,011,21464,2478,2444,627,3071,18
2021-10-18,Contra Costa,013,1133247,97950,97585,2187,99772,995
2021-10-18,Del Norte,015,27424,3598,3529,54,3583,41
2021-10-18,El Dorado,017,186661,15646,15452,1688,17140,149
2021-10-18,Fresno,019,978130,134920,133688,12044,145732,2063
2021-10-18,Glenn,021,27897,3398,3370,981,4351,32
2021-10-18,Humboldt,023,135768,8780,8699,525,9224,104
2021-10-18,Imperial,025,180216,32748,32558,3285,35843,764
2021-10-18,Inyo,027,18085,2122,2020,34,2054,40
2021-10-18,Kern,029,883053,123560,122231,21348,143579,1605
2021-10-18,Kings,031,150075,31075,30698,1979,32677,320
2021-10-18,Lake,033,64148,6556,6455,142,6597,104
2021-10-18,Lassen,035,31185,6686,6607,354,6961,26
2021-10-18,Los Angeles,037,10098052,1419275,1413291,56019,1469310,26446
2021-10-18,Madera,039,155013,22244,21909,1910,23819,277
2021-10-18,Marin,041,260295,17296,17232,447,17679,244
2021-10-18,Mariposa,043,17540,1203,1160,33,1193,5
2021-10-18,Mendocino,045,87422,7243,7156,447,7603,82
2021-10-18,Merced,047,269075,40893,40573,1681,42254,579
2021-10-18,Modoc,049,8938,517,498,184,682,5
2021-10-18,Mono,051,14174,1648,1648,18,1666,3
2021-10-18,Monterey,053,433212,47538,47389,3490,50879,583
2021-10-18,Napa,055,140530,12827,12762,105,12867,100
2021-10-18,Nevada,057,99092,8900,8816,322,9138,90
2021-10-18,Orange,059,3164182,302961,301573,15105,316678,5524
2021-10-18,Placer,061,380077,35986,35598,3629,39227,420
2021-10-18,Plumas,063,18699,1650,1579,38,1617,6
2021-10-18,Riverside,065,2383286,355397,353699,16912,370611,5008
2021-10-18,Sacramento,067,1510023,155200,154428,4524,158952,2203
2021-10-18,San Benito,069,59416,7275,7253,171,7424,71
2021-10-18,San Bernardino,071,2135413,348192,346742,11403,358145,5606
2021-10-18,San Diego,073,3302833,367295,364948,21312,386260,4169
2021-10-18,San Francisco,075,870044,51878,51671,2640,54311,644
2021-10-18,San Joaquin,077,732212,97684,97041,5481,102522,1721
2021-10-18,San Luis Obispo,079,281455,28827,28644,1226,29870,331
2021-10-18,San Mateo,081,765935,52791,52594,1484,54078,571
2021-10-18,Santa Barbara,083,443738,43684,43386,1661,45047,522
2021-10-18,Santa Clara,085,1922200,144472,143891,1305,145196,1895
2021-10-18,Santa Cruz,087,273765,20022,19876,1073,20949,218
2021-10-18,Shasta,089,179085,20570,20146,3538,23684,313
2021-10-18,Sierra,091,2930,173,166,20,186,0
2021-10-18,Siskiyou,093,43540,3257,3210,1284,4494,42
2021-10-18,Solano,095,438530,44955,44758,1199,45957,339
2021-10-18,Sonoma,097,501317,40568,40349,521,40870,392
2021-10-18,Stanislaus,099,539301,77001,76466,8898,85364,1145
2021-10-18,Sutter,101,95872,13637,13557,324,13881,172
2021-10-18,Tehama,103,63373,8118,8042,1439,9481,107
2021-10-18,Trinity,105,12862,743,688,192,880,11
2021-10-18,Tulare,107,460477,65853,65171,14834,80005,958
2021-10-18,Tuolumne,109,53932,6905,6755,84,6839,89
2021-10-18,Ventura,111,848112,96635,96506,4387,100893,1165
2021-10-18,Yolo,113,214977,19328,19197,1125,20322,248
2021-10-18,Yuba,115,75493,9861,9782,297,10079,82
2021-10-17,Alameda,001,1643700,117904,117423,2897,120320,1376
2021-10-17,Alpine,003,1148,105,103,0,103,0
2021-10-17,Amador,005,37829,5417,5341,61,5402,64
2021-10-17,Butte,007,227075,20105,19897,3728,23625,265
2021-10-17,Calaveras,009,45235,3864,3805,49,3854,80
2021-10-17,Colusa,011,21464,2473,2442,620,3062,18
2021-10-17,Contra Costa,013,1133247,97827,97485,2176,99661,995
2021-10-17,Del Norte,015,27424,3593,3526,54,3580,41
2021-10-17,El Dorado,017,186661,15588,15438,1681,17119,149
2021-10-17,Fresno,019,978130,134454,133429,12013,145442,2063
2021-10-17,Glenn,021,27897,3382,3364,979,4343,32
2021-10-17,Humboldt,023,135768,8760,8690,522,9212,104
2021-10-17,Imperial,025,180216,32666,32520,3279,35799,764
2021-10-17,Inyo,027,18085,2094,2000,34,2034,40
2021-10-17,Kern,029,883053,123213,122085,21249,143334,1603
2021-10-17,Kings,031,150075,30962,30636,1969,32605,315
2021-10-17,Lake,033,64148,6540,6437,141,6578,104
2021-10-17,Lassen,035,31185,6674,6605,349,6954,26
2021-10-17,Los Angeles,037,10098052,1417951,1412371,55935,1468306,26443
2021-10-17,Madera,039,155013,22182,21869,1901,23770,277
2021-10-17,Marin,041,260295,17275,17211,447,17658,243
2021-10-17,Mariposa,043,17540,1197,1150,33,1183,5
2021-10-17,Mendocino,045,87422,7216,7148,440,7588,82
2021-10-17,Merced,047,269075,40766,40531,1667,42198,579
2021-10-17,Modoc,049,8938,514,498,182,680,5
2021-10-17,Mono,051,14174,1647,1640,17,1657,3
2021-10-17,Monterey,053,433212,47506,47369,3470,50839,583
2021-10-17,Napa,055,140530,12812,12753,102,12855,100
2021-10-17,Nevada,057,99092,8883,8794,321,9115,90
2021-10-17,Orange,059,3164182,302651,301414,15073,316487,5524
2021-10-17,Placer,061,380077,35886,35559,3614,39173,420
2021-10-17,Plumas,063,18699,1627,1571,35,1606,6
2021-10-17,Riverside,065,2383286,354918,353500,16896,370396,5008
2021-10-17,Sacramento,067,1510023,154802,154080,4502,158582,2213
2021-10-17,San Benito,069,59416,7266,7250,170,7420,71
2021-10-17,San Bernardino,071,2135413,347765,346524,11384,357908,5597
2021-10-17,San Diego,073,3302833,366688,364675,21282,385957,4163
2021-10-17,San Francisco,075,870044,51805,51625,2631,54256,644
2021-10-17,San Joaquin,077,732212,97511,96950,5472,102422,1721
2021-10-17,San Luis Obispo,079,281455,28776,28604,1218,29822,331
2021-10-17,San Mateo,081,765935,52748,52541,1472,54013,571
2021-10-17,Santa Barbara,083,443738,43622,43344,1660,45004,522
2021-10-17,Santa Clara,085,1922200,144299,143768,1295,145063,1895
2021-10-17,Santa Cruz,087,273765,19994,19861,1071,20932,218
2021-10-17,Shasta,089,179085,20480,20116,3526,23642,312
2021-10-17,Sierra,091,2930,171,165,20,185,0
2021-10-17,Siskiyou,093,43540,3249,3204,1281,4485,42
2021-10-17,Solano,095,438530,44899,44722,1198,45920,340
2021-10-17,Sonoma,097,501317,40493,40306,521,40827,392
2021-10-17,Stanislaus,099,539301,76804,76354,8884,85238,1145
2021-10-17,Sutter,101,95872,13620,13543,322,13865,172
2021-10-17,Tehama,103,63373,8086,8015,1422,9437,107
2021-10-17,Trinity,105,12862,740,686,191,877,11
2021-10-17,Tulare,107,460477,65671,65057,14759,79816,958
2021-10-17,Tuolumne,109,53932,6870,6735,83,6818,89
2021-10-17,Ventura,111,848112,96540,96458,4384,100842,1165
2021-10-17,Yolo,113,214977,19289,19171,1115,20286,248
2021-10-17,Yuba,115,75493,9835,9771,295,10066,82
2021-10-16,Alameda,001,1643700,117817,117027,2896,119923,1365
2021-10-16,Alpine,003,1148,104,102,0,102,0
2021-10-16,Amador,005,37829,5410,5310,61,5371,64
2021-10-16,Butte,007,227075,20074,19612,3721,23333,260
2021-10-16,Calaveras,009,45235,3857,3771,49,3820,80
2021-10-16,Colusa,011,21464,2469,2431,617,3048,18
2021-10-16,Contra Costa,013,1133247,97736,97107,2173,99280,982
2021-10-16,Del Norte,015,27424,3590,3516,54,3570,41
2021-10-16,El Dorado,017,186661,15566,15315,1679,16994,149
2021-10-16,Fresno,019,978130,134305,132433,12006,144439,2051
2021-10-16,Glenn,021,27897,3379,3331,979,4310,26
2021-10-16,Humboldt,023,135768,8747,8621,517,9138,104
2021-10-16,Imperial,025,180216,32651,32368,3278,35646,764
2021-10-16,Inyo,027,18085,2080,1932,34,1966,39
2021-10-16,Kern,029,883053,123060,121354,21163,142517,1590
2021-10-16,Kings,031,150075,30914,30418,1966,32384,314
2021-10-16,Lake,033,64148,6529,6378,141,6519,104
2021-10-16,Lassen,035,31185,6666,6559,344,6903,26
2021-10-16,Los Angeles,037,10098052,1417306,1409418,55878,1465296,26398
2021-10-16,Madera,039,155013,22138,21707,1898,23605,277
2021-10-16,Marin,041,260295,17266,17148,447,17595,243
2021-10-16,Mariposa,043,17540,1194,1096,33,1129,5
2021-10-16,Mendocino,045,87422,7206,7099,440,7539,82
2021-10-16,Merced,047,269075,40733,40265,1666,41931,577
2021-10-16,Modoc,049,8938,511,492,182,674,5
2021-10-16,Mono,051,14174,1646,1628,17,1645,3
2021-10-16,Monterey,053,433212,47492,47293,3459,50752,582
2021-10-16,Napa,055,140530,12801,12706,102,12808,100
2021-10-16,Nevada,057,99092,8863,8739,321,9060,90
2021-10-16,Orange,059,3164182,302476,300722,15050,315772,5509
2021-10-16,Placer,061,380077,35802,35343,3607,38950,412
2021-10-16,Plumas,063,18699,1622,1542,34,1576,6
2021-10-16,Riverside,065,2383286,354650,352435,16884,369319,4990
2021-10-16,Sacramento,067,1510023,154601,153264,4498,157762,2192
2021-10-16,San Benito,069,59416,7253,7210,169,7379,71
2021-10-16,San Bernardino,071,2135413,347561,345418,11377,356795,5566
2021-10-16,San Diego,073,3302833,366367,363109,21266,384375,4151
2021-10-16,San Francisco,075,870044,51757,51436,2626,54062,645
2021-10-16,San Joaquin,077,732212,97441,96507,5469,101976,1708
2021-10-16,San Luis Obispo,079,281455,28750,28460,1217,29677,329
2021-10-16,San Mateo,081,765935,52705,52399,1466,53865,569
2021-10-16,Santa Barbara,083,443738,43586,43175,1659,44834,521
2021-10-16,Santa Clara,085,1922200,144198,143282,1287,144569,1890
2021-10-16,Santa Cruz,087,273765,19979,19794,1070,20864,218
2021-10-16,Shasta,089,179085,20431,19932,3510,23442,309
2021-10-16,Sierra,091,2930,169,160,20,180,0
2021-10-16,Siskiyou,093,43540,3247,3173,1274,4447,42
2021-10-16,Solano,095,438530,44873,44585,1194,45779,334
2021-10-16,Sonoma,097,501317,40453,40195,521,40716,390
2021-10-16,Stanislaus,099,539301,76718,75868,8875,84743,1142
2021-10-16,Sutter,101,95872,13601,13471,321,13792,169
2021-10-16,Tehama,103,63373,8072,7907,1417,9324,104
2021-10-16,Trinity,105,12862,740,679,191,870,11
2021-10-16,Tulare,107,460477,65539,64489,14725,79214,951
2021-10-16,Tuolumne,109,53932,6838,6666,83,6749,89
2021-10-16,Ventura,111,848112,96512,96181,4379,100560,1164
2021-10-16,Yolo,113,214977,19263,19078,1109,20187,247
2021-10-16,Yuba,115,75493,9812,9705,291,9996,82
2021-10-15,Alameda,001,1643700,117746,117027,2892,119919,1365
2021-10-15,Alpine,003,1148,104,102,0,102,0
2021-10-15,Amador,005,37829,5386,5310,61,5371,64
2021-10-15,Butte,007,227075,20038,19612,3714,23326,260
2021-10-15,Calaveras,009,45235,3851,3771,49,3820,80
2021-10-15,Colusa,011,21464,2467,2431,613,3044,18
2021-10-15,Contra Costa,013,1133247,97655,97107,2170,99277,982
2021-10-15,Del Norte,015,27424,3588,3516,54,3570,41
2021-10-15,El Dorado,017,186661,15546,15315,1674,16989,149
2021-10-15,Fresno,019,978130,134054,132433,12001,144434,2051
2021-10-15,Glenn,021,27897,3375,3331,978,4309,26
2021-10-15,Humboldt,023,135768,8738,8621,515,9136,104
2021-10-15,Imperial,025,180216,32604,32368,3275,35643,764
2021-10-15,Inyo,027,18085,2062,1932,34,1966,39
2021-10-15,Kern,029,883053,122925,121354,21089,142443,1590
2021-10-15,Kings,031,150075,30859,30418,1962,32380,314
2021-10-15,Lake,033,64148,6520,6378,141,6519,104
2021-10-15,Lassen,035,31185,6654,6559,343,6902,26
2021-10-15,Los Angeles,037,10098052,1416618,1409418,55829,1465247,26398
2021-10-15,Madera,039,155013,22093,21707,1892,23599,277
2021-10-15,Marin,041,260295,17255,17148,447,17595,243
2021-10-15,Mariposa,043,17540,1186,1096,33,1129,5
2021-10-15,Mendocino,045,87422,7191,7099,440,7539,82
2021-10-15,Merced,047,269075,40703,40265,1663,41928,577
2021-10-15,Modoc,049,8938,510,492,182,674,5
2021-10-15,Mono,051,14174,1645,1628,17,1645,3
2021-10-15,Monterey,053,433212,47472,47293,3455,50748,582
2021-10-15,Napa,055,140530,12797,12706,102,12808,100
2021-10-15,Nevada,057,99092,8848,8739,321,9060,90
2021-10-15,Orange,059,3164182,302309,300722,15033,315755,5509
2021-10-15,Placer,061,380077,35749,35343,3601,38944,412
2021-10-15,Plumas,063,18699,1614,1542,34,1576,6
2021-10-15,Riverside,065,2383286,354409,352435,16879,369314,4990
2021-10-15,Sacramento,067,1510023,154416,153264,4488,157752,2192
2021-10-15,San Benito,069,59416,7250,7210,169,7379,71
2021-10-15,San Bernardino,071,2135413,347326,345418,11375,356793,5566
2021-10-15,San Diego,073,3302833,366003,363109,21241,384350,4151
2021-10-15,San Francisco,075,870044,51719,51436,2619,54055,645
2021-10-15,San Joaquin,077,732212,97364,96507,5462,101969,1708
2021-10-15,San Luis Obispo,079,281455,28729,28460,1215,29675,329
2021-10-15,San Mateo,081,765935,52668,52399,1459,53858,569
2021-10-15,Santa Barbara,083,443738,43550,43175,1659,44834,521
2021-10-15,Santa Clara,085,1922200,144078,143282,1278,144560,1890
2021-10-15,Santa Cruz,087,273765,19968,19794,1070,20864,218
2021-10-15,Shasta,089,179085,20375,19932,3500,23432,309
2021-10-15,Sierra,091,2930,168,160,20,180,0
2021-10-15,Siskiyou,093,43540,3246,3173,1271,4444,42
2021-10-15,Solano,095,438530,44847,44585,1194,45779,334
2021-10-15,Sonoma,097,501317,40419,40195,520,40715,390
2021-10-15,Stanislaus,099,539301,76638,75868,8859,84727,1142
2021-10-15,Sutter,101,95872,13584,13471,319,13790,169
2021-10-15,Tehama,103,63373,8050,7907,1411,9318,104
2021-10-15,Trinity,105,12862,740,679,191,870,11
2021-10-15,Tulare,107,460477,65462,64489,14686,79175,951
2021-10-15,Tuolumne,109,53932,6815,6666,81,6747,89
2021-10-15,Ventura,111,848112,96471,96181,4375,100556,1164
2021-10-15,Yolo,113,214977,19249,19078,1105,20183,247
2021-10-15,Yuba,115,75493,9802,9705,290,9995,82
2021-10-14,Alameda,001,1643700,117640,117027,2886,119913,1365
2021-10-14,Alpine,003,1148,104,102,0,102,0
2021-10-14,Amador,005,37829,5376,5310,61,5371,64
2021-10-14,Butte,007,227075,19986,19612,3709,23321,260
2021-10-14,Calaveras,009,45235,3838,3771,48,3819,80
2021-10-14,Colusa,011,21464,2465,2431,611,3042,18
2021-10-14,Contra Costa,013,1133247,97521,97107,2164,99271,982
2021-10-14,Del Norte,015,27424,3582,3516,54,3570,41
2021-10-14,El Dorado,017,186661,15507,15315,1671,16986,149
2021-10-14,Fresno,019,978130,133763,132433,11980,144413,2051
2021-10-14,Glenn,021,27897,3372,3331,977,4308,26
2021-10-14,Humboldt,023,135768,8720,8621,512,9133,104
2021-10-14,Imperial,025,180216,32540,32368,3268,35636,764
2021-10-14,Inyo,027,18085,2043,1932,34,1966,39
2021-10-14,Kern,029,883053,122656,121354,20988,142342,1590
2021-10-14,Kings,031,150075,30794,30418,1954,32372,314
2021-10-14,Lake,033,64148,6499,6378,140,6518,104
2021-10-14,Lassen,035,31185,6648,6559,342,6901,26
2021-10-14,Los Angeles,037,10098052,1415657,1409418,55775,1465193,26398
2021-10-14,Madera,039,155013,22028,21707,1887,23594,277
2021-10-14,Marin,041,260295,17250,17148,445,17593,243
2021-10-14,Mariposa,043,17540,1173,1096,32,1128,5
2021-10-14,Mendocino,045,87422,7177,7099,439,7538,82
2021-10-14,Merced,047,269075,40615,40265,1649,41914,577
2021-10-14,Modoc,049,8938,510,492,182,674,5
2021-10-14,Mono,051,14174,1639,1628,17,1645,3
2021-10-14,Monterey,053,433212,47448,47293,3448,50741,582
2021-10-14,Napa,055,140530,12782,12706,102,12808,100
2021-10-14,Nevada,057,99092,8820,8739,319,9058,90
2021-10-14,Orange,059,3164182,302109,300722,15017,315739,5509
2021-10-14,Placer,061,380077,35683,35343,3587,38930,412
2021-10-14,Plumas,063,18699,1599,1542,34,1576,6
2021-10-14,Riverside,065,2383286,354012,352435,16869,369304,4990
2021-10-14,Sacramento,067,1510023,154164,153264,4466,157730,2192
2021-10-14,San Benito,069,59416,7239,7210,169,7379,71
2021-10-14,San Bernardino,071,2135413,346969,345418,11368,356786,5566
2021-10-14,San Diego,073,3302833,365555,363109,21213,384322,4151
2021-10-14,San Francisco,075,870044,51666,51436,2613,54049,645
2021-10-14,San Joaquin,077,732212,97234,96507,5453,101960,1708
2021-10-14,San Luis Obispo,079,281455,28686,28460,1211,29671,329
2021-10-14,San Mateo,081,765935,52623,52399,1455,53854,569
2021-10-14,Santa Barbara,083,443738,43495,43175,1654,44829,521
2021-10-14,Santa Clara,085,1922200,143939,143282,1273,144555,1890
2021-10-14,Santa Cruz,087,273765,19945,19794,1070,20864,218
2021-10-14,Shasta,089,179085,20319,19932,3488,23420,309
2021-10-14,Sierra,091,2930,168,160,20,180,0
2021-10-14,Siskiyou,093,43540,3243,3173,1263,4436,42
2021-10-14,Solano,095,438530,44797,44585,1188,45773,334
2021-10-14,Sonoma,097,501317,40369,40195,517,40712,390
2021-10-14,Stanislaus,099,539301,76492,75868,8846,84714,1142
2021-10-14,Sutter,101,95872,13564,13471,318,13789,169
2021-10-14,Tehama,103,63373,8019,7907,1404,9311,104
2021-10-14,Trinity,105,12862,739,679,190,869,11
2021-10-14,Tulare,107,460477,65282,64489,14639,79128,951
2021-10-14,Tuolumne,109,53932,6785,6666,80,6746,89
2021-10-14,Ventura,111,848112,96405,96181,4368,100549,1164
2021-10-14,Yolo,113,214977,19218,19078,1098,20176,247
2021-10-14,Yuba,115,75493,9788,9705,281,9986,82
2021-10-13,Alameda,001,1643700,117540,116914,2880,119794,1360
2021-10-13,Alpine,003,1148,104,102,0,102,0
2021-10-13,Amador,005,37829,5362,5305,61,5366,63
2021-10-13,Butte,007,227075,19912,19546,3705,23251,257
2021-10-13,Calaveras,009,45235,3817,3756,46,3802,79
2021-10-13,Colusa,011,21464,2458,2430,607,3037,18
2021-10-13,Contra Costa,013,1133247,97407,96975,2163,99138,969
2021-10-13,Del Norte,015,27424,3577,3512,54,3566,39
2021-10-13,El Dorado,017,186661,15484,15302,1666,16968,149
2021-10-13,Fresno,019,978130,133432,132055,11960,144015,2048
2021-10-13,Glenn,021,27897,3361,3327,974,4301,26
2021-10-13,Humboldt,023,135768,8709,8604,506,9110,102
2021-10-13,Imperial,025,180216,32479,32317,3265,35582,762
2021-10-13,Inyo,027,18085,2006,1907,34,1941,39
2021-10-13,Kern,029,883053,122414,120956,20896,141852,1586
2021-10-13,Kings,031,150075,30713,30246,1947,32193,312
2021-10-13,Lake,033,64148,6479,6371,140,6511,103
2021-10-13,Lassen,035,31185,6638,6535,336,6871,25
2021-10-13,Los Angeles,037,10098052,1414621,1408384,55717,1464101,26379
2021-10-13,Madera,039,155013,21973,21609,1872,23481,277
2021-10-13,Marin,041,260295,17226,17137,444,17581,243
2021-10-13,Mariposa,043,17540,1159,1090,32,1122,5
2021-10-13,Mendocino,045,87422,7162,7088,431,7519,82
2021-10-13,Merced,047,269075,40531,40164,1638,41802,577
2021-10-13,Modoc,049,8938,508,490,180,670,5
2021-10-13,Mono,051,14174,1639,1612,17,1629,3
2021-10-13,Monterey,053,433212,47431,47273,3439,50712,582
2021-10-13,Napa,055,140530,12772,12695,100,12795,100
2021-10-13,Nevada,057,99092,8798,8725,319,9044,90
2021-10-13,Orange,059,3164182,301910,300468,15000,315468,5503
2021-10-13,Placer,061,380077,35618,35254,3576,38830,412
2021-10-13,Plumas,063,18699,1582,1514,34,1548,6
2021-10-13,Riverside,065,2383286,353682,352044,16856,368900,4978
2021-10-13,Sacramento,067,1510023,153917,153141,4441,157582,2182
2021-10-13,San Benito,069,59416,7233,7196,168,7364,71
2021-10-13,San Bernardino,071,2135413,346647,344951,11352,356303,5562
2021-10-13,San Diego,073,3302833,365118,362564,21191,383755,4141
2021-10-13,San Francisco,075,870044,51625,51379,2608,53987,644
2021-10-13,San Joaquin,077,732212,97091,96343,5448,101791,1696
2021-10-13,San Luis Obispo,079,281455,28648,28397,1208,29605,330
2021-10-13,San Mateo,081,765935,52573,52352,1450,53802,569
2021-10-13,Santa Barbara,083,443738,43444,43109,1654,44763,518
2021-10-13,Santa Clara,085,1922200,143802,143064,1272,144336,1886
2021-10-13,Santa Cruz,087,273765,19919,19763,1069,20832,217
2021-10-13,Shasta,089,179085,20250,19802,3466,23268,307
2021-10-13,Sierra,091,2930,168,155,20,175,0
2021-10-13,Siskiyou,093,43540,3235,3173,1262,4435,42
2021-10-13,Solano,095,438530,44758,44558,1186,45744,334
2021-10-13,Sonoma,097,501317,40317,40122,517,40639,390
2021-10-13,Stanislaus,099,539301,76350,75698,8837,84535,1136
2021-10-13,Sutter,101,95872,13534,13458,316,13774,169
2021-10-13,Tehama,103,63373,7981,7849,1398,9247,103
2021-10-13,Trinity,105,12862,736,677,190,867,11
2021-10-13,Tulare,107,460477,65102,64297,14584,78881,945
2021-10-13,Tuolumne,109,53932,6771,6644,79,6723,89
2021-10-13,Ventura,111,848112,96331,96099,4363,100462,1162
2021-10-13,Yolo,113,214977,19188,19023,1095,20118,247
2021-10-13,Yuba,115,75493,9765,9690,265,9955,80
2021-10-12,Alameda,001,1643700,117439,116813,2875,119688,1357
2021-10-12,Alpine,003,1148,104,102,0,102,0
2021-10-12,Amador,005,37829,5351,5301,61,5362,63
2021-10-12,Butte,007,227075,19843,19506,3693,23199,256
2021-10-12,Calaveras,009,45235,3802,3750,46,3796,75
2021-10-12,Colusa,011,21464,2455,2428,605,3033,18
2021-10-12,Contra Costa,013,1133247,97295,96894,2153,99047,960
2021-10-12,Del Norte,015,27424,3572,3511,53,3564,39
2021-10-12,El Dorado,017,186661,15451,15287,1664,16951,148
2021-10-12,Fresno,019,978130,133071,131848,11935,143783,2042
2021-10-12,Glenn,021,27897,3351,3321,971,4292,26
2021-10-12,Humboldt,023,135768,8683,8587,499,9086,102
2021-10-12,Imperial,025,180216,32427,32267,3263,35530,762
2021-10-12,Inyo,027,18085,1974,1889,34,1923,39
2021-10-12,Kern,029,883053,122129,120826,20786,141612,1580
2021-10-12,Kings,031,150075,30641,30200,1936,32136,312
2021-10-12,Lake,033,64148,6464,6372,140,6512,97
2021-10-12,Lassen,035,31185,6629,6526,334,6860,25
2021-10-12,Los Angeles,037,10098052,1413568,1407462,55664,1463126,26362
2021-10-12,Madera,039,155013,21902,21574,1862,23436,277
2021-10-12,Marin,041,260295,17203,17126,444,17570,242
2021-10-12,Mariposa,043,17540,1145,1088,32,1120,5
2021-10-12,Mendocino,045,87422,7133,7077,429,7506,82
2021-10-12,Merced,047,269075,40452,40113,1632,41745,567
2021-10-12,Modoc,049,8938,503,485,179,664,5
2021-10-12,Mono,051,14174,1635,1608,17,1625,3
2021-10-12,Monterey,053,433212,47403,47254,3428,50682,582
2021-10-12,Napa,055,140530,12758,12671,100,12771,97
2021-10-12,Nevada,057,99092,8786,8720,318,9038,89
2021-10-12,Orange,059,3164182,301655,300256,14975,315231,5499
2021-10-12,Placer,061,380077,35555,35214,3568,38782,404
2021-10-12,Plumas,063,18699,1567,1488,33,1521,6
2021-10-12,Riverside,065,2383286,353356,351771,16842,368613,4973
2021-10-12,Sacramento,067,1510023,153624,152935,4412,157347,2170
2021-10-12,San Benito,069,59416,7219,7193,168,7361,71
2021-10-12,San Bernardino,071,2135413,346335,344788,11343,356131,5563
2021-10-12,San Diego,073,3302833,364593,362256,21161,383417,4137
2021-10-12,San Francisco,075,870044,51566,51301,2605,53906,643
2021-10-12,San Joaquin,077,732212,96954,96237,5443,101680,1690
2021-10-12,San Luis Obispo,079,281455,28601,28379,1207,29586,327
2021-10-12,San Mateo,081,765935,52526,52328,1446,53774,569
2021-10-12,Santa Barbara,083,443738,43384,43076,1654,44730,515
2021-10-12,Santa Clara,085,1922200,143651,142954,1270,144224,1882
2021-10-12,Santa Cruz,087,273765,19894,19757,1069,20826,218
2021-10-12,Shasta,089,179085,20176,19731,3444,23175,304
2021-10-12,Sierra,091,2930,168,153,20,173,0
2021-10-12,Siskiyou,093,43540,3225,3166,1255,4421,42
2021-10-12,Solano,095,438530,44715,44516,1182,45698,329
2021-10-12,Sonoma,097,501317,40275,40105,517,40622,390
2021-10-12,Stanislaus,099,539301,76200,75589,8822,84411,1126
2021-10-12,Sutter,101,95872,13511,13436,312,13748,168
2021-10-12,Tehama,103,63373,7948,7820,1394,9214,103
2021-10-12,Trinity,105,12862,733,676,190,866,11
2021-10-12,Tulare,107,460477,64926,64216,14524,78740,944
2021-10-12,Tuolumne,109,53932,6754,6637,78,6715,89
2021-10-12,Ventura,111,848112,96223,96022,4360,100382,1160
2021-10-12,Yolo,113,214977,19162,18987,1087,20074,247
2021-10-12,Yuba,115,75493,9750,9676,261,9937,70
2021-10-11,Alameda,001,1643700,117302,116759,2874,119633,1358
2021-10-11,Alpine,003,1148,103,102,0,102,0
2021-10-11,Amador,005,37829,5339,5286,61,5347,62
2021-10-11,Butte,007,227075,19784,19452,3688,23140,253
2021-10-11,Calaveras,009,45235,3782,3750,46,3796,75
2021-10-11,Colusa,011,21464,2451,2427,598,3025,18
2021-10-11,Contra Costa,013,1133247,97158,96832,2147,98979,960
2021-10-11,Del Norte,015,27424,3569,3510,49,3559,39
2021-10-11,El Dorado,017,186661,15423,15273,1660,16933,146
2021-10-11,Fresno,019,978130,132746,131703,11908,143611,2036
2021-10-11,Glenn,021,27897,3333,3308,970,4278,26
2021-10-11,Humboldt,023,135768,8658,8571,492,9063,101
2021-10-11,Imperial,025,180216,32377,32207,3258,35465,762
2021-10-11,Inyo,027,18085,1951,1862,33,1895,39
2021-10-11,Kern,029,883053,121895,120684,20688,141372,1575
2021-10-11,Kings,031,150075,30553,30180,1926,32106,309
2021-10-11,Lake,033,64148,6448,6361,136,6497,97
2021-10-11,Lassen,035,31185,6609,6499,331,6830,25
2021-10-11,Los Angeles,037,10098052,1412527,1406826,55609,1462435,26346
2021-10-11,Madera,039,155013,21844,21555,1848,23403,272
2021-10-11,Marin,041,260295,17185,17121,440,17561,242
2021-10-11,Mariposa,043,17540,1116,1083,32,1115,5
2021-10-11,Mendocino,045,87422,7117,7064,425,7489,82
2021-10-11,Merced,047,269075,40335,40064,1608,41672,566
2021-10-11,Modoc,049,8938,500,482,176,658,5
2021-10-11,Mono,051,14174,1625,1604,17,1621,3
2021-10-11,Monterey,053,433212,47374,47241,3421,50662,580
2021-10-11,Napa,055,140530,12735,12654,98,12752,96
2021-10-11,Nevada,057,99092,8766,8716,317,9033,90
2021-10-11,Orange,059,3164182,301428,299941,14947,314888,5499
2021-10-11,Placer,061,380077,35487,35173,3550,38723,404
2021-10-11,Plumas,063,18699,1548,1469,31,1500,6
2021-10-11,Riverside,065,2383286,353016,351444,16837,368281,4973
2021-10-11,Sacramento,067,1510023,153338,152681,4381,157062,2169
2021-10-11,San Benito,069,59416,7197,7184,166,7350,71
2021-10-11,San Bernardino,071,2135413,345951,344594,11335,355929,5549
2021-10-11,San Diego,073,3302833,364074,361712,21128,382840,4124
2021-10-11,San Francisco,075,870044,51496,51275,2599,53874,643
2021-10-11,San Joaquin,077,732212,96801,96152,5432,101584,1681
2021-10-11,San Luis Obispo,079,281455,28555,28355,1202,29557,327
2021-10-11,San Mateo,081,765935,52478,52298,1445,53743,569
2021-10-11,Santa Barbara,083,443738,43337,43018,1653,44671,515
2021-10-11,Santa Clara,085,1922200,143491,142836,1267,144103,1882
2021-10-11,Santa Cruz,087,273765,19870,19745,1068,20813,217
2021-10-11,Shasta,089,179085,20096,19662,3428,23090,295
2021-10-11,Sierra,091,2930,163,147,19,166,0
2021-10-11,Siskiyou,093,43540,3217,3159,1251,4410,42
2021-10-11,Solano,095,438530,44668,44474,1179,45653,329
2021-10-11,Sonoma,097,501317,40230,40067,517,40584,390
2021-10-11,Stanislaus,099,539301,76027,75478,8802,84280,1118
2021-10-11,Sutter,101,95872,13492,13427,310,13737,165
2021-10-11,Tehama,103,63373,7907,7795,1384,9179,102
2021-10-11,Trinity,105,12862,728,675,188,863,11
2021-10-11,Tulare,107,460477,64746,64094,14457,78551,942
2021-10-11,Tuolumne,109,53932,6718,6602,78,6680,89
2021-10-11,Ventura,111,848112,96121,95876,4352,100228,1160
2021-10-11,Yolo,113,214977,19116,18977,1084,20061,247
2021-10-11,Yuba,115,75493,9734,9657,248,9905,69
2021-10-10,Alameda,001,1643700,117183,116679,2869,119548,1358
2021-10-10,Alpine,003,1148,103,102,0,102,0
2021-10-10,Amador,005,37829,5324,5278,61,5339,62
2021-10-10,Butte,007,227075,19721,19430,3674,23104,253
2021-10-10,Calaveras,009,45235,3770,3747,46,3793,75
2021-10-10,Colusa,011,21464,2450,2425,597,3022,18
2021-10-10,Contra Costa,013,1133247,97059,96760,2141,98901,960
2021-10-10,Del Norte,015,27424,3565,3507,49,3556,39
2021-10-10,El Dorado,017,186661,15392,15250,1654,16904,146
2021-10-10,Fresno,019,978130,132418,131434,11882,143316,2035
2021-10-10,Glenn,021,27897,3331,3297,968,4265,26
2021-10-10,Humboldt,023,135768,8636,8554,488,9042,101
2021-10-10,Imperial,025,180216,32303,32167,3257,35424,762
2021-10-10,Inyo,027,18085,1930,1857,33,1890,39
2021-10-10,Kern,029,883053,121572,120552,20581,141133,1573
2021-10-10,Kings,031,150075,30464,30122,1916,32038,308
2021-10-10,Lake,033,64148,6432,6349,135,6484,97
2021-10-10,Lassen,035,31185,6589,6495,330,6825,26
2021-10-10,Los Angeles,037,10098052,1411363,1406034,55530,1461564,26338
2021-10-10,Madera,039,155013,21798,21486,1839,23325,272
2021-10-10,Marin,041,260295,17168,17112,440,17552,242
2021-10-10,Mariposa,043,17540,1113,1074,32,1106,5
2021-10-10,Mendocino,045,87422,7102,7060,417,7477,81
2021-10-10,Merced,047,269075,40252,40036,1590,41626,566
2021-10-10,Modoc,049,8938,500,482,176,658,5
2021-10-10,Mono,051,14174,1624,1596,17,1613,3
2021-10-10,Monterey,053,433212,47349,47228,3415,50643,580
2021-10-10,Napa,055,140530,12712,12641,98,12739,96
2021-10-10,Nevada,057,99092,8754,8689,317,9006,90
2021-10-10,Orange,059,3164182,301165,299787,14921,314708,5499
2021-10-10,Placer,061,380077,35394,35128,3538,38666,404
2021-10-10,Plumas,063,18699,1533,1468,29,1497,6
2021-10-10,Riverside,065,2383286,352645,351248,16818,368066,4973
2021-10-10,Sacramento,067,1510023,153073,152405,4364,156769,2178
2021-10-10,San Benito,069,59416,7193,7180,164,7344,71
2021-10-10,San Bernardino,071,2135413,345647,344423,11326,355749,5551
2021-10-10,San Diego,073,3302833,363556,361038,21073,382111,4113
2021-10-10,San Francisco,075,870044,51451,51216,2593,53809,643
2021-10-10,San Joaquin,077,732212,96630,96084,5415,101499,1681
2021-10-10,San Luis Obispo,079,281455,28514,28343,1202,29545,326
2021-10-10,San Mateo,081,765935,52437,52273,1444,53717,569
2021-10-10,Santa Barbara,083,443738,43293,42987,1651,44638,515
2021-10-10,Santa Clara,085,1922200,143326,142768,1260,144028,1881
2021-10-10,Santa Cruz,087,273765,19850,19727,1068,20795,217
2021-10-10,Shasta,089,179085,20006,19635,3417,23052,296
2021-10-10,Sierra,091,2930,161,147,19,166,0
2021-10-10,Siskiyou,093,43540,3204,3155,1243,4398,42
2021-10-10,Solano,095,438530,44612,44431,1179,45610,329
2021-10-10,Sonoma,097,501317,40178,40027,517,40544,390
2021-10-10,Stanislaus,099,539301,75848,75403,8787,84190,1118
2021-10-10,Sutter,101,95872,13469,13412,305,13717,165
2021-10-10,Tehama,103,63373,7869,7764,1375,9139,102
2021-10-10,Trinity,105,12862,727,669,187,856,11
2021-10-10,Tulare,107,460477,64576,63930,14407,78337,940
2021-10-10,Tuolumne,109,53932,6695,6580,77,6657,89
2021-10-10,Ventura,111,848112,96035,95829,4350,100179,1160
2021-10-10,Yolo,113,214977,19084,18952,1079,20031,247
2021-10-10,Yuba,115,75493,9717,9641,244,9885,69
2021-10-09,Alameda,001,1643700,117089,116253,2867,119120,1356
2021-10-09,Alpine,003,1148,102,102,0,102,0
2021-10-09,Amador,005,37829,5322,5237,60,5297,62
2021-10-09,Butte,007,227075,19691,19277,3671,22948,250
2021-10-09,Calaveras,009,45235,3766,3716,46,3762,75
2021-10-09,Colusa,011,21464,2446,2419,596,3015,18
2021-10-09,Contra Costa,013,1133247,96995,96378,2134,98512,958
2021-10-09,Del Norte,015,27424,3564,3495,49,3544,39
2021-10-09,El Dorado,017,186661,15374,15153,1651,16804,144
2021-10-09,Fresno,019,978130,132287,130508,11865,142373,2018
2021-10-09,Glenn,021,27897,3327,3277,967,4244,26
2021-10-09,Humboldt,023,135768,8623,8448,485,8933,97
2021-10-09,Imperial,025,180216,32269,31989,3255,35244,760
2021-10-09,Inyo,027,18085,1921,1808,33,1841,39
2021-10-09,Kern,029,883053,121434,119795,20553,140348,1559
2021-10-09,Kings,031,150075,30415,29894,1913,31807,308
2021-10-09,Lake,033,64148,6413,6283,133,6416,97
2021-10-09,Lassen,035,31185,6584,6442,329,6771,25
2021-10-09,Los Angeles,037,10098052,1410780,1402810,55488,1458298,26280
2021-10-09,Madera,039,155013,21765,21313,1825,23138,271
2021-10-09,Marin,041,260295,17162,17049,438,17487,242
2021-10-09,Mariposa,043,17540,1106,1042,31,1073,5
2021-10-09,Mendocino,045,87422,7095,7011,417,7428,82
2021-10-09,Merced,047,269075,40211,39784,1590,41374,565
2021-10-09,Modoc,049,8938,498,477,175,652,5
2021-10-09,Mono,051,14174,1622,1577,17,1594,3
2021-10-09,Monterey,053,433212,47336,47168,3411,50579,577
2021-10-09,Napa,055,140530,12708,12586,98,12684,96
2021-10-09,Nevada,057,99092,8743,8613,316,8929,90
2021-10-09,Orange,059,3164182,300985,299089,14902,313991,5457
2021-10-09,Placer,061,380077,35356,34877,3531,38408,393
2021-10-09,Plumas,063,18699,1523,1418,29,1447,6
2021-10-09,Riverside,065,2383286,352394,350082,16801,366883,4965
2021-10-09,Sacramento,067,1510023,152865,151566,4351,155917,2160
2021-10-09,San Benito,069,59416,7185,7123,164,7287,71
2021-10-09,San Bernardino,071,2135413,345465,343452,11322,354774,5556
2021-10-09,San Diego,073,3302833,363243,359909,21066,380975,4111
2021-10-09,San Francisco,075,870044,51405,50960,2586,53546,643
2021-10-09,San Joaquin,077,732212,96564,95606,5410,101016,1669
2021-10-09,San Luis Obispo,079,281455,28497,28197,1200,29397,324
2021-10-09,San Mateo,081,765935,52406,52121,1442,53563,569
2021-10-09,Santa Barbara,083,443738,43266,42735,1651,44386,514
2021-10-09,Santa Clara,085,1922200,143204,142298,1254,143552,1873
2021-10-09,Santa Cruz,087,273765,19841,19635,1067,20702,217
2021-10-09,Shasta,089,179085,19956,19437,3412,22849,290
2021-10-09,Sierra,091,2930,158,141,19,160,0
2021-10-09,Siskiyou,093,43540,3203,3124,1242,4366,42
2021-10-09,Solano,095,438530,44595,44265,1178,45443,329
2021-10-09,Sonoma,097,501317,40134,39848,517,40365,387
2021-10-09,Stanislaus,099,539301,75759,74899,8776,83675,1114
2021-10-09,Sutter,101,95872,13460,13314,303,13617,165
2021-10-09,Tehama,103,63373,7858,7670,1370,9040,99
2021-10-09,Trinity,105,12862,726,660,187,847,11
2021-10-09,Tulare,107,460477,64470,63398,14386,77784,932
2021-10-09,Tuolumne,109,53932,6676,6521,77,6598,89
2021-10-09,Ventura,111,848112,95979,95542,4347,99889,1158
2021-10-09,Yolo,113,214977,19063,18850,1076,19926,247
2021-10-09,Yuba,115,75493,9705,9551,242,9793,69
2021-10-08,Alameda,001,1643700,117007,116253,2864,119117,1356
2021-10-08,Alpine,003,1148,102,102,0,102,0
2021-10-08,Amador,005,37829,5309,5237,60,5297,62
2021-10-08,Butte,007,227075,19662,19277,3667,22944,250
2021-10-08,Calaveras,009,45235,3761,3716,46,3762,75
2021-10-08,Colusa,011,21464,2444,2419,596,3015,18
2021-10-08,Contra Costa,013,1133247,96951,96378,2129,98507,958
2021-10-08,Del Norte,015,27424,3563,3495,49,3544,39
2021-10-08,El Dorado,017,186661,15355,15153,1647,16800,144
2021-10-08,Fresno,019,978130,132092,130508,11847,142355,2018
2021-10-08,Glenn,021,27897,3316,3277,966,4243,26
2021-10-08,Humboldt,023,135768,8612,8448,482,8930,97
2021-10-08,Imperial,025,180216,32239,31989,3251,35240,760
2021-10-08,Inyo,027,18085,1903,1808,33,1841,39
2021-10-08,Kern,029,883053,121297,119795,20509,140304,1559
2021-10-08,Kings,031,150075,30321,29894,1912,31806,308
2021-10-08,Lake,033,64148,6405,6283,133,6416,97
2021-10-08,Lassen,035,31185,6571,6442,325,6767,25
2021-10-08,Los Angeles,037,10098052,1410125,1402810,55447,1458257,26280
2021-10-08,Madera,039,155013,21707,21313,1818,23131,271
2021-10-08,Marin,041,260295,17151,17049,437,17486,242
2021-10-08,Mariposa,043,17540,1099,1042,29,1071,5
2021-10-08,Mendocino,045,87422,7082,7011,417,7428,82
2021-10-08,Merced,047,269075,40179,39784,1587,41371,565
2021-10-08,Modoc,049,8938,496,477,175,652,5
2021-10-08,Mono,051,14174,1620,1577,17,1594,3
2021-10-08,Monterey,053,433212,47313,47168,3406,50574,577
2021-10-08,Napa,055,140530,12692,12586,98,12684,96
2021-10-08,Nevada,057,99092,8730,8613,316,8929,90
2021-10-08,Orange,059,3164182,300839,299089,14885,313974,5457
2021-10-08,Placer,061,380077,35318,34877,3523,38400,393
2021-10-08,Plumas,063,18699,1511,1418,29,1447,6
2021-10-08,Riverside,065,2383286,352125,350082,16790,366872,4965
2021-10-08,Sacramento,067,1510023,152699,151566,4339,155905,2160
2021-10-08,San Benito,069,59416,7181,7123,162,7285,71
2021-10-08,San Bernardino,071,2135413,345262,343452,11314,354766,5556
2021-10-08,San Diego,073,3302833,362909,359909,21044,380953,4111
2021-10-08,San Francisco,075,870044,51358,50960,2577,53537,643
2021-10-08,San Joaquin,077,732212,96496,95606,5403,101009,1669
2021-10-08,San Luis Obispo,079,281455,28470,28197,1199,29396,324
2021-10-08,San Mateo,081,765935,52381,52121,1441,53562,569
2021-10-08,Santa Barbara,083,443738,43231,42735,1650,44385,514
2021-10-08,Santa Clara,085,1922200,143091,142298,1249,143547,1873
2021-10-08,Santa Cruz,087,273765,19826,19635,1067,20702,217
2021-10-08,Shasta,089,179085,19914,19437,3406,22843,290
2021-10-08,Sierra,091,2930,156,141,17,158,0
2021-10-08,Siskiyou,093,43540,3195,3124,1241,4365,42
2021-10-08,Solano,095,438530,44557,44265,1177,45442,329
2021-10-08,Sonoma,097,501317,40100,39848,517,40365,387
2021-10-08,Stanislaus,099,539301,75690,74899,8768,83667,1114
2021-10-08,Sutter,101,95872,13447,13314,300,13614,165
2021-10-08,Tehama,103,63373,7842,7670,1367,9037,99
2021-10-08,Trinity,105,12862,725,660,187,847,11
2021-10-08,Tulare,107,460477,64354,63398,14352,77750,932
2021-10-08,Tuolumne,109,53932,6653,6521,77,6598,89
2021-10-08,Ventura,111,848112,95934,95542,4342,99884,1158
2021-10-08,Yolo,113,214977,19050,18850,1072,19922,247
2021-10-08,Yuba,115,75493,9684,9551,241,9792,69
2021-10-07,Alameda,001,1643700,116891,116253,2862,119115,1356
2021-10-07,Alpine,003,1148,102,102,0,102,0
2021-10-07,Amador,005,37829,5302,5237,60,5297,62
2021-10-07,Butte,007,227075,19612,19277,3656,22933,250
2021-10-07,Calaveras,009,45235,3749,3716,46,3762,75
2021-10-07,Colusa,011,21464,2441,2419,590,3009,18
2021-10-07,Contra Costa,013,1133247,96831,96378,2123,98501,958
2021-10-07,Del Norte,015,27424,3560,3495,49,3544,39
2021-10-07,El Dorado,017,186661,15319,15153,1643,16796,144
2021-10-07,Fresno,019,978130,131819,130508,11824,142332,2018
2021-10-07,Glenn,021,27897,3309,3277,963,4240,26
2021-10-07,Humboldt,023,135768,8587,8448,478,8926,97
2021-10-07,Imperial,025,180216,32167,31989,3238,35227,760
2021-10-07,Inyo,027,18085,1884,1808,33,1841,39
2021-10-07,Kern,029,883053,121069,119795,20440,140235,1559
2021-10-07,Kings,031,150075,30256,29894,1906,31800,308
2021-10-07,Lake,033,64148,6394,6283,133,6416,97
2021-10-07,Lassen,035,31185,6553,6442,323,6765,25
2021-10-07,Los Angeles,037,10098052,1409171,1402810,55400,1458210,26280
2021-10-07,Madera,039,155013,21634,21313,1805,23118,271
2021-10-07,Marin,041,260295,17133,17049,437,17486,242
2021-10-07,Mariposa,043,17540,1091,1042,29,1071,5
2021-10-07,Mendocino,045,87422,7072,7011,413,7424,82
2021-10-07,Merced,047,269075,40112,39784,1571,41355,565
2021-10-07,Modoc,049,8938,493,477,174,651,5
2021-10-07,Mono,051,14174,1609,1577,17,1594,3
2021-10-07,Monterey,053,433212,47292,47168,3393,50561,577
2021-10-07,Napa,055,140530,12677,12586,98,12684,96
2021-10-07,Nevada,057,99092,8702,8613,316,8929,90
2021-10-07,Orange,059,3164182,300617,299089,14872,313961,5457
2021-10-07,Placer,061,380077,35256,34877,3516,38393,393
2021-10-07,Plumas,063,18699,1493,1418,29,1447,6
2021-10-07,Riverside,065,2383286,351792,350082,16778,366860,4965
2021-10-07,Sacramento,067,1510023,152420,151566,4311,155877,2160
2021-10-07,San Benito,069,59416,7164,7123,160,7283,71
2021-10-07,San Bernardino,071,2135413,344990,343452,11308,354760,5556
2021-10-07,San Diego,073,3302833,362498,359909,21023,380932,4111
2021-10-07,San Francisco,075,870044,51288,50960,2574,53534,643
2021-10-07,San Joaquin,077,732212,96344,95606,5395,101001,1669
2021-10-07,San Luis Obispo,079,281455,28419,28197,1197,29394,324
2021-10-07,San Mateo,081,765935,52344,52121,1437,53558,569
2021-10-07,Santa Barbara,083,443738,43164,42735,1644,44379,514
2021-10-07,Santa Clara,085,1922200,142942,142298,1243,143541,1873
2021-10-07,Santa Cruz,087,273765,19806,19635,1066,20701,217
2021-10-07,Shasta,089,179085,19825,19437,3390,22827,290
2021-10-07,Sierra,091,2930,156,141,17,158,0
2021-10-07,Siskiyou,093,43540,3192,3124,1236,4360,42
2021-10-07,Solano,095,438530,44516,44265,1173,45438,329
2021-10-07,Sonoma,097,501317,40063,39848,515,40363,387
2021-10-07,Stanislaus,099,539301,75530,74899,8741,83640,1114
2021-10-07,Sutter,101,95872,13425,13314,297,13611,165
2021-10-07,Tehama,103,63373,7810,7670,1361,9031,99
2021-10-07,Trinity,105,12862,723,660,187,847,11
2021-10-07,Tulare,107,460477,64193,63398,14313,77711,932
2021-10-07,Tuolumne,109,53932,6631,6521,77,6598,89
2021-10-07,Ventura,111,848112,95852,95542,4339,99881,1158
2021-10-07,Yolo,113,214977,19017,18850,1067,19917,247
2021-10-07,Yuba,115,75493,9658,9551,234,9785,69
2021-10-06,Alameda,001,1643700,116757,116058,2856,118914,1353
2021-10-06,Alpine,003,1148,102,102,0,102,0
2021-10-06,Amador,005,37829,5299,5205,60,5265,62
2021-10-06,Butte,007,227075,19549,19208,3649,22857,247
2021-10-06,Calaveras,009,45235,3740,3669,46,3715,75
2021-10-06,Colusa,011,21464,2439,2414,583,2997,18
2021-10-06,Contra Costa,013,1133247,96704,96184,2119,98303,953
2021-10-06,Del Norte,015,27424,3557,3490,46,3536,39
2021-10-06,El Dorado,017,186661,15294,15078,1641,16719,140
2021-10-06,Fresno,019,978130,131531,130074,11801,141875,2008
2021-10-06,Glenn,021,27897,3299,3270,960,4230,26
2021-10-06,Humboldt,023,135768,8572,8416,471,8887,94
2021-10-06,Imperial,025,180216,32114,31930,3227,35157,760
2021-10-06,Inyo,027,18085,1869,1806,33,1839,39
2021-10-06,Kern,029,883053,120815,119491,20345,139836,1552
2021-10-06,Kings,031,150075,30193,29785,1896,31681,308
2021-10-06,Lake,033,64148,6380,6271,133,6404,97
2021-10-06,Lassen,035,31185,6537,6429,322,6751,25
2021-10-06,Los Angeles,037,10098052,1408217,1401675,55354,1457029,26252
2021-10-06,Madera,039,155013,21579,21230,1795,23025,269
2021-10-06,Marin,041,260295,17124,17042,434,17476,242
2021-10-06,Mariposa,043,17540,1084,1036,29,1065,5
2021-10-06,Mendocino,045,87422,7063,6986,412,7398,81
2021-10-06,Merced,047,269075,40034,39666,1562,41228,563
2021-10-06,Modoc,049,8938,493,477,172,649,5
2021-10-06,Mono,051,14174,1598,1568,17,1585,3
2021-10-06,Monterey,053,433212,47261,47136,3387,50523,577
2021-10-06,Napa,055,140530,12653,12552,97,12649,96
2021-10-06,Nevada,057,99092,8686,8582,315,8897,90
2021-10-06,Orange,059,3164182,300385,298785,14859,313644,5448
2021-10-06,Placer,061,380077,35206,34764,3509,38273,390
2021-10-06,Plumas,063,18699,1469,1383,29,1412,6
2021-10-06,Riverside,065,2383286,351437,349645,16757,366402,4953
2021-10-06,Sacramento,067,1510023,152169,151164,4280,155444,2141
2021-10-06,San Benito,069,59416,7149,7108,160,7268,69
2021-10-06,San Bernardino,071,2135413,344700,343022,11301,354323,5551
2021-10-06,San Diego,073,3302833,361999,359564,20995,380559,4104
2021-10-06,San Francisco,075,870044,51225,50894,2570,53464,641
2021-10-06,San Joaquin,077,732212,96209,95418,5383,100801,1658
2021-10-06,San Luis Obispo,079,281455,28370,28170,1191,29361,323
2021-10-06,San Mateo,081,765935,52299,52056,1427,53483,569
2021-10-06,Santa Barbara,083,443738,43082,42687,1642,44329,513
2021-10-06,Santa Clara,085,1922200,142793,142124,1238,143362,1872
2021-10-06,Santa Cruz,087,273765,19777,19604,1064,20668,217
2021-10-06,Shasta,089,179085,19751,19325,3378,22703,287
2021-10-06,Sierra,091,2930,154,138,17,155,0
2021-10-06,Siskiyou,093,43540,3183,3116,1228,4344,42
2021-10-06,Solano,095,438530,44484,44185,1172,45357,328
2021-10-06,Sonoma,097,501317,40013,39787,515,40302,383
2021-10-06,Stanislaus,099,539301,75388,74699,8728,83427,1114
2021-10-06,Sutter,101,95872,13405,13284,294,13578,164
2021-10-06,Tehama,103,63373,7774,7629,1354,8983,99
2021-10-06,Trinity,105,12862,720,656,187,843,11
2021-10-06,Tulare,107,460477,64020,63198,14258,77456,926
2021-10-06,Tuolumne,109,53932,6606,6486,77,6563,89
2021-10-06,Ventura,111,848112,95763,95449,4332,99781,1158
2021-10-06,Yolo,113,214977,18985,18815,1062,19877,247
2021-10-06,Yuba,115,75493,9634,9520,233,9753,69
2021-10-05,Alameda,001,1643700,116617,115968,2849,118817,1350
2021-10-05,Alpine,003,1148,102,102,0,102,0
2021-10-05,Amador,005,37829,5278,5194,59,5253,61
2021-10-05,Butte,007,227075,19501,19137,3639,22776,246
2021-10-05,Calaveras,009,45235,3724,3657,46,3703,73
2021-10-05,Colusa,011,21464,2432,2414,582,2996,18
2021-10-05,Contra Costa,013,1133247,96590,96108,2111,98219,941
2021-10-05,Del Norte,015,27424,3555,3485,45,3530,39
2021-10-05,El Dorado,017,186661,15255,15052,1638,16690,140
2021-10-05,Fresno,019,978130,131193,129957,11772,141729,1987
2021-10-05,Glenn,021,27897,3290,3270,956,4226,26
2021-10-05,Humboldt,023,135768,8540,8398,467,8865,94
2021-10-05,Imperial,025,180216,32066,31909,3222,35131,759
2021-10-05,Inyo,027,18085,1852,1800,33,1833,39
2021-10-05,Kern,029,883053,120549,119260,20244,139504,1540
2021-10-05,Kings,031,150075,30119,29749,1889,31638,301
2021-10-05,Lake,033,64148,6359,6264,132,6396,97
2021-10-05,Lassen,035,31185,6518,6417,320,6737,25
2021-10-05,Los Angeles,037,10098052,1407079,1400300,55302,1455602,26223
2021-10-05,Madera,039,155013,21521,21183,1783,22966,269
2021-10-05,Marin,041,260295,17112,17024,434,17458,242
2021-10-05,Mariposa,043,17540,1065,1033,26,1059,5
2021-10-05,Mendocino,045,87422,7047,6972,405,7377,79
2021-10-05,Merced,047,269075,39968,39608,1553,41161,562
2021-10-05,Modoc,049,8938,489,475,171,646,5
2021-10-05,Mono,051,14174,1592,1565,17,1582,3
2021-10-05,Monterey,053,433212,47248,47087,3373,50460,573
2021-10-05,Napa,055,140530,12629,12533,97,12630,96
2021-10-05,Nevada,057,99092,8656,8576,315,8891,90
2021-10-05,Orange,059,3164182,300111,298589,14827,313416,5441
2021-10-05,Placer,061,380077,35126,34728,3502,38230,382
2021-10-05,Plumas,063,18699,1444,1357,29,1386,6
2021-10-05,Riverside,065,2383286,351078,349365,16742,366107,4942
2021-10-05,Sacramento,067,1510023,151905,151111,4245,155356,2126
2021-10-05,San Benito,069,59416,7130,7103,158,7261,69
2021-10-05,San Bernardino,071,2135413,344371,342711,11294,354005,5557
2021-10-05,San Diego,073,3302833,361417,359194,20966,380160,4092
2021-10-05,San Francisco,075,870044,51134,50826,2564,53390,641
2021-10-05,San Joaquin,077,732212,96058,95276,5356,100632,1651
2021-10-05,San Luis Obispo,079,281455,28326,28113,1189,29302,324
2021-10-05,San Mateo,081,765935,52257,52008,1426,53434,569
2021-10-05,Santa Barbara,083,443738,43004,42595,1638,44233,511
2021-10-05,Santa Clara,085,1922200,142636,141971,1231,143202,1873
2021-10-05,Santa Cruz,087,273765,19736,19582,1063,20645,216
2021-10-05,Shasta,089,179085,19679,19285,3364,22649,286
2021-10-05,Sierra,091,2930,150,136,17,153,0
2021-10-05,Siskiyou,093,43540,3169,3107,1228,4335,42
2021-10-05,Solano,095,438530,44415,44149,1170,45319,325
2021-10-05,Sonoma,097,501317,39959,39756,510,40266,383
2021-10-05,Stanislaus,099,539301,75226,74599,8711,83310,1114
2021-10-05,Sutter,101,95872,13377,13270,293,13563,164
2021-10-05,Tehama,103,63373,7746,7607,1345,8952,98
2021-10-05,Trinity,105,12862,717,655,187,842,11
2021-10-05,Tulare,107,460477,63817,63093,14204,77297,920
2021-10-05,Tuolumne,109,53932,6591,6473,76,6549,89
2021-10-05,Ventura,111,848112,95658,95351,4331,99682,1155
2021-10-05,Yolo,113,214977,18951,18782,1056,19838,245
2021-10-05,Yuba,115,75493,9602,9504,230,9734,69
2021-10-04,Alameda,001,1643700,116460,115845,2845,118690,1347
2021-10-04,Alpine,003,1148,102,102,0,102,0
2021-10-04,Amador,005,37829,5268,5163,58,5221,61
2021-10-04,Butte,007,227075,19424,19081,3627,22708,245
2021-10-04,Calaveras,009,45235,3714,3641,46,3687,73
2021-10-04,Colusa,011,21464,2431,2414,581,2995,18
2021-10-04,Contra Costa,013,1133247,96449,95958,2106,98064,937
2021-10-04,Del Norte,015,27424,3553,3485,41,3526,39
2021-10-04,El Dorado,017,186661,15207,15031,1631,16662,138
2021-10-04,Fresno,019,978130,130886,129665,11754,141419,1978
2021-10-04,Glenn,021,27897,3284,3270,950,4220,26
2021-10-04,Humboldt,023,135768,8506,8355,459,8814,94
2021-10-04,Imperial,025,180216,32017,31866,3214,35080,757
2021-10-04,Inyo,027,18085,1840,1792,30,1822,39
2021-10-04,Kern,029,883053,120268,118984,20115,139099,1531
2021-10-04,Kings,031,150075,30028,29702,1885,31587,303
2021-10-04,Lake,033,64148,6347,6248,132,6380,97
2021-10-04,Lassen,035,31185,6502,6405,320,6725,25
2021-10-04,Los Angeles,037,10098052,1405971,1399604,55242,1454846,26186
2021-10-04,Madera,039,155013,21457,21126,1773,22899,266
2021-10-04,Marin,041,260295,17096,17008,433,17441,242
2021-10-04,Mariposa,043,17540,1053,1024,26,1050,5
2021-10-04,Mendocino,045,87422,7030,6947,401,7348,79
2021-10-04,Merced,047,269075,39853,39565,1536,41101,558
2021-10-04,Modoc,049,8938,486,473,171,644,5
2021-10-04,Mono,051,14174,1582,1561,17,1578,3
2021-10-04,Monterey,053,433212,47228,47058,3365,50423,571
2021-10-04,Napa,055,140530,12605,12506,97,12603,96
2021-10-04,Nevada,057,99092,8636,8563,315,8878,90
2021-10-04,Orange,059,3164182,299820,298165,14793,312958,5438
2021-10-04,Placer,061,380077,35042,34630,3474,38104,379
2021-10-04,Plumas,063,18699,1420,1329,29,1358,6
2021-10-04,Riverside,065,2383286,350698,348828,16732,365560,4923
2021-10-04,Sacramento,067,1510023,151580,150887,4218,155105,2115
2021-10-04,San Benito,069,59416,7118,7099,158,7257,69
2021-10-04,San Bernardino,071,2135413,344017,342418,11281,353699,5551
2021-10-04,San Diego,073,3302833,360840,358525,20934,379459,4090
2021-10-04,San Francisco,075,870044,51040,50798,2559,53357,638
2021-10-04,San Joaquin,077,732212,95861,95198,5335,100533,1649
2021-10-04,San Luis Obispo,079,281455,28281,28090,1183,29273,323
2021-10-04,San Mateo,081,765935,52205,51958,1418,53376,569
2021-10-04,Santa Barbara,083,443738,42924,42585,1637,44222,511
2021-10-04,Santa Clara,085,1922200,142492,141840,1225,143065,1869
2021-10-04,Santa Cruz,087,273765,19707,19559,1062,20621,216
2021-10-04,Shasta,089,179085,19573,19170,3351,22521,279
2021-10-04,Sierra,091,2930,143,136,16,152,0
2021-10-04,Siskiyou,093,43540,3160,3103,1213,4316,42
2021-10-04,Solano,095,438530,44359,44092,1168,45260,322
2021-10-04,Sonoma,097,501317,39897,39720,509,40229,381
2021-10-04,Stanislaus,099,539301,75073,74444,8692,83136,1106
2021-10-04,Sutter,101,95872,13349,13261,292,13553,164
2021-10-04,Tehama,103,63373,7705,7585,1339,8924,95
2021-10-04,Trinity,105,12862,716,649,186,835,11
2021-10-04,Tulare,107,460477,63631,62957,14135,77092,920
2021-10-04,Tuolumne,109,53932,6565,6442,76,6518,89
2021-10-04,Ventura,111,848112,95571,95170,4325,99495,1153
2021-10-04,Yolo,113,214977,18907,18761,1051,19812,242
2021-10-04,Yuba,115,75493,9563,9481,228,9709,68
2021-10-03,Alameda,001,1643700,116320,115751,2836,118587,1349
2021-10-03,Alpine,003,1148,102,102,0,102,0
2021-10-03,Amador,005,37829,5250,5160,56,5216,61
2021-10-03,Butte,007,227075,19350,19066,3611,22677,245
2021-10-03,Calaveras,009,45235,3697,3632,46,3678,73
2021-10-03,Colusa,011,21464,2430,2413,578,2991,18
2021-10-03,Contra Costa,013,1133247,96319,95890,2099,97989,937
2021-10-03,Del Norte,015,27424,3547,3483,40,3523,39
2021-10-03,El Dorado,017,186661,15149,15014,1624,16638,139
2021-10-03,Fresno,019,978130,130507,129365,11722,141087,1978
2021-10-03,Glenn,021,27897,3272,3266,942,4208,26
2021-10-03,Humboldt,023,135768,8461,8352,455,8807,94
2021-10-03,Imperial,025,180216,31950,31844,3206,35050,757
2021-10-03,Inyo,027,18085,1820,1788,29,1817,39
2021-10-03,Kern,029,883053,119964,118851,19993,138844,1535
2021-10-03,Kings,031,150075,29930,29623,1877,31500,300
2021-10-03,Lake,033,64148,6321,6239,132,6371,97
2021-10-03,Lassen,035,31185,6480,6400,318,6718,25
2021-10-03,Los Angeles,037,10098052,1404703,1398790,55186,1453976,26179
2021-10-03,Madera,039,155013,21385,21066,1764,22830,266
2021-10-03,Marin,041,260295,17073,16995,428,17423,242
2021-10-03,Mariposa,043,17540,1046,1011,26,1037,5
2021-10-03,Mendocino,045,87422,7010,6939,392,7331,79
2021-10-03,Merced,047,269075,39744,39516,1519,41035,558
2021-10-03,Modoc,049,8938,485,472,170,642,5
2021-10-03,Mono,051,14174,1571,1554,17,1571,3
2021-10-03,Monterey,053,433212,47208,47049,3349,50398,571
2021-10-03,Napa,055,140530,12577,12489,95,12584,96
2021-10-03,Nevada,057,99092,8601,8545,315,8860,90
2021-10-03,Orange,059,3164182,299539,298027,14775,312802,5447
2021-10-03,Placer,061,380077,34904,34596,3457,38053,379
2021-10-03,Plumas,063,18699,1392,1328,29,1357,6
2021-10-03,Riverside,065,2383286,350267,348593,16712,365305,4924
2021-10-03,Sacramento,067,1510023,151290,150664,4188,154852,2120
2021-10-03,San Benito,069,59416,7109,7095,158,7253,69
2021-10-03,San Bernardino,071,2135413,343611,342302,11272,353574,5555
2021-10-03,San Diego,073,3302833,360248,358153,20897,379050,4081
2021-10-03,San Francisco,075,870044,50955,50733,2553,53286,638
2021-10-03,San Joaquin,077,732212,95676,95133,5328,100461,1649
2021-10-03,San Luis Obispo,079,281455,28214,28065,1178,29243,325
2021-10-03,San Mateo,081,765935,52149,51923,1408,53331,569
2021-10-03,Santa Barbara,083,443738,42830,42550,1629,44179,511
2021-10-03,Santa Clara,085,1922200,142322,141737,1217,142954,1869
2021-10-03,Santa Cruz,087,273765,19668,19548,1059,20607,216
2021-10-03,Shasta,089,179085,19468,19132,3321,22453,279
2021-10-03,Sierra,091,2930,140,136,16,152,0
2021-10-03,Siskiyou,093,43540,3147,3096,1202,4298,42
2021-10-03,Solano,095,438530,44300,44051,1165,45216,322
2021-10-03,Sonoma,097,501317,39832,39679,509,40188,381
2021-10-03,Stanislaus,099,539301,74885,74366,8674,83040,1106
2021-10-03,Sutter,101,95872,13334,13248,288,13536,164
2021-10-03,Tehama,103,63373,7663,7564,1333,8897,94
2021-10-03,Trinity,105,12862,712,647,184,831,11
2021-10-03,Tulare,107,460477,63440,62860,14061,76921,924
2021-10-03,Tuolumne,109,53932,6536,6430,74,6504,89
2021-10-03,Ventura,111,848112,95461,95108,4322,99430,1153
2021-10-03,Yolo,113,214977,18876,18720,1044,19764,242
2021-10-03,Yuba,115,75493,9545,9462,227,9689,68
2021-10-02,Alameda,001,1643700,116217,115185,2832,118017,1343
2021-10-02,Alpine,003,1148,102,102,0,102,0
2021-10-02,Amador,005,37829,5241,5105,56,5161,61
2021-10-02,Butte,007,227075,19320,18911,3604,22515,243
2021-10-02,Calaveras,009,45235,3690,3585,46,3631,72
2021-10-02,Colusa,011,21464,2429,2403,575,2978,18
2021-10-02,Contra Costa,013,1133247,96248,95369,2095,97464,933
2021-10-02,Del Norte,015,27424,3542,3468,40,3508,39
2021-10-02,El Dorado,017,186661,15123,14887,1623,16510,136
2021-10-02,Fresno,019,978130,130336,128450,11711,140161,1964
2021-10-02,Glenn,021,27897,3272,3234,942,4176,26
2021-10-02,Humboldt,023,135768,8443,8244,454,8698,94
2021-10-02,Imperial,025,180216,31916,31674,3202,34876,757
2021-10-02,Inyo,027,18085,1811,1746,29,1775,39
2021-10-02,Kern,029,883053,119831,117962,19910,137872,1524
2021-10-02,Kings,031,150075,29880,29339,1874,31213,301
2021-10-02,Lake,033,64148,6312,6191,132,6323,97
2021-10-02,Lassen,035,31185,6475,6360,318,6678,25
2021-10-02,Los Angeles,037,10098052,1404098,1395070,55149,1450219,26126
2021-10-02,Madera,039,155013,21360,20931,1755,22686,266
2021-10-02,Marin,041,260295,17068,16936,425,17361,242
2021-10-02,Mariposa,043,17540,1044,967,26,993,5
2021-10-02,Mendocino,045,87422,7000,6869,392,7261,78
2021-10-02,Merced,047,269075,39717,39196,1516,40712,552
2021-10-02,Modoc,049,8938,483,468,170,638,5
2021-10-02,Mono,051,14174,1569,1540,17,1557,3
2021-10-02,Monterey,053,433212,47163,46964,3340,50304,571
2021-10-02,Napa,055,140530,12567,12433,95,12528,96
2021-10-02,Nevada,057,99092,8590,8474,314,8788,87
2021-10-02,Orange,059,3164182,299375,297307,14754,312061,5435
2021-10-02,Placer,061,380077,34838,34377,3448,37825,381
2021-10-02,Plumas,063,18699,1383,1298,29,1327,6
2021-10-02,Riverside,065,2383286,350027,347227,16701,363928,4895
2021-10-02,Sacramento,067,1510023,151117,149897,4179,154076,2099
2021-10-02,San Benito,069,59416,7102,7055,158,7213,69
2021-10-02,San Bernardino,071,2135413,343427,341212,11222,352434,5540
2021-10-02,San Diego,073,3302833,359928,356454,20873,377327,4078
2021-10-02,San Francisco,075,870044,50909,50393,2545,52938,634
2021-10-02,San Joaquin,077,732212,95612,94599,5322,99921,1646
2021-10-02,San Luis Obispo,079,281455,28191,27915,1178,29093,323
2021-10-02,San Mateo,081,765935,52110,51767,1402,53169,573
2021-10-02,Santa Barbara,083,443738,42790,42423,1629,44052,508
2021-10-02,Santa Clara,085,1922200,142210,141231,1213,142444,1862
2021-10-02,Santa Cruz,087,273765,19651,19461,1058,20519,214
2021-10-02,Shasta,089,179085,19422,18912,3315,22227,270
2021-10-02,Sierra,091,2930,139,131,16,147,0
2021-10-02,Siskiyou,093,43540,3146,3053,1199,4252,42
2021-10-02,Solano,095,438530,44255,43800,1164,44964,321
2021-10-02,Sonoma,097,501317,39798,39497,508,40005,382
2021-10-02,Stanislaus,099,539301,74799,73859,8660,82519,1099
2021-10-02,Sutter,101,95872,13325,13160,287,13447,160
2021-10-02,Tehama,103,63373,7648,7453,1333,8786,93
2021-10-02,Trinity,105,12862,709,625,184,809,10
2021-10-02,Tulare,107,460477,63365,62247,14034,76281,908
2021-10-02,Tuolumne,109,53932,6522,6369,74,6443,89
2021-10-02,Ventura,111,848112,95399,94854,4318,99172,1148
2021-10-02,Yolo,113,214977,18852,18640,1040,19680,242
2021-10-02,Yuba,115,75493,9526,9370,226,9596,66
2021-10-01,Alameda,001,1643700,116146,115185,2826,118011,1343
2021-10-01,Alpine,003,1148,102,102,0,102,0
2021-10-01,Amador,005,37829,5221,5105,56,5161,61
2021-10-01,Butte,007,227075,19279,18911,3598,22509,243
2021-10-01,Calaveras,009,45235,3680,3585,46,3631,72
2021-10-01,Colusa,011,21464,2427,2403,575,2978,18
2021-10-01,Contra Costa,013,1133247,96151,95369,2091,97460,933
2021-10-01,Del Norte,015,27424,3539,3468,39,3507,39
2021-10-01,El Dorado,017,186661,15105,14887,1619,16506,136
2021-10-01,Fresno,019,978130,130150,128450,11701,140151,1964
2021-10-01,Glenn,021,27897,3272,3234,940,4174,26
2021-10-01,Humboldt,023,135768,8427,8244,453,8697,94
2021-10-01,Imperial,025,180216,31897,31674,3194,34868,757
2021-10-01,Inyo,027,18085,1802,1746,29,1775,39
2021-10-01,Kern,029,883053,119682,117962,19848,137810,1524
2021-10-01,Kings,031,150075,29846,29339,1868,31207,301
2021-10-01,Lake,033,64148,6302,6191,132,6323,97
2021-10-01,Lassen,035,31185,6464,6360,316,6676,25
2021-10-01,Los Angeles,037,10098052,1403341,1395070,55103,1450173,26126
2021-10-01,Madera,039,155013,21311,20931,1745,22676,266
2021-10-01,Marin,041,260295,17053,16936,424,17360,242
2021-10-01,Mariposa,043,17540,1037,967,26,993,5
2021-10-01,Mendocino,045,87422,6988,6869,392,7261,78
2021-10-01,Merced,047,269075,39673,39196,1506,40702,552
2021-10-01,Modoc,049,8938,482,468,170,638,5
2021-10-01,Mono,051,14174,1567,1540,17,1557,3
2021-10-01,Monterey,053,433212,47144,46964,3335,50299,571
2021-10-01,Napa,055,140530,12557,12433,94,12527,96
2021-10-01,Nevada,057,99092,8576,8474,313,8787,87
2021-10-01,Orange,059,3164182,299192,297307,14737,312044,5435
2021-10-01,Placer,061,380077,34804,34377,3444,37821,381
2021-10-01,Plumas,063,18699,1376,1298,29,1327,6
2021-10-01,Riverside,065,2383286,349734,347227,16694,363921,4895
2021-10-01,Sacramento,067,1510023,150965,149897,4168,154065,2099
2021-10-01,San Benito,069,59416,7100,7055,156,7211,69
2021-10-01,San Bernardino,071,2135413,343230,341212,11219,352431,5540
2021-10-01,San Diego,073,3302833,359560,356454,20851,377305,4078
2021-10-01,San Francisco,075,870044,50866,50393,2543,52936,634
2021-10-01,San Joaquin,077,732212,95542,94599,5318,99917,1646
2021-10-01,San Luis Obispo,079,281455,28168,27915,1175,29090,323
2021-10-01,San Mateo,081,765935,52076,51767,1393,53160,573
2021-10-01,Santa Barbara,083,443738,42755,42423,1629,44052,508
2021-10-01,Santa Clara,085,1922200,142118,141231,1207,142438,1862
2021-10-01,Santa Cruz,087,273765,19631,19461,1057,20518,214
2021-10-01,Shasta,089,179085,19368,18912,3307,22219,270
2021-10-01,Sierra,091,2930,139,131,16,147,0
2021-10-01,Siskiyou,093,43540,3145,3053,1196,4249,42
2021-10-01,Solano,095,438530,44203,43800,1158,44958,321
2021-10-01,Sonoma,097,501317,39766,39497,507,40004,382
2021-10-01,Stanislaus,099,539301,74717,73859,8648,82507,1099
2021-10-01,Sutter,101,95872,13309,13160,285,13445,160
2021-10-01,Tehama,103,63373,7636,7453,1331,8784,93
2021-10-01,Trinity,105,12862,707,625,184,809,10
2021-10-01,Tulare,107,460477,63262,62247,13999,76246,908
2021-10-01,Tuolumne,109,53932,6505,6369,74,6443,89
2021-10-01,Ventura,111,848112,95341,94854,4311,99165,1148
2021-10-01,Yolo,113,214977,18828,18640,1037,19677,242
2021-10-01,Yuba,115,75493,9504,9370,226,9596,66
2021-09-30,Alameda,001,1643700,116005,115185,2822,118007,1343
2021-09-30,Alpine,003,1148,102,102,0,102,0
2021-09-30,Amador,005,37829,5209,5105,56,5161,61
2021-09-30,Butte,007,227075,19230,18911,3590,22501,243
2021-09-30,Calaveras,009,45235,3666,3585,46,3631,72
2021-09-30,Colusa,011,21464,2424,2403,574,2977,18
2021-09-30,Contra Costa,013,1133247,96048,95369,2086,97455,933
2021-09-30,Del Norte,015,27424,3535,3468,36,3504,39
2021-09-30,El Dorado,017,186661,15080,14887,1611,16498,136
2021-09-30,Fresno,019,978130,129874,128450,11672,140122,1964
2021-09-30,Glenn,021,27897,3261,3234,940,4174,26
2021-09-30,Humboldt,023,135768,8395,8244,447,8691,94
2021-09-30,Imperial,025,180216,31846,31674,3192,34866,757
2021-09-30,Inyo,027,18085,1792,1746,29,1775,39
2021-09-30,Kern,029,883053,119440,117962,19765,137727,1524
2021-09-30,Kings,031,150075,29758,29339,1864,31203,301
2021-09-30,Lake,033,64148,6285,6191,132,6323,97
2021-09-30,Lassen,035,31185,6450,6360,316,6676,25
2021-09-30,Los Angeles,037,10098052,1402139,1395070,55041,1450111,26126
2021-09-30,Madera,039,155013,21228,20931,1730,22661,266
2021-09-30,Marin,041,260295,17033,16936,423,17359,242
2021-09-30,Mariposa,043,17540,1015,967,26,993,5
2021-09-30,Mendocino,045,87422,6979,6869,383,7252,78
2021-09-30,Merced,047,269075,39575,39196,1503,40699,552
2021-09-30,Modoc,049,8938,482,468,169,637,5
2021-09-30,Mono,051,14174,1558,1540,17,1557,3
2021-09-30,Monterey,053,433212,47127,46964,3311,50275,571
2021-09-30,Napa,055,140530,12537,12433,94,12527,96
2021-09-30,Nevada,057,99092,8559,8474,312,8786,87
2021-09-30,Orange,059,3164182,298924,297307,14699,312006,5435
2021-09-30,Placer,061,380077,34752,34377,3423,37800,381
2021-09-30,Plumas,063,18699,1359,1298,29,1327,6
2021-09-30,Riverside,065,2383286,349304,347227,16672,363899,4895
2021-09-30,Sacramento,067,1510023,150711,149897,4140,154037,2099
2021-09-30,San Benito,069,59416,7094,7055,156,7211,69
2021-09-30,San Bernardino,071,2135413,342920,341212,11205,352417,5540
2021-09-30,San Diego,073,3302833,359069,356454,20823,377277,4078
2021-09-30,San Francisco,075,870044,50791,50393,2539,52932,634
2021-09-30,San Joaquin,077,732212,95414,94599,5310,99909,1646
2021-09-30,San Luis Obispo,079,281455,28121,27915,1171,29086,323
2021-09-30,San Mateo,081,765935,52032,51767,1388,53155,573
2021-09-30,Santa Barbara,083,443738,42701,42423,1628,44051,508
2021-09-30,Santa Clara,085,1922200,141970,141231,1203,142434,1862
2021-09-30,Santa Cruz,087,273765,19592,19461,1055,20516,214
2021-09-30,Shasta,089,179085,19306,18912,3292,22204,270
2021-09-30,Sierra,091,2930,138,131,16,147,0
2021-09-30,Siskiyou,093,43540,3137,3053,1191,4244,42
2021-09-30,Solano,095,438530,44154,43800,1155,44955,321
2021-09-30,Sonoma,097,501317,39717,39497,507,40004,382
2021-09-30,Stanislaus,099,539301,74559,73859,8628,82487,1099
2021-09-30,Sutter,101,95872,13288,13160,285,13445,160
2021-09-30,Tehama,103,63373,7599,7453,1320,8773,93
2021-09-30,Trinity,105,12862,703,625,184,809,10
2021-09-30,Tulare,107,460477,63096,62247,13936,76183,908
2021-09-30,Tuolumne,109,53932,6482,6369,74,6443,89
2021-09-30,Ventura,111,848112,95246,94854,4305,99159,1148
2021-09-30,Yolo,113,214977,18790,18640,1033,19673,242
2021-09-30,Yuba,115,75493,9481,9370,225,9595,66
2021-09-29,Alameda,001,1643700,115861,114998,2818,117816,1339
2021-09-29,Alpine,003,1148,102,101,0,101,0
2021-09-29,Amador,005,37829,5187,5058,56,5114,61
2021-09-29,Butte,007,227075,19176,18835,3583,22418,242
2021-09-29,Calaveras,009,45235,3649,3553,45,3598,72
2021-09-29,Colusa,011,21464,2422,2401,574,2975,18
2021-09-29,Contra Costa,013,1133247,95934,95213,2079,97292,929
2021-09-29,Del Norte,015,27424,3529,3467,36,3503,39
2021-09-29,El Dorado,017,186661,15049,14834,1604,16438,136
2021-09-29,Fresno,019,978130,129577,128068,11653,139721,1957
2021-09-29,Glenn,021,27897,3254,3213,938,4151,26
2021-09-29,Humboldt,023,135768,8372,8203,446,8649,94
2021-09-29,Imperial,025,180216,31779,31600,3187,34787,757
2021-09-29,Inyo,027,18085,1782,1740,28,1768,39
2021-09-29,Kern,029,883053,119205,117605,19688,137293,1513
2021-09-29,Kings,031,150075,29674,29195,1849,31044,299
2021-09-29,Lake,033,64148,6265,6164,132,6296,97
2021-09-29,Lassen,035,31185,6436,6347,316,6663,25
2021-09-29,Los Angeles,037,10098052,1400938,1393617,54968,1448585,26098
2021-09-29,Madera,039,155013,21183,20818,1715,22533,266
2021-09-29,Marin,041,260295,17015,16921,421,17342,242
2021-09-29,Mariposa,043,17540,1002,963,26,989,5
2021-09-29,Mendocino,045,87422,6967,6821,375,7196,78
2021-09-29,Merced,047,269075,39483,39026,1491,40517,552
2021-09-29,Modoc,049,8938,480,468,169,637,5
2021-09-29,Mono,051,14174,1557,1527,17,1544,3
2021-09-29,Monterey,053,433212,47098,46917,3291,50208,571
2021-09-29,Napa,055,140530,12517,12416,90,12506,96
2021-09-29,Nevada,057,99092,8546,8434,312,8746,87
2021-09-29,Orange,059,3164182,298659,296936,14664,311600,5429
2021-09-29,Placer,061,380077,34689,34271,3400,37671,379
2021-09-29,Plumas,063,18699,1342,1289,29,1318,6
2021-09-29,Riverside,065,2383286,348868,346558,16661,363219,4886
2021-09-29,Sacramento,067,1510023,150462,149686,4130,153816,2099
2021-09-29,San Benito,069,59416,7083,7039,156,7195,69
2021-09-29,San Bernardino,071,2135413,342600,340672,11192,351864,5539
2021-09-29,San Diego,073,3302833,358569,355899,20791,376690,4066
2021-09-29,San Francisco,075,870044,50706,50286,2536,52822,629
2021-09-29,San Joaquin,077,732212,95256,94356,5288,99644,1645
2021-09-29,San Luis Obispo,079,281455,28075,27800,1165,28965,323
2021-09-29,San Mateo,081,765935,51977,51673,1381,53054,573
2021-09-29,Santa Barbara,083,443738,42629,42328,1625,43953,507
2021-09-29,Santa Clara,085,1922200,141838,141036,1197,142233,1861
2021-09-29,Santa Cruz,087,273765,19575,19425,1053,20478,214
2021-09-29,Shasta,089,179085,19240,18805,3280,22085,271
2021-09-29,Sierra,091,2930,134,130,16,146,0
2021-09-29,Siskiyou,093,43540,3124,3043,1184,4227,42
2021-09-29,Solano,095,438530,44098,43724,1148,44872,321
2021-09-29,Sonoma,097,501317,39657,39426,505,39931,370
2021-09-29,Stanislaus,099,539301,74430,73634,8615,82249,1096
2021-09-29,Sutter,101,95872,13261,13135,282,13417,155
2021-09-29,Tehama,103,63373,7569,7409,1305,8714,88
2021-09-29,Trinity,105,12862,700,616,184,800,10
2021-09-29,Tulare,107,460477,62927,62046,13876,75922,908
2021-09-29,Tuolumne,109,53932,6465,6336,73,6409,89
2021-09-29,Ventura,111,848112,95158,94753,4301,99054,1144
2021-09-29,Yolo,113,214977,18757,18587,1028,19615,239
2021-09-29,Yuba,115,75493,9450,9351,221,9572,66
2021-09-28,Alameda,001,1643700,115703,114869,2811,117680,1333
2021-09-28,Alpine,003,1148,102,101,0,101,0
2021-09-28,Amador,005,37829,5165,5049,56,5105,61
2021-09-28,Butte,007,227075,19124,18764,3570,22334,241
2021-09-28,Calaveras,009,45235,3629,3530,45,3575,72
2021-09-28,Colusa,011,21464,2419,2399,572,2971,18
2021-09-28,Contra Costa,013,1133247,95792,95115,2074,97189,929
2021-09-28,Del Norte,015,27424,3526,3462,36,3498,39
2021-09-28,El Dorado,017,186661,15002,14793,1600,16393,133
2021-09-28,Fresno,019,978130,129232,127877,11625,139502,1948
2021-09-28,Glenn,021,27897,3248,3205,937,4142,26
2021-09-28,Humboldt,023,135768,8330,8159,443,8602,91
2021-09-28,Imperial,025,180216,31735,31543,3183,34726,757
2021-09-28,Inyo,027,18085,1768,1708,27,1735,39
2021-09-28,Kern,029,883053,118938,117420,19591,137011,1506
2021-09-28,Kings,031,150075,29576,29141,1839,30980,295
2021-09-28,Lake,033,64148,6250,6155,132,6287,95
2021-09-28,Lassen,035,31185,6430,6340,312,6652,25
2021-09-28,Los Angeles,037,10098052,1399652,1392445,54898,1447343,26068
2021-09-28,Madera,039,155013,21130,20764,1701,22465,266
2021-09-28,Marin,041,260295,16996,16887,419,17306,242
2021-09-28,Mariposa,043,17540,997,952,26,978,5
2021-09-28,Mendocino,045,87422,6945,6804,373,7177,78
2021-09-28,Merced,047,269075,39397,38953,1477,40430,551
2021-09-28,Modoc,049,8938,479,467,169,636,5
2021-09-28,Mono,051,14174,1547,1527,17,1544,3
2021-09-28,Monterey,053,433212,47067,46859,3276,50135,571
2021-09-28,Napa,055,140530,12500,12388,89,12477,96
2021-09-28,Nevada,057,99092,8523,8409,311,8720,84
2021-09-28,Orange,059,3164182,298412,296596,14636,311232,5421
2021-09-28,Placer,061,380077,34623,34187,3382,37569,370
2021-09-28,Plumas,063,18699,1333,1276,29,1305,6
2021-09-28,Riverside,065,2383286,348409,346096,16639,362735,4874
2021-09-28,Sacramento,067,1510023,150185,149310,4098,153408,2086
2021-09-28,San Benito,069,59416,7066,7028,155,7183,69
2021-09-28,San Bernardino,071,2135413,342252,340342,11173,351515,5540
2021-09-28,San Diego,073,3302833,358007,355373,20760,376133,4054
2021-09-28,San Francisco,075,870044,50609,50234,2530,52764,627
2021-09-28,San Joaquin,077,732212,95103,94194,5275,99469,1639
2021-09-28,San Luis Obispo,079,281455,28040,27755,1160,28915,321
2021-09-28,San Mateo,081,765935,51937,51620,1376,52996,571
2021-09-28,Santa Barbara,083,443738,42557,42226,1621,43847,506
2021-09-28,Santa Clara,085,1922200,141677,140886,1188,142074,1858
2021-09-28,Santa Cruz,087,273765,19534,19324,1052,20376,214
2021-09-28,Shasta,089,179085,19178,18701,3267,21968,267
2021-09-28,Sierra,091,2930,133,130,15,145,0
2021-09-28,Siskiyou,093,43540,3112,3032,1180,4212,42
2021-09-28,Solano,095,438530,44025,43652,1145,44797,316
2021-09-28,Sonoma,097,501317,39613,39395,504,39899,370
2021-09-28,Stanislaus,099,539301,74261,73528,8601,82129,1094
2021-09-28,Sutter,101,95872,13242,13102,278,13380,155
2021-09-28,Tehama,103,63373,7551,7382,1290,8672,88
2021-09-28,Trinity,105,12862,697,613,184,797,10
2021-09-28,Tulare,107,460477,62767,61916,13817,75733,905
2021-09-28,Tuolumne,109,53932,6439,6308,73,6381,89
2021-09-28,Ventura,111,848112,95040,94632,4298,98930,1143
2021-09-28,Yolo,113,214977,18731,18564,1025,19589,239
2021-09-28,Yuba,115,75493,9431,9323,220,9543,66
2021-09-27,Alameda,001,1643700,115517,114731,2802,117533,1327
2021-09-27,Alpine,003,1148,102,101,0,101,0
2021-09-27,Amador,005,37829,5151,5017,56,5073,59
2021-09-27,Butte,007,227075,19067,18687,3554,22241,239
2021-09-27,Calaveras,009,45235,3609,3514,44,3558,70
2021-09-27,Colusa,011,21464,2418,2393,571,2964,18
2021-09-27,Contra Costa,013,1133247,95660,94979,2065,97044,924
2021-09-27,Del Norte,015,27424,3524,3468,34,3502,37
2021-09-27,El Dorado,017,186661,14963,14764,1593,16357,132
2021-09-27,Fresno,019,978130,128913,127475,11594,139069,1942
2021-09-27,Glenn,021,27897,3234,3189,933,4122,26
2021-09-27,Humboldt,023,135768,8290,8118,443,8561,91
2021-09-27,Imperial,025,180216,31672,31491,3176,34667,756
2021-09-27,Inyo,027,18085,1756,1698,27,1725,39
2021-09-27,Kern,029,883053,118664,117064,19492,136556,1503
2021-09-27,Kings,031,150075,29478,28998,1827,30825,297
2021-09-27,Lake,033,64148,6230,6126,132,6258,95
2021-09-27,Lassen,035,31185,6415,6327,308,6635,25
2021-09-27,Los Angeles,037,10098052,1398323,1391538,54826,1446364,26040
2021-09-27,Madera,039,155013,21065,20691,1693,22384,262
2021-09-27,Marin,041,260295,16974,16861,418,17279,242
2021-09-27,Mariposa,043,17540,987,931,26,957,5
2021-09-27,Mendocino,045,87422,6920,6761,366,7127,74
2021-09-27,Merced,047,269075,39299,38840,1471,40311,548
2021-09-27,Modoc,049,8938,478,465,167,632,5
2021-09-27,Mono,051,14174,1532,1525,17,1542,3
2021-09-27,Monterey,053,433212,47028,46811,3263,50074,571
2021-09-27,Napa,055,140530,12476,12354,88,12442,95
2021-09-27,Nevada,057,99092,8500,8379,308,8687,84
2021-09-27,Orange,059,3164182,298107,296334,14605,310939,5409
2021-09-27,Placer,061,380077,34536,34087,3377,37464,370
2021-09-27,Plumas,063,18699,1322,1269,29,1298,6
2021-09-27,Riverside,065,2383286,347969,345529,16629,362158,4864
2021-09-27,Sacramento,067,1510023,149871,149096,4075,153171,2076
2021-09-27,San Benito,069,59416,7049,7017,155,7172,67
2021-09-27,San Bernardino,071,2135413,341842,339952,11149,351101,5544
2021-09-27,San Diego,073,3302833,357349,354755,20735,375490,4054
2021-09-27,San Francisco,075,870044,50525,50157,2527,52684,622
2021-09-27,San Joaquin,077,732212,94920,94085,5272,99357,1633
2021-09-27,San Luis Obispo,079,281455,27985,27674,1157,28831,320
2021-09-27,San Mateo,081,765935,51872,51552,1367,52919,571
2021-09-27,Santa Barbara,083,443738,42491,42012,1617,43629,505
2021-09-27,Santa Clara,085,1922200,141497,140802,1178,141980,1853
2021-09-27,Santa Cruz,087,273765,19511,19292,1051,20343,214
2021-09-27,Shasta,089,179085,19096,18599,3240,21839,267
2021-09-27,Sierra,091,2930,133,128,15,143,0
2021-09-27,Siskiyou,093,43540,3100,3015,1175,4190,42
2021-09-27,Solano,095,438530,43954,43582,1140,44722,314
2021-09-27,Sonoma,097,501317,39561,39347,504,39851,370
2021-09-27,Stanislaus,099,539301,74106,73370,8582,81952,1091
2021-09-27,Sutter,101,95872,13212,13082,274,13356,155
2021-09-27,Tehama,103,63373,7509,7345,1280,8625,88
2021-09-27,Trinity,105,12862,686,605,183,788,9
2021-09-27,Tulare,107,460477,62569,61708,13746,75454,904
2021-09-27,Tuolumne,109,53932,6421,6264,73,6337,89
2021-09-27,Ventura,111,848112,94918,94477,4294,98771,1138
2021-09-27,Yolo,113,214977,18699,18524,1024,19548,239
2021-09-27,Yuba,115,75493,9394,9292,216,9508,64
2021-09-26,Alameda,001,1643700,115321,114601,2795,117396,1326
2021-09-26,Alpine,003,1148,101,101,0,101,0
2021-09-26,Amador,005,37829,5119,5001,55,5056,59
2021-09-26,Butte,007,227075,18991,18634,3537,22171,238
2021-09-26,Calaveras,009,45235,3587,3505,44,3549,70
2021-09-26,Colusa,011,21464,2412,2392,568,2960,18
2021-09-26,Contra Costa,013,1133247,95489,94877,2052,96929,924
2021-09-26,Del Norte,015,27424,3518,3466,33,3499,37
2021-09-26,El Dorado,017,186661,14922,14738,1585,16323,132
2021-09-26,Fresno,019,978130,128559,127235,11559,138794,1939
2021-09-26,Glenn,021,27897,3222,3182,933,4115,26
2021-09-26,Humboldt,023,135768,8255,8098,442,8540,91
2021-09-26,Imperial,025,180216,31611,31462,3175,34637,756
2021-09-26,Inyo,027,18085,1741,1685,27,1712,39
2021-09-26,Kern,029,883053,118330,116927,19379,136306,1502
2021-09-26,Kings,031,150075,29377,28930,1815,30745,293
2021-09-26,Lake,033,64148,6213,6113,132,6245,95
2021-09-26,Lassen,035,31185,6405,6319,303,6622,25
2021-09-26,Los Angeles,037,10098052,1396840,1390577,54752,1445329,26035
2021-09-26,Madera,039,155013,20991,20629,1674,22303,262
2021-09-26,Marin,041,260295,16951,16860,418,17278,242
2021-09-26,Mariposa,043,17540,982,929,26,955,5
2021-09-26,Mendocino,045,87422,6887,6744,351,7095,74
2021-09-26,Merced,047,269075,39138,38717,1466,40183,548
2021-09-26,Modoc,049,8938,478,465,166,631,5
2021-09-26,Mono,051,14174,1530,1516,17,1533,3
2021-09-26,Monterey,053,433212,46982,46792,3249,50041,571
2021-09-26,Napa,055,140530,12452,12340,87,12427,95
2021-09-26,Nevada,057,99092,8470,8356,302,8658,84
2021-09-26,Orange,059,3164182,297777,296085,14572,310657,5409
2021-09-26,Placer,061,380077,34442,34043,3367,37410,370
2021-09-26,Plumas,063,18699,1302,1268,29,1297,6
2021-09-26,Riverside,065,2383286,347437,345257,16615,361872,4864
2021-09-26,Sacramento,067,1510023,149468,148745,4056,152801,2071
2021-09-26,San Benito,069,59416,7032,7012,154,7166,67
2021-09-26,San Bernardino,071,2135413,341390,339771,11134,350905,5545
2021-09-26,San Diego,073,3302833,356711,354414,20692,375106,4051
2021-09-26,San Francisco,075,870044,50402,50092,2516,52608,622
2021-09-26,San Joaquin,077,732212,94717,93935,5257,99192,1633
2021-09-26,San Luis Obispo,079,281455,27912,27624,1152,28776,319
2021-09-26,San Mateo,081,765935,51818,51496,1353,52849,571
2021-09-26,Santa Barbara,083,443738,42405,41946,1614,43560,505
2021-09-26,Santa Clara,085,1922200,141298,140667,1174,141841,1852
2021-09-26,Santa Cruz,087,273765,19486,19279,1051,20330,214
2021-09-26,Shasta,089,179085,18987,18566,3216,21782,266
2021-09-26,Sierra,091,2930,133,128,15,143,0
2021-09-26,Siskiyou,093,43540,3086,2998,1165,4163,42
2021-09-26,Solano,095,438530,43889,43537,1139,44676,314
2021-09-26,Sonoma,097,501317,39503,39302,504,39806,370
2021-09-26,Stanislaus,099,539301,73904,73243,8555,81798,1091
2021-09-26,Sutter,101,95872,13175,13045,273,13318,155
2021-09-26,Tehama,103,63373,7451,7323,1270,8593,88
2021-09-26,Trinity,105,12862,683,591,183,774,9
2021-09-26,Tulare,107,460477,62351,61560,13667,75227,904
2021-09-26,Tuolumne,109,53932,6393,6236,71,6307,89
2021-09-26,Ventura,111,848112,94806,94391,4288,98679,1138
2021-09-26,Yolo,113,214977,18664,18496,1016,19512,239
2021-09-26,Yuba,115,75493,9367,9275,216,9491,64
2021-09-25,Alameda,001,1643700,115246,114014,2791,116805,1324
2021-09-25,Alpine,003,1148,101,101,0,101,0
2021-09-25,Amador,005,37829,5106,4934,54,4988,59
2021-09-25,Butte,007,227075,18962,18396,3528,21924,236
2021-09-25,Calaveras,009,45235,3583,3461,44,3505,70
2021-09-25,Colusa,011,21464,2410,2387,566,2953,16
2021-09-25,Contra Costa,013,1133247,95418,94337,2048,96385,924
2021-09-25,Del Norte,015,27424,3517,3404,33,3437,35
2021-09-25,El Dorado,017,186661,14899,14641,1581,16222,130
2021-09-25,Fresno,019,978130,128415,126299,11546,137845,1927
2021-09-25,Glenn,021,27897,3220,3144,932,4076,25
2021-09-25,Humboldt,023,135768,8236,8014,440,8454,88
2021-09-25,Imperial,025,180216,31584,31280,3175,34455,755
2021-09-25,Inyo,027,18085,1733,1657,27,1684,39
2021-09-25,Kern,029,883053,118178,116021,19308,135329,1485
2021-09-25,Kings,031,150075,29326,28636,1812,30448,293
2021-09-25,Lake,033,64148,6208,6046,130,6176,92
2021-09-25,Lassen,035,31185,6393,6248,302,6550,25
2021-09-25,Los Angeles,037,10098052,1396129,1386417,54709,1441126,25964
2021-09-25,Madera,039,155013,20966,20432,1668,22100,262
2021-09-25,Marin,041,260295,16942,16802,416,17218,242
2021-09-25,Mariposa,043,17540,977,906,26,932,5
2021-09-25,Mendocino,045,87422,6868,6657,350,7007,74
2021-09-25,Merced,047,269075,39092,38393,1464,39857,546
2021-09-25,Modoc,049,8938,478,460,166,626,5
2021-09-25,Mono,051,14174,1529,1501,17,1518,3
2021-09-25,Monterey,053,433212,46957,46653,3242,49895,567
2021-09-25,Napa,055,140530,12432,12266,87,12353,95
2021-09-25,Nevada,057,99092,8453,8285,302,8587,84
2021-09-25,Orange,059,3164182,297604,294514,14554,309068,5374
2021-09-25,Placer,061,380077,34378,33764,3364,37128,367
2021-09-25,Plumas,063,18699,1298,1238,29,1267,6
2021-09-25,Riverside,065,2383286,347114,343463,16607,360070,4843
2021-09-25,Sacramento,067,1510023,149291,147728,4046,151774,2049
2021-09-25,San Benito,069,59416,7027,6965,154,7119,67
2021-09-25,San Bernardino,071,2135413,341156,338413,11120,349533,5540
2021-09-25,San Diego,073,3302833,356362,352017,20666,372683,4039
2021-09-25,San Francisco,075,870044,50358,49840,2515,52355,615
2021-09-25,San Joaquin,077,732212,94631,93273,5255,98528,1628
2021-09-25,San Luis Obispo,079,281455,27874,27447,1148,28595,318
2021-09-25,San Mateo,081,765935,51765,51266,1342,52608,568
2021-09-25,Santa Barbara,083,443738,42347,41728,1614,43342,505
2021-09-25,Santa Clara,085,1922200,141191,140023,1171,141194,1844
2021-09-25,Santa Cruz,087,273765,19470,19200,1049,20249,214
2021-09-25,Shasta,089,179085,18935,18256,3206,21462,262
2021-09-25,Sierra,091,2930,132,127,15,142,0
2021-09-25,Siskiyou,093,43540,3080,2956,1154,4110,41
2021-09-25,Solano,095,438530,43848,43331,1136,44467,312
2021-09-25,Sonoma,097,501317,39465,39112,504,39616,369
2021-09-25,Stanislaus,099,539301,73795,72628,8540,81168,1091
2021-09-25,Sutter,101,95872,13157,12976,270,13246,154
2021-09-25,Tehama,103,63373,7437,7200,1268,8468,86
2021-09-25,Trinity,105,12862,683,576,183,759,9
2021-09-25,Tulare,107,460477,62269,60909,13620,74529,898
2021-09-25,Tuolumne,109,53932,6382,6168,71,6239,89
2021-09-25,Ventura,111,848112,94742,94059,4284,98343,1129
2021-09-25,Yolo,113,214977,18642,18393,1015,19408,239
2021-09-25,Yuba,115,75493,9347,9191,216,9407,61
2021-09-24,Alameda,001,1643700,115143,114014,2786,116800,1324
2021-09-24,Alpine,003,1148,101,101,0,101,0
2021-09-24,Amador,005,37829,5076,4934,54,4988,59
2021-09-24,Butte,007,227075,18911,18396,3519,21915,236
2021-09-24,Calaveras,009,45235,3576,3461,43,3504,70
2021-09-24,Colusa,011,21464,2407,2387,565,2952,16
2021-09-24,Contra Costa,013,1133247,95310,94337,2044,96381,924
2021-09-24,Del Norte,015,27424,3514,3404,33,3437,35
2021-09-24,El Dorado,017,186661,14882,14641,1577,16218,130
2021-09-24,Fresno,019,978130,128216,126299,11535,137834,1927
2021-09-24,Glenn,021,27897,3215,3144,932,4076,25
2021-09-24,Humboldt,023,135768,8217,8014,437,8451,88
2021-09-24,Imperial,025,180216,31545,31280,3173,34453,755
2021-09-24,Inyo,027,18085,1724,1657,27,1684,39
2021-09-24,Kern,029,883053,118041,116021,19242,135263,1485
2021-09-24,Kings,031,150075,29285,28636,1807,30443,293
2021-09-24,Lake,033,64148,6200,6046,130,6176,92
2021-09-24,Lassen,035,31185,6385,6248,301,6549,25
2021-09-24,Los Angeles,037,10098052,1395252,1386417,54665,1441082,25964
2021-09-24,Madera,039,155013,20935,20432,1660,22092,262
2021-09-24,Marin,041,260295,16928,16802,415,17217,242
2021-09-24,Mariposa,043,17540,965,906,26,932,5
2021-09-24,Mendocino,045,87422,6855,6657,350,7007,74
2021-09-24,Merced,047,269075,39048,38393,1464,39857,546
2021-09-24,Modoc,049,8938,478,460,165,625,5
2021-09-24,Mono,051,14174,1526,1501,17,1518,3
2021-09-24,Monterey,053,433212,46941,46653,3230,49883,567
2021-09-24,Napa,055,140530,12413,12266,87,12353,95
2021-09-24,Nevada,057,99092,8439,8285,299,8584,84
2021-09-24,Orange,059,3164182,297401,294514,14536,309050,5374
2021-09-24,Placer,061,380077,34323,33764,3351,37115,367
2021-09-24,Plumas,063,18699,1293,1238,29,1267,6
2021-09-24,Riverside,065,2383286,346780,343463,16598,360061,4843
2021-09-24,Sacramento,067,1510023,149107,147728,4042,151770,2049
2021-09-24,San Benito,069,59416,7021,6965,154,7119,67
2021-09-24,San Bernardino,071,2135413,340892,338413,11110,349523,5540
2021-09-24,San Diego,073,3302833,356008,352017,20651,372668,4039
2021-09-24,San Francisco,075,870044,50296,49840,2505,52345,615
2021-09-24,San Joaquin,077,732212,94520,93273,5253,98526,1628
2021-09-24,San Luis Obispo,079,281455,27843,27447,1143,28590,318
2021-09-24,San Mateo,081,765935,51712,51266,1335,52601,568
2021-09-24,Santa Barbara,083,443738,42308,41728,1613,43341,505
2021-09-24,Santa Clara,085,1922200,141080,140023,1170,141193,1844
2021-09-24,Santa Cruz,087,273765,19447,19200,1048,20248,214
2021-09-24,Shasta,089,179085,18880,18256,3192,21448,262
2021-09-24,Sierra,091,2930,131,127,15,142,0
2021-09-24,Siskiyou,093,43540,3071,2956,1148,4104,41
2021-09-24,Solano,095,438530,43811,43331,1134,44465,312
2021-09-24,Sonoma,097,501317,39433,39112,504,39616,369
2021-09-24,Stanislaus,099,539301,73680,72628,8525,81153,1091
2021-09-24,Sutter,101,95872,13138,12976,269,13245,154
2021-09-24,Tehama,103,63373,7425,7200,1263,8463,86
2021-09-24,Trinity,105,12862,680,576,183,759,9
2021-09-24,Tulare,107,460477,62179,60909,13575,74484,898
2021-09-24,Tuolumne,109,53932,6353,6168,71,6239,89
2021-09-24,Ventura,111,848112,94664,94059,4278,98337,1129
2021-09-24,Yolo,113,214977,18610,18393,1012,19405,239
2021-09-24,Yuba,115,75493,9328,9191,216,9407,61
2021-09-23,Alameda,001,1643700,114989,114014,2781,116795,1324
2021-09-23,Alpine,003,1148,101,101,0,101,0
2021-09-23,Amador,005,37829,5063,4934,54,4988,59
2021-09-23,Butte,007,227075,18849,18396,3495,21891,236
2021-09-23,Calaveras,009,45235,3555,3461,43,3504,70
2021-09-23,Colusa,011,21464,2405,2387,563,2950,16
2021-09-23,Contra Costa,013,1133247,95170,94337,2036,96373,924
2021-09-23,Del Norte,015,27424,3505,3404,32,3436,35
2021-09-23,El Dorado,017,186661,14856,14641,1571,16212,130
2021-09-23,Fresno,019,978130,127921,126299,11521,137820,1927
2021-09-23,Glenn,021,27897,3200,3144,929,4073,25
2021-09-23,Humboldt,023,135768,8191,8014,435,8449,88
2021-09-23,Imperial,025,180216,31509,31280,3173,34453,755
2021-09-23,Inyo,027,18085,1710,1657,27,1684,39
2021-09-23,Kern,029,883053,117784,116021,19160,135181,1485
2021-09-23,Kings,031,150075,29182,28636,1797,30433,293
2021-09-23,Lake,033,64148,6190,6046,130,6176,92
2021-09-23,Lassen,035,31185,6376,6248,296,6544,25
2021-09-23,Los Angeles,037,10098052,1394065,1386417,54600,1441017,25964
2021-09-23,Madera,039,155013,20853,20432,1656,22088,262
2021-09-23,Marin,041,260295,16913,16802,414,17216,242
2021-09-23,Mariposa,043,17540,952,906,26,932,5
2021-09-23,Mendocino,045,87422,6834,6657,348,7005,74
2021-09-23,Merced,047,269075,38945,38393,1457,39850,546
2021-09-23,Modoc,049,8938,477,460,165,625,5
2021-09-23,Mono,051,14174,1524,1501,17,1518,3
2021-09-23,Monterey,053,433212,46902,46653,3210,49863,567
2021-09-23,Napa,055,140530,12396,12266,87,12353,95
2021-09-23,Nevada,057,99092,8412,8285,299,8584,84
2021-09-23,Orange,059,3164182,297103,294514,14514,309028,5374
2021-09-23,Placer,061,380077,34247,33764,3344,37108,367
2021-09-23,Plumas,063,18699,1275,1238,28,1266,6
2021-09-23,Riverside,065,2383286,346329,343463,16590,360053,4843
2021-09-23,Sacramento,067,1510023,148780,147728,4020,151748,2049
2021-09-23,San Benito,069,59416,7010,6965,154,7119,67
2021-09-23,San Bernardino,071,2135413,340533,338413,11094,349507,5540
2021-09-23,San Diego,073,3302833,355547,352017,20612,372629,4039
2021-09-23,San Francisco,075,870044,50225,49840,2501,52341,615
2021-09-23,San Joaquin,077,732212,94350,93273,5238,98511,1628
2021-09-23,San Luis Obispo,079,281455,27800,27447,1141,28588,318
2021-09-23,San Mateo,081,765935,51646,51266,1326,52592,568
2021-09-23,Santa Barbara,083,443738,42230,41728,1610,43338,505
2021-09-23,Santa Clara,085,1922200,140931,140023,1162,141185,1844
2021-09-23,Santa Cruz,087,273765,19416,19200,1048,20248,214
2021-09-23,Shasta,089,179085,18802,18256,3175,21431,262
2021-09-23,Sierra,091,2930,131,127,15,142,0
2021-09-23,Siskiyou,093,43540,3067,2956,1137,4093,41
2021-09-23,Solano,095,438530,43745,43331,1131,44462,312
2021-09-23,Sonoma,097,501317,39375,39112,501,39613,369
2021-09-23,Stanislaus,099,539301,73524,72628,8492,81120,1091
2021-09-23,Sutter,101,95872,13109,12976,269,13245,154
2021-09-23,Tehama,103,63373,7384,7200,1258,8458,86
2021-09-23,Trinity,105,12862,666,576,182,758,9
2021-09-23,Tulare,107,460477,62003,60909,13518,74427,898
2021-09-23,Tuolumne,109,53932,6328,6168,70,6238,89
2021-09-23,Ventura,111,848112,94563,94059,4270,98329,1129
2021-09-23,Yolo,113,214977,18581,18393,1007,19400,239
2021-09-23,Yuba,115,75493,9300,9191,215,9406,61
2021-09-22,Alameda,001,1643700,114834,113862,2777,116639,1322
2021-09-22,Alpine,003,1148,101,100,0,100,0
2021-09-22,Amador,005,37829,5047,4915,54,4969,59
2021-09-22,Butte,007,227075,18790,18337,3480,21817,235
2021-09-22,Calaveras,009,45235,3539,3448,43,3491,70
2021-09-22,Colusa,011,21464,2400,2384,562,2946,16
2021-09-22,Contra Costa,013,1133247,94989,94209,2026,96235,924
2021-09-22,Del Norte,015,27424,3494,3386,31,3417,35
2021-09-22,El Dorado,017,186661,14820,14605,1564,16169,127
2021-09-22,Fresno,019,978130,127666,126006,11510,137516,1908
2021-09-22,Glenn,021,27897,3194,3138,928,4066,25
2021-09-22,Humboldt,023,135768,8168,7998,427,8425,80
2021-09-22,Imperial,025,180216,31457,31243,3166,34409,755
2021-09-22,Inyo,027,18085,1700,1651,27,1678,39
2021-09-22,Kern,029,883053,117541,115757,19038,134795,1477
2021-09-22,Kings,031,150075,29098,28589,1791,30380,292
2021-09-22,Lake,033,64148,6177,6035,130,6165,93
2021-09-22,Lassen,035,31185,6356,6209,292,6501,25
2021-09-22,Los Angeles,037,10098052,1392747,1384719,54541,1439260,25930
2021-09-22,Madera,039,155013,20796,20382,1648,22030,262
2021-09-22,Marin,041,260295,16904,16782,411,17193,242
2021-09-22,Mariposa,043,17540,946,901,26,927,5
2021-09-22,Mendocino,045,87422,6807,6624,342,6966,70
2021-09-22,Merced,047,269075,38814,38305,1454,39759,541
2021-09-22,Modoc,049,8938,474,458,165,623,5
2021-09-22,Mono,051,14174,1515,1496,16,1512,3
2021-09-22,Monterey,053,433212,46858,46615,3197,49812,566
2021-09-22,Napa,055,140530,12373,12248,86,12334,95
2021-09-22,Nevada,057,99092,8390,8273,296,8569,84
2021-09-22,Orange,059,3164182,296831,294214,14497,308711,5366
2021-09-22,Placer,061,380077,34160,33661,3331,36992,367
2021-09-22,Plumas,063,18699,1261,1230,28,1258,6
2021-09-22,Riverside,065,2383286,345794,342946,16566,359512,4830
2021-09-22,Sacramento,067,1510023,148468,147533,3988,151521,2043
2021-09-22,San Benito,069,59416,6999,6961,152,7113,67
2021-09-22,San Bernardino,071,2135413,340138,337938,11086,349024,5528
2021-09-22,San Diego,073,3302833,355086,351132,20590,371722,4027
2021-09-22,San Francisco,075,870044,50141,49734,2496,52230,610
2021-09-22,San Joaquin,077,732212,94124,93010,5211,98221,1626
2021-09-22,San Luis Obispo,079,281455,27752,27398,1138,28536,315
2021-09-22,San Mateo,081,765935,51579,51197,1316,52513,568
2021-09-22,Santa Barbara,083,443738,42167,41678,1609,43287,504
2021-09-22,Santa Clara,085,1922200,140769,139803,1155,140958,1844
2021-09-22,Santa Cruz,087,273765,19377,19177,1048,20225,214
2021-09-22,Shasta,089,179085,18712,18153,3163,21316,260
2021-09-22,Sierra,091,2930,131,127,15,142,0
2021-09-22,Siskiyou,093,43540,3050,2947,1127,4074,41
2021-09-22,Solano,095,438530,43684,43269,1130,44399,312
2021-09-22,Sonoma,097,501317,39323,39063,500,39563,369
2021-09-22,Stanislaus,099,539301,73359,72355,8472,80827,1091
2021-09-22,Sutter,101,95872,13089,12960,266,13226,153
2021-09-22,Tehama,103,63373,7358,7173,1254,8427,86
2021-09-22,Trinity,105,12862,665,572,182,754,9
2021-09-22,Tulare,107,460477,61795,60776,13444,74220,896
2021-09-22,Tuolumne,109,53932,6307,6155,69,6224,89
2021-09-22,Ventura,111,848112,94460,93978,4263,98241,1122
2021-09-22,Yolo,113,214977,18543,18342,999,19341,239
2021-09-22,Yuba,115,75493,9271,9169,210,9379,61
2021-09-21,Alameda,001,1643700,114685,113765,2777,116542,1321
2021-09-21,Alpine,003,1148,101,100,0,100,0
2021-09-21,Amador,005,37829,5025,4897,54,4951,59
2021-09-21,Butte,007,227075,18694,18229,3441,21670,232
2021-09-21,Calaveras,009,45235,3521,3437,43,3480,70
2021-09-21,Colusa,011,21464,2397,2378,561,2939,16
2021-09-21,Contra Costa,013,1133247,94797,94101,2010,96111,924
2021-09-21,Del Norte,015,27424,3481,3378,31,3409,34
2021-09-21,El Dorado,017,186661,14790,14578,1557,16135,127
2021-09-21,Fresno,019,978130,127316,125789,11496,137285,1892
2021-09-21,Glenn,021,27897,3187,3134,921,4055,25
2021-09-21,Humboldt,023,135768,8136,7955,422,8377,80
2021-09-21,Imperial,025,180216,31399,31185,3165,34350,755
2021-09-21,Inyo,027,18085,1690,1646,27,1673,39
2021-09-21,Kern,029,883053,117249,115534,18923,134457,1467
2021-09-21,Kings,031,150075,29010,28545,1783,30328,291
2021-09-21,Lake,033,64148,6155,6013,130,6143,90
2021-09-21,Lassen,035,31185,6338,6159,288,6447,25
2021-09-21,Los Angeles,037,10098052,1391307,1383277,54483,1437760,25893
2021-09-21,Madera,039,155013,20735,20317,1637,21954,262
2021-09-21,Marin,041,260295,16889,16748,410,17158,242
2021-09-21,Mariposa,043,17540,941,894,25,919,5
2021-09-21,Mendocino,045,87422,6768,6580,331,6911,68
2021-09-21,Merced,047,269075,38693,38225,1450,39675,539
2021-09-21,Modoc,049,8938,471,458,165,623,5
2021-09-21,Mono,051,14174,1513,1495,14,1509,3
2021-09-21,Monterey,053,433212,46799,46583,3179,49762,565
2021-09-21,Napa,055,140530,12352,12238,86,12324,95
2021-09-21,Nevada,057,99092,8364,8259,286,8545,84
2021-09-21,Orange,059,3164182,296508,293898,14466,308364,5357
2021-09-21,Placer,061,380077,34060,33609,3320,36929,365
2021-09-21,Plumas,063,18699,1257,1225,28,1253,5
2021-09-21,Riverside,065,2383286,345233,342460,16540,359000,4817
2021-09-21,Sacramento,067,1510023,148094,147378,3955,151333,2027
2021-09-21,San Benito,069,59416,6988,6950,151,7101,67
2021-09-21,San Bernardino,071,2135413,339699,337387,11068,348455,5520
2021-09-21,San Diego,073,3302833,354467,350265,20565,370830,4021
2021-09-21,San Francisco,075,870044,50048,49653,2491,52144,609
2021-09-21,San Joaquin,077,732212,93889,92762,5199,97961,1621
2021-09-21,San Luis Obispo,079,281455,27694,27318,1134,28452,314
2021-09-21,San Mateo,081,765935,51518,51136,1308,52444,568
2021-09-21,Santa Barbara,083,443738,42100,41644,1604,43248,503
2021-09-21,Santa Clara,085,1922200,140553,139657,1152,140809,1843
2021-09-21,Santa Cruz,087,273765,19347,19140,1047,20187,212
2021-09-21,Shasta,089,179085,18585,18027,3140,21167,258
2021-09-21,Sierra,091,2930,131,127,15,142,0
2021-09-21,Siskiyou,093,43540,3037,2927,1112,4039,36
2021-09-21,Solano,095,438530,43614,43220,1130,44350,311
2021-09-21,Sonoma,097,501317,39271,39042,500,39542,369
2021-09-21,Stanislaus,099,539301,73172,72211,8450,80661,1091
2021-09-21,Sutter,101,95872,13066,12930,263,13193,153
2021-09-21,Tehama,103,63373,7312,7151,1249,8400,85
2021-09-21,Trinity,105,12862,654,572,180,752,9
2021-09-21,Tulare,107,460477,61580,60607,13383,73990,896
2021-09-21,Tuolumne,109,53932,6276,6139,69,6208,89
2021-09-21,Ventura,111,848112,94356,93818,4257,98075,1120
2021-09-21,Yolo,113,214977,18507,18313,995,19308,239
2021-09-21,Yuba,115,75493,9243,9135,210,9345,61
2021-09-20,Alameda,001,1643700,114505,113637,2773,116410,1320
2021-09-20,Alpine,003,1148,101,100,0,100,0
2021-09-20,Amador,005,37829,5007,4883,53,4936,59
2021-09-20,Butte,007,227075,18612,18135,3425,21560,231
2021-09-20,Calaveras,009,45235,3499,3395,42,3437,66
2021-09-20,Colusa,011,21464,2395,2376,558,2934,16
2021-09-20,Contra Costa,013,1133247,94648,93919,2004,95923,924
2021-09-20,Del Norte,015,27424,3473,3374,30,3404,34
2021-09-20,El Dorado,017,186661,14757,14545,1546,16091,127
2021-09-20,Fresno,019,978130,126905,125287,11478,136765,1889
2021-09-20,Glenn,021,27897,3176,3112,918,4030,25
2021-09-20,Humboldt,023,135768,8100,7938,417,8355,80
2021-09-20,Imperial,025,180216,31316,31146,3164,34310,755
2021-09-20,Inyo,027,18085,1682,1641,26,1667,39
2021-09-20,Kern,029,883053,116909,115271,18789,134060,1459
2021-09-20,Kings,031,150075,28922,28471,1777,30248,285
2021-09-20,Lake,033,64148,6141,5984,129,6113,87
2021-09-20,Lassen,035,31185,6309,6132,287,6419,25
2021-09-20,Los Angeles,037,10098052,1389796,1382206,54397,1436603,25858
2021-09-20,Madera,039,155013,20684,20203,1629,21832,257
2021-09-20,Marin,041,260295,16864,16732,408,17140,242
2021-09-20,Mariposa,043,17540,930,887,25,912,5
2021-09-20,Mendocino,045,87422,6734,6568,326,6894,67
2021-09-20,Merced,047,269075,38585,38144,1440,39584,536
2021-09-20,Modoc,049,8938,470,457,163,620,5
2021-09-20,Mono,051,14174,1508,1480,14,1494,3
2021-09-20,Monterey,053,433212,46765,46506,3153,49659,565
2021-09-20,Napa,055,140530,12327,12209,85,12294,95
2021-09-20,Nevada,057,99092,8344,8228,284,8512,84
2021-09-20,Orange,059,3164182,296169,293642,14438,308080,5354
2021-09-20,Placer,061,380077,33970,33531,3305,36836,364
2021-09-20,Plumas,063,18699,1253,1211,28,1239,5
2021-09-20,Riverside,065,2383286,344734,341961,16526,358487,4802
2021-09-20,Sacramento,067,1510023,147723,147016,3921,150937,2016
2021-09-20,San Benito,069,59416,6979,6947,150,7097,67
2021-09-20,San Bernardino,071,2135413,339306,337059,11052,348111,5507
2021-09-20,San Diego,073,3302833,353792,349579,20528,370107,4009
2021-09-20,San Francisco,075,870044,49946,49559,2485,52044,605
2021-09-20,San Joaquin,077,732212,93646,92614,5186,97800,1615
2021-09-20,San Luis Obispo,079,281455,27619,27259,1125,28384,313
2021-09-20,San Mateo,081,765935,51442,51100,1298,52398,567
2021-09-20,Santa Barbara,083,443738,42004,41589,1600,43189,500
2021-09-20,Santa Clara,085,1922200,140353,139578,1150,140728,1841
2021-09-20,Santa Cruz,087,273765,19315,19121,1047,20168,211
2021-09-20,Shasta,089,179085,18486,17893,3111,21004,258
2021-09-20,Sierra,091,2930,129,126,15,141,0
2021-09-20,Siskiyou,093,43540,3016,2902,1098,4000,35
2021-09-20,Solano,095,438530,43547,43152,1123,44275,312
2021-09-20,Sonoma,097,501317,39227,38991,500,39491,369
2021-09-20,Stanislaus,099,539301,72971,72031,8431,80462,1091
2021-09-20,Sutter,101,95872,13031,12896,258,13154,153
2021-09-20,Tehama,103,63373,7280,7121,1237,8358,84
2021-09-20,Trinity,105,12862,648,568,179,747,7
2021-09-20,Tulare,107,460477,61377,60302,13328,73630,896
2021-09-20,Tuolumne,109,53932,6251,6113,68,6181,89
2021-09-20,Ventura,111,848112,94245,93700,4251,97951,1120
2021-09-20,Yolo,113,214977,18463,18287,993,19280,239
2021-09-20,Yuba,115,75493,9207,9107,208,9315,61
2021-09-19,Alameda,001,1643700,114298,113446,2769,116215,1320
2021-09-19,Alpine,003,1148,100,100,0,100,0
2021-09-19,Amador,005,37829,4967,4875,52,4927,59
2021-09-19,Butte,007,227075,18519,18063,3398,21461,230
2021-09-19,Calaveras,009,45235,3474,3390,39,3429,66
2021-09-19,Colusa,011,21464,2393,2375,556,2931,16
2021-09-19,Contra Costa,013,1133247,94464,93788,1994,95782,924
2021-09-19,Del Norte,015,27424,3446,3344,29,3373,34
2021-09-19,El Dorado,017,186661,14705,14512,1540,16052,127
2021-09-19,Fresno,019,978130,126504,124985,11448,136433,1888
2021-09-19,Glenn,021,27897,3165,3102,913,4015,25
2021-09-19,Humboldt,023,135768,8055,7914,415,8329,80
2021-09-19,Imperial,025,180216,31247,31122,3161,34283,755
2021-09-19,Inyo,027,18085,1673,1639,26,1665,39
2021-09-19,Kern,029,883053,116596,115074,18682,133756,1459
2021-09-19,Kings,031,150075,28794,28416,1768,30184,284
2021-09-19,Lake,033,64148,6110,5962,129,6091,87
2021-09-19,Lassen,035,31185,6289,6129,281,6410,25
2021-09-19,Los Angeles,037,10098052,1387833,1381200,54295,1435495,25852
2021-09-19,Madera,039,155013,20607,20161,1617,21778,257
2021-09-19,Marin,041,260295,16835,16711,406,17117,242
2021-09-19,Mariposa,043,17540,922,881,25,906,5
2021-09-19,Mendocino,045,87422,6689,6538,320,6858,67
2021-09-19,Merced,047,269075,38428,38068,1433,39501,535
2021-09-19,Modoc,049,8938,467,457,161,618,5
2021-09-19,Mono,051,14174,1503,1480,14,1494,3
2021-09-19,Monterey,053,433212,46723,46486,3140,49626,565
2021-09-19,Napa,055,140530,12306,12190,83,12273,95
2021-09-19,Nevada,057,99092,8316,8203,282,8485,84
2021-09-19,Orange,059,3164182,295801,293258,14418,307676,5354
2021-09-19,Placer,061,380077,33857,33406,3287,36693,364
2021-09-19,Plumas,063,18699,1243,1211,28,1239,5
2021-09-19,Riverside,065,2383286,344142,341566,16516,358082,4804
2021-09-19,Sacramento,067,1510023,147365,146603,3875,150478,2012
2021-09-19,San Benito,069,59416,6960,6942,150,7092,67
2021-09-19,San Bernardino,071,2135413,338820,336688,11040,347728,5506
2021-09-19,San Diego,073,3302833,353078,349225,20492,369717,4006
2021-09-19,San Francisco,075,870044,49838,49458,2477,51935,605
2021-09-19,San Joaquin,077,732212,93350,92467,5175,97642,1615
2021-09-19,San Luis Obispo,079,281455,27518,27208,1116,28324,313
2021-09-19,San Mateo,081,765935,51358,51028,1283,52311,567
2021-09-19,Santa Barbara,083,443738,41900,41512,1600,43112,500
2021-09-19,Santa Clara,085,1922200,140169,139410,1145,140555,1841
2021-09-19,Santa Cruz,087,273765,19277,19096,1047,20143,211
2021-09-19,Shasta,089,179085,18372,17813,3076,20889,258
2021-09-19,Sierra,091,2930,128,126,15,141,0
2021-09-19,Siskiyou,093,43540,2990,2882,1089,3971,35
2021-09-19,Solano,095,438530,43462,43056,1118,44174,312
2021-09-19,Sonoma,097,501317,39156,38956,496,39452,369
2021-09-19,Stanislaus,099,539301,72726,71830,8408,80238,1091
2021-09-19,Sutter,101,95872,13004,12868,251,13119,153
2021-09-19,Tehama,103,63373,7227,7081,1226,8307,84
2021-09-19,Trinity,105,12862,637,562,177,739,7
2021-09-19,Tulare,107,460477,61119,60160,13233,73393,896
2021-09-19,Tuolumne,109,53932,6209,6097,68,6165,89
2021-09-19,Ventura,111,848112,94084,93491,4244,97735,1120
2021-09-19,Yolo,113,214977,18413,18238,987,19225,239
2021-09-19,Yuba,115,75493,9181,9087,207,9294,61
2021-09-18,Alameda,001,1643700,114200,113300,2768,116068,1320
2021-09-18,Alpine,003,1148,100,100,0,100,0
2021-09-18,Amador,005,37829,4957,4850,52,4902,59
2021-09-18,Butte,007,227075,18482,17961,3384,21345,230
2021-09-18,Calaveras,009,45235,3468,3361,38,3399,66
2021-09-18,Colusa,011,21464,2393,2373,555,2928,16
2021-09-18,Contra Costa,013,1133247,94374,93656,1990,95646,924
2021-09-18,Del Norte,015,27424,3438,3326,27,3353,34
2021-09-18,El Dorado,017,186661,14682,14472,1536,16008,127
2021-09-18,Fresno,019,978130,126362,124771,11435,136206,1889
2021-09-18,Glenn,021,27897,3159,3086,912,3998,25
2021-09-18,Humboldt,023,135768,8042,7881,413,8294,80
2021-09-18,Imperial,025,180216,31223,31096,3160,34256,755
2021-09-18,Inyo,027,18085,1667,1636,26,1662,39
2021-09-18,Kern,029,883053,116443,114781,18617,133398,1459
2021-09-18,Kings,031,150075,28746,28330,1763,30093,285
2021-09-18,Lake,033,64148,6093,5936,129,6065,87
2021-09-18,Lassen,035,31185,6279,6121,278,6399,25
2021-09-18,Los Angeles,037,10098052,1387076,1379880,54243,1434123,25849
2021-09-18,Madera,039,155013,20563,20126,1608,21734,257
2021-09-18,Marin,041,260295,16818,16685,405,17090,242
2021-09-18,Mariposa,043,17540,919,871,25,896,5
2021-09-18,Mendocino,045,87422,6668,6523,320,6843,67
2021-09-18,Merced,047,269075,38391,37977,1427,39404,535
2021-09-18,Modoc,049,8938,467,457,160,617,5
2021-09-18,Mono,051,14174,1501,1480,14,1494,3
2021-09-18,Monterey,053,433212,46691,46466,3131,49597,565
2021-09-18,Napa,055,140530,12294,12168,83,12251,95
2021-09-18,Nevada,057,99092,8299,8183,282,8465,84
2021-09-18,Orange,059,3164182,295606,293005,14403,307408,5354
2021-09-18,Placer,061,380077,33786,33309,3284,36593,364
2021-09-18,Plumas,063,18699,1243,1204,28,1232,5
2021-09-18,Riverside,065,2383286,343756,341136,16503,357639,4802
2021-09-18,Sacramento,067,1510023,147182,146162,3866,150028,2016
2021-09-18,San Benito,069,59416,6955,6937,150,7087,67
2021-09-18,San Bernardino,071,2135413,338550,336380,11027,347407,5501
2021-09-18,San Diego,073,3302833,352677,348848,20482,369330,4006
2021-09-18,San Francisco,075,870044,49776,49359,2471,51830,605
2021-09-18,San Joaquin,077,732212,93241,92242,5164,97406,1615
2021-09-18,San Luis Obispo,079,281455,27481,27181,1113,28294,313
2021-09-18,San Mateo,081,765935,51309,50961,1279,52240,567
2021-09-18,Santa Barbara,083,443738,41837,41465,1600,43065,500
2021-09-18,Santa Clara,085,1922200,140048,139233,1142,140375,1841
2021-09-18,Santa Cruz,087,273765,19257,19079,1047,20126,211
2021-09-18,Shasta,089,179085,18309,17777,3058,20835,258
2021-09-18,Sierra,091,2930,127,125,15,140,0
2021-09-18,Siskiyou,093,43540,2987,2875,1083,3958,35
2021-09-18,Solano,095,438530,43422,42966,1115,44081,312
2021-09-18,Sonoma,097,501317,39123,38891,494,39385,369
2021-09-18,Stanislaus,099,539301,72579,71587,8383,79970,1091
2021-09-18,Sutter,101,95872,12990,12829,251,13080,153
2021-09-18,Tehama,103,63373,7212,7055,1218,8273,84
2021-09-18,Trinity,105,12862,635,561,177,738,7
2021-09-18,Tulare,107,460477,61045,60003,13179,73182,896
2021-09-18,Tuolumne,109,53932,6194,6069,68,6137,89
2021-09-18,Ventura,111,848112,94016,93424,4239,97663,1120
2021-09-18,Yolo,113,214977,18387,18213,981,19194,239
2021-09-18,Yuba,115,75493,9167,9061,206,9267,61
2021-09-17,Alameda,001,1643700,114080,113070,2766,115836,1320
2021-09-17,Alpine,003,1148,100,99,0,99,0
2021-09-17,Amador,005,37829,4941,4835,51,4886,58
2021-09-17,Butte,007,227075,18431,17870,3375,21245,230
2021-09-17,Calaveras,009,45235,3456,3338,37,3375,66
2021-09-17,Colusa,011,21464,2392,2369,550,2919,16
2021-09-17,Contra Costa,013,1133247,94273,93485,1987,95472,924
2021-09-17,Del Norte,015,27424,3433,3311,25,3336,34
2021-09-17,El Dorado,017,186661,14663,14421,1534,15955,127
2021-09-17,Fresno,019,978130,126144,124296,11427,135723,1882
2021-09-17,Glenn,021,27897,3145,3072,910,3982,25
2021-09-17,Humboldt,023,135768,8021,7850,413,8263,80
2021-09-17,Imperial,025,180216,31197,31031,3159,34190,755
2021-09-17,Inyo,027,18085,1659,1634,26,1660,39
2021-09-17,Kern,029,883053,116252,114303,18521,132824,1456
2021-09-17,Kings,031,150075,28681,28240,1761,30001,281
2021-09-17,Lake,033,64148,6080,5915,129,6044,87
2021-09-17,Lassen,035,31185,6264,6080,276,6356,25
2021-09-17,Los Angeles,037,10098052,1386109,1377905,54172,1432077,25820
2021-09-17,Madera,039,155013,20511,20040,1598,21638,257
2021-09-17,Marin,041,260295,16805,16658,403,17061,242
2021-09-17,Mariposa,043,17540,917,869,25,894,5
2021-09-17,Mendocino,045,87422,6649,6498,320,6818,67
2021-09-17,Merced,047,269075,38344,37803,1425,39228,533
2021-09-17,Modoc,049,8938,467,456,160,616,5
2021-09-17,Mono,051,14174,1497,1457,14,1471,3
2021-09-17,Monterey,053,433212,46671,46421,3127,49548,564
2021-09-17,Napa,055,140530,12273,12153,83,12236,95
2021-09-17,Nevada,057,99092,8284,8157,282,8439,84
2021-09-17,Orange,059,3164182,295392,292685,14385,307070,5346
2021-09-17,Placer,061,380077,33724,33188,3273,36461,362
2021-09-17,Plumas,063,18699,1235,1192,27,1219,5
2021-09-17,Riverside,065,2383286,343353,340445,16493,356938,4792
2021-09-17,Sacramento,067,1510023,146983,145985,3855,149840,1999
2021-09-17,San Benito,069,59416,6952,6929,150,7079,67
2021-09-17,San Bernardino,071,2135413,338197,335810,11020,346830,5488
2021-09-17,San Diego,073,3302833,352244,348098,20464,368562,4002
2021-09-17,San Francisco,075,870044,49726,49249,2464,51713,605
2021-09-17,San Joaquin,077,732212,93104,91977,5152,97129,1610
2021-09-17,San Luis Obispo,079,281455,27448,27102,1102,28204,311
2021-09-17,San Mateo,081,765935,51260,50854,1273,52127,564
2021-09-17,Santa Barbara,083,443738,41775,41354,1600,42954,498
2021-09-17,Santa Clara,085,1922200,139900,138939,1141,140080,1838
2021-09-17,Santa Cruz,087,273765,19232,19039,1047,20086,211
2021-09-17,Shasta,089,179085,18238,17617,3045,20662,254
2021-09-17,Sierra,091,2930,127,124,15,139,0
2021-09-17,Siskiyou,093,43540,2973,2852,1082,3934,35
2021-09-17,Solano,095,438530,43360,42898,1111,44009,312
2021-09-17,Sonoma,097,501317,39085,38808,493,39301,369
2021-09-17,Stanislaus,099,539301,72473,71408,8365,79773,1091
2021-09-17,Sutter,101,95872,12974,12799,249,13048,153
2021-09-17,Tehama,103,63373,7188,7020,1206,8226,84
2021-09-17,Trinity,105,12862,630,556,176,732,7
2021-09-17,Tulare,107,460477,60929,59689,13144,72833,895
2021-09-17,Tuolumne,109,53932,6176,6047,67,6114,89
2021-09-17,Ventura,111,848112,93904,93273,4236,97509,1116
2021-09-17,Yolo,113,214977,18356,18177,977,19154,239
2021-09-17,Yuba,115,75493,9140,9019,205,9224,61
2021-09-16,Alameda,001,1643700,113903,112770,2762,115532,1318
2021-09-16,Alpine,003,1148,100,99,0,99,0
2021-09-16,Amador,005,37829,4921,4819,51,4870,58
2021-09-16,Butte,007,227075,18357,17750,3358,21108,230
2021-09-16,Calaveras,009,45235,3422,3313,37,3350,66
2021-09-16,Colusa,011,21464,2390,2363,548,2911,16
2021-09-16,Contra Costa,013,1133247,94105,93213,1977,95190,917
2021-09-16,Del Norte,015,27424,3415,3285,25,3310,34
2021-09-16,El Dorado,017,186661,14623,14372,1526,15898,127
2021-09-16,Fresno,019,978130,125788,123853,11388,135241,1868
2021-09-16,Glenn,021,27897,3133,3068,908,3976,24
2021-09-16,Humboldt,023,135768,7987,7809,403,8212,80
2021-09-16,Imperial,025,180216,31155,30966,3150,34116,753
2021-09-16,Inyo,027,18085,1657,1623,26,1649,39
2021-09-16,Kern,029,883053,115982,113828,18453,132281,1448
2021-09-16,Kings,031,150075,28595,28114,1752,29866,280
2021-09-16,Lake,033,64148,6056,5890,126,6016,87
2021-09-16,Lassen,035,31185,6230,6028,269,6297,25
2021-09-16,Los Angeles,037,10098052,1384729,1376277,54106,1430383,25796
2021-09-16,Madera,039,155013,20435,19974,1592,21566,257
2021-09-16,Marin,041,260295,16778,16625,402,17027,242
2021-09-16,Mariposa,043,17540,911,849,25,874,6
2021-09-16,Mendocino,045,87422,6617,6445,311,6756,67
2021-09-16,Merced,047,269075,38237,37675,1422,39097,532
2021-09-16,Modoc,049,8938,465,455,160,615,5
2021-09-16,Mono,051,14174,1488,1449,14,1463,3
2021-09-16,Monterey,053,433212,46625,46342,3113,49455,562
2021-09-16,Napa,055,140530,12248,12115,79,12194,95
2021-09-16,Nevada,057,99092,8256,8121,281,8402,84
2021-09-16,Orange,059,3164182,295050,292183,14365,306548,5340
2021-09-16,Placer,061,380077,33631,33037,3251,36288,354
2021-09-16,Plumas,063,18699,1225,1178,27,1205,5
2021-09-16,Riverside,065,2383286,342823,339770,16479,356249,4786
2021-09-16,Sacramento,067,1510023,146624,145754,3822,149576,1996
2021-09-16,San Benito,069,59416,6939,6913,149,7062,67
2021-09-16,San Bernardino,071,2135413,337775,335129,11014,346143,5474
2021-09-16,San Diego,073,3302833,351619,347472,20429,367901,3994
2021-09-16,San Francisco,075,870044,49642,49133,2454,51587,605
2021-09-16,San Joaquin,077,732212,92865,91650,5106,96756,1608
2021-09-16,San Luis Obispo,079,281455,27376,27044,1098,28142,310
2021-09-16,San Mateo,081,765935,51200,50773,1256,52029,564
2021-09-16,Santa Barbara,083,443738,41709,41272,1597,42869,497
2021-09-16,Santa Clara,085,1922200,139748,138685,1137,139822,1835
2021-09-16,Santa Cruz,087,273765,19204,19011,1047,20058,211
2021-09-16,Shasta,089,179085,18113,17438,3010,20448,251
2021-09-16,Sierra,091,2930,127,123,15,138,0
2021-09-16,Siskiyou,093,43540,2954,2819,1074,3893,35
2021-09-16,Solano,095,438530,43289,42792,1105,43897,312
2021-09-16,Sonoma,097,501317,39022,38707,492,39199,369
2021-09-16,Stanislaus,099,539301,72240,71105,8349,79454,1091
2021-09-16,Sutter,101,95872,12930,12729,243,12972,152
2021-09-16,Tehama,103,63373,7149,6953,1195,8148,83
2021-09-16,Trinity,105,12862,627,547,175,722,7
2021-09-16,Tulare,107,460477,60709,59459,13069,72528,894
2021-09-16,Tuolumne,109,53932,6156,5999,66,6065,89
2021-09-16,Ventura,111,848112,93765,93087,4234,97321,1110
2021-09-16,Yolo,113,214977,18325,18135,975,19110,239
2021-09-16,Yuba,115,75493,9106,8981,202,9183,61
2021-09-15,Alameda,001,1643700,113732,112498,2754,115252,1317
2021-09-15,Alpine,003,1148,100,99,0,99,0
2021-09-15,Amador,005,37829,4913,4792,51,4843,58
2021-09-15,Butte,007,227075,18259,17664,3338,21002,228
2021-09-15,Calaveras,009,45235,3390,3293,35,3328,66
2021-09-15,Colusa,011,21464,2388,2352,545,2897,16
2021-09-15,Contra Costa,013,1133247,93925,92989,1965,94954,913
2021-09-15,Del Norte,015,27424,3402,3271,23,3294,34
2021-09-15,El Dorado,017,186661,14597,14309,1518,15827,127
2021-09-15,Fresno,019,978130,125410,123370,11353,134723,1867
2021-09-15,Glenn,021,27897,3120,3051,903,3954,20
2021-09-15,Humboldt,023,135768,7952,7754,398,8152,52
2021-09-15,Imperial,025,180216,31101,30891,3146,34037,753
2021-09-15,Inyo,027,18085,1653,1614,26,1640,39
2021-09-15,Kern,029,883053,115634,113546,18352,131898,1434
2021-09-15,Kings,031,150075,28516,27991,1742,29733,279
2021-09-15,Lake,033,64148,6024,5852,125,5977,85
2021-09-15,Lassen,035,31185,6170,6018,264,6282,25
2021-09-15,Los Angeles,037,10098052,1383239,1374307,54033,1428340,25767
2021-09-15,Madera,039,155013,20361,19880,1586,21466,257
2021-09-15,Marin,041,260295,16743,16592,397,16989,242
2021-09-15,Mariposa,043,17540,900,843,25,868,5
2021-09-15,Mendocino,045,87422,6587,6399,306,6705,66
2021-09-15,Merced,047,269075,38129,37508,1420,38928,529
2021-09-15,Modoc,049,8938,465,454,160,614,5
2021-09-15,Mono,051,14174,1484,1445,14,1459,3
2021-09-15,Monterey,053,433212,46560,46317,3096,49413,562
2021-09-15,Napa,055,140530,12227,12082,79,12161,95
2021-09-15,Nevada,057,99092,8234,8081,278,8359,84
2021-09-15,Orange,059,3164182,294728,291834,14345,306179,5328
2021-09-15,Placer,061,380077,33520,32860,3229,36089,352
2021-09-15,Plumas,063,18699,1220,1164,26,1190,5
2021-09-15,Riverside,065,2383286,342241,339077,16455,355532,4769
2021-09-15,Sacramento,067,1510023,146199,145202,3788,148990,1981
2021-09-15,San Benito,069,59416,6936,6902,149,7051,67
2021-09-15,San Bernardino,071,2135413,337317,334556,11000,345556,5470
2021-09-15,San Diego,073,3302833,350990,346933,20403,367336,3983
2021-09-15,San Francisco,075,870044,49533,48999,2448,51447,605
2021-09-15,San Joaquin,077,732212,92590,91322,5062,96384,1607
2021-09-15,San Luis Obispo,079,281455,27293,26943,1092,28035,306
2021-09-15,San Mateo,081,765935,51122,50691,1250,51941,564
2021-09-15,Santa Barbara,083,443738,41609,41077,1593,42670,497
2021-09-15,Santa Clara,085,1922200,139576,138410,1132,139542,1833
2021-09-15,Santa Cruz,087,273765,19166,18984,1045,20029,210
2021-09-15,Shasta,089,179085,18004,17317,2987,20304,250
2021-09-15,Sierra,091,2930,127,123,15,138,0
2021-09-15,Siskiyou,093,43540,2935,2804,1042,3846,35
2021-09-15,Solano,095,438530,43217,42682,1100,43782,312
2021-09-15,Sonoma,097,501317,38964,38629,492,39121,369
2021-09-15,Stanislaus,099,539301,72020,70852,8328,79180,1091
2021-09-15,Sutter,101,95872,12897,12699,238,12937,151
2021-09-15,Tehama,103,63373,7108,6894,1186,8080,79
2021-09-15,Trinity,105,12862,625,541,173,714,7
2021-09-15,Tulare,107,460477,60451,59149,13006,72155,890
2021-09-15,Tuolumne,109,53932,6130,5969,66,6035,89
2021-09-15,Ventura,111,848112,93625,92960,4229,97189,1109
2021-09-15,Yolo,113,214977,18291,18064,967,19031,239
2021-09-15,Yuba,115,75493,9071,8953,202,9155,61
2021-09-14,Alameda,001,1643700,113525,112329,2748,115077,1316
2021-09-14,Alpine,003,1148,100,98,0,98,0
2021-09-14,Amador,005,37829,4893,4790,51,4841,57
2021-09-14,Butte,007,227075,18127,17516,3314,20830,226
2021-09-14,Calaveras,009,45235,3367,3280,32,3312,66
2021-09-14,Colusa,011,21464,2384,2344,541,2885,16
2021-09-14,Contra Costa,013,1133247,93727,92822,1956,94778,908
2021-09-14,Del Norte,015,27424,3386,3252,22,3274,32
2021-09-14,El Dorado,017,186661,14545,14247,1510,15757,123
2021-09-14,Fresno,019,978130,124937,123151,11313,134464,1856
2021-09-14,Glenn,021,27897,3100,3045,898,3943,20
2021-09-14,Humboldt,023,135768,7918,7717,393,8110,52
2021-09-14,Imperial,025,180216,31050,30845,3143,33988,752
2021-09-14,Inyo,027,18085,1644,1605,26,1631,39
2021-09-14,Kern,029,883053,115255,113250,18226,131476,1428
2021-09-14,Kings,031,150075,28442,27955,1732,29687,278
2021-09-14,Lake,033,64148,5992,5845,125,5970,83
2021-09-14,Lassen,035,31185,6156,5977,259,6236,25
2021-09-14,Los Angeles,037,10098052,1381407,1372831,53947,1426778,25729
2021-09-14,Madera,039,155013,20279,19800,1579,21379,254
2021-09-14,Marin,041,260295,16716,16584,395,16979,242
2021-09-14,Mariposa,043,17540,889,834,24,858,5
2021-09-14,Mendocino,045,87422,6552,6372,294,6666,65
2021-09-14,Merced,047,269075,37979,37430,1417,38847,526
2021-09-14,Modoc,049,8938,464,453,160,613,5
2021-09-14,Mono,051,14174,1472,1440,14,1454,4
2021-09-14,Monterey,053,433212,46530,46224,3072,49296,558
2021-09-14,Napa,055,140530,12194,12070,78,12148,91
2021-09-14,Nevada,057,99092,8200,8056,278,8334,83
2021-09-14,Orange,059,3164182,294341,291423,14323,305746,5319
2021-09-14,Placer,061,380077,33391,32735,3208,35943,350
2021-09-14,Plumas,063,18699,1210,1148,26,1174,5
2021-09-14,Riverside,065,2383286,341600,338534,16424,354958,4748
2021-09-14,Sacramento,067,1510023,145835,145051,3736,148787,1977
2021-09-14,San Benito,069,59416,6927,6887,148,7035,64
2021-09-14,San Bernardino,071,2135413,336823,333968,10975,344943,5465
2021-09-14,San Diego,073,3302833,350319,346204,20358,366562,3966
2021-09-14,San Francisco,075,870044,49411,48998,2433,51431,603
2021-09-14,San Joaquin,077,732212,92350,91128,5052,96180,1596
2021-09-14,San Luis Obispo,079,281455,27220,26845,1087,27932,304
2021-09-14,San Mateo,081,765935,51033,50602,1238,51840,564
2021-09-14,Santa Barbara,083,443738,41515,40783,1584,42367,495
2021-09-14,Santa Clara,085,1922200,139343,138321,1128,139449,1828
2021-09-14,Santa Cruz,087,273765,19126,18965,1043,20008,210
2021-09-14,Shasta,089,179085,17873,17152,2967,20119,246
2021-09-14,Sierra,091,2930,127,123,15,138,0
2021-09-14,Siskiyou,093,43540,2910,2756,1025,3781,35
2021-09-14,Solano,095,438530,43135,42599,1097,43696,307
2021-09-14,Sonoma,097,501317,38896,38595,488,39083,369
2021-09-14,Stanislaus,099,539301,71763,70697,8302,78999,1091
2021-09-14,Sutter,101,95872,12855,12670,231,12901,149
2021-09-14,Tehama,103,63373,7054,6859,1178,8037,80
2021-09-14,Trinity,105,12862,619,538,172,710,7
2021-09-14,Tulare,107,460477,60200,58961,12936,71897,888
2021-09-14,Tuolumne,109,53932,6109,5951,65,6016,89
2021-09-14,Ventura,111,848112,93445,92841,4213,97054,1107
2021-09-14,Yolo,113,214977,18247,18039,962,19001,239
2021-09-14,Yuba,115,75493,9035,8928,202,9130,61
2021-09-13,Alameda,001,1643700,113308,112159,2743,114902,1309
2021-09-13,Alpine,003,1148,99,98,0,98,0
2021-09-13,Amador,005,37829,4875,4761,51,4812,56
2021-09-13,Butte,007,227075,18003,17393,3287,20680,225
2021-09-13,Calaveras,009,45235,3337,3253,30,3283,65
2021-09-13,Colusa,011,21464,2374,2346,536,2882,16
2021-09-13,Contra Costa,013,1133247,93481,92658,1951,94609,908
2021-09-13,Del Norte,015,27424,3350,3232,22,3254,28
2021-09-13,El Dorado,017,186661,14485,14194,1501,15695,119
2021-09-13,Fresno,019,978130,124470,122650,11266,133916,1853
2021-09-13,Glenn,021,27897,3093,3026,889,3915,20
2021-09-13,Humboldt,023,135768,7886,7659,390,8049,52
2021-09-13,Imperial,025,180216,30998,30802,3140,33942,751
2021-09-13,Inyo,027,18085,1637,1602,26,1628,39
2021-09-13,Kern,029,883053,114874,112930,18099,131029,1424
2021-09-13,Kings,031,150075,28331,27858,1720,29578,275
2021-09-13,Lake,033,64148,5970,5809,125,5934,82
2021-09-13,Lassen,035,31185,6121,5953,258,6211,25
2021-09-13,Los Angeles,037,10098052,1379552,1371423,53878,1425301,25703
2021-09-13,Madera,039,155013,20208,19735,1572,21307,252
2021-09-13,Marin,041,260295,16681,16557,394,16951,242
2021-09-13,Mariposa,043,17540,875,825,24,849,5
2021-09-13,Mendocino,045,87422,6519,6323,284,6607,61
2021-09-13,Merced,047,269075,37828,37291,1412,38703,521
2021-09-13,Modoc,049,8938,463,451,160,611,5
2021-09-13,Mono,051,14174,1466,1435,14,1449,3
2021-09-13,Monterey,053,433212,46449,46188,3050,49238,558
2021-09-13,Napa,055,140530,12176,12039,78,12117,91
2021-09-13,Nevada,057,99092,8174,8021,276,8297,83
2021-09-13,Orange,059,3164182,293906,291128,14302,305430,5312
2021-09-13,Placer,061,380077,33225,32617,3191,35808,343
2021-09-13,Plumas,063,18699,1198,1142,26,1168,5
2021-09-13,Riverside,065,2383286,340957,337876,16405,354281,4731
2021-09-13,Sacramento,067,1510023,145348,144537,3703,148240,1956
2021-09-13,San Benito,069,59416,6912,6867,147,7014,64
2021-09-13,San Bernardino,071,2135413,336335,333613,10951,344564,5441
2021-09-13,San Diego,073,3302833,349529,345647,20308,365955,3961
2021-09-13,San Francisco,075,870044,49283,48914,2426,51340,603
2021-09-13,San Joaquin,077,732212,92067,90966,5034,96000,1581
2021-09-13,San Luis Obispo,079,281455,27123,26805,1084,27889,300
2021-09-13,San Mateo,081,765935,50953,50525,1224,51749,564
2021-09-13,Santa Barbara,083,443738,41398,40661,1577,42238,494
2021-09-13,Santa Clara,085,1922200,139099,138152,1122,139274,1820
2021-09-13,Santa Cruz,087,273765,19086,18917,1042,19959,210
2021-09-13,Shasta,089,179085,17746,17033,2926,19959,243
2021-09-13,Sierra,091,2930,127,123,15,138,0
2021-09-13,Siskiyou,093,43540,2895,2745,1013,3758,35
2021-09-13,Solano,095,438530,43036,42501,1093,43594,306
2021-09-13,Sonoma,097,501317,38829,38513,485,38998,368
2021-09-13,Stanislaus,099,539301,71513,70477,8263,78740,1091
2021-09-13,Sutter,101,95872,12797,12624,227,12851,145
2021-09-13,Tehama,103,63373,6991,6803,1166,7969,79
2021-09-13,Trinity,105,12862,617,533,170,703,7
2021-09-13,Tulare,107,460477,59916,58768,12870,71638,887
2021-09-13,Tuolumne,109,53932,6078,5909,65,5974,89
2021-09-13,Ventura,111,848112,93294,92679,4205,96884,1107
2021-09-13,Yolo,113,214977,18206,17974,957,18931,239
2021-09-13,Yuba,115,75493,8990,8884,201,9085,61
2021-09-12,Alameda,001,1643700,113046,111961,2739,114700,1309
2021-09-12,Alpine,003,1148,99,98,0,98,0
2021-09-12,Amador,005,37829,4854,4752,51,4803,56
2021-09-12,Butte,007,227075,17860,17257,3242,20499,221
2021-09-12,Calaveras,009,45235,3305,3236,26,3262,65
2021-09-12,Colusa,011,21464,2371,2344,535,2879,16
2021-09-12,Contra Costa,013,1133247,93214,92498,1939,94437,908
2021-09-12,Del Norte,015,27424,3316,3200,22,3222,28
2021-09-12,El Dorado,017,186661,14413,14167,1484,15651,119
2021-09-12,Fresno,019,978130,123955,122407,11223,133630,1853
2021-09-12,Glenn,021,27897,3073,3016,882,3898,20
2021-09-12,Humboldt,023,135768,7816,7636,379,8015,52
2021-09-12,Imperial,025,180216,30935,30790,3134,33924,751
2021-09-12,Inyo,027,18085,1627,1596,26,1622,39
2021-09-12,Kern,029,883053,114465,112602,17936,130538,1424
2021-09-12,Kings,031,150075,28221,27764,1703,29467,274
2021-09-12,Lake,033,64148,5931,5781,123,5904,82
2021-09-12,Lassen,035,31185,6084,5943,248,6191,25
2021-09-12,Los Angeles,037,10098052,1377505,1365968,53797,1419765,25630
2021-09-12,Madera,039,155013,20121,19691,1562,21253,252
2021-09-12,Marin,041,260295,16658,16526,394,16920,242
2021-09-12,Mariposa,043,17540,864,811,24,835,5
2021-09-12,Mendocino,045,87422,6478,6283,276,6559,61
2021-09-12,Merced,047,269075,37655,37172,1401,38573,521
2021-09-12,Modoc,049,8938,463,451,159,610,5
2021-09-12,Mono,051,14174,1456,1431,14,1445,3
2021-09-12,Monterey,053,433212,46369,46167,3022,49189,558
2021-09-12,Napa,055,140530,12146,12011,78,12089,91
2021-09-12,Nevada,057,99092,8135,7987,273,8260,83
2021-09-12,Orange,059,3164182,293447,290718,14277,304995,5312
2021-09-12,Placer,061,380077,33078,32520,3165,35685,343
2021-09-12,Plumas,063,18699,1183,1138,26,1164,5
2021-09-12,Riverside,065,2383286,340272,337332,16373,353705,4731
2021-09-12,Sacramento,067,1510023,144845,144030,3661,147691,1959
2021-09-12,San Benito,069,59416,6893,6852,146,6998,64
2021-09-12,San Bernardino,071,2135413,335726,333049,10937,343986,5439
2021-09-12,San Diego,073,3302833,348706,345058,20235,365293,3942
2021-09-12,San Francisco,075,870044,49172,48819,2418,51237,603
2021-09-12,San Joaquin,077,732212,91739,90730,5026,95756,1581
2021-09-12,San Luis Obispo,079,281455,27005,26729,1071,27800,299
2021-09-12,San Mateo,081,765935,50857,50432,1210,51642,564
2021-09-12,Santa Barbara,083,443738,41292,40600,1570,42170,494
2021-09-12,Santa Clara,085,1922200,138849,137899,1118,139017,1820
2021-09-12,Santa Cruz,087,273765,19054,18892,1041,19933,210
2021-09-12,Shasta,089,179085,17584,16957,2866,19823,243
2021-09-12,Sierra,091,2930,127,123,15,138,0
2021-09-12,Siskiyou,093,43540,2868,2730,998,3728,35
2021-09-12,Solano,095,438530,42932,42409,1088,43497,306
2021-09-12,Sonoma,097,501317,38754,38456,483,38939,368
2021-09-12,Stanislaus,099,539301,71216,70184,8225,78409,1091
2021-09-12,Sutter,101,95872,12755,12589,221,12810,145
2021-09-12,Tehama,103,63373,6927,6732,1154,7886,79
2021-09-12,Trinity,105,12862,613,529,168,697,7
2021-09-12,Tulare,107,460477,59561,58582,12805,71387,887
2021-09-12,Tuolumne,109,53932,6045,5888,65,5953,89
2021-09-12,Ventura,111,848112,93177,92496,4199,96695,1107
2021-09-12,Yolo,113,214977,18141,17943,949,18892,239
2021-09-12,Yuba,115,75493,8953,8842,201,9043,61
2021-09-11,Alameda,001,1643700,112920,111715,2737,114452,1309
2021-09-11,Alpine,003,1148,99,98,0,98,0
2021-09-11,Amador,005,37829,4841,4728,50,4778,56
2021-09-11,Butte,007,227075,17780,17218,3213,20431,221
2021-09-11,Calaveras,009,45235,3302,3208,25,3233,65
2021-09-11,Colusa,011,21464,2370,2338,532,2870,16
2021-09-11,Contra Costa,013,1133247,93096,92269,1934,94203,908
2021-09-11,Del Norte,015,27424,3300,3184,22,3206,28
2021-09-11,El Dorado,017,186661,14394,14117,1477,15594,119
2021-09-11,Fresno,019,978130,123777,122224,11200,133424,1853
2021-09-11,Glenn,021,27897,3069,3007,880,3887,20
2021-09-11,Humboldt,023,135768,7794,7615,376,7991,52
2021-09-11,Imperial,025,180216,30910,30760,3130,33890,751
2021-09-11,Inyo,027,18085,1624,1590,26,1616,39
2021-09-11,Kern,029,883053,114219,112205,17815,130020,1424
2021-09-11,Kings,031,150075,28172,27631,1697,29328,275
2021-09-11,Lake,033,64148,5911,5761,123,5884,82
2021-09-11,Lassen,035,31185,6069,5930,244,6174,25
2021-09-11,Los Angeles,037,10098052,1376545,1365831,53729,1419560,25630
2021-09-11,Madera,039,155013,20068,19648,1556,21204,252
2021-09-11,Marin,041,260295,16630,16496,393,16889,242
2021-09-11,Mariposa,043,17540,859,799,24,823,5
2021-09-11,Mendocino,045,87422,6454,6257,276,6533,61
2021-09-11,Merced,047,269075,37601,37042,1398,38440,521
2021-09-11,Modoc,049,8938,463,449,159,608,5
2021-09-11,Mono,051,14174,1452,1431,14,1445,3
2021-09-11,Monterey,053,433212,46338,46140,3014,49154,558
2021-09-11,Napa,055,140530,12123,11991,78,12069,91
2021-09-11,Nevada,057,99092,8120,7967,273,8240,83
2021-09-11,Orange,059,3164182,293148,290429,14260,304689,5306
2021-09-11,Placer,061,380077,32994,32414,3154,35568,344
2021-09-11,Plumas,063,18699,1179,1112,26,1138,5
2021-09-11,Riverside,065,2383286,339835,336585,16359,352944,4731
2021-09-11,Sacramento,067,1510023,144550,143557,3647,147204,1955
2021-09-11,San Benito,069,59416,6880,6844,146,6990,64
2021-09-11,San Bernardino,071,2135413,335383,332512,10925,343437,5430
2021-09-11,San Diego,073,3302833,348217,344355,20211,364566,3942
2021-09-11,San Francisco,075,870044,49116,48660,2412,51072,603
2021-09-11,San Joaquin,077,732212,91595,90482,5019,95501,1581
2021-09-11,San Luis Obispo,079,281455,26959,26651,1070,27721,299
2021-09-11,San Mateo,081,765935,50792,50341,1208,51549,564
2021-09-11,Santa Barbara,083,443738,41219,40451,1570,42021,494
2021-09-11,Santa Clara,085,1922200,138701,137659,1115,138774,1820
2021-09-11,Santa Cruz,087,273765,19025,18865,1041,19906,210
2021-09-11,Shasta,089,179085,17493,16877,2844,19721,243
2021-09-11,Sierra,091,2930,127,123,15,138,0
2021-09-11,Siskiyou,093,43540,2851,2717,995,3712,35
2021-09-11,Solano,095,438530,42881,42344,1085,43429,306
2021-09-11,Sonoma,097,501317,38708,38399,481,38880,368
2021-09-11,Stanislaus,099,539301,71091,69974,8210,78184,1091
2021-09-11,Sutter,101,95872,12729,12538,218,12756,145
2021-09-11,Tehama,103,63373,6906,6703,1146,7849,79
2021-09-11,Trinity,105,12862,606,526,168,694,7
2021-09-11,Tulare,107,460477,59449,58321,12758,71079,889
2021-09-11,Tuolumne,109,53932,6026,5879,62,5941,89
2021-09-11,Ventura,111,848112,93098,92328,4194,96522,1107
2021-09-11,Yolo,113,214977,18117,17906,944,18850,239
2021-09-11,Yuba,115,75493,8928,8813,201,9014,61
2021-09-10,Alameda,001,1643700,112730,111386,2736,114122,1306
2021-09-10,Alpine,003,1148,98,97,0,97,0
2021-09-10,Amador,005,37829,4829,4706,50,4756,56
2021-09-10,Butte,007,227075,17705,17051,3198,20249,222
2021-09-10,Calaveras,009,45235,3296,3183,25,3208,65
2021-09-10,Colusa,011,21464,2366,2327,529,2856,16
2021-09-10,Contra Costa,013,1133247,92975,92024,1932,93956,908
2021-09-10,Del Norte,015,27424,3285,3128,21,3149,28
2021-09-10,El Dorado,017,186661,14363,14051,1472,15523,119
2021-09-10,Fresno,019,978130,123455,121659,11182,132841,1846
2021-09-10,Glenn,021,27897,3064,2977,880,3857,20
2021-09-10,Humboldt,023,135768,7761,7543,372,7915,52
2021-09-10,Imperial,025,180216,30886,30716,3128,33844,751
2021-09-10,Inyo,027,18085,1620,1590,26,1616,39
2021-09-10,Kern,029,883053,113965,111832,17696,129528,1419
2021-09-10,Kings,031,150075,28098,27473,1689,29162,274
2021-09-10,Lake,033,64148,5895,5713,121,5834,79
2021-09-10,Lassen,035,31185,6061,5914,241,6155,25
2021-09-10,Los Angeles,037,10098052,1375339,1365709,53661,1419370,25630
2021-09-10,Madera,039,155013,20022,19520,1552,21072,252
2021-09-10,Marin,041,260295,16611,16458,390,16848,242
2021-09-10,Mariposa,043,17540,854,795,24,819,5
2021-09-10,Mendocino,045,87422,6423,6184,275,6459,61
2021-09-10,Merced,047,269075,37549,36884,1397,38281,521
2021-09-10,Modoc,049,8938,463,448,159,607,5
2021-09-10,Mono,051,14174,1449,1422,14,1436,3
2021-09-10,Monterey,053,433212,46311,46084,2995,49079,557
2021-09-10,Napa,055,140530,12099,11948,78,12026,90
2021-09-10,Nevada,057,99092,8102,7932,272,8204,83
2021-09-10,Orange,059,3164182,292846,290022,14251,304273,5302
2021-09-10,Placer,061,380077,32894,32264,3141,35405,343
2021-09-10,Plumas,063,18699,1173,1111,26,1137,5
2021-09-10,Riverside,065,2383286,339361,335988,16352,352340,4720
2021-09-10,Sacramento,067,1510023,144210,143244,3638,146882,1950
2021-09-10,San Benito,069,59416,6876,6824,146,6970,64
2021-09-10,San Bernardino,071,2135413,334963,331894,10915,342809,5422
2021-09-10,San Diego,073,3302833,347656,343173,20169,363342,3941
2021-09-10,San Francisco,075,870044,49039,48518,2403,50921,602
2021-09-10,San Joaquin,077,732212,91416,90208,5012,95220,1573
2021-09-10,San Luis Obispo,079,281455,26926,26526,1068,27594,299
2021-09-10,San Mateo,081,765935,50734,50251,1202,51453,564
2021-09-10,Santa Barbara,083,443738,41166,40321,1567,41888,492
2021-09-10,Santa Clara,085,1922200,138518,137337,1114,138451,1817
2021-09-10,Santa Cruz,087,273765,19006,18785,1040,19825,210
2021-09-10,Shasta,089,179085,17399,16667,2816,19483,242
2021-09-10,Sierra,091,2930,127,117,15,132,0
2021-09-10,Siskiyou,093,43540,2839,2702,991,3693,35
2021-09-10,Solano,095,438530,42808,42230,1077,43307,305
2021-09-10,Sonoma,097,501317,38651,38271,480,38751,368
2021-09-10,Stanislaus,099,539301,70933,69617,8187,77804,1091
2021-09-10,Sutter,101,95872,12695,12468,218,12686,145
2021-09-10,Tehama,103,63373,6873,6652,1140,7792,77
2021-09-10,Trinity,105,12862,602,524,168,692,7
2021-09-10,Tulare,107,460477,59303,57930,12712,70642,883
2021-09-10,Tuolumne,109,53932,6008,5842,61,5903,89
2021-09-10,Ventura,111,848112,93011,92145,4189,96334,1104
2021-09-10,Yolo,113,214977,18093,17825,939,18764,239
2021-09-10,Yuba,115,75493,8910,8760,200,8960,62
2021-09-09,Alameda,001,1643700,112515,111014,2728,113742,1306
2021-09-09,Alpine,003,1148,98,94,0,94,0
2021-09-09,Amador,005,37829,4808,4698,49,4747,56
2021-09-09,Butte,007,227075,17560,16874,3172,20046,221
2021-09-09,Calaveras,009,45235,3262,3165,25,3190,65
2021-09-09,Colusa,011,21464,2359,2321,527,2848,16
2021-09-09,Contra Costa,013,1133247,92766,91687,1927,93614,904
2021-09-09,Del Norte,015,27424,3262,3102,21,3123,28
2021-09-09,El Dorado,017,186661,14305,13970,1462,15432,119
2021-09-09,Fresno,019,978130,122982,121040,11150,132190,1838
2021-09-09,Glenn,021,27897,3051,2947,873,3820,20
2021-09-09,Humboldt,023,135768,7712,7471,365,7836,52
2021-09-09,Imperial,025,180216,30848,30661,3125,33786,751
2021-09-09,Inyo,027,18085,1613,1586,26,1612,39
2021-09-09,Kern,029,883053,113617,111390,17536,128926,1414
2021-09-09,Kings,031,150075,27997,27282,1678,28960,273
2021-09-09,Lake,033,64148,5871,5638,119,5757,79
2021-09-09,Lassen,035,31185,6011,5860,235,6095,25
2021-09-09,Los Angeles,037,10098052,1373482,1363735,53584,1417319,25583
2021-09-09,Madera,039,155013,19949,19401,1540,20941,252
2021-09-09,Marin,041,260295,16587,16416,387,16803,242
2021-09-09,Mariposa,043,17540,841,779,23,802,5
2021-09-09,Mendocino,045,87422,6391,6089,266,6355,61
2021-09-09,Merced,047,269075,37395,36634,1384,38018,516
2021-09-09,Modoc,049,8938,463,448,159,607,5
2021-09-09,Mono,051,14174,1443,1420,14,1434,3
2021-09-09,Monterey,053,433212,46269,45991,2972,48963,556
2021-09-09,Napa,055,140530,12068,11878,78,11956,90
2021-09-09,Nevada,057,99092,8064,7855,272,8127,82
2021-09-09,Orange,059,3164182,292441,289109,14219,303328,5299
2021-09-09,Placer,061,380077,32777,32048,3126,35174,342
2021-09-09,Plumas,063,18699,1163,1098,25,1123,5
2021-09-09,Riverside,065,2383286,338722,334774,16334,351108,4701
2021-09-09,Sacramento,067,1510023,143729,142728,3591,146319,1929
2021-09-09,San Benito,069,59416,6866,6820,145,6965,64
2021-09-09,San Bernardino,071,2135413,334402,331040,10903,341943,5417
2021-09-09,San Diego,073,3302833,346929,342149,20112,362261,3929
2021-09-09,San Francisco,075,870044,48929,48404,2390,50794,597
2021-09-09,San Joaquin,077,732212,91144,89874,4994,94868,1570
2021-09-09,San Luis Obispo,079,281455,26844,26472,1065,27537,296
2021-09-09,San Mateo,081,765935,50622,50143,1190,51333,561
2021-09-09,Santa Barbara,083,443738,41061,40180,1562,41742,490
2021-09-09,Santa Clara,085,1922200,138296,137017,1110,138127,1816
2021-09-09,Santa Cruz,087,273765,18960,18728,1040,19768,210
2021-09-09,Shasta,089,179085,17253,16401,2773,19174,238
2021-09-09,Sierra,091,2930,127,115,15,130,0
2021-09-09,Siskiyou,093,43540,2816,2683,977,3660,35
2021-09-09,Solano,095,438530,42700,42081,1073,43154,303
2021-09-09,Sonoma,097,501317,38584,38171,479,38650,360
2021-09-09,Stanislaus,099,539301,70647,69178,8155,77333,1074
2021-09-09,Sutter,101,95872,12640,12396,216,12612,144
2021-09-09,Tehama,103,63373,6819,6554,1135,7689,75
2021-09-09,Trinity,105,12862,596,523,166,689,6
2021-09-09,Tulare,107,460477,59060,57564,12652,70216,879
2021-09-09,Tuolumne,109,53932,5980,5802,60,5862,89
2021-09-09,Ventura,111,848112,92868,91610,4180,95790,1098
2021-09-09,Yolo,113,214977,18037,17724,936,18660,239
2021-09-09,Yuba,115,75493,8864,8707,197,8904,55
2021-09-08,Alameda,001,1643700,112261,110781,2724,113505,1305
2021-09-08,Alpine,003,1148,98,94,0,94,0
2021-09-08,Amador,005,37829,4796,4693,49,4742,56
2021-09-08,Butte,007,227075,17427,16775,3154,19929,220
2021-09-08,Calaveras,009,45235,3243,3157,25,3182,63
2021-09-08,Colusa,011,21464,2357,2308,525,2833,16
2021-09-08,Contra Costa,013,1133247,92496,91471,1922,93393,900
2021-09-08,Del Norte,015,27424,3238,3085,21,3106,25
2021-09-08,El Dorado,017,186661,14225,13928,1440,15368,119
2021-09-08,Fresno,019,978130,122491,120644,11100,131744,1831
2021-09-08,Glenn,021,27897,3032,2942,861,3803,20
2021-09-08,Humboldt,023,135768,7669,7438,356,7794,52
2021-09-08,Imperial,025,180216,30815,30609,3112,33721,751
2021-09-08,Inyo,027,18085,1602,1580,26,1606,39
2021-09-08,Kern,029,883053,113222,110933,17395,128328,1409
2021-09-08,Kings,031,150075,27868,27235,1663,28898,267
2021-09-08,Lake,033,64148,5841,5618,117,5735,79
2021-09-08,Lassen,035,31185,5994,5848,227,6075,25
2021-09-08,Los Angeles,037,10098052,1371419,1362029,53494,1415523,25533
2021-09-08,Madera,039,155013,19889,19352,1527,20879,252
2021-09-08,Marin,041,260295,16559,16386,386,16772,242
2021-09-08,Mariposa,043,17540,829,777,22,799,5
2021-09-08,Mendocino,045,87422,6346,6069,257,6326,61
2021-09-08,Merced,047,269075,37234,36500,1372,37872,516
2021-09-08,Modoc,049,8938,463,448,159,607,5
2021-09-08,Mono,051,14174,1440,1418,14,1432,3
2021-09-08,Monterey,053,433212,46231,45959,2954,48913,554
2021-09-08,Napa,055,140530,12033,11842,76,11918,90
2021-09-08,Nevada,057,99092,8028,7843,271,8114,82
2021-09-08,Orange,059,3164182,292039,288511,14194,302705,5290
2021-09-08,Placer,061,380077,32640,31852,3109,34961,337
2021-09-08,Plumas,063,18699,1156,1072,24,1096,5
2021-09-08,Riverside,065,2383286,337963,334037,16306,350343,4683
2021-09-08,Sacramento,067,1510023,143252,142448,3540,145988,1921
2021-09-08,San Benito,069,59416,6849,6800,144,6944,64
2021-09-08,San Bernardino,071,2135413,333799,330279,10887,341166,5411
2021-09-08,San Diego,073,3302833,345993,341437,20066,361503,3926
2021-09-08,San Francisco,075,870044,48790,48263,2387,50650,589
2021-09-08,San Joaquin,077,732212,90866,89631,4970,94601,1561
2021-09-08,San Luis Obispo,079,281455,26751,26303,1060,27363,294
2021-09-08,San Mateo,081,765935,50525,50051,1187,51238,561
2021-09-08,Santa Barbara,083,443738,40950,40000,1558,41558,490
2021-09-08,Santa Clara,085,1922200,138066,136836,1104,137940,1810
2021-09-08,Santa Cruz,087,273765,18923,18699,1040,19739,210
2021-09-08,Shasta,089,179085,17098,16227,2729,18956,234
2021-09-08,Sierra,091,2930,127,113,15,128,0
2021-09-08,Siskiyou,093,43540,2783,2643,966,3609,35
2021-09-08,Solano,095,438530,42611,41971,1070,43041,302
2021-09-08,Sonoma,097,501317,38502,38075,478,38553,360
2021-09-08,Stanislaus,099,539301,70402,68945,8118,77063,1074
2021-09-08,Sutter,101,95872,12575,12349,213,12562,144
2021-09-08,Tehama,103,63373,6752,6520,1118,7638,75
2021-09-08,Trinity,105,12862,593,520,162,682,6
2021-09-08,Tulare,107,460477,58736,57425,12595,70020,876
2021-09-08,Tuolumne,109,53932,5947,5783,58,5841,89
2021-09-08,Ventura,111,848112,92718,91345,4162,95507,1096
2021-09-08,Yolo,113,214977,17956,17680,931,18611,239
2021-09-08,Yuba,115,75493,8822,8675,195,8870,55
2021-09-07,Alameda,001,1643700,111959,110550,2717,113267,1301
2021-09-07,Alpine,003,1148,97,94,0,94,0
2021-09-07,Amador,005,37829,4769,4679,49,4728,53
2021-09-07,Butte,007,227075,17271,16723,3118,19841,220
2021-09-07,Calaveras,009,45235,3202,3140,23,3163,63
2021-09-07,Colusa,011,21464,2346,2306,524,2830,16
2021-09-07,Contra Costa,013,1133247,92236,91167,1916,93083,891
2021-09-07,Del Norte,015,27424,3224,3081,21,3102,24
2021-09-07,El Dorado,017,186661,14154,13892,1424,15316,119
2021-09-07,Fresno,019,978130,121943,120268,11047,131315,1828
2021-09-07,Glenn,021,27897,3012,2937,853,3790,20
2021-09-07,Humboldt,023,135768,7609,7397,339,7736,52
2021-09-07,Imperial,025,180216,30776,30584,3104,33688,751
2021-09-07,Inyo,027,18085,1596,1579,25,1604,39
2021-09-07,Kern,029,883053,112791,110674,17229,127903,1408
2021-09-07,Kings,031,150075,27744,27169,1645,28814,267
2021-09-07,Lake,033,64148,5799,5597,109,5706,78
2021-09-07,Lassen,035,31185,5976,5842,221,6063,21
2021-09-07,Los Angeles,037,10098052,1369197,1360407,53395,1413802,25486
2021-09-07,Madera,039,155013,19802,19316,1521,20837,249
2021-09-07,Marin,041,260295,16521,16363,386,16749,242
2021-09-07,Mariposa,043,17540,814,771,22,793,5
2021-09-07,Mendocino,045,87422,6290,6036,246,6282,61
2021-09-07,Merced,047,269075,37060,36400,1367,37767,513
2021-09-07,Modoc,049,8938,461,449,159,608,5
2021-09-07,Mono,051,14174,1431,1416,14,1430,3
2021-09-07,Monterey,053,433212,46165,45911,2923,48834,543
2021-09-07,Napa,055,140530,11992,11814,76,11890,90
2021-09-07,Nevada,057,99092,8000,7829,271,8100,82
2021-09-07,Orange,059,3164182,291613,288225,14163,302388,5274
2021-09-07,Placer,061,380077,32488,31710,3080,34790,337
2021-09-07,Plumas,063,18699,1140,1071,24,1095,5
2021-09-07,Riverside,065,2383286,337177,333390,16287,349677,4666
2021-09-07,Sacramento,067,1510023,142714,142364,3493,145857,1905
2021-09-07,San Benito,069,59416,6831,6786,144,6930,64
2021-09-07,San Bernardino,071,2135413,333060,329962,10859,340821,5407
2021-09-07,San Diego,073,3302833,344983,340709,20002,360711,3922
2021-09-07,San Francisco,075,870044,48652,48175,2379,50554,589
2021-09-07,San Joaquin,077,732212,90532,89468,4955,94423,1548
2021-09-07,San Luis Obispo,079,281455,26633,26253,1051,27304,287
2021-09-07,San Mateo,081,765935,50437,49913,1181,51094,561
2021-09-07,Santa Barbara,083,443738,40825,39957,1553,41510,489
2021-09-07,Santa Clara,085,1922200,137784,136631,1097,137728,1807
2021-09-07,Santa Cruz,087,273765,18874,18669,1037,19706,210
2021-09-07,Shasta,089,179085,16943,16096,2675,18771,226
2021-09-07,Sierra,091,2930,127,111,15,126,0
2021-09-07,Siskiyou,093,43540,2758,2607,948,3555,34
2021-09-07,Solano,095,438530,42491,41862,1066,42928,300
2021-09-07,Sonoma,097,501317,38418,38013,475,38488,358
2021-09-07,Stanislaus,099,539301,70115,68831,8095,76926,1074
2021-09-07,Sutter,101,95872,12501,12310,207,12517,138
2021-09-07,Tehama,103,63373,6700,6482,1097,7579,74
2021-09-07,Trinity,105,12862,587,517,162,679,6
2021-09-07,Tulare,107,460477,58387,57228,12513,69741,874
2021-09-07,Tuolumne,109,53932,5910,5759,58,5817,88
2021-09-07,Ventura,111,848112,92508,91246,4151,95397,1093
2021-09-07,Yolo,113,214977,17887,17653,926,18579,235
2021-09-07,Yuba,115,75493,8779,8642,190,8832,55
2021-09-06,Alameda,001,1643700,111651,110357,2708,113065,1301
2021-09-06,Alpine,003,1148,95,94,0,94,0
2021-09-06,Amador,005,37829,4753,4648,48,4696,53
2021-09-06,Butte,007,227075,17079,16588,3074,19662,218
2021-09-06,Calaveras,009,45235,3184,3122,23,3145,63
2021-09-06,Colusa,011,21464,2339,2306,519,2825,16
2021-09-06,Contra Costa,013,1133247,91943,90971,1906,92877,891
2021-09-06,Del Norte,015,27424,3183,3037,20,3057,24
2021-09-06,El Dorado,017,186661,14086,13848,1408,15256,119
2021-09-06,Fresno,019,978130,121376,119738,10988,130726,1828
2021-09-06,Glenn,021,27897,2979,2912,838,3750,20
2021-09-06,Humboldt,023,135768,7532,7320,321,7641,52
2021-09-06,Imperial,025,180216,30713,30576,3099,33675,751
2021-09-06,Inyo,027,18085,1590,1578,10,1588,39
2021-09-06,Kern,029,883053,112284,110347,17036,127383,1408
2021-09-06,Kings,031,150075,27604,27094,1627,28721,264
2021-09-06,Lake,033,64148,5735,5548,102,5650,78
2021-09-06,Lassen,035,31185,5950,5822,210,6032,21
2021-09-06,Los Angeles,037,10098052,1366827,1359348,53276,1412624,25477
2021-09-06,Madera,039,155013,19699,19191,1502,20693,249
2021-09-06,Marin,041,260295,16481,16356,386,16742,242
2021-09-06,Mariposa,043,17540,802,764,22,786,5
2021-09-06,Mendocino,045,87422,6223,5984,232,6216,61
2021-09-06,Merced,047,269075,36843,36300,1358,37658,513
2021-09-06,Modoc,049,8938,458,449,159,608,5
2021-09-06,Mono,051,14174,1428,1416,14,1430,3
2021-09-06,Monterey,053,433212,46101,45833,2878,48711,541
2021-09-06,Napa,055,140530,11949,11792,75,11867,90
2021-09-06,Nevada,057,99092,7952,7748,269,8017,82
2021-09-06,Orange,059,3164182,291118,287948,14109,302057,5274
2021-09-06,Placer,061,380077,32313,31595,3040,34635,337
2021-09-06,Plumas,063,18699,1119,1068,21,1089,5
2021-09-06,Riverside,065,2383286,336359,333052,16266,349318,4666
2021-09-06,Sacramento,067,1510023,142077,141730,3421,145151,1905
2021-09-06,San Benito,069,59416,6808,6777,141,6918,64
2021-09-06,San Bernardino,071,2135413,332178,329693,10828,340521,5398
2021-09-06,San Diego,073,3302833,343967,340222,19906,360128,3922
2021-09-06,San Francisco,075,870044,48518,48120,2373,50493,589
2021-09-06,San Joaquin,077,732212,90190,89293,4930,94223,1548
2021-09-06,San Luis Obispo,079,281455,26505,26183,1048,27231,286
2021-09-06,San Mateo,081,765935,50326,49859,1164,51023,561
2021-09-06,Santa Barbara,083,443738,40696,39876,1544,41420,489
2021-09-06,Santa Clara,085,1922200,137498,136458,1094,137552,1807
2021-09-06,Santa Cruz,087,273765,18822,18615,1034,19649,210
2021-09-06,Shasta,089,179085,16765,15985,2620,18605,226
2021-09-06,Sierra,091,2930,127,109,15,124,0
2021-09-06,Siskiyou,093,43540,2714,2595,914,3509,34
2021-09-06,Solano,095,438530,42352,41774,1060,42834,300
2021-09-06,Sonoma,097,501317,38302,37929,474,38403,358
2021-09-06,Stanislaus,099,539301,69741,68596,8047,76643,1074
2021-09-06,Sutter,101,95872,12439,12238,198,12436,138
2021-09-06,Tehama,103,63373,6638,6413,1070,7483,74
2021-09-06,Trinity,105,12862,584,515,160,675,6
2021-09-06,Tulare,107,460477,58033,57068,12432,69500,874
2021-09-06,Tuolumne,109,53932,5875,5697,58,5755,88
2021-09-06,Ventura,111,848112,92334,91132,4140,95272,1093
2021-09-06,Yolo,113,214977,17805,17576,920,18496,235
2021-09-06,Yuba,115,75493,8729,8584,186,8770,55
2021-09-05,Alameda,001,1643700,111461,110173,2705,112878,1301
2021-09-05,Alpine,003,1148,95,94,0,94,0
2021-09-05,Amador,005,37829,4741,4642,48,4690,53
2021-09-05,Butte,007,227075,16989,16504,3046,19550,218
2021-09-05,Calaveras,009,45235,3177,3106,23,3129,63
2021-09-05,Colusa,011,21464,2331,2305,517,2822,16
2021-09-05,Contra Costa,013,1133247,91759,90862,1900,92762,891
2021-09-05,Del Norte,015,27424,3162,3023,20,3043,24
2021-09-05,El Dorado,017,186661,14057,13827,1394,15221,119
2021-09-05,Fresno,019,978130,121079,119384,10954,130338,1828
2021-09-05,Glenn,021,27897,2971,2899,835,3734,20
2021-09-05,Humboldt,023,135768,7499,7312,318,7630,52
2021-09-05,Imperial,025,180216,30684,30548,3097,33645,751
2021-09-05,Inyo,027,18085,1587,1572,10,1582,39
2021-09-05,Kern,029,883053,111988,110073,16871,126944,1408
2021-09-05,Kings,031,150075,27527,26989,1623,28612,264
2021-09-05,Lake,033,64148,5715,5525,102,5627,78
2021-09-05,Lassen,035,31185,5928,5820,206,6026,21
2021-09-05,Los Angeles,037,10098052,1365545,1357748,53200,1410948,25465
2021-09-05,Madera,039,155013,19656,19155,1493,20648,249
2021-09-05,Marin,041,260295,16462,16342,385,16727,242
2021-09-05,Mariposa,043,17540,798,761,22,783,5
2021-09-05,Mendocino,045,87422,6189,5965,232,6197,61
2021-09-05,Merced,047,269075,36767,36243,1357,37600,513
2021-09-05,Modoc,049,8938,458,447,159,606,5
2021-09-05,Mono,051,14174,1428,1416,14,1430,3
2021-09-05,Monterey,053,433212,46077,45795,2865,48660,540
2021-09-05,Napa,055,140530,11924,11770,75,11845,90
2021-09-05,Nevada,057,99092,7930,7722,268,7990,82
2021-09-05,Orange,059,3164182,290832,287614,14092,301706,5274
2021-09-05,Placer,061,380077,32185,31487,3026,34513,337
2021-09-05,Plumas,063,18699,1113,1067,21,1088,5
2021-09-05,Riverside,065,2383286,335908,332604,16255,348859,4654
2021-09-05,Sacramento,067,1510023,141644,141276,3399,144675,1905
2021-09-05,San Benito,069,59416,6807,6764,141,6905,64
2021-09-05,San Bernardino,071,2135413,331795,329062,10813,339875,5392
2021-09-05,San Diego,073,3302833,343409,339427,19870,359297,3914
2021-09-05,San Francisco,075,870044,48440,48035,2368,50403,589
2021-09-05,San Joaquin,077,732212,90026,89121,4913,94034,1548
2021-09-05,San Luis Obispo,079,281455,26457,26098,1047,27145,285
2021-09-05,San Mateo,081,765935,50262,49809,1158,50967,561
2021-09-05,Santa Barbara,083,443738,40629,39762,1542,41304,489
2021-09-05,Santa Clara,085,1922200,137290,136146,1092,137238,1807
2021-09-05,Santa Cruz,087,273765,18802,18588,1032,19620,210
2021-09-05,Shasta,089,179085,16683,15960,2594,18554,226
2021-09-05,Sierra,091,2930,126,109,15,124,0
2021-09-05,Siskiyou,093,43540,2698,2585,899,3484,34
2021-09-05,Solano,095,438530,42257,41687,1055,42742,300
2021-09-05,Sonoma,097,501317,38221,37881,473,38354,358
2021-09-05,Stanislaus,099,539301,69592,68434,8023,76457,1074
2021-09-05,Sutter,101,95872,12409,12179,192,12371,138
2021-09-05,Tehama,103,63373,6613,6400,1064,7464,74
2021-09-05,Trinity,105,12862,577,505,159,664,6
2021-09-05,Tulare,107,460477,57866,56915,12387,69302,874
2021-09-05,Tuolumne,109,53932,5863,5688,58,5746,88
2021-09-05,Ventura,111,848112,92199,91004,4136,95140,1093
2021-09-05,Yolo,113,214977,17770,17557,914,18471,235
2021-09-05,Yuba,115,75493,8704,8521,184,8705,55
2021-09-04,Alameda,001,1643700,111337,109944,2698,112642,1301
2021-09-04,Alpine,003,1148,95,94,0,94,0
2021-09-04,Amador,005,37829,4723,4637,47,4684,53
2021-09-04,Butte,007,227075,16932,16403,3030,19433,218
2021-09-04,Calaveras,009,45235,3166,3087,22,3109,63
2021-09-04,Colusa,011,21464,2329,2301,517,2818,16
2021-09-04,Contra Costa,013,1133247,91646,90623,1897,92520,891
2021-09-04,Del Norte,015,27424,3151,2984,20,3004,24
2021-09-04,El Dorado,017,186661,14031,13782,1386,15168,119
2021-09-04,Fresno,019,978130,120886,119033,10938,129971,1828
2021-09-04,Glenn,021,27897,2966,2878,831,3709,20
2021-09-04,Humboldt,023,135768,7468,7298,312,7610,52
2021-09-04,Imperial,025,180216,30661,30526,3095,33621,751
2021-09-04,Inyo,027,18085,1585,1571,10,1581,39
2021-09-04,Kern,029,883053,111743,109751,16740,126491,1408
2021-09-04,Kings,031,150075,27439,26896,1617,28513,263
2021-09-04,Lake,033,64148,5697,5507,102,5609,78
2021-09-04,Lassen,035,31185,5913,5814,198,6012,21
2021-09-04,Los Angeles,037,10098052,1364605,1355634,53138,1408772,25454
2021-09-04,Madera,039,155013,19623,19112,1487,20599,249
2021-09-04,Marin,041,260295,16446,16319,384,16703,242
2021-09-04,Mariposa,043,17540,793,759,22,781,5
2021-09-04,Mendocino,045,87422,6153,5933,232,6165,61
2021-09-04,Merced,047,269075,36722,36083,1354,37437,513
2021-09-04,Modoc,049,8938,458,447,159,606,5
2021-09-04,Mono,051,14174,1428,1417,14,1431,3
2021-09-04,Monterey,053,433212,46055,45756,2852,48608,540
2021-09-04,Napa,055,140530,11899,11760,73,11833,90
2021-09-04,Nevada,057,99092,7915,7691,267,7958,82
2021-09-04,Orange,059,3164182,290570,287244,14071,301315,5274
2021-09-04,Placer,061,380077,32080,31374,3009,34383,337
2021-09-04,Plumas,063,18699,1105,1067,21,1088,5
2021-09-04,Riverside,065,2383286,335438,331958,16243,348201,4654
2021-09-04,Sacramento,067,1510023,141352,140735,3390,144125,1896
2021-09-04,San Benito,069,59416,6798,6758,141,6899,64
2021-09-04,San Bernardino,071,2135413,331463,328425,10800,339225,5393
2021-09-04,San Diego,073,3302833,342975,338748,19848,358596,3914
2021-09-04,San Francisco,075,870044,48369,47937,2355,50292,589
2021-09-04,San Joaquin,077,732212,89911,88846,4903,93749,1548
2021-09-04,San Luis Obispo,079,281455,26426,26020,1047,27067,285
2021-09-04,San Mateo,081,765935,50215,49721,1149,50870,560
2021-09-04,Santa Barbara,083,443738,40563,39667,1540,41207,489
2021-09-04,Santa Clara,085,1922200,137105,135845,1089,136934,1806
2021-09-04,Santa Cruz,087,273765,18784,18579,1028,19607,210
2021-09-04,Shasta,089,179085,16606,15924,2568,18492,226
2021-09-04,Sierra,091,2930,124,108,15,123,0
2021-09-04,Siskiyou,093,43540,2673,2563,887,3450,34
2021-09-04,Solano,095,438530,42184,41614,1053,42667,300
2021-09-04,Sonoma,097,501317,38188,37809,473,38282,358
2021-09-04,Stanislaus,099,539301,69434,68210,7999,76209,1074
2021-09-04,Sutter,101,95872,12368,12137,191,12328,138
2021-09-04,Tehama,103,63373,6588,6367,1046,7413,74
2021-09-04,Trinity,105,12862,575,497,159,656,6
2021-09-04,Tulare,107,460477,57759,56719,12344,69063,874
2021-09-04,Tuolumne,109,53932,5845,5667,56,5723,88
2021-09-04,Ventura,111,848112,92064,90904,4133,95037,1090
2021-09-04,Yolo,113,214977,17736,17522,910,18432,235
2021-09-04,Yuba,115,75493,8676,8475,183,8658,55
2021-09-03,Alameda,001,1643700,111194,109636,2697,112333,1301
2021-09-03,Alpine,003,1148,95,94,0,94,0
2021-09-03,Amador,005,37829,4701,4614,47,4661,53
2021-09-03,Butte,007,227075,16842,16259,3004,19263,215
2021-09-03,Calaveras,009,45235,3156,3069,22,3091,63
2021-09-03,Colusa,011,21464,2324,2295,516,2811,16
2021-09-03,Contra Costa,013,1133247,91495,90299,1894,92193,886
2021-09-03,Del Norte,015,27424,3123,2943,19,2962,24
2021-09-03,El Dorado,017,186661,13998,13710,1382,15092,119
2021-09-03,Fresno,019,978130,120554,118508,10923,129431,1822
2021-09-03,Glenn,021,27897,2960,2867,824,3691,20
2021-09-03,Humboldt,023,135768,7444,7194,307,7501,52
2021-09-03,Imperial,025,180216,30638,30475,3090,33565,751
2021-09-03,Inyo,027,18085,1580,1567,10,1577,39
2021-09-03,Kern,029,883053,111529,109296,16625,125921,1407
2021-09-03,Kings,031,150075,27357,26753,1612,28365,263
2021-09-03,Lake,033,64148,5677,5479,100,5579,78
2021-09-03,Lassen,035,31185,5896,5789,193,5982,21
2021-09-03,Los Angeles,037,10098052,1363279,1351185,53071,1404256,25384
2021-09-03,Madera,039,155013,19540,19021,1480,20501,247
2021-09-03,Marin,041,260295,16424,16293,383,16676,242
2021-09-03,Mariposa,043,17540,785,753,22,775,5
2021-09-03,Mendocino,045,87422,6118,5891,231,6122,61
2021-09-03,Merced,047,269075,36668,35941,1345,37286,512
2021-09-03,Modoc,049,8938,458,445,159,604,5
2021-09-03,Mono,051,14174,1427,1410,14,1424,3
2021-09-03,Monterey,053,433212,46028,45707,2837,48544,540
2021-09-03,Napa,055,140530,11878,11733,73,11806,89
2021-09-03,Nevada,057,99092,7883,7632,266,7898,82
2021-09-03,Orange,059,3164182,290251,286818,14042,300860,5253
2021-09-03,Placer,061,380077,31974,31238,2984,34222,335
2021-09-03,Plumas,063,18699,1095,1057,21,1078,5
2021-09-03,Riverside,065,2383286,334906,331011,16227,347238,4653
2021-09-03,Sacramento,067,1510023,140983,139982,3371,143353,1886
2021-09-03,San Benito,069,59416,6792,6746,141,6887,64
2021-09-03,San Bernardino,071,2135413,331056,327599,10790,338389,5381
2021-09-03,San Diego,073,3302833,342353,337627,19817,357444,3911
2021-09-03,San Francisco,075,870044,48296,47822,2346,50168,589
2021-09-03,San Joaquin,077,732212,89758,88366,4895,93261,1540
2021-09-03,San Luis Obispo,079,281455,26351,25917,1045,26962,283
2021-09-03,San Mateo,081,765935,50134,49617,1134,50751,560
2021-09-03,Santa Barbara,083,443738,40497,39507,1537,41044,489
2021-09-03,Santa Clara,085,1922200,136899,135522,1085,136607,1801
2021-09-03,Santa Cruz,087,273765,18759,18532,1028,19560,210
2021-09-03,Shasta,089,179085,16531,15778,2544,18322,226
2021-09-03,Sierra,091,2930,122,105,15,120,0
2021-09-03,Siskiyou,093,43540,2660,2529,873,3402,34
2021-09-03,Solano,095,438530,42109,41457,1050,42507,300
2021-09-03,Sonoma,097,501317,38126,37699,473,38172,358
2021-09-03,Stanislaus,099,539301,69258,67887,7972,75859,1074
2021-09-03,Sutter,101,95872,12329,12073,190,12263,139
2021-09-03,Tehama,103,63373,6550,6334,1038,7372,72
2021-09-03,Trinity,105,12862,574,490,154,644,6
2021-09-03,Tulare,107,460477,57632,56401,12291,68692,872
2021-09-03,Tuolumne,109,53932,5803,5630,56,5686,88
2021-09-03,Ventura,111,848112,91930,90742,4129,94871,1088
2021-09-03,Yolo,113,214977,17713,17446,904,18350,235
2021-09-03,Yuba,115,75493,8645,8412,182,8594,55
2021-09-02,Alameda,001,1643700,110940,109377,2693,112070,1301
2021-09-02,Alpine,003,1148,94,92,0,92,0
2021-09-02,Amador,005,37829,4685,4606,47,4653,53
2021-09-02,Butte,007,227075,16718,16154,2984,19138,215
2021-09-02,Calaveras,009,45235,3145,3042,21,3063,62
2021-09-02,Colusa,011,21464,2321,2290,514,2804,16
2021-09-02,Contra Costa,013,1133247,91315,90038,1886,91924,886
2021-09-02,Del Norte,015,27424,3092,2891,19,2910,24
2021-09-02,El Dorado,017,186661,13940,13641,1354,14995,119
2021-09-02,Fresno,019,978130,120068,117974,10886,128860,1804
2021-09-02,Glenn,021,27897,2937,2855,819,3674,20
2021-09-02,Humboldt,023,135768,7397,7141,295,7436,52
2021-09-02,Imperial,025,180216,30594,30449,3086,33535,751
2021-09-02,Inyo,027,18085,1575,1564,9,1573,39
2021-09-02,Kern,029,883053,111118,108930,16478,125408,1404
2021-09-02,Kings,031,150075,27265,26638,1602,28240,263
2021-09-02,Lake,033,64148,5647,5432,95,5527,78
2021-09-02,Lassen,035,31185,5882,5747,186,5933,21
2021-09-02,Los Angeles,037,10098052,1361425,1351105,52977,1404082,25382
2021-09-02,Madera,039,155013,19449,18937,1464,20401,247
2021-09-02,Marin,041,260295,16411,16244,381,16625,242
2021-09-02,Mariposa,043,17540,779,745,19,764,5
2021-09-02,Mendocino,045,87422,6077,5848,228,6076,61
2021-09-02,Merced,047,269075,36506,35820,1337,37157,508
2021-09-02,Modoc,049,8938,458,437,159,596,5
2021-09-02,Mono,051,14174,1427,1409,14,1423,3
2021-09-02,Monterey,053,433212,45976,45648,2810,48458,539
2021-09-02,Napa,055,140530,11849,11684,73,11757,88
2021-09-02,Nevada,057,99092,7831,7575,265,7840,82
2021-09-02,Orange,059,3164182,289794,286326,14005,300331,5240
2021-09-02,Placer,061,380077,31837,31067,2954,34021,330
2021-09-02,Plumas,063,18699,1084,1045,20,1065,5
2021-09-02,Riverside,065,2383286,334194,330190,16201,346391,4644
2021-09-02,Sacramento,067,1510023,140402,139274,3331,142605,1882
2021-09-02,San Benito,069,59416,6787,6734,140,6874,64
2021-09-02,San Bernardino,071,2135413,330449,326940,10715,337655,5369
2021-09-02,San Diego,073,3302833,341385,336382,19765,356147,3909
2021-09-02,San Francisco,075,870044,48189,47674,2340,50014,587
2021-09-02,San Joaquin,077,732212,89473,88056,4870,92926,1540
2021-09-02,San Luis Obispo,079,281455,26268,25851,1040,26891,283
2021-09-02,San Mateo,081,765935,50045,49490,1120,50610,558
2021-09-02,Santa Barbara,083,443738,40407,39386,1523,40909,486
2021-09-02,Santa Clara,085,1922200,136599,135216,1080,136296,1799
2021-09-02,Santa Cruz,087,273765,18726,18473,1026,19499,210
2021-09-02,Shasta,089,179085,16393,15670,2513,18183,224
2021-09-02,Sierra,091,2930,122,105,15,120,0
2021-09-02,Siskiyou,093,43540,2641,2513,843,3356,34
2021-09-02,Solano,095,438530,42003,41293,1047,42340,294
2021-09-02,Sonoma,097,501317,38048,37558,473,38031,352
2021-09-02,Stanislaus,099,539301,69001,67576,7950,75526,1074
2021-09-02,Sutter,101,95872,12259,11995,186,12181,138
2021-09-02,Tehama,103,63373,6491,6265,1019,7284,72
2021-09-02,Trinity,105,12862,570,484,152,636,6
2021-09-02,Tulare,107,460477,57405,56105,12236,68341,872
2021-09-02,Tuolumne,109,53932,5748,5578,56,5634,88
2021-09-02,Ventura,111,848112,91748,90610,4124,94734,1084
2021-09-02,Yolo,113,214977,17644,17357,893,18250,235
2021-09-02,Yuba,115,75493,8586,8363,182,8545,55
2021-09-01,Alameda,001,1643700,110671,109075,2688,111763,1299
2021-09-01,Alpine,003,1148,94,92,0,92,0
2021-09-01,Amador,005,37829,4669,4599,46,4645,53
2021-09-01,Butte,007,227075,16604,16046,2958,19004,215
2021-09-01,Calaveras,009,45235,3131,3023,21,3044,59
2021-09-01,Colusa,011,21464,2316,2281,514,2795,16
2021-09-01,Contra Costa,013,1133247,91088,89834,1875,91709,877
2021-09-01,Del Norte,015,27424,3059,2860,19,2879,24
2021-09-01,El Dorado,017,186661,13884,13577,1326,14903,119
2021-09-01,Fresno,019,978130,119582,117492,10835,128327,1800
2021-09-01,Glenn,021,27897,2910,2846,809,3655,20
2021-09-01,Humboldt,023,135768,7349,7090,288,7378,52
2021-09-01,Imperial,025,180216,30557,30393,3082,33475,750
2021-09-01,Inyo,027,18085,1572,1561,7,1568,39
2021-09-01,Kern,029,883053,110696,108449,16334,124783,1400
2021-09-01,Kings,031,150075,27152,26443,1590,28033,263
2021-09-01,Lake,033,64148,5605,5396,90,5486,77
2021-09-01,Lassen,035,31185,5860,5731,182,5913,21
2021-09-01,Los Angeles,037,10098052,1359206,1348589,52865,1401454,25341
2021-09-01,Madera,039,155013,19371,18852,1450,20302,247
2021-09-01,Marin,041,260295,16389,16224,376,16600,240
2021-09-01,Mariposa,043,17540,771,735,19,754,5
2021-09-01,Mendocino,045,87422,6037,5821,223,6044,59
2021-09-01,Merced,047,269075,36329,35686,1328,37014,500
2021-09-01,Modoc,049,8938,452,436,157,593,5
2021-09-01,Mono,051,14174,1427,1400,14,1414,3
2021-09-01,Monterey,053,433212,45907,45590,2784,48374,539
2021-09-01,Napa,055,140530,11818,11653,73,11726,88
2021-09-01,Nevada,057,99092,7778,7508,264,7772,82
2021-09-01,Orange,059,3164182,289323,285840,13964,299804,5233
2021-09-01,Placer,061,380077,31683,30902,2940,33842,330
2021-09-01,Plumas,063,18699,1076,1033,20,1053,5
2021-09-01,Riverside,065,2383286,333382,329388,16168,345556,4634
2021-09-01,Sacramento,067,1510023,139791,138499,3285,141784,1875
2021-09-01,San Benito,069,59416,6770,6716,140,6856,64
2021-09-01,San Bernardino,071,2135413,329804,326250,10685,336935,5364
2021-09-01,San Diego,073,3302833,340344,335302,19716,355018,3908
2021-09-01,San Francisco,075,870044,48083,47538,2330,49868,584
2021-09-01,San Joaquin,077,732212,89152,87640,4846,92486,1540
2021-09-01,San Luis Obispo,079,281455,26172,25691,1035,26726,283
2021-09-01,San Mateo,081,765935,49938,49394,1106,50500,558
2021-09-01,Santa Barbara,083,443738,40291,39263,1506,40769,483
2021-09-01,Santa Clara,085,1922200,136335,134855,1075,135930,1796
2021-09-01,Santa Cruz,087,273765,18679,18453,1024,19477,210
2021-09-01,Shasta,089,179085,16261,15552,2470,18022,221
2021-09-01,Sierra,091,2930,121,98,15,113,0
2021-09-01,Siskiyou,093,43540,2612,2482,822,3304,34
2021-09-01,Solano,095,438530,41858,41194,1042,42236,293
2021-09-01,Sonoma,097,501317,37955,37454,472,37926,352
2021-09-01,Stanislaus,099,539301,68710,67287,7920,75207,1075
2021-09-01,Sutter,101,95872,12195,11945,179,12124,136
2021-09-01,Tehama,103,63373,6457,6228,1002,7230,72
2021-09-01,Trinity,105,12862,569,482,149,631,5
2021-09-01,Tulare,107,460477,57123,55768,12200,67968,870
2021-09-01,Tuolumne,109,53932,5708,5553,56,5609,88
2021-09-01,Ventura,111,848112,91533,90471,4108,94579,1089
2021-09-01,Yolo,113,214977,17591,17264,886,18150,235
2021-09-01,Yuba,115,75493,8524,8308,182,8490,55
2021-08-31,Alameda,001,1643700,110369,108837,2681,111518,1297
2021-08-31,Alpine,003,1148,92,92,0,92,0
2021-08-31,Amador,005,37829,4648,4555,46,4601,53
2021-08-31,Butte,007,227075,16466,15896,2915,18811,216
2021-08-31,Calaveras,009,45235,3093,3008,21,3029,59
2021-08-31,Colusa,011,21464,2314,2275,512,2787,16
2021-08-31,Contra Costa,013,1133247,90795,89546,1864,91410,871
2021-08-31,Del Norte,015,27424,3022,2830,19,2849,19
2021-08-31,El Dorado,017,186661,13814,13539,1308,14847,119
2021-08-31,Fresno,019,978130,119012,117155,10769,127924,1801
2021-08-31,Glenn,021,27897,2894,2829,795,3624,20
2021-08-31,Humboldt,023,135768,7273,7030,274,7304,52
2021-08-31,Imperial,025,180216,30520,30348,3074,33422,750
2021-08-31,Inyo,027,18085,1568,1550,7,1557,39
2021-08-31,Kern,029,883053,110196,108151,16151,124302,1393
2021-08-31,Kings,031,150075,27012,26405,1575,27980,260
2021-08-31,Lake,033,64148,5561,5359,87,5446,74
2021-08-31,Lassen,035,31185,5834,5702,179,5881,21
2021-08-31,Los Angeles,037,10098052,1356704,1346686,52783,1399469,25303
2021-08-31,Madera,039,155013,19280,18811,1434,20245,247
2021-08-31,Marin,041,260295,16360,16215,373,16588,240
2021-08-31,Mariposa,043,17540,763,732,19,751,5
2021-08-31,Mendocino,045,87422,5997,5777,221,5998,59
2021-08-31,Merced,047,269075,36159,35512,1323,36835,498
2021-08-31,Modoc,049,8938,451,436,157,593,5
2021-08-31,Mono,051,14174,1411,1398,14,1412,3
2021-08-31,Monterey,053,433212,45843,45550,2751,48301,539
2021-08-31,Napa,055,140530,11771,11618,73,11691,88
2021-08-31,Nevada,057,99092,7711,7460,264,7724,82
2021-08-31,Orange,059,3164182,288726,285310,13926,299236,5229
2021-08-31,Placer,061,380077,31498,30745,2901,33646,325
2021-08-31,Plumas,063,18699,1072,1018,19,1037,5
2021-08-31,Riverside,065,2383286,332409,328556,16135,344691,4627
2021-08-31,Sacramento,067,1510023,139123,137879,3245,141124,1863
2021-08-31,San Benito,069,59416,6758,6694,138,6832,64
2021-08-31,San Bernardino,071,2135413,329064,325446,10665,336111,5350
2021-08-31,San Diego,073,3302833,339075,334377,19668,354045,3888
2021-08-31,San Francisco,075,870044,47944,47440,2307,49747,581
2021-08-31,San Joaquin,077,732212,88709,87365,4831,92196,1540
2021-08-31,San Luis Obispo,079,281455,26048,25518,1031,26549,282
2021-08-31,San Mateo,081,765935,49833,49299,1099,50398,556
2021-08-31,Santa Barbara,083,443738,40145,39091,1498,40589,481
2021-08-31,Santa Clara,085,1922200,135986,134637,1071,135708,1793
2021-08-31,Santa Cruz,087,273765,18638,18419,1021,19440,210
2021-08-31,Shasta,089,179085,16108,15368,2442,17810,220
2021-08-31,Sierra,091,2930,118,95,15,110,0
2021-08-31,Siskiyou,093,43540,2592,2435,807,3242,33
2021-08-31,Solano,095,438530,41726,41067,1035,42102,289
2021-08-31,Sonoma,097,501317,37861,37379,471,37850,352
2021-08-31,Stanislaus,099,539301,68346,67004,7886,74890,1075
2021-08-31,Sutter,101,95872,12129,11901,175,12076,136
2021-08-31,Tehama,103,63373,6397,6169,971,7140,72
2021-08-31,Trinity,105,12862,563,480,149,629,3
2021-08-31,Tulare,107,460477,56790,55567,12127,67694,870
2021-08-31,Tuolumne,109,53932,5672,5516,56,5572,88
2021-08-31,Ventura,111,848112,91317,90292,4094,94386,1081
2021-08-31,Yolo,113,214977,17511,17205,877,18082,234
2021-08-31,Yuba,115,75493,8471,8253,182,8435,54
2021-08-30,Alameda,001,1643700,110045,107734,2670,110404,1296
2021-08-30,Alpine,003,1148,92,92,0,92,0
2021-08-30,Amador,005,37829,4637,4507,46,4553,53
2021-08-30,Butte,007,227075,16315,15719,2882,18601,214
2021-08-30,Calaveras,009,45235,3074,2975,21,2996,59
2021-08-30,Colusa,011,21464,2305,2271,508,2779,16
2021-08-30,Contra Costa,013,1133247,90538,87679,1853,89532,872
2021-08-30,Del Norte,015,27424,2980,2796,18,2814,11
2021-08-30,El Dorado,017,186661,13745,13217,1291,14508,119
2021-08-30,Fresno,019,978130,118450,115867,10709,126576,1790
2021-08-30,Glenn,021,27897,2883,2804,792,3596,20
2021-08-30,Humboldt,023,135768,7219,6930,267,7197,52
2021-08-30,Imperial,025,180216,30482,30311,3069,33380,750
2021-08-30,Inyo,027,18085,1563,1544,7,1551,39
2021-08-30,Kern,029,883053,109722,107615,15981,123596,1389
2021-08-30,Kings,031,150075,26897,26236,1559,27795,259
2021-08-30,Lake,033,64148,5527,5323,83,5406,74
2021-08-30,Lassen,035,31185,5812,5667,173,5840,21
2021-08-30,Los Angeles,037,10098052,1354262,1344949,52692,1397641,25269
2021-08-30,Madera,039,155013,19199,18622,1417,20039,247
2021-08-30,Marin,041,260295,16329,16160,373,16533,240
2021-08-30,Mariposa,043,17540,757,715,18,733,5
2021-08-30,Mendocino,045,87422,5964,5721,217,5938,55
2021-08-30,Merced,047,269075,36029,35335,1321,36656,497
2021-08-30,Modoc,049,8938,449,436,156,592,5
2021-08-30,Mono,051,14174,1411,1390,14,1404,3
2021-08-30,Monterey,053,433212,45789,45463,2725,48188,539
2021-08-30,Napa,055,140530,11721,11579,71,11650,87
2021-08-30,Nevada,057,99092,7652,7356,261,7617,82
2021-08-30,Orange,059,3164182,288155,284750,13872,298622,5223
2021-08-30,Placer,061,380077,31337,29825,2876,32701,319
2021-08-30,Plumas,063,18699,1055,998,19,1017,5
2021-08-30,Riverside,065,2383286,331512,327593,16104,343697,4623
2021-08-30,Sacramento,067,1510023,138473,134571,3194,137765,1847
2021-08-30,San Benito,069,59416,6749,6663,138,6801,64
2021-08-30,San Bernardino,071,2135413,328387,324870,10635,335505,5348
2021-08-30,San Diego,073,3302833,337795,333011,19597,352608,3885
2021-08-30,San Francisco,075,870044,47809,46966,2289,49255,581
2021-08-30,San Joaquin,077,732212,88379,86203,4811,91014,1528
2021-08-30,San Luis Obispo,079,281455,25922,25422,1024,26446,280
2021-08-30,San Mateo,081,765935,49719,48839,1082,49921,554
2021-08-30,Santa Barbara,083,443738,39998,38998,1492,40490,481
2021-08-30,Santa Clara,085,1922200,135663,133281,1063,134344,1789
2021-08-30,Santa Cruz,087,273765,18583,18326,1017,19343,210
2021-08-30,Shasta,089,179085,15978,15238,2398,17636,217
2021-08-30,Sierra,091,2930,116,91,15,106,0
2021-08-30,Siskiyou,093,43540,2579,2411,796,3207,33
2021-08-30,Solano,095,438530,41586,39986,1031,41017,290
2021-08-30,Sonoma,097,501317,37758,36764,471,37235,352
2021-08-30,Stanislaus,099,539301,68003,66173,7857,74030,1074
2021-08-30,Sutter,101,95872,12058,11791,168,11959,136
2021-08-30,Tehama,103,63373,6319,6085,945,7030,71
2021-08-30,Trinity,105,12862,553,468,146,614,3
2021-08-30,Tulare,107,460477,56478,55140,12048,67188,870
2021-08-30,Tuolumne,109,53932,5626,5492,56,5548,74
2021-08-30,Ventura,111,848112,91101,90149,4082,94231,1082
2021-08-30,Yolo,113,214977,17448,17071,873,17944,231
2021-08-30,Yuba,115,75493,8397,8129,181,8310,54
2021-08-29,Alameda,001,1643700,109708,107494,2655,110149,1296
2021-08-29,Alpine,003,1148,92,92,0,92,0
2021-08-29,Amador,005,37829,4623,4501,46,4547,53
2021-08-29,Butte,007,227075,16146,15602,2845,18447,214
2021-08-29,Calaveras,009,45235,3040,2970,21,2991,59
2021-08-29,Colusa,011,21464,2295,2260,502,2762,16
2021-08-29,Contra Costa,013,1133247,90241,87439,1849,89288,872
2021-08-29,Del Norte,015,27424,2938,2752,17,2769,11
2021-08-29,El Dorado,017,186661,13690,13166,1280,14446,119
2021-08-29,Fresno,019,978130,117861,115502,10654,126156,1790
2021-08-29,Glenn,021,27897,2867,2778,786,3564,20
2021-08-29,Humboldt,023,135768,7175,6922,252,7174,52
2021-08-29,Imperial,025,180216,30421,30293,3059,33352,750
2021-08-29,Inyo,027,18085,1553,1543,6,1549,39
2021-08-29,Kern,029,883053,109279,107324,15804,123128,1389
2021-08-29,Kings,031,150075,26745,26143,1543,27686,259
2021-08-29,Lake,033,64148,5487,5293,73,5366,74
2021-08-29,Lassen,035,31185,5789,5666,169,5835,21
2021-08-29,Los Angeles,037,10098052,1351517,1342541,52574,1395115,25263
2021-08-29,Madera,039,155013,19112,18594,1401,19995,247
2021-08-29,Marin,041,260295,16299,16134,370,16504,240
2021-08-29,Mariposa,043,17540,751,709,17,726,5
2021-08-29,Mendocino,045,87422,5908,5689,204,5893,55
2021-08-29,Merced,047,269075,35791,35250,1309,36559,497
2021-08-29,Modoc,049,8938,446,436,156,592,5
2021-08-29,Mono,051,14174,1405,1387,14,1401,3
2021-08-29,Monterey,053,433212,45706,45424,2680,48104,539
2021-08-29,Napa,055,140530,11690,11552,71,11623,87
2021-08-29,Nevada,057,99092,7596,7294,260,7554,82
2021-08-29,Orange,059,3164182,287542,284432,13830,298262,5223
2021-08-29,Placer,061,380077,31164,29674,2835,32509,319
2021-08-29,Plumas,063,18699,1044,996,19,1015,5
2021-08-29,Riverside,065,2383286,330656,326987,16081,343068,4623
2021-08-29,Sacramento,067,1510023,137730,133981,3144,137125,1843
2021-08-29,San Benito,069,59416,6722,6646,138,6784,64
2021-08-29,San Bernardino,071,2135413,327601,324266,10601,334867,5347
2021-08-29,San Diego,073,3302833,336684,332014,19505,351519,3880
2021-08-29,San Francisco,075,870044,47679,46885,2272,49157,581
2021-08-29,San Joaquin,077,732212,87933,85922,4791,90713,1528
2021-08-29,San Luis Obispo,079,281455,25726,25288,1019,26307,280
2021-08-29,San Mateo,081,765935,49611,48737,1072,49809,554
2021-08-29,Santa Barbara,083,443738,39833,38900,1488,40388,481
2021-08-29,Santa Clara,085,1922200,135313,132979,1058,134037,1789
2021-08-29,Santa Cruz,087,273765,18536,18285,1015,19300,210
2021-08-29,Shasta,089,179085,15825,15198,2371,17569,217
2021-08-29,Sierra,091,2930,114,91,15,106,0
2021-08-29,Siskiyou,093,43540,2533,2407,775,3182,33
2021-08-29,Solano,095,438530,41440,39887,1026,40913,290
2021-08-29,Sonoma,097,501317,37622,36650,467,37117,352
2021-08-29,Stanislaus,099,539301,67658,65956,7823,73779,1074
2021-08-29,Sutter,101,95872,12000,11719,161,11880,136
2021-08-29,Tehama,103,63373,6249,6040,921,6961,71
2021-08-29,Trinity,105,12862,550,468,142,610,3
2021-08-29,Tulare,107,460477,56143,54974,11963,66937,870
2021-08-29,Tuolumne,109,53932,5601,5478,55,5533,74
2021-08-29,Ventura,111,848112,90845,90114,4073,94187,1082
2021-08-29,Yolo,113,214977,17349,17015,861,17876,231
2021-08-29,Yuba,115,75493,8333,8042,181,8223,54
2021-08-28,Alameda,001,1643700,109546,107007,2646,109653,1296
2021-08-28,Alpine,003,1148,92,92,0,92,0
2021-08-28,Amador,005,37829,4604,4484,46,4530,53
2021-08-28,Butte,007,227075,16088,15487,2816,18303,214
2021-08-28,Calaveras,009,45235,3032,2926,21,2947,59
2021-08-28,Colusa,011,21464,2291,2252,500,2752,16
2021-08-28,Contra Costa,013,1133247,90030,86938,1846,88784,872
2021-08-28,Del Norte,015,27424,2911,2734,16,2750,11
2021-08-28,El Dorado,017,186661,13649,13089,1274,14363,119
2021-08-28,Fresno,019,978130,117621,115079,10630,125709,1792
2021-08-28,Glenn,021,27897,2860,2773,779,3552,20
2021-08-28,Humboldt,023,135768,7140,6887,247,7134,52
2021-08-28,Imperial,025,180216,30395,30260,3055,33315,750
2021-08-28,Inyo,027,18085,1551,1539,6,1545,39
2021-08-28,Kern,029,883053,109044,107012,15658,122670,1389
2021-08-28,Kings,031,150075,26678,26059,1540,27599,257
2021-08-28,Lake,033,64148,5464,5267,69,5336,74
2021-08-28,Lassen,035,31185,5774,5665,168,5833,21
2021-08-28,Los Angeles,037,10098052,1350316,1337097,52497,1389594,25234
2021-08-28,Madera,039,155013,19062,18553,1386,19939,247
2021-08-28,Marin,041,260295,16284,16106,370,16476,240
2021-08-28,Mariposa,043,17540,749,704,17,721,5
2021-08-28,Mendocino,045,87422,5883,5658,204,5862,55
2021-08-28,Merced,047,269075,35740,35108,1305,36413,497
2021-08-28,Modoc,049,8938,446,436,155,591,5
2021-08-28,Mono,051,14174,1402,1385,14,1399,3
2021-08-28,Monterey,053,433212,45670,45394,2669,48063,539
2021-08-28,Napa,055,140530,11667,11512,70,11582,88
2021-08-28,Nevada,057,99092,7572,7238,258,7496,82
2021-08-28,Orange,059,3164182,287185,283953,13789,297742,5222
2021-08-28,Placer,061,380077,31054,29428,2822,32250,319
2021-08-28,Plumas,063,18699,1037,991,19,1010,5
2021-08-28,Riverside,065,2383286,330068,326222,16070,342292,4623
2021-08-28,Sacramento,067,1510023,137340,132985,3128,136113,1844
2021-08-28,San Benito,069,59416,6715,6636,138,6774,64
2021-08-28,San Bernardino,071,2135413,327157,323672,10592,334264,5348
2021-08-28,San Diego,073,3302833,336100,331330,19471,350801,3880
2021-08-28,San Francisco,075,870044,47606,46654,2265,48919,581
2021-08-28,San Joaquin,077,732212,87767,85481,4784,90265,1527
2021-08-28,San Luis Obispo,079,281455,25660,25138,1014,26152,280
2021-08-28,San Mateo,081,765935,49541,48575,1064,49639,554
2021-08-28,Santa Barbara,083,443738,39761,38780,1487,40267,481
2021-08-28,Santa Clara,085,1922200,135105,132488,1056,133544,1789
2021-08-28,Santa Cruz,087,273765,18519,18240,1012,19252,210
2021-08-28,Shasta,089,179085,15721,15147,2352,17499,217
2021-08-28,Sierra,091,2930,110,91,15,106,0
2021-08-28,Siskiyou,093,43540,2526,2402,763,3165,33
2021-08-28,Solano,095,438530,41391,39610,1025,40635,290
2021-08-28,Sonoma,097,501317,37549,36466,465,36931,352
2021-08-28,Stanislaus,099,539301,67497,65670,7805,73475,1074
2021-08-28,Sutter,101,95872,11979,11669,160,11829,136
2021-08-28,Tehama,103,63373,6224,6004,908,6912,71
2021-08-28,Trinity,105,12862,546,463,141,604,3
2021-08-28,Tulare,107,460477,56015,54746,11917,66663,870
2021-08-28,Tuolumne,109,53932,5585,5469,55,5524,74
2021-08-28,Ventura,111,848112,90727,89934,4071,94005,1081
2021-08-28,Yolo,113,214977,17314,16907,853,17760,231
2021-08-28,Yuba,115,75493,8300,7985,180,8165,55
2021-08-27,Alameda,001,1643700,109338,106622,2643,109265,1296
2021-08-27,Alpine,003,1148,92,92,0,92,0
2021-08-27,Amador,005,37829,4588,4458,45,4503,53
2021-08-27,Butte,007,227075,16009,15277,2796,18073,214
2021-08-27,Calaveras,009,45235,3018,2903,21,2924,59
2021-08-27,Colusa,011,21464,2285,2240,498,2738,16
2021-08-27,Contra Costa,013,1133247,89833,86386,1844,88230,872
2021-08-27,Del Norte,015,27424,2879,2695,16,2711,11
2021-08-27,El Dorado,017,186661,13610,12968,1270,14238,119
2021-08-27,Fresno,019,978130,117187,114481,10613,125094,1774
2021-08-27,Glenn,021,27897,2845,2754,770,3524,20
2021-08-27,Humboldt,023,135768,7108,6782,243,7025,52
2021-08-27,Imperial,025,180216,30375,30201,3052,33253,750
2021-08-27,Inyo,027,18085,1550,1529,6,1535,39
2021-08-27,Kern,029,883053,108751,106570,15547,122117,1385
2021-08-27,Kings,031,150075,26599,25957,1538,27495,257
2021-08-27,Lake,033,64148,5440,5228,67,5295,74
2021-08-27,Lassen,035,31185,5758,5646,163,5809,21
2021-08-27,Los Angeles,037,10098052,1348804,1337006,52429,1389435,25230
2021-08-27,Madera,039,155013,19006,18476,1373,19849,247
2021-08-27,Marin,041,260295,16268,16055,368,16423,240
2021-08-27,Mariposa,043,17540,743,690,17,707,5
2021-08-27,Mendocino,045,87422,5852,5602,203,5805,55
2021-08-27,Merced,047,269075,35686,34906,1296,36202,495
2021-08-27,Modoc,049,8938,446,434,155,589,5
2021-08-27,Mono,051,14174,1393,1385,14,1399,3
2021-08-27,Monterey,053,433212,45631,45337,2652,47989,539
2021-08-27,Napa,055,140530,11633,11460,70,11530,87
2021-08-27,Nevada,057,99092,7532,7169,256,7425,82
2021-08-27,Orange,059,3164182,286828,283407,13751,297158,5206
2021-08-27,Placer,061,380077,30924,29157,2802,31959,320
2021-08-27,Plumas,063,18699,1031,984,19,1003,5
2021-08-27,Riverside,065,2383286,329551,325379,16055,341434,4622
2021-08-27,Sacramento,067,1510023,136904,131921,3115,135036,1838
2021-08-27,San Benito,069,59416,6709,6622,138,6760,64
2021-08-27,San Bernardino,071,2135413,326633,322893,10574,333467,5342
2021-08-27,San Diego,073,3302833,335315,330162,19417,349579,3877
2021-08-27,San Francisco,075,870044,47533,46456,2244,48700,581
2021-08-27,San Joaquin,077,732212,87584,84949,4768,89717,1524
2021-08-27,San Luis Obispo,079,281455,25612,24952,1011,25963,280
2021-08-27,San Mateo,081,765935,49471,48424,1056,49480,553
2021-08-27,Santa Barbara,083,443738,39670,38675,1484,40159,480
2021-08-27,Santa Clara,085,1922200,134875,132011,1053,133064,1783
2021-08-27,Santa Cruz,087,273765,18480,18163,1008,19171,210
2021-08-27,Shasta,089,179085,15640,14996,2336,17332,217
2021-08-27,Sierra,091,2930,109,91,15,106,0
2021-08-27,Siskiyou,093,43540,2511,2358,749,3107,33
2021-08-27,Solano,095,438530,41302,39347,1021,40368,287
2021-08-27,Sonoma,097,501317,37477,36326,464,36790,342
2021-08-27,Stanislaus,099,539301,67287,65167,7766,72933,1061
2021-08-27,Sutter,101,95872,11933,11590,158,11748,135
2021-08-27,Tehama,103,63373,6191,5964,893,6857,71
2021-08-27,Trinity,105,12862,546,458,140,598,3
2021-08-27,Tulare,107,460477,55879,54443,11871,66314,870
2021-08-27,Tuolumne,109,53932,5553,5438,55,5493,74
2021-08-27,Ventura,111,848112,90599,89774,4066,93840,1076
2021-08-27,Yolo,113,214977,17275,16805,848,17653,231
2021-08-27,Yuba,115,75493,8243,7926,180,8106,54
2021-08-26,Alameda,001,1643700,109064,106146,2632,108778,1296
2021-08-26,Alpine,003,1148,92,92,0,92,0
2021-08-26,Amador,005,37829,4573,4442,44,4486,53
2021-08-26,Butte,007,227075,15875,15159,2760,17919,214
2021-08-26,Calaveras,009,45235,3009,2873,21,2894,59
2021-08-26,Colusa,011,21464,2279,2234,494,2728,16
2021-08-26,Contra Costa,013,1133247,89475,85808,1837,87645,866
2021-08-26,Del Norte,015,27424,2843,2625,16,2641,8
2021-08-26,El Dorado,017,186661,13542,12863,1255,14118,118
2021-08-26,Fresno,019,978130,116686,113854,10565,124419,1770
2021-08-26,Glenn,021,27897,2827,2740,762,3502,20
2021-08-26,Humboldt,023,135768,7050,6695,233,6928,53
2021-08-26,Imperial,025,180216,30326,30121,3044,33165,748
2021-08-26,Inyo,027,18085,1540,1521,5,1526,39
2021-08-26,Kern,029,883053,108326,106051,15399,121450,1380
2021-08-26,Kings,031,150075,26476,25838,1530,27368,260
2021-08-26,Lake,033,64148,5394,5196,64,5260,74
2021-08-26,Lassen,035,31185,5746,5626,161,5787,21
2021-08-26,Los Angeles,037,10098052,1346558,1334372,52327,1386699,25199
2021-08-26,Madera,039,155013,18936,18393,1361,19754,247
2021-08-26,Marin,041,260295,16239,15983,365,16348,240
2021-08-26,Mariposa,043,17540,733,677,17,694,5
2021-08-26,Mendocino,045,87422,5816,5533,198,5731,55
2021-08-26,Merced,047,269075,35519,34755,1275,36030,495
2021-08-26,Modoc,049,8938,446,433,155,588,5
2021-08-26,Mono,051,14174,1391,1385,14,1399,3
2021-08-26,Monterey,053,433212,45576,45265,2624,47889,539
2021-08-26,Napa,055,140530,11611,11394,69,11463,87
2021-08-26,Nevada,057,99092,7474,7086,254,7340,80
2021-08-26,Orange,059,3164182,286340,282814,13728,296542,5200
2021-08-26,Placer,061,380077,30755,28898,2776,31674,319
2021-08-26,Plumas,063,18699,1024,971,18,989,5
2021-08-26,Riverside,065,2383286,328759,324486,16034,340520,4615
2021-08-26,Sacramento,067,1510023,136376,130977,3071,134048,1827
2021-08-26,San Benito,069,59416,6700,6604,138,6742,64
2021-08-26,San Bernardino,071,2135413,325977,322100,10550,332650,5339
2021-08-26,San Diego,073,3302833,334288,328276,19352,347628,3869
2021-08-26,San Francisco,075,870044,47411,46288,2234,48522,581
2021-08-26,San Joaquin,077,732212,87207,84429,4750,89179,1513
2021-08-26,San Luis Obispo,079,281455,25463,24831,1005,25836,278
2021-08-26,San Mateo,081,765935,49351,48263,1047,49310,553
2021-08-26,Santa Barbara,083,443738,39587,38566,1483,40049,479
2021-08-26,Santa Clara,085,1922200,134550,131443,1048,132491,1782
2021-08-26,Santa Cruz,087,273765,18420,18072,1006,19078,210
2021-08-26,Shasta,089,179085,15517,14891,2308,17199,217
2021-08-26,Sierra,091,2930,107,90,15,105,0
2021-08-26,Siskiyou,093,43540,2489,2342,735,3077,33
2021-08-26,Solano,095,438530,41156,39027,1013,40040,286
2021-08-26,Sonoma,097,501317,37388,36102,464,36566,337
2021-08-26,Stanislaus,099,539301,66970,64785,7725,72510,1061
2021-08-26,Sutter,101,95872,11873,11499,155,11654,135
2021-08-26,Tehama,103,63373,6133,5913,880,6793,68
2021-08-26,Trinity,105,12862,541,450,138,588,3
2021-08-26,Tulare,107,460477,55624,54157,11818,65975,870
2021-08-26,Tuolumne,109,53932,5533,5387,55,5442,74
2021-08-26,Ventura,111,848112,90414,89595,4057,93652,1080
2021-08-26,Yolo,113,214977,17208,16727,837,17564,231
2021-08-26,Yuba,115,75493,8170,7834,178,8012,54
2021-08-25,Alameda,001,1643700,108737,105636,2624,108260,1296
2021-08-25,Alpine,003,1148,92,92,0,92,0
2021-08-25,Amador,005,37829,4558,4415,44,4459,53
2021-08-25,Butte,007,227075,15771,15039,2717,17756,214
2021-08-25,Calaveras,009,45235,2989,2851,21,2872,59
2021-08-25,Colusa,011,21464,2273,2227,485,2712,16
2021-08-25,Contra Costa,013,1133247,89093,85322,1831,87153,863
2021-08-25,Del Norte,015,27424,2798,2573,16,2589,8
2021-08-25,El Dorado,017,186661,13483,12787,1239,14026,118
2021-08-25,Fresno,019,978130,116150,113384,10522,123906,1761
2021-08-25,Glenn,021,27897,2806,2728,750,3478,20
2021-08-25,Humboldt,023,135768,6981,6653,223,6876,52
2021-08-25,Imperial,025,180216,30289,30085,3039,33124,748
2021-08-25,Inyo,027,18085,1536,1518,5,1523,39
2021-08-25,Kern,029,883053,107897,105687,15241,120928,1379
2021-08-25,Kings,031,150075,26369,25676,1523,27199,258
2021-08-25,Lake,033,64148,5364,5163,61,5224,74
2021-08-25,Lassen,035,31185,5729,5583,160,5743,21
2021-08-25,Los Angeles,037,10098052,1343966,1331400,52239,1383639,25170
2021-08-25,Madera,039,155013,18872,18311,1344,19655,247
2021-08-25,Marin,041,260295,16217,15938,359,16297,240
2021-08-25,Mariposa,043,17540,727,676,17,693,5
2021-08-25,Mendocino,045,87422,5780,5486,193,5679,53
2021-08-25,Merced,047,269075,35381,34600,1270,35870,492
2021-08-25,Modoc,049,8938,446,433,155,588,5
2021-08-25,Mono,051,14174,1387,1382,14,1396,3
2021-08-25,Monterey,053,433212,45514,45196,2597,47793,539
2021-08-25,Napa,055,140530,11577,11348,68,11416,87
2021-08-25,Nevada,057,99092,7408,7000,253,7253,77
2021-08-25,Orange,059,3164182,285821,282061,13696,295757,5193
2021-08-25,Placer,061,380077,30579,28740,2743,31483,319
2021-08-25,Plumas,063,18699,1008,962,18,980,5
2021-08-25,Riverside,065,2383286,327918,323548,16012,339560,4610
2021-08-25,Sacramento,067,1510023,135697,130046,3031,133077,1827
2021-08-25,San Benito,069,59416,6679,6587,137,6724,64
2021-08-25,San Bernardino,071,2135413,325284,321228,10529,331757,5337
2021-08-25,San Diego,073,3302833,333010,327166,19278,346444,3859
2021-08-25,San Francisco,075,870044,47267,46107,2224,48331,578
2021-08-25,San Joaquin,077,732212,86826,84002,4736,88738,1510
2021-08-25,San Luis Obispo,079,281455,25271,24607,1002,25609,276
2021-08-25,San Mateo,081,765935,49242,48153,1029,49182,553
2021-08-25,Santa Barbara,083,443738,39456,38450,1483,39933,479
2021-08-25,Santa Clara,085,1922200,134181,130995,1045,132040,1783
2021-08-25,Santa Cruz,087,273765,18359,17987,1003,18990,210
2021-08-25,Shasta,089,179085,15389,14752,2274,17026,217
2021-08-25,Sierra,091,2930,104,90,15,105,0
2021-08-25,Siskiyou,093,43540,2444,2322,716,3038,33
2021-08-25,Solano,095,438530,40992,38848,1002,39850,286
2021-08-25,Sonoma,097,501317,37264,35986,461,36447,336
2021-08-25,Stanislaus,099,539301,66680,64441,7691,72132,1061
2021-08-25,Sutter,101,95872,11805,11451,151,11602,134
2021-08-25,Tehama,103,63373,6074,5861,863,6724,68
2021-08-25,Trinity,105,12862,535,450,137,587,3
2021-08-25,Tulare,107,460477,55340,53877,11749,65626,866
2021-08-25,Tuolumne,109,53932,5507,5354,55,5409,74
2021-08-25,Ventura,111,848112,90231,89379,4043,93422,1068
2021-08-25,Yolo,113,214977,17144,16667,827,17494,231
2021-08-25,Yuba,115,75493,8104,7771,177,7948,54
2021-08-24,Alameda,001,1643700,108406,105319,2613,107932,1296
2021-08-24,Alpine,003,1148,92,92,0,92,0
2021-08-24,Amador,005,37829,4539,4380,44,4424,50
2021-08-24,Butte,007,227075,15618,14964,2682,17646,214
2021-08-24,Calaveras,009,45235,2949,2811,21,2832,59
2021-08-24,Colusa,011,21464,2265,2221,481,2702,16
2021-08-24,Contra Costa,013,1133247,88733,84963,1825,86788,857
2021-08-24,Del Norte,015,27424,2771,2543,16,2559,8
2021-08-24,El Dorado,017,186661,13407,12732,1223,13955,118
2021-08-24,Fresno,019,978130,115546,113024,10469,123493,1761
2021-08-24,Glenn,021,27897,2792,2717,742,3459,20
2021-08-24,Humboldt,023,135768,6918,6585,210,6795,52
2021-08-24,Imperial,025,180216,30228,30045,3033,33078,748
2021-08-24,Inyo,027,18085,1531,1512,5,1517,39
2021-08-24,Kern,029,883053,107438,105399,15070,120469,1375
2021-08-24,Kings,031,150075,26249,25629,1507,27136,258
2021-08-24,Lake,033,64148,5329,5135,61,5196,72
2021-08-24,Lassen,035,31185,5713,5576,158,5734,21
2021-08-24,Los Angeles,037,10098052,1341115,1328777,52136,1380913,25135
2021-08-24,Madera,039,155013,18796,18251,1327,19578,247
2021-08-24,Marin,041,260295,16181,15900,355,16255,240
2021-08-24,Mariposa,043,17540,720,670,17,687,5
2021-08-24,Mendocino,045,87422,5736,5416,186,5602,52
2021-08-24,Merced,047,269075,35213,34490,1259,35749,491
2021-08-24,Modoc,049,8938,446,432,155,587,5
2021-08-24,Mono,051,14174,1385,1382,14,1396,3
2021-08-24,Monterey,053,433212,45462,45126,2566,47692,539
2021-08-24,Napa,055,140530,11545,11299,66,11365,85
2021-08-24,Nevada,057,99092,7340,6981,249,7230,77
2021-08-24,Orange,059,3164182,285219,281461,13671,295132,5187
2021-08-24,Placer,061,380077,30377,28618,2702,31320,318
2021-08-24,Plumas,063,18699,998,953,18,971,5
2021-08-24,Riverside,065,2383286,327045,322620,15980,338600,4605
2021-08-24,Sacramento,067,1510023,135017,129542,2979,132521,1812
2021-08-24,San Benito,069,59416,6666,6576,137,6713,64
2021-08-24,San Bernardino,071,2135413,324532,320300,10498,330798,5328
2021-08-24,San Diego,073,3302833,331548,325823,19182,345005,3851
2021-08-24,San Francisco,075,870044,47099,46010,2205,48215,574
2021-08-24,San Joaquin,077,732212,86386,83684,4699,88383,1508
2021-08-24,San Luis Obispo,079,281455,25095,24443,991,25434,274
2021-08-24,San Mateo,081,765935,49105,48050,1016,49066,553
2021-08-24,Santa Barbara,083,443738,39327,38307,1482,39789,478
2021-08-24,Santa Clara,085,1922200,133756,130763,1040,131803,1779
2021-08-24,Santa Cruz,087,273765,18286,17928,996,18924,209
2021-08-24,Shasta,089,179085,15281,14664,2242,16906,217
2021-08-24,Sierra,091,2930,101,90,15,105,0
2021-08-24,Siskiyou,093,43540,2422,2294,701,2995,33
2021-08-24,Solano,095,438530,40786,38724,990,39714,283
2021-08-24,Sonoma,097,501317,37136,35849,459,36308,336
2021-08-24,Stanislaus,099,539301,66323,64195,7639,71834,1058
2021-08-24,Sutter,101,95872,11738,11384,148,11532,134
2021-08-24,Tehama,103,63373,6028,5826,848,6674,67
2021-08-24,Trinity,105,12862,525,446,129,575,3
2021-08-24,Tulare,107,460477,54988,53702,11659,65361,856
2021-08-24,Tuolumne,109,53932,5476,5287,55,5342,74
2021-08-24,Ventura,111,848112,90047,89167,4031,93198,1068
2021-08-24,Yolo,113,214977,17069,16492,814,17306,231
2021-08-24,Yuba,115,75493,8021,7723,175,7898,54
2021-08-23,Alameda,001,1643700,108010,104922,2601,107523,1294
2021-08-23,Alpine,003,1148,92,91,0,91,0
2021-08-23,Amador,005,37829,4525,4369,44,4413,50
2021-08-23,Butte,007,227075,15472,14847,2647,17494,211
2021-08-23,Calaveras,009,45235,2914,2803,21,2824,59
2021-08-23,Colusa,011,21464,2261,2206,478,2684,16
2021-08-23,Contra Costa,013,1133247,88355,84651,1819,86470,857
2021-08-23,Del Norte,015,27424,2725,2499,16,2515,8
2021-08-23,El Dorado,017,186661,13304,12684,1201,13885,118
2021-08-23,Fresno,019,978130,114990,112445,10422,122867,1759
2021-08-23,Glenn,021,27897,2774,2696,735,3431,20
2021-08-23,Humboldt,023,135768,6844,6498,194,6692,52
2021-08-23,Imperial,025,180216,30177,30011,3030,33041,748
2021-08-23,Inyo,027,18085,1524,1509,5,1514,39
2021-08-23,Kern,029,883053,106984,104995,14913,119908,1375
2021-08-23,Kings,031,150075,26118,25465,1500,26965,257
2021-08-23,Lake,033,64148,5289,5099,59,5158,69
2021-08-23,Lassen,035,31185,5701,5562,158,5720,21
2021-08-23,Los Angeles,037,10098052,1338174,1326412,52007,1378419,25096
2021-08-23,Madera,039,155013,18709,18155,1314,19469,246
2021-08-23,Marin,041,260295,16133,15856,351,16207,240
2021-08-23,Mariposa,043,17540,709,645,17,662,5
2021-08-23,Mendocino,045,87422,5669,5374,179,5553,51
2021-08-23,Merced,047,269075,35030,34322,1254,35576,488
2021-08-23,Modoc,049,8938,443,431,154,585,6
2021-08-23,Mono,051,14174,1383,1384,14,1398,3
2021-08-23,Monterey,053,433212,45385,45047,2533,47580,538
2021-08-23,Napa,055,140530,11507,11257,66,11323,85
2021-08-23,Nevada,057,99092,7260,6930,247,7177,77
2021-08-23,Orange,059,3164182,284585,280891,13635,294526,5181
2021-08-23,Placer,061,380077,30177,28540,2663,31203,314
2021-08-23,Plumas,063,18699,988,934,18,952,5
2021-08-23,Riverside,065,2383286,326132,321650,15954,337604,4598
2021-08-23,Sacramento,067,1510023,134229,128969,2909,131878,1807
2021-08-23,San Benito,069,59416,6648,6562,135,6697,64
2021-08-23,San Bernardino,071,2135413,323733,319577,10457,330034,5324
2021-08-23,San Diego,073,3302833,330089,324536,19079,343615,3848
2021-08-23,San Francisco,075,870044,46953,45945,2189,48134,573
2021-08-23,San Joaquin,077,732212,85958,83466,4666,88132,1499
2021-08-23,San Luis Obispo,079,281455,24913,24317,989,25306,274
2021-08-23,San Mateo,081,765935,48973,47935,1006,48941,553
2021-08-23,Santa Barbara,083,443738,39150,38181,1480,39661,478
2021-08-23,Santa Clara,085,1922200,133358,130489,1035,131524,1778
2021-08-23,Santa Cruz,087,273765,18230,17871,993,18864,209
2021-08-23,Shasta,089,179085,15156,14537,2202,16739,216
2021-08-23,Sierra,091,2930,101,90,15,105,0
2021-08-23,Siskiyou,093,43540,2401,2274,680,2954,33
2021-08-23,Solano,095,438530,40639,38612,982,39594,283
2021-08-23,Sonoma,097,501317,37017,35769,457,36226,336
2021-08-23,Stanislaus,099,539301,65971,63922,7600,71522,1058
2021-08-23,Sutter,101,95872,11649,11314,140,11454,133
2021-08-23,Tehama,103,63373,5974,5805,830,6635,67
2021-08-23,Trinity,105,12862,522,435,126,561,3
2021-08-23,Tulare,107,460477,54683,53370,11585,64955,856
2021-08-23,Tuolumne,109,53932,5434,5240,55,5295,73
2021-08-23,Ventura,111,848112,89829,88960,4019,92979,1063
2021-08-23,Yolo,113,214977,16982,16445,798,17243,226
2021-08-23,Yuba,115,75493,7950,7653,173,7826,54
2021-08-22,Alameda,001,1643700,107564,104539,2563,107102,1294
2021-08-22,Alpine,003,1148,92,91,0,91,0
2021-08-22,Amador,005,37829,4496,4349,44,4393,50
2021-08-22,Butte,007,227075,15334,14791,2610,17401,211
2021-08-22,Calaveras,009,45235,2874,2771,21,2792,59
2021-08-22,Colusa,011,21464,2253,2201,472,2673,16
2021-08-22,Contra Costa,013,1133247,87817,84371,1804,86175,857
2021-08-22,Del Norte,015,27424,2665,2455,16,2471,8
2021-08-22,El Dorado,017,186661,13199,12629,1181,13810,118
2021-08-22,Fresno,019,978130,114392,112057,10359,122416,1759
2021-08-22,Glenn,021,27897,2753,2678,720,3398,20
2021-08-22,Humboldt,023,135768,6767,6483,175,6658,52
2021-08-22,Imperial,025,180216,30119,29993,3026,33019,748
2021-08-22,Inyo,027,18085,1518,1505,5,1510,39
2021-08-22,Kern,029,883053,106461,104691,14755,119446,1375
2021-08-22,Kings,031,150075,25961,25391,1481,26872,257
2021-08-22,Lake,033,64148,5243,5069,56,5125,69
2021-08-22,Lassen,035,31185,5669,5556,153,5709,21
2021-08-22,Los Angeles,037,10098052,1334883,1324151,51873,1376024,25089
2021-08-22,Madera,039,155013,18590,18120,1303,19423,246
2021-08-22,Marin,041,260295,16081,15822,343,16165,240
2021-08-22,Mariposa,043,17540,699,638,15,653,5
2021-08-22,Mendocino,045,87422,5611,5336,179,5515,51
2021-08-22,Merced,047,269075,34827,34234,1241,35475,488
2021-08-22,Modoc,049,8938,442,431,154,585,6
2021-08-22,Mono,051,14174,1382,1378,14,1392,3
2021-08-22,Monterey,053,433212,45298,45017,2507,47524,538
2021-08-22,Napa,055,140530,11462,11231,66,11297,85
2021-08-22,Nevada,057,99092,7186,6864,245,7109,77
2021-08-22,Orange,059,3164182,283898,280390,13588,293978,5181
2021-08-22,Placer,061,380077,29970,28395,2625,31020,314
2021-08-22,Plumas,063,18699,966,923,17,940,5
2021-08-22,Riverside,065,2383286,325111,320836,15903,336739,4594
2021-08-22,Sacramento,067,1510023,133458,128231,2863,131094,1802
2021-08-22,San Benito,069,59416,6631,6550,135,6685,64
2021-08-22,San Bernardino,071,2135413,322764,318839,10421,329260,5324
2021-08-22,San Diego,073,3302833,328761,323591,18974,342565,3848
2021-08-22,San Francisco,075,870044,46793,45831,2171,48002,573
2021-08-22,San Joaquin,077,732212,85503,83121,4630,87751,1498
2021-08-22,San Luis Obispo,079,281455,24708,24250,982,25232,274
2021-08-22,San Mateo,081,765935,48830,47821,971,48792,553
2021-08-22,Santa Barbara,083,443738,38970,38099,1471,39570,478
2021-08-22,Santa Clara,085,1922200,132940,130189,1028,131217,1778
2021-08-22,Santa Cruz,087,273765,18169,17823,988,18811,209
2021-08-22,Shasta,089,179085,15017,14478,2166,16644,216
2021-08-22,Sierra,091,2930,101,87,15,102,0
2021-08-22,Siskiyou,093,43540,2372,2261,662,2923,33
2021-08-22,Solano,095,438530,40446,38489,969,39458,283
2021-08-22,Sonoma,097,501317,36861,35676,454,36130,336
2021-08-22,Stanislaus,099,539301,65610,63683,7504,71187,1058
2021-08-22,Sutter,101,95872,11567,11251,136,11387,133
2021-08-22,Tehama,103,63373,5929,5791,810,6601,67
2021-08-22,Trinity,105,12862,515,433,124,557,3
2021-08-22,Tulare,107,460477,54366,53220,11497,64717,856
2021-08-22,Tuolumne,109,53932,5392,5214,55,5269,73
2021-08-22,Ventura,111,848112,89620,88791,4002,92793,1063
2021-08-22,Yolo,113,214977,16881,16374,788,17162,226
2021-08-22,Yuba,115,75493,7876,7626,172,7798,54
2021-08-21,Alameda,001,1643700,107364,104281,2554,106835,1294
2021-08-21,Alpine,003,1148,92,91,0,91,0
2021-08-21,Amador,005,37829,4486,4338,42,4380,50
2021-08-21,Butte,007,227075,15266,14714,2588,17302,211
2021-08-21,Calaveras,009,45235,2861,2744,21,2765,59
2021-08-21,Colusa,011,21464,2248,2192,467,2659,16
2021-08-21,Contra Costa,013,1133247,87561,84136,1798,85934,857
2021-08-21,Del Norte,015,27424,2642,2409,16,2425,8
2021-08-21,El Dorado,017,186661,13155,12590,1177,13767,118
2021-08-21,Fresno,019,978130,114197,111765,10345,122110,1759
2021-08-21,Glenn,021,27897,2743,2654,713,3367,20
2021-08-21,Humboldt,023,135768,6730,6446,168,6614,52
2021-08-21,Imperial,025,180216,30076,29976,3023,32999,748
2021-08-21,Inyo,027,18085,1515,1500,5,1505,39
2021-08-21,Kern,029,883053,106206,104443,14629,119072,1375
2021-08-21,Kings,031,150075,25890,25313,1476,26789,257
2021-08-21,Lake,033,64148,5223,5055,54,5109,69
2021-08-21,Lassen,035,31185,5655,5553,153,5706,21
2021-08-21,Los Angeles,037,10098052,1333603,1321308,51782,1373090,25080
2021-08-21,Madera,039,155013,18553,18067,1297,19364,246
2021-08-21,Marin,041,260295,16047,15775,341,16116,240
2021-08-21,Mariposa,043,17540,689,634,15,649,5
2021-08-21,Mendocino,045,87422,5566,5307,178,5485,51
2021-08-21,Merced,047,269075,34722,34148,1236,35384,488
2021-08-21,Modoc,049,8938,442,430,154,584,6
2021-08-21,Mono,051,14174,1382,1378,14,1392,3
2021-08-21,Monterey,053,433212,45260,44969,2492,47461,538
2021-08-21,Napa,055,140530,11427,11211,66,11277,85
2021-08-21,Nevada,057,99092,7142,6810,244,7054,77
2021-08-21,Orange,059,3164182,283452,279855,13554,293409,5181
2021-08-21,Placer,061,380077,29833,28289,2600,30889,314
2021-08-21,Plumas,063,18699,962,916,16,932,5
2021-08-21,Riverside,065,2383286,324532,320086,15889,335975,4594
2021-08-21,Sacramento,067,1510023,132959,127751,2851,130602,1809
2021-08-21,San Benito,069,59416,6621,6542,134,6676,64
2021-08-21,San Bernardino,071,2135413,322313,318293,10401,328694,5324
2021-08-21,San Diego,073,3302833,328096,322620,18934,341554,3848
2021-08-21,San Francisco,075,870044,46698,45637,2156,47793,573
2021-08-21,San Joaquin,077,732212,85287,82825,4616,87441,1498
2021-08-21,San Luis Obispo,079,281455,24653,24169,982,25151,273
2021-08-21,San Mateo,081,765935,48739,47685,965,48650,553
2021-08-21,Santa Barbara,083,443738,38890,37951,1467,39418,478
2021-08-21,Santa Clara,085,1922200,132675,129911,1024,130935,1778
2021-08-21,Santa Cruz,087,273765,18132,17763,983,18746,209
2021-08-21,Shasta,089,179085,14943,14417,2152,16569,217
2021-08-21,Sierra,091,2930,96,85,15,100,0
2021-08-21,Siskiyou,093,43540,2359,2246,650,2896,33
2021-08-21,Solano,095,438530,40338,38423,959,39382,281
2021-08-21,Sonoma,097,501317,36774,35582,453,36035,336
2021-08-21,Stanislaus,099,539301,65418,63512,7485,70997,1058
2021-08-21,Sutter,101,95872,11522,11204,134,11338,133
2021-08-21,Tehama,103,63373,5904,5757,803,6560,67
2021-08-21,Trinity,105,12862,510,431,122,553,3
2021-08-21,Tulare,107,460477,54222,53045,11452,64497,857
2021-08-21,Tuolumne,109,53932,5361,5193,55,5248,73
2021-08-21,Ventura,111,848112,89476,88558,3987,92545,1063
2021-08-21,Yolo,113,214977,16834,16322,782,17104,226
2021-08-21,Yuba,115,75493,7830,7580,171,7751,54
2021-08-20,Alameda,001,1643700,107121,103812,2545,106357,1294
2021-08-20,Alpine,003,1148,92,91,0,91,0
2021-08-20,Amador,005,37829,4460,4323,42,4365,50
2021-08-20,Butte,007,227075,15194,14617,2566,17183,211
2021-08-20,Calaveras,009,45235,2846,2717,21,2738,59
2021-08-20,Colusa,011,21464,2243,2178,465,2643,16
2021-08-20,Contra Costa,013,1133247,87288,83721,1791,85512,857
2021-08-20,Del Norte,015,27424,2610,2316,16,2332,8
2021-08-20,El Dorado,017,186661,13117,12495,1169,13664,118
2021-08-20,Fresno,019,978130,113846,111315,10311,121626,1759
2021-08-20,Glenn,021,27897,2736,2642,708,3350,20
2021-08-20,Humboldt,023,135768,6679,6349,163,6512,52
2021-08-20,Imperial,025,180216,30053,29934,3023,32957,747
2021-08-20,Inyo,027,18085,1509,1495,5,1500,39
2021-08-20,Kern,029,883053,105924,104048,14497,118545,1373
2021-08-20,Kings,031,150075,25825,25241,1473,26714,256
2021-08-20,Lake,033,64148,5208,5024,51,5075,69
2021-08-20,Lassen,035,31185,5635,5539,153,5692,21
2021-08-20,Los Angeles,037,10098052,1331740,1317541,51680,1369221,25049
2021-08-20,Madera,039,155013,18506,18018,1281,19299,246
2021-08-20,Marin,041,260295,16029,15727,337,16064,240
2021-08-20,Mariposa,043,17540,684,630,15,645,5
2021-08-20,Mendocino,045,87422,5521,5241,176,5417,51
2021-08-20,Merced,047,269075,34657,34035,1228,35263,486
2021-08-20,Modoc,049,8938,442,429,154,583,6
2021-08-20,Mono,051,14174,1381,1368,14,1382,3
2021-08-20,Monterey,053,433212,45230,44890,2478,47368,538
2021-08-20,Napa,055,140530,11395,11152,66,11218,83
2021-08-20,Nevada,057,99092,7101,6753,237,6990,77
2021-08-20,Orange,059,3164182,283009,279193,13533,292726,5179
2021-08-20,Placer,061,380077,29738,28156,2571,30727,313
2021-08-20,Plumas,063,18699,954,908,16,924,5
2021-08-20,Riverside,065,2383286,323837,319072,15858,334930,4594
2021-08-20,Sacramento,067,1510023,132483,127226,2833,130059,1797
2021-08-20,San Benito,069,59416,6607,6508,134,6642,64
2021-08-20,San Bernardino,071,2135413,321702,317372,10372,327744,5322
2021-08-20,San Diego,073,3302833,327192,321102,18866,339968,3846
2021-08-20,San Francisco,075,870044,46606,45432,2136,47568,573
2021-08-20,San Joaquin,077,732212,85059,82419,4598,87017,1496
2021-08-20,San Luis Obispo,079,281455,24575,23986,978,24964,273
2021-08-20,San Mateo,081,765935,48632,47561,955,48516,551
2021-08-20,Santa Barbara,083,443738,38807,37794,1461,39255,477
2021-08-20,Santa Clara,085,1922200,132394,129510,1019,130529,1774
2021-08-20,Santa Cruz,087,273765,18092,17701,980,18681,209
2021-08-20,Shasta,089,179085,14864,14277,2133,16410,215
2021-08-20,Sierra,091,2930,94,83,15,98,0
2021-08-20,Siskiyou,093,43540,2343,2226,645,2871,33
2021-08-20,Solano,095,438530,40198,38214,948,39162,277
2021-08-20,Sonoma,097,501317,36705,35416,452,35868,336
2021-08-20,Stanislaus,099,539301,65215,63219,7462,70681,1047
2021-08-20,Sutter,101,95872,11466,11136,133,11269,133
2021-08-20,Tehama,103,63373,5888,5730,791,6521,66
2021-08-20,Trinity,105,12862,510,422,121,543,3
2021-08-20,Tulare,107,460477,54090,52855,11409,64264,856
2021-08-20,Tuolumne,109,53932,5337,5153,54,5207,73
2021-08-20,Ventura,111,848112,89310,88285,3984,92269,1061
2021-08-20,Yolo,113,214977,16781,16236,776,17012,225
2021-08-20,Yuba,115,75493,7790,7523,171,7694,54
2021-08-19,Alameda,001,1643700,106670,103276,2521,105797,1294
2021-08-19,Alpine,003,1148,92,91,0,91,0
2021-08-19,Amador,005,37829,4453,4317,41,4358,50
2021-08-19,Butte,007,227075,15060,14518,2536,17054,211
2021-08-19,Calaveras,009,45235,2827,2673,21,2694,59
2021-08-19,Colusa,011,21464,2234,2167,461,2628,16
2021-08-19,Contra Costa,013,1133247,86853,83296,1777,85073,852
2021-08-19,Del Norte,015,27424,2560,2257,16,2273,8
2021-08-19,El Dorado,017,186661,13031,12410,1148,13558,118
2021-08-19,Fresno,019,978130,113408,110947,10263,121210,1759
2021-08-19,Glenn,021,27897,2717,2629,701,3330,20
2021-08-19,Humboldt,023,135768,6618,6246,157,6403,52
2021-08-19,Imperial,025,180216,30007,29865,3018,32883,747
2021-08-19,Inyo,027,18085,1502,1494,5,1499,39
2021-08-19,Kern,029,883053,105530,103731,14353,118084,1371
2021-08-19,Kings,031,150075,25695,25128,1460,26588,256
2021-08-19,Lake,033,64148,5178,4991,47,5038,69
2021-08-19,Lassen,035,31185,5617,5520,152,5672,21
2021-08-19,Los Angeles,037,10098052,1328778,1314453,51535,1365988,25020
2021-08-19,Madera,039,155013,18442,17947,1266,19213,246
2021-08-19,Marin,041,260295,15996,15672,333,16005,240
2021-08-19,Mariposa,043,17540,670,618,15,633,5
2021-08-19,Mendocino,045,87422,5488,5167,174,5341,51
2021-08-19,Merced,047,269075,34522,33851,1214,35065,486
2021-08-19,Modoc,049,8938,442,427,154,581,6
2021-08-19,Mono,051,14174,1377,1349,14,1363,3
2021-08-19,Monterey,053,433212,45167,44821,2458,47279,538
2021-08-19,Napa,055,140530,11343,11104,66,11170,83
2021-08-19,Nevada,057,99092,7037,6695,235,6930,77
2021-08-19,Orange,059,3164182,282378,278562,13481,292043,5172
2021-08-19,Placer,061,380077,29558,27953,2553,30506,313
2021-08-19,Plumas,063,18699,944,896,16,912,5
2021-08-19,Riverside,065,2383286,322812,318056,15826,333882,4589
2021-08-19,Sacramento,067,1510023,131782,126720,2795,129515,1801
2021-08-19,San Benito,069,59416,6589,6493,132,6625,64
2021-08-19,San Bernardino,071,2135413,320882,316398,10349,326747,5318
2021-08-19,San Diego,073,3302833,325929,319582,18776,338358,3839
2021-08-19,San Francisco,075,870044,46449,45220,2118,47338,571
2021-08-19,San Joaquin,077,732212,84615,82047,4551,86598,1491
2021-08-19,San Luis Obispo,079,281455,24435,23878,971,24849,271
2021-08-19,San Mateo,081,765935,48506,47431,945,48376,551
2021-08-19,Santa Barbara,083,443738,38662,37693,1457,39150,477
2021-08-19,Santa Clara,085,1922200,132004,129133,1012,130145,1774
2021-08-19,Santa Cruz,087,273765,18030,17644,973,18617,209
2021-08-19,Shasta,089,179085,14740,14200,2110,16310,214
2021-08-19,Sierra,091,2930,90,83,15,98,0
2021-08-19,Siskiyou,093,43540,2329,2218,632,2850,33
2021-08-19,Solano,095,438530,40045,38025,937,38962,273
2021-08-19,Sonoma,097,501317,36617,35233,451,35684,336
2021-08-19,Stanislaus,099,539301,64858,62928,7415,70343,1047
2021-08-19,Sutter,101,95872,11383,11057,131,11188,133
2021-08-19,Tehama,103,63373,5852,5683,763,6446,66
2021-08-19,Trinity,105,12862,506,414,119,533,3
2021-08-19,Tulare,107,460477,53859,52685,11345,64030,856
2021-08-19,Tuolumne,109,53932,5301,5112,53,5165,64
2021-08-19,Ventura,111,848112,89108,88073,3969,92042,1060
2021-08-19,Yolo,113,214977,16696,16153,768,16921,225
2021-08-19,Yuba,115,75493,7738,7458,170,7628,51
2021-08-18,Alameda,001,1643700,106261,102696,2492,105188,1294
2021-08-18,Alpine,003,1148,91,91,0,91,0
2021-08-18,Amador,005,37829,4436,4279,40,4319,50
2021-08-18,Butte,007,227075,14950,14426,2510,16936,208
2021-08-18,Calaveras,009,45235,2786,2643,20,2663,59
2021-08-18,Colusa,011,21464,2227,2160,457,2617,16
2021-08-18,Contra Costa,013,1133247,86359,82767,1771,84538,851
2021-08-18,Del Norte,015,27424,2503,2219,16,2235,8
2021-08-18,El Dorado,017,186661,12942,12306,1133,13439,118
2021-08-18,Fresno,019,978130,112955,110523,10208,120731,1759
2021-08-18,Glenn,021,27897,2690,2623,694,3317,20
2021-08-18,Humboldt,023,135768,6547,6195,151,6346,52
2021-08-18,Imperial,025,180216,29975,29821,3015,32836,746
2021-08-18,Inyo,027,18085,1499,1494,5,1499,39
2021-08-18,Kern,029,883053,105181,103440,14257,117697,1370
2021-08-18,Kings,031,150075,25585,24984,1453,26437,256
2021-08-18,Lake,033,64148,5137,4957,46,5003,69
2021-08-18,Lassen,035,31185,5598,5506,151,5657,21
2021-08-18,Los Angeles,037,10098052,1325645,1311477,51400,1362877,24984
2021-08-18,Madera,039,155013,18382,17871,1258,19129,246
2021-08-18,Marin,041,260295,15958,15610,330,15940,240
2021-08-18,Mariposa,043,17540,657,615,15,630,5
2021-08-18,Mendocino,045,87422,5437,5129,171,5300,51
2021-08-18,Merced,047,269075,34357,33708,1203,34911,484
2021-08-18,Modoc,049,8938,442,427,153,580,6
2021-08-18,Mono,051,14174,1374,1344,14,1358,3
2021-08-18,Monterey,053,433212,45097,44735,2428,47163,532
2021-08-18,Napa,055,140530,11305,11060,65,11125,83
2021-08-18,Nevada,057,99092,6971,6633,235,6868,76
2021-08-18,Orange,059,3164182,281738,277795,13425,291220,5168
2021-08-18,Placer,061,380077,29333,27741,2524,30265,312
2021-08-18,Plumas,063,18699,934,874,16,890,5
2021-08-18,Riverside,065,2383286,321813,317107,15791,332898,4585
2021-08-18,Sacramento,067,1510023,131021,125599,2761,128360,1781
2021-08-18,San Benito,069,59416,6578,6481,131,6612,64
2021-08-18,San Bernardino,071,2135413,320081,315477,10330,325807,5304
2021-08-18,San Diego,073,3302833,324588,318152,18710,336862,3834
2021-08-18,San Francisco,075,870044,46252,44957,2102,47059,568
2021-08-18,San Joaquin,077,732212,84165,81601,4522,86123,1491
2021-08-18,San Luis Obispo,079,281455,24286,23726,959,24685,270
2021-08-18,San Mateo,081,765935,48347,47255,935,48190,551
2021-08-18,Santa Barbara,083,443738,38531,37599,1450,39049,475
2021-08-18,Santa Clara,085,1922200,131641,128563,1008,129571,1773
2021-08-18,Santa Cruz,087,273765,17976,17566,968,18534,209
2021-08-18,Shasta,089,179085,14641,14087,2091,16178,213
2021-08-18,Sierra,091,2930,89,83,15,98,0
2021-08-18,Siskiyou,093,43540,2300,2204,620,2824,33
2021-08-18,Solano,095,438530,39842,37812,925,38737,271
2021-08-18,Sonoma,097,501317,36473,35063,450,35513,333
2021-08-18,Stanislaus,099,539301,64509,62613,7372,69985,1047
2021-08-18,Sutter,101,95872,11311,11004,126,11130,130
2021-08-18,Tehama,103,63373,5817,5653,753,6406,66
2021-08-18,Trinity,105,12862,499,409,116,525,3
2021-08-18,Tulare,107,460477,53618,52486,11275,63761,856
2021-08-18,Tuolumne,109,53932,5265,5081,51,5132,64
2021-08-18,Ventura,111,848112,88877,87835,3958,91793,1055
2021-08-18,Yolo,113,214977,16614,16047,748,16795,225
2021-08-18,Yuba,115,75493,7673,7391,170,7561,51
2021-08-17,Alameda,001,1643700,105845,102379,2476,104855,1290
2021-08-17,Alpine,003,1148,91,91,0,91,0
2021-08-17,Amador,005,37829,4407,4266,40,4306,50
2021-08-17,Butte,007,227075,14845,14357,2474,16831,206
2021-08-17,Calaveras,009,45235,2745,2624,20,2644,59
2021-08-17,Colusa,011,21464,2218,2156,453,2609,16
2021-08-17,Contra Costa,013,1133247,85912,82482,1761,84243,848
2021-08-17,Del Norte,015,27424,2449,2188,16,2204,8
2021-08-17,El Dorado,017,186661,12855,12242,1118,13360,118
2021-08-17,Fresno,019,978130,112477,110263,10146,120409,1755
2021-08-17,Glenn,021,27897,2676,2608,686,3294,20
2021-08-17,Humboldt,023,135768,6470,6155,148,6303,52
2021-08-17,Imperial,025,180216,29924,29768,3011,32779,746
2021-08-17,Inyo,027,18085,1496,1492,5,1497,39
2021-08-17,Kern,029,883053,104788,103048,14131,117179,1367
2021-08-17,Kings,031,150075,25478,24930,1442,26372,254
2021-08-17,Lake,033,64148,5094,4930,40,4970,68
2021-08-17,Lassen,035,31185,5581,5499,149,5648,21
2021-08-17,Los Angeles,037,10098052,1322115,1307999,51264,1359263,24952
2021-08-17,Madera,039,155013,18308,17838,1238,19076,246
2021-08-17,Marin,041,260295,15903,15570,330,15900,240
2021-08-17,Mariposa,043,17540,649,609,14,623,5
2021-08-17,Mendocino,045,87422,5382,5097,171,5268,51
2021-08-17,Merced,047,269075,34209,33508,1189,34697,482
2021-08-17,Modoc,049,8938,439,424,151,575,6
2021-08-17,Mono,051,14174,1368,1341,14,1355,3
2021-08-17,Monterey,053,433212,45020,44672,2412,47084,528
2021-08-17,Napa,055,140530,11264,11007,64,11071,83
2021-08-17,Nevada,057,99092,6897,6605,233,6838,75
2021-08-17,Orange,059,3164182,281099,277121,13388,290509,5164
2021-08-17,Placer,061,380077,29120,27634,2494,30128,312
2021-08-17,Plumas,063,18699,923,860,16,876,5
2021-08-17,Riverside,065,2383286,320798,316051,15752,331803,4582
2021-08-17,Sacramento,067,1510023,130231,125151,2718,127869,1774
2021-08-17,San Benito,069,59416,6559,6470,131,6601,64
2021-08-17,San Bernardino,071,2135413,319146,314402,10285,324687,5302
2021-08-17,San Diego,073,3302833,322973,317058,18614,335672,3824
2021-08-17,San Francisco,075,870044,46057,44820,2091,46911,567
2021-08-17,San Joaquin,077,732212,83697,81300,4492,85792,1489
2021-08-17,San Luis Obispo,079,281455,24128,23556,956,24512,268
2021-08-17,San Mateo,081,765935,48205,47127,916,48043,551
2021-08-17,Santa Barbara,083,443738,38376,37478,1443,38921,475
2021-08-17,Santa Clara,085,1922200,131239,128354,1003,129357,1773
2021-08-17,Santa Cruz,087,273765,17890,17528,966,18494,209
2021-08-17,Shasta,089,179085,14512,14012,2073,16085,214
2021-08-17,Sierra,091,2930,88,82,15,97,0
2021-08-17,Siskiyou,093,43540,2285,2183,606,2789,33
2021-08-17,Solano,095,438530,39629,37662,915,38577,269
2021-08-17,Sonoma,097,501317,36325,34943,446,35389,333
2021-08-17,Stanislaus,099,539301,64158,62385,7310,69695,1047
2021-08-17,Sutter,101,95872,11239,10973,126,11099,130
2021-08-17,Tehama,103,63373,5783,5612,731,6343,66
2021-08-17,Trinity,105,12862,494,406,113,519,3
2021-08-17,Tulare,107,460477,53351,52362,11207,63569,856
2021-08-17,Tuolumne,109,53932,5222,5042,50,5092,64
2021-08-17,Ventura,111,848112,88637,87601,3936,91537,1053
2021-08-17,Yolo,113,214977,16525,15975,733,16708,225
2021-08-17,Yuba,115,75493,7603,7355,170,7525,51
2021-08-16,Alameda,001,1643700,105345,102052,2464,104516,1287
2021-08-16,Alpine,003,1148,91,91,0,91,0
2021-08-16,Amador,005,37829,4397,4235,40,4275,50
2021-08-16,Butte,007,227075,14727,14283,2441,16724,206
2021-08-16,Calaveras,009,45235,2685,2609,19,2628,57
2021-08-16,Colusa,011,21464,2207,2147,449,2596,16
2021-08-16,Contra Costa,013,1133247,85373,82070,1751,83821,848
2021-08-16,Del Norte,015,27424,2372,2125,16,2141,8
2021-08-16,El Dorado,017,186661,12754,12139,1104,13243,118
2021-08-16,Fresno,019,978130,111977,109623,10099,119722,1753
2021-08-16,Glenn,021,27897,2657,2593,680,3273,20
2021-08-16,Humboldt,023,135768,6400,6064,125,6189,52
2021-08-16,Imperial,025,180216,29886,29737,2996,32733,746
2021-08-16,Inyo,027,18085,1493,1490,5,1495,39
2021-08-16,Kern,029,883053,104417,102690,14009,116699,1367
2021-08-16,Kings,031,150075,25376,24817,1432,26249,254
2021-08-16,Lake,033,64148,5067,4898,39,4937,68
2021-08-16,Lassen,035,31185,5565,5481,141,5622,21
2021-08-16,Los Angeles,037,10098052,1318744,1305330,51110,1356440,24923
2021-08-16,Madera,039,155013,18232,17756,1220,18976,246
2021-08-16,Marin,041,260295,15844,15497,329,15826,239
2021-08-16,Mariposa,043,17540,632,597,14,611,5
2021-08-16,Mendocino,045,87422,5326,5037,169,5206,49
2021-08-16,Merced,047,269075,34004,33364,1183,34547,481
2021-08-16,Modoc,049,8938,437,421,150,571,5
2021-08-16,Mono,051,14174,1359,1339,14,1353,3
2021-08-16,Monterey,053,433212,44958,44595,2384,46979,527
2021-08-16,Napa,055,140530,11235,10946,64,11010,83
2021-08-16,Nevada,057,99092,6841,6535,232,6767,74
2021-08-16,Orange,059,3164182,280308,275985,13340,289325,5161
2021-08-16,Placer,061,380077,28938,27384,2460,29844,306
2021-08-16,Plumas,063,18699,913,851,16,867,5
2021-08-16,Riverside,065,2383286,319708,314774,15715,330489,4582
2021-08-16,Sacramento,067,1510023,129425,124554,2675,127229,1762
2021-08-16,San Benito,069,59416,6535,6452,131,6583,64
2021-08-16,San Bernardino,071,2135413,318186,313617,10257,323874,5301
2021-08-16,San Diego,073,3302833,321367,315348,18478,333826,3824
2021-08-16,San Francisco,075,870044,45861,44681,2074,46755,567
2021-08-16,San Joaquin,077,732212,83196,81087,4464,85551,1488
2021-08-16,San Luis Obispo,079,281455,23979,23452,947,24399,265
2021-08-16,San Mateo,081,765935,48040,47024,893,47917,548
2021-08-16,Santa Barbara,083,443738,38209,37358,1438,38796,475
2021-08-16,Santa Clara,085,1922200,130776,127978,997,128975,1773
2021-08-16,Santa Cruz,087,273765,17829,17491,959,18450,209
2021-08-16,Shasta,089,179085,14422,13862,2055,15917,211
2021-08-16,Sierra,091,2930,85,82,15,97,0
2021-08-16,Siskiyou,093,43540,2268,2169,586,2755,33
2021-08-16,Solano,095,438530,39357,37436,901,38337,263
2021-08-16,Sonoma,097,501317,36154,34844,444,35288,333
2021-08-16,Stanislaus,099,539301,63796,62033,7258,69291,1039
2021-08-16,Sutter,101,95872,11170,10902,125,11027,130
2021-08-16,Tehama,103,63373,5719,5565,726,6291,66
2021-08-16,Trinity,105,12862,488,400,112,512,3
2021-08-16,Tulare,107,460477,53110,52162,11133,63295,856
2021-08-16,Tuolumne,109,53932,5183,4984,49,5033,64
2021-08-16,Ventura,111,848112,88386,86954,3918,90872,1052
2021-08-16,Yolo,113,214977,16426,15922,725,16647,225
2021-08-16,Yuba,115,75493,7519,7314,169,7483,51
2021-08-15,Alameda,001,1643700,104852,101660,2447,104107,1287
2021-08-15,Alpine,003,1148,91,91,0,91,0
2021-08-15,Amador,005,37829,4370,4231,40,4271,49
2021-08-15,Butte,007,227075,14602,14263,2417,16680,206
2021-08-15,Calaveras,009,45235,2638,2599,19,2618,57
2021-08-15,Colusa,011,21464,2195,2140,439,2579,16
2021-08-15,Contra Costa,013,1133247,84893,81781,1734,83515,848
2021-08-15,Del Norte,015,27424,2305,2060,16,2076,8
2021-08-15,El Dorado,017,186661,12619,12057,1087,13144,118
2021-08-15,Fresno,019,978130,111503,109382,10036,119418,1753
2021-08-15,Glenn,021,27897,2633,2592,668,3260,20
2021-08-15,Humboldt,023,135768,6327,6024,118,6142,52
2021-08-15,Imperial,025,180216,29821,29711,2990,32701,746
2021-08-15,Inyo,027,18085,1492,1489,5,1494,39
2021-08-15,Kern,029,883053,103975,102524,13894,116418,1367
2021-08-15,Kings,031,150075,25226,24736,1422,26158,254
2021-08-15,Lake,033,64148,5008,4886,38,4924,68
2021-08-15,Lassen,035,31185,5549,5482,139,5621,21
2021-08-15,Los Angeles,037,10098052,1315227,1302882,50932,1353814,24918
2021-08-15,Madera,039,155013,18144,17714,1208,18922,246
2021-08-15,Marin,041,260295,15785,15461,327,15788,239
2021-08-15,Mariposa,043,17540,625,591,14,605,5
2021-08-15,Mendocino,045,87422,5270,5022,163,5185,49
2021-08-15,Merced,047,269075,33760,33305,1172,34477,481
2021-08-15,Modoc,049,8938,435,421,150,571,5
2021-08-15,Mono,051,14174,1351,1334,14,1348,3
2021-08-15,Monterey,053,433212,44846,44567,2352,46919,527
2021-08-15,Napa,055,140530,11180,10919,64,10983,83
2021-08-15,Nevada,057,99092,6757,6486,232,6718,74
2021-08-15,Orange,059,3164182,279532,275447,13299,288746,5161
2021-08-15,Placer,061,380077,28716,27220,2411,29631,306
2021-08-15,Plumas,063,18699,901,850,16,866,5
2021-08-15,Riverside,065,2383286,318572,314133,15683,329816,4582
2021-08-15,Sacramento,067,1510023,128614,123924,2642,126566,1761
2021-08-15,San Benito,069,59416,6517,6446,130,6576,64
2021-08-15,San Bernardino,071,2135413,317110,313120,10225,323345,5301
2021-08-15,San Diego,073,3302833,319885,314247,18363,332610,3824
2021-08-15,San Francisco,075,870044,45639,44531,2051,46582,567
2021-08-15,San Joaquin,077,732212,82709,80832,4423,85255,1488
2021-08-15,San Luis Obispo,079,281455,23783,23404,937,24341,265
2021-08-15,San Mateo,081,765935,47875,46897,869,47766,548
2021-08-15,Santa Barbara,083,443738,38040,37276,1431,38707,475
2021-08-15,Santa Clara,085,1922200,130343,127715,991,128706,1773
2021-08-15,Santa Cruz,087,273765,17760,17440,951,18391,209
2021-08-15,Shasta,089,179085,14319,13835,2029,15864,211
2021-08-15,Sierra,091,2930,84,82,14,96,0
2021-08-15,Siskiyou,093,43540,2247,2169,572,2741,33
2021-08-15,Solano,095,438530,39118,37320,890,38210,263
2021-08-15,Sonoma,097,501317,35958,34706,436,35142,333
2021-08-15,Stanislaus,099,539301,63406,61795,7180,68975,1039
2021-08-15,Sutter,101,95872,11079,10863,125,10988,130
2021-08-15,Tehama,103,63373,5670,5550,720,6270,66
2021-08-15,Trinity,105,12862,485,400,110,510,3
2021-08-15,Tulare,107,460477,52854,52046,11072,63118,856
2021-08-15,Tuolumne,109,53932,5145,4934,47,4981,64
2021-08-15,Ventura,111,848112,88079,86797,3903,90700,1052
2021-08-15,Yolo,113,214977,16332,15873,714,16587,225
2021-08-15,Yuba,115,75493,7442,7265,168,7433,51
2021-08-14,Alameda,001,1643700,104632,101305,2443,103748,1287
2021-08-14,Alpine,003,1148,91,91,0,91,0
2021-08-14,Amador,005,37829,4352,4206,40,4246,49
2021-08-14,Butte,007,227075,14565,14192,2401,16593,206
2021-08-14,Calaveras,009,45235,2633,2579,19,2598,57
2021-08-14,Colusa,011,21464,2185,2134,435,2569,16
2021-08-14,Contra Costa,013,1133247,84645,81458,1726,83184,848
2021-08-14,Del Norte,015,27424,2278,2015,16,2031,8
2021-08-14,El Dorado,017,186661,12583,12019,1078,13097,118
2021-08-14,Fresno,019,978130,111344,109056,10006,119062,1753
2021-08-14,Glenn,021,27897,2622,2583,666,3249,20
2021-08-14,Humboldt,023,135768,6273,5998,114,6112,52
2021-08-14,Imperial,025,180216,29794,29671,2990,32661,746
2021-08-14,Inyo,027,18085,1490,1487,5,1492,39
2021-08-14,Kern,029,883053,103781,102306,13797,116103,1367
2021-08-14,Kings,031,150075,25132,24647,1413,26060,254
2021-08-14,Lake,033,64148,4991,4850,37,4887,68
2021-08-14,Lassen,035,31185,5542,5475,138,5613,21
2021-08-14,Los Angeles,037,10098052,1313465,1299346,50792,1350138,24911
2021-08-14,Madera,039,155013,18097,17691,1204,18895,246
2021-08-14,Marin,041,260295,15751,15441,326,15767,239
2021-08-14,Mariposa,043,17540,621,584,14,598,5
2021-08-14,Mendocino,045,87422,5234,4977,160,5137,49
2021-08-14,Merced,047,269075,33696,33234,1166,34400,481
2021-08-14,Modoc,049,8938,435,421,150,571,5
2021-08-14,Mono,051,14174,1349,1332,14,1346,3
2021-08-14,Monterey,053,433212,44807,44514,2344,46858,527
2021-08-14,Napa,055,140530,11150,10878,63,10941,83
2021-08-14,Nevada,057,99092,6722,6419,231,6650,74
2021-08-14,Orange,059,3164182,279099,274732,13270,288002,5161
2021-08-14,Placer,061,380077,28571,27115,2386,29501,306
2021-08-14,Plumas,063,18699,892,849,16,865,5
2021-08-14,Riverside,065,2383286,317859,313264,15660,328924,4582
2021-08-14,Sacramento,067,1510023,128122,123438,2624,126062,1758
2021-08-14,San Benito,069,59416,6504,6428,130,6558,64
2021-08-14,San Bernardino,071,2135413,316560,312142,10204,322346,5301
2021-08-14,San Diego,073,3302833,319214,313589,18295,331884,3824
2021-08-14,San Francisco,075,870044,45513,44353,2030,46383,567
2021-08-14,San Joaquin,077,732212,82493,80585,4408,84993,1488
2021-08-14,San Luis Obispo,079,281455,23724,23328,934,24262,265
2021-08-14,San Mateo,081,765935,47765,46792,857,47649,548
2021-08-14,Santa Barbara,083,443738,37947,37118,1427,38545,475
2021-08-14,Santa Clara,085,1922200,130064,127432,988,128420,1772
2021-08-14,Santa Cruz,087,273765,17721,17384,950,18334,209
2021-08-14,Shasta,089,179085,14242,13813,2008,15821,211
2021-08-14,Sierra,091,2930,84,81,14,95,0
2021-08-14,Siskiyou,093,43540,2237,2160,562,2722,33
2021-08-14,Solano,095,438530,39031,37237,878,38115,263
2021-08-14,Sonoma,097,501317,35835,34606,434,35040,333
2021-08-14,Stanislaus,099,539301,63216,61564,7135,68699,1039
2021-08-14,Sutter,101,95872,11034,10808,124,10932,130
2021-08-14,Tehama,103,63373,5646,5530,716,6246,66
2021-08-14,Trinity,105,12862,480,399,110,509,3
2021-08-14,Tulare,107,460477,52719,51951,11026,62977,856
2021-08-14,Tuolumne,109,53932,5110,4924,47,4971,64
2021-08-14,Ventura,111,848112,87924,86569,3883,90452,1052
2021-08-14,Yolo,113,214977,16287,15815,704,16519,225
2021-08-14,Yuba,115,75493,7393,7223,168,7391,51
2021-08-13,Alameda,001,1643700,104333,100930,2434,103364,1284
2021-08-13,Alpine,003,1148,91,91,0,91,0
2021-08-13,Amador,005,37829,4324,4169,40,4209,49
2021-08-13,Butte,007,227075,14494,14100,2385,16485,206
2021-08-13,Calaveras,009,45235,2624,2564,19,2583,57
2021-08-13,Colusa,011,21464,2178,2123,430,2553,16
2021-08-13,Contra Costa,013,1133247,84333,81046,1718,82764,848
2021-08-13,Del Norte,015,27424,2237,1973,16,1989,8
2021-08-13,El Dorado,017,186661,12545,11951,1065,13016,118
2021-08-13,Fresno,019,978130,111057,108638,9985,118623,1753
2021-08-13,Glenn,021,27897,2611,2574,664,3238,20
2021-08-13,Humboldt,023,135768,6226,5882,111,5993,52
2021-08-13,Imperial,025,180216,29766,29654,2989,32643,745
2021-08-13,Inyo,027,18085,1489,1484,5,1489,39
2021-08-13,Kern,029,883053,103572,102029,13688,115717,1364
2021-08-13,Kings,031,150075,25049,24531,1405,25936,253
2021-08-13,Lake,033,64148,4968,4811,36,4847,68
2021-08-13,Lassen,035,31185,5534,5455,137,5592,21
2021-08-13,Los Angeles,037,10098052,1311159,1295406,50655,1346061,24891
2021-08-13,Madera,039,155013,18048,17614,1197,18811,246
2021-08-13,Marin,041,260295,15721,15380,326,15706,239
2021-08-13,Mariposa,043,17540,615,577,14,591,5
2021-08-13,Mendocino,045,87422,5187,4924,158,5082,49
2021-08-13,Merced,047,269075,33648,33111,1161,34272,480
2021-08-13,Modoc,049,8938,434,421,149,570,5
2021-08-13,Mono,051,14174,1346,1331,14,1345,3
2021-08-13,Monterey,053,433212,44754,44450,2336,46786,527
2021-08-13,Napa,055,140530,11114,10830,63,10893,83
2021-08-13,Nevada,057,99092,6681,6356,230,6586,74
2021-08-13,Orange,059,3164182,278606,274004,13221,287225,5159
2021-08-13,Placer,061,380077,28472,26987,2357,29344,306
2021-08-13,Plumas,063,18699,878,842,16,858,5
2021-08-13,Riverside,065,2383286,317123,312408,15635,328043,4581
2021-08-13,Sacramento,067,1510023,127656,122868,2596,125464,1758
2021-08-13,San Benito,069,59416,6498,6422,128,6550,64
2021-08-13,San Bernardino,071,2135413,315893,311378,10185,321563,5301
2021-08-13,San Diego,073,3302833,318168,312293,18215,330508,3821
2021-08-13,San Francisco,075,870044,45377,44196,2005,46201,567
2021-08-13,San Joaquin,077,732212,82279,80232,4391,84623,1481
2021-08-13,San Luis Obispo,079,281455,23663,23226,931,24157,265
2021-08-13,San Mateo,081,765935,47655,46660,848,47508,548
2021-08-13,Santa Barbara,083,443738,37864,37023,1423,38446,474
2021-08-13,Santa Clara,085,1922200,129777,126958,983,127941,1769
2021-08-13,Santa Cruz,087,273765,17682,17332,943,18275,209
2021-08-13,Shasta,089,179085,14178,13698,1994,15692,211
2021-08-13,Sierra,091,2930,83,81,14,95,0
2021-08-13,Siskiyou,093,43540,2228,2147,558,2705,33
2021-08-13,Solano,095,438530,38900,37104,870,37974,264
2021-08-13,Sonoma,097,501317,35730,34464,434,34898,333
2021-08-13,Stanislaus,099,539301,63033,61294,7093,68387,1039
2021-08-13,Sutter,101,95872,10990,10751,123,10874,130
2021-08-13,Tehama,103,63373,5622,5496,714,6210,66
2021-08-13,Trinity,105,12862,477,392,110,502,3
2021-08-13,Tulare,107,460477,52615,51770,10951,62721,856
2021-08-13,Tuolumne,109,53932,5077,4899,46,4945,64
2021-08-13,Ventura,111,848112,87766,86368,3869,90237,1052
2021-08-13,Yolo,113,214977,16234,15761,694,16455,225
2021-08-13,Yuba,115,75493,7356,7184,168,7352,51
2021-08-12,Alameda,001,1643700,103833,100472,2420,102892,1284
2021-08-12,Alpine,003,1148,91,91,0,91,0
2021-08-12,Amador,005,37829,4294,4161,39,4200,49
2021-08-12,Butte,007,227075,14417,14006,2366,16372,206
2021-08-12,Calaveras,009,45235,2604,2531,19,2550,57
2021-08-12,Colusa,011,21464,2173,2111,429,2540,17
2021-08-12,Contra Costa,013,1133247,83852,80738,1708,82446,846
2021-08-12,Del Norte,015,27424,2165,1923,16,1939,8
2021-08-12,El Dorado,017,186661,12430,11880,1057,12937,118
2021-08-12,Fresno,019,978130,110641,108193,9927,118120,1753
2021-08-12,Glenn,021,27897,2603,2559,657,3216,20
2021-08-12,Humboldt,023,135768,6156,5845,107,5952,52
2021-08-12,Imperial,025,180216,29709,29585,2983,32568,745
2021-08-12,Inyo,027,18085,1487,1483,5,1488,39
2021-08-12,Kern,029,883053,103288,101698,13605,115303,1364
2021-08-12,Kings,031,150075,24950,24423,1395,25818,252
2021-08-12,Lake,033,64148,4943,4774,35,4809,68
2021-08-12,Lassen,035,31185,5512,5428,136,5564,21
2021-08-12,Los Angeles,037,10098052,1307982,1291875,50516,1342391,24874
2021-08-12,Madera,039,155013,17984,17564,1189,18753,246
2021-08-12,Marin,041,260295,15672,15277,322,15599,239
2021-08-12,Mariposa,043,17540,606,568,13,581,5
2021-08-12,Mendocino,045,87422,5157,4873,152,5025,49
2021-08-12,Merced,047,269075,33524,32960,1154,34114,480
2021-08-12,Modoc,049,8938,433,423,149,572,5
2021-08-12,Mono,051,14174,1342,1325,14,1339,3
2021-08-12,Monterey,053,433212,44689,44383,2308,46691,527
2021-08-12,Napa,055,140530,11065,10780,62,10842,83
2021-08-12,Nevada,057,99092,6620,6283,230,6513,74
2021-08-12,Orange,059,3164182,277931,273167,13163,286330,5158
2021-08-12,Placer,061,380077,28272,26856,2333,29189,306
2021-08-12,Plumas,063,18699,870,829,16,845,5
2021-08-12,Riverside,065,2383286,316117,311304,15601,326905,4575
2021-08-12,Sacramento,067,1510023,126888,122222,2564,124786,1758
2021-08-12,San Benito,069,59416,6482,6398,125,6523,64
2021-08-12,San Bernardino,071,2135413,315019,310420,10154,320574,5297
2021-08-12,San Diego,073,3302833,316791,310596,18130,328726,3821
2021-08-12,San Francisco,075,870044,45172,43774,1988,45762,564
2021-08-12,San Joaquin,077,732212,81886,79945,4367,84312,1479
2021-08-12,San Luis Obispo,079,281455,23564,23101,917,24018,264
2021-08-12,San Mateo,081,765935,47522,46435,834,47269,548
2021-08-12,Santa Barbara,083,443738,37729,36881,1412,38293,473
2021-08-12,Santa Clara,085,1922200,129328,126614,977,127591,1769
2021-08-12,Santa Cruz,087,273765,17619,17261,941,18202,209
2021-08-12,Shasta,089,179085,14092,13621,1968,15589,211
2021-08-12,Sierra,091,2930,83,81,14,95,0
2021-08-12,Siskiyou,093,43540,2221,2134,548,2682,33
2021-08-12,Solano,095,438530,38675,36980,862,37842,262
2021-08-12,Sonoma,097,501317,35582,34299,431,34730,333
2021-08-12,Stanislaus,099,539301,62758,61026,7033,68059,1039
2021-08-12,Sutter,101,95872,10929,10695,121,10816,130
2021-08-12,Tehama,103,63373,5593,5462,704,6166,66
2021-08-12,Trinity,105,12862,473,386,109,495,3
2021-08-12,Tulare,107,460477,52471,51632,10899,62531,856
2021-08-12,Tuolumne,109,53932,5030,4845,44,4889,64
2021-08-12,Ventura,111,848112,87532,86106,3845,89951,1052
2021-08-12,Yolo,113,214977,16163,15686,681,16367,224
2021-08-12,Yuba,115,75493,7308,7128,167,7295,51
2021-08-11,Alameda,001,1643700,103302,100040,2415,102455,1281
2021-08-11,Alpine,003,1148,91,91,0,91,0
2021-08-11,Amador,005,37829,4270,4127,39,4166,49
2021-08-11,Butte,007,227075,14313,13905,2341,16246,206
2021-08-11,Calaveras,009,45235,2582,2505,19,2524,57
2021-08-11,Colusa,011,21464,2163,2101,427,2528,16
2021-08-11,Contra Costa,013,1133247,83354,80275,1694,81969,843
2021-08-11,Del Norte,015,27424,2106,1893,16,1909,8
2021-08-11,El Dorado,017,186661,12317,11799,1045,12844,119
2021-08-11,Fresno,019,978130,110184,107773,9884,117657,1751
2021-08-11,Glenn,021,27897,2595,2547,650,3197,20
2021-08-11,Humboldt,023,135768,6109,5765,106,5871,52
2021-08-11,Imperial,025,180216,29666,29565,2979,32544,745
2021-08-11,Inyo,027,18085,1487,1483,5,1488,39
2021-08-11,Kern,029,883053,102976,101448,13492,114940,1363
2021-08-11,Kings,031,150075,24836,24304,1386,25690,250
2021-08-11,Lake,033,64148,4906,4713,34,4747,68
2021-08-11,Lassen,035,31185,5503,5408,134,5542,21
2021-08-11,Los Angeles,037,10098052,1304678,1288238,50322,1338560,24851
2021-08-11,Madera,039,155013,17934,17511,1178,18689,245
2021-08-11,Marin,041,260295,15623,15235,322,15557,239
2021-08-11,Mariposa,043,17540,596,554,12,566,5
2021-08-11,Mendocino,045,87422,5088,4796,144,4940,49
2021-08-11,Merced,047,269075,33391,32802,1149,33951,479
2021-08-11,Modoc,049,8938,433,421,149,570,5
2021-08-11,Mono,051,14174,1338,1320,14,1334,3
2021-08-11,Monterey,053,433212,44599,44314,2281,46595,527
2021-08-11,Napa,055,140530,11024,10732,62,10794,83
2021-08-11,Nevada,057,99092,6566,6172,227,6399,74
2021-08-11,Orange,059,3164182,277083,272212,13119,285331,5155
2021-08-11,Placer,061,380077,28060,26687,2307,28994,305
2021-08-11,Plumas,063,18699,861,824,16,840,5
2021-08-11,Riverside,065,2383286,315134,310265,15557,325822,4570
2021-08-11,Sacramento,067,1510023,126095,121603,2520,124123,1757
2021-08-11,San Benito,069,59416,6469,6381,125,6506,64
2021-08-11,San Bernardino,071,2135413,314128,309498,10132,319630,5296
2021-08-11,San Diego,073,3302833,315306,309406,18031,327437,3818
2021-08-11,San Francisco,075,870044,44951,43555,1978,45533,564
2021-08-11,San Joaquin,077,732212,81482,79641,4341,83982,1478
2021-08-11,San Luis Obispo,079,281455,23460,22920,910,23830,264
2021-08-11,San Mateo,081,765935,47366,46300,820,47120,548
2021-08-11,Santa Barbara,083,443738,37568,36699,1402,38101,472
2021-08-11,Santa Clara,085,1922200,128849,126301,968,127269,1769
2021-08-11,Santa Cruz,087,273765,17553,17191,938,18129,209
2021-08-11,Shasta,089,179085,14018,13546,1952,15498,211
2021-08-11,Sierra,091,2930,82,81,14,95,0
2021-08-11,Siskiyou,093,43540,2207,2124,541,2665,33
2021-08-11,Solano,095,438530,38448,36862,848,37710,262
2021-08-11,Sonoma,097,501317,35405,34188,426,34614,333
2021-08-11,Stanislaus,099,539301,62415,60767,7002,67769,1037
2021-08-11,Sutter,101,95872,10857,10628,121,10749,130
2021-08-11,Tehama,103,63373,5564,5410,687,6097,66
2021-08-11,Trinity,105,12862,471,385,109,494,3
2021-08-11,Tulare,107,460477,52306,51464,10851,62315,854
2021-08-11,Tuolumne,109,53932,4998,4794,44,4838,64
2021-08-11,Ventura,111,848112,87282,85863,3823,89686,1051
2021-08-11,Yolo,113,214977,16089,15593,667,16260,218
2021-08-11,Yuba,115,75493,7249,7063,166,7229,53
2021-08-10,Alameda,001,1643700,102814,99771,2406,102177,1281
2021-08-10,Alpine,003,1148,91,91,0,91,0
2021-08-10,Amador,005,37829,4254,4093,39,4132,49
2021-08-10,Butte,007,227075,14229,13853,2319,16172,205
2021-08-10,Calaveras,009,45235,2559,2491,17,2508,57
2021-08-10,Colusa,011,21464,2150,2088,418,2506,16
2021-08-10,Contra Costa,013,1133247,82816,80018,1684,81702,840
2021-08-10,Del Norte,015,27424,2062,1870,16,1886,8
2021-08-10,El Dorado,017,186661,12218,11734,1035,12769,117
2021-08-10,Fresno,019,978130,109734,107616,9831,117447,1747
2021-08-10,Glenn,021,27897,2582,2538,643,3181,20
2021-08-10,Humboldt,023,135768,6055,5718,103,5821,52
2021-08-10,Imperial,025,180216,29630,29522,2973,32495,745
2021-08-10,Inyo,027,18085,1487,1482,5,1487,39
2021-08-10,Kern,029,883053,102652,101254,13390,114644,1359
2021-08-10,Kings,031,150075,24708,24252,1370,25622,251
2021-08-10,Lake,033,64148,4866,4700,33,4733,67
2021-08-10,Lassen,035,31185,5485,5401,134,5535,21
2021-08-10,Los Angeles,037,10098052,1300945,1285140,50151,1335291,24821
2021-08-10,Madera,039,155013,17862,17481,1168,18649,245
2021-08-10,Marin,041,260295,15576,15194,322,15516,239
2021-08-10,Mariposa,043,17540,583,550,12,562,5
2021-08-10,Mendocino,045,87422,5043,4775,141,4916,49
2021-08-10,Merced,047,269075,33243,32721,1141,33862,477
2021-08-10,Modoc,049,8938,432,421,149,570,5
2021-08-10,Mono,051,14174,1333,1320,14,1334,3
2021-08-10,Monterey,053,433212,44549,44259,2255,46514,527
2021-08-10,Napa,055,140530,10968,10703,61,10764,83
2021-08-10,Nevada,057,99092,6500,6151,226,6377,73
2021-08-10,Orange,059,3164182,276206,271688,13069,284757,5155
2021-08-10,Placer,061,380077,27841,26561,2264,28825,305
2021-08-10,Plumas,063,18699,852,816,16,832,5
2021-08-10,Riverside,065,2383286,314023,309529,15531,325060,4564
2021-08-10,Sacramento,067,1510023,125242,121159,2491,123650,1755
2021-08-10,San Benito,069,59416,6455,6371,125,6496,64
2021-08-10,San Bernardino,071,2135413,313208,308672,10115,318787,5295
2021-08-10,San Diego,073,3302833,313645,308288,17954,326242,3815
2021-08-10,San Francisco,075,870044,44712,43389,1949,45338,564
2021-08-10,San Joaquin,077,732212,81082,79391,4324,83715,1478
2021-08-10,San Luis Obispo,079,281455,23334,22776,908,23684,264
2021-08-10,San Mateo,081,765935,47208,46184,802,46986,548
2021-08-10,Santa Barbara,083,443738,37404,36574,1395,37969,472
2021-08-10,Santa Clara,085,1922200,128389,126019,959,126978,1770
2021-08-10,Santa Cruz,087,273765,17470,17142,936,18078,209
2021-08-10,Shasta,089,179085,13941,13461,1927,15388,211
2021-08-10,Sierra,091,2930,82,76,14,90,0
2021-08-10,Siskiyou,093,43540,2199,2088,533,2621,33
2021-08-10,Solano,095,438530,38212,36767,839,37606,262
2021-08-10,Sonoma,097,501317,35261,34054,423,34477,333
2021-08-10,Stanislaus,099,539301,62067,60605,6964,67569,1037
2021-08-10,Sutter,101,95872,10792,10569,121,10690,130
2021-08-10,Tehama,103,63373,5535,5392,682,6074,66
2021-08-10,Trinity,105,12862,471,384,109,493,3
2021-08-10,Tulare,107,460477,52144,51390,10799,62189,854
2021-08-10,Tuolumne,109,53932,4970,4780,42,4822,64
2021-08-10,Ventura,111,848112,86995,85714,3802,89516,1051
2021-08-10,Yolo,113,214977,16003,15568,655,16223,218
2021-08-10,Yuba,115,75493,7199,7028,166,7194,50
2021-08-09,Alameda,001,1643700,102253,99496,2402,101898,1276
2021-08-09,Alpine,003,1148,91,91,0,91,0
2021-08-09,Amador,005,37829,4228,4078,39,4117,48
2021-08-09,Butte,007,227075,14135,13813,2286,16099,205
2021-08-09,Calaveras,009,45235,2531,2472,17,2489,57
2021-08-09,Colusa,011,21464,2140,2075,410,2485,16
2021-08-09,Contra Costa,013,1133247,82272,79740,1673,81413,840
2021-08-09,Del Norte,015,27424,1994,1848,16,1864,8
2021-08-09,El Dorado,017,186661,12110,11672,1021,12693,117
2021-08-09,Fresno,019,978130,109242,107310,9795,117105,1747
2021-08-09,Glenn,021,27897,2571,2532,633,3165,20
2021-08-09,Humboldt,023,135768,5964,5632,101,5733,52
2021-08-09,Imperial,025,180216,29586,29512,2969,32481,745
2021-08-09,Inyo,027,18085,1487,1481,5,1486,39
2021-08-09,Kern,029,883053,102343,101069,13302,114371,1359
2021-08-09,Kings,031,150075,24602,24155,1354,25509,250
2021-08-09,Lake,033,64148,4831,4670,31,4701,66
2021-08-09,Lassen,035,31185,5463,5393,133,5526,21
2021-08-09,Los Angeles,037,10098052,1296954,1282891,49954,1332845,24798
2021-08-09,Madera,039,155013,17803,17429,1148,18577,245
2021-08-09,Marin,041,260295,15523,15154,321,15475,239
2021-08-09,Mariposa,043,17540,570,545,12,557,5
2021-08-09,Mendocino,045,87422,4992,4732,133,4865,49
2021-08-09,Merced,047,269075,33097,32666,1134,33800,477
2021-08-09,Modoc,049,8938,432,419,149,568,5
2021-08-09,Mono,051,14174,1330,1337,14,1351,3
2021-08-09,Monterey,053,433212,44485,44190,2230,46420,527
2021-08-09,Napa,055,140530,10921,10679,61,10740,83
2021-08-09,Nevada,057,99092,6430,6088,225,6313,73
2021-08-09,Orange,059,3164182,275175,271036,13017,284053,5153
2021-08-09,Placer,061,380077,27619,26457,2232,28689,305
2021-08-09,Plumas,063,18699,835,803,16,819,5
2021-08-09,Riverside,065,2383286,312946,308678,15511,324189,4562
2021-08-09,Sacramento,067,1510023,124411,120812,2465,123277,1748
2021-08-09,San Benito,069,59416,6435,6359,123,6482,63
2021-08-09,San Bernardino,071,2135413,312226,308038,10091,318129,5295
2021-08-09,San Diego,073,3302833,311975,306855,17859,324714,3811
2021-08-09,San Francisco,075,870044,44471,43261,1929,45190,564
2021-08-09,San Joaquin,077,732212,80701,79198,4306,83504,1469
2021-08-09,San Luis Obispo,079,281455,23197,22695,899,23594,264
2021-08-09,San Mateo,081,765935,47053,46040,781,46821,548
2021-08-09,Santa Barbara,083,443738,37220,36474,1388,37862,470
2021-08-09,Santa Clara,085,1922200,127885,125791,948,126739,2187
2021-08-09,Santa Cruz,087,273765,17409,17082,936,18018,209
2021-08-09,Shasta,089,179085,13825,13397,1916,15313,210
2021-08-09,Sierra,091,2930,81,75,14,89,0
2021-08-09,Siskiyou,093,43540,2188,2047,515,2562,32
2021-08-09,Solano,095,438530,37947,36653,836,37489,262
2021-08-09,Sonoma,097,501317,35081,33933,421,34354,333
2021-08-09,Stanislaus,099,539301,61786,60410,6911,67321,1037
2021-08-09,Sutter,101,95872,10744,10525,118,10643,129
2021-08-09,Tehama,103,63373,5492,5373,680,6053,66
2021-08-09,Trinity,105,12862,469,378,107,485,3
2021-08-09,Tulare,107,460477,51988,51274,10733,62007,854
2021-08-09,Tuolumne,109,53932,4928,4745,42,4787,64
2021-08-09,Ventura,111,848112,86724,85514,3792,89306,1047
2021-08-09,Yolo,113,214977,15925,15521,634,16155,218
2021-08-09,Yuba,115,75493,7142,6994,166,7160,50
2021-08-08,Alameda,001,1643700,101696,99135,2394,101529,1276
2021-08-08,Alpine,003,1148,91,91,0,91,0
2021-08-08,Amador,005,37829,4194,4057,38,4095,48
2021-08-08,Butte,007,227075,14050,13791,2267,16058,205
2021-08-08,Calaveras,009,45235,2499,2462,17,2479,57
2021-08-08,Colusa,011,21464,2123,2070,403,2473,16
2021-08-08,Contra Costa,013,1133247,81749,79454,1666,81120,840
2021-08-08,Del Norte,015,27424,1948,1810,16,1826,8
2021-08-08,El Dorado,017,186661,11992,11631,1010,12641,117
2021-08-08,Fresno,019,978130,108804,107078,9762,116840,1747
2021-08-08,Glenn,021,27897,2561,2527,628,3155,20
2021-08-08,Humboldt,023,135768,5873,5571,101,5672,52
2021-08-08,Imperial,025,180216,29562,29485,2959,32444,745
2021-08-08,Inyo,027,18085,1487,1481,5,1486,39
2021-08-08,Kern,029,883053,102024,100909,13189,114098,1359
2021-08-08,Kings,031,150075,24488,24095,1345,25440,250
2021-08-08,Lake,033,64148,4782,4636,30,4666,66
2021-08-08,Lassen,035,31185,5448,5391,132,5523,21
2021-08-08,Los Angeles,037,10098052,1292722,1279982,49764,1329746,24793
2021-08-08,Madera,039,155013,17726,17398,1131,18529,245
2021-08-08,Marin,041,260295,15470,15124,319,15443,239
2021-08-08,Mariposa,043,17540,566,538,12,550,5
2021-08-08,Mendocino,045,87422,4930,4702,119,4821,49
2021-08-08,Merced,047,269075,32951,32634,1124,33758,477
2021-08-08,Modoc,049,8938,431,419,148,567,5
2021-08-08,Mono,051,14174,1326,1336,14,1350,3
2021-08-08,Monterey,053,433212,44424,44171,2209,46380,527
2021-08-08,Napa,055,140530,10885,10668,61,10729,83
2021-08-08,Nevada,057,99092,6345,6009,223,6232,73
2021-08-08,Orange,059,3164182,274266,270532,12977,283509,5153
2021-08-08,Placer,061,380077,27414,26332,2190,28522,305
2021-08-08,Plumas,063,18699,826,803,16,819,5
2021-08-08,Riverside,065,2383286,311826,308042,15485,323527,4562
2021-08-08,Sacramento,067,1510023,123585,120109,2453,122562,1744
2021-08-08,San Benito,069,59416,6418,6350,122,6472,63
2021-08-08,San Bernardino,071,2135413,311080,307378,10061,317439,5295
2021-08-08,San Diego,073,3302833,310627,305983,17765,323748,3811
2021-08-08,San Francisco,075,870044,44219,43098,1902,45000,564
2021-08-08,San Joaquin,077,732212,80253,79002,4290,83292,1469
2021-08-08,San Luis Obispo,079,281455,23023,22668,891,23559,263
2021-08-08,San Mateo,081,765935,46875,45927,766,46693,548
2021-08-08,Santa Barbara,083,443738,37044,36417,1381,37798,470
2021-08-08,Santa Clara,085,1922200,127435,125553,942,126495,2187
2021-08-08,Santa Cruz,087,273765,17334,17035,931,17966,209
2021-08-08,Shasta,089,179085,13740,13381,1905,15286,210
2021-08-08,Sierra,091,2930,81,74,14,88,0
2021-08-08,Siskiyou,093,43540,2172,2041,510,2551,32
2021-08-08,Solano,095,438530,37716,36551,834,37385,262
2021-08-08,Sonoma,097,501317,34837,33805,420,34225,333
2021-08-08,Stanislaus,099,539301,61445,60269,6864,67133,1037
2021-08-08,Sutter,101,95872,10684,10481,117,10598,129
2021-08-08,Tehama,103,63373,5454,5359,677,6036,66
2021-08-08,Trinity,105,12862,464,378,107,485,3
2021-08-08,Tulare,107,460477,51808,51220,10673,61893,854
2021-08-08,Tuolumne,109,53932,4889,4731,42,4773,64
2021-08-08,Ventura,111,848112,86434,85382,3782,89164,1047
2021-08-08,Yolo,113,214977,15833,15477,627,16104,218
2021-08-08,Yuba,115,75493,7103,6967,166,7133,50
2021-08-07,Alameda,001,1643700,101446,98812,2388,101200,1276
2021-08-07,Alpine,003,1148,91,91,0,91,0
2021-08-07,Amador,005,37829,4177,4041,37,4078,48
2021-08-07,Butte,007,227075,13999,13714,2255,15969,205
2021-08-07,Calaveras,009,45235,2489,2446,17,2463,57
2021-08-07,Colusa,011,21464,2118,2067,394,2461,16
2021-08-07,Contra Costa,013,1133247,81454,79168,1662,80830,840
2021-08-07,Del Norte,015,27424,1916,1791,16,1807,8
2021-08-07,El Dorado,017,186661,11942,11575,1001,12576,117
2021-08-07,Fresno,019,978130,108603,106861,9740,116601,1747
2021-08-07,Glenn,021,27897,2555,2515,626,3141,20
2021-08-07,Humboldt,023,135768,5823,5510,98,5608,52
2021-08-07,Imperial,025,180216,29543,29470,2959,32429,745
2021-08-07,Inyo,027,18085,1485,1476,5,1481,39
2021-08-07,Kern,029,883053,101868,100693,13133,113826,1359
2021-08-07,Kings,031,150075,24430,24048,1339,25387,250
2021-08-07,Lake,033,64148,4761,4613,30,4643,66
2021-08-07,Lassen,035,31185,5444,5386,132,5518,21
2021-08-07,Los Angeles,037,10098052,1290729,1276853,49606,1326459,24786
2021-08-07,Madera,039,155013,17694,17366,1125,18491,245
2021-08-07,Marin,041,260295,15437,15085,317,15402,239
2021-08-07,Mariposa,043,17540,563,530,12,542,5
2021-08-07,Mendocino,045,87422,4894,4690,117,4807,49
2021-08-07,Merced,047,269075,32887,32569,1121,33690,477
2021-08-07,Modoc,049,8938,431,419,148,567,5
2021-08-07,Mono,051,14174,1324,1329,14,1343,3
2021-08-07,Monterey,053,433212,44376,44124,2200,46324,527
2021-08-07,Napa,055,140530,10864,10658,60,10718,83
2021-08-07,Nevada,057,99092,6295,5967,221,6188,73
2021-08-07,Orange,059,3164182,273679,269900,12945,282845,5153
2021-08-07,Placer,061,380077,27227,26244,2182,28426,305
2021-08-07,Plumas,063,18699,822,801,16,817,5
2021-08-07,Riverside,065,2383286,311156,307326,15476,322802,4562
2021-08-07,Sacramento,067,1510023,123084,119636,2448,122084,1744
2021-08-07,San Benito,069,59416,6408,6332,122,6454,63
2021-08-07,San Bernardino,071,2135413,310491,306663,10043,316706,5295
2021-08-07,San Diego,073,3302833,309875,304974,17727,322701,3811
2021-08-07,San Francisco,075,870044,44059,42926,1875,44801,564
2021-08-07,San Joaquin,077,732212,80089,78769,4276,83045,1469
2021-08-07,San Luis Obispo,079,281455,22957,22579,890,23469,263
2021-08-07,San Mateo,081,765935,46759,45804,755,46559,548
2021-08-07,Santa Barbara,083,443738,36948,36303,1375,37678,470
2021-08-07,Santa Clara,085,1922200,127164,125196,937,126133,2188
2021-08-07,Santa Cruz,087,273765,17292,16994,929,17923,209
2021-08-07,Shasta,089,179085,13685,13361,1897,15258,210
2021-08-07,Sierra,091,2930,81,74,14,88,0
2021-08-07,Siskiyou,093,43540,2160,2039,508,2547,32
2021-08-07,Solano,095,438530,37600,36458,826,37284,262
2021-08-07,Sonoma,097,501317,34715,33716,420,34136,333
2021-08-07,Stanislaus,099,539301,61257,60093,6833,66926,1037
2021-08-07,Sutter,101,95872,10647,10447,117,10564,129
2021-08-07,Tehama,103,63373,5444,5343,672,6015,66
2021-08-07,Trinity,105,12862,460,377,106,483,3
2021-08-07,Tulare,107,460477,51722,51133,10635,61768,854
2021-08-07,Tuolumne,109,53932,4859,4721,42,4763,64
2021-08-07,Ventura,111,848112,86255,85232,3766,88998,1047
2021-08-07,Yolo,113,214977,15790,15423,619,16042,218
2021-08-07,Yuba,115,75493,7079,6937,164,7101,50
2021-08-06,Alameda,001,1643700,101115,98487,2381,100868,1275
2021-08-06,Alpine,003,1148,91,91,0,91,0
2021-08-06,Amador,005,37829,4156,4002,37,4039,48
2021-08-06,Butte,007,227075,13951,13626,2243,15869,205
2021-08-06,Calaveras,009,45235,2479,2419,17,2436,57
2021-08-06,Colusa,011,21464,2112,2045,388,2433,16
2021-08-06,Contra Costa,013,1133247,81159,78796,1656,80452,840
2021-08-06,Del Norte,015,27424,1889,1755,16,1771,8
2021-08-06,El Dorado,017,186661,11893,11498,989,12487,117
2021-08-06,Fresno,019,978130,108343,106542,9714,116256,1747
2021-08-06,Glenn,021,27897,2540,2504,624,3128,20
2021-08-06,Humboldt,023,135768,5772,5421,95,5516,52
2021-08-06,Imperial,025,180216,29532,29404,2955,32359,745
2021-08-06,Inyo,027,18085,1482,1471,5,1476,39
2021-08-06,Kern,029,883053,101691,100427,13047,113474,1359
2021-08-06,Kings,031,150075,24373,23974,1335,25309,250
2021-08-06,Lake,033,64148,4738,4557,30,4587,66
2021-08-06,Lassen,035,31185,5424,5368,130,5498,21
2021-08-06,Los Angeles,037,10098052,1288252,1273081,49453,1322534,24772
2021-08-06,Madera,039,155013,17655,17324,1116,18440,245
2021-08-06,Marin,041,260295,15404,15051,317,15368,239
2021-08-06,Mariposa,043,17540,554,511,12,523,5
2021-08-06,Mendocino,045,87422,4852,4649,116,4765,49
2021-08-06,Merced,047,269075,32827,32456,1118,33574,477
2021-08-06,Modoc,049,8938,431,419,148,567,5
2021-08-06,Mono,051,14174,1322,1328,14,1342,3
2021-08-06,Monterey,053,433212,44318,44058,2177,46235,527
2021-08-06,Napa,055,140530,10837,10620,60,10680,83
2021-08-06,Nevada,057,99092,6239,5874,221,6095,73
2021-08-06,Orange,059,3164182,273117,269077,12928,282005,5151
2021-08-06,Placer,061,380077,27104,26086,2160,28246,305
2021-08-06,Plumas,063,18699,813,795,16,811,5
2021-08-06,Riverside,065,2383286,310446,306304,15465,321769,4562
2021-08-06,Sacramento,067,1510023,122597,119169,2428,121597,1740
2021-08-06,San Benito,069,59416,6391,6315,122,6437,63
2021-08-06,San Bernardino,071,2135413,309793,305806,10034,315840,5286
2021-08-06,San Diego,073,3302833,308843,303691,17678,321369,3810
2021-08-06,San Francisco,075,870044,43907,42659,1852,44511,565
2021-08-06,San Joaquin,077,732212,79942,78405,4263,82668,1469
2021-08-06,San Luis Obispo,079,281455,22891,22472,885,23357,263
2021-08-06,San Mateo,081,765935,46618,45665,739,46404,548
2021-08-06,Santa Barbara,083,443738,36859,36208,1370,37578,470
2021-08-06,Santa Clara,085,1922200,126873,124767,932,125699,2185
2021-08-06,Santa Cruz,087,273765,17250,16924,925,17849,207
2021-08-06,Shasta,089,179085,13619,13284,1891,15175,210
2021-08-06,Sierra,091,2930,81,73,14,87,0
2021-08-06,Siskiyou,093,43540,2150,2030,504,2534,32
2021-08-06,Solano,095,438530,37491,36351,817,37168,262
2021-08-06,Sonoma,097,501317,34628,33594,419,34013,333
2021-08-06,Stanislaus,099,539301,61105,59854,6811,66665,1037
2021-08-06,Sutter,101,95872,10604,10391,117,10508,128
2021-08-06,Tehama,103,63373,5420,5325,671,5996,66
2021-08-06,Trinity,105,12862,459,371,105,476,3
2021-08-06,Tulare,107,460477,51623,51018,10587,61605,854
2021-08-06,Tuolumne,109,53932,4832,4674,42,4716,64
2021-08-06,Ventura,111,848112,86084,85046,3754,88800,1047
2021-08-06,Yolo,113,214977,15738,15299,612,15911,218
2021-08-06,Yuba,115,75493,7056,6904,164,7068,50
2021-08-05,Alameda,001,1643700,100624,98052,2376,100428,1275
2021-08-05,Alpine,003,1148,91,91,0,91,0
2021-08-05,Amador,005,37829,4136,3992,37,4029,48
2021-08-05,Butte,007,227075,13895,13564,2221,15785,206
2021-08-05,Calaveras,009,45235,2461,2397,17,2414,57
2021-08-05,Colusa,011,21464,2100,2036,384,2420,16
2021-08-05,Contra Costa,013,1133247,80732,78514,1648,80162,840
2021-08-05,Del Norte,015,27424,1862,1731,16,1747,8
2021-08-05,El Dorado,017,186661,11809,11408,978,12386,117
2021-08-05,Fresno,019,978130,107974,106219,9678,115897,1747
2021-08-05,Glenn,021,27897,2535,2494,621,3115,20
2021-08-05,Humboldt,023,135768,5699,5328,94,5422,52
2021-08-05,Imperial,025,180216,29501,29383,2951,32334,745
2021-08-05,Inyo,027,18085,1478,1468,5,1473,38
2021-08-05,Kern,029,883053,101469,100091,12962,113053,1358
2021-08-05,Kings,031,150075,24289,23906,1330,25236,249
2021-08-05,Lake,033,64148,4699,4490,28,4518,66
2021-08-05,Lassen,035,31185,5416,5344,130,5474,21
2021-08-05,Los Angeles,037,10098052,1285047,1269445,49322,1318767,24756
2021-08-05,Madera,039,155013,17614,17301,1108,18409,245
2021-08-05,Marin,041,260295,15360,15005,313,15318,239
2021-08-05,Mariposa,043,17540,543,504,11,515,5
2021-08-05,Mendocino,045,87422,4809,4597,107,4704,49
2021-08-05,Merced,047,269075,32760,32381,1107,33488,477
2021-08-05,Modoc,049,8938,430,418,148,566,5
2021-08-05,Mono,051,14174,1312,1309,14,1323,3
2021-08-05,Monterey,053,433212,44266,43992,2156,46148,527
2021-08-05,Napa,055,140530,10801,10591,58,10649,83
2021-08-05,Nevada,057,99092,6158,5778,218,5996,73
2021-08-05,Orange,059,3164182,272341,268329,12903,281232,5149
2021-08-05,Placer,061,380077,26907,25965,2131,28096,305
2021-08-05,Plumas,063,18699,807,787,15,802,5
2021-08-05,Riverside,065,2383286,309531,305415,15436,320851,4562
2021-08-05,Sacramento,067,1510023,121890,118590,2415,121005,1739
2021-08-05,San Benito,069,59416,6373,6305,122,6427,63
2021-08-05,San Bernardino,071,2135413,308960,304956,10013,314969,5284
2021-08-05,San Diego,073,3302833,307565,302220,17601,319821,3806
2021-08-05,San Francisco,075,870044,43701,42301,1839,44140,564
2021-08-05,San Joaquin,077,732212,79581,78151,4246,82397,1468
2021-08-05,San Luis Obispo,079,281455,22778,22362,880,23242,263
2021-08-05,San Mateo,081,765935,46456,45554,726,46280,548
2021-08-05,Santa Barbara,083,443738,36754,36112,1367,37479,470
2021-08-05,Santa Clara,085,1922200,126539,124490,931,125421,2185
2021-08-05,Santa Cruz,087,273765,17207,16867,922,17789,207
2021-08-05,Shasta,089,179085,13562,13217,1882,15099,210
2021-08-05,Sierra,091,2930,76,73,14,87,0
2021-08-05,Siskiyou,093,43540,2129,2024,494,2518,32
2021-08-05,Solano,095,438530,37317,36250,810,37060,262
2021-08-05,Sonoma,097,501317,34492,33455,418,33873,330
2021-08-05,Stanislaus,099,539301,60859,59692,6772,66464,1037
2021-08-05,Sutter,101,95872,10549,10349,117,10466,127
2021-08-05,Tehama,103,63373,5402,5305,667,5972,66
2021-08-05,Trinity,105,12862,453,367,105,472,3
2021-08-05,Tulare,107,460477,51508,50889,10528,61417,854
2021-08-05,Tuolumne,109,53932,4802,4619,42,4661,64
2021-08-05,Ventura,111,848112,85834,84837,3740,88577,1047
2021-08-05,Yolo,113,214977,15673,15250,601,15851,218
2021-08-05,Yuba,115,75493,7013,6872,162,7034,50
2021-08-04,Alameda,001,1643700,100119,97477,2365,99842,1274
2021-08-04,Alpine,003,1148,91,91,0,91,0
2021-08-04,Amador,005,37829,4106,3962,36,3998,48
2021-08-04,Butte,007,227075,13830,13509,2203,15712,205
2021-08-04,Calaveras,009,45235,2438,2374,17,2391,57
2021-08-04,Colusa,011,21464,2088,2025,378,2403,16
2021-08-04,Contra Costa,013,1133247,80217,77966,1642,79608,840
2021-08-04,Del Norte,015,27424,1839,1701,16,1717,8
2021-08-04,El Dorado,017,186661,11730,11319,967,12286,117
2021-08-04,Fresno,019,978130,107610,105899,9641,115540,1747
2021-08-04,Glenn,021,27897,2528,2487,621,3108,20
2021-08-04,Humboldt,023,135768,5623,5271,93,5364,52
2021-08-04,Imperial,025,180216,29453,29375,2949,32324,745
2021-08-04,Inyo,027,18085,1477,1465,5,1470,38
2021-08-04,Kern,029,883053,101219,99868,12877,112745,1358
2021-08-04,Kings,031,150075,24219,23840,1322,25162,250
2021-08-04,Lake,033,64148,4668,4423,22,4445,65
2021-08-04,Lassen,035,31185,5408,5340,130,5470,21
2021-08-04,Los Angeles,037,10098052,1281583,1265788,49158,1314946,24737
2021-08-04,Madera,039,155013,17579,17251,1101,18352,245
2021-08-04,Marin,041,260295,15313,14950,312,15262,239
2021-08-04,Mariposa,043,17540,528,497,11,508,5
2021-08-04,Mendocino,045,87422,4785,4560,103,4663,49
2021-08-04,Merced,047,269075,32622,32274,1102,33376,476
2021-08-04,Modoc,049,8938,430,416,148,564,5
2021-08-04,Mono,051,14174,1309,1307,14,1321,3
2021-08-04,Monterey,053,433212,44207,43926,2139,46065,526
2021-08-04,Napa,055,140530,10763,10544,58,10602,82
2021-08-04,Nevada,057,99092,6093,5702,217,5919,73
2021-08-04,Orange,059,3164182,271471,267199,12862,280061,5146
2021-08-04,Placer,061,380077,26690,25688,2111,27799,305
2021-08-04,Plumas,063,18699,800,784,15,799,5
2021-08-04,Riverside,065,2383286,308606,304272,15410,319682,4562
2021-08-04,Sacramento,067,1510023,121136,117882,2386,120268,1736
2021-08-04,San Benito,069,59416,6358,6300,122,6422,63
2021-08-04,San Bernardino,071,2135413,308107,304164,9995,314159,5285
2021-08-04,San Diego,073,3302833,306046,301100,17540,318640,3805
2021-08-04,San Francisco,075,870044,43451,41913,1822,43735,562
2021-08-04,San Joaquin,077,732212,79226,77846,4234,82080,1466
2021-08-04,San Luis Obispo,079,281455,22671,22245,874,23119,262
2021-08-04,San Mateo,081,765935,46292,45392,718,46110,548
2021-08-04,Santa Barbara,083,443738,36627,36013,1358,37371,470
2021-08-04,Santa Clara,085,1922200,126148,124127,924,125051,2183
2021-08-04,Santa Cruz,087,273765,17145,16820,915,17735,208
2021-08-04,Shasta,089,179085,13510,13134,1871,15005,211
2021-08-04,Sierra,091,2930,76,73,14,87,0
2021-08-04,Siskiyou,093,43540,2109,2010,489,2499,32
2021-08-04,Solano,095,438530,37120,36025,801,36826,262
2021-08-04,Sonoma,097,501317,34321,33311,416,33727,330
2021-08-04,Stanislaus,099,539301,60620,59396,6732,66128,1037
2021-08-04,Sutter,101,95872,10512,10294,117,10411,127
2021-08-04,Tehama,103,63373,5376,5281,662,5943,66
2021-08-04,Trinity,105,12862,451,362,102,464,3
2021-08-04,Tulare,107,460477,51399,50797,10483,61280,855
2021-08-04,Tuolumne,109,53932,4777,4584,42,4626,64
2021-08-04,Ventura,111,848112,85578,84406,3717,88123,1047
2021-08-04,Yolo,113,214977,15595,15189,588,15777,215
2021-08-04,Yuba,115,75493,6973,6827,160,6987,50
2021-08-03,Alameda,001,1643700,99660,97275,2360,99635,1270
2021-08-03,Alpine,003,1148,91,91,0,91,0
2021-08-03,Amador,005,37829,4070,3953,36,3989,48
2021-08-03,Butte,007,227075,13765,13468,2188,15656,205
2021-08-03,Calaveras,009,45235,2415,2356,17,2373,57
2021-08-03,Colusa,011,21464,2075,2023,372,2395,16
2021-08-03,Contra Costa,013,1133247,79734,77739,1636,79375,836
2021-08-03,Del Norte,015,27424,1808,1691,15,1706,8
2021-08-03,El Dorado,017,186661,11639,11255,957,12212,117
2021-08-03,Fresno,019,978130,107251,105732,9609,115341,1746
2021-08-03,Glenn,021,27897,2521,2481,619,3100,20
2021-08-03,Humboldt,023,135768,5558,5199,88,5287,52
2021-08-03,Imperial,025,180216,29431,29333,2942,32275,745
2021-08-03,Inyo,027,18085,1474,1459,5,1464,38
2021-08-03,Kern,029,883053,100958,99708,12798,112506,1358
2021-08-03,Kings,031,150075,24131,23780,1315,25095,249
2021-08-03,Lake,033,64148,4612,4408,18,4426,66
2021-08-03,Lassen,035,31185,5398,5341,130,5471,21
2021-08-03,Los Angeles,037,10098052,1277863,1262678,48979,1311657,24721
2021-08-03,Madera,039,155013,17539,17220,1085,18305,245
2021-08-03,Marin,041,260295,15264,14906,309,15215,243
2021-08-03,Mariposa,043,17540,517,495,11,506,5
2021-08-03,Mendocino,045,87422,4736,4546,101,4647,49
2021-08-03,Merced,047,269075,32539,32197,1100,33297,476
2021-08-03,Modoc,049,8938,430,416,148,564,5
2021-08-03,Mono,051,14174,1304,1303,14,1317,3
2021-08-03,Monterey,053,433212,44147,43872,2123,45995,525
2021-08-03,Napa,055,140530,10720,10527,57,10584,82
2021-08-03,Nevada,057,99092,6012,5685,216,5901,73
2021-08-03,Orange,059,3164182,270732,266649,12830,279479,5146
2021-08-03,Placer,061,380077,26488,25624,2086,27710,305
2021-08-03,Plumas,063,18699,794,779,15,794,5
2021-08-03,Riverside,065,2383286,307684,303499,15383,318882,4562
2021-08-03,Sacramento,067,1510023,120394,117591,2364,119955,1732
2021-08-03,San Benito,069,59416,6342,6284,121,6405,63
2021-08-03,San Bernardino,071,2135413,307189,303386,9974,313360,5265
2021-08-03,San Diego,073,3302833,304596,300189,17440,317629,3803
2021-08-03,San Francisco,075,870044,43173,41758,1797,43555,562
2021-08-03,San Joaquin,077,732212,78877,77615,4215,81830,1461
2021-08-03,San Luis Obispo,079,281455,22536,22166,868,23034,264
2021-08-03,San Mateo,081,765935,46112,45255,698,45953,548
2021-08-03,Santa Barbara,083,443738,36508,35912,1352,37264,469
2021-08-03,Santa Clara,085,1922200,125727,123914,918,124832,2183
2021-08-03,Santa Cruz,087,273765,17078,16778,912,17690,207
2021-08-03,Shasta,089,179085,13436,13091,1860,14951,211
2021-08-03,Sierra,091,2930,76,72,14,86,0
2021-08-03,Siskiyou,093,43540,2098,1998,484,2482,32
2021-08-03,Solano,095,438530,36910,35953,789,36742,261
2021-08-03,Sonoma,097,501317,34139,33243,415,33658,330
2021-08-03,Stanislaus,099,539301,60388,59282,6713,65995,1037
2021-08-03,Sutter,101,95872,10472,10263,116,10379,127
2021-08-03,Tehama,103,63373,5351,5269,657,5926,66
2021-08-03,Trinity,105,12862,447,361,99,460,3
2021-08-03,Tulare,107,460477,51304,50729,10436,61165,854
2021-08-03,Tuolumne,109,53932,4742,4563,42,4605,64
2021-08-03,Ventura,111,848112,85338,84270,3694,87964,1046
2021-08-03,Yolo,113,214977,15504,15149,574,15723,215
2021-08-03,Yuba,115,75493,6937,6781,158,6939,50
2021-08-02,Alameda,001,1643700,99101,96954,2355,99309,1270
2021-08-02,Alpine,003,1148,91,91,0,91,0
2021-08-02,Amador,005,37829,4050,3927,36,3963,48
2021-08-02,Butte,007,227075,13689,13442,2169,15611,205
2021-08-02,Calaveras,009,45235,2386,2347,17,2364,57
2021-08-02,Colusa,011,21464,2063,2019,369,2388,16
2021-08-02,Contra Costa,013,1133247,79227,77516,1621,79137,836
2021-08-02,Del Norte,015,27424,1778,1653,15,1668,8
2021-08-02,El Dorado,017,186661,11535,11226,943,12169,116
2021-08-02,Fresno,019,978130,106909,105471,9572,115043,1744
2021-08-02,Glenn,021,27897,2513,2477,617,3094,20
2021-08-02,Humboldt,023,135768,5474,5161,86,5247,52
2021-08-02,Imperial,025,180216,29398,29302,2939,32241,743
2021-08-02,Inyo,027,18085,1468,1455,5,1460,38
2021-08-02,Kern,029,883053,100703,99556,12703,112259,1357
2021-08-02,Kings,031,150075,24062,23722,1308,25030,249
2021-08-02,Lake,033,64148,4570,4375,18,4393,66
2021-08-02,Lassen,035,31185,5375,5338,128,5466,21
2021-08-02,Los Angeles,037,10098052,1274157,1260807,48765,1309572,24705
2021-08-02,Madera,039,155013,17497,17158,1071,18229,245
2021-08-02,Marin,041,260295,15221,14859,307,15166,239
2021-08-02,Mariposa,043,17540,508,490,11,501,5
2021-08-02,Mendocino,045,87422,4696,4512,98,4610,49
2021-08-02,Merced,047,269075,32441,32163,1093,33256,474
2021-08-02,Modoc,049,8938,430,415,148,563,5
2021-08-02,Mono,051,14174,1300,1296,14,1310,3
2021-08-02,Monterey,053,433212,44089,43842,2113,45955,525
2021-08-02,Napa,055,140530,10677,10490,54,10544,82
2021-08-02,Nevada,057,99092,5941,5611,215,5826,73
2021-08-02,Orange,059,3164182,269819,266050,12783,278833,5146
2021-08-02,Placer,061,380077,26341,25516,2051,27567,306
2021-08-02,Plumas,063,18699,787,762,15,777,5
2021-08-02,Riverside,065,2383286,306748,302756,15367,318123,4562
2021-08-02,Sacramento,067,1510023,119697,117183,2343,119526,1728
2021-08-02,San Benito,069,59416,6323,6276,120,6396,63
2021-08-02,San Bernardino,071,2135413,306314,303000,9940,312940,5253
2021-08-02,San Diego,073,3302833,303104,299021,17371,316392,3798
2021-08-02,San Francisco,075,870044,42882,41553,1769,43322,562
2021-08-02,San Joaquin,077,732212,78537,77447,4188,81635,1461
2021-08-02,San Luis Obispo,079,281455,22443,22093,863,22956,261
2021-08-02,San Mateo,081,765935,45947,45154,675,45829,548
2021-08-02,Santa Barbara,083,443738,36370,35851,1346,37197,469
2021-08-02,Santa Clara,085,1922200,125257,123655,910,124565,2183
2021-08-02,Santa Cruz,087,273765,17021,16746,908,17654,207
2021-08-02,Shasta,089,179085,13373,13049,1846,14895,212
2021-08-02,Sierra,091,2930,76,71,14,85,0
2021-08-02,Siskiyou,093,43540,2087,1992,470,2462,31
2021-08-02,Solano,095,438530,36667,35852,780,36632,260
2021-08-02,Sonoma,097,501317,33912,33132,410,33542,330
2021-08-02,Stanislaus,099,539301,60155,59160,6685,65845,1037
2021-08-02,Sutter,101,95872,10426,10220,116,10336,127
2021-08-02,Tehama,103,63373,5327,5260,653,5913,66
2021-08-02,Trinity,105,12862,442,359,98,457,3
2021-08-02,Tulare,107,460477,51203,50640,10362,61002,854
2021-08-02,Tuolumne,109,53932,4676,4524,42,4566,64
2021-08-02,Ventura,111,848112,85154,84143,3671,87814,1044
2021-08-02,Yolo,113,214977,15405,15072,555,15627,215
2021-08-02,Yuba,115,75493,6895,6743,155,6898,50
2021-08-01,Alameda,001,1643700,98565,96775,2350,99125,1270
2021-08-01,Alpine,003,1148,91,91,0,91,0
2021-08-01,Amador,005,37829,4013,3923,35,3958,48
2021-08-01,Butte,007,227075,13608,13406,2152,15558,205
2021-08-01,Calaveras,009,45235,2361,2341,17,2358,57
2021-08-01,Colusa,011,21464,2052,2014,367,2381,16
2021-08-01,Contra Costa,013,1133247,78791,77360,1613,78973,836
2021-08-01,Del Norte,015,27424,1746,1642,15,1657,8
2021-08-01,El Dorado,017,186661,11434,11189,933,12122,116
2021-08-01,Fresno,019,978130,106583,105339,9526,114865,1744
2021-08-01,Glenn,021,27897,2507,2476,615,3091,20
2021-08-01,Humboldt,023,135768,5398,5118,82,5200,52
2021-08-01,Imperial,025,180216,29363,29297,2935,32232,743
2021-08-01,Inyo,027,18085,1466,1454,5,1459,38
2021-08-01,Kern,029,883053,100428,99396,12626,112022,1357
2021-08-01,Kings,031,150075,23974,23700,1302,25002,249
2021-08-01,Lake,033,64148,4491,4356,18,4374,66
2021-08-01,Lassen,035,31185,5362,5336,126,5462,21
2021-08-01,Los Angeles,037,10098052,1270487,1258461,48534,1306995,24700
2021-08-01,Madera,039,155013,17440,17146,1066,18212,245
2021-08-01,Marin,041,260295,15144,14844,306,15150,239
2021-08-01,Mariposa,043,17540,501,482,11,493,5
2021-08-01,Mendocino,045,87422,4650,4476,94,4570,49
2021-08-01,Merced,047,269075,32352,32144,1086,33230,474
2021-08-01,Modoc,049,8938,428,413,148,561,5
2021-08-01,Mono,051,14174,1297,1294,14,1308,3
2021-08-01,Monterey,053,433212,44043,43808,2098,45906,525
2021-08-01,Napa,055,140530,10631,10473,52,10525,82
2021-08-01,Nevada,057,99092,5857,5561,214,5775,73
2021-08-01,Orange,059,3164182,269017,265467,12739,278206,5146
2021-08-01,Placer,061,380077,26126,25464,2021,27485,306
2021-08-01,Plumas,063,18699,781,761,15,776,5
2021-08-01,Riverside,065,2383286,305818,302256,15348,317604,4562
2021-08-01,Sacramento,067,1510023,118963,116923,2327,119250,1727
2021-08-01,San Benito,069,59416,6306,6271,120,6391,63
2021-08-01,San Bernardino,071,2135413,305382,302542,9929,312471,5248
2021-08-01,San Diego,073,3302833,301910,298002,17313,315315,3798
2021-08-01,San Francisco,075,870044,42544,41432,1755,43187,562
2021-08-01,San Joaquin,077,732212,78171,77338,4161,81499,1461
2021-08-01,San Luis Obispo,079,281455,22340,22083,858,22941,261
2021-08-01,San Mateo,081,765935,45775,45036,659,45695,548
2021-08-01,Santa Barbara,083,443738,36250,35809,1342,37151,469
2021-08-01,Santa Clara,085,1922200,124847,123511,901,124412,2183
2021-08-01,Santa Cruz,087,273765,16945,16709,898,17607,207
2021-08-01,Shasta,089,179085,13302,13036,1837,14873,212
2021-08-01,Sierra,091,2930,74,71,14,85,0
2021-08-01,Siskiyou,093,43540,2081,1989,464,2453,31
2021-08-01,Solano,095,438530,36448,35800,773,36573,260
2021-08-01,Sonoma,097,501317,33720,33076,407,33483,330
2021-08-01,Stanislaus,099,539301,59914,59078,6652,65730,1037
2021-08-01,Sutter,101,95872,10371,10198,113,10311,127
2021-08-01,Tehama,103,63373,5311,5252,648,5900,66
2021-08-01,Trinity,105,12862,439,359,97,456,3
2021-08-01,Tulare,107,460477,51047,50600,10298,60898,854
2021-08-01,Tuolumne,109,53932,4638,4489,42,4531,64
2021-08-01,Ventura,111,848112,84924,84040,3656,87696,1044
2021-08-01,Yolo,113,214977,15334,15042,545,15587,215
2021-08-01,Yuba,115,75493,6857,6721,154,6875,50
2021-07-31,Alameda,001,1643700,98245,95279,2344,97623,1265
2021-07-31,Alpine,003,1148,91,89,0,89,0
2021-07-31,Amador,005,37829,3993,3877,35,3912,48
2021-07-31,Butte,007,227075,13576,13235,2131,15366,205
2021-07-31,Calaveras,009,45235,2354,2294,17,2311,57
2021-07-31,Colusa,011,21464,2046,2006,365,2371,16
2021-07-31,Contra Costa,013,1133247,78512,75866,1611,77477,832
2021-07-31,Del Norte,015,27424,1721,1576,15,1591,8
2021-07-31,El Dorado,017,186661,11381,11017,927,11944,116
2021-07-31,Fresno,019,978130,106425,104639,9511,114150,1744
2021-07-31,Glenn,021,27897,2502,2465,610,3075,20
2021-07-31,Humboldt,023,135768,5343,4978,81,5059,52
2021-07-31,Imperial,025,180216,29346,29164,2932,32096,743
2021-07-31,Inyo,027,18085,1463,1442,5,1447,38
2021-07-31,Kern,029,883053,100264,98903,12566,111469,1357
2021-07-31,Kings,031,150075,23922,23548,1297,24845,248
2021-07-31,Lake,033,64148,4467,4238,17,4255,66
2021-07-31,Lassen,035,31185,5356,5320,126,5446,21
2021-07-31,Los Angeles,037,10098052,1268306,1248545,48381,1296926,24691
2021-07-31,Madera,039,155013,17407,17058,1060,18118,245
2021-07-31,Marin,041,260295,15100,14701,305,15006,239
2021-07-31,Mariposa,043,17540,492,470,11,481,5
2021-07-31,Mendocino,045,87422,4625,4400,91,4491,49
2021-07-31,Merced,047,269075,32305,31959,1080,33039,474
2021-07-31,Modoc,049,8938,428,413,148,561,5
2021-07-31,Mono,051,14174,1296,1287,14,1301,3
2021-07-31,Monterey,053,433212,44005,43720,2089,45809,525
2021-07-31,Napa,055,140530,10611,10401,51,10452,82
2021-07-31,Nevada,057,99092,5818,5373,213,5586,72
2021-07-31,Orange,059,3164182,268446,263446,12718,276164,5144
2021-07-31,Placer,061,380077,25993,25104,2014,27118,306
2021-07-31,Plumas,063,18699,778,743,15,758,5
2021-07-31,Riverside,065,2383286,305202,300315,15339,315654,4554
2021-07-31,Sacramento,067,1510023,118551,115259,2321,117580,1720
2021-07-31,San Benito,069,59416,6295,6251,120,6371,63
2021-07-31,San Bernardino,071,2135413,304812,300726,9926,310652,5240
2021-07-31,San Diego,073,3302833,301233,295054,17276,312330,3798
2021-07-31,San Francisco,075,870044,42325,40412,1729,42141,562
2021-07-31,San Joaquin,077,732212,78006,76575,4148,80723,1443
2021-07-31,San Luis Obispo,079,281455,22285,21922,856,22778,260
2021-07-31,San Mateo,081,765935,45625,44622,647,45269,548
2021-07-31,Santa Barbara,083,443738,36170,35531,1340,36871,467
2021-07-31,Santa Clara,085,1922200,124591,122614,899,123513,2099
2021-07-31,Santa Cruz,087,273765,16906,16576,897,17473,207
2021-07-31,Shasta,089,179085,13266,12918,1829,14747,212
2021-07-31,Sierra,091,2930,74,68,14,82,0
2021-07-31,Siskiyou,093,43540,2072,1976,458,2434,31
2021-07-31,Solano,095,438530,36349,35340,767,36107,263
2021-07-31,Sonoma,097,501317,33595,32601,407,33008,329
2021-07-31,Stanislaus,099,539301,59753,58586,6628,65214,1035
2021-07-31,Sutter,101,95872,10336,10068,112,10180,127
2021-07-31,Tehama,103,63373,5296,5216,645,5861,66
2021-07-31,Trinity,105,12862,438,354,96,450,3
2021-07-31,Tulare,107,460477,50963,50409,10240,60649,854
2021-07-31,Tuolumne,109,53932,4599,4362,42,4404,64
2021-07-31,Ventura,111,848112,84763,83509,3639,87148,1044
2021-07-31,Yolo,113,214977,15286,14863,533,15396,215
2021-07-31,Yuba,115,75493,6834,6615,150,6765,50
2021-07-30,Alameda,001,1643700,97913,95279,2340,97619,1265
2021-07-30,Alpine,003,1148,91,89,0,89,0
2021-07-30,Amador,005,37829,3970,3877,35,3912,48
2021-07-30,Butte,007,227075,13521,13235,2118,15353,205
2021-07-30,Calaveras,009,45235,2349,2294,17,2311,57
2021-07-30,Colusa,011,21464,2042,2006,363,2369,16
2021-07-30,Contra Costa,013,1133247,78270,75866,1607,77473,832
2021-07-30,Del Norte,015,27424,1703,1576,15,1591,8
2021-07-30,El Dorado,017,186661,11349,11017,920,11937,116
2021-07-30,Fresno,019,978130,106230,104639,9499,114138,1744
2021-07-30,Glenn,021,27897,2497,2465,609,3074,20
2021-07-30,Humboldt,023,135768,5279,4978,78,5056,52
2021-07-30,Imperial,025,180216,29332,29164,2929,32093,743
2021-07-30,Inyo,027,18085,1462,1442,5,1447,38
2021-07-30,Kern,029,883053,100141,98903,12517,111420,1357
2021-07-30,Kings,031,150075,23881,23548,1293,24841,248
2021-07-30,Lake,033,64148,4439,4238,17,4255,66
2021-07-30,Lassen,035,31185,5352,5320,126,5446,21
2021-07-30,Los Angeles,037,10098052,1265993,1248545,48225,1296770,24691
2021-07-30,Madera,039,155013,17365,17058,1057,18115,245
2021-07-30,Marin,041,260295,15066,14701,305,15006,239
2021-07-30,Mariposa,043,17540,489,470,11,481,5
2021-07-30,Mendocino,045,87422,4595,4400,90,4490,49
2021-07-30,Merced,047,269075,32264,31959,1075,33034,474
2021-07-30,Modoc,049,8938,426,413,148,561,5
2021-07-30,Mono,051,14174,1290,1287,14,1301,3
2021-07-30,Monterey,053,433212,43972,43720,2079,45799,525
2021-07-30,Napa,055,140530,10589,10401,50,10451,82
2021-07-30,Nevada,057,99092,5761,5373,213,5586,72
2021-07-30,Orange,059,3164182,267821,263446,12690,276136,5144
2021-07-30,Placer,061,380077,25904,25104,1996,27100,306
2021-07-30,Plumas,063,18699,773,743,15,758,5
2021-07-30,Riverside,065,2383286,304565,300315,15328,315643,4554
2021-07-30,Sacramento,067,1510023,118100,115259,2317,117576,1720
2021-07-30,San Benito,069,59416,6288,6251,120,6371,63
2021-07-30,San Bernardino,071,2135413,304301,300726,9920,310646,5240
2021-07-30,San Diego,073,3302833,300461,295054,17218,312272,3798
2021-07-30,San Francisco,075,870044,42112,40412,1713,42125,562
2021-07-30,San Joaquin,077,732212,77853,76575,4142,80717,1443
2021-07-30,San Luis Obispo,079,281455,22249,21922,852,22774,260
2021-07-30,San Mateo,081,765935,45504,44622,631,45253,548
2021-07-30,Santa Barbara,083,443738,36102,35531,1334,36865,467
2021-07-30,Santa Clara,085,1922200,124367,122614,897,123511,2099
2021-07-30,Santa Cruz,087,273765,16879,16576,895,17471,207
2021-07-30,Shasta,089,179085,13219,12918,1829,14747,212
2021-07-30,Sierra,091,2930,73,68,14,82,0
2021-07-30,Siskiyou,093,43540,2063,1976,457,2433,31
2021-07-30,Solano,095,438530,36259,35340,751,36091,263
2021-07-30,Sonoma,097,501317,33501,32601,407,33008,329
2021-07-30,Stanislaus,099,539301,59608,58586,6608,65194,1035
2021-07-30,Sutter,101,95872,10300,10068,112,10180,127
2021-07-30,Tehama,103,63373,5285,5216,645,5861,66
2021-07-30,Trinity,105,12862,438,354,96,450,3
2021-07-30,Tulare,107,460477,50920,50409,10203,60612,854
2021-07-30,Tuolumne,109,53932,4581,4362,42,4404,64
2021-07-30,Ventura,111,848112,84601,83509,3622,87131,1044
2021-07-30,Yolo,113,214977,15225,14863,529,15392,215
2021-07-30,Yuba,115,75493,6798,6615,149,6764,50
2021-07-29,Alameda,001,1643700,97487,95279,2335,97614,1265
2021-07-29,Alpine,003,1148,91,89,0,89,0
2021-07-29,Amador,005,37829,3951,3877,35,3912,48
2021-07-29,Butte,007,227075,13473,13235,2110,15345,205
2021-07-29,Calaveras,009,45235,2329,2294,17,2311,57
2021-07-29,Colusa,011,21464,2035,2006,363,2369,16
2021-07-29,Contra Costa,013,1133247,77832,75866,1603,77469,832
2021-07-29,Del Norte,015,27424,1679,1576,15,1591,8
2021-07-29,El Dorado,017,186661,11284,11017,908,11925,116
2021-07-29,Fresno,019,978130,105968,104639,9472,114111,1744
2021-07-29,Glenn,021,27897,2487,2465,608,3073,20
2021-07-29,Humboldt,023,135768,5218,4978,76,5054,52
2021-07-29,Imperial,025,180216,29286,29164,2927,32091,743
2021-07-29,Inyo,027,18085,1458,1442,5,1447,38
2021-07-29,Kern,029,883053,99934,98903,12439,111342,1357
2021-07-29,Kings,031,150075,23837,23548,1288,24836,248
2021-07-29,Lake,033,64148,4404,4238,17,4255,66
2021-07-29,Lassen,035,31185,5344,5320,123,5443,21
2021-07-29,Los Angeles,037,10098052,1262918,1248545,48035,1296580,24691
2021-07-29,Madera,039,155013,17320,17058,1052,18110,245
2021-07-29,Marin,041,260295,15023,14701,305,15006,239
2021-07-29,Mariposa,043,17540,485,470,11,481,5
2021-07-29,Mendocino,045,87422,4572,4400,88,4488,49
2021-07-29,Merced,047,269075,32209,31959,1075,33034,474
2021-07-29,Modoc,049,8938,426,413,148,561,5
2021-07-29,Mono,051,14174,1289,1287,14,1301,3
2021-07-29,Monterey,053,433212,43923,43720,2068,45788,525
2021-07-29,Napa,055,140530,10557,10401,48,10449,82
2021-07-29,Nevada,057,99092,5709,5373,212,5585,72
2021-07-29,Orange,059,3164182,267114,263446,12657,276103,5144
2021-07-29,Placer,061,380077,25782,25104,1980,27084,306
2021-07-29,Plumas,063,18699,765,743,15,758,5
2021-07-29,Riverside,065,2383286,303861,300315,15304,315619,4554
2021-07-29,Sacramento,067,1510023,117545,115259,2303,117562,1720
2021-07-29,San Benito,069,59416,6277,6251,120,6371,63
2021-07-29,San Bernardino,071,2135413,303665,300726,9910,310636,5240
2021-07-29,San Diego,073,3302833,299399,295054,17159,312213,3798
2021-07-29,San Francisco,075,870044,41868,40412,1689,42101,562
2021-07-29,San Joaquin,077,732212,77598,76575,4134,80709,1443
2021-07-29,San Luis Obispo,079,281455,22195,21922,850,22772,260
2021-07-29,San Mateo,081,765935,45377,44622,621,45243,548
2021-07-29,Santa Barbara,083,443738,36018,35531,1332,36863,467
2021-07-29,Santa Clara,085,1922200,124071,122614,894,123508,2099
2021-07-29,Santa Cruz,087,273765,16825,16576,893,17469,207
2021-07-29,Shasta,089,179085,13165,12918,1820,14738,212
2021-07-29,Sierra,091,2930,73,68,14,82,0
2021-07-29,Siskiyou,093,43540,2058,1976,455,2431,31
2021-07-29,Solano,095,438530,36104,35340,741,36081,263
2021-07-29,Sonoma,097,501317,33327,32601,405,33006,329
2021-07-29,Stanislaus,099,539301,59435,58586,6590,65176,1035
2021-07-29,Sutter,101,95872,10254,10068,111,10179,127
2021-07-29,Tehama,103,63373,5273,5216,639,5855,66
2021-07-29,Trinity,105,12862,436,354,95,449,3
2021-07-29,Tulare,107,460477,50832,50409,10161,60570,854
2021-07-29,Tuolumne,109,53932,4543,4362,41,4403,64
2021-07-29,Ventura,111,848112,84433,83509,3615,87124,1044
2021-07-29,Yolo,113,214977,15157,14863,516,15379,215
2021-07-29,Yuba,115,75493,6750,6615,146,6761,50
2021-07-28,Alameda,001,1643700,97025,94965,2328,97293,1262
2021-07-28,Alpine,003,1148,91,89,0,89,0
2021-07-28,Amador,005,37829,3937,3870,35,3905,48
2021-07-28,Butte,007,227075,13417,13184,2097,15281,205
2021-07-28,Calaveras,009,45235,2315,2289,17,2306,57
2021-07-28,Colusa,011,21464,2031,2001,362,2363,16
2021-07-28,Contra Costa,013,1133247,77349,75487,1595,77082,832
2021-07-28,Del Norte,015,27424,1646,1545,15,1560,8
2021-07-28,El Dorado,017,186661,11235,10967,898,11865,116
2021-07-28,Fresno,019,978130,105722,104458,9452,113910,1744
2021-07-28,Glenn,021,27897,2483,2464,605,3069,20
2021-07-28,Humboldt,023,135768,5167,4946,75,5021,52
2021-07-28,Imperial,025,180216,29239,29096,2927,32023,743
2021-07-28,Inyo,027,18085,1452,1439,4,1443,38
2021-07-28,Kern,029,883053,99779,98781,12391,111172,1352
2021-07-28,Kings,031,150075,23773,23503,1278,24781,248
2021-07-28,Lake,033,64148,4358,4191,15,4206,65
2021-07-28,Lassen,035,31185,5336,5318,123,5441,21
2021-07-28,Los Angeles,037,10098052,1259766,1245485,47861,1293346,24673
2021-07-28,Madera,039,155013,17279,17024,1046,18070,245
2021-07-28,Marin,041,260295,14968,14652,305,14957,239
2021-07-28,Mariposa,043,17540,478,469,11,480,5
2021-07-28,Mendocino,045,87422,4544,4377,88,4465,49
2021-07-28,Merced,047,269075,32145,31886,1071,32957,474
2021-07-28,Modoc,049,8938,424,413,148,561,5
2021-07-28,Mono,051,14174,1288,1286,14,1300,3
2021-07-28,Monterey,053,433212,43876,43668,2058,45726,524
2021-07-28,Napa,055,140530,10517,10376,46,10422,82
2021-07-28,Nevada,057,99092,5654,5320,212,5532,72
2021-07-28,Orange,059,3164182,266325,262735,12625,275360,5143
2021-07-28,Placer,061,380077,25634,24978,1964,26942,306
2021-07-28,Plumas,063,18699,760,754,15,769,5
2021-07-28,Riverside,065,2383286,303094,299611,15284,314895,4554
2021-07-28,Sacramento,067,1510023,116893,114665,2282,116947,1714
2021-07-28,San Benito,069,59416,6266,6236,120,6356,63
2021-07-28,San Bernardino,071,2135413,303040,300121,9897,310018,5236
2021-07-28,San Diego,073,3302833,298115,294176,17094,311270,3798
2021-07-28,San Francisco,075,870044,41535,40144,1662,41806,561
2021-07-28,San Joaquin,077,732212,77350,76312,4103,80415,1443
2021-07-28,San Luis Obispo,079,281455,22136,21865,849,22714,260
2021-07-28,San Mateo,081,765935,45228,44477,611,45088,547
2021-07-28,Santa Barbara,083,443738,35942,35431,1327,36758,467
2021-07-28,Santa Clara,085,1922200,123810,122345,892,123237,2099
2021-07-28,Santa Cruz,087,273765,16787,16551,892,17443,207
2021-07-28,Shasta,089,179085,13120,12882,1809,14691,212
2021-07-28,Sierra,091,2930,69,67,14,81,0
2021-07-28,Siskiyou,093,43540,2049,1971,452,2423,31
2021-07-28,Solano,095,438530,35935,35204,733,35937,262
2021-07-28,Sonoma,097,501317,33184,32434,402,32836,328
2021-07-28,Stanislaus,099,539301,59237,58427,6573,65000,1035
2021-07-28,Sutter,101,95872,10222,10033,110,10143,126
2021-07-28,Tehama,103,63373,5261,5209,636,5845,66
2021-07-28,Trinity,105,12862,435,352,95,447,3
2021-07-28,Tulare,107,460477,50744,50363,10112,60475,854
2021-07-28,Tuolumne,109,53932,4504,4313,41,4354,64
2021-07-28,Ventura,111,848112,84238,83360,3599,86959,1043
2021-07-28,Yolo,113,214977,15086,14801,509,15310,215
2021-07-28,Yuba,115,75493,6717,6591,145,6736,51
2021-07-27,Alameda,001,1643700,96619,94682,2319,97001,1256
2021-07-27,Alpine,003,1148,91,89,0,89,0
2021-07-27,Amador,005,37829,3921,3861,35,3896,48
2021-07-27,Butte,007,227075,13368,13127,2086,15213,205
2021-07-27,Calaveras,009,45235,2303,2280,17,2297,57
2021-07-27,Colusa,011,21464,2023,1999,361,2360,16
2021-07-27,Contra Costa,013,1133247,76860,75227,1591,76818,830
2021-07-27,Del Norte,015,27424,1626,1538,15,1553,8
2021-07-27,El Dorado,017,186661,11175,10941,888,11829,116
2021-07-27,Fresno,019,978130,105431,104288,9427,113715,1746
2021-07-27,Glenn,021,27897,2475,2460,603,3063,20
2021-07-27,Humboldt,023,135768,5113,4925,74,4999,52
2021-07-27,Imperial,025,180216,29194,29048,2926,31974,743
2021-07-27,Inyo,027,18085,1450,1430,4,1434,38
2021-07-27,Kern,029,883053,99610,98724,12334,111058,1352
2021-07-27,Kings,031,150075,23717,23463,1267,24730,248
2021-07-27,Lake,033,64148,4319,4157,15,4172,65
2021-07-27,Lassen,035,31185,5330,5315,123,5438,21
2021-07-27,Los Angeles,037,10098052,1256340,1243336,47684,1291020,24658
2021-07-27,Madera,039,155013,17227,16998,1041,18039,245
2021-07-27,Marin,041,260295,14920,14631,302,14933,239
2021-07-27,Mariposa,043,17540,475,468,11,479,5
2021-07-27,Mendocino,045,87422,4520,4371,88,4459,49
2021-07-27,Merced,047,269075,32079,31825,1067,32892,473
2021-07-27,Modoc,049,8938,423,413,148,561,5
2021-07-27,Mono,051,14174,1284,1288,14,1302,3
2021-07-27,Monterey,053,433212,43836,43646,2047,45693,523
2021-07-27,Napa,055,140530,10487,10354,46,10400,82
2021-07-27,Nevada,057,99092,5577,5305,210,5515,72
2021-07-27,Orange,059,3164182,265586,262193,12599,274792,5143
2021-07-27,Placer,061,380077,25475,24916,1938,26854,306
2021-07-27,Plumas,063,18699,757,752,15,767,5
2021-07-27,Riverside,065,2383286,302363,299160,15265,314425,4554
2021-07-27,Sacramento,067,1510023,116290,114413,2272,116685,1710
2021-07-27,San Benito,069,59416,6257,6229,120,6349,63
2021-07-27,San Bernardino,071,2135413,302333,299593,9875,309468,5236
2021-07-27,San Diego,073,3302833,297023,293408,17021,310429,3798
2021-07-27,San Francisco,075,870044,41177,39939,1642,41581,561
2021-07-27,San Joaquin,077,732212,77090,76166,4082,80248,1442
2021-07-27,San Luis Obispo,079,281455,22081,21803,840,22643,260
2021-07-27,San Mateo,081,765935,45076,44378,606,44984,547
2021-07-27,Santa Barbara,083,443738,35844,35355,1325,36680,467
2021-07-27,Santa Clara,085,1922200,123517,122154,890,123044,2099
2021-07-27,Santa Cruz,087,273765,16741,16523,891,17414,207
2021-07-27,Shasta,089,179085,13069,12846,1796,14642,212
2021-07-27,Sierra,091,2930,69,65,14,79,0
2021-07-27,Siskiyou,093,43540,2044,1964,449,2413,31
2021-07-27,Solano,095,438530,35809,35093,723,35816,261
2021-07-27,Sonoma,097,501317,33038,32367,400,32767,328
2021-07-27,Stanislaus,099,539301,59066,58333,6547,64880,1033
2021-07-27,Sutter,101,95872,10181,9998,110,10108,115
2021-07-27,Tehama,103,63373,5240,5192,634,5826,66
2021-07-27,Trinity,105,12862,434,351,95,446,3
2021-07-27,Tulare,107,460477,50678,50324,10080,60404,854
2021-07-27,Tuolumne,109,53932,4452,4282,41,4323,64
2021-07-27,Ventura,111,848112,84031,83189,3586,86775,1043
2021-07-27,Yolo,113,214977,15012,14759,503,15262,215
2021-07-27,Yuba,115,75493,6695,6564,143,6707,51
2021-07-26,Alameda,001,1643700,96167,94436,2311,96747,1259
2021-07-26,Alpine,003,1148,91,89,0,89,0
2021-07-26,Amador,005,37829,3911,3854,35,3889,48
2021-07-26,Butte,007,227075,13315,13082,2073,15155,203
2021-07-26,Calaveras,009,45235,2298,2276,17,2293,57
2021-07-26,Colusa,011,21464,2016,1996,359,2355,16
2021-07-26,Contra Costa,013,1133247,76360,74854,1584,76438,830
2021-07-26,Del Norte,015,27424,1605,1530,15,1545,8
2021-07-26,El Dorado,017,186661,11111,10899,885,11784,116
2021-07-26,Fresno,019,978130,105229,104143,9404,113547,1742
2021-07-26,Glenn,021,27897,2473,2461,602,3063,20
2021-07-26,Humboldt,023,135768,5074,4906,72,4978,52
2021-07-26,Imperial,025,180216,29154,29034,2926,31960,743
2021-07-26,Inyo,027,18085,1445,1429,4,1433,38
2021-07-26,Kern,029,883053,99444,98633,12269,110902,1351
2021-07-26,Kings,031,150075,23669,23426,1263,24689,247
2021-07-26,Lake,033,64148,4298,4133,15,4148,65
2021-07-26,Lassen,035,31185,5326,5314,123,5437,21
2021-07-26,Los Angeles,037,10098052,1253031,1241527,47511,1289038,24647
2021-07-26,Madera,039,155013,17200,16971,1032,18003,245
2021-07-26,Marin,041,260295,14863,14579,301,14880,239
2021-07-26,Mariposa,043,17540,474,467,11,478,5
2021-07-26,Mendocino,045,87422,4500,4354,88,4442,49
2021-07-26,Merced,047,269075,31995,31774,1063,32837,473
2021-07-26,Modoc,049,8938,423,413,148,561,5
2021-07-26,Mono,051,14174,1282,1286,14,1300,3
2021-07-26,Monterey,053,433212,43793,43595,2033,45628,521
2021-07-26,Napa,055,140530,10464,10332,46,10378,82
2021-07-26,Nevada,057,99092,5490,5280,210,5490,72
2021-07-26,Orange,059,3164182,264951,261803,12578,274381,5142
2021-07-26,Placer,061,380077,25340,24842,1917,26759,304
2021-07-26,Plumas,063,18699,753,750,15,765,5
2021-07-26,Riverside,065,2383286,301672,298626,15249,313875,4553
2021-07-26,Sacramento,067,1510023,115692,113986,2254,116240,1705
2021-07-26,San Benito,069,59416,6251,6222,120,6342,63
2021-07-26,San Bernardino,071,2135413,301721,299238,9861,309099,5237
2021-07-26,San Diego,073,3302833,295910,292688,16947,309635,3793
2021-07-26,San Francisco,075,870044,40825,39800,1612,41412,561
2021-07-26,San Joaquin,077,732212,76855,76033,4078,80111,1440
2021-07-26,San Luis Obispo,079,281455,22032,21752,837,22589,260
2021-07-26,San Mateo,081,765935,44929,44297,595,44892,547
2021-07-26,Santa Barbara,083,443738,35773,35311,1313,36624,467
2021-07-26,Santa Clara,085,1922200,123206,121978,881,122859,2099
2021-07-26,Santa Cruz,087,273765,16701,16493,888,17381,207
2021-07-26,Shasta,089,179085,13020,12819,1783,14602,211
2021-07-26,Sierra,091,2930,68,65,14,79,0
2021-07-26,Siskiyou,093,43540,2041,1962,447,2409,31
2021-07-26,Solano,095,438530,35660,34990,715,35705,259
2021-07-26,Sonoma,097,501317,32903,32283,398,32681,328
2021-07-26,Stanislaus,099,539301,58920,58219,6526,64745,1033
2021-07-26,Sutter,101,95872,10141,9963,107,10070,115
2021-07-26,Tehama,103,63373,5230,5183,630,5813,66
2021-07-26,Trinity,105,12862,434,351,94,445,3
2021-07-26,Tulare,107,460477,50615,50265,10046,60311,854
2021-07-26,Tuolumne,109,53932,4422,4271,41,4312,64
2021-07-26,Ventura,111,848112,83859,83072,3570,86642,1041
2021-07-26,Yolo,113,214977,14952,14727,490,15217,215
2021-07-26,Yuba,115,75493,6661,6538,141,6679,51
2021-07-25,Alameda,001,1643700,95679,94146,2305,96451,1259
2021-07-25,Alpine,003,1148,89,89,0,89,0
2021-07-25,Amador,005,37829,3896,3848,35,3883,48
2021-07-25,Butte,007,227075,13276,13074,2063,15137,203
2021-07-25,Calaveras,009,45235,2287,2275,17,2292,57
2021-07-25,Colusa,011,21464,2007,1996,355,2351,16
2021-07-25,Contra Costa,013,1133247,75875,74634,1570,76204,830
2021-07-25,Del Norte,015,27424,1584,1526,15,1541,8
2021-07-25,El Dorado,017,186661,11053,10878,882,11760,116
2021-07-25,Fresno,019,978130,104988,104019,9388,113407,1742
2021-07-25,Glenn,021,27897,2464,2461,600,3061,20
2021-07-25,Humboldt,023,135768,5015,4892,70,4962,52
2021-07-25,Imperial,025,180216,29118,29037,2926,31963,743
2021-07-25,Inyo,027,18085,1440,1427,4,1431,38
2021-07-25,Kern,029,883053,99272,98503,12197,110700,1351
2021-07-25,Kings,031,150075,23616,23396,1259,24655,247
2021-07-25,Lake,033,64148,4245,4109,14,4123,65
2021-07-25,Lassen,035,31185,5322,5314,123,5437,21
2021-07-25,Los Angeles,037,10098052,1249643,1239596,47332,1286928,24643
2021-07-25,Madera,039,155013,17163,16947,1025,17972,245
2021-07-25,Marin,041,260295,14813,14558,298,14856,239
2021-07-25,Mariposa,043,17540,471,465,11,476,5
2021-07-25,Mendocino,045,87422,4470,4335,86,4421,49
2021-07-25,Merced,047,269075,31923,31760,1061,32821,473
2021-07-25,Modoc,049,8938,423,413,148,561,5
2021-07-25,Mono,051,14174,1280,1286,14,1300,3
2021-07-25,Monterey,053,433212,43754,43590,2025,45615,521
2021-07-25,Napa,055,140530,10427,10316,45,10361,82
2021-07-25,Nevada,057,99092,5425,5256,207,5463,72
2021-07-25,Orange,059,3164182,264245,261351,12553,273904,5142
2021-07-25,Placer,061,380077,25219,24755,1896,26651,304
2021-07-25,Plumas,063,18699,751,750,15,765,5
2021-07-25,Riverside,065,2383286,300906,298181,15233,313414,4553
2021-07-25,Sacramento,067,1510023,115145,113611,2237,115848,1704
2021-07-25,San Benito,069,59416,6244,6217,120,6337,63
2021-07-25,San Bernardino,071,2135413,301069,298982,9855,308837,5237
2021-07-25,San Diego,073,3302833,294838,290626,16878,307504,3793
2021-07-25,San Francisco,075,870044,40489,39663,1585,41248,561
2021-07-25,San Joaquin,077,732212,76601,75926,4058,79984,1440
2021-07-25,San Luis Obispo,079,281455,21961,21741,834,22575,260
2021-07-25,San Mateo,081,765935,44766,44189,589,44778,547
2021-07-25,Santa Barbara,083,443738,35696,35261,1310,36571,467
2021-07-25,Santa Clara,085,1922200,122876,121800,875,122675,2099
2021-07-25,Santa Cruz,087,273765,16654,16474,887,17361,207
2021-07-25,Shasta,089,179085,12973,12815,1778,14593,211
2021-07-25,Sierra,091,2930,68,65,14,79,0
2021-07-25,Siskiyou,093,43540,2033,1963,444,2407,31
2021-07-25,Solano,095,438530,35474,34863,712,35575,259
2021-07-25,Sonoma,097,501317,32778,32202,395,32597,328
2021-07-25,Stanislaus,099,539301,58753,58154,6521,64675,1033
2021-07-25,Sutter,101,95872,10087,9937,105,10042,115
2021-07-25,Tehama,103,63373,5214,5181,629,5810,66
2021-07-25,Trinity,105,12862,432,351,92,443,3
2021-07-25,Tulare,107,460477,50539,50221,10007,60228,854
2021-07-25,Tuolumne,109,53932,4370,4267,41,4308,64
2021-07-25,Ventura,111,848112,83645,82986,3548,86534,1041
2021-07-25,Yolo,113,214977,14892,14693,475,15168,215
2021-07-25,Yuba,115,75493,6628,6519,141,6660,51
2021-07-24,Alameda,001,1643700,95402,93170,2299,95469,1259
2021-07-24,Alpine,003,1148,89,89,0,89,0
2021-07-24,Amador,005,37829,3887,3816,35,3851,48
2021-07-24,Butte,007,227075,13247,12982,2061,15043,203
2021-07-24,Calaveras,009,45235,2283,2267,17,2284,57
2021-07-24,Colusa,011,21464,2006,1992,353,2345,16
2021-07-24,Contra Costa,013,1133247,75650,73682,1567,75249,830
2021-07-24,Del Norte,015,27424,1573,1497,15,1512,8
2021-07-24,El Dorado,017,186661,11019,10773,879,11652,116
2021-07-24,Fresno,019,978130,104870,103637,9379,113016,1736
2021-07-24,Glenn,021,27897,2463,2457,600,3057,20
2021-07-24,Humboldt,023,135768,4981,4780,69,4849,52
2021-07-24,Imperial,025,180216,29098,28996,2926,31922,742
2021-07-24,Inyo,027,18085,1437,1424,4,1428,38
2021-07-24,Kern,029,883053,99193,98261,12175,110436,1350
2021-07-24,Kings,031,150075,23585,23304,1256,24560,246
2021-07-24,Lake,033,64148,4222,3963,14,3977,64
2021-07-24,Lassen,035,31185,5321,5311,123,5434,21
2021-07-24,Los Angeles,037,10098052,1247883,1232164,47210,1279374,24623
2021-07-24,Madera,039,155013,17139,16885,1023,17908,245
2021-07-24,Marin,041,260295,14775,14454,298,14752,238
2021-07-24,Mariposa,043,17540,471,453,11,464,5
2021-07-24,Mendocino,045,87422,4445,4293,86,4379,49
2021-07-24,Merced,047,269075,31901,31661,1060,32721,473
2021-07-24,Modoc,049,8938,423,413,148,561,5
2021-07-24,Mono,051,14174,1278,1284,14,1298,3
2021-07-24,Monterey,053,433212,43729,43525,2018,45543,521
2021-07-24,Napa,055,140530,10411,10230,45,10275,81
2021-07-24,Nevada,057,99092,5392,5183,207,5390,72
2021-07-24,Orange,059,3164182,263780,259973,12540,272513,5141
2021-07-24,Placer,061,380077,25136,24530,1891,26421,303
2021-07-24,Plumas,063,18699,750,737,15,752,4
2021-07-24,Riverside,065,2383286,300438,296912,15223,312135,4552
2021-07-24,Sacramento,067,1510023,114828,112438,2232,114670,1698
2021-07-24,San Benito,069,59416,6240,6200,119,6319,63
2021-07-24,San Bernardino,071,2135413,300678,297899,9846,307745,5236
2021-07-24,San Diego,073,3302833,294372,289368,16851,306219,3788
2021-07-24,San Francisco,075,870044,40326,38954,1568,40522,561
2021-07-24,San Joaquin,077,732212,76474,75461,4047,79508,1436
2021-07-24,San Luis Obispo,079,281455,21930,21616,832,22448,260
2021-07-24,San Mateo,081,765935,44648,43880,583,44463,542
2021-07-24,Santa Barbara,083,443738,35638,35071,1305,36376,465
2021-07-24,Santa Clara,085,1922200,122664,121092,874,121966,2099
2021-07-24,Santa Cruz,087,273765,16632,16416,887,17303,207
2021-07-24,Shasta,089,179085,12945,12759,1775,14534,211
2021-07-24,Sierra,091,2930,67,64,14,78,0
2021-07-24,Siskiyou,093,43540,2033,1951,444,2395,31
2021-07-24,Solano,095,438530,35382,34499,703,35202,259
2021-07-24,Sonoma,097,501317,32654,31928,393,32321,327
2021-07-24,Stanislaus,099,539301,58662,57879,6509,64388,1030
2021-07-24,Sutter,101,95872,10060,9890,105,9995,115
2021-07-24,Tehama,103,63373,5207,5166,627,5793,65
2021-07-24,Trinity,105,12862,432,345,92,437,3
2021-07-24,Tulare,107,460477,50496,50104,9989,60093,854
2021-07-24,Tuolumne,109,53932,4344,4216,41,4257,64
2021-07-24,Ventura,111,848112,83518,82687,3531,86218,1041
2021-07-24,Yolo,113,214977,14855,14557,472,15029,214
2021-07-24,Yuba,115,75493,6609,6449,141,6590,51
2021-07-23,Alameda,001,1643700,95148,93170,2293,95463,1259
2021-07-23,Alpine,003,1148,89,89,0,89,0
2021-07-23,Amador,005,37829,3880,3816,35,3851,48
2021-07-23,Butte,007,227075,13218,12982,2053,15035,203
2021-07-23,Calaveras,009,45235,2281,2267,17,2284,57
2021-07-23,Colusa,011,21464,2005,1992,353,2345,16
2021-07-23,Contra Costa,013,1133247,75393,73682,1557,75239,830
2021-07-23,Del Norte,015,27424,1565,1497,15,1512,8
2021-07-23,El Dorado,017,186661,10990,10773,875,11648,116
2021-07-23,Fresno,019,978130,104740,103637,9369,113006,1736
2021-07-23,Glenn,021,27897,2461,2457,597,3054,20
2021-07-23,Humboldt,023,135768,4960,4780,67,4847,52
2021-07-23,Imperial,025,180216,29086,28996,2926,31922,742
2021-07-23,Inyo,027,18085,1434,1424,4,1428,38
2021-07-23,Kern,029,883053,99110,98261,12149,110410,1350
2021-07-23,Kings,031,150075,23554,23304,1253,24557,246
2021-07-23,Lake,033,64148,4192,3963,14,3977,64
2021-07-23,Lassen,035,31185,5319,5311,123,5434,21
2021-07-23,Los Angeles,037,10098052,1245963,1232164,47122,1279286,24623
2021-07-23,Madera,039,155013,17109,16885,1018,17903,245
2021-07-23,Marin,041,260295,14738,14454,296,14750,238
2021-07-23,Mariposa,043,17540,468,453,11,464,5
2021-07-23,Mendocino,045,87422,4432,4293,86,4379,49
2021-07-23,Merced,047,269075,31875,31661,1060,32721,473
2021-07-23,Modoc,049,8938,423,413,148,561,5
2021-07-23,Mono,051,14174,1277,1284,14,1298,3
2021-07-23,Monterey,053,433212,43704,43525,2018,45543,521
2021-07-23,Napa,055,140530,10390,10230,45,10275,81
2021-07-23,Nevada,057,99092,5347,5183,207,5390,72
2021-07-23,Orange,059,3164182,263328,259973,12518,272491,5141
2021-07-23,Placer,061,380077,25056,24530,1874,26404,303
2021-07-23,Plumas,063,18699,748,737,15,752,4
2021-07-23,Riverside,065,2383286,299973,296912,15211,312123,4552
2021-07-23,Sacramento,067,1510023,114473,112438,2230,114668,1698
2021-07-23,San Benito,069,59416,6234,6200,119,6319,63
2021-07-23,San Bernardino,071,2135413,300300,297899,9837,307736,5236
2021-07-23,San Diego,073,3302833,293774,289368,16803,306171,3788
2021-07-23,San Francisco,075,870044,40144,38954,1553,40507,561
2021-07-23,San Joaquin,077,732212,76374,75461,4032,79493,1436
2021-07-23,San Luis Obispo,079,281455,21893,21616,831,22447,260
2021-07-23,San Mateo,081,765935,44542,43880,578,44458,542
2021-07-23,Santa Barbara,083,443738,35573,35071,1304,36375,465
2021-07-23,Santa Clara,085,1922200,122445,121092,871,121963,2099
2021-07-23,Santa Cruz,087,273765,16608,16416,886,17302,207
2021-07-23,Shasta,089,179085,12918,12759,1772,14531,211
2021-07-23,Sierra,091,2930,67,64,14,78,0
2021-07-23,Siskiyou,093,43540,2031,1951,444,2395,31
2021-07-23,Solano,095,438530,35289,34499,699,35198,259
2021-07-23,Sonoma,097,501317,32560,31928,392,32320,327
2021-07-23,Stanislaus,099,539301,58582,57879,6498,64377,1030
2021-07-23,Sutter,101,95872,10031,9890,105,9995,115
2021-07-23,Tehama,103,63373,5198,5166,627,5793,65
2021-07-23,Trinity,105,12862,431,345,91,436,3
2021-07-23,Tulare,107,460477,50451,50104,9963,60067,854
2021-07-23,Tuolumne,109,53932,4322,4216,41,4257,64
2021-07-23,Ventura,111,848112,83356,82687,3513,86200,1041
2021-07-23,Yolo,113,214977,14816,14557,465,15022,214
2021-07-23,Yuba,115,75493,6583,6449,140,6589,51
2021-07-22,Alameda,001,1643700,94785,93170,2287,95457,1259
2021-07-22,Alpine,003,1148,89,89,0,89,0
2021-07-22,Amador,005,37829,3871,3816,35,3851,48
2021-07-22,Butte,007,227075,13184,12982,2044,15026,203
2021-07-22,Calaveras,009,45235,2278,2267,17,2284,57
2021-07-22,Colusa,011,21464,2003,1992,351,2343,16
2021-07-22,Contra Costa,013,1133247,75056,73682,1553,75235,830
2021-07-22,Del Norte,015,27424,1548,1497,15,1512,8
2021-07-22,El Dorado,017,186661,10956,10773,867,11640,116
2021-07-22,Fresno,019,978130,104611,103637,9359,112996,1736
2021-07-22,Glenn,021,27897,2458,2457,596,3053,20
2021-07-22,Humboldt,023,135768,4929,4780,65,4845,52
2021-07-22,Imperial,025,180216,29056,28996,2926,31922,742
2021-07-22,Inyo,027,18085,1432,1424,4,1428,38
2021-07-22,Kern,029,883053,98996,98261,12104,110365,1350
2021-07-22,Kings,031,150075,23515,23304,1251,24555,246
2021-07-22,Lake,033,64148,4141,3963,14,3977,64
2021-07-22,Lassen,035,31185,5316,5311,123,5434,21
2021-07-22,Los Angeles,037,10098052,1243575,1232164,46959,1279123,24623
2021-07-22,Madera,039,155013,17074,16885,1016,17901,245
2021-07-22,Marin,041,260295,14697,14454,295,14749,238
2021-07-22,Mariposa,043,17540,461,453,11,464,5
2021-07-22,Mendocino,045,87422,4419,4293,85,4378,49
2021-07-22,Merced,047,269075,31833,31661,1058,32719,473
2021-07-22,Modoc,049,8938,423,413,148,561,5
2021-07-22,Mono,051,14174,1276,1284,14,1298,3
2021-07-22,Monterey,053,433212,43675,43525,2012,45537,521
2021-07-22,Napa,055,140530,10372,10230,45,10275,81
2021-07-22,Nevada,057,99092,5321,5183,206,5389,72
2021-07-22,Orange,059,3164182,262775,259973,12509,272482,5141
2021-07-22,Placer,061,380077,24962,24530,1862,26392,303
2021-07-22,Plumas,063,18699,747,737,15,752,4
2021-07-22,Riverside,065,2383286,299464,296912,15190,312102,4552
2021-07-22,Sacramento,067,1510023,114040,112438,2221,114659,1698
2021-07-22,San Benito,069,59416,6226,6200,119,6319,63
2021-07-22,San Bernardino,071,2135413,299905,297899,9821,307720,5236
2021-07-22,San Diego,073,3302833,293057,289368,16743,306111,3788
2021-07-22,San Francisco,075,870044,39931,38954,1540,40494,561
2021-07-22,San Joaquin,077,732212,76232,75461,4018,79479,1436
2021-07-22,San Luis Obispo,079,281455,21856,21616,827,22443,260
2021-07-22,San Mateo,081,765935,44430,43880,573,44453,542
2021-07-22,Santa Barbara,083,443738,35511,35071,1302,36373,465
2021-07-22,Santa Clara,085,1922200,122203,121092,868,121960,2099
2021-07-22,Santa Cruz,087,273765,16571,16416,886,17302,207
2021-07-22,Shasta,089,179085,12894,12759,1768,14527,211
2021-07-22,Sierra,091,2930,65,64,14,78,0
2021-07-22,Siskiyou,093,43540,2028,1951,444,2395,31
2021-07-22,Solano,095,438530,35140,34499,692,35191,259
2021-07-22,Sonoma,097,501317,32451,31928,390,32318,327
2021-07-22,Stanislaus,099,539301,58453,57879,6486,64365,1030
2021-07-22,Sutter,101,95872,10010,9890,105,9995,115
2021-07-22,Tehama,103,63373,5192,5166,627,5793,65
2021-07-22,Trinity,105,12862,431,345,91,436,3
2021-07-22,Tulare,107,460477,50408,50104,9935,60039,854
2021-07-22,Tuolumne,109,53932,4310,4216,41,4257,64
2021-07-22,Ventura,111,848112,83222,82687,3500,86187,1041
2021-07-22,Yolo,113,214977,14778,14557,464,15021,214
2021-07-22,Yuba,115,75493,6553,6449,137,6586,51
2021-07-21,Alameda,001,1643700,94457,92840,2283,95123,1256
2021-07-21,Alpine,003,1148,89,89,0,89,0
2021-07-21,Amador,005,37829,3858,3813,35,3848,48
2021-07-21,Butte,007,227075,13143,12939,2039,14978,203
2021-07-21,Calaveras,009,45235,2277,2257,17,2274,57
2021-07-21,Colusa,011,21464,1999,1988,350,2338,16
2021-07-21,Contra Costa,013,1133247,74791,73320,1544,74864,827
2021-07-21,Del Norte,015,27424,1538,1492,15,1507,8
2021-07-21,El Dorado,017,186661,10921,10742,863,11605,116
2021-07-21,Fresno,019,978130,104464,103504,9349,112853,1736
2021-07-21,Glenn,021,27897,2456,2455,595,3050,20
2021-07-21,Humboldt,023,135768,4897,4763,63,4826,52
2021-07-21,Imperial,025,180216,29044,28964,2923,31887,742
2021-07-21,Inyo,027,18085,1432,1423,4,1427,38
2021-07-21,Kern,029,883053,98879,98152,12062,110214,1350
2021-07-21,Kings,031,150075,23487,23270,1247,24517,246
2021-07-21,Lake,033,64148,4076,3896,14,3910,64
2021-07-21,Lassen,035,31185,5313,5310,123,5433,21
2021-07-21,Los Angeles,037,10098052,1241101,1229598,46833,1276431,24609
2021-07-21,Madera,039,155013,17054,16858,1013,17871,245
2021-07-21,Marin,041,260295,14647,14427,295,14722,238
2021-07-21,Mariposa,043,17540,457,449,11,460,5
2021-07-21,Mendocino,045,87422,4401,4274,85,4359,49
2021-07-21,Merced,047,269075,31794,31607,1053,32660,473
2021-07-21,Modoc,049,8938,423,413,148,561,5
2021-07-21,Mono,051,14174,1273,1282,14,1296,3
2021-07-21,Monterey,053,433212,43645,43502,2008,45510,515
2021-07-21,Napa,055,140530,10347,10209,45,10254,81
2021-07-21,Nevada,057,99092,5286,5152,206,5358,72
2021-07-21,Orange,059,3164182,262224,259615,12477,272092,5139
2021-07-21,Placer,061,380077,24853,24441,1851,26292,303
2021-07-21,Plumas,063,18699,747,736,15,751,4
2021-07-21,Riverside,065,2383286,298951,296419,15173,311592,4552
2021-07-21,Sacramento,067,1510023,113624,112043,2210,114253,1696
2021-07-21,San Benito,069,59416,6216,6196,119,6315,63
2021-07-21,San Bernardino,071,2135413,299461,297519,9813,307332,5230
2021-07-21,San Diego,073,3302833,292210,288682,16679,305361,3787
2021-07-21,San Francisco,075,870044,39707,38699,1535,40234,559
2021-07-21,San Joaquin,077,732212,76043,75288,4006,79294,1434
2021-07-21,San Luis Obispo,079,281455,21820,21579,824,22403,260
2021-07-21,San Mateo,081,765935,44338,43755,569,44324,542
2021-07-21,Santa Barbara,083,443738,35454,34998,1284,36282,465
2021-07-21,Santa Clara,085,1922200,121993,120838,866,121704,2099
2021-07-21,Santa Cruz,087,273765,16537,16407,886,17293,207
2021-07-21,Shasta,089,179085,12861,12751,1765,14516,211
2021-07-21,Sierra,091,2930,65,64,14,78,0
2021-07-21,Siskiyou,093,43540,2026,1943,442,2385,31
2021-07-21,Solano,095,438530,34985,34374,687,35061,258
2021-07-21,Sonoma,097,501317,32335,31789,390,32179,327
2021-07-21,Stanislaus,099,539301,58351,57774,6477,64251,1028
2021-07-21,Sutter,101,95872,9986,9862,105,9967,113
2021-07-21,Tehama,103,63373,5188,5161,627,5788,65
2021-07-21,Trinity,105,12862,430,345,90,435,3
2021-07-21,Tulare,107,460477,50349,50066,9909,59975,854
2021-07-21,Tuolumne,109,53932,4273,4156,41,4197,64
2021-07-21,Ventura,111,848112,83100,82573,3488,86061,1041
2021-07-21,Yolo,113,214977,14737,14525,463,14988,213
2021-07-21,Yuba,115,75493,6525,6425,137,6562,52
2021-07-20,Alameda,001,1643700,94079,92625,2270,94895,1256
2021-07-20,Alpine,003,1148,89,89,0,89,0
2021-07-20,Amador,005,37829,3847,3807,35,3842,48
2021-07-20,Butte,007,227075,13106,12916,2034,14950,203
2021-07-20,Calaveras,009,45235,2274,2249,17,2266,57
2021-07-20,Colusa,011,21464,1999,1985,350,2335,16
2021-07-20,Contra Costa,013,1133247,74507,73143,1525,74668,825
2021-07-20,Del Norte,015,27424,1528,1490,15,1505,8
2021-07-20,El Dorado,017,186661,10881,10727,858,11585,116
2021-07-20,Fresno,019,978130,104327,103438,9329,112767,1736
2021-07-20,Glenn,021,27897,2456,2453,595,3048,20
2021-07-20,Humboldt,023,135768,4852,4735,61,4796,52
2021-07-20,Imperial,025,180216,29024,28933,2923,31856,742
2021-07-20,Inyo,027,18085,1428,1420,4,1424,36
2021-07-20,Kern,029,883053,98771,98082,12033,110115,1350
2021-07-20,Kings,031,150075,23446,23254,1243,24497,246
2021-07-20,Lake,033,64148,4051,3871,14,3885,64
2021-07-20,Lassen,035,31185,5313,5306,123,5429,21
2021-07-20,Los Angeles,037,10098052,1238330,1227404,46674,1274078,24603
2021-07-20,Madera,039,155013,17033,16856,1009,17865,245
2021-07-20,Marin,041,260295,14612,14396,292,14688,234
2021-07-20,Mariposa,043,17540,456,448,11,459,5
2021-07-20,Mendocino,045,87422,4384,4259,85,4344,49
2021-07-20,Merced,047,269075,31756,31578,1046,32624,473
2021-07-20,Modoc,049,8938,423,413,148,561,5
2021-07-20,Mono,051,14174,1269,1281,14,1295,3
2021-07-20,Monterey,053,433212,43614,43481,2005,45486,515
2021-07-20,Napa,055,140530,10324,10191,45,10236,81
2021-07-20,Nevada,057,99092,5267,5148,205,5353,72
2021-07-20,Orange,059,3164182,261672,259303,12444,271747,5139
2021-07-20,Placer,061,380077,24762,24408,1826,26234,303
2021-07-20,Plumas,063,18699,745,736,15,751,4
2021-07-20,Riverside,065,2383286,298416,296118,15159,311277,4543
2021-07-20,Sacramento,067,1510023,113186,111796,2179,113975,1695
2021-07-20,San Benito,069,59416,6209,6196,119,6315,63
2021-07-20,San Bernardino,071,2135413,299050,297222,9788,307010,5231
2021-07-20,San Diego,073,3302833,291293,288209,16582,304791,3786
2021-07-20,San Francisco,075,870044,39450,38536,1524,40060,558
2021-07-20,San Joaquin,077,732212,75871,75198,3993,79191,1433
2021-07-20,San Luis Obispo,079,281455,21776,21556,823,22379,259
2021-07-20,San Mateo,081,765935,44222,43670,567,44237,542
2021-07-20,Santa Barbara,083,443738,35384,34935,1277,36212,462
2021-07-20,Santa Clara,085,1922200,121736,120704,864,121568,2098
2021-07-20,Santa Cruz,087,273765,16508,16399,886,17285,207
2021-07-20,Shasta,089,179085,12835,12734,1760,14494,211
2021-07-20,Sierra,091,2930,65,64,14,78,0
2021-07-20,Siskiyou,093,43540,2022,1931,441,2372,31
2021-07-20,Solano,095,438530,34858,34337,680,35017,258
2021-07-20,Sonoma,097,501317,32216,31763,389,32152,326
2021-07-20,Stanislaus,099,539301,58235,57706,6471,64177,1028
2021-07-20,Sutter,101,95872,9960,9854,102,9956,114
2021-07-20,Tehama,103,63373,5186,5153,627,5780,65
2021-07-20,Trinity,105,12862,428,344,89,433,3
2021-07-20,Tulare,107,460477,50308,50047,9891,59938,854
2021-07-20,Tuolumne,109,53932,4254,4156,41,4197,64
2021-07-20,Ventura,111,848112,82947,82504,3471,85975,1041
2021-07-20,Yolo,113,214977,14674,14495,460,14955,213
2021-07-20,Yuba,115,75493,6500,6393,134,6527,52
2021-07-19,Alameda,001,1643700,93709,92357,2254,94611,1256
2021-07-19,Alpine,003,1148,89,89,0,89,0
2021-07-19,Amador,005,37829,3843,3802,35,3837,48
2021-07-19,Butte,007,227075,13063,12901,2028,14929,202
2021-07-19,Calaveras,009,45235,2273,2245,17,2262,57
2021-07-19,Colusa,011,21464,1997,1981,349,2330,16
2021-07-19,Contra Costa,013,1133247,74197,72935,1504,74439,825
2021-07-19,Del Norte,015,27424,1516,1484,15,1499,8
2021-07-19,El Dorado,017,186661,10851,10703,850,11553,114
2021-07-19,Fresno,019,978130,104200,103350,9312,112662,1731
2021-07-19,Glenn,021,27897,2456,2452,594,3046,20
2021-07-19,Humboldt,023,135768,4822,4719,59,4778,52
2021-07-19,Imperial,025,180216,28997,28888,2923,31811,742
2021-07-19,Inyo,027,18085,1427,1417,4,1421,36
2021-07-19,Kern,029,883053,98661,97999,11997,109996,1349
2021-07-19,Kings,031,150075,23414,23221,1237,24458,246
2021-07-19,Lake,033,64148,4015,3848,14,3862,64
2021-07-19,Lassen,035,31185,5312,5305,123,5428,21
2021-07-19,Los Angeles,037,10098052,1235751,1225946,46485,1272431,24600
2021-07-19,Madera,039,155013,17010,16846,1006,17852,244
2021-07-19,Marin,041,260295,14577,14369,289,14658,234
2021-07-19,Mariposa,043,17540,450,447,11,458,5
2021-07-19,Mendocino,045,87422,4366,4251,85,4336,49
2021-07-19,Merced,047,269075,31692,31565,1039,32604,472
2021-07-19,Modoc,049,8938,422,413,148,561,5
2021-07-19,Mono,051,14174,1267,1280,14,1294,3
2021-07-19,Monterey,053,433212,43591,43436,2004,45440,515
2021-07-19,Napa,055,140530,10299,10180,43,10223,81
2021-07-19,Nevada,057,99092,5239,5133,204,5337,72
2021-07-19,Orange,059,3164182,261156,258927,12409,271336,5138
2021-07-19,Placer,061,380077,24663,24359,1804,26163,303
2021-07-19,Plumas,063,18699,745,730,15,745,4
2021-07-19,Riverside,065,2383286,297927,295736,15121,310857,4543
2021-07-19,Sacramento,067,1510023,112823,111470,2155,113625,1696
2021-07-19,San Benito,069,59416,6206,6193,119,6312,63
2021-07-19,San Bernardino,071,2135413,298678,296929,9769,306698,5235
2021-07-19,San Diego,073,3302833,290405,287695,16481,304176,3786
2021-07-19,San Francisco,075,870044,39181,38463,1510,39973,560
2021-07-19,San Joaquin,077,732212,75705,75086,3987,79073,1431
2021-07-19,San Luis Obispo,079,281455,21731,21531,819,22350,259
2021-07-19,San Mateo,081,765935,44077,43563,558,44121,542
2021-07-19,Santa Barbara,083,443738,35312,34904,1274,36178,461
2021-07-19,Santa Clara,085,1922200,121478,120554,863,121417,2098
2021-07-19,Santa Cruz,087,273765,16492,16387,886,17273,207
2021-07-19,Shasta,089,179085,12817,12723,1758,14481,209
2021-07-19,Sierra,091,2930,64,64,14,78,0
2021-07-19,Siskiyou,093,43540,2017,1927,439,2366,31
2021-07-19,Solano,095,438530,34688,34262,669,34931,261
2021-07-19,Sonoma,097,501317,32095,31713,388,32101,325
2021-07-19,Stanislaus,099,539301,58133,57644,6460,64104,1027
2021-07-19,Sutter,101,95872,9944,9834,102,9936,114
2021-07-19,Tehama,103,63373,5180,5152,625,5777,65
2021-07-19,Trinity,105,12862,428,344,88,432,3
2021-07-19,Tulare,107,460477,50263,49994,9873,59867,855
2021-07-19,Tuolumne,109,53932,4244,4151,41,4192,64
2021-07-19,Ventura,111,848112,82851,82409,3449,85858,1041
2021-07-19,Yolo,113,214977,14643,14439,458,14897,213
2021-07-19,Yuba,115,75493,6476,6370,134,6504,52
2021-07-18,Alameda,001,1643700,93358,92162,2240,94402,1256
2021-07-18,Alpine,003,1148,89,89,0,89,0
2021-07-18,Amador,005,37829,3832,3799,35,3834,48
2021-07-18,Butte,007,227075,13022,12888,2022,14910,202
2021-07-18,Calaveras,009,45235,2272,2243,17,2260,57
2021-07-18,Colusa,011,21464,1997,1981,348,2329,16
2021-07-18,Contra Costa,013,1133247,73882,72849,1486,74335,825
2021-07-18,Del Norte,015,27424,1507,1482,15,1497,8
2021-07-18,El Dorado,017,186661,10813,10687,842,11529,114
2021-07-18,Fresno,019,978130,104048,103298,9293,112591,1731
2021-07-18,Glenn,021,27897,2455,2452,593,3045,20
2021-07-18,Humboldt,023,135768,4786,4714,59,4773,52
2021-07-18,Imperial,025,180216,28960,28877,2922,31799,742
2021-07-18,Inyo,027,18085,1423,1417,4,1421,36
2021-07-18,Kern,029,883053,98535,97963,11955,109918,1349
2021-07-18,Kings,031,150075,23393,23203,1233,24436,246
2021-07-18,Lake,033,64148,3979,3825,14,3839,64
2021-07-18,Lassen,035,31185,5312,5305,123,5428,21
2021-07-18,Los Angeles,037,10098052,1233087,1224691,46302,1270993,24598
2021-07-18,Madera,039,155013,16985,16838,1002,17840,244
2021-07-18,Marin,041,260295,14541,14358,287,14645,234
2021-07-18,Mariposa,043,17540,449,447,11,458,5
2021-07-18,Mendocino,045,87422,4346,4246,85,4331,49
2021-07-18,Merced,047,269075,31661,31537,1037,32574,471
2021-07-18,Modoc,049,8938,422,413,148,561,5
2021-07-18,Mono,051,14174,1266,1280,14,1294,3
2021-07-18,Monterey,053,433212,43573,43422,1995,45417,515
2021-07-18,Napa,055,140530,10282,10174,40,10214,81
2021-07-18,Nevada,057,99092,5213,5124,204,5328,72
2021-07-18,Orange,059,3164182,260673,258724,12379,271103,5138
2021-07-18,Placer,061,380077,24597,24313,1777,26090,303
2021-07-18,Plumas,063,18699,745,730,15,745,4
2021-07-18,Riverside,065,2383286,297436,295522,15080,310602,4543
2021-07-18,Sacramento,067,1510023,112392,111255,2123,113378,1696
2021-07-18,San Benito,069,59416,6198,6191,119,6310,63
2021-07-18,San Bernardino,071,2135413,298204,296739,9753,306492,5233
2021-07-18,San Diego,073,3302833,289590,286287,16398,302685,3786
2021-07-18,San Francisco,075,870044,38950,38367,1498,39865,560
2021-07-18,San Joaquin,077,732212,75531,74997,3974,78971,1431
2021-07-18,San Luis Obispo,079,281455,21696,21527,816,22343,259
2021-07-18,San Mateo,081,765935,43963,43506,552,44058,542
2021-07-18,Santa Barbara,083,443738,35247,34880,1272,36152,461
2021-07-18,Santa Clara,085,1922200,121265,120438,855,121293,2098
2021-07-18,Santa Cruz,087,273765,16460,16372,885,17257,207
2021-07-18,Shasta,089,179085,12792,12714,1754,14468,209
2021-07-18,Sierra,091,2930,64,64,14,78,0
2021-07-18,Siskiyou,093,43540,2011,1927,434,2361,31
2021-07-18,Solano,095,438530,34569,34215,665,34880,261
2021-07-18,Sonoma,097,501317,31990,31675,387,32062,325
2021-07-18,Stanislaus,099,539301,58022,57600,6435,64035,1028
2021-07-18,Sutter,101,95872,9912,9826,102,9928,114
2021-07-18,Tehama,103,63373,5177,5150,624,5774,65
2021-07-18,Trinity,105,12862,428,344,88,432,3
2021-07-18,Tulare,107,460477,50211,49985,9850,59835,855
2021-07-18,Tuolumne,109,53932,4226,4149,41,4190,64
2021-07-18,Ventura,111,848112,82739,82361,3423,85784,1041
2021-07-18,Yolo,113,214977,14585,14425,452,14877,213
2021-07-18,Yuba,115,75493,6435,6357,134,6491,52
2021-07-17,Alameda,001,1643700,93136,91346,2228,93574,1255
2021-07-17,Alpine,003,1148,89,89,0,89,0
2021-07-17,Amador,005,37829,3823,3785,35,3820,48
2021-07-17,Butte,007,227075,13008,12824,2017,14841,202
2021-07-17,Calaveras,009,45235,2266,2237,17,2254,57
2021-07-17,Colusa,011,21464,1994,1976,348,2324,16
2021-07-17,Contra Costa,013,1133247,73702,72254,1472,73726,824
2021-07-17,Del Norte,015,27424,1499,1475,15,1490,8
2021-07-17,El Dorado,017,186661,10786,10622,838,11460,114
2021-07-17,Fresno,019,978130,103976,103055,9280,112335,1730
2021-07-17,Glenn,021,27897,2454,2451,593,3044,20
2021-07-17,Humboldt,023,135768,4773,4654,58,4712,52
2021-07-17,Imperial,025,180216,28944,28840,2922,31762,742
2021-07-17,Inyo,027,18085,1423,1416,4,1420,36
2021-07-17,Kern,029,883053,98479,97796,11918,109714,1348
2021-07-17,Kings,031,150075,23373,23163,1232,24395,246
2021-07-17,Lake,033,64148,3954,3760,14,3774,64
2021-07-17,Lassen,035,31185,5312,5302,123,5425,21
2021-07-17,Los Angeles,037,10098052,1231585,1219733,46153,1265886,24582
2021-07-17,Madera,039,155013,16977,16804,1002,17806,240
2021-07-17,Marin,041,260295,14523,14297,285,14582,234
2021-07-17,Mariposa,043,17540,449,445,11,456,5
2021-07-17,Mendocino,045,87422,4334,4209,85,4294,49
2021-07-17,Merced,047,269075,31640,31451,1033,32484,471
2021-07-17,Modoc,049,8938,422,412,148,560,5
2021-07-17,Mono,051,14174,1264,1277,14,1291,3
2021-07-17,Monterey,053,433212,43551,43367,1989,45356,515
2021-07-17,Napa,055,140530,10266,10129,40,10169,81
2021-07-17,Nevada,057,99092,5198,5066,204,5270,72
2021-07-17,Orange,059,3164182,260365,257805,12339,270144,5136
2021-07-17,Placer,061,380077,24530,24169,1763,25932,303
2021-07-17,Plumas,063,18699,740,721,15,736,4
2021-07-17,Riverside,065,2383286,297129,294751,15048,309799,4542
2021-07-17,Sacramento,067,1510023,112156,110432,2101,112533,1694
2021-07-17,San Benito,069,59416,6192,6181,119,6300,63
2021-07-17,San Bernardino,071,2135413,297971,296048,9734,305782,5218
2021-07-17,San Diego,073,3302833,289184,285698,16331,302029,3786
2021-07-17,San Francisco,075,870044,38829,37978,1494,39472,560
2021-07-17,San Joaquin,077,732212,75445,74695,3966,78661,1430
2021-07-17,San Luis Obispo,079,281455,21669,21462,816,22278,258
2021-07-17,San Mateo,081,765935,43893,43324,550,43874,542
2021-07-17,Santa Barbara,083,443738,35207,34769,1269,36038,461
2021-07-17,Santa Clara,085,1922200,121093,119980,852,120832,2097
2021-07-17,Santa Cruz,087,273765,16453,16337,885,17222,207
2021-07-17,Shasta,089,179085,12777,12683,1749,14432,210
2021-07-17,Sierra,091,2930,64,62,14,76,0
2021-07-17,Siskiyou,093,43540,2006,1922,431,2353,29
2021-07-17,Solano,095,438530,34505,34015,657,34672,263
2021-07-17,Sonoma,097,501317,31923,31536,386,31922,322
2021-07-17,Stanislaus,099,539301,57944,57400,6421,63821,1028
2021-07-17,Sutter,101,95872,9902,9778,102,9880,114
2021-07-17,Tehama,103,63373,5174,5145,624,5769,64
2021-07-17,Trinity,105,12862,427,341,88,429,3
2021-07-17,Tulare,107,460477,50190,49937,9838,59775,854
2021-07-17,Tuolumne,109,53932,4216,4131,41,4172,64
2021-07-17,Ventura,111,848112,82672,82125,3411,85536,1041
2021-07-17,Yolo,113,214977,14555,14356,444,14800,213
2021-07-17,Yuba,115,75493,6424,6309,134,6443,52
2021-07-16,Alameda,001,1643700,92902,91346,2216,93562,1255
2021-07-16,Alpine,003,1148,89,89,0,89,0
2021-07-16,Amador,005,37829,3820,3785,35,3820,48
2021-07-16,Butte,007,227075,12983,12824,2014,14838,202
2021-07-16,Calaveras,009,45235,2266,2237,17,2254,57
2021-07-16,Colusa,011,21464,1992,1976,347,2323,16
2021-07-16,Contra Costa,013,1133247,73515,72254,1467,73721,824
2021-07-16,Del Norte,015,27424,1497,1475,15,1490,8
2021-07-16,El Dorado,017,186661,10767,10622,837,11459,114
2021-07-16,Fresno,019,978130,103924,103055,9261,112316,1730
2021-07-16,Glenn,021,27897,2454,2451,593,3044,20
2021-07-16,Humboldt,023,135768,4751,4654,58,4712,52
2021-07-16,Imperial,025,180216,28932,28840,2922,31762,742
2021-07-16,Inyo,027,18085,1421,1416,4,1420,36
2021-07-16,Kern,029,883053,98418,97796,11877,109673,1348
2021-07-16,Kings,031,150075,23350,23163,1229,24392,246
2021-07-16,Lake,033,64148,3927,3760,14,3774,64
2021-07-16,Lassen,035,31185,5311,5302,123,5425,21
2021-07-16,Los Angeles,037,10098052,1230096,1219733,46006,1265739,24582
2021-07-16,Madera,039,155013,16959,16804,1002,17806,240
2021-07-16,Marin,041,260295,14499,14297,282,14579,234
2021-07-16,Mariposa,043,17540,449,445,11,456,5
2021-07-16,Mendocino,045,87422,4325,4209,84,4293,49
2021-07-16,Merced,047,269075,31618,31451,1031,32482,471
2021-07-16,Modoc,049,8938,422,412,148,560,5
2021-07-16,Mono,051,14174,1263,1277,14,1291,3
2021-07-16,Monterey,053,433212,43529,43367,1988,45355,515
2021-07-16,Napa,055,140530,10242,10129,39,10168,81
2021-07-16,Nevada,057,99092,5188,5066,204,5270,72
2021-07-16,Orange,059,3164182,260092,257805,12299,270104,5136
2021-07-16,Placer,061,380077,24477,24169,1758,25927,303
2021-07-16,Plumas,063,18699,739,721,15,736,4
2021-07-16,Riverside,065,2383286,296853,294751,15022,309773,4542
2021-07-16,Sacramento,067,1510023,111939,110432,2088,112520,1694
2021-07-16,San Benito,069,59416,6190,6181,119,6300,63
2021-07-16,San Bernardino,071,2135413,297694,296048,9717,305765,5218
2021-07-16,San Diego,073,3302833,288738,285698,16284,301982,3786
2021-07-16,San Francisco,075,870044,38712,37978,1489,39467,560
2021-07-16,San Joaquin,077,732212,75350,74695,3963,78658,1430
2021-07-16,San Luis Obispo,079,281455,21652,21462,816,22278,258
2021-07-16,San Mateo,081,765935,43840,43324,549,43873,542
2021-07-16,Santa Barbara,083,443738,35169,34769,1269,36038,461
2021-07-16,Santa Clara,085,1922200,120946,119980,844,120824,2097
2021-07-16,Santa Cruz,087,273765,16440,16337,885,17222,207
2021-07-16,Shasta,089,179085,12767,12683,1748,14431,210
2021-07-16,Sierra,091,2930,64,62,14,76,0
2021-07-16,Siskiyou,093,43540,2004,1922,429,2351,29
2021-07-16,Solano,095,438530,34441,34015,649,34664,263
2021-07-16,Sonoma,097,501317,31871,31536,383,31919,322
2021-07-16,Stanislaus,099,539301,57896,57400,6409,63809,1028
2021-07-16,Sutter,101,95872,9890,9778,102,9880,114
2021-07-16,Tehama,103,63373,5172,5145,624,5769,64
2021-07-16,Trinity,105,12862,427,341,87,428,3
2021-07-16,Tulare,107,460477,50166,49937,9828,59765,854
2021-07-16,Tuolumne,109,53932,4210,4131,41,4172,64
2021-07-16,Ventura,111,848112,82608,82125,3404,85529,1041
2021-07-16,Yolo,113,214977,14529,14356,440,14796,213
2021-07-16,Yuba,115,75493,6402,6309,133,6442,52
2021-07-15,Alameda,001,1643700,92606,91346,2207,93553,1255
2021-07-15,Alpine,003,1148,89,89,0,89,0
2021-07-15,Amador,005,37829,3817,3785,35,3820,48
2021-07-15,Butte,007,227075,12957,12824,2012,14836,202
2021-07-15,Calaveras,009,45235,2264,2237,17,2254,57
2021-07-15,Colusa,011,21464,1991,1976,346,2322,16
2021-07-15,Contra Costa,013,1133247,73302,72254,1459,73713,824
2021-07-15,Del Norte,015,27424,1494,1475,15,1490,8
2021-07-15,El Dorado,017,186661,10740,10622,835,11457,114
2021-07-15,Fresno,019,978130,103828,103055,9240,112295,1730
2021-07-15,Glenn,021,27897,2454,2451,593,3044,20
2021-07-15,Humboldt,023,135768,4733,4654,57,4711,52
2021-07-15,Imperial,025,180216,28909,28840,2922,31762,742
2021-07-15,Inyo,027,18085,1421,1416,4,1420,36
2021-07-15,Kern,029,883053,98348,97796,11849,109645,1348
2021-07-15,Kings,031,150075,23313,23163,1226,24389,246
2021-07-15,Lake,033,64148,3888,3760,14,3774,64
2021-07-15,Lassen,035,31185,5310,5302,123,5425,21
2021-07-15,Los Angeles,037,10098052,1228129,1219733,45841,1265574,24582
2021-07-15,Madera,039,155013,16937,16804,998,17802,240
2021-07-15,Marin,041,260295,14475,14297,282,14579,234
2021-07-15,Mariposa,043,17540,449,445,11,456,5
2021-07-15,Mendocino,045,87422,4317,4209,83,4292,49
2021-07-15,Merced,047,269075,31588,31451,1031,32482,471
2021-07-15,Modoc,049,8938,422,412,148,560,5
2021-07-15,Mono,051,14174,1263,1277,14,1291,3
2021-07-15,Monterey,053,433212,43500,43367,1985,45352,515
2021-07-15,Napa,055,140530,10217,10129,38,10167,81
2021-07-15,Nevada,057,99092,5170,5066,203,5269,72
2021-07-15,Orange,059,3164182,259740,257805,12267,270072,5136
2021-07-15,Placer,061,380077,24418,24169,1741,25910,303
2021-07-15,Plumas,063,18699,738,721,15,736,4
2021-07-15,Riverside,065,2383286,296531,294751,15006,309757,4542
2021-07-15,Sacramento,067,1510023,111635,110432,2071,112503,1694
2021-07-15,San Benito,069,59416,6188,6181,119,6300,63
2021-07-15,San Bernardino,071,2135413,297386,296048,9702,305750,5218
2021-07-15,San Diego,073,3302833,288106,285698,16207,301905,3786
2021-07-15,San Francisco,075,870044,38561,37978,1480,39458,560
2021-07-15,San Joaquin,077,732212,75234,74695,3958,78653,1430
2021-07-15,San Luis Obispo,079,281455,21619,21462,816,22278,258
2021-07-15,San Mateo,081,765935,43736,43324,545,43869,542
2021-07-15,Santa Barbara,083,443738,35116,34769,1268,36037,461
2021-07-15,Santa Clara,085,1922200,120824,119980,841,120821,2097
2021-07-15,Santa Cruz,087,273765,16427,16337,885,17222,207
2021-07-15,Shasta,089,179085,12759,12683,1743,14426,210
2021-07-15,Sierra,091,2930,64,62,14,76,0
2021-07-15,Siskiyou,093,43540,2003,1922,429,2351,29
2021-07-15,Solano,095,438530,34367,34015,643,34658,263
2021-07-15,Sonoma,097,501317,31809,31536,383,31919,322
2021-07-15,Stanislaus,099,539301,57828,57400,6396,63796,1028
2021-07-15,Sutter,101,95872,9870,9778,101,9879,114
2021-07-15,Tehama,103,63373,5166,5145,623,5768,64
2021-07-15,Trinity,105,12862,427,341,87,428,3
2021-07-15,Tulare,107,460477,50145,49937,9811,59748,854
2021-07-15,Tuolumne,109,53932,4198,4131,41,4172,64
2021-07-15,Ventura,111,848112,82531,82125,3399,85524,1041
2021-07-15,Yolo,113,214977,14502,14356,439,14795,213
2021-07-15,Yuba,115,75493,6387,6309,133,6442,52
2021-07-14,Alameda,001,1643700,92346,91092,2188,93280,1255
2021-07-14,Alpine,003,1148,89,89,0,89,0
2021-07-14,Amador,005,37829,3809,3784,35,3819,48
2021-07-14,Butte,007,227075,12930,12813,2005,14818,202
2021-07-14,Calaveras,009,45235,2256,2234,17,2251,57
2021-07-14,Colusa,011,21464,1988,1974,346,2320,16
2021-07-14,Contra Costa,013,1133247,73077,72091,1446,73537,823
2021-07-14,Del Norte,015,27424,1493,1472,15,1487,8
2021-07-14,El Dorado,017,186661,10714,10598,832,11430,114
2021-07-14,Fresno,019,978130,103749,102966,9229,112195,1728
2021-07-14,Glenn,021,27897,2454,2449,593,3042,20
2021-07-14,Humboldt,023,135768,4710,4644,55,4699,52
2021-07-14,Imperial,025,180216,28879,28822,2922,31744,742
2021-07-14,Inyo,027,18085,1420,1415,4,1419,36
2021-07-14,Kern,029,883053,98285,97736,11823,109559,1346
2021-07-14,Kings,031,150075,23300,23142,1226,24368,246
2021-07-14,Lake,033,64148,3855,3739,14,3753,63
2021-07-14,Lassen,035,31185,5309,5298,123,5421,21
2021-07-14,Los Angeles,037,10098052,1226129,1218265,45693,1263958,24578
2021-07-14,Madera,039,155013,16925,16786,996,17782,240
2021-07-14,Marin,041,260295,14441,14269,280,14549,233
2021-07-14,Mariposa,043,17540,447,445,11,456,5
2021-07-14,Mendocino,045,87422,4304,4193,83,4276,49
2021-07-14,Merced,047,269075,31551,31412,1028,32440,471
2021-07-14,Modoc,049,8938,422,412,148,560,4
2021-07-14,Mono,051,14174,1263,1278,14,1292,3
2021-07-14,Monterey,053,433212,43476,43347,1983,45330,504
2021-07-14,Napa,055,140530,10195,10121,38,10159,81
2021-07-14,Nevada,057,99092,5151,5058,203,5261,72
2021-07-14,Orange,059,3164182,259424,257558,12238,269796,5137
2021-07-14,Placer,061,380077,24366,24125,1729,25854,303
2021-07-14,Plumas,063,18699,731,719,15,734,4
2021-07-14,Riverside,065,2383286,296207,294511,14989,309500,4542
2021-07-14,Sacramento,067,1510023,111309,110193,2047,112240,1688
2021-07-14,San Benito,069,59416,6185,6177,119,6296,63
2021-07-14,San Bernardino,071,2135413,297083,295820,9687,305507,5193
2021-07-14,San Diego,073,3302833,287539,285269,16126,301395,3786
2021-07-14,San Francisco,075,870044,38422,37836,1473,39309,559
2021-07-14,San Joaquin,077,732212,75143,74599,3948,78547,1416
2021-07-14,San Luis Obispo,079,281455,21597,21444,814,22258,258
2021-07-14,San Mateo,081,765935,43639,43249,541,43790,542
2021-07-14,Santa Barbara,083,443738,35076,34719,1266,35985,461
2021-07-14,Santa Clara,085,1922200,120674,119844,838,120682,2098
2021-07-14,Santa Cruz,087,273765,16413,16326,885,17211,207
2021-07-14,Shasta,089,179085,12739,12669,1740,14409,209
2021-07-14,Sierra,091,2930,64,62,14,76,0
2021-07-14,Siskiyou,093,43540,1996,1922,426,2348,29
2021-07-14,Solano,095,438530,34295,33948,643,34591,268
2021-07-14,Sonoma,097,501317,31757,31470,383,31853,322
2021-07-14,Stanislaus,099,539301,57753,57340,6384,63724,1028
2021-07-14,Sutter,101,95872,9847,9766,101,9867,114
2021-07-14,Tehama,103,63373,5164,5142,623,5765,64
2021-07-14,Trinity,105,12862,427,341,87,428,3
2021-07-14,Tulare,107,460477,50129,49908,9796,59704,853
2021-07-14,Tuolumne,109,53932,4195,4128,40,4168,64
2021-07-14,Ventura,111,848112,82438,82041,3387,85428,1040
2021-07-14,Yolo,113,214977,14469,14332,436,14768,213
2021-07-14,Yuba,115,75493,6369,6294,133,6427,52
2021-07-13,Alameda,001,1643700,92078,90874,2177,93051,1255
2021-07-13,Alpine,003,1148,89,89,0,89,0
2021-07-13,Amador,005,37829,3802,3783,35,3818,48
2021-07-13,Butte,007,227075,12917,12802,2003,14805,202
2021-07-13,Calaveras,009,45235,2252,2230,17,2247,57
2021-07-13,Colusa,011,21464,1986,1972,342,2314,16
2021-07-13,Contra Costa,013,1133247,72853,71963,1437,73400,823
2021-07-13,Del Norte,015,27424,1489,1471,15,1486,8
2021-07-13,El Dorado,017,186661,10696,10581,829,11410,114
2021-07-13,Fresno,019,978130,103673,102909,9220,112129,1727
2021-07-13,Glenn,021,27897,2452,2448,593,3041,20
2021-07-13,Humboldt,023,135768,4695,4634,55,4689,51
2021-07-13,Imperial,025,180216,28868,28792,2922,31714,741
2021-07-13,Inyo,027,18085,1419,1415,4,1419,36
2021-07-13,Kern,029,883053,98197,97698,11783,109481,1346
2021-07-13,Kings,031,150075,23282,23132,1226,24358,246
2021-07-13,Lake,033,64148,3828,3719,13,3732,63
2021-07-13,Lassen,035,31185,5307,5292,123,5415,21
2021-07-13,Los Angeles,037,10098052,1224291,1217184,45518,1262702,24569
2021-07-13,Madera,039,155013,16916,16773,992,17765,240
2021-07-13,Marin,041,260295,14412,14254,279,14533,233
2021-07-13,Mariposa,043,17540,446,443,11,454,5
2021-07-13,Mendocino,045,87422,4297,4185,83,4268,49
2021-07-13,Merced,047,269075,31530,31379,1025,32404,471
2021-07-13,Modoc,049,8938,422,411,148,559,4
2021-07-13,Mono,051,14174,1262,1277,14,1291,3
2021-07-13,Monterey,053,433212,43458,43333,1979,45312,504
2021-07-13,Napa,055,140530,10174,10118,38,10156,81
2021-07-13,Nevada,057,99092,5126,5053,203,5256,72
2021-07-13,Orange,059,3164182,259093,257339,12208,269547,5136
2021-07-13,Placer,061,380077,24320,24091,1716,25807,303
2021-07-13,Plumas,063,18699,730,716,15,731,4
2021-07-13,Riverside,065,2383286,295885,294302,14962,309264,4541
2021-07-13,Sacramento,067,1510023,111000,109990,2025,112015,1687
2021-07-13,San Benito,069,59416,6183,6173,119,6292,63
2021-07-13,San Bernardino,071,2135413,296805,295596,9665,305261,5183
2021-07-13,San Diego,073,3302833,286997,284997,16047,301044,3785
2021-07-13,San Francisco,075,870044,38278,37725,1466,39191,559
2021-07-13,San Joaquin,077,732212,75027,74500,3945,78445,1417
2021-07-13,San Luis Obispo,079,281455,21571,21423,811,22234,258
2021-07-13,San Mateo,081,765935,43571,43180,540,43720,542
2021-07-13,Santa Barbara,083,443738,35027,34679,1263,35942,461
2021-07-13,Santa Clara,085,1922200,120520,119727,834,120561,2098
2021-07-13,Santa Cruz,087,273765,16404,16315,883,17198,207
2021-07-13,Shasta,089,179085,12726,12659,1733,14392,209
2021-07-13,Sierra,091,2930,64,62,14,76,0
2021-07-13,Siskiyou,093,43540,1995,1916,424,2340,29
2021-07-13,Solano,095,438530,34233,33918,637,34555,268
2021-07-13,Sonoma,097,501317,31698,31431,383,31814,322
2021-07-13,Stanislaus,099,539301,57684,57282,6370,63652,1028
2021-07-13,Sutter,101,95872,9829,9752,100,9852,114
2021-07-13,Tehama,103,63373,5157,5144,623,5767,64
2021-07-13,Trinity,105,12862,427,341,86,427,3
2021-07-13,Tulare,107,460477,50105,49891,9780,59671,853
2021-07-13,Tuolumne,109,53932,4187,4122,39,4161,64
2021-07-13,Ventura,111,848112,82355,81982,3361,85343,1040
2021-07-13,Yolo,113,214977,14441,14320,429,14749,213
2021-07-13,Yuba,115,75493,6353,6279,133,6412,52
2021-07-12,Alameda,001,1643700,91822,90720,2169,92889,1254
2021-07-12,Alpine,003,1148,89,89,0,89,0
2021-07-12,Amador,005,37829,3795,3781,35,3816,47
2021-07-12,Butte,007,227075,12897,12796,2001,14797,202
2021-07-12,Calaveras,009,45235,2250,2228,17,2245,57
2021-07-12,Colusa,011,21464,1982,1971,341,2312,16
2021-07-12,Contra Costa,013,1133247,72651,71833,1432,73265,823
2021-07-12,Del Norte,015,27424,1486,1469,15,1484,8
2021-07-12,El Dorado,017,186661,10668,10569,827,11396,114
2021-07-12,Fresno,019,978130,103580,102853,9208,112061,1728
2021-07-12,Glenn,021,27897,2452,2446,593,3039,20
2021-07-12,Humboldt,023,135768,4679,4621,55,4676,51
2021-07-12,Imperial,025,180216,28838,28789,2922,31711,741
2021-07-12,Inyo,027,18085,1419,1415,4,1419,36
2021-07-12,Kern,029,883053,98128,97660,11758,109418,1346
2021-07-12,Kings,031,150075,23262,23124,1224,24348,246
2021-07-12,Lake,033,64148,3807,3706,13,3719,63
2021-07-12,Lassen,035,31185,5306,5292,123,5415,21
2021-07-12,Los Angeles,037,10098052,1222517,1216230,45374,1261604,24559
2021-07-12,Madera,039,155013,16905,16772,992,17764,240
2021-07-12,Marin,041,260295,14387,14238,278,14516,233
2021-07-12,Mariposa,043,17540,446,442,11,453,5
2021-07-12,Mendocino,045,87422,4286,4175,83,4258,49
2021-07-12,Merced,047,269075,31499,31374,1024,32398,471
2021-07-12,Modoc,049,8938,421,411,148,559,4
2021-07-12,Mono,051,14174,1260,1275,14,1289,3
2021-07-12,Monterey,053,433212,43437,43315,1975,45290,504
2021-07-12,Napa,055,140530,10156,10104,37,10141,81
2021-07-12,Nevada,057,99092,5103,5046,203,5249,72
2021-07-12,Orange,059,3164182,258743,257171,12183,269354,5136
2021-07-12,Placer,061,380077,24269,24052,1710,25762,302
2021-07-12,Plumas,063,18699,730,716,15,731,4
2021-07-12,Riverside,065,2383286,295577,294108,14932,309040,4541
2021-07-12,Sacramento,067,1510023,110785,109849,1999,111848,1685
2021-07-12,San Benito,069,59416,6180,6166,119,6285,63
2021-07-12,San Bernardino,071,2135413,296534,295447,9651,305098,5171
2021-07-12,San Diego,073,3302833,286533,284648,15971,300619,3785
2021-07-12,San Francisco,075,870044,38131,37656,1462,39118,559
2021-07-12,San Joaquin,077,732212,74932,74424,3935,78359,1415
2021-07-12,San Luis Obispo,079,281455,21552,21408,810,22218,258
2021-07-12,San Mateo,081,765935,43478,43138,533,43671,542
2021-07-12,Santa Barbara,083,443738,34985,34664,1261,35925,461
2021-07-12,Santa Clara,085,1922200,120355,119634,831,120465,2098
2021-07-12,Santa Cruz,087,273765,16379,16310,882,17192,207
2021-07-12,Shasta,089,179085,12718,12648,1730,14378,208
2021-07-12,Sierra,091,2930,64,62,14,76,0
2021-07-12,Siskiyou,093,43540,1990,1916,419,2335,29
2021-07-12,Solano,095,438530,34147,33859,628,34487,268
2021-07-12,Sonoma,097,501317,31650,31377,382,31759,322
2021-07-12,Stanislaus,099,539301,57611,57243,6363,63606,1028
2021-07-12,Sutter,101,95872,9812,9736,99,9835,114
2021-07-12,Tehama,103,63373,5152,5138,622,5760,63
2021-07-12,Trinity,105,12862,423,340,84,424,3
2021-07-12,Tulare,107,460477,50078,49882,9766,59648,853
2021-07-12,Tuolumne,109,53932,4183,4116,39,4155,64
2021-07-12,Ventura,111,848112,82255,81919,3339,85258,1040
2021-07-12,Yolo,113,214977,14412,14303,425,14728,213
2021-07-12,Yuba,115,75493,6338,6266,133,6399,52
2021-07-11,Alameda,001,1643700,91494,90597,2154,92751,1254
2021-07-11,Alpine,003,1148,89,89,0,89,0
2021-07-11,Amador,005,37829,3793,3779,35,3814,47
2021-07-11,Butte,007,227075,12876,12794,1994,14788,202
2021-07-11,Calaveras,009,45235,2242,2226,16,2242,57
2021-07-11,Colusa,011,21464,1982,1971,340,2311,16
2021-07-11,Contra Costa,013,1133247,72441,71744,1425,73169,823
2021-07-11,Del Norte,015,27424,1482,1467,14,1481,8
2021-07-11,El Dorado,017,186661,10639,10554,825,11379,114
2021-07-11,Fresno,019,978130,103485,102813,9189,112002,1728
2021-07-11,Glenn,021,27897,2451,2446,593,3039,20
2021-07-11,Humboldt,023,135768,4666,4611,54,4665,51
2021-07-11,Imperial,025,180216,28820,28787,2921,31708,741
2021-07-11,Inyo,027,18085,1417,1415,4,1419,36
2021-07-11,Kern,029,883053,98055,97637,11742,109379,1346
2021-07-11,Kings,031,150075,23231,23116,1221,24337,246
2021-07-11,Lake,033,64148,3776,3699,13,3712,63
2021-07-11,Lassen,035,31185,5303,5291,123,5414,21
2021-07-11,Los Angeles,037,10098052,1220777,1215182,45211,1260393,24558
2021-07-11,Madera,039,155013,16886,16766,991,17757,240
2021-07-11,Marin,041,260295,14361,14231,278,14509,233
2021-07-11,Mariposa,043,17540,445,442,11,453,5
2021-07-11,Mendocino,045,87422,4266,4167,83,4250,49
2021-07-11,Merced,047,269075,31475,31366,1019,32385,471
2021-07-11,Modoc,049,8938,420,411,148,559,4
2021-07-11,Mono,051,14174,1260,1275,14,1289,3
2021-07-11,Monterey,053,433212,43419,43307,1970,45277,504
2021-07-11,Napa,055,140530,10152,10100,37,10137,81
2021-07-11,Nevada,057,99092,5092,5035,202,5237,72
2021-07-11,Orange,059,3164182,258431,257009,12154,269163,5136
2021-07-11,Placer,061,380077,24212,24017,1698,25715,302
2021-07-11,Plumas,063,18699,730,716,15,731,4
2021-07-11,Riverside,065,2383286,295313,293969,14914,308883,4541
2021-07-11,Sacramento,067,1510023,110507,109696,1989,111685,1685
2021-07-11,San Benito,069,59416,6175,6163,119,6282,63
2021-07-11,San Bernardino,071,2135413,296228,295342,9627,304969,5167
2021-07-11,San Diego,073,3302833,286120,283819,15885,299704,3784
2021-07-11,San Francisco,075,870044,38003,37596,1456,39052,559
2021-07-11,San Joaquin,077,732212,74817,74376,3918,78294,1415
2021-07-11,San Luis Obispo,079,281455,21518,21403,809,22212,258
2021-07-11,San Mateo,081,765935,43398,43107,526,43633,542
2021-07-11,Santa Barbara,083,443738,34939,34646,1261,35907,461
2021-07-11,Santa Clara,085,1922200,120201,119549,830,120379,2098
2021-07-11,Santa Cruz,087,273765,16363,16303,882,17185,207
2021-07-11,Shasta,089,179085,12701,12647,1728,14375,208
2021-07-11,Sierra,091,2930,64,62,14,76,0
2021-07-11,Siskiyou,093,43540,1986,1915,417,2332,29
2021-07-11,Solano,095,438530,34069,33837,624,34461,268
2021-07-11,Sonoma,097,501317,31568,31352,382,31734,322
2021-07-11,Stanislaus,099,539301,57538,57230,6351,63581,1028
2021-07-11,Sutter,101,95872,9798,9728,99,9827,114
2021-07-11,Tehama,103,63373,5149,5138,622,5760,63
2021-07-11,Trinity,105,12862,422,340,84,424,3
2021-07-11,Tulare,107,460477,50054,49877,9746,59623,853
2021-07-11,Tuolumne,109,53932,4177,4116,39,4155,64
2021-07-11,Ventura,111,848112,82183,81875,3319,85194,1040
2021-07-11,Yolo,113,214977,14387,14285,417,14702,213
2021-07-11,Yuba,115,75493,6327,6260,133,6393,52
2021-07-10,Alameda,001,1643700,91344,90090,2151,92241,1252
2021-07-10,Alpine,003,1148,89,89,0,89,0
2021-07-10,Amador,005,37829,3787,3773,35,3808,47
2021-07-10,Butte,007,227075,12865,12764,1991,14755,202
2021-07-10,Calaveras,009,45235,2241,2214,16,2230,57
2021-07-10,Colusa,011,21464,1980,1969,340,2309,16
2021-07-10,Contra Costa,013,1133247,72342,71376,1424,72800,821
2021-07-10,Del Norte,015,27424,1480,1451,14,1465,8
2021-07-10,El Dorado,017,186661,10623,10508,821,11329,114
2021-07-10,Fresno,019,978130,103452,102675,9182,111857,1730
2021-07-10,Glenn,021,27897,2448,2440,592,3032,20
2021-07-10,Humboldt,023,135768,4657,4574,54,4628,51
2021-07-10,Imperial,025,180216,28807,28729,2921,31650,741
2021-07-10,Inyo,027,18085,1416,1415,4,1419,36
2021-07-10,Kern,029,883053,98016,97538,11724,109262,1346
2021-07-10,Kings,031,150075,23224,23090,1220,24310,246
2021-07-10,Lake,033,64148,3759,3667,13,3680,63
2021-07-10,Lassen,035,31185,5303,5290,123,5413,21
2021-07-10,Los Angeles,037,10098052,1219761,1212043,45106,1257149,24542
2021-07-10,Madera,039,155013,16880,16744,988,17732,241
2021-07-10,Marin,041,260295,14347,14194,278,14472,233
2021-07-10,Mariposa,043,17540,445,442,11,453,5
2021-07-10,Mendocino,045,87422,4259,4153,82,4235,49
2021-07-10,Merced,047,269075,31462,31328,1019,32347,470
2021-07-10,Modoc,049,8938,420,410,148,558,4
2021-07-10,Mono,051,14174,1260,1275,14,1289,3
2021-07-10,Monterey,053,433212,43405,43251,1968,45219,499
2021-07-10,Napa,055,140530,10140,10077,37,10114,81
2021-07-10,Nevada,057,99092,5083,5000,202,5202,72
2021-07-10,Orange,059,3164182,258258,256438,12138,268576,5135
2021-07-10,Placer,061,380077,24183,23916,1688,25604,302
2021-07-10,Plumas,063,18699,729,717,15,732,4
2021-07-10,Riverside,065,2383286,295127,293474,14900,308374,4541
2021-07-10,Sacramento,067,1510023,110358,109091,1984,111075,1682
2021-07-10,San Benito,069,59416,6170,6141,119,6260,63
2021-07-10,San Bernardino,071,2135413,296041,294932,9615,304547,5117
2021-07-10,San Diego,073,3302833,285830,283577,15832,299409,3783
2021-07-10,San Francisco,075,870044,37920,37338,1451,38789,559
2021-07-10,San Joaquin,077,732212,74760,74150,3912,78062,1412
2021-07-10,San Luis Obispo,079,281455,21507,21375,808,22183,258
2021-07-10,San Mateo,081,765935,43348,42948,524,43472,542
2021-07-10,Santa Barbara,083,443738,34913,34595,1261,35856,460
2021-07-10,Santa Clara,085,1922200,120098,119330,827,120157,2094
2021-07-10,Santa Cruz,087,273765,16356,16286,882,17168,207
2021-07-10,Shasta,089,179085,12688,12623,1723,14346,206
2021-07-10,Sierra,091,2930,64,61,14,75,0
2021-07-10,Siskiyou,093,43540,1984,1909,414,2323,29
2021-07-10,Solano,095,438530,34029,33678,618,34296,268
2021-07-10,Sonoma,097,501317,31517,31231,382,31613,317
2021-07-10,Stanislaus,099,539301,57497,57104,6341,63445,1026
2021-07-10,Sutter,101,95872,9785,9692,99,9791,114
2021-07-10,Tehama,103,63373,5146,5131,622,5753,63
2021-07-10,Trinity,105,12862,422,341,84,425,3
2021-07-10,Tulare,107,460477,50044,49850,9740,59590,853
2021-07-10,Tuolumne,109,53932,4175,4114,39,4153,64
2021-07-10,Ventura,111,848112,82138,81713,3301,85014,1039
2021-07-10,Yolo,113,214977,14366,14250,414,14664,213
2021-07-10,Yuba,115,75493,6317,6238,133,6371,52
2021-07-09,Alameda,001,1643700,91192,90090,2145,92235,1252
2021-07-09,Alpine,003,1148,89,89,0,89,0
2021-07-09,Amador,005,37829,3786,3773,35,3808,47
2021-07-09,Butte,007,227075,12854,12764,1989,14753,202
2021-07-09,Calaveras,009,45235,2239,2214,16,2230,57
2021-07-09,Colusa,011,21464,1979,1969,340,2309,16
2021-07-09,Contra Costa,013,1133247,72217,71376,1423,72799,821
2021-07-09,Del Norte,015,27424,1475,1451,14,1465,8
2021-07-09,El Dorado,017,186661,10608,10508,820,11328,114
2021-07-09,Fresno,019,978130,103396,102675,9175,111850,1730
2021-07-09,Glenn,021,27897,2447,2440,590,3030,20
2021-07-09,Humboldt,023,135768,4638,4574,54,4628,51
2021-07-09,Imperial,025,180216,28799,28729,2920,31649,741
2021-07-09,Inyo,027,18085,1415,1415,4,1419,36
2021-07-09,Kern,029,883053,97978,97538,11712,109250,1346
2021-07-09,Kings,031,150075,23214,23090,1219,24309,246
2021-07-09,Lake,033,64148,3745,3667,13,3680,63
2021-07-09,Lassen,035,31185,5301,5290,122,5412,21
2021-07-09,Los Angeles,037,10098052,1218762,1212043,45029,1257072,24542
2021-07-09,Madera,039,155013,16871,16744,987,17731,241
2021-07-09,Marin,041,260295,14327,14194,276,14470,233
2021-07-09,Mariposa,043,17540,445,442,11,453,5
2021-07-09,Mendocino,045,87422,4252,4153,82,4235,49
2021-07-09,Merced,047,269075,31447,31328,1019,32347,470
2021-07-09,Modoc,049,8938,420,410,148,558,4
2021-07-09,Mono,051,14174,1260,1275,14,1289,3
2021-07-09,Monterey,053,433212,43396,43251,1968,45219,499
2021-07-09,Napa,055,140530,10133,10077,37,10114,81
2021-07-09,Nevada,057,99092,5074,5000,202,5202,72
2021-07-09,Orange,059,3164182,258054,256438,12124,268562,5135
2021-07-09,Placer,061,380077,24161,23916,1682,25598,302
2021-07-09,Plumas,063,18699,727,717,15,732,4
2021-07-09,Riverside,065,2383286,294940,293474,14886,308360,4541
2021-07-09,Sacramento,067,1510023,110205,109091,1976,111067,1682
2021-07-09,San Benito,069,59416,6168,6141,119,6260,63
2021-07-09,San Bernardino,071,2135413,295889,294932,9608,304540,5117
2021-07-09,San Diego,073,3302833,285544,283577,15784,299361,3783
2021-07-09,San Francisco,075,870044,37840,37338,1444,38782,559
2021-07-09,San Joaquin,077,732212,74688,74150,3904,78054,1412
2021-07-09,San Luis Obispo,079,281455,21495,21375,808,22183,258
2021-07-09,San Mateo,081,765935,43302,42948,520,43468,542
2021-07-09,Santa Barbara,083,443738,34894,34595,1260,35855,460
2021-07-09,Santa Clara,085,1922200,119987,119330,827,120157,2094
2021-07-09,Santa Cruz,087,273765,16353,16286,882,17168,207
2021-07-09,Shasta,089,179085,12682,12623,1718,14341,206
2021-07-09,Sierra,091,2930,64,61,14,75,0
2021-07-09,Siskiyou,093,43540,1982,1909,413,2322,29
2021-07-09,Solano,095,438530,33995,33678,614,34292,268
2021-07-09,Sonoma,097,501317,31481,31231,382,31613,317
2021-07-09,Stanislaus,099,539301,57455,57104,6339,63443,1026
2021-07-09,Sutter,101,95872,9776,9692,99,9791,114
2021-07-09,Tehama,103,63373,5144,5131,622,5753,63
2021-07-09,Trinity,105,12862,421,341,81,422,3
2021-07-09,Tulare,107,460477,50031,49850,9734,59584,853
2021-07-09,Tuolumne,109,53932,4172,4114,39,4153,64
2021-07-09,Ventura,111,848112,82083,81713,3292,85005,1039
2021-07-09,Yolo,113,214977,14351,14250,410,14660,213
2021-07-09,Yuba,115,75493,6304,6238,133,6371,52
2021-07-08,Alameda,001,1643700,90982,90090,2140,92230,1252
2021-07-08,Alpine,003,1148,89,89,0,89,0
2021-07-08,Amador,005,37829,3784,3773,35,3808,47
2021-07-08,Butte,007,227075,12841,12764,1986,14750,202
2021-07-08,Calaveras,009,45235,2234,2214,15,2229,57
2021-07-08,Colusa,011,21464,1979,1969,340,2309,16
2021-07-08,Contra Costa,013,1133247,72089,71376,1418,72794,821
2021-07-08,Del Norte,015,27424,1473,1451,14,1465,8
2021-07-08,El Dorado,017,186661,10591,10508,815,11323,114
2021-07-08,Fresno,019,978130,103336,102675,9163,111838,1730
2021-07-08,Glenn,021,27897,2447,2440,590,3030,20
2021-07-08,Humboldt,023,135768,4623,4574,53,4627,51
2021-07-08,Imperial,025,180216,28786,28729,2919,31648,741
2021-07-08,Inyo,027,18085,1415,1415,4,1419,36
2021-07-08,Kern,029,883053,97934,97538,11694,109232,1346
2021-07-08,Kings,031,150075,23205,23090,1219,24309,246
2021-07-08,Lake,033,64148,3731,3667,13,3680,63
2021-07-08,Lassen,035,31185,5298,5290,122,5412,21
2021-07-08,Los Angeles,037,10098052,1217554,1212043,44931,1256974,24542
2021-07-08,Madera,039,155013,16856,16744,987,17731,241
2021-07-08,Marin,041,260295,14312,14194,276,14470,233
2021-07-08,Mariposa,043,17540,444,442,11,453,5
2021-07-08,Mendocino,045,87422,4249,4153,82,4235,49
2021-07-08,Merced,047,269075,31433,31328,1017,32345,470
2021-07-08,Modoc,049,8938,420,410,148,558,4
2021-07-08,Mono,051,14174,1260,1275,14,1289,3
2021-07-08,Monterey,053,433212,43376,43251,1962,45213,499
2021-07-08,Napa,055,140530,10129,10077,37,10114,81
2021-07-08,Nevada,057,99092,5068,5000,202,5202,72
2021-07-08,Orange,059,3164182,257860,256438,12103,268541,5135
2021-07-08,Placer,061,380077,24122,23916,1674,25590,302
2021-07-08,Plumas,063,18699,726,717,15,732,4
2021-07-08,Riverside,065,2383286,294739,293474,14870,308344,4541
2021-07-08,Sacramento,067,1510023,109985,109091,1969,111060,1682
2021-07-08,San Benito,069,59416,6165,6141,119,6260,63
2021-07-08,San Bernardino,071,2135413,295714,294932,9599,304531,5117
2021-07-08,San Diego,073,3302833,285216,283577,15736,299313,3783
2021-07-08,San Francisco,075,870044,37761,37338,1439,38777,559
2021-07-08,San Joaquin,077,732212,74600,74150,3891,78041,1412
2021-07-08,San Luis Obispo,079,281455,21483,21375,805,22180,258
2021-07-08,San Mateo,081,765935,43252,42948,519,43467,542
2021-07-08,Santa Barbara,083,443738,34868,34595,1258,35853,460
2021-07-08,Santa Clara,085,1922200,119894,119330,826,120156,2094
2021-07-08,Santa Cruz,087,273765,16347,16286,882,17168,207
2021-07-08,Shasta,089,179085,12676,12623,1714,14337,206
2021-07-08,Sierra,091,2930,64,61,14,75,0
2021-07-08,Siskiyou,093,43540,1977,1909,410,2319,29
2021-07-08,Solano,095,438530,33943,33678,606,34284,268
2021-07-08,Sonoma,097,501317,31450,31231,381,31612,317
2021-07-08,Stanislaus,099,539301,57421,57104,6334,63438,1026
2021-07-08,Sutter,101,95872,9761,9692,97,9789,114
2021-07-08,Tehama,103,63373,5141,5131,621,5752,63
2021-07-08,Trinity,105,12862,421,341,81,422,3
2021-07-08,Tulare,107,460477,50014,49850,9725,59575,853
2021-07-08,Tuolumne,109,53932,4170,4114,39,4153,64
2021-07-08,Ventura,111,848112,82019,81713,3275,84988,1039
2021-07-08,Yolo,113,214977,14333,14250,408,14658,213
2021-07-08,Yuba,115,75493,6296,6238,133,6371,52
2021-07-07,Alameda,001,1643700,90798,89995,2134,92129,1253
2021-07-07,Alpine,003,1148,89,89,0,89,0
2021-07-07,Amador,005,37829,3779,3770,35,3805,47
2021-07-07,Butte,007,227075,12828,12750,1981,14731,202
2021-07-07,Calaveras,009,45235,2229,2212,15,2227,57
2021-07-07,Colusa,011,21464,1975,1969,340,2309,16
2021-07-07,Contra Costa,013,1133247,71944,71308,1416,72724,821
2021-07-07,Del Norte,015,27424,1468,1446,14,1460,8
2021-07-07,El Dorado,017,186661,10571,10494,813,11307,114
2021-07-07,Fresno,019,978130,103286,102639,9156,111795,1729
2021-07-07,Glenn,021,27897,2447,2441,590,3031,20
2021-07-07,Humboldt,023,135768,4609,4566,53,4619,51
2021-07-07,Imperial,025,180216,28779,28701,2919,31620,740
2021-07-07,Inyo,027,18085,1414,1415,4,1419,36
2021-07-07,Kern,029,883053,97892,97507,11678,109185,1348
2021-07-07,Kings,031,150075,23192,23085,1216,24301,245
2021-07-07,Lake,033,64148,3712,3660,13,3673,63
2021-07-07,Lassen,035,31185,5298,5286,122,5408,21
2021-07-07,Los Angeles,037,10098052,1216381,1211316,44820,1256136,24531
2021-07-07,Madera,039,155013,16846,16733,985,17718,241
2021-07-07,Marin,041,260295,14293,14183,275,14458,233
2021-07-07,Mariposa,043,17540,442,442,11,453,5
2021-07-07,Mendocino,045,87422,4240,4145,82,4227,49
2021-07-07,Merced,047,269075,31418,31317,1017,32334,470
2021-07-07,Modoc,049,8938,420,410,148,558,4
2021-07-07,Mono,051,14174,1259,1274,14,1288,3
2021-07-07,Monterey,053,433212,43352,43233,1960,45193,494
2021-07-07,Napa,055,140530,10118,10078,37,10115,81
2021-07-07,Nevada,057,99092,5061,4996,202,5198,72
2021-07-07,Orange,059,3164182,257633,256301,12080,268381,5132
2021-07-07,Placer,061,380077,24086,23901,1664,25565,302
2021-07-07,Plumas,063,18699,726,710,15,725,4
2021-07-07,Riverside,065,2383286,294525,293331,14859,308190,4538
2021-07-07,Sacramento,067,1510023,109796,108954,1961,110915,1682
2021-07-07,San Benito,069,59416,6160,6137,119,6256,63
2021-07-07,San Bernardino,071,2135413,295547,294787,9592,304379,5087
2021-07-07,San Diego,073,3302833,284898,283377,15696,299073,3782
2021-07-07,San Francisco,075,870044,37669,37284,1436,38720,558
2021-07-07,San Joaquin,077,732212,74524,74095,3875,77970,1410
2021-07-07,San Luis Obispo,079,281455,21474,21360,803,22163,258
2021-07-07,San Mateo,081,765935,43197,42908,516,43424,542
2021-07-07,Santa Barbara,083,443738,34842,34582,1258,35840,460
2021-07-07,Santa Clara,085,1922200,119796,119250,825,120075,2094
2021-07-07,Santa Cruz,087,273765,16338,16279,881,17160,207
2021-07-07,Shasta,089,179085,12668,12613,1711,14324,206
2021-07-07,Sierra,091,2930,64,60,14,74,0
2021-07-07,Siskiyou,093,43540,1971,1908,406,2314,29
2021-07-07,Solano,095,438530,33895,33659,599,34258,268
2021-07-07,Sonoma,097,501317,31404,31172,381,31553,316
2021-07-07,Stanislaus,099,539301,57376,57102,6329,63431,1028
2021-07-07,Sutter,101,95872,9751,9683,97,9780,114
2021-07-07,Tehama,103,63373,5140,5129,621,5750,63
2021-07-07,Trinity,105,12862,421,341,81,422,3
2021-07-07,Tulare,107,460477,50010,49835,9716,59551,853
2021-07-07,Tuolumne,109,53932,4166,4115,38,4153,64
2021-07-07,Ventura,111,848112,81976,81608,3260,84868,1036
2021-07-07,Yolo,113,214977,14323,14236,405,14641,213
2021-07-07,Yuba,115,75493,6280,6233,133,6366,51
2021-07-06,Alameda,001,1643700,90603,89918,2125,92043,1253
2021-07-06,Alpine,003,1148,89,89,0,89,0
2021-07-06,Amador,005,37829,3778,3768,34,3802,47
2021-07-06,Butte,007,227075,12815,12744,1978,14722,201
2021-07-06,Calaveras,009,45235,2229,2211,15,2226,55
2021-07-06,Colusa,011,21464,1974,1967,337,2304,16
2021-07-06,Contra Costa,013,1133247,71815,71262,1414,72676,820
2021-07-06,Del Norte,015,27424,1464,1445,14,1459,8
2021-07-06,El Dorado,017,186661,10553,10484,812,11296,113
2021-07-06,Fresno,019,978130,103234,102616,9145,111761,1727
2021-07-06,Glenn,021,27897,2446,2438,590,3028,20
2021-07-06,Humboldt,023,135768,4595,4565,52,4617,49
2021-07-06,Imperial,025,180216,28764,28693,2917,31610,739
2021-07-06,Inyo,027,18085,1414,1412,4,1416,36
2021-07-06,Kern,029,883053,97850,97491,11667,109158,1346
2021-07-06,Kings,031,150075,23184,23077,1215,24292,245
2021-07-06,Lake,033,64148,3702,3659,13,3672,63
2021-07-06,Lassen,035,31185,5297,5288,121,5409,21
2021-07-06,Los Angeles,037,10098052,1215174,1210965,44720,1255685,24525
2021-07-06,Madera,039,155013,16835,16730,985,17715,241
2021-07-06,Marin,041,260295,14279,14181,275,14456,233
2021-07-06,Mariposa,043,17540,442,442,11,453,5
2021-07-06,Mendocino,045,87422,4233,4143,82,4225,49
2021-07-06,Merced,047,269075,31401,31317,1016,32333,470
2021-07-06,Modoc,049,8938,420,411,148,559,4
2021-07-06,Mono,051,14174,1258,1274,14,1288,3
2021-07-06,Monterey,053,433212,43330,43224,1959,45183,494
2021-07-06,Napa,055,140530,10107,10081,37,10118,81
2021-07-06,Nevada,057,99092,5052,4988,202,5190,72
2021-07-06,Orange,059,3164182,257391,256227,12063,268290,5129
2021-07-06,Placer,061,380077,24045,23876,1658,25534,302
2021-07-06,Plumas,063,18699,725,708,15,723,4
2021-07-06,Riverside,065,2383286,294321,293227,14841,308068,4539
2021-07-06,Sacramento,067,1510023,109585,108850,1953,110803,1679
2021-07-06,San Benito,069,59416,6156,6137,119,6256,63
2021-07-06,San Bernardino,071,2135413,295371,294712,9579,304291,5056
2021-07-06,San Diego,073,3302833,284543,283278,15637,298915,3782
2021-07-06,San Francisco,075,870044,37553,37251,1433,38684,558
2021-07-06,San Joaquin,077,732212,74455,74019,3863,77882,1410
2021-07-06,San Luis Obispo,079,281455,21457,21354,802,22156,257
2021-07-06,San Mateo,081,765935,43122,42895,516,43411,541
2021-07-06,Santa Barbara,083,443738,34824,34572,1256,35828,460
2021-07-06,Santa Clara,085,1922200,119678,119194,822,120016,2095
2021-07-06,Santa Cruz,087,273765,16333,16274,880,17154,207
2021-07-06,Shasta,089,179085,12658,12606,1709,14315,205
2021-07-06,Sierra,091,2930,63,60,14,74,0
2021-07-06,Siskiyou,093,43540,1968,1905,402,2307,29
2021-07-06,Solano,095,438530,33845,33619,596,34215,268
2021-07-06,Sonoma,097,501317,31341,31130,380,31510,316
2021-07-06,Stanislaus,099,539301,57314,57120,6317,63437,1029
2021-07-06,Sutter,101,95872,9742,9674,96,9770,114
2021-07-06,Tehama,103,63373,5137,5126,620,5746,63
2021-07-06,Trinity,105,12862,421,341,81,422,3
2021-07-06,Tulare,107,460477,49995,49826,9705,59531,853
2021-07-06,Tuolumne,109,53932,4164,4113,38,4151,64
2021-07-06,Ventura,111,848112,81936,81534,3234,84768,1033
2021-07-06,Yolo,113,214977,14302,14227,400,14627,213
2021-07-06,Yuba,115,75493,6269,6231,133,6364,51
2021-07-05,Alameda,001,1643700,90426,89892,2119,92011,1253
2021-07-05,Alpine,003,1148,89,89,0,89,0
2021-07-05,Amador,005,37829,3776,3768,34,3802,47
2021-07-05,Butte,007,227075,12807,12740,1968,14708,201
2021-07-05,Calaveras,009,45235,2227,2211,15,2226,55
2021-07-05,Colusa,011,21464,1972,1966,336,2302,16
2021-07-05,Contra Costa,013,1133247,71689,71235,1414,72649,820
2021-07-05,Del Norte,015,27424,1460,1446,14,1460,8
2021-07-05,El Dorado,017,186661,10528,10481,812,11293,113
2021-07-05,Fresno,019,978130,103177,102592,9127,111719,1727
2021-07-05,Glenn,021,27897,2443,2438,589,3027,20
2021-07-05,Humboldt,023,135768,4581,4563,52,4615,49
2021-07-05,Imperial,025,180216,28746,28689,2917,31606,739
2021-07-05,Inyo,027,18085,1414,1412,4,1416,36
2021-07-05,Kern,029,883053,97802,97479,11646,109125,1346
2021-07-05,Kings,031,150075,23176,23065,1212,24277,245
2021-07-05,Lake,033,64148,3684,3645,13,3658,63
2021-07-05,Lassen,035,31185,5294,5288,120,5408,21
2021-07-05,Los Angeles,037,10098052,1213992,1210653,44614,1255267,24522
2021-07-05,Madera,039,155013,16824,16722,984,17706,241
2021-07-05,Marin,041,260295,14258,14178,275,14453,233
2021-07-05,Mariposa,043,17540,442,441,11,452,5
2021-07-05,Mendocino,045,87422,4228,4139,82,4221,49
2021-07-05,Merced,047,269075,31381,31312,1016,32328,470
2021-07-05,Modoc,049,8938,420,410,148,558,4
2021-07-05,Mono,051,14174,1258,1273,14,1287,3
2021-07-05,Monterey,053,433212,43310,43218,1954,45172,494
2021-07-05,Napa,055,140530,10101,10074,37,10111,81
2021-07-05,Nevada,057,99092,5034,4980,201,5181,72
2021-07-05,Orange,059,3164182,257191,256173,12044,268217,5129
2021-07-05,Placer,061,380077,23998,23867,1650,25517,302
2021-07-05,Plumas,063,18699,724,708,15,723,4
2021-07-05,Riverside,065,2383286,294129,293193,14828,308021,4539
2021-07-05,Sacramento,067,1510023,109403,108758,1944,110702,1679
2021-07-05,San Benito,069,59416,6149,6137,119,6256,63
2021-07-05,San Bernardino,071,2135413,295210,294647,9572,304219,5037
2021-07-05,San Diego,073,3302833,284183,282834,15592,298426,3782
2021-07-05,San Francisco,075,870044,37466,37237,1428,38665,558
2021-07-05,San Joaquin,077,732212,74385,73999,3857,77856,1410
2021-07-05,San Luis Obispo,079,281455,21444,21351,801,22152,257
2021-07-05,San Mateo,081,765935,43070,42876,513,43389,541
2021-07-05,Santa Barbara,083,443738,34804,34569,1256,35825,460
2021-07-05,Santa Clara,085,1922200,119573,119184,820,120004,2095
2021-07-05,Santa Cruz,087,273765,16324,16273,879,17152,208
2021-07-05,Shasta,089,179085,12649,12603,1707,14310,205
2021-07-05,Sierra,091,2930,63,60,14,74,0
2021-07-05,Siskiyou,093,43540,1967,1904,400,2304,29
2021-07-05,Solano,095,438530,33777,33612,590,34202,268
2021-07-05,Sonoma,097,501317,31288,31116,380,31496,316
2021-07-05,Stanislaus,099,539301,57278,57109,6307,63416,1029
2021-07-05,Sutter,101,95872,9730,9667,96,9763,114
2021-07-05,Tehama,103,63373,5136,5125,620,5745,63
2021-07-05,Trinity,105,12862,420,341,80,421,3
2021-07-05,Tulare,107,460477,49977,49818,9702,59520,853
2021-07-05,Tuolumne,109,53932,4160,4112,38,4150,64
2021-07-05,Ventura,111,848112,81886,81519,3214,84733,1033
2021-07-05,Yolo,113,214977,14284,14225,391,14616,213
2021-07-05,Yuba,115,75493,6261,6223,133,6356,51
2021-07-04,Alameda,001,1643700,90259,89683,2115,91798,1253
2021-07-04,Alpine,003,1148,89,89,0,89,0
2021-07-04,Amador,005,37829,3775,3758,34,3792,46
2021-07-04,Butte,007,227075,12797,12684,1968,14652,201
2021-07-04,Calaveras,009,45235,2227,2200,15,2215,55
2021-07-04,Colusa,011,21464,1972,1969,336,2305,15
2021-07-04,Contra Costa,013,1133247,71583,70941,1409,72350,818
2021-07-04,Del Norte,015,27424,1457,1439,14,1453,8
2021-07-04,El Dorado,017,186661,10519,10433,811,11244,113
2021-07-04,Fresno,019,978130,103133,102512,9108,111620,1727
2021-07-04,Glenn,021,27897,2441,2442,588,3030,20
2021-07-04,Humboldt,023,135768,4573,4530,52,4582,49
2021-07-04,Imperial,025,180216,28740,28661,2917,31578,739
2021-07-04,Inyo,027,18085,1414,1412,4,1416,35
2021-07-04,Kern,029,883053,97784,97421,11636,109057,1347
2021-07-04,Kings,031,150075,23169,23051,1212,24263,245
2021-07-04,Lake,033,64148,3674,3623,13,3636,62
2021-07-04,Lassen,035,31185,5293,5277,120,5397,20
2021-07-04,Los Angeles,037,10098052,1213145,1208705,44521,1253226,24506
2021-07-04,Madera,039,155013,16812,16696,982,17678,240
2021-07-04,Marin,041,260295,14243,14143,275,14418,233
2021-07-04,Mariposa,043,17540,442,441,11,452,5
2021-07-04,Mendocino,045,87422,4218,4122,82,4204,49
2021-07-04,Merced,047,269075,31370,31297,1016,32313,469
2021-07-04,Modoc,049,8938,420,410,148,558,4
2021-07-04,Mono,051,14174,1258,1275,14,1289,3
2021-07-04,Monterey,053,433212,43294,43212,1953,45165,492
2021-07-04,Napa,055,140530,10093,10045,36,10081,81
2021-07-04,Nevada,057,99092,5025,4966,201,5167,72
2021-07-04,Orange,059,3164182,257016,255823,12023,267846,5126
2021-07-04,Placer,061,380077,23961,23764,1643,25407,299
2021-07-04,Plumas,063,18699,724,707,15,722,4
2021-07-04,Riverside,065,2383286,293971,293260,14820,308080,4536
2021-07-04,Sacramento,067,1510023,109234,108257,1938,110195,1676
2021-07-04,San Benito,069,59416,6142,6108,119,6227,63
2021-07-04,San Bernardino,071,2135413,295043,294294,9565,303859,5003
2021-07-04,San Diego,073,3302833,283959,282692,15554,298246,3780
2021-07-04,San Francisco,075,870044,37410,37107,1422,38529,558
2021-07-04,San Joaquin,077,732212,74319,73841,3849,77690,1409
2021-07-04,San Luis Obispo,079,281455,21438,21330,800,22130,256
2021-07-04,San Mateo,081,765935,43036,42691,513,43204,541
2021-07-04,Santa Barbara,083,443738,34782,34526,1255,35781,456
2021-07-04,Santa Clara,085,1922200,119483,118966,819,119785,2090
2021-07-04,Santa Cruz,087,273765,16313,16254,879,17133,208
2021-07-04,Shasta,089,179085,12645,12582,1706,14288,204
2021-07-04,Sierra,091,2930,62,60,14,74,0
2021-07-04,Siskiyou,093,43540,1963,1899,399,2298,29
2021-07-04,Solano,095,438530,33736,33486,588,34074,268
2021-07-04,Sonoma,097,501317,31258,31000,379,31379,316
2021-07-04,Stanislaus,099,539301,57255,57018,6301,63319,1018
2021-07-04,Sutter,101,95872,9719,9644,96,9740,114
2021-07-04,Tehama,103,63373,5132,5124,620,5744,63
2021-07-04,Trinity,105,12862,419,341,80,421,3
2021-07-04,Tulare,107,460477,49967,49789,9699,59488,853
2021-07-04,Tuolumne,109,53932,4152,4113,38,4151,64
2021-07-04,Ventura,111,848112,81829,81425,3203,84628,1033
2021-07-04,Yolo,113,214977,14264,14188,388,14576,213
2021-07-04,Yuba,115,75493,6253,6197,133,6330,51
2021-07-03,Alameda,001,1643700,90175,89683,2107,91790,1253
2021-07-03,Alpine,003,1148,89,89,0,89,0
2021-07-03,Amador,005,37829,3775,3758,34,3792,46
2021-07-03,Butte,007,227075,12793,12684,1967,14651,201
2021-07-03,Calaveras,009,45235,2226,2200,15,2215,55
2021-07-03,Colusa,011,21464,1972,1969,335,2304,15
2021-07-03,Contra Costa,013,1133247,71524,70941,1406,72347,818
2021-07-03,Del Norte,015,27424,1454,1439,14,1453,8
2021-07-03,El Dorado,017,186661,10512,10433,809,11242,113
2021-07-03,Fresno,019,978130,103108,102512,9099,111611,1727
2021-07-03,Glenn,021,27897,2441,2442,588,3030,20
2021-07-03,Humboldt,023,135768,4568,4530,52,4582,49
2021-07-03,Imperial,025,180216,28730,28661,2917,31578,739
2021-07-03,Inyo,027,18085,1414,1412,4,1416,35
2021-07-03,Kern,029,883053,97764,97421,11628,109049,1347
2021-07-03,Kings,031,150075,23169,23051,1211,24262,245
2021-07-03,Lake,033,64148,3664,3623,13,3636,62
2021-07-03,Lassen,035,31185,5292,5277,120,5397,20
2021-07-03,Los Angeles,037,10098052,1212719,1208705,44491,1253196,24506
2021-07-03,Madera,039,155013,16803,16696,979,17675,240
2021-07-03,Marin,041,260295,14239,14143,275,14418,233
2021-07-03,Mariposa,043,17540,442,441,11,452,5
2021-07-03,Mendocino,045,87422,4217,4122,82,4204,49
2021-07-03,Merced,047,269075,31357,31297,1015,32312,469
2021-07-03,Modoc,049,8938,419,410,148,558,4
2021-07-03,Mono,051,14174,1257,1275,14,1289,3
2021-07-03,Monterey,053,433212,43282,43212,1950,45162,492
2021-07-03,Napa,055,140530,10088,10045,36,10081,81
2021-07-03,Nevada,057,99092,5011,4966,201,5167,72
2021-07-03,Orange,059,3164182,256932,255823,12016,267839,5126
2021-07-03,Placer,061,380077,23942,23764,1640,25404,299
2021-07-03,Plumas,063,18699,724,707,15,722,4
2021-07-03,Riverside,065,2383286,293879,293260,14816,308076,4536
2021-07-03,Sacramento,067,1510023,109160,108257,1935,110192,1676
2021-07-03,San Benito,069,59416,6135,6108,119,6227,63
2021-07-03,San Bernardino,071,2135413,294952,294294,9562,303856,5003
2021-07-03,San Diego,073,3302833,283828,282692,15535,298227,3780
2021-07-03,San Francisco,075,870044,37369,37107,1419,38526,558
2021-07-03,San Joaquin,077,732212,74284,73841,3843,77684,1409
2021-07-03,San Luis Obispo,079,281455,21426,21330,800,22130,256
2021-07-03,San Mateo,081,765935,43011,42691,512,43203,541
2021-07-03,Santa Barbara,083,443738,34773,34526,1254,35780,456
2021-07-03,Santa Clara,085,1922200,119436,118966,819,119785,2090
2021-07-03,Santa Cruz,087,273765,16306,16254,879,17133,208
2021-07-03,Shasta,089,179085,12641,12582,1704,14286,204
2021-07-03,Sierra,091,2930,62,60,14,74,0
2021-07-03,Siskiyou,093,43540,1962,1899,398,2297,29
2021-07-03,Solano,095,438530,33693,33486,588,34074,268
2021-07-03,Sonoma,097,501317,31224,31000,379,31379,316
2021-07-03,Stanislaus,099,539301,57241,57018,6293,63311,1018
2021-07-03,Sutter,101,95872,9709,9644,96,9740,114
2021-07-03,Tehama,103,63373,5130,5124,620,5744,63
2021-07-03,Trinity,105,12862,419,341,80,421,3
2021-07-03,Tulare,107,460477,49961,49789,9693,59482,853
2021-07-03,Tuolumne,109,53932,4151,4113,38,4151,64
2021-07-03,Ventura,111,848112,81799,81425,3195,84620,1033
2021-07-03,Yolo,113,214977,14254,14188,385,14573,213
2021-07-03,Yuba,115,75493,6247,6197,133,6330,51
2021-07-02,Alameda,001,1643700,90093,89683,2106,91789,1253
2021-07-02,Alpine,003,1148,89,89,0,89,0
2021-07-02,Amador,005,37829,3773,3758,34,3792,46
2021-07-02,Butte,007,227075,12786,12684,1967,14651,201
2021-07-02,Calaveras,009,45235,2225,2200,15,2215,55
2021-07-02,Colusa,011,21464,1971,1969,334,2303,15
2021-07-02,Contra Costa,013,1133247,71455,70941,1402,72343,818
2021-07-02,Del Norte,015,27424,1454,1439,14,1453,8
2021-07-02,El Dorado,017,186661,10504,10433,809,11242,113
2021-07-02,Fresno,019,978130,103079,102512,9093,111605,1727
2021-07-02,Glenn,021,27897,2440,2442,587,3029,20
2021-07-02,Humboldt,023,135768,4565,4530,51,4581,49
2021-07-02,Imperial,025,180216,28724,28661,2916,31577,739
2021-07-02,Inyo,027,18085,1414,1412,4,1416,35
2021-07-02,Kern,029,883053,97746,97421,11619,109040,1347
2021-07-02,Kings,031,150075,23159,23051,1211,24262,245
2021-07-02,Lake,033,64148,3658,3623,13,3636,62
2021-07-02,Lassen,035,31185,5292,5277,120,5397,20
2021-07-02,Los Angeles,037,10098052,1212245,1208705,44452,1253157,24506
2021-07-02,Madera,039,155013,16794,16696,978,17674,240
2021-07-02,Marin,041,260295,14234,14143,275,14418,233
2021-07-02,Mariposa,043,17540,442,441,11,452,5
2021-07-02,Mendocino,045,87422,4213,4122,81,4203,49
2021-07-02,Merced,047,269075,31348,31297,1015,32312,469
2021-07-02,Modoc,049,8938,419,410,148,558,4
2021-07-02,Mono,051,14174,1256,1275,14,1289,3
2021-07-02,Monterey,053,433212,43274,43212,1949,45161,492
2021-07-02,Napa,055,140530,10083,10045,36,10081,81
2021-07-02,Nevada,057,99092,5002,4966,201,5167,72
2021-07-02,Orange,059,3164182,256819,255823,12009,267832,5126
2021-07-02,Placer,061,380077,23925,23764,1633,25397,299
2021-07-02,Plumas,063,18699,724,707,15,722,4
2021-07-02,Riverside,065,2383286,293782,293260,14811,308071,4536
2021-07-02,Sacramento,067,1510023,109082,108257,1934,110191,1676
2021-07-02,San Benito,069,59416,6132,6108,119,6227,63
2021-07-02,San Bernardino,071,2135413,294865,294294,9560,303854,5003
2021-07-02,San Diego,073,3302833,283683,282692,15509,298201,3780
2021-07-02,San Francisco,075,870044,37321,37107,1417,38524,558
2021-07-02,San Joaquin,077,732212,74252,73841,3837,77678,1409
2021-07-02,San Luis Obispo,079,281455,21420,21330,799,22129,256
2021-07-02,San Mateo,081,765935,42975,42691,512,43203,541
2021-07-02,Santa Barbara,083,443738,34764,34526,1254,35780,456
2021-07-02,Santa Clara,085,1922200,119358,118966,819,119785,2090
2021-07-02,Santa Cruz,087,273765,16302,16254,879,17133,208
2021-07-02,Shasta,089,179085,12637,12582,1704,14286,204
2021-07-02,Sierra,091,2930,61,60,14,74,0
2021-07-02,Siskiyou,093,43540,1959,1899,397,2296,29
2021-07-02,Solano,095,438530,33668,33486,588,34074,268
2021-07-02,Sonoma,097,501317,31201,31000,379,31379,316
2021-07-02,Stanislaus,099,539301,57219,57018,6292,63310,1018
2021-07-02,Sutter,101,95872,9704,9644,96,9740,114
2021-07-02,Tehama,103,63373,5128,5124,618,5742,63
2021-07-02,Trinity,105,12862,419,341,80,421,3
2021-07-02,Tulare,107,460477,49951,49789,9685,59474,853
2021-07-02,Tuolumne,109,53932,4148,4113,38,4151,64
2021-07-02,Ventura,111,848112,81756,81425,3187,84612,1033
2021-07-02,Yolo,113,214977,14239,14188,383,14571,213
2021-07-02,Yuba,115,75493,6239,6197,133,6330,51
2021-07-01,Alameda,001,1643700,89989,89683,2104,91787,1253
2021-07-01,Alpine,003,1148,89,89,0,89,0
2021-07-01,Amador,005,37829,3772,3758,34,3792,46
2021-07-01,Butte,007,227075,12774,12684,1965,14649,201
2021-07-01,Calaveras,009,45235,2223,2200,15,2215,55
2021-07-01,Colusa,011,21464,1971,1969,332,2301,15
2021-07-01,Contra Costa,013,1133247,71384,70941,1401,72342,818
2021-07-01,Del Norte,015,27424,1453,1439,14,1453,8
2021-07-01,El Dorado,017,186661,10492,10433,809,11242,113
2021-07-01,Fresno,019,978130,103040,102512,9088,111600,1727
2021-07-01,Glenn,021,27897,2440,2442,587,3029,20
2021-07-01,Humboldt,023,135768,4563,4530,51,4581,49
2021-07-01,Imperial,025,180216,28707,28661,2916,31577,739
2021-07-01,Inyo,027,18085,1414,1412,4,1416,35
2021-07-01,Kern,029,883053,97720,97421,11608,109029,1347
2021-07-01,Kings,031,150075,23145,23051,1211,24262,245
2021-07-01,Lake,033,64148,3655,3623,13,3636,62
2021-07-01,Lassen,035,31185,5290,5277,120,5397,20
2021-07-01,Los Angeles,037,10098052,1211648,1208705,44396,1253101,24506
2021-07-01,Madera,039,155013,16785,16696,977,17673,240
2021-07-01,Marin,041,260295,14230,14143,275,14418,233
2021-07-01,Mariposa,043,17540,442,441,11,452,5
2021-07-01,Mendocino,045,87422,4209,4122,80,4202,49
2021-07-01,Merced,047,269075,31342,31297,1015,32312,469
2021-07-01,Modoc,049,8938,419,410,148,558,4
2021-07-01,Mono,051,14174,1255,1275,14,1289,3
2021-07-01,Monterey,053,433212,43266,43212,1945,45157,492
2021-07-01,Napa,055,140530,10076,10045,36,10081,81
2021-07-01,Nevada,057,99092,4997,4966,201,5167,72
2021-07-01,Orange,059,3164182,256701,255823,11989,267812,5126
2021-07-01,Placer,061,380077,23907,23764,1630,25394,299
2021-07-01,Plumas,063,18699,721,707,13,720,4
2021-07-01,Riverside,065,2383286,293673,293260,14803,308063,4536
2021-07-01,Sacramento,067,1510023,108957,108257,1927,110184,1676
2021-07-01,San Benito,069,59416,6128,6108,119,6227,63
2021-07-01,San Bernardino,071,2135413,294746,294294,9554,303848,5003
2021-07-01,San Diego,073,3302833,283505,282692,15472,298164,3780
2021-07-01,San Francisco,075,870044,37285,37107,1415,38522,558
2021-07-01,San Joaquin,077,732212,74201,73841,3833,77674,1409
2021-07-01,San Luis Obispo,079,281455,21405,21330,798,22128,256
2021-07-01,San Mateo,081,765935,42947,42691,511,43202,541
2021-07-01,Santa Barbara,083,443738,34753,34526,1254,35780,456
2021-07-01,Santa Clara,085,1922200,119309,118966,819,119785,2090
2021-07-01,Santa Cruz,087,273765,16298,16254,878,17132,208
2021-07-01,Shasta,089,179085,12629,12582,1703,14285,204
2021-07-01,Sierra,091,2930,61,60,14,74,0
2021-07-01,Siskiyou,093,43540,1959,1899,397,2296,29
2021-07-01,Solano,095,438530,33627,33486,587,34073,268
2021-07-01,Sonoma,097,501317,31157,31000,379,31379,316
2021-07-01,Stanislaus,099,539301,57196,57018,6288,63306,1018
2021-07-01,Sutter,101,95872,9695,9644,96,9740,114
2021-07-01,Tehama,103,63373,5128,5124,617,5741,63
2021-07-01,Trinity,105,12862,419,341,80,421,3
2021-07-01,Tulare,107,460477,49942,49789,9678,59467,853
2021-07-01,Tuolumne,109,53932,4141,4113,38,4151,64
2021-07-01,Ventura,111,848112,81725,81425,3176,84601,1033
2021-07-01,Yolo,113,214977,14224,14188,381,14569,213
2021-07-01,Yuba,115,75493,6232,6197,133,6330,51
2021-06-30,Alameda,001,1643700,89904,89597,2100,91697,1256
2021-06-30,Alpine,003,1148,89,89,0,89,0
2021-06-30,Amador,005,37829,3770,3756,34,3790,46
2021-06-30,Butte,007,227075,12767,12676,1956,14632,201
2021-06-30,Calaveras,009,45235,2218,2198,15,2213,55
2021-06-30,Colusa,011,21464,1969,1967,329,2296,15
2021-06-30,Contra Costa,013,1133247,71320,70869,1398,72267,818
2021-06-30,Del Norte,015,27424,1448,1435,14,1449,8
2021-06-30,El Dorado,017,186661,10473,10420,809,11229,113
2021-06-30,Fresno,019,978130,103004,102490,9085,111575,1727
2021-06-30,Glenn,021,27897,2438,2440,587,3027,20
2021-06-30,Humboldt,023,135768,4547,4522,49,4571,49
2021-06-30,Imperial,025,180216,28699,28651,2916,31567,739
2021-06-30,Inyo,027,18085,1414,1409,4,1413,35
2021-06-30,Kern,029,883053,97679,97267,11596,108863,1348
2021-06-30,Kings,031,150075,23140,23038,1210,24248,245
2021-06-30,Lake,033,64148,3642,3601,13,3614,56
2021-06-30,Lassen,035,31185,5285,5269,120,5389,20
2021-06-30,Los Angeles,037,10098052,1210980,1208246,44351,1252597,24499
2021-06-30,Madera,039,155013,16777,16688,975,17663,240
2021-06-30,Marin,041,260295,14222,14133,273,14406,232
2021-06-30,Mariposa,043,17540,441,441,11,452,5
2021-06-30,Mendocino,045,87422,4199,4115,80,4195,49
2021-06-30,Merced,047,269075,31332,31286,1015,32301,469
2021-06-30,Modoc,049,8938,419,410,148,558,4
2021-06-30,Mono,051,14174,1255,1275,14,1289,3
2021-06-30,Monterey,053,433212,43261,43209,1943,45152,492
2021-06-30,Napa,055,140530,10068,10039,36,10075,81
2021-06-30,Nevada,057,99092,4986,4958,201,5159,72
2021-06-30,Orange,059,3164182,256573,255764,11979,267743,5125
2021-06-30,Placer,061,380077,23884,23721,1626,25347,299
2021-06-30,Plumas,063,18699,721,705,13,718,4
2021-06-30,Riverside,065,2383286,293561,293280,14791,308071,4535
2021-06-30,Sacramento,067,1510023,108819,108137,1922,110059,1676
2021-06-30,San Benito,069,59416,6124,6105,119,6224,63
2021-06-30,San Bernardino,071,2135413,294586,294211,9549,303760,4975
2021-06-30,San Diego,073,3302833,283369,282583,15444,298027,3780
2021-06-30,San Francisco,075,870044,37236,37065,1410,38475,558
2021-06-30,San Joaquin,077,732212,74140,73777,3831,77608,1409
2021-06-30,San Luis Obispo,079,281455,21392,21326,797,22123,256
2021-06-30,San Mateo,081,765935,42910,42599,510,43109,537
2021-06-30,Santa Barbara,083,443738,34737,34521,1254,35775,456
2021-06-30,Santa Clara,085,1922200,119262,118930,816,119746,2090
2021-06-30,Santa Cruz,087,273765,16292,16250,878,17128,208
2021-06-30,Shasta,089,179085,12623,12564,1703,14267,204
2021-06-30,Sierra,091,2930,61,60,14,74,0
2021-06-30,Siskiyou,093,43540,1957,1900,394,2294,29
2021-06-30,Solano,095,438530,33589,33453,585,34038,268
2021-06-30,Sonoma,097,501317,31127,30947,379,31326,316
2021-06-30,Stanislaus,099,539301,57174,56997,6287,63284,1018
2021-06-30,Sutter,101,95872,9685,9638,96,9734,114
2021-06-30,Tehama,103,63373,5126,5124,617,5741,63
2021-06-30,Trinity,105,12862,419,341,80,421,3
2021-06-30,Tulare,107,460477,49931,49764,9667,59431,853
2021-06-30,Tuolumne,109,53932,4138,4112,38,4150,64
2021-06-30,Ventura,111,848112,81682,81392,3171,84563,1032
2021-06-30,Yolo,113,214977,14218,14178,378,14556,213
2021-06-30,Yuba,115,75493,6225,6191,133,6324,51
2021-06-29,Alameda,001,1643700,89800,89519,2099,91618,1257
2021-06-29,Alpine,003,1148,89,89,0,89,0
2021-06-29,Amador,005,37829,3766,3754,34,3788,46
2021-06-29,Butte,007,227075,12759,12669,1956,14625,201
2021-06-29,Calaveras,009,45235,2212,2198,15,2213,55
2021-06-29,Colusa,011,21464,1967,1967,329,2296,15
2021-06-29,Contra Costa,013,1133247,71246,70775,1398,72173,817
2021-06-29,Del Norte,015,27424,1447,1435,14,1449,8
2021-06-29,El Dorado,017,186661,10460,10403,805,11208,113
2021-06-29,Fresno,019,978130,102971,102464,9082,111546,1725
2021-06-29,Glenn,021,27897,2437,2439,587,3026,20
2021-06-29,Humboldt,023,135768,4543,4514,48,4562,49
2021-06-29,Imperial,025,180216,28690,28645,2915,31560,737
2021-06-29,Inyo,027,18085,1414,1408,4,1412,35
2021-06-29,Kern,029,883053,97658,97173,11590,108763,1347
2021-06-29,Kings,031,150075,23131,23035,1209,24244,245
2021-06-29,Lake,033,64148,3636,3594,13,3607,56
2021-06-29,Lassen,035,31185,5278,5268,120,5388,20
2021-06-29,Los Angeles,037,10098052,1210377,1207895,44316,1252211,24498
2021-06-29,Madera,039,155013,16773,16680,974,17654,240
2021-06-29,Marin,041,260295,14210,14127,273,14400,232
2021-06-29,Mariposa,043,17540,441,441,11,452,5
2021-06-29,Mendocino,045,87422,4196,4107,79,4186,49
2021-06-29,Merced,047,269075,31320,31277,1015,32292,469
2021-06-29,Modoc,049,8938,418,408,148,556,3
2021-06-29,Mono,051,14174,1255,1275,14,1289,3
2021-06-29,Monterey,053,433212,43251,43196,1941,45137,471
2021-06-29,Napa,055,140530,10062,10033,36,10069,81
2021-06-29,Nevada,057,99092,4979,4952,201,5153,72
2021-06-29,Orange,059,3164182,256475,255686,11964,267650,5124
2021-06-29,Placer,061,380077,23864,23693,1624,25317,299
2021-06-29,Plumas,063,18699,721,704,13,717,4
2021-06-29,Riverside,065,2383286,293462,292962,14784,307746,4524
2021-06-29,Sacramento,067,1510023,108667,108067,1919,109986,1677
2021-06-29,San Benito,069,59416,6113,6099,119,6218,63
2021-06-29,San Bernardino,071,2135413,294478,294118,9547,303665,4940
2021-06-29,San Diego,073,3302833,283214,282499,15417,297916,3780
2021-06-29,San Francisco,075,870044,37198,37041,1407,38448,558
2021-06-29,San Joaquin,077,732212,74092,73724,3828,77552,1409
2021-06-29,San Luis Obispo,079,281455,21382,21324,796,22120,256
2021-06-29,San Mateo,081,765935,42878,42540,508,43048,540
2021-06-29,Santa Barbara,083,443738,34727,34507,1253,35760,455
2021-06-29,Santa Clara,085,1922200,119207,118893,815,119708,2090
2021-06-29,Santa Cruz,087,273765,16286,16249,878,17127,208
2021-06-29,Shasta,089,179085,12611,12564,1702,14266,204
2021-06-29,Sierra,091,2930,61,59,14,73,0
2021-06-29,Siskiyou,093,43540,1954,1897,390,2287,29
2021-06-29,Solano,095,438530,33556,33440,583,34023,268
2021-06-29,Sonoma,097,501317,31085,30950,377,31327,316
2021-06-29,Stanislaus,099,539301,57146,56980,6280,63260,1018
2021-06-29,Sutter,101,95872,9674,9634,96,9730,114
2021-06-29,Tehama,103,63373,5126,5124,617,5741,63
2021-06-29,Trinity,105,12862,419,341,80,421,3
2021-06-29,Tulare,107,460477,49918,49751,9662,59413,852
2021-06-29,Tuolumne,109,53932,4136,4111,38,4149,64
2021-06-29,Ventura,111,848112,81644,81363,3165,84528,1032
2021-06-29,Yolo,113,214977,14206,14171,377,14548,213
2021-06-29,Yuba,115,75493,6215,6188,133,6321,51
2021-06-28,Alameda,001,1643700,89708,89638,2097,91735,1259
2021-06-28,Alpine,003,1148,89,89,0,89,0
2021-06-28,Amador,005,37829,3765,3753,34,3787,46
2021-06-28,Butte,007,227075,12750,12697,1954,14651,198
2021-06-28,Calaveras,009,45235,2209,2203,15,2218,55
2021-06-28,Colusa,011,21464,1965,1974,329,2303,15
2021-06-28,Contra Costa,013,1133247,71172,70807,1396,72203,816
2021-06-28,Del Norte,015,27424,1447,1436,14,1450,8
2021-06-28,El Dorado,017,186661,10450,10422,801,11223,115
2021-06-28,Fresno,019,978130,102941,103121,9080,112201,1727
2021-06-28,Glenn,021,27897,2437,2439,587,3026,20
2021-06-28,Humboldt,023,135768,4536,4520,47,4567,49
2021-06-28,Imperial,025,180216,28682,28981,2914,31895,741
2021-06-28,Inyo,027,18085,1411,1407,4,1411,35
2021-06-28,Kern,029,883053,97639,97252,11585,108837,1348
2021-06-28,Kings,031,150075,23125,23134,1209,24343,246
2021-06-28,Lake,033,64148,3628,3591,13,3604,56
2021-06-28,Lassen,035,31185,5276,5268,120,5388,20
2021-06-28,Los Angeles,037,10098052,1209863,1207714,44278,1251992,24496
2021-06-28,Madera,039,155013,16763,16683,973,17656,240
2021-06-28,Marin,041,260295,14195,14186,273,14459,232
2021-06-28,Mariposa,043,17540,441,440,11,451,5
2021-06-28,Mendocino,045,87422,4187,4102,78,4180,49
2021-06-28,Merced,047,269075,31308,31277,1015,32292,469
2021-06-28,Modoc,049,8938,418,411,147,558,3
2021-06-28,Mono,051,14174,1255,1276,14,1290,3
2021-06-28,Monterey,053,433212,43247,43202,1940,45142,462
2021-06-28,Napa,055,140530,10053,10050,35,10085,81
2021-06-28,Nevada,057,99092,4975,4951,201,5152,72
2021-06-28,Orange,059,3164182,256386,255755,11950,267705,5123
2021-06-28,Placer,061,380077,23844,23756,1619,25375,299
2021-06-28,Plumas,063,18699,719,704,13,717,4
2021-06-28,Riverside,065,2383286,293337,292647,14771,307418,4507
2021-06-28,Sacramento,067,1510023,108535,108342,1914,110256,1675
2021-06-28,San Benito,069,59416,6111,6101,119,6220,63
2021-06-28,San Bernardino,071,2135413,294377,294151,9542,303693,4928
2021-06-28,San Diego,073,3302833,283051,282417,15388,297805,3780
2021-06-28,San Francisco,075,870044,37162,37372,1405,38777,559
2021-06-28,San Joaquin,077,732212,74044,73973,3823,77796,1411
2021-06-28,San Luis Obispo,079,281455,21378,21340,795,22135,256
2021-06-28,San Mateo,081,765935,42845,42927,507,43434,540
2021-06-28,Santa Barbara,083,443738,34720,34534,1251,35785,455
2021-06-28,Santa Clara,085,1922200,119143,120377,814,121191,2103
2021-06-28,Santa Cruz,087,273765,16281,16245,878,17123,208
2021-06-28,Shasta,089,179085,12607,12642,1700,14342,203
2021-06-28,Sierra,091,2930,61,58,14,72,0
2021-06-28,Siskiyou,093,43540,1953,1896,390,2286,29
2021-06-28,Solano,095,438530,33520,33524,581,34105,267
2021-06-28,Sonoma,097,501317,31048,31137,376,31513,315
2021-06-28,Stanislaus,099,539301,57127,57047,6276,63323,1018
2021-06-28,Sutter,101,95872,9670,9682,96,9778,114
2021-06-28,Tehama,103,63373,5124,5122,617,5739,63
2021-06-28,Trinity,105,12862,419,341,80,421,3
2021-06-28,Tulare,107,460477,49909,49751,9657,59408,850
2021-06-28,Tuolumne,109,53932,4129,4121,38,4159,64
2021-06-28,Ventura,111,848112,81587,81393,3160,84553,1032
2021-06-28,Yolo,113,214977,14197,14199,374,14573,213
2021-06-28,Yuba,115,75493,6210,6207,133,6340,51
2021-06-27,Alameda,001,1643700,89622,89611,2093,91704,1259
2021-06-27,Alpine,003,1148,89,89,0,89,0
2021-06-27,Amador,005,37829,3764,3752,34,3786,46
2021-06-27,Butte,007,227075,12741,12696,1953,14649,198
2021-06-27,Calaveras,009,45235,2208,2203,15,2218,55
2021-06-27,Colusa,011,21464,1965,1974,329,2303,15
2021-06-27,Contra Costa,013,1133247,71086,70762,1392,72154,816
2021-06-27,Del Norte,015,27424,1444,1436,14,1450,8
2021-06-27,El Dorado,017,186661,10438,10418,798,11216,115
2021-06-27,Fresno,019,978130,102912,103110,9078,112188,1727
2021-06-27,Glenn,021,27897,2436,2439,586,3025,20
2021-06-27,Humboldt,023,135768,4524,4513,44,4557,49
2021-06-27,Imperial,025,180216,28668,28987,2914,31901,741
2021-06-27,Inyo,027,18085,1411,1407,4,1411,35
2021-06-27,Kern,029,883053,97613,97249,11578,108827,1348
2021-06-27,Kings,031,150075,23115,23132,1209,24341,246
2021-06-27,Lake,033,64148,3621,3581,13,3594,56
2021-06-27,Lassen,035,31185,5275,5265,120,5385,20
2021-06-27,Los Angeles,037,10098052,1209319,1207461,44238,1251699,24493
2021-06-27,Madera,039,155013,16755,16680,973,17653,240
2021-06-27,Marin,041,260295,14186,14182,273,14455,232
2021-06-27,Mariposa,043,17540,441,440,11,451,5
2021-06-27,Mendocino,045,87422,4180,4100,78,4178,49
2021-06-27,Merced,047,269075,31296,31266,1015,32281,469
2021-06-27,Modoc,049,8938,418,411,147,558,3
2021-06-27,Mono,051,14174,1255,1279,14,1293,3
2021-06-27,Monterey,053,433212,43234,43199,1940,45139,462
2021-06-27,Napa,055,140530,10047,10046,35,10081,81
2021-06-27,Nevada,057,99092,4969,4946,201,5147,72
2021-06-27,Orange,059,3164182,256273,255710,11939,267649,5123
2021-06-27,Placer,061,380077,23811,23731,1616,25347,299
2021-06-27,Plumas,063,18699,719,704,13,717,4
2021-06-27,Riverside,065,2383286,293234,292641,14765,307406,4507
2021-06-27,Sacramento,067,1510023,108401,108279,1910,110189,1675
2021-06-27,San Benito,069,59416,6105,6101,119,6220,63
2021-06-27,San Bernardino,071,2135413,294264,294115,9540,303655,4927
2021-06-27,San Diego,073,3302833,282911,282359,15362,297721,3780
2021-06-27,San Francisco,075,870044,37125,37360,1404,38764,559
2021-06-27,San Joaquin,077,732212,74008,73960,3821,77781,1411
2021-06-27,San Luis Obispo,079,281455,21371,21340,794,22134,256
2021-06-27,San Mateo,081,765935,42816,42925,504,43429,539
2021-06-27,Santa Barbara,083,443738,34706,34533,1248,35781,455
2021-06-27,Santa Clara,085,1922200,119092,120352,812,121164,2103
2021-06-27,Santa Cruz,087,273765,16272,16241,878,17119,208
2021-06-27,Shasta,089,179085,12601,12640,1699,14339,203
2021-06-27,Sierra,091,2930,61,58,14,72,0
2021-06-27,Siskiyou,093,43540,1951,1896,389,2285,29
2021-06-27,Solano,095,438530,33492,33516,581,34097,267
2021-06-27,Sonoma,097,501317,31010,31129,376,31505,315
2021-06-27,Stanislaus,099,539301,57080,57021,6273,63294,1018
2021-06-27,Sutter,101,95872,9664,9678,96,9774,114
2021-06-27,Tehama,103,63373,5120,5122,617,5739,63
2021-06-27,Trinity,105,12862,419,341,79,420,3
2021-06-27,Tulare,107,460477,49896,49749,9650,59399,850
2021-06-27,Tuolumne,109,53932,4127,4121,38,4159,64
2021-06-27,Ventura,111,848112,81553,81361,3151,84512,1032
2021-06-27,Yolo,113,214977,14182,14194,370,14564,213
2021-06-27,Yuba,115,75493,6204,6205,133,6338,51
2021-06-26,Alameda,001,1643700,89564,89560,2091,91651,1259
2021-06-26,Alpine,003,1148,89,89,0,89,0
2021-06-26,Amador,005,37829,3764,3748,34,3782,46
2021-06-26,Butte,007,227075,12737,12693,1950,14643,198
2021-06-26,Calaveras,009,45235,2206,2202,15,2217,55
2021-06-26,Colusa,011,21464,1965,1973,329,2302,15
2021-06-26,Contra Costa,013,1133247,71043,70712,1391,72103,816
2021-06-26,Del Norte,015,27424,1443,1432,14,1446,8
2021-06-26,El Dorado,017,186661,10430,10414,797,11211,115
2021-06-26,Fresno,019,978130,102892,103091,9076,112167,1727
2021-06-26,Glenn,021,27897,2434,2441,586,3027,20
2021-06-26,Humboldt,023,135768,4521,4509,44,4553,49
2021-06-26,Imperial,025,180216,28664,28970,2914,31884,741
2021-06-26,Inyo,027,18085,1411,1407,4,1411,35
2021-06-26,Kern,029,883053,97587,97239,11569,108808,1348
2021-06-26,Kings,031,150075,23111,23128,1208,24336,246
2021-06-26,Lake,033,64148,3610,3576,13,3589,56
2021-06-26,Lassen,035,31185,5272,5263,120,5383,20
2021-06-26,Los Angeles,037,10098052,1209017,1207198,44202,1251400,24490
2021-06-26,Madera,039,155013,16748,16679,972,17651,240
2021-06-26,Marin,041,260295,14177,14180,273,14453,232
2021-06-26,Mariposa,043,17540,441,440,11,451,5
2021-06-26,Mendocino,045,87422,4178,4096,78,4174,49
2021-06-26,Merced,047,269075,31290,31259,1014,32273,469
2021-06-26,Modoc,049,8938,418,411,147,558,3
2021-06-26,Mono,051,14174,1255,1279,14,1293,3
2021-06-26,Monterey,053,433212,43231,43192,1940,45132,462
2021-06-26,Napa,055,140530,10041,10043,35,10078,81
2021-06-26,Nevada,057,99092,4964,4939,201,5140,72
2021-06-26,Orange,059,3164182,256196,255640,11932,267572,5123
2021-06-26,Placer,061,380077,23797,23702,1614,25316,299
2021-06-26,Plumas,063,18699,719,704,13,717,4
2021-06-26,Riverside,065,2383286,293177,292480,14759,307239,4505
2021-06-26,Sacramento,067,1510023,108330,108179,1908,110087,1675
2021-06-26,San Benito,069,59416,6101,6100,119,6219,63
2021-06-26,San Bernardino,071,2135413,294169,294034,9535,303569,4928
2021-06-26,San Diego,073,3302833,282826,282263,15344,297607,3780
2021-06-26,San Francisco,075,870044,37093,37348,1403,38751,559
2021-06-26,San Joaquin,077,732212,73979,73928,3820,77748,1411
2021-06-26,San Luis Obispo,079,281455,21370,21330,793,22123,256
2021-06-26,San Mateo,081,765935,42795,42898,504,43402,539
2021-06-26,Santa Barbara,083,443738,34697,34525,1248,35773,455
2021-06-26,Santa Clara,085,1922200,119059,120321,812,121133,2103
2021-06-26,Santa Cruz,087,273765,16269,16239,878,17117,208
2021-06-26,Shasta,089,179085,12597,12635,1695,14330,203
2021-06-26,Sierra,091,2930,61,58,14,72,0
2021-06-26,Siskiyou,093,43540,1950,1896,388,2284,29
2021-06-26,Solano,095,438530,33474,33489,579,34068,267
2021-06-26,Sonoma,097,501317,30984,31088,376,31464,315
2021-06-26,Stanislaus,099,539301,57060,57006,6271,63277,1018
2021-06-26,Sutter,101,95872,9663,9669,96,9765,114
2021-06-26,Tehama,103,63373,5120,5119,617,5736,63
2021-06-26,Trinity,105,12862,419,341,79,420,3
2021-06-26,Tulare,107,460477,49890,49745,9650,59395,850
2021-06-26,Tuolumne,109,53932,4127,4121,38,4159,64
2021-06-26,Ventura,111,848112,81529,81352,3150,84502,1032
2021-06-26,Yolo,113,214977,14174,14184,370,14554,213
2021-06-26,Yuba,115,75493,6201,6200,133,6333,51
2021-06-25,Alameda,001,1643700,89498,89453,2088,91541,1271
2021-06-25,Alpine,003,1148,89,89,0,89,0
2021-06-25,Amador,005,37829,3763,3746,34,3780,46
2021-06-25,Butte,007,227075,12732,12682,1947,14629,198
2021-06-25,Calaveras,009,45235,2205,2201,15,2216,55
2021-06-25,Colusa,011,21464,1965,1972,329,2301,15
2021-06-25,Contra Costa,013,1133247,71007,70659,1391,72050,815
2021-06-25,Del Norte,015,27424,1443,1426,14,1440,8
2021-06-25,El Dorado,017,186661,10422,10406,794,11200,115
2021-06-25,Fresno,019,978130,102875,103073,9072,112145,1727
2021-06-25,Glenn,021,27897,2434,2441,586,3027,20
2021-06-25,Humboldt,023,135768,4515,4503,42,4545,49
2021-06-25,Imperial,025,180216,28661,28968,2914,31882,740
2021-06-25,Inyo,027,18085,1410,1406,4,1410,35
2021-06-25,Kern,029,883053,97568,97182,11565,108747,1347
2021-06-25,Kings,031,150075,23105,23118,1208,24326,246
2021-06-25,Lake,033,64148,3604,3571,13,3584,56
2021-06-25,Lassen,035,31185,5271,5259,120,5379,20
2021-06-25,Los Angeles,037,10098052,1208741,1206909,44184,1251093,24483
2021-06-25,Madera,039,155013,16745,16670,972,17642,240
2021-06-25,Marin,041,260295,14174,14179,273,14452,232
2021-06-25,Mariposa,043,17540,441,440,11,451,5
2021-06-25,Mendocino,045,87422,4175,4089,78,4167,49
2021-06-25,Merced,047,269075,31282,31256,1014,32270,467
2021-06-25,Modoc,049,8938,418,411,147,558,3
2021-06-25,Mono,051,14174,1255,1279,14,1293,3
2021-06-25,Monterey,053,433212,43226,43184,1939,45123,462
2021-06-25,Napa,055,140530,10036,10037,35,10072,81
2021-06-25,Nevada,057,99092,4961,4932,201,5133,72
2021-06-25,Orange,059,3164182,256126,255574,11929,267503,5119
2021-06-25,Placer,061,380077,23778,23672,1613,25285,299
2021-06-25,Plumas,063,18699,719,702,12,714,4
2021-06-25,Riverside,065,2383286,293110,291663,14753,306416,4490
2021-06-25,Sacramento,067,1510023,108258,108034,1905,109939,1673
2021-06-25,San Benito,069,59416,6097,6098,119,6217,63
2021-06-25,San Bernardino,071,2135413,294114,293941,9533,303474,4911
2021-06-25,San Diego,073,3302833,282766,282157,15331,297488,3779
2021-06-25,San Francisco,075,870044,37070,37338,1402,38740,559
2021-06-25,San Joaquin,077,732212,73946,73860,3818,77678,1410
2021-06-25,San Luis Obispo,079,281455,21367,21325,792,22117,256
2021-06-25,San Mateo,081,765935,42777,42849,504,43353,537
2021-06-25,Santa Barbara,083,443738,34689,34518,1247,35765,454
2021-06-25,Santa Clara,085,1922200,119039,120272,812,121084,2103
2021-06-25,Santa Cruz,087,273765,16266,16230,876,17106,208
2021-06-25,Shasta,089,179085,12587,12633,1694,14327,202
2021-06-25,Sierra,091,2930,61,58,14,72,0
2021-06-25,Siskiyou,093,43540,1949,1894,388,2282,29
2021-06-25,Solano,095,438530,33454,33449,579,34028,267
2021-06-25,Sonoma,097,501317,30961,31043,376,31419,314
2021-06-25,Stanislaus,099,539301,57041,56973,6264,63237,1018
2021-06-25,Sutter,101,95872,9656,9664,96,9760,114
2021-06-25,Tehama,103,63373,5119,5119,617,5736,63
2021-06-25,Trinity,105,12862,419,338,79,417,3
2021-06-25,Tulare,107,460477,49884,49731,9646,59377,850
2021-06-25,Tuolumne,109,53932,4126,4121,38,4159,64
2021-06-25,Ventura,111,848112,81500,81342,3144,84486,1032
2021-06-25,Yolo,113,214977,14168,14172,370,14542,213
2021-06-25,Yuba,115,75493,6197,6195,133,6328,51
2021-06-24,Alameda,001,1643700,89427,89358,2084,91442,1268
2021-06-24,Alpine,003,1148,89,89,0,89,0
2021-06-24,Amador,005,37829,3759,3745,34,3779,46
2021-06-24,Butte,007,227075,12726,12673,1945,14618,198
2021-06-24,Calaveras,009,45235,2202,2202,15,2217,55
2021-06-24,Colusa,011,21464,1964,1972,329,2301,15
2021-06-24,Contra Costa,013,1133247,70948,70590,1391,71981,813
2021-06-24,Del Norte,015,27424,1442,1421,14,1435,8
2021-06-24,El Dorado,017,186661,10415,10402,794,11196,115
2021-06-24,Fresno,019,978130,102855,103061,9069,112130,1727
2021-06-24,Glenn,021,27897,2433,2439,586,3025,20
2021-06-24,Humboldt,023,135768,4510,4493,42,4535,49
2021-06-24,Imperial,025,180216,28658,28981,2914,31895,740
2021-06-24,Inyo,027,18085,1409,1406,4,1410,35
2021-06-24,Kern,029,883053,97549,97129,11552,108681,1346
2021-06-24,Kings,031,150075,23101,23114,1206,24320,246
2021-06-24,Lake,033,64148,3598,3571,13,3584,56
2021-06-24,Lassen,035,31185,5270,5258,120,5378,20
2021-06-24,Los Angeles,037,10098052,1208418,1206590,44160,1250750,24480
2021-06-24,Madera,039,155013,16734,16662,971,17633,240
2021-06-24,Marin,041,260295,14170,14180,273,14453,232
2021-06-24,Mariposa,043,17540,441,440,11,451,5
2021-06-24,Mendocino,045,87422,4167,4085,78,4163,49
2021-06-24,Merced,047,269075,31272,31248,1013,32261,466
2021-06-24,Modoc,049,8938,418,411,147,558,3
2021-06-24,Mono,051,14174,1255,1276,14,1290,3
2021-06-24,Monterey,053,433212,43219,43180,1939,45119,451
2021-06-24,Napa,055,140530,10034,10036,35,10071,80
2021-06-24,Nevada,057,99092,4959,4927,201,5128,72
2021-06-24,Orange,059,3164182,256062,255520,11921,267441,5117
2021-06-24,Placer,061,380077,23753,23659,1611,25270,299
2021-06-24,Plumas,063,18699,718,702,12,714,4
2021-06-24,Riverside,065,2383286,293030,291067,14742,305809,4473
2021-06-24,Sacramento,067,1510023,108170,107965,1903,109868,1672
2021-06-24,San Benito,069,59416,6094,6098,119,6217,63
2021-06-24,San Bernardino,071,2135413,294046,293895,9528,303423,4898
2021-06-24,San Diego,073,3302833,282661,282053,15319,297372,3778
2021-06-24,San Francisco,075,870044,37048,37320,1400,38720,559
2021-06-24,San Joaquin,077,732212,73898,73814,3818,77632,1408
2021-06-24,San Luis Obispo,079,281455,21361,21326,792,22118,256
2021-06-24,San Mateo,081,765935,42751,42814,503,43317,542
2021-06-24,Santa Barbara,083,443738,34683,34512,1246,35758,454
2021-06-24,Santa Clara,085,1922200,119009,120274,811,121085,2103
2021-06-24,Santa Cruz,087,273765,16265,16227,876,17103,208
2021-06-24,Shasta,089,179085,12582,12629,1690,14319,202
2021-06-24,Sierra,091,2930,61,58,14,72,0
2021-06-24,Siskiyou,093,43540,1949,1892,388,2280,28
2021-06-24,Solano,095,438530,33432,33432,577,34009,267
2021-06-24,Sonoma,097,501317,30932,31020,376,31396,314
2021-06-24,Stanislaus,099,539301,57009,56946,6264,63210,1018
2021-06-24,Sutter,101,95872,9649,9660,96,9756,113
2021-06-24,Tehama,103,63373,5116,5115,617,5732,63
2021-06-24,Trinity,105,12862,418,338,79,417,3
2021-06-24,Tulare,107,460477,49874,49730,9643,59373,850
2021-06-24,Tuolumne,109,53932,4124,4120,38,4158,64
2021-06-24,Ventura,111,848112,81472,81332,3143,84475,1032
2021-06-24,Yolo,113,214977,14159,14169,366,14535,213
2021-06-24,Yuba,115,75493,6192,6195,133,6328,51
2021-06-23,Alameda,001,1643700,89355,89338,2083,91421,1266
2021-06-23,Alpine,003,1148,89,88,0,88,0
2021-06-23,Amador,005,37829,3757,3743,34,3777,46
2021-06-23,Butte,007,227075,12719,12666,1945,14611,198
2021-06-23,Calaveras,009,45235,2201,2199,15,2214,55
2021-06-23,Colusa,011,21464,1963,1972,329,2301,15
2021-06-23,Contra Costa,013,1133247,70883,70526,1390,71916,813
2021-06-23,Del Norte,015,27424,1438,1418,14,1432,8
2021-06-23,El Dorado,017,186661,10406,10395,791,11186,115
2021-06-23,Fresno,019,978130,102826,103020,9067,112087,1724
2021-06-23,Glenn,021,27897,2433,2437,585,3022,20
2021-06-23,Humboldt,023,135768,4501,4490,42,4532,48
2021-06-23,Imperial,025,180216,28651,28908,2914,31822,740
2021-06-23,Inyo,027,18085,1409,1406,4,1410,35
2021-06-23,Kern,029,883053,97522,97078,11538,108616,1345
2021-06-23,Kings,031,150075,23094,23105,1204,24309,245
2021-06-23,Lake,033,64148,3589,3566,13,3579,53
2021-06-23,Lassen,035,31185,5267,5257,120,5377,20
2021-06-23,Los Angeles,037,10098052,1208082,1206358,44149,1250507,24472
2021-06-23,Madera,039,155013,16728,16660,971,17631,240
2021-06-23,Marin,041,260295,14164,14177,273,14450,230
2021-06-23,Mariposa,043,17540,441,439,11,450,5
2021-06-23,Mendocino,045,87422,4163,4078,78,4156,49
2021-06-23,Merced,047,269075,31263,31260,1013,32273,465
2021-06-23,Modoc,049,8938,416,407,147,554,3
2021-06-23,Mono,051,14174,1255,1279,14,1293,3
2021-06-23,Monterey,053,433212,43210,43166,1939,45105,439
2021-06-23,Napa,055,140530,10025,10032,35,10067,80
2021-06-23,Nevada,057,99092,4956,4924,201,5125,72
2021-06-23,Orange,059,3164182,255996,255479,11913,267392,5116
2021-06-23,Placer,061,380077,23724,23630,1605,25235,299
2021-06-23,Plumas,063,18699,717,701,12,713,4
2021-06-23,Riverside,065,2383286,292947,290343,14740,305083,4462
2021-06-23,Sacramento,067,1510023,108078,107868,1898,109766,1671
2021-06-23,San Benito,069,59416,6090,6097,119,6216,63
2021-06-23,San Bernardino,071,2135413,293967,293816,9523,303339,4886
2021-06-23,San Diego,073,3302833,282561,281937,15298,297235,3777
2021-06-23,San Francisco,075,870044,37024,37304,1399,38703,559
2021-06-23,San Joaquin,077,732212,73859,73764,3816,77580,1405
2021-06-23,San Luis Obispo,079,281455,21357,21323,791,22114,257
2021-06-23,San Mateo,081,765935,42735,42756,503,43259,542
2021-06-23,Santa Barbara,083,443738,34673,34505,1246,35751,454
2021-06-23,Santa Clara,085,1922200,118980,120233,811,121044,2098
2021-06-23,Santa Cruz,087,273765,16261,16215,876,17091,209
2021-06-23,Shasta,089,179085,12575,12604,1688,14292,202
2021-06-23,Sierra,091,2930,61,57,14,71,0
2021-06-23,Siskiyou,093,43540,1947,1892,388,2280,28
2021-06-23,Solano,095,438530,33388,33408,577,33985,267
2021-06-23,Sonoma,097,501317,30892,30959,374,31333,314
2021-06-23,Stanislaus,099,539301,56976,56926,6263,63189,1017
2021-06-23,Sutter,101,95872,9643,9653,96,9749,113
2021-06-23,Tehama,103,63373,5116,5119,616,5735,63
2021-06-23,Trinity,105,12862,418,338,79,417,3
2021-06-23,Tulare,107,460477,49868,49711,9638,59349,850
2021-06-23,Tuolumne,109,53932,4121,4120,38,4158,64
2021-06-23,Ventura,111,848112,81449,81312,3140,84452,1032
2021-06-23,Yolo,113,214977,14149,14161,366,14527,212
2021-06-23,Yuba,115,75493,6189,6190,133,6323,51
2021-06-22,Alameda,001,1643700,89287,89308,2083,91391,1263
2021-06-22,Alpine,003,1148,89,88,0,88,0
2021-06-22,Amador,005,37829,3754,3743,34,3777,46
2021-06-22,Butte,007,227075,12715,12662,1942,14604,198
2021-06-22,Calaveras,009,45235,2200,2198,15,2213,55
2021-06-22,Colusa,011,21464,1962,1971,329,2300,15
2021-06-22,Contra Costa,013,1133247,70827,70480,1389,71869,813
2021-06-22,Del Norte,015,27424,1435,1417,14,1431,8
2021-06-22,El Dorado,017,186661,10401,10380,790,11170,113
2021-06-22,Fresno,019,978130,102807,102996,9063,112059,1724
2021-06-22,Glenn,021,27897,2432,2435,583,3018,19
2021-06-22,Humboldt,023,135768,4491,4483,42,4525,42
2021-06-22,Imperial,025,180216,28646,28880,2914,31794,740
2021-06-22,Inyo,027,18085,1409,1405,4,1409,35
2021-06-22,Kern,029,883053,97509,97013,11534,108547,1342
2021-06-22,Kings,031,150075,23086,23098,1203,24301,245
2021-06-22,Lake,033,64148,3587,3564,13,3577,45
2021-06-22,Lassen,035,31185,5262,5254,120,5374,20
2021-06-22,Los Angeles,037,10098052,1207769,1206146,44137,1250283,24461
2021-06-22,Madera,039,155013,16723,16652,971,17623,240
2021-06-22,Marin,041,260295,14162,14174,273,14447,230
2021-06-22,Mariposa,043,17540,441,439,11,450,5
2021-06-22,Mendocino,045,87422,4157,4072,78,4150,49
2021-06-22,Merced,047,269075,31252,31267,1013,32280,464
2021-06-22,Modoc,049,8938,414,405,146,551,3
2021-06-22,Mono,051,14174,1255,1277,14,1291,3
2021-06-22,Monterey,053,433212,43207,43162,1938,45100,427
2021-06-22,Napa,055,140530,10020,10029,35,10064,80
2021-06-22,Nevada,057,99092,4950,4923,201,5124,72
2021-06-22,Orange,059,3164182,255928,255452,11902,267354,5114
2021-06-22,Placer,061,380077,23702,23603,1605,25208,299
2021-06-22,Plumas,063,18699,717,697,12,709,4
2021-06-22,Riverside,065,2383286,292886,289839,14736,304575,4456
2021-06-22,Sacramento,067,1510023,107977,107801,1893,109694,1670
2021-06-22,San Benito,069,59416,6089,6098,119,6217,63
2021-06-22,San Bernardino,071,2135413,293891,293770,9517,303287,4873
2021-06-22,San Diego,073,3302833,282456,281867,15275,297142,3771
2021-06-22,San Francisco,075,870044,37010,37287,1399,38686,556
2021-06-22,San Joaquin,077,732212,73829,73723,3815,77538,1405
2021-06-22,San Luis Obispo,079,281455,21354,21321,790,22111,257
2021-06-22,San Mateo,081,765935,42721,42725,497,43222,542
2021-06-22,Santa Barbara,083,443738,34662,34500,1245,35745,454
2021-06-22,Santa Clara,085,1922200,118948,120194,811,121005,2095
2021-06-22,Santa Cruz,087,273765,16256,16218,876,17094,209
2021-06-22,Shasta,089,179085,12565,12616,1684,14300,202
2021-06-22,Sierra,091,2930,60,57,14,71,0
2021-06-22,Siskiyou,093,43540,1947,1892,388,2280,28
2021-06-22,Solano,095,438530,33370,33397,576,33973,267
2021-06-22,Sonoma,097,501317,30852,30933,374,31307,314
2021-06-22,Stanislaus,099,539301,56956,56915,6261,63176,1017
2021-06-22,Sutter,101,95872,9636,9649,96,9745,113
2021-06-22,Tehama,103,63373,5114,5118,615,5733,63
2021-06-22,Trinity,105,12862,416,337,79,416,3
2021-06-22,Tulare,107,460477,49860,49706,9633,59339,850
2021-06-22,Tuolumne,109,53932,4119,4119,38,4157,64
2021-06-22,Ventura,111,848112,81435,81300,3139,84439,1032
2021-06-22,Yolo,113,214977,14144,14157,364,14521,212
2021-06-22,Yuba,115,75493,6185,6181,133,6314,51
2021-06-21,Alameda,001,1643700,89227,89281,2082,91363,1262
2021-06-21,Alpine,003,1148,89,88,0,88,0
2021-06-21,Amador,005,37829,3748,3742,34,3776,46
2021-06-21,Butte,007,227075,12709,12668,1940,14608,195
2021-06-21,Calaveras,009,45235,2199,2194,15,2209,55
2021-06-21,Colusa,011,21464,1961,1970,328,2298,15
2021-06-21,Contra Costa,013,1133247,70756,70439,1387,71826,813
2021-06-21,Del Norte,015,27424,1431,1416,14,1430,8
2021-06-21,El Dorado,017,186661,10395,10375,789,11164,113
2021-06-21,Fresno,019,978130,102788,102971,9060,112031,1724
2021-06-21,Glenn,021,27897,2431,2433,583,3016,19
2021-06-21,Humboldt,023,135768,4482,4478,41,4519,42
2021-06-21,Imperial,025,180216,28642,28855,2914,31769,740
2021-06-21,Inyo,027,18085,1408,1405,4,1409,35
2021-06-21,Kern,029,883053,97480,96995,11525,108520,1342
2021-06-21,Kings,031,150075,23079,23091,1200,24291,245
2021-06-21,Lake,033,64148,3581,3563,13,3576,45
2021-06-21,Lassen,035,31185,5260,5233,120,5353,19
2021-06-21,Los Angeles,037,10098052,1207482,1205994,44112,1250106,24459
2021-06-21,Madera,039,155013,16714,16647,970,17617,240
2021-06-21,Marin,041,260295,14158,14173,273,14446,230
2021-06-21,Mariposa,043,17540,441,439,11,450,5
2021-06-21,Mendocino,045,87422,4154,4085,78,4163,49
2021-06-21,Merced,047,269075,31242,31264,1012,32276,465
2021-06-21,Modoc,049,8938,414,405,146,551,3
2021-06-21,Mono,051,14174,1255,1277,14,1291,3
2021-06-21,Monterey,053,433212,43204,43157,1938,45095,427
2021-06-21,Napa,055,140530,10016,10028,35,10063,80
2021-06-21,Nevada,057,99092,4946,4921,201,5122,72
2021-06-21,Orange,059,3164182,255858,255400,11894,267294,5113
2021-06-21,Placer,061,380077,23677,23577,1605,25182,298
2021-06-21,Plumas,063,18699,715,697,12,709,4
2021-06-21,Riverside,065,2383286,292810,289797,14731,304528,4456
2021-06-21,Sacramento,067,1510023,107866,107757,1892,109649,1669
2021-06-21,San Benito,069,59416,6085,6098,119,6217,63
2021-06-21,San Bernardino,071,2135413,293806,293736,9512,303248,4850
2021-06-21,San Diego,073,3302833,282350,281811,15255,297066,3771
2021-06-21,San Francisco,075,870044,36994,37275,1398,38673,556
2021-06-21,San Joaquin,077,732212,73788,73687,3814,77501,1405
2021-06-21,San Luis Obispo,079,281455,21345,21316,790,22106,257
2021-06-21,San Mateo,081,765935,42704,42685,496,43181,542
2021-06-21,Santa Barbara,083,443738,34657,34492,1245,35737,455
2021-06-21,Santa Clara,085,1922200,118915,120192,810,121002,2093
2021-06-21,Santa Cruz,087,273765,16254,16212,876,17088,208
2021-06-21,Shasta,089,179085,12552,12617,1681,14298,201
2021-06-21,Sierra,091,2930,60,57,14,71,0
2021-06-21,Siskiyou,093,43540,1947,1892,388,2280,27
2021-06-21,Solano,095,438530,33347,33383,574,33957,266
2021-06-21,Sonoma,097,501317,30831,30912,374,31286,314
2021-06-21,Stanislaus,099,539301,56926,56891,6256,63147,1017
2021-06-21,Sutter,101,95872,9635,9649,96,9745,113
2021-06-21,Tehama,103,63373,5114,5115,614,5729,63
2021-06-21,Trinity,105,12862,416,337,79,416,3
2021-06-21,Tulare,107,460477,49850,49689,9628,59317,849
2021-06-21,Tuolumne,109,53932,4115,4119,38,4157,63
2021-06-21,Ventura,111,848112,81407,81291,3135,84426,1031
2021-06-21,Yolo,113,214977,14138,14165,364,14529,212
2021-06-21,Yuba,115,75493,6184,6172,133,6305,51
2021-06-20,Alameda,001,1643700,89164,89255,2082,91337,1263
2021-06-20,Alpine,003,1148,89,88,0,88,0
2021-06-20,Amador,005,37829,3745,3740,34,3774,46
2021-06-20,Butte,007,227075,12702,12668,1939,14607,194
2021-06-20,Calaveras,009,45235,2197,2193,15,2208,55
2021-06-20,Colusa,011,21464,1961,1970,328,2298,15
2021-06-20,Contra Costa,013,1133247,70700,70401,1385,71786,813
2021-06-20,Del Norte,015,27424,1427,1416,14,1430,8
2021-06-20,El Dorado,017,186661,10381,10372,787,11159,113
2021-06-20,Fresno,019,978130,102748,102947,9056,112003,1724
2021-06-20,Glenn,021,27897,2431,2434,583,3017,19
2021-06-20,Humboldt,023,135768,4476,4472,41,4513,42
2021-06-20,Imperial,025,180216,28633,28855,2914,31769,740
2021-06-20,Inyo,027,18085,1407,1405,4,1409,35
2021-06-20,Kern,029,883053,97459,96985,11514,108499,1342
2021-06-20,Kings,031,150075,23074,23088,1198,24286,245
2021-06-20,Lake,033,64148,3579,3563,13,3576,45
2021-06-20,Lassen,035,31185,5257,5230,120,5350,19
2021-06-20,Los Angeles,037,10098052,1207186,1205874,44102,1249976,24456
2021-06-20,Madera,039,155013,16706,16638,968,17606,240
2021-06-20,Marin,041,260295,14155,14166,273,14439,230
2021-06-20,Mariposa,043,17540,439,439,11,450,5
2021-06-20,Mendocino,045,87422,4147,4080,78,4158,49
2021-06-20,Merced,047,269075,31229,31265,1012,32277,465
2021-06-20,Modoc,049,8938,414,405,146,551,3
2021-06-20,Mono,051,14174,1255,1275,14,1289,3
2021-06-20,Monterey,053,433212,43195,43156,1937,45093,427
2021-06-20,Napa,055,140530,10009,10026,34,10060,80
2021-06-20,Nevada,057,99092,4939,4919,201,5120,72
2021-06-20,Orange,059,3164182,255796,255377,11882,267259,5113
2021-06-20,Placer,061,380077,23644,23562,1601,25163,298
2021-06-20,Plumas,063,18699,714,697,12,709,4
2021-06-20,Riverside,065,2383286,292734,289770,14721,304491,4456
2021-06-20,Sacramento,067,1510023,107755,107700,1889,109589,1669
2021-06-20,San Benito,069,59416,6085,6098,119,6217,63
2021-06-20,San Bernardino,071,2135413,293706,293713,9508,303221,4845
2021-06-20,San Diego,073,3302833,282244,281750,15233,296983,3771
2021-06-20,San Francisco,075,870044,36972,37269,1398,38667,556
2021-06-20,San Joaquin,077,732212,73744,73676,3805,77481,1405
2021-06-20,San Luis Obispo,079,281455,21343,21313,790,22103,257
2021-06-20,San Mateo,081,765935,42675,42681,496,43177,542
2021-06-20,Santa Barbara,083,443738,34648,34487,1245,35732,455
2021-06-20,Santa Clara,085,1922200,118880,120163,810,120973,2093
2021-06-20,Santa Cruz,087,273765,16249,16210,876,17086,208
2021-06-20,Shasta,089,179085,12547,12617,1679,14296,201
2021-06-20,Sierra,091,2930,60,57,14,71,0
2021-06-20,Siskiyou,093,43540,1946,1891,388,2279,27
2021-06-20,Solano,095,438530,33325,33361,572,33933,266
2021-06-20,Sonoma,097,501317,30785,30884,370,31254,314
2021-06-20,Stanislaus,099,539301,56892,56868,6255,63123,1017
2021-06-20,Sutter,101,95872,9632,9645,96,9741,113
2021-06-20,Tehama,103,63373,5110,5115,614,5729,63
2021-06-20,Trinity,105,12862,416,337,79,416,3
2021-06-20,Tulare,107,460477,49841,49685,9626,59311,849
2021-06-20,Tuolumne,109,53932,4112,4117,38,4155,63
2021-06-20,Ventura,111,848112,81391,81282,3133,84415,1031
2021-06-20,Yolo,113,214977,14131,14160,364,14524,212
2021-06-20,Yuba,115,75493,6177,6167,133,6300,51
2021-06-19,Alameda,001,1643700,89131,89202,2082,91284,1263
2021-06-19,Alpine,003,1148,89,88,0,88,0
2021-06-19,Amador,005,37829,3743,3739,34,3773,46
2021-06-19,Butte,007,227075,12698,12659,1939,14598,194
2021-06-19,Calaveras,009,45235,2197,2192,15,2207,55
2021-06-19,Colusa,011,21464,1961,1969,328,2297,15
2021-06-19,Contra Costa,013,1133247,70669,70334,1384,71718,813
2021-06-19,Del Norte,015,27424,1426,1416,14,1430,8
2021-06-19,El Dorado,017,186661,10380,10363,786,11149,113
2021-06-19,Fresno,019,978130,102735,102922,9053,111975,1724
2021-06-19,Glenn,021,27897,2430,2434,582,3016,19
2021-06-19,Humboldt,023,135768,4465,4463,41,4504,42
2021-06-19,Imperial,025,180216,28632,28813,2914,31727,740
2021-06-19,Inyo,027,18085,1407,1405,4,1409,35
2021-06-19,Kern,029,883053,97443,96966,11510,108476,1342
2021-06-19,Kings,031,150075,23071,23086,1198,24284,245
2021-06-19,Lake,033,64148,3575,3563,13,3576,45
2021-06-19,Lassen,035,31185,5256,5225,120,5345,19
2021-06-19,Los Angeles,037,10098052,1206989,1205602,44087,1249689,24454
2021-06-19,Madera,039,155013,16704,16632,968,17600,240
2021-06-19,Marin,041,260295,14147,14152,273,14425,230
2021-06-19,Mariposa,043,17540,439,439,11,450,5
2021-06-19,Mendocino,045,87422,4141,4077,78,4155,49
2021-06-19,Merced,047,269075,31227,31256,1012,32268,465
2021-06-19,Modoc,049,8938,413,402,146,548,3
2021-06-19,Mono,051,14174,1255,1275,14,1289,3
2021-06-19,Monterey,053,433212,43189,43153,1937,45090,427
2021-06-19,Napa,055,140530,10005,10025,34,10059,80
2021-06-19,Nevada,057,99092,4934,4910,201,5111,72
2021-06-19,Orange,059,3164182,255751,255329,11878,267207,5112
2021-06-19,Placer,061,380077,23628,23537,1598,25135,298
2021-06-19,Plumas,063,18699,713,697,12,709,4
2021-06-19,Riverside,065,2383286,292688,289720,14721,304441,4456
2021-06-19,Sacramento,067,1510023,107709,107631,1886,109517,1669
2021-06-19,San Benito,069,59416,6084,6098,119,6217,63
2021-06-19,San Bernardino,071,2135413,293662,293673,9505,303178,4844
2021-06-19,San Diego,073,3302833,282184,281682,15219,296901,3771
2021-06-19,San Francisco,075,870044,36960,37256,1397,38653,556
2021-06-19,San Joaquin,077,732212,73728,73652,3801,77453,1405
2021-06-19,San Luis Obispo,079,281455,21341,21308,790,22098,257
2021-06-19,San Mateo,081,765935,42657,42646,494,43140,542
2021-06-19,Santa Barbara,083,443738,34646,34472,1245,35717,455
2021-06-19,Santa Clara,085,1922200,118857,120110,809,120919,2093
2021-06-19,Santa Cruz,087,273765,16244,16206,876,17082,208
2021-06-19,Shasta,089,179085,12545,12615,1678,14293,201
2021-06-19,Sierra,091,2930,60,57,14,71,0
2021-06-19,Siskiyou,093,43540,1946,1891,387,2278,27
2021-06-19,Solano,095,438530,33315,33341,571,33912,266
2021-06-19,Sonoma,097,501317,30744,30841,369,31210,314
2021-06-19,Stanislaus,099,539301,56873,56847,6252,63099,1017
2021-06-19,Sutter,101,95872,9629,9645,96,9741,113
2021-06-19,Tehama,103,63373,5109,5115,614,5729,63
2021-06-19,Trinity,105,12862,416,337,79,416,3
2021-06-19,Tulare,107,460477,49834,49681,9621,59302,849
2021-06-19,Tuolumne,109,53932,4112,4117,38,4155,63
2021-06-19,Ventura,111,848112,81378,81270,3132,84402,1031
2021-06-19,Yolo,113,214977,14127,14156,363,14519,212
2021-06-19,Yuba,115,75493,6176,6157,133,6290,51
2021-06-18,Alameda,001,1643700,89094,89123,2082,91205,1263
2021-06-18,Alpine,003,1148,89,88,0,88,0
2021-06-18,Amador,005,37829,3743,3739,34,3773,46
2021-06-18,Butte,007,227075,12695,12653,1936,14589,194
2021-06-18,Calaveras,009,45235,2197,2191,15,2206,55
2021-06-18,Colusa,011,21464,1960,1969,328,2297,15
2021-06-18,Contra Costa,013,1133247,70627,70271,1382,71653,813
2021-06-18,Del Norte,015,27424,1426,1415,14,1429,8
2021-06-18,El Dorado,017,186661,10377,10348,784,11132,113
2021-06-18,Fresno,019,978130,102719,102894,9051,111945,1722
2021-06-18,Glenn,021,27897,2429,2430,582,3012,19
2021-06-18,Humboldt,023,135768,4457,4450,41,4491,42
2021-06-18,Imperial,025,180216,28630,28809,2914,31723,740
2021-06-18,Inyo,027,18085,1407,1405,4,1409,35
2021-06-18,Kern,029,883053,97432,96948,11504,108452,1341
2021-06-18,Kings,031,150075,23066,23082,1198,24280,245
2021-06-18,Lake,033,64148,3571,3563,13,3576,45
2021-06-18,Lassen,035,31185,5255,5224,120,5344,19
2021-06-18,Los Angeles,037,10098052,1206834,1205472,44069,1249541,24451
2021-06-18,Madera,039,155013,16698,16625,968,17593,241
2021-06-18,Marin,041,260295,14144,14147,273,14420,230
2021-06-18,Mariposa,043,17540,439,439,11,450,5
2021-06-18,Mendocino,045,87422,4136,4068,78,4146,49
2021-06-18,Merced,047,269075,31225,31262,1012,32274,464
2021-06-18,Modoc,049,8938,413,402,146,548,3
2021-06-18,Mono,051,14174,1254,1275,13,1288,3
2021-06-18,Monterey,053,433212,43186,43148,1937,45085,427
2021-06-18,Napa,055,140530,10001,10021,34,10055,80
2021-06-18,Nevada,057,99092,4926,4903,201,5104,72
2021-06-18,Orange,059,3164182,255715,255274,11875,267149,5108
2021-06-18,Placer,061,380077,23620,23500,1595,25095,298
2021-06-18,Plumas,063,18699,713,697,12,709,4
2021-06-18,Riverside,065,2383286,292640,289676,14720,304396,4457
2021-06-18,Sacramento,067,1510023,107661,107570,1886,109456,1669
2021-06-18,San Benito,069,59416,6083,6097,119,6216,63
2021-06-18,San Bernardino,071,2135413,293618,293629,9500,303129,4826
2021-06-18,San Diego,073,3302833,282108,281608,15208,296816,3771
2021-06-18,San Francisco,075,870044,36951,37246,1397,38643,556
2021-06-18,San Joaquin,077,732212,73710,73623,3799,77422,1403
2021-06-18,San Luis Obispo,079,281455,21337,21301,789,22090,257
2021-06-18,San Mateo,081,765935,42646,42630,493,43123,542
2021-06-18,Santa Barbara,083,443738,34636,34469,1245,35714,455
2021-06-18,Santa Clara,085,1922200,118836,120081,808,120889,2093
2021-06-18,Santa Cruz,087,273765,16240,16202,876,17078,208
2021-06-18,Shasta,089,179085,12541,12607,1676,14283,201
2021-06-18,Sierra,091,2930,59,57,14,71,0
2021-06-18,Siskiyou,093,43540,1946,1890,387,2277,27
2021-06-18,Solano,095,438530,33301,33323,571,33894,266
2021-06-18,Sonoma,097,501317,30727,30816,367,31183,313
2021-06-18,Stanislaus,099,539301,56858,56803,6250,63053,1012
2021-06-18,Sutter,101,95872,9626,9643,96,9739,113
2021-06-18,Tehama,103,63373,5107,5114,614,5728,63
2021-06-18,Trinity,105,12862,416,337,78,415,3
2021-06-18,Tulare,107,460477,49832,49664,9614,59278,849
2021-06-18,Tuolumne,109,53932,4110,4116,38,4154,63
2021-06-18,Ventura,111,848112,81368,81256,3127,84383,1031
2021-06-18,Yolo,113,214977,14124,14148,361,14509,212
2021-06-18,Yuba,115,75493,6170,6150,133,6283,51
2021-06-17,Alameda,001,1643700,89048,89087,2082,91169,1262
2021-06-17,Alpine,003,1148,89,88,0,88,0
2021-06-17,Amador,005,37829,3741,3731,34,3765,46
2021-06-17,Butte,007,227075,12685,12644,1935,14579,194
2021-06-17,Calaveras,009,45235,2196,2189,15,2204,55
2021-06-17,Colusa,011,21464,1959,1969,328,2297,15
2021-06-17,Contra Costa,013,1133247,70588,70190,1379,71569,810
2021-06-17,Del Norte,015,27424,1424,1413,14,1427,8
2021-06-17,El Dorado,017,186661,10367,10341,784,11125,113
2021-06-17,Fresno,019,978130,102693,102867,9047,111914,1722
2021-06-17,Glenn,021,27897,2429,2430,582,3012,19
2021-06-17,Humboldt,023,135768,4448,4438,41,4479,42
2021-06-17,Imperial,025,180216,28622,28801,2914,31715,741
2021-06-17,Inyo,027,18085,1407,1405,4,1409,35
2021-06-17,Kern,029,883053,97418,96840,11497,108337,1340
2021-06-17,Kings,031,150075,23062,23078,1197,24275,245
2021-06-17,Lake,033,64148,3568,3563,9,3572,45
2021-06-17,Lassen,035,31185,5251,5223,120,5343,19
2021-06-17,Los Angeles,037,10098052,1206624,1205301,44039,1249340,24444
2021-06-17,Madera,039,155013,16693,16618,968,17586,241
2021-06-17,Marin,041,260295,14144,14141,273,14414,229
2021-06-17,Mariposa,043,17540,439,439,11,450,5
2021-06-17,Mendocino,045,87422,4129,4054,78,4132,49
2021-06-17,Merced,047,269075,31220,31262,1012,32274,464
2021-06-17,Modoc,049,8938,412,401,146,547,3
2021-06-17,Mono,051,14174,1253,1275,13,1288,3
2021-06-17,Monterey,053,433212,43178,43140,1937,45077,416
2021-06-17,Napa,055,140530,10001,10014,34,10048,80
2021-06-17,Nevada,057,99092,4922,4898,201,5099,72
2021-06-17,Orange,059,3164182,255671,255240,11863,267103,5109
2021-06-17,Placer,061,380077,23604,23461,1593,25054,298
2021-06-17,Plumas,063,18699,712,697,12,709,4
2021-06-17,Riverside,065,2383286,292587,289627,14717,304344,4458
2021-06-17,Sacramento,067,1510023,107597,107492,1884,109376,1666
2021-06-17,San Benito,069,59416,6083,6097,119,6216,63
2021-06-17,San Bernardino,071,2135413,293578,293560,9500,303060,4811
2021-06-17,San Diego,073,3302833,282031,281531,15194,296725,3771
2021-06-17,San Francisco,075,870044,36940,37243,1396,38639,556
2021-06-17,San Joaquin,077,732212,73686,73560,3794,77354,1403
2021-06-17,San Luis Obispo,079,281455,21335,21297,789,22086,257
2021-06-17,San Mateo,081,765935,42640,42615,493,43108,542
2021-06-17,Santa Barbara,083,443738,34630,34466,1245,35711,453
2021-06-17,Santa Clara,085,1922200,118811,120032,807,120839,2093
2021-06-17,Santa Cruz,087,273765,16236,16197,876,17073,208
2021-06-17,Shasta,089,179085,12533,12597,1676,14273,201
2021-06-17,Sierra,091,2930,59,56,14,70,0
2021-06-17,Siskiyou,093,43540,1945,1889,387,2276,27
2021-06-17,Solano,095,438530,33280,33296,570,33866,266
2021-06-17,Sonoma,097,501317,30696,30793,367,31160,323
2021-06-17,Stanislaus,099,539301,56827,56752,6244,62996,1012
2021-06-17,Sutter,101,95872,9623,9629,96,9725,113
2021-06-17,Tehama,103,63373,5106,5112,612,5724,63
2021-06-17,Trinity,105,12862,415,337,78,415,3
2021-06-17,Tulare,107,460477,49827,49649,9606,59255,849
2021-06-17,Tuolumne,109,53932,4109,4116,38,4154,63
2021-06-17,Ventura,111,848112,81359,81248,3124,84372,1030
2021-06-17,Yolo,113,214977,14116,14141,361,14502,212
2021-06-17,Yuba,115,75493,6161,6140,133,6273,51
2021-06-16,Alameda,001,1643700,88997,89045,2078,91123,1265
2021-06-16,Alpine,003,1148,89,88,0,88,0
2021-06-16,Amador,005,37829,3740,3730,34,3764,46
2021-06-16,Butte,007,227075,12683,12635,1933,14568,194
2021-06-16,Calaveras,009,45235,2194,2188,15,2203,55
2021-06-16,Colusa,011,21464,1959,1967,328,2295,15
2021-06-16,Contra Costa,013,1133247,70536,70136,1378,71514,810
2021-06-16,Del Norte,015,27424,1421,1413,14,1427,8
2021-06-16,El Dorado,017,186661,10361,10334,783,11117,113
2021-06-16,Fresno,019,978130,102663,102842,9043,111885,1722
2021-06-16,Glenn,021,27897,2429,2430,582,3012,19
2021-06-16,Humboldt,023,135768,4439,4427,40,4467,42
2021-06-16,Imperial,025,180216,28619,28796,2914,31710,741
2021-06-16,Inyo,027,18085,1406,1405,4,1409,35
2021-06-16,Kern,029,883053,97397,96789,11488,108277,1339
2021-06-16,Kings,031,150075,23061,23072,1196,24268,245
2021-06-16,Lake,033,64148,3568,3562,9,3571,45
2021-06-16,Lassen,035,31185,5248,5216,120,5336,19
2021-06-16,Los Angeles,037,10098052,1206402,1205102,44027,1249129,24439
2021-06-16,Madera,039,155013,16689,16603,968,17571,240
2021-06-16,Marin,041,260295,14142,14137,273,14410,229
2021-06-16,Mariposa,043,17540,439,437,11,448,5
2021-06-16,Mendocino,045,87422,4121,4041,78,4119,49
2021-06-16,Merced,047,269075,31212,31250,1012,32262,463
2021-06-16,Modoc,049,8938,411,383,145,528,3
2021-06-16,Mono,051,14174,1253,1275,13,1288,3
2021-06-16,Monterey,053,433212,43175,43122,1937,45059,416
2021-06-16,Napa,055,140530,9997,10011,34,10045,80
2021-06-16,Nevada,057,99092,4917,4894,201,5095,72
2021-06-16,Orange,059,3164182,255622,255188,11856,267044,5109
2021-06-16,Placer,061,380077,23595,23425,1589,25014,298
2021-06-16,Plumas,063,18699,712,697,12,709,4
2021-06-16,Riverside,065,2383286,292526,289539,14715,304254,4457
2021-06-16,Sacramento,067,1510023,107527,107422,1880,109302,1665
2021-06-16,San Benito,069,59416,6083,6090,119,6209,63
2021-06-16,San Bernardino,071,2135413,293529,293499,9498,302997,4797
2021-06-16,San Diego,073,3302833,281953,281423,15181,296604,3770
2021-06-16,San Francisco,075,870044,36927,37222,1394,38616,555
2021-06-16,San Joaquin,077,732212,73649,73530,3790,77320,1399
2021-06-16,San Luis Obispo,079,281455,21330,21294,789,22083,257
2021-06-16,San Mateo,081,765935,42624,42601,493,43094,542
2021-06-16,Santa Barbara,083,443738,34624,34459,1245,35704,460
2021-06-16,Santa Clara,085,1922200,118779,119982,807,120789,2087
2021-06-16,Santa Cruz,087,273765,16233,16187,876,17063,208
2021-06-16,Shasta,089,179085,12528,12592,1675,14267,200
2021-06-16,Sierra,091,2930,59,56,14,70,0
2021-06-16,Siskiyou,093,43540,1944,1886,387,2273,26
2021-06-16,Solano,095,438530,33252,33276,570,33846,266
2021-06-16,Sonoma,097,501317,30660,30741,367,31108,323
2021-06-16,Stanislaus,099,539301,56796,56738,6242,62980,984
2021-06-16,Sutter,101,95872,9619,9620,96,9716,113
2021-06-16,Tehama,103,63373,5104,5106,612,5718,63
2021-06-16,Trinity,105,12862,414,332,78,410,3
2021-06-16,Tulare,107,460477,49822,49578,9602,59180,849
2021-06-16,Tuolumne,109,53932,4109,4110,38,4148,63
2021-06-16,Ventura,111,848112,81345,81229,3122,84351,1029
2021-06-16,Yolo,113,214977,14107,14135,360,14495,212
2021-06-16,Yuba,115,75493,6151,6134,133,6267,51
2021-06-15,Alameda,001,1643700,88955,89008,2078,91086,1262
2021-06-15,Alpine,003,1148,89,88,0,88,0
2021-06-15,Amador,005,37829,3737,3723,34,3757,46
2021-06-15,Butte,007,227075,12675,12620,1932,14552,194
2021-06-15,Calaveras,009,45235,2192,2188,15,2203,55
2021-06-15,Colusa,011,21464,1959,1967,326,2293,15
2021-06-15,Contra Costa,013,1133247,70474,70101,1378,71479,810
2021-06-15,Del Norte,015,27424,1420,1411,14,1425,8
2021-06-15,El Dorado,017,186661,10352,10330,783,11113,113
2021-06-15,Fresno,019,978130,102632,102828,9042,111870,1722
2021-06-15,Glenn,021,27897,2428,2426,582,3008,19
2021-06-15,Humboldt,023,135768,4430,4414,39,4453,42
2021-06-15,Imperial,025,180216,28613,28789,2914,31703,741
2021-06-15,Inyo,027,18085,1406,1405,4,1409,35
2021-06-15,Kern,029,883053,97369,96782,11479,108261,1338
2021-06-15,Kings,031,150075,23055,23070,1194,24264,245
2021-06-15,Lake,033,64148,3567,3559,9,3568,45
2021-06-15,Lassen,035,31185,5247,5211,120,5331,19
2021-06-15,Los Angeles,037,10098052,1206174,1204926,44018,1248944,24435
2021-06-15,Madera,039,155013,16682,16600,967,17567,240
2021-06-15,Marin,041,260295,14134,14135,273,14408,229
2021-06-15,Mariposa,043,17540,439,437,11,448,5
2021-06-15,Mendocino,045,87422,4114,4034,78,4112,49
2021-06-15,Merced,047,269075,31206,31244,1012,32256,461
2021-06-15,Modoc,049,8938,410,383,145,528,3
2021-06-15,Mono,051,14174,1253,1275,13,1288,3
2021-06-15,Monterey,053,433212,43169,43118,1937,45055,416
2021-06-15,Napa,055,140530,9995,10010,34,10044,80
2021-06-15,Nevada,057,99092,4914,4888,201,5089,72
2021-06-15,Orange,059,3164182,255585,255127,11847,266974,5105
2021-06-15,Placer,061,380077,23573,23396,1588,24984,298
2021-06-15,Plumas,063,18699,711,697,12,709,4
2021-06-15,Riverside,065,2383286,292469,289508,14711,304219,4455
2021-06-15,Sacramento,067,1510023,107452,107370,1873,109243,1662
2021-06-15,San Benito,069,59416,6082,6089,119,6208,63
2021-06-15,San Bernardino,071,2135413,293479,293463,9493,302956,4790
2021-06-15,San Diego,073,3302833,281869,281375,15166,296541,3770
2021-06-15,San Francisco,075,870044,36918,37210,1393,38603,555
2021-06-15,San Joaquin,077,732212,73609,73494,3785,77279,1399
2021-06-15,San Luis Obispo,079,281455,21325,21293,788,22081,257
2021-06-15,San Mateo,081,765935,42611,42593,493,43086,543
2021-06-15,Santa Barbara,083,443738,34619,34451,1245,35696,460
2021-06-15,Santa Clara,085,1922200,118741,119963,807,120770,2086
2021-06-15,Santa Cruz,087,273765,16226,16180,876,17056,208
2021-06-15,Shasta,089,179085,12522,12583,1675,14258,201
2021-06-15,Sierra,091,2930,58,55,14,69,0
2021-06-15,Siskiyou,093,43540,1943,1887,387,2274,26
2021-06-15,Solano,095,438530,33233,33264,570,33834,266
2021-06-15,Sonoma,097,501317,30621,30707,366,31073,323
2021-06-15,Stanislaus,099,539301,56767,56724,6238,62962,979
2021-06-15,Sutter,101,95872,9610,9616,96,9712,113
2021-06-15,Tehama,103,63373,5102,5102,612,5714,63
2021-06-15,Trinity,105,12862,413,332,78,410,3
2021-06-15,Tulare,107,460477,49816,49561,9598,59159,848
2021-06-15,Tuolumne,109,53932,4109,4111,38,4149,63
2021-06-15,Ventura,111,848112,81334,81215,3119,84334,1029
2021-06-15,Yolo,113,214977,14103,14127,358,14485,212
2021-06-15,Yuba,115,75493,6140,6130,133,6263,51
2021-06-14,Alameda,001,1643700,88905,88966,2077,91043,1264
2021-06-14,Alpine,003,1148,89,88,0,88,0
2021-06-14,Amador,005,37829,3736,3722,34,3756,46
2021-06-14,Butte,007,227075,12664,12613,1928,14541,194
2021-06-14,Calaveras,009,45235,2190,2190,15,2205,55
2021-06-14,Colusa,011,21464,1958,1966,326,2292,15
2021-06-14,Contra Costa,013,1133247,70421,70069,1376,71445,810
2021-06-14,Del Norte,015,27424,1420,1411,14,1425,8
2021-06-14,El Dorado,017,186661,10343,10327,782,11109,113
2021-06-14,Fresno,019,978130,102610,102812,9041,111853,1719
2021-06-14,Glenn,021,27897,2428,2426,582,3008,19
2021-06-14,Humboldt,023,135768,4422,4407,38,4445,42
2021-06-14,Imperial,025,180216,28601,28836,2914,31750,741
2021-06-14,Inyo,027,18085,1405,1405,4,1409,35
2021-06-14,Kern,029,883053,97350,96760,11468,108228,1337
2021-06-14,Kings,031,150075,23053,23071,1192,24263,245
2021-06-14,Lake,033,64148,3566,3557,9,3566,45
2021-06-14,Lassen,035,31185,5244,5209,119,5328,19
2021-06-14,Los Angeles,037,10098052,1205940,1204748,44008,1248756,24434
2021-06-14,Madera,039,155013,16676,16597,966,17563,240
2021-06-14,Marin,041,260295,14132,14133,273,14406,229
2021-06-14,Mariposa,043,17540,438,437,11,448,5
2021-06-14,Mendocino,045,87422,4108,4028,78,4106,49
2021-06-14,Merced,047,269075,31197,31241,1011,32252,461
2021-06-14,Modoc,049,8938,401,382,143,525,3
2021-06-14,Mono,051,14174,1253,1275,13,1288,3
2021-06-14,Monterey,053,433212,43166,43110,1937,45047,415
2021-06-14,Napa,055,140530,9991,10000,34,10034,80
2021-06-14,Nevada,057,99092,4907,4885,201,5086,72
2021-06-14,Orange,059,3164182,255547,255069,11843,266912,5103
2021-06-14,Placer,061,380077,23548,23379,1587,24966,298
2021-06-14,Plumas,063,18699,711,696,12,708,4
2021-06-14,Riverside,065,2383286,292418,289476,14709,304185,4453
2021-06-14,Sacramento,067,1510023,107399,107334,1867,109201,1661
2021-06-14,San Benito,069,59416,6082,6087,119,6206,63
2021-06-14,San Bernardino,071,2135413,293423,293446,9489,302935,4790
2021-06-14,San Diego,073,3302833,281764,281314,15146,296460,3770
2021-06-14,San Francisco,075,870044,36905,37206,1393,38599,555
2021-06-14,San Joaquin,077,732212,73580,73453,3785,77238,1398
2021-06-14,San Luis Obispo,079,281455,21323,21302,788,22090,256
2021-06-14,San Mateo,081,765935,42597,42619,492,43111,543
2021-06-14,Santa Barbara,083,443738,34616,34449,1245,35694,460
2021-06-14,Santa Clara,085,1922200,118710,119957,806,120763,2085
2021-06-14,Santa Cruz,087,273765,16224,16175,876,17051,208
2021-06-14,Shasta,089,179085,12512,12561,1672,14233,201
2021-06-14,Sierra,091,2930,57,55,14,69,0
2021-06-14,Siskiyou,093,43540,1943,1886,387,2273,26
2021-06-14,Solano,095,438530,33216,33243,569,33812,266
2021-06-14,Sonoma,097,501317,30589,30679,365,31044,323
2021-06-14,Stanislaus,099,539301,56730,56689,6235,62924,975
2021-06-14,Sutter,101,95872,9607,9607,96,9703,112
2021-06-14,Tehama,103,63373,5100,5102,612,5714,63
2021-06-14,Trinity,105,12862,413,332,78,410,3
2021-06-14,Tulare,107,460477,49812,49538,9594,59132,848
2021-06-14,Tuolumne,109,53932,4106,4108,38,4146,63
2021-06-14,Ventura,111,848112,81324,81209,3119,84328,1028
2021-06-14,Yolo,113,214977,14095,14123,358,14481,212
2021-06-14,Yuba,115,75493,6133,6127,133,6260,50
2021-06-13,Alameda,001,1643700,88849,88947,2075,91022,1264
2021-06-13,Alpine,003,1148,88,88,0,88,0
2021-06-13,Amador,005,37829,3732,3721,34,3755,46
2021-06-13,Butte,007,227075,12653,12586,1925,14511,194
2021-06-13,Calaveras,009,45235,2190,2189,15,2204,55
2021-06-13,Colusa,011,21464,1958,1965,325,2290,15
2021-06-13,Contra Costa,013,1133247,70367,70040,1374,71414,810
2021-06-13,Del Norte,015,27424,1418,1412,14,1426,8
2021-06-13,El Dorado,017,186661,10334,10324,782,11106,113
2021-06-13,Fresno,019,978130,102580,102795,9036,111831,1719
2021-06-13,Glenn,021,27897,2427,2425,580,3005,19
2021-06-13,Humboldt,023,135768,4409,4401,38,4439,42
2021-06-13,Imperial,025,180216,28592,28800,2914,31714,741
2021-06-13,Inyo,027,18085,1405,1405,4,1409,35
2021-06-13,Kern,029,883053,97327,96743,11455,108198,1337
2021-06-13,Kings,031,150075,23048,23069,1191,24260,245
2021-06-13,Lake,033,64148,3566,3556,9,3565,45
2021-06-13,Lassen,035,31185,5239,5209,119,5328,19
2021-06-13,Los Angeles,037,10098052,1205680,1204614,43995,1248609,24433
2021-06-13,Madera,039,155013,16662,16590,966,17556,240
2021-06-13,Marin,041,260295,14126,14126,273,14399,229
2021-06-13,Mariposa,043,17540,438,434,11,445,5
2021-06-13,Mendocino,045,87422,4101,4026,78,4104,49
2021-06-13,Merced,047,269075,31191,31240,1010,32250,461
2021-06-13,Modoc,049,8938,399,382,141,523,3
2021-06-13,Mono,051,14174,1253,1275,13,1288,3
2021-06-13,Monterey,053,433212,43158,43108,1937,45045,415
2021-06-13,Napa,055,140530,9985,9995,34,10029,80
2021-06-13,Nevada,057,99092,4902,4883,201,5084,72
2021-06-13,Orange,059,3164182,255494,255043,11841,266884,5103
2021-06-13,Placer,061,380077,23522,23365,1585,24950,295
2021-06-13,Plumas,063,18699,710,696,12,708,4
2021-06-13,Riverside,065,2383286,292351,289447,14706,304153,4453
2021-06-13,Sacramento,067,1510023,107323,107289,1864,109153,1658
2021-06-13,San Benito,069,59416,6082,6086,119,6205,63
2021-06-13,San Bernardino,071,2135413,293374,293416,9483,302899,4788
2021-06-13,San Diego,073,3302833,281685,281268,15130,296398,3770
2021-06-13,San Francisco,075,870044,36894,37197,1393,38590,555
2021-06-13,San Joaquin,077,732212,73548,73438,3782,77220,1398
2021-06-13,San Luis Obispo,079,281455,21317,21298,787,22085,256
2021-06-13,San Mateo,081,765935,42583,42611,492,43103,542
2021-06-13,Santa Barbara,083,443738,34605,34449,1244,35693,460
2021-06-13,Santa Clara,085,1922200,118686,119946,806,120752,2085
2021-06-13,Santa Cruz,087,273765,16217,16172,876,17048,208
2021-06-13,Shasta,089,179085,12503,12560,1671,14231,201
2021-06-13,Sierra,091,2930,57,55,14,69,0
2021-06-13,Siskiyou,093,43540,1942,1885,387,2272,26
2021-06-13,Solano,095,438530,33194,33234,569,33803,266
2021-06-13,Sonoma,097,501317,30554,30663,363,31026,323
2021-06-13,Stanislaus,099,539301,56703,56671,6234,62905,975
2021-06-13,Sutter,101,95872,9600,9603,96,9699,112
2021-06-13,Tehama,103,63373,5098,5100,612,5712,63
2021-06-13,Trinity,105,12862,412,332,78,410,3
2021-06-13,Tulare,107,460477,49803,49537,9589,59126,848
2021-06-13,Tuolumne,109,53932,4104,4107,37,4144,63
2021-06-13,Ventura,111,848112,81310,81201,3119,84320,1028
2021-06-13,Yolo,113,214977,14088,14120,356,14476,212
2021-06-13,Yuba,115,75493,6126,6125,133,6258,50
2021-06-12,Alameda,001,1643700,88820,88901,2075,90976,1271
2021-06-12,Alpine,003,1148,88,88,0,88,0
2021-06-12,Amador,005,37829,3731,3721,34,3755,46
2021-06-12,Butte,007,227075,12649,12576,1925,14501,194
2021-06-12,Calaveras,009,45235,2190,2189,15,2204,55
2021-06-12,Colusa,011,21464,1958,1965,325,2290,15
2021-06-12,Contra Costa,013,1133247,70336,69989,1371,71360,810
2021-06-12,Del Norte,015,27424,1418,1412,14,1426,8
2021-06-12,El Dorado,017,186661,10329,10320,781,11101,113
2021-06-12,Fresno,019,978130,102570,102783,9035,111818,1720
2021-06-12,Glenn,021,27897,2425,2425,580,3005,19
2021-06-12,Humboldt,023,135768,4401,4396,38,4434,42
2021-06-12,Imperial,025,180216,28589,28799,2914,31713,741
2021-06-12,Inyo,027,18085,1405,1405,4,1409,35
2021-06-12,Kern,029,883053,97312,96731,11451,108182,1337
2021-06-12,Kings,031,150075,23046,23067,1191,24258,245
2021-06-12,Lake,033,64148,3565,3552,9,3561,45
2021-06-12,Lassen,035,31185,5239,5208,119,5327,19
2021-06-12,Los Angeles,037,10098052,1205543,1204439,43988,1248427,24434
2021-06-12,Madera,039,155013,16658,16586,966,17552,240
2021-06-12,Marin,041,260295,14123,14121,273,14394,229
2021-06-12,Mariposa,043,17540,438,434,11,445,5
2021-06-12,Mendocino,045,87422,4098,4024,78,4102,49
2021-06-12,Merced,047,269075,31188,31236,1010,32246,461
2021-06-12,Modoc,049,8938,398,382,141,523,3
2021-06-12,Mono,051,14174,1253,1275,13,1288,3
2021-06-12,Monterey,053,433212,43153,43103,1937,45040,415
2021-06-12,Napa,055,140530,9981,9986,34,10020,80
2021-06-12,Nevada,057,99092,4896,4878,201,5079,72
2021-06-12,Orange,059,3164182,255465,255004,11839,266843,5103
2021-06-12,Placer,061,380077,23503,23345,1585,24930,295
2021-06-12,Plumas,063,18699,710,696,12,708,4
2021-06-12,Riverside,065,2383286,292309,289413,14703,304116,4453
2021-06-12,Sacramento,067,1510023,107263,107199,1861,109060,1658
2021-06-12,San Benito,069,59416,6080,6083,119,6202,63
2021-06-12,San Bernardino,071,2135413,293339,293375,9481,302856,4788
2021-06-12,San Diego,073,3302833,281628,281203,15121,296324,3770
2021-06-12,San Francisco,075,870044,36884,37189,1393,38582,555
2021-06-12,San Joaquin,077,732212,73529,73413,3781,77194,1398
2021-06-12,San Luis Obispo,079,281455,21314,21293,787,22080,256
2021-06-12,San Mateo,081,765935,42578,42604,492,43096,542
2021-06-12,Santa Barbara,083,443738,34601,34450,1244,35694,460
2021-06-12,Santa Clara,085,1922200,118646,119894,806,120700,2085
2021-06-12,Santa Cruz,087,273765,16209,16170,876,17046,208
2021-06-12,Shasta,089,179085,12500,12556,1670,14226,201
2021-06-12,Sierra,091,2930,57,55,14,69,0
2021-06-12,Siskiyou,093,43540,1941,1884,387,2271,25
2021-06-12,Solano,095,438530,33185,33219,569,33788,266
2021-06-12,Sonoma,097,501317,30526,30647,362,31009,323
2021-06-12,Stanislaus,099,539301,56686,56649,6233,62882,974
2021-06-12,Sutter,101,95872,9596,9603,96,9699,112
2021-06-12,Tehama,103,63373,5098,5099,611,5710,63
2021-06-12,Trinity,105,12862,412,332,78,410,3
2021-06-12,Tulare,107,460477,49798,49533,9582,59115,848
2021-06-12,Tuolumne,109,53932,4103,4105,37,4142,63
2021-06-12,Ventura,111,848112,81298,81197,3119,84316,1028
2021-06-12,Yolo,113,214977,14085,14118,354,14472,212
2021-06-12,Yuba,115,75493,6121,6120,133,6253,50
2021-06-11,Alameda,001,1643700,88792,88844,2075,90919,1278
2021-06-11,Alpine,003,1148,88,88,0,88,0
2021-06-11,Amador,005,37829,3731,3710,34,3744,46
2021-06-11,Butte,007,227075,12645,12576,1923,14499,194
2021-06-11,Calaveras,009,45235,2190,2188,15,2203,55
2021-06-11,Colusa,011,21464,1957,1964,325,2289,15
2021-06-11,Contra Costa,013,1133247,70303,69940,1369,71309,808
2021-06-11,Del Norte,015,27424,1418,1409,14,1423,8
2021-06-11,El Dorado,017,186661,10326,10316,781,11097,113
2021-06-11,Fresno,019,978130,102552,102770,9034,111804,1720
2021-06-11,Glenn,021,27897,2425,2425,580,3005,19
2021-06-11,Humboldt,023,135768,4397,4389,38,4427,42
2021-06-11,Imperial,025,180216,28584,28793,2914,31707,741
2021-06-11,Inyo,027,18085,1405,1405,4,1409,35
2021-06-11,Kern,029,883053,97300,96718,11447,108165,1340
2021-06-11,Kings,031,150075,23042,23069,1190,24259,245
2021-06-11,Lake,033,64148,3564,3550,9,3559,45
2021-06-11,Lassen,035,31185,5238,5204,119,5323,18
2021-06-11,Los Angeles,037,10098052,1205397,1204259,43974,1248233,24434
2021-06-11,Madera,039,155013,16655,16582,966,17548,240
2021-06-11,Marin,041,260295,14120,14116,273,14389,229
2021-06-11,Mariposa,043,17540,438,434,11,445,5
2021-06-11,Mendocino,045,87422,4095,4022,78,4100,49
2021-06-11,Merced,047,269075,31183,31231,1010,32241,461
2021-06-11,Modoc,049,8938,398,382,140,522,3
2021-06-11,Mono,051,14174,1253,1274,13,1287,3
2021-06-11,Monterey,053,433212,43149,43097,1937,45034,415
2021-06-11,Napa,055,140530,9978,9977,34,10011,80
2021-06-11,Nevada,057,99092,4894,4873,201,5074,72
2021-06-11,Orange,059,3164182,255439,254975,11835,266810,5101
2021-06-11,Placer,061,380077,23498,23330,1585,24915,294
2021-06-11,Plumas,063,18699,710,696,12,708,4
2021-06-11,Riverside,065,2383286,292271,289376,14700,304076,4451
2021-06-11,Sacramento,067,1510023,107203,107119,1860,108979,1659
2021-06-11,San Benito,069,59416,6079,6082,119,6201,63
2021-06-11,San Bernardino,071,2135413,293303,293335,9477,302812,4788
2021-06-11,San Diego,073,3302833,281588,281144,15114,296258,3768
2021-06-11,San Francisco,075,870044,36879,37177,1393,38570,555
2021-06-11,San Joaquin,077,732212,73512,73347,3778,77125,1397
2021-06-11,San Luis Obispo,079,281455,21313,21288,787,22075,256
2021-06-11,San Mateo,081,765935,42564,42585,492,43077,542
2021-06-11,Santa Barbara,083,443738,34598,34438,1244,35682,460
2021-06-11,Santa Clara,085,1922200,118627,119860,806,120666,2083
2021-06-11,Santa Cruz,087,273765,16201,16164,876,17040,208
2021-06-11,Shasta,089,179085,12492,12550,1668,14218,201
2021-06-11,Sierra,091,2930,57,55,14,69,0
2021-06-11,Siskiyou,093,43540,1940,1882,387,2269,25
2021-06-11,Solano,095,438530,33165,33179,568,33747,266
2021-06-11,Sonoma,097,501317,30508,30624,362,30986,323
2021-06-11,Stanislaus,099,539301,56660,56617,6229,62846,974
2021-06-11,Sutter,101,95872,9593,9600,95,9695,112
2021-06-11,Tehama,103,63373,5097,5099,611,5710,63
2021-06-11,Trinity,105,12862,412,331,78,409,3
2021-06-11,Tulare,107,460477,49792,49516,9581,59097,848
2021-06-11,Tuolumne,109,53932,4100,4104,37,4141,63
2021-06-11,Ventura,111,848112,81288,81189,3119,84308,1026
2021-06-11,Yolo,113,214977,14078,14111,350,14461,212
2021-06-11,Yuba,115,75493,6117,6113,133,6246,50
2021-06-10,Alameda,001,1643700,88746,88806,2074,90880,1275
2021-06-10,Alpine,003,1148,88,88,0,88,0
2021-06-10,Amador,005,37829,3727,3709,34,3743,46
2021-06-10,Butte,007,227075,12628,12565,1923,14488,194
2021-06-10,Calaveras,009,45235,2190,2188,15,2203,55
2021-06-10,Colusa,011,21464,1955,1964,325,2289,15
2021-06-10,Contra Costa,013,1133247,70249,69876,1369,71245,807
2021-06-10,Del Norte,015,27424,1418,1405,14,1419,8
2021-06-10,El Dorado,017,186661,10319,10314,777,11091,113
2021-06-10,Fresno,019,978130,102527,102724,9033,111757,1717
2021-06-10,Glenn,021,27897,2425,2425,580,3005,19
2021-06-10,Humboldt,023,135768,4389,4384,38,4422,42
2021-06-10,Imperial,025,180216,28578,28779,2914,31693,739
2021-06-10,Inyo,027,18085,1405,1405,4,1409,35
2021-06-10,Kern,029,883053,97286,96706,11442,108148,1336
2021-06-10,Kings,031,150075,23041,23067,1190,24257,245
2021-06-10,Lake,033,64148,3559,3550,9,3559,45
2021-06-10,Lassen,035,31185,5236,5201,119,5320,18
2021-06-10,Los Angeles,037,10098052,1205234,1204110,43957,1248067,24440
2021-06-10,Madera,039,155013,16648,16581,966,17547,240
2021-06-10,Marin,041,260295,14117,14118,273,14391,229
2021-06-10,Mariposa,043,17540,436,434,11,445,5
2021-06-10,Mendocino,045,87422,4090,4016,78,4094,48
2021-06-10,Merced,047,269075,31175,31231,1007,32238,461
2021-06-10,Modoc,049,8938,397,381,140,521,3
2021-06-10,Mono,051,14174,1252,1274,13,1287,3
2021-06-10,Monterey,053,433212,43143,43090,1937,45027,415
2021-06-10,Napa,055,140530,9977,9974,34,10008,80
2021-06-10,Nevada,057,99092,4889,4866,201,5067,72
2021-06-10,Orange,059,3164182,255411,254950,11828,266778,5097
2021-06-10,Placer,061,380077,23485,23296,1585,24881,293
2021-06-10,Plumas,063,18699,710,696,12,708,4
2021-06-10,Riverside,065,2383286,292230,289335,14695,304030,4450
2021-06-10,Sacramento,067,1510023,107141,107049,1860,108909,1658
2021-06-10,San Benito,069,59416,6079,6079,119,6198,63
2021-06-10,San Bernardino,071,2135413,293262,293281,9474,302755,4782
2021-06-10,San Diego,073,3302833,281530,281052,15097,296149,3766
2021-06-10,San Francisco,075,870044,36869,37159,1391,38550,552
2021-06-10,San Joaquin,077,732212,73478,73276,3777,77053,1393
2021-06-10,San Luis Obispo,079,281455,21310,21280,787,22067,256
2021-06-10,San Mateo,081,765935,42557,42562,492,43054,666
2021-06-10,Santa Barbara,083,443738,34594,34434,1244,35678,460
2021-06-10,Santa Clara,085,1922200,118592,119832,805,120637,2075
2021-06-10,Santa Cruz,087,273765,16200,16159,876,17035,208
2021-06-10,Shasta,089,179085,12482,12536,1667,14203,201
2021-06-10,Sierra,091,2930,56,55,14,69,0
2021-06-10,Siskiyou,093,43540,1940,1881,387,2268,25
2021-06-10,Solano,095,438530,33148,33150,567,33717,265
2021-06-10,Sonoma,097,501317,30473,30571,360,30931,323
2021-06-10,Stanislaus,099,539301,56639,56588,6225,62813,974
2021-06-10,Sutter,101,95872,9586,9594,95,9689,112
2021-06-10,Tehama,103,63373,5097,5096,611,5707,63
2021-06-10,Trinity,105,12862,412,331,78,409,3
2021-06-10,Tulare,107,460477,49784,49503,9581,59084,848
2021-06-10,Tuolumne,109,53932,4100,4100,37,4137,63
2021-06-10,Ventura,111,848112,81277,81172,3118,84290,1026
2021-06-10,Yolo,113,214977,14075,14107,350,14457,212
2021-06-10,Yuba,115,75493,6113,6112,133,6245,50
2021-06-09,Alameda,001,1643700,88700,88762,2072,90834,1271
2021-06-09,Alpine,003,1148,88,88,0,88,0
2021-06-09,Amador,005,37829,3723,3706,34,3740,46
2021-06-09,Butte,007,227075,12622,12555,1921,14476,194
2021-06-09,Calaveras,009,45235,2188,2184,15,2199,55
2021-06-09,Colusa,011,21464,1955,1962,324,2286,15
2021-06-09,Contra Costa,013,1133247,70212,69829,1368,71197,803
2021-06-09,Del Norte,015,27424,1414,1403,14,1417,8
2021-06-09,El Dorado,017,186661,10316,10312,776,11088,113
2021-06-09,Fresno,019,978130,102508,102690,9028,111718,1717
2021-06-09,Glenn,021,27897,2424,2424,580,3004,19
2021-06-09,Humboldt,023,135768,4384,4379,37,4416,42
2021-06-09,Imperial,025,180216,28575,28754,2914,31668,739
2021-06-09,Inyo,027,18085,1405,1405,4,1409,35
2021-06-09,Kern,029,883053,97273,96697,11432,108129,1328
2021-06-09,Kings,031,150075,23039,23061,1190,24251,245
2021-06-09,Lake,033,64148,3556,3541,9,3550,45
2021-06-09,Lassen,035,31185,5235,5200,119,5319,18
2021-06-09,Los Angeles,037,10098052,1205050,1203955,43946,1247901,24432
2021-06-09,Madera,039,155013,16643,16580,966,17546,240
2021-06-09,Marin,041,260295,14112,14114,273,14387,229
2021-06-09,Mariposa,043,17540,436,434,11,445,5
2021-06-09,Mendocino,045,87422,4084,4008,78,4086,47
2021-06-09,Merced,047,269075,31171,31225,1007,32232,461
2021-06-09,Modoc,049,8938,395,377,139,516,3
2021-06-09,Mono,051,14174,1252,1274,13,1287,3
2021-06-09,Monterey,053,433212,43136,43082,1937,45019,415
2021-06-09,Napa,055,140530,9971,9971,34,10005,80
2021-06-09,Nevada,057,99092,4879,4863,200,5063,72
2021-06-09,Orange,059,3164182,255367,254893,11824,266717,5080
2021-06-09,Placer,061,380077,23466,23237,1585,24822,293
2021-06-09,Plumas,063,18699,709,697,12,709,4
2021-06-09,Riverside,065,2383286,292186,289299,14693,303992,4450
2021-06-09,Sacramento,067,1510023,107079,106971,1857,108828,1657
2021-06-09,San Benito,069,59416,6075,6078,119,6197,63
2021-06-09,San Bernardino,071,2135413,293220,293222,9474,302696,4782
2021-06-09,San Diego,073,3302833,281465,280941,15085,296026,3765
2021-06-09,San Francisco,075,870044,36856,37143,1390,38533,552
2021-06-09,San Joaquin,077,732212,73452,73232,3776,77008,1392
2021-06-09,San Luis Obispo,079,281455,21309,21259,787,22046,256
2021-06-09,San Mateo,081,765935,42541,42502,491,42993,666
2021-06-09,Santa Barbara,083,443738,34583,34422,1244,35666,460
2021-06-09,Santa Clara,085,1922200,118554,119793,804,120597,2068
2021-06-09,Santa Cruz,087,273765,16197,16155,876,17031,208
2021-06-09,Shasta,089,179085,12472,12521,1665,14186,201
2021-06-09,Sierra,091,2930,55,55,14,69,0
2021-06-09,Siskiyou,093,43540,1939,1871,387,2258,25
2021-06-09,Solano,095,438530,33132,33137,566,33703,264
2021-06-09,Sonoma,097,501317,30451,30540,360,30900,323
2021-06-09,Stanislaus,099,539301,56619,56560,6222,62782,974
2021-06-09,Sutter,101,95872,9577,9586,94,9680,111
2021-06-09,Tehama,103,63373,5096,5093,611,5704,63
2021-06-09,Trinity,105,12862,411,331,78,409,3
2021-06-09,Tulare,107,460477,49780,49496,9579,59075,847
2021-06-09,Tuolumne,109,53932,4097,4100,37,4137,63
2021-06-09,Ventura,111,848112,81267,81154,3117,84271,1026
2021-06-09,Yolo,113,214977,14073,14102,349,14451,212
2021-06-09,Yuba,115,75493,6109,6109,133,6242,50
2021-06-08,Alameda,001,1643700,88652,88731,2072,90803,1267
2021-06-08,Alpine,003,1148,88,88,0,88,0
2021-06-08,Amador,005,37829,3722,3704,34,3738,46
2021-06-08,Butte,007,227075,12616,12540,1918,14458,194
2021-06-08,Calaveras,009,45235,2187,2181,15,2196,55
2021-06-08,Colusa,011,21464,1955,1961,324,2285,15
2021-06-08,Contra Costa,013,1133247,70164,69762,1367,71129,803
2021-06-08,Del Norte,015,27424,1412,1402,14,1416,8
2021-06-08,El Dorado,017,186661,10311,10306,774,11080,113
2021-06-08,Fresno,019,978130,102483,102680,9026,111706,1717
2021-06-08,Glenn,021,27897,2423,2423,580,3003,19
2021-06-08,Humboldt,023,135768,4379,4363,37,4400,42
2021-06-08,Imperial,025,180216,28566,28752,2914,31666,738
2021-06-08,Inyo,027,18085,1405,1405,4,1409,35
2021-06-08,Kern,029,883053,97254,96671,11425,108096,1325
2021-06-08,Kings,031,150075,23038,23036,1190,24226,245
2021-06-08,Lake,033,64148,3555,3540,9,3549,45
2021-06-08,Lassen,035,31185,5235,5200,119,5319,18
2021-06-08,Los Angeles,037,10098052,1204857,1203794,43934,1247728,24426
2021-06-08,Madera,039,155013,16637,16579,965,17544,240
2021-06-08,Marin,041,260295,14110,14111,272,14383,229
2021-06-08,Mariposa,043,17540,436,434,11,445,5
2021-06-08,Mendocino,045,87422,4077,4002,78,4080,47
2021-06-08,Merced,047,269075,31163,31225,1007,32232,461
2021-06-08,Modoc,049,8938,389,377,138,515,3
2021-06-08,Mono,051,14174,1252,1274,13,1287,3
2021-06-08,Monterey,053,433212,43130,43078,1936,45014,415
2021-06-08,Napa,055,140530,9967,9962,34,9996,80
2021-06-08,Nevada,057,99092,4874,4861,200,5061,72
2021-06-08,Orange,059,3164182,255327,254852,11817,266669,5078
2021-06-08,Placer,061,380077,23448,23209,1581,24790,293
2021-06-08,Plumas,063,18699,709,692,12,704,4
2021-06-08,Riverside,065,2383286,292151,289268,14684,303952,4452
2021-06-08,Sacramento,067,1510023,107017,106901,1854,108755,1654
2021-06-08,San Benito,069,59416,6073,6076,119,6195,63
2021-06-08,San Bernardino,071,2135413,293172,293186,9470,302656,4778
2021-06-08,San Diego,073,3302833,281403,280879,15076,295955,3764
2021-06-08,San Francisco,075,870044,36841,37134,1389,38523,552
2021-06-08,San Joaquin,077,732212,73408,73186,3771,76957,1390
2021-06-08,San Luis Obispo,079,281455,21303,21251,786,22037,255
2021-06-08,San Mateo,081,765935,42528,42488,491,42979,663
2021-06-08,Santa Barbara,083,443738,34579,34418,1244,35662,459
2021-06-08,Santa Clara,085,1922200,118535,119770,803,120573,2068
2021-06-08,Santa Cruz,087,273765,16194,16160,876,17036,208
2021-06-08,Shasta,089,179085,12457,12498,1665,14163,201
2021-06-08,Sierra,091,2930,55,55,14,69,0
2021-06-08,Siskiyou,093,43540,1937,1870,385,2255,21
2021-06-08,Solano,095,438530,33111,33130,566,33696,259
2021-06-08,Sonoma,097,501317,30424,30523,358,30881,323
2021-06-08,Stanislaus,099,539301,56592,56548,6220,62768,973
2021-06-08,Sutter,101,95872,9574,9581,94,9675,111
2021-06-08,Tehama,103,63373,5093,5093,611,5704,63
2021-06-08,Trinity,105,12862,411,330,77,407,3
2021-06-08,Tulare,107,460477,49769,49485,9573,59058,847
2021-06-08,Tuolumne,109,53932,4094,4099,37,4136,63
2021-06-08,Ventura,111,848112,81251,81142,3116,84258,1026
2021-06-08,Yolo,113,214977,14068,14099,348,14447,212
2021-06-08,Yuba,115,75493,6107,6103,133,6236,50
2021-06-07,Alameda,001,1643700,88594,88688,2072,90760,1267
2021-06-07,Alpine,003,1148,88,88,0,88,0
2021-06-07,Amador,005,37829,3712,3697,34,3731,46
2021-06-07,Butte,007,227075,12609,12533,1917,14450,194
2021-06-07,Calaveras,009,45235,2186,2181,15,2196,55
2021-06-07,Colusa,011,21464,1954,1960,324,2284,15
2021-06-07,Contra Costa,013,1133247,70107,69718,1366,71084,817
2021-06-07,Del Norte,015,27424,1412,1401,14,1415,8
2021-06-07,El Dorado,017,186661,10306,10305,774,11079,113
2021-06-07,Fresno,019,978130,102454,102659,9019,111678,1717
2021-06-07,Glenn,021,27897,2423,2423,580,3003,19
2021-06-07,Humboldt,023,135768,4371,4354,37,4391,42
2021-06-07,Imperial,025,180216,28564,28754,2914,31668,738
2021-06-07,Inyo,027,18085,1405,1404,4,1408,35
2021-06-07,Kern,029,883053,97238,96645,11418,108063,1324
2021-06-07,Kings,031,150075,23034,23023,1190,24213,244
2021-06-07,Lake,033,64148,3553,3540,9,3549,45
2021-06-07,Lassen,035,31185,5230,5198,119,5317,18
2021-06-07,Los Angeles,037,10098052,1204636,1203664,43919,1247583,24413
2021-06-07,Madera,039,155013,16630,16572,965,17537,240
2021-06-07,Marin,041,260295,14106,14108,271,14379,229
2021-06-07,Mariposa,043,17540,436,434,11,445,5
2021-06-07,Mendocino,045,87422,4071,3998,78,4076,47
2021-06-07,Merced,047,269075,31151,31212,1006,32218,459
2021-06-07,Modoc,049,8938,388,375,135,510,3
2021-06-07,Mono,051,14174,1252,1275,13,1288,3
2021-06-07,Monterey,053,433212,43123,43077,1936,45013,415
2021-06-07,Napa,055,140530,9959,9962,34,9996,80
2021-06-07,Nevada,057,99092,4872,4860,200,5060,72
2021-06-07,Orange,059,3164182,255287,254808,11810,266618,5073
2021-06-07,Placer,061,380077,23429,23176,1579,24755,293
2021-06-07,Plumas,063,18699,709,692,12,704,4
2021-06-07,Riverside,065,2383286,292108,289232,14681,303913,4451
2021-06-07,Sacramento,067,1510023,106941,106841,1850,108691,1655
2021-06-07,San Benito,069,59416,6072,6074,119,6193,63
2021-06-07,San Bernardino,071,2135413,293134,293129,9469,302598,4775
2021-06-07,San Diego,073,3302833,281321,280808,15063,295871,3764
2021-06-07,San Francisco,075,870044,36825,37122,1389,38511,552
2021-06-07,San Joaquin,077,732212,73363,73130,3764,76894,1388
2021-06-07,San Luis Obispo,079,281455,21290,21252,786,22038,255
2021-06-07,San Mateo,081,765935,42512,42479,491,42970,664
2021-06-07,Santa Barbara,083,443738,34573,34407,1244,35651,459
2021-06-07,Santa Clara,085,1922200,118508,119743,803,120546,2066
2021-06-07,Santa Cruz,087,273765,16192,16159,876,17035,208
2021-06-07,Shasta,089,179085,12443,12483,1660,14143,200
2021-06-07,Sierra,091,2930,55,55,14,69,0
2021-06-07,Siskiyou,093,43540,1937,1869,385,2254,21
2021-06-07,Solano,095,438530,33089,33124,565,33689,258
2021-06-07,Sonoma,097,501317,30388,30504,357,30861,323
2021-06-07,Stanislaus,099,539301,56559,56521,6217,62738,972
2021-06-07,Sutter,101,95872,9570,9571,94,9665,111
2021-06-07,Tehama,103,63373,5089,5092,611,5703,63
2021-06-07,Trinity,105,12862,411,329,77,406,3
2021-06-07,Tulare,107,460477,49763,49471,9573,59044,847
2021-06-07,Tuolumne,109,53932,4093,4098,37,4135,63
2021-06-07,Ventura,111,848112,81234,81137,3115,84252,1025
2021-06-07,Yolo,113,214977,14063,14097,347,14444,211
2021-06-07,Yuba,115,75493,6105,6099,130,6229,49
2021-06-06,Alameda,001,1643700,88555,88636,2071,90707,1267
2021-06-06,Alpine,003,1148,88,88,0,88,0
2021-06-06,Amador,005,37829,3709,3696,34,3730,46
2021-06-06,Butte,007,227075,12598,12527,1916,14443,194
2021-06-06,Calaveras,009,45235,2185,2181,15,2196,55
2021-06-06,Colusa,011,21464,1952,1959,324,2283,15
2021-06-06,Contra Costa,013,1133247,70042,69659,1364,71023,817
2021-06-06,Del Norte,015,27424,1407,1401,13,1414,8
2021-06-06,El Dorado,017,186661,10299,10294,774,11068,113
2021-06-06,Fresno,019,978130,102421,102642,9016,111658,1717
2021-06-06,Glenn,021,27897,2422,2423,580,3003,19
2021-06-06,Humboldt,023,135768,4360,4353,37,4390,42
2021-06-06,Imperial,025,180216,28558,28762,2914,31676,738
2021-06-06,Inyo,027,18085,1404,1404,4,1408,35
2021-06-06,Kern,029,883053,97220,96623,11411,108034,1324
2021-06-06,Kings,031,150075,23028,23021,1190,24211,244
2021-06-06,Lake,033,64148,3553,3535,9,3544,45
2021-06-06,Lassen,035,31185,5228,5191,119,5310,18
2021-06-06,Los Angeles,037,10098052,1204438,1203539,43906,1247445,24410
2021-06-06,Madera,039,155013,16624,16567,965,17532,240
2021-06-06,Marin,041,260295,14100,14106,270,14376,229
2021-06-06,Mariposa,043,17540,435,435,11,446,5
2021-06-06,Mendocino,045,87422,4067,3993,78,4071,47
2021-06-06,Merced,047,269075,31145,31215,1005,32220,459
2021-06-06,Modoc,049,8938,388,375,134,509,3
2021-06-06,Mono,051,14174,1252,1275,13,1288,3
2021-06-06,Monterey,053,433212,43118,43078,1936,45014,415
2021-06-06,Napa,055,140530,9953,9963,34,9997,80
2021-06-06,Nevada,057,99092,4865,4854,199,5053,72
2021-06-06,Orange,059,3164182,255253,254782,11805,266587,5073
2021-06-06,Placer,061,380077,23404,23156,1576,24732,293
2021-06-06,Plumas,063,18699,709,692,12,704,4
2021-06-06,Riverside,065,2383286,292074,289201,14675,303876,4451
2021-06-06,Sacramento,067,1510023,106855,106749,1849,108598,1655
2021-06-06,San Benito,069,59416,6066,6074,119,6193,63
2021-06-06,San Bernardino,071,2135413,293082,293117,9460,302577,4773
2021-06-06,San Diego,073,3302833,281241,280743,15046,295789,3764
2021-06-06,San Francisco,075,870044,36813,37118,1388,38506,552
2021-06-06,San Joaquin,077,732212,73331,73105,3760,76865,1388
2021-06-06,San Luis Obispo,079,281455,21287,21246,786,22032,255
2021-06-06,San Mateo,081,765935,42495,42457,491,42948,664
2021-06-06,Santa Barbara,083,443738,34569,34403,1243,35646,459
2021-06-06,Santa Clara,085,1922200,118486,119711,803,120514,2066
2021-06-06,Santa Cruz,087,273765,16191,16158,876,17034,208
2021-06-06,Shasta,089,179085,12428,12478,1656,14134,200
2021-06-06,Sierra,091,2930,55,55,14,69,0
2021-06-06,Siskiyou,093,43540,1934,1869,385,2254,21
2021-06-06,Solano,095,438530,33062,33093,565,33658,258
2021-06-06,Sonoma,097,501317,30357,30478,356,30834,323
2021-06-06,Stanislaus,099,539301,56517,56486,6214,62700,972
2021-06-06,Sutter,101,95872,9563,9567,94,9661,111
2021-06-06,Tehama,103,63373,5085,5092,610,5702,63
2021-06-06,Trinity,105,12862,411,328,77,405,3
2021-06-06,Tulare,107,460477,49756,49466,9567,59033,847
2021-06-06,Tuolumne,109,53932,4091,4097,37,4134,63
2021-06-06,Ventura,111,848112,81223,81130,3112,84242,1025
2021-06-06,Yolo,113,214977,14055,14089,346,14435,210
2021-06-06,Yuba,115,75493,6097,6096,130,6226,49
2021-06-05,Alameda,001,1643700,88524,88612,2070,90682,1268
2021-06-05,Alpine,003,1148,88,88,0,88,0
2021-06-05,Amador,005,37829,3709,3694,34,3728,46
2021-06-05,Butte,007,227075,12592,12514,1915,14429,194
2021-06-05,Calaveras,009,45235,2185,2181,15,2196,55
2021-06-05,Colusa,011,21464,1952,1959,324,2283,15
2021-06-05,Contra Costa,013,1133247,70013,69601,1364,70965,817
2021-06-05,Del Norte,015,27424,1407,1400,13,1413,8
2021-06-05,El Dorado,017,186661,10297,10288,773,11061,113
2021-06-05,Fresno,019,978130,102412,102626,9016,111642,1717
2021-06-05,Glenn,021,27897,2421,2423,580,3003,19
2021-06-05,Humboldt,023,135768,4355,4346,37,4383,42
2021-06-05,Imperial,025,180216,28555,28764,2914,31678,738
2021-06-05,Inyo,027,18085,1404,1405,4,1409,35
2021-06-05,Kern,029,883053,97208,96597,11406,108003,1324
2021-06-05,Kings,031,150075,23025,23017,1190,24207,244
2021-06-05,Lake,033,64148,3550,3534,9,3543,45
2021-06-05,Lassen,035,31185,5227,5191,119,5310,18
2021-06-05,Los Angeles,037,10098052,1204312,1203338,43896,1247234,24411
2021-06-05,Madera,039,155013,16620,16563,965,17528,240
2021-06-05,Marin,041,260295,14098,14101,270,14371,229
2021-06-05,Mariposa,043,17540,435,435,11,446,5
2021-06-05,Mendocino,045,87422,4064,3989,78,4067,47
2021-06-05,Merced,047,269075,31143,31212,1004,32216,459
2021-06-05,Modoc,049,8938,388,375,133,508,3
2021-06-05,Mono,051,14174,1252,1274,13,1287,3
2021-06-05,Monterey,053,433212,43114,43071,1935,45006,415
2021-06-05,Napa,055,140530,9948,9960,34,9994,80
2021-06-05,Nevada,057,99092,4863,4849,199,5048,72
2021-06-05,Orange,059,3164182,255229,254752,11802,266554,5069
2021-06-05,Placer,061,380077,23389,23133,1575,24708,293
2021-06-05,Plumas,063,18699,709,692,12,704,4
2021-06-05,Riverside,065,2383286,292039,289157,14671,303828,4451
2021-06-05,Sacramento,067,1510023,106803,106688,1846,108534,1655
2021-06-05,San Benito,069,59416,6064,6074,119,6193,63
2021-06-05,San Bernardino,071,2135413,293049,293081,9458,302539,4772
2021-06-05,San Diego,073,3302833,281200,280676,15033,295709,3764
2021-06-05,San Francisco,075,870044,36804,37111,1388,38499,552
2021-06-05,San Joaquin,077,732212,73315,73078,3753,76831,1388
2021-06-05,San Luis Obispo,079,281455,21284,21236,786,22022,255
2021-06-05,San Mateo,081,765935,42485,42433,491,42924,664
2021-06-05,Santa Barbara,083,443738,34566,34399,1242,35641,459
2021-06-05,Santa Clara,085,1922200,118464,119676,801,120477,2066
2021-06-05,Santa Cruz,087,273765,16191,16154,876,17030,208
2021-06-05,Shasta,089,179085,12419,12472,1655,14127,200
2021-06-05,Sierra,091,2930,55,55,14,69,0
2021-06-05,Siskiyou,093,43540,1934,1867,385,2252,21
2021-06-05,Solano,095,438530,33047,33074,565,33639,257
2021-06-05,Sonoma,097,501317,30330,30450,354,30804,323
2021-06-05,Stanislaus,099,539301,56496,56463,6212,62675,973
2021-06-05,Sutter,101,95872,9560,9559,94,9653,111
2021-06-05,Tehama,103,63373,5084,5092,609,5701,63
2021-06-05,Trinity,105,12862,411,328,77,405,3
2021-06-05,Tulare,107,460477,49750,49463,9567,59030,847
2021-06-05,Tuolumne,109,53932,4089,4098,37,4135,63
2021-06-05,Ventura,111,848112,81214,81119,3110,84229,1025
2021-06-05,Yolo,113,214977,14053,14088,346,14434,210
2021-06-05,Yuba,115,75493,6096,6087,130,6217,49
2021-06-04,Alameda,001,1643700,88497,88585,2068,90653,1263
2021-06-04,Alpine,003,1148,88,88,0,88,0
2021-06-04,Amador,005,37829,3709,3690,34,3724,46
2021-06-04,Butte,007,227075,12581,12494,1912,14406,193
2021-06-04,Calaveras,009,45235,2185,2179,15,2194,55
2021-06-04,Colusa,011,21464,1952,1959,324,2283,15
2021-06-04,Contra Costa,013,1133247,69978,69540,1361,70901,816
2021-06-04,Del Norte,015,27424,1407,1398,13,1411,8
2021-06-04,El Dorado,017,186661,10293,10284,771,11055,112
2021-06-04,Fresno,019,978130,102396,102601,9016,111617,1712
2021-06-04,Glenn,021,27897,2421,2423,579,3002,19
2021-06-04,Humboldt,023,135768,4350,4327,37,4364,42
2021-06-04,Imperial,025,180216,28551,28753,2914,31667,738
2021-06-04,Inyo,027,18085,1404,1404,4,1408,35
2021-06-04,Kern,029,883053,97190,96573,11404,107977,1327
2021-06-04,Kings,031,150075,23024,23002,1190,24192,244
2021-06-04,Lake,033,64148,3548,3528,9,3537,45
2021-06-04,Lassen,035,31185,5227,5180,119,5299,18
2021-06-04,Los Angeles,037,10098052,1204191,1203106,43886,1246992,24400
2021-06-04,Madera,039,155013,16618,16557,965,17522,240
2021-06-04,Marin,041,260295,14097,14099,269,14368,229
2021-06-04,Mariposa,043,17540,435,435,11,446,5
2021-06-04,Mendocino,045,87422,4055,3983,78,4061,47
2021-06-04,Merced,047,269075,31138,31204,1003,32207,459
2021-06-04,Modoc,049,8938,386,375,133,508,3
2021-06-04,Mono,051,14174,1252,1275,13,1288,3
2021-06-04,Monterey,053,433212,43110,43068,1935,45003,415
2021-06-04,Napa,055,140530,9944,9958,34,9992,80
2021-06-04,Nevada,057,99092,4859,4844,199,5043,72
2021-06-04,Orange,059,3164182,255193,254730,11799,266529,5059
2021-06-04,Placer,061,380077,23373,23110,1574,24684,293
2021-06-04,Plumas,063,18699,709,691,12,703,4
2021-06-04,Riverside,065,2383286,292013,289098,14667,303765,4452
2021-06-04,Sacramento,067,1510023,106750,106616,1844,108460,1654
2021-06-04,San Benito,069,59416,6062,6073,119,6192,63
2021-06-04,San Bernardino,071,2135413,293026,293056,9456,302512,4768
2021-06-04,San Diego,073,3302833,281158,280556,15026,295582,3763
2021-06-04,San Francisco,075,870044,36799,37079,1387,38466,551
2021-06-04,San Joaquin,077,732212,73296,73039,3751,76790,1388
2021-06-04,San Luis Obispo,079,281455,21281,21234,785,22019,255
2021-06-04,San Mateo,081,765935,42473,42413,491,42904,478
2021-06-04,Santa Barbara,083,443738,34560,34402,1241,35643,459
2021-06-04,Santa Clara,085,1922200,118435,119619,801,120420,2065
2021-06-04,Santa Cruz,087,273765,16189,16150,876,17026,207
2021-06-04,Shasta,089,179085,12413,12458,1650,14108,200
2021-06-04,Sierra,091,2930,55,55,14,69,0
2021-06-04,Siskiyou,093,43540,1933,1865,385,2250,21
2021-06-04,Solano,095,438530,33036,33058,565,33623,256
2021-06-04,Sonoma,097,501317,30309,30411,354,30765,323
2021-06-04,Stanislaus,099,539301,56473,56442,6209,62651,973
2021-06-04,Sutter,101,95872,9555,9554,94,9648,111
2021-06-04,Tehama,103,63373,5079,5090,609,5699,63
2021-06-04,Trinity,105,12862,411,328,77,405,3
2021-06-04,Tulare,107,460477,49741,49452,9565,59017,847
2021-06-04,Tuolumne,109,53932,4088,4095,37,4132,63
2021-06-04,Ventura,111,848112,81207,81104,3108,84212,1023
2021-06-04,Yolo,113,214977,14051,14083,346,14429,210
2021-06-04,Yuba,115,75493,6093,6084,130,6214,49
2021-06-03,Alameda,001,1643700,88459,88555,2065,90620,1257
2021-06-03,Alpine,003,1148,88,88,0,88,0
2021-06-03,Amador,005,37829,3701,3688,34,3722,46
2021-06-03,Butte,007,227075,12577,12478,1911,14389,193
2021-06-03,Calaveras,009,45235,2185,2179,15,2194,55
2021-06-03,Colusa,011,21464,1952,1957,324,2281,15
2021-06-03,Contra Costa,013,1133247,69924,69500,1356,70856,816
2021-06-03,Del Norte,015,27424,1405,1397,13,1410,8
2021-06-03,El Dorado,017,186661,10287,10284,768,11052,112
2021-06-03,Fresno,019,978130,102380,102566,9016,111582,1709
2021-06-03,Glenn,021,27897,2421,2421,579,3000,19
2021-06-03,Humboldt,023,135768,4342,4314,37,4351,42
2021-06-03,Imperial,025,180216,28539,28737,2914,31651,738
2021-06-03,Inyo,027,18085,1404,1404,4,1408,35
2021-06-03,Kern,029,883053,97163,96507,11390,107897,1326
2021-06-03,Kings,031,150075,23020,22982,1190,24172,244
2021-06-03,Lake,033,64148,3546,3526,9,3535,45
2021-06-03,Lassen,035,31185,5218,5177,119,5296,12
2021-06-03,Los Angeles,037,10098052,1204017,1202923,43878,1246801,24386
2021-06-03,Madera,039,155013,16611,16554,965,17519,240
2021-06-03,Marin,041,260295,14092,14095,269,14364,230
2021-06-03,Mariposa,043,17540,435,435,11,446,5
2021-06-03,Mendocino,045,87422,4048,3978,78,4056,47
2021-06-03,Merced,047,269075,31135,31199,1003,32202,459
2021-06-03,Modoc,049,8938,385,376,132,508,3
2021-06-03,Mono,051,14174,1252,1275,13,1288,3
2021-06-03,Monterey,053,433212,43107,43063,1935,44998,415
2021-06-03,Napa,055,140530,9937,9957,34,9991,81
2021-06-03,Nevada,057,99092,4855,4837,199,5036,72
2021-06-03,Orange,059,3164182,255165,254676,11789,266465,5056
2021-06-03,Placer,061,380077,23364,23100,1573,24673,293
2021-06-03,Plumas,063,18699,709,691,12,703,4
2021-06-03,Riverside,065,2383286,291959,289035,14663,303698,4447
2021-06-03,Sacramento,067,1510023,106672,106526,1842,108368,1654
2021-06-03,San Benito,069,59416,6062,6073,119,6192,63
2021-06-03,San Bernardino,071,2135413,292996,293021,9455,302476,4762
2021-06-03,San Diego,073,3302833,281095,280430,15016,295446,3761
2021-06-03,San Francisco,075,870044,36793,37072,1387,38459,551
2021-06-03,San Joaquin,077,732212,73268,72989,3747,76736,1388
2021-06-03,San Luis Obispo,079,281455,21276,21224,785,22009,255
2021-06-03,San Mateo,081,765935,42460,42396,491,42887,467
2021-06-03,Santa Barbara,083,443738,34557,34391,1241,35632,459
2021-06-03,Santa Clara,085,1922200,118413,119592,799,120391,2058
2021-06-03,Santa Cruz,087,273765,16187,16144,876,17020,207
2021-06-03,Shasta,089,179085,12398,12441,1647,14088,199
2021-06-03,Sierra,091,2930,55,55,14,69,0
2021-06-03,Siskiyou,093,43540,1933,1862,384,2246,21
2021-06-03,Solano,095,438530,33022,33019,565,33584,256
2021-06-03,Sonoma,097,501317,30287,30383,353,30736,322
2021-06-03,Stanislaus,099,539301,56442,56401,6202,62603,973
2021-06-03,Sutter,101,95872,9546,9539,94,9633,111
2021-06-03,Tehama,103,63373,5079,5087,609,5696,63
2021-06-03,Trinity,105,12862,411,328,77,405,3
2021-06-03,Tulare,107,460477,49738,49442,9561,59003,848
2021-06-03,Tuolumne,109,53932,4086,4095,37,4132,63
2021-06-03,Ventura,111,848112,81195,81078,3106,84184,1023
2021-06-03,Yolo,113,214977,14047,14078,343,14421,210
2021-06-03,Yuba,115,75493,6086,6077,130,6207,49
2021-06-02,Alameda,001,1643700,88414,88525,2063,90588,1254
2021-06-02,Alpine,003,1148,88,88,0,88,0
2021-06-02,Amador,005,37829,3699,3687,34,3721,46
2021-06-02,Butte,007,227075,12557,12432,1908,14340,193
2021-06-02,Calaveras,009,45235,2183,2174,14,2188,55
2021-06-02,Colusa,011,21464,1951,1957,324,2281,15
2021-06-02,Contra Costa,013,1133247,69873,69455,1354,70809,814
2021-06-02,Del Norte,015,27424,1403,1395,13,1408,8
2021-06-02,El Dorado,017,186661,10283,10275,768,11043,110
2021-06-02,Fresno,019,978130,102356,102547,9013,111560,1707
2021-06-02,Glenn,021,27897,2421,2421,579,3000,19
2021-06-02,Humboldt,023,135768,4327,4302,37,4339,42
2021-06-02,Imperial,025,180216,28534,28737,2912,31649,738
2021-06-02,Inyo,027,18085,1403,1403,4,1407,35
2021-06-02,Kern,029,883053,97136,96481,11381,107862,1326
2021-06-02,Kings,031,150075,23018,22981,1190,24171,244
2021-06-02,Lake,033,64148,3541,3522,9,3531,45
2021-06-02,Lassen,035,31185,5217,5177,119,5296,6
2021-06-02,Los Angeles,037,10098052,1203815,1202760,43869,1246629,24375
2021-06-02,Madera,039,155013,16603,16550,965,17515,240
2021-06-02,Marin,041,260295,14090,14091,269,14360,229
2021-06-02,Mariposa,043,17540,435,434,11,445,5
2021-06-02,Mendocino,045,87422,4042,3970,78,4048,47
2021-06-02,Merced,047,269075,31122,31195,1002,32197,458
2021-06-02,Modoc,049,8938,384,375,131,506,3
2021-06-02,Mono,051,14174,1252,1275,13,1288,3
2021-06-02,Monterey,053,433212,43105,43056,1935,44991,380
2021-06-02,Napa,055,140530,9936,9953,34,9987,82
2021-06-02,Nevada,057,99092,4852,4833,199,5032,72
2021-06-02,Orange,059,3164182,255120,254637,11784,266421,5055
2021-06-02,Placer,061,380077,23343,23058,1571,24629,293
2021-06-02,Plumas,063,18699,709,690,12,702,4
2021-06-02,Riverside,065,2383286,291904,289012,14653,303665,4445
2021-06-02,Sacramento,067,1510023,106608,106435,1835,108270,1649
2021-06-02,San Benito,069,59416,6061,6073,119,6192,63
2021-06-02,San Bernardino,071,2135413,292948,293004,9450,302454,4760
2021-06-02,San Diego,073,3302833,281015,280347,14995,295342,3760
2021-06-02,San Francisco,075,870044,36773,37050,1386,38436,550
2021-06-02,San Joaquin,077,732212,73237,72893,3744,76637,1387
2021-06-02,San Luis Obispo,079,281455,21269,21214,784,21998,255
2021-06-02,San Mateo,081,765935,42450,42383,490,42873,464
2021-06-02,Santa Barbara,083,443738,34551,34381,1241,35622,456
2021-06-02,Santa Clara,085,1922200,118385,119553,798,120351,2058
2021-06-02,Santa Cruz,087,273765,16184,16144,876,17020,207
2021-06-02,Shasta,089,179085,12380,12426,1642,14068,199
2021-06-02,Sierra,091,2930,55,55,14,69,0
2021-06-02,Siskiyou,093,43540,1933,1861,382,2243,21
2021-06-02,Solano,095,438530,33010,33007,564,33571,256
2021-06-02,Sonoma,097,501317,30268,30359,348,30707,322
2021-06-02,Stanislaus,099,539301,56413,56377,6197,62574,973
2021-06-02,Sutter,101,95872,9543,9533,94,9627,111
2021-06-02,Tehama,103,63373,5076,5081,609,5690,63
2021-06-02,Trinity,105,12862,409,328,77,405,3
2021-06-02,Tulare,107,460477,49730,49434,9557,58991,846
2021-06-02,Tuolumne,109,53932,4086,4095,37,4132,63
2021-06-02,Ventura,111,848112,81170,81033,3106,84139,1020
2021-06-02,Yolo,113,214977,14044,14074,342,14416,210
2021-06-02,Yuba,115,75493,6080,6072,130,6202,48
2021-06-01,Alameda,001,1643700,88381,88472,2061,90533,1253
2021-06-01,Alpine,003,1148,88,88,0,88,0
2021-06-01,Amador,005,37829,3697,3687,34,3721,46
2021-06-01,Butte,007,227075,12543,12427,1907,14334,193
2021-06-01,Calaveras,009,45235,2181,2173,14,2187,55
2021-06-01,Colusa,011,21464,1950,1955,323,2278,15
2021-06-01,Contra Costa,013,1133247,69816,69404,1354,70758,813
2021-06-01,Del Norte,015,27424,1402,1394,13,1407,8
2021-06-01,El Dorado,017,186661,10277,10271,768,11039,110
2021-06-01,Fresno,019,978130,102333,102534,9010,111544,1706
2021-06-01,Glenn,021,27897,2421,2422,579,3001,18
2021-06-01,Humboldt,023,135768,4317,4299,37,4336,42
2021-06-01,Imperial,025,180216,28530,28722,2911,31633,736
2021-06-01,Inyo,027,18085,1403,1403,4,1407,35
2021-06-01,Kern,029,883053,97109,96477,11373,107850,1319
2021-06-01,Kings,031,150075,23014,22977,1190,24167,244
2021-06-01,Lake,033,64148,3540,3523,9,3532,45
2021-06-01,Lassen,035,31185,5210,5172,119,5291,6
2021-06-01,Los Angeles,037,10098052,1203582,1202673,43856,1246529,24367
2021-06-01,Madera,039,155013,16594,16549,964,17513,240
2021-06-01,Marin,041,260295,14088,14081,269,14350,229
2021-06-01,Mariposa,043,17540,435,431,11,442,5
2021-06-01,Mendocino,045,87422,4035,3966,78,4044,47
2021-06-01,Merced,047,269075,31112,31195,1002,32197,456
2021-06-01,Modoc,049,8938,382,375,131,506,3
2021-06-01,Mono,051,14174,1252,1275,13,1288,3
2021-06-01,Monterey,053,433212,43099,43051,1935,44986,379
2021-06-01,Napa,055,140530,9934,9949,34,9983,82
2021-06-01,Nevada,057,99092,4847,4825,199,5024,72
2021-06-01,Orange,059,3164182,255085,254603,11776,266379,5051
2021-06-01,Placer,061,380077,23313,23021,1569,24590,293
2021-06-01,Plumas,063,18699,708,690,12,702,4
2021-06-01,Riverside,065,2383286,291853,288996,14647,303643,4442
2021-06-01,Sacramento,067,1510023,106536,106330,1833,108163,1644
2021-06-01,San Benito,069,59416,6060,6073,118,6191,63
2021-06-01,San Bernardino,071,2135413,292924,292990,9449,302439,4758
2021-06-01,San Diego,073,3302833,280911,280305,14979,295284,3756
2021-06-01,San Francisco,075,870044,36757,37031,1386,38417,550
2021-06-01,San Joaquin,077,732212,73205,72858,3742,76600,1383
2021-06-01,San Luis Obispo,079,281455,21264,21217,784,22001,256
2021-06-01,San Mateo,081,765935,42433,42383,489,42872,462
2021-06-01,Santa Barbara,083,443738,34547,34374,1241,35615,456
2021-06-01,Santa Clara,085,1922200,118357,119528,798,120326,2057
2021-06-01,Santa Cruz,087,273765,16180,16143,875,17018,207
2021-06-01,Shasta,089,179085,12371,12409,1637,14046,199
2021-06-01,Sierra,091,2930,55,55,14,69,0
2021-06-01,Siskiyou,093,43540,1926,1860,381,2241,21
2021-06-01,Solano,095,438530,32985,32974,563,33537,256
2021-06-01,Sonoma,097,501317,30229,30324,347,30671,322
2021-06-01,Stanislaus,099,539301,56388,56348,6195,62543,973
2021-06-01,Sutter,101,95872,9536,9528,94,9622,111
2021-06-01,Tehama,103,63373,5074,5079,609,5688,63
2021-06-01,Trinity,105,12862,408,328,76,404,3
2021-06-01,Tulare,107,460477,49722,49419,9553,58972,845
2021-06-01,Tuolumne,109,53932,4086,4094,37,4131,63
2021-06-01,Ventura,111,848112,81154,81018,3105,84123,1021
2021-06-01,Yolo,113,214977,14039,14067,341,14408,210
2021-06-01,Yuba,115,75493,6076,6067,130,6197,48
2021-05-31,Alameda,001,1643700,88344,88458,2057,90515,1253
2021-05-31,Alpine,003,1148,88,88,0,88,0
2021-05-31,Amador,005,37829,3691,3687,34,3721,46
2021-05-31,Butte,007,227075,12530,12429,1907,14336,193
2021-05-31,Calaveras,009,45235,2180,2171,14,2185,55
2021-05-31,Colusa,011,21464,1950,1956,322,2278,15
2021-05-31,Contra Costa,013,1133247,69779,69390,1352,70742,813
2021-05-31,Del Norte,015,27424,1399,1394,13,1407,8
2021-05-31,El Dorado,017,186661,10271,10271,766,11037,110
2021-05-31,Fresno,019,978130,102297,102507,9009,111516,1706
2021-05-31,Glenn,021,27897,2420,2422,578,3000,18
2021-05-31,Humboldt,023,135768,4305,4295,37,4332,42
2021-05-31,Imperial,025,180216,28524,28732,2908,31640,736
2021-05-31,Inyo,027,18085,1402,1403,4,1407,35
2021-05-31,Kern,029,883053,97073,96457,11364,107821,1319
2021-05-31,Kings,031,150075,23010,22977,1190,24167,244
2021-05-31,Lake,033,64148,3535,3523,9,3532,45
2021-05-31,Lassen,035,31185,5208,5172,118,5290,6
2021-05-31,Los Angeles,037,10098052,1203341,1202567,43848,1246415,24364
2021-05-31,Madera,039,155013,16593,16543,963,17506,240
2021-05-31,Marin,041,260295,14086,14080,268,14348,229
2021-05-31,Mariposa,043,17540,435,430,11,441,5
2021-05-31,Mendocino,045,87422,4025,3961,78,4039,47
2021-05-31,Merced,047,269075,31107,31194,1002,32196,456
2021-05-31,Modoc,049,8938,381,374,131,505,3
2021-05-31,Mono,051,14174,1252,1275,13,1288,3
2021-05-31,Monterey,053,433212,43095,43051,1935,44986,379
2021-05-31,Napa,055,140530,9927,9948,34,9982,82
2021-05-31,Nevada,057,99092,4837,4823,198,5021,72
2021-05-31,Orange,059,3164182,255058,254572,11769,266341,5051
2021-05-31,Placer,061,380077,23287,23019,1564,24583,293
2021-05-31,Plumas,063,18699,707,690,12,702,4
2021-05-31,Riverside,065,2383286,291796,288970,14635,303605,4442
2021-05-31,Sacramento,067,1510023,106440,106278,1827,108105,1644
2021-05-31,San Benito,069,59416,6060,6072,118,6190,63
2021-05-31,San Bernardino,071,2135413,292876,292973,9448,302421,4758
2021-05-31,San Diego,073,3302833,280807,280254,14967,295221,3756
2021-05-31,San Francisco,075,870044,36742,37022,1385,38407,550
2021-05-31,San Joaquin,077,732212,73158,72856,3735,76591,1383
2021-05-31,San Luis Obispo,079,281455,21256,21215,784,21999,256
2021-05-31,San Mateo,081,765935,42417,42389,489,42878,442
2021-05-31,Santa Barbara,083,443738,34534,34369,1239,35608,456
2021-05-31,Santa Clara,085,1922200,118313,119515,798,120313,2057
2021-05-31,Santa Cruz,087,273765,16177,16139,875,17014,207
2021-05-31,Shasta,089,179085,12355,12408,1634,14042,199
2021-05-31,Sierra,091,2930,55,55,14,69,0
2021-05-31,Siskiyou,093,43540,1925,1856,380,2236,21
2021-05-31,Solano,095,438530,32934,32973,563,33536,256
2021-05-31,Sonoma,097,501317,30186,30314,347,30661,322
2021-05-31,Stanislaus,099,539301,56338,56335,6192,62527,973
2021-05-31,Sutter,101,95872,9517,9523,94,9617,111
2021-05-31,Tehama,103,63373,5072,5076,608,5684,63
2021-05-31,Trinity,105,12862,408,328,76,404,3
2021-05-31,Tulare,107,460477,49711,49404,9548,58952,845
2021-05-31,Tuolumne,109,53932,4084,4095,37,4132,63
2021-05-31,Ventura,111,848112,81139,81017,3102,84119,1021
2021-05-31,Yolo,113,214977,14035,14064,341,14405,210
2021-05-31,Yuba,115,75493,6070,6063,127,6190,48
2021-05-30,Alameda,001,1643700,88319,88429,2057,90486,1253
2021-05-30,Alpine,003,1148,88,88,0,88,0
2021-05-30,Amador,005,37829,3687,3685,34,3719,46
2021-05-30,Butte,007,227075,12520,12427,1905,14332,190
2021-05-30,Calaveras,009,45235,2176,2166,14,2180,55
2021-05-30,Colusa,011,21464,1950,1954,322,2276,15
2021-05-30,Contra Costa,013,1133247,69745,69381,1350,70731,813
2021-05-30,Del Norte,015,27424,1398,1393,13,1406,8
2021-05-30,El Dorado,017,186661,10268,10271,766,11037,110
2021-05-30,Fresno,019,978130,102280,102499,9005,111504,1706
2021-05-30,Glenn,021,27897,2420,2422,577,2999,18
2021-05-30,Humboldt,023,135768,4296,4291,37,4328,42
2021-05-30,Imperial,025,180216,28519,28732,2907,31639,736
2021-05-30,Inyo,027,18085,1402,1403,4,1407,35
2021-05-30,Kern,029,883053,97057,96443,11361,107804,1319
2021-05-30,Kings,031,150075,23009,22974,1189,24163,244
2021-05-30,Lake,033,64148,3535,3517,9,3526,45
2021-05-30,Lassen,035,31185,5206,5171,118,5289,6
2021-05-30,Los Angeles,037,10098052,1203237,1202425,43841,1246266,24360
2021-05-30,Madera,039,155013,16589,16538,963,17501,240
2021-05-30,Marin,041,260295,14082,14083,267,14350,229
2021-05-30,Mariposa,043,17540,435,430,11,441,5
2021-05-30,Mendocino,045,87422,4018,3955,78,4033,47
2021-05-30,Merced,047,269075,31103,31189,1001,32190,456
2021-05-30,Modoc,049,8938,381,374,131,505,3
2021-05-30,Mono,051,14174,1252,1275,13,1288,3
2021-05-30,Monterey,053,433212,43092,43049,1935,44984,379
2021-05-30,Napa,055,140530,9926,9948,34,9982,82
2021-05-30,Nevada,057,99092,4831,4818,198,5016,72
2021-05-30,Orange,059,3164182,255034,254559,11768,266327,5051
2021-05-30,Placer,061,380077,23281,23016,1564,24580,293
2021-05-30,Plumas,063,18699,705,690,12,702,4
2021-05-30,Riverside,065,2383286,291775,288961,14633,303594,4442
2021-05-30,Sacramento,067,1510023,106395,106252,1825,108077,1644
2021-05-30,San Benito,069,59416,6060,6072,118,6190,63
2021-05-30,San Bernardino,071,2135413,292850,292981,9447,302428,4758
2021-05-30,San Diego,073,3302833,280751,280209,14962,295171,3756
2021-05-30,San Francisco,075,870044,36724,37016,1384,38400,550
2021-05-30,San Joaquin,077,732212,73141,72853,3734,76587,1383
2021-05-30,San Luis Obispo,079,281455,21247,21211,783,21994,256
2021-05-30,San Mateo,081,765935,42409,42386,489,42875,439
2021-05-30,Santa Barbara,083,443738,34530,34369,1238,35607,456
2021-05-30,Santa Clara,085,1922200,118291,119510,794,120304,2057
2021-05-30,Santa Cruz,087,273765,16175,16140,875,17015,207
2021-05-30,Shasta,089,179085,12353,12408,1631,14039,199
2021-05-30,Sierra,091,2930,55,55,14,69,0
2021-05-30,Siskiyou,093,43540,1925,1856,380,2236,21
2021-05-30,Solano,095,438530,32923,32952,562,33514,256
2021-05-30,Sonoma,097,501317,30170,30310,345,30655,322
2021-05-30,Stanislaus,099,539301,56319,56323,6191,62514,973
2021-05-30,Sutter,101,95872,9516,9519,93,9612,111
2021-05-30,Tehama,103,63373,5072,5073,608,5681,63
2021-05-30,Trinity,105,12862,408,328,76,404,3
2021-05-30,Tulare,107,460477,49704,49397,9539,58936,845
2021-05-30,Tuolumne,109,53932,4084,4094,37,4131,63
2021-05-30,Ventura,111,848112,81136,81012,3100,84112,1021
2021-05-30,Yolo,113,214977,14030,14059,340,14399,210
2021-05-30,Yuba,115,75493,6063,6063,126,6189,48
2021-05-29,Alameda,001,1643700,88296,88433,2055,90488,1253
2021-05-29,Alpine,003,1148,88,88,0,88,0
2021-05-29,Amador,005,37829,3686,3683,34,3717,46
2021-05-29,Butte,007,227075,12514,12425,1905,14330,190
2021-05-29,Calaveras,009,45235,2175,2166,14,2180,55
2021-05-29,Colusa,011,21464,1947,1954,322,2276,15
2021-05-29,Contra Costa,013,1133247,69712,69351,1350,70701,813
2021-05-29,Del Norte,015,27424,1398,1391,13,1404,8
2021-05-29,El Dorado,017,186661,10267,10269,764,11033,110
2021-05-29,Fresno,019,978130,102268,102470,9002,111472,1706
2021-05-29,Glenn,021,27897,2420,2422,576,2998,18
2021-05-29,Humboldt,023,135768,4290,4283,37,4320,42
2021-05-29,Imperial,025,180216,28516,28729,2906,31635,736
2021-05-29,Inyo,027,18085,1402,1404,4,1408,35
2021-05-29,Kern,029,883053,97047,96424,11347,107771,1319
2021-05-29,Kings,031,150075,23008,22970,1188,24158,244
2021-05-29,Lake,033,64148,3535,3515,9,3524,45
2021-05-29,Lassen,035,31185,5206,5171,118,5289,6
2021-05-29,Los Angeles,037,10098052,1203114,1202264,43838,1246102,24359
2021-05-29,Madera,039,155013,16587,16535,963,17498,240
2021-05-29,Marin,041,260295,14078,14071,266,14337,229
2021-05-29,Mariposa,043,17540,434,428,11,439,5
2021-05-29,Mendocino,045,87422,4012,3952,78,4030,47
2021-05-29,Merced,047,269075,31091,31187,1001,32188,456
2021-05-29,Modoc,049,8938,381,374,131,505,3
2021-05-29,Mono,051,14174,1252,1275,13,1288,3
2021-05-29,Monterey,053,433212,43090,43042,1935,44977,379
2021-05-29,Napa,055,140530,9923,9948,34,9982,82
2021-05-29,Nevada,057,99092,4830,4816,198,5014,72
2021-05-29,Orange,059,3164182,255012,254537,11758,266295,5049
2021-05-29,Placer,061,380077,23266,23009,1563,24572,293
2021-05-29,Plumas,063,18699,705,689,12,701,4
2021-05-29,Riverside,065,2383286,291755,288908,14632,303540,4442
2021-05-29,Sacramento,067,1510023,106365,106218,1824,108042,1643
2021-05-29,San Benito,069,59416,6059,6072,118,6190,63
2021-05-29,San Bernardino,071,2135413,292818,292961,9446,302407,4757
2021-05-29,San Diego,073,3302833,280692,280151,14957,295108,3756
2021-05-29,San Francisco,075,870044,36715,37008,1384,38392,550
2021-05-29,San Joaquin,077,732212,73125,72827,3732,76559,1383
2021-05-29,San Luis Obispo,079,281455,21245,21201,783,21984,256
2021-05-29,San Mateo,081,765935,42402,42375,488,42863,439
2021-05-29,Santa Barbara,083,443738,34526,34367,1238,35605,456
2021-05-29,Santa Clara,085,1922200,118267,119498,793,120291,2056
2021-05-29,Santa Cruz,087,273765,16174,16137,875,17012,207
2021-05-29,Shasta,089,179085,12345,12401,1630,14031,199
2021-05-29,Sierra,091,2930,55,55,14,69,0
2021-05-29,Siskiyou,093,43540,1920,1856,380,2236,21
2021-05-29,Solano,095,438530,32914,32917,562,33479,256
2021-05-29,Sonoma,097,501317,30147,30298,344,30642,322
2021-05-29,Stanislaus,099,539301,56299,56305,6189,62494,974
2021-05-29,Sutter,101,95872,9512,9516,93,9609,111
2021-05-29,Tehama,103,63373,5071,5070,608,5678,63
2021-05-29,Trinity,105,12862,408,328,76,404,3
2021-05-29,Tulare,107,460477,49694,49392,9535,58927,845
2021-05-29,Tuolumne,109,53932,4084,4093,37,4130,63
2021-05-29,Ventura,111,848112,81128,81008,3100,84108,1021
2021-05-29,Yolo,113,214977,14029,14055,340,14395,210
2021-05-29,Yuba,115,75493,6063,6059,126,6185,48
2021-05-28,Alameda,001,1643700,88272,88391,2051,90442,1261
2021-05-28,Alpine,003,1148,88,88,0,88,0
2021-05-28,Amador,005,37829,3686,3680,34,3714,46
2021-05-28,Butte,007,227075,12511,12407,1904,14311,190
2021-05-28,Calaveras,009,45235,2174,2165,14,2179,55
2021-05-28,Colusa,011,21464,1947,1954,320,2274,15
2021-05-28,Contra Costa,013,1133247,69676,69290,1349,70639,813
2021-05-28,Del Norte,015,27424,1397,1390,13,1403,8
2021-05-28,El Dorado,017,186661,10264,10265,764,11029,110
2021-05-28,Fresno,019,978130,102253,102437,9002,111439,1705
2021-05-28,Glenn,021,27897,2420,2419,576,2995,18
2021-05-28,Humboldt,023,135768,4284,4265,37,4302,42
2021-05-28,Imperial,025,180216,28513,28722,2906,31628,736
2021-05-28,Inyo,027,18085,1402,1404,4,1408,35
2021-05-28,Kern,029,883053,97030,96396,11339,107735,1320
2021-05-28,Kings,031,150075,23006,22962,1188,24150,244
2021-05-28,Lake,033,64148,3533,3515,9,3524,45
2021-05-28,Lassen,035,31185,5206,5169,118,5287,6
2021-05-28,Los Angeles,037,10098052,1203006,1202103,43826,1245929,24357
2021-05-28,Madera,039,155013,16585,16530,963,17493,240
2021-05-28,Marin,041,260295,14077,14063,265,14328,229
2021-05-28,Mariposa,043,17540,434,428,11,439,5
2021-05-28,Mendocino,045,87422,4007,3947,78,4025,47
2021-05-28,Merced,047,269075,31088,31176,1001,32177,455
2021-05-28,Modoc,049,8938,381,374,131,505,3
2021-05-28,Mono,051,14174,1252,1274,13,1287,3
2021-05-28,Monterey,053,433212,43089,43036,1935,44971,379
2021-05-28,Napa,055,140530,9923,9941,34,9975,82
2021-05-28,Nevada,057,99092,4828,4813,198,5011,71
2021-05-28,Orange,059,3164182,254994,254494,11756,266250,5047
2021-05-28,Placer,061,380077,23256,22987,1561,24548,293
2021-05-28,Plumas,063,18699,703,688,12,700,4
2021-05-28,Riverside,065,2383286,291733,288872,14630,303502,4442
2021-05-28,Sacramento,067,1510023,106309,106131,1823,107954,1642
2021-05-28,San Benito,069,59416,6059,6074,118,6192,63
2021-05-28,San Bernardino,071,2135413,292795,292905,9446,302351,4757
2021-05-28,San Diego,073,3302833,280630,280043,14946,294989,3756
2021-05-28,San Francisco,075,870044,36709,36987,1384,38371,546
2021-05-28,San Joaquin,077,732212,73095,72793,3730,76523,1383
2021-05-28,San Luis Obispo,079,281455,21241,21190,781,21971,256
2021-05-28,San Mateo,081,765935,42396,42364,488,42852,439
2021-05-28,Santa Barbara,083,443738,34525,34371,1237,35608,455
2021-05-28,Santa Clara,085,1922200,118243,119462,793,120255,2056
2021-05-28,Santa Cruz,087,273765,16173,16129,875,17004,207
2021-05-28,Shasta,089,179085,12336,12383,1628,14011,198
2021-05-28,Sierra,091,2930,55,54,14,68,0
2021-05-28,Siskiyou,093,43540,1918,1850,380,2230,19
2021-05-28,Solano,095,438530,32899,32892,562,33454,256
2021-05-28,Sonoma,097,501317,30128,30270,344,30614,321
2021-05-28,Stanislaus,099,539301,56276,56278,6186,62464,974
2021-05-28,Sutter,101,95872,9508,9511,93,9604,111
2021-05-28,Tehama,103,63373,5065,5064,608,5672,63
2021-05-28,Trinity,105,12862,408,328,76,404,3
2021-05-28,Tulare,107,460477,49689,49375,9525,58900,846
2021-05-28,Tuolumne,109,53932,4084,4090,37,4127,63
2021-05-28,Ventura,111,848112,81117,80985,3099,84084,1021
2021-05-28,Yolo,113,214977,14025,14050,339,14389,210
2021-05-28,Yuba,115,75493,6061,6050,125,6175,48
2021-05-27,Alameda,001,1643700,88236,88342,2050,90392,1274
2021-05-27,Alpine,003,1148,88,88,0,88,0
2021-05-27,Amador,005,37829,3684,3680,34,3714,46
2021-05-27,Butte,007,227075,12505,12401,1903,14304,190
2021-05-27,Calaveras,009,45235,2173,2163,14,2177,55
2021-05-27,Colusa,011,21464,1944,1952,320,2272,15
2021-05-27,Contra Costa,013,1133247,69634,69245,1347,70592,813
2021-05-27,Del Norte,015,27424,1397,1388,13,1401,8
2021-05-27,El Dorado,017,186661,10263,10248,764,11012,112
2021-05-27,Fresno,019,978130,102237,102413,8999,111412,1704
2021-05-27,Glenn,021,27897,2420,2415,576,2991,18
2021-05-27,Humboldt,023,135768,4276,4260,37,4297,42
2021-05-27,Imperial,025,180216,28502,28728,2906,31634,736
2021-05-27,Inyo,027,18085,1402,1404,4,1408,35
2021-05-27,Kern,029,883053,97014,96364,11331,107695,1322
2021-05-27,Kings,031,150075,23003,22953,1188,24141,245
2021-05-27,Lake,033,64148,3528,3509,9,3518,45
2021-05-27,Lassen,035,31185,5205,5170,117,5287,6
2021-05-27,Los Angeles,037,10098052,1202845,1201927,43810,1245737,24348
2021-05-27,Madera,039,155013,16576,16527,963,17490,240
2021-05-27,Marin,041,260295,14073,14061,265,14326,229
2021-05-27,Mariposa,043,17540,432,427,11,438,5
2021-05-27,Mendocino,045,87422,4001,3945,78,4023,47
2021-05-27,Merced,047,269075,31076,31161,1001,32162,455
2021-05-27,Modoc,049,8938,380,374,131,505,3
2021-05-27,Mono,051,14174,1252,1276,13,1289,3
2021-05-27,Monterey,053,433212,43083,43032,1935,44967,379
2021-05-27,Napa,055,140530,9922,9934,34,9968,82
2021-05-27,Nevada,057,99092,4824,4807,196,5003,71
2021-05-27,Orange,059,3164182,254958,254438,11751,266189,5059
2021-05-27,Placer,061,380077,23247,22966,1561,24527,293
2021-05-27,Plumas,063,18699,703,687,12,699,4
2021-05-27,Riverside,065,2383286,291698,288835,14625,303460,4443
2021-05-27,Sacramento,067,1510023,106234,106015,1821,107836,1642
2021-05-27,San Benito,069,59416,6058,6074,118,6192,63
2021-05-27,San Bernardino,071,2135413,292759,292755,9444,302199,4756
2021-05-27,San Diego,073,3302833,280556,279960,14932,294892,3756
2021-05-27,San Francisco,075,870044,36704,36980,1380,38360,546
2021-05-27,San Joaquin,077,732212,73063,72714,3726,76440,1388
2021-05-27,San Luis Obispo,079,281455,21238,21171,781,21952,256
2021-05-27,San Mateo,081,765935,42387,42345,488,42833,436
2021-05-27,Santa Barbara,083,443738,34521,34355,1237,35592,456
2021-05-27,Santa Clara,085,1922200,118224,119452,793,120245,2053
2021-05-27,Santa Cruz,087,273765,16170,16134,875,17009,207
2021-05-27,Shasta,089,179085,12325,12380,1628,14008,202
2021-05-27,Sierra,091,2930,55,54,14,68,0
2021-05-27,Siskiyou,093,43540,1915,1846,380,2226,18
2021-05-27,Solano,095,438530,32858,32855,561,33416,257
2021-05-27,Sonoma,097,501317,30101,30253,340,30593,321
2021-05-27,Stanislaus,099,539301,56248,56207,6185,62392,974
2021-05-27,Sutter,101,95872,9504,9501,93,9594,111
2021-05-27,Tehama,103,63373,5062,5064,607,5671,63
2021-05-27,Trinity,105,12862,408,328,76,404,3
2021-05-27,Tulare,107,460477,49675,49366,9516,58882,840
2021-05-27,Tuolumne,109,53932,4083,4090,37,4127,66
2021-05-27,Ventura,111,848112,81104,80965,3096,84061,1023
2021-05-27,Yolo,113,214977,14022,14036,338,14374,213
2021-05-27,Yuba,115,75493,6056,6040,124,6164,48
2021-05-26,Alameda,001,1643700,88207,88297,2050,90347,1266
2021-05-26,Alpine,003,1148,88,88,0,88,0
2021-05-26,Amador,005,37829,3684,3679,34,3713,46
2021-05-26,Butte,007,227075,12496,12332,1902,14234,190
2021-05-26,Calaveras,009,45235,2171,2154,14,2168,55
2021-05-26,Colusa,011,21464,1943,1952,320,2272,15
2021-05-26,Contra Costa,013,1133247,69597,69210,1347,70557,812
2021-05-26,Del Norte,015,27424,1397,1386,12,1398,8
2021-05-26,El Dorado,017,186661,10259,10242,763,11005,112
2021-05-26,Fresno,019,978130,102205,102374,8994,111368,1702
2021-05-26,Glenn,021,27897,2419,2415,576,2991,18
2021-05-26,Humboldt,023,135768,4271,4246,37,4283,42
2021-05-26,Imperial,025,180216,28497,28712,2904,31616,734
2021-05-26,Inyo,027,18085,1402,1403,4,1407,36
2021-05-26,Kern,029,883053,96989,96343,11324,107667,1320
2021-05-26,Kings,031,150075,22999,22950,1187,24137,245
2021-05-26,Lake,033,64148,3527,3508,9,3517,45
2021-05-26,Lassen,035,31185,5204,5164,117,5281,6
2021-05-26,Los Angeles,037,10098052,1202681,1198100,43792,1241892,24221
2021-05-26,Madera,039,155013,16573,16520,963,17483,240
2021-05-26,Marin,041,260295,14070,14061,264,14325,227
2021-05-26,Mariposa,043,17540,432,427,11,438,5
2021-05-26,Mendocino,045,87422,3995,3938,78,4016,47
2021-05-26,Merced,047,269075,31067,31139,1001,32140,455
2021-05-26,Modoc,049,8938,380,371,130,501,3
2021-05-26,Mono,051,14174,1252,1274,13,1287,3
2021-05-26,Monterey,053,433212,43077,43018,1934,44952,379
2021-05-26,Napa,055,140530,9915,9932,32,9964,82
2021-05-26,Nevada,057,99092,4819,4803,196,4999,70
2021-05-26,Orange,059,3164182,254923,254368,11747,266115,5058
2021-05-26,Placer,061,380077,23223,22940,1561,24501,293
2021-05-26,Plumas,063,18699,702,685,12,697,4
2021-05-26,Riverside,065,2383286,291652,288782,14618,303400,4443
2021-05-26,Sacramento,067,1510023,106148,105919,1817,107736,1637
2021-05-26,San Benito,069,59416,6058,6074,118,6192,63
2021-05-26,San Bernardino,071,2135413,292724,292662,9443,302105,4755
2021-05-26,San Diego,073,3302833,280481,279859,14922,294781,3755
2021-05-26,San Francisco,075,870044,36692,36954,1380,38334,546
2021-05-26,San Joaquin,077,732212,73022,72681,3723,76404,1388
2021-05-26,San Luis Obispo,079,281455,21233,21163,781,21944,256
2021-05-26,San Mateo,081,765935,42378,42331,487,42818,436
2021-05-26,Santa Barbara,083,443738,34512,34348,1237,35585,459
2021-05-26,Santa Clara,085,1922200,118197,119421,792,120213,2031
2021-05-26,Santa Cruz,087,273765,16169,16139,875,17014,207
2021-05-26,Shasta,089,179085,12311,12357,1625,13982,202
2021-05-26,Sierra,091,2930,55,54,14,68,0
2021-05-26,Siskiyou,093,43540,1913,1847,378,2225,18
2021-05-26,Solano,095,438530,32822,32831,561,33392,257
2021-05-26,Sonoma,097,501317,30075,30230,340,30570,321
2021-05-26,Stanislaus,099,539301,56225,56193,6182,62375,974
2021-05-26,Sutter,101,95872,9499,9495,93,9588,112
2021-05-26,Tehama,103,63373,5061,5054,604,5658,63
2021-05-26,Trinity,105,12862,408,328,76,404,3
2021-05-26,Tulare,107,460477,49668,49352,9512,58864,839
2021-05-26,Tuolumne,109,53932,4079,4088,36,4124,66
2021-05-26,Ventura,111,848112,81081,80944,3094,84038,1023
2021-05-26,Yolo,113,214977,14019,14025,338,14363,213
2021-05-26,Yuba,115,75493,6051,6036,124,6160,49
2021-05-25,Alameda,001,1643700,88178,88237,2050,90287,1263
2021-05-25,Alpine,003,1148,88,88,0,88,0
2021-05-25,Amador,005,37829,3679,3676,34,3710,46
2021-05-25,Butte,007,227075,12485,12295,1901,14196,189
2021-05-25,Calaveras,009,45235,2169,2148,14,2162,55
2021-05-25,Colusa,011,21464,1942,1949,320,2269,15
2021-05-25,Contra Costa,013,1133247,69544,69167,1342,70509,809
2021-05-25,Del Norte,015,27424,1397,1385,12,1397,8
2021-05-25,El Dorado,017,186661,10252,10240,762,11002,112
2021-05-25,Fresno,019,978130,102183,102329,8994,111323,1701
2021-05-25,Glenn,021,27897,2418,2414,575,2989,17
2021-05-25,Humboldt,023,135768,4264,4231,35,4266,42
2021-05-25,Imperial,025,180216,28490,28586,2904,31490,735
2021-05-25,Inyo,027,18085,1402,1402,4,1406,36
2021-05-25,Kern,029,883053,96958,96319,11310,107629,1319
2021-05-25,Kings,031,150075,22993,22944,1186,24130,245
2021-05-25,Lake,033,64148,3526,3508,9,3517,44
2021-05-25,Lassen,035,31185,5200,5164,117,5281,6
2021-05-25,Los Angeles,037,10098052,1202507,1197940,43773,1241713,24212
2021-05-25,Madera,039,155013,16568,16519,962,17481,240
2021-05-25,Marin,041,260295,14064,14053,264,14317,227
2021-05-25,Mariposa,043,17540,431,427,11,438,5
2021-05-25,Mendocino,045,87422,3990,3928,78,4006,47
2021-05-25,Merced,047,269075,31046,31132,1001,32133,455
2021-05-25,Modoc,049,8938,379,367,130,497,3
2021-05-25,Mono,051,14174,1252,1274,13,1287,3
2021-05-25,Monterey,053,433212,43073,43012,1933,44945,379
2021-05-25,Napa,055,140530,9913,9926,32,9958,82
2021-05-25,Nevada,057,99092,4813,4795,196,4991,70
2021-05-25,Orange,059,3164182,254894,254321,11746,266067,5057
2021-05-25,Placer,061,380077,23212,22920,1559,24479,292
2021-05-25,Plumas,063,18699,702,684,12,696,4
2021-05-25,Riverside,065,2383286,291613,288725,14615,303340,4443
2021-05-25,Sacramento,067,1510023,106068,105828,1813,107641,1633
2021-05-25,San Benito,069,59416,6058,6073,118,6191,63
2021-05-25,San Bernardino,071,2135413,292665,292485,9442,301927,4755
2021-05-25,San Diego,073,3302833,280402,279786,14917,294703,3753
2021-05-25,San Francisco,075,870044,36669,36939,1380,38319,546
2021-05-25,San Joaquin,077,732212,72982,72628,3719,76347,1387
2021-05-25,San Luis Obispo,079,281455,21230,21153,781,21934,256
2021-05-25,San Mateo,081,765935,42368,42268,487,42755,435
2021-05-25,Santa Barbara,083,443738,34509,34337,1237,35574,459
2021-05-25,Santa Clara,085,1922200,118173,119393,791,120184,2032
2021-05-25,Santa Cruz,087,273765,16164,16141,875,17016,207
2021-05-25,Shasta,089,179085,12301,12328,1622,13950,202
2021-05-25,Sierra,091,2930,54,54,14,68,0
2021-05-25,Siskiyou,093,43540,1912,1845,377,2222,18
2021-05-25,Solano,095,438530,32804,32817,560,33377,256
2021-05-25,Sonoma,097,501317,30046,30207,339,30546,321
2021-05-25,Stanislaus,099,539301,56188,56168,6180,62348,974
2021-05-25,Sutter,101,95872,9495,9495,93,9588,112
2021-05-25,Tehama,103,63373,5059,5048,603,5651,63
2021-05-25,Trinity,105,12862,408,328,75,403,3
2021-05-25,Tulare,107,460477,49658,49326,9504,58830,838
2021-05-25,Tuolumne,109,53932,4079,4084,36,4120,66
2021-05-25,Ventura,111,848112,81063,80905,3094,83999,1022
2021-05-25,Yolo,113,214977,14012,14018,336,14354,213
2021-05-25,Yuba,115,75493,6044,6028,124,6152,49
2021-05-24,Alameda,001,1643700,88116,88182,2049,90231,1263
2021-05-24,Alpine,003,1148,88,88,0,88,0
2021-05-24,Amador,005,37829,3677,3675,34,3709,46
2021-05-24,Butte,007,227075,12472,12279,1898,14177,189
2021-05-24,Calaveras,009,45235,2168,2146,14,2160,54
2021-05-24,Colusa,011,21464,1942,1949,320,2269,15
2021-05-24,Contra Costa,013,1133247,69505,69107,1338,70445,809
2021-05-24,Del Norte,015,27424,1396,1384,12,1396,8
2021-05-24,El Dorado,017,186661,10242,10227,761,10988,112
2021-05-24,Fresno,019,978130,102142,102289,8992,111281,1698
2021-05-24,Glenn,021,27897,2418,2413,575,2988,17
2021-05-24,Humboldt,023,135768,4257,4225,35,4260,42
2021-05-24,Imperial,025,180216,28488,28575,2904,31479,735
2021-05-24,Inyo,027,18085,1402,1402,4,1406,36
2021-05-24,Kern,029,883053,96931,96296,11305,107601,1319
2021-05-24,Kings,031,150075,22989,22940,1186,24126,246
2021-05-24,Lake,033,64148,3524,3506,9,3515,43
2021-05-24,Lassen,035,31185,5196,5163,117,5280,6
2021-05-24,Los Angeles,037,10098052,1202335,1197782,43758,1241540,24201
2021-05-24,Madera,039,155013,16565,16513,961,17474,239
2021-05-24,Marin,041,260295,14062,14051,264,14315,227
2021-05-24,Mariposa,043,17540,430,427,11,438,5
2021-05-24,Mendocino,045,87422,3988,3919,78,3997,47
2021-05-24,Merced,047,269075,31036,31128,1000,32128,455
2021-05-24,Modoc,049,8938,379,366,129,495,3
2021-05-24,Mono,051,14174,1252,1270,13,1283,3
2021-05-24,Monterey,053,433212,43068,43005,1932,44937,379
2021-05-24,Napa,055,140530,9913,9924,32,9956,82
2021-05-24,Nevada,057,99092,4810,4790,196,4986,70
2021-05-24,Orange,059,3164182,254859,254287,11736,266023,5056
2021-05-24,Placer,061,380077,23193,22895,1558,24453,292
2021-05-24,Plumas,063,18699,701,683,12,695,4
2021-05-24,Riverside,065,2383286,291560,288669,14604,303273,4442
2021-05-24,Sacramento,067,1510023,105953,105716,1812,107528,1632
2021-05-24,San Benito,069,59416,6058,6072,118,6190,63
2021-05-24,San Bernardino,071,2135413,292627,292343,9441,301784,4747
2021-05-24,San Diego,073,3302833,280293,279715,14907,294622,3749
2021-05-24,San Francisco,075,870044,36650,36934,1379,38313,547
2021-05-24,San Joaquin,077,732212,72950,72586,3718,76304,1371
2021-05-24,San Luis Obispo,079,281455,21212,21146,780,21926,256
2021-05-24,San Mateo,081,765935,42358,42249,487,42736,433
2021-05-24,Santa Barbara,083,443738,34504,34322,1237,35559,459
2021-05-24,Santa Clara,085,1922200,118141,119358,791,120149,2030
2021-05-24,Santa Cruz,087,273765,16159,16135,875,17010,207
2021-05-24,Shasta,089,179085,12285,12315,1619,13934,201
2021-05-24,Sierra,091,2930,54,54,14,68,0
2021-05-24,Siskiyou,093,43540,1909,1840,377,2217,17
2021-05-24,Solano,095,438530,32780,32792,559,33351,254
2021-05-24,Sonoma,097,501317,30031,30187,339,30526,321
2021-05-24,Stanislaus,099,539301,56154,56128,6176,62304,974
2021-05-24,Sutter,101,95872,9489,9486,93,9579,113
2021-05-24,Tehama,103,63373,5056,5043,601,5644,63
2021-05-24,Trinity,105,12862,408,328,75,403,3
2021-05-24,Tulare,107,460477,49651,49318,9500,58818,838
2021-05-24,Tuolumne,109,53932,4079,4083,36,4119,65
2021-05-24,Ventura,111,848112,81050,80876,3092,83968,1022
2021-05-24,Yolo,113,214977,13995,14012,333,14345,213
2021-05-24,Yuba,115,75493,6035,6022,124,6146,49
2021-05-23,Alameda,001,1643700,88045,88157,2046,90203,1263
2021-05-23,Alpine,003,1148,88,88,0,88,0
2021-05-23,Amador,005,37829,3676,3673,34,3707,46
2021-05-23,Butte,007,227075,12458,12271,1897,14168,189
2021-05-23,Calaveras,009,45235,2159,2144,14,2158,54
2021-05-23,Colusa,011,21464,1942,1949,318,2267,15
2021-05-23,Contra Costa,013,1133247,69460,69075,1336,70411,809
2021-05-23,Del Norte,015,27424,1392,1383,12,1395,8
2021-05-23,El Dorado,017,186661,10236,10222,761,10983,112
2021-05-23,Fresno,019,978130,102098,102270,8987,111257,1698
2021-05-23,Glenn,021,27897,2416,2413,575,2988,17
2021-05-23,Humboldt,023,135768,4240,4216,35,4251,42
2021-05-23,Imperial,025,180216,28482,28569,2903,31472,735
2021-05-23,Inyo,027,18085,1402,1402,4,1406,36
2021-05-23,Kern,029,883053,96909,96282,11296,107578,1319
2021-05-23,Kings,031,150075,22976,22939,1184,24123,246
2021-05-23,Lake,033,64148,3521,3504,9,3513,43
2021-05-23,Lassen,035,31185,5192,5163,116,5279,6
2021-05-23,Los Angeles,037,10098052,1202153,1197633,43744,1241377,24197
2021-05-23,Madera,039,155013,16560,16504,960,17464,239
2021-05-23,Marin,041,260295,14053,14048,264,14312,227
2021-05-23,Mariposa,043,17540,430,427,11,438,5
2021-05-23,Mendocino,045,87422,3982,3913,77,3990,47
2021-05-23,Merced,047,269075,31026,31118,1000,32118,455
2021-05-23,Modoc,049,8938,375,366,129,495,3
2021-05-23,Mono,051,14174,1251,1270,13,1283,3
2021-05-23,Monterey,053,433212,43058,43003,1932,44935,379
2021-05-23,Napa,055,140530,9909,9923,32,9955,82
2021-05-23,Nevada,057,99092,4800,4790,196,4986,70
2021-05-23,Orange,059,3164182,254821,254277,11729,266006,5050
2021-05-23,Placer,061,380077,23173,22888,1558,24446,292
2021-05-23,Plumas,063,18699,700,683,12,695,4
2021-05-23,Riverside,065,2383286,291493,288641,14600,303241,4442
2021-05-23,Sacramento,067,1510023,105837,105663,1810,107473,1632
2021-05-23,San Benito,069,59416,6057,6072,118,6190,63
2021-05-23,San Bernardino,071,2135413,292577,292327,9439,301766,4747
2021-05-23,San Diego,073,3302833,280203,279690,14896,294586,3751
2021-05-23,San Francisco,075,870044,36639,36927,1378,38305,547
2021-05-23,San Joaquin,077,732212,72901,72571,3715,76286,1371
2021-05-23,San Luis Obispo,079,281455,21202,21141,779,21920,256
2021-05-23,San Mateo,081,765935,42341,42248,487,42735,433
2021-05-23,Santa Barbara,083,443738,34497,34319,1237,35556,459
2021-05-23,Santa Clara,085,1922200,118117,119333,791,120124,2030
2021-05-23,Santa Cruz,087,273765,16156,16130,875,17005,207
2021-05-23,Shasta,089,179085,12268,12313,1615,13928,201
2021-05-23,Sierra,091,2930,54,54,14,68,0
2021-05-23,Siskiyou,093,43540,1904,1826,370,2196,17
2021-05-23,Solano,095,438530,32762,32780,558,33338,254
2021-05-23,Sonoma,097,501317,30002,30168,338,30506,321
2021-05-23,Stanislaus,099,539301,56104,56104,6173,62277,974
2021-05-23,Sutter,101,95872,9480,9479,93,9572,113
2021-05-23,Tehama,103,63373,5049,5041,599,5640,63
2021-05-23,Trinity,105,12862,408,328,75,403,3
2021-05-23,Tulare,107,460477,49637,49310,9496,58806,838
2021-05-23,Tuolumne,109,53932,4076,4081,36,4117,65
2021-05-23,Ventura,111,848112,81020,80872,3091,83963,1022
2021-05-23,Yolo,113,214977,13983,14004,330,14334,213
2021-05-23,Yuba,115,75493,6030,6017,124,6141,49
2021-05-22,Alameda,001,1643700,88020,88101,2045,90146,1263
2021-05-22,Alpine,003,1148,88,88,0,88,0
2021-05-22,Amador,005,37829,3675,3672,34,3706,46
2021-05-22,Butte,007,227075,12446,12265,1896,14161,189
2021-05-22,Calaveras,009,45235,2156,2141,14,2155,54
2021-05-22,Colusa,011,21464,1938,1949,317,2266,15
2021-05-22,Contra Costa,013,1133247,69427,69004,1335,70339,809
2021-05-22,Del Norte,015,27424,1391,1381,12,1393,8
2021-05-22,El Dorado,017,186661,10231,10215,761,10976,112
2021-05-22,Fresno,019,978130,102084,102238,8985,111223,1698
2021-05-22,Glenn,021,27897,2416,2412,575,2987,17
2021-05-22,Humboldt,023,135768,4231,4194,34,4228,42
2021-05-22,Imperial,025,180216,28473,28574,2903,31477,735
2021-05-22,Inyo,027,18085,1402,1402,4,1406,36
2021-05-22,Kern,029,883053,96897,96260,11289,107549,1319
2021-05-22,Kings,031,150075,22976,22936,1184,24120,246
2021-05-22,Lake,033,64148,3518,3502,9,3511,43
2021-05-22,Lassen,035,31185,5192,5163,116,5279,6
2021-05-22,Los Angeles,037,10098052,1202047,1197454,43735,1241189,24192
2021-05-22,Madera,039,155013,16557,16503,960,17463,239
2021-05-22,Marin,041,260295,14050,14043,264,14307,227
2021-05-22,Mariposa,043,17540,430,427,11,438,5
2021-05-22,Mendocino,045,87422,3976,3908,77,3985,47
2021-05-22,Merced,047,269075,31016,31099,1000,32099,455
2021-05-22,Modoc,049,8938,375,366,129,495,3
2021-05-22,Mono,051,14174,1249,1270,13,1283,3
2021-05-22,Monterey,053,433212,43052,42998,1932,44930,379
2021-05-22,Napa,055,140530,9907,9918,32,9950,82
2021-05-22,Nevada,057,99092,4793,4787,195,4982,70
2021-05-22,Orange,059,3164182,254800,254238,11723,265961,5048
2021-05-22,Placer,061,380077,23159,22865,1557,24422,292
2021-05-22,Plumas,063,18699,699,683,12,695,4
2021-05-22,Riverside,065,2383286,291463,288580,14599,303179,4442
2021-05-22,Sacramento,067,1510023,105762,105551,1807,107358,1632
2021-05-22,San Benito,069,59416,6057,6071,118,6189,63
2021-05-22,San Bernardino,071,2135413,292552,292292,9439,301731,4747
2021-05-22,San Diego,073,3302833,280144,279614,14888,294502,3751
2021-05-22,San Francisco,075,870044,36629,36906,1376,38282,547
2021-05-22,San Joaquin,077,732212,72879,72528,3712,76240,1371
2021-05-22,San Luis Obispo,079,281455,21194,21134,778,21912,256
2021-05-22,San Mateo,081,765935,42331,42218,487,42705,433
2021-05-22,Santa Barbara,083,443738,34493,34313,1236,35549,459
2021-05-22,Santa Clara,085,1922200,118094,119292,791,120083,2030
2021-05-22,Santa Cruz,087,273765,16156,16125,875,17000,207
2021-05-22,Shasta,089,179085,12262,12307,1612,13919,201
2021-05-22,Sierra,091,2930,54,54,14,68,0
2021-05-22,Siskiyou,093,43540,1903,1824,369,2193,17
2021-05-22,Solano,095,438530,32749,32753,558,33311,254
2021-05-22,Sonoma,097,501317,29990,30154,338,30492,321
2021-05-22,Stanislaus,099,539301,56079,56069,6171,62240,974
2021-05-22,Sutter,101,95872,9475,9476,93,9569,113
2021-05-22,Tehama,103,63373,5048,5036,599,5635,63
2021-05-22,Trinity,105,12862,408,328,75,403,3
2021-05-22,Tulare,107,460477,49631,49299,9491,58790,838
2021-05-22,Tuolumne,109,53932,4076,4078,36,4114,65
2021-05-22,Ventura,111,848112,81016,80859,3091,83950,1022
2021-05-22,Yolo,113,214977,13981,13997,330,14327,213
2021-05-22,Yuba,115,75493,6027,6010,124,6134,49
2021-05-21,Alameda,001,1643700,87993,88041,2044,90085,1263
2021-05-21,Alpine,003,1148,88,88,0,88,0
2021-05-21,Amador,005,37829,3672,3672,34,3706,46
2021-05-21,Butte,007,227075,12439,12236,1894,14130,188
2021-05-21,Calaveras,009,45235,2154,2138,14,2152,54
2021-05-21,Colusa,011,21464,1938,1947,317,2264,15
2021-05-21,Contra Costa,013,1133247,69384,68965,1334,70299,810
2021-05-21,Del Norte,015,27424,1390,1376,12,1388,8
2021-05-21,El Dorado,017,186661,10227,10204,761,10965,112
2021-05-21,Fresno,019,978130,102056,102189,8983,111172,1698
2021-05-21,Glenn,021,27897,2416,2408,575,2983,17
2021-05-21,Humboldt,023,135768,4224,4175,34,4209,42
2021-05-21,Imperial,025,180216,28466,28572,2902,31474,732
2021-05-21,Inyo,027,18085,1402,1402,4,1406,36
2021-05-21,Kern,029,883053,96883,96233,11282,107515,1318
2021-05-21,Kings,031,150075,22976,22927,1184,24111,246
2021-05-21,Lake,033,64148,3516,3500,9,3509,43
2021-05-21,Lassen,035,31185,5191,5161,116,5277,6
2021-05-21,Los Angeles,037,10098052,1201937,1197263,43726,1240989,24180
2021-05-21,Madera,039,155013,16556,16500,959,17459,238
2021-05-21,Marin,041,260295,14045,14042,264,14306,227
2021-05-21,Mariposa,043,17540,429,427,11,438,5
2021-05-21,Mendocino,045,87422,3970,3897,77,3974,47
2021-05-21,Merced,047,269075,31008,31076,1000,32076,455
2021-05-21,Modoc,049,8938,375,365,129,494,3
2021-05-21,Mono,051,14174,1249,1269,13,1282,3
2021-05-21,Monterey,053,433212,43050,42995,1932,44927,379
2021-05-21,Napa,055,140530,9903,9913,32,9945,82
2021-05-21,Nevada,057,99092,4792,4779,195,4974,70
2021-05-21,Orange,059,3164182,254781,254171,11720,265891,5042
2021-05-21,Placer,061,380077,23151,22853,1557,24410,292
2021-05-21,Plumas,063,18699,699,683,11,694,4
2021-05-21,Riverside,065,2383286,291436,288499,14592,303091,4442
2021-05-21,Sacramento,067,1510023,105695,105476,1804,107280,1632
2021-05-21,San Benito,069,59416,6057,6068,118,6186,63
2021-05-21,San Bernardino,071,2135413,292521,292205,9436,301641,4744
2021-05-21,San Diego,073,3302833,280073,279554,14878,294432,3748
2021-05-21,San Francisco,075,870044,36623,36879,1376,38255,546
2021-05-21,San Joaquin,077,732212,72860,72467,3710,76177,1371
2021-05-21,San Luis Obispo,079,281455,21188,21128,775,21903,256
2021-05-21,San Mateo,081,765935,42318,42163,486,42649,432
2021-05-21,Santa Barbara,083,443738,34488,34302,1236,35538,459
2021-05-21,Santa Clara,085,1922200,118067,119247,791,120038,2029
2021-05-21,Santa Cruz,087,273765,16152,16120,875,16995,207
2021-05-21,Shasta,089,179085,12245,12289,1610,13899,201
2021-05-21,Sierra,091,2930,54,54,14,68,0
2021-05-21,Siskiyou,093,43540,1902,1815,369,2184,16
2021-05-21,Solano,095,438530,32734,32742,558,33300,254
2021-05-21,Sonoma,097,501317,29977,30126,338,30464,321
2021-05-21,Stanislaus,099,539301,56047,56036,6169,62205,975
2021-05-21,Sutter,101,95872,9473,9470,93,9563,113
2021-05-21,Tehama,103,63373,5042,5030,599,5629,63
2021-05-21,Trinity,105,12862,408,329,74,403,3
2021-05-21,Tulare,107,460477,49626,49271,9489,58760,838
2021-05-21,Tuolumne,109,53932,4074,4079,36,4115,65
2021-05-21,Ventura,111,848112,81008,80821,3088,83909,1021
2021-05-21,Yolo,113,214977,13974,13983,330,14313,213
2021-05-21,Yuba,115,75493,6021,6006,124,6130,49
2021-05-20,Alameda,001,1643700,87946,87975,2043,90018,1264
2021-05-20,Alpine,003,1148,88,88,0,88,0
2021-05-20,Amador,005,37829,3671,3671,34,3705,46
2021-05-20,Butte,007,227075,12432,12220,1891,14111,188
2021-05-20,Calaveras,009,45235,2150,2138,14,2152,54
2021-05-20,Colusa,011,21464,1937,1946,315,2261,15
2021-05-20,Contra Costa,013,1133247,69339,68913,1332,70245,809
2021-05-20,Del Norte,015,27424,1390,1373,12,1385,8
2021-05-20,El Dorado,017,186661,10218,10188,761,10949,112
2021-05-20,Fresno,019,978130,102035,102135,8981,111116,1696
2021-05-20,Glenn,021,27897,2413,2406,575,2981,17
2021-05-20,Humboldt,023,135768,4207,4162,34,4196,42
2021-05-20,Imperial,025,180216,28461,28551,2902,31453,732
2021-05-20,Inyo,027,18085,1402,1402,4,1406,36
2021-05-20,Kern,029,883053,96862,96204,11275,107479,1317
2021-05-20,Kings,031,150075,22974,22922,1184,24106,246
2021-05-20,Lake,033,64148,3513,3500,9,3509,43
2021-05-20,Lassen,035,31185,5189,5160,115,5275,6
2021-05-20,Los Angeles,037,10098052,1201782,1197073,43716,1240789,24168
2021-05-20,Madera,039,155013,16550,16499,957,17456,238
2021-05-20,Marin,041,260295,14041,14036,263,14299,227
2021-05-20,Mariposa,043,17540,429,426,11,437,5
2021-05-20,Mendocino,045,87422,3963,3897,77,3974,47
2021-05-20,Merced,047,269075,30995,31046,999,32045,454
2021-05-20,Modoc,049,8938,375,365,129,494,3
2021-05-20,Mono,051,14174,1248,1269,13,1282,3
2021-05-20,Monterey,053,433212,43044,42984,1931,44915,379
2021-05-20,Napa,055,140530,9900,9913,32,9945,82
2021-05-20,Nevada,057,99092,4791,4775,195,4970,70
2021-05-20,Orange,059,3164182,254737,254127,11717,265844,5038
2021-05-20,Placer,061,380077,23139,22823,1555,24378,292
2021-05-20,Plumas,063,18699,697,682,11,693,4
2021-05-20,Riverside,065,2383286,291390,288453,14587,303040,4442
2021-05-20,Sacramento,067,1510023,105600,105414,1800,107214,1629
2021-05-20,San Benito,069,59416,6056,6067,118,6185,63
2021-05-20,San Bernardino,071,2135413,292475,292153,9435,301588,4728
2021-05-20,San Diego,073,3302833,279985,279490,14866,294356,3749
2021-05-20,San Francisco,075,870044,36614,36860,1376,38236,546
2021-05-20,San Joaquin,077,732212,72822,72388,3708,76096,1371
2021-05-20,San Luis Obispo,079,281455,21176,21095,773,21868,256
2021-05-20,San Mateo,081,765935,42304,42152,484,42636,432
2021-05-20,Santa Barbara,083,443738,34484,34293,1236,35529,459
2021-05-20,Santa Clara,085,1922200,118046,119222,791,120013,2029
2021-05-20,Santa Cruz,087,273765,16147,16119,875,16994,207
2021-05-20,Shasta,089,179085,12233,12266,1606,13872,200
2021-05-20,Sierra,091,2930,54,54,14,68,0
2021-05-20,Siskiyou,093,43540,1895,1811,368,2179,16
2021-05-20,Solano,095,438530,32719,32725,558,33283,253
2021-05-20,Sonoma,097,501317,29960,30107,337,30444,321
2021-05-20,Stanislaus,099,539301,56016,55979,6167,62146,970
2021-05-20,Sutter,101,95872,9469,9467,93,9560,113
2021-05-20,Tehama,103,63373,5040,5029,599,5628,63
2021-05-20,Trinity,105,12862,408,329,73,402,3
2021-05-20,Tulare,107,460477,49615,49217,9486,58703,837
2021-05-20,Tuolumne,109,53932,4073,4077,36,4113,65
2021-05-20,Ventura,111,848112,80997,80800,3088,83888,1019
2021-05-20,Yolo,113,214977,13969,13973,330,14303,211
2021-05-20,Yuba,115,75493,6012,6002,124,6126,49
2021-05-19,Alameda,001,1643700,87905,87889,2041,89930,1260
2021-05-19,Alpine,003,1148,88,88,0,88,0
2021-05-19,Amador,005,37829,3671,3669,34,3703,46
2021-05-19,Butte,007,227075,12422,12198,1891,14089,188
2021-05-19,Calaveras,009,45235,2146,2132,14,2146,54
2021-05-19,Colusa,011,21464,1937,1945,313,2258,15
2021-05-19,Contra Costa,013,1133247,69292,68836,1332,70168,808
2021-05-19,Del Norte,015,27424,1388,1371,12,1383,8
2021-05-19,El Dorado,017,186661,10213,10179,760,10939,112
2021-05-19,Fresno,019,978130,102006,102085,8977,111062,1693
2021-05-19,Glenn,021,27897,2413,2404,575,2979,17
2021-05-19,Humboldt,023,135768,4197,4143,34,4177,42
2021-05-19,Imperial,025,180216,28452,28550,2902,31452,732
2021-05-19,Inyo,027,18085,1402,1402,4,1406,36
2021-05-19,Kern,029,883053,96834,96173,11267,107440,1316
2021-05-19,Kings,031,150075,22968,22919,1184,24103,246
2021-05-19,Lake,033,64148,3513,3497,9,3506,43
2021-05-19,Lassen,035,31185,5188,5157,115,5272,6
2021-05-19,Los Angeles,037,10098052,1201589,1196856,43701,1240557,24143
2021-05-19,Madera,039,155013,16547,16496,957,17453,238
2021-05-19,Marin,041,260295,14037,14033,261,14294,227
2021-05-19,Mariposa,043,17540,429,425,11,436,5
2021-05-19,Mendocino,045,87422,3959,3886,77,3963,47
2021-05-19,Merced,047,269075,30979,31044,999,32043,452
2021-05-19,Modoc,049,8938,375,364,127,491,3
2021-05-19,Mono,051,14174,1248,1266,13,1279,3
2021-05-19,Monterey,053,433212,43039,42973,1930,44903,379
2021-05-19,Napa,055,140530,9897,9906,32,9938,82
2021-05-19,Nevada,057,99092,4789,4769,195,4964,70
2021-05-19,Orange,059,3164182,254700,254087,11707,265794,5035
2021-05-19,Placer,061,380077,23121,22784,1549,24333,291
2021-05-19,Plumas,063,18699,697,682,11,693,4
2021-05-19,Riverside,065,2383286,291345,288398,14585,302983,4442
2021-05-19,Sacramento,067,1510023,105523,105225,1799,107024,1629
2021-05-19,San Benito,069,59416,6055,6064,118,6182,63
2021-05-19,San Bernardino,071,2135413,292431,292078,9432,301510,4725
2021-05-19,San Diego,073,3302833,279901,279345,14845,294190,3746
2021-05-19,San Francisco,075,870044,36601,36835,1375,38210,546
2021-05-19,San Joaquin,077,732212,72779,72338,3703,76041,1369
2021-05-19,San Luis Obispo,079,281455,21168,21085,772,21857,256
2021-05-19,San Mateo,081,765935,42297,42126,484,42610,429
2021-05-19,Santa Barbara,083,443738,34476,34292,1236,35528,459
2021-05-19,Santa Clara,085,1922200,118007,119176,790,119966,2015
2021-05-19,Santa Cruz,087,273765,16143,16121,874,16995,207
2021-05-19,Shasta,089,179085,12215,12233,1602,13835,200
2021-05-19,Sierra,091,2930,54,54,14,68,0
2021-05-19,Siskiyou,093,43540,1892,1803,367,2170,16
2021-05-19,Solano,095,438530,32692,32678,556,33234,253
2021-05-19,Sonoma,097,501317,29945,30080,337,30417,321
2021-05-19,Stanislaus,099,539301,55994,55912,6162,62074,967
2021-05-19,Sutter,101,95872,9462,9459,92,9551,113
2021-05-19,Tehama,103,63373,5032,5026,596,5622,63
2021-05-19,Trinity,105,12862,408,329,73,402,3
2021-05-19,Tulare,107,460477,49603,49163,9481,58644,837
2021-05-19,Tuolumne,109,53932,4073,4074,36,4110,64
2021-05-19,Ventura,111,848112,80981,80747,3087,83834,1019
2021-05-19,Yolo,113,214977,13963,13961,329,14290,211
2021-05-19,Yuba,115,75493,6008,5993,124,6117,49
2021-05-18,Alameda,001,1643700,87832,87816,2041,89857,1254
2021-05-18,Alpine,003,1148,88,88,0,88,0
2021-05-18,Amador,005,37829,3671,3669,34,3703,46
2021-05-18,Butte,007,227075,12410,12164,1888,14052,191
2021-05-18,Calaveras,009,45235,2142,2131,14,2145,54
2021-05-18,Colusa,011,21464,1937,1943,313,2256,14
2021-05-18,Contra Costa,013,1133247,69235,68750,1331,70081,808
2021-05-18,Del Norte,015,27424,1385,1371,12,1383,8
2021-05-18,El Dorado,017,186661,10202,10169,759,10928,112
2021-05-18,Fresno,019,978130,101970,102056,8974,111030,1690
2021-05-18,Glenn,021,27897,2407,2403,574,2977,17
2021-05-18,Humboldt,023,135768,4179,4132,34,4166,42
2021-05-18,Imperial,025,180216,28446,28538,2900,31438,730
2021-05-18,Inyo,027,18085,1402,1401,4,1405,36
2021-05-18,Kern,029,883053,96800,96128,11253,107381,1315
2021-05-18,Kings,031,150075,22962,22916,1184,24100,247
2021-05-18,Lake,033,64148,3511,3495,9,3504,43
2021-05-18,Lassen,035,31185,5187,5157,114,5271,6
2021-05-18,Los Angeles,037,10098052,1201412,1196668,43688,1240356,24133
2021-05-18,Madera,039,155013,16537,16491,957,17448,238
2021-05-18,Marin,041,260295,14034,14026,261,14287,227
2021-05-18,Mariposa,043,17540,429,424,11,435,5
2021-05-18,Mendocino,045,87422,3948,3877,76,3953,47
2021-05-18,Merced,047,269075,30960,31036,999,32035,452
2021-05-18,Modoc,049,8938,374,364,126,490,3
2021-05-18,Mono,051,14174,1247,1265,13,1278,3
2021-05-18,Monterey,053,433212,43033,43001,1930,44931,379
2021-05-18,Napa,055,140530,9897,9905,32,9937,82
2021-05-18,Nevada,057,99092,4782,4762,195,4957,70
2021-05-18,Orange,059,3164182,254660,254041,11697,265738,5031
2021-05-18,Placer,061,380077,23088,22726,1545,24271,291
2021-05-18,Plumas,063,18699,697,682,11,693,4
2021-05-18,Riverside,065,2383286,291293,288354,14578,302932,4438
2021-05-18,Sacramento,067,1510023,105422,105083,1797,106880,1629
2021-05-18,San Benito,069,59416,6054,6065,118,6183,63
2021-05-18,San Bernardino,071,2135413,292379,292014,9427,301441,4722
2021-05-18,San Diego,073,3302833,279793,279254,14836,294090,3742
2021-05-18,San Francisco,075,870044,36581,36818,1375,38193,546
2021-05-18,San Joaquin,077,732212,72733,72282,3699,75981,1368
2021-05-18,San Luis Obispo,079,281455,21158,21080,770,21850,256
2021-05-18,San Mateo,081,765935,42285,42099,483,42582,428
2021-05-18,Santa Barbara,083,443738,34467,34278,1236,35514,459
2021-05-18,Santa Clara,085,1922200,117980,119171,790,119961,2014
2021-05-18,Santa Cruz,087,273765,16135,16137,874,17011,207
2021-05-18,Shasta,089,179085,12197,12197,1596,13793,200
2021-05-18,Sierra,091,2930,54,54,14,68,0
2021-05-18,Siskiyou,093,43540,1891,1799,367,2166,16
2021-05-18,Solano,095,438530,32667,32644,556,33200,253
2021-05-18,Sonoma,097,501317,29925,30054,336,30390,321
2021-05-18,Stanislaus,099,539301,55956,55860,6162,62022,959
2021-05-18,Sutter,101,95872,9454,9453,92,9545,113
2021-05-18,Tehama,103,63373,5028,5020,593,5613,63
2021-05-18,Trinity,105,12862,408,329,72,401,3
2021-05-18,Tulare,107,460477,49595,49142,9476,58618,836
2021-05-18,Tuolumne,109,53932,4071,4073,36,4109,64
2021-05-18,Ventura,111,848112,80966,80726,3084,83810,1017
2021-05-18,Yolo,113,214977,13956,13951,328,14279,211
2021-05-18,Yuba,115,75493,6004,5989,123,6112,49
2021-05-17,Alameda,001,1643700,87780,87766,2038,89804,1253
2021-05-17,Alpine,003,1148,88,88,0,88,0
2021-05-17,Amador,005,37829,3668,3668,34,3702,46
2021-05-17,Butte,007,227075,12402,12144,1888,14032,192
2021-05-17,Calaveras,009,45235,2142,2131,14,2145,53
2021-05-17,Colusa,011,21464,1937,1943,313,2256,14
2021-05-17,Contra Costa,013,1133247,69180,68720,1330,70050,805
2021-05-17,Del Norte,015,27424,1380,1369,12,1381,8
2021-05-17,El Dorado,017,186661,10185,10163,759,10922,112
2021-05-17,Fresno,019,978130,101926,102013,8967,110980,1690
2021-05-17,Glenn,021,27897,2407,2401,574,2975,17
2021-05-17,Humboldt,023,135768,4168,4112,34,4146,42
2021-05-17,Imperial,025,180216,28441,28533,2897,31430,729
2021-05-17,Inyo,027,18085,1402,1401,4,1405,36
2021-05-17,Kern,029,883053,96771,96095,11236,107331,1315
2021-05-17,Kings,031,150075,22959,22918,1184,24102,246
2021-05-17,Lake,033,64148,3506,3489,9,3498,43
2021-05-17,Lassen,035,31185,5184,5156,113,5269,6
2021-05-17,Los Angeles,037,10098052,1201239,1196556,43682,1240238,24123
2021-05-17,Madera,039,155013,16532,16486,957,17443,238
2021-05-17,Marin,041,260295,14028,14021,261,14282,227
2021-05-17,Mariposa,043,17540,428,423,11,434,5
2021-05-17,Mendocino,045,87422,3939,3868,76,3944,46
2021-05-17,Merced,047,269075,30945,31031,999,32030,450
2021-05-17,Modoc,049,8938,373,362,126,488,3
2021-05-17,Mono,051,14174,1243,1265,13,1278,3
2021-05-17,Monterey,053,433212,43026,42995,1930,44925,379
2021-05-17,Napa,055,140530,9896,9894,32,9926,82
2021-05-17,Nevada,057,99092,4778,4761,194,4955,70
2021-05-17,Orange,059,3164182,254615,253993,11690,265683,5031
2021-05-17,Placer,061,380077,23063,22706,1538,24244,289
2021-05-17,Plumas,063,18699,697,682,11,693,4
2021-05-17,Riverside,065,2383286,291228,288304,14574,302878,4433
2021-05-17,Sacramento,067,1510023,105316,105035,1795,106830,1629
2021-05-17,San Benito,069,59416,6051,6067,118,6185,63
2021-05-17,San Bernardino,071,2135413,292330,291989,9420,301409,4724
2021-05-17,San Diego,073,3302833,279661,279146,14814,293960,3742
2021-05-17,San Francisco,075,870044,36569,36816,1373,38189,546
2021-05-17,San Joaquin,077,732212,72695,72234,3696,75930,1359
2021-05-17,San Luis Obispo,079,281455,21149,21079,768,21847,256
2021-05-17,San Mateo,081,765935,42257,42083,483,42566,428
2021-05-17,Santa Barbara,083,443738,34460,34275,1236,35511,459
2021-05-17,Santa Clara,085,1922200,117943,119116,788,119904,2015
2021-05-17,Santa Cruz,087,273765,16132,16151,874,17025,206
2021-05-17,Shasta,089,179085,12175,12163,1595,13758,200
2021-05-17,Sierra,091,2930,54,54,14,68,0
2021-05-17,Siskiyou,093,43540,1882,1795,364,2159,15
2021-05-17,Solano,095,438530,32649,32627,556,33183,253
2021-05-17,Sonoma,097,501317,29902,30043,335,30378,321
2021-05-17,Stanislaus,099,539301,55905,55839,6155,61994,951
2021-05-17,Sutter,101,95872,9447,9447,92,9539,113
2021-05-17,Tehama,103,63373,5025,5016,592,5608,63
2021-05-17,Trinity,105,12862,408,328,72,400,3
2021-05-17,Tulare,107,460477,49573,49107,9469,58576,836
2021-05-17,Tuolumne,109,53932,4071,4071,36,4107,64
2021-05-17,Ventura,111,848112,80946,80699,3084,83783,1017
2021-05-17,Yolo,113,214977,13950,13941,328,14269,211
2021-05-17,Yuba,115,75493,5996,5987,123,6110,49
2021-05-16,Alameda,001,1643700,87716,87743,2038,89781,1253
2021-05-16,Alpine,003,1148,88,88,0,88,0
2021-05-16,Amador,005,37829,3667,3667,34,3701,46
2021-05-16,Butte,007,227075,12388,12140,1888,14028,192
2021-05-16,Calaveras,009,45235,2140,2129,14,2143,53
2021-05-16,Colusa,011,21464,1935,1943,313,2256,14
2021-05-16,Contra Costa,013,1133247,69112,68694,1327,70021,805
2021-05-16,Del Norte,015,27424,1377,1365,12,1377,8
2021-05-16,El Dorado,017,186661,10169,10159,758,10917,112
2021-05-16,Fresno,019,978130,101882,101987,8961,110948,1690
2021-05-16,Glenn,021,27897,2407,2401,573,2974,17
2021-05-16,Humboldt,023,135768,4153,4104,34,4138,42
2021-05-16,Imperial,025,180216,28430,28516,2896,31412,729
2021-05-16,Inyo,027,18085,1402,1401,4,1405,36
2021-05-16,Kern,029,883053,96738,96083,11215,107298,1315
2021-05-16,Kings,031,150075,22955,22918,1181,24099,246
2021-05-16,Lake,033,64148,3503,3489,9,3498,43
2021-05-16,Lassen,035,31185,5183,5156,113,5269,6
2021-05-16,Los Angeles,037,10098052,1201020,1196397,43665,1240062,24120
2021-05-16,Madera,039,155013,16527,16483,954,17437,238
2021-05-16,Marin,041,260295,14025,14015,261,14276,227
2021-05-16,Mariposa,043,17540,428,423,11,434,5
2021-05-16,Mendocino,045,87422,3929,3863,76,3939,46
2021-05-16,Merced,047,269075,30924,31023,997,32020,450
2021-05-16,Modoc,049,8938,373,362,126,488,3
2021-05-16,Mono,051,14174,1243,1265,13,1278,3
2021-05-16,Monterey,053,433212,43021,42991,1930,44921,379
2021-05-16,Napa,055,140530,9893,9891,32,9923,82
2021-05-16,Nevada,057,99092,4774,4755,194,4949,70
2021-05-16,Orange,059,3164182,254582,253962,11687,265649,5031
2021-05-16,Placer,061,380077,23031,22696,1532,24228,289
2021-05-16,Plumas,063,18699,696,682,11,693,4
2021-05-16,Riverside,065,2383286,291156,288259,14564,302823,4433
2021-05-16,Sacramento,067,1510023,105202,105013,1793,106806,1628
2021-05-16,San Benito,069,59416,6050,6067,117,6184,63
2021-05-16,San Bernardino,071,2135413,292257,291940,9418,301358,4724
2021-05-16,San Diego,073,3302833,279543,279099,14801,293900,3742
2021-05-16,San Francisco,075,870044,36547,36808,1372,38180,546
2021-05-16,San Joaquin,077,732212,72647,72218,3691,75909,1359
2021-05-16,San Luis Obispo,079,281455,21142,21072,767,21839,256
2021-05-16,San Mateo,081,765935,42246,42063,482,42545,428
2021-05-16,Santa Barbara,083,443738,34453,34270,1236,35506,459
2021-05-16,Santa Clara,085,1922200,117914,119098,787,119885,2015
2021-05-16,Santa Cruz,087,273765,16130,16143,874,17017,206
2021-05-16,Shasta,089,179085,12159,12156,1591,13747,200
2021-05-16,Sierra,091,2930,54,54,14,68,0
2021-05-16,Siskiyou,093,43540,1878,1790,363,2153,15
2021-05-16,Solano,095,438530,32616,32619,554,33173,253
2021-05-16,Sonoma,097,501317,29883,30033,335,30368,321
2021-05-16,Stanislaus,099,539301,55850,55814,6143,61957,951
2021-05-16,Sutter,101,95872,9440,9445,92,9537,113
2021-05-16,Tehama,103,63373,5021,5013,591,5604,63
2021-05-16,Trinity,105,12862,408,328,72,400,3
2021-05-16,Tulare,107,460477,49556,49091,9466,58557,837
2021-05-16,Tuolumne,109,53932,4067,4070,36,4106,64
2021-05-16,Ventura,111,848112,80915,80689,3084,83773,1017
2021-05-16,Yolo,113,214977,13935,13938,328,14266,211
2021-05-16,Yuba,115,75493,5993,5987,123,6110,49
2021-05-15,Alameda,001,1643700,87690,87677,2037,89714,1252
2021-05-15,Alpine,003,1148,88,88,0,88,0
2021-05-15,Amador,005,37829,3667,3666,34,3700,46
2021-05-15,Butte,007,227075,12381,12095,1887,13982,192
2021-05-15,Calaveras,009,45235,2139,2126,14,2140,53
2021-05-15,Colusa,011,21464,1935,1941,311,2252,14
2021-05-15,Contra Costa,013,1133247,69066,68658,1327,69985,805
2021-05-15,Del Norte,015,27424,1372,1359,12,1371,8
2021-05-15,El Dorado,017,186661,10157,10156,757,10913,112
2021-05-15,Fresno,019,978130,101846,101957,8958,110915,1690
2021-05-15,Glenn,021,27897,2407,2400,573,2973,17
2021-05-15,Humboldt,023,135768,4143,4080,34,4114,42
2021-05-15,Imperial,025,180216,28427,28504,2895,31399,729
2021-05-15,Inyo,027,18085,1402,1402,4,1406,36
2021-05-15,Kern,029,883053,96725,96061,11199,107260,1315
2021-05-15,Kings,031,150075,22954,22913,1181,24094,246
2021-05-15,Lake,033,64148,3502,3485,9,3494,43
2021-05-15,Lassen,035,31185,5180,5156,112,5268,6
2021-05-15,Los Angeles,037,10098052,1200899,1196255,43651,1239906,24115
2021-05-15,Madera,039,155013,16524,16482,954,17436,238
2021-05-15,Marin,041,260295,14021,14012,261,14273,227
2021-05-15,Mariposa,043,17540,428,423,11,434,5
2021-05-15,Mendocino,045,87422,3926,3861,76,3937,46
2021-05-15,Merced,047,269075,30903,31012,997,32009,450
2021-05-15,Modoc,049,8938,373,362,126,488,3
2021-05-15,Mono,051,14174,1243,1265,13,1278,3
2021-05-15,Monterey,053,433212,43017,42982,1930,44912,379
2021-05-15,Napa,055,140530,9890,9887,32,9919,82
2021-05-15,Nevada,057,99092,4773,4755,194,4949,70
2021-05-15,Orange,059,3164182,254555,253919,11680,265599,5030
2021-05-15,Placer,061,380077,23010,22688,1532,24220,289
2021-05-15,Plumas,063,18699,696,681,11,692,4
2021-05-15,Riverside,065,2383286,291114,288203,14559,302762,4433
2021-05-15,Sacramento,067,1510023,105130,104929,1790,106719,1628
2021-05-15,San Benito,069,59416,6050,6066,117,6183,63
2021-05-15,San Bernardino,071,2135413,292215,291892,9416,301308,4724
2021-05-15,San Diego,073,3302833,279472,278991,14786,293777,3737
2021-05-15,San Francisco,075,870044,36531,36795,1370,38165,546
2021-05-15,San Joaquin,077,732212,72621,72197,3689,75886,1359
2021-05-15,San Luis Obispo,079,281455,21139,21061,766,21827,256
2021-05-15,San Mateo,081,765935,42230,42059,482,42541,428
2021-05-15,Santa Barbara,083,443738,34446,34259,1236,35495,459
2021-05-15,Santa Clara,085,1922200,117894,119060,787,119847,2016
2021-05-15,Santa Cruz,087,273765,16126,16137,874,17011,206
2021-05-15,Shasta,089,179085,12147,12152,1588,13740,200
2021-05-15,Sierra,091,2930,54,54,14,68,0
2021-05-15,Siskiyou,093,43540,1872,1788,361,2149,15
2021-05-15,Solano,095,438530,32607,32604,553,33157,253
2021-05-15,Sonoma,097,501317,29864,30020,335,30355,321
2021-05-15,Stanislaus,099,539301,55818,55795,6136,61931,952
2021-05-15,Sutter,101,95872,9438,9436,92,9528,113
2021-05-15,Tehama,103,63373,5017,5012,589,5601,63
2021-05-15,Trinity,105,12862,408,328,72,400,3
2021-05-15,Tulare,107,460477,49546,49080,9462,58542,837
2021-05-15,Tuolumne,109,53932,4065,4064,36,4100,63
2021-05-15,Ventura,111,848112,80904,80662,3084,83746,1017
2021-05-15,Yolo,113,214977,13928,13932,327,14259,211
2021-05-15,Yuba,115,75493,5990,5979,123,6102,49
2021-05-14,Alameda,001,1643700,87656,87621,2034,89655,1249
2021-05-14,Alpine,003,1148,88,88,0,88,0
2021-05-14,Amador,005,37829,3667,3665,34,3699,46
2021-05-14,Butte,007,227075,12372,12076,1884,13960,192
2021-05-14,Calaveras,009,45235,2135,2121,14,2135,53
2021-05-14,Colusa,011,21464,1934,1940,310,2250,14
2021-05-14,Contra Costa,013,1133247,69024,68589,1325,69914,806
2021-05-14,Del Norte,015,27424,1372,1355,12,1367,8
2021-05-14,El Dorado,017,186661,10150,10143,756,10899,113
2021-05-14,Fresno,019,978130,101817,101917,8952,110869,1688
2021-05-14,Glenn,021,27897,2406,2398,573,2971,17
2021-05-14,Humboldt,023,135768,4135,4050,34,4084,37
2021-05-14,Imperial,025,180216,28420,28485,2894,31379,728
2021-05-14,Inyo,027,18085,1402,1400,4,1404,36
2021-05-14,Kern,029,883053,96695,96033,11190,107223,1311
2021-05-14,Kings,031,150075,22953,22910,1181,24091,246
2021-05-14,Lake,033,64148,3498,3483,9,3492,43
2021-05-14,Lassen,035,31185,5180,5154,112,5266,6
2021-05-14,Los Angeles,037,10098052,1200765,1196038,43646,1239684,24101
2021-05-14,Madera,039,155013,16521,16474,954,17428,238
2021-05-14,Marin,041,260295,14017,14010,261,14271,227
2021-05-14,Mariposa,043,17540,428,422,11,433,5
2021-05-14,Mendocino,045,87422,3924,3855,76,3931,46
2021-05-14,Merced,047,269075,30893,31010,997,32007,450
2021-05-14,Modoc,049,8938,373,362,126,488,3
2021-05-14,Mono,051,14174,1242,1265,13,1278,3
2021-05-14,Monterey,053,433212,43012,42973,1930,44903,380
2021-05-14,Napa,055,140530,9887,9883,32,9915,82
2021-05-14,Nevada,057,99092,4768,4745,194,4939,70
2021-05-14,Orange,059,3164182,254522,253855,11673,265528,5028
2021-05-14,Placer,061,380077,22991,22660,1526,24186,287
2021-05-14,Plumas,063,18699,695,680,11,691,4
2021-05-14,Riverside,065,2383286,291064,288140,14556,302696,4433
2021-05-14,Sacramento,067,1510023,105041,104828,1789,106617,1627
2021-05-14,San Benito,069,59416,6050,6064,117,6181,63
2021-05-14,San Bernardino,071,2135413,292167,291834,9416,301250,4721
2021-05-14,San Diego,073,3302833,279400,278853,14774,293627,3732
2021-05-14,San Francisco,075,870044,36522,36771,1366,38137,545
2021-05-14,San Joaquin,077,732212,72589,72160,3682,75842,1359
2021-05-14,San Luis Obispo,079,281455,21136,21051,765,21816,256
2021-05-14,San Mateo,081,765935,42219,42041,482,42523,428
2021-05-14,Santa Barbara,083,443738,34436,34243,1236,35479,456
2021-05-14,Santa Clara,085,1922200,117865,119006,787,119793,2014
2021-05-14,Santa Cruz,087,273765,16121,16130,874,17004,207
2021-05-14,Shasta,089,179085,12141,12130,1583,13713,200
2021-05-14,Sierra,091,2930,54,54,14,68,0
2021-05-14,Siskiyou,093,43540,1865,1779,360,2139,14
2021-05-14,Solano,095,438530,32587,32585,552,33137,252
2021-05-14,Sonoma,097,501317,29846,30007,335,30342,321
2021-05-14,Stanislaus,099,539301,55782,55752,6130,61882,950
2021-05-14,Sutter,101,95872,9429,9433,90,9523,113
2021-05-14,Tehama,103,63373,5010,5005,589,5594,63
2021-05-14,Trinity,105,12862,408,328,72,400,3
2021-05-14,Tulare,107,460477,49530,49060,9456,58516,836
2021-05-14,Tuolumne,109,53932,4065,4060,36,4096,63
2021-05-14,Ventura,111,848112,80890,80628,3084,83712,1014
2021-05-14,Yolo,113,214977,13923,13922,323,14245,210
2021-05-14,Yuba,115,75493,5986,5970,123,6093,47
2021-05-13,Alameda,001,1643700,87611,87557,2033,89590,1250
2021-05-13,Alpine,003,1148,88,88,0,88,0
2021-05-13,Amador,005,37829,3667,3662,34,3696,46
2021-05-13,Butte,007,227075,12359,12051,1883,13934,196
2021-05-13,Calaveras,009,45235,2135,2120,14,2134,53
2021-05-13,Colusa,011,21464,1933,1939,306,2245,14
2021-05-13,Contra Costa,013,1133247,68976,68522,1324,69846,806
2021-05-13,Del Norte,015,27424,1370,1354,12,1366,8
2021-05-13,El Dorado,017,186661,10148,10133,756,10889,112
2021-05-13,Fresno,019,978130,101788,101862,8951,110813,1687
2021-05-13,Glenn,021,27897,2405,2395,573,2968,17
2021-05-13,Humboldt,023,135768,4117,4027,34,4061,37
2021-05-13,Imperial,025,180216,28405,28468,2892,31360,729
2021-05-13,Inyo,027,18085,1402,1400,4,1404,36
2021-05-13,Kern,029,883053,96672,95996,11171,107167,1311
2021-05-13,Kings,031,150075,22952,22904,1181,24085,246
2021-05-13,Lake,033,64148,3496,3479,9,3488,43
2021-05-13,Lassen,035,31185,5180,5152,111,5263,6
2021-05-13,Los Angeles,037,10098052,1200577,1195504,43632,1239136,24083
2021-05-13,Madera,039,155013,16513,16467,954,17421,238
2021-05-13,Marin,041,260295,14012,14004,259,14263,227
2021-05-13,Mariposa,043,17540,428,422,11,433,5
2021-05-13,Mendocino,045,87422,3920,3846,76,3922,46
2021-05-13,Merced,047,269075,30885,30989,997,31986,450
2021-05-13,Modoc,049,8938,373,362,126,488,3
2021-05-13,Mono,051,14174,1242,1265,13,1278,3
2021-05-13,Monterey,053,433212,42997,42966,1930,44896,380
2021-05-13,Napa,055,140530,9880,9877,32,9909,82
2021-05-13,Nevada,057,99092,4764,4743,193,4936,70
2021-05-13,Orange,059,3164182,254479,253778,11671,265449,5026
2021-05-13,Placer,061,380077,22967,22668,1519,24187,288
2021-05-13,Plumas,063,18699,695,680,11,691,4
2021-05-13,Riverside,065,2383286,291004,288067,14553,302620,4433
2021-05-13,Sacramento,067,1510023,104955,104711,1786,106497,1626
2021-05-13,San Benito,069,59416,6048,6062,117,6179,63
2021-05-13,San Bernardino,071,2135413,292102,291765,9416,301181,4722
2021-05-13,San Diego,073,3302833,279286,278592,14757,293349,3729
2021-05-13,San Francisco,075,870044,36498,36741,1364,38105,544
2021-05-13,San Joaquin,077,732212,72546,72096,3678,75774,1357
2021-05-13,San Luis Obispo,079,281455,21121,21043,764,21807,255
2021-05-13,San Mateo,081,765935,42202,42059,482,42541,426
2021-05-13,Santa Barbara,083,443738,34424,34242,1236,35478,456
2021-05-13,Santa Clara,085,1922200,117838,118952,787,119739,2013
2021-05-13,Santa Cruz,087,273765,16115,16129,874,17003,208
2021-05-13,Shasta,089,179085,12121,12111,1579,13690,200
2021-05-13,Sierra,091,2930,54,54,14,68,0
2021-05-13,Siskiyou,093,43540,1858,1769,357,2126,14
2021-05-13,Solano,095,438530,32574,32548,550,33098,252
2021-05-13,Sonoma,097,501317,29821,29991,335,30326,321
2021-05-13,Stanislaus,099,539301,55745,55678,6124,61802,949
2021-05-13,Sutter,101,95872,9425,9431,88,9519,112
2021-05-13,Tehama,103,63373,5005,4997,589,5586,63
2021-05-13,Trinity,105,12862,407,327,71,398,3
2021-05-13,Tulare,107,460477,49505,49032,9447,58479,837
2021-05-13,Tuolumne,109,53932,4064,4059,36,4095,63
2021-05-13,Ventura,111,848112,80860,80615,3083,83698,1012
2021-05-13,Yolo,113,214977,13914,13914,321,14235,210
2021-05-13,Yuba,115,75493,5977,5962,123,6085,47
2021-05-12,Alameda,001,1643700,87577,87482,2031,89513,1261
2021-05-12,Alpine,003,1148,88,88,0,88,0
2021-05-12,Amador,005,37829,3667,3658,34,3692,46
2021-05-12,Butte,007,227075,12349,12026,1883,13909,199
2021-05-12,Calaveras,009,45235,2132,2119,14,2133,53
2021-05-12,Colusa,011,21464,1931,1939,305,2244,14
2021-05-12,Contra Costa,013,1133247,68918,68462,1318,69780,805
2021-05-12,Del Norte,015,27424,1368,1352,12,1364,8
2021-05-12,El Dorado,017,186661,10139,10123,756,10879,112
2021-05-12,Fresno,019,978130,101739,101838,8940,110778,1688
2021-05-12,Glenn,021,27897,2402,2391,573,2964,17
2021-05-12,Humboldt,023,135768,4089,3982,34,4016,37
2021-05-12,Imperial,025,180216,28387,28443,2889,31332,726
2021-05-12,Inyo,027,18085,1402,1400,4,1404,36
2021-05-12,Kern,029,883053,96636,95955,11164,107119,1310
2021-05-12,Kings,031,150075,22950,22896,1181,24077,246
2021-05-12,Lake,033,64148,3494,3476,9,3485,43
2021-05-12,Lassen,035,31185,5178,5151,111,5262,6
2021-05-12,Los Angeles,037,10098052,1200397,1195318,43616,1238934,24067
2021-05-12,Madera,039,155013,16507,16462,953,17415,238
2021-05-12,Marin,041,260295,14007,13997,259,14256,227
2021-05-12,Mariposa,043,17540,428,422,11,433,5
2021-05-12,Mendocino,045,87422,3910,3836,76,3912,46
2021-05-12,Merced,047,269075,30869,30941,997,31938,450
2021-05-12,Modoc,049,8938,372,362,126,488,3
2021-05-12,Mono,051,14174,1242,1265,13,1278,3
2021-05-12,Monterey,053,433212,42985,42950,1929,44879,380
2021-05-12,Napa,055,140530,9874,9870,32,9902,82
2021-05-12,Nevada,057,99092,4760,4738,193,4931,70
2021-05-12,Orange,059,3164182,254428,253587,11668,265255,5024
2021-05-12,Placer,061,380077,22948,22652,1512,24164,288
2021-05-12,Plumas,063,18699,695,681,11,692,4
2021-05-12,Riverside,065,2383286,290935,287830,14548,302378,4431
2021-05-12,Sacramento,067,1510023,104859,104592,1785,106377,1621
2021-05-12,San Benito,069,59416,6048,6062,117,6179,63
2021-05-12,San Bernardino,071,2135413,292057,291505,9411,300916,4715
2021-05-12,San Diego,073,3302833,279182,278402,14736,293138,3729
2021-05-12,San Francisco,075,870044,36479,36720,1363,38083,544
2021-05-12,San Joaquin,077,732212,72492,72043,3674,75717,1356
2021-05-12,San Luis Obispo,079,281455,21111,21021,764,21785,255
2021-05-12,San Mateo,081,765935,42193,42038,480,42518,426
2021-05-12,Santa Barbara,083,443738,34417,34218,1236,35454,456
2021-05-12,Santa Clara,085,1922200,117795,118897,787,119684,2005
2021-05-12,Santa Cruz,087,273765,16109,16123,874,16997,207
2021-05-12,Shasta,089,179085,12101,12092,1577,13669,200
2021-05-12,Sierra,091,2930,54,54,14,68,0
2021-05-12,Siskiyou,093,43540,1854,1760,355,2115,13
2021-05-12,Solano,095,438530,32550,32519,550,33069,252
2021-05-12,Sonoma,097,501317,29809,29976,335,30311,320
2021-05-12,Stanislaus,099,539301,55706,55632,6115,61747,919
2021-05-12,Sutter,101,95872,9422,9427,88,9515,112
2021-05-12,Tehama,103,63373,5001,4989,589,5578,62
2021-05-12,Trinity,105,12862,407,327,71,398,3
2021-05-12,Tulare,107,460477,49489,49001,9439,58440,838
2021-05-12,Tuolumne,109,53932,4063,4056,36,4092,63
2021-05-12,Ventura,111,848112,80841,80577,3083,83660,1010
2021-05-12,Yolo,113,214977,13907,13910,320,14230,210
2021-05-12,Yuba,115,75493,5974,5956,123,6079,47
2021-05-11,Alameda,001,1643700,87513,87413,2027,89440,1290
2021-05-11,Alpine,003,1148,88,88,0,88,0
2021-05-11,Amador,005,37829,3665,3657,34,3691,46
2021-05-11,Butte,007,227075,12334,12008,1880,13888,199
2021-05-11,Calaveras,009,45235,2132,2118,14,2132,52
2021-05-11,Colusa,011,21464,1930,1939,305,2244,14
2021-05-11,Contra Costa,013,1133247,68858,68406,1317,69723,806
2021-05-11,Del Norte,015,27424,1366,1347,12,1359,8
2021-05-11,El Dorado,017,186661,10133,10108,755,10863,112
2021-05-11,Fresno,019,978130,101694,101792,8934,110726,1686
2021-05-11,Glenn,021,27897,2401,2387,572,2959,17
2021-05-11,Humboldt,023,135768,4068,3964,33,3997,37
2021-05-11,Imperial,025,180216,28379,28413,2885,31298,722
2021-05-11,Inyo,027,18085,1401,1402,4,1406,36
2021-05-11,Kern,029,883053,96610,95938,11150,107088,1310
2021-05-11,Kings,031,150075,22942,22887,1181,24068,246
2021-05-11,Lake,033,64148,3494,3473,9,3482,43
2021-05-11,Lassen,035,31185,5176,5148,111,5259,6
2021-05-11,Los Angeles,037,10098052,1200162,1195100,43603,1238703,24048
2021-05-11,Madera,039,155013,16503,16459,953,17412,238
2021-05-11,Marin,041,260295,14000,13987,259,14246,227
2021-05-11,Mariposa,043,17540,428,421,11,432,5
2021-05-11,Mendocino,045,87422,3902,3821,76,3897,46
2021-05-11,Merced,047,269075,30860,30893,997,31890,449
2021-05-11,Modoc,049,8938,372,362,125,487,3
2021-05-11,Mono,051,14174,1242,1265,13,1278,3
2021-05-11,Monterey,053,433212,42977,42934,1928,44862,380
2021-05-11,Napa,055,140530,9867,9870,32,9902,81
2021-05-11,Nevada,057,99092,4756,4737,193,4930,70
2021-05-11,Orange,059,3164182,254365,253545,11660,265205,5017
2021-05-11,Placer,061,380077,22927,22615,1508,24123,287
2021-05-11,Plumas,063,18699,693,679,11,690,4
2021-05-11,Riverside,065,2383286,290875,287757,14543,302300,4429
2021-05-11,Sacramento,067,1510023,104760,104496,1782,106278,1616
2021-05-11,San Benito,069,59416,6045,6058,117,6175,63
2021-05-11,San Bernardino,071,2135413,291997,291421,9409,300830,4707
2021-05-11,San Diego,073,3302833,279047,278308,14717,293025,3725
2021-05-11,San Francisco,075,870044,36459,36707,1363,38070,543
2021-05-11,San Joaquin,077,732212,72444,71999,3671,75670,1356
2021-05-11,San Luis Obispo,079,281455,21104,21008,762,21770,255
2021-05-11,San Mateo,081,765935,42174,41985,479,42464,425
2021-05-11,Santa Barbara,083,443738,34408,34207,1236,35443,456
2021-05-11,Santa Clara,085,1922200,117749,118857,786,119643,2005
2021-05-11,Santa Cruz,087,273765,16105,16113,874,16987,206
2021-05-11,Shasta,089,179085,12078,12050,1571,13621,200
2021-05-11,Sierra,091,2930,54,54,14,68,0
2021-05-11,Siskiyou,093,43540,1845,1756,353,2109,13
2021-05-11,Solano,095,438530,32533,32499,548,33047,250
2021-05-11,Sonoma,097,501317,29794,29966,335,30301,318
2021-05-11,Stanislaus,099,539301,55656,55589,6111,61700,909
2021-05-11,Sutter,101,95872,9415,9417,88,9505,112
2021-05-11,Tehama,103,63373,4997,4985,588,5573,62
2021-05-11,Trinity,105,12862,407,327,70,397,3
2021-05-11,Tulare,107,460477,49463,48974,9424,58398,837
2021-05-11,Tuolumne,109,53932,4062,4056,36,4092,63
2021-05-11,Ventura,111,848112,80817,80544,3080,83624,1008
2021-05-11,Yolo,113,214977,13894,13902,317,14219,210
2021-05-11,Yuba,115,75493,5965,5950,123,6073,46
2021-05-10,Alameda,001,1643700,87442,87366,2026,89392,1284
2021-05-10,Alpine,003,1148,88,88,0,88,0
2021-05-10,Amador,005,37829,3664,3657,34,3691,46
2021-05-10,Butte,007,227075,12319,11993,1875,13868,199
2021-05-10,Calaveras,009,45235,2125,2118,14,2132,52
2021-05-10,Colusa,011,21464,1930,1939,305,2244,14
2021-05-10,Contra Costa,013,1133247,68795,68357,1317,69674,806
2021-05-10,Del Norte,015,27424,1363,1339,12,1351,8
2021-05-10,El Dorado,017,186661,10119,10093,755,10848,113
2021-05-10,Fresno,019,978130,101663,101755,8928,110683,1682
2021-05-10,Glenn,021,27897,2400,2384,570,2954,17
2021-05-10,Humboldt,023,135768,4038,3961,33,3994,36
2021-05-10,Imperial,025,180216,28365,28397,2881,31278,722
2021-05-10,Inyo,027,18085,1401,1401,4,1405,36
2021-05-10,Kern,029,883053,96567,95920,11136,107056,1310
2021-05-10,Kings,031,150075,22931,22884,1180,24064,246
2021-05-10,Lake,033,64148,3486,3471,9,3480,43
2021-05-10,Lassen,035,31185,5172,5148,111,5259,5
2021-05-10,Los Angeles,037,10098052,1199908,1194976,43585,1238561,24030
2021-05-10,Madera,039,155013,16493,16450,953,17403,238
2021-05-10,Marin,041,260295,13997,13981,259,14240,228
2021-05-10,Mariposa,043,17540,427,420,11,431,5
2021-05-10,Mendocino,045,87422,3896,3818,76,3894,46
2021-05-10,Merced,047,269075,30850,30880,997,31877,448
2021-05-10,Modoc,049,8938,372,361,125,486,3
2021-05-10,Mono,051,14174,1242,1265,13,1278,3
2021-05-10,Monterey,053,433212,42971,42927,1923,44850,380
2021-05-10,Napa,055,140530,9865,9860,32,9892,81
2021-05-10,Nevada,057,99092,4749,4735,193,4928,70
2021-05-10,Orange,059,3164182,254312,253484,11654,265138,5008
2021-05-10,Placer,061,380077,22906,22590,1505,24095,286
2021-05-10,Plumas,063,18699,692,679,11,690,4
2021-05-10,Riverside,065,2383286,290809,287689,14537,302226,4427
2021-05-10,Sacramento,067,1510023,104648,104378,1777,106155,1613
2021-05-10,San Benito,069,59416,6044,6058,117,6175,63
2021-05-10,San Bernardino,071,2135413,291946,291360,9408,300768,4707
2021-05-10,San Diego,073,3302833,278882,278183,14690,292873,3725
2021-05-10,San Francisco,075,870044,36440,36683,1363,38046,543
2021-05-10,San Joaquin,077,732212,72407,71954,3656,75610,1356
2021-05-10,San Luis Obispo,079,281455,21086,20993,761,21754,256
2021-05-10,San Mateo,081,765935,42156,41926,479,42405,424
2021-05-10,Santa Barbara,083,443738,34401,34201,1236,35437,456
2021-05-10,Santa Clara,085,1922200,117690,118822,786,119608,2003
2021-05-10,Santa Cruz,087,273765,16099,16114,874,16988,206
2021-05-10,Shasta,089,179085,12064,12036,1567,13603,200
2021-05-10,Sierra,091,2930,54,54,14,68,0
2021-05-10,Siskiyou,093,43540,1835,1752,351,2103,13
2021-05-10,Solano,095,438530,32513,32466,546,33012,250
2021-05-10,Sonoma,097,501317,29779,29955,334,30289,318
2021-05-10,Stanislaus,099,539301,55581,55541,6105,61646,898
2021-05-10,Sutter,101,95872,9409,9412,88,9500,111
2021-05-10,Tehama,103,63373,4993,4980,588,5568,62
2021-05-10,Trinity,105,12862,407,327,68,395,3
2021-05-10,Tulare,107,460477,49439,48956,9418,58374,837
2021-05-10,Tuolumne,109,53932,4058,4054,36,4090,63
2021-05-10,Ventura,111,848112,80801,80501,3078,83579,1008
2021-05-10,Yolo,113,214977,13882,13898,315,14213,209
2021-05-10,Yuba,115,75493,5963,5942,123,6065,46
2021-05-09,Alameda,001,1643700,87371,87292,2023,89315,1284
2021-05-09,Alpine,003,1148,88,88,0,88,0
2021-05-09,Amador,005,37829,3662,3655,34,3689,46
2021-05-09,Butte,007,227075,12300,11985,1871,13856,199
2021-05-09,Calaveras,009,45235,2124,2116,14,2130,52
2021-05-09,Colusa,011,21464,1929,1940,305,2245,14
2021-05-09,Contra Costa,013,1133247,68731,68302,1315,69617,806
2021-05-09,Del Norte,015,27424,1356,1338,12,1350,8
2021-05-09,El Dorado,017,186661,10105,10089,752,10841,113
2021-05-09,Fresno,019,978130,101625,101729,8919,110648,1682
2021-05-09,Glenn,021,27897,2393,2382,567,2949,17
2021-05-09,Humboldt,023,135768,4018,3950,33,3983,36
2021-05-09,Imperial,025,180216,28342,28388,2874,31262,722
2021-05-09,Inyo,027,18085,1401,1401,3,1404,36
2021-05-09,Kern,029,883053,96539,95903,11125,107028,1310
2021-05-09,Kings,031,150075,22922,22878,1180,24058,246
2021-05-09,Lake,033,64148,3482,3471,9,3480,43
2021-05-09,Lassen,035,31185,5170,5147,111,5258,5
2021-05-09,Los Angeles,037,10098052,1199649,1194820,43570,1238390,24026
2021-05-09,Madera,039,155013,16484,16444,947,17391,238
2021-05-09,Marin,041,260295,13986,13979,258,14237,228
2021-05-09,Mariposa,043,17540,424,420,11,431,5
2021-05-09,Mendocino,045,87422,3886,3814,76,3890,46
2021-05-09,Merced,047,269075,30827,30883,997,31880,448
2021-05-09,Modoc,049,8938,372,360,125,485,3
2021-05-09,Mono,051,14174,1242,1264,13,1277,3
2021-05-09,Monterey,053,433212,42954,42918,1923,44841,380
2021-05-09,Napa,055,140530,9854,9857,32,9889,81
2021-05-09,Nevada,057,99092,4742,4727,193,4920,70
2021-05-09,Orange,059,3164182,254259,253451,11646,265097,5008
2021-05-09,Placer,061,380077,22880,22566,1502,24068,286
2021-05-09,Plumas,063,18699,691,679,11,690,4
2021-05-09,Riverside,065,2383286,290731,287644,14531,302175,4427
2021-05-09,Sacramento,067,1510023,104501,104309,1770,106079,1612
2021-05-09,San Benito,069,59416,6042,6056,117,6173,63
2021-05-09,San Bernardino,071,2135413,291864,291337,9402,300739,4707
2021-05-09,San Diego,073,3302833,278715,277950,14668,292618,3725
2021-05-09,San Francisco,075,870044,36414,36669,1361,38030,543
2021-05-09,San Joaquin,077,732212,72361,71927,3655,75582,1356
2021-05-09,San Luis Obispo,079,281455,21076,20999,761,21760,256
2021-05-09,San Mateo,081,765935,42127,41903,479,42382,424
2021-05-09,Santa Barbara,083,443738,34388,34196,1235,35431,456
2021-05-09,Santa Clara,085,1922200,117636,118798,785,119583,2003
2021-05-09,Santa Cruz,087,273765,16093,16094,874,16968,206
2021-05-09,Shasta,089,179085,12034,12034,1562,13596,200
2021-05-09,Sierra,091,2930,54,54,14,68,0
2021-05-09,Siskiyou,093,43540,1829,1741,348,2089,13
2021-05-09,Solano,095,438530,32474,32434,543,32977,250
2021-05-09,Sonoma,097,501317,29765,29953,333,30286,318
2021-05-09,Stanislaus,099,539301,55514,55511,6101,61612,898
2021-05-09,Sutter,101,95872,9403,9413,88,9501,111
2021-05-09,Tehama,103,63373,4988,4979,588,5567,62
2021-05-09,Trinity,105,12862,407,327,68,395,3
2021-05-09,Tulare,107,460477,49412,48948,9413,58361,837
2021-05-09,Tuolumne,109,53932,4057,4053,36,4089,63
2021-05-09,Ventura,111,848112,80786,80487,3077,83564,1008
2021-05-09,Yolo,113,214977,13871,13897,314,14211,209
2021-05-09,Yuba,115,75493,5957,5934,123,6057,46
2021-05-08,Alameda,001,1643700,87329,87213,2019,89232,1284
2021-05-08,Alpine,003,1148,88,88,0,88,0
2021-05-08,Amador,005,37829,3660,3652,34,3686,46
2021-05-08,Butte,007,227075,12288,11962,1870,13832,199
2021-05-08,Calaveras,009,45235,2123,2114,14,2128,52
2021-05-08,Colusa,011,21464,1929,1939,305,2244,14
2021-05-08,Contra Costa,013,1133247,68698,68223,1313,69536,803
2021-05-08,Del Norte,015,27424,1353,1335,12,1347,8
2021-05-08,El Dorado,017,186661,10091,10079,752,10831,113
2021-05-08,Fresno,019,978130,101590,101676,8914,110590,1682
2021-05-08,Glenn,021,27897,2391,2382,565,2947,17
2021-05-08,Humboldt,023,135768,4002,3939,33,3972,36
2021-05-08,Imperial,025,180216,28334,28373,2874,31247,721
2021-05-08,Inyo,027,18085,1401,1402,3,1405,36
2021-05-08,Kern,029,883053,96515,95880,11112,106992,1310
2021-05-08,Kings,031,150075,22919,22872,1179,24051,246
2021-05-08,Lake,033,64148,3481,3470,9,3479,43
2021-05-08,Lassen,035,31185,5169,5145,111,5256,5
2021-05-08,Los Angeles,037,10098052,1199502,1194584,43554,1238138,24022
2021-05-08,Madera,039,155013,16480,16442,947,17389,238
2021-05-08,Marin,041,260295,13983,13974,257,14231,228
2021-05-08,Mariposa,043,17540,424,420,11,431,5
2021-05-08,Mendocino,045,87422,3881,3810,75,3885,46
2021-05-08,Merced,047,269075,30818,30876,997,31873,448
2021-05-08,Modoc,049,8938,372,360,124,484,3
2021-05-08,Mono,051,14174,1242,1262,13,1275,3
2021-05-08,Monterey,053,433212,42949,42914,1922,44836,380
2021-05-08,Napa,055,140530,9847,9853,32,9885,81
2021-05-08,Nevada,057,99092,4739,4716,193,4909,70
2021-05-08,Orange,059,3164182,254223,253412,11643,265055,5006
2021-05-08,Placer,061,380077,22862,22547,1500,24047,286
2021-05-08,Plumas,063,18699,690,679,11,690,4
2021-05-08,Riverside,065,2383286,290689,287574,14529,302103,4427
2021-05-08,Sacramento,067,1510023,104417,104208,1766,105974,1610
2021-05-08,San Benito,069,59416,6041,6048,117,6165,63
2021-05-08,San Bernardino,071,2135413,291820,291296,9402,300698,4707
2021-05-08,San Diego,073,3302833,278631,277760,14650,292410,3725
2021-05-08,San Francisco,075,870044,36391,36642,1361,38003,543
2021-05-08,San Joaquin,077,732212,72332,71869,3646,75515,1356
2021-05-08,San Luis Obispo,079,281455,21065,20992,761,21753,256
2021-05-08,San Mateo,081,765935,42116,41871,479,42350,424
2021-05-08,Santa Barbara,083,443738,34375,34185,1235,35420,456
2021-05-08,Santa Clara,085,1922200,117605,118751,785,119536,2003
2021-05-08,Santa Cruz,087,273765,16090,16089,874,16963,206
2021-05-08,Shasta,089,179085,12024,12030,1558,13588,200
2021-05-08,Sierra,091,2930,54,54,14,68,0
2021-05-08,Siskiyou,093,43540,1828,1741,344,2085,13
2021-05-08,Solano,095,438530,32449,32395,541,32936,249
2021-05-08,Sonoma,097,501317,29752,29942,333,30275,318
2021-05-08,Stanislaus,099,539301,55481,55467,6097,61564,898
2021-05-08,Sutter,101,95872,9400,9413,88,9501,111
2021-05-08,Tehama,103,63373,4986,4977,588,5565,62
2021-05-08,Trinity,105,12862,407,327,68,395,3
2021-05-08,Tulare,107,460477,49398,48929,9403,58332,837
2021-05-08,Tuolumne,109,53932,4056,4050,36,4086,63
2021-05-08,Ventura,111,848112,80775,80481,3074,83555,1008
2021-05-08,Yolo,113,214977,13868,13894,313,14207,209
2021-05-08,Yuba,115,75493,5949,5928,123,6051,46
2021-05-07,Alameda,001,1643700,87278,87128,2018,89146,1280
2021-05-07,Alpine,003,1148,88,88,0,88,0
2021-05-07,Amador,005,37829,3657,3651,34,3685,46
2021-05-07,Butte,007,227075,12270,11943,1865,13808,199
2021-05-07,Calaveras,009,45235,2121,2114,14,2128,52
2021-05-07,Colusa,011,21464,1929,1937,305,2242,14
2021-05-07,Contra Costa,013,1133247,68652,68156,1311,69467,804
2021-05-07,Del Norte,015,27424,1348,1329,12,1341,8
2021-05-07,El Dorado,017,186661,10078,10065,750,10815,112
2021-05-07,Fresno,019,978130,101557,101625,8913,110538,1684
2021-05-07,Glenn,021,27897,2388,2381,564,2945,17
2021-05-07,Humboldt,023,135768,3987,3919,33,3952,36
2021-05-07,Imperial,025,180216,28326,28352,2873,31225,721
2021-05-07,Inyo,027,18085,1401,1402,3,1405,36
2021-05-07,Kern,029,883053,96502,95839,11100,106939,1308
2021-05-07,Kings,031,150075,22918,22857,1178,24035,246
2021-05-07,Lake,033,64148,3479,3467,9,3476,43
2021-05-07,Lassen,035,31185,5168,5144,110,5254,5
2021-05-07,Los Angeles,037,10098052,1199329,1194294,43544,1237838,24008
2021-05-07,Madera,039,155013,16475,16439,947,17386,238
2021-05-07,Marin,041,260295,13979,13968,257,14225,228
2021-05-07,Mariposa,043,17540,423,419,11,430,5
2021-05-07,Mendocino,045,87422,3875,3805,75,3880,46
2021-05-07,Merced,047,269075,30815,30862,997,31859,446
2021-05-07,Modoc,049,8938,372,360,124,484,3
2021-05-07,Mono,051,14174,1241,1261,13,1274,3
2021-05-07,Monterey,053,433212,42943,42909,1920,44829,380
2021-05-07,Napa,055,140530,9846,9849,32,9881,81
2021-05-07,Nevada,057,99092,4735,4704,193,4897,70
2021-05-07,Orange,059,3164182,254186,253338,11633,264971,5000
2021-05-07,Placer,061,380077,22843,22524,1497,24021,286
2021-05-07,Plumas,063,18699,690,678,11,689,4
2021-05-07,Riverside,065,2383286,290632,287479,14528,302007,4426
2021-05-07,Sacramento,067,1510023,104344,104068,1761,105829,1609
2021-05-07,San Benito,069,59416,6040,6048,117,6165,63
2021-05-07,San Bernardino,071,2135413,291777,291185,9397,300582,4697
2021-05-07,San Diego,073,3302833,278547,277534,14635,292169,3718
2021-05-07,San Francisco,075,870044,36378,36616,1360,37976,543
2021-05-07,San Joaquin,077,732212,72292,71804,3644,75448,1351
2021-05-07,San Luis Obispo,079,281455,21058,20979,761,21740,256
2021-05-07,San Mateo,081,765935,42100,41844,479,42323,424
2021-05-07,Santa Barbara,083,443738,34365,34166,1235,35401,453
2021-05-07,Santa Clara,085,1922200,117572,118691,784,119475,2002
2021-05-07,Santa Cruz,087,273765,16087,16074,874,16948,206
2021-05-07,Shasta,089,179085,12002,12005,1556,13561,200
2021-05-07,Sierra,091,2930,54,54,14,68,0
2021-05-07,Siskiyou,093,43540,1825,1723,344,2067,13
2021-05-07,Solano,095,438530,32422,32352,539,32891,249
2021-05-07,Sonoma,097,501317,29734,29925,331,30256,318
2021-05-07,Stanislaus,099,539301,55440,55407,6091,61498,896
2021-05-07,Sutter,101,95872,9400,9407,87,9494,111
2021-05-07,Tehama,103,63373,4979,4974,588,5562,57
2021-05-07,Trinity,105,12862,407,327,68,395,3
2021-05-07,Tulare,107,460477,49381,48913,9398,58311,837
2021-05-07,Tuolumne,109,53932,4054,4048,36,4084,63
2021-05-07,Ventura,111,848112,80751,80444,3074,83518,1008
2021-05-07,Yolo,113,214977,13863,13875,312,14187,209
2021-05-07,Yuba,115,75493,5939,5910,123,6033,46
2021-05-06,Alameda,001,1643700,87200,87028,2014,89042,1278
2021-05-06,Alpine,003,1148,88,88,0,88,0
2021-05-06,Amador,005,37829,3655,3650,34,3684,46
2021-05-06,Butte,007,227075,12250,11929,1860,13789,198
2021-05-06,Calaveras,009,45235,2120,2111,14,2125,52
2021-05-06,Colusa,011,21464,1929,1935,305,2240,14
2021-05-06,Contra Costa,013,1133247,68597,68076,1308,69384,802
2021-05-06,Del Norte,015,27424,1340,1324,12,1336,6
2021-05-06,El Dorado,017,186661,10071,10048,750,10798,112
2021-05-06,Fresno,019,978130,101516,101536,8907,110443,1680
2021-05-06,Glenn,021,27897,2387,2380,563,2943,17
2021-05-06,Humboldt,023,135768,3963,3898,32,3930,36
2021-05-06,Imperial,025,180216,28315,28311,2872,31183,720
2021-05-06,Inyo,027,18085,1401,1401,3,1404,36
2021-05-06,Kern,029,883053,96477,95801,11083,106884,1307
2021-05-06,Kings,031,150075,22911,22848,1177,24025,246
2021-05-06,Lake,033,64148,3478,3465,9,3474,43
2021-05-06,Lassen,035,31185,5167,5143,110,5253,1
2021-05-06,Los Angeles,037,10098052,1199089,1193954,43527,1237481,23991
2021-05-06,Madera,039,155013,16467,16430,947,17377,238
2021-05-06,Marin,041,260295,13975,13956,257,14213,228
2021-05-06,Mariposa,043,17540,422,419,11,430,5
2021-05-06,Mendocino,045,87422,3864,3802,75,3877,46
2021-05-06,Merced,047,269075,30800,30863,996,31859,444
2021-05-06,Modoc,049,8938,372,360,124,484,3
2021-05-06,Mono,051,14174,1239,1261,13,1274,3
2021-05-06,Monterey,053,433212,42928,42899,1920,44819,379
2021-05-06,Napa,055,140530,9840,9843,32,9875,81
2021-05-06,Nevada,057,99092,4734,4687,193,4880,70
2021-05-06,Orange,059,3164182,254118,253286,11626,264912,4991
2021-05-06,Placer,061,380077,22821,22493,1497,23990,286
2021-05-06,Plumas,063,18699,690,678,11,689,4
2021-05-06,Riverside,065,2383286,290559,287399,14523,301922,4422
2021-05-06,Sacramento,067,1510023,104228,103956,1758,105714,1609
2021-05-06,San Benito,069,59416,6039,6045,117,6162,63
2021-05-06,San Bernardino,071,2135413,291706,291085,9396,300481,4683
2021-05-06,San Diego,073,3302833,278423,277324,14612,291936,3716
2021-05-06,San Francisco,075,870044,36363,36599,1360,37959,543
2021-05-06,San Joaquin,077,732212,72237,71729,3641,75370,1350
2021-05-06,San Luis Obispo,079,281455,21046,20965,759,21724,256
2021-05-06,San Mateo,081,765935,42082,41802,478,42280,424
2021-05-06,Santa Barbara,083,443738,34352,34152,1235,35387,453
2021-05-06,Santa Clara,085,1922200,117531,118591,784,119375,2001
2021-05-06,Santa Cruz,087,273765,16080,16050,874,16924,206
2021-05-06,Shasta,089,179085,11980,11983,1550,13533,199
2021-05-06,Sierra,091,2930,54,54,14,68,0
2021-05-06,Siskiyou,093,43540,1816,1711,342,2053,12
2021-05-06,Solano,095,438530,32396,32320,531,32851,249
2021-05-06,Sonoma,097,501317,29726,29911,331,30242,318
2021-05-06,Stanislaus,099,539301,55384,55323,6088,61411,834
2021-05-06,Sutter,101,95872,9394,9396,87,9483,111
2021-05-06,Tehama,103,63373,4974,4970,588,5558,53
2021-05-06,Trinity,105,12862,407,327,68,395,3
2021-05-06,Tulare,107,460477,49357,48890,9383,58273,836
2021-05-06,Tuolumne,109,53932,4050,4047,36,4083,63
2021-05-06,Ventura,111,848112,80720,80411,3071,83482,1005
2021-05-06,Yolo,113,214977,13855,13871,308,14179,209
2021-05-06,Yuba,115,75493,5927,5901,123,6024,46
2021-05-05,Alameda,001,1643700,87139,86950,2012,88962,1278
2021-05-05,Alpine,003,1148,88,88,0,88,0
2021-05-05,Amador,005,37829,3652,3650,34,3684,46
2021-05-05,Butte,007,227075,12232,11907,1857,13764,198
2021-05-05,Calaveras,009,45235,2116,2103,14,2117,52
2021-05-05,Colusa,011,21464,1928,1933,305,2238,14
2021-05-05,Contra Costa,013,1133247,68532,67997,1303,69300,803
2021-05-05,Del Norte,015,27424,1337,1317,12,1329,6
2021-05-05,El Dorado,017,186661,10060,10020,749,10769,111
2021-05-05,Fresno,019,978130,101467,101491,8898,110389,1680
2021-05-05,Glenn,021,27897,2384,2380,562,2942,17
2021-05-05,Humboldt,023,135768,3944,3886,31,3917,36
2021-05-05,Imperial,025,180216,28274,28295,2865,31160,720
2021-05-05,Inyo,027,18085,1400,1401,3,1404,36
2021-05-05,Kern,029,883053,96433,95753,11079,106832,1304
2021-05-05,Kings,031,150075,22905,22840,1176,24016,246
2021-05-05,Lake,033,64148,3475,3458,9,3467,43
2021-05-05,Lassen,035,31185,5167,5143,109,5252,1
2021-05-05,Los Angeles,037,10098052,1198823,1193608,43514,1237122,23977
2021-05-05,Madera,039,155013,16465,16423,947,17370,235
2021-05-05,Marin,041,260295,13967,13950,256,14206,228
2021-05-05,Mariposa,043,17540,422,418,11,429,5
2021-05-05,Mendocino,045,87422,3860,3799,75,3874,46
2021-05-05,Merced,047,269075,30779,30844,996,31840,444
2021-05-05,Modoc,049,8938,371,361,123,484,3
2021-05-05,Mono,051,14174,1239,1260,13,1273,3
2021-05-05,Monterey,053,433212,42915,42870,1917,44787,379
2021-05-05,Napa,055,140530,9834,9833,32,9865,81
2021-05-05,Nevada,057,99092,4731,4666,193,4859,70
2021-05-05,Orange,059,3164182,254063,253237,11621,264858,4978
2021-05-05,Placer,061,380077,22789,22362,1493,23855,287
2021-05-05,Plumas,063,18699,690,677,11,688,4
2021-05-05,Riverside,065,2383286,290469,287353,14513,301866,4414
2021-05-05,Sacramento,067,1510023,104140,103476,1753,105229,1607
2021-05-05,San Benito,069,59416,6030,6046,117,6163,63
2021-05-05,San Bernardino,071,2135413,291633,291008,9392,300400,4677
2021-05-05,San Diego,073,3302833,278285,277098,14592,291690,3716
2021-05-05,San Francisco,075,870044,36348,36577,1359,37936,543
2021-05-05,San Joaquin,077,732212,72184,71638,3638,75276,1345
2021-05-05,San Luis Obispo,079,281455,21038,20958,759,21717,256
2021-05-05,San Mateo,081,765935,42051,41755,477,42232,415
2021-05-05,Santa Barbara,083,443738,34338,34139,1234,35373,453
2021-05-05,Santa Clara,085,1922200,117501,118482,780,119262,1992
2021-05-05,Santa Cruz,087,273765,16074,16013,874,16887,207
2021-05-05,Shasta,089,179085,11964,11939,1546,13485,200
2021-05-05,Sierra,091,2930,54,54,14,68,0
2021-05-05,Siskiyou,093,43540,1799,1706,334,2040,11
2021-05-05,Solano,095,438530,32361,32250,529,32779,249
2021-05-05,Sonoma,097,501317,29713,29879,331,30210,318
2021-05-05,Stanislaus,099,539301,55326,55231,6086,61317,807
2021-05-05,Sutter,101,95872,9388,9387,87,9474,111
2021-05-05,Tehama,103,63373,4971,4968,588,5556,53
2021-05-05,Trinity,105,12862,407,326,68,394,3
2021-05-05,Tulare,107,460477,49335,48875,9374,58249,835
2021-05-05,Tuolumne,109,53932,4047,4040,36,4076,63
2021-05-05,Ventura,111,848112,80691,80372,3067,83439,1005
2021-05-05,Yolo,113,214977,13851,13846,306,14152,209
2021-05-05,Yuba,115,75493,5917,5895,122,6017,44
2021-05-04,Alameda,001,1643700,87047,86894,2012,88906,1277
2021-05-04,Alpine,003,1148,88,88,0,88,0
2021-05-04,Amador,005,37829,3652,3650,34,3684,46
2021-05-04,Butte,007,227075,12208,11883,1855,13738,198
2021-05-04,Calaveras,009,45235,2111,2100,14,2114,52
2021-05-04,Colusa,011,21464,1927,1933,305,2238,14
2021-05-04,Contra Costa,013,1133247,68454,67931,1299,69230,799
2021-05-04,Del Norte,015,27424,1337,1314,12,1326,6
2021-05-04,El Dorado,017,186661,10049,10009,745,10754,110
2021-05-04,Fresno,019,978130,101412,101451,8891,110342,1677
2021-05-04,Glenn,021,27897,2381,2379,559,2938,17
2021-05-04,Humboldt,023,135768,3918,3877,31,3908,36
2021-05-04,Imperial,025,180216,28254,28276,2861,31137,720
2021-05-04,Inyo,027,18085,1400,1399,3,1402,36
2021-05-04,Kern,029,883053,96397,95720,11061,106781,1301
2021-05-04,Kings,031,150075,22891,22822,1173,23995,246
2021-05-04,Lake,033,64148,3474,3454,9,3463,43
2021-05-04,Lassen,035,31185,5166,5142,109,5251,1
2021-05-04,Los Angeles,037,10098052,1198535,1193453,43502,1236955,23957
2021-05-04,Madera,039,155013,16464,16418,947,17365,235
2021-05-04,Marin,041,260295,13960,13935,256,14191,228
2021-05-04,Mariposa,043,17540,422,418,11,429,5
2021-05-04,Mendocino,045,87422,3855,3794,75,3869,46
2021-05-04,Merced,047,269075,30762,30829,996,31825,444
2021-05-04,Modoc,049,8938,370,360,122,482,3
2021-05-04,Mono,051,14174,1239,1260,13,1273,3
2021-05-04,Monterey,053,433212,42903,42845,1916,44761,380
2021-05-04,Napa,055,140530,9825,9824,32,9856,81
2021-05-04,Nevada,057,99092,4724,4656,193,4849,70
2021-05-04,Orange,059,3164182,253996,253177,11611,264788,4977
2021-05-04,Placer,061,380077,22760,22326,1490,23816,287
2021-05-04,Plumas,063,18699,689,675,11,686,4
2021-05-04,Riverside,065,2383286,290386,287285,14506,301791,4411
2021-05-04,Sacramento,067,1510023,104011,103383,1748,105131,1604
2021-05-04,San Benito,069,59416,6029,6039,117,6156,63
2021-05-04,San Bernardino,071,2135413,291555,290934,9385,300319,4668
2021-05-04,San Diego,073,3302833,278119,276879,14575,291454,3713
2021-05-04,San Francisco,075,870044,36330,36550,1359,37909,541
2021-05-04,San Joaquin,077,732212,72123,71582,3633,75215,1342
2021-05-04,San Luis Obispo,079,281455,21033,20923,757,21680,255
2021-05-04,San Mateo,081,765935,42025,41708,477,42185,415
2021-05-04,Santa Barbara,083,443738,34322,34131,1234,35365,453
2021-05-04,Santa Clara,085,1922200,117438,118431,779,119210,1988
2021-05-04,Santa Cruz,087,273765,16068,16005,874,16879,207
2021-05-04,Shasta,089,179085,11944,11923,1540,13463,198
2021-05-04,Sierra,091,2930,54,54,14,68,0
2021-05-04,Siskiyou,093,43540,1792,1694,332,2026,11
2021-05-04,Solano,095,438530,32320,32220,527,32747,249
2021-05-04,Sonoma,097,501317,29693,29867,330,30197,318
2021-05-04,Stanislaus,099,539301,55270,55165,6082,61247,807
2021-05-04,Sutter,101,95872,9383,9375,87,9462,111
2021-05-04,Tehama,103,63373,4969,4959,587,5546,53
2021-05-04,Trinity,105,12862,407,326,68,394,3
2021-05-04,Tulare,107,460477,49309,48857,9364,58221,835
2021-05-04,Tuolumne,109,53932,4045,4041,36,4077,61
2021-05-04,Ventura,111,848112,80662,80351,3065,83416,1005
2021-05-04,Yolo,113,214977,13838,13820,304,14124,208
2021-05-04,Yuba,115,75493,5911,5891,122,6013,44
2021-05-03,Alameda,001,1643700,86969,86845,2006,88851,1272
2021-05-03,Alpine,003,1148,88,88,0,88,0
2021-05-03,Amador,005,37829,3652,3651,34,3685,46
2021-05-03,Butte,007,227075,12198,11864,1852,13716,198
2021-05-03,Calaveras,009,45235,2110,2099,14,2113,50
2021-05-03,Colusa,011,21464,1926,1931,303,2234,14
2021-05-03,Contra Costa,013,1133247,68395,67895,1295,69190,799
2021-05-03,Del Norte,015,27424,1332,1306,11,1317,6
2021-05-03,El Dorado,017,186661,10031,9984,740,10724,110
2021-05-03,Fresno,019,978130,101359,101405,8880,110285,1678
2021-05-03,Glenn,021,27897,2381,2375,558,2933,17
2021-05-03,Humboldt,023,135768,3903,3865,31,3896,36
2021-05-03,Imperial,025,180216,28232,28280,2858,31138,720
2021-05-03,Inyo,027,18085,1399,1398,3,1401,36
2021-05-03,Kern,029,883053,96361,95693,11048,106741,1299
2021-05-03,Kings,031,150075,22882,22821,1173,23994,246
2021-05-03,Lake,033,64148,3472,3446,9,3455,43
2021-05-03,Lassen,035,31185,5165,5142,109,5251,1
2021-05-03,Los Angeles,037,10098052,1198271,1193261,43473,1236734,23942
2021-05-03,Madera,039,155013,16460,16414,946,17360,235
2021-05-03,Marin,041,260295,13954,13927,256,14183,228
2021-05-03,Mariposa,043,17540,422,418,11,429,5
2021-05-03,Mendocino,045,87422,3848,3792,75,3867,46
2021-05-03,Merced,047,269075,30751,30814,994,31808,444
2021-05-03,Modoc,049,8938,370,360,122,482,3
2021-05-03,Mono,051,14174,1239,1259,13,1272,3
2021-05-03,Monterey,053,433212,42892,42837,1914,44751,380
2021-05-03,Napa,055,140530,9820,9815,32,9847,81
2021-05-03,Nevada,057,99092,4716,4650,193,4843,70
2021-05-03,Orange,059,3164182,253937,253107,11602,264709,4968
2021-05-03,Placer,061,380077,22729,22289,1484,23773,287
2021-05-03,Plumas,063,18699,688,675,11,686,4
2021-05-03,Riverside,065,2383286,290314,287233,14505,301738,4412
2021-05-03,Sacramento,067,1510023,103858,103303,1738,105041,1602
2021-05-03,San Benito,069,59416,6028,6038,117,6155,63
2021-05-03,San Bernardino,071,2135413,291487,290886,9382,300268,4659
2021-05-03,San Diego,073,3302833,277956,276693,14550,291243,3712
2021-05-03,San Francisco,075,870044,36304,36538,1358,37896,541
2021-05-03,San Joaquin,077,732212,72072,71504,3630,75134,1325
2021-05-03,San Luis Obispo,079,281455,21017,20915,754,21669,254
2021-05-03,San Mateo,081,765935,42002,41689,476,42165,413
2021-05-03,Santa Barbara,083,443738,34310,34119,1234,35353,453
2021-05-03,Santa Clara,085,1922200,117384,118373,778,119151,1988
2021-05-03,Santa Cruz,087,273765,16065,16000,874,16874,207
2021-05-03,Shasta,089,179085,11921,11890,1535,13425,197
2021-05-03,Sierra,091,2930,54,54,14,68,0
2021-05-03,Siskiyou,093,43540,1786,1683,326,2009,11
2021-05-03,Solano,095,438530,32279,32201,526,32727,249
2021-05-03,Sonoma,097,501317,29681,29855,327,30182,318
2021-05-03,Stanislaus,099,539301,55206,55116,6071,61187,774
2021-05-03,Sutter,101,95872,9371,9370,87,9457,111
2021-05-03,Tehama,103,63373,4960,4952,587,5539,53
2021-05-03,Trinity,105,12862,407,326,68,394,3
2021-05-03,Tulare,107,460477,49292,48844,9354,58198,835
2021-05-03,Tuolumne,109,53932,4044,4038,36,4074,61
2021-05-03,Ventura,111,848112,80640,80291,3065,83356,1005
2021-05-03,Yolo,113,214977,13825,13809,302,14111,208
2021-05-03,Yuba,115,75493,5906,5880,122,6002,44
2021-05-02,Alameda,001,1643700,86884,86784,2005,88789,1272
2021-05-02,Alpine,003,1148,88,88,0,88,0
2021-05-02,Amador,005,37829,3652,3650,34,3684,46
2021-05-02,Butte,007,227075,12174,11859,1849,13708,198
2021-05-02,Calaveras,009,45235,2106,2098,14,2112,50
2021-05-02,Colusa,011,21464,1925,1931,302,2233,14
2021-05-02,Contra Costa,013,1133247,68309,67843,1292,69135,800
2021-05-02,Del Norte,015,27424,1325,1305,11,1316,6
2021-05-02,El Dorado,017,186661,10016,9962,739,10701,110
2021-05-02,Fresno,019,978130,101288,101372,8870,110242,1678
2021-05-02,Glenn,021,27897,2380,2374,556,2930,17
2021-05-02,Humboldt,023,135768,3891,3858,30,3888,36
2021-05-02,Imperial,025,180216,28198,28275,2849,31124,721
2021-05-02,Inyo,027,18085,1397,1398,3,1401,36
2021-05-02,Kern,029,883053,96303,95668,11041,106709,1299
2021-05-02,Kings,031,150075,22864,22816,1172,23988,246
2021-05-02,Lake,033,64148,3470,3443,9,3452,43
2021-05-02,Lassen,035,31185,5164,5142,108,5250,1
2021-05-02,Los Angeles,037,10098052,1197926,1193056,43449,1236505,23943
2021-05-02,Madera,039,155013,16454,16410,946,17356,235
2021-05-02,Marin,041,260295,13944,13917,256,14173,228
2021-05-02,Mariposa,043,17540,422,419,11,430,5
2021-05-02,Mendocino,045,87422,3843,3787,75,3862,46
2021-05-02,Merced,047,269075,30729,30793,992,31785,444
2021-05-02,Modoc,049,8938,369,360,122,482,3
2021-05-02,Mono,051,14174,1238,1259,13,1272,3
2021-05-02,Monterey,053,433212,42879,42837,1912,44749,380
2021-05-02,Napa,055,140530,9816,9805,32,9837,81
2021-05-02,Nevada,057,99092,4700,4635,193,4828,70
2021-05-02,Orange,059,3164182,253862,253025,11589,264614,4968
2021-05-02,Placer,061,380077,22700,22264,1481,23745,287
2021-05-02,Plumas,063,18699,688,675,11,686,4
2021-05-02,Riverside,065,2383286,290215,287197,14495,301692,4412
2021-05-02,Sacramento,067,1510023,103722,103153,1731,104884,1602
2021-05-02,San Benito,069,59416,6023,6037,117,6154,63
2021-05-02,San Bernardino,071,2135413,291388,290859,9380,300239,4655
2021-05-02,San Diego,073,3302833,277760,276521,14523,291044,3712
2021-05-02,San Francisco,075,870044,36278,36522,1358,37880,541
2021-05-02,San Joaquin,077,732212,72008,71447,3623,75070,1325
2021-05-02,San Luis Obispo,079,281455,20997,20910,753,21663,254
2021-05-02,San Mateo,081,765935,41986,41656,475,42131,412
2021-05-02,Santa Barbara,083,443738,34296,34106,1234,35340,453
2021-05-02,Santa Clara,085,1922200,117310,118321,778,119099,1988
2021-05-02,Santa Cruz,087,273765,16060,15995,873,16868,207
2021-05-02,Shasta,089,179085,11905,11885,1527,13412,197
2021-05-02,Sierra,091,2930,54,54,14,68,0
2021-05-02,Siskiyou,093,43540,1775,1661,325,1986,11
2021-05-02,Solano,095,438530,32240,32151,522,32673,249
2021-05-02,Sonoma,097,501317,29659,29842,327,30169,318
2021-05-02,Stanislaus,099,539301,55133,55057,6064,61121,774
2021-05-02,Sutter,101,95872,9364,9363,87,9450,111
2021-05-02,Tehama,103,63373,4955,4950,585,5535,53
2021-05-02,Trinity,105,12862,407,326,68,394,3
2021-05-02,Tulare,107,460477,49274,48834,9346,58180,835
2021-05-02,Tuolumne,109,53932,4041,4038,36,4074,61
2021-05-02,Ventura,111,848112,80603,80284,3064,83348,1005
2021-05-02,Yolo,113,214977,13813,13799,301,14100,208
2021-05-02,Yuba,115,75493,5896,5879,122,6001,44
2021-05-01,Alameda,001,1643700,86840,86704,2002,88706,1270
2021-05-01,Alpine,003,1148,88,88,0,88,0
2021-05-01,Amador,005,37829,3652,3650,34,3684,46
2021-05-01,Butte,007,227075,12160,11845,1844,13689,198
2021-05-01,Calaveras,009,45235,2104,2096,14,2110,50
2021-05-01,Colusa,011,21464,1924,1931,302,2233,14
2021-05-01,Contra Costa,013,1133247,68257,67779,1289,69068,800
2021-05-01,Del Norte,015,27424,1324,1292,11,1303,6
2021-05-01,El Dorado,017,186661,10002,9944,737,10681,110
2021-05-01,Fresno,019,978130,101243,101326,8864,110190,1678
2021-05-01,Glenn,021,27897,2377,2369,555,2924,17
2021-05-01,Humboldt,023,135768,3877,3845,30,3875,36
2021-05-01,Imperial,025,180216,28191,28262,2849,31111,721
2021-05-01,Inyo,027,18085,1397,1397,3,1400,36
2021-05-01,Kern,029,883053,96276,95645,11029,106674,1299
2021-05-01,Kings,031,150075,22862,22797,1170,23967,246
2021-05-01,Lake,033,64148,3468,3441,9,3450,43
2021-05-01,Lassen,035,31185,5162,5142,108,5250,1
2021-05-01,Los Angeles,037,10098052,1197759,1192781,43434,1236215,23946
2021-05-01,Madera,039,155013,16450,16408,946,17354,235
2021-05-01,Marin,041,260295,13937,13902,256,14158,228
2021-05-01,Mariposa,043,17540,422,418,11,429,5
2021-05-01,Mendocino,045,87422,3841,3782,75,3857,46
2021-05-01,Merced,047,269075,30711,30771,992,31763,444
2021-05-01,Modoc,049,8938,369,361,122,483,3
2021-05-01,Mono,051,14174,1238,1258,13,1271,3
2021-05-01,Monterey,053,433212,42873,42828,1912,44740,379
2021-05-01,Napa,055,140530,9813,9800,32,9832,81
2021-05-01,Nevada,057,99092,4695,4625,193,4818,70
2021-05-01,Orange,059,3164182,253819,252969,11578,264547,4964
2021-05-01,Placer,061,380077,22674,22240,1479,23719,287
2021-05-01,Plumas,063,18699,687,675,11,686,4
2021-05-01,Riverside,065,2383286,290176,287129,14493,301622,4412
2021-05-01,Sacramento,067,1510023,103641,103043,1730,104773,1602
2021-05-01,San Benito,069,59416,6020,6030,117,6147,63
2021-05-01,San Bernardino,071,2135413,291345,290802,9378,300180,4652
2021-05-01,San Diego,073,3302833,277636,276367,14502,290869,3706
2021-05-01,San Francisco,075,870044,36263,36496,1358,37854,541
2021-05-01,San Joaquin,077,732212,71960,71389,3621,75010,1325
2021-05-01,San Luis Obispo,079,281455,20992,20896,753,21649,254
2021-05-01,San Mateo,081,765935,41957,41617,474,42091,411
2021-05-01,Santa Barbara,083,443738,34291,34085,1233,35318,453
2021-05-01,Santa Clara,085,1922200,117259,118265,776,119041,1988
2021-05-01,Santa Cruz,087,273765,16057,15984,873,16857,207
2021-05-01,Shasta,089,179085,11885,11878,1519,13397,197
2021-05-01,Sierra,091,2930,54,53,14,67,0
2021-05-01,Siskiyou,093,43540,1767,1653,324,1977,11
2021-05-01,Solano,095,438530,32210,32124,514,32638,249
2021-05-01,Sonoma,097,501317,29656,29835,327,30162,318
2021-05-01,Stanislaus,099,539301,55098,55005,6058,61063,774
2021-05-01,Sutter,101,95872,9361,9358,87,9445,110
2021-05-01,Tehama,103,63373,4954,4950,584,5534,53
2021-05-01,Trinity,105,12862,407,326,67,393,3
2021-05-01,Tulare,107,460477,49267,48818,9340,58158,835
2021-05-01,Tuolumne,109,53932,4035,4035,36,4071,61
2021-05-01,Ventura,111,848112,80585,80268,3064,83332,1005
2021-05-01,Yolo,113,214977,13806,13784,299,14083,208
2021-05-01,Yuba,115,75493,5894,5875,122,5997,44
2021-04-30,Alameda,001,1643700,86778,86602,1999,88601,1268
2021-04-30,Alpine,003,1148,88,88,0,88,0
2021-04-30,Amador,005,37829,3650,3650,34,3684,46
2021-04-30,Butte,007,227075,12141,11812,1840,13652,197
2021-04-30,Calaveras,009,45235,2103,2087,14,2101,50
2021-04-30,Colusa,011,21464,1924,1931,301,2232,14
2021-04-30,Contra Costa,013,1133247,68209,67684,1286,68970,800
2021-04-30,Del Norte,015,27424,1312,1276,11,1287,6
2021-04-30,El Dorado,017,186661,9988,9906,737,10643,110
2021-04-30,Fresno,019,978130,101197,101263,8860,110123,1670
2021-04-30,Glenn,021,27897,2376,2369,555,2924,17
2021-04-30,Humboldt,023,135768,3864,3834,30,3864,36
2021-04-30,Imperial,025,180216,28182,28244,2846,31090,721
2021-04-30,Inyo,027,18085,1397,1397,3,1400,36
2021-04-30,Kern,029,883053,96260,95605,11024,106629,1298
2021-04-30,Kings,031,150075,22859,22793,1169,23962,246
2021-04-30,Lake,033,64148,3464,3440,9,3449,43
2021-04-30,Lassen,035,31185,5161,5140,108,5248,1
2021-04-30,Los Angeles,037,10098052,1197553,1192393,43420,1235813,23919
2021-04-30,Madera,039,155013,16444,16395,946,17341,235
2021-04-30,Marin,041,260295,13929,13895,254,14149,228
2021-04-30,Mariposa,043,17540,422,417,11,428,5
2021-04-30,Mendocino,045,87422,3837,3777,75,3852,46
2021-04-30,Merced,047,269075,30698,30740,991,31731,444
2021-04-30,Modoc,049,8938,368,360,122,482,3
2021-04-30,Mono,051,14174,1238,1258,13,1271,3
2021-04-30,Monterey,053,433212,42859,42810,1911,44721,379
2021-04-30,Napa,055,140530,9809,9792,32,9824,81
2021-04-30,Nevada,057,99092,4687,4608,193,4801,70
2021-04-30,Orange,059,3164182,253764,252883,11572,264455,4956
2021-04-30,Placer,061,380077,22655,22190,1475,23665,287
2021-04-30,Plumas,063,18699,687,677,11,688,4
2021-04-30,Riverside,065,2383286,290122,287030,14486,301516,4412
2021-04-30,Sacramento,067,1510023,103540,102864,1726,104590,1596
2021-04-30,San Benito,069,59416,6016,6024,116,6140,63
2021-04-30,San Bernardino,071,2135413,291284,290704,9377,300081,4640
2021-04-30,San Diego,073,3302833,277542,276157,14491,290648,3702
2021-04-30,San Francisco,075,870044,36252,36453,1357,37810,538
2021-04-30,San Joaquin,077,732212,71909,71311,3618,74929,1306
2021-04-30,San Luis Obispo,079,281455,20986,20884,753,21637,255
2021-04-30,San Mateo,081,765935,41942,41583,473,42056,380
2021-04-30,Santa Barbara,083,443738,34278,34061,1233,35294,451
2021-04-30,Santa Clara,085,1922200,117201,118170,772,118942,1988
2021-04-30,Santa Cruz,087,273765,16052,15975,873,16848,207
2021-04-30,Shasta,089,179085,11864,11848,1516,13364,197
2021-04-30,Sierra,091,2930,54,53,14,67,0
2021-04-30,Siskiyou,093,43540,1756,1628,321,1949,11
2021-04-30,Solano,095,438530,32178,32050,511,32561,249
2021-04-30,Sonoma,097,501317,29646,29816,325,30141,318
2021-04-30,Stanislaus,099,539301,55047,54938,6055,60993,774
2021-04-30,Sutter,101,95872,9359,9353,87,9440,110
2021-04-30,Tehama,103,63373,4952,4944,584,5528,53
2021-04-30,Trinity,105,12862,407,326,67,393,3
2021-04-30,Tulare,107,460477,49258,48797,9323,58120,836
2021-04-30,Tuolumne,109,53932,4034,4033,36,4069,61
2021-04-30,Ventura,111,848112,80545,80232,3059,83291,1004
2021-04-30,Yolo,113,214977,13793,13756,299,14055,208
2021-04-30,Yuba,115,75493,5886,5870,122,5992,44
2021-04-29,Alameda,001,1643700,86713,86490,1996,88486,1263
2021-04-29,Alpine,003,1148,88,88,0,88,0
2021-04-29,Amador,005,37829,3650,3649,34,3683,46
2021-04-29,Butte,007,227075,12126,11787,1838,13625,196
2021-04-29,Calaveras,009,45235,2100,2082,14,2096,50
2021-04-29,Colusa,011,21464,1924,1929,301,2230,14
2021-04-29,Contra Costa,013,1133247,68154,67606,1283,68889,795
2021-04-29,Del Norte,015,27424,1308,1271,11,1282,6
2021-04-29,El Dorado,017,186661,9968,9884,734,10618,107
2021-04-29,Fresno,019,978130,101143,101189,8849,110038,1667
2021-04-29,Glenn,021,27897,2373,2369,555,2924,17
2021-04-29,Humboldt,023,135768,3850,3815,30,3845,36
2021-04-29,Imperial,025,180216,28170,28235,2845,31080,720
2021-04-29,Inyo,027,18085,1397,1396,3,1399,36
2021-04-29,Kern,029,883053,96227,95547,11020,106567,1295
2021-04-29,Kings,031,150075,22849,22777,1164,23941,245
2021-04-29,Lake,033,64148,3456,3438,9,3447,43
2021-04-29,Lassen,035,31185,5161,5140,108,5248,1
2021-04-29,Los Angeles,037,10098052,1197278,1192068,43399,1235467,23899
2021-04-29,Madera,039,155013,16439,16383,945,17328,235
2021-04-29,Marin,041,260295,13925,13884,246,14130,228
2021-04-29,Mariposa,043,17540,421,416,11,427,5
2021-04-29,Mendocino,045,87422,3831,3774,75,3849,46
2021-04-29,Merced,047,269075,30678,30706,991,31697,444
2021-04-29,Modoc,049,8938,368,360,122,482,3
2021-04-29,Mono,051,14174,1236,1259,13,1272,3
2021-04-29,Monterey,053,433212,42842,42797,1910,44707,379
2021-04-29,Napa,055,140530,9795,9789,32,9821,81
2021-04-29,Nevada,057,99092,4676,4590,193,4783,70
2021-04-29,Orange,059,3164182,253695,252823,11557,264380,4934
2021-04-29,Placer,061,380077,22630,22161,1473,23634,286
2021-04-29,Plumas,063,18699,686,676,11,687,4
2021-04-29,Riverside,065,2383286,290055,286947,14483,301430,4409
2021-04-29,Sacramento,067,1510023,103407,102686,1716,104402,1593
2021-04-29,San Benito,069,59416,6015,6023,116,6139,63
2021-04-29,San Bernardino,071,2135413,291212,290606,9372,299978,4609
2021-04-29,San Diego,073,3302833,277392,275961,14474,290435,3700
2021-04-29,San Francisco,075,870044,36226,36412,1357,37769,537
2021-04-29,San Joaquin,077,732212,71843,71225,3613,74838,1301
2021-04-29,San Luis Obispo,079,281455,20975,20876,753,21629,255
2021-04-29,San Mateo,081,765935,41914,41538,472,42010,358
2021-04-29,Santa Barbara,083,443738,34262,34039,1231,35270,448
2021-04-29,Santa Clara,085,1922200,117145,118082,770,118852,1984
2021-04-29,Santa Cruz,087,273765,16046,15961,873,16834,205
2021-04-29,Shasta,089,179085,11834,11836,1507,13343,193
2021-04-29,Sierra,091,2930,54,53,14,67,0
2021-04-29,Siskiyou,093,43540,1747,1615,318,1933,11
2021-04-29,Solano,095,438530,32138,32002,506,32508,248
2021-04-29,Sonoma,097,501317,29631,29785,322,30107,318
2021-04-29,Stanislaus,099,539301,54980,54836,6050,60886,774
2021-04-29,Sutter,101,95872,9352,9346,87,9433,110
2021-04-29,Tehama,103,63373,4944,4939,584,5523,53
2021-04-29,Trinity,105,12862,407,326,67,393,3
2021-04-29,Tulare,107,460477,49242,48785,9310,58095,832
2021-04-29,Tuolumne,109,53932,4033,4030,36,4066,58
2021-04-29,Ventura,111,848112,80511,80188,3057,83245,1002
2021-04-29,Yolo,113,214977,13773,13745,298,14043,205
2021-04-29,Yuba,115,75493,5876,5865,122,5987,44
2021-04-28,Alameda,001,1643700,86641,86390,1992,88382,1260
2021-04-28,Alpine,003,1148,88,88,0,88,0
2021-04-28,Amador,005,37829,3650,3646,34,3680,46
2021-04-28,Butte,007,227075,12106,11762,1833,13595,196
2021-04-28,Calaveras,009,45235,2096,2078,13,2091,50
2021-04-28,Colusa,011,21464,1921,1927,300,2227,14
2021-04-28,Contra Costa,013,1133247,68094,67539,1282,68821,795
2021-04-28,Del Norte,015,27424,1300,1267,11,1278,6
2021-04-28,El Dorado,017,186661,9944,9873,734,10607,107
2021-04-28,Fresno,019,978130,101096,101161,8838,109999,1666
2021-04-28,Glenn,021,27897,2370,2368,555,2923,17
2021-04-28,Humboldt,023,135768,3834,3796,30,3826,36
2021-04-28,Imperial,025,180216,28156,28177,2844,31021,720
2021-04-28,Inyo,027,18085,1397,1396,2,1398,36
2021-04-28,Kern,029,883053,96197,95494,11011,106505,1295
2021-04-28,Kings,031,150075,22838,22767,1161,23928,245
2021-04-28,Lake,033,64148,3453,3433,9,3442,43
2021-04-28,Lassen,035,31185,5161,5138,108,5246,1
2021-04-28,Los Angeles,037,10098052,1196982,1191729,43373,1235102,23858
2021-04-28,Madera,039,155013,16435,16372,945,17317,235
2021-04-28,Marin,041,260295,13914,13866,246,14112,227
2021-04-28,Mariposa,043,17540,418,415,11,426,5
2021-04-28,Mendocino,045,87422,3825,3770,73,3843,46
2021-04-28,Merced,047,269075,30659,30649,991,31640,443
2021-04-28,Modoc,049,8938,368,360,122,482,3
2021-04-28,Mono,051,14174,1236,1258,13,1271,3
2021-04-28,Monterey,053,433212,42837,42776,1910,44686,379
2021-04-28,Napa,055,140530,9784,9777,32,9809,81
2021-04-28,Nevada,057,99092,4657,4570,193,4763,70
2021-04-28,Orange,059,3164182,253617,252747,11542,264289,4931
2021-04-28,Placer,061,380077,22603,22115,1472,23587,285
2021-04-28,Plumas,063,18699,686,676,11,687,4
2021-04-28,Riverside,065,2383286,289999,286868,14478,301346,4407
2021-04-28,Sacramento,067,1510023,103286,102613,1712,104325,1591
2021-04-28,San Benito,069,59416,6013,6021,116,6137,63
2021-04-28,San Bernardino,071,2135413,291137,290548,9361,299909,4582
2021-04-28,San Diego,073,3302833,277237,275821,14460,290281,3698
2021-04-28,San Francisco,075,870044,36197,36382,1356,37738,534
2021-04-28,San Joaquin,077,732212,71763,71171,3605,74776,1301
2021-04-28,San Luis Obispo,079,281455,20967,20851,753,21604,255
2021-04-28,San Mateo,081,765935,41889,41498,470,41968,358
2021-04-28,Santa Barbara,083,443738,34248,34003,1231,35234,448
2021-04-28,Santa Clara,085,1922200,117076,117997,767,118764,1969
2021-04-28,Santa Cruz,087,273765,16042,15943,872,16815,205
2021-04-28,Shasta,089,179085,11819,11815,1499,13314,192
2021-04-28,Sierra,091,2930,54,51,14,65,0
2021-04-28,Siskiyou,093,43540,1734,1603,316,1919,11
2021-04-28,Solano,095,438530,32106,31982,502,32484,248
2021-04-28,Sonoma,097,501317,29617,29773,318,30091,318
2021-04-28,Stanislaus,099,539301,54925,54745,6046,60791,774
2021-04-28,Sutter,101,95872,9347,9343,87,9430,110
2021-04-28,Tehama,103,63373,4938,4930,583,5513,53
2021-04-28,Trinity,105,12862,407,326,67,393,3
2021-04-28,Tulare,107,460477,49225,48754,9294,58048,832
2021-04-28,Tuolumne,109,53932,4030,4029,36,4065,58
2021-04-28,Ventura,111,848112,80476,80172,3055,83227,1000
2021-04-28,Yolo,113,214977,13758,13721,297,14018,205
2021-04-28,Yuba,115,75493,5870,5857,122,5979,44
2021-04-27,Alameda,001,1643700,86542,86301,1987,88288,1260
2021-04-27,Alpine,003,1148,88,88,0,88,0
2021-04-27,Amador,005,37829,3650,3645,34,3679,46
2021-04-27,Butte,007,227075,12081,11738,1827,13565,196
2021-04-27,Calaveras,009,45235,2093,2076,13,2089,50
2021-04-27,Colusa,011,21464,1920,1926,300,2226,14
2021-04-27,Contra Costa,013,1133247,68025,67470,1278,68748,791
2021-04-27,Del Norte,015,27424,1288,1266,11,1277,6
2021-04-27,El Dorado,017,186661,9915,9866,731,10597,106
2021-04-27,Fresno,019,978130,101033,101138,8826,109964,1663
2021-04-27,Glenn,021,27897,2370,2368,555,2923,17
2021-04-27,Humboldt,023,135768,3822,3780,30,3810,35
2021-04-27,Imperial,025,180216,28140,28149,2838,30987,720
2021-04-27,Inyo,027,18085,1397,1396,2,1398,36
2021-04-27,Kern,029,883053,96142,95466,10998,106464,1295
2021-04-27,Kings,031,150075,22824,22759,1158,23917,244
2021-04-27,Lake,033,64148,3452,3431,9,3440,43
2021-04-27,Lassen,035,31185,5161,5137,108,5245,1
2021-04-27,Los Angeles,037,10098052,1196663,1191504,43342,1234846,23825
2021-04-27,Madera,039,155013,16428,16365,945,17310,235
2021-04-27,Marin,041,260295,13893,13855,245,14100,227
2021-04-27,Mariposa,043,17540,417,413,11,424,5
2021-04-27,Mendocino,045,87422,3821,3765,73,3838,46
2021-04-27,Merced,047,269075,30619,30620,991,31611,443
2021-04-27,Modoc,049,8938,367,360,122,482,3
2021-04-27,Mono,051,14174,1236,1257,13,1270,3
2021-04-27,Monterey,053,433212,42819,42752,1907,44659,379
2021-04-27,Napa,055,140530,9777,9774,32,9806,81
2021-04-27,Nevada,057,99092,4642,4557,193,4750,70
2021-04-27,Orange,059,3164182,253549,252667,11536,264203,4925
2021-04-27,Placer,061,380077,22572,22050,1469,23519,285
2021-04-27,Plumas,063,18699,685,675,11,686,4
2021-04-27,Riverside,065,2383286,289926,286820,14473,301293,4405
2021-04-27,Sacramento,067,1510023,103157,102595,1702,104297,1589
2021-04-27,San Benito,069,59416,6008,6016,116,6132,63
2021-04-27,San Bernardino,071,2135413,291069,290461,9356,299817,4575
2021-04-27,San Diego,073,3302833,277081,275685,14440,290125,3692
2021-04-27,San Francisco,075,870044,36169,36358,1355,37713,533
2021-04-27,San Joaquin,077,732212,71710,71104,3599,74703,1301
2021-04-27,San Luis Obispo,079,281455,20960,20841,753,21594,255
2021-04-27,San Mateo,081,765935,41854,41474,469,41943,358
2021-04-27,Santa Barbara,083,443738,34225,33973,1230,35203,448
2021-04-27,Santa Clara,085,1922200,117026,117945,766,118711,1969
2021-04-27,Santa Cruz,087,273765,16035,15905,871,16776,205
2021-04-27,Shasta,089,179085,11792,11802,1492,13294,192
2021-04-27,Sierra,091,2930,54,51,14,65,0
2021-04-27,Siskiyou,093,43540,1719,1597,315,1912,11
2021-04-27,Solano,095,438530,32058,31964,501,32465,248
2021-04-27,Sonoma,097,501317,29599,29761,317,30078,318
2021-04-27,Stanislaus,099,539301,54855,54695,6038,60733,752
2021-04-27,Sutter,101,95872,9342,9342,87,9429,110
2021-04-27,Tehama,103,63373,4935,4922,579,5501,53
2021-04-27,Trinity,105,12862,407,326,67,393,3
2021-04-27,Tulare,107,460477,49209,48744,9285,58029,832
2021-04-27,Tuolumne,109,53932,4027,4028,36,4064,58
2021-04-27,Ventura,111,848112,80447,80152,3053,83205,1000
2021-04-27,Yolo,113,214977,13745,13697,295,13992,205
2021-04-27,Yuba,115,75493,5870,5853,122,5975,44
2021-04-26,Alameda,001,1643700,86452,86230,1983,88213,1256
2021-04-26,Alpine,003,1148,88,88,0,88,0
2021-04-26,Amador,005,37829,3649,3645,34,3679,46
2021-04-26,Butte,007,227075,12057,11720,1823,13543,196
2021-04-26,Calaveras,009,45235,2084,2074,13,2087,50
2021-04-26,Colusa,011,21464,1920,1925,299,2224,14
2021-04-26,Contra Costa,013,1133247,67957,67392,1274,68666,789
2021-04-26,Del Norte,015,27424,1279,1263,11,1274,6
2021-04-26,El Dorado,017,186661,9894,9849,730,10579,106
2021-04-26,Fresno,019,978130,100978,101099,8813,109912,1662
2021-04-26,Glenn,021,27897,2368,2367,555,2922,17
2021-04-26,Humboldt,023,135768,3812,3764,29,3793,35
2021-04-26,Imperial,025,180216,28127,28148,2835,30983,720
2021-04-26,Inyo,027,18085,1396,1396,2,1398,36
2021-04-26,Kern,029,883053,96116,95429,10991,106420,1295
2021-04-26,Kings,031,150075,22821,22756,1155,23911,244
2021-04-26,Lake,033,64148,3447,3428,9,3437,43
2021-04-26,Lassen,035,31185,5161,5138,108,5246,1
2021-04-26,Los Angeles,037,10098052,1196340,1191253,43321,1234574,23802
2021-04-26,Madera,039,155013,16416,16353,944,17297,231
2021-04-26,Marin,041,260295,13878,13849,245,14094,227
2021-04-26,Mariposa,043,17540,416,410,11,421,5
2021-04-26,Mendocino,045,87422,3819,3757,73,3830,46
2021-04-26,Merced,047,269075,30602,30611,988,31599,443
2021-04-26,Modoc,049,8938,367,360,122,482,3
2021-04-26,Mono,051,14174,1236,1258,13,1271,3
2021-04-26,Monterey,053,433212,42803,42740,1906,44646,379
2021-04-26,Napa,055,140530,9765,9769,32,9801,79
2021-04-26,Nevada,057,99092,4621,4548,193,4741,70
2021-04-26,Orange,059,3164182,253464,252592,11525,264117,4919
2021-04-26,Placer,061,380077,22543,22032,1464,23496,285
2021-04-26,Plumas,063,18699,685,670,11,681,4
2021-04-26,Riverside,065,2383286,289866,286724,14464,301188,4401
2021-04-26,Sacramento,067,1510023,102986,102459,1688,104147,1587
2021-04-26,San Benito,069,59416,6006,6013,116,6129,63
2021-04-26,San Bernardino,071,2135413,291018,290394,9355,299749,4572
2021-04-26,San Diego,073,3302833,276907,275541,14412,289953,3692
2021-04-26,San Francisco,075,870044,36142,36330,1353,37683,532
2021-04-26,San Joaquin,077,732212,71644,71050,3591,74641,1301
2021-04-26,San Luis Obispo,079,281455,20952,20830,752,21582,255
2021-04-26,San Mateo,081,765935,41824,41457,469,41926,357
2021-04-26,Santa Barbara,083,443738,34194,33948,1230,35178,448
2021-04-26,Santa Clara,085,1922200,116927,117874,762,118636,1968
2021-04-26,Santa Cruz,087,273765,16026,15877,871,16748,205
2021-04-26,Shasta,089,179085,11775,11787,1485,13272,192
2021-04-26,Sierra,091,2930,53,51,14,65,0
2021-04-26,Siskiyou,093,43540,1709,1592,311,1903,11
2021-04-26,Solano,095,438530,32013,31913,499,32412,247
2021-04-26,Sonoma,097,501317,29576,29755,315,30070,318
2021-04-26,Stanislaus,099,539301,54765,54638,6032,60670,744
2021-04-26,Sutter,101,95872,9337,9328,87,9415,110
2021-04-26,Tehama,103,63373,4930,4920,576,5496,53
2021-04-26,Trinity,105,12862,407,326,67,393,3
2021-04-26,Tulare,107,460477,49189,48735,9276,58011,831
2021-04-26,Tuolumne,109,53932,4026,4024,36,4060,58
2021-04-26,Ventura,111,848112,80422,80137,3050,83187,999
2021-04-26,Yolo,113,214977,13725,13684,292,13976,205
2021-04-26,Yuba,115,75493,5868,5851,122,5973,44
2021-04-25,Alameda,001,1643700,86346,86162,1976,88138,1256
2021-04-25,Alpine,003,1148,88,87,0,87,0
2021-04-25,Amador,005,37829,3648,3643,34,3677,46
2021-04-25,Butte,007,227075,12028,11709,1816,13525,196
2021-04-25,Calaveras,009,45235,2078,2072,12,2084,50
2021-04-25,Colusa,011,21464,1919,1924,299,2223,14
2021-04-25,Contra Costa,013,1133247,67865,67316,1273,68589,789
2021-04-25,Del Norte,015,27424,1273,1259,11,1270,6
2021-04-25,El Dorado,017,186661,9878,9837,728,10565,106
2021-04-25,Fresno,019,978130,100920,101061,8800,109861,1662
2021-04-25,Glenn,021,27897,2368,2366,555,2921,17
2021-04-25,Humboldt,023,135768,3799,3751,29,3780,35
2021-04-25,Imperial,025,180216,28102,28136,2831,30967,720
2021-04-25,Inyo,027,18085,1396,1396,2,1398,36
2021-04-25,Kern,029,883053,96052,95398,10977,106375,1295
2021-04-25,Kings,031,150075,22807,22755,1153,23908,244
2021-04-25,Lake,033,64148,3445,3427,9,3436,43
2021-04-25,Lassen,035,31185,5159,5138,108,5246,1
2021-04-25,Los Angeles,037,10098052,1196009,1190970,43299,1234269,23799
2021-04-25,Madera,039,155013,16404,16346,944,17290,231
2021-04-25,Marin,041,260295,13869,13852,245,14097,227
2021-04-25,Mariposa,043,17540,416,410,11,421,5
2021-04-25,Mendocino,045,87422,3812,3757,73,3830,46
2021-04-25,Merced,047,269075,30567,30586,988,31574,443
2021-04-25,Modoc,049,8938,367,360,122,482,3
2021-04-25,Mono,051,14174,1236,1257,13,1270,3
2021-04-25,Monterey,053,433212,42790,42737,1904,44641,379
2021-04-25,Napa,055,140530,9760,9762,32,9794,79
2021-04-25,Nevada,057,99092,4609,4536,193,4729,70
2021-04-25,Orange,059,3164182,253387,252531,11518,264049,4919
2021-04-25,Placer,061,380077,22496,22011,1456,23467,285
2021-04-25,Plumas,063,18699,684,670,11,681,4
2021-04-25,Riverside,065,2383286,289773,286651,14458,301109,4401
2021-04-25,Sacramento,067,1510023,102818,102319,1678,103997,1587
2021-04-25,San Benito,069,59416,6004,6014,115,6129,63
2021-04-25,San Bernardino,071,2135413,290943,290357,9347,299704,4571
2021-04-25,San Diego,073,3302833,276694,275412,14379,289791,3692
2021-04-25,San Francisco,075,870044,36111,36310,1353,37663,532
2021-04-25,San Joaquin,077,732212,71549,70987,3581,74568,1301
2021-04-25,San Luis Obispo,079,281455,20933,20820,750,21570,255
2021-04-25,San Mateo,081,765935,41789,41465,468,41933,356
2021-04-25,Santa Barbara,083,443738,34168,33931,1230,35161,448
2021-04-25,Santa Clara,085,1922200,116848,117778,760,118538,1968
2021-04-25,Santa Cruz,087,273765,16020,15868,869,16737,205
2021-04-25,Shasta,089,179085,11752,11784,1480,13264,192
2021-04-25,Sierra,091,2930,53,51,14,65,0
2021-04-25,Siskiyou,093,43540,1698,1580,309,1889,11
2021-04-25,Solano,095,438530,31966,31864,491,32355,247
2021-04-25,Sonoma,097,501317,29558,29756,315,30071,318
2021-04-25,Stanislaus,099,539301,54670,54543,6023,60566,744
2021-04-25,Sutter,101,95872,9331,9326,87,9413,110
2021-04-25,Tehama,103,63373,4926,4916,574,5490,53
2021-04-25,Trinity,105,12862,407,326,67,393,3
2021-04-25,Tulare,107,460477,49174,48728,9262,57990,831
2021-04-25,Tuolumne,109,53932,4024,4022,36,4058,58
2021-04-25,Ventura,111,848112,80398,80110,3050,83160,999
2021-04-25,Yolo,113,214977,13703,13667,290,13957,205
2021-04-25,Yuba,115,75493,5865,5849,121,5970,44
2021-04-24,Alameda,001,1643700,86292,86016,1974,87990,1257
2021-04-24,Alpine,003,1148,88,86,0,86,0
2021-04-24,Amador,005,37829,3647,3640,34,3674,46
2021-04-24,Butte,007,227075,12012,11678,1814,13492,196
2021-04-24,Calaveras,009,45235,2075,2067,12,2079,50
2021-04-24,Colusa,011,21464,1918,1921,299,2220,14
2021-04-24,Contra Costa,013,1133247,67796,67222,1271,68493,789
2021-04-24,Del Norte,015,27424,1268,1255,11,1266,6
2021-04-24,El Dorado,017,186661,9867,9814,727,10541,106
2021-04-24,Fresno,019,978130,100889,100991,8794,109785,1662
2021-04-24,Glenn,021,27897,2368,2363,555,2918,17
2021-04-24,Humboldt,023,135768,3785,3722,29,3751,35
2021-04-24,Imperial,025,180216,28095,28124,2830,30954,720
2021-04-24,Inyo,027,18085,1395,1396,2,1398,36
2021-04-24,Kern,029,883053,96034,95365,10966,106331,1295
2021-04-24,Kings,031,150075,22804,22749,1153,23902,244
2021-04-24,Lake,033,64148,3444,3426,9,3435,43
2021-04-24,Lassen,035,31185,5158,5137,108,5245,1
2021-04-24,Los Angeles,037,10098052,1195787,1190603,43279,1233882,23802
2021-04-24,Madera,039,155013,16401,16338,944,17282,231
2021-04-24,Marin,041,260295,13861,13847,245,14092,227
2021-04-24,Mariposa,043,17540,416,409,11,420,5
2021-04-24,Mendocino,045,87422,3810,3754,72,3826,46
2021-04-24,Merced,047,269075,30547,30559,988,31547,443
2021-04-24,Modoc,049,8938,367,360,122,482,3
2021-04-24,Mono,051,14174,1236,1256,13,1269,3
2021-04-24,Monterey,053,433212,42778,42727,1903,44630,379
2021-04-24,Napa,055,140530,9754,9756,32,9788,79
2021-04-24,Nevada,057,99092,4602,4522,193,4715,70
2021-04-24,Orange,059,3164182,253343,252441,11512,263953,4910
2021-04-24,Placer,061,380077,22484,21983,1455,23438,285
2021-04-24,Plumas,063,18699,683,670,11,681,4
2021-04-24,Riverside,065,2383286,289705,286552,14454,301006,4400
2021-04-24,Sacramento,067,1510023,102735,102179,1671,103850,1587
2021-04-24,San Benito,069,59416,6002,6007,115,6122,63
2021-04-24,San Bernardino,071,2135413,290895,290264,9345,299609,4568
2021-04-24,San Diego,073,3302833,276590,275252,14359,289611,3688
2021-04-24,San Francisco,075,870044,36082,36285,1349,37634,532
2021-04-24,San Joaquin,077,732212,71506,70911,3577,74488,1301
2021-04-24,San Luis Obispo,079,281455,20923,20797,749,21546,255
2021-04-24,San Mateo,081,765935,41776,41424,466,41890,355
2021-04-24,Santa Barbara,083,443738,34153,33911,1229,35140,448
2021-04-24,Santa Clara,085,1922200,116793,117674,758,118432,1968
2021-04-24,Santa Cruz,087,273765,16012,15840,869,16709,205
2021-04-24,Shasta,089,179085,11734,11770,1477,13247,192
2021-04-24,Sierra,091,2930,53,51,14,65,0
2021-04-24,Siskiyou,093,43540,1688,1574,308,1882,11
2021-04-24,Solano,095,438530,31943,31821,489,32310,247
2021-04-24,Sonoma,097,501317,29556,29739,315,30054,318
2021-04-24,Stanislaus,099,539301,54621,54455,6020,60475,744
2021-04-24,Sutter,101,95872,9328,9316,87,9403,110
2021-04-24,Tehama,103,63373,4921,4907,574,5481,53
2021-04-24,Trinity,105,12862,407,326,67,393,3
2021-04-24,Tulare,107,460477,49163,48705,9252,57957,830
2021-04-24,Tuolumne,109,53932,4020,4020,36,4056,58
2021-04-24,Ventura,111,848112,80385,80097,3048,83145,999
2021-04-24,Yolo,113,214977,13692,13653,290,13943,205
2021-04-24,Yuba,115,75493,5863,5837,121,5958,44
2021-04-23,Alameda,001,1643700,86221,85935,1972,87907,1256
2021-04-23,Alpine,003,1148,87,86,0,86,0
2021-04-23,Amador,005,37829,3646,3637,34,3671,46
2021-04-23,Butte,007,227075,11991,11672,1809,13481,196
2021-04-23,Calaveras,009,45235,2073,2064,12,2076,50
2021-04-23,Colusa,011,21464,1917,1921,299,2220,14
2021-04-23,Contra Costa,013,1133247,67742,67164,1267,68431,785
2021-04-23,Del Norte,015,27424,1267,1254,11,1265,6
2021-04-23,El Dorado,017,186661,9850,9788,724,10512,106
2021-04-23,Fresno,019,978130,100849,100928,8787,109715,1662
2021-04-23,Glenn,021,27897,2368,2361,554,2915,17
2021-04-23,Humboldt,023,135768,3774,3698,29,3727,35
2021-04-23,Imperial,025,180216,28080,28108,2829,30937,720
2021-04-23,Inyo,027,18085,1395,1395,2,1397,36
2021-04-23,Kern,029,883053,96009,95330,10961,106291,1295
2021-04-23,Kings,031,150075,22801,22735,1153,23888,244
2021-04-23,Lake,033,64148,3442,3425,9,3434,43
2021-04-23,Lassen,035,31185,5158,5141,108,5249,1
2021-04-23,Los Angeles,037,10098052,1195525,1190264,43253,1233517,23785
2021-04-23,Madera,039,155013,16392,16328,944,17272,231
2021-04-23,Marin,041,260295,13856,13838,245,14083,227
2021-04-23,Mariposa,043,17540,415,405,11,416,5
2021-04-23,Mendocino,045,87422,3808,3745,71,3816,46
2021-04-23,Merced,047,269075,30529,30530,988,31518,443
2021-04-23,Modoc,049,8938,367,360,122,482,3
2021-04-23,Mono,051,14174,1234,1256,13,1269,3
2021-04-23,Monterey,053,433212,42772,42722,1903,44625,377
2021-04-23,Napa,055,140530,9748,9752,32,9784,79
2021-04-23,Nevada,057,99092,4593,4510,193,4703,70
2021-04-23,Orange,059,3164182,253299,252399,11505,263904,4904
2021-04-23,Placer,061,380077,22461,21959,1454,23413,282
2021-04-23,Plumas,063,18699,682,670,11,681,4
2021-04-23,Riverside,065,2383286,289648,286456,14449,300905,4399
2021-04-23,Sacramento,067,1510023,102648,102041,1668,103709,1586
2021-04-23,San Benito,069,59416,6000,6005,115,6120,63
2021-04-23,San Bernardino,071,2135413,290845,290189,9343,299532,4568
2021-04-23,San Diego,073,3302833,276451,275097,14336,289433,3684
2021-04-23,San Francisco,075,870044,36065,36252,1348,37600,532
2021-04-23,San Joaquin,077,732212,71450,70840,3574,74414,1295
2021-04-23,San Luis Obispo,079,281455,20914,20781,748,21529,255
2021-04-23,San Mateo,081,765935,41749,41386,466,41852,355
2021-04-23,Santa Barbara,083,443738,34143,33895,1227,35122,447
2021-04-23,Santa Clara,085,1922200,116732,117593,757,118350,1965
2021-04-23,Santa Cruz,087,273765,16005,15802,869,16671,205
2021-04-23,Shasta,089,179085,11727,11759,1476,13235,192
2021-04-23,Sierra,091,2930,53,51,14,65,0
2021-04-23,Siskiyou,093,43540,1676,1567,306,1873,11
2021-04-23,Solano,095,438530,31911,31784,485,32269,247
2021-04-23,Sonoma,097,501317,29543,29727,315,30042,318
2021-04-23,Stanislaus,099,539301,54558,54391,6012,60403,744
2021-04-23,Sutter,101,95872,9326,9312,87,9399,110
2021-04-23,Tehama,103,63373,4918,4906,574,5480,53
2021-04-23,Trinity,105,12862,407,326,67,393,3
2021-04-23,Tulare,107,460477,49146,48694,9244,57938,829
2021-04-23,Tuolumne,109,53932,4019,4020,36,4056,58
2021-04-23,Ventura,111,848112,80366,80095,3048,83143,996
2021-04-23,Yolo,113,214977,13681,13647,289,13936,205
2021-04-23,Yuba,115,75493,5860,5828,121,5949,44
2021-04-22,Alameda,001,1643700,86129,85829,1971,87800,1253
2021-04-22,Alpine,003,1148,87,86,0,86,0
2021-04-22,Amador,005,37829,3645,3633,34,3667,46
2021-04-22,Butte,007,227075,11977,11656,1806,13462,196
2021-04-22,Calaveras,009,45235,2071,2059,12,2071,50
2021-04-22,Colusa,011,21464,1915,1920,297,2217,14
2021-04-22,Contra Costa,013,1133247,67671,67029,1261,68290,782
2021-04-22,Del Norte,015,27424,1262,1252,11,1263,6
2021-04-22,El Dorado,017,186661,9839,9773,721,10494,106
2021-04-22,Fresno,019,978130,100805,100864,8776,109640,1657
2021-04-22,Glenn,021,27897,2367,2361,554,2915,17
2021-04-22,Humboldt,023,135768,3765,3680,29,3709,35
2021-04-22,Imperial,025,180216,28058,28096,2826,30922,720
2021-04-22,Inyo,027,18085,1394,1394,2,1396,36
2021-04-22,Kern,029,883053,95966,95292,10946,106238,1299
2021-04-22,Kings,031,150075,22791,22725,1153,23878,243
2021-04-22,Lake,033,64148,3440,3423,9,3432,43
2021-04-22,Lassen,035,31185,5158,5155,108,5263,1
2021-04-22,Los Angeles,037,10098052,1195208,1189878,43230,1233108,23762
2021-04-22,Madera,039,155013,16373,16316,944,17260,231
2021-04-22,Marin,041,260295,13848,13832,245,14077,227
2021-04-22,Mariposa,043,17540,414,403,11,414,5
2021-04-22,Mendocino,045,87422,3802,3729,71,3800,46
2021-04-22,Merced,047,269075,30494,30490,987,31477,443
2021-04-22,Modoc,049,8938,367,360,122,482,3
2021-04-22,Mono,051,14174,1234,1254,13,1267,3
2021-04-22,Monterey,053,433212,42765,42708,1901,44609,377
2021-04-22,Napa,055,140530,9738,9734,32,9766,79
2021-04-22,Nevada,057,99092,4584,4504,191,4695,70
2021-04-22,Orange,059,3164182,253228,252307,11493,263800,4898
2021-04-22,Placer,061,380077,22431,21916,1450,23366,282
2021-04-22,Plumas,063,18699,681,670,11,681,4
2021-04-22,Riverside,065,2383286,289554,286362,14440,300802,4398
2021-04-22,Sacramento,067,1510023,102500,101870,1658,103528,1585
2021-04-22,San Benito,069,59416,5996,5998,115,6113,63
2021-04-22,San Bernardino,071,2135413,290775,290125,9335,299460,4571
2021-04-22,San Diego,073,3302833,276285,275913,14314,290227,3684
2021-04-22,San Francisco,075,870044,36043,36218,1345,37563,532
2021-04-22,San Joaquin,077,732212,71391,70751,3567,74318,1295
2021-04-22,San Luis Obispo,079,281455,20900,20761,748,21509,255
2021-04-22,San Mateo,081,765935,41722,41345,464,41809,355
2021-04-22,Santa Barbara,083,443738,34120,33870,1226,35096,446
2021-04-22,Santa Clara,085,1922200,116644,117457,753,118210,1954
2021-04-22,Santa Cruz,087,273765,16002,15737,868,16605,205
2021-04-22,Shasta,089,179085,11712,11738,1473,13211,192
2021-04-22,Sierra,091,2930,53,51,14,65,0
2021-04-22,Siskiyou,093,43540,1672,1564,305,1869,11
2021-04-22,Solano,095,438530,31865,31731,482,32213,247
2021-04-22,Sonoma,097,501317,29528,29705,311,30016,318
2021-04-22,Stanislaus,099,539301,54485,54313,6006,60319,744
2021-04-22,Sutter,101,95872,9322,9302,87,9389,110
2021-04-22,Tehama,103,63373,4912,4896,570,5466,53
2021-04-22,Trinity,105,12862,407,326,67,393,3
2021-04-22,Tulare,107,460477,49127,48669,9234,57903,828
2021-04-22,Tuolumne,109,53932,4015,4020,36,4056,58
2021-04-22,Ventura,111,848112,80341,80073,3046,83119,996
2021-04-22,Yolo,113,214977,13660,13616,289,13905,205
2021-04-22,Yuba,115,75493,5850,5825,121,5946,44
2021-04-21,Alameda,001,1643700,86048,85762,1969,87731,1249
2021-04-21,Alpine,003,1148,87,86,0,86,0
2021-04-21,Amador,005,37829,3642,3632,34,3666,46
2021-04-21,Butte,007,227075,11957,11643,1804,13447,196
2021-04-21,Calaveras,009,45235,2061,2057,12,2069,50
2021-04-21,Colusa,011,21464,1913,1920,296,2216,14
2021-04-21,Contra Costa,013,1133247,67605,66981,1260,68241,782
2021-04-21,Del Norte,015,27424,1258,1252,11,1263,6
2021-04-21,El Dorado,017,186661,9822,9760,719,10479,106
2021-04-21,Fresno,019,978130,100749,100838,8770,109608,1654
2021-04-21,Glenn,021,27897,2366,2361,554,2915,17
2021-04-21,Humboldt,023,135768,3745,3642,29,3671,35
2021-04-21,Imperial,025,180216,28046,28052,2825,30877,719
2021-04-21,Inyo,027,18085,1394,1392,2,1394,36
2021-04-21,Kern,029,883053,95920,95257,10936,106193,1297
2021-04-21,Kings,031,150075,22784,22713,1152,23865,243
2021-04-21,Lake,033,64148,3437,3421,9,3430,43
2021-04-21,Lassen,035,31185,5157,5156,108,5264,1
2021-04-21,Los Angeles,037,10098052,1194872,1189530,43206,1232736,23729
2021-04-21,Madera,039,155013,16368,16309,944,17253,231
2021-04-21,Marin,041,260295,13833,13822,245,14067,227
2021-04-21,Mariposa,043,17540,413,402,11,413,5
2021-04-21,Mendocino,045,87422,3800,3729,71,3800,46
2021-04-21,Merced,047,269075,30473,30471,986,31457,442
2021-04-21,Modoc,049,8938,367,360,122,482,3
2021-04-21,Mono,051,14174,1234,1254,13,1267,3
2021-04-21,Monterey,053,433212,42750,42699,1899,44598,377
2021-04-21,Napa,055,140530,9732,9727,32,9759,79
2021-04-21,Nevada,057,99092,4570,4499,191,4690,70
2021-04-21,Orange,059,3164182,253153,252243,11480,263723,4889
2021-04-21,Placer,061,380077,22400,21896,1445,23341,282
2021-04-21,Plumas,063,18699,681,670,11,681,4
2021-04-21,Riverside,065,2383286,289462,286299,14433,300732,4388
2021-04-21,Sacramento,067,1510023,102373,101803,1652,103455,1579
2021-04-21,San Benito,069,59416,5993,5998,115,6113,63
2021-04-21,San Bernardino,071,2135413,290701,290049,9333,299382,4572
2021-04-21,San Diego,073,3302833,276077,275632,14276,289908,3681
2021-04-21,San Francisco,075,870044,36023,36194,1344,37538,529
2021-04-21,San Joaquin,077,732212,71337,70687,3556,74243,1295
2021-04-21,San Luis Obispo,079,281455,20885,20724,747,21471,255
2021-04-21,San Mateo,081,765935,41690,41318,463,41781,355
2021-04-21,Santa Barbara,083,443738,34101,33830,1225,35055,445
2021-04-21,Santa Clara,085,1922200,116568,117318,747,118065,1946
2021-04-21,Santa Cruz,087,273765,15993,15698,868,16566,204
2021-04-21,Shasta,089,179085,11693,11722,1471,13193,192
2021-04-21,Sierra,091,2930,53,51,14,65,0
2021-04-21,Siskiyou,093,43540,1665,1557,305,1862,11
2021-04-21,Solano,095,438530,31826,31712,481,32193,244
2021-04-21,Sonoma,097,501317,29516,29697,309,30006,318
2021-04-21,Stanislaus,099,539301,54424,54290,6000,60290,742
2021-04-21,Sutter,101,95872,9314,9297,87,9384,110
2021-04-21,Tehama,103,63373,4905,4893,569,5462,53
2021-04-21,Trinity,105,12862,407,326,67,393,3
2021-04-21,Tulare,107,460477,49112,48653,9221,57874,828
2021-04-21,Tuolumne,109,53932,4012,4019,36,4055,58
2021-04-21,Ventura,111,848112,80309,80039,3043,83082,996
2021-04-21,Yolo,113,214977,13640,13606,288,13894,200
2021-04-21,Yuba,115,75493,5843,5822,120,5942,44
2021-04-20,Alameda,001,1643700,85954,85652,1967,87619,1248
2021-04-20,Alpine,003,1148,86,85,0,85,0
2021-04-20,Amador,005,37829,3641,3631,34,3665,46
2021-04-20,Butte,007,227075,11938,11619,1802,13421,196
2021-04-20,Calaveras,009,45235,2059,2053,12,2065,50
2021-04-20,Colusa,011,21464,1913,1915,295,2210,14
2021-04-20,Contra Costa,013,1133247,67521,66889,1257,68146,782
2021-04-20,Del Norte,015,27424,1257,1250,11,1261,6
2021-04-20,El Dorado,017,186661,9794,9743,717,10460,106
2021-04-20,Fresno,019,978130,100691,100768,8760,109528,1650
2021-04-20,Glenn,021,27897,2364,2359,553,2912,17
2021-04-20,Humboldt,023,135768,3725,3612,29,3641,35
2021-04-20,Imperial,025,180216,28027,28024,2822,30846,719
2021-04-20,Inyo,027,18085,1394,1393,2,1395,36
2021-04-20,Kern,029,883053,95884,95223,10919,106142,1295
2021-04-20,Kings,031,150075,22778,22693,1149,23842,243
2021-04-20,Lake,033,64148,3435,3418,9,3427,43
2021-04-20,Lassen,035,31185,5157,5155,108,5263,1
2021-04-20,Los Angeles,037,10098052,1194529,1189256,43176,1232432,23694
2021-04-20,Madera,039,155013,16362,16301,944,17245,231
2021-04-20,Marin,041,260295,13819,13807,245,14052,227
2021-04-20,Mariposa,043,17540,412,402,11,413,5
2021-04-20,Mendocino,045,87422,3799,3726,71,3797,46
2021-04-20,Merced,047,269075,30445,30439,986,31425,441
2021-04-20,Modoc,049,8938,367,359,122,481,3
2021-04-20,Mono,051,14174,1233,1254,13,1267,3
2021-04-20,Monterey,053,433212,42739,42663,1896,44559,363
2021-04-20,Napa,055,140530,9728,9711,32,9743,79
2021-04-20,Nevada,057,99092,4553,4485,190,4675,70
2021-04-20,Orange,059,3164182,253064,252134,11468,263602,4887
2021-04-20,Placer,061,380077,22366,21846,1441,23287,282
2021-04-20,Plumas,063,18699,680,670,11,681,4
2021-04-20,Riverside,065,2383286,289369,286194,14427,300621,4388
2021-04-20,Sacramento,067,1510023,102235,101629,1644,103273,1574
2021-04-20,San Benito,069,59416,5990,5988,115,6103,63
2021-04-20,San Bernardino,071,2135413,290622,289905,9330,299235,4569
2021-04-20,San Diego,073,3302833,275847,275369,14243,289612,3674
2021-04-20,San Francisco,075,870044,36004,36117,1343,37460,529
2021-04-20,San Joaquin,077,732212,71264,70590,3547,74137,1289
2021-04-20,San Luis Obispo,079,281455,20862,20691,739,21430,254
2021-04-20,San Mateo,081,765935,41659,41251,463,41714,355
2021-04-20,Santa Barbara,083,443738,34083,33803,1225,35028,445
2021-04-20,Santa Clara,085,1922200,116471,117228,742,117970,1944
2021-04-20,Santa Cruz,087,273765,15981,15647,868,16515,204
2021-04-20,Shasta,089,179085,11677,11677,1468,13145,189
2021-04-20,Sierra,091,2930,53,51,14,65,0
2021-04-20,Siskiyou,093,43540,1657,1551,304,1855,10
2021-04-20,Solano,095,438530,31771,31673,477,32150,243
2021-04-20,Sonoma,097,501317,29507,29676,307,29983,311
2021-04-20,Stanislaus,099,539301,54359,54236,5987,60223,735
2021-04-20,Sutter,101,95872,9310,9279,87,9366,109
2021-04-20,Tehama,103,63373,4900,4887,568,5455,52
2021-04-20,Trinity,105,12862,407,326,67,393,3
2021-04-20,Tulare,107,460477,49092,48650,9210,57860,831
2021-04-20,Tuolumne,109,53932,4012,4014,36,4050,58
2021-04-20,Ventura,111,848112,80281,80018,3041,83059,995
2021-04-20,Yolo,113,214977,13621,13581,286,13867,200
2021-04-20,Yuba,115,75493,5833,5814,120,5934,44
2021-04-19,Alameda,001,1643700,85832,85583,1964,87547,1247
2021-04-19,Alpine,003,1148,86,85,0,85,0
2021-04-19,Amador,005,37829,3640,3629,34,3663,46
2021-04-19,Butte,007,227075,11919,11601,1797,13398,196
2021-04-19,Calaveras,009,45235,2056,2050,12,2062,50
2021-04-19,Colusa,011,21464,1913,1913,294,2207,14
2021-04-19,Contra Costa,013,1133247,67444,66833,1254,68087,782
2021-04-19,Del Norte,015,27424,1255,1247,11,1258,6
2021-04-19,El Dorado,017,186661,9778,9726,712,10438,106
2021-04-19,Fresno,019,978130,100623,100702,8748,109450,1646
2021-04-19,Glenn,021,27897,2364,2358,552,2910,17
2021-04-19,Humboldt,023,135768,3705,3602,27,3629,35
2021-04-19,Imperial,025,180216,28006,27995,2822,30817,719
2021-04-19,Inyo,027,18085,1394,1392,2,1394,36
2021-04-19,Kern,029,883053,95854,95162,10904,106066,1290
2021-04-19,Kings,031,150075,22762,22688,1149,23837,243
2021-04-19,Lake,033,64148,3434,3416,9,3425,43
2021-04-19,Lassen,035,31185,5156,5156,108,5264,1
2021-04-19,Los Angeles,037,10098052,1194154,1188945,43149,1232094,23666
2021-04-19,Madera,039,155013,16351,16289,943,17232,231
2021-04-19,Marin,041,260295,13808,13804,244,14048,226
2021-04-19,Mariposa,043,17540,411,401,11,412,5
2021-04-19,Mendocino,045,87422,3797,3722,71,3793,46
2021-04-19,Merced,047,269075,30416,30422,985,31407,441
2021-04-19,Modoc,049,8938,367,359,122,481,3
2021-04-19,Mono,051,14174,1232,1254,13,1267,3
2021-04-19,Monterey,053,433212,42726,42642,1891,44533,356
2021-04-19,Napa,055,140530,9720,9680,32,9712,79
2021-04-19,Nevada,057,99092,4537,4477,190,4667,70
2021-04-19,Orange,059,3164182,252946,252013,11454,263467,4883
2021-04-19,Placer,061,380077,22343,21814,1437,23251,282
2021-04-19,Plumas,063,18699,680,665,11,676,4
2021-04-19,Riverside,065,2383286,289277,286087,14417,300504,4371
2021-04-19,Sacramento,067,1510023,102101,101482,1633,103115,1572
2021-04-19,San Benito,069,59416,5982,5989,115,6104,63
2021-04-19,San Bernardino,071,2135413,290538,289738,9323,299061,4561
2021-04-19,San Diego,073,3302833,275599,275113,14210,289323,3674
2021-04-19,San Francisco,075,870044,35969,36094,1340,37434,529
2021-04-19,San Joaquin,077,732212,71185,70514,3539,74053,1289
2021-04-19,San Luis Obispo,079,281455,20836,20669,733,21402,254
2021-04-19,San Mateo,081,765935,41626,41226,462,41688,355
2021-04-19,Santa Barbara,083,443738,34069,33786,1225,35011,446
2021-04-19,Santa Clara,085,1922200,116360,117099,738,117837,1944
2021-04-19,Santa Cruz,087,273765,15969,15600,868,16468,204
2021-04-19,Shasta,089,179085,11662,11662,1460,13122,189
2021-04-19,Sierra,091,2930,53,51,14,65,0
2021-04-19,Siskiyou,093,43540,1647,1544,304,1848,10
2021-04-19,Solano,095,438530,31733,31643,472,32115,239
2021-04-19,Sonoma,097,501317,29488,29667,307,29974,311
2021-04-19,Stanislaus,099,539301,54283,54179,5983,60162,728
2021-04-19,Sutter,101,95872,9299,9269,87,9356,109
2021-04-19,Tehama,103,63373,4895,4878,568,5446,52
2021-04-19,Trinity,105,12862,407,326,67,393,3
2021-04-19,Tulare,107,460477,49076,48630,9197,57827,831
2021-04-19,Tuolumne,109,53932,4011,4010,36,4046,58
2021-04-19,Ventura,111,848112,80255,80000,3039,83039,996
2021-04-19,Yolo,113,214977,13609,13572,283,13855,200
2021-04-19,Yuba,115,75493,5826,5804,119,5923,44
2021-04-18,Alameda,001,1643700,85718,85481,1956,87437,1247
2021-04-18,Alpine,003,1148,86,85,0,85,0
2021-04-18,Amador,005,37829,3637,3627,34,3661,46
2021-04-18,Butte,007,227075,11901,11591,1792,13383,196
2021-04-18,Calaveras,009,45235,2052,2047,12,2059,50
2021-04-18,Colusa,011,21464,1909,1912,293,2205,14
2021-04-18,Contra Costa,013,1133247,67340,66750,1249,67999,782
2021-04-18,Del Norte,015,27424,1255,1240,11,1251,6
2021-04-18,El Dorado,017,186661,9755,9710,710,10420,106
2021-04-18,Fresno,019,978130,100566,100621,8742,109363,1646
2021-04-18,Glenn,021,27897,2359,2358,552,2910,17
2021-04-18,Humboldt,023,135768,3677,3590,27,3617,35
2021-04-18,Imperial,025,180216,27991,27991,2817,30808,719
2021-04-18,Inyo,027,18085,1393,1392,2,1394,36
2021-04-18,Kern,029,883053,95819,95129,10887,106016,1290
2021-04-18,Kings,031,150075,22753,22685,1149,23834,243
2021-04-18,Lake,033,64148,3433,3413,9,3422,43
2021-04-18,Lassen,035,31185,5153,5156,108,5264,1
2021-04-18,Los Angeles,037,10098052,1193703,1188620,43122,1231742,23648
2021-04-18,Madera,039,155013,16340,16277,942,17219,231
2021-04-18,Marin,041,260295,13801,13801,243,14044,226
2021-04-18,Mariposa,043,17540,410,400,10,410,5
2021-04-18,Mendocino,045,87422,3794,3722,71,3793,46
2021-04-18,Merced,047,269075,30379,30405,983,31388,441
2021-04-18,Modoc,049,8938,367,359,122,481,3
2021-04-18,Mono,051,14174,1232,1254,13,1267,3
2021-04-18,Monterey,053,433212,42714,42638,1890,44528,356
2021-04-18,Napa,055,140530,9704,9674,32,9706,79
2021-04-18,Nevada,057,99092,4522,4464,190,4654,70
2021-04-18,Orange,059,3164182,252831,251940,11446,263386,4883
2021-04-18,Placer,061,380077,22300,21783,1430,23213,282
2021-04-18,Plumas,063,18699,679,665,11,676,4
2021-04-18,Riverside,065,2383286,289188,286043,14412,300455,4371
2021-04-18,Sacramento,067,1510023,101926,101354,1627,102981,1572
2021-04-18,San Benito,069,59416,5980,5989,115,6104,63
2021-04-18,San Bernardino,071,2135413,290445,289691,9314,299005,4556
2021-04-18,San Diego,073,3302833,275320,274961,14175,289136,3674
2021-04-18,San Francisco,075,870044,35934,36073,1336,37409,525
2021-04-18,San Joaquin,077,732212,71104,70466,3530,73996,1289
2021-04-18,San Luis Obispo,079,281455,20815,20656,726,21382,254
2021-04-18,San Mateo,081,765935,41597,41201,461,41662,352
2021-04-18,Santa Barbara,083,443738,34035,33769,1224,34993,446
2021-04-18,Santa Clara,085,1922200,116232,116996,722,117718,1944
2021-04-18,Santa Cruz,087,273765,15959,15580,867,16447,204
2021-04-18,Shasta,089,179085,11641,11658,1457,13115,189
2021-04-18,Sierra,091,2930,53,51,14,65,0
2021-04-18,Siskiyou,093,43540,1636,1538,302,1840,10
2021-04-18,Solano,095,438530,31683,31606,471,32077,239
2021-04-18,Sonoma,097,501317,29472,29660,305,29965,311
2021-04-18,Stanislaus,099,539301,54203,54132,5974,60106,728
2021-04-18,Sutter,101,95872,9285,9261,87,9348,109
2021-04-18,Tehama,103,63373,4886,4877,567,5444,52
2021-04-18,Trinity,105,12862,407,326,67,393,3
2021-04-18,Tulare,107,460477,49064,48618,9191,57809,829
2021-04-18,Tuolumne,109,53932,4010,4008,35,4043,58
2021-04-18,Ventura,111,848112,80225,79984,3035,83019,996
2021-04-18,Yolo,113,214977,13597,13562,281,13843,200
2021-04-18,Yuba,115,75493,5819,5804,119,5923,44
2021-04-17,Alameda,001,1643700,85645,85367,1952,87319,1247
2021-04-17,Alpine,003,1148,86,85,0,85,0
2021-04-17,Amador,005,37829,3635,3625,34,3659,46
2021-04-17,Butte,007,227075,11881,11573,1788,13361,196
2021-04-17,Calaveras,009,45235,2049,2045,12,2057,50
2021-04-17,Colusa,011,21464,1909,1912,293,2205,14
2021-04-17,Contra Costa,013,1133247,67292,66657,1241,67898,782
2021-04-17,Del Norte,015,27424,1255,1238,11,1249,6
2021-04-17,El Dorado,017,186661,9740,9692,707,10399,106
2021-04-17,Fresno,019,978130,100534,100562,8735,109297,1646
2021-04-17,Glenn,021,27897,2359,2357,552,2909,17
2021-04-17,Humboldt,023,135768,3654,3579,27,3606,35
2021-04-17,Imperial,025,180216,27980,27987,2816,30803,719
2021-04-17,Inyo,027,18085,1390,1392,2,1394,36
2021-04-17,Kern,029,883053,95801,95102,10883,105985,1290
2021-04-17,Kings,031,150075,22748,22678,1148,23826,243
2021-04-17,Lake,033,64148,3432,3409,9,3418,43
2021-04-17,Lassen,035,31185,5153,5154,108,5262,1
2021-04-17,Los Angeles,037,10098052,1193448,1188262,43089,1231351,23653
2021-04-17,Madera,039,155013,16336,16260,941,17201,231
2021-04-17,Marin,041,260295,13797,13797,242,14039,226
2021-04-17,Mariposa,043,17540,409,398,10,408,5
2021-04-17,Mendocino,045,87422,3791,3721,71,3792,46
2021-04-17,Merced,047,269075,30364,30392,981,31373,441
2021-04-17,Modoc,049,8938,367,357,122,479,3
2021-04-17,Mono,051,14174,1232,1253,13,1266,3
2021-04-17,Monterey,053,433212,42705,42630,1888,44518,356
2021-04-17,Napa,055,140530,9700,9666,32,9698,79
2021-04-17,Nevada,057,99092,4514,4457,190,4647,70
2021-04-17,Orange,059,3164182,252762,251873,11434,263307,4878
2021-04-17,Placer,061,380077,22277,21736,1425,23161,282
2021-04-17,Plumas,063,18699,678,666,11,677,4
2021-04-17,Riverside,065,2383286,289119,285963,14404,300367,4371
2021-04-17,Sacramento,067,1510023,101817,101172,1615,102787,1572
2021-04-17,San Benito,069,59416,5974,5986,115,6101,63
2021-04-17,San Bernardino,071,2135413,290390,289624,9311,298935,4555
2021-04-17,San Diego,073,3302833,275173,274812,14141,288953,3674
2021-04-17,San Francisco,075,870044,35913,36032,1333,37365,523
2021-04-17,San Joaquin,077,732212,71064,70372,3520,73892,1288
2021-04-17,San Luis Obispo,079,281455,20804,20642,721,21363,254
2021-04-17,San Mateo,081,765935,41574,41157,461,41618,352
2021-04-17,Santa Barbara,083,443738,34004,33738,1222,34960,446
2021-04-17,Santa Clara,085,1922200,116141,116887,719,117606,1944
2021-04-17,Santa Cruz,087,273765,15953,15571,867,16438,204
2021-04-17,Shasta,089,179085,11626,11647,1456,13103,189
2021-04-17,Sierra,091,2930,53,51,14,65,0
2021-04-17,Siskiyou,093,43540,1631,1539,301,1840,10
2021-04-17,Solano,095,438530,31652,31541,468,32009,239
2021-04-17,Sonoma,097,501317,29465,29637,305,29942,311
2021-04-17,Stanislaus,099,539301,54166,54058,5969,60027,728
2021-04-17,Sutter,101,95872,9279,9252,87,9339,109
2021-04-17,Tehama,103,63373,4880,4875,566,5441,52
2021-04-17,Trinity,105,12862,407,326,67,393,3
2021-04-17,Tulare,107,460477,49052,48603,9187,57790,829
2021-04-17,Tuolumne,109,53932,4008,4005,35,4040,58
2021-04-17,Ventura,111,848112,80205,79964,3035,82999,996
2021-04-17,Yolo,113,214977,13587,13580,281,13861,200
2021-04-17,Yuba,115,75493,5814,5802,118,5920,44
2021-04-16,Alameda,001,1643700,85565,85243,1950,87193,1245
2021-04-16,Alpine,003,1148,86,85,0,85,0
2021-04-16,Amador,005,37829,3630,3621,34,3655,46
2021-04-16,Butte,007,227075,11869,11549,1786,13335,196
2021-04-16,Calaveras,009,45235,2047,2042,12,2054,50
2021-04-16,Colusa,011,21464,1907,1911,293,2204,14
2021-04-16,Contra Costa,013,1133247,67237,66569,1238,67807,782
2021-04-16,Del Norte,015,27424,1254,1237,11,1248,6
2021-04-16,El Dorado,017,186661,9720,9665,703,10368,106
2021-04-16,Fresno,019,978130,100485,100500,8728,109228,1643
2021-04-16,Glenn,021,27897,2359,2355,552,2907,17
2021-04-16,Humboldt,023,135768,3633,3570,26,3596,35
2021-04-16,Imperial,025,180216,27970,27962,2815,30777,719
2021-04-16,Inyo,027,18085,1390,1392,2,1394,36
2021-04-16,Kern,029,883053,95772,95066,10880,105946,1288
2021-04-16,Kings,031,150075,22745,22667,1146,23813,243
2021-04-16,Lake,033,64148,3426,3406,9,3415,43
2021-04-16,Lassen,035,31185,5152,5155,108,5263,1
2021-04-16,Los Angeles,037,10098052,1193150,1187818,43050,1230868,23627
2021-04-16,Madera,039,155013,16331,16250,939,17189,231
2021-04-16,Marin,041,260295,13794,13788,242,14030,226
2021-04-16,Mariposa,043,17540,408,396,9,405,5
2021-04-16,Mendocino,045,87422,3789,3719,71,3790,46
2021-04-16,Merced,047,269075,30349,30355,981,31336,438
2021-04-16,Modoc,049,8938,367,355,122,477,3
2021-04-16,Mono,051,14174,1232,1253,13,1266,3
2021-04-16,Monterey,053,433212,42694,42620,1886,44506,351
2021-04-16,Napa,055,140530,9692,9653,32,9685,79
2021-04-16,Nevada,057,99092,4505,4443,190,4633,70
2021-04-16,Orange,059,3164182,252699,251770,11425,263195,4873
2021-04-16,Placer,061,380077,22250,21680,1419,23099,282
2021-04-16,Plumas,063,18699,677,665,11,676,4
2021-04-16,Riverside,065,2383286,289043,285818,14402,300220,4369
2021-04-16,Sacramento,067,1510023,101721,100993,1610,102603,1572
2021-04-16,San Benito,069,59416,5972,5982,115,6097,63
2021-04-16,San Bernardino,071,2135413,290343,289424,9309,298733,4550
2021-04-16,San Diego,073,3302833,275019,274567,14123,288690,3662
2021-04-16,San Francisco,075,870044,35888,35993,1329,37322,517
2021-04-16,San Joaquin,077,732212,70997,70280,3512,73792,1288
2021-04-16,San Luis Obispo,079,281455,20792,20623,720,21343,253
2021-04-16,San Mateo,081,765935,41545,41107,460,41567,352
2021-04-16,Santa Barbara,083,443738,33986,33703,1222,34925,446
2021-04-16,Santa Clara,085,1922200,116041,116693,716,117409,1941
2021-04-16,Santa Cruz,087,273765,15951,15539,867,16406,204
2021-04-16,Shasta,089,179085,11614,11623,1454,13077,189
2021-04-16,Sierra,091,2930,53,51,14,65,0
2021-04-16,Siskiyou,093,43540,1627,1530,299,1829,10
2021-04-16,Solano,095,438530,31613,31470,465,31935,239
2021-04-16,Sonoma,097,501317,29454,29617,305,29922,311
2021-04-16,Stanislaus,099,539301,54118,53983,5967,59950,728
2021-04-16,Sutter,101,95872,9273,9247,87,9334,109
2021-04-16,Tehama,103,63373,4879,4866,566,5432,52
2021-04-16,Trinity,105,12862,407,326,67,393,3
2021-04-16,Tulare,107,460477,49041,48583,9184,57767,830
2021-04-16,Tuolumne,109,53932,4005,4005,35,4040,58
2021-04-16,Ventura,111,848112,80180,79942,3030,82972,994
2021-04-16,Yolo,113,214977,13574,13559,279,13838,198
2021-04-16,Yuba,115,75493,5811,5795,117,5912,44
2021-04-15,Alameda,001,1643700,85459,85089,1948,87037,1246
2021-04-15,Alpine,003,1148,86,85,0,85,0
2021-04-15,Amador,005,37829,3629,3616,34,3650,46
2021-04-15,Butte,007,227075,11854,11529,1782,13311,196
2021-04-15,Calaveras,009,45235,2046,2039,12,2051,50
2021-04-15,Colusa,011,21464,1905,1909,292,2201,14
2021-04-15,Contra Costa,013,1133247,67163,66480,1234,67714,781
2021-04-15,Del Norte,015,27424,1247,1235,11,1246,6
2021-04-15,El Dorado,017,186661,9707,9639,701,10340,106
2021-04-15,Fresno,019,978130,100426,100431,8721,109152,1642
2021-04-15,Glenn,021,27897,2359,2354,552,2906,17
2021-04-15,Humboldt,023,135768,3611,3561,26,3587,35
2021-04-15,Imperial,025,180216,27942,27920,2812,30732,718
2021-04-15,Inyo,027,18085,1390,1393,2,1395,36
2021-04-15,Kern,029,883053,95740,94989,10865,105854,1289
2021-04-15,Kings,031,150075,22731,22648,1146,23794,242
2021-04-15,Lake,033,64148,3425,3399,9,3408,43
2021-04-15,Lassen,035,31185,5151,5152,108,5260,1
2021-04-15,Los Angeles,037,10098052,1192756,1187274,43010,1230284,23598
2021-04-15,Madera,039,155013,16316,16234,939,17173,231
2021-04-15,Marin,041,260295,13790,13783,241,14024,226
2021-04-15,Mariposa,043,17540,406,395,9,404,5
2021-04-15,Mendocino,045,87422,3788,3714,71,3785,46
2021-04-15,Merced,047,269075,30323,30325,980,31305,437
2021-04-15,Modoc,049,8938,367,355,122,477,3
2021-04-15,Mono,051,14174,1231,1253,13,1266,3
2021-04-15,Monterey,053,433212,42684,42604,1884,44488,347
2021-04-15,Napa,055,140530,9684,9645,32,9677,79
2021-04-15,Nevada,057,99092,4493,4434,189,4623,70
2021-04-15,Orange,059,3164182,252604,251679,11412,263091,4857
2021-04-15,Placer,061,380077,22220,21614,1412,23026,281
2021-04-15,Plumas,063,18699,675,665,11,676,4
2021-04-15,Riverside,065,2383286,288944,285698,14395,300093,4363
2021-04-15,Sacramento,067,1510023,101591,100782,1596,102378,1570
2021-04-15,San Benito,069,59416,5969,5969,114,6083,63
2021-04-15,San Bernardino,071,2135413,290255,289288,9302,298590,4544
2021-04-15,San Diego,073,3302833,274773,274250,14064,288314,3653
2021-04-15,San Francisco,075,870044,35870,35947,1326,37273,510
2021-04-15,San Joaquin,077,732212,70916,70189,3504,73693,1288
2021-04-15,San Luis Obispo,079,281455,20776,20591,717,21308,253
2021-04-15,San Mateo,081,765935,41506,41050,459,41509,352
2021-04-15,Santa Barbara,083,443738,33968,33672,1218,34890,446
2021-04-15,Santa Clara,085,1922200,115935,116602,712,117314,1927
2021-04-15,Santa Cruz,087,273765,15941,15509,867,16376,203
2021-04-15,Shasta,089,179085,11600,11597,1450,13047,191
2021-04-15,Sierra,091,2930,53,51,14,65,0
2021-04-15,Siskiyou,093,43540,1621,1524,299,1823,10
2021-04-15,Solano,095,438530,31575,31394,464,31858,239
2021-04-15,Sonoma,097,501317,29440,29587,305,29892,311
2021-04-15,Stanislaus,099,539301,54064,53918,5959,59877,728
2021-04-15,Sutter,101,95872,9266,9237,87,9324,109
2021-04-15,Tehama,103,63373,4877,4854,565,5419,52
2021-04-15,Trinity,105,12862,407,326,67,393,3
2021-04-15,Tulare,107,460477,49020,48556,9184,57740,829
2021-04-15,Tuolumne,109,53932,4005,4003,35,4038,57
2021-04-15,Ventura,111,848112,80161,79917,3028,82945,989
2021-04-15,Yolo,113,214977,13555,13547,277,13824,198
2021-04-15,Yuba,115,75493,5808,5788,117,5905,44
2021-04-14,Alameda,001,1643700,85361,85009,1947,86956,1247
2021-04-14,Alpine,003,1148,86,85,0,85,0
2021-04-14,Amador,005,37829,3628,3613,34,3647,46
2021-04-14,Butte,007,227075,11841,11513,1781,13294,196
2021-04-14,Calaveras,009,45235,2044,2037,12,2049,50
2021-04-14,Colusa,011,21464,1905,1905,292,2197,14
2021-04-14,Contra Costa,013,1133247,67077,66400,1228,67628,781
2021-04-14,Del Norte,015,27424,1247,1228,11,1239,6
2021-04-14,El Dorado,017,186661,9692,9625,696,10321,106
2021-04-14,Fresno,019,978130,100369,100376,8708,109084,1640
2021-04-14,Glenn,021,27897,2359,2353,552,2905,17
2021-04-14,Humboldt,023,135768,3590,3551,25,3576,35
2021-04-14,Imperial,025,180216,27921,27907,2809,30716,718
2021-04-14,Inyo,027,18085,1390,1392,2,1394,36
2021-04-14,Kern,029,883053,95715,94947,10858,105805,1287
2021-04-14,Kings,031,150075,22722,22641,1144,23785,243
2021-04-14,Lake,033,64148,3420,3396,9,3405,43
2021-04-14,Lassen,035,31185,5150,5151,108,5259,1
2021-04-14,Los Angeles,037,10098052,1192361,1186821,42961,1229782,23579
2021-04-14,Madera,039,155013,16307,16218,939,17157,231
2021-04-14,Marin,041,260295,13788,13768,240,14008,226
2021-04-14,Mariposa,043,17540,405,394,9,403,5
2021-04-14,Mendocino,045,87422,3783,3711,71,3782,46
2021-04-14,Merced,047,269075,30305,30296,980,31276,436
2021-04-14,Modoc,049,8938,367,355,122,477,3
2021-04-14,Mono,051,14174,1231,1252,13,1265,3
2021-04-14,Monterey,053,433212,42668,42595,1880,44475,347
2021-04-14,Napa,055,140530,9673,9643,32,9675,79
2021-04-14,Nevada,057,99092,4486,4421,189,4610,70
2021-04-14,Orange,059,3164182,252498,251568,11392,262960,4849
2021-04-14,Placer,061,380077,22187,21575,1411,22986,280
2021-04-14,Plumas,063,18699,675,665,11,676,4
2021-04-14,Riverside,065,2383286,288836,285583,14389,299972,4358
2021-04-14,Sacramento,067,1510023,101416,100645,1582,102227,1570
2021-04-14,San Benito,069,59416,5967,5960,114,6074,62
2021-04-14,San Bernardino,071,2135413,290188,289078,9299,298377,4523
2021-04-14,San Diego,073,3302833,274562,273969,14035,288004,3648
2021-04-14,San Francisco,075,870044,35832,35898,1325,37223,510
2021-04-14,San Joaquin,077,732212,70846,70095,3498,73593,1288
2021-04-14,San Luis Obispo,079,281455,20753,20561,707,21268,253
2021-04-14,San Mateo,081,765935,41466,40982,456,41438,352
2021-04-14,Santa Barbara,083,443738,33939,33650,1218,34868,445
2021-04-14,Santa Clara,085,1922200,115818,116488,709,117197,1922
2021-04-14,Santa Cruz,087,273765,15931,15481,867,16348,203
2021-04-14,Shasta,089,179085,11574,11581,1448,13029,190
2021-04-14,Sierra,091,2930,53,51,14,65,0
2021-04-14,Siskiyou,093,43540,1613,1518,298,1816,10
2021-04-14,Solano,095,438530,31523,31357,456,31813,239
2021-04-14,Sonoma,097,501317,29432,29572,303,29875,311
2021-04-14,Stanislaus,099,539301,53993,53836,5950,59786,727
2021-04-14,Sutter,101,95872,9258,9230,87,9317,106
2021-04-14,Tehama,103,63373,4872,4853,563,5416,52
2021-04-14,Trinity,105,12862,407,326,67,393,3
2021-04-14,Tulare,107,460477,48994,48527,9181,57708,827
2021-04-14,Tuolumne,109,53932,4004,3997,35,4032,57
2021-04-14,Ventura,111,848112,80125,79891,3026,82917,986
2021-04-14,Yolo,113,214977,13539,13530,275,13805,198
2021-04-14,Yuba,115,75493,5806,5778,117,5895,44
2021-04-13,Alameda,001,1643700,85255,84921,1942,86863,1239
2021-04-13,Alpine,003,1148,86,85,0,85,0
2021-04-13,Amador,005,37829,3625,3609,34,3643,46
2021-04-13,Butte,007,227075,11823,11497,1778,13275,196
2021-04-13,Calaveras,009,45235,2041,2035,12,2047,50
2021-04-13,Colusa,011,21464,1903,1905,290,2195,14
2021-04-13,Contra Costa,013,1133247,66987,66304,1228,67532,778
2021-04-13,Del Norte,015,27424,1242,1221,11,1232,6
2021-04-13,El Dorado,017,186661,9666,9609,694,10303,106
2021-04-13,Fresno,019,978130,100289,100357,8702,109059,1636
2021-04-13,Glenn,021,27897,2358,2351,552,2903,17
2021-04-13,Humboldt,023,135768,3573,3540,25,3565,35
2021-04-13,Imperial,025,180216,27903,27887,2800,30687,718
2021-04-13,Inyo,027,18085,1390,1391,2,1393,36
2021-04-13,Kern,029,883053,95671,94908,10846,105754,1285
2021-04-13,Kings,031,150075,22706,22636,1143,23779,243
2021-04-13,Lake,033,64148,3417,3390,9,3399,43
2021-04-13,Lassen,035,31185,5149,5147,108,5255,1
2021-04-13,Los Angeles,037,10098052,1191912,1186482,42915,1229397,23526
2021-04-13,Madera,039,155013,16297,16207,937,17144,231
2021-04-13,Marin,041,260295,13780,13760,239,13999,224
2021-04-13,Mariposa,043,17540,404,394,6,400,5
2021-04-13,Mendocino,045,87422,3777,3702,71,3773,46
2021-04-13,Merced,047,269075,30274,30276,978,31254,435
2021-04-13,Modoc,049,8938,367,355,122,477,3
2021-04-13,Mono,051,14174,1231,1251,13,1264,3
2021-04-13,Monterey,053,433212,42657,42577,1880,44457,347
2021-04-13,Napa,055,140530,9663,9627,32,9659,79
2021-04-13,Nevada,057,99092,4474,4415,189,4604,69
2021-04-13,Orange,059,3164182,252402,251491,11374,262865,4836
2021-04-13,Placer,061,380077,22150,21534,1408,22942,280
2021-04-13,Plumas,063,18699,674,665,11,676,4
2021-04-13,Riverside,065,2383286,288718,285505,14382,299887,4348
2021-04-13,Sacramento,067,1510023,101242,100551,1577,102128,1569
2021-04-13,San Benito,069,59416,5964,5946,114,6060,62
2021-04-13,San Bernardino,071,2135413,290073,288929,9293,298222,4521
2021-04-13,San Diego,073,3302833,274308,273709,14000,287709,3623
2021-04-13,San Francisco,075,870044,35796,35869,1321,37190,506
2021-04-13,San Joaquin,077,732212,70738,70034,3490,73524,1288
2021-04-13,San Luis Obispo,079,281455,20726,20536,697,21233,253
2021-04-13,San Mateo,081,765935,41421,40955,456,41411,353
2021-04-13,Santa Barbara,083,443738,33917,33613,1215,34828,444
2021-04-13,Santa Clara,085,1922200,115689,116363,707,117070,1923
2021-04-13,Santa Cruz,087,273765,15924,15449,867,16316,203
2021-04-13,Shasta,089,179085,11554,11536,1445,12981,189
2021-04-13,Sierra,091,2930,53,51,14,65,0
2021-04-13,Siskiyou,093,43540,1605,1511,294,1805,10
2021-04-13,Solano,095,438530,31475,31335,452,31787,239
2021-04-13,Sonoma,097,501317,29424,29544,302,29846,311
2021-04-13,Stanislaus,099,539301,53921,53797,5940,59737,722
2021-04-13,Sutter,101,95872,9254,9226,87,9313,106
2021-04-13,Tehama,103,63373,4865,4850,560,5410,52
2021-04-13,Trinity,105,12862,407,326,67,393,3
2021-04-13,Tulare,107,460477,48982,48511,9177,57688,825
2021-04-13,Tuolumne,109,53932,4002,3995,35,4030,57
2021-04-13,Ventura,111,848112,80093,79854,3024,82878,986
2021-04-13,Yolo,113,214977,13527,13516,274,13790,198
2021-04-13,Yuba,115,75493,5797,5776,117,5893,44
2021-04-12,Alameda,001,1643700,85153,84817,1940,86757,1238
2021-04-12,Alpine,003,1148,86,85,0,85,0
2021-04-12,Amador,005,37829,3624,3607,34,3641,46
2021-04-12,Butte,007,227075,11808,11488,1774,13262,193
2021-04-12,Calaveras,009,45235,2039,2033,12,2045,50
2021-04-12,Colusa,011,21464,1901,1904,288,2192,14
2021-04-12,Contra Costa,013,1133247,66906,66176,1228,67404,777
2021-04-12,Del Norte,015,27424,1239,1216,11,1227,6
2021-04-12,El Dorado,017,186661,9649,9588,692,10280,106
2021-04-12,Fresno,019,978130,100228,100277,8678,108955,1633
2021-04-12,Glenn,021,27897,2357,2349,552,2901,17
2021-04-12,Humboldt,023,135768,3559,3533,24,3557,35
2021-04-12,Imperial,025,180216,27873,27851,2795,30646,717
2021-04-12,Inyo,027,18085,1390,1390,2,1392,36
2021-04-12,Kern,029,883053,95635,94861,10834,105695,1283
2021-04-12,Kings,031,150075,22698,22621,1142,23763,241
2021-04-12,Lake,033,64148,3413,3380,9,3389,43
2021-04-12,Lassen,035,31185,5148,5147,108,5255,1
2021-04-12,Los Angeles,037,10098052,1191416,1186145,42873,1229018,23505
2021-04-12,Madera,039,155013,16286,16174,934,17108,231
2021-04-12,Marin,041,260295,13768,13751,236,13987,224
2021-04-12,Mariposa,043,17540,403,394,6,400,5
2021-04-12,Mendocino,045,87422,3776,3699,71,3770,46
2021-04-12,Merced,047,269075,30242,30261,976,31237,435
2021-04-12,Modoc,049,8938,365,352,122,474,3
2021-04-12,Mono,051,14174,1231,1251,13,1264,3
2021-04-12,Monterey,053,433212,42643,42555,1878,44433,346
2021-04-12,Napa,055,140530,9649,9603,32,9635,80
2021-04-12,Nevada,057,99092,4463,4408,189,4597,69
2021-04-12,Orange,059,3164182,252316,251350,11353,262703,4826
2021-04-12,Placer,061,380077,22102,21475,1403,22878,278
2021-04-12,Plumas,063,18699,672,666,11,677,4
2021-04-12,Riverside,065,2383286,288611,285361,14376,299737,4336
2021-04-12,Sacramento,067,1510023,101067,100394,1572,101966,1566
2021-04-12,San Benito,069,59416,5956,5942,113,6055,62
2021-04-12,San Bernardino,071,2135413,289966,288736,9281,298017,4493
2021-04-12,San Diego,073,3302833,274049,273431,13971,287402,3621
2021-04-12,San Francisco,075,870044,35763,35841,1319,37160,506
2021-04-12,San Joaquin,077,732212,70667,69968,3481,73449,1288
2021-04-12,San Luis Obispo,079,281455,20682,20515,683,21198,253
2021-04-12,San Mateo,081,765935,41379,40920,452,41372,353
2021-04-12,Santa Barbara,083,443738,33886,33606,1215,34821,444
2021-04-12,Santa Clara,085,1922200,115561,116252,705,116957,1923
2021-04-12,Santa Cruz,087,273765,15905,15406,867,16273,203
2021-04-12,Shasta,089,179085,11537,11509,1441,12950,189
2021-04-12,Sierra,091,2930,53,51,14,65,0
2021-04-12,Siskiyou,093,43540,1594,1511,292,1803,7
2021-04-12,Solano,095,438530,31434,31305,449,31754,238
2021-04-12,Sonoma,097,501317,29396,29500,302,29802,310
2021-04-12,Stanislaus,099,539301,53856,53722,5933,59655,707
2021-04-12,Sutter,101,95872,9243,9221,87,9308,106
2021-04-12,Tehama,103,63373,4856,4834,556,5390,52
2021-04-12,Trinity,105,12862,407,324,67,391,3
2021-04-12,Tulare,107,460477,48962,48495,9167,57662,824
2021-04-12,Tuolumne,109,53932,3998,3993,35,4028,57
2021-04-12,Ventura,111,848112,80060,79818,3022,82840,985
2021-04-12,Yolo,113,214977,13513,13510,273,13783,198
2021-04-12,Yuba,115,75493,5791,5773,117,5890,43
2021-04-11,Alameda,001,1643700,85016,84756,1935,86691,1238
2021-04-11,Alpine,003,1148,86,85,0,85,0
2021-04-11,Amador,005,37829,3622,3605,34,3639,46
2021-04-11,Butte,007,227075,11773,11487,1771,13258,193
2021-04-11,Calaveras,009,45235,2034,2036,12,2048,50
2021-04-11,Colusa,011,21464,1900,1904,287,2191,14
2021-04-11,Contra Costa,013,1133247,66797,66107,1225,67332,777
2021-04-11,Del Norte,015,27424,1233,1214,11,1225,6
2021-04-11,El Dorado,017,186661,9635,9575,689,10264,106
2021-04-11,Fresno,019,978130,100162,100230,8666,108896,1633
2021-04-11,Glenn,021,27897,2353,2348,551,2899,17
2021-04-11,Humboldt,023,135768,3549,3523,24,3547,35
2021-04-11,Imperial,025,180216,27849,27841,2793,30634,717
2021-04-11,Inyo,027,18085,1390,1390,2,1392,36
2021-04-11,Kern,029,883053,95576,94830,10825,105655,1283
2021-04-11,Kings,031,150075,22689,22618,1139,23757,241
2021-04-11,Lake,033,64148,3409,3377,9,3386,43
2021-04-11,Lassen,035,31185,5144,5147,108,5255,1
2021-04-11,Los Angeles,037,10098052,1190906,1185757,42829,1228586,23503
2021-04-11,Madera,039,155013,16268,16166,932,17098,231
2021-04-11,Marin,041,260295,13762,13741,234,13975,226
2021-04-11,Mariposa,043,17540,403,394,6,400,5
2021-04-11,Mendocino,045,87422,3774,3696,71,3767,46
2021-04-11,Merced,047,269075,30204,30249,975,31224,435
2021-04-11,Modoc,049,8938,364,352,120,472,3
2021-04-11,Mono,051,14174,1230,1250,13,1263,3
2021-04-11,Monterey,053,433212,42636,42547,1871,44418,346
2021-04-11,Napa,055,140530,9638,9592,32,9624,80
2021-04-11,Nevada,057,99092,4449,4394,189,4583,69
2021-04-11,Orange,059,3164182,252191,251233,11340,262573,4826
2021-04-11,Placer,061,380077,22045,21458,1398,22856,278
2021-04-11,Plumas,063,18699,672,666,11,677,4
2021-04-11,Riverside,065,2383286,288482,285269,14366,299635,4336
2021-04-11,Sacramento,067,1510023,100898,100296,1559,101855,1566
2021-04-11,San Benito,069,59416,5948,5941,112,6053,62
2021-04-11,San Bernardino,071,2135413,289856,288686,9274,297960,4492
2021-04-11,San Diego,073,3302833,273752,273287,13913,287200,3621
2021-04-11,San Francisco,075,870044,35727,35815,1316,37131,498
2021-04-11,San Joaquin,077,732212,70579,69939,3470,73409,1288
2021-04-11,San Luis Obispo,079,281455,20656,20501,680,21181,253
2021-04-11,San Mateo,081,765935,41321,40901,451,41352,353
2021-04-11,Santa Barbara,083,443738,33852,33591,1214,34805,444
2021-04-11,Santa Clara,085,1922200,115426,116161,702,116863,1923
2021-04-11,Santa Cruz,087,273765,15893,15382,867,16249,203
2021-04-11,Shasta,089,179085,11493,11504,1440,12944,189
2021-04-11,Sierra,091,2930,53,51,14,65,0
2021-04-11,Siskiyou,093,43540,1588,1509,288,1797,7
2021-04-11,Solano,095,438530,31382,31268,445,31713,238
2021-04-11,Sonoma,097,501317,29370,29496,298,29794,310
2021-04-11,Stanislaus,099,539301,53774,53683,5923,59606,707
2021-04-11,Sutter,101,95872,9234,9222,87,9309,106
2021-04-11,Tehama,103,63373,4853,4832,554,5386,52
2021-04-11,Trinity,105,12862,407,324,67,391,3
2021-04-11,Tulare,107,460477,48948,48479,9160,57639,824
2021-04-11,Tuolumne,109,53932,3996,3993,35,4028,57
2021-04-11,Ventura,111,848112,80014,79800,3015,82815,985
2021-04-11,Yolo,113,214977,13492,13496,271,13767,198
2021-04-11,Yuba,115,75493,5781,5768,117,5885,43
2021-04-10,Alameda,001,1643700,84951,84626,1935,86561,1238
2021-04-10,Alpine,003,1148,86,85,0,85,0
2021-04-10,Amador,005,37829,3620,3603,34,3637,46
2021-04-10,Butte,007,227075,11762,11482,1770,13252,193
2021-04-10,Calaveras,009,45235,2034,2032,12,2044,50
2021-04-10,Colusa,011,21464,1900,1902,287,2189,14
2021-04-10,Contra Costa,013,1133247,66736,66001,1222,67223,778
2021-04-10,Del Norte,015,27424,1230,1212,11,1223,6
2021-04-10,El Dorado,017,186661,9623,9549,686,10235,106
2021-04-10,Fresno,019,978130,100129,100135,8659,108794,1633
2021-04-10,Glenn,021,27897,2353,2343,551,2894,17
2021-04-10,Humboldt,023,135768,3539,3508,24,3532,35
2021-04-10,Imperial,025,180216,27835,27816,2793,30609,717
2021-04-10,Inyo,027,18085,1390,1387,2,1389,36
2021-04-10,Kern,029,883053,95562,94802,10819,105621,1284
2021-04-10,Kings,031,150075,22685,22614,1137,23751,241
2021-04-10,Lake,033,64148,3404,3368,9,3377,43
2021-04-10,Lassen,035,31185,5144,5146,107,5253,1
2021-04-10,Los Angeles,037,10098052,1190636,1185246,42809,1228055,23493
2021-04-10,Madera,039,155013,16260,16143,931,17074,231
2021-04-10,Marin,041,260295,13757,13731,234,13965,226
2021-04-10,Mariposa,043,17540,400,393,6,399,5
2021-04-10,Mendocino,045,87422,3772,3696,71,3767,46
2021-04-10,Merced,047,269075,30184,30225,974,31199,435
2021-04-10,Modoc,049,8938,364,352,120,472,3
2021-04-10,Mono,051,14174,1230,1249,13,1262,3
2021-04-10,Monterey,053,433212,42625,42527,1870,44397,346
2021-04-10,Napa,055,140530,9631,9569,32,9601,79
2021-04-10,Nevada,057,99092,4442,4379,189,4568,69
2021-04-10,Orange,059,3164182,252097,251139,11332,262471,4818
2021-04-10,Placer,061,380077,22014,21402,1392,22794,278
2021-04-10,Plumas,063,18699,672,666,11,677,4
2021-04-10,Riverside,065,2383286,288403,285082,14358,299440,4336
2021-04-10,Sacramento,067,1510023,100795,100048,1557,101605,1566
2021-04-10,San Benito,069,59416,5937,5932,111,6043,62
2021-04-10,San Bernardino,071,2135413,289792,288590,9267,297857,4489
2021-04-10,San Diego,073,3302833,273536,273058,13894,286952,3613
2021-04-10,San Francisco,075,870044,35697,35774,1312,37086,498
2021-04-10,San Joaquin,077,732212,70544,69852,3460,73312,1288
2021-04-10,San Luis Obispo,079,281455,20641,20461,678,21139,253
2021-04-10,San Mateo,081,765935,41288,40878,451,41329,350
2021-04-10,Santa Barbara,083,443738,33824,33541,1212,34753,444
2021-04-10,Santa Clara,085,1922200,115330,116015,701,116716,1923
2021-04-10,Santa Cruz,087,273765,15887,15360,867,16227,203
2021-04-10,Shasta,089,179085,11485,11492,1436,12928,189
2021-04-10,Sierra,091,2930,53,51,14,65,0
2021-04-10,Siskiyou,093,43540,1585,1512,288,1800,7
2021-04-10,Solano,095,438530,31348,31218,441,31659,238
2021-04-10,Sonoma,097,501317,29355,29469,297,29766,310
2021-04-10,Stanislaus,099,539301,53740,53596,5916,59512,707
2021-04-10,Sutter,101,95872,9232,9214,87,9301,106
2021-04-10,Tehama,103,63373,4851,4820,552,5372,52
2021-04-10,Trinity,105,12862,407,324,67,391,3
2021-04-10,Tulare,107,460477,48939,48470,9154,57624,824
2021-04-10,Tuolumne,109,53932,3993,3991,35,4026,57
2021-04-10,Ventura,111,848112,79986,79758,3013,82771,985
2021-04-10,Yolo,113,214977,13484,13494,270,13764,198
2021-04-10,Yuba,115,75493,5778,5757,116,5873,43
2021-04-09,Alameda,001,1643700,84879,84404,1927,86331,1237
2021-04-09,Alpine,003,1148,86,85,0,85,0
2021-04-09,Amador,005,37829,3619,3600,34,3634,46
2021-04-09,Butte,007,227075,11752,11454,1769,13223,193
2021-04-09,Calaveras,009,45235,2033,2028,12,2040,50
2021-04-09,Colusa,011,21464,1900,1898,287,2185,14
2021-04-09,Contra Costa,013,1133247,66643,65857,1216,67073,777
2021-04-09,Del Norte,015,27424,1229,1207,11,1218,6
2021-04-09,El Dorado,017,186661,9600,9528,682,10210,106
2021-04-09,Fresno,019,978130,100095,100027,8654,108681,1630
2021-04-09,Glenn,021,27897,2353,2337,551,2888,17
2021-04-09,Humboldt,023,135768,3529,3496,24,3520,35
2021-04-09,Imperial,025,180216,27820,27764,2791,30555,717
2021-04-09,Inyo,027,18085,1389,1386,2,1388,36
2021-04-09,Kern,029,883053,95524,94675,10817,105492,1282
2021-04-09,Kings,031,150075,22676,22595,1134,23729,242
2021-04-09,Lake,033,64148,3400,3362,9,3371,43
2021-04-09,Lassen,035,31185,5144,5140,107,5247,1
2021-04-09,Los Angeles,037,10098052,1190269,1184501,42777,1227278,23458
2021-04-09,Madera,039,155013,16257,16118,931,17049,231
2021-04-09,Marin,041,260295,13750,13721,234,13955,226
2021-04-09,Mariposa,043,17540,400,393,6,399,5
2021-04-09,Mendocino,045,87422,3770,3693,71,3764,46
2021-04-09,Merced,047,269075,30155,30179,973,31152,435
2021-04-09,Modoc,049,8938,363,352,120,472,3
2021-04-09,Mono,051,14174,1230,1247,13,1260,3
2021-04-09,Monterey,053,433212,42616,42481,1866,44347,344
2021-04-09,Napa,055,140530,9612,9574,32,9606,80
2021-04-09,Nevada,057,99092,4434,4373,189,4562,69
2021-04-09,Orange,059,3164182,252023,250852,11327,262179,4813
2021-04-09,Placer,061,380077,21983,21327,1384,22711,278
2021-04-09,Plumas,063,18699,671,666,11,677,4
2021-04-09,Riverside,065,2383286,288320,284562,14352,298914,4325
2021-04-09,Sacramento,067,1510023,100642,99722,1549,101271,1564
2021-04-09,San Benito,069,59416,5932,5925,110,6035,62
2021-04-09,San Bernardino,071,2135413,289723,288000,9264,297264,4467
2021-04-09,San Diego,073,3302833,273338,272697,13852,286549,3600
2021-04-09,San Francisco,075,870044,35656,35716,1307,37023,497
2021-04-09,San Joaquin,077,732212,70481,69675,3448,73123,1281
2021-04-09,San Luis Obispo,079,281455,20628,20427,677,21104,252
2021-04-09,San Mateo,081,765935,41252,40800,450,41250,350
2021-04-09,Santa Barbara,083,443738,33801,33424,1209,34633,444
2021-04-09,Santa Clara,085,1922200,115246,115749,699,116448,1923
2021-04-09,Santa Cruz,087,273765,15882,15331,867,16198,203
2021-04-09,Shasta,089,179085,11475,11478,1433,12911,188
2021-04-09,Sierra,091,2930,53,51,14,65,0
2021-04-09,Siskiyou,093,43540,1582,1510,287,1797,7
2021-04-09,Solano,095,438530,31315,31166,436,31602,238
2021-04-09,Sonoma,097,501317,29342,29433,297,29730,310
2021-04-09,Stanislaus,099,539301,53685,53504,5907,59411,705
2021-04-09,Sutter,101,95872,9225,9201,87,9288,106
2021-04-09,Tehama,103,63373,4845,4806,552,5358,52
2021-04-09,Trinity,105,12862,406,324,67,391,3
2021-04-09,Tulare,107,460477,48935,48430,9148,57578,824
2021-04-09,Tuolumne,109,53932,3992,3986,35,4021,57
2021-04-09,Ventura,111,848112,79958,79698,3013,82711,987
2021-04-09,Yolo,113,214977,13473,13478,268,13746,198
2021-04-09,Yuba,115,75493,5771,5754,116,5870,43
2021-04-08,Alameda,001,1643700,84777,84213,1923,86136,1232
2021-04-08,Alpine,003,1148,86,85,0,85,0
2021-04-08,Amador,005,37829,3615,3595,34,3629,46
2021-04-08,Butte,007,227075,11741,11414,1768,13182,193
2021-04-08,Calaveras,009,45235,2031,2027,12,2039,50
2021-04-08,Colusa,011,21464,1899,1897,287,2184,14
2021-04-08,Contra Costa,013,1133247,66534,65706,1213,66919,775
2021-04-08,Del Norte,015,27424,1223,1201,11,1212,6
2021-04-08,El Dorado,017,186661,9584,9513,676,10189,106
2021-04-08,Fresno,019,978130,100032,99935,8647,108582,1627
2021-04-08,Glenn,021,27897,2351,2337,551,2888,17
2021-04-08,Humboldt,023,135768,3519,3486,24,3510,35
2021-04-08,Imperial,025,180216,27793,27744,2788,30532,713
2021-04-08,Inyo,027,18085,1388,1386,2,1388,36
2021-04-08,Kern,029,883053,95478,94493,10804,105297,1281
2021-04-08,Kings,031,150075,22670,22589,1131,23720,243
2021-04-08,Lake,033,64148,3393,3360,9,3369,43
2021-04-08,Lassen,035,31185,5143,5136,107,5243,1
2021-04-08,Los Angeles,037,10098052,1189772,1184443,42738,1227181,23416
2021-04-08,Madera,039,155013,16245,16103,931,17034,231
2021-04-08,Marin,041,260295,13743,13704,234,13938,226
2021-04-08,Mariposa,043,17540,399,393,6,399,5
2021-04-08,Mendocino,045,87422,3768,3690,71,3761,45
2021-04-08,Merced,047,269075,30133,30163,973,31136,430
2021-04-08,Modoc,049,8938,363,352,120,472,3
2021-04-08,Mono,051,14174,1228,1247,13,1260,3
2021-04-08,Monterey,053,433212,42595,42437,1861,44298,342
2021-04-08,Napa,055,140530,9595,9569,32,9601,80
2021-04-08,Nevada,057,99092,4423,4367,189,4556,69
2021-04-08,Orange,059,3164182,251916,250529,11311,261840,4797
2021-04-08,Placer,061,380077,21942,21258,1375,22633,277
2021-04-08,Plumas,063,18699,671,665,11,676,4
2021-04-08,Riverside,065,2383286,288209,283853,14347,298200,4296
2021-04-08,Sacramento,067,1510023,100503,99319,1537,100856,1561
2021-04-08,San Benito,069,59416,5929,5914,108,6022,62
2021-04-08,San Bernardino,071,2135413,289625,287190,9261,296451,4445
2021-04-08,San Diego,073,3302833,273109,272495,13816,286311,3592
2021-04-08,San Francisco,075,870044,35633,35657,1306,36963,494
2021-04-08,San Joaquin,077,732212,70410,69479,3442,72921,1279
2021-04-08,San Luis Obispo,079,281455,20609,20402,674,21076,252
2021-04-08,San Mateo,081,765935,41212,40749,450,41199,350
2021-04-08,Santa Barbara,083,443738,33777,33309,1208,34517,444
2021-04-08,Santa Clara,085,1922200,115140,115487,698,116185,1905
2021-04-08,Santa Cruz,087,273765,15876,15296,867,16163,203
2021-04-08,Shasta,089,179085,11465,11466,1429,12895,186
2021-04-08,Sierra,091,2930,53,51,14,65,0
2021-04-08,Siskiyou,093,43540,1579,1511,287,1798,7
2021-04-08,Solano,095,438530,31266,31120,436,31556,238
2021-04-08,Sonoma,097,501317,29322,29410,296,29706,310
2021-04-08,Stanislaus,099,539301,53607,53401,5897,59298,706
2021-04-08,Sutter,101,95872,9221,9195,87,9282,106
2021-04-08,Tehama,103,63373,4841,4802,552,5354,52
2021-04-08,Trinity,105,12862,406,324,67,391,3
2021-04-08,Tulare,107,460477,48922,48409,9137,57546,821
2021-04-08,Tuolumne,109,53932,3992,3986,35,4021,57
2021-04-08,Ventura,111,848112,79921,79626,3009,82635,986
2021-04-08,Yolo,113,214977,13464,13468,267,13735,198
2021-04-08,Yuba,115,75493,5767,5743,116,5859,43
2021-04-07,Alameda,001,1643700,84694,84130,1919,86049,1224
2021-04-07,Alpine,003,1148,86,85,0,85,0
2021-04-07,Amador,005,37829,3612,3590,34,3624,46
2021-04-07,Butte,007,227075,11737,11405,1765,13170,193
2021-04-07,Calaveras,009,45235,2027,2022,12,2034,50
2021-04-07,Colusa,011,21464,1895,1894,286,2180,14
2021-04-07,Contra Costa,013,1133247,66448,65619,1212,66831,775
2021-04-07,Del Norte,015,27424,1221,1198,11,1209,6
2021-04-07,El Dorado,017,186661,9563,9500,671,10171,106
2021-04-07,Fresno,019,978130,99967,99865,8637,108502,1627
2021-04-07,Glenn,021,27897,2348,2337,550,2887,17
2021-04-07,Humboldt,023,135768,3507,3484,24,3508,35
2021-04-07,Imperial,025,180216,27769,27704,2782,30486,713
2021-04-07,Inyo,027,18085,1387,1386,2,1388,36
2021-04-07,Kern,029,883053,95442,94456,10789,105245,1275
2021-04-07,Kings,031,150075,22668,22589,1131,23720,243
2021-04-07,Lake,033,64148,3391,3358,9,3367,43
2021-04-07,Lassen,035,31185,5143,5137,107,5244,1
2021-04-07,Los Angeles,037,10098052,1189340,1183862,42713,1226575,23372
2021-04-07,Madera,039,155013,16226,16090,930,17020,231
2021-04-07,Marin,041,260295,13732,13688,232,13920,225
2021-04-07,Mariposa,043,17540,398,391,6,397,5
2021-04-07,Mendocino,045,87422,3767,3691,71,3762,45
2021-04-07,Merced,047,269075,30109,30132,969,31101,430
2021-04-07,Modoc,049,8938,363,351,120,471,3
2021-04-07,Mono,051,14174,1228,1246,13,1259,3
2021-04-07,Monterey,053,433212,42577,42427,1860,44287,341
2021-04-07,Napa,055,140530,9581,9556,32,9588,80
2021-04-07,Nevada,057,99092,4417,4364,189,4553,69
2021-04-07,Orange,059,3164182,251794,250378,11287,261665,4778
2021-04-07,Placer,061,380077,21897,21227,1367,22594,276
2021-04-07,Plumas,063,18699,671,665,11,676,4
2021-04-07,Riverside,065,2383286,288099,283749,14337,298086,4285
2021-04-07,Sacramento,067,1510023,100335,99202,1531,100733,1544
2021-04-07,San Benito,069,59416,5924,5912,107,6019,62
2021-04-07,San Bernardino,071,2135413,289506,286978,9256,296234,4433
2021-04-07,San Diego,073,3302833,272884,272195,13787,285982,3588
2021-04-07,San Francisco,075,870044,35593,35618,1302,36920,493
2021-04-07,San Joaquin,077,732212,70341,69375,3437,72812,1278
2021-04-07,San Luis Obispo,079,281455,20583,20373,671,21044,252
2021-04-07,San Mateo,081,765935,41168,40693,450,41143,350
2021-04-07,Santa Barbara,083,443738,33752,33289,1205,34494,444
2021-04-07,Santa Clara,085,1922200,115010,115311,696,116007,1900
2021-04-07,Santa Cruz,087,273765,15866,15275,866,16141,203
2021-04-07,Shasta,089,179085,11453,11456,1424,12880,184
2021-04-07,Sierra,091,2930,53,51,14,65,0
2021-04-07,Siskiyou,093,43540,1573,1512,286,1798,7
2021-04-07,Solano,095,438530,31216,31097,435,31532,238
2021-04-07,Sonoma,097,501317,29304,29394,295,29689,310
2021-04-07,Stanislaus,099,539301,53539,53344,5887,59231,686
2021-04-07,Sutter,101,95872,9218,9188,87,9275,106
2021-04-07,Tehama,103,63373,4833,4802,550,5352,52
2021-04-07,Trinity,105,12862,406,322,67,389,3
2021-04-07,Tulare,107,460477,48909,48386,9125,57511,820
2021-04-07,Tuolumne,109,53932,3990,3982,35,4017,57
2021-04-07,Ventura,111,848112,79887,79595,3007,82602,986
2021-04-07,Yolo,113,214977,13448,13450,265,13715,198
2021-04-07,Yuba,115,75493,5763,5737,116,5853,43
2021-04-06,Alameda,001,1643700,84582,84091,1914,86005,1223
2021-04-06,Alpine,003,1148,86,85,0,85,0
2021-04-06,Amador,005,37829,3611,3587,34,3621,45
2021-04-06,Butte,007,227075,11722,11396,1764,13160,193
2021-04-06,Calaveras,009,45235,2024,2021,12,2033,50
2021-04-06,Colusa,011,21464,1893,1894,284,2178,14
2021-04-06,Contra Costa,013,1133247,66371,65575,1211,66786,774
2021-04-06,Del Norte,015,27424,1216,1197,11,1208,6
2021-04-06,El Dorado,017,186661,9533,9489,669,10158,106
2021-04-06,Fresno,019,978130,99903,99814,8631,108445,1626
2021-04-06,Glenn,021,27897,2347,2335,550,2885,17
2021-04-06,Humboldt,023,135768,3498,3477,24,3501,35
2021-04-06,Imperial,025,180216,27735,27661,2772,30433,713
2021-04-06,Inyo,027,18085,1387,1379,2,1381,36
2021-04-06,Kern,029,883053,95398,94422,10783,105205,1259
2021-04-06,Kings,031,150075,22662,22587,1131,23718,240
2021-04-06,Lake,033,64148,3388,3358,9,3367,43
2021-04-06,Lassen,035,31185,5141,5137,107,5244,1
2021-04-06,Los Angeles,037,10098052,1188836,1183499,42668,1226167,23323
2021-04-06,Madera,039,155013,16206,16085,925,17010,230
2021-04-06,Marin,041,260295,13723,13675,229,13904,224
2021-04-06,Mariposa,043,17540,398,390,6,396,5
2021-04-06,Mendocino,045,87422,3765,3686,71,3757,45
2021-04-06,Merced,047,269075,30080,30100,964,31064,430
2021-04-06,Modoc,049,8938,362,351,120,471,3
2021-04-06,Mono,051,14174,1228,1246,13,1259,3
2021-04-06,Monterey,053,433212,42568,42412,1859,44271,341
2021-04-06,Napa,055,140530,9562,9509,32,9541,78
2021-04-06,Nevada,057,99092,4407,4356,187,4543,69
2021-04-06,Orange,059,3164182,251687,250304,11272,261576,4771
2021-04-06,Placer,061,380077,21850,21184,1364,22548,276
2021-04-06,Plumas,063,18699,671,665,11,676,4
2021-04-06,Riverside,065,2383286,287922,283622,14326,297948,4264
2021-04-06,Sacramento,067,1510023,100127,99110,1523,100633,1537
2021-04-06,San Benito,069,59416,5915,5907,107,6014,62
2021-04-06,San Bernardino,071,2135413,289394,286792,9246,296038,4428
2021-04-06,San Diego,073,3302833,272622,271867,13759,285626,3585
2021-04-06,San Francisco,075,870044,35550,35572,1302,36874,488
2021-04-06,San Joaquin,077,732212,70258,69316,3424,72740,1278
2021-04-06,San Luis Obispo,079,281455,20562,20350,667,21017,252
2021-04-06,San Mateo,081,765935,41120,40649,449,41098,350
2021-04-06,Santa Barbara,083,443738,33734,33257,1204,34461,443
2021-04-06,Santa Clara,085,1922200,114840,115184,694,115878,1900
2021-04-06,Santa Cruz,087,273765,15856,15252,866,16118,203
2021-04-06,Shasta,089,179085,11432,11443,1422,12865,184
2021-04-06,Sierra,091,2930,53,51,14,65,0
2021-04-06,Siskiyou,093,43540,1569,1510,284,1794,7
2021-04-06,Solano,095,438530,31169,31078,434,31512,237
2021-04-06,Sonoma,097,501317,29279,29386,293,29679,311
2021-04-06,Stanislaus,099,539301,53482,53304,5881,59185,686
2021-04-06,Sutter,101,95872,9208,9179,87,9266,106
2021-04-06,Tehama,103,63373,4824,4798,550,5348,52
2021-04-06,Trinity,105,12862,406,321,67,388,3
2021-04-06,Tulare,107,460477,48866,48372,9121,57493,819
2021-04-06,Tuolumne,109,53932,3990,3981,35,4016,57
2021-04-06,Ventura,111,848112,79850,79556,3005,82561,983
2021-04-06,Yolo,113,214977,13435,13443,264,13707,198
2021-04-06,Yuba,115,75493,5759,5733,115,5848,43
2021-04-05,Alameda,001,1643700,84464,84007,1909,85916,1219
2021-04-05,Alpine,003,1148,86,85,0,85,0
2021-04-05,Amador,005,37829,3608,3584,34,3618,45
2021-04-05,Butte,007,227075,11707,11384,1762,13146,193
2021-04-05,Calaveras,009,45235,2020,2019,12,2031,50
2021-04-05,Colusa,011,21464,1893,1894,283,2177,14
2021-04-05,Contra Costa,013,1133247,66305,65457,1209,66666,774
2021-04-05,Del Norte,015,27424,1214,1189,11,1200,6
2021-04-05,El Dorado,017,186661,9518,9463,669,10132,106
2021-04-05,Fresno,019,978130,99816,99755,8622,108377,1622
2021-04-05,Glenn,021,27897,2346,2335,550,2885,17
2021-04-05,Humboldt,023,135768,3489,3475,24,3499,35
2021-04-05,Imperial,025,180216,27704,27604,2766,30370,710
2021-04-05,Inyo,027,18085,1384,1377,2,1379,36
2021-04-05,Kern,029,883053,95343,94401,10758,105159,1249
2021-04-05,Kings,031,150075,22658,22580,1131,23711,239
2021-04-05,Lake,033,64148,3380,3359,9,3368,43
2021-04-05,Lassen,035,31185,5141,5138,106,5244,1
2021-04-05,Los Angeles,037,10098052,1188303,1183200,42616,1225816,23302
2021-04-05,Madera,039,155013,16192,16065,924,16989,230
2021-04-05,Marin,041,260295,13709,13666,225,13891,221
2021-04-05,Mariposa,043,17540,398,390,6,396,5
2021-04-05,Mendocino,045,87422,3763,3687,71,3758,45
2021-04-05,Merced,047,269075,30053,30068,963,31031,427
2021-04-05,Modoc,049,8938,360,346,120,466,3
2021-04-05,Mono,051,14174,1228,1246,13,1259,3
2021-04-05,Monterey,053,433212,42555,42396,1855,44251,341
2021-04-05,Napa,055,140530,9539,9492,32,9524,78
2021-04-05,Nevada,057,99092,4396,4346,187,4533,69
2021-04-05,Orange,059,3164182,251573,250177,11248,261425,4759
2021-04-05,Placer,061,380077,21804,21133,1356,22489,276
2021-04-05,Plumas,063,18699,671,666,11,677,4
2021-04-05,Riverside,065,2383286,287790,283549,14314,297863,4237
2021-04-05,Sacramento,067,1510023,99965,98908,1515,100423,1533
2021-04-05,San Benito,069,59416,5909,5904,107,6011,61
2021-04-05,San Bernardino,071,2135413,289283,286597,9243,295840,4425
2021-04-05,San Diego,073,3302833,272374,271655,13718,285373,3583
2021-04-05,San Francisco,075,870044,35519,35538,1302,36840,488
2021-04-05,San Joaquin,077,732212,70171,69214,3414,72628,1268
2021-04-05,San Luis Obispo,079,281455,20525,20333,667,21000,252
2021-04-05,San Mateo,081,765935,41077,40609,448,41057,350
2021-04-05,Santa Barbara,083,443738,33701,33235,1204,34439,443
2021-04-05,Santa Clara,085,1922200,114675,115091,691,115782,1893
2021-04-05,Santa Cruz,087,273765,15849,15228,866,16094,201
2021-04-05,Shasta,089,179085,11413,11435,1417,12852,184
2021-04-05,Sierra,091,2930,53,50,14,64,0
2021-04-05,Siskiyou,093,43540,1566,1509,282,1791,7
2021-04-05,Solano,095,438530,31129,31026,432,31458,237
2021-04-05,Sonoma,097,501317,29247,29361,291,29652,311
2021-04-05,Stanislaus,099,539301,53402,53238,5878,59116,686
2021-04-05,Sutter,101,95872,9201,9169,87,9256,106
2021-04-05,Tehama,103,63373,4818,4794,550,5344,52
2021-04-05,Trinity,105,12862,405,321,67,388,3
2021-04-05,Tulare,107,460477,48854,48356,9114,57470,818
2021-04-05,Tuolumne,109,53932,3989,3980,35,4015,57
2021-04-05,Ventura,111,848112,79820,79549,3001,82550,983
2021-04-05,Yolo,113,214977,13421,13427,263,13690,198
2021-04-05,Yuba,115,75493,5754,5728,114,5842,43
2021-04-04,Alameda,001,1643700,84346,83951,1904,85855,1219
2021-04-04,Alpine,003,1148,86,85,0,85,0
2021-04-04,Amador,005,37829,3602,3582,34,3616,45
2021-04-04,Butte,007,227075,11692,11375,1761,13136,193
2021-04-04,Calaveras,009,45235,2016,2020,12,2032,50
2021-04-04,Colusa,011,21464,1892,1893,283,2176,14
2021-04-04,Contra Costa,013,1133247,66199,65408,1204,66612,774
2021-04-04,Del Norte,015,27424,1206,1186,11,1197,6
2021-04-04,El Dorado,017,186661,9499,9455,665,10120,106
2021-04-04,Fresno,019,978130,99742,99702,8609,108311,1622
2021-04-04,Glenn,021,27897,2343,2335,549,2884,17
2021-04-04,Humboldt,023,135768,3478,3472,24,3496,35
2021-04-04,Imperial,025,180216,27648,27588,2764,30352,710
2021-04-04,Inyo,027,18085,1380,1377,2,1379,36
2021-04-04,Kern,029,883053,95302,94388,10734,105122,1247
2021-04-04,Kings,031,150075,22656,22580,1130,23710,239
2021-04-04,Lake,033,64148,3374,3355,8,3363,43
2021-04-04,Lassen,035,31185,5140,5138,106,5244,1
2021-04-04,Los Angeles,037,10098052,1187764,1182872,42568,1225440,23301
2021-04-04,Madera,039,155013,16166,16052,920,16972,230
2021-04-04,Marin,041,260295,13696,13663,224,13887,221
2021-04-04,Mariposa,043,17540,398,390,6,396,5
2021-04-04,Mendocino,045,87422,3760,3684,71,3755,45
2021-04-04,Merced,047,269075,30010,30048,960,31008,427
2021-04-04,Modoc,049,8938,360,346,120,466,3
2021-04-04,Mono,051,14174,1227,1245,13,1258,3
2021-04-04,Monterey,053,433212,42538,42391,1854,44245,341
2021-04-04,Napa,055,140530,9527,9486,32,9518,78
2021-04-04,Nevada,057,99092,4384,4337,186,4523,69
2021-04-04,Orange,059,3164182,251437,250117,11233,261350,4759
2021-04-04,Placer,061,380077,21760,21104,1337,22441,276
2021-04-04,Plumas,063,18699,671,666,11,677,4
2021-04-04,Riverside,065,2383286,287666,283537,14310,297847,4237
2021-04-04,Sacramento,067,1510023,99766,98821,1507,100328,1531
2021-04-04,San Benito,069,59416,5899,5901,103,6004,61
2021-04-04,San Bernardino,071,2135413,289142,286561,9235,295796,4423
2021-04-04,San Diego,073,3302833,272063,271528,13676,285204,3583
2021-04-04,San Francisco,075,870044,35465,35525,1299,36824,488
2021-04-04,San Joaquin,077,732212,70070,69147,3402,72549,1268
2021-04-04,San Luis Obispo,079,281455,20493,20328,659,20987,252
2021-04-04,San Mateo,081,765935,41034,40587,445,41032,350
2021-04-04,Santa Barbara,083,443738,33665,33213,1204,34417,443
2021-04-04,Santa Clara,085,1922200,114508,114976,684,115660,1893
2021-04-04,Santa Cruz,087,273765,15840,15219,866,16085,201
2021-04-04,Shasta,089,179085,11387,11433,1416,12849,184
2021-04-04,Sierra,091,2930,53,50,14,64,0
2021-04-04,Siskiyou,093,43540,1563,1509,278,1787,7
2021-04-04,Solano,095,438530,31082,31002,430,31432,237
2021-04-04,Sonoma,097,501317,29215,29340,289,29629,311
2021-04-04,Stanislaus,099,539301,53309,53181,5870,59051,686
2021-04-04,Sutter,101,95872,9194,9164,87,9251,106
2021-04-04,Tehama,103,63373,4806,4792,549,5341,52
2021-04-04,Trinity,105,12862,403,321,67,388,3
2021-04-04,Tulare,107,460477,48839,48343,9106,57449,818
2021-04-04,Tuolumne,109,53932,3981,3980,35,4015,57
2021-04-04,Ventura,111,848112,79777,79526,3000,82526,983
2021-04-04,Yolo,113,214977,13400,13425,262,13687,198
2021-04-04,Yuba,115,75493,5747,5722,114,5836,43
2021-04-03,Alameda,001,1643700,84278,83861,1902,85763,1218
2021-04-03,Alpine,003,1148,86,85,0,85,0
2021-04-03,Amador,005,37829,3599,3577,34,3611,45
2021-04-03,Butte,007,227075,11688,11359,1757,13116,193
2021-04-03,Calaveras,009,45235,2014,2019,12,2031,50
2021-04-03,Colusa,011,21464,1892,1891,283,2174,14
2021-04-03,Contra Costa,013,1133247,66127,65338,1204,66542,774
2021-04-03,Del Norte,015,27424,1201,1183,11,1194,6
2021-04-03,El Dorado,017,186661,9490,9448,664,10112,106
2021-04-03,Fresno,019,978130,99685,99602,8604,108206,1622
2021-04-03,Glenn,021,27897,2343,2334,548,2882,17
2021-04-03,Humboldt,023,135768,3476,3467,24,3491,35
2021-04-03,Imperial,025,180216,27633,27572,2760,30332,710
2021-04-03,Inyo,027,18085,1379,1376,2,1378,36
2021-04-03,Kern,029,883053,95279,94369,10715,105084,1243
2021-04-03,Kings,031,150075,22654,22580,1130,23710,239
2021-04-03,Lake,033,64148,3373,3350,8,3358,43
2021-04-03,Lassen,035,31185,5139,5136,106,5242,1
2021-04-03,Los Angeles,037,10098052,1187466,1182402,42549,1224951,23301
2021-04-03,Madera,039,155013,16157,16051,918,16969,230
2021-04-03,Marin,041,260295,13688,13658,223,13881,221
2021-04-03,Mariposa,043,17540,398,390,5,395,5
2021-04-03,Mendocino,045,87422,3759,3684,71,3755,45
2021-04-03,Merced,047,269075,29995,30031,960,30991,427
2021-04-03,Modoc,049,8938,360,346,120,466,3
2021-04-03,Mono,051,14174,1227,1245,13,1258,3
2021-04-03,Monterey,053,433212,42525,42376,1852,44228,341
2021-04-03,Napa,055,140530,9518,9473,32,9505,78
2021-04-03,Nevada,057,99092,4380,4323,186,4509,69
2021-04-03,Orange,059,3164182,251357,249982,11214,261196,4755
2021-04-03,Placer,061,380077,21729,21060,1333,22393,276
2021-04-03,Plumas,063,18699,671,666,11,677,4
2021-04-03,Riverside,065,2383286,287589,283423,14307,297730,4237
2021-04-03,Sacramento,067,1510023,99658,98660,1501,100161,1531
2021-04-03,San Benito,069,59416,5896,5893,102,5995,61
2021-04-03,San Bernardino,071,2135413,289077,286473,9229,295702,4422
2021-04-03,San Diego,073,3302833,271894,271335,13659,284994,3571
2021-04-03,San Francisco,075,870044,35447,35488,1297,36785,489
2021-04-03,San Joaquin,077,732212,70029,69100,3386,72486,1268
2021-04-03,San Luis Obispo,079,281455,20474,20301,659,20960,252
2021-04-03,San Mateo,081,765935,41009,40560,445,41005,350
2021-04-03,Santa Barbara,083,443738,33639,33172,1203,34375,443
2021-04-03,Santa Clara,085,1922200,114399,114865,682,115547,1893
2021-04-03,Santa Cruz,087,273765,15833,15205,866,16071,201
2021-04-03,Shasta,089,179085,11379,11418,1416,12834,184
2021-04-03,Sierra,091,2930,53,50,14,64,0
2021-04-03,Siskiyou,093,43540,1562,1509,278,1787,7
2021-04-03,Solano,095,438530,31061,30970,427,31397,237
2021-04-03,Sonoma,097,501317,29199,29315,288,29603,311
2021-04-03,Stanislaus,099,539301,53274,53137,5864,59001,686
2021-04-03,Sutter,101,95872,9188,9158,87,9245,106
2021-04-03,Tehama,103,63373,4799,4788,549,5337,52
2021-04-03,Trinity,105,12862,403,321,67,388,3
2021-04-03,Tulare,107,460477,48829,48327,9102,57429,818
2021-04-03,Tuolumne,109,53932,3981,3980,35,4015,57
2021-04-03,Ventura,111,848112,79756,79489,2998,82487,983
2021-04-03,Yolo,113,214977,13394,13414,262,13676,198
2021-04-03,Yuba,115,75493,5741,5716,114,5830,43
2021-04-02,Alameda,001,1643700,84205,83776,1897,85673,1217
2021-04-02,Alpine,003,1148,86,85,0,85,0
2021-04-02,Amador,005,37829,3595,3573,33,3606,45
2021-04-02,Butte,007,227075,11680,11350,1757,13107,193
2021-04-02,Calaveras,009,45235,2014,2010,12,2022,50
2021-04-02,Colusa,011,21464,1892,1891,283,2174,14
2021-04-02,Contra Costa,013,1133247,66063,65299,1203,66502,774
2021-04-02,Del Norte,015,27424,1198,1174,11,1185,6
2021-04-02,El Dorado,017,186661,9477,9437,661,10098,106
2021-04-02,Fresno,019,978130,99631,99551,8593,108144,1620
2021-04-02,Glenn,021,27897,2343,2331,548,2879,17
2021-04-02,Humboldt,023,135768,3472,3465,24,3489,35
2021-04-02,Imperial,025,180216,27622,27553,2752,30305,710
2021-04-02,Inyo,027,18085,1379,1377,2,1379,36
2021-04-02,Kern,029,883053,95262,94348,10711,105059,1233
2021-04-02,Kings,031,150075,22654,22571,1127,23698,239
2021-04-02,Lake,033,64148,3371,3348,8,3356,43
2021-04-02,Lassen,035,31185,5139,5134,106,5240,1
2021-04-02,Los Angeles,037,10098052,1187157,1181682,42525,1224207,23264
2021-04-02,Madera,039,155013,16148,16036,917,16953,230
2021-04-02,Marin,041,260295,13680,13649,223,13872,221
2021-04-02,Mariposa,043,17540,396,390,5,395,5
2021-04-02,Mendocino,045,87422,3756,3682,71,3753,45
2021-04-02,Merced,047,269075,29971,29998,960,30958,426
2021-04-02,Modoc,049,8938,357,346,120,466,3
2021-04-02,Mono,051,14174,1227,1246,13,1259,3
2021-04-02,Monterey,053,433212,42515,42359,1849,44208,341
2021-04-02,Napa,055,140530,9503,9453,32,9485,78
2021-04-02,Nevada,057,99092,4376,4323,186,4509,69
2021-04-02,Orange,059,3164182,251261,249891,11200,261091,4748
2021-04-02,Placer,061,380077,21694,21035,1326,22361,275
2021-04-02,Plumas,063,18699,671,666,11,677,4
2021-04-02,Riverside,065,2383286,287505,283328,14299,297627,4213
2021-04-02,Sacramento,067,1510023,99551,98648,1494,100142,1527
2021-04-02,San Benito,069,59416,5894,5888,100,5988,61
2021-04-02,San Bernardino,071,2135413,289004,286308,9225,295533,4417
2021-04-02,San Diego,073,3302833,271707,271036,13633,284669,3568
2021-04-02,San Francisco,075,870044,35413,35451,1294,36745,488
2021-04-02,San Joaquin,077,732212,69965,68996,3370,72366,1268
2021-04-02,San Luis Obispo,079,281455,20457,20271,658,20929,252
2021-04-02,San Mateo,081,765935,40967,40514,445,40959,350
2021-04-02,Santa Barbara,083,443738,33611,33145,1203,34348,443
2021-04-02,Santa Clara,085,1922200,114288,114777,680,115457,1882
2021-04-02,Santa Cruz,087,273765,15825,15216,866,16082,202
2021-04-02,Shasta,089,179085,11374,11377,1408,12785,181
2021-04-02,Sierra,091,2930,53,50,14,64,0
2021-04-02,Siskiyou,093,43540,1562,1508,277,1785,7
2021-04-02,Solano,095,438530,31032,30951,424,31375,237
2021-04-02,Sonoma,097,501317,29178,29288,287,29575,311
2021-04-02,Stanislaus,099,539301,53230,53073,5857,58930,687
2021-04-02,Sutter,101,95872,9180,9131,87,9218,106
2021-04-02,Tehama,103,63373,4792,4775,548,5323,52
2021-04-02,Trinity,105,12862,403,320,67,387,3
2021-04-02,Tulare,107,460477,48823,48306,9096,57402,818
2021-04-02,Tuolumne,109,53932,3978,3980,35,4015,57
2021-04-02,Ventura,111,848112,79728,79434,2996,82430,982
2021-04-02,Yolo,113,214977,13384,13381,262,13643,197
2021-04-02,Yuba,115,75493,5738,5709,114,5823,44
2021-04-01,Alameda,001,1643700,84122,83574,1892,85466,1216
2021-04-01,Alpine,003,1148,86,85,0,85,0
2021-04-01,Amador,005,37829,3591,3558,33,3591,45
2021-04-01,Butte,007,227075,11662,11328,1755,13083,193
2021-04-01,Calaveras,009,45235,2013,2006,12,2018,50
2021-04-01,Colusa,011,21464,1889,1890,283,2173,14
2021-04-01,Contra Costa,013,1133247,66003,65176,1201,66377,771
2021-04-01,Del Norte,015,27424,1193,1138,11,1149,6
2021-04-01,El Dorado,017,186661,9468,9393,657,10050,106
2021-04-01,Fresno,019,978130,99579,99317,8585,107902,1616
2021-04-01,Glenn,021,27897,2343,2322,547,2869,17
2021-04-01,Humboldt,023,135768,3468,3464,24,3488,35
2021-04-01,Imperial,025,180216,27592,27520,2746,30266,710
2021-04-01,Inyo,027,18085,1378,1374,2,1376,36
2021-04-01,Kern,029,883053,95227,94244,10697,104941,1233
2021-04-01,Kings,031,150075,22647,22560,1126,23686,239
2021-04-01,Lake,033,64148,3366,3337,8,3345,43
2021-04-01,Lassen,035,31185,5138,5132,106,5238,1
2021-04-01,Los Angeles,037,10098052,1186671,1181101,42498,1223599,23220
2021-04-01,Madera,039,155013,16132,16023,917,16940,230
2021-04-01,Marin,041,260295,13670,13635,223,13858,221
2021-04-01,Mariposa,043,17540,394,389,5,394,5
2021-04-01,Mendocino,045,87422,3756,3680,71,3751,45
2021-04-01,Merced,047,269075,29937,29820,960,30780,425
2021-04-01,Modoc,049,8938,356,346,120,466,3
2021-04-01,Mono,051,14174,1227,1245,13,1258,3
2021-04-01,Monterey,053,433212,42507,42324,1847,44171,339
2021-04-01,Napa,055,140530,9491,9410,32,9442,78
2021-04-01,Nevada,057,99092,4366,4288,185,4473,68
2021-04-01,Orange,059,3164182,251142,249617,11182,260799,4742
2021-04-01,Placer,061,380077,21655,20909,1314,22223,274
2021-04-01,Plumas,063,18699,671,664,11,675,4
2021-04-01,Riverside,065,2383286,287403,283128,14297,297425,4193
2021-04-01,Sacramento,067,1510023,99408,97952,1480,99432,1521
2021-04-01,San Benito,069,59416,5886,5878,99,5977,61
2021-04-01,San Bernardino,071,2135413,288888,286086,9216,295302,4404
2021-04-01,San Diego,073,3302833,271482,270540,13603,284143,3555
2021-04-01,San Francisco,075,870044,35393,35386,1290,36676,488
2021-04-01,San Joaquin,077,732212,69883,68802,3362,72164,1262
2021-04-01,San Luis Obispo,079,281455,20428,20235,657,20892,252
2021-04-01,San Mateo,081,765935,40926,40454,445,40899,350
2021-04-01,Santa Barbara,083,443738,33566,33096,1198,34294,443
2021-04-01,Santa Clara,085,1922200,114175,114606,679,115285,1874
2021-04-01,Santa Cruz,087,273765,15810,15271,866,16137,202
2021-04-01,Shasta,089,179085,11359,11355,1402,12757,181
2021-04-01,Sierra,091,2930,53,50,14,64,0
2021-04-01,Siskiyou,093,43540,1560,1507,276,1783,7
2021-04-01,Solano,095,438530,30999,30850,421,31271,237
2021-04-01,Sonoma,097,501317,29147,29241,280,29521,311
2021-04-01,Stanislaus,099,539301,53167,52825,5851,58676,687
2021-04-01,Sutter,101,95872,9168,9105,87,9192,106
2021-04-01,Tehama,103,63373,4786,4764,545,5309,52
2021-04-01,Trinity,105,12862,403,319,67,386,3
2021-04-01,Tulare,107,460477,48800,48279,9086,57365,817
2021-04-01,Tuolumne,109,53932,3977,3978,35,4013,57
2021-04-01,Ventura,111,848112,79704,79369,2995,82364,977
2021-04-01,Yolo,113,214977,13371,13342,262,13604,197
2021-04-01,Yuba,115,75493,5733,5694,114,5808,44
2021-03-31,Alameda,001,1643700,84040,83475,1887,85362,1215
2021-03-31,Alpine,003,1148,86,85,0,85,0
2021-03-31,Amador,005,37829,3588,3556,33,3589,45
2021-03-31,Butte,007,227075,11652,11321,1752,13073,193
2021-03-31,Calaveras,009,45235,2009,2005,12,2017,50
2021-03-31,Colusa,011,21464,1889,1890,283,2173,14
2021-03-31,Contra Costa,013,1133247,65918,65109,1200,66309,769
2021-03-31,Del Norte,015,27424,1184,1129,11,1140,6
2021-03-31,El Dorado,017,186661,9451,9390,657,10047,106
2021-03-31,Fresno,019,978130,99489,99240,8569,107809,1616
2021-03-31,Glenn,021,27897,2338,2318,545,2863,17
2021-03-31,Humboldt,023,135768,3462,3460,24,3484,35
2021-03-31,Imperial,025,180216,27572,27506,2745,30251,710
2021-03-31,Inyo,027,18085,1375,1373,2,1375,35
2021-03-31,Kern,029,883053,95185,94205,10688,104893,1229
2021-03-31,Kings,031,150075,22644,22540,1126,23666,239
2021-03-31,Lake,033,64148,3362,3332,8,3340,43
2021-03-31,Lassen,035,31185,5134,5132,106,5238,1
2021-03-31,Los Angeles,037,10098052,1186209,1180538,42456,1222994,23171
2021-03-31,Madera,039,155013,16118,16015,916,16931,229
2021-03-31,Marin,041,260295,13659,13624,223,13847,221
2021-03-31,Mariposa,043,17540,394,389,5,394,5
2021-03-31,Mendocino,045,87422,3750,3675,71,3746,45
2021-03-31,Merced,047,269075,29908,29780,960,30740,423
2021-03-31,Modoc,049,8938,356,346,120,466,3
2021-03-31,Mono,051,14174,1227,1245,13,1258,3
2021-03-31,Monterey,053,433212,42490,42309,1845,44154,338
2021-03-31,Napa,055,140530,9473,9401,32,9433,78
2021-03-31,Nevada,057,99092,4360,4283,185,4468,68
2021-03-31,Orange,059,3164182,251030,249518,11167,260685,4731
2021-03-31,Placer,061,380077,21606,20885,1306,22191,271
2021-03-31,Plumas,063,18699,670,663,11,674,4
2021-03-31,Riverside,065,2383286,287304,283006,14286,297292,4171
2021-03-31,Sacramento,067,1510023,99232,97760,1472,99232,1519
2021-03-31,San Benito,069,59416,5876,5875,99,5974,61
2021-03-31,San Bernardino,071,2135413,288793,285916,9213,295129,4356
2021-03-31,San Diego,073,3302833,271251,270288,13568,283856,3555
2021-03-31,San Francisco,075,870044,35349,35347,1288,36635,474
2021-03-31,San Joaquin,077,732212,69795,68685,3345,72030,1259
2021-03-31,San Luis Obispo,079,281455,20407,20215,656,20871,251
2021-03-31,San Mateo,081,765935,40896,40423,445,40868,350
2021-03-31,Santa Barbara,083,443738,33535,33052,1196,34248,443
2021-03-31,Santa Clara,085,1922200,114048,114499,679,115178,1874
2021-03-31,Santa Cruz,087,273765,15798,15295,865,16160,201
2021-03-31,Shasta,089,179085,11347,11327,1394,12721,179
2021-03-31,Sierra,091,2930,53,50,14,64,0
2021-03-31,Siskiyou,093,43540,1559,1505,276,1781,7
2021-03-31,Solano,095,438530,30953,30824,420,31244,235
2021-03-31,Sonoma,097,501317,29120,29216,280,29496,311
2021-03-31,Stanislaus,099,539301,53099,52782,5839,58621,687
2021-03-31,Sutter,101,95872,9157,9111,87,9198,106
2021-03-31,Tehama,103,63373,4781,4762,542,5304,52
2021-03-31,Trinity,105,12862,403,319,67,386,3
2021-03-31,Tulare,107,460477,48781,48261,9069,57330,816
2021-03-31,Tuolumne,109,53932,3977,3976,35,4011,57
2021-03-31,Ventura,111,848112,79672,79326,2991,82317,969
2021-03-31,Yolo,113,214977,13353,13359,261,13620,197
2021-03-31,Yuba,115,75493,5726,5686,114,5800,44
2021-03-30,Alameda,001,1643700,83940,83395,1884,85279,1211
2021-03-30,Alpine,003,1148,86,85,0,85,0
2021-03-30,Amador,005,37829,3585,3551,33,3584,45
2021-03-30,Butte,007,227075,11640,11296,1749,13045,193
2021-03-30,Calaveras,009,45235,2005,1997,12,2009,50
2021-03-30,Colusa,011,21464,1888,1890,282,2172,14
2021-03-30,Contra Costa,013,1133247,65830,65041,1198,66239,767
2021-03-30,Del Norte,015,27424,1176,1118,10,1128,6
2021-03-30,El Dorado,017,186661,9432,9381,654,10035,105
2021-03-30,Fresno,019,978130,99426,99156,8557,107713,1609
2021-03-30,Glenn,021,27897,2337,2310,544,2854,17
2021-03-30,Humboldt,023,135768,3460,3461,24,3485,35
2021-03-30,Imperial,025,180216,27543,27471,2743,30214,706
2021-03-30,Inyo,027,18085,1375,1374,2,1376,35
2021-03-30,Kern,029,883053,95143,94151,10679,104830,1221
2021-03-30,Kings,031,150075,22640,22530,1124,23654,238
2021-03-30,Lake,033,64148,3356,3330,8,3338,43
2021-03-30,Lassen,035,31185,5134,5132,106,5238,1
2021-03-30,Los Angeles,037,10098052,1185719,1180044,42431,1222475,23136
2021-03-30,Madera,039,155013,16108,16003,912,16915,229
2021-03-30,Marin,041,260295,13650,13611,215,13826,221
2021-03-30,Mariposa,043,17540,394,388,5,393,5
2021-03-30,Mendocino,045,87422,3748,3670,71,3741,45
2021-03-30,Merced,047,269075,29872,29731,960,30691,423
2021-03-30,Modoc,049,8938,355,346,120,466,3
2021-03-30,Mono,051,14174,1226,1245,13,1258,3
2021-03-30,Monterey,053,433212,42464,42308,1842,44150,338
2021-03-30,Napa,055,140530,9458,9391,32,9423,78
2021-03-30,Nevada,057,99092,4348,4266,184,4450,68
2021-03-30,Orange,059,3164182,250902,249412,11139,260551,4727
2021-03-30,Placer,061,380077,21566,20866,1299,22165,271
2021-03-30,Plumas,063,18699,670,661,11,672,4
2021-03-30,Riverside,065,2383286,287186,282930,14276,297206,4154
2021-03-30,Sacramento,067,1510023,99095,97718,1468,99186,1516
2021-03-30,San Benito,069,59416,5870,5870,99,5969,61
2021-03-30,San Bernardino,071,2135413,288686,285758,9204,294962,4343
2021-03-30,San Diego,073,3302833,271014,269998,13530,283528,3555
2021-03-30,San Francisco,075,870044,35299,35325,1287,36612,474
2021-03-30,San Joaquin,077,732212,69708,68613,3334,71947,1232
2021-03-30,San Luis Obispo,079,281455,20387,20194,656,20850,251
2021-03-30,San Mateo,081,765935,40851,40377,445,40822,349
2021-03-30,Santa Barbara,083,443738,33510,33016,1196,34212,441
2021-03-30,Santa Clara,085,1922200,113926,114413,678,115091,1873
2021-03-30,Santa Cruz,087,273765,15792,15278,865,16143,201
2021-03-30,Shasta,089,179085,11339,11316,1393,12709,184
2021-03-30,Sierra,091,2930,53,50,14,64,0
2021-03-30,Siskiyou,093,43540,1558,1501,276,1777,7
2021-03-30,Solano,095,438530,30924,30802,419,31221,232
2021-03-30,Sonoma,097,501317,29089,29198,280,29478,311
2021-03-30,Stanislaus,099,539301,53021,52690,5831,58521,677
2021-03-30,Sutter,101,95872,9153,9107,86,9193,106
2021-03-30,Tehama,103,63373,4772,4748,541,5289,52
2021-03-30,Trinity,105,12862,403,316,67,383,3
2021-03-30,Tulare,107,460477,48768,48249,9059,57308,815
2021-03-30,Tuolumne,109,53932,3972,3972,35,4007,57
2021-03-30,Ventura,111,848112,79628,79282,2988,82270,958
2021-03-30,Yolo,113,214977,13340,13353,261,13614,195
2021-03-30,Yuba,115,75493,5715,5679,108,5787,42
2021-03-29,Alameda,001,1643700,83837,83338,1883,85221,1211
2021-03-29,Alpine,003,1148,86,85,0,85,0
2021-03-29,Amador,005,37829,3579,3549,33,3582,45
2021-03-29,Butte,007,227075,11631,11291,1746,13037,191
2021-03-29,Calaveras,009,45235,2001,1998,12,2010,50
2021-03-29,Colusa,011,21464,1888,1889,281,2170,14
2021-03-29,Contra Costa,013,1133247,65762,64971,1197,66168,767
2021-03-29,Del Norte,015,27424,1171,1116,9,1125,6
2021-03-29,El Dorado,017,186661,9412,9374,648,10022,105
2021-03-29,Fresno,019,978130,99343,99085,8545,107630,1606
2021-03-29,Glenn,021,27897,2331,2310,544,2854,17
2021-03-29,Humboldt,023,135768,3455,3459,24,3483,34
2021-03-29,Imperial,025,180216,27523,27442,2739,30181,704
2021-03-29,Inyo,027,18085,1375,1372,2,1374,35
2021-03-29,Kern,029,883053,95095,94098,10659,104757,1220
2021-03-29,Kings,031,150075,22628,22522,1123,23645,238
2021-03-29,Lake,033,64148,3353,3325,8,3333,43
2021-03-29,Lassen,035,31185,5134,5131,106,5237,1
2021-03-29,Los Angeles,037,10098052,1185228,1179736,42390,1222126,23108
2021-03-29,Madera,039,155013,16088,15987,910,16897,210
2021-03-29,Marin,041,260295,13638,13600,211,13811,220
2021-03-29,Mariposa,043,17540,393,388,5,393,5
2021-03-29,Mendocino,045,87422,3745,3667,71,3738,45
2021-03-29,Merced,047,269075,29848,29699,960,30659,422
2021-03-29,Modoc,049,8938,354,344,120,464,3
2021-03-29,Mono,051,14174,1225,1243,13,1256,3
2021-03-29,Monterey,053,433212,42448,42305,1837,44142,337
2021-03-29,Napa,055,140530,9442,9379,32,9411,78
2021-03-29,Nevada,057,99092,4341,4258,184,4442,68
2021-03-29,Orange,059,3164182,250790,249295,11126,260421,4713
2021-03-29,Placer,061,380077,21531,20827,1292,22119,267
2021-03-29,Plumas,063,18699,669,660,11,671,4
2021-03-29,Riverside,065,2383286,287097,282867,14274,297141,4133
2021-03-29,Sacramento,067,1510023,98902,97577,1460,99037,1514
2021-03-29,San Benito,069,59416,5863,5865,99,5964,61
2021-03-29,San Bernardino,071,2135413,288590,285615,9200,294815,4335
2021-03-29,San Diego,073,3302833,270748,269771,13504,283275,3547
2021-03-29,San Francisco,075,870044,35265,35291,1283,36574,474
2021-03-29,San Joaquin,077,732212,69623,68537,3320,71857,1211
2021-03-29,San Luis Obispo,079,281455,20353,20176,654,20830,250
2021-03-29,San Mateo,081,765935,40809,40357,444,40801,348
2021-03-29,Santa Barbara,083,443738,33476,32983,1195,34178,439
2021-03-29,Santa Clara,085,1922200,113820,114335,673,115008,1871
2021-03-29,Santa Cruz,087,273765,15781,15249,864,16113,201
2021-03-29,Shasta,089,179085,11321,11313,1391,12704,183
2021-03-29,Sierra,091,2930,53,50,14,64,0
2021-03-29,Siskiyou,093,43540,1557,1497,275,1772,6
2021-03-29,Solano,095,438530,30885,30762,417,31179,232
2021-03-29,Sonoma,097,501317,29066,29184,277,29461,310
2021-03-29,Stanislaus,099,539301,52937,52614,5823,58437,677
2021-03-29,Sutter,101,95872,9146,9105,86,9191,106
2021-03-29,Tehama,103,63373,4764,4742,540,5282,52
2021-03-29,Trinity,105,12862,403,314,67,381,3
2021-03-29,Tulare,107,460477,48741,48226,9048,57274,815
2021-03-29,Tuolumne,109,53932,3970,3969,35,4004,57
2021-03-29,Ventura,111,848112,79587,79252,2987,82239,956
2021-03-29,Yolo,113,214977,13322,13346,261,13607,195
2021-03-29,Yuba,115,75493,5708,5671,107,5778,42
2021-03-28,Alameda,001,1643700,83715,83239,1881,85120,1212
2021-03-28,Alpine,003,1148,86,85,0,85,0
2021-03-28,Amador,005,37829,3575,3541,33,3574,45
2021-03-28,Butte,007,227075,11618,11285,1744,13029,191
2021-03-28,Calaveras,009,45235,1998,1995,12,2007,50
2021-03-28,Colusa,011,21464,1887,1889,281,2170,14
2021-03-28,Contra Costa,013,1133247,65688,64878,1193,66071,767
2021-03-28,Del Norte,015,27424,1164,1107,7,1114,6
2021-03-28,El Dorado,017,186661,9397,9371,646,10017,105
2021-03-28,Fresno,019,978130,99261,99004,8533,107537,1606
2021-03-28,Glenn,021,27897,2328,2309,542,2851,17
2021-03-28,Humboldt,023,135768,3452,3452,23,3475,34
2021-03-28,Imperial,025,180216,27496,27426,2736,30162,704
2021-03-28,Inyo,027,18085,1374,1372,2,1374,35
2021-03-28,Kern,029,883053,95051,94084,10647,104731,1219
2021-03-28,Kings,031,150075,22624,22514,1119,23633,238
2021-03-28,Lake,033,64148,3348,3320,8,3328,43
2021-03-28,Lassen,035,31185,5134,5131,105,5236,1
2021-03-28,Los Angeles,037,10098052,1184681,1179316,42328,1221644,23101
2021-03-28,Madera,039,155013,16073,15973,909,16882,210
2021-03-28,Marin,041,260295,13625,13594,209,13803,221
2021-03-28,Mariposa,043,17540,393,388,5,393,5
2021-03-28,Mendocino,045,87422,3743,3666,71,3737,45
2021-03-28,Merced,047,269075,29791,29679,960,30639,422
2021-03-28,Modoc,049,8938,354,344,120,464,3
2021-03-28,Mono,051,14174,1224,1242,13,1255,3
2021-03-28,Monterey,053,433212,42425,42294,1833,44127,337
2021-03-28,Napa,055,140530,9428,9368,32,9400,78
2021-03-28,Nevada,057,99092,4327,4239,184,4423,68
2021-03-28,Orange,059,3164182,250637,249238,11115,260353,4713
2021-03-28,Placer,061,380077,21487,20796,1286,22082,267
2021-03-28,Plumas,063,18699,667,657,11,668,4
2021-03-28,Riverside,065,2383286,286995,282811,14266,297077,4132
2021-03-28,Sacramento,067,1510023,98728,97425,1454,98879,1514
2021-03-28,San Benito,069,59416,5858,5862,99,5961,61
2021-03-28,San Bernardino,071,2135413,288472,285570,9190,294760,4332
2021-03-28,San Diego,073,3302833,270475,269476,13476,282952,3547
2021-03-28,San Francisco,075,870044,35219,35286,1279,36565,474
2021-03-28,San Joaquin,077,732212,69498,68459,3300,71759,1211
2021-03-28,San Luis Obispo,079,281455,20318,20172,651,20823,250
2021-03-28,San Mateo,081,765935,40764,40305,443,40748,348
2021-03-28,Santa Barbara,083,443738,33437,32953,1194,34147,439
2021-03-28,Santa Clara,085,1922200,113720,114232,669,114901,1871
2021-03-28,Santa Cruz,087,273765,15767,15238,863,16101,201
2021-03-28,Shasta,089,179085,11295,11308,1380,12688,183
2021-03-28,Sierra,091,2930,53,50,14,64,0
2021-03-28,Siskiyou,093,43540,1557,1497,274,1771,6
2021-03-28,Solano,095,438530,30848,30719,415,31134,232
2021-03-28,Sonoma,097,501317,29031,29161,274,29435,310
2021-03-28,Stanislaus,099,539301,52850,52567,5808,58375,678
2021-03-28,Sutter,101,95872,9137,9094,86,9180,106
2021-03-28,Tehama,103,63373,4754,4740,536,5276,52
2021-03-28,Trinity,105,12862,401,314,66,380,3
2021-03-28,Tulare,107,460477,48712,48218,9042,57260,815
2021-03-28,Tuolumne,109,53932,3968,3969,34,4003,57
2021-03-28,Ventura,111,848112,79535,79222,2982,82204,956
2021-03-28,Yolo,113,214977,13304,13325,260,13585,194
2021-03-28,Yuba,115,75493,5704,5662,107,5769,42
2021-03-27,Alameda,001,1643700,83643,83169,1877,85046,1211
2021-03-27,Alpine,003,1148,86,85,0,85,0
2021-03-27,Amador,005,37829,3570,3538,33,3571,45
2021-03-27,Butte,007,227075,11611,11278,1743,13021,191
2021-03-27,Calaveras,009,45235,1998,1992,12,2004,50
2021-03-27,Colusa,011,21464,1887,1889,281,2170,14
2021-03-27,Contra Costa,013,1133247,65619,64804,1190,65994,767
2021-03-27,Del Norte,015,27424,1154,1104,7,1111,6
2021-03-27,El Dorado,017,186661,9383,9367,646,10013,105
2021-03-27,Fresno,019,978130,99209,98901,8528,107429,1606
2021-03-27,Glenn,021,27897,2327,2308,542,2850,17
2021-03-27,Humboldt,023,135768,3447,3442,23,3465,34
2021-03-27,Imperial,025,180216,27484,27406,2733,30139,704
2021-03-27,Inyo,027,18085,1372,1372,2,1374,35
2021-03-27,Kern,029,883053,95033,94041,10633,104674,1217
2021-03-27,Kings,031,150075,22621,22502,1119,23621,238
2021-03-27,Lake,033,64148,3346,3317,8,3325,43
2021-03-27,Lassen,035,31185,5134,5129,105,5234,1
2021-03-27,Los Angeles,037,10098052,1184369,1178831,42299,1221130,23103
2021-03-27,Madera,039,155013,16066,15968,907,16875,210
2021-03-27,Marin,041,260295,13620,13579,209,13788,222
2021-03-27,Mariposa,043,17540,393,386,5,391,5
2021-03-27,Mendocino,045,87422,3742,3666,71,3737,45
2021-03-27,Merced,047,269075,29758,29647,958,30605,422
2021-03-27,Modoc,049,8938,354,344,120,464,3
2021-03-27,Mono,051,14174,1222,1241,13,1254,3
2021-03-27,Monterey,053,433212,42415,42271,1833,44104,337
2021-03-27,Napa,055,140530,9416,9360,32,9392,78
2021-03-27,Nevada,057,99092,4317,4231,184,4415,68
2021-03-27,Orange,059,3164182,250543,249160,11099,260259,4698
2021-03-27,Placer,061,380077,21467,20717,1279,21996,267
2021-03-27,Plumas,063,18699,666,655,11,666,4
2021-03-27,Riverside,065,2383286,286933,282707,14258,296965,4132
2021-03-27,Sacramento,067,1510023,98638,97247,1452,98699,1513
2021-03-27,San Benito,069,59416,5856,5862,97,5959,61
2021-03-27,San Bernardino,071,2135413,288410,285480,9188,294668,4325
2021-03-27,San Diego,073,3302833,270305,269271,13454,282725,3540
2021-03-27,San Francisco,075,870044,35195,35244,1277,36521,474
2021-03-27,San Joaquin,077,732212,69438,68365,3291,71656,1211
2021-03-27,San Luis Obispo,079,281455,20307,20153,648,20801,250
2021-03-27,San Mateo,081,765935,40741,40264,443,40707,348
2021-03-27,Santa Barbara,083,443738,33414,32921,1194,34115,439
2021-03-27,Santa Clara,085,1922200,113623,114124,667,114791,1871
2021-03-27,Santa Cruz,087,273765,15761,15215,863,16078,201
2021-03-27,Shasta,089,179085,11284,11288,1378,12666,183
2021-03-27,Sierra,091,2930,53,50,14,64,0
2021-03-27,Siskiyou,093,43540,1557,1497,274,1771,6
2021-03-27,Solano,095,438530,30820,30669,414,31083,232
2021-03-27,Sonoma,097,501317,29016,29133,272,29405,310
2021-03-27,Stanislaus,099,539301,52786,52497,5800,58297,678
2021-03-27,Sutter,101,95872,9129,9093,86,9179,106
2021-03-27,Tehama,103,63373,4748,4738,534,5272,52
2021-03-27,Trinity,105,12862,401,313,66,379,3
2021-03-27,Tulare,107,460477,48696,48203,9034,57237,813
2021-03-27,Tuolumne,109,53932,3965,3968,34,4002,57
2021-03-27,Ventura,111,848112,79508,79184,2980,82164,956
2021-03-27,Yolo,113,214977,13299,13317,259,13576,194
2021-03-27,Yuba,115,75493,5702,5657,107,5764,42
2021-03-26,Alameda,001,1643700,83581,83043,1875,84918,1208
2021-03-26,Alpine,003,1148,86,85,0,85,0
2021-03-26,Amador,005,37829,3565,3532,33,3565,45
2021-03-26,Butte,007,227075,11601,11278,1743,13021,191
2021-03-26,Calaveras,009,45235,1997,1989,12,2001,50
2021-03-26,Colusa,011,21464,1887,1889,281,2170,14
2021-03-26,Contra Costa,013,1133247,65559,64699,1188,65887,761
2021-03-26,Del Norte,015,27424,1151,1101,7,1108,6
2021-03-26,El Dorado,017,186661,9378,9353,646,9999,105
2021-03-26,Fresno,019,978130,99149,98731,8516,107247,1601
2021-03-26,Glenn,021,27897,2327,2307,541,2848,17
2021-03-26,Humboldt,023,135768,3445,3431,23,3454,34
2021-03-26,Imperial,025,180216,27460,27374,2733,30107,701
2021-03-26,Inyo,027,18085,1371,1369,2,1371,35
2021-03-26,Kern,029,883053,95007,93949,10627,104576,1211
2021-03-26,Kings,031,150075,22613,22493,1117,23610,239
2021-03-26,Lake,033,64148,3345,3314,8,3322,43
2021-03-26,Lassen,035,31185,5133,5131,105,5236,1
2021-03-26,Los Angeles,037,10098052,1184034,1178213,42284,1220497,23080
2021-03-26,Madera,039,155013,16056,15952,907,16859,210
2021-03-26,Marin,041,260295,13614,13553,204,13757,221
2021-03-26,Mariposa,043,17540,393,386,5,391,5
2021-03-26,Mendocino,045,87422,3741,3664,71,3735,45
2021-03-26,Merced,047,269075,29735,29613,956,30569,419
2021-03-26,Modoc,049,8938,354,344,120,464,3
2021-03-26,Mono,051,14174,1221,1236,13,1249,3
2021-03-26,Monterey,053,433212,42402,42241,1829,44070,338
2021-03-26,Napa,055,140530,9406,9349,32,9381,78
2021-03-26,Nevada,057,99092,4297,4222,184,4406,83
2021-03-26,Orange,059,3164182,250480,248995,11085,260080,4671
2021-03-26,Placer,061,380077,21441,20679,1277,21956,259
2021-03-26,Plumas,063,18699,665,654,11,665,4
2021-03-26,Riverside,065,2383286,286855,282602,14252,296854,4109
2021-03-26,Sacramento,067,1510023,98538,97040,1447,98487,1509
2021-03-26,San Benito,069,59416,5853,5855,97,5952,61
2021-03-26,San Bernardino,071,2135413,288355,285313,9185,294498,4288
2021-03-26,San Diego,073,3302833,270127,269045,13428,282473,3525
2021-03-26,San Francisco,075,870044,35170,35186,1277,36463,472
2021-03-26,San Joaquin,077,732212,69376,68249,3286,71535,1202
2021-03-26,San Luis Obispo,079,281455,20294,20118,648,20766,250
2021-03-26,San Mateo,081,765935,40706,40199,443,40642,348
2021-03-26,Santa Barbara,083,443738,33384,32895,1194,34089,439
2021-03-26,Santa Clara,085,1922200,113525,113959,666,114625,1868
2021-03-26,Santa Cruz,087,273765,15746,15199,862,16061,201
2021-03-26,Shasta,089,179085,11275,11276,1372,12648,182
2021-03-26,Sierra,091,2930,53,50,14,64,0
2021-03-26,Siskiyou,093,43540,1557,1493,273,1766,6
2021-03-26,Solano,095,438530,30795,30640,414,31054,205
2021-03-26,Sonoma,097,501317,29000,29101,269,29370,310
2021-03-26,Stanislaus,099,539301,52718,52420,5796,58216,678
2021-03-26,Sutter,101,95872,9127,9082,86,9168,104
2021-03-26,Tehama,103,63373,4747,4722,533,5255,51
2021-03-26,Trinity,105,12862,401,311,66,377,3
2021-03-26,Tulare,107,460477,48682,48179,9025,57204,813
2021-03-26,Tuolumne,109,53932,3964,3965,34,3999,57
2021-03-26,Ventura,111,848112,79475,79122,2978,82100,953
2021-03-26,Yolo,113,214977,13292,13299,257,13556,194
2021-03-26,Yuba,115,75493,5692,5653,107,5760,42
2021-03-25,Alameda,001,1643700,83483,82945,1873,84818,1206
2021-03-25,Alpine,003,1148,86,84,0,84,0
2021-03-25,Amador,005,37829,3563,3530,33,3563,45
2021-03-25,Butte,007,227075,11591,11270,1743,13013,188
2021-03-25,Calaveras,009,45235,1992,1982,12,1994,50
2021-03-25,Colusa,011,21464,1887,1888,281,2169,14
2021-03-25,Contra Costa,013,1133247,65492,64606,1184,65790,757
2021-03-25,Del Norte,015,27424,1145,1095,7,1102,6
2021-03-25,El Dorado,017,186661,9368,9331,646,9977,105
2021-03-25,Fresno,019,978130,99033,98602,8501,107103,1593
2021-03-25,Glenn,021,27897,2326,2302,540,2842,17
2021-03-25,Humboldt,023,135768,3440,3423,23,3446,34
2021-03-25,Imperial,025,180216,27444,27352,2732,30084,699
2021-03-25,Inyo,027,18085,1371,1369,2,1371,35
2021-03-25,Kern,029,883053,94975,93857,10622,104479,1206
2021-03-25,Kings,031,150075,22603,22472,1117,23589,237
2021-03-25,Lake,033,64148,3340,3312,8,3320,43
2021-03-25,Lassen,035,31185,5133,5129,105,5234,1
2021-03-25,Los Angeles,037,10098052,1183607,1177490,42246,1219736,23051
2021-03-25,Madera,039,155013,16037,15937,905,16842,210
2021-03-25,Marin,041,260295,13605,13538,201,13739,219
2021-03-25,Mariposa,043,17540,393,386,5,391,5
2021-03-25,Mendocino,045,87422,3740,3664,71,3735,45
2021-03-25,Merced,047,269075,29701,29576,947,30523,416
2021-03-25,Modoc,049,8938,354,343,120,463,3
2021-03-25,Mono,051,14174,1221,1235,13,1248,3
2021-03-25,Monterey,053,433212,42381,42220,1824,44044,336
2021-03-25,Napa,055,140530,9387,9321,32,9353,78
2021-03-25,Nevada,057,99092,4279,4202,182,4384,84
2021-03-25,Orange,059,3164182,250367,248871,11064,259935,4655
2021-03-25,Placer,061,380077,21402,20639,1270,21909,252
2021-03-25,Plumas,063,18699,665,654,11,665,4
2021-03-25,Riverside,065,2383286,286758,282492,14241,296733,4078
2021-03-25,Sacramento,067,1510023,98393,96823,1444,98267,1505
2021-03-25,San Benito,069,59416,5850,5850,97,5947,61
2021-03-25,San Bernardino,071,2135413,288274,285134,9180,294314,4222
2021-03-25,San Diego,073,3302833,269900,268623,13397,282020,3520
2021-03-25,San Francisco,075,870044,35131,35154,1275,36429,468
2021-03-25,San Joaquin,077,732212,69279,68089,3237,71326,1196
2021-03-25,San Luis Obispo,079,281455,20277,20076,647,20723,250
2021-03-25,San Mateo,081,765935,40666,40147,443,40590,348
2021-03-25,Santa Barbara,083,443738,33357,32857,1194,34051,439
2021-03-25,Santa Clara,085,1922200,113421,113877,664,114541,1868
2021-03-25,Santa Cruz,087,273765,15725,15170,862,16032,201
2021-03-25,Shasta,089,179085,11258,11262,1370,12632,181
2021-03-25,Sierra,091,2930,53,50,14,64,0
2021-03-25,Siskiyou,093,43540,1555,1491,272,1763,6
2021-03-25,Solano,095,438530,30735,30583,412,30995,193
2021-03-25,Sonoma,097,501317,28966,29060,265,29325,310
2021-03-25,Stanislaus,099,539301,52651,52321,5789,58110,678
2021-03-25,Sutter,101,95872,9118,9069,86,9155,104
2021-03-25,Tehama,103,63373,4745,4719,532,5251,52
2021-03-25,Trinity,105,12862,401,310,66,376,3
2021-03-25,Tulare,107,460477,48657,48148,9012,57160,811
2021-03-25,Tuolumne,109,53932,3963,3962,34,3996,57
2021-03-25,Ventura,111,848112,79435,79045,2974,82019,952
2021-03-25,Yolo,113,214977,13286,13287,257,13544,194
2021-03-25,Yuba,115,75493,5686,5647,101,5748,42
2021-03-24,Alameda,001,1643700,83388,82871,1870,84741,1199
2021-03-24,Alpine,003,1148,86,84,0,84,0
2021-03-24,Amador,005,37829,3557,3529,33,3562,45
2021-03-24,Butte,007,227075,11581,11252,1739,12991,187
2021-03-24,Calaveras,009,45235,1988,1975,12,1987,50
2021-03-24,Colusa,011,21464,1887,1886,280,2166,14
2021-03-24,Contra Costa,013,1133247,65412,64539,1183,65722,755
2021-03-24,Del Norte,015,27424,1140,1087,7,1094,6
2021-03-24,El Dorado,017,186661,9362,9319,645,9964,105
2021-03-24,Fresno,019,978130,98943,98437,8486,106923,1585
2021-03-24,Glenn,021,27897,2325,2297,539,2836,17
2021-03-24,Humboldt,023,135768,3437,3414,23,3437,34
2021-03-24,Imperial,025,180216,27435,27325,2732,30057,699
2021-03-24,Inyo,027,18085,1371,1368,2,1370,35
2021-03-24,Kern,029,883053,94927,93800,10613,104413,1198
2021-03-24,Kings,031,150075,22588,22456,1115,23571,237
2021-03-24,Lake,033,64148,3336,3307,8,3315,43
2021-03-24,Lassen,035,31185,5131,5130,104,5234,1
2021-03-24,Los Angeles,037,10098052,1183135,1177015,42209,1219224,22993
2021-03-24,Madera,039,155013,16028,15918,904,16822,210
2021-03-24,Marin,041,260295,13592,13526,199,13725,219
2021-03-24,Mariposa,043,17540,393,384,5,389,5
2021-03-24,Mendocino,045,87422,3737,3660,71,3731,45
2021-03-24,Merced,047,269075,29660,29525,947,30472,415
2021-03-24,Modoc,049,8938,353,341,120,461,3
2021-03-24,Mono,051,14174,1220,1243,13,1256,3
2021-03-24,Monterey,053,433212,42359,42201,1821,44022,335
2021-03-24,Napa,055,140530,9367,9310,32,9342,78
2021-03-24,Nevada,057,99092,4265,4191,181,4372,85
2021-03-24,Orange,059,3164182,250251,248775,11045,259820,4638
2021-03-24,Placer,061,380077,21372,20606,1262,21868,250
2021-03-24,Plumas,063,18699,663,652,11,663,4
2021-03-24,Riverside,065,2383286,286675,282410,14239,296649,4058
2021-03-24,Sacramento,067,1510023,98220,96628,1432,98060,1500
2021-03-24,San Benito,069,59416,5849,5847,97,5944,61
2021-03-24,San Bernardino,071,2135413,288189,284983,9178,294161,4170
2021-03-24,San Diego,073,3302833,269685,268413,13369,281782,3509
2021-03-24,San Francisco,075,870044,35103,35103,1272,36375,462
2021-03-24,San Joaquin,077,732212,69208,67978,3225,71203,1196
2021-03-24,San Luis Obispo,079,281455,20247,20021,646,20667,250
2021-03-24,San Mateo,081,765935,40616,40083,443,40526,348
2021-03-24,Santa Barbara,083,443738,33330,32810,1194,34004,438
2021-03-24,Santa Clara,085,1922200,113307,113757,660,114417,1851
2021-03-24,Santa Cruz,087,273765,15712,15138,860,15998,202
2021-03-24,Shasta,089,179085,11239,11243,1368,12611,181
2021-03-24,Sierra,091,2930,53,50,14,64,0
2021-03-24,Siskiyou,093,43540,1553,1490,272,1762,6
2021-03-24,Solano,095,438530,30698,30552,411,30963,178
2021-03-24,Sonoma,097,501317,28947,29034,260,29294,310
2021-03-24,Stanislaus,099,539301,52575,52259,5781,58040,677
2021-03-24,Sutter,101,95872,9102,9049,86,9135,104
2021-03-24,Tehama,103,63373,4739,4719,531,5250,49
2021-03-24,Trinity,105,12862,400,310,66,376,3
2021-03-24,Tulare,107,460477,48647,48109,8999,57108,808
2021-03-24,Tuolumne,109,53932,3962,3961,34,3995,57
2021-03-24,Ventura,111,848112,79383,78993,2967,81960,944
2021-03-24,Yolo,113,214977,13275,13269,257,13526,194
2021-03-24,Yuba,115,75493,5680,5634,98,5732,42
2021-03-23,Alameda,001,1643700,83285,82799,1866,84665,1190
2021-03-23,Alpine,003,1148,86,84,0,84,0
2021-03-23,Amador,005,37829,3551,3524,33,3557,45
2021-03-23,Butte,007,227075,11570,11227,1738,12965,187
2021-03-23,Calaveras,009,45235,1988,1971,12,1983,50
2021-03-23,Colusa,011,21464,1885,1885,279,2164,14
2021-03-23,Contra Costa,013,1133247,65313,64491,1182,65673,750
2021-03-23,Del Norte,015,27424,1135,1082,7,1089,6
2021-03-23,El Dorado,017,186661,9352,9318,643,9961,105
2021-03-23,Fresno,019,978130,98831,98362,8461,106823,1575
2021-03-23,Glenn,021,27897,2320,2293,537,2830,17
2021-03-23,Humboldt,023,135768,3428,3405,23,3428,34
2021-03-23,Imperial,025,180216,27427,27320,2732,30052,699
2021-03-23,Inyo,027,18085,1369,1364,2,1366,35
2021-03-23,Kern,029,883053,94820,93728,10606,104334,1191
2021-03-23,Kings,031,150075,22577,22439,1113,23552,237
2021-03-23,Lake,033,64148,3334,3294,8,3302,43
2021-03-23,Lassen,035,31185,5131,5130,104,5234,1
2021-03-23,Los Angeles,037,10098052,1182622,1176572,42169,1218741,22904
2021-03-23,Madera,039,155013,16012,15908,903,16811,210
2021-03-23,Marin,041,260295,13569,13514,197,13711,221
2021-03-23,Mariposa,043,17540,392,384,5,389,5
2021-03-23,Mendocino,045,87422,3735,3652,71,3723,45
2021-03-23,Merced,047,269075,29628,29485,947,30432,415
2021-03-23,Modoc,049,8938,352,342,120,462,3
2021-03-23,Mono,051,14174,1219,1263,13,1276,3
2021-03-23,Monterey,053,433212,42348,42180,1819,43999,335
2021-03-23,Napa,055,140530,9342,9299,32,9331,78
2021-03-23,Nevada,057,99092,4246,4179,180,4359,89
2021-03-23,Orange,059,3164182,250125,248661,11026,259687,4626
2021-03-23,Placer,061,380077,21338,20567,1258,21825,248
2021-03-23,Plumas,063,18699,663,652,11,663,4
2021-03-23,Riverside,065,2383286,286581,282317,14231,296548,4035
2021-03-23,Sacramento,067,1510023,98029,96521,1427,97948,1496
2021-03-23,San Benito,069,59416,5844,5845,96,5941,61
2021-03-23,San Bernardino,071,2135413,288107,284875,9170,294045,4134
2021-03-23,San Diego,073,3302833,269440,268156,13337,281493,3498
2021-03-23,San Francisco,075,870044,35046,35071,1265,36336,462
2021-03-23,San Joaquin,077,732212,69112,67903,3207,71110,1182
2021-03-23,San Luis Obispo,079,281455,20207,20009,645,20654,250
2021-03-23,San Mateo,081,765935,40560,40032,442,40474,348
2021-03-23,Santa Barbara,083,443738,33292,32771,1193,33964,438
2021-03-23,Santa Clara,085,1922200,113190,113645,657,114302,1848
2021-03-23,Santa Cruz,087,273765,15697,15106,860,15966,201
2021-03-23,Shasta,089,179085,11226,11234,1367,12601,175
2021-03-23,Sierra,091,2930,53,50,14,64,0
2021-03-23,Siskiyou,093,43540,1548,1485,270,1755,6
2021-03-23,Solano,095,438530,30657,30524,410,30934,178
2021-03-23,Sonoma,097,501317,28911,29020,258,29278,310
2021-03-23,Stanislaus,099,539301,52475,52148,5773,57921,677
2021-03-23,Sutter,101,95872,9094,9039,86,9125,104
2021-03-23,Tehama,103,63373,4728,4707,530,5237,46
2021-03-23,Trinity,105,12862,400,310,66,376,3
2021-03-23,Tulare,107,460477,48620,48095,8982,57077,808
2021-03-23,Tuolumne,109,53932,3959,3957,34,3991,57
2021-03-23,Ventura,111,848112,79322,78930,2964,81894,932
2021-03-23,Yolo,113,214977,13264,13255,257,13512,194
2021-03-23,Yuba,115,75493,5675,5628,98,5726,42
2021-03-22,Alameda,001,1643700,83193,82748,1860,84608,1189
2021-03-22,Alpine,003,1148,85,83,0,83,0
2021-03-22,Amador,005,37829,3543,3522,33,3555,44
2021-03-22,Butte,007,227075,11561,11211,1736,12947,185
2021-03-22,Calaveras,009,45235,1985,1963,12,1975,49
2021-03-22,Colusa,011,21464,1884,1885,278,2163,13
2021-03-22,Contra Costa,013,1133247,65218,64432,1180,65612,740
2021-03-22,Del Norte,015,27424,1129,1082,7,1089,6
2021-03-22,El Dorado,017,186661,9336,9310,640,9950,105
2021-03-22,Fresno,019,978130,98735,98276,8447,106723,1556
2021-03-22,Glenn,021,27897,2312,2291,537,2828,17
2021-03-22,Humboldt,023,135768,3423,3403,23,3426,34
2021-03-22,Imperial,025,180216,27412,27302,2728,30030,699
2021-03-22,Inyo,027,18085,1366,1363,2,1365,35
2021-03-22,Kern,029,883053,94750,93675,10589,104264,1178
2021-03-22,Kings,031,150075,22564,22433,1108,23541,236
2021-03-22,Lake,033,64148,3333,3290,8,3298,43
2021-03-22,Lassen,035,31185,5129,5129,104,5233,1
2021-03-22,Los Angeles,037,10098052,1182116,1176205,42134,1218339,22843
2021-03-22,Madera,039,155013,15997,15904,903,16807,210
2021-03-22,Marin,041,260295,13560,13501,196,13697,221
2021-03-22,Mariposa,043,17540,391,381,5,386,5
2021-03-22,Mendocino,045,87422,3733,3653,71,3724,45
2021-03-22,Merced,047,269075,29585,29468,944,30412,413
2021-03-22,Modoc,049,8938,350,342,120,462,3
2021-03-22,Mono,051,14174,1214,1263,13,1276,3
2021-03-22,Monterey,053,433212,42331,42161,1817,43978,335
2021-03-22,Napa,055,140530,9331,9288,32,9320,77
2021-03-22,Nevada,057,99092,4236,4174,175,4349,89
2021-03-22,Orange,059,3164182,249975,248517,10991,259508,4599
2021-03-22,Placer,061,380077,21302,20543,1253,21796,242
2021-03-22,Plumas,063,18699,663,652,11,663,4
2021-03-22,Riverside,065,2383286,286488,282242,14220,296462,4009
2021-03-22,Sacramento,067,1510023,97851,96385,1417,97802,1493
2021-03-22,San Benito,069,59416,5841,5844,95,5939,61
2021-03-22,San Bernardino,071,2135413,288020,284771,9157,293928,4107
2021-03-22,San Diego,073,3302833,269229,267913,13317,281230,3494
2021-03-22,San Francisco,075,870044,35004,35040,1261,36301,462
2021-03-22,San Joaquin,077,732212,69021,67815,3188,71003,1182
2021-03-22,San Luis Obispo,079,281455,20183,20000,644,20644,250
2021-03-22,San Mateo,081,765935,40510,40024,440,40464,348
2021-03-22,Santa Barbara,083,443738,33246,32756,1190,33946,437
2021-03-22,Santa Clara,085,1922200,113071,113575,657,114232,1845
2021-03-22,Santa Cruz,087,273765,15685,15077,859,15936,201
2021-03-22,Shasta,089,179085,11212,11218,1366,12584,150
2021-03-22,Sierra,091,2930,53,50,14,64,0
2021-03-22,Siskiyou,093,43540,1547,1487,269,1756,5
2021-03-22,Solano,095,438530,30618,30490,406,30896,171
2021-03-22,Sonoma,097,501317,28882,29010,254,29264,310
2021-03-22,Stanislaus,099,539301,52391,52083,5768,57851,677
2021-03-22,Sutter,101,95872,9081,9024,86,9110,104
2021-03-22,Tehama,103,63373,4720,4704,530,5234,45
2021-03-22,Trinity,105,12862,400,310,66,376,3
2021-03-22,Tulare,107,460477,48605,48074,8961,57035,807
2021-03-22,Tuolumne,109,53932,3956,3954,34,3988,57
2021-03-22,Ventura,111,848112,79274,78890,2961,81851,927
2021-03-22,Yolo,113,214977,13252,13243,256,13499,190
2021-03-22,Yuba,115,75493,5664,5627,96,5723,42
2021-03-21,Alameda,001,1643700,83105,82684,1857,84541,1187
2021-03-21,Alpine,003,1148,85,83,0,83,0
2021-03-21,Amador,005,37829,3539,3519,33,3552,44
2021-03-21,Butte,007,227075,11545,11208,1730,12938,185
2021-03-21,Calaveras,009,45235,1982,1962,12,1974,49
2021-03-21,Colusa,011,21464,1884,1885,278,2163,13
2021-03-21,Contra Costa,013,1133247,65136,64382,1176,65558,740
2021-03-21,Del Norte,015,27424,1114,1076,7,1083,6
2021-03-21,El Dorado,017,186661,9326,9302,635,9937,105
2021-03-21,Fresno,019,978130,98623,98211,8423,106634,1556
2021-03-21,Glenn,021,27897,2309,2288,536,2824,17
2021-03-21,Humboldt,023,135768,3418,3402,23,3425,34
2021-03-21,Imperial,025,180216,27395,27267,2719,29986,699
2021-03-21,Inyo,027,18085,1366,1363,2,1365,35
2021-03-21,Kern,029,883053,94686,93649,10578,104227,1170
2021-03-21,Kings,031,150075,22547,22422,1107,23529,236
2021-03-21,Lake,033,64148,3329,3286,8,3294,43
2021-03-21,Lassen,035,31185,5129,5129,104,5233,1
2021-03-21,Los Angeles,037,10098052,1181591,1175684,42083,1217767,22834
2021-03-21,Madera,039,155013,15978,15895,901,16796,210
2021-03-21,Marin,041,260295,13544,13495,195,13690,220
2021-03-21,Mariposa,043,17540,391,381,5,386,5
2021-03-21,Mendocino,045,87422,3730,3651,71,3722,45
2021-03-21,Merced,047,269075,29525,29446,938,30384,413
2021-03-21,Modoc,049,8938,350,341,120,461,3
2021-03-21,Mono,051,14174,1209,1263,13,1276,3
2021-03-21,Monterey,053,433212,42306,42153,1814,43967,335
2021-03-21,Napa,055,140530,9311,9282,32,9314,77
2021-03-21,Nevada,057,99092,4223,4169,175,4344,89
2021-03-21,Orange,059,3164182,249843,248442,10963,259405,4598
2021-03-21,Placer,061,380077,21266,20520,1245,21765,242
2021-03-21,Plumas,063,18699,663,653,11,664,4
2021-03-21,Riverside,065,2383286,286383,282187,14208,296395,4009
2021-03-21,Sacramento,067,1510023,97657,96269,1409,97678,1489
2021-03-21,San Benito,069,59416,5835,5842,95,5937,61
2021-03-21,San Bernardino,071,2135413,287932,284732,9151,293883,4094
2021-03-21,San Diego,073,3302833,268969,267724,13291,281015,3494
2021-03-21,San Francisco,075,870044,34957,35012,1254,36266,460
2021-03-21,San Joaquin,077,732212,68899,67729,3170,70899,1182
2021-03-21,San Luis Obispo,079,281455,20151,19979,642,20621,250
2021-03-21,San Mateo,081,765935,40465,39988,439,40427,344
2021-03-21,Santa Barbara,083,443738,33207,32743,1188,33931,437
2021-03-21,Santa Clara,085,1922200,112942,113487,654,114141,1840
2021-03-21,Santa Cruz,087,273765,15678,15064,859,15923,199
2021-03-21,Shasta,089,179085,11192,11215,1365,12580,150
2021-03-21,Sierra,091,2930,53,50,14,64,0
2021-03-21,Siskiyou,093,43540,1547,1486,268,1754,5
2021-03-21,Solano,095,438530,30578,30474,403,30877,171
2021-03-21,Sonoma,097,501317,28853,28986,253,29239,310
2021-03-21,Stanislaus,099,539301,52301,52014,5767,57781,677
2021-03-21,Sutter,101,95872,9068,9021,86,9107,104
2021-03-21,Tehama,103,63373,4716,4701,530,5231,45
2021-03-21,Trinity,105,12862,398,310,66,376,3
2021-03-21,Tulare,107,460477,48589,48060,8949,57009,807
2021-03-21,Tuolumne,109,53932,3954,3953,34,3987,57
2021-03-21,Ventura,111,848112,79210,78863,2956,81819,927
2021-03-21,Yolo,113,214977,13231,13235,256,13491,190
2021-03-21,Yuba,115,75493,5654,5624,96,5720,42
2021-03-20,Alameda,001,1643700,83036,82614,1855,84469,1178
2021-03-20,Alpine,003,1148,85,83,0,83,0
2021-03-20,Amador,005,37829,3537,3518,33,3551,44
2021-03-20,Butte,007,227075,11539,11199,1728,12927,185
2021-03-20,Calaveras,009,45235,1978,1961,12,1973,49
2021-03-20,Colusa,011,21464,1884,1883,278,2161,12
2021-03-20,Contra Costa,013,1133247,65076,64313,1176,65489,713
2021-03-20,Del Norte,015,27424,1113,1075,7,1082,6
2021-03-20,El Dorado,017,186661,9320,9290,635,9925,105
2021-03-20,Fresno,019,978130,98563,98112,8416,106528,1532
2021-03-20,Glenn,021,27897,2308,2288,534,2822,17
2021-03-20,Humboldt,023,135768,3411,3399,23,3422,33
2021-03-20,Imperial,025,180216,27389,27239,2717,29956,695
2021-03-20,Inyo,027,18085,1366,1362,2,1364,35
2021-03-20,Kern,029,883053,94657,93606,10573,104179,1155
2021-03-20,Kings,031,150075,22542,22415,1106,23521,236
2021-03-20,Lake,033,64148,3325,3280,8,3288,43
2021-03-20,Lassen,035,31185,5129,5128,104,5232,1
2021-03-20,Los Angeles,037,10098052,1181295,1175290,42055,1217345,22810
2021-03-20,Madera,039,155013,15970,15891,900,16791,210
2021-03-20,Marin,041,260295,13532,13470,191,13661,220
2021-03-20,Mariposa,043,17540,390,381,5,386,5
2021-03-20,Mendocino,045,87422,3729,3639,71,3710,43
2021-03-20,Merced,047,269075,29494,29411,935,30346,412
2021-03-20,Modoc,049,8938,349,341,120,461,3
2021-03-20,Mono,051,14174,1209,1256,13,1269,3
2021-03-20,Monterey,053,433212,42297,42146,1813,43959,334
2021-03-20,Napa,055,140530,9303,9274,32,9306,77
2021-03-20,Nevada,057,99092,4212,4164,174,4338,89
2021-03-20,Orange,059,3164182,249762,248348,10950,259298,4522
2021-03-20,Placer,061,380077,21244,20505,1243,21748,242
2021-03-20,Plumas,063,18699,660,652,11,663,4
2021-03-20,Riverside,065,2383286,286310,282081,14204,296285,4000
2021-03-20,Sacramento,067,1510023,97547,96126,1405,97531,1488
2021-03-20,San Benito,069,59416,5831,5840,95,5935,61
2021-03-20,San Bernardino,071,2135413,287867,284690,9147,293837,3965
2021-03-20,San Diego,073,3302833,268798,267532,13284,280816,3493
2021-03-20,San Francisco,075,870044,34934,34968,1247,36215,453
2021-03-20,San Joaquin,077,732212,68858,67662,3163,70825,1161
2021-03-20,San Luis Obispo,079,281455,20135,19951,636,20587,250
2021-03-20,San Mateo,081,765935,40431,39958,438,40396,344
2021-03-20,Santa Barbara,083,443738,33183,32723,1187,33910,434
2021-03-20,Santa Clara,085,1922200,112850,113384,653,114037,1799
2021-03-20,Santa Cruz,087,273765,15662,15053,859,15912,199
2021-03-20,Shasta,089,179085,11186,11211,1365,12576,147
2021-03-20,Sierra,091,2930,53,50,14,64,0
2021-03-20,Siskiyou,093,43540,1547,1483,268,1751,5
2021-03-20,Solano,095,438530,30548,30439,403,30842,170
2021-03-20,Sonoma,097,501317,28838,28962,252,29214,309
2021-03-20,Stanislaus,099,539301,52246,51925,5759,57684,673
2021-03-20,Sutter,101,95872,9060,9014,86,9100,103
2021-03-20,Tehama,103,63373,4711,4696,528,5224,33
2021-03-20,Trinity,105,12862,397,310,66,376,3
2021-03-20,Tulare,107,460477,48574,48030,8932,56962,804
2021-03-20,Tuolumne,109,53932,3951,3950,34,3984,57
2021-03-20,Ventura,111,848112,79173,78818,2954,81772,922
2021-03-20,Yolo,113,214977,13227,13226,256,13482,190
2021-03-20,Yuba,115,75493,5651,5621,95,5716,42
2021-03-19,Alameda,001,1643700,82963,82499,1853,84352,1187
2021-03-19,Alpine,003,1148,84,82,0,82,0
2021-03-19,Amador,005,37829,3534,3515,33,3548,44
2021-03-19,Butte,007,227075,11530,11191,1725,12916,185
2021-03-19,Calaveras,009,45235,1977,1957,12,1969,49
2021-03-19,Colusa,011,21464,1883,1883,278,2161,12
2021-03-19,Contra Costa,013,1133247,65017,64195,1173,65368,737
2021-03-19,Del Norte,015,27424,1107,1071,5,1076,6
2021-03-19,El Dorado,017,186661,9311,9274,635,9909,105
2021-03-19,Fresno,019,978130,98481,97969,8401,106370,1527
2021-03-19,Glenn,021,27897,2308,2282,534,2816,17
2021-03-19,Humboldt,023,135768,3402,3388,23,3411,33
2021-03-19,Imperial,025,180216,27378,27218,2712,29930,695
2021-03-19,Inyo,027,18085,1364,1356,2,1358,35
2021-03-19,Kern,029,883053,94624,93534,10560,104094,1152
2021-03-19,Kings,031,150075,22533,22369,1103,23472,235
2021-03-19,Lake,033,64148,3319,3262,8,3270,43
2021-03-19,Lassen,035,31185,5129,5126,104,5230,1
2021-03-19,Los Angeles,037,10098052,1180960,1174818,42039,1216857,22752
2021-03-19,Madera,039,155013,15963,15877,899,16776,210
2021-03-19,Marin,041,260295,13520,13441,191,13632,220
2021-03-19,Mariposa,043,17540,389,380,5,385,5
2021-03-19,Mendocino,045,87422,3728,3639,71,3710,45
2021-03-19,Merced,047,269075,29465,29376,934,30310,412
2021-03-19,Modoc,049,8938,349,341,120,461,3
2021-03-19,Mono,051,14174,1207,1244,13,1257,3
2021-03-19,Monterey,053,433212,42288,42125,1811,43936,335
2021-03-19,Napa,055,140530,9291,9256,32,9288,77
2021-03-19,Nevada,057,99092,4201,4156,174,4330,88
2021-03-19,Orange,059,3164182,249663,248146,10937,259083,4501
2021-03-19,Placer,061,380077,21226,20451,1241,21692,242
2021-03-19,Plumas,063,18699,660,650,11,661,4
2021-03-19,Riverside,065,2383286,286228,281937,14199,296136,3989
2021-03-19,Sacramento,067,1510023,97445,95934,1402,97336,1486
2021-03-19,San Benito,069,59416,5831,5845,95,5940,61
2021-03-19,San Bernardino,071,2135413,287795,284501,9145,293646,4017
2021-03-19,San Diego,073,3302833,268663,267173,13274,280447,3491
2021-03-19,San Francisco,075,870044,34888,34936,1244,36180,461
2021-03-19,San Joaquin,077,732212,68788,67515,3149,70664,1180
2021-03-19,San Luis Obispo,079,281455,20115,19913,634,20547,249
2021-03-19,San Mateo,081,765935,40407,39893,438,40331,344
2021-03-19,Santa Barbara,083,443738,33154,32685,1186,33871,435
2021-03-19,Santa Clara,085,1922200,112776,113232,652,113884,1797
2021-03-19,Santa Cruz,087,273765,15655,15026,859,15885,199
2021-03-19,Shasta,089,179085,11179,11104,1363,12467,103
2021-03-19,Sierra,091,2930,52,49,14,63,0
2021-03-19,Siskiyou,093,43540,1547,1480,267,1747,5
2021-03-19,Solano,095,438530,30518,30395,401,30796,172
2021-03-19,Sonoma,097,501317,28817,28932,250,29182,292
2021-03-19,Stanislaus,099,539301,52188,51755,5756,57511,679
2021-03-19,Sutter,101,95872,9058,9005,86,9091,103
2021-03-19,Tehama,103,63373,4703,4685,528,5213,33
2021-03-19,Trinity,105,12862,397,310,66,376,3
2021-03-19,Tulare,107,460477,48551,47989,8909,56898,805
2021-03-19,Tuolumne,109,53932,3948,3946,34,3980,57
2021-03-19,Ventura,111,848112,79135,78753,2949,81702,920
2021-03-19,Yolo,113,214977,13219,13197,256,13453,189
2021-03-19,Yuba,115,75493,5648,5615,94,5709,42
2021-03-18,Alameda,001,1643700,82879,82419,1850,84269,1189
2021-03-18,Alpine,003,1148,84,82,0,82,0
2021-03-18,Amador,005,37829,3530,3513,33,3546,44
2021-03-18,Butte,007,227075,11519,11179,1723,12902,185
2021-03-18,Calaveras,009,45235,1975,1954,12,1966,49
2021-03-18,Colusa,011,21464,1883,1882,278,2160,12
2021-03-18,Contra Costa,013,1133247,64944,64103,1170,65273,739
2021-03-18,Del Norte,015,27424,1098,1059,5,1064,6
2021-03-18,El Dorado,017,186661,9298,9261,634,9895,105
2021-03-18,Fresno,019,978130,98386,97856,8386,106242,1527
2021-03-18,Glenn,021,27897,2304,2275,533,2808,17
2021-03-18,Humboldt,023,135768,3394,3381,23,3404,34
2021-03-18,Imperial,025,180216,27362,27190,2706,29896,695
2021-03-18,Inyo,027,18085,1361,1354,2,1356,35
2021-03-18,Kern,029,883053,94567,93458,10546,104004,1158
2021-03-18,Kings,031,150075,22526,22354,1102,23456,235
2021-03-18,Lake,033,64148,3316,3260,8,3268,43
2021-03-18,Lassen,035,31185,5128,5126,104,5230,1
2021-03-18,Los Angeles,037,10098052,1180531,1174205,42008,1216213,22689
2021-03-18,Madera,039,155013,15951,15860,897,16757,211
2021-03-18,Marin,041,260295,13502,13435,190,13625,219
2021-03-18,Mariposa,043,17540,387,380,5,385,5
2021-03-18,Mendocino,045,87422,3718,3630,71,3701,45
2021-03-18,Merced,047,269075,29430,29317,934,30251,410
2021-03-18,Modoc,049,8938,349,341,120,461,3
2021-03-18,Mono,051,14174,1203,1215,13,1228,3
2021-03-18,Monterey,053,433212,42275,42105,1811,43916,335
2021-03-18,Napa,055,140530,9282,9243,32,9275,77
2021-03-18,Nevada,057,99092,4194,4154,174,4328,74
2021-03-18,Orange,059,3164182,249560,248050,10924,258974,4514
2021-03-18,Placer,061,380077,21194,20421,1238,21659,243
2021-03-18,Plumas,063,18699,658,648,11,659,4
2021-03-18,Riverside,065,2383286,286149,281789,14192,295981,3957
2021-03-18,Sacramento,067,1510023,97297,95819,1398,97217,1481
2021-03-18,San Benito,069,59416,5829,5842,95,5937,61
2021-03-18,San Bernardino,071,2135413,287715,284294,9115,293409,4076
2021-03-18,San Diego,073,3302833,268511,266752,13264,280016,3478
2021-03-18,San Francisco,075,870044,34849,34904,1243,36147,461
2021-03-18,San Joaquin,077,732212,68688,67301,3137,70438,1169
2021-03-18,San Luis Obispo,079,281455,20086,19894,633,20527,249
2021-03-18,San Mateo,081,765935,40366,39874,438,40312,344
2021-03-18,Santa Barbara,083,443738,33112,32640,1186,33826,434
2021-03-18,Santa Clara,085,1922200,112659,113119,648,113767,1808
2021-03-18,Santa Cruz,087,273765,15645,14998,859,15857,198
2021-03-18,Shasta,089,179085,11165,11059,1361,12420,100
2021-03-18,Sierra,091,2930,52,49,14,63,0
2021-03-18,Siskiyou,093,43540,1544,1480,266,1746,5
2021-03-18,Solano,095,438530,30476,30352,398,30750,172
2021-03-18,Sonoma,097,501317,28795,28915,248,29163,292
2021-03-18,Stanislaus,099,539301,52116,51615,5752,57367,682
2021-03-18,Sutter,101,95872,9046,8999,86,9085,103
2021-03-18,Tehama,103,63373,4697,4683,527,5210,35
2021-03-18,Trinity,105,12862,397,310,66,376,3
2021-03-18,Tulare,107,460477,48532,47964,8894,56858,805
2021-03-18,Tuolumne,109,53932,3948,3942,34,3976,57
2021-03-18,Ventura,111,848112,79079,78697,2949,81646,918
2021-03-18,Yolo,113,214977,13206,13183,256,13439,191
2021-03-18,Yuba,115,75493,5644,5612,94,5706,42
2021-03-17,Alameda,001,1643700,82803,82353,1845,84198,1185
2021-03-17,Alpine,003,1148,84,82,0,82,0
2021-03-17,Amador,005,37829,3528,3511,33,3544,44
2021-03-17,Butte,007,227075,11510,11170,1721,12891,185
2021-03-17,Calaveras,009,45235,1974,1946,12,1958,49
2021-03-17,Colusa,011,21464,1882,1882,278,2160,12
2021-03-17,Contra Costa,013,1133247,64875,64026,1169,65195,737
2021-03-17,Del Norte,015,27424,1094,1053,5,1058,6
2021-03-17,El Dorado,017,186661,9288,9252,634,9886,105
2021-03-17,Fresno,019,978130,98276,97727,8367,106094,1507
2021-03-17,Glenn,021,27897,2297,2269,532,2801,17
2021-03-17,Humboldt,023,135768,3386,3365,23,3388,33
2021-03-17,Imperial,025,180216,27346,27168,2704,29872,691
2021-03-17,Inyo,027,18085,1359,1351,2,1353,35
2021-03-17,Kern,029,883053,94511,93392,10533,103925,1149
2021-03-17,Kings,031,150075,22510,22336,1101,23437,233
2021-03-17,Lake,033,64148,3309,3251,8,3259,43
2021-03-17,Lassen,035,31185,5127,5125,104,5229,1
2021-03-17,Los Angeles,037,10098052,1180080,1173416,41974,1215390,22602
2021-03-17,Madera,039,155013,15944,15835,896,16731,214
2021-03-17,Marin,041,260295,13484,13428,189,13617,218
2021-03-17,Mariposa,043,17540,387,379,5,384,5
2021-03-17,Mendocino,045,87422,3714,3625,71,3696,44
2021-03-17,Merced,047,269075,29402,29250,930,30180,408
2021-03-17,Modoc,049,8938,349,341,120,461,3
2021-03-17,Mono,051,14174,1201,1212,13,1225,3
2021-03-17,Monterey,053,433212,42256,42061,1808,43869,334
2021-03-17,Napa,055,140530,9267,9219,32,9251,76
2021-03-17,Nevada,057,99092,4184,4145,174,4319,74
2021-03-17,Orange,059,3164182,249442,247943,10896,258839,4502
2021-03-17,Placer,061,380077,21167,20369,1236,21605,243
2021-03-17,Plumas,063,18699,657,645,11,656,4
2021-03-17,Riverside,065,2383286,286037,281649,14184,295833,3925
2021-03-17,Sacramento,067,1510023,97170,95650,1392,97042,1477
2021-03-17,San Benito,069,59416,5826,5841,95,5936,61
2021-03-17,San Bernardino,071,2135413,287600,284170,9109,293279,4049
2021-03-17,San Diego,073,3302833,268300,266313,13246,279559,3470
2021-03-17,San Francisco,075,870044,34814,34873,1242,36115,457
2021-03-17,San Joaquin,077,732212,68603,67093,3121,70214,1164
2021-03-17,San Luis Obispo,079,281455,20063,19858,629,20487,249
2021-03-17,San Mateo,081,765935,40336,39838,437,40275,344
2021-03-17,Santa Barbara,083,443738,33092,32585,1185,33770,433
2021-03-17,Santa Clara,085,1922200,112566,112983,647,113630,1805
2021-03-17,Santa Cruz,087,273765,15637,14967,859,15826,199
2021-03-17,Shasta,089,179085,11160,11045,1358,12403,100
2021-03-17,Sierra,091,2930,52,49,14,63,0
2021-03-17,Siskiyou,093,43540,1543,1479,264,1743,5
2021-03-17,Solano,095,438530,30450,30320,396,30716,171
2021-03-17,Sonoma,097,501317,28771,28877,247,29124,292
2021-03-17,Stanislaus,099,539301,52043,51524,5745,57269,682
2021-03-17,Sutter,101,95872,9036,8982,86,9068,103
2021-03-17,Tehama,103,63373,4691,4670,527,5197,34
2021-03-17,Trinity,105,12862,397,308,66,374,3
2021-03-17,Tulare,107,460477,48512,47929,8884,56813,805
2021-03-17,Tuolumne,109,53932,3945,3938,34,3972,57
2021-03-17,Ventura,111,848112,79024,78648,2946,81594,916
2021-03-17,Yolo,113,214977,13190,13169,255,13424,190
2021-03-17,Yuba,115,75493,5641,5603,94,5697,42
2021-03-16,Alameda,001,1643700,82688,82259,1843,84102,1177
2021-03-16,Alpine,003,1148,84,82,0,82,0
2021-03-16,Amador,005,37829,3526,3510,33,3543,44
2021-03-16,Butte,007,227075,11498,11154,1720,12874,184
2021-03-16,Calaveras,009,45235,1969,1945,12,1957,49
2021-03-16,Colusa,011,21464,1881,1882,278,2160,12
2021-03-16,Contra Costa,013,1133247,64794,63951,1165,65116,736
2021-03-16,Del Norte,015,27424,1086,1048,5,1053,6
2021-03-16,El Dorado,017,186661,9272,9249,634,9883,105
2021-03-16,Fresno,019,978130,98143,97638,8342,105980,1498
2021-03-16,Glenn,021,27897,2289,2267,528,2795,17
2021-03-16,Humboldt,023,135768,3382,3351,23,3374,33
2021-03-16,Imperial,025,180216,27335,27143,2702,29845,689
2021-03-16,Inyo,027,18085,1358,1346,2,1348,35
2021-03-16,Kern,029,883053,94445,93340,10517,103857,1144
2021-03-16,Kings,031,150075,22474,22320,1100,23420,233
2021-03-16,Lake,033,64148,3301,3246,8,3254,43
2021-03-16,Lassen,035,31185,5126,5126,104,5230,1
2021-03-16,Los Angeles,037,10098052,1179550,1172676,41934,1214610,22527
2021-03-16,Madera,039,155013,15928,15822,894,16716,214
2021-03-16,Marin,041,260295,13466,13419,189,13608,218
2021-03-16,Mariposa,043,17540,384,379,5,384,5
2021-03-16,Mendocino,045,87422,3709,3623,71,3694,44
2021-03-16,Merced,047,269075,29349,29198,929,30127,407
2021-03-16,Modoc,049,8938,349,341,120,461,3
2021-03-16,Mono,051,14174,1200,1207,13,1220,3
2021-03-16,Monterey,053,433212,42237,42023,1808,43831,334
2021-03-16,Napa,055,140530,9257,9209,32,9241,75
2021-03-16,Nevada,057,99092,4175,4132,173,4305,67
2021-03-16,Orange,059,3164182,249306,247843,10876,258719,4479
2021-03-16,Placer,061,380077,21134,20339,1231,21570,240
2021-03-16,Plumas,063,18699,656,643,11,654,4
2021-03-16,Riverside,065,2383286,285931,281540,14171,295711,3893
2021-03-16,Sacramento,067,1510023,97027,95522,1388,96910,1466
2021-03-16,San Benito,069,59416,5821,5831,95,5926,61
2021-03-16,San Bernardino,071,2135413,287471,283980,9101,293081,4032
2021-03-16,San Diego,073,3302833,268068,265903,13233,279136,3462
2021-03-16,San Francisco,075,870044,34785,34833,1237,36070,456
2021-03-16,San Joaquin,077,732212,68501,66856,3108,69964,1163
2021-03-16,San Luis Obispo,079,281455,20034,19832,627,20459,248
2021-03-16,San Mateo,081,765935,40302,39806,436,40242,344
2021-03-16,Santa Barbara,083,443738,33060,32556,1184,33740,433
2021-03-16,Santa Clara,085,1922200,112448,112845,644,113489,1797
2021-03-16,Santa Cruz,087,273765,15631,14926,859,15785,199
2021-03-16,Shasta,089,179085,11144,11035,1355,12390,100
2021-03-16,Sierra,091,2930,51,49,14,63,0
2021-03-16,Siskiyou,093,43540,1539,1477,264,1741,5
2021-03-16,Solano,095,438530,30416,30298,395,30693,171
2021-03-16,Sonoma,097,501317,28739,28850,245,29095,291
2021-03-16,Stanislaus,099,539301,51963,51410,5738,57148,683
2021-03-16,Sutter,101,95872,9028,8970,86,9056,102
2021-03-16,Tehama,103,63373,4687,4660,526,5186,34
2021-03-16,Trinity,105,12862,397,308,65,373,3
2021-03-16,Tulare,107,460477,48465,47895,8876,56771,803
2021-03-16,Tuolumne,109,53932,3942,3938,34,3972,57
2021-03-16,Ventura,111,848112,78957,78671,2939,81610,916
2021-03-16,Yolo,113,214977,13175,13162,255,13417,190
2021-03-16,Yuba,115,75493,5638,5596,93,5689,42
2021-03-15,Alameda,001,1643700,82600,82159,1843,84002,1167
2021-03-15,Alpine,003,1148,84,82,0,82,0
2021-03-15,Amador,005,37829,3525,3506,33,3539,44
2021-03-15,Butte,007,227075,11485,11141,1716,12857,185
2021-03-15,Calaveras,009,45235,1965,1941,12,1953,49
2021-03-15,Colusa,011,21464,1881,1883,278,2161,12
2021-03-15,Contra Costa,013,1133247,64732,63847,1164,65011,732
2021-03-15,Del Norte,015,27424,1083,1048,5,1053,6
2021-03-15,El Dorado,017,186661,9266,9235,633,9868,103
2021-03-15,Fresno,019,978130,98017,97520,8326,105846,1496
2021-03-15,Glenn,021,27897,2284,2261,525,2786,15
2021-03-15,Humboldt,023,135768,3376,3337,23,3360,32
2021-03-15,Imperial,025,180216,27314,27122,2700,29822,684
2021-03-15,Inyo,027,18085,1358,1346,2,1348,35
2021-03-15,Kern,029,883053,94385,93266,10510,103776,1141
2021-03-15,Kings,031,150075,22457,22294,1095,23389,233
2021-03-15,Lake,033,64148,3289,3237,8,3245,43
2021-03-15,Lassen,035,31185,5126,5125,104,5229,1
2021-03-15,Los Angeles,037,10098052,1178989,1172445,41893,1214338,22477
2021-03-15,Madera,039,155013,15917,15806,892,16698,214
2021-03-15,Marin,041,260295,13460,13408,188,13596,218
2021-03-15,Mariposa,043,17540,384,376,5,381,5
2021-03-15,Mendocino,045,87422,3705,3615,71,3686,44
2021-03-15,Merced,047,269075,29309,29169,928,30097,407
2021-03-15,Modoc,049,8938,349,340,120,460,3
2021-03-15,Mono,051,14174,1199,1206,13,1219,3
2021-03-15,Monterey,053,433212,42209,42011,1805,43816,333
2021-03-15,Napa,055,140530,9246,9196,32,9228,75
2021-03-15,Nevada,057,99092,4170,4123,172,4295,66
2021-03-15,Orange,059,3164182,249194,247697,10856,258553,4481
2021-03-15,Placer,061,380077,21111,20308,1231,21539,238
2021-03-15,Plumas,063,18699,656,642,11,653,4
2021-03-15,Riverside,065,2383286,285788,281367,14159,295526,3856
2021-03-15,Sacramento,067,1510023,96874,95414,1382,96796,1463
2021-03-15,San Benito,069,59416,5818,5831,95,5926,61
2021-03-15,San Bernardino,071,2135413,287378,283815,9093,292908,4004
2021-03-15,San Diego,073,3302833,267818,265646,13217,278863,3452
2021-03-15,San Francisco,075,870044,34749,34820,1233,36053,456
2021-03-15,San Joaquin,077,732212,68397,66622,3095,69717,1140
2021-03-15,San Luis Obispo,079,281455,20004,19813,622,20435,247
2021-03-15,San Mateo,081,765935,40248,39765,436,40201,344
2021-03-15,Santa Barbara,083,443738,33038,32529,1181,33710,431
2021-03-15,Santa Clara,085,1922200,112347,112729,642,113371,1798
2021-03-15,Santa Cruz,087,273765,15625,14899,857,15756,200
2021-03-15,Shasta,089,179085,11128,11019,1350,12369,92
2021-03-15,Sierra,091,2930,51,49,14,63,0
2021-03-15,Siskiyou,093,43540,1539,1475,264,1739,5
2021-03-15,Solano,095,438530,30387,30258,394,30652,171
2021-03-15,Sonoma,097,501317,28721,28814,242,29056,285
2021-03-15,Stanislaus,099,539301,51885,51357,5731,57088,683
2021-03-15,Sutter,101,95872,9022,8962,86,9048,102
2021-03-15,Tehama,103,63373,4677,4650,525,5175,34
2021-03-15,Trinity,105,12862,397,308,65,373,3
2021-03-15,Tulare,107,460477,48435,47857,8861,56718,800
2021-03-15,Tuolumne,109,53932,3940,3937,33,3970,57
2021-03-15,Ventura,111,848112,78903,78626,2938,81564,910
2021-03-15,Yolo,113,214977,13156,13131,253,13384,190
2021-03-15,Yuba,115,75493,5633,5585,92,5677,42
2021-03-14,Alameda,001,1643700,82514,82116,1840,83956,1168
2021-03-14,Alpine,003,1148,84,82,0,82,0
2021-03-14,Amador,005,37829,3520,3504,33,3537,44
2021-03-14,Butte,007,227075,11472,11140,1712,12852,185
2021-03-14,Calaveras,009,45235,1961,1939,12,1951,49
2021-03-14,Colusa,011,21464,1881,1883,278,2161,12
2021-03-14,Contra Costa,013,1133247,64628,63808,1162,64970,731
2021-03-14,Del Norte,015,27424,1069,1048,5,1053,6
2021-03-14,El Dorado,017,186661,9256,9231,633,9864,103
2021-03-14,Fresno,019,978130,97910,97461,8307,105768,1496
2021-03-14,Glenn,021,27897,2279,2260,522,2782,15
2021-03-14,Humboldt,023,135768,3362,3335,23,3358,32
2021-03-14,Imperial,025,180216,27296,27122,2696,29818,685
2021-03-14,Inyo,027,18085,1354,1346,2,1348,35
2021-03-14,Kern,029,883053,94304,93252,10490,103742,1141
2021-03-14,Kings,031,150075,22439,22292,1092,23384,232
2021-03-14,Lake,033,64148,3284,3237,8,3245,43
2021-03-14,Lassen,035,31185,5124,5125,104,5229,1
2021-03-14,Los Angeles,037,10098052,1178422,1172100,41854,1213954,22476
2021-03-14,Madera,039,155013,15892,15804,892,16696,214
2021-03-14,Marin,041,260295,13444,13405,186,13591,218
2021-03-14,Mariposa,043,17540,382,376,5,381,5
2021-03-14,Mendocino,045,87422,3700,3613,71,3684,44
2021-03-14,Merced,047,269075,29241,29149,924,30073,407
2021-03-14,Modoc,049,8938,349,340,120,460,3
2021-03-14,Mono,051,14174,1193,1206,13,1219,3
2021-03-14,Monterey,053,433212,42187,42007,1801,43808,333
2021-03-14,Napa,055,140530,9228,9194,32,9226,75
2021-03-14,Nevada,057,99092,4164,4122,170,4292,66
2021-03-14,Orange,059,3164182,249060,247656,10834,258490,4460
2021-03-14,Placer,061,380077,21077,20288,1223,21511,238
2021-03-14,Plumas,063,18699,654,642,11,653,4
2021-03-14,Riverside,065,2383286,285636,281332,14150,295482,3845
2021-03-14,Sacramento,067,1510023,96696,95343,1377,96720,1462
2021-03-14,San Benito,069,59416,5809,5829,95,5924,61
2021-03-14,San Bernardino,071,2135413,287254,283791,9082,292873,3996
2021-03-14,San Diego,073,3302833,267583,265468,13204,278672,3452
2021-03-14,San Francisco,075,870044,34711,34810,1229,36039,455
2021-03-14,San Joaquin,077,732212,68269,66563,3078,69641,1140
2021-03-14,San Luis Obispo,079,281455,19976,19806,620,20426,247
2021-03-14,San Mateo,081,765935,40209,39744,436,40180,342
2021-03-14,Santa Barbara,083,443738,32994,32514,1179,33693,431
2021-03-14,Santa Clara,085,1922200,112219,112648,641,113289,1796
2021-03-14,Santa Cruz,087,273765,15608,14887,855,15742,200
2021-03-14,Shasta,089,179085,11112,11019,1343,12362,92
2021-03-14,Sierra,091,2930,51,49,14,63,0
2021-03-14,Siskiyou,093,43540,1535,1473,263,1736,5
2021-03-14,Solano,095,438530,30355,30230,389,30619,171
2021-03-14,Sonoma,097,501317,28687,28798,238,29036,284
2021-03-14,Stanislaus,099,539301,51765,51306,5722,57028,690
2021-03-14,Sutter,101,95872,9006,8958,86,9044,102
2021-03-14,Tehama,103,63373,4665,4650,524,5174,34
2021-03-14,Trinity,105,12862,396,308,64,372,3
2021-03-14,Tulare,107,460477,48402,47845,8840,56685,800
2021-03-14,Tuolumne,109,53932,3938,3937,33,3970,57
2021-03-14,Ventura,111,848112,78850,78611,2932,81543,910
2021-03-14,Yolo,113,214977,13134,13128,249,13377,189
2021-03-14,Yuba,115,75493,5623,5583,92,5675,42
2021-03-13,Alameda,001,1643700,82454,82010,1840,83850,1168
2021-03-13,Alpine,003,1148,84,82,0,82,0
2021-03-13,Amador,005,37829,3517,3504,33,3537,44
2021-03-13,Butte,007,227075,11463,11131,1711,12842,185
2021-03-13,Calaveras,009,45235,1957,1939,12,1951,49
2021-03-13,Colusa,011,21464,1881,1882,278,2160,12
2021-03-13,Contra Costa,013,1133247,64567,63689,1162,64851,731
2021-03-13,Del Norte,015,27424,1065,1041,5,1046,6
2021-03-13,El Dorado,017,186661,9248,9221,633,9854,103
2021-03-13,Fresno,019,978130,97851,97324,8287,105611,1495
2021-03-13,Glenn,021,27897,2278,2260,521,2781,15
2021-03-13,Humboldt,023,135768,3355,3325,23,3348,32
2021-03-13,Imperial,025,180216,27291,27099,2691,29790,677
2021-03-13,Inyo,027,18085,1353,1344,2,1346,35
2021-03-13,Kern,029,883053,94265,93197,10483,103680,1140
2021-03-13,Kings,031,150075,22423,22265,1091,23356,232
2021-03-13,Lake,033,64148,3277,3234,7,3241,43
2021-03-13,Lassen,035,31185,5124,5125,104,5229,1
2021-03-13,Los Angeles,037,10098052,1178107,1171505,41810,1213315,22451
2021-03-13,Madera,039,155013,15880,15780,892,16672,214
2021-03-13,Marin,041,260295,13438,13391,184,13575,218
2021-03-13,Mariposa,043,17540,381,376,5,381,5
2021-03-13,Mendocino,045,87422,3696,3611,71,3682,44
2021-03-13,Merced,047,269075,29210,29106,924,30030,406
2021-03-13,Modoc,049,8938,349,340,119,459,3
2021-03-13,Mono,051,14174,1193,1207,13,1220,3
2021-03-13,Monterey,053,433212,42177,41989,1799,43788,332
2021-03-13,Napa,055,140530,9222,9190,32,9222,75
2021-03-13,Nevada,057,99092,4157,4111,169,4280,66
2021-03-13,Orange,059,3164182,248980,247514,10818,258332,4423
2021-03-13,Placer,061,380077,21056,20238,1220,21458,239
2021-03-13,Plumas,063,18699,652,642,11,653,4
2021-03-13,Riverside,065,2383286,285548,281191,14142,295333,3848
2021-03-13,Sacramento,067,1510023,96610,95192,1375,96567,1461
2021-03-13,San Benito,069,59416,5806,5823,95,5918,61
2021-03-13,San Bernardino,071,2135413,287201,283727,9076,292803,3972
2021-03-13,San Diego,073,3302833,267428,265270,13190,278460,3444
2021-03-13,San Francisco,075,870044,34694,34784,1220,36004,455
2021-03-13,San Joaquin,077,732212,68213,66480,3056,69536,1141
2021-03-13,San Luis Obispo,079,281455,19958,19789,619,20408,247
2021-03-13,San Mateo,081,765935,40182,39689,435,40124,341
2021-03-13,Santa Barbara,083,443738,32969,32486,1178,33664,431
2021-03-13,Santa Clara,085,1922200,112134,112531,640,113171,1790
2021-03-13,Santa Cruz,087,273765,15601,14875,855,15730,199
2021-03-13,Shasta,089,179085,11104,11021,1340,12361,108
2021-03-13,Sierra,091,2930,50,49,14,63,0
2021-03-13,Siskiyou,093,43540,1534,1470,263,1733,5
2021-03-13,Solano,095,438530,30338,30198,389,30587,171
2021-03-13,Sonoma,097,501317,28667,28762,234,28996,285
2021-03-13,Stanislaus,099,539301,51715,51257,5717,56974,695
2021-03-13,Sutter,101,95872,8999,8948,86,9034,102
2021-03-13,Tehama,103,63373,4663,4647,524,5171,33
2021-03-13,Trinity,105,12862,396,306,64,370,3
2021-03-13,Tulare,107,460477,48377,47818,8831,56649,798
2021-03-13,Tuolumne,109,53932,3935,3937,33,3970,57
2021-03-13,Ventura,111,848112,78801,78693,2932,81625,906
2021-03-13,Yolo,113,214977,13126,13087,248,13335,189
2021-03-13,Yuba,115,75493,5622,5577,92,5669,42
2021-03-12,Alameda,001,1643700,82375,81898,1839,83737,1164
2021-03-12,Alpine,003,1148,84,82,0,82,0
2021-03-12,Amador,005,37829,3514,3503,33,3536,44
2021-03-12,Butte,007,227075,11453,11126,1709,12835,184
2021-03-12,Calaveras,009,45235,1955,1916,12,1928,49
2021-03-12,Colusa,011,21464,1881,1883,278,2161,12
2021-03-12,Contra Costa,013,1133247,64492,63583,1161,64744,728
2021-03-12,Del Norte,015,27424,1059,1033,5,1038,6
2021-03-12,El Dorado,017,186661,9239,9219,633,9852,103
2021-03-12,Fresno,019,978130,97755,97185,8275,105460,1489
2021-03-12,Glenn,021,27897,2277,2258,520,2778,15
2021-03-12,Humboldt,023,135768,3350,3315,23,3338,32
2021-03-12,Imperial,025,180216,27280,27071,2689,29760,677
2021-03-12,Inyo,027,18085,1351,1339,2,1341,35
2021-03-12,Kern,029,883053,94231,93142,10467,103609,1132
2021-03-12,Kings,031,150075,22404,22233,1091,23324,232
2021-03-12,Lake,033,64148,3271,3226,6,3232,43
2021-03-12,Lassen,035,31185,5124,5125,103,5228,1
2021-03-12,Los Angeles,037,10098052,1177710,1170860,41793,1212653,22409
2021-03-12,Madera,039,155013,15868,15761,889,16650,214
2021-03-12,Marin,041,260295,13431,13375,184,13559,218
2021-03-12,Mariposa,043,17540,379,376,5,381,5
2021-03-12,Mendocino,045,87422,3693,3605,71,3676,43
2021-03-12,Merced,047,269075,29179,29064,924,29988,403
2021-03-12,Modoc,049,8938,349,340,119,459,3
2021-03-12,Mono,051,14174,1192,1206,13,1219,3
2021-03-12,Monterey,053,433212,42163,41964,1794,43758,329
2021-03-12,Napa,055,140530,9213,9180,32,9212,75
2021-03-12,Nevada,057,99092,4147,4101,169,4270,66
2021-03-12,Orange,059,3164182,248888,247388,10807,258195,4401
2021-03-12,Placer,061,380077,21023,20210,1215,21425,239
2021-03-12,Plumas,063,18699,651,641,11,652,4
2021-03-12,Riverside,065,2383286,285450,281037,14134,295171,3854
2021-03-12,Sacramento,067,1510023,96486,95061,1368,96429,1460
2021-03-12,San Benito,069,59416,5803,5817,95,5912,61
2021-03-12,San Bernardino,071,2135413,287143,283558,9071,292629,3917
2021-03-12,San Diego,073,3302833,267265,264886,13182,278068,3434
2021-03-12,San Francisco,075,870044,34673,34758,1217,35975,452
2021-03-12,San Joaquin,077,732212,68143,66482,3046,69528,1144
2021-03-12,San Luis Obispo,079,281455,19944,19769,617,20386,247
2021-03-12,San Mateo,081,765935,40146,39638,433,40071,341
2021-03-12,Santa Barbara,083,443738,32946,32457,1175,33632,429
2021-03-12,Santa Clara,085,1922200,112040,112396,639,113035,1766
2021-03-12,Santa Cruz,087,273765,15589,14846,853,15699,195
2021-03-12,Shasta,089,179085,11096,11143,1338,12481,153
2021-03-12,Sierra,091,2930,50,49,14,63,0
2021-03-12,Siskiyou,093,43540,1534,1468,262,1730,5
2021-03-12,Solano,095,438530,30319,30180,388,30568,171
2021-03-12,Sonoma,097,501317,28640,28714,234,28948,285
2021-03-12,Stanislaus,099,539301,51657,51146,5710,56856,701
2021-03-12,Sutter,101,95872,8993,8940,86,9026,101
2021-03-12,Tehama,103,63373,4659,4638,523,5161,33
2021-03-12,Trinity,105,12862,395,306,63,369,3
2021-03-12,Tulare,107,460477,48353,47772,8824,56596,798
2021-03-12,Tuolumne,109,53932,3934,3936,33,3969,57
2021-03-12,Ventura,111,848112,78758,78698,2928,81626,899
2021-03-12,Yolo,113,214977,13116,13061,241,13302,189
2021-03-12,Yuba,115,75493,5615,5563,91,5654,42
2021-03-11,Alameda,001,1643700,82282,81809,1834,83643,1164
2021-03-11,Alpine,003,1148,84,78,0,78,0
2021-03-11,Amador,005,37829,3513,3498,33,3531,42
2021-03-11,Butte,007,227075,11442,11110,1707,12817,185
2021-03-11,Calaveras,009,45235,1952,1915,12,1927,49
2021-03-11,Colusa,011,21464,1881,1883,278,2161,12
2021-03-11,Contra Costa,013,1133247,64419,63469,1159,64628,728
2021-03-11,Del Norte,015,27424,1054,1027,5,1032,6
2021-03-11,El Dorado,017,186661,9225,9211,633,9844,101
2021-03-11,Fresno,019,978130,97640,97026,8247,105273,1481
2021-03-11,Glenn,021,27897,2274,2255,520,2775,15
2021-03-11,Humboldt,023,135768,3333,3302,23,3325,32
2021-03-11,Imperial,025,180216,27274,27045,2685,29730,675
2021-03-11,Inyo,027,18085,1346,1335,2,1337,35
2021-03-11,Kern,029,883053,94175,93052,10428,103480,1121
2021-03-11,Kings,031,150075,22389,22183,1088,23271,230
2021-03-11,Lake,033,64148,3267,3214,6,3220,42
2021-03-11,Lassen,035,31185,5123,5124,103,5227,1
2021-03-11,Los Angeles,037,10098052,1177181,1170111,41759,1211870,22316
2021-03-11,Madera,039,155013,15857,15725,887,16612,214
2021-03-11,Marin,041,260295,13419,13356,183,13539,217
2021-03-11,Mariposa,043,17540,379,376,5,381,5
2021-03-11,Mendocino,045,87422,3686,3604,71,3675,42
2021-03-11,Merced,047,269075,29130,29001,923,29924,401
2021-03-11,Modoc,049,8938,349,340,119,459,3
2021-03-11,Mono,051,14174,1191,1206,13,1219,3
2021-03-11,Monterey,053,433212,42140,41936,1788,43724,329
2021-03-11,Napa,055,140530,9200,9173,32,9205,75
2021-03-11,Nevada,057,99092,4135,4085,167,4252,66
2021-03-11,Orange,059,3164182,248750,247217,10790,258007,4373
2021-03-11,Placer,061,380077,20980,20178,1211,21389,239
2021-03-11,Plumas,063,18699,650,640,11,651,4
2021-03-11,Riverside,065,2383286,285285,280881,14121,295002,3842
2021-03-11,Sacramento,067,1510023,96346,94912,1365,96277,1455
2021-03-11,San Benito,069,59416,5800,5816,95,5911,61
2021-03-11,San Bernardino,071,2135413,287047,283312,9065,292377,3869
2021-03-11,San Diego,073,3302833,267101,264524,13166,277690,3422
2021-03-11,San Francisco,075,870044,34637,34722,1211,35933,452
2021-03-11,San Joaquin,077,732212,68031,66522,3038,69560,1157
2021-03-11,San Luis Obispo,079,281455,19919,19748,616,20364,247
2021-03-11,San Mateo,081,765935,40109,39590,432,40022,341
2021-03-11,Santa Barbara,083,443738,32919,32408,1172,33580,430
2021-03-11,Santa Clara,085,1922200,111910,112246,636,112882,1765
2021-03-11,Santa Cruz,087,273765,15576,14812,852,15664,193
2021-03-11,Shasta,089,179085,11086,11139,1333,12472,158
2021-03-11,Sierra,091,2930,50,48,14,62,0
2021-03-11,Siskiyou,093,43540,1531,1466,262,1728,5
2021-03-11,Solano,095,438530,30291,30138,387,30525,171
2021-03-11,Sonoma,097,501317,28611,28677,234,28911,285
2021-03-11,Stanislaus,099,539301,51573,51038,5702,56740,707
2021-03-11,Sutter,101,95872,8987,8933,86,9019,101
2021-03-11,Tehama,103,63373,4650,4632,522,5154,33
2021-03-11,Trinity,105,12862,394,304,62,366,3
2021-03-11,Tulare,107,460477,48317,47709,8812,56521,797
2021-03-11,Tuolumne,109,53932,3932,3934,33,3967,57
2021-03-11,Ventura,111,848112,78708,78697,2924,81621,889
2021-03-11,Yolo,113,214977,13099,13041,239,13280,190
2021-03-11,Yuba,115,75493,5611,5553,91,5644,42
2021-03-10,Alameda,001,1643700,82174,81701,1828,83529,1160
2021-03-10,Alpine,003,1148,83,78,0,78,0
2021-03-10,Amador,005,37829,3511,3496,33,3529,42
2021-03-10,Butte,007,227075,11432,11096,1707,12803,185
2021-03-10,Calaveras,009,45235,1947,1913,12,1925,48
2021-03-10,Colusa,011,21464,1881,1882,278,2160,12
2021-03-10,Contra Costa,013,1133247,64320,63372,1155,64527,725
2021-03-10,Del Norte,015,27424,1052,1020,5,1025,5
2021-03-10,El Dorado,017,186661,9213,9203,633,9836,100
2021-03-10,Fresno,019,978130,97535,96866,8230,105096,1471
2021-03-10,Glenn,021,27897,2271,2253,518,2771,15
2021-03-10,Humboldt,023,135768,3323,3296,22,3318,32
2021-03-10,Imperial,025,180216,27259,27051,2685,29736,675
2021-03-10,Inyo,027,18085,1346,1328,2,1330,35
2021-03-10,Kern,029,883053,94109,92965,10405,103370,1102
2021-03-10,Kings,031,150075,22370,22166,1086,23252,226
2021-03-10,Lake,033,64148,3257,3207,6,3213,42
2021-03-10,Lassen,035,31185,5123,5120,103,5223,1
2021-03-10,Los Angeles,037,10098052,1176637,1169079,41729,1210808,22199
2021-03-10,Madera,039,155013,15836,15705,884,16589,212
2021-03-10,Marin,041,260295,13409,13348,182,13530,216
2021-03-10,Mariposa,043,17540,379,376,5,381,5
2021-03-10,Mendocino,045,87422,3681,3602,71,3673,42
2021-03-10,Merced,047,269075,29093,28927,920,29847,401
2021-03-10,Modoc,049,8938,348,338,119,457,3
2021-03-10,Mono,051,14174,1188,1204,13,1217,3
2021-03-10,Monterey,053,433212,42118,41920,1784,43704,329
2021-03-10,Napa,055,140530,9191,9165,32,9197,75
2021-03-10,Nevada,057,99092,4131,4074,167,4241,66
2021-03-10,Orange,059,3164182,248606,247075,10770,257845,4342
2021-03-10,Placer,061,380077,20945,20144,1205,21349,239
2021-03-10,Plumas,063,18699,649,639,11,650,4
2021-03-10,Riverside,065,2383286,285148,280708,14107,294815,3822
2021-03-10,Sacramento,067,1510023,96216,94796,1359,96155,1452
2021-03-10,San Benito,069,59416,5791,5811,95,5906,61
2021-03-10,San Bernardino,071,2135413,286957,283140,9058,292198,3841
2021-03-10,San Diego,073,3302833,266880,264094,13154,277248,3413
2021-03-10,San Francisco,075,870044,34603,34688,1202,35890,450
2021-03-10,San Joaquin,077,732212,67930,66483,3020,69503,1156
2021-03-10,San Luis Obispo,079,281455,19895,19710,612,20322,247
2021-03-10,San Mateo,081,765935,40085,39571,432,40003,338
2021-03-10,Santa Barbara,083,443738,32892,32356,1169,33525,429
2021-03-10,Santa Clara,085,1922200,111804,112103,632,112735,1759
2021-03-10,Santa Cruz,087,273765,15561,14790,851,15641,192
2021-03-10,Shasta,089,179085,11076,11125,1330,12455,155
2021-03-10,Sierra,091,2930,50,48,14,62,0
2021-03-10,Siskiyou,093,43540,1529,1458,262,1720,5
2021-03-10,Solano,095,438530,30261,30111,386,30497,170
2021-03-10,Sonoma,097,501317,28576,28638,233,28871,286
2021-03-10,Stanislaus,099,539301,51484,50968,5684,56652,706
2021-03-10,Sutter,101,95872,8976,8918,86,9004,101
2021-03-10,Tehama,103,63373,4640,4623,522,5145,33
2021-03-10,Trinity,105,12862,394,304,62,366,3
2021-03-10,Tulare,107,460477,48269,47659,8793,56452,793
2021-03-10,Tuolumne,109,53932,3931,3931,33,3964,57
2021-03-10,Ventura,111,848112,78631,78609,2922,81531,878
2021-03-10,Yolo,113,214977,13076,13021,238,13259,189
2021-03-10,Yuba,115,75493,5597,5545,90,5635,42
2021-03-09,Alameda,001,1643700,82089,81618,1828,83446,1151
2021-03-09,Alpine,003,1148,83,78,0,78,0
2021-03-09,Amador,005,37829,3509,3494,33,3527,42
2021-03-09,Butte,007,227075,11419,11092,1705,12797,185
2021-03-09,Calaveras,009,45235,1945,1913,12,1925,48
2021-03-09,Colusa,011,21464,1881,1880,278,2158,11
2021-03-09,Contra Costa,013,1133247,64227,63314,1153,64467,723
2021-03-09,Del Norte,015,27424,1044,1017,5,1022,5
2021-03-09,El Dorado,017,186661,9206,9198,633,9831,98
2021-03-09,Fresno,019,978130,97416,96744,8204,104948,1463
2021-03-09,Glenn,021,27897,2267,2251,516,2767,15
2021-03-09,Humboldt,023,135768,3311,3288,21,3309,32
2021-03-09,Imperial,025,180216,27250,27045,2681,29726,675
2021-03-09,Inyo,027,18085,1344,1324,2,1326,35
2021-03-09,Kern,029,883053,94030,92924,10387,103311,1088
2021-03-09,Kings,031,150075,22345,22143,1084,23227,226
2021-03-09,Lake,033,64148,3251,3202,6,3208,42
2021-03-09,Lassen,035,31185,5123,5120,103,5223,1
2021-03-09,Los Angeles,037,10098052,1176044,1167967,41693,1209660,22080
2021-03-09,Madera,039,155013,15825,15701,882,16583,211
2021-03-09,Marin,041,260295,13391,13335,180,13515,214
2021-03-09,Mariposa,043,17540,379,376,5,381,5
2021-03-09,Mendocino,045,87422,3677,3595,71,3666,42
2021-03-09,Merced,047,269075,29032,28876,918,29794,399
2021-03-09,Modoc,049,8938,348,338,118,456,3
2021-03-09,Mono,051,14174,1187,1203,13,1216,3
2021-03-09,Monterey,053,433212,42100,41894,1775,43669,329
2021-03-09,Napa,055,140530,9177,9155,32,9187,75
2021-03-09,Nevada,057,99092,4123,4062,167,4229,66
2021-03-09,Orange,059,3164182,248464,246989,10749,257738,4310
2021-03-09,Placer,061,380077,20903,20122,1201,21323,239
2021-03-09,Plumas,063,18699,646,639,11,650,4
2021-03-09,Riverside,065,2383286,285020,280562,14101,294663,3821
2021-03-09,Sacramento,067,1510023,96050,94720,1353,96073,1442
2021-03-09,San Benito,069,59416,5787,5800,95,5895,61
2021-03-09,San Bernardino,071,2135413,286844,282971,9051,292022,3823
2021-03-09,San Diego,073,3302833,266647,263745,13133,276878,3405
2021-03-09,San Francisco,075,870044,34573,34654,1198,35852,450
2021-03-09,San Joaquin,077,732212,67802,66383,3010,69393,1150
2021-03-09,San Luis Obispo,079,281455,19877,19672,605,20277,245
2021-03-09,San Mateo,081,765935,40038,39535,430,39965,336
2021-03-09,Santa Barbara,083,443738,32851,32314,1167,33481,428
2021-03-09,Santa Clara,085,1922200,111693,111963,627,112590,1756
2021-03-09,Santa Cruz,087,273765,15540,14764,849,15613,188
2021-03-09,Shasta,089,179085,11070,11113,1324,12437,155
2021-03-09,Sierra,091,2930,50,48,14,62,0
2021-03-09,Siskiyou,093,43540,1525,1447,260,1707,5
2021-03-09,Solano,095,438530,30225,30090,384,30474,169
2021-03-09,Sonoma,097,501317,28526,28601,230,28831,284
2021-03-09,Stanislaus,099,539301,51390,50884,5674,56558,703
2021-03-09,Sutter,101,95872,8963,8914,86,9000,101
2021-03-09,Tehama,103,63373,4632,4620,521,5141,33
2021-03-09,Trinity,105,12862,394,304,62,366,3
2021-03-09,Tulare,107,460477,48243,47637,8770,56407,792
2021-03-09,Tuolumne,109,53932,3929,3929,33,3962,56
2021-03-09,Ventura,111,848112,78561,78526,2919,81445,863
2021-03-09,Yolo,113,214977,13065,13015,237,13252,189
2021-03-09,Yuba,115,75493,5590,5539,90,5629,42
2021-03-08,Alameda,001,1643700,81975,81543,1827,83370,1142
2021-03-08,Alpine,003,1148,83,78,0,78,0
2021-03-08,Amador,005,37829,3506,3490,33,3523,42
2021-03-08,Butte,007,227075,11404,11082,1704,12786,185
2021-03-08,Calaveras,009,45235,1944,1909,12,1921,48
2021-03-08,Colusa,011,21464,1881,1877,278,2155,11
2021-03-08,Contra Costa,013,1133247,64134,63240,1153,64393,719
2021-03-08,Del Norte,015,27424,1039,1012,5,1017,5
2021-03-08,El Dorado,017,186661,9203,9188,632,9820,97
2021-03-08,Fresno,019,978130,97321,96665,8180,104845,1442
2021-03-08,Glenn,021,27897,2266,2249,516,2765,15
2021-03-08,Humboldt,023,135768,3297,3278,21,3299,31
2021-03-08,Imperial,025,180216,27243,27033,2678,29711,663
2021-03-08,Inyo,027,18085,1342,1320,2,1322,35
2021-03-08,Kern,029,883053,93963,92857,10366,103223,1087
2021-03-08,Kings,031,150075,22324,22130,1082,23212,226
2021-03-08,Lake,033,64148,3239,3195,6,3201,42
2021-03-08,Lassen,035,31185,5123,5119,103,5222,1
2021-03-08,Los Angeles,037,10098052,1175430,1163409,41659,1205068,21868
2021-03-08,Madera,039,155013,15815,15691,880,16571,211
2021-03-08,Marin,041,260295,13371,13328,178,13506,214
2021-03-08,Mariposa,043,17540,379,376,5,381,5
2021-03-08,Mendocino,045,87422,3675,3590,70,3660,42
2021-03-08,Merced,047,269075,28972,28841,917,29758,398
2021-03-08,Modoc,049,8938,348,338,118,456,3
2021-03-08,Mono,051,14174,1186,1200,13,1213,3
2021-03-08,Monterey,053,433212,42079,41863,1774,43637,328
2021-03-08,Napa,055,140530,9174,9146,32,9178,75
2021-03-08,Nevada,057,99092,4115,4059,167,4226,66
2021-03-08,Orange,059,3164182,248293,246900,10717,257617,4243
2021-03-08,Placer,061,380077,20868,20102,1190,21292,239
2021-03-08,Plumas,063,18699,645,635,11,646,4
2021-03-08,Riverside,065,2383286,284880,280463,14092,294555,3783
2021-03-08,Sacramento,067,1510023,95879,94654,1348,96002,1438
2021-03-08,San Benito,069,59416,5784,5797,95,5892,61
2021-03-08,San Bernardino,071,2135413,286738,282894,9043,291937,3811
2021-03-08,San Diego,073,3302833,266406,263272,13118,276390,3390
2021-03-08,San Francisco,075,870044,34546,34634,1194,35828,446
2021-03-08,San Joaquin,077,732212,67687,66307,3001,69308,1139
2021-03-08,San Luis Obispo,079,281455,19836,19656,601,20257,245
2021-03-08,San Mateo,081,765935,39989,39492,428,39920,335
2021-03-08,Santa Barbara,083,443738,32819,32293,1167,33460,427
2021-03-08,Santa Clara,085,1922200,111566,111882,625,112507,1756
2021-03-08,Santa Cruz,087,273765,15520,14729,849,15578,188
2021-03-08,Shasta,089,179085,11062,11088,1319,12407,155
2021-03-08,Sierra,091,2930,50,48,14,62,0
2021-03-08,Siskiyou,093,43540,1524,1440,260,1700,5
2021-03-08,Solano,095,438530,30185,30068,382,30450,169
2021-03-08,Sonoma,097,501317,28482,28571,229,28800,284
2021-03-08,Stanislaus,099,539301,51310,50825,5669,56494,690
2021-03-08,Sutter,101,95872,8960,8905,86,8991,100
2021-03-08,Tehama,103,63373,4629,4615,520,5135,33
2021-03-08,Trinity,105,12862,393,302,62,364,3
2021-03-08,Tulare,107,460477,48204,47587,8743,56330,791
2021-03-08,Tuolumne,109,53932,3928,3921,33,3954,56
2021-03-08,Ventura,111,848112,78490,78526,2911,81437,852
2021-03-08,Yolo,113,214977,13042,13000,236,13236,189
2021-03-08,Yuba,115,75493,5580,5530,90,5620,42
2021-03-07,Alameda,001,1643700,81856,81413,1826,83239,1145
2021-03-07,Alpine,003,1148,83,78,0,78,0
2021-03-07,Amador,005,37829,3503,3489,33,3522,42
2021-03-07,Butte,007,227075,11389,11075,1703,12778,185
2021-03-07,Calaveras,009,45235,1943,1906,12,1918,48
2021-03-07,Colusa,011,21464,1880,1876,278,2154,11
2021-03-07,Contra Costa,013,1133247,64037,63148,1150,64298,719
2021-03-07,Del Norte,015,27424,1034,1010,5,1015,5
2021-03-07,El Dorado,017,186661,9201,9184,631,9815,97
2021-03-07,Fresno,019,978130,97147,96549,8155,104704,1442
2021-03-07,Glenn,021,27897,2264,2244,516,2760,15
2021-03-07,Humboldt,023,135768,3287,3274,21,3295,31
2021-03-07,Imperial,025,180216,27234,27019,2676,29695,658
2021-03-07,Inyo,027,18085,1339,1320,2,1322,35
2021-03-07,Kern,029,883053,93877,92746,10335,103081,1086
2021-03-07,Kings,031,150075,22304,22103,1080,23183,224
2021-03-07,Lake,033,64148,3233,3192,6,3198,42
2021-03-07,Lassen,035,31185,5122,5119,103,5222,1
2021-03-07,Los Angeles,037,10098052,1174710,1162749,41619,1204368,21857
2021-03-07,Madera,039,155013,15796,15675,880,16555,211
2021-03-07,Marin,041,260295,13363,13313,176,13489,214
2021-03-07,Mariposa,043,17540,378,376,5,381,5
2021-03-07,Mendocino,045,87422,3672,3581,70,3651,42
2021-03-07,Merced,047,269075,28900,28829,912,29741,399
2021-03-07,Modoc,049,8938,348,338,118,456,3
2021-03-07,Mono,051,14174,1184,1199,13,1212,3
2021-03-07,Monterey,053,433212,42058,41858,1771,43629,328
2021-03-07,Napa,055,140530,9164,9137,32,9169,75
2021-03-07,Nevada,057,99092,4101,4052,166,4218,66
2021-03-07,Orange,059,3164182,248102,246771,10689,257460,4218
2021-03-07,Placer,061,380077,20828,20070,1186,21256,239
2021-03-07,Plumas,063,18699,644,635,11,646,4
2021-03-07,Riverside,065,2383286,284735,280379,14082,294461,3779
2021-03-07,Sacramento,067,1510023,95703,94513,1340,95853,1437
2021-03-07,San Benito,069,59416,5777,5795,95,5890,61
2021-03-07,San Bernardino,071,2135413,286588,282860,9037,291897,3810
2021-03-07,San Diego,073,3302833,266124,262965,13094,276059,3390
2021-03-07,San Francisco,075,870044,34512,34594,1189,35783,445
2021-03-07,San Joaquin,077,732212,67552,66252,2987,69239,1139
2021-03-07,San Luis Obispo,079,281455,19798,19614,599,20213,245
2021-03-07,San Mateo,081,765935,39949,39436,425,39861,329
2021-03-07,Santa Barbara,083,443738,32772,32218,1166,33384,425
2021-03-07,Santa Clara,085,1922200,111420,111745,621,112366,1752
2021-03-07,Santa Cruz,087,273765,15498,14715,848,15563,189
2021-03-07,Shasta,089,179085,11049,11083,1311,12394,156
2021-03-07,Sierra,091,2930,49,48,14,62,0
2021-03-07,Siskiyou,093,43540,1521,1435,256,1691,5
2021-03-07,Solano,095,438530,30148,30027,382,30409,169
2021-03-07,Sonoma,097,501317,28433,28533,227,28760,284
2021-03-07,Stanislaus,099,539301,51178,50783,5651,56434,699
2021-03-07,Sutter,101,95872,8950,8900,86,8986,100
2021-03-07,Tehama,103,63373,4619,4614,517,5131,33
2021-03-07,Trinity,105,12862,393,302,62,364,3
2021-03-07,Tulare,107,460477,48147,47569,8710,56279,790
2021-03-07,Tuolumne,109,53932,3927,3922,33,3955,56
2021-03-07,Ventura,111,848112,78392,78487,2907,81394,851
2021-03-07,Yolo,113,214977,13023,12988,236,13224,189
2021-03-07,Yuba,115,75493,5576,5516,90,5606,42
2021-03-06,Alameda,001,1643700,81802,81310,1825,83135,1143
2021-03-06,Alpine,003,1148,83,78,0,78,0
2021-03-06,Amador,005,37829,3499,3487,33,3520,42
2021-03-06,Butte,007,227075,11386,11065,1702,12767,185
2021-03-06,Calaveras,009,45235,1939,1904,12,1916,48
2021-03-06,Colusa,011,21464,1878,1874,278,2152,11
2021-03-06,Contra Costa,013,1133247,63976,63040,1146,64186,719
2021-03-06,Del Norte,015,27424,1029,1000,5,1005,5
2021-03-06,El Dorado,017,186661,9197,9166,631,9797,97
2021-03-06,Fresno,019,978130,97056,96366,8140,104506,1440
2021-03-06,Glenn,021,27897,2264,2241,516,2757,15
2021-03-06,Humboldt,023,135768,3277,3260,21,3281,31
2021-03-06,Imperial,025,180216,27230,27009,2671,29680,658
2021-03-06,Inyo,027,18085,1336,1312,2,1314,35
2021-03-06,Kern,029,883053,93831,92684,10314,102998,1082
2021-03-06,Kings,031,150075,22287,22094,1080,23174,224
2021-03-06,Lake,033,64148,3231,3189,6,3195,42
2021-03-06,Lassen,035,31185,5122,5119,103,5222,1
2021-03-06,Los Angeles,037,10098052,1174276,1161745,41588,1203333,21843
2021-03-06,Madera,039,155013,15787,15646,878,16524,211
2021-03-06,Marin,041,260295,13354,13289,176,13465,213
2021-03-06,Mariposa,043,17540,378,376,5,381,5
2021-03-06,Mendocino,045,87422,3670,3579,70,3649,42
2021-03-06,Merced,047,269075,28858,28771,912,29683,399
2021-03-06,Modoc,049,8938,347,338,118,456,3
2021-03-06,Mono,051,14174,1183,1198,13,1211,3
2021-03-06,Monterey,053,433212,42053,41838,1768,43606,327
2021-03-06,Napa,055,140530,9156,9129,32,9161,75
2021-03-06,Nevada,057,99092,4095,4044,166,4210,66
2021-03-06,Orange,059,3164182,248011,246634,10675,257309,4165
2021-03-06,Placer,061,380077,20805,20030,1184,21214,239
2021-03-06,Plumas,063,18699,644,634,11,645,4
2021-03-06,Riverside,065,2383286,284644,280225,14073,294298,3781
2021-03-06,Sacramento,067,1510023,95614,94332,1331,95663,1436
2021-03-06,San Benito,069,59416,5772,5793,95,5888,61
2021-03-06,San Bernardino,071,2135413,286504,282737,9035,291772,3791
2021-03-06,San Diego,073,3302833,265937,262778,13077,275855,3385
2021-03-06,San Francisco,075,870044,34482,34560,1184,35744,435
2021-03-06,San Joaquin,077,732212,67478,66162,2976,69138,1138
2021-03-06,San Luis Obispo,079,281455,19779,19592,596,20188,245
2021-03-06,San Mateo,081,765935,39925,39384,425,39809,329
2021-03-06,Santa Barbara,083,443738,32741,32176,1165,33341,424
2021-03-06,Santa Clara,085,1922200,111324,111570,619,112189,1749
2021-03-06,Santa Cruz,087,273765,15487,14701,848,15549,188
2021-03-06,Shasta,089,179085,11040,11076,1309,12385,158
2021-03-06,Sierra,091,2930,49,48,14,62,0
2021-03-06,Siskiyou,093,43540,1519,1432,256,1688,5
2021-03-06,Solano,095,438530,30119,30000,381,30381,169
2021-03-06,Sonoma,097,501317,28410,28484,225,28709,284
2021-03-06,Stanislaus,099,539301,51109,50691,5644,56335,711
2021-03-06,Sutter,101,95872,8944,8887,86,8973,100
2021-03-06,Tehama,103,63373,4619,4610,515,5125,33
2021-03-06,Trinity,105,12862,393,302,62,364,3
2021-03-06,Tulare,107,460477,48116,47515,8680,56195,789
2021-03-06,Tuolumne,109,53932,3925,3920,33,3953,56
2021-03-06,Ventura,111,848112,78337,78439,2906,81345,848
2021-03-06,Yolo,113,214977,13017,12951,236,13187,189
2021-03-06,Yuba,115,75493,5567,5504,90,5594,42
2021-03-05,Alameda,001,1643700,81715,81215,1823,83038,1141
2021-03-05,Alpine,003,1148,83,78,0,78,0
2021-03-05,Amador,005,37829,3498,3484,33,3517,42
2021-03-05,Butte,007,227075,11375,11050,1701,12751,185
2021-03-05,Calaveras,009,45235,1935,1902,12,1914,48
2021-03-05,Colusa,011,21464,1878,1874,278,2152,11
2021-03-05,Contra Costa,013,1133247,63896,62886,1143,64029,711
2021-03-05,Del Norte,015,27424,1025,995,5,1000,5
2021-03-05,El Dorado,017,186661,9192,9150,630,9780,97
2021-03-05,Fresno,019,978130,96949,96184,8119,104303,1432
2021-03-05,Glenn,021,27897,2259,2241,516,2757,15
2021-03-05,Humboldt,023,135768,3270,3234,21,3255,31
2021-03-05,Imperial,025,180216,27220,26970,2662,29632,651
2021-03-05,Inyo,027,18085,1332,1309,2,1311,35
2021-03-05,Kern,029,883053,93792,92601,10300,102901,1076
2021-03-05,Kings,031,150075,22270,22063,1078,23141,224
2021-03-05,Lake,033,64148,3229,3185,6,3191,42
2021-03-05,Lassen,035,31185,5122,5117,101,5218,1
2021-03-05,Los Angeles,037,10098052,1173791,1160688,41554,1202242,21745
2021-03-05,Madera,039,155013,15777,15624,876,16500,211
2021-03-05,Marin,041,260295,13341,13275,175,13450,215
2021-03-05,Mariposa,043,17540,378,375,5,380,4
2021-03-05,Mendocino,045,87422,3667,3577,70,3647,42
2021-03-05,Merced,047,269075,28824,28734,911,29645,399
2021-03-05,Modoc,049,8938,347,337,118,455,3
2021-03-05,Mono,051,14174,1182,1197,13,1210,3
2021-03-05,Monterey,053,433212,42040,41802,1768,43570,325
2021-03-05,Napa,055,140530,9148,9109,32,9141,75
2021-03-05,Nevada,057,99092,4091,4033,166,4199,66
2021-03-05,Orange,059,3164182,247897,246489,10662,257151,4108
2021-03-05,Placer,061,380077,20779,19973,1180,21153,239
2021-03-05,Plumas,063,18699,644,635,11,646,4
2021-03-05,Riverside,065,2383286,284534,280075,14067,294142,3781
2021-03-05,Sacramento,067,1510023,95518,94182,1324,95506,1430
2021-03-05,San Benito,069,59416,5769,5790,95,5885,61
2021-03-05,San Bernardino,071,2135413,286411,282640,9031,291671,3774
2021-03-05,San Diego,073,3302833,265705,262357,13060,275417,3371
2021-03-05,San Francisco,075,870044,34442,34526,1180,35706,430
2021-03-05,San Joaquin,077,732212,67400,66041,2965,69006,1133
2021-03-05,San Luis Obispo,079,281455,19758,19557,594,20151,244
2021-03-05,San Mateo,081,765935,39893,39305,425,39730,326
2021-03-05,Santa Barbara,083,443738,32706,32139,1160,33299,424
2021-03-05,Santa Clara,085,1922200,111228,111384,619,112003,1745
2021-03-05,Santa Cruz,087,273765,15476,14694,848,15542,188
2021-03-05,Shasta,089,179085,11028,11062,1303,12365,148
2021-03-05,Sierra,091,2930,49,48,14,62,0
2021-03-05,Siskiyou,093,43540,1515,1429,255,1684,5
2021-03-05,Solano,095,438530,30102,29951,379,30330,168
2021-03-05,Sonoma,097,501317,28384,28417,225,28642,279
2021-03-05,Stanislaus,099,539301,51058,50606,5634,56240,721
2021-03-05,Sutter,101,95872,8937,8876,86,8962,100
2021-03-05,Tehama,103,63373,4610,4606,515,5121,33
2021-03-05,Trinity,105,12862,393,302,62,364,3
2021-03-05,Tulare,107,460477,48089,47469,8659,56128,789
2021-03-05,Tuolumne,109,53932,3923,3917,33,3950,56
2021-03-05,Ventura,111,848112,78270,78368,2904,81272,839
2021-03-05,Yolo,113,214977,13005,12920,235,13155,188
2021-03-05,Yuba,115,75493,5555,5496,90,5586,42
2021-03-04,Alameda,001,1643700,81603,81115,1823,82938,1136
2021-03-04,Alpine,003,1148,83,78,0,78,0
2021-03-04,Amador,005,37829,3497,3480,33,3513,42
2021-03-04,Butte,007,227075,11368,11033,1700,12733,185
2021-03-04,Calaveras,009,45235,1934,1896,12,1908,48
2021-03-04,Colusa,011,21464,1876,1873,273,2146,11
2021-03-04,Contra Costa,013,1133247,63797,62789,1140,63929,708
2021-03-04,Del Norte,015,27424,1017,989,5,994,5
2021-03-04,El Dorado,017,186661,9177,9133,630,9763,97
2021-03-04,Fresno,019,978130,96788,96023,8101,104124,1422
2021-03-04,Glenn,021,27897,2255,2236,513,2749,15
2021-03-04,Humboldt,023,135768,3257,3212,21,3233,31
2021-03-04,Imperial,025,180216,27209,26946,2658,29604,646
2021-03-04,Inyo,027,18085,1329,1300,2,1302,35
2021-03-04,Kern,029,883053,93705,92525,10280,102805,1070
2021-03-04,Kings,031,150075,22245,22025,1075,23100,224
2021-03-04,Lake,033,64148,3221,3181,6,3187,42
2021-03-04,Lassen,035,31185,5122,5116,101,5217,1
2021-03-04,Los Angeles,037,10098052,1173183,1159405,41504,1200909,21610
2021-03-04,Madera,039,155013,15743,15596,872,16468,208
2021-03-04,Marin,041,260295,13324,13240,172,13412,215
2021-03-04,Mariposa,043,17540,378,376,5,381,4
2021-03-04,Mendocino,045,87422,3664,3569,70,3639,42
2021-03-04,Merced,047,269075,28774,28671,909,29580,396
2021-03-04,Modoc,049,8938,346,336,118,454,3
2021-03-04,Mono,051,14174,1182,1197,13,1210,3
2021-03-04,Monterey,053,433212,42020,41771,1765,43536,325
2021-03-04,Napa,055,140530,9140,9094,32,9126,74
2021-03-04,Nevada,057,99092,4081,4020,166,4186,66
2021-03-04,Orange,059,3164182,247741,246354,10645,256999,4096
2021-03-04,Placer,061,380077,20747,19900,1174,21074,239
2021-03-04,Plumas,063,18699,644,634,11,645,4
2021-03-04,Riverside,065,2383286,284407,279871,14054,293925,3766
2021-03-04,Sacramento,067,1510023,95383,93982,1321,95303,1426
2021-03-04,San Benito,069,59416,5769,5781,95,5876,61
2021-03-04,San Bernardino,071,2135413,286281,282407,9027,291434,3757
2021-03-04,San Diego,073,3302833,265446,261858,13016,274874,3359
2021-03-04,San Francisco,075,870044,34408,34480,1177,35657,426
2021-03-04,San Joaquin,077,732212,67307,65931,2955,68886,1129
2021-03-04,San Luis Obispo,079,281455,19720,19520,592,20112,243
2021-03-04,San Mateo,081,765935,39849,39225,424,39649,322
2021-03-04,Santa Barbara,083,443738,32669,32090,1159,33249,423
2021-03-04,Santa Clara,085,1922200,111095,111194,616,111810,1723
2021-03-04,Santa Cruz,087,273765,15457,14669,848,15517,186
2021-03-04,Shasta,089,179085,11025,11050,1294,12344,150
2021-03-04,Sierra,091,2930,49,48,14,62,0
2021-03-04,Siskiyou,093,43540,1509,1427,255,1682,5
2021-03-04,Solano,095,438530,30075,29905,378,30283,168
2021-03-04,Sonoma,097,501317,28329,28379,224,28603,279
2021-03-04,Stanislaus,099,539301,50969,50521,5626,56147,731
2021-03-04,Sutter,101,95872,8925,8849,86,8935,100
2021-03-04,Tehama,103,63373,4604,4604,515,5119,33
2021-03-04,Trinity,105,12862,393,302,62,364,3
2021-03-04,Tulare,107,460477,48045,47398,8633,56031,784
2021-03-04,Tuolumne,109,53932,3917,3916,33,3949,56
2021-03-04,Ventura,111,848112,78183,78184,2902,81086,831
2021-03-04,Yolo,113,214977,12985,12895,235,13130,189
2021-03-04,Yuba,115,75493,5543,5483,90,5573,41
2021-03-03,Alameda,001,1643700,81483,80972,1821,82793,1127
2021-03-03,Alpine,003,1148,83,77,0,77,0
2021-03-03,Amador,005,37829,3495,3478,32,3510,42
2021-03-03,Butte,007,227075,11361,11014,1699,12713,184
2021-03-03,Calaveras,009,45235,1931,1893,12,1905,48
2021-03-03,Colusa,011,21464,1875,1873,273,2146,11
2021-03-03,Contra Costa,013,1133247,63699,62668,1137,63805,708
2021-03-03,Del Norte,015,27424,1014,988,5,993,5
2021-03-03,El Dorado,017,186661,9167,9121,630,9751,97
2021-03-03,Fresno,019,978130,96644,95893,8083,103976,1415
2021-03-03,Glenn,021,27897,2255,2233,513,2746,15
2021-03-03,Humboldt,023,135768,3246,3196,21,3217,30
2021-03-03,Imperial,025,180216,27192,26939,2653,29592,640
2021-03-03,Inyo,027,18085,1321,1294,2,1296,35
2021-03-03,Kern,029,883053,93630,92434,10262,102696,1063
2021-03-03,Kings,031,150075,22229,22009,1074,23083,223
2021-03-03,Lake,033,64148,3214,3175,6,3181,40
2021-03-03,Lassen,035,31185,5122,5115,101,5216,1
2021-03-03,Los Angeles,037,10098052,1172546,1157911,41461,1199372,21500
2021-03-03,Madera,039,155013,15724,15553,866,16419,203
2021-03-03,Marin,041,260295,13311,13216,172,13388,214
2021-03-03,Mariposa,043,17540,377,376,5,381,4
2021-03-03,Mendocino,045,87422,3656,3564,70,3634,42
2021-03-03,Merced,047,269075,28722,28625,909,29534,393
2021-03-03,Modoc,049,8938,346,333,117,450,3
2021-03-03,Mono,051,14174,1182,1191,13,1204,3
2021-03-03,Monterey,053,433212,41987,41731,1762,43493,325
2021-03-03,Napa,055,140530,9132,9090,32,9122,72
2021-03-03,Nevada,057,99092,4071,4009,166,4175,66
2021-03-03,Orange,059,3164182,247597,246120,10629,256749,4072
2021-03-03,Placer,061,380077,20721,19851,1171,21022,239
2021-03-03,Plumas,063,18699,643,631,11,642,4
2021-03-03,Riverside,065,2383286,284278,279626,14049,293675,3735
2021-03-03,Sacramento,067,1510023,95222,93819,1312,95131,1419
2021-03-03,San Benito,069,59416,5768,5774,95,5869,61
2021-03-03,San Bernardino,071,2135413,286140,282138,9020,291158,3664
2021-03-03,San Diego,073,3302833,265184,261350,12985,274335,3342
2021-03-03,San Francisco,075,870044,34377,34443,1174,35617,426
2021-03-03,San Joaquin,077,732212,67196,65855,2948,68803,1115
2021-03-03,San Luis Obispo,079,281455,19695,19479,588,20067,241
2021-03-03,San Mateo,081,765935,39803,39189,423,39612,319
2021-03-03,Santa Barbara,083,443738,32632,32027,1159,33186,421
2021-03-03,Santa Clara,085,1922200,110940,110991,614,111605,1720
2021-03-03,Santa Cruz,087,273765,15446,14645,848,15493,185
2021-03-03,Shasta,089,179085,11015,11023,1287,12310,150
2021-03-03,Sierra,091,2930,49,48,14,62,0
2021-03-03,Siskiyou,093,43540,1507,1424,255,1679,5
2021-03-03,Solano,095,438530,30039,29866,377,30243,167
2021-03-03,Sonoma,097,501317,28290,28307,223,28530,279
2021-03-03,Stanislaus,099,539301,50892,50438,5618,56056,730
2021-03-03,Sutter,101,95872,8916,8840,86,8926,99
2021-03-03,Tehama,103,63373,4601,4601,515,5116,32
2021-03-03,Trinity,105,12862,393,302,62,364,3
2021-03-03,Tulare,107,460477,47995,47348,8602,55950,778
2021-03-03,Tuolumne,109,53932,3915,3914,32,3946,56
2021-03-03,Ventura,111,848112,78100,78057,2896,80953,822
2021-03-03,Yolo,113,214977,12972,12890,235,13125,189
2021-03-03,Yuba,115,75493,5530,5479,90,5569,41
2021-03-02,Alameda,001,1643700,81365,80904,1819,82723,1116
2021-03-02,Alpine,003,1148,83,77,0,77,0
2021-03-02,Amador,005,37829,3493,3474,32,3506,42
2021-03-02,Butte,007,227075,11351,11007,1697,12704,182
2021-03-02,Calaveras,009,45235,1925,1890,12,1902,48
2021-03-02,Colusa,011,21464,1875,1872,272,2144,11
2021-03-02,Contra Costa,013,1133247,63588,62557,1132,63689,694
2021-03-02,Del Norte,015,27424,1007,983,5,988,5
2021-03-02,El Dorado,017,186661,9159,9116,630,9746,98
2021-03-02,Fresno,019,978130,96500,95785,8055,103840,1410
2021-03-02,Glenn,021,27897,2249,2232,512,2744,15
2021-03-02,Humboldt,023,135768,3227,3184,21,3205,30
2021-03-02,Imperial,025,180216,27182,26926,2651,29577,637
2021-03-02,Inyo,027,18085,1317,1292,2,1294,35
2021-03-02,Kern,029,883053,93525,92313,10233,102546,1046
2021-03-02,Kings,031,150075,22177,21999,1072,23071,217
2021-03-02,Lake,033,64148,3208,3169,6,3175,40
2021-03-02,Lassen,035,31185,5117,5115,100,5215,1
2021-03-02,Los Angeles,037,10098052,1171910,1156826,41414,1198240,21395
2021-03-02,Madera,039,155013,15704,15523,863,16386,194
2021-03-02,Marin,041,260295,13288,13186,171,13357,214
2021-03-02,Mariposa,043,17540,377,376,5,381,4
2021-03-02,Mendocino,045,87422,3653,3562,69,3631,41
2021-03-02,Merced,047,269075,28665,28598,909,29507,389
2021-03-02,Modoc,049,8938,346,332,117,449,3
2021-03-02,Mono,051,14174,1181,1191,13,1204,3
2021-03-02,Monterey,053,433212,41960,41716,1760,43476,325
2021-03-02,Napa,055,140530,9120,9080,32,9112,71
2021-03-02,Nevada,057,99092,4062,3983,164,4147,66
2021-03-02,Orange,059,3164182,247451,246004,10613,256617,4037
2021-03-02,Placer,061,380077,20667,19828,1168,20996,239
2021-03-02,Plumas,063,18699,641,628,11,639,4
2021-03-02,Riverside,065,2383286,284112,279486,14041,293527,3721
2021-03-02,Sacramento,067,1510023,95055,93690,1311,95001,1411
2021-03-02,San Benito,069,59416,5761,5770,95,5865,60
2021-03-02,San Bernardino,071,2135413,286008,281919,9013,290932,3604
2021-03-02,San Diego,073,3302833,264940,260998,12963,273961,3317
2021-03-02,San Francisco,075,870044,34336,34387,1170,35557,424
2021-03-02,San Joaquin,077,732212,67089,65769,2928,68697,1111
2021-03-02,San Luis Obispo,079,281455,19663,19452,587,20039,241
2021-03-02,San Mateo,081,765935,39751,39148,422,39570,317
2021-03-02,Santa Barbara,083,443738,32584,31964,1155,33119,416
2021-03-02,Santa Clara,085,1922200,110762,110832,613,111445,1706
2021-03-02,Santa Cruz,087,273765,15432,14611,846,15457,185
2021-03-02,Shasta,089,179085,11001,11012,1276,12288,149
2021-03-02,Sierra,091,2930,49,48,14,62,0
2021-03-02,Siskiyou,093,43540,1503,1412,253,1665,5
2021-03-02,Solano,095,438530,30006,29827,375,30202,167
2021-03-02,Sonoma,097,501317,28235,28261,223,28484,279
2021-03-02,Stanislaus,099,539301,50805,50359,5604,55963,724
2021-03-02,Sutter,101,95872,8907,8832,86,8918,99
2021-03-02,Tehama,103,63373,4599,4597,515,5112,32
2021-03-02,Trinity,105,12862,393,301,62,363,3
2021-03-02,Tulare,107,460477,47938,47326,8577,55903,783
2021-03-02,Tuolumne,109,53932,3911,3908,32,3940,53
2021-03-02,Ventura,111,848112,78009,77952,2892,80844,780
2021-03-02,Yolo,113,214977,12955,12867,235,13102,189
2021-03-02,Yuba,115,75493,5522,5475,90,5565,41
2021-03-01,Alameda,001,1643700,81239,80805,1817,82622,1105
2021-03-01,Alpine,003,1148,81,77,0,77,0
2021-03-01,Amador,005,37829,3490,3469,32,3501,42
2021-03-01,Butte,007,227075,11335,10981,1692,12673,180
2021-03-01,Calaveras,009,45235,1919,1885,12,1897,46
2021-03-01,Colusa,011,21464,1874,1871,272,2143,11
2021-03-01,Contra Costa,013,1133247,63479,62458,1131,63589,694
2021-03-01,Del Norte,015,27424,1002,982,5,987,5
2021-03-01,El Dorado,017,186661,9135,9085,630,9715,98
2021-03-01,Fresno,019,978130,96362,95677,8033,103710,1405
2021-03-01,Glenn,021,27897,2244,2232,511,2743,15
2021-03-01,Humboldt,023,135768,3208,3179,21,3200,30
2021-03-01,Imperial,025,180216,27172,26913,2643,29556,636
2021-03-01,Inyo,027,18085,1314,1285,2,1287,35
2021-03-01,Kern,029,883053,93437,92219,10206,102425,1041
2021-03-01,Kings,031,150075,22160,21988,1066,23054,217
2021-03-01,Lake,033,64148,3203,3164,6,3170,40
2021-03-01,Lassen,035,31185,5115,5111,100,5211,1
2021-03-01,Los Angeles,037,10098052,1171257,1155984,41370,1197354,21293
2021-03-01,Madera,039,155013,15675,15505,852,16357,194
2021-03-01,Marin,041,260295,13262,13161,170,13331,214
2021-03-01,Mariposa,043,17540,377,375,5,380,4
2021-03-01,Mendocino,045,87422,3646,3561,69,3630,41
2021-03-01,Merced,047,269075,28620,28575,905,29480,385
2021-03-01,Modoc,049,8938,343,331,116,447,3
2021-03-01,Mono,051,14174,1180,1192,13,1205,3
2021-03-01,Monterey,053,433212,41935,41697,1758,43455,324
2021-03-01,Napa,055,140530,9111,9056,32,9088,70
2021-03-01,Nevada,057,99092,4043,3979,164,4143,66
2021-03-01,Orange,059,3164182,247259,245852,10598,256450,3976
2021-03-01,Placer,061,380077,20629,19803,1165,20968,239
2021-03-01,Plumas,063,18699,641,628,11,639,4
2021-03-01,Riverside,065,2383286,283897,279323,14033,293356,3680
2021-03-01,Sacramento,067,1510023,94910,93546,1309,94855,1401
2021-03-01,San Benito,069,59416,5756,5772,95,5867,57
2021-03-01,San Bernardino,071,2135413,285864,281685,9009,290694,3603
2021-03-01,San Diego,073,3302833,264625,260622,12930,273552,3303
2021-03-01,San Francisco,075,870044,34292,34318,1162,35480,424
2021-03-01,San Joaquin,077,732212,66982,65699,2915,68614,1097
2021-03-01,San Luis Obispo,079,281455,19641,19429,585,20014,239
2021-03-01,San Mateo,081,765935,39699,39096,421,39517,314
2021-03-01,Santa Barbara,083,443738,32542,31909,1154,33063,413
2021-03-01,Santa Clara,085,1922200,110604,110684,610,111294,1704
2021-03-01,Santa Cruz,087,273765,15413,14575,845,15420,185
2021-03-01,Shasta,089,179085,10989,10990,1273,12263,149
2021-03-01,Sierra,091,2930,49,48,14,62,0
2021-03-01,Siskiyou,093,43540,1499,1408,251,1659,5
2021-03-01,Solano,095,438530,29963,29779,374,30153,166
2021-03-01,Sonoma,097,501317,28187,28222,221,28443,278
2021-03-01,Stanislaus,099,539301,50730,50293,5598,55891,722
2021-03-01,Sutter,101,95872,8895,8825,86,8911,99
2021-03-01,Tehama,103,63373,4595,4595,515,5110,32
2021-03-01,Trinity,105,12862,393,298,61,359,3
2021-03-01,Tulare,107,460477,47901,47275,8542,55817,781
2021-03-01,Tuolumne,109,53932,3908,3907,32,3939,53
2021-03-01,Ventura,111,848112,77927,77849,2891,80740,775
2021-03-01,Yolo,113,214977,12938,12854,233,13087,188
2021-03-01,Yuba,115,75493,5510,5466,90,5556,41
2021-02-28,Alameda,001,1643700,81116,80727,1815,82542,1105
2021-02-28,Alpine,003,1148,81,77,0,77,0
2021-02-28,Amador,005,37829,3485,3466,31,3497,42
2021-02-28,Butte,007,227075,11320,10970,1692,12662,180
2021-02-28,Calaveras,009,45235,1914,1881,12,1893,46
2021-02-28,Colusa,011,21464,1874,1871,271,2142,11
2021-02-28,Contra Costa,013,1133247,63352,62386,1126,63512,694
2021-02-28,Del Norte,015,27424,1000,981,5,986,5
2021-02-28,El Dorado,017,186661,9124,9082,630,9712,98
2021-02-28,Fresno,019,978130,96183,95548,7999,103547,1405
2021-02-28,Glenn,021,27897,2242,2230,509,2739,15
2021-02-28,Humboldt,023,135768,3185,3179,21,3200,30
2021-02-28,Imperial,025,180216,27146,26909,2636,29545,636
2021-02-28,Inyo,027,18085,1309,1282,2,1284,35
2021-02-28,Kern,029,883053,93323,92169,10184,102353,1012
2021-02-28,Kings,031,150075,22139,21967,1065,23032,217
2021-02-28,Lake,033,64148,3198,3164,6,3170,40
2021-02-28,Lassen,035,31185,5114,5106,100,5206,1
2021-02-28,Los Angeles,037,10098052,1170477,1155141,41306,1196447,21261
2021-02-28,Madera,039,155013,15633,15496,849,16345,199
2021-02-28,Marin,041,260295,13239,13152,168,13320,214
2021-02-28,Mariposa,043,17540,377,374,5,379,4
2021-02-28,Mendocino,045,87422,3640,3558,69,3627,41
2021-02-28,Merced,047,269075,28557,28546,904,29450,384
2021-02-28,Modoc,049,8938,343,331,116,447,3
2021-02-28,Mono,051,14174,1177,1192,13,1205,3
2021-02-28,Monterey,053,433212,41903,41683,1757,43440,323
2021-02-28,Napa,055,140530,9092,9053,32,9085,70
2021-02-28,Nevada,057,99092,4030,3972,164,4136,66
2021-02-28,Orange,059,3164182,247060,245706,10590,256296,3970
2021-02-28,Placer,061,380077,20582,19775,1163,20938,239
2021-02-28,Plumas,063,18699,641,628,11,639,4
2021-02-28,Riverside,065,2383286,283677,279214,14022,293236,3661
2021-02-28,Sacramento,067,1510023,94726,93463,1304,94767,1398
2021-02-28,San Benito,069,59416,5745,5772,95,5867,57
2021-02-28,San Bernardino,071,2135413,285728,281620,8996,290616,3595
2021-02-28,San Diego,073,3302833,264329,260353,12896,273249,3303
2021-02-28,San Francisco,075,870044,34251,34291,1155,35446,417
2021-02-28,San Joaquin,077,732212,66874,65662,2906,68568,1097
2021-02-28,San Luis Obispo,079,281455,19606,19422,582,20004,237
2021-02-28,San Mateo,081,765935,39646,39059,420,39479,314
2021-02-28,Santa Barbara,083,443738,32490,31877,1154,33031,413
2021-02-28,Santa Clara,085,1922200,110406,110556,607,111163,1704
2021-02-28,Santa Cruz,087,273765,15384,14571,842,15413,185
2021-02-28,Shasta,089,179085,10968,10990,1269,12259,149
2021-02-28,Sierra,091,2930,49,48,14,62,0
2021-02-28,Siskiyou,093,43540,1491,1408,250,1658,5
2021-02-28,Solano,095,438530,29907,29758,369,30127,166
2021-02-28,Sonoma,097,501317,28124,28193,220,28413,279
2021-02-28,Stanislaus,099,539301,50640,50228,5584,55812,728
2021-02-28,Sutter,101,95872,8880,8825,86,8911,99
2021-02-28,Tehama,103,63373,4588,4590,515,5105,32
2021-02-28,Trinity,105,12862,393,298,61,359,3
2021-02-28,Tulare,107,460477,47839,47258,8511,55769,780
2021-02-28,Tuolumne,109,53932,3903,3905,32,3937,53
2021-02-28,Ventura,111,848112,77816,77749,2888,80637,775
2021-02-28,Yolo,113,214977,12916,12851,233,13084,188
2021-02-28,Yuba,115,75493,5500,5461,90,5551,41
2021-02-27,Alameda,001,1643700,81042,80565,1813,82378,1108
2021-02-27,Alpine,003,1148,81,77,0,77,0
2021-02-27,Amador,005,37829,3483,3463,31,3494,42
2021-02-27,Butte,007,227075,11308,10962,1692,12654,180
2021-02-27,Calaveras,009,45235,1911,1875,12,1887,46
2021-02-27,Colusa,011,21464,1873,1869,271,2140,11
2021-02-27,Contra Costa,013,1133247,63281,62248,1123,63371,693
2021-02-27,Del Norte,015,27424,998,978,5,983,5
2021-02-27,El Dorado,017,186661,9120,9072,630,9702,98
2021-02-27,Fresno,019,978130,96110,95393,7985,103378,1400
2021-02-27,Glenn,021,27897,2242,2225,508,2733,15
2021-02-27,Humboldt,023,135768,3179,3167,21,3188,30
2021-02-27,Imperial,025,180216,27138,26903,2635,29538,633
2021-02-27,Inyo,027,18085,1306,1275,2,1277,35
2021-02-27,Kern,029,883053,93262,92053,10169,102222,996
2021-02-27,Kings,031,150075,22129,21955,1062,23017,216
2021-02-27,Lake,033,64148,3195,3156,6,3162,40
2021-02-27,Lassen,035,31185,5114,5106,100,5206,1
2021-02-27,Los Angeles,037,10098052,1169986,1154275,41276,1195551,21158
2021-02-27,Madera,039,155013,15616,15467,848,16315,199
2021-02-27,Marin,041,260295,13215,13134,168,13302,214
2021-02-27,Mariposa,043,17540,377,374,5,379,4
2021-02-27,Mendocino,045,87422,3637,3555,69,3624,41
2021-02-27,Merced,047,269075,28516,28501,895,29396,384
2021-02-27,Modoc,049,8938,343,331,115,446,3
2021-02-27,Mono,051,14174,1175,1191,13,1204,3
2021-02-27,Monterey,053,433212,41894,41665,1757,43422,322
2021-02-27,Napa,055,140530,9081,9038,32,9070,71
2021-02-27,Nevada,057,99092,4024,3960,164,4124,66
2021-02-27,Orange,059,3164182,246934,245542,10578,256120,3960
2021-02-27,Placer,061,380077,20546,19726,1160,20886,239
2021-02-27,Plumas,063,18699,641,628,11,639,4
2021-02-27,Riverside,065,2383286,283568,279048,14012,293060,3663
2021-02-27,Sacramento,067,1510023,94644,93281,1293,94574,1396
2021-02-27,San Benito,069,59416,5744,5767,94,5861,57
2021-02-27,San Bernardino,071,2135413,285649,281471,8989,290460,3527
2021-02-27,San Diego,073,3302833,264140,260091,12858,272949,3284
2021-02-27,San Francisco,075,870044,34218,34260,1152,35412,413
2021-02-27,San Joaquin,077,732212,66828,65578,2904,68482,1100
2021-02-27,San Luis Obispo,079,281455,19585,19411,581,19992,237
2021-02-27,San Mateo,081,765935,39605,38998,419,39417,313
2021-02-27,Santa Barbara,083,443738,32456,31805,1153,32958,411
2021-02-27,Santa Clara,085,1922200,110259,110361,605,110966,1703
2021-02-27,Santa Cruz,087,273765,15375,14552,841,15393,185
2021-02-27,Shasta,089,179085,10962,10985,1265,12250,149
2021-02-27,Sierra,091,2930,49,48,14,62,0
2021-02-27,Siskiyou,093,43540,1489,1407,249,1656,5
2021-02-27,Solano,095,438530,29879,29718,368,30086,165
2021-02-27,Sonoma,097,501317,28080,28141,214,28355,281
2021-02-27,Stanislaus,099,539301,50585,50147,5574,55721,733
2021-02-27,Sutter,101,95872,8875,8820,86,8906,99
2021-02-27,Tehama,103,63373,4585,4584,515,5099,32
2021-02-27,Trinity,105,12862,393,298,61,359,3
2021-02-27,Tulare,107,460477,47803,47209,8484,55693,770
2021-02-27,Tuolumne,109,53932,3900,3899,32,3931,53
2021-02-27,Ventura,111,848112,77744,77623,2885,80508,771
2021-02-27,Yolo,113,214977,12904,12834,233,13067,188
2021-02-27,Yuba,115,75493,5497,5450,90,5540,39
2021-02-26,Alameda,001,1643700,80946,80387,1808,82195,1106
2021-02-26,Alpine,003,1148,81,77,0,77,0
2021-02-26,Amador,005,37829,3477,3457,31,3488,42
2021-02-26,Butte,007,227075,11298,10941,1691,12632,180
2021-02-26,Calaveras,009,45235,1910,1873,12,1885,46
2021-02-26,Colusa,011,21464,1873,1865,271,2136,11
2021-02-26,Contra Costa,013,1133247,63199,62114,1123,63237,685
2021-02-26,Del Norte,015,27424,994,968,5,973,5
2021-02-26,El Dorado,017,186661,9115,9038,628,9666,98
2021-02-26,Fresno,019,978130,96007,95202,7977,103179,1391
2021-02-26,Glenn,021,27897,2239,2220,508,2728,15
2021-02-26,Humboldt,023,135768,3173,3152,21,3173,30
2021-02-26,Imperial,025,180216,27130,26888,2633,29521,631
2021-02-26,Inyo,027,18085,1304,1271,2,1273,34
2021-02-26,Kern,029,883053,93183,91884,10153,102037,997
2021-02-26,Kings,031,150075,22113,21917,1059,22976,216
2021-02-26,Lake,033,64148,3190,3153,6,3159,40
2021-02-26,Lassen,035,31185,5114,5102,100,5202,1
2021-02-26,Los Angeles,037,10098052,1169418,1153131,41213,1194344,21070
2021-02-26,Madera,039,155013,15600,15436,846,16282,199
2021-02-26,Marin,041,260295,13201,13091,168,13259,214
2021-02-26,Mariposa,043,17540,377,375,5,380,4
2021-02-26,Mendocino,045,87422,3632,3549,69,3618,41
2021-02-26,Merced,047,269075,28483,28455,894,29349,382
2021-02-26,Modoc,049,8938,342,330,115,445,3
2021-02-26,Mono,051,14174,1173,1191,13,1204,3
2021-02-26,Monterey,053,433212,41868,41607,1757,43364,322
2021-02-26,Napa,055,140530,9075,9014,32,9046,70
2021-02-26,Nevada,057,99092,4013,3952,164,4116,66
2021-02-26,Orange,059,3164182,246794,245278,10568,255846,3918
2021-02-26,Placer,061,380077,20520,19712,1154,20866,239
2021-02-26,Plumas,063,18699,641,628,11,639,4
2021-02-26,Riverside,065,2383286,283424,278772,14006,292778,3653
2021-02-26,Sacramento,067,1510023,94521,93180,1290,94470,1390
2021-02-26,San Benito,069,59416,5743,5759,94,5853,57
2021-02-26,San Bernardino,071,2135413,285550,281132,8987,290119,3461
2021-02-26,San Diego,073,3302833,263913,259641,12837,272478,3271
2021-02-26,San Francisco,075,870044,34188,34213,1147,35360,413
2021-02-26,San Joaquin,077,732212,66747,65492,2898,68390,1070
2021-02-26,San Luis Obispo,079,281455,19569,19359,579,19938,234
2021-02-26,San Mateo,081,765935,39559,38922,419,39341,313
2021-02-26,Santa Barbara,083,443738,32413,31724,1152,32876,410
2021-02-26,Santa Clara,085,1922200,110129,110168,603,110771,1700
2021-02-26,Santa Cruz,087,273765,15363,14528,840,15368,185
2021-02-26,Shasta,089,179085,10956,10972,1255,12227,149
2021-02-26,Sierra,091,2930,49,47,14,61,0
2021-02-26,Siskiyou,093,43540,1489,1401,249,1650,5
2021-02-26,Solano,095,438530,29845,29651,367,30018,165
2021-02-26,Sonoma,097,501317,28051,28063,213,28276,280
2021-02-26,Stanislaus,099,539301,50529,50054,5566,55620,737
2021-02-26,Sutter,101,95872,8866,8806,86,8892,99
2021-02-26,Tehama,103,63373,4583,4581,515,5096,32
2021-02-26,Trinity,105,12862,392,298,61,359,3
2021-02-26,Tulare,107,460477,47768,47135,8454,55589,770
2021-02-26,Tuolumne,109,53932,3899,3896,32,3928,53
2021-02-26,Ventura,111,848112,77644,77534,2883,80417,765
2021-02-26,Yolo,113,214977,12897,12816,233,13049,188
2021-02-26,Yuba,115,75493,5492,5438,90,5528,39
2021-02-25,Alameda,001,1643700,80825,80181,1807,81988,1093
2021-02-25,Alpine,003,1148,81,77,0,77,0
2021-02-25,Amador,005,37829,3474,3448,31,3479,41
2021-02-25,Butte,007,227075,11277,10922,1686,12608,178
2021-02-25,Calaveras,009,45235,1902,1868,12,1880,46
2021-02-25,Colusa,011,21464,1870,1863,270,2133,11
2021-02-25,Contra Costa,013,1133247,63097,61910,1123,63033,686
2021-02-25,Del Norte,015,27424,984,966,5,971,5
2021-02-25,El Dorado,017,186661,9099,9012,628,9640,98
2021-02-25,Fresno,019,978130,95863,95015,7955,102970,1377
2021-02-25,Glenn,021,27897,2236,2219,507,2726,15
2021-02-25,Humboldt,023,135768,3166,3129,21,3150,30
2021-02-25,Imperial,025,180216,27124,26855,2629,29484,628
2021-02-25,Inyo,027,18085,1298,1264,2,1266,33
2021-02-25,Kern,029,883053,93068,91735,10127,101862,992
2021-02-25,Kings,031,150075,22104,21900,1056,22956,216
2021-02-25,Lake,033,64148,3181,3141,6,3147,40
2021-02-25,Lassen,035,31185,5113,5097,99,5196,1
2021-02-25,Los Angeles,037,10098052,1168681,1151846,41153,1192999,20931
2021-02-25,Madera,039,155013,15565,15414,842,16256,194
2021-02-25,Marin,041,260295,13177,13067,168,13235,214
2021-02-25,Mariposa,043,17540,377,375,5,380,4
2021-02-25,Mendocino,045,87422,3627,3542,69,3611,41
2021-02-25,Merced,047,269075,28433,28383,893,29276,382
2021-02-25,Modoc,049,8938,342,329,115,444,3
2021-02-25,Mono,051,14174,1172,1190,13,1203,3
2021-02-25,Monterey,053,433212,41843,41564,1752,43316,321
2021-02-25,Napa,055,140530,9049,8998,32,9030,70
2021-02-25,Nevada,057,99092,3996,3940,163,4103,66
2021-02-25,Orange,059,3164182,246620,245000,10558,255558,3882
2021-02-25,Placer,061,380077,20479,19661,1152,20813,239
2021-02-25,Plumas,063,18699,641,626,11,637,4
2021-02-25,Riverside,065,2383286,283239,278544,13982,292526,3646
2021-02-25,Sacramento,067,1510023,94364,92961,1277,94238,1386
2021-02-25,San Benito,069,59416,5738,5752,94,5846,58
2021-02-25,San Bernardino,071,2135413,285418,280946,8977,289923,3409
2021-02-25,San Diego,073,3302833,263619,258979,12807,271786,3260
2021-02-25,San Francisco,075,870044,34146,34138,1144,35282,408
2021-02-25,San Joaquin,077,732212,66663,65389,2886,68275,1047
2021-02-25,San Luis Obispo,079,281455,19548,19335,577,19912,234
2021-02-25,San Mateo,081,765935,39513,38872,419,39291,300
2021-02-25,Santa Barbara,083,443738,32337,31631,1151,32782,408
2021-02-25,Santa Clara,085,1922200,109965,109923,602,110525,1677
2021-02-25,Santa Cruz,087,273765,15345,14492,838,15330,185
2021-02-25,Shasta,089,179085,10944,10947,1250,12197,148
2021-02-25,Sierra,091,2930,49,47,14,61,0
2021-02-25,Siskiyou,093,43540,1485,1390,246,1636,4
2021-02-25,Solano,095,438530,29813,29616,367,29983,161
2021-02-25,Sonoma,097,501317,27997,28004,210,28214,278
2021-02-25,Stanislaus,099,539301,50440,49964,5555,55519,738
2021-02-25,Sutter,101,95872,8852,8789,85,8874,99
2021-02-25,Tehama,103,63373,4579,4578,513,5091,32
2021-02-25,Trinity,105,12862,392,297,61,358,3
2021-02-25,Tulare,107,460477,47720,47052,8426,55478,765
2021-02-25,Tuolumne,109,53932,3896,3894,32,3926,53
2021-02-25,Ventura,111,848112,77539,77395,2877,80272,751
2021-02-25,Yolo,113,214977,12880,12787,233,13020,188
2021-02-25,Yuba,115,75493,5484,5429,90,5519,39
2021-02-24,Alameda,001,1643700,80703,80070,1803,81873,1082
2021-02-24,Alpine,003,1148,80,77,0,77,0
2021-02-24,Amador,005,37829,3469,3444,31,3475,41
2021-02-24,Butte,007,227075,11265,10915,1682,12597,178
2021-02-24,Calaveras,009,45235,1900,1864,12,1876,31
2021-02-24,Colusa,011,21464,1868,1863,270,2133,11
2021-02-24,Contra Costa,013,1133247,62989,61776,1123,62899,663
2021-02-24,Del Norte,015,27424,983,960,4,964,5
2021-02-24,El Dorado,017,186661,9087,8993,628,9621,98
2021-02-24,Fresno,019,978130,95717,94794,7938,102732,1369
2021-02-24,Glenn,021,27897,2234,2210,507,2717,14
2021-02-24,Humboldt,023,135768,3154,3123,21,3144,29
2021-02-24,Imperial,025,180216,27109,26843,2625,29468,596
2021-02-24,Inyo,027,18085,1293,1253,2,1255,32
2021-02-24,Kern,029,883053,92935,91525,10111,101636,992
2021-02-24,Kings,031,150075,22081,21871,1052,22923,216
2021-02-24,Lake,033,64148,3174,3134,6,3140,40
2021-02-24,Lassen,035,31185,5109,5095,98,5193,1
2021-02-24,Los Angeles,037,10098052,1167927,1150322,41103,1191425,20817
2021-02-24,Madera,039,155013,15538,15390,842,16232,194
2021-02-24,Marin,041,260295,13154,13044,167,13211,214
2021-02-24,Mariposa,043,17540,377,374,5,379,4
2021-02-24,Mendocino,045,87422,3620,3540,69,3609,41
2021-02-24,Merced,047,269075,28394,28295,890,29185,383
2021-02-24,Modoc,049,8938,341,329,115,444,3
2021-02-24,Mono,051,14174,1170,1189,13,1202,3
2021-02-24,Monterey,053,433212,41817,41495,1750,43245,320
2021-02-24,Napa,055,140530,9032,8976,31,9007,70
2021-02-24,Nevada,057,99092,3986,3927,163,4090,66
2021-02-24,Orange,059,3164182,246403,244743,10544,255287,3835
2021-02-24,Placer,061,380077,20441,19648,1146,20794,239
2021-02-24,Plumas,063,18699,639,626,11,637,4
2021-02-24,Riverside,065,2383286,283018,278293,13972,292265,3603
2021-02-24,Sacramento,067,1510023,94210,92742,1272,94014,1375
2021-02-24,San Benito,069,59416,5737,5743,94,5837,57
2021-02-24,San Bernardino,071,2135413,285268,280583,8973,289556,3360
2021-02-24,San Diego,073,3302833,263326,258460,12791,271251,3230
2021-02-24,San Francisco,075,870044,34101,34061,1140,35201,406
2021-02-24,San Joaquin,077,732212,66553,65274,2883,68157,1019
2021-02-24,San Luis Obispo,079,281455,19525,19309,575,19884,233
2021-02-24,San Mateo,081,765935,39476,38763,418,39181,300
2021-02-24,Santa Barbara,083,443738,32286,31563,1148,32711,405
2021-02-24,Santa Clara,085,1922200,109814,109671,601,110272,1674
2021-02-24,Santa Cruz,087,273765,15324,14458,838,15296,185
2021-02-24,Shasta,089,179085,10929,10922,1247,12169,148
2021-02-24,Sierra,091,2930,49,47,14,61,0
2021-02-24,Siskiyou,093,43540,1478,1385,242,1627,4
2021-02-24,Solano,095,438530,29774,29577,364,29941,158
2021-02-24,Sonoma,097,501317,27933,27954,206,28160,278
2021-02-24,Stanislaus,099,539301,50371,49851,5546,55397,732
2021-02-24,Sutter,101,95872,8842,8778,85,8863,99
2021-02-24,Tehama,103,63373,4575,4566,513,5079,31
2021-02-24,Trinity,105,12862,392,294,60,354,3
2021-02-24,Tulare,107,460477,47666,46976,8396,55372,759
2021-02-24,Tuolumne,109,53932,3893,3887,32,3919,53
2021-02-24,Ventura,111,848112,77432,77238,2875,80113,718
2021-02-24,Yolo,113,214977,12867,12760,229,12989,188
2021-02-24,Yuba,115,75493,5473,5425,88,5513,39
2021-02-23,Alameda,001,1643700,80564,79948,1800,81748,1070
2021-02-23,Alpine,003,1148,79,77,0,77,0
2021-02-23,Amador,005,37829,3467,3440,31,3471,41
2021-02-23,Butte,007,227075,11250,10887,1678,12565,176
2021-02-23,Calaveras,009,45235,1899,1863,12,1875,21
2021-02-23,Colusa,011,21464,1865,1862,270,2132,11
2021-02-23,Contra Costa,013,1133247,62855,61613,1121,62734,661
2021-02-23,Del Norte,015,27424,981,953,4,957,3
2021-02-23,El Dorado,017,186661,9074,8969,628,9597,96
2021-02-23,Fresno,019,978130,95556,94741,7924,102665,1356
2021-02-23,Glenn,021,27897,2232,2209,507,2716,14
2021-02-23,Humboldt,023,135768,3137,3108,21,3129,29
2021-02-23,Imperial,025,180216,27089,26816,2620,29436,591
2021-02-23,Inyo,027,18085,1289,1250,2,1252,32
2021-02-23,Kern,029,883053,92798,91390,10082,101472,982
2021-02-23,Kings,031,150075,22066,21839,1048,22887,216
2021-02-23,Lake,033,64148,3166,3121,6,3127,40
2021-02-23,Lassen,035,31185,5106,5092,98,5190,1
2021-02-23,Los Angeles,037,10098052,1167064,1148965,41046,1190011,19887
2021-02-23,Madera,039,155013,15524,15352,836,16188,193
2021-02-23,Marin,041,260295,13134,13015,166,13181,214
2021-02-23,Mariposa,043,17540,377,374,5,379,4
2021-02-23,Mendocino,045,87422,3618,3540,68,3608,41
2021-02-23,Merced,047,269075,28306,28209,889,29098,381
2021-02-23,Modoc,049,8938,340,328,114,442,3
2021-02-23,Mono,051,14174,1170,1189,13,1202,3
2021-02-23,Monterey,053,433212,41776,41439,1744,43183,317
2021-02-23,Napa,055,140530,9020,8967,31,8998,70
2021-02-23,Nevada,057,99092,3978,3912,163,4075,66
2021-02-23,Orange,059,3164182,246207,244566,10524,255090,3843
2021-02-23,Placer,061,380077,20415,19608,1142,20750,238
2021-02-23,Plumas,063,18699,638,626,11,637,4
2021-02-23,Riverside,065,2383286,282786,278075,13959,292034,3599
2021-02-23,Sacramento,067,1510023,94053,92632,1266,93898,1370
2021-02-23,San Benito,069,59416,5731,5731,93,5824,57
2021-02-23,San Bernardino,071,2135413,285080,280279,8966,289245,3283
2021-02-23,San Diego,073,3302833,262951,257802,12761,270563,3218
2021-02-23,San Francisco,075,870044,34052,33994,1139,35133,405
2021-02-23,San Joaquin,077,732212,66455,65141,2875,68016,1004
2021-02-23,San Luis Obispo,079,281455,19496,19233,574,19807,230
2021-02-23,San Mateo,081,765935,39415,38662,418,39080,299
2021-02-23,Santa Barbara,083,443738,32233,31483,1146,32629,402
2021-02-23,Santa Clara,085,1922200,109618,109449,597,110046,1661
2021-02-23,Santa Cruz,087,273765,15297,14435,834,15269,178
2021-02-23,Shasta,089,179085,10917,10903,1243,12146,146
2021-02-23,Sierra,091,2930,49,47,14,61,0
2021-02-23,Siskiyou,093,43540,1473,1380,240,1620,4
2021-02-23,Solano,095,438530,29734,29545,361,29906,154
2021-02-23,Sonoma,097,501317,27890,27882,203,28085,278
2021-02-23,Stanislaus,099,539301,50295,49749,5528,55277,722
2021-02-23,Sutter,101,95872,8829,8766,85,8851,98
2021-02-23,Tehama,103,63373,4571,4556,512,5068,30
2021-02-23,Trinity,105,12862,392,292,59,351,3
2021-02-23,Tulare,107,460477,47587,46937,8360,55297,757
2021-02-23,Tuolumne,109,53932,3889,3864,32,3896,53
2021-02-23,Ventura,111,848112,77316,77093,2866,79959,689
2021-02-23,Yolo,113,214977,12838,12729,229,12958,188
2021-02-23,Yuba,115,75493,5460,5417,87,5504,38
2021-02-22,Alameda,001,1643700,80413,79796,1797,81593,1062
2021-02-22,Alpine,003,1148,79,77,0,77,0
2021-02-22,Amador,005,37829,3462,3438,31,3469,39
2021-02-22,Butte,007,227075,11238,10855,1672,12527,176
2021-02-22,Calaveras,009,45235,1897,1862,12,1874,21
2021-02-22,Colusa,011,21464,1865,1860,270,2130,11
2021-02-22,Contra Costa,013,1133247,62720,61478,1119,62597,661
2021-02-22,Del Norte,015,27424,980,948,4,952,3
2021-02-22,El Dorado,017,186661,9057,8940,628,9568,96
2021-02-22,Fresno,019,978130,95395,94584,7907,102491,1351
2021-02-22,Glenn,021,27897,2226,2207,505,2712,14
2021-02-22,Humboldt,023,135768,3125,3095,21,3116,29
2021-02-22,Imperial,025,180216,27066,26778,2612,29390,590
2021-02-22,Inyo,027,18085,1284,1248,2,1250,32
2021-02-22,Kern,029,883053,92681,91201,10060,101261,982
2021-02-22,Kings,031,150075,22045,21801,1045,22846,214
2021-02-22,Lake,033,64148,3160,3107,6,3113,40
2021-02-22,Lassen,035,31185,5106,5088,97,5185,1
2021-02-22,Los Angeles,037,10098052,1166194,1147541,40988,1188529,19730
2021-02-22,Madera,039,155013,15499,15325,832,16157,193
2021-02-22,Marin,041,260295,13110,12991,163,13154,213
2021-02-22,Mariposa,043,17540,376,374,5,379,4
2021-02-22,Mendocino,045,87422,3612,3535,68,3603,41
2021-02-22,Merced,047,269075,28238,28166,887,29053,379
2021-02-22,Modoc,049,8938,340,329,114,443,3
2021-02-22,Mono,051,14174,1166,1189,13,1202,3
2021-02-22,Monterey,053,433212,41725,41397,1737,43134,311
2021-02-22,Napa,055,140530,8993,8950,31,8981,69
2021-02-22,Nevada,057,99092,3969,3900,161,4061,66
2021-02-22,Orange,059,3164182,245971,244118,10506,254624,3843
2021-02-22,Placer,061,380077,20379,19587,1134,20721,238
2021-02-22,Plumas,063,18699,638,625,11,636,4
2021-02-22,Riverside,065,2383286,282526,277730,13950,291680,3567
2021-02-22,Sacramento,067,1510023,93886,92476,1256,93732,1359
2021-02-22,San Benito,069,59416,5729,5723,93,5816,57
2021-02-22,San Bernardino,071,2135413,284899,279984,8953,288937,3259
2021-02-22,San Diego,073,3302833,262542,257348,12727,270075,3189
2021-02-22,San Francisco,075,870044,33993,33947,1133,35080,405
2021-02-22,San Joaquin,077,732212,66354,65060,2862,67922,1001
2021-02-22,San Luis Obispo,079,281455,19459,19198,572,19770,229
2021-02-22,San Mateo,081,765935,39358,38542,415,38957,282
2021-02-22,Santa Barbara,083,443738,32168,31421,1143,32564,399
2021-02-22,Santa Clara,085,1922200,109407,109213,585,109798,1655
2021-02-22,Santa Cruz,087,273765,15271,14417,834,15251,176
2021-02-22,Shasta,089,179085,10902,10872,1238,12110,145
2021-02-22,Sierra,091,2930,49,47,14,61,0
2021-02-22,Siskiyou,093,43540,1467,1373,239,1612,4
2021-02-22,Solano,095,438530,29695,29508,360,29868,150
2021-02-22,Sonoma,097,501317,27845,27845,202,28047,278
2021-02-22,Stanislaus,099,539301,50192,49630,5507,55137,722
2021-02-22,Sutter,101,95872,8821,8698,85,8783,98
2021-02-22,Tehama,103,63373,4562,4550,512,5062,30
2021-02-22,Trinity,105,12862,392,287,58,345,3
2021-02-22,Tulare,107,460477,47526,46879,8327,55206,751
2021-02-22,Tuolumne,109,53932,3885,3856,32,3888,53
2021-02-22,Ventura,111,848112,77188,76947,2861,79808,677
2021-02-22,Yolo,113,214977,12812,12689,228,12917,183
2021-02-22,Yuba,115,75493,5457,5404,86,5490,38
2021-02-21,Alameda,001,1643700,80215,79649,1792,81441,1061
2021-02-21,Alpine,003,1148,79,77,0,77,0
2021-02-21,Amador,005,37829,3454,3435,31,3466,39
2021-02-21,Butte,007,227075,11215,10855,1670,12525,176
2021-02-21,Calaveras,009,45235,1896,1860,12,1872,21
2021-02-21,Colusa,011,21464,1864,1860,266,2126,11
2021-02-21,Contra Costa,013,1133247,62555,61364,1116,62480,661
2021-02-21,Del Norte,015,27424,974,942,4,946,3
2021-02-21,El Dorado,017,186661,9039,8927,627,9554,96
2021-02-21,Fresno,019,978130,95255,94374,7888,102262,1349
2021-02-21,Glenn,021,27897,2224,2201,503,2704,14
2021-02-21,Humboldt,023,135768,3113,3096,21,3117,29
2021-02-21,Imperial,025,180216,27047,26779,2608,29387,590
2021-02-21,Inyo,027,18085,1278,1232,2,1234,32
2021-02-21,Kern,029,883053,92556,91141,10021,101162,980
2021-02-21,Kings,031,150075,22011,21784,1042,22826,213
2021-02-21,Lake,033,64148,3152,3100,6,3106,40
2021-02-21,Lassen,035,31185,5098,5077,97,5174,1
2021-02-21,Los Angeles,037,10098052,1165169,1146756,40935,1187691,19711
2021-02-21,Madera,039,155013,15466,15298,829,16127,192
2021-02-21,Marin,041,260295,13080,12968,163,13131,212
2021-02-21,Mariposa,043,17540,376,373,5,378,4
2021-02-21,Mendocino,045,87422,3607,3535,68,3603,41
2021-02-21,Merced,047,269075,28148,28106,875,28981,379
2021-02-21,Modoc,049,8938,337,329,114,443,3
2021-02-21,Mono,051,14174,1166,1189,13,1202,3
2021-02-21,Monterey,053,433212,41670,41373,1726,43099,309
2021-02-21,Napa,055,140530,8978,8929,31,8960,69
2021-02-21,Nevada,057,99092,3956,3895,161,4056,66
2021-02-21,Orange,059,3164182,245674,243985,10486,254471,3801
2021-02-21,Placer,061,380077,20343,19553,1130,20683,238
2021-02-21,Plumas,063,18699,638,625,11,636,4
2021-02-21,Riverside,065,2383286,282295,277555,13937,291492,3564
2021-02-21,Sacramento,067,1510023,93676,92288,1242,93530,1354
2021-02-21,San Benito,069,59416,5719,5716,90,5806,57
2021-02-21,San Bernardino,071,2135413,284653,279870,8938,288808,3247
2021-02-21,San Diego,073,3302833,262108,257027,12681,269708,3190
2021-02-21,San Francisco,075,870044,33928,33891,1129,35020,405
2021-02-21,San Joaquin,077,732212,66205,64997,2849,67846,1001
2021-02-21,San Luis Obispo,079,281455,19427,19178,570,19748,229
2021-02-21,San Mateo,081,765935,39297,38448,411,38859,282
2021-02-21,Santa Barbara,083,443738,32106,31374,1140,32514,399
2021-02-21,Santa Clara,085,1922200,109182,108992,575,109567,1654
2021-02-21,Santa Cruz,087,273765,15248,14401,833,15234,176
2021-02-21,Shasta,089,179085,10887,10867,1233,12100,145
2021-02-21,Sierra,091,2930,49,47,14,61,0
2021-02-21,Siskiyou,093,43540,1461,1371,239,1610,4
2021-02-21,Solano,095,438530,29638,29471,359,29830,150
2021-02-21,Sonoma,097,501317,27780,27793,194,27987,278
2021-02-21,Stanislaus,099,539301,50067,49527,5490,55017,726
2021-02-21,Sutter,101,95872,8803,8687,84,8771,97
2021-02-21,Tehama,103,63373,4550,4547,512,5059,30
2021-02-21,Trinity,105,12862,390,286,58,344,3
2021-02-21,Tulare,107,460477,47459,46830,8290,55120,749
2021-02-21,Tuolumne,109,53932,3871,3828,32,3860,53
2021-02-21,Ventura,111,848112,77040,76862,2847,79709,677
2021-02-21,Yolo,113,214977,12781,12670,228,12898,183
2021-02-21,Yuba,115,75493,5449,5396,85,5481,38
2021-02-20,Alameda,001,1643700,80122,79496,1788,81284,1055
2021-02-20,Alpine,003,1148,79,77,0,77,0
2021-02-20,Amador,005,37829,3452,3432,31,3463,39
2021-02-20,Butte,007,227075,11207,10838,1668,12506,176
2021-02-20,Calaveras,009,45235,1895,1858,12,1870,21
2021-02-20,Colusa,011,21464,1863,1858,266,2124,11
2021-02-20,Contra Costa,013,1133247,62466,61205,1114,62319,663
2021-02-20,Del Norte,015,27424,970,937,4,941,3
2021-02-20,El Dorado,017,186661,9029,8911,627,9538,96
2021-02-20,Fresno,019,978130,95172,94234,7870,102104,1341
2021-02-20,Glenn,021,27897,2221,2199,502,2701,14
2021-02-20,Humboldt,023,135768,3105,3073,21,3094,29
2021-02-20,Imperial,025,180216,27039,26771,2608,29379,590
2021-02-20,Inyo,027,18085,1274,1226,2,1228,32
2021-02-20,Kern,029,883053,92485,91025,9987,101012,968
2021-02-20,Kings,031,150075,21993,21773,1041,22814,212
2021-02-20,Lake,033,64148,3145,3089,6,3095,40
2021-02-20,Lassen,035,31185,5096,5067,97,5164,1
2021-02-20,Los Angeles,037,10098052,1164604,1145594,40891,1186485,19630
2021-02-20,Madera,039,155013,15446,15274,828,16102,191
2021-02-20,Marin,041,260295,13059,12945,161,13106,211
2021-02-20,Mariposa,043,17540,376,372,5,377,4
2021-02-20,Mendocino,045,87422,3605,3533,68,3601,40
2021-02-20,Merced,047,269075,28103,28066,873,28939,379
2021-02-20,Modoc,049,8938,337,328,114,442,3
2021-02-20,Mono,051,14174,1165,1187,13,1200,3
2021-02-20,Monterey,053,433212,41650,41313,1724,43037,309
2021-02-20,Napa,055,140530,8969,8910,31,8941,69
2021-02-20,Nevada,057,99092,3946,3887,160,4047,66
2021-02-20,Orange,059,3164182,245508,243761,10470,254231,3755
2021-02-20,Placer,061,380077,20303,19509,1126,20635,236
2021-02-20,Plumas,063,18699,638,626,11,637,4
2021-02-20,Riverside,065,2383286,282144,277267,13925,291192,3559
2021-02-20,Sacramento,067,1510023,93552,92057,1240,93297,1352
2021-02-20,San Benito,069,59416,5707,5709,90,5799,57
2021-02-20,San Bernardino,071,2135413,284552,279608,8933,288541,3203
2021-02-20,San Diego,073,3302833,261866,256510,12652,269162,3188
2021-02-20,San Francisco,075,870044,33886,33820,1120,34940,399
2021-02-20,San Joaquin,077,732212,66133,64916,2844,67760,1001
2021-02-20,San Luis Obispo,079,281455,19404,19138,568,19706,229
2021-02-20,San Mateo,081,765935,39253,38371,410,38781,282
2021-02-20,Santa Barbara,083,443738,32072,31289,1138,32427,396
2021-02-20,Santa Clara,085,1922200,109006,108728,572,109300,1649
2021-02-20,Santa Cruz,087,273765,15237,14378,831,15209,176
2021-02-20,Shasta,089,179085,10873,10850,1228,12078,146
2021-02-20,Sierra,091,2930,49,47,14,61,0
2021-02-20,Siskiyou,093,43540,1458,1366,239,1605,4
2021-02-20,Solano,095,438530,29623,29440,357,29797,150
2021-02-20,Sonoma,097,501317,27751,27703,192,27895,278
2021-02-20,Stanislaus,099,539301,50012,49445,5477,54922,733
2021-02-20,Sutter,101,95872,8797,8681,84,8765,97
2021-02-20,Tehama,103,63373,4549,4545,512,5057,30
2021-02-20,Trinity,105,12862,389,285,57,342,3
2021-02-20,Tulare,107,460477,47423,46769,8268,55037,739
2021-02-20,Tuolumne,109,53932,3866,3823,32,3855,53
2021-02-20,Ventura,111,848112,76944,76757,2844,79601,671
2021-02-20,Yolo,113,214977,12767,12639,227,12866,183
2021-02-20,Yuba,115,75493,5446,5386,85,5471,38
2021-02-19,Alameda,001,1643700,80015,79318,1784,81102,1047
2021-02-19,Alpine,003,1148,79,77,0,77,0
2021-02-19,Amador,005,37829,3448,3427,31,3458,39
2021-02-19,Butte,007,227075,11197,10823,1663,12486,176
2021-02-19,Calaveras,009,45235,1894,1856,12,1868,21
2021-02-19,Colusa,011,21464,1863,1858,266,2124,11
2021-02-19,Contra Costa,013,1133247,62358,61017,1112,62129,651
2021-02-19,Del Norte,015,27424,965,932,4,936,2
2021-02-19,El Dorado,017,186661,9020,8882,626,9508,96
2021-02-19,Fresno,019,978130,95044,93973,7851,101824,1330
2021-02-19,Glenn,021,27897,2216,2199,501,2700,14
2021-02-19,Humboldt,023,135768,3093,3037,21,3058,29
2021-02-19,Imperial,025,180216,27034,26751,2605,29356,589
2021-02-19,Inyo,027,18085,1269,1212,2,1214,32
2021-02-19,Kern,029,883053,92416,90807,9944,100751,963
2021-02-19,Kings,031,150075,21979,21724,1038,22762,211
2021-02-19,Lake,033,64148,3139,3078,6,3084,40
2021-02-19,Lassen,035,31185,5095,5057,97,5154,1
2021-02-19,Los Angeles,037,10098052,1163860,1143828,40848,1184676,19498
2021-02-19,Madera,039,155013,15429,15222,826,16048,188
2021-02-19,Marin,041,260295,13035,12919,159,13078,210
2021-02-19,Mariposa,043,17540,376,371,5,376,4
2021-02-19,Mendocino,045,87422,3603,3526,68,3594,39
2021-02-19,Merced,047,269075,28072,27985,870,28855,376
2021-02-19,Modoc,049,8938,337,328,114,442,3
2021-02-19,Mono,051,14174,1165,1186,13,1199,3
2021-02-19,Monterey,053,433212,41621,41209,1720,42929,309
2021-02-19,Napa,055,140530,8958,8899,31,8930,69
2021-02-19,Nevada,057,99092,3940,3863,160,4023,66
2021-02-19,Orange,059,3164182,245328,243397,10456,253853,3715
2021-02-19,Placer,061,380077,20281,19457,1126,20583,236
2021-02-19,Plumas,063,18699,636,624,11,635,4
2021-02-19,Riverside,065,2383286,281972,276941,13908,290849,3541
2021-02-19,Sacramento,067,1510023,93431,91815,1236,93051,1351
2021-02-19,San Benito,069,59416,5702,5699,90,5789,57
2021-02-19,San Bernardino,071,2135413,284426,279209,8927,288136,3117
2021-02-19,San Diego,073,3302833,261576,255799,12629,268428,3169
2021-02-19,San Francisco,075,870044,33838,33746,1114,34860,387
2021-02-19,San Joaquin,077,732212,66062,64774,2835,67609,988
2021-02-19,San Luis Obispo,079,281455,19374,19061,566,19627,230
2021-02-19,San Mateo,081,765935,39195,38256,408,38664,282
2021-02-19,Santa Barbara,083,443738,32008,31204,1137,32341,392
2021-02-19,Santa Clara,085,1922200,108793,108400,570,108970,1634
2021-02-19,Santa Cruz,087,273765,15222,14354,831,15185,176
2021-02-19,Shasta,089,179085,10861,10833,1225,12058,140
2021-02-19,Sierra,091,2930,49,47,14,61,0
2021-02-19,Siskiyou,093,43540,1454,1363,237,1600,4
2021-02-19,Solano,095,438530,29592,29383,356,29739,150
2021-02-19,Sonoma,097,501317,27703,27595,190,27785,280
2021-02-19,Stanislaus,099,539301,49951,49282,5461,54743,739
2021-02-19,Sutter,101,95872,8787,8665,84,8749,96
2021-02-19,Tehama,103,63373,4547,4535,512,5047,30
2021-02-19,Trinity,105,12862,388,282,54,336,3
2021-02-19,Tulare,107,460477,47379,46662,8240,54902,736
2021-02-19,Tuolumne,109,53932,3860,3817,31,3848,52
2021-02-19,Ventura,111,848112,76864,76582,2841,79423,667
2021-02-19,Yolo,113,214977,12751,12606,227,12833,183
2021-02-19,Yuba,115,75493,5436,5376,85,5461,38
2021-02-18,Alameda,001,1643700,79867,79111,1777,80888,1012
2021-02-18,Alpine,003,1148,79,77,0,77,0
2021-02-18,Amador,005,37829,3444,3417,30,3447,38
2021-02-18,Butte,007,227075,11179,10791,1660,12451,175
2021-02-18,Calaveras,009,45235,1889,1873,12,1885,21
2021-02-18,Colusa,011,21464,1861,1856,264,2120,11
2021-02-18,Contra Costa,013,1133247,62247,60868,1111,61979,640
2021-02-18,Del Norte,015,27424,960,929,4,933,2
2021-02-18,El Dorado,017,186661,9006,8850,625,9475,94
2021-02-18,Fresno,019,978130,94876,93734,7824,101558,1323
2021-02-18,Glenn,021,27897,2210,2195,501,2696,14
2021-02-18,Humboldt,023,135768,3081,3023,21,3044,29
2021-02-18,Imperial,025,180216,27008,26731,2600,29331,591
2021-02-18,Inyo,027,18085,1265,1213,1,1214,32
2021-02-18,Kern,029,883053,92260,90655,9914,100569,961
2021-02-18,Kings,031,150075,21958,21648,1036,22684,211
2021-02-18,Lake,033,64148,3131,3066,6,3072,40
2021-02-18,Lassen,035,31185,5086,5052,97,5149,1
2021-02-18,Los Angeles,037,10098052,1162905,1141930,40780,1182710,19358
2021-02-18,Madera,039,155013,15408,15175,821,15996,188
2021-02-18,Marin,041,260295,13021,12895,159,13054,209
2021-02-18,Mariposa,043,17540,375,369,5,374,4
2021-02-18,Mendocino,045,87422,3600,3519,67,3586,39
2021-02-18,Merced,047,269075,28022,27870,864,28734,372
2021-02-18,Modoc,049,8938,335,327,113,440,3
2021-02-18,Mono,051,14174,1165,1182,13,1195,3
2021-02-18,Monterey,053,433212,41558,41091,1711,42802,307
2021-02-18,Napa,055,140530,8941,8877,31,8908,68
2021-02-18,Nevada,057,99092,3931,3836,159,3995,66
2021-02-18,Orange,059,3164182,245109,243098,10437,253535,3673
2021-02-18,Placer,061,380077,20254,19429,1125,20554,232
2021-02-18,Plumas,063,18699,636,624,11,635,4
2021-02-18,Riverside,065,2383286,281693,276595,13887,290482,3510
2021-02-18,Sacramento,067,1510023,93270,91476,1230,92706,1334
2021-02-18,San Benito,069,59416,5699,5697,89,5786,58
2021-02-18,San Bernardino,071,2135413,284216,278887,8913,287800,3066
2021-02-18,San Diego,073,3302833,261222,254987,12606,267593,3135
2021-02-18,San Francisco,075,870044,33780,33650,1111,34761,386
2021-02-18,San Joaquin,077,732212,65977,64634,2824,67458,982
2021-02-18,San Luis Obispo,079,281455,19332,18987,563,19550,230
2021-02-18,San Mateo,081,765935,39133,38185,404,38589,282
2021-02-18,Santa Barbara,083,443738,31929,31054,1129,32183,387
2021-02-18,Santa Clara,085,1922200,108567,108210,567,108777,1605
2021-02-18,Santa Cruz,087,273765,15196,14314,831,15145,176
2021-02-18,Shasta,089,179085,10841,10811,1222,12033,139
2021-02-18,Sierra,091,2930,48,47,14,61,0
2021-02-18,Siskiyou,093,43540,1449,1359,236,1595,4
2021-02-18,Solano,095,438530,29565,29349,355,29704,150
2021-02-18,Sonoma,097,501317,27635,27512,189,27701,281
2021-02-18,Stanislaus,099,539301,49854,49150,5446,54596,738
2021-02-18,Sutter,101,95872,8779,8654,84,8738,96
2021-02-18,Tehama,103,63373,4544,4528,511,5039,30
2021-02-18,Trinity,105,12862,387,282,54,336,3
2021-02-18,Tulare,107,460477,47320,46591,8198,54789,728
2021-02-18,Tuolumne,109,53932,3823,3811,31,3842,52
2021-02-18,Ventura,111,848112,76733,76442,2831,79273,659
2021-02-18,Yolo,113,214977,12724,12549,224,12773,183
2021-02-18,Yuba,115,75493,5419,5358,85,5443,38
2021-02-17,Alameda,001,1643700,79706,78895,1775,80670,1002
2021-02-17,Alpine,003,1148,79,77,0,77,0
2021-02-17,Amador,005,37829,3440,3415,30,3445,38
2021-02-17,Butte,007,227075,11161,10770,1657,12427,174
2021-02-17,Calaveras,009,45235,1889,1876,12,1888,21
2021-02-17,Colusa,011,21464,1858,1854,264,2118,10
2021-02-17,Contra Costa,013,1133247,62106,60723,1108,61831,635
2021-02-17,Del Norte,015,27424,954,920,4,924,2
2021-02-17,El Dorado,017,186661,8994,8847,625,9472,94
2021-02-17,Fresno,019,978130,94738,93555,7797,101352,1307
2021-02-17,Glenn,021,27897,2210,2189,500,2689,14
2021-02-17,Humboldt,023,135768,3066,3006,21,3027,29
2021-02-17,Imperial,025,180216,26993,26726,2598,29324,580
2021-02-17,Inyo,027,18085,1257,1197,1,1198,32
2021-02-17,Kern,029,883053,92141,90454,9867,100321,962
2021-02-17,Kings,031,150075,21921,21617,1032,22649,211
2021-02-17,Lake,033,64148,3120,3057,2,3059,38
2021-02-17,Lassen,035,31185,5081,5052,96,5148,1
2021-02-17,Los Angeles,037,10098052,1161859,1139786,40713,1180499,19213
2021-02-17,Madera,039,155013,15382,15135,812,15947,177
2021-02-17,Marin,041,260295,12995,12881,159,13040,207
2021-02-17,Mariposa,043,17540,375,368,4,372,4
2021-02-17,Mendocino,045,87422,3598,3494,66,3560,39
2021-02-17,Merced,047,269075,27968,27824,855,28679,372
2021-02-17,Modoc,049,8938,335,327,113,440,3
2021-02-17,Mono,051,14174,1165,1180,13,1193,3
2021-02-17,Monterey,053,433212,41504,41014,1699,42713,304
2021-02-17,Napa,055,140530,8927,8865,31,8896,68
2021-02-17,Nevada,057,99092,3912,3822,156,3978,52
2021-02-17,Orange,059,3164182,244843,242716,10403,253119,3626
2021-02-17,Placer,061,380077,20221,19405,1121,20526,230
2021-02-17,Plumas,063,18699,635,623,11,634,4
2021-02-17,Riverside,065,2383286,281418,276289,13864,290153,3491
2021-02-17,Sacramento,067,1510023,93113,91309,1223,92532,1326
2021-02-17,San Benito,069,59416,5693,5661,89,5750,57
2021-02-17,San Bernardino,071,2135413,284012,278461,8893,287354,3020
2021-02-17,San Diego,073,3302833,260846,254177,12585,266762,3099
2021-02-17,San Francisco,075,870044,33704,33558,1106,34664,379
2021-02-17,San Joaquin,077,732212,65877,64556,2817,67373,979
2021-02-17,San Luis Obispo,079,281455,19287,18964,563,19527,230
2021-02-17,San Mateo,081,765935,39068,38124,402,38526,282
2021-02-17,Santa Barbara,083,443738,31861,30927,1128,32055,384
2021-02-17,Santa Clara,085,1922200,108335,107949,565,108514,1592
2021-02-17,Santa Cruz,087,273765,15163,14268,828,15096,174
2021-02-17,Shasta,089,179085,10821,10770,1221,11991,139
2021-02-17,Sierra,091,2930,48,47,14,61,0
2021-02-17,Siskiyou,093,43540,1443,1352,233,1585,4
2021-02-17,Solano,095,438530,29510,29288,355,29643,149
2021-02-17,Sonoma,097,501317,27561,27408,184,27592,281
2021-02-17,Stanislaus,099,539301,49745,49050,5429,54479,730
2021-02-17,Sutter,101,95872,8769,8681,84,8765,95
2021-02-17,Tehama,103,63373,4540,4511,510,5021,30
2021-02-17,Trinity,105,12862,387,277,52,329,3
2021-02-17,Tulare,107,460477,47259,46495,8167,54662,726
2021-02-17,Tuolumne,109,53932,3814,3806,31,3837,49
2021-02-17,Ventura,111,848112,76608,76234,2824,79058,646
2021-02-17,Yolo,113,214977,12707,12506,222,12728,182
2021-02-17,Yuba,115,75493,5410,5345,85,5430,38
2021-02-16,Alameda,001,1643700,79532,78756,1771,80527,997
2021-02-16,Alpine,003,1148,79,76,0,76,0
2021-02-16,Amador,005,37829,3433,3413,30,3443,39
2021-02-16,Butte,007,227075,11134,10748,1654,12402,164
2021-02-16,Calaveras,009,45235,1887,1872,12,1884,21
2021-02-16,Colusa,011,21464,1855,1852,262,2114,10
2021-02-16,Contra Costa,013,1133247,61958,60564,1103,61667,631
2021-02-16,Del Norte,015,27424,946,913,4,917,2
2021-02-16,El Dorado,017,186661,8984,8836,624,9460,94
2021-02-16,Fresno,019,978130,94576,93363,7766,101129,1293
2021-02-16,Glenn,021,27897,2201,2189,495,2684,14
2021-02-16,Humboldt,023,135768,3042,2994,21,3015,29
2021-02-16,Imperial,025,180216,26980,26711,2594,29305,580
2021-02-16,Inyo,027,18085,1249,1191,1,1192,32
2021-02-16,Kern,029,883053,92009,90267,9834,100101,959
2021-02-16,Kings,031,150075,21875,21583,1028,22611,206
2021-02-16,Lake,033,64148,3111,3041,2,3043,38
2021-02-16,Lassen,035,31185,5069,5047,96,5143,1
2021-02-16,Los Angeles,037,10098052,1160616,1138262,40649,1178911,19044
2021-02-16,Madera,039,155013,15343,15120,808,15928,172
2021-02-16,Marin,041,260295,12971,12832,159,12991,205
2021-02-16,Mariposa,043,17540,375,367,4,371,4
2021-02-16,Mendocino,045,87422,3594,3489,66,3555,39
2021-02-16,Merced,047,269075,27896,27724,848,28572,368
2021-02-16,Modoc,049,8938,335,326,113,439,3
2021-02-16,Mono,051,14174,1165,1180,13,1193,3
2021-02-16,Monterey,053,433212,41430,40962,1690,42652,303
2021-02-16,Napa,055,140530,8914,8854,31,8885,66
2021-02-16,Nevada,057,99092,3899,3774,155,3929,47
2021-02-16,Orange,059,3164182,244520,242382,10387,252769,3612
2021-02-16,Placer,061,380077,20189,19367,1118,20485,230
2021-02-16,Plumas,063,18699,635,619,11,630,4
2021-02-16,Riverside,065,2383286,281115,275954,13841,289795,3471
2021-02-16,Sacramento,067,1510023,92860,91246,1216,92462,1305
2021-02-16,San Benito,069,59416,5685,5659,88,5747,56
2021-02-16,San Bernardino,071,2135413,283789,277947,8882,286829,2978
2021-02-16,San Diego,073,3302833,260384,253638,12547,266185,3042
2021-02-16,San Francisco,075,870044,33633,33491,1101,34592,373
2021-02-16,San Joaquin,077,732212,65757,64448,2813,67261,979
2021-02-16,San Luis Obispo,079,281455,19242,18925,560,19485,229
2021-02-16,San Mateo,081,765935,39009,38041,400,38441,277
2021-02-16,Santa Barbara,083,443738,31788,30865,1124,31989,378
2021-02-16,Santa Clara,085,1922200,108083,107754,562,108316,1591
2021-02-16,Santa Cruz,087,273765,15144,14256,826,15082,174
2021-02-16,Shasta,089,179085,10805,10736,1219,11955,139
2021-02-16,Sierra,091,2930,48,47,14,61,0
2021-02-16,Siskiyou,093,43540,1439,1351,233,1584,4
2021-02-16,Solano,095,438530,29470,29246,354,29600,148
2021-02-16,Sonoma,097,501317,27499,27380,178,27558,279
2021-02-16,Stanislaus,099,539301,49627,48927,5412,54339,716
2021-02-16,Sutter,101,95872,8746,8671,84,8755,95
2021-02-16,Tehama,103,63373,4531,4501,509,5010,30
2021-02-16,Trinity,105,12862,383,275,52,327,3
2021-02-16,Tulare,107,460477,47195,46444,8121,54565,716
2021-02-16,Tuolumne,109,53932,3812,3796,31,3827,49
2021-02-16,Ventura,111,848112,76463,76043,2820,78863,631
2021-02-16,Yolo,113,214977,12676,12457,222,12679,175
2021-02-16,Yuba,115,75493,5403,5332,84,5416,38
2021-02-15,Alameda,001,1643700,79333,78647,1760,80407,996
2021-02-15,Alpine,003,1148,79,76,0,76,0
2021-02-15,Amador,005,37829,3429,3409,30,3439,39
2021-02-15,Butte,007,227075,11116,10723,1650,12373,155
2021-02-15,Calaveras,009,45235,1883,1871,12,1883,21
2021-02-15,Colusa,011,21464,1855,1849,258,2107,10
2021-02-15,Contra Costa,013,1133247,61783,60444,1096,61540,631
2021-02-15,Del Norte,015,27424,942,913,4,917,2
2021-02-15,El Dorado,017,186661,8967,8816,624,9440,94
2021-02-15,Fresno,019,978130,94377,93231,7728,100959,1288
2021-02-15,Glenn,021,27897,2198,2185,492,2677,14
2021-02-15,Humboldt,023,135768,3035,2997,21,3018,29
2021-02-15,Imperial,025,180216,26962,26700,2589,29289,580
2021-02-15,Inyo,027,18085,1230,1184,1,1185,32
2021-02-15,Kern,029,883053,91865,90181,9801,99982,959
2021-02-15,Kings,031,150075,21830,21574,1024,22598,205
2021-02-15,Lake,033,64148,3097,3030,1,3031,38
2021-02-15,Lassen,035,31185,5067,5047,95,5142,1
2021-02-15,Los Angeles,037,10098052,1159228,1137164,40585,1177749,18925
2021-02-15,Madera,039,155013,15312,15108,807,15915,106
2021-02-15,Marin,041,260295,12951,12810,156,12966,203
2021-02-15,Mariposa,043,17540,373,367,4,371,4
2021-02-15,Mendocino,045,87422,3582,3481,66,3547,39
2021-02-15,Merced,047,269075,27821,27656,841,28497,368
2021-02-15,Modoc,049,8938,335,326,113,439,3
2021-02-15,Mono,051,14174,1162,1178,13,1191,3
2021-02-15,Monterey,053,433212,41369,40911,1676,42587,302
2021-02-15,Napa,055,140530,8900,8837,31,8868,57
2021-02-15,Nevada,057,99092,3882,3767,154,3921,47
2021-02-15,Orange,059,3164182,244201,242176,10359,252535,3586
2021-02-15,Placer,061,380077,20163,19361,1117,20478,230
2021-02-15,Plumas,063,18699,635,620,11,631,4
2021-02-15,Riverside,065,2383286,280769,275771,13826,289597,3468
2021-02-15,Sacramento,067,1510023,92533,91091,1211,92302,1304
2021-02-15,San Benito,069,59416,5676,5649,88,5737,56
2021-02-15,San Bernardino,071,2135413,283534,277869,8874,286743,2945
2021-02-15,San Diego,073,3302833,259872,252940,12515,265455,3037
2021-02-15,San Francisco,075,870044,33560,33454,1093,34547,373
2021-02-15,San Joaquin,077,732212,65592,64382,2806,67188,979
2021-02-15,San Luis Obispo,079,281455,19189,18891,558,19449,227
2021-02-15,San Mateo,081,765935,38932,37969,397,38366,277
2021-02-15,Santa Barbara,083,443738,31686,30810,1121,31931,378
2021-02-15,Santa Clara,085,1922200,107849,107630,560,108190,1588
2021-02-15,Santa Cruz,087,273765,15112,14239,823,15062,175
2021-02-15,Shasta,089,179085,10785,10730,1214,11944,139
2021-02-15,Sierra,091,2930,48,47,14,61,0
2021-02-15,Siskiyou,093,43540,1431,1345,232,1577,4
2021-02-15,Solano,095,438530,29415,29225,354,29579,148
2021-02-15,Sonoma,097,501317,27414,27359,174,27533,276
2021-02-15,Stanislaus,099,539301,49503,48808,5398,54206,716
2021-02-15,Sutter,101,95872,8731,8652,84,8736,95
2021-02-15,Tehama,103,63373,4520,4492,507,4999,30
2021-02-15,Trinity,105,12862,382,274,52,326,3
2021-02-15,Tulare,107,460477,47122,46344,8081,54425,715
2021-02-15,Tuolumne,109,53932,3802,3794,31,3825,49
2021-02-15,Ventura,111,848112,76307,75889,2817,78706,629
2021-02-15,Yolo,113,214977,12640,12412,215,12627,175
2021-02-15,Yuba,115,75493,5386,5320,83,5403,38
2021-02-14,Alameda,001,1643700,79177,78442,1759,80201,995
2021-02-14,Alpine,003,1148,79,76,0,76,0
2021-02-14,Amador,005,37829,3424,3398,30,3428,39
2021-02-14,Butte,007,227075,11092,10717,1645,12362,155
2021-02-14,Calaveras,009,45235,1880,1866,12,1878,21
2021-02-14,Colusa,011,21464,1851,1845,255,2100,10
2021-02-14,Contra Costa,013,1133247,61635,60272,1093,61365,631
2021-02-14,Del Norte,015,27424,938,911,4,915,2
2021-02-14,El Dorado,017,186661,8937,8790,622,9412,94
2021-02-14,Fresno,019,978130,94208,93065,7703,100768,1287
2021-02-14,Glenn,021,27897,2196,2184,492,2676,14
2021-02-14,Humboldt,023,135768,3022,2992,21,3013,29
2021-02-14,Imperial,025,180216,26954,26696,2588,29284,580
2021-02-14,Inyo,027,18085,1224,1177,1,1178,32
2021-02-14,Kern,029,883053,91707,90038,9746,99784,959
2021-02-14,Kings,031,150075,21804,21538,1022,22560,205
2021-02-14,Lake,033,64148,3088,3030,1,3031,38
2021-02-14,Lassen,035,31185,5063,5037,95,5132,1
2021-02-14,Los Angeles,037,10098052,1157891,1135450,40497,1175947,18898
2021-02-14,Madera,039,155013,15280,15089,803,15892,106
2021-02-14,Marin,041,260295,12927,12784,156,12940,201
2021-02-14,Mariposa,043,17540,373,365,4,369,4
2021-02-14,Mendocino,045,87422,3577,3475,66,3541,39
2021-02-14,Merced,047,269075,27744,27601,835,28436,368
2021-02-14,Modoc,049,8938,335,326,113,439,3
2021-02-14,Mono,051,14174,1161,1180,13,1193,3
2021-02-14,Monterey,053,433212,41319,40842,1672,42514,302
2021-02-14,Napa,055,140530,8880,8826,31,8857,57
2021-02-14,Nevada,057,99092,3866,3761,154,3915,47
2021-02-14,Orange,059,3164182,243893,241859,10338,252197,3564
2021-02-14,Placer,061,380077,20124,19313,1112,20425,230
2021-02-14,Plumas,063,18699,634,620,11,631,4
2021-02-14,Riverside,065,2383286,280455,275518,13805,289323,3471
2021-02-14,Sacramento,067,1510023,92326,90856,1207,92063,1304
2021-02-14,San Benito,069,59416,5668,5641,87,5728,56
2021-02-14,San Bernardino,071,2135413,283217,277664,8855,286519,2929
2021-02-14,San Diego,073,3302833,259380,252247,12467,264714,3037
2021-02-14,San Francisco,075,870044,33488,33374,1083,34457,372
2021-02-14,San Joaquin,077,732212,65493,64243,2792,67035,979
2021-02-14,San Luis Obispo,079,281455,19151,18868,555,19423,225
2021-02-14,San Mateo,081,765935,38848,37859,397,38256,277
2021-02-14,Santa Barbara,083,443738,31594,30744,1117,31861,377
2021-02-14,Santa Clara,085,1922200,107649,107412,556,107968,1582
2021-02-14,Santa Cruz,087,273765,15084,14225,818,15043,175
2021-02-14,Shasta,089,179085,10755,10720,1208,11928,139
2021-02-14,Sierra,091,2930,48,47,14,61,0
2021-02-14,Siskiyou,093,43540,1427,1340,232,1572,4
2021-02-14,Solano,095,438530,29377,29150,350,29500,148
2021-02-14,Sonoma,097,501317,27337,27266,172,27438,276
2021-02-14,Stanislaus,099,539301,49397,48672,5382,54054,716
2021-02-14,Sutter,101,95872,8708,8642,84,8726,95
2021-02-14,Tehama,103,63373,4512,4490,505,4995,30
2021-02-14,Trinity,105,12862,382,272,52,324,3
2021-02-14,Tulare,107,460477,47047,46263,8026,54289,715
2021-02-14,Tuolumne,109,53932,3801,3764,31,3795,49
2021-02-14,Ventura,111,848112,76132,75742,2806,78548,629
2021-02-14,Yolo,113,214977,12611,12399,214,12613,175
2021-02-14,Yuba,115,75493,5376,5314,83,5397,38
2021-02-13,Alameda,001,1643700,79060,78246,1756,80002,995
2021-02-13,Alpine,003,1148,79,76,0,76,0
2021-02-13,Amador,005,37829,3421,3387,30,3417,38
2021-02-13,Butte,007,227075,11076,10699,1644,12343,155
2021-02-13,Calaveras,009,45235,1876,1863,12,1875,21
2021-02-13,Colusa,011,21464,1851,1837,255,2092,10
2021-02-13,Contra Costa,013,1133247,61515,60100,1093,61193,629
2021-02-13,Del Norte,015,27424,936,908,4,912,2
2021-02-13,El Dorado,017,186661,8926,8758,621,9379,93
2021-02-13,Fresno,019,978130,94096,92807,7679,100486,1287
2021-02-13,Glenn,021,27897,2195,2182,492,2674,14
2021-02-13,Humboldt,023,135768,3009,2974,20,2994,29
2021-02-13,Imperial,025,180216,26947,26680,2586,29266,580
2021-02-13,Inyo,027,18085,1220,1168,1,1169,32
2021-02-13,Kern,029,883053,91618,89915,9721,99636,957
2021-02-13,Kings,031,150075,21789,21513,1020,22533,205
2021-02-13,Lake,033,64148,3082,3025,1,3026,37
2021-02-13,Lassen,035,31185,5060,5028,95,5123,1
2021-02-13,Los Angeles,037,10098052,1157033,1133752,40448,1174200,18822
2021-02-13,Madera,039,155013,15271,15053,798,15851,106
2021-02-13,Marin,041,260295,12906,12757,156,12913,201
2021-02-13,Mariposa,043,17540,373,365,4,369,4
2021-02-13,Mendocino,045,87422,3567,3466,66,3532,38
2021-02-13,Merced,047,269075,27700,27541,832,28373,368
2021-02-13,Modoc,049,8938,335,325,113,438,3
2021-02-13,Mono,051,14174,1161,1176,13,1189,3
2021-02-13,Monterey,053,433212,41288,40731,1670,42401,301
2021-02-13,Napa,055,140530,8871,8809,31,8840,57
2021-02-13,Nevada,057,99092,3857,3742,153,3895,47
2021-02-13,Orange,059,3164182,243689,241545,10317,251862,3520
2021-02-13,Placer,061,380077,20104,19214,1112,20326,230
2021-02-13,Plumas,063,18699,634,616,11,627,4
2021-02-13,Riverside,065,2383286,280226,275276,13795,289071,3462
2021-02-13,Sacramento,067,1510023,92159,90401,1204,91605,1302
2021-02-13,San Benito,069,59416,5654,5633,87,5720,56
2021-02-13,San Bernardino,071,2135413,283065,277405,8843,286248,2899
2021-02-13,San Diego,073,3302833,259050,251679,12455,264134,3009
2021-02-13,San Francisco,075,870044,33439,33291,1072,34363,364
2021-02-13,San Joaquin,077,732212,65425,64105,2782,66887,977
2021-02-13,San Luis Obispo,079,281455,19123,18803,549,19352,225
2021-02-13,San Mateo,081,765935,38795,37745,397,38142,277
2021-02-13,Santa Barbara,083,443738,31543,30594,1115,31709,374
2021-02-13,Santa Clara,085,1922200,107464,107125,552,107677,1570
2021-02-13,Santa Cruz,087,273765,15057,14198,817,15015,173
2021-02-13,Shasta,089,179085,10743,10713,1203,11916,139
2021-02-13,Sierra,091,2930,48,47,14,61,0
2021-02-13,Siskiyou,093,43540,1424,1336,232,1568,4
2021-02-13,Solano,095,438530,29341,29084,350,29434,148
2021-02-13,Sonoma,097,501317,27291,27157,170,27327,276
2021-02-13,Stanislaus,099,539301,49328,48568,5376,53944,697
2021-02-13,Sutter,101,95872,8696,8626,84,8710,94
2021-02-13,Tehama,103,63373,4503,4484,504,4988,30
2021-02-13,Trinity,105,12862,381,272,51,323,3
2021-02-13,Tulare,107,460477,47003,46162,7989,54151,709
2021-02-13,Tuolumne,109,53932,3800,3752,31,3783,49
2021-02-13,Ventura,111,848112,75995,75481,2800,78281,618
2021-02-13,Yolo,113,214977,12599,12374,213,12587,175
2021-02-13,Yuba,115,75493,5368,5289,83,5372,38
2021-02-12,Alameda,001,1643700,78925,77958,1750,79708,974
2021-02-12,Alpine,003,1148,79,76,0,76,0
2021-02-12,Amador,005,37829,3417,3381,30,3411,38
2021-02-12,Butte,007,227075,11061,10655,1637,12292,155
2021-02-12,Calaveras,009,45235,1873,1860,12,1872,21
2021-02-12,Colusa,011,21464,1851,1836,255,2091,10
2021-02-12,Contra Costa,013,1133247,61365,59878,1089,60967,620
2021-02-12,Del Norte,015,27424,926,901,4,905,2
2021-02-12,El Dorado,017,186661,8910,8725,618,9343,92
2021-02-12,Fresno,019,978130,93943,92520,7658,100178,1273
2021-02-12,Glenn,021,27897,2192,2175,492,2667,14
2021-02-12,Humboldt,023,135768,3001,2961,20,2981,29
2021-02-12,Imperial,025,180216,26938,26646,2584,29230,585
2021-02-12,Inyo,027,18085,1214,1156,1,1157,32
2021-02-12,Kern,029,883053,91508,89532,9685,99217,949
2021-02-12,Kings,031,150075,21758,21462,1014,22476,202
2021-02-12,Lake,033,64148,3078,3012,1,3013,36
2021-02-12,Lassen,035,31185,5058,5015,95,5110,1
2021-02-12,Los Angeles,037,10098052,1155832,1131185,40377,1171562,18637
2021-02-12,Madera,039,155013,15244,15022,795,15817,106
2021-02-12,Marin,041,260295,12880,12720,156,12876,200
2021-02-12,Mariposa,043,17540,372,365,4,369,4
2021-02-12,Mendocino,045,87422,3565,3447,66,3513,38
2021-02-12,Merced,047,269075,27649,27453,829,28282,367
2021-02-12,Modoc,049,8938,335,324,113,437,3
2021-02-12,Mono,051,14174,1160,1172,13,1185,3
2021-02-12,Monterey,053,433212,41241,40633,1661,42294,297
2021-02-12,Napa,055,140530,8859,8785,31,8816,55
2021-02-12,Nevada,057,99092,3852,3728,153,3881,47
2021-02-12,Orange,059,3164182,243451,241075,10301,251376,3505
2021-02-12,Placer,061,380077,20063,19174,1107,20281,230
2021-02-12,Plumas,063,18699,633,614,11,625,4
2021-02-12,Riverside,065,2383286,279952,274792,13777,288569,3438
2021-02-12,Sacramento,067,1510023,91956,90252,1203,91455,1295
2021-02-12,San Benito,069,59416,5638,5622,86,5708,56
2021-02-12,San Bernardino,071,2135413,282872,276890,8831,285721,2827
2021-02-12,San Diego,073,3302833,258668,250788,12429,263217,2979
2021-02-12,San Francisco,075,870044,33380,33179,1068,34247,359
2021-02-12,San Joaquin,077,732212,65331,63966,2774,66740,975
2021-02-12,San Luis Obispo,079,281455,19082,18687,548,19235,224
2021-02-12,San Mateo,081,765935,38723,37560,397,37957,254
2021-02-12,Santa Barbara,083,443738,31472,30454,1110,31564,372
2021-02-12,Santa Clara,085,1922200,107295,106759,549,107308,1543
2021-02-12,Santa Cruz,087,273765,15037,14147,817,14964,170
2021-02-12,Shasta,089,179085,10725,10693,1193,11886,142
2021-02-12,Sierra,091,2930,47,45,14,59,0
2021-02-12,Siskiyou,093,43540,1420,1324,229,1553,4
2021-02-12,Solano,095,438530,29309,28996,347,29343,147
2021-02-12,Sonoma,097,501317,27237,27064,166,27230,275
2021-02-12,Stanislaus,099,539301,49245,48418,5351,53769,697
2021-02-12,Sutter,101,95872,8682,8609,84,8693,93
2021-02-12,Tehama,103,63373,4495,4470,503,4973,27
2021-02-12,Trinity,105,12862,381,269,51,320,3
2021-02-12,Tulare,107,460477,46925,46016,7962,53978,710
2021-02-12,Tuolumne,109,53932,3798,3736,30,3766,49
2021-02-12,Ventura,111,848112,75828,75210,2792,78002,605
2021-02-12,Yolo,113,214977,12579,12340,213,12553,175
2021-02-12,Yuba,115,75493,5360,5274,83,5357,38
2021-02-11,Alameda,001,1643700,78697,77564,1745,79309,960
2021-02-11,Alpine,003,1148,78,76,0,76,0
2021-02-11,Amador,005,37829,3413,3368,30,3398,35
2021-02-11,Butte,007,227075,11037,10624,1635,12259,155
2021-02-11,Calaveras,009,45235,1870,1856,12,1868,21
2021-02-11,Colusa,011,21464,1846,1823,253,2076,10
2021-02-11,Contra Costa,013,1133247,61198,59633,1085,60718,605
2021-02-11,Del Norte,015,27424,921,894,4,898,2
2021-02-11,El Dorado,017,186661,8889,8698,618,9316,92
2021-02-11,Fresno,019,978130,93789,92168,7632,99800,1255
2021-02-11,Glenn,021,27897,2190,2166,490,2656,14
2021-02-11,Humboldt,023,135768,2988,2954,19,2973,29
2021-02-11,Imperial,025,180216,26915,26545,2582,29127,578
2021-02-11,Inyo,027,18085,1205,1144,1,1145,32
2021-02-11,Kern,029,883053,91321,89224,9638,98862,941
2021-02-11,Kings,031,150075,21728,21373,1011,22384,202
2021-02-11,Lake,033,64148,3068,3002,1,3003,36
2021-02-11,Lassen,035,31185,5047,5004,92,5096,1
2021-02-11,Los Angeles,037,10098052,1154209,1128437,40305,1168742,18500
2021-02-11,Madera,039,155013,15223,14984,793,15777,106
2021-02-11,Marin,041,260295,12843,12682,156,12838,200
2021-02-11,Mariposa,043,17540,372,361,4,365,4
2021-02-11,Mendocino,045,87422,3558,3420,66,3486,38
2021-02-11,Merced,047,269075,27584,27325,825,28150,363
2021-02-11,Modoc,049,8938,334,317,113,430,3
2021-02-11,Mono,051,14174,1156,1173,13,1186,3
2021-02-11,Monterey,053,433212,41132,40469,1655,42124,295
2021-02-11,Napa,055,140530,8838,8777,31,8808,55
2021-02-11,Nevada,057,99092,3836,3720,153,3873,47
2021-02-11,Orange,059,3164182,243087,240590,10277,250867,3476
2021-02-11,Placer,061,380077,20023,19118,1106,20224,224
2021-02-11,Plumas,063,18699,632,592,11,603,4
2021-02-11,Riverside,065,2383286,279587,274313,13762,288075,3394
2021-02-11,Sacramento,067,1510023,91714,89988,1197,91185,1286
2021-02-11,San Benito,069,59416,5629,5609,86,5695,56
2021-02-11,San Bernardino,071,2135413,282556,276349,8817,285166,2774
2021-02-11,San Diego,073,3302833,258117,249971,12395,262366,2955
2021-02-11,San Francisco,075,870044,33297,33076,1056,34132,356
2021-02-11,San Joaquin,077,732212,65162,63719,2763,66482,971
2021-02-11,San Luis Obispo,079,281455,19017,18615,544,19159,219
2021-02-11,San Mateo,081,765935,38633,37439,394,37833,253
2021-02-11,Santa Barbara,083,443738,31378,30375,1105,31480,370
2021-02-11,Santa Clara,085,1922200,107039,106392,543,106935,1507
2021-02-11,Santa Cruz,087,273765,15015,14088,811,14899,165
2021-02-11,Shasta,089,179085,10701,10672,1189,11861,140
2021-02-11,Sierra,091,2930,47,45,14,59,0
2021-02-11,Siskiyou,093,43540,1405,1320,229,1549,4
2021-02-11,Solano,095,438530,29257,28885,347,29232,138
2021-02-11,Sonoma,097,501317,27154,26971,163,27134,272
2021-02-11,Stanislaus,099,539301,49101,48205,5340,53545,697
2021-02-11,Sutter,101,95872,8668,8590,83,8673,93
2021-02-11,Tehama,103,63373,4489,4463,503,4966,26
2021-02-11,Trinity,105,12862,381,269,51,320,3
2021-02-11,Tulare,107,460477,46833,45897,7917,53814,706
2021-02-11,Tuolumne,109,53932,3761,3716,30,3746,48
2021-02-11,Ventura,111,848112,75627,74959,2783,77742,590
2021-02-11,Yolo,113,214977,12556,12303,211,12514,173
2021-02-11,Yuba,115,75493,5346,5261,81,5342,38
2021-02-10,Alameda,001,1643700,78492,77344,1743,79087,944
2021-02-10,Alpine,003,1148,78,76,0,76,0
2021-02-10,Amador,005,37829,3401,3348,30,3378,35
2021-02-10,Butte,007,227075,11011,10594,1634,12228,155
2021-02-10,Calaveras,009,45235,1868,1850,12,1862,21
2021-02-10,Colusa,011,21464,1839,1815,251,2066,10
2021-02-10,Contra Costa,013,1133247,61026,59488,1083,60571,590
2021-02-10,Del Norte,015,27424,915,888,4,892,2
2021-02-10,El Dorado,017,186661,8859,8682,614,9296,87
2021-02-10,Fresno,019,978130,93616,91876,7606,99482,1247
2021-02-10,Glenn,021,27897,2188,2160,488,2648,14
2021-02-10,Humboldt,023,135768,2980,2924,19,2943,29
2021-02-10,Imperial,025,180216,26875,26522,2579,29101,578
2021-02-10,Inyo,027,18085,1193,1138,1,1139,30
2021-02-10,Kern,029,883053,91116,88933,9582,98515,926
2021-02-10,Kings,031,150075,21686,21294,1007,22301,197
2021-02-10,Lake,033,64148,3055,2975,1,2976,36
2021-02-10,Lassen,035,31185,5043,4993,92,5085,1
2021-02-10,Los Angeles,037,10098052,1152469,1125437,40171,1165608,18338
2021-02-10,Madera,039,155013,15185,14925,791,15716,105
2021-02-10,Marin,041,260295,12806,12651,156,12807,199
2021-02-10,Mariposa,043,17540,370,360,4,364,4
2021-02-10,Mendocino,045,87422,3543,3395,66,3461,38
2021-02-10,Merced,047,269075,27502,27246,814,28060,359
2021-02-10,Modoc,049,8938,333,315,111,426,3
2021-02-10,Mono,051,14174,1152,1170,13,1183,3
2021-02-10,Monterey,053,433212,41052,40366,1641,42007,288
2021-02-10,Napa,055,140530,8819,8769,31,8800,55
2021-02-10,Nevada,057,99092,3821,3693,151,3844,47
2021-02-10,Orange,059,3164182,242668,239974,10245,250219,3439
2021-02-10,Placer,061,380077,19984,19062,1101,20163,220
2021-02-10,Plumas,063,18699,629,589,11,600,2
2021-02-10,Riverside,065,2383286,279174,273721,13752,287473,3374
2021-02-10,Sacramento,067,1510023,91464,89653,1192,90845,1275
2021-02-10,San Benito,069,59416,5615,5591,86,5677,55
2021-02-10,San Bernardino,071,2135413,282197,275616,8800,284416,2696
2021-02-10,San Diego,073,3302833,257536,248858,12357,261215,2904
2021-02-10,San Francisco,075,870044,33215,32955,1053,34008,351
2021-02-10,San Joaquin,077,732212,65021,63484,2749,66233,954
2021-02-10,San Luis Obispo,079,281455,18938,18549,542,19091,216
2021-02-10,San Mateo,081,765935,38543,37323,394,37717,245
2021-02-10,Santa Barbara,083,443738,31289,30216,1100,31316,359
2021-02-10,Santa Clara,085,1922200,106801,106048,540,106588,1489
2021-02-10,Santa Cruz,087,273765,14980,14007,808,14815,165
2021-02-10,Shasta,089,179085,10677,10645,1186,11831,142
2021-02-10,Sierra,091,2930,47,45,14,59,0
2021-02-10,Siskiyou,093,43540,1400,1314,228,1542,4
2021-02-10,Solano,095,438530,29182,28835,345,29180,137
2021-02-10,Sonoma,097,501317,27062,26881,161,27042,271
2021-02-10,Stanislaus,099,539301,48987,48016,5322,53338,696
2021-02-10,Sutter,101,95872,8651,8571,83,8654,93
2021-02-10,Tehama,103,63373,4481,4445,503,4948,23
2021-02-10,Trinity,105,12862,379,268,51,319,3
2021-02-10,Tulare,107,460477,46718,45782,7877,53659,696
2021-02-10,Tuolumne,109,53932,3753,3691,30,3721,48
2021-02-10,Ventura,111,848112,75401,74651,2765,77416,580
2021-02-10,Yolo,113,214977,12532,12276,210,12486,174
2021-02-10,Yuba,115,75493,5328,5241,81,5322,38
2021-02-09,Alameda,001,1643700,78227,77018,1740,78758,936
2021-02-09,Alpine,003,1148,78,76,0,76,0
2021-02-09,Amador,005,37829,3393,3347,30,3377,35
2021-02-09,Butte,007,227075,10984,10563,1632,12195,153
2021-02-09,Calaveras,009,45235,1864,1847,12,1859,21
2021-02-09,Colusa,011,21464,1830,1812,246,2058,10
2021-02-09,Contra Costa,013,1133247,60838,59307,1077,60384,583
2021-02-09,Del Norte,015,27424,909,886,4,890,2
2021-02-09,El Dorado,017,186661,8832,8663,613,9276,87
2021-02-09,Fresno,019,978130,93381,91730,7572,99302,1211
2021-02-09,Glenn,021,27897,2184,2156,487,2643,14
2021-02-09,Humboldt,023,135768,2972,2904,19,2923,29
2021-02-09,Imperial,025,180216,26847,26509,2576,29085,568
2021-02-09,Inyo,027,18085,1185,1137,1,1138,30
2021-02-09,Kern,029,883053,90869,88684,9534,98218,920
2021-02-09,Kings,031,150075,21645,21275,1005,22280,196
2021-02-09,Lake,033,64148,3044,2955,1,2956,36
2021-02-09,Lassen,035,31185,5036,4983,92,5075,1
2021-02-09,Los Angeles,037,10098052,1150505,1122745,40081,1162826,18198
2021-02-09,Madera,039,155013,15165,14912,788,15700,105
2021-02-09,Marin,041,260295,12773,12623,155,12778,197
2021-02-09,Mariposa,043,17540,368,355,4,359,4
2021-02-09,Mendocino,045,87422,3525,3369,66,3435,38
2021-02-09,Merced,047,269075,27404,27166,809,27975,354
2021-02-09,Modoc,049,8938,332,316,111,427,3
2021-02-09,Mono,051,14174,1151,1167,13,1180,3
2021-02-09,Monterey,053,433212,40944,40279,1630,41909,285
2021-02-09,Napa,055,140530,8806,8749,31,8780,55
2021-02-09,Nevada,057,99092,3805,3687,151,3838,44
2021-02-09,Orange,059,3164182,242253,239169,10212,249381,3406
2021-02-09,Placer,061,380077,19920,19008,1094,20102,220
2021-02-09,Plumas,063,18699,629,584,11,595,2
2021-02-09,Riverside,065,2383286,278687,273465,13737,287202,3334
2021-02-09,Sacramento,067,1510023,91155,89378,1189,90567,1265
2021-02-09,San Benito,069,59416,5603,5566,85,5651,54
2021-02-09,San Bernardino,071,2135413,281823,274998,8786,283784,2613
2021-02-09,San Diego,073,3302833,256879,248048,12314,260362,2853
2021-02-09,San Francisco,075,870044,33136,32782,1043,33825,349
2021-02-09,San Joaquin,077,732212,64848,63341,2744,66085,937
2021-02-09,San Luis Obispo,079,281455,18879,18489,541,19030,216
2021-02-09,San Mateo,081,765935,38412,37227,393,37620,235
2021-02-09,Santa Barbara,083,443738,31179,30118,1093,31211,351
2021-02-09,Santa Clara,085,1922200,106494,105762,537,106299,1463
2021-02-09,Santa Cruz,087,273765,14930,13958,803,14761,162
2021-02-09,Shasta,089,179085,10651,10595,1184,11779,139
2021-02-09,Sierra,091,2930,47,44,14,58,0
2021-02-09,Siskiyou,093,43540,1393,1306,225,1531,4
2021-02-09,Solano,095,438530,29106,28769,341,29110,131
2021-02-09,Sonoma,097,501317,26973,26826,159,26985,267
2021-02-09,Stanislaus,099,539301,48826,47906,5306,53212,679
2021-02-09,Sutter,101,95872,8634,8541,83,8624,92
2021-02-09,Tehama,103,63373,4474,4416,501,4917,22
2021-02-09,Trinity,105,12862,379,266,51,317,3
2021-02-09,Tulare,107,460477,46587,45704,7819,53523,686
2021-02-09,Tuolumne,109,53932,3733,3673,30,3703,48
2021-02-09,Ventura,111,848112,75151,74333,2757,77090,567
2021-02-09,Yolo,113,214977,12491,12220,209,12429,174
2021-02-09,Yuba,115,75493,5319,5235,81,5316,35
2021-02-08,Alameda,001,1643700,77961,76735,1735,78470,924
2021-02-08,Alpine,003,1148,78,73,0,73,0
2021-02-08,Amador,005,37829,3386,3344,29,3373,33
2021-02-08,Butte,007,227075,10962,10524,1629,12153,152
2021-02-08,Calaveras,009,45235,1863,1840,12,1852,21
2021-02-08,Colusa,011,21464,1822,1802,242,2044,10
2021-02-08,Contra Costa,013,1133247,60630,59039,1075,60114,567
2021-02-08,Del Norte,015,27424,906,885,4,889,2
2021-02-08,El Dorado,017,186661,8801,8627,611,9238,86
2021-02-08,Fresno,019,978130,93173,91430,7544,98974,1207
2021-02-08,Glenn,021,27897,2177,2148,485,2633,14
2021-02-08,Humboldt,023,135768,2964,2902,19,2921,29
2021-02-08,Imperial,025,180216,26828,26526,2574,29100,567
2021-02-08,Inyo,027,18085,1172,1126,1,1127,30
2021-02-08,Kern,029,883053,90654,88380,9475,97855,920
2021-02-08,Kings,031,150075,21583,21232,1002,22234,195
2021-02-08,Lake,033,64148,3025,2949,1,2950,36
2021-02-08,Lassen,035,31185,5023,4976,92,5068,1
2021-02-08,Los Angeles,037,10098052,1148419,1120179,39958,1160137,17977
2021-02-08,Madera,039,155013,15128,14887,781,15668,93
2021-02-08,Marin,041,260295,12744,12591,155,12746,194
2021-02-08,Mariposa,043,17540,368,355,4,359,4
2021-02-08,Mendocino,045,87422,3511,3355,66,3421,38
2021-02-08,Merced,047,269075,27319,27082,804,27886,346
2021-02-08,Modoc,049,8938,330,318,111,429,3
2021-02-08,Mono,051,14174,1151,1165,13,1178,3
2021-02-08,Monterey,053,433212,40821,40186,1611,41797,283
2021-02-08,Napa,055,140530,8791,8719,31,8750,55
2021-02-08,Nevada,057,99092,3793,3671,151,3822,44
2021-02-08,Orange,059,3164182,241785,238715,10188,248903,3361
2021-02-08,Placer,061,380077,19877,18944,1087,20031,211
2021-02-08,Plumas,063,18699,628,584,11,595,2
2021-02-08,Riverside,065,2383286,278129,272904,13713,286617,3301
2021-02-08,Sacramento,067,1510023,90868,89267,1186,90453,1247
2021-02-08,San Benito,069,59416,5598,5553,84,5637,52
2021-02-08,San Bernardino,071,2135413,281423,274661,8780,283441,2587
2021-02-08,San Diego,073,3302833,256137,247259,12273,259532,2821
2021-02-08,San Francisco,075,870044,33042,32679,1035,33714,348
2021-02-08,San Joaquin,077,732212,64687,63148,2734,65882,929
2021-02-08,San Luis Obispo,079,281455,18822,18421,536,18957,214
2021-02-08,San Mateo,081,765935,38303,37084,393,37477,232
2021-02-08,Santa Barbara,083,443738,31066,29978,1086,31064,340
2021-02-08,Santa Clara,085,1922200,106169,105413,529,105942,1456
2021-02-08,Santa Cruz,087,273765,14891,13921,796,14717,161
2021-02-08,Shasta,089,179085,10625,10574,1178,11752,137
2021-02-08,Sierra,091,2930,47,44,14,58,0
2021-02-08,Siskiyou,093,43540,1390,1303,225,1528,4
2021-02-08,Solano,095,438530,29043,28644,339,28983,130
2021-02-08,Sonoma,097,501317,26882,26760,158,26918,259
2021-02-08,Stanislaus,099,539301,48674,47704,5277,52981,679
2021-02-08,Sutter,101,95872,8615,8526,83,8609,92
2021-02-08,Tehama,103,63373,4459,4403,499,4902,22
2021-02-08,Trinity,105,12862,377,266,51,317,3
2021-02-08,Tulare,107,460477,46481,45617,7778,53395,673
2021-02-08,Tuolumne,109,53932,3725,3647,30,3677,48
2021-02-08,Ventura,111,848112,74894,74068,2751,76819,565
2021-02-08,Yolo,113,214977,12459,12169,208,12377,162
2021-02-08,Yuba,115,75493,5303,5215,81,5296,35
2021-02-07,Alameda,001,1643700,77656,76500,1727,78227,924
2021-02-07,Alpine,003,1148,75,72,0,72,0
2021-02-07,Amador,005,37829,3365,3343,29,3372,33
2021-02-07,Butte,007,227075,10929,10513,1619,12132,152
2021-02-07,Calaveras,009,45235,1859,1837,12,1849,21
2021-02-07,Colusa,011,21464,1811,1795,240,2035,10
2021-02-07,Contra Costa,013,1133247,60394,58836,1069,59905,566
2021-02-07,Del Norte,015,27424,902,881,4,885,2
2021-02-07,El Dorado,017,186661,8772,8596,609,9205,86
2021-02-07,Fresno,019,978130,92945,91184,7504,98688,1207
2021-02-07,Glenn,021,27897,2174,2141,481,2622,14
2021-02-07,Humboldt,023,135768,2943,2895,19,2914,28
2021-02-07,Imperial,025,180216,26802,26518,2567,29085,567
2021-02-07,Inyo,027,18085,1161,1124,1,1125,27
2021-02-07,Kern,029,883053,90409,88146,9418,97564,920
2021-02-07,Kings,031,150075,21522,21180,999,22179,192
2021-02-07,Lake,033,64148,3009,2940,1,2941,36
2021-02-07,Lassen,035,31185,5012,4973,92,5065,1
2021-02-07,Los Angeles,037,10098052,1145672,1117551,39824,1157375,17889
2021-02-07,Madera,039,155013,15094,14850,777,15627,93
2021-02-07,Marin,041,260295,12710,12571,153,12724,194
2021-02-07,Mariposa,043,17540,367,355,4,359,4
2021-02-07,Mendocino,045,87422,3494,3348,66,3414,38
2021-02-07,Merced,047,269075,27208,26977,792,27769,346
2021-02-07,Modoc,049,8938,330,317,107,424,3
2021-02-07,Mono,051,14174,1148,1165,13,1178,3
2021-02-07,Monterey,053,433212,40685,40113,1590,41703,283
2021-02-07,Napa,055,140530,8768,8701,31,8732,55
2021-02-07,Nevada,057,99092,3782,3643,151,3794,44
2021-02-07,Orange,059,3164182,241187,238155,10156,248311,3336
2021-02-07,Placer,061,380077,19829,18903,1073,19976,211
2021-02-07,Plumas,063,18699,628,584,11,595,2
2021-02-07,Riverside,065,2383286,277618,272301,13690,285991,3267
2021-02-07,Sacramento,067,1510023,90538,88919,1177,90096,1246
2021-02-07,San Benito,069,59416,5579,5548,83,5631,52
2021-02-07,San Bernardino,071,2135413,280839,274316,8756,283072,2587
2021-02-07,San Diego,073,3302833,255351,246561,12209,258770,2821
2021-02-07,San Francisco,075,870044,32921,32609,1023,33632,348
2021-02-07,San Joaquin,077,732212,64416,63051,2718,65769,929
2021-02-07,San Luis Obispo,079,281455,18750,18349,529,18878,214
2021-02-07,San Mateo,081,765935,38169,36984,391,37375,232
2021-02-07,Santa Barbara,083,443738,30929,29815,1075,30890,340
2021-02-07,Santa Clara,085,1922200,105829,105118,519,105637,1450
2021-02-07,Santa Cruz,087,273765,14837,13887,792,14679,161
2021-02-07,Shasta,089,179085,10605,10570,1170,11740,137
2021-02-07,Sierra,091,2930,47,43,14,57,0
2021-02-07,Siskiyou,093,43540,1383,1295,223,1518,4
2021-02-07,Solano,095,438530,28933,28567,338,28905,130
2021-02-07,Sonoma,097,501317,26775,26684,154,26838,257
2021-02-07,Stanislaus,099,539301,48483,47551,5245,52796,679
2021-02-07,Sutter,101,95872,8588,8515,83,8598,92
2021-02-07,Tehama,103,63373,4445,4396,497,4893,22
2021-02-07,Trinity,105,12862,374,264,49,313,3
2021-02-07,Tulare,107,460477,46360,45520,7698,53218,671
2021-02-07,Tuolumne,109,53932,3701,3619,29,3648,48
2021-02-07,Ventura,111,848112,74586,73759,2738,76497,561
2021-02-07,Yolo,113,214977,12414,12135,208,12343,162
2021-02-07,Yuba,115,75493,5288,5198,79,5277,35
2021-02-06,Alameda,001,1643700,77498,76170,1716,77886,922
2021-02-06,Alpine,003,1148,75,72,0,72,0
2021-02-06,Amador,005,37829,3359,3306,29,3335,33
2021-02-06,Butte,007,227075,10912,10480,1615,12095,150
2021-02-06,Calaveras,009,45235,1857,1832,12,1844,21
2021-02-06,Colusa,011,21464,1809,1791,239,2030,10
2021-02-06,Contra Costa,013,1133247,60248,58567,1063,59630,566
2021-02-06,Del Norte,015,27424,898,879,4,883,2
2021-02-06,El Dorado,017,186661,8765,8575,605,9180,86
2021-02-06,Fresno,019,978130,92833,90944,7482,98426,1207
2021-02-06,Glenn,021,27897,2173,2136,479,2615,14
2021-02-06,Humboldt,023,135768,2932,2880,19,2899,28
2021-02-06,Imperial,025,180216,26792,26514,2566,29080,567
2021-02-06,Inyo,027,18085,1158,1113,1,1114,27
2021-02-06,Kern,029,883053,90258,87919,9371,97290,912
2021-02-06,Kings,031,150075,21492,21156,999,22155,190
2021-02-06,Lake,033,64148,3004,2920,1,2921,34
2021-02-06,Lassen,035,31185,5008,4964,91,5055,1
2021-02-06,Los Angeles,037,10098052,1144323,1114718,39722,1154440,17793
2021-02-06,Madera,039,155013,15073,14807,775,15582,93
2021-02-06,Marin,041,260295,12691,12531,152,12683,194
2021-02-06,Mariposa,043,17540,366,355,3,358,4
2021-02-06,Mendocino,045,87422,3476,3316,65,3381,38
2021-02-06,Merced,047,269075,27123,26881,784,27665,346
2021-02-06,Modoc,049,8938,330,313,107,420,3
2021-02-06,Mono,051,14174,1147,1159,13,1172,3
2021-02-06,Monterey,053,433212,40629,39995,1582,41577,282
2021-02-06,Napa,055,140530,8755,8639,31,8670,55
2021-02-06,Nevada,057,99092,3770,3624,151,3775,43
2021-02-06,Orange,059,3164182,240826,237391,10120,247511,3293
2021-02-06,Placer,061,380077,19792,18836,1070,19906,211
2021-02-06,Plumas,063,18699,628,584,11,595,2
2021-02-06,Riverside,065,2383286,277259,271741,13670,285411,3243
2021-02-06,Sacramento,067,1510023,90321,88532,1168,89700,1237
2021-02-06,San Benito,069,59416,5561,5516,83,5599,52
2021-02-06,San Bernardino,071,2135413,280535,273718,8733,282451,2564
2021-02-06,San Diego,073,3302833,254855,245331,12174,257505,2812
2021-02-06,San Francisco,075,870044,32848,32437,1012,33449,346
2021-02-06,San Joaquin,077,732212,64339,62840,2705,65545,906
2021-02-06,San Luis Obispo,079,281455,18708,18284,525,18809,214
2021-02-06,San Mateo,081,765935,38101,36824,388,37212,232
2021-02-06,Santa Barbara,083,443738,30854,29645,1073,30718,337
2021-02-06,Santa Clara,085,1922200,105608,104639,514,105153,1439
2021-02-06,Santa Cruz,087,273765,14806,13845,788,14633,161
2021-02-06,Shasta,089,179085,10594,10561,1168,11729,137
2021-02-06,Sierra,091,2930,47,43,14,57,0
2021-02-06,Siskiyou,093,43540,1380,1289,222,1511,4
2021-02-06,Solano,095,438530,28897,28446,337,28783,129
2021-02-06,Sonoma,097,501317,26739,26564,152,26716,257
2021-02-06,Stanislaus,099,539301,48385,47325,5229,52554,679
2021-02-06,Sutter,101,95872,8580,8485,83,8568,92
2021-02-06,Tehama,103,63373,4438,4380,495,4875,22
2021-02-06,Trinity,105,12862,374,263,49,312,3
2021-02-06,Tulare,107,460477,46295,45349,7648,52997,664
2021-02-06,Tuolumne,109,53932,3694,3612,29,3641,48
2021-02-06,Ventura,111,848112,74406,73431,2732,76163,552
2021-02-06,Yolo,113,214977,12391,12061,208,12269,161
2021-02-06,Yuba,115,75493,5278,5177,78,5255,35
2021-02-05,Alameda,001,1643700,77272,75716,1713,77429,916
2021-02-05,Alpine,003,1148,75,72,0,72,0
2021-02-05,Amador,005,37829,3354,3299,28,3327,33
2021-02-05,Butte,007,227075,10894,10421,1609,12030,150
2021-02-05,Calaveras,009,45235,1853,1818,12,1830,21
2021-02-05,Colusa,011,21464,1805,1785,239,2024,10
2021-02-05,Contra Costa,013,1133247,60087,58195,1061,59256,560
2021-02-05,Del Norte,015,27424,897,874,4,878,2
2021-02-05,El Dorado,017,186661,8745,8527,603,9130,86
2021-02-05,Fresno,019,978130,92631,90513,7461,97974,1194
2021-02-05,Glenn,021,27897,2167,2122,474,2596,14
2021-02-05,Humboldt,023,135768,2922,2857,19,2876,28
2021-02-05,Imperial,025,180216,26773,26474,2566,29040,557
2021-02-05,Inyo,027,18085,1154,1104,1,1105,27
2021-02-05,Kern,029,883053,90089,87470,9304,96774,906
2021-02-05,Kings,031,150075,21455,21021,995,22016,190
2021-02-05,Lake,033,64148,2992,2906,1,2907,33
2021-02-05,Lassen,035,31185,5004,4936,91,5027,1
2021-02-05,Los Angeles,037,10098052,1142235,1110384,39580,1149964,17608
2021-02-05,Madera,039,155013,15039,14752,770,15522,95
2021-02-05,Marin,041,260295,12656,12479,152,12631,193
2021-02-05,Mariposa,043,17540,366,352,3,355,4
2021-02-05,Mendocino,045,87422,3462,3272,65,3337,38
2021-02-05,Merced,047,269075,27063,26760,783,27543,345
2021-02-05,Modoc,049,8938,330,312,107,419,3
2021-02-05,Mono,051,14174,1146,1157,13,1170,3
2021-02-05,Monterey,053,433212,40565,39840,1571,41411,281
2021-02-05,Napa,055,140530,8741,8598,31,8629,55
2021-02-05,Nevada,057,99092,3767,3607,151,3758,43
2021-02-05,Orange,059,3164182,240401,236335,10091,246426,3260
2021-02-05,Placer,061,380077,19757,18756,1068,19824,211
2021-02-05,Plumas,063,18699,626,578,11,589,2
2021-02-05,Riverside,065,2383286,276853,270666,13651,284317,3235
2021-02-05,Sacramento,067,1510023,90141,87992,1161,89153,1231
2021-02-05,San Benito,069,59416,5550,5502,83,5585,51
2021-02-05,San Bernardino,071,2135413,280197,272938,8715,281653,2495
2021-02-05,San Diego,073,3302833,254279,244066,12139,256205,2777
2021-02-05,San Francisco,075,870044,32759,32229,1000,33229,337
2021-02-05,San Joaquin,077,732212,64191,62565,2697,65262,902
2021-02-05,San Luis Obispo,079,281455,18647,18152,521,18673,213
2021-02-05,San Mateo,081,765935,38017,36582,387,36969,227
2021-02-05,Santa Barbara,083,443738,30761,29455,1058,30513,334
2021-02-05,Santa Clara,085,1922200,105360,104112,512,104624,1421
2021-02-05,Santa Cruz,087,273765,14785,13776,786,14562,161
2021-02-05,Shasta,089,179085,10578,10507,1161,11668,136
2021-02-05,Sierra,091,2930,47,42,14,56,0
2021-02-05,Siskiyou,093,43540,1373,1276,220,1496,4
2021-02-05,Solano,095,438530,28847,28283,337,28620,127
2021-02-05,Sonoma,097,501317,26670,26423,149,26572,252
2021-02-05,Stanislaus,099,539301,48243,47024,5211,52235,678
2021-02-05,Sutter,101,95872,8560,8443,83,8526,92
2021-02-05,Tehama,103,63373,4430,4355,495,4850,22
2021-02-05,Trinity,105,12862,373,260,49,309,3
2021-02-05,Tulare,107,460477,46219,45138,7597,52735,663
2021-02-05,Tuolumne,109,53932,3668,3595,29,3624,45
2021-02-05,Ventura,111,848112,74161,72953,2721,75674,546
2021-02-05,Yolo,113,214977,12372,12025,203,12228,162
2021-02-05,Yuba,115,75493,5261,5145,78,5223,35
2021-02-04,Alameda,001,1643700,76987,75422,1707,77129,899
2021-02-04,Alpine,003,1148,74,72,0,72,0
2021-02-04,Amador,005,37829,3351,3288,28,3316,33
2021-02-04,Butte,007,227075,10862,10386,1599,11985,147
2021-02-04,Calaveras,009,45235,1851,1808,12,1820,21
2021-02-04,Colusa,011,21464,1801,1777,237,2014,10
2021-02-04,Contra Costa,013,1133247,59897,57991,1057,59048,550
2021-02-04,Del Norte,015,27424,891,870,4,874,2
2021-02-04,El Dorado,017,186661,8719,8490,600,9090,86
2021-02-04,Fresno,019,978130,92417,90126,7434,97560,1114
2021-02-04,Glenn,021,27897,2163,2102,474,2576,14
2021-02-04,Humboldt,023,135768,2912,2827,19,2846,28
2021-02-04,Imperial,025,180216,26726,26411,2564,28975,556
2021-02-04,Inyo,027,18085,1142,1084,1,1085,27
2021-02-04,Kern,029,883053,89817,87156,9225,96381,898
2021-02-04,Kings,031,150075,21405,20918,987,21905,187
2021-02-04,Lake,033,64148,2980,2882,1,2883,34
2021-02-04,Lassen,035,31185,5001,4927,91,5018,1
2021-02-04,Los Angeles,037,10098052,1139449,1106323,39449,1145772,17396
2021-02-04,Madera,039,155013,15010,14706,766,15472,95
2021-02-04,Marin,041,260295,12620,12431,152,12583,192
2021-02-04,Mariposa,043,17540,366,348,3,351,4
2021-02-04,Mendocino,045,87422,3444,3240,63,3303,38
2021-02-04,Merced,047,269075,26970,26629,780,27409,345
2021-02-04,Modoc,049,8938,330,309,107,416,3
2021-02-04,Mono,051,14174,1144,1153,13,1166,3
2021-02-04,Monterey,053,433212,40457,39619,1553,41172,279
2021-02-04,Napa,055,140530,8712,8573,31,8604,55
2021-02-04,Nevada,057,99092,3747,3590,150,3740,37
2021-02-04,Orange,059,3164182,239759,235677,10049,245726,3238
2021-02-04,Placer,061,380077,19697,18711,1059,19770,210
2021-02-04,Plumas,063,18699,623,562,11,573,2
2021-02-04,Riverside,065,2383286,276114,269851,13611,283462,3230
2021-02-04,Sacramento,067,1510023,89841,87658,1149,88807,1222
2021-02-04,San Benito,069,59416,5536,5488,82,5570,51
2021-02-04,San Bernardino,071,2135413,279648,272223,8695,280918,2409
2021-02-04,San Diego,073,3302833,253491,242613,12073,254686,2738
2021-02-04,San Francisco,075,870044,32646,32116,991,33107,326
2021-02-04,San Joaquin,077,732212,63966,62374,2689,65063,883
2021-02-04,San Luis Obispo,079,281455,18581,18058,518,18576,211
2021-02-04,San Mateo,081,765935,37897,36437,384,36821,226
2021-02-04,Santa Barbara,083,443738,30629,29344,1040,30384,322
2021-02-04,Santa Clara,085,1922200,105011,103781,509,104290,1404
2021-02-04,Santa Cruz,087,273765,14752,13713,778,14491,156
2021-02-04,Shasta,089,179085,10551,10466,1156,11622,131
2021-02-04,Sierra,091,2930,47,42,14,56,0
2021-02-04,Siskiyou,093,43540,1364,1273,220,1493,4
2021-02-04,Solano,095,438530,28744,28192,336,28528,120
2021-02-04,Sonoma,097,501317,26588,26276,145,26421,249
2021-02-04,Stanislaus,099,539301,48081,46822,5190,52012,678
2021-02-04,Sutter,101,95872,8540,8401,83,8484,92
2021-02-04,Tehama,103,63373,4414,4327,495,4822,21
2021-02-04,Trinity,105,12862,372,260,48,308,3
2021-02-04,Tulare,107,460477,46095,44983,7530,52513,656
2021-02-04,Tuolumne,109,53932,3628,3585,29,3614,45
2021-02-04,Ventura,111,848112,73829,72595,2708,75303,537
2021-02-04,Yolo,113,214977,12338,11982,202,12184,161
2021-02-04,Yuba,115,75493,5235,5135,78,5213,34
2021-02-03,Alameda,001,1643700,76653,74968,1703,76671,880
2021-02-03,Alpine,003,1148,74,72,0,72,0
2021-02-03,Amador,005,37829,3347,3281,28,3309,33
2021-02-03,Butte,007,227075,10826,10355,1592,11947,144
2021-02-03,Calaveras,009,45235,1837,1799,11,1810,21
2021-02-03,Colusa,011,21464,1796,1773,236,2009,10
2021-02-03,Contra Costa,013,1133247,59658,57762,1045,58807,537
2021-02-03,Del Norte,015,27424,886,869,4,873,2
2021-02-03,El Dorado,017,186661,8699,8428,599,9027,86
2021-02-03,Fresno,019,978130,92197,89748,7394,97142,1015
2021-02-03,Glenn,021,27897,2154,2098,472,2570,14
2021-02-03,Humboldt,023,135768,2902,2800,19,2819,27
2021-02-03,Imperial,025,180216,26692,26363,2558,28921,547
2021-02-03,Inyo,027,18085,1132,1071,1,1072,27
2021-02-03,Kern,029,883053,89575,86771,9184,95955,877
2021-02-03,Kings,031,150075,21346,20831,983,21814,172
2021-02-03,Lake,033,64148,2963,2869,1,2870,33
2021-02-03,Lassen,035,31185,4990,4910,91,5001,1
2021-02-03,Los Angeles,037,10098052,1136385,1101890,39316,1141206,17163
2021-02-03,Madera,039,155013,14972,14605,764,15369,94
2021-02-03,Marin,041,260295,12586,12406,152,12558,190
2021-02-03,Mariposa,043,17540,365,347,3,350,4
2021-02-03,Mendocino,045,87422,3418,3236,62,3298,38
2021-02-03,Merced,047,269075,26854,26520,775,27295,343
2021-02-03,Modoc,049,8938,329,308,107,415,3
2021-02-03,Mono,051,14174,1137,1146,13,1159,3
2021-02-03,Monterey,053,433212,40329,39500,1535,41035,279
2021-02-03,Napa,055,140530,8677,8534,31,8565,54
2021-02-03,Nevada,057,99092,3733,3572,150,3722,35
2021-02-03,Orange,059,3164182,239016,234738,10017,244755,3189
2021-02-03,Placer,061,380077,19641,18646,1057,19703,210
2021-02-03,Plumas,063,18699,623,559,11,570,2
2021-02-03,Riverside,065,2383286,275390,269019,13579,282598,3195
2021-02-03,Sacramento,067,1510023,89518,87415,1144,88559,1212
2021-02-03,San Benito,069,59416,5518,5463,79,5542,51
2021-02-03,San Bernardino,071,2135413,279167,271477,8670,280147,2308
2021-02-03,San Diego,073,3302833,252590,241015,12026,253041,2683
2021-02-03,San Francisco,075,870044,32516,31983,986,32969,325
2021-02-03,San Joaquin,077,732212,63741,61976,2678,64654,880
2021-02-03,San Luis Obispo,079,281455,18504,17922,515,18437,206
2021-02-03,San Mateo,081,765935,37759,36227,380,36607,225
2021-02-03,Santa Barbara,083,443738,30483,29121,1030,30151,315
2021-02-03,Santa Clara,085,1922200,104696,103278,505,103783,1364
2021-02-03,Santa Cruz,087,273765,14698,13611,770,14381,154
2021-02-03,Shasta,089,179085,10508,10422,1151,11573,130
2021-02-03,Sierra,091,2930,47,42,14,56,0
2021-02-03,Siskiyou,093,43540,1353,1268,219,1487,4
2021-02-03,Solano,095,438530,28622,28057,336,28393,119
2021-02-03,Sonoma,097,501317,26503,26155,144,26299,248
2021-02-03,Stanislaus,099,539301,47907,46598,5170,51768,662
2021-02-03,Sutter,101,95872,8515,8379,83,8462,90
2021-02-03,Tehama,103,63373,4392,4309,492,4801,21
2021-02-03,Trinity,105,12862,372,260,47,307,3
2021-02-03,Tulare,107,460477,45928,44838,7469,52307,640
2021-02-03,Tuolumne,109,53932,3617,3568,29,3597,45
2021-02-03,Ventura,111,848112,73493,72124,2696,74820,526
2021-02-03,Yolo,113,214977,12314,11933,201,12134,161
2021-02-03,Yuba,115,75493,5217,5124,78,5202,34
2021-02-02,Alameda,001,1643700,76309,74642,1688,76330,869
2021-02-02,Alpine,003,1148,74,72,0,72,0
2021-02-02,Amador,005,37829,3316,3275,28,3303,33
2021-02-02,Butte,007,227075,10799,10307,1584,11891,141
2021-02-02,Calaveras,009,45235,1827,1786,11,1797,21
2021-02-02,Colusa,011,21464,1788,1769,231,2000,9
2021-02-02,Contra Costa,013,1133247,59379,57551,1040,58591,536
2021-02-02,Del Norte,015,27424,880,868,4,872,2
2021-02-02,El Dorado,017,186661,8659,8405,599,9004,84
2021-02-02,Fresno,019,978130,91896,89542,7359,96901,1009
2021-02-02,Glenn,021,27897,2143,2090,468,2558,14
2021-02-02,Humboldt,023,135768,2890,2784,19,2803,25
2021-02-02,Imperial,025,180216,26641,26317,2553,28870,535
2021-02-02,Inyo,027,18085,1129,1074,1,1075,27
2021-02-02,Kern,029,883053,89274,86485,9107,95592,867
2021-02-02,Kings,031,150075,21269,20785,974,21759,172
2021-02-02,Lake,033,64148,2943,2857,1,2858,33
2021-02-02,Lassen,035,31185,4983,4908,91,4999,1
2021-02-02,Los Angeles,037,10098052,1133015,1097573,39146,1136719,16913
2021-02-02,Madera,039,155013,14922,14595,759,15354,94
2021-02-02,Marin,041,260295,12557,12367,152,12519,189
2021-02-02,Mariposa,043,17540,362,345,3,348,4
2021-02-02,Mendocino,045,87422,3385,3210,62,3272,38
2021-02-02,Merced,047,269075,26758,26427,767,27194,340
2021-02-02,Modoc,049,8938,324,306,107,413,3
2021-02-02,Mono,051,14174,1135,1147,13,1160,3
2021-02-02,Monterey,053,433212,40194,39371,1521,40892,278
2021-02-02,Napa,055,140530,8648,8505,31,8536,53
2021-02-02,Nevada,057,99092,3718,3548,150,3698,20
2021-02-02,Orange,059,3164182,238218,233783,9981,243764,3152
2021-02-02,Placer,061,380077,19581,18615,1053,19668,205
2021-02-02,Plumas,063,18699,623,560,11,571,2
2021-02-02,Riverside,065,2383286,274554,267901,13545,281446,3169
2021-02-02,Sacramento,067,1510023,89229,87107,1133,88240,1202
2021-02-02,San Benito,069,59416,5504,5444,78,5522,50
2021-02-02,San Bernardino,071,2135413,278495,270486,8638,279124,2244
2021-02-02,San Diego,073,3302833,251553,240047,11940,251987,2629
2021-02-02,San Francisco,075,870044,32360,31788,975,32763,324
2021-02-02,San Joaquin,077,732212,63522,61708,2663,64371,878
2021-02-02,San Luis Obispo,079,281455,18410,17811,513,18324,201
2021-02-02,San Mateo,081,765935,37595,36004,374,36378,225
2021-02-02,Santa Barbara,083,443738,30314,28951,1023,29974,304
2021-02-02,Santa Clara,085,1922200,104233,102872,500,103372,1349
2021-02-02,Santa Cruz,087,273765,14639,13572,766,14338,150
2021-02-02,Shasta,089,179085,10483,10371,1140,11511,128
2021-02-02,Sierra,091,2930,47,42,14,56,0
2021-02-02,Siskiyou,093,43540,1346,1252,216,1468,4
2021-02-02,Solano,095,438530,28526,27963,332,28295,118
2021-02-02,Sonoma,097,501317,26386,26054,144,26198,247
2021-02-02,Stanislaus,099,539301,47688,46306,5137,51443,641
2021-02-02,Sutter,101,95872,8492,8340,83,8423,89
2021-02-02,Tehama,103,63373,4379,4289,490,4779,21
2021-02-02,Trinity,105,12862,372,260,47,307,3
2021-02-02,Tulare,107,460477,45774,44720,7401,52121,625
2021-02-02,Tuolumne,109,53932,3605,3548,29,3577,39
2021-02-02,Ventura,111,848112,73075,71557,2686,74243,514
2021-02-02,Yolo,113,214977,12269,11886,194,12080,158
2021-02-02,Yuba,115,75493,5199,5111,78,5189,34
2021-02-01,Alameda,001,1643700,75954,74374,1682,76056,858
2021-02-01,Alpine,003,1148,74,72,0,72,0
2021-02-01,Amador,005,37829,3305,3234,28,3262,32
2021-02-01,Butte,007,227075,10757,10263,1580,11843,141
2021-02-01,Calaveras,009,45235,1819,1785,11,1796,21
2021-02-01,Colusa,011,21464,1783,1763,222,1985,9
2021-02-01,Contra Costa,013,1133247,59134,57324,1039,58363,531
2021-02-01,Del Norte,015,27424,877,865,4,869,2
2021-02-01,El Dorado,017,186661,8620,8337,599,8936,83
2021-02-01,Fresno,019,978130,91567,89272,7321,96593,994
2021-02-01,Glenn,021,27897,2128,2086,460,2546,14
2021-02-01,Humboldt,023,135768,2868,2773,18,2791,25
2021-02-01,Imperial,025,180216,26598,26224,2551,28775,530
2021-02-01,Inyo,027,18085,1119,1072,1,1073,27
2021-02-01,Kern,029,883053,88879,86170,9036,95206,862
2021-02-01,Kings,031,150075,21179,20746,965,21711,172
2021-02-01,Lake,033,64148,2927,2843,1,2844,33
2021-02-01,Lassen,035,31185,4963,4907,91,4998,1
2021-02-01,Los Angeles,037,10098052,1129207,1094341,38968,1133309,16695
2021-02-01,Madera,039,155013,14887,14572,756,15328,94
2021-02-01,Marin,041,260295,12519,12341,151,12492,188
2021-02-01,Mariposa,043,17540,360,344,3,347,4
2021-02-01,Mendocino,045,87422,3352,3192,62,3254,37
2021-02-01,Merced,047,269075,26632,26282,758,27040,337
2021-02-01,Modoc,049,8938,318,303,103,406,1
2021-02-01,Mono,051,14174,1132,1145,13,1158,3
2021-02-01,Monterey,053,433212,40013,39196,1499,40695,278
2021-02-01,Napa,055,140530,8616,8449,31,8480,52
2021-02-01,Nevada,057,99092,3701,3535,149,3684,20
2021-02-01,Orange,059,3164182,237308,233155,9935,243090,3100
2021-02-01,Placer,061,380077,19512,18574,1046,19620,204
2021-02-01,Plumas,063,18699,621,554,11,565,2
2021-02-01,Riverside,065,2383286,273644,267025,13508,280533,3092
2021-02-01,Sacramento,067,1510023,88829,86856,1121,87977,1193
2021-02-01,San Benito,069,59416,5486,5432,78,5510,48
2021-02-01,San Bernardino,071,2135413,277804,270012,8596,278608,2172
2021-02-01,San Diego,073,3302833,250331,239121,11864,250985,2619
2021-02-01,San Francisco,075,870044,32226,31703,963,32666,324
2021-02-01,San Joaquin,077,732212,63318,61542,2652,64194,877
2021-02-01,San Luis Obispo,079,281455,18292,17690,505,18195,199
2021-02-01,San Mateo,081,765935,37446,35843,374,36217,220
2021-02-01,Santa Barbara,083,443738,30145,28837,1015,29852,297
2021-02-01,Santa Clara,085,1922200,103818,102462,499,102961,1343
2021-02-01,Santa Cruz,087,273765,14586,13524,764,14288,149
2021-02-01,Shasta,089,179085,10458,10329,1134,11463,112
2021-02-01,Sierra,091,2930,47,42,14,56,0
2021-02-01,Siskiyou,093,43540,1339,1238,213,1451,4
2021-02-01,Solano,095,438530,28421,27844,331,28175,117
2021-02-01,Sonoma,097,501317,26298,26011,143,26154,243
2021-02-01,Stanislaus,099,539301,47430,46112,5109,51221,642
2021-02-01,Sutter,101,95872,8452,8313,83,8396,89
2021-02-01,Tehama,103,63373,4355,4263,490,4753,21
2021-02-01,Trinity,105,12862,370,260,47,307,3
2021-02-01,Tulare,107,460477,45630,44569,7319,51888,618
2021-02-01,Tuolumne,109,53932,3597,3534,29,3563,39
2021-02-01,Ventura,111,848112,72668,71104,2670,73774,502
2021-02-01,Yolo,113,214977,12225,11824,186,12010,151
2021-02-01,Yuba,115,75493,5186,5084,77,5161,33
2021-01-31,Alameda,001,1643700,75526,73979,1674,75653,857
2021-01-31,Alpine,003,1148,74,72,0,72,0
2021-01-31,Amador,005,37829,3295,3212,26,3238,32
2021-01-31,Butte,007,227075,10715,10215,1569,11784,140
2021-01-31,Calaveras,009,45235,1796,1778,11,1789,21
2021-01-31,Colusa,011,21464,1776,1754,217,1971,9
2021-01-31,Contra Costa,013,1133247,58803,57079,1039,58118,531
2021-01-31,Del Norte,015,27424,875,865,4,869,2
2021-01-31,El Dorado,017,186661,8584,8317,596,8913,83
2021-01-31,Fresno,019,978130,91254,88852,7269,96121,994
2021-01-31,Glenn,021,27897,2117,2083,459,2542,14
2021-01-31,Humboldt,023,135768,2852,2767,18,2785,25
2021-01-31,Imperial,025,180216,26527,26206,2541,28747,530
2021-01-31,Inyo,027,18085,1106,1072,1,1073,27
2021-01-31,Kern,029,883053,88385,85872,8947,94819,861
2021-01-31,Kings,031,150075,21096,20709,952,21661,172
2021-01-31,Lake,033,64148,2906,2826,1,2827,33
2021-01-31,Lassen,035,31185,4947,4900,91,4991,1
2021-01-31,Los Angeles,037,10098052,1124604,1090304,38755,1129059,16609
2021-01-31,Madera,039,155013,14833,14496,748,15244,94
2021-01-31,Marin,041,260295,12472,12297,147,12444,185
2021-01-31,Mariposa,043,17540,358,344,3,347,4
2021-01-31,Mendocino,045,87422,3329,3181,61,3242,37
2021-01-31,Merced,047,269075,26488,26222,753,26975,337
2021-01-31,Modoc,049,8938,315,304,101,405,1
2021-01-31,Mono,051,14174,1129,1146,13,1159,3
2021-01-31,Monterey,053,433212,39834,39035,1471,40506,278
2021-01-31,Napa,055,140530,8574,8404,31,8435,52
2021-01-31,Nevada,057,99092,3679,3518,147,3665,20
2021-01-31,Orange,059,3164182,236290,232347,9894,242241,3053
2021-01-31,Placer,061,380077,19439,18506,1034,19540,204
2021-01-31,Plumas,063,18699,620,554,11,565,2
2021-01-31,Riverside,065,2383286,272674,266145,13460,279605,3074
2021-01-31,Sacramento,067,1510023,88390,86560,1105,87665,1186
2021-01-31,San Benito,069,59416,5464,5425,76,5501,48
2021-01-31,San Bernardino,071,2135413,276766,269533,8563,278096,2156
2021-01-31,San Diego,073,3302833,249018,238039,11750,249789,2619
2021-01-31,San Francisco,075,870044,32036,31563,951,32514,323
2021-01-31,San Joaquin,077,732212,62915,61379,2642,64021,877
2021-01-31,San Luis Obispo,079,281455,18158,17615,500,18115,199
2021-01-31,San Mateo,081,765935,37256,35659,371,36030,219
2021-01-31,Santa Barbara,083,443738,29906,28570,1006,29576,297
2021-01-31,Santa Clara,085,1922200,103269,101986,490,102476,1330
2021-01-31,Santa Cruz,087,273765,14490,13469,750,14219,149
2021-01-31,Shasta,089,179085,10413,10313,1125,11438,112
2021-01-31,Sierra,091,2930,46,43,14,57,0
2021-01-31,Siskiyou,093,43540,1329,1238,213,1451,4
2021-01-31,Solano,095,438530,28291,27678,331,28009,118
2021-01-31,Sonoma,097,501317,26195,25925,142,26067,243
2021-01-31,Stanislaus,099,539301,47147,45971,5068,51039,642
2021-01-31,Sutter,101,95872,8407,8289,83,8372,89
2021-01-31,Tehama,103,63373,4335,4256,489,4745,21
2021-01-31,Trinity,105,12862,368,260,47,307,3
2021-01-31,Tulare,107,460477,45463,44440,7237,51677,618
2021-01-31,Tuolumne,109,53932,3558,3519,29,3548,39
2021-01-31,Ventura,111,848112,72073,70635,2657,73292,502
2021-01-31,Yolo,113,214977,12164,11771,180,11951,151
2021-01-31,Yuba,115,75493,5166,5071,76,5147,33
2021-01-30,Alameda,001,1643700,75322,73622,1669,75291,850
2021-01-30,Alpine,003,1148,74,72,0,72,0
2021-01-30,Amador,005,37829,3291,3181,26,3207,32
2021-01-30,Butte,007,227075,10680,10177,1560,11737,139
2021-01-30,Calaveras,009,45235,1783,1763,11,1774,21
2021-01-30,Colusa,011,21464,1774,1748,217,1965,9
2021-01-30,Contra Costa,013,1133247,58618,56763,1035,57798,531
2021-01-30,Del Norte,015,27424,874,865,4,869,2
2021-01-30,El Dorado,017,186661,8564,8299,595,8894,83
2021-01-30,Fresno,019,978130,91076,88476,7249,95725,964
2021-01-30,Glenn,021,27897,2114,2074,457,2531,14
2021-01-30,Humboldt,023,135768,2841,2742,18,2760,24
2021-01-30,Imperial,025,180216,26506,26160,2540,28700,530
2021-01-30,Inyo,027,18085,1102,1068,1,1069,27
2021-01-30,Kern,029,883053,88184,85572,8881,94453,848
2021-01-30,Kings,031,150075,21026,20605,946,21551,169
2021-01-30,Lake,033,64148,2900,2809,1,2810,33
2021-01-30,Lassen,035,31185,4944,4890,91,4981,1
2021-01-30,Los Angeles,037,10098052,1122239,1084763,38608,1123371,16484
2021-01-30,Madera,039,155013,14791,14443,743,15186,94
2021-01-30,Marin,041,260295,12444,12225,146,12371,185
2021-01-30,Mariposa,043,17540,356,344,3,347,4
2021-01-30,Mendocino,045,87422,3315,3153,60,3213,36
2021-01-30,Merced,047,269075,26413,26078,752,26830,335
2021-01-30,Modoc,049,8938,315,303,101,404,1
2021-01-30,Mono,051,14174,1129,1143,13,1156,3
2021-01-30,Monterey,053,433212,39773,38847,1468,40315,277
2021-01-30,Napa,055,140530,8558,8342,31,8373,52
2021-01-30,Nevada,057,99092,3660,3499,147,3646,20
2021-01-30,Orange,059,3164182,235746,231358,9855,241213,3013
2021-01-30,Placer,061,380077,19388,18430,1028,19458,205
2021-01-30,Plumas,063,18699,618,554,11,565,2
2021-01-30,Riverside,065,2383286,272085,265137,13427,278564,3061
2021-01-30,Sacramento,067,1510023,88198,86388,1099,87487,1184
2021-01-30,San Benito,069,59416,5446,5401,75,5476,48
2021-01-30,San Bernardino,071,2135413,276353,268660,8544,277204,2122
2021-01-30,San Diego,073,3302833,248260,236765,11708,248473,2603
2021-01-30,San Francisco,075,870044,31936,31427,947,32374,316
2021-01-30,San Joaquin,077,732212,62781,61120,2632,63752,864
2021-01-30,San Luis Obispo,079,281455,18080,17522,497,18019,198
2021-01-30,San Mateo,081,765935,37117,35451,370,35821,219
2021-01-30,Santa Barbara,083,443738,29765,28342,1002,29344,296
2021-01-30,Santa Clara,085,1922200,102920,101471,487,101958,1307
2021-01-30,Santa Cruz,087,273765,14450,13383,749,14132,149
2021-01-30,Shasta,089,179085,10395,10283,1121,11404,112
2021-01-30,Sierra,091,2930,46,43,14,57,0
2021-01-30,Siskiyou,093,43540,1327,1236,211,1447,4
2021-01-30,Solano,095,438530,28208,27511,329,27840,118
2021-01-30,Sonoma,097,501317,26147,25810,139,25949,243
2021-01-30,Stanislaus,099,539301,47018,45697,5044,50741,642
2021-01-30,Sutter,101,95872,8391,8226,83,8309,87
2021-01-30,Tehama,103,63373,4321,4229,488,4717,21
2021-01-30,Trinity,105,12862,368,259,47,306,3
2021-01-30,Tulare,107,460477,45329,44203,7199,51402,615
2021-01-30,Tuolumne,109,53932,3554,3508,29,3537,36
2021-01-30,Ventura,111,848112,71762,69931,2640,72571,493
2021-01-30,Yolo,113,214977,12151,11698,178,11876,151
2021-01-30,Yuba,115,75493,5156,5042,75,5117,33
2021-01-29,Alameda,001,1643700,75045,73210,1662,74872,841
2021-01-29,Alpine,003,1148,74,72,0,72,0
2021-01-29,Amador,005,37829,3279,3134,25,3159,32
2021-01-29,Butte,007,227075,10649,10122,1550,11672,138
2021-01-29,Calaveras,009,45235,1776,1757,11,1768,21
2021-01-29,Colusa,011,21464,1770,1734,216,1950,8
2021-01-29,Contra Costa,013,1133247,58444,56318,1033,57351,529
2021-01-29,Del Norte,015,27424,873,865,4,869,2
2021-01-29,El Dorado,017,186661,8547,8231,594,8825,83
2021-01-29,Fresno,019,978130,90863,87936,7210,95146,962
2021-01-29,Glenn,021,27897,2109,2061,456,2517,14
2021-01-29,Humboldt,023,135768,2828,2707,18,2725,24
2021-01-29,Imperial,025,180216,26491,26045,2537,28582,521
2021-01-29,Inyo,027,18085,1090,1048,1,1049,27
2021-01-29,Kern,029,883053,87959,85044,8828,93872,836
2021-01-29,Kings,031,150075,20987,20466,941,21407,169
2021-01-29,Lake,033,64148,2891,2792,1,2793,32
2021-01-29,Lassen,035,31185,4941,4874,91,4965,1
2021-01-29,Los Angeles,037,10098052,1118775,1078329,38451,1116780,16190
2021-01-29,Madera,039,155013,14740,14377,743,15120,94
2021-01-29,Marin,041,260295,12401,12145,145,12290,185
2021-01-29,Mariposa,043,17540,355,342,3,345,4
2021-01-29,Mendocino,045,87422,3306,3131,59,3190,36
2021-01-29,Merced,047,269075,26338,25865,748,26613,334
2021-01-29,Modoc,049,8938,314,297,101,398,1
2021-01-29,Mono,051,14174,1127,1139,13,1152,3
2021-01-29,Monterey,053,433212,39654,38539,1459,39998,277
2021-01-29,Napa,055,140530,8526,8276,31,8307,52
2021-01-29,Nevada,057,99092,3651,3487,146,3633,20
2021-01-29,Orange,059,3164182,235066,229917,9816,239733,2967
2021-01-29,Placer,061,380077,19333,18367,1024,19391,203
2021-01-29,Plumas,063,18699,617,548,11,559,2
2021-01-29,Riverside,065,2383286,271294,263504,13392,276896,3008
2021-01-29,Sacramento,067,1510023,87943,86320,1095,87415,1169
2021-01-29,San Benito,069,59416,5438,5386,75,5461,48
2021-01-29,San Bernardino,071,2135413,275839,267490,8502,275992,2095
2021-01-29,San Diego,073,3302833,247318,234637,11629,246266,2571
2021-01-29,San Francisco,075,870044,31795,31294,938,32232,307
2021-01-29,San Joaquin,077,732212,62635,60899,2617,63516,858
2021-01-29,San Luis Obispo,079,281455,18020,17440,492,17932,193
2021-01-29,San Mateo,081,765935,36984,35223,367,35590,218
2021-01-29,Santa Barbara,083,443738,29635,28105,996,29101,291
2021-01-29,Santa Clara,085,1922200,102555,101010,485,101495,1273
2021-01-29,Santa Cruz,087,273765,14397,13311,746,14057,148
2021-01-29,Shasta,089,179085,10378,10220,1117,11337,112
2021-01-29,Sierra,091,2930,46,43,14,57,0
2021-01-29,Siskiyou,093,43540,1326,1227,211,1438,4
2021-01-29,Solano,095,438530,28122,27352,326,27678,116
2021-01-29,Sonoma,097,501317,26085,25710,138,25848,243
2021-01-29,Stanislaus,099,539301,46870,45466,5025,50491,642
2021-01-29,Sutter,101,95872,8372,8181,83,8264,87
2021-01-29,Tehama,103,63373,4308,4191,486,4677,20
2021-01-29,Trinity,105,12862,368,260,47,307,3
2021-01-29,Tulare,107,460477,45224,43925,7157,51082,606
2021-01-29,Tuolumne,109,53932,3544,3483,29,3512,36
2021-01-29,Ventura,111,848112,71338,69511,2626,72137,484
2021-01-29,Yolo,113,214977,12113,11612,177,11789,151
2021-01-29,Yuba,115,75493,5140,5018,75,5093,32
2021-01-28,Alameda,001,1643700,74608,72758,1654,74412,833
2021-01-28,Alpine,003,1148,74,72,0,72,0
2021-01-28,Amador,005,37829,3242,3124,25,3149,31
2021-01-28,Butte,007,227075,10609,10037,1539,11576,138
2021-01-28,Calaveras,009,45235,1761,1747,10,1757,21
2021-01-28,Colusa,011,21464,1763,1731,212,1943,8
2021-01-28,Contra Costa,013,1133247,58200,55999,1023,57022,525
2021-01-28,Del Norte,015,27424,872,862,4,866,2
2021-01-28,El Dorado,017,186661,8534,8198,589,8787,79
2021-01-28,Fresno,019,978130,90577,87401,7159,94560,949
2021-01-28,Glenn,021,27897,2104,2043,447,2490,14
2021-01-28,Humboldt,023,135768,2811,2686,18,2704,24
2021-01-28,Imperial,025,180216,26447,25984,2530,28514,517
2021-01-28,Inyo,027,18085,1085,1039,1,1040,27
2021-01-28,Kern,029,883053,87631,84708,8741,93449,817
2021-01-28,Kings,031,150075,20928,20328,936,21264,167
2021-01-28,Lake,033,64148,2876,2772,1,2773,32
2021-01-28,Lassen,035,31185,4935,4865,91,4956,1
2021-01-28,Los Angeles,037,10098052,1114898,1072412,38251,1110663,15967
2021-01-28,Madera,039,155013,14684,14301,739,15040,94
2021-01-28,Marin,041,260295,12348,12079,144,12223,183
2021-01-28,Mariposa,043,17540,355,334,3,337,4
2021-01-28,Mendocino,045,87422,3289,3110,59,3169,36
2021-01-28,Merced,047,269075,26213,25620,740,26360,328
2021-01-28,Modoc,049,8938,313,297,101,398,0
2021-01-28,Mono,051,14174,1125,1131,13,1144,3
2021-01-28,Monterey,053,433212,39451,38312,1441,39753,274
2021-01-28,Napa,055,140530,8478,8233,31,8264,50
2021-01-28,Nevada,057,99092,3636,3452,145,3597,19
2021-01-28,Orange,059,3164182,234089,228636,9784,238420,2860
2021-01-28,Placer,061,380077,19264,18246,1021,19267,198
2021-01-28,Plumas,063,18699,616,547,11,558,2
2021-01-28,Riverside,065,2383286,270531,262342,13342,275684,2981
2021-01-28,Sacramento,067,1510023,87581,85698,1084,86782,1149
2021-01-28,San Benito,069,59416,5420,5344,74,5418,47
2021-01-28,San Bernardino,071,2135413,275144,266456,8480,274936,2057
2021-01-28,San Diego,073,3302833,246169,232967,11540,244507,2534
2021-01-28,San Francisco,075,870044,31658,31193,922,32115,290
2021-01-28,San Joaquin,077,732212,62370,60627,2601,63228,854
2021-01-28,San Luis Obispo,079,281455,17921,17279,490,17769,189
2021-01-28,San Mateo,081,765935,36815,34931,351,35282,218
2021-01-28,Santa Barbara,083,443738,29416,27674,983,28657,284
2021-01-28,Santa Clara,085,1922200,102091,100470,482,100952,1219
2021-01-28,Santa Cruz,087,273765,14308,13188,740,13928,145
2021-01-28,Shasta,089,179085,10344,10176,1109,11285,110
2021-01-28,Sierra,091,2930,46,43,14,57,0
2021-01-28,Siskiyou,093,43540,1319,1218,209,1427,4
2021-01-28,Solano,095,438530,27962,27163,325,27488,114
2021-01-28,Sonoma,097,501317,25992,25564,138,25702,236
2021-01-28,Stanislaus,099,539301,46653,45162,5000,50162,640
2021-01-28,Sutter,101,95872,8324,8136,83,8219,85
2021-01-28,Tehama,103,63373,4289,4163,483,4646,20
2021-01-28,Trinity,105,12862,366,260,47,307,3
2021-01-28,Tulare,107,460477,45068,43742,7076,50818,595
2021-01-28,Tuolumne,109,53932,3530,3472,29,3501,32
2021-01-28,Ventura,111,848112,70828,68896,2607,71503,475
2021-01-28,Yolo,113,214977,12071,11500,172,11672,151
2021-01-28,Yuba,115,75493,5124,4994,74,5068,32
2021-01-27,Alameda,001,1643700,74179,72188,1645,73833,815
2021-01-27,Alpine,003,1148,74,72,0,72,0
2021-01-27,Amador,005,37829,3226,3116,25,3141,31
2021-01-27,Butte,007,227075,10570,9988,1527,11515,138
2021-01-27,Calaveras,009,45235,1752,1737,10,1747,21
2021-01-27,Colusa,011,21464,1757,1724,210,1934,8
2021-01-27,Contra Costa,013,1133247,57901,55578,1020,56598,507
2021-01-27,Del Norte,015,27424,871,859,4,863,2
2021-01-27,El Dorado,017,186661,8508,8141,588,8729,76
2021-01-27,Fresno,019,978130,90283,86886,7117,94003,938
2021-01-27,Glenn,021,27897,2100,2042,446,2488,14
2021-01-27,Humboldt,023,135768,2789,2630,18,2648,24
2021-01-27,Imperial,025,180216,26393,25861,2517,28378,504
2021-01-27,Inyo,027,18085,1081,1023,1,1024,27
2021-01-27,Kern,029,883053,87318,84244,8672,92916,809
2021-01-27,Kings,031,150075,20822,20211,928,21139,167
2021-01-27,Lake,033,64148,2856,2750,1,2751,32
2021-01-27,Lassen,035,31185,4929,4851,91,4942,1
2021-01-27,Los Angeles,037,10098052,1110136,1066569,38033,1104602,15757
2021-01-27,Madera,039,155013,14644,14194,734,14928,86
2021-01-27,Marin,041,260295,12311,12028,143,12171,180
2021-01-27,Mariposa,043,17540,355,333,3,336,4
2021-01-27,Mendocino,045,87422,3269,3095,59,3154,36
2021-01-27,Merced,047,269075,26054,25439,729,26168,315
2021-01-27,Modoc,049,8938,313,297,98,395,0
2021-01-27,Mono,051,14174,1123,1131,13,1144,3
2021-01-27,Monterey,053,433212,39248,38139,1422,39561,268
2021-01-27,Napa,055,140530,8406,8187,31,8218,46
2021-01-27,Nevada,057,99092,3614,3431,145,3576,18
2021-01-27,Orange,059,3164182,232968,227110,9729,236839,2832
2021-01-27,Placer,061,380077,19190,18106,1010,19116,198
2021-01-27,Plumas,063,18699,616,544,11,555,2
2021-01-27,Riverside,065,2383286,269360,260796,13289,274085,2931
2021-01-27,Sacramento,067,1510023,87220,85428,1073,86501,1142
2021-01-27,San Benito,069,59416,5405,5284,74,5358,47
2021-01-27,San Bernardino,071,2135413,274292,265153,8450,273603,2019
2021-01-27,San Diego,073,3302833,244841,231478,11435,242913,2465
2021-01-27,San Francisco,075,870044,31515,31082,915,31997,287
2021-01-27,San Joaquin,077,732212,62101,60131,2577,62708,853
2021-01-27,San Luis Obispo,079,281455,17814,17119,486,17605,188
2021-01-27,San Mateo,081,765935,36662,34619,347,34966,216
2021-01-27,Santa Barbara,083,443738,29242,27435,977,28412,282
2021-01-27,Santa Clara,085,1922200,101687,99732,478,100210,1184
2021-01-27,Santa Cruz,087,273765,14238,13111,737,13848,143
2021-01-27,Shasta,089,179085,10310,10106,1103,11209,105
2021-01-27,Sierra,091,2930,46,44,14,58,0
2021-01-27,Siskiyou,093,43540,1313,1214,206,1420,4
2021-01-27,Solano,095,438530,27785,26982,318,27300,112
2021-01-27,Sonoma,097,501317,25893,25361,138,25499,237
2021-01-27,Stanislaus,099,539301,46468,44874,4971,49845,624
2021-01-27,Sutter,101,95872,8281,8093,82,8175,83
2021-01-27,Tehama,103,63373,4264,4133,479,4612,20
2021-01-27,Trinity,105,12862,366,260,47,307,3
2021-01-27,Tulare,107,460477,44883,43462,7001,50463,583
2021-01-27,Tuolumne,109,53932,3520,3464,29,3493,32
2021-01-27,Ventura,111,848112,70355,68291,2582,70873,468
2021-01-27,Yolo,113,214977,12024,11427,168,11595,151
2021-01-27,Yuba,115,75493,5108,4968,74,5042,32
2021-01-26,Alameda,001,1643700,73795,71851,1627,73478,789
2021-01-26,Alpine,003,1148,74,72,0,72,0
2021-01-26,Amador,005,37829,3215,3113,25,3138,31
2021-01-26,Butte,007,227075,10528,9943,1521,11464,136
2021-01-26,Calaveras,009,45235,1744,1723,10,1733,21
2021-01-26,Colusa,011,21464,1750,1719,207,1926,8
2021-01-26,Contra Costa,013,1133247,57620,55337,1012,56349,491
2021-01-26,Del Norte,015,27424,870,856,4,860,2
2021-01-26,El Dorado,017,186661,8483,8115,585,8700,71
2021-01-26,Fresno,019,978130,89926,86673,7072,93745,923
2021-01-26,Glenn,021,27897,2090,2034,442,2476,13
2021-01-26,Humboldt,023,135768,2767,2612,17,2629,24
2021-01-26,Imperial,025,180216,26323,25812,2502,28314,498
2021-01-26,Inyo,027,18085,1074,1018,1,1019,27
2021-01-26,Kern,029,883053,86893,83868,8593,92461,790
2021-01-26,Kings,031,150075,20764,20156,923,21079,159
2021-01-26,Lake,033,64148,2847,2748,1,2749,32
2021-01-26,Lassen,035,31185,4923,4844,91,4935,1
2021-01-26,Los Angeles,037,10098052,1104888,1060492,37814,1098306,15458
2021-01-26,Madera,039,155013,14587,14130,728,14858,86
2021-01-26,Marin,041,260295,12266,11993,141,12134,179
2021-01-26,Mariposa,043,17540,353,332,3,335,3
2021-01-26,Mendocino,045,87422,3243,3076,58,3134,36
2021-01-26,Merced,047,269075,25914,25359,722,26081,309
2021-01-26,Modoc,049,8938,306,291,97,388,0
2021-01-26,Mono,051,14174,1122,1120,13,1133,3
2021-01-26,Monterey,053,433212,39050,37963,1401,39364,255
2021-01-26,Napa,055,140530,8349,8145,31,8176,43
2021-01-26,Nevada,057,99092,3607,3410,144,3554,18
2021-01-26,Orange,059,3164182,231841,225987,9684,235671,2760
2021-01-26,Placer,061,380077,19118,18016,1008,19024,193
2021-01-26,Plumas,063,18699,614,536,11,547,2
2021-01-26,Riverside,065,2383286,268028,259399,13227,272626,2898
2021-01-26,Sacramento,067,1510023,86862,85062,1066,86128,1127
2021-01-26,San Benito,069,59416,5391,5251,73,5324,45
2021-01-26,San Bernardino,071,2135413,273302,263736,8405,272141,1970
2021-01-26,San Diego,073,3302833,243350,230063,11334,241397,2421
2021-01-26,San Francisco,075,870044,31385,30874,894,31768,286
2021-01-26,San Joaquin,077,732212,61847,59889,2561,62450,847
2021-01-26,San Luis Obispo,079,281455,17733,17016,483,17499,186
2021-01-26,San Mateo,081,765935,36467,34441,336,34777,213
2021-01-26,Santa Barbara,083,443738,29070,27321,965,28286,273
2021-01-26,Santa Clara,085,1922200,101210,99215,474,99689,1171
2021-01-26,Santa Cruz,087,273765,14173,13045,731,13776,134
2021-01-26,Shasta,089,179085,10275,10036,1095,11131,103
2021-01-26,Sierra,091,2930,46,43,14,57,0
2021-01-26,Siskiyou,093,43540,1299,1208,204,1412,4
2021-01-26,Solano,095,438530,27629,26858,312,27170,110
2021-01-26,Sonoma,097,501317,25772,25273,136,25409,236
2021-01-26,Stanislaus,099,539301,46286,44703,4928,49631,599
2021-01-26,Sutter,101,95872,8239,8067,82,8149,83
2021-01-26,Tehama,103,63373,4233,4115,479,4594,20
2021-01-26,Trinity,105,12862,366,260,47,307,3
2021-01-26,Tulare,107,460477,44682,43394,6929,50323,579
2021-01-26,Tuolumne,109,53932,3510,3451,29,3480,30
2021-01-26,Ventura,111,848112,69824,67526,2555,70081,448
2021-01-26,Yolo,113,214977,11979,11361,165,11526,148
2021-01-26,Yuba,115,75493,5083,4944,72,5016,31
2021-01-25,Alameda,001,1643700,73359,71255,1617,72872,780
2021-01-25,Alpine,003,1148,74,72,0,72,0
2021-01-25,Amador,005,37829,3175,3074,25,3099,30
2021-01-25,Butte,007,227075,10462,9865,1513,11378,133
2021-01-25,Calaveras,009,45235,1729,1713,10,1723,21
2021-01-25,Colusa,011,21464,1738,1709,203,1912,8
2021-01-25,Contra Costa,013,1133247,57262,54989,1005,55994,488
2021-01-25,Del Norte,015,27424,869,855,4,859,2
2021-01-25,El Dorado,017,186661,8459,8060,585,8645,66
2021-01-25,Fresno,019,978130,89557,86336,7039,93375,913
2021-01-25,Glenn,021,27897,2079,2028,442,2470,13
2021-01-25,Humboldt,023,135768,2733,2587,17,2604,24
2021-01-25,Imperial,025,180216,26273,25745,2493,28238,491
2021-01-25,Inyo,027,18085,1068,1015,1,1016,27
2021-01-25,Kern,029,883053,86500,83401,8502,91903,787
2021-01-25,Kings,031,150075,20644,20067,919,20986,159
2021-01-25,Lake,033,64148,2828,2729,1,2730,32
2021-01-25,Lassen,035,31185,4897,4835,91,4926,1
2021-01-25,Los Angeles,037,10098052,1098969,1055181,37580,1092761,15163
2021-01-25,Madera,039,155013,14533,14068,723,14791,86
2021-01-25,Marin,041,260295,12213,11923,137,12060,177
2021-01-25,Mariposa,043,17540,350,331,3,334,3
2021-01-25,Mendocino,045,87422,3232,3054,58,3112,35
2021-01-25,Merced,047,269075,25775,25181,713,25894,305
2021-01-25,Modoc,049,8938,305,288,93,381,0
2021-01-25,Mono,051,14174,1119,1114,12,1126,3
2021-01-25,Monterey,053,433212,38792,37726,1380,39106,255
2021-01-25,Napa,055,140530,8315,8057,30,8087,43
2021-01-25,Nevada,057,99092,3593,3365,144,3509,18
2021-01-25,Orange,059,3164182,230640,225105,9642,234747,2696
2021-01-25,Placer,061,380077,19024,17936,993,18929,193
2021-01-25,Plumas,063,18699,611,533,11,544,2
2021-01-25,Riverside,065,2383286,266348,258082,13173,271255,2789
2021-01-25,Sacramento,067,1510023,86418,84653,1058,85711,1118
2021-01-25,San Benito,069,59416,5354,5238,72,5310,43
2021-01-25,San Bernardino,071,2135413,272351,263174,8368,271542,1947
2021-01-25,San Diego,073,3302833,241741,228630,11263,239893,2375
2021-01-25,San Francisco,075,870044,31237,30734,871,31605,288
2021-01-25,San Joaquin,077,732212,61553,59291,2532,61823,838
2021-01-25,San Luis Obispo,079,281455,17598,16868,478,17346,179
2021-01-25,San Mateo,081,765935,36233,34187,329,34516,213
2021-01-25,Santa Barbara,083,443738,28840,27065,954,28019,269
2021-01-25,Santa Clara,085,1922200,100638,98647,466,99113,1143
2021-01-25,Santa Cruz,087,273765,14086,12973,725,13698,133
2021-01-25,Shasta,089,179085,10234,9991,1084,11075,103
2021-01-25,Sierra,091,2930,46,42,14,56,0
2021-01-25,Siskiyou,093,43540,1291,1205,201,1406,4
2021-01-25,Solano,095,438530,27460,26648,311,26959,109
2021-01-25,Sonoma,097,501317,25662,25160,134,25294,233
2021-01-25,Stanislaus,099,539301,46042,44293,4885,49178,599
2021-01-25,Sutter,101,95872,8196,8023,82,8105,83
2021-01-25,Tehama,103,63373,4205,4082,475,4557,20
2021-01-25,Trinity,105,12862,366,262,47,309,3
2021-01-25,Tulare,107,460477,44468,43124,6822,49946,578
2021-01-25,Tuolumne,109,53932,3501,3422,29,3451,29
2021-01-25,Ventura,111,848112,69181,66910,2537,69447,439
2021-01-25,Yolo,113,214977,11892,11276,163,11439,140
2021-01-25,Yuba,115,75493,5059,4900,70,4970,31
2021-01-24,Alameda,001,1643700,72853,70823,1605,72428,780
2021-01-24,Alpine,003,1148,74,72,0,72,0
2021-01-24,Amador,005,37829,3142,3054,25,3079,30
2021-01-24,Butte,007,227075,10378,9820,1494,11314,133
2021-01-24,Calaveras,009,45235,1716,1704,10,1714,21
2021-01-24,Colusa,011,21464,1727,1689,197,1886,8
2021-01-24,Contra Costa,013,1133247,56873,54694,992,55686,488
2021-01-24,Del Norte,015,27424,864,855,4,859,2
2021-01-24,El Dorado,017,186661,8425,8003,581,8584,66
2021-01-24,Fresno,019,978130,89120,85808,6999,92807,911
2021-01-24,Glenn,021,27897,2073,2026,440,2466,13
2021-01-24,Humboldt,023,135768,2694,2562,17,2579,24
2021-01-24,Imperial,025,180216,26179,25707,2464,28171,488
2021-01-24,Inyo,027,18085,1052,1007,1,1008,27
2021-01-24,Kern,029,883053,86061,83125,8389,91514,785
2021-01-24,Kings,031,150075,20518,19988,901,20889,159
2021-01-24,Lake,033,64148,2810,2724,0,2724,32
2021-01-24,Lassen,035,31185,4886,4828,88,4916,1
2021-01-24,Los Angeles,037,10098052,1092609,1048757,37260,1086017,15119
2021-01-24,Madera,039,155013,14441,14000,717,14717,86
2021-01-24,Marin,041,260295,12147,11872,135,12007,177
2021-01-24,Mariposa,043,17540,346,322,3,325,3
2021-01-24,Mendocino,045,87422,3211,3037,57,3094,33
2021-01-24,Merced,047,269075,25562,25047,705,25752,305
2021-01-24,Modoc,049,8938,305,285,93,378,0
2021-01-24,Mono,051,14174,1112,1113,12,1125,3
2021-01-24,Monterey,053,433212,38520,37527,1347,38874,254
2021-01-24,Napa,055,140530,8273,8005,30,8035,43
2021-01-24,Nevada,057,99092,3551,3349,142,3491,18
2021-01-24,Orange,059,3164182,229210,223853,9576,233429,2632
2021-01-24,Placer,061,380077,18912,17839,972,18811,193
2021-01-24,Plumas,063,18699,608,532,11,543,2
2021-01-24,Riverside,065,2383286,264748,256767,13094,269861,2761
2021-01-24,Sacramento,067,1510023,85846,84110,1051,85161,1112
2021-01-24,San Benito,069,59416,5312,5223,69,5292,43
2021-01-24,San Bernardino,071,2135413,271031,262370,8310,270680,1935
2021-01-24,San Diego,073,3302833,240052,227193,11131,238324,2375
2021-01-24,San Francisco,075,870044,31049,30559,848,31407,275
2021-01-24,San Joaquin,077,732212,61128,59021,2516,61537,838
2021-01-24,San Luis Obispo,079,281455,17477,16758,475,17233,179
2021-01-24,San Mateo,081,765935,35989,33956,324,34280,213
2021-01-24,Santa Barbara,083,443738,28527,26735,944,27679,269
2021-01-24,Santa Clara,085,1922200,99986,98103,462,98565,1109
2021-01-24,Santa Cruz,087,273765,14000,12905,716,13621,133
2021-01-24,Shasta,089,179085,10163,9978,1075,11053,103
2021-01-24,Sierra,091,2930,45,42,14,56,0
2021-01-24,Siskiyou,093,43540,1284,1195,201,1396,4
2021-01-24,Solano,095,438530,27272,26515,307,26822,109
2021-01-24,Sonoma,097,501317,25477,25045,133,25178,233
2021-01-24,Stanislaus,099,539301,45732,44031,4826,48857,599
2021-01-24,Sutter,101,95872,8128,7980,81,8061,83
2021-01-24,Tehama,103,63373,4165,4062,467,4529,20
2021-01-24,Trinity,105,12862,366,262,47,309,3
2021-01-24,Tulare,107,460477,44255,43006,6724,49730,577
2021-01-24,Tuolumne,109,53932,3491,3416,29,3445,29
2021-01-24,Ventura,111,848112,68465,66347,2512,68859,439
2021-01-24,Yolo,113,214977,11807,11210,159,11369,140
2021-01-24,Yuba,115,75493,5019,4875,69,4944,31
2021-01-23,Alameda,001,1643700,72610,70080,1596,71676,780
2021-01-23,Alpine,003,1148,74,72,0,72,0
2021-01-23,Amador,005,37829,3139,3049,25,3074,30
2021-01-23,Butte,007,227075,10348,9757,1489,11246,133
2021-01-23,Calaveras,009,45235,1713,1695,10,1705,21
2021-01-23,Colusa,011,21464,1723,1672,196,1868,8
2021-01-23,Contra Costa,013,1133247,56662,54162,984,55146,487
2021-01-23,Del Norte,015,27424,863,855,4,859,2
2021-01-23,El Dorado,017,186661,8409,7984,579,8563,66
2021-01-23,Fresno,019,978130,88938,85274,6968,92242,910
2021-01-23,Glenn,021,27897,2070,2015,436,2451,13
2021-01-23,Humboldt,023,135768,2675,2493,16,2509,23
2021-01-23,Imperial,025,180216,26148,25581,2455,28036,487
2021-01-23,Inyo,027,18085,1043,987,1,988,27
2021-01-23,Kern,029,883053,85819,82602,8313,90915,783
2021-01-23,Kings,031,150075,20474,19904,899,20803,159
2021-01-23,Lake,033,64148,2802,2673,0,2673,32
2021-01-23,Lassen,035,31185,4885,4816,85,4901,1
2021-01-23,Los Angeles,037,10098052,1089411,1040961,37092,1078053,15034
2021-01-23,Madera,039,155013,14405,13858,715,14573,86
2021-01-23,Marin,041,260295,12091,11796,133,11929,177
2021-01-23,Mariposa,043,17540,346,323,3,326,3
2021-01-23,Mendocino,045,87422,3197,2991,57,3048,32
2021-01-23,Merced,047,269075,25470,24787,691,25478,303
2021-01-23,Modoc,049,8938,305,285,93,378,0
2021-01-23,Mono,051,14174,1110,1111,12,1123,3
2021-01-23,Monterey,053,433212,38438,37165,1342,38507,253
2021-01-23,Napa,055,140530,8248,7893,30,7923,43
2021-01-23,Nevada,057,99092,3540,3332,141,3473,18
2021-01-23,Orange,059,3164182,228442,221722,9533,231255,2618
2021-01-23,Placer,061,380077,18863,17617,967,18584,193
2021-01-23,Plumas,063,18699,607,528,11,539,2
2021-01-23,Riverside,065,2383286,263875,253636,13037,266673,2733
2021-01-23,Sacramento,067,1510023,85619,83408,1048,84456,1108
2021-01-23,San Benito,069,59416,5288,5166,68,5234,43
2021-01-23,San Bernardino,071,2135413,270490,260381,8276,268657,1922
2021-01-23,San Diego,073,3302833,238994,225556,11059,236615,2344
2021-01-23,San Francisco,075,870044,30944,30308,818,31126,268
2021-01-23,San Joaquin,077,732212,61005,58164,2504,60668,836
2021-01-23,San Luis Obispo,079,281455,17414,16652,472,17124,176
2021-01-23,San Mateo,081,765935,35812,33696,313,34009,213
2021-01-23,Santa Barbara,083,443738,28346,26234,935,27169,264
2021-01-23,Santa Clara,085,1922200,99631,97189,461,97650,1086
2021-01-23,Santa Cruz,087,273765,13942,12771,713,13484,127
2021-01-23,Shasta,089,179085,10133,9951,1074,11025,103
2021-01-23,Sierra,091,2930,45,41,14,55,0
2021-01-23,Siskiyou,093,43540,1274,1190,200,1390,4
2021-01-23,Solano,095,438530,27179,26261,305,26566,107
2021-01-23,Sonoma,097,501317,25402,24790,133,24923,232
2021-01-23,Stanislaus,099,539301,45570,43723,4796,48519,599
2021-01-23,Sutter,101,95872,8110,7943,80,8023,80
2021-01-23,Tehama,103,63373,4146,4006,466,4472,20
2021-01-23,Trinity,105,12862,366,262,47,309,3
2021-01-23,Tulare,107,460477,44107,42661,6659,49320,575
2021-01-23,Tuolumne,109,53932,3484,3407,29,3436,29
2021-01-23,Ventura,111,848112,68019,65581,2487,68068,438
2021-01-23,Yolo,113,214977,11765,11087,155,11242,141
2021-01-23,Yuba,115,75493,5008,4831,67,4898,30
2021-01-22,Alameda,001,1643700,72291,69693,1590,71283,751
2021-01-22,Alpine,003,1148,74,71,0,71,0
2021-01-22,Amador,005,37829,3134,3042,25,3067,30
2021-01-22,Butte,007,227075,10299,9711,1476,11187,133
2021-01-22,Calaveras,009,45235,1706,1672,10,1682,21
2021-01-22,Colusa,011,21464,1721,1668,196,1864,7
2021-01-22,Contra Costa,013,1133247,56422,53887,978,54865,485
2021-01-22,Del Norte,015,27424,862,852,4,856,2
2021-01-22,El Dorado,017,186661,8376,7877,576,8453,64
2021-01-22,Fresno,019,978130,88601,84744,6937,91681,892
2021-01-22,Glenn,021,27897,2066,1985,431,2416,13
2021-01-22,Humboldt,023,135768,2651,2452,16,2468,23
2021-01-22,Imperial,025,180216,26113,25562,2440,28002,474
2021-01-22,Inyo,027,18085,1032,961,1,962,26
2021-01-22,Kern,029,883053,85523,82101,8238,90339,771
2021-01-22,Kings,031,150075,20398,19760,895,20655,159
2021-01-22,Lake,033,64148,2790,2681,0,2681,32
2021-01-22,Lassen,035,31185,4877,4765,84,4849,1
2021-01-22,Los Angeles,037,10098052,1084980,1031177,36891,1068068,14777
2021-01-22,Madera,039,155013,14344,13781,714,14495,86
2021-01-22,Marin,041,260295,12054,11769,131,11900,177
2021-01-22,Mariposa,043,17540,346,323,3,326,3
2021-01-22,Mendocino,045,87422,3172,2994,56,3050,32
2021-01-22,Merced,047,269075,25347,24616,683,25299,290
2021-01-22,Modoc,049,8938,305,285,93,378,0
2021-01-22,Mono,051,14174,1110,1108,12,1120,3
2021-01-22,Monterey,053,433212,38284,36909,1336,38245,253
2021-01-22,Napa,055,140530,8202,7828,30,7858,40
2021-01-22,Nevada,057,99092,3515,3296,140,3436,18
2021-01-22,Orange,059,3164182,227493,220384,9484,229868,2542
2021-01-22,Placer,061,380077,18808,17636,952,18588,193
2021-01-22,Plumas,063,18699,605,522,11,533,2
2021-01-22,Riverside,065,2383286,262752,252440,12969,265409,2710
2021-01-22,Sacramento,067,1510023,85294,82861,1040,83901,1094
2021-01-22,San Benito,069,59416,5263,5143,68,5211,43
2021-01-22,San Bernardino,071,2135413,269668,259121,8241,267362,1849
2021-01-22,San Diego,073,3302833,237755,222576,10994,233570,2301
2021-01-22,San Francisco,075,870044,30833,30027,798,30825,266
2021-01-22,San Joaquin,077,732212,60823,58485,2491,60976,812
2021-01-22,San Luis Obispo,079,281455,17325,16336,469,16805,172
2021-01-22,San Mateo,081,765935,35592,33401,310,33711,211
2021-01-22,Santa Barbara,083,443738,28146,25989,924,26913,256
2021-01-22,Santa Clara,085,1922200,99191,96435,458,96893,1062
2021-01-22,Santa Cruz,087,273765,13885,12687,708,13395,123
2021-01-22,Shasta,089,179085,10114,9866,1072,10938,103
2021-01-22,Sierra,091,2930,45,40,14,54,0
2021-01-22,Siskiyou,093,43540,1270,1182,198,1380,4
2021-01-22,Solano,095,438530,27090,26048,303,26351,107
2021-01-22,Sonoma,097,501317,25329,24659,133,24792,232
2021-01-22,Stanislaus,099,539301,45416,43489,4759,48248,599
2021-01-22,Sutter,101,95872,8084,7878,80,7958,80
2021-01-22,Tehama,103,63373,4127,3993,465,4458,19
2021-01-22,Trinity,105,12862,365,263,47,310,3
2021-01-22,Tulare,107,460477,43930,42307,6586,48893,573
2021-01-22,Tuolumne,109,53932,3455,3379,29,3408,29
2021-01-22,Ventura,111,848112,67513,64404,2470,66874,426
2021-01-22,Yolo,113,214977,11731,11014,147,11161,141
2021-01-22,Yuba,115,75493,4984,4789,65,4854,29
2021-01-21,Alameda,001,1643700,71862,69314,1573,70887,739
2021-01-21,Alpine,003,1148,74,71,0,71,0
2021-01-21,Amador,005,37829,3112,3038,25,3063,29
2021-01-21,Butte,007,227075,10228,9643,1469,11112,130
2021-01-21,Calaveras,009,45235,1697,1647,10,1657,21
2021-01-21,Colusa,011,21464,1714,1662,193,1855,7
2021-01-21,Contra Costa,013,1133247,56006,53595,964,54559,478
2021-01-21,Del Norte,015,27424,860,850,3,853,2
2021-01-21,El Dorado,017,186661,8327,7823,573,8396,58
2021-01-21,Fresno,019,978130,88197,84137,6897,91034,889
2021-01-21,Glenn,021,27897,2057,1964,427,2391,13
2021-01-21,Humboldt,023,135768,2629,2423,16,2439,23
2021-01-21,Imperial,025,180216,26023,25509,2423,27932,463
2021-01-21,Inyo,027,18085,1023,946,1,947,26
2021-01-21,Kern,029,883053,85112,81328,8118,89446,769
2021-01-21,Kings,031,150075,20328,19633,876,20509,158
2021-01-21,Lake,033,64148,2774,2669,0,2669,32
2021-01-21,Lassen,035,31185,4871,4763,84,4847,1
2021-01-21,Los Angeles,037,10098052,1078348,1023055,36554,1059609,14537
2021-01-21,Madera,039,155013,14277,13664,706,14370,86
2021-01-21,Marin,041,260295,11998,11732,129,11861,173
2021-01-21,Mariposa,043,17540,342,322,3,325,3
2021-01-21,Mendocino,045,87422,3149,2967,54,3021,32
2021-01-21,Merced,047,269075,25192,24426,677,25103,245
2021-01-21,Modoc,049,8938,302,284,92,376,0
2021-01-21,Mono,051,14174,1105,1104,12,1116,3
2021-01-21,Monterey,053,433212,38004,36149,1325,37474,253
2021-01-21,Napa,055,140530,8138,7774,30,7804,40
2021-01-21,Nevada,057,99092,3486,3274,139,3413,18
2021-01-21,Orange,059,3164182,226116,218867,9427,228294,2540
2021-01-21,Placer,061,380077,18727,17553,948,18501,190
2021-01-21,Plumas,063,18699,601,518,11,529,2
2021-01-21,Riverside,065,2383286,261038,251007,12887,263894,2676
2021-01-21,Sacramento,067,1510023,84815,82303,1020,83323,1084
2021-01-21,San Benito,069,59416,5230,5100,62,5162,43
2021-01-21,San Bernardino,071,2135413,268316,257754,8174,265928,1832
2021-01-21,San Diego,073,3302833,235981,219729,10887,230616,2222
2021-01-21,San Francisco,075,870044,30658,29801,764,30565,266
2021-01-21,San Joaquin,077,732212,60516,58270,2470,60740,806
2021-01-21,San Luis Obispo,079,281455,17239,16153,461,16614,169
2021-01-21,San Mateo,081,765935,35345,33156,296,33452,210
2021-01-21,Santa Barbara,083,443738,27863,25654,910,26564,253
2021-01-21,Santa Clara,085,1922200,98570,96028,450,96478,1062
2021-01-21,Santa Cruz,087,273765,13801,12548,698,13246,119
2021-01-21,Shasta,089,179085,10072,9795,1055,10850,98
2021-01-21,Sierra,091,2930,45,40,14,54,0
2021-01-21,Siskiyou,093,43540,1267,1178,195,1373,4
2021-01-21,Solano,095,438530,26909,25885,299,26184,106
2021-01-21,Sonoma,097,501317,25195,24440,131,24571,230
2021-01-21,Stanislaus,099,539301,45112,43223,4713,47936,599
2021-01-21,Sutter,101,95872,8050,7822,80,7902,80
2021-01-21,Tehama,103,63373,4092,3938,465,4403,19
2021-01-21,Trinity,105,12862,365,261,47,308,3
2021-01-21,Tulare,107,460477,43725,42082,6504,48586,569
2021-01-21,Tuolumne,109,53932,3445,3365,29,3394,29
2021-01-21,Ventura,111,848112,66821,63995,2448,66443,420
2021-01-21,Yolo,113,214977,11640,10940,139,11079,141
2021-01-21,Yuba,115,75493,4953,4757,64,4821,29
2021-01-20,Alameda,001,1643700,71372,68785,1558,70343,702
2021-01-20,Alpine,003,1148,74,71,0,71,0
2021-01-20,Amador,005,37829,3081,3036,25,3061,29
2021-01-20,Butte,007,227075,10172,9582,1458,11040,130
2021-01-20,Calaveras,009,45235,1677,1637,9,1646,21
2021-01-20,Colusa,011,21464,1698,1630,188,1818,7
2021-01-20,Contra Costa,013,1133247,55551,53108,958,54066,461
2021-01-20,Del Norte,015,27424,859,848,3,851,2
2021-01-20,El Dorado,017,186661,8281,7785,569,8354,53
2021-01-20,Fresno,019,978130,87776,83591,6844,90435,872
2021-01-20,Glenn,021,27897,2039,1955,424,2379,13
2021-01-20,Humboldt,023,135768,2586,2390,16,2406,22
2021-01-20,Imperial,025,180216,25954,25380,2385,27765,461
2021-01-20,Inyo,027,18085,1013,901,1,902,26
2021-01-20,Kern,029,883053,84662,80701,8011,88712,754
2021-01-20,Kings,031,150075,20239,19522,867,20389,146
2021-01-20,Lake,033,64148,2752,2646,0,2646,31
2021-01-20,Lassen,035,31185,4863,4758,82,4840,1
2021-01-20,Los Angeles,037,10098052,1070878,1015608,36259,1051867,14299
2021-01-20,Madera,039,155013,14212,13585,701,14286,86
2021-01-20,Marin,041,260295,11944,11684,127,11811,171
2021-01-20,Mariposa,043,17540,340,322,3,325,3
2021-01-20,Mendocino,045,87422,3134,2957,54,3011,32
2021-01-20,Merced,047,269075,25018,24220,656,24876,243
2021-01-20,Modoc,049,8938,301,282,92,374,0
2021-01-20,Mono,051,14174,1098,1105,11,1116,3
2021-01-20,Monterey,053,433212,37688,35960,1302,37262,249
2021-01-20,Napa,055,140530,8069,7731,29,7760,40
2021-01-20,Nevada,057,99092,3454,3238,139,3377,18
2021-01-20,Orange,059,3164182,224578,216893,9361,226254,2500
2021-01-20,Placer,061,380077,18623,17455,929,18384,186
2021-01-20,Plumas,063,18699,599,512,11,523,2
2021-01-20,Riverside,065,2383286,259032,248686,12799,261485,2615
2021-01-20,Sacramento,067,1510023,84253,81687,1009,82696,1072
2021-01-20,San Benito,069,59416,5200,5036,61,5097,35
2021-01-20,San Bernardino,071,2135413,266956,255921,8122,264043,1801
2021-01-20,San Diego,073,3302833,234128,218553,10785,229338,2174
2021-01-20,San Francisco,075,870044,30465,29665,743,30408,262
2021-01-20,San Joaquin,077,732212,60113,58025,2461,60486,783
2021-01-20,San Luis Obispo,079,281455,17058,15936,452,16388,164
2021-01-20,San Mateo,081,765935,35121,32929,295,33224,210
2021-01-20,Santa Barbara,083,443738,27549,25312,897,26209,248
2021-01-20,Santa Clara,085,1922200,97890,94995,448,95443,1040
2021-01-20,Santa Cruz,087,273765,13695,12460,684,13144,107
2021-01-20,Shasta,089,179085,10021,9697,1044,10741,98
2021-01-20,Sierra,091,2930,45,40,14,54,0
2021-01-20,Siskiyou,093,43540,1261,1163,194,1357,4
2021-01-20,Solano,095,438530,26715,25659,295,25954,106
2021-01-20,Sonoma,097,501317,25059,24262,129,24391,223
2021-01-20,Stanislaus,099,539301,44824,42955,4666,47621,585
2021-01-20,Sutter,101,95872,7998,7772,78,7850,80
2021-01-20,Tehama,103,63373,4067,3892,464,4356,19
2021-01-20,Trinity,105,12862,365,260,47,307,3
2021-01-20,Tulare,107,460477,43473,41799,6405,48204,559
2021-01-20,Tuolumne,109,53932,3431,3355,28,3383,29
2021-01-20,Ventura,111,848112,65865,63413,2419,65832,395
2021-01-20,Yolo,113,214977,11569,10852,136,10988,141
2021-01-20,Yuba,115,75493,4926,4729,64,4793,29
2021-01-19,Alameda,001,1643700,70725,68434,1548,69982,680
2021-01-19,Alpine,003,1148,74,71,0,71,0
2021-01-19,Amador,005,37829,3072,3024,25,3049,28
2021-01-19,Butte,007,227075,10107,9528,1444,10972,129
2021-01-19,Calaveras,009,45235,1661,1621,8,1629,21
2021-01-19,Colusa,011,21464,1676,1617,180,1797,7
2021-01-19,Contra Costa,013,1133247,55054,52730,945,53675,448
2021-01-19,Del Norte,015,27424,858,843,3,846,2
2021-01-19,El Dorado,017,186661,8221,7743,561,8304,47
2021-01-19,Fresno,019,978130,87259,83200,6792,89992,857
2021-01-19,Glenn,021,27897,2028,1948,418,2366,13
2021-01-19,Humboldt,023,135768,2562,2359,13,2372,22
2021-01-19,Imperial,025,180216,25875,25333,2366,27699,452
2021-01-19,Inyo,027,18085,1006,891,1,892,26
2021-01-19,Kern,029,883053,84075,80272,7904,88176,742
2021-01-19,Kings,031,150075,20100,19375,855,20230,143
2021-01-19,Lake,033,64148,2737,2625,0,2625,31
2021-01-19,Lassen,035,31185,4856,4753,82,4835,1
2021-01-19,Los Angeles,037,10098052,1062234,1010375,35973,1046348,14014
2021-01-19,Madera,039,155013,14095,13528,693,14221,86
2021-01-19,Marin,041,260295,11886,11654,123,11777,169
2021-01-19,Mariposa,043,17540,340,322,3,325,3
2021-01-19,Mendocino,045,87422,3117,2930,54,2984,32
2021-01-19,Merced,047,269075,24804,24108,650,24758,242
2021-01-19,Modoc,049,8938,300,281,92,373,0
2021-01-19,Mono,051,14174,1097,1106,11,1117,3
2021-01-19,Monterey,053,433212,37362,35840,1277,37117,248
2021-01-19,Napa,055,140530,8010,7672,29,7701,38
2021-01-19,Nevada,057,99092,3436,3216,137,3353,18
2021-01-19,Orange,059,3164182,222838,215244,9292,224536,2468
2021-01-19,Placer,061,380077,18522,17348,919,18267,182
2021-01-19,Plumas,063,18699,592,509,11,520,2
2021-01-19,Riverside,065,2383286,256977,246248,12720,258968,2585
2021-01-19,Sacramento,067,1510023,83715,81183,989,82172,1053
2021-01-19,San Benito,069,59416,5154,4988,60,5048,35
2021-01-19,San Bernardino,071,2135413,265203,253651,8062,261713,1777
2021-01-19,San Diego,073,3302833,231709,216833,10688,227521,2109
2021-01-19,San Francisco,075,870044,30246,29502,710,30212,261
2021-01-19,San Joaquin,077,732212,59734,57655,2446,60101,782
2021-01-19,San Luis Obispo,079,281455,16795,15855,449,16304,161
2021-01-19,San Mateo,081,765935,34837,32730,283,33013,208
2021-01-19,Santa Barbara,083,443738,27169,24991,878,25869,236
2021-01-19,Santa Clara,085,1922200,97106,94483,446,94929,1010
2021-01-19,Santa Cruz,087,273765,13580,12410,674,13084,106
2021-01-19,Shasta,089,179085,9985,9614,1034,10648,93
2021-01-19,Sierra,091,2930,45,40,12,52,0
2021-01-19,Siskiyou,093,43540,1253,1149,193,1342,4
2021-01-19,Solano,095,438530,26468,25520,295,25815,106
2021-01-19,Sonoma,097,501317,24879,24133,127,24260,223
2021-01-19,Stanislaus,099,539301,44474,42723,4608,47331,561
2021-01-19,Sutter,101,95872,7947,7709,72,7781,80
2021-01-19,Tehama,103,63373,4033,3876,462,4338,19
2021-01-19,Trinity,105,12862,364,260,47,307,3
2021-01-19,Tulare,107,460477,43199,41559,6303,47862,549
2021-01-19,Tuolumne,109,53932,3404,3328,28,3356,29
2021-01-19,Ventura,111,848112,65188,62656,2392,65048,383
2021-01-19,Yolo,113,214977,11486,10789,136,10925,134
2021-01-19,Yuba,115,75493,4892,4695,63,4758,29
2021-01-18,Alameda,001,1643700,70083,67938,1530,69468,680
2021-01-18,Alpine,003,1148,74,71,0,71,0
2021-01-18,Amador,005,37829,3058,3016,25,3041,28
2021-01-18,Butte,007,227075,10019,9474,1431,10905,129
2021-01-18,Calaveras,009,45235,1639,1617,7,1624,21
2021-01-18,Colusa,011,21464,1659,1608,175,1783,7
2021-01-18,Contra Costa,013,1133247,54537,52323,937,53260,448
2021-01-18,Del Norte,015,27424,857,840,3,843,2
2021-01-18,El Dorado,017,186661,8152,7707,559,8266,47
2021-01-18,Fresno,019,978130,86650,82485,6723,89208,857
2021-01-18,Glenn,021,27897,2011,1935,414,2349,13
2021-01-18,Humboldt,023,135768,2524,2343,13,2356,22
2021-01-18,Imperial,025,180216,25807,25317,2339,27656,452
2021-01-18,Inyo,027,18085,994,872,1,873,26
2021-01-18,Kern,029,883053,83436,79930,7811,87741,740
2021-01-18,Kings,031,150075,19932,19267,842,20109,141
2021-01-18,Lake,033,64148,2719,2591,0,2591,30
2021-01-18,Lassen,035,31185,4820,4749,81,4830,1
2021-01-18,Los Angeles,037,10098052,1052761,1002614,35672,1038286,13828
2021-01-18,Madera,039,155013,13980,13443,685,14128,85
2021-01-18,Marin,041,260295,11838,11607,121,11728,165
2021-01-18,Mariposa,043,17540,337,320,2,322,3
2021-01-18,Mendocino,045,87422,3094,2919,54,2973,31
2021-01-18,Merced,047,269075,24560,23927,633,24560,242
2021-01-18,Modoc,049,8938,297,281,89,370,0
2021-01-18,Mono,051,14174,1094,1101,11,1112,3
2021-01-18,Monterey,053,433212,36888,35549,1259,36808,247
2021-01-18,Napa,055,140530,7936,7601,29,7630,38
2021-01-18,Nevada,057,99092,3398,3199,136,3335,17
2021-01-18,Orange,059,3164182,220929,213866,9232,223098,2405
2021-01-18,Placer,061,380077,18402,17263,909,18172,182
2021-01-18,Plumas,063,18699,588,506,11,517,2
2021-01-18,Riverside,065,2383286,254704,244151,12628,256779,2568
2021-01-18,Sacramento,067,1510023,83036,80546,973,81519,1046
2021-01-18,San Benito,069,59416,5103,4963,58,5021,35
2021-01-18,San Bernardino,071,2135413,263412,252808,8003,260811,1775
2021-01-18,San Diego,073,3302833,229067,214335,10559,224894,2103
2021-01-18,San Francisco,075,870044,30039,29321,686,30007,259
2021-01-18,San Joaquin,077,732212,59212,57405,2423,59828,782
2021-01-18,San Luis Obispo,079,281455,16608,15742,439,16181,158
2021-01-18,San Mateo,081,765935,34522,32515,264,32779,208
2021-01-18,Santa Barbara,083,443738,26797,24638,864,25502,235
2021-01-18,Santa Clara,085,1922200,96208,93688,442,94130,992
2021-01-18,Santa Cruz,087,273765,13448,12298,661,12959,106
2021-01-18,Shasta,089,179085,9947,9600,1022,10622,92
2021-01-18,Sierra,091,2930,44,40,12,52,0
2021-01-18,Siskiyou,093,43540,1241,1144,191,1335,4
2021-01-18,Solano,095,438530,26181,25344,290,25634,105
2021-01-18,Sonoma,097,501317,24611,24068,126,24194,223
2021-01-18,Stanislaus,099,539301,44118,42413,4558,46971,562
2021-01-18,Sutter,101,95872,7890,7680,69,7749,78
2021-01-18,Tehama,103,63373,3985,3854,455,4309,19
2021-01-18,Trinity,105,12862,364,260,47,307,3
2021-01-18,Tulare,107,460477,42913,41196,6184,47380,549
2021-01-18,Tuolumne,109,53932,3381,3318,27,3345,28
2021-01-18,Ventura,111,848112,64759,61859,2369,64228,379
2021-01-18,Yolo,113,214977,11354,10620,133,10753,134
2021-01-18,Yuba,115,75493,4864,4671,61,4732,29
2021-01-17,Alameda,001,1643700,69512,67375,1510,68885,676
2021-01-17,Alpine,003,1148,74,71,0,71,0
2021-01-17,Amador,005,37829,3051,3001,25,3026,28
2021-01-17,Butte,007,227075,9947,9411,1409,10820,129
2021-01-17,Calaveras,009,45235,1626,1608,7,1615,21
2021-01-17,Colusa,011,21464,1645,1588,169,1757,7
2021-01-17,Contra Costa,013,1133247,54051,51932,930,52862,447
2021-01-17,Del Norte,015,27424,857,838,3,841,2
2021-01-17,El Dorado,017,186661,8096,7659,546,8205,47
2021-01-17,Fresno,019,978130,86096,82039,6645,88684,857
2021-01-17,Glenn,021,27897,2000,1924,409,2333,9
2021-01-17,Humboldt,023,135768,2486,2322,11,2333,22
2021-01-17,Imperial,025,180216,25737,25253,2294,27547,451
2021-01-17,Inyo,027,18085,988,864,1,865,26
2021-01-17,Kern,029,883053,82888,79489,7725,87214,738
2021-01-17,Kings,031,150075,19796,19201,828,20029,131
2021-01-17,Lake,033,64148,2701,2572,0,2572,30
2021-01-17,Lassen,035,31185,4812,4740,80,4820,1
2021-01-17,Los Angeles,037,10098052,1046159,993028,35245,1028273,13741
2021-01-17,Madera,039,155013,13888,13328,679,14007,85
2021-01-17,Marin,041,260295,11784,11552,119,11671,164
2021-01-17,Mariposa,043,17540,337,319,2,321,3
2021-01-17,Mendocino,045,87422,3066,2912,53,2965,31
2021-01-17,Merced,047,269075,24345,23800,618,24418,242
2021-01-17,Modoc,049,8938,296,279,89,368,0
2021-01-17,Mono,051,14174,1088,1091,10,1101,3
2021-01-17,Monterey,053,433212,36656,35340,1234,36574,244
2021-01-17,Napa,055,140530,7880,7521,29,7550,38
2021-01-17,Nevada,057,99092,3373,3176,134,3310,17
2021-01-17,Orange,059,3164182,218929,212389,9153,221542,2359
2021-01-17,Placer,061,380077,18285,17194,893,18087,181
2021-01-17,Plumas,063,18699,587,505,10,515,2
2021-01-17,Riverside,065,2383286,252615,242206,12503,254709,2534
2021-01-17,Sacramento,067,1510023,82433,80154,959,81113,1045
2021-01-17,San Benito,069,59416,5065,4941,58,4999,35
2021-01-17,San Bernardino,071,2135413,261279,251487,7913,259400,1775
2021-01-17,San Diego,073,3302833,226874,211785,10453,222238,2103
2021-01-17,San Francisco,075,870044,29853,29139,647,29786,255
2021-01-17,San Joaquin,077,732212,58845,57094,2407,59501,780
2021-01-17,San Luis Obispo,079,281455,16486,15658,430,16088,157
2021-01-17,San Mateo,081,765935,34270,32186,239,32425,208
2021-01-17,Santa Barbara,083,443738,26350,24401,848,25249,235
2021-01-17,Santa Clara,085,1922200,95456,92752,439,93191,976
2021-01-17,Santa Cruz,087,273765,13336,12196,658,12854,106
2021-01-17,Shasta,089,179085,9889,9588,1014,10602,92
2021-01-17,Sierra,091,2930,44,38,11,49,0
2021-01-17,Siskiyou,093,43540,1234,1136,188,1324,4
2021-01-17,Solano,095,438530,25950,25216,288,25504,105
2021-01-17,Sonoma,097,501317,24443,23871,126,23997,223
2021-01-17,Stanislaus,099,539301,43802,42221,4497,46718,562
2021-01-17,Sutter,101,95872,7827,7604,67,7671,77
2021-01-17,Tehama,103,63373,3956,3837,450,4287,18
2021-01-17,Trinity,105,12862,364,261,47,308,3
2021-01-17,Tulare,107,460477,42629,41016,6056,47072,549
2021-01-17,Tuolumne,109,53932,3364,3287,27,3314,27
2021-01-17,Ventura,111,848112,63916,61257,2322,63579,376
2021-01-17,Yolo,113,214977,11254,10519,132,10651,134
2021-01-17,Yuba,115,75493,4813,4640,59,4699,28
2021-01-16,Alameda,001,1643700,69188,66583,1496,68079,673
2021-01-16,Alpine,003,1148,74,71,0,71,0
2021-01-16,Amador,005,37829,3048,2986,25,3011,28
2021-01-16,Butte,007,227075,9917,9359,1389,10748,129
2021-01-16,Calaveras,009,45235,1612,1596,7,1603,21
2021-01-16,Colusa,011,21464,1633,1578,169,1747,7
2021-01-16,Contra Costa,013,1133247,53790,51363,921,52284,443
2021-01-16,Del Norte,015,27424,852,833,3,836,2
2021-01-16,El Dorado,017,186661,8074,7575,545,8120,47
2021-01-16,Fresno,019,978130,85825,81294,6592,87886,846
2021-01-16,Glenn,021,27897,1996,1894,405,2299,9
2021-01-16,Humboldt,023,135768,2466,2294,9,2303,22
2021-01-16,Imperial,025,180216,25704,25140,2286,27426,451
2021-01-16,Inyo,027,18085,984,845,1,846,25
2021-01-16,Kern,029,883053,82524,78865,7670,86535,733
2021-01-16,Kings,031,150075,19740,19072,825,19897,131
2021-01-16,Lake,033,64148,2692,2504,0,2504,30
2021-01-16,Lassen,035,31185,4802,4719,80,4799,1
2021-01-16,Los Angeles,037,10098052,1042095,982684,34996,1017680,13654
2021-01-16,Madera,039,155013,13824,13193,675,13868,85
2021-01-16,Marin,041,260295,11742,11482,119,11601,164
2021-01-16,Mariposa,043,17540,336,317,2,319,3
2021-01-16,Mendocino,045,87422,3052,2890,51,2941,31
2021-01-16,Merced,047,269075,24258,23478,606,24084,242
2021-01-16,Modoc,049,8938,296,278,89,367,0
2021-01-16,Mono,051,14174,1087,1079,10,1089,3
2021-01-16,Monterey,053,433212,36557,34972,1216,36188,243
2021-01-16,Napa,055,140530,7841,7356,29,7385,39
2021-01-16,Nevada,057,99092,3340,3144,134,3278,17
2021-01-16,Orange,059,3164182,217893,210111,9093,219204,2312
2021-01-16,Placer,061,380077,18225,16995,891,17886,177
2021-01-16,Plumas,063,18699,585,502,10,512,2
2021-01-16,Riverside,065,2383286,251267,239412,12381,251793,2506
2021-01-16,Sacramento,067,1510023,82056,79122,941,80063,1033
2021-01-16,San Benito,069,59416,5029,4875,58,4933,35
2021-01-16,San Bernardino,071,2135413,260515,249401,7847,257248,1755
2021-01-16,San Diego,073,3302833,225579,209895,10358,220253,2065
2021-01-16,San Francisco,075,870044,29728,28853,615,29468,244
2021-01-16,San Joaquin,077,732212,58604,56642,2374,59016,776
2021-01-16,San Luis Obispo,079,281455,16386,15466,428,15894,152
2021-01-16,San Mateo,081,765935,34105,31805,233,32038,208
2021-01-16,Santa Barbara,083,443738,26155,24088,840,24928,229
2021-01-16,Santa Clara,085,1922200,94993,91584,432,92016,954
2021-01-16,Santa Cruz,087,273765,13277,12026,656,12682,106
2021-01-16,Shasta,089,179085,9856,9547,1010,10557,92
2021-01-16,Sierra,091,2930,43,38,11,49,0
2021-01-16,Siskiyou,093,43540,1229,1124,188,1312,4
2021-01-16,Solano,095,438530,25844,24732,281,25013,103
2021-01-16,Sonoma,097,501317,24356,23607,125,23732,223
2021-01-16,Stanislaus,099,539301,43613,41809,4446,46255,562
2021-01-16,Sutter,101,95872,7795,7560,67,7627,76
2021-01-16,Tehama,103,63373,3943,3783,450,4233,18
2021-01-16,Trinity,105,12862,364,261,47,308,3
2021-01-16,Tulare,107,460477,42451,40655,5980,46635,542
2021-01-16,Tuolumne,109,53932,3357,3269,27,3296,27
2021-01-16,Ventura,111,848112,63364,60368,2292,62660,369
2021-01-16,Yolo,113,214977,11205,10406,131,10537,134
2021-01-16,Yuba,115,75493,4782,4602,59,4661,27
2021-01-15,Alameda,001,1643700,68745,65416,1486,66902,672
2021-01-15,Alpine,003,1148,74,71,0,71,0
2021-01-15,Amador,005,37829,3041,2953,25,2978,28
2021-01-15,Butte,007,227075,9879,9233,1371,10604,129
2021-01-15,Calaveras,009,45235,1605,1538,7,1545,21
2021-01-15,Colusa,011,21464,1622,1541,165,1706,7
2021-01-15,Contra Costa,013,1133247,53462,50408,914,51322,428
2021-01-15,Del Norte,015,27424,848,828,2,830,2
2021-01-15,El Dorado,017,186661,8025,7439,536,7975,47
2021-01-15,Fresno,019,978130,85287,79950,6558,86508,832
2021-01-15,Glenn,021,27897,1991,1824,403,2227,9
2021-01-15,Humboldt,023,135768,2439,2218,8,2226,22
2021-01-15,Imperial,025,180216,25670,24944,2280,27224,446
2021-01-15,Inyo,027,18085,966,814,1,815,25
2021-01-15,Kern,029,883053,82115,77873,7605,85478,719
2021-01-15,Kings,031,150075,19633,18661,817,19478,131
2021-01-15,Lake,033,64148,2664,2434,0,2434,28
2021-01-15,Lassen,035,31185,4791,4693,78,4771,1
2021-01-15,Los Angeles,037,10098052,1035074,968979,34693,1003672,13404
2021-01-15,Madera,039,155013,13735,12883,672,13555,85
2021-01-15,Marin,041,260295,11692,11310,119,11429,160
2021-01-15,Mariposa,043,17540,334,307,2,309,3
2021-01-15,Mendocino,045,87422,3041,2835,51,2886,31
2021-01-15,Merced,047,269075,24145,23060,602,23662,239
2021-01-15,Modoc,049,8938,296,278,87,365,0
2021-01-15,Mono,051,14174,1084,1057,10,1067,3
2021-01-15,Monterey,053,433212,36352,34460,1156,35616,243
2021-01-15,Napa,055,140530,7779,7231,29,7260,38
2021-01-15,Nevada,057,99092,3327,3099,130,3229,17
2021-01-15,Orange,059,3164182,216531,207129,9040,216169,2254
2021-01-15,Placer,061,380077,18125,16712,881,17593,173
2021-01-15,Plumas,063,18699,582,499,10,509,2
2021-01-15,Riverside,065,2383286,249436,235235,12302,247537,2458
2021-01-15,Sacramento,067,1510023,81639,80279,933,81212,1023
2021-01-15,San Benito,069,59416,4985,4766,56,4822,35
2021-01-15,San Bernardino,071,2135413,259365,246182,7788,253970,1726
2021-01-15,San Diego,073,3302833,223831,206868,10293,217161,2037
2021-01-15,San Francisco,075,870044,29558,28574,593,29167,242
2021-01-15,San Joaquin,077,732212,58372,55885,2359,58244,748
2021-01-15,San Luis Obispo,079,281455,16252,15129,423,15552,148
2021-01-15,San Mateo,081,765935,33860,31291,229,31520,208
2021-01-15,Santa Barbara,083,443738,25880,23487,828,24315,226
2021-01-15,Santa Clara,085,1922200,94340,90103,427,90530,942
2021-01-15,Santa Cruz,087,273765,13169,11776,641,12417,105
2021-01-15,Shasta,089,179085,9817,9459,1002,10461,91
2021-01-15,Sierra,091,2930,42,36,10,46,0
2021-01-15,Siskiyou,093,43540,1225,1119,187,1306,4
2021-01-15,Solano,095,438530,25695,24222,278,24500,103
2021-01-15,Sonoma,097,501317,24225,23204,124,23328,222
2021-01-15,Stanislaus,099,539301,43372,41178,4408,45586,562
2021-01-15,Sutter,101,95872,7748,7484,66,7550,75
2021-01-15,Tehama,103,63373,3922,3714,449,4163,17
2021-01-15,Trinity,105,12862,364,262,47,309,3
2021-01-15,Tulare,107,460477,42204,39951,5895,45846,535
2021-01-15,Tuolumne,109,53932,3341,3231,27,3258,27
2021-01-15,Ventura,111,848112,62620,59061,2258,61319,353
2021-01-15,Yolo,113,214977,11147,10240,130,10370,134
2021-01-15,Yuba,115,75493,4761,4549,59,4608,27
2021-01-14,Alameda,001,1643700,68094,64364,1471,65835,686
2021-01-14,Alpine,003,1148,74,71,0,71,0
2021-01-14,Amador,005,37829,3035,2940,25,2965,28
2021-01-14,Butte,007,227075,9795,9127,1349,10476,129
2021-01-14,Calaveras,009,45235,1588,1513,7,1520,21
2021-01-14,Colusa,011,21464,1607,1535,162,1697,7
2021-01-14,Contra Costa,013,1133247,52909,49545,899,50444,415
2021-01-14,Del Norte,015,27424,842,821,2,823,2
2021-01-14,El Dorado,017,186661,7952,7321,527,7848,45
2021-01-14,Fresno,019,978130,84654,79033,6483,85516,814
2021-01-14,Glenn,021,27897,1978,1798,398,2196,9
2021-01-14,Humboldt,023,135768,2396,2169,8,2177,22
2021-01-14,Imperial,025,180216,25564,24882,2241,27123,447
2021-01-14,Inyo,027,18085,959,790,1,791,25
2021-01-14,Kern,029,883053,81449,77070,7501,84571,705
2021-01-14,Kings,031,150075,19504,18405,811,19216,108
2021-01-14,Lake,033,64148,2622,2378,0,2378,27
2021-01-14,Lassen,035,31185,4781,4673,76,4749,1
2021-01-14,Los Angeles,037,10098052,1025101,954652,34292,988944,13147
2021-01-14,Madera,039,155013,13618,12742,661,13403,85
2021-01-14,Marin,041,260295,11618,11155,118,11273,159
2021-01-14,Mariposa,043,17540,331,302,2,304,3
2021-01-14,Mendocino,045,87422,3027,2801,49,2850,31
2021-01-14,Merced,047,269075,23916,22780,593,23373,239
2021-01-14,Modoc,049,8938,296,273,87,360,0
2021-01-14,Mono,051,14174,1076,1020,10,1030,3
2021-01-14,Monterey,053,433212,35941,34105,1137,35242,242
2021-01-14,Napa,055,140530,7694,7117,29,7146,38
2021-01-14,Nevada,057,99092,3300,3075,128,3203,17
2021-01-14,Orange,059,3164182,214611,204442,8950,213392,2162
2021-01-14,Placer,061,380077,17968,16488,873,17361,169
2021-01-14,Plumas,063,18699,574,496,10,506,2
2021-01-14,Riverside,065,2383286,246821,231684,12198,243882,2357
2021-01-14,Sacramento,067,1510023,81002,79137,908,80045,1007
2021-01-14,San Benito,069,59416,4951,4678,55,4733,35
2021-01-14,San Bernardino,071,2135413,257403,243379,7712,251091,1750
2021-01-14,San Diego,073,3302833,221441,204173,10173,214346,2005
2021-01-14,San Francisco,075,870044,29317,28200,540,28740,238
2021-01-14,San Joaquin,077,732212,57858,55058,2344,57402,739
2021-01-14,San Luis Obispo,079,281455,16093,14851,413,15264,146
2021-01-14,San Mateo,081,765935,33492,30694,220,30914,208
2021-01-14,Santa Barbara,083,443738,25473,23126,801,23927,219
2021-01-14,Santa Clara,085,1922200,93450,88505,420,88925,910
2021-01-14,Santa Cruz,087,273765,13022,11583,625,12208,109
2021-01-14,Shasta,089,179085,9769,9334,985,10319,90
2021-01-14,Sierra,091,2930,42,35,9,44,0
2021-01-14,Siskiyou,093,43540,1214,1108,184,1292,3
2021-01-14,Solano,095,438530,25434,23782,274,24056,103
2021-01-14,Sonoma,097,501317,23982,22910,124,23034,202
2021-01-14,Stanislaus,099,539301,43050,40597,4366,44963,574
2021-01-14,Sutter,101,95872,7689,7416,63,7479,74
2021-01-14,Tehama,103,63373,3892,3664,445,4109,17
2021-01-14,Trinity,105,12862,364,261,46,307,3
2021-01-14,Tulare,107,460477,41822,39565,5782,45347,533
2021-01-14,Tuolumne,109,53932,3320,3215,27,3242,28
2021-01-14,Ventura,111,848112,61748,57941,2220,60161,347
2021-01-14,Yolo,113,214977,11037,10097,124,10221,135
2021-01-14,Yuba,115,75493,4729,4496,59,4555,27
2021-01-13,Alameda,001,1643700,67344,63568,1452,65020,690
2021-01-13,Alpine,003,1148,74,71,0,71,0
2021-01-13,Amador,005,37829,3021,2914,25,2939,26
2021-01-13,Butte,007,227075,9716,9013,1334,10347,126
2021-01-13,Calaveras,009,45235,1566,1493,7,1500,21
2021-01-13,Colusa,011,21464,1595,1524,157,1681,7
2021-01-13,Contra Costa,013,1133247,52329,48877,885,49762,403
2021-01-13,Del Norte,015,27424,838,820,2,822,2
2021-01-13,El Dorado,017,186661,7859,7247,519,7766,43
2021-01-13,Fresno,019,978130,83946,78278,6430,84708,804
2021-01-13,Glenn,021,27897,1963,1792,390,2182,9
2021-01-13,Humboldt,023,135768,2364,2114,8,2122,22
2021-01-13,Imperial,025,180216,25440,24717,2208,26925,463
2021-01-13,Inyo,027,18085,947,785,1,786,25
2021-01-13,Kern,029,883053,80785,76049,7410,83459,704
2021-01-13,Kings,031,150075,19339,18121,785,18906,108
2021-01-13,Lake,033,64148,2577,2305,0,2305,27
2021-01-13,Lassen,035,31185,4774,4663,75,4738,1
2021-01-13,Los Angeles,037,10098052,1014368,937985,33860,971845,12873
2021-01-13,Madera,039,155013,13494,12570,655,13225,85
2021-01-13,Marin,041,260295,11561,11039,118,11157,161
2021-01-13,Mariposa,043,17540,329,304,2,306,3
2021-01-13,Mendocino,045,87422,3007,2790,49,2839,31
2021-01-13,Merced,047,269075,23676,22497,578,23075,241
2021-01-13,Modoc,049,8938,295,274,84,358,0
2021-01-13,Mono,051,14174,1072,1017,10,1027,3
2021-01-13,Monterey,053,433212,35525,33748,1112,34860,241
2021-01-13,Napa,055,140530,7580,7028,29,7057,36
2021-01-13,Nevada,057,99092,3277,3037,124,3161,17
2021-01-13,Orange,059,3164182,212535,201158,8880,210038,2172
2021-01-13,Placer,061,380077,17840,16272,858,17130,172
2021-01-13,Plumas,063,18699,572,490,10,500,2
2021-01-13,Riverside,065,2383286,243699,228192,12073,240265,2278
2021-01-13,Sacramento,067,1510023,80343,78268,901,79169,996
2021-01-13,San Benito,069,59416,4896,4583,54,4637,35
2021-01-13,San Bernardino,071,2135413,255031,240191,7636,247827,1759
2021-01-13,San Diego,073,3302833,218828,201578,10070,211648,1952
2021-01-13,San Francisco,075,870044,29077,27863,516,28379,238
2021-01-13,San Joaquin,077,732212,57235,54373,2312,56685,738
2021-01-13,San Luis Obispo,079,281455,15940,14625,402,15027,140
2021-01-13,San Mateo,081,765935,33151,30195,218,30413,207
2021-01-13,Santa Barbara,083,443738,25042,22714,775,23489,216
2021-01-13,Santa Clara,085,1922200,92475,87187,417,87604,911
2021-01-13,Santa Cruz,087,273765,12849,11423,611,12034,110
2021-01-13,Shasta,089,179085,9706,9180,970,10150,93
2021-01-13,Sierra,091,2930,42,33,9,42,0
2021-01-13,Siskiyou,093,43540,1208,1102,180,1282,3
2021-01-13,Solano,095,438530,25154,23503,273,23776,105
2021-01-13,Sonoma,097,501317,23731,22610,123,22733,206
2021-01-13,Stanislaus,099,539301,42652,40167,4308,44475,574
2021-01-13,Sutter,101,95872,7643,7350,62,7412,73
2021-01-13,Tehama,103,63373,3843,3589,440,4029,17
2021-01-13,Trinity,105,12862,364,260,46,306,3
2021-01-13,Tulare,107,460477,41419,39129,5675,44804,522
2021-01-13,Tuolumne,109,53932,3306,3196,27,3223,28
2021-01-13,Ventura,111,848112,60735,56453,2182,58635,338
2021-01-13,Yolo,113,214977,10936,9933,120,10053,135
2021-01-13,Yuba,115,75493,4687,4448,56,4504,27
2021-01-12,Alameda,001,1643700,66525,62642,1432,64074,677
2021-01-12,Alpine,003,1148,74,71,0,71,0
2021-01-12,Amador,005,37829,3004,2897,25,2922,26
2021-01-12,Butte,007,227075,9632,8883,1313,10196,124
2021-01-12,Calaveras,009,45235,1529,1475,7,1482,21
2021-01-12,Colusa,011,21464,1583,1510,153,1663,7
2021-01-12,Contra Costa,013,1133247,51682,48242,869,49111,399
2021-01-12,Del Norte,015,27424,833,816,2,818,2
2021-01-12,El Dorado,017,186661,7776,7156,508,7664,41
2021-01-12,Fresno,019,978130,83082,77651,6360,84011,796
2021-01-12,Glenn,021,27897,1935,1781,384,2165,9
2021-01-12,Humboldt,023,135768,2310,2077,7,2084,22
2021-01-12,Imperial,025,180216,25353,24566,2165,26731,457
2021-01-12,Inyo,027,18085,930,773,1,774,25
2021-01-12,Kern,029,883053,80083,75320,7307,82627,689
2021-01-12,Kings,031,150075,19131,18072,772,18844,108
2021-01-12,Lake,033,64148,2529,2260,0,2260,27
2021-01-12,Lassen,035,31185,4752,4659,73,4732,1
2021-01-12,Los Angeles,037,10098052,1002749,926295,33434,959729,12610
2021-01-12,Madera,039,155013,13353,12485,647,13132,85
2021-01-12,Marin,041,260295,11452,10960,118,11078,157
2021-01-12,Mariposa,043,17540,327,302,2,304,3
2021-01-12,Mendocino,045,87422,2987,2762,45,2807,31
2021-01-12,Merced,047,269075,23426,22172,555,22727,239
2021-01-12,Modoc,049,8938,293,274,84,358,0
2021-01-12,Mono,051,14174,1063,1008,10,1018,3
2021-01-12,Monterey,053,433212,35025,33381,1090,34471,240
2021-01-12,Napa,055,140530,7497,6936,29,6965,36
2021-01-12,Nevada,057,99092,3249,3014,122,3136,17
2021-01-12,Orange,059,3164182,210244,198260,8791,207051,2142
2021-01-12,Placer,061,380077,17661,16087,852,16939,163
2021-01-12,Plumas,063,18699,566,483,10,493,2
2021-01-12,Riverside,065,2383286,240584,225580,11928,237508,2266
2021-01-12,Sacramento,067,1510023,79603,77201,892,78093,985
2021-01-12,San Benito,069,59416,4829,4515,54,4569,35
2021-01-12,San Bernardino,071,2135413,252463,237008,7563,244571,1739
2021-01-12,San Diego,073,3302833,215916,198317,9952,208269,1898
2021-01-12,San Francisco,075,870044,28801,27531,480,28011,238
2021-01-12,San Joaquin,077,732212,56586,53630,2282,55912,725
2021-01-12,San Luis Obispo,079,281455,15693,14367,394,14761,132
2021-01-12,San Mateo,081,765935,32760,29747,206,29953,206
2021-01-12,Santa Barbara,083,443738,24633,22182,747,22929,209
2021-01-12,Santa Clara,085,1922200,91413,86075,408,86483,904
2021-01-12,Santa Cruz,087,273765,12634,11267,594,11861,110
2021-01-12,Shasta,089,179085,9633,9086,957,10043,84
2021-01-12,Sierra,091,2930,40,33,8,41,0
2021-01-12,Siskiyou,093,43540,1198,1091,174,1265,3
2021-01-12,Solano,095,438530,24850,23160,268,23428,102
2021-01-12,Sonoma,097,501317,23426,22403,123,22526,205
2021-01-12,Stanislaus,099,539301,42201,39615,4272,43887,571
2021-01-12,Sutter,101,95872,7580,7276,61,7337,73
2021-01-12,Tehama,103,63373,3808,3567,436,4003,17
2021-01-12,Trinity,105,12862,364,258,46,304,3
2021-01-12,Tulare,107,460477,40968,38797,5554,44351,509
2021-01-12,Tuolumne,109,53932,3272,3178,27,3205,28
2021-01-12,Ventura,111,848112,59763,55342,2149,57491,324
2021-01-12,Yolo,113,214977,10803,9857,109,9966,133
2021-01-12,Yuba,115,75493,4647,4389,56,4445,27
2021-01-11,Alameda,001,1643700,65667,61949,1414,63363,652
2021-01-11,Alpine,003,1148,74,70,0,70,0
2021-01-11,Amador,005,37829,2990,2867,25,2892,24
2021-01-11,Butte,007,227075,9518,8757,1295,10052,119
2021-01-11,Calaveras,009,45235,1511,1460,7,1467,21
2021-01-11,Colusa,011,21464,1565,1494,149,1643,7
2021-01-11,Contra Costa,013,1133247,51005,47728,859,48587,398
2021-01-11,Del Norte,015,27424,829,810,2,812,2
2021-01-11,El Dorado,017,186661,7683,6987,499,7486,36
2021-01-11,Fresno,019,978130,82206,76581,6280,82861,775
2021-01-11,Glenn,021,27897,1906,1763,375,2138,9
2021-01-11,Humboldt,023,135768,2270,2069,7,2076,22
2021-01-11,Imperial,025,180216,25239,24418,2129,26547,453
2021-01-11,Inyo,027,18085,912,763,1,764,25
2021-01-11,Kern,029,883053,79232,74489,7203,81692,682
2021-01-11,Kings,031,150075,18867,17909,764,18673,108
2021-01-11,Lake,033,64148,2479,2205,0,2205,26
2021-01-11,Lassen,035,31185,4729,4647,72,4719,1
2021-01-11,Los Angeles,037,10098052,989591,914434,32942,947376,12304
2021-01-11,Madera,039,155013,13220,12366,636,13002,85
2021-01-11,Marin,041,260295,11356,10814,115,10929,156
2021-01-11,Mariposa,043,17540,320,296,2,298,3
2021-01-11,Mendocino,045,87422,2960,2728,45,2773,31
2021-01-11,Merced,047,269075,23103,21884,541,22425,238
2021-01-11,Modoc,049,8938,292,271,83,354,0
2021-01-11,Mono,051,14174,1057,1006,10,1016,3
2021-01-11,Monterey,053,433212,34491,32858,1025,33883,239
2021-01-11,Napa,055,140530,7395,6822,29,6851,36
2021-01-11,Nevada,057,99092,3222,2980,122,3102,17
2021-01-11,Orange,059,3164182,207677,196340,8688,205028,2113
2021-01-11,Placer,061,380077,17479,15919,839,16758,163
2021-01-11,Plumas,063,18699,562,477,10,487,2
2021-01-11,Riverside,065,2383286,237089,222907,11771,234678,2222
2021-01-11,Sacramento,067,1510023,78677,76009,875,76884,974
2021-01-11,San Benito,069,59416,4753,4482,47,4529,34
2021-01-11,San Bernardino,071,2135413,249637,235543,7461,243004,1739
2021-01-11,San Diego,073,3302833,212651,194793,9792,204585,1857
2021-01-11,San Francisco,075,870044,28528,27264,457,27721,238
2021-01-11,San Joaquin,077,732212,55976,53002,2252,55254,725
2021-01-11,San Luis Obispo,079,281455,15323,14213,386,14599,126
2021-01-11,San Mateo,081,765935,32316,29355,193,29548,206
2021-01-11,Santa Barbara,083,443738,24196,21740,730,22470,200
2021-01-11,Santa Clara,085,1922200,90214,84851,399,85250,877
2021-01-11,Santa Cruz,087,273765,12457,11093,567,11660,106
2021-01-11,Shasta,089,179085,9535,8977,944,9921,81
2021-01-11,Sierra,091,2930,39,33,8,41,0
2021-01-11,Siskiyou,093,43540,1190,1087,171,1258,3
2021-01-11,Solano,095,438530,24529,22893,263,23156,101
2021-01-11,Sonoma,097,501317,23180,22191,123,22314,205
2021-01-11,Stanislaus,099,539301,41712,39149,4218,43367,571
2021-01-11,Sutter,101,95872,7521,7204,60,7264,71
2021-01-11,Tehama,103,63373,3744,3524,413,3937,17
2021-01-11,Trinity,105,12862,364,256,46,302,2
2021-01-11,Tulare,107,460477,40560,38380,5469,43849,497
2021-01-11,Tuolumne,109,53932,3261,3165,27,3192,27
2021-01-11,Ventura,111,848112,58628,54202,2123,56325,320
2021-01-11,Yolo,113,214977,10592,9699,107,9806,129
2021-01-11,Yuba,115,75493,4609,4349,49,4398,27
2021-01-10,Alameda,001,1643700,64690,61111,1385,62496,650
2021-01-10,Alpine,003,1148,74,70,0,70,0
2021-01-10,Amador,005,37829,2966,2861,25,2886,24
2021-01-10,Butte,007,227075,9401,8665,1268,9933,119
2021-01-10,Calaveras,009,45235,1486,1449,7,1456,21
2021-01-10,Colusa,011,21464,1541,1478,147,1625,7
2021-01-10,Contra Costa,013,1133247,50219,47109,841,47950,398
2021-01-10,Del Norte,015,27424,826,809,2,811,2
2021-01-10,El Dorado,017,186661,7596,6904,481,7385,36
2021-01-10,Fresno,019,978130,81394,75621,6158,81779,775
2021-01-10,Glenn,021,27897,1882,1746,367,2113,9
2021-01-10,Humboldt,023,135768,2209,2049,7,2056,22
2021-01-10,Imperial,025,180216,25080,24233,2074,26307,453
2021-01-10,Inyo,027,18085,884,748,1,749,25
2021-01-10,Kern,029,883053,78408,73712,7068,80780,679
2021-01-10,Kings,031,150075,18649,17812,756,18568,108
2021-01-10,Lake,033,64148,2428,2174,0,2174,26
2021-01-10,Lassen,035,31185,4707,4642,71,4713,1
2021-01-10,Los Angeles,037,10098052,975059,901783,32283,934066,12170
2021-01-10,Madera,039,155013,13033,12179,621,12800,85
2021-01-10,Marin,041,260295,11238,10737,113,10850,155
2021-01-10,Mariposa,043,17540,320,291,2,293,3
2021-01-10,Mendocino,045,87422,2929,2706,42,2748,31
2021-01-10,Merced,047,269075,22828,21691,531,22222,238
2021-01-10,Modoc,049,8938,292,271,81,352,0
2021-01-10,Mono,051,14174,1040,965,10,975,3
2021-01-10,Monterey,053,433212,34050,32571,993,33564,237
2021-01-10,Napa,055,140530,7291,6687,27,6714,36
2021-01-10,Nevada,057,99092,3203,2959,118,3077,17
2021-01-10,Orange,059,3164182,204921,193766,8565,202331,2104
2021-01-10,Placer,061,380077,17301,15779,817,16596,163
2021-01-10,Plumas,063,18699,552,477,10,487,2
2021-01-10,Riverside,065,2383286,233747,219486,11579,231065,2216
2021-01-10,Sacramento,067,1510023,77718,75394,845,76239,965
2021-01-10,San Benito,069,59416,4659,4434,46,4480,34
2021-01-10,San Bernardino,071,2135413,246037,232171,7357,239528,1736
2021-01-10,San Diego,073,3302833,208997,191886,9626,201512,1857
2021-01-10,San Francisco,075,870044,28147,27054,421,27475,238
2021-01-10,San Joaquin,077,732212,55114,52535,2218,54753,725
2021-01-10,San Luis Obispo,079,281455,14995,13968,372,14340,122
2021-01-10,San Mateo,081,765935,31826,28972,178,29150,206
2021-01-10,Santa Barbara,083,443738,23654,21290,705,21995,200
2021-01-10,Santa Clara,085,1922200,89038,83779,388,84167,858
2021-01-10,Santa Cruz,087,273765,12246,10951,543,11494,106
2021-01-10,Shasta,089,179085,9424,8936,927,9863,81
2021-01-10,Sierra,091,2930,38,32,8,40,0
2021-01-10,Siskiyou,093,43540,1184,1075,168,1243,3
2021-01-10,Solano,095,438530,24129,22621,260,22881,101
2021-01-10,Sonoma,097,501317,22908,21925,123,22048,204
2021-01-10,Stanislaus,099,539301,41151,38809,4135,42944,571
2021-01-10,Sutter,101,95872,7460,7133,57,7190,71
2021-01-10,Tehama,103,63373,3672,3504,400,3904,17
2021-01-10,Trinity,105,12862,364,253,45,298,2
2021-01-10,Tulare,107,460477,40145,38012,5344,43356,497
2021-01-10,Tuolumne,109,53932,3227,3143,26,3169,27
2021-01-10,Ventura,111,848112,57361,53095,2077,55172,319
2021-01-10,Yolo,113,214977,10442,9610,106,9716,129
2021-01-10,Yuba,115,75493,4557,4300,46,4346,27
2021-01-09,Alameda,001,1643700,64186,60125,1367,61492,649
2021-01-09,Alpine,003,1148,74,70,0,70,0
2021-01-09,Amador,005,37829,2959,2809,25,2834,24
2021-01-09,Butte,007,227075,9320,8552,1244,9796,118
2021-01-09,Calaveras,009,45235,1476,1425,7,1432,21
2021-01-09,Colusa,011,21464,1535,1468,146,1614,7
2021-01-09,Contra Costa,013,1133247,49873,46406,826,47232,393
2021-01-09,Del Norte,015,27424,824,802,2,804,2
2021-01-09,El Dorado,017,186661,7564,6800,478,7278,36
2021-01-09,Fresno,019,978130,80987,74816,6116,80932,773
2021-01-09,Glenn,021,27897,1867,1707,362,2069,9
2021-01-09,Humboldt,023,135768,2191,2026,7,2033,22
2021-01-09,Imperial,025,180216,25012,24028,2059,26087,448
2021-01-09,Inyo,027,18085,874,734,1,735,25
2021-01-09,Kern,029,883053,77950,73015,6987,80002,677
2021-01-09,Kings,031,150075,18554,17679,752,18431,108
2021-01-09,Lake,033,64148,2394,2144,0,2144,26
2021-01-09,Lassen,035,31185,4695,4613,70,4683,1
2021-01-09,Los Angeles,037,10098052,969529,887949,31822,919771,12011
2021-01-09,Madera,039,155013,12948,12063,616,12679,85
2021-01-09,Marin,041,260295,11175,10634,112,10746,154
2021-01-09,Mariposa,043,17540,317,287,2,289,3
2021-01-09,Mendocino,045,87422,2911,2664,42,2706,31
2021-01-09,Merced,047,269075,22687,21357,521,21878,237
2021-01-09,Modoc,049,8938,292,271,80,351,0
2021-01-09,Mono,051,14174,1035,964,10,974,3
2021-01-09,Monterey,053,433212,33906,31948,984,32932,235
2021-01-09,Napa,055,140530,7221,6594,24,6618,36
2021-01-09,Nevada,057,99092,3181,2932,115,3047,17
2021-01-09,Orange,059,3164182,203423,191004,8473,199477,2034
2021-01-09,Placer,061,380077,17202,15609,815,16424,162
2021-01-09,Plumas,063,18699,550,477,10,487,2
2021-01-09,Riverside,065,2383286,232044,216076,11431,227507,2201
2021-01-09,Sacramento,067,1510023,77193,74482,840,75322,953
2021-01-09,San Benito,069,59416,4610,4335,46,4381,34
2021-01-09,San Bernardino,071,2135413,244860,228857,7287,236144,1714
2021-01-09,San Diego,073,3302833,207305,188598,9506,198104,1824
2021-01-09,San Francisco,075,870044,27973,26708,376,27084,235
2021-01-09,San Joaquin,077,732212,54769,51927,2197,54124,724
2021-01-09,San Luis Obispo,079,281455,14872,13647,361,14008,121
2021-01-09,San Mateo,081,765935,31529,28512,171,28683,205
2021-01-09,Santa Barbara,083,443738,23446,20971,696,21667,197
2021-01-09,Santa Clara,085,1922200,88197,82269,376,82645,808
2021-01-09,Santa Cruz,087,273765,12150,10717,538,11255,107
2021-01-09,Shasta,089,179085,9391,8893,923,9816,81
2021-01-09,Sierra,091,2930,36,32,8,40,0
2021-01-09,Siskiyou,093,43540,1180,1062,164,1226,3
2021-01-09,Solano,095,438530,23974,22226,259,22485,101
2021-01-09,Sonoma,097,501317,22787,21393,123,21516,202
2021-01-09,Stanislaus,099,539301,40859,38403,4093,42496,567
2021-01-09,Sutter,101,95872,7424,7072,56,7128,69
2021-01-09,Tehama,103,63373,3643,3451,388,3839,15
2021-01-09,Trinity,105,12862,364,252,45,297,2
2021-01-09,Tulare,107,460477,39901,37684,5272,42956,496
2021-01-09,Tuolumne,109,53932,3219,3117,25,3142,26
2021-01-09,Ventura,111,848112,56534,51988,2050,54038,306
2021-01-09,Yolo,113,214977,10371,9524,103,9627,129
2021-01-09,Yuba,115,75493,4529,4265,46,4311,27
2021-01-08,Alameda,001,1643700,63642,59172,1356,60528,646
2021-01-08,Alpine,003,1148,74,70,0,70,0
2021-01-08,Amador,005,37829,2952,2792,25,2817,24
2021-01-08,Butte,007,227075,9261,8430,1228,9658,115
2021-01-08,Calaveras,009,45235,1463,1385,7,1392,21
2021-01-08,Colusa,011,21464,1522,1448,145,1593,7
2021-01-08,Contra Costa,013,1133247,49348,45667,822,46489,381
2021-01-08,Del Norte,015,27424,822,795,2,797,2
2021-01-08,El Dorado,017,186661,7494,6690,466,7156,36
2021-01-08,Fresno,019,978130,80173,73689,6053,79742,771
2021-01-08,Glenn,021,27897,1851,1680,358,2038,9
2021-01-08,Humboldt,023,135768,2167,1988,7,1995,22
2021-01-08,Imperial,025,180216,24945,23751,2044,25795,446
2021-01-08,Inyo,027,18085,860,682,1,683,24
2021-01-08,Kern,029,883053,77390,71978,6914,78892,674
2021-01-08,Kings,031,150075,18426,17441,747,18188,108
2021-01-08,Lake,033,64148,2367,2098,0,2098,26
2021-01-08,Lassen,035,31185,4687,4598,68,4666,1
2021-01-08,Los Angeles,037,10098052,958771,871188,31368,902556,11796
2021-01-08,Madera,039,155013,12797,11846,607,12453,85
2021-01-08,Marin,041,260295,11081,10531,111,10642,153
2021-01-08,Mariposa,043,17540,316,273,2,275,3
2021-01-08,Mendocino,045,87422,2892,2634,39,2673,31
2021-01-08,Merced,047,269075,22492,20862,516,21378,236
2021-01-08,Modoc,049,8938,292,266,80,346,0
2021-01-08,Mono,051,14174,1025,951,10,961,3
2021-01-08,Monterey,053,433212,33640,31543,971,32514,224
2021-01-08,Napa,055,140530,7151,6544,24,6568,32
2021-01-08,Nevada,057,99092,3159,2888,115,3003,17
2021-01-08,Orange,059,3164182,201432,186608,8386,194994,1991
2021-01-08,Placer,061,380077,17076,15401,808,16209,161
2021-01-08,Plumas,063,18699,544,465,10,475,2
2021-01-08,Riverside,065,2383286,229685,212122,11293,223415,2184
2021-01-08,Sacramento,067,1510023,76614,73245,834,74079,939
2021-01-08,San Benito,069,59416,4572,4225,45,4270,33
2021-01-08,San Bernardino,071,2135413,242978,224267,7214,231481,1703
2021-01-08,San Diego,073,3302833,204771,185060,9412,194472,1771
2021-01-08,San Francisco,075,870044,27726,26378,351,26729,207
2021-01-08,San Joaquin,077,732212,54431,50990,2166,53156,710
2021-01-08,San Luis Obispo,079,281455,14739,13286,347,13633,119
2021-01-08,San Mateo,081,765935,31179,28072,168,28240,204
2021-01-08,Santa Barbara,083,443738,23168,20461,687,21148,189
2021-01-08,Santa Clara,085,1922200,87176,80561,373,80934,789
2021-01-08,Santa Cruz,087,273765,12011,10486,528,11014,106
2021-01-08,Shasta,089,179085,9341,8772,908,9680,81
2021-01-08,Sierra,091,2930,36,31,8,39,0
2021-01-08,Siskiyou,093,43540,1177,1027,163,1190,3
2021-01-08,Solano,095,438530,23806,21832,259,22091,100
2021-01-08,Sonoma,097,501317,22647,21178,123,21301,201
2021-01-08,Stanislaus,099,539301,40562,37858,4056,41914,566
2021-01-08,Sutter,101,95872,7374,6982,56,7038,68
2021-01-08,Tehama,103,63373,3620,3406,383,3789,15
2021-01-08,Trinity,105,12862,364,247,45,292,2
2021-01-08,Tulare,107,460477,39636,36946,5164,42110,491
2021-01-08,Tuolumne,109,53932,3210,3099,25,3124,19
2021-01-08,Ventura,111,848112,55670,50553,2025,52578,294
2021-01-08,Yolo,113,214977,10282,9391,99,9490,129
2021-01-08,Yuba,115,75493,4487,4195,45,4240,26
2021-01-07,Alameda,001,1643700,62725,57921,1328,59249,632
2021-01-07,Alpine,003,1148,72,70,0,70,0
2021-01-07,Amador,005,37829,2939,2740,24,2764,24
2021-01-07,Butte,007,227075,9165,8278,1199,9477,112
2021-01-07,Calaveras,009,45235,1446,1342,6,1348,21
2021-01-07,Colusa,011,21464,1510,1420,138,1558,7
2021-01-07,Contra Costa,013,1133247,48569,44756,805,45561,376
2021-01-07,Del Norte,015,27424,820,791,2,793,2
2021-01-07,El Dorado,017,186661,7395,6545,452,6997,36
2021-01-07,Fresno,019,978130,79219,72557,5948,78505,765
2021-01-07,Glenn,021,27897,1835,1639,349,1988,9
2021-01-07,Humboldt,023,135768,2140,1954,7,1961,22
2021-01-07,Imperial,025,180216,24752,23608,1992,25600,431
2021-01-07,Inyo,027,18085,847,656,1,657,20
2021-01-07,Kern,029,883053,76536,70953,6761,77714,660
2021-01-07,Kings,031,150075,18298,17238,738,17976,108
2021-01-07,Lake,033,64148,2312,2054,0,2054,26
2021-01-07,Lassen,035,31185,4682,4581,66,4647,1
2021-01-07,Los Angeles,037,10098052,943915,853187,30805,883992,11480
2021-01-07,Madera,039,155013,12641,11644,595,12239,76
2021-01-07,Marin,041,260295,10989,10364,109,10473,153
2021-01-07,Mariposa,043,17540,314,264,2,266,3
2021-01-07,Mendocino,045,87422,2837,2585,35,2620,30
2021-01-07,Merced,047,269075,22171,20510,501,21011,234
2021-01-07,Modoc,049,8938,292,265,80,345,0
2021-01-07,Mono,051,14174,1014,905,10,915,3
2021-01-07,Monterey,053,433212,33112,30903,948,31851,222
2021-01-07,Napa,055,140530,7041,6408,24,6432,32
2021-01-07,Nevada,057,99092,3125,2847,110,2957,17
2021-01-07,Orange,059,3164182,198598,181922,8283,190205,1974
2021-01-07,Placer,061,380077,16889,15155,778,15933,144
2021-01-07,Plumas,063,18699,542,454,10,464,2
2021-01-07,Riverside,065,2383286,226322,208177,11129,219306,2156
2021-01-07,Sacramento,067,1510023,75710,72342,813,73155,919
2021-01-07,San Benito,069,59416,4510,4112,41,4153,33
2021-01-07,San Bernardino,071,2135413,239442,219691,7129,226820,1666
2021-01-07,San Diego,073,3302833,201466,180510,9233,189743,1738
2021-01-07,San Francisco,075,870044,27391,25885,334,26219,202
2021-01-07,San Joaquin,077,732212,53747,50156,2134,52290,689
2021-01-07,San Luis Obispo,079,281455,14500,12810,334,13144,118
2021-01-07,San Mateo,081,765935,30669,27494,164,27658,201
2021-01-07,Santa Barbara,083,443738,22750,19931,673,20604,187
2021-01-07,Santa Clara,085,1922200,85957,78808,369,79177,775
2021-01-07,Santa Cruz,087,273765,11802,10228,521,10749,104
2021-01-07,Shasta,089,179085,9254,8612,900,9512,81
2021-01-07,Sierra,091,2930,36,31,8,39,0
2021-01-07,Siskiyou,093,43540,1172,1010,161,1171,3
2021-01-07,Solano,095,438530,23413,21384,255,21639,100
2021-01-07,Sonoma,097,501317,22384,20857,122,20979,200
2021-01-07,Stanislaus,099,539301,40137,37296,4003,41299,553
2021-01-07,Sutter,101,95872,7315,6890,55,6945,65
2021-01-07,Tehama,103,63373,3596,3330,376,3706,15
2021-01-07,Trinity,105,12862,364,247,45,292,2
2021-01-07,Tulare,107,460477,39233,36397,5025,41422,482
2021-01-07,Tuolumne,109,53932,3190,3068,24,3092,14
2021-01-07,Ventura,111,848112,54510,49083,1996,51079,288
2021-01-07,Yolo,113,214977,10144,9207,97,9304,128
2021-01-07,Yuba,115,75493,4445,4128,45,4173,25
2021-01-06,Alameda,001,1643700,61880,57081,1298,58379,616
2021-01-06,Alpine,003,1148,72,70,0,70,0
2021-01-06,Amador,005,37829,2918,2717,23,2740,24
2021-01-06,Butte,007,227075,9053,8147,1180,9327,110
2021-01-06,Calaveras,009,45235,1422,1321,6,1327,21
2021-01-06,Colusa,011,21464,1490,1385,132,1517,7
2021-01-06,Contra Costa,013,1133247,47765,44054,787,44841,358
2021-01-06,Del Norte,015,27424,814,780,2,782,2
2021-01-06,El Dorado,017,186661,7284,6397,439,6836,35
2021-01-06,Fresno,019,978130,78380,71404,5845,77249,752
2021-01-06,Glenn,021,27897,1811,1622,343,1965,9
2021-01-06,Humboldt,023,135768,2114,1912,7,1919,22
2021-01-06,Imperial,025,180216,24501,23400,1950,25350,431
2021-01-06,Inyo,027,18085,831,630,1,631,20
2021-01-06,Kern,029,883053,75595,69893,6625,76518,646
2021-01-06,Kings,031,150075,18104,17019,715,17734,108
2021-01-06,Lake,033,64148,2274,2033,0,2033,26
2021-01-06,Lassen,035,31185,4670,4560,62,4622,1
2021-01-06,Los Angeles,037,10098052,928023,835052,30080,865132,11285
2021-01-06,Madera,039,155013,12507,11407,589,11996,67
2021-01-06,Marin,041,260295,10861,10282,108,10390,153
2021-01-06,Mariposa,043,17540,311,259,2,261,3
2021-01-06,Mendocino,045,87422,2807,2561,35,2596,30
2021-01-06,Merced,047,269075,21829,20258,485,20743,232
2021-01-06,Modoc,049,8938,292,263,80,343,0
2021-01-06,Mono,051,14174,983,905,10,915,3
2021-01-06,Monterey,053,433212,32521,30387,911,31298,222
2021-01-06,Napa,055,140530,6911,6342,24,6366,32
2021-01-06,Nevada,057,99092,3105,2805,110,2915,15
2021-01-06,Orange,059,3164182,195153,177686,8139,185825,1935
2021-01-06,Placer,061,380077,16707,14940,759,15699,134
2021-01-06,Plumas,063,18699,534,445,10,455,2
2021-01-06,Riverside,065,2383286,222328,203714,10928,214642,2121
2021-01-06,Sacramento,067,1510023,74689,71572,796,72368,909
2021-01-06,San Benito,069,59416,4433,4031,40,4071,32
2021-01-06,San Bernardino,071,2135413,235733,215286,7014,222300,1634
2021-01-06,San Diego,073,3302833,197971,176660,9064,185724,1691
2021-01-06,San Francisco,075,870044,27019,25424,324,25748,199
2021-01-06,San Joaquin,077,732212,52986,49286,2091,51377,673
2021-01-06,San Luis Obispo,079,281455,14108,12305,327,12632,115
2021-01-06,San Mateo,081,765935,30245,27050,161,27211,200
2021-01-06,Santa Barbara,083,443738,22270,19453,661,20114,177
2021-01-06,Santa Clara,085,1922200,84552,77485,362,77847,746
2021-01-06,Santa Cruz,087,273765,11584,9954,501,10455,97
2021-01-06,Shasta,089,179085,9183,8482,893,9375,78
2021-01-06,Sierra,091,2930,35,31,8,39,0
2021-01-06,Siskiyou,093,43540,1160,998,157,1155,3
2021-01-06,Solano,095,438530,23026,21102,252,21354,99
2021-01-06,Sonoma,097,501317,22079,20558,122,20680,196
2021-01-06,Stanislaus,099,539301,39541,36751,3940,40691,553
2021-01-06,Sutter,101,95872,7233,6839,54,6893,59
2021-01-06,Tehama,103,63373,3569,3306,370,3676,15
2021-01-06,Trinity,105,12862,364,246,45,291,2
2021-01-06,Tulare,107,460477,38672,35882,4924,40806,465
2021-01-06,Tuolumne,109,53932,3170,3008,24,3032,14
2021-01-06,Ventura,111,848112,53266,47428,1971,49399,280
2021-01-06,Yolo,113,214977,9983,9083,94,9177,127
2021-01-06,Yuba,115,75493,4398,4097,45,4142,25
2021-01-05,Alameda,001,1643700,60763,56432,1262,57694,602
2021-01-05,Alpine,003,1148,72,70,0,70,0
2021-01-05,Amador,005,37829,2878,2695,23,2718,24
2021-01-05,Butte,007,227075,8914,8008,1153,9161,107
2021-01-05,Calaveras,009,45235,1376,1292,6,1298,21
2021-01-05,Colusa,011,21464,1465,1376,126,1502,7
2021-01-05,Contra Costa,013,1133247,46885,43442,776,44218,353
2021-01-05,Del Norte,015,27424,807,770,2,772,2
2021-01-05,El Dorado,017,186661,7166,6270,418,6688,32
2021-01-05,Fresno,019,978130,77160,70971,5750,76721,741
2021-01-05,Glenn,021,27897,1786,1608,331,1939,9
2021-01-05,Humboldt,023,135768,2077,1884,7,1891,22
2021-01-05,Imperial,025,180216,24335,23165,1902,25067,421
2021-01-05,Inyo,027,18085,817,627,1,628,20
2021-01-05,Kern,029,883053,74524,68257,6479,74736,624
2021-01-05,Kings,031,150075,17906,16860,691,17551,108
2021-01-05,Lake,033,64148,2226,2015,0,2015,25
2021-01-05,Lassen,035,31185,4656,4554,58,4612,1
2021-01-05,Los Angeles,037,10098052,909355,823783,29386,853169,11028
2021-01-05,Madera,039,155013,12331,11359,576,11935,67
2021-01-05,Marin,041,260295,10710,10214,106,10320,151
2021-01-05,Mariposa,043,17540,305,257,2,259,3
2021-01-05,Mendocino,045,87422,2772,2501,35,2536,30
2021-01-05,Merced,047,269075,21479,20051,472,20523,230
2021-01-05,Modoc,049,8938,292,254,80,334,0
2021-01-05,Mono,051,14174,977,896,10,906,3
2021-01-05,Monterey,053,433212,31949,30045,873,30918,213
2021-01-05,Napa,055,140530,6824,6264,24,6288,29
2021-01-05,Nevada,057,99092,3077,2781,109,2890,15
2021-01-05,Orange,059,3164182,191514,174869,7942,182811,1918
2021-01-05,Placer,061,380077,16481,14723,735,15458,133
2021-01-05,Plumas,063,18699,527,428,10,438,2
2021-01-05,Riverside,065,2383286,218287,200439,10744,211183,2069
2021-01-05,Sacramento,067,1510023,73765,70677,768,71445,888
2021-01-05,San Benito,069,59416,4331,3961,38,3999,28
2021-01-05,San Bernardino,071,2135413,231806,212522,6895,219417,1615
2021-01-05,San Diego,073,3302833,193833,172845,8855,181700,1654
2021-01-05,San Francisco,075,870044,26656,24989,305,25294,196
2021-01-05,San Joaquin,077,732212,52112,48969,2048,51017,663
2021-01-05,San Luis Obispo,079,281455,13708,12027,317,12344,106
2021-01-05,San Mateo,081,765935,29761,26486,159,26645,198
2021-01-05,Santa Barbara,083,443738,21837,19063,650,19713,172
2021-01-05,Santa Clara,085,1922200,83016,76355,348,76703,729
2021-01-05,Santa Cruz,087,273765,11312,9753,476,10229,93
2021-01-05,Shasta,089,179085,9077,8345,873,9218,73
2021-01-05,Sierra,091,2930,35,31,8,39,0
2021-01-05,Siskiyou,093,43540,1148,985,155,1140,3
2021-01-05,Solano,095,438530,22620,20860,247,21107,97
2021-01-05,Sonoma,097,501317,21715,20247,121,20368,194
2021-01-05,Stanislaus,099,539301,38997,36363,3892,40255,553
2021-01-05,Sutter,101,95872,7135,6769,53,6822,59
2021-01-05,Tehama,103,63373,3512,3255,365,3620,9
2021-01-05,Trinity,105,12862,364,246,45,291,2
2021-01-05,Tulare,107,460477,38058,35585,4771,40356,455
2021-01-05,Tuolumne,109,53932,3146,2996,19,3015,13
2021-01-05,Ventura,111,848112,52019,46456,1948,48404,264
2021-01-05,Yolo,113,214977,9809,8980,93,9073,127
2021-01-05,Yuba,115,75493,4340,4053,44,4097,21
2021-01-04,Alameda,001,1643700,59530,55899,1228,57127,583
2021-01-04,Alpine,003,1148,72,68,0,68,0
2021-01-04,Amador,005,37829,2838,2596,23,2619,24
2021-01-04,Butte,007,227075,8756,7893,1129,9022,105
2021-01-04,Calaveras,009,45235,1335,1276,5,1281,21
2021-01-04,Colusa,011,21464,1440,1368,112,1480,7
2021-01-04,Contra Costa,013,1133247,46034,43019,750,43769,353
2021-01-04,Del Norte,015,27424,798,770,2,772,2
2021-01-04,El Dorado,017,186661,7032,6152,402,6554,27
2021-01-04,Fresno,019,978130,75898,69871,5649,75520,726
2021-01-04,Glenn,021,27897,1755,1590,323,1913,9
2021-01-04,Humboldt,023,135768,2041,1845,7,1852,22
2021-01-04,Imperial,025,180216,24184,23035,1848,24883,420
2021-01-04,Inyo,027,18085,790,623,1,624,20
2021-01-04,Kern,029,883053,73449,67418,6273,73691,623
2021-01-04,Kings,031,150075,17635,16801,664,17465,108
2021-01-04,Lake,033,64148,2184,1984,0,1984,25
2021-01-04,Lassen,035,31185,4634,4550,57,4607,1
2021-01-04,Los Angeles,037,10098052,889321,813022,28471,841493,10790
2021-01-04,Madera,039,155013,12110,11204,554,11758,67
2021-01-04,Marin,041,260295,10574,10115,103,10218,151
2021-01-04,Mariposa,043,17540,299,253,2,255,3
2021-01-04,Mendocino,045,87422,2732,2460,31,2491,28
2021-01-04,Merced,047,269075,21065,19804,453,20257,230
2021-01-04,Modoc,049,8938,276,250,78,328,0
2021-01-04,Mono,051,14174,966,895,10,905,3
2021-01-04,Monterey,053,433212,31296,29659,850,30509,212
2021-01-04,Napa,055,140530,6683,6187,24,6211,29
2021-01-04,Nevada,057,99092,3040,2765,104,2869,15
2021-01-04,Orange,059,3164182,187631,172458,7809,180267,1918
2021-01-04,Placer,061,380077,16223,14622,721,15343,133
2021-01-04,Plumas,063,18699,517,419,10,429,1
2021-01-04,Riverside,065,2383286,213827,196809,10532,207341,2066
2021-01-04,Sacramento,067,1510023,72701,70164,758,70922,870
2021-01-04,San Benito,069,59416,4218,3914,38,3952,28
2021-01-04,San Bernardino,071,2135413,227596,210868,6730,217598,1615
2021-01-04,San Diego,073,3302833,189265,171031,8661,179692,1598
2021-01-04,San Francisco,075,870044,26273,24753,298,25051,191
2021-01-04,San Joaquin,077,732212,51213,48644,2005,50649,661
2021-01-04,San Luis Obispo,079,281455,13221,11945,309,12254,96
2021-01-04,San Mateo,081,765935,29199,26150,154,26304,198
2021-01-04,Santa Barbara,083,443738,21321,18735,617,19352,165
2021-01-04,Santa Clara,085,1922200,81264,75297,341,75638,727
2021-01-04,Santa Cruz,087,273765,11025,9680,459,10139,85
2021-01-04,Shasta,089,179085,8972,8224,857,9081,72
2021-01-04,Sierra,091,2930,34,30,8,38,0
2021-01-04,Siskiyou,093,43540,1132,980,150,1130,3
2021-01-04,Solano,095,438530,22115,20588,240,20828,97
2021-01-04,Sonoma,097,501317,21372,20210,120,20330,194
2021-01-04,Stanislaus,099,539301,38434,36141,3834,39975,553
2021-01-04,Sutter,101,95872,7037,6712,52,6764,56
2021-01-04,Tehama,103,63373,3439,3190,359,3549,9
2021-01-04,Trinity,105,12862,361,245,45,290,2
2021-01-04,Tulare,107,460477,37501,35060,4666,39726,455
2021-01-04,Tuolumne,109,53932,3121,2987,19,3006,13
2021-01-04,Ventura,111,848112,50519,45014,1929,46943,255
2021-01-04,Yolo,113,214977,9612,8834,87,8921,121
2021-01-04,Yuba,115,75493,4281,4023,44,4067,21
2021-01-03,Alameda,001,1643700,58289,55082,1198,56280,580
2021-01-03,Alpine,003,1148,70,68,0,68,0
2021-01-03,Amador,005,37829,2774,2565,23,2588,24
2021-01-03,Butte,007,227075,8566,7837,1074,8911,105
2021-01-03,Calaveras,009,45235,1298,1249,3,1252,21
2021-01-03,Colusa,011,21464,1411,1337,106,1443,7
2021-01-03,Contra Costa,013,1133247,45144,42432,725,43157,352
2021-01-03,Del Norte,015,27424,785,768,2,770,2
2021-01-03,El Dorado,017,186661,6904,6034,385,6419,27
2021-01-03,Fresno,019,978130,74755,69326,5523,74849,719
2021-01-03,Glenn,021,27897,1730,1581,312,1893,9
2021-01-03,Humboldt,023,135768,2004,1833,7,1840,21
2021-01-03,Imperial,025,180216,23934,22951,1762,24713,419
2021-01-03,Inyo,027,18085,773,615,1,616,20
2021-01-03,Kern,029,883053,72196,66895,6090,72985,609
2021-01-03,Kings,031,150075,17368,16593,630,17223,108
2021-01-03,Lake,033,64148,2131,1976,0,1976,24
2021-01-03,Lassen,035,31185,4601,4531,56,4587,1
2021-01-03,Los Angeles,037,10098052,867411,792168,27366,819534,10633
2021-01-03,Madera,039,155013,11885,11152,530,11682,67
2021-01-03,Marin,041,260295,10424,10034,98,10132,150
2021-01-03,Mariposa,043,17540,292,248,2,250,3
2021-01-03,Mendocino,045,87422,2692,2445,30,2475,24
2021-01-03,Merced,047,269075,20597,19600,426,20026,230
2021-01-03,Modoc,049,8938,272,245,77,322,0
2021-01-03,Mono,051,14174,941,893,10,903,3
2021-01-03,Monterey,053,433212,30704,29357,813,30170,191
2021-01-03,Napa,055,140530,6582,6094,24,6118,29
2021-01-03,Nevada,057,99092,2981,2742,101,2843,15
2021-01-03,Orange,059,3164182,183457,169881,7613,177494,1919
2021-01-03,Placer,061,380077,15979,14319,696,15015,133
2021-01-03,Plumas,063,18699,504,416,10,426,1
2021-01-03,Riverside,065,2383286,209053,195048,10270,205318,2005
2021-01-03,Sacramento,067,1510023,71497,68558,736,69294,859
2021-01-03,San Benito,069,59416,4119,3882,37,3919,28
2021-01-03,San Bernardino,071,2135413,222320,208294,6550,214844,1592
2021-01-03,San Diego,073,3302833,184010,168018,8438,176456,1592
2021-01-03,San Francisco,075,870044,25776,24588,280,24868,193
2021-01-03,San Joaquin,077,732212,50097,47899,1942,49841,661
2021-01-03,San Luis Obispo,079,281455,12752,11636,299,11935,95
2021-01-03,San Mateo,081,765935,28606,25770,148,25918,196
2021-01-03,Santa Barbara,083,443738,20604,18267,600,18867,164
2021-01-03,Santa Clara,085,1922200,79714,74534,335,74869,720
2021-01-03,Santa Cruz,087,273765,10725,9528,440,9968,84
2021-01-03,Shasta,089,179085,8846,8192,815,9007,72
2021-01-03,Sierra,091,2930,34,30,8,38,0
2021-01-03,Siskiyou,093,43540,1099,976,141,1117,3
2021-01-03,Solano,095,438530,21582,20105,235,20340,97
2021-01-03,Sonoma,097,501317,20981,19982,116,20098,193
2021-01-03,Stanislaus,099,539301,37746,35762,3751,39513,553
2021-01-03,Sutter,101,95872,6939,6664,51,6715,53
2021-01-03,Tehama,103,63373,3379,3176,350,3526,9
2021-01-03,Trinity,105,12862,358,243,44,287,2
2021-01-03,Tulare,107,460477,36946,34747,4512,39259,455
2021-01-03,Tuolumne,109,53932,3059,2978,16,2994,13
2021-01-03,Ventura,111,848112,48695,43748,1911,45659,254
2021-01-03,Yolo,113,214977,9453,8674,83,8757,121
2021-01-03,Yuba,115,75493,4227,3966,43,4009,20
2021-01-02,Alameda,001,1643700,57663,54518,1168,55686,581
2021-01-02,Alpine,003,1148,70,68,0,68,0
2021-01-02,Amador,005,37829,2755,2540,23,2563,24
2021-01-02,Butte,007,227075,8460,7750,1053,8803,105
2021-01-02,Calaveras,009,45235,1278,1230,3,1233,21
2021-01-02,Colusa,011,21464,1401,1332,105,1437,7
2021-01-02,Contra Costa,013,1133247,44622,41993,713,42706,352
2021-01-02,Del Norte,015,27424,783,764,2,766,2
2021-01-02,El Dorado,017,186661,6849,5959,381,6340,27
2021-01-02,Fresno,019,978130,74220,68740,5408,74148,717
2021-01-02,Glenn,021,27897,1715,1546,310,1856,9
2021-01-02,Humboldt,023,135768,1980,1815,7,1822,21
2021-01-02,Imperial,025,180216,23856,22867,1722,24589,420
2021-01-02,Inyo,027,18085,760,609,1,610,20
2021-01-02,Kern,029,883053,71480,66457,5980,72437,610
2021-01-02,Kings,031,150075,17276,16515,626,17141,108
2021-01-02,Lake,033,64148,2095,1925,0,1925,24
2021-01-02,Lassen,035,31185,4590,4457,55,4512,1
2021-01-02,Los Angeles,037,10098052,859136,791892,26629,818521,10633
2021-01-02,Madera,039,155013,11776,11039,518,11557,67
2021-01-02,Marin,041,260295,10379,9924,95,10019,151
2021-01-02,Mariposa,043,17540,285,243,2,245,3
2021-01-02,Mendocino,045,87422,2650,2428,29,2457,24
2021-01-02,Merced,047,269075,20455,19395,410,19805,230
2021-01-02,Modoc,049,8938,271,245,77,322,0
2021-01-02,Mono,051,14174,931,884,10,894,3
2021-01-02,Monterey,053,433212,30497,28991,802,29793,191
2021-01-02,Napa,055,140530,6523,5994,24,6018,29
2021-01-02,Nevada,057,99092,2954,2706,97,2803,15
2021-01-02,Orange,059,3164182,181275,168457,7459,175916,1918
2021-01-02,Placer,061,380077,15808,14182,686,14868,133
2021-01-02,Plumas,063,18699,501,413,10,423,1
2021-01-02,Riverside,065,2383286,206483,192069,10040,202109,2008
2021-01-02,Sacramento,067,1510023,70857,67810,721,68531,858
2021-01-02,San Benito,069,59416,4038,3829,37,3866,28
2021-01-02,San Bernardino,071,2135413,220711,206939,6417,213356,1597
2021-01-02,San Diego,073,3302833,181418,164498,8249,172747,1592
2021-01-02,San Francisco,075,870044,25516,24414,273,24687,194
2021-01-02,San Joaquin,077,732212,49732,47310,1910,49220,662
2021-01-02,San Luis Obispo,079,281455,12617,11467,294,11761,95
2021-01-02,San Mateo,081,765935,28271,25483,140,25623,196
2021-01-02,Santa Barbara,083,443738,20319,18135,597,18732,164
2021-01-02,Santa Clara,085,1922200,78546,73662,328,73990,720
2021-01-02,Santa Cruz,087,273765,10574,9340,431,9771,85
2021-01-02,Shasta,089,179085,8780,8154,803,8957,72
2021-01-02,Sierra,091,2930,34,28,8,36,0
2021-01-02,Siskiyou,093,43540,1088,949,139,1088,3
2021-01-02,Solano,095,438530,21385,19805,225,20030,97
2021-01-02,Sonoma,097,501317,20823,19761,116,19877,194
2021-01-02,Stanislaus,099,539301,37434,35431,3682,39113,553
2021-01-02,Sutter,101,95872,6884,6621,51,6672,53
2021-01-02,Tehama,103,63373,3354,3146,346,3492,9
2021-01-02,Trinity,105,12862,355,243,44,287,2
2021-01-02,Tulare,107,460477,36632,34479,4435,38914,455
2021-01-02,Tuolumne,109,53932,3045,2942,14,2956,13
2021-01-02,Ventura,111,848112,47545,43397,1876,45273,254
2021-01-02,Yolo,113,214977,9357,8571,81,8652,122
2021-01-02,Yuba,115,75493,4190,3930,42,3972,21
2021-01-01,Alameda,001,1643700,57004,53518,1151,54669,579
2021-01-01,Alpine,003,1148,70,68,0,68,0
2021-01-01,Amador,005,37829,2729,2513,21,2534,24
2021-01-01,Butte,007,227075,8359,7589,1028,8617,105
2021-01-01,Calaveras,009,45235,1263,1186,3,1189,21
2021-01-01,Colusa,011,21464,1392,1314,103,1417,7
2021-01-01,Contra Costa,013,1133247,44148,41412,691,42103,351
2021-01-01,Del Norte,015,27424,777,758,2,760,2
2021-01-01,El Dorado,017,186661,6760,5832,370,6202,27
2021-01-01,Fresno,019,978130,73151,67484,5320,72804,717
2021-01-01,Glenn,021,27897,1699,1520,307,1827,9
2021-01-01,Humboldt,023,135768,1942,1783,7,1790,21
2021-01-01,Imperial,025,180216,23771,22715,1669,24384,418
2021-01-01,Inyo,027,18085,736,606,1,607,20
2021-01-01,Kern,029,883053,70658,65571,5868,71439,609
2021-01-01,Kings,031,150075,17093,16358,620,16978,108
2021-01-01,Lake,033,64148,2065,1888,0,1888,24
2021-01-01,Lassen,035,31185,4584,4377,55,4432,1
2021-01-01,Los Angeles,037,10098052,845011,775578,25899,801477,10515
2021-01-01,Madera,039,155013,11617,10752,509,11261,66
2021-01-01,Marin,041,260295,10273,9821,95,9916,148
2021-01-01,Mariposa,043,17540,277,236,2,238,3
2021-01-01,Mendocino,045,87422,2596,2400,29,2429,24
2021-01-01,Merced,047,269075,20271,19118,394,19512,229
2021-01-01,Modoc,049,8938,271,241,77,318,0
2021-01-01,Mono,051,14174,913,884,10,894,3
2021-01-01,Monterey,053,433212,30267,28465,794,29259,191
2021-01-01,Napa,055,140530,6437,5899,24,5923,28
2021-01-01,Nevada,057,99092,2930,2663,97,2760,15
2021-01-01,Orange,059,3164182,178489,165440,7308,172748,1893
2021-01-01,Placer,061,380077,15632,13987,668,14655,133
2021-01-01,Plumas,063,18699,496,412,10,422,1
2021-01-01,Riverside,065,2383286,203380,188674,9766,198440,1990
2021-01-01,Sacramento,067,1510023,70260,66956,703,67659,848
2021-01-01,San Benito,069,59416,4002,3773,37,3810,28
2021-01-01,San Bernardino,071,2135413,217890,203651,6278,209929,1590
2021-01-01,San Diego,073,3302833,178357,160071,8074,168145,1592
2021-01-01,San Francisco,075,870044,25243,24145,261,24406,187
2021-01-01,San Joaquin,077,732212,49450,46640,1863,48503,657
2021-01-01,San Luis Obispo,079,281455,12393,11160,286,11446,94
2021-01-01,San Mateo,081,765935,27823,25041,136,25177,194
2021-01-01,Santa Barbara,083,443738,20000,17759,587,18346,164
2021-01-01,Santa Clara,085,1922200,77279,71904,323,72227,680
2021-01-01,Santa Cruz,087,273765,10396,9146,419,9565,84
2021-01-01,Shasta,089,179085,8698,8102,786,8888,72
2021-01-01,Sierra,091,2930,34,26,8,34,0
2021-01-01,Siskiyou,093,43540,1074,944,134,1078,3
2021-01-01,Solano,095,438530,21173,19393,223,19616,97
2021-01-01,Sonoma,097,501317,20634,19513,116,19629,189
2021-01-01,Stanislaus,099,539301,37158,34978,3614,38592,553
2021-01-01,Sutter,101,95872,6827,6553,50,6603,52
2021-01-01,Tehama,103,63373,3298,3079,337,3416,9
2021-01-01,Trinity,105,12862,355,243,44,287,2
2021-01-01,Tulare,107,460477,36229,33994,4337,38331,454
2021-01-01,Tuolumne,109,53932,3029,2909,14,2923,13
2021-01-01,Ventura,111,848112,46052,42026,1848,43874,253
2021-01-01,Yolo,113,214977,9247,8461,78,8539,120
2021-01-01,Yuba,115,75493,4134,3845,41,3886,19
2020-12-31,Alameda,001,1643700,56466,52475,1119,53594,579
2020-12-31,Alpine,003,1148,70,66,0,66,0
2020-12-31,Amador,005,37829,2715,2493,21,2514,24
2020-12-31,Butte,007,227075,8285,7405,1009,8414,105
2020-12-31,Calaveras,009,45235,1252,1161,3,1164,21
2020-12-31,Colusa,011,21464,1384,1301,100,1401,7
2020-12-31,Contra Costa,013,1133247,43776,40512,676,41188,336
2020-12-31,Del Norte,015,27424,776,748,2,750,2
2020-12-31,El Dorado,017,186661,6708,5662,361,6023,26
2020-12-31,Fresno,019,978130,72727,66442,5256,71698,711
2020-12-31,Glenn,021,27897,1679,1484,302,1786,9
2020-12-31,Humboldt,023,135768,1925,1713,7,1720,21
2020-12-31,Imperial,025,180216,23707,22494,1652,24146,417
2020-12-31,Inyo,027,18085,728,591,1,592,20
2020-12-31,Kern,029,883053,70193,64904,5773,70677,609
2020-12-31,Kings,031,150075,17018,16077,612,16689,108
2020-12-31,Lake,033,64148,2053,1848,0,1848,23
2020-12-31,Lassen,035,31185,4578,4340,54,4394,1
2020-12-31,Los Angeles,037,10098052,839736,755844,25402,781246,10320
2020-12-31,Madera,039,155013,11550,10609,498,11107,64
2020-12-31,Marin,041,260295,10231,9731,94,9825,148
2020-12-31,Mariposa,043,17540,275,217,2,219,3
2020-12-31,Mendocino,045,87422,2581,2367,25,2392,24
2020-12-31,Merced,047,269075,20184,18808,384,19192,226
2020-12-31,Modoc,049,8938,271,238,77,315,0
2020-12-31,Mono,051,14174,906,868,10,878,3
2020-12-31,Monterey,053,433212,30075,27720,782,28502,188
2020-12-31,Napa,055,140530,6374,5801,24,5825,28
2020-12-31,Nevada,057,99092,2907,2619,95,2714,15
2020-12-31,Orange,059,3164182,176609,161586,7172,168758,1866
2020-12-31,Placer,061,380077,15483,13708,665,14373,126
2020-12-31,Plumas,063,18699,491,401,9,410,1
2020-12-31,Riverside,065,2383286,201765,184193,9628,193821,1958
2020-12-31,Sacramento,067,1510023,69742,65817,691,66508,830
2020-12-31,San Benito,069,59416,3980,3673,37,3710,28
2020-12-31,San Bernardino,071,2135413,216330,199115,6206,205321,1586
2020-12-31,San Diego,073,3302833,176595,155593,7981,163574,1534
2020-12-31,San Francisco,075,870044,25017,23740,253,23993,183
2020-12-31,San Joaquin,077,732212,49146,45764,1823,47587,646
2020-12-31,San Luis Obispo,079,281455,12282,10846,286,11132,89
2020-12-31,San Mateo,081,765935,27493,24570,130,24700,192
2020-12-31,Santa Barbara,083,443738,19758,17434,580,18014,161
2020-12-31,Santa Clara,085,1922200,76512,70032,318,70350,665
2020-12-31,Santa Cruz,087,273765,10280,8909,406,9315,84
2020-12-31,Shasta,089,179085,8633,7996,776,8772,69
2020-12-31,Sierra,091,2930,34,26,8,34,0
2020-12-31,Siskiyou,093,43540,1058,940,131,1071,3
2020-12-31,Solano,095,438530,20945,18942,222,19164,97
2020-12-31,Sonoma,097,501317,20518,19129,115,19244,188
2020-12-31,Stanislaus,099,539301,36862,34398,3559,37957,552
2020-12-31,Sutter,101,95872,6797,6432,50,6482,51
2020-12-31,Tehama,103,63373,3269,3036,336,3372,9
2020-12-31,Trinity,105,12862,354,241,44,285,2
2020-12-31,Tulare,107,460477,36066,33412,4273,37685,446
2020-12-31,Tuolumne,109,53932,3021,2902,14,2916,12
2020-12-31,Ventura,111,848112,45545,40854,1830,42684,251
2020-12-31,Yolo,113,214977,9162,8295,77,8372,117
2020-12-31,Yuba,115,75493,4096,3799,40,3839,18
2020-12-30,Alameda,001,1643700,55703,50158,1068,51226,573
2020-12-30,Alpine,003,1148,70,66,0,66,0
2020-12-30,Amador,005,37829,2695,2418,20,2438,24
2020-12-30,Butte,007,227075,8125,7140,992,8132,103
2020-12-30,Calaveras,009,45235,1227,1135,3,1138,21
2020-12-30,Colusa,011,21464,1368,1289,94,1383,7
2020-12-30,Contra Costa,013,1133247,43189,39601,664,40265,337
2020-12-30,Del Norte,015,27424,771,726,2,728,2
2020-12-30,El Dorado,017,186661,6609,5595,349,5944,27
2020-12-30,Fresno,019,978130,71886,65566,5092,70658,711
2020-12-30,Glenn,021,27897,1650,1471,289,1760,9
2020-12-30,Humboldt,023,135768,1891,1654,7,1661,22
2020-12-30,Imperial,025,180216,23540,22098,1574,23672,412
2020-12-30,Inyo,027,18085,721,572,1,573,20
2020-12-30,Kern,029,883053,69472,63292,5622,68914,604
2020-12-30,Kings,031,150075,16899,15862,604,16466,108
2020-12-30,Lake,033,64148,2030,1731,0,1731,23
2020-12-30,Lassen,035,31185,4569,4300,54,4354,1
2020-12-30,Los Angeles,037,10098052,828897,741907,24670,766577,10046
2020-12-30,Madera,039,155013,11441,10249,487,10736,65
2020-12-30,Marin,041,260295,10142,9569,87,9656,148
2020-12-30,Mariposa,043,17540,271,214,2,216,3
2020-12-30,Mendocino,045,87422,2563,2291,22,2313,24
2020-12-30,Merced,047,269075,19891,18519,374,18893,225
2020-12-30,Modoc,049,8938,268,234,77,311,0
2020-12-30,Mono,051,14174,903,868,10,878,3
2020-12-30,Monterey,053,433212,29464,26977,759,27736,186
2020-12-30,Napa,055,140530,6268,5754,24,5778,28
2020-12-30,Nevada,057,99092,2872,2595,93,2688,15
2020-12-30,Orange,059,3164182,173951,153951,6978,160929,1863
2020-12-30,Placer,061,380077,15255,13540,653,14193,127
2020-12-30,Plumas,063,18699,486,397,9,406,1
2020-12-30,Riverside,065,2383286,198830,176402,9433,185835,1919
2020-12-30,Sacramento,067,1510023,68878,64119,673,64792,847
2020-12-30,San Benito,069,59416,3899,3464,33,3497,29
2020-12-30,San Bernardino,071,2135413,213758,192648,6118,198766,1591
2020-12-30,San Diego,073,3302833,172963,152510,7806,160316,1472
2020-12-30,San Francisco,075,870044,24724,23099,247,23346,182
2020-12-30,San Joaquin,077,732212,48460,44465,1781,46246,634
2020-12-30,San Luis Obispo,079,281455,12014,10542,278,10820,89
2020-12-30,San Mateo,081,765935,27063,24150,126,24276,190
2020-12-30,Santa Barbara,083,443738,19367,16895,556,17451,161
2020-12-30,Santa Clara,085,1922200,75244,67218,314,67532,661
2020-12-30,Santa Cruz,087,273765,10086,8787,396,9183,86
2020-12-30,Shasta,089,179085,8521,7818,762,8580,69
2020-12-30,Sierra,091,2930,34,25,8,33,0
2020-12-30,Siskiyou,093,43540,1051,913,122,1035,3
2020-12-30,Solano,095,438530,20549,18300,219,18519,96
2020-12-30,Sonoma,097,501317,20260,18947,115,19062,191
2020-12-30,Stanislaus,099,539301,36383,33730,3484,37214,526
2020-12-30,Sutter,101,95872,6736,6328,48,6376,51
2020-12-30,Tehama,103,63373,3225,2969,332,3301,9
2020-12-30,Trinity,105,12862,353,231,43,274,2
2020-12-30,Tulare,107,460477,35513,32413,4206,36619,430
2020-12-30,Tuolumne,109,53932,3008,2772,12,2784,12
2020-12-30,Ventura,111,848112,44257,39039,1805,40844,251
2020-12-30,Yolo,113,214977,9055,8067,74,8141,117
2020-12-30,Yuba,115,75493,4026,3612,40,3652,18
2020-12-29,Alameda,001,1643700,54642,50946,1031,51977,552
2020-12-29,Alpine,003,1148,70,65,0,65,0
2020-12-29,Amador,005,37829,2643,2388,19,2407,23
2020-12-29,Butte,007,227075,7954,7178,968,8146,98
2020-12-29,Calaveras,009,45235,1182,1111,2,1113,21
2020-12-29,Colusa,011,21464,1347,1272,89,1361,7
2020-12-29,Contra Costa,013,1133247,42385,39225,633,39858,325
2020-12-29,Del Norte,015,27424,764,724,2,726,2
2020-12-29,El Dorado,017,186661,6481,5551,334,5885,22
2020-12-29,Fresno,019,978130,70516,65149,4932,70081,688
2020-12-29,Glenn,021,27897,1616,1454,282,1736,9
2020-12-29,Humboldt,023,135768,1845,1616,7,1623,19
2020-12-29,Imperial,025,180216,23331,22105,1484,23589,407
2020-12-29,Inyo,027,18085,704,571,1,572,19
2020-12-29,Kern,029,883053,68313,63096,5444,68540,589
2020-12-29,Kings,031,150075,16730,15777,592,16369,108
2020-12-29,Lake,033,64148,1998,1805,0,1805,22
2020-12-29,Lassen,035,31185,4554,4288,54,4342,1
2020-12-29,Los Angeles,037,10098052,808770,731907,23764,755671,9786
2020-12-29,Madera,039,155013,11127,10251,471,10722,64
2020-12-29,Marin,041,260295,9990,9595,84,9679,146
2020-12-29,Mariposa,043,17540,263,212,2,214,3
2020-12-29,Mendocino,045,87422,2520,2249,21,2270,24
2020-12-29,Merced,047,269075,19541,18464,359,18823,221
2020-12-29,Modoc,049,8938,265,232,77,309,0
2020-12-29,Mono,051,14174,894,868,10,878,3
2020-12-29,Monterey,053,433212,28828,26894,731,27625,185
2020-12-29,Napa,055,140530,6148,5663,24,5687,28
2020-12-29,Nevada,057,99092,2824,2550,92,2642,15
2020-12-29,Orange,059,3164182,170163,154411,6804,161215,1839
2020-12-29,Placer,061,380077,15048,13392,630,14022,126
2020-12-29,Plumas,063,18699,477,395,9,404,1
2020-12-29,Riverside,065,2383286,194243,177624,9168,186792,1904
2020-12-29,Sacramento,067,1510023,67834,65078,658,65736,820
2020-12-29,San Benito,069,59416,3780,3474,32,3506,25
2020-12-29,San Bernardino,071,2135413,208942,190476,5977,196453,1557
2020-12-29,San Diego,073,3302833,168741,150062,7575,157637,1435
2020-12-29,San Francisco,075,870044,24386,22996,238,23234,178
2020-12-29,San Joaquin,077,732212,47543,44699,1723,46422,622
2020-12-29,San Luis Obispo,079,281455,11719,10387,270,10657,80
2020-12-29,San Mateo,081,765935,26521,23773,113,23886,189
2020-12-29,Santa Barbara,083,443738,18905,16797,530,17327,155
2020-12-29,Santa Clara,085,1922200,73698,67581,311,67892,621
2020-12-29,Santa Cruz,087,273765,9816,8492,387,8879,84
2020-12-29,Shasta,089,179085,8416,7782,747,8529,65
2020-12-29,Sierra,091,2930,32,24,7,31,0
2020-12-29,Siskiyou,093,43540,1036,926,120,1046,3
2020-12-29,Solano,095,438530,20168,18412,214,18626,96
2020-12-29,Sonoma,097,501317,19924,18790,113,18903,187
2020-12-29,Stanislaus,099,539301,35885,33775,3419,37194,508
2020-12-29,Sutter,101,95872,6668,6302,48,6350,50
2020-12-29,Tehama,103,63373,3158,2962,317,3279,9
2020-12-29,Trinity,105,12862,353,241,43,284,2
2020-12-29,Tulare,107,460477,34855,32545,4064,36609,419
2020-12-29,Tuolumne,109,53932,2966,2797,12,2809,12
2020-12-29,Ventura,111,848112,43005,38669,1777,40446,235
2020-12-29,Yolo,113,214977,8926,8124,72,8196,111
2020-12-29,Yuba,115,75493,3946,3723,40,3763,18
2020-12-28,Alameda,001,1643700,53606,50405,1009,51414,551
2020-12-28,Alpine,003,1148,69,65,0,65,0
2020-12-28,Amador,005,37829,2573,2255,19,2274,23
2020-12-28,Butte,007,227075,7787,7053,938,7991,86
2020-12-28,Calaveras,009,45235,1159,1102,2,1104,21
2020-12-28,Colusa,011,21464,1323,1255,74,1329,7
2020-12-28,Contra Costa,013,1133247,41453,38872,606,39478,324
2020-12-28,Del Norte,015,27424,754,718,2,720,2
2020-12-28,El Dorado,017,186661,6325,5441,322,5763,18
2020-12-28,Fresno,019,978130,69250,64274,4775,69049,679
2020-12-28,Glenn,021,27897,1582,1435,270,1705,9
2020-12-28,Humboldt,023,135768,1810,1579,7,1586,19
2020-12-28,Imperial,025,180216,23072,22003,1407,23410,405
2020-12-28,Inyo,027,18085,697,569,1,570,19
2020-12-28,Kern,029,883053,67251,62392,5236,67628,579
2020-12-28,Kings,031,150075,16514,15733,574,16307,108
2020-12-28,Lake,033,64148,1956,1785,0,1785,22
2020-12-28,Lassen,035,31185,4447,4284,53,4337,1
2020-12-28,Los Angeles,037,10098052,786485,720699,22912,743611,9544
2020-12-28,Madera,039,155013,10953,10123,448,10571,64
2020-12-28,Marin,041,260295,9883,9546,77,9623,145
2020-12-28,Mariposa,043,17540,239,211,2,213,3
2020-12-28,Mendocino,045,87422,2485,2214,21,2235,23
2020-12-28,Merced,047,269075,19220,18245,341,18586,213
2020-12-28,Modoc,049,8938,260,220,76,296,0
2020-12-28,Mono,051,14174,890,848,10,858,3
2020-12-28,Monterey,053,433212,27995,26529,718,27247,182
2020-12-28,Napa,055,140530,6039,5576,24,5600,26
2020-12-28,Nevada,057,99092,2777,2532,87,2619,15
2020-12-28,Orange,059,3164182,166062,152089,6621,158710,1839
2020-12-28,Placer,061,380077,14712,13234,602,13836,126
2020-12-28,Plumas,063,18699,473,391,9,400,0
2020-12-28,Riverside,065,2383286,189373,174029,8860,182889,1855
2020-12-28,Sacramento,067,1510023,66603,64322,633,64955,813
2020-12-28,San Benito,069,59416,3709,3429,31,3460,24
2020-12-28,San Bernardino,071,2135413,203847,188919,5857,194776,1552
2020-12-28,San Diego,073,3302833,164002,147528,7392,154920,1404
2020-12-28,San Francisco,075,870044,24025,22726,232,22958,178
2020-12-28,San Joaquin,077,732212,46609,44172,1691,45863,618
2020-12-28,San Luis Obispo,079,281455,11369,10260,265,10525,76
2020-12-28,San Mateo,081,765935,26047,23467,110,23577,189
2020-12-28,Santa Barbara,083,443738,18447,16579,516,17095,155
2020-12-28,Santa Clara,085,1922200,72211,66418,304,66722,619
2020-12-28,Santa Cruz,087,273765,9548,8310,377,8687,81
2020-12-28,Shasta,089,179085,8297,7688,734,8422,65
2020-12-28,Sierra,091,2930,29,24,7,31,0
2020-12-28,Siskiyou,093,43540,1021,915,114,1029,3
2020-12-28,Solano,095,438530,19594,18171,208,18379,96
2020-12-28,Sonoma,097,501317,19578,18667,111,18778,185
2020-12-28,Stanislaus,099,539301,35339,33473,3353,36826,507
2020-12-28,Sutter,101,95872,6585,6253,48,6301,49
2020-12-28,Tehama,103,63373,3105,2934,308,3242,9
2020-12-28,Trinity,105,12862,351,240,43,283,2
2020-12-28,Tulare,107,460477,34173,32010,3950,35960,404
2020-12-28,Tuolumne,109,53932,2950,2777,12,2789,12
2020-12-28,Ventura,111,848112,41338,37151,1727,38878,230
2020-12-28,Yolo,113,214977,8771,8031,71,8102,111
2020-12-28,Yuba,115,75493,3883,3679,39,3718,18
2020-12-27,Alameda,001,1643700,52366,49764,980,50744,551
2020-12-27,Alpine,003,1148,67,65,0,65,0
2020-12-27,Amador,005,37829,2452,2218,19,2237,23
2020-12-27,Butte,007,227075,7633,7016,901,7917,86
2020-12-27,Calaveras,009,45235,1112,1097,2,1099,21
2020-12-27,Colusa,011,21464,1298,1253,71,1324,7
2020-12-27,Contra Costa,013,1133247,40530,38428,576,39004,324
2020-12-27,Del Norte,015,27424,731,712,2,714,2
2020-12-27,El Dorado,017,186661,6112,5388,296,5684,18
2020-12-27,Fresno,019,978130,68007,63811,4560,68371,679
2020-12-27,Glenn,021,27897,1556,1434,255,1689,9
2020-12-27,Humboldt,023,135768,1767,1575,7,1582,17
2020-12-27,Imperial,025,180216,22786,21934,1288,23222,405
2020-12-27,Inyo,027,18085,675,565,1,566,18
2020-12-27,Kern,029,883053,65980,61914,5064,66978,568
2020-12-27,Kings,031,150075,16278,15593,538,16131,108
2020-12-27,Lake,033,64148,1902,1769,0,1769,22
2020-12-27,Lassen,035,31185,4370,4230,46,4276,1
2020-12-27,Los Angeles,037,10098052,765065,707260,21970,729230,9476
2020-12-27,Madera,039,155013,10695,10005,438,10443,64
2020-12-27,Marin,041,260295,9761,9477,71,9548,144
2020-12-27,Mariposa,043,17540,232,208,2,210,3
2020-12-27,Mendocino,045,87422,2437,2209,21,2230,23
2020-12-27,Merced,047,269075,18852,18075,325,18400,213
2020-12-27,Modoc,049,8938,251,221,72,293,0
2020-12-27,Mono,051,14174,871,849,10,859,3
2020-12-27,Monterey,053,433212,27453,26322,701,27023,181
2020-12-27,Napa,055,140530,5904,5496,24,5520,26
2020-12-27,Nevada,057,99092,2741,2519,87,2606,15
2020-12-27,Orange,059,3164182,161675,149276,6427,155703,1839
2020-12-27,Placer,061,380077,14414,13017,569,13586,126
2020-12-27,Plumas,063,18699,467,390,9,399,0
2020-12-27,Riverside,065,2383286,184483,171995,8542,180537,1836
2020-12-27,Sacramento,067,1510023,65401,63416,608,64024,811
2020-12-27,San Benito,069,59416,3623,3394,31,3425,24
2020-12-27,San Bernardino,071,2135413,198790,186776,5710,192486,1551
2020-12-27,San Diego,073,3302833,159597,145777,7205,152982,1402
2020-12-27,San Francisco,075,870044,23676,22514,223,22737,178
2020-12-27,San Joaquin,077,732212,45571,43529,1640,45169,618
2020-12-27,San Luis Obispo,079,281455,10962,10154,260,10414,76
2020-12-27,San Mateo,081,765935,25481,23136,106,23242,187
2020-12-27,Santa Barbara,083,443738,17929,16364,487,16851,155
2020-12-27,Santa Clara,085,1922200,70591,65288,298,65586,619
2020-12-27,Santa Cruz,087,273765,9280,8234,368,8602,81
2020-12-27,Shasta,089,179085,8174,7671,710,8381,65
2020-12-27,Sierra,091,2930,29,24,6,30,0
2020-12-27,Siskiyou,093,43540,1010,914,109,1023,3
2020-12-27,Solano,095,438530,19101,17840,202,18042,96
2020-12-27,Sonoma,097,501317,19289,18487,110,18597,185
2020-12-27,Stanislaus,099,539301,34739,33076,3257,36333,506
2020-12-27,Sutter,101,95872,6503,6218,46,6264,48
2020-12-27,Tehama,103,63373,3034,2922,291,3213,9
2020-12-27,Trinity,105,12862,346,240,41,281,2
2020-12-27,Tulare,107,460477,33578,31864,3827,35691,400
2020-12-27,Tuolumne,109,53932,2843,2750,10,2760,12
2020-12-27,Ventura,111,848112,40278,36661,1672,38333,230
2020-12-27,Yolo,113,214977,8580,7919,65,7984,111
2020-12-27,Yuba,115,75493,3820,3665,37,3702,18
2020-12-26,Alameda,001,1643700,51756,49084,967,50051,551
2020-12-26,Alpine,003,1148,67,65,0,65,0
2020-12-26,Amador,005,37829,2438,2189,19,2208,23
2020-12-26,Butte,007,227075,7538,6968,879,7847,86
2020-12-26,Calaveras,009,45235,1106,1084,2,1086,21
2020-12-26,Colusa,011,21464,1288,1240,71,1311,7
2020-12-26,Contra Costa,013,1133247,40068,38008,562,38570,324
2020-12-26,Del Norte,015,27424,725,709,2,711,2
2020-12-26,El Dorado,017,186661,6057,5279,292,5571,18
2020-12-26,Fresno,019,978130,67540,63080,4495,67575,679
2020-12-26,Glenn,021,27897,1535,1413,249,1662,9
2020-12-26,Humboldt,023,135768,1729,1545,7,1552,17
2020-12-26,Imperial,025,180216,22697,21734,1235,22969,405
2020-12-26,Inyo,027,18085,662,554,1,555,18
2020-12-26,Kern,029,883053,65316,61174,4904,66078,564
2020-12-26,Kings,031,150075,16160,15517,533,16050,108
2020-12-26,Lake,033,64148,1859,1710,0,1710,22
2020-12-26,Lassen,035,31185,4349,3981,46,4027,1
2020-12-26,Los Angeles,037,10098052,756568,694149,21433,715582,9424
2020-12-26,Madera,039,155013,10621,9908,424,10332,64
2020-12-26,Marin,041,260295,9725,9413,70,9483,143
2020-12-26,Mariposa,043,17540,231,206,2,208,3
2020-12-26,Mendocino,045,87422,2391,2194,21,2215,23
2020-12-26,Merced,047,269075,18694,17890,320,18210,213
2020-12-26,Modoc,049,8938,248,222,72,294,0
2020-12-26,Mono,051,14174,865,850,10,860,3
2020-12-26,Monterey,053,433212,27320,26010,692,26702,182
2020-12-26,Napa,055,140530,5846,5427,24,5451,26
2020-12-26,Nevada,057,99092,2713,2480,87,2567,15
2020-12-26,Orange,059,3164182,159482,147304,6330,153634,1838
2020-12-26,Placer,061,380077,14246,12816,553,13369,122
2020-12-26,Plumas,063,18699,464,381,9,390,0
2020-12-26,Riverside,065,2383286,182008,169360,8376,177736,1834
2020-12-26,Sacramento,067,1510023,64778,62435,598,63033,807
2020-12-26,San Benito,069,59416,3550,3330,31,3361,24
2020-12-26,San Bernardino,071,2135413,197148,185111,5623,190734,1551
2020-12-26,San Diego,073,3302833,157074,142644,7057,149701,1402
2020-12-26,San Francisco,075,870044,23442,22319,222,22541,177
2020-12-26,San Joaquin,077,732212,45184,42887,1591,44478,618
2020-12-26,San Luis Obispo,079,281455,10876,9945,254,10199,76
2020-12-26,San Mateo,081,765935,25143,22908,100,23008,187
2020-12-26,Santa Barbara,083,443738,17692,16159,481,16640,155
2020-12-26,Santa Clara,085,1922200,69529,64185,295,64480,618
2020-12-26,Santa Cruz,087,273765,9156,8113,358,8471,81
2020-12-26,Shasta,089,179085,8115,7641,697,8338,65
2020-12-26,Sierra,091,2930,29,24,6,30,0
2020-12-26,Siskiyou,093,43540,1004,909,104,1013,2
2020-12-26,Solano,095,438530,18861,17528,202,17730,96
2020-12-26,Sonoma,097,501317,19089,18261,108,18369,184
2020-12-26,Stanislaus,099,539301,34448,32678,3206,35884,505
2020-12-26,Sutter,101,95872,6444,6121,46,6167,48
2020-12-26,Tehama,103,63373,3007,2884,286,3170,9
2020-12-26,Trinity,105,12862,344,237,40,277,2
2020-12-26,Tulare,107,460477,33281,31665,3773,35438,398
2020-12-26,Tuolumne,109,53932,2832,2703,10,2713,12
2020-12-26,Ventura,111,848112,39316,36064,1637,37701,230
2020-12-26,Yolo,113,214977,8479,7785,62,7847,111
2020-12-26,Yuba,115,75493,3792,3599,37,3636,18
2020-12-25,Alameda,001,1643700,51195,48365,952,49317,542
2020-12-25,Alpine,003,1148,67,64,0,64,0
2020-12-25,Amador,005,37829,2395,2172,19,2191,23
2020-12-25,Butte,007,227075,7441,6873,858,7731,85
2020-12-25,Calaveras,009,45235,1103,1062,2,1064,21
2020-12-25,Colusa,011,21464,1276,1219,70,1289,7
2020-12-25,Contra Costa,013,1133247,39598,37480,535,38015,324
2020-12-25,Del Norte,015,27424,722,692,2,694,2
2020-12-25,El Dorado,017,186661,5993,5170,278,5448,16
2020-12-25,Fresno,019,978130,66680,62251,4407,66658,679
2020-12-25,Glenn,021,27897,1520,1390,241,1631,9
2020-12-25,Humboldt,023,135768,1691,1532,7,1539,16
2020-12-25,Imperial,025,180216,22607,21646,1223,22869,405
2020-12-25,Inyo,027,18085,653,546,1,547,18
2020-12-25,Kern,029,883053,64593,60417,4752,65169,562
2020-12-25,Kings,031,150075,16049,15460,529,15989,108
2020-12-25,Lake,033,64148,1839,1669,0,1669,20
2020-12-25,Lassen,035,31185,4334,3926,46,3972,1
2020-12-25,Los Angeles,037,10098052,742967,665600,20722,686322,9292
2020-12-25,Madera,039,155013,10451,9770,416,10186,64
2020-12-25,Marin,041,260295,9675,9375,67,9442,143
2020-12-25,Mariposa,043,17540,225,203,2,205,3
2020-12-25,Mendocino,045,87422,2349,2176,21,2197,23
2020-12-25,Merced,047,269075,18533,17726,313,18039,213
2020-12-25,Modoc,049,8938,247,221,72,293,0
2020-12-25,Mono,051,14174,863,843,10,853,3
2020-12-25,Monterey,053,433212,27049,25788,683,26471,182
2020-12-25,Napa,055,140530,5766,5351,24,5375,26
2020-12-25,Nevada,057,99092,2687,2458,85,2543,15
2020-12-25,Orange,059,3164182,156804,144542,6131,150673,1814
2020-12-25,Placer,061,380077,14063,12660,530,13190,122
2020-12-25,Plumas,063,18699,457,381,9,390,0
2020-12-25,Riverside,065,2383286,178729,166690,8049,174739,1825
2020-12-25,Sacramento,067,1510023,64087,61630,571,62201,796
2020-12-25,San Benito,069,59416,3512,3281,29,3310,24
2020-12-25,San Bernardino,071,2135413,194506,181812,5503,187315,1546
2020-12-25,San Diego,073,3302833,154594,139958,6880,146838,1402
2020-12-25,San Francisco,075,870044,23165,22130,217,22347,175
2020-12-25,San Joaquin,077,732212,44880,42089,1533,43622,614
2020-12-25,San Luis Obispo,079,281455,10693,9749,247,9996,76
2020-12-25,San Mateo,081,765935,24820,22568,97,22665,187
2020-12-25,Santa Barbara,083,443738,17468,15936,473,16409,155
2020-12-25,Santa Clara,085,1922200,68414,63173,286,63459,612
2020-12-25,Santa Cruz,087,273765,9015,8018,334,8352,81
2020-12-25,Shasta,089,179085,8042,7612,674,8286,65
2020-12-25,Sierra,091,2930,29,24,5,29,0
2020-12-25,Siskiyou,093,43540,998,905,101,1006,2
2020-12-25,Solano,095,438530,18691,17280,200,17480,96
2020-12-25,Sonoma,097,501317,18913,18035,106,18141,184
2020-12-25,Stanislaus,099,539301,34157,32290,3157,35447,498
2020-12-25,Sutter,101,95872,6385,6051,45,6096,47
2020-12-25,Tehama,103,63373,2962,2839,272,3111,9
2020-12-25,Trinity,105,12862,341,236,40,276,2
2020-12-25,Tulare,107,460477,32897,31323,3704,35027,398
2020-12-25,Tuolumne,109,53932,2813,2674,10,2684,12
2020-12-25,Ventura,111,848112,38162,35514,1586,37100,230
2020-12-25,Yolo,113,214977,8381,7700,60,7760,111
2020-12-25,Yuba,115,75493,3757,3549,36,3585,17
2020-12-24,Alameda,001,1643700,50858,47527,931,48458,541
2020-12-24,Alpine,003,1148,67,64,0,64,0
2020-12-24,Amador,005,37829,2383,2145,19,2164,23
2020-12-24,Butte,007,227075,7403,6716,843,7559,84
2020-12-24,Calaveras,009,45235,1100,1032,2,1034,21
2020-12-24,Colusa,011,21464,1271,1188,69,1257,7
2020-12-24,Contra Costa,013,1133247,39353,36623,523,37146,311
2020-12-24,Del Norte,015,27424,722,678,2,680,2
2020-12-24,El Dorado,017,186661,5967,5042,270,5312,16
2020-12-24,Fresno,019,978130,66457,61435,4393,65828,663
2020-12-24,Glenn,021,27897,1509,1363,233,1596,9
2020-12-24,Humboldt,023,135768,1668,1516,7,1523,16
2020-12-24,Imperial,025,180216,22558,21545,1214,22759,402
2020-12-24,Inyo,027,18085,651,532,1,533,17
2020-12-24,Kern,029,883053,64306,59601,4739,64340,556
2020-12-24,Kings,031,150075,16009,15211,528,15739,108
2020-12-24,Lake,033,64148,1824,1629,0,1629,20
2020-12-24,Lassen,035,31185,4321,3894,46,3940,1
2020-12-24,Los Angeles,037,10098052,738822,664840,20452,685292,9288
2020-12-24,Madera,039,155013,10413,9547,409,9956,63
2020-12-24,Marin,041,260295,9642,9287,67,9354,143
2020-12-24,Mariposa,043,17540,221,197,2,199,3
2020-12-24,Mendocino,045,87422,2339,2150,21,2171,23
2020-12-24,Merced,047,269075,18462,17485,309,17794,212
2020-12-24,Modoc,049,8938,247,220,71,291,0
2020-12-24,Mono,051,14174,861,817,10,827,3
2020-12-24,Monterey,053,433212,26944,25131,676,25807,180
2020-12-24,Napa,055,140530,5712,5265,24,5289,26
2020-12-24,Nevada,057,99092,2663,2429,85,2514,15
2020-12-24,Orange,059,3164182,155327,141205,6079,147284,1775
2020-12-24,Placer,061,380077,13977,12457,523,12980,121
2020-12-24,Plumas,063,18699,454,376,9,385,0
2020-12-24,Riverside,065,2383286,177799,162435,8010,170445,1816
2020-12-24,Sacramento,067,1510023,63813,60596,569,61165,788
2020-12-24,San Benito,069,59416,3482,3183,29,3212,24
2020-12-24,San Bernardino,071,2135413,193494,176866,5468,182334,1533
2020-12-24,San Diego,073,3302833,153512,136952,6848,143800,1382
2020-12-24,San Francisco,075,870044,22998,21830,214,22044,175
2020-12-24,San Joaquin,077,732212,44720,41324,1514,42838,611
2020-12-24,San Luis Obispo,079,281455,10625,9504,245,9749,77
2020-12-24,San Mateo,081,765935,24623,22093,97,22190,186
2020-12-24,Santa Barbara,083,443738,17364,15644,465,16109,153
2020-12-24,Santa Clara,085,1922200,67812,61742,279,62021,591
2020-12-24,Santa Cruz,087,273765,8944,7856,322,8178,82
2020-12-24,Shasta,089,179085,8002,7540,656,8196,65
2020-12-24,Sierra,091,2930,27,23,2,25,0
2020-12-24,Siskiyou,093,43540,994,900,94,994,2
2020-12-24,Solano,095,438530,18550,16872,195,17067,96
2020-12-24,Sonoma,097,501317,18815,17710,106,17816,183
2020-12-24,Stanislaus,099,539301,33963,31848,3132,34980,498
2020-12-24,Sutter,101,95872,6344,5960,44,6004,47
2020-12-24,Tehama,103,63373,2946,2779,271,3050,9
2020-12-24,Trinity,105,12862,340,235,40,275,2
2020-12-24,Tulare,107,460477,32782,30827,3677,34504,390
2020-12-24,Tuolumne,109,53932,2805,2653,10,2663,12
2020-12-24,Ventura,111,848112,37884,34400,1579,35979,224
2020-12-24,Yolo,113,214977,8340,7566,60,7626,113
2020-12-24,Yuba,115,75493,3732,3483,36,3519,16
2020-12-23,Alameda,001,1643700,50291,46753,903,47656,537
2020-12-23,Alpine,003,1148,67,64,0,64,0
2020-12-23,Amador,005,37829,2314,2108,18,2126,23
2020-12-23,Butte,007,227075,7317,6588,815,7403,84
2020-12-23,Calaveras,009,45235,1092,1002,1,1003,21
2020-12-23,Colusa,011,21464,1260,1167,69,1236,7
2020-12-23,Contra Costa,013,1133247,38955,36190,509,36699,311
2020-12-23,Del Norte,015,27424,715,670,2,672,2
2020-12-23,El Dorado,017,186661,5893,4967,261,5228,14
2020-12-23,Fresno,019,978130,65851,60488,4325,64813,654
2020-12-23,Glenn,021,27897,1495,1349,229,1578,9
2020-12-23,Humboldt,023,135768,1643,1458,7,1465,16
2020-12-23,Imperial,025,180216,22464,21323,1184,22507,399
2020-12-23,Inyo,027,18085,639,517,1,518,17
2020-12-23,Kern,029,883053,63794,58656,4640,63296,549
2020-12-23,Kings,031,150075,15931,14923,525,15448,105
2020-12-23,Lake,033,64148,1810,1595,0,1595,20
2020-12-23,Lassen,035,31185,4311,3865,43,3908,1
2020-12-23,Los Angeles,037,10098052,729830,651958,19879,671837,9146
2020-12-23,Madera,039,155013,10256,9371,395,9766,63
2020-12-23,Marin,041,260295,9584,9199,64,9263,142
2020-12-23,Mariposa,043,17540,219,194,2,196,3
2020-12-23,Mendocino,045,87422,2327,2121,21,2142,23
2020-12-23,Merced,047,269075,18306,17250,302,17552,203
2020-12-23,Modoc,049,8938,243,197,70,267,0
2020-12-23,Mono,051,14174,859,814,10,824,3
2020-12-23,Monterey,053,433212,26646,24856,670,25526,176
2020-12-23,Napa,055,140530,5644,5172,24,5196,25
2020-12-23,Nevada,057,99092,2618,2406,84,2490,15
2020-12-23,Orange,059,3164182,152880,138050,5907,143957,1771
2020-12-23,Placer,061,380077,13769,12213,515,12728,111
2020-12-23,Plumas,063,18699,447,369,9,378,0
2020-12-23,Riverside,065,2383286,175542,158110,7843,165953,1790
2020-12-23,Sacramento,067,1510023,63166,59661,554,60215,779
2020-12-23,San Benito,069,59416,3428,3073,27,3100,24
2020-12-23,San Bernardino,071,2135413,191467,172888,5399,178287,1509
2020-12-23,San Diego,073,3302833,151090,134695,6711,141406,1350
2020-12-23,San Francisco,075,870044,22775,21498,211,21709,174
2020-12-23,San Joaquin,077,732212,44196,35664,1471,37135,602
2020-12-23,San Luis Obispo,079,281455,10484,9267,239,9506,74
2020-12-23,San Mateo,081,765935,24321,21780,95,21875,186
2020-12-23,Santa Barbara,083,443738,17157,15399,435,15834,152
2020-12-23,Santa Clara,085,1922200,66907,60455,274,60729,579
2020-12-23,Santa Cruz,087,273765,8784,7637,304,7941,75
2020-12-23,Shasta,089,179085,7929,7487,649,8136,66
2020-12-23,Sierra,091,2930,27,23,0,23,0
2020-12-23,Siskiyou,093,43540,974,891,91,982,2
2020-12-23,Solano,095,438530,18343,16626,190,16816,95
2020-12-23,Sonoma,097,501317,18611,17397,106,17503,182
2020-12-23,Stanislaus,099,539301,33620,31492,3076,34568,499
2020-12-23,Sutter,101,95872,6278,5871,44,5915,46
2020-12-23,Tehama,103,63373,2926,2737,267,3004,9
2020-12-23,Trinity,105,12862,340,234,40,274,2
2020-12-23,Tulare,107,460477,32489,30315,3635,33950,385
2020-12-23,Tuolumne,109,53932,2765,2540,10,2550,12
2020-12-23,Ventura,111,848112,37495,33377,1545,34922,216
2020-12-23,Yolo,113,214977,8262,7508,58,7566,112
2020-12-23,Yuba,115,75493,3680,3438,36,3474,14
2020-12-22,Alameda,001,1643700,49404,45751,870,46621,534
2020-12-22,Alpine,003,1148,67,64,0,64,0
2020-12-22,Amador,005,37829,2303,1839,18,1857,23
2020-12-22,Butte,007,227075,7190,6467,799,7266,85
2020-12-22,Calaveras,009,45235,1065,988,0,988,21
2020-12-22,Colusa,011,21464,1237,1150,65,1215,7
2020-12-22,Contra Costa,013,1133247,38331,35681,496,36177,301
2020-12-22,Del Norte,015,27424,709,666,2,668,2
2020-12-22,El Dorado,017,186661,5772,4885,247,5132,12
2020-12-22,Fresno,019,978130,64825,59640,4212,63852,640
2020-12-22,Glenn,021,27897,1472,1337,218,1555,9
2020-12-22,Humboldt,023,135768,1609,1440,7,1447,16
2020-12-22,Imperial,025,180216,22276,21128,1140,22268,398
2020-12-22,Inyo,027,18085,618,506,1,507,17
2020-12-22,Kern,029,883053,62849,57816,4495,62311,547
2020-12-22,Kings,031,150075,15792,14855,518,15373,102
2020-12-22,Lake,033,64148,1786,1569,0,1569,20
2020-12-22,Lassen,035,31185,4169,3848,41,3889,1
2020-12-22,Los Angeles,037,10098052,712634,635931,19150,655081,9013
2020-12-22,Madera,039,155013,10138,9187,379,9566,63
2020-12-22,Marin,041,260295,9520,9115,63,9178,142
2020-12-22,Mariposa,043,17540,216,194,2,196,3
2020-12-22,Mendocino,045,87422,2294,2092,21,2113,23
2020-12-22,Merced,047,269075,18061,17012,298,17310,201
2020-12-22,Modoc,049,8938,235,182,69,251,0
2020-12-22,Mono,051,14174,849,786,10,796,3
2020-12-22,Monterey,053,433212,25981,24152,649,24801,176
2020-12-22,Napa,055,140530,5557,5059,24,5083,23
2020-12-22,Nevada,057,99092,2591,2367,83,2450,14
2020-12-22,Orange,059,3164182,149541,134850,5731,140581,1774
2020-12-22,Placer,061,380077,13528,11943,494,12437,105
2020-12-22,Plumas,063,18699,441,360,9,369,0
2020-12-22,Riverside,065,2383286,171748,155059,7561,162620,1777
2020-12-22,Sacramento,067,1510023,62239,57966,534,58500,772
2020-12-22,San Benito,069,59416,3351,2998,27,3025,24
2020-12-22,San Bernardino,071,2135413,186905,169266,5247,174513,1500
2020-12-22,San Diego,073,3302833,147737,132097,6550,138647,1311
2020-12-22,San Francisco,075,870044,22506,21232,207,21439,174
2020-12-22,San Joaquin,077,732212,43441,39423,1423,40846,592
2020-12-22,San Luis Obispo,079,281455,10140,9174,234,9408,69
2020-12-22,San Mateo,081,765935,23994,21382,79,21461,186
2020-12-22,Santa Barbara,083,443738,16896,15189,425,15614,150
2020-12-22,Santa Clara,085,1922200,65743,59192,267,59459,569
2020-12-22,Santa Cruz,087,273765,8606,7471,277,7748,72
2020-12-22,Shasta,089,179085,7850,7371,632,8003,64
2020-12-22,Sierra,091,2930,27,23,0,23,0
2020-12-22,Siskiyou,093,43540,968,880,89,969,2
2020-12-22,Solano,095,438530,17939,16229,187,16416,95
2020-12-22,Sonoma,097,501317,18293,17216,106,17322,180
2020-12-22,Stanislaus,099,539301,33243,30914,3001,33915,499
2020-12-22,Sutter,101,95872,6217,5791,43,5834,46
2020-12-22,Tehama,103,63373,2879,2688,259,2947,9
2020-12-22,Trinity,105,12862,340,231,40,271,2
2020-12-22,Tulare,107,460477,32026,30025,3563,33588,377
2020-12-22,Tuolumne,109,53932,2710,2526,10,2536,12
2020-12-22,Ventura,111,848112,36734,32488,1498,33986,213
2020-12-22,Yolo,113,214977,8149,7388,57,7445,113
2020-12-22,Yuba,115,75493,3630,3379,36,3415,14
2020-12-21,Alameda,001,1643700,48505,44756,842,45598,518
2020-12-21,Alpine,003,1148,66,64,0,64,0
2020-12-21,Amador,005,37829,2226,1815,18,1833,23
2020-12-21,Butte,007,227075,7035,6335,775,7110,81
2020-12-21,Calaveras,009,45235,1035,963,0,963,21
2020-12-21,Colusa,011,21464,1210,1135,60,1195,7
2020-12-21,Contra Costa,013,1133247,37583,35207,459,35666,300
2020-12-21,Del Norte,015,27424,694,660,2,662,2
2020-12-21,El Dorado,017,186661,5626,4805,233,5038,10
2020-12-21,Fresno,019,978130,63678,58568,4061,62629,634
2020-12-21,Glenn,021,27897,1440,1323,210,1533,9
2020-12-21,Humboldt,023,135768,1585,1419,7,1426,16
2020-12-21,Imperial,025,180216,22006,20994,1095,22089,395
2020-12-21,Inyo,027,18085,597,482,1,483,17
2020-12-21,Kern,029,883053,61961,56836,4355,61191,541
2020-12-21,Kings,031,150075,15543,14760,502,15262,100
2020-12-21,Lake,033,64148,1732,1538,0,1538,20
2020-12-21,Lassen,035,31185,4009,3798,39,3837,1
2020-12-21,Los Angeles,037,10098052,693607,624129,18433,642562,8918
2020-12-21,Madera,039,155013,9944,9069,359,9428,63
2020-12-21,Marin,041,260295,9451,9035,63,9098,142
2020-12-21,Mariposa,043,17540,211,186,2,188,3
2020-12-21,Mendocino,045,87422,2264,2066,20,2086,23
2020-12-21,Merced,047,269075,17814,16710,281,16991,198
2020-12-21,Modoc,049,8938,221,181,68,249,0
2020-12-21,Mono,051,14174,838,781,10,791,3
2020-12-21,Monterey,053,433212,25449,23673,635,24308,174
2020-12-21,Napa,055,140530,5469,4952,24,4976,23
2020-12-21,Nevada,057,99092,2558,2337,83,2420,13
2020-12-21,Orange,059,3164182,146140,130444,5572,136016,1772
2020-12-21,Placer,061,380077,13295,11715,474,12189,105
2020-12-21,Plumas,063,18699,437,353,9,362,0
2020-12-21,Riverside,065,2383286,167542,151713,7218,158931,1743
2020-12-21,Sacramento,067,1510023,61217,57064,517,57581,759
2020-12-21,San Benito,069,59416,3282,2921,27,2948,22
2020-12-21,San Bernardino,071,2135413,182139,165086,5075,170161,1476
2020-12-21,San Diego,073,3302833,144289,129716,6386,136102,1284
2020-12-21,San Francisco,075,870044,22223,21086,203,21289,174
2020-12-21,San Joaquin,077,732212,42647,38811,1370,40181,586
2020-12-21,San Luis Obispo,079,281455,9953,9006,229,9235,64
2020-12-21,San Mateo,081,765935,23590,21035,75,21110,185
2020-12-21,Santa Barbara,083,443738,16625,14988,420,15408,149
2020-12-21,Santa Clara,085,1922200,64551,57699,255,57954,570
2020-12-21,Santa Cruz,087,273765,8394,7315,263,7578,69
2020-12-21,Shasta,089,179085,7785,7299,622,7921,64
2020-12-21,Sierra,091,2930,24,23,0,23,0
2020-12-21,Siskiyou,093,43540,960,878,88,966,2
2020-12-21,Solano,095,438530,17468,15878,182,16060,95
2020-12-21,Sonoma,097,501317,18019,17075,102,17177,176
2020-12-21,Stanislaus,099,539301,32787,30437,2926,33363,499
2020-12-21,Sutter,101,95872,6121,5708,43,5751,46
2020-12-21,Tehama,103,63373,2812,2656,251,2907,9
2020-12-21,Trinity,105,12862,338,226,39,265,2
2020-12-21,Tulare,107,460477,31538,29482,3469,32951,373
2020-12-21,Tuolumne,109,53932,2685,2423,8,2431,12
2020-12-21,Ventura,111,848112,35653,31759,1461,33220,212
2020-12-21,Yolo,113,214977,8003,7266,53,7319,109
2020-12-21,Yuba,115,75493,3571,3329,36,3365,14
2020-12-20,Alameda,001,1643700,47622,44004,819,44823,516
2020-12-20,Alpine,003,1148,66,64,0,64,0
2020-12-20,Amador,005,37829,2168,1771,17,1788,23
2020-12-20,Butte,007,227075,6890,6228,738,6966,81
2020-12-20,Calaveras,009,45235,1011,926,0,926,21
2020-12-20,Colusa,011,21464,1183,1121,52,1173,7
2020-12-20,Contra Costa,013,1133247,36997,34798,440,35238,301
2020-12-20,Del Norte,015,27424,672,652,2,654,2
2020-12-20,El Dorado,017,186661,5500,4697,224,4921,10
2020-12-20,Fresno,019,978130,62696,57616,3918,61534,634
2020-12-20,Glenn,021,27897,1431,1295,203,1498,9
2020-12-20,Humboldt,023,135768,1548,1386,6,1392,15
2020-12-20,Imperial,025,180216,21764,20882,988,21870,395
2020-12-20,Inyo,027,18085,583,476,1,477,17
2020-12-20,Kern,029,883053,60864,55983,4197,60180,540
2020-12-20,Kings,031,150075,15325,14629,482,15111,100
2020-12-20,Lake,033,64148,1686,1463,0,1463,20
2020-12-20,Lassen,035,31185,3955,3669,37,3706,1
2020-12-20,Los Angeles,037,10098052,675591,612975,17654,630629,8862
2020-12-20,Madera,039,155013,9734,8871,350,9221,63
2020-12-20,Marin,041,260295,9354,8948,59,9007,142
2020-12-20,Mariposa,043,17540,210,179,2,181,3
2020-12-20,Mendocino,045,87422,2239,2033,20,2053,23
2020-12-20,Merced,047,269075,17497,16435,274,16709,198
2020-12-20,Modoc,049,8938,221,181,66,247,0
2020-12-20,Mono,051,14174,820,774,10,784,3
2020-12-20,Monterey,053,433212,24975,23250,591,23841,173
2020-12-20,Napa,055,140530,5347,4865,22,4887,23
2020-12-20,Nevada,057,99092,2512,2289,77,2366,13
2020-12-20,Orange,059,3164182,142651,128780,5419,134199,1763
2020-12-20,Placer,061,380077,13068,11496,455,11951,105
2020-12-20,Plumas,063,18699,429,347,9,356,0
2020-12-20,Riverside,065,2383286,163350,148714,6918,155632,1742
2020-12-20,Sacramento,067,1510023,60219,56017,497,56514,755
2020-12-20,San Benito,069,59416,3210,2885,26,2911,21
2020-12-20,San Bernardino,071,2135413,177177,162810,4912,167722,1458
2020-12-20,San Diego,073,3302833,140576,126465,6216,132681,1280
2020-12-20,San Francisco,075,870044,21909,20937,199,21136,174
2020-12-20,San Joaquin,077,732212,41810,38268,1305,39573,587
2020-12-20,San Luis Obispo,079,281455,9660,8881,222,9103,63
2020-12-20,San Mateo,081,765935,23156,20764,71,20835,185
2020-12-20,Santa Barbara,083,443738,16310,14817,399,15216,148
2020-12-20,Santa Clara,085,1922200,63150,56860,249,57109,566
2020-12-20,Santa Cruz,087,273765,8187,7178,250,7428,69
2020-12-20,Shasta,089,179085,7670,7256,608,7864,64
2020-12-20,Sierra,091,2930,24,22,0,22,0
2020-12-20,Siskiyou,093,43540,950,870,87,957,2
2020-12-20,Solano,095,438530,17089,15533,171,15704,95
2020-12-20,Sonoma,097,501317,17744,16802,101,16903,175
2020-12-20,Stanislaus,099,539301,32266,29995,2822,32817,498
2020-12-20,Sutter,101,95872,6034,5601,43,5644,43
2020-12-20,Tehama,103,63373,2764,2602,231,2833,9
2020-12-20,Trinity,105,12862,333,221,38,259,2
2020-12-20,Tulare,107,460477,31024,29078,3368,32446,373
2020-12-20,Tuolumne,109,53932,2573,2152,7,2159,12
2020-12-20,Ventura,111,848112,34950,31335,1426,32761,210
2020-12-20,Yolo,113,214977,7851,7121,50,7171,109
2020-12-20,Yuba,115,75493,3524,3254,34,3288,12
2020-12-19,Alameda,001,1643700,47179,43109,812,43921,516
2020-12-19,Alpine,003,1148,66,64,0,64,0
2020-12-19,Amador,005,37829,2144,1754,17,1771,23
2020-12-19,Butte,007,227075,6790,6118,714,6832,81
2020-12-19,Calaveras,009,45235,994,900,0,900,21
2020-12-19,Colusa,011,21464,1175,1096,50,1146,7
2020-12-19,Contra Costa,013,1133247,36687,34321,424,34745,301
2020-12-19,Del Norte,015,27424,670,641,1,642,2
2020-12-19,El Dorado,017,186661,5434,4588,215,4803,10
2020-12-19,Fresno,019,978130,62375,55428,3848,59276,634
2020-12-19,Glenn,021,27897,1396,1286,202,1488,9
2020-12-19,Humboldt,023,135768,1531,1357,6,1363,15
2020-12-19,Imperial,025,180216,21677,20711,937,21648,395
2020-12-19,Inyo,027,18085,576,475,1,476,17
2020-12-19,Kern,029,883053,60383,55118,4085,59203,540
2020-12-19,Kings,031,150075,15246,14474,480,14954,100
2020-12-19,Lake,033,64148,1652,1438,0,1438,20
2020-12-19,Lassen,035,31185,3927,3595,37,3632,1
2020-12-19,Los Angeles,037,10098052,668546,599888,17099,616987,8804
2020-12-19,Madera,039,155013,9643,8717,338,9055,63
2020-12-19,Marin,041,260295,9315,8864,59,8923,142
2020-12-19,Mariposa,043,17540,208,177,2,179,3
2020-12-19,Mendocino,045,87422,2214,2008,20,2028,23
2020-12-19,Merced,047,269075,17359,16230,265,16495,198
2020-12-19,Modoc,049,8938,218,181,66,247,0
2020-12-19,Mono,051,14174,816,766,10,776,3
2020-12-19,Monterey,053,433212,24864,22799,585,23384,172
2020-12-19,Napa,055,140530,5285,4772,22,4794,23
2020-12-19,Nevada,057,99092,2490,2260,77,2337,13
2020-12-19,Orange,059,3164182,140735,125574,5262,130836,1733
2020-12-19,Placer,061,380077,12914,11246,449,11695,105
2020-12-19,Plumas,063,18699,426,343,9,352,0
2020-12-19,Riverside,065,2383286,161379,146703,6675,153378,1737
2020-12-19,Sacramento,067,1510023,59688,55169,482,55651,746
2020-12-19,San Benito,069,59416,3164,2820,25,2845,21
2020-12-19,San Bernardino,071,2135413,175624,159883,4800,164683,1433
2020-12-19,San Diego,073,3302833,138810,122972,6077,129049,1280
2020-12-19,San Francisco,075,870044,21759,20643,198,20841,174
2020-12-19,San Joaquin,077,732212,41412,37340,1250,38590,586
2020-12-19,San Luis Obispo,079,281455,9590,8788,219,9007,63
2020-12-19,San Mateo,081,765935,22946,20393,64,20457,182
2020-12-19,Santa Barbara,083,443738,16155,14667,391,15058,148
2020-12-19,Santa Clara,085,1922200,62341,55540,244,55784,558
2020-12-19,Santa Cruz,087,273765,8085,7054,244,7298,68
2020-12-19,Shasta,089,179085,7617,7221,596,7817,63
2020-12-19,Sierra,091,2930,24,23,0,23,0
2020-12-19,Siskiyou,093,43540,947,853,86,939,2
2020-12-19,Solano,095,438530,16923,15204,167,15371,95
2020-12-19,Sonoma,097,501317,17636,16553,101,16654,175
2020-12-19,Stanislaus,099,539301,31948,29555,2749,32304,498
2020-12-19,Sutter,101,95872,5976,5506,43,5549,41
2020-12-19,Tehama,103,63373,2713,2574,228,2802,9
2020-12-19,Trinity,105,12862,333,219,38,257,2
2020-12-19,Tulare,107,460477,30806,28734,3299,32033,375
2020-12-19,Tuolumne,109,53932,2560,2107,7,2114,12
2020-12-19,Ventura,111,848112,34670,30843,1396,32239,209
2020-12-19,Yolo,113,214977,7782,7025,49,7074,109
2020-12-19,Yuba,115,75493,3492,3168,34,3202,11
2020-12-18,Alameda,001,1643700,46642,42196,795,42991,515
2020-12-18,Alpine,003,1148,66,64,0,64,0
2020-12-18,Amador,005,37829,2127,1727,15,1742,20
2020-12-18,Butte,007,227075,6706,5891,687,6578,81
2020-12-18,Calaveras,009,45235,984,870,0,870,21
2020-12-18,Colusa,011,21464,1166,1068,50,1118,7
2020-12-18,Contra Costa,013,1133247,36406,33610,410,34020,300
2020-12-18,Del Norte,015,27424,665,627,0,627,2
2020-12-18,El Dorado,017,186661,5373,4494,204,4698,10
2020-12-18,Fresno,019,978130,61549,52643,3784,56427,613
2020-12-18,Glenn,021,27897,1380,1264,196,1460,9
2020-12-18,Humboldt,023,135768,1516,1331,6,1337,15
2020-12-18,Imperial,025,180216,21599,20430,890,21320,393
2020-12-18,Inyo,027,18085,556,454,1,455,17
2020-12-18,Kern,029,883053,59725,54220,4000,58220,533
2020-12-18,Kings,031,150075,15120,14284,474,14758,98
2020-12-18,Lake,033,64148,1641,1397,0,1397,20
2020-12-18,Lassen,035,31185,3919,3486,37,3523,1
2020-12-18,Los Angeles,037,10098052,656444,586413,16576,602989,8744
2020-12-18,Madera,039,155013,9541,8609,333,8942,63
2020-12-18,Marin,041,260295,9231,8799,59,8858,142
2020-12-18,Mariposa,043,17540,205,176,2,178,3
2020-12-18,Mendocino,045,87422,2196,1977,20,1997,24
2020-12-18,Merced,047,269075,17278,15956,262,16218,195
2020-12-18,Modoc,049,8938,218,179,66,245,0
2020-12-18,Mono,051,14174,809,731,10,741,3
2020-12-18,Monterey,053,433212,24572,22336,579,22915,165
2020-12-18,Napa,055,140530,5237,4688,22,4710,23
2020-12-18,Nevada,057,99092,2473,2220,76,2296,13
2020-12-18,Orange,059,3164182,138307,121681,5103,126784,1725
2020-12-18,Placer,061,380077,12744,10995,440,11435,104
2020-12-18,Plumas,063,18699,420,336,9,345,0
2020-12-18,Riverside,065,2383286,158555,142375,6400,148775,1733
2020-12-18,Sacramento,067,1510023,59064,53980,464,54444,736
2020-12-18,San Benito,069,59416,3116,2744,25,2769,21
2020-12-18,San Bernardino,071,2135413,173329,154272,4663,158935,1430
2020-12-18,San Diego,073,3302833,136636,120463,5937,126400,1253
2020-12-18,San Francisco,075,870044,21592,20315,192,20507,173
2020-12-18,San Joaquin,077,732212,41055,36484,1217,37701,559
2020-12-18,San Luis Obispo,079,281455,9491,8598,214,8812,62
2020-12-18,San Mateo,081,765935,22632,19971,60,20031,182
2020-12-18,Santa Barbara,083,443738,16015,14361,378,14739,148
2020-12-18,Santa Clara,085,1922200,61473,53992,231,54223,539
2020-12-18,Santa Cruz,087,273765,7970,6838,236,7074,68
2020-12-18,Shasta,089,179085,7581,7114,584,7698,62
2020-12-18,Sierra,091,2930,24,23,0,23,0
2020-12-18,Siskiyou,093,43540,945,840,86,926,2
2020-12-18,Solano,095,438530,16771,14667,163,14830,95
2020-12-18,Sonoma,097,501317,17516,16261,101,16362,173
2020-12-18,Stanislaus,099,539301,31678,28967,2710,31677,490
2020-12-18,Sutter,101,95872,5892,5399,43,5442,39
2020-12-18,Tehama,103,63373,2696,2523,219,2742,9
2020-12-18,Trinity,105,12862,332,215,38,253,2
2020-12-18,Tulare,107,460477,30539,28322,3214,31536,370
2020-12-18,Tuolumne,109,53932,2549,2067,7,2074,12
2020-12-18,Ventura,111,848112,34169,29907,1352,31259,209
2020-12-18,Yolo,113,214977,7714,6901,48,6949,109
2020-12-18,Yuba,115,75493,3434,3097,34,3131,11
2020-12-17,Alameda,001,1643700,45841,41548,762,42310,508
2020-12-17,Alpine,003,1148,66,64,0,64,0
2020-12-17,Amador,005,37829,2079,1703,13,1716,19
2020-12-17,Butte,007,227075,6581,5746,668,6414,78
2020-12-17,Calaveras,009,45235,961,848,0,848,21
2020-12-17,Colusa,011,21464,1155,1053,48,1101,7
2020-12-17,Contra Costa,013,1133247,35885,33006,375,33381,293
2020-12-17,Del Norte,015,27424,660,583,0,583,1
2020-12-17,El Dorado,017,186661,5229,4327,191,4518,9
2020-12-17,Fresno,019,978130,60691,49918,3655,53573,597
2020-12-17,Glenn,021,27897,1356,1244,189,1433,9
2020-12-17,Humboldt,023,135768,1483,1322,6,1328,14
2020-12-17,Imperial,025,180216,21439,20208,814,21022,391
2020-12-17,Inyo,027,18085,538,450,1,451,16
2020-12-17,Kern,029,883053,58776,53683,3859,57542,526
2020-12-17,Kings,031,150075,15021,14057,458,14515,98
2020-12-17,Lake,033,64148,1616,1374,0,1374,20
2020-12-17,Lassen,035,31185,3883,3417,37,3454,1
2020-12-17,Los Angeles,037,10098052,640848,571093,15987,587080,8657
2020-12-17,Madera,039,155013,9425,8465,328,8793,62
2020-12-17,Marin,041,260295,9174,8721,56,8777,142
2020-12-17,Mariposa,043,17540,201,172,2,174,3
2020-12-17,Mendocino,045,87422,2162,1942,20,1962,23
2020-12-17,Merced,047,269075,17015,15648,254,15902,192
2020-12-17,Modoc,049,8938,215,179,66,245,0
2020-12-17,Mono,051,14174,799,718,10,728,3
2020-12-17,Monterey,053,433212,24053,21951,564,22515,163
2020-12-17,Napa,055,140530,5125,4612,22,4634,23
2020-12-17,Nevada,057,99092,2432,2173,73,2246,13
2020-12-17,Orange,059,3164182,134925,118367,4967,123334,1725
2020-12-17,Placer,061,380077,12470,10756,426,11182,99
2020-12-17,Plumas,063,18699,411,324,9,333,0
2020-12-17,Riverside,065,2383286,154701,139325,6176,145501,1696
2020-12-17,Sacramento,067,1510023,58160,53189,441,53630,721
2020-12-17,San Benito,069,59416,3047,2645,24,2669,20
2020-12-17,San Bernardino,071,2135413,169409,149838,4536,154374,1425
2020-12-17,San Diego,073,3302833,133842,116852,5782,122634,1239
2020-12-17,San Francisco,075,870044,21305,19939,187,20126,170
2020-12-17,San Joaquin,077,732212,40326,35894,1179,37073,554
2020-12-17,San Luis Obispo,079,281455,9371,8365,212,8577,59
2020-12-17,San Mateo,081,765935,22260,19647,60,19707,181
2020-12-17,Santa Barbara,083,443738,15781,14207,371,14578,147
2020-12-17,Santa Clara,085,1922200,60304,52559,224,52783,527
2020-12-17,Santa Cruz,087,273765,7815,6687,221,6908,64
2020-12-17,Shasta,089,179085,7503,7000,565,7565,62
2020-12-17,Sierra,091,2930,23,23,0,23,0
2020-12-17,Siskiyou,093,43540,938,827,85,912,2
2020-12-17,Solano,095,438530,16464,14361,161,14522,96
2020-12-17,Sonoma,097,501317,17244,15993,100,16093,171
2020-12-17,Stanislaus,099,539301,31254,28582,2649,31231,489
2020-12-17,Sutter,101,95872,5793,5309,42,5351,39
2020-12-17,Tehama,103,63373,2648,2480,213,2693,9
2020-12-17,Trinity,105,12862,328,213,38,251,2
2020-12-17,Tulare,107,460477,30145,27852,3133,30985,358
2020-12-17,Tuolumne,109,53932,2238,1992,7,1999,11
2020-12-17,Ventura,111,848112,33561,29404,1314,30718,208
2020-12-17,Yolo,113,214977,7590,6800,47,6847,105
2020-12-17,Yuba,115,75493,3375,3035,32,3067,12
2020-12-16,Alameda,001,1643700,44987,40751,734,41485,497
2020-12-16,Alpine,003,1148,66,64,0,64,0
2020-12-16,Amador,005,37829,2032,1693,12,1705,19
2020-12-16,Butte,007,227075,6392,5659,638,6297,76
2020-12-16,Calaveras,009,45235,926,821,0,821,21
2020-12-16,Colusa,011,21464,1142,1038,43,1081,7
2020-12-16,Contra Costa,013,1133247,35328,32429,353,32782,293
2020-12-16,Del Norte,015,27424,658,575,0,575,1
2020-12-16,El Dorado,017,186661,5108,4237,180,4417,9
2020-12-16,Fresno,019,978130,59736,49173,3552,52725,584
2020-12-16,Glenn,021,27897,1338,1236,178,1414,9
2020-12-16,Humboldt,023,135768,1451,1308,5,1313,12
2020-12-16,Imperial,025,180216,21260,19980,742,20722,388
2020-12-16,Inyo,027,18085,525,444,1,445,16
2020-12-16,Kern,029,883053,57901,52896,3722,56618,522
2020-12-16,Kings,031,150075,14842,13734,440,14174,99
2020-12-16,Lake,033,64148,1576,1363,0,1363,20
2020-12-16,Lassen,035,31185,3850,3396,36,3432,1
2020-12-16,Los Angeles,037,10098052,624366,557907,15281,573188,8561
2020-12-16,Madera,039,155013,9300,8278,320,8598,62
2020-12-16,Marin,041,260295,9104,8641,56,8697,142
2020-12-16,Mariposa,043,17540,198,175,2,177,3
2020-12-16,Mendocino,045,87422,2127,1929,20,1949,23
2020-12-16,Merced,047,269075,16729,15443,250,15693,190
2020-12-16,Modoc,049,8938,212,178,66,244,0
2020-12-16,Mono,051,14174,781,702,10,712,3
2020-12-16,Monterey,053,433212,23496,21107,553,21660,163
2020-12-16,Napa,055,140530,5027,4544,22,4566,23
2020-12-16,Nevada,057,99092,2396,2149,71,2220,13
2020-12-16,Orange,059,3164182,131460,115260,4787,120047,1712
2020-12-16,Placer,061,380077,12235,10554,404,10958,96
2020-12-16,Plumas,063,18699,402,319,9,328,0
2020-12-16,Riverside,065,2383286,150588,135751,5919,141670,1664
2020-12-16,Sacramento,067,1510023,57189,52166,415,52581,715
2020-12-16,San Benito,069,59416,2956,2582,24,2606,20
2020-12-16,San Bernardino,071,2135413,164805,143565,4398,147963,1403
2020-12-16,San Diego,073,3302833,130742,114248,5629,119877,1217
2020-12-16,San Francisco,075,870044,21047,19624,186,19810,170
2020-12-16,San Joaquin,077,732212,39502,35010,1138,36148,547
2020-12-16,San Luis Obispo,079,281455,9176,8252,203,8455,58
2020-12-16,San Mateo,081,765935,21935,19292,56,19348,179
2020-12-16,Santa Barbara,083,443738,15539,13966,358,14324,144
2020-12-16,Santa Clara,085,1922200,59065,51502,221,51723,523
2020-12-16,Santa Cruz,087,273765,7630,6536,209,6745,63
2020-12-16,Shasta,089,179085,7430,6914,544,7458,62
2020-12-16,Sierra,091,2930,23,23,0,23,0
2020-12-16,Siskiyou,093,43540,930,818,85,903,2
2020-12-16,Solano,095,438530,15999,14157,156,14313,96
2020-12-16,Sonoma,097,501317,16988,15768,100,15868,170
2020-12-16,Stanislaus,099,539301,30751,28279,2575,30854,489
2020-12-16,Sutter,101,95872,5713,5223,42,5265,39
2020-12-16,Tehama,103,63373,2617,2441,187,2628,9
2020-12-16,Trinity,105,12862,322,212,38,250,2
2020-12-16,Tulare,107,460477,29732,27500,3027,30527,352
2020-12-16,Tuolumne,109,53932,2192,1941,7,1948,11
2020-12-16,Ventura,111,848112,32789,28566,1269,29835,203
2020-12-16,Yolo,113,214977,7462,6649,46,6695,103
2020-12-16,Yuba,115,75493,3289,2980,31,3011,11
2020-12-15,Alameda,001,1643700,44130,40026,711,40737,492
2020-12-15,Alpine,003,1148,66,64,0,64,0
2020-12-15,Amador,005,37829,1919,1669,10,1679,19
2020-12-15,Butte,007,227075,6256,5565,607,6172,75
2020-12-15,Calaveras,009,45235,894,799,0,799,21
2020-12-15,Colusa,011,21464,1129,1026,42,1068,7
2020-12-15,Contra Costa,013,1133247,34675,31423,337,31760,281
2020-12-15,Del Norte,015,27424,647,564,0,564,1
2020-12-15,El Dorado,017,186661,5002,4113,164,4277,9
2020-12-15,Fresno,019,978130,58370,47316,3413,50729,574
2020-12-15,Glenn,021,27897,1325,1207,161,1368,9
2020-12-15,Humboldt,023,135768,1431,1276,5,1281,12
2020-12-15,Imperial,025,180216,21042,19756,660,20416,380
2020-12-15,Inyo,027,18085,512,394,1,395,16
2020-12-15,Kern,029,883053,56890,52002,3617,55619,511
2020-12-15,Kings,031,150075,14678,13652,421,14073,97
2020-12-15,Lake,033,64148,1551,1341,0,1341,21
2020-12-15,Lassen,035,31185,3678,3378,35,3413,1
2020-12-15,Los Angeles,037,10098052,608052,536258,14606,550864,8429
2020-12-15,Madera,039,155013,9144,8118,311,8429,60
2020-12-15,Marin,041,260295,8998,8528,54,8582,141
2020-12-15,Mariposa,043,17540,194,171,2,173,3
2020-12-15,Mendocino,045,87422,2100,1883,20,1903,24
2020-12-15,Merced,047,269075,16427,15120,246,15366,190
2020-12-15,Modoc,049,8938,210,179,66,245,0
2020-12-15,Mono,051,14174,765,702,10,712,3
2020-12-15,Monterey,053,433212,22897,19905,490,20395,161
2020-12-15,Napa,055,140530,4923,4440,22,4462,23
2020-12-15,Nevada,057,99092,2363,2117,69,2186,11
2020-12-15,Orange,059,3164182,127806,112893,4630,117523,1689
2020-12-15,Placer,061,380077,12001,10301,382,10683,95
2020-12-15,Plumas,063,18699,397,313,9,322,0
2020-12-15,Riverside,065,2383286,146539,131822,5632,137454,1624
2020-12-15,Sacramento,067,1510023,56176,51076,402,51478,703
2020-12-15,San Benito,069,59416,2876,2520,23,2543,19
2020-12-15,San Bernardino,071,2135413,160362,137548,4233,141781,1351
2020-12-15,San Diego,073,3302833,127181,111441,5466,116907,1194
2020-12-15,San Francisco,075,870044,20738,19283,183,19466,171
2020-12-15,San Joaquin,077,732212,38578,33849,1101,34950,537
2020-12-15,San Luis Obispo,079,281455,9067,8074,200,8274,55
2020-12-15,San Mateo,081,765935,21525,18907,54,18961,178
2020-12-15,Santa Barbara,083,443738,15319,13782,349,14131,144
2020-12-15,Santa Clara,085,1922200,57630,50311,217,50528,505
2020-12-15,Santa Cruz,087,273765,7446,6361,193,6554,59
2020-12-15,Shasta,089,179085,7372,6794,519,7313,54
2020-12-15,Sierra,091,2930,23,23,0,23,0
2020-12-15,Siskiyou,093,43540,921,812,84,896,2
2020-12-15,Solano,095,438530,15650,13796,156,13952,95
2020-12-15,Sonoma,097,501317,16767,15406,100,15506,167
2020-12-15,Stanislaus,099,539301,30242,27823,2488,30311,485
2020-12-15,Sutter,101,95872,5616,5080,41,5121,36
2020-12-15,Tehama,103,63373,2580,2392,182,2574,9
2020-12-15,Trinity,105,12862,316,213,36,249,1
2020-12-15,Tulare,107,460477,29236,27026,2936,29962,342
2020-12-15,Tuolumne,109,53932,2161,1874,7,1881,8
2020-12-15,Ventura,111,848112,32168,27936,1221,29157,201
2020-12-15,Yolo,113,214977,7339,6531,44,6575,104
2020-12-15,Yuba,115,75493,3195,2891,30,2921,11
2020-12-14,Alameda,001,1643700,43237,39252,691,39943,487
2020-12-14,Alpine,003,1148,66,63,0,63,0
2020-12-14,Amador,005,37829,1847,1609,10,1619,19
2020-12-14,Butte,007,227075,6088,5202,590,5792,75
2020-12-14,Calaveras,009,45235,856,718,0,718,21
2020-12-14,Colusa,011,21464,1105,949,41,990,7
2020-12-14,Contra Costa,013,1133247,33978,30594,322,30916,281
2020-12-14,Del Norte,015,27424,641,560,0,560,1
2020-12-14,El Dorado,017,186661,4846,4018,148,4166,9
2020-12-14,Fresno,019,978130,57349,44726,3229,47955,560
2020-12-14,Glenn,021,27897,1299,1186,153,1339,9
2020-12-14,Humboldt,023,135768,1418,1256,5,1261,9
2020-12-14,Imperial,025,180216,20806,19608,578,20186,379
2020-12-14,Inyo,027,18085,498,382,1,383,16
2020-12-14,Kern,029,883053,55858,50538,3491,54029,510
2020-12-14,Kings,031,150075,14495,13491,392,13883,97
2020-12-14,Lake,033,64148,1500,1301,0,1301,21
2020-12-14,Lassen,035,31185,3579,2905,32,2937,1
2020-12-14,Los Angeles,037,10098052,590475,524668,13938,538606,8340
2020-12-14,Madera,039,155013,8872,8011,302,8313,60
2020-12-14,Marin,041,260295,8914,8475,52,8527,141
2020-12-14,Mariposa,043,17540,193,171,2,173,3
2020-12-14,Mendocino,045,87422,2079,1845,20,1865,24
2020-12-14,Merced,047,269075,16024,14572,232,14804,189
2020-12-14,Modoc,049,8938,204,180,64,244,0
2020-12-14,Mono,051,14174,757,685,10,695,3
2020-12-14,Monterey,053,433212,22378,19154,483,19637,155
2020-12-14,Napa,055,140530,4830,4289,22,4311,22
2020-12-14,Nevada,057,99092,2324,2070,66,2136,11
2020-12-14,Orange,059,3164182,123933,108602,4487,113089,1688
2020-12-14,Placer,061,380077,11721,9551,371,9922,95
2020-12-14,Plumas,063,18699,385,309,9,318,0
2020-12-14,Riverside,065,2383286,142424,123715,5362,129077,1588
2020-12-14,Sacramento,067,1510023,55069,50304,376,50680,691
2020-12-14,San Benito,069,59416,2809,2467,22,2489,19
2020-12-14,San Bernardino,071,2135413,155934,129151,4096,133247,1347
2020-12-14,San Diego,073,3302833,123450,109578,5282,114860,1162
2020-12-14,San Francisco,075,870044,20362,18904,181,19085,171
2020-12-14,San Joaquin,077,732212,37738,32522,1052,33574,534
2020-12-14,San Luis Obispo,079,281455,8820,7791,194,7985,52
2020-12-14,San Mateo,081,765935,21026,18361,51,18412,178
2020-12-14,Santa Barbara,083,443738,15050,13587,342,13929,144
2020-12-14,Santa Clara,085,1922200,56070,49180,205,49385,502
2020-12-14,Santa Cruz,087,273765,7262,6049,177,6226,54
2020-12-14,Shasta,089,179085,7284,6665,501,7166,54
2020-12-14,Sierra,091,2930,23,21,0,21,0
2020-12-14,Siskiyou,093,43540,898,764,78,842,2
2020-12-14,Solano,095,438530,15286,13352,154,13506,93
2020-12-14,Sonoma,097,501317,16460,14807,99,14906,167
2020-12-14,Stanislaus,099,539301,29710,27311,2437,29748,485
2020-12-14,Sutter,101,95872,5506,5001,34,5035,35
2020-12-14,Tehama,103,63373,2533,2344,179,2523,9
2020-12-14,Trinity,105,12862,313,205,34,239,1
2020-12-14,Tulare,107,460477,28763,25735,2839,28574,341
2020-12-14,Tuolumne,109,53932,2104,1647,7,1654,8
2020-12-14,Ventura,111,848112,31248,27436,1158,28594,202
2020-12-14,Yolo,113,214977,7178,6389,43,6432,95
2020-12-14,Yuba,115,75493,3133,2851,30,2881,11
2020-12-13,Alameda,001,1643700,42045,38064,664,38728,486
2020-12-13,Alpine,003,1148,66,63,0,63,0
2020-12-13,Amador,005,37829,1791,1457,9,1466,19
2020-12-13,Butte,007,227075,5940,5103,546,5649,75
2020-12-13,Calaveras,009,45235,820,710,0,710,21
2020-12-13,Colusa,011,21464,1089,945,37,982,7
2020-12-13,Contra Costa,013,1133247,33250,29667,314,29981,281
2020-12-13,Del Norte,015,27424,588,542,0,542,1
2020-12-13,El Dorado,017,186661,4747,3770,136,3906,9
2020-12-13,Fresno,019,978130,56247,44114,3062,47176,559
2020-12-13,Glenn,021,27897,1286,1171,142,1313,9
2020-12-13,Humboldt,023,135768,1395,1238,4,1242,9
2020-12-13,Imperial,025,180216,20525,19472,438,19910,379
2020-12-13,Inyo,027,18085,477,380,1,381,16
2020-12-13,Kern,029,883053,54837,49051,3330,52381,510
2020-12-13,Kings,031,150075,14218,13357,371,13728,97
2020-12-13,Lake,033,64148,1457,1271,0,1271,21
2020-12-13,Lassen,035,31185,3472,2867,27,2894,1
2020-12-13,Los Angeles,037,10098052,572930,517472,13190,530662,8294
2020-12-13,Madera,039,155013,8688,7909,287,8196,60
2020-12-13,Marin,041,260295,8794,8409,52,8461,141
2020-12-13,Mariposa,043,17540,189,167,2,169,3
2020-12-13,Mendocino,045,87422,2045,1793,20,1813,24
2020-12-13,Merced,047,269075,15674,14384,229,14613,189
2020-12-13,Modoc,049,8938,192,179,58,237,0
2020-12-13,Mono,051,14174,741,675,10,685,3
2020-12-13,Monterey,053,433212,21956,18913,467,19380,153
2020-12-13,Napa,055,140530,4724,4194,22,4216,22
2020-12-13,Nevada,057,99092,2276,2030,64,2094,11
2020-12-13,Orange,059,3164182,120019,104768,4300,109068,1688
2020-12-13,Placer,061,380077,11407,9405,353,9758,95
2020-12-13,Plumas,063,18699,379,291,9,300,0
2020-12-13,Riverside,065,2383286,138310,119691,5085,124776,1581
2020-12-13,Sacramento,067,1510023,53804,49480,345,49825,682
2020-12-13,San Benito,069,59416,2737,2408,21,2429,19
2020-12-13,San Bernardino,071,2135413,151050,126718,3925,130643,1333
2020-12-13,San Diego,073,3302833,119855,107372,5113,112485,1162
2020-12-13,San Francisco,075,870044,20018,18686,171,18857,167
2020-12-13,San Joaquin,077,732212,36936,32170,1010,33180,534
2020-12-13,San Luis Obispo,079,281455,8628,7625,186,7811,52
2020-12-13,San Mateo,081,765935,20535,18090,45,18135,177
2020-12-13,Santa Barbara,083,443738,14786,13249,325,13574,144
2020-12-13,Santa Clara,085,1922200,54643,47920,196,48116,499
2020-12-13,Santa Cruz,087,273765,7013,5986,166,6152,54
2020-12-13,Shasta,089,179085,7210,6647,475,7122,54
2020-12-13,Sierra,091,2930,23,21,0,21,0
2020-12-13,Siskiyou,093,43540,886,762,73,835,2
2020-12-13,Solano,095,438530,14847,13276,151,13427,93
2020-12-13,Sonoma,097,501317,16145,14495,98,14593,167
2020-12-13,Stanislaus,099,539301,29150,26569,2370,28939,485
2020-12-13,Sutter,101,95872,5380,4798,29,4827,34
2020-12-13,Tehama,103,63373,2489,2325,163,2488,9
2020-12-13,Trinity,105,12862,308,204,33,237,1
2020-12-13,Tulare,107,460477,28272,25496,2745,28241,340
2020-12-13,Tuolumne,109,53932,2041,1611,7,1618,8
2020-12-13,Ventura,111,848112,30249,26588,1092,27680,202
2020-12-13,Yolo,113,214977,6996,6265,36,6301,95
2020-12-13,Yuba,115,75493,3068,2754,27,2781,11
2020-12-12,Alameda,001,1643700,41610,37027,643,37670,486
2020-12-12,Alpine,003,1148,66,63,0,63,0
2020-12-12,Amador,005,37829,1763,1236,8,1244,19
2020-12-12,Butte,007,227075,5868,4972,532,5504,73
2020-12-12,Calaveras,009,45235,810,708,0,708,21
2020-12-12,Colusa,011,21464,1069,945,35,980,7
2020-12-12,Contra Costa,013,1133247,32907,29506,304,29810,281
2020-12-12,Del Norte,015,27424,580,529,0,529,1
2020-12-12,El Dorado,017,186661,4672,3706,118,3824,9
2020-12-12,Fresno,019,978130,55897,43756,3001,46757,559
2020-12-12,Glenn,021,27897,1278,1143,138,1281,8
2020-12-12,Humboldt,023,135768,1376,1208,4,1212,9
2020-12-12,Imperial,025,180216,20443,18947,378,19325,379
2020-12-12,Inyo,027,18085,473,380,1,381,16
2020-12-12,Kern,029,883053,54321,48194,3238,51432,507
2020-12-12,Kings,031,150075,14131,13205,366,13571,96
2020-12-12,Lake,033,64148,1441,1232,0,1232,21
2020-12-12,Lassen,035,31185,3450,2866,23,2889,1
2020-12-12,Los Angeles,037,10098052,566168,504317,12653,516970,8269
2020-12-12,Madera,039,155013,8565,7765,284,8049,59
2020-12-12,Marin,041,260295,8739,8363,51,8414,141
2020-12-12,Mariposa,043,17540,188,164,2,166,3
2020-12-12,Mendocino,045,87422,2009,1771,20,1791,24
2020-12-12,Merced,047,269075,15584,14181,225,14406,188
2020-12-12,Modoc,049,8938,191,169,55,224,0
2020-12-12,Mono,051,14174,734,640,10,650,3
2020-12-12,Monterey,053,433212,21845,18596,438,19034,151
2020-12-12,Napa,055,140530,4680,4113,22,4135,22
2020-12-12,Nevada,057,99092,2258,1981,62,2043,10
2020-12-12,Orange,059,3164182,118147,100468,4142,104610,1674
2020-12-12,Placer,061,380077,11244,9390,347,9737,95
2020-12-12,Plumas,063,18699,373,291,9,300,0
2020-12-12,Riverside,065,2383286,136264,118335,4867,123202,1579
2020-12-12,Sacramento,067,1510023,53222,48319,330,48649,673
2020-12-12,San Benito,069,59416,2681,2355,21,2376,19
2020-12-12,San Bernardino,071,2135413,149431,125741,3814,129555,1321
2020-12-12,San Diego,073,3302833,118235,104958,5016,109974,1151
2020-12-12,San Francisco,075,870044,19829,18413,167,18580,167
2020-12-12,San Joaquin,077,732212,36611,32200,977,33177,534
2020-12-12,San Luis Obispo,079,281455,8533,7462,177,7639,50
2020-12-12,San Mateo,081,765935,20314,17574,44,17618,177
2020-12-12,Santa Barbara,083,443738,14634,13174,317,13491,144
2020-12-12,Santa Clara,085,1922200,53688,45892,193,46085,498
2020-12-12,Santa Cruz,087,273765,6916,5905,156,6061,54
2020-12-12,Shasta,089,179085,7175,6551,457,7008,54
2020-12-12,Sierra,091,2930,23,21,0,21,0
2020-12-12,Siskiyou,093,43540,884,762,70,832,2
2020-12-12,Solano,095,438530,14650,12748,144,12892,93
2020-12-12,Sonoma,097,501317,16025,14466,98,14564,166
2020-12-12,Stanislaus,099,539301,28849,26246,2313,28559,483
2020-12-12,Sutter,101,95872,5318,4717,29,4746,32
2020-12-12,Tehama,103,63373,2473,2252,157,2409,9
2020-12-12,Trinity,105,12862,306,204,31,235,1
2020-12-12,Tulare,107,460477,28010,25333,2686,28019,341
2020-12-12,Tuolumne,109,53932,1998,1536,7,1543,8
2020-12-12,Ventura,111,848112,29805,25955,1059,27014,202
2020-12-12,Yolo,113,214977,6914,6116,34,6150,95
2020-12-12,Yuba,115,75493,3041,2692,26,2718,10
2020-12-11,Alameda,001,1643700,41041,36281,631,36912,482
2020-12-11,Alpine,003,1148,66,63,0,63,0
2020-12-11,Amador,005,37829,1747,1213,8,1221,19
2020-12-11,Butte,007,227075,5797,4941,511,5452,73
2020-12-11,Calaveras,009,45235,794,697,0,697,21
2020-12-11,Colusa,011,21464,1059,923,33,956,7
2020-12-11,Contra Costa,013,1133247,32483,29036,300,29336,282
2020-12-11,Del Norte,015,27424,574,505,0,505,1
2020-12-11,El Dorado,017,186661,4591,3669,103,3772,9
2020-12-11,Fresno,019,978130,54888,43071,2934,46005,550
2020-12-11,Glenn,021,27897,1262,1135,133,1268,8
2020-12-11,Humboldt,023,135768,1358,1190,4,1194,9
2020-12-11,Imperial,025,180216,20353,18599,332,18931,377
2020-12-11,Inyo,027,18085,461,372,1,373,16
2020-12-11,Kern,029,883053,53648,47664,3172,50836,502
2020-12-11,Kings,031,150075,13988,13118,360,13478,94
2020-12-11,Lake,033,64148,1429,1205,0,1205,21
2020-12-11,Lassen,035,31185,3438,2790,22,2812,1
2020-12-11,Los Angeles,037,10098052,554393,493592,12222,505814,8198
2020-12-11,Madera,039,155013,8475,7648,274,7922,59
2020-12-11,Marin,041,260295,8643,8317,50,8367,141
2020-12-11,Mariposa,043,17540,187,164,2,166,3
2020-12-11,Mendocino,045,87422,1986,1769,20,1789,24
2020-12-11,Merced,047,269075,15465,14038,217,14255,186
2020-12-11,Modoc,049,8938,191,168,54,222,0
2020-12-11,Mono,051,14174,724,631,10,641,3
2020-12-11,Monterey,053,433212,21544,18421,433,18854,150
2020-12-11,Napa,055,140530,4624,4054,22,4076,22
2020-12-11,Nevada,057,99092,2241,1959,59,2018,10
2020-12-11,Orange,059,3164182,115845,98357,4036,102393,1656
2020-12-11,Placer,061,380077,11082,8904,331,9235,93
2020-12-11,Plumas,063,18699,365,286,9,295,0
2020-12-11,Riverside,065,2383286,133212,115329,4635,119964,1573
2020-12-11,Sacramento,067,1510023,52561,47468,321,47789,669
2020-12-11,San Benito,069,59416,2630,2319,21,2340,19
2020-12-11,San Bernardino,071,2135413,146751,123092,3690,126782,1313
2020-12-11,San Diego,073,3302833,116278,102468,4933,107401,1137
2020-12-11,San Francisco,075,870044,19599,18246,166,18412,165
2020-12-11,San Joaquin,077,732212,36268,32044,948,32992,534
2020-12-11,San Luis Obispo,079,281455,8373,7415,174,7589,49
2020-12-11,San Mateo,081,765935,20043,17240,33,17273,177
2020-12-11,Santa Barbara,083,443738,14492,12997,309,13306,144
2020-12-11,Santa Clara,085,1922200,52683,45101,183,45284,494
2020-12-11,Santa Cruz,087,273765,6803,5764,145,5909,50
2020-12-11,Shasta,089,179085,7130,6459,450,6909,54
2020-12-11,Sierra,091,2930,23,19,0,19,0
2020-12-11,Siskiyou,093,43540,877,753,67,820,2
2020-12-11,Solano,095,438530,14464,12554,140,12694,92
2020-12-11,Sonoma,097,501317,15859,14298,95,14393,166
2020-12-11,Stanislaus,099,539301,28582,25928,2269,28197,464
2020-12-11,Sutter,101,95872,5254,4600,28,4628,30
2020-12-11,Tehama,103,63373,2444,2232,153,2385,9
2020-12-11,Trinity,105,12862,304,204,30,234,1
2020-12-11,Tulare,107,460477,27654,24953,2636,27589,338
2020-12-11,Tuolumne,109,53932,1983,1510,7,1517,8
2020-12-11,Ventura,111,848112,29200,24999,1036,26035,202
2020-12-11,Yolo,113,214977,6809,6006,32,6038,95
2020-12-11,Yuba,115,75493,2980,2649,25,2674,10
2020-12-10,Alameda,001,1643700,40271,35686,609,36295,477
2020-12-10,Alpine,003,1148,66,63,0,63,0
2020-12-10,Amador,005,37829,1690,1191,8,1199,18
2020-12-10,Butte,007,227075,5681,4863,484,5347,72
2020-12-10,Calaveras,009,45235,776,684,0,684,21
2020-12-10,Colusa,011,21464,1036,909,28,937,7
2020-12-10,Contra Costa,013,1133247,31802,28413,294,28707,276
2020-12-10,Del Norte,015,27424,565,501,0,501,1
2020-12-10,El Dorado,017,186661,4473,3557,98,3655,9
2020-12-10,Fresno,019,978130,53911,42461,2787,45248,540
2020-12-10,Glenn,021,27897,1242,1126,124,1250,8
2020-12-10,Humboldt,023,135768,1338,1140,4,1144,9
2020-12-10,Imperial,025,180216,20138,18333,252,18585,370
2020-12-10,Inyo,027,18085,440,365,1,366,15
2020-12-10,Kern,029,883053,52668,47176,3002,50178,499
2020-12-10,Kings,031,150075,13836,12993,354,13347,92
2020-12-10,Lake,033,64148,1388,1167,0,1167,21
2020-12-10,Lassen,035,31185,3416,2764,18,2782,0
2020-12-10,Los Angeles,037,10098052,540470,480354,11668,492022,8149
2020-12-10,Madera,039,155013,8370,7445,259,7704,59
2020-12-10,Marin,041,260295,8597,8245,49,8294,140
2020-12-10,Mariposa,043,17540,186,160,2,162,3
2020-12-10,Mendocino,045,87422,1960,1748,17,1765,24
2020-12-10,Merced,047,269075,15219,13756,214,13970,186
2020-12-10,Modoc,049,8938,186,165,52,217,0
2020-12-10,Mono,051,14174,719,601,10,611,3
2020-12-10,Monterey,053,433212,21064,18266,423,18689,145
2020-12-10,Napa,055,140530,4538,3974,21,3995,22
2020-12-10,Nevada,057,99092,2204,1919,59,1978,10
2020-12-10,Orange,059,3164182,112752,95297,3863,99160,1651
2020-12-10,Placer,061,380077,10830,8906,312,9218,90
2020-12-10,Plumas,063,18699,354,281,9,290,0
2020-12-10,Riverside,065,2383286,129538,112794,4356,117150,1552
2020-12-10,Sacramento,067,1510023,51663,46471,300,46771,664
2020-12-10,San Benito,069,59416,2571,2268,20,2288,19
2020-12-10,San Bernardino,071,2135413,142544,120186,3501,123687,1306
2020-12-10,San Diego,073,3302833,113754,99601,4784,104385,1114
2020-12-10,San Francisco,075,870044,19285,17945,158,18103,164
2020-12-10,San Joaquin,077,732212,35636,31228,917,32145,534
2020-12-10,San Luis Obispo,079,281455,8210,7245,163,7408,49
2020-12-10,San Mateo,081,765935,19598,16701,23,16724,177
2020-12-10,Santa Barbara,083,443738,14316,12788,299,13087,143
2020-12-10,Santa Clara,085,1922200,51548,43939,167,44106,491
2020-12-10,Santa Cruz,087,273765,6635,5645,131,5776,48
2020-12-10,Shasta,089,179085,7062,6312,424,6736,53
2020-12-10,Sierra,091,2930,23,18,0,18,0
2020-12-10,Siskiyou,093,43540,867,712,66,778,2
2020-12-10,Solano,095,438530,14097,12017,134,12151,90
2020-12-10,Sonoma,097,501317,15604,14282,94,14376,167
2020-12-10,Stanislaus,099,539301,28117,25582,2198,27780,464
2020-12-10,Sutter,101,95872,5123,4528,26,4554,27
2020-12-10,Tehama,103,63373,2396,2190,143,2333,9
2020-12-10,Trinity,105,12862,301,202,29,231,1
2020-12-10,Tulare,107,460477,27206,24506,2569,27075,337
2020-12-10,Tuolumne,109,53932,1724,1451,7,1458,8
2020-12-10,Ventura,111,848112,28348,24075,992,25067,202
2020-12-10,Yolo,113,214977,6689,5896,31,5927,95
2020-12-10,Yuba,115,75493,2916,2604,24,2628,10
2020-12-09,Alameda,001,1643700,39427,35047,587,35634,470
2020-12-09,Alpine,003,1148,66,58,0,58,0
2020-12-09,Amador,005,37829,1647,1121,8,1129,19
2020-12-09,Butte,007,227075,5540,4733,461,5194,70
2020-12-09,Calaveras,009,45235,749,670,0,670,21
2020-12-09,Colusa,011,21464,1021,896,27,923,7
2020-12-09,Contra Costa,013,1133247,31098,28308,282,28590,273
2020-12-09,Del Norte,015,27424,551,481,0,481,2
2020-12-09,El Dorado,017,186661,4338,3449,90,3539,8
2020-12-09,Fresno,019,978130,52915,41954,2628,44582,533
2020-12-09,Glenn,021,27897,1228,1107,118,1225,8
2020-12-09,Humboldt,023,135768,1306,1086,4,1090,10
2020-12-09,Imperial,025,180216,19883,17757,215,17972,368
2020-12-09,Inyo,027,18085,427,356,1,357,15
2020-12-09,Kern,029,883053,51512,46379,2855,49234,494
2020-12-09,Kings,031,150075,13691,12716,345,13061,92
2020-12-09,Lake,033,64148,1361,1158,0,1158,20
2020-12-09,Lassen,035,31185,3347,2331,16,2347,0
2020-12-09,Los Angeles,037,10098052,527029,467971,11094,479065,8075
2020-12-09,Madera,039,155013,8258,7216,254,7470,59
2020-12-09,Marin,041,260295,8538,8182,48,8230,138
2020-12-09,Mariposa,043,17540,184,154,2,156,3
2020-12-09,Mendocino,045,87422,1934,1703,16,1719,24
2020-12-09,Merced,047,269075,14981,13588,206,13794,183
2020-12-09,Modoc,049,8938,181,146,43,189,0
2020-12-09,Mono,051,14174,707,601,10,611,3
2020-12-09,Monterey,053,433212,20669,17891,414,18305,143
2020-12-09,Napa,055,140530,4453,3858,20,3878,21
2020-12-09,Nevada,057,99092,2151,1864,59,1923,10
2020-12-09,Orange,059,3164182,109667,93763,3689,97452,1629
2020-12-09,Placer,061,380077,10569,8588,298,8886,85
2020-12-09,Plumas,063,18699,346,271,9,280,0
2020-12-09,Riverside,065,2383286,125854,110376,4144,114520,1543
2020-12-09,Sacramento,067,1510023,50602,45284,273,45557,659
2020-12-09,San Benito,069,59416,2492,2217,17,2234,19
2020-12-09,San Bernardino,071,2135413,138282,114516,3293,117809,1305
2020-12-09,San Diego,073,3302833,110777,97551,4646,102197,1103
2020-12-09,San Francisco,075,870044,18984,17628,157,17785,163
2020-12-09,San Joaquin,077,732212,34814,30539,892,31431,531
2020-12-09,San Luis Obispo,079,281455,7991,7105,155,7260,47
2020-12-09,San Mateo,081,765935,19147,16422,22,16444,175
2020-12-09,Santa Barbara,083,443738,14115,12630,290,12920,142
2020-12-09,Santa Clara,085,1922200,50404,42912,151,43063,489
2020-12-09,Santa Cruz,087,273765,6478,5527,115,5642,47
2020-12-09,Shasta,089,179085,6997,6105,410,6515,52
2020-12-09,Sierra,091,2930,23,18,0,18,0
2020-12-09,Siskiyou,093,43540,856,713,65,778,2
2020-12-09,Solano,095,438530,13751,11862,125,11987,90
2020-12-09,Sonoma,097,501317,15348,13994,91,14085,164
2020-12-09,Stanislaus,099,539301,27618,25157,2136,27293,463
2020-12-09,Sutter,101,95872,5010,4418,22,4440,24
2020-12-09,Tehama,103,63373,2361,2102,139,2241,9
2020-12-09,Trinity,105,12862,293,199,28,227,0
2020-12-09,Tulare,107,460477,26610,24124,2486,26610,334
2020-12-09,Tuolumne,109,53932,1683,1319,7,1326,8
2020-12-09,Ventura,111,848112,27488,23830,948,24778,201
2020-12-09,Yolo,113,214977,6563,5760,29,5789,95
2020-12-09,Yuba,115,75493,2848,2513,23,2536,10
2020-12-08,Alameda,001,1643700,38531,34373,570,34943,469
2020-12-08,Alpine,003,1148,65,53,0,53,0
2020-12-08,Amador,005,37829,1361,1043,8,1051,17
2020-12-08,Butte,007,227075,5384,4651,417,5068,70
2020-12-08,Calaveras,009,45235,724,657,0,657,21
2020-12-08,Colusa,011,21464,1004,875,26,901,6
2020-12-08,Contra Costa,013,1133247,30396,27926,265,28191,270
2020-12-08,Del Norte,015,27424,536,465,0,465,2
2020-12-08,El Dorado,017,186661,4214,3296,77,3373,8
2020-12-08,Fresno,019,978130,51661,41574,2459,44033,529
2020-12-08,Glenn,021,27897,1208,1094,110,1204,8
2020-12-08,Humboldt,023,135768,1280,1059,4,1063,10
2020-12-08,Imperial,025,180216,19367,17568,206,17774,363
2020-12-08,Inyo,027,18085,404,333,1,334,15
2020-12-08,Kern,029,883053,50221,45116,2696,47812,487
2020-12-08,Kings,031,150075,13538,12623,335,12958,90
2020-12-08,Lake,033,64148,1320,1127,0,1127,20
2020-12-08,Lassen,035,31185,3191,2165,16,2181,0
2020-12-08,Los Angeles,037,10098052,514377,459738,10592,470330,8004
2020-12-08,Madera,039,155013,8126,7082,240,7322,59
2020-12-08,Marin,041,260295,8458,8099,47,8146,137
2020-12-08,Mariposa,043,17540,180,150,2,152,2
2020-12-08,Mendocino,045,87422,1892,1666,16,1682,23
2020-12-08,Merced,047,269075,14673,13380,205,13585,181
2020-12-08,Modoc,049,8938,173,138,40,178,0
2020-12-08,Mono,051,14174,693,597,10,607,3
2020-12-08,Monterey,053,433212,20102,17752,407,18159,134
2020-12-08,Napa,055,140530,4365,3778,19,3797,22
2020-12-08,Nevada,057,99092,2097,1809,56,1865,11
2020-12-08,Orange,059,3164182,106459,91406,3515,94921,1629
2020-12-08,Placer,061,380077,10302,8224,292,8516,82
2020-12-08,Plumas,063,18699,336,258,9,267,0
2020-12-08,Riverside,065,2383286,122512,107620,3955,111575,1514
2020-12-08,Sacramento,067,1510023,49541,44635,255,44890,649
2020-12-08,San Benito,069,59416,2437,2180,17,2197,18
2020-12-08,San Bernardino,071,2135413,133942,110676,3162,113838,1301
2020-12-08,San Diego,073,3302833,107408,95447,4489,99936,1088
2020-12-08,San Francisco,075,870044,18675,17384,153,17537,162
2020-12-08,San Joaquin,077,732212,33922,30225,859,31084,530
2020-12-08,San Luis Obispo,079,281455,7862,6903,144,7047,45
2020-12-08,San Mateo,081,765935,18747,16305,22,16327,175
2020-12-08,Santa Barbara,083,443738,13931,12516,280,12796,141
2020-12-08,Santa Clara,085,1922200,49097,41309,140,41449,484
2020-12-08,Santa Cruz,087,273765,6302,5374,111,5485,45
2020-12-08,Shasta,089,179085,6888,5946,402,6348,50
2020-12-08,Sierra,091,2930,22,18,0,18,0
2020-12-08,Siskiyou,093,43540,842,704,63,767,2
2020-12-08,Solano,095,438530,13348,11669,123,11792,89
2020-12-08,Sonoma,097,501317,15089,13601,90,13691,164
2020-12-08,Stanislaus,099,539301,27133,24793,2071,26864,461
2020-12-08,Sutter,101,95872,4912,4342,21,4363,24
2020-12-08,Tehama,103,63373,2278,2057,131,2188,9
2020-12-08,Trinity,105,12862,286,198,27,225,0
2020-12-08,Tulare,107,460477,26014,23607,2420,26027,330
2020-12-08,Tuolumne,109,53932,1654,1264,7,1271,7
2020-12-08,Ventura,111,848112,26827,23665,904,24569,195
2020-12-08,Yolo,113,214977,6431,5560,29,5589,90
2020-12-08,Yuba,115,75493,2772,2477,23,2500,10
2020-12-07,Alameda,001,1643700,37669,33887,534,34421,466
2020-12-07,Alpine,003,1148,64,53,0,53,0
2020-12-07,Amador,005,37829,1286,993,7,1000,17
2020-12-07,Butte,007,227075,5248,4604,394,4998,67
2020-12-07,Calaveras,009,45235,692,606,0,606,21
2020-12-07,Colusa,011,21464,979,825,24,849,6
2020-12-07,Contra Costa,013,1133247,29782,27307,252,27559,270
2020-12-07,Del Norte,015,27424,524,424,0,424,2
2020-12-07,El Dorado,017,186661,4034,3275,70,3345,8
2020-12-07,Fresno,019,978130,50194,41098,2332,43430,526
2020-12-07,Glenn,021,27897,1189,1085,104,1189,8
2020-12-07,Humboldt,023,135768,1245,1023,4,1027,9
2020-12-07,Imperial,025,180216,18945,17234,194,17428,364
2020-12-07,Inyo,027,18085,389,333,1,334,15
2020-12-07,Kern,029,883053,49201,44409,2551,46960,486
2020-12-07,Kings,031,150075,13398,12412,322,12734,90
2020-12-07,Lake,033,64148,1291,1090,0,1090,20
2020-12-07,Lassen,035,31185,3094,2167,16,2183,0
2020-12-07,Los Angeles,037,10098052,500747,451052,10125,461177,7937
2020-12-07,Madera,039,155013,7862,6935,234,7169,59
2020-12-07,Marin,041,260295,8401,8049,46,8095,136
2020-12-07,Mariposa,043,17540,177,146,2,148,2
2020-12-07,Mendocino,045,87422,1857,1638,14,1652,23
2020-12-07,Merced,047,269075,14313,13250,195,13445,179
2020-12-07,Modoc,049,8938,166,128,37,165,0
2020-12-07,Mono,051,14174,680,590,10,600,3
2020-12-07,Monterey,053,433212,19621,17746,395,18141,132
2020-12-07,Napa,055,140530,4274,3684,19,3703,21
2020-12-07,Nevada,057,99092,2048,1777,55,1832,11
2020-12-07,Orange,059,3164182,103200,89793,3397,93190,1628
2020-12-07,Placer,061,380077,9975,7911,278,8189,82
2020-12-07,Plumas,063,18699,325,256,5,261,0
2020-12-07,Riverside,065,2383286,119325,102363,3762,106125,1491
2020-12-07,Sacramento,067,1510023,48445,43419,237,43656,638
2020-12-07,San Benito,069,59416,2386,2165,16,2181,18
2020-12-07,San Bernardino,071,2135413,130005,108161,3033,111194,1295
2020-12-07,San Diego,073,3302833,104620,94171,4308,98479,1062
2020-12-07,San Francisco,075,870044,18384,17220,145,17365,161
2020-12-07,San Joaquin,077,732212,33047,28188,832,29020,530
2020-12-07,San Luis Obispo,079,281455,7680,6782,137,6919,45
2020-12-07,San Mateo,081,765935,18306,16029,21,16050,175
2020-12-07,Santa Barbara,083,443738,13689,12362,269,12631,141
2020-12-07,Santa Clara,085,1922200,47714,40621,130,40751,484
2020-12-07,Santa Cruz,087,273765,6136,5152,104,5256,41
2020-12-07,Shasta,089,179085,6764,5742,387,6129,50
2020-12-07,Sierra,091,2930,20,18,0,18,0
2020-12-07,Siskiyou,093,43540,816,652,62,714,2
2020-12-07,Solano,095,438530,13009,11354,119,11473,89
2020-12-07,Sonoma,097,501317,14804,13376,90,13466,164
2020-12-07,Stanislaus,099,539301,26579,24479,2017,26496,454
2020-12-07,Sutter,101,95872,4771,4106,21,4127,24
2020-12-07,Tehama,103,63373,2226,2030,125,2155,9
2020-12-07,Trinity,105,12862,283,194,27,221,0
2020-12-07,Tulare,107,460477,25492,22760,2358,25118,328
2020-12-07,Tuolumne,109,53932,1571,1256,6,1262,7
2020-12-07,Ventura,111,848112,26243,23354,867,24221,191
2020-12-07,Yolo,113,214977,6267,5537,28,5565,90
2020-12-07,Yuba,115,75493,2703,2428,21,2449,10
2020-12-06,Alameda,001,1643700,36695,33477,511,33988,465
2020-12-06,Alpine,003,1148,60,53,0,53,0
2020-12-06,Amador,005,37829,1223,952,6,958,17
2020-12-06,Butte,007,227075,5098,4527,358,4885,67
2020-12-06,Calaveras,009,45235,673,606,0,606,21
2020-12-06,Colusa,011,21464,962,824,21,845,6
2020-12-06,Contra Costa,013,1133247,29176,26566,244,26810,270
2020-12-06,Del Norte,015,27424,487,414,0,414,2
2020-12-06,El Dorado,017,186661,3897,3086,65,3151,8
2020-12-06,Fresno,019,978130,49247,40869,2213,43082,526
2020-12-06,Glenn,021,27897,1179,1067,100,1167,8
2020-12-06,Humboldt,023,135768,1220,1004,4,1008,9
2020-12-06,Imperial,025,180216,18635,16922,184,17106,364
2020-12-06,Inyo,027,18085,376,333,1,334,15
2020-12-06,Kern,029,883053,48217,43899,2373,46272,486
2020-12-06,Kings,031,150075,13129,12056,304,12360,90
2020-12-06,Lake,033,64148,1252,1075,0,1075,20
2020-12-06,Lassen,035,31185,2990,2168,14,2182,0
2020-12-06,Los Angeles,037,10098052,487198,443230,9652,452882,7910
2020-12-06,Madera,039,155013,7691,6826,226,7052,59
2020-12-06,Marin,041,260295,8321,8013,44,8057,136
2020-12-06,Mariposa,043,17540,176,144,2,146,2
2020-12-06,Mendocino,045,87422,1816,1614,14,1628,23
2020-12-06,Merced,047,269075,13978,12928,186,13114,179
2020-12-06,Modoc,049,8938,153,125,29,154,0
2020-12-06,Mono,051,14174,658,586,8,594,3
2020-12-06,Monterey,053,433212,19003,17426,385,17811,130
2020-12-06,Napa,055,140530,4162,3644,19,3663,21
2020-12-06,Nevada,057,99092,1989,1710,52,1762,10
2020-12-06,Orange,059,3164182,100141,87737,3262,90999,1627
2020-12-06,Placer,061,380077,9696,7837,256,8093,82
2020-12-06,Plumas,063,18699,312,254,4,258,0
2020-12-06,Riverside,065,2383286,116250,100088,3527,103615,1482
2020-12-06,Sacramento,067,1510023,47205,42808,222,43030,638
2020-12-06,San Benito,069,59416,2349,2135,16,2151,18
2020-12-06,San Bernardino,071,2135413,125873,106927,2869,109796,1286
2020-12-06,San Diego,073,3302833,101590,92173,4154,96327,1062
2020-12-06,San Francisco,075,870044,18062,17107,137,17244,161
2020-12-06,San Joaquin,077,732212,32215,28188,803,28991,530
2020-12-06,San Luis Obispo,079,281455,7514,6723,133,6856,45
2020-12-06,San Mateo,081,765935,17801,15855,18,15873,175
2020-12-06,Santa Barbara,083,443738,13459,12252,261,12513,141
2020-12-06,Santa Clara,085,1922200,46340,39112,124,39236,482
2020-12-06,Santa Cruz,087,273765,5963,5069,98,5167,40
2020-12-06,Shasta,089,179085,6623,5743,365,6108,49
2020-12-06,Sierra,091,2930,20,17,0,17,0
2020-12-06,Siskiyou,093,43540,798,652,60,712,2
2020-12-06,Solano,095,438530,12721,11354,109,11463,88
2020-12-06,Sonoma,097,501317,14515,13238,89,13327,164
2020-12-06,Stanislaus,099,539301,26027,24036,1952,25988,454
2020-12-06,Sutter,101,95872,4657,4009,20,4029,21
2020-12-06,Tehama,103,63373,2170,1982,115,2097,9
2020-12-06,Trinity,105,12862,276,181,25,206,0
2020-12-06,Tulare,107,460477,24975,22756,2286,25042,327
2020-12-06,Tuolumne,109,53932,1474,1210,6,1216,7
2020-12-06,Ventura,111,848112,25700,23035,840,23875,191
2020-12-06,Yolo,113,214977,6107,5465,23,5488,90
2020-12-06,Yuba,115,75493,2659,2340,20,2360,10
2020-12-05,Alameda,001,1643700,36337,32781,500,33281,465
2020-12-05,Alpine,003,1148,59,53,0,53,0
2020-12-05,Amador,005,37829,1199,847,6,853,17
2020-12-05,Butte,007,227075,5029,4455,339,4794,66
2020-12-05,Calaveras,009,45235,662,606,0,606,21
2020-12-05,Colusa,011,21464,945,825,18,843,6
2020-12-05,Contra Costa,013,1133247,28883,26217,237,26454,270
2020-12-05,Del Norte,015,27424,481,408,0,408,2
2020-12-05,El Dorado,017,186661,3832,3061,60,3121,8
2020-12-05,Fresno,019,978130,48927,40568,2157,42725,525
2020-12-05,Glenn,021,27897,1166,1056,94,1150,8
2020-12-05,Humboldt,023,135768,1187,979,4,983,9
2020-12-05,Imperial,025,180216,18470,16544,182,16726,362
2020-12-05,Inyo,027,18085,371,332,1,333,15
2020-12-05,Kern,029,883053,47758,43332,2282,45614,484
2020-12-05,Kings,031,150075,13050,11898,301,12199,90
2020-12-05,Lake,033,64148,1227,1069,0,1069,20
2020-12-05,Lassen,035,31185,2799,2168,12,2180,0
2020-12-05,Los Angeles,037,10098052,481424,433120,9310,442430,7888
2020-12-05,Madera,039,155013,7602,6619,219,6838,59
2020-12-05,Marin,041,260295,8294,7961,44,8005,136
2020-12-05,Mariposa,043,17540,171,143,2,145,2
2020-12-05,Mendocino,045,87422,1777,1585,14,1599,23
2020-12-05,Merced,047,269075,13873,12747,175,12922,180
2020-12-05,Modoc,049,8938,153,118,28,146,0
2020-12-05,Mono,051,14174,653,554,8,562,3
2020-12-05,Monterey,053,433212,18857,17077,381,17458,127
2020-12-05,Napa,055,140530,4092,3565,19,3584,21
2020-12-05,Nevada,057,99092,1975,1642,50,1692,10
2020-12-05,Orange,059,3164182,98684,85735,3166,88901,1612
2020-12-05,Placer,061,380077,9577,7811,247,8058,78
2020-12-05,Plumas,063,18699,305,246,1,247,0
2020-12-05,Riverside,065,2383286,114651,98612,3338,101950,1477
2020-12-05,Sacramento,067,1510023,46537,41878,207,42085,625
2020-12-05,San Benito,069,59416,2308,2073,16,2089,18
2020-12-05,San Bernardino,071,2135413,124357,105382,2731,108113,1283
2020-12-05,San Diego,073,3302833,100241,90470,4073,94543,1055
2020-12-05,San Francisco,075,870044,17878,16786,133,16919,161
2020-12-05,San Joaquin,077,732212,31953,28105,768,28873,523
2020-12-05,San Luis Obispo,079,281455,7447,6623,130,6753,44
2020-12-05,San Mateo,081,765935,17543,15512,18,15530,175
2020-12-05,Santa Barbara,083,443738,13359,12107,255,12362,141
2020-12-05,Santa Clara,085,1922200,45605,38339,119,38458,474
2020-12-05,Santa Cruz,087,273765,5889,4997,96,5093,40
2020-12-05,Shasta,089,179085,6562,5653,354,6007,49
2020-12-05,Sierra,091,2930,20,17,0,17,0
2020-12-05,Siskiyou,093,43540,790,649,59,708,2
2020-12-05,Solano,095,438530,12552,11351,107,11458,87
2020-12-05,Sonoma,097,501317,14419,13137,89,13226,164
2020-12-05,Stanislaus,099,539301,25721,23662,1916,25578,454
2020-12-05,Sutter,101,95872,4590,3937,20,3957,20
2020-12-05,Tehama,103,63373,2156,1926,113,2039,9
2020-12-05,Trinity,105,12862,275,177,25,202,0
2020-12-05,Tulare,107,460477,24765,22660,2224,24884,324
2020-12-05,Tuolumne,109,53932,1418,1180,6,1186,7
2020-12-05,Ventura,111,848112,25332,22710,824,23534,191
2020-12-05,Yolo,113,214977,6030,5351,22,5373,90
2020-12-05,Yuba,115,75493,2623,2275,20,2295,10
2020-12-04,Alameda,001,1643700,35787,31871,487,32358,465
2020-12-04,Alpine,003,1148,59,53,0,53,0
2020-12-04,Amador,005,37829,1185,766,3,769,16
2020-12-04,Butte,007,227075,4958,4336,317,4653,65
2020-12-04,Calaveras,009,45235,657,585,0,585,21
2020-12-04,Colusa,011,21464,931,790,17,807,6
2020-12-04,Contra Costa,013,1133247,28540,25705,225,25930,264
2020-12-04,Del Norte,015,27424,470,401,0,401,2
2020-12-04,El Dorado,017,186661,3744,2933,57,2990,7
2020-12-04,Fresno,019,978130,48219,40108,2088,42196,522
2020-12-04,Glenn,021,27897,1160,1017,86,1103,8
2020-12-04,Humboldt,023,135768,1169,960,4,964,9
2020-12-04,Imperial,025,180216,18227,16484,182,16666,362
2020-12-04,Inyo,027,18085,363,324,1,325,15
2020-12-04,Kern,029,883053,47210,42497,2176,44673,485
2020-12-04,Kings,031,150075,12957,11767,295,12062,88
2020-12-04,Lake,033,64148,1199,1018,0,1018,20
2020-12-04,Lassen,035,31185,2792,2167,10,2177,0
2020-12-04,Los Angeles,037,10098052,472828,424164,8998,433162,7845
2020-12-04,Madera,039,155013,7512,6479,216,6695,58
2020-12-04,Marin,041,260295,8243,7896,42,7938,136
2020-12-04,Mariposa,043,17540,171,136,2,138,2
2020-12-04,Mendocino,045,87422,1758,1563,13,1576,23
2020-12-04,Merced,047,269075,13758,12474,167,12641,177
2020-12-04,Modoc,049,8938,153,115,28,143,0
2020-12-04,Mono,051,14174,648,549,8,557,3
2020-12-04,Monterey,053,433212,18652,16737,372,17109,127
2020-12-04,Napa,055,140530,4039,3432,19,3451,19
2020-12-04,Nevada,057,99092,1950,1560,47,1607,10
2020-12-04,Orange,059,3164182,96766,83738,3097,86835,1597
2020-12-04,Placer,061,380077,9450,7461,233,7694,76
2020-12-04,Plumas,063,18699,298,232,0,232,0
2020-12-04,Riverside,065,2383286,112460,95255,3175,98430,1475
2020-12-04,Sacramento,067,1510023,45772,41061,190,41251,618
2020-12-04,San Benito,069,59416,2280,2006,16,2022,17
2020-12-04,San Bernardino,071,2135413,122089,102418,2619,105037,1290
2020-12-04,San Diego,073,3302833,98759,88183,3986,92169,1047
2020-12-04,San Francisco,075,870044,17689,16499,132,16631,161
2020-12-04,San Joaquin,077,732212,31517,27806,730,28536,522
2020-12-04,San Luis Obispo,079,281455,7362,6473,127,6600,42
2020-12-04,San Mateo,081,765935,17255,15112,17,15129,173
2020-12-04,Santa Barbara,083,443738,13253,11947,247,12194,141
2020-12-04,Santa Clara,085,1922200,44687,37465,113,37578,468
2020-12-04,Santa Cruz,087,273765,5803,4985,94,5079,32
2020-12-04,Shasta,089,179085,6474,5439,344,5783,49
2020-12-04,Sierra,091,2930,19,17,0,17,0
2020-12-04,Siskiyou,093,43540,783,639,56,695,2
2020-12-04,Solano,095,438530,12406,11037,104,11141,87
2020-12-04,Sonoma,097,501317,14271,12962,88,13050,164
2020-12-04,Stanislaus,099,539301,25455,23206,1870,25076,448
2020-12-04,Sutter,101,95872,4518,3791,15,3806,20
2020-12-04,Tehama,103,63373,2117,1876,107,1983,9
2020-12-04,Trinity,105,12862,273,172,25,197,0
2020-12-04,Tulare,107,460477,24484,22273,2149,24422,322
2020-12-04,Tuolumne,109,53932,1387,1134,6,1140,7
2020-12-04,Ventura,111,848112,24956,22024,806,22830,189
2020-12-04,Yolo,113,214977,5956,5294,21,5315,87
2020-12-04,Yuba,115,75493,2580,2225,19,2244,10
2020-12-03,Alameda,001,1643700,35028,31184,468,31652,465
2020-12-03,Alpine,003,1148,58,53,0,53,0
2020-12-03,Amador,005,37829,1134,653,3,656,16
2020-12-03,Butte,007,227075,4864,4305,296,4601,65
2020-12-03,Calaveras,009,45235,638,572,0,572,21
2020-12-03,Colusa,011,21464,918,774,17,791,6
2020-12-03,Contra Costa,013,1133247,28041,25464,217,25681,265
2020-12-03,Del Norte,015,27424,466,388,0,388,2
2020-12-03,El Dorado,017,186661,3618,2740,55,2795,6
2020-12-03,Fresno,019,978130,47472,39680,2013,41693,516
2020-12-03,Glenn,021,27897,1143,997,77,1074,8
2020-12-03,Humboldt,023,135768,1139,923,4,927,9
2020-12-03,Imperial,025,180216,18022,16436,171,16607,359
2020-12-03,Inyo,027,18085,360,321,1,322,15
2020-12-03,Kern,029,883053,46367,42062,2071,44133,483
2020-12-03,Kings,031,150075,12857,11658,283,11941,87
2020-12-03,Lake,033,64148,1185,991,0,991,20
2020-12-03,Lassen,035,31185,2752,2128,9,2137,0
2020-12-03,Los Angeles,037,10098052,462753,415805,8615,424420,7787
2020-12-03,Madera,039,155013,7391,6398,212,6610,58
2020-12-03,Marin,041,260295,8183,7861,38,7899,136
2020-12-03,Mariposa,043,17540,167,132,2,134,2
2020-12-03,Mendocino,045,87422,1742,1547,9,1556,23
2020-12-03,Merced,047,269075,13513,12310,159,12469,177
2020-12-03,Modoc,049,8938,151,114,28,142,0
2020-12-03,Mono,051,14174,626,527,8,535,3
2020-12-03,Monterey,053,433212,18190,16218,361,16579,125
2020-12-03,Napa,055,140530,3926,3360,19,3379,19
2020-12-03,Nevada,057,99092,1873,1472,46,1518,10
2020-12-03,Orange,059,3164182,94239,82187,3023,85210,1591
2020-12-03,Placer,061,380077,9250,7270,217,7487,73
2020-12-03,Plumas,063,18699,284,223,0,223,0
2020-12-03,Riverside,065,2383286,109713,92489,3001,95490,1461
2020-12-03,Sacramento,067,1510023,44717,40280,177,40457,614
2020-12-03,San Benito,069,59416,2235,1967,16,1983,16
2020-12-03,San Bernardino,071,2135413,118771,100787,2530,103317,1283
2020-12-03,San Diego,073,3302833,96951,86144,3868,90012,1040
2020-12-03,San Francisco,075,870044,17467,16236,131,16367,161
2020-12-03,San Joaquin,077,732212,30796,27239,682,27921,522
2020-12-03,San Luis Obispo,079,281455,7194,6388,126,6514,42
2020-12-03,San Mateo,081,765935,16904,14909,16,14925,173
2020-12-03,Santa Barbara,083,443738,13125,11829,241,12070,141
2020-12-03,Santa Clara,085,1922200,43491,36621,107,36728,465
2020-12-03,Santa Cruz,087,273765,5660,4850,90,4940,28
2020-12-03,Shasta,089,179085,6365,5330,337,5667,48
2020-12-03,Sierra,091,2930,19,17,0,17,0
2020-12-03,Siskiyou,093,43540,768,629,53,682,2
2020-12-03,Solano,095,438530,12195,10857,101,10958,87
2020-12-03,Sonoma,097,501317,14028,12772,87,12859,164
2020-12-03,Stanislaus,099,539301,25050,22821,1817,24638,447
2020-12-03,Sutter,101,95872,4435,3727,14,3741,20
2020-12-03,Tehama,103,63373,2066,1832,97,1929,9
2020-12-03,Trinity,105,12862,271,166,25,191,0
2020-12-03,Tulare,107,460477,24088,21993,2053,24046,321
2020-12-03,Tuolumne,109,53932,1346,1105,6,1111,7
2020-12-03,Ventura,111,848112,24253,21555,791,22346,187
2020-12-03,Yolo,113,214977,5818,5069,21,5090,87
2020-12-03,Yuba,115,75493,2511,2182,17,2199,10
2020-12-02,Alameda,001,1643700,34405,30697,456,31153,463
2020-12-02,Alpine,003,1148,57,52,0,52,0
2020-12-02,Amador,005,37829,1062,585,3,588,16
2020-12-02,Butte,007,227075,4742,4243,286,4529,65
2020-12-02,Calaveras,009,45235,622,553,0,553,21
2020-12-02,Colusa,011,21464,902,756,16,772,6
2020-12-02,Contra Costa,013,1133247,27582,25147,204,25351,264
2020-12-02,Del Norte,015,27424,452,384,0,384,2
2020-12-02,El Dorado,017,186661,3518,2638,49,2687,5
2020-12-02,Fresno,019,978130,46727,39324,1903,41227,507
2020-12-02,Glenn,021,27897,1126,995,69,1064,7
2020-12-02,Humboldt,023,135768,1113,899,4,903,9
2020-12-02,Imperial,025,180216,17597,16360,162,16522,356
2020-12-02,Inyo,027,18085,353,314,1,315,15
2020-12-02,Kern,029,883053,45477,41660,1966,43626,479
2020-12-02,Kings,031,150075,12504,11531,269,11800,86
2020-12-02,Lake,033,64148,1156,971,0,971,20
2020-12-02,Lassen,035,31185,2693,2115,9,2124,0
2020-12-02,Los Angeles,037,10098052,452729,408289,8257,416546,7739
2020-12-02,Madera,039,155013,7268,6370,204,6574,57
2020-12-02,Marin,041,260295,8136,7819,36,7855,136
2020-12-02,Mariposa,043,17540,164,131,2,133,2
2020-12-02,Mendocino,045,87422,1709,1524,9,1533,23
2020-12-02,Merced,047,269075,13271,12168,152,12320,173
2020-12-02,Modoc,049,8938,148,113,28,141,0
2020-12-02,Mono,051,14174,617,520,8,528,3
2020-12-02,Monterey,053,433212,17713,16064,322,16386,121
2020-12-02,Napa,055,140530,3823,3298,18,3316,19
2020-12-02,Nevada,057,99092,1811,1430,45,1475,9
2020-12-02,Orange,059,3164182,92047,81046,2942,83988,1569
2020-12-02,Placer,061,380077,9018,6941,202,7143,73
2020-12-02,Plumas,063,18699,271,218,0,218,0
2020-12-02,Riverside,065,2383286,106998,90089,2812,92901,1451
2020-12-02,Sacramento,067,1510023,43685,39334,166,39500,597
2020-12-02,San Benito,069,59416,2171,1921,16,1937,16
2020-12-02,San Bernardino,071,2135413,115218,98567,2412,100979,1240
2020-12-02,San Diego,073,3302833,95037,84640,3754,88394,1035
2020-12-02,San Francisco,075,870044,17229,16058,129,16187,157
2020-12-02,San Joaquin,077,732212,30175,26740,657,27397,519
2020-12-02,San Luis Obispo,079,281455,7096,6324,123,6447,42
2020-12-02,San Mateo,081,765935,16541,14757,15,14772,170
2020-12-02,Santa Barbara,083,443738,12973,11705,228,11933,140
2020-12-02,Santa Clara,085,1922200,42377,35878,106,35984,458
2020-12-02,Santa Cruz,087,273765,5528,4766,87,4853,27
2020-12-02,Shasta,089,179085,6241,5188,320,5508,47
2020-12-02,Sierra,091,2930,19,17,0,17,0
2020-12-02,Siskiyou,093,43540,752,624,51,675,1
2020-12-02,Solano,095,438530,11950,10701,96,10797,87
2020-12-02,Sonoma,097,501317,13788,12635,86,12721,163
2020-12-02,Stanislaus,099,539301,24555,22615,1757,24372,448
2020-12-02,Sutter,101,95872,4274,3604,14,3618,18
2020-12-02,Tehama,103,63373,2023,1800,82,1882,9
2020-12-02,Trinity,105,12862,264,165,25,190,0
2020-12-02,Tulare,107,460477,23712,21789,1967,23756,321
2020-12-02,Tuolumne,109,53932,1306,1076,6,1082,7
2020-12-02,Ventura,111,848112,23844,21208,773,21981,186
2020-12-02,Yolo,113,214977,5707,5053,20,5073,87
2020-12-02,Yuba,115,75493,2434,2119,16,2135,10
2020-12-01,Alameda,001,1643700,33719,30252,444,30696,460
2020-12-01,Alpine,003,1148,57,41,0,41,0
2020-12-01,Amador,005,37829,915,575,2,577,16
2020-12-01,Butte,007,227075,4638,4177,270,4447,65
2020-12-01,Calaveras,009,45235,604,544,0,544,21
2020-12-01,Colusa,011,21464,885,747,16,763,6
2020-12-01,Contra Costa,013,1133247,27009,24788,196,24984,264
2020-12-01,Del Norte,015,27424,424,357,0,357,2
2020-12-01,El Dorado,017,186661,3373,2542,44,2586,4
2020-12-01,Fresno,019,978130,45829,39004,1819,40823,505
2020-12-01,Glenn,021,27897,1105,989,65,1054,7
2020-12-01,Humboldt,023,135768,1082,886,4,890,9
2020-12-01,Imperial,025,180216,17284,16278,159,16437,356
2020-12-01,Inyo,027,18085,346,304,1,305,15
2020-12-01,Kern,029,883053,44678,41345,1831,43176,478
2020-12-01,Kings,031,150075,12191,11415,253,11668,86
2020-12-01,Lake,033,64148,1138,969,0,969,19
2020-12-01,Lassen,035,31185,2527,2047,8,2055,0
2020-12-01,Los Angeles,037,10098052,442389,403266,7914,411180,7704
2020-12-01,Madera,039,155013,7152,6270,195,6465,57
2020-12-01,Marin,041,260295,8066,7787,35,7822,136
2020-12-01,Mariposa,043,17540,159,128,2,130,2
2020-12-01,Mendocino,045,87422,1675,1497,9,1506,23
2020-12-01,Merced,047,269075,13028,12032,143,12175,172
2020-12-01,Modoc,049,8938,143,113,24,137,0
2020-12-01,Mono,051,14174,604,520,8,528,3
2020-12-01,Monterey,053,433212,17206,15835,312,16147,121
2020-12-01,Napa,055,140530,3739,3124,17,3141,19
2020-12-01,Nevada,057,99092,1749,1411,44,1455,9
2020-12-01,Orange,059,3164182,89953,79468,2851,82319,1567
2020-12-01,Placer,061,380077,8694,6794,195,6989,72
2020-12-01,Plumas,063,18699,259,201,0,201,0
2020-12-01,Riverside,065,2383286,104202,88530,2643,91173,1448
2020-12-01,Sacramento,067,1510023,42637,38966,161,39127,589
2020-12-01,San Benito,069,59416,2116,1888,16,1904,15
2020-12-01,San Bernardino,071,2135413,111752,95854,2282,98136,1220
2020-12-01,San Diego,073,3302833,92780,83423,3644,87067,1019
2020-12-01,San Francisco,075,870044,16948,15797,125,15922,157
2020-12-01,San Joaquin,077,732212,29374,26432,635,27067,514
2020-12-01,San Luis Obispo,079,281455,6956,6264,118,6382,40
2020-12-01,San Mateo,081,765935,16216,14495,15,14510,170
2020-12-01,Santa Barbara,083,443738,12833,11611,218,11829,140
2020-12-01,Santa Clara,085,1922200,41121,35397,101,35498,452
2020-12-01,Santa Cruz,087,273765,5371,4638,79,4717,27
2020-12-01,Shasta,089,179085,6112,5077,299,5376,47
2020-12-01,Sierra,091,2930,19,17,0,17,0
2020-12-01,Siskiyou,093,43540,738,608,47,655,1
2020-12-01,Solano,095,438530,11692,10604,90,10694,87
2020-12-01,Sonoma,097,501317,13583,12491,83,12574,163
2020-12-01,Stanislaus,099,539301,24100,22351,1699,24050,447
2020-12-01,Sutter,101,95872,4133,3538,14,3552,17
2020-12-01,Tehama,103,63373,1964,1773,71,1844,9
2020-12-01,Trinity,105,12862,252,165,20,185,0
2020-12-01,Tulare,107,460477,23259,21645,1893,23538,319
2020-12-01,Tuolumne,109,53932,1270,1052,3,1055,7
2020-12-01,Ventura,111,848112,23231,20604,751,21355,186
2020-12-01,Yolo,113,214977,5567,4928,20,4948,86
2020-12-01,Yuba,115,75493,2368,2088,15,2103,10
2020-11-30,Alameda,001,1643700,32904,29972,426,30398,457
2020-11-30,Alpine,003,1148,55,41,0,41,0
2020-11-30,Amador,005,37829,874,559,2,561,16
2020-11-30,Butte,007,227075,4522,4148,253,4401,65
2020-11-30,Calaveras,009,45235,581,478,0,478,21
2020-11-30,Colusa,011,21464,858,737,12,749,6
2020-11-30,Contra Costa,013,1133247,26433,24365,192,24557,264
2020-11-30,Del Norte,015,27424,401,339,0,339,2
2020-11-30,El Dorado,017,186661,3199,2488,39,2527,4
2020-11-30,Fresno,019,978130,44723,38712,1699,40411,500
2020-11-30,Glenn,021,27897,1082,954,60,1014,5
2020-11-30,Humboldt,023,135768,1035,870,4,874,9
2020-11-30,Imperial,025,180216,17032,16212,134,16346,356
2020-11-30,Inyo,027,18085,341,304,1,305,15
2020-11-30,Kern,029,883053,43921,40941,1689,42630,473
2020-11-30,Kings,031,150075,12045,11346,236,11582,85
2020-11-30,Lake,033,64148,1107,939,0,939,18
2020-11-30,Lassen,035,31185,2434,1793,8,1801,0
2020-11-30,Los Angeles,037,10098052,431745,396202,7566,403768,7658
2020-11-30,Madera,039,155013,6984,6210,181,6391,57
2020-11-30,Marin,041,260295,8023,7764,34,7798,136
2020-11-30,Mariposa,043,17540,152,123,2,125,2
2020-11-30,Mendocino,045,87422,1648,1482,9,1491,23
2020-11-30,Merced,047,269075,12754,11913,132,12045,172
2020-11-30,Modoc,049,8938,133,113,24,137,0
2020-11-30,Mono,051,14174,582,519,8,527,3
2020-11-30,Monterey,053,433212,16777,15837,304,16141,119
2020-11-30,Napa,055,140530,3639,3091,17,3108,18
2020-11-30,Nevada,057,99092,1662,1347,41,1388,9
2020-11-30,Orange,059,3164182,87846,78711,2752,81463,1568
2020-11-30,Placer,061,380077,8403,6575,182,6757,72
2020-11-30,Plumas,063,18699,248,192,0,192,0
2020-11-30,Riverside,065,2383286,101216,87722,2488,90210,1446
2020-11-30,Sacramento,067,1510023,41558,37834,153,37987,586
2020-11-30,San Benito,069,59416,2067,1875,15,1890,15
2020-11-30,San Bernardino,071,2135413,108027,92704,2163,94867,1220
2020-11-30,San Diego,073,3302833,90420,82045,3517,85562,997
2020-11-30,San Francisco,075,870044,16649,15638,122,15760,157
2020-11-30,San Joaquin,077,732212,28669,25742,609,26351,509
2020-11-30,San Luis Obispo,079,281455,6821,6224,116,6340,36
2020-11-30,San Mateo,081,765935,15856,14276,15,14291,170
2020-11-30,Santa Barbara,083,443738,12655,11572,211,11783,140
2020-11-30,Santa Clara,085,1922200,39913,35019,100,35119,451
2020-11-30,Santa Cruz,087,273765,5233,4558,75,4633,26
2020-11-30,Shasta,089,179085,5971,4933,265,5198,44
2020-11-30,Sierra,091,2930,19,16,0,16,0
2020-11-30,Siskiyou,093,43540,729,605,43,648,1
2020-11-30,Solano,095,438530,11430,10392,85,10477,87
2020-11-30,Sonoma,097,501317,13339,12232,79,12311,163
2020-11-30,Stanislaus,099,539301,23641,22110,1653,23763,446
2020-11-30,Sutter,101,95872,3977,3430,13,3443,16
2020-11-30,Tehama,103,63373,1916,1724,65,1789,9
2020-11-30,Trinity,105,12862,246,162,20,182,0
2020-11-30,Tulare,107,460477,22875,20833,1796,22629,319
2020-11-30,Tuolumne,109,53932,1225,1027,3,1030,7
2020-11-30,Ventura,111,848112,22472,20308,735,21043,180
2020-11-30,Yolo,113,214977,5455,4894,20,4914,81
2020-11-30,Yuba,115,75493,2307,2028,13,2041,10
2020-11-29,Alameda,001,1643700,32120,29918,404,30322,457
2020-11-29,Alpine,003,1148,52,41,0,41,0
2020-11-29,Amador,005,37829,723,548,2,550,16
2020-11-29,Butte,007,227075,4424,4008,231,4239,65
2020-11-29,Calaveras,009,45235,549,478,0,478,21
2020-11-29,Colusa,011,21464,829,723,8,731,6
2020-11-29,Contra Costa,013,1133247,25930,24165,186,24351,264
2020-11-29,Del Norte,015,27424,395,339,0,339,2
2020-11-29,El Dorado,017,186661,3069,2447,38,2485,4
2020-11-29,Fresno,019,978130,43775,38568,1623,40191,500
2020-11-29,Glenn,021,27897,1059,951,58,1009,4
2020-11-29,Humboldt,023,135768,1006,856,4,860,9
2020-11-29,Imperial,025,180216,16805,16138,106,16244,356
2020-11-29,Inyo,027,18085,326,289,1,290,15
2020-11-29,Kern,029,883053,43164,40596,1538,42134,473
2020-11-29,Kings,031,150075,11897,11247,216,11463,85
2020-11-29,Lake,033,64148,1083,927,0,927,18
2020-11-29,Lassen,035,31185,2331,1793,8,1801,0
2020-11-29,Los Angeles,037,10098052,421377,391162,7245,398407,7642
2020-11-29,Madera,039,155013,6841,6184,175,6359,57
2020-11-29,Marin,041,260295,7957,7739,32,7771,135
2020-11-29,Mariposa,043,17540,148,123,2,125,2
2020-11-29,Mendocino,045,87422,1614,1473,9,1482,23
2020-11-29,Merced,047,269075,12515,11773,123,11896,172
2020-11-29,Modoc,049,8938,129,105,22,127,0
2020-11-29,Mono,051,14174,559,515,8,523,3
2020-11-29,Monterey,053,433212,16466,15621,297,15918,119
2020-11-29,Napa,055,140530,3534,3090,16,3106,18
2020-11-29,Nevada,057,99092,1581,1311,39,1350,9
2020-11-29,Orange,059,3164182,85828,78057,2703,80760,1567
2020-11-29,Placer,061,380077,8107,6535,168,6703,72
2020-11-29,Plumas,063,18699,243,191,0,191,0
2020-11-29,Riverside,065,2383286,98835,87383,2325,89708,1442
2020-11-29,Sacramento,067,1510023,40481,37415,145,37560,585
2020-11-29,San Benito,069,59416,2023,1860,15,1875,15
2020-11-29,San Bernardino,071,2135413,104690,92052,2038,94090,1223
2020-11-29,San Diego,073,3302833,88009,81086,3364,84450,997
2020-11-29,San Francisco,075,870044,16368,15571,115,15686,153
2020-11-29,San Joaquin,077,732212,27928,25740,603,26343,509
2020-11-29,San Luis Obispo,079,281455,6699,6145,116,6261,36
2020-11-29,San Mateo,081,765935,15522,14177,15,14192,169
2020-11-29,Santa Barbara,083,443738,12501,11520,207,11727,140
2020-11-29,Santa Clara,085,1922200,38707,34234,94,34328,451
2020-11-29,Santa Cruz,087,273765,5074,4490,73,4563,26
2020-11-29,Shasta,089,179085,5799,4935,234,5169,43
2020-11-29,Sierra,091,2930,19,16,0,16,0
2020-11-29,Siskiyou,093,43540,706,590,41,631,1
2020-11-29,Solano,095,438530,11198,10393,81,10474,87
2020-11-29,Sonoma,097,501317,13086,12052,75,12127,163
2020-11-29,Stanislaus,099,539301,23148,21701,1614,23315,446
2020-11-29,Sutter,101,95872,3860,3297,13,3310,16
2020-11-29,Tehama,103,63373,1865,1710,49,1759,9
2020-11-29,Trinity,105,12862,243,159,19,178,0
2020-11-29,Tulare,107,460477,22516,20793,1711,22504,319
2020-11-29,Tuolumne,109,53932,1189,988,3,991,7
2020-11-29,Ventura,111,848112,21788,19952,722,20674,179
2020-11-29,Yolo,113,214977,5317,4830,19,4849,80
2020-11-29,Yuba,115,75493,2251,1959,13,1972,10
2020-11-28,Alameda,001,1643700,31811,29368,399,29767,456
2020-11-28,Alpine,003,1148,52,41,0,41,0
2020-11-28,Amador,005,37829,646,536,2,538,16
2020-11-28,Butte,007,227075,4366,3894,227,4121,65
2020-11-28,Calaveras,009,45235,545,478,0,478,21
2020-11-28,Colusa,011,21464,820,711,6,717,6
2020-11-28,Contra Costa,013,1133247,25597,23798,182,23980,264
2020-11-28,Del Norte,015,27424,385,328,0,328,2
2020-11-28,El Dorado,017,186661,3001,2415,32,2447,4
2020-11-28,Fresno,019,978130,43431,38288,1582,39870,500
2020-11-28,Glenn,021,27897,1048,925,54,979,4
2020-11-28,Humboldt,023,135768,971,844,4,848,9
2020-11-28,Imperial,025,180216,16741,16019,104,16123,356
2020-11-28,Inyo,027,18085,318,289,1,290,15
2020-11-28,Kern,029,883053,42803,40255,1449,41704,473
2020-11-28,Kings,031,150075,11833,11070,207,11277,85
2020-11-28,Lake,033,64148,1068,920,0,920,18
2020-11-28,Lassen,035,31185,2264,1714,8,1722,0
2020-11-28,Los Angeles,037,10098052,416470,386194,7083,393277,7625
2020-11-28,Madera,039,155013,6739,6119,168,6287,57
2020-11-28,Marin,041,260295,7927,7696,28,7724,135
2020-11-28,Mariposa,043,17540,145,120,2,122,2
2020-11-28,Mendocino,045,87422,1583,1458,9,1467,22
2020-11-28,Merced,047,269075,12417,11688,117,11805,172
2020-11-28,Modoc,049,8938,126,103,22,125,0
2020-11-28,Mono,051,14174,553,505,8,513,3
2020-11-28,Monterey,053,433212,16300,15328,293,15621,118
2020-11-28,Napa,055,140530,3483,3033,15,3048,18
2020-11-28,Nevada,057,99092,1553,1272,37,1309,9
2020-11-28,Orange,059,3164182,84732,76882,2655,79537,1568
2020-11-28,Placer,061,380077,7948,6497,165,6662,70
2020-11-28,Plumas,063,18699,236,188,0,188,0
2020-11-28,Riverside,065,2383286,97433,86854,2218,89072,1440
2020-11-28,Sacramento,067,1510023,39902,36905,141,37046,580
2020-11-28,San Benito,069,59416,1977,1835,15,1850,15
2020-11-28,San Bernardino,071,2135413,103295,91183,1936,93119,1224
2020-11-28,San Diego,073,3302833,86756,80020,3280,83300,997
2020-11-28,San Francisco,075,870044,16191,15450,107,15557,153
2020-11-28,San Joaquin,077,732212,27732,25742,588,26330,509
2020-11-28,San Luis Obispo,079,281455,6629,6106,112,6218,36
2020-11-28,San Mateo,081,765935,15332,14040,15,14055,169
2020-11-28,Santa Barbara,083,443738,12399,11481,202,11683,140
2020-11-28,Santa Clara,085,1922200,37961,33701,92,33793,449
2020-11-28,Santa Cruz,087,273765,4997,4426,73,4499,26
2020-11-28,Shasta,089,179085,5721,4882,227,5109,43
2020-11-28,Sierra,091,2930,19,16,0,16,0
2020-11-28,Siskiyou,093,43540,696,558,38,596,1
2020-11-28,Solano,095,438530,11079,10252,79,10331,87
2020-11-28,Sonoma,097,501317,12983,12008,65,12073,162
2020-11-28,Stanislaus,099,539301,22912,21574,1577,23151,446
2020-11-28,Sutter,101,95872,3776,3244,13,3257,15
2020-11-28,Tehama,103,63373,1849,1678,45,1723,9
2020-11-28,Trinity,105,12862,241,157,17,174,0
2020-11-28,Tulare,107,460477,22327,20701,1663,22364,319
2020-11-28,Tuolumne,109,53932,1167,976,3,979,7
2020-11-28,Ventura,111,848112,21490,19510,712,20222,179
2020-11-28,Yolo,113,214977,5243,4739,17,4756,80
2020-11-28,Yuba,115,75493,2198,1912,13,1925,10
2020-11-27,Alameda,001,1643700,31373,29064,388,29452,450
2020-11-27,Alpine,003,1148,52,41,0,41,0
2020-11-27,Amador,005,37829,599,498,1,499,16
2020-11-27,Butte,007,227075,4325,3894,221,4115,65
2020-11-27,Calaveras,009,45235,536,478,0,478,21
2020-11-27,Colusa,011,21464,803,694,4,698,6
2020-11-27,Contra Costa,013,1133247,25337,23463,176,23639,264
2020-11-27,Del Norte,015,27424,379,307,0,307,2
2020-11-27,El Dorado,017,186661,2930,2238,29,2267,4
2020-11-27,Fresno,019,978130,43025,37994,1522,39516,500
2020-11-27,Glenn,021,27897,1035,891,49,940,4
2020-11-27,Humboldt,023,135768,952,795,3,798,9
2020-11-27,Imperial,025,180216,16673,15960,95,16055,356
2020-11-27,Inyo,027,18085,312,289,1,290,15
2020-11-27,Kern,029,883053,42385,39707,1373,41080,473
2020-11-27,Kings,031,150075,11747,10667,189,10856,85
2020-11-27,Lake,033,64148,1032,909,0,909,18
2020-11-27,Lassen,035,31185,2252,1714,8,1722,0
2020-11-27,Los Angeles,037,10098052,409974,382740,6916,389656,7606
2020-11-27,Madera,039,155013,6667,6050,162,6212,57
2020-11-27,Marin,041,260295,7884,7660,28,7688,135
2020-11-27,Mariposa,043,17540,143,118,2,120,2
2020-11-27,Mendocino,045,87422,1568,1387,8,1395,22
2020-11-27,Merced,047,269075,12311,11550,110,11660,172
2020-11-27,Modoc,049,8938,125,100,22,122,0
2020-11-27,Mono,051,14174,549,498,8,506,3
2020-11-27,Monterey,053,433212,16133,14753,293,15046,113
2020-11-27,Napa,055,140530,3443,2988,15,3003,18
2020-11-27,Nevada,057,99092,1523,1184,35,1219,9
2020-11-27,Orange,059,3164182,83446,75151,2615,77766,1568
2020-11-27,Placer,061,380077,7787,6283,155,6438,68
2020-11-27,Plumas,063,18699,233,188,0,188,0
2020-11-27,Riverside,065,2383286,95832,85769,2057,87826,1440
2020-11-27,Sacramento,067,1510023,39279,36579,137,36716,579
2020-11-27,San Benito,069,59416,1943,1805,14,1819,15
2020-11-27,San Bernardino,071,2135413,101786,90254,1851,92105,1224
2020-11-27,San Diego,073,3302833,85563,78161,3192,81353,996
2020-11-27,San Francisco,075,870044,16035,15377,105,15482,153
2020-11-27,San Joaquin,077,732212,27512,25741,567,26308,509
2020-11-27,San Luis Obispo,079,281455,6546,6039,109,6148,36
2020-11-27,San Mateo,081,765935,15130,13872,14,13886,169
2020-11-27,Santa Barbara,083,443738,12306,11340,199,11539,140
2020-11-27,Santa Clara,085,1922200,37286,32935,85,33020,449
2020-11-27,Santa Cruz,087,273765,4926,4358,71,4429,26
2020-11-27,Shasta,089,179085,5644,4710,214,4924,43
2020-11-27,Sierra,091,2930,18,16,0,16,0
2020-11-27,Siskiyou,093,43540,681,554,35,589,1
2020-11-27,Solano,095,438530,10960,10044,76,10120,87
2020-11-27,Sonoma,097,501317,12851,11924,63,11987,162
2020-11-27,Stanislaus,099,539301,22686,21185,1546,22731,446
2020-11-27,Sutter,101,95872,3710,3101,12,3113,15
2020-11-27,Tehama,103,63373,1821,1649,41,1690,9
2020-11-27,Trinity,105,12862,237,151,17,168,0
2020-11-27,Tulare,107,460477,22141,20634,1604,22238,319
2020-11-27,Tuolumne,109,53932,1135,881,3,884,7
2020-11-27,Ventura,111,848112,21167,19379,690,20069,179
2020-11-27,Yolo,113,214977,5194,4737,17,4754,79
2020-11-27,Yuba,115,75493,2169,1864,12,1876,10
2020-11-26,Alameda,001,1643700,30961,28797,369,29166,447
2020-11-26,Alpine,003,1148,52,41,0,41,0
2020-11-26,Amador,005,37829,591,488,1,489,16
2020-11-26,Butte,007,227075,4262,3894,215,4109,65
2020-11-26,Calaveras,009,45235,508,478,0,478,21
2020-11-26,Colusa,011,21464,789,694,4,698,6
2020-11-26,Contra Costa,013,1133247,25002,23468,170,23638,264
2020-11-26,Del Norte,015,27424,368,307,0,307,2
2020-11-26,El Dorado,017,186661,2849,2217,27,2244,4
2020-11-26,Fresno,019,978130,42623,37724,1475,39199,500
2020-11-26,Glenn,021,27897,1020,892,46,938,4
2020-11-26,Humboldt,023,135768,930,795,2,797,9
2020-11-26,Imperial,025,180216,16565,15722,90,15812,355
2020-11-26,Inyo,027,18085,311,289,1,290,15
2020-11-26,Kern,029,883053,41946,39123,1301,40424,471
2020-11-26,Kings,031,150075,11692,10475,176,10651,85
2020-11-26,Lake,033,64148,1019,890,0,890,18
2020-11-26,Lassen,035,31185,2237,1714,8,1722,0
2020-11-26,Los Angeles,037,10098052,404839,378340,6666,385006,7581
2020-11-26,Madera,039,155013,6593,6003,156,6159,57
2020-11-26,Marin,041,260295,7847,7610,28,7638,135
2020-11-26,Mariposa,043,17540,138,116,2,118,2
2020-11-26,Mendocino,045,87422,1554,1387,6,1393,22
2020-11-26,Merced,047,269075,12163,11440,108,11548,172
2020-11-26,Modoc,049,8938,123,100,22,122,0
2020-11-26,Mono,051,14174,541,485,8,493,2
2020-11-26,Monterey,053,433212,15897,14750,285,15035,113
2020-11-26,Napa,055,140530,3379,2988,15,3003,18
2020-11-26,Nevada,057,99092,1477,1184,35,1219,9
2020-11-26,Orange,059,3164182,82065,74264,2548,76812,1563
2020-11-26,Placer,061,380077,7623,6278,146,6424,68
2020-11-26,Plumas,063,18699,225,188,0,188,0
2020-11-26,Riverside,065,2383286,94243,85774,1924,87698,1440
2020-11-26,Sacramento,067,1510023,38637,35854,129,35983,580
2020-11-26,San Benito,069,59416,1916,1769,14,1783,15
2020-11-26,San Bernardino,071,2135413,100143,89727,1755,91482,1223
2020-11-26,San Diego,073,3302833,83953,76359,3088,79447,996
2020-11-26,San Francisco,075,870044,15898,15156,102,15258,153
2020-11-26,San Joaquin,077,732212,27259,25738,553,26291,509
2020-11-26,San Luis Obispo,079,281455,6453,5964,106,6070,36
2020-11-26,San Mateo,081,765935,14942,13715,12,13727,169
2020-11-26,Santa Barbara,083,443738,12225,11277,198,11475,139
2020-11-26,Santa Clara,085,1922200,36645,32411,76,32487,446
2020-11-26,Santa Cruz,087,273765,4795,4269,65,4334,26
2020-11-26,Shasta,089,179085,5563,4712,202,4914,43
2020-11-26,Sierra,091,2930,18,15,0,15,0
2020-11-26,Siskiyou,093,43540,671,526,34,560,1
2020-11-26,Solano,095,438530,10817,9941,74,10015,87
2020-11-26,Sonoma,097,501317,12703,11922,61,11983,162
2020-11-26,Stanislaus,099,539301,22457,21186,1503,22689,445
2020-11-26,Sutter,101,95872,3616,3101,11,3112,15
2020-11-26,Tehama,103,63373,1780,1612,37,1649,9
2020-11-26,Trinity,105,12862,233,139,17,156,0
2020-11-26,Tulare,107,460477,21907,20649,1535,22184,319
2020-11-26,Tuolumne,109,53932,1107,871,3,874,7
2020-11-26,Ventura,111,848112,20671,19058,675,19733,179
2020-11-26,Yolo,113,214977,5107,4566,17,4583,76
2020-11-26,Yuba,115,75493,2111,1865,10,1875,10
2020-11-25,Alameda,001,1643700,30745,28378,361,28739,447
2020-11-25,Alpine,003,1148,52,41,0,41,0
2020-11-25,Amador,005,37829,581,484,1,485,16
2020-11-25,Butte,007,227075,4232,3848,212,4060,64
2020-11-25,Calaveras,009,45235,505,475,0,475,21
2020-11-25,Colusa,011,21464,772,693,4,697,6
2020-11-25,Contra Costa,013,1133247,24847,23307,169,23476,263
2020-11-25,Del Norte,015,27424,367,304,0,304,2
2020-11-25,El Dorado,017,186661,2813,2154,27,2181,4
2020-11-25,Fresno,019,978130,42391,37349,1453,38802,494
2020-11-25,Glenn,021,27897,1003,891,44,935,4
2020-11-25,Humboldt,023,135768,922,777,2,779,9
2020-11-25,Imperial,025,180216,16495,15640,88,15728,355
2020-11-25,Inyo,027,18085,309,289,1,290,15
2020-11-25,Kern,029,883053,41790,38878,1282,40160,467
2020-11-25,Kings,031,150075,11657,10417,172,10589,85
2020-11-25,Lake,033,64148,1002,878,0,878,18
2020-11-25,Lassen,035,31185,2194,1701,8,1709,0
2020-11-25,Los Angeles,037,10098052,401818,373919,6555,380474,7545
2020-11-25,Madera,039,155013,6571,5989,153,6142,57
2020-11-25,Marin,041,260295,7820,7601,27,7628,135
2020-11-25,Mariposa,043,17540,137,114,2,116,2
2020-11-25,Mendocino,045,87422,1535,1373,6,1379,22
2020-11-25,Merced,047,269075,12105,11346,108,11454,172
2020-11-25,Modoc,049,8938,123,96,22,118,0
2020-11-25,Mono,051,14174,536,487,8,495,2
2020-11-25,Monterey,053,433212,15780,14695,283,14978,113
2020-11-25,Napa,055,140530,3346,2945,15,2960,17
2020-11-25,Nevada,057,99092,1459,1170,33,1203,9
2020-11-25,Orange,059,3164182,81313,73014,2528,75542,1551
2020-11-25,Placer,061,380077,7547,6221,145,6366,68
2020-11-25,Plumas,063,18699,220,183,0,183,0
2020-11-25,Riverside,065,2383286,93705,85077,1903,86980,1438
2020-11-25,Sacramento,067,1510023,38301,35687,126,35813,574
2020-11-25,San Benito,069,59416,1894,1764,14,1778,15
2020-11-25,San Bernardino,071,2135413,99305,88469,1725,90194,1225
2020-11-25,San Diego,073,3302833,83300,75307,3051,78358,988
2020-11-25,San Francisco,075,870044,15793,15053,100,15153,153
2020-11-25,San Joaquin,077,732212,27134,25556,540,26096,515
2020-11-25,San Luis Obispo,079,281455,6410,5913,105,6018,34
2020-11-25,San Mateo,081,765935,14827,13614,12,13626,170
2020-11-25,Santa Barbara,083,443738,12175,11183,198,11381,138
2020-11-25,Santa Clara,085,1922200,36198,32032,75,32107,442
2020-11-25,Santa Cruz,087,273765,4744,4202,63,4265,25
2020-11-25,Shasta,089,179085,5517,4588,195,4783,43
2020-11-25,Sierra,091,2930,18,15,0,15,0
2020-11-25,Siskiyou,093,43540,664,499,34,533,1
2020-11-25,Solano,095,438530,10712,9832,73,9905,87
2020-11-25,Sonoma,097,501317,12640,11775,60,11835,162
2020-11-25,Stanislaus,099,539301,22328,21022,1474,22496,445
2020-11-25,Sutter,101,95872,3572,3064,11,3075,14
2020-11-25,Tehama,103,63373,1768,1587,32,1619,9
2020-11-25,Trinity,105,12862,231,135,17,152,0
2020-11-25,Tulare,107,460477,21817,20528,1503,22031,318
2020-11-25,Tuolumne,109,53932,1090,842,3,845,7
2020-11-25,Ventura,111,848112,20578,18914,669,19583,179
2020-11-25,Yolo,113,214977,5071,4527,17,4544,76
2020-11-25,Yuba,115,75493,2085,1840,10,1850,10
2020-11-24,Alameda,001,1643700,30267,28030,350,28380,444
2020-11-24,Alpine,003,1148,52,41,0,41,0
2020-11-24,Amador,005,37829,556,470,1,471,16
2020-11-24,Butte,007,227075,4146,3798,204,4002,63
2020-11-24,Calaveras,009,45235,498,466,0,466,21
2020-11-24,Colusa,011,21464,754,682,4,686,6
2020-11-24,Contra Costa,013,1133247,24494,23072,163,23235,259
2020-11-24,Del Norte,015,27424,357,298,0,298,2
2020-11-24,El Dorado,017,186661,2708,2005,26,2031,4
2020-11-24,Fresno,019,978130,41990,37021,1374,38395,493
2020-11-24,Glenn,021,27897,985,883,40,923,4
2020-11-24,Humboldt,023,135768,903,774,2,776,9
2020-11-24,Imperial,025,180216,16393,15600,81,15681,355
2020-11-24,Inyo,027,18085,308,282,1,283,15
2020-11-24,Kern,029,883053,41318,38551,1203,39754,465
2020-11-24,Kings,031,150075,11390,10338,159,10497,85
2020-11-24,Lake,033,64148,986,872,0,872,18
2020-11-24,Lassen,035,31185,2172,1657,8,1665,0
2020-11-24,Los Angeles,037,10098052,395514,370008,6314,376322,7501
2020-11-24,Madera,039,155013,6488,5881,146,6027,57
2020-11-24,Marin,041,260295,7773,7591,27,7618,135
2020-11-24,Mariposa,043,17540,127,114,1,115,2
2020-11-24,Mendocino,045,87422,1513,1346,5,1351,22
2020-11-24,Merced,047,269075,11916,11268,103,11371,171
2020-11-24,Modoc,049,8938,119,91,22,113,0
2020-11-24,Mono,051,14174,532,483,8,491,2
2020-11-24,Monterey,053,433212,15522,14354,271,14625,113
2020-11-24,Napa,055,140530,3280,2904,15,2919,17
2020-11-24,Nevada,057,99092,1396,1156,30,1186,9
2020-11-24,Orange,059,3164182,79870,71975,2443,74418,1547
2020-11-24,Placer,061,380077,7364,6147,138,6285,67
2020-11-24,Plumas,063,18699,217,180,0,180,0
2020-11-24,Riverside,065,2383286,91955,83685,1770,85455,1420
2020-11-24,Sacramento,067,1510023,37621,35097,119,35216,568
2020-11-24,San Benito,069,59416,1863,1740,13,1753,15
2020-11-24,San Bernardino,071,2135413,96976,86645,1618,88263,1226
2020-11-24,San Diego,073,3302833,81894,74363,2980,77343,984
2020-11-24,San Francisco,075,870044,15598,14874,97,14971,153
2020-11-24,San Joaquin,077,732212,26820,25318,509,25827,517
2020-11-24,San Luis Obispo,079,281455,6347,5805,104,5909,34
2020-11-24,San Mateo,081,765935,14618,13558,11,13569,170
2020-11-24,Santa Barbara,083,443738,12069,11154,196,11350,138
2020-11-24,Santa Clara,085,1922200,35411,31564,71,31635,438
2020-11-24,Santa Cruz,087,273765,4631,4132,62,4194,25
2020-11-24,Shasta,089,179085,5417,4410,176,4586,43
2020-11-24,Sierra,091,2930,18,15,0,15,0
2020-11-24,Siskiyou,093,43540,646,473,31,504,1
2020-11-24,Solano,095,438530,10541,9716,72,9788,86
2020-11-24,Sonoma,097,501317,12460,11644,57,11701,162
2020-11-24,Stanislaus,099,539301,22087,20830,1430,22260,438
2020-11-24,Sutter,101,95872,3467,2974,11,2985,14
2020-11-24,Tehama,103,63373,1718,1565,27,1592,9
2020-11-24,Trinity,105,12862,225,129,17,146,0
2020-11-24,Tulare,107,460477,21571,20319,1437,21756,315
2020-11-24,Tuolumne,109,53932,1061,832,3,835,7
2020-11-24,Ventura,111,848112,20197,18637,657,19294,179
2020-11-24,Yolo,113,214977,4988,4420,17,4437,76
2020-11-24,Yuba,115,75493,2034,1804,8,1812,10
2020-11-23,Alameda,001,1643700,29854,27718,337,28055,444
2020-11-23,Alpine,003,1148,50,41,0,41,0
2020-11-23,Amador,005,37829,515,457,1,458,16
2020-11-23,Butte,007,227075,4082,3765,198,3963,61
2020-11-23,Calaveras,009,45235,481,434,0,434,21
2020-11-23,Colusa,011,21464,740,662,4,666,6
2020-11-23,Contra Costa,013,1133247,24223,22674,157,22831,260
2020-11-23,Del Norte,015,27424,335,296,0,296,2
2020-11-23,El Dorado,017,186661,2588,2005,25,2030,4
2020-11-23,Fresno,019,978130,41544,36688,1312,38000,488
2020-11-23,Glenn,021,27897,959,853,40,893,4
2020-11-23,Humboldt,023,135768,890,746,2,748,9
2020-11-23,Imperial,025,180216,16223,15104,75,15179,355
2020-11-23,Inyo,027,18085,301,279,1,280,15
2020-11-23,Kern,029,883053,40806,38245,1138,39383,463
2020-11-23,Kings,031,150075,10971,10204,151,10355,85
2020-11-23,Lake,033,64148,963,840,0,840,18
2020-11-23,Lassen,035,31185,2092,1271,7,1278,0
2020-11-23,Los Angeles,037,10098052,389432,366374,6056,372430,7447
2020-11-23,Madera,039,155013,6363,5787,141,5928,56
2020-11-23,Marin,041,260295,7731,7543,27,7570,135
2020-11-23,Mariposa,043,17540,126,97,1,98,2
2020-11-23,Mendocino,045,87422,1483,1330,5,1335,22
2020-11-23,Merced,047,269075,11728,11148,100,11248,169
2020-11-23,Modoc,049,8938,105,91,21,112,0
2020-11-23,Mono,051,14174,519,480,8,488,2
2020-11-23,Monterey,053,433212,15244,14265,264,14529,112
2020-11-23,Napa,055,140530,3214,2811,14,2825,17
2020-11-23,Nevada,057,99092,1307,1087,30,1117,9
2020-11-23,Orange,059,3164182,78467,71074,2395,73469,1546
2020-11-23,Placer,061,380077,7162,5999,137,6136,66
2020-11-23,Plumas,063,18699,213,172,0,172,0
2020-11-23,Riverside,065,2383286,90177,82175,1707,83882,1415
2020-11-23,Sacramento,067,1510023,37053,34141,112,34253,556
2020-11-23,San Benito,069,59416,1835,1729,12,1741,15
2020-11-23,San Bernardino,071,2135413,94871,84387,1554,85941,1224
2020-11-23,San Diego,073,3302833,80432,72817,2892,75709,968
2020-11-23,San Francisco,075,870044,15439,14646,95,14741,153
2020-11-23,San Joaquin,077,732212,26471,24622,505,25127,517
2020-11-23,San Luis Obispo,079,281455,6265,5772,102,5874,34
2020-11-23,San Mateo,081,765935,14426,13364,11,13375,170
2020-11-23,Santa Barbara,083,443738,11961,10944,192,11136,137
2020-11-23,Santa Clara,085,1922200,34761,31064,67,31131,435
2020-11-23,Santa Cruz,087,273765,4522,4003,57,4060,25
2020-11-23,Shasta,089,179085,5300,4100,163,4263,43
2020-11-23,Sierra,091,2930,17,15,0,15,0
2020-11-23,Siskiyou,093,43540,619,460,30,490,0
2020-11-23,Solano,095,438530,10384,9394,69,9463,86
2020-11-23,Sonoma,097,501317,12287,11507,53,11560,160
2020-11-23,Stanislaus,099,539301,21796,20487,1397,21884,436
2020-11-23,Sutter,101,95872,3329,2840,10,2850,14
2020-11-23,Tehama,103,63373,1670,1526,24,1550,9
2020-11-23,Trinity,105,12862,219,120,15,135,0
2020-11-23,Tulare,107,460477,21284,19818,1363,21181,315
2020-11-23,Tuolumne,109,53932,1021,774,3,777,7
2020-11-23,Ventura,111,848112,19822,18480,645,19125,179
2020-11-23,Yolo,113,214977,4908,4265,16,4281,75
2020-11-23,Yuba,115,75493,1967,1702,8,1710,10
2020-11-22,Alameda,001,1643700,29420,27472,325,27797,444
2020-11-22,Alpine,003,1148,47,41,0,41,0
2020-11-22,Amador,005,37829,503,450,1,451,16
2020-11-22,Butte,007,227075,4033,3712,188,3900,61
2020-11-22,Calaveras,009,45235,469,434,0,434,21
2020-11-22,Colusa,011,21464,722,642,3,645,6
2020-11-22,Contra Costa,013,1133247,23918,22407,152,22559,260
2020-11-22,Del Norte,015,27424,311,271,0,271,2
2020-11-22,El Dorado,017,186661,2478,1917,22,1939,4
2020-11-22,Fresno,019,978130,41063,36315,1254,37569,488
2020-11-22,Glenn,021,27897,939,832,34,866,4
2020-11-22,Humboldt,023,135768,874,729,2,731,9
2020-11-22,Imperial,025,180216,16018,15109,29,15138,355
2020-11-22,Inyo,027,18085,294,279,1,280,15
2020-11-22,Kern,029,883053,40229,37904,1101,39005,463
2020-11-22,Kings,031,150075,10870,10035,142,10177,85
2020-11-22,Lake,033,64148,941,834,0,834,18
2020-11-22,Lassen,035,31185,1927,1211,6,1217,0
2020-11-22,Los Angeles,037,10098052,383163,360341,5795,366136,7438
2020-11-22,Madera,039,155013,6283,5745,130,5875,56
2020-11-22,Marin,041,260295,7696,7506,26,7532,135
2020-11-22,Mariposa,043,17540,125,95,1,96,2
2020-11-22,Mendocino,045,87422,1459,1285,3,1288,22
2020-11-22,Merced,047,269075,11579,10939,100,11039,169
2020-11-22,Modoc,049,8938,104,87,19,106,0
2020-11-22,Mono,051,14174,504,481,8,489,2
2020-11-22,Monterey,053,433212,15003,13887,258,14145,111
2020-11-22,Napa,055,140530,3133,2778,14,2792,17
2020-11-22,Nevada,057,99092,1249,1052,30,1082,9
2020-11-22,Orange,059,3164182,77057,69913,2355,72268,1546
2020-11-22,Placer,061,380077,6940,5880,126,6006,66
2020-11-22,Plumas,063,18699,200,172,0,172,0
2020-11-22,Riverside,065,2383286,88590,81565,1643,83208,1409
2020-11-22,Sacramento,067,1510023,36322,33421,99,33520,555
2020-11-22,San Benito,069,59416,1806,1704,12,1716,15
2020-11-22,San Bernardino,071,2135413,92530,83505,1479,84984,1224
2020-11-22,San Diego,073,3302833,78696,71649,2817,74466,968
2020-11-22,San Francisco,075,870044,15268,14515,94,14609,153
2020-11-22,San Joaquin,077,732212,26175,24619,492,25111,517
2020-11-22,San Luis Obispo,079,281455,6163,5664,101,5765,34
2020-11-22,San Mateo,081,765935,14222,13228,11,13239,170
2020-11-22,Santa Barbara,083,443738,11826,10946,186,11132,137
2020-11-22,Santa Clara,085,1922200,34083,30633,65,30698,434
2020-11-22,Santa Cruz,087,273765,4440,3896,50,3946,25
2020-11-22,Shasta,089,179085,5143,4100,144,4244,43
2020-11-22,Sierra,091,2930,17,13,0,13,0
2020-11-22,Siskiyou,093,43540,587,411,30,441,0
2020-11-22,Solano,095,438530,10214,9363,65,9428,86
2020-11-22,Sonoma,097,501317,12129,11415,51,11466,159
2020-11-22,Stanislaus,099,539301,21472,20223,1363,21586,436
2020-11-22,Sutter,101,95872,3211,2677,10,2687,13
2020-11-22,Tehama,103,63373,1636,1457,19,1476,9
2020-11-22,Trinity,105,12862,214,114,15,129,0
2020-11-22,Tulare,107,460477,21036,19818,1290,21108,314
2020-11-22,Tuolumne,109,53932,995,689,3,692,7
2020-11-22,Ventura,111,848112,19461,18105,633,18738,179
2020-11-22,Yolo,113,214977,4808,4206,16,4222,75
2020-11-22,Yuba,115,75493,1914,1672,8,1680,10
2020-11-21,Alameda,001,1643700,29235,27424,323,27747,444
2020-11-21,Alpine,003,1148,47,41,0,41,0
2020-11-21,Amador,005,37829,489,450,1,451,16
2020-11-21,Butte,007,227075,3985,3664,185,3849,61
2020-11-21,Calaveras,009,45235,463,434,0,434,21
2020-11-21,Colusa,011,21464,713,642,3,645,6
2020-11-21,Contra Costa,013,1133247,23764,22338,150,22488,260
2020-11-21,Del Norte,015,27424,306,271,0,271,2
2020-11-21,El Dorado,017,186661,2429,1900,21,1921,4
2020-11-21,Fresno,019,978130,40808,35973,1221,37194,482
2020-11-21,Glenn,021,27897,934,829,32,861,4
2020-11-21,Humboldt,023,135768,864,728,2,730,9
2020-11-21,Imperial,025,180216,15941,15053,29,15082,355
2020-11-21,Inyo,027,18085,292,283,1,284,15
2020-11-21,Kern,029,883053,39979,37403,1063,38466,463
2020-11-21,Kings,031,150075,10822,10019,138,10157,85
2020-11-21,Lake,033,64148,928,832,0,832,18
2020-11-21,Lassen,035,31185,1859,1211,6,1217,0
2020-11-21,Los Angeles,037,10098052,379998,357754,5642,363396,7428
2020-11-21,Madera,039,155013,6246,5706,130,5836,56
2020-11-21,Marin,041,260295,7673,7488,25,7513,134
2020-11-21,Mariposa,043,17540,125,92,1,93,2
2020-11-21,Mendocino,045,87422,1428,1282,3,1285,22
2020-11-21,Merced,047,269075,11518,10849,99,10948,169
2020-11-21,Modoc,049,8938,100,87,18,105,0
2020-11-21,Mono,051,14174,499,469,8,477,2
2020-11-21,Monterey,053,433212,14905,13886,252,14138,110
2020-11-21,Napa,055,140530,3099,2757,14,2771,17
2020-11-21,Nevada,057,99092,1237,1018,29,1047,9
2020-11-21,Orange,059,3164182,76254,69021,2324,71345,1543
2020-11-21,Placer,061,380077,6829,5778,123,5901,65
2020-11-21,Plumas,063,18699,195,172,0,172,0
2020-11-21,Riverside,065,2383286,87818,80676,1594,82270,1407
2020-11-21,Sacramento,067,1510023,35927,33133,91,33224,548
2020-11-21,San Benito,069,59416,1787,1691,12,1703,15
2020-11-21,San Bernardino,071,2135413,91658,83206,1398,84604,1222
2020-11-21,San Diego,073,3302833,77917,70711,2762,73473,966
2020-11-21,San Francisco,075,870044,15165,14445,93,14538,153
2020-11-21,San Joaquin,077,732212,26043,24620,476,25096,517
2020-11-21,San Luis Obispo,079,281455,6111,5618,98,5716,34
2020-11-21,San Mateo,081,765935,14120,13138,11,13149,170
2020-11-21,Santa Barbara,083,443738,11775,10922,183,11105,137
2020-11-21,Santa Clara,085,1922200,33699,30377,62,30439,433
2020-11-21,Santa Cruz,087,273765,4384,3898,49,3947,25
2020-11-21,Shasta,089,179085,5070,4095,141,4236,42
2020-11-21,Sierra,091,2930,17,13,0,13,0
2020-11-21,Siskiyou,093,43540,571,403,30,433,0
2020-11-21,Solano,095,438530,10125,9290,61,9351,86
2020-11-21,Sonoma,097,501317,12054,11394,49,11443,158
2020-11-21,Stanislaus,099,539301,21329,20111,1338,21449,435
2020-11-21,Sutter,101,95872,3151,2615,9,2624,13
2020-11-21,Tehama,103,63373,1616,1435,18,1453,9
2020-11-21,Trinity,105,12862,211,110,14,124,0
2020-11-21,Tulare,107,460477,20910,19752,1256,21008,313
2020-11-21,Tuolumne,109,53932,976,690,3,693,7
2020-11-21,Ventura,111,848112,19298,18040,623,18663,177
2020-11-21,Yolo,113,214977,4732,4147,15,4162,75
2020-11-21,Yuba,115,75493,1882,1643,8,1651,10
2020-11-20,Alameda,001,1643700,29023,27221,315,27536,444
2020-11-20,Alpine,003,1148,47,20,0,20,0
2020-11-20,Amador,005,37829,485,446,1,447,16
2020-11-20,Butte,007,227075,3953,3618,181,3799,60
2020-11-20,Calaveras,009,45235,451,424,0,424,21
2020-11-20,Colusa,011,21464,705,631,2,633,6
2020-11-20,Contra Costa,013,1133247,23578,22116,146,22262,260
2020-11-20,Del Norte,015,27424,302,264,0,264,2
2020-11-20,El Dorado,017,186661,2333,1868,19,1887,4
2020-11-20,Fresno,019,978130,40517,35635,1188,36823,480
2020-11-20,Glenn,021,27897,922,826,30,856,4
2020-11-20,Humboldt,023,135768,855,714,1,715,9
2020-11-20,Imperial,025,180216,15879,14864,25,14889,353
2020-11-20,Inyo,027,18085,290,262,1,263,15
2020-11-20,Kern,029,883053,39687,37143,1037,38180,462
2020-11-20,Kings,031,150075,10775,9903,136,10039,85
2020-11-20,Lake,033,64148,919,820,0,820,18
2020-11-20,Lassen,035,31185,1774,1212,5,1217,0
2020-11-20,Los Angeles,037,10098052,376120,353554,5475,359029,7398
2020-11-20,Madera,039,155013,6154,5635,128,5763,54
2020-11-20,Marin,041,260295,7649,7467,24,7491,134
2020-11-20,Mariposa,043,17540,117,89,1,90,2
2020-11-20,Mendocino,045,87422,1408,1269,3,1272,22
2020-11-20,Merced,047,269075,11432,10729,99,10828,167
2020-11-20,Modoc,049,8938,100,83,18,101,0
2020-11-20,Mono,051,14174,497,469,8,477,2
2020-11-20,Monterey,053,433212,14780,13738,243,13981,110
2020-11-20,Napa,055,140530,3069,2718,14,2732,17
2020-11-20,Nevada,057,99092,1219,990,28,1018,9
2020-11-20,Orange,059,3164182,75421,68212,2284,70496,1532
2020-11-20,Placer,061,380077,6695,5687,107,5794,66
2020-11-20,Plumas,063,18699,193,163,0,163,0
2020-11-20,Riverside,065,2383286,86812,79613,1526,81139,1405
2020-11-20,Sacramento,067,1510023,35552,32832,81,32913,549
2020-11-20,San Benito,069,59416,1775,1668,12,1680,15
2020-11-20,San Bernardino,071,2135413,90295,81203,1314,82517,1220
2020-11-20,San Diego,073,3302833,76919,69233,2680,71913,960
2020-11-20,San Francisco,075,870044,15061,14327,92,14419,153
2020-11-20,San Joaquin,077,732212,25891,24460,462,24922,515
2020-11-20,San Luis Obispo,079,281455,6056,5524,95,5619,34
2020-11-20,San Mateo,081,765935,13986,12980,10,12990,169
2020-11-20,Santa Barbara,083,443738,11718,10825,177,11002,136
2020-11-20,Santa Clara,085,1922200,33277,30002,57,30059,431
2020-11-20,Santa Cruz,087,273765,4317,3815,49,3864,25
2020-11-20,Shasta,089,179085,4996,3861,136,3997,42
2020-11-20,Sierra,091,2930,17,12,0,12,0
2020-11-20,Siskiyou,093,43540,558,387,29,416,0
2020-11-20,Solano,095,438530,10034,9216,58,9274,85
2020-11-20,Sonoma,097,501317,11970,11316,48,11364,158
2020-11-20,Stanislaus,099,539301,21175,19889,1311,21200,433
2020-11-20,Sutter,101,95872,3101,2580,9,2589,13
2020-11-20,Tehama,103,63373,1602,1410,14,1424,9
2020-11-20,Trinity,105,12862,210,102,14,116,0
2020-11-20,Tulare,107,460477,20779,19568,1215,20783,311
2020-11-20,Tuolumne,109,53932,937,662,3,665,7
2020-11-20,Ventura,111,848112,19131,17741,595,18336,175
2020-11-20,Yolo,113,214977,4654,4081,14,4095,74
2020-11-20,Yuba,115,75493,1854,1611,8,1619,10
2020-11-19,Alameda,001,1643700,28678,26971,306,27277,441
2020-11-19,Alpine,003,1148,44,20,0,20,0
2020-11-19,Amador,005,37829,481,436,1,437,16
2020-11-19,Butte,007,227075,3904,3576,174,3750,60
2020-11-19,Calaveras,009,45235,441,417,0,417,21
2020-11-19,Colusa,011,21464,687,621,2,623,6
2020-11-19,Contra Costa,013,1133247,23306,21886,143,22029,259
2020-11-19,Del Norte,015,27424,294,251,0,251,2
2020-11-19,El Dorado,017,186661,2259,1825,18,1843,4
2020-11-19,Fresno,019,978130,40072,35278,1128,36406,478
2020-11-19,Glenn,021,27897,900,806,29,835,4
2020-11-19,Humboldt,023,135768,835,693,1,694,9
2020-11-19,Imperial,025,180216,15669,14507,25,14532,349
2020-11-19,Inyo,027,18085,288,262,1,263,15
2020-11-19,Kern,029,883053,39268,36779,993,37772,459
2020-11-19,Kings,031,150075,10628,9763,128,9891,85
2020-11-19,Lake,033,64148,905,809,0,809,18
2020-11-19,Lassen,035,31185,1657,1201,3,1204,0
2020-11-19,Los Angeles,037,10098052,371109,349493,5297,354790,7365
2020-11-19,Madera,039,155013,6082,5540,120,5660,54
2020-11-19,Marin,041,260295,7618,7451,24,7475,134
2020-11-19,Mariposa,043,17540,110,88,0,88,2
2020-11-19,Mendocino,045,87422,1387,1237,3,1240,23
2020-11-19,Merced,047,269075,11291,10634,93,10727,167
2020-11-19,Modoc,049,8938,97,82,18,100,0
2020-11-19,Mono,051,14174,489,468,8,476,2
2020-11-19,Monterey,053,433212,14565,13369,232,13601,108
2020-11-19,Napa,055,140530,3015,2641,14,2655,17
2020-11-19,Nevada,057,99092,1178,945,27,972,9
2020-11-19,Orange,059,3164182,74158,66998,2237,69235,1530
2020-11-19,Placer,061,380077,6505,5612,106,5718,65
2020-11-19,Plumas,063,18699,188,158,0,158,0
2020-11-19,Riverside,065,2383286,85342,78535,1454,79989,1402
2020-11-19,Sacramento,067,1510023,35039,32367,79,32446,546
2020-11-19,San Benito,069,59416,1752,1643,12,1655,15
2020-11-19,San Bernardino,071,2135413,88404,79244,1230,80474,1215
2020-11-19,San Diego,073,3302833,75671,68142,2576,70718,952
2020-11-19,San Francisco,075,870044,14904,14178,86,14264,153
2020-11-19,San Joaquin,077,732212,25572,24270,450,24720,516
2020-11-19,San Luis Obispo,079,281455,5979,5410,92,5502,34
2020-11-19,San Mateo,081,765935,13848,12714,10,12724,169
2020-11-19,Santa Barbara,083,443738,11638,10741,174,10915,136
2020-11-19,Santa Clara,085,1922200,32719,29630,56,29686,424
2020-11-19,Santa Cruz,087,273765,4226,3679,47,3726,25
2020-11-19,Shasta,089,179085,4859,3685,125,3810,42
2020-11-19,Sierra,091,2930,17,11,0,11,0
2020-11-19,Siskiyou,093,43540,533,360,28,388,0
2020-11-19,Solano,095,438530,9897,9093,54,9147,84
2020-11-19,Sonoma,097,501317,11800,11205,46,11251,156
2020-11-19,Stanislaus,099,539301,20934,19736,1269,21005,433
2020-11-19,Sutter,101,95872,3004,2509,9,2518,13
2020-11-19,Tehama,103,63373,1569,1373,11,1384,9
2020-11-19,Trinity,105,12862,204,97,14,111,0
2020-11-19,Tulare,107,460477,20558,19384,1148,20532,304
2020-11-19,Tuolumne,109,53932,905,602,3,605,7
2020-11-19,Ventura,111,848112,18778,17300,582,17882,174
2020-11-19,Yolo,113,214977,4559,3973,14,3987,72
2020-11-19,Yuba,115,75493,1814,1568,8,1576,10
2020-11-18,Alameda,001,1643700,28416,26610,301,26911,440
2020-11-18,Alpine,003,1148,43,16,0,16,0
2020-11-18,Amador,005,37829,476,430,1,431,16
2020-11-18,Butte,007,227075,3851,3537,161,3698,59
2020-11-18,Calaveras,009,45235,435,409,0,409,21
2020-11-18,Colusa,011,21464,674,611,2,613,6
2020-11-18,Contra Costa,013,1133247,23039,21685,139,21824,258
2020-11-18,Del Norte,015,27424,280,240,0,240,2
2020-11-18,El Dorado,017,186661,2172,1799,17,1816,4
2020-11-18,Fresno,019,978130,39635,34997,1074,36071,474
2020-11-18,Glenn,021,27897,884,803,27,830,4
2020-11-18,Humboldt,023,135768,821,690,1,691,9
2020-11-18,Imperial,025,180216,15447,14428,25,14453,348
2020-11-18,Inyo,027,18085,286,262,1,263,15
2020-11-18,Kern,029,883053,38882,36537,940,37477,456
2020-11-18,Kings,031,150075,10480,9696,125,9821,85
2020-11-18,Lake,033,64148,892,802,0,802,18
2020-11-18,Lassen,035,31185,1557,1124,3,1127,0
2020-11-18,Los Angeles,037,10098052,366250,344675,5105,349780,7338
2020-11-18,Madera,039,155013,5995,5519,108,5627,54
2020-11-18,Marin,041,260295,7594,7435,24,7459,134
2020-11-18,Mariposa,043,17540,107,88,0,88,2
2020-11-18,Mendocino,045,87422,1367,1237,3,1240,23
2020-11-18,Merced,047,269075,11176,10536,91,10627,166
2020-11-18,Modoc,049,8938,94,77,18,95,0
2020-11-18,Mono,051,14174,484,468,8,476,2
2020-11-18,Monterey,053,433212,14372,13340,217,13557,108
2020-11-18,Napa,055,140530,2968,2607,14,2621,17
2020-11-18,Nevada,057,99092,1139,933,25,958,9
2020-11-18,Orange,059,3164182,73062,66381,2211,68592,1521
2020-11-18,Placer,061,380077,6326,5543,101,5644,64
2020-11-18,Plumas,063,18699,183,143,0,143,0
2020-11-18,Riverside,065,2383286,83878,77739,1352,79091,1387
2020-11-18,Sacramento,067,1510023,34414,31816,71,31887,541
2020-11-18,San Benito,069,59416,1727,1632,11,1643,15
2020-11-18,San Bernardino,071,2135413,86648,77400,1147,78547,1206
2020-11-18,San Diego,073,3302833,74379,67243,2516,69759,945
2020-11-18,San Francisco,075,870044,14760,14057,84,14141,153
2020-11-18,San Joaquin,077,732212,25305,24146,435,24581,517
2020-11-18,San Luis Obispo,079,281455,5904,5322,91,5413,34
2020-11-18,San Mateo,081,765935,13695,12631,9,12640,169
2020-11-18,Santa Barbara,083,443738,11559,10684,167,10851,136
2020-11-18,Santa Clara,085,1922200,32254,29285,51,29336,421
2020-11-18,Santa Cruz,087,273765,4134,3618,45,3663,25
2020-11-18,Shasta,089,179085,4723,3547,121,3668,42
2020-11-18,Sierra,091,2930,17,11,0,11,0
2020-11-18,Siskiyou,093,43540,501,351,27,378,0
2020-11-18,Solano,095,438530,9765,8994,52,9046,84
2020-11-18,Sonoma,097,501317,11693,11129,43,11172,155
2020-11-18,Stanislaus,099,539301,20691,19609,1244,20853,431
2020-11-18,Sutter,101,95872,2886,2442,9,2451,13
2020-11-18,Tehama,103,63373,1530,1338,11,1349,8
2020-11-18,Trinity,105,12862,191,95,14,109,0
2020-11-18,Tulare,107,460477,20352,19286,1093,20379,306
2020-11-18,Tuolumne,109,53932,869,590,3,593,7
2020-11-18,Ventura,111,848112,18453,17169,567,17736,173
2020-11-18,Yolo,113,214977,4485,3929,14,3943,71
2020-11-18,Yuba,115,75493,1761,1540,8,1548,10
2020-11-17,Alameda,001,1643700,28092,26425,291,26716,439
2020-11-17,Alpine,003,1148,41,12,0,12,0
2020-11-17,Amador,005,37829,465,423,1,424,16
2020-11-17,Butte,007,227075,3808,3500,151,3651,59
2020-11-17,Calaveras,009,45235,420,405,0,405,21
2020-11-17,Colusa,011,21464,663,606,1,607,6
2020-11-17,Contra Costa,013,1133247,22766,21557,134,21691,256
2020-11-17,Del Norte,015,27424,275,233,0,233,2
2020-11-17,El Dorado,017,186661,2113,1758,17,1775,4
2020-11-17,Fresno,019,978130,39039,34765,1013,35778,472
2020-11-17,Glenn,021,27897,873,795,26,821,4
2020-11-17,Humboldt,023,135768,799,685,1,686,9
2020-11-17,Imperial,025,180216,15211,14204,24,14228,346
2020-11-17,Inyo,027,18085,285,263,1,264,15
2020-11-17,Kern,029,883053,38432,36164,886,37050,455
2020-11-17,Kings,031,150075,10407,9653,118,9771,85
2020-11-17,Lake,033,64148,872,792,0,792,18
2020-11-17,Lassen,035,31185,1478,1124,3,1127,0
2020-11-17,Los Angeles,037,10098052,361307,340933,4937,345870,7302
2020-11-17,Madera,039,155013,5906,5485,101,5586,54
2020-11-17,Marin,041,260295,7562,7404,23,7427,134
2020-11-17,Mariposa,043,17540,104,87,0,87,2
2020-11-17,Mendocino,045,87422,1346,1216,3,1219,23
2020-11-17,Merced,047,269075,11032,10457,85,10542,162
2020-11-17,Modoc,049,8938,88,71,17,88,0
2020-11-17,Mono,051,14174,479,459,8,467,2
2020-11-17,Monterey,053,433212,14144,13220,207,13427,108
2020-11-17,Napa,055,140530,2914,2568,14,2582,17
2020-11-17,Nevada,057,99092,1098,918,24,942,9
2020-11-17,Orange,059,3164182,71914,65757,2180,67937,1519
2020-11-17,Placer,061,380077,6164,5435,95,5530,63
2020-11-17,Plumas,063,18699,175,142,0,142,0
2020-11-17,Riverside,065,2383286,82501,77079,1259,78338,1379
2020-11-17,Sacramento,067,1510023,33814,31341,67,31408,538
2020-11-17,San Benito,069,59416,1712,1611,4,1615,15
2020-11-17,San Bernardino,071,2135413,84837,76134,1055,77189,1188
2020-11-17,San Diego,073,3302833,73127,66321,2460,68781,933
2020-11-17,San Francisco,075,870044,14594,13952,83,14035,153
2020-11-17,San Joaquin,077,732212,25033,23997,416,24413,516
2020-11-17,San Luis Obispo,079,281455,5808,5235,91,5326,34
2020-11-17,San Mateo,081,765935,13533,12491,8,12499,169
2020-11-17,Santa Barbara,083,443738,11472,10597,161,10758,136
2020-11-17,Santa Clara,085,1922200,31707,29013,50,29063,419
2020-11-17,Santa Cruz,087,273765,4050,3548,42,3590,25
2020-11-17,Shasta,089,179085,4563,3457,108,3565,40
2020-11-17,Sierra,091,2930,15,11,0,11,0
2020-11-17,Siskiyou,093,43540,453,333,26,359,0
2020-11-17,Solano,095,438530,9620,8905,51,8956,84
2020-11-17,Sonoma,097,501317,11559,11084,41,11125,155
2020-11-17,Stanislaus,099,539301,20468,19466,1215,20681,425
2020-11-17,Sutter,101,95872,2803,2370,8,2378,12
2020-11-17,Tehama,103,63373,1480,1290,11,1301,7
2020-11-17,Trinity,105,12862,175,83,14,97,0
2020-11-17,Tulare,107,460477,20134,19176,1027,20203,305
2020-11-17,Tuolumne,109,53932,831,568,3,571,7
2020-11-17,Ventura,111,848112,18181,16797,548,17345,173
2020-11-17,Yolo,113,214977,4309,3887,13,3900,70
2020-11-17,Yuba,115,75493,1713,1519,8,1527,10
2020-11-16,Alameda,001,1643700,27745,26063,286,26349,436
2020-11-16,Alpine,003,1148,38,12,0,12,0
2020-11-16,Amador,005,37829,457,414,1,415,16
2020-11-16,Butte,007,227075,3769,3490,142,3632,58
2020-11-16,Calaveras,009,45235,413,402,0,402,21
2020-11-16,Colusa,011,21464,654,601,1,602,6
2020-11-16,Contra Costa,013,1133247,22499,21386,129,21515,256
2020-11-16,Del Norte,015,27424,268,225,0,225,2
2020-11-16,El Dorado,017,186661,2052,1694,15,1709,4
2020-11-16,Fresno,019,978130,38553,34593,955,35548,471
2020-11-16,Glenn,021,27897,861,786,25,811,4
2020-11-16,Humboldt,023,135768,782,660,1,661,9
2020-11-16,Imperial,025,180216,14964,14111,24,14135,346
2020-11-16,Inyo,027,18085,282,263,1,264,15
2020-11-16,Kern,029,883053,38040,36049,842,36891,455
2020-11-16,Kings,031,150075,10141,9569,114,9683,85
2020-11-16,Lake,033,64148,860,784,0,784,18
2020-11-16,Lassen,035,31185,1297,1124,3,1127,0
2020-11-16,Los Angeles,037,10098052,356578,338778,4748,343526,7277
2020-11-16,Madera,039,155013,5820,5433,94,5527,54
2020-11-16,Marin,041,260295,7533,7359,23,7382,134
2020-11-16,Mariposa,043,17540,101,86,0,86,2
2020-11-16,Mendocino,045,87422,1321,1209,3,1212,23
2020-11-16,Merced,047,269075,10894,10399,82,10481,162
2020-11-16,Modoc,049,8938,86,71,17,88,0
2020-11-16,Mono,051,14174,477,453,8,461,2
2020-11-16,Monterey,053,433212,13901,13089,194,13283,107
2020-11-16,Napa,055,140530,2838,2536,14,2550,17
2020-11-16,Nevada,057,99092,1055,889,22,911,9
2020-11-16,Orange,059,3164182,70817,65396,2165,67561,1519
2020-11-16,Placer,061,380077,6045,5387,86,5473,63
2020-11-16,Plumas,063,18699,168,127,0,127,0
2020-11-16,Riverside,065,2383286,81132,76449,1191,77640,1379
2020-11-16,Sacramento,067,1510023,33176,30954,60,31014,534
2020-11-16,San Benito,069,59416,1694,1603,3,1606,15
2020-11-16,San Bernardino,071,2135413,83013,74401,983,75384,1186
2020-11-16,San Diego,073,3302833,71819,65603,2388,67991,926
2020-11-16,San Francisco,075,870044,14435,13847,80,13927,153
2020-11-16,San Joaquin,077,732212,24746,23515,406,23921,513
2020-11-16,San Luis Obispo,079,281455,5704,5161,86,5247,34
2020-11-16,San Mateo,081,765935,13373,12398,8,12406,169
2020-11-16,Santa Barbara,083,443738,11408,10565,157,10722,135
2020-11-16,Santa Clara,085,1922200,31142,28673,48,28721,419
2020-11-16,Santa Cruz,087,273765,3977,3520,42,3562,25
2020-11-16,Shasta,089,179085,4413,3284,103,3387,37
2020-11-16,Sierra,091,2930,15,11,0,11,0
2020-11-16,Siskiyou,093,43540,426,294,26,320,0
2020-11-16,Solano,095,438530,9421,8827,51,8878,84
2020-11-16,Sonoma,097,501317,11468,10961,40,11001,155
2020-11-16,Stanislaus,099,539301,20232,19333,1187,20520,425
2020-11-16,Sutter,101,95872,2697,2322,8,2330,12
2020-11-16,Tehama,103,63373,1435,1261,7,1268,7
2020-11-16,Trinity,105,12862,166,67,14,81,0
2020-11-16,Tulare,107,460477,19958,18891,970,19861,305
2020-11-16,Tuolumne,109,53932,795,543,3,546,7
2020-11-16,Ventura,111,848112,17843,16691,540,17231,172
2020-11-16,Yolo,113,214977,4213,3858,13,3871,70
2020-11-16,Yuba,115,75493,1677,1500,7,1507,10
2020-11-15,Alameda,001,1643700,27425,25879,280,26159,436
2020-11-15,Alpine,003,1148,36,12,0,12,0
2020-11-15,Amador,005,37829,445,409,1,410,16
2020-11-15,Butte,007,227075,3716,3452,132,3584,58
2020-11-15,Calaveras,009,45235,400,386,0,386,21
2020-11-15,Colusa,011,21464,645,601,1,602,6
2020-11-15,Contra Costa,013,1133247,22200,21179,128,21307,256
2020-11-15,Del Norte,015,27424,252,224,0,224,2
2020-11-15,El Dorado,017,186661,1990,1683,14,1697,4
2020-11-15,Fresno,019,978130,38043,34297,915,35212,471
2020-11-15,Glenn,021,27897,849,783,24,807,4
2020-11-15,Humboldt,023,135768,754,653,1,654,9
2020-11-15,Imperial,025,180216,14727,13940,24,13964,346
2020-11-15,Inyo,027,18085,272,263,1,264,15
2020-11-15,Kern,029,883053,37637,35911,805,36716,455
2020-11-15,Kings,031,150075,9948,9533,110,9643,85
2020-11-15,Lake,033,64148,851,777,0,777,17
2020-11-15,Lassen,035,31185,1250,1124,3,1127,0
2020-11-15,Los Angeles,037,10098052,351547,336035,4567,340602,7271
2020-11-15,Madera,039,155013,5723,5391,88,5479,54
2020-11-15,Marin,041,260295,7507,7347,23,7370,133
2020-11-15,Mariposa,043,17540,98,86,0,86,2
2020-11-15,Mendocino,045,87422,1302,1197,3,1200,22
2020-11-15,Merced,047,269075,10760,10350,82,10432,162
2020-11-15,Modoc,049,8938,85,68,17,85,0
2020-11-15,Mono,051,14174,475,453,8,461,2
2020-11-15,Monterey,053,433212,13704,12999,181,13180,107
2020-11-15,Napa,055,140530,2779,2509,12,2521,17
2020-11-15,Nevada,057,99092,1000,859,22,881,9
2020-11-15,Orange,059,3164182,69778,65008,2146,67154,1519
2020-11-15,Placer,061,380077,5890,5330,78,5408,63
2020-11-15,Plumas,063,18699,162,127,0,127,0
2020-11-15,Riverside,065,2383286,79813,75531,1130,76661,1374
2020-11-15,Sacramento,067,1510023,32550,30601,56,30657,534
2020-11-15,San Benito,069,59416,1669,1589,2,1591,15
2020-11-15,San Bernardino,071,2135413,80869,73769,902,74671,1185
2020-11-15,San Diego,073,3302833,70320,64770,2331,67101,926
2020-11-15,San Francisco,075,870044,14258,13757,79,13836,153
2020-11-15,San Joaquin,077,732212,24537,23516,390,23906,513
2020-11-15,San Luis Obispo,079,281455,5581,5120,83,5203,34
2020-11-15,San Mateo,081,765935,13196,12348,8,12356,169
2020-11-15,Santa Barbara,083,443738,11313,10516,155,10671,135
2020-11-15,Santa Clara,085,1922200,30689,28289,47,28336,418
2020-11-15,Santa Cruz,087,273765,3839,3439,41,3480,25
2020-11-15,Shasta,089,179085,4239,3290,94,3384,37
2020-11-15,Sierra,091,2930,15,11,0,11,0
2020-11-15,Siskiyou,093,43540,407,294,26,320,0
2020-11-15,Solano,095,438530,9260,8713,48,8761,84
2020-11-15,Sonoma,097,501317,11348,10833,39,10872,154
2020-11-15,Stanislaus,099,539301,19961,19228,1160,20388,425
2020-11-15,Sutter,101,95872,2608,2230,8,2238,12
2020-11-15,Tehama,103,63373,1384,1222,6,1228,7
2020-11-15,Trinity,105,12862,157,67,12,79,0
2020-11-15,Tulare,107,460477,19742,18891,915,19806,305
2020-11-15,Tuolumne,109,53932,754,486,3,489,7
2020-11-15,Ventura,111,848112,17569,16564,532,17096,172
2020-11-15,Yolo,113,214977,4110,3819,12,3831,67
2020-11-15,Yuba,115,75493,1636,1470,6,1476,10
2020-11-14,Alameda,001,1643700,27159,25714,277,25991,435
2020-11-14,Alpine,003,1148,36,12,0,12,0
2020-11-14,Amador,005,37829,436,404,0,404,16
2020-11-14,Butte,007,227075,3680,3434,118,3552,58
2020-11-14,Calaveras,009,45235,399,386,0,386,21
2020-11-14,Colusa,011,21464,633,601,1,602,6
2020-11-14,Contra Costa,013,1133247,22061,20975,121,21096,256
2020-11-14,Del Norte,015,27424,246,219,0,219,2
2020-11-14,El Dorado,017,186661,1946,1648,14,1662,4
2020-11-14,Fresno,019,978130,37793,33969,880,34849,471
2020-11-14,Glenn,021,27897,840,772,21,793,3
2020-11-14,Humboldt,023,135768,739,643,1,644,9
2020-11-14,Imperial,025,180216,14634,13932,23,13955,346
2020-11-14,Inyo,027,18085,271,263,1,264,15
2020-11-14,Kern,029,883053,37427,35626,786,36412,454
2020-11-14,Kings,031,150075,9913,9490,107,9597,85
2020-11-14,Lake,033,64148,842,773,0,773,17
2020-11-14,Lassen,035,31185,1236,833,3,836,0
2020-11-14,Los Angeles,037,10098052,348845,333021,4454,337475,7269
2020-11-14,Madera,039,155013,5693,5371,86,5457,54
2020-11-14,Marin,041,260295,7491,7325,23,7348,133
2020-11-14,Mariposa,043,17540,97,86,0,86,2
2020-11-14,Mendocino,045,87422,1286,1181,3,1184,22
2020-11-14,Merced,047,269075,10704,10286,80,10366,161
2020-11-14,Modoc,049,8938,84,64,16,80,0
2020-11-14,Mono,051,14174,475,453,8,461,2
2020-11-14,Monterey,053,433212,13608,12854,171,13025,105
2020-11-14,Napa,055,140530,2745,2473,12,2485,17
2020-11-14,Nevada,057,99092,984,835,22,857,9
2020-11-14,Orange,059,3164182,69158,64340,2133,66473,1517
2020-11-14,Placer,061,380077,5814,5215,72,5287,63
2020-11-14,Plumas,063,18699,157,128,0,128,0
2020-11-14,Riverside,065,2383286,79075,74910,1088,75998,1373
2020-11-14,Sacramento,067,1510023,32225,30298,55,30353,532
2020-11-14,San Benito,069,59416,1654,1573,2,1575,15
2020-11-14,San Bernardino,071,2135413,79937,72868,869,73737,1184
2020-11-14,San Diego,073,3302833,69555,63715,2279,65994,926
2020-11-14,San Francisco,075,870044,14171,13661,78,13739,153
2020-11-14,San Joaquin,077,732212,24446,23516,382,23898,511
2020-11-14,San Luis Obispo,079,281455,5518,5073,77,5150,34
2020-11-14,San Mateo,081,765935,13088,12293,8,12301,169
2020-11-14,Santa Barbara,083,443738,11259,10482,153,10635,135
2020-11-14,Santa Clara,085,1922200,30405,27962,45,28007,416
2020-11-14,Santa Cruz,087,273765,3784,3402,41,3443,25
2020-11-14,Shasta,089,179085,4154,3195,92,3287,37
2020-11-14,Sierra,091,2930,15,11,0,11,0
2020-11-14,Siskiyou,093,43540,394,292,26,318,0
2020-11-14,Solano,095,438530,9180,8655,47,8702,84
2020-11-14,Sonoma,097,501317,11295,10769,39,10808,154
2020-11-14,Stanislaus,099,539301,19819,19068,1138,20206,424
2020-11-14,Sutter,101,95872,2564,2182,8,2190,12
2020-11-14,Tehama,103,63373,1363,1206,5,1211,7
2020-11-14,Trinity,105,12862,152,67,12,79,0
2020-11-14,Tulare,107,460477,19648,18853,886,19739,305
2020-11-14,Tuolumne,109,53932,726,448,3,451,7
2020-11-14,Ventura,111,848112,17424,16297,520,16817,172
2020-11-14,Yolo,113,214977,4067,3765,10,3775,65
2020-11-14,Yuba,115,75493,1607,1453,6,1459,10
2020-11-13,Alameda,001,1643700,26943,25515,272,25787,434
2020-11-13,Alpine,003,1148,36,12,0,12,0
2020-11-13,Amador,005,37829,433,397,0,397,16
2020-11-13,Butte,007,227075,3656,3402,109,3511,58
2020-11-13,Calaveras,009,45235,395,378,0,378,21
2020-11-13,Colusa,011,21464,625,598,1,599,6
2020-11-13,Contra Costa,013,1133247,21889,20799,121,20920,256
2020-11-13,Del Norte,015,27424,244,208,0,208,2
2020-11-13,El Dorado,017,186661,1901,1611,13,1624,4
2020-11-13,Fresno,019,978130,37546,33693,866,34559,470
2020-11-13,Glenn,021,27897,826,755,17,772,3
2020-11-13,Humboldt,023,135768,724,638,1,639,9
2020-11-13,Imperial,025,180216,14564,13790,22,13812,341
2020-11-13,Inyo,027,18085,270,262,1,263,15
2020-11-13,Kern,029,883053,37225,35431,769,36200,453
2020-11-13,Kings,031,150075,9854,9428,106,9534,85
2020-11-13,Lake,033,64148,836,770,0,770,17
2020-11-13,Lassen,035,31185,1227,832,3,835,0
2020-11-13,Los Angeles,037,10098052,345725,329364,4340,333704,7248
2020-11-13,Madera,039,155013,5653,5340,85,5425,54
2020-11-13,Marin,041,260295,7478,7307,22,7329,133
2020-11-13,Mariposa,043,17540,95,86,0,86,2
2020-11-13,Mendocino,045,87422,1274,1173,3,1176,22
2020-11-13,Merced,047,269075,10649,10185,77,10262,159
2020-11-13,Modoc,049,8938,84,63,14,77,0
2020-11-13,Mono,051,14174,475,448,7,455,2
2020-11-13,Monterey,053,433212,13413,12681,159,12840,104
2020-11-13,Napa,055,140530,2706,2440,12,2452,17
2020-11-13,Nevada,057,99092,965,798,22,820,9
2020-11-13,Orange,059,3164182,68558,63804,2113,65917,1514
2020-11-13,Placer,061,380077,5709,5122,66,5188,63
2020-11-13,Plumas,063,18699,151,125,0,125,0
2020-11-13,Riverside,065,2383286,78338,74138,1059,75197,1372
2020-11-13,Sacramento,067,1510023,31907,29787,50,29837,524
2020-11-13,San Benito,069,59416,1642,1553,1,1554,15
2020-11-13,San Bernardino,071,2135413,78891,71895,847,72742,1184
2020-11-13,San Diego,073,3302833,68708,62978,2241,65219,921
2020-11-13,San Francisco,075,870044,14078,13516,76,13592,146
2020-11-13,San Joaquin,077,732212,24351,23314,375,23689,510
2020-11-13,San Luis Obispo,079,281455,5451,4960,74,5034,34
2020-11-13,San Mateo,081,765935,12994,12182,8,12190,169
2020-11-13,Santa Barbara,083,443738,11207,10405,151,10556,134
2020-11-13,Santa Clara,085,1922200,30078,27609,43,27652,415
2020-11-13,Santa Cruz,087,273765,3711,3343,41,3384,25
2020-11-13,Shasta,089,179085,4069,2983,88,3071,37
2020-11-13,Sierra,091,2930,15,11,0,11,0
2020-11-13,Siskiyou,093,43540,389,280,25,305,0
2020-11-13,Solano,095,438530,9089,8525,47,8572,84
2020-11-13,Sonoma,097,501317,11234,10685,37,10722,151
2020-11-13,Stanislaus,099,539301,19696,18936,1108,20044,422
2020-11-13,Sutter,101,95872,2518,2121,7,2128,12
2020-11-13,Tehama,103,63373,1335,1167,5,1172,7
2020-11-13,Trinity,105,12862,150,64,12,76,0
2020-11-13,Tulare,107,460477,19526,18714,843,19557,305
2020-11-13,Tuolumne,109,53932,693,427,3,430,7
2020-11-13,Ventura,111,848112,17279,16172,505,16677,171
2020-11-13,Yolo,113,214977,4016,3716,10,3726,65
2020-11-13,Yuba,115,75493,1580,1435,6,1441,10
2020-11-12,Alameda,001,1643700,26676,25345,272,25617,432
2020-11-12,Alpine,003,1148,35,12,0,12,0
2020-11-12,Amador,005,37829,432,392,0,392,16
2020-11-12,Butte,007,227075,3607,3347,106,3453,58
2020-11-12,Calaveras,009,45235,390,373,0,373,21
2020-11-12,Colusa,011,21464,620,591,1,592,6
2020-11-12,Contra Costa,013,1133247,21681,20619,119,20738,255
2020-11-12,Del Norte,015,27424,237,203,0,203,2
2020-11-12,El Dorado,017,186661,1855,1573,9,1582,4
2020-11-12,Fresno,019,978130,37201,33459,823,34282,468
2020-11-12,Glenn,021,27897,807,727,17,744,3
2020-11-12,Humboldt,023,135768,711,625,1,626,9
2020-11-12,Imperial,025,180216,14399,13619,22,13641,341
2020-11-12,Inyo,027,18085,269,255,1,256,15
2020-11-12,Kern,029,883053,36961,35207,753,35960,451
2020-11-12,Kings,031,150075,9788,9335,104,9439,85
2020-11-12,Lake,033,64148,827,764,0,764,17
2020-11-12,Lassen,035,31185,1158,832,2,834,0
2020-11-12,Los Angeles,037,10098052,341986,327001,4237,331238,7223
2020-11-12,Madera,039,155013,5618,5273,80,5353,54
2020-11-12,Marin,041,260295,7449,7268,22,7290,133
2020-11-12,Mariposa,043,17540,93,84,0,84,2
2020-11-12,Mendocino,045,87422,1255,1142,3,1145,22
2020-11-12,Merced,047,269075,10535,10107,74,10181,158
2020-11-12,Modoc,049,8938,84,63,14,77,0
2020-11-12,Mono,051,14174,474,442,7,449,2
2020-11-12,Monterey,053,433212,13292,12489,145,12634,100
2020-11-12,Napa,055,140530,2644,2398,12,2410,16
2020-11-12,Nevada,057,99092,942,780,21,801,9
2020-11-12,Orange,059,3164182,67813,63232,2093,65325,1514
2020-11-12,Placer,061,380077,5599,5044,56,5100,62
2020-11-12,Plumas,063,18699,147,121,0,121,0
2020-11-12,Riverside,065,2383286,77412,73381,1014,74395,1362
2020-11-12,Sacramento,067,1510023,31416,29459,43,29502,520
2020-11-12,San Benito,069,59416,1622,1525,1,1526,15
2020-11-12,San Bernardino,071,2135413,77526,70758,808,71566,1183
2020-11-12,San Diego,073,3302833,67729,62336,2190,64526,918
2020-11-12,San Francisco,075,870044,13979,13289,75,13364,146
2020-11-12,San Joaquin,077,732212,24157,23002,354,23356,509
2020-11-12,San Luis Obispo,079,281455,5387,4898,73,4971,33
2020-11-12,San Mateo,081,765935,12871,12086,7,12093,169
2020-11-12,Santa Barbara,083,443738,11145,10325,145,10470,134
2020-11-12,Santa Clara,085,1922200,29702,27261,42,27303,414
2020-11-12,Santa Cruz,087,273765,3628,3317,39,3356,25
2020-11-12,Shasta,089,179085,3931,2825,77,2902,37
2020-11-12,Sierra,091,2930,15,11,0,11,0
2020-11-12,Siskiyou,093,43540,372,275,20,295,0
2020-11-12,Solano,095,438530,8989,8417,46,8463,85
2020-11-12,Sonoma,097,501317,11132,10602,36,10638,151
2020-11-12,Stanislaus,099,539301,19530,18787,1077,19864,422
2020-11-12,Sutter,101,95872,2434,2075,7,2082,12
2020-11-12,Tehama,103,63373,1308,1117,5,1122,7
2020-11-12,Trinity,105,12862,142,62,12,74,0
2020-11-12,Tulare,107,460477,19414,18545,806,19351,305
2020-11-12,Tuolumne,109,53932,654,353,3,356,7
2020-11-12,Ventura,111,848112,17030,16013,498,16511,158
2020-11-12,Yolo,113,214977,3972,3646,10,3656,63
2020-11-12,Yuba,115,75493,1545,1410,6,1416,10
2020-11-11,Alameda,001,1643700,26434,25140,270,25410,429
2020-11-11,Alpine,003,1148,30,12,0,12,0
2020-11-11,Amador,005,37829,425,389,0,389,16
2020-11-11,Butte,007,227075,3582,3348,92,3440,58
2020-11-11,Calaveras,009,45235,380,373,0,373,21
2020-11-11,Colusa,011,21464,614,591,1,592,6
2020-11-11,Contra Costa,013,1133247,21462,20452,117,20569,255
2020-11-11,Del Norte,015,27424,230,203,0,203,2
2020-11-11,El Dorado,017,186661,1809,1564,8,1572,4
2020-11-11,Fresno,019,978130,36882,33287,789,34076,468
2020-11-11,Glenn,021,27897,791,722,16,738,3
2020-11-11,Humboldt,023,135768,697,623,1,624,9
2020-11-11,Imperial,025,180216,14228,13623,20,13643,340
2020-11-11,Inyo,027,18085,267,255,1,256,15
2020-11-11,Kern,029,883053,36688,35014,735,35749,449
2020-11-11,Kings,031,150075,9682,9263,101,9364,85
2020-11-11,Lake,033,64148,817,763,0,763,17
2020-11-11,Lassen,035,31185,1133,831,2,833,0
2020-11-11,Los Angeles,037,10098052,338629,324567,4144,328711,7220
2020-11-11,Madera,039,155013,5584,5248,77,5325,54
2020-11-11,Marin,041,260295,7426,7268,22,7290,133
2020-11-11,Mariposa,043,17540,93,84,0,84,2
2020-11-11,Mendocino,045,87422,1243,1142,3,1145,22
2020-11-11,Merced,047,269075,10464,10074,72,10146,157
2020-11-11,Modoc,049,8938,80,62,13,75,0
2020-11-11,Mono,051,14174,472,443,7,450,2
2020-11-11,Monterey,053,433212,13150,12417,141,12558,100
2020-11-11,Napa,055,140530,2595,2365,9,2374,15
2020-11-11,Nevada,057,99092,900,741,21,762,9
2020-11-11,Orange,059,3164182,67176,62929,2070,64999,1506
2020-11-11,Placer,061,380077,5515,4981,48,5029,60
2020-11-11,Plumas,063,18699,145,111,0,111,0
2020-11-11,Riverside,065,2383286,76511,72953,964,73917,1361
2020-11-11,Sacramento,067,1510023,30959,28968,41,29009,520
2020-11-11,San Benito,069,59416,1608,1512,1,1513,15
2020-11-11,San Bernardino,071,2135413,76242,70374,779,71153,1182
2020-11-11,San Diego,073,3302833,66794,61746,2129,63875,918
2020-11-11,San Francisco,075,870044,13871,13287,73,13360,146
2020-11-11,San Joaquin,077,732212,23998,23001,348,23349,509
2020-11-11,San Luis Obispo,079,281455,5312,4832,70,4902,33
2020-11-11,San Mateo,081,765935,12756,12008,7,12015,169
2020-11-11,Santa Barbara,083,443738,11080,10278,145,10423,134
2020-11-11,Santa Clara,085,1922200,29349,27075,41,27116,413
2020-11-11,Santa Cruz,087,273765,3560,3247,39,3286,25
2020-11-11,Shasta,089,179085,3808,2766,67,2833,36
2020-11-11,Sierra,091,2930,13,11,0,11,0
2020-11-11,Siskiyou,093,43540,341,261,17,278,0
2020-11-11,Solano,095,438530,8872,8353,43,8396,85
2020-11-11,Sonoma,097,501317,11058,10498,36,10534,150
2020-11-11,Stanislaus,099,539301,19393,18671,1045,19716,422
2020-11-11,Sutter,101,95872,2386,2049,6,2055,12
2020-11-11,Tehama,103,63373,1266,1105,4,1109,7
2020-11-11,Trinity,105,12862,132,62,12,74,0
2020-11-11,Tulare,107,460477,19284,18500,775,19275,305
2020-11-11,Tuolumne,109,53932,598,354,3,357,7
2020-11-11,Ventura,111,848112,16815,15801,484,16285,158
2020-11-11,Yolo,113,214977,3921,3606,10,3616,63
2020-11-11,Yuba,115,75493,1530,1400,6,1406,10
2020-11-10,Alameda,001,1643700,26204,25008,267,25275,424
2020-11-10,Alpine,003,1148,30,9,0,9,0
2020-11-10,Amador,005,37829,419,384,0,384,16
2020-11-10,Butte,007,227075,3546,3327,88,3415,58
2020-11-10,Calaveras,009,45235,375,367,0,367,21
2020-11-10,Colusa,011,21464,606,590,1,591,6
2020-11-10,Contra Costa,013,1133247,21256,20326,114,20440,255
2020-11-10,Del Norte,015,27424,224,196,0,196,2
2020-11-10,El Dorado,017,186661,1748,1551,8,1559,4
2020-11-10,Fresno,019,978130,36614,33024,751,33775,465
2020-11-10,Glenn,021,27897,783,719,12,731,3
2020-11-10,Humboldt,023,135768,680,610,1,611,9
2020-11-10,Imperial,025,180216,14098,13570,20,13590,338
2020-11-10,Inyo,027,18085,266,252,1,253,14
2020-11-10,Kern,029,883053,36411,34858,716,35574,448
2020-11-10,Kings,031,150075,9635,9236,94,9330,85
2020-11-10,Lake,033,64148,807,762,0,762,16
2020-11-10,Lassen,035,31185,1118,830,2,832,0
2020-11-10,Los Angeles,037,10098052,335384,322569,4024,326593,7205
2020-11-10,Madera,039,155013,5542,5229,71,5300,54
2020-11-10,Marin,041,260295,7407,7259,22,7281,133
2020-11-10,Mariposa,043,17540,91,84,0,84,2
2020-11-10,Mendocino,045,87422,1235,1137,3,1140,22
2020-11-10,Merced,047,269075,10402,9992,66,10058,157
2020-11-10,Modoc,049,8938,78,61,13,74,0
2020-11-10,Mono,051,14174,470,443,7,450,2
2020-11-10,Monterey,053,433212,13012,12335,133,12468,100
2020-11-10,Napa,055,140530,2557,2341,7,2348,15
2020-11-10,Nevada,057,99092,884,734,21,755,9
2020-11-10,Orange,059,3164182,66627,62597,2059,64656,1504
2020-11-10,Placer,061,380077,5436,4902,47,4949,60
2020-11-10,Plumas,063,18699,141,108,0,108,0
2020-11-10,Riverside,065,2383286,75870,72316,937,73253,1359
2020-11-10,Sacramento,067,1510023,30551,28677,38,28715,519
2020-11-10,San Benito,069,59416,1593,1508,1,1509,15
2020-11-10,San Bernardino,071,2135413,75073,69666,744,70410,1182
2020-11-10,San Diego,073,3302833,65903,61085,2092,63177,915
2020-11-10,San Francisco,075,870044,13754,13210,73,13283,146
2020-11-10,San Joaquin,077,732212,23834,22865,341,23206,508
2020-11-10,San Luis Obispo,079,281455,5250,4780,66,4846,33
2020-11-10,San Mateo,081,765935,12655,11939,7,11946,169
2020-11-10,Santa Barbara,083,443738,11013,10252,141,10393,134
2020-11-10,Santa Clara,085,1922200,29007,26917,39,26956,409
2020-11-10,Santa Cruz,087,273765,3496,3221,39,3260,25
2020-11-10,Shasta,089,179085,3666,2686,59,2745,36
2020-11-10,Sierra,091,2930,12,10,0,10,0
2020-11-10,Siskiyou,093,43540,325,263,16,279,0
2020-11-10,Solano,095,438530,8774,8299,43,8342,85
2020-11-10,Sonoma,097,501317,10971,10414,36,10450,150
2020-11-10,Stanislaus,099,539301,19259,18592,1021,19613,420
2020-11-10,Sutter,101,95872,2291,2035,5,2040,12
2020-11-10,Tehama,103,63373,1240,1099,3,1102,7
2020-11-10,Trinity,105,12862,123,62,11,73,0
2020-11-10,Tulare,107,460477,19170,18430,751,19181,305
2020-11-10,Tuolumne,109,53932,550,353,3,356,7
2020-11-10,Ventura,111,848112,16632,15625,482,16107,158
2020-11-10,Yolo,113,214977,3860,3573,10,3583,63
2020-11-10,Yuba,115,75493,1507,1392,6,1398,10
2020-11-09,Alameda,001,1643700,25955,24899,263,25162,424
2020-11-09,Alpine,003,1148,28,6,0,6,0
2020-11-09,Amador,005,37829,410,380,0,380,16
2020-11-09,Butte,007,227075,3501,3301,79,3380,57
2020-11-09,Calaveras,009,45235,371,360,0,360,21
2020-11-09,Colusa,011,21464,600,583,1,584,6
2020-11-09,Contra Costa,013,1133247,21083,20193,112,20305,255
2020-11-09,Del Norte,015,27424,218,195,0,195,2
2020-11-09,El Dorado,017,186661,1707,1515,8,1523,4
2020-11-09,Fresno,019,978130,36305,32755,707,33462,465
2020-11-09,Glenn,021,27897,777,714,9,723,3
2020-11-09,Humboldt,023,135768,667,607,1,608,9
2020-11-09,Imperial,025,180216,13981,13508,19,13527,338
2020-11-09,Inyo,027,18085,266,252,1,253,14
2020-11-09,Kern,029,883053,36183,34764,677,35441,448
2020-11-09,Kings,031,150075,9565,9141,92,9233,84
2020-11-09,Lake,033,64148,798,755,0,755,16
2020-11-09,Lassen,035,31185,1022,799,2,801,0
2020-11-09,Los Angeles,037,10098052,332290,320370,3945,324315,7180
2020-11-09,Madera,039,155013,5496,5209,68,5277,54
2020-11-09,Marin,041,260295,7381,7237,21,7258,131
2020-11-09,Mariposa,043,17540,91,84,0,84,2
2020-11-09,Mendocino,045,87422,1223,1132,3,1135,22
2020-11-09,Merced,047,269075,10299,9922,63,9985,157
2020-11-09,Modoc,049,8938,74,54,12,66,0
2020-11-09,Mono,051,14174,467,352,7,359,2
2020-11-09,Monterey,053,433212,12866,12148,125,12273,98
2020-11-09,Napa,055,140530,2514,2309,7,2316,15
2020-11-09,Nevada,057,99092,847,729,20,749,9
2020-11-09,Orange,059,3164182,65987,62335,2047,64382,1501
2020-11-09,Placer,061,380077,5351,4843,35,4878,60
2020-11-09,Plumas,063,18699,134,102,0,102,0
2020-11-09,Riverside,065,2383286,75089,72059,903,72962,1346
2020-11-09,Sacramento,067,1510023,30079,28200,38,28238,516
2020-11-09,San Benito,069,59416,1584,1506,1,1507,15
2020-11-09,San Bernardino,071,2135413,74022,69015,699,69714,1182
2020-11-09,San Diego,073,3302833,65048,60572,2052,62624,908
2020-11-09,San Francisco,075,870044,13635,12984,70,13054,146
2020-11-09,San Joaquin,077,732212,23669,22512,336,22848,505
2020-11-09,San Luis Obispo,079,281455,5166,4746,63,4809,32
2020-11-09,San Mateo,081,765935,12548,11857,7,11864,169
2020-11-09,Santa Barbara,083,443738,10956,10214,135,10349,134
2020-11-09,Santa Clara,085,1922200,28612,26693,39,26732,409
2020-11-09,Santa Cruz,087,273765,3438,3194,39,3233,25
2020-11-09,Shasta,089,179085,3511,2581,50,2631,36
2020-11-09,Sierra,091,2930,10,10,0,10,0
2020-11-09,Siskiyou,093,43540,314,257,14,271,0
2020-11-09,Solano,095,438530,8658,8254,42,8296,85
2020-11-09,Sonoma,097,501317,10863,10310,36,10346,150
2020-11-09,Stanislaus,099,539301,19108,18482,1002,19484,418
2020-11-09,Sutter,101,95872,2223,2010,4,2014,12
2020-11-09,Tehama,103,63373,1204,1071,2,1073,7
2020-11-09,Trinity,105,12862,118,46,11,57,0
2020-11-09,Tulare,107,460477,19050,18272,719,18991,304
2020-11-09,Tuolumne,109,53932,496,346,3,349,7
2020-11-09,Ventura,111,848112,16430,15568,479,16047,156
2020-11-09,Yolo,113,214977,3800,3522,9,3531,62
2020-11-09,Yuba,115,75493,1474,1380,6,1386,10
2020-11-08,Alameda,001,1643700,25727,24731,263,24994,424
2020-11-08,Alpine,003,1148,25,6,0,6,0
2020-11-08,Amador,005,37829,403,376,0,376,16
2020-11-08,Butte,007,227075,3463,3285,73,3358,57
2020-11-08,Calaveras,009,45235,369,360,0,360,21
2020-11-08,Colusa,011,21464,597,583,1,584,6
2020-11-08,Contra Costa,013,1133247,20912,20031,110,20141,254
2020-11-08,Del Norte,015,27424,210,195,0,195,2
2020-11-08,El Dorado,017,186661,1669,1502,8,1510,4
2020-11-08,Fresno,019,978130,35971,32619,668,33287,465
2020-11-08,Glenn,021,27897,771,707,8,715,3
2020-11-08,Humboldt,023,135768,651,605,1,606,9
2020-11-08,Imperial,025,180216,13865,13428,19,13447,338
2020-11-08,Inyo,027,18085,262,252,1,253,14
2020-11-08,Kern,029,883053,35965,34644,659,35303,448
2020-11-08,Kings,031,150075,9432,9026,89,9115,84
2020-11-08,Lake,033,64148,790,754,0,754,16
2020-11-08,Lassen,035,31185,874,799,2,801,0
2020-11-08,Los Angeles,037,10098052,329170,318960,3871,322831,7176
2020-11-08,Madera,039,155013,5428,5196,65,5261,54
2020-11-08,Marin,041,260295,7361,7227,21,7248,131
2020-11-08,Mariposa,043,17540,91,83,0,83,2
2020-11-08,Mendocino,045,87422,1214,1129,3,1132,22
2020-11-08,Merced,047,269075,10224,9885,61,9946,157
2020-11-08,Modoc,049,8938,70,54,12,66,0
2020-11-08,Mono,051,14174,461,352,7,359,2
2020-11-08,Monterey,053,433212,12722,12122,113,12235,98
2020-11-08,Napa,055,140530,2474,2274,7,2281,15
2020-11-08,Nevada,057,99092,831,715,20,735,9
2020-11-08,Orange,059,3164182,65400,62034,2033,64067,1501
2020-11-08,Placer,061,380077,5249,4800,30,4830,60
2020-11-08,Plumas,063,18699,129,102,0,102,0
2020-11-08,Riverside,065,2383286,74437,71442,860,72302,1345
2020-11-08,Sacramento,067,1510023,29520,28059,34,28093,515
2020-11-08,San Benito,069,59416,1569,1496,1,1497,15
2020-11-08,San Bernardino,071,2135413,72780,68412,652,69064,1182
2020-11-08,San Diego,073,3302833,64203,60199,2008,62207,908
2020-11-08,San Francisco,075,870044,13504,12985,65,13050,146
2020-11-08,San Joaquin,077,732212,23476,22514,332,22846,505
2020-11-08,San Luis Obispo,079,281455,5100,4698,58,4756,32
2020-11-08,San Mateo,081,765935,12429,11783,7,11790,169
2020-11-08,Santa Barbara,083,443738,10886,10180,133,10313,134
2020-11-08,Santa Clara,085,1922200,28238,26442,38,26480,410
2020-11-08,Santa Cruz,087,273765,3381,3134,39,3173,25
2020-11-08,Shasta,089,179085,3375,2582,44,2626,36
2020-11-08,Sierra,091,2930,10,7,0,7,0
2020-11-08,Siskiyou,093,43540,302,246,13,259,0
2020-11-08,Solano,095,438530,8537,8132,41,8173,85
2020-11-08,Sonoma,097,501317,10756,10229,36,10265,149
2020-11-08,Stanislaus,099,539301,18936,18413,979,19392,418
2020-11-08,Sutter,101,95872,2166,1980,4,1984,12
2020-11-08,Tehama,103,63373,1180,1054,2,1056,7
2020-11-08,Trinity,105,12862,115,46,11,57,0
2020-11-08,Tulare,107,460477,18909,18272,686,18958,304
2020-11-08,Tuolumne,109,53932,469,341,3,344,7
2020-11-08,Ventura,111,848112,16235,15504,471,15975,156
2020-11-08,Yolo,113,214977,3739,3492,9,3501,61
2020-11-08,Yuba,115,75493,1453,1369,6,1375,10
2020-11-07,Alameda,001,1643700,25617,24578,261,24839,424
2020-11-07,Alpine,003,1148,25,6,0,6,0
2020-11-07,Amador,005,37829,400,375,0,375,16
2020-11-07,Butte,007,227075,3451,3277,68,3345,57
2020-11-07,Calaveras,009,45235,367,360,0,360,21
2020-11-07,Colusa,011,21464,597,583,1,584,6
2020-11-07,Contra Costa,013,1133247,20811,19943,109,20052,254
2020-11-07,Del Norte,015,27424,206,194,0,194,2
2020-11-07,El Dorado,017,186661,1644,1495,7,1502,4
2020-11-07,Fresno,019,978130,35818,32497,646,33143,465
2020-11-07,Glenn,021,27897,763,707,8,715,3
2020-11-07,Humboldt,023,135768,640,590,1,591,9
2020-11-07,Imperial,025,180216,13807,13388,18,13406,338
2020-11-07,Inyo,027,18085,260,252,1,253,14
2020-11-07,Kern,029,883053,35811,34513,648,35161,448
2020-11-07,Kings,031,150075,9399,9005,83,9088,84
2020-11-07,Lake,033,64148,786,751,0,751,16
2020-11-07,Lassen,035,31185,858,799,2,801,0
2020-11-07,Los Angeles,037,10098052,327669,316756,3796,320552,7174
2020-11-07,Madera,039,155013,5406,5177,63,5240,54
2020-11-07,Marin,041,260295,7350,7215,21,7236,131
2020-11-07,Mariposa,043,17540,91,81,0,81,2
2020-11-07,Mendocino,045,87422,1204,1118,3,1121,22
2020-11-07,Merced,047,269075,10192,9855,57,9912,157
2020-11-07,Modoc,049,8938,70,51,12,63,0
2020-11-07,Mono,051,14174,458,352,7,359,2
2020-11-07,Monterey,053,433212,12653,12030,109,12139,98
2020-11-07,Napa,055,140530,2444,2260,6,2266,15
2020-11-07,Nevada,057,99092,815,710,20,730,9
2020-11-07,Orange,059,3164182,65114,62038,2026,64064,1505
2020-11-07,Placer,061,380077,5186,4745,30,4775,60
2020-11-07,Plumas,063,18699,127,94,0,94,0
2020-11-07,Riverside,065,2383286,74044,71153,830,71983,1345
2020-11-07,Sacramento,067,1510023,29270,27773,34,27807,515
2020-11-07,San Benito,069,59416,1557,1489,1,1490,15
2020-11-07,San Bernardino,071,2135413,72265,67935,641,68576,1182
2020-11-07,San Diego,073,3302833,63691,59682,1976,61658,909
2020-11-07,San Francisco,075,870044,13443,12980,64,13044,146
2020-11-07,San Joaquin,077,732212,23368,22517,325,22842,505
2020-11-07,San Luis Obispo,079,281455,5051,4668,55,4723,32
2020-11-07,San Mateo,081,765935,12366,11711,7,11718,169
2020-11-07,Santa Barbara,083,443738,10844,10157,131,10288,134
2020-11-07,Santa Clara,085,1922200,28033,26244,37,26281,410
2020-11-07,Santa Cruz,087,273765,3343,3130,39,3169,25
2020-11-07,Shasta,089,179085,3306,2547,42,2589,36
2020-11-07,Sierra,091,2930,10,7,0,7,0
2020-11-07,Siskiyou,093,43540,298,241,13,254,0
2020-11-07,Solano,095,438530,8485,8066,41,8107,85
2020-11-07,Sonoma,097,501317,10710,10200,36,10236,149
2020-11-07,Stanislaus,099,539301,18828,18386,961,19347,418
2020-11-07,Sutter,101,95872,2126,1973,4,1977,12
2020-11-07,Tehama,103,63373,1156,1043,2,1045,7
2020-11-07,Trinity,105,12862,115,42,10,52,0
2020-11-07,Tulare,107,460477,18854,18229,668,18897,304
2020-11-07,Tuolumne,109,53932,458,327,3,330,7
2020-11-07,Ventura,111,848112,16175,15364,466,15830,156
2020-11-07,Yolo,113,214977,3708,3486,9,3495,61
2020-11-07,Yuba,115,75493,1438,1349,6,1355,10
2020-11-06,Alameda,001,1643700,25485,24389,259,24648,420
2020-11-06,Alpine,003,1148,25,6,0,6,0
2020-11-06,Amador,005,37829,398,369,0,369,16
2020-11-06,Butte,007,227075,3426,3254,60,3314,57
2020-11-06,Calaveras,009,45235,366,359,0,359,21
2020-11-06,Colusa,011,21464,595,580,1,581,6
2020-11-06,Contra Costa,013,1133247,20662,19744,109,19853,252
2020-11-06,Del Norte,015,27424,203,194,0,194,2
2020-11-06,El Dorado,017,186661,1618,1475,7,1482,4
2020-11-06,Fresno,019,978130,35630,32278,629,32907,460
2020-11-06,Glenn,021,27897,757,707,7,714,3
2020-11-06,Humboldt,023,135768,637,587,1,588,9
2020-11-06,Imperial,025,180216,13754,13230,18,13248,338
2020-11-06,Inyo,027,18085,258,246,1,247,14
2020-11-06,Kern,029,883053,35648,34360,629,34989,443
2020-11-06,Kings,031,150075,9376,8883,80,8963,83
2020-11-06,Lake,033,64148,785,741,0,741,16
2020-11-06,Lassen,035,31185,850,794,2,796,0
2020-11-06,Los Angeles,037,10098052,325700,314356,3740,318096,7160
2020-11-06,Madera,039,155013,5390,5136,62,5198,54
2020-11-06,Marin,041,260295,7329,7184,21,7205,131
2020-11-06,Mariposa,043,17540,90,79,0,79,2
2020-11-06,Mendocino,045,87422,1199,1113,3,1116,22
2020-11-06,Merced,047,269075,10153,9778,53,9831,157
2020-11-06,Modoc,049,8938,70,48,12,60,0
2020-11-06,Mono,051,14174,452,308,7,315,1
2020-11-06,Monterey,053,433212,12536,11914,108,12022,96
2020-11-06,Napa,055,140530,2419,2189,6,2195,15
2020-11-06,Nevada,057,99092,802,692,19,711,9
2020-11-06,Orange,059,3164182,64811,61049,2016,63065,1494
2020-11-06,Placer,061,380077,5113,4680,30,4710,60
2020-11-06,Plumas,063,18699,122,90,0,90,0
2020-11-06,Riverside,065,2383286,73597,70409,786,71195,1341
2020-11-06,Sacramento,067,1510023,28978,27489,32,27521,514
2020-11-06,San Benito,069,59416,1548,1479,1,1480,15
2020-11-06,San Bernardino,071,2135413,71669,66740,620,67360,1179
2020-11-06,San Diego,073,3302833,63168,59143,1944,61087,907
2020-11-06,San Francisco,075,870044,13373,12825,63,12888,146
2020-11-06,San Joaquin,077,732212,23282,22424,315,22739,502
2020-11-06,San Luis Obispo,079,281455,4987,4531,49,4580,32
2020-11-06,San Mateo,081,765935,12291,11587,7,11594,168
2020-11-06,Santa Barbara,083,443738,10808,10118,126,10244,133
2020-11-06,Santa Clara,085,1922200,27790,25831,37,25868,402
2020-11-06,Santa Cruz,087,273765,3306,3063,39,3102,25
2020-11-06,Shasta,089,179085,3234,2475,40,2515,35
2020-11-06,Sierra,091,2930,9,7,0,7,0
2020-11-06,Siskiyou,093,43540,285,237,12,249,0
2020-11-06,Solano,095,438530,8420,7959,41,8000,85
2020-11-06,Sonoma,097,501317,10660,10142,36,10178,149
2020-11-06,Stanislaus,099,539301,18740,18250,952,19202,417
2020-11-06,Sutter,101,95872,2099,1937,2,1939,12
2020-11-06,Tehama,103,63373,1135,1024,2,1026,6
2020-11-06,Trinity,105,12862,112,41,10,51,0
2020-11-06,Tulare,107,460477,18792,18136,641,18777,300
2020-11-06,Tuolumne,109,53932,437,316,3,319,5
2020-11-06,Ventura,111,848112,16089,15222,463,15685,154
2020-11-06,Yolo,113,214977,3679,3420,9,3429,62
2020-11-06,Yuba,115,75493,1425,1335,6,1341,10
2020-11-05,Alameda,001,1643700,25307,24270,259,24529,420
2020-11-05,Alpine,003,1148,25,6,0,6,0
2020-11-05,Amador,005,37829,395,363,0,363,16
2020-11-05,Butte,007,227075,3403,3239,54,3293,57
2020-11-05,Calaveras,009,45235,359,333,0,333,19
2020-11-05,Colusa,011,21464,591,574,1,575,6
2020-11-05,Contra Costa,013,1133247,20480,19656,107,19763,252
2020-11-05,Del Norte,015,27424,201,192,0,192,2
2020-11-05,El Dorado,017,186661,1594,1466,7,1473,4
2020-11-05,Fresno,019,978130,35393,32056,606,32662,460
2020-11-05,Glenn,021,27897,737,702,7,709,3
2020-11-05,Humboldt,023,135768,626,581,1,582,9
2020-11-05,Imperial,025,180216,13662,13178,17,13195,337
2020-11-05,Inyo,027,18085,258,247,1,248,14
2020-11-05,Kern,029,883053,35448,34232,615,34847,443
2020-11-05,Kings,031,150075,9221,8846,77,8923,83
2020-11-05,Lake,033,64148,781,739,0,739,16
2020-11-05,Lassen,035,31185,819,782,2,784,0
2020-11-05,Los Angeles,037,10098052,323347,312381,3684,316065,7146
2020-11-05,Madera,039,155013,5351,5129,59,5188,54
2020-11-05,Marin,041,260295,7307,7171,21,7192,131
2020-11-05,Mariposa,043,17540,89,79,0,79,2
2020-11-05,Mendocino,045,87422,1187,1112,3,1115,22
2020-11-05,Merced,047,269075,10094,9753,48,9801,155
2020-11-05,Modoc,049,8938,69,47,11,58,0
2020-11-05,Mono,051,14174,450,307,7,314,1
2020-11-05,Monterey,053,433212,12428,11784,104,11888,96
2020-11-05,Napa,055,140530,2392,2158,6,2164,15
2020-11-05,Nevada,057,99092,780,687,18,705,9
2020-11-05,Orange,059,3164182,64365,60740,2006,62746,1484
2020-11-05,Placer,061,380077,5044,4627,25,4652,60
2020-11-05,Plumas,063,18699,114,90,0,90,0
2020-11-05,Riverside,065,2383286,72887,70094,726,70820,1338
2020-11-05,Sacramento,067,1510023,28596,27232,31,27263,512
2020-11-05,San Benito,069,59416,1533,1477,1,1478,15
2020-11-05,San Bernardino,071,2135413,70844,66407,605,67012,1174
2020-11-05,San Diego,073,3302833,62542,58659,1918,60577,904
2020-11-05,San Francisco,075,870044,13261,12726,62,12788,146
2020-11-05,San Joaquin,077,732212,23119,22318,310,22628,502
2020-11-05,San Luis Obispo,079,281455,4919,4459,47,4506,32
2020-11-05,San Mateo,081,765935,12197,11535,7,11542,168
2020-11-05,Santa Barbara,083,443738,10763,10080,122,10202,133
2020-11-05,Santa Clara,085,1922200,27522,25651,37,25688,402
2020-11-05,Santa Cruz,087,273765,3268,3023,39,3062,25
2020-11-05,Shasta,089,179085,3144,2401,39,2440,34
2020-11-05,Sierra,091,2930,9,6,0,6,0
2020-11-05,Siskiyou,093,43540,274,228,12,240,0
2020-11-05,Solano,095,438530,8337,7842,41,7883,85
2020-11-05,Sonoma,097,501317,10548,10064,35,10099,145
2020-11-05,Stanislaus,099,539301,18626,18194,939,19133,417
2020-11-05,Sutter,101,95872,2067,1925,2,1927,12
2020-11-05,Tehama,103,63373,1113,1015,2,1017,6
2020-11-05,Trinity,105,12862,98,41,10,51,0
2020-11-05,Tulare,107,460477,18708,18049,609,18658,301
2020-11-05,Tuolumne,109,53932,408,312,3,315,5
2020-11-05,Ventura,111,848112,15923,15113,452,15565,155
2020-11-05,Yolo,113,214977,3629,3391,9,3400,61
2020-11-05,Yuba,115,75493,1407,1322,6,1328,10
2020-11-04,Alameda,001,1643700,25129,24172,257,24429,418
2020-11-04,Alpine,003,1148,21,5,0,5,0
2020-11-04,Amador,005,37829,392,362,0,362,16
2020-11-04,Butte,007,227075,3377,3218,51,3269,57
2020-11-04,Calaveras,009,45235,356,290,0,290,19
2020-11-04,Colusa,011,21464,589,571,1,572,6
2020-11-04,Contra Costa,013,1133247,20314,19472,103,19575,251
2020-11-04,Del Norte,015,27424,197,188,0,188,2
2020-11-04,El Dorado,017,186661,1579,1448,4,1452,4
2020-11-04,Fresno,019,978130,35163,31952,577,32529,457
2020-11-04,Glenn,021,27897,733,701,6,707,3
2020-11-04,Humboldt,023,135768,617,571,1,572,9
2020-11-04,Imperial,025,180216,13564,13087,17,13104,335
2020-11-04,Inyo,027,18085,257,247,1,248,14
2020-11-04,Kern,029,883053,35294,34027,603,34630,439
2020-11-04,Kings,031,150075,9187,8817,75,8892,83
2020-11-04,Lake,033,64148,774,735,0,735,16
2020-11-04,Lassen,035,31185,814,781,2,783,0
2020-11-04,Los Angeles,037,10098052,321046,310456,3595,314051,7124
2020-11-04,Madera,039,155013,5331,5083,55,5138,54
2020-11-04,Marin,041,260295,7295,7157,21,7178,131
2020-11-04,Mariposa,043,17540,89,79,0,79,2
2020-11-04,Mendocino,045,87422,1169,1089,3,1092,22
2020-11-04,Merced,047,269075,10044,9717,46,9763,153
2020-11-04,Modoc,049,8938,59,47,11,58,0
2020-11-04,Mono,051,14174,447,237,6,243,1
2020-11-04,Monterey,053,433212,12224,11743,97,11840,96
2020-11-04,Napa,055,140530,2338,2133,6,2139,15
2020-11-04,Nevada,057,99092,761,675,18,693,9
2020-11-04,Orange,059,3164182,63932,60463,1982,62445,1483
2020-11-04,Placer,061,380077,4965,4526,22,4548,60
2020-11-04,Plumas,063,18699,112,88,0,88,0
2020-11-04,Riverside,065,2383286,72272,69562,665,70227,1335
2020-11-04,Sacramento,067,1510023,28245,27005,30,27035,510
2020-11-04,San Benito,069,59416,1518,1464,1,1465,15
2020-11-04,San Bernardino,071,2135413,70049,65891,580,66471,1169
2020-11-04,San Diego,073,3302833,61897,58126,1892,60018,904
2020-11-04,San Francisco,075,870044,13177,12649,59,12708,146
2020-11-04,San Joaquin,077,732212,22982,22197,297,22494,500
2020-11-04,San Luis Obispo,079,281455,4852,4389,45,4434,32
2020-11-04,San Mateo,081,765935,12102,11456,7,11463,168
2020-11-04,Santa Barbara,083,443738,10725,10026,121,10147,132
2020-11-04,Santa Clara,085,1922200,27259,25487,37,25524,393
2020-11-04,Santa Cruz,087,273765,3231,2997,39,3036,25
2020-11-04,Shasta,089,179085,3013,2321,34,2355,34
2020-11-04,Sierra,091,2930,9,6,0,6,0
2020-11-04,Siskiyou,093,43540,265,222,12,234,0
2020-11-04,Solano,095,438530,8238,7733,41,7774,85
2020-11-04,Sonoma,097,501317,10454,9965,35,10000,142
2020-11-04,Stanislaus,099,539301,18510,18114,923,19037,416
2020-11-04,Sutter,101,95872,2033,1916,2,1918,12
2020-11-04,Tehama,103,63373,1089,997,2,999,6
2020-11-04,Trinity,105,12862,95,37,10,47,0
2020-11-04,Tulare,107,460477,18600,17952,581,18533,298
2020-11-04,Tuolumne,109,53932,386,310,3,313,5
2020-11-04,Ventura,111,848112,15783,14936,448,15384,155
2020-11-04,Yolo,113,214977,3588,3361,9,3370,62
2020-11-04,Yuba,115,75493,1386,1312,6,1318,10
2020-11-03,Alameda,001,1643700,24945,24055,255,24310,418
2020-11-03,Alpine,003,1148,20,4,0,4,0
2020-11-03,Amador,005,37829,387,361,0,361,16
2020-11-03,Butte,007,227075,3354,3211,45,3256,57
2020-11-03,Calaveras,009,45235,352,287,0,287,19
2020-11-03,Colusa,011,21464,584,572,1,573,6
2020-11-03,Contra Costa,013,1133247,20159,19416,103,19519,250
2020-11-03,Del Norte,015,27424,196,187,0,187,2
2020-11-03,El Dorado,017,186661,1557,1445,3,1448,4
2020-11-03,Fresno,019,978130,34897,31856,553,32409,457
2020-11-03,Glenn,021,27897,727,698,6,704,3
2020-11-03,Humboldt,023,135768,611,570,1,571,8
2020-11-03,Imperial,025,180216,13475,13044,16,13060,335
2020-11-03,Inyo,027,18085,256,244,1,245,14
2020-11-03,Kern,029,883053,35104,33957,591,34548,439
2020-11-03,Kings,031,150075,9024,8783,70,8853,83
2020-11-03,Lake,033,64148,764,732,0,732,16
2020-11-03,Lassen,035,31185,805,782,2,784,0
2020-11-03,Los Angeles,037,10098052,318596,308812,3520,312332,7104
2020-11-03,Madera,039,155013,5294,5058,54,5112,54
2020-11-03,Marin,041,260295,7275,7147,20,7167,131
2020-11-03,Mariposa,043,17540,88,79,0,79,2
2020-11-03,Mendocino,045,87422,1154,1084,3,1087,22
2020-11-03,Merced,047,269075,9991,9713,45,9758,153
2020-11-03,Modoc,049,8938,57,47,9,56,0
2020-11-03,Mono,051,14174,443,210,6,216,1
2020-11-03,Monterey,053,433212,12155,11703,90,11793,94
2020-11-03,Napa,055,140530,2302,2130,6,2136,15
2020-11-03,Nevada,057,99092,741,670,17,687,9
2020-11-03,Orange,059,3164182,63504,60283,1971,62254,1477
2020-11-03,Placer,061,380077,4891,4514,22,4536,60
2020-11-03,Plumas,063,18699,109,86,0,86,0
2020-11-03,Riverside,065,2383286,71656,69300,637,69937,1325
2020-11-03,Sacramento,067,1510023,27865,26841,29,26870,510
2020-11-03,San Benito,069,59416,1508,1463,1,1464,15
2020-11-03,San Bernardino,071,2135413,69240,65320,571,65891,1159
2020-11-03,San Diego,073,3302833,61221,57722,1848,59570,901
2020-11-03,San Francisco,075,870044,13054,12585,58,12643,146
2020-11-03,San Joaquin,077,732212,22848,22109,291,22400,500
2020-11-03,San Luis Obispo,079,281455,4769,4371,43,4414,32
2020-11-03,San Mateo,081,765935,12007,11406,7,11413,162
2020-11-03,Santa Barbara,083,443738,10671,10008,115,10123,132
2020-11-03,Santa Clara,085,1922200,26985,25386,36,25422,393
2020-11-03,Santa Cruz,087,273765,3181,2980,38,3018,25
2020-11-03,Shasta,089,179085,2918,2288,28,2316,33
2020-11-03,Sierra,091,2930,7,6,0,6,0
2020-11-03,Siskiyou,093,43540,261,219,11,230,0
2020-11-03,Solano,095,438530,8155,7691,41,7732,85
2020-11-03,Sonoma,097,501317,10352,9906,35,9941,142
2020-11-03,Stanislaus,099,539301,18391,18080,910,18990,416
2020-11-03,Sutter,101,95872,2000,1914,2,1916,12
2020-11-03,Tehama,103,63373,1068,988,2,990,6
2020-11-03,Trinity,105,12862,88,36,9,45,0
2020-11-03,Tulare,107,460477,18497,17890,553,18443,297
2020-11-03,Tuolumne,109,53932,363,302,3,305,5
2020-11-03,Ventura,111,848112,15656,14816,441,15257,155
2020-11-03,Yolo,113,214977,3537,3343,9,3352,61
2020-11-03,Yuba,115,75493,1373,1295,6,1301,10
2020-11-02,Alameda,001,1643700,24749,23991,252,24243,419
2020-11-02,Alpine,003,1148,17,4,0,4,0
2020-11-02,Amador,005,37829,379,357,0,357,16
2020-11-02,Butte,007,227075,3334,3198,42,3240,57
2020-11-02,Calaveras,009,45235,352,282,0,282,18
2020-11-02,Colusa,011,21464,579,571,1,572,6
2020-11-02,Contra Costa,013,1133247,20005,19339,102,19441,250
2020-11-02,Del Norte,015,27424,193,175,0,175,2
2020-11-02,El Dorado,017,186661,1533,1405,3,1408,4
2020-11-02,Fresno,019,978130,34629,31738,536,32274,451
2020-11-02,Glenn,021,27897,721,692,5,697,3
2020-11-02,Humboldt,023,135768,602,569,1,570,8
2020-11-02,Imperial,025,180216,13395,13004,15,13019,334
2020-11-02,Inyo,027,18085,253,243,1,244,14
2020-11-02,Kern,029,883053,34947,33834,581,34415,437
2020-11-02,Kings,031,150075,8994,8654,67,8721,82
2020-11-02,Lake,033,64148,758,728,0,728,17
2020-11-02,Lassen,035,31185,797,782,2,784,0
2020-11-02,Los Angeles,037,10098052,316253,307620,3439,311059,7079
2020-11-02,Madera,039,155013,5264,5033,53,5086,54
2020-11-02,Marin,041,260295,7257,7132,19,7151,125
2020-11-02,Mariposa,043,17540,88,79,0,79,2
2020-11-02,Mendocino,045,87422,1140,1076,3,1079,21
2020-11-02,Merced,047,269075,9929,9664,39,9703,152
2020-11-02,Modoc,049,8938,54,45,5,50,0
2020-11-02,Mono,051,14174,441,211,6,217,1
2020-11-02,Monterey,053,433212,12048,11602,87,11689,93
2020-11-02,Napa,055,140530,2260,2081,6,2087,15
2020-11-02,Nevada,057,99092,725,656,17,673,9
2020-11-02,Orange,059,3164182,63101,59996,1952,61948,1474
2020-11-02,Placer,061,380077,4823,4461,20,4481,60
2020-11-02,Plumas,063,18699,101,86,0,86,0
2020-11-02,Riverside,065,2383286,71025,68833,596,69429,1321
2020-11-02,Sacramento,067,1510023,27523,26676,27,26703,508
2020-11-02,San Benito,069,59416,1496,1459,1,1460,15
2020-11-02,San Bernardino,071,2135413,68385,64629,560,65189,1157
2020-11-02,San Diego,073,3302833,60498,57429,1803,59232,891
2020-11-02,San Francisco,075,870044,12957,12436,57,12493,145
2020-11-02,San Joaquin,077,732212,22709,21919,282,22201,500
2020-11-02,San Luis Obispo,079,281455,4668,4303,40,4343,31
2020-11-02,San Mateo,081,765935,11898,11328,7,11335,161
2020-11-02,Santa Barbara,083,443738,10630,9985,110,10095,130
2020-11-02,Santa Clara,085,1922200,26697,25222,36,25258,387
2020-11-02,Santa Cruz,087,273765,3139,2943,38,2981,25
2020-11-02,Shasta,089,179085,2813,2174,24,2198,33
2020-11-02,Sierra,091,2930,7,6,0,6,0
2020-11-02,Siskiyou,093,43540,251,216,11,227,0
2020-11-02,Solano,095,438530,8037,7665,41,7706,84
2020-11-02,Sonoma,097,501317,10269,9796,34,9830,140
2020-11-02,Stanislaus,099,539301,18295,18005,901,18906,412
2020-11-02,Sutter,101,95872,1976,1895,2,1897,12
2020-11-02,Tehama,103,63373,1045,971,2,973,6
2020-11-02,Trinity,105,12862,83,30,9,39,0
2020-11-02,Tulare,107,460477,18405,17774,531,18305,299
2020-11-02,Tuolumne,109,53932,343,302,3,305,5
2020-11-02,Ventura,111,848112,15520,14767,421,15188,156
2020-11-02,Yolo,113,214977,3488,3318,9,3327,61
2020-11-02,Yuba,115,75493,1360,1280,6,1286,10
2020-11-01,Alameda,001,1643700,24587,23892,250,24142,419
2020-11-01,Alpine,003,1148,11,4,0,4,0
2020-11-01,Amador,005,37829,376,352,0,352,16
2020-11-01,Butte,007,227075,3311,3185,40,3225,57
2020-11-01,Calaveras,009,45235,351,282,0,282,18
2020-11-01,Colusa,011,21464,577,567,1,568,6
2020-11-01,Contra Costa,013,1133247,19831,19246,101,19347,250
2020-11-01,Del Norte,015,27424,189,175,0,175,2
2020-11-01,El Dorado,017,186661,1517,1394,3,1397,4
2020-11-01,Fresno,019,978130,34375,31613,518,32131,451
2020-11-01,Glenn,021,27897,712,688,3,691,3
2020-11-01,Humboldt,023,135768,594,568,1,569,8
2020-11-01,Imperial,025,180216,13304,12969,13,12982,334
2020-11-01,Inyo,027,18085,251,241,1,242,14
2020-11-01,Kern,029,883053,34767,33760,474,34234,437
2020-11-01,Kings,031,150075,8956,8641,66,8707,82
2020-11-01,Lake,033,64148,752,727,0,727,17
2020-11-01,Lassen,035,31185,797,782,2,784,0
2020-11-01,Los Angeles,037,10098052,313693,306217,3340,309557,7077
2020-11-01,Madera,039,155013,5216,5019,51,5070,54
2020-11-01,Marin,041,260295,7240,7124,19,7143,125
2020-11-01,Mariposa,043,17540,84,79,0,79,2
2020-11-01,Mendocino,045,87422,1127,1074,3,1077,21
2020-11-01,Merced,047,269075,9868,9626,39,9665,152
2020-11-01,Modoc,049,8938,53,45,5,50,0
2020-11-01,Mono,051,14174,412,211,5,216,1
2020-11-01,Monterey,053,433212,11940,11587,84,11671,93
2020-11-01,Napa,055,140530,2226,2067,6,2073,15
2020-11-01,Nevada,057,99092,709,646,16,662,9
2020-11-01,Orange,059,3164182,62699,59733,1924,61657,1475
2020-11-01,Placer,061,380077,4757,4422,19,4441,58
2020-11-01,Plumas,063,18699,96,86,0,86,0
2020-11-01,Riverside,065,2383286,70396,68493,560,69053,1319
2020-11-01,Sacramento,067,1510023,27202,26442,27,26469,508
2020-11-01,San Benito,069,59416,1481,1451,1,1452,15
2020-11-01,San Bernardino,071,2135413,67544,64339,538,64877,1157
2020-11-01,San Diego,073,3302833,59810,57122,1763,58885,891
2020-11-01,San Francisco,075,870044,12834,12436,52,12488,145
2020-11-01,San Joaquin,077,732212,22581,21919,275,22194,500
2020-11-01,San Luis Obispo,079,281455,4588,4303,39,4342,31
2020-11-01,San Mateo,081,765935,11818,11280,7,11287,160
2020-11-01,Santa Barbara,083,443738,10579,9969,94,10063,130
2020-11-01,Santa Clara,085,1922200,26419,25090,36,25126,386
2020-11-01,Santa Cruz,087,273765,3086,2921,38,2959,25
2020-11-01,Shasta,089,179085,2677,2172,23,2195,33
2020-11-01,Sierra,091,2930,7,6,0,6,0
2020-11-01,Siskiyou,093,43540,246,205,11,216,0
2020-11-01,Solano,095,438530,7947,7591,41,7632,84
2020-11-01,Sonoma,097,501317,10177,9688,34,9722,140
2020-11-01,Stanislaus,099,539301,18194,17961,881,18842,412
2020-11-01,Sutter,101,95872,1950,1888,1,1889,12
2020-11-01,Tehama,103,63373,1028,965,2,967,5
2020-11-01,Trinity,105,12862,81,30,8,38,0
2020-11-01,Tulare,107,460477,18293,17774,500,18274,299
2020-11-01,Tuolumne,109,53932,321,295,3,298,5
2020-11-01,Ventura,111,848112,15374,14686,386,15072,156
2020-11-01,Yolo,113,214977,3440,3303,9,3312,60
2020-11-01,Yuba,115,75493,1343,1273,6,1279,10
2020-10-31,Alameda,001,1643700,24472,23780,246,24026,416
2020-10-31,Alpine,003,1148,11,4,0,4,0
2020-10-31,Amador,005,37829,372,347,0,347,16
2020-10-31,Butte,007,227075,3298,3172,38,3210,57
2020-10-31,Calaveras,009,45235,351,280,0,280,18
2020-10-31,Colusa,011,21464,575,555,1,556,6
2020-10-31,Contra Costa,013,1133247,19725,19161,101,19262,249
2020-10-31,Del Norte,015,27424,188,175,0,175,2
2020-10-31,El Dorado,017,186661,1508,1390,3,1393,4
2020-10-31,Fresno,019,978130,34239,31558,514,32072,451
2020-10-31,Glenn,021,27897,710,678,3,681,3
2020-10-31,Humboldt,023,135768,591,561,1,562,8
2020-10-31,Imperial,025,180216,13262,12912,13,12925,334
2020-10-31,Inyo,027,18085,250,241,1,242,14
2020-10-31,Kern,029,883053,34664,33666,464,34130,437
2020-10-31,Kings,031,150075,8935,8612,64,8676,82
2020-10-31,Lake,033,64148,748,724,0,724,16
2020-10-31,Lassen,035,31185,792,782,2,784,0
2020-10-31,Los Angeles,037,10098052,312323,304704,3295,307999,7073
2020-10-31,Madera,039,155013,5198,5013,48,5061,54
2020-10-31,Marin,041,260295,7224,7112,19,7131,125
2020-10-31,Mariposa,043,17540,84,79,0,79,2
2020-10-31,Mendocino,045,87422,1119,1066,3,1069,21
2020-10-31,Merced,047,269075,9835,9597,38,9635,151
2020-10-31,Modoc,049,8938,52,34,4,38,0
2020-10-31,Mono,051,14174,263,194,4,198,1
2020-10-31,Monterey,053,433212,11872,11539,80,11619,93
2020-10-31,Napa,055,140530,2207,2040,6,2046,15
2020-10-31,Nevada,057,99092,691,644,16,660,9
2020-10-31,Orange,059,3164182,62440,59488,1906,61394,1473
2020-10-31,Placer,061,380077,4707,4374,18,4392,58
2020-10-31,Plumas,063,18699,95,85,0,85,0
2020-10-31,Riverside,065,2383286,70040,68178,537,68715,1319
2020-10-31,Sacramento,067,1510023,27003,26316,25,26341,507
2020-10-31,San Benito,069,59416,1474,1448,1,1449,15
2020-10-31,San Bernardino,071,2135413,67119,64016,528,64544,1157
2020-10-31,San Diego,073,3302833,59357,56769,1735,58504,891
2020-10-31,San Francisco,075,870044,12760,12438,51,12489,145
2020-10-31,San Joaquin,077,732212,22506,21918,266,22184,500
2020-10-31,San Luis Obispo,079,281455,4519,4285,36,4321,31
2020-10-31,San Mateo,081,765935,11766,11253,7,11260,160
2020-10-31,Santa Barbara,083,443738,10551,9957,86,10043,130
2020-10-31,Santa Clara,085,1922200,26251,24957,36,24993,379
2020-10-31,Santa Cruz,087,273765,3051,2895,37,2932,25
2020-10-31,Shasta,089,179085,2627,2122,22,2144,33
2020-10-31,Sierra,091,2930,7,6,0,6,0
2020-10-31,Siskiyou,093,43540,244,200,11,211,0
2020-10-31,Solano,095,438530,7883,7545,41,7586,84
2020-10-31,Sonoma,097,501317,10124,9648,34,9682,140
2020-10-31,Stanislaus,099,539301,18132,17920,864,18784,412
2020-10-31,Sutter,101,95872,1941,1876,1,1877,12
2020-10-31,Tehama,103,63373,1018,953,2,955,5
2020-10-31,Trinity,105,12862,78,30,8,38,0
2020-10-31,Tulare,107,460477,18244,17758,492,18250,299
2020-10-31,Tuolumne,109,53932,315,290,3,293,5
2020-10-31,Ventura,111,848112,15291,14635,367,15002,155
2020-10-31,Yolo,113,214977,3405,3290,9,3299,60
2020-10-31,Yuba,115,75493,1327,1260,5,1265,10
2020-10-30,Alameda,001,1643700,24393,23676,243,23919,401
2020-10-30,Alpine,003,1148,11,4,0,4,0
2020-10-30,Amador,005,37829,372,344,0,344,16
2020-10-30,Butte,007,227075,3293,3160,38,3198,57
2020-10-30,Calaveras,009,45235,350,279,0,279,18
2020-10-30,Colusa,011,21464,573,554,1,555,6
2020-10-30,Contra Costa,013,1133247,19653,19074,101,19175,249
2020-10-30,Del Norte,015,27424,187,175,0,175,2
2020-10-30,El Dorado,017,186661,1495,1386,3,1389,4
2020-10-30,Fresno,019,978130,34118,31409,506,31915,446
2020-10-30,Glenn,021,27897,704,674,2,676,3
2020-10-30,Humboldt,023,135768,590,561,1,562,7
2020-10-30,Imperial,025,180216,13221,12853,13,12866,334
2020-10-30,Inyo,027,18085,249,241,1,242,14
2020-10-30,Kern,029,883053,34571,33583,463,34046,437
2020-10-30,Kings,031,150075,8925,8564,62,8626,82
2020-10-30,Lake,033,64148,748,720,0,720,16
2020-10-30,Lassen,035,31185,786,777,2,779,0
2020-10-30,Los Angeles,037,10098052,310891,303425,3256,306681,7060
2020-10-30,Madera,039,155013,5186,4991,46,5037,54
2020-10-30,Marin,041,260295,7204,7097,19,7116,125
2020-10-30,Mariposa,043,17540,84,78,0,78,2
2020-10-30,Mendocino,045,87422,1117,1062,3,1065,21
2020-10-30,Merced,047,269075,9803,9539,38,9577,150
2020-10-30,Modoc,049,8938,51,34,3,37,0
2020-10-30,Mono,051,14174,262,193,4,197,1
2020-10-30,Monterey,053,433212,11810,11491,74,11565,92
2020-10-30,Napa,055,140530,2189,2028,6,2034,15
2020-10-30,Nevada,057,99092,685,634,16,650,9
2020-10-30,Orange,059,3164182,62199,59334,1893,61227,1469
2020-10-30,Placer,061,380077,4660,4335,18,4353,58
2020-10-30,Plumas,063,18699,92,80,0,80,0
2020-10-30,Riverside,065,2383286,69699,67752,517,68269,1317
2020-10-30,Sacramento,067,1510023,26855,26147,25,26172,505
2020-10-30,San Benito,069,59416,1468,1440,1,1441,15
2020-10-30,San Bernardino,071,2135413,66704,63512,525,64037,1156
2020-10-30,San Diego,073,3302833,58952,56387,1713,58100,888
2020-10-30,San Francisco,075,870044,12705,12384,51,12435,145
2020-10-30,San Joaquin,077,732212,22440,21849,259,22108,500
2020-10-30,San Luis Obispo,079,281455,4476,4256,36,4292,31
2020-10-30,San Mateo,081,765935,11707,11207,7,11214,159
2020-10-30,Santa Barbara,083,443738,10528,9937,86,10023,128
2020-10-30,Santa Clara,085,1922200,26102,24811,36,24847,378
2020-10-30,Santa Cruz,087,273765,3033,2874,37,2911,25
2020-10-30,Shasta,089,179085,2583,2048,21,2069,32
2020-10-30,Sierra,091,2930,7,6,0,6,0
2020-10-30,Siskiyou,093,43540,244,192,11,203,0
2020-10-30,Solano,095,438530,7822,7497,41,7538,84
2020-10-30,Sonoma,097,501317,10050,9602,33,9635,140
2020-10-30,Stanislaus,099,539301,18085,17861,847,18708,410
2020-10-30,Sutter,101,95872,1928,1860,1,1861,12
2020-10-30,Tehama,103,63373,1014,932,2,934,5
2020-10-30,Trinity,105,12862,78,29,8,37,0
2020-10-30,Tulare,107,460477,18201,17682,474,18156,299
2020-10-30,Tuolumne,109,53932,308,286,3,289,4
2020-10-30,Ventura,111,848112,15220,14578,352,14930,154
2020-10-30,Yolo,113,214977,3388,3263,9,3272,60
2020-10-30,Yuba,115,75493,1319,1256,5,1261,10
2020-10-29,Alameda,001,1643700,24230,23530,242,23772,401
2020-10-29,Alpine,003,1148,8,4,0,4,0
2020-10-29,Amador,005,37829,368,338,0,338,16
2020-10-29,Butte,007,227075,3275,3143,37,3180,57
2020-10-29,Calaveras,009,45235,348,278,0,278,13
2020-10-29,Colusa,011,21464,569,552,1,553,6
2020-10-29,Contra Costa,013,1133247,19554,18933,100,19033,249
2020-10-29,Del Norte,015,27424,185,174,0,174,2
2020-10-29,El Dorado,017,186661,1473,1370,3,1373,4
2020-10-29,Fresno,019,978130,33963,31321,498,31819,445
2020-10-29,Glenn,021,27897,702,673,2,675,3
2020-10-29,Humboldt,023,135768,585,559,1,560,7
2020-10-29,Imperial,025,180216,13177,12769,13,12782,334
2020-10-29,Inyo,027,18085,247,238,1,239,14
2020-10-29,Kern,029,883053,34469,33460,458,33918,437
2020-10-29,Kings,031,150075,8771,8502,61,8563,82
2020-10-29,Lake,033,64148,745,702,0,702,16
2020-10-29,Lassen,035,31185,785,772,2,774,0
2020-10-29,Los Angeles,037,10098052,309269,302246,3203,305449,7046
2020-10-29,Madera,039,155013,5157,4970,44,5014,53
2020-10-29,Marin,041,260295,7190,7083,19,7102,125
2020-10-29,Mariposa,043,17540,82,78,0,78,2
2020-10-29,Mendocino,045,87422,1111,1058,3,1061,21
2020-10-29,Merced,047,269075,9750,9496,38,9534,150
2020-10-29,Modoc,049,8938,49,31,3,34,0
2020-10-29,Mono,051,14174,255,176,4,180,1
2020-10-29,Monterey,053,433212,11729,11425,72,11497,92
2020-10-29,Napa,055,140530,2165,2009,6,2015,15
2020-10-29,Nevada,057,99092,678,632,16,648,9
2020-10-29,Orange,059,3164182,61931,59046,1873,60919,1464
2020-10-29,Placer,061,380077,4615,4270,16,4286,58
2020-10-29,Plumas,063,18699,90,69,0,69,0
2020-10-29,Riverside,065,2383286,69322,67268,488,67756,1304
2020-10-29,Sacramento,067,1510023,26643,25978,24,26002,507
2020-10-29,San Benito,069,59416,1463,1431,1,1432,15
2020-10-29,San Bernardino,071,2135413,66136,62968,515,63483,1150
2020-10-29,San Diego,073,3302833,58488,55916,1684,57600,885
2020-10-29,San Francisco,075,870044,12626,12312,51,12363,145
2020-10-29,San Joaquin,077,732212,22357,21736,246,21982,498
2020-10-29,San Luis Obispo,079,281455,4446,4223,34,4257,31
2020-10-29,San Mateo,081,765935,11661,11145,7,11152,157
2020-10-29,Santa Barbara,083,443738,10495,9902,84,9986,128
2020-10-29,Santa Clara,085,1922200,25950,24614,36,24650,377
2020-10-29,Santa Cruz,087,273765,3008,2850,37,2887,24
2020-10-29,Shasta,089,179085,2520,2008,21,2029,32
2020-10-29,Sierra,091,2930,6,6,0,6,0
2020-10-29,Siskiyou,093,43540,228,185,11,196,0
2020-10-29,Solano,095,438530,7759,7453,41,7494,78
2020-10-29,Sonoma,097,501317,9986,9533,33,9566,140
2020-10-29,Stanislaus,099,539301,18032,17790,825,18615,410
2020-10-29,Sutter,101,95872,1920,1852,1,1853,12
2020-10-29,Tehama,103,63373,996,925,2,927,5
2020-10-29,Trinity,105,12862,73,28,7,35,0
2020-10-29,Tulare,107,460477,18124,17627,454,18081,299
2020-10-29,Tuolumne,109,53932,303,279,3,282,4
2020-10-29,Ventura,111,848112,15130,14486,347,14833,154
2020-10-29,Yolo,113,214977,3359,3246,9,3255,60
2020-10-29,Yuba,115,75493,1308,1248,5,1253,10
2020-10-28,Alameda,001,1643700,24130,23468,241,23709,400
2020-10-28,Alpine,003,1148,7,4,0,4,0
2020-10-28,Amador,005,37829,365,337,0,337,16
2020-10-28,Butte,007,227075,3259,3134,34,3168,56
2020-10-28,Calaveras,009,45235,347,278,0,278,13
2020-10-28,Colusa,011,21464,566,551,1,552,6
2020-10-28,Contra Costa,013,1133247,19467,18828,99,18927,246
2020-10-28,Del Norte,015,27424,182,173,0,173,2
2020-10-28,El Dorado,017,186661,1461,1363,3,1366,4
2020-10-28,Fresno,019,978130,33844,31195,492,31687,444
2020-10-28,Glenn,021,27897,698,673,2,675,3
2020-10-28,Humboldt,023,135768,581,559,1,560,7
2020-10-28,Imperial,025,180216,13128,12730,13,12743,333
2020-10-28,Inyo,027,18085,247,238,1,239,14
2020-10-28,Kern,029,883053,34367,33424,439,33863,436
2020-10-28,Kings,031,150075,8749,8486,60,8546,82
2020-10-28,Lake,033,64148,742,700,0,700,15
2020-10-28,Lassen,035,31185,781,771,2,773,0
2020-10-28,Los Angeles,037,10098052,307810,300726,3161,303887,7031
2020-10-28,Madera,039,155013,5141,4954,43,4997,53
2020-10-28,Marin,041,260295,7179,7079,19,7098,126
2020-10-28,Mariposa,043,17540,82,78,0,78,2
2020-10-28,Mendocino,045,87422,1110,1037,3,1040,20
2020-10-28,Merced,047,269075,9724,9480,37,9517,150
2020-10-28,Modoc,049,8938,48,31,2,33,0
2020-10-28,Mono,051,14174,237,176,4,180,1
2020-10-28,Monterey,053,433212,11671,11330,70,11400,89
2020-10-28,Napa,055,140530,2139,1998,5,2003,15
2020-10-28,Nevada,057,99092,670,629,16,645,9
2020-10-28,Orange,059,3164182,61667,58801,1856,60657,1459
2020-10-28,Placer,061,380077,4559,4236,16,4252,57
2020-10-28,Plumas,063,18699,89,67,0,67,0
2020-10-28,Riverside,065,2383286,68924,67003,464,67467,1302
2020-10-28,Sacramento,067,1510023,26447,25838,23,25861,506
2020-10-28,San Benito,069,59416,1455,1429,1,1430,15
2020-10-28,San Bernardino,071,2135413,65677,62778,505,63283,1154
2020-10-28,San Diego,073,3302833,58105,55556,1655,57211,881
2020-10-28,San Francisco,075,870044,12568,12261,50,12311,145
2020-10-28,San Joaquin,077,732212,22274,21707,234,21941,498
2020-10-28,San Luis Obispo,079,281455,4405,4197,31,4228,31
2020-10-28,San Mateo,081,765935,11597,11101,7,11108,157
2020-10-28,Santa Barbara,083,443738,10471,9872,82,9954,127
2020-10-28,Santa Clara,085,1922200,25806,24503,36,24539,375
2020-10-28,Santa Cruz,087,273765,2977,2836,37,2873,24
2020-10-28,Shasta,089,179085,2440,1996,20,2016,31
2020-10-28,Sierra,091,2930,6,6,0,6,0
2020-10-28,Siskiyou,093,43540,225,182,10,192,0
2020-10-28,Solano,095,438530,7700,7362,41,7403,77
2020-10-28,Sonoma,097,501317,9896,9457,28,9485,140
2020-10-28,Stanislaus,099,539301,17967,17765,816,18581,409
2020-10-28,Sutter,101,95872,1911,1840,1,1841,12
2020-10-28,Tehama,103,63373,985,921,2,923,5
2020-10-28,Trinity,105,12862,68,28,7,35,0
2020-10-28,Tulare,107,460477,18068,17569,436,18005,297
2020-10-28,Tuolumne,109,53932,300,277,3,280,4
2020-10-28,Ventura,111,848112,15057,14409,338,14747,153
2020-10-28,Yolo,113,214977,3335,3230,9,3239,60
2020-10-28,Yuba,115,75493,1296,1245,5,1250,10
2020-10-27,Alameda,001,1643700,24018,23365,238,23603,400
2020-10-27,Alpine,003,1148,7,3,0,3,0
2020-10-27,Amador,005,37829,362,335,0,335,16
2020-10-27,Butte,007,227075,3243,3107,31,3138,56
2020-10-27,Calaveras,009,45235,345,277,0,277,13
2020-10-27,Colusa,011,21464,561,549,1,550,6
2020-10-27,Contra Costa,013,1133247,19362,18766,99,18865,246
2020-10-27,Del Norte,015,27424,179,173,0,173,2
2020-10-27,El Dorado,017,186661,1448,1351,3,1354,4
2020-10-27,Fresno,019,978130,33727,31096,487,31583,442
2020-10-27,Glenn,021,27897,696,667,1,668,3
2020-10-27,Humboldt,023,135768,578,559,1,560,7
2020-10-27,Imperial,025,180216,13079,12680,13,12693,333
2020-10-27,Inyo,027,18085,247,231,1,232,14
2020-10-27,Kern,029,883053,34250,33328,435,33763,436
2020-10-27,Kings,031,150075,8718,8411,60,8471,83
2020-10-27,Lake,033,64148,739,700,0,700,15
2020-10-27,Lassen,035,31185,779,764,2,766,0
2020-10-27,Los Angeles,037,10098052,306427,299438,3130,302568,7008
2020-10-27,Madera,039,155013,5111,4942,42,4984,53
2020-10-27,Marin,041,260295,7163,7070,19,7089,126
2020-10-27,Mariposa,043,17540,81,78,0,78,2
2020-10-27,Mendocino,045,87422,1103,1033,2,1035,20
2020-10-27,Merced,047,269075,9684,9449,37,9486,150
2020-10-27,Modoc,049,8938,46,31,2,33,0
2020-10-27,Mono,051,14174,223,169,4,173,1
2020-10-27,Monterey,053,433212,11615,11261,68,11329,88
2020-10-27,Napa,055,140530,2123,1979,5,1984,15
2020-10-27,Nevada,057,99092,664,622,16,638,8
2020-10-27,Orange,059,3164182,61397,58550,1839,60389,1448
2020-10-27,Placer,061,380077,4511,4197,14,4211,57
2020-10-27,Plumas,063,18699,86,63,0,63,0
2020-10-27,Riverside,065,2383286,68571,66699,419,67118,1299
2020-10-27,Sacramento,067,1510023,26260,25701,22,25723,501
2020-10-27,San Benito,069,59416,1450,1428,1,1429,15
2020-10-27,San Bernardino,071,2135413,65215,62357,492,62849,1154
2020-10-27,San Diego,073,3302833,57632,55226,1632,56858,877
2020-10-27,San Francisco,075,870044,12494,12218,49,12267,140
2020-10-27,San Joaquin,077,732212,22183,21637,225,21862,496
2020-10-27,San Luis Obispo,079,281455,4378,4148,27,4175,31
2020-10-27,San Mateo,081,765935,11548,11074,7,11081,156
2020-10-27,Santa Barbara,083,443738,10442,9874,81,9955,125
2020-10-27,Santa Clara,085,1922200,25664,24368,36,24404,367
2020-10-27,Santa Cruz,087,273765,2947,2815,36,2851,24
2020-10-27,Shasta,089,179085,2353,1962,20,1982,29
2020-10-27,Sierra,091,2930,6,6,0,6,0
2020-10-27,Siskiyou,093,43540,216,181,10,191,0
2020-10-27,Solano,095,438530,7631,7298,41,7339,77
2020-10-27,Sonoma,097,501317,9829,9389,28,9417,140
2020-10-27,Stanislaus,099,539301,17900,17720,808,18528,408
2020-10-27,Sutter,101,95872,1898,1832,1,1833,12
2020-10-27,Tehama,103,63373,971,913,2,915,5
2020-10-27,Trinity,105,12862,65,28,7,35,0
2020-10-27,Tulare,107,460477,18005,17520,413,17933,296
2020-10-27,Tuolumne,109,53932,296,275,3,278,4
2020-10-27,Ventura,111,848112,14974,14347,331,14678,153
2020-10-27,Yolo,113,214977,3321,3216,9,3225,58
2020-10-27,Yuba,115,75493,1283,1235,5,1240,10
2020-10-26,Alameda,001,1643700,23906,23284,237,23521,398
2020-10-26,Alpine,003,1148,5,3,0,3,0
2020-10-26,Amador,005,37829,358,331,0,331,16
2020-10-26,Butte,007,227075,3231,3095,29,3124,56
2020-10-26,Calaveras,009,45235,341,274,0,274,13
2020-10-26,Colusa,011,21464,559,548,1,549,6
2020-10-26,Contra Costa,013,1133247,19266,18718,98,18816,245
2020-10-26,Del Norte,015,27424,179,171,0,171,2
2020-10-26,El Dorado,017,186661,1434,1336,3,1339,4
2020-10-26,Fresno,019,978130,33615,30969,480,31449,441
2020-10-26,Glenn,021,27897,689,660,1,661,3
2020-10-26,Humboldt,023,135768,570,554,1,555,7
2020-10-26,Imperial,025,180216,13025,12654,10,12664,333
2020-10-26,Inyo,027,18085,247,226,1,227,14
2020-10-26,Kern,029,883053,34166,33233,430,33663,432
2020-10-26,Kings,031,150075,8696,8264,58,8322,82
2020-10-26,Lake,033,64148,737,697,0,697,15
2020-10-26,Lassen,035,31185,776,764,2,766,0
2020-10-26,Los Angeles,037,10098052,305000,297961,3087,301048,6979
2020-10-26,Madera,039,155013,5090,4922,41,4963,53
2020-10-26,Marin,041,260295,7157,7064,18,7082,104
2020-10-26,Mariposa,043,17540,81,77,0,77,2
2020-10-26,Mendocino,045,87422,1095,1026,2,1028,20
2020-10-26,Merced,047,269075,9637,9375,36,9411,150
2020-10-26,Modoc,049,8938,44,28,0,28,0
2020-10-26,Mono,051,14174,217,167,4,171,1
2020-10-26,Monterey,053,433212,11565,11207,64,11271,87
2020-10-26,Napa,055,140530,2091,1966,5,1971,14
2020-10-26,Nevada,057,99092,657,618,16,634,8
2020-10-26,Orange,059,3164182,61194,58377,1819,60196,1442
2020-10-26,Placer,061,380077,4469,4161,13,4174,57
2020-10-26,Plumas,063,18699,84,63,0,63,0
2020-10-26,Riverside,065,2383286,68117,66475,395,66870,1294
2020-10-26,Sacramento,067,1510023,26078,25555,20,25575,496
2020-10-26,San Benito,069,59416,1442,1424,1,1425,15
2020-10-26,San Bernardino,071,2135413,64744,61871,489,62360,1153
2020-10-26,San Diego,073,3302833,57241,54957,1594,56551,870
2020-10-26,San Francisco,075,870044,12434,12072,49,12121,138
2020-10-26,San Joaquin,077,732212,22100,21459,219,21678,495
2020-10-26,San Luis Obispo,079,281455,4353,4133,27,4160,31
2020-10-26,San Mateo,081,765935,11504,11037,7,11044,156
2020-10-26,Santa Barbara,083,443738,10419,9827,81,9908,122
2020-10-26,Santa Clara,085,1922200,25474,24258,35,24293,365
2020-10-26,Santa Cruz,087,273765,2921,2808,36,2844,24
2020-10-26,Shasta,089,179085,2300,1889,20,1909,29
2020-10-26,Sierra,091,2930,6,6,0,6,0
2020-10-26,Siskiyou,093,43540,208,179,10,189,0
2020-10-26,Solano,095,438530,7551,7271,41,7312,62
2020-10-26,Sonoma,097,501317,9749,9315,28,9343,140
2020-10-26,Stanislaus,099,539301,17850,17666,798,18464,400
2020-10-26,Sutter,101,95872,1890,1817,1,1818,12
2020-10-26,Tehama,103,63373,951,892,2,894,5
2020-10-26,Trinity,105,12862,64,26,7,33,0
2020-10-26,Tulare,107,460477,17928,17432,390,17822,296
2020-10-26,Tuolumne,109,53932,287,271,3,274,4
2020-10-26,Ventura,111,848112,14904,14330,328,14658,154
2020-10-26,Yolo,113,214977,3301,3206,9,3215,58
2020-10-26,Yuba,115,75493,1267,1226,5,1231,10
2020-10-25,Alameda,001,1643700,23800,23192,237,23429,398
2020-10-25,Alpine,003,1148,4,3,0,3,0
2020-10-25,Amador,005,37829,347,330,0,330,16
2020-10-25,Butte,007,227075,3212,3087,29,3116,56
2020-10-25,Calaveras,009,45235,340,274,0,274,13
2020-10-25,Colusa,011,21464,555,548,1,549,6
2020-10-25,Contra Costa,013,1133247,19165,18640,98,18738,245
2020-10-25,Del Norte,015,27424,175,171,0,171,2
2020-10-25,El Dorado,017,186661,1419,1328,3,1331,4
2020-10-25,Fresno,019,978130,33486,30858,468,31326,441
2020-10-25,Glenn,021,27897,686,652,1,653,3
2020-10-25,Humboldt,023,135768,567,554,1,555,7
2020-10-25,Imperial,025,180216,12975,12572,10,12582,333
2020-10-25,Inyo,027,18085,244,226,1,227,14
2020-10-25,Kern,029,883053,34059,33185,426,33611,432
2020-10-25,Kings,031,150075,8663,8246,56,8302,82
2020-10-25,Lake,033,64148,720,695,0,695,15
2020-10-25,Lassen,035,31185,773,764,2,766,0
2020-10-25,Los Angeles,037,10098052,303441,297110,3047,300157,6973
2020-10-25,Madera,039,155013,5060,4909,36,4945,53
2020-10-25,Marin,041,260295,7147,7052,18,7070,102
2020-10-25,Mariposa,043,17540,81,77,0,77,2
2020-10-25,Mendocino,045,87422,1088,1024,2,1026,20
2020-10-25,Merced,047,269075,9572,9352,34,9386,150
2020-10-25,Modoc,049,8938,39,28,0,28,0
2020-10-25,Mono,051,14174,209,167,4,171,1
2020-10-25,Monterey,053,433212,11482,11182,59,11241,87
2020-10-25,Napa,055,140530,2061,1962,5,1967,14
2020-10-25,Nevada,057,99092,649,616,16,632,8
2020-10-25,Orange,059,3164182,60905,58185,1809,59994,1443
2020-10-25,Placer,061,380077,4417,4140,13,4153,57
2020-10-25,Plumas,063,18699,84,63,0,63,0
2020-10-25,Riverside,065,2383286,67665,66192,379,66571,1289
2020-10-25,Sacramento,067,1510023,25862,25445,17,25462,496
2020-10-25,San Benito,069,59416,1435,1423,1,1424,15
2020-10-25,San Bernardino,071,2135413,64204,61551,477,62028,1153
2020-10-25,San Diego,073,3302833,56778,54599,1562,56161,870
2020-10-25,San Francisco,075,870044,12361,12072,49,12121,137
2020-10-25,San Joaquin,077,732212,21993,21459,210,21669,495
2020-10-25,San Luis Obispo,079,281455,4311,4126,25,4151,31
2020-10-25,San Mateo,081,765935,11459,10987,7,10994,156
2020-10-25,Santa Barbara,083,443738,10399,9814,81,9895,122
2020-10-25,Santa Clara,085,1922200,25286,24087,35,24122,365
2020-10-25,Santa Cruz,087,273765,2894,2789,36,2825,24
2020-10-25,Shasta,089,179085,2236,1889,20,1909,29
2020-10-25,Sierra,091,2930,6,6,0,6,0
2020-10-25,Siskiyou,093,43540,205,176,10,186,0
2020-10-25,Solano,095,438530,7474,7197,41,7238,60
2020-10-25,Sonoma,097,501317,9656,9235,27,9262,140
2020-10-25,Stanislaus,099,539301,17793,17641,788,18429,400
2020-10-25,Sutter,101,95872,1872,1811,1,1812,12
2020-10-25,Tehama,103,63373,934,880,2,882,5
2020-10-25,Trinity,105,12862,60,26,7,33,0
2020-10-25,Tulare,107,460477,17856,17431,380,17811,296
2020-10-25,Tuolumne,109,53932,282,271,3,274,4
2020-10-25,Ventura,111,848112,14811,14300,322,14622,154
2020-10-25,Yolo,113,214977,3280,3190,9,3199,58
2020-10-25,Yuba,115,75493,1259,1219,5,1224,10
2020-10-24,Alameda,001,1643700,23730,23099,234,23333,398
2020-10-24,Alpine,003,1148,4,3,0,3,0
2020-10-24,Amador,005,37829,346,328,0,328,16
2020-10-24,Butte,007,227075,3203,3078,29,3107,56
2020-10-24,Calaveras,009,45235,338,274,0,274,13
2020-10-24,Colusa,011,21464,550,548,1,549,6
2020-10-24,Contra Costa,013,1133247,19098,18567,98,18665,244
2020-10-24,Del Norte,015,27424,174,171,0,171,2
2020-10-24,El Dorado,017,186661,1403,1317,3,1320,4
2020-10-24,Fresno,019,978130,33425,30752,464,31216,441
2020-10-24,Glenn,021,27897,683,650,1,651,3
2020-10-24,Humboldt,023,135768,565,553,1,554,7
2020-10-24,Imperial,025,180216,12948,12469,10,12479,333
2020-10-24,Inyo,027,18085,244,226,1,227,14
2020-10-24,Kern,029,883053,34001,33105,421,33526,432
2020-10-24,Kings,031,150075,8653,8228,55,8283,82
2020-10-24,Lake,033,64148,715,696,0,696,15
2020-10-24,Lassen,035,31185,772,764,2,766,0
2020-10-24,Los Angeles,037,10098052,302623,296323,3023,299346,6969
2020-10-24,Madera,039,155013,5047,4898,35,4933,53
2020-10-24,Marin,041,260295,7138,7042,18,7060,102
2020-10-24,Mariposa,043,17540,81,77,0,77,2
2020-10-24,Mendocino,045,87422,1076,1022,2,1024,20
2020-10-24,Merced,047,269075,9548,9351,34,9385,150
2020-10-24,Modoc,049,8938,38,28,0,28,0
2020-10-24,Mono,051,14174,195,167,4,171,1
2020-10-24,Monterey,053,433212,11415,11153,58,11211,87
2020-10-24,Napa,055,140530,2044,1957,5,1962,14
2020-10-24,Nevada,057,99092,645,608,16,624,8
2020-10-24,Orange,059,3164182,60752,57928,1798,59726,1441
2020-10-24,Placer,061,380077,4386,4093,13,4106,57
2020-10-24,Plumas,063,18699,78,63,0,63,0
2020-10-24,Riverside,065,2383286,67456,65902,365,66267,1288
2020-10-24,Sacramento,067,1510023,25781,25372,17,25389,496
2020-10-24,San Benito,069,59416,1430,1417,1,1418,15
2020-10-24,San Bernardino,071,2135413,63964,61351,468,61819,1153
2020-10-24,San Diego,073,3302833,56501,54330,1549,55879,868
2020-10-24,San Francisco,075,870044,12303,12073,48,12121,137
2020-10-24,San Joaquin,077,732212,21941,21458,205,21663,495
2020-10-24,San Luis Obispo,079,281455,4286,4119,24,4143,31
2020-10-24,San Mateo,081,765935,11420,10942,7,10949,155
2020-10-24,Santa Barbara,083,443738,10382,9781,81,9862,122
2020-10-24,Santa Clara,085,1922200,25199,23978,35,24013,365
2020-10-24,Santa Cruz,087,273765,2875,2775,36,2811,24
2020-10-24,Shasta,089,179085,2191,1878,20,1898,29
2020-10-24,Sierra,091,2930,6,6,0,6,0
2020-10-24,Siskiyou,093,43540,204,174,10,184,0
2020-10-24,Solano,095,438530,7421,7189,41,7230,60
2020-10-24,Sonoma,097,501317,9622,9179,27,9206,140
2020-10-24,Stanislaus,099,539301,17749,17574,772,18346,400
2020-10-24,Sutter,101,95872,1863,1804,1,1805,12
2020-10-24,Tehama,103,63373,926,872,2,874,5
2020-10-24,Trinity,105,12862,60,25,7,32,0
2020-10-24,Tulare,107,460477,17834,17406,368,17774,295
2020-10-24,Tuolumne,109,53932,279,269,3,272,4
2020-10-24,Ventura,111,848112,14758,14240,321,14561,154
2020-10-24,Yolo,113,214977,3269,3164,9,3173,57
2020-10-24,Yuba,115,75493,1256,1210,5,1215,10
2020-10-23,Alameda,001,1643700,23658,23047,232,23279,393
2020-10-23,Alpine,003,1148,4,3,0,3,0
2020-10-23,Amador,005,37829,345,324,0,324,16
2020-10-23,Butte,007,227075,3194,3059,29,3088,55
2020-10-23,Calaveras,009,45235,337,273,0,273,13
2020-10-23,Colusa,011,21464,550,547,1,548,6
2020-10-23,Contra Costa,013,1133247,19027,18483,97,18580,244
2020-10-23,Del Norte,015,27424,174,171,0,171,2
2020-10-23,El Dorado,017,186661,1394,1310,3,1313,4
2020-10-23,Fresno,019,978130,33358,30590,460,31050,441
2020-10-23,Glenn,021,27897,680,644,1,645,3
2020-10-23,Humboldt,023,135768,563,553,1,554,7
2020-10-23,Imperial,025,180216,12917,12398,10,12408,333
2020-10-23,Inyo,027,18085,243,226,1,227,14
2020-10-23,Kern,029,883053,33933,33077,416,33493,431
2020-10-23,Kings,031,150075,8644,8218,55,8273,82
2020-10-23,Lake,033,64148,713,689,0,689,15
2020-10-23,Lassen,035,31185,771,764,2,766,0
2020-10-23,Los Angeles,037,10098052,301544,294287,2992,297279,6956
2020-10-23,Madera,039,155013,5042,4888,35,4923,53
2020-10-23,Marin,041,260295,7125,7029,18,7047,102
2020-10-23,Mariposa,043,17540,81,77,0,77,2
2020-10-23,Mendocino,045,87422,1073,1019,2,1021,20
2020-10-23,Merced,047,269075,9534,9327,34,9361,149
2020-10-23,Modoc,049,8938,38,28,0,28,0
2020-10-23,Mono,051,14174,194,159,4,163,1
2020-10-23,Monterey,053,433212,11368,11099,54,11153,86
2020-10-23,Napa,055,140530,2036,1942,5,1947,14
2020-10-23,Nevada,057,99092,642,604,16,620,8
2020-10-23,Orange,059,3164182,60581,57595,1783,59378,1430
2020-10-23,Placer,061,380077,4340,4073,13,4086,57
2020-10-23,Plumas,063,18699,75,63,0,63,0
2020-10-23,Riverside,065,2383286,67217,65512,357,65869,1279
2020-10-23,Sacramento,067,1510023,25676,25224,17,25241,496
2020-10-23,San Benito,069,59416,1428,1412,1,1413,15
2020-10-23,San Bernardino,071,2135413,63680,60854,454,61308,1150
2020-10-23,San Diego,073,3302833,56195,53944,1522,55466,867
2020-10-23,San Francisco,075,870044,12272,12015,48,12063,137
2020-10-23,San Joaquin,077,732212,21885,21361,199,21560,495
2020-10-23,San Luis Obispo,079,281455,4260,4102,24,4126,31
2020-10-23,San Mateo,081,765935,11371,10872,7,10879,155
2020-10-23,Santa Barbara,083,443738,10366,9751,81,9832,121
2020-10-23,Santa Clara,085,1922200,25097,23822,35,23857,364
2020-10-23,Santa Cruz,087,273765,2861,2757,36,2793,24
2020-10-23,Shasta,089,179085,2155,1846,19,1865,29
2020-10-23,Sierra,091,2930,6,6,0,6,0
2020-10-23,Siskiyou,093,43540,200,172,10,182,0
2020-10-23,Solano,095,438530,7390,7174,41,7215,59
2020-10-23,Sonoma,097,501317,9566,9112,27,9139,139
2020-10-23,Stanislaus,099,539301,17712,17496,764,18260,395
2020-10-23,Sutter,101,95872,1856,1797,1,1798,12
2020-10-23,Tehama,103,63373,917,862,2,864,5
2020-10-23,Trinity,105,12862,60,26,7,33,0
2020-10-23,Tulare,107,460477,17789,17334,356,17690,295
2020-10-23,Tuolumne,109,53932,277,254,3,257,4
2020-10-23,Ventura,111,848112,14729,14192,321,14513,155
2020-10-23,Yolo,113,214977,3256,3140,9,3149,57
2020-10-23,Yuba,115,75493,1252,1206,5,1211,10
2020-10-22,Alameda,001,1643700,23555,22915,232,23147,393
2020-10-22,Alpine,003,1148,4,3,0,3,0
2020-10-22,Amador,005,37829,341,317,0,317,16
2020-10-22,Butte,007,227075,3184,3046,27,3073,55
2020-10-22,Calaveras,009,45235,334,273,0,273,13
2020-10-22,Colusa,011,21464,550,547,1,548,6
2020-10-22,Contra Costa,013,1133247,18955,18393,97,18490,243
2020-10-22,Del Norte,015,27424,173,168,0,168,2
2020-10-22,El Dorado,017,186661,1384,1308,3,1311,4
2020-10-22,Fresno,019,978130,33249,30471,452,30923,438
2020-10-22,Glenn,021,27897,673,643,1,644,3
2020-10-22,Humboldt,023,135768,562,548,1,549,7
2020-10-22,Imperial,025,180216,12864,12311,10,12321,333
2020-10-22,Inyo,027,18085,240,220,1,221,14
2020-10-22,Kern,029,883053,33852,32991,413,33404,431
2020-10-22,Kings,031,150075,8393,8201,55,8256,82
2020-10-22,Lake,033,64148,709,678,0,678,15
2020-10-22,Lassen,035,31185,768,764,2,766,0
2020-10-22,Los Angeles,037,10098052,300170,291599,2932,294531,6935
2020-10-22,Madera,039,155013,5021,4847,35,4882,52
2020-10-22,Marin,041,260295,7119,7014,18,7032,102
2020-10-22,Mariposa,043,17540,81,77,0,77,2
2020-10-22,Mendocino,045,87422,1068,1016,2,1018,20
2020-10-22,Merced,047,269075,9506,9323,34,9357,149
2020-10-22,Modoc,049,8938,34,26,0,26,0
2020-10-22,Mono,051,14174,189,156,4,160,1
2020-10-22,Monterey,053,433212,11309,11059,51,11110,84
2020-10-22,Napa,055,140530,2021,1928,5,1933,14
2020-10-22,Nevada,057,99092,636,600,16,616,8
2020-10-22,Orange,059,3164182,60367,57418,1766,59184,1422
2020-10-22,Placer,061,380077,4291,4036,13,4049,57
2020-10-22,Plumas,063,18699,72,62,0,62,0
2020-10-22,Riverside,065,2383286,66883,65104,337,65441,1279
2020-10-22,Sacramento,067,1510023,25537,25054,17,25071,492
2020-10-22,San Benito,069,59416,1424,1403,1,1404,15
2020-10-22,San Bernardino,071,2135413,63279,60402,439,60841,1149
2020-10-22,San Diego,073,3302833,55810,53514,1503,55017,866
2020-10-22,San Francisco,075,870044,12214,11991,46,12037,137
2020-10-22,San Joaquin,077,732212,21812,21282,193,21475,495
2020-10-22,San Luis Obispo,079,281455,4244,4081,24,4105,31
2020-10-22,San Mateo,081,765935,11315,10796,7,10803,155
2020-10-22,Santa Barbara,083,443738,10332,9710,79,9789,120
2020-10-22,Santa Clara,085,1922200,24943,23621,35,23656,363
2020-10-22,Santa Cruz,087,273765,2843,2738,35,2773,24
2020-10-22,Shasta,089,179085,2109,1799,19,1818,29
2020-10-22,Sierra,091,2930,6,6,0,6,0
2020-10-22,Siskiyou,093,43540,200,169,10,179,0
2020-10-22,Solano,095,438530,7344,7116,41,7157,59
2020-10-22,Sonoma,097,501317,9500,9052,26,9078,139
2020-10-22,Stanislaus,099,539301,17659,17440,751,18191,395
2020-10-22,Sutter,101,95872,1842,1794,1,1795,12
2020-10-22,Tehama,103,63373,906,852,2,854,5
2020-10-22,Trinity,105,12862,59,26,7,33,0
2020-10-22,Tulare,107,460477,17723,17265,343,17608,293
2020-10-22,Tuolumne,109,53932,275,252,3,255,4
2020-10-22,Ventura,111,848112,14682,14124,319,14443,154
2020-10-22,Yolo,113,214977,3244,3116,9,3125,58
2020-10-22,Yuba,115,75493,1245,1199,5,1204,10
2020-10-21,Alameda,001,1643700,23467,22853,230,23083,392
2020-10-21,Alpine,003,1148,4,3,0,3,0
2020-10-21,Amador,005,37829,336,313,0,313,16
2020-10-21,Butte,007,227075,3172,3041,27,3068,55
2020-10-21,Calaveras,009,45235,333,272,0,272,13
2020-10-21,Colusa,011,21464,550,546,1,547,6
2020-10-21,Contra Costa,013,1133247,18881,18299,97,18396,243
2020-10-21,Del Norte,015,27424,173,169,0,169,2
2020-10-21,El Dorado,017,186661,1372,1305,2,1307,4
2020-10-21,Fresno,019,978130,33153,30328,450,30778,433
2020-10-21,Glenn,021,27897,668,640,1,641,3
2020-10-21,Humboldt,023,135768,561,548,1,549,7
2020-10-21,Imperial,025,180216,12807,12210,10,12220,331
2020-10-21,Inyo,027,18085,236,220,1,221,14
2020-10-21,Kern,029,883053,33778,32956,411,33367,430
2020-10-21,Kings,031,150075,8366,8186,55,8241,80
2020-10-21,Lake,033,64148,708,676,0,676,15
2020-10-21,Lassen,035,31185,767,764,2,766,0
2020-10-21,Los Angeles,037,10098052,298832,288096,2889,290985,6923
2020-10-21,Madera,039,155013,4996,4831,35,4866,52
2020-10-21,Marin,041,260295,7110,7002,18,7020,102
2020-10-21,Mariposa,043,17540,81,77,0,77,2
2020-10-21,Mendocino,045,87422,1066,1011,2,1013,21
2020-10-21,Merced,047,269075,9482,9319,32,9351,149
2020-10-21,Modoc,049,8938,33,26,0,26,0
2020-10-21,Mono,051,14174,187,156,4,160,1
2020-10-21,Monterey,053,433212,11271,11005,50,11055,83
2020-10-21,Napa,055,140530,2005,1918,5,1923,13
2020-10-21,Nevada,057,99092,630,597,16,613,8
2020-10-21,Orange,059,3164182,60155,57189,1755,58944,1409
2020-10-21,Placer,061,380077,4254,4007,13,4020,56
2020-10-21,Plumas,063,18699,69,58,0,58,0
2020-10-21,Riverside,065,2383286,66589,64778,311,65089,1278
2020-10-21,Sacramento,067,1510023,25344,24908,17,24925,490
2020-10-21,San Benito,069,59416,1423,1401,1,1402,14
2020-10-21,San Bernardino,071,2135413,62871,59948,432,60380,1141
2020-10-21,San Diego,073,3302833,55458,53279,1475,54754,863
2020-10-21,San Francisco,075,870044,12165,11976,45,12021,137
2020-10-21,San Joaquin,077,732212,21736,21201,187,21388,495
2020-10-21,San Luis Obispo,079,281455,4230,4055,22,4077,31
2020-10-21,San Mateo,081,765935,11266,10730,7,10737,155
2020-10-21,Santa Barbara,083,443738,10314,9681,78,9759,121
2020-10-21,Santa Clara,085,1922200,24817,23537,35,23572,361
2020-10-21,Santa Cruz,087,273765,2820,2729,35,2764,24
2020-10-21,Shasta,089,179085,2072,1777,19,1796,27
2020-10-21,Sierra,091,2930,6,6,0,6,0
2020-10-21,Siskiyou,093,43540,196,169,10,179,0
2020-10-21,Solano,095,438530,7299,7088,41,7129,59
2020-10-21,Sonoma,097,501317,9420,8987,26,9013,138
2020-10-21,Stanislaus,099,539301,17610,17419,742,18161,392
2020-10-21,Sutter,101,95872,1827,1786,1,1787,12
2020-10-21,Tehama,103,63373,890,824,2,826,5
2020-10-21,Trinity,105,12862,55,25,7,32,0
2020-10-21,Tulare,107,460477,17687,17204,329,17533,292
2020-10-21,Tuolumne,109,53932,274,251,3,254,4
2020-10-21,Ventura,111,848112,14619,14050,316,14366,153
2020-10-21,Yolo,113,214977,3225,3095,9,3104,58
2020-10-21,Yuba,115,75493,1236,1194,5,1199,10
2020-10-20,Alameda,001,1643700,23364,22750,226,22976,391
2020-10-20,Alpine,003,1148,4,3,0,3,0
2020-10-20,Amador,005,37829,335,313,0,313,16
2020-10-20,Butte,007,227075,3160,3027,27,3054,56
2020-10-20,Calaveras,009,45235,332,273,0,273,13
2020-10-20,Colusa,011,21464,547,546,1,547,6
2020-10-20,Contra Costa,013,1133247,18789,18246,97,18343,241
2020-10-20,Del Norte,015,27424,172,169,0,169,2
2020-10-20,El Dorado,017,186661,1366,1295,2,1297,4
2020-10-20,Fresno,019,978130,33050,30220,444,30664,431
2020-10-20,Glenn,021,27897,663,638,1,639,3
2020-10-20,Humboldt,023,135768,557,545,1,546,7
2020-10-20,Imperial,025,180216,12738,12114,10,12124,330
2020-10-20,Inyo,027,18085,236,218,1,219,14
2020-10-20,Kern,029,883053,33703,32889,398,33287,429
2020-10-20,Kings,031,150075,8348,8178,54,8232,80
2020-10-20,Lake,033,64148,706,675,0,675,15
2020-10-20,Lassen,035,31185,766,757,2,759,0
2020-10-20,Los Angeles,037,10098052,297343,287727,2836,290563,6891
2020-10-20,Madera,039,155013,4979,4823,35,4858,52
2020-10-20,Marin,041,260295,7095,6994,18,7012,101
2020-10-20,Mariposa,043,17540,80,77,0,77,2
2020-10-20,Mendocino,045,87422,1064,1004,2,1006,21
2020-10-20,Merced,047,269075,9460,9323,32,9355,149
2020-10-20,Modoc,049,8938,32,26,0,26,0
2020-10-20,Mono,051,14174,187,156,4,160,1
2020-10-20,Monterey,053,433212,11228,10942,47,10989,81
2020-10-20,Napa,055,140530,1986,1912,5,1917,13
2020-10-20,Nevada,057,99092,620,596,16,612,8
2020-10-20,Orange,059,3164182,59891,56914,1745,58659,1397
2020-10-20,Placer,061,380077,4216,3997,13,4010,56
2020-10-20,Plumas,063,18699,66,53,0,53,0
2020-10-20,Riverside,065,2383286,66208,64452,299,64751,1275
2020-10-20,Sacramento,067,1510023,25217,24767,16,24783,485
2020-10-20,San Benito,069,59416,1420,1398,1,1399,14
2020-10-20,San Bernardino,071,2135413,62493,59571,427,59998,1109
2020-10-20,San Diego,073,3302833,55122,53004,1455,54459,857
2020-10-20,San Francisco,075,870044,12118,12013,44,12057,126
2020-10-20,San Joaquin,077,732212,21658,21173,176,21349,490
2020-10-20,San Luis Obispo,079,281455,4212,4043,21,4064,31
2020-10-20,San Mateo,081,765935,11220,10659,7,10666,155
2020-10-20,Santa Barbara,083,443738,10285,9664,76,9740,121
2020-10-20,Santa Clara,085,1922200,24680,23406,35,23441,358
2020-10-20,Santa Cruz,087,273765,2797,2710,35,2745,23
2020-10-20,Shasta,089,179085,2049,1747,19,1766,20
2020-10-20,Sierra,091,2930,6,6,0,6,0
2020-10-20,Siskiyou,093,43540,188,168,10,178,0
2020-10-20,Solano,095,438530,7250,7044,41,7085,57
2020-10-20,Sonoma,097,501317,9357,8904,24,8928,135
2020-10-20,Stanislaus,099,539301,17556,17367,738,18105,393
2020-10-20,Sutter,101,95872,1818,1783,1,1784,12
2020-10-20,Tehama,103,63373,875,813,2,815,5
2020-10-20,Trinity,105,12862,54,25,7,32,0
2020-10-20,Tulare,107,460477,17621,17156,323,17479,289
2020-10-20,Tuolumne,109,53932,272,250,3,253,4
2020-10-20,Ventura,111,848112,14555,13980,314,14294,152
2020-10-20,Yolo,113,214977,3202,3083,9,3092,56
2020-10-20,Yuba,115,75493,1226,1191,5,1196,10
2020-10-19,Alameda,001,1643700,23253,22647,225,22872,392
2020-10-19,Alpine,003,1148,4,3,0,3,0
2020-10-19,Amador,005,37829,329,313,0,313,16
2020-10-19,Butte,007,227075,3149,3026,27,3053,55
2020-10-19,Calaveras,009,45235,331,268,0,268,13
2020-10-19,Colusa,011,21464,547,544,1,545,6
2020-10-19,Contra Costa,013,1133247,18691,18173,97,18270,239
2020-10-19,Del Norte,015,27424,169,167,0,167,2
2020-10-19,El Dorado,017,186661,1345,1287,2,1289,4
2020-10-19,Fresno,019,978130,32942,30152,438,30590,431
2020-10-19,Glenn,021,27897,658,635,0,635,3
2020-10-19,Humboldt,023,135768,557,543,1,544,7
2020-10-19,Imperial,025,180216,12684,12036,9,12045,330
2020-10-19,Inyo,027,18085,235,218,1,219,14
2020-10-19,Kern,029,883053,33628,32840,395,33235,428
2020-10-19,Kings,031,150075,8330,8173,54,8227,80
2020-10-19,Lake,033,64148,703,673,0,673,15
2020-10-19,Lassen,035,31185,765,757,2,759,0
2020-10-19,Los Angeles,037,10098052,295858,287119,2796,289915,6858
2020-10-19,Madera,039,155013,4964,4787,35,4822,52
2020-10-19,Marin,041,260295,7077,6981,18,6999,100
2020-10-19,Mariposa,043,17540,80,77,0,77,2
2020-10-19,Mendocino,045,87422,1059,1001,2,1003,21
2020-10-19,Merced,047,269075,9436,9305,27,9332,148
2020-10-19,Modoc,049,8938,31,26,0,26,0
2020-10-19,Mono,051,14174,182,156,4,160,1
2020-10-19,Monterey,053,433212,11167,10907,47,10954,80
2020-10-19,Napa,055,140530,1972,1892,5,1897,12
2020-10-19,Nevada,057,99092,617,590,16,606,8
2020-10-19,Orange,059,3164182,59605,56652,1731,58383,1396
2020-10-19,Placer,061,380077,4168,3962,13,3975,49
2020-10-19,Plumas,063,18699,64,52,0,52,0
2020-10-19,Riverside,065,2383286,65778,64016,282,64298,1272
2020-10-19,Sacramento,067,1510023,25078,24542,16,24558,483
2020-10-19,San Benito,069,59416,1413,1395,1,1396,14
2020-10-19,San Bernardino,071,2135413,62043,59265,415,59680,1100
2020-10-19,San Diego,073,3302833,54736,52739,1429,54168,853
2020-10-19,San Francisco,075,870044,12074,11879,44,11923,126
2020-10-19,San Joaquin,077,732212,21583,20930,168,21098,489
2020-10-19,San Luis Obispo,079,281455,4196,4016,21,4037,31
2020-10-19,San Mateo,081,765935,11174,10568,7,10575,154
2020-10-19,Santa Barbara,083,443738,10250,9632,76,9708,121
2020-10-19,Santa Clara,085,1922200,24529,23301,35,23336,352
2020-10-19,Santa Cruz,087,273765,2780,2705,35,2740,19
2020-10-19,Shasta,089,179085,2005,1709,18,1727,20
2020-10-19,Sierra,091,2930,6,6,0,6,0
2020-10-19,Siskiyou,093,43540,181,167,10,177,0
2020-10-19,Solano,095,438530,7209,7003,41,7044,57
2020-10-19,Sonoma,097,501317,9270,8830,24,8854,135
2020-10-19,Stanislaus,099,539301,17505,17342,728,18070,390
2020-10-19,Sutter,101,95872,1813,1773,1,1774,12
2020-10-19,Tehama,103,63373,872,793,2,795,5
2020-10-19,Trinity,105,12862,52,23,7,30,0
2020-10-19,Tulare,107,460477,17572,17047,315,17362,291
2020-10-19,Tuolumne,109,53932,270,247,3,250,4
2020-10-19,Ventura,111,848112,14489,13930,311,14241,152
2020-10-19,Yolo,113,214977,3189,3069,9,3078,56
2020-10-19,Yuba,115,75493,1219,1183,5,1188,10
2020-10-18,Alameda,001,1643700,23149,22546,224,22770,392
2020-10-18,Alpine,003,1148,4,3,0,3,0
2020-10-18,Amador,005,37829,317,313,0,313,16
2020-10-18,Butte,007,227075,3136,3019,27,3046,55
2020-10-18,Calaveras,009,45235,330,267,0,267,13
2020-10-18,Colusa,011,21464,545,544,1,545,6
2020-10-18,Contra Costa,013,1133247,18592,18120,97,18217,237
2020-10-18,Del Norte,015,27424,169,167,0,167,2
2020-10-18,El Dorado,017,186661,1336,1283,2,1285,4
2020-10-18,Fresno,019,978130,32818,30051,430,30481,430
2020-10-18,Glenn,021,27897,656,634,0,634,3
2020-10-18,Humboldt,023,135768,554,540,1,541,7
2020-10-18,Imperial,025,180216,12622,11987,8,11995,330
2020-10-18,Inyo,027,18085,232,215,1,216,14
2020-10-18,Kern,029,883053,33555,32799,388,33187,428
2020-10-18,Kings,031,150075,8315,8159,54,8213,80
2020-10-18,Lake,033,64148,696,670,0,670,15
2020-10-18,Lassen,035,31185,765,757,2,759,0
2020-10-18,Los Angeles,037,10098052,294155,286187,2748,288935,6857
2020-10-18,Madera,039,155013,4939,4770,34,4804,52
2020-10-18,Marin,041,260295,7056,6969,18,6987,99
2020-10-18,Mariposa,043,17540,80,77,0,77,2
2020-10-18,Mendocino,045,87422,1057,988,2,990,21
2020-10-18,Merced,047,269075,9401,9292,27,9319,148
2020-10-18,Modoc,049,8938,30,26,0,26,0
2020-10-18,Mono,051,14174,177,155,4,159,1
2020-10-18,Monterey,053,433212,11115,10872,46,10918,80
2020-10-18,Napa,055,140530,1959,1882,5,1887,12
2020-10-18,Nevada,057,99092,611,582,16,598,8
2020-10-18,Orange,059,3164182,59307,56394,1715,58109,1396
2020-10-18,Placer,061,380077,4120,3938,13,3951,49
2020-10-18,Plumas,063,18699,62,52,0,52,0
2020-10-18,Riverside,065,2383286,65468,63765,259,64024,1270
2020-10-18,Sacramento,067,1510023,24923,24425,16,24441,482
2020-10-18,San Benito,069,59416,1406,1395,1,1396,14
2020-10-18,San Bernardino,071,2135413,61544,58893,407,59300,1098
2020-10-18,San Diego,073,3302833,54347,52359,1408,53767,853
2020-10-18,San Francisco,075,870044,12035,11878,44,11922,126
2020-10-18,San Joaquin,077,732212,21501,20931,155,21086,489
2020-10-18,San Luis Obispo,079,281455,4165,4009,19,4028,31
2020-10-18,San Mateo,081,765935,11115,10503,7,10510,154
2020-10-18,Santa Barbara,083,443738,10211,9608,75,9683,121
2020-10-18,Santa Clara,085,1922200,24355,23169,35,23204,352
2020-10-18,Santa Cruz,087,273765,2766,2692,35,2727,19
2020-10-18,Shasta,089,179085,1980,1708,18,1726,20
2020-10-18,Sierra,091,2930,6,6,0,6,0
2020-10-18,Siskiyou,093,43540,181,167,10,177,0
2020-10-18,Solano,095,438530,7162,6962,41,7003,57
2020-10-18,Sonoma,097,501317,9194,8781,22,8803,134
2020-10-18,Stanislaus,099,539301,17449,17290,719,18009,390
2020-10-18,Sutter,101,95872,1804,1764,1,1765,12
2020-10-18,Tehama,103,63373,840,774,2,776,5
2020-10-18,Trinity,105,12862,52,20,7,27,0
2020-10-18,Tulare,107,460477,17480,17048,305,17353,290
2020-10-18,Tuolumne,109,53932,265,245,3,248,4
2020-10-18,Ventura,111,848112,14410,13901,310,14211,151
2020-10-18,Yolo,113,214977,3150,3059,9,3068,55
2020-10-18,Yuba,115,75493,1208,1176,5,1181,10
2020-10-17,Alameda,001,1643700,23103,22394,222,22616,398
2020-10-17,Alpine,003,1148,4,3,0,3,0
2020-10-17,Amador,005,37829,315,309,0,309,16
2020-10-17,Butte,007,227075,3128,3012,25,3037,55
2020-10-17,Calaveras,009,45235,330,267,0,267,13
2020-10-17,Colusa,011,21464,544,544,1,545,6
2020-10-17,Contra Costa,013,1133247,18539,18005,97,18102,237
2020-10-17,Del Norte,015,27424,169,167,0,167,2
2020-10-17,El Dorado,017,186661,1332,1277,2,1279,4
2020-10-17,Fresno,019,978130,32764,29911,428,30339,430
2020-10-17,Glenn,021,27897,653,633,0,633,3
2020-10-17,Humboldt,023,135768,551,535,1,536,7
2020-10-17,Imperial,025,180216,12594,11962,8,11970,330
2020-10-17,Inyo,027,18085,227,212,1,213,14
2020-10-17,Kern,029,883053,33504,32710,385,33095,428
2020-10-17,Kings,031,150075,8309,8151,53,8204,80
2020-10-17,Lake,033,64148,693,663,0,663,15
2020-10-17,Lassen,035,31185,765,757,2,759,0
2020-10-17,Los Angeles,037,10098052,293403,285858,2720,288578,6844
2020-10-17,Madera,039,155013,4933,4759,34,4793,53
2020-10-17,Marin,041,260295,7053,6958,18,6976,99
2020-10-17,Mariposa,043,17540,79,77,0,77,2
2020-10-17,Mendocino,045,87422,1050,977,2,979,21
2020-10-17,Merced,047,269075,9387,9275,27,9302,148
2020-10-17,Modoc,049,8938,30,26,0,26,0
2020-10-17,Mono,051,14174,176,155,4,159,1
2020-10-17,Monterey,053,433212,11075,10807,45,10852,80
2020-10-17,Napa,055,140530,1952,1866,5,1871,12
2020-10-17,Nevada,057,99092,610,580,16,596,8
2020-10-17,Orange,059,3164182,59166,56197,1706,57903,1396
2020-10-17,Placer,061,380077,4093,3898,13,3911,49
2020-10-17,Plumas,063,18699,62,52,0,52,0
2020-10-17,Riverside,065,2383286,65271,63171,248,63419,1270
2020-10-17,Sacramento,067,1510023,24839,24304,16,24320,482
2020-10-17,San Benito,069,59416,1402,1389,1,1390,14
2020-10-17,San Bernardino,071,2135413,61274,58415,400,58815,1097
2020-10-17,San Diego,073,3302833,54122,51986,1397,53383,853
2020-10-17,San Francisco,075,870044,12007,11877,43,11920,126
2020-10-17,San Joaquin,077,732212,21447,20932,149,21081,489
2020-10-17,San Luis Obispo,079,281455,4150,3979,19,3998,31
2020-10-17,San Mateo,081,765935,11087,10423,7,10430,153
2020-10-17,Santa Barbara,083,443738,10192,9588,73,9661,121
2020-10-17,Santa Clara,085,1922200,24266,22997,35,23032,349
2020-10-17,Santa Cruz,087,273765,2752,2680,35,2715,19
2020-10-17,Shasta,089,179085,1954,1679,18,1697,20
2020-10-17,Sierra,091,2930,6,6,0,6,0
2020-10-17,Siskiyou,093,43540,180,167,10,177,0
2020-10-17,Solano,095,438530,7136,6929,41,6970,57
2020-10-17,Sonoma,097,501317,9151,8725,22,8747,134
2020-10-17,Stanislaus,099,539301,17410,17232,709,17941,390
2020-10-17,Sutter,101,95872,1802,1762,1,1763,12
2020-10-17,Tehama,103,63373,824,764,2,766,5
2020-10-17,Trinity,105,12862,52,20,7,27,0
2020-10-17,Tulare,107,460477,17450,16995,296,17291,290
2020-10-17,Tuolumne,109,53932,265,241,3,244,4
2020-10-17,Ventura,111,848112,14365,13845,307,14152,151
2020-10-17,Yolo,113,214977,3135,3045,7,3052,55
2020-10-17,Yuba,115,75493,1203,1164,5,1169,10
2020-10-16,Alameda,001,1643700,23049,22315,222,22537,397
2020-10-16,Alpine,003,1148,4,3,0,3,0
2020-10-16,Amador,005,37829,315,309,0,309,16
2020-10-16,Butte,007,227075,3117,3004,25,3029,54
2020-10-16,Calaveras,009,45235,330,267,0,267,13
2020-10-16,Colusa,011,21464,543,544,1,545,6
2020-10-16,Contra Costa,013,1133247,18486,17956,97,18053,237
2020-10-16,Del Norte,015,27424,169,166,0,166,2
2020-10-16,El Dorado,017,186661,1326,1273,2,1275,4
2020-10-16,Fresno,019,978130,32689,29796,426,30222,427
2020-10-16,Glenn,021,27897,648,632,0,632,3
2020-10-16,Humboldt,023,135768,551,533,1,534,7
2020-10-16,Imperial,025,180216,12554,11885,8,11893,330
2020-10-16,Inyo,027,18085,223,212,1,213,14
2020-10-16,Kern,029,883053,33461,32660,383,33043,428
2020-10-16,Kings,031,150075,8300,8146,52,8198,80
2020-10-16,Lake,033,64148,691,644,0,644,14
2020-10-16,Lassen,035,31185,765,757,2,759,0
2020-10-16,Los Angeles,037,10098052,292342,284988,2697,287685,6835
2020-10-16,Madera,039,155013,4921,4736,33,4769,53
2020-10-16,Marin,041,260295,7043,6933,18,6951,99
2020-10-16,Mariposa,043,17540,79,76,0,76,2
2020-10-16,Mendocino,045,87422,1043,974,2,976,21
2020-10-16,Merced,047,269075,9370,9246,27,9273,148
2020-10-16,Modoc,049,8938,30,26,0,26,0
2020-10-16,Mono,051,14174,174,155,4,159,1
2020-10-16,Monterey,053,433212,11041,10727,45,10772,79
2020-10-16,Napa,055,140530,1943,1855,5,1860,12
2020-10-16,Nevada,057,99092,608,579,16,595,8
2020-10-16,Orange,059,3164182,58990,56091,1699,57790,1388
2020-10-16,Placer,061,380077,4073,3864,13,3877,49
2020-10-16,Plumas,063,18699,61,52,0,52,0
2020-10-16,Riverside,065,2383286,65046,62986,247,63233,1267
2020-10-16,Sacramento,067,1510023,24745,24144,16,24160,479
2020-10-16,San Benito,069,59416,1399,1388,1,1389,14
2020-10-16,San Bernardino,071,2135413,61005,58233,400,58633,1069
2020-10-16,San Diego,073,3302833,53881,51785,1383,53168,850
2020-10-16,San Francisco,075,870044,11985,11840,42,11882,126
2020-10-16,San Joaquin,077,732212,21402,20910,148,21058,489
2020-10-16,San Luis Obispo,079,281455,4136,3952,19,3971,32
2020-10-16,San Mateo,081,765935,11062,10405,7,10412,153
2020-10-16,Santa Barbara,083,443738,10174,9549,73,9622,119
2020-10-16,Santa Clara,085,1922200,24180,22920,35,22955,345
2020-10-16,Santa Cruz,087,273765,2739,2666,35,2701,20
2020-10-16,Shasta,089,179085,1932,1660,18,1678,20
2020-10-16,Sierra,091,2930,6,6,0,6,0
2020-10-16,Siskiyou,093,43540,178,167,10,177,0
2020-10-16,Solano,095,438530,7113,6879,41,6920,55
2020-10-16,Sonoma,097,501317,9095,8652,22,8674,133
2020-10-16,Stanislaus,099,539301,17377,17201,700,17901,366
2020-10-16,Sutter,101,95872,1794,1756,1,1757,12
2020-10-16,Tehama,103,63373,823,737,2,739,3
2020-10-16,Trinity,105,12862,52,20,7,27,0
2020-10-16,Tulare,107,460477,17418,16965,288,17253,290
2020-10-16,Tuolumne,109,53932,262,237,3,240,4
2020-10-16,Ventura,111,848112,14322,13805,302,14107,152
2020-10-16,Yolo,113,214977,3126,3030,7,3037,55
2020-10-16,Yuba,115,75493,1203,1155,5,1160,10
2020-10-15,Alameda,001,1643700,22981,22267,221,22488,390
2020-10-15,Alpine,003,1148,4,3,0,3,0
2020-10-15,Amador,005,37829,315,309,0,309,16
2020-10-15,Butte,007,227075,3105,3000,24,3024,54
2020-10-15,Calaveras,009,45235,329,267,0,267,13
2020-10-15,Colusa,011,21464,542,543,1,544,6
2020-10-15,Contra Costa,013,1133247,18419,17893,95,17988,237
2020-10-15,Del Norte,015,27424,169,164,0,164,2
2020-10-15,El Dorado,017,186661,1321,1265,2,1267,4
2020-10-15,Fresno,019,978130,32595,29727,424,30151,425
2020-10-15,Glenn,021,27897,643,632,0,632,3
2020-10-15,Humboldt,023,135768,547,531,1,532,7
2020-10-15,Imperial,025,180216,12513,11820,7,11827,330
2020-10-15,Inyo,027,18085,223,210,1,211,14
2020-10-15,Kern,029,883053,33380,32593,380,32973,427
2020-10-15,Kings,031,150075,8285,8134,52,8186,80
2020-10-15,Lake,033,64148,689,642,0,642,14
2020-10-15,Lassen,035,31185,764,752,2,754,0
2020-10-15,Los Angeles,037,10098052,291064,284019,2658,286677,6807
2020-10-15,Madera,039,155013,4909,4723,32,4755,50
2020-10-15,Marin,041,260295,7035,6912,18,6930,99
2020-10-15,Mariposa,043,17540,79,76,0,76,2
2020-10-15,Mendocino,045,87422,1038,963,2,965,21
2020-10-15,Merced,047,269075,9343,9213,27,9240,147
2020-10-15,Modoc,049,8938,30,26,0,26,0
2020-10-15,Mono,051,14174,174,155,4,159,1
2020-10-15,Monterey,053,433212,10974,10677,44,10721,79
2020-10-15,Napa,055,140530,1930,1842,5,1847,12
2020-10-15,Nevada,057,99092,604,575,16,591,8
2020-10-15,Orange,059,3164182,58774,55952,1687,57639,1379
2020-10-15,Placer,061,380077,4045,3848,13,3861,48
2020-10-15,Plumas,063,18699,58,52,0,52,0
2020-10-15,Riverside,065,2383286,64715,62819,244,63063,1266
2020-10-15,Sacramento,067,1510023,24628,24068,16,24084,474
2020-10-15,San Benito,069,59416,1396,1384,1,1385,14
2020-10-15,San Bernardino,071,2135413,60666,58068,397,58465,1067
2020-10-15,San Diego,073,3302833,53597,51472,1367,52839,847
2020-10-15,San Francisco,075,870044,11957,11808,39,11847,126
2020-10-15,San Joaquin,077,732212,21329,20880,142,21022,487
2020-10-15,San Luis Obispo,079,281455,4121,3934,19,3953,32
2020-10-15,San Mateo,081,765935,11022,10340,7,10347,152
2020-10-15,Santa Barbara,083,443738,10150,9526,72,9598,117
2020-10-15,Santa Clara,085,1922200,24064,22808,35,22843,343
2020-10-15,Santa Cruz,087,273765,2725,2656,35,2691,13
2020-10-15,Shasta,089,179085,1921,1635,18,1653,20
2020-10-15,Sierra,091,2930,6,6,0,6,0
2020-10-15,Siskiyou,093,43540,174,166,10,176,0
2020-10-15,Solano,095,438530,7074,6830,41,6871,55
2020-10-15,Sonoma,097,501317,9003,8571,22,8593,133
2020-10-15,Stanislaus,099,539301,17339,17151,686,17837,366
2020-10-15,Sutter,101,95872,1791,1752,1,1753,12
2020-10-15,Tehama,103,63373,796,726,2,728,3
2020-10-15,Trinity,105,12862,52,20,7,27,0
2020-10-15,Tulare,107,460477,17358,16918,272,17190,289
2020-10-15,Tuolumne,109,53932,260,236,3,239,4
2020-10-15,Ventura,111,848112,14266,13750,297,14047,152
2020-10-15,Yolo,113,214977,3106,3014,7,3021,55
2020-10-15,Yuba,115,75493,1196,1151,5,1156,10
2020-10-14,Alameda,001,1643700,22883,22227,220,22447,398
2020-10-14,Alpine,003,1148,4,3,0,3,0
2020-10-14,Amador,005,37829,313,308,0,308,16
2020-10-14,Butte,007,227075,3097,2995,24,3019,54
2020-10-14,Calaveras,009,45235,329,266,0,266,12
2020-10-14,Colusa,011,21464,542,543,1,544,6
2020-10-14,Contra Costa,013,1133247,18362,17820,93,17913,236
2020-10-14,Del Norte,015,27424,168,163,0,163,2
2020-10-14,El Dorado,017,186661,1315,1264,2,1266,4
2020-10-14,Fresno,019,978130,32483,29650,420,30070,424
2020-10-14,Glenn,021,27897,642,629,0,629,3
2020-10-14,Humboldt,023,135768,544,531,1,532,7
2020-10-14,Imperial,025,180216,12476,11765,6,11771,330
2020-10-14,Inyo,027,18085,222,209,1,210,14
2020-10-14,Kern,029,883053,33306,32528,377,32905,425
2020-10-14,Kings,031,150075,8268,8118,51,8169,80
2020-10-14,Lake,033,64148,688,642,0,642,14
2020-10-14,Lassen,035,31185,762,752,2,754,0
2020-10-14,Los Angeles,037,10098052,289753,282918,2611,285529,6786
2020-10-14,Madera,039,155013,4894,4713,31,4744,50
2020-10-14,Marin,041,260295,7029,6907,18,6925,99
2020-10-14,Mariposa,043,17540,78,76,0,76,2
2020-10-14,Mendocino,045,87422,1032,955,2,957,21
2020-10-14,Merced,047,269075,9318,9201,25,9226,147
2020-10-14,Modoc,049,8938,30,27,0,27,0
2020-10-14,Mono,051,14174,174,155,4,159,1
2020-10-14,Monterey,053,433212,10923,10616,44,10660,78
2020-10-14,Napa,055,140530,1913,1837,5,1842,12
2020-10-14,Nevada,057,99092,602,573,16,589,7
2020-10-14,Orange,059,3164182,58562,55756,1676,57432,1348
2020-10-14,Placer,061,380077,4022,3829,13,3842,48
2020-10-14,Plumas,063,18699,54,52,0,52,0
2020-10-14,Riverside,065,2383286,64432,62607,243,62850,1261
2020-10-14,Sacramento,067,1510023,24484,24013,16,24029,472
2020-10-14,San Benito,069,59416,1394,1381,0,1381,14
2020-10-14,San Bernardino,071,2135413,60340,57774,394,58168,1063
2020-10-14,San Diego,073,3302833,53279,51329,1343,52672,844
2020-10-14,San Francisco,075,870044,11925,11783,38,11821,123
2020-10-14,San Joaquin,077,732212,21250,20845,128,20973,487
2020-10-14,San Luis Obispo,079,281455,4098,3901,18,3919,32
2020-10-14,San Mateo,081,765935,10971,10309,7,10316,132
2020-10-14,Santa Barbara,083,443738,10115,9509,72,9581,117
2020-10-14,Santa Clara,085,1922200,23916,22735,35,22770,343
2020-10-14,Santa Cruz,087,273765,2715,2618,35,2653,13
2020-10-14,Shasta,089,179085,1883,1553,18,1571,20
2020-10-14,Sierra,091,2930,6,6,0,6,0
2020-10-14,Siskiyou,093,43540,174,166,10,176,0
2020-10-14,Solano,095,438530,7018,6786,41,6827,55
2020-10-14,Sonoma,097,501317,8950,8514,22,8536,133
2020-10-14,Stanislaus,099,539301,17294,17105,683,17788,365
2020-10-14,Sutter,101,95872,1782,1747,1,1748,12
2020-10-14,Tehama,103,63373,785,721,2,723,3
2020-10-14,Trinity,105,12862,51,20,7,27,0
2020-10-14,Tulare,107,460477,17296,16863,259,17122,287
2020-10-14,Tuolumne,109,53932,259,236,3,239,4
2020-10-14,Ventura,111,848112,14213,13697,293,13990,152
2020-10-14,Yolo,113,214977,3088,3007,7,3014,55
2020-10-14,Yuba,115,75493,1188,1147,5,1152,10
2020-10-13,Alameda,001,1643700,22779,22185,218,22403,389
2020-10-13,Alpine,003,1148,4,3,0,3,0
2020-10-13,Amador,005,37829,311,306,0,306,16
2020-10-13,Butte,007,227075,3088,2992,24,3016,54
2020-10-13,Calaveras,009,45235,325,262,0,262,12
2020-10-13,Colusa,011,21464,542,541,1,542,6
2020-10-13,Contra Costa,013,1133247,18304,17783,93,17876,234
2020-10-13,Del Norte,015,27424,168,163,0,163,2
2020-10-13,El Dorado,017,186661,1306,1262,2,1264,4
2020-10-13,Fresno,019,978130,32363,29579,416,29995,424
2020-10-13,Glenn,021,27897,641,629,0,629,3
2020-10-13,Humboldt,023,135768,542,523,1,524,7
2020-10-13,Imperial,025,180216,12441,11727,6,11733,327
2020-10-13,Inyo,027,18085,219,207,1,208,14
2020-10-13,Kern,029,883053,33231,32497,375,32872,419
2020-10-13,Kings,031,150075,8259,8111,51,8162,80
2020-10-13,Lake,033,64148,685,639,0,639,12
2020-10-13,Lassen,035,31185,760,752,2,754,0
2020-10-13,Los Angeles,037,10098052,288478,281716,2568,284284,6767
2020-10-13,Madera,039,155013,4876,4700,31,4731,50
2020-10-13,Marin,041,260295,7007,6900,18,6918,97
2020-10-13,Mariposa,043,17540,78,76,0,76,2
2020-10-13,Mendocino,045,87422,1023,950,2,952,21
2020-10-13,Merced,047,269075,9301,9181,25,9206,146
2020-10-13,Modoc,049,8938,29,28,0,28,0
2020-10-13,Mono,051,14174,174,155,3,158,1
2020-10-13,Monterey,053,433212,10862,10574,43,10617,78
2020-10-13,Napa,055,140530,1904,1825,5,1830,12
2020-10-13,Nevada,057,99092,596,572,16,588,7
2020-10-13,Orange,059,3164182,58350,55515,1662,57177,1326
2020-10-13,Placer,061,380077,3985,3825,13,3838,48
2020-10-13,Plumas,063,18699,52,51,0,51,0
2020-10-13,Riverside,065,2383286,64113,62279,241,62520,1254
2020-10-13,Sacramento,067,1510023,24407,23930,16,23946,466
2020-10-13,San Benito,069,59416,1386,1380,0,1380,14
2020-10-13,San Bernardino,071,2135413,60001,57411,392,57803,1061
2020-10-13,San Diego,073,3302833,52986,51026,1326,52352,840
2020-10-13,San Francisco,075,870044,11890,11659,38,11697,122
2020-10-13,San Joaquin,077,732212,21188,20822,124,20946,481
2020-10-13,San Luis Obispo,079,281455,4087,3892,17,3909,32
2020-10-13,San Mateo,081,765935,10928,10286,7,10293,130
2020-10-13,Santa Barbara,083,443738,10084,9489,72,9561,117
2020-10-13,Santa Clara,085,1922200,23790,22678,35,22713,343
2020-10-13,Santa Cruz,087,273765,2697,2603,35,2638,13
2020-10-13,Shasta,089,179085,1859,1606,18,1624,20
2020-10-13,Sierra,091,2930,6,6,0,6,0
2020-10-13,Siskiyou,093,43540,173,163,10,173,0
2020-10-13,Solano,095,438530,6983,6761,41,6802,55
2020-10-13,Sonoma,097,501317,8867,8456,22,8478,133
2020-10-13,Stanislaus,099,539301,17249,17082,678,17760,362
2020-10-13,Sutter,101,95872,1773,1748,1,1749,12
2020-10-13,Tehama,103,63373,777,717,2,719,3
2020-10-13,Trinity,105,12862,47,19,6,25,0
2020-10-13,Tulare,107,460477,17237,16822,251,17073,286
2020-10-13,Tuolumne,109,53932,257,235,3,238,4
2020-10-13,Ventura,111,848112,14160,13645,288,13933,151
2020-10-13,Yolo,113,214977,3080,2983,6,2989,55
2020-10-13,Yuba,115,75493,1183,1143,5,1148,10
2020-10-12,Alameda,001,1643700,22699,22126,217,22343,389
2020-10-12,Alpine,003,1148,4,3,0,3,0
2020-10-12,Amador,005,37829,310,305,0,305,16
2020-10-12,Butte,007,227075,3082,2975,24,2999,54
2020-10-12,Calaveras,009,45235,325,262,0,262,12
2020-10-12,Colusa,011,21464,542,541,1,542,6
2020-10-12,Contra Costa,013,1133247,18229,17728,93,17821,233
2020-10-12,Del Norte,015,27424,168,161,0,161,2
2020-10-12,El Dorado,017,186661,1303,1254,2,1256,4
2020-10-12,Fresno,019,978130,32230,29523,412,29935,421
2020-10-12,Glenn,021,27897,640,626,0,626,3
2020-10-12,Humboldt,023,135768,539,522,1,523,7
2020-10-12,Imperial,025,180216,12402,11689,6,11695,328
2020-10-12,Inyo,027,18085,216,201,1,202,14
2020-10-12,Kern,029,883053,33138,32425,372,32797,419
2020-10-12,Kings,031,150075,8253,8106,50,8156,80
2020-10-12,Lake,033,64148,679,633,0,633,12
2020-10-12,Lassen,035,31185,760,752,2,754,0
2020-10-12,Los Angeles,037,10098052,287264,280961,2538,283499,6747
2020-10-12,Madera,039,155013,4857,4689,31,4720,50
2020-10-12,Marin,041,260295,6990,6886,18,6904,97
2020-10-12,Mariposa,043,17540,78,76,0,76,2
2020-10-12,Mendocino,045,87422,1017,947,2,949,21
2020-10-12,Merced,047,269075,9280,9141,25,9166,146
2020-10-12,Modoc,049,8938,29,27,0,27,0
2020-10-12,Mono,051,14174,174,154,3,157,1
2020-10-12,Monterey,053,433212,10796,10473,43,10516,77
2020-10-12,Napa,055,140530,1896,1819,5,1824,11
2020-10-12,Nevada,057,99092,592,570,16,586,7
2020-10-12,Orange,059,3164182,58120,55373,1652,57025,1326
2020-10-12,Placer,061,380077,3953,3808,12,3820,48
2020-10-12,Plumas,063,18699,52,51,0,51,0
2020-10-12,Riverside,065,2383286,63801,62279,238,62517,1254
2020-10-12,Sacramento,067,1510023,24301,23807,16,23823,466
2020-10-12,San Benito,069,59416,1383,1376,0,1376,13
2020-10-12,San Bernardino,071,2135413,59628,57235,391,57626,1061
2020-10-12,San Diego,073,3302833,52696,50748,1299,52047,826
2020-10-12,San Francisco,075,870044,11858,11659,38,11697,122
2020-10-12,San Joaquin,077,732212,21125,20701,118,20819,480
2020-10-12,San Luis Obispo,079,281455,4063,3874,17,3891,32
2020-10-12,San Mateo,081,765935,10880,10262,7,10269,130
2020-10-12,Santa Barbara,083,443738,10047,9462,72,9534,117
2020-10-12,Santa Clara,085,1922200,23675,22578,35,22613,343
2020-10-12,Santa Cruz,087,273765,2680,2590,35,2625,13
2020-10-12,Shasta,089,179085,1834,1515,18,1533,20
2020-10-12,Sierra,091,2930,6,6,0,6,0
2020-10-12,Siskiyou,093,43540,172,162,10,172,0
2020-10-12,Solano,095,438530,6944,6742,41,6783,55
2020-10-12,Sonoma,097,501317,8796,8377,22,8399,133
2020-10-12,Stanislaus,099,539301,17200,17051,669,17720,361
2020-10-12,Sutter,101,95872,1765,1741,1,1742,12
2020-10-12,Tehama,103,63373,761,708,2,710,3
2020-10-12,Trinity,105,12862,46,19,6,25,0
2020-10-12,Tulare,107,460477,17185,16742,244,16986,286
2020-10-12,Tuolumne,109,53932,252,234,3,237,4
2020-10-12,Ventura,111,848112,14098,13617,284,13901,151
2020-10-12,Yolo,113,214977,3065,2964,6,2970,55
2020-10-12,Yuba,115,75493,1172,1141,5,1146,10
2020-10-11,Alameda,001,1643700,22609,22057,213,22270,392
2020-10-11,Alpine,003,1148,4,3,0,3,0
2020-10-11,Amador,005,37829,308,305,0,305,16
2020-10-11,Butte,007,227075,3074,2967,23,2990,54
2020-10-11,Calaveras,009,45235,323,262,0,262,12
2020-10-11,Colusa,011,21464,540,541,1,542,6
2020-10-11,Contra Costa,013,1133247,18147,17678,93,17771,233
2020-10-11,Del Norte,015,27424,166,161,0,161,2
2020-10-11,El Dorado,017,186661,1294,1242,2,1244,4
2020-10-11,Fresno,019,978130,32092,29419,405,29824,421
2020-10-11,Glenn,021,27897,638,625,0,625,3
2020-10-11,Humboldt,023,135768,538,521,1,522,7
2020-10-11,Imperial,025,180216,12342,11614,6,11620,328
2020-10-11,Inyo,027,18085,212,201,1,202,14
2020-10-11,Kern,029,883053,33051,32399,365,32764,418
2020-10-11,Kings,031,150075,8236,8094,49,8143,80
2020-10-11,Lake,033,64148,666,631,0,631,12
2020-10-11,Lassen,035,31185,759,752,2,754,0
2020-10-11,Los Angeles,037,10098052,285827,280190,2496,282686,6745
2020-10-11,Madera,039,155013,4829,4680,30,4710,50
2020-10-11,Marin,041,260295,6981,6870,18,6888,97
2020-10-11,Mariposa,043,17540,78,76,0,76,2
2020-10-11,Mendocino,045,87422,1010,944,2,946,21
2020-10-11,Merced,047,269075,9262,9124,25,9149,146
2020-10-11,Modoc,049,8938,29,27,0,27,0
2020-10-11,Mono,051,14174,174,154,3,157,1
2020-10-11,Monterey,053,433212,10745,10445,41,10486,77
2020-10-11,Napa,055,140530,1880,1811,5,1816,11
2020-10-11,Nevada,057,99092,590,569,16,585,7
2020-10-11,Orange,059,3164182,57890,55202,1645,56847,1326
2020-10-11,Placer,061,380077,3932,3787,12,3799,48
2020-10-11,Plumas,063,18699,52,51,0,51,0
2020-10-11,Riverside,065,2383286,63512,62112,234,62346,1254
2020-10-11,Sacramento,067,1510023,24159,23778,16,23794,466
2020-10-11,San Benito,069,59416,1382,1374,0,1374,13
2020-10-11,San Bernardino,071,2135413,59175,56997,387,57384,1061
2020-10-11,San Diego,073,3302833,52347,50553,1277,51830,826
2020-10-11,San Francisco,075,870044,11815,11659,38,11697,122
2020-10-11,San Joaquin,077,732212,21050,20700,108,20808,480
2020-10-11,San Luis Obispo,079,281455,4046,3874,16,3890,32
2020-10-11,San Mateo,081,765935,10849,10240,7,10247,130
2020-10-11,Santa Barbara,083,443738,10017,9440,71,9511,117
2020-10-11,Santa Clara,085,1922200,23532,22487,34,22521,336
2020-10-11,Santa Cruz,087,273765,2666,2578,35,2613,13
2020-10-11,Shasta,089,179085,1804,1515,17,1532,20
2020-10-11,Sierra,091,2930,6,6,0,6,0
2020-10-11,Siskiyou,093,43540,171,162,10,172,0
2020-10-11,Solano,095,438530,6890,6685,41,6726,53
2020-10-11,Sonoma,097,501317,8739,8319,22,8341,133
2020-10-11,Stanislaus,099,539301,17137,17007,652,17659,360
2020-10-11,Sutter,101,95872,1762,1742,1,1743,12
2020-10-11,Tehama,103,63373,737,702,2,704,3
2020-10-11,Trinity,105,12862,46,19,6,25,0
2020-10-11,Tulare,107,460477,17122,16741,236,16977,286
2020-10-11,Tuolumne,109,53932,248,234,3,237,4
2020-10-11,Ventura,111,848112,14037,13604,279,13883,151
2020-10-11,Yolo,113,214977,3035,2952,6,2958,55
2020-10-11,Yuba,115,75493,1160,1137,5,1142,10
2020-10-10,Alameda,001,1643700,22559,21979,212,22191,398
2020-10-10,Alpine,003,1148,4,3,0,3,0
2020-10-10,Amador,005,37829,307,304,0,304,16
2020-10-10,Butte,007,227075,3069,2962,22,2984,54
2020-10-10,Calaveras,009,45235,322,262,0,262,12
2020-10-10,Colusa,011,21464,540,541,1,542,6
2020-10-10,Contra Costa,013,1133247,18111,17566,92,17658,233
2020-10-10,Del Norte,015,27424,166,161,0,161,2
2020-10-10,El Dorado,017,186661,1292,1240,2,1242,4
2020-10-10,Fresno,019,978130,32029,29286,403,29689,421
2020-10-10,Glenn,021,27897,638,623,0,623,3
2020-10-10,Humboldt,023,135768,535,518,1,519,7
2020-10-10,Imperial,025,180216,12327,11591,6,11597,327
2020-10-10,Inyo,027,18085,209,201,1,202,14
2020-10-10,Kern,029,883053,33014,32338,365,32703,418
2020-10-10,Kings,031,150075,8232,8078,49,8127,80
2020-10-10,Lake,033,64148,665,630,0,630,11
2020-10-10,Lassen,035,31185,759,752,2,754,0
2020-10-10,Los Angeles,037,10098052,285107,279213,2462,281675,6743
2020-10-10,Madera,039,155013,4816,4662,30,4692,50
2020-10-10,Marin,041,260295,6972,6852,18,6870,97
2020-10-10,Mariposa,043,17540,78,76,0,76,2
2020-10-10,Mendocino,045,87422,1003,935,2,937,21
2020-10-10,Merced,047,269075,9256,9105,24,9129,146
2020-10-10,Modoc,049,8938,29,27,0,27,0
2020-10-10,Mono,051,14174,174,154,3,157,1
2020-10-10,Monterey,053,433212,10712,10410,41,10451,75
2020-10-10,Napa,055,140530,1873,1804,5,1809,11
2020-10-10,Nevada,057,99092,587,564,16,580,6
2020-10-10,Orange,059,3164182,57769,54965,1640,56605,1324
2020-10-10,Placer,061,380077,3915,3757,12,3769,48
2020-10-10,Plumas,063,18699,52,51,0,51,0
2020-10-10,Riverside,065,2383286,63309,61845,231,62076,1254
2020-10-10,Sacramento,067,1510023,24092,23689,16,23705,466
2020-10-10,San Benito,069,59416,1380,1370,0,1370,13
2020-10-10,San Bernardino,071,2135413,59013,56683,385,57068,1061
2020-10-10,San Diego,073,3302833,52117,50145,1259,51404,825
2020-10-10,San Francisco,075,870044,11794,11663,38,11701,122
2020-10-10,San Joaquin,077,732212,21022,20700,104,20804,481
2020-10-10,San Luis Obispo,079,281455,4026,3832,16,3848,32
2020-10-10,San Mateo,081,765935,10812,10218,7,10225,130
2020-10-10,Santa Barbara,083,443738,10006,9417,71,9488,116
2020-10-10,Santa Clara,085,1922200,23440,22354,34,22388,330
2020-10-10,Santa Cruz,087,273765,2652,2572,35,2607,13
2020-10-10,Shasta,089,179085,1787,1473,17,1490,20
2020-10-10,Sierra,091,2930,6,6,0,6,0
2020-10-10,Siskiyou,093,43540,171,161,10,171,0
2020-10-10,Solano,095,438530,6864,6655,41,6696,53
2020-10-10,Sonoma,097,501317,8719,8235,22,8257,133
2020-10-10,Stanislaus,099,539301,17102,16960,644,17604,360
2020-10-10,Sutter,101,95872,1759,1735,1,1736,12
2020-10-10,Tehama,103,63373,730,693,2,695,3
2020-10-10,Trinity,105,12862,46,19,6,25,0
2020-10-10,Tulare,107,460477,17088,16709,231,16940,286
2020-10-10,Tuolumne,109,53932,248,233,3,236,4
2020-10-10,Ventura,111,848112,14012,13520,279,13799,151
2020-10-10,Yolo,113,214977,3026,2939,6,2945,55
2020-10-10,Yuba,115,75493,1158,1134,5,1139,10
2020-10-09,Alameda,001,1643700,22511,21924,212,22136,399
2020-10-09,Alpine,003,1148,4,3,0,3,0
2020-10-09,Amador,005,37829,307,303,0,303,16
2020-10-09,Butte,007,227075,3066,2956,22,2978,51
2020-10-09,Calaveras,009,45235,320,262,0,262,11
2020-10-09,Colusa,011,21464,540,541,1,542,6
2020-10-09,Contra Costa,013,1133247,18061,17487,92,17579,229
2020-10-09,Del Norte,015,27424,165,161,0,161,2
2020-10-09,El Dorado,017,186661,1288,1234,2,1236,4
2020-10-09,Fresno,019,978130,31956,29208,401,29609,417
2020-10-09,Glenn,021,27897,633,617,0,617,3
2020-10-09,Humboldt,023,135768,533,516,1,517,7
2020-10-09,Imperial,025,180216,12300,11516,6,11522,330
2020-10-09,Inyo,027,18085,206,200,1,201,14
2020-10-09,Kern,029,883053,32971,32237,363,32600,417
2020-10-09,Kings,031,150075,8225,7993,47,8040,80
2020-10-09,Lake,033,64148,655,610,0,610,11
2020-10-09,Lassen,035,31185,759,751,2,753,0
2020-10-09,Los Angeles,037,10098052,283973,278039,2437,280476,6715
2020-10-09,Madera,039,155013,4806,4646,30,4676,50
2020-10-09,Marin,041,260295,6958,6838,18,6856,96
2020-10-09,Mariposa,043,17540,78,76,0,76,2
2020-10-09,Mendocino,045,87422,993,933,2,935,20
2020-10-09,Merced,047,269075,9242,9095,24,9119,145
2020-10-09,Modoc,049,8938,29,27,0,27,0
2020-10-09,Mono,051,14174,174,154,3,157,1
2020-10-09,Monterey,053,433212,10678,10369,41,10410,75
2020-10-09,Napa,055,140530,1863,1795,5,1800,11
2020-10-09,Nevada,057,99092,582,561,16,577,6
2020-10-09,Orange,059,3164182,57600,54746,1634,56380,1305
2020-10-09,Placer,061,380077,3901,3737,12,3749,48
2020-10-09,Plumas,063,18699,52,50,0,50,0
2020-10-09,Riverside,065,2383286,63073,61529,230,61759,1252
2020-10-09,Sacramento,067,1510023,24022,23606,16,23622,457
2020-10-09,San Benito,069,59416,1375,1367,0,1367,13
2020-10-09,San Bernardino,071,2135413,58773,56434,383,56817,1057
2020-10-09,San Diego,073,3302833,51841,49825,1248,51073,821
2020-10-09,San Francisco,075,870044,11764,11620,38,11658,120
2020-10-09,San Joaquin,077,732212,20993,20648,94,20742,481
2020-10-09,San Luis Obispo,079,281455,4007,3810,16,3826,32
2020-10-09,San Mateo,081,765935,10784,10140,7,10147,130
2020-10-09,Santa Barbara,083,443738,9978,9396,71,9467,116
2020-10-09,Santa Clara,085,1922200,23338,22251,33,22284,328
2020-10-09,Santa Cruz,087,273765,2643,2555,35,2590,13
2020-10-09,Shasta,089,179085,1760,1353,16,1369,20
2020-10-09,Sierra,091,2930,6,6,0,6,0
2020-10-09,Siskiyou,093,43540,169,156,10,166,0
2020-10-09,Solano,095,438530,6825,6614,41,6655,53
2020-10-09,Sonoma,097,501317,8665,8133,22,8155,133
2020-10-09,Stanislaus,099,539301,17079,16904,635,17539,362
2020-10-09,Sutter,101,95872,1755,1732,1,1733,12
2020-10-09,Tehama,103,63373,724,682,2,684,3
2020-10-09,Trinity,105,12862,46,25,6,31,0
2020-10-09,Tulare,107,460477,17048,16644,222,16866,286
2020-10-09,Tuolumne,109,53932,245,230,3,233,4
2020-10-09,Ventura,111,848112,13976,13469,276,13745,151
2020-10-09,Yolo,113,214977,3019,2928,6,2934,55
2020-10-09,Yuba,115,75493,1157,1129,5,1134,10
2020-10-08,Alameda,001,1643700,22430,21826,211,22037,395
2020-10-08,Alpine,003,1148,4,3,0,3,0
2020-10-08,Amador,005,37829,306,302,0,302,16
2020-10-08,Butte,007,227075,3056,2935,22,2957,51
2020-10-08,Calaveras,009,45235,319,262,0,262,11
2020-10-08,Colusa,011,21464,540,539,1,540,6
2020-10-08,Contra Costa,013,1133247,18001,17418,91,17509,228
2020-10-08,Del Norte,015,27424,165,151,0,151,2
2020-10-08,El Dorado,017,186661,1287,1230,2,1232,4
2020-10-08,Fresno,019,978130,31851,29111,401,29512,416
2020-10-08,Glenn,021,27897,630,616,0,616,3
2020-10-08,Humboldt,023,135768,529,515,1,516,7
2020-10-08,Imperial,025,180216,12261,11405,6,11411,330
2020-10-08,Inyo,027,18085,203,199,1,200,14
2020-10-08,Kern,029,883053,32913,32169,358,32527,411
2020-10-08,Kings,031,150075,8219,7968,47,8015,80
2020-10-08,Lake,033,64148,650,604,0,604,11
2020-10-08,Lassen,035,31185,754,751,2,753,0
2020-10-08,Los Angeles,037,10098052,282775,276763,2396,279159,6699
2020-10-08,Madera,039,155013,4787,4637,30,4667,50
2020-10-08,Marin,041,260295,6944,6810,18,6828,96
2020-10-08,Mariposa,043,17540,78,76,0,76,2
2020-10-08,Mendocino,045,87422,988,930,2,932,20
2020-10-08,Merced,047,269075,9222,9069,24,9093,144
2020-10-08,Modoc,049,8938,29,27,0,27,0
2020-10-08,Mono,051,14174,174,153,3,156,1
2020-10-08,Monterey,053,433212,10611,10343,41,10384,75
2020-10-08,Napa,055,140530,1848,1779,5,1784,11
2020-10-08,Nevada,057,99092,579,556,16,572,6
2020-10-08,Orange,059,3164182,57407,54523,1622,56145,1293
2020-10-08,Placer,061,380077,3883,3715,12,3727,48
2020-10-08,Plumas,063,18699,52,50,0,50,0
2020-10-08,Riverside,065,2383286,62805,61105,228,61333,1244
2020-10-08,Sacramento,067,1510023,23914,23482,16,23498,454
2020-10-08,San Benito,069,59416,1370,1367,0,1367,13
2020-10-08,San Bernardino,071,2135413,58408,56152,382,56534,1048
2020-10-08,San Diego,073,3302833,51561,49468,1216,50684,819
2020-10-08,San Francisco,075,870044,11727,11608,38,11646,115
2020-10-08,San Joaquin,077,732212,20942,20576,89,20665,478
2020-10-08,San Luis Obispo,079,281455,3991,3785,16,3801,32
2020-10-08,San Mateo,081,765935,10752,10044,7,10051,130
2020-10-08,Santa Barbara,083,443738,9949,9374,71,9445,116
2020-10-08,Santa Clara,085,1922200,23236,22095,33,22128,323
2020-10-08,Santa Cruz,087,273765,2631,2535,35,2570,13
2020-10-08,Shasta,089,179085,1726,1305,16,1321,20
2020-10-08,Sierra,091,2930,6,6,0,6,0
2020-10-08,Siskiyou,093,43540,169,156,10,166,0
2020-10-08,Solano,095,438530,6801,6556,41,6597,53
2020-10-08,Sonoma,097,501317,8599,8063,22,8085,132
2020-10-08,Stanislaus,099,539301,17033,16821,627,17448,360
2020-10-08,Sutter,101,95872,1755,1725,1,1726,12
2020-10-08,Tehama,103,63373,715,676,2,678,3
2020-10-08,Trinity,105,12862,46,25,6,31,0
2020-10-08,Tulare,107,460477,16987,16573,213,16786,283
2020-10-08,Tuolumne,109,53932,244,230,3,233,4
2020-10-08,Ventura,111,848112,13929,13399,273,13672,151
2020-10-08,Yolo,113,214977,3002,2914,6,2920,55
2020-10-08,Yuba,115,75493,1152,1126,5,1131,10
2020-10-07,Alameda,001,1643700,22353,21736,211,21947,395
2020-10-07,Alpine,003,1148,4,3,0,3,0
2020-10-07,Amador,005,37829,306,302,0,302,16
2020-10-07,Butte,007,227075,3044,2927,22,2949,47
2020-10-07,Calaveras,009,45235,317,262,0,262,11
2020-10-07,Colusa,011,21464,539,539,0,539,6
2020-10-07,Contra Costa,013,1133247,17930,17346,90,17436,225
2020-10-07,Del Norte,015,27424,164,149,0,149,2
2020-10-07,El Dorado,017,186661,1279,1219,2,1221,4
2020-10-07,Fresno,019,978130,31729,29069,396,29465,413
2020-10-07,Glenn,021,27897,630,615,0,615,3
2020-10-07,Humboldt,023,135768,526,512,1,513,7
2020-10-07,Imperial,025,180216,12224,11289,6,11295,330
2020-10-07,Inyo,027,18085,203,199,1,200,14
2020-10-07,Kern,029,883053,32840,32068,357,32425,410
2020-10-07,Kings,031,150075,8204,7948,47,7995,80
2020-10-07,Lake,033,64148,649,599,0,599,11
2020-10-07,Lassen,035,31185,754,751,2,753,0
2020-10-07,Los Angeles,037,10098052,281600,275559,2358,277917,6681
2020-10-07,Madera,039,155013,4767,4618,30,4648,50
2020-10-07,Marin,041,260295,6917,6790,18,6808,95
2020-10-07,Mariposa,043,17540,78,75,0,75,2
2020-10-07,Mendocino,045,87422,982,927,2,929,19
2020-10-07,Merced,047,269075,9185,9045,23,9068,144
2020-10-07,Modoc,049,8938,29,27,0,27,0
2020-10-07,Mono,051,14174,173,153,2,155,1
2020-10-07,Monterey,053,433212,10552,10272,41,10313,75
2020-10-07,Napa,055,140530,1835,1774,5,1779,11
2020-10-07,Nevada,057,99092,575,552,16,568,6
2020-10-07,Orange,059,3164182,57188,54332,1612,55944,1277
2020-10-07,Placer,061,380077,3867,3693,12,3705,48
2020-10-07,Plumas,063,18699,52,50,0,50,0
2020-10-07,Riverside,065,2383286,62458,60857,224,61081,1241
2020-10-07,Sacramento,067,1510023,23817,23380,16,23396,452
2020-10-07,San Benito,069,59416,1367,1363,0,1363,13
2020-10-07,San Bernardino,071,2135413,58060,55738,381,56119,1043
2020-10-07,San Diego,073,3302833,51245,49177,1192,50369,813
2020-10-07,San Francisco,075,870044,11692,11551,38,11589,115
2020-10-07,San Joaquin,077,732212,20890,20527,81,20608,478
2020-10-07,San Luis Obispo,079,281455,3961,3749,16,3765,32
2020-10-07,San Mateo,081,765935,10710,9980,7,9987,130
2020-10-07,Santa Barbara,083,443738,9921,9350,70,9420,116
2020-10-07,Santa Clara,085,1922200,23109,21993,33,22026,320
2020-10-07,Santa Cruz,087,273765,2619,2518,35,2553,14
2020-10-07,Shasta,089,179085,1683,1268,16,1284,20
2020-10-07,Sierra,091,2930,6,6,0,6,0
2020-10-07,Siskiyou,093,43540,167,154,10,164,0
2020-10-07,Solano,095,438530,6766,6526,41,6567,53
2020-10-07,Sonoma,097,501317,8523,7993,21,8014,130
2020-10-07,Stanislaus,099,539301,16998,16786,621,17407,357
2020-10-07,Sutter,101,95872,1751,1723,1,1724,12
2020-10-07,Tehama,103,63373,706,666,2,668,3
2020-10-07,Trinity,105,12862,44,25,6,31,0
2020-10-07,Tulare,107,460477,16945,16483,204,16687,282
2020-10-07,Tuolumne,109,53932,244,227,3,230,3
2020-10-07,Ventura,111,848112,13879,13333,267,13600,150
2020-10-07,Yolo,113,214977,2976,2904,6,2910,55
2020-10-07,Yuba,115,75493,1146,1120,5,1125,10
2020-10-06,Alameda,001,1643700,22262,21698,209,21907,385
2020-10-06,Alpine,003,1148,4,3,0,3,0
2020-10-06,Amador,005,37829,304,301,0,301,16
2020-10-06,Butte,007,227075,3037,2925,22,2947,47
2020-10-06,Calaveras,009,45235,317,261,0,261,11
2020-10-06,Colusa,011,21464,538,538,0,538,6
2020-10-06,Contra Costa,013,1133247,17851,17295,90,17385,219
2020-10-06,Del Norte,015,27424,164,144,0,144,2
2020-10-06,El Dorado,017,186661,1275,1211,2,1213,4
2020-10-06,Fresno,019,978130,31587,29022,393,29415,412
2020-10-06,Glenn,021,27897,627,604,0,604,3
2020-10-06,Humboldt,023,135768,523,508,1,509,7
2020-10-06,Imperial,025,180216,12186,11196,6,11202,327
2020-10-06,Inyo,027,18085,201,198,1,199,14
2020-10-06,Kern,029,883053,32763,32006,355,32361,407
2020-10-06,Kings,031,150075,8188,7943,47,7990,81
2020-10-06,Lake,033,64148,643,596,0,596,11
2020-10-06,Lassen,035,31185,754,743,2,745,0
2020-10-06,Los Angeles,037,10098052,280367,274115,2305,276420,6657
2020-10-06,Madera,039,155013,4755,4608,30,4638,50
2020-10-06,Marin,041,260295,6903,6766,18,6784,91
2020-10-06,Mariposa,043,17540,78,75,0,75,2
2020-10-06,Mendocino,045,87422,975,920,2,922,19
2020-10-06,Merced,047,269075,9149,9034,22,9056,143
2020-10-06,Modoc,049,8938,29,26,0,26,0
2020-10-06,Mono,051,14174,173,153,2,155,1
2020-10-06,Monterey,053,433212,10496,10235,40,10275,72
2020-10-06,Napa,055,140530,1829,1770,5,1775,11
2020-10-06,Nevada,057,99092,573,551,16,567,6
2020-10-06,Orange,059,3164182,56973,54203,1604,55807,1273
2020-10-06,Placer,061,380077,3845,3680,12,3692,48
2020-10-06,Plumas,063,18699,52,49,0,49,0
2020-10-06,Riverside,065,2383286,62194,60593,221,60814,1238
2020-10-06,Sacramento,067,1510023,23730,23322,16,23338,442
2020-10-06,San Benito,069,59416,1366,1358,0,1358,12
2020-10-06,San Bernardino,071,2135413,57745,55416,378,55794,1040
2020-10-06,San Diego,073,3302833,50908,48823,1175,49998,806
2020-10-06,San Francisco,075,870044,11666,11513,37,11550,115
2020-10-06,San Joaquin,077,732212,20850,20481,78,20559,477
2020-10-06,San Luis Obispo,079,281455,3926,3723,16,3739,32
2020-10-06,San Mateo,081,765935,10677,9934,7,9941,129
2020-10-06,Santa Barbara,083,443738,9892,9331,69,9400,116
2020-10-06,Santa Clara,085,1922200,23014,21914,33,21947,320
2020-10-06,Santa Cruz,087,273765,2597,2510,35,2545,12
2020-10-06,Shasta,089,179085,1643,1242,16,1258,18
2020-10-06,Sierra,091,2930,6,6,0,6,0
2020-10-06,Siskiyou,093,43540,167,154,10,164,0
2020-10-06,Solano,095,438530,6720,6506,41,6547,52
2020-10-06,Sonoma,097,501317,8431,7895,21,7916,130
2020-10-06,Stanislaus,099,539301,16953,16759,615,17374,354
2020-10-06,Sutter,101,95872,1749,1722,1,1723,12
2020-10-06,Tehama,103,63373,697,660,2,662,3
2020-10-06,Trinity,105,12862,44,25,6,31,0
2020-10-06,Tulare,107,460477,16903,16456,196,16652,280
2020-10-06,Tuolumne,109,53932,243,227,3,230,2
2020-10-06,Ventura,111,848112,13812,13242,262,13504,150
2020-10-06,Yolo,113,214977,2962,2899,6,2905,56
2020-10-06,Yuba,115,75493,1145,1114,5,1119,10
2020-10-05,Alameda,001,1643700,22174,21637,206,21843,383
2020-10-05,Alpine,003,1148,4,2,0,2,0
2020-10-05,Amador,005,37829,304,299,0,299,16
2020-10-05,Butte,007,227075,3027,2910,22,2932,46
2020-10-05,Calaveras,009,45235,317,259,0,259,11
2020-10-05,Colusa,011,21464,538,537,0,537,6
2020-10-05,Contra Costa,013,1133247,17774,17250,90,17340,216
2020-10-05,Del Norte,015,27424,161,142,0,142,2
2020-10-05,El Dorado,017,186661,1271,1202,2,1204,4
2020-10-05,Fresno,019,978130,31470,29136,393,29529,408
2020-10-05,Glenn,021,27897,625,603,0,603,3
2020-10-05,Humboldt,023,135768,522,506,1,507,6
2020-10-05,Imperial,025,180216,12147,11169,6,11175,327
2020-10-05,Inyo,027,18085,201,197,1,198,14
2020-10-05,Kern,029,883053,32683,31933,351,32284,404
2020-10-05,Kings,031,150075,8091,7932,47,7979,80
2020-10-05,Lake,033,64148,639,592,0,592,10
2020-10-05,Lassen,035,31185,753,743,2,745,0
2020-10-05,Los Angeles,037,10098052,279284,273200,2261,275461,6632
2020-10-05,Madera,039,155013,4747,4598,28,4626,50
2020-10-05,Marin,041,260295,6886,6751,18,6769,91
2020-10-05,Mariposa,043,17540,78,75,0,75,2
2020-10-05,Mendocino,045,87422,967,913,2,915,19
2020-10-05,Merced,047,269075,9130,9021,21,9042,143
2020-10-05,Modoc,049,8938,29,26,0,26,0
2020-10-05,Mono,051,14174,173,152,2,154,1
2020-10-05,Monterey,053,433212,10449,10187,40,10227,72
2020-10-05,Napa,055,140530,1819,1760,5,1765,11
2020-10-05,Nevada,057,99092,570,550,15,565,6
2020-10-05,Orange,059,3164182,56759,54103,1589,55692,1271
2020-10-05,Placer,061,380077,3819,3670,12,3682,46
2020-10-05,Plumas,063,18699,51,49,0,49,0
2020-10-05,Riverside,065,2383286,61875,60454,217,60671,1232
2020-10-05,Sacramento,067,1510023,23626,23207,16,23223,438
2020-10-05,San Benito,069,59416,1363,1356,0,1356,12
2020-10-05,San Bernardino,071,2135413,57437,55100,378,55478,1031
2020-10-05,San Diego,073,3302833,50572,48662,1151,49813,803
2020-10-05,San Francisco,075,870044,11627,11476,34,11510,110
2020-10-05,San Joaquin,077,732212,20779,20319,75,20394,476
2020-10-05,San Luis Obispo,079,281455,3900,3710,16,3726,32
2020-10-05,San Mateo,081,765935,10650,9896,7,9903,128
2020-10-05,Santa Barbara,083,443738,9870,9309,69,9378,116
2020-10-05,Santa Clara,085,1922200,22899,21861,33,21894,319
2020-10-05,Santa Cruz,087,273765,2585,2492,35,2527,9
2020-10-05,Shasta,089,179085,1610,1158,16,1174,18
2020-10-05,Sierra,091,2930,6,6,0,6,0
2020-10-05,Siskiyou,093,43540,167,153,10,163,0
2020-10-05,Solano,095,438530,6681,6475,41,6516,52
2020-10-05,Sonoma,097,501317,8339,7817,21,7838,130
2020-10-05,Stanislaus,099,539301,16918,16730,608,17338,351
2020-10-05,Sutter,101,95872,1741,1719,1,1720,12
2020-10-05,Tehama,103,63373,689,642,2,644,3
2020-10-05,Trinity,105,12862,43,22,6,28,0
2020-10-05,Tulare,107,460477,16845,16343,192,16535,278
2020-10-05,Tuolumne,109,53932,240,226,3,229,2
2020-10-05,Ventura,111,848112,13744,13224,241,13465,149
2020-10-05,Yolo,113,214977,2943,2889,6,2895,56
2020-10-05,Yuba,115,75493,1132,1108,5,1113,9
2020-10-04,Alameda,001,1643700,22078,21597,206,21803,383
2020-10-04,Alpine,003,1148,4,2,0,2,0
2020-10-04,Amador,005,37829,302,297,0,297,16
2020-10-04,Butte,007,227075,3013,2903,22,2925,46
2020-10-04,Calaveras,009,45235,317,259,0,259,11
2020-10-04,Colusa,011,21464,537,537,0,537,6
2020-10-04,Contra Costa,013,1133247,17709,17192,90,17282,214
2020-10-04,Del Norte,015,27424,157,142,0,142,2
2020-10-04,El Dorado,017,186661,1267,1196,2,1198,4
2020-10-04,Fresno,019,978130,31347,29065,393,29458,408
2020-10-04,Glenn,021,27897,623,601,0,601,3
2020-10-04,Humboldt,023,135768,521,506,1,507,6
2020-10-04,Imperial,025,180216,12107,11127,6,11133,327
2020-10-04,Inyo,027,18085,198,195,1,196,14
2020-10-04,Kern,029,883053,32609,31906,349,32255,404
2020-10-04,Kings,031,150075,8076,7919,47,7966,80
2020-10-04,Lake,033,64148,625,589,0,589,10
2020-10-04,Lassen,035,31185,753,743,2,745,0
2020-10-04,Los Angeles,037,10098052,277900,272822,2210,275032,6625
2020-10-04,Madera,039,155013,4731,4587,28,4615,50
2020-10-04,Marin,041,260295,6866,6741,18,6759,91
2020-10-04,Mariposa,043,17540,78,75,0,75,2
2020-10-04,Mendocino,045,87422,954,905,2,907,18
2020-10-04,Merced,047,269075,9105,9006,21,9027,140
2020-10-04,Modoc,049,8938,29,26,0,26,0
2020-10-04,Mono,051,14174,172,152,1,153,1
2020-10-04,Monterey,053,433212,10408,10141,39,10180,72
2020-10-04,Napa,055,140530,1807,1759,5,1764,11
2020-10-04,Nevada,057,99092,566,547,14,561,6
2020-10-04,Orange,059,3164182,56523,53966,1580,55546,1270
2020-10-04,Placer,061,380077,3798,3664,12,3676,46
2020-10-04,Plumas,063,18699,51,49,0,49,0
2020-10-04,Riverside,065,2383286,61589,60251,212,60463,1226
2020-10-04,Sacramento,067,1510023,23514,23162,16,23178,438
2020-10-04,San Benito,069,59416,1363,1355,0,1355,12
2020-10-04,San Bernardino,071,2135413,56991,55100,376,55476,1031
2020-10-04,San Diego,073,3302833,50206,48438,1125,49563,803
2020-10-04,San Francisco,075,870044,11595,11474,32,11506,110
2020-10-04,San Joaquin,077,732212,20702,20320,69,20389,476
2020-10-04,San Luis Obispo,079,281455,3875,3688,16,3704,31
2020-10-04,San Mateo,081,765935,10589,9858,7,9865,128
2020-10-04,Santa Barbara,083,443738,9844,9276,67,9343,116
2020-10-04,Santa Clara,085,1922200,22763,21780,33,21813,316
2020-10-04,Santa Cruz,087,273765,2569,2483,35,2518,9
2020-10-04,Shasta,089,179085,1512,1158,15,1173,18
2020-10-04,Sierra,091,2930,6,6,0,6,0
2020-10-04,Siskiyou,093,43540,167,153,10,163,0
2020-10-04,Solano,095,438530,6630,6445,41,6486,52
2020-10-04,Sonoma,097,501317,8251,7794,21,7815,129
2020-10-04,Stanislaus,099,539301,16868,16711,599,17310,351
2020-10-04,Sutter,101,95872,1737,1711,1,1712,11
2020-10-04,Tehama,103,63373,674,637,2,639,3
2020-10-04,Trinity,105,12862,43,21,6,27,0
2020-10-04,Tulare,107,460477,16770,16343,179,16522,278
2020-10-04,Tuolumne,109,53932,238,226,3,229,2
2020-10-04,Ventura,111,848112,13662,13197,224,13421,149
2020-10-04,Yolo,113,214977,2932,2875,6,2881,56
2020-10-04,Yuba,115,75493,1128,1103,5,1108,9
2020-10-03,Alameda,001,1643700,22032,21510,205,21715,386
2020-10-03,Alpine,003,1148,4,2,0,2,0
2020-10-03,Amador,005,37829,301,296,0,296,16
2020-10-03,Butte,007,227075,3007,2894,22,2916,46
2020-10-03,Calaveras,009,45235,317,259,0,259,11
2020-10-03,Colusa,011,21464,536,537,0,537,6
2020-10-03,Contra Costa,013,1133247,17659,17087,88,17175,213
2020-10-03,Del Norte,015,27424,153,142,0,142,2
2020-10-03,El Dorado,017,186661,1260,1188,2,1190,4
2020-10-03,Fresno,019,978130,31287,28975,392,29367,408
2020-10-03,Glenn,021,27897,621,601,0,601,3
2020-10-03,Humboldt,023,135768,520,504,1,505,6
2020-10-03,Imperial,025,180216,12084,11090,6,11096,327
2020-10-03,Inyo,027,18085,198,194,1,195,14
2020-10-03,Kern,029,883053,32558,31864,346,32210,403
2020-10-03,Kings,031,150075,8072,7887,47,7934,80
2020-10-03,Lake,033,64148,615,588,0,588,10
2020-10-03,Lassen,035,31185,753,743,2,745,0
2020-10-03,Los Angeles,037,10098052,277195,271869,2180,274049,6620
2020-10-03,Madera,039,155013,4714,4565,28,4593,50
2020-10-03,Marin,041,260295,6860,6728,18,6746,91
2020-10-03,Mariposa,043,17540,78,75,0,75,2
2020-10-03,Mendocino,045,87422,952,898,2,900,18
2020-10-03,Merced,047,269075,9092,8986,21,9007,139
2020-10-03,Modoc,049,8938,29,26,0,26,0
2020-10-03,Mono,051,14174,171,152,1,153,1
2020-10-03,Monterey,053,433212,10374,10092,36,10128,72
2020-10-03,Napa,055,140530,1803,1752,5,1757,11
2020-10-03,Nevada,057,99092,564,544,14,558,6
2020-10-03,Orange,059,3164182,56406,53573,1575,55148,1268
2020-10-03,Placer,061,380077,3787,3648,12,3660,47
2020-10-03,Plumas,063,18699,51,48,0,48,0
2020-10-03,Riverside,065,2383286,61434,59991,211,60202,1226
2020-10-03,Sacramento,067,1510023,23463,23076,16,23092,437
2020-10-03,San Benito,069,59416,1363,1351,0,1351,12
2020-10-03,San Bernardino,071,2135413,56818,55004,373,55377,1031
2020-10-03,San Diego,073,3302833,49975,48202,1108,49310,798
2020-10-03,San Francisco,075,870044,11570,11475,30,11505,110
2020-10-03,San Joaquin,077,732212,20676,20322,69,20391,476
2020-10-03,San Luis Obispo,079,281455,3851,3670,16,3686,31
2020-10-03,San Mateo,081,765935,10563,9822,6,9828,128
2020-10-03,Santa Barbara,083,443738,9831,9256,67,9323,116
2020-10-03,Santa Clara,085,1922200,22683,21672,33,21705,309
2020-10-03,Santa Cruz,087,273765,2561,2476,35,2511,9
2020-10-03,Shasta,089,179085,1484,1117,14,1131,18
2020-10-03,Sierra,091,2930,6,6,0,6,0
2020-10-03,Siskiyou,093,43540,167,152,10,162,0
2020-10-03,Solano,095,438530,6604,6419,41,6460,52
2020-10-03,Sonoma,097,501317,8208,7747,21,7768,129
2020-10-03,Stanislaus,099,539301,16835,16645,595,17240,351
2020-10-03,Sutter,101,95872,1733,1705,1,1706,11
2020-10-03,Tehama,103,63373,668,630,2,632,3
2020-10-03,Trinity,105,12862,43,15,6,21,0
2020-10-03,Tulare,107,460477,16728,16322,174,16496,278
2020-10-03,Tuolumne,109,53932,237,224,3,227,2
2020-10-03,Ventura,111,848112,13623,13150,220,13370,148
2020-10-03,Yolo,113,214977,2925,2863,6,2869,56
2020-10-03,Yuba,115,75493,1120,1097,5,1102,8
2020-10-02,Alameda,001,1643700,21977,21404,204,21608,382
2020-10-02,Alpine,003,1148,4,2,0,2,0
2020-10-02,Amador,005,37829,300,296,0,296,16
2020-10-02,Butte,007,227075,2997,2879,22,2901,46
2020-10-02,Calaveras,009,45235,316,259,0,259,11
2020-10-02,Colusa,011,21464,535,537,0,537,6
2020-10-02,Contra Costa,013,1133247,17616,17002,87,17089,213
2020-10-02,Del Norte,015,27424,152,141,0,141,2
2020-10-02,El Dorado,017,186661,1253,1168,2,1170,4
2020-10-02,Fresno,019,978130,31204,28855,392,29247,403
2020-10-02,Glenn,021,27897,616,594,0,594,3
2020-10-02,Humboldt,023,135768,519,503,1,504,6
2020-10-02,Imperial,025,180216,12062,11024,6,11030,327
2020-10-02,Inyo,027,18085,196,191,1,192,14
2020-10-02,Kern,029,883053,32506,31790,344,32134,399
2020-10-02,Kings,031,150075,8063,7716,47,7763,79
2020-10-02,Lake,033,64148,609,579,0,579,10
2020-10-02,Lassen,035,31185,753,742,2,744,0
2020-10-02,Los Angeles,037,10098052,276294,270935,2151,273086,6602
2020-10-02,Madera,039,155013,4705,4537,28,4565,49
2020-10-02,Marin,041,260295,6843,6717,18,6735,91
2020-10-02,Mariposa,043,17540,78,75,0,75,2
2020-10-02,Mendocino,045,87422,948,883,2,885,18
2020-10-02,Merced,047,269075,9082,8961,21,8982,139
2020-10-02,Modoc,049,8938,29,26,0,26,0
2020-10-02,Mono,051,14174,171,150,1,151,1
2020-10-02,Monterey,053,433212,10340,9997,36,10033,71
2020-10-02,Napa,055,140530,1797,1737,5,1742,11
2020-10-02,Nevada,057,99092,561,543,14,557,6
2020-10-02,Orange,059,3164182,56275,53299,1568,54867,1262
2020-10-02,Placer,061,380077,3767,3612,12,3624,46
2020-10-02,Plumas,063,18699,51,48,0,48,0
2020-10-02,Riverside,065,2383286,61213,59673,208,59881,1223
2020-10-02,Sacramento,067,1510023,23398,22818,16,22834,436
2020-10-02,San Benito,069,59416,1359,1347,0,1347,12
2020-10-02,San Bernardino,071,2135413,56631,54613,373,54986,1028
2020-10-02,San Diego,073,3302833,49723,47793,1092,48885,794
2020-10-02,San Francisco,075,870044,11547,11398,30,11428,110
2020-10-02,San Joaquin,077,732212,20643,20235,67,20302,474
2020-10-02,San Luis Obispo,079,281455,3828,3654,16,3670,31
2020-10-02,San Mateo,081,765935,10522,9745,6,9751,128
2020-10-02,Santa Barbara,083,443738,9809,9234,67,9301,116
2020-10-02,Santa Clara,085,1922200,22602,21545,33,21578,305
2020-10-02,Santa Cruz,087,273765,2544,2463,35,2498,9
2020-10-02,Shasta,089,179085,1449,1046,14,1060,18
2020-10-02,Sierra,091,2930,6,6,0,6,0
2020-10-02,Siskiyou,093,43540,167,151,10,161,0
2020-10-02,Solano,095,438530,6574,6385,41,6426,52
2020-10-02,Sonoma,097,501317,8151,7662,21,7683,125
2020-10-02,Stanislaus,099,539301,16794,16609,586,17195,349
2020-10-02,Sutter,101,95872,1732,1693,1,1694,11
2020-10-02,Tehama,103,63373,663,619,2,621,3
2020-10-02,Trinity,105,12862,43,15,6,21,0
2020-10-02,Tulare,107,460477,16688,16245,167,16412,278
2020-10-02,Tuolumne,109,53932,235,225,3,228,2
2020-10-02,Ventura,111,848112,13586,13120,214,13334,146
2020-10-02,Yolo,113,214977,2920,2845,6,2851,55
2020-10-02,Yuba,115,75493,1118,1090,5,1095,8
2020-10-01,Alameda,001,1643700,21917,21349,200,21549,383
2020-10-01,Alpine,003,1148,4,2,0,2,0
2020-10-01,Amador,005,37829,300,294,0,294,16
2020-10-01,Butte,007,227075,2989,2865,22,2887,45
2020-10-01,Calaveras,009,45235,316,257,0,257,11
2020-10-01,Colusa,011,21464,535,536,0,536,6
2020-10-01,Contra Costa,013,1133247,17554,16898,87,16985,211
2020-10-01,Del Norte,015,27424,147,140,0,140,2
2020-10-01,El Dorado,017,186661,1249,1162,1,1163,4
2020-10-01,Fresno,019,978130,31124,28796,390,29186,397
2020-10-01,Glenn,021,27897,612,593,0,593,3
2020-10-01,Humboldt,023,135768,519,499,1,500,6
2020-10-01,Imperial,025,180216,12019,10928,6,10934,325
2020-10-01,Inyo,027,18085,196,191,1,192,14
2020-10-01,Kern,029,883053,32443,31678,339,32017,399
2020-10-01,Kings,031,150075,8052,7688,44,7732,79
2020-10-01,Lake,033,64148,603,572,0,572,11
2020-10-01,Lassen,035,31185,750,742,2,744,0
2020-10-01,Los Angeles,037,10098052,275253,271513,2114,273627,6621
2020-10-01,Madera,039,155013,4682,4508,28,4536,48
2020-10-01,Marin,041,260295,6829,6710,18,6728,92
2020-10-01,Mariposa,043,17540,78,76,0,76,2
2020-10-01,Mendocino,045,87422,943,874,2,876,19
2020-10-01,Merced,047,269075,9054,8942,21,8963,138
2020-10-01,Modoc,049,8938,29,26,0,26,0
2020-10-01,Mono,051,14174,169,150,1,151,1
2020-10-01,Monterey,053,433212,10264,9958,36,9994,71
2020-10-01,Napa,055,140530,1789,1729,5,1734,11
2020-10-01,Nevada,057,99092,560,543,14,557,6
2020-10-01,Orange,059,3164182,56110,53088,1554,54642,1257
2020-10-01,Placer,061,380077,3740,3599,12,3611,45
2020-10-01,Plumas,063,18699,51,48,0,48,0
2020-10-01,Riverside,065,2383286,60963,59293,201,59494,1223
2020-10-01,Sacramento,067,1510023,23286,22714,15,22729,433
2020-10-01,San Benito,069,59416,1357,1346,0,1346,12
2020-10-01,San Bernardino,071,2135413,56337,54350,370,54720,1021
2020-10-01,San Diego,073,3302833,49441,47487,1072,48559,792
2020-10-01,San Francisco,075,870044,11516,11284,28,11312,110
2020-10-01,San Joaquin,077,732212,20595,20204,64,20268,471
2020-10-01,San Luis Obispo,079,281455,3801,3625,16,3641,31
2020-10-01,San Mateo,081,765935,10477,9681,6,9687,128
2020-10-01,Santa Barbara,083,443738,9767,9215,67,9282,118
2020-10-01,Santa Clara,085,1922200,22501,21398,33,21431,305
2020-10-01,Santa Cruz,087,273765,2529,2418,35,2453,10
2020-10-01,Shasta,089,179085,1398,991,14,1005,18
2020-10-01,Sierra,091,2930,6,6,0,6,0
2020-10-01,Siskiyou,093,43540,164,150,10,160,0
2020-10-01,Solano,095,438530,6536,6352,41,6393,52
2020-10-01,Sonoma,097,501317,8084,7569,21,7590,125
2020-10-01,Stanislaus,099,539301,16761,16555,580,17135,346
2020-10-01,Sutter,101,95872,1727,1684,1,1685,11
2020-10-01,Tehama,103,63373,653,606,2,608,3
2020-10-01,Trinity,105,12862,43,15,6,21,0
2020-10-01,Tulare,107,460477,16615,16182,164,16346,275
2020-10-01,Tuolumne,109,53932,235,223,3,226,2
2020-10-01,Ventura,111,848112,13537,13057,198,13255,146
2020-10-01,Yolo,113,214977,2902,2833,6,2839,55
2020-10-01,Yuba,115,75493,1114,1082,5,1087,8
2020-09-30,Alameda,001,1643700,21839,21271,196,21467,380
2020-09-30,Alpine,003,1148,4,2,0,2,0
2020-09-30,Amador,005,37829,300,294,0,294,16
2020-09-30,Butte,007,227075,2981,2858,22,2880,44
2020-09-30,Calaveras,009,45235,315,258,0,258,11
2020-09-30,Colusa,011,21464,534,534,0,534,6
2020-09-30,Contra Costa,013,1133247,17485,16819,87,16906,211
2020-09-30,Del Norte,015,27424,146,140,0,140,2
2020-09-30,El Dorado,017,186661,1237,1157,1,1158,4
2020-09-30,Fresno,019,978130,31033,28706,387,29093,395
2020-09-30,Glenn,021,27897,607,592,0,592,3
2020-09-30,Humboldt,023,135768,517,497,1,498,6
2020-09-30,Imperial,025,180216,11994,10868,6,10874,287
2020-09-30,Inyo,027,18085,196,189,0,189,14
2020-09-30,Kern,029,883053,32368,31601,338,31939,398
2020-09-30,Kings,031,150075,8023,7685,44,7729,79
2020-09-30,Lake,033,64148,597,567,0,567,10
2020-09-30,Lassen,035,31185,747,742,2,744,0
2020-09-30,Los Angeles,037,10098052,274015,270260,2080,272340,6568
2020-09-30,Madera,039,155013,4673,4477,28,4505,47
2020-09-30,Marin,041,260295,6805,6700,17,6717,91
2020-09-30,Mariposa,043,17540,78,76,0,76,2
2020-09-30,Mendocino,045,87422,937,867,2,869,17
2020-09-30,Merced,047,269075,9034,8926,21,8947,136
2020-09-30,Modoc,049,8938,29,26,0,26,0
2020-09-30,Mono,051,14174,169,150,1,151,1
2020-09-30,Monterey,053,433212,10214,9898,35,9933,70
2020-09-30,Napa,055,140530,1775,1728,5,1733,11
2020-09-30,Nevada,057,99092,558,540,14,554,6
2020-09-30,Orange,059,3164182,55918,52916,1538,54454,1251
2020-09-30,Placer,061,380077,3719,3585,12,3597,43
2020-09-30,Plumas,063,18699,51,48,0,48,0
2020-09-30,Riverside,065,2383286,60610,59074,196,59270,1220
2020-09-30,Sacramento,067,1510023,23183,22613,15,22628,429
2020-09-30,San Benito,069,59416,1354,1342,0,1342,12
2020-09-30,San Bernardino,071,2135413,56059,53988,368,54356,1018
2020-09-30,San Diego,073,3302833,49138,47182,1051,48233,783
2020-09-30,San Francisco,075,870044,11486,11247,28,11275,106
2020-09-30,San Joaquin,077,732212,20512,20150,62,20212,461
2020-09-30,San Luis Obispo,079,281455,3776,3597,16,3613,31
2020-09-30,San Mateo,081,765935,10435,9634,6,9640,128
2020-09-30,Santa Barbara,083,443738,9742,9186,67,9253,115
2020-09-30,Santa Clara,085,1922200,22396,21318,33,21351,302
2020-09-30,Santa Cruz,087,273765,2516,2405,35,2440,10
2020-09-30,Shasta,089,179085,1342,976,13,989,17
2020-09-30,Sierra,091,2930,6,6,0,6,0
2020-09-30,Siskiyou,093,43540,162,150,10,160,0
2020-09-30,Solano,095,438530,6494,6315,41,6356,51
2020-09-30,Sonoma,097,501317,7995,7494,21,7515,125
2020-09-30,Stanislaus,099,539301,16714,16531,574,17105,343
2020-09-30,Sutter,101,95872,1711,1680,1,1681,10
2020-09-30,Tehama,103,63373,647,594,2,596,3
2020-09-30,Trinity,105,12862,40,15,6,21,0
2020-09-30,Tulare,107,460477,16549,16117,157,16274,274
2020-09-30,Tuolumne,109,53932,233,224,3,227,2
2020-09-30,Ventura,111,848112,13502,12968,182,13150,145
2020-09-30,Yolo,113,214977,2889,2822,6,2828,55
2020-09-30,Yuba,115,75493,1111,1075,5,1080,8
2020-09-29,Alameda,001,1643700,21762,21241,192,21433,374
2020-09-29,Alpine,003,1148,4,2,0,2,0
2020-09-29,Amador,005,37829,298,294,0,294,16
2020-09-29,Butte,007,227075,2967,2848,22,2870,44
2020-09-29,Calaveras,009,45235,313,261,0,261,11
2020-09-29,Colusa,011,21464,534,534,0,534,6
2020-09-29,Contra Costa,013,1133247,17430,16716,85,16801,209
2020-09-29,Del Norte,015,27424,142,142,0,142,2
2020-09-29,El Dorado,017,186661,1228,1151,1,1152,4
2020-09-29,Fresno,019,978130,30938,28621,386,29007,394
2020-09-29,Glenn,021,27897,603,589,0,589,3
2020-09-29,Humboldt,023,135768,515,497,1,498,6
2020-09-29,Imperial,025,180216,11960,10811,6,10817,283
2020-09-29,Inyo,027,18085,195,188,0,188,14
2020-09-29,Kern,029,883053,32313,31534,337,31871,397
2020-09-29,Kings,031,150075,7967,7681,44,7725,78
2020-09-29,Lake,033,64148,595,566,0,566,11
2020-09-29,Lassen,035,31185,747,741,2,743,0
2020-09-29,Los Angeles,037,10098052,272796,269246,2050,271296,6545
2020-09-29,Madera,039,155013,4649,4453,28,4481,47
2020-09-29,Marin,041,260295,6784,6692,17,6709,91
2020-09-29,Mariposa,043,17540,78,74,0,74,2
2020-09-29,Mendocino,045,87422,927,854,2,856,17
2020-09-29,Merced,047,269075,9021,8892,19,8911,136
2020-09-29,Modoc,049,8938,29,26,0,26,0
2020-09-29,Mono,051,14174,169,149,1,150,1
2020-09-29,Monterey,053,433212,10159,9826,33,9859,70
2020-09-29,Napa,055,140530,1772,1727,5,1732,11
2020-09-29,Nevada,057,99092,553,539,14,553,6
2020-09-29,Orange,059,3164182,55731,52755,1527,54282,1231
2020-09-29,Placer,061,380077,3697,3570,12,3582,42
2020-09-29,Plumas,063,18699,51,48,0,48,0
2020-09-29,Riverside,065,2383286,60281,58863,187,59050,1208
2020-09-29,Sacramento,067,1510023,23062,22547,15,22562,425
2020-09-29,San Benito,069,59416,1349,1341,0,1341,12
2020-09-29,San Bernardino,071,2135413,55751,53753,367,54120,1012
2020-09-29,San Diego,073,3302833,48862,46987,1027,48014,781
2020-09-29,San Francisco,075,870044,11450,11142,28,11170,104
2020-09-29,San Joaquin,077,732212,20447,20094,60,20154,454
2020-09-29,San Luis Obispo,079,281455,3756,3581,16,3597,31
2020-09-29,San Mateo,081,765935,10388,9619,6,9625,127
2020-09-29,Santa Barbara,083,443738,9722,9149,66,9215,114
2020-09-29,Santa Clara,085,1922200,22262,21233,32,21265,302
2020-09-29,Santa Cruz,087,273765,2501,2383,34,2417,10
2020-09-29,Shasta,089,179085,1281,943,13,956,17
2020-09-29,Sierra,091,2930,6,6,0,6,0
2020-09-29,Siskiyou,093,43540,156,150,10,160,0
2020-09-29,Solano,095,438530,6460,6303,41,6344,51
2020-09-29,Sonoma,097,501317,7923,7426,21,7447,125
2020-09-29,Stanislaus,099,539301,16684,16505,568,17073,341
2020-09-29,Sutter,101,95872,1705,1677,1,1678,10
2020-09-29,Tehama,103,63373,629,585,2,587,2
2020-09-29,Trinity,105,12862,40,16,6,22,0
2020-09-29,Tulare,107,460477,16486,16055,148,16203,270
2020-09-29,Tuolumne,109,53932,233,224,3,227,2
2020-09-29,Ventura,111,848112,13447,12875,179,13054,145
2020-09-29,Yolo,113,214977,2876,2818,6,2824,55
2020-09-29,Yuba,115,75493,1109,1071,5,1076,8
2020-09-28,Alameda,001,1643700,21676,21133,192,21325,370
2020-09-28,Alpine,003,1148,4,2,0,2,0
2020-09-28,Amador,005,37829,296,294,0,294,16
2020-09-28,Butte,007,227075,2952,2837,22,2859,44
2020-09-28,Calaveras,009,45235,313,257,0,257,11
2020-09-28,Colusa,011,21464,533,531,0,531,6
2020-09-28,Contra Costa,013,1133247,17365,16653,85,16738,195
2020-09-28,Del Norte,015,27424,142,138,0,138,2
2020-09-28,El Dorado,017,186661,1221,1144,1,1145,4
2020-09-28,Fresno,019,978130,30856,28517,378,28895,389
2020-09-28,Glenn,021,27897,601,585,0,585,3
2020-09-28,Humboldt,023,135768,509,495,1,496,6
2020-09-28,Imperial,025,180216,11925,10777,6,10783,283
2020-09-28,Inyo,027,18085,194,188,0,188,14
2020-09-28,Kern,029,883053,32248,31481,333,31814,395
2020-09-28,Kings,031,150075,7826,7661,42,7703,78
2020-09-28,Lake,033,64148,591,559,0,559,10
2020-09-28,Lassen,035,31185,746,737,2,739,0
2020-09-28,Los Angeles,037,10098052,271683,268404,2019,270423,6508
2020-09-28,Madera,039,155013,4628,4438,28,4466,47
2020-09-28,Marin,041,260295,6768,6676,17,6693,91
2020-09-28,Mariposa,043,17540,78,74,0,74,2
2020-09-28,Mendocino,045,87422,912,850,2,852,17
2020-09-28,Merced,047,269075,8993,8869,19,8888,136
2020-09-28,Modoc,049,8938,29,26,0,26,0
2020-09-28,Mono,051,14174,169,148,1,149,1
2020-09-28,Monterey,053,433212,10095,9780,31,9811,69
2020-09-28,Napa,055,140530,1760,1705,5,1710,11
2020-09-28,Nevada,057,99092,545,538,14,552,6
2020-09-28,Orange,059,3164182,55526,52633,1518,54151,1196
2020-09-28,Placer,061,380077,3676,3572,12,3584,42
2020-09-28,Plumas,063,18699,50,48,0,48,0
2020-09-28,Riverside,065,2383286,59982,58570,178,58748,1198
2020-09-28,Sacramento,067,1510023,22914,22392,15,22407,423
2020-09-28,San Benito,069,59416,1346,1336,0,1336,11
2020-09-28,San Bernardino,071,2135413,55405,53501,367,53868,988
2020-09-28,San Diego,073,3302833,48544,46736,1007,47743,776
2020-09-28,San Francisco,075,870044,11416,11114,28,11142,100
2020-09-28,San Joaquin,077,732212,20398,19982,59,20041,448
2020-09-28,San Luis Obispo,079,281455,3735,3567,16,3583,31
2020-09-28,San Mateo,081,765935,10337,9582,6,9588,127
2020-09-28,Santa Barbara,083,443738,9704,9121,66,9187,114
2020-09-28,Santa Clara,085,1922200,22146,21180,32,21212,271
2020-09-28,Santa Cruz,087,273765,2491,2359,34,2393,9
2020-09-28,Shasta,089,179085,1227,883,10,893,17
2020-09-28,Sierra,091,2930,6,6,0,6,0
2020-09-28,Siskiyou,093,43540,156,149,10,159,0
2020-09-28,Solano,095,438530,6424,6254,41,6295,51
2020-09-28,Sonoma,097,501317,7847,7369,21,7390,125
2020-09-28,Stanislaus,099,539301,16644,16467,561,17028,336
2020-09-28,Sutter,101,95872,1698,1676,1,1677,10
2020-09-28,Tehama,103,63373,621,579,2,581,2
2020-09-28,Trinity,105,12862,40,16,6,22,0
2020-09-28,Tulare,107,460477,16434,15918,142,16060,270
2020-09-28,Tuolumne,109,53932,233,225,3,228,2
2020-09-28,Ventura,111,848112,13371,12812,172,12984,139
2020-09-28,Yolo,113,214977,2859,2809,6,2815,55
2020-09-28,Yuba,115,75493,1106,1062,5,1067,7
2020-09-27,Alameda,001,1643700,21596,21077,187,21264,370
2020-09-27,Alpine,003,1148,4,2,0,2,0
2020-09-27,Amador,005,37829,296,291,0,291,16
2020-09-27,Butte,007,227075,2941,2833,21,2854,44
2020-09-27,Calaveras,009,45235,312,257,0,257,11
2020-09-27,Colusa,011,21464,532,531,0,531,6
2020-09-27,Contra Costa,013,1133247,17263,16596,84,16680,195
2020-09-27,Del Norte,015,27424,142,138,0,138,2
2020-09-27,El Dorado,017,186661,1206,1130,1,1131,4
2020-09-27,Fresno,019,978130,30751,28441,377,28818,389
2020-09-27,Glenn,021,27897,597,576,0,576,3
2020-09-27,Humboldt,023,135768,507,492,1,493,6
2020-09-27,Imperial,025,180216,11891,10743,6,10749,283
2020-09-27,Inyo,027,18085,192,188,0,188,14
2020-09-27,Kern,029,883053,32129,31462,330,31792,395
2020-09-27,Kings,031,150075,7806,7641,42,7683,78
2020-09-27,Lake,033,64148,587,555,0,555,10
2020-09-27,Lassen,035,31185,746,737,2,739,0
2020-09-27,Los Angeles,037,10098052,270508,267754,1997,269751,6507
2020-09-27,Madera,039,155013,4599,4416,28,4444,47
2020-09-27,Marin,041,260295,6758,6663,17,6680,91
2020-09-27,Mariposa,043,17540,78,74,0,74,2
2020-09-27,Mendocino,045,87422,906,846,2,848,17
2020-09-27,Merced,047,269075,8959,8853,19,8872,136
2020-09-27,Modoc,049,8938,29,26,0,26,0
2020-09-27,Mono,051,14174,169,148,1,149,1
2020-09-27,Monterey,053,433212,10035,9724,30,9754,69
2020-09-27,Napa,055,140530,1755,1690,5,1695,11
2020-09-27,Nevada,057,99092,544,537,14,551,6
2020-09-27,Orange,059,3164182,55252,52458,1509,53967,1195
2020-09-27,Placer,061,380077,3663,3562,12,3574,42
2020-09-27,Plumas,063,18699,50,48,0,48,0
2020-09-27,Riverside,065,2383286,59686,58509,170,58679,1191
2020-09-27,Sacramento,067,1510023,22817,22356,14,22370,422
2020-09-27,San Benito,069,59416,1346,1331,0,1331,11
2020-09-27,San Bernardino,071,2135413,54969,53127,367,53494,988
2020-09-27,San Diego,073,3302833,48200,46612,990,47602,776
2020-09-27,San Francisco,075,870044,11364,11114,28,11142,100
2020-09-27,San Joaquin,077,732212,20338,19981,59,20040,448
2020-09-27,San Luis Obispo,079,281455,3714,3562,16,3578,31
2020-09-27,San Mateo,081,765935,10269,9566,6,9572,127
2020-09-27,Santa Barbara,083,443738,9683,9090,65,9155,114
2020-09-27,Santa Clara,085,1922200,22037,21091,32,21123,271
2020-09-27,Santa Cruz,087,273765,2469,2359,34,2393,9
2020-09-27,Shasta,089,179085,1184,883,9,892,17
2020-09-27,Sierra,091,2930,6,6,0,6,0
2020-09-27,Siskiyou,093,43540,155,149,10,159,0
2020-09-27,Solano,095,438530,6389,6211,41,6252,51
2020-09-27,Sonoma,097,501317,7766,7336,21,7357,124
2020-09-27,Stanislaus,099,539301,16594,16448,554,17002,336
2020-09-27,Sutter,101,95872,1691,1672,1,1673,10
2020-09-27,Tehama,103,63373,604,573,2,575,2
2020-09-27,Trinity,105,12862,40,16,6,22,0
2020-09-27,Tulare,107,460477,16358,15918,132,16050,270
2020-09-27,Tuolumne,109,53932,232,224,3,227,2
2020-09-27,Ventura,111,848112,13286,12775,163,12938,139
2020-09-27,Yolo,113,214977,2845,2796,6,2802,55
2020-09-27,Yuba,115,75493,1096,1059,5,1064,7
2020-09-26,Alameda,001,1643700,21538,21019,186,21205,370
2020-09-26,Alpine,003,1148,4,2,0,2,0
2020-09-26,Amador,005,37829,295,291,0,291,16
2020-09-26,Butte,007,227075,2933,2827,21,2848,44
2020-09-26,Calaveras,009,45235,312,257,0,257,11
2020-09-26,Colusa,011,21464,532,529,0,529,6
2020-09-26,Contra Costa,013,1133247,17221,16508,84,16592,194
2020-09-26,Del Norte,015,27424,142,138,0,138,2
2020-09-26,El Dorado,017,186661,1201,1127,1,1128,4
2020-09-26,Fresno,019,978130,30684,28336,377,28713,389
2020-09-26,Glenn,021,27897,597,576,0,576,3
2020-09-26,Humboldt,023,135768,507,491,1,492,6
2020-09-26,Imperial,025,180216,11874,10721,6,10727,283
2020-09-26,Inyo,027,18085,191,187,0,187,14
2020-09-26,Kern,029,883053,32078,31410,330,31740,394
2020-09-26,Kings,031,150075,7794,7537,42,7579,78
2020-09-26,Lake,033,64148,584,549,0,549,10
2020-09-26,Lassen,035,31185,746,737,2,739,0
2020-09-26,Los Angeles,037,10098052,269874,266931,1980,268911,6497
2020-09-26,Madera,039,155013,4583,4410,28,4438,47
2020-09-26,Marin,041,260295,6745,6641,17,6658,91
2020-09-26,Mariposa,043,17540,77,74,0,74,2
2020-09-26,Mendocino,045,87422,901,836,2,838,17
2020-09-26,Merced,047,269075,8947,8841,18,8859,136
2020-09-26,Modoc,049,8938,29,26,0,26,0
2020-09-26,Mono,051,14174,169,148,1,149,1
2020-09-26,Monterey,053,433212,10008,9651,30,9681,68
2020-09-26,Napa,055,140530,1753,1681,5,1686,11
2020-09-26,Nevada,057,99092,544,534,14,548,6
2020-09-26,Orange,059,3164182,55112,52203,1503,53706,1194
2020-09-26,Placer,061,380077,3650,3551,12,3563,42
2020-09-26,Plumas,063,18699,49,48,0,48,0
2020-09-26,Riverside,065,2383286,59551,58076,168,58244,1190
2020-09-26,Sacramento,067,1510023,22761,22269,14,22283,421
2020-09-26,San Benito,069,59416,1344,1325,0,1325,11
2020-09-26,San Bernardino,071,2135413,54835,53122,367,53489,988
2020-09-26,San Diego,073,3302833,47995,46333,976,47309,775
2020-09-26,San Francisco,075,870044,11336,11113,28,11141,100
2020-09-26,San Joaquin,077,732212,20302,19982,57,20039,449
2020-09-26,San Luis Obispo,079,281455,3697,3546,16,3562,31
2020-09-26,San Mateo,081,765935,10235,9509,6,9515,127
2020-09-26,Santa Barbara,083,443738,9672,9061,65,9126,114
2020-09-26,Santa Clara,085,1922200,21966,20967,31,20998,270
2020-09-26,Santa Cruz,087,273765,2461,2336,34,2370,9
2020-09-26,Shasta,089,179085,1134,856,8,864,17
2020-09-26,Sierra,091,2930,6,6,0,6,0
2020-09-26,Siskiyou,093,43540,154,149,10,159,0
2020-09-26,Solano,095,438530,6370,6209,41,6250,51
2020-09-26,Sonoma,097,501317,7741,7285,20,7305,124
2020-09-26,Stanislaus,099,539301,16569,16421,545,16966,336
2020-09-26,Sutter,101,95872,1686,1662,1,1663,10
2020-09-26,Tehama,103,63373,592,560,2,562,2
2020-09-26,Trinity,105,12862,38,16,6,22,0
2020-09-26,Tulare,107,460477,16333,15881,130,16011,270
2020-09-26,Tuolumne,109,53932,232,223,3,226,2
2020-09-26,Ventura,111,848112,13254,12729,161,12890,137
2020-09-26,Yolo,113,214977,2843,2789,6,2795,55
2020-09-26,Yuba,115,75493,1092,1056,5,1061,7
2020-09-25,Alameda,001,1643700,21484,20911,186,21097,367
2020-09-25,Alpine,003,1148,4,2,0,2,0
2020-09-25,Amador,005,37829,295,289,0,289,16
2020-09-25,Butte,007,227075,2928,2819,21,2840,43
2020-09-25,Calaveras,009,45235,312,257,0,257,11
2020-09-25,Colusa,011,21464,532,528,0,528,6
2020-09-25,Contra Costa,013,1133247,17162,16401,84,16485,194
2020-09-25,Del Norte,015,27424,142,138,0,138,2
2020-09-25,El Dorado,017,186661,1197,1104,1,1105,4
2020-09-25,Fresno,019,978130,30625,28199,376,28575,385
2020-09-25,Glenn,021,27897,595,570,0,570,3
2020-09-25,Humboldt,023,135768,506,489,1,490,5
2020-09-25,Imperial,025,180216,11856,10681,6,10687,283
2020-09-25,Inyo,027,18085,189,187,0,187,14
2020-09-25,Kern,029,883053,32025,31333,328,31661,393
2020-09-25,Kings,031,150075,7789,7450,42,7492,77
2020-09-25,Lake,033,64148,583,539,0,539,9
2020-09-25,Lassen,035,31185,746,737,2,739,0
2020-09-25,Los Angeles,037,10098052,269086,265713,1966,267679,6483
2020-09-25,Madera,039,155013,4564,4369,28,4397,48
2020-09-25,Marin,041,260295,6742,6622,17,6639,90
2020-09-25,Mariposa,043,17540,77,74,0,74,2
2020-09-25,Mendocino,045,87422,886,819,2,821,17
2020-09-25,Merced,047,269075,8931,8830,18,8848,135
2020-09-25,Modoc,049,8938,29,26,0,26,0
2020-09-25,Mono,051,14174,169,149,1,150,1
2020-09-25,Monterey,053,433212,9956,9581,30,9611,68
2020-09-25,Napa,055,140530,1751,1669,5,1674,11
2020-09-25,Nevada,057,99092,542,529,14,543,6
2020-09-25,Orange,059,3164182,54985,52031,1494,53525,1184
2020-09-25,Placer,061,380077,3639,3527,12,3539,41
2020-09-25,Plumas,063,18699,49,48,0,48,0
2020-09-25,Riverside,065,2383286,59375,57783,163,57946,1183
2020-09-25,Sacramento,067,1510023,22684,22132,14,22146,418
2020-09-25,San Benito,069,59416,1343,1318,0,1318,11
2020-09-25,San Bernardino,071,2135413,54681,52814,367,53181,987
2020-09-25,San Diego,073,3302833,47793,46003,960,46963,775
2020-09-25,San Francisco,075,870044,11302,11066,27,11093,100
2020-09-25,San Joaquin,077,732212,20250,19909,57,19966,449
2020-09-25,San Luis Obispo,079,281455,3686,3512,16,3528,31
2020-09-25,San Mateo,081,765935,10199,9447,6,9453,127
2020-09-25,Santa Barbara,083,443738,9648,9026,65,9091,114
2020-09-25,Santa Clara,085,1922200,21903,20812,30,20842,265
2020-09-25,Santa Cruz,087,273765,2449,2309,33,2342,9
2020-09-25,Shasta,089,179085,1100,806,8,814,16
2020-09-25,Sierra,091,2930,6,6,0,6,0
2020-09-25,Siskiyou,093,43540,154,149,10,159,0
2020-09-25,Solano,095,438530,6354,6179,41,6220,50
2020-09-25,Sonoma,097,501317,7701,7202,20,7222,124
2020-09-25,Stanislaus,099,539301,16551,16381,543,16924,326
2020-09-25,Sutter,101,95872,1683,1655,1,1656,10
2020-09-25,Tehama,103,63373,584,546,2,548,2
2020-09-25,Trinity,105,12862,38,15,6,21,0
2020-09-25,Tulare,107,460477,16294,15815,127,15942,267
2020-09-25,Tuolumne,109,53932,232,223,3,226,2
2020-09-25,Ventura,111,848112,13212,12664,158,12822,137
2020-09-25,Yolo,113,214977,2835,2784,6,2790,55
2020-09-25,Yuba,115,75493,1087,1049,5,1054,5
2020-09-24,Alameda,001,1643700,21409,20838,183,21021,364
2020-09-24,Alpine,003,1148,4,2,0,2,0
2020-09-24,Amador,005,37829,295,288,0,288,16
2020-09-24,Butte,007,227075,2917,2803,21,2824,43
2020-09-24,Calaveras,009,45235,312,258,0,258,11
2020-09-24,Colusa,011,21464,532,523,0,523,6
2020-09-24,Contra Costa,013,1133247,17080,16252,84,16336,192
2020-09-24,Del Norte,015,27424,138,137,0,137,2
2020-09-24,El Dorado,017,186661,1188,1093,1,1094,4
2020-09-24,Fresno,019,978130,30520,28106,372,28478,375
2020-09-24,Glenn,021,27897,591,567,0,567,3
2020-09-24,Humboldt,023,135768,503,482,1,483,5
2020-09-24,Imperial,025,180216,11832,10622,6,10628,283
2020-09-24,Inyo,027,18085,189,187,0,187,13
2020-09-24,Kern,029,883053,31962,31273,326,31599,388
2020-09-24,Kings,031,150075,7773,7428,42,7470,76
2020-09-24,Lake,033,64148,574,531,0,531,9
2020-09-24,Lassen,035,31185,745,737,2,739,0
2020-09-24,Los Angeles,037,10098052,268041,264374,1947,266321,6452
2020-09-24,Madera,039,155013,4545,4344,28,4372,48
2020-09-24,Marin,041,260295,6714,6588,17,6605,85
2020-09-24,Mariposa,043,17540,77,74,0,74,2
2020-09-24,Mendocino,045,87422,882,810,2,812,17
2020-09-24,Merced,047,269075,8902,8813,17,8830,135
2020-09-24,Modoc,049,8938,29,24,0,24,0
2020-09-24,Mono,051,14174,169,149,1,150,1
2020-09-24,Monterey,053,433212,9890,9544,27,9571,67
2020-09-24,Napa,055,140530,1739,1661,5,1666,11
2020-09-24,Nevada,057,99092,541,527,14,541,6
2020-09-24,Orange,059,3164182,54777,51749,1476,53225,1164
2020-09-24,Placer,061,380077,3624,3514,12,3526,41
2020-09-24,Plumas,063,18699,49,48,0,48,0
2020-09-24,Riverside,065,2383286,59107,57491,157,57648,1172
2020-09-24,Sacramento,067,1510023,22557,21985,14,21999,417
2020-09-24,San Benito,069,59416,1341,1308,0,1308,11
2020-09-24,San Bernardino,071,2135413,54346,52455,366,52821,988
2020-09-24,San Diego,073,3302833,47524,45598,945,46543,773
2020-09-24,San Francisco,075,870044,11255,10992,27,11019,99
2020-09-24,San Joaquin,077,732212,20213,19851,56,19907,444
2020-09-24,San Luis Obispo,079,281455,3670,3480,16,3496,31
2020-09-24,San Mateo,081,765935,10151,9376,6,9382,127
2020-09-24,Santa Barbara,083,443738,9597,8988,64,9052,114
2020-09-24,Santa Clara,085,1922200,21815,20689,30,20719,262
2020-09-24,Santa Cruz,087,273765,2429,2300,31,2331,9
2020-09-24,Shasta,089,179085,1063,773,5,778,14
2020-09-24,Sierra,091,2930,6,6,0,6,0
2020-09-24,Siskiyou,093,43540,154,149,10,159,0
2020-09-24,Solano,095,438530,6321,6137,41,6178,49
2020-09-24,Sonoma,097,501317,7620,7163,20,7183,122
2020-09-24,Stanislaus,099,539301,16514,16326,538,16864,326
2020-09-24,Sutter,101,95872,1680,1646,1,1647,10
2020-09-24,Tehama,103,63373,581,540,2,542,2
2020-09-24,Trinity,105,12862,38,15,6,21,0
2020-09-24,Tulare,107,460477,16229,15754,126,15880,267
2020-09-24,Tuolumne,109,53932,232,224,3,227,2
2020-09-24,Ventura,111,848112,13130,12617,157,12774,138
2020-09-24,Yolo,113,214977,2828,2776,6,2782,55
2020-09-24,Yuba,115,75493,1082,1042,5,1047,5
2020-09-23,Alameda,001,1643700,21341,20718,181,20899,361
2020-09-23,Alpine,003,1148,4,2,0,2,0
2020-09-23,Amador,005,37829,294,288,0,288,16
2020-09-23,Butte,007,227075,2909,2790,21,2811,43
2020-09-23,Calaveras,009,45235,311,258,0,258,11
2020-09-23,Colusa,011,21464,531,521,0,521,6
2020-09-23,Contra Costa,013,1133247,17016,16167,83,16250,192
2020-09-23,Del Norte,015,27424,136,137,0,137,2
2020-09-23,El Dorado,017,186661,1174,1088,1,1089,4
2020-09-23,Fresno,019,978130,30426,28019,369,28388,371
2020-09-23,Glenn,021,27897,584,561,0,561,3
2020-09-23,Humboldt,023,135768,499,477,1,478,5
2020-09-23,Imperial,025,180216,11806,10587,6,10593,284
2020-09-23,Inyo,027,18085,188,177,0,177,13
2020-09-23,Kern,029,883053,31918,31172,324,31496,387
2020-09-23,Kings,031,150075,7751,7406,42,7448,76
2020-09-23,Lake,033,64148,569,519,0,519,9
2020-09-23,Lassen,035,31185,745,736,2,738,0
2020-09-23,Los Angeles,037,10098052,267001,263318,1917,265235,6421
2020-09-23,Madera,039,155013,4530,4311,28,4339,48
2020-09-23,Marin,041,260295,6695,6567,17,6584,85
2020-09-23,Mariposa,043,17540,77,74,0,74,2
2020-09-23,Mendocino,045,87422,881,801,1,802,17
2020-09-23,Merced,047,269075,8881,8785,16,8801,134
2020-09-23,Modoc,049,8938,29,24,0,24,0
2020-09-23,Mono,051,14174,169,149,1,150,1
2020-09-23,Monterey,053,433212,9821,9452,27,9479,67
2020-09-23,Napa,055,140530,1730,1653,5,1658,11
2020-09-23,Nevada,057,99092,540,523,14,537,6
2020-09-23,Orange,059,3164182,54550,51658,1468,53126,1155
2020-09-23,Placer,061,380077,3612,3506,12,3518,41
2020-09-23,Plumas,063,18699,49,48,0,48,0
2020-09-23,Riverside,065,2383286,58804,57257,154,57411,1165
2020-09-23,Sacramento,067,1510023,22480,21821,14,21835,415
2020-09-23,San Benito,069,59416,1335,1305,0,1305,10
2020-09-23,San Bernardino,071,2135413,54052,52132,364,52496,973
2020-09-23,San Diego,073,3302833,47248,45427,926,46353,767
2020-09-23,San Francisco,075,870044,11206,10926,27,10953,95
2020-09-23,San Joaquin,077,732212,20160,19785,56,19841,439
2020-09-23,San Luis Obispo,079,281455,3652,3447,16,3463,31
2020-09-23,San Mateo,081,765935,10111,9351,6,9357,127
2020-09-23,Santa Barbara,083,443738,9569,8952,64,9016,112
2020-09-23,Santa Clara,085,1922200,21704,20575,27,20602,260
2020-09-23,Santa Cruz,087,273765,2410,2283,31,2314,9
2020-09-23,Shasta,089,179085,1024,756,4,760,14
2020-09-23,Sierra,091,2930,6,6,0,6,0
2020-09-23,Siskiyou,093,43540,154,149,10,159,0
2020-09-23,Solano,095,438530,6296,6123,41,6164,50
2020-09-23,Sonoma,097,501317,7544,7091,20,7111,122
2020-09-23,Stanislaus,099,539301,16484,16271,535,16806,317
2020-09-23,Sutter,101,95872,1676,1646,1,1647,10
2020-09-23,Tehama,103,63373,575,533,2,535,2
2020-09-23,Trinity,105,12862,37,15,6,21,0
2020-09-23,Tulare,107,460477,16164,15664,125,15789,266
2020-09-23,Tuolumne,109,53932,232,223,3,226,2
2020-09-23,Ventura,111,848112,13075,12591,154,12745,137
2020-09-23,Yolo,113,214977,2810,2766,6,2772,55
2020-09-23,Yuba,115,75493,1080,1038,5,1043,5
2020-09-22,Alameda,001,1643700,21261,20607,179,20786,355
2020-09-22,Alpine,003,1148,3,2,0,2,0
2020-09-22,Amador,005,37829,293,287,0,287,16
2020-09-22,Butte,007,227075,2904,2776,21,2797,43
2020-09-22,Calaveras,009,45235,311,258,0,258,11
2020-09-22,Colusa,011,21464,529,518,0,518,6
2020-09-22,Contra Costa,013,1133247,16926,16090,83,16173,190
2020-09-22,Del Norte,015,27424,136,137,0,137,2
2020-09-22,El Dorado,017,186661,1155,1076,1,1077,4
2020-09-22,Fresno,019,978130,30332,27944,366,28310,369
2020-09-22,Glenn,021,27897,581,560,0,560,3
2020-09-22,Humboldt,023,135768,498,476,1,477,5
2020-09-22,Imperial,025,180216,11777,10529,6,10535,284
2020-09-22,Inyo,027,18085,188,177,0,177,13
2020-09-22,Kern,029,883053,31850,31110,317,31427,383
2020-09-22,Kings,031,150075,7694,7395,41,7436,76
2020-09-22,Lake,033,64148,561,516,0,516,9
2020-09-22,Lassen,035,31185,744,736,2,738,0
2020-09-22,Los Angeles,037,10098052,265925,262117,1888,264005,6394
2020-09-22,Madera,039,155013,4514,4303,28,4331,47
2020-09-22,Marin,041,260295,6681,6561,17,6578,84
2020-09-22,Mariposa,043,17540,77,74,0,74,2
2020-09-22,Mendocino,045,87422,861,794,1,795,18
2020-09-22,Merced,047,269075,8851,8769,16,8785,132
2020-09-22,Modoc,049,8938,29,24,0,24,0
2020-09-22,Mono,051,14174,168,149,1,150,1
2020-09-22,Monterey,053,433212,9763,9393,27,9420,67
2020-09-22,Napa,055,140530,1713,1652,5,1657,11
2020-09-22,Nevada,057,99092,540,523,14,537,6
2020-09-22,Orange,059,3164182,54300,51528,1460,52988,1132
2020-09-22,Placer,061,380077,3600,3492,12,3504,40
2020-09-22,Plumas,063,18699,49,48,0,48,0
2020-09-22,Riverside,065,2383286,58318,57066,150,57216,1162
2020-09-22,Sacramento,067,1510023,22360,21745,14,21759,410
2020-09-22,San Benito,069,59416,1330,1305,0,1305,10
2020-09-22,San Bernardino,071,2135413,53779,51899,364,52263,971
2020-09-22,San Diego,073,3302833,46941,45149,907,46056,765
2020-09-22,San Francisco,075,870044,11162,10893,26,10919,95
2020-09-22,San Joaquin,077,732212,20113,19755,55,19810,426
2020-09-22,San Luis Obispo,079,281455,3635,3420,16,3436,31
2020-09-22,San Mateo,081,765935,10073,9291,6,9297,127
2020-09-22,Santa Barbara,083,443738,9539,8927,63,8990,111
2020-09-22,Santa Clara,085,1922200,21586,20514,27,20541,253
2020-09-22,Santa Cruz,087,273765,2387,2264,31,2295,8
2020-09-22,Shasta,089,179085,989,723,4,727,14
2020-09-22,Sierra,091,2930,6,6,0,6,0
2020-09-22,Siskiyou,093,43540,154,149,10,159,0
2020-09-22,Solano,095,438530,6265,6107,41,6148,48
2020-09-22,Sonoma,097,501317,7465,7068,19,7087,117
2020-09-22,Stanislaus,099,539301,16461,16231,528,16759,316
2020-09-22,Sutter,101,95872,1670,1638,1,1639,10
2020-09-22,Tehama,103,63373,567,529,2,531,2
2020-09-22,Trinity,105,12862,37,15,6,21,0
2020-09-22,Tulare,107,460477,16098,15616,121,15737,263
2020-09-22,Tuolumne,109,53932,231,224,3,227,1
2020-09-22,Ventura,111,848112,13024,12507,150,12657,136
2020-09-22,Yolo,113,214977,2803,2763,6,2769,54
2020-09-22,Yuba,115,75493,1071,1035,5,1040,5
2020-09-21,Alameda,001,1643700,21182,20501,178,20679,343
2020-09-21,Alpine,003,1148,3,2,0,2,0
2020-09-21,Amador,005,37829,291,286,0,286,16
2020-09-21,Butte,007,227075,2890,2769,21,2790,41
2020-09-21,Calaveras,009,45235,309,256,0,256,10
2020-09-21,Colusa,011,21464,528,517,0,517,6
2020-09-21,Contra Costa,013,1133247,16838,16008,83,16091,189
2020-09-21,Del Norte,015,27424,136,132,0,132,2
2020-09-21,El Dorado,017,186661,1146,1074,1,1075,4
2020-09-21,Fresno,019,978130,30230,27843,359,28202,362
2020-09-21,Glenn,021,27897,577,556,0,556,3
2020-09-21,Humboldt,023,135768,494,473,1,474,5
2020-09-21,Imperial,025,180216,11746,10521,6,10527,284
2020-09-21,Inyo,027,18085,187,177,0,177,12
2020-09-21,Kern,029,883053,31778,31031,315,31346,379
2020-09-21,Kings,031,150075,7582,7297,39,7336,76
2020-09-21,Lake,033,64148,556,508,0,508,8
2020-09-21,Lassen,035,31185,742,735,2,737,0
2020-09-21,Los Angeles,037,10098052,264839,261418,1843,263261,6360
2020-09-21,Madera,039,155013,4503,4275,27,4302,47
2020-09-21,Marin,041,260295,6670,6538,16,6554,84
2020-09-21,Mariposa,043,17540,76,74,0,74,2
2020-09-21,Mendocino,045,87422,846,778,0,778,18
2020-09-21,Merced,047,269075,8832,8749,14,8763,128
2020-09-21,Modoc,049,8938,29,22,0,22,0
2020-09-21,Mono,051,14174,168,147,1,148,1
2020-09-21,Monterey,053,433212,9699,9331,24,9355,66
2020-09-21,Napa,055,140530,1702,1641,5,1646,11
2020-09-21,Nevada,057,99092,538,515,14,529,6
2020-09-21,Orange,059,3164182,54080,51363,1452,52815,1110
2020-09-21,Placer,061,380077,3590,3473,12,3485,40
2020-09-21,Plumas,063,18699,49,47,0,47,0
2020-09-21,Riverside,065,2383286,58045,57001,142,57143,1153
2020-09-21,Sacramento,067,1510023,22179,21568,14,21582,404
2020-09-21,San Benito,069,59416,1328,1298,0,1298,10
2020-09-21,San Bernardino,071,2135413,53493,51654,363,52017,970
2020-09-21,San Diego,073,3302833,46658,44927,886,45813,760
2020-09-21,San Francisco,075,870044,11114,10743,26,10769,95
2020-09-21,San Joaquin,077,732212,20055,19579,55,19634,423
2020-09-21,San Luis Obispo,079,281455,3608,3406,16,3422,27
2020-09-21,San Mateo,081,765935,10021,9239,6,9245,127
2020-09-21,Santa Barbara,083,443738,9511,8911,63,8974,110
2020-09-21,Santa Clara,085,1922200,21485,20432,27,20459,252
2020-09-21,Santa Cruz,087,273765,2370,2257,29,2286,8
2020-09-21,Shasta,089,179085,939,696,4,700,14
2020-09-21,Sierra,091,2930,6,6,0,6,0
2020-09-21,Siskiyou,093,43540,154,146,10,156,0
2020-09-21,Solano,095,438530,6241,6019,41,6060,46
2020-09-21,Sonoma,097,501317,7389,7017,19,7036,117
2020-09-21,Stanislaus,099,539301,16431,16186,528,16714,310
2020-09-21,Sutter,101,95872,1663,1634,1,1635,10
2020-09-21,Tehama,103,63373,548,513,2,515,2
2020-09-21,Trinity,105,12862,37,15,6,21,0
2020-09-21,Tulare,107,460477,16024,15528,112,15640,260
2020-09-21,Tuolumne,109,53932,231,221,3,224,1
2020-09-21,Ventura,111,848112,12942,12477,144,12621,133
2020-09-21,Yolo,113,214977,2797,2752,6,2758,54
2020-09-21,Yuba,115,75493,1067,1033,5,1038,1
2020-09-20,Alameda,001,1643700,21082,20425,175,20600,343
2020-09-20,Alpine,003,1148,3,2,0,2,0
2020-09-20,Amador,005,37829,290,286,0,286,16
2020-09-20,Butte,007,227075,2878,2764,21,2785,39
2020-09-20,Calaveras,009,45235,305,256,0,256,10
2020-09-20,Colusa,011,21464,526,510,0,510,6
2020-09-20,Contra Costa,013,1133247,16704,15917,82,15999,189
2020-09-20,Del Norte,015,27424,134,132,0,132,2
2020-09-20,El Dorado,017,186661,1131,1073,1,1074,4
2020-09-20,Fresno,019,978130,30116,27769,353,28122,362
2020-09-20,Glenn,021,27897,573,550,0,550,3
2020-09-20,Humboldt,023,135768,494,472,1,473,5
2020-09-20,Imperial,025,180216,11719,10496,5,10501,284
2020-09-20,Inyo,027,18085,187,177,0,177,12
2020-09-20,Kern,029,883053,31695,30992,311,31303,379
2020-09-20,Kings,031,150075,7535,7159,38,7197,76
2020-09-20,Lake,033,64148,544,492,0,492,8
2020-09-20,Lassen,035,31185,742,735,2,737,0
2020-09-20,Los Angeles,037,10098052,263607,260770,1814,262584,6347
2020-09-20,Madera,039,155013,4483,4257,27,4284,47
2020-09-20,Marin,041,260295,6644,6533,16,6549,83
2020-09-20,Mariposa,043,17540,76,74,0,74,2
2020-09-20,Mendocino,045,87422,834,765,0,765,18
2020-09-20,Merced,047,269075,8805,8745,14,8759,128
2020-09-20,Modoc,049,8938,27,22,0,22,0
2020-09-20,Mono,051,14174,167,147,1,148,1
2020-09-20,Monterey,053,433212,9621,9312,24,9336,65
2020-09-20,Napa,055,140530,1693,1626,5,1631,11
2020-09-20,Nevada,057,99092,535,511,14,525,6
2020-09-20,Orange,059,3164182,53841,51233,1440,52673,1110
2020-09-20,Placer,061,380077,3575,3452,12,3464,40
2020-09-20,Plumas,063,18699,49,47,0,47,0
2020-09-20,Riverside,065,2383286,57845,56783,136,56919,1147
2020-09-20,Sacramento,067,1510023,21992,21394,13,21407,401
2020-09-20,San Benito,069,59416,1317,1291,0,1291,9
2020-09-20,San Bernardino,071,2135413,53172,51559,361,51920,970
2020-09-20,San Diego,073,3302833,46285,44579,857,45436,760
2020-09-20,San Francisco,075,870044,11060,10743,26,10769,95
2020-09-20,San Joaquin,077,732212,19991,19578,47,19625,423
2020-09-20,San Luis Obispo,079,281455,3580,3393,16,3409,27
2020-09-20,San Mateo,081,765935,9954,9198,6,9204,127
2020-09-20,Santa Barbara,083,443738,9477,8880,62,8942,110
2020-09-20,Santa Clara,085,1922200,21365,20330,26,20356,252
2020-09-20,Santa Cruz,087,273765,2350,2199,29,2228,8
2020-09-20,Shasta,089,179085,898,696,3,699,14
2020-09-20,Sierra,091,2930,6,6,0,6,0
2020-09-20,Siskiyou,093,43540,154,146,10,156,0
2020-09-20,Solano,095,438530,6197,6020,41,6061,46
2020-09-20,Sonoma,097,501317,7285,6954,19,6973,117
2020-09-20,Stanislaus,099,539301,16400,16159,521,16680,310
2020-09-20,Sutter,101,95872,1657,1624,1,1625,10
2020-09-20,Tehama,103,63373,535,509,2,511,2
2020-09-20,Trinity,105,12862,37,15,6,21,0
2020-09-20,Tulare,107,460477,15939,15528,106,15634,260
2020-09-20,Tuolumne,109,53932,231,221,3,224,1
2020-09-20,Ventura,111,848112,12877,12406,140,12546,133
2020-09-20,Yolo,113,214977,2789,2745,6,2751,54
2020-09-20,Yuba,115,75493,1060,1029,5,1034,1
2020-09-19,Alameda,001,1643700,21031,20349,172,20521,343
2020-09-19,Alpine,003,1148,3,2,0,2,0
2020-09-19,Amador,005,37829,290,285,0,285,16
2020-09-19,Butte,007,227075,2872,2748,21,2769,38
2020-09-19,Calaveras,009,45235,305,256,0,256,10
2020-09-19,Colusa,011,21464,526,507,0,507,6
2020-09-19,Contra Costa,013,1133247,16641,15783,82,15865,186
2020-09-19,Del Norte,015,27424,133,132,0,132,2
2020-09-19,El Dorado,017,186661,1125,1068,0,1068,4
2020-09-19,Fresno,019,978130,30043,27668,353,28021,362
2020-09-19,Glenn,021,27897,570,547,0,547,3
2020-09-19,Humboldt,023,135768,493,471,1,472,5
2020-09-19,Imperial,025,180216,11704,10496,5,10501,284
2020-09-19,Inyo,027,18085,187,177,0,177,12
2020-09-19,Kern,029,883053,31641,30886,308,31194,379
2020-09-19,Kings,031,150075,7529,7130,38,7168,76
2020-09-19,Lake,033,64148,544,465,0,465,8
2020-09-19,Lassen,035,31185,742,731,2,733,0
2020-09-19,Los Angeles,037,10098052,262984,259801,1798,261599,6325
2020-09-19,Madera,039,155013,4460,4237,27,4264,47
2020-09-19,Marin,041,260295,6637,6513,15,6528,81
2020-09-19,Mariposa,043,17540,76,74,0,74,2
2020-09-19,Mendocino,045,87422,831,750,0,750,18
2020-09-19,Merced,047,269075,8794,8717,13,8730,128
2020-09-19,Modoc,049,8938,27,22,0,22,0
2020-09-19,Mono,051,14174,167,147,1,148,1
2020-09-19,Monterey,053,433212,9579,9237,24,9261,65
2020-09-19,Napa,055,140530,1685,1614,5,1619,11
2020-09-19,Nevada,057,99092,533,505,14,519,6
2020-09-19,Orange,059,3164182,53712,50999,1433,52432,1105
2020-09-19,Placer,061,380077,3567,3412,12,3424,40
2020-09-19,Plumas,063,18699,49,47,0,47,0
2020-09-19,Riverside,065,2383286,57721,56562,135,56697,1147
2020-09-19,Sacramento,067,1510023,21938,21297,13,21310,396
2020-09-19,San Benito,069,59416,1313,1276,0,1276,9
2020-09-19,San Bernardino,071,2135413,53016,51353,358,51711,971
2020-09-19,San Diego,073,3302833,46057,44295,834,45129,773
2020-09-19,San Francisco,075,870044,11027,10741,26,10767,95
2020-09-19,San Joaquin,077,732212,19954,19580,47,19627,424
2020-09-19,San Luis Obispo,079,281455,3559,3369,16,3385,27
2020-09-19,San Mateo,081,765935,9923,9158,6,9164,127
2020-09-19,Santa Barbara,083,443738,9456,8862,62,8924,106
2020-09-19,Santa Clara,085,1922200,21276,20170,26,20196,251
2020-09-19,Santa Cruz,087,273765,2336,2198,29,2227,8
2020-09-19,Shasta,089,179085,871,687,3,690,14
2020-09-19,Sierra,091,2930,6,6,0,6,0
2020-09-19,Siskiyou,093,43540,154,146,10,156,0
2020-09-19,Solano,095,438530,6181,5998,41,6039,46
2020-09-19,Sonoma,097,501317,7252,6905,19,6924,117
2020-09-19,Stanislaus,099,539301,16360,16109,514,16623,313
2020-09-19,Sutter,101,95872,1656,1602,1,1603,10
2020-09-19,Tehama,103,63373,530,498,2,500,2
2020-09-19,Trinity,105,12862,37,15,6,21,0
2020-09-19,Tulare,107,460477,15890,15485,103,15588,260
2020-09-19,Tuolumne,109,53932,231,217,3,220,1
2020-09-19,Ventura,111,848112,12845,12328,140,12468,133
2020-09-19,Yolo,113,214977,2781,2739,6,2745,54
2020-09-19,Yuba,115,75493,1053,1023,5,1028,1
2020-09-18,Alameda,001,1643700,20966,20222,166,20388,341
2020-09-18,Alpine,003,1148,3,2,0,2,0
2020-09-18,Amador,005,37829,290,285,0,285,16
2020-09-18,Butte,007,227075,2870,2738,21,2759,37
2020-09-18,Calaveras,009,45235,305,255,0,255,9
2020-09-18,Colusa,011,21464,526,504,0,504,6
2020-09-18,Contra Costa,013,1133247,16556,15667,82,15749,185
2020-09-18,Del Norte,015,27424,133,131,0,131,2
2020-09-18,El Dorado,017,186661,1112,1063,0,1063,4
2020-09-18,Fresno,019,978130,29978,27560,353,27913,359
2020-09-18,Glenn,021,27897,567,541,0,541,3
2020-09-18,Humboldt,023,135768,490,470,1,471,5
2020-09-18,Imperial,025,180216,11689,10460,5,10465,283
2020-09-18,Inyo,027,18085,187,177,0,177,12
2020-09-18,Kern,029,883053,31583,30742,305,31047,373
2020-09-18,Kings,031,150075,7519,7062,38,7100,74
2020-09-18,Lake,033,64148,538,458,0,458,8
2020-09-18,Lassen,035,31185,741,731,2,733,0
2020-09-18,Los Angeles,037,10098052,262210,258488,1778,260266,6324
2020-09-18,Madera,039,155013,4448,4211,27,4238,45
2020-09-18,Marin,041,260295,6622,6475,15,6490,81
2020-09-18,Mariposa,043,17540,76,74,0,74,2
2020-09-18,Mendocino,045,87422,823,739,0,739,18
2020-09-18,Merced,047,269075,8782,8691,12,8703,127
2020-09-18,Modoc,049,8938,27,22,0,22,0
2020-09-18,Mono,051,14174,165,147,1,148,1
2020-09-18,Monterey,053,433212,9537,9183,24,9207,64
2020-09-18,Napa,055,140530,1679,1604,5,1609,11
2020-09-18,Nevada,057,99092,530,504,14,518,6
2020-09-18,Orange,059,3164182,53565,50733,1421,52154,1107
2020-09-18,Placer,061,380077,3556,3389,12,3401,40
2020-09-18,Plumas,063,18699,49,45,0,45,0
2020-09-18,Riverside,065,2383286,57601,56248,131,56379,1143
2020-09-18,Sacramento,067,1510023,21855,21105,13,21118,391
2020-09-18,San Benito,069,59416,1305,1257,0,1257,8
2020-09-18,San Bernardino,071,2135413,52873,51106,355,51461,970
2020-09-18,San Diego,073,3302833,45807,44009,829,44838,757
2020-09-18,San Francisco,075,870044,10989,10644,25,10669,95
2020-09-18,San Joaquin,077,732212,19911,19531,45,19576,423
2020-09-18,San Luis Obispo,079,281455,3535,3328,16,3344,27
2020-09-18,San Mateo,081,765935,9883,9062,6,9068,127
2020-09-18,Santa Barbara,083,443738,9434,8824,62,8886,107
2020-09-18,Santa Clara,085,1922200,21179,20058,26,20084,252
2020-09-18,Santa Cruz,087,273765,2315,2180,28,2208,8
2020-09-18,Shasta,089,179085,836,668,3,671,14
2020-09-18,Sierra,091,2930,6,6,0,6,0
2020-09-18,Siskiyou,093,43540,153,146,10,156,0
2020-09-18,Solano,095,438530,6165,5961,41,6002,46
2020-09-18,Sonoma,097,501317,7204,6856,19,6875,114
2020-09-18,Stanislaus,099,539301,16332,16042,508,16550,277
2020-09-18,Sutter,101,95872,1648,1586,1,1587,10
2020-09-18,Tehama,103,63373,530,490,2,492,2
2020-09-18,Trinity,105,12862,37,15,5,20,0
2020-09-18,Tulare,107,460477,15857,15435,99,15534,259
2020-09-18,Tuolumne,109,53932,230,216,3,219,1
2020-09-18,Ventura,111,848112,12784,12236,136,12372,133
2020-09-18,Yolo,113,214977,2775,2732,6,2738,54
2020-09-18,Yuba,115,75493,1049,1020,5,1025,1
2020-09-17,Alameda,001,1643700,20868,20146,166,20312,339
2020-09-17,Alpine,003,1148,3,2,0,2,0
2020-09-17,Amador,005,37829,288,284,0,284,16
2020-09-17,Butte,007,227075,2852,2720,21,2741,38
2020-09-17,Calaveras,009,45235,305,254,0,254,9
2020-09-17,Colusa,011,21464,524,499,0,499,6
2020-09-17,Contra Costa,013,1133247,16466,15576,82,15658,184
2020-09-17,Del Norte,015,27424,133,131,0,131,2
2020-09-17,El Dorado,017,186661,1103,1057,0,1057,4
2020-09-17,Fresno,019,978130,29869,27487,348,27835,355
2020-09-17,Glenn,021,27897,566,541,0,541,3
2020-09-17,Humboldt,023,135768,484,466,1,467,5
2020-09-17,Imperial,025,180216,11672,10436,5,10441,281
2020-09-17,Inyo,027,18085,187,176,0,176,12
2020-09-17,Kern,029,883053,31522,30627,298,30925,372
2020-09-17,Kings,031,150075,7448,7015,38,7053,72
2020-09-17,Lake,033,64148,528,433,0,433,8
2020-09-17,Lassen,035,31185,739,731,2,733,0
2020-09-17,Los Angeles,037,10098052,261267,257246,1763,259009,6318
2020-09-17,Madera,039,155013,4414,4152,27,4179,45
2020-09-17,Marin,041,260295,6601,6457,15,6472,81
2020-09-17,Mariposa,043,17540,75,74,0,74,2
2020-09-17,Mendocino,045,87422,812,737,0,737,18
2020-09-17,Merced,047,269075,8763,8671,12,8683,119
2020-09-17,Modoc,049,8938,27,22,0,22,0
2020-09-17,Mono,051,14174,165,147,1,148,1
2020-09-17,Monterey,053,433212,9475,9113,23,9136,62
2020-09-17,Napa,055,140530,1668,1592,5,1597,11
2020-09-17,Nevada,057,99092,528,494,14,508,6
2020-09-17,Orange,059,3164182,53386,50537,1407,51944,1098
2020-09-17,Placer,061,380077,3535,3368,12,3380,40
2020-09-17,Plumas,063,18699,49,45,0,45,0
2020-09-17,Riverside,065,2383286,57376,56007,129,56136,1134
2020-09-17,Sacramento,067,1510023,21620,20895,13,20908,385
2020-09-17,San Benito,069,59416,1302,1252,0,1252,8
2020-09-17,San Bernardino,071,2135413,52672,50770,355,51125,904
2020-09-17,San Diego,073,3302833,45528,43621,817,44438,754
2020-09-17,San Francisco,075,870044,10894,10564,25,10589,95
2020-09-17,San Joaquin,077,732212,19852,19439,45,19484,416
2020-09-17,San Luis Obispo,079,281455,3508,3299,16,3315,27
2020-09-17,San Mateo,081,765935,9841,8984,6,8990,127
2020-09-17,Santa Barbara,083,443738,9410,8779,62,8841,107
2020-09-17,Santa Clara,085,1922200,21062,19825,26,19851,254
2020-09-17,Santa Cruz,087,273765,2299,2155,28,2183,7
2020-09-17,Shasta,089,179085,797,660,3,663,12
2020-09-17,Sierra,091,2930,6,6,0,6,0
2020-09-17,Siskiyou,093,43540,153,146,10,156,0
2020-09-17,Solano,095,438530,6142,5915,41,5956,44
2020-09-17,Sonoma,097,501317,7140,6754,19,6773,114
2020-09-17,Stanislaus,099,539301,16299,15984,504,16488,277
2020-09-17,Sutter,101,95872,1643,1572,1,1573,10
2020-09-17,Tehama,103,63373,516,487,2,489,2
2020-09-17,Trinity,105,12862,37,15,5,20,0
2020-09-17,Tulare,107,460477,15804,15344,97,15441,258
2020-09-17,Tuolumne,109,53932,229,214,3,217,1
2020-09-17,Ventura,111,848112,12699,12167,132,12299,130
2020-09-17,Yolo,113,214977,2766,2724,6,2730,53
2020-09-17,Yuba,115,75493,1045,1015,5,1020,1
2020-09-16,Alameda,001,1643700,20771,20009,164,20173,333
2020-09-16,Alpine,003,1148,3,2,0,2,0
2020-09-16,Amador,005,37829,288,284,0,284,16
2020-09-16,Butte,007,227075,2842,2704,21,2725,38
2020-09-16,Calaveras,009,45235,305,254,0,254,9
2020-09-16,Colusa,011,21464,522,497,0,497,6
2020-09-16,Contra Costa,013,1133247,16380,15473,82,15555,183
2020-09-16,Del Norte,015,27424,133,131,0,131,2
2020-09-16,El Dorado,017,186661,1095,1049,0,1049,4
2020-09-16,Fresno,019,978130,29763,27381,346,27727,343
2020-09-16,Glenn,021,27897,564,539,0,539,3
2020-09-16,Humboldt,023,135768,483,455,1,456,4
2020-09-16,Imperial,025,180216,11649,10401,5,10406,277
2020-09-16,Inyo,027,18085,186,176,0,176,12
2020-09-16,Kern,029,883053,31462,30570,297,30867,371
2020-09-16,Kings,031,150075,7423,7002,36,7038,71
2020-09-16,Lake,033,64148,517,417,0,417,6
2020-09-16,Lassen,035,31185,738,730,2,732,0
2020-09-16,Los Angeles,037,10098052,260270,256101,1744,257845,6299
2020-09-16,Madera,039,155013,4391,4138,27,4165,45
2020-09-16,Marin,041,260295,6573,6430,15,6445,77
2020-09-16,Mariposa,043,17540,75,74,0,74,2
2020-09-16,Mendocino,045,87422,803,727,0,727,18
2020-09-16,Merced,047,269075,8742,8646,12,8658,118
2020-09-16,Modoc,049,8938,27,22,0,22,0
2020-09-16,Mono,051,14174,165,147,1,148,1
2020-09-16,Monterey,053,433212,9421,8997,23,9020,62
2020-09-16,Napa,055,140530,1654,1587,5,1592,11
2020-09-16,Nevada,057,99092,523,495,13,508,6
2020-09-16,Orange,059,3164182,53186,50414,1398,51812,1096
2020-09-16,Placer,061,380077,3517,3351,12,3363,39
2020-09-16,Plumas,063,18699,49,45,0,45,0
2020-09-16,Riverside,065,2383286,57181,55811,121,55932,1127
2020-09-16,Sacramento,067,1510023,21526,20610,13,20623,377
2020-09-16,San Benito,069,59416,1294,1244,0,1244,8
2020-09-16,San Bernardino,071,2135413,52446,50509,354,50863,907
2020-09-16,San Diego,073,3302833,45236,43447,796,44243,748
2020-09-16,San Francisco,075,870044,10847,10502,25,10527,90
2020-09-16,San Joaquin,077,732212,19798,19377,44,19421,409
2020-09-16,San Luis Obispo,079,281455,3478,3285,16,3301,28
2020-09-16,San Mateo,081,765935,9776,8944,6,8950,127
2020-09-16,Santa Barbara,083,443738,9378,8764,62,8826,107
2020-09-16,Santa Clara,085,1922200,20943,19684,26,19710,253
2020-09-16,Santa Cruz,087,273765,2258,2089,27,2116,7
2020-09-16,Shasta,089,179085,771,635,3,638,11
2020-09-16,Sierra,091,2930,6,6,0,6,0
2020-09-16,Siskiyou,093,43540,152,145,10,155,0
2020-09-16,Solano,095,438530,6112,5899,41,5940,44
2020-09-16,Sonoma,097,501317,7079,6731,19,6750,104
2020-09-16,Stanislaus,099,539301,16251,15897,496,16393,263
2020-09-16,Sutter,101,95872,1630,1567,1,1568,10
2020-09-16,Tehama,103,63373,508,485,2,487,2
2020-09-16,Trinity,105,12862,37,15,5,20,0
2020-09-16,Tulare,107,460477,15762,15314,89,15403,258
2020-09-16,Tuolumne,109,53932,228,210,3,213,1
2020-09-16,Ventura,111,848112,12631,12073,131,12204,130
2020-09-16,Yolo,113,214977,2759,2709,6,2715,53
2020-09-16,Yuba,115,75493,1043,1000,5,1005,1
2020-09-15,Alameda,001,1643700,20664,19931,161,20092,327
2020-09-15,Alpine,003,1148,3,2,0,2,0
2020-09-15,Amador,005,37829,287,282,0,282,16
2020-09-15,Butte,007,227075,2829,2695,19,2714,38
2020-09-15,Calaveras,009,45235,305,248,0,248,5
2020-09-15,Colusa,011,21464,516,497,0,497,6
2020-09-15,Contra Costa,013,1133247,16277,15423,81,15504,180
2020-09-15,Del Norte,015,27424,133,129,0,129,2
2020-09-15,El Dorado,017,186661,1090,1046,0,1046,4
2020-09-15,Fresno,019,978130,29657,27312,341,27653,343
2020-09-15,Glenn,021,27897,563,531,0,531,3
2020-09-15,Humboldt,023,135768,481,456,1,457,4
2020-09-15,Imperial,025,180216,11624,10376,5,10381,277
2020-09-15,Inyo,027,18085,186,176,0,176,12
2020-09-15,Kern,029,883053,31349,30429,294,30723,368
2020-09-15,Kings,031,150075,7265,6977,36,7013,70
2020-09-15,Lake,033,64148,503,416,0,416,4
2020-09-15,Lassen,035,31185,734,719,2,721,0
2020-09-15,Los Angeles,037,10098052,259158,255048,1719,256767,6269
2020-09-15,Madera,039,155013,4372,4122,27,4149,45
2020-09-15,Marin,041,260295,6542,6423,15,6438,77
2020-09-15,Mariposa,043,17540,75,74,0,74,2
2020-09-15,Mendocino,045,87422,785,724,0,724,18
2020-09-15,Merced,047,269075,8712,8633,12,8645,114
2020-09-15,Modoc,049,8938,26,21,0,21,0
2020-09-15,Mono,051,14174,165,147,1,148,1
2020-09-15,Monterey,053,433212,9372,8943,23,8966,62
2020-09-15,Napa,055,140530,1640,1580,5,1585,11
2020-09-15,Nevada,057,99092,518,494,13,507,6
2020-09-15,Orange,059,3164182,53004,50294,1383,51677,1088
2020-09-15,Placer,061,380077,3493,3331,12,3343,38
2020-09-15,Plumas,063,18699,49,44,0,44,0
2020-09-15,Riverside,065,2383286,56888,55569,111,55680,1118
2020-09-15,Sacramento,067,1510023,21384,20487,13,20500,372
2020-09-15,San Benito,069,59416,1287,1237,0,1237,7
2020-09-15,San Bernardino,071,2135413,52230,50333,353,50686,904
2020-09-15,San Diego,073,3302833,44918,43183,775,43958,742
2020-09-15,San Francisco,075,870044,10789,10414,25,10439,90
2020-09-15,San Joaquin,077,732212,19746,19313,44,19357,401
2020-09-15,San Luis Obispo,079,281455,3457,3262,16,3278,28
2020-09-15,San Mateo,081,765935,9706,8895,6,8901,127
2020-09-15,Santa Barbara,083,443738,9353,8724,61,8785,104
2020-09-15,Santa Clara,085,1922200,20807,19610,26,19636,252
2020-09-15,Santa Cruz,087,273765,2232,2079,26,2105,7
2020-09-15,Shasta,089,179085,759,627,3,630,11
2020-09-15,Sierra,091,2930,6,6,0,6,0
2020-09-15,Siskiyou,093,43540,152,143,10,153,0
2020-09-15,Solano,095,438530,6078,5878,41,5919,45
2020-09-15,Sonoma,097,501317,7040,6701,19,6720,104
2020-09-15,Stanislaus,099,539301,16203,15880,494,16374,260
2020-09-15,Sutter,101,95872,1618,1556,1,1557,10
2020-09-15,Tehama,103,63373,496,484,2,486,2
2020-09-15,Trinity,105,12862,37,15,5,20,0
2020-09-15,Tulare,107,460477,15685,15203,87,15290,254
2020-09-15,Tuolumne,109,53932,228,209,3,212,1
2020-09-15,Ventura,111,848112,12579,11932,130,12062,128
2020-09-15,Yolo,113,214977,2755,2708,6,2714,53
2020-09-15,Yuba,115,75493,1037,991,4,995,1
2020-09-14,Alameda,001,1643700,20537,19851,160,20011,306
2020-09-14,Alpine,003,1148,3,2,0,2,0
2020-09-14,Amador,005,37829,285,281,0,281,16
2020-09-14,Butte,007,227075,2812,2642,19,2661,37
2020-09-14,Calaveras,009,45235,305,244,0,244,3
2020-09-14,Colusa,011,21464,515,486,0,486,6
2020-09-14,Contra Costa,013,1133247,16152,15354,80,15434,174
2020-09-14,Del Norte,015,27424,130,116,0,116,2
2020-09-14,El Dorado,017,186661,1086,1039,0,1039,3
2020-09-14,Fresno,019,978130,29572,27232,338,27570,344
2020-09-14,Glenn,021,27897,555,521,0,521,3
2020-09-14,Humboldt,023,135768,478,437,1,438,4
2020-09-14,Imperial,025,180216,11604,10340,5,10345,273
2020-09-14,Inyo,027,18085,186,176,0,176,12
2020-09-14,Kern,029,883053,31262,30344,291,30635,368
2020-09-14,Kings,031,150075,7183,6950,36,6986,70
2020-09-14,Lake,033,64148,483,407,0,407,4
2020-09-14,Lassen,035,31185,734,719,2,721,0
2020-09-14,Los Angeles,037,10098052,258128,254622,1690,256312,6226
2020-09-14,Madera,039,155013,4358,4104,27,4131,45
2020-09-14,Marin,041,260295,6521,6409,15,6424,70
2020-09-14,Mariposa,043,17540,75,74,0,74,2
2020-09-14,Mendocino,045,87422,768,710,0,710,17
2020-09-14,Merced,047,269075,8693,8593,12,8605,112
2020-09-14,Modoc,049,8938,26,21,0,21,0
2020-09-14,Mono,051,14174,165,147,1,148,1
2020-09-14,Monterey,053,433212,9301,8845,22,8867,61
2020-09-14,Napa,055,140530,1623,1576,5,1581,11
2020-09-14,Nevada,057,99092,513,489,13,502,6
2020-09-14,Orange,059,3164182,52845,50149,1366,51515,1079
2020-09-14,Placer,061,380077,3472,3302,12,3314,38
2020-09-14,Plumas,063,18699,48,42,0,42,0
2020-09-14,Riverside,065,2383286,56669,55488,105,55593,1113
2020-09-14,Sacramento,067,1510023,21189,20377,12,20389,367
2020-09-14,San Benito,069,59416,1272,1233,0,1233,7
2020-09-14,San Bernardino,071,2135413,52006,50163,352,50515,895
2020-09-14,San Diego,073,3302833,44607,42889,755,43644,734
2020-09-14,San Francisco,075,870044,10722,10255,23,10278,90
2020-09-14,San Joaquin,077,732212,19672,19111,43,19154,397
2020-09-14,San Luis Obispo,079,281455,3432,3248,16,3264,25
2020-09-14,San Mateo,081,765935,9644,8847,6,8853,127
2020-09-14,Santa Barbara,083,443738,9327,8692,61,8753,104
2020-09-14,Santa Clara,085,1922200,20619,19545,26,19571,247
2020-09-14,Santa Cruz,087,273765,2212,2016,23,2039,7
2020-09-14,Shasta,089,179085,737,584,3,587,10
2020-09-14,Sierra,091,2930,6,6,0,6,0
2020-09-14,Siskiyou,093,43540,151,143,10,153,0
2020-09-14,Solano,095,438530,6043,5834,41,5875,44
2020-09-14,Sonoma,097,501317,6977,6630,19,6649,102
2020-09-14,Stanislaus,099,539301,16158,15812,491,16303,253
2020-09-14,Sutter,101,95872,1607,1549,1,1550,10
2020-09-14,Tehama,103,63373,493,475,2,477,1
2020-09-14,Trinity,105,12862,36,14,5,19,0
2020-09-14,Tulare,107,460477,15616,15096,81,15177,254
2020-09-14,Tuolumne,109,53932,227,208,3,211,1
2020-09-14,Ventura,111,848112,12478,11903,127,12030,125
2020-09-14,Yolo,113,214977,2744,2687,6,2693,53
2020-09-14,Yuba,115,75493,1029,977,4,981,1
2020-09-13,Alameda,001,1643700,20431,19815,157,19972,306
2020-09-13,Alpine,003,1148,3,2,0,2,0
2020-09-13,Amador,005,37829,282,279,0,279,16
2020-09-13,Butte,007,227075,2790,2640,19,2659,37
2020-09-13,Calaveras,009,45235,304,246,0,246,3
2020-09-13,Colusa,011,21464,511,486,0,486,6
2020-09-13,Contra Costa,013,1133247,16046,15284,79,15363,172
2020-09-13,Del Norte,015,27424,127,116,0,116,1
2020-09-13,El Dorado,017,186661,1081,1035,0,1035,2
2020-09-13,Fresno,019,978130,29465,27196,329,27525,345
2020-09-13,Glenn,021,27897,551,517,0,517,3
2020-09-13,Humboldt,023,135768,478,434,1,435,4
2020-09-13,Imperial,025,180216,11567,10304,5,10309,273
2020-09-13,Inyo,027,18085,186,176,0,176,12
2020-09-13,Kern,029,883053,31169,30277,284,30561,368
2020-09-13,Kings,031,150075,7164,6937,36,6973,70
2020-09-13,Lake,033,64148,464,397,0,397,4
2020-09-13,Lassen,035,31185,731,719,2,721,0
2020-09-13,Los Angeles,037,10098052,256980,253950,1674,255624,6203
2020-09-13,Madera,039,155013,4301,4090,27,4117,45
2020-09-13,Marin,041,260295,6500,6395,15,6410,70
2020-09-13,Mariposa,043,17540,75,74,0,74,2
2020-09-13,Mendocino,045,87422,761,707,0,707,17
2020-09-13,Merced,047,269075,8659,8575,12,8587,112
2020-09-13,Modoc,049,8938,26,21,0,21,0
2020-09-13,Mono,051,14174,165,147,1,148,1
2020-09-13,Monterey,053,433212,9219,8826,21,8847,61
2020-09-13,Napa,055,140530,1616,1563,5,1568,11
2020-09-13,Nevada,057,99092,505,486,13,499,6
2020-09-13,Orange,059,3164182,52632,50061,1359,51420,1075
2020-09-13,Placer,061,380077,3442,3291,12,3303,38
2020-09-13,Plumas,063,18699,48,42,0,42,0
2020-09-13,Riverside,065,2383286,56460,55235,94,55329,1108
2020-09-13,Sacramento,067,1510023,20843,20279,12,20291,367
2020-09-13,San Benito,069,59416,1264,1217,0,1217,7
2020-09-13,San Bernardino,071,2135413,51721,49968,350,50318,895
2020-09-13,San Diego,073,3302833,44282,42681,720,43401,734
2020-09-13,San Francisco,075,870044,10644,10254,23,10277,90
2020-09-13,San Joaquin,077,732212,19600,19110,42,19152,396
2020-09-13,San Luis Obispo,079,281455,3396,3240,16,3256,24
2020-09-13,San Mateo,081,765935,9583,8811,6,8817,127
2020-09-13,Santa Barbara,083,443738,9290,8690,61,8751,104
2020-09-13,Santa Clara,085,1922200,20484,19456,25,19481,245
2020-09-13,Santa Cruz,087,273765,2179,2016,21,2037,7
2020-09-13,Shasta,089,179085,725,583,3,586,10
2020-09-13,Sierra,091,2930,6,6,0,6,0
2020-09-13,Siskiyou,093,43540,151,143,9,152,0
2020-09-13,Solano,095,438530,5997,5810,41,5851,43
2020-09-13,Sonoma,097,501317,6912,6592,19,6611,95
2020-09-13,Stanislaus,099,539301,16095,15759,479,16238,253
2020-09-13,Sutter,101,95872,1595,1539,1,1540,10
2020-09-13,Tehama,103,63373,489,476,2,478,1
2020-09-13,Trinity,105,12862,36,14,5,19,0
2020-09-13,Tulare,107,460477,15544,15098,80,15178,254
2020-09-13,Tuolumne,109,53932,224,208,3,211,1
2020-09-13,Ventura,111,848112,12373,11855,126,11981,123
2020-09-13,Yolo,113,214977,2732,2675,6,2681,53
2020-09-13,Yuba,115,75493,1024,967,4,971,1
2020-09-12,Alameda,001,1643700,20372,19758,157,19915,307
2020-09-12,Alpine,003,1148,3,2,0,2,0
2020-09-12,Amador,005,37829,281,278,0,278,16
2020-09-12,Butte,007,227075,2783,2629,18,2647,37
2020-09-12,Calaveras,009,45235,302,246,0,246,3
2020-09-12,Colusa,011,21464,507,486,0,486,6
2020-09-12,Contra Costa,013,1133247,15973,15135,78,15213,174
2020-09-12,Del Norte,015,27424,126,116,0,116,1
2020-09-12,El Dorado,017,186661,1074,1034,0,1034,2
2020-09-12,Fresno,019,978130,29394,27076,329,27405,345
2020-09-12,Glenn,021,27897,550,517,0,517,3
2020-09-12,Humboldt,023,135768,477,430,1,431,4
2020-09-12,Imperial,025,180216,11555,10305,5,10310,273
2020-09-12,Inyo,027,18085,186,177,0,177,12
2020-09-12,Kern,029,883053,31103,30202,284,30486,368
2020-09-12,Kings,031,150075,7154,6895,36,6931,70
2020-09-12,Lake,033,64148,458,393,0,393,4
2020-09-12,Lassen,035,31185,731,719,2,721,0
2020-09-12,Los Angeles,037,10098052,256421,253156,1653,254809,6193
2020-09-12,Madera,039,155013,4290,4058,27,4085,43
2020-09-12,Marin,041,260295,6491,6393,15,6408,69
2020-09-12,Mariposa,043,17540,75,72,0,72,2
2020-09-12,Mendocino,045,87422,758,700,0,700,17
2020-09-12,Merced,047,269075,8650,8533,12,8545,112
2020-09-12,Modoc,049,8938,25,21,0,21,0
2020-09-12,Mono,051,14174,165,147,1,148,1
2020-09-12,Monterey,053,433212,9183,8743,21,8764,61
2020-09-12,Napa,055,140530,1613,1556,5,1561,11
2020-09-12,Nevada,057,99092,504,482,13,495,6
2020-09-12,Orange,059,3164182,52519,49895,1355,51250,1078
2020-09-12,Placer,061,380077,3425,3280,12,3292,38
2020-09-12,Plumas,063,18699,48,42,0,42,0
2020-09-12,Riverside,065,2383286,56333,55058,89,55147,1108
2020-09-12,Sacramento,067,1510023,20774,20184,12,20196,367
2020-09-12,San Benito,069,59416,1261,1208,0,1208,7
2020-09-12,San Bernardino,071,2135413,51630,49945,348,50293,896
2020-09-12,San Diego,073,3302833,44088,42416,711,43127,747
2020-09-12,San Francisco,075,870044,10599,10257,23,10280,90
2020-09-12,San Joaquin,077,732212,19572,19108,42,19150,396
2020-09-12,San Luis Obispo,079,281455,3370,3220,16,3236,24
2020-09-12,San Mateo,081,765935,9538,8759,6,8765,127
2020-09-12,Santa Barbara,083,443738,9275,8642,61,8703,104
2020-09-12,Santa Clara,085,1922200,20400,19330,25,19355,237
2020-09-12,Santa Cruz,087,273765,2167,2016,21,2037,7
2020-09-12,Shasta,089,179085,713,569,3,572,10
2020-09-12,Sierra,091,2930,6,6,0,6,0
2020-09-12,Siskiyou,093,43540,151,141,9,150,0
2020-09-12,Solano,095,438530,5973,5772,41,5813,43
2020-09-12,Sonoma,097,501317,6888,6531,19,6550,95
2020-09-12,Stanislaus,099,539301,16063,15675,476,16151,253
2020-09-12,Sutter,101,95872,1589,1529,1,1530,10
2020-09-12,Tehama,103,63373,486,471,2,473,1
2020-09-12,Trinity,105,12862,36,15,5,20,0
2020-09-12,Tulare,107,460477,15499,15018,79,15097,254
2020-09-12,Tuolumne,109,53932,224,208,3,211,1
2020-09-12,Ventura,111,848112,12322,11759,124,11883,123
2020-09-12,Yolo,113,214977,2725,2646,6,2652,53
2020-09-12,Yuba,115,75493,1020,963,4,967,1
2020-09-11,Alameda,001,1643700,20317,19625,156,19781,298
2020-09-11,Alpine,003,1148,3,2,0,2,0
2020-09-11,Amador,005,37829,281,277,0,277,16
2020-09-11,Butte,007,227075,2772,2605,18,2623,37
2020-09-11,Calaveras,009,45235,301,242,0,242,1
2020-09-11,Colusa,011,21464,506,484,0,484,6
2020-09-11,Contra Costa,013,1133247,15920,15001,75,15076,173
2020-09-11,Del Norte,015,27424,126,115,0,115,1
2020-09-11,El Dorado,017,186661,1071,1024,0,1024,2
2020-09-11,Fresno,019,978130,29314,26917,328,27245,344
2020-09-11,Glenn,021,27897,545,515,0,515,3
2020-09-11,Humboldt,023,135768,475,426,1,427,4
2020-09-11,Imperial,025,180216,11537,10286,5,10291,273
2020-09-11,Inyo,027,18085,186,176,0,176,12
2020-09-11,Kern,029,883053,31035,30059,283,30342,365
2020-09-11,Kings,031,150075,7137,6770,36,6806,70
2020-09-11,Lake,033,64148,451,382,0,382,4
2020-09-11,Lassen,035,31185,731,719,2,721,0
2020-09-11,Los Angeles,037,10098052,255740,252057,1642,253699,6172
2020-09-11,Madera,039,155013,4271,4018,27,4045,43
2020-09-11,Marin,041,260295,6488,6364,15,6379,69
2020-09-11,Mariposa,043,17540,75,72,0,72,2
2020-09-11,Mendocino,045,87422,747,700,0,700,17
2020-09-11,Merced,047,269075,8629,8489,12,8501,109
2020-09-11,Modoc,049,8938,25,21,0,21,0
2020-09-11,Mono,051,14174,165,145,1,146,1
2020-09-11,Monterey,053,433212,9135,8595,21,8616,61
2020-09-11,Napa,055,140530,1602,1543,5,1548,11
2020-09-11,Nevada,057,99092,497,483,13,496,6
2020-09-11,Orange,059,3164182,52392,49755,1342,51097,1068
2020-09-11,Placer,061,380077,3410,3254,12,3266,37
2020-09-11,Plumas,063,18699,48,42,0,42,0
2020-09-11,Riverside,065,2383286,56200,54717,86,54803,1099
2020-09-11,Sacramento,067,1510023,20689,20012,12,20024,358
2020-09-11,San Benito,069,59416,1251,1202,0,1202,7
2020-09-11,San Bernardino,071,2135413,51530,49682,348,50030,871
2020-09-11,San Diego,073,3302833,43868,41971,705,42676,730
2020-09-11,San Francisco,075,870044,10551,10133,22,10155,89
2020-09-11,San Joaquin,077,732212,19525,19019,42,19061,391
2020-09-11,San Luis Obispo,079,281455,3352,3190,16,3206,24
2020-09-11,San Mateo,081,765935,9496,8611,6,8617,127
2020-09-11,Santa Barbara,083,443738,9241,8592,60,8652,103
2020-09-11,Santa Clara,085,1922200,20311,19065,25,19090,234
2020-09-11,Santa Cruz,087,273765,2150,1997,21,2018,7
2020-09-11,Shasta,089,179085,703,568,3,571,10
2020-09-11,Sierra,091,2930,6,6,0,6,0
2020-09-11,Siskiyou,093,43540,150,139,9,148,0
2020-09-11,Solano,095,438530,5956,5742,41,5783,42
2020-09-11,Sonoma,097,501317,6843,6469,19,6488,91
2020-09-11,Stanislaus,099,539301,16025,15613,473,16086,253
2020-09-11,Sutter,101,95872,1579,1505,1,1506,11
2020-09-11,Tehama,103,63373,483,466,2,468,1
2020-09-11,Trinity,105,12862,36,16,5,21,0
2020-09-11,Tulare,107,460477,15468,14932,77,15009,251
2020-09-11,Tuolumne,109,53932,224,208,3,211,1
2020-09-11,Ventura,111,848112,12268,11700,122,11822,123
2020-09-11,Yolo,113,214977,2714,2632,6,2638,53
2020-09-11,Yuba,115,75493,1012,946,4,950,1
2020-09-10,Alameda,001,1643700,20243,19509,156,19665,292
2020-09-10,Alpine,003,1148,3,2,0,2,0
2020-09-10,Amador,005,37829,280,277,0,277,16
2020-09-10,Butte,007,227075,2755,2590,18,2608,37
2020-09-10,Calaveras,009,45235,301,244,0,244,1
2020-09-10,Colusa,011,21464,504,482,0,482,6
2020-09-10,Contra Costa,013,1133247,15850,14909,75,14984,172
2020-09-10,Del Norte,015,27424,125,112,0,112,1
2020-09-10,El Dorado,017,186661,1068,1020,0,1020,2
2020-09-10,Fresno,019,978130,29193,26783,328,27111,338
2020-09-10,Glenn,021,27897,535,511,0,511,3
2020-09-10,Humboldt,023,135768,464,422,1,423,4
2020-09-10,Imperial,025,180216,11521,10251,5,10256,270
2020-09-10,Inyo,027,18085,185,176,0,176,11
2020-09-10,Kern,029,883053,30952,29988,279,30267,363
2020-09-10,Kings,031,150075,7107,6739,36,6775,70
2020-09-10,Lake,033,64148,444,377,0,377,4
2020-09-10,Lassen,035,31185,730,716,2,718,0
2020-09-10,Los Angeles,037,10098052,254760,251003,1620,252623,6132
2020-09-10,Madera,039,155013,4253,3979,27,4006,43
2020-09-10,Marin,041,260295,6477,6344,15,6359,68
2020-09-10,Mariposa,043,17540,75,72,0,72,2
2020-09-10,Mendocino,045,87422,737,697,0,697,16
2020-09-10,Merced,047,269075,8583,8461,12,8473,109
2020-09-10,Modoc,049,8938,25,21,0,21,0
2020-09-10,Mono,051,14174,165,145,1,146,1
2020-09-10,Monterey,053,433212,9065,8570,21,8591,59
2020-09-10,Napa,055,140530,1596,1536,5,1541,11
2020-09-10,Nevada,057,99092,493,478,13,491,6
2020-09-10,Orange,059,3164182,52229,49617,1335,50952,1057
2020-09-10,Placer,061,380077,3391,3233,12,3245,37
2020-09-10,Plumas,063,18699,48,42,0,42,0
2020-09-10,Riverside,065,2383286,55882,54417,83,54500,1091
2020-09-10,Sacramento,067,1510023,20567,19618,11,19629,354
2020-09-10,San Benito,069,59416,1245,1201,0,1201,5
2020-09-10,San Bernardino,071,2135413,51341,49467,346,49813,867
2020-09-10,San Diego,073,3302833,43602,41610,678,42288,725
2020-09-10,San Francisco,075,870044,10474,10082,22,10104,89
2020-09-10,San Joaquin,077,732212,19472,18854,42,18896,389
2020-09-10,San Luis Obispo,079,281455,3339,3161,16,3177,24
2020-09-10,San Mateo,081,765935,9450,8529,6,8535,125
2020-09-10,Santa Barbara,083,443738,9197,8552,60,8612,100
2020-09-10,Santa Clara,085,1922200,20197,18870,25,18895,231
2020-09-10,Santa Cruz,087,273765,2135,1986,19,2005,7
2020-09-10,Shasta,089,179085,692,566,3,569,10
2020-09-10,Sierra,091,2930,6,6,0,6,0
2020-09-10,Siskiyou,093,43540,150,137,9,146,0
2020-09-10,Solano,095,438530,5916,5696,41,5737,42
2020-09-10,Sonoma,097,501317,6794,6424,19,6443,91
2020-09-10,Stanislaus,099,539301,15971,15509,468,15977,243
2020-09-10,Sutter,101,95872,1567,1494,1,1495,11
2020-09-10,Tehama,103,63373,476,466,2,468,1
2020-09-10,Trinity,105,12862,36,15,5,20,0
2020-09-10,Tulare,107,460477,15413,14860,74,14934,250
2020-09-10,Tuolumne,109,53932,223,205,3,208,1
2020-09-10,Ventura,111,848112,12175,11600,115,11715,122
2020-09-10,Yolo,113,214977,2709,2612,6,2618,53
2020-09-10,Yuba,115,75493,1006,941,4,945,1
2020-09-09,Alameda,001,1643700,20164,19399,155,19554,289
2020-09-09,Alpine,003,1148,3,2,0,2,0
2020-09-09,Amador,005,37829,279,276,0,276,16
2020-09-09,Butte,007,227075,2738,2561,18,2579,37
2020-09-09,Calaveras,009,45235,301,242,0,242,1
2020-09-09,Colusa,011,21464,499,479,0,479,6
2020-09-09,Contra Costa,013,1133247,15764,14816,75,14891,171
2020-09-09,Del Norte,015,27424,121,109,0,109,1
2020-09-09,El Dorado,017,186661,1067,1020,0,1020,2
2020-09-09,Fresno,019,978130,29090,26724,323,27047,329
2020-09-09,Glenn,021,27897,532,508,0,508,3
2020-09-09,Humboldt,023,135768,462,420,1,421,4
2020-09-09,Imperial,025,180216,11500,10233,5,10238,268
2020-09-09,Inyo,027,18085,184,173,0,173,2
2020-09-09,Kern,029,883053,30853,29925,276,30201,355
2020-09-09,Kings,031,150075,7089,6721,36,6757,72
2020-09-09,Lake,033,64148,436,371,0,371,4
2020-09-09,Lassen,035,31185,729,714,2,716,0
2020-09-09,Los Angeles,037,10098052,253877,249876,1601,251477,6091
2020-09-09,Madera,039,155013,4227,3926,27,3953,43
2020-09-09,Marin,041,260295,6458,6321,15,6336,68
2020-09-09,Mariposa,043,17540,74,72,0,72,2
2020-09-09,Mendocino,045,87422,729,695,0,695,16
2020-09-09,Merced,047,269075,8557,8441,12,8453,107
2020-09-09,Modoc,049,8938,24,20,0,20,0
2020-09-09,Mono,051,14174,165,145,1,146,1
2020-09-09,Monterey,053,433212,8993,8527,21,8548,59
2020-09-09,Napa,055,140530,1586,1531,5,1536,11
2020-09-09,Nevada,057,99092,489,476,13,489,6
2020-09-09,Orange,059,3164182,52050,49394,1327,50721,1054
2020-09-09,Placer,061,380077,3371,3222,12,3234,36
2020-09-09,Plumas,063,18699,46,42,0,42,0
2020-09-09,Riverside,065,2383286,55653,54320,80,54400,1081
2020-09-09,Sacramento,067,1510023,20461,19474,11,19485,347
2020-09-09,San Benito,069,59416,1241,1199,0,1199,5
2020-09-09,San Bernardino,071,2135413,51143,49264,345,49609,866
2020-09-09,San Diego,073,3302833,43313,41326,666,41992,721
2020-09-09,San Francisco,075,870044,10424,9996,21,10017,86
2020-09-09,San Joaquin,077,732212,19408,18799,41,18840,388
2020-09-09,San Luis Obispo,079,281455,3321,3131,16,3147,24
2020-09-09,San Mateo,081,765935,9389,8478,6,8484,125
2020-09-09,Santa Barbara,083,443738,9154,8528,60,8588,97
2020-09-09,Santa Clara,085,1922200,20065,18759,25,18784,228
2020-09-09,Santa Cruz,087,273765,2112,1967,19,1986,7
2020-09-09,Shasta,089,179085,680,562,3,565,10
2020-09-09,Sierra,091,2930,6,6,0,6,0
2020-09-09,Siskiyou,093,43540,148,137,9,146,0
2020-09-09,Solano,095,438530,5884,5680,41,5721,36
2020-09-09,Sonoma,097,501317,6727,6397,19,6416,92
2020-09-09,Stanislaus,099,539301,15933,15469,455,15924,243
2020-09-09,Sutter,101,95872,1559,1487,1,1488,11
2020-09-09,Tehama,103,63373,473,462,2,464,1
2020-09-09,Trinity,105,12862,36,14,5,19,0
2020-09-09,Tulare,107,460477,15364,14787,69,14856,249
2020-09-09,Tuolumne,109,53932,222,204,3,207,1
2020-09-09,Ventura,111,848112,12087,11497,112,11609,121
2020-09-09,Yolo,113,214977,2698,2604,6,2610,53
2020-09-09,Yuba,115,75493,1001,936,4,940,1
2020-09-08,Alameda,001,1643700,20056,19293,155,19448,288
2020-09-08,Alpine,003,1148,3,2,0,2,0
2020-09-08,Amador,005,37829,279,276,0,276,16
2020-09-08,Butte,007,227075,2720,2453,18,2471,36
2020-09-08,Calaveras,009,45235,299,233,0,233,1
2020-09-08,Colusa,011,21464,497,475,0,475,6
2020-09-08,Contra Costa,013,1133247,15636,14740,72,14812,171
2020-09-08,Del Norte,015,27424,121,109,0,109,2
2020-09-08,El Dorado,017,186661,1064,1011,0,1011,2
2020-09-08,Fresno,019,978130,28971,26640,319,26959,329
2020-09-08,Glenn,021,27897,528,492,0,492,3
2020-09-08,Humboldt,023,135768,460,420,1,421,4
2020-09-08,Imperial,025,180216,11484,10198,5,10203,267
2020-09-08,Inyo,027,18085,184,169,0,169,2
2020-09-08,Kern,029,883053,30767,29850,274,30124,351
2020-09-08,Kings,031,150075,7051,6658,36,6694,72
2020-09-08,Lake,033,64148,426,370,0,370,4
2020-09-08,Lassen,035,31185,729,710,2,712,0
2020-09-08,Los Angeles,037,10098052,252942,249217,1573,250790,6034
2020-09-08,Madera,039,155013,4203,3904,27,3931,43
2020-09-08,Marin,041,260295,6427,6313,15,6328,68
2020-09-08,Mariposa,043,17540,74,72,0,72,2
2020-09-08,Mendocino,045,87422,722,690,0,690,16
2020-09-08,Merced,047,269075,8534,8381,12,8393,104
2020-09-08,Modoc,049,8938,24,20,0,20,0
2020-09-08,Mono,051,14174,165,145,1,146,1
2020-09-08,Monterey,053,433212,8908,8491,21,8512,59
2020-09-08,Napa,055,140530,1582,1518,5,1523,11
2020-09-08,Nevada,057,99092,489,470,13,483,6
2020-09-08,Orange,059,3164182,51909,49214,1323,50537,1044
2020-09-08,Placer,061,380077,3357,3205,12,3217,36
2020-09-08,Plumas,063,18699,46,42,0,42,0
2020-09-08,Riverside,065,2383286,55441,54168,77,54245,1069
2020-09-08,Sacramento,067,1510023,20226,19411,11,19422,347
2020-09-08,San Benito,069,59416,1234,1188,0,1188,5
2020-09-08,San Bernardino,071,2135413,50954,49034,344,49378,856
2020-09-08,San Diego,073,3302833,42997,41079,654,41733,709
2020-09-08,San Francisco,075,870044,10351,9821,21,9842,86
2020-09-08,San Joaquin,077,732212,19330,18550,41,18591,388
2020-09-08,San Luis Obispo,079,281455,3307,3120,16,3136,23
2020-09-08,San Mateo,081,765935,9313,8460,6,8466,125
2020-09-08,Santa Barbara,083,443738,9120,8488,59,8547,96
2020-09-08,Santa Clara,085,1922200,19888,18645,25,18670,228
2020-09-08,Santa Cruz,087,273765,2084,1903,19,1922,7
2020-09-08,Shasta,089,179085,672,556,3,559,10
2020-09-08,Sierra,091,2930,6,6,0,6,0
2020-09-08,Siskiyou,093,43540,146,136,9,145,0
2020-09-08,Solano,095,438530,5847,5654,41,5695,36
2020-09-08,Sonoma,097,501317,6658,6356,19,6375,92
2020-09-08,Stanislaus,099,539301,15869,15415,443,15858,238
2020-09-08,Sutter,101,95872,1544,1473,1,1474,11
2020-09-08,Tehama,103,63373,469,458,2,460,1
2020-09-08,Trinity,105,12862,35,13,5,18,0
2020-09-08,Tulare,107,460477,15284,14635,68,14703,249
2020-09-08,Tuolumne,109,53932,221,197,3,200,1
2020-09-08,Ventura,111,848112,12019,11475,110,11585,118
2020-09-08,Yolo,113,214977,2688,2580,6,2586,53
2020-09-08,Yuba,115,75493,989,923,4,927,1
2020-09-07,Alameda,001,1643700,19934,19188,150,19338,281
2020-09-07,Alpine,003,1148,3,2,0,2,0
2020-09-07,Amador,005,37829,279,276,0,276,16
2020-09-07,Butte,007,227075,2687,2450,17,2467,30
2020-09-07,Calaveras,009,45235,289,234,0,234,1
2020-09-07,Colusa,011,21464,496,475,0,475,6
2020-09-07,Contra Costa,013,1133247,15523,14637,69,14706,172
2020-09-07,Del Norte,015,27424,121,109,0,109,2
2020-09-07,El Dorado,017,186661,1053,1011,0,1011,2
2020-09-07,Fresno,019,978130,28877,26565,316,26881,329
2020-09-07,Glenn,021,27897,523,488,0,488,3
2020-09-07,Humboldt,023,135768,451,416,1,417,4
2020-09-07,Imperial,025,180216,11453,10199,5,10204,267
2020-09-07,Inyo,027,18085,184,169,0,169,2
2020-09-07,Kern,029,883053,30646,29790,269,30059,348
2020-09-07,Kings,031,150075,6927,6630,36,6666,72
2020-09-07,Lake,033,64148,403,367,0,367,2
2020-09-07,Lassen,035,31185,729,709,2,711,0
2020-09-07,Los Angeles,037,10098052,251896,248804,1550,250354,6030
2020-09-07,Madera,039,155013,4172,3889,27,3916,43
2020-09-07,Marin,041,260295,6397,6296,15,6311,67
2020-09-07,Mariposa,043,17540,74,72,0,72,2
2020-09-07,Mendocino,045,87422,714,687,0,687,16
2020-09-07,Merced,047,269075,8487,8381,12,8393,104
2020-09-07,Modoc,049,8938,23,20,0,20,0
2020-09-07,Mono,051,14174,165,145,1,146,1
2020-09-07,Monterey,053,433212,8829,8463,21,8484,57
2020-09-07,Napa,055,140530,1570,1514,5,1519,11
2020-09-07,Nevada,057,99092,487,469,13,482,6
2020-09-07,Orange,059,3164182,51738,49132,1319,50451,1042
2020-09-07,Placer,061,380077,3326,3188,11,3199,36
2020-09-07,Plumas,063,18699,45,42,0,42,0
2020-09-07,Riverside,065,2383286,55166,54178,71,54249,1069
2020-09-07,Sacramento,067,1510023,19983,19292,11,19303,345
2020-09-07,San Benito,069,59416,1228,1180,0,1180,4
2020-09-07,San Bernardino,071,2135413,50730,49043,342,49385,821
2020-09-07,San Diego,073,3302833,42597,40868,627,41495,708
2020-09-07,San Francisco,075,870044,10301,9813,20,9833,85
2020-09-07,San Joaquin,077,732212,19249,18552,39,18591,386
2020-09-07,San Luis Obispo,079,281455,3270,3116,16,3132,23
2020-09-07,San Mateo,081,765935,9231,8409,6,8415,125
2020-09-07,Santa Barbara,083,443738,9078,8479,59,8538,95
2020-09-07,Santa Clara,085,1922200,19730,18596,24,18620,226
2020-09-07,Santa Cruz,087,273765,2056,1902,19,1921,7
2020-09-07,Shasta,089,179085,662,556,3,559,10
2020-09-07,Sierra,091,2930,6,6,0,6,0
2020-09-07,Siskiyou,093,43540,145,133,9,142,0
2020-09-07,Solano,095,438530,5782,5640,41,5681,36
2020-09-07,Sonoma,097,501317,6591,6268,19,6287,85
2020-09-07,Stanislaus,099,539301,15804,15343,430,15773,236
2020-09-07,Sutter,101,95872,1527,1468,1,1469,11
2020-09-07,Tehama,103,63373,466,453,2,455,1
2020-09-07,Trinity,105,12862,35,13,5,18,0
2020-09-07,Tulare,107,460477,15178,14637,66,14703,249
2020-09-07,Tuolumne,109,53932,220,196,3,199,1
2020-09-07,Ventura,111,848112,11926,11463,108,11571,118
2020-09-07,Yolo,113,214977,2671,2565,5,2570,53
2020-09-07,Yuba,115,75493,973,923,3,926,1
2020-09-06,Alameda,001,1643700,19876,19029,148,19177,281
2020-09-06,Alpine,003,1148,3,2,0,2,0
2020-09-06,Amador,005,37829,277,275,0,275,16
2020-09-06,Butte,007,227075,2678,2446,17,2463,30
2020-09-06,Calaveras,009,45235,289,235,0,235,1
2020-09-06,Colusa,011,21464,492,475,0,475,6
2020-09-06,Contra Costa,013,1133247,15443,14565,68,14633,171
2020-09-06,Del Norte,015,27424,121,109,0,109,2
2020-09-06,El Dorado,017,186661,1051,1008,0,1008,2
2020-09-06,Fresno,019,978130,28813,26471,314,26785,329
2020-09-06,Glenn,021,27897,517,474,0,474,3
2020-09-06,Humboldt,023,135768,448,404,1,405,4
2020-09-06,Imperial,025,180216,11436,10152,5,10157,267
2020-09-06,Inyo,027,18085,184,169,0,169,2
2020-09-06,Kern,029,883053,30591,29699,265,29964,348
2020-09-06,Kings,031,150075,6907,6561,35,6596,72
2020-09-06,Lake,033,64148,400,362,0,362,2
2020-09-06,Lassen,035,31185,729,709,2,711,0
2020-09-06,Los Angeles,037,10098052,251268,248316,1534,249850,6004
2020-09-06,Madera,039,155013,4128,3867,27,3894,42
2020-09-06,Marin,041,260295,6385,6276,15,6291,67
2020-09-06,Mariposa,043,17540,74,72,0,72,2
2020-09-06,Mendocino,045,87422,713,672,0,672,16
2020-09-06,Merced,047,269075,8467,8327,12,8339,104
2020-09-06,Modoc,049,8938,23,20,0,20,0
2020-09-06,Mono,051,14174,164,145,1,146,1
2020-09-06,Monterey,053,433212,8790,8403,20,8423,56
2020-09-06,Napa,055,140530,1566,1501,3,1504,11
2020-09-06,Nevada,057,99092,487,467,13,480,6
2020-09-06,Orange,059,3164182,51625,48931,1314,50245,1042
2020-09-06,Placer,061,380077,3309,3169,11,3180,36
2020-09-06,Plumas,063,18699,44,42,0,42,0
2020-09-06,Riverside,065,2383286,55050,53970,69,54039,1069
2020-09-06,Sacramento,067,1510023,19888,19128,11,19139,340
2020-09-06,San Benito,069,59416,1226,1178,0,1178,4
2020-09-06,San Bernardino,071,2135413,50621,48923,342,49265,823
2020-09-06,San Diego,073,3302833,42349,40652,621,41273,707
2020-09-06,San Francisco,075,870044,10227,9813,20,9833,85
2020-09-06,San Joaquin,077,732212,19200,18558,39,18597,386
2020-09-06,San Luis Obispo,079,281455,3259,3101,16,3117,23
2020-09-06,San Mateo,081,765935,9178,8387,6,8393,125
2020-09-06,Santa Barbara,083,443738,9049,8434,59,8493,95
2020-09-06,Santa Clara,085,1922200,19629,18495,24,18519,207
2020-09-06,Santa Cruz,087,273765,2049,1902,19,1921,7
2020-09-06,Shasta,089,179085,656,550,3,553,10
2020-09-06,Sierra,091,2930,6,6,0,6,0
2020-09-06,Siskiyou,093,43540,145,132,9,141,0
2020-09-06,Solano,095,438530,5756,5619,41,5660,37
2020-09-06,Sonoma,097,501317,6562,6212,19,6231,85
2020-09-06,Stanislaus,099,539301,15761,15288,425,15713,236
2020-09-06,Sutter,101,95872,1514,1451,1,1452,11
2020-09-06,Tehama,103,63373,465,455,2,457,1
2020-09-06,Trinity,105,12862,34,13,5,18,0
2020-09-06,Tulare,107,460477,15135,14636,65,14701,249
2020-09-06,Tuolumne,109,53932,217,194,3,197,1
2020-09-06,Ventura,111,848112,11884,11315,107,11422,118
2020-09-06,Yolo,113,214977,2658,2556,5,2561,53
2020-09-06,Yuba,115,75493,965,913,3,916,1
2020-09-05,Alameda,001,1643700,19829,18973,146,19119,279
2020-09-05,Alpine,003,1148,3,2,0,2,0
2020-09-05,Amador,005,37829,277,274,0,274,16
2020-09-05,Butte,007,227075,2662,2406,16,2422,30
2020-09-05,Calaveras,009,45235,289,237,0,237,1
2020-09-05,Colusa,011,21464,488,472,0,472,6
2020-09-05,Contra Costa,013,1133247,15367,14456,66,14522,173
2020-09-05,Del Norte,015,27424,121,109,0,109,2
2020-09-05,El Dorado,017,186661,1051,1007,0,1007,2
2020-09-05,Fresno,019,978130,28745,26325,314,26639,331
2020-09-05,Glenn,021,27897,516,474,0,474,3
2020-09-05,Humboldt,023,135768,446,402,1,403,4
2020-09-05,Imperial,025,180216,11419,10151,5,10156,268
2020-09-05,Inyo,027,18085,184,169,0,169,2
2020-09-05,Kern,029,883053,30531,29645,261,29906,347
2020-09-05,Kings,031,150075,6898,6518,35,6553,66
2020-09-05,Lake,033,64148,397,359,0,359,2
2020-09-05,Lassen,035,31185,729,709,2,711,0
2020-09-05,Los Angeles,037,10098052,250734,247572,1521,249093,6001
2020-09-05,Madera,039,155013,4087,3851,27,3878,42
2020-09-05,Marin,041,260295,6378,6259,15,6274,66
2020-09-05,Mariposa,043,17540,74,72,0,72,2
2020-09-05,Mendocino,045,87422,712,658,0,658,16
2020-09-05,Merced,047,269075,8435,8297,10,8307,104
2020-09-05,Modoc,049,8938,23,19,0,19,0
2020-09-05,Mono,051,14174,164,145,1,146,1
2020-09-05,Monterey,053,433212,8760,8301,20,8321,56
2020-09-05,Napa,055,140530,1560,1484,3,1487,11
2020-09-05,Nevada,057,99092,484,461,13,474,6
2020-09-05,Orange,059,3164182,51523,48726,1309,50035,1039
2020-09-05,Placer,061,380077,3299,3141,11,3152,35
2020-09-05,Plumas,063,18699,44,42,0,42,0
2020-09-05,Riverside,065,2383286,54944,53780,69,53849,1066
2020-09-05,Sacramento,067,1510023,19798,18955,11,18966,339
2020-09-05,San Benito,069,59416,1224,1153,0,1153,4
2020-09-05,San Bernardino,071,2135413,50546,48800,341,49141,825
2020-09-05,San Diego,073,3302833,42157,40344,609,40953,717
2020-09-05,San Francisco,075,870044,10194,9812,19,9831,85
2020-09-05,San Joaquin,077,732212,19172,18557,39,18596,386
2020-09-05,San Luis Obispo,079,281455,3249,3083,16,3099,23
2020-09-05,San Mateo,081,765935,9133,8352,6,8358,124
2020-09-05,Santa Barbara,083,443738,9032,8404,59,8463,96
2020-09-05,Santa Clara,085,1922200,19544,18311,24,18335,207
2020-09-05,Santa Cruz,087,273765,2041,1904,19,1923,7
2020-09-05,Shasta,089,179085,655,544,3,547,10
2020-09-05,Sierra,091,2930,6,6,0,6,0
2020-09-05,Siskiyou,093,43540,144,131,9,140,0
2020-09-05,Solano,095,438530,5744,5579,41,5620,37
2020-09-05,Sonoma,097,501317,6529,6149,19,6168,85
2020-09-05,Stanislaus,099,539301,15713,15198,421,15619,236
2020-09-05,Sutter,101,95872,1507,1445,1,1446,11
2020-09-05,Tehama,103,63373,464,447,2,449,1
2020-09-05,Trinity,105,12862,34,13,5,18,0
2020-09-05,Tulare,107,460477,15079,14576,63,14639,249
2020-09-05,Tuolumne,109,53932,217,194,3,197,1
2020-09-05,Ventura,111,848112,11842,11254,107,11361,118
2020-09-05,Yolo,113,214977,2648,2534,5,2539,53
2020-09-05,Yuba,115,75493,959,902,3,905,1
2020-09-04,Alameda,001,1643700,19761,18843,144,18987,276
2020-09-04,Alpine,003,1148,3,2,0,2,0
2020-09-04,Amador,005,37829,276,274,0,274,16
2020-09-04,Butte,007,227075,2639,2325,16,2341,28
2020-09-04,Calaveras,009,45235,287,237,0,237,1
2020-09-04,Colusa,011,21464,486,467,0,467,6
2020-09-04,Contra Costa,013,1133247,15287,14355,65,14420,164
2020-09-04,Del Norte,015,27424,121,109,0,109,2
2020-09-04,El Dorado,017,186661,1047,992,0,992,2
2020-09-04,Fresno,019,978130,28640,26147,313,26460,321
2020-09-04,Glenn,021,27897,508,463,0,463,3
2020-09-04,Humboldt,023,135768,441,390,1,391,4
2020-09-04,Imperial,025,180216,11410,10136,5,10141,267
2020-09-04,Inyo,027,18085,184,169,0,169,2
2020-09-04,Kern,029,883053,30463,29526,258,29784,345
2020-09-04,Kings,031,150075,6885,6259,35,6294,66
2020-09-04,Lake,033,64148,397,347,0,347,2
2020-09-04,Lassen,035,31185,729,708,2,710,0
2020-09-04,Los Angeles,037,10098052,250162,246396,1500,247896,5977
2020-09-04,Madera,039,155013,4074,3838,27,3865,42
2020-09-04,Marin,041,260295,6366,6251,15,6266,66
2020-09-04,Mariposa,043,17540,74,72,0,72,2
2020-09-04,Mendocino,045,87422,710,646,0,646,16
2020-09-04,Merced,047,269075,8415,8214,10,8224,104
2020-09-04,Modoc,049,8938,23,15,0,15,0
2020-09-04,Mono,051,14174,164,145,1,146,1
2020-09-04,Monterey,053,433212,8715,8208,20,8228,56
2020-09-04,Napa,055,140530,1551,1475,3,1478,11
2020-09-04,Nevada,057,99092,481,455,13,468,6
2020-09-04,Orange,059,3164182,51399,48488,1302,49790,1031
2020-09-04,Placer,061,380077,3287,3101,11,3112,35
2020-09-04,Plumas,063,18699,44,42,0,42,0
2020-09-04,Riverside,065,2383286,54831,53606,64,53670,1066
2020-09-04,Sacramento,067,1510023,19710,18765,11,18776,337
2020-09-04,San Benito,069,59416,1215,1137,0,1137,4
2020-09-04,San Bernardino,071,2135413,50454,48497,339,48836,800
2020-09-04,San Diego,073,3302833,41927,39901,600,40501,701
2020-09-04,San Francisco,075,870044,10154,9694,18,9712,85
2020-09-04,San Joaquin,077,732212,19118,18438,39,18477,376
2020-09-04,San Luis Obispo,079,281455,3234,3049,15,3064,21
2020-09-04,San Mateo,081,765935,9089,8275,6,8281,122
2020-09-04,Santa Barbara,083,443738,9001,8340,59,8399,96
2020-09-04,Santa Clara,085,1922200,19436,18074,24,18098,209
2020-09-04,Santa Cruz,087,273765,2024,1896,18,1914,7
2020-09-04,Shasta,089,179085,652,536,3,539,10
2020-09-04,Sierra,091,2930,6,6,0,6,0
2020-09-04,Siskiyou,093,43540,144,129,9,138,0
2020-09-04,Solano,095,438530,5731,5552,41,5593,37
2020-09-04,Sonoma,097,501317,6464,6050,19,6069,85
2020-09-04,Stanislaus,099,539301,15678,15074,412,15486,233
2020-09-04,Sutter,101,95872,1491,1425,1,1426,11
2020-09-04,Tehama,103,63373,460,442,2,444,1
2020-09-04,Trinity,105,12862,34,13,5,18,0
2020-09-04,Tulare,107,460477,15051,14501,59,14560,247
2020-09-04,Tuolumne,109,53932,217,193,3,196,1
2020-09-04,Ventura,111,848112,11800,11171,107,11278,114
2020-09-04,Yolo,113,214977,2634,2495,5,2500,53
2020-09-04,Yuba,115,75493,954,884,3,887,1
2020-09-03,Alameda,001,1643700,19658,18687,144,18831,275
2020-09-03,Alpine,003,1148,3,2,0,2,0
2020-09-03,Amador,005,37829,276,274,0,274,16
2020-09-03,Butte,007,227075,2594,2274,16,2290,27
2020-09-03,Calaveras,009,45235,286,238,0,238,1
2020-09-03,Colusa,011,21464,484,464,0,464,6
2020-09-03,Contra Costa,013,1133247,15180,14206,62,14268,159
2020-09-03,Del Norte,015,27424,118,109,0,109,2
2020-09-03,El Dorado,017,186661,1043,983,0,983,2
2020-09-03,Fresno,019,978130,28522,25978,307,26285,313
2020-09-03,Glenn,021,27897,504,460,0,460,3
2020-09-03,Humboldt,023,135768,436,390,1,391,4
2020-09-03,Imperial,025,180216,11390,10083,5,10088,255
2020-09-03,Inyo,027,18085,182,171,0,171,3
2020-09-03,Kern,029,883053,30371,29426,243,29669,340
2020-09-03,Kings,031,150075,6805,6200,35,6235,64
2020-09-03,Lake,033,64148,388,347,0,347,2
2020-09-03,Lassen,035,31185,729,707,2,709,0
2020-09-03,Los Angeles,037,10098052,249286,245026,1478,246504,5931
2020-09-03,Madera,039,155013,4055,3780,27,3807,43
2020-09-03,Marin,041,260295,6347,6175,15,6190,66
2020-09-03,Mariposa,043,17540,74,71,0,71,2
2020-09-03,Mendocino,045,87422,701,638,0,638,16
2020-09-03,Merced,047,269075,8373,8136,10,8146,105
2020-09-03,Modoc,049,8938,23,14,0,14,0
2020-09-03,Mono,051,14174,163,144,1,145,1
2020-09-03,Monterey,053,433212,8661,8128,20,8148,56
2020-09-03,Napa,055,140530,1544,1466,3,1469,10
2020-09-03,Nevada,057,99092,478,453,13,466,6
2020-09-03,Orange,059,3164182,51212,48226,1286,49512,1009
2020-09-03,Placer,061,380077,3269,3069,11,3080,34
2020-09-03,Plumas,063,18699,44,39,0,39,0
2020-09-03,Riverside,065,2383286,54651,53341,60,53401,1052
2020-09-03,Sacramento,067,1510023,19582,18553,10,18563,328
2020-09-03,San Benito,069,59416,1204,1121,0,1121,4
2020-09-03,San Bernardino,071,2135413,50289,48165,338,48503,800
2020-09-03,San Diego,073,3302833,41613,39448,584,40032,700
2020-09-03,San Francisco,075,870044,10088,9636,16,9652,84
2020-09-03,San Joaquin,077,732212,19041,18331,39,18370,371
2020-09-03,San Luis Obispo,079,281455,3217,3023,15,3038,21
2020-09-03,San Mateo,081,765935,9015,8211,6,8217,122
2020-09-03,Santa Barbara,083,443738,8954,8277,59,8336,96
2020-09-03,Santa Clara,085,1922200,19257,17879,24,17903,208
2020-09-03,Santa Cruz,087,273765,2009,1870,18,1888,7
2020-09-03,Shasta,089,179085,647,535,3,538,10
2020-09-03,Sierra,091,2930,6,6,0,6,0
2020-09-03,Siskiyou,093,43540,144,128,9,137,0
2020-09-03,Solano,095,438530,5711,5499,40,5539,36
2020-09-03,Sonoma,097,501317,6402,5997,19,6016,62
2020-09-03,Stanislaus,099,539301,15626,14985,408,15393,217
2020-09-03,Sutter,101,95872,1481,1412,1,1413,11
2020-09-03,Tehama,103,63373,456,436,2,438,1
2020-09-03,Trinity,105,12862,32,13,5,18,0
2020-09-03,Tulare,107,460477,14985,14408,58,14466,244
2020-09-03,Tuolumne,109,53932,217,193,3,196,1
2020-09-03,Ventura,111,848112,11682,11109,104,11213,112
2020-09-03,Yolo,113,214977,2618,2475,5,2480,53
2020-09-03,Yuba,115,75493,947,867,3,870,1
2020-09-02,Alameda,001,1643700,19538,18522,141,18663,260
2020-09-02,Alpine,003,1148,3,2,0,2,0
2020-09-02,Amador,005,37829,276,245,0,245,14
2020-09-02,Butte,007,227075,2548,2241,16,2257,27
2020-09-02,Calaveras,009,45235,285,235,0,235,1
2020-09-02,Colusa,011,21464,480,460,0,460,6
2020-09-02,Contra Costa,013,1133247,15092,14097,59,14156,159
2020-09-02,Del Norte,015,27424,117,109,0,109,2
2020-09-02,El Dorado,017,186661,1039,975,0,975,2
2020-09-02,Fresno,019,978130,28375,25785,304,26089,292
2020-09-02,Glenn,021,27897,499,457,0,457,3
2020-09-02,Humboldt,023,135768,433,381,1,382,4
2020-09-02,Imperial,025,180216,11374,9832,5,9837,255
2020-09-02,Inyo,027,18085,182,171,0,171,3
2020-09-02,Kern,029,883053,30279,29288,237,29525,335
2020-09-02,Kings,031,150075,6720,6142,35,6177,64
2020-09-02,Lake,033,64148,384,342,0,342,2
2020-09-02,Lassen,035,31185,727,706,2,708,0
2020-09-02,Los Angeles,037,10098052,248343,243999,1451,245450,5887
2020-09-02,Madera,039,155013,4035,3735,27,3762,41
2020-09-02,Marin,041,260295,6332,6131,15,6146,66
2020-09-02,Mariposa,043,17540,74,71,0,71,2
2020-09-02,Mendocino,045,87422,691,636,0,636,15
2020-09-02,Merced,047,269075,8342,8097,9,8106,103
2020-09-02,Modoc,049,8938,22,11,0,11,0
2020-09-02,Mono,051,14174,163,145,1,146,1
2020-09-02,Monterey,053,433212,8597,8070,20,8090,56
2020-09-02,Napa,055,140530,1532,1454,3,1457,10
2020-09-02,Nevada,057,99092,472,452,12,464,6
2020-09-02,Orange,059,3164182,51030,47871,1276,49147,994
2020-09-02,Placer,061,380077,3244,3047,10,3057,33
2020-09-02,Plumas,063,18699,44,39,0,39,0
2020-09-02,Riverside,065,2383286,54449,52923,57,52980,1032
2020-09-02,Sacramento,067,1510023,19349,18355,10,18365,316
2020-09-02,San Benito,069,59416,1191,1107,0,1107,4
2020-09-02,San Bernardino,071,2135413,50126,47766,335,48101,794
2020-09-02,San Diego,073,3302833,41293,39123,570,39693,695
2020-09-02,San Francisco,075,870044,10019,9587,16,9603,84
2020-09-02,San Joaquin,077,732212,18960,18194,38,18232,352
2020-09-02,San Luis Obispo,079,281455,3191,3002,14,3016,21
2020-09-02,San Mateo,081,765935,8958,8148,6,8154,122
2020-09-02,Santa Barbara,083,443738,8899,8206,58,8264,94
2020-09-02,Santa Clara,085,1922200,19104,17673,24,17697,206
2020-09-02,Santa Cruz,087,273765,1986,1850,18,1868,7
2020-09-02,Shasta,089,179085,646,531,3,534,10
2020-09-02,Sierra,091,2930,6,6,0,6,0
2020-09-02,Siskiyou,093,43540,143,127,9,136,0
2020-09-02,Solano,095,438530,5683,5463,40,5503,36
2020-09-02,Sonoma,097,501317,6340,5846,19,5865,62
2020-09-02,Stanislaus,099,539301,15556,14854,401,15255,220
2020-09-02,Sutter,101,95872,1466,1401,1,1402,10
2020-09-02,Tehama,103,63373,453,429,2,431,1
2020-09-02,Trinity,105,12862,32,13,5,18,0
2020-09-02,Tulare,107,460477,14918,14298,57,14355,244
2020-09-02,Tuolumne,109,53932,217,190,3,193,1
2020-09-02,Ventura,111,848112,11595,11031,103,11134,111
2020-09-02,Yolo,113,214977,2597,2449,5,2454,54
2020-09-02,Yuba,115,75493,940,856,3,859,1
2020-09-01,Alameda,001,1643700,19398,18382,138,18520,248
2020-09-01,Alpine,003,1148,3,2,0,2,0
2020-09-01,Amador,005,37829,275,244,0,244,13
2020-09-01,Butte,007,227075,2491,2146,16,2162,26
2020-09-01,Calaveras,009,45235,277,228,0,228,1
2020-09-01,Colusa,011,21464,476,454,0,454,6
2020-09-01,Contra Costa,013,1133247,14998,13998,57,14055,158
2020-09-01,Del Norte,015,27424,116,108,0,108,2
2020-09-01,El Dorado,017,186661,1031,972,0,972,2
2020-09-01,Fresno,019,978130,28231,25542,300,25842,290
2020-09-01,Glenn,021,27897,492,449,0,449,3
2020-09-01,Humboldt,023,135768,427,378,1,379,4
2020-09-01,Imperial,025,180216,11348,9782,5,9787,250
2020-09-01,Inyo,027,18085,182,171,0,171,3
2020-09-01,Kern,029,883053,30188,29162,232,29394,332
2020-09-01,Kings,031,150075,6689,6088,35,6123,62
2020-09-01,Lake,033,64148,381,341,0,341,2
2020-09-01,Lassen,035,31185,724,706,2,708,0
2020-09-01,Los Angeles,037,10098052,247237,242633,1424,244057,5832
2020-09-01,Madera,039,155013,4006,3703,26,3729,41
2020-09-01,Marin,041,260295,6317,6102,15,6117,67
2020-09-01,Mariposa,043,17540,73,72,0,72,2
2020-09-01,Mendocino,045,87422,676,626,0,626,15
2020-09-01,Merced,047,269075,8289,8046,8,8054,103
2020-09-01,Modoc,049,8938,20,10,0,10,0
2020-09-01,Mono,051,14174,163,145,1,146,1
2020-09-01,Monterey,053,433212,8489,7926,20,7946,56
2020-09-01,Napa,055,140530,1517,1446,3,1449,10
2020-09-01,Nevada,057,99092,466,450,12,462,6
2020-09-01,Orange,059,3164182,50864,47671,1257,48928,976
2020-09-01,Placer,061,380077,3222,3013,10,3023,33
2020-09-01,Plumas,063,18699,44,39,0,39,0
2020-09-01,Riverside,065,2383286,54230,52785,56,52841,1027
2020-09-01,Sacramento,067,1510023,19165,18217,9,18226,305
2020-09-01,San Benito,069,59416,1179,1089,0,1089,4
2020-09-01,San Bernardino,071,2135413,49919,47371,334,47705,786
2020-09-01,San Diego,073,3302833,40935,38873,532,39405,688
2020-09-01,San Francisco,075,870044,9950,9492,16,9508,83
2020-09-01,San Joaquin,077,732212,18878,17915,37,17952,341
2020-09-01,San Luis Obispo,079,281455,3165,2970,14,2984,21
2020-09-01,San Mateo,081,765935,8878,8132,6,8138,122
2020-09-01,Santa Barbara,083,443738,8849,8142,57,8199,93
2020-09-01,Santa Clara,085,1922200,18927,17319,24,17343,204
2020-09-01,Santa Cruz,087,273765,1962,1752,18,1770,7
2020-09-01,Shasta,089,179085,638,527,3,530,9
2020-09-01,Sierra,091,2930,6,6,0,6,0
2020-09-01,Siskiyou,093,43540,140,128,8,136,0
2020-09-01,Solano,095,438530,5657,5438,40,5478,34
2020-09-01,Sonoma,097,501317,6250,5733,19,5752,60
2020-09-01,Stanislaus,099,539301,15481,14784,391,15175,212
2020-09-01,Sutter,101,95872,1455,1389,1,1390,10
2020-09-01,Tehama,103,63373,449,422,2,424,1
2020-09-01,Trinity,105,12862,32,13,5,18,0
2020-09-01,Tulare,107,460477,14836,14156,57,14213,241
2020-09-01,Tuolumne,109,53932,211,183,3,186,1
2020-09-01,Ventura,111,848112,11520,10899,97,10996,108
2020-09-01,Yolo,113,214977,2581,2440,5,2445,51
2020-09-01,Yuba,115,75493,931,841,3,844,1
2020-08-31,Alameda,001,1643700,19254,18148,138,18286,248
2020-08-31,Alpine,003,1148,3,2,0,2,0
2020-08-31,Amador,005,37829,275,243,0,243,13
2020-08-31,Butte,007,227075,2427,2069,16,2085,26
2020-08-31,Calaveras,009,45235,272,212,0,212,1
2020-08-31,Colusa,011,21464,475,443,0,443,6
2020-08-31,Contra Costa,013,1133247,14871,13902,54,13956,153
2020-08-31,Del Norte,015,27424,116,108,0,108,2
2020-08-31,El Dorado,017,186661,1024,965,0,965,2
2020-08-31,Fresno,019,978130,28011,25185,294,25479,290
2020-08-31,Glenn,021,27897,480,437,0,437,3
2020-08-31,Humboldt,023,135768,425,374,1,375,4
2020-08-31,Imperial,025,180216,11317,9759,5,9764,250
2020-08-31,Inyo,027,18085,181,160,0,160,3
2020-08-31,Kern,029,883053,30090,29067,231,29298,318
2020-08-31,Kings,031,150075,6421,6037,35,6072,62
2020-08-31,Lake,033,64148,365,341,0,341,2
2020-08-31,Lassen,035,31185,721,706,2,708,0
2020-08-31,Los Angeles,037,10098052,246123,241793,1396,243189,5787
2020-08-31,Madera,039,155013,3983,3662,25,3687,35
2020-08-31,Marin,041,260295,6281,6074,15,6089,67
2020-08-31,Mariposa,043,17540,73,69,0,69,2
2020-08-31,Mendocino,045,87422,664,618,0,618,15
2020-08-31,Merced,047,269075,8227,7991,8,7999,79
2020-08-31,Modoc,049,8938,18,10,0,10,0
2020-08-31,Mono,051,14174,163,145,1,146,1
2020-08-31,Monterey,053,433212,8382,7839,20,7859,56
2020-08-31,Napa,055,140530,1509,1434,3,1437,10
2020-08-31,Nevada,057,99092,464,447,12,459,6
2020-08-31,Orange,059,3164182,50666,47392,1228,48620,965
2020-08-31,Placer,061,380077,3173,2989,10,2999,33
2020-08-31,Plumas,063,18699,43,39,0,39,0
2020-08-31,Riverside,065,2383286,54010,52508,54,52562,1020
2020-08-31,Sacramento,067,1510023,18928,17999,9,18008,303
2020-08-31,San Benito,069,59416,1163,1080,0,1080,4
2020-08-31,San Bernardino,071,2135413,49709,47370,333,47703,755
2020-08-31,San Diego,073,3302833,40568,38606,499,39105,682
2020-08-31,San Francisco,075,870044,9871,9293,13,9306,83
2020-08-31,San Joaquin,077,732212,18791,17807,36,17843,338
2020-08-31,San Luis Obispo,079,281455,3142,2951,13,2964,21
2020-08-31,San Mateo,081,765935,8808,8065,6,8071,122
2020-08-31,Santa Barbara,083,443738,8802,8124,57,8181,94
2020-08-31,Santa Clara,085,1922200,18738,17211,24,17235,202
2020-08-31,Santa Cruz,087,273765,1937,1742,18,1760,7
2020-08-31,Shasta,089,179085,633,528,3,531,9
2020-08-31,Sierra,091,2930,6,6,0,6,0
2020-08-31,Siskiyou,093,43540,139,127,8,135,0
2020-08-31,Solano,095,438530,5625,5302,39,5341,34
2020-08-31,Sonoma,097,501317,6175,5650,19,5669,60
2020-08-31,Stanislaus,099,539301,15408,14685,381,15066,213
2020-08-31,Sutter,101,95872,1440,1365,1,1366,10
2020-08-31,Tehama,103,63373,446,421,2,423,1
2020-08-31,Trinity,105,12862,32,13,5,18,0
2020-08-31,Tulare,107,460477,14749,13985,56,14041,237
2020-08-31,Tuolumne,109,53932,211,178,3,181,1
2020-08-31,Ventura,111,848112,11437,10866,96,10962,108
2020-08-31,Yolo,113,214977,2563,2423,5,2428,51
2020-08-31,Yuba,115,75493,917,830,3,833,1
2020-08-30,Alameda,001,1643700,19129,18099,135,18234,248
2020-08-30,Alpine,003,1148,3,2,0,2,0
2020-08-30,Amador,005,37829,274,240,0,240,13
2020-08-30,Butte,007,227075,2347,1988,16,2004,26
2020-08-30,Calaveras,009,45235,263,211,0,211,1
2020-08-30,Colusa,011,21464,474,440,0,440,6
2020-08-30,Contra Costa,013,1133247,14732,13780,54,13834,150
2020-08-30,Del Norte,015,27424,115,108,0,108,2
2020-08-30,El Dorado,017,186661,1014,962,0,962,2
2020-08-30,Fresno,019,978130,27886,24963,293,25256,291
2020-08-30,Glenn,021,27897,473,437,0,437,3
2020-08-30,Humboldt,023,135768,414,362,1,363,4
2020-08-30,Imperial,025,180216,11298,9703,5,9708,250
2020-08-30,Inyo,027,18085,181,160,0,160,3
2020-08-30,Kern,029,883053,29997,28987,231,29218,317
2020-08-30,Kings,031,150075,6375,6000,35,6035,62
2020-08-30,Lake,033,64148,360,334,0,334,2
2020-08-30,Lassen,035,31185,719,706,2,708,0
2020-08-30,Los Angeles,037,10098052,244969,240775,1362,242137,5772
2020-08-30,Madera,039,155013,3954,3626,25,3651,33
2020-08-30,Marin,041,260295,6251,6060,15,6075,66
2020-08-30,Mariposa,043,17540,73,69,0,69,2
2020-08-30,Mendocino,045,87422,658,611,0,611,13
2020-08-30,Merced,047,269075,8152,7960,8,7968,79
2020-08-30,Modoc,049,8938,13,10,0,10,0
2020-08-30,Mono,051,14174,163,145,1,146,1
2020-08-30,Monterey,053,433212,8298,7816,20,7836,54
2020-08-30,Napa,055,140530,1497,1423,3,1426,10
2020-08-30,Nevada,057,99092,461,445,12,457,6
2020-08-30,Orange,059,3164182,50472,47283,1212,48495,965
2020-08-30,Placer,061,380077,3140,2961,10,2971,32
2020-08-30,Plumas,063,18699,42,39,0,39,0
2020-08-30,Riverside,065,2383286,53831,52227,52,52279,1017
2020-08-30,Sacramento,067,1510023,18750,17751,9,17760,300
2020-08-30,San Benito,069,59416,1153,1071,0,1071,4
2020-08-30,San Bernardino,071,2135413,49453,47201,332,47533,755
2020-08-30,San Diego,073,3302833,40170,38302,478,38780,682
2020-08-30,San Francisco,075,870044,9773,9294,10,9304,83
2020-08-30,San Joaquin,077,732212,18674,17637,35,17672,338
2020-08-30,San Luis Obispo,079,281455,3117,2934,13,2947,21
2020-08-30,San Mateo,081,765935,8731,8013,5,8018,122
2020-08-30,Santa Barbara,083,443738,8742,8088,57,8145,93
2020-08-30,Santa Clara,085,1922200,18562,17045,24,17069,202
2020-08-30,Santa Cruz,087,273765,1911,1743,18,1761,7
2020-08-30,Shasta,089,179085,630,525,3,528,9
2020-08-30,Sierra,091,2930,6,6,0,6,0
2020-08-30,Siskiyou,093,43540,137,125,8,133,0
2020-08-30,Solano,095,438530,5581,5303,39,5342,34
2020-08-30,Sonoma,097,501317,6117,5590,19,5609,60
2020-08-30,Stanislaus,099,539301,15337,14580,372,14952,209
2020-08-30,Sutter,101,95872,1418,1351,1,1352,10
2020-08-30,Tehama,103,63373,437,419,2,421,1
2020-08-30,Trinity,105,12862,32,13,5,18,0
2020-08-30,Tulare,107,460477,14654,13985,55,14040,236
2020-08-30,Tuolumne,109,53932,207,178,3,181,1
2020-08-30,Ventura,111,848112,11325,10775,91,10866,108
2020-08-30,Yolo,113,214977,2535,2391,4,2395,51
2020-08-30,Yuba,115,75493,903,832,3,835,1
2020-08-29,Alameda,001,1643700,19062,17888,135,18023,250
2020-08-29,Alpine,003,1148,3,2,0,2,0
2020-08-29,Amador,005,37829,274,239,0,239,13
2020-08-29,Butte,007,227075,2316,1948,16,1964,26
2020-08-29,Calaveras,009,45235,259,211,0,211,1
2020-08-29,Colusa,011,21464,471,440,0,440,6
2020-08-29,Contra Costa,013,1133247,14659,13663,53,13716,159
2020-08-29,Del Norte,015,27424,115,108,0,108,1
2020-08-29,El Dorado,017,186661,1011,958,0,958,2
2020-08-29,Fresno,019,978130,27831,24821,293,25114,291
2020-08-29,Glenn,021,27897,467,437,0,437,3
2020-08-29,Humboldt,023,135768,411,363,1,364,4
2020-08-29,Imperial,025,180216,11283,9698,5,9703,250
2020-08-29,Inyo,027,18085,181,160,0,160,3
2020-08-29,Kern,029,883053,29956,28947,230,29177,317
2020-08-29,Kings,031,150075,6360,5906,35,5941,62
2020-08-29,Lake,033,64148,359,329,0,329,2
2020-08-29,Lassen,035,31185,719,706,2,708,0
2020-08-29,Los Angeles,037,10098052,244317,239815,1349,241164,5762
2020-08-29,Madera,039,155013,3945,3605,24,3629,33
2020-08-29,Marin,041,260295,6239,6007,15,6022,64
2020-08-29,Mariposa,043,17540,73,69,0,69,2
2020-08-29,Mendocino,045,87422,653,596,0,596,13
2020-08-29,Merced,047,269075,8122,7867,8,7875,79
2020-08-29,Modoc,049,8938,13,9,0,9,0
2020-08-29,Mono,051,14174,163,145,1,146,1
2020-08-29,Monterey,053,433212,8253,7680,20,7700,53
2020-08-29,Napa,055,140530,1494,1413,3,1416,10
2020-08-29,Nevada,057,99092,461,442,12,454,5
2020-08-29,Orange,059,3164182,50366,47007,1201,48208,960
2020-08-29,Placer,061,380077,3123,2935,10,2945,32
2020-08-29,Plumas,063,18699,41,39,0,39,0
2020-08-29,Riverside,065,2383286,53720,51918,50,51968,1016
2020-08-29,Sacramento,067,1510023,18678,17588,9,17597,291
2020-08-29,San Benito,069,59416,1144,1045,0,1045,4
2020-08-29,San Bernardino,071,2135413,49339,46849,332,47181,755
2020-08-29,San Diego,073,3302833,39904,38049,460,38509,694
2020-08-29,San Francisco,075,870044,9745,9291,9,9300,83
2020-08-29,San Joaquin,077,732212,18630,17493,35,17528,335
2020-08-29,San Luis Obispo,079,281455,3093,2917,13,2930,21
2020-08-29,San Mateo,081,765935,8689,7928,5,7933,122
2020-08-29,Santa Barbara,083,443738,8716,8052,56,8108,93
2020-08-29,Santa Clara,085,1922200,18466,16898,23,16921,202
2020-08-29,Santa Cruz,087,273765,1899,1746,18,1764,7
2020-08-29,Shasta,089,179085,622,522,3,525,9
2020-08-29,Sierra,091,2930,6,6,0,6,0
2020-08-29,Siskiyou,093,43540,137,121,8,129,0
2020-08-29,Solano,095,438530,5560,5303,39,5342,34
2020-08-29,Sonoma,097,501317,6083,5537,19,5556,60
2020-08-29,Stanislaus,099,539301,15288,14479,362,14841,208
2020-08-29,Sutter,101,95872,1413,1333,1,1334,9
2020-08-29,Tehama,103,63373,436,417,2,419,1
2020-08-29,Trinity,105,12862,32,11,5,16,0
2020-08-29,Tulare,107,460477,14616,13890,54,13944,236
2020-08-29,Tuolumne,109,53932,207,178,3,181,1
2020-08-29,Ventura,111,848112,11285,10705,91,10796,108
2020-08-29,Yolo,113,214977,2517,2357,4,2361,51
2020-08-29,Yuba,115,75493,894,822,3,825,1
2020-08-28,Alameda,001,1643700,18979,17729,134,17863,237
2020-08-28,Alpine,003,1148,3,2,0,2,0
2020-08-28,Amador,005,37829,274,234,0,234,13
2020-08-28,Butte,007,227075,2286,1886,16,1902,25
2020-08-28,Calaveras,009,45235,257,207,0,207,1
2020-08-28,Colusa,011,21464,470,441,0,441,6
2020-08-28,Contra Costa,013,1133247,14588,13522,52,13574,158
2020-08-28,Del Norte,015,27424,115,107,0,107,1
2020-08-28,El Dorado,017,186661,1005,949,0,949,2
2020-08-28,Fresno,019,978130,27697,24612,293,24905,282
2020-08-28,Glenn,021,27897,460,429,0,429,3
2020-08-28,Humboldt,023,135768,407,362,1,363,4
2020-08-28,Imperial,025,180216,11269,9656,5,9661,241
2020-08-28,Inyo,027,18085,180,160,0,160,2
2020-08-28,Kern,029,883053,29908,28744,230,28974,306
2020-08-28,Kings,031,150075,6353,5829,34,5863,62
2020-08-28,Lake,033,64148,354,320,0,320,2
2020-08-28,Lassen,035,31185,719,704,2,706,0
2020-08-28,Los Angeles,037,10098052,243508,238544,1324,239868,5740
2020-08-28,Madera,039,155013,3926,3552,24,3576,33
2020-08-28,Marin,041,260295,6217,5991,15,6006,63
2020-08-28,Mariposa,043,17540,73,67,0,67,2
2020-08-28,Mendocino,045,87422,648,588,0,588,11
2020-08-28,Merced,047,269075,8092,7803,8,7811,77
2020-08-28,Modoc,049,8938,13,6,0,6,0
2020-08-28,Mono,051,14174,163,145,1,146,1
2020-08-28,Monterey,053,433212,8196,7591,20,7611,53
2020-08-28,Napa,055,140530,1486,1403,3,1406,10
2020-08-28,Nevada,057,99092,460,438,12,450,5
2020-08-28,Orange,059,3164182,50266,46696,1186,47882,942
2020-08-28,Placer,061,380077,3112,2891,10,2901,32
2020-08-28,Plumas,063,18699,41,39,0,39,0
2020-08-28,Riverside,065,2383286,53589,51510,47,51557,1008
2020-08-28,Sacramento,067,1510023,18581,17119,9,17128,283
2020-08-28,San Benito,069,59416,1128,1016,0,1016,3
2020-08-28,San Bernardino,071,2135413,49222,46553,328,46881,754
2020-08-28,San Diego,073,3302833,39674,37786,445,38231,676
2020-08-28,San Francisco,075,870044,9691,9135,9,9144,83
2020-08-28,San Joaquin,077,732212,18577,17114,34,17148,314
2020-08-28,San Luis Obispo,079,281455,3076,2849,13,2862,20
2020-08-28,San Mateo,081,765935,8642,7783,5,7788,121
2020-08-28,Santa Barbara,083,443738,8682,8001,56,8057,92
2020-08-28,Santa Clara,085,1922200,18335,16696,23,16719,201
2020-08-28,Santa Cruz,087,273765,1887,1747,18,1765,7
2020-08-28,Shasta,089,179085,618,516,3,519,9
2020-08-28,Sierra,091,2930,6,6,0,6,0
2020-08-28,Siskiyou,093,43540,135,119,8,127,0
2020-08-28,Solano,095,438530,5541,5219,39,5258,34
2020-08-28,Sonoma,097,501317,6048,5425,18,5443,58
2020-08-28,Stanislaus,099,539301,15246,14176,358,14534,190
2020-08-28,Sutter,101,95872,1403,1308,1,1309,9
2020-08-28,Tehama,103,63373,431,410,2,412,1
2020-08-28,Trinity,105,12862,32,11,5,16,0
2020-08-28,Tulare,107,460477,14570,13776,54,13830,236
2020-08-28,Tuolumne,109,53932,207,176,3,179,1
2020-08-28,Ventura,111,848112,11249,10606,89,10695,103
2020-08-28,Yolo,113,214977,2508,2323,4,2327,51
2020-08-28,Yuba,115,75493,885,810,3,813,1
2020-08-27,Alameda,001,1643700,18834,17584,131,17715,234
2020-08-27,Alpine,003,1148,3,2,0,2,0
2020-08-27,Amador,005,37829,273,233,0,233,13
2020-08-27,Butte,007,227075,2220,1803,15,1818,25
2020-08-27,Calaveras,009,45235,251,204,0,204,1
2020-08-27,Colusa,011,21464,468,438,0,438,6
2020-08-27,Contra Costa,013,1133247,14488,13379,51,13430,158
2020-08-27,Del Norte,015,27424,115,107,0,107,1
2020-08-27,El Dorado,017,186661,1001,942,0,942,2
2020-08-27,Fresno,019,978130,27516,24367,289,24656,272
2020-08-27,Glenn,021,27897,452,429,0,429,3
2020-08-27,Humboldt,023,135768,399,358,1,359,4
2020-08-27,Imperial,025,180216,11242,9608,5,9613,235
2020-08-27,Inyo,027,18085,180,157,0,157,2
2020-08-27,Kern,029,883053,29836,28635,221,28856,294
2020-08-27,Kings,031,150075,6331,5759,34,5793,62
2020-08-27,Lake,033,64148,352,314,0,314,2
2020-08-27,Lassen,035,31185,719,703,2,705,0
2020-08-27,Los Angeles,037,10098052,242504,237103,1306,238409,5704
2020-08-27,Madera,039,155013,3900,3465,24,3489,33
2020-08-27,Marin,041,260295,6193,5929,15,5944,62
2020-08-27,Mariposa,043,17540,73,67,0,67,2
2020-08-27,Mendocino,045,87422,639,581,0,581,10
2020-08-27,Merced,047,269075,8048,7765,8,7773,75
2020-08-27,Modoc,049,8938,11,5,0,5,0
2020-08-27,Mono,051,14174,163,145,1,146,1
2020-08-27,Monterey,053,433212,8102,7501,20,7521,52
2020-08-27,Napa,055,140530,1480,1397,3,1400,10
2020-08-27,Nevada,057,99092,457,435,12,447,5
2020-08-27,Orange,059,3164182,50109,46449,1176,47625,935
2020-08-27,Placer,061,380077,3081,2869,10,2879,32
2020-08-27,Plumas,063,18699,40,39,0,39,0
2020-08-27,Riverside,065,2383286,53382,51306,44,51350,999
2020-08-27,Sacramento,067,1510023,18383,16875,9,16884,281
2020-08-27,San Benito,069,59416,1112,987,0,987,3
2020-08-27,San Bernardino,071,2135413,48996,46345,321,46666,751
2020-08-27,San Diego,073,3302833,39403,37501,425,37926,673
2020-08-27,San Francisco,075,870044,9625,9014,9,9023,83
2020-08-27,San Joaquin,077,732212,18497,16989,34,17023,314
2020-08-27,San Luis Obispo,079,281455,3051,2808,13,2821,20
2020-08-27,San Mateo,081,765935,8533,7728,5,7733,121
2020-08-27,Santa Barbara,083,443738,8644,7934,56,7990,92
2020-08-27,Santa Clara,085,1922200,18151,16495,23,16518,199
2020-08-27,Santa Cruz,087,273765,1870,1734,18,1752,7
2020-08-27,Shasta,089,179085,612,512,3,515,9
2020-08-27,Sierra,091,2930,6,6,0,6,0
2020-08-27,Siskiyou,093,43540,135,118,8,126,0
2020-08-27,Solano,095,438530,5503,5167,39,5206,34
2020-08-27,Sonoma,097,501317,5936,5357,18,5375,58
2020-08-27,Stanislaus,099,539301,15166,14080,354,14434,186
2020-08-27,Sutter,101,95872,1383,1296,1,1297,9
2020-08-27,Tehama,103,63373,427,398,2,400,1
2020-08-27,Trinity,105,12862,32,11,5,16,0
2020-08-27,Tulare,107,460477,14478,13666,53,13719,231
2020-08-27,Tuolumne,109,53932,202,174,3,177,1
2020-08-27,Ventura,111,848112,11186,10483,85,10568,102
2020-08-27,Yolo,113,214977,2484,2293,4,2297,51
2020-08-27,Yuba,115,75493,874,807,3,810,1
2020-08-26,Alameda,001,1643700,18673,17373,131,17504,233
2020-08-26,Alpine,003,1148,3,2,0,2,0
2020-08-26,Amador,005,37829,273,229,0,229,13
2020-08-26,Butte,007,227075,2153,1765,13,1778,25
2020-08-26,Calaveras,009,45235,243,201,0,201,1
2020-08-26,Colusa,011,21464,462,433,0,433,5
2020-08-26,Contra Costa,013,1133247,14350,13248,51,13299,157
2020-08-26,Del Norte,015,27424,114,86,0,86,1
2020-08-26,El Dorado,017,186661,999,938,0,938,2
2020-08-26,Fresno,019,978130,27368,24071,287,24358,255
2020-08-26,Glenn,021,27897,450,429,0,429,3
2020-08-26,Humboldt,023,135768,387,357,1,358,4
2020-08-26,Imperial,025,180216,11220,9453,5,9458,227
2020-08-26,Inyo,027,18085,177,157,0,157,2
2020-08-26,Kern,029,883053,29698,28507,217,28724,286
2020-08-26,Kings,031,150075,6311,5720,34,5754,62
2020-08-26,Lake,033,64148,348,308,0,308,2
2020-08-26,Lassen,035,31185,719,702,2,704,0
2020-08-26,Los Angeles,037,10098052,241470,235499,1273,236772,5665
2020-08-26,Madera,039,155013,3871,3458,24,3482,32
2020-08-26,Marin,041,260295,6176,5887,15,5902,56
2020-08-26,Mariposa,043,17540,73,68,0,68,2
2020-08-26,Mendocino,045,87422,628,581,0,581,10
2020-08-26,Merced,047,269075,8015,7720,8,7728,74
2020-08-26,Modoc,049,8938,8,5,0,5,0
2020-08-26,Mono,051,14174,163,141,1,142,1
2020-08-26,Monterey,053,433212,8009,7439,20,7459,51
2020-08-26,Napa,055,140530,1467,1382,3,1385,10
2020-08-26,Nevada,057,99092,454,432,12,444,2
2020-08-26,Orange,059,3164182,49925,46157,1161,47318,905
2020-08-26,Placer,061,380077,3059,2846,8,2854,32
2020-08-26,Plumas,063,18699,39,39,0,39,0
2020-08-26,Riverside,065,2383286,53140,51138,44,51182,987
2020-08-26,Sacramento,067,1510023,18220,16708,9,16717,271
2020-08-26,San Benito,069,59416,1097,978,0,978,3
2020-08-26,San Bernardino,071,2135413,48787,45840,317,46157,743
2020-08-26,San Diego,073,3302833,39065,37224,398,37622,668
2020-08-26,San Francisco,075,870044,9550,8938,9,8947,81
2020-08-26,San Joaquin,077,732212,18408,16845,33,16878,309
2020-08-26,San Luis Obispo,079,281455,3023,2761,13,2774,20
2020-08-26,San Mateo,081,765935,8466,7655,5,7660,121
2020-08-26,Santa Barbara,083,443738,8611,7904,56,7960,90
2020-08-26,Santa Clara,085,1922200,17974,16283,23,16306,198
2020-08-26,Santa Cruz,087,273765,1859,1726,18,1744,7
2020-08-26,Shasta,089,179085,607,511,3,514,9
2020-08-26,Sierra,091,2930,6,6,0,6,0
2020-08-26,Siskiyou,093,43540,132,109,8,117,0
2020-08-26,Solano,095,438530,5479,5131,38,5169,34
2020-08-26,Sonoma,097,501317,5862,5283,18,5301,58
2020-08-26,Stanislaus,099,539301,15089,13964,348,14312,186
2020-08-26,Sutter,101,95872,1365,1275,1,1276,9
2020-08-26,Tehama,103,63373,424,396,2,398,1
2020-08-26,Trinity,105,12862,31,10,5,15,0
2020-08-26,Tulare,107,460477,14411,13568,53,13621,232
2020-08-26,Tuolumne,109,53932,201,172,3,175,1
2020-08-26,Ventura,111,848112,11115,10412,78,10490,100
2020-08-26,Yolo,113,214977,2461,2279,4,2283,49
2020-08-26,Yuba,115,75493,859,779,3,782,1
2020-08-25,Alameda,001,1643700,18516,17278,131,17409,232
2020-08-25,Alpine,003,1148,3,2,0,2,0
2020-08-25,Amador,005,37829,273,227,0,227,13
2020-08-25,Butte,007,227075,2086,1718,13,1731,24
2020-08-25,Calaveras,009,45235,241,196,0,196,1
2020-08-25,Colusa,011,21464,455,430,0,430,5
2020-08-25,Contra Costa,013,1133247,14212,13181,50,13231,156
2020-08-25,Del Norte,015,27424,113,83,0,83,1
2020-08-25,El Dorado,017,186661,996,928,0,928,2
2020-08-25,Fresno,019,978130,27179,23932,286,24218,250
2020-08-25,Glenn,021,27897,447,429,0,429,3
2020-08-25,Humboldt,023,135768,382,342,1,343,4
2020-08-25,Imperial,025,180216,11192,9381,5,9386,217
2020-08-25,Inyo,027,18085,175,144,0,144,1
2020-08-25,Kern,029,883053,29561,28416,217,28633,285
2020-08-25,Kings,031,150075,6154,5702,34,5736,59
2020-08-25,Lake,033,64148,343,304,0,304,2
2020-08-25,Lassen,035,31185,718,692,2,694,0
2020-08-25,Los Angeles,037,10098052,240145,233961,1220,235181,5612
2020-08-25,Madera,039,155013,3856,3446,23,3469,32
2020-08-25,Marin,041,260295,6138,5860,15,5875,56
2020-08-25,Mariposa,043,17540,73,67,0,67,2
2020-08-25,Mendocino,045,87422,620,571,0,571,10
2020-08-25,Merced,047,269075,7948,7693,7,7700,69
2020-08-25,Modoc,049,8938,8,5,0,5,0
2020-08-25,Mono,051,14174,163,129,1,130,1
2020-08-25,Monterey,053,433212,7929,7333,20,7353,51
2020-08-25,Napa,055,140530,1460,1374,3,1377,10
2020-08-25,Nevada,057,99092,451,430,12,442,2
2020-08-25,Orange,059,3164182,49731,45737,1144,46881,902
2020-08-25,Placer,061,380077,3040,2829,5,2834,31
2020-08-25,Plumas,063,18699,39,39,0,39,0
2020-08-25,Riverside,065,2383286,52911,50889,44,50933,981
2020-08-25,Sacramento,067,1510023,18067,16601,9,16610,265
2020-08-25,San Benito,069,59416,1081,973,0,973,3
2020-08-25,San Bernardino,071,2135413,48552,45544,314,45858,727
2020-08-25,San Diego,073,3302833,38786,36996,376,37372,665
2020-08-25,San Francisco,075,870044,9473,8848,9,8857,81
2020-08-25,San Joaquin,077,732212,18281,16795,33,16828,306
2020-08-25,San Luis Obispo,079,281455,2965,2731,12,2743,20
2020-08-25,San Mateo,081,765935,8406,7636,5,7641,120
2020-08-25,Santa Barbara,083,443738,8559,7854,56,7910,90
2020-08-25,Santa Clara,085,1922200,17802,16199,23,16222,194
2020-08-25,Santa Cruz,087,273765,1840,1708,18,1726,7
2020-08-25,Shasta,089,179085,603,511,3,514,9
2020-08-25,Sierra,091,2930,6,6,0,6,0
2020-08-25,Siskiyou,093,43540,131,109,8,117,0
2020-08-25,Solano,095,438530,5418,5114,38,5152,34
2020-08-25,Sonoma,097,501317,5777,5148,18,5166,56
2020-08-25,Stanislaus,099,539301,14981,13886,337,14223,182
2020-08-25,Sutter,101,95872,1348,1259,1,1260,9
2020-08-25,Tehama,103,63373,421,394,2,396,1
2020-08-25,Trinity,105,12862,29,10,5,15,0
2020-08-25,Tulare,107,460477,14308,13514,52,13566,224
2020-08-25,Tuolumne,109,53932,199,172,3,175,1
2020-08-25,Ventura,111,848112,11030,10313,73,10386,99
2020-08-25,Yolo,113,214977,2448,2254,4,2258,50
2020-08-25,Yuba,115,75493,849,775,3,778,1
2020-08-24,Alameda,001,1643700,18322,16913,130,17043,231
2020-08-24,Alpine,003,1148,3,2,0,2,0
2020-08-24,Amador,005,37829,271,227,0,227,13
2020-08-24,Butte,007,227075,2002,1649,13,1662,23
2020-08-24,Calaveras,009,45235,231,187,0,187,1
2020-08-24,Colusa,011,21464,451,425,0,425,5
2020-08-24,Contra Costa,013,1133247,14097,12906,48,12954,153
2020-08-24,Del Norte,015,27424,113,80,0,80,1
2020-08-24,El Dorado,017,186661,988,908,0,908,2
2020-08-24,Fresno,019,978130,26992,23618,279,23897,235
2020-08-24,Glenn,021,27897,445,421,0,421,2
2020-08-24,Humboldt,023,135768,378,340,1,341,4
2020-08-24,Imperial,025,180216,11158,9323,5,9328,210
2020-08-24,Inyo,027,18085,171,144,0,144,2
2020-08-24,Kern,029,883053,29464,28157,211,28368,277
2020-08-24,Kings,031,150075,6066,5652,34,5686,60
2020-08-24,Lake,033,64148,329,302,0,302,2
2020-08-24,Lassen,035,31185,718,693,2,695,0
2020-08-24,Los Angeles,037,10098052,238782,233036,1198,234234,5562
2020-08-24,Madera,039,155013,3829,3418,23,3441,32
2020-08-24,Marin,041,260295,6075,5834,15,5849,56
2020-08-24,Mariposa,043,17540,71,66,0,66,2
2020-08-24,Mendocino,045,87422,605,550,0,550,10
2020-08-24,Merced,047,269075,7870,7605,7,7612,69
2020-08-24,Modoc,049,8938,8,5,0,5,0
2020-08-24,Mono,051,14174,163,129,1,130,1
2020-08-24,Monterey,053,433212,7820,7212,19,7231,50
2020-08-24,Napa,055,140530,1447,1358,3,1361,10
2020-08-24,Nevada,057,99092,446,423,12,435,2
2020-08-24,Orange,059,3164182,49540,45536,1133,46669,887
2020-08-24,Placer,061,380077,2994,2793,5,2798,31
2020-08-24,Plumas,063,18699,39,37,0,37,0
2020-08-24,Riverside,065,2383286,52634,50496,44,50540,975
2020-08-24,Sacramento,067,1510023,17870,16318,9,16327,249
2020-08-24,San Benito,069,59416,1060,961,0,961,3
2020-08-24,San Bernardino,071,2135413,48288,45199,312,45511,720
2020-08-24,San Diego,073,3302833,38498,36729,348,37077,660
2020-08-24,San Francisco,075,870044,9390,8621,9,8630,81
2020-08-24,San Joaquin,077,732212,18140,16565,32,16597,305
2020-08-24,San Luis Obispo,079,281455,2937,2705,12,2717,20
2020-08-24,San Mateo,081,765935,8339,7502,5,7507,120
2020-08-24,Santa Barbara,083,443738,8518,7784,56,7840,90
2020-08-24,Santa Clara,085,1922200,17598,16049,23,16072,192
2020-08-24,Santa Cruz,087,273765,1820,1627,17,1644,6
2020-08-24,Shasta,089,179085,601,505,3,508,9
2020-08-24,Sierra,091,2930,6,6,0,6,0
2020-08-24,Siskiyou,093,43540,127,107,8,115,0
2020-08-24,Solano,095,438530,5369,4979,36,5015,32
2020-08-24,Sonoma,097,501317,5675,5071,18,5089,56
2020-08-24,Stanislaus,099,539301,14883,13521,322,13843,171
2020-08-24,Sutter,101,95872,1329,1219,1,1220,9
2020-08-24,Tehama,103,63373,416,388,2,390,1
2020-08-24,Trinity,105,12862,29,10,5,15,0
2020-08-24,Tulare,107,460477,14201,13360,51,13411,223
2020-08-24,Tuolumne,109,53932,198,170,3,173,1
2020-08-24,Ventura,111,848112,10950,10261,70,10331,99
2020-08-24,Yolo,113,214977,2413,2239,4,2243,47
2020-08-24,Yuba,115,75493,832,750,3,753,1
2020-08-23,Alameda,001,1643700,18099,16786,130,16916,231
2020-08-23,Alpine,003,1148,3,2,0,2,0
2020-08-23,Amador,005,37829,268,227,0,227,13
2020-08-23,Butte,007,227075,1888,1637,13,1650,23
2020-08-23,Calaveras,009,45235,221,187,0,187,1
2020-08-23,Colusa,011,21464,444,424,0,424,5
2020-08-23,Contra Costa,013,1133247,13937,12642,48,12690,153
2020-08-23,Del Norte,015,27424,113,80,0,80,1
2020-08-23,El Dorado,017,186661,975,901,0,901,2
2020-08-23,Fresno,019,978130,26790,23414,274,23688,235
2020-08-23,Glenn,021,27897,438,421,0,421,2
2020-08-23,Humboldt,023,135768,376,341,1,342,4
2020-08-23,Imperial,025,180216,11130,9243,5,9248,210
2020-08-23,Inyo,027,18085,168,144,0,144,2
2020-08-23,Kern,029,883053,29315,28028,206,28234,277
2020-08-23,Kings,031,150075,6024,5628,34,5662,60
2020-08-23,Lake,033,64148,325,299,0,299,2
2020-08-23,Lassen,035,31185,717,693,2,695,0
2020-08-23,Los Angeles,037,10098052,237183,231833,1121,232954,5549
2020-08-23,Madera,039,155013,3797,3401,22,3423,32
2020-08-23,Marin,041,260295,6036,5807,14,5821,50
2020-08-23,Mariposa,043,17540,71,66,0,66,2
2020-08-23,Mendocino,045,87422,601,550,0,550,10
2020-08-23,Merced,047,269075,7801,7574,6,7580,69
2020-08-23,Modoc,049,8938,7,5,0,5,0
2020-08-23,Mono,051,14174,163,129,1,130,1
2020-08-23,Monterey,053,433212,7730,7173,19,7192,50
2020-08-23,Napa,055,140530,1435,1348,3,1351,10
2020-08-23,Nevada,057,99092,441,421,12,433,2
2020-08-23,Orange,059,3164182,49303,45267,1120,46387,887
2020-08-23,Placer,061,380077,2955,2772,5,2777,31
2020-08-23,Plumas,063,18699,39,37,0,37,0
2020-08-23,Riverside,065,2383286,52365,50293,42,50335,955
2020-08-23,Sacramento,067,1510023,17646,16084,8,16092,243
2020-08-23,San Benito,069,59416,1047,938,0,938,3
2020-08-23,San Bernardino,071,2135413,48019,45010,302,45312,719
2020-08-23,San Diego,073,3302833,38177,36542,321,36863,660
2020-08-23,San Francisco,075,870044,9295,8564,8,8572,80
2020-08-23,San Joaquin,077,732212,18007,16069,31,16100,305
2020-08-23,San Luis Obispo,079,281455,2895,2679,12,2691,20
2020-08-23,San Mateo,081,765935,8244,7450,5,7455,120
2020-08-23,Santa Barbara,083,443738,8450,7725,56,7781,90
2020-08-23,Santa Clara,085,1922200,17404,15912,21,15933,191
2020-08-23,Santa Cruz,087,273765,1794,1627,17,1644,6
2020-08-23,Shasta,089,179085,596,501,3,504,9
2020-08-23,Sierra,091,2930,6,6,0,6,0
2020-08-23,Siskiyou,093,43540,122,107,8,115,0
2020-08-23,Solano,095,438530,5311,4977,34,5011,32
2020-08-23,Sonoma,097,501317,5587,5018,18,5036,56
2020-08-23,Stanislaus,099,539301,14749,13483,298,13781,171
2020-08-23,Sutter,101,95872,1307,1203,1,1204,9
2020-08-23,Tehama,103,63373,406,381,2,383,1
2020-08-23,Trinity,105,12862,29,10,5,15,0
2020-08-23,Tulare,107,460477,14071,13303,47,13350,223
2020-08-23,Tuolumne,109,53932,194,164,3,167,1
2020-08-23,Ventura,111,848112,10850,10126,65,10191,99
2020-08-23,Yolo,113,214977,2385,2210,4,2214,47
2020-08-23,Yuba,115,75493,811,750,3,753,1
2020-08-22,Alameda,001,1643700,18005,16648,129,16777,231
2020-08-22,Alpine,003,1148,3,2,0,2,0
2020-08-22,Amador,005,37829,267,224,0,224,13
2020-08-22,Butte,007,227075,1837,1618,13,1631,22
2020-08-22,Calaveras,009,45235,218,187,0,187,1
2020-08-22,Colusa,011,21464,440,419,0,419,5
2020-08-22,Contra Costa,013,1133247,13850,12522,48,12570,153
2020-08-22,Del Norte,015,27424,112,80,0,80,1
2020-08-22,El Dorado,017,186661,973,900,0,900,2
2020-08-22,Fresno,019,978130,26693,23197,273,23470,235
2020-08-22,Glenn,021,27897,437,421,0,421,2
2020-08-22,Humboldt,023,135768,366,334,1,335,4
2020-08-22,Imperial,025,180216,11122,9244,5,9249,210
2020-08-22,Inyo,027,18085,168,144,0,144,1
2020-08-22,Kern,029,883053,29261,27807,206,28013,277
2020-08-22,Kings,031,150075,6015,5447,34,5481,60
2020-08-22,Lake,033,64148,323,291,0,291,2
2020-08-22,Lassen,035,31185,717,693,2,695,0
2020-08-22,Los Angeles,037,10098052,236526,230858,1102,231960,5540
2020-08-22,Madera,039,155013,3778,3330,22,3352,32
2020-08-22,Marin,041,260295,6024,5789,14,5803,49
2020-08-22,Mariposa,043,17540,71,66,0,66,2
2020-08-22,Mendocino,045,87422,598,529,0,529,10
2020-08-22,Merced,047,269075,7773,7493,6,7499,69
2020-08-22,Modoc,049,8938,7,5,0,5,0
2020-08-22,Mono,051,14174,163,129,1,130,1
2020-08-22,Monterey,053,433212,7682,7081,19,7100,50
2020-08-22,Napa,055,140530,1430,1328,3,1331,11
2020-08-22,Nevada,057,99092,441,411,12,423,2
2020-08-22,Orange,059,3164182,49161,45131,1114,46245,885
2020-08-22,Placer,061,380077,2941,2734,5,2739,30
2020-08-22,Plumas,063,18699,39,37,0,37,0
2020-08-22,Riverside,065,2383286,52216,49944,41,49985,953
2020-08-22,Sacramento,067,1510023,17534,15516,8,15524,239
2020-08-22,San Benito,069,59416,1031,912,0,912,3
2020-08-22,San Bernardino,071,2135413,47890,44803,297,45100,719
2020-08-22,San Diego,073,3302833,37995,36205,310,36515,673
2020-08-22,San Francisco,075,870044,9235,8568,8,8576,80
2020-08-22,San Joaquin,077,732212,17951,16068,31,16099,305
2020-08-22,San Luis Obispo,079,281455,2870,2660,12,2672,20
2020-08-22,San Mateo,081,765935,8197,7361,5,7366,120
2020-08-22,Santa Barbara,083,443738,8424,7685,56,7741,90
2020-08-22,Santa Clara,085,1922200,17297,15590,21,15611,190
2020-08-22,Santa Cruz,087,273765,1778,1628,16,1644,6
2020-08-22,Shasta,089,179085,594,493,3,496,9
2020-08-22,Sierra,091,2930,6,6,0,6,0
2020-08-22,Siskiyou,093,43540,122,106,8,114,0
2020-08-22,Solano,095,438530,5281,4944,33,4977,32
2020-08-22,Sonoma,097,501317,5541,4891,18,4909,57
2020-08-22,Stanislaus,099,539301,14701,13380,279,13659,170
2020-08-22,Sutter,101,95872,1300,1189,1,1190,8
2020-08-22,Tehama,103,63373,405,368,2,370,1
2020-08-22,Trinity,105,12862,29,8,5,13,0
2020-08-22,Tulare,107,460477,14004,13196,47,13243,222
2020-08-22,Tuolumne,109,53932,192,162,3,165,1
2020-08-22,Ventura,111,848112,10795,9959,63,10022,99
2020-08-22,Yolo,113,214977,2369,2188,4,2192,47
2020-08-22,Yuba,115,75493,799,738,3,741,1
2020-08-21,Alameda,001,1643700,17914,16413,129,16542,232
2020-08-21,Alpine,003,1148,3,2,0,2,0
2020-08-21,Amador,005,37829,266,223,0,223,11
2020-08-21,Butte,007,227075,1798,1582,13,1595,19
2020-08-21,Calaveras,009,45235,218,182,0,182,1
2020-08-21,Colusa,011,21464,438,418,0,418,5
2020-08-21,Contra Costa,013,1133247,13760,12333,47,12380,149
2020-08-21,Del Norte,015,27424,112,78,0,78,1
2020-08-21,El Dorado,017,186661,969,885,0,885,2
2020-08-21,Fresno,019,978130,26523,22840,272,23112,232
2020-08-21,Glenn,021,27897,433,418,0,418,2
2020-08-21,Humboldt,023,135768,363,331,1,332,4
2020-08-21,Imperial,025,180216,11106,9166,5,9171,204
2020-08-21,Inyo,027,18085,168,144,0,144,1
2020-08-21,Kern,029,883053,29202,27567,204,27771,269
2020-08-21,Kings,031,150075,5993,5391,34,5425,60
2020-08-21,Lake,033,64148,321,281,0,281,2
2020-08-21,Lassen,035,31185,717,693,2,695,0
2020-08-21,Los Angeles,037,10098052,235650,229235,1080,230315,5494
2020-08-21,Madera,039,155013,3748,3271,22,3293,31
2020-08-21,Marin,041,260295,6004,5762,14,5776,49
2020-08-21,Mariposa,043,17540,71,66,0,66,2
2020-08-21,Mendocino,045,87422,588,505,0,505,10
2020-08-21,Merced,047,269075,7744,7357,6,7363,69
2020-08-21,Modoc,049,8938,7,5,0,5,0
2020-08-21,Mono,051,14174,163,128,1,129,1
2020-08-21,Monterey,053,433212,7610,6974,19,6993,49
2020-08-21,Napa,055,140530,1421,1317,3,1320,10
2020-08-21,Nevada,057,99092,440,406,12,418,2
2020-08-21,Orange,059,3164182,49020,44625,1105,45730,875
2020-08-21,Placer,061,380077,2925,2698,4,2702,30
2020-08-21,Plumas,063,18699,39,36,0,36,0
2020-08-21,Riverside,065,2383286,52023,49409,41,49450,932
2020-08-21,Sacramento,067,1510023,17411,15247,8,15255,237
2020-08-21,San Benito,069,59416,1021,891,0,891,3
2020-08-21,San Bernardino,071,2135413,47770,44249,293,44542,668
2020-08-21,San Diego,073,3302833,37791,35914,293,36207,652
2020-08-21,San Francisco,075,870044,9185,8375,8,8383,80
2020-08-21,San Joaquin,077,732212,17868,15888,29,15917,301
2020-08-21,San Luis Obispo,079,281455,2847,2640,12,2652,19
2020-08-21,San Mateo,081,765935,8138,7253,5,7258,120
2020-08-21,Santa Barbara,083,443738,8383,7645,56,7701,86
2020-08-21,Santa Clara,085,1922200,17145,15399,21,15420,190
2020-08-21,Santa Cruz,087,273765,1766,1617,16,1633,6
2020-08-21,Shasta,089,179085,594,486,3,489,9
2020-08-21,Sierra,091,2930,6,6,0,6,0
2020-08-21,Siskiyou,093,43540,122,103,6,109,0
2020-08-21,Solano,095,438530,5258,4891,32,4923,32
2020-08-21,Sonoma,097,501317,5471,4816,18,4834,57
2020-08-21,Stanislaus,099,539301,14632,13282,264,13546,161
2020-08-21,Sutter,101,95872,1287,1173,1,1174,8
2020-08-21,Tehama,103,63373,403,357,2,359,1
2020-08-21,Trinity,105,12862,29,8,5,13,0
2020-08-21,Tulare,107,460477,13932,13002,46,13048,217
2020-08-21,Tuolumne,109,53932,184,161,3,164,1
2020-08-21,Ventura,111,848112,10731,9865,61,9926,98
2020-08-21,Yolo,113,214977,2354,2164,4,2168,46
2020-08-21,Yuba,115,75493,795,717,3,720,1
2020-08-20,Alameda,001,1643700,17756,16174,129,16303,229
2020-08-20,Alpine,003,1148,3,2,0,2,0
2020-08-20,Amador,005,37829,264,222,0,222,11
2020-08-20,Butte,007,227075,1747,1549,13,1562,18
2020-08-20,Calaveras,009,45235,215,179,0,179,1
2020-08-20,Colusa,011,21464,436,415,0,415,5
2020-08-20,Contra Costa,013,1133247,13632,12108,46,12154,144
2020-08-20,Del Norte,015,27424,112,78,0,78,1
2020-08-20,El Dorado,017,186661,965,881,0,881,2
2020-08-20,Fresno,019,978130,26341,22535,267,22802,228
2020-08-20,Glenn,021,27897,428,414,0,414,2
2020-08-20,Humboldt,023,135768,358,318,1,319,4
2020-08-20,Imperial,025,180216,11087,9086,5,9091,196
2020-08-20,Inyo,027,18085,167,144,0,144,1
2020-08-20,Kern,029,883053,29034,27337,193,27530,267
2020-08-20,Kings,031,150075,5953,5347,33,5380,59
2020-08-20,Lake,033,64148,316,280,0,280,2
2020-08-20,Lassen,035,31185,716,693,2,695,0
2020-08-20,Los Angeles,037,10098052,234415,227492,1061,228553,5445
2020-08-20,Madera,039,155013,3722,3197,22,3219,31
2020-08-20,Marin,041,260295,5986,5745,14,5759,47
2020-08-20,Mariposa,043,17540,71,67,0,67,2
2020-08-20,Mendocino,045,87422,577,497,0,497,10
2020-08-20,Merced,047,269075,7669,7173,6,7179,68
2020-08-20,Modoc,049,8938,7,5,0,5,0
2020-08-20,Mono,051,14174,163,128,1,129,1
2020-08-20,Monterey,053,433212,7539,6892,19,6911,47
2020-08-20,Napa,055,140530,1413,1306,3,1309,10
2020-08-20,Nevada,057,99092,439,401,12,413,2
2020-08-20,Orange,059,3164182,48793,44299,1094,45393,849
2020-08-20,Placer,061,380077,2909,2681,4,2685,30
2020-08-20,Plumas,063,18699,39,36,0,36,0
2020-08-20,Riverside,065,2383286,51806,48953,40,48993,927
2020-08-20,Sacramento,067,1510023,17169,14992,8,15000,231
2020-08-20,San Benito,069,59416,1008,866,0,866,3
2020-08-20,San Bernardino,071,2135413,47514,43627,289,43916,665
2020-08-20,San Diego,073,3302833,37571,35610,275,35885,644
2020-08-20,San Francisco,075,870044,9099,8262,8,8270,72
2020-08-20,San Joaquin,077,732212,17775,15778,29,15807,297
2020-08-20,San Luis Obispo,079,281455,2827,2590,12,2602,19
2020-08-20,San Mateo,081,765935,8072,7188,5,7193,120
2020-08-20,Santa Barbara,083,443738,8345,7571,56,7627,81
2020-08-20,Santa Clara,085,1922200,16973,15162,21,15183,190
2020-08-20,Santa Cruz,087,273765,1753,1581,16,1597,6
2020-08-20,Shasta,089,179085,593,478,3,481,9
2020-08-20,Sierra,091,2930,6,6,0,6,0
2020-08-20,Siskiyou,093,43540,121,102,1,103,0
2020-08-20,Solano,095,438530,5214,4843,32,4875,31
2020-08-20,Sonoma,097,501317,5399,4737,18,4755,54
2020-08-20,Stanislaus,099,539301,14536,13120,255,13375,161
2020-08-20,Sutter,101,95872,1263,1158,1,1159,8
2020-08-20,Tehama,103,63373,397,350,2,352,1
2020-08-20,Trinity,105,12862,29,8,5,13,0
2020-08-20,Tulare,107,460477,13824,12907,45,12952,217
2020-08-20,Tuolumne,109,53932,180,159,3,162,1
2020-08-20,Ventura,111,848112,10618,9744,60,9804,93
2020-08-20,Yolo,113,214977,2332,2150,4,2154,47
2020-08-20,Yuba,115,75493,778,709,3,712,1
2020-08-19,Alameda,001,1643700,17597,15874,128,16002,226
2020-08-19,Alpine,003,1148,3,2,0,2,0
2020-08-19,Amador,005,37829,263,219,0,219,9
2020-08-19,Butte,007,227075,1704,1517,13,1530,16
2020-08-19,Calaveras,009,45235,212,177,0,177,1
2020-08-19,Colusa,011,21464,435,415,0,415,5
2020-08-19,Contra Costa,013,1133247,13520,11895,44,11939,142
2020-08-19,Del Norte,015,27424,112,78,0,78,1
2020-08-19,El Dorado,017,186661,959,870,0,870,2
2020-08-19,Fresno,019,978130,26151,22167,259,22426,221
2020-08-19,Glenn,021,27897,426,414,0,414,2
2020-08-19,Humboldt,023,135768,355,316,1,317,4
2020-08-19,Imperial,025,180216,11059,9041,5,9046,192
2020-08-19,Inyo,027,18085,165,140,0,140,1
2020-08-19,Kern,029,883053,28917,27142,189,27331,263
2020-08-19,Kings,031,150075,5781,5301,31,5332,59
2020-08-19,Lake,033,64148,313,277,0,277,2
2020-08-19,Lassen,035,31185,708,693,2,695,0
2020-08-19,Los Angeles,037,10098052,233133,226006,1021,227027,5399
2020-08-19,Madera,039,155013,3688,3158,20,3178,30
2020-08-19,Marin,041,260295,5962,5723,13,5736,46
2020-08-19,Mariposa,043,17540,71,64,0,64,2
2020-08-19,Mendocino,045,87422,561,495,0,495,8
2020-08-19,Merced,047,269075,7542,7082,3,7085,66
2020-08-19,Modoc,049,8938,7,5,0,5,0
2020-08-19,Mono,051,14174,163,128,1,129,1
2020-08-19,Monterey,053,433212,7437,6693,19,6712,45
2020-08-19,Napa,055,140530,1408,1293,3,1296,10
2020-08-19,Nevada,057,99092,432,398,12,410,2
2020-08-19,Orange,059,3164182,48588,43938,1090,45028,829
2020-08-19,Placer,061,380077,2887,2659,4,2663,28
2020-08-19,Plumas,063,18699,39,36,0,36,0
2020-08-19,Riverside,065,2383286,51558,48741,39,48780,922
2020-08-19,Sacramento,067,1510023,16988,14764,8,14772,229
2020-08-19,San Benito,069,59416,991,853,0,853,3
2020-08-19,San Bernardino,071,2135413,47215,43224,282,43506,661
2020-08-19,San Diego,073,3302833,37322,35378,260,35638,638
2020-08-19,San Francisco,075,870044,9034,8236,8,8244,72
2020-08-19,San Joaquin,077,732212,17648,15677,28,15705,296
2020-08-19,San Luis Obispo,079,281455,2788,2553,12,2565,19
2020-08-19,San Mateo,081,765935,8004,7146,5,7151,119
2020-08-19,Santa Barbara,083,443738,8296,7499,56,7555,80
2020-08-19,Santa Clara,085,1922200,16829,14994,21,15015,189
2020-08-19,Santa Cruz,087,273765,1727,1554,16,1570,6
2020-08-19,Shasta,089,179085,589,475,3,478,9
2020-08-19,Sierra,091,2930,6,6,0,6,0
2020-08-19,Siskiyou,093,43540,120,103,1,104,0
2020-08-19,Solano,095,438530,5173,4807,32,4839,31
2020-08-19,Sonoma,097,501317,5320,4614,18,4632,54
2020-08-19,Stanislaus,099,539301,14434,13084,233,13317,160
2020-08-19,Sutter,101,95872,1229,1146,1,1147,8
2020-08-19,Tehama,103,63373,391,342,2,344,1
2020-08-19,Trinity,105,12862,28,8,5,13,0
2020-08-19,Tulare,107,460477,13726,12756,45,12801,217
2020-08-19,Tuolumne,109,53932,177,159,3,162,1
2020-08-19,Ventura,111,848112,10526,9587,58,9645,91
2020-08-19,Yolo,113,214977,2309,2126,4,2130,47
2020-08-19,Yuba,115,75493,766,701,3,704,1
2020-08-18,Alameda,001,1643700,17421,15627,125,15752,223
2020-08-18,Alpine,003,1148,3,2,0,2,0
2020-08-18,Amador,005,37829,262,215,0,215,9
2020-08-18,Butte,007,227075,1671,1491,13,1504,16
2020-08-18,Calaveras,009,45235,208,174,0,174,1
2020-08-18,Colusa,011,21464,434,415,0,415,5
2020-08-18,Contra Costa,013,1133247,13400,11689,42,11731,141
2020-08-18,Del Norte,015,27424,111,78,0,78,0
2020-08-18,El Dorado,017,186661,954,866,0,866,2
2020-08-18,Fresno,019,978130,25932,21798,253,22051,212
2020-08-18,Glenn,021,27897,426,407,0,407,2
2020-08-18,Humboldt,023,135768,353,315,1,316,4
2020-08-18,Imperial,025,180216,11025,8968,5,8973,189
2020-08-18,Inyo,027,18085,164,140,0,140,1
2020-08-18,Kern,029,883053,28765,26978,184,27162,263
2020-08-18,Kings,031,150075,5752,5269,30,5299,58
2020-08-18,Lake,033,64148,310,274,0,274,2
2020-08-18,Lassen,035,31185,708,693,2,695,0
2020-08-18,Los Angeles,037,10098052,231854,224218,982,225200,5339
2020-08-18,Madera,039,155013,3660,3125,20,3145,28
2020-08-18,Marin,041,260295,5932,5708,13,5721,47
2020-08-18,Mariposa,043,17540,71,61,0,61,2
2020-08-18,Mendocino,045,87422,552,468,0,468,8
2020-08-18,Merced,047,269075,7494,6940,3,6943,66
2020-08-18,Modoc,049,8938,7,5,0,5,0
2020-08-18,Mono,051,14174,162,129,1,130,1
2020-08-18,Monterey,053,433212,7345,6691,18,6709,44
2020-08-18,Napa,055,140530,1405,1274,3,1277,10
2020-08-18,Nevada,057,99092,425,389,12,401,2
2020-08-18,Orange,059,3164182,48363,43659,1074,44733,809
2020-08-18,Placer,061,380077,2861,2644,3,2647,28
2020-08-18,Plumas,063,18699,39,34,0,34,0
2020-08-18,Riverside,065,2383286,51229,48447,39,48486,917
2020-08-18,Sacramento,067,1510023,16759,14610,7,14617,222
2020-08-18,San Benito,069,59416,971,836,0,836,3
2020-08-18,San Bernardino,071,2135413,46934,42827,274,43101,648
2020-08-18,San Diego,073,3302833,37030,35164,227,35391,633
2020-08-18,San Francisco,075,870044,8949,8016,8,8024,72
2020-08-18,San Joaquin,077,732212,17531,15509,27,15536,290
2020-08-18,San Luis Obispo,079,281455,2764,2535,11,2546,18
2020-08-18,San Mateo,081,765935,7942,7074,5,7079,119
2020-08-18,Santa Barbara,083,443738,8254,7472,56,7528,81
2020-08-18,Santa Clara,085,1922200,16656,14786,20,14806,184
2020-08-18,Santa Cruz,087,273765,1714,1509,16,1525,6
2020-08-18,Shasta,089,179085,585,468,3,471,9
2020-08-18,Sierra,091,2930,6,6,0,6,0
2020-08-18,Siskiyou,093,43540,119,103,1,104,0
2020-08-18,Solano,095,438530,5146,4700,32,4732,31
2020-08-18,Sonoma,097,501317,5251,4506,18,4524,48
2020-08-18,Stanislaus,099,539301,14336,12935,217,13152,149
2020-08-18,Sutter,101,95872,1210,1126,1,1127,8
2020-08-18,Tehama,103,63373,381,333,2,335,1
2020-08-18,Trinity,105,12862,27,8,5,13,0
2020-08-18,Tulare,107,460477,13595,12637,42,12679,212
2020-08-18,Tuolumne,109,53932,174,159,3,162,1
2020-08-18,Ventura,111,848112,10436,9536,53,9589,89
2020-08-18,Yolo,113,214977,2286,2102,4,2106,47
2020-08-18,Yuba,115,75493,758,679,3,682,1
2020-08-17,Alameda,001,1643700,17229,15454,123,15577,221
2020-08-17,Alpine,003,1148,3,2,0,2,0
2020-08-17,Amador,005,37829,262,215,0,215,9
2020-08-17,Butte,007,227075,1626,1463,13,1476,15
2020-08-17,Calaveras,009,45235,204,167,0,167,1
2020-08-17,Colusa,011,21464,431,408,0,408,5
2020-08-17,Contra Costa,013,1133247,13262,11442,42,11484,141
2020-08-17,Del Norte,015,27424,107,77,0,77,0
2020-08-17,El Dorado,017,186661,951,846,0,846,2
2020-08-17,Fresno,019,978130,25725,21316,246,21562,211
2020-08-17,Glenn,021,27897,425,402,0,402,2
2020-08-17,Humboldt,023,135768,349,302,1,303,4
2020-08-17,Imperial,025,180216,10984,8897,5,8902,188
2020-08-17,Inyo,027,18085,156,124,0,124,1
2020-08-17,Kern,029,883053,28617,26773,173,26946,249
2020-08-17,Kings,031,150075,5714,5249,30,5279,58
2020-08-17,Lake,033,64148,305,270,0,270,2
2020-08-17,Lassen,035,31185,708,666,2,668,0
2020-08-17,Los Angeles,037,10098052,230337,223418,932,224350,5282
2020-08-17,Madera,039,155013,3617,3050,19,3069,26
2020-08-17,Marin,041,260295,5909,5683,12,5695,46
2020-08-17,Mariposa,043,17540,71,61,0,61,2
2020-08-17,Mendocino,045,87422,534,454,0,454,8
2020-08-17,Merced,047,269075,7399,6814,3,6817,66
2020-08-17,Modoc,049,8938,7,5,0,5,0
2020-08-17,Mono,051,14174,162,126,1,127,1
2020-08-17,Monterey,053,433212,7245,6553,18,6571,44
2020-08-17,Napa,055,140530,1384,1255,3,1258,10
2020-08-17,Nevada,057,99092,420,383,12,395,2
2020-08-17,Orange,059,3164182,48153,43621,1062,44683,804
2020-08-17,Placer,061,380077,2836,2609,3,2612,28
2020-08-17,Plumas,063,18699,39,33,0,33,0
2020-08-17,Riverside,065,2383286,50899,48062,37,48099,916
2020-08-17,Sacramento,067,1510023,16539,14333,7,14340,219
2020-08-17,San Benito,069,59416,956,822,0,822,2
2020-08-17,San Bernardino,071,2135413,46591,42005,264,42269,604
2020-08-17,San Diego,073,3302833,36764,34962,213,35175,626
2020-08-17,San Francisco,075,870044,8877,7600,8,7608,72
2020-08-17,San Joaquin,077,732212,17367,15323,26,15349,280
2020-08-17,San Luis Obispo,079,281455,2731,2527,11,2538,18
2020-08-17,San Mateo,081,765935,7885,6987,4,6991,118
2020-08-17,Santa Barbara,083,443738,8212,7438,56,7494,80
2020-08-17,Santa Clara,085,1922200,16436,14546,20,14566,183
2020-08-17,Santa Cruz,087,273765,1698,1453,15,1468,6
2020-08-17,Shasta,089,179085,579,467,3,470,9
2020-08-17,Sierra,091,2930,6,6,0,6,0
2020-08-17,Siskiyou,093,43540,118,103,0,103,0
2020-08-17,Solano,095,438530,5089,4479,32,4511,31
2020-08-17,Sonoma,097,501317,5162,4402,16,4418,48
2020-08-17,Stanislaus,099,539301,14211,12745,210,12955,148
2020-08-17,Sutter,101,95872,1194,1071,1,1072,8
2020-08-17,Tehama,103,63373,372,324,2,326,1
2020-08-17,Trinity,105,12862,27,8,5,13,0
2020-08-17,Tulare,107,460477,13482,12487,41,12528,210
2020-08-17,Tuolumne,109,53932,171,157,3,160,1
2020-08-17,Ventura,111,848112,10314,9490,48,9538,89
2020-08-17,Yolo,113,214977,2259,2083,4,2087,47
2020-08-17,Yuba,115,75493,743,647,3,650,1
2020-08-16,Alameda,001,1643700,16939,15338,123,15461,221
2020-08-16,Alpine,003,1148,3,2,0,2,0
2020-08-16,Amador,005,37829,259,215,0,215,9
2020-08-16,Butte,007,227075,1588,1432,13,1445,15
2020-08-16,Calaveras,009,45235,197,167,0,167,1
2020-08-16,Colusa,011,21464,429,407,0,407,5
2020-08-16,Contra Costa,013,1133247,13076,11255,42,11297,140
2020-08-16,Del Norte,015,27424,103,77,0,77,0
2020-08-16,El Dorado,017,186661,939,843,0,843,2
2020-08-16,Fresno,019,978130,25506,21010,241,21251,211
2020-08-16,Glenn,021,27897,423,400,0,400,2
2020-08-16,Humboldt,023,135768,347,301,1,302,4
2020-08-16,Imperial,025,180216,10940,8883,5,8888,188
2020-08-16,Inyo,027,18085,149,125,0,125,1
2020-08-16,Kern,029,883053,28416,26520,165,26685,249
2020-08-16,Kings,031,150075,5683,5146,30,5176,58
2020-08-16,Lake,033,64148,301,269,0,269,2
2020-08-16,Lassen,035,31185,708,666,2,668,0
2020-08-16,Los Angeles,037,10098052,228769,222236,901,223137,5263
2020-08-16,Madera,039,155013,3572,3013,19,3032,26
2020-08-16,Marin,041,260295,5883,5664,12,5676,46
2020-08-16,Mariposa,043,17540,71,61,0,61,2
2020-08-16,Mendocino,045,87422,526,451,0,451,8
2020-08-16,Merced,047,269075,7317,6744,3,6747,66
2020-08-16,Modoc,049,8938,7,5,0,5,0
2020-08-16,Mono,051,14174,162,126,1,127,1
2020-08-16,Monterey,053,433212,7147,6516,17,6533,44
2020-08-16,Napa,055,140530,1366,1241,2,1243,10
2020-08-16,Nevada,057,99092,409,379,12,391,2
2020-08-16,Orange,059,3164182,47903,43303,1051,44354,803
2020-08-16,Placer,061,380077,2807,2583,2,2585,28
2020-08-16,Plumas,063,18699,39,33,0,33,0
2020-08-16,Riverside,065,2383286,50568,47669,37,47706,910
2020-08-16,Sacramento,067,1510023,16299,14210,7,14217,219
2020-08-16,San Benito,069,59416,927,815,0,815,2
2020-08-16,San Bernardino,071,2135413,46168,41724,255,41979,603
2020-08-16,San Diego,073,3302833,36500,34680,197,34877,626
2020-08-16,San Francisco,075,870044,8789,7602,8,7610,72
2020-08-16,San Joaquin,077,732212,17165,15288,26,15314,280
2020-08-16,San Luis Obispo,079,281455,2702,2494,11,2505,17
2020-08-16,San Mateo,081,765935,7809,6942,4,6946,118
2020-08-16,Santa Barbara,083,443738,8163,7368,56,7424,79
2020-08-16,Santa Clara,085,1922200,16238,14329,20,14349,183
2020-08-16,Santa Cruz,087,273765,1671,1449,14,1463,6
2020-08-16,Shasta,089,179085,572,465,3,468,9
2020-08-16,Sierra,091,2930,6,6,0,6,0
2020-08-16,Siskiyou,093,43540,117,102,0,102,0
2020-08-16,Solano,095,438530,5029,4479,32,4511,31
2020-08-16,Sonoma,097,501317,5058,4329,16,4345,46
2020-08-16,Stanislaus,099,539301,14056,12668,197,12865,148
2020-08-16,Sutter,101,95872,1176,1071,1,1072,8
2020-08-16,Tehama,103,63373,362,318,2,320,1
2020-08-16,Trinity,105,12862,26,8,5,13,0
2020-08-16,Tulare,107,460477,13350,12334,37,12371,211
2020-08-16,Tuolumne,109,53932,171,156,3,159,1
2020-08-16,Ventura,111,848112,10205,9408,43,9451,89
2020-08-16,Yolo,113,214977,2240,2057,4,2061,47
2020-08-16,Yuba,115,75493,734,647,2,649,1
2020-08-15,Alameda,001,1643700,16862,15165,123,15288,221
2020-08-15,Alpine,003,1148,3,2,0,2,0
2020-08-15,Amador,005,37829,259,210,0,210,9
2020-08-15,Butte,007,227075,1566,1409,13,1422,15
2020-08-15,Calaveras,009,45235,195,167,0,167,1
2020-08-15,Colusa,011,21464,428,401,0,401,5
2020-08-15,Contra Costa,013,1133247,12980,11106,42,11148,138
2020-08-15,Del Norte,015,27424,103,77,0,77,0
2020-08-15,El Dorado,017,186661,934,838,0,838,2
2020-08-15,Fresno,019,978130,25390,20603,239,20842,211
2020-08-15,Glenn,021,27897,423,398,0,398,2
2020-08-15,Humboldt,023,135768,346,301,1,302,4
2020-08-15,Imperial,025,180216,10920,8794,5,8799,188
2020-08-15,Inyo,027,18085,149,123,0,123,1
2020-08-15,Kern,029,883053,28328,26338,165,26503,249
2020-08-15,Kings,031,150075,5665,5039,30,5069,56
2020-08-15,Lake,033,64148,299,268,0,268,2
2020-08-15,Lassen,035,31185,708,666,2,668,0
2020-08-15,Los Angeles,037,10098052,228017,221043,892,221935,5252
2020-08-15,Madera,039,155013,3522,2950,19,2969,26
2020-08-15,Marin,041,260295,5876,5628,12,5640,46
2020-08-15,Mariposa,043,17540,71,61,0,61,2
2020-08-15,Mendocino,045,87422,522,444,0,444,8
2020-08-15,Merced,047,269075,7283,6656,3,6659,66
2020-08-15,Modoc,049,8938,7,5,0,5,0
2020-08-15,Mono,051,14174,162,126,1,127,1
2020-08-15,Monterey,053,433212,7102,6162,17,6179,44
2020-08-15,Napa,055,140530,1356,1232,2,1234,10
2020-08-15,Nevada,057,99092,409,376,12,388,2
2020-08-15,Orange,059,3164182,47790,42811,1040,43851,801
2020-08-15,Placer,061,380077,2786,2551,2,2553,27
2020-08-15,Plumas,063,18699,39,33,0,33,0
2020-08-15,Riverside,065,2383286,50417,46720,37,46757,910
2020-08-15,Sacramento,067,1510023,16189,14018,7,14025,219
2020-08-15,San Benito,069,59416,914,805,0,805,2
2020-08-15,San Bernardino,071,2135413,46016,41231,253,41484,602
2020-08-15,San Diego,073,3302833,36334,34346,183,34529,639
2020-08-15,San Francisco,075,870044,8725,7601,8,7609,69
2020-08-15,San Joaquin,077,732212,17092,15113,26,15139,280
2020-08-15,San Luis Obispo,079,281455,2685,2461,11,2472,17
2020-08-15,San Mateo,081,765935,7772,6860,4,6864,118
2020-08-15,Santa Barbara,083,443738,8135,7338,56,7394,79
2020-08-15,Santa Clara,085,1922200,16142,14105,20,14125,183
2020-08-15,Santa Cruz,087,273765,1650,1449,14,1463,6
2020-08-15,Shasta,089,179085,569,458,3,461,9
2020-08-15,Sierra,091,2930,6,6,0,6,0
2020-08-15,Siskiyou,093,43540,116,100,0,100,0
2020-08-15,Solano,095,438530,5007,4477,32,4509,31
2020-08-15,Sonoma,097,501317,5003,4134,16,4150,45
2020-08-15,Stanislaus,099,539301,13993,12541,195,12736,149
2020-08-15,Sutter,101,95872,1165,1046,1,1047,8
2020-08-15,Tehama,103,63373,361,312,2,314,1
2020-08-15,Trinity,105,12862,24,6,5,11,0
2020-08-15,Tulare,107,460477,13312,12262,37,12299,211
2020-08-15,Tuolumne,109,53932,171,155,3,158,1
2020-08-15,Ventura,111,848112,10147,9379,41,9420,89
2020-08-15,Yolo,113,214977,2228,2031,4,2035,46
2020-08-15,Yuba,115,75493,730,623,2,625,1
2020-08-14,Alameda,001,1643700,16723,14909,123,15032,221
2020-08-14,Alpine,003,1148,3,2,0,2,0
2020-08-14,Amador,005,37829,259,209,0,209,9
2020-08-14,Butte,007,227075,1557,1384,13,1397,15
2020-08-14,Calaveras,009,45235,191,165,0,165,1
2020-08-14,Colusa,011,21464,426,399,0,399,5
2020-08-14,Contra Costa,013,1133247,12868,10893,42,10935,137
2020-08-14,Del Norte,015,27424,103,76,0,76,0
2020-08-14,El Dorado,017,186661,926,827,0,827,2
2020-08-14,Fresno,019,978130,25256,19900,239,20139,208
2020-08-14,Glenn,021,27897,421,395,0,395,2
2020-08-14,Humboldt,023,135768,340,294,1,295,4
2020-08-14,Imperial,025,180216,10896,8756,5,8761,185
2020-08-14,Inyo,027,18085,148,115,0,115,1
2020-08-14,Kern,029,883053,28224,25893,164,26057,249
2020-08-14,Kings,031,150075,5651,4953,30,4983,56
2020-08-14,Lake,033,64148,290,267,0,267,2
2020-08-14,Lassen,035,31185,708,665,2,667,0
2020-08-14,Los Angeles,037,10098052,226852,219083,874,219957,5222
2020-08-14,Madera,039,155013,3492,2876,19,2895,26
2020-08-14,Marin,041,260295,5865,5601,12,5613,46
2020-08-14,Mariposa,043,17540,70,61,0,61,2
2020-08-14,Mendocino,045,87422,513,432,0,432,8
2020-08-14,Merced,047,269075,7253,6466,3,6469,67
2020-08-14,Modoc,049,8938,7,5,0,5,0
2020-08-14,Mono,051,14174,162,126,1,127,1
2020-08-14,Monterey,053,433212,7051,6121,17,6138,41
2020-08-14,Napa,055,140530,1346,1230,2,1232,10
2020-08-14,Nevada,057,99092,405,377,12,389,2
2020-08-14,Orange,059,3164182,47641,42399,1026,43425,798
2020-08-14,Placer,061,380077,2767,2546,2,2548,26
2020-08-14,Plumas,063,18699,38,33,0,33,0
2020-08-14,Riverside,065,2383286,50188,46456,37,46493,891
2020-08-14,Sacramento,067,1510023,16039,13645,7,13652,212
2020-08-14,San Benito,069,59416,897,783,0,783,2
2020-08-14,San Bernardino,071,2135413,45830,40442,249,40691,594
2020-08-14,San Diego,073,3302833,36140,34067,176,34243,622
2020-08-14,San Francisco,075,870044,8666,7467,8,7475,69
2020-08-14,San Joaquin,077,732212,16993,14925,26,14951,276
2020-08-14,San Luis Obispo,079,281455,2670,2422,11,2433,17
2020-08-14,San Mateo,081,765935,7713,6655,4,6659,118
2020-08-14,Santa Barbara,083,443738,8085,7302,56,7358,77
2020-08-14,Santa Clara,085,1922200,15976,13785,19,13804,183
2020-08-14,Santa Cruz,087,273765,1628,1418,13,1431,6
2020-08-14,Shasta,089,179085,564,446,3,449,9
2020-08-14,Sierra,091,2930,6,5,0,5,0
2020-08-14,Siskiyou,093,43540,116,98,0,98,0
2020-08-14,Solano,095,438530,4986,4421,32,4453,31
2020-08-14,Sonoma,097,501317,4944,4087,13,4100,45
2020-08-14,Stanislaus,099,539301,13916,12379,191,12570,140
2020-08-14,Sutter,101,95872,1157,1039,1,1040,8
2020-08-14,Tehama,103,63373,357,305,2,307,1
2020-08-14,Trinity,105,12862,24,6,5,11,0
2020-08-14,Tulare,107,460477,13235,12009,37,12046,211
2020-08-14,Tuolumne,109,53932,170,155,3,158,1
2020-08-14,Ventura,111,848112,10072,9313,41,9354,89
2020-08-14,Yolo,113,214977,2214,1991,4,1995,45
2020-08-14,Yuba,115,75493,714,606,2,608,1
2020-08-13,Alameda,001,1643700,16449,14385,123,14508,218
2020-08-13,Alpine,003,1148,3,2,0,2,0
2020-08-13,Amador,005,37829,259,198,0,198,8
2020-08-13,Butte,007,227075,1532,1345,13,1358,15
2020-08-13,Calaveras,009,45235,189,162,0,162,1
2020-08-13,Colusa,011,21464,426,395,0,395,5
2020-08-13,Contra Costa,013,1133247,12715,10545,41,10586,136
2020-08-13,Del Norte,015,27424,102,74,0,74,0
2020-08-13,El Dorado,017,186661,921,803,0,803,2
2020-08-13,Fresno,019,978130,25032,19157,232,19389,201
2020-08-13,Glenn,021,27897,417,392,0,392,1
2020-08-13,Humboldt,023,135768,332,281,1,282,4
2020-08-13,Imperial,025,180216,10865,8640,5,8645,170
2020-08-13,Inyo,027,18085,144,97,0,97,1
2020-08-13,Kern,029,883053,28057,25472,161,25633,242
2020-08-13,Kings,031,150075,5617,4824,30,4854,52
2020-08-13,Lake,033,64148,285,263,0,263,2
2020-08-13,Lassen,035,31185,708,652,2,654,0
2020-08-13,Los Angeles,037,10098052,225454,216497,852,217349,5179
2020-08-13,Madera,039,155013,3449,2675,18,2693,25
2020-08-13,Marin,041,260295,5849,5503,12,5515,44
2020-08-13,Mariposa,043,17540,69,61,0,61,2
2020-08-13,Mendocino,045,87422,508,401,0,401,8
2020-08-13,Merced,047,269075,7135,5945,3,5948,63
2020-08-13,Modoc,049,8938,7,5,0,5,0
2020-08-13,Mono,051,14174,162,124,1,125,1
2020-08-13,Monterey,053,433212,6968,5925,17,5942,38
2020-08-13,Napa,055,140530,1337,1179,2,1181,10
2020-08-13,Nevada,057,99092,401,362,12,374,1
2020-08-13,Orange,059,3164182,47402,42019,1014,43033,773
2020-08-13,Placer,061,380077,2745,2460,2,2462,26
2020-08-13,Plumas,063,18699,38,32,0,32,0
2020-08-13,Riverside,065,2383286,49894,45327,37,45364,885
2020-08-13,Sacramento,067,1510023,15837,13237,7,13244,197
2020-08-13,San Benito,069,59416,868,757,0,757,2
2020-08-13,San Bernardino,071,2135413,45436,39395,243,39638,591
2020-08-13,San Diego,073,3302833,35904,33661,158,33819,627
2020-08-13,San Francisco,075,870044,8572,7277,8,7285,69
2020-08-13,San Joaquin,077,732212,16839,14537,25,14562,261
2020-08-13,San Luis Obispo,079,281455,2649,2283,11,2294,16
2020-08-13,San Mateo,081,765935,7651,6503,4,6507,117
2020-08-13,Santa Barbara,083,443738,8040,7129,55,7184,74
2020-08-13,Santa Clara,085,1922200,15753,13257,19,13276,182
2020-08-13,Santa Cruz,087,273765,1603,1383,13,1396,6
2020-08-13,Shasta,089,179085,560,428,3,431,9
2020-08-13,Sierra,091,2930,6,5,0,5,0
2020-08-13,Siskiyou,093,43540,116,95,0,95,0
2020-08-13,Solano,095,438530,4949,4305,32,4337,31
2020-08-13,Sonoma,097,501317,4870,3902,13,3915,45
2020-08-13,Stanislaus,099,539301,13786,11953,175,12128,136
2020-08-13,Sutter,101,95872,1136,992,1,993,8
2020-08-13,Tehama,103,63373,348,302,2,304,1
2020-08-13,Trinity,105,12862,23,6,5,11,0
2020-08-13,Tulare,107,460477,13092,11692,34,11726,210
2020-08-13,Tuolumne,109,53932,169,152,3,155,1
2020-08-13,Ventura,111,848112,9983,9114,41,9155,90
2020-08-13,Yolo,113,214977,2187,1938,4,1942,44
2020-08-13,Yuba,115,75493,698,568,2,570,1
2020-08-12,Alameda,001,1643700,16236,14214,123,14337,215
2020-08-12,Alpine,003,1148,3,2,0,2,0
2020-08-12,Amador,005,37829,256,197,0,197,8
2020-08-12,Butte,007,227075,1504,1317,13,1330,15
2020-08-12,Calaveras,009,45235,186,157,0,157,1
2020-08-12,Colusa,011,21464,421,394,0,394,5
2020-08-12,Contra Costa,013,1133247,12571,10304,39,10343,134
2020-08-12,Del Norte,015,27424,101,74,0,74,0
2020-08-12,El Dorado,017,186661,903,794,0,794,2
2020-08-12,Fresno,019,978130,24802,18690,226,18916,194
2020-08-12,Glenn,021,27897,414,388,0,388,1
2020-08-12,Humboldt,023,135768,325,281,1,282,4
2020-08-12,Imperial,025,180216,10843,8566,5,8571,167
2020-08-12,Inyo,027,18085,127,97,0,97,1
2020-08-12,Kern,029,883053,27866,25191,159,25350,232
2020-08-12,Kings,031,150075,5578,4736,30,4766,50
2020-08-12,Lake,033,64148,283,253,0,253,2
2020-08-12,Lassen,035,31185,707,651,2,653,0
2020-08-12,Los Angeles,037,10098052,223998,214542,836,215378,5119
2020-08-12,Madera,039,155013,3415,2681,16,2697,23
2020-08-12,Marin,041,260295,5827,5423,12,5435,44
2020-08-12,Mariposa,043,17540,69,61,0,61,2
2020-08-12,Mendocino,045,87422,489,386,0,386,9
2020-08-12,Merced,047,269075,7073,5777,3,5780,66
2020-08-12,Modoc,049,8938,7,5,0,5,0
2020-08-12,Mono,051,14174,161,124,1,125,1
2020-08-12,Monterey,053,433212,6864,5919,17,5936,38
2020-08-12,Napa,055,140530,1327,1161,2,1163,10
2020-08-12,Nevada,057,99092,396,357,12,369,1
2020-08-12,Orange,059,3164182,47151,41576,989,42565,754
2020-08-12,Placer,061,380077,2713,2417,2,2419,25
2020-08-12,Plumas,063,18699,38,31,0,31,0
2020-08-12,Riverside,065,2383286,49545,44747,37,44784,867
2020-08-12,Sacramento,067,1510023,15625,12528,7,12535,189
2020-08-12,San Benito,069,59416,855,751,0,751,2
2020-08-12,San Bernardino,071,2135413,45094,38811,234,39045,589
2020-08-12,San Diego,073,3302833,35695,33395,138,33533,608
2020-08-12,San Francisco,075,870044,8488,7194,8,7202,66
2020-08-12,San Joaquin,077,732212,16696,14154,25,14179,253
2020-08-12,San Luis Obispo,079,281455,2624,2263,11,2274,15
2020-08-12,San Mateo,081,765935,7572,6427,4,6431,117
2020-08-12,Santa Barbara,083,443738,7980,7049,53,7102,74
2020-08-12,Santa Clara,085,1922200,15577,13002,19,13021,182
2020-08-12,Santa Cruz,087,273765,1574,1382,12,1394,6
2020-08-12,Shasta,089,179085,556,417,3,420,9
2020-08-12,Sierra,091,2930,5,4,0,4,0
2020-08-12,Siskiyou,093,43540,115,90,0,90,0
2020-08-12,Solano,095,438530,4904,4258,32,4290,31
2020-08-12,Sonoma,097,501317,4796,3847,13,3860,47
2020-08-12,Stanislaus,099,539301,13648,11682,166,11848,136
2020-08-12,Sutter,101,95872,1112,987,1,988,7
2020-08-12,Tehama,103,63373,338,289,2,291,1
2020-08-12,Trinity,105,12862,22,6,5,11,0
2020-08-12,Tulare,107,460477,12964,11460,34,11494,211
2020-08-12,Tuolumne,109,53932,168,150,3,153,1
2020-08-12,Ventura,111,848112,9898,9005,40,9045,87
2020-08-12,Yolo,113,214977,2163,1921,4,1925,44
2020-08-12,Yuba,115,75493,676,549,1,550,1
2020-08-11,Alameda,001,1643700,15977,13960,120,14080,204
2020-08-11,Alpine,003,1148,3,2,0,2,0
2020-08-11,Amador,005,37829,250,187,0,187,3
2020-08-11,Butte,007,227075,1477,1296,13,1309,15
2020-08-11,Calaveras,009,45235,184,161,0,161,1
2020-08-11,Colusa,011,21464,416,390,0,390,5
2020-08-11,Contra Costa,013,1133247,12382,10012,37,10049,131
2020-08-11,Del Norte,015,27424,100,73,0,73,0
2020-08-11,El Dorado,017,186661,896,786,0,786,2
2020-08-11,Fresno,019,978130,24481,18344,223,18567,187
2020-08-11,Glenn,021,27897,412,380,0,380,1
2020-08-11,Humboldt,023,135768,320,283,1,284,4
2020-08-11,Imperial,025,180216,10788,8518,5,8523,165
2020-08-11,Inyo,027,18085,122,97,0,97,1
2020-08-11,Kern,029,883053,27532,25042,156,25198,230
2020-08-11,Kings,031,150075,5392,4696,30,4726,50
2020-08-11,Lake,033,64148,280,243,0,243,2
2020-08-11,Lassen,035,31185,701,605,2,607,0
2020-08-11,Los Angeles,037,10098052,222494,212421,811,213232,5065
2020-08-11,Madera,039,155013,3361,2673,16,2689,22
2020-08-11,Marin,041,260295,5799,5287,11,5298,44
2020-08-11,Mariposa,043,17540,68,60,0,60,2
2020-08-11,Mendocino,045,87422,479,385,0,385,9
2020-08-11,Merced,047,269075,6978,5322,2,5324,65
2020-08-11,Modoc,049,8938,7,5,0,5,0
2020-08-11,Mono,051,14174,161,124,1,125,1
2020-08-11,Monterey,053,433212,6756,5624,17,5641,36
2020-08-11,Napa,055,140530,1316,1143,1,1144,11
2020-08-11,Nevada,057,99092,393,358,12,370,1
2020-08-11,Orange,059,3164182,46931,41205,966,42171,742
2020-08-11,Placer,061,380077,2681,2393,2,2395,24
2020-08-11,Plumas,063,18699,38,31,0,31,0
2020-08-11,Riverside,065,2383286,49186,44237,37,44274,836
2020-08-11,Sacramento,067,1510023,15334,12298,7,12305,182
2020-08-11,San Benito,069,59416,843,750,0,750,2
2020-08-11,San Bernardino,071,2135413,44752,38467,227,38694,584
2020-08-11,San Diego,073,3302833,35428,33159,119,33278,602
2020-08-11,San Francisco,075,870044,8392,6988,8,6996,66
2020-08-11,San Joaquin,077,732212,16519,13997,20,14017,251
2020-08-11,San Luis Obispo,079,281455,2567,2234,11,2245,15
2020-08-11,San Mateo,081,765935,7497,6339,4,6343,117
2020-08-11,Santa Barbara,083,443738,7930,6942,53,6995,70
2020-08-11,Santa Clara,085,1922200,15356,12920,19,12939,183
2020-08-11,Santa Cruz,087,273765,1551,1352,12,1364,4
2020-08-11,Shasta,089,179085,552,416,3,419,9
2020-08-11,Sierra,091,2930,5,4,0,4,0
2020-08-11,Siskiyou,093,43540,115,90,0,90,0
2020-08-11,Solano,095,438530,4856,4206,31,4237,31
2020-08-11,Sonoma,097,501317,4702,3752,13,3765,45
2020-08-11,Stanislaus,099,539301,13544,11592,154,11746,128
2020-08-11,Sutter,101,95872,1090,964,1,965,7
2020-08-11,Tehama,103,63373,334,289,2,291,1
2020-08-11,Trinity,105,12862,22,5,5,10,0
2020-08-11,Tulare,107,460477,12839,11392,33,11425,201
2020-08-11,Tuolumne,109,53932,164,146,3,149,1
2020-08-11,Ventura,111,848112,9830,8953,39,8992,88
2020-08-11,Yolo,113,214977,2141,1912,4,1916,44
2020-08-11,Yuba,115,75493,665,540,1,541,1
2020-08-10,Alameda,001,1643700,15735,13420,119,13539,203
2020-08-10,Alpine,003,1148,3,2,0,2,0
2020-08-10,Amador,005,37829,249,172,0,172,2
2020-08-10,Butte,007,227075,1453,1174,12,1186,15
2020-08-10,Calaveras,009,45235,174,121,0,121,1
2020-08-10,Colusa,011,21464,414,387,0,387,4
2020-08-10,Contra Costa,013,1133247,12229,9454,35,9489,130
2020-08-10,Del Norte,015,27424,98,69,0,69,0
2020-08-10,El Dorado,017,186661,884,771,0,771,2
2020-08-10,Fresno,019,978130,24200,17978,222,18200,183
2020-08-10,Glenn,021,27897,409,381,0,381,1
2020-08-10,Humboldt,023,135768,314,277,1,278,4
2020-08-10,Imperial,025,180216,10744,8465,5,8470,165
2020-08-10,Inyo,027,18085,122,97,0,97,1
2020-08-10,Kern,029,883053,27306,24499,155,24654,215
2020-08-10,Kings,031,150075,5286,4588,30,4618,50
2020-08-10,Lake,033,64148,273,239,0,239,2
2020-08-10,Lassen,035,31185,701,588,2,590,0
2020-08-10,Los Angeles,037,10098052,220908,211035,793,211828,5003
2020-08-10,Madera,039,155013,3328,2365,15,2380,22
2020-08-10,Marin,041,260295,5754,5242,10,5252,44
2020-08-10,Mariposa,043,17540,68,57,0,57,2
2020-08-10,Mendocino,045,87422,455,364,0,364,1
2020-08-10,Merced,047,269075,6897,4913,2,4915,51
2020-08-10,Modoc,049,8938,7,5,0,5,0
2020-08-10,Mono,051,14174,161,123,1,124,1
2020-08-10,Monterey,053,433212,6646,5358,17,5375,34
2020-08-10,Napa,055,140530,1298,1084,1,1085,8
2020-08-10,Nevada,057,99092,385,356,12,368,1
2020-08-10,Orange,059,3164182,46663,40445,948,41393,721
2020-08-10,Placer,061,380077,2642,2298,2,2300,21
2020-08-10,Plumas,063,18699,38,27,0,27,0
2020-08-10,Riverside,065,2383286,48800,43296,36,43332,830
2020-08-10,Sacramento,067,1510023,15023,12059,7,12066,168
2020-08-10,San Benito,069,59416,830,743,0,743,2
2020-08-10,San Bernardino,071,2135413,44375,37367,217,37584,579
2020-08-10,San Diego,073,3302833,35162,32977,103,33080,594
2020-08-10,San Francisco,075,870044,8302,6816,7,6823,66
2020-08-10,San Joaquin,077,732212,16337,13308,20,13328,240
2020-08-10,San Luis Obispo,079,281455,2468,2208,11,2219,15
2020-08-10,San Mateo,081,765935,7420,6222,4,6226,117
2020-08-10,Santa Barbara,083,443738,7875,6869,53,6922,66
2020-08-10,Santa Clara,085,1922200,15096,12615,19,12634,182
2020-08-10,Santa Cruz,087,273765,1531,1239,11,1250,4
2020-08-10,Shasta,089,179085,548,384,3,387,9
2020-08-10,Sierra,091,2930,5,3,0,3,0
2020-08-10,Siskiyou,093,43540,112,88,0,88,0
2020-08-10,Solano,095,438530,4796,4101,31,4132,31
2020-08-10,Sonoma,097,501317,4533,3640,9,3649,42
2020-08-10,Stanislaus,099,539301,13362,10855,137,10992,106
2020-08-10,Sutter,101,95872,1065,865,1,866,7
2020-08-10,Tehama,103,63373,327,282,2,284,1
2020-08-10,Trinity,105,12862,20,5,5,10,0
2020-08-10,Tulare,107,460477,12666,10750,31,10781,194
2020-08-10,Tuolumne,109,53932,164,143,2,145,1
2020-08-10,Ventura,111,848112,9746,8851,38,8889,85
2020-08-10,Yolo,113,214977,2118,1840,4,1844,45
2020-08-10,Yuba,115,75493,648,527,1,528,1
2020-08-09,Alameda,001,1643700,15455,13241,117,13358,203
2020-08-09,Alpine,003,1148,3,2,0,2,0
2020-08-09,Amador,005,37829,244,153,0,153,2
2020-08-09,Butte,007,227075,1409,1155,12,1167,15
2020-08-09,Calaveras,009,45235,169,122,0,122,1
2020-08-09,Colusa,011,21464,410,371,0,371,4
2020-08-09,Contra Costa,013,1133247,12002,9214,33,9247,130
2020-08-09,Del Norte,015,27424,98,69,0,69,0
2020-08-09,El Dorado,017,186661,876,748,0,748,2
2020-08-09,Fresno,019,978130,23892,17846,218,18064,183
2020-08-09,Glenn,021,27897,407,354,0,354,1
2020-08-09,Humboldt,023,135768,308,279,1,280,4
2020-08-09,Imperial,025,180216,10700,8310,4,8314,165
2020-08-09,Inyo,027,18085,117,86,0,86,1
2020-08-09,Kern,029,883053,27050,23680,155,23835,215
2020-08-09,Kings,031,150075,5243,4446,29,4475,50
2020-08-09,Lake,033,64148,266,225,0,225,2
2020-08-09,Lassen,035,31185,695,589,2,591,0
2020-08-09,Los Angeles,037,10098052,218842,208810,770,209580,4984
2020-08-09,Madera,039,155013,3269,2322,11,2333,22
2020-08-09,Marin,041,260295,5711,5204,10,5214,44
2020-08-09,Mariposa,043,17540,66,56,0,56,2
2020-08-09,Mendocino,045,87422,445,283,0,283,1
2020-08-09,Merced,047,269075,6799,4735,1,4736,51
2020-08-09,Modoc,049,8938,7,4,0,4,0
2020-08-09,Mono,051,14174,160,113,1,114,1
2020-08-09,Monterey,053,433212,6522,5199,17,5216,34
2020-08-09,Napa,055,140530,1279,1062,1,1063,8
2020-08-09,Nevada,057,99092,377,332,12,344,1
2020-08-09,Orange,059,3164182,46364,39244,933,40177,722
2020-08-09,Placer,061,380077,2613,2211,2,2213,20
2020-08-09,Plumas,063,18699,38,27,0,27,0
2020-08-09,Riverside,065,2383286,48456,41894,35,41929,828
2020-08-09,Sacramento,067,1510023,14743,11301,7,11308,167
2020-08-09,San Benito,069,59416,811,687,0,687,2
2020-08-09,San Bernardino,071,2135413,43900,36092,217,36309,579
2020-08-09,San Diego,073,3302833,34871,32749,92,32841,594
2020-08-09,San Francisco,075,870044,8187,6820,7,6827,66
2020-08-09,San Joaquin,077,732212,16132,12933,19,12952,240
2020-08-09,San Luis Obispo,079,281455,2432,2124,11,2135,15
2020-08-09,San Mateo,081,765935,7325,6094,4,6098,117
2020-08-09,Santa Barbara,083,443738,7788,6669,53,6722,66
2020-08-09,Santa Clara,085,1922200,14826,11878,19,11897,181
2020-08-09,Santa Cruz,087,273765,1507,1246,11,1257,4
2020-08-09,Shasta,089,179085,544,361,3,364,9
2020-08-09,Sierra,091,2930,5,3,0,3,0
2020-08-09,Siskiyou,093,43540,111,74,0,74,0
2020-08-09,Solano,095,438530,4743,3954,30,3984,31
2020-08-09,Sonoma,097,501317,4397,3531,7,3538,41
2020-08-09,Stanislaus,099,539301,13154,10264,124,10388,106
2020-08-09,Sutter,101,95872,1031,857,1,858,7
2020-08-09,Tehama,103,63373,319,265,2,267,1
2020-08-09,Trinity,105,12862,20,5,5,10,0
2020-08-09,Tulare,107,460477,12474,10630,28,10658,194
2020-08-09,Tuolumne,109,53932,161,143,2,145,1
2020-08-09,Ventura,111,848112,9599,8633,37,8670,85
2020-08-09,Yolo,113,214977,2087,1765,4,1769,44
2020-08-09,Yuba,115,75493,628,442,1,443,1
2020-08-08,Alameda,001,1643700,15345,13087,117,13204,204
2020-08-08,Alpine,003,1148,3,2,0,2,0
2020-08-08,Amador,005,37829,244,139,0,139,2
2020-08-08,Butte,007,227075,1391,1140,12,1152,15
2020-08-08,Calaveras,009,45235,168,122,0,122,1
2020-08-08,Colusa,011,21464,409,368,0,368,4
2020-08-08,Contra Costa,013,1133247,11893,9104,33,9137,129
2020-08-08,Del Norte,015,27424,97,69,0,69,0
2020-08-08,El Dorado,017,186661,869,734,0,734,2
2020-08-08,Fresno,019,978130,23756,17538,216,17754,183
2020-08-08,Glenn,021,27897,407,344,0,344,1
2020-08-08,Humboldt,023,135768,305,277,1,278,4
2020-08-08,Imperial,025,180216,10685,8213,4,8217,165
2020-08-08,Inyo,027,18085,113,86,0,86,1
2020-08-08,Kern,029,883053,26936,22803,155,22958,215
2020-08-08,Kings,031,150075,5229,4367,29,4396,49
2020-08-08,Lake,033,64148,264,221,0,221,2
2020-08-08,Lassen,035,31185,695,589,2,591,0
2020-08-08,Los Angeles,037,10098052,217955,206971,759,207730,4974
2020-08-08,Madera,039,155013,3238,2275,11,2286,22
2020-08-08,Marin,041,260295,5691,5118,10,5128,44
2020-08-08,Mariposa,043,17540,65,55,0,55,2
2020-08-08,Mendocino,045,87422,443,264,0,264,1
2020-08-08,Merced,047,269075,6759,4570,1,4571,51
2020-08-08,Modoc,049,8938,7,4,0,4,0
2020-08-08,Mono,051,14174,160,113,1,114,1
2020-08-08,Monterey,053,433212,6464,5101,17,5118,33
2020-08-08,Napa,055,140530,1271,1062,1,1063,8
2020-08-08,Nevada,057,99092,375,325,12,337,1
2020-08-08,Orange,059,3164182,46237,38688,924,39612,718
2020-08-08,Placer,061,380077,2596,2153,2,2155,20
2020-08-08,Plumas,063,18699,38,27,0,27,0
2020-08-08,Riverside,065,2383286,48252,41412,35,41447,823
2020-08-08,Sacramento,067,1510023,14614,11144,7,11151,166
2020-08-08,San Benito,069,59416,803,684,0,684,2
2020-08-08,San Bernardino,071,2135413,43704,35691,216,35907,531
2020-08-08,San Diego,073,3302833,34682,32332,83,32415,593
2020-08-08,San Francisco,075,870044,8121,6820,7,6827,66
2020-08-08,San Joaquin,077,732212,16051,12559,18,12577,240
2020-08-08,San Luis Obispo,079,281455,2409,2081,11,2092,15
2020-08-08,San Mateo,081,765935,7267,6021,4,6025,117
2020-08-08,Santa Barbara,083,443738,7750,6598,53,6651,66
2020-08-08,Santa Clara,085,1922200,14674,11615,19,11634,181
2020-08-08,Santa Cruz,087,273765,1493,1247,11,1258,4
2020-08-08,Shasta,089,179085,542,343,3,346,9
2020-08-08,Sierra,091,2930,5,3,0,3,0
2020-08-08,Siskiyou,093,43540,111,73,0,73,0
2020-08-08,Solano,095,438530,4722,3889,29,3918,31
2020-08-08,Sonoma,097,501317,4365,3399,7,3406,41
2020-08-08,Stanislaus,099,539301,13079,9963,118,10081,105
2020-08-08,Sutter,101,95872,1021,830,1,831,7
2020-08-08,Tehama,103,63373,318,251,2,253,1
2020-08-08,Trinity,105,12862,20,5,5,10,0
2020-08-08,Tulare,107,460477,12398,10505,28,10533,192
2020-08-08,Tuolumne,109,53932,161,143,2,145,1
2020-08-08,Ventura,111,848112,9545,8462,36,8498,85
2020-08-08,Yolo,113,214977,2074,1725,4,1729,44
2020-08-08,Yuba,115,75493,619,430,1,431,1
2020-08-07,Alameda,001,1643700,15236,12805,117,12922,204
2020-08-07,Alpine,003,1148,3,2,0,2,0
2020-08-07,Amador,005,37829,242,125,0,125,2
2020-08-07,Butte,007,227075,1373,1092,12,1104,13
2020-08-07,Calaveras,009,45235,168,119,0,119,1
2020-08-07,Colusa,011,21464,408,358,0,358,4
2020-08-07,Contra Costa,013,1133247,11744,8810,33,8843,126
2020-08-07,Del Norte,015,27424,97,69,0,69,0
2020-08-07,El Dorado,017,186661,864,724,0,724,2
2020-08-07,Fresno,019,978130,23596,17290,216,17506,171
2020-08-07,Glenn,021,27897,406,339,0,339,1
2020-08-07,Humboldt,023,135768,301,274,1,275,4
2020-08-07,Imperial,025,180216,10660,8085,4,8089,164
2020-08-07,Inyo,027,18085,112,81,0,81,1
2020-08-07,Kern,029,883053,26810,22143,152,22295,206
2020-08-07,Kings,031,150075,5212,4315,29,4344,48
2020-08-07,Lake,033,64148,262,215,0,215,1
2020-08-07,Lassen,035,31185,694,588,2,590,0
2020-08-07,Los Angeles,037,10098052,216497,204406,747,205153,4924
2020-08-07,Madera,039,155013,3206,2245,11,2256,20
2020-08-07,Marin,041,260295,5662,5094,10,5104,43
2020-08-07,Mariposa,043,17540,65,53,0,53,2
2020-08-07,Mendocino,045,87422,429,262,0,262,1
2020-08-07,Merced,047,269075,6716,4358,1,4359,30
2020-08-07,Modoc,049,8938,7,4,0,4,0
2020-08-07,Mono,051,14174,160,112,1,113,1
2020-08-07,Monterey,053,433212,6389,5041,17,5058,33
2020-08-07,Napa,055,140530,1266,1055,1,1056,8
2020-08-07,Nevada,057,99092,372,324,12,336,1
2020-08-07,Orange,059,3164182,46025,38459,907,39366,701
2020-08-07,Placer,061,380077,2579,2078,2,2080,20
2020-08-07,Plumas,063,18699,38,25,0,25,0
2020-08-07,Riverside,065,2383286,47988,40902,34,40936,810
2020-08-07,Sacramento,067,1510023,14469,10798,7,10805,160
2020-08-07,San Benito,069,59416,797,647,0,647,2
2020-08-07,San Bernardino,071,2135413,43458,35200,215,35415,524
2020-08-07,San Diego,073,3302833,34497,31781,80,31861,586
2020-08-07,San Francisco,075,870044,8043,6765,7,6772,66
2020-08-07,San Joaquin,077,732212,15967,12392,18,12410,223
2020-08-07,San Luis Obispo,079,281455,2378,2050,11,2061,14
2020-08-07,San Mateo,081,765935,7208,5948,4,5952,117
2020-08-07,Santa Barbara,083,443738,7699,6509,53,6562,66
2020-08-07,Santa Clara,085,1922200,14475,11409,19,11428,180
2020-08-07,Santa Cruz,087,273765,1475,1234,11,1245,5
2020-08-07,Shasta,089,179085,537,342,3,345,9
2020-08-07,Sierra,091,2930,5,3,0,3,0
2020-08-07,Siskiyou,093,43540,108,73,0,73,0
2020-08-07,Solano,095,438530,4690,3844,28,3872,31
2020-08-07,Sonoma,097,501317,4301,3329,7,3336,34
2020-08-07,Stanislaus,099,539301,12958,9665,107,9772,98
2020-08-07,Sutter,101,95872,1017,807,1,808,6
2020-08-07,Tehama,103,63373,314,246,2,248,1
2020-08-07,Trinity,105,12862,19,5,5,10,0
2020-08-07,Tulare,107,460477,12321,10292,28,10320,195
2020-08-07,Tuolumne,109,53932,160,136,2,138,1
2020-08-07,Ventura,111,848112,9485,8356,34,8390,84
2020-08-07,Yolo,113,214977,2047,1689,4,1693,37
2020-08-07,Yuba,115,75493,614,413,1,414,1
2020-08-06,Alameda,001,1643700,15014,12474,116,12590,200
2020-08-06,Alpine,003,1148,3,2,0,2,0
2020-08-06,Amador,005,37829,228,125,0,125,0
2020-08-06,Butte,007,227075,1354,1060,12,1072,13
2020-08-06,Calaveras,009,45235,166,117,0,117,1
2020-08-06,Colusa,011,21464,405,358,0,358,3
2020-08-06,Contra Costa,013,1133247,11550,8583,32,8615,124
2020-08-06,Del Norte,015,27424,97,69,0,69,0
2020-08-06,El Dorado,017,186661,853,703,0,703,1
2020-08-06,Fresno,019,978130,23301,17031,208,17239,161
2020-08-06,Glenn,021,27897,401,332,0,332,1
2020-08-06,Humboldt,023,135768,296,266,1,267,4
2020-08-06,Imperial,025,180216,10617,8064,4,8068,163
2020-08-06,Inyo,027,18085,104,83,0,83,1
2020-08-06,Kern,029,883053,26574,21843,151,21994,197
2020-08-06,Kings,031,150075,5152,4264,27,4291,47
2020-08-06,Lake,033,64148,259,209,0,209,1
2020-08-06,Lassen,035,31185,692,588,2,590,0
2020-08-06,Los Angeles,037,10098052,214416,201372,730,202102,4874
2020-08-06,Madera,039,155013,3158,2240,10,2250,19
2020-08-06,Marin,041,260295,5630,5058,10,5068,43
2020-08-06,Mariposa,043,17540,64,52,0,52,2
2020-08-06,Mendocino,045,87422,415,260,0,260,1
2020-08-06,Merced,047,269075,6615,4235,1,4236,30
2020-08-06,Modoc,049,8938,7,4,0,4,0
2020-08-06,Mono,051,14174,159,111,1,112,1
2020-08-06,Monterey,053,433212,6280,5001,16,5017,33
2020-08-06,Napa,055,140530,1252,1032,1,1033,8
2020-08-06,Nevada,057,99092,367,321,12,333,1
2020-08-06,Orange,059,3164182,45733,38399,902,39301,694
2020-08-06,Placer,061,380077,2553,2045,2,2047,20
2020-08-06,Plumas,063,18699,37,25,0,25,0
2020-08-06,Riverside,065,2383286,47593,40269,34,40303,781
2020-08-06,Sacramento,067,1510023,14241,10548,7,10555,153
2020-08-06,San Benito,069,59416,789,626,0,626,2
2020-08-06,San Bernardino,071,2135413,43055,34819,212,35031,516
2020-08-06,San Diego,073,3302833,34230,31129,73,31202,583
2020-08-06,San Francisco,075,870044,7950,6737,6,6743,60
2020-08-06,San Joaquin,077,732212,15808,12269,18,12287,203
2020-08-06,San Luis Obispo,079,281455,2354,2000,10,2010,13
2020-08-06,San Mateo,081,765935,7108,5885,4,5889,117
2020-08-06,Santa Barbara,083,443738,7639,6620,53,6673,65
2020-08-06,Santa Clara,085,1922200,14246,11280,19,11299,178
2020-08-06,Santa Cruz,087,273765,1454,1215,11,1226,4
2020-08-06,Shasta,089,179085,528,343,3,346,9
2020-08-06,Sierra,091,2930,5,3,0,3,0
2020-08-06,Siskiyou,093,43540,108,73,0,73,0
2020-08-06,Solano,095,438530,4647,3784,28,3812,29
2020-08-06,Sonoma,097,501317,4237,3259,7,3266,33
2020-08-06,Stanislaus,099,539301,12809,9566,90,9656,98
2020-08-06,Sutter,101,95872,986,797,1,798,6
2020-08-06,Tehama,103,63373,311,242,2,244,1
2020-08-06,Trinity,105,12862,17,5,5,10,0
2020-08-06,Tulare,107,460477,12162,10169,28,10197,195
2020-08-06,Tuolumne,109,53932,159,136,2,138,1
2020-08-06,Ventura,111,848112,9374,8245,31,8276,80
2020-08-06,Yolo,113,214977,2023,1662,4,1666,36
2020-08-06,Yuba,115,75493,605,407,0,407,1
2020-08-05,Alameda,001,1643700,14801,12140,115,12255,193
2020-08-05,Alpine,003,1148,3,2,0,2,0
2020-08-05,Amador,005,37829,218,123,0,123,0
2020-08-05,Butte,007,227075,1320,1038,12,1050,13
2020-08-05,Calaveras,009,45235,163,116,0,116,1
2020-08-05,Colusa,011,21464,401,354,0,354,3
2020-08-05,Contra Costa,013,1133247,11386,8362,32,8394,122
2020-08-05,Del Norte,015,27424,96,69,0,69,0
2020-08-05,El Dorado,017,186661,845,692,0,692,1
2020-08-05,Fresno,019,978130,23058,16625,201,16826,159
2020-08-05,Glenn,021,27897,398,330,0,330,1
2020-08-05,Humboldt,023,135768,294,249,1,250,4
2020-08-05,Imperial,025,180216,10582,8036,4,8040,163
2020-08-05,Inyo,027,18085,102,62,0,62,1
2020-08-05,Kern,029,883053,26386,21540,146,21686,194
2020-08-05,Kings,031,150075,5107,4192,25,4217,47
2020-08-05,Lake,033,64148,252,209,0,209,1
2020-08-05,Lassen,035,31185,645,557,2,559,0
2020-08-05,Los Angeles,037,10098052,212497,198355,709,199064,4832
2020-08-05,Madera,039,155013,3116,2172,10,2182,19
2020-08-05,Marin,041,260295,5598,5036,10,5046,43
2020-08-05,Mariposa,043,17540,64,52,0,52,2
2020-08-05,Mendocino,045,87422,403,248,0,248,1
2020-08-05,Merced,047,269075,6480,4119,1,4120,30
2020-08-05,Modoc,049,8938,7,3,0,3,0
2020-08-05,Mono,051,14174,159,104,1,105,1
2020-08-05,Monterey,053,433212,6165,4936,16,4952,32
2020-08-05,Napa,055,140530,1240,1020,1,1021,8
2020-08-05,Nevada,057,99092,358,327,12,339,2
2020-08-05,Orange,059,3164182,45424,37907,894,38801,663
2020-08-05,Placer,061,380077,2512,1989,2,1991,18
2020-08-05,Plumas,063,18699,36,25,0,25,0
2020-08-05,Riverside,065,2383286,47202,39454,32,39486,761
2020-08-05,Sacramento,067,1510023,14022,10261,6,10267,151
2020-08-05,San Benito,069,59416,780,613,0,613,2
2020-08-05,San Bernardino,071,2135413,42592,34442,207,34649,504
2020-08-05,San Diego,073,3302833,34006,30866,57,30923,578
2020-08-05,San Francisco,075,870044,7857,6701,6,6707,60
2020-08-05,San Joaquin,077,732212,15645,12148,18,12166,199
2020-08-05,San Luis Obispo,079,281455,2331,1928,10,1938,13
2020-08-05,San Mateo,081,765935,7012,5695,4,5699,116
2020-08-05,Santa Barbara,083,443738,7578,6597,53,6650,63
2020-08-05,Santa Clara,085,1922200,14011,11074,19,11093,176
2020-08-05,Santa Cruz,087,273765,1434,1192,9,1201,4
2020-08-05,Shasta,089,179085,522,338,3,341,9
2020-08-05,Sierra,091,2930,5,3,0,3,0
2020-08-05,Siskiyou,093,43540,104,72,0,72,0
2020-08-05,Solano,095,438530,4596,3750,27,3777,29
2020-08-05,Sonoma,097,501317,4155,3173,7,3180,33
2020-08-05,Stanislaus,099,539301,12650,9408,85,9493,97
2020-08-05,Sutter,101,95872,975,780,1,781,6
2020-08-05,Tehama,103,63373,308,231,2,233,1
2020-08-05,Trinity,105,12862,17,5,5,10,0
2020-08-05,Tulare,107,460477,12022,9924,28,9952,192
2020-08-05,Tuolumne,109,53932,159,137,2,139,0
2020-08-05,Ventura,111,848112,9266,8162,28,8190,75
2020-08-05,Yolo,113,214977,1995,1634,4,1638,36
2020-08-05,Yuba,115,75493,588,400,0,400,1
2020-08-04,Alameda,001,1643700,14584,11983,114,12097,192
2020-08-04,Alpine,003,1148,3,2,0,2,0
2020-08-04,Amador,005,37829,203,123,0,123,0
2020-08-04,Butte,007,227075,1296,1011,12,1023,10
2020-08-04,Calaveras,009,45235,159,116,0,116,1
2020-08-04,Colusa,011,21464,396,354,0,354,3
2020-08-04,Contra Costa,013,1133247,11220,8210,32,8242,122
2020-08-04,Del Norte,015,27424,94,69,0,69,0
2020-08-04,El Dorado,017,186661,835,668,0,668,1
2020-08-04,Fresno,019,978130,22774,16272,193,16465,154
2020-08-04,Glenn,021,27897,397,325,0,325,1
2020-08-04,Humboldt,023,135768,284,241,1,242,4
2020-08-04,Imperial,025,180216,10545,7974,4,7978,163
2020-08-04,Inyo,027,18085,88,59,0,59,1
2020-08-04,Kern,029,883053,26102,21403,146,21549,190
2020-08-04,Kings,031,150075,5045,4163,25,4188,47
2020-08-04,Lake,033,64148,252,206,0,206,1
2020-08-04,Lassen,035,31185,642,556,2,558,0
2020-08-04,Los Angeles,037,10098052,210537,196014,678,196692,4764
2020-08-04,Madera,039,155013,3073,2161,5,2166,19
2020-08-04,Marin,041,260295,5567,5020,9,5029,43
2020-08-04,Mariposa,043,17540,64,51,0,51,2
2020-08-04,Mendocino,045,87422,378,248,0,248,1
2020-08-04,Merced,047,269075,6366,4085,1,4086,30
2020-08-04,Modoc,049,8938,7,3,0,3,0
2020-08-04,Mono,051,14174,158,104,0,104,1
2020-08-04,Monterey,053,433212,6051,4892,16,4908,32
2020-08-04,Napa,055,140530,1227,994,0,994,8
2020-08-04,Nevada,057,99092,357,322,12,334,2
2020-08-04,Orange,059,3164182,45050,37844,889,38733,659
2020-08-04,Placer,061,380077,2475,1964,2,1966,17
2020-08-04,Plumas,063,18699,36,25,0,25,0
2020-08-04,Riverside,065,2383286,46817,38991,31,39022,743
2020-08-04,Sacramento,067,1510023,13805,10205,6,10211,146
2020-08-04,San Benito,069,59416,764,608,0,608,2
2020-08-04,San Bernardino,071,2135413,42045,34215,201,34416,495
2020-08-04,San Diego,073,3302833,33713,30518,45,30563,568
2020-08-04,San Francisco,075,870044,7770,6568,6,6574,60
2020-08-04,San Joaquin,077,732212,15516,12087,15,12102,189
2020-08-04,San Luis Obispo,079,281455,2301,1886,10,1896,13
2020-08-04,San Mateo,081,765935,6906,5690,4,5694,116
2020-08-04,Santa Barbara,083,443738,7518,6591,53,6644,61
2020-08-04,Santa Clara,085,1922200,13711,10986,19,11005,175
2020-08-04,Santa Cruz,087,273765,1415,1202,9,1211,4
2020-08-04,Shasta,089,179085,516,335,3,338,9
2020-08-04,Sierra,091,2930,5,1,0,1,0
2020-08-04,Siskiyou,093,43540,102,71,0,71,0
2020-08-04,Solano,095,438530,4525,3690,27,3717,29
2020-08-04,Sonoma,097,501317,4088,3108,7,3115,33
2020-08-04,Stanislaus,099,539301,12481,9359,77,9436,97
2020-08-04,Sutter,101,95872,961,761,1,762,6
2020-08-04,Tehama,103,63373,301,226,2,228,1
2020-08-04,Trinity,105,12862,17,5,5,10,0
2020-08-04,Tulare,107,460477,11842,9866,28,9894,192
2020-08-04,Tuolumne,109,53932,158,127,2,129,0
2020-08-04,Ventura,111,848112,9157,8134,26,8160,75
2020-08-04,Yolo,113,214977,1969,1626,4,1630,37
2020-08-04,Yuba,115,75493,573,398,0,398,1
2020-08-03,Alameda,001,1643700,14401,11817,110,11927,189
2020-08-03,Alpine,003,1148,3,2,0,2,0
2020-08-03,Amador,005,37829,199,119,0,119,0
2020-08-03,Butte,007,227075,1250,989,11,1000,9
2020-08-03,Calaveras,009,45235,156,117,0,117,1
2020-08-03,Colusa,011,21464,392,336,0,336,2
2020-08-03,Contra Costa,013,1133247,11024,8069,28,8097,120
2020-08-03,Del Norte,015,27424,90,68,0,68,0
2020-08-03,El Dorado,017,186661,824,645,0,645,1
2020-08-03,Fresno,019,978130,22480,15945,187,16132,151
2020-08-03,Glenn,021,27897,390,316,0,316,1
2020-08-03,Humboldt,023,135768,277,234,1,235,4
2020-08-03,Imperial,025,180216,10491,7953,4,7957,161
2020-08-03,Inyo,027,18085,85,57,0,57,1
2020-08-03,Kern,029,883053,25735,21285,139,21424,176
2020-08-03,Kings,031,150075,4933,4107,25,4132,47
2020-08-03,Lake,033,64148,245,201,0,201,1
2020-08-03,Lassen,035,31185,642,555,2,557,0
2020-08-03,Los Angeles,037,10098052,208495,194103,647,194750,4706
2020-08-03,Madera,039,155013,3024,2143,4,2147,18
2020-08-03,Marin,041,260295,5520,5001,9,5010,43
2020-08-03,Mariposa,043,17540,63,52,0,52,2
2020-08-03,Mendocino,045,87422,355,248,0,248,1
2020-08-03,Merced,047,269075,6244,4028,1,4029,29
2020-08-03,Modoc,049,8938,7,2,0,2,0
2020-08-03,Mono,051,14174,158,104,0,104,1
2020-08-03,Monterey,053,433212,5900,4806,13,4819,28
2020-08-03,Napa,055,140530,1212,973,0,973,8
2020-08-03,Nevada,057,99092,352,315,12,327,2
2020-08-03,Orange,059,3164182,44655,37705,880,38585,651
2020-08-03,Placer,061,380077,2420,1947,1,1948,16
2020-08-03,Plumas,063,18699,36,25,0,25,0
2020-08-03,Riverside,065,2383286,46349,38642,31,38673,740
2020-08-03,Sacramento,067,1510023,13611,10143,6,10149,142
2020-08-03,San Benito,069,59416,752,603,0,603,2
2020-08-03,San Bernardino,071,2135413,41518,33979,195,34174,444
2020-08-03,San Diego,073,3302833,33400,30228,35,30263,565
2020-08-03,San Francisco,075,870044,7676,6319,6,6325,60
2020-08-03,San Joaquin,077,732212,15318,12007,14,12021,189
2020-08-03,San Luis Obispo,079,281455,2259,1863,7,1870,14
2020-08-03,San Mateo,081,765935,6825,5661,4,5665,115
2020-08-03,Santa Barbara,083,443738,7474,6580,53,6633,59
2020-08-03,Santa Clara,085,1922200,13435,10747,19,10766,172
2020-08-03,Santa Cruz,087,273765,1395,1154,9,1163,4
2020-08-03,Shasta,089,179085,509,322,3,325,9
2020-08-03,Sierra,091,2930,5,1,0,1,0
2020-08-03,Siskiyou,093,43540,98,67,0,67,0
2020-08-03,Solano,095,438530,4456,3610,26,3636,29
2020-08-03,Sonoma,097,501317,3989,3079,6,3085,33
2020-08-03,Stanislaus,099,539301,12274,9308,69,9377,96
2020-08-03,Sutter,101,95872,937,713,1,714,6
2020-08-03,Tehama,103,63373,293,225,2,227,1
2020-08-03,Trinity,105,12862,17,5,5,10,0
2020-08-03,Tulare,107,460477,11658,9703,28,9731,188
2020-08-03,Tuolumne,109,53932,158,123,2,125,0
2020-08-03,Ventura,111,848112,9070,8084,24,8108,74
2020-08-03,Yolo,113,214977,1934,1598,3,1601,37
2020-08-03,Yuba,115,75493,549,393,0,393,1
2020-08-02,Alameda,001,1643700,14157,11696,96,11792,188
2020-08-02,Alpine,003,1148,3,2,0,2,0
2020-08-02,Amador,005,37829,194,117,0,117,0
2020-08-02,Butte,007,227075,1215,987,11,998,9
2020-08-02,Calaveras,009,45235,153,116,0,116,1
2020-08-02,Colusa,011,21464,387,335,0,335,2
2020-08-02,Contra Costa,013,1133247,10786,7995,28,8023,118
2020-08-02,Del Norte,015,27424,89,68,0,68,0
2020-08-02,El Dorado,017,186661,814,643,0,643,1
2020-08-02,Fresno,019,978130,22205,15759,180,15939,151
2020-08-02,Glenn,021,27897,389,315,0,315,1
2020-08-02,Humboldt,023,135768,272,232,1,233,4
2020-08-02,Imperial,025,180216,10428,7919,4,7923,157
2020-08-02,Inyo,027,18085,84,45,0,45,1
2020-08-02,Kern,029,883053,25437,21162,137,21299,176
2020-08-02,Kings,031,150075,4871,3964,24,3988,47
2020-08-02,Lake,033,64148,240,201,0,201,1
2020-08-02,Lassen,035,31185,642,555,2,557,0
2020-08-02,Los Angeles,037,10098052,206399,192480,629,193109,4698
2020-08-02,Madera,039,155013,2958,2123,2,2125,18
2020-08-02,Marin,041,260295,5485,4985,9,4994,43
2020-08-02,Mariposa,043,17540,61,52,0,52,2
2020-08-02,Mendocino,045,87422,345,247,0,247,1
2020-08-02,Merced,047,269075,6103,4011,1,4012,29
2020-08-02,Modoc,049,8938,7,2,0,2,0
2020-08-02,Mono,051,14174,151,104,0,104,1
2020-08-02,Monterey,053,433212,5774,4698,13,4711,28
2020-08-02,Napa,055,140530,1197,956,0,956,8
2020-08-02,Nevada,057,99092,349,314,12,326,2
2020-08-02,Orange,059,3164182,44274,37266,869,38135,651
2020-08-02,Placer,061,380077,2381,1920,1,1921,15
2020-08-02,Plumas,063,18699,36,25,0,25,0
2020-08-02,Riverside,065,2383286,45916,38507,30,38537,735
2020-08-02,Sacramento,067,1510023,13332,10099,6,10105,142
2020-08-02,San Benito,069,59416,738,599,0,599,2
2020-08-02,San Bernardino,071,2135413,40917,33643,191,33834,443
2020-08-02,San Diego,073,3302833,33061,29885,26,29911,565
2020-08-02,San Francisco,075,870044,7558,6297,6,6303,60
2020-08-02,San Joaquin,077,732212,15032,11937,12,11949,189
2020-08-02,San Luis Obispo,079,281455,2197,1821,7,1828,14
2020-08-02,San Mateo,081,765935,6710,5618,4,5622,115
2020-08-02,Santa Barbara,083,443738,7383,6532,53,6585,59
2020-08-02,Santa Clara,085,1922200,13217,10577,19,10596,172
2020-08-02,Santa Cruz,087,273765,1375,1162,9,1171,4
2020-08-02,Shasta,089,179085,505,318,3,321,9
2020-08-02,Sierra,091,2930,4,1,0,1,0
2020-08-02,Siskiyou,093,43540,98,65,0,65,0
2020-08-02,Solano,095,438530,4397,3609,26,3635,29
2020-08-02,Sonoma,097,501317,3905,3005,6,3011,33
2020-08-02,Stanislaus,099,539301,12059,9277,63,9340,96
2020-08-02,Sutter,101,95872,902,714,1,715,6
2020-08-02,Tehama,103,63373,287,222,2,224,1
2020-08-02,Trinity,105,12862,16,5,5,10,0
2020-08-02,Tulare,107,460477,11449,9593,28,9621,188
2020-08-02,Tuolumne,109,53932,155,123,2,125,0
2020-08-02,Ventura,111,848112,8928,8014,24,8038,73
2020-08-02,Yolo,113,214977,1909,1588,3,1591,37
2020-08-02,Yuba,115,75493,529,393,0,393,1
2020-08-01,Alameda,001,1643700,14045,11590,96,11686,188
2020-08-01,Alpine,003,1148,3,2,0,2,0
2020-08-01,Amador,005,37829,190,109,0,109,0
2020-08-01,Butte,007,227075,1201,976,11,987,9
2020-08-01,Calaveras,009,45235,149,116,0,116,1
2020-08-01,Colusa,011,21464,386,327,0,327,2
2020-08-01,Contra Costa,013,1133247,10653,7867,27,7894,116
2020-08-01,Del Norte,015,27424,89,68,0,68,0
2020-08-01,El Dorado,017,186661,811,637,0,637,1
2020-08-01,Fresno,019,978130,22068,15448,180,15628,149
2020-08-01,Glenn,021,27897,388,311,0,311,1
2020-08-01,Humboldt,023,135768,271,232,1,233,4
2020-08-01,Imperial,025,180216,10392,7919,4,7923,156
2020-08-01,Inyo,027,18085,82,45,0,45,1
2020-08-01,Kern,029,883053,25277,20796,133,20929,176
2020-08-01,Kings,031,150075,4845,3948,24,3972,47
2020-08-01,Lake,033,64148,238,194,0,194,1
2020-08-01,Lassen,035,31185,641,555,2,557,0
2020-08-01,Los Angeles,037,10098052,205507,191023,601,191624,4674
2020-08-01,Madera,039,155013,2919,2103,2,2105,18
2020-08-01,Marin,041,260295,5471,4945,8,4953,43
2020-08-01,Mariposa,043,17540,61,50,0,50,2
2020-08-01,Mendocino,045,87422,338,243,0,243,1
2020-08-01,Merced,047,269075,6055,3972,1,3973,29
2020-08-01,Modoc,049,8938,7,2,0,2,0
2020-08-01,Mono,051,14174,150,104,0,104,1
2020-08-01,Monterey,053,433212,5707,4611,12,4623,28
2020-08-01,Napa,055,140530,1188,923,0,923,8
2020-08-01,Nevada,057,99092,345,305,12,317,2
2020-08-01,Orange,059,3164182,44047,36703,863,37566,648
2020-08-01,Placer,061,380077,2347,1891,1,1892,14
2020-08-01,Plumas,063,18699,35,25,0,25,0
2020-08-01,Riverside,065,2383286,45704,38216,28,38244,704
2020-08-01,Sacramento,067,1510023,13181,10044,6,10050,141
2020-08-01,San Benito,069,59416,727,579,0,579,2
2020-08-01,San Bernardino,071,2135413,40681,32947,190,33137,440
2020-08-01,San Diego,073,3302833,32844,29579,18,29597,565
2020-08-01,San Francisco,075,870044,7496,6296,6,6302,60
2020-08-01,San Joaquin,077,732212,14960,11807,11,11818,189
2020-08-01,San Luis Obispo,079,281455,2170,1798,7,1805,13
2020-08-01,San Mateo,081,765935,6656,5520,4,5524,115
2020-08-01,Santa Barbara,083,443738,7343,6465,53,6518,59
2020-08-01,Santa Clara,085,1922200,13066,10281,19,10300,171
2020-08-01,Santa Cruz,087,273765,1359,1164,9,1173,4
2020-08-01,Shasta,089,179085,500,312,3,315,9
2020-08-01,Sierra,091,2930,3,1,0,1,0
2020-08-01,Siskiyou,093,43540,98,64,0,64,0
2020-08-01,Solano,095,438530,4363,3591,25,3616,29
2020-08-01,Sonoma,097,501317,3859,2890,6,2896,29
2020-08-01,Stanislaus,099,539301,11941,9221,55,9276,96
2020-08-01,Sutter,101,95872,898,714,1,715,6
2020-08-01,Tehama,103,63373,284,220,2,222,1
2020-08-01,Trinity,105,12862,16,5,5,10,0
2020-08-01,Tulare,107,460477,11381,9520,28,9548,188
2020-08-01,Tuolumne,109,53932,155,123,2,125,0
2020-08-01,Ventura,111,848112,8882,7819,24,7843,73
2020-08-01,Yolo,113,214977,1899,1557,3,1560,37
2020-08-01,Yuba,115,75493,524,387,0,387,1
2020-07-31,Alameda,001,1643700,13914,11441,96,11537,187
2020-07-31,Alpine,003,1148,3,2,0,2,0
2020-07-31,Amador,005,37829,189,98,0,98,0
2020-07-31,Butte,007,227075,1178,925,11,936,7
2020-07-31,Calaveras,009,45235,149,112,0,112,1
2020-07-31,Colusa,011,21464,376,319,0,319,2
2020-07-31,Contra Costa,013,1133247,10505,7697,26,7723,113
2020-07-31,Del Norte,015,27424,88,68,0,68,0
2020-07-31,El Dorado,017,186661,800,616,0,616,1
2020-07-31,Fresno,019,978130,21849,15083,180,15263,133
2020-07-31,Glenn,021,27897,381,304,0,304,1
2020-07-31,Humboldt,023,135768,264,229,1,230,4
2020-07-31,Imperial,025,180216,10360,7886,4,7890,155
2020-07-31,Inyo,027,18085,72,45,0,45,1
2020-07-31,Kern,029,883053,25036,20061,128,20189,173
2020-07-31,Kings,031,150075,4817,3807,24,3831,45
2020-07-31,Lake,033,64148,237,191,0,191,1
2020-07-31,Lassen,035,31185,636,544,2,546,0
2020-07-31,Los Angeles,037,10098052,203898,188688,588,189276,4628
2020-07-31,Madera,039,155013,2872,2036,2,2038,19
2020-07-31,Marin,041,260295,5427,4885,5,4890,43
2020-07-31,Mariposa,043,17540,61,49,0,49,2
2020-07-31,Mendocino,045,87422,323,232,0,232,1
2020-07-31,Merced,047,269075,5972,3789,1,3790,30
2020-07-31,Modoc,049,8938,6,0,0,0,0
2020-07-31,Mono,051,14174,149,104,0,104,1
2020-07-31,Monterey,053,433212,5615,4493,12,4505,24
2020-07-31,Napa,055,140530,1176,897,0,897,7
2020-07-31,Nevada,057,99092,343,302,12,314,2
2020-07-31,Orange,059,3164182,43747,36196,847,37043,620
2020-07-31,Placer,061,380077,2322,1853,1,1854,14
2020-07-31,Plumas,063,18699,34,25,0,25,0
2020-07-31,Riverside,065,2383286,45314,37612,27,37639,694
2020-07-31,Sacramento,067,1510023,13003,9872,6,9878,132
2020-07-31,San Benito,069,59416,719,567,0,567,2
2020-07-31,San Bernardino,071,2135413,40352,32332,188,32520,434
2020-07-31,San Diego,073,3302833,32610,29050,10,29060,561
2020-07-31,San Francisco,075,870044,7397,6126,6,6132,60
2020-07-31,San Joaquin,077,732212,14824,11561,11,11572,177
2020-07-31,San Luis Obispo,079,281455,2100,1746,7,1753,12
2020-07-31,San Mateo,081,765935,6584,5416,4,5420,115
2020-07-31,Santa Barbara,083,443738,7276,6375,53,6428,58
2020-07-31,Santa Clara,085,1922200,12845,9863,19,9882,171
2020-07-31,Santa Cruz,087,273765,1336,1118,9,1127,4
2020-07-31,Shasta,089,179085,490,305,3,308,9
2020-07-31,Sierra,091,2930,3,1,0,1,0
2020-07-31,Siskiyou,093,43540,96,61,0,61,0
2020-07-31,Solano,095,438530,4316,3510,24,3534,29
2020-07-31,Sonoma,097,501317,3801,2745,6,2751,27
2020-07-31,Stanislaus,099,539301,11834,9061,50,9111,94
2020-07-31,Sutter,101,95872,893,714,1,715,6
2020-07-31,Tehama,103,63373,281,213,2,215,1
2020-07-31,Trinity,105,12862,16,5,5,10,0
2020-07-31,Tulare,107,460477,11260,9365,28,9393,184
2020-07-31,Tuolumne,109,53932,155,120,2,122,0
2020-07-31,Ventura,111,848112,8807,7521,24,7545,71
2020-07-31,Yolo,113,214977,1873,1522,3,1525,38
2020-07-31,Yuba,115,75493,515,369,0,369,1
2020-07-30,Alameda,001,1643700,13714,11303,53,11356,185
2020-07-30,Alpine,003,1148,3,2,0,2,0
2020-07-30,Amador,005,37829,171,97,0,97,0
2020-07-30,Butte,007,227075,1162,915,11,926,7
2020-07-30,Calaveras,009,45235,145,111,0,111,1
2020-07-30,Colusa,011,21464,373,315,0,315,2
2020-07-30,Contra Costa,013,1133247,10320,7615,25,7640,112
2020-07-30,Del Norte,015,27424,88,68,0,68,0
2020-07-30,El Dorado,017,186661,793,608,0,608,1
2020-07-30,Fresno,019,978130,21514,14793,174,14967,133
2020-07-30,Glenn,021,27897,374,297,0,297,1
2020-07-30,Humboldt,023,135768,262,228,1,229,4
2020-07-30,Imperial,025,180216,10301,7849,4,7853,151
2020-07-30,Inyo,027,18085,68,44,0,44,1
2020-07-30,Kern,029,883053,24743,19552,124,19676,171
2020-07-30,Kings,031,150075,4713,3785,24,3809,43
2020-07-30,Lake,033,64148,231,181,0,181,1
2020-07-30,Lassen,035,31185,633,544,2,546,0
2020-07-30,Los Angeles,037,10098052,201863,186177,555,186732,4564
2020-07-30,Madera,039,155013,2802,2007,2,2009,18
2020-07-30,Marin,041,260295,5385,4835,4,4839,39
2020-07-30,Mariposa,043,17540,61,49,0,49,1
2020-07-30,Mendocino,045,87422,316,232,0,232,1
2020-07-30,Merced,047,269075,5807,3695,1,3696,30
2020-07-30,Modoc,049,8938,6,0,0,0,0
2020-07-30,Mono,051,14174,148,104,0,104,1
2020-07-30,Monterey,053,433212,5503,4352,12,4364,24
2020-07-30,Napa,055,140530,1159,874,0,874,7
2020-07-30,Nevada,057,99092,338,292,12,304,2
2020-07-30,Orange,059,3164182,43333,36105,822,36927,607
2020-07-30,Placer,061,380077,2271,1821,1,1822,14
2020-07-30,Plumas,063,18699,33,25,0,25,0
2020-07-30,Riverside,065,2383286,44773,37308,27,37335,685
2020-07-30,Sacramento,067,1510023,12783,9704,6,9710,126
2020-07-30,San Benito,069,59416,706,558,0,558,2
2020-07-30,San Bernardino,071,2135413,39827,32010,188,32198,427
2020-07-30,San Diego,073,3302833,32263,28670,8,28678,558
2020-07-30,San Francisco,075,870044,7297,6107,6,6113,59
2020-07-30,San Joaquin,077,732212,14630,11435,11,11446,161
2020-07-30,San Luis Obispo,079,281455,2065,1703,7,1710,12
2020-07-30,San Mateo,081,765935,6489,5369,4,5373,115
2020-07-30,Santa Barbara,083,443738,7196,6273,53,6326,52
2020-07-30,Santa Clara,085,1922200,12607,9708,18,9726,170
2020-07-30,Santa Cruz,087,273765,1309,1087,9,1096,4
2020-07-30,Shasta,089,179085,486,306,3,309,8
2020-07-30,Sierra,091,2930,3,1,0,1,0
2020-07-30,Siskiyou,093,43540,95,60,0,60,0
2020-07-30,Solano,095,438530,4265,3463,24,3487,29
2020-07-30,Sonoma,097,501317,3729,2684,6,2690,25
2020-07-30,Stanislaus,099,539301,11621,8890,42,8932,94
2020-07-30,Sutter,101,95872,874,698,1,699,6
2020-07-30,Tehama,103,63373,278,208,2,210,1
2020-07-30,Trinity,105,12862,16,4,5,9,0
2020-07-30,Tulare,107,460477,11131,9167,28,9195,177
2020-07-30,Tuolumne,109,53932,154,119,2,121,0
2020-07-30,Ventura,111,848112,8695,7304,22,7326,69
2020-07-30,Yolo,113,214977,1853,1511,3,1514,37
2020-07-30,Yuba,115,75493,502,362,0,362,1
2020-07-29,Alameda,001,1643700,13495,11177,48,11225,180
2020-07-29,Alpine,003,1148,3,2,0,2,0
2020-07-29,Amador,005,37829,163,80,0,80,0
2020-07-29,Butte,007,227075,1136,889,9,898,7
2020-07-29,Calaveras,009,45235,139,107,0,107,1
2020-07-29,Colusa,011,21464,369,302,0,302,2
2020-07-29,Contra Costa,013,1133247,10117,7520,25,7545,108
2020-07-29,Del Norte,015,27424,88,68,0,68,0
2020-07-29,El Dorado,017,186661,783,588,0,588,1
2020-07-29,Fresno,019,978130,21223,14312,174,14486,125
2020-07-29,Glenn,021,27897,367,294,0,294,1
2020-07-29,Humboldt,023,135768,259,221,1,222,4
2020-07-29,Imperial,025,180216,10253,7825,4,7829,147
2020-07-29,Inyo,027,18085,63,44,0,44,1
2020-07-29,Kern,029,883053,24405,19073,121,19194,162
2020-07-29,Kings,031,150075,4665,3755,24,3779,43
2020-07-29,Lake,033,64148,229,179,0,179,1
2020-07-29,Lassen,035,31185,618,513,2,515,0
2020-07-29,Los Angeles,037,10098052,199827,183600,538,184138,4523
2020-07-29,Madera,039,155013,2748,1941,2,1943,18
2020-07-29,Marin,041,260295,5347,4747,4,4751,34
2020-07-29,Mariposa,043,17540,60,47,0,47,1
2020-07-29,Mendocino,045,87422,308,228,0,228,0
2020-07-29,Merced,047,269075,5667,3605,1,3606,25
2020-07-29,Modoc,049,8938,5,0,0,0,0
2020-07-29,Mono,051,14174,145,102,0,102,1
2020-07-29,Monterey,053,433212,5404,4252,12,4264,24
2020-07-29,Napa,055,140530,1131,866,0,866,7
2020-07-29,Nevada,057,99092,334,288,12,300,1
2020-07-29,Orange,059,3164182,42899,35339,810,36149,589
2020-07-29,Placer,061,380077,2239,1798,1,1799,14
2020-07-29,Plumas,063,18699,33,25,0,25,0
2020-07-29,Riverside,065,2383286,44182,36968,27,36995,678
2020-07-29,Sacramento,067,1510023,12537,9538,6,9544,122
2020-07-29,San Benito,069,59416,691,537,0,537,2
2020-07-29,San Bernardino,071,2135413,39338,31168,177,31345,417
2020-07-29,San Diego,073,3302833,31938,28289,7,28296,552
2020-07-29,San Francisco,075,870044,7203,6041,6,6047,56
2020-07-29,San Joaquin,077,732212,14382,11249,8,11257,154
2020-07-29,San Luis Obispo,079,281455,2045,1673,7,1680,11
2020-07-29,San Mateo,081,765935,6401,5305,4,5309,114
2020-07-29,Santa Barbara,083,443738,7126,6215,53,6268,31
2020-07-29,Santa Clara,085,1922200,12399,9567,18,9585,165
2020-07-29,Santa Cruz,087,273765,1285,1051,9,1060,4
2020-07-29,Shasta,089,179085,474,297,3,300,8
2020-07-29,Sierra,091,2930,2,1,0,1,0
2020-07-29,Siskiyou,093,43540,93,58,0,58,0
2020-07-29,Solano,095,438530,4211,3380,24,3404,29
2020-07-29,Sonoma,097,501317,3652,2598,6,2604,26
2020-07-29,Stanislaus,099,539301,11400,8745,36,8781,94
2020-07-29,Sutter,101,95872,846,678,1,679,6
2020-07-29,Tehama,103,63373,274,206,2,208,1
2020-07-29,Trinity,105,12862,16,4,5,9,0
2020-07-29,Tulare,107,460477,10960,9028,28,9056,156
2020-07-29,Tuolumne,109,53932,154,118,2,120,0
2020-07-29,Ventura,111,848112,8590,7161,22,7183,68
2020-07-29,Yolo,113,214977,1827,1488,3,1491,36
2020-07-29,Yuba,115,75493,486,350,0,350,1
2020-07-28,Alameda,001,1643700,13268,10875,47,10922,180
2020-07-28,Alpine,003,1148,3,2,0,2,0
2020-07-28,Amador,005,37829,153,77,0,77,0
2020-07-28,Butte,007,227075,1101,857,9,866,7
2020-07-28,Calaveras,009,45235,138,105,0,105,1
2020-07-28,Colusa,011,21464,363,290,0,290,2
2020-07-28,Contra Costa,013,1133247,9895,7426,25,7451,107
2020-07-28,Del Norte,015,27424,87,68,0,68,0
2020-07-28,El Dorado,017,186661,768,558,0,558,1
2020-07-28,Fresno,019,978130,20889,13933,168,14101,125
2020-07-28,Glenn,021,27897,365,289,0,289,1
2020-07-28,Humboldt,023,135768,258,218,1,219,4
2020-07-28,Imperial,025,180216,10217,7804,4,7808,145
2020-07-28,Inyo,027,18085,61,43,0,43,1
2020-07-28,Kern,029,883053,24042,18834,115,18949,155
2020-07-28,Kings,031,150075,4619,3721,24,3745,41
2020-07-28,Lake,033,64148,225,179,0,179,1
2020-07-28,Lassen,035,31185,612,508,2,510,0
2020-07-28,Los Angeles,037,10098052,197596,179107,516,179623,4435
2020-07-28,Madera,039,155013,2682,1889,2,1891,18
2020-07-28,Marin,041,260295,5278,4698,4,4702,23
2020-07-28,Mariposa,043,17540,58,45,0,45,1
2020-07-28,Mendocino,045,87422,297,222,0,222,0
2020-07-28,Merced,047,269075,5522,3446,1,3447,23
2020-07-28,Modoc,049,8938,4,0,0,0,0
2020-07-28,Mono,051,14174,144,102,0,102,1
2020-07-28,Monterey,053,433212,5283,4047,12,4059,22
2020-07-28,Napa,055,140530,1109,824,0,824,6
2020-07-28,Nevada,057,99092,329,278,12,290,1
2020-07-28,Orange,059,3164182,42441,34832,796,35628,582
2020-07-28,Placer,061,380077,2204,1759,1,1760,14
2020-07-28,Plumas,063,18699,33,22,0,22,0
2020-07-28,Riverside,065,2383286,43582,36458,27,36485,668
2020-07-28,Sacramento,067,1510023,12279,9429,6,9435,117
2020-07-28,San Benito,069,59416,681,503,0,503,2
2020-07-28,San Bernardino,071,2135413,38817,30493,173,30666,412
2020-07-28,San Diego,073,3302833,31588,28007,5,28012,547
2020-07-28,San Francisco,075,870044,7090,5888,6,5894,56
2020-07-28,San Joaquin,077,732212,14099,10958,6,10964,141
2020-07-28,San Luis Obispo,079,281455,2014,1636,7,1643,9
2020-07-28,San Mateo,081,765935,6327,5171,4,5175,114
2020-07-28,Santa Barbara,083,443738,7063,6110,51,6161,31
2020-07-28,Santa Clara,085,1922200,12164,9307,18,9325,165
2020-07-28,Santa Cruz,087,273765,1258,1018,9,1027,4
2020-07-28,Shasta,089,179085,462,275,3,278,8
2020-07-28,Sierra,091,2930,2,1,0,1,0
2020-07-28,Siskiyou,093,43540,89,57,0,57,0
2020-07-28,Solano,095,438530,4164,3292,23,3315,29
2020-07-28,Sonoma,097,501317,3579,2553,6,2559,20
2020-07-28,Stanislaus,099,539301,11179,8492,27,8519,92
2020-07-28,Sutter,101,95872,809,653,0,653,2
2020-07-28,Tehama,103,63373,269,199,2,201,1
2020-07-28,Trinity,105,12862,16,3,5,8,0
2020-07-28,Tulare,107,460477,10773,8787,28,8815,96
2020-07-28,Tuolumne,109,53932,153,116,2,118,0
2020-07-28,Ventura,111,848112,8464,7045,21,7066,68
2020-07-28,Yolo,113,214977,1799,1459,3,1462,36
2020-07-28,Yuba,115,75493,469,333,0,333,1
2020-07-27,Alameda,001,1643700,13041,10645,44,10689,176
2020-07-27,Alpine,003,1148,3,2,0,2,0
2020-07-27,Amador,005,37829,148,72,0,72,0
2020-07-27,Butte,007,227075,1074,843,9,852,7
2020-07-27,Calaveras,009,45235,134,103,0,103,1
2020-07-27,Colusa,011,21464,356,271,0,271,2
2020-07-27,Contra Costa,013,1133247,9673,7256,25,7281,104
2020-07-27,Del Norte,015,27424,86,67,0,67,0
2020-07-27,El Dorado,017,186661,756,548,0,548,1
2020-07-27,Fresno,019,978130,20543,13485,162,13647,117
2020-07-27,Glenn,021,27897,363,277,0,277,1
2020-07-27,Humboldt,023,135768,253,218,1,219,4
2020-07-27,Imperial,025,180216,10167,7789,4,7793,144
2020-07-27,Inyo,027,18085,61,43,0,43,1
2020-07-27,Kern,029,883053,23540,17994,109,18103,148
2020-07-27,Kings,031,150075,4370,3685,24,3709,39
2020-07-27,Lake,033,64148,221,176,0,176,1
2020-07-27,Lassen,035,31185,612,503,2,505,0
2020-07-27,Los Angeles,037,10098052,195144,176351,495,176846,4379
2020-07-27,Madera,039,155013,2617,1793,2,1795,17
2020-07-27,Marin,041,260295,5190,4669,4,4673,22
2020-07-27,Mariposa,043,17540,58,43,0,43,1
2020-07-27,Mendocino,045,87422,284,209,0,209,0
2020-07-27,Merced,047,269075,5382,3292,1,3293,23
2020-07-27,Modoc,049,8938,3,0,0,0,0
2020-07-27,Mono,051,14174,140,99,0,99,1
2020-07-27,Monterey,053,433212,5093,3960,12,3972,21
2020-07-27,Napa,055,140530,1094,769,0,769,6
2020-07-27,Nevada,057,99092,325,268,12,280,1
2020-07-27,Orange,059,3164182,42001,34649,780,35429,566
2020-07-27,Placer,061,380077,2154,1679,1,1680,12
2020-07-27,Plumas,063,18699,33,22,0,22,0
2020-07-27,Riverside,065,2383286,42905,35822,27,35849,667
2020-07-27,Sacramento,067,1510023,11987,9091,6,9097,114
2020-07-27,San Benito,069,59416,666,498,0,498,2
2020-07-27,San Bernardino,071,2135413,38226,29928,162,30090,401
2020-07-27,San Diego,073,3302833,31214,27509,4,27513,533
2020-07-27,San Francisco,075,870044,7003,5825,6,5831,55
2020-07-27,San Joaquin,077,732212,13808,10728,6,10734,129
2020-07-27,San Luis Obispo,079,281455,1969,1612,7,1619,9
2020-07-27,San Mateo,081,765935,6218,5108,4,5112,113
2020-07-27,Santa Barbara,083,443738,6982,6026,49,6075,30
2020-07-27,Santa Clara,085,1922200,11897,9157,17,9174,166
2020-07-27,Santa Cruz,087,273765,1236,984,9,993,4
2020-07-27,Shasta,089,179085,455,275,3,278,8
2020-07-27,Sierra,091,2930,2,1,0,1,0
2020-07-27,Siskiyou,093,43540,87,54,0,54,0
2020-07-27,Solano,095,438530,4097,3198,22,3220,29
2020-07-27,Sonoma,097,501317,3488,2504,6,2510,20
2020-07-27,Stanislaus,099,539301,10952,8288,19,8307,84
2020-07-27,Sutter,101,95872,783,620,0,620,2
2020-07-27,Tehama,103,63373,261,192,2,194,1
2020-07-27,Trinity,105,12862,16,3,5,8,0
2020-07-27,Tulare,107,460477,10555,8462,28,8490,172
2020-07-27,Tuolumne,109,53932,150,115,2,117,0
2020-07-27,Ventura,111,848112,8336,6998,21,7019,68
2020-07-27,Yolo,113,214977,1754,1439,3,1442,33
2020-07-27,Yuba,115,75493,449,328,0,328,1
2020-07-26,Alameda,001,1643700,12803,10489,44,10533,176
2020-07-26,Alpine,003,1148,3,2,0,2,0
2020-07-26,Amador,005,37829,142,67,0,67,0
2020-07-26,Butte,007,227075,1037,822,9,831,5
2020-07-26,Calaveras,009,45235,131,103,0,103,1
2020-07-26,Colusa,011,21464,347,270,0,270,2
2020-07-26,Contra Costa,013,1133247,9436,7095,25,7120,104
2020-07-26,Del Norte,015,27424,84,67,0,67,0
2020-07-26,El Dorado,017,186661,738,539,0,539,1
2020-07-26,Fresno,019,978130,20151,13209,154,13363,117
2020-07-26,Glenn,021,27897,355,265,0,265,1
2020-07-26,Humboldt,023,135768,247,214,1,215,4
2020-07-26,Imperial,025,180216,10094,7781,4,7785,144
2020-07-26,Inyo,027,18085,56,43,0,43,1
2020-07-26,Kern,029,883053,23016,17394,106,17500,148
2020-07-26,Kings,031,150075,4311,3591,24,3615,39
2020-07-26,Lake,033,64148,213,174,0,174,1
2020-07-26,Lassen,035,31185,571,503,2,505,0
2020-07-26,Los Angeles,037,10098052,192571,174322,476,174798,4364
2020-07-26,Madera,039,155013,2530,1744,2,1746,17
2020-07-26,Marin,041,260295,5144,4595,4,4599,22
2020-07-26,Mariposa,043,17540,56,43,0,43,1
2020-07-26,Mendocino,045,87422,275,206,0,206,0
2020-07-26,Merced,047,269075,5202,3251,1,3252,23
2020-07-26,Modoc,049,8938,3,0,0,0,0
2020-07-26,Mono,051,14174,136,82,0,82,1
2020-07-26,Monterey,053,433212,4927,3901,12,3913,21
2020-07-26,Napa,055,140530,1075,769,0,769,6
2020-07-26,Nevada,057,99092,322,261,12,273,1
2020-07-26,Orange,059,3164182,41476,34352,748,35100,564
2020-07-26,Placer,061,380077,2089,1628,1,1629,12
2020-07-26,Plumas,063,18699,33,22,0,22,0
2020-07-26,Riverside,065,2383286,42346,35636,27,35663,665
2020-07-26,Sacramento,067,1510023,11683,8972,6,8978,114
2020-07-26,San Benito,069,59416,654,495,0,495,2
2020-07-26,San Bernardino,071,2135413,37588,29545,153,29698,400
2020-07-26,San Diego,073,3302833,30819,26986,3,26989,533
2020-07-26,San Francisco,075,870044,6895,5823,6,5829,55
2020-07-26,San Joaquin,077,732212,13516,10637,6,10643,129
2020-07-26,San Luis Obispo,079,281455,1926,1565,7,1572,8
2020-07-26,San Mateo,081,765935,6112,5078,4,5082,113
2020-07-26,Santa Barbara,083,443738,6880,5939,49,5988,30
2020-07-26,Santa Clara,085,1922200,11668,8986,17,9003,166
2020-07-26,Santa Cruz,087,273765,1209,970,9,979,4
2020-07-26,Shasta,089,179085,448,265,3,268,8
2020-07-26,Sierra,091,2930,2,1,0,1,0
2020-07-26,Siskiyou,093,43540,85,54,0,54,0
2020-07-26,Solano,095,438530,4017,3197,20,3217,29
2020-07-26,Sonoma,097,501317,3399,2503,5,2508,20
2020-07-26,Stanislaus,099,539301,10692,8228,17,8245,84
2020-07-26,Sutter,101,95872,769,612,0,612,2
2020-07-26,Tehama,103,63373,254,175,2,177,1
2020-07-26,Trinity,105,12862,16,3,5,8,0
2020-07-26,Tulare,107,460477,10348,8392,28,8420,172
2020-07-26,Tuolumne,109,53932,145,113,2,115,0
2020-07-26,Ventura,111,848112,8130,6844,21,6865,67
2020-07-26,Yolo,113,214977,1723,1408,3,1411,33
2020-07-26,Yuba,115,75493,430,313,0,313,1
2020-07-25,Alameda,001,1643700,12706,10361,42,10403,176
2020-07-25,Alpine,003,1148,3,2,0,2,0
2020-07-25,Amador,005,37829,139,67,0,67,0
2020-07-25,Butte,007,227075,1028,810,9,819,5
2020-07-25,Calaveras,009,45235,127,103,0,103,1
2020-07-25,Colusa,011,21464,340,265,0,265,2
2020-07-25,Contra Costa,013,1133247,9291,6920,25,6945,104
2020-07-25,Del Norte,015,27424,84,67,0,67,0
2020-07-25,El Dorado,017,186661,727,528,0,528,1
2020-07-25,Fresno,019,978130,19965,12866,154,13020,117
2020-07-25,Glenn,021,27897,353,260,0,260,1
2020-07-25,Humboldt,023,135768,244,212,1,213,4
2020-07-25,Imperial,025,180216,10068,7727,4,7731,144
2020-07-25,Inyo,027,18085,55,43,0,43,1
2020-07-25,Kern,029,883053,22798,16910,105,17015,148
2020-07-25,Kings,031,150075,4294,3516,24,3540,39
2020-07-25,Lake,033,64148,211,173,0,173,1
2020-07-25,Lassen,035,31185,571,503,2,505,0
2020-07-25,Los Angeles,037,10098052,191441,172611,468,173079,4357
2020-07-25,Madera,039,155013,2498,1724,2,1726,17
2020-07-25,Marin,041,260295,5128,4562,4,4566,22
2020-07-25,Mariposa,043,17540,55,43,0,43,1
2020-07-25,Mendocino,045,87422,269,190,0,190,0
2020-07-25,Merced,047,269075,5123,3176,1,3177,23
2020-07-25,Modoc,049,8938,3,0,0,0,0
2020-07-25,Mono,051,14174,136,82,0,82,1
2020-07-25,Monterey,053,433212,4850,3805,12,3817,21
2020-07-25,Napa,055,140530,1062,746,0,746,6
2020-07-25,Nevada,057,99092,320,257,12,269,1
2020-07-25,Orange,059,3164182,41256,33978,726,34704,561
2020-07-25,Placer,061,380077,2073,1596,1,1597,12
2020-07-25,Plumas,063,18699,33,22,0,22,0
2020-07-25,Riverside,065,2383286,42078,34921,27,34948,655
2020-07-25,Sacramento,067,1510023,11537,8674,6,8680,113
2020-07-25,San Benito,069,59416,638,492,0,492,2
2020-07-25,San Bernardino,071,2135413,37309,29265,150,29415,394
2020-07-25,San Diego,073,3302833,30558,26703,3,26706,533
2020-07-25,San Francisco,075,870044,6837,5644,6,5650,55
2020-07-25,San Joaquin,077,732212,13390,10347,6,10353,129
2020-07-25,San Luis Obispo,079,281455,1906,1530,6,1536,8
2020-07-25,San Mateo,081,765935,6049,5023,4,5027,113
2020-07-25,Santa Barbara,083,443738,6845,5880,49,5929,30
2020-07-25,Santa Clara,085,1922200,11534,8767,17,8784,166
2020-07-25,Santa Cruz,087,273765,1192,939,9,948,4
2020-07-25,Shasta,089,179085,443,263,1,264,8
2020-07-25,Sierra,091,2930,2,1,0,1,0
2020-07-25,Siskiyou,093,43540,83,54,0,54,0
2020-07-25,Solano,095,438530,3977,3107,18,3125,29
2020-07-25,Sonoma,097,501317,3360,2412,5,2417,20
2020-07-25,Stanislaus,099,539301,10589,7994,14,8008,84
2020-07-25,Sutter,101,95872,750,603,0,603,2
2020-07-25,Tehama,103,63373,253,169,2,171,1
2020-07-25,Trinity,105,12862,16,3,5,8,0
2020-07-25,Tulare,107,460477,10248,8310,28,8338,172
2020-07-25,Tuolumne,109,53932,144,99,2,101,0
2020-07-25,Ventura,111,848112,8057,6662,21,6683,62
2020-07-25,Yolo,113,214977,1708,1357,3,1360,35
2020-07-25,Yuba,115,75493,424,312,0,312,1
2020-07-24,Alameda,001,1643700,12564,10216,39,10255,176
2020-07-24,Alpine,003,1148,3,2,0,2,0
2020-07-24,Amador,005,37829,137,66,0,66,0
2020-07-24,Butte,007,227075,1016,751,9,760,5
2020-07-24,Calaveras,009,45235,123,102,0,102,0
2020-07-24,Colusa,011,21464,337,255,0,255,2
2020-07-24,Contra Costa,013,1133247,9145,6814,25,6839,100
2020-07-24,Del Norte,015,27424,84,66,0,66,0
2020-07-24,El Dorado,017,186661,705,516,0,516,1
2020-07-24,Fresno,019,978130,19739,12564,154,12718,115
2020-07-24,Glenn,021,27897,350,251,0,251,1
2020-07-24,Humboldt,023,135768,241,210,1,211,4
2020-07-24,Imperial,025,180216,10046,7686,4,7690,141
2020-07-24,Inyo,027,18085,55,41,0,41,1
2020-07-24,Kern,029,883053,22557,16124,105,16229,143
2020-07-24,Kings,031,150075,4265,3471,24,3495,39
2020-07-24,Lake,033,64148,209,167,0,167,1
2020-07-24,Lassen,035,31185,571,503,2,505,0
2020-07-24,Los Angeles,037,10098052,189422,169078,455,169533,4302
2020-07-24,Madera,039,155013,2465,1679,2,1681,16
2020-07-24,Marin,041,260295,5101,4517,4,4521,22
2020-07-24,Mariposa,043,17540,55,41,0,41,1
2020-07-24,Mendocino,045,87422,262,188,0,188,0
2020-07-24,Merced,047,269075,5038,3100,1,3101,23
2020-07-24,Modoc,049,8938,3,0,0,0,0
2020-07-24,Mono,051,14174,135,82,0,82,1
2020-07-24,Monterey,053,433212,4778,3748,12,3760,21
2020-07-24,Napa,055,140530,1049,741,0,741,6
2020-07-24,Nevada,057,99092,317,255,12,267,1
2020-07-24,Orange,059,3164182,40969,33530,709,34239,557
2020-07-24,Placer,061,380077,2042,1551,1,1552,12
2020-07-24,Plumas,063,18699,33,22,0,22,0
2020-07-24,Riverside,065,2383286,41655,34513,26,34539,631
2020-07-24,Sacramento,067,1510023,11349,8570,6,8576,110
2020-07-24,San Benito,069,59416,631,485,0,485,2
2020-07-24,San Bernardino,071,2135413,36937,28990,144,29134,386
2020-07-24,San Diego,073,3302833,30258,26100,3,26103,524
2020-07-24,San Francisco,075,870044,6743,5611,6,5617,55
2020-07-24,San Joaquin,077,732212,13242,10190,6,10196,118
2020-07-24,San Luis Obispo,079,281455,1882,1476,6,1482,8
2020-07-24,San Mateo,081,765935,5986,4954,4,4958,112
2020-07-24,Santa Barbara,083,443738,6791,5776,47,5823,30
2020-07-24,Santa Clara,085,1922200,11370,8658,17,8675,165
2020-07-24,Santa Cruz,087,273765,1172,930,9,939,4
2020-07-24,Shasta,089,179085,435,262,1,263,8
2020-07-24,Sierra,091,2930,2,1,0,1,0
2020-07-24,Siskiyou,093,43540,83,53,0,53,0
2020-07-24,Solano,095,438530,3941,3062,15,3077,29
2020-07-24,Sonoma,097,501317,3307,2345,5,2350,20
2020-07-24,Stanislaus,099,539301,10417,7861,11,7872,82
2020-07-24,Sutter,101,95872,739,593,0,593,2
2020-07-24,Tehama,103,63373,245,170,2,172,1
2020-07-24,Trinity,105,12862,15,3,5,8,0
2020-07-24,Tulare,107,460477,10154,8167,26,8193,167
2020-07-24,Tuolumne,109,53932,138,99,2,101,0
2020-07-24,Ventura,111,848112,7972,6553,21,6574,60
2020-07-24,Yolo,113,214977,1694,1329,3,1332,35
2020-07-24,Yuba,115,75493,409,307,0,307,1
2020-07-23,Alameda,001,1643700,12325,9924,39,9963,171
2020-07-23,Alpine,003,1148,3,2,0,2,0
2020-07-23,Amador,005,37829,120,61,0,61,0
2020-07-23,Butte,007,227075,1001,726,9,735,5
2020-07-23,Calaveras,009,45235,116,102,0,102,0
2020-07-23,Colusa,011,21464,329,242,0,242,2
2020-07-23,Contra Costa,013,1133247,8944,6619,23,6642,98
2020-07-23,Del Norte,015,27424,84,66,0,66,0
2020-07-23,El Dorado,017,186661,694,491,0,491,1
2020-07-23,Fresno,019,978130,19383,12164,151,12315,112
2020-07-23,Glenn,021,27897,345,246,0,246,1
2020-07-23,Humboldt,023,135768,240,208,1,209,4
2020-07-23,Imperial,025,180216,9996,7604,4,7608,138
2020-07-23,Inyo,027,18085,53,38,0,38,1
2020-07-23,Kern,029,883053,22150,14491,101,14592,128
2020-07-23,Kings,031,150075,4156,3371,24,3395,39
2020-07-23,Lake,033,64148,200,160,0,160,1
2020-07-23,Lassen,035,31185,568,503,2,505,0
2020-07-23,Los Angeles,037,10098052,186874,167198,428,167626,4265
2020-07-23,Madera,039,155013,2399,1659,2,1661,13
2020-07-23,Marin,041,260295,5049,4423,4,4427,22
2020-07-23,Mariposa,043,17540,55,40,0,40,1
2020-07-23,Mendocino,045,87422,252,178,0,178,0
2020-07-23,Merced,047,269075,4882,2972,1,2973,22
2020-07-23,Modoc,049,8938,3,0,0,0,0
2020-07-23,Mono,051,14174,131,82,0,82,1
2020-07-23,Monterey,053,433212,4661,3655,12,3667,21
2020-07-23,Napa,055,140530,1025,713,0,713,5
2020-07-23,Nevada,057,99092,314,247,12,259,1
2020-07-23,Orange,059,3164182,40473,32863,678,33541,544
2020-07-23,Placer,061,380077,1999,1519,1,1520,12
2020-07-23,Plumas,063,18699,32,21,0,21,0
2020-07-23,Riverside,065,2383286,41049,33833,26,33859,630
2020-07-23,Sacramento,067,1510023,11119,8222,6,8228,108
2020-07-23,San Benito,069,59416,616,478,0,478,2
2020-07-23,San Bernardino,071,2135413,36418,28121,138,28259,369
2020-07-23,San Diego,073,3302833,29884,25109,3,25112,505
2020-07-23,San Francisco,075,870044,6641,5543,6,5549,55
2020-07-23,San Joaquin,077,732212,13023,9861,6,9867,111
2020-07-23,San Luis Obispo,079,281455,1855,1438,6,1444,7
2020-07-23,San Mateo,081,765935,5881,4895,4,4899,113
2020-07-23,Santa Barbara,083,443738,6717,5628,47,5675,30
2020-07-23,Santa Clara,085,1922200,11152,8458,17,8475,165
2020-07-23,Santa Cruz,087,273765,1136,887,9,896,3
2020-07-23,Shasta,089,179085,424,254,1,255,9
2020-07-23,Sierra,091,2930,2,1,0,1,0
2020-07-23,Siskiyou,093,43540,81,53,0,53,0
2020-07-23,Solano,095,438530,3877,2962,13,2975,29
2020-07-23,Sonoma,097,501317,3231,2289,5,2294,18
2020-07-23,Stanislaus,099,539301,10175,7603,11,7614,71
2020-07-23,Sutter,101,95872,706,570,0,570,2
2020-07-23,Tehama,103,63373,239,158,2,160,1
2020-07-23,Trinity,105,12862,14,3,5,8,0
2020-07-23,Tulare,107,460477,9965,7898,26,7924,168
2020-07-23,Tuolumne,109,53932,138,93,2,95,0
2020-07-23,Ventura,111,848112,7848,6303,21,6324,56
2020-07-23,Yolo,113,214977,1676,1279,3,1282,35
2020-07-23,Yuba,115,75493,389,297,0,297,1
2020-07-22,Alameda,001,1643700,12106,9678,38,9716,169
2020-07-22,Alpine,003,1148,3,2,0,2,0
2020-07-22,Amador,005,37829,118,58,0,58,0
2020-07-22,Butte,007,227075,966,694,8,702,5
2020-07-22,Calaveras,009,45235,116,98,0,98,0
2020-07-22,Colusa,011,21464,322,236,0,236,0
2020-07-22,Contra Costa,013,1133247,8718,6401,23,6424,98
2020-07-22,Del Norte,015,27424,84,66,0,66,0
2020-07-22,El Dorado,017,186661,681,466,0,466,1
2020-07-22,Fresno,019,978130,19023,11756,145,11901,110
2020-07-22,Glenn,021,27897,339,236,0,236,1
2020-07-22,Humboldt,023,135768,238,201,1,202,4
2020-07-22,Imperial,025,180216,9937,7533,4,7537,134
2020-07-22,Inyo,027,18085,49,38,0,38,1
2020-07-22,Kern,029,883053,21717,13513,94,13607,127
2020-07-22,Kings,031,150075,4102,3271,24,3295,38
2020-07-22,Lake,033,64148,197,160,0,160,1
2020-07-22,Lassen,035,31185,565,500,2,502,0
2020-07-22,Los Angeles,037,10098052,184215,165242,405,165647,4218
2020-07-22,Madera,039,155013,2324,1578,2,1580,10
2020-07-22,Marin,041,260295,4993,4373,4,4377,23
2020-07-22,Mariposa,043,17540,55,38,0,38,1
2020-07-22,Mendocino,045,87422,245,166,0,166,0
2020-07-22,Merced,047,269075,4755,2828,1,2829,15
2020-07-22,Modoc,049,8938,3,0,0,0,0
2020-07-22,Mono,051,14174,128,82,0,82,1
2020-07-22,Monterey,053,433212,4560,3533,12,3545,20
2020-07-22,Napa,055,140530,1003,687,0,687,5
2020-07-22,Nevada,057,99092,308,239,11,250,1
2020-07-22,Orange,059,3164182,39974,32047,669,32716,522
2020-07-22,Placer,061,380077,1943,1469,1,1470,12
2020-07-22,Plumas,063,18699,31,20,0,20,0
2020-07-22,Riverside,065,2383286,40415,33093,26,33119,612
2020-07-22,Sacramento,067,1510023,10855,8028,5,8033,106
2020-07-22,San Benito,069,59416,602,465,0,465,2
2020-07-22,San Bernardino,071,2135413,35898,26820,127,26947,348
2020-07-22,San Diego,073,3302833,29496,25109,2,25111,505
2020-07-22,San Francisco,075,870044,6537,5473,5,5478,53
2020-07-22,San Joaquin,077,732212,12747,9628,6,9634,102
2020-07-22,San Luis Obispo,079,281455,1810,1373,6,1379,7
2020-07-22,San Mateo,081,765935,5792,4796,4,4800,112
2020-07-22,Santa Barbara,083,443738,6630,5508,45,5553,29
2020-07-22,Santa Clara,085,1922200,10907,8266,17,8283,166
2020-07-22,Santa Cruz,087,273765,1113,866,9,875,3
2020-07-22,Shasta,089,179085,414,246,1,247,9
2020-07-22,Sierra,091,2930,1,1,0,1,0
2020-07-22,Siskiyou,093,43540,80,52,0,52,0
2020-07-22,Solano,095,438530,3816,2839,12,2851,29
2020-07-22,Sonoma,097,501317,3154,2255,5,2260,17
2020-07-22,Stanislaus,099,539301,10004,7401,11,7412,71
2020-07-22,Sutter,101,95872,682,551,0,551,2
2020-07-22,Tehama,103,63373,231,155,2,157,1
2020-07-22,Trinity,105,12862,14,3,5,8,0
2020-07-22,Tulare,107,460477,9732,7640,26,7666,167
2020-07-22,Tuolumne,109,53932,134,91,2,93,0
2020-07-22,Ventura,111,848112,7720,6223,19,6242,56
2020-07-22,Yolo,113,214977,1633,1233,3,1236,34
2020-07-22,Yuba,115,75493,374,288,0,288,1
2020-07-21,Alameda,001,1643700,11892,9390,38,9428,166
2020-07-21,Alpine,003,1148,3,2,0,2,0
2020-07-21,Amador,005,37829,113,55,0,55,0
2020-07-21,Butte,007,227075,921,659,7,666,5
2020-07-21,Calaveras,009,45235,110,96,0,96,0
2020-07-21,Colusa,011,21464,298,227,0,227,0
2020-07-21,Contra Costa,013,1133247,8477,6210,23,6233,98
2020-07-21,Del Norte,015,27424,84,66,0,66,0
2020-07-21,El Dorado,017,186661,673,440,0,440,1
2020-07-21,Fresno,019,978130,18624,11412,139,11551,107
2020-07-21,Glenn,021,27897,332,229,0,229,1
2020-07-21,Humboldt,023,135768,236,198,1,199,4
2020-07-21,Imperial,025,180216,9888,7458,4,7462,128
2020-07-21,Inyo,027,18085,48,38,0,38,1
2020-07-21,Kern,029,883053,21295,11998,88,12086,119
2020-07-21,Kings,031,150075,4038,3187,24,3211,38
2020-07-21,Lake,033,64148,197,157,0,157,1
2020-07-21,Lassen,035,31185,563,474,2,476,0
2020-07-21,Los Angeles,037,10098052,181214,162205,383,162588,4159
2020-07-21,Madera,039,155013,2259,1508,2,1510,10
2020-07-21,Marin,041,260295,4921,4318,4,4322,21
2020-07-21,Mariposa,043,17540,54,37,0,37,1
2020-07-21,Mendocino,045,87422,234,160,0,160,0
2020-07-21,Merced,047,269075,4576,2725,1,2726,15
2020-07-21,Modoc,049,8938,3,0,0,0,0
2020-07-21,Mono,051,14174,124,79,0,79,1
2020-07-21,Monterey,053,433212,4428,3404,11,3415,20
2020-07-21,Napa,055,140530,976,660,0,660,5
2020-07-21,Nevada,057,99092,306,228,9,237,1
2020-07-21,Orange,059,3164182,39478,31356,635,31991,515
2020-07-21,Placer,061,380077,1902,1413,1,1414,11
2020-07-21,Plumas,063,18699,31,19,0,19,0
2020-07-21,Riverside,065,2383286,39714,32231,26,32257,583
2020-07-21,Sacramento,067,1510023,10583,7789,4,7793,102
2020-07-21,San Benito,069,59416,591,444,0,444,2
2020-07-21,San Bernardino,071,2135413,35250,25323,119,25442,343
2020-07-21,San Diego,073,3302833,29047,24522,2,24524,487
2020-07-21,San Francisco,075,870044,6428,5377,5,5382,53
2020-07-21,San Joaquin,077,732212,12420,9150,6,9156,99
2020-07-21,San Luis Obispo,079,281455,1762,1338,6,1344,7
2020-07-21,San Mateo,081,765935,5700,4733,4,4737,111
2020-07-21,Santa Barbara,083,443738,6547,5422,44,5466,29
2020-07-21,Santa Clara,085,1922200,10644,7989,17,8006,164
2020-07-21,Santa Cruz,087,273765,1080,835,9,844,3
2020-07-21,Shasta,089,179085,406,241,1,242,9
2020-07-21,Sierra,091,2930,1,1,0,1,0
2020-07-21,Siskiyou,093,43540,80,48,0,48,0
2020-07-21,Solano,095,438530,3743,2727,12,2739,27
2020-07-21,Sonoma,097,501317,3097,2200,5,2205,17
2020-07-21,Stanislaus,099,539301,9741,6984,11,6995,69
2020-07-21,Sutter,101,95872,666,533,0,533,2
2020-07-21,Tehama,103,63373,221,150,2,152,1
2020-07-21,Trinity,105,12862,14,2,5,7,0
2020-07-21,Tulare,107,460477,9530,7447,26,7473,167
2020-07-21,Tuolumne,109,53932,132,75,2,77,0
2020-07-21,Ventura,111,848112,7588,6131,19,6150,55
2020-07-21,Yolo,113,214977,1580,1204,3,1207,34
2020-07-21,Yuba,115,75493,368,269,0,269,1
2020-07-20,Alameda,001,1643700,11637,9244,37,9281,162
2020-07-20,Alpine,003,1148,3,2,0,2,0
2020-07-20,Amador,005,37829,110,53,0,53,0
2020-07-20,Butte,007,227075,883,586,7,593,4
2020-07-20,Calaveras,009,45235,107,90,0,90,0
2020-07-20,Colusa,011,21464,287,217,0,217,0
2020-07-20,Contra Costa,013,1133247,8269,5823,23,5846,97
2020-07-20,Del Norte,015,27424,84,61,0,61,0
2020-07-20,El Dorado,017,186661,650,407,0,407,0
2020-07-20,Fresno,019,978130,18183,10891,138,11029,106
2020-07-20,Glenn,021,27897,324,225,0,225,1
2020-07-20,Humboldt,023,135768,229,194,1,195,4
2020-07-20,Imperial,025,180216,9848,7337,4,7341,124
2020-07-20,Inyo,027,18085,46,38,0,38,1
2020-07-20,Kern,029,883053,20785,10908,84,10992,118
2020-07-20,Kings,031,150075,3989,3093,24,3117,37
2020-07-20,Lake,033,64148,194,147,0,147,1
2020-07-20,Lassen,035,31185,561,474,2,476,0
2020-07-20,Los Angeles,037,10098052,178244,159202,355,159557,4108
2020-07-20,Madera,039,155013,2184,1433,2,1435,10
2020-07-20,Marin,041,260295,4840,4255,4,4259,21
2020-07-20,Mariposa,043,17540,53,36,0,36,1
2020-07-20,Mendocino,045,87422,221,153,0,153,0
2020-07-20,Merced,047,269075,4406,2584,1,2585,15
2020-07-20,Modoc,049,8938,3,0,0,0,0
2020-07-20,Mono,051,14174,118,78,0,78,1
2020-07-20,Monterey,053,433212,4322,3205,11,3216,19
2020-07-20,Napa,055,140530,939,632,0,632,5
2020-07-20,Nevada,057,99092,298,218,9,227,1
2020-07-20,Orange,059,3164182,38871,30337,604,30941,507
2020-07-20,Placer,061,380077,1850,1364,1,1365,11
2020-07-20,Plumas,063,18699,30,17,0,17,0
2020-07-20,Riverside,065,2383286,38886,31163,26,31189,581
2020-07-20,Sacramento,067,1510023,10255,7369,4,7373,99
2020-07-20,San Benito,069,59416,573,433,0,433,2
2020-07-20,San Bernardino,071,2135413,34440,24226,115,24341,338
2020-07-20,San Diego,073,3302833,28605,24137,2,24139,478
2020-07-20,San Francisco,075,870044,6307,5090,5,5095,53
2020-07-20,San Joaquin,077,732212,12064,8583,6,8589,97
2020-07-20,San Luis Obispo,079,281455,1722,1282,6,1288,6
2020-07-20,San Mateo,081,765935,5599,4609,4,4613,111
2020-07-20,Santa Barbara,083,443738,6423,5266,42,5308,29
2020-07-20,Santa Clara,085,1922200,10416,7711,16,7727,164
2020-07-20,Santa Cruz,087,273765,1048,758,9,767,3
2020-07-20,Shasta,089,179085,391,233,1,234,9
2020-07-20,Sierra,091,2930,1,1,0,1,0
2020-07-20,Siskiyou,093,43540,76,42,0,42,0
2020-07-20,Solano,095,438530,3660,2537,12,2549,26
2020-07-20,Sonoma,097,501317,2990,2148,5,2153,17
2020-07-20,Stanislaus,099,539301,9458,6835,11,6846,58
2020-07-20,Sutter,101,95872,633,507,0,507,2
2020-07-20,Tehama,103,63373,211,146,2,148,1
2020-07-20,Trinity,105,12862,14,2,5,7,0
2020-07-20,Tulare,107,460477,9296,6974,26,7000,166
2020-07-20,Tuolumne,109,53932,131,75,2,77,0
2020-07-20,Ventura,111,848112,7455,5912,19,5931,52
2020-07-20,Yolo,113,214977,1540,1155,3,1158,30
2020-07-20,Yuba,115,75493,348,258,0,258,1
2020-07-19,Alameda,001,1643700,11399,9227,31,9258,162
2020-07-19,Alpine,003,1148,3,2,0,2,0
2020-07-19,Amador,005,37829,103,51,0,51,0
2020-07-19,Butte,007,227075,858,555,7,562,4
2020-07-19,Calaveras,009,45235,105,89,0,89,0
2020-07-19,Colusa,011,21464,279,187,0,187,0
2020-07-19,Contra Costa,013,1133247,7978,5691,21,5712,95
2020-07-19,Del Norte,015,27424,83,61,0,61,0
2020-07-19,El Dorado,017,186661,632,385,0,385,0
2020-07-19,Fresno,019,978130,17662,10639,126,10765,106
2020-07-19,Glenn,021,27897,310,215,0,215,0
2020-07-19,Humboldt,023,135768,221,195,1,196,4
2020-07-19,Imperial,025,180216,9757,7280,4,7284,124
2020-07-19,Inyo,027,18085,42,38,0,38,1
2020-07-19,Kern,029,883053,20168,10094,77,10171,115
2020-07-19,Kings,031,150075,3903,3035,24,3059,37
2020-07-19,Lake,033,64148,189,144,0,144,1
2020-07-19,Lassen,035,31185,542,474,2,476,0
2020-07-19,Los Angeles,037,10098052,174800,156039,332,156371,4100
2020-07-19,Madera,039,155013,2107,1301,2,1303,10
2020-07-19,Marin,041,260295,4785,4172,4,4176,21
2020-07-19,Mariposa,043,17540,49,35,0,35,1
2020-07-19,Mendocino,045,87422,216,137,0,137,0
2020-07-19,Merced,047,269075,4199,2460,1,2461,15
2020-07-19,Modoc,049,8938,3,0,0,0,0
2020-07-19,Mono,051,14174,107,63,0,63,1
2020-07-19,Monterey,053,433212,4202,3079,11,3090,18
2020-07-19,Napa,055,140530,910,612,0,612,5
2020-07-19,Nevada,057,99092,292,210,9,219,1
2020-07-19,Orange,059,3164182,38308,29941,591,30532,505
2020-07-19,Placer,061,380077,1802,1246,1,1247,11
2020-07-19,Plumas,063,18699,30,17,0,17,0
2020-07-19,Riverside,065,2383286,38181,30340,26,30366,581
2020-07-19,Sacramento,067,1510023,9863,6985,4,6989,97
2020-07-19,San Benito,069,59416,557,412,0,412,2
2020-07-19,San Bernardino,071,2135413,33669,23928,105,24033,337
2020-07-19,San Diego,073,3302833,28105,23684,2,23686,478
2020-07-19,San Francisco,075,870044,6160,5094,5,5099,52
2020-07-19,San Joaquin,077,732212,11659,8308,6,8314,93
2020-07-19,San Luis Obispo,079,281455,1678,1262,5,1267,6
2020-07-19,San Mateo,081,765935,5492,4522,4,4526,110
2020-07-19,Santa Barbara,083,443738,6318,5145,39,5184,29
2020-07-19,Santa Clara,085,1922200,10172,7403,16,7419,164
2020-07-19,Santa Cruz,087,273765,1004,753,9,762,3
2020-07-19,Shasta,089,179085,378,218,1,219,9
2020-07-19,Sierra,091,2930,1,1,0,1,0
2020-07-19,Siskiyou,093,43540,74,42,0,42,0
2020-07-19,Solano,095,438530,3555,2551,12,2563,26
2020-07-19,Sonoma,097,501317,2889,2074,5,2079,17
2020-07-19,Stanislaus,099,539301,9162,6508,11,6519,58
2020-07-19,Sutter,101,95872,602,480,0,480,2
2020-07-19,Tehama,103,63373,207,138,2,140,1
2020-07-19,Trinity,105,12862,14,2,5,7,0
2020-07-19,Tulare,107,460477,9047,6856,26,6882,166
2020-07-19,Tuolumne,109,53932,126,75,2,77,0
2020-07-19,Ventura,111,848112,7265,5706,19,5725,52
2020-07-19,Yolo,113,214977,1501,1127,3,1130,30
2020-07-19,Yuba,115,75493,328,240,0,240,1
2020-07-18,Alameda,001,1643700,11263,9089,29,9118,162
2020-07-18,Alpine,003,1148,3,2,0,2,0
2020-07-18,Amador,005,37829,99,49,0,49,0
2020-07-18,Butte,007,227075,849,551,7,558,4
2020-07-18,Calaveras,009,45235,101,89,0,89,0
2020-07-18,Colusa,011,21464,274,182,0,182,0
2020-07-18,Contra Costa,013,1133247,7843,5617,21,5638,95
2020-07-18,Del Norte,015,27424,83,61,0,61,0
2020-07-18,El Dorado,017,186661,629,385,0,385,0
2020-07-18,Fresno,019,978130,17413,10381,124,10505,106
2020-07-18,Glenn,021,27897,304,212,0,212,0
2020-07-18,Humboldt,023,135768,218,189,1,190,4
2020-07-18,Imperial,025,180216,9726,7268,4,7272,124
2020-07-18,Inyo,027,18085,42,38,0,38,1
2020-07-18,Kern,029,883053,19865,9250,74,9324,114
2020-07-18,Kings,031,150075,3864,2996,23,3019,37
2020-07-18,Lake,033,64148,186,142,0,142,1
2020-07-18,Lassen,035,31185,541,474,2,476,0
2020-07-18,Los Angeles,037,10098052,173353,153265,318,153583,4088
2020-07-18,Madera,039,155013,2061,1260,2,1262,9
2020-07-18,Marin,041,260295,4756,4089,4,4093,21
2020-07-18,Mariposa,043,17540,49,35,0,35,1
2020-07-18,Mendocino,045,87422,209,137,0,137,0
2020-07-18,Merced,047,269075,4080,2424,1,2425,15
2020-07-18,Modoc,049,8938,3,0,0,0,0
2020-07-18,Mono,051,14174,105,54,0,54,1
2020-07-18,Monterey,053,433212,4135,3020,11,3031,17
2020-07-18,Napa,055,140530,899,609,0,609,5
2020-07-18,Nevada,057,99092,288,204,8,212,1
2020-07-18,Orange,059,3164182,37989,29603,569,30172,493
2020-07-18,Placer,061,380077,1779,1233,1,1234,11
2020-07-18,Plumas,063,18699,30,17,0,17,0
2020-07-18,Riverside,065,2383286,37829,30245,25,30270,581
2020-07-18,Sacramento,067,1510023,9618,6739,4,6743,95
2020-07-18,San Benito,069,59416,542,407,0,407,2
2020-07-18,San Bernardino,071,2135413,33210,23680,99,23779,336
2020-07-18,San Diego,073,3302833,27802,23116,2,23118,478
2020-07-18,San Francisco,075,870044,6058,5051,5,5056,52
2020-07-18,San Joaquin,077,732212,11446,8118,6,8124,93
2020-07-18,San Luis Obispo,079,281455,1645,1234,5,1239,6
2020-07-18,San Mateo,081,765935,5432,4488,4,4492,110
2020-07-18,Santa Barbara,083,443738,6258,5110,37,5147,29
2020-07-18,Santa Clara,085,1922200,10022,7255,15,7270,164
2020-07-18,Santa Cruz,087,273765,987,751,9,760,3
2020-07-18,Shasta,089,179085,369,216,1,217,9
2020-07-18,Sierra,091,2930,1,1,0,1,0
2020-07-18,Siskiyou,093,43540,70,42,0,42,0
2020-07-18,Solano,095,438530,3514,2503,12,2515,26
2020-07-18,Sonoma,097,501317,2838,2019,5,2024,15
2020-07-18,Stanislaus,099,539301,9027,6344,11,6355,58
2020-07-18,Sutter,101,95872,596,473,0,473,2
2020-07-18,Tehama,103,63373,202,136,2,138,1
2020-07-18,Trinity,105,12862,14,2,5,7,0
2020-07-18,Tulare,107,460477,8956,6810,25,6835,167
2020-07-18,Tuolumne,109,53932,123,75,2,77,0
2020-07-18,Ventura,111,848112,7183,5630,19,5649,52
2020-07-18,Yolo,113,214977,1473,1077,3,1080,30
2020-07-18,Yuba,115,75493,317,237,0,237,1
2020-07-17,Alameda,001,1643700,11123,8893,28,8921,160
2020-07-17,Alpine,003,1148,3,1,0,1,0
2020-07-17,Amador,005,37829,97,48,0,48,0
2020-07-17,Butte,007,227075,835,497,7,504,4
2020-07-17,Calaveras,009,45235,99,86,0,86,0
2020-07-17,Colusa,011,21464,272,146,0,146,0
2020-07-17,Contra Costa,013,1133247,7695,5483,21,5504,93
2020-07-17,Del Norte,015,27424,82,60,0,60,0
2020-07-17,El Dorado,017,186661,613,368,0,368,0
2020-07-17,Fresno,019,978130,17115,9954,124,10078,104
2020-07-17,Glenn,021,27897,297,203,0,203,0
2020-07-17,Humboldt,023,135768,217,185,1,186,4
2020-07-17,Imperial,025,180216,9704,7193,4,7197,120
2020-07-17,Inyo,027,18085,42,38,0,38,1
2020-07-17,Kern,029,883053,19545,8291,73,8364,113
2020-07-17,Kings,031,150075,3826,2978,23,3001,37
2020-07-17,Lake,033,64148,184,139,0,139,1
2020-07-17,Lassen,035,31185,522,391,2,393,0
2020-07-17,Los Angeles,037,10098052,170981,150481,305,150786,4052
2020-07-17,Madera,039,155013,2017,1214,2,1216,9
2020-07-17,Marin,041,260295,4719,3839,4,3843,21
2020-07-17,Mariposa,043,17540,47,35,0,35,1
2020-07-17,Mendocino,045,87422,201,126,0,126,0
2020-07-17,Merced,047,269075,4004,2328,1,2329,12
2020-07-17,Modoc,049,8938,2,0,0,0,0
2020-07-17,Mono,051,14174,100,54,0,54,1
2020-07-17,Monterey,053,433212,4006,2922,11,2933,18
2020-07-17,Napa,055,140530,885,598,0,598,5
2020-07-17,Nevada,057,99092,281,200,8,208,1
2020-07-17,Orange,059,3164182,37527,28962,535,29497,485
2020-07-17,Placer,061,380077,1750,1207,1,1208,11
2020-07-17,Plumas,063,18699,27,16,0,16,0
2020-07-17,Riverside,065,2383286,37231,29639,25,29664,580
2020-07-17,Sacramento,067,1510023,9374,6563,4,6567,95
2020-07-17,San Benito,069,59416,527,399,0,399,2
2020-07-17,San Bernardino,071,2135413,32691,23057,96,23153,322
2020-07-17,San Diego,073,3302833,27414,22491,2,22493,472
2020-07-17,San Francisco,075,870044,5964,4967,5,4972,52
2020-07-17,San Joaquin,077,732212,11201,7925,6,7931,86
2020-07-17,San Luis Obispo,079,281455,1609,1190,5,1195,6
2020-07-17,San Mateo,081,765935,5336,4407,4,4411,110
2020-07-17,Santa Barbara,083,443738,6185,5001,36,5037,29
2020-07-17,Santa Clara,085,1922200,9805,7080,15,7095,164
2020-07-17,Santa Cruz,087,273765,965,716,9,725,3
2020-07-17,Shasta,089,179085,357,213,1,214,8
2020-07-17,Sierra,091,2930,1,1,0,1,0
2020-07-17,Siskiyou,093,43540,69,40,0,40,0
2020-07-17,Solano,095,438530,3465,2452,12,2464,26
2020-07-17,Sonoma,097,501317,2790,1982,5,1987,15
2020-07-17,Stanislaus,099,539301,8853,6220,11,6231,56
2020-07-17,Sutter,101,95872,583,458,0,458,2
2020-07-17,Tehama,103,63373,198,128,2,130,1
2020-07-17,Trinity,105,12862,14,2,5,7,0
2020-07-17,Tulare,107,460477,8820,6671,25,6696,166
2020-07-17,Tuolumne,109,53932,122,73,2,75,0
2020-07-17,Ventura,111,848112,7100,5451,19,5470,51
2020-07-17,Yolo,113,214977,1449,1055,3,1058,30
2020-07-17,Yuba,115,75493,307,231,0,231,1
2020-07-16,Alameda,001,1643700,10889,8719,22,8741,153
2020-07-16,Alpine,003,1148,3,1,0,1,0
2020-07-16,Amador,005,37829,94,46,0,46,0
2020-07-16,Butte,007,227075,798,465,6,471,4
2020-07-16,Calaveras,009,45235,97,82,0,82,0
2020-07-16,Colusa,011,21464,263,140,0,140,0
2020-07-16,Contra Costa,013,1133247,7483,5338,15,5353,91
2020-07-16,Del Norte,015,27424,82,60,0,60,0
2020-07-16,El Dorado,017,186661,596,357,0,357,0
2020-07-16,Fresno,019,978130,16604,9481,115,9596,101
2020-07-16,Glenn,021,27897,288,190,0,190,0
2020-07-16,Humboldt,023,135768,215,184,1,185,4
2020-07-16,Imperial,025,180216,9609,7148,4,7152,113
2020-07-16,Inyo,027,18085,42,38,0,38,1
2020-07-16,Kern,029,883053,19023,7435,71,7506,112
2020-07-16,Kings,031,150075,3660,2937,23,2960,37
2020-07-16,Lake,033,64148,179,128,0,128,1
2020-07-16,Lassen,035,31185,521,355,2,357,0
2020-07-16,Los Angeles,037,10098052,167734,147759,281,148040,3994
2020-07-16,Madera,039,155013,1953,1192,2,1194,8
2020-07-16,Marin,041,260295,4647,3546,4,3550,21
2020-07-16,Mariposa,043,17540,45,34,0,34,1
2020-07-16,Mendocino,045,87422,196,121,0,121,0
2020-07-16,Merced,047,269075,3842,2228,1,2229,12
2020-07-16,Modoc,049,8938,1,0,0,0,0
2020-07-16,Mono,051,14174,97,53,0,53,1
2020-07-16,Monterey,053,433212,3901,2857,10,2867,18
2020-07-16,Napa,055,140530,856,581,0,581,5
2020-07-16,Nevada,057,99092,278,191,8,199,1
2020-07-16,Orange,059,3164182,36827,28525,497,29022,471
2020-07-16,Placer,061,380077,1702,1168,1,1169,11
2020-07-16,Plumas,063,18699,25,16,0,16,0
2020-07-16,Riverside,065,2383286,36486,28904,24,28928,577
2020-07-16,Sacramento,067,1510023,9061,6440,4,6444,91
2020-07-16,San Benito,069,59416,510,389,0,389,2
2020-07-16,San Bernardino,071,2135413,31829,22355,78,22433,321
2020-07-16,San Diego,073,3302833,26927,21857,2,21859,465
2020-07-16,San Francisco,075,870044,5823,4838,5,4843,52
2020-07-16,San Joaquin,077,732212,10838,7713,6,7719,82
2020-07-16,San Luis Obispo,079,281455,1565,1146,5,1151,6
2020-07-16,San Mateo,081,765935,5232,4336,4,4340,110
2020-07-16,Santa Barbara,083,443738,6089,4872,35,4907,28
2020-07-16,Santa Clara,085,1922200,9525,6990,13,7003,164
2020-07-16,Santa Cruz,087,273765,924,698,9,707,3
2020-07-16,Shasta,089,179085,342,208,1,209,7
2020-07-16,Sierra,091,2930,1,1,0,1,0
2020-07-16,Siskiyou,093,43540,66,39,0,39,0
2020-07-16,Solano,095,438530,3371,2372,12,2384,25
2020-07-16,Sonoma,097,501317,2699,1954,5,1959,14
2020-07-16,Stanislaus,099,539301,8571,6077,10,6087,56
2020-07-16,Sutter,101,95872,567,444,0,444,2
2020-07-16,Tehama,103,63373,188,126,2,128,1
2020-07-16,Trinity,105,12862,14,2,4,6,0
2020-07-16,Tulare,107,460477,8604,6467,24,6491,163
2020-07-16,Tuolumne,109,53932,117,71,2,73,0
2020-07-16,Ventura,111,848112,6938,5231,19,5250,50
2020-07-16,Yolo,113,214977,1407,1034,3,1037,29
2020-07-16,Yuba,115,75493,289,221,0,221,1
2020-07-15,Alameda,001,1643700,10686,8615,16,8631,153
2020-07-15,Alpine,003,1148,3,1,0,1,0
2020-07-15,Amador,005,37829,73,44,0,44,0
2020-07-15,Butte,007,227075,756,420,6,426,4
2020-07-15,Calaveras,009,45235,97,75,0,75,0
2020-07-15,Colusa,011,21464,258,135,0,135,0
2020-07-15,Contra Costa,013,1133247,7252,5246,15,5261,90
2020-07-15,Del Norte,015,27424,81,60,0,60,0
2020-07-15,El Dorado,017,186661,572,339,0,339,0
2020-07-15,Fresno,019,978130,16131,9124,108,9232,101
2020-07-15,Glenn,021,27897,279,184,0,184,0
2020-07-15,Humboldt,023,135768,213,181,1,182,4
2020-07-15,Imperial,025,180216,9542,7110,4,7114,110
2020-07-15,Inyo,027,18085,42,36,0,36,1
2020-07-15,Kern,029,883053,18403,7155,68,7223,108
2020-07-15,Kings,031,150075,3599,2906,23,2929,37
2020-07-15,Lake,033,64148,177,122,0,122,1
2020-07-15,Lassen,035,31185,517,319,2,321,0
2020-07-15,Los Angeles,037,10098052,164267,143343,266,143609,3946
2020-07-15,Madera,039,155013,1884,1147,2,1149,4
2020-07-15,Marin,041,260295,4592,3458,4,3462,21
2020-07-15,Mariposa,043,17540,45,34,0,34,1
2020-07-15,Mendocino,045,87422,193,119,0,119,0
2020-07-15,Merced,047,269075,3692,2156,1,2157,12
2020-07-15,Modoc,049,8938,1,0,0,0,0
2020-07-15,Mono,051,14174,95,52,0,52,1
2020-07-15,Monterey,053,433212,3790,2780,10,2790,18
2020-07-15,Napa,055,140530,830,573,0,573,5
2020-07-15,Nevada,057,99092,274,185,6,191,1
2020-07-15,Orange,059,3164182,36027,27718,462,28180,454
2020-07-15,Placer,061,380077,1644,1145,1,1146,11
2020-07-15,Plumas,063,18699,25,16,0,16,0
2020-07-15,Riverside,065,2383286,35706,28492,22,28514,568
2020-07-15,Sacramento,067,1510023,8680,6217,4,6221,91
2020-07-15,San Benito,069,59416,501,388,0,388,2
2020-07-15,San Bernardino,071,2135413,31040,21508,61,21569,317
2020-07-15,San Diego,073,3302833,26460,21448,2,21450,448
2020-07-15,San Francisco,075,870044,5709,4757,5,4762,50
2020-07-15,San Joaquin,077,732212,10406,7381,5,7386,75
2020-07-15,San Luis Obispo,079,281455,1522,1097,5,1102,6
2020-07-15,San Mateo,081,765935,5119,4258,4,4262,109
2020-07-15,Santa Barbara,083,443738,5973,4733,35,4768,28
2020-07-15,Santa Clara,085,1922200,9222,6900,13,6913,164
2020-07-15,Santa Cruz,087,273765,888,660,8,668,3
2020-07-15,Shasta,089,179085,333,193,1,194,7
2020-07-15,Sierra,091,2930,1,1,0,1,0
2020-07-15,Siskiyou,093,43540,65,38,0,38,0
2020-07-15,Solano,095,438530,3277,2343,12,2355,25
2020-07-15,Sonoma,097,501317,2601,1920,5,1925,14
2020-07-15,Stanislaus,099,539301,8274,5777,10,5787,56
2020-07-15,Sutter,101,95872,541,433,0,433,2
2020-07-15,Tehama,103,63373,180,126,2,128,1
2020-07-15,Trinity,105,12862,13,2,4,6,0
2020-07-15,Tulare,107,460477,8392,6320,23,6343,156
2020-07-15,Tuolumne,109,53932,110,68,2,70,0
2020-07-15,Ventura,111,848112,6761,5087,19,5106,50
2020-07-15,Yolo,113,214977,1374,1002,3,1005,27
2020-07-15,Yuba,115,75493,277,221,0,221,1
2020-07-14,Alameda,001,1643700,10344,8388,10,8398,151
2020-07-14,Alpine,003,1148,3,1,0,1,0
2020-07-14,Amador,005,37829,69,44,0,44,0
2020-07-14,Butte,007,227075,710,382,6,388,4
2020-07-14,Calaveras,009,45235,95,74,0,74,0
2020-07-14,Colusa,011,21464,248,128,0,128,0
2020-07-14,Contra Costa,013,1133247,7016,5110,13,5123,90
2020-07-14,Del Norte,015,27424,80,60,0,60,0
2020-07-14,El Dorado,017,186661,557,324,0,324,0
2020-07-14,Fresno,019,978130,15711,8941,104,9045,98
2020-07-14,Glenn,021,27897,269,177,0,177,0
2020-07-14,Humboldt,023,135768,210,175,1,176,4
2020-07-14,Imperial,025,180216,9415,7095,4,7099,109
2020-07-14,Inyo,027,18085,42,35,0,35,1
2020-07-14,Kern,029,883053,17644,6979,55,7034,107
2020-07-14,Kings,031,150075,3532,2867,22,2889,37
2020-07-14,Lake,033,64148,171,120,0,120,1
2020-07-14,Lassen,035,31185,500,263,2,265,0
2020-07-14,Los Angeles,037,10098052,161131,140632,236,140868,3900
2020-07-14,Madera,039,155013,1810,1118,2,1120,4
2020-07-14,Marin,041,260295,4478,3451,4,3455,21
2020-07-14,Mariposa,043,17540,41,32,0,32,1
2020-07-14,Mendocino,045,87422,185,110,0,110,0
2020-07-14,Merced,047,269075,3513,2084,1,2085,12
2020-07-14,Modoc,049,8938,1,0,0,0,0
2020-07-14,Mono,051,14174,85,48,0,48,1
2020-07-14,Monterey,053,433212,3676,2724,10,2734,18
2020-07-14,Napa,055,140530,774,557,0,557,4
2020-07-14,Nevada,057,99092,257,180,5,185,1
2020-07-14,Orange,059,3164182,35148,26915,415,27330,432
2020-07-14,Placer,061,380077,1586,1122,1,1123,11
2020-07-14,Plumas,063,18699,24,14,0,14,0
2020-07-14,Riverside,065,2383286,34951,27850,21,27871,547
2020-07-14,Sacramento,067,1510023,8326,5978,4,5982,87
2020-07-14,San Benito,069,59416,482,360,0,360,2
2020-07-14,San Bernardino,071,2135413,30189,20489,50,20539,316
2020-07-14,San Diego,073,3302833,25841,20887,2,20889,436
2020-07-14,San Francisco,075,870044,5559,4659,4,4663,50
2020-07-14,San Joaquin,077,732212,9979,7143,5,7148,75
2020-07-14,San Luis Obispo,079,281455,1484,1060,5,1065,5
2020-07-14,San Mateo,081,765935,5026,4173,4,4177,108
2020-07-14,Santa Barbara,083,443738,5849,4641,33,4674,28
2020-07-14,Santa Clara,085,1922200,8895,6686,10,6696,164
2020-07-14,Santa Cruz,087,273765,849,639,8,647,3
2020-07-14,Shasta,089,179085,324,190,1,191,7
2020-07-14,Sierra,091,2930,1,1,0,1,0
2020-07-14,Siskiyou,093,43540,64,38,0,38,0
2020-07-14,Solano,095,438530,3177,2266,10,2276,25
2020-07-14,Sonoma,097,501317,2509,1866,5,1871,14
2020-07-14,Stanislaus,099,539301,7900,5631,9,5640,53
2020-07-14,Sutter,101,95872,522,405,0,405,2
2020-07-14,Tehama,103,63373,168,123,2,125,1
2020-07-14,Trinity,105,12862,13,2,4,6,0
2020-07-14,Tulare,107,460477,8146,6199,23,6222,156
2020-07-14,Tuolumne,109,53932,105,68,2,70,0
2020-07-14,Ventura,111,848112,6600,4950,19,4969,50
2020-07-14,Yolo,113,214977,1326,966,3,969,27
2020-07-14,Yuba,115,75493,260,210,0,210,1
2020-07-13,Alameda,001,1643700,10036,8115,10,8125,148
2020-07-13,Alpine,003,1148,3,1,0,1,0
2020-07-13,Amador,005,37829,65,42,0,42,0
2020-07-13,Butte,007,227075,674,354,6,360,4
2020-07-13,Calaveras,009,45235,86,63,0,63,0
2020-07-13,Colusa,011,21464,242,116,0,116,0
2020-07-13,Contra Costa,013,1133247,6743,4882,11,4893,88
2020-07-13,Del Norte,015,27424,74,59,0,59,0
2020-07-13,El Dorado,017,186661,526,298,0,298,0
2020-07-13,Fresno,019,978130,15284,8666,99,8765,95
2020-07-13,Glenn,021,27897,262,168,0,168,0
2020-07-13,Humboldt,023,135768,205,174,1,175,4
2020-07-13,Imperial,025,180216,9330,7052,4,7056,109
2020-07-13,Inyo,027,18085,41,35,0,35,1
2020-07-13,Kern,029,883053,16959,6808,51,6859,107
2020-07-13,Kings,031,150075,3481,2824,22,2846,37
2020-07-13,Lake,033,64148,166,118,0,118,1
2020-07-13,Lassen,035,31185,495,237,2,239,0
2020-07-13,Los Angeles,037,10098052,157895,136368,222,136590,3829
2020-07-13,Madera,039,155013,1741,1059,2,1061,4
2020-07-13,Marin,041,260295,4375,3402,4,3406,21
2020-07-13,Mariposa,043,17540,40,31,0,31,1
2020-07-13,Mendocino,045,87422,181,87,0,87,0
2020-07-13,Merced,047,269075,3364,2007,1,2008,12
2020-07-13,Modoc,049,8938,1,0,0,0,0
2020-07-13,Mono,051,14174,81,47,0,47,1
2020-07-13,Monterey,053,433212,3553,2613,7,2620,18
2020-07-13,Napa,055,140530,738,534,0,534,4
2020-07-13,Nevada,057,99092,243,172,5,177,1
2020-07-13,Orange,059,3164182,34287,25978,383,26361,423
2020-07-13,Placer,061,380077,1541,1096,1,1097,11
2020-07-13,Plumas,063,18699,22,14,0,14,0
2020-07-13,Riverside,065,2383286,34025,27136,19,27155,545
2020-07-13,Sacramento,067,1510023,8029,5747,4,5751,85
2020-07-13,San Benito,069,59416,469,343,0,343,2
2020-07-13,San Bernardino,071,2135413,29311,19610,44,19654,313
2020-07-13,San Diego,073,3302833,25274,20348,2,20350,422
2020-07-13,San Francisco,075,870044,5431,4534,3,4537,50
2020-07-13,San Joaquin,077,732212,9562,6927,5,6932,71
2020-07-13,San Luis Obispo,079,281455,1453,989,5,994,5
2020-07-13,San Mateo,081,765935,4895,4057,4,4061,108
2020-07-13,Santa Barbara,083,443738,5735,4441,32,4473,28
2020-07-13,Santa Clara,085,1922200,8572,6488,9,6497,164
2020-07-13,Santa Cruz,087,273765,811,574,8,582,3
2020-07-13,Shasta,089,179085,313,185,1,186,6
2020-07-13,Sierra,091,2930,1,1,0,1,0
2020-07-13,Siskiyou,093,43540,60,37,0,37,0
2020-07-13,Solano,095,438530,3065,2046,10,2056,23
2020-07-13,Sonoma,097,501317,2398,1818,5,1823,14
2020-07-13,Stanislaus,099,539301,7597,5324,7,5331,53
2020-07-13,Sutter,101,95872,484,379,0,379,2
2020-07-13,Tehama,103,63373,155,112,2,114,1
2020-07-13,Trinity,105,12862,13,2,4,6,0
2020-07-13,Tulare,107,460477,7885,5930,21,5951,147
2020-07-13,Tuolumne,109,53932,97,56,2,58,0
2020-07-13,Ventura,111,848112,6410,4800,16,4816,50
2020-07-13,Yolo,113,214977,1281,941,3,944,27
2020-07-13,Yuba,115,75493,245,194,0,194,1
2020-07-12,Alameda,001,1643700,9765,8056,10,8066,148
2020-07-12,Alpine,003,1148,3,1,0,1,0
2020-07-12,Amador,005,37829,55,40,0,40,0
2020-07-12,Butte,007,227075,624,341,6,347,4
2020-07-12,Calaveras,009,45235,86,62,0,62,0
2020-07-12,Colusa,011,21464,208,116,0,116,0
2020-07-12,Contra Costa,013,1133247,6471,4708,9,4717,88
2020-07-12,Del Norte,015,27424,63,59,0,59,0
2020-07-12,El Dorado,017,186661,504,290,0,290,0
2020-07-12,Fresno,019,978130,14859,8407,96,8503,95
2020-07-12,Glenn,021,27897,249,166,0,166,0
2020-07-12,Humboldt,023,135768,201,174,1,175,4
2020-07-12,Imperial,025,180216,9211,6999,4,7003,109
2020-07-12,Inyo,027,18085,39,35,0,35,1
2020-07-12,Kern,029,883053,16215,6662,48,6710,105
2020-07-12,Kings,031,150075,3419,2779,22,2801,34
2020-07-12,Lake,033,64148,157,114,0,114,1
2020-07-12,Lassen,035,31185,488,237,2,239,0
2020-07-12,Los Angeles,037,10098052,154474,133830,193,134023,3816
2020-07-12,Madera,039,155013,1686,1025,2,1027,4
2020-07-12,Marin,041,260295,4298,3358,4,3362,21
2020-07-12,Mariposa,043,17540,39,31,0,31,1
2020-07-12,Mendocino,045,87422,162,88,0,88,0
2020-07-12,Merced,047,269075,3234,1908,1,1909,12
2020-07-12,Modoc,049,8938,1,0,0,0,0
2020-07-12,Mono,051,14174,71,45,0,45,1
2020-07-12,Monterey,053,433212,3438,2521,7,2528,18
2020-07-12,Napa,055,140530,706,519,0,519,4
2020-07-12,Nevada,057,99092,233,166,5,171,1
2020-07-12,Orange,059,3164182,33413,25399,374,25773,422
2020-07-12,Placer,061,380077,1485,1058,1,1059,11
2020-07-12,Plumas,063,18699,21,14,0,14,0
2020-07-12,Riverside,065,2383286,33267,26404,19,26423,542
2020-07-12,Sacramento,067,1510023,7717,5515,3,5518,85
2020-07-12,San Benito,069,59416,454,324,0,324,2
2020-07-12,San Bernardino,071,2135413,28400,19042,39,19081,312
2020-07-12,San Diego,073,3302833,24646,19929,2,19931,422
2020-07-12,San Francisco,075,870044,5282,4535,3,4538,50
2020-07-12,San Joaquin,077,732212,9200,6703,5,6708,71
2020-07-12,San Luis Obispo,079,281455,1406,972,5,977,5
2020-07-12,San Mateo,081,765935,4777,3988,4,3992,108
2020-07-12,Santa Barbara,083,443738,5605,4353,31,4384,28
2020-07-12,Santa Clara,085,1922200,8334,6252,9,6261,164
2020-07-12,Santa Cruz,087,273765,769,573,6,579,3
2020-07-12,Shasta,089,179085,307,173,1,174,6
2020-07-12,Sierra,091,2930,1,1,0,1,0
2020-07-12,Siskiyou,093,43540,58,36,0,36,0
2020-07-12,Solano,095,438530,2940,2037,10,2047,23
2020-07-12,Sonoma,097,501317,2303,1743,5,1748,13
2020-07-12,Stanislaus,099,539301,7293,5177,7,5184,53
2020-07-12,Sutter,101,95872,466,362,0,362,2
2020-07-12,Tehama,103,63373,148,111,2,113,1
2020-07-12,Trinity,105,12862,13,2,4,6,0
2020-07-12,Tulare,107,460477,7630,5864,20,5884,146
2020-07-12,Tuolumne,109,53932,89,52,2,54,0
2020-07-12,Ventura,111,848112,6194,4724,15,4739,50
2020-07-12,Yolo,113,214977,1240,889,3,892,27
2020-07-12,Yuba,115,75493,234,188,0,188,1
2020-07-11,Alameda,001,1643700,9663,7845,10,7855,148
2020-07-11,Alpine,003,1148,3,1,0,1,0
2020-07-11,Amador,005,37829,51,37,0,37,0
2020-07-11,Butte,007,227075,608,325,6,331,4
2020-07-11,Calaveras,009,45235,83,62,0,62,0
2020-07-11,Colusa,011,21464,203,110,0,110,0
2020-07-11,Contra Costa,013,1133247,6354,4650,9,4659,87
2020-07-11,Del Norte,015,27424,63,59,0,59,0
2020-07-11,El Dorado,017,186661,493,283,0,283,0
2020-07-11,Fresno,019,978130,14599,8086,94,8180,95
2020-07-11,Glenn,021,27897,241,161,0,161,0
2020-07-11,Humboldt,023,135768,200,174,1,175,4
2020-07-11,Imperial,025,180216,9172,6884,4,6888,109
2020-07-11,Inyo,027,18085,39,35,0,35,1
2020-07-11,Kern,029,883053,15858,6509,47,6556,103
2020-07-11,Kings,031,150075,3392,2753,22,2775,33
2020-07-11,Lake,033,64148,156,110,0,110,1
2020-07-11,Lassen,035,31185,487,237,2,239,0
2020-07-11,Los Angeles,037,10098052,152755,130479,183,130662,3802
2020-07-11,Madera,039,155013,1645,988,2,990,4
2020-07-11,Marin,041,260295,4270,3191,4,3195,21
2020-07-11,Mariposa,043,17540,39,31,0,31,1
2020-07-11,Mendocino,045,87422,158,88,0,88,0
2020-07-11,Merced,047,269075,3153,1851,1,1852,12
2020-07-11,Modoc,049,8938,1,0,0,0,0
2020-07-11,Mono,051,14174,68,45,0,45,1
2020-07-11,Monterey,053,433212,3349,2376,6,2382,18
2020-07-11,Napa,055,140530,694,509,0,509,4
2020-07-11,Nevada,057,99092,224,163,4,167,1
2020-07-11,Orange,059,3164182,33036,24430,360,24790,422
2020-07-11,Placer,061,380077,1450,1029,1,1030,11
2020-07-11,Plumas,063,18699,21,12,0,12,0
2020-07-11,Riverside,065,2383286,32875,25994,19,26013,538
2020-07-11,Sacramento,067,1510023,7543,5367,3,5370,84
2020-07-11,San Benito,069,59416,439,314,0,314,2
2020-07-11,San Bernardino,071,2135413,27963,18907,37,18944,310
2020-07-11,San Diego,073,3302833,24261,19371,2,19373,422
2020-07-11,San Francisco,075,870044,5186,4430,2,4432,50
2020-07-11,San Joaquin,077,732212,9022,6518,5,6523,72
2020-07-11,San Luis Obispo,079,281455,1358,930,5,935,4
2020-07-11,San Mateo,081,765935,4709,3956,4,3960,108
2020-07-11,Santa Barbara,083,443738,5536,4283,30,4313,28
2020-07-11,Santa Clara,085,1922200,8175,5959,9,5968,164
2020-07-11,Santa Cruz,087,273765,738,571,6,577,3
2020-07-11,Shasta,089,179085,300,168,1,169,6
2020-07-11,Sierra,091,2930,1,1,0,1,0
2020-07-11,Siskiyou,093,43540,58,36,0,36,0
2020-07-11,Solano,095,438530,2899,2034,10,2044,23
2020-07-11,Sonoma,097,501317,2266,1690,5,1695,13
2020-07-11,Stanislaus,099,539301,7152,4911,7,4918,51
2020-07-11,Sutter,101,95872,450,352,0,352,2
2020-07-11,Tehama,103,63373,146,111,2,113,1
2020-07-11,Trinity,105,12862,13,2,4,6,0
2020-07-11,Tulare,107,460477,7524,5780,20,5800,149
2020-07-11,Tuolumne,109,53932,87,50,2,52,0
2020-07-11,Ventura,111,848112,6098,4545,14,4559,49
2020-07-11,Yolo,113,214977,1210,833,3,836,27
2020-07-11,Yuba,115,75493,224,175,0,175,1
2020-07-10,Alameda,001,1643700,9506,7551,10,7561,147
2020-07-10,Alpine,003,1148,3,1,0,1,0
2020-07-10,Amador,005,37829,47,37,0,37,0
2020-07-10,Butte,007,227075,597,318,6,324,4
2020-07-10,Calaveras,009,45235,83,61,0,61,0
2020-07-10,Colusa,011,21464,197,103,0,103,0
2020-07-10,Contra Costa,013,1133247,6211,4482,9,4491,86
2020-07-10,Del Norte,015,27424,63,57,0,57,0
2020-07-10,El Dorado,017,186661,475,266,0,266,0
2020-07-10,Fresno,019,978130,14267,7760,91,7851,93
2020-07-10,Glenn,021,27897,236,157,0,157,0
2020-07-10,Humboldt,023,135768,199,168,1,169,4
2020-07-10,Imperial,025,180216,9127,6878,4,6882,98
2020-07-10,Inyo,027,18085,39,35,0,35,1
2020-07-10,Kern,029,883053,15425,6344,46,6390,102
2020-07-10,Kings,031,150075,3357,2707,22,2729,33
2020-07-10,Lake,033,64148,149,104,0,104,1
2020-07-10,Lassen,035,31185,486,235,2,237,0
2020-07-10,Los Angeles,037,10098052,150336,127503,177,127680,3750
2020-07-10,Madera,039,155013,1599,914,2,916,4
2020-07-10,Marin,041,260295,4207,3101,4,3105,21
2020-07-10,Mariposa,043,17540,38,31,0,31,1
2020-07-10,Mendocino,045,87422,150,88,0,88,0
2020-07-10,Merced,047,269075,3074,1802,1,1803,12
2020-07-10,Modoc,049,8938,1,0,0,0,0
2020-07-10,Mono,051,14174,67,45,0,45,1
2020-07-10,Monterey,053,433212,3270,2285,6,2291,18
2020-07-10,Napa,055,140530,683,496,0,496,4
2020-07-10,Nevada,057,99092,219,161,4,165,1
2020-07-10,Orange,059,3164182,32448,23692,356,24048,416
2020-07-10,Placer,061,380077,1410,1002,1,1003,11
2020-07-10,Plumas,063,18699,19,12,0,12,0
2020-07-10,Riverside,065,2383286,32357,25481,19,25500,533
2020-07-10,Sacramento,067,1510023,7288,5181,3,5184,81
2020-07-10,San Benito,069,59416,430,302,0,302,2
2020-07-10,San Bernardino,071,2135413,27437,18242,34,18276,308
2020-07-10,San Diego,073,3302833,23880,18862,2,18864,420
2020-07-10,San Francisco,075,870044,5095,4305,2,4307,50
2020-07-10,San Joaquin,077,732212,8789,6225,5,6230,67
2020-07-10,San Luis Obispo,079,281455,1320,891,5,896,4
2020-07-10,San Mateo,081,765935,4644,3844,4,3848,107
2020-07-10,Santa Barbara,083,443738,5439,4177,29,4206,28
2020-07-10,Santa Clara,085,1922200,7951,5819,9,5828,164
2020-07-10,Santa Cruz,087,273765,711,540,6,546,3
2020-07-10,Shasta,089,179085,296,158,1,159,6
2020-07-10,Sierra,091,2930,1,1,0,1,0
2020-07-10,Siskiyou,093,43540,58,31,0,31,0
2020-07-10,Solano,095,438530,2852,1950,10,1960,23
2020-07-10,Sonoma,097,501317,2219,1606,4,1610,13
2020-07-10,Stanislaus,099,539301,6982,4781,7,4788,46
2020-07-10,Sutter,101,95872,443,338,0,338,2
2020-07-10,Tehama,103,63373,145,107,2,109,1
2020-07-10,Trinity,105,12862,13,2,4,6,0
2020-07-10,Tulare,107,460477,7387,5677,20,5697,150
2020-07-10,Tuolumne,109,53932,86,49,2,51,0
2020-07-10,Ventura,111,848112,5985,4416,14,4430,48
2020-07-10,Yolo,113,214977,1186,794,3,797,27
2020-07-10,Yuba,115,75493,210,164,0,164,1
2020-07-09,Alameda,001,1643700,9270,7433,10,7443,146
2020-07-09,Alpine,003,1148,3,1,0,1,0
2020-07-09,Amador,005,37829,44,36,0,36,0
2020-07-09,Butte,007,227075,565,295,6,301,4
2020-07-09,Calaveras,009,45235,82,59,0,59,0
2020-07-09,Colusa,011,21464,189,97,0,97,0
2020-07-09,Contra Costa,013,1133247,5967,4388,9,4397,86
2020-07-09,Del Norte,015,27424,63,57,0,57,0
2020-07-09,El Dorado,017,186661,451,255,0,255,0
2020-07-09,Fresno,019,978130,13811,7385,89,7474,90
2020-07-09,Glenn,021,27897,226,150,0,150,0
2020-07-09,Humboldt,023,135768,196,166,1,167,4
2020-07-09,Imperial,025,180216,9032,6778,4,6782,87
2020-07-09,Inyo,027,18085,37,35,0,35,1
2020-07-09,Kern,029,883053,14780,6100,44,6144,95
2020-07-09,Kings,031,150075,3294,2686,21,2707,33
2020-07-09,Lake,033,64148,146,99,0,99,1
2020-07-09,Lassen,035,31185,430,221,2,223,0
2020-07-09,Los Angeles,037,10098052,147072,125062,150,125212,3698
2020-07-09,Madera,039,155013,1522,850,2,852,4
2020-07-09,Marin,041,260295,4056,2975,4,2979,20
2020-07-09,Mariposa,043,17540,38,32,0,32,1
2020-07-09,Mendocino,045,87422,146,88,0,88,0
2020-07-09,Merced,047,269075,2941,1728,1,1729,11
2020-07-09,Modoc,049,8938,1,0,0,0,0
2020-07-09,Mono,051,14174,63,45,0,45,1
2020-07-09,Monterey,053,433212,3145,2223,6,2229,17
2020-07-09,Napa,055,140530,666,468,0,468,4
2020-07-09,Nevada,057,99092,213,156,4,160,1
2020-07-09,Orange,059,3164182,31480,22960,338,23298,407
2020-07-09,Placer,061,380077,1367,982,1,983,11
2020-07-09,Plumas,063,18699,19,12,0,12,0
2020-07-09,Riverside,065,2383286,31463,24980,18,24998,529
2020-07-09,Sacramento,067,1510023,6961,4950,3,4953,81
2020-07-09,San Benito,069,59416,414,295,0,295,2
2020-07-09,San Bernardino,071,2135413,26565,17339,29,17368,307
2020-07-09,San Diego,073,3302833,23288,18404,2,18406,415
2020-07-09,San Francisco,075,870044,4963,4143,2,4145,50
2020-07-09,San Joaquin,077,732212,8430,6004,5,6009,66
2020-07-09,San Luis Obispo,079,281455,1281,869,5,874,3
2020-07-09,San Mateo,081,765935,4517,3792,4,3796,106
2020-07-09,Santa Barbara,083,443738,5306,4068,29,4097,28
2020-07-09,Santa Clara,085,1922200,7694,5638,9,5647,164
2020-07-09,Santa Cruz,087,273765,684,526,6,532,3
2020-07-09,Shasta,089,179085,290,155,1,156,5
2020-07-09,Sierra,091,2930,1,1,0,1,0
2020-07-09,Siskiyou,093,43540,54,31,0,31,0
2020-07-09,Solano,095,438530,2754,1892,10,1902,23
2020-07-09,Sonoma,097,501317,2133,1584,4,1588,13
2020-07-09,Stanislaus,099,539301,6666,4633,6,4639,46
2020-07-09,Sutter,101,95872,426,321,0,321,2
2020-07-09,Tehama,103,63373,140,102,2,104,1
2020-07-09,Trinity,105,12862,13,2,4,6,0
2020-07-09,Tulare,107,460477,7170,5501,17,5518,146
2020-07-09,Tuolumne,109,53932,85,47,2,49,0
2020-07-09,Ventura,111,848112,5817,4278,14,4292,47
2020-07-09,Yolo,113,214977,1139,764,3,767,27
2020-07-09,Yuba,115,75493,193,152,0,152,1
2020-07-08,Alameda,001,1643700,8978,7335,10,7345,142
2020-07-08,Alpine,003,1148,3,1,0,1,0
2020-07-08,Amador,005,37829,41,35,0,35,0
2020-07-08,Butte,007,227075,528,281,6,287,3
2020-07-08,Calaveras,009,45235,77,58,0,58,0
2020-07-08,Colusa,011,21464,176,90,0,90,0
2020-07-08,Contra Costa,013,1133247,5721,4268,7,4275,84
2020-07-08,Del Norte,015,27424,61,57,0,57,0
2020-07-08,El Dorado,017,186661,430,248,0,248,0
2020-07-08,Fresno,019,978130,13395,7102,83,7185,86
2020-07-08,Glenn,021,27897,215,146,0,146,0
2020-07-08,Humboldt,023,135768,193,162,1,163,4
2020-07-08,Imperial,025,180216,8944,6727,4,6731,76
2020-07-08,Inyo,027,18085,37,35,0,35,1
2020-07-08,Kern,029,883053,14202,5873,42,5915,91
2020-07-08,Kings,031,150075,3234,2629,19,2648,33
2020-07-08,Lake,033,64148,139,97,0,97,1
2020-07-08,Lassen,035,31185,334,221,2,223,0
2020-07-08,Los Angeles,037,10098052,143856,123462,121,123583,3650
2020-07-08,Madera,039,155013,1452,828,2,830,4
2020-07-08,Marin,041,260295,3957,2756,4,2760,17
2020-07-08,Mariposa,043,17540,38,31,0,31,1
2020-07-08,Mendocino,045,87422,133,84,0,84,0
2020-07-08,Merced,047,269075,2822,1578,1,1579,11
2020-07-08,Modoc,049,8938,1,0,0,0,0
2020-07-08,Mono,051,14174,60,45,0,45,1
2020-07-08,Monterey,053,433212,3027,2182,5,2187,17
2020-07-08,Napa,055,140530,643,468,0,468,4
2020-07-08,Nevada,057,99092,204,156,4,160,1
2020-07-08,Orange,059,3164182,30528,22088,333,22421,378
2020-07-08,Placer,061,380077,1321,948,1,949,11
2020-07-08,Plumas,063,18699,19,12,0,12,0
2020-07-08,Riverside,065,2383286,30499,24042,16,24058,508
2020-07-08,Sacramento,067,1510023,6673,4799,3,4802,80
2020-07-08,San Benito,069,59416,398,282,0,282,2
2020-07-08,San Bernardino,071,2135413,25713,16510,25,16535,296
2020-07-08,San Diego,073,3302833,22721,17844,2,17846,406
2020-07-08,San Francisco,075,870044,4874,4093,2,4095,50
2020-07-08,San Joaquin,077,732212,8088,5759,5,5764,61
2020-07-08,San Luis Obispo,079,281455,1230,825,5,830,2
2020-07-08,San Mateo,081,765935,4396,3733,4,3737,106
2020-07-08,Santa Barbara,083,443738,5187,3985,29,4014,28
2020-07-08,Santa Clara,085,1922200,7461,5510,9,5519,164
2020-07-08,Santa Cruz,087,273765,651,509,5,514,3
2020-07-08,Shasta,089,179085,281,148,1,149,6
2020-07-08,Sierra,091,2930,1,1,0,1,0
2020-07-08,Siskiyou,093,43540,54,31,0,31,0
2020-07-08,Solano,095,438530,2638,1821,10,1831,23
2020-07-08,Sonoma,097,501317,2058,1495,4,1499,9
2020-07-08,Stanislaus,099,539301,6366,4344,6,4350,46
2020-07-08,Sutter,101,95872,401,298,0,298,2
2020-07-08,Tehama,103,63373,134,100,2,102,1
2020-07-08,Trinity,105,12862,12,2,4,6,0
2020-07-08,Tulare,107,460477,6978,5307,12,5319,138
2020-07-08,Tuolumne,109,53932,81,42,2,44,0
2020-07-08,Ventura,111,848112,5652,4139,14,4153,47
2020-07-08,Yolo,113,214977,1096,727,3,730,26
2020-07-08,Yuba,115,75493,180,145,0,145,1
2020-07-07,Alameda,001,1643700,8659,7097,9,7106,141
2020-07-07,Alpine,003,1148,3,1,0,1,0
2020-07-07,Amador,005,37829,41,33,0,33,0
2020-07-07,Butte,007,227075,485,269,6,275,3
2020-07-07,Calaveras,009,45235,75,58,0,58,0
2020-07-07,Colusa,011,21464,143,84,0,84,0
2020-07-07,Contra Costa,013,1133247,5483,4131,6,4137,84
2020-07-07,Del Norte,015,27424,61,57,0,57,0
2020-07-07,El Dorado,017,186661,410,244,0,244,0
2020-07-07,Fresno,019,978130,12942,6738,83,6821,84
2020-07-07,Glenn,021,27897,206,145,0,145,0
2020-07-07,Humboldt,023,135768,190,150,1,151,4
2020-07-07,Imperial,025,180216,8845,6678,4,6682,51
2020-07-07,Inyo,027,18085,36,32,0,32,1
2020-07-07,Kern,029,883053,13503,5645,38,5683,88
2020-07-07,Kings,031,150075,3173,2623,15,2638,33
2020-07-07,Lake,033,64148,129,94,0,94,1
2020-07-07,Lassen,035,31185,263,219,2,221,0
2020-07-07,Los Angeles,037,10098052,140287,121026,112,121138,3588
2020-07-07,Madera,039,155013,1408,794,2,796,4
2020-07-07,Marin,041,260295,3868,2627,4,2631,17
2020-07-07,Mariposa,043,17540,38,31,0,31,1
2020-07-07,Mendocino,045,87422,125,82,0,82,0
2020-07-07,Merced,047,269075,2648,1531,1,1532,10
2020-07-07,Modoc,049,8938,1,0,0,0,0
2020-07-07,Mono,051,14174,59,42,0,42,1
2020-07-07,Monterey,053,433212,2884,2166,5,2171,17
2020-07-07,Napa,055,140530,624,459,0,459,4
2020-07-07,Nevada,057,99092,198,150,4,154,1
2020-07-07,Orange,059,3164182,29517,21741,319,22060,373
2020-07-07,Placer,061,380077,1280,930,1,931,11
2020-07-07,Plumas,063,18699,17,12,0,12,0
2020-07-07,Riverside,065,2383286,29485,23279,16,23295,499
2020-07-07,Sacramento,067,1510023,6330,4592,3,4595,76
2020-07-07,San Benito,069,59416,380,274,0,274,2
2020-07-07,San Bernardino,071,2135413,24844,16004,21,16025,277
2020-07-07,San Diego,073,3302833,22007,17580,2,17582,399
2020-07-07,San Francisco,075,870044,4782,4045,1,4046,50
2020-07-07,San Joaquin,077,732212,7746,5547,5,5552,59
2020-07-07,San Luis Obispo,079,281455,1169,795,5,800,2
2020-07-07,San Mateo,081,765935,4281,3691,4,3695,106
2020-07-07,Santa Barbara,083,443738,5059,3866,28,3894,27
2020-07-07,Santa Clara,085,1922200,7192,5438,9,5447,164
2020-07-07,Santa Cruz,087,273765,617,502,4,506,2
2020-07-07,Shasta,089,179085,268,144,1,145,6
2020-07-07,Sierra,091,2930,1,1,0,1,0
2020-07-07,Siskiyou,093,43540,53,30,0,30,0
2020-07-07,Solano,095,438530,2527,1776,9,1785,22
2020-07-07,Sonoma,097,501317,1987,1473,4,1477,8
2020-07-07,Stanislaus,099,539301,6027,4101,6,4107,46
2020-07-07,Sutter,101,95872,375,273,0,273,2
2020-07-07,Tehama,103,63373,125,95,2,97,1
2020-07-07,Trinity,105,12862,12,2,4,6,0
2020-07-07,Tulare,107,460477,6800,5189,10,5199,137
2020-07-07,Tuolumne,109,53932,75,40,2,42,0
2020-07-07,Ventura,111,848112,5483,3992,12,4004,46
2020-07-07,Yolo,113,214977,1028,706,3,709,26
2020-07-07,Yuba,115,75493,160,138,0,138,1
2020-07-06,Alameda,001,1643700,8421,6970,9,6979,141
2020-07-06,Alpine,003,1148,2,1,0,1,0
2020-07-06,Amador,005,37829,39,33,0,33,0
2020-07-06,Butte,007,227075,429,257,6,263,2
2020-07-06,Calaveras,009,45235,72,45,0,45,0
2020-07-06,Colusa,011,21464,134,80,0,80,0
2020-07-06,Contra Costa,013,1133247,5253,3901,5,3906,83
2020-07-06,Del Norte,015,27424,60,57,0,57,0
2020-07-06,El Dorado,017,186661,395,232,0,232,0
2020-07-06,Fresno,019,978130,12475,6364,76,6440,82
2020-07-06,Glenn,021,27897,198,129,0,129,0
2020-07-06,Humboldt,023,135768,188,148,1,149,3
2020-07-06,Imperial,025,180216,8726,6443,4,6447,47
2020-07-06,Inyo,027,18085,36,32,0,32,1
2020-07-06,Kern,029,883053,12697,5491,36,5527,82
2020-07-06,Kings,031,150075,3124,2583,9,2592,33
2020-07-06,Lake,033,64148,122,93,0,93,1
2020-07-06,Lassen,035,31185,261,219,2,221,0
2020-07-06,Los Angeles,037,10098052,136674,116707,98,116805,3541
2020-07-06,Madera,039,155013,1338,734,2,736,4
2020-07-06,Marin,041,260295,3628,2136,4,2140,17
2020-07-06,Mariposa,043,17540,36,31,0,31,1
2020-07-06,Mendocino,045,87422,108,72,0,72,0
2020-07-06,Merced,047,269075,2497,1396,1,1397,10
2020-07-06,Modoc,049,8938,1,0,0,0,0
2020-07-06,Mono,051,14174,58,40,0,40,1
2020-07-06,Monterey,053,433212,2796,2078,5,2083,15
2020-07-06,Napa,055,140530,606,454,0,454,4
2020-07-06,Nevada,057,99092,192,146,4,150,1
2020-07-06,Orange,059,3164182,28459,20167,281,20448,372
2020-07-06,Placer,061,380077,1218,904,1,905,11
2020-07-06,Plumas,063,18699,17,11,0,11,0
2020-07-06,Riverside,065,2383286,28436,22485,14,22499,477
2020-07-06,Sacramento,067,1510023,5980,4420,3,4423,71
2020-07-06,San Benito,069,59416,365,264,0,264,2
2020-07-06,San Bernardino,071,2135413,23990,15346,16,15362,272
2020-07-06,San Diego,073,3302833,21294,17002,2,17004,387
2020-07-06,San Francisco,075,870044,4661,3861,1,3862,50
2020-07-06,San Joaquin,077,732212,7376,5104,5,5109,57
2020-07-06,San Luis Obispo,079,281455,1112,751,5,756,2
2020-07-06,San Mateo,081,765935,4189,3650,4,3654,106
2020-07-06,Santa Barbara,083,443738,4922,3763,27,3790,27
2020-07-06,Santa Clara,085,1922200,6921,5369,9,5378,165
2020-07-06,Santa Cruz,087,273765,595,466,3,469,2
2020-07-06,Shasta,089,179085,258,143,1,144,6
2020-07-06,Sierra,091,2930,1,1,0,1,0
2020-07-06,Siskiyou,093,43540,49,30,0,30,0
2020-07-06,Solano,095,438530,2394,1668,9,1677,22
2020-07-06,Sonoma,097,501317,1923,1369,4,1373,8
2020-07-06,Stanislaus,099,539301,5625,3983,6,3989,46
2020-07-06,Sutter,101,95872,348,250,0,250,2
2020-07-06,Tehama,103,63373,122,95,2,97,1
2020-07-06,Trinity,105,12862,11,2,4,6,0
2020-07-06,Tulare,107,460477,6595,5039,8,5047,136
2020-07-06,Tuolumne,109,53932,72,30,2,32,0
2020-07-06,Ventura,111,848112,5290,3912,12,3924,44
2020-07-06,Yolo,113,214977,972,685,3,688,26
2020-07-06,Yuba,115,75493,146,124,0,124,1
2020-07-05,Alameda,001,1643700,8169,6861,9,6870,141
2020-07-05,Alpine,003,1148,2,1,0,1,0
2020-07-05,Amador,005,37829,37,31,0,31,0
2020-07-05,Butte,007,227075,394,248,6,254,2
2020-07-05,Calaveras,009,45235,69,45,0,45,0
2020-07-05,Colusa,011,21464,124,79,0,79,0
2020-07-05,Contra Costa,013,1133247,5013,3665,4,3669,80
2020-07-05,Del Norte,015,27424,60,57,0,57,0
2020-07-05,El Dorado,017,186661,377,227,0,227,0
2020-07-05,Fresno,019,978130,11910,6186,74,6260,82
2020-07-05,Glenn,021,27897,195,129,0,129,0
2020-07-05,Humboldt,023,135768,184,147,1,148,3
2020-07-05,Imperial,025,180216,8592,6441,4,6445,47
2020-07-05,Inyo,027,18085,35,32,0,32,1
2020-07-05,Kern,029,883053,11987,5351,36,5387,82
2020-07-05,Kings,031,150075,3041,2546,8,2554,31
2020-07-05,Lake,033,64148,122,92,0,92,1
2020-07-05,Lassen,035,31185,255,219,2,221,0
2020-07-05,Los Angeles,037,10098052,133454,115133,92,115225,3495
2020-07-05,Madera,039,155013,1259,564,2,566,4
2020-07-05,Marin,041,260295,3445,2080,4,2084,17
2020-07-05,Mariposa,043,17540,36,31,0,31,1
2020-07-05,Mendocino,045,87422,105,72,0,72,0
2020-07-05,Merced,047,269075,2352,1340,1,1341,10
2020-07-05,Modoc,049,8938,1,0,0,0,0
2020-07-05,Mono,051,14174,54,39,0,39,1
2020-07-05,Monterey,053,433212,2693,1994,5,1999,15
2020-07-05,Napa,055,140530,576,450,0,450,4
2020-07-05,Nevada,057,99092,186,141,4,145,1
2020-07-05,Orange,059,3164182,27518,19430,266,19696,372
2020-07-05,Placer,061,380077,1161,855,1,856,11
2020-07-05,Plumas,063,18699,16,11,0,11,0
2020-07-05,Riverside,065,2383286,27579,21511,14,21525,474
2020-07-05,Sacramento,067,1510023,5665,4265,2,4267,71
2020-07-05,San Benito,069,59416,346,258,0,258,2
2020-07-05,San Bernardino,071,2135413,23112,15026,16,15042,270
2020-07-05,San Diego,073,3302833,20606,16728,2,16730,387
2020-07-05,San Francisco,075,870044,4543,3861,1,3862,50
2020-07-05,San Joaquin,077,732212,7057,5015,5,5020,57
2020-07-05,San Luis Obispo,079,281455,1032,730,5,735,2
2020-07-05,San Mateo,081,765935,4078,3575,4,3579,106
2020-07-05,Santa Barbara,083,443738,4775,3671,24,3695,27
2020-07-05,Santa Clara,085,1922200,6632,5237,9,5246,162
2020-07-05,Santa Cruz,087,273765,577,467,1,468,2
2020-07-05,Shasta,089,179085,252,138,1,139,6
2020-07-05,Sierra,091,2930,1,1,0,1,0
2020-07-05,Siskiyou,093,43540,45,30,0,30,0
2020-07-05,Solano,095,438530,2274,1547,9,1556,22
2020-07-05,Sonoma,097,501317,1842,1369,4,1373,8
2020-07-05,Stanislaus,099,539301,5294,3777,6,3783,45
2020-07-05,Sutter,101,95872,320,241,0,241,2
2020-07-05,Tehama,103,63373,120,95,2,97,1
2020-07-05,Trinity,105,12862,11,2,4,6,0
2020-07-05,Tulare,107,460477,6336,4981,6,4987,135
2020-07-05,Tuolumne,109,53932,67,30,2,32,0
2020-07-05,Ventura,111,848112,5087,3866,12,3878,44
2020-07-05,Yolo,113,214977,932,644,3,647,26
2020-07-05,Yuba,115,75493,136,115,0,115,1
2020-07-04,Alameda,001,1643700,8057,6737,9,6746,141
2020-07-04,Alpine,003,1148,2,1,0,1,0
2020-07-04,Amador,005,37829,36,31,0,31,0
2020-07-04,Butte,007,227075,376,224,6,230,2
2020-07-04,Calaveras,009,45235,69,45,0,45,0
2020-07-04,Colusa,011,21464,123,76,0,76,0
2020-07-04,Contra Costa,013,1133247,4866,3583,4,3587,80
2020-07-04,Del Norte,015,27424,60,50,0,50,0
2020-07-04,El Dorado,017,186661,357,211,0,211,0
2020-07-04,Fresno,019,978130,11594,5999,72,6071,82
2020-07-04,Glenn,021,27897,188,128,0,128,0
2020-07-04,Humboldt,023,135768,177,144,1,145,3
2020-07-04,Imperial,025,180216,8544,6441,4,6445,47
2020-07-04,Inyo,027,18085,35,32,0,32,1
2020-07-04,Kern,029,883053,11683,5231,36,5267,81
2020-07-04,Kings,031,150075,2998,2509,8,2517,31
2020-07-04,Lake,033,64148,115,86,0,86,1
2020-07-04,Lassen,035,31185,255,219,2,221,0
2020-07-04,Los Angeles,037,10098052,131638,107256,81,107337,3462
2020-07-04,Madera,039,155013,1213,568,2,570,4
2020-07-04,Marin,041,260295,3416,1962,4,1966,17
2020-07-04,Mariposa,043,17540,36,28,0,28,1
2020-07-04,Mendocino,045,87422,105,72,0,72,0
2020-07-04,Merced,047,269075,2249,1252,1,1253,10
2020-07-04,Modoc,049,8938,1,0,0,0,0
2020-07-04,Mono,051,14174,54,37,0,37,1
2020-07-04,Monterey,053,433212,2613,1878,5,1883,15
2020-07-04,Napa,055,140530,567,426,0,426,4
2020-07-04,Nevada,057,99092,183,125,4,129,1
2020-07-04,Orange,059,3164182,27086,19247,251,19498,372
2020-07-04,Placer,061,380077,1126,796,1,797,11
2020-07-04,Plumas,063,18699,16,11,0,11,0
2020-07-04,Riverside,065,2383286,27211,21508,14,21522,474
2020-07-04,Sacramento,067,1510023,5494,4039,2,4041,71
2020-07-04,San Benito,069,59416,333,255,0,255,2
2020-07-04,San Bernardino,071,2135413,22685,14636,14,14650,270
2020-07-04,San Diego,073,3302833,20146,16166,2,16168,387
2020-07-04,San Francisco,075,870044,4451,3861,1,3862,50
2020-07-04,San Joaquin,077,732212,6844,4807,5,4812,57
2020-07-04,San Luis Obispo,079,281455,992,699,5,704,2
2020-07-04,San Mateo,081,765935,4015,3532,4,3536,106
2020-07-04,Santa Barbara,083,443738,4700,3520,22,3542,27
2020-07-04,Santa Clara,085,1922200,6440,5045,8,5053,161
2020-07-04,Santa Cruz,087,273765,567,466,1,467,2
2020-07-04,Shasta,089,179085,249,135,1,136,6
2020-07-04,Sierra,091,2930,1,1,0,1,0
2020-07-04,Siskiyou,093,43540,38,30,0,30,0
2020-07-04,Solano,095,438530,2238,1548,9,1557,22
2020-07-04,Sonoma,097,501317,1816,1370,4,1374,8
2020-07-04,Stanislaus,099,539301,5136,3572,6,3578,44
2020-07-04,Sutter,101,95872,301,225,0,225,2
2020-07-04,Tehama,103,63373,117,92,2,94,1
2020-07-04,Trinity,105,12862,11,2,4,6,0
2020-07-04,Tulare,107,460477,6224,4802,5,4807,135
2020-07-04,Tuolumne,109,53932,63,30,2,32,0
2020-07-04,Ventura,111,848112,4963,3687,12,3699,44
2020-07-04,Yolo,113,214977,907,615,3,618,26
2020-07-04,Yuba,115,75493,129,102,0,102,1
2020-07-03,Alameda,001,1643700,7936,6486,9,6495,141
2020-07-03,Alpine,003,1148,2,1,0,1,0
2020-07-03,Amador,005,37829,36,25,0,25,0
2020-07-03,Butte,007,227075,364,212,6,218,2
2020-07-03,Calaveras,009,45235,69,44,0,44,0
2020-07-03,Colusa,011,21464,117,70,0,70,0
2020-07-03,Contra Costa,013,1133247,4732,3447,4,3451,78
2020-07-03,Del Norte,015,27424,60,50,0,50,0
2020-07-03,El Dorado,017,186661,345,201,0,201,0
2020-07-03,Fresno,019,978130,11289,5783,70,5853,81
2020-07-03,Glenn,021,27897,183,122,0,122,0
2020-07-03,Humboldt,023,135768,173,143,1,144,3
2020-07-03,Imperial,025,180216,8496,6345,4,6349,47
2020-07-03,Inyo,027,18085,35,32,0,32,1
2020-07-03,Kern,029,883053,11422,5213,36,5249,81
2020-07-03,Kings,031,150075,2962,2492,8,2500,31
2020-07-03,Lake,033,64148,108,83,0,83,0
2020-07-03,Lassen,035,31185,255,219,2,221,0
2020-07-03,Los Angeles,037,10098052,130121,107236,77,107313,3461
2020-07-03,Madera,039,155013,1168,565,2,567,4
2020-07-03,Marin,041,260295,3387,1776,4,1780,17
2020-07-03,Mariposa,043,17540,36,28,0,28,1
2020-07-03,Mendocino,045,87422,104,72,0,72,0
2020-07-03,Merced,047,269075,2183,1188,1,1189,10
2020-07-03,Modoc,049,8938,1,0,0,0,0
2020-07-03,Mono,051,14174,54,37,0,37,1
2020-07-03,Monterey,053,433212,2542,1804,5,1809,15
2020-07-03,Napa,055,140530,549,388,0,388,4
2020-07-03,Nevada,057,99092,182,125,4,129,1
2020-07-03,Orange,059,3164182,26695,18819,242,19061,366
2020-07-03,Placer,061,380077,1099,745,1,746,11
2020-07-03,Plumas,063,18699,16,11,0,11,0
2020-07-03,Riverside,065,2383286,26905,21171,14,21185,472
2020-07-03,Sacramento,067,1510023,5360,3711,2,3713,71
2020-07-03,San Benito,069,59416,326,243,0,243,2
2020-07-03,San Bernardino,071,2135413,22296,14040,14,14054,269
2020-07-03,San Diego,073,3302833,19690,15698,2,15700,387
2020-07-03,San Francisco,075,870044,4404,3781,1,3782,50
2020-07-03,San Joaquin,077,732212,6706,4416,4,4420,56
2020-07-03,San Luis Obispo,079,281455,957,676,5,681,2
2020-07-03,San Mateo,081,765935,3958,3439,4,3443,106
2020-07-03,Santa Barbara,083,443738,4613,3406,21,3427,27
2020-07-03,Santa Clara,085,1922200,6329,4820,8,4828,161
2020-07-03,Santa Cruz,087,273765,554,436,1,437,2
2020-07-03,Shasta,089,179085,241,113,1,114,6
2020-07-03,Sierra,091,2930,1,1,0,1,0
2020-07-03,Siskiyou,093,43540,35,30,0,30,0
2020-07-03,Solano,095,438530,2194,1496,8,1504,22
2020-07-03,Sonoma,097,501317,1768,1282,4,1286,8
2020-07-03,Stanislaus,099,539301,5011,3021,6,3027,43
2020-07-03,Sutter,101,95872,291,205,0,205,2
2020-07-03,Tehama,103,63373,115,89,2,91,1
2020-07-03,Trinity,105,12862,11,2,4,6,0
2020-07-03,Tulare,107,460477,6109,4656,5,4661,134
2020-07-03,Tuolumne,109,53932,61,27,2,29,0
2020-07-03,Ventura,111,848112,4867,3536,12,3548,44
2020-07-03,Yolo,113,214977,873,586,3,589,25
2020-07-03,Yuba,115,75493,124,96,0,96,1
2020-07-02,Alameda,001,1643700,7810,6386,9,6395,139
2020-07-02,Alpine,003,1148,2,1,0,1,0
2020-07-02,Amador,005,37829,35,23,0,23,0
2020-07-02,Butte,007,227075,347,199,6,205,2
2020-07-02,Calaveras,009,45235,65,42,0,42,0
2020-07-02,Colusa,011,21464,109,60,0,60,0
2020-07-02,Contra Costa,013,1133247,4549,3347,4,3351,77
2020-07-02,Del Norte,015,27424,59,50,0,50,0
2020-07-02,El Dorado,017,186661,334,193,0,193,0
2020-07-02,Fresno,019,978130,10831,5402,69,5471,78
2020-07-02,Glenn,021,27897,177,114,0,114,0
2020-07-02,Humboldt,023,135768,169,138,1,139,3
2020-07-02,Imperial,025,180216,8393,6236,4,6240,47
2020-07-02,Inyo,027,18085,35,29,0,29,1
2020-07-02,Kern,029,883053,10886,5036,34,5070,78
2020-07-02,Kings,031,150075,2912,2419,8,2427,31
2020-07-02,Lake,033,64148,104,81,0,81,0
2020-07-02,Lassen,035,31185,253,218,2,220,0
2020-07-02,Los Angeles,037,10098052,128103,107144,53,107197,3458
2020-07-02,Madera,039,155013,1100,548,2,550,4
2020-07-02,Marin,041,260295,3302,1706,4,1710,17
2020-07-02,Mariposa,043,17540,35,28,0,28,1
2020-07-02,Mendocino,045,87422,100,71,0,71,0
2020-07-02,Merced,047,269075,2086,1122,1,1123,10
2020-07-02,Modoc,049,8938,1,0,0,0,0
2020-07-02,Mono,051,14174,54,37,0,37,1
2020-07-02,Monterey,053,433212,2482,1796,5,1801,15
2020-07-02,Napa,055,140530,532,352,0,352,4
2020-07-02,Nevada,057,99092,176,118,4,122,1
2020-07-02,Orange,059,3164182,25930,17056,229,17285,360
2020-07-02,Placer,061,380077,1075,740,1,741,11
2020-07-02,Plumas,063,18699,15,8,0,8,0
2020-07-02,Riverside,065,2383286,26334,20253,14,20267,458
2020-07-02,Sacramento,067,1510023,5133,3587,2,3589,70
2020-07-02,San Benito,069,59416,318,236,0,236,2
2020-07-02,San Bernardino,071,2135413,21759,13185,14,13199,260
2020-07-02,San Diego,073,3302833,19228,15208,2,15210,377
2020-07-02,San Francisco,075,870044,4309,3676,1,3677,50
2020-07-02,San Joaquin,077,732212,6359,4243,4,4247,56
2020-07-02,San Luis Obispo,079,281455,912,659,5,664,2
2020-07-02,San Mateo,081,765935,3877,3390,4,3394,107
2020-07-02,Santa Barbara,083,443738,4513,3385,19,3404,27
2020-07-02,Santa Clara,085,1922200,6203,4722,8,4730,160
2020-07-02,Santa Cruz,087,273765,531,414,1,415,2
2020-07-02,Shasta,089,179085,238,110,1,111,5
2020-07-02,Sierra,091,2930,1,1,0,1,0
2020-07-02,Siskiyou,093,43540,35,30,0,30,0
2020-07-02,Solano,095,438530,2111,1429,8,1437,21
2020-07-02,Sonoma,097,501317,1710,1244,4,1248,6
2020-07-02,Stanislaus,099,539301,4839,2850,6,2856,41
2020-07-02,Sutter,101,95872,279,195,0,195,2
2020-07-02,Tehama,103,63373,113,86,2,88,1
2020-07-02,Trinity,105,12862,11,2,4,6,0
2020-07-02,Tulare,107,460477,5943,4559,4,4563,132
2020-07-02,Tuolumne,109,53932,58,23,2,25,0
2020-07-02,Ventura,111,848112,4711,3394,12,3406,42
2020-07-02,Yolo,113,214977,841,554,3,557,24
2020-07-02,Yuba,115,75493,114,93,0,93,1
2020-07-01,Alameda,001,1643700,7588,6125,9,6134,137
2020-07-01,Alpine,003,1148,2,1,0,1,0
2020-07-01,Amador,005,37829,34,22,0,22,0
2020-07-01,Butte,007,227075,322,185,6,191,2
2020-07-01,Calaveras,009,45235,63,37,0,37,0
2020-07-01,Colusa,011,21464,103,53,0,53,0
2020-07-01,Contra Costa,013,1133247,4337,3259,4,3263,76
2020-07-01,Del Norte,015,27424,59,50,0,50,0
2020-07-01,El Dorado,017,186661,307,183,0,183,0
2020-07-01,Fresno,019,978130,10398,5111,66,5177,76
2020-07-01,Glenn,021,27897,170,110,0,110,0
2020-07-01,Humboldt,023,135768,164,134,0,134,3
2020-07-01,Imperial,025,180216,8295,6150,4,6154,46
2020-07-01,Inyo,027,18085,34,30,0,30,1
2020-07-01,Kern,029,883053,10255,4853,31,4884,78
2020-07-01,Kings,031,150075,2844,2360,8,2368,30
2020-07-01,Lake,033,64148,103,75,0,75,0
2020-07-01,Lassen,035,31185,252,217,2,219,0
2020-07-01,Los Angeles,037,10098052,124898,105325,42,105367,3408
2020-07-01,Madera,039,155013,1059,519,2,521,4
2020-07-01,Marin,041,260295,3145,1636,4,1640,17
2020-07-01,Mariposa,043,17540,35,29,0,29,1
2020-07-01,Mendocino,045,87422,96,70,0,70,0
2020-07-01,Merced,047,269075,1986,1052,1,1053,10
2020-07-01,Modoc,049,8938,1,0,0,0,0
2020-07-01,Mono,051,14174,51,37,0,37,1
2020-07-01,Monterey,053,433212,2375,1703,5,1708,15
2020-07-01,Napa,055,140530,509,347,0,347,4
2020-07-01,Nevada,057,99092,166,115,4,119,1
2020-07-01,Orange,059,3164182,25045,15662,207,15869,343
2020-07-01,Placer,061,380077,1027,713,1,714,11
2020-07-01,Plumas,063,18699,13,8,0,8,0
2020-07-01,Riverside,065,2383286,25493,19537,13,19550,457
2020-07-01,Sacramento,067,1510023,4878,3425,2,3427,64
2020-07-01,San Benito,069,59416,309,219,0,219,2
2020-07-01,San Bernardino,071,2135413,20861,12712,11,12723,253
2020-07-01,San Diego,073,3302833,18670,14624,2,14626,372
2020-07-01,San Francisco,075,870044,4216,3626,1,3627,50
2020-07-01,San Joaquin,077,732212,6001,3990,4,3994,54
2020-07-01,San Luis Obispo,079,281455,886,613,5,618,1
2020-07-01,San Mateo,081,765935,3815,3326,4,3330,84
2020-07-01,Santa Barbara,083,443738,4393,3268,18,3286,27
2020-07-01,Santa Clara,085,1922200,6017,4547,7,4554,159
2020-07-01,Santa Cruz,087,273765,510,398,0,398,2
2020-07-01,Shasta,089,179085,233,104,1,105,5
2020-07-01,Sierra,091,2930,1,1,0,1,0
2020-07-01,Siskiyou,093,43540,35,28,0,28,0
2020-07-01,Solano,095,438530,2022,1350,8,1358,21
2020-07-01,Sonoma,097,501317,1614,1178,4,1182,6
2020-07-01,Stanislaus,099,539301,4560,2619,6,2625,41
2020-07-01,Sutter,101,95872,266,188,0,188,2
2020-07-01,Tehama,103,63373,106,80,2,82,1
2020-07-01,Trinity,105,12862,11,2,3,5,0
2020-07-01,Tulare,107,460477,5764,4359,4,4363,128
2020-07-01,Tuolumne,109,53932,55,17,2,19,0
2020-07-01,Ventura,111,848112,4568,3224,10,3234,41
2020-07-01,Yolo,113,214977,791,526,3,529,24
2020-07-01,Yuba,115,75493,109,57,0,57,1
2020-06-30,Alameda,001,1643700,7339,5959,7,5966,137
2020-06-30,Alpine,003,1148,2,1,0,1,0
2020-06-30,Amador,005,37829,34,21,0,21,0
2020-06-30,Butte,007,227075,305,163,6,169,2
2020-06-30,Calaveras,009,45235,58,31,0,31,0
2020-06-30,Colusa,011,21464,94,33,0,33,0
2020-06-30,Contra Costa,013,1133247,4131,3140,4,3144,75
2020-06-30,Del Norte,015,27424,59,48,0,48,0
2020-06-30,El Dorado,017,186661,294,175,0,175,0
2020-06-30,Fresno,019,978130,9950,4826,62,4888,75
2020-06-30,Glenn,021,27897,165,96,0,96,0
2020-06-30,Humboldt,023,135768,160,132,0,132,3
2020-06-30,Imperial,025,180216,8198,5968,4,5972,45
2020-06-30,Inyo,027,18085,34,30,0,30,1
2020-06-30,Kern,029,883053,9607,4721,27,4748,75
2020-06-30,Kings,031,150075,2795,2315,5,2320,30
2020-06-30,Lake,033,64148,95,56,0,56,0
2020-06-30,Lassen,035,31185,245,215,2,217,0
2020-06-30,Los Angeles,037,10098052,121308,103640,39,103679,3378
2020-06-30,Madera,039,155013,1002,475,2,477,4
2020-06-30,Marin,041,260295,3074,1614,4,1618,17
2020-06-30,Mariposa,043,17540,34,27,0,27,1
2020-06-30,Mendocino,045,87422,91,65,0,65,0
2020-06-30,Merced,047,269075,1849,970,1,971,10
2020-06-30,Modoc,049,8938,1,0,0,0,0
2020-06-30,Mono,051,14174,49,36,0,36,1
2020-06-30,Monterey,053,433212,2277,1657,5,1662,15
2020-06-30,Napa,055,140530,484,342,0,342,4
2020-06-30,Nevada,057,99092,158,113,4,117,1
2020-06-30,Orange,059,3164182,24115,14354,197,14551,335
2020-06-30,Placer,061,380077,1000,667,1,668,11
2020-06-30,Plumas,063,18699,12,8,0,8,0
2020-06-30,Riverside,065,2383286,24776,18656,13,18669,449
2020-06-30,Sacramento,067,1510023,4589,3246,2,3248,64
2020-06-30,San Benito,069,59416,298,200,0,200,2
2020-06-30,San Bernardino,071,2135413,19877,12375,11,12386,249
2020-06-30,San Diego,073,3302833,17967,14150,2,14152,365
2020-06-30,San Francisco,075,870044,4110,3555,1,3556,50
2020-06-30,San Joaquin,077,732212,5626,3744,4,3748,52
2020-06-30,San Luis Obispo,079,281455,850,583,5,588,1
2020-06-30,San Mateo,081,765935,3737,3268,4,3272,84
2020-06-30,Santa Barbara,083,443738,4276,3102,18,3120,25
2020-06-30,Santa Clara,085,1922200,5816,4346,7,4353,157
2020-06-30,Santa Cruz,087,273765,485,379,0,379,2
2020-06-30,Shasta,089,179085,217,100,1,101,5
2020-06-30,Sierra,091,2930,1,1,0,1,0
2020-06-30,Siskiyou,093,43540,34,26,0,26,0
2020-06-30,Solano,095,438530,1930,1256,8,1264,21
2020-06-30,Sonoma,097,501317,1549,1122,4,1126,6
2020-06-30,Stanislaus,099,539301,4262,2578,6,2584,41
2020-06-30,Sutter,101,95872,243,168,0,168,2
2020-06-30,Tehama,103,63373,104,75,2,77,1
2020-06-30,Trinity,105,12862,11,2,3,5,0
2020-06-30,Tulare,107,460477,5557,4207,4,4211,117
2020-06-30,Tuolumne,109,53932,51,16,2,18,0
2020-06-30,Ventura,111,848112,4434,3030,10,3040,40
2020-06-30,Yolo,113,214977,753,515,3,518,24
2020-06-30,Yuba,115,75493,105,55,0,55,1
2020-06-29,Alameda,001,1643700,7129,5766,7,5773,135
2020-06-29,Alpine,003,1148,2,1,0,1,0
2020-06-29,Amador,005,37829,31,20,0,20,0
2020-06-29,Butte,007,227075,284,157,6,163,2
2020-06-29,Calaveras,009,45235,56,30,0,30,0
2020-06-29,Colusa,011,21464,89,17,0,17,0
2020-06-29,Contra Costa,013,1133247,3968,2976,3,2979,75
2020-06-29,Del Norte,015,27424,59,47,0,47,0
2020-06-29,El Dorado,017,186661,280,163,0,163,0
2020-06-29,Fresno,019,978130,9602,4531,61,4592,74
2020-06-29,Glenn,021,27897,156,77,0,77,0
2020-06-29,Humboldt,023,135768,159,128,0,128,3
2020-06-29,Imperial,025,180216,8067,5512,4,5516,45
2020-06-29,Inyo,027,18085,33,29,0,29,1
2020-06-29,Kern,029,883053,8943,4613,25,4638,73
2020-06-29,Kings,031,150075,2731,2280,5,2285,20
2020-06-29,Lake,033,64148,88,53,0,53,0
2020-06-29,Lassen,035,31185,237,77,2,79,0
2020-06-29,Los Angeles,037,10098052,118261,100846,33,100879,3337
2020-06-29,Madera,039,155013,945,422,2,424,4
2020-06-29,Marin,041,260295,2998,1517,4,1521,17
2020-06-29,Mariposa,043,17540,32,25,0,25,1
2020-06-29,Mendocino,045,87422,88,63,0,63,0
2020-06-29,Merced,047,269075,1743,848,1,849,10
2020-06-29,Modoc,049,8938,1,0,0,0,0
2020-06-29,Mono,051,14174,47,35,0,35,1
2020-06-29,Monterey,053,433212,2205,1614,5,1619,14
2020-06-29,Napa,055,140530,463,317,0,317,4
2020-06-29,Nevada,057,99092,155,107,3,110,1
2020-06-29,Orange,059,3164182,23124,13682,181,13863,324
2020-06-29,Placer,061,380077,964,628,1,629,11
2020-06-29,Plumas,063,18699,12,6,0,6,0
2020-06-29,Riverside,065,2383286,23743,17683,13,17696,432
2020-06-29,Sacramento,067,1510023,4302,2985,2,2987,62
2020-06-29,San Benito,069,59416,283,193,0,193,2
2020-06-29,San Bernardino,071,2135413,18916,11643,11,11654,245
2020-06-29,San Diego,073,3302833,17391,13834,2,13836,361
2020-06-29,San Francisco,075,870044,4033,3389,1,3390,50
2020-06-29,San Joaquin,077,732212,5268,3202,4,3206,52
2020-06-29,San Luis Obispo,079,281455,816,544,5,549,1
2020-06-29,San Mateo,081,765935,3683,3170,4,3174,84
2020-06-29,Santa Barbara,083,443738,4166,2933,17,2950,25
2020-06-29,Santa Clara,085,1922200,5644,4231,7,4238,157
2020-06-29,Santa Cruz,087,273765,467,348,0,348,2
2020-06-29,Shasta,089,179085,209,94,1,95,5
2020-06-29,Sierra,091,2930,1,1,0,1,0
2020-06-29,Siskiyou,093,43540,34,25,0,25,0
2020-06-29,Solano,095,438530,1828,1077,8,1085,21
2020-06-29,Sonoma,097,501317,1477,1103,4,1107,5
2020-06-29,Stanislaus,099,539301,4056,2400,5,2405,36
2020-06-29,Sutter,101,95872,221,152,0,152,2
2020-06-29,Tehama,103,63373,100,63,2,65,1
2020-06-29,Trinity,105,12862,11,2,3,5,0
2020-06-29,Tulare,107,460477,5403,3906,4,3910,117
2020-06-29,Tuolumne,109,53932,47,16,2,18,0
2020-06-29,Ventura,111,848112,4287,2794,10,2804,40
2020-06-29,Yolo,113,214977,720,483,3,486,24
2020-06-29,Yuba,115,75493,92,55,0,55,1
2020-06-28,Alameda,001,1643700,6870,5698,7,5705,135
2020-06-28,Alpine,003,1148,2,1,0,1,0
2020-06-28,Amador,005,37829,29,20,0,20,0
2020-06-28,Butte,007,227075,265,150,6,156,2
2020-06-28,Calaveras,009,45235,51,30,0,30,0
2020-06-28,Colusa,011,21464,74,17,0,17,0
2020-06-28,Contra Costa,013,1133247,3778,2803,3,2806,73
2020-06-28,Del Norte,015,27424,58,47,0,47,0
2020-06-28,El Dorado,017,186661,268,162,0,162,0
2020-06-28,Fresno,019,978130,9241,4365,61,4426,74
2020-06-28,Glenn,021,27897,148,77,0,77,0
2020-06-28,Humboldt,023,135768,156,127,0,127,3
2020-06-28,Imperial,025,180216,7879,5513,4,5517,45
2020-06-28,Inyo,027,18085,33,29,0,29,1
2020-06-28,Kern,029,883053,8390,4541,23,4564,72
2020-06-28,Kings,031,150075,2672,2234,5,2239,18
2020-06-28,Lake,033,64148,84,53,0,53,0
2020-06-28,Lassen,035,31185,237,77,2,79,0
2020-06-28,Los Angeles,037,10098052,115057,98003,29,98032,3316
2020-06-28,Madera,039,155013,897,424,2,426,4
2020-06-28,Marin,041,260295,2652,1473,4,1477,17
2020-06-28,Mariposa,043,17540,32,24,0,24,1
2020-06-28,Mendocino,045,87422,86,63,0,63,0
2020-06-28,Merced,047,269075,1630,814,1,815,10
2020-06-28,Modoc,049,8938,1,0,0,0,0
2020-06-28,Mono,051,14174,47,35,0,35,1
2020-06-28,Monterey,053,433212,2123,1560,5,1565,13
2020-06-28,Napa,055,140530,429,307,0,307,4
2020-06-28,Nevada,057,99092,144,102,3,105,1
2020-06-28,Orange,059,3164182,22149,13213,162,13375,324
2020-06-28,Placer,061,380077,925,618,1,619,11
2020-06-28,Plumas,063,18699,11,6,0,6,0
2020-06-28,Riverside,065,2383286,22916,16848,12,16860,432
2020-06-28,Sacramento,067,1510023,4074,2803,2,2805,63
2020-06-28,San Benito,069,59416,272,190,0,190,2
2020-06-28,San Bernardino,071,2135413,18162,11344,10,11354,245
2020-06-28,San Diego,073,3302833,16846,13333,2,13335,361
2020-06-28,San Francisco,075,870044,3954,3388,1,3389,50
2020-06-28,San Joaquin,077,732212,4931,3201,4,3205,52
2020-06-28,San Luis Obispo,079,281455,777,531,4,535,1
2020-06-28,San Mateo,081,765935,3605,3124,4,3128,84
2020-06-28,Santa Barbara,083,443738,4021,2872,17,2889,25
2020-06-28,Santa Clara,085,1922200,5483,4131,7,4138,156
2020-06-28,Santa Cruz,087,273765,444,349,0,349,2
2020-06-28,Shasta,089,179085,196,89,0,89,5
2020-06-28,Sierra,091,2930,1,1,0,1,0
2020-06-28,Siskiyou,093,43540,34,25,0,25,0
2020-06-28,Solano,095,438530,1753,1077,8,1085,21
2020-06-28,Sonoma,097,501317,1423,1084,4,1088,5
2020-06-28,Stanislaus,099,539301,3850,2376,5,2381,36
2020-06-28,Sutter,101,95872,195,145,0,145,2
2020-06-28,Tehama,103,63373,93,63,2,65,1
2020-06-28,Trinity,105,12862,11,2,3,5,0
2020-06-28,Tulare,107,460477,5238,3812,4,3816,117
2020-06-28,Tuolumne,109,53932,42,14,2,16,0
2020-06-28,Ventura,111,848112,4129,2650,10,2660,40
2020-06-28,Yolo,113,214977,685,468,3,471,24
2020-06-28,Yuba,115,75493,88,39,0,39,1
2020-06-27,Alameda,001,1643700,6775,5581,7,5588,135
2020-06-27,Alpine,003,1148,2,1,0,1,0
2020-06-27,Amador,005,37829,27,20,0,20,0
2020-06-27,Butte,007,227075,257,137,6,143,2
2020-06-27,Calaveras,009,45235,49,30,0,30,0
2020-06-27,Colusa,011,21464,68,17,0,17,0
2020-06-27,Contra Costa,013,1133247,3683,2717,2,2719,72
2020-06-27,Del Norte,015,27424,58,47,0,47,0
2020-06-27,El Dorado,017,186661,262,159,0,159,0
2020-06-27,Fresno,019,978130,8995,4238,61,4299,74
2020-06-27,Glenn,021,27897,144,77,0,77,0
2020-06-27,Humboldt,023,135768,154,127,0,127,3
2020-06-27,Imperial,025,180216,7817,5513,4,5517,45
2020-06-27,Inyo,027,18085,33,29,0,29,1
2020-06-27,Kern,029,883053,8125,4411,22,4433,70
2020-06-27,Kings,031,150075,2646,2187,5,2192,18
2020-06-27,Lake,033,64148,81,42,0,42,0
2020-06-27,Lassen,035,31185,237,33,2,35,0
2020-06-27,Los Angeles,037,10098052,113316,95341,26,95367,3291
2020-06-27,Madera,039,155013,854,427,1,428,4
2020-06-27,Marin,041,260295,2607,1423,4,1427,17
2020-06-27,Mariposa,043,17540,31,22,0,22,1
2020-06-27,Mendocino,045,87422,86,63,0,63,0
2020-06-27,Merced,047,269075,1572,807,0,807,10
2020-06-27,Modoc,049,8938,1,0,0,0,0
2020-06-27,Mono,051,14174,46,35,0,35,1
2020-06-27,Monterey,053,433212,2059,1455,5,1460,12
2020-06-27,Napa,055,140530,419,282,0,282,3
2020-06-27,Nevada,057,99092,140,102,2,104,1
2020-06-27,Orange,059,3164182,21639,12951,157,13108,320
2020-06-27,Placer,061,380077,904,584,1,585,10
2020-06-27,Plumas,063,18699,11,6,0,6,0
2020-06-27,Riverside,065,2383286,22526,16209,12,16221,432
2020-06-27,Sacramento,067,1510023,3957,2685,2,2687,63
2020-06-27,San Benito,069,59416,265,182,0,182,2
2020-06-27,San Bernardino,071,2135413,17784,11238,10,11248,243
2020-06-27,San Diego,073,3302833,16481,12836,2,12838,360
2020-06-27,San Francisco,075,870044,3899,3332,1,3333,49
2020-06-27,San Joaquin,077,732212,4766,2995,4,2999,52
2020-06-27,San Luis Obispo,079,281455,753,505,4,509,1
2020-06-27,San Mateo,081,765935,3548,3083,4,3087,83
2020-06-27,Santa Barbara,083,443738,3949,2799,17,2816,25
2020-06-27,Santa Clara,085,1922200,5378,4006,7,4013,157
2020-06-27,Santa Cruz,087,273765,437,347,0,347,2
2020-06-27,Shasta,089,179085,191,87,0,87,5
2020-06-27,Sierra,091,2930,1,1,0,1,0
2020-06-27,Siskiyou,093,43540,34,25,0,25,0
2020-06-27,Solano,095,438530,1720,1076,8,1084,21
2020-06-27,Sonoma,097,501317,1392,1004,4,1008,5
2020-06-27,Stanislaus,099,539301,3750,2164,5,2169,36
2020-06-27,Sutter,101,95872,188,141,0,141,2
2020-06-27,Tehama,103,63373,90,63,2,65,1
2020-06-27,Trinity,105,12862,11,2,3,5,0
2020-06-27,Tulare,107,460477,5142,3810,4,3814,117
2020-06-27,Tuolumne,109,53932,41,13,2,15,0
2020-06-27,Ventura,111,848112,4030,2471,10,2481,40
2020-06-27,Yolo,113,214977,660,432,3,435,24
2020-06-27,Yuba,115,75493,80,39,0,39,1
2020-06-26,Alameda,001,1643700,6689,5502,6,5508,132
2020-06-26,Alpine,003,1148,2,1,0,1,0
2020-06-26,Amador,005,37829,26,20,0,20,0
2020-06-26,Butte,007,227075,242,135,6,141,2
2020-06-26,Calaveras,009,45235,47,30,0,30,0
2020-06-26,Colusa,011,21464,63,17,0,17,0
2020-06-26,Contra Costa,013,1133247,3570,2676,2,2678,72
2020-06-26,Del Norte,015,27424,57,47,0,47,0
2020-06-26,El Dorado,017,186661,254,159,0,159,0
2020-06-26,Fresno,019,978130,8769,4166,61,4227,74
2020-06-26,Glenn,021,27897,137,71,0,71,0
2020-06-26,Humboldt,023,135768,152,126,0,126,3
2020-06-26,Imperial,025,180216,7753,5400,4,5404,44
2020-06-26,Inyo,027,18085,32,29,0,29,1
2020-06-26,Kern,029,883053,7793,4366,22,4388,70
2020-06-26,Kings,031,150075,2614,2176,4,2180,18
2020-06-26,Lake,033,64148,80,42,0,42,0
2020-06-26,Lassen,035,31185,236,30,2,32,0
2020-06-26,Los Angeles,037,10098052,111152,93328,26,93354,3275
2020-06-26,Madera,039,155013,822,409,1,410,4
2020-06-26,Marin,041,260295,2571,1406,4,1410,17
2020-06-26,Mariposa,043,17540,30,21,0,21,1
2020-06-26,Mendocino,045,87422,83,63,0,63,0
2020-06-26,Merced,047,269075,1526,797,0,797,10
2020-06-26,Modoc,049,8938,1,0,0,0,0
2020-06-26,Mono,051,14174,45,35,0,35,1
2020-06-26,Monterey,053,433212,2007,1449,5,1454,12
2020-06-26,Napa,055,140530,409,277,0,277,3
2020-06-26,Nevada,057,99092,136,101,1,102,1
2020-06-26,Orange,059,3164182,20963,12659,154,12813,320
2020-06-26,Placer,061,380077,876,584,1,585,10
2020-06-26,Plumas,063,18699,11,6,0,6,0
2020-06-26,Riverside,065,2383286,22064,15858,12,15870,430
2020-06-26,Sacramento,067,1510023,3792,2687,2,2689,63
2020-06-26,San Benito,069,59416,261,176,0,176,2
2020-06-26,San Bernardino,071,2135413,17407,11111,10,11121,243
2020-06-26,San Diego,073,3302833,16116,12402,2,12404,358
2020-06-26,San Francisco,075,870044,3843,3330,1,3331,49
2020-06-26,San Joaquin,077,732212,4552,2943,4,2947,52
2020-06-26,San Luis Obispo,079,281455,738,498,4,502,1
2020-06-26,San Mateo,081,765935,3496,3055,4,3059,83
2020-06-26,Santa Barbara,083,443738,3859,2784,15,2799,25
2020-06-26,Santa Clara,085,1922200,5277,3968,7,3975,156
2020-06-26,Santa Cruz,087,273765,430,344,0,344,2
2020-06-26,Shasta,089,179085,184,86,0,86,5
2020-06-26,Sierra,091,2930,1,1,0,1,0
2020-06-26,Siskiyou,093,43540,33,24,0,24,0
2020-06-26,Solano,095,438530,1678,1068,8,1076,21
2020-06-26,Sonoma,097,501317,1360,977,4,981,5
2020-06-26,Stanislaus,099,539301,3637,2157,5,2162,36
2020-06-26,Sutter,101,95872,181,138,0,138,2
2020-06-26,Tehama,103,63373,87,63,2,65,1
2020-06-26,Trinity,105,12862,11,2,3,5,0
2020-06-26,Tulare,107,460477,5053,3720,4,3724,117
2020-06-26,Tuolumne,109,53932,39,10,2,12,0
2020-06-26,Ventura,111,848112,3944,2444,10,2454,40
2020-06-26,Yolo,113,214977,636,418,3,421,24
2020-06-26,Yuba,115,75493,74,38,0,38,1
2020-06-25,Alameda,001,1643700,6498,5398,6,5404,130
2020-06-25,Alpine,003,1148,2,1,0,1,0
2020-06-25,Amador,005,37829,25,18,0,18,0
2020-06-25,Butte,007,227075,237,127,6,133,1
2020-06-25,Calaveras,009,45235,42,26,0,26,0
2020-06-25,Colusa,011,21464,53,14,0,14,0
2020-06-25,Contra Costa,013,1133247,3385,2591,2,2593,71
2020-06-25,Del Norte,015,27424,55,47,0,47,0
2020-06-25,El Dorado,017,186661,246,150,0,150,0
2020-06-25,Fresno,019,978130,8457,3938,60,3998,71
2020-06-25,Glenn,021,27897,132,59,0,59,0
2020-06-25,Humboldt,023,135768,151,121,0,121,3
2020-06-25,Imperial,025,180216,7625,5192,4,5196,44
2020-06-25,Inyo,027,18085,29,27,0,27,1
2020-06-25,Kern,029,883053,7368,4236,19,4255,69
2020-06-25,Kings,031,150075,2562,2110,4,2114,17
2020-06-25,Lake,033,64148,79,42,0,42,0
2020-06-25,Lassen,035,31185,230,13,2,15,0
2020-06-25,Los Angeles,037,10098052,108384,91524,26,91550,3239
2020-06-25,Madera,039,155013,778,380,1,381,4
2020-06-25,Marin,041,260295,2469,1321,4,1325,17
2020-06-25,Mariposa,043,17540,29,20,0,20,1
2020-06-25,Mendocino,045,87422,80,61,0,61,0
2020-06-25,Merced,047,269075,1439,747,0,747,10
2020-06-25,Modoc,049,8938,1,0,0,0,0
2020-06-25,Mono,051,14174,44,35,0,35,1
2020-06-25,Monterey,053,433212,1919,1426,4,1430,12
2020-06-25,Napa,055,140530,391,260,0,260,3
2020-06-25,Nevada,057,99092,128,92,1,93,1
2020-06-25,Orange,059,3164182,20039,12221,152,12373,311
2020-06-25,Placer,061,380077,823,574,1,575,10
2020-06-25,Plumas,063,18699,10,6,0,6,0
2020-06-25,Riverside,065,2383286,21309,15224,12,15236,427
2020-06-25,Sacramento,067,1510023,3569,2519,2,2521,62
2020-06-25,San Benito,069,59416,253,174,0,174,2
2020-06-25,San Bernardino,071,2135413,16655,10590,10,10600,242
2020-06-25,San Diego,073,3302833,15577,11963,2,11965,352
2020-06-25,San Francisco,075,870044,3778,3252,1,3253,48
2020-06-25,San Joaquin,077,732212,4279,2803,4,2807,50
2020-06-25,San Luis Obispo,079,281455,706,473,4,477,1
2020-06-25,San Mateo,081,765935,3428,2996,4,3000,82
2020-06-25,Santa Barbara,083,443738,3753,2622,14,2636,25
2020-06-25,Santa Clara,085,1922200,5129,3871,7,3878,156
2020-06-25,Santa Cruz,087,273765,418,335,0,335,2
2020-06-25,Shasta,089,179085,174,84,0,84,5
2020-06-25,Sierra,091,2930,1,1,0,1,0
2020-06-25,Siskiyou,093,43540,32,24,0,24,0
2020-06-25,Solano,095,438530,1625,1034,8,1042,21
2020-06-25,Sonoma,097,501317,1313,953,3,956,5
2020-06-25,Stanislaus,099,539301,3425,2130,5,2135,36
2020-06-25,Sutter,101,95872,169,126,0,126,2
2020-06-25,Tehama,103,63373,83,59,2,61,1
2020-06-25,Trinity,105,12862,11,2,3,5,0
2020-06-25,Tulare,107,460477,4923,3656,4,3660,117
2020-06-25,Tuolumne,109,53932,38,10,2,12,0
2020-06-25,Ventura,111,848112,3762,2346,9,2355,40
2020-06-25,Yolo,113,214977,606,397,3,400,24
2020-06-25,Yuba,115,75493,63,38,0,38,1
2020-06-24,Alameda,001,1643700,6336,5242,6,5248,123
2020-06-24,Alpine,003,1148,2,1,0,1,0
2020-06-24,Amador,005,37829,23,16,0,16,0
2020-06-24,Butte,007,227075,221,119,6,125,1
2020-06-24,Calaveras,009,45235,40,26,0,26,0
2020-06-24,Colusa,011,21464,44,11,0,11,0
2020-06-24,Contra Costa,013,1133247,3230,2520,2,2522,66
2020-06-24,Del Norte,015,27424,49,47,0,47,0
2020-06-24,El Dorado,017,186661,230,149,0,149,0
2020-06-24,Fresno,019,978130,8126,3765,60,3825,71
2020-06-24,Glenn,021,27897,124,54,0,54,0
2020-06-24,Humboldt,023,135768,151,117,0,117,3
2020-06-24,Imperial,025,180216,7507,5138,4,5142,38
2020-06-24,Inyo,027,18085,29,28,0,28,1
2020-06-24,Kern,029,883053,6975,4155,17,4172,67
2020-06-24,Kings,031,150075,2500,2063,4,2067,16
2020-06-24,Lake,033,64148,66,40,0,40,0
2020-06-24,Lassen,035,31185,229,9,2,11,0
2020-06-24,Los Angeles,037,10098052,105625,89566,26,89592,3186
2020-06-24,Madera,039,155013,756,373,1,374,4
2020-06-24,Marin,041,260295,2241,1261,4,1265,17
2020-06-24,Mariposa,043,17540,28,19,0,19,1
2020-06-24,Mendocino,045,87422,80,60,0,60,0
2020-06-24,Merced,047,269075,1353,696,0,696,8
2020-06-24,Modoc,049,8938,1,0,0,0,0
2020-06-24,Mono,051,14174,42,35,0,35,1
2020-06-24,Monterey,053,433212,1842,1407,4,1411,12
2020-06-24,Napa,055,140530,373,258,0,258,3
2020-06-24,Nevada,057,99092,122,92,1,93,1
2020-06-24,Orange,059,3164182,19045,11804,134,11938,303
2020-06-24,Placer,061,380077,784,548,1,549,10
2020-06-24,Plumas,063,18699,10,6,0,6,0
2020-06-24,Riverside,065,2383286,20464,14946,12,14958,410
2020-06-24,Sacramento,067,1510023,3364,2446,2,2448,62
2020-06-24,San Benito,069,59416,249,171,0,171,2
2020-06-24,San Bernardino,071,2135413,15844,10211,9,10220,239
2020-06-24,San Diego,073,3302833,15077,11628,2,11630,347
2020-06-24,San Francisco,075,870044,3715,3216,1,3217,48
2020-06-24,San Joaquin,077,732212,4058,2680,4,2684,49
2020-06-24,San Luis Obispo,079,281455,674,461,3,464,1
2020-06-24,San Mateo,081,765935,3371,2964,4,2968,82
2020-06-24,Santa Barbara,083,443738,3633,2569,12,2581,22
2020-06-24,Santa Clara,085,1922200,4998,3812,7,3819,155
2020-06-24,Santa Cruz,087,273765,406,329,0,329,2
2020-06-24,Shasta,089,179085,166,83,0,83,5
2020-06-24,Sierra,091,2930,1,1,0,1,0
2020-06-24,Siskiyou,093,43540,31,24,0,24,0
2020-06-24,Solano,095,438530,1535,979,7,986,21
2020-06-24,Sonoma,097,501317,1264,933,3,936,4
2020-06-24,Stanislaus,099,539301,3246,2039,5,2044,36
2020-06-24,Sutter,101,95872,156,118,0,118,2
2020-06-24,Tehama,103,63373,81,55,2,57,1
2020-06-24,Trinity,105,12862,11,2,2,4,0
2020-06-24,Tulare,107,460477,4770,3541,4,3545,116
2020-06-24,Tuolumne,109,53932,33,9,2,11,0
2020-06-24,Ventura,111,848112,3421,2314,9,2323,42
2020-06-24,Yolo,113,214977,571,376,3,379,24
2020-06-24,Yuba,115,75493,57,37,0,37,1
2020-06-23,Alameda,001,1643700,6155,5159,6,5165,121
2020-06-23,Alpine,003,1148,2,1,0,1,0
2020-06-23,Amador,005,37829,22,13,0,13,0
2020-06-23,Butte,007,227075,203,111,6,117,1
2020-06-23,Calaveras,009,45235,40,26,0,26,0
2020-06-23,Colusa,011,21464,40,7,0,7,0
2020-06-23,Contra Costa,013,1133247,3104,2453,2,2455,60
2020-06-23,Del Norte,015,27424,48,46,0,46,0
2020-06-23,El Dorado,017,186661,221,142,0,142,0
2020-06-23,Fresno,019,978130,7476,3569,58,3627,67
2020-06-23,Glenn,021,27897,120,47,0,47,0
2020-06-23,Humboldt,023,135768,151,110,0,110,3
2020-06-23,Imperial,025,180216,7344,5025,4,5029,38
2020-06-23,Inyo,027,18085,29,26,0,26,1
2020-06-23,Kern,029,883053,6607,4087,14,4101,64
2020-06-23,Kings,031,150075,2435,1727,4,1731,16
2020-06-23,Lake,033,64148,60,40,0,40,0
2020-06-23,Lassen,035,31185,225,9,2,11,0
2020-06-23,Los Angeles,037,10098052,102687,88433,24,88457,3152
2020-06-23,Madera,039,155013,717,369,1,370,4
2020-06-23,Marin,041,260295,1973,1139,4,1143,17
2020-06-23,Mariposa,043,17540,26,18,0,18,1
2020-06-23,Mendocino,045,87422,79,61,0,61,0
2020-06-23,Merced,047,269075,1256,656,0,656,8
2020-06-23,Modoc,049,8938,1,0,0,0,0
2020-06-23,Mono,051,14174,42,35,0,35,1
2020-06-23,Monterey,053,433212,1772,1346,4,1350,12
2020-06-23,Napa,055,140530,358,230,0,230,3
2020-06-23,Nevada,057,99092,116,81,1,82,1
2020-06-23,Orange,059,3164182,18075,11071,131,11202,278
2020-06-23,Placer,061,380077,758,525,1,526,10
2020-06-23,Plumas,063,18699,9,6,0,6,0
2020-06-23,Riverside,065,2383286,19445,14469,12,14481,406
2020-06-23,Sacramento,067,1510023,3185,2374,2,2376,62
2020-06-23,San Benito,069,59416,235,167,0,167,2
2020-06-23,San Bernardino,071,2135413,15061,9771,9,9780,229
2020-06-23,San Diego,073,3302833,14557,11296,2,11298,341
2020-06-23,San Francisco,075,870044,3642,3177,1,3178,48
2020-06-23,San Joaquin,077,732212,3799,2502,4,2506,48
2020-06-23,San Luis Obispo,079,281455,643,445,3,448,1
2020-06-23,San Mateo,081,765935,3306,2907,4,2911,81
2020-06-23,Santa Barbara,083,443738,3537,2498,12,2510,22
2020-06-23,Santa Clara,085,1922200,4852,3700,7,3707,155
2020-06-23,Santa Cruz,087,273765,396,313,0,313,2
2020-06-23,Shasta,089,179085,157,81,0,81,5
2020-06-23,Sierra,091,2930,1,1,0,1,0
2020-06-23,Siskiyou,093,43540,29,24,0,24,0
2020-06-23,Solano,095,438530,1478,941,6,947,21
2020-06-23,Sonoma,097,501317,1211,912,3,915,4
2020-06-23,Stanislaus,099,539301,3069,1850,5,1855,35
2020-06-23,Sutter,101,95872,146,112,0,112,2
2020-06-23,Tehama,103,63373,79,50,2,52,1
2020-06-23,Trinity,105,12862,11,2,2,4,0
2020-06-23,Tulare,107,460477,4648,3456,4,3460,111
2020-06-23,Tuolumne,109,53932,28,9,1,10,0
2020-06-23,Ventura,111,848112,3261,2209,8,2217,40
2020-06-23,Yolo,113,214977,545,350,0,350,24
2020-06-23,Yuba,115,75493,54,35,0,35,1
2020-06-22,Alameda,001,1643700,6004,4944,6,4950,121
2020-06-22,Alpine,003,1148,2,1,0,1,0
2020-06-22,Amador,005,37829,19,12,0,12,0
2020-06-22,Butte,007,227075,184,104,6,110,1
2020-06-22,Calaveras,009,45235,38,20,0,20,0
2020-06-22,Colusa,011,21464,37,7,0,7,0
2020-06-22,Contra Costa,013,1133247,2962,2363,2,2365,60
2020-06-22,Del Norte,015,27424,48,46,0,46,0
2020-06-22,El Dorado,017,186661,212,137,0,137,0
2020-06-22,Fresno,019,978130,6944,3425,58,3483,67
2020-06-22,Glenn,021,27897,111,40,0,40,0
2020-06-22,Humboldt,023,135768,148,110,0,110,3
2020-06-22,Imperial,025,180216,7188,4700,4,4704,38
2020-06-22,Inyo,027,18085,29,26,0,26,1
2020-06-22,Kern,029,883053,6255,3982,12,3994,60
2020-06-22,Kings,031,150075,2387,1513,4,1517,13
2020-06-22,Lake,033,64148,54,37,0,37,0
2020-06-22,Lassen,035,31185,115,7,2,9,0
2020-06-22,Los Angeles,037,10098052,99790,85925,23,85948,3117
2020-06-22,Madera,039,155013,692,333,1,334,4
2020-06-22,Marin,041,260295,1716,1029,4,1033,17
2020-06-22,Mariposa,043,17540,25,18,0,18,1
2020-06-22,Mendocino,045,87422,74,48,0,48,0
2020-06-22,Merced,047,269075,1167,619,0,619,8
2020-06-22,Modoc,049,8938,1,0,0,0,0
2020-06-22,Mono,051,14174,42,34,0,34,1
2020-06-22,Monterey,053,433212,1711,1293,4,1297,12
2020-06-22,Napa,055,140530,334,222,0,222,3
2020-06-22,Nevada,057,99092,111,79,1,80,1
2020-06-22,Orange,059,3164182,17145,10711,128,10839,275
2020-06-22,Placer,061,380077,732,512,1,513,9
2020-06-22,Plumas,063,18699,7,6,0,6,0
2020-06-22,Riverside,065,2383286,18473,13948,12,13960,403
2020-06-22,Sacramento,067,1510023,2969,2243,2,2245,62
2020-06-22,San Benito,069,59416,226,164,0,164,2
2020-06-22,San Bernardino,071,2135413,14285,9133,9,9142,229
2020-06-22,San Diego,073,3302833,14066,11098,2,11100,338
2020-06-22,San Francisco,075,870044,3549,3000,1,3001,47
2020-06-22,San Joaquin,077,732212,3551,2332,4,2336,48
2020-06-22,San Luis Obispo,079,281455,611,422,3,425,1
2020-06-22,San Mateo,081,765935,3233,2813,4,2817,81
2020-06-22,Santa Barbara,083,443738,3445,2447,12,2459,21
2020-06-22,Santa Clara,085,1922200,4692,3580,7,3587,155
2020-06-22,Santa Cruz,087,273765,383,290,0,290,3
2020-06-22,Shasta,089,179085,154,77,0,77,5
2020-06-22,Sierra,091,2930,1,1,0,1,0
2020-06-22,Siskiyou,093,43540,29,23,0,23,0
2020-06-22,Solano,095,438530,1400,784,5,789,21
2020-06-22,Sonoma,097,501317,1166,860,1,861,4
2020-06-22,Stanislaus,099,539301,2884,1784,5,1789,35
2020-06-22,Sutter,101,95872,137,100,0,100,2
2020-06-22,Tehama,103,63373,75,38,2,40,1
2020-06-22,Trinity,105,12862,11,2,2,4,0
2020-06-22,Tulare,107,460477,4511,3185,4,3189,111
2020-06-22,Tuolumne,109,53932,19,8,1,9,0
2020-06-22,Ventura,111,848112,3112,2065,8,2073,39
2020-06-22,Yolo,113,214977,518,333,0,333,24
2020-06-22,Yuba,115,75493,49,36,0,36,1
2020-06-21,Alameda,001,1643700,5808,4835,6,4841,121
2020-06-21,Alpine,003,1148,2,1,0,1,0
2020-06-21,Amador,005,37829,14,12,0,12,0
2020-06-21,Butte,007,227075,170,97,6,103,1
2020-06-21,Calaveras,009,45235,38,20,0,20,0
2020-06-21,Colusa,011,21464,29,7,0,7,0
2020-06-21,Contra Costa,013,1133247,2836,2282,2,2284,60
2020-06-21,Del Norte,015,27424,47,46,0,46,0
2020-06-21,El Dorado,017,186661,203,132,0,132,0
2020-06-21,Fresno,019,978130,6374,3296,57,3353,67
2020-06-21,Glenn,021,27897,102,40,0,40,0
2020-06-21,Humboldt,023,135768,143,108,0,108,3
2020-06-21,Imperial,025,180216,7005,4701,4,4705,38
2020-06-21,Inyo,027,18085,27,26,0,26,1
2020-06-21,Kern,029,883053,5963,3918,11,3929,60
2020-06-21,Kings,031,150075,2324,1334,4,1338,11
2020-06-21,Lake,033,64148,49,36,0,36,0
2020-06-21,Lassen,035,31185,22,7,2,9,0
2020-06-21,Los Angeles,037,10098052,96909,83383,23,83406,3101
2020-06-21,Madera,039,155013,658,319,1,320,4
2020-06-21,Marin,041,260295,1559,907,4,911,17
2020-06-21,Mariposa,043,17540,22,18,0,18,1
2020-06-21,Mendocino,045,87422,71,48,0,48,0
2020-06-21,Merced,047,269075,1072,577,0,577,8
2020-06-21,Modoc,049,8938,1,0,0,0,0
2020-06-21,Mono,051,14174,42,34,0,34,1
2020-06-21,Monterey,053,433212,1638,1227,4,1231,12
2020-06-21,Napa,055,140530,319,218,0,218,3
2020-06-21,Nevada,057,99092,108,79,1,80,1
2020-06-21,Orange,059,3164182,16303,10563,124,10687,275
2020-06-21,Placer,061,380077,692,498,1,499,9
2020-06-21,Plumas,063,18699,7,6,0,6,0
2020-06-21,Riverside,065,2383286,17768,13528,11,13539,402
2020-06-21,Sacramento,067,1510023,2768,2156,2,2158,62
2020-06-21,San Benito,069,59416,212,151,0,151,2
2020-06-21,San Bernardino,071,2135413,13508,8925,8,8933,229
2020-06-21,San Diego,073,3302833,13521,10796,2,10798,338
2020-06-21,San Francisco,075,870044,3443,3000,1,3001,47
2020-06-21,San Joaquin,077,732212,3315,2188,4,2192,48
2020-06-21,San Luis Obispo,079,281455,586,418,3,421,1
2020-06-21,San Mateo,081,765935,3175,2781,4,2785,81
2020-06-21,Santa Barbara,083,443738,3338,2430,11,2441,21
2020-06-21,Santa Clara,085,1922200,4554,3514,7,3521,154
2020-06-21,Santa Cruz,087,273765,373,290,0,290,3
2020-06-21,Shasta,089,179085,144,75,0,75,5
2020-06-21,Sierra,091,2930,1,1,0,1,0
2020-06-21,Siskiyou,093,43540,29,23,0,23,0
2020-06-21,Solano,095,438530,1300,783,4,787,21
2020-06-21,Sonoma,097,501317,1116,836,1,837,4
2020-06-21,Stanislaus,099,539301,2698,1688,5,1693,35
2020-06-21,Sutter,101,95872,129,96,0,96,2
2020-06-21,Tehama,103,63373,64,35,2,37,1
2020-06-21,Trinity,105,12862,11,2,2,4,0
2020-06-21,Tulare,107,460477,4343,3173,4,3177,111
2020-06-21,Tuolumne,109,53932,17,8,1,9,0
2020-06-21,Ventura,111,848112,2934,2021,8,2029,39
2020-06-21,Yolo,113,214977,486,323,0,323,24
2020-06-21,Yuba,115,75493,45,35,0,35,1
2020-06-20,Alameda,001,1643700,5746,4758,6,4764,119
2020-06-20,Alpine,003,1148,2,1,0,1,0
2020-06-20,Amador,005,37829,14,12,0,12,0
2020-06-20,Butte,007,227075,163,94,6,100,1
2020-06-20,Calaveras,009,45235,38,20,0,20,0
2020-06-20,Colusa,011,21464,26,7,0,7,0
2020-06-20,Contra Costa,013,1133247,2777,2231,2,2233,54
2020-06-20,Del Norte,015,27424,47,46,0,46,0
2020-06-20,El Dorado,017,186661,198,130,0,130,0
2020-06-20,Fresno,019,978130,6249,3222,55,3277,67
2020-06-20,Glenn,021,27897,97,40,0,40,0
2020-06-20,Humboldt,023,135768,143,108,0,108,3
2020-06-20,Imperial,025,180216,6924,4616,4,4620,37
2020-06-20,Inyo,027,18085,27,26,0,26,1
2020-06-20,Kern,029,883053,5798,3836,11,3847,59
2020-06-20,Kings,031,150075,2300,1331,4,1335,9
2020-06-20,Lake,033,64148,49,37,0,37,0
2020-06-20,Lassen,035,31185,21,7,2,9,0
2020-06-20,Los Angeles,037,10098052,95336,81604,22,81626,3093
2020-06-20,Madera,039,155013,625,321,1,322,4
2020-06-20,Marin,041,260295,1539,879,4,883,17
2020-06-20,Mariposa,043,17540,22,18,0,18,1
2020-06-20,Mendocino,045,87422,70,48,0,48,0
2020-06-20,Merced,047,269075,1032,566,0,566,8
2020-06-20,Modoc,049,8938,1,0,0,0,0
2020-06-20,Mono,051,14174,42,34,0,34,1
2020-06-20,Monterey,053,433212,1602,1181,4,1185,12
2020-06-20,Napa,055,140530,310,212,0,212,3
2020-06-20,Nevada,057,99092,105,73,1,74,1
2020-06-20,Orange,059,3164182,15955,10284,120,10404,273
2020-06-20,Placer,061,380077,667,483,1,484,9
2020-06-20,Plumas,063,18699,6,6,0,6,0
2020-06-20,Riverside,065,2383286,17469,13021,11,13032,402
2020-06-20,Sacramento,067,1510023,2697,2069,2,2071,63
2020-06-20,San Benito,069,59416,208,139,0,139,2
2020-06-20,San Bernardino,071,2135413,13146,8718,8,8726,229
2020-06-20,San Diego,073,3302833,13198,10486,2,10488,338
2020-06-20,San Francisco,075,870044,3399,2999,1,3000,47
2020-06-20,San Joaquin,077,732212,3232,2046,4,2050,48
2020-06-20,San Luis Obispo,079,281455,573,405,3,408,1
2020-06-20,San Mateo,081,765935,3127,2755,4,2759,81
2020-06-20,Santa Barbara,083,443738,3282,2358,10,2368,21
2020-06-20,Santa Clara,085,1922200,4481,3435,7,3442,154
2020-06-20,Santa Cruz,087,273765,371,287,0,287,3
2020-06-20,Shasta,089,179085,138,66,0,66,5
2020-06-20,Sierra,091,2930,1,1,0,1,0
2020-06-20,Siskiyou,093,43540,28,22,0,22,0
2020-06-20,Solano,095,438530,1276,784,4,788,21
2020-06-20,Sonoma,097,501317,1080,806,1,807,4
2020-06-20,Stanislaus,099,539301,2590,1598,5,1603,35
2020-06-20,Sutter,101,95872,127,89,0,89,2
2020-06-20,Tehama,103,63373,62,35,2,37,1
2020-06-20,Trinity,105,12862,11,2,2,4,0
2020-06-20,Tulare,107,460477,4270,3172,4,3176,111
2020-06-20,Tuolumne,109,53932,14,8,1,9,0
2020-06-20,Ventura,111,848112,2869,1946,8,1954,37
2020-06-20,Yolo,113,214977,470,309,0,309,24
2020-06-20,Yuba,115,75493,43,34,0,34,1
2020-06-19,Alameda,001,1643700,5675,4646,6,4652,119
2020-06-19,Alpine,003,1148,2,1,0,1,0
2020-06-19,Amador,005,37829,14,12,0,12,0
2020-06-19,Butte,007,227075,158,91,6,97,1
2020-06-19,Calaveras,009,45235,37,20,0,20,0
2020-06-19,Colusa,011,21464,24,7,0,7,0
2020-06-19,Contra Costa,013,1133247,2698,2106,2,2108,54
2020-06-19,Del Norte,015,27424,47,46,0,46,0
2020-06-19,El Dorado,017,186661,189,124,0,124,0
2020-06-19,Fresno,019,978130,6087,3109,53,3162,61
2020-06-19,Glenn,021,27897,91,40,0,40,0
2020-06-19,Humboldt,023,135768,141,106,0,106,3
2020-06-19,Imperial,025,180216,6833,4504,4,4508,36
2020-06-19,Inyo,027,18085,27,26,0,26,1
2020-06-19,Kern,029,883053,5575,3742,10,3752,57
2020-06-19,Kings,031,150075,2279,1285,4,1289,9
2020-06-19,Lake,033,64148,46,36,0,36,0
2020-06-19,Lassen,035,31185,20,7,2,9,0
2020-06-19,Los Angeles,037,10098052,93356,79572,22,79594,3047
2020-06-19,Madera,039,155013,606,300,1,301,4
2020-06-19,Marin,041,260295,1510,829,4,833,17
2020-06-19,Mariposa,043,17540,21,18,0,18,1
2020-06-19,Mendocino,045,87422,69,48,0,48,0
2020-06-19,Merced,047,269075,987,529,0,529,8
2020-06-19,Modoc,049,8938,1,0,0,0,0
2020-06-19,Mono,051,14174,42,34,0,34,1
2020-06-19,Monterey,053,433212,1573,1159,4,1163,12
2020-06-19,Napa,055,140530,300,209,0,209,3
2020-06-19,Nevada,057,99092,102,71,1,72,1
2020-06-19,Orange,059,3164182,15429,9972,112,10084,260
2020-06-19,Placer,061,380077,649,464,1,465,9
2020-06-19,Plumas,063,18699,6,5,0,5,0
2020-06-19,Riverside,065,2383286,17064,12710,11,12721,398
2020-06-19,Sacramento,067,1510023,2614,1976,2,1978,64
2020-06-19,San Benito,069,59416,207,136,0,136,2
2020-06-19,San Bernardino,071,2135413,12740,8454,7,8461,226
2020-06-19,San Diego,073,3302833,12835,10352,2,10354,332
2020-06-19,San Francisco,075,870044,3344,2968,1,2969,47
2020-06-19,San Joaquin,077,732212,3109,1969,4,1973,48
2020-06-19,San Luis Obispo,079,281455,558,392,3,395,1
2020-06-19,San Mateo,081,765935,3088,2713,4,2717,81
2020-06-19,Santa Barbara,083,443738,3209,2284,8,2292,21
2020-06-19,Santa Clara,085,1922200,4407,3376,7,3383,154
2020-06-19,Santa Cruz,087,273765,361,283,0,283,3
2020-06-19,Shasta,089,179085,134,58,0,58,5
2020-06-19,Sierra,091,2930,1,1,0,1,0
2020-06-19,Siskiyou,093,43540,28,21,0,21,0
2020-06-19,Solano,095,438530,1238,755,4,759,21
2020-06-19,Sonoma,097,501317,1053,803,1,804,4
2020-06-19,Stanislaus,099,539301,2480,1549,5,1554,35
2020-06-19,Sutter,101,95872,126,89,0,89,2
2020-06-19,Tehama,103,63373,61,35,2,37,1
2020-06-19,Trinity,105,12862,11,2,2,4,0
2020-06-19,Tulare,107,460477,4199,3053,4,3057,107
2020-06-19,Tuolumne,109,53932,13,8,1,9,0
2020-06-19,Ventura,111,848112,2785,1865,8,1873,37
2020-06-19,Yolo,113,214977,451,303,0,303,24
2020-06-19,Yuba,115,75493,42,33,0,33,1
2020-06-18,Alameda,001,1643700,5546,4589,6,4595,118
2020-06-18,Alpine,003,1148,2,1,0,1,0
2020-06-18,Amador,005,37829,13,12,0,12,0
2020-06-18,Butte,007,227075,153,88,6,94,1
2020-06-18,Calaveras,009,45235,37,20,0,20,0
2020-06-18,Colusa,011,21464,20,7,0,7,0
2020-06-18,Contra Costa,013,1133247,2592,2072,2,2074,53
2020-06-18,Del Norte,015,27424,47,46,0,46,0
2020-06-18,El Dorado,017,186661,185,121,0,121,0
2020-06-18,Fresno,019,978130,5819,2947,52,2999,57
2020-06-18,Glenn,021,27897,82,35,0,35,0
2020-06-18,Humboldt,023,135768,140,106,0,106,3
2020-06-18,Imperial,025,180216,6684,4366,4,4370,36
2020-06-18,Inyo,027,18085,26,25,0,25,1
2020-06-18,Kern,029,883053,5357,3634,10,3644,57
2020-06-18,Kings,031,150075,2220,1141,4,1145,8
2020-06-18,Lake,033,64148,45,36,0,36,0
2020-06-18,Lassen,035,31185,19,5,2,7,0
2020-06-18,Los Angeles,037,10098052,91089,78244,22,78266,3009
2020-06-18,Madera,039,155013,571,288,1,289,4
2020-06-18,Marin,041,260295,1447,819,4,823,17
2020-06-18,Mariposa,043,17540,19,18,0,18,1
2020-06-18,Mendocino,045,87422,65,45,0,45,0
2020-06-18,Merced,047,269075,934,486,0,486,7
2020-06-18,Modoc,049,8938,1,0,0,0,0
2020-06-18,Mono,051,14174,42,34,0,34,1
2020-06-18,Monterey,053,433212,1506,1127,4,1131,12
2020-06-18,Napa,055,140530,285,205,0,205,3
2020-06-18,Nevada,057,99092,98,68,1,69,1
2020-06-18,Orange,059,3164182,14772,9597,94,9691,255
2020-06-18,Placer,061,380077,626,457,1,458,9
2020-06-18,Plumas,063,18699,6,5,0,5,0
2020-06-18,Riverside,065,2383286,16451,12410,11,12421,392
2020-06-18,Sacramento,067,1510023,2498,1938,2,1940,63
2020-06-18,San Benito,069,59416,201,134,0,134,2
2020-06-18,San Bernardino,071,2135413,12101,8141,7,8148,226
2020-06-18,San Diego,073,3302833,12413,10094,2,10096,331
2020-06-18,San Francisco,075,870044,3295,2951,1,2952,47
2020-06-18,San Joaquin,077,732212,2957,1908,4,1912,47
2020-06-18,San Luis Obispo,079,281455,539,378,3,381,1
2020-06-18,San Mateo,081,765935,3049,2674,4,2678,78
2020-06-18,Santa Barbara,083,443738,3135,2201,8,2209,19
2020-06-18,Santa Clara,085,1922200,4305,3338,7,3345,152
2020-06-18,Santa Cruz,087,273765,344,275,0,275,3
2020-06-18,Shasta,089,179085,123,51,0,51,4
2020-06-18,Sierra,091,2930,1,1,0,1,0
2020-06-18,Siskiyou,093,43540,28,18,0,18,0
2020-06-18,Solano,095,438530,1200,735,4,739,21
2020-06-18,Sonoma,097,501317,1011,789,1,790,4
2020-06-18,Stanislaus,099,539301,2346,1495,5,1500,35
2020-06-18,Sutter,101,95872,122,85,0,85,2
2020-06-18,Tehama,103,63373,56,31,2,33,1
2020-06-18,Trinity,105,12862,11,2,2,4,0
2020-06-18,Tulare,107,460477,4079,3005,4,3009,107
2020-06-18,Tuolumne,109,53932,12,8,1,9,0
2020-06-18,Ventura,111,848112,2659,1781,8,1789,37
2020-06-18,Yolo,113,214977,418,294,0,294,24
2020-06-18,Yuba,115,75493,41,32,0,32,1
2020-06-17,Alameda,001,1643700,5423,4485,6,4491,117
2020-06-17,Alpine,003,1148,2,1,0,1,0
2020-06-17,Amador,005,37829,12,10,0,10,0
2020-06-17,Butte,007,227075,144,81,6,87,1
2020-06-17,Calaveras,009,45235,37,20,0,20,0
2020-06-17,Colusa,011,21464,19,7,0,7,0
2020-06-17,Contra Costa,013,1133247,2495,2020,2,2022,45
2020-06-17,Del Norte,015,27424,47,45,0,45,0
2020-06-17,El Dorado,017,186661,178,116,0,116,0
2020-06-17,Fresno,019,978130,5595,2801,49,2850,56
2020-06-17,Glenn,021,27897,75,31,0,31,0
2020-06-17,Humboldt,023,135768,138,105,0,105,3
2020-06-17,Imperial,025,180216,6512,4108,4,4112,36
2020-06-17,Inyo,027,18085,25,25,0,25,1
2020-06-17,Kern,029,883053,5156,3547,10,3557,56
2020-06-17,Kings,031,150075,2190,1097,4,1101,7
2020-06-17,Lake,033,64148,44,32,0,32,0
2020-06-17,Lassen,035,31185,15,5,2,7,0
2020-06-17,Los Angeles,037,10098052,88782,77166,22,77188,2973
2020-06-17,Madera,039,155013,549,258,1,259,4
2020-06-17,Marin,041,260295,1255,771,3,774,17
2020-06-17,Mariposa,043,17540,18,18,0,18,1
2020-06-17,Mendocino,045,87422,63,42,0,42,0
2020-06-17,Merced,047,269075,862,460,0,460,7
2020-06-17,Modoc,049,8938,1,0,0,0,0
2020-06-17,Mono,051,14174,42,34,0,34,1
2020-06-17,Monterey,053,433212,1454,1077,4,1081,12
2020-06-17,Napa,055,140530,270,202,0,202,3
2020-06-17,Nevada,057,99092,94,57,1,58,1
2020-06-17,Orange,059,3164182,14169,9278,89,9367,230
2020-06-17,Placer,061,380077,606,427,1,428,9
2020-06-17,Plumas,063,18699,6,5,0,5,0
2020-06-17,Riverside,065,2383286,15818,11859,11,11870,370
2020-06-17,Sacramento,067,1510023,2391,1889,2,1891,63
2020-06-17,San Benito,069,59416,196,116,0,116,2
2020-06-17,San Bernardino,071,2135413,11549,7670,7,7677,225
2020-06-17,San Diego,073,3302833,12034,9856,2,9858,327
2020-06-17,San Francisco,075,870044,3256,2906,1,2907,46
2020-06-17,San Joaquin,077,732212,2784,1825,4,1829,46
2020-06-17,San Luis Obispo,079,281455,522,362,3,365,1
2020-06-17,San Mateo,081,765935,3002,2649,4,2653,78
2020-06-17,Santa Barbara,083,443738,3062,2147,6,2153,19
2020-06-17,Santa Clara,085,1922200,4214,3264,6,3270,148
2020-06-17,Santa Cruz,087,273765,338,265,0,265,2
2020-06-17,Shasta,089,179085,121,51,0,51,4
2020-06-17,Sierra,091,2930,1,1,0,1,0
2020-06-17,Siskiyou,093,43540,27,16,0,16,0
2020-06-17,Solano,095,438530,1150,722,4,726,21
2020-06-17,Sonoma,097,501317,986,748,1,749,4
2020-06-17,Stanislaus,099,539301,2223,1387,5,1392,35
2020-06-17,Sutter,101,95872,116,79,0,79,2
2020-06-17,Tehama,103,63373,41,24,2,26,1
2020-06-17,Trinity,105,12862,11,2,2,4,0
2020-06-17,Tulare,107,460477,3970,2882,4,2886,106
2020-06-17,Tuolumne,109,53932,12,7,1,8,0
2020-06-17,Ventura,111,848112,2559,1729,8,1737,37
2020-06-17,Yolo,113,214977,398,277,0,277,24
2020-06-17,Yuba,115,75493,40,30,0,30,1
2020-06-16,Alameda,001,1643700,5307,4428,6,4434,113
2020-06-16,Alpine,003,1148,2,1,0,1,0
2020-06-16,Amador,005,37829,12,10,0,10,0
2020-06-16,Butte,007,227075,140,79,6,85,1
2020-06-16,Calaveras,009,45235,34,19,0,19,0
2020-06-16,Colusa,011,21464,16,7,0,7,0
2020-06-16,Contra Costa,013,1133247,2404,1971,1,1972,45
2020-06-16,Del Norte,015,27424,47,45,0,45,0
2020-06-16,El Dorado,017,186661,172,115,0,115,0
2020-06-16,Fresno,019,978130,5358,2731,48,2779,50
2020-06-16,Glenn,021,27897,71,30,0,30,0
2020-06-16,Humboldt,023,135768,135,105,0,105,3
2020-06-16,Imperial,025,180216,6353,3939,4,3943,36
2020-06-16,Inyo,027,18085,25,24,0,24,1
2020-06-16,Kern,029,883053,4932,3496,10,3506,55
2020-06-16,Kings,031,150075,2144,1044,4,1048,6
2020-06-16,Lake,033,64148,44,31,0,31,0
2020-06-16,Lassen,035,31185,12,5,2,7,0
2020-06-16,Los Angeles,037,10098052,86460,75051,22,75073,2942
2020-06-16,Madera,039,155013,523,239,1,240,3
2020-06-16,Marin,041,260295,1202,725,3,728,17
2020-06-16,Mariposa,043,17540,18,17,0,17,1
2020-06-16,Mendocino,045,87422,62,35,0,35,0
2020-06-16,Merced,047,269075,814,436,0,436,7
2020-06-16,Modoc,049,8938,1,0,0,0,0
2020-06-16,Mono,051,14174,42,34,0,34,1
2020-06-16,Monterey,053,433212,1406,1019,4,1023,12
2020-06-16,Napa,055,140530,255,196,0,196,3
2020-06-16,Nevada,057,99092,91,53,1,54,1
2020-06-16,Orange,059,3164182,13586,9163,86,9249,223
2020-06-16,Placer,061,380077,573,392,1,393,9
2020-06-16,Plumas,063,18699,6,5,0,5,0
2020-06-16,Riverside,065,2383286,15143,11638,11,11649,364
2020-06-16,Sacramento,067,1510023,2282,1825,2,1827,60
2020-06-16,San Benito,069,59416,188,110,0,110,2
2020-06-16,San Bernardino,071,2135413,11006,7463,7,7470,225
2020-06-16,San Diego,073,3302833,11672,9732,1,9733,323
2020-06-16,San Francisco,075,870044,3205,2893,1,2894,46
2020-06-16,San Joaquin,077,732212,2632,1718,4,1722,47
2020-06-16,San Luis Obispo,079,281455,498,343,3,346,1
2020-06-16,San Mateo,081,765935,2948,2618,4,2622,77
2020-06-16,Santa Barbara,083,443738,2995,2090,6,2096,16
2020-06-16,Santa Clara,085,1922200,4105,3228,5,3233,148
2020-06-16,Santa Cruz,087,273765,322,257,0,257,2
2020-06-16,Shasta,089,179085,112,51,0,51,4
2020-06-16,Sierra,091,2930,1,1,0,1,0
2020-06-16,Siskiyou,093,43540,26,15,0,15,0
2020-06-16,Solano,095,438530,1060,694,4,698,19
2020-06-16,Sonoma,097,501317,954,739,1,740,4
2020-06-16,Stanislaus,099,539301,2070,1278,5,1283,36
2020-06-16,Sutter,101,95872,109,73,0,73,2
2020-06-16,Tehama,103,63373,37,24,2,26,1
2020-06-16,Trinity,105,12862,11,2,2,4,0
2020-06-16,Tulare,107,460477,3852,2802,4,2806,96
2020-06-16,Tuolumne,109,53932,12,7,1,8,0
2020-06-16,Ventura,111,848112,2458,1676,8,1684,37
2020-06-16,Yolo,113,214977,374,262,0,262,24
2020-06-16,Yuba,115,75493,39,29,0,29,1
2020-06-15,Alameda,001,1643700,5181,4323,6,4329,112
2020-06-15,Alpine,003,1148,2,1,0,1,0
2020-06-15,Amador,005,37829,12,10,0,10,0
2020-06-15,Butte,007,227075,132,78,6,84,1
2020-06-15,Calaveras,009,45235,34,18,0,18,0
2020-06-15,Colusa,011,21464,14,7,0,7,0
2020-06-15,Contra Costa,013,1133247,2327,1918,1,1919,43
2020-06-15,Del Norte,015,27424,47,45,0,45,0
2020-06-15,El Dorado,017,186661,162,114,0,114,0
2020-06-15,Fresno,019,978130,5146,2616,47,2663,48
2020-06-15,Glenn,021,27897,66,21,0,21,0
2020-06-15,Humboldt,023,135768,133,105,0,105,3
2020-06-15,Imperial,025,180216,6178,3726,4,3730,36
2020-06-15,Inyo,027,18085,25,23,0,23,1
2020-06-15,Kern,029,883053,4708,3417,10,3427,55
2020-06-15,Kings,031,150075,2067,1022,4,1026,6
2020-06-15,Lake,033,64148,44,31,0,31,0
2020-06-15,Lassen,035,31185,12,5,2,7,0
2020-06-15,Los Angeles,037,10098052,84271,73705,22,73727,2908
2020-06-15,Madera,039,155013,501,203,1,204,3
2020-06-15,Marin,041,260295,1035,708,3,711,17
2020-06-15,Mariposa,043,17540,18,17,0,17,1
2020-06-15,Mendocino,045,87422,53,33,0,33,0
2020-06-15,Merced,047,269075,768,414,0,414,7
2020-06-15,Modoc,049,8938,1,0,0,0,0
2020-06-15,Mono,051,14174,42,34,0,34,1
2020-06-15,Monterey,053,433212,1340,998,4,1002,12
2020-06-15,Napa,055,140530,247,187,0,187,3
2020-06-15,Nevada,057,99092,85,52,1,53,1
2020-06-15,Orange,059,3164182,13013,8944,79,9023,212
2020-06-15,Placer,061,380077,551,386,1,387,9
2020-06-15,Plumas,063,18699,6,4,0,4,0
2020-06-15,Riverside,065,2383286,14522,11376,11,11387,364
2020-06-15,Sacramento,067,1510023,2166,1791,2,1793,60
2020-06-15,San Benito,069,59416,182,108,0,108,2
2020-06-15,San Bernardino,071,2135413,10502,7189,7,7196,224
2020-06-15,San Diego,073,3302833,11332,9612,1,9613,320
2020-06-15,San Francisco,075,870044,3161,2833,1,2834,45
2020-06-15,San Joaquin,077,732212,2496,1667,4,1671,43
2020-06-15,San Luis Obispo,079,281455,484,332,3,335,1
2020-06-15,San Mateo,081,765935,2901,2591,4,2595,75
2020-06-15,Santa Barbara,083,443738,2927,2054,6,2060,16
2020-06-15,Santa Clara,085,1922200,4006,3204,5,3209,148
2020-06-15,Santa Cruz,087,273765,311,254,0,254,2
2020-06-15,Shasta,089,179085,106,50,0,50,4
2020-06-15,Sierra,091,2930,1,1,0,1,0
2020-06-15,Siskiyou,093,43540,25,14,0,14,0
2020-06-15,Solano,095,438530,1000,638,4,642,19
2020-06-15,Sonoma,097,501317,925,726,1,727,4
2020-06-15,Stanislaus,099,539301,1953,1253,5,1258,35
2020-06-15,Sutter,101,95872,99,71,0,71,2
2020-06-15,Tehama,103,63373,37,17,2,19,1
2020-06-15,Trinity,105,12862,10,2,2,4,0
2020-06-15,Tulare,107,460477,3738,2662,4,2666,96
2020-06-15,Tuolumne,109,53932,11,7,1,8,0
2020-06-15,Ventura,111,848112,2377,1656,8,1664,37
2020-06-15,Yolo,113,214977,354,255,0,255,24
2020-06-15,Yuba,115,75493,39,28,0,28,1
2020-06-14,Alameda,001,1643700,5036,4271,6,4277,112
2020-06-14,Alpine,003,1148,2,1,0,1,0
2020-06-14,Amador,005,37829,12,10,0,10,0
2020-06-14,Butte,007,227075,124,78,6,84,1
2020-06-14,Calaveras,009,45235,33,18,0,18,0
2020-06-14,Colusa,011,21464,13,7,0,7,0
2020-06-14,Contra Costa,013,1133247,2258,1893,1,1894,43
2020-06-14,Del Norte,015,27424,47,45,0,45,0
2020-06-14,El Dorado,017,186661,158,110,0,110,0
2020-06-14,Fresno,019,978130,4961,2585,46,2631,48
2020-06-14,Glenn,021,27897,51,21,0,21,0
2020-06-14,Humboldt,023,135768,129,105,0,105,3
2020-06-14,Imperial,025,180216,5947,3730,4,3734,36
2020-06-14,Inyo,027,18085,24,23,0,23,1
2020-06-14,Kern,029,883053,4497,3328,10,3338,55
2020-06-14,Kings,031,150075,2016,1022,4,1026,6
2020-06-14,Lake,033,64148,41,31,0,31,0
2020-06-14,Lassen,035,31185,12,5,2,7,0
2020-06-14,Los Angeles,037,10098052,81944,72932,22,72954,2887
2020-06-14,Madera,039,155013,483,203,1,204,3
2020-06-14,Marin,041,260295,870,689,2,691,17
2020-06-14,Mariposa,043,17540,18,16,0,16,1
2020-06-14,Mendocino,045,87422,50,33,0,33,0
2020-06-14,Merced,047,269075,717,403,0,403,7
2020-06-14,Modoc,049,8938,1,0,0,0,0
2020-06-14,Mono,051,14174,42,34,0,34,1
2020-06-14,Monterey,053,433212,1279,949,4,953,12
2020-06-14,Napa,055,140530,225,181,0,181,3
2020-06-14,Nevada,057,99092,81,52,1,53,1
2020-06-14,Orange,059,3164182,12587,8744,75,8819,211
2020-06-14,Placer,061,380077,525,369,1,370,9
2020-06-14,Plumas,063,18699,5,4,0,4,0
2020-06-14,Riverside,065,2383286,14079,11218,11,11229,364
2020-06-14,Sacramento,067,1510023,2079,1750,2,1752,60
2020-06-14,San Benito,069,59416,171,104,0,104,2
2020-06-14,San Bernardino,071,2135413,9961,7015,7,7022,224
2020-06-14,San Diego,073,3302833,10957,9442,1,9443,319
2020-06-14,San Francisco,075,870044,3121,2834,1,2835,45
2020-06-14,San Joaquin,077,732212,2345,1603,4,1607,43
2020-06-14,San Luis Obispo,079,281455,469,330,3,333,1
2020-06-14,San Mateo,081,765935,2844,2571,4,2575,75
2020-06-14,Santa Barbara,083,443738,2850,2049,6,2055,17
2020-06-14,Santa Clara,085,1922200,3912,3178,5,3183,148
2020-06-14,Santa Cruz,087,273765,297,254,0,254,2
2020-06-14,Shasta,089,179085,100,48,0,48,4
2020-06-14,Sierra,091,2930,1,1,0,1,0
2020-06-14,Siskiyou,093,43540,24,13,0,13,0
2020-06-14,Solano,095,438530,951,638,4,642,19
2020-06-14,Sonoma,097,501317,897,724,1,725,4
2020-06-14,Stanislaus,099,539301,1805,1159,5,1164,35
2020-06-14,Sutter,101,95872,94,63,0,63,2
2020-06-14,Tehama,103,63373,34,17,2,19,1
2020-06-14,Trinity,105,12862,10,2,2,4,0
2020-06-14,Tulare,107,460477,3606,2646,4,2650,96
2020-06-14,Tuolumne,109,53932,11,7,1,8,0
2020-06-14,Ventura,111,848112,2279,1610,7,1617,37
2020-06-14,Yolo,113,214977,338,254,0,254,24
2020-06-14,Yuba,115,75493,38,28,0,28,1
2020-06-13,Alameda,001,1643700,4973,4196,6,4202,112
2020-06-13,Alpine,003,1148,2,1,0,1,0
2020-06-13,Amador,005,37829,11,10,0,10,0
2020-06-13,Butte,007,227075,115,72,6,78,1
2020-06-13,Calaveras,009,45235,31,18,0,18,0
2020-06-13,Colusa,011,21464,12,7,0,7,0
2020-06-13,Contra Costa,013,1133247,2222,1868,1,1869,43
2020-06-13,Del Norte,015,27424,47,45,0,45,0
2020-06-13,El Dorado,017,186661,154,110,0,110,0
2020-06-13,Fresno,019,978130,4863,2499,46,2545,48
2020-06-13,Glenn,021,27897,49,21,0,21,0
2020-06-13,Humboldt,023,135768,128,104,0,104,3
2020-06-13,Imperial,025,180216,5874,3646,4,3650,36
2020-06-13,Inyo,027,18085,24,23,0,23,1
2020-06-13,Kern,029,883053,4388,3239,10,3249,55
2020-06-13,Kings,031,150075,1996,1023,4,1027,6
2020-06-13,Lake,033,64148,40,29,0,29,0
2020-06-13,Lassen,035,31185,12,5,2,7,0
2020-06-13,Los Angeles,037,10098052,80906,71938,21,71959,2874
2020-06-13,Madera,039,155013,479,203,1,204,3
2020-06-13,Marin,041,260295,839,677,2,679,17
2020-06-13,Mariposa,043,17540,18,16,0,16,1
2020-06-13,Mendocino,045,87422,50,33,0,33,0
2020-06-13,Merced,047,269075,699,376,0,376,7
2020-06-13,Modoc,049,8938,1,0,0,0,0
2020-06-13,Mono,051,14174,42,35,0,35,1
2020-06-13,Monterey,053,433212,1241,900,4,904,11
2020-06-13,Napa,055,140530,222,171,0,171,3
2020-06-13,Nevada,057,99092,79,52,1,53,1
2020-06-13,Orange,059,3164182,12344,8581,71,8652,211
2020-06-13,Placer,061,380077,508,346,1,347,9
2020-06-13,Plumas,063,18699,5,4,0,4,0
2020-06-13,Riverside,065,2383286,13799,10931,11,10942,364
2020-06-13,Sacramento,067,1510023,2025,1713,2,1715,60
2020-06-13,San Benito,069,59416,164,99,0,99,2
2020-06-13,San Bernardino,071,2135413,9736,6885,7,6892,224
2020-06-13,San Diego,073,3302833,10785,9316,1,9317,319
2020-06-13,San Francisco,075,870044,3101,2834,1,2835,44
2020-06-13,San Joaquin,077,732212,2264,1461,4,1465,43
2020-06-13,San Luis Obispo,079,281455,458,326,3,329,1
2020-06-13,San Mateo,081,765935,2821,2551,4,2555,75
2020-06-13,Santa Barbara,083,443738,2792,1999,6,2005,15
2020-06-13,Santa Clara,085,1922200,3870,3141,5,3146,148
2020-06-13,Santa Cruz,087,273765,291,254,0,254,2
2020-06-13,Shasta,089,179085,98,48,0,48,4
2020-06-13,Sierra,091,2930,1,1,0,1,0
2020-06-13,Siskiyou,093,43540,24,13,0,13,0
2020-06-13,Solano,095,438530,923,637,4,641,19
2020-06-13,Sonoma,097,501317,882,711,1,712,4
2020-06-13,Stanislaus,099,539301,1748,1122,5,1127,33
2020-06-13,Sutter,101,95872,93,62,0,62,2
2020-06-13,Tehama,103,63373,33,17,2,19,1
2020-06-13,Trinity,105,12862,10,2,2,4,0
2020-06-13,Tulare,107,460477,3574,2626,4,2630,96
2020-06-13,Tuolumne,109,53932,10,7,1,8,0
2020-06-13,Ventura,111,848112,2233,1567,7,1574,37
2020-06-13,Yolo,113,214977,317,251,0,251,24
2020-06-13,Yuba,115,75493,38,28,0,28,1
2020-06-12,Alameda,001,1643700,4900,4167,6,4173,109
2020-06-12,Alpine,003,1148,2,1,0,1,0
2020-06-12,Amador,005,37829,11,10,0,10,0
2020-06-12,Butte,007,227075,111,71,6,77,1
2020-06-12,Calaveras,009,45235,28,18,0,18,0
2020-06-12,Colusa,011,21464,12,7,0,7,0
2020-06-12,Contra Costa,013,1133247,2185,1827,1,1828,43
2020-06-12,Del Norte,015,27424,47,45,0,45,0
2020-06-12,El Dorado,017,186661,154,110,0,110,0
2020-06-12,Fresno,019,978130,4727,2428,46,2474,47
2020-06-12,Glenn,021,27897,46,21,0,21,0
2020-06-12,Humboldt,023,135768,126,105,0,105,3
2020-06-12,Imperial,025,180216,5790,3543,4,3547,36
2020-06-12,Inyo,027,18085,24,23,0,23,1
2020-06-12,Kern,029,883053,4271,3152,10,3162,54
2020-06-12,Kings,031,150075,1983,987,4,991,6
2020-06-12,Lake,033,64148,39,29,0,29,0
2020-06-12,Lassen,035,31185,12,5,2,7,0
2020-06-12,Los Angeles,037,10098052,79500,70385,21,70406,2814
2020-06-12,Madera,039,155013,454,187,1,188,3
2020-06-12,Marin,041,260295,836,649,2,651,17
2020-06-12,Mariposa,043,17540,18,16,0,16,1
2020-06-12,Mendocino,045,87422,50,33,0,33,0
2020-06-12,Merced,047,269075,665,372,0,372,7
2020-06-12,Modoc,049,8938,1,0,0,0,0
2020-06-12,Mono,051,14174,39,35,0,35,1
2020-06-12,Monterey,053,433212,1200,864,3,867,11
2020-06-12,Napa,055,140530,219,162,0,162,3
2020-06-12,Nevada,057,99092,73,52,1,53,1
2020-06-12,Orange,059,3164182,12039,8440,70,8510,203
2020-06-12,Placer,061,380077,491,333,1,334,9
2020-06-12,Plumas,063,18699,5,4,0,4,0
2020-06-12,Riverside,065,2383286,13462,10616,11,10627,364
2020-06-12,Sacramento,067,1510023,1970,1702,2,1704,60
2020-06-12,San Benito,069,59416,157,96,0,96,2
2020-06-12,San Bernardino,071,2135413,9468,6707,7,6714,223
2020-06-12,San Diego,073,3302833,10615,9132,1,9133,313
2020-06-12,San Francisco,075,870044,3067,2823,1,2824,44
2020-06-12,San Joaquin,077,732212,2184,1406,4,1410,43
2020-06-12,San Luis Obispo,079,281455,442,321,3,324,1
2020-06-12,San Mateo,081,765935,2786,2533,4,2537,75
2020-06-12,Santa Barbara,083,443738,2738,1969,6,1975,14
2020-06-12,Santa Clara,085,1922200,3828,3099,5,3104,149
2020-06-12,Santa Cruz,087,273765,283,251,0,251,2
2020-06-12,Shasta,089,179085,91,48,0,48,5
2020-06-12,Sierra,091,2930,1,1,0,1,0
2020-06-12,Siskiyou,093,43540,24,13,0,13,0
2020-06-12,Solano,095,438530,909,620,4,624,19
2020-06-12,Sonoma,097,501317,863,696,1,697,4
2020-06-12,Stanislaus,099,539301,1689,1092,5,1097,33
2020-06-12,Sutter,101,95872,92,56,0,56,2
2020-06-12,Tehama,103,63373,32,13,2,15,1
2020-06-12,Trinity,105,12862,10,2,2,4,0
2020-06-12,Tulare,107,460477,3520,2552,4,2556,95
2020-06-12,Tuolumne,109,53932,10,7,1,8,0
2020-06-12,Ventura,111,848112,2181,1534,7,1541,35
2020-06-12,Yolo,113,214977,305,243,0,243,24
2020-06-12,Yuba,115,75493,36,27,0,27,1
2020-06-11,Alameda,001,1643700,4770,4073,5,4078,108
2020-06-11,Alpine,003,1148,2,1,0,1,0
2020-06-11,Amador,005,37829,10,10,0,10,0
2020-06-11,Butte,007,227075,105,72,6,78,1
2020-06-11,Calaveras,009,45235,27,16,0,16,0
2020-06-11,Colusa,011,21464,12,7,0,7,0
2020-06-11,Contra Costa,013,1133247,2132,1797,1,1798,43
2020-06-11,Del Norte,015,27424,47,45,0,45,0
2020-06-11,El Dorado,017,186661,146,109,0,109,0
2020-06-11,Fresno,019,978130,4572,2338,46,2384,45
2020-06-11,Glenn,021,27897,42,21,0,21,0
2020-06-11,Humboldt,023,135768,122,113,0,113,3
2020-06-11,Imperial,025,180216,5634,3463,4,3467,36
2020-06-11,Inyo,027,18085,22,23,0,23,1
2020-06-11,Kern,029,883053,4119,3047,8,3055,54
2020-06-11,Kings,031,150075,1950,963,4,967,6
2020-06-11,Lake,033,64148,39,28,0,28,0
2020-06-11,Lassen,035,31185,12,5,2,7,0
2020-06-11,Los Angeles,037,10098052,77833,68807,20,68827,2800
2020-06-11,Madera,039,155013,436,178,1,179,3
2020-06-11,Marin,041,260295,788,637,2,639,17
2020-06-11,Mariposa,043,17540,18,16,0,16,1
2020-06-11,Mendocino,045,87422,41,35,0,35,0
2020-06-11,Merced,047,269075,625,370,0,370,7
2020-06-11,Modoc,049,8938,1,0,0,0,0
2020-06-11,Mono,051,14174,39,35,0,35,1
2020-06-11,Monterey,053,433212,1153,813,3,816,11
2020-06-11,Napa,055,140530,210,162,0,162,3
2020-06-11,Nevada,057,99092,67,50,1,51,1
2020-06-11,Orange,059,3164182,11731,8304,69,8373,188
2020-06-11,Placer,061,380077,472,321,1,322,9
2020-06-11,Plumas,063,18699,5,4,0,4,0
2020-06-11,Riverside,065,2383286,13110,10014,11,10025,361
2020-06-11,Sacramento,067,1510023,1922,1669,2,1671,60
2020-06-11,San Benito,069,59416,151,94,0,94,2
2020-06-11,San Bernardino,071,2135413,9171,6509,7,6516,221
2020-06-11,San Diego,073,3302833,10385,9000,0,9000,308
2020-06-11,San Francisco,075,870044,3038,2766,1,2767,44
2020-06-11,San Joaquin,077,732212,2072,1351,4,1355,43
2020-06-11,San Luis Obispo,079,281455,428,307,3,310,1
2020-06-11,San Mateo,081,765935,2748,2499,4,2503,74
2020-06-11,Santa Barbara,083,443738,2673,1895,6,1901,14
2020-06-11,Santa Clara,085,1922200,3762,3049,5,3054,149
2020-06-11,Santa Cruz,087,273765,279,247,0,247,2
2020-06-11,Shasta,089,179085,84,47,0,47,5
2020-06-11,Sierra,091,2930,1,1,0,1,0
2020-06-11,Siskiyou,093,43540,24,14,0,14,0
2020-06-11,Solano,095,438530,883,616,4,620,19
2020-06-11,Sonoma,097,501317,840,682,1,683,4
2020-06-11,Stanislaus,099,539301,1598,1062,5,1067,30
2020-06-11,Sutter,101,95872,89,56,0,56,2
2020-06-11,Tehama,103,63373,27,10,2,12,1
2020-06-11,Trinity,105,12862,8,2,2,4,0
2020-06-11,Tulare,107,460477,3421,2473,4,2477,95
2020-06-11,Tuolumne,109,53932,10,7,1,8,0
2020-06-11,Ventura,111,848112,2104,1491,7,1498,34
2020-06-11,Yolo,113,214977,297,230,0,230,24
2020-06-11,Yuba,115,75493,36,27,0,27,1
2020-06-10,Alameda,001,1643700,4670,4027,4,4031,107
2020-06-10,Alpine,003,1148,2,1,0,1,0
2020-06-10,Amador,005,37829,10,10,0,10,0
2020-06-10,Butte,007,227075,102,71,6,77,1
2020-06-10,Calaveras,009,45235,27,16,0,16,0
2020-06-10,Colusa,011,21464,11,7,0,7,0
2020-06-10,Contra Costa,013,1133247,2088,1778,1,1779,43
2020-06-10,Del Norte,015,27424,47,45,0,45,0
2020-06-10,El Dorado,017,186661,143,109,0,109,0
2020-06-10,Fresno,019,978130,4396,2324,46,2370,45
2020-06-10,Glenn,021,27897,39,21,0,21,0
2020-06-10,Humboldt,023,135768,118,112,0,112,3
2020-06-10,Imperial,025,180216,5486,3454,4,3458,36
2020-06-10,Inyo,027,18085,22,23,0,23,1
2020-06-10,Kern,029,883053,3994,3000,8,3008,54
2020-06-10,Kings,031,150075,1903,952,3,955,6
2020-06-10,Lake,033,64148,39,28,0,28,0
2020-06-10,Lassen,035,31185,12,5,2,7,0
2020-06-10,Los Angeles,037,10098052,76313,67018,20,67038,2752
2020-06-10,Madera,039,155013,422,176,1,177,3
2020-06-10,Marin,041,260295,757,633,2,635,17
2020-06-10,Mariposa,043,17540,17,16,0,16,1
2020-06-10,Mendocino,045,87422,40,35,0,35,0
2020-06-10,Merced,047,269075,592,370,0,370,7
2020-06-10,Modoc,049,8938,1,0,0,0,0
2020-06-10,Mono,051,14174,39,35,0,35,1
2020-06-10,Monterey,053,433212,1099,791,3,794,11
2020-06-10,Napa,055,140530,207,159,0,159,3
2020-06-10,Nevada,057,99092,65,50,1,51,1
2020-06-10,Orange,059,3164182,11455,8222,66,8288,184
2020-06-10,Placer,061,380077,446,309,1,310,9
2020-06-10,Plumas,063,18699,5,4,0,4,0
2020-06-10,Riverside,065,2383286,12787,9857,11,9868,361
2020-06-10,Sacramento,067,1510023,1883,1643,2,1645,59
2020-06-10,San Benito,069,59416,142,94,0,94,2
2020-06-10,San Bernardino,071,2135413,8879,6438,7,6445,219
2020-06-10,San Diego,073,3302833,10221,8839,0,8839,305
2020-06-10,San Francisco,075,870044,3013,2774,1,2775,44
2020-06-10,San Joaquin,077,732212,1943,1282,4,1286,41
2020-06-10,San Luis Obispo,079,281455,409,306,3,309,1
2020-06-10,San Mateo,081,765935,2707,2492,4,2496,74
2020-06-10,Santa Barbara,083,443738,2617,1878,6,1884,13
2020-06-10,Santa Clara,085,1922200,3711,3032,5,3037,149
2020-06-10,Santa Cruz,087,273765,275,242,0,242,2
2020-06-10,Shasta,089,179085,79,45,0,45,5
2020-06-10,Sierra,091,2930,1,1,0,1,0
2020-06-10,Siskiyou,093,43540,24,14,0,14,0
2020-06-10,Solano,095,438530,847,608,4,612,19
2020-06-10,Sonoma,097,501317,822,673,1,674,4
2020-06-10,Stanislaus,099,539301,1508,1030,5,1035,29
2020-06-10,Sutter,101,95872,88,56,0,56,2
2020-06-10,Tehama,103,63373,25,10,2,12,1
2020-06-10,Trinity,105,12862,8,2,2,4,0
2020-06-10,Tulare,107,460477,3329,2455,4,2459,95
2020-06-10,Tuolumne,109,53932,10,7,1,8,0
2020-06-10,Ventura,111,848112,2058,1446,6,1452,34
2020-06-10,Yolo,113,214977,289,226,0,226,24
2020-06-10,Yuba,115,75493,35,27,0,27,1
2020-06-09,Alameda,001,1643700,4560,3963,4,3967,103
2020-06-09,Alpine,003,1148,2,1,0,1,0
2020-06-09,Amador,005,37829,10,10,0,10,0
2020-06-09,Butte,007,227075,101,70,6,76,1
2020-06-09,Calaveras,009,45235,27,16,0,16,0
2020-06-09,Colusa,011,21464,10,7,0,7,0
2020-06-09,Contra Costa,013,1133247,2047,1744,1,1745,42
2020-06-09,Del Norte,015,27424,47,45,0,45,0
2020-06-09,El Dorado,017,186661,136,108,0,108,0
2020-06-09,Fresno,019,978130,4244,2278,46,2324,43
2020-06-09,Glenn,021,27897,38,19,0,19,0
2020-06-09,Humboldt,023,135768,116,113,0,113,2
2020-06-09,Imperial,025,180216,5334,3067,4,3071,36
2020-06-09,Inyo,027,18085,22,22,0,22,1
2020-06-09,Kern,029,883053,3866,2920,8,2928,51
2020-06-09,Kings,031,150075,1871,934,3,937,6
2020-06-09,Lake,033,64148,39,28,0,28,0
2020-06-09,Lassen,035,31185,12,5,2,7,0
2020-06-09,Los Angeles,037,10098052,74656,65827,20,65847,2692
2020-06-09,Madera,039,155013,407,172,1,173,3
2020-06-09,Marin,041,260295,721,616,2,618,17
2020-06-09,Mariposa,043,17540,17,16,0,16,1
2020-06-09,Mendocino,045,87422,36,35,0,35,0
2020-06-09,Merced,047,269075,563,349,0,349,7
2020-06-09,Modoc,049,8938,1,0,0,0,0
2020-06-09,Mono,051,14174,39,35,0,35,1
2020-06-09,Monterey,053,433212,1058,772,3,775,11
2020-06-09,Napa,055,140530,197,156,0,156,3
2020-06-09,Nevada,057,99092,57,50,1,51,1
2020-06-09,Orange,059,3164182,11214,7991,64,8055,174
2020-06-09,Placer,061,380077,433,301,1,302,9
2020-06-09,Plumas,063,18699,5,4,0,4,0
2020-06-09,Riverside,065,2383286,12409,9511,11,9522,354
2020-06-09,Sacramento,067,1510023,1829,1625,2,1627,59
2020-06-09,San Benito,069,59416,136,95,0,95,2
2020-06-09,San Bernardino,071,2135413,8555,6268,6,6274,217
2020-06-09,San Diego,073,3302833,10036,8731,0,8731,301
2020-06-09,San Francisco,075,870044,2988,2749,1,2750,44
2020-06-09,San Joaquin,077,732212,1837,1240,4,1244,41
2020-06-09,San Luis Obispo,079,281455,396,301,2,303,1
2020-06-09,San Mateo,081,765935,2676,2463,4,2467,74
2020-06-09,Santa Barbara,083,443738,2555,1854,6,1860,13
2020-06-09,Santa Clara,085,1922200,3644,3006,5,3011,147
2020-06-09,Santa Cruz,087,273765,269,237,0,237,2
2020-06-09,Shasta,089,179085,75,44,0,44,4
2020-06-09,Sierra,091,2930,1,1,0,1,0
2020-06-09,Siskiyou,093,43540,19,10,0,10,0
2020-06-09,Solano,095,438530,812,596,4,600,18
2020-06-09,Sonoma,097,501317,799,661,1,662,4
2020-06-09,Stanislaus,099,539301,1407,993,5,998,25
2020-06-09,Sutter,101,95872,85,56,0,56,2
2020-06-09,Tehama,103,63373,25,9,2,11,1
2020-06-09,Trinity,105,12862,7,2,2,4,0
2020-06-09,Tulare,107,460477,3263,2393,4,2397,91
2020-06-09,Tuolumne,109,53932,10,8,1,9,0
2020-06-09,Ventura,111,848112,1992,1407,6,1413,34
2020-06-09,Yolo,113,214977,278,226,0,226,24
2020-06-09,Yuba,115,75493,34,27,0,27,1
2020-06-08,Alameda,001,1643700,4480,3937,4,3941,103
2020-06-08,Alpine,003,1148,2,1,0,1,0
2020-06-08,Amador,005,37829,10,10,0,10,0
2020-06-08,Butte,007,227075,97,68,6,74,1
2020-06-08,Calaveras,009,45235,27,16,0,16,0
2020-06-08,Colusa,011,21464,9,7,0,7,0
2020-06-08,Contra Costa,013,1133247,2004,1714,1,1715,41
2020-06-08,Del Norte,015,27424,47,45,0,45,0
2020-06-08,El Dorado,017,186661,132,107,0,107,0
2020-06-08,Fresno,019,978130,4119,2194,45,2239,42
2020-06-08,Glenn,021,27897,36,17,0,17,0
2020-06-08,Humboldt,023,135768,116,112,0,112,2
2020-06-08,Imperial,025,180216,5182,3051,4,3055,21
2020-06-08,Inyo,027,18085,22,22,0,22,1
2020-06-08,Kern,029,883053,3735,2853,8,2861,49
2020-06-08,Kings,031,150075,1795,892,3,895,6
2020-06-08,Lake,033,64148,39,28,0,28,0
2020-06-08,Lassen,035,31185,12,4,2,6,0
2020-06-08,Los Angeles,037,10098052,73193,64634,20,64654,2640
2020-06-08,Madera,039,155013,377,154,1,155,3
2020-06-08,Marin,041,260295,680,596,2,598,17
2020-06-08,Mariposa,043,17540,16,16,0,16,1
2020-06-08,Mendocino,045,87422,34,32,0,32,0
2020-06-08,Merced,047,269075,529,331,0,331,7
2020-06-08,Modoc,049,8938,1,0,0,0,0
2020-06-08,Mono,051,14174,39,35,0,35,1
2020-06-08,Monterey,053,433212,1007,751,2,753,10
2020-06-08,Napa,055,140530,181,151,0,151,3
2020-06-08,Nevada,057,99092,56,50,1,51,1
2020-06-08,Orange,059,3164182,10961,7786,63,7849,160
2020-06-08,Placer,061,380077,416,290,1,291,9
2020-06-08,Plumas,063,18699,5,4,0,4,0
2020-06-08,Riverside,065,2383286,12040,9246,11,9257,347
2020-06-08,Sacramento,067,1510023,1779,1591,2,1593,59
2020-06-08,San Benito,069,59416,129,93,0,93,2
2020-06-08,San Bernardino,071,2135413,8234,6122,6,6128,214
2020-06-08,San Diego,073,3302833,9879,8621,0,8621,296
2020-06-08,San Francisco,075,870044,2961,2715,1,2716,43
2020-06-08,San Joaquin,077,732212,1730,1198,4,1202,40
2020-06-08,San Luis Obispo,079,281455,390,300,2,302,1
2020-06-08,San Mateo,081,765935,2645,2431,3,2434,74
2020-06-08,Santa Barbara,083,443738,2491,1824,6,1830,13
2020-06-08,Santa Clara,085,1922200,3599,2971,5,2976,146
2020-06-08,Santa Cruz,087,273765,268,234,0,234,2
2020-06-08,Shasta,089,179085,71,43,0,43,4
2020-06-08,Sierra,091,2930,1,1,0,1,0
2020-06-08,Siskiyou,093,43540,19,8,0,8,0
2020-06-08,Solano,095,438530,785,560,4,564,19
2020-06-08,Sonoma,097,501317,783,654,1,655,4
2020-06-08,Stanislaus,099,539301,1325,956,5,961,28
2020-06-08,Sutter,101,95872,78,55,0,55,2
2020-06-08,Tehama,103,63373,19,8,2,10,1
2020-06-08,Trinity,105,12862,7,2,2,4,0
2020-06-08,Tulare,107,460477,3180,2301,4,2305,91
2020-06-08,Tuolumne,109,53932,9,8,1,9,0
2020-06-08,Ventura,111,848112,1934,1382,6,1388,30
2020-06-08,Yolo,113,214977,267,228,0,228,24
2020-06-08,Yuba,115,75493,32,27,0,27,1
2020-06-07,Alameda,001,1643700,4367,3866,4,3870,102
2020-06-07,Alpine,003,1148,2,1,0,1,0
2020-06-07,Amador,005,37829,10,10,0,10,0
2020-06-07,Butte,007,227075,95,64,5,69,1
2020-06-07,Calaveras,009,45235,25,16,0,16,0
2020-06-07,Colusa,011,21464,9,7,0,7,0
2020-06-07,Contra Costa,013,1133247,1953,1653,0,1653,38
2020-06-07,Del Norte,015,27424,45,45,0,45,0
2020-06-07,El Dorado,017,186661,132,104,0,104,0
2020-06-07,Fresno,019,978130,3989,2144,45,2189,41
2020-06-07,Glenn,021,27897,29,16,0,16,0
2020-06-07,Humboldt,023,135768,116,112,0,112,2
2020-06-07,Imperial,025,180216,5031,3048,4,3052,19
2020-06-07,Inyo,027,18085,22,21,0,21,1
2020-06-07,Kern,029,883053,3604,2771,8,2779,46
2020-06-07,Kings,031,150075,1746,882,3,885,6
2020-06-07,Lake,033,64148,36,28,0,28,0
2020-06-07,Lassen,035,31185,11,4,2,6,0
2020-06-07,Los Angeles,037,10098052,71490,63750,20,63770,2629
2020-06-07,Madera,039,155013,360,149,1,150,3
2020-06-07,Marin,041,260295,666,584,2,586,17
2020-06-07,Mariposa,043,17540,16,16,0,16,1
2020-06-07,Mendocino,045,87422,34,32,0,32,0
2020-06-07,Merced,047,269075,496,318,0,318,7
2020-06-07,Modoc,049,8938,1,0,0,0,0
2020-06-07,Mono,051,14174,39,35,0,35,1
2020-06-07,Monterey,053,433212,960,732,2,734,10
2020-06-07,Napa,055,140530,173,142,0,142,3
2020-06-07,Nevada,057,99092,55,50,1,51,1
2020-06-07,Orange,059,3164182,10704,7643,61,7704,158
2020-06-07,Placer,061,380077,395,273,1,274,9
2020-06-07,Plumas,063,18699,5,4,0,4,0
2020-06-07,Riverside,065,2383286,11744,9105,11,9116,344
2020-06-07,Sacramento,067,1510023,1731,1568,2,1570,59
2020-06-07,San Benito,069,59416,126,92,0,92,2
2020-06-07,San Bernardino,071,2135413,7949,6033,6,6039,214
2020-06-07,San Diego,073,3302833,9700,8478,0,8478,296
2020-06-07,San Francisco,075,870044,2917,2674,0,2674,43
2020-06-07,San Joaquin,077,732212,1629,1126,4,1130,37
2020-06-07,San Luis Obispo,079,281455,380,296,2,298,1
2020-06-07,San Mateo,081,765935,2618,2399,3,2402,73
2020-06-07,Santa Barbara,083,443738,2429,1818,6,1824,13
2020-06-07,Santa Clara,085,1922200,3548,2947,5,2952,146
2020-06-07,Santa Cruz,087,273765,260,230,0,230,2
2020-06-07,Shasta,089,179085,70,41,0,41,4
2020-06-07,Sierra,091,2930,1,1,0,1,0
2020-06-07,Siskiyou,093,43540,19,8,0,8,0
2020-06-07,Solano,095,438530,762,560,4,564,19
2020-06-07,Sonoma,097,501317,752,639,1,640,4
2020-06-07,Stanislaus,099,539301,1245,905,5,910,28
2020-06-07,Sutter,101,95872,70,55,0,55,2
2020-06-07,Tehama,103,63373,16,8,2,10,1
2020-06-07,Trinity,105,12862,6,2,2,4,0
2020-06-07,Tulare,107,460477,3058,2219,4,2223,90
2020-06-07,Tuolumne,109,53932,9,4,1,5,0
2020-06-07,Ventura,111,848112,1869,1337,6,1343,30
2020-06-07,Yolo,113,214977,257,224,0,224,24
2020-06-07,Yuba,115,75493,32,27,0,27,1
2020-06-06,Alameda,001,1643700,4322,3801,4,3805,102
2020-06-06,Alpine,003,1148,2,1,0,1,0
2020-06-06,Amador,005,37829,10,10,0,10,0
2020-06-06,Butte,007,227075,94,63,5,68,1
2020-06-06,Calaveras,009,45235,23,16,0,16,0
2020-06-06,Colusa,011,21464,9,7,0,7,0
2020-06-06,Contra Costa,013,1133247,1932,1619,0,1619,37
2020-06-06,Del Norte,015,27424,45,45,0,45,0
2020-06-06,El Dorado,017,186661,129,104,0,104,0
2020-06-06,Fresno,019,978130,3935,2117,45,2162,41
2020-06-06,Glenn,021,27897,27,16,0,16,0
2020-06-06,Humboldt,023,135768,116,112,0,112,2
2020-06-06,Imperial,025,180216,4955,3047,4,3051,19
2020-06-06,Inyo,027,18085,22,21,0,21,1
2020-06-06,Kern,029,883053,3534,2695,8,2703,46
2020-06-06,Kings,031,150075,1727,882,3,885,6
2020-06-06,Lake,033,64148,36,28,0,28,0
2020-06-06,Lassen,035,31185,11,4,2,6,0
2020-06-06,Los Angeles,037,10098052,70743,62269,20,62289,2607
2020-06-06,Madera,039,155013,351,149,1,150,3
2020-06-06,Marin,041,260295,661,556,2,558,17
2020-06-06,Mariposa,043,17540,16,16,0,16,1
2020-06-06,Mendocino,045,87422,34,32,0,32,0
2020-06-06,Merced,047,269075,494,315,0,315,7
2020-06-06,Modoc,049,8938,1,0,0,0,0
2020-06-06,Mono,051,14174,39,35,0,35,1
2020-06-06,Monterey,053,433212,936,679,2,681,10
2020-06-06,Napa,055,140530,167,136,0,136,3
2020-06-06,Nevada,057,99092,54,50,1,51,1
2020-06-06,Orange,059,3164182,10545,7576,60,7636,157
2020-06-06,Placer,061,380077,383,270,1,271,9
2020-06-06,Plumas,063,18699,5,4,0,4,0
2020-06-06,Riverside,065,2383286,11565,8935,11,8946,345
2020-06-06,Sacramento,067,1510023,1708,1533,2,1535,59
2020-06-06,San Benito,069,59416,116,92,0,92,2
2020-06-06,San Bernardino,071,2135413,7801,5946,6,5952,214
2020-06-06,San Diego,073,3302833,9579,8347,0,8347,296
2020-06-06,San Francisco,075,870044,2902,2674,0,2674,43
2020-06-06,San Joaquin,077,732212,1589,1076,4,1080,37
2020-06-06,San Luis Obispo,079,281455,374,295,2,297,1
2020-06-06,San Mateo,081,765935,2603,2342,3,2345,72
2020-06-06,Santa Barbara,083,443738,2389,1815,6,1821,13
2020-06-06,Santa Clara,085,1922200,3507,2934,5,2939,144
2020-06-06,Santa Cruz,087,273765,258,226,0,226,2
2020-06-06,Shasta,089,179085,70,40,0,40,4
2020-06-06,Sierra,091,2930,1,1,0,1,0
2020-06-06,Siskiyou,093,43540,17,8,0,8,0
2020-06-06,Solano,095,438530,747,560,4,564,19
2020-06-06,Sonoma,097,501317,740,622,1,623,4
2020-06-06,Stanislaus,099,539301,1211,858,5,863,27
2020-06-06,Sutter,101,95872,70,51,0,51,2
2020-06-06,Tehama,103,63373,15,8,2,10,1
2020-06-06,Trinity,105,12862,6,2,1,3,0
2020-06-06,Tulare,107,460477,3025,2213,4,2217,90
2020-06-06,Tuolumne,109,53932,9,4,1,5,0
2020-06-06,Ventura,111,848112,1845,1303,6,1309,30
2020-06-06,Yolo,113,214977,255,223,0,223,24
2020-06-06,Yuba,115,75493,32,27,0,27,1
2020-06-05,Alameda,001,1643700,4271,3734,4,3738,102
2020-06-05,Alpine,003,1148,2,1,0,1,0
2020-06-05,Amador,005,37829,10,10,0,10,0
2020-06-05,Butte,007,227075,91,61,5,66,1
2020-06-05,Calaveras,009,45235,22,16,0,16,0
2020-06-05,Colusa,011,21464,9,7,0,7,0
2020-06-05,Contra Costa,013,1133247,1917,1575,0,1575,37
2020-06-05,Del Norte,015,27424,45,45,0,45,0
2020-06-05,El Dorado,017,186661,128,101,0,101,0
2020-06-05,Fresno,019,978130,3871,2051,44,2095,38
2020-06-05,Glenn,021,27897,25,16,0,16,0
2020-06-05,Humboldt,023,135768,115,111,0,111,2
2020-06-05,Imperial,025,180216,4849,2778,4,2782,19
2020-06-05,Inyo,027,18085,22,21,0,21,1
2020-06-05,Kern,029,883053,3445,2624,8,2632,46
2020-06-05,Kings,031,150075,1712,865,3,868,6
2020-06-05,Lake,033,64148,35,28,0,28,0
2020-06-05,Lassen,035,31185,10,4,2,6,0
2020-06-05,Los Angeles,037,10098052,69596,60955,20,60975,2553
2020-06-05,Madera,039,155013,329,144,1,145,3
2020-06-05,Marin,041,260295,652,546,2,548,17
2020-06-05,Mariposa,043,17540,16,16,0,16,1
2020-06-05,Mendocino,045,87422,34,32,0,32,0
2020-06-05,Merced,047,269075,492,309,0,309,7
2020-06-05,Modoc,049,8938,1,0,0,0,0
2020-06-05,Mono,051,14174,39,35,0,35,1
2020-06-05,Monterey,053,433212,904,649,2,651,10
2020-06-05,Napa,055,140530,164,123,0,123,3
2020-06-05,Nevada,057,99092,54,50,1,51,1
2020-06-05,Orange,059,3164182,10350,7391,58,7449,153
2020-06-05,Placer,061,380077,373,265,1,266,9
2020-06-05,Plumas,063,18699,5,4,0,4,0
2020-06-05,Riverside,065,2383286,11305,8700,11,8711,345
2020-06-05,Sacramento,067,1510023,1686,1514,2,1516,59
2020-06-05,San Benito,069,59416,114,92,0,92,2
2020-06-05,San Bernardino,071,2135413,7619,5869,5,5874,212
2020-06-05,San Diego,073,3302833,9464,8182,0,8182,294
2020-06-05,San Francisco,075,870044,2884,2675,0,2675,43
2020-06-05,San Joaquin,077,732212,1510,1046,4,1050,36
2020-06-05,San Luis Obispo,079,281455,367,293,2,295,1
2020-06-05,San Mateo,081,765935,2578,2331,3,2334,72
2020-06-05,Santa Barbara,083,443738,2353,1795,6,1801,13
2020-06-05,Santa Clara,085,1922200,3482,2902,5,2907,144
2020-06-05,Santa Cruz,087,273765,255,222,0,222,2
2020-06-05,Shasta,089,179085,69,40,0,40,4
2020-06-05,Sierra,091,2930,1,1,0,1,0
2020-06-05,Siskiyou,093,43540,15,8,0,8,0
2020-06-05,Solano,095,438530,740,558,4,562,19
2020-06-05,Sonoma,097,501317,719,618,1,619,4
2020-06-05,Stanislaus,099,539301,1178,842,5,847,27
2020-06-05,Sutter,101,95872,70,49,0,49,2
2020-06-05,Tehama,103,63373,15,7,2,9,1
2020-06-05,Trinity,105,12862,6,1,1,2,0
2020-06-05,Tulare,107,460477,2976,2180,4,2184,90
2020-06-05,Tuolumne,109,53932,9,4,1,5,0
2020-06-05,Ventura,111,848112,1812,1274,6,1280,30
2020-06-05,Yolo,113,214977,254,216,0,216,24
2020-06-05,Yuba,115,75493,32,27,0,27,1
2020-06-04,Alameda,001,1643700,4172,3643,4,3647,99
2020-06-04,Alpine,003,1148,2,1,0,1,0
2020-06-04,Amador,005,37829,10,10,0,10,0
2020-06-04,Butte,007,227075,87,57,4,61,1
2020-06-04,Calaveras,009,45235,22,15,0,15,0
2020-06-04,Colusa,011,21464,9,7,0,7,0
2020-06-04,Contra Costa,013,1133247,1859,1551,0,1551,37
2020-06-04,Del Norte,015,27424,45,45,0,45,0
2020-06-04,El Dorado,017,186661,126,101,0,101,0
2020-06-04,Fresno,019,978130,3765,2007,44,2051,35
2020-06-04,Glenn,021,27897,22,16,0,16,0
2020-06-04,Humboldt,023,135768,115,109,0,109,2
2020-06-04,Imperial,025,180216,4666,2631,4,2635,19
2020-06-04,Inyo,027,18085,22,20,0,20,1
2020-06-04,Kern,029,883053,3329,2530,8,2538,46
2020-06-04,Kings,031,150075,1642,842,3,845,6
2020-06-04,Lake,033,64148,34,27,0,27,0
2020-06-04,Lassen,035,31185,8,4,2,6,0
2020-06-04,Los Angeles,037,10098052,68128,59596,20,59616,2515
2020-06-04,Madera,039,155013,321,127,1,128,3
2020-06-04,Marin,041,260295,630,533,2,535,14
2020-06-04,Mariposa,043,17540,16,16,0,16,1
2020-06-04,Mendocino,045,87422,34,29,0,29,0
2020-06-04,Merced,047,269075,472,304,0,304,7
2020-06-04,Modoc,049,8938,1,0,0,0,0
2020-06-04,Mono,051,14174,39,35,0,35,1
2020-06-04,Monterey,053,433212,869,621,1,622,10
2020-06-04,Napa,055,140530,160,117,0,117,3
2020-06-04,Nevada,057,99092,53,49,1,50,1
2020-06-04,Orange,059,3164182,10098,7192,57,7249,148
2020-06-04,Placer,061,380077,357,256,1,257,9
2020-06-04,Plumas,063,18699,4,4,0,4,0
2020-06-04,Riverside,065,2383286,11027,8473,11,8484,341
2020-06-04,Sacramento,067,1510023,1659,1492,2,1494,58
2020-06-04,San Benito,069,59416,112,88,0,88,2
2020-06-04,San Bernardino,071,2135413,7351,5726,5,5731,207
2020-06-04,San Diego,073,3302833,9301,7942,0,7942,288
2020-06-04,San Francisco,075,870044,2851,2636,0,2636,43
2020-06-04,San Joaquin,077,732212,1448,1016,4,1020,36
2020-06-04,San Luis Obispo,079,281455,359,288,2,290,1
2020-06-04,San Mateo,081,765935,2552,2284,3,2287,72
2020-06-04,Santa Barbara,083,443738,2312,1750,6,1756,13
2020-06-04,Santa Clara,085,1922200,3450,2871,5,2876,144
2020-06-04,Santa Cruz,087,273765,249,218,0,218,2
2020-06-04,Shasta,089,179085,63,40,0,40,4
2020-06-04,Sierra,091,2930,1,1,0,1,0
2020-06-04,Siskiyou,093,43540,14,8,0,8,0
2020-06-04,Solano,095,438530,723,551,4,555,19
2020-06-04,Sonoma,097,501317,700,591,1,592,4
2020-06-04,Stanislaus,099,539301,1102,806,5,811,28
2020-06-04,Sutter,101,95872,65,46,0,46,2
2020-06-04,Tehama,103,63373,14,6,1,7,1
2020-06-04,Trinity,105,12862,6,1,1,2,0
2020-06-04,Tulare,107,460477,2860,2086,4,2090,90
2020-06-04,Tuolumne,109,53932,8,4,1,5,0
2020-06-04,Ventura,111,848112,1769,1236,6,1242,30
2020-06-04,Yolo,113,214977,249,216,0,216,24
2020-06-04,Yuba,115,75493,31,27,0,27,1
2020-06-03,Alameda,001,1643700,4113,3589,3,3592,99
2020-06-03,Alpine,003,1148,2,1,0,1,0
2020-06-03,Amador,005,37829,10,10,0,10,0
2020-06-03,Butte,007,227075,85,53,4,57,1
2020-06-03,Calaveras,009,45235,21,15,0,15,0
2020-06-03,Colusa,011,21464,9,7,0,7,0
2020-06-03,Contra Costa,013,1133247,1811,1511,0,1511,37
2020-06-03,Del Norte,015,27424,45,39,0,39,0
2020-06-03,El Dorado,017,186661,123,90,0,90,0
2020-06-03,Fresno,019,978130,3668,1943,44,1987,35
2020-06-03,Glenn,021,27897,22,16,0,16,0
2020-06-03,Humboldt,023,135768,115,103,0,103,2
2020-06-03,Imperial,025,180216,4494,2540,4,2544,19
2020-06-03,Inyo,027,18085,22,20,0,20,1
2020-06-03,Kern,029,883053,3233,2452,8,2460,44
2020-06-03,Kings,031,150075,1577,744,3,747,6
2020-06-03,Lake,033,64148,32,26,0,26,0
2020-06-03,Lassen,035,31185,8,4,2,6,0
2020-06-03,Los Angeles,037,10098052,66522,58166,20,58186,2472
2020-06-03,Madera,039,155013,313,117,1,118,3
2020-06-03,Marin,041,260295,612,527,2,529,14
2020-06-03,Mariposa,043,17540,16,16,0,16,1
2020-06-03,Mendocino,045,87422,33,29,0,29,0
2020-06-03,Merced,047,269075,458,299,0,299,7
2020-06-03,Modoc,049,8938,1,0,0,0,0
2020-06-03,Mono,051,14174,39,35,0,35,1
2020-06-03,Monterey,053,433212,841,592,1,593,10
2020-06-03,Napa,055,140530,159,116,0,116,3
2020-06-03,Nevada,057,99092,52,43,1,44,1
2020-06-03,Orange,059,3164182,9870,6939,56,6995,145
2020-06-03,Placer,061,380077,337,243,1,244,9
2020-06-03,Plumas,063,18699,4,4,0,4,0
2020-06-03,Riverside,065,2383286,10752,8208,11,8219,335
2020-06-03,Sacramento,067,1510023,1629,1457,2,1459,58
2020-06-03,San Benito,069,59416,106,88,0,88,2
2020-06-03,San Bernardino,071,2135413,7128,5565,5,5570,203
2020-06-03,San Diego,073,3302833,9153,7800,0,7800,283
2020-06-03,San Francisco,075,870044,2820,2608,0,2608,43
2020-06-03,San Joaquin,077,732212,1384,1004,4,1008,35
2020-06-03,San Luis Obispo,079,281455,354,279,2,281,1
2020-06-03,San Mateo,081,765935,2524,2243,3,2246,71
2020-06-03,Santa Barbara,083,443738,2268,1722,6,1728,12
2020-06-03,Santa Clara,085,1922200,3410,2836,5,2841,144
2020-06-03,Santa Cruz,087,273765,243,217,0,217,2
2020-06-03,Shasta,089,179085,60,40,0,40,4
2020-06-03,Sierra,091,2930,1,1,0,1,0
2020-06-03,Siskiyou,093,43540,13,8,0,8,0
2020-06-03,Solano,095,438530,698,543,2,545,18
2020-06-03,Sonoma,097,501317,688,578,1,579,4
2020-06-03,Stanislaus,099,539301,1062,780,5,785,27
2020-06-03,Sutter,101,95872,57,45,0,45,2
2020-06-03,Tehama,103,63373,14,6,1,7,1
2020-06-03,Trinity,105,12862,5,1,1,2,0
2020-06-03,Tulare,107,460477,2791,2041,4,2045,88
2020-06-03,Tuolumne,109,53932,6,4,1,5,0
2020-06-03,Ventura,111,848112,1705,1202,6,1208,30
2020-06-03,Yolo,113,214977,245,213,0,213,24
2020-06-03,Yuba,115,75493,31,27,0,27,1
2020-06-02,Alameda,001,1643700,4037,3517,3,3520,99
2020-06-02,Alpine,003,1148,2,1,0,1,0
2020-06-02,Amador,005,37829,10,10,0,10,0
2020-06-02,Butte,007,227075,81,51,3,54,1
2020-06-02,Calaveras,009,45235,21,15,0,15,0
2020-06-02,Colusa,011,21464,9,7,0,7,0
2020-06-02,Contra Costa,013,1133247,1779,1505,0,1505,37
2020-06-02,Del Norte,015,27424,45,39,0,39,0
2020-06-02,El Dorado,017,186661,122,88,0,88,0
2020-06-02,Fresno,019,978130,3556,1917,44,1961,34
2020-06-02,Glenn,021,27897,21,16,0,16,0
2020-06-02,Humboldt,023,135768,115,101,0,101,2
2020-06-02,Imperial,025,180216,4301,2459,4,2463,19
2020-06-02,Inyo,027,18085,20,20,0,20,1
2020-06-02,Kern,029,883053,3134,2406,6,2412,41
2020-06-02,Kings,031,150075,1549,720,3,723,5
2020-06-02,Lake,033,64148,32,25,0,25,0
2020-06-02,Lassen,035,31185,7,4,2,6,0
2020-06-02,Los Angeles,037,10098052,65119,57144,20,57164,2430
2020-06-02,Madera,039,155013,292,110,1,111,2
2020-06-02,Marin,041,260295,585,509,2,511,14
2020-06-02,Mariposa,043,17540,16,16,0,16,1
2020-06-02,Mendocino,045,87422,33,29,0,29,0
2020-06-02,Merced,047,269075,442,297,0,297,6
2020-06-02,Modoc,049,8938,1,0,0,0,0
2020-06-02,Mono,051,14174,39,35,0,35,1
2020-06-02,Monterey,053,433212,811,582,1,583,10
2020-06-02,Napa,055,140530,150,116,0,116,3
2020-06-02,Nevada,057,99092,51,41,1,42,1
2020-06-02,Orange,059,3164182,9669,6790,55,6845,142
2020-06-02,Placer,061,380077,323,226,1,227,9
2020-06-02,Plumas,063,18699,4,4,0,4,0
2020-06-02,Riverside,065,2383286,10457,8091,10,8101,330
2020-06-02,Sacramento,067,1510023,1600,1428,2,1430,58
2020-06-02,San Benito,069,59416,105,86,0,86,2
2020-06-02,San Bernardino,071,2135413,6920,5438,5,5443,202
2020-06-02,San Diego,073,3302833,9007,7676,0,7676,276
2020-06-02,San Francisco,075,870044,2785,2554,0,2554,43
2020-06-02,San Joaquin,077,732212,1318,985,4,989,35
2020-06-02,San Luis Obispo,079,281455,349,275,2,277,1
2020-06-02,San Mateo,081,765935,2489,2203,3,2206,71
2020-06-02,Santa Barbara,083,443738,2223,1703,6,1709,12
2020-06-02,Santa Clara,085,1922200,3360,2819,5,2824,144
2020-06-02,Santa Cruz,087,273765,238,215,0,215,2
2020-06-02,Shasta,089,179085,59,38,0,38,4
2020-06-02,Sierra,091,2930,1,1,0,1,0
2020-06-02,Siskiyou,093,43540,12,8,0,8,0
2020-06-02,Solano,095,438530,683,537,1,538,18
2020-06-02,Sonoma,097,501317,677,571,1,572,4
2020-06-02,Stanislaus,099,539301,1003,772,5,777,27
2020-06-02,Sutter,101,95872,54,43,0,43,2
2020-06-02,Tehama,103,63373,14,6,1,7,1
2020-06-02,Trinity,105,12862,5,1,1,2,0
2020-06-02,Tulare,107,460477,2711,2012,4,2016,86
2020-06-02,Tuolumne,109,53932,6,4,1,5,0
2020-06-02,Ventura,111,848112,1654,1178,6,1184,30
2020-06-02,Yolo,113,214977,243,213,0,213,24
2020-06-02,Yuba,115,75493,31,27,0,27,1
2020-06-01,Alameda,001,1643700,3972,3460,3,3463,98
2020-06-01,Alpine,003,1148,2,1,0,1,0
2020-06-01,Amador,005,37829,10,10,0,10,0
2020-06-01,Butte,007,227075,80,50,2,52,1
2020-06-01,Calaveras,009,45235,21,15,0,15,0
2020-06-01,Colusa,011,21464,9,7,0,7,0
2020-06-01,Contra Costa,013,1133247,1743,1486,0,1486,37
2020-06-01,Del Norte,015,27424,45,38,0,38,0
2020-06-01,El Dorado,017,186661,120,88,0,88,0
2020-06-01,Fresno,019,978130,3461,1854,42,1896,33
2020-06-01,Glenn,021,27897,21,16,0,16,0
2020-06-01,Humboldt,023,135768,115,98,0,98,2
2020-06-01,Imperial,025,180216,4078,2366,4,2370,14
2020-06-01,Inyo,027,18085,20,20,0,20,1
2020-06-01,Kern,029,883053,3051,2366,6,2372,38
2020-06-01,Kings,031,150075,1281,703,3,706,4
2020-06-01,Lake,033,64148,32,22,0,22,0
2020-06-01,Lassen,035,31185,7,4,2,6,0
2020-06-01,Los Angeles,037,10098052,63654,55899,20,55919,2367
2020-06-01,Madera,039,155013,280,103,1,104,2
2020-06-01,Marin,041,260295,544,495,2,497,14
2020-06-01,Mariposa,043,17540,16,16,0,16,1
2020-06-01,Mendocino,045,87422,33,28,0,28,0
2020-06-01,Merced,047,269075,423,289,0,289,6
2020-06-01,Modoc,049,8938,1,0,0,0,0
2020-06-01,Mono,051,14174,39,35,0,35,1
2020-06-01,Monterey,053,433212,786,554,1,555,10
2020-06-01,Napa,055,140530,147,114,0,114,3
2020-06-01,Nevada,057,99092,51,41,1,42,1
2020-06-01,Orange,059,3164182,9473,6640,54,6694,135
2020-06-01,Placer,061,380077,311,218,1,219,9
2020-06-01,Plumas,063,18699,4,4,0,4,0
2020-06-01,Riverside,065,2383286,10006,7921,10,7931,322
2020-06-01,Sacramento,067,1510023,1561,1415,2,1417,58
2020-06-01,San Benito,069,59416,102,86,0,86,2
2020-06-01,San Bernardino,071,2135413,6714,5310,5,5315,202
2020-06-01,San Diego,073,3302833,8827,7556,0,7556,269
2020-06-01,San Francisco,075,870044,2748,2546,0,2546,43
2020-06-01,San Joaquin,077,732212,1253,957,4,961,35
2020-06-01,San Luis Obispo,079,281455,345,275,2,277,1
2020-06-01,San Mateo,081,765935,2459,2190,3,2193,71
2020-06-01,Santa Barbara,083,443738,2181,1671,5,1676,10
2020-06-01,Santa Clara,085,1922200,3322,2797,4,2801,142
2020-06-01,Santa Cruz,087,273765,234,215,0,215,2
2020-06-01,Shasta,089,179085,59,38,0,38,4
2020-06-01,Sierra,091,2930,1,1,0,1,0
2020-06-01,Siskiyou,093,43540,12,7,0,7,0
2020-06-01,Solano,095,438530,659,529,1,530,17
2020-06-01,Sonoma,097,501317,661,565,1,566,4
2020-06-01,Stanislaus,099,539301,966,758,5,763,27
2020-06-01,Sutter,101,95872,49,43,0,43,2
2020-06-01,Tehama,103,63373,11,5,1,6,1
2020-06-01,Trinity,105,12862,4,1,1,2,0
2020-06-01,Tulare,107,460477,2596,1976,4,1980,84
2020-06-01,Tuolumne,109,53932,5,4,1,5,0
2020-06-01,Ventura,111,848112,1604,1163,6,1169,29
2020-06-01,Yolo,113,214977,240,212,0,212,24
2020-06-01,Yuba,115,75493,30,26,0,26,1
2020-05-31,Alameda,001,1643700,3866,3362,3,3365,98
2020-05-31,Alpine,003,1148,2,1,0,1,0
2020-05-31,Amador,005,37829,10,10,0,10,0
2020-05-31,Butte,007,227075,78,51,2,53,0
2020-05-31,Calaveras,009,45235,18,15,0,15,0
2020-05-31,Colusa,011,21464,9,5,0,5,0
2020-05-31,Contra Costa,013,1133247,1709,1458,0,1458,37
2020-05-31,Del Norte,015,27424,45,37,0,37,0
2020-05-31,El Dorado,017,186661,116,88,0,88,0
2020-05-31,Fresno,019,978130,3300,1780,40,1820,31
2020-05-31,Glenn,021,27897,20,16,0,16,0
2020-05-31,Humboldt,023,135768,113,98,0,98,2
2020-05-31,Imperial,025,180216,3811,2197,4,2201,14
2020-05-31,Inyo,027,18085,20,20,0,20,1
2020-05-31,Kern,029,883053,2916,2300,6,2306,38
2020-05-31,Kings,031,150075,1244,703,3,706,3
2020-05-31,Lake,033,64148,32,19,0,19,0
2020-05-31,Lassen,035,31185,7,4,2,6,0
2020-05-31,Los Angeles,037,10098052,62364,54925,20,54945,2344
2020-05-31,Madera,039,155013,262,101,1,102,2
2020-05-31,Marin,041,260295,534,486,2,488,14
2020-05-31,Mariposa,043,17540,16,16,0,16,1
2020-05-31,Mendocino,045,87422,33,24,0,24,0
2020-05-31,Merced,047,269075,396,288,0,288,6
2020-05-31,Modoc,049,8938,0,0,0,0,0
2020-05-31,Mono,051,14174,39,34,0,34,1
2020-05-31,Monterey,053,433212,713,545,1,546,10
2020-05-31,Napa,055,140530,145,114,0,114,3
2020-05-31,Nevada,057,99092,50,41,1,42,1
2020-05-31,Orange,059,3164182,9262,6532,53,6585,135
2020-05-31,Placer,061,380077,289,215,1,216,9
2020-05-31,Plumas,063,18699,4,4,0,4,0
2020-05-31,Riverside,065,2383286,9750,7704,10,7714,321
2020-05-31,Sacramento,067,1510023,1530,1398,2,1400,57
2020-05-31,San Benito,069,59416,96,85,0,85,2
2020-05-31,San Bernardino,071,2135413,6446,5185,5,5190,198
2020-05-31,San Diego,073,3302833,8633,7483,0,7483,269
2020-05-31,San Francisco,075,870044,2712,2501,0,2501,43
2020-05-31,San Joaquin,077,732212,1188,888,4,892,34
2020-05-31,San Luis Obispo,079,281455,335,271,2,273,1
2020-05-31,San Mateo,081,765935,2413,2169,3,2172,71
2020-05-31,Santa Barbara,083,443738,2124,1662,5,1667,9
2020-05-31,Santa Clara,085,1922200,3278,2785,4,2789,142
2020-05-31,Santa Cruz,087,273765,231,210,0,210,2
2020-05-31,Shasta,089,179085,57,38,0,38,4
2020-05-31,Sierra,091,2930,1,1,0,1,0
2020-05-31,Siskiyou,093,43540,11,7,0,7,0
2020-05-31,Solano,095,438530,633,512,1,513,6
2020-05-31,Sonoma,097,501317,641,555,1,556,4
2020-05-31,Stanislaus,099,539301,912,738,5,743,27
2020-05-31,Sutter,101,95872,47,42,0,42,2
2020-05-31,Tehama,103,63373,10,4,1,5,1
2020-05-31,Trinity,105,12862,4,1,1,2,0
2020-05-31,Tulare,107,460477,2524,1884,4,1888,82
2020-05-31,Tuolumne,109,53932,5,4,1,5,0
2020-05-31,Ventura,111,848112,1548,1151,6,1157,30
2020-05-31,Yolo,113,214977,234,211,0,211,24
2020-05-31,Yuba,115,75493,30,26,0,26,1
2020-05-30,Alameda,001,1643700,3840,3304,3,3307,96
2020-05-30,Alpine,003,1148,2,1,0,1,0
2020-05-30,Amador,005,37829,10,10,0,10,0
2020-05-30,Butte,007,227075,77,44,2,46,0
2020-05-30,Calaveras,009,45235,17,15,0,15,0
2020-05-30,Colusa,011,21464,8,5,0,5,0
2020-05-30,Contra Costa,013,1133247,1694,1429,0,1429,37
2020-05-30,Del Norte,015,27424,45,37,0,37,0
2020-05-30,El Dorado,017,186661,115,86,0,86,0
2020-05-30,Fresno,019,978130,3239,1744,39,1783,31
2020-05-30,Glenn,021,27897,19,16,0,16,0
2020-05-30,Humboldt,023,135768,112,98,0,98,2
2020-05-30,Imperial,025,180216,3721,2091,4,2095,14
2020-05-30,Inyo,027,18085,20,20,0,20,1
2020-05-30,Kern,029,883053,2847,2217,6,2223,38
2020-05-30,Kings,031,150075,1230,703,3,706,3
2020-05-30,Lake,033,64148,31,18,0,18,0
2020-05-30,Lassen,035,31185,7,4,2,6,0
2020-05-30,Los Angeles,037,10098052,61828,53627,20,53647,2319
2020-05-30,Madera,039,155013,257,101,1,102,2
2020-05-30,Marin,041,260295,534,462,2,464,14
2020-05-30,Mariposa,043,17540,16,16,0,16,1
2020-05-30,Mendocino,045,87422,33,24,0,24,0
2020-05-30,Merced,047,269075,395,285,0,285,6
2020-05-30,Modoc,049,8938,0,0,0,0,0
2020-05-30,Mono,051,14174,39,34,0,34,1
2020-05-30,Monterey,053,433212,697,520,1,521,10
2020-05-30,Napa,055,140530,143,113,0,113,3
2020-05-30,Nevada,057,99092,50,41,1,42,1
2020-05-30,Orange,059,3164182,9107,6354,53,6407,134
2020-05-30,Placer,061,380077,281,199,0,199,9
2020-05-30,Plumas,063,18699,4,4,0,4,0
2020-05-30,Riverside,065,2383286,9606,7492,10,7502,316
2020-05-30,Sacramento,067,1510023,1519,1384,2,1386,57
2020-05-30,San Benito,069,59416,95,85,0,85,2
2020-05-30,San Bernardino,071,2135413,6337,5122,5,5127,198
2020-05-30,San Diego,073,3302833,8540,7387,0,7387,269
2020-05-30,San Francisco,075,870044,2687,2496,0,2496,41
2020-05-30,San Joaquin,077,732212,1150,888,4,892,34
2020-05-30,San Luis Obispo,079,281455,330,270,2,272,1
2020-05-30,San Mateo,081,765935,2389,2129,3,2132,71
2020-05-30,Santa Barbara,083,443738,2095,1660,5,1665,9
2020-05-30,Santa Clara,085,1922200,3262,2741,4,2745,141
2020-05-30,Santa Cruz,087,273765,231,206,0,206,2
2020-05-30,Shasta,089,179085,57,36,0,36,4
2020-05-30,Sierra,091,2930,1,1,0,1,0
2020-05-30,Siskiyou,093,43540,10,7,0,7,0
2020-05-30,Solano,095,438530,626,512,1,513,6
2020-05-30,Sonoma,097,501317,631,551,1,552,4
2020-05-30,Stanislaus,099,539301,895,712,5,717,27
2020-05-30,Sutter,101,95872,46,40,0,40,2
2020-05-30,Tehama,103,63373,10,4,1,5,1
2020-05-30,Trinity,105,12862,4,1,1,2,0
2020-05-30,Tulare,107,460477,2487,1879,4,1883,81
2020-05-30,Tuolumne,109,53932,5,4,1,5,0
2020-05-30,Ventura,111,848112,1531,1116,6,1122,30
2020-05-30,Yolo,113,214977,230,210,0,210,24
2020-05-30,Yuba,115,75493,30,25,0,25,1
2020-05-29,Alameda,001,1643700,3805,3209,3,3212,96
2020-05-29,Alpine,003,1148,2,1,0,1,0
2020-05-29,Amador,005,37829,10,10,0,10,0
2020-05-29,Butte,007,227075,72,41,2,43,0
2020-05-29,Calaveras,009,45235,17,15,0,15,0
2020-05-29,Colusa,011,21464,8,5,0,5,0
2020-05-29,Contra Costa,013,1133247,1678,1411,0,1411,37
2020-05-29,Del Norte,015,27424,45,37,0,37,0
2020-05-29,El Dorado,017,186661,114,85,0,85,0
2020-05-29,Fresno,019,978130,3190,1687,39,1726,31
2020-05-29,Glenn,021,27897,19,14,0,14,0
2020-05-29,Humboldt,023,135768,111,98,0,98,2
2020-05-29,Imperial,025,180216,3603,1607,4,1611,14
2020-05-29,Inyo,027,18085,20,20,0,20,1
2020-05-29,Kern,029,883053,2789,2128,6,2134,36
2020-05-29,Kings,031,150075,1219,693,3,696,3
2020-05-29,Lake,033,64148,30,17,0,17,0
2020-05-29,Lassen,035,31185,7,0,2,2,0
2020-05-29,Los Angeles,037,10098052,60873,51578,20,51598,2273
2020-05-29,Madera,039,155013,242,98,1,99,2
2020-05-29,Marin,041,260295,526,448,2,450,14
2020-05-29,Mariposa,043,17540,16,16,0,16,1
2020-05-29,Mendocino,045,87422,31,25,0,25,0
2020-05-29,Merced,047,269075,390,285,0,285,7
2020-05-29,Modoc,049,8938,0,0,0,0,0
2020-05-29,Mono,051,14174,38,34,0,34,1
2020-05-29,Monterey,053,433212,667,479,1,480,10
2020-05-29,Napa,055,140530,140,113,0,113,3
2020-05-29,Nevada,057,99092,50,41,1,42,1
2020-05-29,Orange,059,3164182,8912,6176,51,6227,133
2020-05-29,Placer,061,380077,260,199,0,199,9
2020-05-29,Plumas,063,18699,4,4,0,4,0
2020-05-29,Riverside,065,2383286,9420,7376,10,7386,313
2020-05-29,Sacramento,067,1510023,1496,1360,2,1362,57
2020-05-29,San Benito,069,59416,95,84,0,84,2
2020-05-29,San Bernardino,071,2135413,6229,4983,5,4988,196
2020-05-29,San Diego,073,3302833,8417,7242,0,7242,266
2020-05-29,San Francisco,075,870044,2663,2453,0,2453,41
2020-05-29,San Joaquin,077,732212,1113,855,4,859,34
2020-05-29,San Luis Obispo,079,281455,326,270,2,272,1
2020-05-29,San Mateo,081,765935,2373,2103,3,2106,71
2020-05-29,Santa Barbara,083,443738,2062,1656,5,1661,9
2020-05-29,Santa Clara,085,1922200,3234,2707,4,2711,141
2020-05-29,Santa Cruz,087,273765,228,203,0,203,2
2020-05-29,Shasta,089,179085,57,36,0,36,4
2020-05-29,Sierra,091,2930,1,1,0,1,0
2020-05-29,Siskiyou,093,43540,10,7,0,7,0
2020-05-29,Solano,095,438530,618,498,1,499,6
2020-05-29,Sonoma,097,501317,620,537,1,538,4
2020-05-29,Stanislaus,099,539301,865,698,5,703,27
2020-05-29,Sutter,101,95872,44,40,0,40,2
2020-05-29,Tehama,103,63373,9,4,1,5,1
2020-05-29,Trinity,105,12862,4,1,1,2,0
2020-05-29,Tulare,107,460477,2449,1852,4,1856,80
2020-05-29,Tuolumne,109,53932,5,4,1,5,0
2020-05-29,Ventura,111,848112,1508,1093,6,1099,29
2020-05-29,Yolo,113,214977,226,211,0,211,24
2020-05-29,Yuba,115,75493,29,25,0,25,1
2020-05-28,Alameda,001,1643700,3705,3083,3,3086,94
2020-05-28,Alpine,003,1148,2,1,0,1,0
2020-05-28,Amador,005,37829,10,10,0,10,0
2020-05-28,Butte,007,227075,71,40,2,42,0
2020-05-28,Calaveras,009,45235,16,15,0,15,0
2020-05-28,Colusa,011,21464,8,5,0,5,0
2020-05-28,Contra Costa,013,1133247,1639,1392,0,1392,37
2020-05-28,Del Norte,015,27424,45,37,0,37,0
2020-05-28,El Dorado,017,186661,111,82,0,82,0
2020-05-28,Fresno,019,978130,3110,1653,38,1691,31
2020-05-28,Glenn,021,27897,18,14,0,14,0
2020-05-28,Humboldt,023,135768,110,97,0,97,2
2020-05-28,Imperial,025,180216,3408,1430,4,1434,14
2020-05-28,Inyo,027,18085,20,20,0,20,1
2020-05-28,Kern,029,883053,2711,2069,6,2075,36
2020-05-28,Kings,031,150075,882,626,3,629,3
2020-05-28,Lake,033,64148,29,17,0,17,0
2020-05-28,Lassen,035,31185,7,0,2,2,0
2020-05-28,Los Angeles,037,10098052,59294,49861,20,49881,2222
2020-05-28,Madera,039,155013,224,93,1,94,2
2020-05-28,Marin,041,260295,501,443,2,445,14
2020-05-28,Mariposa,043,17540,16,16,0,16,1
2020-05-28,Mendocino,045,87422,29,24,0,24,0
2020-05-28,Merced,047,269075,381,283,0,283,7
2020-05-28,Modoc,049,8938,0,0,0,0,0
2020-05-28,Mono,051,14174,38,34,0,34,1
2020-05-28,Monterey,053,433212,635,471,1,472,10
2020-05-28,Napa,055,140530,137,113,0,113,3
2020-05-28,Nevada,057,99092,45,41,1,42,1
2020-05-28,Orange,059,3164182,8716,6045,51,6096,130
2020-05-28,Placer,061,380077,253,196,0,196,9
2020-05-28,Plumas,063,18699,4,4,0,4,0
2020-05-28,Riverside,065,2383286,9018,7240,9,7249,304
2020-05-28,Sacramento,067,1510023,1476,1339,2,1341,57
2020-05-28,San Benito,069,59416,94,82,0,82,2
2020-05-28,San Bernardino,071,2135413,6064,4831,5,4836,191
2020-05-28,San Diego,073,3302833,8260,7102,0,7102,260
2020-05-28,San Francisco,075,870044,2629,2417,0,2417,40
2020-05-28,San Joaquin,077,732212,1078,840,4,844,34
2020-05-28,San Luis Obispo,079,281455,323,267,2,269,1
2020-05-28,San Mateo,081,765935,2346,2070,3,2073,71
2020-05-28,Santa Barbara,083,443738,2014,1642,4,1646,9
2020-05-28,Santa Clara,085,1922200,3194,2698,4,2702,140
2020-05-28,Santa Cruz,087,273765,227,201,0,201,2
2020-05-28,Shasta,089,179085,55,36,0,36,4
2020-05-28,Sierra,091,2930,1,1,0,1,0
2020-05-28,Siskiyou,093,43540,8,6,0,6,0
2020-05-28,Solano,095,438530,601,489,1,490,6
2020-05-28,Sonoma,097,501317,598,529,1,530,4
2020-05-28,Stanislaus,099,539301,824,684,5,689,27
2020-05-28,Sutter,101,95872,44,40,0,40,2
2020-05-28,Tehama,103,63373,9,4,1,5,1
2020-05-28,Trinity,105,12862,4,1,1,2,0
2020-05-28,Tulare,107,460477,2413,1832,4,1836,79
2020-05-28,Tuolumne,109,53932,5,4,1,5,0
2020-05-28,Ventura,111,848112,1477,1083,6,1089,29
2020-05-28,Yolo,113,214977,223,206,0,206,22
2020-05-28,Yuba,115,75493,28,24,0,24,1
2020-05-27,Alameda,001,1643700,3622,3037,3,3040,94
2020-05-27,Alpine,003,1148,2,1,0,1,0
2020-05-27,Amador,005,37829,10,10,0,10,0
2020-05-27,Butte,007,227075,68,40,1,41,0
2020-05-27,Calaveras,009,45235,15,15,0,15,0
2020-05-27,Colusa,011,21464,8,5,0,5,0
2020-05-27,Contra Costa,013,1133247,1599,1373,0,1373,37
2020-05-27,Del Norte,015,27424,45,34,0,34,0
2020-05-27,El Dorado,017,186661,110,82,0,82,0
2020-05-27,Fresno,019,978130,3022,1620,38,1658,27
2020-05-27,Glenn,021,27897,18,14,0,14,0
2020-05-27,Humboldt,023,135768,110,86,0,86,2
2020-05-27,Imperial,025,180216,3228,1369,4,1373,14
2020-05-27,Inyo,027,18085,20,20,0,20,1
2020-05-27,Kern,029,883053,2646,1999,6,2005,37
2020-05-27,Kings,031,150075,855,586,3,589,3
2020-05-27,Lake,033,64148,29,13,0,13,0
2020-05-27,Lassen,035,31185,7,0,2,2,0
2020-05-27,Los Angeles,037,10098052,57917,48711,20,48731,2177
2020-05-27,Madera,039,155013,215,91,1,92,2
2020-05-27,Marin,041,260295,472,439,2,441,14
2020-05-27,Mariposa,043,17540,16,16,0,16,1
2020-05-27,Mendocino,045,87422,28,21,0,21,0
2020-05-27,Merced,047,269075,377,278,0,278,7
2020-05-27,Modoc,049,8938,0,0,0,0,0
2020-05-27,Mono,051,14174,38,34,0,34,1
2020-05-27,Monterey,053,433212,595,443,1,444,8
2020-05-27,Napa,055,140530,132,112,0,112,3
2020-05-27,Nevada,057,99092,44,41,1,42,1
2020-05-27,Orange,059,3164182,8558,5849,51,5900,121
2020-05-27,Placer,061,380077,234,196,0,196,9
2020-05-27,Plumas,063,18699,4,4,0,4,0
2020-05-27,Riverside,065,2383286,8639,7156,9,7165,299
2020-05-27,Sacramento,067,1510023,1448,1318,2,1320,50
2020-05-27,San Benito,069,59416,91,74,0,74,2
2020-05-27,San Bernardino,071,2135413,5880,4708,5,4713,183
2020-05-27,San Diego,073,3302833,8110,6985,0,6985,255
2020-05-27,San Francisco,075,870044,2600,2394,0,2394,40
2020-05-27,San Joaquin,077,732212,1037,825,4,829,34
2020-05-27,San Luis Obispo,079,281455,318,266,2,268,1
2020-05-27,San Mateo,081,765935,2306,2045,3,2048,71
2020-05-27,Santa Barbara,083,443738,1995,1629,4,1633,9
2020-05-27,Santa Clara,085,1922200,3161,2680,4,2684,140
2020-05-27,Santa Cruz,087,273765,223,202,0,202,2
2020-05-27,Shasta,089,179085,52,36,0,36,4
2020-05-27,Sierra,091,2930,1,1,0,1,0
2020-05-27,Siskiyou,093,43540,8,6,0,6,0
2020-05-27,Solano,095,438530,581,477,1,478,5
2020-05-27,Sonoma,097,501317,584,521,1,522,4
2020-05-27,Stanislaus,099,539301,799,675,5,680,27
2020-05-27,Sutter,101,95872,43,40,0,40,2
2020-05-27,Tehama,103,63373,9,3,1,4,1
2020-05-27,Trinity,105,12862,4,1,1,2,0
2020-05-27,Tulare,107,460477,2361,1817,4,1821,77
2020-05-27,Tuolumne,109,53932,5,4,1,5,0
2020-05-27,Ventura,111,848112,1454,1065,6,1071,28
2020-05-27,Yolo,113,214977,222,204,0,204,22
2020-05-27,Yuba,115,75493,28,24,0,24,1
2020-05-26,Alameda,001,1643700,3527,2956,3,2959,92
2020-05-26,Alpine,003,1148,2,1,0,1,0
2020-05-26,Amador,005,37829,10,10,0,10,0
2020-05-26,Butte,007,227075,66,37,1,38,0
2020-05-26,Calaveras,009,45235,15,13,0,13,0
2020-05-26,Colusa,011,21464,8,4,0,4,0
2020-05-26,Contra Costa,013,1133247,1564,1352,0,1352,37
2020-05-26,Del Norte,015,27424,44,30,0,30,0
2020-05-26,El Dorado,017,186661,106,79,0,79,0
2020-05-26,Fresno,019,978130,2936,1496,38,1534,22
2020-05-26,Glenn,021,27897,16,12,0,12,0
2020-05-26,Humboldt,023,135768,108,81,0,81,2
2020-05-26,Imperial,025,180216,3012,1369,4,1373,14
2020-05-26,Inyo,027,18085,20,20,0,20,1
2020-05-26,Kern,029,883053,2568,1890,6,1896,31
2020-05-26,Kings,031,150075,787,449,2,451,2
2020-05-26,Lake,033,64148,27,12,0,12,0
2020-05-26,Lassen,035,31185,6,0,2,2,0
2020-05-26,Los Angeles,037,10098052,56450,47760,20,47780,2121
2020-05-26,Madera,039,155013,199,83,1,84,2
2020-05-26,Marin,041,260295,460,424,2,426,14
2020-05-26,Mariposa,043,17540,16,16,0,16,1
2020-05-26,Mendocino,045,87422,26,20,0,20,0
2020-05-26,Merced,047,269075,363,266,0,266,7
2020-05-26,Modoc,049,8938,0,1,0,1,0
2020-05-26,Mono,051,14174,37,34,0,34,1
2020-05-26,Monterey,053,433212,567,424,0,424,8
2020-05-26,Napa,055,140530,127,109,0,109,3
2020-05-26,Nevada,057,99092,43,41,1,42,1
2020-05-26,Orange,059,3164182,8290,5651,50,5701,115
2020-05-26,Placer,061,380077,229,188,0,188,9
2020-05-26,Plumas,063,18699,4,4,0,4,0
2020-05-26,Riverside,065,2383286,8192,6917,9,6926,284
2020-05-26,Sacramento,067,1510023,1422,1298,2,1300,50
2020-05-26,San Benito,069,59416,86,69,0,69,2
2020-05-26,San Bernardino,071,2135413,5712,4430,5,4435,175
2020-05-26,San Diego,073,3302833,7967,6884,0,6884,249
2020-05-26,San Francisco,075,870044,2567,2363,0,2363,40
2020-05-26,San Joaquin,077,732212,990,760,4,764,33
2020-05-26,San Luis Obispo,079,281455,316,260,2,262,1
2020-05-26,San Mateo,081,765935,2268,1967,2,1969,71
2020-05-26,Santa Barbara,083,443738,1970,1590,4,1594,9
2020-05-26,Santa Clara,085,1922200,3128,2659,4,2663,139
2020-05-26,Santa Cruz,087,273765,221,197,0,197,2
2020-05-26,Shasta,089,179085,52,36,0,36,4
2020-05-26,Sierra,091,2930,1,1,0,1,0
2020-05-26,Siskiyou,093,43540,7,6,0,6,0
2020-05-26,Solano,095,438530,563,470,1,471,5
2020-05-26,Sonoma,097,501317,576,509,0,509,4
2020-05-26,Stanislaus,099,539301,778,663,5,668,27
2020-05-26,Sutter,101,95872,42,39,0,39,2
2020-05-26,Tehama,103,63373,8,2,1,3,1
2020-05-26,Trinity,105,12862,4,1,1,2,0
2020-05-26,Tulare,107,460477,2305,1768,4,1772,76
2020-05-26,Tuolumne,109,53932,5,2,1,3,0
2020-05-26,Ventura,111,848112,1420,1033,3,1036,27
2020-05-26,Yolo,113,214977,216,198,0,198,22
2020-05-26,Yuba,115,75493,27,24,0,24,1
2020-05-25,Alameda,001,1643700,3434,2900,2,2902,92
2020-05-25,Alpine,003,1148,2,1,0,1,0
2020-05-25,Amador,005,37829,10,10,0,10,0
2020-05-25,Butte,007,227075,63,37,1,38,0
2020-05-25,Calaveras,009,45235,15,13,0,13,0
2020-05-25,Colusa,011,21464,7,4,0,4,0
2020-05-25,Contra Costa,013,1133247,1531,1348,0,1348,37
2020-05-25,Del Norte,015,27424,44,20,0,20,0
2020-05-25,El Dorado,017,186661,98,78,0,78,0
2020-05-25,Fresno,019,978130,2833,1496,35,1531,22
2020-05-25,Glenn,021,27897,16,12,0,12,0
2020-05-25,Humboldt,023,135768,107,81,0,81,2
2020-05-25,Imperial,025,180216,2801,1369,4,1373,14
2020-05-25,Inyo,027,18085,19,20,0,20,1
2020-05-25,Kern,029,883053,2497,1890,6,1896,31
2020-05-25,Kings,031,150075,758,447,2,449,2
2020-05-25,Lake,033,64148,25,13,0,13,0
2020-05-25,Lassen,035,31185,6,0,2,2,0
2020-05-25,Los Angeles,037,10098052,54635,45952,20,45972,2094
2020-05-25,Madera,039,155013,187,83,1,84,2
2020-05-25,Marin,041,260295,442,415,2,417,14
2020-05-25,Mariposa,043,17540,16,15,0,15,1
2020-05-25,Mendocino,045,87422,23,19,0,19,0
2020-05-25,Merced,047,269075,356,262,0,262,6
2020-05-25,Modoc,049,8938,0,1,0,1,0
2020-05-25,Mono,051,14174,37,34,0,34,1
2020-05-25,Monterey,053,433212,537,418,0,418,8
2020-05-25,Napa,055,140530,127,107,0,107,3
2020-05-25,Nevada,057,99092,43,41,1,42,1
2020-05-25,Orange,059,3164182,8068,5601,49,5650,115
2020-05-25,Placer,061,380077,226,186,0,186,9
2020-05-25,Plumas,063,18699,4,4,0,4,0
2020-05-25,Riverside,065,2383286,7961,6900,9,6909,284
2020-05-25,Sacramento,067,1510023,1402,1290,1,1291,50
2020-05-25,San Benito,069,59416,85,70,0,70,2
2020-05-25,San Bernardino,071,2135413,5522,4393,4,4397,175
2020-05-25,San Diego,073,3302833,7791,6799,0,6799,249
2020-05-25,San Francisco,075,870044,2530,2358,0,2358,40
2020-05-25,San Joaquin,077,732212,964,760,4,764,33
2020-05-25,San Luis Obispo,079,281455,314,260,2,262,1
2020-05-25,San Mateo,081,765935,2232,1938,2,1940,71
2020-05-25,Santa Barbara,083,443738,1952,1590,4,1594,9
2020-05-25,Santa Clara,085,1922200,3096,2647,4,2651,139
2020-05-25,Santa Cruz,087,273765,219,191,0,191,2
2020-05-25,Shasta,089,179085,51,36,0,36,4
2020-05-25,Sierra,091,2930,1,1,0,1,0
2020-05-25,Siskiyou,093,43540,7,6,0,6,0
2020-05-25,Solano,095,438530,549,437,1,438,5
2020-05-25,Sonoma,097,501317,564,496,0,496,4
2020-05-25,Stanislaus,099,539301,748,651,5,656,27
2020-05-25,Sutter,101,95872,42,38,0,38,2
2020-05-25,Tehama,103,63373,7,2,1,3,1
2020-05-25,Trinity,105,12862,4,1,1,2,0
2020-05-25,Tulare,107,460477,2242,1747,4,1751,76
2020-05-25,Tuolumne,109,53932,5,2,1,3,0
2020-05-25,Ventura,111,848112,1380,1020,3,1023,27
2020-05-25,Yolo,113,214977,214,197,0,197,22
2020-05-25,Yuba,115,75493,26,24,0,24,1
2020-05-24,Alameda,001,1643700,3361,2830,2,2832,92
2020-05-24,Alpine,003,1148,2,1,0,1,0
2020-05-24,Amador,005,37829,10,9,0,9,0
2020-05-24,Butte,007,227075,61,35,1,36,0
2020-05-24,Calaveras,009,45235,15,13,0,13,0
2020-05-24,Colusa,011,21464,7,4,0,4,0
2020-05-24,Contra Costa,013,1133247,1503,1325,0,1325,37
2020-05-24,Del Norte,015,27424,43,16,0,16,0
2020-05-24,El Dorado,017,186661,97,76,0,76,0
2020-05-24,Fresno,019,978130,2767,1455,33,1488,22
2020-05-24,Glenn,021,27897,15,12,0,12,0
2020-05-24,Humboldt,023,135768,107,81,0,81,2
2020-05-24,Imperial,025,180216,2675,1369,4,1373,14
2020-05-24,Inyo,027,18085,19,20,0,20,1
2020-05-24,Kern,029,883053,2424,1861,5,1866,31
2020-05-24,Kings,031,150075,747,446,2,448,2
2020-05-24,Lake,033,64148,24,12,0,12,0
2020-05-24,Lassen,035,31185,5,0,2,2,0
2020-05-24,Los Angeles,037,10098052,53621,44954,20,44974,2085
2020-05-24,Madera,039,155013,181,83,1,84,2
2020-05-24,Marin,041,260295,440,401,2,403,14
2020-05-24,Mariposa,043,17540,16,15,0,15,1
2020-05-24,Mendocino,045,87422,22,19,0,19,0
2020-05-24,Merced,047,269075,355,258,0,258,6
2020-05-24,Modoc,049,8938,0,0,0,0,0
2020-05-24,Mono,051,14174,37,34,0,34,1
2020-05-24,Monterey,053,433212,509,405,0,405,8
2020-05-24,Napa,055,140530,125,104,0,104,3
2020-05-24,Nevada,057,99092,43,41,1,42,1
2020-05-24,Orange,059,3164182,7913,5439,48,5487,113
2020-05-24,Placer,061,380077,218,184,0,184,9
2020-05-24,Plumas,063,18699,4,4,0,4,0
2020-05-24,Riverside,065,2383286,7820,6571,9,6580,284
2020-05-24,Sacramento,067,1510023,1386,1283,1,1284,50
2020-05-24,San Benito,069,59416,84,67,0,67,2
2020-05-24,San Bernardino,071,2135413,5414,4262,4,4266,175
2020-05-24,San Diego,073,3302833,7648,6703,0,6703,249
2020-05-24,San Francisco,075,870044,2506,2318,0,2318,40
2020-05-24,San Joaquin,077,732212,945,760,4,764,33
2020-05-24,San Luis Obispo,079,281455,312,257,2,259,1
2020-05-24,San Mateo,081,765935,2197,1925,2,1927,71
2020-05-24,Santa Barbara,083,443738,1936,1573,4,1577,9
2020-05-24,Santa Clara,085,1922200,3076,2623,4,2627,139
2020-05-24,Santa Cruz,087,273765,216,185,0,185,2
2020-05-24,Shasta,089,179085,50,36,0,36,4
2020-05-24,Sierra,091,2930,1,1,0,1,0
2020-05-24,Siskiyou,093,43540,6,6,0,6,0
2020-05-24,Solano,095,438530,541,436,0,436,5
2020-05-24,Sonoma,097,501317,553,485,0,485,4
2020-05-24,Stanislaus,099,539301,728,634,5,639,27
2020-05-24,Sutter,101,95872,42,38,0,38,2
2020-05-24,Tehama,103,63373,5,2,1,3,1
2020-05-24,Trinity,105,12862,4,1,1,2,0
2020-05-24,Tulare,107,460477,2196,1684,4,1688,74
2020-05-24,Tuolumne,109,53932,5,2,0,2,0
2020-05-24,Ventura,111,848112,1368,982,3,985,27
2020-05-24,Yolo,113,214977,212,192,0,192,22
2020-05-24,Yuba,115,75493,26,24,0,24,1
2020-05-23,Alameda,001,1643700,3320,2783,2,2785,91
2020-05-23,Alpine,003,1148,2,1,0,1,0
2020-05-23,Amador,005,37829,10,9,0,9,0
2020-05-23,Butte,007,227075,60,34,1,35,0
2020-05-23,Calaveras,009,45235,15,13,0,13,0
2020-05-23,Colusa,011,21464,7,4,0,4,0
2020-05-23,Contra Costa,013,1133247,1492,1302,0,1302,36
2020-05-23,Del Norte,015,27424,43,10,0,10,0
2020-05-23,El Dorado,017,186661,97,74,0,74,0
2020-05-23,Fresno,019,978130,2747,1447,33,1480,21
2020-05-23,Glenn,021,27897,15,12,0,12,0
2020-05-23,Humboldt,023,135768,105,80,0,80,2
2020-05-23,Imperial,025,180216,2587,1283,4,1287,14
2020-05-23,Inyo,027,18085,19,20,0,20,1
2020-05-23,Kern,029,883053,2381,1806,5,1811,31
2020-05-23,Kings,031,150075,743,444,2,446,2
2020-05-23,Lake,033,64148,23,10,0,10,0
2020-05-23,Lassen,035,31185,5,0,2,2,0
2020-05-23,Los Angeles,037,10098052,53080,44029,20,44049,2069
2020-05-23,Madera,039,155013,177,83,1,84,2
2020-05-23,Marin,041,260295,440,393,1,394,14
2020-05-23,Mariposa,043,17540,16,15,0,15,1
2020-05-23,Mendocino,045,87422,22,13,0,13,0
2020-05-23,Merced,047,269075,352,247,0,247,6
2020-05-23,Modoc,049,8938,0,0,0,0,0
2020-05-23,Mono,051,14174,36,34,0,34,1
2020-05-23,Monterey,053,433212,495,397,0,397,8
2020-05-23,Napa,055,140530,121,101,0,101,3
2020-05-23,Nevada,057,99092,43,41,1,42,1
2020-05-23,Orange,059,3164182,7755,5313,47,5360,113
2020-05-23,Placer,061,380077,212,184,0,184,9
2020-05-23,Plumas,063,18699,4,4,0,4,0
2020-05-23,Riverside,065,2383286,7729,6460,9,6469,284
2020-05-23,Sacramento,067,1510023,1370,1275,1,1276,50
2020-05-23,San Benito,069,59416,79,67,0,67,2
2020-05-23,San Bernardino,071,2135413,5321,4172,4,4176,175
2020-05-23,San Diego,073,3302833,7557,6561,0,6561,249
2020-05-23,San Francisco,075,870044,2487,2312,0,2312,40
2020-05-23,San Joaquin,077,732212,930,759,4,763,33
2020-05-23,San Luis Obispo,079,281455,309,256,2,258,1
2020-05-23,San Mateo,081,765935,2169,1862,2,1864,71
2020-05-23,Santa Barbara,083,443738,1925,1566,4,1570,9
2020-05-23,Santa Clara,085,1922200,3063,2593,4,2597,139
2020-05-23,Santa Cruz,087,273765,214,177,0,177,2
2020-05-23,Shasta,089,179085,50,35,0,35,4
2020-05-23,Sierra,091,2930,1,1,0,1,0
2020-05-23,Siskiyou,093,43540,6,6,0,6,0
2020-05-23,Solano,095,438530,536,435,0,435,5
2020-05-23,Sonoma,097,501317,539,462,0,462,4
2020-05-23,Stanislaus,099,539301,720,625,5,630,27
2020-05-23,Sutter,101,95872,41,38,0,38,2
2020-05-23,Tehama,103,63373,5,2,1,3,1
2020-05-23,Trinity,105,12862,4,1,1,2,0
2020-05-23,Tulare,107,460477,2175,1682,4,1686,73
2020-05-23,Tuolumne,109,53932,5,2,0,2,0
2020-05-23,Ventura,111,848112,1348,961,3,964,27
2020-05-23,Yolo,113,214977,211,188,0,188,22
2020-05-23,Yuba,115,75493,26,24,0,24,1
2020-05-22,Alameda,001,1643700,3266,2722,2,2724,91
2020-05-22,Alpine,003,1148,2,1,0,1,0
2020-05-22,Amador,005,37829,10,9,0,9,0
2020-05-22,Butte,007,227075,58,34,1,35,0
2020-05-22,Calaveras,009,45235,15,13,0,13,0
2020-05-22,Colusa,011,21464,7,4,0,4,0
2020-05-22,Contra Costa,013,1133247,1480,1272,0,1272,36
2020-05-22,Del Norte,015,27424,41,9,0,9,0
2020-05-22,El Dorado,017,186661,94,74,0,74,0
2020-05-22,Fresno,019,978130,2688,1399,32,1431,20
2020-05-22,Glenn,021,27897,15,12,0,12,0
2020-05-22,Humboldt,023,135768,105,80,0,80,2
2020-05-22,Imperial,025,180216,2487,1214,4,1218,14
2020-05-22,Inyo,027,18085,19,20,0,20,1
2020-05-22,Kern,029,883053,2333,1749,5,1754,28
2020-05-22,Kings,031,150075,740,428,2,430,2
2020-05-22,Lake,033,64148,22,10,0,10,0
2020-05-22,Lassen,035,31185,3,0,2,2,0
2020-05-22,Los Angeles,037,10098052,52288,43025,20,43045,2027
2020-05-22,Madera,039,155013,173,82,1,83,2
2020-05-22,Marin,041,260295,436,372,1,373,14
2020-05-22,Mariposa,043,17540,16,15,0,15,1
2020-05-22,Mendocino,045,87422,21,13,0,13,0
2020-05-22,Merced,047,269075,352,233,0,233,6
2020-05-22,Modoc,049,8938,0,0,0,0,0
2020-05-22,Mono,051,14174,36,34,0,34,1
2020-05-22,Monterey,053,433212,484,372,0,372,8
2020-05-22,Napa,055,140530,119,97,0,97,3
2020-05-22,Nevada,057,99092,42,41,1,42,1
2020-05-22,Orange,059,3164182,7561,5144,45,5189,113
2020-05-22,Placer,061,380077,212,181,0,181,9
2020-05-22,Plumas,063,18699,4,4,0,4,0
2020-05-22,Riverside,065,2383286,7614,6351,9,6360,283
2020-05-22,Sacramento,067,1510023,1354,1262,1,1263,50
2020-05-22,San Benito,069,59416,78,64,0,64,2
2020-05-22,San Bernardino,071,2135413,5246,4107,4,4111,173
2020-05-22,San Diego,073,3302833,7471,6436,0,6436,242
2020-05-22,San Francisco,075,870044,2469,2251,0,2251,40
2020-05-22,San Joaquin,077,732212,917,747,4,751,33
2020-05-22,San Luis Obispo,079,281455,309,254,2,256,1
2020-05-22,San Mateo,081,765935,2150,1847,2,1849,71
2020-05-22,Santa Barbara,083,443738,1909,1554,4,1558,9
2020-05-22,Santa Clara,085,1922200,3044,2537,4,2541,139
2020-05-22,Santa Cruz,087,273765,211,171,0,171,2
2020-05-22,Shasta,089,179085,50,34,0,34,4
2020-05-22,Sierra,091,2930,1,0,0,0,0
2020-05-22,Siskiyou,093,43540,6,6,0,6,0
2020-05-22,Solano,095,438530,533,431,0,431,4
2020-05-22,Sonoma,097,501317,535,444,0,444,4
2020-05-22,Stanislaus,099,539301,710,616,5,621,27
2020-05-22,Sutter,101,95872,41,38,0,38,2
2020-05-22,Tehama,103,63373,5,2,0,2,1
2020-05-22,Trinity,105,12862,4,1,1,2,0
2020-05-22,Tulare,107,460477,2145,1662,4,1666,73
2020-05-22,Tuolumne,109,53932,5,2,0,2,0
2020-05-22,Ventura,111,848112,1330,937,3,940,27
2020-05-22,Yolo,113,214977,209,187,0,187,22
2020-05-22,Yuba,115,75493,26,24,0,24,1
2020-05-21,Alameda,001,1643700,3201,2606,2,2608,89
2020-05-21,Alpine,003,1148,2,1,0,1,0
2020-05-21,Amador,005,37829,10,9,0,9,0
2020-05-21,Butte,007,227075,57,31,1,32,0
2020-05-21,Calaveras,009,45235,14,13,0,13,0
2020-05-21,Colusa,011,21464,7,4,0,4,0
2020-05-21,Contra Costa,013,1133247,1444,1243,0,1243,36
2020-05-21,Del Norte,015,27424,38,9,0,9,0
2020-05-21,El Dorado,017,186661,92,67,0,67,0
2020-05-21,Fresno,019,978130,2598,1362,32,1394,20
2020-05-21,Glenn,021,27897,14,12,0,12,0
2020-05-21,Humboldt,023,135768,104,79,0,79,0
2020-05-21,Imperial,025,180216,2327,1096,4,1100,14
2020-05-21,Inyo,027,18085,19,20,0,20,1
2020-05-21,Kern,029,883053,2257,1684,4,1688,27
2020-05-21,Kings,031,150075,719,417,2,419,2
2020-05-21,Lake,033,64148,17,10,0,10,0
2020-05-21,Lassen,035,31185,3,0,2,2,0
2020-05-21,Los Angeles,037,10098052,51254,42063,20,42083,1996
2020-05-21,Madera,039,155013,170,82,1,83,2
2020-05-21,Marin,041,260295,425,359,1,360,14
2020-05-21,Mariposa,043,17540,16,15,0,15,1
2020-05-21,Mendocino,045,87422,21,12,0,12,0
2020-05-21,Merced,047,269075,341,226,0,226,6
2020-05-21,Modoc,049,8938,0,0,0,0,0
2020-05-21,Mono,051,14174,36,33,0,33,1
2020-05-21,Monterey,053,433212,473,363,0,363,8
2020-05-21,Napa,055,140530,117,96,0,96,3
2020-05-21,Nevada,057,99092,42,41,1,42,1
2020-05-21,Orange,059,3164182,7359,4975,45,5020,106
2020-05-21,Placer,061,380077,205,176,0,176,8
2020-05-21,Plumas,063,18699,4,4,0,4,0
2020-05-21,Riverside,065,2383286,7427,6245,9,6254,279
2020-05-21,Sacramento,067,1510023,1341,1258,1,1259,56
2020-05-21,San Benito,069,59416,75,61,0,61,2
2020-05-21,San Bernardino,071,2135413,5099,3950,4,3954,167
2020-05-21,San Diego,073,3302833,7335,6317,0,6317,241
2020-05-21,San Francisco,075,870044,2445,2248,0,2248,37
2020-05-21,San Joaquin,077,732212,881,730,4,734,33
2020-05-21,San Luis Obispo,079,281455,309,251,1,252,1
2020-05-21,San Mateo,081,765935,2113,1791,2,1793,74
2020-05-21,Santa Barbara,083,443738,1889,1541,4,1545,10
2020-05-21,Santa Clara,085,1922200,3024,2520,4,2524,138
2020-05-21,Santa Cruz,087,273765,203,164,0,164,3
2020-05-21,Shasta,089,179085,48,34,0,34,4
2020-05-21,Sierra,091,2930,1,0,0,0,0
2020-05-21,Siskiyou,093,43540,6,6,0,6,0
2020-05-21,Solano,095,438530,524,424,0,424,4
2020-05-21,Sonoma,097,501317,517,427,0,427,4
2020-05-21,Stanislaus,099,539301,699,602,5,607,27
2020-05-21,Sutter,101,95872,40,38,0,38,2
2020-05-21,Tehama,103,63373,4,2,0,2,1
2020-05-21,Trinity,105,12862,3,1,1,2,0
2020-05-21,Tulare,107,460477,2095,1606,4,1610,73
2020-05-21,Tuolumne,109,53932,3,2,0,2,0
2020-05-21,Ventura,111,848112,1283,907,3,910,30
2020-05-21,Yolo,113,214977,206,185,0,185,22
2020-05-21,Yuba,115,75493,26,24,0,24,1
2020-05-20,Alameda,001,1643700,3127,2554,2,2556,89
2020-05-20,Alpine,003,1148,2,1,0,1,0
2020-05-20,Amador,005,37829,10,9,0,9,0
2020-05-20,Butte,007,227075,54,30,1,31,0
2020-05-20,Calaveras,009,45235,14,13,0,13,0
2020-05-20,Colusa,011,21464,7,3,0,3,0
2020-05-20,Contra Costa,013,1133247,1414,1223,0,1223,33
2020-05-20,Del Norte,015,27424,31,9,0,9,0
2020-05-20,El Dorado,017,186661,91,67,0,67,0
2020-05-20,Fresno,019,978130,2526,1329,31,1360,17
2020-05-20,Glenn,021,27897,13,12,0,12,0
2020-05-20,Humboldt,023,135768,101,73,0,73,0
2020-05-20,Imperial,025,180216,2216,1047,4,1051,14
2020-05-20,Inyo,027,18085,19,20,0,20,1
2020-05-20,Kern,029,883053,2194,1639,3,1642,27
2020-05-20,Kings,031,150075,576,403,2,405,2
2020-05-20,Lake,033,64148,17,9,0,9,0
2020-05-20,Lassen,035,31185,2,0,2,2,0
2020-05-20,Los Angeles,037,10098052,50258,40932,20,40952,1955
2020-05-20,Madera,039,155013,168,82,1,83,2
2020-05-20,Marin,041,260295,398,348,1,349,14
2020-05-20,Mariposa,043,17540,16,15,0,15,1
2020-05-20,Mendocino,045,87422,21,12,0,12,0
2020-05-20,Merced,047,269075,334,225,0,225,6
2020-05-20,Modoc,049,8938,0,0,0,0,0
2020-05-20,Mono,051,14174,36,33,0,33,1
2020-05-20,Monterey,053,433212,459,356,0,356,8
2020-05-20,Napa,055,140530,110,93,0,93,3
2020-05-20,Nevada,057,99092,42,41,1,42,1
2020-05-20,Orange,059,3164182,7151,4866,43,4909,96
2020-05-20,Placer,061,380077,203,176,0,176,8
2020-05-20,Plumas,063,18699,4,4,0,4,0
2020-05-20,Riverside,065,2383286,7284,6090,9,6099,265
2020-05-20,Sacramento,067,1510023,1331,1244,1,1245,56
2020-05-20,San Benito,069,59416,74,61,0,61,2
2020-05-20,San Bernardino,071,2135413,4972,3771,4,3775,161
2020-05-20,San Diego,073,3302833,7218,6142,0,6142,230
2020-05-20,San Francisco,075,870044,2422,2199,0,2199,37
2020-05-20,San Joaquin,077,732212,845,713,4,717,33
2020-05-20,San Luis Obispo,079,281455,303,249,1,250,1
2020-05-20,San Mateo,081,765935,2060,1739,2,1741,74
2020-05-20,Santa Barbara,083,443738,1867,1524,4,1528,10
2020-05-20,Santa Clara,085,1922200,3004,2508,4,2512,138
2020-05-20,Santa Cruz,087,273765,200,163,0,163,3
2020-05-20,Shasta,089,179085,48,34,0,34,4
2020-05-20,Sierra,091,2930,1,0,0,0,0
2020-05-20,Siskiyou,093,43540,6,6,0,6,0
2020-05-20,Solano,095,438530,519,418,0,418,4
2020-05-20,Sonoma,097,501317,508,411,0,411,4
2020-05-20,Stanislaus,099,539301,683,584,4,588,25
2020-05-20,Sutter,101,95872,40,38,0,38,2
2020-05-20,Tehama,103,63373,4,2,0,2,1
2020-05-20,Trinity,105,12862,3,1,1,2,0
2020-05-20,Tulare,107,460477,2057,1585,4,1589,71
2020-05-20,Tuolumne,109,53932,3,2,0,2,0
2020-05-20,Ventura,111,848112,1250,879,3,882,29
2020-05-20,Yolo,113,214977,203,184,0,184,22
2020-05-20,Yuba,115,75493,26,23,0,23,1
2020-05-19,Alameda,001,1643700,3050,2493,0,2493,88
2020-05-19,Alpine,003,1148,2,1,0,1,0
2020-05-19,Amador,005,37829,10,9,0,9,0
2020-05-19,Butte,007,227075,52,25,1,26,0
2020-05-19,Calaveras,009,45235,14,13,0,13,0
2020-05-19,Colusa,011,21464,5,3,0,3,0
2020-05-19,Contra Costa,013,1133247,1391,1205,0,1205,33
2020-05-19,Del Norte,015,27424,28,8,0,8,0
2020-05-19,El Dorado,017,186661,88,67,0,67,0
2020-05-19,Fresno,019,978130,2417,1288,31,1319,15
2020-05-19,Glenn,021,27897,13,12,0,12,0
2020-05-19,Humboldt,023,135768,101,72,0,72,0
2020-05-19,Imperial,025,180216,2056,1012,4,1016,14
2020-05-19,Inyo,027,18085,19,20,0,20,1
2020-05-19,Kern,029,883053,2096,1601,3,1604,26
2020-05-19,Kings,031,150075,566,393,2,395,2
2020-05-19,Lake,033,64148,14,11,0,11,0
2020-05-19,Lassen,035,31185,2,0,2,2,0
2020-05-19,Los Angeles,037,10098052,49051,39670,20,39690,1906
2020-05-19,Madera,039,155013,165,80,1,81,2
2020-05-19,Marin,041,260295,374,340,1,341,14
2020-05-19,Mariposa,043,17540,16,15,0,15,1
2020-05-19,Mendocino,045,87422,21,12,0,12,0
2020-05-19,Merced,047,269075,326,222,0,222,5
2020-05-19,Modoc,049,8938,0,0,0,0,0
2020-05-19,Mono,051,14174,36,33,0,33,1
2020-05-19,Monterey,053,433212,447,350,0,350,8
2020-05-19,Napa,055,140530,109,93,0,93,3
2020-05-19,Nevada,057,99092,42,41,1,42,1
2020-05-19,Orange,059,3164182,6956,4746,41,4787,90
2020-05-19,Placer,061,380077,201,177,0,177,8
2020-05-19,Plumas,063,18699,4,5,0,5,0
2020-05-19,Riverside,065,2383286,7125,5963,9,5972,265
2020-05-19,Sacramento,067,1510023,1317,1239,1,1240,57
2020-05-19,San Benito,069,59416,72,59,0,59,2
2020-05-19,San Bernardino,071,2135413,4822,3656,4,3660,158
2020-05-19,San Diego,073,3302833,7074,6028,0,6028,222
2020-05-19,San Francisco,075,870044,2388,2186,0,2186,37
2020-05-19,San Joaquin,077,732212,823,705,4,709,33
2020-05-19,San Luis Obispo,079,281455,303,245,1,246,1
2020-05-19,San Mateo,081,765935,2019,1704,2,1706,71
2020-05-19,Santa Barbara,083,443738,1849,1521,4,1525,10
2020-05-19,Santa Clara,085,1922200,2956,2480,4,2484,138
2020-05-19,Santa Cruz,087,273765,189,161,0,161,3
2020-05-19,Shasta,089,179085,48,34,0,34,4
2020-05-19,Sierra,091,2930,0,0,0,0,0
2020-05-19,Siskiyou,093,43540,6,6,0,6,0
2020-05-19,Solano,095,438530,505,415,0,415,4
2020-05-19,Sonoma,097,501317,497,389,0,389,4
2020-05-19,Stanislaus,099,539301,669,582,4,586,25
2020-05-19,Sutter,101,95872,40,38,0,38,2
2020-05-19,Tehama,103,63373,4,2,0,2,1
2020-05-19,Trinity,105,12862,2,1,0,1,0
2020-05-19,Tulare,107,460477,2010,1551,4,1555,68
2020-05-19,Tuolumne,109,53932,3,2,0,2,0
2020-05-19,Ventura,111,848112,1213,861,2,863,28
2020-05-19,Yolo,113,214977,201,183,0,183,22
2020-05-19,Yuba,115,75493,26,23,0,23,1
2020-05-18,Alameda,001,1643700,2978,2442,0,2442,84
2020-05-18,Alpine,003,1148,1,1,0,1,0
2020-05-18,Amador,005,37829,10,8,0,8,0
2020-05-18,Butte,007,227075,50,24,1,25,0
2020-05-18,Calaveras,009,45235,14,13,0,13,0
2020-05-18,Colusa,011,21464,5,3,0,3,0
2020-05-18,Contra Costa,013,1133247,1360,1173,0,1173,33
2020-05-18,Del Norte,015,27424,23,8,0,8,0
2020-05-18,El Dorado,017,186661,86,67,0,67,0
2020-05-18,Fresno,019,978130,2340,1244,30,1274,14
2020-05-18,Glenn,021,27897,13,11,0,11,0
2020-05-18,Humboldt,023,135768,101,70,0,70,0
2020-05-18,Imperial,025,180216,1901,767,4,771,14
2020-05-18,Inyo,027,18085,19,20,0,20,1
2020-05-18,Kern,029,883053,2047,1566,3,1569,26
2020-05-18,Kings,031,150075,535,381,2,383,2
2020-05-18,Lake,033,64148,13,9,0,9,0
2020-05-18,Lassen,035,31185,2,0,2,2,0
2020-05-18,Los Angeles,037,10098052,48030,38477,20,38497,1825
2020-05-18,Madera,039,155013,159,74,1,75,2
2020-05-18,Marin,041,260295,361,329,1,330,14
2020-05-18,Mariposa,043,17540,16,15,0,15,1
2020-05-18,Mendocino,045,87422,16,12,0,12,0
2020-05-18,Merced,047,269075,316,217,0,217,5
2020-05-18,Modoc,049,8938,0,0,0,0,0
2020-05-18,Mono,051,14174,36,33,0,33,1
2020-05-18,Monterey,053,433212,436,345,0,345,8
2020-05-18,Napa,055,140530,105,92,0,92,3
2020-05-18,Nevada,057,99092,42,41,1,42,1
2020-05-18,Orange,059,3164182,6765,4558,38,4596,88
2020-05-18,Placer,061,380077,199,176,0,176,8
2020-05-18,Plumas,063,18699,4,5,0,5,0
2020-05-18,Riverside,065,2383286,6925,5873,9,5882,253
2020-05-18,Sacramento,067,1510023,1311,1233,0,1233,57
2020-05-18,San Benito,069,59416,70,59,0,59,2
2020-05-18,San Bernardino,071,2135413,4675,3558,4,3562,156
2020-05-18,San Diego,073,3302833,6941,5948,0,5948,211
2020-05-18,San Francisco,075,870044,2365,2183,0,2183,36
2020-05-18,San Joaquin,077,732212,811,697,4,701,33
2020-05-18,San Luis Obispo,079,281455,299,243,1,244,1
2020-05-18,San Mateo,081,765935,1981,1701,2,1703,68
2020-05-18,Santa Barbara,083,443738,1831,1501,4,1505,10
2020-05-18,Santa Clara,085,1922200,2925,2468,4,2472,137
2020-05-18,Santa Cruz,087,273765,187,160,0,160,3
2020-05-18,Shasta,089,179085,47,34,0,34,4
2020-05-18,Sierra,091,2930,0,0,0,0,0
2020-05-18,Siskiyou,093,43540,6,6,0,6,0
2020-05-18,Solano,095,438530,495,398,0,398,4
2020-05-18,Sonoma,097,501317,479,387,0,387,4
2020-05-18,Stanislaus,099,539301,657,572,4,576,25
2020-05-18,Sutter,101,95872,40,38,0,38,2
2020-05-18,Tehama,103,63373,4,2,0,2,1
2020-05-18,Trinity,105,12862,2,1,0,1,0
2020-05-18,Tulare,107,460477,1965,1491,4,1495,63
2020-05-18,Tuolumne,109,53932,3,2,0,2,0
2020-05-18,Ventura,111,848112,1191,850,1,851,27
2020-05-18,Yolo,113,214977,196,183,0,183,22
2020-05-18,Yuba,115,75493,26,23,0,23,1
2020-05-17,Alameda,001,1643700,2883,2389,0,2389,83
2020-05-17,Alpine,003,1148,1,1,0,1,0
2020-05-17,Amador,005,37829,10,8,0,8,0
2020-05-17,Butte,007,227075,49,23,1,24,0
2020-05-17,Calaveras,009,45235,14,13,0,13,0
2020-05-17,Colusa,011,21464,3,3,0,3,0
2020-05-17,Contra Costa,013,1133247,1321,1155,0,1155,33
2020-05-17,Del Norte,015,27424,23,7,0,7,0
2020-05-17,El Dorado,017,186661,86,65,0,65,0
2020-05-17,Fresno,019,978130,2239,1213,27,1240,14
2020-05-17,Glenn,021,27897,13,9,0,9,0
2020-05-17,Humboldt,023,135768,94,70,0,70,0
2020-05-17,Imperial,025,180216,1752,715,4,719,14
2020-05-17,Inyo,027,18085,19,20,0,20,1
2020-05-17,Kern,029,883053,1969,1546,3,1549,26
2020-05-17,Kings,031,150075,488,356,2,358,2
2020-05-17,Lake,033,64148,13,7,0,7,0
2020-05-17,Lassen,035,31185,2,0,2,2,0
2020-05-17,Los Angeles,037,10098052,46791,37996,20,38016,1807
2020-05-17,Madera,039,155013,157,69,1,70,2
2020-05-17,Marin,041,260295,350,315,1,316,14
2020-05-17,Mariposa,043,17540,15,15,0,15,1
2020-05-17,Mendocino,045,87422,15,10,0,10,0
2020-05-17,Merced,047,269075,305,214,0,214,5
2020-05-17,Modoc,049,8938,0,0,0,0,0
2020-05-17,Mono,051,14174,36,32,0,32,1
2020-05-17,Monterey,053,433212,416,342,0,342,8
2020-05-17,Napa,055,140530,102,89,0,89,3
2020-05-17,Nevada,057,99092,42,41,1,42,1
2020-05-17,Orange,059,3164182,6585,4466,37,4503,88
2020-05-17,Placer,061,380077,194,175,0,175,8
2020-05-17,Plumas,063,18699,4,4,0,4,0
2020-05-17,Riverside,065,2383286,6752,5776,9,5785,245
2020-05-17,Sacramento,067,1510023,1300,1224,0,1224,56
2020-05-17,San Benito,069,59416,69,59,0,59,2
2020-05-17,San Bernardino,071,2135413,4525,3467,4,3471,155
2020-05-17,San Diego,073,3302833,6809,5838,0,5838,209
2020-05-17,San Francisco,075,870044,2338,2132,0,2132,36
2020-05-17,San Joaquin,077,732212,781,688,4,692,32
2020-05-17,San Luis Obispo,079,281455,297,242,1,243,1
2020-05-17,San Mateo,081,765935,1944,1680,2,1682,68
2020-05-17,Santa Barbara,083,443738,1803,1457,4,1461,10
2020-05-17,Santa Clara,085,1922200,2887,2453,4,2457,135
2020-05-17,Santa Cruz,087,273765,176,155,0,155,3
2020-05-17,Shasta,089,179085,46,34,0,34,4
2020-05-17,Sierra,091,2930,0,0,0,0,0
2020-05-17,Siskiyou,093,43540,6,6,0,6,0
2020-05-17,Solano,095,438530,483,392,0,392,4
2020-05-17,Sonoma,097,501317,458,376,0,376,4
2020-05-17,Stanislaus,099,539301,646,566,4,570,25
2020-05-17,Sutter,101,95872,39,38,0,38,2
2020-05-17,Tehama,103,63373,3,2,0,2,1
2020-05-17,Trinity,105,12862,1,1,0,1,0
2020-05-17,Tulare,107,460477,1898,1430,3,1433,63
2020-05-17,Tuolumne,109,53932,3,2,0,2,0
2020-05-17,Ventura,111,848112,1148,838,1,839,27
2020-05-17,Yolo,113,214977,194,182,0,182,22
2020-05-17,Yuba,115,75493,26,21,0,21,1
2020-05-16,Alameda,001,1643700,2833,2327,0,2327,83
2020-05-16,Alpine,003,1148,1,1,0,1,0
2020-05-16,Amador,005,37829,10,8,0,8,0
2020-05-16,Butte,007,227075,44,22,1,23,0
2020-05-16,Calaveras,009,45235,14,13,0,13,0
2020-05-16,Colusa,011,21464,3,3,0,3,0
2020-05-16,Contra Costa,013,1133247,1303,1136,0,1136,33
2020-05-16,Del Norte,015,27424,19,4,0,4,0
2020-05-16,El Dorado,017,186661,86,65,0,65,0
2020-05-16,Fresno,019,978130,2184,1177,27,1204,14
2020-05-16,Glenn,021,27897,13,9,0,9,0
2020-05-16,Humboldt,023,135768,92,69,0,69,0
2020-05-16,Imperial,025,180216,1688,712,4,716,14
2020-05-16,Inyo,027,18085,19,20,0,20,1
2020-05-16,Kern,029,883053,1933,1509,3,1512,26
2020-05-16,Kings,031,150075,479,356,2,358,2
2020-05-16,Lake,033,64148,13,7,0,7,0
2020-05-16,Lassen,035,31185,1,0,2,2,0
2020-05-16,Los Angeles,037,10098052,46214,37352,20,37372,1778
2020-05-16,Madera,039,155013,155,70,1,71,2
2020-05-16,Marin,041,260295,346,297,1,298,14
2020-05-16,Mariposa,043,17540,15,15,0,15,1
2020-05-16,Mendocino,045,87422,15,10,0,10,0
2020-05-16,Merced,047,269075,303,201,0,201,5
2020-05-16,Modoc,049,8938,0,0,0,0,0
2020-05-16,Mono,051,14174,36,32,0,32,1
2020-05-16,Monterey,053,433212,401,329,0,329,8
2020-05-16,Napa,055,140530,102,86,0,86,3
2020-05-16,Nevada,057,99092,42,41,1,42,1
2020-05-16,Orange,059,3164182,6509,4396,37,4433,87
2020-05-16,Placer,061,380077,192,174,0,174,8
2020-05-16,Plumas,063,18699,4,4,0,4,0
2020-05-16,Riverside,065,2383286,6666,5633,9,5642,243
2020-05-16,Sacramento,067,1510023,1293,1209,0,1209,55
2020-05-16,San Benito,069,59416,64,58,0,58,2
2020-05-16,San Bernardino,071,2135413,4453,3362,4,3366,155
2020-05-16,San Diego,073,3302833,6723,5664,0,5664,209
2020-05-16,San Francisco,075,870044,2315,2094,0,2094,36
2020-05-16,San Joaquin,077,732212,773,668,4,672,32
2020-05-16,San Luis Obispo,079,281455,296,240,1,241,1
2020-05-16,San Mateo,081,765935,1929,1652,2,1654,68
2020-05-16,Santa Barbara,083,443738,1791,1422,3,1425,10
2020-05-16,Santa Clara,085,1922200,2872,2420,3,2423,135
2020-05-16,Santa Cruz,087,273765,173,154,0,154,3
2020-05-16,Shasta,089,179085,46,33,0,33,4
2020-05-16,Sierra,091,2930,0,0,0,0,0
2020-05-16,Siskiyou,093,43540,6,6,0,6,0
2020-05-16,Solano,095,438530,478,392,0,392,4
2020-05-16,Sonoma,097,501317,445,356,0,356,4
2020-05-16,Stanislaus,099,539301,637,546,4,550,24
2020-05-16,Sutter,101,95872,39,35,0,35,2
2020-05-16,Tehama,103,63373,3,2,0,2,1
2020-05-16,Trinity,105,12862,1,1,0,1,0
2020-05-16,Tulare,107,460477,1880,1426,3,1429,63
2020-05-16,Tuolumne,109,53932,3,2,0,2,0
2020-05-16,Ventura,111,848112,1123,813,1,814,25
2020-05-16,Yolo,113,214977,193,181,0,181,22
2020-05-16,Yuba,115,75493,26,21,0,21,1
2020-05-15,Alameda,001,1643700,2799,2289,0,2289,83
2020-05-15,Alpine,003,1148,1,1,0,1,0
2020-05-15,Amador,005,37829,10,8,0,8,0
2020-05-15,Butte,007,227075,42,22,1,23,0
2020-05-15,Calaveras,009,45235,14,13,0,13,0
2020-05-15,Colusa,011,21464,3,3,0,3,0
2020-05-15,Contra Costa,013,1133247,1285,1106,0,1106,33
2020-05-15,Del Norte,015,27424,14,4,0,4,0
2020-05-15,El Dorado,017,186661,86,64,0,64,0
2020-05-15,Fresno,019,978130,2118,1126,27,1153,14
2020-05-15,Glenn,021,27897,13,9,0,9,0
2020-05-15,Humboldt,023,135768,91,60,0,60,0
2020-05-15,Imperial,025,180216,1605,680,0,680,14
2020-05-15,Inyo,027,18085,19,20,0,20,1
2020-05-15,Kern,029,883053,1877,1472,3,1475,25
2020-05-15,Kings,031,150075,476,347,2,349,2
2020-05-15,Lake,033,64148,13,7,0,7,0
2020-05-15,Lassen,035,31185,1,0,2,2,0
2020-05-15,Los Angeles,037,10098052,45428,36317,20,36337,1734
2020-05-15,Madera,039,155013,154,71,1,72,2
2020-05-15,Marin,041,260295,338,295,1,296,14
2020-05-15,Mariposa,043,17540,15,15,0,15,1
2020-05-15,Mendocino,045,87422,15,10,0,10,0
2020-05-15,Merced,047,269075,300,191,0,191,5
2020-05-15,Modoc,049,8938,0,0,0,0,0
2020-05-15,Mono,051,14174,36,31,0,31,1
2020-05-15,Monterey,053,433212,395,321,0,321,8
2020-05-15,Napa,055,140530,102,83,0,83,3
2020-05-15,Nevada,057,99092,42,41,1,42,1
2020-05-15,Orange,059,3164182,6338,4281,37,4318,87
2020-05-15,Placer,061,380077,190,174,0,174,8
2020-05-15,Plumas,063,18699,4,4,0,4,0
2020-05-15,Riverside,065,2383286,6552,5496,9,5505,233
2020-05-15,Sacramento,067,1510023,1283,1203,0,1203,55
2020-05-15,San Benito,069,59416,61,57,0,57,2
2020-05-15,San Bernardino,071,2135413,4375,3225,4,3229,153
2020-05-15,San Diego,073,3302833,6616,5525,0,5525,208
2020-05-15,San Francisco,075,870044,2299,2062,0,2062,36
2020-05-15,San Joaquin,077,732212,767,656,4,660,32
2020-05-15,San Luis Obispo,079,281455,295,237,1,238,1
2020-05-15,San Mateo,081,765935,1907,1612,2,1614,68
2020-05-15,Santa Barbara,083,443738,1776,1409,3,1412,10
2020-05-15,Santa Clara,085,1922200,2844,2395,3,2398,135
2020-05-15,Santa Cruz,087,273765,172,146,0,146,3
2020-05-15,Shasta,089,179085,45,33,0,33,4
2020-05-15,Sierra,091,2930,0,0,0,0,0
2020-05-15,Siskiyou,093,43540,5,5,0,5,0
2020-05-15,Solano,095,438530,474,388,0,388,4
2020-05-15,Sonoma,097,501317,437,349,0,349,4
2020-05-15,Stanislaus,099,539301,630,540,4,544,23
2020-05-15,Sutter,101,95872,38,35,0,35,2
2020-05-15,Tehama,103,63373,3,1,0,1,1
2020-05-15,Trinity,105,12862,1,1,0,1,0
2020-05-15,Tulare,107,460477,1852,1356,3,1359,61
2020-05-15,Tuolumne,109,53932,3,2,0,2,0
2020-05-15,Ventura,111,848112,1106,789,0,789,25
2020-05-15,Yolo,113,214977,192,182,0,182,22
2020-05-15,Yuba,115,75493,26,21,0,21,1
2020-05-14,Alameda,001,1643700,2706,2255,0,2255,80
2020-05-14,Alpine,003,1148,1,1,0,1,0
2020-05-14,Amador,005,37829,10,8,0,8,0
2020-05-14,Butte,007,227075,40,22,1,23,0
2020-05-14,Calaveras,009,45235,14,13,0,13,0
2020-05-14,Colusa,011,21464,3,3,0,3,0
2020-05-14,Contra Costa,013,1133247,1259,1090,0,1090,32
2020-05-14,Del Norte,015,27424,14,4,0,4,0
2020-05-14,El Dorado,017,186661,77,59,0,59,0
2020-05-14,Fresno,019,978130,2062,1038,24,1062,12
2020-05-14,Glenn,021,27897,12,8,0,8,0
2020-05-14,Humboldt,023,135768,89,59,0,59,0
2020-05-14,Imperial,025,180216,1488,652,0,652,13
2020-05-14,Inyo,027,18085,19,20,0,20,1
2020-05-14,Kern,029,883053,1835,1430,3,1433,21
2020-05-14,Kings,031,150075,460,342,2,344,1
2020-05-14,Lake,033,64148,13,7,0,7,0
2020-05-14,Lassen,035,31185,1,0,2,2,0
2020-05-14,Los Angeles,037,10098052,44254,35427,20,35447,1693
2020-05-14,Madera,039,155013,145,69,1,70,2
2020-05-14,Marin,041,260295,320,283,1,284,14
2020-05-14,Mariposa,043,17540,15,15,0,15,0
2020-05-14,Mendocino,045,87422,14,10,0,10,0
2020-05-14,Merced,047,269075,290,182,0,182,3
2020-05-14,Modoc,049,8938,0,0,0,0,0
2020-05-14,Mono,051,14174,36,31,0,31,1
2020-05-14,Monterey,053,433212,385,317,0,317,7
2020-05-14,Napa,055,140530,100,83,0,83,3
2020-05-14,Nevada,057,99092,41,41,1,42,1
2020-05-14,Orange,059,3164182,6162,4163,35,4198,83
2020-05-14,Placer,061,380077,190,172,0,172,8
2020-05-14,Plumas,063,18699,4,4,0,4,0
2020-05-14,Riverside,065,2383286,6369,5339,9,5348,224
2020-05-14,Sacramento,067,1510023,1271,1181,0,1181,55
2020-05-14,San Benito,069,59416,59,56,0,56,2
2020-05-14,San Bernardino,071,2135413,4197,3149,4,3153,149
2020-05-14,San Diego,073,3302833,6482,5393,0,5393,200
2020-05-14,San Francisco,075,870044,2266,2029,0,2029,36
2020-05-14,San Joaquin,077,732212,752,643,4,647,31
2020-05-14,San Luis Obispo,079,281455,292,236,1,237,1
2020-05-14,San Mateo,081,765935,1875,1588,2,1590,67
2020-05-14,Santa Barbara,083,443738,1757,1395,3,1398,11
2020-05-14,Santa Clara,085,1922200,2822,2380,3,2383,134
2020-05-14,Santa Cruz,087,273765,170,145,0,145,3
2020-05-14,Shasta,089,179085,45,33,0,33,4
2020-05-14,Sierra,091,2930,0,0,0,0,0
2020-05-14,Siskiyou,093,43540,5,5,0,5,0
2020-05-14,Solano,095,438530,465,372,0,372,4
2020-05-14,Sonoma,097,501317,420,333,0,333,4
2020-05-14,Stanislaus,099,539301,611,533,4,537,23
2020-05-14,Sutter,101,95872,38,34,0,34,2
2020-05-14,Tehama,103,63373,3,1,0,1,1
2020-05-14,Trinity,105,12862,1,1,0,1,0
2020-05-14,Tulare,107,460477,1819,1317,3,1320,55
2020-05-14,Tuolumne,109,53932,3,2,0,2,0
2020-05-14,Ventura,111,848112,1078,760,0,760,25
2020-05-14,Yolo,113,214977,192,180,0,180,22
2020-05-14,Yuba,115,75493,26,21,0,21,1
2020-05-13,Alameda,001,1643700,2648,2181,0,2181,78
2020-05-13,Alpine,003,1148,1,1,0,1,0
2020-05-13,Amador,005,37829,10,8,0,8,0
2020-05-13,Butte,007,227075,40,21,1,22,0
2020-05-13,Calaveras,009,45235,14,13,0,13,0
2020-05-13,Colusa,011,21464,3,3,0,3,0
2020-05-13,Contra Costa,013,1133247,1237,1082,0,1082,32
2020-05-13,Del Norte,015,27424,13,4,0,4,0
2020-05-13,El Dorado,017,186661,76,58,0,58,0
2020-05-13,Fresno,019,978130,1970,993,24,1017,10
2020-05-13,Glenn,021,27897,11,6,0,6,0
2020-05-13,Humboldt,023,135768,83,58,0,58,0
2020-05-13,Imperial,025,180216,1418,610,0,610,11
2020-05-13,Inyo,027,18085,19,20,0,20,1
2020-05-13,Kern,029,883053,1789,1390,3,1393,19
2020-05-13,Kings,031,150075,447,314,2,316,1
2020-05-13,Lake,033,64148,13,7,0,7,0
2020-05-13,Lassen,035,31185,1,0,2,2,0
2020-05-13,Los Angeles,037,10098052,42948,34574,20,34594,1643
2020-05-13,Madera,039,155013,136,69,1,70,2
2020-05-13,Marin,041,260295,307,278,1,279,14
2020-05-13,Mariposa,043,17540,15,15,0,15,0
2020-05-13,Mendocino,045,87422,14,10,0,10,0
2020-05-13,Merced,047,269075,287,176,0,176,3
2020-05-13,Modoc,049,8938,0,0,0,0,0
2020-05-13,Mono,051,14174,35,31,0,31,1
2020-05-13,Monterey,053,433212,375,309,0,309,6
2020-05-13,Napa,055,140530,100,81,0,81,3
2020-05-13,Nevada,057,99092,41,41,1,42,1
2020-05-13,Orange,059,3164182,5916,4025,33,4058,79
2020-05-13,Placer,061,380077,189,170,0,170,8
2020-05-13,Plumas,063,18699,4,4,0,4,0
2020-05-13,Riverside,065,2383286,6246,5204,9,5213,216
2020-05-13,Sacramento,067,1510023,1256,1173,0,1173,53
2020-05-13,San Benito,069,59416,59,55,0,55,2
2020-05-13,San Bernardino,071,2135413,3942,3064,3,3067,140
2020-05-13,San Diego,073,3302833,6346,5280,0,5280,194
2020-05-13,San Francisco,075,870044,2238,2004,0,2004,35
2020-05-13,San Joaquin,077,732212,731,639,3,642,31
2020-05-13,San Luis Obispo,079,281455,290,231,1,232,1
2020-05-13,San Mateo,081,765935,1843,1550,2,1552,66
2020-05-13,Santa Barbara,083,443738,1741,1382,3,1385,10
2020-05-13,Santa Clara,085,1922200,2803,2370,3,2373,132
2020-05-13,Santa Cruz,087,273765,166,142,0,142,2
2020-05-13,Shasta,089,179085,45,32,0,32,4
2020-05-13,Sierra,091,2930,0,0,0,0,0
2020-05-13,Siskiyou,093,43540,5,5,0,5,0
2020-05-13,Solano,095,438530,452,368,0,368,4
2020-05-13,Sonoma,097,501317,410,330,0,330,4
2020-05-13,Stanislaus,099,539301,602,521,4,525,15
2020-05-13,Sutter,101,95872,38,33,0,33,2
2020-05-13,Tehama,103,63373,3,1,0,1,1
2020-05-13,Trinity,105,12862,1,2,0,2,0
2020-05-13,Tulare,107,460477,1786,1283,3,1286,54
2020-05-13,Tuolumne,109,53932,3,2,0,2,0
2020-05-13,Ventura,111,848112,1051,742,0,742,25
2020-05-13,Yolo,113,214977,190,178,0,178,22
2020-05-13,Yuba,115,75493,24,19,0,19,1
2020-05-12,Alameda,001,1643700,2585,2146,0,2146,74
2020-05-12,Alpine,003,1148,1,1,0,1,0
2020-05-12,Amador,005,37829,10,8,0,8,0
2020-05-12,Butte,007,227075,38,20,1,21,0
2020-05-12,Calaveras,009,45235,13,13,0,13,0
2020-05-12,Colusa,011,21464,3,3,0,3,0
2020-05-12,Contra Costa,013,1133247,1206,1067,0,1067,32
2020-05-12,Del Norte,015,27424,10,3,0,3,0
2020-05-12,El Dorado,017,186661,73,56,0,56,0
2020-05-12,Fresno,019,978130,1887,978,24,1002,9
2020-05-12,Glenn,021,27897,10,6,0,6,0
2020-05-12,Humboldt,023,135768,80,58,0,58,0
2020-05-12,Imperial,025,180216,1287,602,0,602,9
2020-05-12,Inyo,027,18085,19,20,0,20,1
2020-05-12,Kern,029,883053,1748,1363,3,1366,18
2020-05-12,Kings,031,150075,426,302,2,304,1
2020-05-12,Lake,033,64148,13,7,0,7,0
2020-05-12,Lassen,035,31185,1,0,2,2,0
2020-05-12,Los Angeles,037,10098052,41953,33281,19,33300,1601
2020-05-12,Madera,039,155013,132,69,1,70,2
2020-05-12,Marin,041,260295,302,274,1,275,14
2020-05-12,Mariposa,043,17540,15,15,0,15,0
2020-05-12,Mendocino,045,87422,14,10,0,10,0
2020-05-12,Merced,047,269075,276,175,0,175,3
2020-05-12,Modoc,049,8938,0,0,0,0,0
2020-05-12,Mono,051,14174,35,31,0,31,1
2020-05-12,Monterey,053,433212,368,298,0,298,6
2020-05-12,Napa,055,140530,98,80,0,80,3
2020-05-12,Nevada,057,99092,41,41,1,42,1
2020-05-12,Orange,059,3164182,5733,3843,31,3874,78
2020-05-12,Placer,061,380077,188,170,0,170,8
2020-05-12,Plumas,063,18699,4,4,0,4,0
2020-05-12,Riverside,065,2383286,6124,5134,9,5143,210
2020-05-12,Sacramento,067,1510023,1236,1166,0,1166,52
2020-05-12,San Benito,069,59416,59,55,0,55,2
2020-05-12,San Bernardino,071,2135413,3791,2997,3,3000,131
2020-05-12,San Diego,073,3302833,6202,3,0,3,0
2020-05-12,San Francisco,075,870044,2203,1981,0,1981,35
2020-05-12,San Joaquin,077,732212,716,625,3,628,30
2020-05-12,San Luis Obispo,079,281455,287,226,1,227,1
2020-05-12,San Mateo,081,765935,1817,1533,2,1535,66
2020-05-12,Santa Barbara,083,443738,1701,1377,3,1380,10
2020-05-12,Santa Clara,085,1922200,2773,2362,3,2365,131
2020-05-12,Santa Cruz,087,273765,164,141,0,141,2
2020-05-12,Shasta,089,179085,44,33,0,33,4
2020-05-12,Sierra,091,2930,0,0,0,0,0
2020-05-12,Siskiyou,093,43540,5,5,0,5,0
2020-05-12,Solano,095,438530,444,361,0,361,4
2020-05-12,Sonoma,097,501317,387,308,0,308,4
2020-05-12,Stanislaus,099,539301,595,515,4,519,15
2020-05-12,Sutter,101,95872,38,33,0,33,2
2020-05-12,Tehama,103,63373,3,1,0,1,1
2020-05-12,Trinity,105,12862,1,1,0,1,0
2020-05-12,Tulare,107,460477,1756,1261,2,1263,52
2020-05-12,Tuolumne,109,53932,3,2,0,2,0
2020-05-12,Ventura,111,848112,1014,718,0,718,20
2020-05-12,Yolo,113,214977,189,176,0,176,22
2020-05-12,Yuba,115,75493,24,19,0,19,1
2020-05-11,Alameda,001,1643700,2535,2103,0,2103,71
2020-05-11,Alpine,003,1148,1,1,0,1,0
2020-05-11,Amador,005,37829,10,8,0,8,0
2020-05-11,Butte,007,227075,37,19,1,20,0
2020-05-11,Calaveras,009,45235,13,13,0,13,0
2020-05-11,Colusa,011,21464,3,3,0,3,0
2020-05-11,Contra Costa,013,1133247,1192,1052,0,1052,32
2020-05-11,Del Norte,015,27424,8,3,0,3,0
2020-05-11,El Dorado,017,186661,73,55,0,55,0
2020-05-11,Fresno,019,978130,1800,937,22,959,8
2020-05-11,Glenn,021,27897,10,6,0,6,0
2020-05-11,Humboldt,023,135768,77,56,0,56,0
2020-05-11,Imperial,025,180216,1181,562,0,562,9
2020-05-11,Inyo,027,18085,19,20,0,20,1
2020-05-11,Kern,029,883053,1696,1331,3,1334,17
2020-05-11,Kings,031,150075,403,289,1,290,1
2020-05-11,Lake,033,64148,12,7,0,7,0
2020-05-11,Lassen,035,31185,1,0,2,2,0
2020-05-11,Los Angeles,037,10098052,40774,32279,19,32298,1553
2020-05-11,Madera,039,155013,123,68,1,69,2
2020-05-11,Marin,041,260295,293,271,1,272,14
2020-05-11,Mariposa,043,17540,15,15,0,15,0
2020-05-11,Mendocino,045,87422,14,10,0,10,0
2020-05-11,Merced,047,269075,261,158,0,158,3
2020-05-11,Modoc,049,8938,0,0,0,0,0
2020-05-11,Mono,051,14174,35,30,0,30,1
2020-05-11,Monterey,053,433212,365,286,0,286,6
2020-05-11,Napa,055,140530,92,79,0,79,2
2020-05-11,Nevada,057,99092,41,41,1,42,1
2020-05-11,Orange,059,3164182,5524,3699,26,3725,77
2020-05-11,Placer,061,380077,188,170,0,170,8
2020-05-11,Plumas,063,18699,4,4,0,4,0
2020-05-11,Riverside,065,2383286,5967,5082,9,5091,203
2020-05-11,Sacramento,067,1510023,1221,1160,0,1160,52
2020-05-11,San Benito,069,59416,57,52,0,52,2
2020-05-11,San Bernardino,071,2135413,3681,2945,3,2948,124
2020-05-11,San Diego,073,3302833,6049,5067,0,5067,175
2020-05-11,San Francisco,075,870044,2156,1974,0,1974,35
2020-05-11,San Joaquin,077,732212,706,620,3,623,30
2020-05-11,San Luis Obispo,079,281455,285,224,1,225,1
2020-05-11,San Mateo,081,765935,1791,1499,2,1501,66
2020-05-11,Santa Barbara,083,443738,1679,1372,3,1375,10
2020-05-11,Santa Clara,085,1922200,2757,2340,3,2343,129
2020-05-11,Santa Cruz,087,273765,161,140,0,140,2
2020-05-11,Shasta,089,179085,44,31,0,31,4
2020-05-11,Sierra,091,2930,0,0,0,0,0
2020-05-11,Siskiyou,093,43540,5,5,0,5,0
2020-05-11,Solano,095,438530,439,354,0,354,4
2020-05-11,Sonoma,097,501317,377,303,0,303,3
2020-05-11,Stanislaus,099,539301,585,507,4,511,14
2020-05-11,Sutter,101,95872,37,32,0,32,2
2020-05-11,Tehama,103,63373,3,1,0,1,1
2020-05-11,Trinity,105,12862,1,1,0,1,0
2020-05-11,Tulare,107,460477,1707,1203,2,1205,49
2020-05-11,Tuolumne,109,53932,3,2,0,2,0
2020-05-11,Ventura,111,848112,970,698,0,698,19
2020-05-11,Yolo,113,214977,189,174,0,174,20
2020-05-11,Yuba,115,75493,24,18,0,18,1
2020-05-10,Alameda,001,1643700,2458,2047,0,2047,71
2020-05-10,Alpine,003,1148,1,1,0,1,0
2020-05-10,Amador,005,37829,10,8,0,8,0
2020-05-10,Butte,007,227075,33,18,1,19,0
2020-05-10,Calaveras,009,45235,13,13,0,13,0
2020-05-10,Colusa,011,21464,3,3,0,3,0
2020-05-10,Contra Costa,013,1133247,1178,1046,0,1046,31
2020-05-10,Del Norte,015,27424,7,3,0,3,0
2020-05-10,El Dorado,017,186661,73,55,0,55,0
2020-05-10,Fresno,019,978130,1718,894,22,916,8
2020-05-10,Glenn,021,27897,10,6,0,6,0
2020-05-10,Humboldt,023,135768,73,56,0,56,0
2020-05-10,Imperial,025,180216,1085,509,0,509,7
2020-05-10,Inyo,027,18085,19,20,0,20,1
2020-05-10,Kern,029,883053,1645,1300,2,1302,16
2020-05-10,Kings,031,150075,390,266,1,267,1
2020-05-10,Lake,033,64148,12,7,0,7,0
2020-05-10,Lassen,035,31185,1,0,2,2,0
2020-05-10,Los Angeles,037,10098052,39514,31711,19,31730,1514
2020-05-10,Madera,039,155013,121,65,1,66,2
2020-05-10,Marin,041,260295,285,267,1,268,14
2020-05-10,Mariposa,043,17540,15,15,0,15,0
2020-05-10,Mendocino,045,87422,13,10,0,10,0
2020-05-10,Merced,047,269075,246,154,0,154,3
2020-05-10,Modoc,049,8938,0,0,0,0,0
2020-05-10,Mono,051,14174,35,27,0,27,1
2020-05-10,Monterey,053,433212,351,282,0,282,6
2020-05-10,Napa,055,140530,86,79,0,79,2
2020-05-10,Nevada,057,99092,41,41,1,42,1
2020-05-10,Orange,059,3164182,5379,3627,26,3653,76
2020-05-10,Placer,061,380077,187,168,0,168,8
2020-05-10,Plumas,063,18699,4,4,0,4,0
2020-05-10,Riverside,065,2383286,5845,4951,9,4960,193
2020-05-10,Sacramento,067,1510023,1205,1152,0,1152,52
2020-05-10,San Benito,069,59416,57,52,0,52,2
2020-05-10,San Bernardino,071,2135413,3583,2910,3,2913,121
2020-05-10,San Diego,073,3302833,5897,4928,0,4928,175
2020-05-10,San Francisco,075,870044,2138,1953,0,1953,35
2020-05-10,San Joaquin,077,732212,691,611,3,614,29
2020-05-10,San Luis Obispo,079,281455,282,218,1,219,1
2020-05-10,San Mateo,081,765935,1769,1463,2,1465,65
2020-05-10,Santa Barbara,083,443738,1657,1323,3,1326,10
2020-05-10,Santa Clara,085,1922200,2733,2331,3,2334,129
2020-05-10,Santa Cruz,087,273765,160,139,0,139,2
2020-05-10,Shasta,089,179085,44,31,0,31,4
2020-05-10,Sierra,091,2930,0,0,0,0,0
2020-05-10,Siskiyou,093,43540,5,5,0,5,0
2020-05-10,Solano,095,438530,429,322,0,322,4
2020-05-10,Sonoma,097,501317,367,290,0,290,3
2020-05-10,Stanislaus,099,539301,578,498,4,502,14
2020-05-10,Sutter,101,95872,34,31,0,31,2
2020-05-10,Tehama,103,63373,3,1,0,1,1
2020-05-10,Trinity,105,12862,1,1,0,1,0
2020-05-10,Tulare,107,460477,1639,1143,2,1145,47
2020-05-10,Tuolumne,109,53932,3,2,0,2,0
2020-05-10,Ventura,111,848112,921,690,0,690,19
2020-05-10,Yolo,113,214977,189,173,0,173,20
2020-05-10,Yuba,115,75493,23,17,0,17,1
2020-05-09,Alameda,001,1643700,2415,2011,0,2011,71
2020-05-09,Alpine,003,1148,1,1,0,1,0
2020-05-09,Amador,005,37829,9,8,0,8,0
2020-05-09,Butte,007,227075,32,18,1,19,0
2020-05-09,Calaveras,009,45235,13,13,0,13,0
2020-05-09,Colusa,011,21464,3,3,0,3,0
2020-05-09,Contra Costa,013,1133247,1164,1039,0,1039,31
2020-05-09,Del Norte,015,27424,7,3,0,3,0
2020-05-09,El Dorado,017,186661,70,54,0,54,0
2020-05-09,Fresno,019,978130,1680,861,21,882,8
2020-05-09,Glenn,021,27897,9,6,0,6,0
2020-05-09,Humboldt,023,135768,71,55,0,55,0
2020-05-09,Imperial,025,180216,1029,474,0,474,7
2020-05-09,Inyo,027,18085,19,20,0,20,1
2020-05-09,Kern,029,883053,1609,1262,1,1263,15
2020-05-09,Kings,031,150075,385,264,1,265,1
2020-05-09,Lake,033,64148,12,7,0,7,0
2020-05-09,Lassen,035,31185,1,0,2,2,0
2020-05-09,Los Angeles,037,10098052,38892,31268,19,31287,1499
2020-05-09,Madera,039,155013,120,61,1,62,2
2020-05-09,Marin,041,260295,284,261,1,262,14
2020-05-09,Mariposa,043,17540,15,15,0,15,0
2020-05-09,Mendocino,045,87422,13,10,0,10,0
2020-05-09,Merced,047,269075,242,153,0,153,3
2020-05-09,Modoc,049,8938,0,0,0,0,0
2020-05-09,Mono,051,14174,35,27,0,27,1
2020-05-09,Monterey,053,433212,344,273,0,273,6
2020-05-09,Napa,055,140530,85,78,0,78,2
2020-05-09,Nevada,057,99092,41,41,1,42,1
2020-05-09,Orange,059,3164182,5297,3506,25,3531,75
2020-05-09,Placer,061,380077,186,168,0,168,8
2020-05-09,Plumas,063,18699,4,4,0,4,0
2020-05-09,Riverside,065,2383286,5751,4871,9,4880,183
2020-05-09,Sacramento,067,1510023,1201,1150,0,1150,52
2020-05-09,San Benito,069,59416,56,52,0,52,2
2020-05-09,San Bernardino,071,2135413,3527,2825,3,2828,121
2020-05-09,San Diego,073,3302833,5785,4778,0,4778,175
2020-05-09,San Francisco,075,870044,2123,1944,0,1944,34
2020-05-09,San Joaquin,077,732212,682,605,3,608,28
2020-05-09,San Luis Obispo,079,281455,278,213,1,214,1
2020-05-09,San Mateo,081,765935,1750,1453,2,1455,65
2020-05-09,Santa Barbara,083,443738,1644,1245,3,1248,10
2020-05-09,Santa Clara,085,1922200,2721,2317,3,2320,128
2020-05-09,Santa Cruz,087,273765,159,138,0,138,2
2020-05-09,Shasta,089,179085,44,31,0,31,4
2020-05-09,Sierra,091,2930,0,0,0,0,0
2020-05-09,Siskiyou,093,43540,5,5,0,5,0
2020-05-09,Solano,095,438530,423,321,0,321,4
2020-05-09,Sonoma,097,501317,363,288,0,288,3
2020-05-09,Stanislaus,099,539301,570,491,4,495,12
2020-05-09,Sutter,101,95872,34,31,0,31,2
2020-05-09,Tehama,103,63373,2,1,0,1,1
2020-05-09,Trinity,105,12862,1,1,0,1,0
2020-05-09,Tulare,107,460477,1611,1083,2,1085,47
2020-05-09,Tuolumne,109,53932,3,2,0,2,0
2020-05-09,Ventura,111,848112,900,679,0,679,19
2020-05-09,Yolo,113,214977,189,172,0,172,18
2020-05-09,Yuba,115,75493,23,17,0,17,1
2020-05-08,Alameda,001,1643700,2372,1955,0,1955,70
2020-05-08,Alpine,003,1148,1,1,0,1,0
2020-05-08,Amador,005,37829,9,8,0,8,0
2020-05-08,Butte,007,227075,32,18,1,19,0
2020-05-08,Calaveras,009,45235,13,13,0,13,0
2020-05-08,Colusa,011,21464,3,3,0,3,0
2020-05-08,Contra Costa,013,1133247,1152,1024,0,1024,29
2020-05-08,Del Norte,015,27424,7,3,0,3,0
2020-05-08,El Dorado,017,186661,69,54,0,54,0
2020-05-08,Fresno,019,978130,1643,838,20,858,8
2020-05-08,Glenn,021,27897,8,6,0,6,0
2020-05-08,Humboldt,023,135768,68,54,0,54,0
2020-05-08,Imperial,025,180216,983,467,0,467,7
2020-05-08,Inyo,027,18085,19,20,0,20,1
2020-05-08,Kern,029,883053,1578,1214,1,1215,13
2020-05-08,Kings,031,150075,376,236,1,237,1
2020-05-08,Lake,033,64148,12,7,0,7,0
2020-05-08,Lassen,035,31185,1,0,2,2,0
2020-05-08,Los Angeles,037,10098052,38161,30357,19,30376,1447
2020-05-08,Madera,039,155013,117,57,1,58,2
2020-05-08,Marin,041,260295,284,257,1,258,14
2020-05-08,Mariposa,043,17540,15,15,0,15,0
2020-05-08,Mendocino,045,87422,13,10,0,10,0
2020-05-08,Merced,047,269075,241,151,0,151,3
2020-05-08,Modoc,049,8938,0,0,0,0,0
2020-05-08,Mono,051,14174,32,27,0,27,1
2020-05-08,Monterey,053,433212,336,265,0,265,6
2020-05-08,Napa,055,140530,84,78,0,78,2
2020-05-08,Nevada,057,99092,41,41,1,42,1
2020-05-08,Orange,059,3164182,5153,3395,25,3420,72
2020-05-08,Placer,061,380077,184,166,0,166,8
2020-05-08,Plumas,063,18699,4,4,0,4,0
2020-05-08,Riverside,065,2383286,5653,4672,8,4680,181
2020-05-08,Sacramento,067,1510023,1196,1145,0,1145,51
2020-05-08,San Benito,069,59416,56,51,0,51,2
2020-05-08,San Bernardino,071,2135413,3479,2631,3,2634,119
2020-05-08,San Diego,073,3302833,5678,4664,0,4664,169
2020-05-08,San Francisco,075,870044,2105,1890,0,1890,33
2020-05-08,San Joaquin,077,732212,675,595,3,598,28
2020-05-08,San Luis Obispo,079,281455,275,210,1,211,1
2020-05-08,San Mateo,081,765935,1665,1423,2,1425,62
2020-05-08,Santa Barbara,083,443738,1631,1054,2,1056,8
2020-05-08,Santa Clara,085,1922200,2698,2285,3,2288,128
2020-05-08,Santa Cruz,087,273765,155,137,0,137,2
2020-05-08,Shasta,089,179085,44,31,0,31,4
2020-05-08,Sierra,091,2930,0,0,0,0,0
2020-05-08,Siskiyou,093,43540,5,5,0,5,0
2020-05-08,Solano,095,438530,418,314,0,314,4
2020-05-08,Sonoma,097,501317,358,285,0,285,3
2020-05-08,Stanislaus,099,539301,556,487,4,491,12
2020-05-08,Sutter,101,95872,34,30,0,30,2
2020-05-08,Tehama,103,63373,2,1,0,1,1
2020-05-08,Trinity,105,12862,1,0,0,0,0
2020-05-08,Tulare,107,460477,1566,1050,2,1052,43
2020-05-08,Tuolumne,109,53932,3,2,0,2,0
2020-05-08,Ventura,111,848112,883,665,0,665,19
2020-05-08,Yolo,113,214977,188,172,0,172,18
2020-05-08,Yuba,115,75493,22,16,0,16,1
2020-05-07,Alameda,001,1643700,2312,1914,0,1914,68
2020-05-07,Alpine,003,1148,1,1,0,1,0
2020-05-07,Amador,005,37829,9,8,0,8,0
2020-05-07,Butte,007,227075,32,19,1,20,0
2020-05-07,Calaveras,009,45235,13,13,0,13,0
2020-05-07,Colusa,011,21464,3,3,0,3,0
2020-05-07,Contra Costa,013,1133247,1138,1005,0,1005,29
2020-05-07,Del Norte,015,27424,6,3,0,3,0
2020-05-07,El Dorado,017,186661,68,54,0,54,0
2020-05-07,Fresno,019,978130,1563,812,19,831,8
2020-05-07,Glenn,021,27897,8,5,0,5,0
2020-05-07,Humboldt,023,135768,67,54,0,54,0
2020-05-07,Imperial,025,180216,920,442,0,442,6
2020-05-07,Inyo,027,18085,19,20,0,20,1
2020-05-07,Kern,029,883053,1534,1176,1,1177,13
2020-05-07,Kings,031,150075,354,219,1,220,1
2020-05-07,Lake,033,64148,11,7,0,7,0
2020-05-07,Lassen,035,31185,1,0,2,2,0
2020-05-07,Los Angeles,037,10098052,37039,29544,19,29563,1399
2020-05-07,Madera,039,155013,113,54,1,55,2
2020-05-07,Marin,041,260295,277,252,1,253,14
2020-05-07,Mariposa,043,17540,15,15,0,15,0
2020-05-07,Mendocino,045,87422,13,10,0,10,0
2020-05-07,Merced,047,269075,233,146,0,146,3
2020-05-07,Modoc,049,8938,0,0,0,0,0
2020-05-07,Mono,051,14174,32,26,0,26,1
2020-05-07,Monterey,053,433212,328,249,0,249,6
2020-05-07,Napa,055,140530,84,78,0,78,2
2020-05-07,Nevada,057,99092,41,41,1,42,1
2020-05-07,Orange,059,3164182,4970,3283,24,3307,69
2020-05-07,Placer,061,380077,184,165,0,165,8
2020-05-07,Plumas,063,18699,4,4,0,4,0
2020-05-07,Riverside,065,2383286,5537,4608,8,4616,170
2020-05-07,Sacramento,067,1510023,1190,1139,0,1139,50
2020-05-07,San Benito,069,59416,56,50,0,50,2
2020-05-07,San Bernardino,071,2135413,3387,2522,3,2525,115
2020-05-07,San Diego,073,3302833,5521,4431,0,4431,165
2020-05-07,San Francisco,075,870044,2074,1852,0,1852,33
2020-05-07,San Joaquin,077,732212,662,583,3,586,28
2020-05-07,San Luis Obispo,079,281455,264,209,1,210,1
2020-05-07,San Mateo,081,765935,1643,1398,2,1400,58
2020-05-07,Santa Barbara,083,443738,1599,720,2,722,8
2020-05-07,Santa Clara,085,1922200,2661,2281,3,2284,127
2020-05-07,Santa Cruz,087,273765,152,136,0,136,2
2020-05-07,Shasta,089,179085,43,31,0,31,4
2020-05-07,Sierra,091,2930,0,0,0,0,0
2020-05-07,Siskiyou,093,43540,5,5,0,5,0
2020-05-07,Solano,095,438530,412,307,0,307,4
2020-05-07,Sonoma,097,501317,346,282,0,282,3
2020-05-07,Stanislaus,099,539301,547,466,4,470,10
2020-05-07,Sutter,101,95872,34,29,0,29,2
2020-05-07,Tehama,103,63373,2,1,0,1,1
2020-05-07,Trinity,105,12862,1,0,0,0,0
2020-05-07,Tulare,107,460477,1500,1001,2,1003,41
2020-05-07,Tuolumne,109,53932,3,2,0,2,0
2020-05-07,Ventura,111,848112,861,647,0,647,19
2020-05-07,Yolo,113,214977,187,172,0,172,18
2020-05-07,Yuba,115,75493,22,16,0,16,1
2020-05-06,Alameda,001,1643700,2274,1864,0,1864,67
2020-05-06,Alpine,003,1148,1,1,0,1,0
2020-05-06,Amador,005,37829,9,8,0,8,0
2020-05-06,Butte,007,227075,31,19,1,20,0
2020-05-06,Calaveras,009,45235,13,13,0,13,0
2020-05-06,Colusa,011,21464,3,3,0,3,0
2020-05-06,Contra Costa,013,1133247,1117,990,0,990,29
2020-05-06,Del Norte,015,27424,6,3,0,3,0
2020-05-06,El Dorado,017,186661,66,53,0,53,0
2020-05-06,Fresno,019,978130,1502,773,17,790,8
2020-05-06,Glenn,021,27897,8,3,0,3,0
2020-05-06,Humboldt,023,135768,66,54,0,54,0
2020-05-06,Imperial,025,180216,852,399,0,399,6
2020-05-06,Inyo,027,18085,19,20,0,20,1
2020-05-06,Kern,029,883053,1479,1112,1,1113,12
2020-05-06,Kings,031,150075,336,208,1,209,1
2020-05-06,Lake,033,64148,11,7,0,7,0
2020-05-06,Lassen,035,31185,1,0,2,2,0
2020-05-06,Los Angeles,037,10098052,36034,28687,19,28706,1347
2020-05-06,Madera,039,155013,111,55,1,56,2
2020-05-06,Marin,041,260295,270,244,1,245,14
2020-05-06,Mariposa,043,17540,15,14,0,14,0
2020-05-06,Mendocino,045,87422,13,10,0,10,0
2020-05-06,Merced,047,269075,226,140,0,140,3
2020-05-06,Modoc,049,8938,0,0,0,0,0
2020-05-06,Mono,051,14174,32,26,0,26,1
2020-05-06,Monterey,053,433212,320,246,0,246,6
2020-05-06,Napa,055,140530,83,78,0,78,2
2020-05-06,Nevada,057,99092,41,41,1,42,1
2020-05-06,Orange,059,3164182,4787,3156,23,3179,66
2020-05-06,Placer,061,380077,181,164,0,164,8
2020-05-06,Plumas,063,18699,4,4,0,4,0
2020-05-06,Riverside,065,2383286,5393,4535,8,4543,163
2020-05-06,Sacramento,067,1510023,1184,1135,0,1135,49
2020-05-06,San Benito,069,59416,55,50,0,50,2
2020-05-06,San Bernardino,071,2135413,3265,2426,2,2428,110
2020-05-06,San Diego,073,3302833,5388,4321,0,4321,158
2020-05-06,San Francisco,075,870044,2049,1804,0,1804,32
2020-05-06,San Joaquin,077,732212,649,581,3,584,28
2020-05-06,San Luis Obispo,079,281455,261,207,1,208,1
2020-05-06,San Mateo,081,765935,1612,1348,2,1350,57
2020-05-06,Santa Barbara,083,443738,1551,565,2,567,8
2020-05-06,Santa Clara,085,1922200,2645,2270,3,2273,127
2020-05-06,Santa Cruz,087,273765,148,135,0,135,2
2020-05-06,Shasta,089,179085,43,31,0,31,4
2020-05-06,Sierra,091,2930,0,0,0,0,0
2020-05-06,Siskiyou,093,43540,5,5,0,5,0
2020-05-06,Solano,095,438530,402,300,0,300,4
2020-05-06,Sonoma,097,501317,330,269,0,269,3
2020-05-06,Stanislaus,099,539301,531,434,4,438,9
2020-05-06,Sutter,101,95872,34,29,0,29,2
2020-05-06,Tehama,103,63373,2,1,0,1,1
2020-05-06,Trinity,105,12862,1,0,0,0,0
2020-05-06,Tulare,107,460477,1452,963,2,965,40
2020-05-06,Tuolumne,109,53932,3,2,0,2,0
2020-05-06,Ventura,111,848112,836,619,0,619,19
2020-05-06,Yolo,113,214977,186,172,0,172,18
2020-05-06,Yuba,115,75493,22,15,0,15,1
2020-05-05,Alameda,001,1643700,2231,1819,0,1819,67
2020-05-05,Alpine,003,1148,1,1,0,1,0
2020-05-05,Amador,005,37829,9,8,0,8,0
2020-05-05,Butte,007,227075,30,19,1,20,0
2020-05-05,Calaveras,009,45235,13,13,0,13,0
2020-05-05,Colusa,011,21464,3,3,0,3,0
2020-05-05,Contra Costa,013,1133247,1099,976,0,976,29
2020-05-05,Del Norte,015,27424,6,3,0,3,0
2020-05-05,El Dorado,017,186661,64,54,0,54,0
2020-05-05,Fresno,019,978130,1428,726,15,741,8
2020-05-05,Glenn,021,27897,8,3,0,3,0
2020-05-05,Humboldt,023,135768,63,54,0,54,0
2020-05-05,Imperial,025,180216,797,389,0,389,6
2020-05-05,Inyo,027,18085,19,20,0,20,1
2020-05-05,Kern,029,883053,1428,1084,1,1085,11
2020-05-05,Kings,031,150075,320,187,1,188,1
2020-05-05,Lake,033,64148,10,7,0,7,0
2020-05-05,Lassen,035,31185,1,0,2,2,0
2020-05-05,Los Angeles,037,10098052,34964,27867,19,27886,1289
2020-05-05,Madera,039,155013,108,53,1,54,2
2020-05-05,Marin,041,260295,264,244,1,245,14
2020-05-05,Mariposa,043,17540,15,14,0,14,0
2020-05-05,Mendocino,045,87422,13,10,0,10,0
2020-05-05,Merced,047,269075,221,141,0,141,3
2020-05-05,Modoc,049,8938,0,0,0,0,0
2020-05-05,Mono,051,14174,32,25,0,25,1
2020-05-05,Monterey,053,433212,306,240,0,240,6
2020-05-05,Napa,055,140530,83,74,0,74,2
2020-05-05,Nevada,057,99092,41,41,1,42,1
2020-05-05,Orange,059,3164182,4665,3041,23,3064,63
2020-05-05,Placer,061,380077,181,162,0,162,8
2020-05-05,Plumas,063,18699,4,4,0,4,0
2020-05-05,Riverside,065,2383286,5283,4309,8,4317,161
2020-05-05,Sacramento,067,1510023,1177,1125,0,1125,48
2020-05-05,San Benito,069,59416,54,50,0,50,2
2020-05-05,San Bernardino,071,2135413,3172,2345,2,2347,104
2020-05-05,San Diego,073,3302833,5245,4162,0,4162,150
2020-05-05,San Francisco,075,870044,2014,1779,0,1779,31
2020-05-05,San Joaquin,077,732212,640,577,3,580,26
2020-05-05,San Luis Obispo,079,281455,260,203,1,204,1
2020-05-05,San Mateo,081,765935,1580,1335,2,1337,56
2020-05-05,Santa Barbara,083,443738,1325,541,2,543,7
2020-05-05,Santa Clara,085,1922200,2601,2249,3,2252,124
2020-05-05,Santa Cruz,087,273765,144,134,0,134,2
2020-05-05,Shasta,089,179085,42,31,0,31,4
2020-05-05,Sierra,091,2930,0,0,0,0,0
2020-05-05,Siskiyou,093,43540,5,5,0,5,0
2020-05-05,Solano,095,438530,386,299,0,299,4
2020-05-05,Sonoma,097,501317,327,263,0,263,3
2020-05-05,Stanislaus,099,539301,519,430,4,434,9
2020-05-05,Sutter,101,95872,34,29,0,29,2
2020-05-05,Tehama,103,63373,2,1,0,1,1
2020-05-05,Trinity,105,12862,1,0,0,0,0
2020-05-05,Tulare,107,460477,1363,869,2,871,40
2020-05-05,Tuolumne,109,53932,3,2,0,2,0
2020-05-05,Ventura,111,848112,813,607,0,607,19
2020-05-05,Yolo,113,214977,184,171,0,171,18
2020-05-05,Yuba,115,75493,22,15,0,15,1
2020-05-04,Alameda,001,1643700,2172,1762,0,1762,65
2020-05-04,Alpine,003,1148,1,1,0,1,0
2020-05-04,Amador,005,37829,8,8,0,8,0
2020-05-04,Butte,007,227075,29,16,1,17,0
2020-05-04,Calaveras,009,45235,13,13,0,13,0
2020-05-04,Colusa,011,21464,3,3,0,3,0
2020-05-04,Contra Costa,013,1133247,1081,949,0,949,28
2020-05-04,Del Norte,015,27424,5,3,0,3,0
2020-05-04,El Dorado,017,186661,63,51,0,51,0
2020-05-04,Fresno,019,978130,1360,680,14,694,8
2020-05-04,Glenn,021,27897,8,4,0,4,0
2020-05-04,Humboldt,023,135768,61,54,0,54,0
2020-05-04,Imperial,025,180216,744,351,0,351,6
2020-05-04,Inyo,027,18085,19,20,0,20,1
2020-05-04,Kern,029,883053,1387,1047,1,1048,8
2020-05-04,Kings,031,150075,303,153,1,154,1
2020-05-04,Lake,033,64148,9,7,0,7,0
2020-05-04,Lassen,035,31185,1,0,2,2,0
2020-05-04,Los Angeles,037,10098052,33662,26243,18,26261,1235
2020-05-04,Madera,039,155013,107,52,1,53,2
2020-05-04,Marin,041,260295,259,244,1,245,13
2020-05-04,Mariposa,043,17540,15,13,0,13,0
2020-05-04,Mendocino,045,87422,13,10,0,10,0
2020-05-04,Merced,047,269075,221,138,0,138,3
2020-05-04,Modoc,049,8938,0,0,0,0,0
2020-05-04,Mono,051,14174,32,25,0,25,1
2020-05-04,Monterey,053,433212,295,237,0,237,6
2020-05-04,Napa,055,140530,83,72,0,72,2
2020-05-04,Nevada,057,99092,41,41,1,42,1
2020-05-04,Orange,059,3164182,4526,2931,21,2952,57
2020-05-04,Placer,061,380077,179,162,0,162,8
2020-05-04,Plumas,063,18699,4,4,0,4,0
2020-05-04,Riverside,065,2383286,5190,4221,8,4229,147
2020-05-04,Sacramento,067,1510023,1167,1119,0,1119,44
2020-05-04,San Benito,069,59416,52,49,0,49,2
2020-05-04,San Bernardino,071,2135413,3030,2184,2,2186,99
2020-05-04,San Diego,073,3302833,5104,4022,0,4022,144
2020-05-04,San Francisco,075,870044,1976,1760,0,1760,31
2020-05-04,San Joaquin,077,732212,626,574,3,577,26
2020-05-04,San Luis Obispo,079,281455,257,202,1,203,1
2020-05-04,San Mateo,081,765935,1555,1313,2,1315,53
2020-05-04,Santa Barbara,083,443738,1067,524,2,526,7
2020-05-04,Santa Clara,085,1922200,2588,2238,3,2241,119
2020-05-04,Santa Cruz,087,273765,143,133,0,133,2
2020-05-04,Shasta,089,179085,40,31,0,31,4
2020-05-04,Sierra,091,2930,0,0,0,0,0
2020-05-04,Siskiyou,093,43540,5,5,0,5,0
2020-05-04,Solano,095,438530,372,293,0,293,4
2020-05-04,Sonoma,097,501317,313,256,0,256,4
2020-05-04,Stanislaus,099,539301,513,422,4,426,8
2020-05-04,Sutter,101,95872,31,28,0,28,2
2020-05-04,Tehama,103,63373,2,1,0,1,1
2020-05-04,Trinity,105,12862,0,0,0,0,0
2020-05-04,Tulare,107,460477,1286,760,2,762,40
2020-05-04,Tuolumne,109,53932,3,3,0,3,0
2020-05-04,Ventura,111,848112,793,590,0,590,19
2020-05-04,Yolo,113,214977,183,171,0,171,18
2020-05-04,Yuba,115,75493,19,16,0,16,1
2020-05-03,Alameda,001,1643700,2116,1731,0,1731,64
2020-05-03,Alpine,003,1148,1,1,0,1,0
2020-05-03,Amador,005,37829,8,8,0,8,0
2020-05-03,Butte,007,227075,29,17,1,18,0
2020-05-03,Calaveras,009,45235,13,13,0,13,0
2020-05-03,Colusa,011,21464,3,3,0,3,0
2020-05-03,Contra Costa,013,1133247,1065,945,0,945,28
2020-05-03,Del Norte,015,27424,5,3,0,3,0
2020-05-03,El Dorado,017,186661,61,49,0,49,0
2020-05-03,Fresno,019,978130,1268,646,12,658,8
2020-05-03,Glenn,021,27897,7,5,0,5,0
2020-05-03,Humboldt,023,135768,60,54,0,54,0
2020-05-03,Imperial,025,180216,687,351,0,351,6
2020-05-03,Inyo,027,18085,19,20,0,20,1
2020-05-03,Kern,029,883053,1332,1025,1,1026,8
2020-05-03,Kings,031,150075,283,137,1,138,1
2020-05-03,Lake,033,64148,9,7,0,7,0
2020-05-03,Lassen,035,31185,1,0,2,2,0
2020-05-03,Los Angeles,037,10098052,32679,25708,18,25726,1210
2020-05-03,Madera,039,155013,100,46,1,47,2
2020-05-03,Marin,041,260295,254,243,1,244,13
2020-05-03,Mariposa,043,17540,15,13,0,13,0
2020-05-03,Mendocino,045,87422,13,10,0,10,0
2020-05-03,Merced,047,269075,213,134,0,134,3
2020-05-03,Modoc,049,8938,0,0,0,0,0
2020-05-03,Mono,051,14174,32,25,0,25,1
2020-05-03,Monterey,053,433212,286,235,0,235,6
2020-05-03,Napa,055,140530,83,72,0,72,2
2020-05-03,Nevada,057,99092,41,41,1,42,1
2020-05-03,Orange,059,3164182,4353,2859,20,2879,55
2020-05-03,Placer,061,380077,179,161,0,161,8
2020-05-03,Plumas,063,18699,4,4,0,4,0
2020-05-03,Riverside,065,2383286,5085,4034,8,4042,139
2020-05-03,Sacramento,067,1510023,1158,1109,0,1109,43
2020-05-03,San Benito,069,59416,52,49,0,49,2
2020-05-03,San Bernardino,071,2135413,2969,2123,2,2125,99
2020-05-03,San Diego,073,3302833,4967,3929,0,3929,142
2020-05-03,San Francisco,075,870044,1948,1692,0,1692,30
2020-05-03,San Joaquin,077,732212,619,570,3,573,26
2020-05-03,San Luis Obispo,079,281455,254,200,1,201,1
2020-05-03,San Mateo,081,765935,1527,1277,2,1279,53
2020-05-03,Santa Barbara,083,443738,699,512,2,514,7
2020-05-03,Santa Clara,085,1922200,2561,2235,3,2238,116
2020-05-03,Santa Cruz,087,273765,143,133,0,133,2
2020-05-03,Shasta,089,179085,38,31,0,31,4
2020-05-03,Sierra,091,2930,0,0,0,0,0
2020-05-03,Siskiyou,093,43540,5,5,0,5,0
2020-05-03,Solano,095,438530,362,266,0,266,4
2020-05-03,Sonoma,097,501317,304,254,0,254,4
2020-05-03,Stanislaus,099,539301,485,411,4,415,8
2020-05-03,Sutter,101,95872,30,28,0,28,2
2020-05-03,Tehama,103,63373,2,1,0,1,1
2020-05-03,Trinity,105,12862,0,0,0,0,0
2020-05-03,Tulare,107,460477,1208,736,2,738,40
2020-05-03,Tuolumne,109,53932,3,3,0,3,0
2020-05-03,Ventura,111,848112,762,583,0,583,19
2020-05-03,Yolo,113,214977,182,171,0,171,18
2020-05-03,Yuba,115,75493,19,16,0,16,1
2020-05-02,Alameda,001,1643700,2079,1678,0,1678,63
2020-05-02,Alpine,003,1148,1,1,0,1,0
2020-05-02,Amador,005,37829,8,8,0,8,0
2020-05-02,Butte,007,227075,29,17,1,18,0
2020-05-02,Calaveras,009,45235,13,13,0,13,0
2020-05-02,Colusa,011,21464,3,3,0,3,0
2020-05-02,Contra Costa,013,1133247,1048,929,0,929,28
2020-05-02,Del Norte,015,27424,5,3,0,3,0
2020-05-02,El Dorado,017,186661,61,47,0,47,0
2020-05-02,Fresno,019,978130,1244,629,11,640,8
2020-05-02,Glenn,021,27897,7,5,0,5,0
2020-05-02,Humboldt,023,135768,60,54,0,54,0
2020-05-02,Imperial,025,180216,660,345,0,345,6
2020-05-02,Inyo,027,18085,19,20,0,20,1
2020-05-02,Kern,029,883053,1306,1007,1,1008,8
2020-05-02,Kings,031,150075,280,120,1,121,1
2020-05-02,Lake,033,64148,9,7,0,7,0
2020-05-02,Lassen,035,31185,1,0,2,2,0
2020-05-02,Los Angeles,037,10098052,32151,24955,18,24973,1192
2020-05-02,Madera,039,155013,100,46,1,47,2
2020-05-02,Marin,041,260295,253,243,1,244,13
2020-05-02,Mariposa,043,17540,15,13,0,13,0
2020-05-02,Mendocino,045,87422,13,10,0,10,0
2020-05-02,Merced,047,269075,210,131,0,131,3
2020-05-02,Modoc,049,8938,0,0,0,0,0
2020-05-02,Mono,051,14174,32,25,0,25,1
2020-05-02,Monterey,053,433212,280,225,0,225,5
2020-05-02,Napa,055,140530,83,71,0,71,2
2020-05-02,Nevada,057,99092,41,41,1,42,1
2020-05-02,Orange,059,3164182,4239,2774,20,2794,52
2020-05-02,Placer,061,380077,177,150,0,150,8
2020-05-02,Plumas,063,18699,4,4,0,4,0
2020-05-02,Riverside,065,2383286,5019,3997,8,4005,137
2020-05-02,Sacramento,067,1510023,1155,1097,0,1097,43
2020-05-02,San Benito,069,59416,52,49,0,49,2
2020-05-02,San Bernardino,071,2135413,2930,2124,2,2126,99
2020-05-02,San Diego,073,3302833,4865,3844,0,3844,138
2020-05-02,San Francisco,075,870044,1925,1632,0,1632,29
2020-05-02,San Joaquin,077,732212,611,559,3,562,25
2020-05-02,San Luis Obispo,079,281455,248,193,1,194,1
2020-05-02,San Mateo,081,765935,1511,1272,2,1274,52
2020-05-02,Santa Barbara,083,443738,686,506,2,508,7
2020-05-02,Santa Clara,085,1922200,2551,2203,3,2206,115
2020-05-02,Santa Cruz,087,273765,142,131,0,131,2
2020-05-02,Shasta,089,179085,38,31,0,31,4
2020-05-02,Sierra,091,2930,0,0,0,0,0
2020-05-02,Siskiyou,093,43540,5,5,0,5,0
2020-05-02,Solano,095,438530,355,267,0,267,4
2020-05-02,Sonoma,097,501317,301,250,0,250,3
2020-05-02,Stanislaus,099,539301,477,388,4,392,8
2020-05-02,Sutter,101,95872,30,28,0,28,2
2020-05-02,Tehama,103,63373,2,1,0,1,1
2020-05-02,Trinity,105,12862,0,0,0,0,0
2020-05-02,Tulare,107,460477,1167,711,2,713,35
2020-05-02,Tuolumne,109,53932,3,3,0,3,0
2020-05-02,Ventura,111,848112,748,564,0,564,19
2020-05-02,Yolo,113,214977,182,169,0,169,17
2020-05-02,Yuba,115,75493,19,16,0,16,1
2020-05-01,Alameda,001,1643700,2041,1630,0,1630,63
2020-05-01,Alpine,003,1148,1,1,0,1,0
2020-05-01,Amador,005,37829,8,8,0,8,0
2020-05-01,Butte,007,227075,29,17,1,18,0
2020-05-01,Calaveras,009,45235,13,13,0,13,0
2020-05-01,Colusa,011,21464,3,3,0,3,0
2020-05-01,Contra Costa,013,1133247,1034,915,0,915,28
2020-05-01,Del Norte,015,27424,5,3,0,3,0
2020-05-01,El Dorado,017,186661,61,47,0,47,0
2020-05-01,Fresno,019,978130,1213,617,11,628,7
2020-05-01,Glenn,021,27897,7,4,0,4,0
2020-05-01,Humboldt,023,135768,60,54,0,54,0
2020-05-01,Imperial,025,180216,623,337,0,337,6
2020-05-01,Inyo,027,18085,19,20,0,20,1
2020-05-01,Kern,029,883053,1279,972,1,973,8
2020-05-01,Kings,031,150075,263,112,1,113,1
2020-05-01,Lake,033,64148,9,6,0,6,0
2020-05-01,Lassen,035,31185,1,0,2,2,0
2020-05-01,Los Angeles,037,10098052,31396,24306,18,24324,1155
2020-05-01,Madera,039,155013,96,46,1,47,2
2020-05-01,Marin,041,260295,253,242,1,243,13
2020-05-01,Mariposa,043,17540,15,10,0,10,0
2020-05-01,Mendocino,045,87422,13,11,0,11,0
2020-05-01,Merced,047,269075,207,131,0,131,3
2020-05-01,Modoc,049,8938,0,0,0,0,0
2020-05-01,Mono,051,14174,32,25,0,25,1
2020-05-01,Monterey,053,433212,276,222,0,222,5
2020-05-01,Napa,055,140530,83,69,0,69,2
2020-05-01,Nevada,057,99092,41,41,1,42,1
2020-05-01,Orange,059,3164182,4160,2660,19,2679,51
2020-05-01,Placer,061,380077,176,149,0,149,8
2020-05-01,Plumas,063,18699,4,4,0,4,0
2020-05-01,Riverside,065,2383286,4955,3893,8,3901,132
2020-05-01,Sacramento,067,1510023,1150,1081,0,1081,43
2020-05-01,San Benito,069,59416,52,49,0,49,2
2020-05-01,San Bernardino,071,2135413,2875,2084,2,2086,98
2020-05-01,San Diego,073,3302833,4775,3713,0,3713,134
2020-05-01,San Francisco,075,870044,1881,1552,0,1552,29
2020-05-01,San Joaquin,077,732212,607,554,3,557,25
2020-05-01,San Luis Obispo,079,281455,245,186,1,187,1
2020-05-01,San Mateo,081,765935,1489,1222,2,1224,52
2020-05-01,Santa Barbara,083,443738,677,499,2,501,7
2020-05-01,Santa Clara,085,1922200,2541,2176,3,2179,112
2020-05-01,Santa Cruz,087,273765,142,127,0,127,2
2020-05-01,Shasta,089,179085,38,31,0,31,4
2020-05-01,Sierra,091,2930,0,0,0,0,0
2020-05-01,Siskiyou,093,43540,5,5,0,5,0
2020-05-01,Solano,095,438530,347,266,0,266,4
2020-05-01,Sonoma,097,501317,298,242,0,242,3
2020-05-01,Stanislaus,099,539301,472,384,4,388,8
2020-05-01,Sutter,101,95872,30,28,0,28,2
2020-05-01,Tehama,103,63373,2,1,0,1,1
2020-05-01,Trinity,105,12862,0,0,0,0,0
2020-05-01,Tulare,107,460477,1123,685,2,687,32
2020-05-01,Tuolumne,109,53932,3,3,0,3,0
2020-05-01,Ventura,111,848112,735,556,0,556,18
2020-05-01,Yolo,113,214977,182,165,0,165,18
2020-05-01,Yuba,115,75493,19,16,0,16,1
2020-04-30,Alameda,001,1643700,1981,1599,0,1599,60
2020-04-30,Alpine,003,1148,1,1,0,1,0
2020-04-30,Amador,005,37829,8,8,0,8,0
2020-04-30,Butte,007,227075,28,16,1,17,0
2020-04-30,Calaveras,009,45235,13,13,0,13,0
2020-04-30,Colusa,011,21464,3,3,0,3,0
2020-04-30,Contra Costa,013,1133247,1012,900,0,900,25
2020-04-30,Del Norte,015,27424,4,3,0,3,0
2020-04-30,El Dorado,017,186661,61,44,0,44,0
2020-04-30,Fresno,019,978130,1148,562,8,570,7
2020-04-30,Glenn,021,27897,7,4,0,4,0
2020-04-30,Humboldt,023,135768,60,54,0,54,0
2020-04-30,Imperial,025,180216,577,322,0,322,6
2020-04-30,Inyo,027,18085,19,20,0,20,1
2020-04-30,Kern,029,883053,1247,941,1,942,8
2020-04-30,Kings,031,150075,251,87,1,88,1
2020-04-30,Lake,033,64148,9,6,0,6,0
2020-04-30,Lassen,035,31185,1,0,2,2,0
2020-04-30,Los Angeles,037,10098052,30389,23284,18,23302,1099
2020-04-30,Madera,039,155013,85,46,1,47,2
2020-04-30,Marin,041,260295,253,240,1,241,13
2020-04-30,Mariposa,043,17540,15,3,0,3,0
2020-04-30,Mendocino,045,87422,13,11,0,11,0
2020-04-30,Merced,047,269075,200,122,0,122,3
2020-04-30,Modoc,049,8938,0,0,0,0,0
2020-04-30,Mono,051,14174,31,25,0,25,1
2020-04-30,Monterey,053,433212,266,213,0,213,5
2020-04-30,Napa,055,140530,81,69,0,69,2
2020-04-30,Nevada,057,99092,41,41,1,42,1
2020-04-30,Orange,059,3164182,3944,2591,17,2608,46
2020-04-30,Placer,061,380077,175,148,0,148,8
2020-04-30,Plumas,063,18699,4,4,0,4,0
2020-04-30,Riverside,065,2383286,4855,3820,7,3827,124
2020-04-30,Sacramento,067,1510023,1144,1071,0,1071,43
2020-04-30,San Benito,069,59416,52,48,0,48,2
2020-04-30,San Bernardino,071,2135413,2674,2020,2,2022,96
2020-04-30,San Diego,073,3302833,4604,3566,0,3566,124
2020-04-30,San Francisco,075,870044,1847,1518,0,1518,26
2020-04-30,San Joaquin,077,732212,600,548,3,551,25
2020-04-30,San Luis Obispo,079,281455,242,182,1,183,1
2020-04-30,San Mateo,081,765935,1459,1194,2,1196,52
2020-04-30,Santa Barbara,083,443738,658,490,2,492,7
2020-04-30,Santa Clara,085,1922200,2504,2172,3,2175,111
2020-04-30,Santa Cruz,087,273765,141,126,0,126,2
2020-04-30,Shasta,089,179085,37,31,0,31,4
2020-04-30,Sierra,091,2930,0,0,0,0,0
2020-04-30,Siskiyou,093,43540,5,5,0,5,0
2020-04-30,Solano,095,438530,337,262,0,262,4
2020-04-30,Sonoma,097,501317,289,233,0,233,3
2020-04-30,Stanislaus,099,539301,465,378,4,382,7
2020-04-30,Sutter,101,95872,30,28,0,28,2
2020-04-30,Tehama,103,63373,1,1,0,1,1
2020-04-30,Trinity,105,12862,0,0,0,0,0
2020-04-30,Tulare,107,460477,1060,637,2,639,31
2020-04-30,Tuolumne,109,53932,3,3,0,3,0
2020-04-30,Ventura,111,848112,707,547,0,547,18
2020-04-30,Yolo,113,214977,181,164,0,164,16
2020-04-30,Yuba,115,75493,19,15,0,15,1
2020-04-29,Alameda,001,1643700,1923,1564,0,1564,60
2020-04-29,Alpine,003,1148,1,1,0,1,0
2020-04-29,Amador,005,37829,8,8,0,8,0
2020-04-29,Butte,007,227075,28,16,1,17,0
2020-04-29,Calaveras,009,45235,13,13,0,13,0
2020-04-29,Colusa,011,21464,3,3,0,3,0
2020-04-29,Contra Costa,013,1133247,993,885,0,885,25
2020-04-29,Del Norte,015,27424,4,3,0,3,0
2020-04-29,El Dorado,017,186661,59,44,0,44,0
2020-04-29,Fresno,019,978130,1096,544,8,552,7
2020-04-29,Glenn,021,27897,7,4,0,4,0
2020-04-29,Humboldt,023,135768,60,53,0,53,0
2020-04-29,Imperial,025,180216,548,300,0,300,6
2020-04-29,Inyo,027,18085,19,20,0,20,1
2020-04-29,Kern,029,883053,1204,910,1,911,6
2020-04-29,Kings,031,150075,232,80,1,81,1
2020-04-29,Lake,033,64148,9,6,0,6,0
2020-04-29,Lassen,035,31185,1,0,2,2,0
2020-04-29,Los Angeles,037,10098052,29411,22560,18,22578,1043
2020-04-29,Madera,039,155013,84,45,1,46,2
2020-04-29,Marin,041,260295,250,234,1,235,13
2020-04-29,Mariposa,043,17540,15,1,0,1,0
2020-04-29,Mendocino,045,87422,13,11,0,11,0
2020-04-29,Merced,047,269075,193,116,0,116,3
2020-04-29,Modoc,049,8938,0,0,0,0,0
2020-04-29,Mono,051,14174,31,25,0,25,1
2020-04-29,Monterey,053,433212,258,204,0,204,5
2020-04-29,Napa,055,140530,79,68,0,68,2
2020-04-29,Nevada,057,99092,41,41,1,42,1
2020-04-29,Orange,059,3164182,3812,2421,16,2437,43
2020-04-29,Placer,061,380077,173,145,0,145,8
2020-04-29,Plumas,063,18699,4,4,0,4,0
2020-04-29,Riverside,065,2383286,4779,3700,7,3707,116
2020-04-29,Sacramento,067,1510023,1122,1055,0,1055,41
2020-04-29,San Benito,069,59416,52,48,0,48,2
2020-04-29,San Bernardino,071,2135413,2587,1975,1,1976,91
2020-04-29,San Diego,073,3302833,4463,3434,0,3434,120
2020-04-29,San Francisco,075,870044,1819,1489,0,1489,23
2020-04-29,San Joaquin,077,732212,592,540,3,543,25
2020-04-29,San Luis Obispo,079,281455,240,181,1,182,1
2020-04-29,San Mateo,081,765935,1433,1170,2,1172,50
2020-04-29,Santa Barbara,083,443738,644,477,2,479,7
2020-04-29,Santa Clara,085,1922200,2483,2147,3,2150,108
2020-04-29,Santa Cruz,087,273765,140,124,0,124,2
2020-04-29,Shasta,089,179085,37,31,0,31,4
2020-04-29,Sierra,091,2930,0,0,0,0,0
2020-04-29,Siskiyou,093,43540,5,5,0,5,0
2020-04-29,Solano,095,438530,314,252,0,252,3
2020-04-29,Sonoma,097,501317,281,230,0,230,2
2020-04-29,Stanislaus,099,539301,452,374,4,378,5
2020-04-29,Sutter,101,95872,30,28,0,28,2
2020-04-29,Tehama,103,63373,1,1,0,1,1
2020-04-29,Trinity,105,12862,0,0,0,0,0
2020-04-29,Tulare,107,460477,990,615,2,617,30
2020-04-29,Tuolumne,109,53932,3,4,0,4,0
2020-04-29,Ventura,111,848112,684,530,0,530,18
2020-04-29,Yolo,113,214977,178,161,0,161,11
2020-04-29,Yuba,115,75493,19,15,0,15,1
2020-04-28,Alameda,001,1643700,1866,1525,0,1525,55
2020-04-28,Alpine,003,1148,1,1,0,1,0
2020-04-28,Amador,005,37829,8,8,0,8,0
2020-04-28,Butte,007,227075,28,16,1,17,0
2020-04-28,Calaveras,009,45235,13,13,0,13,0
2020-04-28,Colusa,011,21464,3,3,0,3,0
2020-04-28,Contra Costa,013,1133247,986,866,0,866,25
2020-04-28,Del Norte,015,27424,4,3,0,3,0
2020-04-28,El Dorado,017,186661,58,43,0,43,0
2020-04-28,Fresno,019,978130,1045,525,7,532,7
2020-04-28,Glenn,021,27897,5,4,0,4,0
2020-04-28,Humboldt,023,135768,59,53,0,53,0
2020-04-28,Imperial,025,180216,514,295,0,295,6
2020-04-28,Inyo,027,18085,19,20,0,20,1
2020-04-28,Kern,029,883053,1161,882,1,883,5
2020-04-28,Kings,031,150075,219,57,1,58,1
2020-04-28,Lake,033,64148,9,6,0,6,0
2020-04-28,Lassen,035,31185,1,0,2,2,0
2020-04-28,Los Angeles,037,10098052,28345,21029,18,21047,984
2020-04-28,Madera,039,155013,84,44,1,45,2
2020-04-28,Marin,041,260295,249,228,1,229,12
2020-04-28,Mariposa,043,17540,15,0,0,0,0
2020-04-28,Mendocino,045,87422,13,10,0,10,0
2020-04-28,Merced,047,269075,186,108,0,108,3
2020-04-28,Modoc,049,8938,0,0,0,0,0
2020-04-28,Mono,051,14174,31,25,0,25,1
2020-04-28,Monterey,053,433212,252,191,0,191,5
2020-04-28,Napa,055,140530,78,67,0,67,2
2020-04-28,Nevada,057,99092,41,41,1,42,1
2020-04-28,Orange,059,3164182,3646,2324,15,2339,42
2020-04-28,Placer,061,380077,163,143,0,143,8
2020-04-28,Plumas,063,18699,4,4,0,4,0
2020-04-28,Riverside,065,2383286,4685,3504,7,3511,113
2020-04-28,Sacramento,067,1510023,1107,1044,0,1044,41
2020-04-28,San Benito,069,59416,51,46,0,46,2
2020-04-28,San Bernardino,071,2135413,2510,1891,1,1892,89
2020-04-28,San Diego,073,3302833,4333,3316,0,3316,118
2020-04-28,San Francisco,075,870044,1784,1471,0,1471,23
2020-04-28,San Joaquin,077,732212,586,532,3,535,25
2020-04-28,San Luis Obispo,079,281455,234,172,1,173,1
2020-04-28,San Mateo,081,765935,1420,1129,2,1131,48
2020-04-28,Santa Barbara,083,443738,637,469,2,471,7
2020-04-28,Santa Clara,085,1922200,2452,2130,3,2133,106
2020-04-28,Santa Cruz,087,273765,140,123,0,123,2
2020-04-28,Shasta,089,179085,37,29,0,29,4
2020-04-28,Sierra,091,2930,0,0,0,0,0
2020-04-28,Siskiyou,093,43540,5,5,0,5,0
2020-04-28,Solano,095,438530,295,246,0,246,3
2020-04-28,Sonoma,097,501317,278,226,0,226,1
2020-04-28,Stanislaus,099,539301,436,330,4,334,5
2020-04-28,Sutter,101,95872,30,25,0,25,2
2020-04-28,Tehama,103,63373,1,1,0,1,1
2020-04-28,Trinity,105,12862,0,0,0,0,0
2020-04-28,Tulare,107,460477,896,579,2,581,30
2020-04-28,Tuolumne,109,53932,3,4,0,4,0
2020-04-28,Ventura,111,848112,666,517,0,517,17
2020-04-28,Yolo,113,214977,178,160,0,160,10
2020-04-28,Yuba,115,75493,19,15,0,15,1
2020-04-27,Alameda,001,1643700,1806,1494,0,1494,53
2020-04-27,Alpine,003,1148,1,1,0,1,0
2020-04-27,Amador,005,37829,8,8,0,8,0
2020-04-27,Butte,007,227075,27,16,1,17,0
2020-04-27,Calaveras,009,45235,13,13,0,13,0
2020-04-27,Colusa,011,21464,3,3,0,3,0
2020-04-27,Contra Costa,013,1133247,974,843,0,843,25
2020-04-27,Del Norte,015,27424,4,3,0,3,0
2020-04-27,El Dorado,017,186661,57,43,0,43,0
2020-04-27,Fresno,019,978130,942,504,6,510,7
2020-04-27,Glenn,021,27897,5,4,0,4,0
2020-04-27,Humboldt,023,135768,59,52,0,52,0
2020-04-27,Imperial,025,180216,484,290,0,290,6
2020-04-27,Inyo,027,18085,19,20,0,20,1
2020-04-27,Kern,029,883053,1123,865,1,866,4
2020-04-27,Kings,031,150075,196,48,1,49,1
2020-04-27,Lake,033,64148,8,6,0,6,0
2020-04-27,Lassen,035,31185,1,0,2,2,0
2020-04-27,Los Angeles,037,10098052,27328,20456,18,20474,931
2020-04-27,Madera,039,155013,82,42,1,43,2
2020-04-27,Marin,041,260295,244,227,1,228,12
2020-04-27,Mariposa,043,17540,14,0,0,0,0
2020-04-27,Mendocino,045,87422,13,10,0,10,0
2020-04-27,Merced,047,269075,183,108,0,108,3
2020-04-27,Modoc,049,8938,0,0,0,0,0
2020-04-27,Mono,051,14174,31,23,0,23,1
2020-04-27,Monterey,053,433212,245,185,0,185,4
2020-04-27,Napa,055,140530,75,64,0,64,2
2020-04-27,Nevada,057,99092,41,39,1,40,1
2020-04-27,Orange,059,3164182,3477,2198,15,2213,42
2020-04-27,Placer,061,380077,163,142,0,142,8
2020-04-27,Plumas,063,18699,4,4,0,4,0
2020-04-27,Riverside,065,2383286,4562,3381,7,3388,100
2020-04-27,Sacramento,067,1510023,1092,1035,0,1035,41
2020-04-27,San Benito,069,59416,49,45,0,45,2
2020-04-27,San Bernardino,071,2135413,2396,1742,1,1743,82
2020-04-27,San Diego,073,3302833,4207,3143,0,3143,113
2020-04-27,San Francisco,075,870044,1730,1453,0,1453,23
2020-04-27,San Joaquin,077,732212,580,522,3,525,25
2020-04-27,San Luis Obispo,079,281455,226,166,1,167,1
2020-04-27,San Mateo,081,765935,1398,1092,2,1094,46
2020-04-27,Santa Barbara,083,443738,623,466,2,468,7
2020-04-27,Santa Clara,085,1922200,2432,2104,2,2106,105
2020-04-27,Santa Cruz,087,273765,140,123,0,123,2
2020-04-27,Shasta,089,179085,37,29,0,29,4
2020-04-27,Sierra,091,2930,0,0,0,0,0
2020-04-27,Siskiyou,093,43540,5,5,0,5,0
2020-04-27,Solano,095,438530,295,222,0,222,3
2020-04-27,Sonoma,097,501317,269,220,0,220,1
2020-04-27,Stanislaus,099,539301,420,316,4,320,5
2020-04-27,Sutter,101,95872,29,26,0,26,2
2020-04-27,Tehama,103,63373,1,1,0,1,1
2020-04-27,Trinity,105,12862,0,0,0,0,0
2020-04-27,Tulare,107,460477,825,535,2,537,28
2020-04-27,Tuolumne,109,53932,3,3,0,3,0
2020-04-27,Ventura,111,848112,649,513,0,513,17
2020-04-27,Yolo,113,214977,175,160,0,160,9
2020-04-27,Yuba,115,75493,19,15,0,15,1
2020-04-26,Alameda,001,1643700,1745,1449,0,1449,52
2020-04-26,Alpine,003,1148,1,1,0,1,0
2020-04-26,Amador,005,37829,8,8,0,8,0
2020-04-26,Butte,007,227075,27,16,1,17,0
2020-04-26,Calaveras,009,45235,13,13,0,13,0
2020-04-26,Colusa,011,21464,3,3,0,3,0
2020-04-26,Contra Costa,013,1133247,958,830,0,830,25
2020-04-26,Del Norte,015,27424,3,3,0,3,0
2020-04-26,El Dorado,017,186661,55,41,0,41,0
2020-04-26,Fresno,019,978130,850,476,6,482,7
2020-04-26,Glenn,021,27897,5,4,0,4,0
2020-04-26,Humboldt,023,135768,59,53,0,53,0
2020-04-26,Imperial,025,180216,450,272,0,272,6
2020-04-26,Inyo,027,18085,19,20,0,20,1
2020-04-26,Kern,029,883053,1073,831,1,832,4
2020-04-26,Kings,031,150075,171,33,1,34,1
2020-04-26,Lake,033,64148,8,6,0,6,0
2020-04-26,Lassen,035,31185,1,0,2,2,0
2020-04-26,Los Angeles,037,10098052,26179,19570,18,19588,901
2020-04-26,Madera,039,155013,80,39,1,40,2
2020-04-26,Marin,041,260295,238,225,1,226,12
2020-04-26,Mariposa,043,17540,14,0,0,0,0
2020-04-26,Mendocino,045,87422,13,5,0,5,0
2020-04-26,Merced,047,269075,166,104,0,104,3
2020-04-26,Modoc,049,8938,0,0,0,0,0
2020-04-26,Mono,051,14174,31,23,0,23,1
2020-04-26,Monterey,053,433212,238,182,0,182,4
2020-04-26,Napa,055,140530,74,62,0,62,2
2020-04-26,Nevada,057,99092,41,37,1,38,1
2020-04-26,Orange,059,3164182,3311,2124,15,2139,40
2020-04-26,Placer,061,380077,163,141,0,141,8
2020-04-26,Plumas,063,18699,4,4,0,4,0
2020-04-26,Riverside,065,2383286,4420,3301,7,3308,95
2020-04-26,Sacramento,067,1510023,1083,1027,0,1027,41
2020-04-26,San Benito,069,59416,49,45,0,45,2
2020-04-26,San Bernardino,071,2135413,2299,1681,1,1682,82
2020-04-26,San Diego,073,3302833,4065,3045,0,3045,111
2020-04-26,San Francisco,075,870044,1691,1403,0,1403,23
2020-04-26,San Joaquin,077,732212,572,514,3,517,25
2020-04-26,San Luis Obispo,079,281455,223,165,1,166,1
2020-04-26,San Mateo,081,765935,1372,1070,2,1072,46
2020-04-26,Santa Barbara,083,443738,611,464,2,466,7
2020-04-26,Santa Clara,085,1922200,2413,2097,1,2098,102
2020-04-26,Santa Cruz,087,273765,140,116,0,116,2
2020-04-26,Shasta,089,179085,34,29,0,29,4
2020-04-26,Sierra,091,2930,0,0,0,0,0
2020-04-26,Siskiyou,093,43540,5,5,0,5,0
2020-04-26,Solano,095,438530,286,205,0,205,3
2020-04-26,Sonoma,097,501317,258,216,0,216,1
2020-04-26,Stanislaus,099,539301,405,294,4,298,4
2020-04-26,Sutter,101,95872,29,26,0,26,2
2020-04-26,Tehama,103,63373,1,1,0,1,1
2020-04-26,Trinity,105,12862,0,0,0,0,0
2020-04-26,Tulare,107,460477,767,497,2,499,28
2020-04-26,Tuolumne,109,53932,3,3,0,3,0
2020-04-26,Ventura,111,848112,634,509,0,509,17
2020-04-26,Yolo,113,214977,174,158,0,158,8
2020-04-26,Yuba,115,75493,18,15,0,15,1
2020-04-25,Alameda,001,1643700,1720,1396,0,1396,52
2020-04-25,Alpine,003,1148,1,1,0,1,0
2020-04-25,Amador,005,37829,8,8,0,8,0
2020-04-25,Butte,007,227075,26,16,1,17,0
2020-04-25,Calaveras,009,45235,13,12,0,12,0
2020-04-25,Colusa,011,21464,3,3,0,3,0
2020-04-25,Contra Costa,013,1133247,944,821,0,821,24
2020-04-25,Del Norte,015,27424,2,2,0,2,0
2020-04-25,El Dorado,017,186661,54,41,0,41,0
2020-04-25,Fresno,019,978130,820,459,5,464,7
2020-04-25,Glenn,021,27897,5,4,0,4,0
2020-04-25,Humboldt,023,135768,59,53,0,53,0
2020-04-25,Imperial,025,180216,433,232,0,232,6
2020-04-25,Inyo,027,18085,19,20,0,20,1
2020-04-25,Kern,029,883053,1042,802,1,803,4
2020-04-25,Kings,031,150075,159,33,1,34,1
2020-04-25,Lake,033,64148,6,6,0,6,0
2020-04-25,Lassen,035,31185,1,0,2,2,0
2020-04-25,Los Angeles,037,10098052,25545,19144,18,19162,881
2020-04-25,Madera,039,155013,77,39,1,40,2
2020-04-25,Marin,041,260295,238,215,1,216,12
2020-04-25,Mariposa,043,17540,14,0,0,0,0
2020-04-25,Mendocino,045,87422,12,5,0,5,0
2020-04-25,Merced,047,269075,166,103,0,103,3
2020-04-25,Modoc,049,8938,0,0,0,0,0
2020-04-25,Mono,051,14174,31,23,0,23,1
2020-04-25,Monterey,053,433212,236,173,0,173,4
2020-04-25,Napa,055,140530,74,60,0,60,2
2020-04-25,Nevada,057,99092,41,37,1,38,1
2020-04-25,Orange,059,3164182,3205,2047,15,2062,40
2020-04-25,Placer,061,380077,163,137,0,137,8
2020-04-25,Plumas,063,18699,4,4,0,4,0
2020-04-25,Riverside,065,2383286,4332,3037,7,3044,93
2020-04-25,Sacramento,067,1510023,1081,1015,0,1015,41
2020-04-25,San Benito,069,59416,49,45,0,45,2
2020-04-25,San Bernardino,071,2135413,2254,1675,1,1676,82
2020-04-25,San Diego,073,3302833,3965,2945,0,2945,111
2020-04-25,San Francisco,075,870044,1666,1341,0,1341,22
2020-04-25,San Joaquin,077,732212,565,497,3,500,24
2020-04-25,San Luis Obispo,079,281455,222,159,1,160,1
2020-04-25,San Mateo,081,765935,1354,1054,2,1056,46
2020-04-25,Santa Barbara,083,443738,603,457,2,459,7
2020-04-25,Santa Clara,085,1922200,2395,2045,1,2046,99
2020-04-25,Santa Cruz,087,273765,140,112,0,112,2
2020-04-25,Shasta,089,179085,34,29,0,29,4
2020-04-25,Sierra,091,2930,0,0,0,0,0
2020-04-25,Siskiyou,093,43540,5,5,0,5,0
2020-04-25,Solano,095,438530,282,203,0,203,3
2020-04-25,Sonoma,097,501317,254,199,0,199,1
2020-04-25,Stanislaus,099,539301,397,276,4,280,4
2020-04-25,Sutter,101,95872,29,24,0,24,2
2020-04-25,Tehama,103,63373,1,1,0,1,1
2020-04-25,Trinity,105,12862,0,0,0,0,0
2020-04-25,Tulare,107,460477,734,478,2,480,28
2020-04-25,Tuolumne,109,53932,3,2,0,2,0
2020-04-25,Ventura,111,848112,620,494,0,494,16
2020-04-25,Yolo,113,214977,174,157,0,157,8
2020-04-25,Yuba,115,75493,17,15,0,15,1
2020-04-24,Alameda,001,1643700,1689,1385,0,1385,50
2020-04-24,Alpine,003,1148,1,1,0,1,0
2020-04-24,Amador,005,37829,8,8,0,8,0
2020-04-24,Butte,007,227075,25,15,1,16,0
2020-04-24,Calaveras,009,45235,13,12,0,12,0
2020-04-24,Colusa,011,21464,3,3,0,3,0
2020-04-24,Contra Costa,013,1133247,935,806,0,806,23
2020-04-24,Del Norte,015,27424,2,2,0,2,0
2020-04-24,El Dorado,017,186661,53,41,0,41,0
2020-04-24,Fresno,019,978130,799,449,5,454,7
2020-04-24,Glenn,021,27897,5,4,0,4,0
2020-04-24,Humboldt,023,135768,59,53,0,53,0
2020-04-24,Imperial,025,180216,417,232,0,232,6
2020-04-24,Inyo,027,18085,19,20,0,20,0
2020-04-24,Kern,029,883053,1018,770,1,771,4
2020-04-24,Kings,031,150075,130,30,1,31,1
2020-04-24,Lake,033,64148,6,6,0,6,0
2020-04-24,Lassen,035,31185,1,0,2,2,0
2020-04-24,Los Angeles,037,10098052,24613,18553,18,18571,836
2020-04-24,Madera,039,155013,77,39,1,40,2
2020-04-24,Marin,041,260295,238,211,1,212,11
2020-04-24,Mariposa,043,17540,8,0,0,0,0
2020-04-24,Mendocino,045,87422,12,5,0,5,0
2020-04-24,Merced,047,269075,163,102,0,102,3
2020-04-24,Modoc,049,8938,0,0,0,0,0
2020-04-24,Mono,051,14174,30,23,0,23,1
2020-04-24,Monterey,053,433212,229,167,0,167,4
2020-04-24,Napa,055,140530,73,59,0,59,2
2020-04-24,Nevada,057,99092,41,36,1,37,1
2020-04-24,Orange,059,3164182,3097,1945,15,1960,39
2020-04-24,Placer,061,380077,161,137,0,137,8
2020-04-24,Plumas,063,18699,4,4,0,4,0
2020-04-24,Riverside,065,2383286,4251,3044,7,3051,87
2020-04-24,Sacramento,067,1510023,1075,1009,0,1009,41
2020-04-24,San Benito,069,59416,49,45,0,45,2
2020-04-24,San Bernardino,071,2135413,2219,1667,1,1668,80
2020-04-24,San Diego,073,3302833,3854,2828,0,2828,102
2020-04-24,San Francisco,075,870044,1608,1345,0,1345,22
2020-04-24,San Joaquin,077,732212,558,484,3,487,24
2020-04-24,San Luis Obispo,079,281455,219,151,1,152,1
2020-04-24,San Mateo,081,765935,1331,1004,2,1006,43
2020-04-24,Santa Barbara,083,443738,596,450,2,452,6
2020-04-24,Santa Clara,085,1922200,2365,2026,1,2027,98
2020-04-24,Santa Cruz,087,273765,136,111,0,111,2
2020-04-24,Shasta,089,179085,34,28,0,28,4
2020-04-24,Sierra,091,2930,0,0,0,0,0
2020-04-24,Siskiyou,093,43540,5,5,0,5,0
2020-04-24,Solano,095,438530,280,203,0,203,3
2020-04-24,Sonoma,097,501317,250,199,0,199,1
2020-04-24,Stanislaus,099,539301,394,273,4,277,4
2020-04-24,Sutter,101,95872,28,24,0,24,2
2020-04-24,Tehama,103,63373,1,1,0,1,1
2020-04-24,Trinity,105,12862,0,0,0,0,0
2020-04-24,Tulare,107,460477,706,459,2,461,27
2020-04-24,Tuolumne,109,53932,3,2,0,2,0
2020-04-24,Ventura,111,848112,611,489,0,489,16
2020-04-24,Yolo,113,214977,173,155,0,155,8
2020-04-24,Yuba,115,75493,16,15,0,15,1
2020-04-23,Alameda,001,1643700,1651,1336,0,1336,46
2020-04-23,Alpine,003,1148,1,1,0,1,0
2020-04-23,Amador,005,37829,8,8,0,8,0
2020-04-23,Butte,007,227075,25,15,1,16,0
2020-04-23,Calaveras,009,45235,13,12,0,12,0
2020-04-23,Colusa,011,21464,3,3,0,3,0
2020-04-23,Contra Costa,013,1133247,914,786,0,786,23
2020-04-23,Del Norte,015,27424,2,2,0,2,0
2020-04-23,El Dorado,017,186661,52,39,0,39,0
2020-04-23,Fresno,019,978130,761,426,5,431,7
2020-04-23,Glenn,021,27897,5,3,0,3,0
2020-04-23,Humboldt,023,135768,59,53,0,53,0
2020-04-23,Imperial,025,180216,397,181,0,181,4
2020-04-23,Inyo,027,18085,19,19,0,19,0
2020-04-23,Kern,029,883053,970,732,1,733,4
2020-04-23,Kings,031,150075,115,28,1,29,1
2020-04-23,Lake,033,64148,6,6,0,6,0
2020-04-23,Lassen,035,31185,1,0,2,2,0
2020-04-23,Los Angeles,037,10098052,23553,17548,17,17565,784
2020-04-23,Madera,039,155013,75,37,1,38,2
2020-04-23,Marin,041,260295,225,209,1,210,11
2020-04-23,Mariposa,043,17540,7,0,0,0,0
2020-04-23,Mendocino,045,87422,10,5,0,5,0
2020-04-23,Merced,047,269075,159,98,0,98,3
2020-04-23,Modoc,049,8938,0,0,0,0,0
2020-04-23,Mono,051,14174,30,23,0,23,1
2020-04-23,Monterey,053,433212,225,161,0,161,4
2020-04-23,Napa,055,140530,66,59,0,59,2
2020-04-23,Nevada,057,99092,41,36,1,37,1
2020-04-23,Orange,059,3164182,2919,1841,14,1855,37
2020-04-23,Placer,061,380077,158,136,0,136,8
2020-04-23,Plumas,063,18699,4,4,0,4,0
2020-04-23,Riverside,065,2383286,4138,2935,6,2941,78
2020-04-23,Sacramento,067,1510023,1063,978,0,978,41
2020-04-23,San Benito,069,59416,46,43,0,43,2
2020-04-23,San Bernardino,071,2135413,2154,1604,1,1605,79
2020-04-23,San Diego,073,3302833,3693,2645,0,2645,100
2020-04-23,San Francisco,075,870044,1583,1312,0,1312,21
2020-04-23,San Joaquin,077,732212,548,479,3,482,20
2020-04-23,San Luis Obispo,079,281455,215,146,1,147,1
2020-04-23,San Mateo,081,765935,1291,970,2,972,42
2020-04-23,Santa Barbara,083,443738,586,445,2,447,6
2020-04-23,Santa Clara,085,1922200,2334,1996,1,1997,95
2020-04-23,Santa Cruz,087,273765,135,110,0,110,2
2020-04-23,Shasta,089,179085,34,27,0,27,3
2020-04-23,Sierra,091,2930,0,0,0,0,0
2020-04-23,Siskiyou,093,43540,5,5,0,5,0
2020-04-23,Solano,095,438530,266,196,0,196,3
2020-04-23,Sonoma,097,501317,238,187,0,187,1
2020-04-23,Stanislaus,099,539301,390,254,4,258,4
2020-04-23,Sutter,101,95872,28,24,0,24,2
2020-04-23,Tehama,103,63373,1,1,0,1,1
2020-04-23,Trinity,105,12862,0,0,0,0,0
2020-04-23,Tulare,107,460477,677,440,2,442,25
2020-04-23,Tuolumne,109,53932,3,2,0,2,0
2020-04-23,Ventura,111,848112,597,479,0,479,16
2020-04-23,Yolo,113,214977,170,151,0,151,8
2020-04-23,Yuba,115,75493,16,15,0,15,1
2020-04-22,Alameda,001,1643700,1602,1275,0,1275,46
2020-04-22,Alpine,003,1148,1,1,0,1,0
2020-04-22,Amador,005,37829,8,7,0,7,0
2020-04-22,Butte,007,227075,24,15,1,16,0
2020-04-22,Calaveras,009,45235,13,12,0,12,0
2020-04-22,Colusa,011,21464,3,3,0,3,0
2020-04-22,Contra Costa,013,1133247,899,772,0,772,22
2020-04-22,Del Norte,015,27424,2,2,0,2,0
2020-04-22,El Dorado,017,186661,52,39,0,39,0
2020-04-22,Fresno,019,978130,722,388,5,393,7
2020-04-22,Glenn,021,27897,5,3,0,3,0
2020-04-22,Humboldt,023,135768,59,53,0,53,0
2020-04-22,Imperial,025,180216,386,170,0,170,3
2020-04-22,Inyo,027,18085,19,18,0,18,0
2020-04-22,Kern,029,883053,948,713,1,714,4
2020-04-22,Kings,031,150075,94,28,1,29,1
2020-04-22,Lake,033,64148,6,6,0,6,0
2020-04-22,Lassen,035,31185,1,0,2,2,0
2020-04-22,Los Angeles,037,10098052,22527,16400,17,16417,715
2020-04-22,Madera,039,155013,73,37,1,38,2
2020-04-22,Marin,041,260295,223,202,1,203,11
2020-04-22,Mariposa,043,17540,6,0,0,0,0
2020-04-22,Mendocino,045,87422,7,5,0,5,0
2020-04-22,Merced,047,269075,147,92,0,92,3
2020-04-22,Modoc,049,8938,0,0,0,0,0
2020-04-22,Mono,051,14174,29,23,0,23,1
2020-04-22,Monterey,053,433212,218,154,0,154,4
2020-04-22,Napa,055,140530,65,58,0,58,2
2020-04-22,Nevada,057,99092,41,36,1,37,1
2020-04-22,Orange,059,3164182,2826,1785,14,1799,36
2020-04-22,Placer,061,380077,156,133,0,133,8
2020-04-22,Plumas,063,18699,4,4,0,4,0
2020-04-22,Riverside,065,2383286,4035,2822,6,2828,76
2020-04-22,Sacramento,067,1510023,1058,959,0,959,36
2020-04-22,San Benito,069,59416,45,43,0,43,2
2020-04-22,San Bernardino,071,2135413,2091,1564,1,1565,74
2020-04-22,San Diego,073,3302833,3565,2493,0,2493,96
2020-04-22,San Francisco,075,870044,1546,1255,0,1255,21
2020-04-22,San Joaquin,077,732212,537,462,3,465,20
2020-04-22,San Luis Obispo,079,281455,206,142,1,143,1
2020-04-22,San Mateo,081,765935,1268,945,2,947,40
2020-04-22,Santa Barbara,083,443738,578,437,2,439,6
2020-04-22,Santa Clara,085,1922200,2321,1969,1,1970,95
2020-04-22,Santa Cruz,087,273765,131,106,0,106,2
2020-04-22,Shasta,089,179085,33,26,0,26,3
2020-04-22,Sierra,091,2930,0,0,0,0,0
2020-04-22,Siskiyou,093,43540,5,5,0,5,0
2020-04-22,Solano,095,438530,247,195,0,195,3
2020-04-22,Sonoma,097,501317,235,185,0,185,1
2020-04-22,Stanislaus,099,539301,333,247,4,251,4
2020-04-22,Sutter,101,95872,28,22,0,22,2
2020-04-22,Tehama,103,63373,1,1,0,1,1
2020-04-22,Trinity,105,12862,0,0,0,0,0
2020-04-22,Tulare,107,460477,644,425,2,427,23
2020-04-22,Tuolumne,109,53932,3,2,0,2,0
2020-04-22,Ventura,111,848112,587,465,0,465,15
2020-04-22,Yolo,113,214977,170,147,0,147,8
2020-04-22,Yuba,115,75493,16,15,0,15,1
2020-04-21,Alameda,001,1643700,1572,1234,0,1234,46
2020-04-21,Alpine,003,1148,1,1,0,1,0
2020-04-21,Amador,005,37829,8,7,0,7,0
2020-04-21,Butte,007,227075,23,15,1,16,0
2020-04-21,Calaveras,009,45235,12,12,0,12,0
2020-04-21,Colusa,011,21464,3,3,0,3,0
2020-04-21,Contra Costa,013,1133247,885,766,0,766,22
2020-04-21,Del Norte,015,27424,2,2,0,2,0
2020-04-21,El Dorado,017,186661,51,36,0,36,0
2020-04-21,Fresno,019,978130,688,372,5,377,7
2020-04-21,Glenn,021,27897,5,3,0,3,0
2020-04-21,Humboldt,023,135768,58,53,0,53,0
2020-04-21,Imperial,025,180216,366,165,0,165,2
2020-04-21,Inyo,027,18085,19,18,0,18,0
2020-04-21,Kern,029,883053,906,676,1,677,4
2020-04-21,Kings,031,150075,81,28,1,29,1
2020-04-21,Lake,033,64148,6,6,0,6,0
2020-04-21,Lassen,035,31185,1,0,2,2,0
2020-04-21,Los Angeles,037,10098052,21667,15096,17,15113,650
2020-04-21,Madera,039,155013,73,37,1,38,2
2020-04-21,Marin,041,260295,217,202,1,203,10
2020-04-21,Mariposa,043,17540,5,0,0,0,0
2020-04-21,Mendocino,045,87422,7,5,0,5,0
2020-04-21,Merced,047,269075,143,89,0,89,3
2020-04-21,Modoc,049,8938,0,0,0,0,0
2020-04-21,Mono,051,14174,29,23,0,23,1
2020-04-21,Monterey,053,433212,215,151,0,151,4
2020-04-21,Napa,055,140530,64,58,0,58,2
2020-04-21,Nevada,057,99092,41,36,1,37,1
2020-04-21,Orange,059,3164182,2704,1717,13,1730,36
2020-04-21,Placer,061,380077,154,133,0,133,8
2020-04-21,Plumas,063,18699,4,4,0,4,0
2020-04-21,Riverside,065,2383286,3904,2631,6,2637,68
2020-04-21,Sacramento,067,1510023,1048,941,0,941,33
2020-04-21,San Benito,069,59416,44,43,0,43,2
2020-04-21,San Bernardino,071,2135413,2030,1499,1,1500,71
2020-04-21,San Diego,073,3302833,3409,2436,0,2436,87
2020-04-21,San Francisco,075,870044,1516,1232,0,1232,20
2020-04-21,San Joaquin,077,732212,527,447,3,450,20
2020-04-21,San Luis Obispo,079,281455,201,134,1,135,1
2020-04-21,San Mateo,081,765935,1222,933,2,935,34
2020-04-21,Santa Barbara,083,443738,566,414,1,415,5
2020-04-21,Santa Clara,085,1922200,2278,1943,1,1944,91
2020-04-21,Santa Cruz,087,273765,129,104,0,104,2
2020-04-21,Shasta,089,179085,32,26,0,26,3
2020-04-21,Sierra,091,2930,0,0,0,0,0
2020-04-21,Siskiyou,093,43540,5,5,0,5,0
2020-04-21,Solano,095,438530,239,193,0,193,3
2020-04-21,Sonoma,097,501317,225,182,0,182,1
2020-04-21,Stanislaus,099,539301,314,235,4,239,4
2020-04-21,Sutter,101,95872,28,22,0,22,2
2020-04-21,Tehama,103,63373,1,1,0,1,1
2020-04-21,Trinity,105,12862,0,0,0,0,0
2020-04-21,Tulare,107,460477,608,410,2,412,23
2020-04-21,Tuolumne,109,53932,3,2,0,2,0
2020-04-21,Ventura,111,848112,575,455,0,455,14
2020-04-21,Yolo,113,214977,168,143,0,143,8
2020-04-21,Yuba,115,75493,16,15,0,15,1
2020-04-20,Alameda,001,1643700,1539,1181,0,1181,42
2020-04-20,Alpine,003,1148,1,1,0,1,0
2020-04-20,Amador,005,37829,8,7,0,7,0
2020-04-20,Butte,007,227075,23,15,1,16,0
2020-04-20,Calaveras,009,45235,12,12,0,12,0
2020-04-20,Colusa,011,21464,3,3,0,3,0
2020-04-20,Contra Costa,013,1133247,875,753,0,753,22
2020-04-20,Del Norte,015,27424,2,2,0,2,0
2020-04-20,El Dorado,017,186661,51,36,0,36,0
2020-04-20,Fresno,019,978130,670,356,5,361,7
2020-04-20,Glenn,021,27897,4,3,0,3,0
2020-04-20,Humboldt,023,135768,58,53,0,53,0
2020-04-20,Imperial,025,180216,346,149,0,149,2
2020-04-20,Inyo,027,18085,19,17,0,17,0
2020-04-20,Kern,029,883053,874,651,1,652,3
2020-04-20,Kings,031,150075,70,19,1,20,1
2020-04-20,Lake,033,64148,6,6,0,6,0
2020-04-20,Lassen,035,31185,1,0,2,2,0
2020-04-20,Los Angeles,037,10098052,20753,13787,17,13804,608
2020-04-20,Madera,039,155013,72,35,1,36,2
2020-04-20,Marin,041,260295,213,200,1,201,10
2020-04-20,Mariposa,043,17540,5,0,0,0,0
2020-04-20,Mendocino,045,87422,7,5,0,5,0
2020-04-20,Merced,047,269075,136,88,0,88,3
2020-04-20,Modoc,049,8938,0,0,0,0,0
2020-04-20,Mono,051,14174,29,23,0,23,1
2020-04-20,Monterey,053,433212,206,147,0,147,4
2020-04-20,Napa,055,140530,64,55,0,55,2
2020-04-20,Nevada,057,99092,41,34,1,35,1
2020-04-20,Orange,059,3164182,2623,1679,13,1692,33
2020-04-20,Placer,061,380077,153,132,0,132,8
2020-04-20,Plumas,063,18699,4,4,0,4,0
2020-04-20,Riverside,065,2383286,3779,2477,6,2483,61
2020-04-20,Sacramento,067,1510023,1038,924,0,924,32
2020-04-20,San Benito,069,59416,44,43,0,43,2
2020-04-20,San Bernardino,071,2135413,1943,1344,1,1345,63
2020-04-20,San Diego,073,3302833,3268,2327,0,2327,72
2020-04-20,San Francisco,075,870044,1484,1223,0,1223,19
2020-04-20,San Joaquin,077,732212,523,422,3,425,17
2020-04-20,San Luis Obispo,079,281455,187,132,1,133,1
2020-04-20,San Mateo,081,765935,1199,890,2,892,31
2020-04-20,Santa Barbara,083,443738,555,388,1,389,4
2020-04-20,Santa Clara,085,1922200,2254,1920,1,1921,84
2020-04-20,Santa Cruz,087,273765,127,102,0,102,2
2020-04-20,Shasta,089,179085,32,26,0,26,3
2020-04-20,Sierra,091,2930,0,0,0,0,0
2020-04-20,Siskiyou,093,43540,5,5,0,5,0
2020-04-20,Solano,095,438530,236,185,0,185,2
2020-04-20,Sonoma,097,501317,217,178,0,178,1
2020-04-20,Stanislaus,099,539301,300,228,4,232,3
2020-04-20,Sutter,101,95872,27,22,0,22,2
2020-04-20,Tehama,103,63373,1,1,0,1,1
2020-04-20,Trinity,105,12862,0,0,0,0,0
2020-04-20,Tulare,107,460477,598,401,2,403,20
2020-04-20,Tuolumne,109,53932,3,2,0,2,0
2020-04-20,Ventura,111,848112,563,426,0,426,13
2020-04-20,Yolo,113,214977,167,125,0,125,5
2020-04-20,Yuba,115,75493,16,15,0,15,1
2020-04-19,Alameda,001,1643700,1489,1134,0,1134,41
2020-04-19,Alpine,003,1148,1,1,0,1,0
2020-04-19,Amador,005,37829,7,7,0,7,0
2020-04-19,Butte,007,227075,22,15,1,16,0
2020-04-19,Calaveras,009,45235,12,12,0,12,0
2020-04-19,Colusa,011,21464,3,3,0,3,0
2020-04-19,Contra Costa,013,1133247,861,731,0,731,20
2020-04-19,Del Norte,015,27424,2,2,0,2,0
2020-04-19,El Dorado,017,186661,51,36,0,36,0
2020-04-19,Fresno,019,978130,634,326,5,331,7
2020-04-19,Glenn,021,27897,4,3,0,3,0
2020-04-19,Humboldt,023,135768,58,53,0,53,0
2020-04-19,Imperial,025,180216,320,144,0,144,2
2020-04-19,Inyo,027,18085,19,17,0,17,0
2020-04-19,Kern,029,883053,849,629,1,630,3
2020-04-19,Kings,031,150075,60,17,1,18,1
2020-04-19,Lake,033,64148,6,6,0,6,0
2020-04-19,Lassen,035,31185,1,0,2,2,0
2020-04-19,Los Angeles,037,10098052,19758,12299,17,12316,589
2020-04-19,Madera,039,155013,70,34,1,35,2
2020-04-19,Marin,041,260295,212,194,1,195,10
2020-04-19,Mariposa,043,17540,2,0,0,0,0
2020-04-19,Mendocino,045,87422,7,4,0,4,0
2020-04-19,Merced,047,269075,131,85,0,85,3
2020-04-19,Modoc,049,8938,0,0,0,0,0
2020-04-19,Mono,051,14174,29,23,0,23,1
2020-04-19,Monterey,053,433212,198,140,0,140,4
2020-04-19,Napa,055,140530,62,49,0,49,2
2020-04-19,Nevada,057,99092,40,34,1,35,1
2020-04-19,Orange,059,3164182,2524,1591,11,1602,32
2020-04-19,Placer,061,380077,152,131,0,131,8
2020-04-19,Plumas,063,18699,4,4,0,4,0
2020-04-19,Riverside,065,2383286,3636,2316,6,2322,56
2020-04-19,Sacramento,067,1510023,1011,912,0,912,32
2020-04-19,San Benito,069,59416,42,40,0,40,2
2020-04-19,San Bernardino,071,2135413,1880,1262,1,1263,58
2020-04-19,San Diego,073,3302833,3101,2270,0,2270,71
2020-04-19,San Francisco,075,870044,1451,1153,0,1153,19
2020-04-19,San Joaquin,077,732212,505,404,3,407,17
2020-04-19,San Luis Obispo,079,281455,182,132,1,133,1
2020-04-19,San Mateo,081,765935,1163,845,2,847,31
2020-04-19,Santa Barbara,083,443738,546,377,1,378,3
2020-04-19,Santa Clara,085,1922200,2218,1878,1,1879,81
2020-04-19,Santa Cruz,087,273765,124,98,0,98,2
2020-04-19,Shasta,089,179085,30,26,0,26,3
2020-04-19,Sierra,091,2930,0,0,0,0,0
2020-04-19,Siskiyou,093,43540,5,5,0,5,0
2020-04-19,Solano,095,438530,228,174,0,174,2
2020-04-19,Sonoma,097,501317,211,172,0,172,1
2020-04-19,Stanislaus,099,539301,292,221,4,225,3
2020-04-19,Sutter,101,95872,26,21,0,21,2
2020-04-19,Tehama,103,63373,1,1,0,1,1
2020-04-19,Trinity,105,12862,0,0,0,0,0
2020-04-19,Tulare,107,460477,554,391,2,393,17
2020-04-19,Tuolumne,109,53932,3,2,0,2,0
2020-04-19,Ventura,111,848112,555,418,0,418,13
2020-04-19,Yolo,113,214977,167,120,0,120,5
2020-04-19,Yuba,115,75493,16,15,0,15,1
2020-04-18,Alameda,001,1643700,1464,1085,0,1085,40
2020-04-18,Alpine,003,1148,1,1,0,1,0
2020-04-18,Amador,005,37829,7,7,0,7,0
2020-04-18,Butte,007,227075,21,15,1,16,0
2020-04-18,Calaveras,009,45235,12,12,0,12,0
2020-04-18,Colusa,011,21464,3,3,0,3,0
2020-04-18,Contra Costa,013,1133247,849,721,0,721,17
2020-04-18,Del Norte,015,27424,2,2,0,2,0
2020-04-18,El Dorado,017,186661,51,36,0,36,0
2020-04-18,Fresno,019,978130,614,319,5,324,7
2020-04-18,Glenn,021,27897,4,3,0,3,0
2020-04-18,Humboldt,023,135768,58,52,0,52,0
2020-04-18,Imperial,025,180216,311,137,0,137,2
2020-04-18,Inyo,027,18085,19,17,0,17,0
2020-04-18,Kern,029,883053,827,626,1,627,3
2020-04-18,Kings,031,150075,59,17,1,18,1
2020-04-18,Lake,033,64148,6,6,0,6,0
2020-04-18,Lassen,035,31185,1,0,2,2,0
2020-04-18,Los Angeles,037,10098052,19233,11984,16,12000,566
2020-04-18,Madera,039,155013,69,34,1,35,2
2020-04-18,Marin,041,260295,210,193,1,194,10
2020-04-18,Mariposa,043,17540,2,0,0,0,0
2020-04-18,Mendocino,045,87422,7,4,0,4,0
2020-04-18,Merced,047,269075,129,82,0,82,3
2020-04-18,Modoc,049,8938,0,0,0,0,0
2020-04-18,Mono,051,14174,29,22,0,22,1
2020-04-18,Monterey,053,433212,194,135,0,135,3
2020-04-18,Napa,055,140530,62,49,0,49,2
2020-04-18,Nevada,057,99092,39,34,1,35,1
2020-04-18,Orange,059,3164182,2460,1569,10,1579,32
2020-04-18,Placer,061,380077,150,130,0,130,8
2020-04-18,Plumas,063,18699,4,4,0,4,0
2020-04-18,Riverside,065,2383286,3564,2257,6,2263,56
2020-04-18,Sacramento,067,1510023,999,901,0,901,32
2020-04-18,San Benito,069,59416,42,40,0,40,2
2020-04-18,San Bernardino,071,2135413,1835,1255,1,1256,58
2020-04-18,San Diego,073,3302833,2999,2215,0,2215,71
2020-04-18,San Francisco,075,870044,1412,1144,0,1144,19
2020-04-18,San Joaquin,077,732212,496,392,3,395,17
2020-04-18,San Luis Obispo,079,281455,178,129,1,130,1
2020-04-18,San Mateo,081,765935,1141,821,2,823,31
2020-04-18,Santa Barbara,083,443738,540,372,1,373,3
2020-04-18,Santa Clara,085,1922200,2188,1862,1,1863,79
2020-04-18,Santa Cruz,087,273765,122,96,0,96,2
2020-04-18,Shasta,089,179085,30,26,0,26,3
2020-04-18,Sierra,091,2930,0,0,0,0,0
2020-04-18,Siskiyou,093,43540,5,5,0,5,0
2020-04-18,Solano,095,438530,225,175,0,175,2
2020-04-18,Sonoma,097,501317,207,168,0,168,1
2020-04-18,Stanislaus,099,539301,284,216,4,220,3
2020-04-18,Sutter,101,95872,26,21,0,21,2
2020-04-18,Tehama,103,63373,1,1,0,1,1
2020-04-18,Trinity,105,12862,0,0,0,0,0
2020-04-18,Tulare,107,460477,545,385,2,387,17
2020-04-18,Tuolumne,109,53932,3,2,0,2,0
2020-04-18,Ventura,111,848112,547,416,0,416,13
2020-04-18,Yolo,113,214977,165,118,0,118,5
2020-04-18,Yuba,115,75493,16,14,0,14,1
2020-04-17,Alameda,001,1643700,1409,1043,0,1043,40
2020-04-17,Alpine,003,1148,1,1,0,1,0
2020-04-17,Amador,005,37829,7,7,0,7,0
2020-04-17,Butte,007,227075,21,15,1,16,0
2020-04-17,Calaveras,009,45235,12,11,0,11,0
2020-04-17,Colusa,011,21464,3,3,0,3,0
2020-04-17,Contra Costa,013,1133247,840,687,0,687,15
2020-04-17,Del Norte,015,27424,2,2,0,2,0
2020-04-17,El Dorado,017,186661,51,35,0,35,0
2020-04-17,Fresno,019,978130,592,315,5,320,7
2020-04-17,Glenn,021,27897,4,3,0,3,0
2020-04-17,Humboldt,023,135768,57,52,0,52,0
2020-04-17,Imperial,025,180216,302,135,0,135,2
2020-04-17,Inyo,027,18085,19,17,0,17,0
2020-04-17,Kern,029,883053,807,612,1,613,3
2020-04-17,Kings,031,150075,57,15,1,16,1
2020-04-17,Lake,033,64148,6,6,0,6,0
2020-04-17,Lassen,035,31185,1,0,2,2,0
2020-04-17,Los Angeles,037,10098052,18590,11354,16,11370,489
2020-04-17,Madera,039,155013,69,34,1,35,2
2020-04-17,Marin,041,260295,207,189,1,190,10
2020-04-17,Mariposa,043,17540,1,0,0,0,0
2020-04-17,Mendocino,045,87422,7,4,0,4,0
2020-04-17,Merced,047,269075,128,80,0,80,3
2020-04-17,Modoc,049,8938,0,0,0,0,0
2020-04-17,Mono,051,14174,29,22,0,22,1
2020-04-17,Monterey,053,433212,189,119,0,119,3
2020-04-17,Napa,055,140530,60,46,0,46,2
2020-04-17,Nevada,057,99092,38,34,1,35,1
2020-04-17,Orange,059,3164182,2409,1496,10,1506,31
2020-04-17,Placer,061,380077,150,130,0,130,8
2020-04-17,Plumas,063,18699,4,4,0,4,0
2020-04-17,Riverside,065,2383286,3438,2080,6,2086,50
2020-04-17,Sacramento,067,1510023,992,882,0,882,32
2020-04-17,San Benito,069,59416,42,38,0,38,2
2020-04-17,San Bernardino,071,2135413,1796,1229,1,1230,57
2020-04-17,San Diego,073,3302833,2909,2160,0,2160,70
2020-04-17,San Francisco,075,870044,1386,1090,0,1090,19
2020-04-17,San Joaquin,077,732212,485,356,3,359,17
2020-04-17,San Luis Obispo,079,281455,171,116,1,117,1
2020-04-17,San Mateo,081,765935,1125,768,2,770,31
2020-04-17,Santa Barbara,083,443738,535,349,1,350,3
2020-04-17,Santa Clara,085,1922200,2159,1834,1,1835,74
2020-04-17,Santa Cruz,087,273765,121,94,0,94,2
2020-04-17,Shasta,089,179085,30,26,0,26,3
2020-04-17,Sierra,091,2930,0,0,0,0,0
2020-04-17,Siskiyou,093,43540,5,5,0,5,0
2020-04-17,Solano,095,438530,224,173,0,173,2
2020-04-17,Sonoma,097,501317,204,167,0,167,1
2020-04-17,Stanislaus,099,539301,282,201,4,205,3
2020-04-17,Sutter,101,95872,26,20,0,20,2
2020-04-17,Tehama,103,63373,1,1,0,1,1
2020-04-17,Trinity,105,12862,0,0,0,0,0
2020-04-17,Tulare,107,460477,538,370,2,372,17
2020-04-17,Tuolumne,109,53932,3,2,0,2,0
2020-04-17,Ventura,111,848112,542,398,0,398,13
2020-04-17,Yolo,113,214977,164,117,0,117,5
2020-04-17,Yuba,115,75493,16,14,0,14,1
2020-04-16,Alameda,001,1643700,1376,981,0,981,39
2020-04-16,Alpine,003,1148,1,1,0,1,0
2020-04-16,Amador,005,37829,7,7,0,7,0
2020-04-16,Butte,007,227075,20,15,1,16,0
2020-04-16,Calaveras,009,45235,12,10,0,10,0
2020-04-16,Colusa,011,21464,3,3,0,3,0
2020-04-16,Contra Costa,013,1133247,826,675,0,675,14
2020-04-16,Del Norte,015,27424,2,2,0,2,0
2020-04-16,El Dorado,017,186661,50,34,0,34,0
2020-04-16,Fresno,019,978130,563,289,5,294,7
2020-04-16,Glenn,021,27897,4,3,0,3,0
2020-04-16,Humboldt,023,135768,57,47,0,47,0
2020-04-16,Imperial,025,180216,288,132,0,132,2
2020-04-16,Inyo,027,18085,17,17,0,17,0
2020-04-16,Kern,029,883053,781,587,1,588,3
2020-04-16,Kings,031,150075,53,12,1,13,1
2020-04-16,Lake,033,64148,6,6,0,6,0
2020-04-16,Lassen,035,31185,1,0,2,2,0
2020-04-16,Los Angeles,037,10098052,17706,10786,16,10802,447
2020-04-16,Madera,039,155013,67,34,1,35,2
2020-04-16,Marin,041,260295,203,170,1,171,10
2020-04-16,Mariposa,043,17540,1,1,0,1,0
2020-04-16,Mendocino,045,87422,7,4,0,4,0
2020-04-16,Merced,047,269075,122,76,0,76,3
2020-04-16,Modoc,049,8938,0,0,0,0,0
2020-04-16,Mono,051,14174,29,22,0,22,1
2020-04-16,Monterey,053,433212,186,116,0,116,3
2020-04-16,Napa,055,140530,57,44,0,44,2
2020-04-16,Nevada,057,99092,38,34,1,35,1
2020-04-16,Orange,059,3164182,2344,1439,9,1448,28
2020-04-16,Placer,061,380077,148,129,0,129,7
2020-04-16,Plumas,063,18699,4,4,0,4,0
2020-04-16,Riverside,065,2383286,3320,1913,6,1919,45
2020-04-16,Sacramento,067,1510023,984,865,0,865,32
2020-04-16,San Benito,069,59416,42,36,0,36,2
2020-04-16,San Bernardino,071,2135413,1713,1143,0,1143,54
2020-04-16,San Diego,073,3302833,2801,2089,0,2089,63
2020-04-16,San Francisco,075,870044,1342,1039,0,1039,16
2020-04-16,San Joaquin,077,732212,470,345,3,348,17
2020-04-16,San Luis Obispo,079,281455,167,113,1,114,1
2020-04-16,San Mateo,081,765935,1096,745,2,747,29
2020-04-16,Santa Barbara,083,443738,522,331,1,332,3
2020-04-16,Santa Clara,085,1922200,2130,1789,1,1790,70
2020-04-16,Santa Cruz,087,273765,119,90,0,90,2
2020-04-16,Shasta,089,179085,30,25,0,25,3
2020-04-16,Sierra,091,2930,0,0,0,0,0
2020-04-16,Siskiyou,093,43540,5,5,0,5,0
2020-04-16,Solano,095,438530,221,162,0,162,2
2020-04-16,Sonoma,097,501317,199,145,0,145,1
2020-04-16,Stanislaus,099,539301,279,185,4,189,3
2020-04-16,Sutter,101,95872,25,21,0,21,2
2020-04-16,Tehama,103,63373,1,1,0,1,1
2020-04-16,Trinity,105,12862,0,0,0,0,0
2020-04-16,Tulare,107,460477,522,305,2,307,16
2020-04-16,Tuolumne,109,53932,3,1,0,1,0
2020-04-16,Ventura,111,848112,530,384,0,384,13
2020-04-16,Yolo,113,214977,162,98,0,98,4
2020-04-16,Yuba,115,75493,15,14,0,14,1
2020-04-15,Alameda,001,1643700,1326,915,0,915,38
2020-04-15,Alpine,003,1148,1,1,0,1,0
2020-04-15,Amador,005,37829,7,7,0,7,0
2020-04-15,Butte,007,227075,20,14,1,15,0
2020-04-15,Calaveras,009,45235,11,9,0,9,0
2020-04-15,Colusa,011,21464,3,3,0,3,0
2020-04-15,Contra Costa,013,1133247,804,645,0,645,14
2020-04-15,Del Norte,015,27424,2,2,0,2,0
2020-04-15,El Dorado,017,186661,48,33,0,33,0
2020-04-15,Fresno,019,978130,538,264,5,269,7
2020-04-15,Glenn,021,27897,4,3,0,3,0
2020-04-15,Humboldt,023,135768,57,47,0,47,0
2020-04-15,Imperial,025,180216,262,115,0,115,2
2020-04-15,Inyo,027,18085,17,12,0,12,0
2020-04-15,Kern,029,883053,759,500,1,501,3
2020-04-15,Kings,031,150075,49,12,1,13,1
2020-04-15,Lake,033,64148,6,4,0,4,0
2020-04-15,Lassen,035,31185,1,0,2,2,0
2020-04-15,Los Angeles,037,10098052,16885,10416,16,10432,394
2020-04-15,Madera,039,155013,67,30,1,31,2
2020-04-15,Marin,041,260295,200,162,1,163,10
2020-04-15,Mariposa,043,17540,0,0,0,0,0
2020-04-15,Mendocino,045,87422,6,4,0,4,0
2020-04-15,Merced,047,269075,120,74,0,74,3
2020-04-15,Modoc,049,8938,0,0,0,0,0
2020-04-15,Mono,051,14174,29,22,0,22,1
2020-04-15,Monterey,053,433212,178,106,0,106,3
2020-04-15,Napa,055,140530,55,34,0,34,2
2020-04-15,Nevada,057,99092,37,34,1,35,1
2020-04-15,Orange,059,3164182,2241,1377,9,1386,24
2020-04-15,Placer,061,380077,147,123,0,123,6
2020-04-15,Plumas,063,18699,4,4,0,4,0
2020-04-15,Riverside,065,2383286,3125,1723,6,1729,42
2020-04-15,Sacramento,067,1510023,975,839,0,839,32
2020-04-15,San Benito,069,59416,42,34,0,34,2
2020-04-15,San Bernardino,071,2135413,1643,1063,0,1063,45
2020-04-15,San Diego,073,3302833,2713,2014,0,2014,60
2020-04-15,San Francisco,075,870044,1306,1006,0,1006,16
2020-04-15,San Joaquin,077,732212,462,329,3,332,17
2020-04-15,San Luis Obispo,079,281455,160,112,1,113,1
2020-04-15,San Mateo,081,765935,1047,707,2,709,28
2020-04-15,Santa Barbara,083,443738,503,317,1,318,2
2020-04-15,Santa Clara,085,1922200,2095,1692,1,1693,69
2020-04-15,Santa Cruz,087,273765,115,92,0,92,2
2020-04-15,Shasta,089,179085,30,25,0,25,3
2020-04-15,Sierra,091,2930,0,0,0,0,0
2020-04-15,Siskiyou,093,43540,5,5,0,5,0
2020-04-15,Solano,095,438530,216,153,0,153,2
2020-04-15,Sonoma,097,501317,197,140,0,140,1
2020-04-15,Stanislaus,099,539301,272,174,4,178,3
2020-04-15,Sutter,101,95872,25,19,0,19,2
2020-04-15,Tehama,103,63373,1,1,0,1,1
2020-04-15,Trinity,105,12862,0,0,0,0,0
2020-04-15,Tulare,107,460477,505,289,2,291,14
2020-04-15,Tuolumne,109,53932,3,1,0,1,0
2020-04-15,Ventura,111,848112,515,365,0,365,13
2020-04-15,Yolo,113,214977,158,93,0,93,3
2020-04-15,Yuba,115,75493,15,15,0,15,1
2020-04-14,Alameda,001,1643700,1281,843,0,843,30
2020-04-14,Alpine,003,1148,1,1,0,1,0
2020-04-14,Amador,005,37829,7,6,0,6,0
2020-04-14,Butte,007,227075,20,13,1,14,0
2020-04-14,Calaveras,009,45235,11,5,0,5,0
2020-04-14,Colusa,011,21464,3,3,0,3,0
2020-04-14,Contra Costa,013,1133247,792,617,0,617,12
2020-04-14,Del Norte,015,27424,2,2,0,2,0
2020-04-14,El Dorado,017,186661,48,30,0,30,0
2020-04-14,Fresno,019,978130,515,244,5,249,6
2020-04-14,Glenn,021,27897,4,3,0,3,0
2020-04-14,Humboldt,023,135768,57,44,0,44,0
2020-04-14,Imperial,025,180216,242,86,0,86,2
2020-04-14,Inyo,027,18085,17,12,0,12,0
2020-04-14,Kern,029,883053,736,453,1,454,3
2020-04-14,Kings,031,150075,48,12,1,13,1
2020-04-14,Lake,033,64148,6,3,0,3,0
2020-04-14,Lassen,035,31185,1,0,2,2,0
2020-04-14,Los Angeles,037,10098052,15991,9948,15,9963,357
2020-04-14,Madera,039,155013,66,29,1,30,2
2020-04-14,Marin,041,260295,196,147,1,148,9
2020-04-14,Mariposa,043,17540,0,0,0,0,0
2020-04-14,Mendocino,045,87422,6,4,0,4,0
2020-04-14,Merced,047,269075,113,61,0,61,3
2020-04-14,Modoc,049,8938,0,0,0,0,0
2020-04-14,Mono,051,14174,29,22,0,22,1
2020-04-14,Monterey,053,433212,173,98,0,98,3
2020-04-14,Napa,055,140530,55,33,0,33,2
2020-04-14,Nevada,057,99092,37,34,1,35,1
2020-04-14,Orange,059,3164182,2136,1362,9,1371,24
2020-04-14,Placer,061,380077,146,117,0,117,5
2020-04-14,Plumas,063,18699,4,3,0,3,0
2020-04-14,Riverside,065,2383286,2990,1467,6,1473,40
2020-04-14,Sacramento,067,1510023,966,737,0,737,29
2020-04-14,San Benito,069,59416,39,34,0,34,2
2020-04-14,San Bernardino,071,2135413,1588,933,0,933,37
2020-04-14,San Diego,073,3302833,2618,1932,0,1932,53
2020-04-14,San Francisco,075,870044,1252,968,0,968,14
2020-04-14,San Joaquin,077,732212,452,280,3,283,17
2020-04-14,San Luis Obispo,079,281455,158,109,1,110,1
2020-04-14,San Mateo,081,765935,1013,681,2,683,28
2020-04-14,Santa Barbara,083,443738,478,292,1,293,2
2020-04-14,Santa Clara,085,1922200,2062,1561,1,1562,63
2020-04-14,Santa Cruz,087,273765,107,84,0,84,2
2020-04-14,Shasta,089,179085,30,24,0,24,3
2020-04-14,Sierra,091,2930,0,0,0,0,0
2020-04-14,Siskiyou,093,43540,5,5,0,5,0
2020-04-14,Solano,095,438530,213,140,0,140,2
2020-04-14,Sonoma,097,501317,193,133,0,133,1
2020-04-14,Stanislaus,099,539301,259,136,4,140,3
2020-04-14,Sutter,101,95872,24,19,0,19,2
2020-04-14,Tehama,103,63373,1,1,0,1,1
2020-04-14,Trinity,105,12862,0,0,0,0,0
2020-04-14,Tulare,107,460477,482,228,2,230,12
2020-04-14,Tuolumne,109,53932,3,0,0,0,0
2020-04-14,Ventura,111,848112,502,328,0,328,11
2020-04-14,Yolo,113,214977,154,81,0,81,3
2020-04-14,Yuba,115,75493,14,14,0,14,1
2020-04-13,Alameda,001,1643700,1242,821,0,821,23
2020-04-13,Alpine,003,1148,1,1,0,1,0
2020-04-13,Amador,005,37829,7,6,0,6,0
2020-04-13,Butte,007,227075,20,13,1,14,0
2020-04-13,Calaveras,009,45235,10,5,0,5,0
2020-04-13,Colusa,011,21464,3,3,0,3,0
2020-04-13,Contra Costa,013,1133247,776,569,0,569,12
2020-04-13,Del Norte,015,27424,2,2,0,2,0
2020-04-13,El Dorado,017,186661,46,29,0,29,0
2020-04-13,Fresno,019,978130,493,205,4,209,4
2020-04-13,Glenn,021,27897,4,3,0,3,0
2020-04-13,Humboldt,023,135768,57,44,0,44,0
2020-04-13,Imperial,025,180216,224,82,0,82,2
2020-04-13,Inyo,027,18085,17,12,0,12,0
2020-04-13,Kern,029,883053,711,346,1,347,3
2020-04-13,Kings,031,150075,44,9,1,10,0
2020-04-13,Lake,033,64148,6,3,0,3,0
2020-04-13,Lassen,035,31185,1,0,2,2,0
2020-04-13,Los Angeles,037,10098052,15277,9367,15,9382,317
2020-04-13,Madera,039,155013,64,29,1,30,2
2020-04-13,Marin,041,260295,192,144,1,145,6
2020-04-13,Mariposa,043,17540,0,0,0,0,0
2020-04-13,Mendocino,045,87422,6,4,0,4,0
2020-04-13,Merced,047,269075,112,60,0,60,3
2020-04-13,Modoc,049,8938,0,0,0,0,0
2020-04-13,Mono,051,14174,29,21,0,21,1
2020-04-13,Monterey,053,433212,166,86,0,86,3
2020-04-13,Napa,055,140530,54,30,0,30,2
2020-04-13,Nevada,057,99092,37,24,1,25,1
2020-04-13,Orange,059,3164182,2063,1313,9,1322,21
2020-04-13,Placer,061,380077,145,116,0,116,5
2020-04-13,Plumas,063,18699,4,3,0,3,0
2020-04-13,Riverside,065,2383286,2850,1460,5,1465,35
2020-04-13,Sacramento,067,1510023,954,723,0,723,25
2020-04-13,San Benito,069,59416,38,33,0,33,2
2020-04-13,San Bernardino,071,2135413,1513,920,0,920,30
2020-04-13,San Diego,073,3302833,2535,1849,0,1849,47
2020-04-13,San Francisco,075,870044,1214,948,0,948,12
2020-04-13,San Joaquin,077,732212,438,255,3,258,16
2020-04-13,San Luis Obispo,079,281455,153,106,1,107,1
2020-04-13,San Mateo,081,765935,973,679,2,681,25
2020-04-13,Santa Barbara,083,443738,459,271,0,271,2
2020-04-13,Santa Clara,085,1922200,2022,1540,1,1541,58
2020-04-13,Santa Cruz,087,273765,101,82,0,82,1
2020-04-13,Shasta,089,179085,29,24,0,24,3
2020-04-13,Sierra,091,2930,0,0,0,0,0
2020-04-13,Siskiyou,093,43540,5,5,0,5,0
2020-04-13,Solano,095,438530,210,136,0,136,2
2020-04-13,Sonoma,097,501317,186,133,0,133,1
2020-04-13,Stanislaus,099,539301,253,130,4,134,1
2020-04-13,Sutter,101,95872,24,18,0,18,2
2020-04-13,Tehama,103,63373,1,1,0,1,0
2020-04-13,Trinity,105,12862,0,0,0,0,0
2020-04-13,Tulare,107,460477,446,185,2,187,11
2020-04-13,Tuolumne,109,53932,3,0,0,0,0
2020-04-13,Ventura,111,848112,481,309,0,309,9
2020-04-13,Yolo,113,214977,148,81,0,81,3
2020-04-13,Yuba,115,75493,14,13,0,13,1
2020-04-12,Alameda,001,1643700,1199,774,0,774,23
2020-04-12,Alpine,003,1148,1,1,0,1,0
2020-04-12,Amador,005,37829,7,6,0,6,0
2020-04-12,Butte,007,227075,20,13,1,14,0
2020-04-12,Calaveras,009,45235,10,5,0,5,0
2020-04-12,Colusa,011,21464,3,3,0,3,0
2020-04-12,Contra Costa,013,1133247,764,553,0,553,12
2020-04-12,Del Norte,015,27424,2,2,0,2,0
2020-04-12,El Dorado,017,186661,46,28,0,28,0
2020-04-12,Fresno,019,978130,464,205,4,209,4
2020-04-12,Glenn,021,27897,4,3,0,3,0
2020-04-12,Humboldt,023,135768,57,43,0,43,0
2020-04-12,Imperial,025,180216,201,78,0,78,2
2020-04-12,Inyo,027,18085,15,12,0,12,0
2020-04-12,Kern,029,883053,679,319,0,319,3
2020-04-12,Kings,031,150075,42,9,1,10,0
2020-04-12,Lake,033,64148,6,3,0,3,0
2020-04-12,Lassen,035,31185,1,0,2,2,0
2020-04-12,Los Angeles,037,10098052,14564,9133,15,9148,294
2020-04-12,Madera,039,155013,63,29,1,30,2
2020-04-12,Marin,041,260295,181,138,1,139,6
2020-04-12,Mariposa,043,17540,0,0,0,0,0
2020-04-12,Mendocino,045,87422,6,4,0,4,0
2020-04-12,Merced,047,269075,106,58,0,58,3
2020-04-12,Modoc,049,8938,0,0,0,0,0
2020-04-12,Mono,051,14174,29,20,0,20,1
2020-04-12,Monterey,053,433212,152,85,0,85,3
2020-04-12,Napa,055,140530,52,29,0,29,2
2020-04-12,Nevada,057,99092,37,24,1,25,1
2020-04-12,Orange,059,3164182,2002,1283,8,1291,21
2020-04-12,Placer,061,380077,144,114,0,114,4
2020-04-12,Plumas,063,18699,4,3,0,3,0
2020-04-12,Riverside,065,2383286,2668,1330,5,1335,34
2020-04-12,Sacramento,067,1510023,917,689,0,689,25
2020-04-12,San Benito,069,59416,36,33,0,33,2
2020-04-12,San Bernardino,071,2135413,1437,827,0,827,30
2020-04-12,San Diego,073,3302833,2445,1806,0,1806,45
2020-04-12,San Francisco,075,870044,1187,886,0,886,11
2020-04-12,San Joaquin,077,732212,420,246,3,249,15
2020-04-12,San Luis Obispo,079,281455,151,102,1,103,1
2020-04-12,San Mateo,081,765935,947,664,2,666,25
2020-04-12,Santa Barbara,083,443738,433,261,0,261,2
2020-04-12,Santa Clara,085,1922200,1998,1461,1,1462,53
2020-04-12,Santa Cruz,087,273765,100,80,0,80,1
2020-04-12,Shasta,089,179085,29,24,0,24,3
2020-04-12,Sierra,091,2930,0,0,0,0,0
2020-04-12,Siskiyou,093,43540,5,5,0,5,0
2020-04-12,Solano,095,438530,204,136,0,136,2
2020-04-12,Sonoma,097,501317,183,131,0,131,1
2020-04-12,Stanislaus,099,539301,245,117,4,121,1
2020-04-12,Sutter,101,95872,23,18,0,18,2
2020-04-12,Tehama,103,63373,1,1,0,1,0
2020-04-12,Trinity,105,12862,0,0,0,0,0
2020-04-12,Tulare,107,460477,434,166,2,168,11
2020-04-12,Tuolumne,109,53932,3,0,0,0,0
2020-04-12,Ventura,111,848112,472,306,0,306,9
2020-04-12,Yolo,113,214977,135,67,0,67,3
2020-04-12,Yuba,115,75493,14,13,0,13,1
2020-04-11,Alameda,001,1643700,1158,751,0,751,23
2020-04-11,Alpine,003,1148,1,1,0,1,0
2020-04-11,Amador,005,37829,7,6,0,6,0
2020-04-11,Butte,007,227075,20,13,1,14,0
2020-04-11,Calaveras,009,45235,10,5,0,5,0
2020-04-11,Colusa,011,21464,3,3,0,3,0
2020-04-11,Contra Costa,013,1133247,755,550,0,550,12
2020-04-11,Del Norte,015,27424,2,2,0,2,0
2020-04-11,El Dorado,017,186661,45,29,0,29,0
2020-04-11,Fresno,019,978130,454,201,4,205,4
2020-04-11,Glenn,021,27897,4,3,0,3,0
2020-04-11,Humboldt,023,135768,57,38,0,38,0
2020-04-11,Imperial,025,180216,190,78,0,78,2
2020-04-11,Inyo,027,18085,15,12,0,12,0
2020-04-11,Kern,029,883053,651,304,0,304,3
2020-04-11,Kings,031,150075,39,9,1,10,0
2020-04-11,Lake,033,64148,6,3,0,3,0
2020-04-11,Lassen,035,31185,1,0,2,2,0
2020-04-11,Los Angeles,037,10098052,14094,8823,15,8838,262
2020-04-11,Madera,039,155013,62,29,1,30,2
2020-04-11,Marin,041,260295,178,136,1,137,6
2020-04-11,Mariposa,043,17540,0,0,0,0,0
2020-04-11,Mendocino,045,87422,6,4,0,4,0
2020-04-11,Merced,047,269075,103,59,0,59,3
2020-04-11,Modoc,049,8938,0,0,0,0,0
2020-04-11,Mono,051,14174,29,20,0,20,1
2020-04-11,Monterey,053,433212,146,78,0,78,3
2020-04-11,Napa,055,140530,52,29,0,29,2
2020-04-11,Nevada,057,99092,37,24,1,25,1
2020-04-11,Orange,059,3164182,1941,1267,8,1275,21
2020-04-11,Placer,061,380077,144,113,0,113,4
2020-04-11,Plumas,063,18699,4,3,0,3,0
2020-04-11,Riverside,065,2383286,2589,1260,5,1265,33
2020-04-11,Sacramento,067,1510023,906,685,0,685,25
2020-04-11,San Benito,069,59416,36,33,0,33,2
2020-04-11,San Bernardino,071,2135413,1401,826,0,826,28
2020-04-11,San Diego,073,3302833,2379,1763,0,1763,45
2020-04-11,San Francisco,075,870044,1165,860,0,860,11
2020-04-11,San Joaquin,077,732212,415,244,3,247,15
2020-04-11,San Luis Obispo,079,281455,151,100,0,100,1
2020-04-11,San Mateo,081,765935,935,662,2,664,25
2020-04-11,Santa Barbara,083,443738,425,258,0,258,2
2020-04-11,Santa Clara,085,1922200,1956,1441,1,1442,51
2020-04-11,Santa Cruz,087,273765,100,79,0,79,1
2020-04-11,Shasta,089,179085,29,24,0,24,3
2020-04-11,Sierra,091,2930,0,0,0,0,0
2020-04-11,Siskiyou,093,43540,5,5,0,5,0
2020-04-11,Solano,095,438530,200,138,0,138,2
2020-04-11,Sonoma,097,501317,181,131,0,131,1
2020-04-11,Stanislaus,099,539301,238,119,3,122,1
2020-04-11,Sutter,101,95872,23,18,0,18,2
2020-04-11,Tehama,103,63373,1,1,0,1,0
2020-04-11,Trinity,105,12862,0,0,0,0,0
2020-04-11,Tulare,107,460477,412,168,2,170,10
2020-04-11,Tuolumne,109,53932,3,0,0,0,0
2020-04-11,Ventura,111,848112,462,304,0,304,9
2020-04-11,Yolo,113,214977,132,67,0,67,3
2020-04-11,Yuba,115,75493,14,13,0,13,1
2020-04-10,Alameda,001,1643700,1117,706,0,706,21
2020-04-10,Alpine,003,1148,1,1,0,1,0
2020-04-10,Amador,005,37829,7,5,0,5,0
2020-04-10,Butte,007,227075,20,13,1,14,0
2020-04-10,Calaveras,009,45235,10,5,0,5,0
2020-04-10,Colusa,011,21464,3,3,0,3,0
2020-04-10,Contra Costa,013,1133247,742,537,0,537,10
2020-04-10,Del Norte,015,27424,2,2,0,2,0
2020-04-10,El Dorado,017,186661,45,26,0,26,0
2020-04-10,Fresno,019,978130,447,186,3,189,3
2020-04-10,Glenn,021,27897,4,3,0,3,0
2020-04-10,Humboldt,023,135768,57,36,0,36,0
2020-04-10,Imperial,025,180216,183,70,0,70,2
2020-04-10,Inyo,027,18085,13,11,0,11,0
2020-04-10,Kern,029,883053,627,272,0,272,3
2020-04-10,Kings,031,150075,36,7,1,8,0
2020-04-10,Lake,033,64148,6,3,0,3,0
2020-04-10,Lassen,035,31185,1,0,2,2,0
2020-04-10,Los Angeles,037,10098052,13581,8384,14,8398,239
2020-04-10,Madera,039,155013,61,29,1,30,2
2020-04-10,Marin,041,260295,173,128,1,129,6
2020-04-10,Mariposa,043,17540,0,0,0,0,0
2020-04-10,Mendocino,045,87422,6,4,0,4,0
2020-04-10,Merced,047,269075,100,56,0,56,3
2020-04-10,Modoc,049,8938,0,0,0,0,0
2020-04-10,Mono,051,14174,29,20,0,20,1
2020-04-10,Monterey,053,433212,135,78,0,78,3
2020-04-10,Napa,055,140530,49,28,0,28,2
2020-04-10,Nevada,057,99092,37,23,1,24,1
2020-04-10,Orange,059,3164182,1894,1167,8,1175,21
2020-04-10,Placer,061,380077,143,112,0,112,4
2020-04-10,Plumas,063,18699,4,3,0,3,0
2020-04-10,Riverside,065,2383286,2524,1162,5,1167,30
2020-04-10,Sacramento,067,1510023,897,642,0,642,24
2020-04-10,San Benito,069,59416,36,32,0,32,2
2020-04-10,San Bernardino,071,2135413,1353,779,0,779,27
2020-04-10,San Diego,073,3302833,2319,1695,0,1695,44
2020-04-10,San Francisco,075,870044,1134,797,0,797,10
2020-04-10,San Joaquin,077,732212,403,234,3,237,14
2020-04-10,San Luis Obispo,079,281455,151,97,0,97,1
2020-04-10,San Mateo,081,765935,919,642,2,644,24
2020-04-10,Santa Barbara,083,443738,413,254,0,254,2
2020-04-10,Santa Clara,085,1922200,1906,1351,1,1352,50
2020-04-10,Santa Cruz,087,273765,99,75,0,75,1
2020-04-10,Shasta,089,179085,29,24,0,24,3
2020-04-10,Sierra,091,2930,0,0,0,0,0
2020-04-10,Siskiyou,093,43540,5,5,0,5,0
2020-04-10,Solano,095,438530,197,129,0,129,2
2020-04-10,Sonoma,097,501317,180,129,0,129,1
2020-04-10,Stanislaus,099,539301,231,101,3,104,0
2020-04-10,Sutter,101,95872,23,18,0,18,2
2020-04-10,Tehama,103,63373,1,1,0,1,0
2020-04-10,Trinity,105,12862,0,0,0,0,0
2020-04-10,Tulare,107,460477,370,163,2,165,10
2020-04-10,Tuolumne,109,53932,3,0,0,0,0
2020-04-10,Ventura,111,848112,454,290,0,290,9
2020-04-10,Yolo,113,214977,130,62,0,62,3
2020-04-10,Yuba,115,75493,14,13,0,13,1
2020-04-09,Alameda,001,1643700,1067,641,0,641,17
2020-04-09,Alpine,003,1148,1,1,0,1,0
2020-04-09,Amador,005,37829,7,2,0,2,0
2020-04-09,Butte,007,227075,19,12,1,13,0
2020-04-09,Calaveras,009,45235,10,5,0,5,0
2020-04-09,Colusa,011,21464,3,3,0,3,0
2020-04-09,Contra Costa,013,1133247,699,505,0,505,7
2020-04-09,Del Norte,015,27424,2,2,0,2,0
2020-04-09,El Dorado,017,186661,44,25,0,25,0
2020-04-09,Fresno,019,978130,423,165,3,168,3
2020-04-09,Glenn,021,27897,4,2,0,2,0
2020-04-09,Humboldt,023,135768,57,36,0,36,0
2020-04-09,Imperial,025,180216,162,67,0,67,2
2020-04-09,Inyo,027,18085,12,11,0,11,0
2020-04-09,Kern,029,883053,591,241,0,241,2
2020-04-09,Kings,031,150075,33,5,1,6,0
2020-04-09,Lake,033,64148,5,1,0,1,0
2020-04-09,Lassen,035,31185,1,0,2,2,0
2020-04-09,Los Angeles,037,10098052,12954,7919,14,7933,220
2020-04-09,Madera,039,155013,61,28,1,29,2
2020-04-09,Marin,041,260295,171,126,1,127,7
2020-04-09,Mariposa,043,17540,0,0,0,0,0
2020-04-09,Mendocino,045,87422,6,4,0,4,0
2020-04-09,Merced,047,269075,97,41,0,41,3
2020-04-09,Modoc,049,8938,0,0,0,0,0
2020-04-09,Mono,051,14174,29,19,0,19,1
2020-04-09,Monterey,053,433212,117,70,0,70,3
2020-04-09,Napa,055,140530,45,27,0,27,2
2020-04-09,Nevada,057,99092,36,23,1,24,1
2020-04-09,Orange,059,3164182,1818,1105,7,1112,19
2020-04-09,Placer,061,380077,142,107,0,107,4
2020-04-09,Plumas,063,18699,4,3,0,3,0
2020-04-09,Riverside,065,2383286,2382,1083,5,1088,29
2020-04-09,Sacramento,067,1510023,874,601,0,601,21
2020-04-09,San Benito,069,59416,36,32,0,32,2
2020-04-09,San Bernardino,071,2135413,1284,717,0,717,27
2020-04-09,San Diego,073,3302833,2223,1630,0,1630,40
2020-04-09,San Francisco,075,870044,1114,748,0,748,8
2020-04-09,San Joaquin,077,732212,382,223,3,226,14
2020-04-09,San Luis Obispo,079,281455,143,93,0,93,1
2020-04-09,San Mateo,081,765935,903,630,2,632,23
2020-04-09,Santa Barbara,083,443738,402,232,0,232,2
2020-04-09,Santa Clara,085,1922200,1837,1301,1,1302,49
2020-04-09,Santa Cruz,087,273765,99,73,0,73,1
2020-04-09,Shasta,089,179085,29,22,0,22,3
2020-04-09,Sierra,091,2930,0,0,0,0,0
2020-04-09,Siskiyou,093,43540,5,4,0,4,0
2020-04-09,Solano,095,438530,188,118,0,118,2
2020-04-09,Sonoma,097,501317,176,113,0,113,1
2020-04-09,Stanislaus,099,539301,219,93,3,96,0
2020-04-09,Sutter,101,95872,23,17,0,17,2
2020-04-09,Tehama,103,63373,1,1,0,1,0
2020-04-09,Trinity,105,12862,0,0,0,0,0
2020-04-09,Tulare,107,460477,344,147,2,149,9
2020-04-09,Tuolumne,109,53932,3,0,0,0,0
2020-04-09,Ventura,111,848112,435,273,0,273,9
2020-04-09,Yolo,113,214977,121,59,0,59,3
2020-04-09,Yuba,115,75493,14,13,0,13,0
2020-04-08,Alameda,001,1643700,1026,594,0,594,15
2020-04-08,Alpine,003,1148,1,1,0,1,0
2020-04-08,Amador,005,37829,7,2,0,2,0
2020-04-08,Butte,007,227075,18,11,1,12,0
2020-04-08,Calaveras,009,45235,10,5,0,5,0
2020-04-08,Colusa,011,21464,3,3,0,3,0
2020-04-08,Contra Costa,013,1133247,686,481,0,481,7
2020-04-08,Del Norte,015,27424,2,2,0,2,0
2020-04-08,El Dorado,017,186661,44,25,0,25,0
2020-04-08,Fresno,019,978130,403,151,3,154,3
2020-04-08,Glenn,021,27897,4,2,0,2,0
2020-04-08,Humboldt,023,135768,57,40,0,40,0
2020-04-08,Imperial,025,180216,151,59,0,59,2
2020-04-08,Inyo,027,18085,12,11,0,11,0
2020-04-08,Kern,029,883053,550,198,0,198,2
2020-04-08,Kings,031,150075,33,5,1,6,0
2020-04-08,Lake,033,64148,5,1,0,1,0
2020-04-08,Lassen,035,31185,1,0,2,2,0
2020-04-08,Los Angeles,037,10098052,12353,7505,14,7519,196
2020-04-08,Madera,039,155013,60,28,1,29,2
2020-04-08,Marin,041,260295,165,125,1,126,7
2020-04-08,Mariposa,043,17540,0,0,0,0,0
2020-04-08,Mendocino,045,87422,6,4,0,4,0
2020-04-08,Merced,047,269075,82,35,0,35,1
2020-04-08,Modoc,049,8938,0,0,0,0,0
2020-04-08,Mono,051,14174,29,19,0,19,1
2020-04-08,Monterey,053,433212,108,68,0,68,3
2020-04-08,Napa,055,140530,43,21,0,21,2
2020-04-08,Nevada,057,99092,36,21,1,22,1
2020-04-08,Orange,059,3164182,1756,1034,7,1041,19
2020-04-08,Placer,061,380077,142,102,0,102,4
2020-04-08,Plumas,063,18699,4,3,0,3,0
2020-04-08,Riverside,065,2383286,2228,974,5,979,28
2020-04-08,Sacramento,067,1510023,840,565,0,565,21
2020-04-08,San Benito,069,59416,36,31,0,31,2
2020-04-08,San Bernardino,071,2135413,1227,635,0,635,22
2020-04-08,San Diego,073,3302833,2149,1532,0,1532,36
2020-04-08,San Francisco,075,870044,1046,687,0,687,7
2020-04-08,San Joaquin,077,732212,365,211,3,214,12
2020-04-08,San Luis Obispo,079,281455,141,90,0,90,1
2020-04-08,San Mateo,081,765935,888,608,2,610,22
2020-04-08,Santa Barbara,083,443738,384,221,0,221,2
2020-04-08,Santa Clara,085,1922200,1793,1257,1,1258,47
2020-04-08,Santa Cruz,087,273765,98,69,0,69,1
2020-04-08,Shasta,089,179085,29,18,0,18,3
2020-04-08,Sierra,091,2930,0,0,0,0,0
2020-04-08,Siskiyou,093,43540,5,4,0,4,0
2020-04-08,Solano,095,438530,175,111,0,111,2
2020-04-08,Sonoma,097,501317,171,107,0,107,1
2020-04-08,Stanislaus,099,539301,203,86,3,89,0
2020-04-08,Sutter,101,95872,22,17,0,17,2
2020-04-08,Tehama,103,63373,1,1,0,1,0
2020-04-08,Trinity,105,12862,0,0,0,0,0
2020-04-08,Tulare,107,460477,314,145,2,147,6
2020-04-08,Tuolumne,109,53932,3,0,0,0,0
2020-04-08,Ventura,111,848112,426,263,0,263,7
2020-04-08,Yolo,113,214977,104,56,0,56,3
2020-04-08,Yuba,115,75493,14,10,0,10,0
2020-04-07,Alameda,001,1643700,991,560,0,560,14
2020-04-07,Alpine,003,1148,1,1,0,1,0
2020-04-07,Amador,005,37829,7,2,0,2,0
2020-04-07,Butte,007,227075,17,11,1,12,0
2020-04-07,Calaveras,009,45235,9,5,0,5,0
2020-04-07,Colusa,011,21464,3,2,0,2,0
2020-04-07,Contra Costa,013,1133247,666,471,0,471,7
2020-04-07,Del Norte,015,27424,2,2,0,2,0
2020-04-07,El Dorado,017,186661,43,22,0,22,0
2020-04-07,Fresno,019,978130,388,138,3,141,3
2020-04-07,Glenn,021,27897,4,2,0,2,0
2020-04-07,Humboldt,023,135768,56,40,0,40,0
2020-04-07,Imperial,025,180216,133,53,0,53,2
2020-04-07,Inyo,027,18085,12,11,0,11,0
2020-04-07,Kern,029,883053,507,134,0,134,2
2020-04-07,Kings,031,150075,31,5,1,6,0
2020-04-07,Lake,033,64148,4,1,0,1,0
2020-04-07,Lassen,035,31185,1,0,2,2,0
2020-04-07,Los Angeles,037,10098052,11703,6885,14,6899,170
2020-04-07,Madera,039,155013,58,28,0,28,2
2020-04-07,Marin,041,260295,163,122,1,123,7
2020-04-07,Mariposa,043,17540,0,0,0,0,0
2020-04-07,Mendocino,045,87422,6,4,0,4,0
2020-04-07,Merced,047,269075,67,27,0,27,1
2020-04-07,Modoc,049,8938,0,0,0,0,0
2020-04-07,Mono,051,14174,28,18,0,18,1
2020-04-07,Monterey,053,433212,100,63,0,63,2
2020-04-07,Napa,055,140530,41,18,0,18,2
2020-04-07,Nevada,057,99092,36,20,1,21,1
2020-04-07,Orange,059,3164182,1709,971,6,977,19
2020-04-07,Placer,061,380077,137,94,0,94,3
2020-04-07,Plumas,063,18699,4,3,0,3,0
2020-04-07,Riverside,065,2383286,2072,905,5,910,25
2020-04-07,Sacramento,067,1510023,810,513,0,513,18
2020-04-07,San Benito,069,59416,36,26,0,26,2
2020-04-07,San Bernardino,071,2135413,1160,554,0,554,19
2020-04-07,San Diego,073,3302833,2072,1456,0,1456,31
2020-04-07,San Francisco,075,870044,986,636,0,636,6
2020-04-07,San Joaquin,077,732212,347,198,3,201,12
2020-04-07,San Luis Obispo,079,281455,136,87,0,87,1
2020-04-07,San Mateo,081,765935,867,573,2,575,22
2020-04-07,Santa Barbara,083,443738,369,209,0,209,2
2020-04-07,Santa Clara,085,1922200,1724,1193,1,1194,46
2020-04-07,Santa Cruz,087,273765,98,67,0,67,1
2020-04-07,Shasta,089,179085,28,16,0,16,3
2020-04-07,Sierra,091,2930,0,0,0,0,0
2020-04-07,Siskiyou,093,43540,5,4,0,4,0
2020-04-07,Solano,095,438530,170,99,0,99,1
2020-04-07,Sonoma,097,501317,168,102,0,102,1
2020-04-07,Stanislaus,099,539301,186,83,3,86,0
2020-04-07,Sutter,101,95872,22,16,0,16,2
2020-04-07,Tehama,103,63373,1,1,0,1,0
2020-04-07,Trinity,105,12862,0,0,0,0,0
2020-04-07,Tulare,107,460477,287,144,2,146,5
2020-04-07,Tuolumne,109,53932,3,1,0,1,0
2020-04-07,Ventura,111,848112,409,247,0,247,6
2020-04-07,Yolo,113,214977,97,51,0,51,2
2020-04-07,Yuba,115,75493,14,10,0,10,0
2020-04-06,Alameda,001,1643700,961,527,0,527,13
2020-04-06,Alpine,003,1148,1,1,0,1,0
2020-04-06,Amador,005,37829,6,2,0,2,0
2020-04-06,Butte,007,227075,16,11,1,12,0
2020-04-06,Calaveras,009,45235,9,4,0,4,0
2020-04-06,Colusa,011,21464,3,1,0,1,0
2020-04-06,Contra Costa,013,1133247,641,447,0,447,7
2020-04-06,Del Norte,015,27424,2,2,0,2,0
2020-04-06,El Dorado,017,186661,41,23,0,23,0
2020-04-06,Fresno,019,978130,367,122,3,125,1
2020-04-06,Glenn,021,27897,4,2,0,2,0
2020-04-06,Humboldt,023,135768,55,37,0,37,0
2020-04-06,Imperial,025,180216,126,47,0,47,1
2020-04-06,Inyo,027,18085,11,11,0,11,0
2020-04-06,Kern,029,883053,470,117,0,117,2
2020-04-06,Kings,031,150075,31,3,1,4,0
2020-04-06,Lake,033,64148,4,1,0,1,0
2020-04-06,Lassen,035,31185,1,0,2,2,0
2020-04-06,Los Angeles,037,10098052,10971,6346,14,6360,145
2020-04-06,Madera,039,155013,56,29,0,29,2
2020-04-06,Marin,041,260295,160,119,1,120,7
2020-04-06,Mariposa,043,17540,0,0,0,0,0
2020-04-06,Mendocino,045,87422,6,4,0,4,0
2020-04-06,Merced,047,269075,60,25,0,25,1
2020-04-06,Modoc,049,8938,0,0,0,0,0
2020-04-06,Mono,051,14174,28,18,0,18,1
2020-04-06,Monterey,053,433212,95,62,0,62,2
2020-04-06,Napa,055,140530,41,18,0,18,2
2020-04-06,Nevada,057,99092,36,19,1,20,1
2020-04-06,Orange,059,3164182,1664,910,5,915,17
2020-04-06,Placer,061,380077,137,90,0,90,3
2020-04-06,Plumas,063,18699,4,2,0,2,0
2020-04-06,Riverside,065,2383286,1946,854,5,859,17
2020-04-06,Sacramento,067,1510023,780,448,0,448,15
2020-04-06,San Benito,069,59416,34,25,0,25,1
2020-04-06,San Bernardino,071,2135413,1101,550,0,550,13
2020-04-06,San Diego,073,3302833,1990,1406,0,1406,19
2020-04-06,San Francisco,075,870044,946,586,0,586,6
2020-04-06,San Joaquin,077,732212,332,191,3,194,10
2020-04-06,San Luis Obispo,079,281455,134,85,0,85,1
2020-04-06,San Mateo,081,765935,849,569,2,571,20
2020-04-06,Santa Barbara,083,443738,357,189,0,189,2
2020-04-06,Santa Clara,085,1922200,1672,1128,1,1129,43
2020-04-06,Santa Cruz,087,273765,96,65,0,65,1
2020-04-06,Shasta,089,179085,28,16,0,16,3
2020-04-06,Sierra,091,2930,0,0,0,0,0
2020-04-06,Siskiyou,093,43540,4,4,0,4,0
2020-04-06,Solano,095,438530,163,95,0,95,1
2020-04-06,Sonoma,097,501317,167,102,0,102,1
2020-04-06,Stanislaus,099,539301,170,72,3,75,0
2020-04-06,Sutter,101,95872,22,14,0,14,2
2020-04-06,Tehama,103,63373,1,1,0,1,0
2020-04-06,Trinity,105,12862,0,0,0,0,0
2020-04-06,Tulare,107,460477,274,126,2,128,5
2020-04-06,Tuolumne,109,53932,3,1,0,1,0
2020-04-06,Ventura,111,848112,391,234,0,234,6
2020-04-06,Yolo,113,214977,93,43,0,43,1
2020-04-06,Yuba,115,75493,14,8,0,8,0
2020-04-05,Alameda,001,1643700,919,475,0,475,12
2020-04-05,Alpine,003,1148,1,1,0,1,0
2020-04-05,Amador,005,37829,6,2,0,2,0
2020-04-05,Butte,007,227075,16,10,1,11,0
2020-04-05,Calaveras,009,45235,9,3,0,3,0
2020-04-05,Colusa,011,21464,3,1,0,1,0
2020-04-05,Contra Costa,013,1133247,624,415,0,415,6
2020-04-05,Del Norte,015,27424,2,1,0,1,0
2020-04-05,El Dorado,017,186661,40,19,0,19,0
2020-04-05,Fresno,019,978130,334,102,3,105,1
2020-04-05,Glenn,021,27897,4,2,0,2,0
2020-04-05,Humboldt,023,135768,55,29,0,29,0
2020-04-05,Imperial,025,180216,118,42,0,42,1
2020-04-05,Inyo,027,18085,11,10,0,10,0
2020-04-05,Kern,029,883053,415,109,0,109,2
2020-04-05,Kings,031,150075,30,4,1,5,0
2020-04-05,Lake,033,64148,4,0,0,0,0
2020-04-05,Lassen,035,31185,1,0,2,2,0
2020-04-05,Los Angeles,037,10098052,10400,5892,14,5906,130
2020-04-05,Madera,039,155013,55,27,0,27,2
2020-04-05,Marin,041,260295,160,113,1,114,6
2020-04-05,Mariposa,043,17540,0,0,0,0,0
2020-04-05,Mendocino,045,87422,6,4,0,4,0
2020-04-05,Merced,047,269075,53,16,0,16,0
2020-04-05,Modoc,049,8938,0,0,0,0,0
2020-04-05,Mono,051,14174,28,18,0,18,1
2020-04-05,Monterey,053,433212,88,61,0,61,2
2020-04-05,Napa,055,140530,39,15,0,15,2
2020-04-05,Nevada,057,99092,36,19,1,20,1
2020-04-05,Orange,059,3164182,1606,820,5,825,15
2020-04-05,Placer,061,380077,134,86,0,86,3
2020-04-05,Plumas,063,18699,3,2,0,2,0
2020-04-05,Riverside,065,2383286,1817,669,5,674,17
2020-04-05,Sacramento,067,1510023,749,393,0,393,11
2020-04-05,San Benito,069,59416,34,22,0,22,1
2020-04-05,San Bernardino,071,2135413,1027,375,0,375,13
2020-04-05,San Diego,073,3302833,1908,1328,0,1328,19
2020-04-05,San Francisco,075,870044,899,559,0,559,6
2020-04-05,San Joaquin,077,732212,317,179,3,182,10
2020-04-05,San Luis Obispo,079,281455,132,83,0,83,1
2020-04-05,San Mateo,081,765935,829,528,2,530,19
2020-04-05,Santa Barbara,083,443738,337,171,0,171,1
2020-04-05,Santa Clara,085,1922200,1626,1052,1,1053,42
2020-04-05,Santa Cruz,087,273765,96,59,0,59,1
2020-04-05,Shasta,089,179085,27,11,0,11,2
2020-04-05,Sierra,091,2930,0,0,0,0,0
2020-04-05,Siskiyou,093,43540,4,3,0,3,0
2020-04-05,Solano,095,438530,159,78,0,78,1
2020-04-05,Sonoma,097,501317,165,88,0,88,1
2020-04-05,Stanislaus,099,539301,156,51,3,54,0
2020-04-05,Sutter,101,95872,22,14,0,14,1
2020-04-05,Tehama,103,63373,1,1,0,1,0
2020-04-05,Trinity,105,12862,0,0,0,0,0
2020-04-05,Tulare,107,460477,242,81,2,83,4
2020-04-05,Tuolumne,109,53932,3,1,0,1,0
2020-04-05,Ventura,111,848112,377,196,0,196,6
2020-04-05,Yolo,113,214977,75,37,0,37,2
2020-04-05,Yuba,115,75493,14,7,0,7,0
2020-04-04,Alameda,001,1643700,896,468,0,468,12
2020-04-04,Alpine,003,1148,1,1,0,1,0
2020-04-04,Amador,005,37829,5,2,0,2,0
2020-04-04,Butte,007,227075,16,10,1,11,0
2020-04-04,Calaveras,009,45235,9,3,0,3,0
2020-04-04,Colusa,011,21464,3,1,0,1,0
2020-04-04,Contra Costa,013,1133247,616,382,0,382,5
2020-04-04,Del Norte,015,27424,2,1,0,1,0
2020-04-04,El Dorado,017,186661,40,19,0,19,0
2020-04-04,Fresno,019,978130,324,102,3,105,1
2020-04-04,Glenn,021,27897,4,2,0,2,0
2020-04-04,Humboldt,023,135768,55,29,0,29,0
2020-04-04,Imperial,025,180216,117,42,0,42,1
2020-04-04,Inyo,027,18085,11,10,0,10,0
2020-04-04,Kern,029,883053,385,103,0,103,2
2020-04-04,Kings,031,150075,30,3,1,4,0
2020-04-04,Lake,033,64148,4,0,0,0,0
2020-04-04,Lassen,035,31185,1,0,2,2,0
2020-04-04,Los Angeles,037,10098052,9783,5275,14,5289,117
2020-04-04,Madera,039,155013,53,27,0,27,2
2020-04-04,Marin,041,260295,158,111,0,111,6
2020-04-04,Mariposa,043,17540,0,0,0,0,0
2020-04-04,Mendocino,045,87422,6,4,0,4,0
2020-04-04,Merced,047,269075,49,11,0,11,0
2020-04-04,Modoc,049,8938,0,0,0,0,0
2020-04-04,Mono,051,14174,28,18,0,18,1
2020-04-04,Monterey,053,433212,85,61,0,61,2
2020-04-04,Napa,055,140530,39,15,0,15,2
2020-04-04,Nevada,057,99092,36,19,1,20,1
2020-04-04,Orange,059,3164182,1564,781,4,785,15
2020-04-04,Placer,061,380077,133,87,0,87,2
2020-04-04,Plumas,063,18699,3,2,0,2,0
2020-04-04,Riverside,065,2383286,1716,652,5,657,15
2020-04-04,Sacramento,067,1510023,731,393,0,393,11
2020-04-04,San Benito,069,59416,34,22,0,22,1
2020-04-04,San Bernardino,071,2135413,979,373,0,373,13
2020-04-04,San Diego,073,3302833,1860,1211,0,1211,18
2020-04-04,San Francisco,075,870044,861,537,0,537,6
2020-04-04,San Joaquin,077,732212,294,171,3,174,10
2020-04-04,San Luis Obispo,079,281455,132,82,0,82,0
2020-04-04,San Mateo,081,765935,817,520,2,522,17
2020-04-04,Santa Barbara,083,443738,328,167,0,167,1
2020-04-04,Santa Clara,085,1922200,1575,1045,1,1046,39
2020-04-04,Santa Cruz,087,273765,96,56,0,56,1
2020-04-04,Shasta,089,179085,26,11,0,11,2
2020-04-04,Sierra,091,2930,0,0,0,0,0
2020-04-04,Siskiyou,093,43540,4,3,0,3,0
2020-04-04,Solano,095,438530,154,79,0,79,1
2020-04-04,Sonoma,097,501317,162,88,0,88,1
2020-04-04,Stanislaus,099,539301,145,51,3,54,0
2020-04-04,Sutter,101,95872,22,14,0,14,1
2020-04-04,Tehama,103,63373,1,1,0,1,0
2020-04-04,Trinity,105,12862,0,0,0,0,0
2020-04-04,Tulare,107,460477,228,79,2,81,4
2020-04-04,Tuolumne,109,53932,3,1,0,1,0
2020-04-04,Ventura,111,848112,364,194,0,194,6
2020-04-04,Yolo,113,214977,73,40,0,40,2
2020-04-04,Yuba,115,75493,13,7,0,7,0
2020-04-03,Alameda,001,1643700,860,395,0,395,11
2020-04-03,Alpine,003,1148,1,1,0,1,0
2020-04-03,Amador,005,37829,5,2,0,2,0
2020-04-03,Butte,007,227075,16,8,1,9,0
2020-04-03,Calaveras,009,45235,9,3,0,3,0
2020-04-03,Colusa,011,21464,3,1,0,1,0
2020-04-03,Contra Costa,013,1133247,593,327,0,327,5
2020-04-03,Del Norte,015,27424,2,1,0,1,0
2020-04-03,El Dorado,017,186661,38,16,0,16,0
2020-04-03,Fresno,019,978130,312,98,3,101,1
2020-04-03,Glenn,021,27897,4,2,0,2,0
2020-04-03,Humboldt,023,135768,55,34,0,34,0
2020-04-03,Imperial,025,180216,108,35,0,35,0
2020-04-03,Inyo,027,18085,11,10,0,10,0
2020-04-03,Kern,029,883053,359,87,0,87,1
2020-04-03,Kings,031,150075,28,3,1,4,0
2020-04-03,Lake,033,64148,3,0,0,0,0
2020-04-03,Lassen,035,31185,1,0,2,2,0
2020-04-03,Los Angeles,037,10098052,9167,4566,14,4580,91
2020-04-03,Madera,039,155013,52,28,0,28,2
2020-04-03,Marin,041,260295,156,106,0,106,6
2020-04-03,Mariposa,043,17540,0,0,0,0,0
2020-04-03,Mendocino,045,87422,6,4,0,4,0
2020-04-03,Merced,047,269075,46,9,0,9,0
2020-04-03,Modoc,049,8938,0,0,0,0,0
2020-04-03,Mono,051,14174,28,18,0,18,1
2020-04-03,Monterey,053,433212,82,58,0,58,2
2020-04-03,Napa,055,140530,38,13,0,13,1
2020-04-03,Nevada,057,99092,36,19,1,20,1
2020-04-03,Orange,059,3164182,1525,713,4,717,13
2020-04-03,Placer,061,380077,129,76,0,76,2
2020-04-03,Plumas,063,18699,3,2,0,2,0
2020-04-03,Riverside,065,2383286,1636,540,5,545,14
2020-04-03,Sacramento,067,1510023,710,363,0,363,11
2020-04-03,San Benito,069,59416,34,22,0,22,1
2020-04-03,San Bernardino,071,2135413,934,356,0,356,11
2020-04-03,San Diego,073,3302833,1800,1114,0,1114,17
2020-04-03,San Francisco,075,870044,836,506,0,506,6
2020-04-03,San Joaquin,077,732212,282,162,3,165,10
2020-04-03,San Luis Obispo,079,281455,132,82,0,82,0
2020-04-03,San Mateo,081,765935,800,474,2,476,13
2020-04-03,Santa Barbara,083,443738,316,154,0,154,1
2020-04-03,Santa Clara,085,1922200,1541,983,1,984,39
2020-04-03,Santa Cruz,087,273765,96,52,0,52,1
2020-04-03,Shasta,089,179085,26,10,0,10,1
2020-04-03,Sierra,091,2930,0,0,0,0,0
2020-04-03,Siskiyou,093,43540,4,3,0,3,0
2020-04-03,Solano,095,438530,146,72,0,72,1
2020-04-03,Sonoma,097,501317,162,84,0,84,1
2020-04-03,Stanislaus,099,539301,139,48,3,51,0
2020-04-03,Sutter,101,95872,22,12,0,12,1
2020-04-03,Tehama,103,63373,1,1,0,1,0
2020-04-03,Trinity,105,12862,0,0,0,0,0
2020-04-03,Tulare,107,460477,215,73,2,75,3
2020-04-03,Tuolumne,109,53932,3,1,0,1,0
2020-04-03,Ventura,111,848112,354,186,0,186,6
2020-04-03,Yolo,113,214977,72,33,0,33,1
2020-04-03,Yuba,115,75493,13,6,0,6,0
2020-04-02,Alameda,001,1643700,809,345,0,345,10
2020-04-02,Alpine,003,1148,1,1,0,1,0
2020-04-02,Amador,005,37829,5,2,0,2,0
2020-04-02,Butte,007,227075,16,7,0,7,0
2020-04-02,Calaveras,009,45235,7,3,0,3,0
2020-04-02,Colusa,011,21464,3,1,0,1,0
2020-04-02,Contra Costa,013,1133247,563,297,0,297,3
2020-04-02,Del Norte,015,27424,2,0,0,0,0
2020-04-02,El Dorado,017,186661,36,16,0,16,0
2020-04-02,Fresno,019,978130,296,92,3,95,0
2020-04-02,Glenn,021,27897,3,2,0,2,0
2020-04-02,Humboldt,023,135768,51,23,0,23,0
2020-04-02,Imperial,025,180216,104,24,0,24,0
2020-04-02,Inyo,027,18085,10,8,0,8,0
2020-04-02,Kern,029,883053,332,74,0,74,0
2020-04-02,Kings,031,150075,28,3,1,4,0
2020-04-02,Lake,033,64148,3,0,0,0,0
2020-04-02,Lassen,035,31185,1,0,2,2,0
2020-04-02,Los Angeles,037,10098052,8336,4040,14,4054,79
2020-04-02,Madera,039,155013,50,25,0,25,1
2020-04-02,Marin,041,260295,150,102,0,102,1
2020-04-02,Mariposa,043,17540,0,0,0,0,0
2020-04-02,Mendocino,045,87422,6,4,0,4,0
2020-04-02,Merced,047,269075,41,9,0,9,0
2020-04-02,Modoc,049,8938,0,0,0,0,0
2020-04-02,Mono,051,14174,28,16,0,16,1
2020-04-02,Monterey,053,433212,80,50,0,50,2
2020-04-02,Napa,055,140530,38,13,0,13,0
2020-04-02,Nevada,057,99092,35,17,1,18,0
2020-04-02,Orange,059,3164182,1472,640,4,644,12
2020-04-02,Placer,061,380077,128,72,0,72,2
2020-04-02,Plumas,063,18699,3,1,0,1,0
2020-04-02,Riverside,065,2383286,1520,438,5,443,13
2020-04-02,Sacramento,067,1510023,692,322,0,322,9
2020-04-02,San Benito,069,59416,32,18,0,18,1
2020-04-02,San Bernardino,071,2135413,879,335,0,335,8
2020-04-02,San Diego,073,3302833,1733,968,0,968,16
2020-04-02,San Francisco,075,870044,809,473,0,473,6
2020-04-02,San Joaquin,077,732212,263,148,3,151,9
2020-04-02,San Luis Obispo,079,281455,127,79,0,79,0
2020-04-02,San Mateo,081,765935,779,423,2,425,13
2020-04-02,Santa Barbara,083,443738,303,125,0,125,1
2020-04-02,Santa Clara,085,1922200,1490,908,1,909,38
2020-04-02,Santa Cruz,087,273765,94,49,0,49,1
2020-04-02,Shasta,089,179085,25,7,0,7,1
2020-04-02,Sierra,091,2930,0,0,0,0,0
2020-04-02,Siskiyou,093,43540,4,3,0,3,0
2020-04-02,Solano,095,438530,136,65,0,65,0
2020-04-02,Sonoma,097,501317,158,76,0,76,1
2020-04-02,Stanislaus,099,539301,128,40,3,43,0
2020-04-02,Sutter,101,95872,21,10,0,10,1
2020-04-02,Tehama,103,63373,1,1,0,1,0
2020-04-02,Trinity,105,12862,0,0,0,0,0
2020-04-02,Tulare,107,460477,187,64,2,66,1
2020-04-02,Tuolumne,109,53932,3,1,0,1,0
2020-04-02,Ventura,111,848112,336,178,0,178,5
2020-04-02,Yolo,113,214977,70,29,0,29,1
2020-04-02,Yuba,115,75493,10,5,0,5,0
2020-04-01,Alameda,001,1643700,783,287,0,287,8
2020-04-01,Alpine,003,1148,1,1,0,1,0
2020-04-01,Amador,005,37829,5,1,0,1,0
2020-04-01,Butte,007,227075,16,6,0,6,0
2020-04-01,Calaveras,009,45235,6,3,0,3,0
2020-04-01,Colusa,011,21464,3,1,0,1,0
2020-04-01,Contra Costa,013,1133247,519,267,0,267,3
2020-04-01,Del Norte,015,27424,2,0,0,0,0
2020-04-01,El Dorado,017,186661,35,14,0,14,0
2020-04-01,Fresno,019,978130,276,75,2,77,0
2020-04-01,Glenn,021,27897,3,2,0,2,0
2020-04-01,Humboldt,023,135768,51,19,0,19,0
2020-04-01,Imperial,025,180216,97,25,0,25,0
2020-04-01,Inyo,027,18085,10,8,0,8,0
2020-04-01,Kern,029,883053,305,53,0,53,0
2020-04-01,Kings,031,150075,26,3,1,4,0
2020-04-01,Lake,033,64148,3,0,0,0,0
2020-04-01,Lassen,035,31185,1,0,2,2,0
2020-04-01,Los Angeles,037,10098052,7686,3502,14,3516,66
2020-04-01,Madera,039,155013,48,17,0,17,1
2020-04-01,Marin,041,260295,146,87,0,87,1
2020-04-01,Mariposa,043,17540,0,0,0,0,0
2020-04-01,Mendocino,045,87422,6,4,0,4,0
2020-04-01,Merced,047,269075,38,7,0,7,0
2020-04-01,Modoc,049,8938,0,0,0,0,0
2020-04-01,Mono,051,14174,28,12,0,12,1
2020-04-01,Monterey,053,433212,79,47,0,47,2
2020-04-01,Napa,055,140530,36,11,0,11,0
2020-04-01,Nevada,057,99092,35,15,1,16,0
2020-04-01,Orange,059,3164182,1419,579,4,583,11
2020-04-01,Placer,061,380077,127,52,0,52,2
2020-04-01,Plumas,063,18699,3,1,0,1,0
2020-04-01,Riverside,065,2383286,1352,306,5,311,11
2020-04-01,Sacramento,067,1510023,660,299,0,299,8
2020-04-01,San Benito,069,59416,29,14,0,14,1
2020-04-01,San Bernardino,071,2135413,830,245,0,245,5
2020-04-01,San Diego,073,3302833,1663,851,0,851,11
2020-04-01,San Francisco,075,870044,781,432,0,432,6
2020-04-01,San Joaquin,077,732212,252,132,3,135,8
2020-04-01,San Luis Obispo,079,281455,121,69,0,69,0
2020-04-01,San Mateo,081,765935,761,354,2,356,13
2020-04-01,Santa Barbara,083,443738,285,103,0,103,0
2020-04-01,Santa Clara,085,1922200,1450,805,1,806,33
2020-04-01,Santa Cruz,087,273765,89,44,0,44,1
2020-04-01,Shasta,089,179085,24,5,0,5,1
2020-04-01,Sierra,091,2930,0,0,0,0,0
2020-04-01,Siskiyou,093,43540,4,3,0,3,0
2020-04-01,Solano,095,438530,131,57,0,57,0
2020-04-01,Sonoma,097,501317,154,60,0,60,1
2020-04-01,Stanislaus,099,539301,117,29,3,32,0
2020-04-01,Sutter,101,95872,21,9,0,9,1
2020-04-01,Tehama,103,63373,1,0,0,0,0
2020-04-01,Trinity,105,12862,0,0,0,0,0
2020-04-01,Tulare,107,460477,152,43,2,45,1
2020-04-01,Tuolumne,109,53932,3,1,0,1,0
2020-04-01,Ventura,111,848112,323,154,0,154,5
2020-04-01,Yolo,113,214977,65,22,0,22,1
2020-04-01,Yuba,115,75493,9,5,0,5,0
2020-03-31,Alameda,001,1643700,715,269,0,269,7
2020-03-31,Alpine,003,1148,1,1,0,1,0
2020-03-31,Amador,005,37829,5,1,0,1,0
2020-03-31,Butte,007,227075,16,6,0,6,0
2020-03-31,Calaveras,009,45235,6,3,0,3,0
2020-03-31,Colusa,011,21464,3,1,0,1,0
2020-03-31,Contra Costa,013,1133247,494,246,0,246,3
2020-03-31,Del Norte,015,27424,1,0,0,0,0
2020-03-31,El Dorado,017,186661,31,14,0,14,0
2020-03-31,Fresno,019,978130,251,59,2,61,0
2020-03-31,Glenn,021,27897,3,2,0,2,0
2020-03-31,Humboldt,023,135768,51,18,0,18,0
2020-03-31,Imperial,025,180216,92,17,0,17,0
2020-03-31,Inyo,027,18085,10,8,0,8,0
2020-03-31,Kern,029,883053,281,47,0,47,0
2020-03-31,Kings,031,150075,24,2,1,3,0
2020-03-31,Lake,033,64148,1,0,0,0,0
2020-03-31,Lassen,035,31185,1,0,2,2,0
2020-03-31,Los Angeles,037,10098052,7021,3001,14,3015,53
2020-03-31,Madera,039,155013,47,17,0,17,1
2020-03-31,Marin,041,260295,137,85,0,85,1
2020-03-31,Mariposa,043,17540,0,0,0,0,0
2020-03-31,Mendocino,045,87422,6,4,0,4,0
2020-03-31,Merced,047,269075,33,6,0,6,0
2020-03-31,Modoc,049,8938,0,0,0,0,0
2020-03-31,Mono,051,14174,26,12,0,12,0
2020-03-31,Monterey,053,433212,77,43,0,43,2
2020-03-31,Napa,055,140530,35,9,0,9,0
2020-03-31,Nevada,057,99092,35,15,1,16,0
2020-03-31,Orange,059,3164182,1351,506,4,510,7
2020-03-31,Placer,061,380077,120,49,0,49,2
2020-03-31,Plumas,063,18699,1,0,0,0,0
2020-03-31,Riverside,065,2383286,1206,284,5,289,8
2020-03-31,Sacramento,067,1510023,608,271,0,271,8
2020-03-31,San Benito,069,59416,29,14,0,14,1
2020-03-31,San Bernardino,071,2135413,746,193,0,193,5
2020-03-31,San Diego,073,3302833,1581,736,0,736,9
2020-03-31,San Francisco,075,870044,746,404,0,404,5
2020-03-31,San Joaquin,077,732212,236,122,3,125,7
2020-03-31,San Luis Obispo,079,281455,118,67,0,67,0
2020-03-31,San Mateo,081,765935,742,297,2,299,12
2020-03-31,Santa Barbara,083,443738,268,89,0,89,0
2020-03-31,Santa Clara,085,1922200,1401,777,1,778,30
2020-03-31,Santa Cruz,087,273765,83,40,0,40,1
2020-03-31,Shasta,089,179085,21,5,0,5,1
2020-03-31,Sierra,091,2930,0,0,0,0,0
2020-03-31,Siskiyou,093,43540,4,3,0,3,0
2020-03-31,Solano,095,438530,117,56,0,56,0
2020-03-31,Sonoma,097,501317,149,58,0,58,1
2020-03-31,Stanislaus,099,539301,102,28,3,31,0
2020-03-31,Sutter,101,95872,21,8,0,8,0
2020-03-31,Tehama,103,63373,1,0,0,0,0
2020-03-31,Trinity,105,12862,0,0,0,0,0
2020-03-31,Tulare,107,460477,130,42,2,44,1
2020-03-31,Tuolumne,109,53932,3,1,0,1,0
2020-03-31,Ventura,111,848112,312,143,0,143,4
2020-03-31,Yolo,113,214977,58,21,0,21,1
2020-03-31,Yuba,115,75493,9,5,0,5,0
2020-03-30,Alameda,001,1643700,675,250,0,250,7
2020-03-30,Alpine,003,1148,1,1,0,1,0
2020-03-30,Amador,005,37829,5,1,0,1,0
2020-03-30,Butte,007,227075,14,5,0,5,0
2020-03-30,Calaveras,009,45235,6,3,0,3,0
2020-03-30,Colusa,011,21464,3,1,0,1,0
2020-03-30,Contra Costa,013,1133247,468,212,0,212,3
2020-03-30,Del Norte,015,27424,0,0,0,0,0
2020-03-30,El Dorado,017,186661,31,11,0,11,0
2020-03-30,Fresno,019,978130,226,46,2,48,0
2020-03-30,Glenn,021,27897,3,2,0,2,0
2020-03-30,Humboldt,023,135768,49,11,0,11,0
2020-03-30,Imperial,025,180216,88,9,0,9,0
2020-03-30,Inyo,027,18085,10,5,0,5,0
2020-03-30,Kern,029,883053,248,30,0,30,0
2020-03-30,Kings,031,150075,24,1,1,2,0
2020-03-30,Lake,033,64148,1,0,0,0,0
2020-03-30,Lassen,035,31185,1,0,1,1,0
2020-03-30,Los Angeles,037,10098052,6366,2467,14,2481,44
2020-03-30,Madera,039,155013,46,14,0,14,1
2020-03-30,Marin,041,260295,130,78,0,78,0
2020-03-30,Mariposa,043,17540,0,0,0,0,0
2020-03-30,Mendocino,045,87422,5,2,0,2,0
2020-03-30,Merced,047,269075,29,6,0,6,0
2020-03-30,Modoc,049,8938,0,0,0,0,0
2020-03-30,Mono,051,14174,26,11,0,11,0
2020-03-30,Monterey,053,433212,72,41,0,41,1
2020-03-30,Napa,055,140530,34,9,0,9,0
2020-03-30,Nevada,057,99092,34,14,1,15,0
2020-03-30,Orange,059,3164182,1286,418,4,422,5
2020-03-30,Placer,061,380077,117,44,0,44,2
2020-03-30,Plumas,063,18699,1,0,0,0,0
2020-03-30,Riverside,065,2383286,1126,204,5,209,7
2020-03-30,Sacramento,067,1510023,584,238,0,238,8
2020-03-30,San Benito,069,59416,29,11,0,11,1
2020-03-30,San Bernardino,071,2135413,702,145,0,145,4
2020-03-30,San Diego,073,3302833,1511,605,0,605,7
2020-03-30,San Francisco,075,870044,706,368,0,368,5
2020-03-30,San Joaquin,077,732212,229,112,3,115,5
2020-03-30,San Luis Obispo,079,281455,116,62,0,62,0
2020-03-30,San Mateo,081,765935,718,257,2,259,11
2020-03-30,Santa Barbara,083,443738,258,79,0,79,0
2020-03-30,Santa Clara,085,1922200,1370,745,1,746,31
2020-03-30,Santa Cruz,087,273765,80,36,0,36,1
2020-03-30,Shasta,089,179085,20,4,0,4,1
2020-03-30,Sierra,091,2930,0,0,0,0,0
2020-03-30,Siskiyou,093,43540,4,2,0,2,0
2020-03-30,Solano,095,438530,111,50,0,50,0
2020-03-30,Sonoma,097,501317,146,57,0,57,1
2020-03-30,Stanislaus,099,539301,95,28,3,31,0
2020-03-30,Sutter,101,95872,20,6,0,6,0
2020-03-30,Tehama,103,63373,1,0,0,0,0
2020-03-30,Trinity,105,12862,0,0,0,0,0
2020-03-30,Tulare,107,460477,120,40,2,42,1
2020-03-30,Tuolumne,109,53932,3,1,0,1,0
2020-03-30,Ventura,111,848112,301,118,0,118,2
2020-03-30,Yolo,113,214977,56,17,0,17,1
2020-03-30,Yuba,115,75493,8,5,0,5,0
2020-03-29,Alameda,001,1643700,641,207,0,207,6
2020-03-29,Alpine,003,1148,1,0,0,0,0
2020-03-29,Amador,005,37829,5,1,0,1,0
2020-03-29,Butte,007,227075,14,4,0,4,0
2020-03-29,Calaveras,009,45235,6,2,0,2,0
2020-03-29,Colusa,011,21464,3,1,0,1,0
2020-03-29,Contra Costa,013,1133247,438,187,0,187,3
2020-03-29,Del Norte,015,27424,0,0,0,0,0
2020-03-29,El Dorado,017,186661,30,9,0,9,0
2020-03-29,Fresno,019,978130,202,31,2,33,0
2020-03-29,Glenn,021,27897,2,1,0,1,0
2020-03-29,Humboldt,023,135768,46,9,0,9,0
2020-03-29,Imperial,025,180216,82,9,0,9,0
2020-03-29,Inyo,027,18085,9,0,0,0,0
2020-03-29,Kern,029,883053,230,20,0,20,0
2020-03-29,Kings,031,150075,21,1,1,2,0
2020-03-29,Lake,033,64148,0,0,0,0,0
2020-03-29,Lassen,035,31185,1,0,1,1,0
2020-03-29,Los Angeles,037,10098052,5720,2119,14,2133,37
2020-03-29,Madera,039,155013,41,11,0,11,1
2020-03-29,Marin,041,260295,125,60,0,60,0
2020-03-29,Mariposa,043,17540,0,0,0,0,0
2020-03-29,Mendocino,045,87422,5,2,0,2,0
2020-03-29,Merced,047,269075,28,4,0,4,0
2020-03-29,Modoc,049,8938,0,0,0,0,0
2020-03-29,Mono,051,14174,26,8,0,8,0
2020-03-29,Monterey,053,433212,67,36,0,36,1
2020-03-29,Napa,055,140530,32,5,0,5,0
2020-03-29,Nevada,057,99092,32,13,1,14,0
2020-03-29,Orange,059,3164182,1212,343,4,347,2
2020-03-29,Placer,061,380077,116,35,0,35,2
2020-03-29,Plumas,063,18699,1,0,0,0,0
2020-03-29,Riverside,065,2383286,1002,122,5,127,7
2020-03-29,Sacramento,067,1510023,544,217,0,217,7
2020-03-29,San Benito,069,59416,28,10,0,10,1
2020-03-29,San Bernardino,071,2135413,650,94,0,94,2
2020-03-29,San Diego,073,3302833,1439,521,0,521,7
2020-03-29,San Francisco,075,870044,662,333,0,333,5
2020-03-29,San Joaquin,077,732212,220,86,3,89,4
2020-03-29,San Luis Obispo,079,281455,111,55,0,55,0
2020-03-29,San Mateo,081,765935,693,234,2,236,12
2020-03-29,Santa Barbara,083,443738,247,52,0,52,0
2020-03-29,Santa Clara,085,1922200,1314,591,1,592,30
2020-03-29,Santa Cruz,087,273765,80,33,0,33,1
2020-03-29,Shasta,089,179085,19,4,0,4,1
2020-03-29,Sierra,091,2930,0,0,0,0,0
2020-03-29,Siskiyou,093,43540,4,2,0,2,0
2020-03-29,Solano,095,438530,103,48,0,48,0
2020-03-29,Sonoma,097,501317,144,35,0,35,1
2020-03-29,Stanislaus,099,539301,90,19,3,22,0
2020-03-29,Sutter,101,95872,17,6,0,6,0
2020-03-29,Tehama,103,63373,1,0,0,0,0
2020-03-29,Trinity,105,12862,0,0,0,0,0
2020-03-29,Tulare,107,460477,100,24,2,26,1
2020-03-29,Tuolumne,109,53932,2,1,0,1,0
2020-03-29,Ventura,111,848112,274,92,0,92,2
2020-03-29,Yolo,113,214977,51,13,0,13,1
2020-03-29,Yuba,115,75493,8,3,0,3,0
2020-03-28,Alameda,001,1643700,614,410,0,410,12
2020-03-28,Alpine,003,1148,1,0,0,0,0
2020-03-28,Amador,005,37829,5,2,0,2,0
2020-03-28,Butte,007,227075,14,8,0,8,0
2020-03-28,Calaveras,009,45235,6,4,0,4,0
2020-03-28,Colusa,011,21464,3,2,0,2,0
2020-03-28,Contra Costa,013,1133247,415,350,0,350,4
2020-03-28,Del Norte,015,27424,0,0,0,0,0
2020-03-28,El Dorado,017,186661,29,18,0,18,0
2020-03-28,Fresno,019,978130,192,62,2,64,0
2020-03-28,Glenn,021,27897,2,2,0,2,0
2020-03-28,Humboldt,023,135768,46,18,0,18,0
2020-03-28,Imperial,025,180216,77,18,0,18,0
2020-03-28,Inyo,027,18085,9,0,0,0,0
2020-03-28,Kern,029,883053,213,40,0,40,0
2020-03-28,Kings,031,150075,20,2,1,3,0
2020-03-28,Lake,033,64148,0,0,0,0,0
2020-03-28,Lassen,035,31185,1,0,1,1,0
2020-03-28,Los Angeles,037,10098052,5334,3600,13,3613,64
2020-03-28,Madera,039,155013,41,22,0,22,2
2020-03-28,Marin,041,260295,120,116,0,116,0
2020-03-28,Mariposa,043,17540,0,0,0,0,0
2020-03-28,Mendocino,045,87422,5,4,0,4,0
2020-03-28,Merced,047,269075,27,8,0,8,0
2020-03-28,Modoc,049,8938,0,0,0,0,0
2020-03-28,Mono,051,14174,24,12,0,12,0
2020-03-28,Monterey,053,433212,66,64,0,64,2
2020-03-28,Napa,055,140530,27,10,0,10,0
2020-03-28,Nevada,057,99092,32,22,1,23,0
2020-03-28,Orange,059,3164182,1176,656,4,660,4
2020-03-28,Placer,061,380077,111,70,0,70,2
2020-03-28,Plumas,063,18699,1,0,0,0,0
2020-03-28,Riverside,065,2383286,934,242,5,247,14
2020-03-28,Sacramento,067,1510023,526,406,0,406,14
2020-03-28,San Benito,069,59416,28,20,0,20,2
2020-03-28,San Bernardino,071,2135413,602,162,0,162,4
2020-03-28,San Diego,073,3302833,1380,980,0,980,14
2020-03-28,San Francisco,075,870044,638,600,0,600,6
2020-03-28,San Joaquin,077,732212,212,166,3,169,8
2020-03-28,San Luis Obispo,079,281455,109,104,0,104,0
2020-03-28,San Mateo,081,765935,673,462,2,464,17
2020-03-28,Santa Barbara,083,443738,236,98,0,98,0
2020-03-28,Santa Clara,085,1922200,1295,1174,1,1175,54
2020-03-28,Santa Cruz,087,273765,79,62,0,62,0
2020-03-28,Shasta,089,179085,19,8,0,8,2
2020-03-28,Sierra,091,2930,0,0,0,0,0
2020-03-28,Siskiyou,093,43540,4,4,0,4,0
2020-03-28,Solano,095,438530,99,96,0,96,0
2020-03-28,Sonoma,097,501317,142,70,0,70,2
2020-03-28,Stanislaus,099,539301,85,34,3,37,0
2020-03-28,Sutter,101,95872,17,6,0,6,0
2020-03-28,Tehama,103,63373,1,0,0,0,0
2020-03-28,Trinity,105,12862,0,0,0,0,0
2020-03-28,Tulare,107,460477,94,46,2,48,0
2020-03-28,Tuolumne,109,53932,2,2,0,2,0
2020-03-28,Ventura,111,848112,270,178,0,178,4
2020-03-28,Yolo,113,214977,50,26,0,26,2
2020-03-28,Yuba,115,75493,8,6,0,6,0
2020-03-27,Alameda,001,1643700,595,185,0,185,4
2020-03-27,Alpine,003,1148,1,0,0,0,0
2020-03-27,Amador,005,37829,4,1,0,1,0
2020-03-27,Butte,007,227075,12,4,0,4,0
2020-03-27,Calaveras,009,45235,6,2,0,2,0
2020-03-27,Colusa,011,21464,3,0,0,0,0
2020-03-27,Contra Costa,013,1133247,394,161,0,161,2
2020-03-27,Del Norte,015,27424,0,0,0,0,0
2020-03-27,El Dorado,017,186661,27,9,0,9,0
2020-03-27,Fresno,019,978130,180,29,1,30,0
2020-03-27,Glenn,021,27897,2,0,0,0,0
2020-03-27,Humboldt,023,135768,42,9,0,9,0
2020-03-27,Imperial,025,180216,72,9,0,9,0
2020-03-27,Inyo,027,18085,9,0,0,0,0
2020-03-27,Kern,029,883053,200,20,0,20,0
2020-03-27,Kings,031,150075,19,0,1,1,0
2020-03-27,Lake,033,64148,0,0,0,0,0
2020-03-27,Lassen,035,31185,1,0,1,1,0
2020-03-27,Los Angeles,037,10098052,4922,1474,13,1487,26
2020-03-27,Madera,039,155013,39,10,0,10,1
2020-03-27,Marin,041,260295,115,58,0,58,0
2020-03-27,Mariposa,043,17540,0,0,0,0,0
2020-03-27,Mendocino,045,87422,5,2,0,2,0
2020-03-27,Merced,047,269075,26,3,0,3,0
2020-03-27,Modoc,049,8938,0,0,0,0,0
2020-03-27,Mono,051,14174,24,6,0,6,0
2020-03-27,Monterey,053,433212,63,26,0,26,1
2020-03-27,Napa,055,140530,27,5,0,5,0
2020-03-27,Nevada,057,99092,32,6,1,7,0
2020-03-27,Orange,059,3164182,1123,299,4,303,2
2020-03-27,Placer,061,380077,108,33,0,33,1
2020-03-27,Plumas,063,18699,0,0,0,0,0
2020-03-27,Riverside,065,2383286,878,121,5,126,7
2020-03-27,Sacramento,067,1510023,503,163,0,163,6
2020-03-27,San Benito,069,59416,27,9,0,9,1
2020-03-27,San Bernardino,071,2135413,512,77,0,77,2
2020-03-27,San Diego,073,3302833,1323,419,0,419,5
2020-03-27,San Francisco,075,870044,613,285,0,285,2
2020-03-27,San Joaquin,077,732212,201,73,3,76,3
2020-03-27,San Luis Obispo,079,281455,107,46,0,46,0
2020-03-27,San Mateo,081,765935,647,213,2,215,7
2020-03-27,Santa Barbara,083,443738,220,37,0,37,0
2020-03-27,Santa Clara,085,1922200,1258,557,1,558,25
2020-03-27,Santa Cruz,087,273765,78,31,0,31,0
2020-03-27,Shasta,089,179085,16,3,0,3,1
2020-03-27,Sierra,091,2930,0,0,0,0,0
2020-03-27,Siskiyou,093,43540,4,2,0,2,0
2020-03-27,Solano,095,438530,93,48,0,48,0
2020-03-27,Sonoma,097,501317,134,35,0,35,1
2020-03-27,Stanislaus,099,539301,83,16,3,19,0
2020-03-27,Sutter,101,95872,16,2,0,2,0
2020-03-27,Tehama,103,63373,1,0,0,0,0
2020-03-27,Trinity,105,12862,0,0,0,0,0
2020-03-27,Tulare,107,460477,86,15,2,17,0
2020-03-27,Tuolumne,109,53932,2,1,0,1,0
2020-03-27,Ventura,111,848112,261,80,0,80,2
2020-03-27,Yolo,113,214977,49,13,0,13,1
2020-03-27,Yuba,115,75493,7,3,0,3,0
2020-03-26,Alameda,001,1643700,555,172,0,172,4
2020-03-26,Alpine,003,1148,1,0,0,0,0
2020-03-26,Amador,005,37829,4,1,0,1,0
2020-03-26,Butte,007,227075,12,4,0,4,0
2020-03-26,Calaveras,009,45235,6,2,0,2,0
2020-03-26,Colusa,011,21464,3,0,0,0,0
2020-03-26,Contra Costa,013,1133247,384,147,0,147,2
2020-03-26,Del Norte,015,27424,0,0,0,0,0
2020-03-26,El Dorado,017,186661,26,7,0,7,0
2020-03-26,Fresno,019,978130,171,25,1,26,0
2020-03-26,Glenn,021,27897,2,0,0,0,0
2020-03-26,Humboldt,023,135768,38,8,0,8,0
2020-03-26,Imperial,025,180216,68,8,0,8,0
2020-03-26,Inyo,027,18085,8,0,0,0,0
2020-03-26,Kern,029,883053,184,20,0,20,0
2020-03-26,Kings,031,150075,19,0,1,1,0
2020-03-26,Lake,033,64148,0,0,0,0,0
2020-03-26,Lassen,035,31185,1,0,1,1,0
2020-03-26,Los Angeles,037,10098052,4521,1075,13,1088,19
2020-03-26,Madera,039,155013,37,8,0,8,0
2020-03-26,Marin,041,260295,106,56,0,56,0
2020-03-26,Mariposa,043,17540,0,0,0,0,0
2020-03-26,Mendocino,045,87422,4,1,0,1,0
2020-03-26,Merced,047,269075,23,1,0,1,0
2020-03-26,Modoc,049,8938,0,0,0,0,0
2020-03-26,Mono,051,14174,23,5,0,5,0
2020-03-26,Monterey,053,433212,60,25,0,25,1
2020-03-26,Napa,055,140530,26,5,0,5,0
2020-03-26,Nevada,057,99092,32,7,1,8,0
2020-03-26,Orange,059,3164182,1061,279,4,283,1
2020-03-26,Placer,061,380077,105,34,0,34,1
2020-03-26,Plumas,063,18699,0,0,0,0,0
2020-03-26,Riverside,065,2383286,808,118,5,123,7
2020-03-26,Sacramento,067,1510023,470,147,0,147,5
2020-03-26,San Benito,069,59416,27,8,0,8,1
2020-03-26,San Bernardino,071,2135413,446,57,0,57,1
2020-03-26,San Diego,073,3302833,1256,299,0,299,2
2020-03-26,San Francisco,075,870044,586,261,0,261,1
2020-03-26,San Joaquin,077,732212,190,69,3,72,3
2020-03-26,San Luis Obispo,079,281455,102,38,0,38,0
2020-03-26,San Mateo,081,765935,613,122,2,124,5
2020-03-26,Santa Barbara,083,443738,204,33,0,33,0
2020-03-26,Santa Clara,085,1922200,1215,487,1,488,20
2020-03-26,Santa Cruz,087,273765,74,30,0,30,0
2020-03-26,Shasta,089,179085,16,3,0,3,1
2020-03-26,Sierra,091,2930,0,0,0,0,0
2020-03-26,Siskiyou,093,43540,4,2,0,2,0
2020-03-26,Solano,095,438530,85,41,0,41,0
2020-03-26,Sonoma,097,501317,129,33,0,33,1
2020-03-26,Stanislaus,099,539301,81,15,3,18,0
2020-03-26,Sutter,101,95872,12,2,0,2,0
2020-03-26,Tehama,103,63373,1,0,0,0,0
2020-03-26,Trinity,105,12862,0,0,0,0,0
2020-03-26,Tulare,107,460477,79,15,2,17,0
2020-03-26,Tuolumne,109,53932,2,0,0,0,0
2020-03-26,Ventura,111,848112,245,70,0,70,1
2020-03-26,Yolo,113,214977,45,13,0,13,1
2020-03-26,Yuba,115,75493,7,3,0,3,0
2020-03-25,Alameda,001,1643700,534,134,0,134,3
2020-03-25,Alpine,003,1148,1,0,0,0,0
2020-03-25,Amador,005,37829,4,1,0,1,0
2020-03-25,Butte,007,227075,12,4,0,4,0
2020-03-25,Calaveras,009,45235,6,2,0,2,0
2020-03-25,Colusa,011,21464,2,0,0,0,0
2020-03-25,Contra Costa,013,1133247,370,131,0,131,1
2020-03-25,Del Norte,015,27424,0,0,0,0,0
2020-03-25,El Dorado,017,186661,26,5,0,5,0
2020-03-25,Fresno,019,978130,155,21,1,22,0
2020-03-25,Glenn,021,27897,2,0,0,0,0
2020-03-25,Humboldt,023,135768,35,3,0,3,0
2020-03-25,Imperial,025,180216,60,8,0,8,0
2020-03-25,Inyo,027,18085,5,0,0,0,0
2020-03-25,Kern,029,883053,164,13,0,13,0
2020-03-25,Kings,031,150075,17,0,1,1,0
2020-03-25,Lake,033,64148,0,0,0,0,0
2020-03-25,Lassen,035,31185,1,0,1,1,0
2020-03-25,Los Angeles,037,10098052,4126,725,13,738,10
2020-03-25,Madera,039,155013,35,6,0,6,0
2020-03-25,Marin,041,260295,100,47,0,47,0
2020-03-25,Mariposa,043,17540,0,0,0,0,0
2020-03-25,Mendocino,045,87422,3,1,0,1,0
2020-03-25,Merced,047,269075,19,0,0,0,0
2020-03-25,Modoc,049,8938,0,0,0,0,0
2020-03-25,Mono,051,14174,22,4,0,4,0
2020-03-25,Monterey,053,433212,57,23,0,23,1
2020-03-25,Napa,055,140530,26,5,0,5,0
2020-03-25,Nevada,057,99092,31,5,1,6,0
2020-03-25,Orange,059,3164182,1003,214,4,218,1
2020-03-25,Placer,061,380077,99,30,0,30,1
2020-03-25,Plumas,063,18699,0,1,0,1,0
2020-03-25,Riverside,065,2383286,737,87,5,92,5
2020-03-25,Sacramento,067,1510023,444,114,0,114,5
2020-03-25,San Benito,069,59416,26,4,0,4,1
2020-03-25,San Bernardino,071,2135413,407,46,0,46,1
2020-03-25,San Diego,073,3302833,1194,238,0,238,2
2020-03-25,San Francisco,075,870044,545,212,0,212,1
2020-03-25,San Joaquin,077,732212,177,64,3,67,2
2020-03-25,San Luis Obispo,079,281455,97,35,0,35,0
2020-03-25,San Mateo,081,765935,578,111,2,113,5
2020-03-25,Santa Barbara,083,443738,193,25,0,25,0
2020-03-25,Santa Clara,085,1922200,1171,452,1,453,20
2020-03-25,Santa Cruz,087,273765,71,26,0,26,0
2020-03-25,Shasta,089,179085,15,3,0,3,1
2020-03-25,Sierra,091,2930,0,0,0,0,0
2020-03-25,Siskiyou,093,43540,4,2,0,2,0
2020-03-25,Solano,095,438530,80,39,0,39,0
2020-03-25,Sonoma,097,501317,124,31,0,31,1
2020-03-25,Stanislaus,099,539301,74,14,3,17,0
2020-03-25,Sutter,101,95872,9,1,0,1,0
2020-03-25,Tehama,103,63373,1,0,0,0,0
2020-03-25,Trinity,105,12862,0,0,0,0,0
2020-03-25,Tulare,107,460477,69,11,2,13,0
2020-03-25,Tuolumne,109,53932,2,0,0,0,0
2020-03-25,Ventura,111,848112,229,53,0,53,1
2020-03-25,Yolo,113,214977,43,9,0,9,1
2020-03-25,Yuba,115,75493,7,2,0,2,0
2020-03-24,Alameda,001,1643700,502,96,0,96,2
2020-03-24,Alpine,003,1148,1,0,0,0,0
2020-03-24,Amador,005,37829,2,1,0,1,0
2020-03-24,Butte,007,227075,11,3,0,3,0
2020-03-24,Calaveras,009,45235,5,2,0,2,0
2020-03-24,Colusa,011,21464,2,0,0,0,0
2020-03-24,Contra Costa,013,1133247,356,108,0,108,1
2020-03-24,Del Norte,015,27424,0,0,0,0,0
2020-03-24,El Dorado,017,186661,26,3,0,3,0
2020-03-24,Fresno,019,978130,135,18,1,19,0
2020-03-24,Glenn,021,27897,2,0,0,0,0
2020-03-24,Humboldt,023,135768,33,2,0,2,0
2020-03-24,Imperial,025,180216,57,3,0,3,0
2020-03-24,Inyo,027,18085,5,0,0,0,0
2020-03-24,Kern,029,883053,144,5,0,5,0
2020-03-24,Kings,031,150075,16,0,1,1,0
2020-03-24,Lake,033,64148,0,0,0,0,0
2020-03-24,Lassen,035,31185,1,0,1,1,0
2020-03-24,Los Angeles,037,10098052,3674,633,13,646,7
2020-03-24,Madera,039,155013,34,6,0,6,0
2020-03-24,Marin,041,260295,89,44,0,44,0
2020-03-24,Mariposa,043,17540,0,0,0,0,0
2020-03-24,Mendocino,045,87422,3,1,0,1,0
2020-03-24,Merced,047,269075,17,0,0,0,0
2020-03-24,Modoc,049,8938,0,0,0,0,0
2020-03-24,Mono,051,14174,21,1,0,1,0
2020-03-24,Monterey,053,433212,53,23,0,23,1
2020-03-24,Napa,055,140530,23,2,0,2,0
2020-03-24,Nevada,057,99092,30,4,1,5,0
2020-03-24,Orange,059,3164182,941,166,4,170,0
2020-03-24,Placer,061,380077,92,22,0,22,1
2020-03-24,Plumas,063,18699,0,1,0,1,0
2020-03-24,Riverside,065,2383286,670,56,5,61,5
2020-03-24,Sacramento,067,1510023,425,93,0,93,4
2020-03-24,San Benito,069,59416,25,4,0,4,1
2020-03-24,San Bernardino,071,2135413,363,27,0,27,0
2020-03-24,San Diego,073,3302833,1127,231,0,231,2
2020-03-24,San Francisco,075,870044,513,181,0,181,1
2020-03-24,San Joaquin,077,732212,166,52,3,55,2
2020-03-24,San Luis Obispo,079,281455,95,32,0,32,0
2020-03-24,San Mateo,081,765935,537,100,2,102,2
2020-03-24,Santa Barbara,083,443738,187,20,0,20,0
2020-03-24,Santa Clara,085,1922200,1102,389,1,390,17
2020-03-24,Santa Cruz,087,273765,66,22,0,22,0
2020-03-24,Shasta,089,179085,14,3,0,3,0
2020-03-24,Sierra,091,2930,0,0,0,0,0
2020-03-24,Siskiyou,093,43540,4,2,0,2,0
2020-03-24,Solano,095,438530,78,34,0,34,0
2020-03-24,Sonoma,097,501317,117,27,0,27,1
2020-03-24,Stanislaus,099,539301,65,13,3,16,0
2020-03-24,Sutter,101,95872,9,0,0,0,0
2020-03-24,Tehama,103,63373,1,0,0,0,0
2020-03-24,Trinity,105,12862,0,0,0,0,0
2020-03-24,Tulare,107,460477,61,10,2,12,0
2020-03-24,Tuolumne,109,53932,2,0,0,0,0
2020-03-24,Ventura,111,848112,213,44,0,44,1
2020-03-24,Yolo,113,214977,39,8,0,8,0
2020-03-24,Yuba,115,75493,7,2,0,2,0
2020-03-23,Alameda,001,1643700,471,88,0,88,1
2020-03-23,Alpine,003,1148,1,0,0,0,0
2020-03-23,Amador,005,37829,2,1,0,1,0
2020-03-23,Butte,007,227075,11,2,0,2,0
2020-03-23,Calaveras,009,45235,5,2,0,2,0
2020-03-23,Colusa,011,21464,1,0,0,0,0
2020-03-23,Contra Costa,013,1133247,336,91,0,91,2
2020-03-23,Del Norte,015,27424,0,0,0,0,0
2020-03-23,El Dorado,017,186661,25,3,0,3,0
2020-03-23,Fresno,019,978130,124,10,1,11,0
2020-03-23,Glenn,021,27897,2,0,0,0,0
2020-03-23,Humboldt,023,135768,31,2,0,2,0
2020-03-23,Imperial,025,180216,53,2,0,2,0
2020-03-23,Inyo,027,18085,3,0,0,0,0
2020-03-23,Kern,029,883053,130,5,0,5,0
2020-03-23,Kings,031,150075,16,0,1,1,0
2020-03-23,Lake,033,64148,0,0,0,0,0
2020-03-23,Lassen,035,31185,1,0,1,1,0
2020-03-23,Los Angeles,037,10098052,3370,389,13,402,4
2020-03-23,Madera,039,155013,34,4,0,4,0
2020-03-23,Marin,041,260295,84,30,0,30,0
2020-03-23,Mariposa,043,17540,0,0,0,0,0
2020-03-23,Mendocino,045,87422,3,1,0,1,0
2020-03-23,Merced,047,269075,11,0,0,0,0
2020-03-23,Modoc,049,8938,0,0,0,0,0
2020-03-23,Mono,051,14174,19,1,0,1,0
2020-03-23,Monterey,053,433212,48,14,0,14,1
2020-03-23,Napa,055,140530,21,1,0,1,0
2020-03-23,Nevada,057,99092,27,2,1,3,0
2020-03-23,Orange,059,3164182,887,138,4,142,0
2020-03-23,Placer,061,380077,89,19,0,19,1
2020-03-23,Plumas,063,18699,0,0,0,0,0
2020-03-23,Riverside,065,2383286,629,39,5,44,5
2020-03-23,Sacramento,067,1510023,392,87,0,87,4
2020-03-23,San Benito,069,59416,24,4,0,4,1
2020-03-23,San Bernardino,071,2135413,333,17,0,17,0
2020-03-23,San Diego,073,3302833,1068,178,0,178,1
2020-03-23,San Francisco,075,870044,484,152,0,152,0
2020-03-23,San Joaquin,077,732212,154,37,3,40,2
2020-03-23,San Luis Obispo,079,281455,89,23,0,23,0
2020-03-23,San Mateo,081,765935,499,88,2,90,1
2020-03-23,Santa Barbara,083,443738,166,18,0,18,0
2020-03-23,Santa Clara,085,1922200,1055,336,1,337,13
2020-03-23,Santa Cruz,087,273765,64,21,0,21,0
2020-03-23,Shasta,089,179085,12,2,0,2,0
2020-03-23,Sierra,091,2930,0,0,0,0,0
2020-03-23,Siskiyou,093,43540,4,2,0,2,0
2020-03-23,Solano,095,438530,74,33,0,33,0
2020-03-23,Sonoma,097,501317,105,19,0,19,1
2020-03-23,Stanislaus,099,539301,57,10,3,13,0
2020-03-23,Sutter,101,95872,9,0,0,0,0
2020-03-23,Tehama,103,63373,1,0,0,0,0
2020-03-23,Trinity,105,12862,0,0,0,0,0
2020-03-23,Tulare,107,460477,55,9,2,11,0
2020-03-23,Tuolumne,109,53932,2,0,0,0,0
2020-03-23,Ventura,111,848112,196,30,0,30,0
2020-03-23,Yolo,113,214977,38,8,0,8,0
2020-03-23,Yuba,115,75493,7,2,0,2,0
2020-03-22,Alameda,001,1643700,432,72,0,72,1
2020-03-22,Alpine,003,1148,1,0,0,0,0
2020-03-22,Amador,005,37829,2,1,0,1,0
2020-03-22,Butte,007,227075,8,1,0,1,0
2020-03-22,Calaveras,009,45235,4,2,0,2,0
2020-03-22,Colusa,011,21464,1,0,0,0,0
2020-03-22,Contra Costa,013,1133247,309,79,0,79,1
2020-03-22,Del Norte,015,27424,0,0,0,0,0
2020-03-22,El Dorado,017,186661,23,1,0,1,0
2020-03-22,Fresno,019,978130,104,8,1,9,0
2020-03-22,Glenn,021,27897,2,0,0,0,0
2020-03-22,Humboldt,023,135768,28,1,0,1,0
2020-03-22,Imperial,025,180216,51,2,0,2,0
2020-03-22,Inyo,027,18085,1,0,0,0,0
2020-03-22,Kern,029,883053,114,3,0,3,0
2020-03-22,Kings,031,150075,14,0,1,1,0
2020-03-22,Lake,033,64148,0,0,0,0,0
2020-03-22,Lassen,035,31185,1,0,1,1,0
2020-03-22,Los Angeles,037,10098052,3048,384,13,397,3
2020-03-22,Madera,039,155013,32,4,0,4,0
2020-03-22,Marin,041,260295,74,30,0,30,0
2020-03-22,Mariposa,043,17540,0,0,0,0,0
2020-03-22,Mendocino,045,87422,3,1,0,1,0
2020-03-22,Merced,047,269075,7,0,0,0,0
2020-03-22,Modoc,049,8938,0,0,0,0,0
2020-03-22,Mono,051,14174,14,1,0,1,0
2020-03-22,Monterey,053,433212,45,14,0,14,1
2020-03-22,Napa,055,140530,17,1,0,1,0
2020-03-22,Nevada,057,99092,23,2,1,3,0
2020-03-22,Orange,059,3164182,818,102,4,106,0
2020-03-22,Placer,061,380077,86,18,0,18,1
2020-03-22,Plumas,063,18699,0,0,0,0,0
2020-03-22,Riverside,065,2383286,550,26,3,29,5
2020-03-22,Sacramento,067,1510023,360,82,0,82,4
2020-03-22,San Benito,069,59416,19,4,0,4,1
2020-03-22,San Bernardino,071,2135413,290,16,0,16,0
2020-03-22,San Diego,073,3302833,980,161,0,161,0
2020-03-22,San Francisco,075,870044,447,134,0,134,0
2020-03-22,San Joaquin,077,732212,140,30,3,33,2
2020-03-22,San Luis Obispo,079,281455,84,19,0,19,0
2020-03-22,San Mateo,081,765935,466,82,2,84,1
2020-03-22,Santa Barbara,083,443738,148,16,0,16,0
2020-03-22,Santa Clara,085,1922200,993,284,1,285,13
2020-03-22,Santa Cruz,087,273765,63,19,0,19,0
2020-03-22,Shasta,089,179085,12,1,0,1,0
2020-03-22,Sierra,091,2930,0,0,0,0,0
2020-03-22,Siskiyou,093,43540,4,2,0,2,0
2020-03-22,Solano,095,438530,65,30,0,30,0
2020-03-22,Sonoma,097,501317,100,18,0,18,1
2020-03-22,Stanislaus,099,539301,51,8,3,11,0
2020-03-22,Sutter,101,95872,8,0,0,0,0
2020-03-22,Tehama,103,63373,0,0,0,0,0
2020-03-22,Trinity,105,12862,0,0,0,0,0
2020-03-22,Tulare,107,460477,51,5,2,7,0
2020-03-22,Tuolumne,109,53932,2,0,0,0,0
2020-03-22,Ventura,111,848112,174,26,0,26,0
2020-03-22,Yolo,113,214977,32,6,0,6,0
2020-03-22,Yuba,115,75493,7,2,0,2,0
2020-03-21,Alameda,001,1643700,408,62,0,62,0
2020-03-21,Alpine,003,1148,1,0,0,0,0
2020-03-21,Amador,005,37829,2,1,0,1,0
2020-03-21,Butte,007,227075,7,1,0,1,0
2020-03-21,Calaveras,009,45235,4,2,0,2,0
2020-03-21,Colusa,011,21464,1,0,0,0,0
2020-03-21,Contra Costa,013,1133247,298,62,0,62,1
2020-03-21,Del Norte,015,27424,0,0,0,0,0
2020-03-21,El Dorado,017,186661,20,1,0,1,0
2020-03-21,Fresno,019,978130,100,8,1,9,0
2020-03-21,Glenn,021,27897,2,0,0,0,0
2020-03-21,Humboldt,023,135768,25,1,0,1,0
2020-03-21,Imperial,025,180216,47,2,0,2,0
2020-03-21,Inyo,027,18085,1,0,0,0,0
2020-03-21,Kern,029,883053,108,3,0,3,0
2020-03-21,Kings,031,150075,14,0,1,1,0
2020-03-21,Lake,033,64148,0,0,0,0,0
2020-03-21,Lassen,035,31185,1,0,1,1,0
2020-03-21,Los Angeles,037,10098052,2775,322,13,335,2
2020-03-21,Madera,039,155013,32,4,0,4,0
2020-03-21,Marin,041,260295,69,30,0,30,0
2020-03-21,Mariposa,043,17540,0,0,0,0,0
2020-03-21,Mendocino,045,87422,3,1,0,1,0
2020-03-21,Merced,047,269075,6,0,0,0,0
2020-03-21,Modoc,049,8938,0,0,0,0,0
2020-03-21,Mono,051,14174,14,1,0,1,0
2020-03-21,Monterey,053,433212,43,8,0,8,1
2020-03-21,Napa,055,140530,17,0,0,0,0
2020-03-21,Nevada,057,99092,23,2,1,3,0
2020-03-21,Orange,059,3164182,769,85,4,89,0
2020-03-21,Placer,061,380077,77,11,0,11,1
2020-03-21,Plumas,063,18699,0,0,0,0,0
2020-03-21,Riverside,065,2383286,506,20,3,23,3
2020-03-21,Sacramento,067,1510023,333,66,0,66,3
2020-03-21,San Benito,069,59416,17,4,0,4,1
2020-03-21,San Bernardino,071,2135413,270,13,0,13,0
2020-03-21,San Diego,073,3302833,903,121,0,121,0
2020-03-21,San Francisco,075,870044,411,106,0,106,0
2020-03-21,San Joaquin,077,732212,131,26,3,29,2
2020-03-21,San Luis Obispo,079,281455,80,16,0,16,0
2020-03-21,San Mateo,081,765935,428,78,2,80,1
2020-03-21,Santa Barbara,083,443738,133,8,0,8,0
2020-03-21,Santa Clara,085,1922200,932,269,1,270,10
2020-03-21,Santa Cruz,087,273765,61,17,0,17,0
2020-03-21,Shasta,089,179085,11,1,0,1,0
2020-03-21,Sierra,091,2930,0,0,0,0,0
2020-03-21,Siskiyou,093,43540,4,0,0,0,0
2020-03-21,Solano,095,438530,63,30,0,30,0
2020-03-21,Sonoma,097,501317,99,15,0,15,1
2020-03-21,Stanislaus,099,539301,45,7,3,10,0
2020-03-21,Sutter,101,95872,7,0,0,0,0
2020-03-21,Tehama,103,63373,0,0,0,0,0
2020-03-21,Trinity,105,12862,0,0,0,0,0
2020-03-21,Tulare,107,460477,46,5,2,7,0
2020-03-21,Tuolumne,109,53932,2,0,0,0,0
2020-03-21,Ventura,111,848112,166,22,0,22,0
2020-03-21,Yolo,113,214977,32,6,0,6,0
2020-03-21,Yuba,115,75493,7,1,0,1,0
2020-03-20,Alameda,001,1643700,387,42,0,42,0
2020-03-20,Alpine,003,1148,1,0,0,0,0
2020-03-20,Amador,005,37829,1,0,0,0,0
2020-03-20,Butte,007,227075,7,0,0,0,0
2020-03-20,Calaveras,009,45235,4,2,0,2,0
2020-03-20,Colusa,011,21464,1,0,0,0,0
2020-03-20,Contra Costa,013,1133247,269,52,0,52,1
2020-03-20,Del Norte,015,27424,0,0,0,0,0
2020-03-20,El Dorado,017,186661,19,1,0,1,0
2020-03-20,Fresno,019,978130,97,7,1,8,0
2020-03-20,Glenn,021,27897,1,0,0,0,0
2020-03-20,Humboldt,023,135768,25,1,0,1,0
2020-03-20,Imperial,025,180216,46,2,0,2,0
2020-03-20,Inyo,027,18085,0,0,0,0,0
2020-03-20,Kern,029,883053,93,3,0,3,0
2020-03-20,Kings,031,150075,14,0,1,1,0
2020-03-20,Lake,033,64148,0,0,0,0,0
2020-03-20,Lassen,035,31185,1,0,1,1,0
2020-03-20,Los Angeles,037,10098052,2550,267,12,279,1
2020-03-20,Madera,039,155013,31,4,0,4,0
2020-03-20,Marin,041,260295,66,30,0,30,0
2020-03-20,Mariposa,043,17540,0,0,0,0,0
2020-03-20,Mendocino,045,87422,3,1,0,1,0
2020-03-20,Merced,047,269075,6,0,0,0,0
2020-03-20,Modoc,049,8938,0,0,0,0,0
2020-03-20,Mono,051,14174,14,0,0,0,0
2020-03-20,Monterey,053,433212,42,4,0,4,0
2020-03-20,Napa,055,140530,16,0,0,0,0
2020-03-20,Nevada,057,99092,20,2,1,3,0
2020-03-20,Orange,059,3164182,722,71,4,75,2
2020-03-20,Placer,061,380077,71,9,0,9,1
2020-03-20,Plumas,063,18699,0,0,0,0,0
2020-03-20,Riverside,065,2383286,453,19,3,22,3
2020-03-20,Sacramento,067,1510023,312,56,0,56,4
2020-03-20,San Benito,069,59416,17,4,0,4,1
2020-03-20,San Bernardino,071,2135413,243,9,0,9,0
2020-03-20,San Diego,073,3302833,851,98,0,98,0
2020-03-20,San Francisco,075,870044,379,87,0,87,0
2020-03-20,San Joaquin,077,732212,116,18,3,21,2
2020-03-20,San Luis Obispo,079,281455,77,11,0,11,0
2020-03-20,San Mateo,081,765935,398,71,2,73,1
2020-03-20,Santa Barbara,083,443738,117,7,0,7,0
2020-03-20,Santa Clara,085,1922200,896,246,1,247,8
2020-03-20,Santa Cruz,087,273765,59,13,0,13,0
2020-03-20,Shasta,089,179085,10,1,0,1,0
2020-03-20,Sierra,091,2930,0,0,0,0,0
2020-03-20,Siskiyou,093,43540,4,0,0,0,0
2020-03-20,Solano,095,438530,59,29,0,29,0
2020-03-20,Sonoma,097,501317,91,7,0,7,0
2020-03-20,Stanislaus,099,539301,39,7,3,10,0
2020-03-20,Sutter,101,95872,7,0,0,0,0
2020-03-20,Tehama,103,63373,0,0,0,0,0
2020-03-20,Trinity,105,12862,0,0,0,0,0
2020-03-20,Tulare,107,460477,42,4,2,6,0
2020-03-20,Tuolumne,109,53932,2,0,0,0,0
2020-03-20,Ventura,111,848112,156,18,0,18,0
2020-03-20,Yolo,113,214977,30,5,0,5,0
2020-03-20,Yuba,115,75493,6,0,0,0,0
2020-03-19,Alameda,001,1643700,351,36,0,36,0
2020-03-19,Alpine,003,1148,1,0,0,0,0
2020-03-19,Amador,005,37829,1,0,0,0,0
2020-03-19,Butte,007,227075,5,0,0,0,0
2020-03-19,Calaveras,009,45235,4,2,0,2,0
2020-03-19,Colusa,011,21464,0,0,0,0,0
2020-03-19,Contra Costa,013,1133247,253,46,0,46,0
2020-03-19,Del Norte,015,27424,0,0,0,0,0
2020-03-19,El Dorado,017,186661,18,0,0,0,0
2020-03-19,Fresno,019,978130,88,6,1,7,0
2020-03-19,Glenn,021,27897,1,0,0,0,0
2020-03-19,Humboldt,023,135768,23,1,0,1,0
2020-03-19,Imperial,025,180216,39,2,0,2,0
2020-03-19,Inyo,027,18085,0,0,0,0,0
2020-03-19,Kern,029,883053,81,3,0,3,0
2020-03-19,Kings,031,150075,11,0,1,1,0
2020-03-19,Lake,033,64148,0,0,0,0,0
2020-03-19,Lassen,035,31185,0,0,1,1,0
2020-03-19,Los Angeles,037,10098052,2263,233,12,245,0
2020-03-19,Madera,039,155013,30,3,0,3,0
2020-03-19,Marin,041,260295,63,19,0,19,0
2020-03-19,Mariposa,043,17540,0,0,0,0,0
2020-03-19,Mendocino,045,87422,2,1,0,1,0
2020-03-19,Merced,047,269075,5,0,0,0,0
2020-03-19,Modoc,049,8938,0,0,0,0,0
2020-03-19,Mono,051,14174,12,0,0,0,0
2020-03-19,Monterey,053,433212,34,3,0,3,0
2020-03-19,Napa,055,140530,14,0,0,0,0
2020-03-19,Nevada,057,99092,18,2,1,3,0
2020-03-19,Orange,059,3164182,638,59,4,63,0
2020-03-19,Placer,061,380077,63,8,0,8,1
2020-03-19,Plumas,063,18699,0,0,0,0,0
2020-03-19,Riverside,065,2383286,359,14,2,16,3
2020-03-19,Sacramento,067,1510023,279,52,0,52,3
2020-03-19,San Benito,069,59416,14,3,0,3,0
2020-03-19,San Bernardino,071,2135413,213,7,0,7,0
2020-03-19,San Diego,073,3302833,768,68,0,68,0
2020-03-19,San Francisco,075,870044,343,80,0,80,0
2020-03-19,San Joaquin,077,732212,102,15,3,18,2
2020-03-19,San Luis Obispo,079,281455,75,6,0,6,0
2020-03-19,San Mateo,081,765935,363,58,2,60,1
2020-03-19,Santa Barbara,083,443738,101,5,0,5,0
2020-03-19,Santa Clara,085,1922200,830,183,1,184,8
2020-03-19,Santa Cruz,087,273765,56,13,0,13,0
2020-03-19,Shasta,089,179085,9,1,0,1,0
2020-03-19,Sierra,091,2930,0,0,0,0,0
2020-03-19,Siskiyou,093,43540,3,0,0,0,0
2020-03-19,Solano,095,438530,55,26,0,26,0
2020-03-19,Sonoma,097,501317,88,8,0,8,0
2020-03-19,Stanislaus,099,539301,38,7,3,10,0
2020-03-19,Sutter,101,95872,7,0,0,0,0
2020-03-19,Tehama,103,63373,0,0,0,0,0
2020-03-19,Trinity,105,12862,0,0,0,0,0
2020-03-19,Tulare,107,460477,37,3,2,5,0
2020-03-19,Tuolumne,109,53932,2,0,0,0,0
2020-03-19,Ventura,111,848112,134,15,0,15,0
2020-03-19,Yolo,113,214977,26,5,0,5,0
2020-03-19,Yuba,115,75493,5,0,0,0,0
2020-03-18,Alameda,001,1643700,323,29,0,29,0
2020-03-18,Alpine,003,1148,1,0,0,0,0
2020-03-18,Amador,005,37829,1,0,0,0,0
2020-03-18,Butte,007,227075,4,0,0,0,0
2020-03-18,Calaveras,009,45235,4,2,0,2,0
2020-03-18,Colusa,011,21464,0,0,0,0,0
2020-03-18,Contra Costa,013,1133247,232,44,0,44,0
2020-03-18,Del Norte,015,27424,0,0,0,0,0
2020-03-18,El Dorado,017,186661,17,0,0,0,0
2020-03-18,Fresno,019,978130,78,3,1,4,0
2020-03-18,Glenn,021,27897,1,0,0,0,0
2020-03-18,Humboldt,023,135768,19,1,0,1,0
2020-03-18,Imperial,025,180216,33,2,0,2,0
2020-03-18,Inyo,027,18085,0,0,0,0,0
2020-03-18,Kern,029,883053,66,1,0,1,0
2020-03-18,Kings,031,150075,9,0,1,1,0
2020-03-18,Lake,033,64148,0,0,0,0,0
2020-03-18,Lassen,035,31185,0,0,1,1,0
2020-03-18,Los Angeles,037,10098052,2024,47,12,59,0
2020-03-18,Madera,039,155013,29,2,0,2,0
2020-03-18,Marin,041,260295,58,10,0,10,0
2020-03-18,Mariposa,043,17540,0,0,0,0,0
2020-03-18,Mendocino,045,87422,2,0,0,0,0
2020-03-18,Merced,047,269075,5,0,0,0,0
2020-03-18,Modoc,049,8938,0,0,0,0,0
2020-03-18,Mono,051,14174,11,0,0,0,0
2020-03-18,Monterey,053,433212,28,1,0,1,0
2020-03-18,Napa,055,140530,11,0,0,0,0
2020-03-18,Nevada,057,99092,16,2,1,3,0
2020-03-18,Orange,059,3164182,583,38,4,42,0
2020-03-18,Placer,061,380077,56,8,0,8,1
2020-03-18,Plumas,063,18699,0,0,0,0,0
2020-03-18,Riverside,065,2383286,306,11,2,13,2
2020-03-18,Sacramento,067,1510023,256,46,0,46,3
2020-03-18,San Benito,069,59416,13,3,0,3,0
2020-03-18,San Bernardino,071,2135413,191,3,0,3,0
2020-03-18,San Diego,073,3302833,683,40,0,40,0
2020-03-18,San Francisco,075,870044,324,65,0,65,0
2020-03-18,San Joaquin,077,732212,90,14,3,17,2
2020-03-18,San Luis Obispo,079,281455,68,5,0,5,0
2020-03-18,San Mateo,081,765935,340,57,2,59,1
2020-03-18,Santa Barbara,083,443738,88,2,0,2,0
2020-03-18,Santa Clara,085,1922200,781,151,1,152,6
2020-03-18,Santa Cruz,087,273765,54,11,0,11,0
2020-03-18,Shasta,089,179085,8,1,0,1,0
2020-03-18,Sierra,091,2930,0,0,0,0,0
2020-03-18,Siskiyou,093,43540,3,0,0,0,0
2020-03-18,Solano,095,438530,51,26,0,26,0
2020-03-18,Sonoma,097,501317,79,6,0,6,0
2020-03-18,Stanislaus,099,539301,34,5,2,7,0
2020-03-18,Sutter,101,95872,5,0,0,0,0
2020-03-18,Tehama,103,63373,0,0,0,0,0
2020-03-18,Trinity,105,12862,0,0,0,0,0
2020-03-18,Tulare,107,460477,28,3,2,5,0
2020-03-18,Tuolumne,109,53932,2,0,0,0,0
2020-03-18,Ventura,111,848112,115,11,0,11,0
2020-03-18,Yolo,113,214977,23,4,0,4,0
2020-03-18,Yuba,115,75493,4,0,0,0,0
2020-03-17,Alameda,001,1643700,291,19,0,19,0
2020-03-17,Alpine,003,1148,0,0,0,0,0
2020-03-17,Amador,005,37829,1,0,0,0,0
2020-03-17,Butte,007,227075,4,0,0,0,0
2020-03-17,Calaveras,009,45235,4,2,0,2,0
2020-03-17,Colusa,011,21464,0,0,0,0,0
2020-03-17,Contra Costa,013,1133247,210,37,0,37,0
2020-03-17,Del Norte,015,27424,0,0,0,0,0
2020-03-17,El Dorado,017,186661,16,0,0,0,0
2020-03-17,Fresno,019,978130,67,2,1,3,0
2020-03-17,Glenn,021,27897,1,0,0,0,0
2020-03-17,Humboldt,023,135768,17,1,0,1,0
2020-03-17,Imperial,025,180216,27,2,0,2,0
2020-03-17,Inyo,027,18085,0,0,0,0,0
2020-03-17,Kern,029,883053,52,0,0,0,0
2020-03-17,Kings,031,150075,8,0,1,1,0
2020-03-17,Lake,033,64148,0,0,0,0,0
2020-03-17,Lassen,035,31185,0,0,1,1,0
2020-03-17,Los Angeles,037,10098052,1823,41,12,53,0
2020-03-17,Madera,039,155013,22,2,0,2,0
2020-03-17,Marin,041,260295,51,4,0,4,0
2020-03-17,Mariposa,043,17540,0,0,0,0,0
2020-03-17,Mendocino,045,87422,2,0,0,0,0
2020-03-17,Merced,047,269075,5,0,0,0,0
2020-03-17,Modoc,049,8938,0,0,0,0,0
2020-03-17,Mono,051,14174,9,0,0,0,0
2020-03-17,Monterey,053,433212,26,0,0,0,0
2020-03-17,Napa,055,140530,8,0,0,0,0
2020-03-17,Nevada,057,99092,15,1,1,2,0
2020-03-17,Orange,059,3164182,506,24,4,28,0
2020-03-17,Placer,061,380077,46,7,0,7,1
2020-03-17,Plumas,063,18699,0,0,0,0,0
2020-03-17,Riverside,065,2383286,247,11,2,13,0
2020-03-17,Sacramento,067,1510023,236,36,0,36,1
2020-03-17,San Benito,069,59416,12,2,0,2,0
2020-03-17,San Bernardino,071,2135413,163,2,0,2,0
2020-03-17,San Diego,073,3302833,616,17,0,17,0
2020-03-17,San Francisco,075,870044,298,46,0,46,0
2020-03-17,San Joaquin,077,732212,84,11,3,14,0
2020-03-17,San Luis Obispo,079,281455,61,1,0,1,0
2020-03-17,San Mateo,081,765935,308,46,2,48,1
2020-03-17,Santa Barbara,083,443738,75,0,0,0,0
2020-03-17,Santa Clara,085,1922200,724,121,1,122,4
2020-03-17,Santa Cruz,087,273765,51,10,0,10,0
2020-03-17,Shasta,089,179085,4,1,0,1,0
2020-03-17,Sierra,091,2930,0,0,0,0,0
2020-03-17,Siskiyou,093,43540,3,0,0,0,0
2020-03-17,Solano,095,438530,48,27,0,27,0
2020-03-17,Sonoma,097,501317,71,4,0,4,0
2020-03-17,Stanislaus,099,539301,31,4,2,6,0
2020-03-17,Sutter,101,95872,5,0,0,0,0
2020-03-17,Tehama,103,63373,0,0,0,0,0
2020-03-17,Trinity,105,12862,0,0,0,0,0
2020-03-17,Tulare,107,460477,25,2,2,4,0
2020-03-17,Tuolumne,109,53932,2,0,0,0,0
2020-03-17,Ventura,111,848112,98,7,0,7,0
2020-03-17,Yolo,113,214977,19,2,0,2,0
2020-03-17,Yuba,115,75493,4,0,0,0,0
2020-03-16,Alameda,001,1643700,262,17,0,17,0
2020-03-16,Alpine,003,1148,0,0,0,0,0
2020-03-16,Amador,005,37829,1,0,0,0,0
2020-03-16,Butte,007,227075,3,0,0,0,0
2020-03-16,Calaveras,009,45235,4,2,0,2,0
2020-03-16,Colusa,011,21464,0,0,0,0,0
2020-03-16,Contra Costa,013,1133247,186,36,0,36,0
2020-03-16,Del Norte,015,27424,0,0,0,0,0
2020-03-16,El Dorado,017,186661,15,0,0,0,0
2020-03-16,Fresno,019,978130,52,2,1,3,0
2020-03-16,Glenn,021,27897,0,0,0,0,0
2020-03-16,Humboldt,023,135768,13,1,0,1,0
2020-03-16,Imperial,025,180216,22,2,0,2,0
2020-03-16,Inyo,027,18085,0,0,0,0,0
2020-03-16,Kern,029,883053,43,0,0,0,0
2020-03-16,Kings,031,150075,7,0,1,1,0
2020-03-16,Lake,033,64148,0,0,0,0,0
2020-03-16,Lassen,035,31185,0,0,0,0,0
2020-03-16,Los Angeles,037,10098052,1588,43,12,55,0
2020-03-16,Madera,039,155013,21,2,0,2,0
2020-03-16,Marin,041,260295,48,4,0,4,0
2020-03-16,Mariposa,043,17540,0,0,0,0,0
2020-03-16,Mendocino,045,87422,2,0,0,0,0
2020-03-16,Merced,047,269075,5,0,0,0,0
2020-03-16,Modoc,049,8938,0,0,0,0,0
2020-03-16,Mono,051,14174,7,0,0,0,0
2020-03-16,Monterey,053,433212,25,0,0,0,0
2020-03-16,Napa,055,140530,7,0,0,0,0
2020-03-16,Nevada,057,99092,11,1,1,2,0
2020-03-16,Orange,059,3164182,421,18,4,22,0
2020-03-16,Placer,061,380077,39,7,0,7,1
2020-03-16,Plumas,063,18699,0,0,0,0,0
2020-03-16,Riverside,065,2383286,213,10,2,12,0
2020-03-16,Sacramento,067,1510023,209,34,0,34,1
2020-03-16,San Benito,069,59416,8,2,0,2,0
2020-03-16,San Bernardino,071,2135413,143,1,0,1,0
2020-03-16,San Diego,073,3302833,525,17,0,17,0
2020-03-16,San Francisco,075,870044,262,40,0,40,0
2020-03-16,San Joaquin,077,732212,74,9,3,12,0
2020-03-16,San Luis Obispo,079,281455,54,1,0,1,0
2020-03-16,San Mateo,081,765935,270,42,2,44,1
2020-03-16,Santa Barbara,083,443738,63,0,0,0,0
2020-03-16,Santa Clara,085,1922200,649,115,1,116,2
2020-03-16,Santa Cruz,087,273765,44,9,0,9,0
2020-03-16,Shasta,089,179085,4,1,0,1,0
2020-03-16,Sierra,091,2930,0,0,0,0,0
2020-03-16,Siskiyou,093,43540,2,0,0,0,0
2020-03-16,Solano,095,438530,43,27,0,27,0
2020-03-16,Sonoma,097,501317,63,4,0,4,0
2020-03-16,Stanislaus,099,539301,27,2,2,4,0
2020-03-16,Sutter,101,95872,3,0,0,0,0
2020-03-16,Tehama,103,63373,0,0,0,0,0
2020-03-16,Trinity,105,12862,0,0,0,0,0
2020-03-16,Tulare,107,460477,21,2,2,4,0
2020-03-16,Tuolumne,109,53932,2,0,0,0,0
2020-03-16,Ventura,111,848112,88,7,0,7,0
2020-03-16,Yolo,113,214977,18,2,0,2,0
2020-03-16,Yuba,115,75493,3,0,0,0,0
2020-03-15,Alameda,001,1643700,215,17,0,17,0
2020-03-15,Alpine,003,1148,0,0,0,0,0
2020-03-15,Amador,005,37829,1,0,0,0,0
2020-03-15,Butte,007,227075,3,0,0,0,0
2020-03-15,Calaveras,009,45235,2,2,0,2,0
2020-03-15,Colusa,011,21464,0,0,0,0,0
2020-03-15,Contra Costa,013,1133247,161,34,0,34,0
2020-03-15,Del Norte,015,27424,0,0,0,0,0
2020-03-15,El Dorado,017,186661,14,0,0,0,0
2020-03-15,Fresno,019,978130,32,1,1,2,0
2020-03-15,Glenn,021,27897,0,0,0,0,0
2020-03-15,Humboldt,023,135768,11,1,0,1,0
2020-03-15,Imperial,025,180216,17,2,0,2,0
2020-03-15,Inyo,027,18085,0,0,0,0,0
2020-03-15,Kern,029,883053,37,0,0,0,0
2020-03-15,Kings,031,150075,7,0,1,1,0
2020-03-15,Lake,033,64148,0,0,0,0,0
2020-03-15,Lassen,035,31185,0,0,0,0,0
2020-03-15,Los Angeles,037,10098052,1349,41,12,53,0
2020-03-15,Madera,039,155013,20,2,0,2,0
2020-03-15,Marin,041,260295,41,3,0,3,0
2020-03-15,Mariposa,043,17540,0,0,0,0,0
2020-03-15,Mendocino,045,87422,2,0,0,0,0
2020-03-15,Merced,047,269075,3,0,0,0,0
2020-03-15,Modoc,049,8938,0,0,0,0,0
2020-03-15,Mono,051,14174,6,0,0,0,0
2020-03-15,Monterey,053,433212,19,0,0,0,0
2020-03-15,Napa,055,140530,7,0,0,0,0
2020-03-15,Nevada,057,99092,11,0,1,1,0
2020-03-15,Orange,059,3164182,351,16,2,18,0
2020-03-15,Placer,061,380077,33,7,0,7,1
2020-03-15,Plumas,063,18699,0,0,0,0,0
2020-03-15,Riverside,065,2383286,167,10,2,12,0
2020-03-15,Sacramento,067,1510023,173,30,0,30,1
2020-03-15,San Benito,069,59416,8,2,0,2,0
2020-03-15,San Bernardino,071,2135413,121,0,0,0,0
2020-03-15,San Diego,073,3302833,438,16,0,16,0
2020-03-15,San Francisco,075,870044,206,31,0,31,0
2020-03-15,San Joaquin,077,732212,63,6,3,9,0
2020-03-15,San Luis Obispo,079,281455,45,1,0,1,0
2020-03-15,San Mateo,081,765935,236,29,1,30,1
2020-03-15,Santa Barbara,083,443738,53,0,0,0,0
2020-03-15,Santa Clara,085,1922200,578,79,1,80,2
2020-03-15,Santa Cruz,087,273765,38,8,0,8,0
2020-03-15,Shasta,089,179085,4,1,0,1,0
2020-03-15,Sierra,091,2930,0,0,0,0,0
2020-03-15,Siskiyou,093,43540,2,0,0,0,0
2020-03-15,Solano,095,438530,42,26,0,26,0
2020-03-15,Sonoma,097,501317,54,4,0,4,0
2020-03-15,Stanislaus,099,539301,26,2,2,4,0
2020-03-15,Sutter,101,95872,2,0,0,0,0
2020-03-15,Tehama,103,63373,0,0,0,0,0
2020-03-15,Trinity,105,12862,0,0,0,0,0
2020-03-15,Tulare,107,460477,16,2,2,4,0
2020-03-15,Tuolumne,109,53932,1,0,0,0,0
2020-03-15,Ventura,111,848112,77,5,0,5,0
2020-03-15,Yolo,113,214977,15,2,0,2,0
2020-03-15,Yuba,115,75493,2,0,0,0,0
2020-03-14,Alameda,001,1643700,196,11,0,11,0
2020-03-14,Alpine,003,1148,0,0,0,0,0
2020-03-14,Amador,005,37829,1,0,0,0,0
2020-03-14,Butte,007,227075,2,0,0,0,0
2020-03-14,Calaveras,009,45235,2,2,0,2,0
2020-03-14,Colusa,011,21464,0,0,0,0,0
2020-03-14,Contra Costa,013,1133247,139,30,0,30,0
2020-03-14,Del Norte,015,27424,0,0,0,0,0
2020-03-14,El Dorado,017,186661,12,0,0,0,0
2020-03-14,Fresno,019,978130,24,1,1,2,0
2020-03-14,Glenn,021,27897,0,0,0,0,0
2020-03-14,Humboldt,023,135768,7,1,0,1,0
2020-03-14,Imperial,025,180216,13,2,0,2,0
2020-03-14,Inyo,027,18085,0,0,0,0,0
2020-03-14,Kern,029,883053,32,0,0,0,0
2020-03-14,Kings,031,150075,7,0,1,1,0
2020-03-14,Lake,033,64148,0,0,0,0,0
2020-03-14,Lassen,035,31185,0,0,0,0,0
2020-03-14,Los Angeles,037,10098052,1171,35,12,47,0
2020-03-14,Madera,039,155013,19,2,0,2,0
2020-03-14,Marin,041,260295,37,3,0,3,0
2020-03-14,Mariposa,043,17540,0,0,0,0,0
2020-03-14,Mendocino,045,87422,2,0,0,0,0
2020-03-14,Merced,047,269075,3,0,0,0,0
2020-03-14,Modoc,049,8938,0,0,0,0,0
2020-03-14,Mono,051,14174,5,0,0,0,0
2020-03-14,Monterey,053,433212,13,0,0,0,0
2020-03-14,Napa,055,140530,5,0,0,0,0
2020-03-14,Nevada,057,99092,8,0,1,1,0
2020-03-14,Orange,059,3164182,311,14,1,15,0
2020-03-14,Placer,061,380077,29,6,0,6,1
2020-03-14,Plumas,063,18699,0,0,0,0,0
2020-03-14,Riverside,065,2383286,147,10,2,12,0
2020-03-14,Sacramento,067,1510023,151,31,0,31,1
2020-03-14,San Benito,069,59416,8,2,0,2,0
2020-03-14,San Bernardino,071,2135413,103,0,0,0,0
2020-03-14,San Diego,073,3302833,363,10,0,10,0
2020-03-14,San Francisco,075,870044,185,29,0,29,0
2020-03-14,San Joaquin,077,732212,54,6,3,9,0
2020-03-14,San Luis Obispo,079,281455,40,0,0,0,0
2020-03-14,San Mateo,081,765935,213,27,1,28,0
2020-03-14,Santa Barbara,083,443738,41,0,0,0,0
2020-03-14,Santa Clara,085,1922200,522,62,1,63,2
2020-03-14,Santa Cruz,087,273765,33,8,0,8,0
2020-03-14,Shasta,089,179085,4,1,0,1,0
2020-03-14,Sierra,091,2930,0,0,0,0,0
2020-03-14,Siskiyou,093,43540,1,0,0,0,0
2020-03-14,Solano,095,438530,40,26,0,26,0
2020-03-14,Sonoma,097,501317,41,2,0,2,0
2020-03-14,Stanislaus,099,539301,22,2,2,4,0
2020-03-14,Sutter,101,95872,2,0,0,0,0
2020-03-14,Tehama,103,63373,0,0,0,0,0
2020-03-14,Trinity,105,12862,0,0,0,0,0
2020-03-14,Tulare,107,460477,14,2,2,4,0
2020-03-14,Tuolumne,109,53932,1,0,0,0,0
2020-03-14,Ventura,111,848112,68,5,0,5,0
2020-03-14,Yolo,113,214977,15,2,0,2,0
2020-03-14,Yuba,115,75493,1,0,0,0,0
2020-03-13,Alameda,001,1643700,177,12,0,12,0
2020-03-13,Alpine,003,1148,0,0,0,0,0
2020-03-13,Amador,005,37829,1,0,0,0,0
2020-03-13,Butte,007,227075,0,0,0,0,0
2020-03-13,Calaveras,009,45235,2,2,0,2,0
2020-03-13,Colusa,011,21464,0,0,0,0,0
2020-03-13,Contra Costa,013,1133247,125,22,0,22,0
2020-03-13,Del Norte,015,27424,0,0,0,0,0
2020-03-13,El Dorado,017,186661,11,0,0,0,0
2020-03-13,Fresno,019,978130,19,1,1,2,0
2020-03-13,Glenn,021,27897,0,0,0,0,0
2020-03-13,Humboldt,023,135768,7,1,0,1,0
2020-03-13,Imperial,025,180216,12,2,0,2,0
2020-03-13,Inyo,027,18085,0,0,0,0,0
2020-03-13,Kern,029,883053,27,0,0,0,0
2020-03-13,Kings,031,150075,6,0,1,1,0
2020-03-13,Lake,033,64148,0,0,0,0,0
2020-03-13,Lassen,035,31185,0,0,0,0,0
2020-03-13,Los Angeles,037,10098052,1018,30,11,41,0
2020-03-13,Madera,039,155013,18,1,0,1,0
2020-03-13,Marin,041,260295,34,3,0,3,0
2020-03-13,Mariposa,043,17540,0,0,0,0,0
2020-03-13,Mendocino,045,87422,2,0,0,0,0
2020-03-13,Merced,047,269075,2,0,0,0,0
2020-03-13,Modoc,049,8938,0,0,0,0,0
2020-03-13,Mono,051,14174,3,0,0,0,0
2020-03-13,Monterey,053,433212,8,0,0,0,0
2020-03-13,Napa,055,140530,3,0,0,0,0
2020-03-13,Nevada,057,99092,7,0,1,1,0
2020-03-13,Orange,059,3164182,273,10,1,11,0
2020-03-13,Placer,061,380077,27,6,0,6,1
2020-03-13,Plumas,063,18699,0,0,0,0,0
2020-03-13,Riverside,065,2383286,121,5,2,7,0
2020-03-13,Sacramento,067,1510023,130,18,0,18,1
2020-03-13,San Benito,069,59416,6,2,0,2,0
2020-03-13,San Bernardino,071,2135413,96,0,0,0,0
2020-03-13,San Diego,073,3302833,313,8,0,8,0
2020-03-13,San Francisco,075,870044,171,28,0,28,0
2020-03-13,San Joaquin,077,732212,50,6,3,9,0
2020-03-13,San Luis Obispo,079,281455,32,0,0,0,0
2020-03-13,San Mateo,081,765935,192,24,1,25,0
2020-03-13,Santa Barbara,083,443738,37,0,0,0,0
2020-03-13,Santa Clara,085,1922200,460,59,1,60,1
2020-03-13,Santa Cruz,087,273765,32,7,0,7,0
2020-03-13,Shasta,089,179085,3,1,0,1,0
2020-03-13,Sierra,091,2930,0,0,0,0,0
2020-03-13,Siskiyou,093,43540,0,0,0,0,0
2020-03-13,Solano,095,438530,39,26,0,26,0
2020-03-13,Sonoma,097,501317,40,2,0,2,0
2020-03-13,Stanislaus,099,539301,17,2,2,4,0
2020-03-13,Sutter,101,95872,2,0,0,0,0
2020-03-13,Tehama,103,63373,0,0,0,0,0
2020-03-13,Trinity,105,12862,0,0,0,0,0
2020-03-13,Tulare,107,460477,11,2,2,4,0
2020-03-13,Tuolumne,109,53932,1,0,0,0,0
2020-03-13,Ventura,111,848112,54,5,0,5,0
2020-03-13,Yolo,113,214977,15,1,0,1,0
2020-03-13,Yuba,115,75493,1,0,0,0,0
2020-03-12,Alameda,001,1643700,152,9,0,9,0
2020-03-12,Alpine,003,1148,0,0,0,0,0
2020-03-12,Amador,005,37829,1,0,0,0,0
2020-03-12,Butte,007,227075,0,0,0,0,0
2020-03-12,Calaveras,009,45235,2,2,0,2,0
2020-03-12,Colusa,011,21464,0,0,0,0,0
2020-03-12,Contra Costa,013,1133247,108,18,0,18,0
2020-03-12,Del Norte,015,27424,0,0,0,0,0
2020-03-12,El Dorado,017,186661,9,0,0,0,0
2020-03-12,Fresno,019,978130,11,1,1,2,0
2020-03-12,Glenn,021,27897,0,0,0,0,0
2020-03-12,Humboldt,023,135768,6,1,0,1,0
2020-03-12,Imperial,025,180216,11,2,0,2,0
2020-03-12,Inyo,027,18085,0,0,0,0,0
2020-03-12,Kern,029,883053,18,0,0,0,0
2020-03-12,Kings,031,150075,5,0,1,1,0
2020-03-12,Lake,033,64148,0,0,0,0,0
2020-03-12,Lassen,035,31185,0,0,0,0,0
2020-03-12,Los Angeles,037,10098052,859,30,11,41,0
2020-03-12,Madera,039,155013,15,1,0,1,0
2020-03-12,Marin,041,260295,24,1,0,1,0
2020-03-12,Mariposa,043,17540,0,0,0,0,0
2020-03-12,Mendocino,045,87422,2,0,0,0,0
2020-03-12,Merced,047,269075,2,0,0,0,0
2020-03-12,Modoc,049,8938,0,0,0,0,0
2020-03-12,Mono,051,14174,3,0,0,0,0
2020-03-12,Monterey,053,433212,6,0,0,0,0
2020-03-12,Napa,055,140530,3,0,0,0,0
2020-03-12,Nevada,057,99092,4,0,1,1,0
2020-03-12,Orange,059,3164182,237,7,0,7,0
2020-03-12,Placer,061,380077,23,6,0,6,1
2020-03-12,Plumas,063,18699,0,0,0,0,0
2020-03-12,Riverside,065,2383286,98,5,1,6,0
2020-03-12,Sacramento,067,1510023,106,17,0,17,1
2020-03-12,San Benito,069,59416,5,2,0,2,0
2020-03-12,San Bernardino,071,2135413,80,0,0,0,0
2020-03-12,San Diego,073,3302833,258,9,0,9,0
2020-03-12,San Francisco,075,870044,148,20,0,20,0
2020-03-12,San Joaquin,077,732212,44,3,3,6,1
2020-03-12,San Luis Obispo,079,281455,25,0,0,0,0
2020-03-12,San Mateo,081,765935,158,21,1,22,0
2020-03-12,Santa Barbara,083,443738,25,0,0,0,0
2020-03-12,Santa Clara,085,1922200,402,51,1,52,1
2020-03-12,Santa Cruz,087,273765,29,5,0,5,0
2020-03-12,Shasta,089,179085,2,1,0,1,0
2020-03-12,Sierra,091,2930,0,0,0,0,0
2020-03-12,Siskiyou,093,43540,0,0,0,0,0
2020-03-12,Solano,095,438530,34,26,0,26,0
2020-03-12,Sonoma,097,501317,34,2,0,2,0
2020-03-12,Stanislaus,099,539301,15,2,2,4,0
2020-03-12,Sutter,101,95872,0,0,0,0,0
2020-03-12,Tehama,103,63373,0,0,0,0,0
2020-03-12,Trinity,105,12862,0,0,0,0,0
2020-03-12,Tulare,107,460477,11,1,1,2,0
2020-03-12,Tuolumne,109,53932,1,0,0,0,0
2020-03-12,Ventura,111,848112,45,3,0,3,0
2020-03-12,Yolo,113,214977,14,1,0,1,0
2020-03-12,Yuba,115,75493,1,0,0,0,0
2020-03-11,Alameda,001,1643700,120,5,0,5,0
2020-03-11,Alpine,003,1148,0,0,0,0,0
2020-03-11,Amador,005,37829,1,0,0,0,0
2020-03-11,Butte,007,227075,0,0,0,0,0
2020-03-11,Calaveras,009,45235,2,2,0,2,0
2020-03-11,Colusa,011,21464,0,0,0,0,0
2020-03-11,Contra Costa,013,1133247,93,16,0,16,0
2020-03-11,Del Norte,015,27424,0,0,0,0,0
2020-03-11,El Dorado,017,186661,8,0,0,0,0
2020-03-11,Fresno,019,978130,8,1,1,2,0
2020-03-11,Glenn,021,27897,0,0,0,0,0
2020-03-11,Humboldt,023,135768,6,1,0,1,0
2020-03-11,Imperial,025,180216,9,0,0,0,0
2020-03-11,Inyo,027,18085,0,0,0,0,0
2020-03-11,Kern,029,883053,16,0,0,0,0
2020-03-11,Kings,031,150075,3,0,1,1,0
2020-03-11,Lake,033,64148,0,0,0,0,0
2020-03-11,Lassen,035,31185,0,0,0,0,0
2020-03-11,Los Angeles,037,10098052,691,21,11,32,0
2020-03-11,Madera,039,155013,13,1,0,1,0
2020-03-11,Marin,041,260295,17,1,0,1,0
2020-03-11,Mariposa,043,17540,0,0,0,0,0
2020-03-11,Mendocino,045,87422,1,0,0,0,0
2020-03-11,Merced,047,269075,2,0,0,0,0
2020-03-11,Modoc,049,8938,0,0,0,0,0
2020-03-11,Mono,051,14174,3,0,0,0,0
2020-03-11,Monterey,053,433212,5,0,0,0,0
2020-03-11,Napa,055,140530,2,0,0,0,0
2020-03-11,Nevada,057,99092,4,0,1,1,0
2020-03-11,Orange,059,3164182,205,6,0,6,0
2020-03-11,Placer,061,380077,18,6,0,6,1
2020-03-11,Plumas,063,18699,0,0,0,0,0
2020-03-11,Riverside,065,2383286,75,4,1,5,0
2020-03-11,Sacramento,067,1510023,88,9,0,9,1
2020-03-11,San Benito,069,59416,5,2,0,2,0
2020-03-11,San Bernardino,071,2135413,73,0,0,0,0
2020-03-11,San Diego,073,3302833,208,4,0,4,0
2020-03-11,San Francisco,075,870044,123,17,0,17,0
2020-03-11,San Joaquin,077,732212,33,1,3,4,0
2020-03-11,San Luis Obispo,079,281455,22,0,0,0,0
2020-03-11,San Mateo,081,765935,140,16,0,16,0
2020-03-11,Santa Barbara,083,443738,15,0,0,0,0
2020-03-11,Santa Clara,085,1922200,362,48,1,49,1
2020-03-11,Santa Cruz,087,273765,26,2,0,2,0
2020-03-11,Shasta,089,179085,2,1,0,1,0
2020-03-11,Sierra,091,2930,0,0,0,0,0
2020-03-11,Siskiyou,093,43540,0,0,0,0,0
2020-03-11,Solano,095,438530,29,26,0,26,0
2020-03-11,Sonoma,097,501317,30,2,0,2,0
2020-03-11,Stanislaus,099,539301,15,2,2,4,0
2020-03-11,Sutter,101,95872,0,0,0,0,0
2020-03-11,Tehama,103,63373,0,0,0,0,0
2020-03-11,Trinity,105,12862,0,0,0,0,0
2020-03-11,Tulare,107,460477,10,0,1,1,0
2020-03-11,Tuolumne,109,53932,1,0,0,0,0
2020-03-11,Ventura,111,848112,37,3,0,3,0
2020-03-11,Yolo,113,214977,10,1,0,1,0
2020-03-11,Yuba,115,75493,1,0,0,0,0
2020-03-10,Alameda,001,1643700,99,4,0,4,0
2020-03-10,Alpine,003,1148,0,0,0,0,0
2020-03-10,Amador,005,37829,1,0,0,0,0
2020-03-10,Butte,007,227075,0,0,0,0,0
2020-03-10,Calaveras,009,45235,2,2,0,2,0
2020-03-10,Colusa,011,21464,0,0,0,0,0
2020-03-10,Contra Costa,013,1133247,84,11,0,11,0
2020-03-10,Del Norte,015,27424,0,0,0,0,0
2020-03-10,El Dorado,017,186661,7,0,0,0,0
2020-03-10,Fresno,019,978130,6,1,1,2,0
2020-03-10,Glenn,021,27897,0,0,0,0,0
2020-03-10,Humboldt,023,135768,6,1,0,1,0
2020-03-10,Imperial,025,180216,8,0,0,0,0
2020-03-10,Inyo,027,18085,0,0,0,0,0
2020-03-10,Kern,029,883053,11,0,0,0,0
2020-03-10,Kings,031,150075,3,0,1,1,0
2020-03-10,Lake,033,64148,0,0,0,0,0
2020-03-10,Lassen,035,31185,0,0,0,0,0
2020-03-10,Los Angeles,037,10098052,555,20,11,31,0
2020-03-10,Madera,039,155013,7,1,0,1,0
2020-03-10,Marin,041,260295,16,1,0,1,0
2020-03-10,Mariposa,043,17540,0,0,0,0,0
2020-03-10,Mendocino,045,87422,0,0,0,0,0
2020-03-10,Merced,047,269075,2,0,0,0,0
2020-03-10,Modoc,049,8938,0,0,0,0,0
2020-03-10,Mono,051,14174,3,0,0,0,0
2020-03-10,Monterey,053,433212,3,0,0,0,0
2020-03-10,Napa,055,140530,2,0,0,0,0
2020-03-10,Nevada,057,99092,3,0,1,1,0
2020-03-10,Orange,059,3164182,185,5,0,5,1
2020-03-10,Placer,061,380077,14,7,0,7,1
2020-03-10,Plumas,063,18699,0,0,0,0,0
2020-03-10,Riverside,065,2383286,56,4,1,5,0
2020-03-10,Sacramento,067,1510023,79,8,0,8,0
2020-03-10,San Benito,069,59416,5,2,0,2,0
2020-03-10,San Bernardino,071,2135413,65,0,0,0,0
2020-03-10,San Diego,073,3302833,165,3,0,3,0
2020-03-10,San Francisco,075,870044,91,16,0,16,0
2020-03-10,San Joaquin,077,732212,30,1,3,4,0
2020-03-10,San Luis Obispo,079,281455,15,0,0,0,0
2020-03-10,San Mateo,081,765935,124,11,0,11,0
2020-03-10,Santa Barbara,083,443738,11,0,0,0,0
2020-03-10,Santa Clara,085,1922200,315,45,1,46,1
2020-03-10,Santa Cruz,087,273765,22,2,0,2,0
2020-03-10,Shasta,089,179085,2,1,0,1,0
2020-03-10,Sierra,091,2930,0,0,0,0,0
2020-03-10,Siskiyou,093,43540,0,0,0,0,0
2020-03-10,Solano,095,438530,27,26,0,26,0
2020-03-10,Sonoma,097,501317,27,2,0,2,0
2020-03-10,Stanislaus,099,539301,11,0,2,2,0
2020-03-10,Sutter,101,95872,0,0,0,0,0
2020-03-10,Tehama,103,63373,0,0,0,0,0
2020-03-10,Trinity,105,12862,0,0,0,0,0
2020-03-10,Tulare,107,460477,9,0,1,1,0
2020-03-10,Tuolumne,109,53932,1,0,0,0,0
2020-03-10,Ventura,111,848112,29,1,0,1,0
2020-03-10,Yolo,113,214977,7,2,0,2,0
2020-03-10,Yuba,115,75493,1,0,0,0,0
2020-03-09,Alameda,001,1643700,71,4,0,4,0
2020-03-09,Alpine,003,1148,0,0,0,0,0
2020-03-09,Amador,005,37829,0,0,0,0,0
2020-03-09,Butte,007,227075,0,0,0,0,0
2020-03-09,Calaveras,009,45235,2,0,0,0,0
2020-03-09,Colusa,011,21464,0,0,0,0,0
2020-03-09,Contra Costa,013,1133247,72,9,0,9,0
2020-03-09,Del Norte,015,27424,0,0,0,0,0
2020-03-09,El Dorado,017,186661,5,0,0,0,0
2020-03-09,Fresno,019,978130,6,1,1,2,0
2020-03-09,Glenn,021,27897,0,0,0,0,0
2020-03-09,Humboldt,023,135768,5,1,0,1,0
2020-03-09,Imperial,025,180216,8,0,0,0,0
2020-03-09,Inyo,027,18085,0,0,0,0,0
2020-03-09,Kern,029,883053,8,0,0,0,0
2020-03-09,Kings,031,150075,2,0,1,1,0
2020-03-09,Lake,033,64148,0,0,0,0,0
2020-03-09,Lassen,035,31185,0,0,0,0,0
2020-03-09,Los Angeles,037,10098052,453,17,10,27,0
2020-03-09,Madera,039,155013,7,1,0,1,0
2020-03-09,Marin,041,260295,15,1,0,1,0
2020-03-09,Mariposa,043,17540,0,0,0,0,0
2020-03-09,Mendocino,045,87422,0,0,0,0,0
2020-03-09,Merced,047,269075,2,0,0,0,0
2020-03-09,Modoc,049,8938,0,0,0,0,0
2020-03-09,Mono,051,14174,3,0,0,0,0
2020-03-09,Monterey,053,433212,1,0,0,0,0
2020-03-09,Napa,055,140530,2,0,0,0,0
2020-03-09,Nevada,057,99092,2,0,1,1,0
2020-03-09,Orange,059,3164182,157,4,0,4,0
2020-03-09,Placer,061,380077,12,7,0,7,1
2020-03-09,Plumas,063,18699,0,0,0,0,0
2020-03-09,Riverside,065,2383286,47,4,1,5,0
2020-03-09,Sacramento,067,1510023,75,8,0,8,0
2020-03-09,San Benito,069,59416,3,2,0,2,0
2020-03-09,San Bernardino,071,2135413,54,0,0,0,0
2020-03-09,San Diego,073,3302833,126,2,0,2,0
2020-03-09,San Francisco,075,870044,71,14,0,14,0
2020-03-09,San Joaquin,077,732212,21,0,3,3,0
2020-03-09,San Luis Obispo,079,281455,15,0,0,0,0
2020-03-09,San Mateo,081,765935,110,6,0,6,0
2020-03-09,Santa Barbara,083,443738,9,0,0,0,0
2020-03-09,Santa Clara,085,1922200,271,42,1,43,1
2020-03-09,Santa Cruz,087,273765,19,2,0,2,0
2020-03-09,Shasta,089,179085,2,1,0,1,0
2020-03-09,Sierra,091,2930,0,0,0,0,0
2020-03-09,Siskiyou,093,43540,0,0,0,0,0
2020-03-09,Solano,095,438530,25,26,0,26,0
2020-03-09,Sonoma,097,501317,22,2,0,2,0
2020-03-09,Stanislaus,099,539301,11,0,2,2,0
2020-03-09,Sutter,101,95872,0,0,0,0,0
2020-03-09,Tehama,103,63373,0,0,0,0,0
2020-03-09,Trinity,105,12862,0,0,0,0,0
2020-03-09,Tulare,107,460477,9,0,1,1,0
2020-03-09,Tuolumne,109,53932,1,0,0,0,0
2020-03-09,Ventura,111,848112,25,1,0,1,0
2020-03-09,Yolo,113,214977,6,2,0,2,0
2020-03-09,Yuba,115,75493,0,0,0,0,0
2020-03-08,Alameda,001,1643700,46,4,0,4,0
2020-03-08,Alpine,003,1148,0,0,0,0,0
2020-03-08,Amador,005,37829,0,0,0,0,0
2020-03-08,Butte,007,227075,0,0,0,0,0
2020-03-08,Calaveras,009,45235,2,0,0,0,0
2020-03-08,Colusa,011,21464,0,0,0,0,0
2020-03-08,Contra Costa,013,1133247,58,9,0,9,0
2020-03-08,Del Norte,015,27424,0,0,0,0,0
2020-03-08,El Dorado,017,186661,5,0,0,0,0
2020-03-08,Fresno,019,978130,4,1,1,2,0
2020-03-08,Glenn,021,27897,0,0,0,0,0
2020-03-08,Humboldt,023,135768,5,1,0,1,0
2020-03-08,Imperial,025,180216,8,0,0,0,0
2020-03-08,Inyo,027,18085,0,0,0,0,0
2020-03-08,Kern,029,883053,8,0,0,0,0
2020-03-08,Kings,031,150075,1,0,1,1,0
2020-03-08,Lake,033,64148,0,0,0,0,0
2020-03-08,Lassen,035,31185,0,0,0,0,0
2020-03-08,Los Angeles,037,10098052,360,14,10,24,0
2020-03-08,Madera,039,155013,7,1,0,1,0
2020-03-08,Marin,041,260295,13,1,0,1,0
2020-03-08,Mariposa,043,17540,0,0,0,0,0
2020-03-08,Mendocino,045,87422,0,0,0,0,0
2020-03-08,Merced,047,269075,2,0,0,0,0
2020-03-08,Modoc,049,8938,0,0,0,0,0
2020-03-08,Mono,051,14174,3,0,0,0,0
2020-03-08,Monterey,053,433212,1,0,0,0,0
2020-03-08,Napa,055,140530,2,0,0,0,0
2020-03-08,Nevada,057,99092,1,0,1,1,0
2020-03-08,Orange,059,3164182,132,4,0,4,0
2020-03-08,Placer,061,380077,11,7,0,7,1
2020-03-08,Plumas,063,18699,0,0,0,0,0
2020-03-08,Riverside,065,2383286,40,1,1,2,0
2020-03-08,Sacramento,067,1510023,65,5,0,5,0
2020-03-08,San Benito,069,59416,3,2,0,2,0
2020-03-08,San Bernardino,071,2135413,43,0,0,0,0
2020-03-08,San Diego,073,3302833,92,2,0,2,0
2020-03-08,San Francisco,075,870044,52,9,0,9,0
2020-03-08,San Joaquin,077,732212,18,0,3,3,0
2020-03-08,San Luis Obispo,079,281455,9,0,0,0,0
2020-03-08,San Mateo,081,765935,97,4,0,4,0
2020-03-08,Santa Barbara,083,443738,6,0,0,0,0
2020-03-08,Santa Clara,085,1922200,230,36,1,37,0
2020-03-08,Santa Cruz,087,273765,17,1,0,1,0
2020-03-08,Shasta,089,179085,2,0,0,0,0
2020-03-08,Sierra,091,2930,0,0,0,0,0
2020-03-08,Siskiyou,093,43540,0,0,0,0,0
2020-03-08,Solano,095,438530,24,26,0,26,0
2020-03-08,Sonoma,097,501317,17,2,0,2,0
2020-03-08,Stanislaus,099,539301,10,0,2,2,0
2020-03-08,Sutter,101,95872,0,0,0,0,0
2020-03-08,Tehama,103,63373,0,0,0,0,0
2020-03-08,Trinity,105,12862,0,0,0,0,0
2020-03-08,Tulare,107,460477,9,0,0,0,0
2020-03-08,Tuolumne,109,53932,1,0,0,0,0
2020-03-08,Ventura,111,848112,21,1,0,1,0
2020-03-08,Yolo,113,214977,3,2,0,2,0
2020-03-08,Yuba,115,75493,0,0,0,0,0
2020-03-07,Alameda,001,1643700,41,3,0,3,0
2020-03-07,Alpine,003,1148,0,0,0,0,0
2020-03-07,Amador,005,37829,0,0,0,0,0
2020-03-07,Butte,007,227075,0,0,0,0,0
2020-03-07,Calaveras,009,45235,2,0,0,0,0
2020-03-07,Colusa,011,21464,0,0,0,0,0
2020-03-07,Contra Costa,013,1133247,55,4,0,4,0
2020-03-07,Del Norte,015,27424,0,0,0,0,0
2020-03-07,El Dorado,017,186661,4,0,0,0,0
2020-03-07,Fresno,019,978130,3,1,1,2,0
2020-03-07,Glenn,021,27897,0,0,0,0,0
2020-03-07,Humboldt,023,135768,5,1,0,1,0
2020-03-07,Imperial,025,180216,7,0,0,0,0
2020-03-07,Inyo,027,18085,0,0,0,0,0
2020-03-07,Kern,029,883053,7,0,0,0,0
2020-03-07,Kings,031,150075,1,0,1,1,0
2020-03-07,Lake,033,64148,0,0,0,0,0
2020-03-07,Lassen,035,31185,0,0,0,0,0
2020-03-07,Los Angeles,037,10098052,310,14,10,24,0
2020-03-07,Madera,039,155013,6,1,0,1,0
2020-03-07,Marin,041,260295,11,0,0,0,0
2020-03-07,Mariposa,043,17540,0,0,0,0,0
2020-03-07,Mendocino,045,87422,0,0,0,0,0
2020-03-07,Merced,047,269075,2,0,0,0,0
2020-03-07,Modoc,049,8938,0,0,0,0,0
2020-03-07,Mono,051,14174,3,0,0,0,0
2020-03-07,Monterey,053,433212,1,0,0,0,0
2020-03-07,Napa,055,140530,1,0,0,0,0
2020-03-07,Nevada,057,99092,1,0,1,1,0
2020-03-07,Orange,059,3164182,124,4,0,4,0
2020-03-07,Placer,061,380077,11,6,0,6,1
2020-03-07,Plumas,063,18699,0,0,0,0,0
2020-03-07,Riverside,065,2383286,30,0,1,1,0
2020-03-07,Sacramento,067,1510023,52,4,0,4,0
2020-03-07,San Benito,069,59416,3,2,0,2,0
2020-03-07,San Bernardino,071,2135413,41,0,0,0,0
2020-03-07,San Diego,073,3302833,74,2,0,2,0
2020-03-07,San Francisco,075,870044,46,9,0,9,0
2020-03-07,San Joaquin,077,732212,16,0,3,3,0
2020-03-07,San Luis Obispo,079,281455,6,0,0,0,0
2020-03-07,San Mateo,081,765935,87,1,0,1,0
2020-03-07,Santa Barbara,083,443738,5,0,0,0,0
2020-03-07,Santa Clara,085,1922200,201,31,1,32,0
2020-03-07,Santa Cruz,087,273765,17,1,0,1,0
2020-03-07,Shasta,089,179085,2,0,0,0,0
2020-03-07,Sierra,091,2930,0,0,0,0,0
2020-03-07,Siskiyou,093,43540,0,0,0,0,0
2020-03-07,Solano,095,438530,23,25,0,25,0
2020-03-07,Sonoma,097,501317,13,2,0,2,0
2020-03-07,Stanislaus,099,539301,9,0,2,2,0
2020-03-07,Sutter,101,95872,0,0,0,0,0
2020-03-07,Tehama,103,63373,0,0,0,0,0
2020-03-07,Trinity,105,12862,0,0,0,0,0
2020-03-07,Tulare,107,460477,6,0,0,0,0
2020-03-07,Tuolumne,109,53932,1,0,0,0,0
2020-03-07,Ventura,111,848112,18,1,0,1,0
2020-03-07,Yolo,113,214977,3,2,0,2,0
2020-03-07,Yuba,115,75493,0,0,0,0,0
2020-03-06,Alameda,001,1643700,39,3,0,3,0
2020-03-06,Alpine,003,1148,0,0,0,0,0
2020-03-06,Amador,005,37829,0,0,0,0,0
2020-03-06,Butte,007,227075,0,0,0,0,0
2020-03-06,Calaveras,009,45235,2,0,0,0,0
2020-03-06,Colusa,011,21464,0,0,0,0,0
2020-03-06,Contra Costa,013,1133247,46,4,0,4,0
2020-03-06,Del Norte,015,27424,0,0,0,0,0
2020-03-06,El Dorado,017,186661,3,0,0,0,0
2020-03-06,Fresno,019,978130,2,0,1,1,0
2020-03-06,Glenn,021,27897,0,0,0,0,0
2020-03-06,Humboldt,023,135768,4,1,0,1,0
2020-03-06,Imperial,025,180216,6,0,0,0,0
2020-03-06,Inyo,027,18085,0,0,0,0,0
2020-03-06,Kern,029,883053,6,0,0,0,0
2020-03-06,Kings,031,150075,1,0,1,1,0
2020-03-06,Lake,033,64148,0,0,0,0,0
2020-03-06,Lassen,035,31185,0,0,0,0,0
2020-03-06,Los Angeles,037,10098052,267,13,10,23,0
2020-03-06,Madera,039,155013,5,0,0,0,0
2020-03-06,Marin,041,260295,10,0,0,0,0
2020-03-06,Mariposa,043,17540,0,0,0,0,0
2020-03-06,Mendocino,045,87422,0,0,0,0,0
2020-03-06,Merced,047,269075,2,0,0,0,0
2020-03-06,Modoc,049,8938,0,0,0,0,0
2020-03-06,Mono,051,14174,1,0,0,0,0
2020-03-06,Monterey,053,433212,1,0,0,0,0
2020-03-06,Napa,055,140530,1,0,0,0,0
2020-03-06,Nevada,057,99092,1,0,1,1,0
2020-03-06,Orange,059,3164182,98,4,0,4,0
2020-03-06,Placer,061,380077,10,5,0,5,1
2020-03-06,Plumas,063,18699,0,0,0,0,0
2020-03-06,Riverside,065,2383286,30,0,1,1,0
2020-03-06,Sacramento,067,1510023,43,2,0,2,0
2020-03-06,San Benito,069,59416,3,2,0,2,0
2020-03-06,San Bernardino,071,2135413,39,0,0,0,0
2020-03-06,San Diego,073,3302833,61,2,0,2,0
2020-03-06,San Francisco,075,870044,40,2,0,2,0
2020-03-06,San Joaquin,077,732212,13,0,3,3,0
2020-03-06,San Luis Obispo,079,281455,4,0,0,0,0
2020-03-06,San Mateo,081,765935,79,1,0,1,0
2020-03-06,Santa Barbara,083,443738,3,0,0,0,0
2020-03-06,Santa Clara,085,1922200,183,20,1,21,0
2020-03-06,Santa Cruz,087,273765,15,0,0,0,0
2020-03-06,Shasta,089,179085,2,0,0,0,0
2020-03-06,Sierra,091,2930,0,0,0,0,0
2020-03-06,Siskiyou,093,43540,0,0,0,0,0
2020-03-06,Solano,095,438530,22,25,0,25,0
2020-03-06,Sonoma,097,501317,13,2,0,2,0
2020-03-06,Stanislaus,099,539301,5,0,2,2,0
2020-03-06,Sutter,101,95872,0,0,0,0,0
2020-03-06,Tehama,103,63373,0,0,0,0,0
2020-03-06,Trinity,105,12862,0,0,0,0,0
2020-03-06,Tulare,107,460477,6,0,0,0,0
2020-03-06,Tuolumne,109,53932,1,0,0,0,0
2020-03-06,Ventura,111,848112,15,1,0,1,0
2020-03-06,Yolo,113,214977,3,1,0,1,0
2020-03-06,Yuba,115,75493,0,0,0,0,0
2020-03-05,Alameda,001,1643700,34,2,0,2,0
2020-03-05,Alpine,003,1148,0,0,0,0,0
2020-03-05,Amador,005,37829,0,0,0,0,0
2020-03-05,Butte,007,227075,0,0,0,0,0
2020-03-05,Calaveras,009,45235,2,0,0,0,0
2020-03-05,Colusa,011,21464,0,0,0,0,0
2020-03-05,Contra Costa,013,1133247,39,1,0,1,0
2020-03-05,Del Norte,015,27424,0,0,0,0,0
2020-03-05,El Dorado,017,186661,1,0,0,0,0
2020-03-05,Fresno,019,978130,2,0,1,1,0
2020-03-05,Glenn,021,27897,0,0,0,0,0
2020-03-05,Humboldt,023,135768,4,1,0,1,0
2020-03-05,Imperial,025,180216,5,0,0,0,0
2020-03-05,Inyo,027,18085,0,0,0,0,0
2020-03-05,Kern,029,883053,6,0,0,0,0
2020-03-05,Kings,031,150075,1,0,1,1,0
2020-03-05,Lake,033,64148,0,0,0,0,0
2020-03-05,Lassen,035,31185,0,0,0,0,0
2020-03-05,Los Angeles,037,10098052,220,11,10,21,0
2020-03-05,Madera,039,155013,5,0,0,0,0
2020-03-05,Marin,041,260295,10,0,0,0,0
2020-03-05,Mariposa,043,17540,0,0,0,0,0
2020-03-05,Mendocino,045,87422,0,0,0,0,0
2020-03-05,Merced,047,269075,2,0,0,0,0
2020-03-05,Modoc,049,8938,0,0,0,0,0
2020-03-05,Mono,051,14174,1,0,0,0,0
2020-03-05,Monterey,053,433212,1,0,0,0,0
2020-03-05,Napa,055,140530,1,0,0,0,0
2020-03-05,Nevada,057,99092,0,0,1,1,0
2020-03-05,Orange,059,3164182,83,3,0,3,0
2020-03-05,Placer,061,380077,10,2,0,2,1
2020-03-05,Plumas,063,18699,0,0,0,0,0
2020-03-05,Riverside,065,2383286,27,0,1,1,0
2020-03-05,Sacramento,067,1510023,37,2,0,2,0
2020-03-05,San Benito,069,59416,1,2,0,2,0
2020-03-05,San Bernardino,071,2135413,34,0,0,0,0
2020-03-05,San Diego,073,3302833,54,2,0,2,0
2020-03-05,San Francisco,075,870044,30,2,0,2,0
2020-03-05,San Joaquin,077,732212,10,0,3,3,0
2020-03-05,San Luis Obispo,079,281455,4,0,0,0,0
2020-03-05,San Mateo,081,765935,65,1,0,1,0
2020-03-05,Santa Barbara,083,443738,2,0,0,0,0
2020-03-05,Santa Clara,085,1922200,162,14,1,15,0
2020-03-05,Santa Cruz,087,273765,13,0,0,0,0
2020-03-05,Shasta,089,179085,2,0,0,0,0
2020-03-05,Sierra,091,2930,0,0,0,0,0
2020-03-05,Siskiyou,093,43540,0,0,0,0,0
2020-03-05,Solano,095,438530,22,24,0,24,0
2020-03-05,Sonoma,097,501317,12,2,0,2,0
2020-03-05,Stanislaus,099,539301,4,0,2,2,0
2020-03-05,Sutter,101,95872,0,0,0,0,0
2020-03-05,Tehama,103,63373,0,0,0,0,0
2020-03-05,Trinity,105,12862,0,0,0,0,0
2020-03-05,Tulare,107,460477,6,0,0,0,0
2020-03-05,Tuolumne,109,53932,1,0,0,0,0
2020-03-05,Ventura,111,848112,13,0,0,0,0
2020-03-05,Yolo,113,214977,3,0,0,0,0
2020-03-05,Yuba,115,75493,0,0,0,0,0
2020-03-04,Alameda,001,1643700,30,2,0,2,0
2020-03-04,Alpine,003,1148,0,0,0,0,0
2020-03-04,Amador,005,37829,0,0,0,0,0
2020-03-04,Butte,007,227075,0,0,0,0,0
2020-03-04,Calaveras,009,45235,0,0,0,0,0
2020-03-04,Colusa,011,21464,0,0,0,0,0
2020-03-04,Contra Costa,013,1133247,34,1,0,1,0
2020-03-04,Del Norte,015,27424,0,0,0,0,0
2020-03-04,El Dorado,017,186661,1,0,0,0,0
2020-03-04,Fresno,019,978130,2,0,1,1,0
2020-03-04,Glenn,021,27897,0,0,0,0,0
2020-03-04,Humboldt,023,135768,1,1,0,1,0
2020-03-04,Imperial,025,180216,5,0,0,0,0
2020-03-04,Inyo,027,18085,0,0,0,0,0
2020-03-04,Kern,029,883053,6,0,0,0,0
2020-03-04,Kings,031,150075,1,0,1,1,0
2020-03-04,Lake,033,64148,0,0,0,0,0
2020-03-04,Lassen,035,31185,0,0,0,0,0
2020-03-04,Los Angeles,037,10098052,185,7,10,17,0
2020-03-04,Madera,039,155013,5,0,0,0,0
2020-03-04,Marin,041,260295,10,0,0,0,0
2020-03-04,Mariposa,043,17540,0,0,0,0,0
2020-03-04,Mendocino,045,87422,0,0,0,0,0
2020-03-04,Merced,047,269075,2,0,0,0,0
2020-03-04,Modoc,049,8938,0,0,0,0,0
2020-03-04,Mono,051,14174,1,0,0,0,0
2020-03-04,Monterey,053,433212,1,0,0,0,0
2020-03-04,Napa,055,140530,1,0,0,0,0
2020-03-04,Nevada,057,99092,0,0,1,1,0
2020-03-04,Orange,059,3164182,80,3,0,3,0
2020-03-04,Placer,061,380077,9,2,0,2,1
2020-03-04,Plumas,063,18699,0,0,0,0,0
2020-03-04,Riverside,065,2383286,23,0,1,1,0
2020-03-04,Sacramento,067,1510023,32,1,0,1,0
2020-03-04,San Benito,069,59416,1,2,0,2,0
2020-03-04,San Bernardino,071,2135413,31,0,0,0,0
2020-03-04,San Diego,073,3302833,41,2,0,2,0
2020-03-04,San Francisco,075,870044,25,0,0,0,0
2020-03-04,San Joaquin,077,732212,9,0,3,3,0
2020-03-04,San Luis Obispo,079,281455,4,0,0,0,0
2020-03-04,San Mateo,081,765935,60,1,0,1,0
2020-03-04,Santa Barbara,083,443738,2,0,0,0,0
2020-03-04,Santa Clara,085,1922200,145,12,1,13,0
2020-03-04,Santa Cruz,087,273765,13,0,0,0,0
2020-03-04,Shasta,089,179085,2,0,0,0,0
2020-03-04,Sierra,091,2930,0,0,0,0,0
2020-03-04,Siskiyou,093,43540,0,0,0,0,0
2020-03-04,Solano,095,438530,21,24,0,24,0
2020-03-04,Sonoma,097,501317,11,2,0,2,0
2020-03-04,Stanislaus,099,539301,4,0,2,2,0
2020-03-04,Sutter,101,95872,0,0,0,0,0
2020-03-04,Tehama,103,63373,0,0,0,0,0
2020-03-04,Trinity,105,12862,0,0,0,0,0
2020-03-04,Tulare,107,460477,6,0,0,0,0
2020-03-04,Tuolumne,109,53932,0,0,0,0,0
2020-03-04,Ventura,111,848112,12,0,0,0,0
2020-03-04,Yolo,113,214977,3,0,0,0,0
2020-03-04,Yuba,115,75493,0,0,0,0,0
2020-03-03,Alameda,001,1643700,24,2,0,2,0
2020-03-03,Alpine,003,1148,0,0,0,0,0
2020-03-03,Amador,005,37829,0,0,0,0,0
2020-03-03,Butte,007,227075,0,0,0,0,0
2020-03-03,Calaveras,009,45235,0,0,0,0,0
2020-03-03,Colusa,011,21464,0,0,0,0,0
2020-03-03,Contra Costa,013,1133247,30,0,0,0,0
2020-03-03,Del Norte,015,27424,0,0,0,0,0
2020-03-03,El Dorado,017,186661,1,0,0,0,0
2020-03-03,Fresno,019,978130,1,0,1,1,0
2020-03-03,Glenn,021,27897,0,0,0,0,0
2020-03-03,Humboldt,023,135768,1,1,0,1,0
2020-03-03,Imperial,025,180216,5,0,0,0,0
2020-03-03,Inyo,027,18085,0,0,0,0,0
2020-03-03,Kern,029,883053,4,0,0,0,0
2020-03-03,Kings,031,150075,1,0,1,1,0
2020-03-03,Lake,033,64148,0,0,0,0,0
2020-03-03,Lassen,035,31185,0,0,0,0,0
2020-03-03,Los Angeles,037,10098052,166,5,10,15,0
2020-03-03,Madera,039,155013,4,0,0,0,0
2020-03-03,Marin,041,260295,6,0,0,0,0
2020-03-03,Mariposa,043,17540,0,0,0,0,0
2020-03-03,Mendocino,045,87422,0,0,0,0,0
2020-03-03,Merced,047,269075,2,0,0,0,0
2020-03-03,Modoc,049,8938,0,0,0,0,0
2020-03-03,Mono,051,14174,1,0,0,0,0
2020-03-03,Monterey,053,433212,0,0,0,0,0
2020-03-03,Napa,055,140530,1,0,0,0,0
2020-03-03,Nevada,057,99092,0,0,1,1,0
2020-03-03,Orange,059,3164182,72,1,0,1,0
2020-03-03,Placer,061,380077,8,2,0,2,0
2020-03-03,Plumas,063,18699,0,0,0,0,0
2020-03-03,Riverside,065,2383286,20,0,1,1,0
2020-03-03,Sacramento,067,1510023,31,1,0,1,0
2020-03-03,San Benito,069,59416,1,2,0,2,0
2020-03-03,San Bernardino,071,2135413,28,0,0,0,0
2020-03-03,San Diego,073,3302833,34,2,0,2,0
2020-03-03,San Francisco,075,870044,23,0,0,0,0
2020-03-03,San Joaquin,077,732212,8,0,3,3,0
2020-03-03,San Luis Obispo,079,281455,2,0,0,0,0
2020-03-03,San Mateo,081,765935,53,1,0,1,0
2020-03-03,Santa Barbara,083,443738,1,0,0,0,0
2020-03-03,Santa Clara,085,1922200,130,11,1,12,0
2020-03-03,Santa Cruz,087,273765,10,0,0,0,0
2020-03-03,Shasta,089,179085,2,0,0,0,0
2020-03-03,Sierra,091,2930,0,0,0,0,0
2020-03-03,Siskiyou,093,43540,0,0,0,0,0
2020-03-03,Solano,095,438530,20,24,0,24,0
2020-03-03,Sonoma,097,501317,11,1,0,1,0
2020-03-03,Stanislaus,099,539301,4,0,2,2,0
2020-03-03,Sutter,101,95872,0,0,0,0,0
2020-03-03,Tehama,103,63373,0,0,0,0,0
2020-03-03,Trinity,105,12862,0,0,0,0,0
2020-03-03,Tulare,107,460477,6,0,0,0,0
2020-03-03,Tuolumne,109,53932,0,0,0,0,0
2020-03-03,Ventura,111,848112,11,0,0,0,0
2020-03-03,Yolo,113,214977,2,0,0,0,0
2020-03-03,Yuba,115,75493,0,0,0,0,0
2020-03-02,Alameda,001,1643700,21,1,0,1,0
2020-03-02,Alpine,003,1148,0,0,0,0,0
2020-03-02,Amador,005,37829,0,0,0,0,0
2020-03-02,Butte,007,227075,0,0,0,0,0
2020-03-02,Calaveras,009,45235,0,0,0,0,0
2020-03-02,Colusa,011,21464,0,0,0,0,0
2020-03-02,Contra Costa,013,1133247,27,0,0,0,0
2020-03-02,Del Norte,015,27424,0,0,0,0,0
2020-03-02,El Dorado,017,186661,1,0,0,0,0
2020-03-02,Fresno,019,978130,1,0,1,1,0
2020-03-02,Glenn,021,27897,0,0,0,0,0
2020-03-02,Humboldt,023,135768,1,1,0,1,0
2020-03-02,Imperial,025,180216,5,0,0,0,0
2020-03-02,Inyo,027,18085,0,0,0,0,0
2020-03-02,Kern,029,883053,4,0,0,0,0
2020-03-02,Kings,031,150075,1,0,1,1,0
2020-03-02,Lake,033,64148,0,0,0,0,0
2020-03-02,Lassen,035,31185,0,0,0,0,0
2020-03-02,Los Angeles,037,10098052,151,1,10,11,0
2020-03-02,Madera,039,155013,4,0,0,0,0
2020-03-02,Marin,041,260295,6,0,0,0,0
2020-03-02,Mariposa,043,17540,0,0,0,0,0
2020-03-02,Mendocino,045,87422,0,0,0,0,0
2020-03-02,Merced,047,269075,1,0,0,0,0
2020-03-02,Modoc,049,8938,0,0,0,0,0
2020-03-02,Mono,051,14174,1,0,0,0,0
2020-03-02,Monterey,053,433212,0,0,0,0,0
2020-03-02,Napa,055,140530,1,0,0,0,0
2020-03-02,Nevada,057,99092,0,0,1,1,0
2020-03-02,Orange,059,3164182,67,1,0,1,0
2020-03-02,Placer,061,380077,8,1,0,1,0
2020-03-02,Plumas,063,18699,0,0,0,0,0
2020-03-02,Riverside,065,2383286,19,0,1,1,0
2020-03-02,Sacramento,067,1510023,25,1,0,1,0
2020-03-02,San Benito,069,59416,1,2,0,2,0
2020-03-02,San Bernardino,071,2135413,28,0,0,0,0
2020-03-02,San Diego,073,3302833,28,2,0,2,0
2020-03-02,San Francisco,075,870044,17,0,0,0,0
2020-03-02,San Joaquin,077,732212,7,0,3,3,0
2020-03-02,San Luis Obispo,079,281455,2,0,0,0,0
2020-03-02,San Mateo,081,765935,44,1,0,1,0
2020-03-02,Santa Barbara,083,443738,1,0,0,0,0
2020-03-02,Santa Clara,085,1922200,108,7,1,8,0
2020-03-02,Santa Cruz,087,273765,9,0,0,0,0
2020-03-02,Shasta,089,179085,2,0,0,0,0
2020-03-02,Sierra,091,2930,0,0,0,0,0
2020-03-02,Siskiyou,093,43540,0,0,0,0,0
2020-03-02,Solano,095,438530,19,24,0,24,0
2020-03-02,Sonoma,097,501317,10,1,0,1,0
2020-03-02,Stanislaus,099,539301,2,0,2,2,0
2020-03-02,Sutter,101,95872,0,0,0,0,0
2020-03-02,Tehama,103,63373,0,0,0,0,0
2020-03-02,Trinity,105,12862,0,0,0,0,0
2020-03-02,Tulare,107,460477,6,0,0,0,0
2020-03-02,Tuolumne,109,53932,0,0,0,0,0
2020-03-02,Ventura,111,848112,10,0,0,0,0
2020-03-02,Yolo,113,214977,2,0,0,0,0
2020-03-02,Yuba,115,75493,0,0,0,0,0
2020-03-01,Alameda,001,1643700,20,1,0,1,0
2020-03-01,Alpine,003,1148,0,0,0,0,0
2020-03-01,Amador,005,37829,0,0,0,0,0
2020-03-01,Butte,007,227075,0,0,0,0,0
2020-03-01,Calaveras,009,45235,0,0,0,0,0
2020-03-01,Colusa,011,21464,0,0,0,0,0
2020-03-01,Contra Costa,013,1133247,24,0,0,0,0
2020-03-01,Del Norte,015,27424,0,0,0,0,0
2020-03-01,El Dorado,017,186661,1,0,0,0,0
2020-03-01,Fresno,019,978130,0,0,1,1,0
2020-03-01,Glenn,021,27897,0,0,0,0,0
2020-03-01,Humboldt,023,135768,1,1,0,1,0
2020-03-01,Imperial,025,180216,5,0,0,0,0
2020-03-01,Inyo,027,18085,0,0,0,0,0
2020-03-01,Kern,029,883053,2,0,0,0,0
2020-03-01,Kings,031,150075,1,0,1,1,0
2020-03-01,Lake,033,64148,0,0,0,0,0
2020-03-01,Lassen,035,31185,0,0,0,0,0
2020-03-01,Los Angeles,037,10098052,132,1,10,11,0
2020-03-01,Madera,039,155013,2,0,0,0,0
2020-03-01,Marin,041,260295,5,0,0,0,0
2020-03-01,Mariposa,043,17540,0,0,0,0,0
2020-03-01,Mendocino,045,87422,0,0,0,0,0
2020-03-01,Merced,047,269075,1,0,0,0,0
2020-03-01,Modoc,049,8938,0,0,0,0,0
2020-03-01,Mono,051,14174,1,0,0,0,0
2020-03-01,Monterey,053,433212,0,0,0,0,0
2020-03-01,Napa,055,140530,1,0,0,0,0
2020-03-01,Nevada,057,99092,0,0,1,1,0
2020-03-01,Orange,059,3164182,64,1,0,1,0
2020-03-01,Placer,061,380077,8,0,0,0,0
2020-03-01,Plumas,063,18699,0,0,0,0,0
2020-03-01,Riverside,065,2383286,18,0,1,1,0
2020-03-01,Sacramento,067,1510023,21,1,0,1,0
2020-03-01,San Benito,069,59416,0,2,0,2,0
2020-03-01,San Bernardino,071,2135413,26,0,0,0,0
2020-03-01,San Diego,073,3302833,21,2,0,2,0
2020-03-01,San Francisco,075,870044,13,0,0,0,0
2020-03-01,San Joaquin,077,732212,7,0,3,3,0
2020-03-01,San Luis Obispo,079,281455,2,0,0,0,0
2020-03-01,San Mateo,081,765935,36,0,0,0,0
2020-03-01,Santa Barbara,083,443738,1,0,0,0,0
2020-03-01,Santa Clara,085,1922200,95,6,1,7,0
2020-03-01,Santa Cruz,087,273765,8,0,0,0,0
2020-03-01,Shasta,089,179085,2,0,0,0,0
2020-03-01,Sierra,091,2930,0,0,0,0,0
2020-03-01,Siskiyou,093,43540,0,0,0,0,0
2020-03-01,Solano,095,438530,19,24,0,24,0
2020-03-01,Sonoma,097,501317,9,0,0,0,0
2020-03-01,Stanislaus,099,539301,2,0,2,2,0
2020-03-01,Sutter,101,95872,0,0,0,0,0
2020-03-01,Tehama,103,63373,0,0,0,0,0
2020-03-01,Trinity,105,12862,0,0,0,0,0
2020-03-01,Tulare,107,460477,6,0,0,0,0
2020-03-01,Tuolumne,109,53932,0,0,0,0,0
2020-03-01,Ventura,111,848112,8,0,0,0,0
2020-03-01,Yolo,113,214977,2,0,0,0,0
2020-03-01,Yuba,115,75493,0,0,0,0,0
2020-02-29,Alameda,001,1643700,16,0,0,0,0
2020-02-29,Alpine,003,1148,0,0,0,0,0
2020-02-29,Amador,005,37829,0,0,0,0,0
2020-02-29,Butte,007,227075,0,0,0,0,0
2020-02-29,Calaveras,009,45235,0,0,0,0,0
2020-02-29,Colusa,011,21464,0,0,0,0,0
2020-02-29,Contra Costa,013,1133247,20,0,0,0,0
2020-02-29,Del Norte,015,27424,0,0,0,0,0
2020-02-29,El Dorado,017,186661,1,0,0,0,0
2020-02-29,Fresno,019,978130,0,0,0,0,0
2020-02-29,Glenn,021,27897,0,0,0,0,0
2020-02-29,Humboldt,023,135768,1,1,0,1,0
2020-02-29,Imperial,025,180216,3,0,0,0,0
2020-02-29,Inyo,027,18085,0,0,0,0,0
2020-02-29,Kern,029,883053,2,0,0,0,0
2020-02-29,Kings,031,150075,1,0,1,1,0
2020-02-29,Lake,033,64148,0,0,0,0,0
2020-02-29,Lassen,035,31185,0,0,0,0,0
2020-02-29,Los Angeles,037,10098052,104,1,10,11,0
2020-02-29,Madera,039,155013,2,0,0,0,0
2020-02-29,Marin,041,260295,4,0,0,0,0
2020-02-29,Mariposa,043,17540,0,0,0,0,0
2020-02-29,Mendocino,045,87422,0,0,0,0,0
2020-02-29,Merced,047,269075,1,0,0,0,0
2020-02-29,Modoc,049,8938,0,0,0,0,0
2020-02-29,Mono,051,14174,1,0,0,0,0
2020-02-29,Monterey,053,433212,0,0,0,0,0
2020-02-29,Napa,055,140530,1,0,0,0,0
2020-02-29,Nevada,057,99092,0,0,1,1,0
2020-02-29,Orange,059,3164182,59,1,0,1,0
2020-02-29,Placer,061,380077,7,0,0,0,0
2020-02-29,Plumas,063,18699,0,0,0,0,0
2020-02-29,Riverside,065,2383286,15,0,1,1,0
2020-02-29,Sacramento,067,1510023,16,1,0,1,0
2020-02-29,San Benito,069,59416,0,2,0,2,0
2020-02-29,San Bernardino,071,2135413,24,0,0,0,0
2020-02-29,San Diego,073,3302833,16,2,0,2,0
2020-02-29,San Francisco,075,870044,12,0,0,0,0
2020-02-29,San Joaquin,077,732212,6,0,3,3,0
2020-02-29,San Luis Obispo,079,281455,2,0,0,0,0
2020-02-29,San Mateo,081,765935,29,0,0,0,0
2020-02-29,Santa Barbara,083,443738,0,0,0,0,0
2020-02-29,Santa Clara,085,1922200,73,3,1,4,0
2020-02-29,Santa Cruz,087,273765,8,0,0,0,0
2020-02-29,Shasta,089,179085,2,0,0,0,0
2020-02-29,Sierra,091,2930,0,0,0,0,0
2020-02-29,Siskiyou,093,43540,0,0,0,0,0
2020-02-29,Solano,095,438530,18,23,0,23,0
2020-02-29,Sonoma,097,501317,6,0,0,0,0
2020-02-29,Stanislaus,099,539301,2,0,2,2,0
2020-02-29,Sutter,101,95872,0,0,0,0,0
2020-02-29,Tehama,103,63373,0,0,0,0,0
2020-02-29,Trinity,105,12862,0,0,0,0,0
2020-02-29,Tulare,107,460477,4,0,0,0,0
2020-02-29,Tuolumne,109,53932,0,0,0,0,0
2020-02-29,Ventura,111,848112,6,0,0,0,0
2020-02-29,Yolo,113,214977,2,0,0,0,0
2020-02-29,Yuba,115,75493,0,0,0,0,0
2020-02-28,Alameda,001,1643700,14,0,0,0,0
2020-02-28,Alpine,003,1148,0,0,0,0,0
2020-02-28,Amador,005,37829,0,0,0,0,0
2020-02-28,Butte,007,227075,0,0,0,0,0
2020-02-28,Calaveras,009,45235,0,0,0,0,0
2020-02-28,Colusa,011,21464,0,0,0,0,0
2020-02-28,Contra Costa,013,1133247,20,0,0,0,0
2020-02-28,Del Norte,015,27424,0,0,0,0,0
2020-02-28,El Dorado,017,186661,0,0,0,0,0
2020-02-28,Fresno,019,978130,0,0,0,0,0
2020-02-28,Glenn,021,27897,0,0,0,0,0
2020-02-28,Humboldt,023,135768,1,1,0,1,0
2020-02-28,Imperial,025,180216,3,0,0,0,0
2020-02-28,Inyo,027,18085,0,0,0,0,0
2020-02-28,Kern,029,883053,2,0,0,0,0
2020-02-28,Kings,031,150075,1,0,1,1,0
2020-02-28,Lake,033,64148,0,0,0,0,0
2020-02-28,Lassen,035,31185,0,0,0,0,0
2020-02-28,Los Angeles,037,10098052,96,1,10,11,0
2020-02-28,Madera,039,155013,2,0,0,0,0
2020-02-28,Marin,041,260295,2,0,0,0,0
2020-02-28,Mariposa,043,17540,0,0,0,0,0
2020-02-28,Mendocino,045,87422,0,0,0,0,0
2020-02-28,Merced,047,269075,1,0,0,0,0
2020-02-28,Modoc,049,8938,0,0,0,0,0
2020-02-28,Mono,051,14174,0,0,0,0,0
2020-02-28,Monterey,053,433212,0,0,0,0,0
2020-02-28,Napa,055,140530,1,0,0,0,0
2020-02-28,Nevada,057,99092,0,0,1,1,0
2020-02-28,Orange,059,3164182,57,1,0,1,0
2020-02-28,Placer,061,380077,7,0,0,0,0
2020-02-28,Plumas,063,18699,0,0,0,0,0
2020-02-28,Riverside,065,2383286,13,0,1,1,0
2020-02-28,Sacramento,067,1510023,10,1,0,1,0
2020-02-28,San Benito,069,59416,0,2,0,2,0
2020-02-28,San Bernardino,071,2135413,24,0,0,0,0
2020-02-28,San Diego,073,3302833,13,2,0,2,0
2020-02-28,San Francisco,075,870044,10,0,0,0,0
2020-02-28,San Joaquin,077,732212,6,0,3,3,0
2020-02-28,San Luis Obispo,079,281455,2,0,0,0,0
2020-02-28,San Mateo,081,765935,24,0,0,0,0
2020-02-28,Santa Barbara,083,443738,0,0,0,0,0
2020-02-28,Santa Clara,085,1922200,69,3,1,4,0
2020-02-28,Santa Cruz,087,273765,8,0,0,0,0
2020-02-28,Shasta,089,179085,2,0,0,0,0
2020-02-28,Sierra,091,2930,0,0,0,0,0
2020-02-28,Siskiyou,093,43540,0,0,0,0,0
2020-02-28,Solano,095,438530,17,23,0,23,0
2020-02-28,Sonoma,097,501317,6,0,0,0,0
2020-02-28,Stanislaus,099,539301,2,0,2,2,0
2020-02-28,Sutter,101,95872,0,0,0,0,0
2020-02-28,Tehama,103,63373,0,0,0,0,0
2020-02-28,Trinity,105,12862,0,0,0,0,0
2020-02-28,Tulare,107,460477,3,0,0,0,0
2020-02-28,Tuolumne,109,53932,0,0,0,0,0
2020-02-28,Ventura,111,848112,6,0,0,0,0
2020-02-28,Yolo,113,214977,2,0,0,0,0
2020-02-28,Yuba,115,75493,0,0,0,0,0
2020-02-27,Alameda,001,1643700,13,0,0,0,0
2020-02-27,Alpine,003,1148,0,0,0,0,0
2020-02-27,Amador,005,37829,0,0,0,0,0
2020-02-27,Butte,007,227075,0,0,0,0,0
2020-02-27,Calaveras,009,45235,0,0,0,0,0
2020-02-27,Colusa,011,21464,0,0,0,0,0
2020-02-27,Contra Costa,013,1133247,14,0,0,0,0
2020-02-27,Del Norte,015,27424,0,0,0,0,0
2020-02-27,El Dorado,017,186661,0,0,0,0,0
2020-02-27,Fresno,019,978130,0,0,0,0,0
2020-02-27,Glenn,021,27897,0,0,0,0,0
2020-02-27,Humboldt,023,135768,1,1,0,1,0
2020-02-27,Imperial,025,180216,3,0,0,0,0
2020-02-27,Inyo,027,18085,0,0,0,0,0
2020-02-27,Kern,029,883053,2,0,0,0,0
2020-02-27,Kings,031,150075,1,0,1,1,0
2020-02-27,Lake,033,64148,0,0,0,0,0
2020-02-27,Lassen,035,31185,0,0,0,0,0
2020-02-27,Los Angeles,037,10098052,89,1,10,11,0
2020-02-27,Madera,039,155013,2,0,0,0,0
2020-02-27,Marin,041,260295,1,0,0,0,0
2020-02-27,Mariposa,043,17540,0,0,0,0,0
2020-02-27,Mendocino,045,87422,0,0,0,0,0
2020-02-27,Merced,047,269075,1,0,0,0,0
2020-02-27,Modoc,049,8938,0,0,0,0,0
2020-02-27,Mono,051,14174,0,0,0,0,0
2020-02-27,Monterey,053,433212,0,0,0,0,0
2020-02-27,Napa,055,140530,1,0,0,0,0
2020-02-27,Nevada,057,99092,0,0,1,1,0
2020-02-27,Orange,059,3164182,51,1,0,1,0
2020-02-27,Placer,061,380077,6,0,0,0,0
2020-02-27,Plumas,063,18699,0,0,0,0,0
2020-02-27,Riverside,065,2383286,12,0,1,1,0
2020-02-27,Sacramento,067,1510023,10,1,0,1,0
2020-02-27,San Benito,069,59416,0,2,0,2,0
2020-02-27,San Bernardino,071,2135413,24,0,0,0,0
2020-02-27,San Diego,073,3302833,12,2,0,2,0
2020-02-27,San Francisco,075,870044,9,0,0,0,0
2020-02-27,San Joaquin,077,732212,5,0,3,3,0
2020-02-27,San Luis Obispo,079,281455,2,0,0,0,0
2020-02-27,San Mateo,081,765935,20,0,0,0,0
2020-02-27,Santa Barbara,083,443738,0,0,0,0,0
2020-02-27,Santa Clara,085,1922200,58,2,1,3,0
2020-02-27,Santa Cruz,087,273765,6,0,0,0,0
2020-02-27,Shasta,089,179085,0,0,0,0,0
2020-02-27,Sierra,091,2930,0,0,0,0,0
2020-02-27,Siskiyou,093,43540,0,0,0,0,0
2020-02-27,Solano,095,438530,17,23,0,23,0
2020-02-27,Sonoma,097,501317,5,0,0,0,0
2020-02-27,Stanislaus,099,539301,2,0,2,2,0
2020-02-27,Sutter,101,95872,0,0,0,0,0
2020-02-27,Tehama,103,63373,0,0,0,0,0
2020-02-27,Trinity,105,12862,0,0,0,0,0
2020-02-27,Tulare,107,460477,3,0,0,0,0
2020-02-27,Tuolumne,109,53932,0,0,0,0,0
2020-02-27,Ventura,111,848112,4,0,0,0,0
2020-02-27,Yolo,113,214977,2,0,0,0,0
2020-02-27,Yuba,115,75493,0,0,0,0,0
2020-02-26,Alameda,001,1643700,13,0,0,0,0
2020-02-26,Alpine,003,1148,0,0,0,0,0
2020-02-26,Amador,005,37829,0,0,0,0,0
2020-02-26,Butte,007,227075,0,0,0,0,0
2020-02-26,Calaveras,009,45235,0,0,0,0,0
2020-02-26,Colusa,011,21464,0,0,0,0,0
2020-02-26,Contra Costa,013,1133247,13,0,0,0,0
2020-02-26,Del Norte,015,27424,0,0,0,0,0
2020-02-26,El Dorado,017,186661,0,0,0,0,0
2020-02-26,Fresno,019,978130,0,0,0,0,0
2020-02-26,Glenn,021,27897,0,0,0,0,0
2020-02-26,Humboldt,023,135768,1,1,0,1,0
2020-02-26,Imperial,025,180216,3,0,0,0,0
2020-02-26,Inyo,027,18085,0,0,0,0,0
2020-02-26,Kern,029,883053,2,0,0,0,0
2020-02-26,Kings,031,150075,1,0,1,1,0
2020-02-26,Lake,033,64148,0,0,0,0,0
2020-02-26,Lassen,035,31185,0,0,0,0,0
2020-02-26,Los Angeles,037,10098052,83,1,10,11,0
2020-02-26,Madera,039,155013,2,0,0,0,0
2020-02-26,Marin,041,260295,1,0,0,0,0
2020-02-26,Mariposa,043,17540,0,0,0,0,0
2020-02-26,Mendocino,045,87422,0,0,0,0,0
2020-02-26,Merced,047,269075,1,0,0,0,0
2020-02-26,Modoc,049,8938,0,0,0,0,0
2020-02-26,Mono,051,14174,0,0,0,0,0
2020-02-26,Monterey,053,433212,0,0,0,0,0
2020-02-26,Napa,055,140530,0,0,0,0,0
2020-02-26,Nevada,057,99092,0,0,1,1,0
2020-02-26,Orange,059,3164182,50,1,0,1,0
2020-02-26,Placer,061,380077,5,0,0,0,0
2020-02-26,Plumas,063,18699,0,0,0,0,0
2020-02-26,Riverside,065,2383286,10,0,1,1,0
2020-02-26,Sacramento,067,1510023,10,1,0,1,0
2020-02-26,San Benito,069,59416,0,2,0,2,0
2020-02-26,San Bernardino,071,2135413,22,0,0,0,0
2020-02-26,San Diego,073,3302833,11,2,0,2,0
2020-02-26,San Francisco,075,870044,9,0,0,0,0
2020-02-26,San Joaquin,077,732212,5,0,3,3,0
2020-02-26,San Luis Obispo,079,281455,2,0,0,0,0
2020-02-26,San Mateo,081,765935,18,0,0,0,0
2020-02-26,Santa Barbara,083,443738,0,0,0,0,0
2020-02-26,Santa Clara,085,1922200,50,2,1,3,0
2020-02-26,Santa Cruz,087,273765,6,0,0,0,0
2020-02-26,Shasta,089,179085,0,0,0,0,0
2020-02-26,Sierra,091,2930,0,0,0,0,0
2020-02-26,Siskiyou,093,43540,0,0,0,0,0
2020-02-26,Solano,095,438530,17,23,0,23,0
2020-02-26,Sonoma,097,501317,5,0,0,0,0
2020-02-26,Stanislaus,099,539301,2,0,2,2,0
2020-02-26,Sutter,101,95872,0,0,0,0,0
2020-02-26,Tehama,103,63373,0,0,0,0,0
2020-02-26,Trinity,105,12862,0,0,0,0,0
2020-02-26,Tulare,107,460477,3,0,0,0,0
2020-02-26,Tuolumne,109,53932,0,0,0,0,0
2020-02-26,Ventura,111,848112,4,0,0,0,0
2020-02-26,Yolo,113,214977,2,0,0,0,0
2020-02-26,Yuba,115,75493,0,0,0,0,0
2020-02-25,Alameda,001,1643700,13,0,0,0,0
2020-02-25,Alpine,003,1148,0,0,0,0,0
2020-02-25,Amador,005,37829,0,0,0,0,0
2020-02-25,Butte,007,227075,0,0,0,0,0
2020-02-25,Calaveras,009,45235,0,0,0,0,0
2020-02-25,Colusa,011,21464,0,0,0,0,0
2020-02-25,Contra Costa,013,1133247,11,0,0,0,0
2020-02-25,Del Norte,015,27424,0,0,0,0,0
2020-02-25,El Dorado,017,186661,0,0,0,0,0
2020-02-25,Fresno,019,978130,0,0,0,0,0
2020-02-25,Glenn,021,27897,0,0,0,0,0
2020-02-25,Humboldt,023,135768,1,1,0,1,0
2020-02-25,Imperial,025,180216,3,0,0,0,0
2020-02-25,Inyo,027,18085,0,0,0,0,0
2020-02-25,Kern,029,883053,2,0,0,0,0
2020-02-25,Kings,031,150075,1,0,1,1,0
2020-02-25,Lake,033,64148,0,0,0,0,0
2020-02-25,Lassen,035,31185,0,0,0,0,0
2020-02-25,Los Angeles,037,10098052,71,1,10,11,0
2020-02-25,Madera,039,155013,2,0,0,0,0
2020-02-25,Marin,041,260295,1,0,0,0,0
2020-02-25,Mariposa,043,17540,0,0,0,0,0
2020-02-25,Mendocino,045,87422,0,0,0,0,0
2020-02-25,Merced,047,269075,0,0,0,0,0
2020-02-25,Modoc,049,8938,0,0,0,0,0
2020-02-25,Mono,051,14174,0,0,0,0,0
2020-02-25,Monterey,053,433212,0,0,0,0,0
2020-02-25,Napa,055,140530,0,0,0,0,0
2020-02-25,Nevada,057,99092,0,0,1,1,0
2020-02-25,Orange,059,3164182,49,1,0,1,0
2020-02-25,Placer,061,380077,5,0,0,0,0
2020-02-25,Plumas,063,18699,0,0,0,0,0
2020-02-25,Riverside,065,2383286,10,0,1,1,0
2020-02-25,Sacramento,067,1510023,8,1,0,1,0
2020-02-25,San Benito,069,59416,0,2,0,2,0
2020-02-25,San Bernardino,071,2135413,20,0,0,0,0
2020-02-25,San Diego,073,3302833,7,2,0,2,0
2020-02-25,San Francisco,075,870044,7,0,0,0,0
2020-02-25,San Joaquin,077,732212,5,0,2,2,0
2020-02-25,San Luis Obispo,079,281455,2,0,0,0,0
2020-02-25,San Mateo,081,765935,17,0,0,0,0
2020-02-25,Santa Barbara,083,443738,0,0,0,0,0
2020-02-25,Santa Clara,085,1922200,40,2,1,3,0
2020-02-25,Santa Cruz,087,273765,5,0,0,0,0
2020-02-25,Shasta,089,179085,0,0,0,0,0
2020-02-25,Sierra,091,2930,0,0,0,0,0
2020-02-25,Siskiyou,093,43540,0,0,0,0,0
2020-02-25,Solano,095,438530,16,21,0,21,0
2020-02-25,Sonoma,097,501317,5,0,0,0,0
2020-02-25,Stanislaus,099,539301,2,0,2,2,0
2020-02-25,Sutter,101,95872,0,0,0,0,0
2020-02-25,Tehama,103,63373,0,0,0,0,0
2020-02-25,Trinity,105,12862,0,0,0,0,0
2020-02-25,Tulare,107,460477,3,0,0,0,0
2020-02-25,Tuolumne,109,53932,0,0,0,0,0
2020-02-25,Ventura,111,848112,4,0,0,0,0
2020-02-25,Yolo,113,214977,2,0,0,0,0
2020-02-25,Yuba,115,75493,0,0,0,0,0
2020-02-24,Alameda,001,1643700,13,0,0,0,0
2020-02-24,Alpine,003,1148,0,0,0,0,0
2020-02-24,Amador,005,37829,0,0,0,0,0
2020-02-24,Butte,007,227075,0,0,0,0,0
2020-02-24,Calaveras,009,45235,0,0,0,0,0
2020-02-24,Colusa,011,21464,0,0,0,0,0
2020-02-24,Contra Costa,013,1133247,9,0,0,0,0
2020-02-24,Del Norte,015,27424,0,0,0,0,0
2020-02-24,El Dorado,017,186661,0,0,0,0,0
2020-02-24,Fresno,019,978130,0,0,0,0,0
2020-02-24,Glenn,021,27897,0,0,0,0,0
2020-02-24,Humboldt,023,135768,1,1,0,1,0
2020-02-24,Imperial,025,180216,3,0,0,0,0
2020-02-24,Inyo,027,18085,0,0,0,0,0
2020-02-24,Kern,029,883053,2,0,0,0,0
2020-02-24,Kings,031,150075,1,0,1,1,0
2020-02-24,Lake,033,64148,0,0,0,0,0
2020-02-24,Lassen,035,31185,0,0,0,0,0
2020-02-24,Los Angeles,037,10098052,66,1,10,11,0
2020-02-24,Madera,039,155013,1,0,0,0,0
2020-02-24,Marin,041,260295,1,0,0,0,0
2020-02-24,Mariposa,043,17540,0,0,0,0,0
2020-02-24,Mendocino,045,87422,0,0,0,0,0
2020-02-24,Merced,047,269075,0,0,0,0,0
2020-02-24,Modoc,049,8938,0,0,0,0,0
2020-02-24,Mono,051,14174,0,0,0,0,0
2020-02-24,Monterey,053,433212,0,0,0,0,0
2020-02-24,Napa,055,140530,0,0,0,0,0
2020-02-24,Nevada,057,99092,0,0,1,1,0
2020-02-24,Orange,059,3164182,47,1,0,1,0
2020-02-24,Placer,061,380077,3,0,0,0,0
2020-02-24,Plumas,063,18699,0,0,0,0,0
2020-02-24,Riverside,065,2383286,9,0,1,1,0
2020-02-24,Sacramento,067,1510023,7,1,0,1,0
2020-02-24,San Benito,069,59416,0,2,0,2,0
2020-02-24,San Bernardino,071,2135413,20,0,0,0,0
2020-02-24,San Diego,073,3302833,7,2,0,2,0
2020-02-24,San Francisco,075,870044,6,0,0,0,0
2020-02-24,San Joaquin,077,732212,5,0,1,1,0
2020-02-24,San Luis Obispo,079,281455,2,0,0,0,0
2020-02-24,San Mateo,081,765935,13,0,0,0,0
2020-02-24,Santa Barbara,083,443738,0,0,0,0,0
2020-02-24,Santa Clara,085,1922200,38,2,1,3,0
2020-02-24,Santa Cruz,087,273765,5,0,0,0,0
2020-02-24,Shasta,089,179085,0,0,0,0,0
2020-02-24,Sierra,091,2930,0,0,0,0,0
2020-02-24,Siskiyou,093,43540,0,0,0,0,0
2020-02-24,Solano,095,438530,13,15,0,15,0
2020-02-24,Sonoma,097,501317,5,0,0,0,0
2020-02-24,Stanislaus,099,539301,2,0,2,2,0
2020-02-24,Sutter,101,95872,0,0,0,0,0
2020-02-24,Tehama,103,63373,0,0,0,0,0
2020-02-24,Trinity,105,12862,0,0,0,0,0
2020-02-24,Tulare,107,460477,3,0,0,0,0
2020-02-24,Tuolumne,109,53932,0,0,0,0,0
2020-02-24,Ventura,111,848112,4,0,0,0,0
2020-02-24,Yolo,113,214977,2,0,0,0,0
2020-02-24,Yuba,115,75493,0,0,0,0,0
2020-02-23,Alameda,001,1643700,11,0,0,0,0
2020-02-23,Alpine,003,1148,0,0,0,0,0
2020-02-23,Amador,005,37829,0,0,0,0,0
2020-02-23,Butte,007,227075,0,0,0,0,0
2020-02-23,Calaveras,009,45235,0,0,0,0,0
2020-02-23,Colusa,011,21464,0,0,0,0,0
2020-02-23,Contra Costa,013,1133247,6,0,0,0,0
2020-02-23,Del Norte,015,27424,0,0,0,0,0
2020-02-23,El Dorado,017,186661,0,0,0,0,0
2020-02-23,Fresno,019,978130,0,0,0,0,0
2020-02-23,Glenn,021,27897,0,0,0,0,0
2020-02-23,Humboldt,023,135768,1,1,0,1,0
2020-02-23,Imperial,025,180216,3,0,0,0,0
2020-02-23,Inyo,027,18085,0,0,0,0,0
2020-02-23,Kern,029,883053,2,0,0,0,0
2020-02-23,Kings,031,150075,1,0,1,1,0
2020-02-23,Lake,033,64148,0,0,0,0,0
2020-02-23,Lassen,035,31185,0,0,0,0,0
2020-02-23,Los Angeles,037,10098052,58,1,10,11,0
2020-02-23,Madera,039,155013,1,0,0,0,0
2020-02-23,Marin,041,260295,1,0,0,0,0
2020-02-23,Mariposa,043,17540,0,0,0,0,0
2020-02-23,Mendocino,045,87422,0,0,0,0,0
2020-02-23,Merced,047,269075,0,0,0,0,0
2020-02-23,Modoc,049,8938,0,0,0,0,0
2020-02-23,Mono,051,14174,0,0,0,0,0
2020-02-23,Monterey,053,433212,0,0,0,0,0
2020-02-23,Napa,055,140530,0,0,0,0,0
2020-02-23,Nevada,057,99092,0,0,1,1,0
2020-02-23,Orange,059,3164182,47,1,0,1,0
2020-02-23,Placer,061,380077,3,0,0,0,0
2020-02-23,Plumas,063,18699,0,0,0,0,0
2020-02-23,Riverside,065,2383286,9,0,0,0,0
2020-02-23,Sacramento,067,1510023,6,1,0,1,0
2020-02-23,San Benito,069,59416,0,2,0,2,0
2020-02-23,San Bernardino,071,2135413,19,0,0,0,0
2020-02-23,San Diego,073,3302833,6,2,0,2,0
2020-02-23,San Francisco,075,870044,5,0,0,0,0
2020-02-23,San Joaquin,077,732212,4,0,1,1,0
2020-02-23,San Luis Obispo,079,281455,2,0,0,0,0
2020-02-23,San Mateo,081,765935,10,0,0,0,0
2020-02-23,Santa Barbara,083,443738,0,0,0,0,0
2020-02-23,Santa Clara,085,1922200,26,2,1,3,0
2020-02-23,Santa Cruz,087,273765,2,0,0,0,0
2020-02-23,Shasta,089,179085,0,0,0,0,0
2020-02-23,Sierra,091,2930,0,0,0,0,0
2020-02-23,Siskiyou,093,43540,0,0,0,0,0
2020-02-23,Solano,095,438530,11,15,0,15,0
2020-02-23,Sonoma,097,501317,5,0,0,0,0
2020-02-23,Stanislaus,099,539301,2,0,2,2,0
2020-02-23,Sutter,101,95872,0,0,0,0,0
2020-02-23,Tehama,103,63373,0,0,0,0,0
2020-02-23,Trinity,105,12862,0,0,0,0,0
2020-02-23,Tulare,107,460477,2,0,0,0,0
2020-02-23,Tuolumne,109,53932,0,0,0,0,0
2020-02-23,Ventura,111,848112,4,0,0,0,0
2020-02-23,Yolo,113,214977,2,0,0,0,0
2020-02-23,Yuba,115,75493,0,0,0,0,0
2020-02-22,Alameda,001,1643700,10,0,0,0,0
2020-02-22,Alpine,003,1148,0,0,0,0,0
2020-02-22,Amador,005,37829,0,0,0,0,0
2020-02-22,Butte,007,227075,0,0,0,0,0
2020-02-22,Calaveras,009,45235,0,0,0,0,0
2020-02-22,Colusa,011,21464,0,0,0,0,0
2020-02-22,Contra Costa,013,1133247,5,0,0,0,0
2020-02-22,Del Norte,015,27424,0,0,0,0,0
2020-02-22,El Dorado,017,186661,0,0,0,0,0
2020-02-22,Fresno,019,978130,0,0,0,0,0
2020-02-22,Glenn,021,27897,0,0,0,0,0
2020-02-22,Humboldt,023,135768,1,1,0,1,0
2020-02-22,Imperial,025,180216,2,0,0,0,0
2020-02-22,Inyo,027,18085,0,0,0,0,0
2020-02-22,Kern,029,883053,2,0,0,0,0
2020-02-22,Kings,031,150075,1,0,1,1,0
2020-02-22,Lake,033,64148,0,0,0,0,0
2020-02-22,Lassen,035,31185,0,0,0,0,0
2020-02-22,Los Angeles,037,10098052,56,1,10,11,0
2020-02-22,Madera,039,155013,0,0,0,0,0
2020-02-22,Marin,041,260295,1,0,0,0,0
2020-02-22,Mariposa,043,17540,0,0,0,0,0
2020-02-22,Mendocino,045,87422,0,0,0,0,0
2020-02-22,Merced,047,269075,0,0,0,0,0
2020-02-22,Modoc,049,8938,0,0,0,0,0
2020-02-22,Mono,051,14174,0,0,0,0,0
2020-02-22,Monterey,053,433212,0,0,0,0,0
2020-02-22,Napa,055,140530,0,0,0,0,0
2020-02-22,Nevada,057,99092,0,0,1,1,0
2020-02-22,Orange,059,3164182,46,1,0,1,0
2020-02-22,Placer,061,380077,3,0,0,0,0
2020-02-22,Plumas,063,18699,0,0,0,0,0
2020-02-22,Riverside,065,2383286,9,0,0,0,0
2020-02-22,Sacramento,067,1510023,6,1,0,1,0
2020-02-22,San Benito,069,59416,0,2,0,2,0
2020-02-22,San Bernardino,071,2135413,17,0,0,0,0
2020-02-22,San Diego,073,3302833,5,2,0,2,0
2020-02-22,San Francisco,075,870044,3,0,0,0,0
2020-02-22,San Joaquin,077,732212,4,0,1,1,0
2020-02-22,San Luis Obispo,079,281455,2,0,0,0,0
2020-02-22,San Mateo,081,765935,8,0,0,0,0
2020-02-22,Santa Barbara,083,443738,0,0,0,0,0
2020-02-22,Santa Clara,085,1922200,23,2,1,3,0
2020-02-22,Santa Cruz,087,273765,2,0,0,0,0
2020-02-22,Shasta,089,179085,0,0,0,0,0
2020-02-22,Sierra,091,2930,0,0,0,0,0
2020-02-22,Siskiyou,093,43540,0,0,0,0,0
2020-02-22,Solano,095,438530,11,11,0,11,0
2020-02-22,Sonoma,097,501317,4,0,0,0,0
2020-02-22,Stanislaus,099,539301,2,0,2,2,0
2020-02-22,Sutter,101,95872,0,0,0,0,0
2020-02-22,Tehama,103,63373,0,0,0,0,0
2020-02-22,Trinity,105,12862,0,0,0,0,0
2020-02-22,Tulare,107,460477,2,0,0,0,0
2020-02-22,Tuolumne,109,53932,0,0,0,0,0
2020-02-22,Ventura,111,848112,4,0,0,0,0
2020-02-22,Yolo,113,214977,1,0,0,0,0
2020-02-22,Yuba,115,75493,0,0,0,0,0
2020-02-21,Alameda,001,1643700,9,0,0,0,0
2020-02-21,Alpine,003,1148,0,0,0,0,0
2020-02-21,Amador,005,37829,0,0,0,0,0
2020-02-21,Butte,007,227075,0,0,0,0,0
2020-02-21,Calaveras,009,45235,0,0,0,0,0
2020-02-21,Colusa,011,21464,0,0,0,0,0
2020-02-21,Contra Costa,013,1133247,4,0,0,0,0
2020-02-21,Del Norte,015,27424,0,0,0,0,0
2020-02-21,El Dorado,017,186661,0,0,0,0,0
2020-02-21,Fresno,019,978130,0,0,0,0,0
2020-02-21,Glenn,021,27897,0,0,0,0,0
2020-02-21,Humboldt,023,135768,1,1,0,1,0
2020-02-21,Imperial,025,180216,2,0,0,0,0
2020-02-21,Inyo,027,18085,0,0,0,0,0
2020-02-21,Kern,029,883053,2,0,0,0,0
2020-02-21,Kings,031,150075,1,0,1,1,0
2020-02-21,Lake,033,64148,0,0,0,0,0
2020-02-21,Lassen,035,31185,0,0,0,0,0
2020-02-21,Los Angeles,037,10098052,52,1,10,11,0
2020-02-21,Madera,039,155013,0,0,0,0,0
2020-02-21,Marin,041,260295,1,0,0,0,0
2020-02-21,Mariposa,043,17540,0,0,0,0,0
2020-02-21,Mendocino,045,87422,0,0,0,0,0
2020-02-21,Merced,047,269075,0,0,0,0,0
2020-02-21,Modoc,049,8938,0,0,0,0,0
2020-02-21,Mono,051,14174,0,0,0,0,0
2020-02-21,Monterey,053,433212,0,0,0,0,0
2020-02-21,Napa,055,140530,0,0,0,0,0
2020-02-21,Nevada,057,99092,0,0,1,1,0
2020-02-21,Orange,059,3164182,44,1,0,1,0
2020-02-21,Placer,061,380077,2,0,0,0,0
2020-02-21,Plumas,063,18699,0,0,0,0,0
2020-02-21,Riverside,065,2383286,9,0,0,0,0
2020-02-21,Sacramento,067,1510023,5,1,0,1,0
2020-02-21,San Benito,069,59416,0,2,0,2,0
2020-02-21,San Bernardino,071,2135413,16,0,0,0,0
2020-02-21,San Diego,073,3302833,5,2,0,2,0
2020-02-21,San Francisco,075,870044,3,0,0,0,0
2020-02-21,San Joaquin,077,732212,2,0,1,1,0
2020-02-21,San Luis Obispo,079,281455,2,0,0,0,0
2020-02-21,San Mateo,081,765935,8,0,0,0,0
2020-02-21,Santa Barbara,083,443738,0,0,0,0,0
2020-02-21,Santa Clara,085,1922200,21,2,1,3,0
2020-02-21,Santa Cruz,087,273765,2,0,0,0,0
2020-02-21,Shasta,089,179085,0,0,0,0,0
2020-02-21,Sierra,091,2930,0,0,0,0,0
2020-02-21,Siskiyou,093,43540,0,0,0,0,0
2020-02-21,Solano,095,438530,10,11,0,11,0
2020-02-21,Sonoma,097,501317,3,0,0,0,0
2020-02-21,Stanislaus,099,539301,2,0,2,2,0
2020-02-21,Sutter,101,95872,0,0,0,0,0
2020-02-21,Tehama,103,63373,0,0,0,0,0
2020-02-21,Trinity,105,12862,0,0,0,0,0
2020-02-21,Tulare,107,460477,2,0,0,0,0
2020-02-21,Tuolumne,109,53932,0,0,0,0,0
2020-02-21,Ventura,111,848112,4,0,0,0,0
2020-02-21,Yolo,113,214977,1,0,0,0,0
2020-02-21,Yuba,115,75493,0,0,0,0,0
2020-02-20,Alameda,001,1643700,7,0,0,0,0
2020-02-20,Alpine,003,1148,0,0,0,0,0
2020-02-20,Amador,005,37829,0,0,0,0,0
2020-02-20,Butte,007,227075,0,0,0,0,0
2020-02-20,Calaveras,009,45235,0,0,0,0,0
2020-02-20,Colusa,011,21464,0,0,0,0,0
2020-02-20,Contra Costa,013,1133247,3,0,0,0,0
2020-02-20,Del Norte,015,27424,0,0,0,0,0
2020-02-20,El Dorado,017,186661,0,0,0,0,0
2020-02-20,Fresno,019,978130,0,0,0,0,0
2020-02-20,Glenn,021,27897,0,0,0,0,0
2020-02-20,Humboldt,023,135768,1,1,0,1,0
2020-02-20,Imperial,025,180216,2,0,0,0,0
2020-02-20,Inyo,027,18085,0,0,0,0,0
2020-02-20,Kern,029,883053,2,0,0,0,0
2020-02-20,Kings,031,150075,1,0,1,1,0
2020-02-20,Lake,033,64148,0,0,0,0,0
2020-02-20,Lassen,035,31185,0,0,0,0,0
2020-02-20,Los Angeles,037,10098052,51,1,9,10,0
2020-02-20,Madera,039,155013,0,0,0,0,0
2020-02-20,Marin,041,260295,0,0,0,0,0
2020-02-20,Mariposa,043,17540,0,0,0,0,0
2020-02-20,Mendocino,045,87422,0,0,0,0,0
2020-02-20,Merced,047,269075,0,0,0,0,0
2020-02-20,Modoc,049,8938,0,0,0,0,0
2020-02-20,Mono,051,14174,0,0,0,0,0
2020-02-20,Monterey,053,433212,0,0,0,0,0
2020-02-20,Napa,055,140530,0,0,0,0,0
2020-02-20,Nevada,057,99092,0,0,1,1,0
2020-02-20,Orange,059,3164182,44,1,0,1,0
2020-02-20,Placer,061,380077,2,0,0,0,0
2020-02-20,Plumas,063,18699,0,0,0,0,0
2020-02-20,Riverside,065,2383286,7,0,0,0,0
2020-02-20,Sacramento,067,1510023,2,1,0,1,0
2020-02-20,San Benito,069,59416,0,2,0,2,0
2020-02-20,San Bernardino,071,2135413,14,0,0,0,0
2020-02-20,San Diego,073,3302833,5,2,0,2,0
2020-02-20,San Francisco,075,870044,3,0,0,0,0
2020-02-20,San Joaquin,077,732212,2,0,1,1,0
2020-02-20,San Luis Obispo,079,281455,2,0,0,0,0
2020-02-20,San Mateo,081,765935,7,0,0,0,0
2020-02-20,Santa Barbara,083,443738,0,0,0,0,0
2020-02-20,Santa Clara,085,1922200,17,2,1,3,0
2020-02-20,Santa Cruz,087,273765,2,0,0,0,0
2020-02-20,Shasta,089,179085,0,0,0,0,0
2020-02-20,Sierra,091,2930,0,0,0,0,0
2020-02-20,Siskiyou,093,43540,0,0,0,0,0
2020-02-20,Solano,095,438530,8,7,0,7,0
2020-02-20,Sonoma,097,501317,2,0,0,0,0
2020-02-20,Stanislaus,099,539301,2,0,2,2,0
2020-02-20,Sutter,101,95872,0,0,0,0,0
2020-02-20,Tehama,103,63373,0,0,0,0,0
2020-02-20,Trinity,105,12862,0,0,0,0,0
2020-02-20,Tulare,107,460477,2,0,0,0,0
2020-02-20,Tuolumne,109,53932,0,0,0,0,0
2020-02-20,Ventura,111,848112,4,0,0,0,0
2020-02-20,Yolo,113,214977,1,0,0,0,0
2020-02-20,Yuba,115,75493,0,0,0,0,0
2020-02-19,Alameda,001,1643700,6,0,0,0,0
2020-02-19,Alpine,003,1148,0,0,0,0,0
2020-02-19,Amador,005,37829,0,0,0,0,0
2020-02-19,Butte,007,227075,0,0,0,0,0
2020-02-19,Calaveras,009,45235,0,0,0,0,0
2020-02-19,Colusa,011,21464,0,0,0,0,0
2020-02-19,Contra Costa,013,1133247,3,0,0,0,0
2020-02-19,Del Norte,015,27424,0,0,0,0,0
2020-02-19,El Dorado,017,186661,0,0,0,0,0
2020-02-19,Fresno,019,978130,0,0,0,0,0
2020-02-19,Glenn,021,27897,0,0,0,0,0
2020-02-19,Humboldt,023,135768,1,0,0,0,0
2020-02-19,Imperial,025,180216,2,0,0,0,0
2020-02-19,Inyo,027,18085,0,0,0,0,0
2020-02-19,Kern,029,883053,2,0,0,0,0
2020-02-19,Kings,031,150075,1,0,1,1,0
2020-02-19,Lake,033,64148,0,0,0,0,0
2020-02-19,Lassen,035,31185,0,0,0,0,0
2020-02-19,Los Angeles,037,10098052,48,1,9,10,0
2020-02-19,Madera,039,155013,0,0,0,0,0
2020-02-19,Marin,041,260295,0,0,0,0,0
2020-02-19,Mariposa,043,17540,0,0,0,0,0
2020-02-19,Mendocino,045,87422,0,0,0,0,0
2020-02-19,Merced,047,269075,0,0,0,0,0
2020-02-19,Modoc,049,8938,0,0,0,0,0
2020-02-19,Mono,051,14174,0,0,0,0,0
2020-02-19,Monterey,053,433212,0,0,0,0,0
2020-02-19,Napa,055,140530,0,0,0,0,0
2020-02-19,Nevada,057,99092,0,0,1,1,0
2020-02-19,Orange,059,3164182,43,1,0,1,0
2020-02-19,Placer,061,380077,2,0,0,0,0
2020-02-19,Plumas,063,18699,0,0,0,0,0
2020-02-19,Riverside,065,2383286,5,0,0,0,0
2020-02-19,Sacramento,067,1510023,2,0,0,0,0
2020-02-19,San Benito,069,59416,0,2,0,2,0
2020-02-19,San Bernardino,071,2135413,13,0,0,0,0
2020-02-19,San Diego,073,3302833,4,2,0,2,0
2020-02-19,San Francisco,075,870044,2,0,0,0,0
2020-02-19,San Joaquin,077,732212,2,0,1,1,0
2020-02-19,San Luis Obispo,079,281455,2,0,0,0,0
2020-02-19,San Mateo,081,765935,6,0,0,0,0
2020-02-19,Santa Barbara,083,443738,0,0,0,0,0
2020-02-19,Santa Clara,085,1922200,15,2,1,3,0
2020-02-19,Santa Cruz,087,273765,0,0,0,0,0
2020-02-19,Shasta,089,179085,0,0,0,0,0
2020-02-19,Sierra,091,2930,0,0,0,0,0
2020-02-19,Siskiyou,093,43540,0,0,0,0,0
2020-02-19,Solano,095,438530,5,7,0,7,0
2020-02-19,Sonoma,097,501317,2,0,0,0,0
2020-02-19,Stanislaus,099,539301,1,0,2,2,0
2020-02-19,Sutter,101,95872,0,0,0,0,0
2020-02-19,Tehama,103,63373,0,0,0,0,0
2020-02-19,Trinity,105,12862,0,0,0,0,0
2020-02-19,Tulare,107,460477,2,0,0,0,0
2020-02-19,Tuolumne,109,53932,0,0,0,0,0
2020-02-19,Ventura,111,848112,2,0,0,0,0
2020-02-19,Yolo,113,214977,1,0,0,0,0
2020-02-19,Yuba,115,75493,0,0,0,0,0
2020-02-18,Alameda,001,1643700,6,0,0,0,0
2020-02-18,Alpine,003,1148,0,0,0,0,0
2020-02-18,Amador,005,37829,0,0,0,0,0
2020-02-18,Butte,007,227075,0,0,0,0,0
2020-02-18,Calaveras,009,45235,0,0,0,0,0
2020-02-18,Colusa,011,21464,0,0,0,0,0
2020-02-18,Contra Costa,013,1133247,3,0,0,0,0
2020-02-18,Del Norte,015,27424,0,0,0,0,0
2020-02-18,El Dorado,017,186661,0,0,0,0,0
2020-02-18,Fresno,019,978130,0,0,0,0,0
2020-02-18,Glenn,021,27897,0,0,0,0,0
2020-02-18,Humboldt,023,135768,1,0,0,0,0
2020-02-18,Imperial,025,180216,1,0,0,0,0
2020-02-18,Inyo,027,18085,0,0,0,0,0
2020-02-18,Kern,029,883053,2,0,0,0,0
2020-02-18,Kings,031,150075,1,0,1,1,0
2020-02-18,Lake,033,64148,0,0,0,0,0
2020-02-18,Lassen,035,31185,0,0,0,0,0
2020-02-18,Los Angeles,037,10098052,45,1,8,9,0
2020-02-18,Madera,039,155013,0,0,0,0,0
2020-02-18,Marin,041,260295,0,0,0,0,0
2020-02-18,Mariposa,043,17540,0,0,0,0,0
2020-02-18,Mendocino,045,87422,0,0,0,0,0
2020-02-18,Merced,047,269075,0,0,0,0,0
2020-02-18,Modoc,049,8938,0,0,0,0,0
2020-02-18,Mono,051,14174,0,0,0,0,0
2020-02-18,Monterey,053,433212,0,0,0,0,0
2020-02-18,Napa,055,140530,0,0,0,0,0
2020-02-18,Nevada,057,99092,0,0,1,1,0
2020-02-18,Orange,059,3164182,42,1,0,1,0
2020-02-18,Placer,061,380077,0,0,0,0,0
2020-02-18,Plumas,063,18699,0,0,0,0,0
2020-02-18,Riverside,065,2383286,5,0,0,0,0
2020-02-18,Sacramento,067,1510023,2,0,0,0,0
2020-02-18,San Benito,069,59416,0,2,0,2,0
2020-02-18,San Bernardino,071,2135413,13,0,0,0,0
2020-02-18,San Diego,073,3302833,4,2,0,2,0
2020-02-18,San Francisco,075,870044,2,0,0,0,0
2020-02-18,San Joaquin,077,732212,1,0,1,1,0
2020-02-18,San Luis Obispo,079,281455,2,0,0,0,0
2020-02-18,San Mateo,081,765935,5,0,0,0,0
2020-02-18,Santa Barbara,083,443738,0,0,0,0,0
2020-02-18,Santa Clara,085,1922200,14,2,1,3,0
2020-02-18,Santa Cruz,087,273765,0,0,0,0,0
2020-02-18,Shasta,089,179085,0,0,0,0,0
2020-02-18,Sierra,091,2930,0,0,0,0,0
2020-02-18,Siskiyou,093,43540,0,0,0,0,0
2020-02-18,Solano,095,438530,5,7,0,7,0
2020-02-18,Sonoma,097,501317,1,0,0,0,0
2020-02-18,Stanislaus,099,539301,1,0,2,2,0
2020-02-18,Sutter,101,95872,0,0,0,0,0
2020-02-18,Tehama,103,63373,0,0,0,0,0
2020-02-18,Trinity,105,12862,0,0,0,0,0
2020-02-18,Tulare,107,460477,2,0,0,0,0
2020-02-18,Tuolumne,109,53932,0,0,0,0,0
2020-02-18,Ventura,111,848112,2,0,0,0,0
2020-02-18,Yolo,113,214977,1,0,0,0,0
2020-02-18,Yuba,115,75493,0,0,0,0,0
2020-02-17,Alameda,001,1643700,6,0,0,0,0
2020-02-17,Alpine,003,1148,0,0,0,0,0
2020-02-17,Amador,005,37829,0,0,0,0,0
2020-02-17,Butte,007,227075,0,0,0,0,0
2020-02-17,Calaveras,009,45235,0,0,0,0,0
2020-02-17,Colusa,011,21464,0,0,0,0,0
2020-02-17,Contra Costa,013,1133247,3,0,0,0,0
2020-02-17,Del Norte,015,27424,0,0,0,0,0
2020-02-17,El Dorado,017,186661,0,0,0,0,0
2020-02-17,Fresno,019,978130,0,0,0,0,0
2020-02-17,Glenn,021,27897,0,0,0,0,0
2020-02-17,Humboldt,023,135768,1,0,0,0,0
2020-02-17,Imperial,025,180216,1,0,0,0,0
2020-02-17,Inyo,027,18085,0,0,0,0,0
2020-02-17,Kern,029,883053,2,0,0,0,0
2020-02-17,Kings,031,150075,1,0,0,0,0
2020-02-17,Lake,033,64148,0,0,0,0,0
2020-02-17,Lassen,035,31185,0,0,0,0,0
2020-02-17,Los Angeles,037,10098052,42,1,7,8,0
2020-02-17,Madera,039,155013,0,0,0,0,0
2020-02-17,Marin,041,260295,0,0,0,0,0
2020-02-17,Mariposa,043,17540,0,0,0,0,0
2020-02-17,Mendocino,045,87422,0,0,0,0,0
2020-02-17,Merced,047,269075,0,0,0,0,0
2020-02-17,Modoc,049,8938,0,0,0,0,0
2020-02-17,Mono,051,14174,0,0,0,0,0
2020-02-17,Monterey,053,433212,0,0,0,0,0
2020-02-17,Napa,055,140530,0,0,0,0,0
2020-02-17,Nevada,057,99092,0,0,1,1,0
2020-02-17,Orange,059,3164182,42,1,0,1,0
2020-02-17,Placer,061,380077,0,0,0,0,0
2020-02-17,Plumas,063,18699,0,0,0,0,0
2020-02-17,Riverside,065,2383286,5,0,0,0,0
2020-02-17,Sacramento,067,1510023,2,0,0,0,0
2020-02-17,San Benito,069,59416,0,2,0,2,0
2020-02-17,San Bernardino,071,2135413,11,0,0,0,0
2020-02-17,San Diego,073,3302833,4,2,0,2,0
2020-02-17,San Francisco,075,870044,2,0,0,0,0
2020-02-17,San Joaquin,077,732212,1,0,1,1,0
2020-02-17,San Luis Obispo,079,281455,1,0,0,0,0
2020-02-17,San Mateo,081,765935,5,0,0,0,0
2020-02-17,Santa Barbara,083,443738,0,0,0,0,0
2020-02-17,Santa Clara,085,1922200,12,2,1,3,0
2020-02-17,Santa Cruz,087,273765,0,0,0,0,0
2020-02-17,Shasta,089,179085,0,0,0,0,0
2020-02-17,Sierra,091,2930,0,0,0,0,0
2020-02-17,Siskiyou,093,43540,0,0,0,0,0
2020-02-17,Solano,095,438530,3,5,0,5,0
2020-02-17,Sonoma,097,501317,1,0,0,0,0
2020-02-17,Stanislaus,099,539301,1,0,2,2,0
2020-02-17,Sutter,101,95872,0,0,0,0,0
2020-02-17,Tehama,103,63373,0,0,0,0,0
2020-02-17,Trinity,105,12862,0,0,0,0,0
2020-02-17,Tulare,107,460477,2,0,0,0,0
2020-02-17,Tuolumne,109,53932,0,0,0,0,0
2020-02-17,Ventura,111,848112,2,0,0,0,0
2020-02-17,Yolo,113,214977,1,0,0,0,0
2020-02-17,Yuba,115,75493,0,0,0,0,0
2020-02-16,Alameda,001,1643700,5,0,0,0,0
2020-02-16,Alpine,003,1148,0,0,0,0,0
2020-02-16,Amador,005,37829,0,0,0,0,0
2020-02-16,Butte,007,227075,0,0,0,0,0
2020-02-16,Calaveras,009,45235,0,0,0,0,0
2020-02-16,Colusa,011,21464,0,0,0,0,0
2020-02-16,Contra Costa,013,1133247,3,0,0,0,0
2020-02-16,Del Norte,015,27424,0,0,0,0,0
2020-02-16,El Dorado,017,186661,0,0,0,0,0
2020-02-16,Fresno,019,978130,0,0,0,0,0
2020-02-16,Glenn,021,27897,0,0,0,0,0
2020-02-16,Humboldt,023,135768,1,0,0,0,0
2020-02-16,Imperial,025,180216,1,0,0,0,0
2020-02-16,Inyo,027,18085,0,0,0,0,0
2020-02-16,Kern,029,883053,2,0,0,0,0
2020-02-16,Kings,031,150075,1,0,0,0,0
2020-02-16,Lake,033,64148,0,0,0,0,0
2020-02-16,Lassen,035,31185,0,0,0,0,0
2020-02-16,Los Angeles,037,10098052,36,1,7,8,0
2020-02-16,Madera,039,155013,0,0,0,0,0
2020-02-16,Marin,041,260295,0,0,0,0,0
2020-02-16,Mariposa,043,17540,0,0,0,0,0
2020-02-16,Mendocino,045,87422,0,0,0,0,0
2020-02-16,Merced,047,269075,0,0,0,0,0
2020-02-16,Modoc,049,8938,0,0,0,0,0
2020-02-16,Mono,051,14174,0,0,0,0,0
2020-02-16,Monterey,053,433212,0,0,0,0,0
2020-02-16,Napa,055,140530,0,0,0,0,0
2020-02-16,Nevada,057,99092,0,0,0,0,0
2020-02-16,Orange,059,3164182,41,1,0,1,0
2020-02-16,Placer,061,380077,0,0,0,0,0
2020-02-16,Plumas,063,18699,0,0,0,0,0
2020-02-16,Riverside,065,2383286,5,0,0,0,0
2020-02-16,Sacramento,067,1510023,2,0,0,0,0
2020-02-16,San Benito,069,59416,0,2,0,2,0
2020-02-16,San Bernardino,071,2135413,10,0,0,0,0
2020-02-16,San Diego,073,3302833,4,2,0,2,0
2020-02-16,San Francisco,075,870044,2,0,0,0,0
2020-02-16,San Joaquin,077,732212,1,0,1,1,0
2020-02-16,San Luis Obispo,079,281455,1,0,0,0,0
2020-02-16,San Mateo,081,765935,4,0,0,0,0
2020-02-16,Santa Barbara,083,443738,0,0,0,0,0
2020-02-16,Santa Clara,085,1922200,10,2,1,3,0
2020-02-16,Santa Cruz,087,273765,0,0,0,0,0
2020-02-16,Shasta,089,179085,0,0,0,0,0
2020-02-16,Sierra,091,2930,0,0,0,0,0
2020-02-16,Siskiyou,093,43540,0,0,0,0,0
2020-02-16,Solano,095,438530,1,0,0,0,0
2020-02-16,Sonoma,097,501317,1,0,0,0,0
2020-02-16,Stanislaus,099,539301,1,0,2,2,0
2020-02-16,Sutter,101,95872,0,0,0,0,0
2020-02-16,Tehama,103,63373,0,0,0,0,0
2020-02-16,Trinity,105,12862,0,0,0,0,0
2020-02-16,Tulare,107,460477,2,0,0,0,0
2020-02-16,Tuolumne,109,53932,0,0,0,0,0
2020-02-16,Ventura,111,848112,2,0,0,0,0
2020-02-16,Yolo,113,214977,1,0,0,0,0
2020-02-16,Yuba,115,75493,0,0,0,0,0
2020-02-15,Alameda,001,1643700,5,0,0,0,0
2020-02-15,Alpine,003,1148,0,0,0,0,0
2020-02-15,Amador,005,37829,0,0,0,0,0
2020-02-15,Butte,007,227075,0,0,0,0,0
2020-02-15,Calaveras,009,45235,0,0,0,0,0
2020-02-15,Colusa,011,21464,0,0,0,0,0
2020-02-15,Contra Costa,013,1133247,3,0,0,0,0
2020-02-15,Del Norte,015,27424,0,0,0,0,0
2020-02-15,El Dorado,017,186661,0,0,0,0,0
2020-02-15,Fresno,019,978130,0,0,0,0,0
2020-02-15,Glenn,021,27897,0,0,0,0,0
2020-02-15,Humboldt,023,135768,1,0,0,0,0
2020-02-15,Imperial,025,180216,1,0,0,0,0
2020-02-15,Inyo,027,18085,0,0,0,0,0
2020-02-15,Kern,029,883053,2,0,0,0,0
2020-02-15,Kings,031,150075,1,0,0,0,0
2020-02-15,Lake,033,64148,0,0,0,0,0
2020-02-15,Lassen,035,31185,0,0,0,0,0
2020-02-15,Los Angeles,037,10098052,33,1,7,8,0
2020-02-15,Madera,039,155013,0,0,0,0,0
2020-02-15,Marin,041,260295,0,0,0,0,0
2020-02-15,Mariposa,043,17540,0,0,0,0,0
2020-02-15,Mendocino,045,87422,0,0,0,0,0
2020-02-15,Merced,047,269075,0,0,0,0,0
2020-02-15,Modoc,049,8938,0,0,0,0,0
2020-02-15,Mono,051,14174,0,0,0,0,0
2020-02-15,Monterey,053,433212,0,0,0,0,0
2020-02-15,Napa,055,140530,0,0,0,0,0
2020-02-15,Nevada,057,99092,0,0,0,0,0
2020-02-15,Orange,059,3164182,40,1,0,1,0
2020-02-15,Placer,061,380077,0,0,0,0,0
2020-02-15,Plumas,063,18699,0,0,0,0,0
2020-02-15,Riverside,065,2383286,4,0,0,0,0
2020-02-15,Sacramento,067,1510023,2,0,0,0,0
2020-02-15,San Benito,069,59416,0,2,0,2,0
2020-02-15,San Bernardino,071,2135413,9,0,0,0,0
2020-02-15,San Diego,073,3302833,4,2,0,2,0
2020-02-15,San Francisco,075,870044,2,0,0,0,0
2020-02-15,San Joaquin,077,732212,1,0,1,1,0
2020-02-15,San Luis Obispo,079,281455,1,0,0,0,0
2020-02-15,San Mateo,081,765935,4,0,0,0,0
2020-02-15,Santa Barbara,083,443738,0,0,0,0,0
2020-02-15,Santa Clara,085,1922200,10,2,1,3,0
2020-02-15,Santa Cruz,087,273765,0,0,0,0,0
2020-02-15,Shasta,089,179085,0,0,0,0,0
2020-02-15,Sierra,091,2930,0,0,0,0,0
2020-02-15,Siskiyou,093,43540,0,0,0,0,0
2020-02-15,Solano,095,438530,1,0,0,0,0
2020-02-15,Sonoma,097,501317,0,0,0,0,0
2020-02-15,Stanislaus,099,539301,1,0,2,2,0
2020-02-15,Sutter,101,95872,0,0,0,0,0
2020-02-15,Tehama,103,63373,0,0,0,0,0
2020-02-15,Trinity,105,12862,0,0,0,0,0
2020-02-15,Tulare,107,460477,2,0,0,0,0
2020-02-15,Tuolumne,109,53932,0,0,0,0,0
2020-02-15,Ventura,111,848112,2,0,0,0,0
2020-02-15,Yolo,113,214977,1,0,0,0,0
2020-02-15,Yuba,115,75493,0,0,0,0,0
2020-02-14,Alameda,001,1643700,4,0,0,0,0
2020-02-14,Alpine,003,1148,0,0,0,0,0
2020-02-14,Amador,005,37829,0,0,0,0,0
2020-02-14,Butte,007,227075,0,0,0,0,0
2020-02-14,Calaveras,009,45235,0,0,0,0,0
2020-02-14,Colusa,011,21464,0,0,0,0,0
2020-02-14,Contra Costa,013,1133247,3,0,0,0,0
2020-02-14,Del Norte,015,27424,0,0,0,0,0
2020-02-14,El Dorado,017,186661,0,0,0,0,0
2020-02-14,Fresno,019,978130,0,0,0,0,0
2020-02-14,Glenn,021,27897,0,0,0,0,0
2020-02-14,Humboldt,023,135768,1,0,0,0,0
2020-02-14,Imperial,025,180216,1,0,0,0,0
2020-02-14,Inyo,027,18085,0,0,0,0,0
2020-02-14,Kern,029,883053,2,0,0,0,0
2020-02-14,Kings,031,150075,1,0,0,0,0
2020-02-14,Lake,033,64148,0,0,0,0,0
2020-02-14,Lassen,035,31185,0,0,0,0,0
2020-02-14,Los Angeles,037,10098052,28,1,7,8,0
2020-02-14,Madera,039,155013,0,0,0,0,0
2020-02-14,Marin,041,260295,0,0,0,0,0
2020-02-14,Mariposa,043,17540,0,0,0,0,0
2020-02-14,Mendocino,045,87422,0,0,0,0,0
2020-02-14,Merced,047,269075,0,0,0,0,0
2020-02-14,Modoc,049,8938,0,0,0,0,0
2020-02-14,Mono,051,14174,0,0,0,0,0
2020-02-14,Monterey,053,433212,0,0,0,0,0
2020-02-14,Napa,055,140530,0,0,0,0,0
2020-02-14,Nevada,057,99092,0,0,0,0,0
2020-02-14,Orange,059,3164182,40,1,0,1,0
2020-02-14,Placer,061,380077,0,0,0,0,0
2020-02-14,Plumas,063,18699,0,0,0,0,0
2020-02-14,Riverside,065,2383286,4,0,0,0,0
2020-02-14,Sacramento,067,1510023,1,0,0,0,0
2020-02-14,San Benito,069,59416,0,2,0,2,0
2020-02-14,San Bernardino,071,2135413,9,0,0,0,0
2020-02-14,San Diego,073,3302833,3,2,0,2,0
2020-02-14,San Francisco,075,870044,2,0,0,0,0
2020-02-14,San Joaquin,077,732212,1,0,1,1,0
2020-02-14,San Luis Obispo,079,281455,0,0,0,0,0
2020-02-14,San Mateo,081,765935,3,0,0,0,0
2020-02-14,Santa Barbara,083,443738,0,0,0,0,0
2020-02-14,Santa Clara,085,1922200,8,2,1,3,0
2020-02-14,Santa Cruz,087,273765,0,0,0,0,0
2020-02-14,Shasta,089,179085,0,0,0,0,0
2020-02-14,Sierra,091,2930,0,0,0,0,0
2020-02-14,Siskiyou,093,43540,0,0,0,0,0
2020-02-14,Solano,095,438530,1,0,0,0,0
2020-02-14,Sonoma,097,501317,0,0,0,0,0
2020-02-14,Stanislaus,099,539301,1,0,2,2,0
2020-02-14,Sutter,101,95872,0,0,0,0,0
2020-02-14,Tehama,103,63373,0,0,0,0,0
2020-02-14,Trinity,105,12862,0,0,0,0,0
2020-02-14,Tulare,107,460477,2,0,0,0,0
2020-02-14,Tuolumne,109,53932,0,0,0,0,0
2020-02-14,Ventura,111,848112,2,0,0,0,0
2020-02-14,Yolo,113,214977,1,0,0,0,0
2020-02-14,Yuba,115,75493,0,0,0,0,0
2020-02-13,Alameda,001,1643700,4,0,0,0,0
2020-02-13,Alpine,003,1148,0,0,0,0,0
2020-02-13,Amador,005,37829,0,0,0,0,0
2020-02-13,Butte,007,227075,0,0,0,0,0
2020-02-13,Calaveras,009,45235,0,0,0,0,0
2020-02-13,Colusa,011,21464,0,0,0,0,0
2020-02-13,Contra Costa,013,1133247,3,0,0,0,0
2020-02-13,Del Norte,015,27424,0,0,0,0,0
2020-02-13,El Dorado,017,186661,0,0,0,0,0
2020-02-13,Fresno,019,978130,0,0,0,0,0
2020-02-13,Glenn,021,27897,0,0,0,0,0
2020-02-13,Humboldt,023,135768,1,0,0,0,0
2020-02-13,Imperial,025,180216,1,0,0,0,0
2020-02-13,Inyo,027,18085,0,0,0,0,0
2020-02-13,Kern,029,883053,2,0,0,0,0
2020-02-13,Kings,031,150075,1,0,0,0,0
2020-02-13,Lake,033,64148,0,0,0,0,0
2020-02-13,Lassen,035,31185,0,0,0,0,0
2020-02-13,Los Angeles,037,10098052,24,1,6,7,0
2020-02-13,Madera,039,155013,0,0,0,0,0
2020-02-13,Marin,041,260295,0,0,0,0,0
2020-02-13,Mariposa,043,17540,0,0,0,0,0
2020-02-13,Mendocino,045,87422,0,0,0,0,0
2020-02-13,Merced,047,269075,0,0,0,0,0
2020-02-13,Modoc,049,8938,0,0,0,0,0
2020-02-13,Mono,051,14174,0,0,0,0,0
2020-02-13,Monterey,053,433212,0,0,0,0,0
2020-02-13,Napa,055,140530,0,0,0,0,0
2020-02-13,Nevada,057,99092,0,0,0,0,0
2020-02-13,Orange,059,3164182,39,1,0,1,0
2020-02-13,Placer,061,380077,0,0,0,0,0
2020-02-13,Plumas,063,18699,0,0,0,0,0
2020-02-13,Riverside,065,2383286,4,0,0,0,0
2020-02-13,Sacramento,067,1510023,1,0,0,0,0
2020-02-13,San Benito,069,59416,0,2,0,2,0
2020-02-13,San Bernardino,071,2135413,8,0,0,0,0
2020-02-13,San Diego,073,3302833,2,2,0,2,0
2020-02-13,San Francisco,075,870044,2,0,0,0,0
2020-02-13,San Joaquin,077,732212,1,0,1,1,0
2020-02-13,San Luis Obispo,079,281455,0,0,0,0,0
2020-02-13,San Mateo,081,765935,2,0,0,0,0
2020-02-13,Santa Barbara,083,443738,0,0,0,0,0
2020-02-13,Santa Clara,085,1922200,7,2,0,2,0
2020-02-13,Santa Cruz,087,273765,0,0,0,0,0
2020-02-13,Shasta,089,179085,0,0,0,0,0
2020-02-13,Sierra,091,2930,0,0,0,0,0
2020-02-13,Siskiyou,093,43540,0,0,0,0,0
2020-02-13,Solano,095,438530,0,0,0,0,0
2020-02-13,Sonoma,097,501317,0,0,0,0,0
2020-02-13,Stanislaus,099,539301,1,0,1,1,0
2020-02-13,Sutter,101,95872,0,0,0,0,0
2020-02-13,Tehama,103,63373,0,0,0,0,0
2020-02-13,Trinity,105,12862,0,0,0,0,0
2020-02-13,Tulare,107,460477,2,0,0,0,0
2020-02-13,Tuolumne,109,53932,0,0,0,0,0
2020-02-13,Ventura,111,848112,2,0,0,0,0
2020-02-13,Yolo,113,214977,1,0,0,0,0
2020-02-13,Yuba,115,75493,0,0,0,0,0
2020-02-12,Alameda,001,1643700,4,0,0,0,0
2020-02-12,Alpine,003,1148,0,0,0,0,0
2020-02-12,Amador,005,37829,0,0,0,0,0
2020-02-12,Butte,007,227075,0,0,0,0,0
2020-02-12,Calaveras,009,45235,0,0,0,0,0
2020-02-12,Colusa,011,21464,0,0,0,0,0
2020-02-12,Contra Costa,013,1133247,3,0,0,0,0
2020-02-12,Del Norte,015,27424,0,0,0,0,0
2020-02-12,El Dorado,017,186661,0,0,0,0,0
2020-02-12,Fresno,019,978130,0,0,0,0,0
2020-02-12,Glenn,021,27897,0,0,0,0,0
2020-02-12,Humboldt,023,135768,1,0,0,0,0
2020-02-12,Imperial,025,180216,1,0,0,0,0
2020-02-12,Inyo,027,18085,0,0,0,0,0
2020-02-12,Kern,029,883053,2,0,0,0,0
2020-02-12,Kings,031,150075,1,0,0,0,0
2020-02-12,Lake,033,64148,0,0,0,0,0
2020-02-12,Lassen,035,31185,0,0,0,0,0
2020-02-12,Los Angeles,037,10098052,23,1,6,7,0
2020-02-12,Madera,039,155013,0,0,0,0,0
2020-02-12,Marin,041,260295,0,0,0,0,0
2020-02-12,Mariposa,043,17540,0,0,0,0,0
2020-02-12,Mendocino,045,87422,0,0,0,0,0
2020-02-12,Merced,047,269075,0,0,0,0,0
2020-02-12,Modoc,049,8938,0,0,0,0,0
2020-02-12,Mono,051,14174,0,0,0,0,0
2020-02-12,Monterey,053,433212,0,0,0,0,0
2020-02-12,Napa,055,140530,0,0,0,0,0
2020-02-12,Nevada,057,99092,0,0,0,0,0
2020-02-12,Orange,059,3164182,39,1,0,1,0
2020-02-12,Placer,061,380077,0,0,0,0,0
2020-02-12,Plumas,063,18699,0,0,0,0,0
2020-02-12,Riverside,065,2383286,4,0,0,0,0
2020-02-12,Sacramento,067,1510023,1,0,0,0,0
2020-02-12,San Benito,069,59416,0,2,0,2,0
2020-02-12,San Bernardino,071,2135413,8,0,0,0,0
2020-02-12,San Diego,073,3302833,2,2,0,2,0
2020-02-12,San Francisco,075,870044,2,0,0,0,0
2020-02-12,San Joaquin,077,732212,1,0,1,1,0
2020-02-12,San Luis Obispo,079,281455,0,0,0,0,0
2020-02-12,San Mateo,081,765935,2,0,0,0,0
2020-02-12,Santa Barbara,083,443738,0,0,0,0,0
2020-02-12,Santa Clara,085,1922200,6,2,0,2,0
2020-02-12,Santa Cruz,087,273765,0,0,0,0,0
2020-02-12,Shasta,089,179085,0,0,0,0,0
2020-02-12,Sierra,091,2930,0,0,0,0,0
2020-02-12,Siskiyou,093,43540,0,0,0,0,0
2020-02-12,Solano,095,438530,0,0,0,0,0
2020-02-12,Sonoma,097,501317,0,0,0,0,0
2020-02-12,Stanislaus,099,539301,1,0,1,1,0
2020-02-12,Sutter,101,95872,0,0,0,0,0
2020-02-12,Tehama,103,63373,0,0,0,0,0
2020-02-12,Trinity,105,12862,0,0,0,0,0
2020-02-12,Tulare,107,460477,2,0,0,0,0
2020-02-12,Tuolumne,109,53932,0,0,0,0,0
2020-02-12,Ventura,111,848112,2,0,0,0,0
2020-02-12,Yolo,113,214977,1,0,0,0,0
2020-02-12,Yuba,115,75493,0,0,0,0,0
2020-02-11,Alameda,001,1643700,4,0,0,0,0
2020-02-11,Alpine,003,1148,0,0,0,0,0
2020-02-11,Amador,005,37829,0,0,0,0,0
2020-02-11,Butte,007,227075,0,0,0,0,0
2020-02-11,Calaveras,009,45235,0,0,0,0,0
2020-02-11,Colusa,011,21464,0,0,0,0,0
2020-02-11,Contra Costa,013,1133247,3,0,0,0,0
2020-02-11,Del Norte,015,27424,0,0,0,0,0
2020-02-11,El Dorado,017,186661,0,0,0,0,0
2020-02-11,Fresno,019,978130,0,0,0,0,0
2020-02-11,Glenn,021,27897,0,0,0,0,0
2020-02-11,Humboldt,023,135768,1,0,0,0,0
2020-02-11,Imperial,025,180216,1,0,0,0,0
2020-02-11,Inyo,027,18085,0,0,0,0,0
2020-02-11,Kern,029,883053,2,0,0,0,0
2020-02-11,Kings,031,150075,1,0,0,0,0
2020-02-11,Lake,033,64148,0,0,0,0,0
2020-02-11,Lassen,035,31185,0,0,0,0,0
2020-02-11,Los Angeles,037,10098052,23,1,6,7,0
2020-02-11,Madera,039,155013,0,0,0,0,0
2020-02-11,Marin,041,260295,0,0,0,0,0
2020-02-11,Mariposa,043,17540,0,0,0,0,0
2020-02-11,Mendocino,045,87422,0,0,0,0,0
2020-02-11,Merced,047,269075,0,0,0,0,0
2020-02-11,Modoc,049,8938,0,0,0,0,0
2020-02-11,Mono,051,14174,0,0,0,0,0
2020-02-11,Monterey,053,433212,0,0,0,0,0
2020-02-11,Napa,055,140530,0,0,0,0,0
2020-02-11,Nevada,057,99092,0,0,0,0,0
2020-02-11,Orange,059,3164182,38,1,0,1,0
2020-02-11,Placer,061,380077,0,0,0,0,0
2020-02-11,Plumas,063,18699,0,0,0,0,0
2020-02-11,Riverside,065,2383286,4,0,0,0,0
2020-02-11,Sacramento,067,1510023,1,0,0,0,0
2020-02-11,San Benito,069,59416,0,2,0,2,0
2020-02-11,San Bernardino,071,2135413,8,0,0,0,0
2020-02-11,San Diego,073,3302833,2,1,0,1,0
2020-02-11,San Francisco,075,870044,2,0,0,0,0
2020-02-11,San Joaquin,077,732212,0,0,1,1,0
2020-02-11,San Luis Obispo,079,281455,0,0,0,0,0
2020-02-11,San Mateo,081,765935,2,0,0,0,0
2020-02-11,Santa Barbara,083,443738,0,0,0,0,0
2020-02-11,Santa Clara,085,1922200,5,2,0,2,0
2020-02-11,Santa Cruz,087,273765,0,0,0,0,0
2020-02-11,Shasta,089,179085,0,0,0,0,0
2020-02-11,Sierra,091,2930,0,0,0,0,0
2020-02-11,Siskiyou,093,43540,0,0,0,0,0
2020-02-11,Solano,095,438530,0,0,0,0,0
2020-02-11,Sonoma,097,501317,0,0,0,0,0
2020-02-11,Stanislaus,099,539301,1,0,1,1,0
2020-02-11,Sutter,101,95872,0,0,0,0,0
2020-02-11,Tehama,103,63373,0,0,0,0,0
2020-02-11,Trinity,105,12862,0,0,0,0,0
2020-02-11,Tulare,107,460477,2,0,0,0,0
2020-02-11,Tuolumne,109,53932,0,0,0,0,0
2020-02-11,Ventura,111,848112,2,0,0,0,0
2020-02-11,Yolo,113,214977,1,0,0,0,0
2020-02-11,Yuba,115,75493,0,0,0,0,0
2020-02-10,Alameda,001,1643700,4,0,0,0,0
2020-02-10,Alpine,003,1148,0,0,0,0,0
2020-02-10,Amador,005,37829,0,0,0,0,0
2020-02-10,Butte,007,227075,0,0,0,0,0
2020-02-10,Calaveras,009,45235,0,0,0,0,0
2020-02-10,Colusa,011,21464,0,0,0,0,0
2020-02-10,Contra Costa,013,1133247,3,0,0,0,0
2020-02-10,Del Norte,015,27424,0,0,0,0,0
2020-02-10,El Dorado,017,186661,0,0,0,0,0
2020-02-10,Fresno,019,978130,0,0,0,0,0
2020-02-10,Glenn,021,27897,0,0,0,0,0
2020-02-10,Humboldt,023,135768,0,0,0,0,0
2020-02-10,Imperial,025,180216,1,0,0,0,0
2020-02-10,Inyo,027,18085,0,0,0,0,0
2020-02-10,Kern,029,883053,2,0,0,0,0
2020-02-10,Kings,031,150075,1,0,0,0,0
2020-02-10,Lake,033,64148,0,0,0,0,0
2020-02-10,Lassen,035,31185,0,0,0,0,0
2020-02-10,Los Angeles,037,10098052,21,1,6,7,0
2020-02-10,Madera,039,155013,0,0,0,0,0
2020-02-10,Marin,041,260295,0,0,0,0,0
2020-02-10,Mariposa,043,17540,0,0,0,0,0
2020-02-10,Mendocino,045,87422,0,0,0,0,0
2020-02-10,Merced,047,269075,0,0,0,0,0
2020-02-10,Modoc,049,8938,0,0,0,0,0
2020-02-10,Mono,051,14174,0,0,0,0,0
2020-02-10,Monterey,053,433212,0,0,0,0,0
2020-02-10,Napa,055,140530,0,0,0,0,0
2020-02-10,Nevada,057,99092,0,0,0,0,0
2020-02-10,Orange,059,3164182,38,1,0,1,0
2020-02-10,Placer,061,380077,0,0,0,0,0
2020-02-10,Plumas,063,18699,0,0,0,0,0
2020-02-10,Riverside,065,2383286,4,0,0,0,0
2020-02-10,Sacramento,067,1510023,1,0,0,0,0
2020-02-10,San Benito,069,59416,0,2,0,2,0
2020-02-10,San Bernardino,071,2135413,7,0,0,0,0
2020-02-10,San Diego,073,3302833,2,0,0,0,0
2020-02-10,San Francisco,075,870044,2,0,0,0,0
2020-02-10,San Joaquin,077,732212,0,0,1,1,0
2020-02-10,San Luis Obispo,079,281455,0,0,0,0,0
2020-02-10,San Mateo,081,765935,2,0,0,0,0
2020-02-10,Santa Barbara,083,443738,0,0,0,0,0
2020-02-10,Santa Clara,085,1922200,5,2,0,2,0
2020-02-10,Santa Cruz,087,273765,0,0,0,0,0
2020-02-10,Shasta,089,179085,0,0,0,0,0
2020-02-10,Sierra,091,2930,0,0,0,0,0
2020-02-10,Siskiyou,093,43540,0,0,0,0,0
2020-02-10,Solano,095,438530,0,0,0,0,0
2020-02-10,Sonoma,097,501317,0,0,0,0,0
2020-02-10,Stanislaus,099,539301,1,0,0,0,0
2020-02-10,Sutter,101,95872,0,0,0,0,0
2020-02-10,Tehama,103,63373,0,0,0,0,0
2020-02-10,Trinity,105,12862,0,0,0,0,0
2020-02-10,Tulare,107,460477,2,0,0,0,0
2020-02-10,Tuolumne,109,53932,0,0,0,0,0
2020-02-10,Ventura,111,848112,2,0,0,0,0
2020-02-10,Yolo,113,214977,1,0,0,0,0
2020-02-10,Yuba,115,75493,0,0,0,0,0
2020-02-09,Alameda,001,1643700,4,0,0,0,0
2020-02-09,Alpine,003,1148,0,0,0,0,0
2020-02-09,Amador,005,37829,0,0,0,0,0
2020-02-09,Butte,007,227075,0,0,0,0,0
2020-02-09,Calaveras,009,45235,0,0,0,0,0
2020-02-09,Colusa,011,21464,0,0,0,0,0
2020-02-09,Contra Costa,013,1133247,3,0,0,0,0
2020-02-09,Del Norte,015,27424,0,0,0,0,0
2020-02-09,El Dorado,017,186661,0,0,0,0,0
2020-02-09,Fresno,019,978130,0,0,0,0,0
2020-02-09,Glenn,021,27897,0,0,0,0,0
2020-02-09,Humboldt,023,135768,0,0,0,0,0
2020-02-09,Imperial,025,180216,1,0,0,0,0
2020-02-09,Inyo,027,18085,0,0,0,0,0
2020-02-09,Kern,029,883053,2,0,0,0,0
2020-02-09,Kings,031,150075,1,0,0,0,0
2020-02-09,Lake,033,64148,0,0,0,0,0
2020-02-09,Lassen,035,31185,0,0,0,0,0
2020-02-09,Los Angeles,037,10098052,20,1,6,7,0
2020-02-09,Madera,039,155013,0,0,0,0,0
2020-02-09,Marin,041,260295,0,0,0,0,0
2020-02-09,Mariposa,043,17540,0,0,0,0,0
2020-02-09,Mendocino,045,87422,0,0,0,0,0
2020-02-09,Merced,047,269075,0,0,0,0,0
2020-02-09,Modoc,049,8938,0,0,0,0,0
2020-02-09,Mono,051,14174,0,0,0,0,0
2020-02-09,Monterey,053,433212,0,0,0,0,0
2020-02-09,Napa,055,140530,0,0,0,0,0
2020-02-09,Nevada,057,99092,0,0,0,0,0
2020-02-09,Orange,059,3164182,37,1,0,1,0
2020-02-09,Placer,061,380077,0,0,0,0,0
2020-02-09,Plumas,063,18699,0,0,0,0,0
2020-02-09,Riverside,065,2383286,4,0,0,0,0
2020-02-09,Sacramento,067,1510023,0,0,0,0,0
2020-02-09,San Benito,069,59416,0,2,0,2,0
2020-02-09,San Bernardino,071,2135413,7,0,0,0,0
2020-02-09,San Diego,073,3302833,2,0,0,0,0
2020-02-09,San Francisco,075,870044,1,0,0,0,0
2020-02-09,San Joaquin,077,732212,0,0,1,1,0
2020-02-09,San Luis Obispo,079,281455,0,0,0,0,0
2020-02-09,San Mateo,081,765935,2,0,0,0,0
2020-02-09,Santa Barbara,083,443738,0,0,0,0,0
2020-02-09,Santa Clara,085,1922200,4,2,0,2,0
2020-02-09,Santa Cruz,087,273765,0,0,0,0,0
2020-02-09,Shasta,089,179085,0,0,0,0,0
2020-02-09,Sierra,091,2930,0,0,0,0,0
2020-02-09,Siskiyou,093,43540,0,0,0,0,0
2020-02-09,Solano,095,438530,0,0,0,0,0
2020-02-09,Sonoma,097,501317,0,0,0,0,0
2020-02-09,Stanislaus,099,539301,0,0,0,0,0
2020-02-09,Sutter,101,95872,0,0,0,0,0
2020-02-09,Tehama,103,63373,0,0,0,0,0
2020-02-09,Trinity,105,12862,0,0,0,0,0
2020-02-09,Tulare,107,460477,2,0,0,0,0
2020-02-09,Tuolumne,109,53932,0,0,0,0,0
2020-02-09,Ventura,111,848112,1,0,0,0,0
2020-02-09,Yolo,113,214977,1,0,0,0,0
2020-02-09,Yuba,115,75493,0,0,0,0,0
2020-02-08,Alameda,001,1643700,3,0,0,0,0
2020-02-08,Alpine,003,1148,0,0,0,0,0
2020-02-08,Amador,005,37829,0,0,0,0,0
2020-02-08,Butte,007,227075,0,0,0,0,0
2020-02-08,Calaveras,009,45235,0,0,0,0,0
2020-02-08,Colusa,011,21464,0,0,0,0,0
2020-02-08,Contra Costa,013,1133247,2,0,0,0,0
2020-02-08,Del Norte,015,27424,0,0,0,0,0
2020-02-08,El Dorado,017,186661,0,0,0,0,0
2020-02-08,Fresno,019,978130,0,0,0,0,0
2020-02-08,Glenn,021,27897,0,0,0,0,0
2020-02-08,Humboldt,023,135768,0,0,0,0,0
2020-02-08,Imperial,025,180216,1,0,0,0,0
2020-02-08,Inyo,027,18085,0,0,0,0,0
2020-02-08,Kern,029,883053,2,0,0,0,0
2020-02-08,Kings,031,150075,1,0,0,0,0
2020-02-08,Lake,033,64148,0,0,0,0,0
2020-02-08,Lassen,035,31185,0,0,0,0,0
2020-02-08,Los Angeles,037,10098052,17,1,3,4,0
2020-02-08,Madera,039,155013,0,0,0,0,0
2020-02-08,Marin,041,260295,0,0,0,0,0
2020-02-08,Mariposa,043,17540,0,0,0,0,0
2020-02-08,Mendocino,045,87422,0,0,0,0,0
2020-02-08,Merced,047,269075,0,0,0,0,0
2020-02-08,Modoc,049,8938,0,0,0,0,0
2020-02-08,Mono,051,14174,0,0,0,0,0
2020-02-08,Monterey,053,433212,0,0,0,0,0
2020-02-08,Napa,055,140530,0,0,0,0,0
2020-02-08,Nevada,057,99092,0,0,0,0,0
2020-02-08,Orange,059,3164182,37,1,0,1,0
2020-02-08,Placer,061,380077,0,0,0,0,0
2020-02-08,Plumas,063,18699,0,0,0,0,0
2020-02-08,Riverside,065,2383286,4,0,0,0,0
2020-02-08,Sacramento,067,1510023,0,0,0,0,0
2020-02-08,San Benito,069,59416,0,2,0,2,0
2020-02-08,San Bernardino,071,2135413,7,0,0,0,0
2020-02-08,San Diego,073,3302833,1,0,0,0,0
2020-02-08,San Francisco,075,870044,1,0,0,0,0
2020-02-08,San Joaquin,077,732212,0,0,1,1,0
2020-02-08,San Luis Obispo,079,281455,0,0,0,0,0
2020-02-08,San Mateo,081,765935,2,0,0,0,0
2020-02-08,Santa Barbara,083,443738,0,0,0,0,0
2020-02-08,Santa Clara,085,1922200,4,2,0,2,0
2020-02-08,Santa Cruz,087,273765,0,0,0,0,0
2020-02-08,Shasta,089,179085,0,0,0,0,0
2020-02-08,Sierra,091,2930,0,0,0,0,0
2020-02-08,Siskiyou,093,43540,0,0,0,0,0
2020-02-08,Solano,095,438530,0,0,0,0,0
2020-02-08,Sonoma,097,501317,0,0,0,0,0
2020-02-08,Stanislaus,099,539301,0,0,0,0,0
2020-02-08,Sutter,101,95872,0,0,0,0,0
2020-02-08,Tehama,103,63373,0,0,0,0,0
2020-02-08,Trinity,105,12862,0,0,0,0,0
2020-02-08,Tulare,107,460477,2,0,0,0,0
2020-02-08,Tuolumne,109,53932,0,0,0,0,0
2020-02-08,Ventura,111,848112,1,0,0,0,0
2020-02-08,Yolo,113,214977,1,0,0,0,0
2020-02-08,Yuba,115,75493,0,0,0,0,0
2020-02-07,Alameda,001,1643700,3,0,0,0,0
2020-02-07,Alpine,003,1148,0,0,0,0,0
2020-02-07,Amador,005,37829,0,0,0,0,0
2020-02-07,Butte,007,227075,0,0,0,0,0
2020-02-07,Calaveras,009,45235,0,0,0,0,0
2020-02-07,Colusa,011,21464,0,0,0,0,0
2020-02-07,Contra Costa,013,1133247,2,0,0,0,0
2020-02-07,Del Norte,015,27424,0,0,0,0,0
2020-02-07,El Dorado,017,186661,0,0,0,0,0
2020-02-07,Fresno,019,978130,0,0,0,0,0
2020-02-07,Glenn,021,27897,0,0,0,0,0
2020-02-07,Humboldt,023,135768,0,0,0,0,0
2020-02-07,Imperial,025,180216,1,0,0,0,0
2020-02-07,Inyo,027,18085,0,0,0,0,0
2020-02-07,Kern,029,883053,2,0,0,0,0
2020-02-07,Kings,031,150075,1,0,0,0,0
2020-02-07,Lake,033,64148,0,0,0,0,0
2020-02-07,Lassen,035,31185,0,0,0,0,0
2020-02-07,Los Angeles,037,10098052,16,1,2,3,0
2020-02-07,Madera,039,155013,0,0,0,0,0
2020-02-07,Marin,041,260295,0,0,0,0,0
2020-02-07,Mariposa,043,17540,0,0,0,0,0
2020-02-07,Mendocino,045,87422,0,0,0,0,0
2020-02-07,Merced,047,269075,0,0,0,0,0
2020-02-07,Modoc,049,8938,0,0,0,0,0
2020-02-07,Mono,051,14174,0,0,0,0,0
2020-02-07,Monterey,053,433212,0,0,0,0,0
2020-02-07,Napa,055,140530,0,0,0,0,0
2020-02-07,Nevada,057,99092,0,0,0,0,0
2020-02-07,Orange,059,3164182,35,1,0,1,0
2020-02-07,Placer,061,380077,0,0,0,0,0
2020-02-07,Plumas,063,18699,0,0,0,0,0
2020-02-07,Riverside,065,2383286,4,0,0,0,0
2020-02-07,Sacramento,067,1510023,0,0,0,0,0
2020-02-07,San Benito,069,59416,0,2,0,2,0
2020-02-07,San Bernardino,071,2135413,4,0,0,0,0
2020-02-07,San Diego,073,3302833,1,0,0,0,0
2020-02-07,San Francisco,075,870044,1,0,0,0,0
2020-02-07,San Joaquin,077,732212,0,0,1,1,0
2020-02-07,San Luis Obispo,079,281455,0,0,0,0,0
2020-02-07,San Mateo,081,765935,1,0,0,0,0
2020-02-07,Santa Barbara,083,443738,0,0,0,0,0
2020-02-07,Santa Clara,085,1922200,4,2,0,2,0
2020-02-07,Santa Cruz,087,273765,0,0,0,0,0
2020-02-07,Shasta,089,179085,0,0,0,0,0
2020-02-07,Sierra,091,2930,0,0,0,0,0
2020-02-07,Siskiyou,093,43540,0,0,0,0,0
2020-02-07,Solano,095,438530,0,0,0,0,0
2020-02-07,Sonoma,097,501317,0,0,0,0,0
2020-02-07,Stanislaus,099,539301,0,0,0,0,0
2020-02-07,Sutter,101,95872,0,0,0,0,0
2020-02-07,Tehama,103,63373,0,0,0,0,0
2020-02-07,Trinity,105,12862,0,0,0,0,0
2020-02-07,Tulare,107,460477,2,0,0,0,0
2020-02-07,Tuolumne,109,53932,0,0,0,0,0
2020-02-07,Ventura,111,848112,1,0,0,0,0
2020-02-07,Yolo,113,214977,1,0,0,0,0
2020-02-07,Yuba,115,75493,0,0,0,0,0
2020-02-06,Alameda,001,1643700,3,0,0,0,0
2020-02-06,Alpine,003,1148,0,0,0,0,0
2020-02-06,Amador,005,37829,0,0,0,0,0
2020-02-06,Butte,007,227075,0,0,0,0,0
2020-02-06,Calaveras,009,45235,0,0,0,0,0
2020-02-06,Colusa,011,21464,0,0,0,0,0
2020-02-06,Contra Costa,013,1133247,2,0,0,0,0
2020-02-06,Del Norte,015,27424,0,0,0,0,0
2020-02-06,El Dorado,017,186661,0,0,0,0,0
2020-02-06,Fresno,019,978130,0,0,0,0,0
2020-02-06,Glenn,021,27897,0,0,0,0,0
2020-02-06,Humboldt,023,135768,0,0,0,0,0
2020-02-06,Imperial,025,180216,1,0,0,0,0
2020-02-06,Inyo,027,18085,0,0,0,0,0
2020-02-06,Kern,029,883053,2,0,0,0,0
2020-02-06,Kings,031,150075,0,0,0,0,0
2020-02-06,Lake,033,64148,0,0,0,0,0
2020-02-06,Lassen,035,31185,0,0,0,0,0
2020-02-06,Los Angeles,037,10098052,15,1,2,3,0
2020-02-06,Madera,039,155013,0,0,0,0,0
2020-02-06,Marin,041,260295,0,0,0,0,0
2020-02-06,Mariposa,043,17540,0,0,0,0,0
2020-02-06,Mendocino,045,87422,0,0,0,0,0
2020-02-06,Merced,047,269075,0,0,0,0,0
2020-02-06,Modoc,049,8938,0,0,0,0,0
2020-02-06,Mono,051,14174,0,0,0,0,0
2020-02-06,Monterey,053,433212,0,0,0,0,0
2020-02-06,Napa,055,140530,0,0,0,0,0
2020-02-06,Nevada,057,99092,0,0,0,0,0
2020-02-06,Orange,059,3164182,5,1,0,1,0
2020-02-06,Placer,061,380077,0,0,0,0,0
2020-02-06,Plumas,063,18699,0,0,0,0,0
2020-02-06,Riverside,065,2383286,4,0,0,0,0
2020-02-06,Sacramento,067,1510023,0,0,0,0,0
2020-02-06,San Benito,069,59416,0,2,0,2,0
2020-02-06,San Bernardino,071,2135413,4,0,0,0,0
2020-02-06,San Diego,073,3302833,1,0,0,0,0
2020-02-06,San Francisco,075,870044,1,0,0,0,0
2020-02-06,San Joaquin,077,732212,0,0,1,1,0
2020-02-06,San Luis Obispo,079,281455,0,0,0,0,0
2020-02-06,San Mateo,081,765935,1,0,0,0,0
2020-02-06,Santa Barbara,083,443738,0,0,0,0,0
2020-02-06,Santa Clara,085,1922200,4,2,0,2,0
2020-02-06,Santa Cruz,087,273765,0,0,0,0,0
2020-02-06,Shasta,089,179085,0,0,0,0,0
2020-02-06,Sierra,091,2930,0,0,0,0,0
2020-02-06,Siskiyou,093,43540,0,0,0,0,0
2020-02-06,Solano,095,438530,0,0,0,0,0
2020-02-06,Sonoma,097,501317,0,0,0,0,0
2020-02-06,Stanislaus,099,539301,0,0,0,0,0
2020-02-06,Sutter,101,95872,0,0,0,0,0
2020-02-06,Tehama,103,63373,0,0,0,0,0
2020-02-06,Trinity,105,12862,0,0,0,0,0
2020-02-06,Tulare,107,460477,2,0,0,0,0
2020-02-06,Tuolumne,109,53932,0,0,0,0,0
2020-02-06,Ventura,111,848112,1,0,0,0,0
2020-02-06,Yolo,113,214977,1,0,0,0,0
2020-02-06,Yuba,115,75493,0,0,0,0,0
2020-02-05,Alameda,001,1643700,3,0,0,0,0
2020-02-05,Alpine,003,1148,0,0,0,0,0
2020-02-05,Amador,005,37829,0,0,0,0,0
2020-02-05,Butte,007,227075,0,0,0,0,0
2020-02-05,Calaveras,009,45235,0,0,0,0,0
2020-02-05,Colusa,011,21464,0,0,0,0,0
2020-02-05,Contra Costa,013,1133247,2,0,0,0,0
2020-02-05,Del Norte,015,27424,0,0,0,0,0
2020-02-05,El Dorado,017,186661,0,0,0,0,0
2020-02-05,Fresno,019,978130,0,0,0,0,0
2020-02-05,Glenn,021,27897,0,0,0,0,0
2020-02-05,Humboldt,023,135768,0,0,0,0,0
2020-02-05,Imperial,025,180216,1,0,0,0,0
2020-02-05,Inyo,027,18085,0,0,0,0,0
2020-02-05,Kern,029,883053,1,0,0,0,0
2020-02-05,Kings,031,150075,0,0,0,0,0
2020-02-05,Lake,033,64148,0,0,0,0,0
2020-02-05,Lassen,035,31185,0,0,0,0,0
2020-02-05,Los Angeles,037,10098052,15,1,1,2,0
2020-02-05,Madera,039,155013,0,0,0,0,0
2020-02-05,Marin,041,260295,0,0,0,0,0
2020-02-05,Mariposa,043,17540,0,0,0,0,0
2020-02-05,Mendocino,045,87422,0,0,0,0,0
2020-02-05,Merced,047,269075,0,0,0,0,0
2020-02-05,Modoc,049,8938,0,0,0,0,0
2020-02-05,Mono,051,14174,0,0,0,0,0
2020-02-05,Monterey,053,433212,0,0,0,0,0
2020-02-05,Napa,055,140530,0,0,0,0,0
2020-02-05,Nevada,057,99092,0,0,0,0,0
2020-02-05,Orange,059,3164182,4,1,0,1,0
2020-02-05,Placer,061,380077,0,0,0,0,0
2020-02-05,Plumas,063,18699,0,0,0,0,0
2020-02-05,Riverside,065,2383286,4,0,0,0,0
2020-02-05,Sacramento,067,1510023,0,0,0,0,0
2020-02-05,San Benito,069,59416,0,2,0,2,0
2020-02-05,San Bernardino,071,2135413,4,0,0,0,0
2020-02-05,San Diego,073,3302833,0,0,0,0,0
2020-02-05,San Francisco,075,870044,1,0,0,0,0
2020-02-05,San Joaquin,077,732212,0,0,1,1,0
2020-02-05,San Luis Obispo,079,281455,0,0,0,0,0
2020-02-05,San Mateo,081,765935,1,0,0,0,0
2020-02-05,Santa Barbara,083,443738,0,0,0,0,0
2020-02-05,Santa Clara,085,1922200,2,2,0,2,0
2020-02-05,Santa Cruz,087,273765,0,0,0,0,0
2020-02-05,Shasta,089,179085,0,0,0,0,0
2020-02-05,Sierra,091,2930,0,0,0,0,0
2020-02-05,Siskiyou,093,43540,0,0,0,0,0
2020-02-05,Solano,095,438530,0,0,0,0,0
2020-02-05,Sonoma,097,501317,0,0,0,0,0
2020-02-05,Stanislaus,099,539301,0,0,0,0,0
2020-02-05,Sutter,101,95872,0,0,0,0,0
2020-02-05,Tehama,103,63373,0,0,0,0,0
2020-02-05,Trinity,105,12862,0,0,0,0,0
2020-02-05,Tulare,107,460477,2,0,0,0,0
2020-02-05,Tuolumne,109,53932,0,0,0,0,0
2020-02-05,Ventura,111,848112,0,0,0,0,0
2020-02-05,Yolo,113,214977,1,0,0,0,0
2020-02-05,Yuba,115,75493,0,0,0,0,0
2020-02-04,Alameda,001,1643700,3,0,0,0,0
2020-02-04,Alpine,003,1148,0,0,0,0,0
2020-02-04,Amador,005,37829,0,0,0,0,0
2020-02-04,Butte,007,227075,0,0,0,0,0
2020-02-04,Calaveras,009,45235,0,0,0,0,0
2020-02-04,Colusa,011,21464,0,0,0,0,0
2020-02-04,Contra Costa,013,1133247,2,0,0,0,0
2020-02-04,Del Norte,015,27424,0,0,0,0,0
2020-02-04,El Dorado,017,186661,0,0,0,0,0
2020-02-04,Fresno,019,978130,0,0,0,0,0
2020-02-04,Glenn,021,27897,0,0,0,0,0
2020-02-04,Humboldt,023,135768,0,0,0,0,0
2020-02-04,Imperial,025,180216,1,0,0,0,0
2020-02-04,Inyo,027,18085,0,0,0,0,0
2020-02-04,Kern,029,883053,0,0,0,0,0
2020-02-04,Kings,031,150075,0,0,0,0,0
2020-02-04,Lake,033,64148,0,0,0,0,0
2020-02-04,Lassen,035,31185,0,0,0,0,0
2020-02-04,Los Angeles,037,10098052,15,1,1,2,0
2020-02-04,Madera,039,155013,0,0,0,0,0
2020-02-04,Marin,041,260295,0,0,0,0,0
2020-02-04,Mariposa,043,17540,0,0,0,0,0
2020-02-04,Mendocino,045,87422,0,0,0,0,0
2020-02-04,Merced,047,269075,0,0,0,0,0
2020-02-04,Modoc,049,8938,0,0,0,0,0
2020-02-04,Mono,051,14174,0,0,0,0,0
2020-02-04,Monterey,053,433212,0,0,0,0,0
2020-02-04,Napa,055,140530,0,0,0,0,0
2020-02-04,Nevada,057,99092,0,0,0,0,0
2020-02-04,Orange,059,3164182,4,1,0,1,0
2020-02-04,Placer,061,380077,0,0,0,0,0
2020-02-04,Plumas,063,18699,0,0,0,0,0
2020-02-04,Riverside,065,2383286,4,0,0,0,0
2020-02-04,Sacramento,067,1510023,0,0,0,0,0
2020-02-04,San Benito,069,59416,0,2,0,2,0
2020-02-04,San Bernardino,071,2135413,3,0,0,0,0
2020-02-04,San Diego,073,3302833,0,0,0,0,0
2020-02-04,San Francisco,075,870044,1,0,0,0,0
2020-02-04,San Joaquin,077,732212,0,0,1,1,0
2020-02-04,San Luis Obispo,079,281455,0,0,0,0,0
2020-02-04,San Mateo,081,765935,0,0,0,0,0
2020-02-04,Santa Barbara,083,443738,0,0,0,0,0
2020-02-04,Santa Clara,085,1922200,2,2,0,2,0
2020-02-04,Santa Cruz,087,273765,0,0,0,0,0
2020-02-04,Shasta,089,179085,0,0,0,0,0
2020-02-04,Sierra,091,2930,0,0,0,0,0
2020-02-04,Siskiyou,093,43540,0,0,0,0,0
2020-02-04,Solano,095,438530,0,0,0,0,0
2020-02-04,Sonoma,097,501317,0,0,0,0,0
2020-02-04,Stanislaus,099,539301,0,0,0,0,0
2020-02-04,Sutter,101,95872,0,0,0,0,0
2020-02-04,Tehama,103,63373,0,0,0,0,0
2020-02-04,Trinity,105,12862,0,0,0,0,0
2020-02-04,Tulare,107,460477,2,0,0,0,0
2020-02-04,Tuolumne,109,53932,0,0,0,0,0
2020-02-04,Ventura,111,848112,0,0,0,0,0
2020-02-04,Yolo,113,214977,1,0,0,0,0
2020-02-04,Yuba,115,75493,0,0,0,0,0
2020-02-03,Alameda,001,1643700,3,0,0,0,0
2020-02-03,Alpine,003,1148,0,0,0,0,0
2020-02-03,Amador,005,37829,0,0,0,0,0
2020-02-03,Butte,007,227075,0,0,0,0,0
2020-02-03,Calaveras,009,45235,0,0,0,0,0
2020-02-03,Colusa,011,21464,0,0,0,0,0
2020-02-03,Contra Costa,013,1133247,2,0,0,0,0
2020-02-03,Del Norte,015,27424,0,0,0,0,0
2020-02-03,El Dorado,017,186661,0,0,0,0,0
2020-02-03,Fresno,019,978130,0,0,0,0,0
2020-02-03,Glenn,021,27897,0,0,0,0,0
2020-02-03,Humboldt,023,135768,0,0,0,0,0
2020-02-03,Imperial,025,180216,1,0,0,0,0
2020-02-03,Inyo,027,18085,0,0,0,0,0
2020-02-03,Kern,029,883053,0,0,0,0,0
2020-02-03,Kings,031,150075,0,0,0,0,0
2020-02-03,Lake,033,64148,0,0,0,0,0
2020-02-03,Lassen,035,31185,0,0,0,0,0
2020-02-03,Los Angeles,037,10098052,15,1,0,1,0
2020-02-03,Madera,039,155013,0,0,0,0,0
2020-02-03,Marin,041,260295,0,0,0,0,0
2020-02-03,Mariposa,043,17540,0,0,0,0,0
2020-02-03,Mendocino,045,87422,0,0,0,0,0
2020-02-03,Merced,047,269075,0,0,0,0,0
2020-02-03,Modoc,049,8938,0,0,0,0,0
2020-02-03,Mono,051,14174,0,0,0,0,0
2020-02-03,Monterey,053,433212,0,0,0,0,0
2020-02-03,Napa,055,140530,0,0,0,0,0
2020-02-03,Nevada,057,99092,0,0,0,0,0
2020-02-03,Orange,059,3164182,3,1,0,1,0
2020-02-03,Placer,061,380077,0,0,0,0,0
2020-02-03,Plumas,063,18699,0,0,0,0,0
2020-02-03,Riverside,065,2383286,4,0,0,0,0
2020-02-03,Sacramento,067,1510023,0,0,0,0,0
2020-02-03,San Benito,069,59416,0,2,0,2,0
2020-02-03,San Bernardino,071,2135413,3,0,0,0,0
2020-02-03,San Diego,073,3302833,0,0,0,0,0
2020-02-03,San Francisco,075,870044,1,0,0,0,0
2020-02-03,San Joaquin,077,732212,0,0,1,1,0
2020-02-03,San Luis Obispo,079,281455,0,0,0,0,0
2020-02-03,San Mateo,081,765935,0,0,0,0,0
2020-02-03,Santa Barbara,083,443738,0,0,0,0,0
2020-02-03,Santa Clara,085,1922200,2,2,0,2,0
2020-02-03,Santa Cruz,087,273765,0,0,0,0,0
2020-02-03,Shasta,089,179085,0,0,0,0,0
2020-02-03,Sierra,091,2930,0,0,0,0,0
2020-02-03,Siskiyou,093,43540,0,0,0,0,0
2020-02-03,Solano,095,438530,0,0,0,0,0
2020-02-03,Sonoma,097,501317,0,0,0,0,0
2020-02-03,Stanislaus,099,539301,0,0,0,0,0
2020-02-03,Sutter,101,95872,0,0,0,0,0
2020-02-03,Tehama,103,63373,0,0,0,0,0
2020-02-03,Trinity,105,12862,0,0,0,0,0
2020-02-03,Tulare,107,460477,2,0,0,0,0
2020-02-03,Tuolumne,109,53932,0,0,0,0,0
2020-02-03,Ventura,111,848112,0,0,0,0,0
2020-02-03,Yolo,113,214977,1,0,0,0,0
2020-02-03,Yuba,115,75493,0,0,0,0,0
2020-02-02,Alameda,001,1643700,3,0,0,0,0
2020-02-02,Alpine,003,1148,0,0,0,0,0
2020-02-02,Amador,005,37829,0,0,0,0,0
2020-02-02,Butte,007,227075,0,0,0,0,0
2020-02-02,Calaveras,009,45235,0,0,0,0,0
2020-02-02,Colusa,011,21464,0,0,0,0,0
2020-02-02,Contra Costa,013,1133247,1,0,0,0,0
2020-02-02,Del Norte,015,27424,0,0,0,0,0
2020-02-02,El Dorado,017,186661,0,0,0,0,0
2020-02-02,Fresno,019,978130,0,0,0,0,0
2020-02-02,Glenn,021,27897,0,0,0,0,0
2020-02-02,Humboldt,023,135768,0,0,0,0,0
2020-02-02,Imperial,025,180216,1,0,0,0,0
2020-02-02,Inyo,027,18085,0,0,0,0,0
2020-02-02,Kern,029,883053,0,0,0,0,0
2020-02-02,Kings,031,150075,0,0,0,0,0
2020-02-02,Lake,033,64148,0,0,0,0,0
2020-02-02,Lassen,035,31185,0,0,0,0,0
2020-02-02,Los Angeles,037,10098052,13,1,0,1,0
2020-02-02,Madera,039,155013,0,0,0,0,0
2020-02-02,Marin,041,260295,0,0,0,0,0
2020-02-02,Mariposa,043,17540,0,0,0,0,0
2020-02-02,Mendocino,045,87422,0,0,0,0,0
2020-02-02,Merced,047,269075,0,0,0,0,0
2020-02-02,Modoc,049,8938,0,0,0,0,0
2020-02-02,Mono,051,14174,0,0,0,0,0
2020-02-02,Monterey,053,433212,0,0,0,0,0
2020-02-02,Napa,055,140530,0,0,0,0,0
2020-02-02,Nevada,057,99092,0,0,0,0,0
2020-02-02,Orange,059,3164182,3,1,0,1,0
2020-02-02,Placer,061,380077,0,0,0,0,0
2020-02-02,Plumas,063,18699,0,0,0,0,0
2020-02-02,Riverside,065,2383286,3,0,0,0,0
2020-02-02,Sacramento,067,1510023,0,0,0,0,0
2020-02-02,San Benito,069,59416,0,2,0,2,0
2020-02-02,San Bernardino,071,2135413,2,0,0,0,0
2020-02-02,San Diego,073,3302833,0,0,0,0,0
2020-02-02,San Francisco,075,870044,1,0,0,0,0
2020-02-02,San Joaquin,077,732212,0,0,1,1,0
2020-02-02,San Luis Obispo,079,281455,0,0,0,0,0
2020-02-02,San Mateo,081,765935,0,0,0,0,0
2020-02-02,Santa Barbara,083,443738,0,0,0,0,0
2020-02-02,Santa Clara,085,1922200,2,2,0,2,0
2020-02-02,Santa Cruz,087,273765,0,0,0,0,0
2020-02-02,Shasta,089,179085,0,0,0,0,0
2020-02-02,Sierra,091,2930,0,0,0,0,0
2020-02-02,Siskiyou,093,43540,0,0,0,0,0
2020-02-02,Solano,095,438530,0,0,0,0,0
2020-02-02,Sonoma,097,501317,0,0,0,0,0
2020-02-02,Stanislaus,099,539301,0,0,0,0,0
2020-02-02,Sutter,101,95872,0,0,0,0,0
2020-02-02,Tehama,103,63373,0,0,0,0,0
2020-02-02,Trinity,105,12862,0,0,0,0,0
2020-02-02,Tulare,107,460477,2,0,0,0,0
2020-02-02,Tuolumne,109,53932,0,0,0,0,0
2020-02-02,Ventura,111,848112,0,0,0,0,0
2020-02-02,Yolo,113,214977,1,0,0,0,0
2020-02-02,Yuba,115,75493,0,0,0,0,0
2020-02-01,Alameda,001,1643700,3,0,0,0,0
2020-02-01,Alpine,003,1148,0,0,0,0,0
2020-02-01,Amador,005,37829,0,0,0,0,0
2020-02-01,Butte,007,227075,0,0,0,0,0
2020-02-01,Calaveras,009,45235,0,0,0,0,0
2020-02-01,Colusa,011,21464,0,0,0,0,0
2020-02-01,Contra Costa,013,1133247,0,0,0,0,0
2020-02-01,Del Norte,015,27424,0,0,0,0,0
2020-02-01,El Dorado,017,186661,0,0,0,0,0
2020-02-01,Fresno,019,978130,0,0,0,0,0
2020-02-01,Glenn,021,27897,0,0,0,0,0
2020-02-01,Humboldt,023,135768,0,0,0,0,0
2020-02-01,Imperial,025,180216,0,0,0,0,0
2020-02-01,Inyo,027,18085,0,0,0,0,0
2020-02-01,Kern,029,883053,0,0,0,0,0
2020-02-01,Kings,031,150075,0,0,0,0,0
2020-02-01,Lake,033,64148,0,0,0,0,0
2020-02-01,Lassen,035,31185,0,0,0,0,0
2020-02-01,Los Angeles,037,10098052,12,1,0,1,0
2020-02-01,Madera,039,155013,0,0,0,0,0
2020-02-01,Marin,041,260295,0,0,0,0,0
2020-02-01,Mariposa,043,17540,0,0,0,0,0
2020-02-01,Mendocino,045,87422,0,0,0,0,0
2020-02-01,Merced,047,269075,0,0,0,0,0
2020-02-01,Modoc,049,8938,0,0,0,0,0
2020-02-01,Mono,051,14174,0,0,0,0,0
2020-02-01,Monterey,053,433212,0,0,0,0,0
2020-02-01,Napa,055,140530,0,0,0,0,0
2020-02-01,Nevada,057,99092,0,0,0,0,0
2020-02-01,Orange,059,3164182,3,1,0,1,0
2020-02-01,Placer,061,380077,0,0,0,0,0
2020-02-01,Plumas,063,18699,0,0,0,0,0
2020-02-01,Riverside,065,2383286,2,0,0,0,0
2020-02-01,Sacramento,067,1510023,0,0,0,0,0
2020-02-01,San Benito,069,59416,0,0,0,0,0
2020-02-01,San Bernardino,071,2135413,1,0,0,0,0
2020-02-01,San Diego,073,3302833,0,0,0,0,0
2020-02-01,San Francisco,075,870044,1,0,0,0,0
2020-02-01,San Joaquin,077,732212,0,0,1,1,0
2020-02-01,San Luis Obispo,079,281455,0,0,0,0,0
2020-02-01,San Mateo,081,765935,0,0,0,0,0
2020-02-01,Santa Barbara,083,443738,0,0,0,0,0
2020-02-01,Santa Clara,085,1922200,2,1,0,1,0
2020-02-01,Santa Cruz,087,273765,0,0,0,0,0
2020-02-01,Shasta,089,179085,0,0,0,0,0
2020-02-01,Sierra,091,2930,0,0,0,0,0
2020-02-01,Siskiyou,093,43540,0,0,0,0,0
2020-02-01,Solano,095,438530,0,0,0,0,0
2020-02-01,Sonoma,097,501317,0,0,0,0,0
2020-02-01,Stanislaus,099,539301,0,0,0,0,0
2020-02-01,Sutter,101,95872,0,0,0,0,0
2020-02-01,Tehama,103,63373,0,0,0,0,0
2020-02-01,Trinity,105,12862,0,0,0,0,0
2020-02-01,Tulare,107,460477,1,0,0,0,0
2020-02-01,Tuolumne,109,53932,0,0,0,0,0
2020-02-01,Ventura,111,848112,0,0,0,0,0
2020-02-01,Yolo,113,214977,0,0,0,0,0
2020-02-01,Yuba,115,75493,0,0,0,0,0
