date,county,fips,population,confirmed_cases,probable_cases,confirmed_and_probable_cases,confirmed_deaths
2023-05-23,Alameda,001,1643700,386676,23160,409836,2155
2023-05-23,Alpine,002,1148,139,4,143,0
2023-05-23,Amador,005,37829,10696,1016,11712,98
2023-05-23,Butte,007,227075,42105,10552,52657,499
2023-05-23,Calaveras,009,45235,9094,649,9743,143
2023-05-23,Colusa,011,21464,4032,1396,5428,24
2023-05-23,Contra Costa,013,1133247,277621,22689,300310,1596
2023-05-23,Del Norte,015,27424,7986,494,8480,62
2023-05-23,El Dorado,017,186661,35058,4613,39671,247
2023-05-23,Fresno,019,978130,297929,35664,333593,3031
2023-05-23,Glenn,021,27897,5851,2045,7896,56
2023-05-23,Humboldt,023,135768,23595,5992,29587,171
2023-05-23,Imperial,025,180216,71729,19758,91487,983
2023-05-23,Inyo,027,18085,4825,1352,6177,63
2023-05-23,Kern,029,883053,232275,74650,306925,2499
2023-05-23,Kings,031,150075,63328,4543,67871,486
2023-05-23,Lake,033,64148,13795,1283,15078,165
2023-05-23,Lassen,035,31185,10307,1074,11381,65
2023-05-23,Los Angeles,037,10098052,3521455,224681,3746136,36095
2023-05-23,Madera,039,155013,46841,8994,55835,377
2023-05-23,Marin,041,260295,41642,5747,47389,260
2023-05-23,Mariposa,043,17540,3389,360,3749,31
2023-05-23,Mendocino,045,87422,17041,4860,21901,146
2023-05-23,Merced,047,269075,78228,13069,91297,903
2023-05-23,Modoc,049,8938,985,393,1378,11
2023-05-23,Mono,051,14174,3344,310,3654,8
2023-05-23,Monterey,053,433212,98915,25000,123915,816
2023-05-23,Napa,055,140530,35045,1545,36590,176
2023-05-23,Nevada,057,99092,20464,2382,22846,139
2023-05-23,Orange,059,3164182,720841,80608,801449,8168
2023-05-23,Placer,061,380077,82423,10474,92897,685
2023-05-23,Plumas,063,18699,3866,464,4330,15
2023-05-23,Riverside,065,2383286,740623,42793,783416,6867
2023-05-23,Sacramento,067,1510023,377312,39192,416504,3601
2023-05-23,San Benito,069,59416,17863,1158,19021,116
2023-05-23,San Bernardino,071,2135413,715766,35154,750920,8139
2023-05-23,San Diego,073,3302833,995173,82640,1077813,5877
2023-05-23,San Francisco,075,870044,200132,13742,213874,1217
2023-05-23,San Joaquin,077,732212,212513,17248,229761,2457
2023-05-23,San Luis Obispo,079,281455,67092,8392,75484,578
2023-05-23,San Mateo,081,765935,186368,11346,197714,747
2023-05-23,Santa Barbara,083,443738,113382,7923,121305,769
2023-05-23,Santa Clara,085,1922200,483810,21968,505778,2815
2023-05-23,Santa Cruz,087,273765,69502,4154,73656,276
2023-05-23,Shasta,089,179085,36738,8449,45187,612
2023-05-23,Sierra,091,2930,313,61,374,5
2023-05-23,Siskiyou,093,43540,5532,3500,9032,96
2023-05-23,Solano,095,438530,115516,8893,124409,476
2023-05-23,Sonoma,097,501317,115306,5862,121168,572
2023-05-23,Stanislaus,099,539301,146707,23455,170162,1842
2023-05-23,Sutter,101,95872,26049,2555,28604,241
2023-05-23,Tehama,103,63373,14582,3479,18061,237
2023-05-23,Trinity,105,12862,1482,523,2005,24
2023-05-23,Tulare,107,460477,129637,41340,170977,1598
2023-05-23,Tuolumne,109,53932,17043,1097,18140,211
2023-05-23,Ventura,111,848112,222699,18371,241070,1703
2023-05-23,Yolo,113,214977,50648,5109,55757,454
2023-05-23,Yuba,115,75493,20266,1948,22214,134
2023-05-22,Alameda,001,1643700,386676,23160,409836,2155
2023-05-22,Alpine,002,1148,139,4,143,0
2023-05-22,Amador,005,37829,10696,1016,11712,98
2023-05-22,Butte,007,227075,42105,10552,52657,499
2023-05-22,Calaveras,009,45235,9094,649,9743,143
2023-05-22,Colusa,011,21464,4032,1396,5428,24
2023-05-22,Contra Costa,013,1133247,277621,22689,300310,1596
2023-05-22,Del Norte,015,27424,7986,494,8480,62
2023-05-22,El Dorado,017,186661,35058,4613,39671,247
2023-05-22,Fresno,019,978130,297929,35664,333593,3031
2023-05-22,Glenn,021,27897,5851,2045,7896,56
2023-05-22,Humboldt,023,135768,23595,5992,29587,171
2023-05-22,Imperial,025,180216,71729,19758,91487,983
2023-05-22,Inyo,027,18085,4825,1352,6177,63
2023-05-22,Kern,029,883053,232275,74650,306925,2499
2023-05-22,Kings,031,150075,63328,4543,67871,486
2023-05-22,Lake,033,64148,13795,1283,15078,165
2023-05-22,Lassen,035,31185,10307,1074,11381,65
2023-05-22,Los Angeles,037,10098052,3521455,224681,3746136,36095
2023-05-22,Madera,039,155013,46841,8994,55835,377
2023-05-22,Marin,041,260295,41642,5747,47389,260
2023-05-22,Mariposa,043,17540,3389,360,3749,31
2023-05-22,Mendocino,045,87422,17041,4860,21901,146
2023-05-22,Merced,047,269075,78228,13069,91297,903
2023-05-22,Modoc,049,8938,985,393,1378,11
2023-05-22,Mono,051,14174,3344,310,3654,8
2023-05-22,Monterey,053,433212,98915,25000,123915,816
2023-05-22,Napa,055,140530,35045,1545,36590,176
2023-05-22,Nevada,057,99092,20464,2382,22846,139
2023-05-22,Orange,059,3164182,720841,80608,801449,8168
2023-05-22,Placer,061,380077,82423,10474,92897,685
2023-05-22,Plumas,063,18699,3866,464,4330,15
2023-05-22,Riverside,065,2383286,740623,42793,783416,6867
2023-05-22,Sacramento,067,1510023,377312,39192,416504,3601
2023-05-22,San Benito,069,59416,17863,1158,19021,116
2023-05-22,San Bernardino,071,2135413,715766,35154,750920,8139
2023-05-22,San Diego,073,3302833,995173,82640,1077813,5877
2023-05-22,San Francisco,075,870044,200132,13742,213874,1217
2023-05-22,San Joaquin,077,732212,212513,17248,229761,2457
2023-05-22,San Luis Obispo,079,281455,67092,8392,75484,578
2023-05-22,San Mateo,081,765935,186368,11346,197714,747
2023-05-22,Santa Barbara,083,443738,113382,7923,121305,769
2023-05-22,Santa Clara,085,1922200,483810,21968,505778,2815
2023-05-22,Santa Cruz,087,273765,69502,4154,73656,276
2023-05-22,Shasta,089,179085,36738,8449,45187,612
2023-05-22,Sierra,091,2930,313,61,374,5
2023-05-22,Siskiyou,093,43540,5532,3500,9032,96
2023-05-22,Solano,095,438530,115516,8893,124409,476
2023-05-22,Sonoma,097,501317,115306,5862,121168,572
2023-05-22,Stanislaus,099,539301,146707,23455,170162,1842
2023-05-22,Sutter,101,95872,26049,2555,28604,241
2023-05-22,Tehama,103,63373,14582,3479,18061,237
2023-05-22,Trinity,105,12862,1482,523,2005,24
2023-05-22,Tulare,107,460477,129637,41340,170977,1598
2023-05-22,Tuolumne,109,53932,17043,1097,18140,211
2023-05-22,Ventura,111,848112,222699,18371,241070,1703
2023-05-22,Yolo,113,214977,50648,5109,55757,454
2023-05-22,Yuba,115,75493,20266,1948,22214,134
2023-05-21,Alameda,001,1643700,386640,23160,409800,2155
2023-05-21,Alpine,002,1148,139,4,143,0
2023-05-21,Amador,005,37829,10695,1016,11711,98
2023-05-21,Butte,007,227075,42100,10552,52652,499
2023-05-21,Calaveras,009,45235,9094,649,9743,143
2023-05-21,Colusa,011,21464,4032,1396,5428,24
2023-05-21,Contra Costa,013,1133247,277578,22689,300267,1596
2023-05-21,Del Norte,015,27424,7986,494,8480,62
2023-05-21,El Dorado,017,186661,35057,4613,39670,247
2023-05-21,Fresno,019,978130,297920,35664,333584,3031
2023-05-21,Glenn,021,27897,5851,2045,7896,56
2023-05-21,Humboldt,023,135768,23594,5992,29586,171
2023-05-21,Imperial,025,180216,71724,19758,91482,983
2023-05-21,Inyo,027,18085,4825,1352,6177,63
2023-05-21,Kern,029,883053,232273,74650,306923,2499
2023-05-21,Kings,031,150075,63327,4543,67870,486
2023-05-21,Lake,033,64148,13795,1283,15078,165
2023-05-21,Lassen,035,31185,10307,1074,11381,65
2023-05-21,Los Angeles,037,10098052,3521436,224681,3746117,36095
2023-05-21,Madera,039,155013,46837,8994,55831,377
2023-05-21,Marin,041,260295,41636,5747,47383,260
2023-05-21,Mariposa,043,17540,3389,360,3749,31
2023-05-21,Mendocino,045,87422,17039,4860,21899,146
2023-05-21,Merced,047,269075,78226,13069,91295,903
2023-05-21,Modoc,049,8938,985,393,1378,11
2023-05-21,Mono,051,14174,3344,310,3654,8
2023-05-21,Monterey,053,433212,98915,25000,123915,816
2023-05-21,Napa,055,140530,35041,1545,36586,176
2023-05-21,Nevada,057,99092,20464,2382,22846,139
2023-05-21,Orange,059,3164182,720812,80608,801420,8168
2023-05-21,Placer,061,380077,82414,10474,92888,685
2023-05-21,Plumas,063,18699,3864,464,4328,15
2023-05-21,Riverside,065,2383286,740614,42793,783407,6867
2023-05-21,Sacramento,067,1510023,377281,39192,416473,3601
2023-05-21,San Benito,069,59416,17859,1158,19017,116
2023-05-21,San Bernardino,071,2135413,715759,35154,750913,8139
2023-05-21,San Diego,073,3302833,995153,82640,1077793,5877
2023-05-21,San Francisco,075,870044,200116,13742,213858,1217
2023-05-21,San Joaquin,077,732212,212494,17248,229742,2457
2023-05-21,San Luis Obispo,079,281455,67089,8392,75481,578
2023-05-21,San Mateo,081,765935,186356,11346,197702,747
2023-05-21,Santa Barbara,083,443738,113373,7923,121296,769
2023-05-21,Santa Clara,085,1922200,483777,21968,505745,2815
2023-05-21,Santa Cruz,087,273765,69501,4154,73655,276
2023-05-21,Shasta,089,179085,36738,8449,45187,612
2023-05-21,Sierra,091,2930,313,61,374,5
2023-05-21,Siskiyou,093,43540,5532,3500,9032,96
2023-05-21,Solano,095,438530,115501,8893,124394,476
2023-05-21,Sonoma,097,501317,115294,5862,121156,572
2023-05-21,Stanislaus,099,539301,146704,23455,170159,1842
2023-05-21,Sutter,101,95872,26048,2555,28603,241
2023-05-21,Tehama,103,63373,14581,3479,18060,237
2023-05-21,Trinity,105,12862,1482,523,2005,24
2023-05-21,Tulare,107,460477,129636,41340,170976,1598
2023-05-21,Tuolumne,109,53932,17043,1097,18140,211
2023-05-21,Ventura,111,848112,222689,18371,241060,1703
2023-05-21,Yolo,113,214977,50648,5109,55757,454
2023-05-21,Yuba,115,75493,20265,1948,22213,134
2023-05-20,Alameda,001,1643700,386611,23160,409771,2155
2023-05-20,Alpine,002,1148,139,4,143,0
2023-05-20,Amador,005,37829,10694,1016,11710,98
2023-05-20,Butte,007,227075,42097,10552,52649,499
2023-05-20,Calaveras,009,45235,9094,649,9743,143
2023-05-20,Colusa,011,21464,4031,1396,5427,24
2023-05-20,Contra Costa,013,1133247,277559,22689,300248,1596
2023-05-20,Del Norte,015,27424,7985,494,8479,62
2023-05-20,El Dorado,017,186661,35057,4613,39670,247
2023-05-20,Fresno,019,978130,297907,35664,333571,3031
2023-05-20,Glenn,021,27897,5851,2045,7896,56
2023-05-20,Humboldt,023,135768,23594,5992,29586,171
2023-05-20,Imperial,025,180216,71719,19758,91477,983
2023-05-20,Inyo,027,18085,4825,1352,6177,63
2023-05-20,Kern,029,883053,232270,74650,306920,2499
2023-05-20,Kings,031,150075,63327,4543,67870,486
2023-05-20,Lake,033,64148,13794,1283,15077,165
2023-05-20,Lassen,035,31185,10305,1074,11379,65
2023-05-20,Los Angeles,037,10098052,3521382,224681,3746063,36094
2023-05-20,Madera,039,155013,46835,8994,55829,377
2023-05-20,Marin,041,260295,41629,5747,47376,260
2023-05-20,Mariposa,043,17540,3388,360,3748,31
2023-05-20,Mendocino,045,87422,17038,4860,21898,146
2023-05-20,Merced,047,269075,78224,13069,91293,903
2023-05-20,Modoc,049,8938,985,393,1378,11
2023-05-20,Mono,051,14174,3344,310,3654,8
2023-05-20,Monterey,053,433212,98910,25000,123910,816
2023-05-20,Napa,055,140530,35040,1545,36585,176
2023-05-20,Nevada,057,99092,20464,2382,22846,139
2023-05-20,Orange,059,3164182,720776,80608,801384,8168
2023-05-20,Placer,061,380077,82405,10474,92879,685
2023-05-20,Plumas,063,18699,3864,464,4328,15
2023-05-20,Riverside,065,2383286,740604,42793,783397,6867
2023-05-20,Sacramento,067,1510023,377261,39192,416453,3601
2023-05-20,San Benito,069,59416,17857,1158,19015,116
2023-05-20,San Bernardino,071,2135413,715753,35154,750907,8139
2023-05-20,San Diego,073,3302833,995136,82640,1077776,5877
2023-05-20,San Francisco,075,870044,200102,13742,213844,1217
2023-05-20,San Joaquin,077,732212,212486,17248,229734,2457
2023-05-20,San Luis Obispo,079,281455,67086,8392,75478,578
2023-05-20,San Mateo,081,765935,186344,11346,197690,747
2023-05-20,Santa Barbara,083,443738,113364,7923,121287,769
2023-05-20,Santa Clara,085,1922200,483741,21968,505709,2815
2023-05-20,Santa Cruz,087,273765,69499,4154,73653,276
2023-05-20,Shasta,089,179085,36738,8449,45187,612
2023-05-20,Sierra,091,2930,313,61,374,5
2023-05-20,Siskiyou,093,43540,5532,3500,9032,96
2023-05-20,Solano,095,438530,115498,8893,124391,476
2023-05-20,Sonoma,097,501317,115285,5862,121147,572
2023-05-20,Stanislaus,099,539301,146694,23455,170149,1842
2023-05-20,Sutter,101,95872,26048,2555,28603,241
2023-05-20,Tehama,103,63373,14581,3479,18060,237
2023-05-20,Trinity,105,12862,1482,523,2005,24
2023-05-20,Tulare,107,460477,129634,41340,170974,1598
2023-05-20,Tuolumne,109,53932,17041,1097,18138,211
2023-05-20,Ventura,111,848112,222674,18371,241045,1703
2023-05-20,Yolo,113,214977,50648,5109,55757,454
2023-05-20,Yuba,115,75493,20264,1948,22212,134
2023-05-19,Alameda,001,1643700,386591,23160,409751,2155
2023-05-19,Alpine,002,1148,139,4,143,0
2023-05-19,Amador,005,37829,10693,1016,11709,98
2023-05-19,Butte,007,227075,42096,10552,52648,499
2023-05-19,Calaveras,009,45235,9093,649,9742,143
2023-05-19,Colusa,011,21464,4031,1396,5427,24
2023-05-19,Contra Costa,013,1133247,277546,22689,300235,1596
2023-05-19,Del Norte,015,27424,7985,494,8479,62
2023-05-19,El Dorado,017,186661,35055,4613,39668,247
2023-05-19,Fresno,019,978130,297892,35664,333556,3031
2023-05-19,Glenn,021,27897,5851,2045,7896,56
2023-05-19,Humboldt,023,135768,23594,5992,29586,171
2023-05-19,Imperial,025,180216,71712,19758,91470,983
2023-05-19,Inyo,027,18085,4825,1352,6177,63
2023-05-19,Kern,029,883053,232264,74650,306914,2499
2023-05-19,Kings,031,150075,63325,4543,67868,486
2023-05-19,Lake,033,64148,13794,1283,15077,165
2023-05-19,Lassen,035,31185,10305,1074,11379,65
2023-05-19,Los Angeles,037,10098052,3521279,224681,3745960,36094
2023-05-19,Madera,039,155013,46835,8994,55829,377
2023-05-19,Marin,041,260295,41623,5747,47370,260
2023-05-19,Mariposa,043,17540,3388,360,3748,31
2023-05-19,Mendocino,045,87422,17037,4860,21897,146
2023-05-19,Merced,047,269075,78220,13069,91289,903
2023-05-19,Modoc,049,8938,985,393,1378,11
2023-05-19,Mono,051,14174,3344,310,3654,8
2023-05-19,Monterey,053,433212,98906,25000,123906,816
2023-05-19,Napa,055,140530,35040,1545,36585,176
2023-05-19,Nevada,057,99092,20463,2382,22845,139
2023-05-19,Orange,059,3164182,720736,80608,801344,8168
2023-05-19,Placer,061,380077,82394,10474,92868,685
2023-05-19,Plumas,063,18699,3864,464,4328,15
2023-05-19,Riverside,065,2383286,740589,42793,783382,6867
2023-05-19,Sacramento,067,1510023,377241,39192,416433,3601
2023-05-19,San Benito,069,59416,17857,1158,19015,116
2023-05-19,San Bernardino,071,2135413,715743,35154,750897,8139
2023-05-19,San Diego,073,3302833,995105,82640,1077745,5877
2023-05-19,San Francisco,075,870044,200073,13742,213815,1217
2023-05-19,San Joaquin,077,732212,212475,17248,229723,2457
2023-05-19,San Luis Obispo,079,281455,67083,8392,75475,578
2023-05-19,San Mateo,081,765935,186333,11346,197679,747
2023-05-19,Santa Barbara,083,443738,113361,7923,121284,769
2023-05-19,Santa Clara,085,1922200,483702,21968,505670,2815
2023-05-19,Santa Cruz,087,273765,69495,4154,73649,276
2023-05-19,Shasta,089,179085,36738,8449,45187,612
2023-05-19,Sierra,091,2930,313,61,374,5
2023-05-19,Siskiyou,093,43540,5532,3500,9032,96
2023-05-19,Solano,095,438530,115494,8893,124387,476
2023-05-19,Sonoma,097,501317,115279,5862,121141,572
2023-05-19,Stanislaus,099,539301,146689,23455,170144,1842
2023-05-19,Sutter,101,95872,26046,2555,28601,241
2023-05-19,Tehama,103,63373,14580,3479,18059,237
2023-05-19,Trinity,105,12862,1482,523,2005,24
2023-05-19,Tulare,107,460477,129634,41340,170974,1598
2023-05-19,Tuolumne,109,53932,17041,1097,18138,211
2023-05-19,Ventura,111,848112,222665,18371,241036,1703
2023-05-19,Yolo,113,214977,50648,5109,55757,454
2023-05-19,Yuba,115,75493,20262,1948,22210,134
2023-05-18,Alameda,001,1643700,386552,23160,409712,2155
2023-05-18,Alpine,002,1148,139,4,143,0
2023-05-18,Amador,005,37829,10692,1016,11708,98
2023-05-18,Butte,007,227075,42095,10552,52647,499
2023-05-18,Calaveras,009,45235,9093,649,9742,143
2023-05-18,Colusa,011,21464,4031,1396,5427,24
2023-05-18,Contra Costa,013,1133247,277514,22689,300203,1596
2023-05-18,Del Norte,015,27424,7984,494,8478,62
2023-05-18,El Dorado,017,186661,35052,4613,39665,247
2023-05-18,Fresno,019,978130,297865,35664,333529,3031
2023-05-18,Glenn,021,27897,5850,2045,7895,56
2023-05-18,Humboldt,023,135768,23594,5992,29586,171
2023-05-18,Imperial,025,180216,71706,19758,91464,983
2023-05-18,Inyo,027,18085,4825,1352,6177,63
2023-05-18,Kern,029,883053,232261,74650,306911,2499
2023-05-18,Kings,031,150075,63322,4543,67865,486
2023-05-18,Lake,033,64148,13794,1283,15077,165
2023-05-18,Lassen,035,31185,10304,1074,11378,65
2023-05-18,Los Angeles,037,10098052,3521167,224681,3745848,36094
2023-05-18,Madera,039,155013,46833,8994,55827,377
2023-05-18,Marin,041,260295,41609,5747,47356,260
2023-05-18,Mariposa,043,17540,3388,360,3748,31
2023-05-18,Mendocino,045,87422,17035,4860,21895,146
2023-05-18,Merced,047,269075,78219,13069,91288,903
2023-05-18,Modoc,049,8938,985,393,1378,11
2023-05-18,Mono,051,14174,3344,310,3654,8
2023-05-18,Monterey,053,433212,98905,25000,123905,816
2023-05-18,Napa,055,140530,35039,1545,36584,176
2023-05-18,Nevada,057,99092,20463,2382,22845,139
2023-05-18,Orange,059,3164182,720686,80608,801294,8168
2023-05-18,Placer,061,380077,82381,10474,92855,685
2023-05-18,Plumas,063,18699,3864,464,4328,15
2023-05-18,Riverside,065,2383286,740561,42793,783354,6867
2023-05-18,Sacramento,067,1510023,377200,39192,416392,3601
2023-05-18,San Benito,069,59416,17857,1158,19015,116
2023-05-18,San Bernardino,071,2135413,715723,35154,750877,8139
2023-05-18,San Diego,073,3302833,995044,82640,1077684,5877
2023-05-18,San Francisco,075,870044,200055,13742,213797,1217
2023-05-18,San Joaquin,077,732212,212463,17248,229711,2457
2023-05-18,San Luis Obispo,079,281455,67078,8392,75470,578
2023-05-18,San Mateo,081,765935,186314,11346,197660,747
2023-05-18,Santa Barbara,083,443738,113345,7923,121268,769
2023-05-18,Santa Clara,085,1922200,483642,21968,505610,2815
2023-05-18,Santa Cruz,087,273765,69489,4154,73643,276
2023-05-18,Shasta,089,179085,36738,8449,45187,612
2023-05-18,Sierra,091,2930,313,61,374,5
2023-05-18,Siskiyou,093,43540,5532,3500,9032,96
2023-05-18,Solano,095,438530,115485,8893,124378,476
2023-05-18,Sonoma,097,501317,115269,5862,121131,572
2023-05-18,Stanislaus,099,539301,146676,23455,170131,1842
2023-05-18,Sutter,101,95872,26039,2555,28594,241
2023-05-18,Tehama,103,63373,14579,3479,18058,237
2023-05-18,Trinity,105,12862,1482,523,2005,24
2023-05-18,Tulare,107,460477,129629,41340,170969,1598
2023-05-18,Tuolumne,109,53932,17039,1097,18136,211
2023-05-18,Ventura,111,848112,222651,18371,241022,1703
2023-05-18,Yolo,113,214977,50648,5109,55757,454
2023-05-18,Yuba,115,75493,20260,1948,22208,134
2023-05-17,Alameda,001,1643700,386510,23160,409670,2155
2023-05-17,Alpine,002,1148,139,4,143,0
2023-05-17,Amador,005,37829,10692,1016,11708,98
2023-05-17,Butte,007,227075,42086,10552,52638,499
2023-05-17,Calaveras,009,45235,9093,649,9742,143
2023-05-17,Colusa,011,21464,4031,1396,5427,24
2023-05-17,Contra Costa,013,1133247,277482,22689,300171,1596
2023-05-17,Del Norte,015,27424,7983,494,8477,62
2023-05-17,El Dorado,017,186661,35046,4613,39659,247
2023-05-17,Fresno,019,978130,297846,35664,333510,3031
2023-05-17,Glenn,021,27897,5850,2045,7895,56
2023-05-17,Humboldt,023,135768,23589,5992,29581,171
2023-05-17,Imperial,025,180216,71700,19758,91458,983
2023-05-17,Inyo,027,18085,4825,1352,6177,63
2023-05-17,Kern,029,883053,232255,74650,306905,2499
2023-05-17,Kings,031,150075,63318,4543,67861,486
2023-05-17,Lake,033,64148,13792,1283,15075,165
2023-05-17,Lassen,035,31185,10304,1074,11378,65
2023-05-17,Los Angeles,037,10098052,3521017,224681,3745698,36090
2023-05-17,Madera,039,155013,46832,8994,55826,377
2023-05-17,Marin,041,260295,41602,5747,47349,260
2023-05-17,Mariposa,043,17540,3388,360,3748,31
2023-05-17,Mendocino,045,87422,17035,4860,21895,146
2023-05-17,Merced,047,269075,78217,13069,91286,903
2023-05-17,Modoc,049,8938,985,393,1378,11
2023-05-17,Mono,051,14174,3344,310,3654,8
2023-05-17,Monterey,053,433212,98899,25000,123899,816
2023-05-17,Napa,055,140530,35030,1545,36575,176
2023-05-17,Nevada,057,99092,20463,2382,22845,139
2023-05-17,Orange,059,3164182,720632,80608,801240,8168
2023-05-17,Placer,061,380077,82373,10474,92847,685
2023-05-17,Plumas,063,18699,3864,464,4328,15
2023-05-17,Riverside,065,2383286,740544,42793,783337,6867
2023-05-17,Sacramento,067,1510023,377159,39192,416351,3601
2023-05-17,San Benito,069,59416,17857,1158,19015,116
2023-05-17,San Bernardino,071,2135413,715695,35154,750849,8139
2023-05-17,San Diego,073,3302833,994972,82640,1077612,5877
2023-05-17,San Francisco,075,870044,200034,13742,213776,1217
2023-05-17,San Joaquin,077,732212,212438,17248,229686,2457
2023-05-17,San Luis Obispo,079,281455,67072,8392,75464,578
2023-05-17,San Mateo,081,765935,186296,11346,197642,747
2023-05-17,Santa Barbara,083,443738,113331,7923,121254,769
2023-05-17,Santa Clara,085,1922200,483592,21968,505560,2815
2023-05-17,Santa Cruz,087,273765,69484,4154,73638,276
2023-05-17,Shasta,089,179085,36738,8449,45187,612
2023-05-17,Sierra,091,2930,313,61,374,5
2023-05-17,Siskiyou,093,43540,5532,3500,9032,96
2023-05-17,Solano,095,438530,115461,8893,124354,476
2023-05-17,Sonoma,097,501317,115257,5862,121119,572
2023-05-17,Stanislaus,099,539301,146664,23455,170119,1842
2023-05-17,Sutter,101,95872,26036,2555,28591,241
2023-05-17,Tehama,103,63373,14577,3479,18056,237
2023-05-17,Trinity,105,12862,1482,523,2005,24
2023-05-17,Tulare,107,460477,129623,41340,170963,1598
2023-05-17,Tuolumne,109,53932,17039,1097,18136,211
2023-05-17,Ventura,111,848112,222630,18371,241001,1703
2023-05-17,Yolo,113,214977,50647,5109,55756,454
2023-05-17,Yuba,115,75493,20258,1948,22206,134
2023-05-16,Alameda,001,1643700,386455,23160,409615,2155
2023-05-16,Alpine,002,1148,139,4,143,0
2023-05-16,Amador,005,37829,10692,1016,11708,98
2023-05-16,Butte,007,227075,42082,10552,52634,499
2023-05-16,Calaveras,009,45235,9093,649,9742,143
2023-05-16,Colusa,011,21464,4031,1396,5427,24
2023-05-16,Contra Costa,013,1133247,277443,22689,300132,1596
2023-05-16,Del Norte,015,27424,7981,494,8475,62
2023-05-16,El Dorado,017,186661,35042,4613,39655,247
2023-05-16,Fresno,019,978130,297822,35664,333486,3031
2023-05-16,Glenn,021,27897,5848,2045,7893,56
2023-05-16,Humboldt,023,135768,23589,5992,29581,171
2023-05-16,Imperial,025,180216,71691,19758,91449,983
2023-05-16,Inyo,027,18085,4825,1352,6177,63
2023-05-16,Kern,029,883053,232246,74650,306896,2499
2023-05-16,Kings,031,150075,63308,4543,67851,486
2023-05-16,Lake,033,64148,13791,1283,15074,165
2023-05-16,Lassen,035,31185,10303,1074,11377,65
2023-05-16,Los Angeles,037,10098052,3520848,224681,3745529,36090
2023-05-16,Madera,039,155013,46829,8994,55823,377
2023-05-16,Marin,041,260295,41593,5747,47340,260
2023-05-16,Mariposa,043,17540,3387,360,3747,31
2023-05-16,Mendocino,045,87422,17035,4860,21895,146
2023-05-16,Merced,047,269075,78213,13069,91282,903
2023-05-16,Modoc,049,8938,985,393,1378,11
2023-05-16,Mono,051,14174,3344,310,3654,8
2023-05-16,Monterey,053,433212,98893,25000,123893,816
2023-05-16,Napa,055,140530,35026,1545,36571,176
2023-05-16,Nevada,057,99092,20463,2382,22845,139
2023-05-16,Orange,059,3164182,720572,80608,801180,8168
2023-05-16,Placer,061,380077,82358,10474,92832,685
2023-05-16,Plumas,063,18699,3864,464,4328,15
2023-05-16,Riverside,065,2383286,740515,42793,783308,6867
2023-05-16,Sacramento,067,1510023,377101,39192,416293,3601
2023-05-16,San Benito,069,59416,17856,1158,19014,116
2023-05-16,San Bernardino,071,2135413,715643,35154,750797,8139
2023-05-16,San Diego,073,3302833,994892,82640,1077532,5877
2023-05-16,San Francisco,075,870044,200010,13742,213752,1217
2023-05-16,San Joaquin,077,732212,212424,17248,229672,2457
2023-05-16,San Luis Obispo,079,281455,67064,8392,75456,578
2023-05-16,San Mateo,081,765935,186270,11346,197616,747
2023-05-16,Santa Barbara,083,443738,113317,7923,121240,769
2023-05-16,Santa Clara,085,1922200,483541,21968,505509,2815
2023-05-16,Santa Cruz,087,273765,69480,4154,73634,276
2023-05-16,Shasta,089,179085,36736,8449,45185,612
2023-05-16,Sierra,091,2930,313,61,374,5
2023-05-16,Siskiyou,093,43540,5532,3500,9032,96
2023-05-16,Solano,095,438530,115446,8893,124339,476
2023-05-16,Sonoma,097,501317,115246,5862,121108,572
2023-05-16,Stanislaus,099,539301,146650,23455,170105,1842
2023-05-16,Sutter,101,95872,26031,2555,28586,241
2023-05-16,Tehama,103,63373,14576,3479,18055,237
2023-05-16,Trinity,105,12862,1482,523,2005,24
2023-05-16,Tulare,107,460477,129614,41340,170954,1598
2023-05-16,Tuolumne,109,53932,17037,1097,18134,211
2023-05-16,Ventura,111,848112,222605,18371,240976,1703
2023-05-16,Yolo,113,214977,50634,5109,55743,454
2023-05-16,Yuba,115,75493,20258,1948,22206,134
2023-05-15,Alameda,001,1643700,386389,23160,409549,2155
2023-05-15,Alpine,002,1148,139,4,143,0
2023-05-15,Amador,005,37829,10692,1016,11708,98
2023-05-15,Butte,007,227075,42077,10552,52629,499
2023-05-15,Calaveras,009,45235,9092,649,9741,143
2023-05-15,Colusa,011,21464,4030,1396,5426,24
2023-05-15,Contra Costa,013,1133247,277396,22689,300085,1596
2023-05-15,Del Norte,015,27424,7980,494,8474,62
2023-05-15,El Dorado,017,186661,35038,4613,39651,247
2023-05-15,Fresno,019,978130,297796,35664,333460,3031
2023-05-15,Glenn,021,27897,5848,2045,7893,56
2023-05-15,Humboldt,023,135768,23586,5992,29578,171
2023-05-15,Imperial,025,180216,71681,19758,91439,983
2023-05-15,Inyo,027,18085,4825,1352,6177,63
2023-05-15,Kern,029,883053,232231,74650,306881,2499
2023-05-15,Kings,031,150075,63302,4543,67845,486
2023-05-15,Lake,033,64148,13790,1283,15073,165
2023-05-15,Lassen,035,31185,10301,1074,11375,65
2023-05-15,Los Angeles,037,10098052,3520630,224681,3745311,36089
2023-05-15,Madera,039,155013,46826,8994,55820,377
2023-05-15,Marin,041,260295,41584,5747,47331,260
2023-05-15,Mariposa,043,17540,3387,360,3747,31
2023-05-15,Mendocino,045,87422,17034,4860,21894,146
2023-05-15,Merced,047,269075,78209,13069,91278,903
2023-05-15,Modoc,049,8938,985,393,1378,11
2023-05-15,Mono,051,14174,3344,310,3654,8
2023-05-15,Monterey,053,433212,98891,25000,123891,816
2023-05-15,Napa,055,140530,35020,1545,36565,176
2023-05-15,Nevada,057,99092,20462,2382,22844,139
2023-05-15,Orange,059,3164182,720509,80608,801117,8168
2023-05-15,Placer,061,380077,82346,10474,92820,685
2023-05-15,Plumas,063,18699,3864,464,4328,15
2023-05-15,Riverside,065,2383286,740484,42793,783277,6867
2023-05-15,Sacramento,067,1510023,377047,39192,416239,3600
2023-05-15,San Benito,069,59416,17854,1158,19012,116
2023-05-15,San Bernardino,071,2135413,715610,35154,750764,8139
2023-05-15,San Diego,073,3302833,994817,82640,1077457,5876
2023-05-15,San Francisco,075,870044,199979,13742,213721,1217
2023-05-15,San Joaquin,077,732212,212407,17248,229655,2457
2023-05-15,San Luis Obispo,079,281455,67054,8392,75446,578
2023-05-15,San Mateo,081,765935,186249,11346,197595,747
2023-05-15,Santa Barbara,083,443738,113306,7923,121229,769
2023-05-15,Santa Clara,085,1922200,483485,21968,505453,2815
2023-05-15,Santa Cruz,087,273765,69468,4154,73622,276
2023-05-15,Shasta,089,179085,36733,8449,45182,612
2023-05-15,Sierra,091,2930,313,61,374,5
2023-05-15,Siskiyou,093,43540,5532,3500,9032,96
2023-05-15,Solano,095,438530,115436,8893,124329,476
2023-05-15,Sonoma,097,501317,115235,5862,121097,572
2023-05-15,Stanislaus,099,539301,146631,23455,170086,1842
2023-05-15,Sutter,101,95872,26025,2555,28580,241
2023-05-15,Tehama,103,63373,14575,3479,18054,237
2023-05-15,Trinity,105,12862,1482,523,2005,24
2023-05-15,Tulare,107,460477,129608,41340,170948,1598
2023-05-15,Tuolumne,109,53932,17037,1097,18134,211
2023-05-15,Ventura,111,848112,222594,18371,240965,1703
2023-05-15,Yolo,113,214977,50628,5109,55737,454
2023-05-15,Yuba,115,75493,20256,1948,22204,134
2023-05-14,Alameda,001,1643700,386303,23157,409460,2155
2023-05-14,Alpine,002,1148,139,4,143,0
2023-05-14,Amador,005,37829,10691,1016,11707,98
2023-05-14,Butte,007,227075,42070,10546,52616,499
2023-05-14,Calaveras,009,45235,9092,649,9741,143
2023-05-14,Colusa,011,21464,4030,1396,5426,24
2023-05-14,Contra Costa,013,1133247,277346,22688,300034,1596
2023-05-14,Del Norte,015,27424,7979,494,8473,62
2023-05-14,El Dorado,017,186661,35034,4612,39646,247
2023-05-14,Fresno,019,978130,297764,35663,333427,3031
2023-05-14,Glenn,021,27897,5845,2045,7890,56
2023-05-14,Humboldt,023,135768,23583,5992,29575,171
2023-05-14,Imperial,025,180216,71662,19753,91415,983
2023-05-14,Inyo,027,18085,4825,1350,6175,63
2023-05-14,Kern,029,883053,232215,74649,306864,2499
2023-05-14,Kings,031,150075,63299,4541,67840,486
2023-05-14,Lake,033,64148,13788,1283,15071,165
2023-05-14,Lassen,035,31185,10299,1074,11373,65
2023-05-14,Los Angeles,037,10098052,3520366,224680,3745046,36088
2023-05-14,Madera,039,155013,46820,8992,55812,377
2023-05-14,Marin,041,260295,41580,5746,47326,260
2023-05-14,Mariposa,043,17540,3386,360,3746,31
2023-05-14,Mendocino,045,87422,17033,4859,21892,146
2023-05-14,Merced,047,269075,78203,13069,91272,903
2023-05-14,Modoc,049,8938,985,393,1378,11
2023-05-14,Mono,051,14174,3344,310,3654,8
2023-05-14,Monterey,053,433212,98886,24993,123879,815
2023-05-14,Napa,055,140530,35012,1545,36557,176
2023-05-14,Nevada,057,99092,20460,2382,22842,139
2023-05-14,Orange,059,3164182,720427,80583,801010,8168
2023-05-14,Placer,061,380077,82331,10473,92804,685
2023-05-14,Plumas,063,18699,3864,464,4328,15
2023-05-14,Riverside,065,2383286,740453,42782,783235,6867
2023-05-14,Sacramento,067,1510023,376993,39175,416168,3600
2023-05-14,San Benito,069,59416,17852,1158,19010,116
2023-05-14,San Bernardino,071,2135413,715557,35147,750704,8139
2023-05-14,San Diego,073,3302833,994724,82635,1077359,5876
2023-05-14,San Francisco,075,870044,199947,13742,213689,1217
2023-05-14,San Joaquin,077,732212,212386,17246,229632,2457
2023-05-14,San Luis Obispo,079,281455,67044,8392,75436,578
2023-05-14,San Mateo,081,765935,186219,11344,197563,747
2023-05-14,Santa Barbara,083,443738,113296,7920,121216,769
2023-05-14,Santa Clara,085,1922200,483413,21953,505366,2815
2023-05-14,Santa Cruz,087,273765,69455,4152,73607,276
2023-05-14,Shasta,089,179085,36732,8448,45180,612
2023-05-14,Sierra,091,2930,313,61,374,5
2023-05-14,Siskiyou,093,43540,5532,3500,9032,96
2023-05-14,Solano,095,438530,115421,8893,124314,476
2023-05-14,Sonoma,097,501317,115221,5862,121083,572
2023-05-14,Stanislaus,099,539301,146620,23447,170067,1842
2023-05-14,Sutter,101,95872,26022,2555,28577,241
2023-05-14,Tehama,103,63373,14575,3479,18054,237
2023-05-14,Trinity,105,12862,1482,523,2005,24
2023-05-14,Tulare,107,460477,129602,41331,170933,1598
2023-05-14,Tuolumne,109,53932,17036,1097,18133,211
2023-05-14,Ventura,111,848112,222574,18367,240941,1703
2023-05-14,Yolo,113,214977,50625,5106,55731,454
2023-05-14,Yuba,115,75493,20253,1948,22201,134
2023-05-13,Alameda,001,1643700,386263,23153,409416,2155
2023-05-13,Alpine,002,1148,139,4,143,0
2023-05-13,Amador,005,37829,10691,1016,11707,98
2023-05-13,Butte,007,227075,42067,10542,52609,499
2023-05-13,Calaveras,009,45235,9092,649,9741,143
2023-05-13,Colusa,011,21464,4030,1396,5426,24
2023-05-13,Contra Costa,013,1133247,277314,22688,300002,1596
2023-05-13,Del Norte,015,27424,7977,494,8471,62
2023-05-13,El Dorado,017,186661,35030,4611,39641,247
2023-05-13,Fresno,019,978130,297747,35663,333410,3031
2023-05-13,Glenn,021,27897,5844,2045,7889,56
2023-05-13,Humboldt,023,135768,23581,5992,29573,171
2023-05-13,Imperial,025,180216,71655,19753,91408,983
2023-05-13,Inyo,027,18085,4825,1350,6175,63
2023-05-13,Kern,029,883053,232209,74649,306858,2499
2023-05-13,Kings,031,150075,63296,4541,67837,486
2023-05-13,Lake,033,64148,13788,1283,15071,165
2023-05-13,Lassen,035,31185,10299,1074,11373,65
2023-05-13,Los Angeles,037,10098052,3520252,224662,3744914,36086
2023-05-13,Madera,039,155013,46819,8992,55811,377
2023-05-13,Marin,041,260295,41574,5746,47320,260
2023-05-13,Mariposa,043,17540,3385,360,3745,31
2023-05-13,Mendocino,045,87422,17032,4859,21891,146
2023-05-13,Merced,047,269075,78202,13069,91271,903
2023-05-13,Modoc,049,8938,985,393,1378,11
2023-05-13,Mono,051,14174,3344,310,3654,8
2023-05-13,Monterey,053,433212,98882,24987,123869,815
2023-05-13,Napa,055,140530,35012,1545,36557,176
2023-05-13,Nevada,057,99092,20458,2382,22840,139
2023-05-13,Orange,059,3164182,720384,80556,800940,8168
2023-05-13,Placer,061,380077,82324,10473,92797,685
2023-05-13,Plumas,063,18699,3864,464,4328,15
2023-05-13,Riverside,065,2383286,740435,42776,783211,6867
2023-05-13,Sacramento,067,1510023,376959,39173,416132,3600
2023-05-13,San Benito,069,59416,17851,1157,19008,116
2023-05-13,San Bernardino,071,2135413,715534,35145,750679,8139
2023-05-13,San Diego,073,3302833,994667,82629,1077296,5876
2023-05-13,San Francisco,075,870044,199926,13742,213668,1217
2023-05-13,San Joaquin,077,732212,212373,17245,229618,2457
2023-05-13,San Luis Obispo,079,281455,67038,8391,75429,578
2023-05-13,San Mateo,081,765935,186207,11343,197550,747
2023-05-13,Santa Barbara,083,443738,113283,7920,121203,769
2023-05-13,Santa Clara,085,1922200,483365,21950,505315,2815
2023-05-13,Santa Cruz,087,273765,69447,4151,73598,276
2023-05-13,Shasta,089,179085,36729,8448,45177,612
2023-05-13,Sierra,091,2930,313,61,374,5
2023-05-13,Siskiyou,093,43540,5531,3500,9031,96
2023-05-13,Solano,095,438530,115417,8892,124309,476
2023-05-13,Sonoma,097,501317,115214,5862,121076,572
2023-05-13,Stanislaus,099,539301,146611,23447,170058,1842
2023-05-13,Sutter,101,95872,26018,2555,28573,241
2023-05-13,Tehama,103,63373,14575,3478,18053,237
2023-05-13,Trinity,105,12862,1482,523,2005,24
2023-05-13,Tulare,107,460477,129600,41329,170929,1598
2023-05-13,Tuolumne,109,53932,17036,1097,18133,211
2023-05-13,Ventura,111,848112,222563,18366,240929,1703
2023-05-13,Yolo,113,214977,50620,5105,55725,454
2023-05-13,Yuba,115,75493,20252,1948,22200,134
2023-05-12,Alameda,001,1643700,386222,23151,409373,2155
2023-05-12,Alpine,002,1148,139,4,143,0
2023-05-12,Amador,005,37829,10691,1016,11707,98
2023-05-12,Butte,007,227075,42065,10538,52603,499
2023-05-12,Calaveras,009,45235,9092,649,9741,143
2023-05-12,Colusa,011,21464,4030,1396,5426,24
2023-05-12,Contra Costa,013,1133247,277282,22686,299968,1596
2023-05-12,Del Norte,015,27424,7975,494,8469,62
2023-05-12,El Dorado,017,186661,35027,4611,39638,247
2023-05-12,Fresno,019,978130,297733,35662,333395,3031
2023-05-12,Glenn,021,27897,5844,2045,7889,56
2023-05-12,Humboldt,023,135768,23581,5992,29573,171
2023-05-12,Imperial,025,180216,71650,19751,91401,983
2023-05-12,Inyo,027,18085,4825,1350,6175,63
2023-05-12,Kern,029,883053,232203,74644,306847,2499
2023-05-12,Kings,031,150075,63295,4541,67836,486
2023-05-12,Lake,033,64148,13788,1283,15071,165
2023-05-12,Lassen,035,31185,10299,1074,11373,65
2023-05-12,Los Angeles,037,10098052,3520121,224638,3744759,36085
2023-05-12,Madera,039,155013,46818,8992,55810,377
2023-05-12,Marin,041,260295,41568,5746,47314,260
2023-05-12,Mariposa,043,17540,3385,360,3745,31
2023-05-12,Mendocino,045,87422,17030,4859,21889,146
2023-05-12,Merced,047,269075,78199,13069,91268,903
2023-05-12,Modoc,049,8938,985,393,1378,11
2023-05-12,Mono,051,14174,3344,310,3654,8
2023-05-12,Monterey,053,433212,98881,24984,123865,814
2023-05-12,Napa,055,140530,35010,1545,36555,176
2023-05-12,Nevada,057,99092,20456,2382,22838,139
2023-05-12,Orange,059,3164182,720349,80539,800888,8168
2023-05-12,Placer,061,380077,82312,10473,92785,685
2023-05-12,Plumas,063,18699,3864,464,4328,15
2023-05-12,Riverside,065,2383286,740416,42771,783187,6867
2023-05-12,Sacramento,067,1510023,376924,39171,416095,3600
2023-05-12,San Benito,069,59416,17849,1157,19006,116
2023-05-12,San Bernardino,071,2135413,715512,35144,750656,8139
2023-05-12,San Diego,073,3302833,994610,82628,1077238,5876
2023-05-12,San Francisco,075,870044,199907,13739,213646,1217
2023-05-12,San Joaquin,077,732212,212356,17245,229601,2457
2023-05-12,San Luis Obispo,079,281455,67033,8390,75423,578
2023-05-12,San Mateo,081,765935,186181,11343,197524,747
2023-05-12,Santa Barbara,083,443738,113270,7920,121190,769
2023-05-12,Santa Clara,085,1922200,483304,21946,505250,2815
2023-05-12,Santa Cruz,087,273765,69440,4150,73590,276
2023-05-12,Shasta,089,179085,36727,8447,45174,612
2023-05-12,Sierra,091,2930,313,61,374,5
2023-05-12,Siskiyou,093,43540,5531,3500,9031,96
2023-05-12,Solano,095,438530,115413,8891,124304,476
2023-05-12,Sonoma,097,501317,115206,5862,121068,572
2023-05-12,Stanislaus,099,539301,146601,23446,170047,1842
2023-05-12,Sutter,101,95872,26016,2555,28571,241
2023-05-12,Tehama,103,63373,14574,3478,18052,237
2023-05-12,Trinity,105,12862,1482,523,2005,24
2023-05-12,Tulare,107,460477,129600,41322,170922,1598
2023-05-12,Tuolumne,109,53932,17036,1097,18133,211
2023-05-12,Ventura,111,848112,222550,18362,240912,1703
2023-05-12,Yolo,113,214977,50616,5105,55721,454
2023-05-12,Yuba,115,75493,20251,1948,22199,134
2023-05-11,Alameda,001,1643700,386150,23138,409288,2155
2023-05-11,Alpine,002,1148,139,4,143,0
2023-05-11,Amador,005,37829,10691,1016,11707,98
2023-05-11,Butte,007,227075,42062,10534,52596,499
2023-05-11,Calaveras,009,45235,9091,649,9740,143
2023-05-11,Colusa,011,21464,4030,1396,5426,24
2023-05-11,Contra Costa,013,1133247,277236,22684,299920,1596
2023-05-11,Del Norte,015,27424,7975,494,8469,62
2023-05-11,El Dorado,017,186661,35019,4611,39630,247
2023-05-11,Fresno,019,978130,297707,35660,333367,3031
2023-05-11,Glenn,021,27897,5844,2044,7888,56
2023-05-11,Humboldt,023,135768,23579,5990,29569,171
2023-05-11,Imperial,025,180216,71645,19748,91393,983
2023-05-11,Inyo,027,18085,4824,1350,6174,63
2023-05-11,Kern,029,883053,232191,74638,306829,2499
2023-05-11,Kings,031,150075,63291,4541,67832,486
2023-05-11,Lake,033,64148,13787,1283,15070,165
2023-05-11,Lassen,035,31185,10298,1074,11372,65
2023-05-11,Los Angeles,037,10098052,3519900,224604,3744504,36081
2023-05-11,Madera,039,155013,46813,8991,55804,377
2023-05-11,Marin,041,260295,41558,5745,47303,260
2023-05-11,Mariposa,043,17540,3385,360,3745,31
2023-05-11,Mendocino,045,87422,17030,4859,21889,146
2023-05-11,Merced,047,269075,78190,13069,91259,903
2023-05-11,Modoc,049,8938,985,393,1378,11
2023-05-11,Mono,051,14174,3344,310,3654,8
2023-05-11,Monterey,053,433212,98877,24978,123855,814
2023-05-11,Napa,055,140530,35006,1545,36551,176
2023-05-11,Nevada,057,99092,20453,2382,22835,139
2023-05-11,Orange,059,3164182,720299,80516,800815,8168
2023-05-11,Placer,061,380077,82296,10473,92769,685
2023-05-11,Plumas,063,18699,3864,464,4328,15
2023-05-11,Riverside,065,2383286,740377,42761,783138,6867
2023-05-11,Sacramento,067,1510023,376853,39162,416015,3600
2023-05-11,San Benito,069,59416,17848,1157,19005,116
2023-05-11,San Bernardino,071,2135413,715481,35140,750621,8139
2023-05-11,San Diego,073,3302833,994536,82619,1077155,5876
2023-05-11,San Francisco,075,870044,199884,13731,213615,1217
2023-05-11,San Joaquin,077,732212,212330,17243,229573,2457
2023-05-11,San Luis Obispo,079,281455,67028,8389,75417,578
2023-05-11,San Mateo,081,765935,186164,11343,197507,747
2023-05-11,Santa Barbara,083,443738,113256,7919,121175,769
2023-05-11,Santa Clara,085,1922200,483242,21939,505181,2815
2023-05-11,Santa Cruz,087,273765,69428,4150,73578,276
2023-05-11,Shasta,089,179085,36724,8447,45171,612
2023-05-11,Sierra,091,2930,313,61,374,5
2023-05-11,Siskiyou,093,43540,5529,3500,9029,96
2023-05-11,Solano,095,438530,115403,8891,124294,476
2023-05-11,Sonoma,097,501317,115188,5861,121049,572
2023-05-11,Stanislaus,099,539301,146589,23440,170029,1842
2023-05-11,Sutter,101,95872,26010,2555,28565,241
2023-05-11,Tehama,103,63373,14572,3476,18048,237
2023-05-11,Trinity,105,12862,1481,522,2003,24
2023-05-11,Tulare,107,460477,129597,41317,170914,1598
2023-05-11,Tuolumne,109,53932,17034,1097,18131,211
2023-05-11,Ventura,111,848112,222528,18355,240883,1703
2023-05-11,Yolo,113,214977,50612,5104,55716,454
2023-05-11,Yuba,115,75493,20247,1948,22195,134
2023-05-10,Alameda,001,1643700,386081,23126,409207,2154
2023-05-10,Alpine,002,1148,139,4,143,0
2023-05-10,Amador,005,37829,10691,1016,11707,98
2023-05-10,Butte,007,227075,42044,10528,52572,499
2023-05-10,Calaveras,009,45235,9091,649,9740,143
2023-05-10,Colusa,011,21464,4029,1396,5425,24
2023-05-10,Contra Costa,013,1133247,277183,22681,299864,1596
2023-05-10,Del Norte,015,27424,7974,494,8468,62
2023-05-10,El Dorado,017,186661,35015,4608,39623,247
2023-05-10,Fresno,019,978130,297691,35656,333347,3031
2023-05-10,Glenn,021,27897,5844,2044,7888,56
2023-05-10,Humboldt,023,135768,23576,5989,29565,171
2023-05-10,Imperial,025,180216,71629,19742,91371,983
2023-05-10,Inyo,027,18085,4822,1350,6172,63
2023-05-10,Kern,029,883053,232183,74634,306817,2499
2023-05-10,Kings,031,150075,63285,4541,67826,486
2023-05-10,Lake,033,64148,13783,1283,15066,165
2023-05-10,Lassen,035,31185,10295,1074,11369,65
2023-05-10,Los Angeles,037,10098052,3519594,224569,3744163,36078
2023-05-10,Madera,039,155013,46808,8988,55796,377
2023-05-10,Marin,041,260295,41550,5744,47294,260
2023-05-10,Mariposa,043,17540,3385,360,3745,31
2023-05-10,Mendocino,045,87422,17029,4859,21888,146
2023-05-10,Merced,047,269075,78186,13069,91255,903
2023-05-10,Modoc,049,8938,985,393,1378,11
2023-05-10,Mono,051,14174,3344,310,3654,8
2023-05-10,Monterey,053,433212,98870,24973,123843,814
2023-05-10,Napa,055,140530,35002,1544,36546,176
2023-05-10,Nevada,057,99092,20452,2382,22834,139
2023-05-10,Orange,059,3164182,720224,80487,800711,8168
2023-05-10,Placer,061,380077,82283,10472,92755,685
2023-05-10,Plumas,063,18699,3862,464,4326,15
2023-05-10,Riverside,065,2383286,740335,42760,783095,6867
2023-05-10,Sacramento,067,1510023,376795,39154,415949,3600
2023-05-10,San Benito,069,59416,17848,1157,19005,116
2023-05-10,San Bernardino,071,2135413,715418,35135,750553,8139
2023-05-10,San Diego,073,3302833,994456,82605,1077061,5876
2023-05-10,San Francisco,075,870044,199854,13730,213584,1217
2023-05-10,San Joaquin,077,732212,212300,17238,229538,2457
2023-05-10,San Luis Obispo,079,281455,67023,8389,75412,578
2023-05-10,San Mateo,081,765935,186136,11341,197477,747
2023-05-10,Santa Barbara,083,443738,113247,7915,121162,769
2023-05-10,Santa Clara,085,1922200,483173,21930,505103,2815
2023-05-10,Santa Cruz,087,273765,69424,4149,73573,276
2023-05-10,Shasta,089,179085,36720,8447,45167,612
2023-05-10,Sierra,091,2930,313,61,374,5
2023-05-10,Siskiyou,093,43540,5526,3500,9026,96
2023-05-10,Solano,095,438530,115392,8890,124282,476
2023-05-10,Sonoma,097,501317,115169,5861,121030,572
2023-05-10,Stanislaus,099,539301,146571,23438,170009,1842
2023-05-10,Sutter,101,95872,26006,2555,28561,241
2023-05-10,Tehama,103,63373,14572,3476,18048,237
2023-05-10,Trinity,105,12862,1481,516,1997,24
2023-05-10,Tulare,107,460477,129588,41314,170902,1598
2023-05-10,Tuolumne,109,53932,17034,1097,18131,211
2023-05-10,Ventura,111,848112,222513,18352,240865,1703
2023-05-10,Yolo,113,214977,50608,5103,55711,454
2023-05-10,Yuba,115,75493,20245,1947,22192,134
2023-05-09,Alameda,001,1643700,386009,23121,409130,2154
2023-05-09,Alpine,002,1148,139,4,143,0
2023-05-09,Amador,005,37829,10690,1016,11706,98
2023-05-09,Butte,007,227075,42023,10526,52549,499
2023-05-09,Calaveras,009,45235,9088,648,9736,143
2023-05-09,Colusa,011,21464,4029,1396,5425,24
2023-05-09,Contra Costa,013,1133247,277141,22679,299820,1596
2023-05-09,Del Norte,015,27424,7974,494,8468,62
2023-05-09,El Dorado,017,186661,35008,4607,39615,247
2023-05-09,Fresno,019,978130,297665,35650,333315,3031
2023-05-09,Glenn,021,27897,5844,2044,7888,56
2023-05-09,Humboldt,023,135768,23575,5987,29562,171
2023-05-09,Imperial,025,180216,71620,19730,91350,983
2023-05-09,Inyo,027,18085,4820,1349,6169,63
2023-05-09,Kern,029,883053,232169,74620,306789,2499
2023-05-09,Kings,031,150075,63279,4540,67819,486
2023-05-09,Lake,033,64148,13779,1283,15062,165
2023-05-09,Lassen,035,31185,10295,1074,11369,65
2023-05-09,Los Angeles,037,10098052,3519285,224521,3743806,36076
2023-05-09,Madera,039,155013,46804,8986,55790,377
2023-05-09,Marin,041,260295,41541,5741,47282,260
2023-05-09,Mariposa,043,17540,3385,360,3745,31
2023-05-09,Mendocino,045,87422,17029,4859,21888,146
2023-05-09,Merced,047,269075,78182,13068,91250,903
2023-05-09,Modoc,049,8938,985,393,1378,11
2023-05-09,Mono,051,14174,3344,308,3652,8
2023-05-09,Monterey,053,433212,98864,24963,123827,814
2023-05-09,Napa,055,140530,34999,1543,36542,176
2023-05-09,Nevada,057,99092,20447,2382,22829,139
2023-05-09,Orange,059,3164182,720153,80467,800620,8167
2023-05-09,Placer,061,380077,82274,10471,92745,685
2023-05-09,Plumas,063,18699,3862,464,4326,15
2023-05-09,Riverside,065,2383286,740282,42752,783034,6867
2023-05-09,Sacramento,067,1510023,376727,39142,415869,3600
2023-05-09,San Benito,069,59416,17845,1157,19002,116
2023-05-09,San Bernardino,071,2135413,715375,35125,750500,8139
2023-05-09,San Diego,073,3302833,994363,82592,1076955,5876
2023-05-09,San Francisco,075,870044,199831,13725,213556,1217
2023-05-09,San Joaquin,077,732212,212277,17234,229511,2457
2023-05-09,San Luis Obispo,079,281455,67016,8385,75401,578
2023-05-09,San Mateo,081,765935,186102,11339,197441,747
2023-05-09,Santa Barbara,083,443738,113235,7914,121149,769
2023-05-09,Santa Clara,085,1922200,483100,21922,505022,2815
2023-05-09,Santa Cruz,087,273765,69417,4148,73565,276
2023-05-09,Shasta,089,179085,36720,8447,45167,612
2023-05-09,Sierra,091,2930,313,61,374,5
2023-05-09,Siskiyou,093,43540,5525,3500,9025,96
2023-05-09,Solano,095,438530,115378,8890,124268,476
2023-05-09,Sonoma,097,501317,115159,5860,121019,572
2023-05-09,Stanislaus,099,539301,146546,23437,169983,1842
2023-05-09,Sutter,101,95872,26004,2555,28559,241
2023-05-09,Tehama,103,63373,14570,3475,18045,237
2023-05-09,Trinity,105,12862,1481,513,1994,24
2023-05-09,Tulare,107,460477,129585,41305,170890,1598
2023-05-09,Tuolumne,109,53932,17033,1094,18127,211
2023-05-09,Ventura,111,848112,222499,18348,240847,1703
2023-05-09,Yolo,113,214977,50604,5103,55707,454
2023-05-09,Yuba,115,75493,20240,1941,22181,134
2023-05-08,Alameda,001,1643700,385943,23114,409057,2154
2023-05-08,Alpine,002,1148,139,4,143,0
2023-05-08,Amador,005,37829,10690,1016,11706,98
2023-05-08,Butte,007,227075,42018,10526,52544,499
2023-05-08,Calaveras,009,45235,9088,647,9735,143
2023-05-08,Colusa,011,21464,4027,1396,5423,24
2023-05-08,Contra Costa,013,1133247,277105,22672,299777,1596
2023-05-08,Del Norte,015,27424,7973,494,8467,62
2023-05-08,El Dorado,017,186661,35005,4606,39611,247
2023-05-08,Fresno,019,978130,297631,35649,333280,3031
2023-05-08,Glenn,021,27897,5842,2044,7886,56
2023-05-08,Humboldt,023,135768,23573,5985,29558,171
2023-05-08,Imperial,025,180216,71604,19728,91332,983
2023-05-08,Inyo,027,18085,4820,1348,6168,63
2023-05-08,Kern,029,883053,232155,74601,306756,2499
2023-05-08,Kings,031,150075,63272,4540,67812,486
2023-05-08,Lake,033,64148,13778,1283,15061,165
2023-05-08,Lassen,035,31185,10295,1074,11369,65
2023-05-08,Los Angeles,037,10098052,3518961,224464,3743425,36076
2023-05-08,Madera,039,155013,46800,8983,55783,377
2023-05-08,Marin,041,260295,41525,5741,47266,260
2023-05-08,Mariposa,043,17540,3385,360,3745,31
2023-05-08,Mendocino,045,87422,17029,4859,21888,146
2023-05-08,Merced,047,269075,78171,13068,91239,903
2023-05-08,Modoc,049,8938,982,393,1375,11
2023-05-08,Mono,051,14174,3344,308,3652,8
2023-05-08,Monterey,053,433212,98860,24955,123815,814
2023-05-08,Napa,055,140530,34988,1542,36530,176
2023-05-08,Nevada,057,99092,20446,2382,22828,139
2023-05-08,Orange,059,3164182,720078,80440,800518,8167
2023-05-08,Placer,061,380077,82267,10469,92736,685
2023-05-08,Plumas,063,18699,3862,464,4326,15
2023-05-08,Riverside,065,2383286,740226,42738,782964,6866
2023-05-08,Sacramento,067,1510023,376665,39130,415795,3600
2023-05-08,San Benito,069,59416,17841,1156,18997,116
2023-05-08,San Bernardino,071,2135413,715320,35121,750441,8139
2023-05-08,San Diego,073,3302833,994264,82570,1076834,5876
2023-05-08,San Francisco,075,870044,199804,13715,213519,1217
2023-05-08,San Joaquin,077,732212,212252,17221,229473,2457
2023-05-08,San Luis Obispo,079,281455,67010,8383,75393,578
2023-05-08,San Mateo,081,765935,186076,11334,197410,747
2023-05-08,Santa Barbara,083,443738,113226,7910,121136,769
2023-05-08,Santa Clara,085,1922200,483029,21910,504939,2815
2023-05-08,Santa Cruz,087,273765,69413,4146,73559,276
2023-05-08,Shasta,089,179085,36718,8447,45165,612
2023-05-08,Sierra,091,2930,313,61,374,5
2023-05-08,Siskiyou,093,43540,5524,3499,9023,96
2023-05-08,Solano,095,438530,115366,8884,124250,476
2023-05-08,Sonoma,097,501317,115139,5860,120999,572
2023-05-08,Stanislaus,099,539301,146528,23422,169950,1842
2023-05-08,Sutter,101,95872,25999,2555,28554,241
2023-05-08,Tehama,103,63373,14567,3475,18042,237
2023-05-08,Trinity,105,12862,1481,512,1993,24
2023-05-08,Tulare,107,460477,129579,41296,170875,1598
2023-05-08,Tuolumne,109,53932,17033,1092,18125,211
2023-05-08,Ventura,111,848112,222484,18345,240829,1703
2023-05-08,Yolo,113,214977,50594,5099,55693,454
2023-05-08,Yuba,115,75493,20238,1939,22177,134
2023-05-07,Alameda,001,1643700,385861,23109,408970,2154
2023-05-07,Alpine,002,1148,139,4,143,0
2023-05-07,Amador,005,37829,10689,1016,11705,98
2023-05-07,Butte,007,227075,42011,10521,52532,499
2023-05-07,Calaveras,009,45235,9086,647,9733,143
2023-05-07,Colusa,011,21464,4027,1396,5423,24
2023-05-07,Contra Costa,013,1133247,277059,22667,299726,1596
2023-05-07,Del Norte,015,27424,7973,494,8467,62
2023-05-07,El Dorado,017,186661,34998,4605,39603,247
2023-05-07,Fresno,019,978130,297591,35642,333233,3031
2023-05-07,Glenn,021,27897,5842,2044,7886,56
2023-05-07,Humboldt,023,135768,23570,5985,29555,171
2023-05-07,Imperial,025,180216,71582,19722,91304,983
2023-05-07,Inyo,027,18085,4820,1348,6168,63
2023-05-07,Kern,029,883053,232141,74588,306729,2499
2023-05-07,Kings,031,150075,63267,4540,67807,486
2023-05-07,Lake,033,64148,13774,1283,15057,165
2023-05-07,Lassen,035,31185,10295,1073,11368,65
2023-05-07,Los Angeles,037,10098052,3518610,224403,3743013,36073
2023-05-07,Madera,039,155013,46796,8982,55778,377
2023-05-07,Marin,041,260295,41517,5741,47258,260
2023-05-07,Mariposa,043,17540,3385,360,3745,31
2023-05-07,Mendocino,045,87422,17029,4856,21885,146
2023-05-07,Merced,047,269075,78163,13067,91230,903
2023-05-07,Modoc,049,8938,982,393,1375,11
2023-05-07,Mono,051,14174,3344,308,3652,8
2023-05-07,Monterey,053,433212,98850,24943,123793,814
2023-05-07,Napa,055,140530,34984,1542,36526,176
2023-05-07,Nevada,057,99092,20444,2382,22826,139
2023-05-07,Orange,059,3164182,719988,80409,800397,8166
2023-05-07,Placer,061,380077,82248,10469,92717,685
2023-05-07,Plumas,063,18699,3862,464,4326,15
2023-05-07,Riverside,065,2383286,740175,42720,782895,6866
2023-05-07,Sacramento,067,1510023,376597,39113,415710,3600
2023-05-07,San Benito,069,59416,17838,1156,18994,116
2023-05-07,San Bernardino,071,2135413,715269,35118,750387,8139
2023-05-07,San Diego,073,3302833,994180,82552,1076732,5876
2023-05-07,San Francisco,075,870044,199757,13712,213469,1217
2023-05-07,San Joaquin,077,732212,212226,17219,229445,2457
2023-05-07,San Luis Obispo,079,281455,66999,8381,75380,578
2023-05-07,San Mateo,081,765935,186052,11333,197385,747
2023-05-07,Santa Barbara,083,443738,113213,7907,121120,769
2023-05-07,Santa Clara,085,1922200,482950,21896,504846,2815
2023-05-07,Santa Cruz,087,273765,69403,4142,73545,276
2023-05-07,Shasta,089,179085,36713,8447,45160,612
2023-05-07,Sierra,091,2930,313,61,374,5
2023-05-07,Siskiyou,093,43540,5523,3499,9022,96
2023-05-07,Solano,095,438530,115347,8881,124228,476
2023-05-07,Sonoma,097,501317,115124,5860,120984,572
2023-05-07,Stanislaus,099,539301,146514,23412,169926,1842
2023-05-07,Sutter,101,95872,25995,2555,28550,241
2023-05-07,Tehama,103,63373,14561,3474,18035,237
2023-05-07,Trinity,105,12862,1481,512,1993,24
2023-05-07,Tulare,107,460477,129565,41288,170853,1598
2023-05-07,Tuolumne,109,53932,17030,1091,18121,211
2023-05-07,Ventura,111,848112,222458,18344,240802,1703
2023-05-07,Yolo,113,214977,50591,5096,55687,454
2023-05-07,Yuba,115,75493,20235,1939,22174,134
2023-05-06,Alameda,001,1643700,385821,23109,408930,2154
2023-05-06,Alpine,002,1148,139,4,143,0
2023-05-06,Amador,005,37829,10689,1016,11705,98
2023-05-06,Butte,007,227075,42008,10519,52527,499
2023-05-06,Calaveras,009,45235,9086,647,9733,143
2023-05-06,Colusa,011,21464,4027,1396,5423,24
2023-05-06,Contra Costa,013,1133247,277033,22664,299697,1596
2023-05-06,Del Norte,015,27424,7972,494,8466,62
2023-05-06,El Dorado,017,186661,34995,4605,39600,247
2023-05-06,Fresno,019,978130,297569,35641,333210,3031
2023-05-06,Glenn,021,27897,5842,2044,7886,56
2023-05-06,Humboldt,023,135768,23568,5985,29553,171
2023-05-06,Imperial,025,180216,71575,19721,91296,983
2023-05-06,Inyo,027,18085,4820,1348,6168,63
2023-05-06,Kern,029,883053,232132,74578,306710,2499
2023-05-06,Kings,031,150075,63262,4540,67802,486
2023-05-06,Lake,033,64148,13773,1283,15056,165
2023-05-06,Lassen,035,31185,10294,1073,11367,65
2023-05-06,Los Angeles,037,10098052,3518426,224386,3742812,36072
2023-05-06,Madera,039,155013,46794,8982,55776,377
2023-05-06,Marin,041,260295,41513,5737,47250,260
2023-05-06,Mariposa,043,17540,3385,360,3745,31
2023-05-06,Mendocino,045,87422,17028,4856,21884,146
2023-05-06,Merced,047,269075,78160,13067,91227,903
2023-05-06,Modoc,049,8938,982,393,1375,11
2023-05-06,Mono,051,14174,3344,308,3652,8
2023-05-06,Monterey,053,433212,98845,24939,123784,814
2023-05-06,Napa,055,140530,34978,1542,36520,176
2023-05-06,Nevada,057,99092,20438,2382,22820,139
2023-05-06,Orange,059,3164182,719947,80380,800327,8166
2023-05-06,Placer,061,380077,82227,10469,92696,685
2023-05-06,Plumas,063,18699,3862,464,4326,15
2023-05-06,Riverside,065,2383286,740152,42708,782860,6866
2023-05-06,Sacramento,067,1510023,376555,39106,415661,3600
2023-05-06,San Benito,069,59416,17835,1156,18991,116
2023-05-06,San Bernardino,071,2135413,715226,35117,750343,8139
2023-05-06,San Diego,073,3302833,994120,82545,1076665,5875
2023-05-06,San Francisco,075,870044,199736,13708,213444,1217
2023-05-06,San Joaquin,077,732212,212208,17217,229425,2457
2023-05-06,San Luis Obispo,079,281455,66995,8379,75374,578
2023-05-06,San Mateo,081,765935,186033,11331,197364,747
2023-05-06,Santa Barbara,083,443738,113202,7906,121108,768
2023-05-06,Santa Clara,085,1922200,482897,21891,504788,2815
2023-05-06,Santa Cruz,087,273765,69398,4140,73538,276
2023-05-06,Shasta,089,179085,36712,8447,45159,612
2023-05-06,Sierra,091,2930,313,61,374,5
2023-05-06,Siskiyou,093,43540,5521,3499,9020,96
2023-05-06,Solano,095,438530,115338,8880,124218,476
2023-05-06,Sonoma,097,501317,115119,5859,120978,572
2023-05-06,Stanislaus,099,539301,146508,23412,169920,1842
2023-05-06,Sutter,101,95872,25995,2555,28550,241
2023-05-06,Tehama,103,63373,14560,3473,18033,237
2023-05-06,Trinity,105,12862,1481,512,1993,24
2023-05-06,Tulare,107,460477,129561,41280,170841,1598
2023-05-06,Tuolumne,109,53932,17030,1090,18120,211
2023-05-06,Ventura,111,848112,222452,18343,240795,1703
2023-05-06,Yolo,113,214977,50589,5096,55685,454
2023-05-06,Yuba,115,75493,20234,1934,22168,134
2023-05-05,Alameda,001,1643700,385756,23106,408862,2154
2023-05-05,Alpine,002,1148,139,4,143,0
2023-05-05,Amador,005,37829,10688,1016,11704,98
2023-05-05,Butte,007,227075,42007,10517,52524,499
2023-05-05,Calaveras,009,45235,9085,647,9732,143
2023-05-05,Colusa,011,21464,4027,1396,5423,24
2023-05-05,Contra Costa,013,1133247,277002,22663,299665,1596
2023-05-05,Del Norte,015,27424,7972,494,8466,62
2023-05-05,El Dorado,017,186661,34993,4605,39598,247
2023-05-05,Fresno,019,978130,297547,35639,333186,3031
2023-05-05,Glenn,021,27897,5841,2044,7885,56
2023-05-05,Humboldt,023,135768,23568,5985,29553,171
2023-05-05,Imperial,025,180216,71569,19717,91286,983
2023-05-05,Inyo,027,18085,4819,1345,6164,63
2023-05-05,Kern,029,883053,232126,74574,306700,2499
2023-05-05,Kings,031,150075,63260,4538,67798,486
2023-05-05,Lake,033,64148,13773,1283,15056,165
2023-05-05,Lassen,035,31185,10294,1073,11367,65
2023-05-05,Los Angeles,037,10098052,3518261,224343,3742604,36068
2023-05-05,Madera,039,155013,46789,8982,55771,377
2023-05-05,Marin,041,260295,41508,5736,47244,260
2023-05-05,Mariposa,043,17540,3385,360,3745,31
2023-05-05,Mendocino,045,87422,17027,4856,21883,146
2023-05-05,Merced,047,269075,78157,13066,91223,903
2023-05-05,Modoc,049,8938,982,393,1375,11
2023-05-05,Mono,051,14174,3344,308,3652,8
2023-05-05,Monterey,053,433212,98842,24936,123778,814
2023-05-05,Napa,055,140530,34976,1541,36517,176
2023-05-05,Nevada,057,99092,20438,2382,22820,139
2023-05-05,Orange,059,3164182,719891,80367,800258,8166
2023-05-05,Placer,061,380077,82218,10467,92685,685
2023-05-05,Plumas,063,18699,3861,464,4325,15
2023-05-05,Riverside,065,2383286,740130,42696,782826,6866
2023-05-05,Sacramento,067,1510023,376528,39105,415633,3600
2023-05-05,San Benito,069,59416,17835,1156,18991,116
2023-05-05,San Bernardino,071,2135413,715205,35115,750320,8139
2023-05-05,San Diego,073,3302833,994058,82540,1076598,5875
2023-05-05,San Francisco,075,870044,199715,13699,213414,1217
2023-05-05,San Joaquin,077,732212,212186,17216,229402,2457
2023-05-05,San Luis Obispo,079,281455,66992,8378,75370,578
2023-05-05,San Mateo,081,765935,186015,11330,197345,747
2023-05-05,Santa Barbara,083,443738,113194,7904,121098,768
2023-05-05,Santa Clara,085,1922200,482850,21883,504733,2815
2023-05-05,Santa Cruz,087,273765,69391,4140,73531,276
2023-05-05,Shasta,089,179085,36710,8445,45155,612
2023-05-05,Sierra,091,2930,313,61,374,5
2023-05-05,Siskiyou,093,43540,5520,3498,9018,96
2023-05-05,Solano,095,438530,115337,8880,124217,476
2023-05-05,Sonoma,097,501317,115112,5859,120971,572
2023-05-05,Stanislaus,099,539301,146502,23410,169912,1842
2023-05-05,Sutter,101,95872,25994,2555,28549,241
2023-05-05,Tehama,103,63373,14560,3473,18033,237
2023-05-05,Trinity,105,12862,1481,512,1993,24
2023-05-05,Tulare,107,460477,129553,41279,170832,1598
2023-05-05,Tuolumne,109,53932,17030,1089,18119,211
2023-05-05,Ventura,111,848112,222440,18337,240777,1703
2023-05-05,Yolo,113,214977,50585,5094,55679,454
2023-05-05,Yuba,115,75493,20234,1933,22167,134
2023-05-04,Alameda,001,1643700,385708,23102,408810,2154
2023-05-04,Alpine,002,1148,139,4,143,0
2023-05-04,Amador,005,37829,10687,1016,11703,98
2023-05-04,Butte,007,227075,42004,10515,52519,499
2023-05-04,Calaveras,009,45235,9085,647,9732,143
2023-05-04,Colusa,011,21464,4027,1395,5422,24
2023-05-04,Contra Costa,013,1133247,276974,22662,299636,1596
2023-05-04,Del Norte,015,27424,7971,494,8465,62
2023-05-04,El Dorado,017,186661,34989,4603,39592,247
2023-05-04,Fresno,019,978130,297518,35633,333151,3031
2023-05-04,Glenn,021,27897,5841,2044,7885,56
2023-05-04,Humboldt,023,135768,23566,5985,29551,171
2023-05-04,Imperial,025,180216,71563,19712,91275,983
2023-05-04,Inyo,027,18085,4819,1343,6162,63
2023-05-04,Kern,029,883053,232116,74566,306682,2499
2023-05-04,Kings,031,150075,63257,4538,67795,486
2023-05-04,Lake,033,64148,13772,1283,15055,165
2023-05-04,Lassen,035,31185,10294,1072,11366,65
2023-05-04,Los Angeles,037,10098052,3517983,224286,3742269,36064
2023-05-04,Madera,039,155013,46786,8981,55767,377
2023-05-04,Marin,041,260295,41503,5735,47238,260
2023-05-04,Mariposa,043,17540,3385,360,3745,31
2023-05-04,Mendocino,045,87422,17026,4853,21879,146
2023-05-04,Merced,047,269075,78152,13066,91218,903
2023-05-04,Modoc,049,8938,979,392,1371,11
2023-05-04,Mono,051,14174,3344,308,3652,8
2023-05-04,Monterey,053,433212,98834,24920,123754,814
2023-05-04,Napa,055,140530,34966,1541,36507,176
2023-05-04,Nevada,057,99092,20435,2382,22817,139
2023-05-04,Orange,059,3164182,719823,80344,800167,8165
2023-05-04,Placer,061,380077,82193,10465,92658,685
2023-05-04,Plumas,063,18699,3859,464,4323,15
2023-05-04,Riverside,065,2383286,740098,42685,782783,6866
2023-05-04,Sacramento,067,1510023,376478,39092,415570,3600
2023-05-04,San Benito,069,59416,17834,1156,18990,116
2023-05-04,San Bernardino,071,2135413,715171,35110,750281,8139
2023-05-04,San Diego,073,3302833,993986,82528,1076514,5875
2023-05-04,San Francisco,075,870044,199689,13691,213380,1217
2023-05-04,San Joaquin,077,732212,212160,17214,229374,2457
2023-05-04,San Luis Obispo,079,281455,66985,8378,75363,578
2023-05-04,San Mateo,081,765935,185991,11329,197320,747
2023-05-04,Santa Barbara,083,443738,113183,7896,121079,768
2023-05-04,Santa Clara,085,1922200,482771,21874,504645,2815
2023-05-04,Santa Cruz,087,273765,69382,4137,73519,276
2023-05-04,Shasta,089,179085,36709,8445,45154,612
2023-05-04,Sierra,091,2930,313,61,374,5
2023-05-04,Siskiyou,093,43540,5519,3497,9016,96
2023-05-04,Solano,095,438530,115326,8879,124205,476
2023-05-04,Sonoma,097,501317,115097,5859,120956,572
2023-05-04,Stanislaus,099,539301,146489,23400,169889,1842
2023-05-04,Sutter,101,95872,25993,2555,28548,241
2023-05-04,Tehama,103,63373,14555,3473,18028,237
2023-05-04,Trinity,105,12862,1481,512,1993,24
2023-05-04,Tulare,107,460477,129546,41272,170818,1598
2023-05-04,Tuolumne,109,53932,17029,1083,18112,211
2023-05-04,Ventura,111,848112,222427,18334,240761,1703
2023-05-04,Yolo,113,214977,50577,5092,55669,454
2023-05-04,Yuba,115,75493,20233,1933,22166,134
2023-05-03,Alameda,001,1643700,385647,23096,408743,2154
2023-05-03,Alpine,002,1148,139,4,143,0
2023-05-03,Amador,005,37829,10687,1016,11703,98
2023-05-03,Butte,007,227075,42003,10513,52516,499
2023-05-03,Calaveras,009,45235,9084,647,9731,143
2023-05-03,Colusa,011,21464,4027,1395,5422,24
2023-05-03,Contra Costa,013,1133247,276940,22655,299595,1596
2023-05-03,Del Norte,015,27424,7971,494,8465,62
2023-05-03,El Dorado,017,186661,34984,4603,39587,247
2023-05-03,Fresno,019,978130,297495,35627,333122,3030
2023-05-03,Glenn,021,27897,5841,2043,7884,56
2023-05-03,Humboldt,023,135768,23565,5984,29549,171
2023-05-03,Imperial,025,180216,71547,19696,91243,983
2023-05-03,Inyo,027,18085,4818,1341,6159,63
2023-05-03,Kern,029,883053,232092,74563,306655,2499
2023-05-03,Kings,031,150075,63255,4537,67792,486
2023-05-03,Lake,033,64148,13772,1283,15055,165
2023-05-03,Lassen,035,31185,10294,1072,11366,65
2023-05-03,Los Angeles,037,10098052,3517718,224225,3741943,36061
2023-05-03,Madera,039,155013,46782,8979,55761,377
2023-05-03,Marin,041,260295,41493,5735,47228,260
2023-05-03,Mariposa,043,17540,3385,360,3745,31
2023-05-03,Mendocino,045,87422,17024,4853,21877,146
2023-05-03,Merced,047,269075,78152,13066,91218,903
2023-05-03,Modoc,049,8938,978,391,1369,11
2023-05-03,Mono,051,14174,3344,308,3652,8
2023-05-03,Monterey,053,433212,98828,24908,123736,814
2023-05-03,Napa,055,140530,34962,1541,36503,176
2023-05-03,Nevada,057,99092,20433,2381,22814,139
2023-05-03,Orange,059,3164182,719762,80318,800080,8163
2023-05-03,Placer,061,380077,82185,10465,92650,685
2023-05-03,Plumas,063,18699,3859,464,4323,15
2023-05-03,Riverside,065,2383286,740054,42672,782726,6866
2023-05-03,Sacramento,067,1510023,376440,39080,415520,3599
2023-05-03,San Benito,069,59416,17834,1155,18989,116
2023-05-03,San Bernardino,071,2135413,715126,35108,750234,8139
2023-05-03,San Diego,073,3302833,993919,82515,1076434,5875
2023-05-03,San Francisco,075,870044,199657,13687,213344,1217
2023-05-03,San Joaquin,077,732212,212135,17213,229348,2457
2023-05-03,San Luis Obispo,079,281455,66983,8376,75359,578
2023-05-03,San Mateo,081,765935,185959,11327,197286,747
2023-05-03,Santa Barbara,083,443738,113171,7892,121063,768
2023-05-03,Santa Clara,085,1922200,482708,21865,504573,2814
2023-05-03,Santa Cruz,087,273765,69366,4136,73502,276
2023-05-03,Shasta,089,179085,36707,8443,45150,612
2023-05-03,Sierra,091,2930,313,61,374,5
2023-05-03,Siskiyou,093,43540,5518,3496,9014,96
2023-05-03,Solano,095,438530,115314,8873,124187,476
2023-05-03,Sonoma,097,501317,115083,5859,120942,572
2023-05-03,Stanislaus,099,539301,146472,23399,169871,1842
2023-05-03,Sutter,101,95872,25991,2555,28546,241
2023-05-03,Tehama,103,63373,14554,3473,18027,237
2023-05-03,Trinity,105,12862,1481,512,1993,24
2023-05-03,Tulare,107,460477,129537,41264,170801,1598
2023-05-03,Tuolumne,109,53932,17028,1065,18093,211
2023-05-03,Ventura,111,848112,222417,18330,240747,1703
2023-05-03,Yolo,113,214977,50572,5091,55663,454
2023-05-03,Yuba,115,75493,20232,1933,22165,134
2023-05-02,Alameda,001,1643700,385586,23089,408675,2154
2023-05-02,Alpine,002,1148,139,4,143,0
2023-05-02,Amador,005,37829,10687,1016,11703,98
2023-05-02,Butte,007,227075,41998,10512,52510,499
2023-05-02,Calaveras,009,45235,9084,647,9731,143
2023-05-02,Colusa,011,21464,4026,1393,5419,24
2023-05-02,Contra Costa,013,1133247,276908,22652,299560,1596
2023-05-02,Del Norte,015,27424,7967,494,8461,62
2023-05-02,El Dorado,017,186661,34982,4603,39585,247
2023-05-02,Fresno,019,978130,297460,35621,333081,3029
2023-05-02,Glenn,021,27897,5840,2042,7882,56
2023-05-02,Humboldt,023,135768,23564,5984,29548,171
2023-05-02,Imperial,025,180216,71536,19687,91223,983
2023-05-02,Inyo,027,18085,4817,1335,6152,63
2023-05-02,Kern,029,883053,232074,74551,306625,2499
2023-05-02,Kings,031,150075,63248,4535,67783,486
2023-05-02,Lake,033,64148,13770,1283,15053,165
2023-05-02,Lassen,035,31185,10291,1072,11363,65
2023-05-02,Los Angeles,037,10098052,3517461,224167,3741628,36058
2023-05-02,Madera,039,155013,46775,8976,55751,377
2023-05-02,Marin,041,260295,41482,5735,47217,260
2023-05-02,Mariposa,043,17540,3385,360,3745,31
2023-05-02,Mendocino,045,87422,17024,4853,21877,146
2023-05-02,Merced,047,269075,78144,13066,91210,903
2023-05-02,Modoc,049,8938,977,391,1368,11
2023-05-02,Mono,051,14174,3344,308,3652,8
2023-05-02,Monterey,053,433212,98820,24900,123720,813
2023-05-02,Napa,055,140530,34951,1541,36492,176
2023-05-02,Nevada,057,99092,20430,2380,22810,139
2023-05-02,Orange,059,3164182,719678,80300,799978,8162
2023-05-02,Placer,061,380077,82168,10463,92631,685
2023-05-02,Plumas,063,18699,3858,464,4322,15
2023-05-02,Riverside,065,2383286,740003,42659,782662,6866
2023-05-02,Sacramento,067,1510023,376377,39069,415446,3599
2023-05-02,San Benito,069,59416,17832,1155,18987,116
2023-05-02,San Bernardino,071,2135413,715090,35101,750191,8139
2023-05-02,San Diego,073,3302833,993841,82507,1076348,5875
2023-05-02,San Francisco,075,870044,199621,13683,213304,1217
2023-05-02,San Joaquin,077,732212,212097,17212,229309,2457
2023-05-02,San Luis Obispo,079,281455,66977,8373,75350,578
2023-05-02,San Mateo,081,765935,185925,11326,197251,747
2023-05-02,Santa Barbara,083,443738,113159,7890,121049,768
2023-05-02,Santa Clara,085,1922200,482645,21858,504503,2814
2023-05-02,Santa Cruz,087,273765,69357,4134,73491,276
2023-05-02,Shasta,089,179085,36704,8442,45146,612
2023-05-02,Sierra,091,2930,313,61,374,5
2023-05-02,Siskiyou,093,43540,5518,3494,9012,96
2023-05-02,Solano,095,438530,115295,8870,124165,476
2023-05-02,Sonoma,097,501317,115067,5859,120926,572
2023-05-02,Stanislaus,099,539301,146465,23393,169858,1842
2023-05-02,Sutter,101,95872,25988,2555,28543,241
2023-05-02,Tehama,103,63373,14552,3473,18025,237
2023-05-02,Trinity,105,12862,1481,512,1993,24
2023-05-02,Tulare,107,460477,129533,41259,170792,1598
2023-05-02,Tuolumne,109,53932,17024,1060,18084,211
2023-05-02,Ventura,111,848112,222409,18329,240738,1702
2023-05-02,Yolo,113,214977,50570,5088,55658,454
2023-05-02,Yuba,115,75493,20228,1928,22156,134
2023-05-01,Alameda,001,1643700,385510,23082,408592,2154
2023-05-01,Alpine,002,1148,139,4,143,0
2023-05-01,Amador,005,37829,10683,1016,11699,98
2023-05-01,Butte,007,227075,41990,10508,52498,499
2023-05-01,Calaveras,009,45235,9081,647,9728,143
2023-05-01,Colusa,011,21464,4025,1393,5418,24
2023-05-01,Contra Costa,013,1133247,276872,22643,299515,1595
2023-05-01,Del Norte,015,27424,7967,493,8460,62
2023-05-01,El Dorado,017,186661,34975,4603,39578,247
2023-05-01,Fresno,019,978130,297427,35619,333046,3029
2023-05-01,Glenn,021,27897,5837,2042,7879,56
2023-05-01,Humboldt,023,135768,23561,5984,29545,171
2023-05-01,Imperial,025,180216,71517,19677,91194,983
2023-05-01,Inyo,027,18085,4817,1335,6152,63
2023-05-01,Kern,029,883053,232064,74533,306597,2499
2023-05-01,Kings,031,150075,63239,4534,67773,486
2023-05-01,Lake,033,64148,13768,1283,15051,165
2023-05-01,Lassen,035,31185,10288,1072,11360,65
2023-05-01,Los Angeles,037,10098052,3517124,224106,3741230,36057
2023-05-01,Madera,039,155013,46770,8973,55743,377
2023-05-01,Marin,041,260295,41472,5731,47203,260
2023-05-01,Mariposa,043,17540,3385,360,3745,31
2023-05-01,Mendocino,045,87422,17022,4853,21875,146
2023-05-01,Merced,047,269075,78134,13066,91200,903
2023-05-01,Modoc,049,8938,972,391,1363,11
2023-05-01,Mono,051,14174,3344,308,3652,8
2023-05-01,Monterey,053,433212,98814,24885,123699,813
2023-05-01,Napa,055,140530,34942,1541,36483,176
2023-05-01,Nevada,057,99092,20426,2380,22806,139
2023-05-01,Orange,059,3164182,719620,80282,799902,8161
2023-05-01,Placer,061,380077,82150,10462,92612,685
2023-05-01,Plumas,063,18699,3856,464,4320,15
2023-05-01,Riverside,065,2383286,739960,42648,782608,6866
2023-05-01,Sacramento,067,1510023,376318,39054,415372,3599
2023-05-01,San Benito,069,59416,17832,1155,18987,116
2023-05-01,San Bernardino,071,2135413,715054,35090,750144,8139
2023-05-01,San Diego,073,3302833,993725,82497,1076222,5874
2023-05-01,San Francisco,075,870044,199586,13681,213267,1217
2023-05-01,San Joaquin,077,732212,212076,17210,229286,2457
2023-05-01,San Luis Obispo,079,281455,66968,8373,75341,578
2023-05-01,San Mateo,081,765935,185878,11322,197200,747
2023-05-01,Santa Barbara,083,443738,113147,7885,121032,768
2023-05-01,Santa Clara,085,1922200,482570,21850,504420,2814
2023-05-01,Santa Cruz,087,273765,69349,4132,73481,276
2023-05-01,Shasta,089,179085,36701,8440,45141,612
2023-05-01,Sierra,091,2930,313,61,374,5
2023-05-01,Siskiyou,093,43540,5516,3494,9010,96
2023-05-01,Solano,095,438530,115283,8864,124147,476
2023-05-01,Sonoma,097,501317,115053,5858,120911,572
2023-05-01,Stanislaus,099,539301,146456,23386,169842,1842
2023-05-01,Sutter,101,95872,25987,2555,28542,241
2023-05-01,Tehama,103,63373,14552,3472,18024,237
2023-05-01,Trinity,105,12862,1481,512,1993,24
2023-05-01,Tulare,107,460477,129523,41253,170776,1598
2023-05-01,Tuolumne,109,53932,17022,1049,18071,211
2023-05-01,Ventura,111,848112,222385,18326,240711,1702
2023-05-01,Yolo,113,214977,50562,5088,55650,454
2023-05-01,Yuba,115,75493,20225,1927,22152,134
2023-04-30,Alameda,001,1643700,385429,23072,408501,2154
2023-04-30,Alpine,002,1148,139,4,143,0
2023-04-30,Amador,005,37829,10682,1015,11697,98
2023-04-30,Butte,007,227075,41988,10503,52491,499
2023-04-30,Calaveras,009,45235,9081,647,9728,143
2023-04-30,Colusa,011,21464,4025,1392,5417,24
2023-04-30,Contra Costa,013,1133247,276822,22634,299456,1595
2023-04-30,Del Norte,015,27424,7967,493,8460,62
2023-04-30,El Dorado,017,186661,34970,4602,39572,247
2023-04-30,Fresno,019,978130,297390,35607,332997,3029
2023-04-30,Glenn,021,27897,5835,2042,7877,56
2023-04-30,Humboldt,023,135768,23557,5984,29541,171
2023-04-30,Imperial,025,180216,71497,19657,91154,983
2023-04-30,Inyo,027,18085,4816,1334,6150,63
2023-04-30,Kern,029,883053,232048,74523,306571,2499
2023-04-30,Kings,031,150075,63238,4533,67771,486
2023-04-30,Lake,033,64148,13767,1283,15050,165
2023-04-30,Lassen,035,31185,10287,1072,11359,65
2023-04-30,Los Angeles,037,10098052,3516764,224021,3740785,36056
2023-04-30,Madera,039,155013,46762,8973,55735,377
2023-04-30,Marin,041,260295,41459,5728,47187,260
2023-04-30,Mariposa,043,17540,3385,360,3745,31
2023-04-30,Mendocino,045,87422,17022,4853,21875,146
2023-04-30,Merced,047,269075,78126,13066,91192,903
2023-04-30,Modoc,049,8938,972,388,1360,11
2023-04-30,Mono,051,14174,3344,307,3651,8
2023-04-30,Monterey,053,433212,98807,24866,123673,813
2023-04-30,Napa,055,140530,34939,1541,36480,176
2023-04-30,Nevada,057,99092,20421,2380,22801,139
2023-04-30,Orange,059,3164182,719561,80261,799822,8160
2023-04-30,Placer,061,380077,82135,10462,92597,685
2023-04-30,Plumas,063,18699,3856,464,4320,15
2023-04-30,Riverside,065,2383286,739912,42628,782540,6866
2023-04-30,Sacramento,067,1510023,376238,39033,415271,3599
2023-04-30,San Benito,069,59416,17830,1154,18984,116
2023-04-30,San Bernardino,071,2135413,714983,35082,750065,8139
2023-04-30,San Diego,073,3302833,993635,82485,1076120,5874
2023-04-30,San Francisco,075,870044,199547,13672,213219,1217
2023-04-30,San Joaquin,077,732212,212052,17193,229245,2457
2023-04-30,San Luis Obispo,079,281455,66962,8370,75332,577
2023-04-30,San Mateo,081,765935,185836,11320,197156,747
2023-04-30,Santa Barbara,083,443738,113139,7883,121022,767
2023-04-30,Santa Clara,085,1922200,482479,21838,504317,2814
2023-04-30,Santa Cruz,087,273765,69340,4132,73472,276
2023-04-30,Shasta,089,179085,36701,8438,45139,612
2023-04-30,Sierra,091,2930,313,61,374,5
2023-04-30,Siskiyou,093,43540,5515,3493,9008,95
2023-04-30,Solano,095,438530,115271,8864,124135,476
2023-04-30,Sonoma,097,501317,115034,5858,120892,572
2023-04-30,Stanislaus,099,539301,146439,23381,169820,1842
2023-04-30,Sutter,101,95872,25983,2554,28537,241
2023-04-30,Tehama,103,63373,14549,3470,18019,237
2023-04-30,Trinity,105,12862,1481,512,1993,24
2023-04-30,Tulare,107,460477,129511,41248,170759,1598
2023-04-30,Tuolumne,109,53932,17015,1022,18037,211
2023-04-30,Ventura,111,848112,222370,18324,240694,1702
2023-04-30,Yolo,113,214977,50557,5087,55644,454
2023-04-30,Yuba,115,75493,20223,1921,22144,134
2023-04-29,Alameda,001,1643700,385391,23068,408459,2154
2023-04-29,Alpine,002,1148,139,4,143,0
2023-04-29,Amador,005,37829,10682,1015,11697,98
2023-04-29,Butte,007,227075,41986,10496,52482,499
2023-04-29,Calaveras,009,45235,9081,647,9728,143
2023-04-29,Colusa,011,21464,4025,1391,5416,24
2023-04-29,Contra Costa,013,1133247,276783,22633,299416,1595
2023-04-29,Del Norte,015,27424,7967,493,8460,62
2023-04-29,El Dorado,017,186661,34965,4602,39567,247
2023-04-29,Fresno,019,978130,297363,35606,332969,3028
2023-04-29,Glenn,021,27897,5835,2042,7877,56
2023-04-29,Humboldt,023,135768,23556,5983,29539,171
2023-04-29,Imperial,025,180216,71495,19656,91151,983
2023-04-29,Inyo,027,18085,4814,1334,6148,63
2023-04-29,Kern,029,883053,232042,74516,306558,2499
2023-04-29,Kings,031,150075,63233,4533,67766,486
2023-04-29,Lake,033,64148,13766,1283,15049,165
2023-04-29,Lassen,035,31185,10287,1072,11359,65
2023-04-29,Los Angeles,037,10098052,3516606,223993,3740599,36051
2023-04-29,Madera,039,155013,46759,8973,55732,377
2023-04-29,Marin,041,260295,41456,5727,47183,260
2023-04-29,Mariposa,043,17540,3385,360,3745,31
2023-04-29,Mendocino,045,87422,17020,4853,21873,146
2023-04-29,Merced,047,269075,78126,13065,91191,903
2023-04-29,Modoc,049,8938,972,388,1360,11
2023-04-29,Mono,051,14174,3344,307,3651,8
2023-04-29,Monterey,053,433212,98799,24858,123657,813
2023-04-29,Napa,055,140530,34938,1541,36479,176
2023-04-29,Nevada,057,99092,20416,2380,22796,139
2023-04-29,Orange,059,3164182,719518,80241,799759,8160
2023-04-29,Placer,061,380077,82124,10461,92585,685
2023-04-29,Plumas,063,18699,3855,464,4319,15
2023-04-29,Riverside,065,2383286,739880,42613,782493,6866
2023-04-29,Sacramento,067,1510023,376182,39024,415206,3599
2023-04-29,San Benito,069,59416,17828,1154,18982,116
2023-04-29,San Bernardino,071,2135413,714952,35078,750030,8139
2023-04-29,San Diego,073,3302833,993595,82481,1076076,5874
2023-04-29,San Francisco,075,870044,199526,13671,213197,1216
2023-04-29,San Joaquin,077,732212,212043,17191,229234,2457
2023-04-29,San Luis Obispo,079,281455,66957,8369,75326,577
2023-04-29,San Mateo,081,765935,185823,11318,197141,747
2023-04-29,Santa Barbara,083,443738,113133,7879,121012,767
2023-04-29,Santa Clara,085,1922200,482415,21830,504245,2813
2023-04-29,Santa Cruz,087,273765,69336,4132,73468,276
2023-04-29,Shasta,089,179085,36699,8438,45137,612
2023-04-29,Sierra,091,2930,313,61,374,5
2023-04-29,Siskiyou,093,43540,5513,3493,9006,95
2023-04-29,Solano,095,438530,115259,8864,124123,476
2023-04-29,Sonoma,097,501317,115029,5858,120887,572
2023-04-29,Stanislaus,099,539301,146432,23379,169811,1842
2023-04-29,Sutter,101,95872,25983,2554,28537,241
2023-04-29,Tehama,103,63373,14549,3469,18018,237
2023-04-29,Trinity,105,12862,1481,512,1993,24
2023-04-29,Tulare,107,460477,129505,41241,170746,1598
2023-04-29,Tuolumne,109,53932,17013,1018,18031,211
2023-04-29,Ventura,111,848112,222353,18322,240675,1702
2023-04-29,Yolo,113,214977,50555,5087,55642,454
2023-04-29,Yuba,115,75493,20220,1921,22141,134
2023-04-28,Alameda,001,1643700,385346,23062,408408,2154
2023-04-28,Alpine,002,1148,139,4,143,0
2023-04-28,Amador,005,37829,10682,1015,11697,98
2023-04-28,Butte,007,227075,41985,10488,52473,499
2023-04-28,Calaveras,009,45235,9081,647,9728,143
2023-04-28,Colusa,011,21464,4024,1391,5415,24
2023-04-28,Contra Costa,013,1133247,276744,22633,299377,1595
2023-04-28,Del Norte,015,27424,7967,493,8460,62
2023-04-28,El Dorado,017,186661,34963,4599,39562,247
2023-04-28,Fresno,019,978130,297337,35602,332939,3027
2023-04-28,Glenn,021,27897,5835,2042,7877,56
2023-04-28,Humboldt,023,135768,23554,5983,29537,171
2023-04-28,Imperial,025,180216,71484,19653,91137,983
2023-04-28,Inyo,027,18085,4811,1334,6145,63
2023-04-28,Kern,029,883053,232036,74507,306543,2499
2023-04-28,Kings,031,150075,63232,4533,67765,486
2023-04-28,Lake,033,64148,13763,1283,15046,165
2023-04-28,Lassen,035,31185,10287,1072,11359,65
2023-04-28,Los Angeles,037,10098052,3516418,223960,3740378,36049
2023-04-28,Madera,039,155013,46755,8972,55727,377
2023-04-28,Marin,041,260295,41452,5726,47178,260
2023-04-28,Mariposa,043,17540,3385,360,3745,31
2023-04-28,Mendocino,045,87422,17019,4853,21872,146
2023-04-28,Merced,047,269075,78120,13065,91185,903
2023-04-28,Modoc,049,8938,972,388,1360,11
2023-04-28,Mono,051,14174,3344,307,3651,8
2023-04-28,Monterey,053,433212,98792,24851,123643,813
2023-04-28,Napa,055,140530,34936,1541,36477,175
2023-04-28,Nevada,057,99092,20411,2379,22790,139
2023-04-28,Orange,059,3164182,719486,80219,799705,8157
2023-04-28,Placer,061,380077,82111,10461,92572,685
2023-04-28,Plumas,063,18699,3855,464,4319,15
2023-04-28,Riverside,065,2383286,739849,42597,782446,6866
2023-04-28,Sacramento,067,1510023,376136,39016,415152,3597
2023-04-28,San Benito,069,59416,17828,1153,18981,116
2023-04-28,San Bernardino,071,2135413,714924,35076,750000,8139
2023-04-28,San Diego,073,3302833,993551,82478,1076029,5874
2023-04-28,San Francisco,075,870044,199502,13666,213168,1216
2023-04-28,San Joaquin,077,732212,212029,17191,229220,2457
2023-04-28,San Luis Obispo,079,281455,66955,8365,75320,577
2023-04-28,San Mateo,081,765935,185798,11314,197112,747
2023-04-28,Santa Barbara,083,443738,113125,7877,121002,767
2023-04-28,Santa Clara,085,1922200,482363,21825,504188,2813
2023-04-28,Santa Cruz,087,273765,69327,4132,73459,276
2023-04-28,Shasta,089,179085,36698,8438,45136,612
2023-04-28,Sierra,091,2930,313,61,374,5
2023-04-28,Siskiyou,093,43540,5513,3493,9006,95
2023-04-28,Solano,095,438530,115250,8861,124111,476
2023-04-28,Sonoma,097,501317,115015,5858,120873,572
2023-04-28,Stanislaus,099,539301,146424,23378,169802,1842
2023-04-28,Sutter,101,95872,25981,2554,28535,241
2023-04-28,Tehama,103,63373,14548,3469,18017,237
2023-04-28,Trinity,105,12862,1481,512,1993,24
2023-04-28,Tulare,107,460477,129495,41237,170732,1598
2023-04-28,Tuolumne,109,53932,17012,1018,18030,211
2023-04-28,Ventura,111,848112,222339,18321,240660,1702
2023-04-28,Yolo,113,214977,50550,5085,55635,454
2023-04-28,Yuba,115,75493,20220,1921,22141,134
2023-04-27,Alameda,001,1643700,385278,23053,408331,2154
2023-04-27,Alpine,002,1148,139,4,143,0
2023-04-27,Amador,005,37829,10681,1015,11696,98
2023-04-27,Butte,007,227075,41980,10480,52460,499
2023-04-27,Calaveras,009,45235,9081,647,9728,143
2023-04-27,Colusa,011,21464,4023,1391,5414,24
2023-04-27,Contra Costa,013,1133247,276683,22628,299311,1594
2023-04-27,Del Norte,015,27424,7966,493,8459,62
2023-04-27,El Dorado,017,186661,34954,4599,39553,247
2023-04-27,Fresno,019,978130,297305,35600,332905,3027
2023-04-27,Glenn,021,27897,5835,2042,7877,56
2023-04-27,Humboldt,023,135768,23552,5982,29534,171
2023-04-27,Imperial,025,180216,71471,19645,91116,983
2023-04-27,Inyo,027,18085,4810,1334,6144,63
2023-04-27,Kern,029,883053,232026,74500,306526,2499
2023-04-27,Kings,031,150075,63225,4531,67756,486
2023-04-27,Lake,033,64148,13763,1283,15046,165
2023-04-27,Lassen,035,31185,10287,1072,11359,65
2023-04-27,Los Angeles,037,10098052,3516175,223898,3740073,36046
2023-04-27,Madera,039,155013,46748,8969,55717,377
2023-04-27,Marin,041,260295,41442,5726,47168,260
2023-04-27,Mariposa,043,17540,3385,360,3745,31
2023-04-27,Mendocino,045,87422,17016,4852,21868,146
2023-04-27,Merced,047,269075,78114,13064,91178,903
2023-04-27,Modoc,049,8938,972,388,1360,11
2023-04-27,Mono,051,14174,3344,307,3651,8
2023-04-27,Monterey,053,433212,98783,24835,123618,813
2023-04-27,Napa,055,140530,34929,1541,36470,175
2023-04-27,Nevada,057,99092,20408,2377,22785,139
2023-04-27,Orange,059,3164182,719421,80198,799619,8155
2023-04-27,Placer,061,380077,82100,10459,92559,685
2023-04-27,Plumas,063,18699,3851,464,4315,15
2023-04-27,Riverside,065,2383286,739811,42588,782399,6866
2023-04-27,Sacramento,067,1510023,376067,38993,415060,3597
2023-04-27,San Benito,069,59416,17826,1153,18979,116
2023-04-27,San Bernardino,071,2135413,714876,35068,749944,8139
2023-04-27,San Diego,073,3302833,993461,82471,1075932,5874
2023-04-27,San Francisco,075,870044,199462,13654,213116,1216
2023-04-27,San Joaquin,077,732212,212005,17188,229193,2457
2023-04-27,San Luis Obispo,079,281455,66949,8360,75309,577
2023-04-27,San Mateo,081,765935,185777,11309,197086,747
2023-04-27,Santa Barbara,083,443738,113115,7877,120992,767
2023-04-27,Santa Clara,085,1922200,482289,21813,504102,2813
2023-04-27,Santa Cruz,087,273765,69317,4127,73444,276
2023-04-27,Shasta,089,179085,36697,8435,45132,612
2023-04-27,Sierra,091,2930,313,61,374,5
2023-04-27,Siskiyou,093,43540,5511,3490,9001,95
2023-04-27,Solano,095,438530,115238,8856,124094,476
2023-04-27,Sonoma,097,501317,115003,5858,120861,572
2023-04-27,Stanislaus,099,539301,146412,23374,169786,1842
2023-04-27,Sutter,101,95872,25979,2554,28533,241
2023-04-27,Tehama,103,63373,14547,3469,18016,237
2023-04-27,Trinity,105,12862,1481,512,1993,24
2023-04-27,Tulare,107,460477,129486,41231,170717,1598
2023-04-27,Tuolumne,109,53932,17011,1017,18028,211
2023-04-27,Ventura,111,848112,222324,18320,240644,1702
2023-04-27,Yolo,113,214977,50544,5084,55628,454
2023-04-27,Yuba,115,75493,20219,1919,22138,134
2023-04-26,Alameda,001,1643700,385211,23044,408255,2154
2023-04-26,Alpine,002,1148,139,4,143,0
2023-04-26,Amador,005,37829,10681,1015,11696,98
2023-04-26,Butte,007,227075,41976,10476,52452,499
2023-04-26,Calaveras,009,45235,9081,647,9728,143
2023-04-26,Colusa,011,21464,4022,1391,5413,24
2023-04-26,Contra Costa,013,1133247,276643,22623,299266,1593
2023-04-26,Del Norte,015,27424,7966,493,8459,62
2023-04-26,El Dorado,017,186661,34946,4597,39543,247
2023-04-26,Fresno,019,978130,297244,35596,332840,3027
2023-04-26,Glenn,021,27897,5834,2041,7875,56
2023-04-26,Humboldt,023,135768,23552,5982,29534,171
2023-04-26,Imperial,025,180216,71450,19633,91083,983
2023-04-26,Inyo,027,18085,4808,1334,6142,63
2023-04-26,Kern,029,883053,232014,74486,306500,2499
2023-04-26,Kings,031,150075,63221,4530,67751,486
2023-04-26,Lake,033,64148,13762,1283,15045,165
2023-04-26,Lassen,035,31185,10287,1072,11359,65
2023-04-26,Los Angeles,037,10098052,3515875,223833,3739708,36036
2023-04-26,Madera,039,155013,46738,8968,55706,377
2023-04-26,Marin,041,260295,41434,5724,47158,260
2023-04-26,Mariposa,043,17540,3385,360,3745,31
2023-04-26,Mendocino,045,87422,17015,4849,21864,146
2023-04-26,Merced,047,269075,78103,13064,91167,903
2023-04-26,Modoc,049,8938,972,387,1359,11
2023-04-26,Mono,051,14174,3343,307,3650,8
2023-04-26,Monterey,053,433212,98781,24826,123607,813
2023-04-26,Napa,055,140530,34921,1541,36462,175
2023-04-26,Nevada,057,99092,20406,2377,22783,139
2023-04-26,Orange,059,3164182,719359,80177,799536,8154
2023-04-26,Placer,061,380077,82088,10458,92546,685
2023-04-26,Plumas,063,18699,3851,464,4315,15
2023-04-26,Riverside,065,2383286,739764,42568,782332,6866
2023-04-26,Sacramento,067,1510023,376003,38973,414976,3595
2023-04-26,San Benito,069,59416,17824,1153,18977,116
2023-04-26,San Bernardino,071,2135413,714831,35063,749894,8139
2023-04-26,San Diego,073,3302833,993390,82455,1075845,5874
2023-04-26,San Francisco,075,870044,199421,13649,213070,1216
2023-04-26,San Joaquin,077,732212,211977,17185,229162,2457
2023-04-26,San Luis Obispo,079,281455,66942,8360,75302,577
2023-04-26,San Mateo,081,765935,185753,11305,197058,747
2023-04-26,Santa Barbara,083,443738,113098,7875,120973,767
2023-04-26,Santa Clara,085,1922200,482197,21800,503997,2813
2023-04-26,Santa Cruz,087,273765,69310,4123,73433,276
2023-04-26,Shasta,089,179085,36697,8433,45130,612
2023-04-26,Sierra,091,2930,313,61,374,5
2023-04-26,Siskiyou,093,43540,5510,3489,8999,95
2023-04-26,Solano,095,438530,115229,8852,124081,476
2023-04-26,Sonoma,097,501317,114986,5858,120844,572
2023-04-26,Stanislaus,099,539301,146402,23370,169772,1842
2023-04-26,Sutter,101,95872,25979,2554,28533,241
2023-04-26,Tehama,103,63373,14545,3469,18014,237
2023-04-26,Trinity,105,12862,1479,512,1991,24
2023-04-26,Tulare,107,460477,129471,41226,170697,1598
2023-04-26,Tuolumne,109,53932,17009,1017,18026,211
2023-04-26,Ventura,111,848112,222310,18316,240626,1702
2023-04-26,Yolo,113,214977,50537,5083,55620,454
2023-04-26,Yuba,115,75493,20216,1919,22135,134
2023-04-25,Alameda,001,1643700,385145,23039,408184,2154
2023-04-25,Alpine,002,1148,139,4,143,0
2023-04-25,Amador,005,37829,10680,1015,11695,98
2023-04-25,Butte,007,227075,41973,10474,52447,499
2023-04-25,Calaveras,009,45235,9080,647,9727,143
2023-04-25,Colusa,011,21464,4022,1390,5412,24
2023-04-25,Contra Costa,013,1133247,276578,22617,299195,1592
2023-04-25,Del Norte,015,27424,7966,493,8459,62
2023-04-25,El Dorado,017,186661,34943,4596,39539,247
2023-04-25,Fresno,019,978130,297200,35580,332780,3027
2023-04-25,Glenn,021,27897,5832,2040,7872,56
2023-04-25,Humboldt,023,135768,23549,5981,29530,171
2023-04-25,Imperial,025,180216,71432,19624,91056,983
2023-04-25,Inyo,027,18085,4808,1334,6142,63
2023-04-25,Kern,029,883053,231998,74477,306475,2499
2023-04-25,Kings,031,150075,63217,4530,67747,486
2023-04-25,Lake,033,64148,13762,1282,15044,165
2023-04-25,Lassen,035,31185,10287,1072,11359,65
2023-04-25,Los Angeles,037,10098052,3515541,223760,3739301,36032
2023-04-25,Madera,039,155013,46729,8967,55696,377
2023-04-25,Marin,041,260295,41419,5722,47141,260
2023-04-25,Mariposa,043,17540,3385,360,3745,31
2023-04-25,Mendocino,045,87422,17014,4849,21863,146
2023-04-25,Merced,047,269075,78094,13064,91158,903
2023-04-25,Modoc,049,8938,972,386,1358,11
2023-04-25,Mono,051,14174,3343,307,3650,8
2023-04-25,Monterey,053,433212,98772,24810,123582,813
2023-04-25,Napa,055,140530,34917,1541,36458,175
2023-04-25,Nevada,057,99092,20401,2376,22777,139
2023-04-25,Orange,059,3164182,719283,80148,799431,8154
2023-04-25,Placer,061,380077,82068,10458,92526,685
2023-04-25,Plumas,063,18699,3851,464,4315,15
2023-04-25,Riverside,065,2383286,739720,42550,782270,6866
2023-04-25,Sacramento,067,1510023,375903,38957,414860,3595
2023-04-25,San Benito,069,59416,17822,1153,18975,116
2023-04-25,San Bernardino,071,2135413,714756,35055,749811,8139
2023-04-25,San Diego,073,3302833,993285,82439,1075724,5874
2023-04-25,San Francisco,075,870044,199385,13646,213031,1215
2023-04-25,San Joaquin,077,732212,211960,17180,229140,2457
2023-04-25,San Luis Obispo,079,281455,66935,8349,75284,577
2023-04-25,San Mateo,081,765935,185711,11301,197012,747
2023-04-25,Santa Barbara,083,443738,113080,7874,120954,767
2023-04-25,Santa Clara,085,1922200,482093,21783,503876,2813
2023-04-25,Santa Cruz,087,273765,69304,4122,73426,276
2023-04-25,Shasta,089,179085,36695,8432,45127,612
2023-04-25,Sierra,091,2930,313,61,374,5
2023-04-25,Siskiyou,093,43540,5508,3483,8991,95
2023-04-25,Solano,095,438530,115214,8849,124063,476
2023-04-25,Sonoma,097,501317,114969,5858,120827,572
2023-04-25,Stanislaus,099,539301,146387,23366,169753,1842
2023-04-25,Sutter,101,95872,25973,2554,28527,241
2023-04-25,Tehama,103,63373,14544,3468,18012,237
2023-04-25,Trinity,105,12862,1479,512,1991,24
2023-04-25,Tulare,107,460477,129465,41223,170688,1598
2023-04-25,Tuolumne,109,53932,17008,1017,18025,211
2023-04-25,Ventura,111,848112,222291,18314,240605,1702
2023-04-25,Yolo,113,214977,50525,5083,55608,454
2023-04-25,Yuba,115,75493,20211,1918,22129,134
2023-04-24,Alameda,001,1643700,385060,23026,408086,2153
2023-04-24,Alpine,002,1148,139,4,143,0
2023-04-24,Amador,005,37829,10676,1015,11691,98
2023-04-24,Butte,007,227075,41965,10464,52429,499
2023-04-24,Calaveras,009,45235,9080,647,9727,143
2023-04-24,Colusa,011,21464,4021,1390,5411,24
2023-04-24,Contra Costa,013,1133247,276526,22613,299139,1591
2023-04-24,Del Norte,015,27424,7966,493,8459,62
2023-04-24,El Dorado,017,186661,34936,4595,39531,247
2023-04-24,Fresno,019,978130,297166,35570,332736,3026
2023-04-24,Glenn,021,27897,5831,2040,7871,56
2023-04-24,Humboldt,023,135768,23548,5980,29528,171
2023-04-24,Imperial,025,180216,71418,19617,91035,983
2023-04-24,Inyo,027,18085,4806,1331,6137,63
2023-04-24,Kern,029,883053,231980,74465,306445,2499
2023-04-24,Kings,031,150075,63211,4529,67740,486
2023-04-24,Lake,033,64148,13760,1282,15042,165
2023-04-24,Lassen,035,31185,10285,1072,11357,65
2023-04-24,Los Angeles,037,10098052,3515211,223672,3738883,36025
2023-04-24,Madera,039,155013,46721,8966,55687,377
2023-04-24,Marin,041,260295,41404,5721,47125,260
2023-04-24,Mariposa,043,17540,3385,360,3745,31
2023-04-24,Mendocino,045,87422,17012,4849,21861,146
2023-04-24,Merced,047,269075,78090,13064,91154,903
2023-04-24,Modoc,049,8938,969,385,1354,11
2023-04-24,Mono,051,14174,3343,307,3650,8
2023-04-24,Monterey,053,433212,98758,24798,123556,813
2023-04-24,Napa,055,140530,34911,1541,36452,175
2023-04-24,Nevada,057,99092,20399,2372,22771,139
2023-04-24,Orange,059,3164182,719195,80121,799316,8153
2023-04-24,Placer,061,380077,82054,10456,92510,685
2023-04-24,Plumas,063,18699,3851,464,4315,15
2023-04-24,Riverside,065,2383286,739678,42528,782206,6866
2023-04-24,Sacramento,067,1510023,375809,38949,414758,3594
2023-04-24,San Benito,069,59416,17820,1152,18972,116
2023-04-24,San Bernardino,071,2135413,714694,35045,749739,8139
2023-04-24,San Diego,073,3302833,993155,82426,1075581,5874
2023-04-24,San Francisco,075,870044,199336,13641,212977,1213
2023-04-24,San Joaquin,077,732212,211928,17178,229106,2456
2023-04-24,San Luis Obispo,079,281455,66930,8345,75275,576
2023-04-24,San Mateo,081,765935,185678,11299,196977,747
2023-04-24,Santa Barbara,083,443738,113072,7871,120943,767
2023-04-24,Santa Clara,085,1922200,482011,21766,503777,2813
2023-04-24,Santa Cruz,087,273765,69296,4120,73416,276
2023-04-24,Shasta,089,179085,36694,8429,45123,612
2023-04-24,Sierra,091,2930,313,61,374,5
2023-04-24,Siskiyou,093,43540,5507,3481,8988,95
2023-04-24,Solano,095,438530,115198,8847,124045,476
2023-04-24,Sonoma,097,501317,114950,5858,120808,571
2023-04-24,Stanislaus,099,539301,146365,23361,169726,1842
2023-04-24,Sutter,101,95872,25972,2554,28526,241
2023-04-24,Tehama,103,63373,14542,3464,18006,237
2023-04-24,Trinity,105,12862,1479,512,1991,24
2023-04-24,Tulare,107,460477,129454,41212,170666,1598
2023-04-24,Tuolumne,109,53932,17007,1017,18024,211
2023-04-24,Ventura,111,848112,222275,18312,240587,1702
2023-04-24,Yolo,113,214977,50518,5079,55597,454
2023-04-24,Yuba,115,75493,20206,1917,22123,134
2023-04-23,Alameda,001,1643700,384957,23017,407974,2152
2023-04-23,Alpine,002,1148,139,4,143,0
2023-04-23,Amador,005,37829,10675,1015,11690,98
2023-04-23,Butte,007,227075,41962,10452,52414,499
2023-04-23,Calaveras,009,45235,9077,647,9724,143
2023-04-23,Colusa,011,21464,4021,1390,5411,24
2023-04-23,Contra Costa,013,1133247,276460,22610,299070,1591
2023-04-23,Del Norte,015,27424,7964,493,8457,62
2023-04-23,El Dorado,017,186661,34930,4595,39525,247
2023-04-23,Fresno,019,978130,297118,35553,332671,3026
2023-04-23,Glenn,021,27897,5831,2039,7870,56
2023-04-23,Humboldt,023,135768,23546,5980,29526,171
2023-04-23,Imperial,025,180216,71394,19606,91000,983
2023-04-23,Inyo,027,18085,4805,1331,6136,63
2023-04-23,Kern,029,883053,231967,74457,306424,2499
2023-04-23,Kings,031,150075,63202,4528,67730,486
2023-04-23,Lake,033,64148,13757,1282,15039,165
2023-04-23,Lassen,035,31185,10285,1072,11357,65
2023-04-23,Los Angeles,037,10098052,3514848,223599,3738447,36021
2023-04-23,Madera,039,155013,46709,8964,55673,377
2023-04-23,Marin,041,260295,41394,5717,47111,260
2023-04-23,Mariposa,043,17540,3383,360,3743,31
2023-04-23,Mendocino,045,87422,17011,4848,21859,146
2023-04-23,Merced,047,269075,78081,13063,91144,903
2023-04-23,Modoc,049,8938,967,384,1351,11
2023-04-23,Mono,051,14174,3342,307,3649,8
2023-04-23,Monterey,053,433212,98742,24772,123514,813
2023-04-23,Napa,055,140530,34906,1541,36447,175
2023-04-23,Nevada,057,99092,20390,2369,22759,139
2023-04-23,Orange,059,3164182,719132,80092,799224,8151
2023-04-23,Placer,061,380077,82037,10455,92492,685
2023-04-23,Plumas,063,18699,3848,464,4312,15
2023-04-23,Riverside,065,2383286,739625,42491,782116,6866
2023-04-23,Sacramento,067,1510023,375709,38926,414635,3593
2023-04-23,San Benito,069,59416,17815,1151,18966,116
2023-04-23,San Bernardino,071,2135413,714623,35033,749656,8139
2023-04-23,San Diego,073,3302833,993007,82399,1075406,5873
2023-04-23,San Francisco,075,870044,199275,13639,212914,1213
2023-04-23,San Joaquin,077,732212,211898,17166,229064,2456
2023-04-23,San Luis Obispo,079,281455,66921,8322,75243,576
2023-04-23,San Mateo,081,765935,185639,11293,196932,747
2023-04-23,Santa Barbara,083,443738,113060,7869,120929,766
2023-04-23,Santa Clara,085,1922200,481907,21752,503659,2811
2023-04-23,Santa Cruz,087,273765,69288,4117,73405,276
2023-04-23,Shasta,089,179085,36691,8427,45118,612
2023-04-23,Sierra,091,2930,313,61,374,5
2023-04-23,Siskiyou,093,43540,5505,3473,8978,95
2023-04-23,Solano,095,438530,115170,8840,124010,476
2023-04-23,Sonoma,097,501317,114926,5857,120783,570
2023-04-23,Stanislaus,099,539301,146345,23356,169701,1842
2023-04-23,Sutter,101,95872,25971,2554,28525,241
2023-04-23,Tehama,103,63373,14540,3461,18001,237
2023-04-23,Trinity,105,12862,1479,512,1991,24
2023-04-23,Tulare,107,460477,129434,41196,170630,1598
2023-04-23,Tuolumne,109,53932,17005,1017,18022,211
2023-04-23,Ventura,111,848112,222242,18311,240553,1702
2023-04-23,Yolo,113,214977,50510,5074,55584,454
2023-04-23,Yuba,115,75493,20202,1916,22118,134
2023-04-22,Alameda,001,1643700,384903,23011,407914,2151
2023-04-22,Alpine,002,1148,139,4,143,0
2023-04-22,Amador,005,37829,10673,1015,11688,98
2023-04-22,Butte,007,227075,41956,10447,52403,499
2023-04-22,Calaveras,009,45235,9077,647,9724,143
2023-04-22,Colusa,011,21464,4021,1389,5410,24
2023-04-22,Contra Costa,013,1133247,276416,22609,299025,1590
2023-04-22,Del Norte,015,27424,7964,493,8457,62
2023-04-22,El Dorado,017,186661,34924,4595,39519,247
2023-04-22,Fresno,019,978130,297086,35548,332634,3024
2023-04-22,Glenn,021,27897,5831,2038,7869,56
2023-04-22,Humboldt,023,135768,23546,5980,29526,171
2023-04-22,Imperial,025,180216,71386,19603,90989,982
2023-04-22,Inyo,027,18085,4805,1331,6136,63
2023-04-22,Kern,029,883053,231960,74445,306405,2499
2023-04-22,Kings,031,150075,63199,4528,67727,486
2023-04-22,Lake,033,64148,13756,1282,15038,165
2023-04-22,Lassen,035,31185,10285,1072,11357,65
2023-04-22,Los Angeles,037,10098052,3514662,223551,3738213,36019
2023-04-22,Madera,039,155013,46707,8964,55671,377
2023-04-22,Marin,041,260295,41389,5717,47106,260
2023-04-22,Mariposa,043,17540,3383,360,3743,31
2023-04-22,Mendocino,045,87422,17010,4848,21858,146
2023-04-22,Merced,047,269075,78075,13063,91138,903
2023-04-22,Modoc,049,8938,967,384,1351,11
2023-04-22,Mono,051,14174,3342,307,3649,8
2023-04-22,Monterey,053,433212,98730,24755,123485,813
2023-04-22,Napa,055,140530,34904,1541,36445,175
2023-04-22,Nevada,057,99092,20382,2369,22751,139
2023-04-22,Orange,059,3164182,719083,80074,799157,8148
2023-04-22,Placer,061,380077,82019,10453,92472,685
2023-04-22,Plumas,063,18699,3848,464,4312,15
2023-04-22,Riverside,065,2383286,739602,42483,782085,6866
2023-04-22,Sacramento,067,1510023,375663,38922,414585,3593
2023-04-22,San Benito,069,59416,17813,1151,18964,116
2023-04-22,San Bernardino,071,2135413,714592,35028,749620,8139
2023-04-22,San Diego,073,3302833,992942,82387,1075329,5873
2023-04-22,San Francisco,075,870044,199241,13638,212879,1213
2023-04-22,San Joaquin,077,732212,211884,17164,229048,2456
2023-04-22,San Luis Obispo,079,281455,66915,8302,75217,576
2023-04-22,San Mateo,081,765935,185621,11292,196913,747
2023-04-22,Santa Barbara,083,443738,113047,7867,120914,766
2023-04-22,Santa Clara,085,1922200,481841,21742,503583,2811
2023-04-22,Santa Cruz,087,273765,69281,4116,73397,276
2023-04-22,Shasta,089,179085,36689,8427,45116,612
2023-04-22,Sierra,091,2930,313,61,374,5
2023-04-22,Siskiyou,093,43540,5504,3461,8965,95
2023-04-22,Solano,095,438530,115154,8838,123992,476
2023-04-22,Sonoma,097,501317,114917,5857,120774,570
2023-04-22,Stanislaus,099,539301,146334,23354,169688,1842
2023-04-22,Sutter,101,95872,25970,2553,28523,241
2023-04-22,Tehama,103,63373,14540,3461,18001,237
2023-04-22,Trinity,105,12862,1479,512,1991,24
2023-04-22,Tulare,107,460477,129427,41191,170618,1598
2023-04-22,Tuolumne,109,53932,17005,1017,18022,211
2023-04-22,Ventura,111,848112,222224,18310,240534,1702
2023-04-22,Yolo,113,214977,50507,5073,55580,454
2023-04-22,Yuba,115,75493,20199,1916,22115,134
2023-04-21,Alameda,001,1643700,384846,23002,407848,2151
2023-04-21,Alpine,002,1148,139,4,143,0
2023-04-21,Amador,005,37829,10673,1015,11688,98
2023-04-21,Butte,007,227075,41951,10442,52393,499
2023-04-21,Calaveras,009,45235,9077,647,9724,143
2023-04-21,Colusa,011,21464,4021,1389,5410,24
2023-04-21,Contra Costa,013,1133247,276392,22608,299000,1590
2023-04-21,Del Norte,015,27424,7962,493,8455,62
2023-04-21,El Dorado,017,186661,34924,4595,39519,247
2023-04-21,Fresno,019,978130,297059,35539,332598,3024
2023-04-21,Glenn,021,27897,5831,2038,7869,56
2023-04-21,Humboldt,023,135768,23543,5980,29523,171
2023-04-21,Imperial,025,180216,71379,19600,90979,982
2023-04-21,Inyo,027,18085,4805,1331,6136,63
2023-04-21,Kern,029,883053,231951,74439,306390,2499
2023-04-21,Kings,031,150075,63196,4527,67723,486
2023-04-21,Lake,033,64148,13754,1282,15036,165
2023-04-21,Lassen,035,31185,10285,1071,11356,65
2023-04-21,Los Angeles,037,10098052,3514467,223511,3737978,36012
2023-04-21,Madera,039,155013,46705,8963,55668,377
2023-04-21,Marin,041,260295,41377,5717,47094,260
2023-04-21,Mariposa,043,17540,3383,360,3743,31
2023-04-21,Mendocino,045,87422,17007,4847,21854,146
2023-04-21,Merced,047,269075,78071,13063,91134,903
2023-04-21,Modoc,049,8938,967,384,1351,11
2023-04-21,Mono,051,14174,3342,307,3649,8
2023-04-21,Monterey,053,433212,98723,24745,123468,813
2023-04-21,Napa,055,140530,34901,1541,36442,175
2023-04-21,Nevada,057,99092,20379,2369,22748,139
2023-04-21,Orange,059,3164182,719032,80051,799083,8145
2023-04-21,Placer,061,380077,82008,10451,92459,685
2023-04-21,Plumas,063,18699,3848,464,4312,15
2023-04-21,Riverside,065,2383286,739572,42464,782036,6866
2023-04-21,Sacramento,067,1510023,375612,38921,414533,3592
2023-04-21,San Benito,069,59416,17813,1151,18964,116
2023-04-21,San Bernardino,071,2135413,714552,35021,749573,8139
2023-04-21,San Diego,073,3302833,992870,82384,1075254,5872
2023-04-21,San Francisco,075,870044,199219,13638,212857,1213
2023-04-21,San Joaquin,077,732212,211857,17160,229017,2456
2023-04-21,San Luis Obispo,079,281455,66910,8296,75206,576
2023-04-21,San Mateo,081,765935,185596,11291,196887,747
2023-04-21,Santa Barbara,083,443738,113036,7867,120903,766
2023-04-21,Santa Clara,085,1922200,481782,21737,503519,2810
2023-04-21,Santa Cruz,087,273765,69278,4114,73392,276
2023-04-21,Shasta,089,179085,36688,8427,45115,612
2023-04-21,Sierra,091,2930,313,61,374,5
2023-04-21,Siskiyou,093,43540,5503,3461,8964,95
2023-04-21,Solano,095,438530,115151,8838,123989,476
2023-04-21,Sonoma,097,501317,114896,5857,120753,570
2023-04-21,Stanislaus,099,539301,146316,23353,169669,1842
2023-04-21,Sutter,101,95872,25969,2553,28522,241
2023-04-21,Tehama,103,63373,14539,3461,18000,237
2023-04-21,Trinity,105,12862,1479,512,1991,24
2023-04-21,Tulare,107,460477,129418,41182,170600,1598
2023-04-21,Tuolumne,109,53932,17005,1017,18022,211
2023-04-21,Ventura,111,848112,222212,18307,240519,1702
2023-04-21,Yolo,113,214977,50499,5071,55570,453
2023-04-21,Yuba,115,75493,20197,1916,22113,134
2023-04-20,Alameda,001,1643700,384765,22992,407757,2151
2023-04-20,Alpine,002,1148,139,4,143,0
2023-04-20,Amador,005,37829,10671,1015,11686,98
2023-04-20,Butte,007,227075,41949,10437,52386,499
2023-04-20,Calaveras,009,45235,9075,647,9722,143
2023-04-20,Colusa,011,21464,4021,1389,5410,24
2023-04-20,Contra Costa,013,1133247,276344,22604,298948,1586
2023-04-20,Del Norte,015,27424,7962,493,8455,62
2023-04-20,El Dorado,017,186661,34920,4594,39514,247
2023-04-20,Fresno,019,978130,297030,35524,332554,3023
2023-04-20,Glenn,021,27897,5831,2038,7869,56
2023-04-20,Humboldt,023,135768,23543,5980,29523,171
2023-04-20,Imperial,025,180216,71359,19585,90944,982
2023-04-20,Inyo,027,18085,4804,1329,6133,63
2023-04-20,Kern,029,883053,231934,74435,306369,2499
2023-04-20,Kings,031,150075,63192,4527,67719,486
2023-04-20,Lake,033,64148,13752,1282,15034,165
2023-04-20,Lassen,035,31185,10285,1071,11356,65
2023-04-20,Los Angeles,037,10098052,3514209,223460,3737669,36009
2023-04-20,Madera,039,155013,46699,8962,55661,377
2023-04-20,Marin,041,260295,41371,5716,47087,260
2023-04-20,Mariposa,043,17540,3383,360,3743,31
2023-04-20,Mendocino,045,87422,17006,4847,21853,146
2023-04-20,Merced,047,269075,78062,13062,91124,903
2023-04-20,Modoc,049,8938,967,384,1351,11
2023-04-20,Mono,051,14174,3342,307,3649,8
2023-04-20,Monterey,053,433212,98715,24734,123449,813
2023-04-20,Napa,055,140530,34898,1541,36439,175
2023-04-20,Nevada,057,99092,20376,2369,22745,139
2023-04-20,Orange,059,3164182,718949,80033,798982,8144
2023-04-20,Placer,061,380077,81992,10449,92441,685
2023-04-20,Plumas,063,18699,3848,464,4312,15
2023-04-20,Riverside,065,2383286,739533,42443,781976,6866
2023-04-20,Sacramento,067,1510023,375530,38912,414442,3592
2023-04-20,San Benito,069,59416,17811,1151,18962,116
2023-04-20,San Bernardino,071,2135413,714495,35013,749508,8139
2023-04-20,San Diego,073,3302833,992788,82373,1075161,5872
2023-04-20,San Francisco,075,870044,199174,13634,212808,1213
2023-04-20,San Joaquin,077,732212,211840,17156,228996,2456
2023-04-20,San Luis Obispo,079,281455,66906,8286,75192,576
2023-04-20,San Mateo,081,765935,185575,11290,196865,747
2023-04-20,Santa Barbara,083,443738,113026,7866,120892,766
2023-04-20,Santa Clara,085,1922200,481718,21729,503447,2809
2023-04-20,Santa Cruz,087,273765,69270,4110,73380,276
2023-04-20,Shasta,089,179085,36685,8426,45111,612
2023-04-20,Sierra,091,2930,313,61,374,5
2023-04-20,Siskiyou,093,43540,5502,3460,8962,95
2023-04-20,Solano,095,438530,115124,8835,123959,476
2023-04-20,Sonoma,097,501317,114873,5856,120729,570
2023-04-20,Stanislaus,099,539301,146302,23351,169653,1842
2023-04-20,Sutter,101,95872,25964,2553,28517,241
2023-04-20,Tehama,103,63373,14537,3459,17996,237
2023-04-20,Trinity,105,12862,1479,512,1991,24
2023-04-20,Tulare,107,460477,129409,41171,170580,1597
2023-04-20,Tuolumne,109,53932,17004,1017,18021,211
2023-04-20,Ventura,111,848112,222197,18306,240503,1702
2023-04-20,Yolo,113,214977,50493,5070,55563,453
2023-04-20,Yuba,115,75493,20196,1915,22111,134
2023-04-19,Alameda,001,1643700,384679,22981,407660,2150
2023-04-19,Alpine,002,1148,139,4,143,0
2023-04-19,Amador,005,37829,10666,1015,11681,98
2023-04-19,Butte,007,227075,41945,10431,52376,499
2023-04-19,Calaveras,009,45235,9074,647,9721,143
2023-04-19,Colusa,011,21464,4021,1389,5410,24
2023-04-19,Contra Costa,013,1133247,276287,22599,298886,1586
2023-04-19,Del Norte,015,27424,7961,493,8454,62
2023-04-19,El Dorado,017,186661,34914,4593,39507,247
2023-04-19,Fresno,019,978130,297002,35511,332513,3023
2023-04-19,Glenn,021,27897,5829,2037,7866,56
2023-04-19,Humboldt,023,135768,23543,5979,29522,171
2023-04-19,Imperial,025,180216,71339,19569,90908,982
2023-04-19,Inyo,027,18085,4803,1329,6132,63
2023-04-19,Kern,029,883053,231924,74423,306347,2498
2023-04-19,Kings,031,150075,63186,4523,67709,486
2023-04-19,Lake,033,64148,13749,1282,15031,165
2023-04-19,Lassen,035,31185,10285,1070,11355,65
2023-04-19,Los Angeles,037,10098052,3513899,223409,3737308,36007
2023-04-19,Madera,039,155013,46695,8961,55656,377
2023-04-19,Marin,041,260295,41364,5715,47079,260
2023-04-19,Mariposa,043,17540,3383,360,3743,31
2023-04-19,Mendocino,045,87422,17005,4847,21852,146
2023-04-19,Merced,047,269075,78053,13060,91113,903
2023-04-19,Modoc,049,8938,965,384,1349,11
2023-04-19,Mono,051,14174,3342,307,3649,8
2023-04-19,Monterey,053,433212,98708,24713,123421,813
2023-04-19,Napa,055,140530,34893,1541,36434,175
2023-04-19,Nevada,057,99092,20372,2366,22738,139
2023-04-19,Orange,059,3164182,718863,80007,798870,8143
2023-04-19,Placer,061,380077,81982,10449,92431,685
2023-04-19,Plumas,063,18699,3848,464,4312,15
2023-04-19,Riverside,065,2383286,739493,42436,781929,6866
2023-04-19,Sacramento,067,1510023,375455,38905,414360,3592
2023-04-19,San Benito,069,59416,17810,1151,18961,116
2023-04-19,San Bernardino,071,2135413,714455,35008,749463,8139
2023-04-19,San Diego,073,3302833,992682,82359,1075041,5872
2023-04-19,San Francisco,075,870044,199134,13630,212764,1212
2023-04-19,San Joaquin,077,732212,211812,17155,228967,2456
2023-04-19,San Luis Obispo,079,281455,66903,8284,75187,576
2023-04-19,San Mateo,081,765935,185548,11290,196838,747
2023-04-19,Santa Barbara,083,443738,113008,7865,120873,766
2023-04-19,Santa Clara,085,1922200,481650,21726,503376,2809
2023-04-19,Santa Cruz,087,273765,69263,4105,73368,276
2023-04-19,Shasta,089,179085,36683,8421,45104,612
2023-04-19,Sierra,091,2930,313,61,374,5
2023-04-19,Siskiyou,093,43540,5502,3456,8958,95
2023-04-19,Solano,095,438530,115097,8830,123927,476
2023-04-19,Sonoma,097,501317,114845,5854,120699,570
2023-04-19,Stanislaus,099,539301,146294,23344,169638,1842
2023-04-19,Sutter,101,95872,25961,2551,28512,241
2023-04-19,Tehama,103,63373,14537,3456,17993,237
2023-04-19,Trinity,105,12862,1478,512,1990,24
2023-04-19,Tulare,107,460477,129399,41169,170568,1597
2023-04-19,Tuolumne,109,53932,17003,1017,18020,211
2023-04-19,Ventura,111,848112,222179,18302,240481,1702
2023-04-19,Yolo,113,214977,50489,5070,55559,453
2023-04-19,Yuba,115,75493,20193,1915,22108,134
2023-04-18,Alameda,001,1643700,384592,22975,407567,2150
2023-04-18,Alpine,002,1148,139,4,143,0
2023-04-18,Amador,005,37829,10663,1014,11677,98
2023-04-18,Butte,007,227075,41940,10426,52366,499
2023-04-18,Calaveras,009,45235,9073,647,9720,143
2023-04-18,Colusa,011,21464,4021,1389,5410,24
2023-04-18,Contra Costa,013,1133247,276230,22594,298824,1586
2023-04-18,Del Norte,015,27424,7961,493,8454,62
2023-04-18,El Dorado,017,186661,34905,4590,39495,247
2023-04-18,Fresno,019,978130,296965,35504,332469,3023
2023-04-18,Glenn,021,27897,5829,2037,7866,56
2023-04-18,Humboldt,023,135768,23541,5978,29519,171
2023-04-18,Imperial,025,180216,71320,19563,90883,982
2023-04-18,Inyo,027,18085,4803,1329,6132,63
2023-04-18,Kern,029,883053,231914,74406,306320,2498
2023-04-18,Kings,031,150075,63184,4522,67706,486
2023-04-18,Lake,033,64148,13748,1282,15030,165
2023-04-18,Lassen,035,31185,10285,1070,11355,65
2023-04-18,Los Angeles,037,10098052,3513623,223348,3736971,35999
2023-04-18,Madera,039,155013,46691,8959,55650,377
2023-04-18,Marin,041,260295,41350,5714,47064,260
2023-04-18,Mariposa,043,17540,3381,360,3741,31
2023-04-18,Mendocino,045,87422,17003,4846,21849,146
2023-04-18,Merced,047,269075,78046,13060,91106,903
2023-04-18,Modoc,049,8938,965,384,1349,11
2023-04-18,Mono,051,14174,3341,307,3648,8
2023-04-18,Monterey,053,433212,98703,24702,123405,813
2023-04-18,Napa,055,140530,34890,1541,36431,175
2023-04-18,Nevada,057,99092,20366,2362,22728,139
2023-04-18,Orange,059,3164182,718783,79977,798760,8142
2023-04-18,Placer,061,380077,81968,10445,92413,685
2023-04-18,Plumas,063,18699,3848,463,4311,15
2023-04-18,Riverside,065,2383286,739430,42417,781847,6866
2023-04-18,Sacramento,067,1510023,375378,38891,414269,3591
2023-04-18,San Benito,069,59416,17810,1151,18961,116
2023-04-18,San Bernardino,071,2135413,714386,34999,749385,8139
2023-04-18,San Diego,073,3302833,992575,82346,1074921,5872
2023-04-18,San Francisco,075,870044,199079,13626,212705,1211
2023-04-18,San Joaquin,077,732212,211792,17153,228945,2456
2023-04-18,San Luis Obispo,079,281455,66897,8278,75175,575
2023-04-18,San Mateo,081,765935,185523,11287,196810,747
2023-04-18,Santa Barbara,083,443738,112994,7864,120858,766
2023-04-18,Santa Clara,085,1922200,481578,21719,503297,2809
2023-04-18,Santa Cruz,087,273765,69252,4105,73357,276
2023-04-18,Shasta,089,179085,36680,8413,45093,612
2023-04-18,Sierra,091,2930,313,61,374,5
2023-04-18,Siskiyou,093,43540,5500,3451,8951,95
2023-04-18,Solano,095,438530,115078,8828,123906,476
2023-04-18,Sonoma,097,501317,114816,5854,120670,570
2023-04-18,Stanislaus,099,539301,146274,23342,169616,1842
2023-04-18,Sutter,101,95872,25954,2551,28505,241
2023-04-18,Tehama,103,63373,14537,3455,17992,237
2023-04-18,Trinity,105,12862,1478,512,1990,24
2023-04-18,Tulare,107,460477,129385,41156,170541,1596
2023-04-18,Tuolumne,109,53932,17002,1017,18019,211
2023-04-18,Ventura,111,848112,222159,18300,240459,1702
2023-04-18,Yolo,113,214977,50486,5064,55550,453
2023-04-18,Yuba,115,75493,20192,1913,22105,134
2023-04-17,Alameda,001,1643700,384503,22967,407470,2150
2023-04-17,Alpine,002,1148,139,4,143,0
2023-04-17,Amador,005,37829,10661,1013,11674,98
2023-04-17,Butte,007,227075,41936,10420,52356,498
2023-04-17,Calaveras,009,45235,9073,647,9720,143
2023-04-17,Colusa,011,21464,4021,1389,5410,24
2023-04-17,Contra Costa,013,1133247,276177,22591,298768,1586
2023-04-17,Del Norte,015,27424,7961,493,8454,62
2023-04-17,El Dorado,017,186661,34897,4588,39485,247
2023-04-17,Fresno,019,978130,296926,35484,332410,3023
2023-04-17,Glenn,021,27897,5828,2036,7864,56
2023-04-17,Humboldt,023,135768,23539,5978,29517,171
2023-04-17,Imperial,025,180216,71299,19549,90848,982
2023-04-17,Inyo,027,18085,4801,1329,6130,63
2023-04-17,Kern,029,883053,231895,74398,306293,2498
2023-04-17,Kings,031,150075,63179,4521,67700,486
2023-04-17,Lake,033,64148,13746,1282,15028,165
2023-04-17,Lassen,035,31185,10285,1070,11355,65
2023-04-17,Los Angeles,037,10098052,3513287,223258,3736545,35993
2023-04-17,Madera,039,155013,46688,8958,55646,377
2023-04-17,Marin,041,260295,41340,5713,47053,260
2023-04-17,Mariposa,043,17540,3380,360,3740,31
2023-04-17,Mendocino,045,87422,17003,4845,21848,146
2023-04-17,Merced,047,269075,78041,13060,91101,903
2023-04-17,Modoc,049,8938,965,383,1348,11
2023-04-17,Mono,051,14174,3341,307,3648,8
2023-04-17,Monterey,053,433212,98694,24685,123379,812
2023-04-17,Napa,055,140530,34886,1541,36427,175
2023-04-17,Nevada,057,99092,20362,2361,22723,139
2023-04-17,Orange,059,3164182,718695,79951,798646,8140
2023-04-17,Placer,061,380077,81949,10441,92390,684
2023-04-17,Plumas,063,18699,3847,463,4310,15
2023-04-17,Riverside,065,2383286,739360,42400,781760,6866
2023-04-17,Sacramento,067,1510023,375316,38883,414199,3591
2023-04-17,San Benito,069,59416,17809,1151,18960,116
2023-04-17,San Bernardino,071,2135413,714311,34988,749299,8139
2023-04-17,San Diego,073,3302833,992452,82326,1074778,5869
2023-04-17,San Francisco,075,870044,199010,13619,212629,1211
2023-04-17,San Joaquin,077,732212,211776,17144,228920,2456
2023-04-17,San Luis Obispo,079,281455,66889,8273,75162,575
2023-04-17,San Mateo,081,765935,185482,11284,196766,747
2023-04-17,Santa Barbara,083,443738,112979,7863,120842,766
2023-04-17,Santa Clara,085,1922200,481486,21709,503195,2809
2023-04-17,Santa Cruz,087,273765,69237,4104,73341,276
2023-04-17,Shasta,089,179085,36676,8412,45088,612
2023-04-17,Sierra,091,2930,313,61,374,5
2023-04-17,Siskiyou,093,43540,5500,3451,8951,95
2023-04-17,Solano,095,438530,115059,8824,123883,476
2023-04-17,Sonoma,097,501317,114792,5854,120646,570
2023-04-17,Stanislaus,099,539301,146258,23334,169592,1842
2023-04-17,Sutter,101,95872,25947,2551,28498,241
2023-04-17,Tehama,103,63373,14536,3455,17991,237
2023-04-17,Trinity,105,12862,1478,512,1990,24
2023-04-17,Tulare,107,460477,129377,41145,170522,1596
2023-04-17,Tuolumne,109,53932,17002,1017,18019,211
2023-04-17,Ventura,111,848112,222133,18297,240430,1702
2023-04-17,Yolo,113,214977,50481,5063,55544,453
2023-04-17,Yuba,115,75493,20189,1911,22100,134
2023-04-16,Alameda,001,1643700,384403,22957,407360,2150
2023-04-16,Alpine,002,1148,139,4,143,0
2023-04-16,Amador,005,37829,10659,1013,11672,98
2023-04-16,Butte,007,227075,41928,10417,52345,498
2023-04-16,Calaveras,009,45235,9071,647,9718,143
2023-04-16,Colusa,011,21464,4020,1389,5409,24
2023-04-16,Contra Costa,013,1133247,276087,22587,298674,1585
2023-04-16,Del Norte,015,27424,7961,493,8454,62
2023-04-16,El Dorado,017,186661,34886,4586,39472,247
2023-04-16,Fresno,019,978130,296891,35476,332367,3022
2023-04-16,Glenn,021,27897,5828,2034,7862,56
2023-04-16,Humboldt,023,135768,23539,5978,29517,171
2023-04-16,Imperial,025,180216,71256,19528,90784,982
2023-04-16,Inyo,027,18085,4801,1328,6129,63
2023-04-16,Kern,029,883053,231876,74379,306255,2498
2023-04-16,Kings,031,150075,63178,4521,67699,486
2023-04-16,Lake,033,64148,13745,1282,15027,165
2023-04-16,Lassen,035,31185,10284,1070,11354,65
2023-04-16,Los Angeles,037,10098052,3512924,223173,3736097,35990
2023-04-16,Madera,039,155013,46681,8955,55636,377
2023-04-16,Marin,041,260295,41329,5712,47041,260
2023-04-16,Mariposa,043,17540,3379,360,3739,31
2023-04-16,Mendocino,045,87422,17001,4843,21844,145
2023-04-16,Merced,047,269075,78023,13059,91082,903
2023-04-16,Modoc,049,8938,965,382,1347,11
2023-04-16,Mono,051,14174,3341,307,3648,8
2023-04-16,Monterey,053,433212,98684,24670,123354,812
2023-04-16,Napa,055,140530,34879,1541,36420,175
2023-04-16,Nevada,057,99092,20362,2360,22722,139
2023-04-16,Orange,059,3164182,718620,79921,798541,8139
2023-04-16,Placer,061,380077,81928,10441,92369,683
2023-04-16,Plumas,063,18699,3846,463,4309,15
2023-04-16,Riverside,065,2383286,739310,42385,781695,6866
2023-04-16,Sacramento,067,1510023,375232,38862,414094,3590
2023-04-16,San Benito,069,59416,17806,1151,18957,116
2023-04-16,San Bernardino,071,2135413,714212,34982,749194,8139
2023-04-16,San Diego,073,3302833,992284,82304,1074588,5868
2023-04-16,San Francisco,075,870044,198967,13605,212572,1210
2023-04-16,San Joaquin,077,732212,211742,17141,228883,2456
2023-04-16,San Luis Obispo,079,281455,66882,8267,75149,575
2023-04-16,San Mateo,081,765935,185450,11281,196731,747
2023-04-16,Santa Barbara,083,443738,112951,7860,120811,765
2023-04-16,Santa Clara,085,1922200,481390,21700,503090,2808
2023-04-16,Santa Cruz,087,273765,69221,4103,73324,276
2023-04-16,Shasta,089,179085,36672,8411,45083,612
2023-04-16,Sierra,091,2930,313,61,374,5
2023-04-16,Siskiyou,093,43540,5499,3451,8950,95
2023-04-16,Solano,095,438530,115027,8819,123846,476
2023-04-16,Sonoma,097,501317,114748,5853,120601,570
2023-04-16,Stanislaus,099,539301,146241,23327,169568,1842
2023-04-16,Sutter,101,95872,25943,2550,28493,241
2023-04-16,Tehama,103,63373,14533,3452,17985,237
2023-04-16,Trinity,105,12862,1477,512,1989,24
2023-04-16,Tulare,107,460477,129361,41135,170496,1596
2023-04-16,Tuolumne,109,53932,17001,1017,18018,211
2023-04-16,Ventura,111,848112,222111,18295,240406,1702
2023-04-16,Yolo,113,214977,50472,5061,55533,453
2023-04-16,Yuba,115,75493,20185,1911,22096,134
2023-04-15,Alameda,001,1643700,384333,22953,407286,2149
2023-04-15,Alpine,002,1148,139,4,143,0
2023-04-15,Amador,005,37829,10657,1013,11670,98
2023-04-15,Butte,007,227075,41924,10414,52338,498
2023-04-15,Calaveras,009,45235,9070,647,9717,143
2023-04-15,Colusa,011,21464,4020,1389,5409,23
2023-04-15,Contra Costa,013,1133247,276063,22586,298649,1585
2023-04-15,Del Norte,015,27424,7961,493,8454,62
2023-04-15,El Dorado,017,186661,34884,4586,39470,247
2023-04-15,Fresno,019,978130,296867,35469,332336,3022
2023-04-15,Glenn,021,27897,5827,2034,7861,56
2023-04-15,Humboldt,023,135768,23539,5978,29517,171
2023-04-15,Imperial,025,180216,71244,19526,90770,982
2023-04-15,Inyo,027,18085,4800,1328,6128,63
2023-04-15,Kern,029,883053,231864,74366,306230,2498
2023-04-15,Kings,031,150075,63173,4520,67693,486
2023-04-15,Lake,033,64148,13743,1282,15025,165
2023-04-15,Lassen,035,31185,10284,1070,11354,65
2023-04-15,Los Angeles,037,10098052,3512737,223138,3735875,35980
2023-04-15,Madera,039,155013,46676,8955,55631,377
2023-04-15,Marin,041,260295,41322,5710,47032,260
2023-04-15,Mariposa,043,17540,3379,360,3739,31
2023-04-15,Mendocino,045,87422,16997,4843,21840,145
2023-04-15,Merced,047,269075,78020,13059,91079,903
2023-04-15,Modoc,049,8938,965,381,1346,11
2023-04-15,Mono,051,14174,3341,307,3648,8
2023-04-15,Monterey,053,433212,98680,24654,123334,812
2023-04-15,Napa,055,140530,34877,1541,36418,175
2023-04-15,Nevada,057,99092,20361,2357,22718,139
2023-04-15,Orange,059,3164182,718576,79901,798477,8139
2023-04-15,Placer,061,380077,81917,10441,92358,683
2023-04-15,Plumas,063,18699,3846,463,4309,15
2023-04-15,Riverside,065,2383286,739266,42375,781641,6866
2023-04-15,Sacramento,067,1510023,375185,38858,414043,3590
2023-04-15,San Benito,069,59416,17804,1151,18955,116
2023-04-15,San Bernardino,071,2135413,714172,34976,749148,8139
2023-04-15,San Diego,073,3302833,992217,82296,1074513,5867
2023-04-15,San Francisco,075,870044,198940,13601,212541,1209
2023-04-15,San Joaquin,077,732212,211726,17140,228866,2456
2023-04-15,San Luis Obispo,079,281455,66879,8263,75142,575
2023-04-15,San Mateo,081,765935,185436,11280,196716,747
2023-04-15,Santa Barbara,083,443738,112942,7856,120798,765
2023-04-15,Santa Clara,085,1922200,481326,21696,503022,2807
2023-04-15,Santa Cruz,087,273765,69212,4103,73315,276
2023-04-15,Shasta,089,179085,36671,8410,45081,612
2023-04-15,Sierra,091,2930,313,61,374,5
2023-04-15,Siskiyou,093,43540,5498,3448,8946,95
2023-04-15,Solano,095,438530,115021,8818,123839,476
2023-04-15,Sonoma,097,501317,114731,5852,120583,570
2023-04-15,Stanislaus,099,539301,146229,23323,169552,1842
2023-04-15,Sutter,101,95872,25942,2550,28492,241
2023-04-15,Tehama,103,63373,14533,3452,17985,237
2023-04-15,Trinity,105,12862,1477,512,1989,24
2023-04-15,Tulare,107,460477,129355,41130,170485,1596
2023-04-15,Tuolumne,109,53932,17001,1017,18018,211
2023-04-15,Ventura,111,848112,222104,18291,240395,1702
2023-04-15,Yolo,113,214977,50466,5058,55524,453
2023-04-15,Yuba,115,75493,20185,1910,22095,134
2023-04-14,Alameda,001,1643700,384282,22951,407233,2149
2023-04-14,Alpine,002,1148,139,4,143,0
2023-04-14,Amador,005,37829,10657,1012,11669,98
2023-04-14,Butte,007,227075,41922,10413,52335,498
2023-04-14,Calaveras,009,45235,9070,647,9717,143
2023-04-14,Colusa,011,21464,4019,1389,5408,23
2023-04-14,Contra Costa,013,1133247,276023,22586,298609,1584
2023-04-14,Del Norte,015,27424,7961,493,8454,62
2023-04-14,El Dorado,017,186661,34881,4585,39466,247
2023-04-14,Fresno,019,978130,296844,35462,332306,3022
2023-04-14,Glenn,021,27897,5826,2034,7860,56
2023-04-14,Humboldt,023,135768,23539,5977,29516,171
2023-04-14,Imperial,025,180216,71232,19525,90757,982
2023-04-14,Inyo,027,18085,4799,1328,6127,63
2023-04-14,Kern,029,883053,231855,74358,306213,2498
2023-04-14,Kings,031,150075,63165,4520,67685,486
2023-04-14,Lake,033,64148,13743,1282,15025,165
2023-04-14,Lassen,035,31185,10284,1070,11354,65
2023-04-14,Los Angeles,037,10098052,3512523,223090,3735613,35975
2023-04-14,Madera,039,155013,46669,8955,55624,377
2023-04-14,Marin,041,260295,41314,5709,47023,260
2023-04-14,Mariposa,043,17540,3379,360,3739,31
2023-04-14,Mendocino,045,87422,16993,4843,21836,145
2023-04-14,Merced,047,269075,78014,13059,91073,903
2023-04-14,Modoc,049,8938,965,381,1346,11
2023-04-14,Mono,051,14174,3341,307,3648,8
2023-04-14,Monterey,053,433212,98674,24646,123320,812
2023-04-14,Napa,055,140530,34876,1541,36417,175
2023-04-14,Nevada,057,99092,20361,2357,22718,139
2023-04-14,Orange,059,3164182,718515,79884,798399,8138
2023-04-14,Placer,061,380077,81903,10438,92341,683
2023-04-14,Plumas,063,18699,3846,463,4309,15
2023-04-14,Riverside,065,2383286,739226,42369,781595,6865
2023-04-14,Sacramento,067,1510023,375137,38852,413989,3589
2023-04-14,San Benito,069,59416,17801,1150,18951,116
2023-04-14,San Bernardino,071,2135413,714121,34966,749087,8139
2023-04-14,San Diego,073,3302833,992136,82293,1074429,5867
2023-04-14,San Francisco,075,870044,198914,13597,212511,1209
2023-04-14,San Joaquin,077,732212,211697,17140,228837,2456
2023-04-14,San Luis Obispo,079,281455,66869,8263,75132,575
2023-04-14,San Mateo,081,765935,185419,11279,196698,747
2023-04-14,Santa Barbara,083,443738,112923,7856,120779,765
2023-04-14,Santa Clara,085,1922200,481252,21694,502946,2807
2023-04-14,Santa Cruz,087,273765,69203,4101,73304,276
2023-04-14,Shasta,089,179085,36668,8409,45077,612
2023-04-14,Sierra,091,2930,313,61,374,5
2023-04-14,Siskiyou,093,43540,5498,3448,8946,95
2023-04-14,Solano,095,438530,115007,8816,123823,476
2023-04-14,Sonoma,097,501317,114721,5848,120569,570
2023-04-14,Stanislaus,099,539301,146215,23323,169538,1842
2023-04-14,Sutter,101,95872,25940,2550,28490,241
2023-04-14,Tehama,103,63373,14531,3452,17983,237
2023-04-14,Trinity,105,12862,1477,512,1989,24
2023-04-14,Tulare,107,460477,129342,41126,170468,1596
2023-04-14,Tuolumne,109,53932,17001,1017,18018,211
2023-04-14,Ventura,111,848112,222092,18285,240377,1701
2023-04-14,Yolo,113,214977,50458,5057,55515,453
2023-04-14,Yuba,115,75493,20183,1910,22093,134
2023-04-13,Alameda,001,1643700,384205,22939,407144,2149
2023-04-13,Alpine,002,1148,139,4,143,0
2023-04-13,Amador,005,37829,10653,1011,11664,98
2023-04-13,Butte,007,227075,41918,10409,52327,498
2023-04-13,Calaveras,009,45235,9069,647,9716,143
2023-04-13,Colusa,011,21464,4019,1389,5408,23
2023-04-13,Contra Costa,013,1133247,275968,22582,298550,1584
2023-04-13,Del Norte,015,27424,7961,491,8452,62
2023-04-13,El Dorado,017,186661,34873,4584,39457,247
2023-04-13,Fresno,019,978130,296812,35452,332264,3022
2023-04-13,Glenn,021,27897,5825,2032,7857,56
2023-04-13,Humboldt,023,135768,23539,5976,29515,171
2023-04-13,Imperial,025,180216,71210,19512,90722,982
2023-04-13,Inyo,027,18085,4798,1328,6126,63
2023-04-13,Kern,029,883053,231839,74343,306182,2498
2023-04-13,Kings,031,150075,63161,4519,67680,486
2023-04-13,Lake,033,64148,13742,1282,15024,165
2023-04-13,Lassen,035,31185,10284,1070,11354,65
2023-04-13,Los Angeles,037,10098052,3512228,223022,3735250,35968
2023-04-13,Madera,039,155013,46659,8954,55613,377
2023-04-13,Marin,041,260295,41306,5709,47015,260
2023-04-13,Mariposa,043,17540,3379,360,3739,31
2023-04-13,Mendocino,045,87422,16993,4843,21836,145
2023-04-13,Merced,047,269075,78005,13059,91064,903
2023-04-13,Modoc,049,8938,965,381,1346,11
2023-04-13,Mono,051,14174,3341,307,3648,8
2023-04-13,Monterey,053,433212,98666,24630,123296,812
2023-04-13,Napa,055,140530,34874,1541,36415,175
2023-04-13,Nevada,057,99092,20353,2354,22707,139
2023-04-13,Orange,059,3164182,718439,79857,798296,8137
2023-04-13,Placer,061,380077,81889,10437,92326,683
2023-04-13,Plumas,063,18699,3845,463,4308,15
2023-04-13,Riverside,065,2383286,739171,42361,781532,6865
2023-04-13,Sacramento,067,1510023,375058,38844,413902,3589
2023-04-13,San Benito,069,59416,17798,1148,18946,116
2023-04-13,San Bernardino,071,2135413,714074,34961,749035,8139
2023-04-13,San Diego,073,3302833,992026,82277,1074303,5867
2023-04-13,San Francisco,075,870044,198870,13583,212453,1209
2023-04-13,San Joaquin,077,732212,211674,17136,228810,2455
2023-04-13,San Luis Obispo,079,281455,66858,8262,75120,575
2023-04-13,San Mateo,081,765935,185389,11277,196666,747
2023-04-13,Santa Barbara,083,443738,112913,7855,120768,765
2023-04-13,Santa Clara,085,1922200,481173,21683,502856,2806
2023-04-13,Santa Cruz,087,273765,69195,4097,73292,276
2023-04-13,Shasta,089,179085,36668,8407,45075,612
2023-04-13,Sierra,091,2930,313,61,374,5
2023-04-13,Siskiyou,093,43540,5498,3448,8946,95
2023-04-13,Solano,095,438530,114980,8814,123794,476
2023-04-13,Sonoma,097,501317,114702,5848,120550,569
2023-04-13,Stanislaus,099,539301,146207,23317,169524,1842
2023-04-13,Sutter,101,95872,25937,2549,28486,241
2023-04-13,Tehama,103,63373,14531,3452,17983,237
2023-04-13,Trinity,105,12862,1477,511,1988,24
2023-04-13,Tulare,107,460477,129324,41115,170439,1596
2023-04-13,Tuolumne,109,53932,16999,1017,18016,211
2023-04-13,Ventura,111,848112,222076,18284,240360,1701
2023-04-13,Yolo,113,214977,50455,5056,55511,453
2023-04-13,Yuba,115,75493,20182,1909,22091,134
2023-04-12,Alameda,001,1643700,384113,22933,407046,2149
2023-04-12,Alpine,002,1148,139,4,143,0
2023-04-12,Amador,005,37829,10651,1011,11662,98
2023-04-12,Butte,007,227075,41913,10403,52316,498
2023-04-12,Calaveras,009,45235,9067,647,9714,143
2023-04-12,Colusa,011,21464,4019,1389,5408,23
2023-04-12,Contra Costa,013,1133247,275899,22578,298477,1584
2023-04-12,Del Norte,015,27424,7961,491,8452,62
2023-04-12,El Dorado,017,186661,34868,4584,39452,247
2023-04-12,Fresno,019,978130,296766,35447,332213,3021
2023-04-12,Glenn,021,27897,5824,2032,7856,56
2023-04-12,Humboldt,023,135768,23535,5975,29510,171
2023-04-12,Imperial,025,180216,71185,19498,90683,982
2023-04-12,Inyo,027,18085,4798,1328,6126,63
2023-04-12,Kern,029,883053,231820,74338,306158,2498
2023-04-12,Kings,031,150075,63156,4519,67675,486
2023-04-12,Lake,033,64148,13735,1282,15017,165
2023-04-12,Lassen,035,31185,10284,1070,11354,65
2023-04-12,Los Angeles,037,10098052,3511859,222944,3734803,35964
2023-04-12,Madera,039,155013,46650,8950,55600,377
2023-04-12,Marin,041,260295,41294,5706,47000,260
2023-04-12,Mariposa,043,17540,3378,360,3738,31
2023-04-12,Mendocino,045,87422,16988,4843,21831,145
2023-04-12,Merced,047,269075,77999,13059,91058,903
2023-04-12,Modoc,049,8938,965,381,1346,11
2023-04-12,Mono,051,14174,3340,307,3647,8
2023-04-12,Monterey,053,433212,98660,24620,123280,812
2023-04-12,Napa,055,140530,34866,1541,36407,175
2023-04-12,Nevada,057,99092,20345,2353,22698,139
2023-04-12,Orange,059,3164182,718346,79830,798176,8135
2023-04-12,Placer,061,380077,81877,10433,92310,683
2023-04-12,Plumas,063,18699,3844,462,4306,15
2023-04-12,Riverside,065,2383286,739121,42341,781462,6865
2023-04-12,Sacramento,067,1510023,374999,38838,413837,3589
2023-04-12,San Benito,069,59416,17797,1147,18944,116
2023-04-12,San Bernardino,071,2135413,714014,34956,748970,8139
2023-04-12,San Diego,073,3302833,991906,82256,1074162,5867
2023-04-12,San Francisco,075,870044,198816,13582,212398,1209
2023-04-12,San Joaquin,077,732212,211636,17134,228770,2455
2023-04-12,San Luis Obispo,079,281455,66850,8261,75111,575
2023-04-12,San Mateo,081,765935,185359,11275,196634,747
2023-04-12,Santa Barbara,083,443738,112898,7854,120752,765
2023-04-12,Santa Clara,085,1922200,481091,21678,502769,2805
2023-04-12,Santa Cruz,087,273765,69179,4094,73273,276
2023-04-12,Shasta,089,179085,36663,8405,45068,612
2023-04-12,Sierra,091,2930,313,61,374,5
2023-04-12,Siskiyou,093,43540,5494,3448,8942,95
2023-04-12,Solano,095,438530,114949,8808,123757,476
2023-04-12,Sonoma,097,501317,114683,5848,120531,569
2023-04-12,Stanislaus,099,539301,146190,23317,169507,1842
2023-04-12,Sutter,101,95872,25932,2549,28481,241
2023-04-12,Tehama,103,63373,14531,3451,17982,237
2023-04-12,Trinity,105,12862,1477,510,1987,24
2023-04-12,Tulare,107,460477,129311,41110,170421,1595
2023-04-12,Tuolumne,109,53932,16997,1017,18014,211
2023-04-12,Ventura,111,848112,222055,18281,240336,1701
2023-04-12,Yolo,113,214977,50445,5052,55497,452
2023-04-12,Yuba,115,75493,20182,1909,22091,134
2023-04-11,Alameda,001,1643700,384022,22923,406945,2147
2023-04-11,Alpine,002,1148,139,4,143,0
2023-04-11,Amador,005,37829,10649,1011,11660,98
2023-04-11,Butte,007,227075,41906,10399,52305,498
2023-04-11,Calaveras,009,45235,9065,647,9712,143
2023-04-11,Colusa,011,21464,4019,1389,5408,23
2023-04-11,Contra Costa,013,1133247,275848,22565,298413,1584
2023-04-11,Del Norte,015,27424,7961,491,8452,62
2023-04-11,El Dorado,017,186661,34860,4583,39443,247
2023-04-11,Fresno,019,978130,296728,35433,332161,3021
2023-04-11,Glenn,021,27897,5823,2032,7855,56
2023-04-11,Humboldt,023,135768,23533,5974,29507,171
2023-04-11,Imperial,025,180216,71157,19488,90645,982
2023-04-11,Inyo,027,18085,4797,1328,6125,63
2023-04-11,Kern,029,883053,231797,74317,306114,2498
2023-04-11,Kings,031,150075,63144,4518,67662,486
2023-04-11,Lake,033,64148,13734,1282,15016,165
2023-04-11,Lassen,035,31185,10283,1070,11353,65
2023-04-11,Los Angeles,037,10098052,3511483,222845,3734328,35960
2023-04-11,Madera,039,155013,46642,8948,55590,377
2023-04-11,Marin,041,260295,41285,5706,46991,260
2023-04-11,Mariposa,043,17540,3378,360,3738,31
2023-04-11,Mendocino,045,87422,16986,4843,21829,145
2023-04-11,Merced,047,269075,77988,13058,91046,903
2023-04-11,Modoc,049,8938,964,378,1342,11
2023-04-11,Mono,051,14174,3340,307,3647,8
2023-04-11,Monterey,053,433212,98656,24610,123266,812
2023-04-11,Napa,055,140530,34860,1538,36398,175
2023-04-11,Nevada,057,99092,20342,2349,22691,139
2023-04-11,Orange,059,3164182,718273,79794,798067,8134
2023-04-11,Placer,061,380077,81863,10432,92295,683
2023-04-11,Plumas,063,18699,3843,462,4305,15
2023-04-11,Riverside,065,2383286,739058,42328,781386,6865
2023-04-11,Sacramento,067,1510023,374904,38829,413733,3589
2023-04-11,San Benito,069,59416,17795,1147,18942,116
2023-04-11,San Bernardino,071,2135413,713925,34948,748873,8139
2023-04-11,San Diego,073,3302833,991771,82227,1073998,5867
2023-04-11,San Francisco,075,870044,198755,13574,212329,1209
2023-04-11,San Joaquin,077,732212,211617,17131,228748,2455
2023-04-11,San Luis Obispo,079,281455,66842,8257,75099,575
2023-04-11,San Mateo,081,765935,185326,11273,196599,747
2023-04-11,Santa Barbara,083,443738,112877,7853,120730,765
2023-04-11,Santa Clara,085,1922200,481018,21675,502693,2805
2023-04-11,Santa Cruz,087,273765,69161,4090,73251,276
2023-04-11,Shasta,089,179085,36654,8404,45058,612
2023-04-11,Sierra,091,2930,313,61,374,5
2023-04-11,Siskiyou,093,43540,5494,3448,8942,95
2023-04-11,Solano,095,438530,114915,8808,123723,476
2023-04-11,Sonoma,097,501317,114660,5847,120507,569
2023-04-11,Stanislaus,099,539301,146167,23310,169477,1842
2023-04-11,Sutter,101,95872,25931,2549,28480,241
2023-04-11,Tehama,103,63373,14524,3451,17975,237
2023-04-11,Trinity,105,12862,1477,509,1986,24
2023-04-11,Tulare,107,460477,129294,41101,170395,1595
2023-04-11,Tuolumne,109,53932,16997,1017,18014,211
2023-04-11,Ventura,111,848112,222035,18278,240313,1701
2023-04-11,Yolo,113,214977,50439,5049,55488,452
2023-04-11,Yuba,115,75493,20178,1909,22087,134
2023-04-10,Alameda,001,1643700,383935,22918,406853,2147
2023-04-10,Alpine,002,1148,139,4,143,0
2023-04-10,Amador,005,37829,10648,1011,11659,98
2023-04-10,Butte,007,227075,41900,10398,52298,498
2023-04-10,Calaveras,009,45235,9065,647,9712,143
2023-04-10,Colusa,011,21464,4019,1389,5408,23
2023-04-10,Contra Costa,013,1133247,275776,22558,298334,1584
2023-04-10,Del Norte,015,27424,7960,491,8451,62
2023-04-10,El Dorado,017,186661,34854,4583,39437,247
2023-04-10,Fresno,019,978130,296687,35424,332111,3020
2023-04-10,Glenn,021,27897,5821,2032,7853,56
2023-04-10,Humboldt,023,135768,23532,5974,29506,171
2023-04-10,Imperial,025,180216,71125,19473,90598,982
2023-04-10,Inyo,027,18085,4797,1328,6125,63
2023-04-10,Kern,029,883053,231767,74302,306069,2498
2023-04-10,Kings,031,150075,63137,4516,67653,486
2023-04-10,Lake,033,64148,13732,1282,15014,165
2023-04-10,Lassen,035,31185,10282,1070,11352,65
2023-04-10,Los Angeles,037,10098052,3511087,222748,3733835,35955
2023-04-10,Madera,039,155013,46632,8947,55579,377
2023-04-10,Marin,041,260295,41273,5706,46979,260
2023-04-10,Mariposa,043,17540,3378,360,3738,31
2023-04-10,Mendocino,045,87422,16981,4840,21821,145
2023-04-10,Merced,047,269075,77978,13057,91035,903
2023-04-10,Modoc,049,8938,964,378,1342,11
2023-04-10,Mono,051,14174,3340,307,3647,8
2023-04-10,Monterey,053,433212,98649,24604,123253,812
2023-04-10,Napa,055,140530,34852,1538,36390,175
2023-04-10,Nevada,057,99092,20340,2349,22689,139
2023-04-10,Orange,059,3164182,718170,79755,797925,8130
2023-04-10,Placer,061,380077,81854,10431,92285,683
2023-04-10,Plumas,063,18699,3843,462,4305,15
2023-04-10,Riverside,065,2383286,738985,42310,781295,6865
2023-04-10,Sacramento,067,1510023,374819,38820,413639,3588
2023-04-10,San Benito,069,59416,17794,1146,18940,116
2023-04-10,San Bernardino,071,2135413,713856,34938,748794,8139
2023-04-10,San Diego,073,3302833,991615,82173,1073788,5867
2023-04-10,San Francisco,075,870044,198708,13564,212272,1209
2023-04-10,San Joaquin,077,732212,211600,17126,228726,2455
2023-04-10,San Luis Obispo,079,281455,66830,8255,75085,575
2023-04-10,San Mateo,081,765935,185290,11271,196561,747
2023-04-10,Santa Barbara,083,443738,112856,7852,120708,765
2023-04-10,Santa Clara,085,1922200,480929,21672,502601,2805
2023-04-10,Santa Cruz,087,273765,69144,4077,73221,276
2023-04-10,Shasta,089,179085,36650,8402,45052,612
2023-04-10,Sierra,091,2930,313,61,374,5
2023-04-10,Siskiyou,093,43540,5493,3448,8941,95
2023-04-10,Solano,095,438530,114894,8803,123697,476
2023-04-10,Sonoma,097,501317,114630,5845,120475,569
2023-04-10,Stanislaus,099,539301,146145,23309,169454,1842
2023-04-10,Sutter,101,95872,25930,2549,28479,241
2023-04-10,Tehama,103,63373,14522,3451,17973,237
2023-04-10,Trinity,105,12862,1477,508,1985,24
2023-04-10,Tulare,107,460477,129278,41088,170366,1595
2023-04-10,Tuolumne,109,53932,16996,1017,18013,211
2023-04-10,Ventura,111,848112,222014,18270,240284,1700
2023-04-10,Yolo,113,214977,50431,5048,55479,452
2023-04-10,Yuba,115,75493,20174,1909,22083,134
2023-04-09,Alameda,001,1643700,383828,22905,406733,2146
2023-04-09,Alpine,002,1148,139,4,143,0
2023-04-09,Amador,005,37829,10642,996,11638,98
2023-04-09,Butte,007,227075,41895,10390,52285,498
2023-04-09,Calaveras,009,45235,9063,647,9710,143
2023-04-09,Colusa,011,21464,4019,1389,5408,23
2023-04-09,Contra Costa,013,1133247,275691,22555,298246,1584
2023-04-09,Del Norte,015,27424,7960,491,8451,62
2023-04-09,El Dorado,017,186661,34842,4581,39423,247
2023-04-09,Fresno,019,978130,296638,35415,332053,3020
2023-04-09,Glenn,021,27897,5821,2032,7853,56
2023-04-09,Humboldt,023,135768,23530,5974,29504,171
2023-04-09,Imperial,025,180216,71090,19451,90541,982
2023-04-09,Inyo,027,18085,4797,1328,6125,63
2023-04-09,Kern,029,883053,231727,74284,306011,2498
2023-04-09,Kings,031,150075,63122,4515,67637,486
2023-04-09,Lake,033,64148,13728,1282,15010,165
2023-04-09,Lassen,035,31185,10282,1070,11352,65
2023-04-09,Los Angeles,037,10098052,3510519,222626,3733145,35949
2023-04-09,Madera,039,155013,46611,8942,55553,377
2023-04-09,Marin,041,260295,41257,5705,46962,260
2023-04-09,Mariposa,043,17540,3377,360,3737,31
2023-04-09,Mendocino,045,87422,16978,4837,21815,145
2023-04-09,Merced,047,269075,77971,13056,91027,903
2023-04-09,Modoc,049,8938,964,378,1342,11
2023-04-09,Mono,051,14174,3340,307,3647,8
2023-04-09,Monterey,053,433212,98641,24589,123230,812
2023-04-09,Napa,055,140530,34842,1538,36380,175
2023-04-09,Nevada,057,99092,20333,2349,22682,139
2023-04-09,Orange,059,3164182,718093,79719,797812,8129
2023-04-09,Placer,061,380077,81835,10428,92263,683
2023-04-09,Plumas,063,18699,3842,461,4303,15
2023-04-09,Riverside,065,2383286,738910,42291,781201,6864
2023-04-09,Sacramento,067,1510023,374734,38802,413536,3588
2023-04-09,San Benito,069,59416,17793,1146,18939,116
2023-04-09,San Bernardino,071,2135413,713751,34926,748677,8139
2023-04-09,San Diego,073,3302833,991438,82139,1073577,5867
2023-04-09,San Francisco,075,870044,198645,13563,212208,1207
2023-04-09,San Joaquin,077,732212,211584,17122,228706,2455
2023-04-09,San Luis Obispo,079,281455,66819,8249,75068,575
2023-04-09,San Mateo,081,765935,185251,11267,196518,747
2023-04-09,Santa Barbara,083,443738,112834,7852,120686,765
2023-04-09,Santa Clara,085,1922200,480805,21663,502468,2802
2023-04-09,Santa Cruz,087,273765,69122,4069,73191,276
2023-04-09,Shasta,089,179085,36642,8401,45043,612
2023-04-09,Sierra,091,2930,313,61,374,5
2023-04-09,Siskiyou,093,43540,5493,3448,8941,95
2023-04-09,Solano,095,438530,114862,8800,123662,476
2023-04-09,Sonoma,097,501317,114602,5845,120447,569
2023-04-09,Stanislaus,099,539301,146124,23303,169427,1842
2023-04-09,Sutter,101,95872,25925,2549,28474,241
2023-04-09,Tehama,103,63373,14519,3450,17969,237
2023-04-09,Trinity,105,12862,1477,507,1984,24
2023-04-09,Tulare,107,460477,129254,41077,170331,1595
2023-04-09,Tuolumne,109,53932,16995,1017,18012,211
2023-04-09,Ventura,111,848112,221996,18266,240262,1700
2023-04-09,Yolo,113,214977,50412,5045,55457,452
2023-04-09,Yuba,115,75493,20170,1908,22078,134
2023-04-08,Alameda,001,1643700,383778,22902,406680,2145
2023-04-08,Alpine,002,1148,139,4,143,0
2023-04-08,Amador,005,37829,10642,993,11635,98
2023-04-08,Butte,007,227075,41891,10388,52279,498
2023-04-08,Calaveras,009,45235,9059,647,9706,143
2023-04-08,Colusa,011,21464,4019,1389,5408,23
2023-04-08,Contra Costa,013,1133247,275652,22552,298204,1584
2023-04-08,Del Norte,015,27424,7960,491,8451,62
2023-04-08,El Dorado,017,186661,34840,4581,39421,247
2023-04-08,Fresno,019,978130,296613,35411,332024,3019
2023-04-08,Glenn,021,27897,5820,2032,7852,56
2023-04-08,Humboldt,023,135768,23529,5974,29503,171
2023-04-08,Imperial,025,180216,71074,19449,90523,981
2023-04-08,Inyo,027,18085,4797,1328,6125,63
2023-04-08,Kern,029,883053,231708,74273,305981,2498
2023-04-08,Kings,031,150075,63121,4515,67636,486
2023-04-08,Lake,033,64148,13727,1282,15009,165
2023-04-08,Lassen,035,31185,10282,1070,11352,65
2023-04-08,Los Angeles,037,10098052,3510337,222580,3732917,35942
2023-04-08,Madera,039,155013,46607,8941,55548,377
2023-04-08,Marin,041,260295,41253,5703,46956,260
2023-04-08,Mariposa,043,17540,3376,360,3736,31
2023-04-08,Mendocino,045,87422,16976,4836,21812,145
2023-04-08,Merced,047,269075,77966,13055,91021,903
2023-04-08,Modoc,049,8938,964,378,1342,11
2023-04-08,Mono,051,14174,3340,307,3647,8
2023-04-08,Monterey,053,433212,98635,24584,123219,812
2023-04-08,Napa,055,140530,34837,1538,36375,175
2023-04-08,Nevada,057,99092,20331,2349,22680,139
2023-04-08,Orange,059,3164182,718037,79693,797730,8127
2023-04-08,Placer,061,380077,81824,10426,92250,683
2023-04-08,Plumas,063,18699,3842,461,4303,15
2023-04-08,Riverside,065,2383286,738872,42275,781147,6864
2023-04-08,Sacramento,067,1510023,374703,38801,413504,3588
2023-04-08,San Benito,069,59416,17789,1145,18934,116
2023-04-08,San Bernardino,071,2135413,713701,34924,748625,8139
2023-04-08,San Diego,073,3302833,991342,82136,1073478,5867
2023-04-08,San Francisco,075,870044,198618,13562,212180,1206
2023-04-08,San Joaquin,077,732212,211562,17120,228682,2455
2023-04-08,San Luis Obispo,079,281455,66813,8247,75060,575
2023-04-08,San Mateo,081,765935,185223,11267,196490,747
2023-04-08,Santa Barbara,083,443738,112823,7851,120674,765
2023-04-08,Santa Clara,085,1922200,480748,21654,502402,2801
2023-04-08,Santa Cruz,087,273765,69118,4067,73185,276
2023-04-08,Shasta,089,179085,36642,8401,45043,612
2023-04-08,Sierra,091,2930,313,61,374,5
2023-04-08,Siskiyou,093,43540,5493,3448,8941,95
2023-04-08,Solano,095,438530,114858,8797,123655,476
2023-04-08,Sonoma,097,501317,114586,5845,120431,569
2023-04-08,Stanislaus,099,539301,146106,23301,169407,1842
2023-04-08,Sutter,101,95872,25923,2549,28472,241
2023-04-08,Tehama,103,63373,14519,3449,17968,237
2023-04-08,Trinity,105,12862,1476,507,1983,24
2023-04-08,Tulare,107,460477,129240,41072,170312,1595
2023-04-08,Tuolumne,109,53932,16994,1017,18011,211
2023-04-08,Ventura,111,848112,221976,18260,240236,1700
2023-04-08,Yolo,113,214977,50409,5043,55452,452
2023-04-08,Yuba,115,75493,20169,1908,22077,134
2023-04-07,Alameda,001,1643700,383727,22898,406625,2144
2023-04-07,Alpine,002,1148,139,4,143,0
2023-04-07,Amador,005,37829,10642,989,11631,98
2023-04-07,Butte,007,227075,41890,10385,52275,498
2023-04-07,Calaveras,009,45235,9058,647,9705,143
2023-04-07,Colusa,011,21464,4019,1389,5408,23
2023-04-07,Contra Costa,013,1133247,275609,22552,298161,1584
2023-04-07,Del Norte,015,27424,7960,491,8451,62
2023-04-07,El Dorado,017,186661,34834,4581,39415,247
2023-04-07,Fresno,019,978130,296571,35407,331978,3019
2023-04-07,Glenn,021,27897,5820,2032,7852,56
2023-04-07,Humboldt,023,135768,23528,5974,29502,171
2023-04-07,Imperial,025,180216,71060,19446,90506,981
2023-04-07,Inyo,027,18085,4797,1328,6125,63
2023-04-07,Kern,029,883053,231696,74254,305950,2498
2023-04-07,Kings,031,150075,63121,4515,67636,486
2023-04-07,Lake,033,64148,13727,1282,15009,165
2023-04-07,Lassen,035,31185,10282,1070,11352,65
2023-04-07,Los Angeles,037,10098052,3510077,222529,3732606,35937
2023-04-07,Madera,039,155013,46602,8941,55543,377
2023-04-07,Marin,041,260295,41242,5703,46945,260
2023-04-07,Mariposa,043,17540,3376,360,3736,31
2023-04-07,Mendocino,045,87422,16974,4836,21810,145
2023-04-07,Merced,047,269075,77960,13055,91015,903
2023-04-07,Modoc,049,8938,964,378,1342,11
2023-04-07,Mono,051,14174,3340,307,3647,8
2023-04-07,Monterey,053,433212,98629,24575,123204,812
2023-04-07,Napa,055,140530,34834,1529,36363,174
2023-04-07,Nevada,057,99092,20327,2349,22676,139
2023-04-07,Orange,059,3164182,717963,79669,797632,8124
2023-04-07,Placer,061,380077,81815,10424,92239,683
2023-04-07,Plumas,063,18699,3842,461,4303,15
2023-04-07,Riverside,065,2383286,738833,42260,781093,6864
2023-04-07,Sacramento,067,1510023,374654,38798,413452,3587
2023-04-07,San Benito,069,59416,17787,1145,18932,116
2023-04-07,San Bernardino,071,2135413,713651,34919,748570,8139
2023-04-07,San Diego,073,3302833,991257,82133,1073390,5866
2023-04-07,San Francisco,075,870044,198583,13557,212140,1206
2023-04-07,San Joaquin,077,732212,211539,17119,228658,2454
2023-04-07,San Luis Obispo,079,281455,66810,8242,75052,575
2023-04-07,San Mateo,081,765935,185193,11266,196459,747
2023-04-07,Santa Barbara,083,443738,112816,7850,120666,765
2023-04-07,Santa Clara,085,1922200,480689,21651,502340,2801
2023-04-07,Santa Cruz,087,273765,69110,4067,73177,276
2023-04-07,Shasta,089,179085,36640,8400,45040,612
2023-04-07,Sierra,091,2930,313,61,374,5
2023-04-07,Siskiyou,093,43540,5489,3448,8937,95
2023-04-07,Solano,095,438530,114845,8793,123638,476
2023-04-07,Sonoma,097,501317,114572,5845,120417,569
2023-04-07,Stanislaus,099,539301,146091,23299,169390,1842
2023-04-07,Sutter,101,95872,25917,2549,28466,241
2023-04-07,Tehama,103,63373,14519,3449,17968,237
2023-04-07,Trinity,105,12862,1476,507,1983,24
2023-04-07,Tulare,107,460477,129234,41063,170297,1595
2023-04-07,Tuolumne,109,53932,16994,1017,18011,211
2023-04-07,Ventura,111,848112,221953,18257,240210,1700
2023-04-07,Yolo,113,214977,50404,5041,55445,452
2023-04-07,Yuba,115,75493,20165,1908,22073,134
2023-04-06,Alameda,001,1643700,383654,22892,406546,2144
2023-04-06,Alpine,002,1148,139,4,143,0
2023-04-06,Amador,005,37829,10641,986,11627,98
2023-04-06,Butte,007,227075,41888,10379,52267,498
2023-04-06,Calaveras,009,45235,9057,647,9704,143
2023-04-06,Colusa,011,21464,4019,1389,5408,23
2023-04-06,Contra Costa,013,1133247,275555,22547,298102,1584
2023-04-06,Del Norte,015,27424,7959,491,8450,62
2023-04-06,El Dorado,017,186661,34828,4580,39408,247
2023-04-06,Fresno,019,978130,296539,35403,331942,3019
2023-04-06,Glenn,021,27897,5820,2032,7852,56
2023-04-06,Humboldt,023,135768,23526,5974,29500,171
2023-04-06,Imperial,025,180216,71045,19441,90486,981
2023-04-06,Inyo,027,18085,4796,1328,6124,63
2023-04-06,Kern,029,883053,231675,74234,305909,2498
2023-04-06,Kings,031,150075,63113,4515,67628,486
2023-04-06,Lake,033,64148,13723,1282,15005,165
2023-04-06,Lassen,035,31185,10282,1070,11352,65
2023-04-06,Los Angeles,037,10098052,3509733,222447,3732180,35932
2023-04-06,Madera,039,155013,46590,8941,55531,377
2023-04-06,Marin,041,260295,41232,5702,46934,260
2023-04-06,Mariposa,043,17540,3376,360,3736,31
2023-04-06,Mendocino,045,87422,16972,4836,21808,145
2023-04-06,Merced,047,269075,77954,13054,91008,903
2023-04-06,Modoc,049,8938,964,378,1342,11
2023-04-06,Mono,051,14174,3340,307,3647,8
2023-04-06,Monterey,053,433212,98621,24569,123190,812
2023-04-06,Napa,055,140530,34831,1529,36360,174
2023-04-06,Nevada,057,99092,20321,2349,22670,139
2023-04-06,Orange,059,3164182,717904,79644,797548,8124
2023-04-06,Placer,061,380077,81807,10422,92229,683
2023-04-06,Plumas,063,18699,3841,461,4302,15
2023-04-06,Riverside,065,2383286,738777,42251,781028,6863
2023-04-06,Sacramento,067,1510023,374589,38792,413381,3587
2023-04-06,San Benito,069,59416,17785,1145,18930,116
2023-04-06,San Bernardino,071,2135413,713590,34911,748501,8139
2023-04-06,San Diego,073,3302833,991132,82107,1073239,5865
2023-04-06,San Francisco,075,870044,198551,13554,212105,1205
2023-04-06,San Joaquin,077,732212,211515,17115,228630,2453
2023-04-06,San Luis Obispo,079,281455,66797,8239,75036,575
2023-04-06,San Mateo,081,765935,185157,11266,196423,747
2023-04-06,Santa Barbara,083,443738,112802,7850,120652,765
2023-04-06,Santa Clara,085,1922200,480599,21642,502241,2801
2023-04-06,Santa Cruz,087,273765,69098,4062,73160,276
2023-04-06,Shasta,089,179085,36636,8398,45034,612
2023-04-06,Sierra,091,2930,313,61,374,5
2023-04-06,Siskiyou,093,43540,5489,3448,8937,95
2023-04-06,Solano,095,438530,114826,8790,123616,476
2023-04-06,Sonoma,097,501317,114554,5844,120398,569
2023-04-06,Stanislaus,099,539301,146077,23292,169369,1842
2023-04-06,Sutter,101,95872,25914,2548,28462,241
2023-04-06,Tehama,103,63373,14517,3449,17966,237
2023-04-06,Trinity,105,12862,1476,507,1983,24
2023-04-06,Tulare,107,460477,129223,41059,170282,1595
2023-04-06,Tuolumne,109,53932,16994,1017,18011,211
2023-04-06,Ventura,111,848112,221932,18254,240186,1700
2023-04-06,Yolo,113,214977,50394,5034,55428,452
2023-04-06,Yuba,115,75493,20162,1908,22070,134
2023-04-05,Alameda,001,1643700,383560,22888,406448,2144
2023-04-05,Alpine,002,1148,139,4,143,0
2023-04-05,Amador,005,37829,10640,983,11623,98
2023-04-05,Butte,007,227075,41886,10374,52260,498
2023-04-05,Calaveras,009,45235,9056,647,9703,143
2023-04-05,Colusa,011,21464,4019,1389,5408,23
2023-04-05,Contra Costa,013,1133247,275490,22541,298031,1584
2023-04-05,Del Norte,015,27424,7959,488,8447,61
2023-04-05,El Dorado,017,186661,34822,4579,39401,247
2023-04-05,Fresno,019,978130,296503,35396,331899,3019
2023-04-05,Glenn,021,27897,5819,2031,7850,56
2023-04-05,Humboldt,023,135768,23524,5974,29498,171
2023-04-05,Imperial,025,180216,71021,19422,90443,981
2023-04-05,Inyo,027,18085,4795,1328,6123,63
2023-04-05,Kern,029,883053,231657,74223,305880,2498
2023-04-05,Kings,031,150075,63106,4515,67621,486
2023-04-05,Lake,033,64148,13722,1282,15004,165
2023-04-05,Lassen,035,31185,10282,1069,11351,65
2023-04-05,Los Angeles,037,10098052,3509377,222374,3731751,35925
2023-04-05,Madera,039,155013,46566,8940,55506,377
2023-04-05,Marin,041,260295,41209,5701,46910,260
2023-04-05,Mariposa,043,17540,3376,360,3736,31
2023-04-05,Mendocino,045,87422,16972,4836,21808,145
2023-04-05,Merced,047,269075,77946,13049,90995,903
2023-04-05,Modoc,049,8938,964,378,1342,11
2023-04-05,Mono,051,14174,3340,306,3646,8
2023-04-05,Monterey,053,433212,98614,24557,123171,812
2023-04-05,Napa,055,140530,34828,1529,36357,174
2023-04-05,Nevada,057,99092,20308,2348,22656,139
2023-04-05,Orange,059,3164182,717806,79609,797415,8120
2023-04-05,Placer,061,380077,81795,10419,92214,683
2023-04-05,Plumas,063,18699,3839,461,4300,15
2023-04-05,Riverside,065,2383286,738721,42238,780959,6863
2023-04-05,Sacramento,067,1510023,374514,38789,413303,3584
2023-04-05,San Benito,069,59416,17779,1145,18924,116
2023-04-05,San Bernardino,071,2135413,713529,34902,748431,8139
2023-04-05,San Diego,073,3302833,991025,82087,1073112,5864
2023-04-05,San Francisco,075,870044,198512,13551,212063,1203
2023-04-05,San Joaquin,077,732212,211483,17109,228592,2453
2023-04-05,San Luis Obispo,079,281455,66788,8237,75025,574
2023-04-05,San Mateo,081,765935,185121,11264,196385,747
2023-04-05,Santa Barbara,083,443738,112797,7845,120642,765
2023-04-05,Santa Clara,085,1922200,480518,21633,502151,2801
2023-04-05,Santa Cruz,087,273765,69083,4055,73138,276
2023-04-05,Shasta,089,179085,36634,8394,45028,612
2023-04-05,Sierra,091,2930,313,61,374,5
2023-04-05,Siskiyou,093,43540,5489,3448,8937,95
2023-04-05,Solano,095,438530,114808,8788,123596,476
2023-04-05,Sonoma,097,501317,114540,5842,120382,568
2023-04-05,Stanislaus,099,539301,146056,23288,169344,1842
2023-04-05,Sutter,101,95872,25909,2548,28457,241
2023-04-05,Tehama,103,63373,14516,3449,17965,237
2023-04-05,Trinity,105,12862,1476,507,1983,24
2023-04-05,Tulare,107,460477,129216,41053,170269,1595
2023-04-05,Tuolumne,109,53932,16992,1017,18009,211
2023-04-05,Ventura,111,848112,221910,18252,240162,1700
2023-04-05,Yolo,113,214977,50387,5030,55417,452
2023-04-05,Yuba,115,75493,20159,1907,22066,134
2023-04-04,Alameda,001,1643700,383470,22881,406351,2144
2023-04-04,Alpine,002,1148,139,4,143,0
2023-04-04,Amador,005,37829,10639,981,11620,98
2023-04-04,Butte,007,227075,41884,10371,52255,498
2023-04-04,Calaveras,009,45235,9055,647,9702,143
2023-04-04,Colusa,011,21464,4019,1388,5407,23
2023-04-04,Contra Costa,013,1133247,275435,22537,297972,1584
2023-04-04,Del Norte,015,27424,7959,488,8447,61
2023-04-04,El Dorado,017,186661,34817,4579,39396,247
2023-04-04,Fresno,019,978130,296455,35381,331836,3019
2023-04-04,Glenn,021,27897,5819,2031,7850,56
2023-04-04,Humboldt,023,135768,23519,5973,29492,171
2023-04-04,Imperial,025,180216,71001,19407,90408,981
2023-04-04,Inyo,027,18085,4793,1328,6121,63
2023-04-04,Kern,029,883053,231632,74204,305836,2498
2023-04-04,Kings,031,150075,63098,4515,67613,486
2023-04-04,Lake,033,64148,13721,1282,15003,165
2023-04-04,Lassen,035,31185,10282,1069,11351,65
2023-04-04,Los Angeles,037,10098052,3509021,222289,3731310,35919
2023-04-04,Madera,039,155013,46552,8939,55491,377
2023-04-04,Marin,041,260295,41192,5696,46888,260
2023-04-04,Mariposa,043,17540,3375,360,3735,31
2023-04-04,Mendocino,045,87422,16969,4836,21805,145
2023-04-04,Merced,047,269075,77942,13046,90988,903
2023-04-04,Modoc,049,8938,964,378,1342,11
2023-04-04,Mono,051,14174,3339,306,3645,8
2023-04-04,Monterey,053,433212,98605,24549,123154,812
2023-04-04,Napa,055,140530,34826,1529,36355,174
2023-04-04,Nevada,057,99092,20303,2348,22651,139
2023-04-04,Orange,059,3164182,717731,79585,797316,8119
2023-04-04,Placer,061,380077,81780,10418,92198,683
2023-04-04,Plumas,063,18699,3839,461,4300,15
2023-04-04,Riverside,065,2383286,738658,42220,780878,6863
2023-04-04,Sacramento,067,1510023,374430,38786,413216,3583
2023-04-04,San Benito,069,59416,17777,1145,18922,116
2023-04-04,San Bernardino,071,2135413,713446,34897,748343,8139
2023-04-04,San Diego,073,3302833,990902,82066,1072968,5864
2023-04-04,San Francisco,075,870044,198465,13550,212015,1201
2023-04-04,San Joaquin,077,732212,211451,17107,228558,2452
2023-04-04,San Luis Obispo,079,281455,66777,8226,75003,574
2023-04-04,San Mateo,081,765935,185097,11261,196358,747
2023-04-04,Santa Barbara,083,443738,112785,7842,120627,765
2023-04-04,Santa Clara,085,1922200,480424,21621,502045,2801
2023-04-04,Santa Cruz,087,273765,69060,4052,73112,276
2023-04-04,Shasta,089,179085,36630,8391,45021,612
2023-04-04,Sierra,091,2930,313,61,374,5
2023-04-04,Siskiyou,093,43540,5487,3448,8935,95
2023-04-04,Solano,095,438530,114789,8783,123572,476
2023-04-04,Sonoma,097,501317,114523,5841,120364,567
2023-04-04,Stanislaus,099,539301,146042,23287,169329,1842
2023-04-04,Sutter,101,95872,25904,2548,28452,241
2023-04-04,Tehama,103,63373,14515,3448,17963,237
2023-04-04,Trinity,105,12862,1475,507,1982,24
2023-04-04,Tulare,107,460477,129206,41048,170254,1595
2023-04-04,Tuolumne,109,53932,16991,1017,18008,211
2023-04-04,Ventura,111,848112,221889,18251,240140,1700
2023-04-04,Yolo,113,214977,50383,5028,55411,452
2023-04-04,Yuba,115,75493,20156,1907,22063,134
2023-04-03,Alameda,001,1643700,383395,22876,406271,2144
2023-04-03,Alpine,002,1148,139,4,143,0
2023-04-03,Amador,005,37829,10637,979,11616,98
2023-04-03,Butte,007,227075,41881,10366,52247,498
2023-04-03,Calaveras,009,45235,9054,647,9701,143
2023-04-03,Colusa,011,21464,4018,1388,5406,23
2023-04-03,Contra Costa,013,1133247,275360,22534,297894,1584
2023-04-03,Del Norte,015,27424,7958,488,8446,61
2023-04-03,El Dorado,017,186661,34814,4579,39393,247
2023-04-03,Fresno,019,978130,296417,35375,331792,3019
2023-04-03,Glenn,021,27897,5819,2030,7849,56
2023-04-03,Humboldt,023,135768,23516,5969,29485,171
2023-04-03,Imperial,025,180216,70976,19393,90369,981
2023-04-03,Inyo,027,18085,4792,1327,6119,63
2023-04-03,Kern,029,883053,231612,74188,305800,2498
2023-04-03,Kings,031,150075,63093,4514,67607,486
2023-04-03,Lake,033,64148,13718,1282,15000,165
2023-04-03,Lassen,035,31185,10282,1069,11351,65
2023-04-03,Los Angeles,037,10098052,3508651,222208,3730859,35912
2023-04-03,Madera,039,155013,46547,8939,55486,377
2023-04-03,Marin,041,260295,41174,5692,46866,260
2023-04-03,Mariposa,043,17540,3374,360,3734,31
2023-04-03,Mendocino,045,87422,16967,4836,21803,145
2023-04-03,Merced,047,269075,77928,13043,90971,903
2023-04-03,Modoc,049,8938,963,378,1341,11
2023-04-03,Mono,051,14174,3339,306,3645,8
2023-04-03,Monterey,053,433212,98596,24544,123140,812
2023-04-03,Napa,055,140530,34819,1529,36348,174
2023-04-03,Nevada,057,99092,20297,2347,22644,139
2023-04-03,Orange,059,3164182,717652,79547,797199,8119
2023-04-03,Placer,061,380077,81751,10416,92167,683
2023-04-03,Plumas,063,18699,3839,461,4300,15
2023-04-03,Riverside,065,2383286,738584,42191,780775,6863
2023-04-03,Sacramento,067,1510023,374370,38775,413145,3583
2023-04-03,San Benito,069,59416,17772,1145,18917,115
2023-04-03,San Bernardino,071,2135413,713371,34893,748264,8139
2023-04-03,San Diego,073,3302833,990769,82038,1072807,5864
2023-04-03,San Francisco,075,870044,198410,13545,211955,1201
2023-04-03,San Joaquin,077,732212,211418,17105,228523,2452
2023-04-03,San Luis Obispo,079,281455,66770,8222,74992,574
2023-04-03,San Mateo,081,765935,185065,11260,196325,747
2023-04-03,Santa Barbara,083,443738,112757,7835,120592,765
2023-04-03,Santa Clara,085,1922200,480308,21605,501913,2799
2023-04-03,Santa Cruz,087,273765,69041,4051,73092,276
2023-04-03,Shasta,089,179085,36625,8388,45013,612
2023-04-03,Sierra,091,2930,313,61,374,5
2023-04-03,Siskiyou,093,43540,5486,3448,8934,95
2023-04-03,Solano,095,438530,114757,8782,123539,476
2023-04-03,Sonoma,097,501317,114503,5840,120343,567
2023-04-03,Stanislaus,099,539301,146019,23268,169287,1842
2023-04-03,Sutter,101,95872,25900,2548,28448,241
2023-04-03,Tehama,103,63373,14514,3445,17959,237
2023-04-03,Trinity,105,12862,1475,507,1982,24
2023-04-03,Tulare,107,460477,129187,41044,170231,1595
2023-04-03,Tuolumne,109,53932,16991,1017,18008,211
2023-04-03,Ventura,111,848112,221873,18251,240124,1700
2023-04-03,Yolo,113,214977,50369,5024,55393,452
2023-04-03,Yuba,115,75493,20151,1907,22058,134
2023-04-02,Alameda,001,1643700,383282,22868,406150,2143
2023-04-02,Alpine,002,1148,139,4,143,0
2023-04-02,Amador,005,37829,10634,978,11612,98
2023-04-02,Butte,007,227075,41877,10365,52242,497
2023-04-02,Calaveras,009,45235,9053,647,9700,143
2023-04-02,Colusa,011,21464,4017,1388,5405,23
2023-04-02,Contra Costa,013,1133247,275289,22532,297821,1584
2023-04-02,Del Norte,015,27424,7957,488,8445,61
2023-04-02,El Dorado,017,186661,34799,4578,39377,247
2023-04-02,Fresno,019,978130,296372,35367,331739,3019
2023-04-02,Glenn,021,27897,5816,2028,7844,56
2023-04-02,Humboldt,023,135768,23512,5968,29480,171
2023-04-02,Imperial,025,180216,70944,19364,90308,981
2023-04-02,Inyo,027,18085,4791,1326,6117,63
2023-04-02,Kern,029,883053,231579,74168,305747,2498
2023-04-02,Kings,031,150075,63085,4513,67598,486
2023-04-02,Lake,033,64148,13715,1282,14997,165
2023-04-02,Lassen,035,31185,10282,1068,11350,65
2023-04-02,Los Angeles,037,10098052,3508229,222123,3730352,35905
2023-04-02,Madera,039,155013,46541,8939,55480,377
2023-04-02,Marin,041,260295,41154,5690,46844,260
2023-04-02,Mariposa,043,17540,3374,360,3734,31
2023-04-02,Mendocino,045,87422,16966,4836,21802,145
2023-04-02,Merced,047,269075,77918,13040,90958,903
2023-04-02,Modoc,049,8938,963,378,1341,11
2023-04-02,Mono,051,14174,3339,305,3644,8
2023-04-02,Monterey,053,433212,98591,24534,123125,811
2023-04-02,Napa,055,140530,34815,1529,36344,174
2023-04-02,Nevada,057,99092,20284,2346,22630,139
2023-04-02,Orange,059,3164182,717530,79514,797044,8116
2023-04-02,Placer,061,380077,81739,10412,92151,683
2023-04-02,Plumas,063,18699,3839,461,4300,15
2023-04-02,Riverside,065,2383286,738493,42164,780657,6863
2023-04-02,Sacramento,067,1510023,374276,38768,413044,3583
2023-04-02,San Benito,069,59416,17769,1145,18914,115
2023-04-02,San Bernardino,071,2135413,713268,34883,748151,8139
2023-04-02,San Diego,073,3302833,990620,82006,1072626,5863
2023-04-02,San Francisco,075,870044,198362,13538,211900,1201
2023-04-02,San Joaquin,077,732212,211382,17101,228483,2452
2023-04-02,San Luis Obispo,079,281455,66761,8220,74981,574
2023-04-02,San Mateo,081,765935,185024,11259,196283,747
2023-04-02,Santa Barbara,083,443738,112740,7827,120567,765
2023-04-02,Santa Clara,085,1922200,480174,21597,501771,2798
2023-04-02,Santa Cruz,087,273765,69018,4047,73065,276
2023-04-02,Shasta,089,179085,36619,8383,45002,612
2023-04-02,Sierra,091,2930,313,61,374,5
2023-04-02,Siskiyou,093,43540,5484,3448,8932,95
2023-04-02,Solano,095,438530,114743,8780,123523,476
2023-04-02,Sonoma,097,501317,114478,5837,120315,567
2023-04-02,Stanislaus,099,539301,145996,23267,169263,1842
2023-04-02,Sutter,101,95872,25891,2548,28439,241
2023-04-02,Tehama,103,63373,14514,3445,17959,237
2023-04-02,Trinity,105,12862,1475,507,1982,24
2023-04-02,Tulare,107,460477,129177,41033,170210,1595
2023-04-02,Tuolumne,109,53932,16991,1014,18005,211
2023-04-02,Ventura,111,848112,221847,18250,240097,1700
2023-04-02,Yolo,113,214977,50354,5021,55375,452
2023-04-02,Yuba,115,75493,20146,1905,22051,134
2023-04-01,Alameda,001,1643700,383228,22865,406093,2142
2023-04-01,Alpine,002,1148,139,4,143,0
2023-04-01,Amador,005,37829,10633,977,11610,98
2023-04-01,Butte,007,227075,41875,10363,52238,497
2023-04-01,Calaveras,009,45235,9052,647,9699,143
2023-04-01,Colusa,011,21464,4017,1388,5405,23
2023-04-01,Contra Costa,013,1133247,275252,22529,297781,1584
2023-04-01,Del Norte,015,27424,7957,487,8444,61
2023-04-01,El Dorado,017,186661,34790,4578,39368,247
2023-04-01,Fresno,019,978130,296344,35364,331708,3019
2023-04-01,Glenn,021,27897,5816,2027,7843,56
2023-04-01,Humboldt,023,135768,23512,5968,29480,171
2023-04-01,Imperial,025,180216,70933,19360,90293,981
2023-04-01,Inyo,027,18085,4791,1326,6117,63
2023-04-01,Kern,029,883053,231564,74155,305719,2498
2023-04-01,Kings,031,150075,63082,4513,67595,486
2023-04-01,Lake,033,64148,13715,1282,14997,165
2023-04-01,Lassen,035,31185,10282,1068,11350,65
2023-04-01,Los Angeles,037,10098052,3508023,222078,3730101,35897
2023-04-01,Madera,039,155013,46538,8938,55476,377
2023-04-01,Marin,041,260295,41148,5686,46834,260
2023-04-01,Mariposa,043,17540,3374,360,3734,31
2023-04-01,Mendocino,045,87422,16962,4836,21798,145
2023-04-01,Merced,047,269075,77911,13040,90951,903
2023-04-01,Modoc,049,8938,963,378,1341,11
2023-04-01,Mono,051,14174,3339,305,3644,8
2023-04-01,Monterey,053,433212,98587,24530,123117,811
2023-04-01,Napa,055,140530,34815,1529,36344,174
2023-04-01,Nevada,057,99092,20281,2346,22627,138
2023-04-01,Orange,059,3164182,717467,79500,796967,8115
2023-04-01,Placer,061,380077,81721,10412,92133,683
2023-04-01,Plumas,063,18699,3838,461,4299,15
2023-04-01,Riverside,065,2383286,738445,42150,780595,6863
2023-04-01,Sacramento,067,1510023,374230,38761,412991,3582
2023-04-01,San Benito,069,59416,17762,1145,18907,115
2023-04-01,San Bernardino,071,2135413,713217,34878,748095,8139
2023-04-01,San Diego,073,3302833,990539,81983,1072522,5863
2023-04-01,San Francisco,075,870044,198330,13534,211864,1201
2023-04-01,San Joaquin,077,732212,211356,17099,228455,2451
2023-04-01,San Luis Obispo,079,281455,66753,8215,74968,574
2023-04-01,San Mateo,081,765935,184993,11257,196250,747
2023-04-01,Santa Barbara,083,443738,112726,7821,120547,765
2023-04-01,Santa Clara,085,1922200,480111,21591,501702,2798
2023-04-01,Santa Cruz,087,273765,69009,4047,73056,276
2023-04-01,Shasta,089,179085,36619,8383,45002,612
2023-04-01,Sierra,091,2930,313,61,374,5
2023-04-01,Siskiyou,093,43540,5484,3448,8932,95
2023-04-01,Solano,095,438530,114735,8777,123512,476
2023-04-01,Sonoma,097,501317,114470,5834,120304,565
2023-04-01,Stanislaus,099,539301,145979,23265,169244,1842
2023-04-01,Sutter,101,95872,25887,2548,28435,241
2023-04-01,Tehama,103,63373,14513,3443,17956,237
2023-04-01,Trinity,105,12862,1475,507,1982,24
2023-04-01,Tulare,107,460477,129168,41030,170198,1595
2023-04-01,Tuolumne,109,53932,16990,1014,18004,211
2023-04-01,Ventura,111,848112,221834,18250,240084,1700
2023-04-01,Yolo,113,214977,50346,5018,55364,452
2023-04-01,Yuba,115,75493,20145,1904,22049,134
2023-03-31,Alameda,001,1643700,383162,22861,406023,2142
2023-03-31,Alpine,002,1148,139,4,143,0
2023-03-31,Amador,005,37829,10631,974,11605,98
2023-03-31,Butte,007,227075,41874,10363,52237,497
2023-03-31,Calaveras,009,45235,9051,647,9698,143
2023-03-31,Colusa,011,21464,4016,1388,5404,23
2023-03-31,Contra Costa,013,1133247,275198,22527,297725,1583
2023-03-31,Del Norte,015,27424,7957,487,8444,61
2023-03-31,El Dorado,017,186661,34781,4577,39358,247
2023-03-31,Fresno,019,978130,296314,35357,331671,3019
2023-03-31,Glenn,021,27897,5816,2027,7843,56
2023-03-31,Humboldt,023,135768,23508,5968,29476,171
2023-03-31,Imperial,025,180216,70922,19353,90275,981
2023-03-31,Inyo,027,18085,4791,1326,6117,63
2023-03-31,Kern,029,883053,231548,74131,305679,2498
2023-03-31,Kings,031,150075,63079,4513,67592,486
2023-03-31,Lake,033,64148,13711,1282,14993,165
2023-03-31,Lassen,035,31185,10282,1068,11350,65
2023-03-31,Los Angeles,037,10098052,3507764,222025,3729789,35891
2023-03-31,Madera,039,155013,46533,8938,55471,377
2023-03-31,Marin,041,260295,41132,5684,46816,260
2023-03-31,Mariposa,043,17540,3374,360,3734,31
2023-03-31,Mendocino,045,87422,16961,4836,21797,145
2023-03-31,Merced,047,269075,77907,13040,90947,903
2023-03-31,Modoc,049,8938,963,378,1341,11
2023-03-31,Mono,051,14174,3339,305,3644,8
2023-03-31,Monterey,053,433212,98579,24521,123100,811
2023-03-31,Napa,055,140530,34811,1529,36340,174
2023-03-31,Nevada,057,99092,20268,2346,22614,138
2023-03-31,Orange,059,3164182,717406,79478,796884,8113
2023-03-31,Placer,061,380077,81705,10412,92117,683
2023-03-31,Plumas,063,18699,3838,461,4299,15
2023-03-31,Riverside,065,2383286,738402,42135,780537,6863
2023-03-31,Sacramento,067,1510023,374178,38758,412936,3582
2023-03-31,San Benito,069,59416,17760,1145,18905,115
2023-03-31,San Bernardino,071,2135413,713168,34867,748035,8139
2023-03-31,San Diego,073,3302833,990469,81973,1072442,5862
2023-03-31,San Francisco,075,870044,198283,13529,211812,1199
2023-03-31,San Joaquin,077,732212,211336,17094,228430,2451
2023-03-31,San Luis Obispo,079,281455,66746,8213,74959,574
2023-03-31,San Mateo,081,765935,184965,11257,196222,747
2023-03-31,Santa Barbara,083,443738,112715,7820,120535,765
2023-03-31,Santa Clara,085,1922200,480038,21582,501620,2798
2023-03-31,Santa Cruz,087,273765,68995,4043,73038,276
2023-03-31,Shasta,089,179085,36619,8382,45001,612
2023-03-31,Sierra,091,2930,313,61,374,5
2023-03-31,Siskiyou,093,43540,5484,3448,8932,95
2023-03-31,Solano,095,438530,114722,8775,123497,476
2023-03-31,Sonoma,097,501317,114460,5833,120293,565
2023-03-31,Stanislaus,099,539301,145965,23263,169228,1842
2023-03-31,Sutter,101,95872,25883,2548,28431,241
2023-03-31,Tehama,103,63373,14510,3440,17950,237
2023-03-31,Trinity,105,12862,1475,507,1982,24
2023-03-31,Tulare,107,460477,129161,41025,170186,1595
2023-03-31,Tuolumne,109,53932,16990,1014,18004,211
2023-03-31,Ventura,111,848112,221808,18245,240053,1700
2023-03-31,Yolo,113,214977,50343,5017,55360,451
2023-03-31,Yuba,115,75493,20143,1903,22046,134
2023-03-30,Alameda,001,1643700,383068,22852,405920,2142
2023-03-30,Alpine,002,1148,139,4,143,0
2023-03-30,Amador,005,37829,10629,973,11602,98
2023-03-30,Butte,007,227075,41873,10358,52231,497
2023-03-30,Calaveras,009,45235,9051,647,9698,143
2023-03-30,Colusa,011,21464,4013,1388,5401,23
2023-03-30,Contra Costa,013,1133247,275144,22525,297669,1583
2023-03-30,Del Norte,015,27424,7957,487,8444,61
2023-03-30,El Dorado,017,186661,34774,4577,39351,247
2023-03-30,Fresno,019,978130,296275,35351,331626,3017
2023-03-30,Glenn,021,27897,5815,2027,7842,56
2023-03-30,Humboldt,023,135768,23505,5968,29473,171
2023-03-30,Imperial,025,180216,70898,19347,90245,981
2023-03-30,Inyo,027,18085,4791,1326,6117,63
2023-03-30,Kern,029,883053,231536,74115,305651,2498
2023-03-30,Kings,031,150075,63076,4513,67589,486
2023-03-30,Lake,033,64148,13708,1282,14990,165
2023-03-30,Lassen,035,31185,10282,1068,11350,65
2023-03-30,Los Angeles,037,10098052,3507439,221944,3729383,35885
2023-03-30,Madera,039,155013,46529,8937,55466,377
2023-03-30,Marin,041,260295,41110,5682,46792,260
2023-03-30,Mariposa,043,17540,3370,359,3729,31
2023-03-30,Mendocino,045,87422,16960,4836,21796,145
2023-03-30,Merced,047,269075,77892,13040,90932,903
2023-03-30,Modoc,049,8938,962,378,1340,11
2023-03-30,Mono,051,14174,3339,305,3644,8
2023-03-30,Monterey,053,433212,98569,24512,123081,811
2023-03-30,Napa,055,140530,34803,1529,36332,174
2023-03-30,Nevada,057,99092,20256,2346,22602,138
2023-03-30,Orange,059,3164182,717284,79450,796734,8111
2023-03-30,Placer,061,380077,81685,10410,92095,683
2023-03-30,Plumas,063,18699,3837,461,4298,15
2023-03-30,Riverside,065,2383286,738352,42123,780475,6863
2023-03-30,Sacramento,067,1510023,374088,38748,412836,3581
2023-03-30,San Benito,069,59416,17757,1145,18902,115
2023-03-30,San Bernardino,071,2135413,713110,34861,747971,8139
2023-03-30,San Diego,073,3302833,990363,81965,1072328,5862
2023-03-30,San Francisco,075,870044,198252,13526,211778,1198
2023-03-30,San Joaquin,077,732212,211302,17093,228395,2448
2023-03-30,San Luis Obispo,079,281455,66742,8213,74955,573
2023-03-30,San Mateo,081,765935,184935,11256,196191,747
2023-03-30,Santa Barbara,083,443738,112705,7818,120523,765
2023-03-30,Santa Clara,085,1922200,479953,21575,501528,2797
2023-03-30,Santa Cruz,087,273765,68975,4041,73016,276
2023-03-30,Shasta,089,179085,36616,8380,44996,612
2023-03-30,Sierra,091,2930,313,61,374,5
2023-03-30,Siskiyou,093,43540,5484,3447,8931,95
2023-03-30,Solano,095,438530,114700,8773,123473,476
2023-03-30,Sonoma,097,501317,114440,5832,120272,565
2023-03-30,Stanislaus,099,539301,145948,23263,169211,1842
2023-03-30,Sutter,101,95872,25877,2548,28425,241
2023-03-30,Tehama,103,63373,14509,3440,17949,237
2023-03-30,Trinity,105,12862,1475,507,1982,24
2023-03-30,Tulare,107,460477,129147,41018,170165,1595
2023-03-30,Tuolumne,109,53932,16988,1014,18002,211
2023-03-30,Ventura,111,848112,221785,18245,240030,1700
2023-03-30,Yolo,113,214977,50337,5016,55353,451
2023-03-30,Yuba,115,75493,20140,1903,22043,134
2023-03-29,Alameda,001,1643700,382976,22845,405821,2142
2023-03-29,Alpine,002,1148,139,4,143,0
2023-03-29,Amador,005,37829,10625,973,11598,98
2023-03-29,Butte,007,227075,41868,10352,52220,497
2023-03-29,Calaveras,009,45235,9051,647,9698,143
2023-03-29,Colusa,011,21464,4013,1387,5400,23
2023-03-29,Contra Costa,013,1133247,275076,22523,297599,1582
2023-03-29,Del Norte,015,27424,7954,487,8441,61
2023-03-29,El Dorado,017,186661,34765,4577,39342,247
2023-03-29,Fresno,019,978130,296226,35341,331567,3016
2023-03-29,Glenn,021,27897,5815,2027,7842,56
2023-03-29,Humboldt,023,135768,23504,5967,29471,171
2023-03-29,Imperial,025,180216,70871,19330,90201,981
2023-03-29,Inyo,027,18085,4791,1325,6116,63
2023-03-29,Kern,029,883053,231513,74096,305609,2497
2023-03-29,Kings,031,150075,63075,4513,67588,486
2023-03-29,Lake,033,64148,13706,1282,14988,165
2023-03-29,Lassen,035,31185,10282,1068,11350,65
2023-03-29,Los Angeles,037,10098052,3507059,221867,3728926,35880
2023-03-29,Madera,039,155013,46518,8937,55455,377
2023-03-29,Marin,041,260295,41090,5680,46770,260
2023-03-29,Mariposa,043,17540,3370,359,3729,31
2023-03-29,Mendocino,045,87422,16956,4836,21792,145
2023-03-29,Merced,047,269075,77877,13037,90914,903
2023-03-29,Modoc,049,8938,960,378,1338,11
2023-03-29,Mono,051,14174,3337,303,3640,8
2023-03-29,Monterey,053,433212,98562,24503,123065,811
2023-03-29,Napa,055,140530,34797,1529,36326,174
2023-03-29,Nevada,057,99092,20247,2345,22592,138
2023-03-29,Orange,059,3164182,717194,79419,796613,8106
2023-03-29,Placer,061,380077,81674,10408,92082,683
2023-03-29,Plumas,063,18699,3837,461,4298,15
2023-03-29,Riverside,065,2383286,738285,42106,780391,6862
2023-03-29,Sacramento,067,1510023,374011,38741,412752,3581
2023-03-29,San Benito,069,59416,17750,1145,18895,115
2023-03-29,San Bernardino,071,2135413,713046,34853,747899,8139
2023-03-29,San Diego,073,3302833,990260,81936,1072196,5861
2023-03-29,San Francisco,075,870044,198182,13516,211698,1198
2023-03-29,San Joaquin,077,732212,211268,17091,228359,2448
2023-03-29,San Luis Obispo,079,281455,66734,8199,74933,571
2023-03-29,San Mateo,081,765935,184889,11255,196144,747
2023-03-29,Santa Barbara,083,443738,112690,7816,120506,765
2023-03-29,Santa Clara,085,1922200,479859,21571,501430,2797
2023-03-29,Santa Cruz,087,273765,68952,4039,72991,276
2023-03-29,Shasta,089,179085,36610,8380,44990,612
2023-03-29,Sierra,091,2930,313,61,374,5
2023-03-29,Siskiyou,093,43540,5484,3447,8931,95
2023-03-29,Solano,095,438530,114679,8766,123445,476
2023-03-29,Sonoma,097,501317,114414,5832,120246,565
2023-03-29,Stanislaus,099,539301,145928,23259,169187,1842
2023-03-29,Sutter,101,95872,25874,2548,28422,241
2023-03-29,Tehama,103,63373,14506,3440,17946,237
2023-03-29,Trinity,105,12862,1475,507,1982,24
2023-03-29,Tulare,107,460477,129129,41013,170142,1595
2023-03-29,Tuolumne,109,53932,16988,1014,18002,211
2023-03-29,Ventura,111,848112,221766,18243,240009,1697
2023-03-29,Yolo,113,214977,50331,5013,55344,451
2023-03-29,Yuba,115,75493,20139,1903,22042,134
2023-03-28,Alameda,001,1643700,382897,22836,405733,2141
2023-03-28,Alpine,002,1148,139,4,143,0
2023-03-28,Amador,005,37829,10624,973,11597,98
2023-03-28,Butte,007,227075,41863,10352,52215,497
2023-03-28,Calaveras,009,45235,9050,647,9697,143
2023-03-28,Colusa,011,21464,4010,1387,5397,23
2023-03-28,Contra Costa,013,1133247,275020,22519,297539,1581
2023-03-28,Del Norte,015,27424,7953,487,8440,61
2023-03-28,El Dorado,017,186661,34754,4576,39330,247
2023-03-28,Fresno,019,978130,296182,35334,331516,3016
2023-03-28,Glenn,021,27897,5814,2024,7838,56
2023-03-28,Humboldt,023,135768,23500,5962,29462,171
2023-03-28,Imperial,025,180216,70819,19316,90135,981
2023-03-28,Inyo,027,18085,4790,1325,6115,63
2023-03-28,Kern,029,883053,231485,74074,305559,2496
2023-03-28,Kings,031,150075,63066,4512,67578,486
2023-03-28,Lake,033,64148,13703,1282,14985,165
2023-03-28,Lassen,035,31185,10280,1068,11348,65
2023-03-28,Los Angeles,037,10098052,3506674,221776,3728450,35875
2023-03-28,Madera,039,155013,46515,8935,55450,377
2023-03-28,Marin,041,260295,41084,5678,46762,260
2023-03-28,Mariposa,043,17540,3369,359,3728,31
2023-03-28,Mendocino,045,87422,16954,4836,21790,145
2023-03-28,Merced,047,269075,77863,13035,90898,903
2023-03-28,Modoc,049,8938,959,377,1336,11
2023-03-28,Mono,051,14174,3337,303,3640,8
2023-03-28,Monterey,053,433212,98554,24493,123047,811
2023-03-28,Napa,055,140530,34791,1529,36320,173
2023-03-28,Nevada,057,99092,20244,2345,22589,138
2023-03-28,Orange,059,3164182,717086,79389,796475,8106
2023-03-28,Placer,061,380077,81658,10406,92064,683
2023-03-28,Plumas,063,18699,3837,461,4298,15
2023-03-28,Riverside,065,2383286,738196,42085,780281,6861
2023-03-28,Sacramento,067,1510023,373919,38737,412656,3581
2023-03-28,San Benito,069,59416,17748,1145,18893,115
2023-03-28,San Bernardino,071,2135413,712975,34848,747823,8139
2023-03-28,San Diego,073,3302833,990134,81907,1072041,5860
2023-03-28,San Francisco,075,870044,198137,13511,211648,1198
2023-03-28,San Joaquin,077,732212,211238,17086,228324,2448
2023-03-28,San Luis Obispo,079,281455,66732,8199,74931,570
2023-03-28,San Mateo,081,765935,184851,11253,196104,747
2023-03-28,Santa Barbara,083,443738,112671,7809,120480,765
2023-03-28,Santa Clara,085,1922200,479755,21567,501322,2796
2023-03-28,Santa Cruz,087,273765,68933,4035,72968,276
2023-03-28,Shasta,089,179085,36608,8378,44986,612
2023-03-28,Sierra,091,2930,313,61,374,5
2023-03-28,Siskiyou,093,43540,5484,3447,8931,95
2023-03-28,Solano,095,438530,114657,8764,123421,476
2023-03-28,Sonoma,097,501317,114391,5832,120223,565
2023-03-28,Stanislaus,099,539301,145915,23249,169164,1842
2023-03-28,Sutter,101,95872,25873,2547,28420,241
2023-03-28,Tehama,103,63373,14505,3439,17944,237
2023-03-28,Trinity,105,12862,1475,507,1982,24
2023-03-28,Tulare,107,460477,129110,41005,170115,1595
2023-03-28,Tuolumne,109,53932,16988,1014,18002,211
2023-03-28,Ventura,111,848112,221751,18239,239990,1697
2023-03-28,Yolo,113,214977,50324,5010,55334,451
2023-03-28,Yuba,115,75493,20136,1902,22038,134
2023-03-27,Alameda,001,1643700,382820,22826,405646,2141
2023-03-27,Alpine,002,1148,139,4,143,0
2023-03-27,Amador,005,37829,10621,973,11594,98
2023-03-27,Butte,007,227075,41859,10349,52208,497
2023-03-27,Calaveras,009,45235,9049,645,9694,143
2023-03-27,Colusa,011,21464,4009,1387,5396,23
2023-03-27,Contra Costa,013,1133247,274968,22516,297484,1581
2023-03-27,Del Norte,015,27424,7953,487,8440,61
2023-03-27,El Dorado,017,186661,34749,4576,39325,247
2023-03-27,Fresno,019,978130,296141,35318,331459,3015
2023-03-27,Glenn,021,27897,5813,2024,7837,56
2023-03-27,Humboldt,023,135768,23496,5962,29458,171
2023-03-27,Imperial,025,180216,70787,19302,90089,981
2023-03-27,Inyo,027,18085,4790,1325,6115,63
2023-03-27,Kern,029,883053,231456,74055,305511,2496
2023-03-27,Kings,031,150075,63058,4512,67570,486
2023-03-27,Lake,033,64148,13702,1282,14984,165
2023-03-27,Lassen,035,31185,10279,1068,11347,65
2023-03-27,Los Angeles,037,10098052,3506231,221672,3727903,35871
2023-03-27,Madera,039,155013,46509,8929,55438,377
2023-03-27,Marin,041,260295,41069,5677,46746,260
2023-03-27,Mariposa,043,17540,3368,359,3727,31
2023-03-27,Mendocino,045,87422,16953,4835,21788,145
2023-03-27,Merced,047,269075,77854,13035,90889,903
2023-03-27,Modoc,049,8938,959,377,1336,11
2023-03-27,Mono,051,14174,3337,303,3640,8
2023-03-27,Monterey,053,433212,98537,24484,123021,809
2023-03-27,Napa,055,140530,34779,1528,36307,172
2023-03-27,Nevada,057,99092,20241,2345,22586,138
2023-03-27,Orange,059,3164182,716991,79361,796352,8105
2023-03-27,Placer,061,380077,81648,10405,92053,683
2023-03-27,Plumas,063,18699,3837,461,4298,15
2023-03-27,Riverside,065,2383286,738130,42070,780200,6861
2023-03-27,Sacramento,067,1510023,373850,38725,412575,3581
2023-03-27,San Benito,069,59416,17748,1145,18893,115
2023-03-27,San Bernardino,071,2135413,712906,34835,747741,8139
2023-03-27,San Diego,073,3302833,989997,81868,1071865,5858
2023-03-27,San Francisco,075,870044,198076,13506,211582,1197
2023-03-27,San Joaquin,077,732212,211202,17082,228284,2448
2023-03-27,San Luis Obispo,079,281455,66725,8199,74924,570
2023-03-27,San Mateo,081,765935,184809,11251,196060,747
2023-03-27,Santa Barbara,083,443738,112662,7801,120463,765
2023-03-27,Santa Clara,085,1922200,479647,21560,501207,2796
2023-03-27,Santa Cruz,087,273765,68914,4030,72944,276
2023-03-27,Shasta,089,179085,36604,8374,44978,612
2023-03-27,Sierra,091,2930,313,61,374,5
2023-03-27,Siskiyou,093,43540,5484,3447,8931,95
2023-03-27,Solano,095,438530,114632,8758,123390,476
2023-03-27,Sonoma,097,501317,114365,5830,120195,565
2023-03-27,Stanislaus,099,539301,145903,23247,169150,1842
2023-03-27,Sutter,101,95872,25867,2546,28413,241
2023-03-27,Tehama,103,63373,14504,3437,17941,237
2023-03-27,Trinity,105,12862,1475,507,1982,24
2023-03-27,Tulare,107,460477,129092,40996,170088,1595
2023-03-27,Tuolumne,109,53932,16985,1014,17999,211
2023-03-27,Ventura,111,848112,221729,18235,239964,1696
2023-03-27,Yolo,113,214977,50317,5007,55324,451
2023-03-27,Yuba,115,75493,20128,1901,22029,134
2023-03-26,Alameda,001,1643700,382714,22817,405531,2141
2023-03-26,Alpine,002,1148,139,4,143,0
2023-03-26,Amador,005,37829,10618,973,11591,98
2023-03-26,Butte,007,227075,41857,10345,52202,497
2023-03-26,Calaveras,009,45235,9044,645,9689,143
2023-03-26,Colusa,011,21464,4009,1387,5396,23
2023-03-26,Contra Costa,013,1133247,274905,22506,297411,1581
2023-03-26,Del Norte,015,27424,7952,487,8439,61
2023-03-26,El Dorado,017,186661,34736,4575,39311,247
2023-03-26,Fresno,019,978130,296108,35304,331412,3015
2023-03-26,Glenn,021,27897,5812,2024,7836,56
2023-03-26,Humboldt,023,135768,23493,5959,29452,171
2023-03-26,Imperial,025,180216,70757,19285,90042,981
2023-03-26,Inyo,027,18085,4790,1324,6114,63
2023-03-26,Kern,029,883053,231427,74027,305454,2496
2023-03-26,Kings,031,150075,63051,4511,67562,486
2023-03-26,Lake,033,64148,13700,1282,14982,165
2023-03-26,Lassen,035,31185,10278,1068,11346,65
2023-03-26,Los Angeles,037,10098052,3505838,221574,3727412,35868
2023-03-26,Madera,039,155013,46505,8927,55432,377
2023-03-26,Marin,041,260295,41064,5675,46739,260
2023-03-26,Mariposa,043,17540,3368,359,3727,31
2023-03-26,Mendocino,045,87422,16949,4835,21784,145
2023-03-26,Merced,047,269075,77844,13031,90875,903
2023-03-26,Modoc,049,8938,959,377,1336,11
2023-03-26,Mono,051,14174,3337,303,3640,8
2023-03-26,Monterey,053,433212,98526,24471,122997,809
2023-03-26,Napa,055,140530,34770,1527,36297,172
2023-03-26,Nevada,057,99092,20236,2345,22581,138
2023-03-26,Orange,059,3164182,716886,79328,796214,8100
2023-03-26,Placer,061,380077,81633,10404,92037,683
2023-03-26,Plumas,063,18699,3837,461,4298,15
2023-03-26,Riverside,065,2383286,738045,42038,780083,6859
2023-03-26,Sacramento,067,1510023,373771,38711,412482,3581
2023-03-26,San Benito,069,59416,17741,1145,18886,115
2023-03-26,San Bernardino,071,2135413,712817,34830,747647,8139
2023-03-26,San Diego,073,3302833,989842,81830,1071672,5857
2023-03-26,San Francisco,075,870044,198016,13492,211508,1197
2023-03-26,San Joaquin,077,732212,211154,17076,228230,2448
2023-03-26,San Luis Obispo,079,281455,66720,8195,74915,570
2023-03-26,San Mateo,081,765935,184752,11247,195999,747
2023-03-26,Santa Barbara,083,443738,112641,7797,120438,765
2023-03-26,Santa Clara,085,1922200,479522,21547,501069,2796
2023-03-26,Santa Cruz,087,273765,68888,4025,72913,276
2023-03-26,Shasta,089,179085,36603,8370,44973,612
2023-03-26,Sierra,091,2930,313,61,374,5
2023-03-26,Siskiyou,093,43540,5484,3447,8931,95
2023-03-26,Solano,095,438530,114595,8754,123349,476
2023-03-26,Sonoma,097,501317,114339,5830,120169,565
2023-03-26,Stanislaus,099,539301,145870,23240,169110,1842
2023-03-26,Sutter,101,95872,25856,2546,28402,241
2023-03-26,Tehama,103,63373,14503,3436,17939,237
2023-03-26,Trinity,105,12862,1475,507,1982,24
2023-03-26,Tulare,107,460477,129074,40978,170052,1595
2023-03-26,Tuolumne,109,53932,16984,1014,17998,211
2023-03-26,Ventura,111,848112,221703,18235,239938,1694
2023-03-26,Yolo,113,214977,50314,5006,55320,451
2023-03-26,Yuba,115,75493,20127,1901,22028,134
2023-03-25,Alameda,001,1643700,382663,22811,405474,2141
2023-03-25,Alpine,002,1148,139,4,143,0
2023-03-25,Amador,005,37829,10618,973,11591,98
2023-03-25,Butte,007,227075,41852,10342,52194,497
2023-03-25,Calaveras,009,45235,9044,645,9689,143
2023-03-25,Colusa,011,21464,4008,1387,5395,23
2023-03-25,Contra Costa,013,1133247,274869,22505,297374,1580
2023-03-25,Del Norte,015,27424,7951,487,8438,61
2023-03-25,El Dorado,017,186661,34733,4574,39307,247
2023-03-25,Fresno,019,978130,296085,35299,331384,3015
2023-03-25,Glenn,021,27897,5811,2024,7835,56
2023-03-25,Humboldt,023,135768,23493,5959,29452,171
2023-03-25,Imperial,025,180216,70748,19285,90033,981
2023-03-25,Inyo,027,18085,4788,1324,6112,63
2023-03-25,Kern,029,883053,231411,74020,305431,2496
2023-03-25,Kings,031,150075,63047,4511,67558,486
2023-03-25,Lake,033,64148,13700,1282,14982,165
2023-03-25,Lassen,035,31185,10278,1068,11346,65
2023-03-25,Los Angeles,037,10098052,3505594,221525,3727119,35861
2023-03-25,Madera,039,155013,46500,8927,55427,377
2023-03-25,Marin,041,260295,41059,5673,46732,260
2023-03-25,Mariposa,043,17540,3368,359,3727,31
2023-03-25,Mendocino,045,87422,16946,4835,21781,145
2023-03-25,Merced,047,269075,77831,13031,90862,903
2023-03-25,Modoc,049,8938,959,377,1336,11
2023-03-25,Mono,051,14174,3336,303,3639,8
2023-03-25,Monterey,053,433212,98519,24465,122984,809
2023-03-25,Napa,055,140530,34769,1526,36295,172
2023-03-25,Nevada,057,99092,20234,2344,22578,138
2023-03-25,Orange,059,3164182,716821,79302,796123,8098
2023-03-25,Placer,061,380077,81622,10403,92025,683
2023-03-25,Plumas,063,18699,3836,461,4297,15
2023-03-25,Riverside,065,2383286,737992,42022,780014,6859
2023-03-25,Sacramento,067,1510023,373732,38709,412441,3580
2023-03-25,San Benito,069,59416,17739,1145,18884,115
2023-03-25,San Bernardino,071,2135413,712777,34824,747601,8139
2023-03-25,San Diego,073,3302833,989777,81819,1071596,5857
2023-03-25,San Francisco,075,870044,197974,13488,211462,1195
2023-03-25,San Joaquin,077,732212,211130,17071,228201,2447
2023-03-25,San Luis Obispo,079,281455,66711,8194,74905,570
2023-03-25,San Mateo,081,765935,184726,11244,195970,747
2023-03-25,Santa Barbara,083,443738,112628,7792,120420,765
2023-03-25,Santa Clara,085,1922200,479452,21544,500996,2795
2023-03-25,Santa Cruz,087,273765,68880,4025,72905,276
2023-03-25,Shasta,089,179085,36601,8367,44968,612
2023-03-25,Sierra,091,2930,313,61,374,5
2023-03-25,Siskiyou,093,43540,5484,3447,8931,95
2023-03-25,Solano,095,438530,114584,8751,123335,476
2023-03-25,Sonoma,097,501317,114321,5830,120151,565
2023-03-25,Stanislaus,099,539301,145856,23237,169093,1842
2023-03-25,Sutter,101,95872,25855,2546,28401,241
2023-03-25,Tehama,103,63373,14503,3436,17939,237
2023-03-25,Trinity,105,12862,1475,507,1982,24
2023-03-25,Tulare,107,460477,129058,40970,170028,1595
2023-03-25,Tuolumne,109,53932,16984,1014,17998,211
2023-03-25,Ventura,111,848112,221687,18233,239920,1694
2023-03-25,Yolo,113,214977,50307,5005,55312,451
2023-03-25,Yuba,115,75493,20126,1901,22027,134
2023-03-24,Alameda,001,1643700,382606,22806,405412,2140
2023-03-24,Alpine,002,1148,139,4,143,0
2023-03-24,Amador,005,37829,10617,973,11590,98
2023-03-24,Butte,007,227075,41849,10339,52188,497
2023-03-24,Calaveras,009,45235,9041,645,9686,142
2023-03-24,Colusa,011,21464,4008,1387,5395,23
2023-03-24,Contra Costa,013,1133247,274837,22502,297339,1580
2023-03-24,Del Norte,015,27424,7950,486,8436,61
2023-03-24,El Dorado,017,186661,34731,4574,39305,247
2023-03-24,Fresno,019,978130,296047,35294,331341,3015
2023-03-24,Glenn,021,27897,5810,2024,7834,56
2023-03-24,Humboldt,023,135768,23491,5958,29449,171
2023-03-24,Imperial,025,180216,70737,19281,90018,981
2023-03-24,Inyo,027,18085,4788,1323,6111,63
2023-03-24,Kern,029,883053,231388,74008,305396,2495
2023-03-24,Kings,031,150075,63044,4510,67554,486
2023-03-24,Lake,033,64148,13700,1282,14982,165
2023-03-24,Lassen,035,31185,10278,1068,11346,65
2023-03-24,Los Angeles,037,10098052,3505378,221470,3726848,35854
2023-03-24,Madera,039,155013,46494,8927,55421,377
2023-03-24,Marin,041,260295,41051,5673,46724,260
2023-03-24,Mariposa,043,17540,3368,359,3727,31
2023-03-24,Mendocino,045,87422,16944,4835,21779,145
2023-03-24,Merced,047,269075,77821,13031,90852,903
2023-03-24,Modoc,049,8938,959,377,1336,11
2023-03-24,Mono,051,14174,3336,303,3639,8
2023-03-24,Monterey,053,433212,98515,24460,122975,809
2023-03-24,Napa,055,140530,34766,1525,36291,172
2023-03-24,Nevada,057,99092,20232,2344,22576,138
2023-03-24,Orange,059,3164182,716756,79288,796044,8095
2023-03-24,Placer,061,380077,81609,10403,92012,683
2023-03-24,Plumas,063,18699,3836,461,4297,15
2023-03-24,Riverside,065,2383286,737946,42010,779956,6859
2023-03-24,Sacramento,067,1510023,373691,38707,412398,3579
2023-03-24,San Benito,069,59416,17738,1144,18882,115
2023-03-24,San Bernardino,071,2135413,712734,34821,747555,8139
2023-03-24,San Diego,073,3302833,989698,81806,1071504,5855
2023-03-24,San Francisco,075,870044,197932,13480,211412,1195
2023-03-24,San Joaquin,077,732212,211104,17071,228175,2447
2023-03-24,San Luis Obispo,079,281455,66709,8194,74903,570
2023-03-24,San Mateo,081,765935,184691,11240,195931,747
2023-03-24,Santa Barbara,083,443738,112615,7788,120403,765
2023-03-24,Santa Clara,085,1922200,479391,21538,500929,2793
2023-03-24,Santa Cruz,087,273765,68872,4025,72897,276
2023-03-24,Shasta,089,179085,36601,8367,44968,612
2023-03-24,Sierra,091,2930,313,61,374,5
2023-03-24,Siskiyou,093,43540,5484,3447,8931,95
2023-03-24,Solano,095,438530,114575,8749,123324,476
2023-03-24,Sonoma,097,501317,114304,5830,120134,563
2023-03-24,Stanislaus,099,539301,145843,23234,169077,1842
2023-03-24,Sutter,101,95872,25850,2546,28396,241
2023-03-24,Tehama,103,63373,14502,3436,17938,237
2023-03-24,Trinity,105,12862,1475,507,1982,24
2023-03-24,Tulare,107,460477,129048,40962,170010,1595
2023-03-24,Tuolumne,109,53932,16984,1014,17998,211
2023-03-24,Ventura,111,848112,221676,18230,239906,1694
2023-03-24,Yolo,113,214977,50295,5003,55298,451
2023-03-24,Yuba,115,75493,20123,1901,22024,134
2023-03-23,Alameda,001,1643700,382521,22795,405316,2140
2023-03-23,Alpine,002,1148,139,4,143,0
2023-03-23,Amador,005,37829,10615,973,11588,98
2023-03-23,Butte,007,227075,41841,10337,52178,497
2023-03-23,Calaveras,009,45235,9040,645,9685,142
2023-03-23,Colusa,011,21464,4008,1386,5394,23
2023-03-23,Contra Costa,013,1133247,274768,22497,297265,1580
2023-03-23,Del Norte,015,27424,7950,486,8436,61
2023-03-23,El Dorado,017,186661,34729,4574,39303,247
2023-03-23,Fresno,019,978130,296017,35282,331299,3015
2023-03-23,Glenn,021,27897,5809,2024,7833,56
2023-03-23,Humboldt,023,135768,23490,5954,29444,171
2023-03-23,Imperial,025,180216,70718,19267,89985,981
2023-03-23,Inyo,027,18085,4787,1323,6110,63
2023-03-23,Kern,029,883053,231369,73980,305349,2495
2023-03-23,Kings,031,150075,63038,4509,67547,486
2023-03-23,Lake,033,64148,13700,1282,14982,164
2023-03-23,Lassen,035,31185,10277,1067,11344,65
2023-03-23,Los Angeles,037,10098052,3505025,221396,3726421,35851
2023-03-23,Madera,039,155013,46493,8926,55419,377
2023-03-23,Marin,041,260295,41036,5670,46706,260
2023-03-23,Mariposa,043,17540,3368,359,3727,31
2023-03-23,Mendocino,045,87422,16943,4835,21778,145
2023-03-23,Merced,047,269075,77812,13029,90841,903
2023-03-23,Modoc,049,8938,959,375,1334,11
2023-03-23,Mono,051,14174,3336,303,3639,8
2023-03-23,Monterey,053,433212,98510,24452,122962,809
2023-03-23,Napa,055,140530,34756,1525,36281,172
2023-03-23,Nevada,057,99092,20231,2344,22575,138
2023-03-23,Orange,059,3164182,716664,79258,795922,8094
2023-03-23,Placer,061,380077,81590,10399,91989,683
2023-03-23,Plumas,063,18699,3836,461,4297,15
2023-03-23,Riverside,065,2383286,737874,41992,779866,6857
2023-03-23,Sacramento,067,1510023,373617,38696,412313,3577
2023-03-23,San Benito,069,59416,17736,1144,18880,115
2023-03-23,San Bernardino,071,2135413,712686,34808,747494,8139
2023-03-23,San Diego,073,3302833,989558,81791,1071349,5854
2023-03-23,San Francisco,075,870044,197881,13474,211355,1195
2023-03-23,San Joaquin,077,732212,211067,17064,228131,2445
2023-03-23,San Luis Obispo,079,281455,66706,8191,74897,570
2023-03-23,San Mateo,081,765935,184649,11236,195885,747
2023-03-23,Santa Barbara,083,443738,112604,7788,120392,765
2023-03-23,Santa Clara,085,1922200,479289,21527,500816,2792
2023-03-23,Santa Cruz,087,273765,68851,4023,72874,276
2023-03-23,Shasta,089,179085,36599,8367,44966,612
2023-03-23,Sierra,091,2930,313,61,374,5
2023-03-23,Siskiyou,093,43540,5484,3447,8931,95
2023-03-23,Solano,095,438530,114542,8745,123287,476
2023-03-23,Sonoma,097,501317,114284,5829,120113,563
2023-03-23,Stanislaus,099,539301,145821,23232,169053,1842
2023-03-23,Sutter,101,95872,25848,2546,28394,241
2023-03-23,Tehama,103,63373,14500,3435,17935,237
2023-03-23,Trinity,105,12862,1475,507,1982,24
2023-03-23,Tulare,107,460477,129039,40950,169989,1595
2023-03-23,Tuolumne,109,53932,16980,1014,17994,211
2023-03-23,Ventura,111,848112,221655,18225,239880,1694
2023-03-23,Yolo,113,214977,50284,5001,55285,450
2023-03-23,Yuba,115,75493,20123,1901,22024,134
2023-03-22,Alameda,001,1643700,382419,22781,405200,2140
2023-03-22,Alpine,002,1148,139,4,143,0
2023-03-22,Amador,005,37829,10615,973,11588,98
2023-03-22,Butte,007,227075,41835,10331,52166,496
2023-03-22,Calaveras,009,45235,9039,645,9684,142
2023-03-22,Colusa,011,21464,4008,1386,5394,23
2023-03-22,Contra Costa,013,1133247,274712,22494,297206,1580
2023-03-22,Del Norte,015,27424,7948,485,8433,61
2023-03-22,El Dorado,017,186661,34726,4572,39298,247
2023-03-22,Fresno,019,978130,295976,35272,331248,3014
2023-03-22,Glenn,021,27897,5808,2024,7832,56
2023-03-22,Humboldt,023,135768,23487,5951,29438,171
2023-03-22,Imperial,025,180216,70698,19256,89954,981
2023-03-22,Inyo,027,18085,4787,1322,6109,63
2023-03-22,Kern,029,883053,231334,73962,305296,2495
2023-03-22,Kings,031,150075,63033,4508,67541,486
2023-03-22,Lake,033,64148,13695,1282,14977,164
2023-03-22,Lassen,035,31185,10276,1067,11343,65
2023-03-22,Los Angeles,037,10098052,3504624,221315,3725939,35848
2023-03-22,Madera,039,155013,46488,8924,55412,377
2023-03-22,Marin,041,260295,41027,5668,46695,260
2023-03-22,Mariposa,043,17540,3368,359,3727,31
2023-03-22,Mendocino,045,87422,16941,4835,21776,145
2023-03-22,Merced,047,269075,77797,13026,90823,903
2023-03-22,Modoc,049,8938,959,375,1334,11
2023-03-22,Mono,051,14174,3336,303,3639,8
2023-03-22,Monterey,053,433212,98503,24440,122943,809
2023-03-22,Napa,055,140530,34752,1523,36275,172
2023-03-22,Nevada,057,99092,20228,2344,22572,138
2023-03-22,Orange,059,3164182,716568,79225,795793,8091
2023-03-22,Placer,061,380077,81575,10398,91973,683
2023-03-22,Plumas,063,18699,3836,461,4297,15
2023-03-22,Riverside,065,2383286,737787,41973,779760,6856
2023-03-22,Sacramento,067,1510023,373556,38691,412247,3577
2023-03-22,San Benito,069,59416,17731,1144,18875,115
2023-03-22,San Bernardino,071,2135413,712617,34802,747419,8139
2023-03-22,San Diego,073,3302833,989400,81766,1071166,5852
2023-03-22,San Francisco,075,870044,197811,13470,211281,1195
2023-03-22,San Joaquin,077,732212,211029,17063,228092,2444
2023-03-22,San Luis Obispo,079,281455,66697,8191,74888,570
2023-03-22,San Mateo,081,765935,184622,11234,195856,747
2023-03-22,Santa Barbara,083,443738,112598,7777,120375,765
2023-03-22,Santa Clara,085,1922200,479169,21521,500690,2792
2023-03-22,Santa Cruz,087,273765,68830,4019,72849,276
2023-03-22,Shasta,089,179085,36598,8366,44964,612
2023-03-22,Sierra,091,2930,313,61,374,5
2023-03-22,Siskiyou,093,43540,5484,3447,8931,95
2023-03-22,Solano,095,438530,114519,8739,123258,476
2023-03-22,Sonoma,097,501317,114265,5829,120094,563
2023-03-22,Stanislaus,099,539301,145802,23230,169032,1842
2023-03-22,Sutter,101,95872,25842,2545,28387,241
2023-03-22,Tehama,103,63373,14500,3435,17935,236
2023-03-22,Trinity,105,12862,1475,507,1982,24
2023-03-22,Tulare,107,460477,129018,40939,169957,1595
2023-03-22,Tuolumne,109,53932,16979,1014,17993,211
2023-03-22,Ventura,111,848112,221632,18223,239855,1692
2023-03-22,Yolo,113,214977,50280,5001,55281,450
2023-03-22,Yuba,115,75493,20120,1897,22017,134
2023-03-21,Alameda,001,1643700,382319,22761,405080,2138
2023-03-21,Alpine,002,1148,139,4,143,0
2023-03-21,Amador,005,37829,10613,973,11586,98
2023-03-21,Butte,007,227075,41833,10328,52161,496
2023-03-21,Calaveras,009,45235,9038,645,9683,142
2023-03-21,Colusa,011,21464,4007,1385,5392,23
2023-03-21,Contra Costa,013,1133247,274643,22490,297133,1580
2023-03-21,Del Norte,015,27424,7947,485,8432,61
2023-03-21,El Dorado,017,186661,34718,4572,39290,247
2023-03-21,Fresno,019,978130,295942,35261,331203,3014
2023-03-21,Glenn,021,27897,5807,2024,7831,56
2023-03-21,Humboldt,023,135768,23487,5949,29436,170
2023-03-21,Imperial,025,180216,70666,19244,89910,981
2023-03-21,Inyo,027,18085,4784,1322,6106,63
2023-03-21,Kern,029,883053,231297,73933,305230,2495
2023-03-21,Kings,031,150075,63027,4507,67534,486
2023-03-21,Lake,033,64148,13692,1282,14974,164
2023-03-21,Lassen,035,31185,10273,1067,11340,65
2023-03-21,Los Angeles,037,10098052,3504248,221222,3725470,35844
2023-03-21,Madera,039,155013,46482,8924,55406,377
2023-03-21,Marin,041,260295,41012,5666,46678,260
2023-03-21,Mariposa,043,17540,3368,359,3727,31
2023-03-21,Mendocino,045,87422,16939,4835,21774,145
2023-03-21,Merced,047,269075,77783,13024,90807,903
2023-03-21,Modoc,049,8938,959,375,1334,11
2023-03-21,Mono,051,14174,3336,303,3639,8
2023-03-21,Monterey,053,433212,98494,24432,122926,809
2023-03-21,Napa,055,140530,34746,1523,36269,172
2023-03-21,Nevada,057,99092,20226,2341,22567,138
2023-03-21,Orange,059,3164182,716459,79202,795661,8090
2023-03-21,Placer,061,380077,81558,10396,91954,683
2023-03-21,Plumas,063,18699,3836,461,4297,15
2023-03-21,Riverside,065,2383286,737687,41950,779637,6856
2023-03-21,Sacramento,067,1510023,373482,38678,412160,3575
2023-03-21,San Benito,069,59416,17727,1144,18871,115
2023-03-21,San Bernardino,071,2135413,712566,34792,747358,8139
2023-03-21,San Diego,073,3302833,989253,81732,1070985,5852
2023-03-21,San Francisco,075,870044,197760,13465,211225,1195
2023-03-21,San Joaquin,077,732212,210990,17055,228045,2444
2023-03-21,San Luis Obispo,079,281455,66695,8188,74883,570
2023-03-21,San Mateo,081,765935,184578,11230,195808,747
2023-03-21,Santa Barbara,083,443738,112583,7773,120356,765
2023-03-21,Santa Clara,085,1922200,479079,21516,500595,2791
2023-03-21,Santa Cruz,087,273765,68813,4019,72832,276
2023-03-21,Shasta,089,179085,36592,8363,44955,612
2023-03-21,Sierra,091,2930,313,61,374,5
2023-03-21,Siskiyou,093,43540,5484,3447,8931,95
2023-03-21,Solano,095,438530,114486,8738,123224,476
2023-03-21,Sonoma,097,501317,114238,5829,120067,563
2023-03-21,Stanislaus,099,539301,145788,23228,169016,1842
2023-03-21,Sutter,101,95872,25835,2545,28380,241
2023-03-21,Tehama,103,63373,14499,3435,17934,236
2023-03-21,Trinity,105,12862,1475,506,1981,24
2023-03-21,Tulare,107,460477,129004,40924,169928,1595
2023-03-21,Tuolumne,109,53932,16978,1014,17992,211
2023-03-21,Ventura,111,848112,221611,18218,239829,1692
2023-03-21,Yolo,113,214977,50272,4996,55268,450
2023-03-21,Yuba,115,75493,20116,1897,22013,134
2023-03-20,Alameda,001,1643700,382227,22741,404968,2138
2023-03-20,Alpine,002,1148,139,4,143,0
2023-03-20,Amador,005,37829,10611,973,11584,98
2023-03-20,Butte,007,227075,41828,10326,52154,496
2023-03-20,Calaveras,009,45235,9037,645,9682,142
2023-03-20,Colusa,011,21464,4005,1385,5390,23
2023-03-20,Contra Costa,013,1133247,274570,22486,297056,1580
2023-03-20,Del Norte,015,27424,7947,485,8432,61
2023-03-20,El Dorado,017,186661,34714,4571,39285,247
2023-03-20,Fresno,019,978130,295891,35252,331143,3014
2023-03-20,Glenn,021,27897,5807,2022,7829,56
2023-03-20,Humboldt,023,135768,23483,5947,29430,170
2023-03-20,Imperial,025,180216,70637,19232,89869,981
2023-03-20,Inyo,027,18085,4780,1322,6102,63
2023-03-20,Kern,029,883053,231270,73892,305162,2495
2023-03-20,Kings,031,150075,63020,4507,67527,486
2023-03-20,Lake,033,64148,13689,1282,14971,164
2023-03-20,Lassen,035,31185,10272,1067,11339,65
2023-03-20,Los Angeles,037,10098052,3503796,221135,3724931,35840
2023-03-20,Madera,039,155013,46475,8923,55398,377
2023-03-20,Marin,041,260295,40992,5663,46655,260
2023-03-20,Mariposa,043,17540,3368,359,3727,31
2023-03-20,Mendocino,045,87422,16938,4835,21773,145
2023-03-20,Merced,047,269075,77763,13022,90785,903
2023-03-20,Modoc,049,8938,959,375,1334,11
2023-03-20,Mono,051,14174,3336,303,3639,8
2023-03-20,Monterey,053,433212,98486,24415,122901,809
2023-03-20,Napa,055,140530,34737,1523,36260,172
2023-03-20,Nevada,057,99092,20217,2341,22558,138
2023-03-20,Orange,059,3164182,716358,79169,795527,8089
2023-03-20,Placer,061,380077,81544,10392,91936,683
2023-03-20,Plumas,063,18699,3836,461,4297,15
2023-03-20,Riverside,065,2383286,737587,41925,779512,6856
2023-03-20,Sacramento,067,1510023,373408,38668,412076,3572
2023-03-20,San Benito,069,59416,17723,1144,18867,115
2023-03-20,San Bernardino,071,2135413,712482,34785,747267,8139
2023-03-20,San Diego,073,3302833,989113,81701,1070814,5852
2023-03-20,San Francisco,075,870044,197707,13460,211167,1194
2023-03-20,San Joaquin,077,732212,210957,17053,228010,2444
2023-03-20,San Luis Obispo,079,281455,66686,8187,74873,570
2023-03-20,San Mateo,081,765935,184539,11227,195766,747
2023-03-20,Santa Barbara,083,443738,112574,7773,120347,765
2023-03-20,Santa Clara,085,1922200,478948,21507,500455,2789
2023-03-20,Santa Cruz,087,273765,68786,4016,72802,276
2023-03-20,Shasta,089,179085,36588,8360,44948,612
2023-03-20,Sierra,091,2930,313,61,374,5
2023-03-20,Siskiyou,093,43540,5483,3447,8930,95
2023-03-20,Solano,095,438530,114464,8735,123199,476
2023-03-20,Sonoma,097,501317,114209,5829,120038,563
2023-03-20,Stanislaus,099,539301,145752,23223,168975,1842
2023-03-20,Sutter,101,95872,25830,2544,28374,241
2023-03-20,Tehama,103,63373,14499,3435,17934,236
2023-03-20,Trinity,105,12862,1475,506,1981,24
2023-03-20,Tulare,107,460477,128990,40918,169908,1595
2023-03-20,Tuolumne,109,53932,16977,1014,17991,211
2023-03-20,Ventura,111,848112,221584,18214,239798,1692
2023-03-20,Yolo,113,214977,50257,4996,55253,450
2023-03-20,Yuba,115,75493,20115,1896,22011,134
2023-03-19,Alameda,001,1643700,382100,22717,404817,2135
2023-03-19,Alpine,002,1148,139,4,143,0
2023-03-19,Amador,005,37829,10605,973,11578,98
2023-03-19,Butte,007,227075,41821,10322,52143,496
2023-03-19,Calaveras,009,45235,9034,645,9679,142
2023-03-19,Colusa,011,21464,4004,1383,5387,23
2023-03-19,Contra Costa,013,1133247,274496,22483,296979,1580
2023-03-19,Del Norte,015,27424,7947,485,8432,61
2023-03-19,El Dorado,017,186661,34702,4571,39273,247
2023-03-19,Fresno,019,978130,295836,35237,331073,3014
2023-03-19,Glenn,021,27897,5807,2022,7829,56
2023-03-19,Humboldt,023,135768,23482,5944,29426,170
2023-03-19,Imperial,025,180216,70603,19199,89802,981
2023-03-19,Inyo,027,18085,4775,1317,6092,63
2023-03-19,Kern,029,883053,231239,73864,305103,2495
2023-03-19,Kings,031,150075,63020,4505,67525,486
2023-03-19,Lake,033,64148,13688,1282,14970,164
2023-03-19,Lassen,035,31185,10272,1067,11339,65
2023-03-19,Los Angeles,037,10098052,3503275,221030,3724305,35835
2023-03-19,Madera,039,155013,46466,8922,55388,377
2023-03-19,Marin,041,260295,40983,5661,46644,260
2023-03-19,Mariposa,043,17540,3367,359,3726,31
2023-03-19,Mendocino,045,87422,16934,4835,21769,145
2023-03-19,Merced,047,269075,77736,13020,90756,903
2023-03-19,Modoc,049,8938,958,375,1333,11
2023-03-19,Mono,051,14174,3336,303,3639,8
2023-03-19,Monterey,053,433212,98481,24402,122883,809
2023-03-19,Napa,055,140530,34732,1523,36255,172
2023-03-19,Nevada,057,99092,20214,2341,22555,138
2023-03-19,Orange,059,3164182,716239,79126,795365,8088
2023-03-19,Placer,061,380077,81521,10388,91909,683
2023-03-19,Plumas,063,18699,3836,461,4297,15
2023-03-19,Riverside,065,2383286,737480,41899,779379,6856
2023-03-19,Sacramento,067,1510023,373332,38647,411979,3571
2023-03-19,San Benito,069,59416,17702,1142,18844,115
2023-03-19,San Bernardino,071,2135413,712391,34761,747152,8139
2023-03-19,San Diego,073,3302833,988927,81657,1070584,5849
2023-03-19,San Francisco,075,870044,197624,13452,211076,1192
2023-03-19,San Joaquin,077,732212,210906,17050,227956,2444
2023-03-19,San Luis Obispo,079,281455,66675,8184,74859,570
2023-03-19,San Mateo,081,765935,184484,11223,195707,747
2023-03-19,Santa Barbara,083,443738,112557,7766,120323,765
2023-03-19,Santa Clara,085,1922200,478840,21494,500334,2787
2023-03-19,Santa Cruz,087,273765,68755,4012,72767,276
2023-03-19,Shasta,089,179085,36587,8359,44946,612
2023-03-19,Sierra,091,2930,313,61,374,5
2023-03-19,Siskiyou,093,43540,5482,3447,8929,95
2023-03-19,Solano,095,438530,114423,8731,123154,475
2023-03-19,Sonoma,097,501317,114178,5827,120005,563
2023-03-19,Stanislaus,099,539301,145722,23215,168937,1842
2023-03-19,Sutter,101,95872,25823,2544,28367,241
2023-03-19,Tehama,103,63373,14498,3434,17932,236
2023-03-19,Trinity,105,12862,1475,506,1981,24
2023-03-19,Tulare,107,460477,128971,40905,169876,1595
2023-03-19,Tuolumne,109,53932,16976,1014,17990,211
2023-03-19,Ventura,111,848112,221561,18213,239774,1692
2023-03-19,Yolo,113,214977,50249,4991,55240,450
2023-03-19,Yuba,115,75493,20112,1895,22007,134
2023-03-18,Alameda,001,1643700,382032,22702,404734,2134
2023-03-18,Alpine,002,1148,139,4,143,0
2023-03-18,Amador,005,37829,10603,973,11576,98
2023-03-18,Butte,007,227075,41817,10318,52135,496
2023-03-18,Calaveras,009,45235,9033,645,9678,142
2023-03-18,Colusa,011,21464,4003,1383,5386,23
2023-03-18,Contra Costa,013,1133247,274449,22479,296928,1579
2023-03-18,Del Norte,015,27424,7947,484,8431,61
2023-03-18,El Dorado,017,186661,34699,4570,39269,247
2023-03-18,Fresno,019,978130,295793,35233,331026,3014
2023-03-18,Glenn,021,27897,5806,2022,7828,56
2023-03-18,Humboldt,023,135768,23481,5944,29425,170
2023-03-18,Imperial,025,180216,70592,19198,89790,981
2023-03-18,Inyo,027,18085,4775,1317,6092,63
2023-03-18,Kern,029,883053,231224,73841,305065,2495
2023-03-18,Kings,031,150075,63017,4505,67522,486
2023-03-18,Lake,033,64148,13688,1282,14970,164
2023-03-18,Lassen,035,31185,10272,1067,11339,65
2023-03-18,Los Angeles,037,10098052,3503036,220972,3724008,35828
2023-03-18,Madera,039,155013,46460,8921,55381,377
2023-03-18,Marin,041,260295,40975,5660,46635,260
2023-03-18,Mariposa,043,17540,3367,359,3726,31
2023-03-18,Mendocino,045,87422,16934,4835,21769,145
2023-03-18,Merced,047,269075,77728,13020,90748,903
2023-03-18,Modoc,049,8938,958,375,1333,11
2023-03-18,Mono,051,14174,3336,303,3639,8
2023-03-18,Monterey,053,433212,98477,24386,122863,809
2023-03-18,Napa,055,140530,34729,1523,36252,172
2023-03-18,Nevada,057,99092,20213,2339,22552,138
2023-03-18,Orange,059,3164182,716150,79115,795265,8087
2023-03-18,Placer,061,380077,81515,10387,91902,683
2023-03-18,Plumas,063,18699,3836,461,4297,15
2023-03-18,Riverside,065,2383286,737430,41884,779314,6856
2023-03-18,Sacramento,067,1510023,373286,38642,411928,3570
2023-03-18,San Benito,069,59416,17698,1142,18840,115
2023-03-18,San Bernardino,071,2135413,712346,34759,747105,8139
2023-03-18,San Diego,073,3302833,988829,81650,1070479,5849
2023-03-18,San Francisco,075,870044,197584,13448,211032,1192
2023-03-18,San Joaquin,077,732212,210898,17049,227947,2444
2023-03-18,San Luis Obispo,079,281455,66670,8184,74854,570
2023-03-18,San Mateo,081,765935,184452,11221,195673,747
2023-03-18,Santa Barbara,083,443738,112545,7766,120311,765
2023-03-18,Santa Clara,085,1922200,478752,21490,500242,2786
2023-03-18,Santa Cruz,087,273765,68745,4012,72757,276
2023-03-18,Shasta,089,179085,36584,8358,44942,612
2023-03-18,Sierra,091,2930,313,61,374,5
2023-03-18,Siskiyou,093,43540,5482,3447,8929,95
2023-03-18,Solano,095,438530,114405,8728,123133,475
2023-03-18,Sonoma,097,501317,114164,5827,119991,563
2023-03-18,Stanislaus,099,539301,145701,23211,168912,1842
2023-03-18,Sutter,101,95872,25817,2544,28361,241
2023-03-18,Tehama,103,63373,14498,3433,17931,235
2023-03-18,Trinity,105,12862,1475,506,1981,24
2023-03-18,Tulare,107,460477,128962,40898,169860,1595
2023-03-18,Tuolumne,109,53932,16973,1014,17987,211
2023-03-18,Ventura,111,848112,221535,18212,239747,1690
2023-03-18,Yolo,113,214977,50244,4988,55232,450
2023-03-18,Yuba,115,75493,20110,1895,22005,134
2023-03-17,Alameda,001,1643700,381958,22695,404653,2133
2023-03-17,Alpine,002,1148,139,4,143,0
2023-03-17,Amador,005,37829,10600,973,11573,98
2023-03-17,Butte,007,227075,41812,10317,52129,495
2023-03-17,Calaveras,009,45235,9032,645,9677,142
2023-03-17,Colusa,011,21464,4002,1382,5384,23
2023-03-17,Contra Costa,013,1133247,274400,22479,296879,1578
2023-03-17,Del Norte,015,27424,7947,484,8431,61
2023-03-17,El Dorado,017,186661,34697,4570,39267,247
2023-03-17,Fresno,019,978130,295746,35228,330974,3013
2023-03-17,Glenn,021,27897,5805,2021,7826,56
2023-03-17,Humboldt,023,135768,23478,5944,29422,170
2023-03-17,Imperial,025,180216,70583,19195,89778,981
2023-03-17,Inyo,027,18085,4774,1316,6090,63
2023-03-17,Kern,029,883053,231207,73826,305033,2495
2023-03-17,Kings,031,150075,63014,4505,67519,486
2023-03-17,Lake,033,64148,13688,1282,14970,164
2023-03-17,Lassen,035,31185,10272,1067,11339,65
2023-03-17,Los Angeles,037,10098052,3502694,220916,3723610,35820
2023-03-17,Madera,039,155013,46454,8919,55373,377
2023-03-17,Marin,041,260295,40968,5657,46625,260
2023-03-17,Mariposa,043,17540,3367,359,3726,31
2023-03-17,Mendocino,045,87422,16931,4835,21766,145
2023-03-17,Merced,047,269075,77721,13020,90741,903
2023-03-17,Modoc,049,8938,958,375,1333,11
2023-03-17,Mono,051,14174,3335,303,3638,8
2023-03-17,Monterey,053,433212,98467,24381,122848,809
2023-03-17,Napa,055,140530,34724,1523,36247,172
2023-03-17,Nevada,057,99092,20212,2338,22550,138
2023-03-17,Orange,059,3164182,716085,79091,795176,8086
2023-03-17,Placer,061,380077,81499,10386,91885,683
2023-03-17,Plumas,063,18699,3836,461,4297,15
2023-03-17,Riverside,065,2383286,737365,41873,779238,6856
2023-03-17,Sacramento,067,1510023,373234,38640,411874,3570
2023-03-17,San Benito,069,59416,17697,1142,18839,115
2023-03-17,San Bernardino,071,2135413,712294,34754,747048,8139
2023-03-17,San Diego,073,3302833,988732,81636,1070368,5847
2023-03-17,San Francisco,075,870044,197541,13446,210987,1192
2023-03-17,San Joaquin,077,732212,210878,17045,227923,2440
2023-03-17,San Luis Obispo,079,281455,66666,8182,74848,570
2023-03-17,San Mateo,081,765935,184428,11219,195647,747
2023-03-17,Santa Barbara,083,443738,112528,7766,120294,765
2023-03-17,Santa Clara,085,1922200,478654,21487,500141,2785
2023-03-17,Santa Cruz,087,273765,68736,4010,72746,276
2023-03-17,Shasta,089,179085,36582,8357,44939,612
2023-03-17,Sierra,091,2930,312,61,373,5
2023-03-17,Siskiyou,093,43540,5482,3447,8929,95
2023-03-17,Solano,095,438530,114398,8728,123126,475
2023-03-17,Sonoma,097,501317,114148,5827,119975,563
2023-03-17,Stanislaus,099,539301,145676,23207,168883,1842
2023-03-17,Sutter,101,95872,25814,2544,28358,241
2023-03-17,Tehama,103,63373,14493,3433,17926,235
2023-03-17,Trinity,105,12862,1475,506,1981,24
2023-03-17,Tulare,107,460477,128949,40893,169842,1595
2023-03-17,Tuolumne,109,53932,16971,1014,17985,211
2023-03-17,Ventura,111,848112,221514,18207,239721,1690
2023-03-17,Yolo,113,214977,50235,4983,55218,450
2023-03-17,Yuba,115,75493,20109,1895,22004,134
2023-03-16,Alameda,001,1643700,381836,22680,404516,2132
2023-03-16,Alpine,002,1148,139,4,143,0
2023-03-16,Amador,005,37829,10599,973,11572,98
2023-03-16,Butte,007,227075,41805,10314,52119,495
2023-03-16,Calaveras,009,45235,9031,645,9676,142
2023-03-16,Colusa,011,21464,4002,1382,5384,23
2023-03-16,Contra Costa,013,1133247,274358,22475,296833,1577
2023-03-16,Del Norte,015,27424,7947,483,8430,61
2023-03-16,El Dorado,017,186661,34693,4570,39263,247
2023-03-16,Fresno,019,978130,295697,35222,330919,3012
2023-03-16,Glenn,021,27897,5804,2020,7824,56
2023-03-16,Humboldt,023,135768,23473,5944,29417,170
2023-03-16,Imperial,025,180216,70563,19185,89748,981
2023-03-16,Inyo,027,18085,4772,1316,6088,63
2023-03-16,Kern,029,883053,231177,73807,304984,2494
2023-03-16,Kings,031,150075,63012,4503,67515,486
2023-03-16,Lake,033,64148,13686,1282,14968,164
2023-03-16,Lassen,035,31185,10272,1067,11339,65
2023-03-16,Los Angeles,037,10098052,3502210,220816,3723026,35809
2023-03-16,Madera,039,155013,46449,8917,55366,377
2023-03-16,Marin,041,260295,40949,5657,46606,260
2023-03-16,Mariposa,043,17540,3366,359,3725,31
2023-03-16,Mendocino,045,87422,16931,4834,21765,145
2023-03-16,Merced,047,269075,77706,13018,90724,903
2023-03-16,Modoc,049,8938,958,375,1333,11
2023-03-16,Mono,051,14174,3334,303,3637,8
2023-03-16,Monterey,053,433212,98457,24369,122826,809
2023-03-16,Napa,055,140530,34716,1523,36239,171
2023-03-16,Nevada,057,99092,20209,2337,22546,138
2023-03-16,Orange,059,3164182,715977,79051,795028,8085
2023-03-16,Placer,061,380077,81472,10383,91855,683
2023-03-16,Plumas,063,18699,3836,461,4297,15
2023-03-16,Riverside,065,2383286,737292,41856,779148,6856
2023-03-16,Sacramento,067,1510023,373162,38627,411789,3570
2023-03-16,San Benito,069,59416,17697,1142,18839,115
2023-03-16,San Bernardino,071,2135413,712208,34745,746953,8139
2023-03-16,San Diego,073,3302833,988575,81610,1070185,5846
2023-03-16,San Francisco,075,870044,197498,13439,210937,1192
2023-03-16,San Joaquin,077,732212,210834,17041,227875,2440
2023-03-16,San Luis Obispo,079,281455,66661,8179,74840,569
2023-03-16,San Mateo,081,765935,184387,11215,195602,747
2023-03-16,Santa Barbara,083,443738,112512,7762,120274,765
2023-03-16,Santa Clara,085,1922200,478536,21478,500014,2784
2023-03-16,Santa Cruz,087,273765,68719,4005,72724,276
2023-03-16,Shasta,089,179085,36579,8353,44932,612
2023-03-16,Sierra,091,2930,312,61,373,5
2023-03-16,Siskiyou,093,43540,5481,3447,8928,95
2023-03-16,Solano,095,438530,114369,8724,123093,475
2023-03-16,Sonoma,097,501317,114106,5824,119930,563
2023-03-16,Stanislaus,099,539301,145649,23204,168853,1842
2023-03-16,Sutter,101,95872,25806,2544,28350,241
2023-03-16,Tehama,103,63373,14491,3432,17923,235
2023-03-16,Trinity,105,12862,1475,506,1981,24
2023-03-16,Tulare,107,460477,128916,40883,169799,1595
2023-03-16,Tuolumne,109,53932,16970,1014,17984,211
2023-03-16,Ventura,111,848112,221489,18201,239690,1689
2023-03-16,Yolo,113,214977,50229,4975,55204,450
2023-03-16,Yuba,115,75493,20106,1893,21999,134
2023-03-15,Alameda,001,1643700,381717,22656,404373,2131
2023-03-15,Alpine,002,1148,139,4,143,0
2023-03-15,Amador,005,37829,10597,973,11570,98
2023-03-15,Butte,007,227075,41800,10311,52111,495
2023-03-15,Calaveras,009,45235,9030,645,9675,142
2023-03-15,Colusa,011,21464,4002,1382,5384,23
2023-03-15,Contra Costa,013,1133247,274284,22470,296754,1576
2023-03-15,Del Norte,015,27424,7947,483,8430,61
2023-03-15,El Dorado,017,186661,34689,4570,39259,247
2023-03-15,Fresno,019,978130,295642,35210,330852,3012
2023-03-15,Glenn,021,27897,5803,2020,7823,56
2023-03-15,Humboldt,023,135768,23470,5942,29412,170
2023-03-15,Imperial,025,180216,70539,19168,89707,981
2023-03-15,Inyo,027,18085,4772,1316,6088,63
2023-03-15,Kern,029,883053,231145,73783,304928,2493
2023-03-15,Kings,031,150075,63003,4502,67505,485
2023-03-15,Lake,033,64148,13683,1282,14965,164
2023-03-15,Lassen,035,31185,10270,1067,11337,65
2023-03-15,Los Angeles,037,10098052,3501602,220735,3722337,35798
2023-03-15,Madera,039,155013,46444,8917,55361,377
2023-03-15,Marin,041,260295,40935,5655,46590,260
2023-03-15,Mariposa,043,17540,3366,359,3725,31
2023-03-15,Mendocino,045,87422,16931,4834,21765,145
2023-03-15,Merced,047,269075,77692,13017,90709,903
2023-03-15,Modoc,049,8938,958,375,1333,11
2023-03-15,Mono,051,14174,3332,303,3635,8
2023-03-15,Monterey,053,433212,98446,24349,122795,809
2023-03-15,Napa,055,140530,34714,1523,36237,171
2023-03-15,Nevada,057,99092,20207,2337,22544,138
2023-03-15,Orange,059,3164182,715851,79017,794868,8084
2023-03-15,Placer,061,380077,81459,10382,91841,683
2023-03-15,Plumas,063,18699,3836,461,4297,15
2023-03-15,Riverside,065,2383286,737216,41836,779052,6855
2023-03-15,Sacramento,067,1510023,373101,38620,411721,3569
2023-03-15,San Benito,069,59416,17693,1142,18835,114
2023-03-15,San Bernardino,071,2135413,712125,34741,746866,8139
2023-03-15,San Diego,073,3302833,988407,81564,1069971,5844
2023-03-15,San Francisco,075,870044,197428,13435,210863,1191
2023-03-15,San Joaquin,077,732212,210774,17040,227814,2439
2023-03-15,San Luis Obispo,079,281455,66657,8177,74834,569
2023-03-15,San Mateo,081,765935,184342,11211,195553,747
2023-03-15,Santa Barbara,083,443738,112503,7761,120264,765
2023-03-15,Santa Clara,085,1922200,478432,21467,499899,2783
2023-03-15,Santa Cruz,087,273765,68699,4000,72699,276
2023-03-15,Shasta,089,179085,36578,8353,44931,612
2023-03-15,Sierra,091,2930,312,61,373,5
2023-03-15,Siskiyou,093,43540,5481,3445,8926,95
2023-03-15,Solano,095,438530,114336,8722,123058,475
2023-03-15,Sonoma,097,501317,114081,5822,119903,563
2023-03-15,Stanislaus,099,539301,145609,23202,168811,1842
2023-03-15,Sutter,101,95872,25799,2544,28343,241
2023-03-15,Tehama,103,63373,14491,3432,17923,235
2023-03-15,Trinity,105,12862,1475,506,1981,24
2023-03-15,Tulare,107,460477,128908,40876,169784,1595
2023-03-15,Tuolumne,109,53932,16965,1014,17979,211
2023-03-15,Ventura,111,848112,221460,18197,239657,1689
2023-03-15,Yolo,113,214977,50221,4974,55195,450
2023-03-15,Yuba,115,75493,20102,1893,21995,134
2023-03-14,Alameda,001,1643700,381599,22644,404243,2131
2023-03-14,Alpine,002,1148,139,4,143,0
2023-03-14,Amador,005,37829,10596,973,11569,98
2023-03-14,Butte,007,227075,41791,10309,52100,495
2023-03-14,Calaveras,009,45235,9028,645,9673,142
2023-03-14,Colusa,011,21464,4002,1382,5384,23
2023-03-14,Contra Costa,013,1133247,274209,22469,296678,1574
2023-03-14,Del Norte,015,27424,7946,481,8427,61
2023-03-14,El Dorado,017,186661,34680,4570,39250,247
2023-03-14,Fresno,019,978130,295583,35195,330778,3012
2023-03-14,Glenn,021,27897,5803,2020,7823,56
2023-03-14,Humboldt,023,135768,23464,5941,29405,170
2023-03-14,Imperial,025,180216,70516,19152,89668,981
2023-03-14,Inyo,027,18085,4770,1315,6085,63
2023-03-14,Kern,029,883053,231108,73753,304861,2493
2023-03-14,Kings,031,150075,62994,4502,67496,485
2023-03-14,Lake,033,64148,13681,1282,14963,164
2023-03-14,Lassen,035,31185,10268,1066,11334,65
2023-03-14,Los Angeles,037,10098052,3501089,220643,3721732,35791
2023-03-14,Madera,039,155013,46431,8917,55348,377
2023-03-14,Marin,041,260295,40919,5655,46574,260
2023-03-14,Mariposa,043,17540,3366,359,3725,31
2023-03-14,Mendocino,045,87422,16930,4834,21764,145
2023-03-14,Merced,047,269075,77672,13010,90682,903
2023-03-14,Modoc,049,8938,958,375,1333,11
2023-03-14,Mono,051,14174,3332,303,3635,8
2023-03-14,Monterey,053,433212,98438,24330,122768,809
2023-03-14,Napa,055,140530,34710,1522,36232,171
2023-03-14,Nevada,057,99092,20203,2337,22540,138
2023-03-14,Orange,059,3164182,715725,78981,794706,8081
2023-03-14,Placer,061,380077,81432,10382,91814,683
2023-03-14,Plumas,063,18699,3834,461,4295,15
2023-03-14,Riverside,065,2383286,737116,41816,778932,6855
2023-03-14,Sacramento,067,1510023,373014,38604,411618,3568
2023-03-14,San Benito,069,59416,17686,1142,18828,114
2023-03-14,San Bernardino,071,2135413,712051,34730,746781,8139
2023-03-14,San Diego,073,3302833,988213,81523,1069736,5844
2023-03-14,San Francisco,075,870044,197376,13430,210806,1191
2023-03-14,San Joaquin,077,732212,210730,17040,227770,2439
2023-03-14,San Luis Obispo,079,281455,66646,8176,74822,569
2023-03-14,San Mateo,081,765935,184297,11207,195504,747
2023-03-14,Santa Barbara,083,443738,112477,7760,120237,764
2023-03-14,Santa Clara,085,1922200,478315,21456,499771,2783
2023-03-14,Santa Cruz,087,273765,68683,3999,72682,276
2023-03-14,Shasta,089,179085,36573,8350,44923,612
2023-03-14,Sierra,091,2930,312,61,373,5
2023-03-14,Siskiyou,093,43540,5480,3445,8925,95
2023-03-14,Solano,095,438530,114301,8721,123022,475
2023-03-14,Sonoma,097,501317,114061,5822,119883,563
2023-03-14,Stanislaus,099,539301,145583,23196,168779,1842
2023-03-14,Sutter,101,95872,25797,2544,28341,241
2023-03-14,Tehama,103,63373,14485,3430,17915,235
2023-03-14,Trinity,105,12862,1475,506,1981,24
2023-03-14,Tulare,107,460477,128887,40869,169756,1594
2023-03-14,Tuolumne,109,53932,16964,1014,17978,211
2023-03-14,Ventura,111,848112,221431,18190,239621,1688
2023-03-14,Yolo,113,214977,50207,4972,55179,450
2023-03-14,Yuba,115,75493,20098,1893,21991,134
2023-03-13,Alameda,001,1643700,381462,22628,404090,2131
2023-03-13,Alpine,002,1148,139,4,143,0
2023-03-13,Amador,005,37829,10596,973,11569,98
2023-03-13,Butte,007,227075,41784,10303,52087,495
2023-03-13,Calaveras,009,45235,9028,645,9673,142
2023-03-13,Colusa,011,21464,4001,1381,5382,23
2023-03-13,Contra Costa,013,1133247,274135,22465,296600,1574
2023-03-13,Del Norte,015,27424,7945,481,8426,61
2023-03-13,El Dorado,017,186661,34668,4570,39238,247
2023-03-13,Fresno,019,978130,295520,35174,330694,3012
2023-03-13,Glenn,021,27897,5803,2020,7823,56
2023-03-13,Humboldt,023,135768,23462,5938,29400,170
2023-03-13,Imperial,025,180216,70479,19128,89607,981
2023-03-13,Inyo,027,18085,4770,1315,6085,63
2023-03-13,Kern,029,883053,231067,73717,304784,2493
2023-03-13,Kings,031,150075,62980,4501,67481,485
2023-03-13,Lake,033,64148,13677,1282,14959,164
2023-03-13,Lassen,035,31185,10268,1065,11333,65
2023-03-13,Los Angeles,037,10098052,3500588,220540,3721128,35781
2023-03-13,Madera,039,155013,46421,8916,55337,377
2023-03-13,Marin,041,260295,40904,5654,46558,260
2023-03-13,Mariposa,043,17540,3366,359,3725,31
2023-03-13,Mendocino,045,87422,16927,4834,21761,145
2023-03-13,Merced,047,269075,77659,13009,90668,903
2023-03-13,Modoc,049,8938,958,375,1333,11
2023-03-13,Mono,051,14174,3332,302,3634,8
2023-03-13,Monterey,053,433212,98427,24316,122743,809
2023-03-13,Napa,055,140530,34707,1522,36229,171
2023-03-13,Nevada,057,99092,20200,2337,22537,138
2023-03-13,Orange,059,3164182,715615,78941,794556,8078
2023-03-13,Placer,061,380077,81420,10380,91800,683
2023-03-13,Plumas,063,18699,3834,461,4295,15
2023-03-13,Riverside,065,2383286,736996,41797,778793,6855
2023-03-13,Sacramento,067,1510023,372920,38594,411514,3568
2023-03-13,San Benito,069,59416,17682,1142,18824,114
2023-03-13,San Bernardino,071,2135413,711960,34722,746682,8139
2023-03-13,San Diego,073,3302833,987993,81486,1069479,5842
2023-03-13,San Francisco,075,870044,197289,13426,210715,1190
2023-03-13,San Joaquin,077,732212,210686,17034,227720,2438
2023-03-13,San Luis Obispo,079,281455,66638,8170,74808,569
2023-03-13,San Mateo,081,765935,184230,11197,195427,747
2023-03-13,Santa Barbara,083,443738,112463,7759,120222,764
2023-03-13,Santa Clara,085,1922200,478158,21444,499602,2781
2023-03-13,Santa Cruz,087,273765,68665,3996,72661,276
2023-03-13,Shasta,089,179085,36570,8349,44919,612
2023-03-13,Sierra,091,2930,312,61,373,5
2023-03-13,Siskiyou,093,43540,5479,3444,8923,95
2023-03-13,Solano,095,438530,114279,8717,122996,475
2023-03-13,Sonoma,097,501317,114025,5822,119847,563
2023-03-13,Stanislaus,099,539301,145552,23191,168743,1842
2023-03-13,Sutter,101,95872,25792,2544,28336,241
2023-03-13,Tehama,103,63373,14485,3429,17914,235
2023-03-13,Trinity,105,12862,1475,506,1981,24
2023-03-13,Tulare,107,460477,128871,40857,169728,1594
2023-03-13,Tuolumne,109,53932,16963,1014,17977,211
2023-03-13,Ventura,111,848112,221408,18187,239595,1688
2023-03-13,Yolo,113,214977,50203,4966,55169,450
2023-03-13,Yuba,115,75493,20097,1893,21990,134
2023-03-12,Alameda,001,1643700,381303,22612,403915,2131
2023-03-12,Alpine,002,1148,139,4,143,0
2023-03-12,Amador,005,37829,10595,973,11568,98
2023-03-12,Butte,007,227075,41782,10301,52083,495
2023-03-12,Calaveras,009,45235,9027,644,9671,142
2023-03-12,Colusa,011,21464,4001,1380,5381,23
2023-03-12,Contra Costa,013,1133247,274048,22458,296506,1573
2023-03-12,Del Norte,015,27424,7944,477,8421,61
2023-03-12,El Dorado,017,186661,34664,4569,39233,247
2023-03-12,Fresno,019,978130,295450,35164,330614,3012
2023-03-12,Glenn,021,27897,5803,2019,7822,56
2023-03-12,Humboldt,023,135768,23454,5935,29389,170
2023-03-12,Imperial,025,180216,70452,19097,89549,981
2023-03-12,Inyo,027,18085,4770,1314,6084,63
2023-03-12,Kern,029,883053,231008,73668,304676,2493
2023-03-12,Kings,031,150075,62972,4501,67473,485
2023-03-12,Lake,033,64148,13676,1282,14958,164
2023-03-12,Lassen,035,31185,10266,1065,11331,65
2023-03-12,Los Angeles,037,10098052,3499855,220433,3720288,35765
2023-03-12,Madera,039,155013,46409,8914,55323,377
2023-03-12,Marin,041,260295,40887,5651,46538,260
2023-03-12,Mariposa,043,17540,3365,359,3724,31
2023-03-12,Mendocino,045,87422,16925,4834,21759,145
2023-03-12,Merced,047,269075,77642,13007,90649,903
2023-03-12,Modoc,049,8938,958,375,1333,11
2023-03-12,Mono,051,14174,3332,302,3634,8
2023-03-12,Monterey,053,433212,98415,24292,122707,809
2023-03-12,Napa,055,140530,34699,1522,36221,169
2023-03-12,Nevada,057,99092,20196,2337,22533,138
2023-03-12,Orange,059,3164182,715450,78885,794335,8072
2023-03-12,Placer,061,380077,81390,10377,91767,683
2023-03-12,Plumas,063,18699,3834,461,4295,15
2023-03-12,Riverside,065,2383286,736812,41773,778585,6855
2023-03-12,Sacramento,067,1510023,372776,38569,411345,3568
2023-03-12,San Benito,069,59416,17679,1140,18819,114
2023-03-12,San Bernardino,071,2135413,711799,34715,746514,8139
2023-03-12,San Diego,073,3302833,987772,81450,1069222,5840
2023-03-12,San Francisco,075,870044,197183,13419,210602,1190
2023-03-12,San Joaquin,077,732212,210613,17021,227634,2437
2023-03-12,San Luis Obispo,079,281455,66627,8167,74794,569
2023-03-12,San Mateo,081,765935,184166,11188,195354,747
2023-03-12,Santa Barbara,083,443738,112441,7757,120198,764
2023-03-12,Santa Clara,085,1922200,477975,21425,499400,2776
2023-03-12,Santa Cruz,087,273765,68636,3992,72628,276
2023-03-12,Shasta,089,179085,36569,8347,44916,612
2023-03-12,Sierra,091,2930,312,61,373,5
2023-03-12,Siskiyou,093,43540,5475,3444,8919,95
2023-03-12,Solano,095,438530,114220,8709,122929,475
2023-03-12,Sonoma,097,501317,113991,5813,119804,563
2023-03-12,Stanislaus,099,539301,145533,23178,168711,1842
2023-03-12,Sutter,101,95872,25787,2544,28331,241
2023-03-12,Tehama,103,63373,14482,3429,17911,235
2023-03-12,Trinity,105,12862,1475,506,1981,24
2023-03-12,Tulare,107,460477,128841,40835,169676,1594
2023-03-12,Tuolumne,109,53932,16960,1014,17974,211
2023-03-12,Ventura,111,848112,221382,18179,239561,1688
2023-03-12,Yolo,113,214977,50189,4959,55148,450
2023-03-12,Yuba,115,75493,20089,1891,21980,134
2023-03-11,Alameda,001,1643700,381231,22601,403832,2131
2023-03-11,Alpine,002,1148,139,4,143,0
2023-03-11,Amador,005,37829,10595,973,11568,98
2023-03-11,Butte,007,227075,41781,10300,52081,495
2023-03-11,Calaveras,009,45235,9026,644,9670,142
2023-03-11,Colusa,011,21464,4000,1380,5380,23
2023-03-11,Contra Costa,013,1133247,273991,22455,296446,1573
2023-03-11,Del Norte,015,27424,7944,477,8421,61
2023-03-11,El Dorado,017,186661,34657,4569,39226,247
2023-03-11,Fresno,019,978130,295416,35158,330574,3012
2023-03-11,Glenn,021,27897,5802,2019,7821,56
2023-03-11,Humboldt,023,135768,23453,5934,29387,170
2023-03-11,Imperial,025,180216,70436,19096,89532,981
2023-03-11,Inyo,027,18085,4770,1314,6084,63
2023-03-11,Kern,029,883053,230971,73640,304611,2493
2023-03-11,Kings,031,150075,62965,4501,67466,485
2023-03-11,Lake,033,64148,13675,1282,14957,164
2023-03-11,Lassen,035,31185,10266,1065,11331,65
2023-03-11,Los Angeles,037,10098052,3499513,220379,3719892,35758
2023-03-11,Madera,039,155013,46404,8914,55318,377
2023-03-11,Marin,041,260295,40877,5651,46528,260
2023-03-11,Mariposa,043,17540,3364,359,3723,31
2023-03-11,Mendocino,045,87422,16924,4834,21758,145
2023-03-11,Merced,047,269075,77630,13006,90636,903
2023-03-11,Modoc,049,8938,958,375,1333,11
2023-03-11,Mono,051,14174,3332,302,3634,8
2023-03-11,Monterey,053,433212,98408,24275,122683,809
2023-03-11,Napa,055,140530,34695,1522,36217,169
2023-03-11,Nevada,057,99092,20196,2337,22533,138
2023-03-11,Orange,059,3164182,715361,78853,794214,8067
2023-03-11,Placer,061,380077,81376,10375,91751,683
2023-03-11,Plumas,063,18699,3834,461,4295,15
2023-03-11,Riverside,065,2383286,736736,41753,778489,6855
2023-03-11,Sacramento,067,1510023,372718,38557,411275,3568
2023-03-11,San Benito,069,59416,17679,1139,18818,114
2023-03-11,San Bernardino,071,2135413,711747,34710,746457,8139
2023-03-11,San Diego,073,3302833,987638,81426,1069064,5840
2023-03-11,San Francisco,075,870044,197141,13415,210556,1190
2023-03-11,San Joaquin,077,732212,210575,17014,227589,2437
2023-03-11,San Luis Obispo,079,281455,66615,8163,74778,569
2023-03-11,San Mateo,081,765935,184128,11188,195316,747
2023-03-11,Santa Barbara,083,443738,112420,7757,120177,764
2023-03-11,Santa Clara,085,1922200,477877,21416,499293,2774
2023-03-11,Santa Cruz,087,273765,68618,3990,72608,276
2023-03-11,Shasta,089,179085,36566,8347,44913,612
2023-03-11,Sierra,091,2930,312,61,373,5
2023-03-11,Siskiyou,093,43540,5473,3444,8917,95
2023-03-11,Solano,095,438530,114208,8708,122916,475
2023-03-11,Sonoma,097,501317,113968,5812,119780,563
2023-03-11,Stanislaus,099,539301,145515,23176,168691,1842
2023-03-11,Sutter,101,95872,25785,2543,28328,241
2023-03-11,Tehama,103,63373,14479,3427,17906,235
2023-03-11,Trinity,105,12862,1475,506,1981,24
2023-03-11,Tulare,107,460477,128827,40827,169654,1593
2023-03-11,Tuolumne,109,53932,16959,1014,17973,211
2023-03-11,Ventura,111,848112,221358,18177,239535,1688
2023-03-11,Yolo,113,214977,50187,4956,55143,450
2023-03-11,Yuba,115,75493,20085,1890,21975,134
2023-03-10,Alameda,001,1643700,381130,22594,403724,2130
2023-03-10,Alpine,002,1148,139,4,143,0
2023-03-10,Amador,005,37829,10594,973,11567,98
2023-03-10,Butte,007,227075,41776,10295,52071,495
2023-03-10,Calaveras,009,45235,9025,644,9669,142
2023-03-10,Colusa,011,21464,4000,1380,5380,22
2023-03-10,Contra Costa,013,1133247,273937,22449,296386,1573
2023-03-10,Del Norte,015,27424,7943,477,8420,61
2023-03-10,El Dorado,017,186661,34651,4569,39220,247
2023-03-10,Fresno,019,978130,295366,35150,330516,3012
2023-03-10,Glenn,021,27897,5800,2019,7819,56
2023-03-10,Humboldt,023,135768,23450,5933,29383,170
2023-03-10,Imperial,025,180216,70412,19092,89504,981
2023-03-10,Inyo,027,18085,4770,1313,6083,63
2023-03-10,Kern,029,883053,230947,73616,304563,2493
2023-03-10,Kings,031,150075,62957,4500,67457,485
2023-03-10,Lake,033,64148,13675,1282,14957,164
2023-03-10,Lassen,035,31185,10264,1065,11329,65
2023-03-10,Los Angeles,037,10098052,3499116,220324,3719440,35752
2023-03-10,Madera,039,155013,46400,8913,55313,377
2023-03-10,Marin,041,260295,40867,5651,46518,260
2023-03-10,Mariposa,043,17540,3364,359,3723,31
2023-03-10,Mendocino,045,87422,16921,4834,21755,145
2023-03-10,Merced,047,269075,77622,13006,90628,903
2023-03-10,Modoc,049,8938,958,375,1333,11
2023-03-10,Mono,051,14174,3332,302,3634,8
2023-03-10,Monterey,053,433212,98397,24252,122649,809
2023-03-10,Napa,055,140530,34689,1522,36211,169
2023-03-10,Nevada,057,99092,20194,2337,22531,138
2023-03-10,Orange,059,3164182,715276,78822,794098,8067
2023-03-10,Placer,061,380077,81356,10374,91730,683
2023-03-10,Plumas,063,18699,3834,460,4294,15
2023-03-10,Riverside,065,2383286,736651,41741,778392,6854
2023-03-10,Sacramento,067,1510023,372655,38548,411203,3566
2023-03-10,San Benito,069,59416,17679,1139,18818,114
2023-03-10,San Bernardino,071,2135413,711675,34705,746380,8139
2023-03-10,San Diego,073,3302833,987503,81401,1068904,5838
2023-03-10,San Francisco,075,870044,197094,13413,210507,1190
2023-03-10,San Joaquin,077,732212,210539,17010,227549,2437
2023-03-10,San Luis Obispo,079,281455,66604,8163,74767,569
2023-03-10,San Mateo,081,765935,184090,11188,195278,747
2023-03-10,Santa Barbara,083,443738,112405,7757,120162,764
2023-03-10,Santa Clara,085,1922200,477784,21405,499189,2773
2023-03-10,Santa Cruz,087,273765,68604,3990,72594,276
2023-03-10,Shasta,089,179085,36563,8347,44910,612
2023-03-10,Sierra,091,2930,312,61,373,5
2023-03-10,Siskiyou,093,43540,5472,3444,8916,95
2023-03-10,Solano,095,438530,114187,8703,122890,475
2023-03-10,Sonoma,097,501317,113958,5811,119769,563
2023-03-10,Stanislaus,099,539301,145495,23175,168670,1842
2023-03-10,Sutter,101,95872,25782,2543,28325,241
2023-03-10,Tehama,103,63373,14478,3426,17904,235
2023-03-10,Trinity,105,12862,1475,506,1981,24
2023-03-10,Tulare,107,460477,128811,40812,169623,1593
2023-03-10,Tuolumne,109,53932,16959,1014,17973,211
2023-03-10,Ventura,111,848112,221338,18175,239513,1687
2023-03-10,Yolo,113,214977,50179,4956,55135,450
2023-03-10,Yuba,115,75493,20079,1889,21968,134
2023-03-09,Alameda,001,1643700,381020,22579,403599,2129
2023-03-09,Alpine,002,1148,139,4,143,0
2023-03-09,Amador,005,37829,10590,973,11563,98
2023-03-09,Butte,007,227075,41773,10293,52066,495
2023-03-09,Calaveras,009,45235,9022,644,9666,142
2023-03-09,Colusa,011,21464,3999,1378,5377,22
2023-03-09,Contra Costa,013,1133247,273843,22439,296282,1572
2023-03-09,Del Norte,015,27424,7940,476,8416,61
2023-03-09,El Dorado,017,186661,34641,4568,39209,247
2023-03-09,Fresno,019,978130,295317,35133,330450,3012
2023-03-09,Glenn,021,27897,5796,2018,7814,56
2023-03-09,Humboldt,023,135768,23446,5933,29379,170
2023-03-09,Imperial,025,180216,70379,19076,89455,980
2023-03-09,Inyo,027,18085,4770,1313,6083,63
2023-03-09,Kern,029,883053,230872,73591,304463,2493
2023-03-09,Kings,031,150075,62953,4498,67451,485
2023-03-09,Lake,033,64148,13671,1282,14953,164
2023-03-09,Lassen,035,31185,10264,1065,11329,65
2023-03-09,Los Angeles,037,10098052,3498584,220231,3718815,35742
2023-03-09,Madera,039,155013,46395,8911,55306,377
2023-03-09,Marin,041,260295,40848,5651,46499,260
2023-03-09,Mariposa,043,17540,3363,359,3722,31
2023-03-09,Mendocino,045,87422,16917,4834,21751,145
2023-03-09,Merced,047,269075,77608,13001,90609,903
2023-03-09,Modoc,049,8938,958,375,1333,11
2023-03-09,Mono,051,14174,3332,302,3634,8
2023-03-09,Monterey,053,433212,98386,24239,122625,809
2023-03-09,Napa,055,140530,34676,1522,36198,169
2023-03-09,Nevada,057,99092,20192,2336,22528,138
2023-03-09,Orange,059,3164182,715151,78775,793926,8062
2023-03-09,Placer,061,380077,81340,10372,91712,683
2023-03-09,Plumas,063,18699,3831,460,4291,15
2023-03-09,Riverside,065,2383286,736541,41716,778257,6852
2023-03-09,Sacramento,067,1510023,372560,38528,411088,3565
2023-03-09,San Benito,069,59416,17677,1139,18816,114
2023-03-09,San Bernardino,071,2135413,711581,34695,746276,8139
2023-03-09,San Diego,073,3302833,987315,81372,1068687,5836
2023-03-09,San Francisco,075,870044,197002,13408,210410,1189
2023-03-09,San Joaquin,077,732212,210482,17008,227490,2436
2023-03-09,San Luis Obispo,079,281455,66595,8162,74757,569
2023-03-09,San Mateo,081,765935,184040,11184,195224,747
2023-03-09,Santa Barbara,083,443738,112389,7752,120141,764
2023-03-09,Santa Clara,085,1922200,477643,21396,499039,2771
2023-03-09,Santa Cruz,087,273765,68593,3989,72582,276
2023-03-09,Shasta,089,179085,36558,8346,44904,612
2023-03-09,Sierra,091,2930,312,61,373,5
2023-03-09,Siskiyou,093,43540,5471,3444,8915,95
2023-03-09,Solano,095,438530,114154,8702,122856,475
2023-03-09,Sonoma,097,501317,113928,5811,119739,563
2023-03-09,Stanislaus,099,539301,145458,23170,168628,1842
2023-03-09,Sutter,101,95872,25779,2542,28321,241
2023-03-09,Tehama,103,63373,14475,3422,17897,235
2023-03-09,Trinity,105,12862,1475,506,1981,24
2023-03-09,Tulare,107,460477,128791,40794,169585,1593
2023-03-09,Tuolumne,109,53932,16956,1014,17970,211
2023-03-09,Ventura,111,848112,221307,18172,239479,1685
2023-03-09,Yolo,113,214977,50168,4951,55119,450
2023-03-09,Yuba,115,75493,20078,1888,21966,134
2023-03-08,Alameda,001,1643700,380883,22565,403448,2129
2023-03-08,Alpine,002,1148,139,4,143,0
2023-03-08,Amador,005,37829,10587,973,11560,98
2023-03-08,Butte,007,227075,41766,10290,52056,495
2023-03-08,Calaveras,009,45235,9021,644,9665,142
2023-03-08,Colusa,011,21464,3998,1377,5375,22
2023-03-08,Contra Costa,013,1133247,273743,22435,296178,1572
2023-03-08,Del Norte,015,27424,7939,476,8415,61
2023-03-08,El Dorado,017,186661,34635,4564,39199,247
2023-03-08,Fresno,019,978130,295259,35118,330377,3012
2023-03-08,Glenn,021,27897,5794,2018,7812,56
2023-03-08,Humboldt,023,135768,23438,5932,29370,170
2023-03-08,Imperial,025,180216,70345,19066,89411,980
2023-03-08,Inyo,027,18085,4770,1313,6083,63
2023-03-08,Kern,029,883053,230824,73559,304383,2493
2023-03-08,Kings,031,150075,62945,4497,67442,485
2023-03-08,Lake,033,64148,13671,1282,14953,164
2023-03-08,Lassen,035,31185,10263,1065,11328,65
2023-03-08,Los Angeles,037,10098052,3497941,220136,3718077,35732
2023-03-08,Madera,039,155013,46388,8909,55297,377
2023-03-08,Marin,041,260295,40830,5650,46480,260
2023-03-08,Mariposa,043,17540,3362,359,3721,31
2023-03-08,Mendocino,045,87422,16915,4833,21748,145
2023-03-08,Merced,047,269075,77591,12998,90589,903
2023-03-08,Modoc,049,8938,958,375,1333,11
2023-03-08,Mono,051,14174,3331,302,3633,8
2023-03-08,Monterey,053,433212,98377,24221,122598,809
2023-03-08,Napa,055,140530,34669,1522,36191,168
2023-03-08,Nevada,057,99092,20190,2335,22525,138
2023-03-08,Orange,059,3164182,714993,78730,793723,8057
2023-03-08,Placer,061,380077,81304,10370,91674,683
2023-03-08,Plumas,063,18699,3831,460,4291,15
2023-03-08,Riverside,065,2383286,736407,41684,778091,6851
2023-03-08,Sacramento,067,1510023,372438,38519,410957,3563
2023-03-08,San Benito,069,59416,17675,1139,18814,114
2023-03-08,San Bernardino,071,2135413,711490,34688,746178,8139
2023-03-08,San Diego,073,3302833,987129,81329,1068458,5835
2023-03-08,San Francisco,075,870044,196929,13408,210337,1188
2023-03-08,San Joaquin,077,732212,210430,17004,227434,2436
2023-03-08,San Luis Obispo,079,281455,66579,8162,74741,569
2023-03-08,San Mateo,081,765935,183980,11180,195160,747
2023-03-08,Santa Barbara,083,443738,112362,7745,120107,764
2023-03-08,Santa Clara,085,1922200,477457,21390,498847,2771
2023-03-08,Santa Cruz,087,273765,68577,3984,72561,276
2023-03-08,Shasta,089,179085,36550,8342,44892,612
2023-03-08,Sierra,091,2930,312,61,373,5
2023-03-08,Siskiyou,093,43540,5470,3444,8914,95
2023-03-08,Solano,095,438530,114125,8696,122821,475
2023-03-08,Sonoma,097,501317,113899,5806,119705,563
2023-03-08,Stanislaus,099,539301,145426,23168,168594,1842
2023-03-08,Sutter,101,95872,25775,2542,28317,241
2023-03-08,Tehama,103,63373,14470,3421,17891,235
2023-03-08,Trinity,105,12862,1475,506,1981,24
2023-03-08,Tulare,107,460477,128771,40764,169535,1592
2023-03-08,Tuolumne,109,53932,16956,1014,17970,211
2023-03-08,Ventura,111,848112,221270,18169,239439,1684
2023-03-08,Yolo,113,214977,50155,4948,55103,449
2023-03-08,Yuba,115,75493,20074,1884,21958,134
2023-03-07,Alameda,001,1643700,380741,22541,403282,2129
2023-03-07,Alpine,002,1148,139,4,143,0
2023-03-07,Amador,005,37829,10586,973,11559,98
2023-03-07,Butte,007,227075,41758,10285,52043,494
2023-03-07,Calaveras,009,45235,9021,644,9665,142
2023-03-07,Colusa,011,21464,3998,1376,5374,22
2023-03-07,Contra Costa,013,1133247,273642,22434,296076,1572
2023-03-07,Del Norte,015,27424,7937,476,8413,61
2023-03-07,El Dorado,017,186661,34630,4563,39193,247
2023-03-07,Fresno,019,978130,295205,35103,330308,3012
2023-03-07,Glenn,021,27897,5794,2018,7812,56
2023-03-07,Humboldt,023,135768,23436,5931,29367,170
2023-03-07,Imperial,025,180216,70303,19052,89355,980
2023-03-07,Inyo,027,18085,4770,1311,6081,63
2023-03-07,Kern,029,883053,230781,73520,304301,2493
2023-03-07,Kings,031,150075,62934,4493,67427,485
2023-03-07,Lake,033,64148,13670,1282,14952,164
2023-03-07,Lassen,035,31185,10263,1065,11328,65
2023-03-07,Los Angeles,037,10098052,3497305,220029,3717334,35718
2023-03-07,Madera,039,155013,46379,8908,55287,377
2023-03-07,Marin,041,260295,40820,5649,46469,260
2023-03-07,Mariposa,043,17540,3362,359,3721,31
2023-03-07,Mendocino,045,87422,16913,4833,21746,145
2023-03-07,Merced,047,269075,77575,12996,90571,903
2023-03-07,Modoc,049,8938,958,375,1333,11
2023-03-07,Mono,051,14174,3331,302,3633,8
2023-03-07,Monterey,053,433212,98364,24208,122572,809
2023-03-07,Napa,055,140530,34659,1522,36181,168
2023-03-07,Nevada,057,99092,20184,2331,22515,138
2023-03-07,Orange,059,3164182,714839,78666,793505,8051
2023-03-07,Placer,061,380077,81278,10367,91645,683
2023-03-07,Plumas,063,18699,3829,460,4289,15
2023-03-07,Riverside,065,2383286,736252,41660,777912,6850
2023-03-07,Sacramento,067,1510023,372326,38491,410817,3562
2023-03-07,San Benito,069,59416,17672,1138,18810,114
2023-03-07,San Bernardino,071,2135413,711376,34677,746053,8139
2023-03-07,San Diego,073,3302833,986911,81301,1068212,5834
2023-03-07,San Francisco,075,870044,196842,13400,210242,1187
2023-03-07,San Joaquin,077,732212,210380,16997,227377,2435
2023-03-07,San Luis Obispo,079,281455,66569,8159,74728,569
2023-03-07,San Mateo,081,765935,183917,11173,195090,747
2023-03-07,Santa Barbara,083,443738,112336,7744,120080,764
2023-03-07,Santa Clara,085,1922200,477284,21371,498655,2770
2023-03-07,Santa Cruz,087,273765,68570,3980,72550,276
2023-03-07,Shasta,089,179085,36549,8339,44888,612
2023-03-07,Sierra,091,2930,312,61,373,5
2023-03-07,Siskiyou,093,43540,5469,3444,8913,95
2023-03-07,Solano,095,438530,114092,8688,122780,475
2023-03-07,Sonoma,097,501317,113871,5805,119676,562
2023-03-07,Stanislaus,099,539301,145400,23161,168561,1842
2023-03-07,Sutter,101,95872,25766,2542,28308,241
2023-03-07,Tehama,103,63373,14470,3420,17890,235
2023-03-07,Trinity,105,12862,1475,506,1981,24
2023-03-07,Tulare,107,460477,128741,40755,169496,1591
2023-03-07,Tuolumne,109,53932,16954,1014,17968,211
2023-03-07,Ventura,111,848112,221227,18165,239392,1684
2023-03-07,Yolo,113,214977,50141,4946,55087,449
2023-03-07,Yuba,115,75493,20069,1884,21953,134
2023-03-06,Alameda,001,1643700,380602,22528,403130,2129
2023-03-06,Alpine,002,1148,139,4,143,0
2023-03-06,Amador,005,37829,10583,973,11556,98
2023-03-06,Butte,007,227075,41746,10282,52028,494
2023-03-06,Calaveras,009,45235,9014,644,9658,142
2023-03-06,Colusa,011,21464,3997,1376,5373,22
2023-03-06,Contra Costa,013,1133247,273551,22422,295973,1572
2023-03-06,Del Norte,015,27424,7937,476,8413,61
2023-03-06,El Dorado,017,186661,34621,4563,39184,247
2023-03-06,Fresno,019,978130,295135,35084,330219,3012
2023-03-06,Glenn,021,27897,5793,2017,7810,56
2023-03-06,Humboldt,023,135768,23434,5931,29365,170
2023-03-06,Imperial,025,180216,70264,19037,89301,980
2023-03-06,Inyo,027,18085,4770,1311,6081,63
2023-03-06,Kern,029,883053,230733,73472,304205,2493
2023-03-06,Kings,031,150075,62920,4493,67413,485
2023-03-06,Lake,033,64148,13666,1282,14948,164
2023-03-06,Lassen,035,31185,10262,1065,11327,65
2023-03-06,Los Angeles,037,10098052,3496715,219896,3716611,35711
2023-03-06,Madera,039,155013,46371,8905,55276,377
2023-03-06,Marin,041,260295,40805,5646,46451,260
2023-03-06,Mariposa,043,17540,3361,359,3720,31
2023-03-06,Mendocino,045,87422,16910,4833,21743,145
2023-03-06,Merced,047,269075,77557,12992,90549,903
2023-03-06,Modoc,049,8938,957,374,1331,11
2023-03-06,Mono,051,14174,3331,302,3633,8
2023-03-06,Monterey,053,433212,98355,24182,122537,809
2023-03-06,Napa,055,140530,34652,1522,36174,168
2023-03-06,Nevada,057,99092,20182,2330,22512,138
2023-03-06,Orange,059,3164182,714702,78607,793309,8050
2023-03-06,Placer,061,380077,81252,10362,91614,683
2023-03-06,Plumas,063,18699,3829,460,4289,15
2023-03-06,Riverside,065,2383286,736090,41629,777719,6849
2023-03-06,Sacramento,067,1510023,372210,38466,410676,3561
2023-03-06,San Benito,069,59416,17669,1138,18807,114
2023-03-06,San Bernardino,071,2135413,711252,34664,745916,8139
2023-03-06,San Diego,073,3302833,986677,81262,1067939,5832
2023-03-06,San Francisco,075,870044,196739,13390,210129,1187
2023-03-06,San Joaquin,077,732212,210315,16991,227306,2434
2023-03-06,San Luis Obispo,079,281455,66560,8157,74717,569
2023-03-06,San Mateo,081,765935,183859,11169,195028,747
2023-03-06,Santa Barbara,083,443738,112313,7744,120057,764
2023-03-06,Santa Clara,085,1922200,477115,21350,498465,2769
2023-03-06,Santa Cruz,087,273765,68556,3978,72534,276
2023-03-06,Shasta,089,179085,36543,8335,44878,612
2023-03-06,Sierra,091,2930,312,61,373,5
2023-03-06,Siskiyou,093,43540,5469,3444,8913,95
2023-03-06,Solano,095,438530,114049,8685,122734,475
2023-03-06,Sonoma,097,501317,113833,5805,119638,560
2023-03-06,Stanislaus,099,539301,145358,23149,168507,1842
2023-03-06,Sutter,101,95872,25765,2542,28307,241
2023-03-06,Tehama,103,63373,14468,3418,17886,235
2023-03-06,Trinity,105,12862,1475,506,1981,24
2023-03-06,Tulare,107,460477,128707,40737,169444,1591
2023-03-06,Tuolumne,109,53932,16945,1014,17959,211
2023-03-06,Ventura,111,848112,221178,18164,239342,1684
2023-03-06,Yolo,113,214977,50131,4943,55074,449
2023-03-06,Yuba,115,75493,20063,1883,21946,134
2023-03-05,Alameda,001,1643700,380446,22511,402957,2128
2023-03-05,Alpine,002,1148,139,4,143,0
2023-03-05,Amador,005,37829,10576,973,11549,98
2023-03-05,Butte,007,227075,41741,10280,52021,494
2023-03-05,Calaveras,009,45235,9010,644,9654,141
2023-03-05,Colusa,011,21464,3993,1373,5366,22
2023-03-05,Contra Costa,013,1133247,273431,22417,295848,1572
2023-03-05,Del Norte,015,27424,7937,475,8412,59
2023-03-05,El Dorado,017,186661,34608,4562,39170,247
2023-03-05,Fresno,019,978130,295059,35064,330123,3011
2023-03-05,Glenn,021,27897,5791,2017,7808,56
2023-03-05,Humboldt,023,135768,23427,5930,29357,170
2023-03-05,Imperial,025,180216,70221,19018,89239,980
2023-03-05,Inyo,027,18085,4769,1311,6080,63
2023-03-05,Kern,029,883053,230685,73424,304109,2492
2023-03-05,Kings,031,150075,62903,4492,67395,485
2023-03-05,Lake,033,64148,13664,1282,14946,164
2023-03-05,Lassen,035,31185,10261,1065,11326,65
2023-03-05,Los Angeles,037,10098052,3495951,219752,3715703,35707
2023-03-05,Madera,039,155013,46362,8904,55266,377
2023-03-05,Marin,041,260295,40779,5645,46424,260
2023-03-05,Mariposa,043,17540,3361,359,3720,31
2023-03-05,Mendocino,045,87422,16908,4833,21741,145
2023-03-05,Merced,047,269075,77533,12985,90518,903
2023-03-05,Modoc,049,8938,957,374,1331,11
2023-03-05,Mono,051,14174,3330,302,3632,8
2023-03-05,Monterey,053,433212,98328,24161,122489,808
2023-03-05,Napa,055,140530,34641,1522,36163,168
2023-03-05,Nevada,057,99092,20178,2327,22505,138
2023-03-05,Orange,059,3164182,714533,78547,793080,8050
2023-03-05,Placer,061,380077,81220,10357,91577,683
2023-03-05,Plumas,063,18699,3829,460,4289,15
2023-03-05,Riverside,065,2383286,735939,41604,777543,6849
2023-03-05,Sacramento,067,1510023,372052,38439,410491,3561
2023-03-05,San Benito,069,59416,17668,1138,18806,114
2023-03-05,San Bernardino,071,2135413,711134,34648,745782,8139
2023-03-05,San Diego,073,3302833,986414,81219,1067633,5830
2023-03-05,San Francisco,075,870044,196640,13381,210021,1187
2023-03-05,San Joaquin,077,732212,210234,16983,227217,2434
2023-03-05,San Luis Obispo,079,281455,66536,8156,74692,569
2023-03-05,San Mateo,081,765935,183783,11165,194948,747
2023-03-05,Santa Barbara,083,443738,112282,7737,120019,764
2023-03-05,Santa Clara,085,1922200,476926,21324,498250,2767
2023-03-05,Santa Cruz,087,273765,68520,3977,72497,276
2023-03-05,Shasta,089,179085,36537,8332,44869,612
2023-03-05,Sierra,091,2930,312,61,373,5
2023-03-05,Siskiyou,093,43540,5468,3444,8912,95
2023-03-05,Solano,095,438530,113995,8677,122672,475
2023-03-05,Sonoma,097,501317,113802,5804,119606,560
2023-03-05,Stanislaus,099,539301,145316,23138,168454,1842
2023-03-05,Sutter,101,95872,25763,2542,28305,241
2023-03-05,Tehama,103,63373,14468,3417,17885,235
2023-03-05,Trinity,105,12862,1475,506,1981,24
2023-03-05,Tulare,107,460477,128671,40724,169395,1591
2023-03-05,Tuolumne,109,53932,16944,1013,17957,211
2023-03-05,Ventura,111,848112,221137,18161,239298,1684
2023-03-05,Yolo,113,214977,50121,4940,55061,448
2023-03-05,Yuba,115,75493,20059,1883,21942,134
2023-03-04,Alameda,001,1643700,380362,22501,402863,2127
2023-03-04,Alpine,002,1148,139,4,143,0
2023-03-04,Amador,005,37829,10575,973,11548,98
2023-03-04,Butte,007,227075,41737,10277,52014,493
2023-03-04,Calaveras,009,45235,9008,644,9652,141
2023-03-04,Colusa,011,21464,3991,1373,5364,22
2023-03-04,Contra Costa,013,1133247,273360,22416,295776,1572
2023-03-04,Del Norte,015,27424,7937,475,8412,59
2023-03-04,El Dorado,017,186661,34607,4562,39169,247
2023-03-04,Fresno,019,978130,295031,35059,330090,3010
2023-03-04,Glenn,021,27897,5791,2017,7808,56
2023-03-04,Humboldt,023,135768,23426,5930,29356,170
2023-03-04,Imperial,025,180216,70208,19016,89224,980
2023-03-04,Inyo,027,18085,4769,1311,6080,63
2023-03-04,Kern,029,883053,230666,73390,304056,2491
2023-03-04,Kings,031,150075,62897,4492,67389,485
2023-03-04,Lake,033,64148,13664,1282,14946,164
2023-03-04,Lassen,035,31185,10261,1065,11326,65
2023-03-04,Los Angeles,037,10098052,3495552,219664,3715216,35703
2023-03-04,Madera,039,155013,46358,8903,55261,377
2023-03-04,Marin,041,260295,40761,5645,46406,260
2023-03-04,Mariposa,043,17540,3361,359,3720,31
2023-03-04,Mendocino,045,87422,16905,4833,21738,145
2023-03-04,Merced,047,269075,77527,12985,90512,903
2023-03-04,Modoc,049,8938,956,374,1330,11
2023-03-04,Mono,051,14174,3330,302,3632,8
2023-03-04,Monterey,053,433212,98319,24150,122469,808
2023-03-04,Napa,055,140530,34637,1522,36159,168
2023-03-04,Nevada,057,99092,20178,2326,22504,138
2023-03-04,Orange,059,3164182,714447,78499,792946,8044
2023-03-04,Placer,061,380077,81201,10353,91554,683
2023-03-04,Plumas,063,18699,3829,460,4289,15
2023-03-04,Riverside,065,2383286,735855,41584,777439,6848
2023-03-04,Sacramento,067,1510023,371960,38417,410377,3560
2023-03-04,San Benito,069,59416,17668,1138,18806,114
2023-03-04,San Bernardino,071,2135413,711051,34643,745694,8139
2023-03-04,San Diego,073,3302833,986302,81201,1067503,5830
2023-03-04,San Francisco,075,870044,196578,13379,209957,1185
2023-03-04,San Joaquin,077,732212,210192,16977,227169,2433
2023-03-04,San Luis Obispo,079,281455,66528,8154,74682,569
2023-03-04,San Mateo,081,765935,183742,11164,194906,747
2023-03-04,Santa Barbara,083,443738,112271,7737,120008,764
2023-03-04,Santa Clara,085,1922200,476831,21307,498138,2766
2023-03-04,Santa Cruz,087,273765,68515,3976,72491,276
2023-03-04,Shasta,089,179085,36537,8331,44868,612
2023-03-04,Sierra,091,2930,312,61,373,5
2023-03-04,Siskiyou,093,43540,5468,3444,8912,95
2023-03-04,Solano,095,438530,113969,8671,122640,475
2023-03-04,Sonoma,097,501317,113784,5804,119588,560
2023-03-04,Stanislaus,099,539301,145289,23133,168422,1842
2023-03-04,Sutter,101,95872,25761,2542,28303,241
2023-03-04,Tehama,103,63373,14466,3417,17883,235
2023-03-04,Trinity,105,12862,1475,506,1981,24
2023-03-04,Tulare,107,460477,128650,40706,169356,1591
2023-03-04,Tuolumne,109,53932,16939,1013,17952,211
2023-03-04,Ventura,111,848112,221118,18157,239275,1684
2023-03-04,Yolo,113,214977,50115,4936,55051,448
2023-03-04,Yuba,115,75493,20058,1881,21939,134
2023-03-03,Alameda,001,1643700,380269,22487,402756,2126
2023-03-03,Alpine,002,1148,139,4,143,0
2023-03-03,Amador,005,37829,10575,973,11548,98
2023-03-03,Butte,007,227075,41732,10273,52005,493
2023-03-03,Calaveras,009,45235,9008,644,9652,140
2023-03-03,Colusa,011,21464,3988,1373,5361,22
2023-03-03,Contra Costa,013,1133247,273296,22415,295711,1571
2023-03-03,Del Norte,015,27424,7936,475,8411,59
2023-03-03,El Dorado,017,186661,34603,4562,39165,247
2023-03-03,Fresno,019,978130,294987,35050,330037,3010
2023-03-03,Glenn,021,27897,5791,2017,7808,56
2023-03-03,Humboldt,023,135768,23424,5930,29354,170
2023-03-03,Imperial,025,180216,70190,19013,89203,980
2023-03-03,Inyo,027,18085,4769,1311,6080,63
2023-03-03,Kern,029,883053,230629,73361,303990,2490
2023-03-03,Kings,031,150075,62892,4490,67382,485
2023-03-03,Lake,033,64148,13663,1282,14945,164
2023-03-03,Lassen,035,31185,10260,1065,11325,65
2023-03-03,Los Angeles,037,10098052,3495111,219597,3714708,35691
2023-03-03,Madera,039,155013,46348,8903,55251,377
2023-03-03,Marin,041,260295,40747,5643,46390,260
2023-03-03,Mariposa,043,17540,3361,359,3720,31
2023-03-03,Mendocino,045,87422,16901,4833,21734,145
2023-03-03,Merced,047,269075,77512,12985,90497,903
2023-03-03,Modoc,049,8938,956,374,1330,11
2023-03-03,Mono,051,14174,3330,302,3632,8
2023-03-03,Monterey,053,433212,98295,24126,122421,808
2023-03-03,Napa,055,140530,34634,1522,36156,168
2023-03-03,Nevada,057,99092,20177,2326,22503,138
2023-03-03,Orange,059,3164182,714348,78463,792811,8041
2023-03-03,Placer,061,380077,81180,10352,91532,683
2023-03-03,Plumas,063,18699,3829,460,4289,15
2023-03-03,Riverside,065,2383286,735757,41564,777321,6847
2023-03-03,Sacramento,067,1510023,371892,38404,410296,3559
2023-03-03,San Benito,069,59416,17667,1138,18805,114
2023-03-03,San Bernardino,071,2135413,710964,34640,745604,8139
2023-03-03,San Diego,073,3302833,986187,81184,1067371,5828
2023-03-03,San Francisco,075,870044,196523,13375,209898,1183
2023-03-03,San Joaquin,077,732212,210161,16971,227132,2433
2023-03-03,San Luis Obispo,079,281455,66519,8152,74671,568
2023-03-03,San Mateo,081,765935,183700,11163,194863,747
2023-03-03,Santa Barbara,083,443738,112251,7737,119988,763
2023-03-03,Santa Clara,085,1922200,476721,21292,498013,2764
2023-03-03,Santa Cruz,087,273765,68498,3976,72474,276
2023-03-03,Shasta,089,179085,36534,8330,44864,612
2023-03-03,Sierra,091,2930,312,61,373,5
2023-03-03,Siskiyou,093,43540,5468,3444,8912,95
2023-03-03,Solano,095,438530,113951,8670,122621,475
2023-03-03,Sonoma,097,501317,113758,5804,119562,560
2023-03-03,Stanislaus,099,539301,145261,23132,168393,1842
2023-03-03,Sutter,101,95872,25757,2542,28299,241
2023-03-03,Tehama,103,63373,14466,3416,17882,235
2023-03-03,Trinity,105,12862,1475,506,1981,24
2023-03-03,Tulare,107,460477,128625,40696,169321,1591
2023-03-03,Tuolumne,109,53932,16937,1013,17950,211
2023-03-03,Ventura,111,848112,221093,18155,239248,1683
2023-03-03,Yolo,113,214977,50111,4935,55046,448
2023-03-03,Yuba,115,75493,20053,1881,21934,134
2023-03-02,Alameda,001,1643700,380130,22468,402598,2125
2023-03-02,Alpine,002,1148,139,4,143,0
2023-03-02,Amador,005,37829,10574,973,11547,98
2023-03-02,Butte,007,227075,41727,10271,51998,493
2023-03-02,Calaveras,009,45235,9002,644,9646,140
2023-03-02,Colusa,011,21464,3988,1367,5355,22
2023-03-02,Contra Costa,013,1133247,273168,22414,295582,1571
2023-03-02,Del Norte,015,27424,7936,475,8411,59
2023-03-02,El Dorado,017,186661,34595,4562,39157,247
2023-03-02,Fresno,019,978130,294932,35038,329970,3010
2023-03-02,Glenn,021,27897,5791,2017,7808,56
2023-03-02,Humboldt,023,135768,23421,5930,29351,170
2023-03-02,Imperial,025,180216,70170,19007,89177,980
2023-03-02,Inyo,027,18085,4769,1311,6080,63
2023-03-02,Kern,029,883053,230583,73319,303902,2490
2023-03-02,Kings,031,150075,62878,4488,67366,485
2023-03-02,Lake,033,64148,13659,1282,14941,164
2023-03-02,Lassen,035,31185,10259,1065,11324,65
2023-03-02,Los Angeles,037,10098052,3494509,219497,3714006,35682
2023-03-02,Madera,039,155013,46333,8903,55236,377
2023-03-02,Marin,041,260295,40731,5642,46373,260
2023-03-02,Mariposa,043,17540,3361,359,3720,31
2023-03-02,Mendocino,045,87422,16897,4833,21730,145
2023-03-02,Merced,047,269075,77475,12979,90454,903
2023-03-02,Modoc,049,8938,956,374,1330,11
2023-03-02,Mono,051,14174,3329,302,3631,8
2023-03-02,Monterey,053,433212,98280,24105,122385,806
2023-03-02,Napa,055,140530,34623,1522,36145,167
2023-03-02,Nevada,057,99092,20172,2326,22498,138
2023-03-02,Orange,059,3164182,714218,78409,792627,8040
2023-03-02,Placer,061,380077,81159,10350,91509,683
2023-03-02,Plumas,063,18699,3829,460,4289,15
2023-03-02,Riverside,065,2383286,735624,41545,777169,6847
2023-03-02,Sacramento,067,1510023,371782,38379,410161,3558
2023-03-02,San Benito,069,59416,17665,1138,18803,114
2023-03-02,San Bernardino,071,2135413,710859,34633,745492,8139
2023-03-02,San Diego,073,3302833,985967,81151,1067118,5828
2023-03-02,San Francisco,075,870044,196424,13364,209788,1183
2023-03-02,San Joaquin,077,732212,210115,16963,227078,2433
2023-03-02,San Luis Obispo,079,281455,66511,8150,74661,568
2023-03-02,San Mateo,081,765935,183638,11157,194795,747
2023-03-02,Santa Barbara,083,443738,112235,7733,119968,763
2023-03-02,Santa Clara,085,1922200,476572,21275,497847,2762
2023-03-02,Santa Cruz,087,273765,68488,3973,72461,276
2023-03-02,Shasta,089,179085,36529,8327,44856,612
2023-03-02,Sierra,091,2930,312,61,373,5
2023-03-02,Siskiyou,093,43540,5466,3444,8910,95
2023-03-02,Solano,095,438530,113906,8669,122575,475
2023-03-02,Sonoma,097,501317,113720,5803,119523,560
2023-03-02,Stanislaus,099,539301,145230,23130,168360,1842
2023-03-02,Sutter,101,95872,25752,2541,28293,241
2023-03-02,Tehama,103,63373,14463,3414,17877,235
2023-03-02,Trinity,105,12862,1475,505,1980,24
2023-03-02,Tulare,107,460477,128596,40678,169274,1591
2023-03-02,Tuolumne,109,53932,16934,1013,17947,211
2023-03-02,Ventura,111,848112,221058,18147,239205,1683
2023-03-02,Yolo,113,214977,50100,4929,55029,448
2023-03-02,Yuba,115,75493,20048,1881,21929,134
2023-03-01,Alameda,001,1643700,380000,22457,402457,2125
2023-03-01,Alpine,002,1148,139,4,143,0
2023-03-01,Amador,005,37829,10572,973,11545,98
2023-03-01,Butte,007,227075,41722,10269,51991,493
2023-03-01,Calaveras,009,45235,9000,644,9644,140
2023-03-01,Colusa,011,21464,3987,1362,5349,22
2023-03-01,Contra Costa,013,1133247,273086,22407,295493,1570
2023-03-01,Del Norte,015,27424,7936,475,8411,59
2023-03-01,El Dorado,017,186661,34583,4559,39142,247
2023-03-01,Fresno,019,978130,294876,35033,329909,3008
2023-03-01,Glenn,021,27897,5790,2016,7806,56
2023-03-01,Humboldt,023,135768,23419,5929,29348,170
2023-03-01,Imperial,025,180216,70148,18995,89143,980
2023-03-01,Inyo,027,18085,4768,1311,6079,63
2023-03-01,Kern,029,883053,230534,73298,303832,2490
2023-03-01,Kings,031,150075,62870,4488,67358,485
2023-03-01,Lake,033,64148,13654,1282,14936,164
2023-03-01,Lassen,035,31185,10258,1065,11323,65
2023-03-01,Los Angeles,037,10098052,3493716,219375,3713091,35666
2023-03-01,Madera,039,155013,46314,8901,55215,377
2023-03-01,Marin,041,260295,40709,5642,46351,260
2023-03-01,Mariposa,043,17540,3361,359,3720,31
2023-03-01,Mendocino,045,87422,16893,4833,21726,145
2023-03-01,Merced,047,269075,77457,12978,90435,903
2023-03-01,Modoc,049,8938,956,374,1330,11
2023-03-01,Mono,051,14174,3326,302,3628,8
2023-03-01,Monterey,053,433212,98253,24085,122338,806
2023-03-01,Napa,055,140530,34617,1522,36139,167
2023-03-01,Nevada,057,99092,20165,2322,22487,138
2023-03-01,Orange,059,3164182,714066,78356,792422,8037
2023-03-01,Placer,061,380077,81122,10349,91471,683
2023-03-01,Plumas,063,18699,3828,460,4288,15
2023-03-01,Riverside,065,2383286,735482,41525,777007,6846
2023-03-01,Sacramento,067,1510023,371671,38366,410037,3558
2023-03-01,San Benito,069,59416,17663,1138,18801,114
2023-03-01,San Bernardino,071,2135413,710760,34630,745390,8139
2023-03-01,San Diego,073,3302833,985753,81121,1066874,5825
2023-03-01,San Francisco,075,870044,196343,13359,209702,1183
2023-03-01,San Joaquin,077,732212,210039,16957,226996,2433
2023-03-01,San Luis Obispo,079,281455,66498,8149,74647,567
2023-03-01,San Mateo,081,765935,183570,11155,194725,747
2023-03-01,Santa Barbara,083,443738,112214,7733,119947,763
2023-03-01,Santa Clara,085,1922200,476420,21254,497674,2762
2023-03-01,Santa Cruz,087,273765,68463,3968,72431,276
2023-03-01,Shasta,089,179085,36527,8326,44853,612
2023-03-01,Sierra,091,2930,312,61,373,5
2023-03-01,Siskiyou,093,43540,5464,3444,8908,95
2023-03-01,Solano,095,438530,113869,8666,122535,475
2023-03-01,Sonoma,097,501317,113691,5800,119491,560
2023-03-01,Stanislaus,099,539301,145192,23120,168312,1842
2023-03-01,Sutter,101,95872,25749,2541,28290,241
2023-03-01,Tehama,103,63373,14458,3412,17870,235
2023-03-01,Trinity,105,12862,1475,505,1980,24
2023-03-01,Tulare,107,460477,128571,40661,169232,1591
2023-03-01,Tuolumne,109,53932,16932,1012,17944,211
2023-03-01,Ventura,111,848112,221012,18142,239154,1683
2023-03-01,Yolo,113,214977,50094,4926,55020,448
2023-03-01,Yuba,115,75493,20045,1881,21926,134
2023-02-28,Alameda,001,1643700,379825,22421,402246,2125
2023-02-28,Alpine,002,1148,139,4,143,0
2023-02-28,Amador,005,37829,10569,972,11541,98
2023-02-28,Butte,007,227075,41717,10264,51981,493
2023-02-28,Calaveras,009,45235,8997,643,9640,140
2023-02-28,Colusa,011,21464,3985,1361,5346,22
2023-02-28,Contra Costa,013,1133247,272953,22403,295356,1569
2023-02-28,Del Norte,015,27424,7933,475,8408,59
2023-02-28,El Dorado,017,186661,34576,4556,39132,247
2023-02-28,Fresno,019,978130,294810,35021,329831,3008
2023-02-28,Glenn,021,27897,5790,2014,7804,56
2023-02-28,Humboldt,023,135768,23412,5927,29339,170
2023-02-28,Imperial,025,180216,70127,18980,89107,980
2023-02-28,Inyo,027,18085,4768,1310,6078,63
2023-02-28,Kern,029,883053,230498,73261,303759,2490
2023-02-28,Kings,031,150075,62862,4487,67349,485
2023-02-28,Lake,033,64148,13649,1282,14931,164
2023-02-28,Lassen,035,31185,10258,1065,11323,65
2023-02-28,Los Angeles,037,10098052,3493007,219234,3712241,35657
2023-02-28,Madera,039,155013,46298,8900,55198,377
2023-02-28,Marin,041,260295,40693,5641,46334,260
2023-02-28,Mariposa,043,17540,3361,359,3720,31
2023-02-28,Mendocino,045,87422,16888,4833,21721,145
2023-02-28,Merced,047,269075,77437,12976,90413,903
2023-02-28,Modoc,049,8938,956,374,1330,11
2023-02-28,Mono,051,14174,3326,302,3628,8
2023-02-28,Monterey,053,433212,98230,24061,122291,806
2023-02-28,Napa,055,140530,34606,1521,36127,167
2023-02-28,Nevada,057,99092,20165,2322,22487,138
2023-02-28,Orange,059,3164182,713904,78323,792227,8035
2023-02-28,Placer,061,380077,81099,10347,91446,683
2023-02-28,Plumas,063,18699,3828,460,4288,15
2023-02-28,Riverside,065,2383286,735353,41500,776853,6846
2023-02-28,Sacramento,067,1510023,371503,38339,409842,3557
2023-02-28,San Benito,069,59416,17658,1136,18794,114
2023-02-28,San Bernardino,071,2135413,710625,34620,745245,8139
2023-02-28,San Diego,073,3302833,985537,81089,1066626,5821
2023-02-28,San Francisco,075,870044,196244,13353,209597,1183
2023-02-28,San Joaquin,077,732212,209989,16953,226942,2433
2023-02-28,San Luis Obispo,079,281455,66484,8144,74628,566
2023-02-28,San Mateo,081,765935,183508,11149,194657,747
2023-02-28,Santa Barbara,083,443738,112185,7731,119916,763
2023-02-28,Santa Clara,085,1922200,476224,21238,497462,2760
2023-02-28,Santa Cruz,087,273765,68435,3966,72401,276
2023-02-28,Shasta,089,179085,36524,8322,44846,612
2023-02-28,Sierra,091,2930,312,61,373,5
2023-02-28,Siskiyou,093,43540,5464,3444,8908,95
2023-02-28,Solano,095,438530,113831,8662,122493,475
2023-02-28,Sonoma,097,501317,113662,5799,119461,560
2023-02-28,Stanislaus,099,539301,145152,23110,168262,1842
2023-02-28,Sutter,101,95872,25740,2541,28281,241
2023-02-28,Tehama,103,63373,14458,3410,17868,235
2023-02-28,Trinity,105,12862,1475,505,1980,24
2023-02-28,Tulare,107,460477,128532,40651,169183,1591
2023-02-28,Tuolumne,109,53932,16920,1012,17932,211
2023-02-28,Ventura,111,848112,220977,18136,239113,1683
2023-02-28,Yolo,113,214977,50083,4924,55007,448
2023-02-28,Yuba,115,75493,20039,1880,21919,134
2023-02-27,Alameda,001,1643700,379675,22398,402073,2125
2023-02-27,Alpine,002,1148,139,4,143,0
2023-02-27,Amador,005,37829,10569,972,11541,98
2023-02-27,Butte,007,227075,41709,10263,51972,493
2023-02-27,Calaveras,009,45235,8995,643,9638,140
2023-02-27,Colusa,011,21464,3984,1359,5343,22
2023-02-27,Contra Costa,013,1133247,272854,22388,295242,1569
2023-02-27,Del Norte,015,27424,7931,475,8406,59
2023-02-27,El Dorado,017,186661,34569,4555,39124,247
2023-02-27,Fresno,019,978130,294744,35009,329753,3007
2023-02-27,Glenn,021,27897,5789,2014,7803,56
2023-02-27,Humboldt,023,135768,23411,5927,29338,170
2023-02-27,Imperial,025,180216,70095,18968,89063,980
2023-02-27,Inyo,027,18085,4766,1309,6075,63
2023-02-27,Kern,029,883053,230405,73216,303621,2490
2023-02-27,Kings,031,150075,62855,4484,67339,485
2023-02-27,Lake,033,64148,13647,1282,14929,164
2023-02-27,Lassen,035,31185,10258,1065,11323,65
2023-02-27,Los Angeles,037,10098052,3492116,219066,3711182,35644
2023-02-27,Madera,039,155013,46289,8899,55188,377
2023-02-27,Marin,041,260295,40665,5640,46305,260
2023-02-27,Mariposa,043,17540,3361,359,3720,31
2023-02-27,Mendocino,045,87422,16884,4833,21717,145
2023-02-27,Merced,047,269075,77410,12971,90381,903
2023-02-27,Modoc,049,8938,956,374,1330,11
2023-02-27,Mono,051,14174,3326,302,3628,8
2023-02-27,Monterey,053,433212,98210,24029,122239,805
2023-02-27,Napa,055,140530,34600,1521,36121,167
2023-02-27,Nevada,057,99092,20164,2322,22486,138
2023-02-27,Orange,059,3164182,713708,78275,791983,8032
2023-02-27,Placer,061,380077,81080,10346,91426,683
2023-02-27,Plumas,063,18699,3828,460,4288,15
2023-02-27,Riverside,065,2383286,735209,41466,776675,6846
2023-02-27,Sacramento,067,1510023,371351,38305,409656,3555
2023-02-27,San Benito,069,59416,17653,1136,18789,114
2023-02-27,San Bernardino,071,2135413,710507,34606,745113,8139
2023-02-27,San Diego,073,3302833,985268,81048,1066316,5820
2023-02-27,San Francisco,075,870044,196140,13349,209489,1182
2023-02-27,San Joaquin,077,732212,209935,16940,226875,2433
2023-02-27,San Luis Obispo,079,281455,66468,8140,74608,565
2023-02-27,San Mateo,081,765935,183434,11146,194580,747
2023-02-27,Santa Barbara,083,443738,112164,7730,119894,762
2023-02-27,Santa Clara,085,1922200,476037,21216,497253,2759
2023-02-27,Santa Cruz,087,273765,68423,3962,72385,276
2023-02-27,Shasta,089,179085,36519,8322,44841,612
2023-02-27,Sierra,091,2930,312,61,373,5
2023-02-27,Siskiyou,093,43540,5463,3443,8906,95
2023-02-27,Solano,095,438530,113794,8659,122453,475
2023-02-27,Sonoma,097,501317,113623,5798,119421,560
2023-02-27,Stanislaus,099,539301,145099,23098,168197,1842
2023-02-27,Sutter,101,95872,25730,2540,28270,241
2023-02-27,Tehama,103,63373,14456,3410,17866,235
2023-02-27,Trinity,105,12862,1473,505,1978,24
2023-02-27,Tulare,107,460477,128498,40616,169114,1591
2023-02-27,Tuolumne,109,53932,16908,1012,17920,211
2023-02-27,Ventura,111,848112,220926,18131,239057,1682
2023-02-27,Yolo,113,214977,50067,4923,54990,448
2023-02-27,Yuba,115,75493,20025,1880,21905,134
2023-02-26,Alameda,001,1643700,379486,22371,401857,2123
2023-02-26,Alpine,002,1148,139,4,143,0
2023-02-26,Amador,005,37829,10565,972,11537,98
2023-02-26,Butte,007,227075,41702,10261,51963,493
2023-02-26,Calaveras,009,45235,8993,643,9636,140
2023-02-26,Colusa,011,21464,3983,1349,5332,22
2023-02-26,Contra Costa,013,1133247,272750,22376,295126,1568
2023-02-26,Del Norte,015,27424,7930,475,8405,59
2023-02-26,El Dorado,017,186661,34557,4551,39108,247
2023-02-26,Fresno,019,978130,294677,34980,329657,3007
2023-02-26,Glenn,021,27897,5788,2014,7802,56
2023-02-26,Humboldt,023,135768,23406,5924,29330,170
2023-02-26,Imperial,025,180216,70064,18956,89020,980
2023-02-26,Inyo,027,18085,4766,1309,6075,63
2023-02-26,Kern,029,883053,230337,73167,303504,2489
2023-02-26,Kings,031,150075,62843,4480,67323,485
2023-02-26,Lake,033,64148,13644,1282,14926,164
2023-02-26,Lassen,035,31185,10257,1064,11321,65
2023-02-26,Los Angeles,037,10098052,3491204,218885,3710089,35632
2023-02-26,Madera,039,155013,46278,8896,55174,377
2023-02-26,Marin,041,260295,40651,5638,46289,260
2023-02-26,Mariposa,043,17540,3361,359,3720,31
2023-02-26,Mendocino,045,87422,16883,4830,21713,144
2023-02-26,Merced,047,269075,77388,12963,90351,903
2023-02-26,Modoc,049,8938,956,374,1330,11
2023-02-26,Mono,051,14174,3326,302,3628,8
2023-02-26,Monterey,053,433212,98191,24000,122191,805
2023-02-26,Napa,055,140530,34587,1520,36107,167
2023-02-26,Nevada,057,99092,20162,2321,22483,138
2023-02-26,Orange,059,3164182,713535,78202,791737,8026
2023-02-26,Placer,061,380077,81058,10345,91403,683
2023-02-26,Plumas,063,18699,3828,460,4288,15
2023-02-26,Riverside,065,2383286,735050,41423,776473,6846
2023-02-26,Sacramento,067,1510023,371185,38262,409447,3554
2023-02-26,San Benito,069,59416,17650,1135,18785,114
2023-02-26,San Bernardino,071,2135413,710351,34592,744943,8139
2023-02-26,San Diego,073,3302833,984961,80999,1065960,5820
2023-02-26,San Francisco,075,870044,196043,13345,209388,1181
2023-02-26,San Joaquin,077,732212,209840,16924,226764,2432
2023-02-26,San Luis Obispo,079,281455,66446,8131,74577,564
2023-02-26,San Mateo,081,765935,183350,11141,194491,747
2023-02-26,Santa Barbara,083,443738,112139,7727,119866,761
2023-02-26,Santa Clara,085,1922200,475818,21206,497024,2755
2023-02-26,Santa Cruz,087,273765,68402,3960,72362,276
2023-02-26,Shasta,089,179085,36513,8318,44831,612
2023-02-26,Sierra,091,2930,312,61,373,5
2023-02-26,Siskiyou,093,43540,5463,3443,8906,95
2023-02-26,Solano,095,438530,113738,8652,122390,475
2023-02-26,Sonoma,097,501317,113591,5794,119385,560
2023-02-26,Stanislaus,099,539301,145055,23078,168133,1842
2023-02-26,Sutter,101,95872,25721,2539,28260,241
2023-02-26,Tehama,103,63373,14454,3409,17863,235
2023-02-26,Trinity,105,12862,1473,505,1978,24
2023-02-26,Tulare,107,460477,128462,40593,169055,1591
2023-02-26,Tuolumne,109,53932,16906,1008,17914,211
2023-02-26,Ventura,111,848112,220889,18125,239014,1682
2023-02-26,Yolo,113,214977,50044,4918,54962,447
2023-02-26,Yuba,115,75493,20017,1877,21894,134
2023-02-25,Alameda,001,1643700,379375,22361,401736,2122
2023-02-25,Alpine,002,1148,139,4,143,0
2023-02-25,Amador,005,37829,10563,972,11535,98
2023-02-25,Butte,007,227075,41700,10258,51958,493
2023-02-25,Calaveras,009,45235,8992,643,9635,140
2023-02-25,Colusa,011,21464,3979,1348,5327,22
2023-02-25,Contra Costa,013,1133247,272672,22372,295044,1568
2023-02-25,Del Norte,015,27424,7928,473,8401,59
2023-02-25,El Dorado,017,186661,34551,4550,39101,247
2023-02-25,Fresno,019,978130,294637,34971,329608,3006
2023-02-25,Glenn,021,27897,5788,2014,7802,56
2023-02-25,Humboldt,023,135768,23405,5924,29329,170
2023-02-25,Imperial,025,180216,70044,18954,88998,980
2023-02-25,Inyo,027,18085,4766,1307,6073,63
2023-02-25,Kern,029,883053,230300,73139,303439,2489
2023-02-25,Kings,031,150075,62837,4478,67315,485
2023-02-25,Lake,033,64148,13644,1282,14926,164
2023-02-25,Lassen,035,31185,10257,1064,11321,65
2023-02-25,Los Angeles,037,10098052,3490716,218790,3709506,35617
2023-02-25,Madera,039,155013,46273,8896,55169,377
2023-02-25,Marin,041,260295,40639,5637,46276,260
2023-02-25,Mariposa,043,17540,3360,359,3719,31
2023-02-25,Mendocino,045,87422,16880,4830,21710,144
2023-02-25,Merced,047,269075,77373,12954,90327,903
2023-02-25,Modoc,049,8938,956,374,1330,11
2023-02-25,Mono,051,14174,3325,302,3627,8
2023-02-25,Monterey,053,433212,98170,23985,122155,804
2023-02-25,Napa,055,140530,34581,1519,36100,167
2023-02-25,Nevada,057,99092,20161,2320,22481,138
2023-02-25,Orange,059,3164182,713429,78157,791586,8026
2023-02-25,Placer,061,380077,81036,10345,91381,683
2023-02-25,Plumas,063,18699,3828,460,4288,15
2023-02-25,Riverside,065,2383286,734975,41398,776373,6845
2023-02-25,Sacramento,067,1510023,371116,38256,409372,3553
2023-02-25,San Benito,069,59416,17648,1135,18783,114
2023-02-25,San Bernardino,071,2135413,710280,34580,744860,8139
2023-02-25,San Diego,073,3302833,984808,80981,1065789,5817
2023-02-25,San Francisco,075,870044,195990,13343,209333,1180
2023-02-25,San Joaquin,077,732212,209795,16914,226709,2431
2023-02-25,San Luis Obispo,079,281455,66439,8128,74567,564
2023-02-25,San Mateo,081,765935,183310,11137,194447,747
2023-02-25,Santa Barbara,083,443738,112119,7725,119844,760
2023-02-25,Santa Clara,085,1922200,475655,21197,496852,2755
2023-02-25,Santa Cruz,087,273765,68388,3955,72343,276
2023-02-25,Shasta,089,179085,36509,8315,44824,612
2023-02-25,Sierra,091,2930,312,61,373,5
2023-02-25,Siskiyou,093,43540,5463,3443,8906,95
2023-02-25,Solano,095,438530,113716,8649,122365,475
2023-02-25,Sonoma,097,501317,113569,5794,119363,559
2023-02-25,Stanislaus,099,539301,145032,23076,168108,1842
2023-02-25,Sutter,101,95872,25718,2539,28257,241
2023-02-25,Tehama,103,63373,14453,3408,17861,235
2023-02-25,Trinity,105,12862,1473,505,1978,24
2023-02-25,Tulare,107,460477,128439,40581,169020,1591
2023-02-25,Tuolumne,109,53932,16899,1006,17905,211
2023-02-25,Ventura,111,848112,220865,18122,238987,1682
2023-02-25,Yolo,113,214977,50036,4917,54953,446
2023-02-25,Yuba,115,75493,20014,1876,21890,134
2023-02-24,Alameda,001,1643700,379274,22335,401609,2121
2023-02-24,Alpine,002,1148,139,4,143,0
2023-02-24,Amador,005,37829,10561,971,11532,98
2023-02-24,Butte,007,227075,41695,10255,51950,493
2023-02-24,Calaveras,009,45235,8989,643,9632,140
2023-02-24,Colusa,011,21464,3979,1348,5327,22
2023-02-24,Contra Costa,013,1133247,272597,22369,294966,1568
2023-02-24,Del Norte,015,27424,7928,473,8401,59
2023-02-24,El Dorado,017,186661,34545,4547,39092,246
2023-02-24,Fresno,019,978130,294591,34966,329557,3006
2023-02-24,Glenn,021,27897,5788,2014,7802,56
2023-02-24,Humboldt,023,135768,23402,5924,29326,170
2023-02-24,Imperial,025,180216,70035,18946,88981,980
2023-02-24,Inyo,027,18085,4766,1307,6073,63
2023-02-24,Kern,029,883053,230270,73110,303380,2489
2023-02-24,Kings,031,150075,62831,4478,67309,485
2023-02-24,Lake,033,64148,13642,1282,14924,164
2023-02-24,Lassen,035,31185,10257,1064,11321,65
2023-02-24,Los Angeles,037,10098052,3490268,218673,3708941,35609
2023-02-24,Madera,039,155013,46270,8896,55166,377
2023-02-24,Marin,041,260295,40608,5634,46242,260
2023-02-24,Mariposa,043,17540,3360,359,3719,31
2023-02-24,Mendocino,045,87422,16878,4830,21708,144
2023-02-24,Merced,047,269075,77356,12951,90307,903
2023-02-24,Modoc,049,8938,956,374,1330,11
2023-02-24,Mono,051,14174,3325,302,3627,8
2023-02-24,Monterey,053,433212,98146,23962,122108,804
2023-02-24,Napa,055,140530,34572,1519,36091,167
2023-02-24,Nevada,057,99092,20158,2320,22478,138
2023-02-24,Orange,059,3164182,713323,78118,791441,8021
2023-02-24,Placer,061,380077,81012,10345,91357,683
2023-02-24,Plumas,063,18699,3827,460,4287,15
2023-02-24,Riverside,065,2383286,734897,41383,776280,6845
2023-02-24,Sacramento,067,1510023,371037,38248,409285,3551
2023-02-24,San Benito,069,59416,17646,1135,18781,114
2023-02-24,San Bernardino,071,2135413,710200,34573,744773,8139
2023-02-24,San Diego,073,3302833,984653,80952,1065605,5817
2023-02-24,San Francisco,075,870044,195921,13339,209260,1178
2023-02-24,San Joaquin,077,732212,209758,16907,226665,2431
2023-02-24,San Luis Obispo,079,281455,66432,8127,74559,564
2023-02-24,San Mateo,081,765935,183257,11132,194389,747
2023-02-24,Santa Barbara,083,443738,112105,7724,119829,760
2023-02-24,Santa Clara,085,1922200,475537,21187,496724,2753
2023-02-24,Santa Cruz,087,273765,68367,3954,72321,276
2023-02-24,Shasta,089,179085,36507,8313,44820,612
2023-02-24,Sierra,091,2930,312,61,373,5
2023-02-24,Siskiyou,093,43540,5459,3443,8902,95
2023-02-24,Solano,095,438530,113699,8648,122347,475
2023-02-24,Sonoma,097,501317,113548,5789,119337,559
2023-02-24,Stanislaus,099,539301,145007,23073,168080,1842
2023-02-24,Sutter,101,95872,25714,2539,28253,241
2023-02-24,Tehama,103,63373,14450,3407,17857,235
2023-02-24,Trinity,105,12862,1473,505,1978,24
2023-02-24,Tulare,107,460477,128416,40565,168981,1590
2023-02-24,Tuolumne,109,53932,16896,1006,17902,211
2023-02-24,Ventura,111,848112,220838,18121,238959,1681
2023-02-24,Yolo,113,214977,50032,4915,54947,446
2023-02-24,Yuba,115,75493,20011,1874,21885,134
2023-02-23,Alameda,001,1643700,379115,22323,401438,2120
2023-02-23,Alpine,002,1148,139,4,143,0
2023-02-23,Amador,005,37829,10559,971,11530,98
2023-02-23,Butte,007,227075,41682,10254,51936,492
2023-02-23,Calaveras,009,45235,8988,642,9630,140
2023-02-23,Colusa,011,21464,3977,1348,5325,22
2023-02-23,Contra Costa,013,1133247,272496,22361,294857,1567
2023-02-23,Del Norte,015,27424,7928,470,8398,59
2023-02-23,El Dorado,017,186661,34532,4547,39079,246
2023-02-23,Fresno,019,978130,294530,34959,329489,3005
2023-02-23,Glenn,021,27897,5788,2014,7802,56
2023-02-23,Humboldt,023,135768,23399,5923,29322,170
2023-02-23,Imperial,025,180216,70008,18941,88949,980
2023-02-23,Inyo,027,18085,4766,1307,6073,63
2023-02-23,Kern,029,883053,230225,73069,303294,2489
2023-02-23,Kings,031,150075,62826,4477,67303,485
2023-02-23,Lake,033,64148,13642,1282,14924,164
2023-02-23,Lassen,035,31185,10257,1064,11321,65
2023-02-23,Los Angeles,037,10098052,3489610,218537,3708147,35599
2023-02-23,Madera,039,155013,46265,8890,55155,377
2023-02-23,Marin,041,260295,40589,5633,46222,260
2023-02-23,Mariposa,043,17540,3358,359,3717,31
2023-02-23,Mendocino,045,87422,16874,4830,21704,144
2023-02-23,Merced,047,269075,77341,12950,90291,903
2023-02-23,Modoc,049,8938,956,373,1329,11
2023-02-23,Mono,051,14174,3324,302,3626,8
2023-02-23,Monterey,053,433212,98126,23924,122050,803
2023-02-23,Napa,055,140530,34558,1518,36076,167
2023-02-23,Nevada,057,99092,20154,2320,22474,138
2023-02-23,Orange,059,3164182,713166,78064,791230,8016
2023-02-23,Placer,061,380077,80986,10343,91329,683
2023-02-23,Plumas,063,18699,3827,459,4286,15
2023-02-23,Riverside,065,2383286,734797,41368,776165,6844
2023-02-23,Sacramento,067,1510023,370891,38222,409113,3551
2023-02-23,San Benito,069,59416,17641,1134,18775,114
2023-02-23,San Bernardino,071,2135413,710067,34557,744624,8139
2023-02-23,San Diego,073,3302833,984397,80889,1065286,5815
2023-02-23,San Francisco,075,870044,195810,13320,209130,1177
2023-02-23,San Joaquin,077,732212,209707,16902,226609,2430
2023-02-23,San Luis Obispo,079,281455,66425,8125,74550,564
2023-02-23,San Mateo,081,765935,183194,11131,194325,747
2023-02-23,Santa Barbara,083,443738,112090,7721,119811,760
2023-02-23,Santa Clara,085,1922200,475363,21182,496545,2752
2023-02-23,Santa Cruz,087,273765,68345,3951,72296,276
2023-02-23,Shasta,089,179085,36502,8311,44813,612
2023-02-23,Sierra,091,2930,312,61,373,5
2023-02-23,Siskiyou,093,43540,5459,3443,8902,95
2023-02-23,Solano,095,438530,113646,8638,122284,475
2023-02-23,Sonoma,097,501317,113512,5787,119299,559
2023-02-23,Stanislaus,099,539301,144974,23069,168043,1842
2023-02-23,Sutter,101,95872,25711,2538,28249,241
2023-02-23,Tehama,103,63373,14449,3407,17856,235
2023-02-23,Trinity,105,12862,1473,505,1978,24
2023-02-23,Tulare,107,460477,128392,40543,168935,1589
2023-02-23,Tuolumne,109,53932,16881,1005,17886,211
2023-02-23,Ventura,111,848112,220809,18119,238928,1681
2023-02-23,Yolo,113,214977,50018,4909,54927,446
2023-02-23,Yuba,115,75493,20003,1872,21875,134
2023-02-22,Alameda,001,1643700,378964,22307,401271,2120
2023-02-22,Alpine,002,1148,139,4,143,0
2023-02-22,Amador,005,37829,10558,970,11528,98
2023-02-22,Butte,007,227075,41673,10250,51923,492
2023-02-22,Calaveras,009,45235,8986,642,9628,140
2023-02-22,Colusa,011,21464,3975,1348,5323,22
2023-02-22,Contra Costa,013,1133247,272375,22347,294722,1566
2023-02-22,Del Norte,015,27424,7926,468,8394,59
2023-02-22,El Dorado,017,186661,34524,4547,39071,246
2023-02-22,Fresno,019,978130,294455,34939,329394,3005
2023-02-22,Glenn,021,27897,5788,2014,7802,56
2023-02-22,Humboldt,023,135768,23394,5921,29315,170
2023-02-22,Imperial,025,180216,69983,18927,88910,980
2023-02-22,Inyo,027,18085,4765,1304,6069,63
2023-02-22,Kern,029,883053,230165,73024,303189,2488
2023-02-22,Kings,031,150075,62820,4476,67296,485
2023-02-22,Lake,033,64148,13635,1280,14915,163
2023-02-22,Lassen,035,31185,10257,1064,11321,65
2023-02-22,Los Angeles,037,10098052,3488758,218347,3707105,35586
2023-02-22,Madera,039,155013,46255,8889,55144,377
2023-02-22,Marin,041,260295,40568,5632,46200,260
2023-02-22,Mariposa,043,17540,3358,359,3717,31
2023-02-22,Mendocino,045,87422,16872,4829,21701,144
2023-02-22,Merced,047,269075,77326,12949,90275,903
2023-02-22,Modoc,049,8938,956,373,1329,11
2023-02-22,Mono,051,14174,3324,302,3626,8
2023-02-22,Monterey,053,433212,98095,23889,121984,803
2023-02-22,Napa,055,140530,34551,1518,36069,167
2023-02-22,Nevada,057,99092,20153,2319,22472,138
2023-02-22,Orange,059,3164182,712982,78006,790988,8013
2023-02-22,Placer,061,380077,80966,10341,91307,683
2023-02-22,Plumas,063,18699,3827,459,4286,15
2023-02-22,Riverside,065,2383286,734625,41349,775974,6842
2023-02-22,Sacramento,067,1510023,370740,38194,408934,3551
2023-02-22,San Benito,069,59416,17637,1133,18770,114
2023-02-22,San Bernardino,071,2135413,709949,34540,744489,8139
2023-02-22,San Diego,073,3302833,984099,80827,1064926,5813
2023-02-22,San Francisco,075,870044,195703,13314,209017,1177
2023-02-22,San Joaquin,077,732212,209648,16894,226542,2430
2023-02-22,San Luis Obispo,079,281455,66417,8119,74536,564
2023-02-22,San Mateo,081,765935,183126,11125,194251,747
2023-02-22,Santa Barbara,083,443738,112062,7718,119780,760
2023-02-22,Santa Clara,085,1922200,475159,21174,496333,2750
2023-02-22,Santa Cruz,087,273765,68330,3944,72274,276
2023-02-22,Shasta,089,179085,36495,8306,44801,612
2023-02-22,Sierra,091,2930,312,61,373,5
2023-02-22,Siskiyou,093,43540,5456,3443,8899,95
2023-02-22,Solano,095,438530,113603,8629,122232,475
2023-02-22,Sonoma,097,501317,113485,5786,119271,559
2023-02-22,Stanislaus,099,539301,144939,23055,167994,1842
2023-02-22,Sutter,101,95872,25696,2538,28234,241
2023-02-22,Tehama,103,63373,14444,3405,17849,235
2023-02-22,Trinity,105,12862,1473,505,1978,24
2023-02-22,Tulare,107,460477,128357,40512,168869,1589
2023-02-22,Tuolumne,109,53932,16877,1000,17877,211
2023-02-22,Ventura,111,848112,220768,18116,238884,1681
2023-02-22,Yolo,113,214977,50005,4909,54914,446
2023-02-22,Yuba,115,75493,19998,1871,21869,134
2023-02-21,Alameda,001,1643700,378786,22299,401085,2120
2023-02-21,Alpine,002,1148,139,4,143,0
2023-02-21,Amador,005,37829,10555,969,11524,98
2023-02-21,Butte,007,227075,41661,10248,51909,492
2023-02-21,Calaveras,009,45235,8985,642,9627,140
2023-02-21,Colusa,011,21464,3974,1348,5322,22
2023-02-21,Contra Costa,013,1133247,272258,22336,294594,1565
2023-02-21,Del Norte,015,27424,7925,467,8392,59
2023-02-21,El Dorado,017,186661,34516,4543,39059,246
2023-02-21,Fresno,019,978130,294379,34921,329300,3005
2023-02-21,Glenn,021,27897,5786,2014,7800,56
2023-02-21,Humboldt,023,135768,23386,5919,29305,170
2023-02-21,Imperial,025,180216,69950,18913,88863,980
2023-02-21,Inyo,027,18085,4765,1304,6069,63
2023-02-21,Kern,029,883053,230074,72982,303056,2488
2023-02-21,Kings,031,150075,62809,4475,67284,484
2023-02-21,Lake,033,64148,13629,1279,14908,163
2023-02-21,Lassen,035,31185,10255,1062,11317,65
2023-02-21,Los Angeles,037,10098052,3487833,218125,3705958,35579
2023-02-21,Madera,039,155013,46248,8886,55134,377
2023-02-21,Marin,041,260295,40540,5629,46169,260
2023-02-21,Mariposa,043,17540,3357,359,3716,31
2023-02-21,Mendocino,045,87422,16867,4829,21696,144
2023-02-21,Merced,047,269075,77306,12945,90251,903
2023-02-21,Modoc,049,8938,955,371,1326,11
2023-02-21,Mono,051,14174,3323,302,3625,8
2023-02-21,Monterey,053,433212,98064,23861,121925,803
2023-02-21,Napa,055,140530,34538,1518,36056,167
2023-02-21,Nevada,057,99092,20144,2318,22462,138
2023-02-21,Orange,059,3164182,712749,77949,790698,8012
2023-02-21,Placer,061,380077,80927,10340,91267,683
2023-02-21,Plumas,063,18699,3827,459,4286,15
2023-02-21,Riverside,065,2383286,734457,41318,775775,6840
2023-02-21,Sacramento,067,1510023,370584,38168,408752,3551
2023-02-21,San Benito,069,59416,17633,1133,18766,114
2023-02-21,San Bernardino,071,2135413,709817,34529,744346,8139
2023-02-21,San Diego,073,3302833,983830,80774,1064604,5813
2023-02-21,San Francisco,075,870044,195609,13305,208914,1177
2023-02-21,San Joaquin,077,732212,209594,16887,226481,2430
2023-02-21,San Luis Obispo,079,281455,66397,8114,74511,563
2023-02-21,San Mateo,081,765935,183040,11116,194156,747
2023-02-21,Santa Barbara,083,443738,112033,7714,119747,760
2023-02-21,Santa Clara,085,1922200,474967,21163,496130,2749
2023-02-21,Santa Cruz,087,273765,68314,3941,72255,276
2023-02-21,Shasta,089,179085,36487,8304,44791,612
2023-02-21,Sierra,091,2930,312,61,373,5
2023-02-21,Siskiyou,093,43540,5453,3442,8895,95
2023-02-21,Solano,095,438530,113571,8626,122197,475
2023-02-21,Sonoma,097,501317,113449,5785,119234,559
2023-02-21,Stanislaus,099,539301,144907,23046,167953,1842
2023-02-21,Sutter,101,95872,25691,2538,28229,241
2023-02-21,Tehama,103,63373,14444,3404,17848,235
2023-02-21,Trinity,105,12862,1473,505,1978,24
2023-02-21,Tulare,107,460477,128323,40490,168813,1588
2023-02-21,Tuolumne,109,53932,16870,1000,17870,211
2023-02-21,Ventura,111,848112,220721,18109,238830,1680
2023-02-21,Yolo,113,214977,49994,4905,54899,446
2023-02-21,Yuba,115,75493,19993,1871,21864,134
2023-02-20,Alameda,001,1643700,378548,22278,400826,2120
2023-02-20,Alpine,002,1148,139,4,143,0
2023-02-20,Amador,005,37829,10550,967,11517,98
2023-02-20,Butte,007,227075,41652,10240,51892,492
2023-02-20,Calaveras,009,45235,8980,642,9622,140
2023-02-20,Colusa,011,21464,3972,1347,5319,22
2023-02-20,Contra Costa,013,1133247,272134,22326,294460,1565
2023-02-20,Del Norte,015,27424,7924,466,8390,59
2023-02-20,El Dorado,017,186661,34508,4541,39049,246
2023-02-20,Fresno,019,978130,294276,34897,329173,3005
2023-02-20,Glenn,021,27897,5785,2014,7799,56
2023-02-20,Humboldt,023,135768,23382,5919,29301,170
2023-02-20,Imperial,025,180216,69921,18901,88822,980
2023-02-20,Inyo,027,18085,4762,1303,6065,63
2023-02-20,Kern,029,883053,230005,72915,302920,2487
2023-02-20,Kings,031,150075,62794,4472,67266,484
2023-02-20,Lake,033,64148,13626,1278,14904,163
2023-02-20,Lassen,035,31185,10255,1062,11317,65
2023-02-20,Los Angeles,037,10098052,3486754,217860,3704614,35572
2023-02-20,Madera,039,155013,46227,8883,55110,377
2023-02-20,Marin,041,260295,40520,5626,46146,260
2023-02-20,Mariposa,043,17540,3354,359,3713,31
2023-02-20,Mendocino,045,87422,16863,4826,21689,144
2023-02-20,Merced,047,269075,77286,12941,90227,903
2023-02-20,Modoc,049,8938,955,371,1326,11
2023-02-20,Mono,051,14174,3321,302,3623,8
2023-02-20,Monterey,053,433212,98028,23820,121848,803
2023-02-20,Napa,055,140530,34521,1518,36039,165
2023-02-20,Nevada,057,99092,20139,2318,22457,138
2023-02-20,Orange,059,3164182,712500,77881,790381,8012
2023-02-20,Placer,061,380077,80902,10336,91238,683
2023-02-20,Plumas,063,18699,3825,459,4284,15
2023-02-20,Riverside,065,2383286,734295,41302,775597,6839
2023-02-20,Sacramento,067,1510023,370423,38126,408549,3549
2023-02-20,San Benito,069,59416,17624,1133,18757,114
2023-02-20,San Bernardino,071,2135413,709639,34513,744152,8139
2023-02-20,San Diego,073,3302833,983457,80696,1064153,5812
2023-02-20,San Francisco,075,870044,195486,13299,208785,1176
2023-02-20,San Joaquin,077,732212,209518,16883,226401,2430
2023-02-20,San Luis Obispo,079,281455,66385,8112,74497,563
2023-02-20,San Mateo,081,765935,182954,11109,194063,747
2023-02-20,Santa Barbara,083,443738,111988,7708,119696,760
2023-02-20,Santa Clara,085,1922200,474704,21151,495855,2747
2023-02-20,Santa Cruz,087,273765,68263,3928,72191,276
2023-02-20,Shasta,089,179085,36482,8303,44785,612
2023-02-20,Sierra,091,2930,312,61,373,5
2023-02-20,Siskiyou,093,43540,5452,3442,8894,95
2023-02-20,Solano,095,438530,113497,8618,122115,475
2023-02-20,Sonoma,097,501317,113410,5778,119188,559
2023-02-20,Stanislaus,099,539301,144855,23029,167884,1842
2023-02-20,Sutter,101,95872,25684,2538,28222,241
2023-02-20,Tehama,103,63373,14442,3404,17846,235
2023-02-20,Trinity,105,12862,1473,505,1978,24
2023-02-20,Tulare,107,460477,128283,40473,168756,1588
2023-02-20,Tuolumne,109,53932,16868,999,17867,211
2023-02-20,Ventura,111,848112,220651,18096,238747,1680
2023-02-20,Yolo,113,214977,49975,4903,54878,446
2023-02-20,Yuba,115,75493,19989,1871,21860,134
2023-02-19,Alameda,001,1643700,378391,22270,400661,2120
2023-02-19,Alpine,002,1148,139,4,143,0
2023-02-19,Amador,005,37829,10548,966,11514,98
2023-02-19,Butte,007,227075,41651,10234,51885,492
2023-02-19,Calaveras,009,45235,8979,642,9621,140
2023-02-19,Colusa,011,21464,3967,1347,5314,22
2023-02-19,Contra Costa,013,1133247,272049,22321,294370,1563
2023-02-19,Del Norte,015,27424,7924,466,8390,59
2023-02-19,El Dorado,017,186661,34504,4539,39043,245
2023-02-19,Fresno,019,978130,294211,34884,329095,3005
2023-02-19,Glenn,021,27897,5785,2014,7799,56
2023-02-19,Humboldt,023,135768,23377,5917,29294,170
2023-02-19,Imperial,025,180216,69900,18884,88784,980
2023-02-19,Inyo,027,18085,4762,1303,6065,63
2023-02-19,Kern,029,883053,229956,72849,302805,2487
2023-02-19,Kings,031,150075,62779,4470,67249,484
2023-02-19,Lake,033,64148,13623,1278,14901,163
2023-02-19,Lassen,035,31185,10255,1062,11317,65
2023-02-19,Los Angeles,037,10098052,3485802,217647,3703449,35562
2023-02-19,Madera,039,155013,46217,8881,55098,377
2023-02-19,Marin,041,260295,40505,5624,46129,260
2023-02-19,Mariposa,043,17540,3354,359,3713,31
2023-02-19,Mendocino,045,87422,16853,4825,21678,144
2023-02-19,Merced,047,269075,77268,12939,90207,903
2023-02-19,Modoc,049,8938,955,371,1326,11
2023-02-19,Mono,051,14174,3321,302,3623,8
2023-02-19,Monterey,053,433212,97996,23799,121795,803
2023-02-19,Napa,055,140530,34506,1518,36024,165
2023-02-19,Nevada,057,99092,20136,2317,22453,138
2023-02-19,Orange,059,3164182,712259,77812,790071,8009
2023-02-19,Placer,061,380077,80884,10333,91217,683
2023-02-19,Plumas,063,18699,3824,459,4283,15
2023-02-19,Riverside,065,2383286,734140,41267,775407,6837
2023-02-19,Sacramento,067,1510023,370316,38118,408434,3547
2023-02-19,San Benito,069,59416,17624,1133,18757,113
2023-02-19,San Bernardino,071,2135413,709496,34503,743999,8139
2023-02-19,San Diego,073,3302833,983184,80633,1063817,5811
2023-02-19,San Francisco,075,870044,195404,13286,208690,1176
2023-02-19,San Joaquin,077,732212,209473,16878,226351,2430
2023-02-19,San Luis Obispo,079,281455,66375,8108,74483,563
2023-02-19,San Mateo,081,765935,182896,11104,194000,747
2023-02-19,Santa Barbara,083,443738,111956,7705,119661,760
2023-02-19,Santa Clara,085,1922200,474581,21142,495723,2745
2023-02-19,Santa Cruz,087,273765,68239,3924,72163,276
2023-02-19,Shasta,089,179085,36480,8301,44781,612
2023-02-19,Sierra,091,2930,311,61,372,5
2023-02-19,Siskiyou,093,43540,5450,3441,8891,95
2023-02-19,Solano,095,438530,113478,8613,122091,475
2023-02-19,Sonoma,097,501317,113356,5777,119133,559
2023-02-19,Stanislaus,099,539301,144804,23027,167831,1842
2023-02-19,Sutter,101,95872,25678,2538,28216,241
2023-02-19,Tehama,103,63373,14440,3404,17844,235
2023-02-19,Trinity,105,12862,1473,505,1978,24
2023-02-19,Tulare,107,460477,128234,40457,168691,1588
2023-02-19,Tuolumne,109,53932,16860,990,17850,211
2023-02-19,Ventura,111,848112,220610,18078,238688,1680
2023-02-19,Yolo,113,214977,49956,4900,54856,445
2023-02-19,Yuba,115,75493,19986,1870,21856,134
2023-02-18,Alameda,001,1643700,378287,22263,400550,2119
2023-02-18,Alpine,002,1148,139,4,143,0
2023-02-18,Amador,005,37829,10547,965,11512,98
2023-02-18,Butte,007,227075,41649,10231,51880,492
2023-02-18,Calaveras,009,45235,8977,642,9619,140
2023-02-18,Colusa,011,21464,3966,1347,5313,22
2023-02-18,Contra Costa,013,1133247,271974,22317,294291,1561
2023-02-18,Del Norte,015,27424,7924,466,8390,59
2023-02-18,El Dorado,017,186661,34500,4539,39039,245
2023-02-18,Fresno,019,978130,294157,34880,329037,3005
2023-02-18,Glenn,021,27897,5785,2013,7798,56
2023-02-18,Humboldt,023,135768,23375,5916,29291,170
2023-02-18,Imperial,025,180216,69885,18884,88769,980
2023-02-18,Inyo,027,18085,4762,1303,6065,63
2023-02-18,Kern,029,883053,229911,72810,302721,2485
2023-02-18,Kings,031,150075,62774,4470,67244,484
2023-02-18,Lake,033,64148,13623,1278,14901,163
2023-02-18,Lassen,035,31185,10255,1062,11317,65
2023-02-18,Los Angeles,037,10098052,3485237,217512,3702749,35549
2023-02-18,Madera,039,155013,46210,8880,55090,377
2023-02-18,Marin,041,260295,40486,5622,46108,260
2023-02-18,Mariposa,043,17540,3352,359,3711,31
2023-02-18,Mendocino,045,87422,16853,4825,21678,144
2023-02-18,Merced,047,269075,77260,12936,90196,903
2023-02-18,Modoc,049,8938,955,371,1326,11
2023-02-18,Mono,051,14174,3321,302,3623,8
2023-02-18,Monterey,053,433212,97978,23775,121753,803
2023-02-18,Napa,055,140530,34500,1518,36018,165
2023-02-18,Nevada,057,99092,20131,2316,22447,138
2023-02-18,Orange,059,3164182,712115,77764,789879,8008
2023-02-18,Placer,061,380077,80861,10328,91189,682
2023-02-18,Plumas,063,18699,3823,459,4282,15
2023-02-18,Riverside,065,2383286,734045,41243,775288,6837
2023-02-18,Sacramento,067,1510023,370238,38109,408347,3544
2023-02-18,San Benito,069,59416,17621,1131,18752,113
2023-02-18,San Bernardino,071,2135413,709393,34494,743887,8139
2023-02-18,San Diego,073,3302833,983031,80601,1063632,5809
2023-02-18,San Francisco,075,870044,195332,13284,208616,1176
2023-02-18,San Joaquin,077,732212,209430,16874,226304,2429
2023-02-18,San Luis Obispo,079,281455,66365,8106,74471,563
2023-02-18,San Mateo,081,765935,182840,11098,193938,747
2023-02-18,Santa Barbara,083,443738,111940,7703,119643,760
2023-02-18,Santa Clara,085,1922200,474438,21137,495575,2742
2023-02-18,Santa Cruz,087,273765,68222,3921,72143,276
2023-02-18,Shasta,089,179085,36478,8300,44778,612
2023-02-18,Sierra,091,2930,311,61,372,5
2023-02-18,Siskiyou,093,43540,5447,3441,8888,95
2023-02-18,Solano,095,438530,113455,8610,122065,475
2023-02-18,Sonoma,097,501317,113331,5776,119107,559
2023-02-18,Stanislaus,099,539301,144777,23026,167803,1842
2023-02-18,Sutter,101,95872,25673,2538,28211,241
2023-02-18,Tehama,103,63373,14439,3404,17843,235
2023-02-18,Trinity,105,12862,1473,505,1978,24
2023-02-18,Tulare,107,460477,128210,40442,168652,1588
2023-02-18,Tuolumne,109,53932,16851,990,17841,211
2023-02-18,Ventura,111,848112,220576,18075,238651,1680
2023-02-18,Yolo,113,214977,49947,4899,54846,445
2023-02-18,Yuba,115,75493,19984,1870,21854,134
2023-02-17,Alameda,001,1643700,378164,22255,400419,2119
2023-02-17,Alpine,002,1148,139,4,143,0
2023-02-17,Amador,005,37829,10542,965,11507,98
2023-02-17,Butte,007,227075,41647,10228,51875,492
2023-02-17,Calaveras,009,45235,8976,642,9618,140
2023-02-17,Colusa,011,21464,3966,1347,5313,22
2023-02-17,Contra Costa,013,1133247,271893,22312,294205,1561
2023-02-17,Del Norte,015,27424,7922,466,8388,59
2023-02-17,El Dorado,017,186661,34493,4538,39031,245
2023-02-17,Fresno,019,978130,294108,34875,328983,3002
2023-02-17,Glenn,021,27897,5784,2013,7797,56
2023-02-17,Humboldt,023,135768,23372,5915,29287,170
2023-02-17,Imperial,025,180216,69875,18877,88752,980
2023-02-17,Inyo,027,18085,4761,1303,6064,63
2023-02-17,Kern,029,883053,229866,72770,302636,2485
2023-02-17,Kings,031,150075,62769,4470,67239,484
2023-02-17,Lake,033,64148,13619,1278,14897,163
2023-02-17,Lassen,035,31185,10255,1062,11317,65
2023-02-17,Los Angeles,037,10098052,3484668,217370,3702038,35534
2023-02-17,Madera,039,155013,46201,8880,55081,377
2023-02-17,Marin,041,260295,40458,5622,46080,260
2023-02-17,Mariposa,043,17540,3352,359,3711,31
2023-02-17,Mendocino,045,87422,16853,4825,21678,144
2023-02-17,Merced,047,269075,77245,12931,90176,903
2023-02-17,Modoc,049,8938,955,371,1326,11
2023-02-17,Mono,051,14174,3321,302,3623,8
2023-02-17,Monterey,053,433212,97966,23762,121728,803
2023-02-17,Napa,055,140530,34496,1517,36013,164
2023-02-17,Nevada,057,99092,20127,2316,22443,138
2023-02-17,Orange,059,3164182,711994,77719,789713,8003
2023-02-17,Placer,061,380077,80849,10326,91175,682
2023-02-17,Plumas,063,18699,3822,459,4281,15
2023-02-17,Riverside,065,2383286,733962,41221,775183,6835
2023-02-17,Sacramento,067,1510023,370161,38105,408266,3542
2023-02-17,San Benito,069,59416,17621,1131,18752,113
2023-02-17,San Bernardino,071,2135413,709304,34483,743787,8139
2023-02-17,San Diego,073,3302833,982851,80582,1063433,5807
2023-02-17,San Francisco,075,870044,195259,13276,208535,1176
2023-02-17,San Joaquin,077,732212,209378,16864,226242,2429
2023-02-17,San Luis Obispo,079,281455,66351,8105,74456,563
2023-02-17,San Mateo,081,765935,182792,11098,193890,747
2023-02-17,Santa Barbara,083,443738,111922,7703,119625,760
2023-02-17,Santa Clara,085,1922200,474294,21133,495427,2739
2023-02-17,Santa Cruz,087,273765,68202,3917,72119,276
2023-02-17,Shasta,089,179085,36477,8299,44776,612
2023-02-17,Sierra,091,2930,311,61,372,5
2023-02-17,Siskiyou,093,43540,5446,3441,8887,95
2023-02-17,Solano,095,438530,113442,8602,122044,475
2023-02-17,Sonoma,097,501317,113304,5775,119079,559
2023-02-17,Stanislaus,099,539301,144756,23021,167777,1842
2023-02-17,Sutter,101,95872,25670,2538,28208,241
2023-02-17,Tehama,103,63373,14439,3404,17843,235
2023-02-17,Trinity,105,12862,1473,505,1978,24
2023-02-17,Tulare,107,460477,128193,40422,168615,1588
2023-02-17,Tuolumne,109,53932,16848,989,17837,211
2023-02-17,Ventura,111,848112,220547,18068,238615,1679
2023-02-17,Yolo,113,214977,49937,4896,54833,445
2023-02-17,Yuba,115,75493,19981,1870,21851,134
2023-02-16,Alameda,001,1643700,377994,22242,400236,2119
2023-02-16,Alpine,002,1148,139,4,143,0
2023-02-16,Amador,005,37829,10539,965,11504,98
2023-02-16,Butte,007,227075,41638,10222,51860,492
2023-02-16,Calaveras,009,45235,8971,642,9613,140
2023-02-16,Colusa,011,21464,3963,1346,5309,22
2023-02-16,Contra Costa,013,1133247,271795,22308,294103,1560
2023-02-16,Del Norte,015,27424,7920,466,8386,59
2023-02-16,El Dorado,017,186661,34484,4538,39022,245
2023-02-16,Fresno,019,978130,294046,34858,328904,3001
2023-02-16,Glenn,021,27897,5782,2013,7795,56
2023-02-16,Humboldt,023,135768,23366,5914,29280,170
2023-02-16,Imperial,025,180216,69856,18869,88725,980
2023-02-16,Inyo,027,18085,4761,1302,6063,63
2023-02-16,Kern,029,883053,229822,72724,302546,2484
2023-02-16,Kings,031,150075,62757,4469,67226,483
2023-02-16,Lake,033,64148,13618,1278,14896,163
2023-02-16,Lassen,035,31185,10255,1062,11317,65
2023-02-16,Los Angeles,037,10098052,3483858,217168,3701026,35528
2023-02-16,Madera,039,155013,46194,8873,55067,377
2023-02-16,Marin,041,260295,40437,5620,46057,260
2023-02-16,Mariposa,043,17540,3350,359,3709,31
2023-02-16,Mendocino,045,87422,16847,4824,21671,144
2023-02-16,Merced,047,269075,77228,12925,90153,903
2023-02-16,Modoc,049,8938,954,370,1324,11
2023-02-16,Mono,051,14174,3321,302,3623,8
2023-02-16,Monterey,053,433212,97948,23730,121678,803
2023-02-16,Napa,055,140530,34485,1517,36002,164
2023-02-16,Nevada,057,99092,20122,2312,22434,138
2023-02-16,Orange,059,3164182,711823,77652,789475,8000
2023-02-16,Placer,061,380077,80822,10322,91144,682
2023-02-16,Plumas,063,18699,3820,459,4279,15
2023-02-16,Riverside,065,2383286,733819,41204,775023,6834
2023-02-16,Sacramento,067,1510023,370032,38067,408099,3540
2023-02-16,San Benito,069,59416,17614,1130,18744,113
2023-02-16,San Bernardino,071,2135413,709164,34468,743632,8139
2023-02-16,San Diego,073,3302833,982599,80521,1063120,5806
2023-02-16,San Francisco,075,870044,195165,13268,208433,1176
2023-02-16,San Joaquin,077,732212,209321,16858,226179,2429
2023-02-16,San Luis Obispo,079,281455,66331,8103,74434,563
2023-02-16,San Mateo,081,765935,182717,11094,193811,747
2023-02-16,Santa Barbara,083,443738,111892,7701,119593,760
2023-02-16,Santa Clara,085,1922200,474092,21126,495218,2738
2023-02-16,Santa Cruz,087,273765,68182,3910,72092,276
2023-02-16,Shasta,089,179085,36475,8299,44774,612
2023-02-16,Sierra,091,2930,311,61,372,5
2023-02-16,Siskiyou,093,43540,5443,3441,8884,95
2023-02-16,Solano,095,438530,113404,8598,122002,475
2023-02-16,Sonoma,097,501317,113264,5772,119036,558
2023-02-16,Stanislaus,099,539301,144717,23013,167730,1842
2023-02-16,Sutter,101,95872,25666,2538,28204,241
2023-02-16,Tehama,103,63373,14436,3402,17838,235
2023-02-16,Trinity,105,12862,1473,505,1978,24
2023-02-16,Tulare,107,460477,128170,40390,168560,1588
2023-02-16,Tuolumne,109,53932,16845,989,17834,211
2023-02-16,Ventura,111,848112,220511,18064,238575,1678
2023-02-16,Yolo,113,214977,49928,4889,54817,445
2023-02-16,Yuba,115,75493,19977,1870,21847,134
2023-02-15,Alameda,001,1643700,377849,22224,400073,2119
2023-02-15,Alpine,002,1148,139,4,143,0
2023-02-15,Amador,005,37829,10533,965,11498,98
2023-02-15,Butte,007,227075,41630,10217,51847,490
2023-02-15,Calaveras,009,45235,8966,642,9608,140
2023-02-15,Colusa,011,21464,3963,1346,5309,22
2023-02-15,Contra Costa,013,1133247,271702,22301,294003,1560
2023-02-15,Del Norte,015,27424,7918,466,8384,59
2023-02-15,El Dorado,017,186661,34477,4537,39014,245
2023-02-15,Fresno,019,978130,293969,34835,328804,3001
2023-02-15,Glenn,021,27897,5782,2013,7795,56
2023-02-15,Humboldt,023,135768,23359,5912,29271,170
2023-02-15,Imperial,025,180216,69834,18858,88692,980
2023-02-15,Inyo,027,18085,4760,1302,6062,63
2023-02-15,Kern,029,883053,229720,72670,302390,2484
2023-02-15,Kings,031,150075,62747,4469,67216,483
2023-02-15,Lake,033,64148,13613,1278,14891,163
2023-02-15,Lassen,035,31185,10254,1062,11316,65
2023-02-15,Los Angeles,037,10098052,3482976,216971,3699947,35515
2023-02-15,Madera,039,155013,46190,8869,55059,377
2023-02-15,Marin,041,260295,40410,5620,46030,260
2023-02-15,Mariposa,043,17540,3350,359,3709,31
2023-02-15,Mendocino,045,87422,16845,4824,21669,144
2023-02-15,Merced,047,269075,77208,12920,90128,903
2023-02-15,Modoc,049,8938,954,370,1324,11
2023-02-15,Mono,051,14174,3319,302,3621,8
2023-02-15,Monterey,053,433212,97924,23694,121618,803
2023-02-15,Napa,055,140530,34477,1517,35994,164
2023-02-15,Nevada,057,99092,20121,2311,22432,138
2023-02-15,Orange,059,3164182,711590,77579,789169,7997
2023-02-15,Placer,061,380077,80798,10319,91117,682
2023-02-15,Plumas,063,18699,3818,459,4277,15
2023-02-15,Riverside,065,2383286,733655,41173,774828,6834
2023-02-15,Sacramento,067,1510023,369919,38039,407958,3539
2023-02-15,San Benito,069,59416,17606,1130,18736,112
2023-02-15,San Bernardino,071,2135413,709043,34450,743493,8139
2023-02-15,San Diego,073,3302833,982327,80454,1062781,5805
2023-02-15,San Francisco,075,870044,195072,13264,208336,1176
2023-02-15,San Joaquin,077,732212,209248,16854,226102,2429
2023-02-15,San Luis Obispo,079,281455,66324,8099,74423,563
2023-02-15,San Mateo,081,765935,182646,11093,193739,747
2023-02-15,Santa Barbara,083,443738,111854,7696,119550,760
2023-02-15,Santa Clara,085,1922200,473900,21116,495016,2737
2023-02-15,Santa Cruz,087,273765,68167,3906,72073,276
2023-02-15,Shasta,089,179085,36470,8296,44766,612
2023-02-15,Sierra,091,2930,311,61,372,5
2023-02-15,Siskiyou,093,43540,5443,3440,8883,95
2023-02-15,Solano,095,438530,113371,8594,121965,475
2023-02-15,Sonoma,097,501317,113224,5769,118993,558
2023-02-15,Stanislaus,099,539301,144679,23004,167683,1842
2023-02-15,Sutter,101,95872,25661,2538,28199,240
2023-02-15,Tehama,103,63373,14434,3402,17836,235
2023-02-15,Trinity,105,12862,1473,505,1978,24
2023-02-15,Tulare,107,460477,128133,40373,168506,1588
2023-02-15,Tuolumne,109,53932,16842,987,17829,211
2023-02-15,Ventura,111,848112,220460,18056,238516,1677
2023-02-15,Yolo,113,214977,49916,4884,54800,445
2023-02-15,Yuba,115,75493,19973,1870,21843,134
2023-02-14,Alameda,001,1643700,377711,22209,399920,2118
2023-02-14,Alpine,002,1148,139,4,143,0
2023-02-14,Amador,005,37829,10531,965,11496,98
2023-02-14,Butte,007,227075,41619,10215,51834,490
2023-02-14,Calaveras,009,45235,8964,639,9603,140
2023-02-14,Colusa,011,21464,3960,1346,5306,22
2023-02-14,Contra Costa,013,1133247,271578,22293,293871,1560
2023-02-14,Del Norte,015,27424,7915,466,8381,59
2023-02-14,El Dorado,017,186661,34469,4535,39004,245
2023-02-14,Fresno,019,978130,293898,34815,328713,3000
2023-02-14,Glenn,021,27897,5780,2011,7791,56
2023-02-14,Humboldt,023,135768,23353,5907,29260,170
2023-02-14,Imperial,025,180216,69810,18842,88652,980
2023-02-14,Inyo,027,18085,4759,1302,6061,63
2023-02-14,Kern,029,883053,229670,72600,302270,2484
2023-02-14,Kings,031,150075,62737,4467,67204,483
2023-02-14,Lake,033,64148,13612,1278,14890,163
2023-02-14,Lassen,035,31185,10254,1062,11316,65
2023-02-14,Los Angeles,037,10098052,3482036,216785,3698821,35506
2023-02-14,Madera,039,155013,46178,8863,55041,377
2023-02-14,Marin,041,260295,40383,5619,46002,260
2023-02-14,Mariposa,043,17540,3350,359,3709,31
2023-02-14,Mendocino,045,87422,16842,4824,21666,144
2023-02-14,Merced,047,269075,77191,12915,90106,903
2023-02-14,Modoc,049,8938,954,369,1323,11
2023-02-14,Mono,051,14174,3319,302,3621,8
2023-02-14,Monterey,053,433212,97893,23666,121559,803
2023-02-14,Napa,055,140530,34466,1515,35981,164
2023-02-14,Nevada,057,99092,20115,2310,22425,137
2023-02-14,Orange,059,3164182,711383,77497,788880,7995
2023-02-14,Placer,061,380077,80768,10317,91085,682
2023-02-14,Plumas,063,18699,3817,459,4276,15
2023-02-14,Riverside,065,2383286,733468,41135,774603,6832
2023-02-14,Sacramento,067,1510023,369817,38025,407842,3537
2023-02-14,San Benito,069,59416,17604,1130,18734,112
2023-02-14,San Bernardino,071,2135413,708869,34429,743298,8139
2023-02-14,San Diego,073,3302833,982008,80384,1062392,5805
2023-02-14,San Francisco,075,870044,194988,13254,208242,1176
2023-02-14,San Joaquin,077,732212,209174,16846,226020,2429
2023-02-14,San Luis Obispo,079,281455,66312,8097,74409,563
2023-02-14,San Mateo,081,765935,182563,11085,193648,747
2023-02-14,Santa Barbara,083,443738,111821,7692,119513,760
2023-02-14,Santa Clara,085,1922200,473698,21102,494800,2735
2023-02-14,Santa Cruz,087,273765,68149,3904,72053,276
2023-02-14,Shasta,089,179085,36469,8295,44764,612
2023-02-14,Sierra,091,2930,311,61,372,5
2023-02-14,Siskiyou,093,43540,5441,3439,8880,95
2023-02-14,Solano,095,438530,113316,8592,121908,475
2023-02-14,Sonoma,097,501317,113178,5763,118941,558
2023-02-14,Stanislaus,099,539301,144639,22992,167631,1842
2023-02-14,Sutter,101,95872,25653,2538,28191,240
2023-02-14,Tehama,103,63373,14430,3402,17832,235
2023-02-14,Trinity,105,12862,1473,505,1978,24
2023-02-14,Tulare,107,460477,128097,40338,168435,1588
2023-02-14,Tuolumne,109,53932,16841,987,17828,211
2023-02-14,Ventura,111,848112,220418,18048,238466,1676
2023-02-14,Yolo,113,214977,49903,4873,54776,445
2023-02-14,Yuba,115,75493,19967,1868,21835,134
2023-02-13,Alameda,001,1643700,377528,22168,399696,2117
2023-02-13,Alpine,002,1148,139,4,143,0
2023-02-13,Amador,005,37829,10525,965,11490,98
2023-02-13,Butte,007,227075,41609,10211,51820,490
2023-02-13,Calaveras,009,45235,8963,639,9602,140
2023-02-13,Colusa,011,21464,3960,1344,5304,22
2023-02-13,Contra Costa,013,1133247,271469,22287,293756,1560
2023-02-13,Del Norte,015,27424,7913,466,8379,59
2023-02-13,El Dorado,017,186661,34457,4534,38991,245
2023-02-13,Fresno,019,978130,293821,34797,328618,3000
2023-02-13,Glenn,021,27897,5780,2007,7787,56
2023-02-13,Humboldt,023,135768,23347,5905,29252,170
2023-02-13,Imperial,025,180216,69799,18833,88632,980
2023-02-13,Inyo,027,18085,4756,1302,6058,63
2023-02-13,Kern,029,883053,229605,72552,302157,2484
2023-02-13,Kings,031,150075,62717,4466,67183,483
2023-02-13,Lake,033,64148,13607,1278,14885,162
2023-02-13,Lassen,035,31185,10254,1062,11316,65
2023-02-13,Los Angeles,037,10098052,3481098,216576,3697674,35491
2023-02-13,Madera,039,155013,46166,8856,55022,377
2023-02-13,Marin,041,260295,40367,5612,45979,260
2023-02-13,Mariposa,043,17540,3348,359,3707,31
2023-02-13,Mendocino,045,87422,16838,4820,21658,144
2023-02-13,Merced,047,269075,77164,12914,90078,903
2023-02-13,Modoc,049,8938,954,369,1323,11
2023-02-13,Mono,051,14174,3319,302,3621,8
2023-02-13,Monterey,053,433212,97871,23623,121494,803
2023-02-13,Napa,055,140530,34443,1515,35958,164
2023-02-13,Nevada,057,99092,20111,2308,22419,137
2023-02-13,Orange,059,3164182,711152,77421,788573,7992
2023-02-13,Placer,061,380077,80740,10315,91055,682
2023-02-13,Plumas,063,18699,3817,459,4276,15
2023-02-13,Riverside,065,2383286,733304,41094,774398,6832
2023-02-13,Sacramento,067,1510023,369692,37995,407687,3536
2023-02-13,San Benito,069,59416,17596,1125,18721,112
2023-02-13,San Bernardino,071,2135413,708736,34414,743150,8139
2023-02-13,San Diego,073,3302833,981694,80342,1062036,5805
2023-02-13,San Francisco,075,870044,194895,13248,208143,1176
2023-02-13,San Joaquin,077,732212,209104,16834,225938,2429
2023-02-13,San Luis Obispo,079,281455,66289,8097,74386,563
2023-02-13,San Mateo,081,765935,182487,11079,193566,747
2023-02-13,Santa Barbara,083,443738,111782,7687,119469,760
2023-02-13,Santa Clara,085,1922200,473490,21085,494575,2734
2023-02-13,Santa Cruz,087,273765,68127,3898,72025,276
2023-02-13,Shasta,089,179085,36464,8290,44754,612
2023-02-13,Sierra,091,2930,311,61,372,5
2023-02-13,Siskiyou,093,43540,5438,3439,8877,95
2023-02-13,Solano,095,438530,113268,8587,121855,475
2023-02-13,Sonoma,097,501317,113144,5752,118896,558
2023-02-13,Stanislaus,099,539301,144591,22972,167563,1842
2023-02-13,Sutter,101,95872,25646,2537,28183,240
2023-02-13,Tehama,103,63373,14429,3402,17831,235
2023-02-13,Trinity,105,12862,1473,504,1977,24
2023-02-13,Tulare,107,460477,128069,40316,168385,1588
2023-02-13,Tuolumne,109,53932,16836,984,17820,211
2023-02-13,Ventura,111,848112,220368,18042,238410,1676
2023-02-13,Yolo,113,214977,49888,4870,54758,444
2023-02-13,Yuba,115,75493,19964,1868,21832,134
2023-02-12,Alameda,001,1643700,377336,22150,399486,2117
2023-02-12,Alpine,002,1148,139,4,143,0
2023-02-12,Amador,005,37829,10523,964,11487,98
2023-02-12,Butte,007,227075,41598,10203,51801,490
2023-02-12,Calaveras,009,45235,8962,638,9600,140
2023-02-12,Colusa,011,21464,3960,1344,5304,22
2023-02-12,Contra Costa,013,1133247,271355,22276,293631,1560
2023-02-12,Del Norte,015,27424,7910,466,8376,59
2023-02-12,El Dorado,017,186661,34443,4534,38977,245
2023-02-12,Fresno,019,978130,293733,34790,328523,3000
2023-02-12,Glenn,021,27897,5779,2007,7786,56
2023-02-12,Humboldt,023,135768,23340,5904,29244,170
2023-02-12,Imperial,025,180216,69772,18815,88587,979
2023-02-12,Inyo,027,18085,4756,1298,6054,63
2023-02-12,Kern,029,883053,229540,72503,302043,2484
2023-02-12,Kings,031,150075,62705,4465,67170,482
2023-02-12,Lake,033,64148,13602,1278,14880,162
2023-02-12,Lassen,035,31185,10254,1062,11316,65
2023-02-12,Los Angeles,037,10098052,3480053,216353,3696406,35479
2023-02-12,Madera,039,155013,46160,8843,55003,377
2023-02-12,Marin,041,260295,40347,5610,45957,260
2023-02-12,Mariposa,043,17540,3348,359,3707,31
2023-02-12,Mendocino,045,87422,16833,4819,21652,144
2023-02-12,Merced,047,269075,77130,12907,90037,903
2023-02-12,Modoc,049,8938,954,369,1323,11
2023-02-12,Mono,051,14174,3319,301,3620,8
2023-02-12,Monterey,053,433212,97829,23598,121427,803
2023-02-12,Napa,055,140530,34429,1515,35944,163
2023-02-12,Nevada,057,99092,20108,2303,22411,137
2023-02-12,Orange,059,3164182,710923,77321,788244,7991
2023-02-12,Placer,061,380077,80717,10313,91030,682
2023-02-12,Plumas,063,18699,3816,459,4275,15
2023-02-12,Riverside,065,2383286,733092,41065,774157,6830
2023-02-12,Sacramento,067,1510023,369560,37974,407534,3536
2023-02-12,San Benito,069,59416,17593,1125,18718,112
2023-02-12,San Bernardino,071,2135413,708533,34396,742929,8139
2023-02-12,San Diego,073,3302833,981293,80281,1061574,5804
2023-02-12,San Francisco,075,870044,194781,13232,208013,1176
2023-02-12,San Joaquin,077,732212,209016,16821,225837,2429
2023-02-12,San Luis Obispo,079,281455,66260,8097,74357,563
2023-02-12,San Mateo,081,765935,182378,11071,193449,747
2023-02-12,Santa Barbara,083,443738,111753,7682,119435,760
2023-02-12,Santa Clara,085,1922200,473248,21073,494321,2733
2023-02-12,Santa Cruz,087,273765,68104,3895,71999,276
2023-02-12,Shasta,089,179085,36459,8287,44746,612
2023-02-12,Sierra,091,2930,311,61,372,5
2023-02-12,Siskiyou,093,43540,5438,3437,8875,95
2023-02-12,Solano,095,438530,113226,8580,121806,475
2023-02-12,Sonoma,097,501317,113087,5749,118836,558
2023-02-12,Stanislaus,099,539301,144549,22952,167501,1842
2023-02-12,Sutter,101,95872,25637,2537,28174,240
2023-02-12,Tehama,103,63373,14427,3401,17828,234
2023-02-12,Trinity,105,12862,1473,504,1977,24
2023-02-12,Tulare,107,460477,128031,40296,168327,1588
2023-02-12,Tuolumne,109,53932,16831,984,17815,211
2023-02-12,Ventura,111,848112,220326,18032,238358,1676
2023-02-12,Yolo,113,214977,49878,4866,54744,444
2023-02-12,Yuba,115,75493,19957,1866,21823,134
2023-02-11,Alameda,001,1643700,377219,22142,399361,2115
2023-02-11,Alpine,002,1148,139,4,143,0
2023-02-11,Amador,005,37829,10521,964,11485,98
2023-02-11,Butte,007,227075,41593,10195,51788,490
2023-02-11,Calaveras,009,45235,8959,638,9597,140
2023-02-11,Colusa,011,21464,3960,1344,5304,22
2023-02-11,Contra Costa,013,1133247,271279,22273,293552,1560
2023-02-11,Del Norte,015,27424,7910,466,8376,59
2023-02-11,El Dorado,017,186661,34437,4533,38970,245
2023-02-11,Fresno,019,978130,293692,34783,328475,3000
2023-02-11,Glenn,021,27897,5777,2007,7784,56
2023-02-11,Humboldt,023,135768,23334,5903,29237,170
2023-02-11,Imperial,025,180216,69765,18814,88579,979
2023-02-11,Inyo,027,18085,4756,1297,6053,63
2023-02-11,Kern,029,883053,229512,72471,301983,2483
2023-02-11,Kings,031,150075,62703,4464,67167,482
2023-02-11,Lake,033,64148,13600,1278,14878,162
2023-02-11,Lassen,035,31185,10253,1062,11315,65
2023-02-11,Los Angeles,037,10098052,3479426,216237,3695663,35471
2023-02-11,Madera,039,155013,46159,8843,55002,377
2023-02-11,Marin,041,260295,40330,5608,45938,260
2023-02-11,Mariposa,043,17540,3348,359,3707,31
2023-02-11,Mendocino,045,87422,16832,4819,21651,144
2023-02-11,Merced,047,269075,77121,12900,90021,903
2023-02-11,Modoc,049,8938,954,369,1323,11
2023-02-11,Mono,051,14174,3319,301,3620,8
2023-02-11,Monterey,053,433212,97801,23581,121382,803
2023-02-11,Napa,055,140530,34424,1515,35939,163
2023-02-11,Nevada,057,99092,20103,2299,22402,137
2023-02-11,Orange,059,3164182,710788,77266,788054,7988
2023-02-11,Placer,061,380077,80693,10313,91006,682
2023-02-11,Plumas,063,18699,3816,459,4275,15
2023-02-11,Riverside,065,2383286,732989,41041,774030,6829
2023-02-11,Sacramento,067,1510023,369489,37966,407455,3536
2023-02-11,San Benito,069,59416,17588,1125,18713,112
2023-02-11,San Bernardino,071,2135413,708441,34383,742824,8139
2023-02-11,San Diego,073,3302833,981139,80267,1061406,5802
2023-02-11,San Francisco,075,870044,194712,13231,207943,1176
2023-02-11,San Joaquin,077,732212,208982,16815,225797,2429
2023-02-11,San Luis Obispo,079,281455,66248,8097,74345,563
2023-02-11,San Mateo,081,765935,182329,11067,193396,747
2023-02-11,Santa Barbara,083,443738,111728,7681,119409,760
2023-02-11,Santa Clara,085,1922200,473121,21065,494186,2732
2023-02-11,Santa Cruz,087,273765,68087,3895,71982,276
2023-02-11,Shasta,089,179085,36456,8285,44741,612
2023-02-11,Sierra,091,2930,311,61,372,5
2023-02-11,Siskiyou,093,43540,5436,3437,8873,95
2023-02-11,Solano,095,438530,113212,8579,121791,475
2023-02-11,Sonoma,097,501317,113061,5746,118807,558
2023-02-11,Stanislaus,099,539301,144516,22951,167467,1842
2023-02-11,Sutter,101,95872,25629,2537,28166,240
2023-02-11,Tehama,103,63373,14426,3401,17827,234
2023-02-11,Trinity,105,12862,1472,504,1976,24
2023-02-11,Tulare,107,460477,128008,40286,168294,1588
2023-02-11,Tuolumne,109,53932,16823,984,17807,211
2023-02-11,Ventura,111,848112,220303,18030,238333,1676
2023-02-11,Yolo,113,214977,49870,4864,54734,444
2023-02-11,Yuba,115,75493,19956,1865,21821,134
2023-02-10,Alameda,001,1643700,377136,22127,399263,2115
2023-02-10,Alpine,002,1148,139,4,143,0
2023-02-10,Amador,005,37829,10520,964,11484,98
2023-02-10,Butte,007,227075,41587,10194,51781,490
2023-02-10,Calaveras,009,45235,8957,638,9595,140
2023-02-10,Colusa,011,21464,3957,1344,5301,22
2023-02-10,Contra Costa,013,1133247,271210,22266,293476,1559
2023-02-10,Del Norte,015,27424,7907,466,8373,59
2023-02-10,El Dorado,017,186661,34432,4533,38965,245
2023-02-10,Fresno,019,978130,293642,34779,328421,2999
2023-02-10,Glenn,021,27897,5774,2005,7779,56
2023-02-10,Humboldt,023,135768,23333,5902,29235,170
2023-02-10,Imperial,025,180216,69750,18814,88564,979
2023-02-10,Inyo,027,18085,4756,1297,6053,63
2023-02-10,Kern,029,883053,229477,72439,301916,2483
2023-02-10,Kings,031,150075,62699,4463,67162,482
2023-02-10,Lake,033,64148,13598,1278,14876,162
2023-02-10,Lassen,035,31185,10252,1062,11314,65
2023-02-10,Los Angeles,037,10098052,3478799,216096,3694895,35464
2023-02-10,Madera,039,155013,46154,8842,54996,377
2023-02-10,Marin,041,260295,40311,5607,45918,260
2023-02-10,Mariposa,043,17540,3348,359,3707,31
2023-02-10,Mendocino,045,87422,16830,4819,21649,144
2023-02-10,Merced,047,269075,77095,12897,89992,903
2023-02-10,Modoc,049,8938,954,369,1323,11
2023-02-10,Mono,051,14174,3319,301,3620,8
2023-02-10,Monterey,053,433212,97781,23562,121343,802
2023-02-10,Napa,055,140530,34417,1515,35932,163
2023-02-10,Nevada,057,99092,20097,2298,22395,137
2023-02-10,Orange,059,3164182,710646,77211,787857,7986
2023-02-10,Placer,061,380077,80683,10312,90995,682
2023-02-10,Plumas,063,18699,3815,459,4274,15
2023-02-10,Riverside,065,2383286,732867,41019,773886,6828
2023-02-10,Sacramento,067,1510023,369397,37962,407359,3535
2023-02-10,San Benito,069,59416,17585,1125,18710,112
2023-02-10,San Bernardino,071,2135413,708319,34376,742695,8139
2023-02-10,San Diego,073,3302833,980959,80252,1061211,5801
2023-02-10,San Francisco,075,870044,194654,13222,207876,1175
2023-02-10,San Joaquin,077,732212,208933,16799,225732,2428
2023-02-10,San Luis Obispo,079,281455,66235,8095,74330,563
2023-02-10,San Mateo,081,765935,182263,11062,193325,747
2023-02-10,Santa Barbara,083,443738,111705,7680,119385,760
2023-02-10,Santa Clara,085,1922200,472996,21058,494054,2730
2023-02-10,Santa Cruz,087,273765,68054,3895,71949,276
2023-02-10,Shasta,089,179085,36452,8285,44737,612
2023-02-10,Sierra,091,2930,311,61,372,5
2023-02-10,Siskiyou,093,43540,5434,3437,8871,95
2023-02-10,Solano,095,438530,113190,8579,121769,475
2023-02-10,Sonoma,097,501317,113047,5745,118792,558
2023-02-10,Stanislaus,099,539301,144499,22946,167445,1842
2023-02-10,Sutter,101,95872,25621,2537,28158,240
2023-02-10,Tehama,103,63373,14424,3400,17824,234
2023-02-10,Trinity,105,12862,1472,504,1976,24
2023-02-10,Tulare,107,460477,127981,40277,168258,1588
2023-02-10,Tuolumne,109,53932,16820,983,17803,211
2023-02-10,Ventura,111,848112,220271,18025,238296,1676
2023-02-10,Yolo,113,214977,49865,4858,54723,444
2023-02-10,Yuba,115,75493,19954,1864,21818,134
2023-02-09,Alameda,001,1643700,376962,22115,399077,2115
2023-02-09,Alpine,002,1148,139,4,143,0
2023-02-09,Amador,005,37829,10515,964,11479,98
2023-02-09,Butte,007,227075,41575,10185,51760,489
2023-02-09,Calaveras,009,45235,8956,638,9594,140
2023-02-09,Colusa,011,21464,3957,1344,5301,22
2023-02-09,Contra Costa,013,1133247,271109,22259,293368,1559
2023-02-09,Del Norte,015,27424,7904,466,8370,59
2023-02-09,El Dorado,017,186661,34427,4532,38959,245
2023-02-09,Fresno,019,978130,293585,34766,328351,2998
2023-02-09,Glenn,021,27897,5772,2003,7775,56
2023-02-09,Humboldt,023,135768,23327,5899,29226,170
2023-02-09,Imperial,025,180216,69734,18807,88541,979
2023-02-09,Inyo,027,18085,4755,1295,6050,63
2023-02-09,Kern,029,883053,229420,72389,301809,2483
2023-02-09,Kings,031,150075,62678,4462,67140,482
2023-02-09,Lake,033,64148,13596,1278,14874,162
2023-02-09,Lassen,035,31185,10251,1062,11313,65
2023-02-09,Los Angeles,037,10098052,3477981,215893,3693874,35451
2023-02-09,Madera,039,155013,46138,8833,54971,377
2023-02-09,Marin,041,260295,40290,5607,45897,260
2023-02-09,Mariposa,043,17540,3348,359,3707,31
2023-02-09,Mendocino,045,87422,16825,4819,21644,144
2023-02-09,Merced,047,269075,77077,12894,89971,903
2023-02-09,Modoc,049,8938,954,369,1323,11
2023-02-09,Mono,051,14174,3318,301,3619,8
2023-02-09,Monterey,053,433212,97747,23522,121269,802
2023-02-09,Napa,055,140530,34399,1514,35913,163
2023-02-09,Nevada,057,99092,20090,2296,22386,137
2023-02-09,Orange,059,3164182,710438,77144,787582,7984
2023-02-09,Placer,061,380077,80666,10310,90976,682
2023-02-09,Plumas,063,18699,3814,459,4273,15
2023-02-09,Riverside,065,2383286,732718,40990,773708,6827
2023-02-09,Sacramento,067,1510023,369268,37938,407206,3534
2023-02-09,San Benito,069,59416,17574,1125,18699,112
2023-02-09,San Bernardino,071,2135413,708186,34356,742542,8139
2023-02-09,San Diego,073,3302833,980686,80206,1060892,5801
2023-02-09,San Francisco,075,870044,194556,13209,207765,1175
2023-02-09,San Joaquin,077,732212,208868,16786,225654,2428
2023-02-09,San Luis Obispo,079,281455,66220,8092,74312,563
2023-02-09,San Mateo,081,765935,182186,11056,193242,747
2023-02-09,Santa Barbara,083,443738,111679,7671,119350,760
2023-02-09,Santa Clara,085,1922200,472771,21042,493813,2726
2023-02-09,Santa Cruz,087,273765,67993,3890,71883,276
2023-02-09,Shasta,089,179085,36449,8281,44730,612
2023-02-09,Sierra,091,2930,311,61,372,5
2023-02-09,Siskiyou,093,43540,5433,3437,8870,95
2023-02-09,Solano,095,438530,113152,8577,121729,475
2023-02-09,Sonoma,097,501317,113022,5743,118765,557
2023-02-09,Stanislaus,099,539301,144459,22932,167391,1842
2023-02-09,Sutter,101,95872,25617,2537,28154,240
2023-02-09,Tehama,103,63373,14421,3400,17821,233
2023-02-09,Trinity,105,12862,1472,504,1976,24
2023-02-09,Tulare,107,460477,127936,40250,168186,1588
2023-02-09,Tuolumne,109,53932,16816,983,17799,211
2023-02-09,Ventura,111,848112,220229,18015,238244,1676
2023-02-09,Yolo,113,214977,49850,4849,54699,444
2023-02-09,Yuba,115,75493,19950,1863,21813,134
2023-02-08,Alameda,001,1643700,376789,22103,398892,2115
2023-02-08,Alpine,002,1148,139,4,143,0
2023-02-08,Amador,005,37829,10510,964,11474,98
2023-02-08,Butte,007,227075,41562,10174,51736,489
2023-02-08,Calaveras,009,45235,8954,638,9592,140
2023-02-08,Colusa,011,21464,3956,1344,5300,22
2023-02-08,Contra Costa,013,1133247,271000,22251,293251,1559
2023-02-08,Del Norte,015,27424,7901,466,8367,59
2023-02-08,El Dorado,017,186661,34418,4531,38949,245
2023-02-08,Fresno,019,978130,293506,34742,328248,2998
2023-02-08,Glenn,021,27897,5771,2002,7773,56
2023-02-08,Humboldt,023,135768,23320,5896,29216,170
2023-02-08,Imperial,025,180216,69716,18805,88521,979
2023-02-08,Inyo,027,18085,4755,1293,6048,63
2023-02-08,Kern,029,883053,229379,72336,301715,2483
2023-02-08,Kings,031,150075,62658,4459,67117,482
2023-02-08,Lake,033,64148,13596,1277,14873,162
2023-02-08,Lassen,035,31185,10250,1062,11312,65
2023-02-08,Los Angeles,037,10098052,3477127,215686,3692813,35439
2023-02-08,Madera,039,155013,46130,8832,54962,377
2023-02-08,Marin,041,260295,40265,5605,45870,260
2023-02-08,Mariposa,043,17540,3346,359,3705,31
2023-02-08,Mendocino,045,87422,16823,4819,21642,144
2023-02-08,Merced,047,269075,77052,12886,89938,903
2023-02-08,Modoc,049,8938,954,369,1323,11
2023-02-08,Mono,051,14174,3318,300,3618,8
2023-02-08,Monterey,053,433212,97716,23485,121201,802
2023-02-08,Napa,055,140530,34380,1514,35894,163
2023-02-08,Nevada,057,99092,20084,2294,22378,137
2023-02-08,Orange,059,3164182,710241,77075,787316,7982
2023-02-08,Placer,061,380077,80630,10308,90938,682
2023-02-08,Plumas,063,18699,3814,459,4273,15
2023-02-08,Riverside,065,2383286,732552,40967,773519,6826
2023-02-08,Sacramento,067,1510023,369158,37915,407073,3532
2023-02-08,San Benito,069,59416,17570,1123,18693,112
2023-02-08,San Bernardino,071,2135413,708044,34340,742384,8139
2023-02-08,San Diego,073,3302833,980378,80154,1060532,5800
2023-02-08,San Francisco,075,870044,194464,13205,207669,1175
2023-02-08,San Joaquin,077,732212,208781,16778,225559,2428
2023-02-08,San Luis Obispo,079,281455,66197,8087,74284,563
2023-02-08,San Mateo,081,765935,182115,11050,193165,747
2023-02-08,Santa Barbara,083,443738,111652,7666,119318,759
2023-02-08,Santa Clara,085,1922200,472577,21029,493606,2724
2023-02-08,Santa Cruz,087,273765,67967,3886,71853,276
2023-02-08,Shasta,089,179085,36446,8277,44723,612
2023-02-08,Sierra,091,2930,311,61,372,5
2023-02-08,Siskiyou,093,43540,5433,3437,8870,95
2023-02-08,Solano,095,438530,113102,8573,121675,475
2023-02-08,Sonoma,097,501317,112988,5742,118730,557
2023-02-08,Stanislaus,099,539301,144414,22918,167332,1842
2023-02-08,Sutter,101,95872,25609,2536,28145,240
2023-02-08,Tehama,103,63373,14420,3399,17819,233
2023-02-08,Trinity,105,12862,1472,504,1976,24
2023-02-08,Tulare,107,460477,127894,40229,168123,1586
2023-02-08,Tuolumne,109,53932,16808,983,17791,211
2023-02-08,Ventura,111,848112,220167,18008,238175,1674
2023-02-08,Yolo,113,214977,49846,4842,54688,444
2023-02-08,Yuba,115,75493,19941,1862,21803,134
2023-02-07,Alameda,001,1643700,376615,22092,398707,2115
2023-02-07,Alpine,002,1148,139,4,143,0
2023-02-07,Amador,005,37829,10508,964,11472,98
2023-02-07,Butte,007,227075,41545,10165,51710,489
2023-02-07,Calaveras,009,45235,8953,638,9591,140
2023-02-07,Colusa,011,21464,3953,1344,5297,22
2023-02-07,Contra Costa,013,1133247,270878,22240,293118,1559
2023-02-07,Del Norte,015,27424,7897,466,8363,59
2023-02-07,El Dorado,017,186661,34406,4528,38934,245
2023-02-07,Fresno,019,978130,293431,34723,328154,2997
2023-02-07,Glenn,021,27897,5770,2000,7770,56
2023-02-07,Humboldt,023,135768,23315,5893,29208,170
2023-02-07,Imperial,025,180216,69686,18800,88486,979
2023-02-07,Inyo,027,18085,4754,1290,6044,63
2023-02-07,Kern,029,883053,229327,72266,301593,2483
2023-02-07,Kings,031,150075,62646,4456,67102,482
2023-02-07,Lake,033,64148,13592,1277,14869,162
2023-02-07,Lassen,035,31185,10249,1062,11311,65
2023-02-07,Los Angeles,037,10098052,3476138,215472,3691610,35423
2023-02-07,Madera,039,155013,46118,8823,54941,377
2023-02-07,Marin,041,260295,40246,5604,45850,260
2023-02-07,Mariposa,043,17540,3345,359,3704,31
2023-02-07,Mendocino,045,87422,16818,4819,21637,143
2023-02-07,Merced,047,269075,77025,12880,89905,903
2023-02-07,Modoc,049,8938,954,369,1323,11
2023-02-07,Mono,051,14174,3318,300,3618,8
2023-02-07,Monterey,053,433212,97689,23449,121138,801
2023-02-07,Napa,055,140530,34369,1514,35883,163
2023-02-07,Nevada,057,99092,20076,2292,22368,137
2023-02-07,Orange,059,3164182,709991,77009,787000,7980
2023-02-07,Placer,061,380077,80599,10306,90905,682
2023-02-07,Plumas,063,18699,3814,459,4273,15
2023-02-07,Riverside,065,2383286,732383,40930,773313,6825
2023-02-07,Sacramento,067,1510023,369006,37892,406898,3531
2023-02-07,San Benito,069,59416,17563,1122,18685,112
2023-02-07,San Bernardino,071,2135413,707871,34314,742185,8139
2023-02-07,San Diego,073,3302833,980069,80106,1060175,5800
2023-02-07,San Francisco,075,870044,194376,13205,207581,1174
2023-02-07,San Joaquin,077,732212,208717,16762,225479,2428
2023-02-07,San Luis Obispo,079,281455,66177,8085,74262,563
2023-02-07,San Mateo,081,765935,182053,11048,193101,747
2023-02-07,Santa Barbara,083,443738,111627,7659,119286,759
2023-02-07,Santa Clara,085,1922200,472330,21015,493345,2724
2023-02-07,Santa Cruz,087,273765,67939,3882,71821,276
2023-02-07,Shasta,089,179085,36436,8271,44707,612
2023-02-07,Sierra,091,2930,311,61,372,5
2023-02-07,Siskiyou,093,43540,5431,3437,8868,95
2023-02-07,Solano,095,438530,113061,8569,121630,475
2023-02-07,Sonoma,097,501317,112946,5735,118681,557
2023-02-07,Stanislaus,099,539301,144365,22905,167270,1842
2023-02-07,Sutter,101,95872,25605,2536,28141,239
2023-02-07,Tehama,103,63373,14416,3398,17814,233
2023-02-07,Trinity,105,12862,1472,504,1976,24
2023-02-07,Tulare,107,460477,127854,40205,168059,1585
2023-02-07,Tuolumne,109,53932,16803,983,17786,211
2023-02-07,Ventura,111,848112,220117,17996,238113,1674
2023-02-07,Yolo,113,214977,49833,4842,54675,444
2023-02-07,Yuba,115,75493,19940,1859,21799,134
2023-02-06,Alameda,001,1643700,376408,22067,398475,2115
2023-02-06,Alpine,002,1148,139,4,143,0
2023-02-06,Amador,005,37829,10506,964,11470,98
2023-02-06,Butte,007,227075,41522,10159,51681,489
2023-02-06,Calaveras,009,45235,8949,638,9587,140
2023-02-06,Colusa,011,21464,3952,1344,5296,22
2023-02-06,Contra Costa,013,1133247,270769,22229,292998,1558
2023-02-06,Del Norte,015,27424,7894,466,8360,59
2023-02-06,El Dorado,017,186661,34392,4527,38919,245
2023-02-06,Fresno,019,978130,293350,34704,328054,2996
2023-02-06,Glenn,021,27897,5769,1999,7768,56
2023-02-06,Humboldt,023,135768,23307,5885,29192,170
2023-02-06,Imperial,025,180216,69657,18784,88441,979
2023-02-06,Inyo,027,18085,4751,1290,6041,63
2023-02-06,Kern,029,883053,229278,72208,301486,2482
2023-02-06,Kings,031,150075,62629,4454,67083,482
2023-02-06,Lake,033,64148,13587,1276,14863,162
2023-02-06,Lassen,035,31185,10249,1062,11311,65
2023-02-06,Los Angeles,037,10098052,3475183,215278,3690461,35413
2023-02-06,Madera,039,155013,46106,8821,54927,377
2023-02-06,Marin,041,260295,40224,5604,45828,260
2023-02-06,Mariposa,043,17540,3345,359,3704,31
2023-02-06,Mendocino,045,87422,16810,4819,21629,142
2023-02-06,Merced,047,269075,76997,12868,89865,903
2023-02-06,Modoc,049,8938,954,369,1323,11
2023-02-06,Mono,051,14174,3318,300,3618,8
2023-02-06,Monterey,053,433212,97647,23407,121054,800
2023-02-06,Napa,055,140530,34351,1513,35864,163
2023-02-06,Nevada,057,99092,20074,2288,22362,137
2023-02-06,Orange,059,3164182,709756,76922,786678,7979
2023-02-06,Placer,061,380077,80579,10304,90883,682
2023-02-06,Plumas,063,18699,3814,459,4273,15
2023-02-06,Riverside,065,2383286,732213,40885,773098,6824
2023-02-06,Sacramento,067,1510023,368882,37858,406740,3531
2023-02-06,San Benito,069,59416,17553,1121,18674,112
2023-02-06,San Bernardino,071,2135413,707715,34292,742007,8139
2023-02-06,San Diego,073,3302833,979669,80043,1059712,5800
2023-02-06,San Francisco,075,870044,194302,13192,207494,1173
2023-02-06,San Joaquin,077,732212,208648,16757,225405,2428
2023-02-06,San Luis Obispo,079,281455,66156,8083,74239,562
2023-02-06,San Mateo,081,765935,181965,11042,193007,747
2023-02-06,Santa Barbara,083,443738,111594,7649,119243,759
2023-02-06,Santa Clara,085,1922200,472120,20995,493115,2724
2023-02-06,Santa Cruz,087,273765,67921,3881,71802,276
2023-02-06,Shasta,089,179085,36431,8267,44698,612
2023-02-06,Sierra,091,2930,311,61,372,5
2023-02-06,Siskiyou,093,43540,5427,3436,8863,95
2023-02-06,Solano,095,438530,113008,8561,121569,475
2023-02-06,Sonoma,097,501317,112912,5727,118639,557
2023-02-06,Stanislaus,099,539301,144323,22892,167215,1841
2023-02-06,Sutter,101,95872,25600,2536,28136,239
2023-02-06,Tehama,103,63373,14413,3394,17807,233
2023-02-06,Trinity,105,12862,1472,504,1976,24
2023-02-06,Tulare,107,460477,127821,40180,168001,1585
2023-02-06,Tuolumne,109,53932,16799,983,17782,211
2023-02-06,Ventura,111,848112,220052,17980,238032,1671
2023-02-06,Yolo,113,214977,49813,4839,54652,444
2023-02-06,Yuba,115,75493,19933,1859,21792,134
2023-02-05,Alameda,001,1643700,376178,22051,398229,2115
2023-02-05,Alpine,002,1148,139,4,143,0
2023-02-05,Amador,005,37829,10505,964,11469,98
2023-02-05,Butte,007,227075,41500,10151,51651,489
2023-02-05,Calaveras,009,45235,8947,638,9585,140
2023-02-05,Colusa,011,21464,3949,1343,5292,22
2023-02-05,Contra Costa,013,1133247,270626,22220,292846,1557
2023-02-05,Del Norte,015,27424,7873,464,8337,59
2023-02-05,El Dorado,017,186661,34381,4524,38905,245
2023-02-05,Fresno,019,978130,293240,34676,327916,2996
2023-02-05,Glenn,021,27897,5768,1999,7767,56
2023-02-05,Humboldt,023,135768,23299,5876,29175,169
2023-02-05,Imperial,025,180216,69634,18765,88399,979
2023-02-05,Inyo,027,18085,4749,1287,6036,63
2023-02-05,Kern,029,883053,229221,72132,301353,2482
2023-02-05,Kings,031,150075,62604,4453,67057,482
2023-02-05,Lake,033,64148,13578,1276,14854,162
2023-02-05,Lassen,035,31185,10247,1062,11309,65
2023-02-05,Los Angeles,037,10098052,3474047,215052,3689099,35400
2023-02-05,Madera,039,155013,46097,8815,54912,377
2023-02-05,Marin,041,260295,40197,5604,45801,260
2023-02-05,Mariposa,043,17540,3345,359,3704,31
2023-02-05,Mendocino,045,87422,16805,4816,21621,142
2023-02-05,Merced,047,269075,76968,12859,89827,903
2023-02-05,Modoc,049,8938,953,369,1322,11
2023-02-05,Mono,051,14174,3318,300,3618,8
2023-02-05,Monterey,053,433212,97612,23363,120975,799
2023-02-05,Napa,055,140530,34323,1512,35835,163
2023-02-05,Nevada,057,99092,20067,2284,22351,137
2023-02-05,Orange,059,3164182,709518,76843,786361,7973
2023-02-05,Placer,061,380077,80551,10303,90854,682
2023-02-05,Plumas,063,18699,3814,459,4273,15
2023-02-05,Riverside,065,2383286,732003,40852,772855,6823
2023-02-05,Sacramento,067,1510023,368720,37828,406548,3531
2023-02-05,San Benito,069,59416,17544,1120,18664,112
2023-02-05,San Bernardino,071,2135413,707508,34270,741778,8139
2023-02-05,San Diego,073,3302833,979281,79965,1059246,5798
2023-02-05,San Francisco,075,870044,194195,13180,207375,1172
2023-02-05,San Joaquin,077,732212,208545,16747,225292,2428
2023-02-05,San Luis Obispo,079,281455,66123,8077,74200,562
2023-02-05,San Mateo,081,765935,181867,11034,192901,747
2023-02-05,Santa Barbara,083,443738,111553,7644,119197,759
2023-02-05,Santa Clara,085,1922200,471867,20968,492835,2722
2023-02-05,Santa Cruz,087,273765,67877,3872,71749,276
2023-02-05,Shasta,089,179085,36430,8265,44695,612
2023-02-05,Sierra,091,2930,311,61,372,5
2023-02-05,Siskiyou,093,43540,5426,3435,8861,95
2023-02-05,Solano,095,438530,112932,8556,121488,475
2023-02-05,Sonoma,097,501317,112869,5724,118593,557
2023-02-05,Stanislaus,099,539301,144271,22860,167131,1841
2023-02-05,Sutter,101,95872,25586,2536,28122,239
2023-02-05,Tehama,103,63373,14409,3393,17802,233
2023-02-05,Trinity,105,12862,1472,504,1976,24
2023-02-05,Tulare,107,460477,127764,40148,167912,1585
2023-02-05,Tuolumne,109,53932,16794,983,17777,211
2023-02-05,Ventura,111,848112,219989,17965,237954,1671
2023-02-05,Yolo,113,214977,49792,4837,54629,443
2023-02-05,Yuba,115,75493,19925,1856,21781,134
2023-02-04,Alameda,001,1643700,376059,22043,398102,2115
2023-02-04,Alpine,002,1148,139,4,143,0
2023-02-04,Amador,005,37829,10498,964,11462,98
2023-02-04,Butte,007,227075,41491,10144,51635,489
2023-02-04,Calaveras,009,45235,8946,638,9584,140
2023-02-04,Colusa,011,21464,3949,1342,5291,22
2023-02-04,Contra Costa,013,1133247,270554,22219,292773,1557
2023-02-04,Del Norte,015,27424,7872,463,8335,59
2023-02-04,El Dorado,017,186661,34375,4524,38899,245
2023-02-04,Fresno,019,978130,293188,34673,327861,2995
2023-02-04,Glenn,021,27897,5766,1999,7765,56
2023-02-04,Humboldt,023,135768,23296,5876,29172,169
2023-02-04,Imperial,025,180216,69622,18765,88387,979
2023-02-04,Inyo,027,18085,4749,1287,6036,63
2023-02-04,Kern,029,883053,229189,72099,301288,2482
2023-02-04,Kings,031,150075,62596,4453,67049,482
2023-02-04,Lake,033,64148,13575,1276,14851,162
2023-02-04,Lassen,035,31185,10247,1062,11309,65
2023-02-04,Los Angeles,037,10098052,3473432,214930,3688362,35387
2023-02-04,Madera,039,155013,46091,8815,54906,377
2023-02-04,Marin,041,260295,40183,5602,45785,260
2023-02-04,Mariposa,043,17540,3345,359,3704,31
2023-02-04,Mendocino,045,87422,16805,4816,21621,142
2023-02-04,Merced,047,269075,76948,12859,89807,903
2023-02-04,Modoc,049,8938,953,369,1322,11
2023-02-04,Mono,051,14174,3318,300,3618,8
2023-02-04,Monterey,053,433212,97590,23340,120930,799
2023-02-04,Napa,055,140530,34313,1512,35825,163
2023-02-04,Nevada,057,99092,20064,2284,22348,137
2023-02-04,Orange,059,3164182,709398,76805,786203,7971
2023-02-04,Placer,061,380077,80533,10302,90835,682
2023-02-04,Plumas,063,18699,3813,458,4271,15
2023-02-04,Riverside,065,2383286,731882,40838,772720,6823
2023-02-04,Sacramento,067,1510023,368651,37825,406476,3528
2023-02-04,San Benito,069,59416,17537,1120,18657,112
2023-02-04,San Bernardino,071,2135413,707372,34258,741630,8139
2023-02-04,San Diego,073,3302833,979118,79937,1059055,5797
2023-02-04,San Francisco,075,870044,194136,13175,207311,1172
2023-02-04,San Joaquin,077,732212,208498,16735,225233,2428
2023-02-04,San Luis Obispo,079,281455,66118,8071,74189,562
2023-02-04,San Mateo,081,765935,181802,11031,192833,747
2023-02-04,Santa Barbara,083,443738,111528,7641,119169,759
2023-02-04,Santa Clara,085,1922200,471746,20958,492704,2720
2023-02-04,Santa Cruz,087,273765,67862,3871,71733,276
2023-02-04,Shasta,089,179085,36428,8262,44690,612
2023-02-04,Sierra,091,2930,311,61,372,5
2023-02-04,Siskiyou,093,43540,5424,3435,8859,95
2023-02-04,Solano,095,438530,112909,8551,121460,475
2023-02-04,Sonoma,097,501317,112841,5724,118565,556
2023-02-04,Stanislaus,099,539301,144242,22850,167092,1840
2023-02-04,Sutter,101,95872,25582,2536,28118,239
2023-02-04,Tehama,103,63373,14407,3392,17799,233
2023-02-04,Trinity,105,12862,1472,504,1976,24
2023-02-04,Tulare,107,460477,127742,40134,167876,1585
2023-02-04,Tuolumne,109,53932,16782,982,17764,211
2023-02-04,Ventura,111,848112,219950,17958,237908,1671
2023-02-04,Yolo,113,214977,49785,4833,54618,443
2023-02-04,Yuba,115,75493,19922,1855,21777,134
2023-02-03,Alameda,001,1643700,375956,22033,397989,2113
2023-02-03,Alpine,002,1148,139,4,143,0
2023-02-03,Amador,005,37829,10497,964,11461,98
2023-02-03,Butte,007,227075,41485,10139,51624,489
2023-02-03,Calaveras,009,45235,8945,638,9583,140
2023-02-03,Colusa,011,21464,3949,1342,5291,22
2023-02-03,Contra Costa,013,1133247,270488,22216,292704,1557
2023-02-03,Del Norte,015,27424,7872,463,8335,59
2023-02-03,El Dorado,017,186661,34371,4523,38894,245
2023-02-03,Fresno,019,978130,293129,34671,327800,2994
2023-02-03,Glenn,021,27897,5766,1999,7765,56
2023-02-03,Humboldt,023,135768,23291,5875,29166,169
2023-02-03,Imperial,025,180216,69606,18760,88366,979
2023-02-03,Inyo,027,18085,4748,1285,6033,63
2023-02-03,Kern,029,883053,229158,72056,301214,2482
2023-02-03,Kings,031,150075,62587,4453,67040,482
2023-02-03,Lake,033,64148,13572,1276,14848,162
2023-02-03,Lassen,035,31185,10246,1062,11308,65
2023-02-03,Los Angeles,037,10098052,3472866,214794,3687660,35376
2023-02-03,Madera,039,155013,46083,8815,54898,377
2023-02-03,Marin,041,260295,40168,5601,45769,260
2023-02-03,Mariposa,043,17540,3345,359,3704,31
2023-02-03,Mendocino,045,87422,16799,4816,21615,142
2023-02-03,Merced,047,269075,76930,12859,89789,903
2023-02-03,Modoc,049,8938,953,369,1322,11
2023-02-03,Mono,051,14174,3318,300,3618,8
2023-02-03,Monterey,053,433212,97559,23322,120881,799
2023-02-03,Napa,055,140530,34300,1512,35812,163
2023-02-03,Nevada,057,99092,20061,2283,22344,137
2023-02-03,Orange,059,3164182,709238,76771,786009,7968
2023-02-03,Placer,061,380077,80510,10299,90809,682
2023-02-03,Plumas,063,18699,3813,458,4271,15
2023-02-03,Riverside,065,2383286,731757,40826,772583,6823
2023-02-03,Sacramento,067,1510023,368574,37818,406392,3528
2023-02-03,San Benito,069,59416,17530,1120,18650,112
2023-02-03,San Bernardino,071,2135413,707257,34239,741496,8139
2023-02-03,San Diego,073,3302833,978937,79912,1058849,5795
2023-02-03,San Francisco,075,870044,194095,13167,207262,1171
2023-02-03,San Joaquin,077,732212,208454,16730,225184,2428
2023-02-03,San Luis Obispo,079,281455,66110,8071,74181,562
2023-02-03,San Mateo,081,765935,181739,11028,192767,747
2023-02-03,Santa Barbara,083,443738,111506,7641,119147,759
2023-02-03,Santa Clara,085,1922200,471619,20953,492572,2718
2023-02-03,Santa Cruz,087,273765,67828,3866,71694,276
2023-02-03,Shasta,089,179085,36425,8261,44686,612
2023-02-03,Sierra,091,2930,311,61,372,5
2023-02-03,Siskiyou,093,43540,5423,3435,8858,95
2023-02-03,Solano,095,438530,112892,8551,121443,475
2023-02-03,Sonoma,097,501317,112812,5721,118533,556
2023-02-03,Stanislaus,099,539301,144201,22847,167048,1840
2023-02-03,Sutter,101,95872,25577,2535,28112,239
2023-02-03,Tehama,103,63373,14406,3391,17797,233
2023-02-03,Trinity,105,12862,1472,504,1976,24
2023-02-03,Tulare,107,460477,127716,40120,167836,1585
2023-02-03,Tuolumne,109,53932,16775,982,17757,211
2023-02-03,Ventura,111,848112,219917,17951,237868,1671
2023-02-03,Yolo,113,214977,49776,4832,54608,443
2023-02-03,Yuba,115,75493,19919,1855,21774,134
2023-02-02,Alameda,001,1643700,375777,22019,397796,2112
2023-02-02,Alpine,002,1148,139,4,143,0
2023-02-02,Amador,005,37829,10492,962,11454,98
2023-02-02,Butte,007,227075,41475,10131,51606,489
2023-02-02,Calaveras,009,45235,8945,638,9583,140
2023-02-02,Colusa,011,21464,3948,1342,5290,22
2023-02-02,Contra Costa,013,1133247,270382,22209,292591,1556
2023-02-02,Del Norte,015,27424,7865,462,8327,59
2023-02-02,El Dorado,017,186661,34358,4521,38879,245
2023-02-02,Fresno,019,978130,293065,34654,327719,2993
2023-02-02,Glenn,021,27897,5764,1999,7763,56
2023-02-02,Humboldt,023,135768,23276,5867,29143,169
2023-02-02,Imperial,025,180216,69590,18753,88343,978
2023-02-02,Inyo,027,18085,4747,1282,6029,63
2023-02-02,Kern,029,883053,229108,72002,301110,2482
2023-02-02,Kings,031,150075,62565,4450,67015,482
2023-02-02,Lake,033,64148,13569,1275,14844,162
2023-02-02,Lassen,035,31185,10243,1062,11305,65
2023-02-02,Los Angeles,037,10098052,3472076,214635,3686711,35365
2023-02-02,Madera,039,155013,46072,8814,54886,377
2023-02-02,Marin,041,260295,40144,5597,45741,260
2023-02-02,Mariposa,043,17540,3344,359,3703,31
2023-02-02,Mendocino,045,87422,16795,4813,21608,142
2023-02-02,Merced,047,269075,76909,12852,89761,903
2023-02-02,Modoc,049,8938,953,369,1322,11
2023-02-02,Mono,051,14174,3317,300,3617,8
2023-02-02,Monterey,053,433212,97519,23282,120801,799
2023-02-02,Napa,055,140530,34291,1512,35803,163
2023-02-02,Nevada,057,99092,20054,2282,22336,137
2023-02-02,Orange,059,3164182,709049,76712,785761,7963
2023-02-02,Placer,061,380077,80488,10298,90786,682
2023-02-02,Plumas,063,18699,3813,458,4271,15
2023-02-02,Riverside,065,2383286,731632,40802,772434,6823
2023-02-02,Sacramento,067,1510023,368467,37800,406267,3528
2023-02-02,San Benito,069,59416,17523,1117,18640,112
2023-02-02,San Bernardino,071,2135413,707114,34225,741339,8139
2023-02-02,San Diego,073,3302833,978695,79868,1058563,5793
2023-02-02,San Francisco,075,870044,194000,13149,207149,1170
2023-02-02,San Joaquin,077,732212,208394,16725,225119,2428
2023-02-02,San Luis Obispo,079,281455,66075,8065,74140,562
2023-02-02,San Mateo,081,765935,181679,11017,192696,747
2023-02-02,Santa Barbara,083,443738,111466,7630,119096,759
2023-02-02,Santa Clara,085,1922200,471431,20939,492370,2718
2023-02-02,Santa Cruz,087,273765,67802,3862,71664,276
2023-02-02,Shasta,089,179085,36423,8261,44684,612
2023-02-02,Sierra,091,2930,311,61,372,5
2023-02-02,Siskiyou,093,43540,5421,3434,8855,95
2023-02-02,Solano,095,438530,112849,8544,121393,475
2023-02-02,Sonoma,097,501317,112774,5718,118492,556
2023-02-02,Stanislaus,099,539301,144167,22828,166995,1840
2023-02-02,Sutter,101,95872,25566,2534,28100,239
2023-02-02,Tehama,103,63373,14404,3391,17795,233
2023-02-02,Trinity,105,12862,1472,504,1976,24
2023-02-02,Tulare,107,460477,127675,40106,167781,1585
2023-02-02,Tuolumne,109,53932,16772,982,17754,211
2023-02-02,Ventura,111,848112,219881,17942,237823,1671
2023-02-02,Yolo,113,214977,49766,4827,54593,443
2023-02-02,Yuba,115,75493,19918,1854,21772,134
2023-02-01,Alameda,001,1643700,375611,22013,397624,2111
2023-02-01,Alpine,002,1148,139,4,143,0
2023-02-01,Amador,005,37829,10489,962,11451,98
2023-02-01,Butte,007,227075,41467,10123,51590,489
2023-02-01,Calaveras,009,45235,8939,638,9577,140
2023-02-01,Colusa,011,21464,3948,1341,5289,22
2023-02-01,Contra Costa,013,1133247,270291,22199,292490,1556
2023-02-01,Del Norte,015,27424,7858,460,8318,59
2023-02-01,El Dorado,017,186661,34351,4520,38871,245
2023-02-01,Fresno,019,978130,292995,34634,327629,2993
2023-02-01,Glenn,021,27897,5762,1998,7760,56
2023-02-01,Humboldt,023,135768,23269,5860,29129,169
2023-02-01,Imperial,025,180216,69574,18739,88313,978
2023-02-01,Inyo,027,18085,4746,1278,6024,63
2023-02-01,Kern,029,883053,229045,71930,300975,2482
2023-02-01,Kings,031,150075,62549,4449,66998,482
2023-02-01,Lake,033,64148,13567,1274,14841,161
2023-02-01,Lassen,035,31185,10243,1061,11304,65
2023-02-01,Los Angeles,037,10098052,3471228,214454,3685682,35352
2023-02-01,Madera,039,155013,46067,8812,54879,376
2023-02-01,Marin,041,260295,40124,5593,45717,260
2023-02-01,Mariposa,043,17540,3344,359,3703,31
2023-02-01,Mendocino,045,87422,16790,4812,21602,142
2023-02-01,Merced,047,269075,76884,12844,89728,903
2023-02-01,Modoc,049,8938,953,369,1322,11
2023-02-01,Mono,051,14174,3317,300,3617,8
2023-02-01,Monterey,053,433212,97487,23231,120718,799
2023-02-01,Napa,055,140530,34277,1510,35787,163
2023-02-01,Nevada,057,99092,20050,2282,22332,137
2023-02-01,Orange,059,3164182,708843,76649,785492,7962
2023-02-01,Placer,061,380077,80471,10296,90767,682
2023-02-01,Plumas,063,18699,3813,458,4271,15
2023-02-01,Riverside,065,2383286,731447,40775,772222,6822
2023-02-01,Sacramento,067,1510023,368363,37779,406142,3527
2023-02-01,San Benito,069,59416,17515,1116,18631,112
2023-02-01,San Bernardino,071,2135413,706987,34203,741190,8139
2023-02-01,San Diego,073,3302833,978447,79807,1058254,5790
2023-02-01,San Francisco,075,870044,193916,13144,207060,1170
2023-02-01,San Joaquin,077,732212,208325,16719,225044,2428
2023-02-01,San Luis Obispo,079,281455,66053,8061,74114,562
2023-02-01,San Mateo,081,765935,181583,11008,192591,747
2023-02-01,Santa Barbara,083,443738,111430,7621,119051,759
2023-02-01,Santa Clara,085,1922200,471237,20928,492165,2718
2023-02-01,Santa Cruz,087,273765,67737,3860,71597,276
2023-02-01,Shasta,089,179085,36416,8259,44675,612
2023-02-01,Sierra,091,2930,311,61,372,5
2023-02-01,Siskiyou,093,43540,5420,3434,8854,95
2023-02-01,Solano,095,438530,112803,8539,121342,475
2023-02-01,Sonoma,097,501317,112723,5715,118438,556
2023-02-01,Stanislaus,099,539301,144130,22820,166950,1840
2023-02-01,Sutter,101,95872,25562,2534,28096,239
2023-02-01,Tehama,103,63373,14401,3390,17791,233
2023-02-01,Trinity,105,12862,1471,504,1975,24
2023-02-01,Tulare,107,460477,127633,40086,167719,1584
2023-02-01,Tuolumne,109,53932,16769,982,17751,211
2023-02-01,Ventura,111,848112,219830,17930,237760,1670
2023-02-01,Yolo,113,214977,49753,4825,54578,443
2023-02-01,Yuba,115,75493,19915,1850,21765,134
2023-01-31,Alameda,001,1643700,375455,22001,397456,2111
2023-01-31,Alpine,002,1148,139,4,143,0
2023-01-31,Amador,005,37829,10486,961,11447,98
2023-01-31,Butte,007,227075,41447,10117,51564,489
2023-01-31,Calaveras,009,45235,8938,638,9576,140
2023-01-31,Colusa,011,21464,3947,1341,5288,22
2023-01-31,Contra Costa,013,1133247,270162,22189,292351,1556
2023-01-31,Del Norte,015,27424,7846,457,8303,59
2023-01-31,El Dorado,017,186661,34343,4516,38859,245
2023-01-31,Fresno,019,978130,292912,34614,327526,2993
2023-01-31,Glenn,021,27897,5760,1997,7757,56
2023-01-31,Humboldt,023,135768,23259,5857,29116,169
2023-01-31,Imperial,025,180216,69548,18732,88280,978
2023-01-31,Inyo,027,18085,4744,1274,6018,63
2023-01-31,Kern,029,883053,229007,71852,300859,2482
2023-01-31,Kings,031,150075,62526,4446,66972,482
2023-01-31,Lake,033,64148,13564,1273,14837,161
2023-01-31,Lassen,035,31185,10243,1061,11304,65
2023-01-31,Los Angeles,037,10098052,3470330,214251,3684581,35339
2023-01-31,Madera,039,155013,46059,8809,54868,376
2023-01-31,Marin,041,260295,40105,5591,45696,260
2023-01-31,Mariposa,043,17540,3343,359,3702,31
2023-01-31,Mendocino,045,87422,16786,4812,21598,142
2023-01-31,Merced,047,269075,76856,12842,89698,903
2023-01-31,Modoc,049,8938,953,368,1321,11
2023-01-31,Mono,051,14174,3316,300,3616,8
2023-01-31,Monterey,053,433212,97448,23187,120635,799
2023-01-31,Napa,055,140530,34257,1510,35767,163
2023-01-31,Nevada,057,99092,20046,2279,22325,137
2023-01-31,Orange,059,3164182,708650,76573,785223,7959
2023-01-31,Placer,061,380077,80445,10293,90738,682
2023-01-31,Plumas,063,18699,3812,458,4270,15
2023-01-31,Riverside,065,2383286,731279,40738,772017,6819
2023-01-31,Sacramento,067,1510023,368264,37757,406021,3527
2023-01-31,San Benito,069,59416,17509,1116,18625,112
2023-01-31,San Bernardino,071,2135413,706789,34180,740969,8139
2023-01-31,San Diego,073,3302833,978138,79744,1057882,5790
2023-01-31,San Francisco,075,870044,193814,13141,206955,1170
2023-01-31,San Joaquin,077,732212,208263,16715,224978,2428
2023-01-31,San Luis Obispo,079,281455,66024,8059,74083,562
2023-01-31,San Mateo,081,765935,181516,11005,192521,747
2023-01-31,Santa Barbara,083,443738,111388,7611,118999,759
2023-01-31,Santa Clara,085,1922200,471030,20906,491936,2716
2023-01-31,Santa Cruz,087,273765,67706,3858,71564,276
2023-01-31,Shasta,089,179085,36413,8256,44669,612
2023-01-31,Sierra,091,2930,311,61,372,5
2023-01-31,Siskiyou,093,43540,5419,3433,8852,95
2023-01-31,Solano,095,438530,112762,8533,121295,475
2023-01-31,Sonoma,097,501317,112686,5712,118398,555
2023-01-31,Stanislaus,099,539301,144086,22810,166896,1840
2023-01-31,Sutter,101,95872,25553,2534,28087,239
2023-01-31,Tehama,103,63373,14400,3388,17788,233
2023-01-31,Trinity,105,12862,1471,503,1974,24
2023-01-31,Tulare,107,460477,127585,40060,167645,1583
2023-01-31,Tuolumne,109,53932,16758,982,17740,211
2023-01-31,Ventura,111,848112,219775,17927,237702,1670
2023-01-31,Yolo,113,214977,49742,4822,54564,443
2023-01-31,Yuba,115,75493,19912,1850,21762,134
2023-01-30,Alameda,001,1643700,375300,21976,397276,2111
2023-01-30,Alpine,002,1148,139,4,143,0
2023-01-30,Amador,005,37829,10477,961,11438,98
2023-01-30,Butte,007,227075,41438,10113,51551,489
2023-01-30,Calaveras,009,45235,8935,636,9571,140
2023-01-30,Colusa,011,21464,3946,1341,5287,22
2023-01-30,Contra Costa,013,1133247,270054,22184,292238,1556
2023-01-30,Del Norte,015,27424,7836,454,8290,59
2023-01-30,El Dorado,017,186661,34333,4512,38845,245
2023-01-30,Fresno,019,978130,292836,34588,327424,2992
2023-01-30,Glenn,021,27897,5759,1997,7756,56
2023-01-30,Humboldt,023,135768,23251,5855,29106,169
2023-01-30,Imperial,025,180216,69533,18718,88251,978
2023-01-30,Inyo,027,18085,4742,1272,6014,63
2023-01-30,Kern,029,883053,228953,71782,300735,2480
2023-01-30,Kings,031,150075,62502,4438,66940,482
2023-01-30,Lake,033,64148,13562,1272,14834,161
2023-01-30,Lassen,035,31185,10243,1061,11304,65
2023-01-30,Los Angeles,037,10098052,3469276,214045,3683321,35324
2023-01-30,Madera,039,155013,46051,8808,54859,376
2023-01-30,Marin,041,260295,40080,5589,45669,260
2023-01-30,Mariposa,043,17540,3343,359,3702,31
2023-01-30,Mendocino,045,87422,16779,4811,21590,142
2023-01-30,Merced,047,269075,76831,12836,89667,903
2023-01-30,Modoc,049,8938,952,368,1320,11
2023-01-30,Mono,051,14174,3314,300,3614,8
2023-01-30,Monterey,053,433212,97420,23155,120575,797
2023-01-30,Napa,055,140530,34241,1508,35749,163
2023-01-30,Nevada,057,99092,20042,2277,22319,137
2023-01-30,Orange,059,3164182,708441,76507,784948,7955
2023-01-30,Placer,061,380077,80415,10289,90704,682
2023-01-30,Plumas,063,18699,3812,458,4270,14
2023-01-30,Riverside,065,2383286,731085,40707,771792,6819
2023-01-30,Sacramento,067,1510023,368150,37742,405892,3526
2023-01-30,San Benito,069,59416,17503,1112,18615,112
2023-01-30,San Bernardino,071,2135413,706634,34152,740786,8139
2023-01-30,San Diego,073,3302833,977796,79669,1057465,5789
2023-01-30,San Francisco,075,870044,193729,13128,206857,1170
2023-01-30,San Joaquin,077,732212,208213,16709,224922,2427
2023-01-30,San Luis Obispo,079,281455,66006,8053,74059,561
2023-01-30,San Mateo,081,765935,181435,11001,192436,747
2023-01-30,Santa Barbara,083,443738,111355,7605,118960,758
2023-01-30,Santa Clara,085,1922200,470819,20901,491720,2714
2023-01-30,Santa Cruz,087,273765,67689,3854,71543,276
2023-01-30,Shasta,089,179085,36407,8252,44659,612
2023-01-30,Sierra,091,2930,311,61,372,5
2023-01-30,Siskiyou,093,43540,5416,3431,8847,95
2023-01-30,Solano,095,438530,112720,8527,121247,475
2023-01-30,Sonoma,097,501317,112647,5710,118357,554
2023-01-30,Stanislaus,099,539301,144046,22807,166853,1840
2023-01-30,Sutter,101,95872,25550,2534,28084,239
2023-01-30,Tehama,103,63373,14396,3388,17784,233
2023-01-30,Trinity,105,12862,1471,503,1974,24
2023-01-30,Tulare,107,460477,127549,40027,167576,1583
2023-01-30,Tuolumne,109,53932,16751,981,17732,211
2023-01-30,Ventura,111,848112,219726,17916,237642,1670
2023-01-30,Yolo,113,214977,49734,4816,54550,443
2023-01-30,Yuba,115,75493,19911,1849,21760,134
2023-01-29,Alameda,001,1643700,375148,21962,397110,2111
2023-01-29,Alpine,002,1148,139,4,143,0
2023-01-29,Amador,005,37829,10473,961,11434,98
2023-01-29,Butte,007,227075,41428,10106,51534,489
2023-01-29,Calaveras,009,45235,8932,636,9568,140
2023-01-29,Colusa,011,21464,3943,1340,5283,22
2023-01-29,Contra Costa,013,1133247,269929,22176,292105,1554
2023-01-29,Del Norte,015,27424,7826,454,8280,59
2023-01-29,El Dorado,017,186661,34323,4510,38833,245
2023-01-29,Fresno,019,978130,292761,34563,327324,2992
2023-01-29,Glenn,021,27897,5759,1997,7756,56
2023-01-29,Humboldt,023,135768,23246,5845,29091,169
2023-01-29,Imperial,025,180216,69511,18702,88213,977
2023-01-29,Inyo,027,18085,4739,1272,6011,63
2023-01-29,Kern,029,883053,228896,71723,300619,2480
2023-01-29,Kings,031,150075,62475,4425,66900,482
2023-01-29,Lake,033,64148,13557,1271,14828,160
2023-01-29,Lassen,035,31185,10243,1061,11304,65
2023-01-29,Los Angeles,037,10098052,3468138,213854,3681992,35312
2023-01-29,Madera,039,155013,46044,8806,54850,376
2023-01-29,Marin,041,260295,40061,5587,45648,260
2023-01-29,Mariposa,043,17540,3342,359,3701,31
2023-01-29,Mendocino,045,87422,16773,4802,21575,142
2023-01-29,Merced,047,269075,76804,12826,89630,903
2023-01-29,Modoc,049,8938,952,368,1320,11
2023-01-29,Mono,051,14174,3313,300,3613,8
2023-01-29,Monterey,053,433212,97395,23108,120503,796
2023-01-29,Napa,055,140530,34223,1508,35731,163
2023-01-29,Nevada,057,99092,20038,2275,22313,137
2023-01-29,Orange,059,3164182,708212,76427,784639,7953
2023-01-29,Placer,061,380077,80386,10284,90670,682
2023-01-29,Plumas,063,18699,3812,458,4270,14
2023-01-29,Riverside,065,2383286,730874,40665,771539,6819
2023-01-29,Sacramento,067,1510023,368036,37710,405746,3526
2023-01-29,San Benito,069,59416,17496,1112,18608,112
2023-01-29,San Bernardino,071,2135413,706460,34128,740588,8139
2023-01-29,San Diego,073,3302833,977447,79609,1057056,5787
2023-01-29,San Francisco,075,870044,193638,13120,206758,1170
2023-01-29,San Joaquin,077,732212,208149,16702,224851,2427
2023-01-29,San Luis Obispo,079,281455,65975,8052,74027,561
2023-01-29,San Mateo,081,765935,181358,10998,192356,747
2023-01-29,Santa Barbara,083,443738,111317,7597,118914,758
2023-01-29,Santa Clara,085,1922200,470613,20887,491500,2714
2023-01-29,Santa Cruz,087,273765,67659,3852,71511,276
2023-01-29,Shasta,089,179085,36405,8251,44656,612
2023-01-29,Sierra,091,2930,311,61,372,5
2023-01-29,Siskiyou,093,43540,5413,3427,8840,95
2023-01-29,Solano,095,438530,112672,8524,121196,475
2023-01-29,Sonoma,097,501317,112627,5705,118332,554
2023-01-29,Stanislaus,099,539301,144005,22793,166798,1840
2023-01-29,Sutter,101,95872,25540,2531,28071,239
2023-01-29,Tehama,103,63373,14395,3387,17782,233
2023-01-29,Trinity,105,12862,1464,503,1967,24
2023-01-29,Tulare,107,460477,127499,39985,167484,1582
2023-01-29,Tuolumne,109,53932,16748,981,17729,211
2023-01-29,Ventura,111,848112,219663,17904,237567,1669
2023-01-29,Yolo,113,214977,49715,4814,54529,443
2023-01-29,Yuba,115,75493,19907,1847,21754,134
2023-01-28,Alameda,001,1643700,375068,21951,397019,2111
2023-01-28,Alpine,002,1148,139,4,143,0
2023-01-28,Amador,005,37829,10472,961,11433,98
2023-01-28,Butte,007,227075,41421,10101,51522,489
2023-01-28,Calaveras,009,45235,8929,636,9565,140
2023-01-28,Colusa,011,21464,3943,1340,5283,22
2023-01-28,Contra Costa,013,1133247,269863,22173,292036,1554
2023-01-28,Del Norte,015,27424,7825,454,8279,59
2023-01-28,El Dorado,017,186661,34317,4510,38827,245
2023-01-28,Fresno,019,978130,292719,34556,327275,2991
2023-01-28,Glenn,021,27897,5758,1997,7755,56
2023-01-28,Humboldt,023,135768,23245,5843,29088,169
2023-01-28,Imperial,025,180216,69500,18700,88200,977
2023-01-28,Inyo,027,18085,4739,1271,6010,63
2023-01-28,Kern,029,883053,228870,71688,300558,2479
2023-01-28,Kings,031,150075,62462,4425,66887,482
2023-01-28,Lake,033,64148,13555,1270,14825,160
2023-01-28,Lassen,035,31185,10243,1061,11304,65
2023-01-28,Los Angeles,037,10098052,3467527,213756,3681283,35301
2023-01-28,Madera,039,155013,46037,8805,54842,376
2023-01-28,Marin,041,260295,40052,5586,45638,260
2023-01-28,Mariposa,043,17540,3342,359,3701,31
2023-01-28,Mendocino,045,87422,16771,4801,21572,142
2023-01-28,Merced,047,269075,76790,12826,89616,903
2023-01-28,Modoc,049,8938,952,368,1320,11
2023-01-28,Mono,051,14174,3313,300,3613,8
2023-01-28,Monterey,053,433212,97371,23092,120463,796
2023-01-28,Napa,055,140530,34220,1508,35728,163
2023-01-28,Nevada,057,99092,20036,2269,22305,137
2023-01-28,Orange,059,3164182,708109,76367,784476,7948
2023-01-28,Placer,061,380077,80362,10283,90645,682
2023-01-28,Plumas,063,18699,3812,458,4270,14
2023-01-28,Riverside,065,2383286,730754,40641,771395,6818
2023-01-28,Sacramento,067,1510023,367976,37701,405677,3525
2023-01-28,San Benito,069,59416,17493,1111,18604,112
2023-01-28,San Bernardino,071,2135413,706369,34119,740488,8139
2023-01-28,San Diego,073,3302833,977321,79589,1056910,5784
2023-01-28,San Francisco,075,870044,193586,13119,206705,1170
2023-01-28,San Joaquin,077,732212,208117,16699,224816,2427
2023-01-28,San Luis Obispo,079,281455,65964,8051,74015,559
2023-01-28,San Mateo,081,765935,181320,10992,192312,747
2023-01-28,Santa Barbara,083,443738,111292,7591,118883,758
2023-01-28,Santa Clara,085,1922200,470483,20883,491366,2714
2023-01-28,Santa Cruz,087,273765,67649,3851,71500,276
2023-01-28,Shasta,089,179085,36404,8250,44654,612
2023-01-28,Sierra,091,2930,311,61,372,5
2023-01-28,Siskiyou,093,43540,5412,3427,8839,95
2023-01-28,Solano,095,438530,112650,8522,121172,475
2023-01-28,Sonoma,097,501317,112607,5704,118311,554
2023-01-28,Stanislaus,099,539301,143980,22789,166769,1839
2023-01-28,Sutter,101,95872,25537,2531,28068,239
2023-01-28,Tehama,103,63373,14394,3387,17781,233
2023-01-28,Trinity,105,12862,1464,503,1967,24
2023-01-28,Tulare,107,460477,127477,39967,167444,1582
2023-01-28,Tuolumne,109,53932,16744,981,17725,211
2023-01-28,Ventura,111,848112,219623,17897,237520,1669
2023-01-28,Yolo,113,214977,49709,4811,54520,443
2023-01-28,Yuba,115,75493,19904,1847,21751,134
2023-01-27,Alameda,001,1643700,374979,21944,396923,2111
2023-01-27,Alpine,002,1148,139,4,143,0
2023-01-27,Amador,005,37829,10471,961,11432,98
2023-01-27,Butte,007,227075,41417,10099,51516,489
2023-01-27,Calaveras,009,45235,8927,636,9563,140
2023-01-27,Colusa,011,21464,3943,1340,5283,22
2023-01-27,Contra Costa,013,1133247,269797,22170,291967,1552
2023-01-27,Del Norte,015,27424,7824,453,8277,59
2023-01-27,El Dorado,017,186661,34307,4509,38816,245
2023-01-27,Fresno,019,978130,292679,34551,327230,2990
2023-01-27,Glenn,021,27897,5758,1997,7755,56
2023-01-27,Humboldt,023,135768,23239,5839,29078,169
2023-01-27,Imperial,025,180216,69495,18700,88195,977
2023-01-27,Inyo,027,18085,4739,1270,6009,63
2023-01-27,Kern,029,883053,228844,71666,300510,2479
2023-01-27,Kings,031,150075,62452,4425,66877,482
2023-01-27,Lake,033,64148,13554,1270,14824,160
2023-01-27,Lassen,035,31185,10243,1061,11304,65
2023-01-27,Los Angeles,037,10098052,3466949,213627,3680576,35287
2023-01-27,Madera,039,155013,46031,8804,54835,376
2023-01-27,Marin,041,260295,40036,5585,45621,260
2023-01-27,Mariposa,043,17540,3342,359,3701,31
2023-01-27,Mendocino,045,87422,16769,4801,21570,142
2023-01-27,Merced,047,269075,76770,12825,89595,903
2023-01-27,Modoc,049,8938,952,368,1320,11
2023-01-27,Mono,051,14174,3313,300,3613,8
2023-01-27,Monterey,053,433212,97342,23075,120417,796
2023-01-27,Napa,055,140530,34210,1508,35718,163
2023-01-27,Nevada,057,99092,20031,2265,22296,137
2023-01-27,Orange,059,3164182,707995,76329,784324,7946
2023-01-27,Placer,061,380077,80353,10281,90634,681
2023-01-27,Plumas,063,18699,3811,458,4269,14
2023-01-27,Riverside,065,2383286,730648,40622,771270,6818
2023-01-27,Sacramento,067,1510023,367903,37697,405600,3525
2023-01-27,San Benito,069,59416,17491,1111,18602,112
2023-01-27,San Bernardino,071,2135413,706265,34109,740374,8139
2023-01-27,San Diego,073,3302833,977143,79564,1056707,5782
2023-01-27,San Francisco,075,870044,193539,13111,206650,1170
2023-01-27,San Joaquin,077,732212,208091,16694,224785,2427
2023-01-27,San Luis Obispo,079,281455,65950,8046,73996,558
2023-01-27,San Mateo,081,765935,181288,10989,192277,747
2023-01-27,Santa Barbara,083,443738,111273,7590,118863,758
2023-01-27,Santa Clara,085,1922200,470350,20879,491229,2712
2023-01-27,Santa Cruz,087,273765,67617,3847,71464,276
2023-01-27,Shasta,089,179085,36403,8249,44652,612
2023-01-27,Sierra,091,2930,311,61,372,5
2023-01-27,Siskiyou,093,43540,5412,3427,8839,95
2023-01-27,Solano,095,438530,112622,8522,121144,475
2023-01-27,Sonoma,097,501317,112590,5701,118291,553
2023-01-27,Stanislaus,099,539301,143957,22788,166745,1839
2023-01-27,Sutter,101,95872,25531,2531,28062,238
2023-01-27,Tehama,103,63373,14393,3385,17778,233
2023-01-27,Trinity,105,12862,1464,503,1967,24
2023-01-27,Tulare,107,460477,127450,39948,167398,1581
2023-01-27,Tuolumne,109,53932,16736,981,17717,211
2023-01-27,Ventura,111,848112,219590,17895,237485,1669
2023-01-27,Yolo,113,214977,49700,4808,54508,443
2023-01-27,Yuba,115,75493,19898,1846,21744,134
2023-01-26,Alameda,001,1643700,374825,21933,396758,2111
2023-01-26,Alpine,002,1148,139,4,143,0
2023-01-26,Amador,005,37829,10470,961,11431,98
2023-01-26,Butte,007,227075,41409,10094,51503,489
2023-01-26,Calaveras,009,45235,8925,636,9561,140
2023-01-26,Colusa,011,21464,3942,1340,5282,22
2023-01-26,Contra Costa,013,1133247,269701,22162,291863,1552
2023-01-26,Del Norte,015,27424,7820,449,8269,58
2023-01-26,El Dorado,017,186661,34300,4509,38809,245
2023-01-26,Fresno,019,978130,292609,34529,327138,2990
2023-01-26,Glenn,021,27897,5758,1996,7754,56
2023-01-26,Humboldt,023,135768,23235,5833,29068,169
2023-01-26,Imperial,025,180216,69482,18694,88176,977
2023-01-26,Inyo,027,18085,4736,1269,6005,63
2023-01-26,Kern,029,883053,228804,71627,300431,2479
2023-01-26,Kings,031,150075,62430,4420,66850,482
2023-01-26,Lake,033,64148,13551,1270,14821,159
2023-01-26,Lassen,035,31185,10242,1061,11303,65
2023-01-26,Los Angeles,037,10098052,3466103,213453,3679556,35271
2023-01-26,Madera,039,155013,46027,8803,54830,376
2023-01-26,Marin,041,260295,40026,5584,45610,260
2023-01-26,Mariposa,043,17540,3342,359,3701,31
2023-01-26,Mendocino,045,87422,16765,4797,21562,142
2023-01-26,Merced,047,269075,76746,12822,89568,903
2023-01-26,Modoc,049,8938,952,368,1320,11
2023-01-26,Mono,051,14174,3313,300,3613,8
2023-01-26,Monterey,053,433212,97319,23045,120364,796
2023-01-26,Napa,055,140530,34199,1508,35707,163
2023-01-26,Nevada,057,99092,20030,2256,22286,137
2023-01-26,Orange,059,3164182,707836,76279,784115,7946
2023-01-26,Placer,061,380077,80323,10275,90598,681
2023-01-26,Plumas,063,18699,3811,458,4269,14
2023-01-26,Riverside,065,2383286,730513,40595,771108,6817
2023-01-26,Sacramento,067,1510023,367803,37676,405479,3523
2023-01-26,San Benito,069,59416,17490,1111,18601,112
2023-01-26,San Bernardino,071,2135413,706118,34082,740200,8139
2023-01-26,San Diego,073,3302833,976872,79525,1056397,5781
2023-01-26,San Francisco,075,870044,193461,13106,206567,1169
2023-01-26,San Joaquin,077,732212,208044,16691,224735,2426
2023-01-26,San Luis Obispo,079,281455,65931,8043,73974,557
2023-01-26,San Mateo,081,765935,181215,10985,192200,747
2023-01-26,Santa Barbara,083,443738,111241,7585,118826,758
2023-01-26,Santa Clara,085,1922200,470168,20871,491039,2711
2023-01-26,Santa Cruz,087,273765,67606,3841,71447,276
2023-01-26,Shasta,089,179085,36399,8247,44646,612
2023-01-26,Sierra,091,2930,311,61,372,5
2023-01-26,Siskiyou,093,43540,5412,3425,8837,95
2023-01-26,Solano,095,438530,112590,8518,121108,475
2023-01-26,Sonoma,097,501317,112548,5698,118246,553
2023-01-26,Stanislaus,099,539301,143923,22782,166705,1838
2023-01-26,Sutter,101,95872,25528,2531,28059,238
2023-01-26,Tehama,103,63373,14393,3384,17777,233
2023-01-26,Trinity,105,12862,1464,503,1967,24
2023-01-26,Tulare,107,460477,127417,39916,167333,1581
2023-01-26,Tuolumne,109,53932,16725,981,17706,211
2023-01-26,Ventura,111,848112,219550,17885,237435,1667
2023-01-26,Yolo,113,214977,49685,4806,54491,443
2023-01-26,Yuba,115,75493,19896,1843,21739,134
2023-01-25,Alameda,001,1643700,374690,21924,396614,2111
2023-01-25,Alpine,002,1148,139,4,143,0
2023-01-25,Amador,005,37829,10465,960,11425,98
2023-01-25,Butte,007,227075,41399,10088,51487,488
2023-01-25,Calaveras,009,45235,8925,636,9561,140
2023-01-25,Colusa,011,21464,3942,1340,5282,22
2023-01-25,Contra Costa,013,1133247,269594,22157,291751,1550
2023-01-25,Del Norte,015,27424,7815,449,8264,58
2023-01-25,El Dorado,017,186661,34292,4508,38800,245
2023-01-25,Fresno,019,978130,292540,34511,327051,2987
2023-01-25,Glenn,021,27897,5758,1996,7754,56
2023-01-25,Humboldt,023,135768,23231,5831,29062,169
2023-01-25,Imperial,025,180216,69467,18690,88157,977
2023-01-25,Inyo,027,18085,4735,1267,6002,63
2023-01-25,Kern,029,883053,228755,71582,300337,2479
2023-01-25,Kings,031,150075,62412,4409,66821,482
2023-01-25,Lake,033,64148,13548,1270,14818,159
2023-01-25,Lassen,035,31185,10242,1061,11303,65
2023-01-25,Los Angeles,037,10098052,3465328,213297,3678625,35254
2023-01-25,Madera,039,155013,46020,8802,54822,376
2023-01-25,Marin,041,260295,40009,5583,45592,260
2023-01-25,Mariposa,043,17540,3342,359,3701,31
2023-01-25,Mendocino,045,87422,16761,4794,21555,142
2023-01-25,Merced,047,269075,76732,12817,89549,903
2023-01-25,Modoc,049,8938,952,368,1320,11
2023-01-25,Mono,051,14174,3313,300,3613,8
2023-01-25,Monterey,053,433212,97303,23022,120325,796
2023-01-25,Napa,055,140530,34187,1508,35695,163
2023-01-25,Nevada,057,99092,20026,2256,22282,137
2023-01-25,Orange,059,3164182,707637,76205,783842,7943
2023-01-25,Placer,061,380077,80297,10273,90570,680
2023-01-25,Plumas,063,18699,3811,458,4269,14
2023-01-25,Riverside,065,2383286,730357,40566,770923,6817
2023-01-25,Sacramento,067,1510023,367715,37660,405375,3522
2023-01-25,San Benito,069,59416,17481,1111,18592,112
2023-01-25,San Bernardino,071,2135413,706008,34073,740081,8139
2023-01-25,San Diego,073,3302833,976579,79480,1056059,5779
2023-01-25,San Francisco,075,870044,193400,13103,206503,1169
2023-01-25,San Joaquin,077,732212,208001,16681,224682,2425
2023-01-25,San Luis Obispo,079,281455,65912,8039,73951,557
2023-01-25,San Mateo,081,765935,181137,10982,192119,747
2023-01-25,Santa Barbara,083,443738,111212,7575,118787,758
2023-01-25,Santa Clara,085,1922200,469997,20867,490864,2709
2023-01-25,Santa Cruz,087,273765,67591,3838,71429,276
2023-01-25,Shasta,089,179085,36398,8245,44643,612
2023-01-25,Sierra,091,2930,311,61,372,5
2023-01-25,Siskiyou,093,43540,5412,3425,8837,95
2023-01-25,Solano,095,438530,112557,8513,121070,475
2023-01-25,Sonoma,097,501317,112529,5695,118224,553
2023-01-25,Stanislaus,099,539301,143889,22775,166664,1838
2023-01-25,Sutter,101,95872,25524,2531,28055,238
2023-01-25,Tehama,103,63373,14393,3384,17777,232
2023-01-25,Trinity,105,12862,1464,503,1967,24
2023-01-25,Tulare,107,460477,127379,39892,167271,1580
2023-01-25,Tuolumne,109,53932,16720,981,17701,211
2023-01-25,Ventura,111,848112,219497,17879,237376,1665
2023-01-25,Yolo,113,214977,49675,4805,54480,442
2023-01-25,Yuba,115,75493,19893,1841,21734,134
2023-01-24,Alameda,001,1643700,374576,21920,396496,2111
2023-01-24,Alpine,002,1148,139,4,143,0
2023-01-24,Amador,005,37829,10458,960,11418,98
2023-01-24,Butte,007,227075,41392,10085,51477,487
2023-01-24,Calaveras,009,45235,8921,636,9557,139
2023-01-24,Colusa,011,21464,3940,1340,5280,22
2023-01-24,Contra Costa,013,1133247,269484,22139,291623,1549
2023-01-24,Del Norte,015,27424,7809,449,8258,58
2023-01-24,El Dorado,017,186661,34285,4508,38793,244
2023-01-24,Fresno,019,978130,292467,34496,326963,2985
2023-01-24,Glenn,021,27897,5757,1996,7753,56
2023-01-24,Humboldt,023,135768,23225,5830,29055,169
2023-01-24,Imperial,025,180216,69455,18684,88139,977
2023-01-24,Inyo,027,18085,4733,1265,5998,63
2023-01-24,Kern,029,883053,228713,71546,300259,2479
2023-01-24,Kings,031,150075,62397,4399,66796,482
2023-01-24,Lake,033,64148,13543,1269,14812,159
2023-01-24,Lassen,035,31185,10240,1060,11300,65
2023-01-24,Los Angeles,037,10098052,3464457,213133,3677590,35234
2023-01-24,Madera,039,155013,46011,8801,54812,376
2023-01-24,Marin,041,260295,39991,5582,45573,260
2023-01-24,Mariposa,043,17540,3341,359,3700,31
2023-01-24,Mendocino,045,87422,16756,4794,21550,142
2023-01-24,Merced,047,269075,76713,12814,89527,903
2023-01-24,Modoc,049,8938,952,367,1319,11
2023-01-24,Mono,051,14174,3313,300,3613,8
2023-01-24,Monterey,053,433212,97283,22998,120281,796
2023-01-24,Napa,055,140530,34176,1508,35684,163
2023-01-24,Nevada,057,99092,20021,2253,22274,137
2023-01-24,Orange,059,3164182,707441,76143,783584,7942
2023-01-24,Placer,061,380077,80264,10271,90535,680
2023-01-24,Plumas,063,18699,3811,458,4269,14
2023-01-24,Riverside,065,2383286,730182,40539,770721,6816
2023-01-24,Sacramento,067,1510023,367596,37641,405237,3521
2023-01-24,San Benito,069,59416,17479,1110,18589,112
2023-01-24,San Bernardino,071,2135413,705859,34051,739910,8139
2023-01-24,San Diego,073,3302833,976265,79432,1055697,5778
2023-01-24,San Francisco,075,870044,193324,13094,206418,1168
2023-01-24,San Joaquin,077,732212,207956,16646,224602,2424
2023-01-24,San Luis Obispo,079,281455,65889,8031,73920,557
2023-01-24,San Mateo,081,765935,181077,10976,192053,747
2023-01-24,Santa Barbara,083,443738,111169,7564,118733,757
2023-01-24,Santa Clara,085,1922200,469822,20853,490675,2709
2023-01-24,Santa Cruz,087,273765,67567,3833,71400,276
2023-01-24,Shasta,089,179085,36396,8244,44640,612
2023-01-24,Sierra,091,2930,311,61,372,5
2023-01-24,Siskiyou,093,43540,5412,3424,8836,95
2023-01-24,Solano,095,438530,112522,8508,121030,475
2023-01-24,Sonoma,097,501317,112508,5693,118201,553
2023-01-24,Stanislaus,099,539301,143851,22762,166613,1838
2023-01-24,Sutter,101,95872,25517,2531,28048,238
2023-01-24,Tehama,103,63373,14391,3381,17772,232
2023-01-24,Trinity,105,12862,1464,503,1967,24
2023-01-24,Tulare,107,460477,127323,39864,167187,1580
2023-01-24,Tuolumne,109,53932,16715,981,17696,211
2023-01-24,Ventura,111,848112,219433,17873,237306,1665
2023-01-24,Yolo,113,214977,49661,4803,54464,442
2023-01-24,Yuba,115,75493,19883,1841,21724,134
2023-01-23,Alameda,001,1643700,374452,21906,396358,2108
2023-01-23,Alpine,002,1148,139,4,143,0
2023-01-23,Amador,005,37829,10453,960,11413,98
2023-01-23,Butte,007,227075,41381,10083,51464,487
2023-01-23,Calaveras,009,45235,8919,636,9555,139
2023-01-23,Colusa,011,21464,3939,1340,5279,22
2023-01-23,Contra Costa,013,1133247,269390,22131,291521,1547
2023-01-23,Del Norte,015,27424,7805,448,8253,58
2023-01-23,El Dorado,017,186661,34272,4507,38779,243
2023-01-23,Fresno,019,978130,292388,34476,326864,2984
2023-01-23,Glenn,021,27897,5757,1994,7751,56
2023-01-23,Humboldt,023,135768,23222,5827,29049,169
2023-01-23,Imperial,025,180216,69429,18676,88105,977
2023-01-23,Inyo,027,18085,4732,1263,5995,63
2023-01-23,Kern,029,883053,228659,71489,300148,2479
2023-01-23,Kings,031,150075,62366,4398,66764,481
2023-01-23,Lake,033,64148,13536,1269,14805,159
2023-01-23,Lassen,035,31185,10239,1060,11299,65
2023-01-23,Los Angeles,037,10098052,3463482,212990,3676472,35215
2023-01-23,Madera,039,155013,46003,8799,54802,376
2023-01-23,Marin,041,260295,39978,5578,45556,260
2023-01-23,Mariposa,043,17540,3338,359,3697,31
2023-01-23,Mendocino,045,87422,16755,4789,21544,142
2023-01-23,Merced,047,269075,76694,12810,89504,903
2023-01-23,Modoc,049,8938,952,367,1319,11
2023-01-23,Mono,051,14174,3312,298,3610,8
2023-01-23,Monterey,053,433212,97265,22962,120227,796
2023-01-23,Napa,055,140530,34169,1508,35677,163
2023-01-23,Nevada,057,99092,20013,2252,22265,137
2023-01-23,Orange,059,3164182,707237,76087,783324,7940
2023-01-23,Placer,061,380077,80245,10271,90516,680
2023-01-23,Plumas,063,18699,3809,458,4267,14
2023-01-23,Riverside,065,2383286,730014,40500,770514,6813
2023-01-23,Sacramento,067,1510023,367483,37618,405101,3518
2023-01-23,San Benito,069,59416,17473,1109,18582,112
2023-01-23,San Bernardino,071,2135413,705703,34035,739738,8139
2023-01-23,San Diego,073,3302833,975936,79391,1055327,5777
2023-01-23,San Francisco,075,870044,193256,13088,206344,1168
2023-01-23,San Joaquin,077,732212,207908,16639,224547,2423
2023-01-23,San Luis Obispo,079,281455,65866,8029,73895,556
2023-01-23,San Mateo,081,765935,181003,10976,191979,747
2023-01-23,Santa Barbara,083,443738,111128,7557,118685,757
2023-01-23,Santa Clara,085,1922200,469641,20844,490485,2708
2023-01-23,Santa Cruz,087,273765,67556,3828,71384,276
2023-01-23,Shasta,089,179085,36389,8241,44630,612
2023-01-23,Sierra,091,2930,311,61,372,5
2023-01-23,Siskiyou,093,43540,5410,3423,8833,95
2023-01-23,Solano,095,438530,112484,8507,120991,475
2023-01-23,Sonoma,097,501317,112489,5691,118180,553
2023-01-23,Stanislaus,099,539301,143816,22756,166572,1838
2023-01-23,Sutter,101,95872,25514,2531,28045,238
2023-01-23,Tehama,103,63373,14388,3380,17768,232
2023-01-23,Trinity,105,12862,1464,503,1967,24
2023-01-23,Tulare,107,460477,127289,39834,167123,1580
2023-01-23,Tuolumne,109,53932,16706,981,17687,211
2023-01-23,Ventura,111,848112,219363,17863,237226,1663
2023-01-23,Yolo,113,214977,49647,4798,54445,442
2023-01-23,Yuba,115,75493,19879,1838,21717,134
2023-01-22,Alameda,001,1643700,374325,21898,396223,2106
2023-01-22,Alpine,002,1148,139,4,143,0
2023-01-22,Amador,005,37829,10452,960,11412,97
2023-01-22,Butte,007,227075,41372,10080,51452,487
2023-01-22,Calaveras,009,45235,8916,636,9552,139
2023-01-22,Colusa,011,21464,3938,1340,5278,22
2023-01-22,Contra Costa,013,1133247,269309,22117,291426,1544
2023-01-22,Del Norte,015,27424,7801,448,8249,58
2023-01-22,El Dorado,017,186661,34268,4507,38775,243
2023-01-22,Fresno,019,978130,292297,34456,326753,2984
2023-01-22,Glenn,021,27897,5755,1994,7749,56
2023-01-22,Humboldt,023,135768,23218,5818,29036,169
2023-01-22,Imperial,025,180216,69411,18670,88081,977
2023-01-22,Inyo,027,18085,4731,1262,5993,63
2023-01-22,Kern,029,883053,228609,71430,300039,2479
2023-01-22,Kings,031,150075,62338,4395,66733,481
2023-01-22,Lake,033,64148,13530,1268,14798,159
2023-01-22,Lassen,035,31185,10238,1060,11298,65
2023-01-22,Los Angeles,037,10098052,3462498,212810,3675308,35204
2023-01-22,Madera,039,155013,45992,8797,54789,376
2023-01-22,Marin,041,260295,39965,5576,45541,260
2023-01-22,Mariposa,043,17540,3338,359,3697,31
2023-01-22,Mendocino,045,87422,16748,4788,21536,142
2023-01-22,Merced,047,269075,76662,12801,89463,903
2023-01-22,Modoc,049,8938,952,367,1319,11
2023-01-22,Mono,051,14174,3311,298,3609,8
2023-01-22,Monterey,053,433212,97242,22932,120174,796
2023-01-22,Napa,055,140530,34158,1508,35666,163
2023-01-22,Nevada,057,99092,20010,2249,22259,137
2023-01-22,Orange,059,3164182,707051,76026,783077,7935
2023-01-22,Placer,061,380077,80224,10270,90494,680
2023-01-22,Plumas,063,18699,3809,458,4267,14
2023-01-22,Riverside,065,2383286,729836,40463,770299,6809
2023-01-22,Sacramento,067,1510023,367363,37598,404961,3517
2023-01-22,San Benito,069,59416,17467,1109,18576,112
2023-01-22,San Bernardino,071,2135413,705521,34000,739521,8139
2023-01-22,San Diego,073,3302833,975581,79317,1054898,5775
2023-01-22,San Francisco,075,870044,193185,13077,206262,1167
2023-01-22,San Joaquin,077,732212,207866,16628,224494,2423
2023-01-22,San Luis Obispo,079,281455,65845,8023,73868,554
2023-01-22,San Mateo,081,765935,180927,10969,191896,747
2023-01-22,Santa Barbara,083,443738,111085,7546,118631,756
2023-01-22,Santa Clara,085,1922200,469489,20828,490317,2707
2023-01-22,Santa Cruz,087,273765,67529,3822,71351,276
2023-01-22,Shasta,089,179085,36386,8236,44622,612
2023-01-22,Sierra,091,2930,311,61,372,5
2023-01-22,Siskiyou,093,43540,5409,3423,8832,95
2023-01-22,Solano,095,438530,112441,8503,120944,475
2023-01-22,Sonoma,097,501317,112457,5688,118145,553
2023-01-22,Stanislaus,099,539301,143787,22750,166537,1838
2023-01-22,Sutter,101,95872,25510,2529,28039,238
2023-01-22,Tehama,103,63373,14384,3377,17761,232
2023-01-22,Trinity,105,12862,1462,503,1965,23
2023-01-22,Tulare,107,460477,127252,39799,167051,1579
2023-01-22,Tuolumne,109,53932,16701,981,17682,211
2023-01-22,Ventura,111,848112,219305,17851,237156,1663
2023-01-22,Yolo,113,214977,49632,4797,54429,442
2023-01-22,Yuba,115,75493,19874,1838,21712,134
2023-01-21,Alameda,001,1643700,374247,21895,396142,2103
2023-01-21,Alpine,002,1148,139,4,143,0
2023-01-21,Amador,005,37829,10451,960,11411,97
2023-01-21,Butte,007,227075,41370,10077,51447,487
2023-01-21,Calaveras,009,45235,8914,636,9550,139
2023-01-21,Colusa,011,21464,3937,1339,5276,22
2023-01-21,Contra Costa,013,1133247,269258,22117,291375,1543
2023-01-21,Del Norte,015,27424,7798,448,8246,58
2023-01-21,El Dorado,017,186661,34259,4506,38765,243
2023-01-21,Fresno,019,978130,292259,34452,326711,2983
2023-01-21,Glenn,021,27897,5755,1994,7749,56
2023-01-21,Humboldt,023,135768,23216,5817,29033,169
2023-01-21,Imperial,025,180216,69405,18669,88074,977
2023-01-21,Inyo,027,18085,4731,1262,5993,63
2023-01-21,Kern,029,883053,228571,71409,299980,2479
2023-01-21,Kings,031,150075,62330,4395,66725,481
2023-01-21,Lake,033,64148,13527,1268,14795,158
2023-01-21,Lassen,035,31185,10238,1060,11298,65
2023-01-21,Los Angeles,037,10098052,3461938,212722,3674660,35194
2023-01-21,Madera,039,155013,45986,8797,54783,376
2023-01-21,Marin,041,260295,39947,5574,45521,260
2023-01-21,Mariposa,043,17540,3337,359,3696,31
2023-01-21,Mendocino,045,87422,16747,4787,21534,142
2023-01-21,Merced,047,269075,76656,12800,89456,902
2023-01-21,Modoc,049,8938,952,367,1319,11
2023-01-21,Mono,051,14174,3311,298,3609,8
2023-01-21,Monterey,053,433212,97234,22911,120145,796
2023-01-21,Napa,055,140530,34151,1508,35659,163
2023-01-21,Nevada,057,99092,20009,2248,22257,137
2023-01-21,Orange,059,3164182,706952,75967,782919,7933
2023-01-21,Placer,061,380077,80206,10270,90476,680
2023-01-21,Plumas,063,18699,3809,458,4267,14
2023-01-21,Riverside,065,2383286,729752,40446,770198,6806
2023-01-21,Sacramento,067,1510023,367303,37591,404894,3516
2023-01-21,San Benito,069,59416,17463,1107,18570,112
2023-01-21,San Bernardino,071,2135413,705426,33985,739411,8139
2023-01-21,San Diego,073,3302833,975424,79292,1054716,5775
2023-01-21,San Francisco,075,870044,193140,13072,206212,1165
2023-01-21,San Joaquin,077,732212,207839,16622,224461,2422
2023-01-21,San Luis Obispo,079,281455,65842,8021,73863,554
2023-01-21,San Mateo,081,765935,180895,10968,191863,747
2023-01-21,Santa Barbara,083,443738,111065,7544,118609,756
2023-01-21,Santa Clara,085,1922200,469379,20826,490205,2706
2023-01-21,Santa Cruz,087,273765,67522,3822,71344,276
2023-01-21,Shasta,089,179085,36382,8236,44618,612
2023-01-21,Sierra,091,2930,311,61,372,5
2023-01-21,Siskiyou,093,43540,5409,3422,8831,95
2023-01-21,Solano,095,438530,112431,8502,120933,475
2023-01-21,Sonoma,097,501317,112431,5688,118119,553
2023-01-21,Stanislaus,099,539301,143775,22749,166524,1838
2023-01-21,Sutter,101,95872,25506,2529,28035,238
2023-01-21,Tehama,103,63373,14382,3376,17758,232
2023-01-21,Trinity,105,12862,1462,503,1965,23
2023-01-21,Tulare,107,460477,127232,39789,167021,1578
2023-01-21,Tuolumne,109,53932,16696,981,17677,210
2023-01-21,Ventura,111,848112,219266,17847,237113,1662
2023-01-21,Yolo,113,214977,49625,4797,54422,442
2023-01-21,Yuba,115,75493,19873,1838,21711,134
2023-01-20,Alameda,001,1643700,374188,21892,396080,2100
2023-01-20,Alpine,002,1148,139,4,143,0
2023-01-20,Amador,005,37829,10450,959,11409,97
2023-01-20,Butte,007,227075,41369,10076,51445,486
2023-01-20,Calaveras,009,45235,8913,636,9549,139
2023-01-20,Colusa,011,21464,3937,1338,5275,22
2023-01-20,Contra Costa,013,1133247,269207,22115,291322,1542
2023-01-20,Del Norte,015,27424,7798,447,8245,58
2023-01-20,El Dorado,017,186661,34253,4505,38758,243
2023-01-20,Fresno,019,978130,292207,34446,326653,2982
2023-01-20,Glenn,021,27897,5755,1993,7748,56
2023-01-20,Humboldt,023,135768,23213,5812,29025,168
2023-01-20,Imperial,025,180216,69399,18667,88066,977
2023-01-20,Inyo,027,18085,4730,1262,5992,63
2023-01-20,Kern,029,883053,228540,71385,299925,2478
2023-01-20,Kings,031,150075,62318,4395,66713,481
2023-01-20,Lake,033,64148,13527,1268,14795,158
2023-01-20,Lassen,035,31185,10238,1060,11298,65
2023-01-20,Los Angeles,037,10098052,3461424,212634,3674058,35180
2023-01-20,Madera,039,155013,45980,8797,54777,376
2023-01-20,Marin,041,260295,39937,5574,45511,260
2023-01-20,Mariposa,043,17540,3335,359,3694,31
2023-01-20,Mendocino,045,87422,16745,4787,21532,142
2023-01-20,Merced,047,269075,76647,12798,89445,902
2023-01-20,Modoc,049,8938,952,367,1319,11
2023-01-20,Mono,051,14174,3311,298,3609,8
2023-01-20,Monterey,053,433212,97221,22892,120113,796
2023-01-20,Napa,055,140530,34144,1508,35652,163
2023-01-20,Nevada,057,99092,20006,2248,22254,137
2023-01-20,Orange,059,3164182,706828,75933,782761,7930
2023-01-20,Placer,061,380077,80195,10270,90465,680
2023-01-20,Plumas,063,18699,3808,458,4266,14
2023-01-20,Riverside,065,2383286,729644,40427,770071,6805
2023-01-20,Sacramento,067,1510023,367256,37588,404844,3516
2023-01-20,San Benito,069,59416,17462,1107,18569,112
2023-01-20,San Bernardino,071,2135413,705323,33975,739298,8139
2023-01-20,San Diego,073,3302833,975233,79268,1054501,5775
2023-01-20,San Francisco,075,870044,193098,13060,206158,1165
2023-01-20,San Joaquin,077,732212,207821,16618,224439,2420
2023-01-20,San Luis Obispo,079,281455,65835,8018,73853,554
2023-01-20,San Mateo,081,765935,180869,10967,191836,747
2023-01-20,Santa Barbara,083,443738,111048,7542,118590,756
2023-01-20,Santa Clara,085,1922200,469270,20820,490090,2704
2023-01-20,Santa Cruz,087,273765,67501,3822,71323,276
2023-01-20,Shasta,089,179085,36381,8233,44614,611
2023-01-20,Sierra,091,2930,311,61,372,5
2023-01-20,Siskiyou,093,43540,5408,3422,8830,95
2023-01-20,Solano,095,438530,112413,8499,120912,475
2023-01-20,Sonoma,097,501317,112416,5688,118104,553
2023-01-20,Stanislaus,099,539301,143752,22747,166499,1838
2023-01-20,Sutter,101,95872,25503,2529,28032,238
2023-01-20,Tehama,103,63373,14380,3375,17755,232
2023-01-20,Trinity,105,12862,1462,503,1965,23
2023-01-20,Tulare,107,460477,127209,39775,166984,1577
2023-01-20,Tuolumne,109,53932,16689,981,17670,210
2023-01-20,Ventura,111,848112,219231,17843,237074,1661
2023-01-20,Yolo,113,214977,49613,4796,54409,441
2023-01-20,Yuba,115,75493,19871,1838,21709,134
2023-01-19,Alameda,001,1643700,374083,21884,395967,2100
2023-01-19,Alpine,002,1148,139,4,143,0
2023-01-19,Amador,005,37829,10448,959,11407,97
2023-01-19,Butte,007,227075,41363,10070,51433,486
2023-01-19,Calaveras,009,45235,8913,636,9549,139
2023-01-19,Colusa,011,21464,3935,1338,5273,22
2023-01-19,Contra Costa,013,1133247,269139,22108,291247,1542
2023-01-19,Del Norte,015,27424,7794,447,8241,58
2023-01-19,El Dorado,017,186661,34249,4503,38752,243
2023-01-19,Fresno,019,978130,292141,34440,326581,2980
2023-01-19,Glenn,021,27897,5755,1993,7748,56
2023-01-19,Humboldt,023,135768,23206,5793,28999,168
2023-01-19,Imperial,025,180216,69388,18666,88054,977
2023-01-19,Inyo,027,18085,4728,1262,5990,63
2023-01-19,Kern,029,883053,228490,71325,299815,2477
2023-01-19,Kings,031,150075,62302,4392,66694,481
2023-01-19,Lake,033,64148,13525,1268,14793,158
2023-01-19,Lassen,035,31185,10238,1060,11298,65
2023-01-19,Los Angeles,037,10098052,3460655,212522,3673177,35159
2023-01-19,Madera,039,155013,45970,8795,54765,376
2023-01-19,Marin,041,260295,39919,5574,45493,260
2023-01-19,Mariposa,043,17540,3334,359,3693,31
2023-01-19,Mendocino,045,87422,16743,4786,21529,142
2023-01-19,Merced,047,269075,76629,12795,89424,902
2023-01-19,Modoc,049,8938,951,366,1317,11
2023-01-19,Mono,051,14174,3311,297,3608,8
2023-01-19,Monterey,053,433212,97206,22875,120081,795
2023-01-19,Napa,055,140530,34136,1508,35644,163
2023-01-19,Nevada,057,99092,20005,2248,22253,137
2023-01-19,Orange,059,3164182,706660,75873,782533,7927
2023-01-19,Placer,061,380077,80173,10269,90442,680
2023-01-19,Plumas,063,18699,3808,458,4266,14
2023-01-19,Riverside,065,2383286,729499,40394,769893,6805
2023-01-19,Sacramento,067,1510023,367164,37574,404738,3515
2023-01-19,San Benito,069,59416,17459,1106,18565,112
2023-01-19,San Bernardino,071,2135413,705192,33958,739150,8139
2023-01-19,San Diego,073,3302833,974987,79211,1054198,5772
2023-01-19,San Francisco,075,870044,193023,13052,206075,1163
2023-01-19,San Joaquin,077,732212,207785,16609,224394,2420
2023-01-19,San Luis Obispo,079,281455,65819,8013,73832,554
2023-01-19,San Mateo,081,765935,180818,10965,191783,747
2023-01-19,Santa Barbara,083,443738,111023,7541,118564,756
2023-01-19,Santa Clara,085,1922200,469146,20812,489958,2704
2023-01-19,Santa Cruz,087,273765,67487,3822,71309,276
2023-01-19,Shasta,089,179085,36379,8232,44611,611
2023-01-19,Sierra,091,2930,311,61,372,5
2023-01-19,Siskiyou,093,43540,5406,3422,8828,95
2023-01-19,Solano,095,438530,112373,8496,120869,475
2023-01-19,Sonoma,097,501317,112392,5688,118080,553
2023-01-19,Stanislaus,099,539301,143725,22711,166436,1837
2023-01-19,Sutter,101,95872,25500,2529,28029,238
2023-01-19,Tehama,103,63373,14378,3375,17753,232
2023-01-19,Trinity,105,12862,1462,503,1965,23
2023-01-19,Tulare,107,460477,127176,39752,166928,1577
2023-01-19,Tuolumne,109,53932,16684,981,17665,210
2023-01-19,Ventura,111,848112,219178,17829,237007,1659
2023-01-19,Yolo,113,214977,49605,4795,54400,440
2023-01-19,Yuba,115,75493,19868,1837,21705,134
2023-01-18,Alameda,001,1643700,373963,21874,395837,2100
2023-01-18,Alpine,002,1148,139,4,143,0
2023-01-18,Amador,005,37829,10434,959,11393,97
2023-01-18,Butte,007,227075,41355,10063,51418,486
2023-01-18,Calaveras,009,45235,8909,636,9545,139
2023-01-18,Colusa,011,21464,3931,1338,5269,22
2023-01-18,Contra Costa,013,1133247,269052,22104,291156,1542
2023-01-18,Del Norte,015,27424,7789,440,8229,58
2023-01-18,El Dorado,017,186661,34244,4503,38747,243
2023-01-18,Fresno,019,978130,292089,34428,326517,2980
2023-01-18,Glenn,021,27897,5754,1993,7747,56
2023-01-18,Humboldt,023,135768,23203,5787,28990,168
2023-01-18,Imperial,025,180216,69372,18664,88036,977
2023-01-18,Inyo,027,18085,4728,1259,5987,63
2023-01-18,Kern,029,883053,228437,71285,299722,2476
2023-01-18,Kings,031,150075,62287,4391,66678,481
2023-01-18,Lake,033,64148,13522,1268,14790,158
2023-01-18,Lassen,035,31185,10238,1059,11297,65
2023-01-18,Los Angeles,037,10098052,3459844,212366,3672210,35141
2023-01-18,Madera,039,155013,45962,8795,54757,376
2023-01-18,Marin,041,260295,39902,5573,45475,260
2023-01-18,Mariposa,043,17540,3333,359,3692,31
2023-01-18,Mendocino,045,87422,16740,4781,21521,142
2023-01-18,Merced,047,269075,76609,12795,89404,902
2023-01-18,Modoc,049,8938,951,366,1317,11
2023-01-18,Mono,051,14174,3311,297,3608,8
2023-01-18,Monterey,053,433212,97186,22859,120045,795
2023-01-18,Napa,055,140530,34121,1507,35628,163
2023-01-18,Nevada,057,99092,20001,2247,22248,137
2023-01-18,Orange,059,3164182,706473,75823,782296,7923
2023-01-18,Placer,061,380077,80149,10267,90416,680
2023-01-18,Plumas,063,18699,3807,458,4265,14
2023-01-18,Riverside,065,2383286,729357,40378,769735,6802
2023-01-18,Sacramento,067,1510023,367099,37556,404655,3514
2023-01-18,San Benito,069,59416,17455,1106,18561,112
2023-01-18,San Bernardino,071,2135413,705081,33943,739024,8139
2023-01-18,San Diego,073,3302833,974672,79157,1053829,5771
2023-01-18,San Francisco,075,870044,192956,13050,206006,1162
2023-01-18,San Joaquin,077,732212,207745,16605,224350,2420
2023-01-18,San Luis Obispo,079,281455,65802,8005,73807,553
2023-01-18,San Mateo,081,765935,180764,10963,191727,747
2023-01-18,Santa Barbara,083,443738,110992,7528,118520,756
2023-01-18,Santa Clara,085,1922200,468988,20805,489793,2703
2023-01-18,Santa Cruz,087,273765,67477,3819,71296,276
2023-01-18,Shasta,089,179085,36374,8230,44604,611
2023-01-18,Sierra,091,2930,311,61,372,5
2023-01-18,Siskiyou,093,43540,5405,3422,8827,95
2023-01-18,Solano,095,438530,112338,8496,120834,475
2023-01-18,Sonoma,097,501317,112364,5684,118048,552
2023-01-18,Stanislaus,099,539301,143695,22709,166404,1836
2023-01-18,Sutter,101,95872,25489,2527,28016,238
2023-01-18,Tehama,103,63373,14377,3372,17749,232
2023-01-18,Trinity,105,12862,1461,503,1964,23
2023-01-18,Tulare,107,460477,127148,39724,166872,1577
2023-01-18,Tuolumne,109,53932,16679,981,17660,210
2023-01-18,Ventura,111,848112,219114,17818,236932,1659
2023-01-18,Yolo,113,214977,49593,4794,54387,440
2023-01-18,Yuba,115,75493,19860,1837,21697,134
2023-01-17,Alameda,001,1643700,373851,21865,395716,2100
2023-01-17,Alpine,002,1148,139,4,143,0
2023-01-17,Amador,005,37829,10427,959,11386,97
2023-01-17,Butte,007,227075,41351,10060,51411,486
2023-01-17,Calaveras,009,45235,8907,636,9543,139
2023-01-17,Colusa,011,21464,3930,1338,5268,22
2023-01-17,Contra Costa,013,1133247,268960,22096,291056,1540
2023-01-17,Del Norte,015,27424,7784,440,8224,58
2023-01-17,El Dorado,017,186661,34239,4501,38740,243
2023-01-17,Fresno,019,978130,292024,34418,326442,2979
2023-01-17,Glenn,021,27897,5754,1993,7747,56
2023-01-17,Humboldt,023,135768,23196,5784,28980,168
2023-01-17,Imperial,025,180216,69353,18662,88015,977
2023-01-17,Inyo,027,18085,4727,1252,5979,63
2023-01-17,Kern,029,883053,228393,71240,299633,2474
2023-01-17,Kings,031,150075,62270,4388,66658,481
2023-01-17,Lake,033,64148,13518,1268,14786,158
2023-01-17,Lassen,035,31185,10236,1059,11295,65
2023-01-17,Los Angeles,037,10098052,3458975,212203,3671178,35122
2023-01-17,Madera,039,155013,45959,8794,54753,376
2023-01-17,Marin,041,260295,39886,5571,45457,260
2023-01-17,Mariposa,043,17540,3333,359,3692,31
2023-01-17,Mendocino,045,87422,16738,4772,21510,142
2023-01-17,Merced,047,269075,76593,12789,89382,901
2023-01-17,Modoc,049,8938,951,366,1317,11
2023-01-17,Mono,051,14174,3308,297,3605,8
2023-01-17,Monterey,053,433212,97175,22850,120025,795
2023-01-17,Napa,055,140530,34107,1507,35614,163
2023-01-17,Nevada,057,99092,19999,2247,22246,137
2023-01-17,Orange,059,3164182,706277,75750,782027,7917
2023-01-17,Placer,061,380077,80132,10266,90398,679
2023-01-17,Plumas,063,18699,3804,458,4262,14
2023-01-17,Riverside,065,2383286,729194,40354,769548,6802
2023-01-17,Sacramento,067,1510023,366985,37544,404529,3512
2023-01-17,San Benito,069,59416,17452,1105,18557,112
2023-01-17,San Bernardino,071,2135413,704893,33909,738802,8138
2023-01-17,San Diego,073,3302833,974335,79104,1053439,5770
2023-01-17,San Francisco,075,870044,192886,13046,205932,1162
2023-01-17,San Joaquin,077,732212,207705,16602,224307,2420
2023-01-17,San Luis Obispo,079,281455,65785,8003,73788,553
2023-01-17,San Mateo,081,765935,180707,10963,191670,747
2023-01-17,Santa Barbara,083,443738,110951,7524,118475,755
2023-01-17,Santa Clara,085,1922200,468829,20784,489613,2703
2023-01-17,Santa Cruz,087,273765,67459,3817,71276,276
2023-01-17,Shasta,089,179085,36370,8229,44599,611
2023-01-17,Sierra,091,2930,311,61,372,5
2023-01-17,Siskiyou,093,43540,5405,3422,8827,95
2023-01-17,Solano,095,438530,112291,8492,120783,475
2023-01-17,Sonoma,097,501317,112323,5683,118006,552
2023-01-17,Stanislaus,099,539301,143669,22706,166375,1836
2023-01-17,Sutter,101,95872,25479,2527,28006,238
2023-01-17,Tehama,103,63373,14376,3372,17748,232
2023-01-17,Trinity,105,12862,1460,502,1962,23
2023-01-17,Tulare,107,460477,127102,39704,166806,1577
2023-01-17,Tuolumne,109,53932,16675,981,17656,210
2023-01-17,Ventura,111,848112,219060,17807,236867,1658
2023-01-17,Yolo,113,214977,49580,4790,54370,440
2023-01-17,Yuba,115,75493,19854,1836,21690,134
2023-01-16,Alameda,001,1643700,373709,21851,395560,2098
2023-01-16,Alpine,002,1148,139,4,143,0
2023-01-16,Amador,005,37829,10419,959,11378,97
2023-01-16,Butte,007,227075,41337,10056,51393,486
2023-01-16,Calaveras,009,45235,8904,636,9540,139
2023-01-16,Colusa,011,21464,3929,1336,5265,22
2023-01-16,Contra Costa,013,1133247,268874,22087,290961,1540
2023-01-16,Del Norte,015,27424,7783,439,8222,58
2023-01-16,El Dorado,017,186661,34232,4499,38731,243
2023-01-16,Fresno,019,978130,291939,34409,326348,2979
2023-01-16,Glenn,021,27897,5753,1993,7746,56
2023-01-16,Humboldt,023,135768,23187,5778,28965,168
2023-01-16,Imperial,025,180216,69344,18653,87997,977
2023-01-16,Inyo,027,18085,4726,1252,5978,62
2023-01-16,Kern,029,883053,228346,71184,299530,2474
2023-01-16,Kings,031,150075,62259,4384,66643,481
2023-01-16,Lake,033,64148,13507,1268,14775,156
2023-01-16,Lassen,035,31185,10234,1057,11291,65
2023-01-16,Los Angeles,037,10098052,3457874,211994,3669868,35105
2023-01-16,Madera,039,155013,45952,8790,54742,376
2023-01-16,Marin,041,260295,39870,5566,45436,260
2023-01-16,Mariposa,043,17540,3331,359,3690,31
2023-01-16,Mendocino,045,87422,16734,4770,21504,142
2023-01-16,Merced,047,269075,76568,12787,89355,901
2023-01-16,Modoc,049,8938,951,366,1317,11
2023-01-16,Mono,051,14174,3307,297,3604,8
2023-01-16,Monterey,053,433212,97158,22840,119998,795
2023-01-16,Napa,055,140530,34092,1507,35599,163
2023-01-16,Nevada,057,99092,19993,2246,22239,137
2023-01-16,Orange,059,3164182,706064,75684,781748,7913
2023-01-16,Placer,061,380077,80106,10262,90368,679
2023-01-16,Plumas,063,18699,3804,457,4261,14
2023-01-16,Riverside,065,2383286,729001,40317,769318,6799
2023-01-16,Sacramento,067,1510023,366885,37516,404401,3509
2023-01-16,San Benito,069,59416,17446,1105,18551,112
2023-01-16,San Bernardino,071,2135413,704673,33891,738564,8138
2023-01-16,San Diego,073,3302833,973905,79048,1052953,5766
2023-01-16,San Francisco,075,870044,192807,13042,205849,1162
2023-01-16,San Joaquin,077,732212,207665,16597,224262,2419
2023-01-16,San Luis Obispo,079,281455,65756,7997,73753,553
2023-01-16,San Mateo,081,765935,180651,10959,191610,747
2023-01-16,Santa Barbara,083,443738,110919,7515,118434,755
2023-01-16,Santa Clara,085,1922200,468623,20772,489395,2703
2023-01-16,Santa Cruz,087,273765,67434,3814,71248,276
2023-01-16,Shasta,089,179085,36367,8227,44594,611
2023-01-16,Sierra,091,2930,311,61,372,5
2023-01-16,Siskiyou,093,43540,5404,3422,8826,95
2023-01-16,Solano,095,438530,112256,8490,120746,475
2023-01-16,Sonoma,097,501317,112290,5681,117971,552
2023-01-16,Stanislaus,099,539301,143635,22701,166336,1836
2023-01-16,Sutter,101,95872,25473,2527,28000,237
2023-01-16,Tehama,103,63373,14373,3372,17745,232
2023-01-16,Trinity,105,12862,1460,502,1962,23
2023-01-16,Tulare,107,460477,127068,39679,166747,1577
2023-01-16,Tuolumne,109,53932,16670,981,17651,210
2023-01-16,Ventura,111,848112,218995,17795,236790,1658
2023-01-16,Yolo,113,214977,49562,4781,54343,439
2023-01-16,Yuba,115,75493,19849,1833,21682,134
2023-01-15,Alameda,001,1643700,373592,21848,395440,2098
2023-01-15,Alpine,002,1148,139,4,143,0
2023-01-15,Amador,005,37829,10417,959,11376,97
2023-01-15,Butte,007,227075,41331,10053,51384,486
2023-01-15,Calaveras,009,45235,8904,636,9540,139
2023-01-15,Colusa,011,21464,3928,1336,5264,22
2023-01-15,Contra Costa,013,1133247,268803,22085,290888,1538
2023-01-15,Del Norte,015,27424,7781,438,8219,57
2023-01-15,El Dorado,017,186661,34222,4499,38721,243
2023-01-15,Fresno,019,978130,291882,34391,326273,2976
2023-01-15,Glenn,021,27897,5752,1993,7745,56
2023-01-15,Humboldt,023,135768,23184,5775,28959,167
2023-01-15,Imperial,025,180216,69330,18641,87971,977
2023-01-15,Inyo,027,18085,4725,1248,5973,62
2023-01-15,Kern,029,883053,228279,71139,299418,2474
2023-01-15,Kings,031,150075,62244,4384,66628,481
2023-01-15,Lake,033,64148,13505,1268,14773,156
2023-01-15,Lassen,035,31185,10233,1057,11290,65
2023-01-15,Los Angeles,037,10098052,3457087,211816,3668903,35084
2023-01-15,Madera,039,155013,45944,8790,54734,376
2023-01-15,Marin,041,260295,39843,5563,45406,260
2023-01-15,Mariposa,043,17540,3330,359,3689,31
2023-01-15,Mendocino,045,87422,16731,4770,21501,142
2023-01-15,Merced,047,269075,76551,12786,89337,900
2023-01-15,Modoc,049,8938,950,366,1316,11
2023-01-15,Mono,051,14174,3306,297,3603,8
2023-01-15,Monterey,053,433212,97142,22829,119971,795
2023-01-15,Napa,055,140530,34084,1507,35591,163
2023-01-15,Nevada,057,99092,19987,2244,22231,137
2023-01-15,Orange,059,3164182,705844,75609,781453,7912
2023-01-15,Placer,061,380077,80084,10261,90345,679
2023-01-15,Plumas,063,18699,3803,457,4260,14
2023-01-15,Riverside,065,2383286,728828,40296,769124,6798
2023-01-15,Sacramento,067,1510023,366811,37507,404318,3509
2023-01-15,San Benito,069,59416,17443,1105,18548,112
2023-01-15,San Bernardino,071,2135413,704532,33876,738408,8138
2023-01-15,San Diego,073,3302833,973657,79007,1052664,5762
2023-01-15,San Francisco,075,870044,192739,13036,205775,1161
2023-01-15,San Joaquin,077,732212,207618,16593,224211,2419
2023-01-15,San Luis Obispo,079,281455,65740,7995,73735,552
2023-01-15,San Mateo,081,765935,180604,10955,191559,747
2023-01-15,Santa Barbara,083,443738,110882,7513,118395,755
2023-01-15,Santa Clara,085,1922200,468510,20767,489277,2700
2023-01-15,Santa Cruz,087,273765,67404,3813,71217,276
2023-01-15,Shasta,089,179085,36363,8226,44589,610
2023-01-15,Sierra,091,2930,311,61,372,5
2023-01-15,Siskiyou,093,43540,5403,3422,8825,95
2023-01-15,Solano,095,438530,112229,8487,120716,475
2023-01-15,Sonoma,097,501317,112257,5681,117938,551
2023-01-15,Stanislaus,099,539301,143603,22701,166304,1834
2023-01-15,Sutter,101,95872,25466,2527,27993,237
2023-01-15,Tehama,103,63373,14373,3371,17744,232
2023-01-15,Trinity,105,12862,1460,502,1962,23
2023-01-15,Tulare,107,460477,127010,39657,166667,1577
2023-01-15,Tuolumne,109,53932,16665,981,17646,210
2023-01-15,Ventura,111,848112,218947,17785,236732,1657
2023-01-15,Yolo,113,214977,49551,4781,54332,439
2023-01-15,Yuba,115,75493,19846,1833,21679,134
2023-01-14,Alameda,001,1643700,373506,21843,395349,2098
2023-01-14,Alpine,002,1148,139,4,143,0
2023-01-14,Amador,005,37829,10413,959,11372,97
2023-01-14,Butte,007,227075,41328,10049,51377,486
2023-01-14,Calaveras,009,45235,8902,635,9537,139
2023-01-14,Colusa,011,21464,3927,1336,5263,22
2023-01-14,Contra Costa,013,1133247,268740,22082,290822,1538
2023-01-14,Del Norte,015,27424,7780,438,8218,57
2023-01-14,El Dorado,017,186661,34215,4498,38713,243
2023-01-14,Fresno,019,978130,291840,34385,326225,2976
2023-01-14,Glenn,021,27897,5752,1993,7745,56
2023-01-14,Humboldt,023,135768,23182,5772,28954,167
2023-01-14,Imperial,025,180216,69315,18641,87956,977
2023-01-14,Inyo,027,18085,4723,1248,5971,62
2023-01-14,Kern,029,883053,228243,71107,299350,2473
2023-01-14,Kings,031,150075,62235,4383,66618,481
2023-01-14,Lake,033,64148,13503,1268,14771,156
2023-01-14,Lassen,035,31185,10233,1057,11290,65
2023-01-14,Los Angeles,037,10098052,3456494,211719,3668213,35065
2023-01-14,Madera,039,155013,45941,8789,54730,376
2023-01-14,Marin,041,260295,39831,5562,45393,260
2023-01-14,Mariposa,043,17540,3329,359,3688,31
2023-01-14,Mendocino,045,87422,16727,4770,21497,142
2023-01-14,Merced,047,269075,76537,12786,89323,900
2023-01-14,Modoc,049,8938,950,365,1315,11
2023-01-14,Mono,051,14174,3305,297,3602,8
2023-01-14,Monterey,053,433212,97132,22825,119957,795
2023-01-14,Napa,055,140530,34078,1507,35585,163
2023-01-14,Nevada,057,99092,19987,2242,22229,137
2023-01-14,Orange,059,3164182,705712,75570,781282,7906
2023-01-14,Placer,061,380077,80073,10260,90333,679
2023-01-14,Plumas,063,18699,3803,457,4260,14
2023-01-14,Riverside,065,2383286,728724,40278,769002,6796
2023-01-14,Sacramento,067,1510023,366759,37501,404260,3508
2023-01-14,San Benito,069,59416,17438,1105,18543,112
2023-01-14,San Bernardino,071,2135413,704439,33863,738302,8137
2023-01-14,San Diego,073,3302833,973463,78989,1052452,5761
2023-01-14,San Francisco,075,870044,192698,13035,205733,1161
2023-01-14,San Joaquin,077,732212,207594,16592,224186,2416
2023-01-14,San Luis Obispo,079,281455,65734,7991,73725,552
2023-01-14,San Mateo,081,765935,180573,10952,191525,747
2023-01-14,Santa Barbara,083,443738,110855,7510,118365,755
2023-01-14,Santa Clara,085,1922200,468422,20758,489180,2694
2023-01-14,Santa Cruz,087,273765,67397,3809,71206,276
2023-01-14,Shasta,089,179085,36359,8226,44585,608
2023-01-14,Sierra,091,2930,311,61,372,5
2023-01-14,Siskiyou,093,43540,5403,3422,8825,95
2023-01-14,Solano,095,438530,112220,8484,120704,475
2023-01-14,Sonoma,097,501317,112244,5681,117925,550
2023-01-14,Stanislaus,099,539301,143581,22698,166279,1834
2023-01-14,Sutter,101,95872,25463,2527,27990,237
2023-01-14,Tehama,103,63373,14368,3371,17739,232
2023-01-14,Trinity,105,12862,1460,502,1962,23
2023-01-14,Tulare,107,460477,126988,39649,166637,1577
2023-01-14,Tuolumne,109,53932,16662,979,17641,209
2023-01-14,Ventura,111,848112,218908,17779,236687,1656
2023-01-14,Yolo,113,214977,49537,4779,54316,438
2023-01-14,Yuba,115,75493,19844,1832,21676,134
2023-01-13,Alameda,001,1643700,373414,21835,395249,2098
2023-01-13,Alpine,002,1148,139,4,143,0
2023-01-13,Amador,005,37829,10411,959,11370,97
2023-01-13,Butte,007,227075,41324,10044,51368,486
2023-01-13,Calaveras,009,45235,8901,635,9536,139
2023-01-13,Colusa,011,21464,3926,1336,5262,22
2023-01-13,Contra Costa,013,1133247,268675,22080,290755,1537
2023-01-13,Del Norte,015,27424,7779,438,8217,56
2023-01-13,El Dorado,017,186661,34210,4498,38708,242
2023-01-13,Fresno,019,978130,291796,34378,326174,2974
2023-01-13,Glenn,021,27897,5752,1993,7745,56
2023-01-13,Humboldt,023,135768,23180,5766,28946,167
2023-01-13,Imperial,025,180216,69305,18637,87942,977
2023-01-13,Inyo,027,18085,4722,1246,5968,62
2023-01-13,Kern,029,883053,228210,71076,299286,2472
2023-01-13,Kings,031,150075,62222,4383,66605,480
2023-01-13,Lake,033,64148,13503,1268,14771,156
2023-01-13,Lassen,035,31185,10233,1057,11290,65
2023-01-13,Los Angeles,037,10098052,3455921,211619,3667540,35049
2023-01-13,Madera,039,155013,45933,8789,54722,376
2023-01-13,Marin,041,260295,39818,5559,45377,260
2023-01-13,Mariposa,043,17540,3327,359,3686,31
2023-01-13,Mendocino,045,87422,16724,4770,21494,142
2023-01-13,Merced,047,269075,76529,12786,89315,899
2023-01-13,Modoc,049,8938,950,365,1315,11
2023-01-13,Mono,051,14174,3304,297,3601,8
2023-01-13,Monterey,053,433212,97113,22819,119932,794
2023-01-13,Napa,055,140530,34067,1506,35573,163
2023-01-13,Nevada,057,99092,19984,2241,22225,137
2023-01-13,Orange,059,3164182,705592,75526,781118,7901
2023-01-13,Placer,061,380077,80055,10260,90315,679
2023-01-13,Plumas,063,18699,3802,457,4259,14
2023-01-13,Riverside,065,2383286,728621,40263,768884,6793
2023-01-13,Sacramento,067,1510023,366696,37496,404192,3506
2023-01-13,San Benito,069,59416,17437,1104,18541,111
2023-01-13,San Bernardino,071,2135413,704346,33854,738200,8137
2023-01-13,San Diego,073,3302833,973272,78959,1052231,5760
2023-01-13,San Francisco,075,870044,192655,13033,205688,1160
2023-01-13,San Joaquin,077,732212,207559,16591,224150,2416
2023-01-13,San Luis Obispo,079,281455,65719,7991,73710,552
2023-01-13,San Mateo,081,765935,180516,10947,191463,747
2023-01-13,Santa Barbara,083,443738,110838,7509,118347,753
2023-01-13,Santa Clara,085,1922200,468311,20755,489066,2692
2023-01-13,Santa Cruz,087,273765,67378,3809,71187,276
2023-01-13,Shasta,089,179085,36358,8225,44583,608
2023-01-13,Sierra,091,2930,311,61,372,5
2023-01-13,Siskiyou,093,43540,5401,3422,8823,95
2023-01-13,Solano,095,438530,112193,8478,120671,475
2023-01-13,Sonoma,097,501317,112224,5681,117905,549
2023-01-13,Stanislaus,099,539301,143559,22695,166254,1834
2023-01-13,Sutter,101,95872,25461,2527,27988,237
2023-01-13,Tehama,103,63373,14368,3370,17738,232
2023-01-13,Trinity,105,12862,1459,502,1961,23
2023-01-13,Tulare,107,460477,126958,39634,166592,1577
2023-01-13,Tuolumne,109,53932,16651,979,17630,208
2023-01-13,Ventura,111,848112,218868,17774,236642,1656
2023-01-13,Yolo,113,214977,49526,4777,54303,438
2023-01-13,Yuba,115,75493,19842,1832,21674,134
2023-01-12,Alameda,001,1643700,373280,21824,395104,2098
2023-01-12,Alpine,002,1148,139,4,143,0
2023-01-12,Amador,005,37829,10408,959,11367,97
2023-01-12,Butte,007,227075,41315,10042,51357,485
2023-01-12,Calaveras,009,45235,8899,635,9534,139
2023-01-12,Colusa,011,21464,3925,1336,5261,22
2023-01-12,Contra Costa,013,1133247,268579,22075,290654,1537
2023-01-12,Del Norte,015,27424,7777,438,8215,56
2023-01-12,El Dorado,017,186661,34201,4495,38696,242
2023-01-12,Fresno,019,978130,291737,34365,326102,2974
2023-01-12,Glenn,021,27897,5752,1993,7745,56
2023-01-12,Humboldt,023,135768,23171,5765,28936,167
2023-01-12,Imperial,025,180216,69288,18632,87920,977
2023-01-12,Inyo,027,18085,4720,1244,5964,62
2023-01-12,Kern,029,883053,228134,71036,299170,2472
2023-01-12,Kings,031,150075,62205,4380,66585,479
2023-01-12,Lake,033,64148,13500,1267,14767,156
2023-01-12,Lassen,035,31185,10232,1057,11289,65
2023-01-12,Los Angeles,037,10098052,3455025,211475,3666500,35022
2023-01-12,Madera,039,155013,45917,8789,54706,376
2023-01-12,Marin,041,260295,39799,5555,45354,260
2023-01-12,Mariposa,043,17540,3325,358,3683,31
2023-01-12,Mendocino,045,87422,16721,4770,21491,142
2023-01-12,Merced,047,269075,76508,12783,89291,899
2023-01-12,Modoc,049,8938,950,365,1315,11
2023-01-12,Mono,051,14174,3303,297,3600,8
2023-01-12,Monterey,053,433212,97101,22801,119902,794
2023-01-12,Napa,055,140530,34058,1506,35564,163
2023-01-12,Nevada,057,99092,19981,2240,22221,137
2023-01-12,Orange,059,3164182,705361,75469,780830,7895
2023-01-12,Placer,061,380077,80021,10259,90280,679
2023-01-12,Plumas,063,18699,3802,457,4259,14
2023-01-12,Riverside,065,2383286,728437,40226,768663,6792
2023-01-12,Sacramento,067,1510023,366620,37476,404096,3502
2023-01-12,San Benito,069,59416,17435,1104,18539,111
2023-01-12,San Bernardino,071,2135413,704196,33835,738031,8137
2023-01-12,San Diego,073,3302833,972980,78915,1051895,5758
2023-01-12,San Francisco,075,870044,192582,13024,205606,1160
2023-01-12,San Joaquin,077,732212,207507,16586,224093,2416
2023-01-12,San Luis Obispo,079,281455,65702,7977,73679,552
2023-01-12,San Mateo,081,765935,180458,10945,191403,747
2023-01-12,Santa Barbara,083,443738,110791,7508,118299,753
2023-01-12,Santa Clara,085,1922200,468145,20748,488893,2690
2023-01-12,Santa Cruz,087,273765,67348,3808,71156,276
2023-01-12,Shasta,089,179085,36348,8219,44567,608
2023-01-12,Sierra,091,2930,311,61,372,5
2023-01-12,Siskiyou,093,43540,5401,3422,8823,95
2023-01-12,Solano,095,438530,112157,8472,120629,475
2023-01-12,Sonoma,097,501317,112198,5679,117877,548
2023-01-12,Stanislaus,099,539301,143539,22642,166181,1834
2023-01-12,Sutter,101,95872,25454,2527,27981,237
2023-01-12,Tehama,103,63373,14367,3370,17737,232
2023-01-12,Trinity,105,12862,1459,500,1959,23
2023-01-12,Tulare,107,460477,126933,39620,166553,1575
2023-01-12,Tuolumne,109,53932,16645,976,17621,208
2023-01-12,Ventura,111,848112,218806,17764,236570,1655
2023-01-12,Yolo,113,214977,49516,4776,54292,438
2023-01-12,Yuba,115,75493,19836,1832,21668,134
2023-01-11,Alameda,001,1643700,373135,21815,394950,2097
2023-01-11,Alpine,002,1148,139,4,143,0
2023-01-11,Amador,005,37829,10404,959,11363,97
2023-01-11,Butte,007,227075,41303,10041,51344,485
2023-01-11,Calaveras,009,45235,8898,634,9532,139
2023-01-11,Colusa,011,21464,3924,1335,5259,22
2023-01-11,Contra Costa,013,1133247,268474,22066,290540,1536
2023-01-11,Del Norte,015,27424,7776,438,8214,56
2023-01-11,El Dorado,017,186661,34186,4495,38681,242
2023-01-11,Fresno,019,978130,291665,34347,326012,2972
2023-01-11,Glenn,021,27897,5752,1993,7745,56
2023-01-11,Humboldt,023,135768,23159,5763,28922,167
2023-01-11,Imperial,025,180216,69260,18623,87883,977
2023-01-11,Inyo,027,18085,4718,1242,5960,62
2023-01-11,Kern,029,883053,228061,70977,299038,2472
2023-01-11,Kings,031,150075,62178,4380,66558,479
2023-01-11,Lake,033,64148,13492,1267,14759,155
2023-01-11,Lassen,035,31185,10232,1057,11289,65
2023-01-11,Los Angeles,037,10098052,3454026,211281,3665307,34999
2023-01-11,Madera,039,155013,45907,8787,54694,376
2023-01-11,Marin,041,260295,39783,5553,45336,260
2023-01-11,Mariposa,043,17540,3323,358,3681,31
2023-01-11,Mendocino,045,87422,16717,4768,21485,142
2023-01-11,Merced,047,269075,76493,12780,89273,898
2023-01-11,Modoc,049,8938,949,365,1314,11
2023-01-11,Mono,051,14174,3303,297,3600,8
2023-01-11,Monterey,053,433212,97083,22788,119871,792
2023-01-11,Napa,055,140530,34048,1506,35554,163
2023-01-11,Nevada,057,99092,19977,2239,22216,137
2023-01-11,Orange,059,3164182,705108,75400,780508,7885
2023-01-11,Placer,061,380077,79997,10255,90252,679
2023-01-11,Plumas,063,18699,3802,457,4259,14
2023-01-11,Riverside,065,2383286,728242,40199,768441,6792
2023-01-11,Sacramento,067,1510023,366530,37459,403989,3499
2023-01-11,San Benito,069,59416,17427,1102,18529,111
2023-01-11,San Bernardino,071,2135413,704057,33802,737859,8136
2023-01-11,San Diego,073,3302833,972651,78866,1051517,5757
2023-01-11,San Francisco,075,870044,192527,13017,205544,1160
2023-01-11,San Joaquin,077,732212,207443,16582,224025,2413
2023-01-11,San Luis Obispo,079,281455,65691,7970,73661,551
2023-01-11,San Mateo,081,765935,180403,10942,191345,747
2023-01-11,Santa Barbara,083,443738,110752,7503,118255,753
2023-01-11,Santa Clara,085,1922200,467960,20741,488701,2690
2023-01-11,Santa Cruz,087,273765,67328,3804,71132,276
2023-01-11,Shasta,089,179085,36342,8219,44561,608
2023-01-11,Sierra,091,2930,311,61,372,5
2023-01-11,Siskiyou,093,43540,5400,3422,8822,95
2023-01-11,Solano,095,438530,112128,8467,120595,475
2023-01-11,Sonoma,097,501317,112164,5676,117840,547
2023-01-11,Stanislaus,099,539301,143518,22598,166116,1833
2023-01-11,Sutter,101,95872,25447,2526,27973,237
2023-01-11,Tehama,103,63373,14364,3368,17732,232
2023-01-11,Trinity,105,12862,1459,500,1959,23
2023-01-11,Tulare,107,460477,126905,39600,166505,1573
2023-01-11,Tuolumne,109,53932,16637,974,17611,208
2023-01-11,Ventura,111,848112,218745,17753,236498,1655
2023-01-11,Yolo,113,214977,49505,4773,54278,437
2023-01-11,Yuba,115,75493,19831,1829,21660,134
2023-01-10,Alameda,001,1643700,373015,21803,394818,2096
2023-01-10,Alpine,002,1148,139,4,143,0
2023-01-10,Amador,005,37829,10404,959,11363,97
2023-01-10,Butte,007,227075,41289,10036,51325,485
2023-01-10,Calaveras,009,45235,8897,634,9531,139
2023-01-10,Colusa,011,21464,3924,1334,5258,22
2023-01-10,Contra Costa,013,1133247,268374,22051,290425,1536
2023-01-10,Del Norte,015,27424,7773,437,8210,56
2023-01-10,El Dorado,017,186661,34176,4493,38669,242
2023-01-10,Fresno,019,978130,291584,34332,325916,2972
2023-01-10,Glenn,021,27897,5751,1993,7744,56
2023-01-10,Humboldt,023,135768,23156,5759,28915,167
2023-01-10,Imperial,025,180216,69239,18612,87851,975
2023-01-10,Inyo,027,18085,4717,1242,5959,62
2023-01-10,Kern,029,883053,228003,70920,298923,2471
2023-01-10,Kings,031,150075,62156,4379,66535,479
2023-01-10,Lake,033,64148,13487,1267,14754,155
2023-01-10,Lassen,035,31185,10229,1057,11286,65
2023-01-10,Los Angeles,037,10098052,3452840,211097,3663937,34980
2023-01-10,Madera,039,155013,45898,8784,54682,376
2023-01-10,Marin,041,260295,39764,5551,45315,260
2023-01-10,Mariposa,043,17540,3320,358,3678,31
2023-01-10,Mendocino,045,87422,16713,4766,21479,142
2023-01-10,Merced,047,269075,76472,12774,89246,898
2023-01-10,Modoc,049,8938,949,365,1314,11
2023-01-10,Mono,051,14174,3303,296,3599,8
2023-01-10,Monterey,053,433212,97067,22764,119831,792
2023-01-10,Napa,055,140530,34036,1506,35542,163
2023-01-10,Nevada,057,99092,19972,2238,22210,137
2023-01-10,Orange,059,3164182,704868,75335,780203,7879
2023-01-10,Placer,061,380077,79969,10252,90221,679
2023-01-10,Plumas,063,18699,3802,457,4259,14
2023-01-10,Riverside,065,2383286,728007,40169,768176,6787
2023-01-10,Sacramento,067,1510023,366428,37436,403864,3499
2023-01-10,San Benito,069,59416,17422,1102,18524,111
2023-01-10,San Bernardino,071,2135413,703861,33780,737641,8136
2023-01-10,San Diego,073,3302833,972278,78801,1051079,5756
2023-01-10,San Francisco,075,870044,192454,13012,205466,1160
2023-01-10,San Joaquin,077,732212,207371,16578,223949,2412
2023-01-10,San Luis Obispo,079,281455,65665,7958,73623,551
2023-01-10,San Mateo,081,765935,180330,10938,191268,747
2023-01-10,Santa Barbara,083,443738,110706,7493,118199,753
2023-01-10,Santa Clara,085,1922200,467728,20727,488455,2689
2023-01-10,Santa Cruz,087,273765,67300,3797,71097,276
2023-01-10,Shasta,089,179085,36330,8218,44548,608
2023-01-10,Sierra,091,2930,311,61,372,5
2023-01-10,Siskiyou,093,43540,5399,3422,8821,95
2023-01-10,Solano,095,438530,112086,8463,120549,475
2023-01-10,Sonoma,097,501317,112130,5674,117804,547
2023-01-10,Stanislaus,099,539301,143474,22594,166068,1833
2023-01-10,Sutter,101,95872,25436,2526,27962,237
2023-01-10,Tehama,103,63373,14359,3367,17726,232
2023-01-10,Trinity,105,12862,1457,500,1957,23
2023-01-10,Tulare,107,460477,126855,39579,166434,1573
2023-01-10,Tuolumne,109,53932,16632,974,17606,208
2023-01-10,Ventura,111,848112,218662,17739,236401,1655
2023-01-10,Yolo,113,214977,49499,4771,54270,437
2023-01-10,Yuba,115,75493,19822,1828,21650,134
2023-01-09,Alameda,001,1643700,372841,21786,394627,2094
2023-01-09,Alpine,002,1148,139,4,143,0
2023-01-09,Amador,005,37829,10399,959,11358,97
2023-01-09,Butte,007,227075,41278,10031,51309,485
2023-01-09,Calaveras,009,45235,8894,634,9528,139
2023-01-09,Colusa,011,21464,3922,1334,5256,22
2023-01-09,Contra Costa,013,1133247,268259,22041,290300,1535
2023-01-09,Del Norte,015,27424,7773,437,8210,56
2023-01-09,El Dorado,017,186661,34171,4492,38663,242
2023-01-09,Fresno,019,978130,291476,34314,325790,2972
2023-01-09,Glenn,021,27897,5750,1993,7743,56
2023-01-09,Humboldt,023,135768,23149,5751,28900,167
2023-01-09,Imperial,025,180216,69217,18602,87819,975
2023-01-09,Inyo,027,18085,4715,1239,5954,62
2023-01-09,Kern,029,883053,227960,70874,298834,2470
2023-01-09,Kings,031,150075,62133,4377,66510,479
2023-01-09,Lake,033,64148,13484,1267,14751,155
2023-01-09,Lassen,035,31185,10228,1056,11284,65
2023-01-09,Los Angeles,037,10098052,3451749,210908,3662657,34959
2023-01-09,Madera,039,155013,45885,8774,54659,376
2023-01-09,Marin,041,260295,39745,5546,45291,260
2023-01-09,Mariposa,043,17540,3320,358,3678,31
2023-01-09,Mendocino,045,87422,16709,4764,21473,142
2023-01-09,Merced,047,269075,76448,12772,89220,898
2023-01-09,Modoc,049,8938,949,365,1314,11
2023-01-09,Mono,051,14174,3301,296,3597,8
2023-01-09,Monterey,053,433212,97046,22744,119790,792
2023-01-09,Napa,055,140530,34029,1503,35532,163
2023-01-09,Nevada,057,99092,19968,2238,22206,137
2023-01-09,Orange,059,3164182,704590,75235,779825,7874
2023-01-09,Placer,061,380077,79943,10248,90191,679
2023-01-09,Plumas,063,18699,3802,456,4258,14
2023-01-09,Riverside,065,2383286,727784,40138,767922,6783
2023-01-09,Sacramento,067,1510023,366312,37424,403736,3490
2023-01-09,San Benito,069,59416,17418,1102,18520,111
2023-01-09,San Bernardino,071,2135413,703680,33759,737439,8136
2023-01-09,San Diego,073,3302833,971840,78735,1050575,5751
2023-01-09,San Francisco,075,870044,192368,13004,205372,1160
2023-01-09,San Joaquin,077,732212,207309,16567,223876,2411
2023-01-09,San Luis Obispo,079,281455,65648,7951,73599,551
2023-01-09,San Mateo,081,765935,180250,10934,191184,747
2023-01-09,Santa Barbara,083,443738,110677,7492,118169,753
2023-01-09,Santa Clara,085,1922200,467521,20707,488228,2686
2023-01-09,Santa Cruz,087,273765,67263,3794,71057,276
2023-01-09,Shasta,089,179085,36326,8216,44542,608
2023-01-09,Sierra,091,2930,311,61,372,5
2023-01-09,Siskiyou,093,43540,5398,3421,8819,95
2023-01-09,Solano,095,438530,112034,8456,120490,475
2023-01-09,Sonoma,097,501317,112101,5671,117772,547
2023-01-09,Stanislaus,099,539301,143429,22587,166016,1833
2023-01-09,Sutter,101,95872,25426,2526,27952,237
2023-01-09,Tehama,103,63373,14357,3364,17721,232
2023-01-09,Trinity,105,12862,1457,498,1955,23
2023-01-09,Tulare,107,460477,126804,39558,166362,1573
2023-01-09,Tuolumne,109,53932,16626,973,17599,208
2023-01-09,Ventura,111,848112,218582,17728,236310,1654
2023-01-09,Yolo,113,214977,49487,4770,54257,437
2023-01-09,Yuba,115,75493,19811,1828,21639,134
2023-01-08,Alameda,001,1643700,372625,21765,394390,2093
2023-01-08,Alpine,002,1148,139,4,143,0
2023-01-08,Amador,005,37829,10393,958,11351,97
2023-01-08,Butte,007,227075,41264,10025,51289,484
2023-01-08,Calaveras,009,45235,8889,634,9523,139
2023-01-08,Colusa,011,21464,3922,1332,5254,22
2023-01-08,Contra Costa,013,1133247,268125,22028,290153,1535
2023-01-08,Del Norte,015,27424,7770,437,8207,56
2023-01-08,El Dorado,017,186661,34163,4492,38655,242
2023-01-08,Fresno,019,978130,291365,34301,325666,2970
2023-01-08,Glenn,021,27897,5749,1993,7742,56
2023-01-08,Humboldt,023,135768,23140,5742,28882,167
2023-01-08,Imperial,025,180216,69193,18593,87786,975
2023-01-08,Inyo,027,18085,4713,1238,5951,62
2023-01-08,Kern,029,883053,227875,70808,298683,2469
2023-01-08,Kings,031,150075,62109,4375,66484,479
2023-01-08,Lake,033,64148,13478,1267,14745,155
2023-01-08,Lassen,035,31185,10226,1055,11281,65
2023-01-08,Los Angeles,037,10098052,3450356,210657,3661013,34941
2023-01-08,Madera,039,155013,45865,8769,54634,376
2023-01-08,Marin,041,260295,39723,5541,45264,260
2023-01-08,Mariposa,043,17540,3320,358,3678,31
2023-01-08,Mendocino,045,87422,16698,4762,21460,142
2023-01-08,Merced,047,269075,76417,12765,89182,897
2023-01-08,Modoc,049,8938,949,364,1313,11
2023-01-08,Mono,051,14174,3298,296,3594,8
2023-01-08,Monterey,053,433212,97022,22713,119735,791
2023-01-08,Napa,055,140530,34005,1502,35507,163
2023-01-08,Nevada,057,99092,19959,2235,22194,137
2023-01-08,Orange,059,3164182,704266,75122,779388,7865
2023-01-08,Placer,061,380077,79902,10244,90146,679
2023-01-08,Plumas,063,18699,3802,456,4258,14
2023-01-08,Riverside,065,2383286,727510,40082,767592,6781
2023-01-08,Sacramento,067,1510023,366169,37395,403564,3484
2023-01-08,San Benito,069,59416,17413,1102,18515,111
2023-01-08,San Bernardino,071,2135413,703431,33728,737159,8135
2023-01-08,San Diego,073,3302833,971293,78637,1049930,5748
2023-01-08,San Francisco,075,870044,192242,12992,205234,1160
2023-01-08,San Joaquin,077,732212,207226,16559,223785,2410
2023-01-08,San Luis Obispo,079,281455,65631,7942,73573,551
2023-01-08,San Mateo,081,765935,180153,10929,191082,747
2023-01-08,Santa Barbara,083,443738,110646,7484,118130,753
2023-01-08,Santa Clara,085,1922200,467225,20689,487914,2686
2023-01-08,Santa Cruz,087,273765,67244,3792,71036,276
2023-01-08,Shasta,089,179085,36319,8212,44531,608
2023-01-08,Sierra,091,2930,311,61,372,5
2023-01-08,Siskiyou,093,43540,5394,3421,8815,95
2023-01-08,Solano,095,438530,111954,8452,120406,475
2023-01-08,Sonoma,097,501317,112048,5668,117716,547
2023-01-08,Stanislaus,099,539301,143388,22578,165966,1833
2023-01-08,Sutter,101,95872,25416,2526,27942,237
2023-01-08,Tehama,103,63373,14354,3361,17715,231
2023-01-08,Trinity,105,12862,1457,498,1955,23
2023-01-08,Tulare,107,460477,126755,39536,166291,1572
2023-01-08,Tuolumne,109,53932,16619,972,17591,207
2023-01-08,Ventura,111,848112,218491,17711,236202,1654
2023-01-08,Yolo,113,214977,49466,4765,54231,436
2023-01-08,Yuba,115,75493,19808,1828,21636,134
2023-01-07,Alameda,001,1643700,372525,21750,394275,2093
2023-01-07,Alpine,002,1148,139,4,143,0
2023-01-07,Amador,005,37829,10392,958,11350,97
2023-01-07,Butte,007,227075,41258,10021,51279,484
2023-01-07,Calaveras,009,45235,8888,633,9521,139
2023-01-07,Colusa,011,21464,3921,1332,5253,22
2023-01-07,Contra Costa,013,1133247,268042,22024,290066,1535
2023-01-07,Del Norte,015,27424,7768,437,8205,56
2023-01-07,El Dorado,017,186661,34155,4490,38645,242
2023-01-07,Fresno,019,978130,291308,34296,325604,2970
2023-01-07,Glenn,021,27897,5748,1991,7739,56
2023-01-07,Humboldt,023,135768,23135,5736,28871,167
2023-01-07,Imperial,025,180216,69178,18593,87771,975
2023-01-07,Inyo,027,18085,4713,1238,5951,62
2023-01-07,Kern,029,883053,227830,70752,298582,2468
2023-01-07,Kings,031,150075,62092,4373,66465,479
2023-01-07,Lake,033,64148,13476,1267,14743,155
2023-01-07,Lassen,035,31185,10224,1055,11279,65
2023-01-07,Los Angeles,037,10098052,3449490,210522,3660012,34927
2023-01-07,Madera,039,155013,45856,8769,54625,376
2023-01-07,Marin,041,260295,39708,5541,45249,260
2023-01-07,Mariposa,043,17540,3319,358,3677,31
2023-01-07,Mendocino,045,87422,16692,4761,21453,142
2023-01-07,Merced,047,269075,76402,12765,89167,897
2023-01-07,Modoc,049,8938,949,364,1313,11
2023-01-07,Mono,051,14174,3298,296,3594,8
2023-01-07,Monterey,053,433212,97004,22707,119711,791
2023-01-07,Napa,055,140530,34002,1501,35503,163
2023-01-07,Nevada,057,99092,19958,2234,22192,137
2023-01-07,Orange,059,3164182,704069,75047,779116,7861
2023-01-07,Placer,061,380077,79874,10242,90116,679
2023-01-07,Plumas,063,18699,3802,456,4258,14
2023-01-07,Riverside,065,2383286,727360,40062,767422,6779
2023-01-07,Sacramento,067,1510023,366099,37388,403487,3484
2023-01-07,San Benito,069,59416,17409,1102,18511,111
2023-01-07,San Bernardino,071,2135413,703259,33712,736971,8135
2023-01-07,San Diego,073,3302833,971020,78620,1049640,5743
2023-01-07,San Francisco,075,870044,192177,12985,205162,1159
2023-01-07,San Joaquin,077,732212,207176,16550,223726,2410
2023-01-07,San Luis Obispo,079,281455,65622,7936,73558,550
2023-01-07,San Mateo,081,765935,180110,10920,191030,747
2023-01-07,Santa Barbara,083,443738,110607,7473,118080,753
2023-01-07,Santa Clara,085,1922200,467076,20679,487755,2684
2023-01-07,Santa Cruz,087,273765,67232,3789,71021,276
2023-01-07,Shasta,089,179085,36312,8211,44523,608
2023-01-07,Sierra,091,2930,311,61,372,5
2023-01-07,Siskiyou,093,43540,5391,3421,8812,95
2023-01-07,Solano,095,438530,111928,8450,120378,475
2023-01-07,Sonoma,097,501317,112040,5668,117708,547
2023-01-07,Stanislaus,099,539301,143355,22571,165926,1832
2023-01-07,Sutter,101,95872,25410,2525,27935,237
2023-01-07,Tehama,103,63373,14352,3359,17711,231
2023-01-07,Trinity,105,12862,1457,498,1955,23
2023-01-07,Tulare,107,460477,126734,39524,166258,1571
2023-01-07,Tuolumne,109,53932,16611,972,17583,207
2023-01-07,Ventura,111,848112,218442,17689,236131,1654
2023-01-07,Yolo,113,214977,49456,4763,54219,436
2023-01-07,Yuba,115,75493,19801,1828,21629,134
2023-01-06,Alameda,001,1643700,372402,21741,394143,2093
2023-01-06,Alpine,002,1148,139,4,143,0
2023-01-06,Amador,005,37829,10389,957,11346,97
2023-01-06,Butte,007,227075,41249,10017,51266,483
2023-01-06,Calaveras,009,45235,8888,633,9521,139
2023-01-06,Colusa,011,21464,3920,1331,5251,22
2023-01-06,Contra Costa,013,1133247,267954,22019,289973,1534
2023-01-06,Del Norte,015,27424,7767,437,8204,56
2023-01-06,El Dorado,017,186661,34145,4489,38634,242
2023-01-06,Fresno,019,978130,291225,34282,325507,2970
2023-01-06,Glenn,021,27897,5746,1991,7737,56
2023-01-06,Humboldt,023,135768,23129,5733,28862,167
2023-01-06,Imperial,025,180216,69167,18591,87758,975
2023-01-06,Inyo,027,18085,4712,1236,5948,62
2023-01-06,Kern,029,883053,227792,70694,298486,2467
2023-01-06,Kings,031,150075,62075,4373,66448,479
2023-01-06,Lake,033,64148,13473,1267,14740,155
2023-01-06,Lassen,035,31185,10221,1055,11276,65
2023-01-06,Los Angeles,037,10098052,3448503,210343,3658846,34910
2023-01-06,Madera,039,155013,45848,8764,54612,376
2023-01-06,Marin,041,260295,39693,5539,45232,260
2023-01-06,Mariposa,043,17540,3319,357,3676,31
2023-01-06,Mendocino,045,87422,16688,4761,21449,142
2023-01-06,Merced,047,269075,76383,12763,89146,897
2023-01-06,Modoc,049,8938,949,364,1313,11
2023-01-06,Mono,051,14174,3298,295,3593,8
2023-01-06,Monterey,053,433212,96989,22686,119675,791
2023-01-06,Napa,055,140530,33990,1498,35488,163
2023-01-06,Nevada,057,99092,19956,2233,22189,137
2023-01-06,Orange,059,3164182,703806,74964,778770,7858
2023-01-06,Placer,061,380077,79848,10241,90089,679
2023-01-06,Plumas,063,18699,3802,456,4258,14
2023-01-06,Riverside,065,2383286,727175,40033,767208,6776
2023-01-06,Sacramento,067,1510023,366003,37384,403387,3484
2023-01-06,San Benito,069,59416,17401,1098,18499,111
2023-01-06,San Bernardino,071,2135413,703077,33697,736774,8134
2023-01-06,San Diego,073,3302833,970698,78589,1049287,5739
2023-01-06,San Francisco,075,870044,192104,12980,205084,1157
2023-01-06,San Joaquin,077,732212,207114,16545,223659,2408
2023-01-06,San Luis Obispo,079,281455,65608,7931,73539,550
2023-01-06,San Mateo,081,765935,180059,10914,190973,747
2023-01-06,Santa Barbara,083,443738,110560,7470,118030,753
2023-01-06,Santa Clara,085,1922200,466898,20667,487565,2683
2023-01-06,Santa Cruz,087,273765,67217,3784,71001,276
2023-01-06,Shasta,089,179085,36307,8209,44516,608
2023-01-06,Sierra,091,2930,311,61,372,5
2023-01-06,Siskiyou,093,43540,5389,3421,8810,95
2023-01-06,Solano,095,438530,111887,8447,120334,475
2023-01-06,Sonoma,097,501317,112015,5664,117679,546
2023-01-06,Stanislaus,099,539301,143332,22568,165900,1832
2023-01-06,Sutter,101,95872,25407,2525,27932,237
2023-01-06,Tehama,103,63373,14349,3358,17707,231
2023-01-06,Trinity,105,12862,1457,495,1952,23
2023-01-06,Tulare,107,460477,126711,39507,166218,1570
2023-01-06,Tuolumne,109,53932,16600,972,17572,207
2023-01-06,Ventura,111,848112,218377,17682,236059,1654
2023-01-06,Yolo,113,214977,49445,4761,54206,435
2023-01-06,Yuba,115,75493,19793,1828,21621,134
2023-01-05,Alameda,001,1643700,372180,21726,393906,2088
2023-01-05,Alpine,002,1148,139,4,143,0
2023-01-05,Amador,005,37829,10388,957,11345,97
2023-01-05,Butte,007,227075,41238,10010,51248,483
2023-01-05,Calaveras,009,45235,8887,633,9520,139
2023-01-05,Colusa,011,21464,3917,1331,5248,22
2023-01-05,Contra Costa,013,1133247,267796,22015,289811,1533
2023-01-05,Del Norte,015,27424,7765,437,8202,56
2023-01-05,El Dorado,017,186661,34129,4489,38618,242
2023-01-05,Fresno,019,978130,291118,34267,325385,2968
2023-01-05,Glenn,021,27897,5745,1990,7735,56
2023-01-05,Humboldt,023,135768,23117,5726,28843,167
2023-01-05,Imperial,025,180216,69139,18578,87717,975
2023-01-05,Inyo,027,18085,4712,1235,5947,62
2023-01-05,Kern,029,883053,227691,70620,298311,2467
2023-01-05,Kings,031,150075,62052,4373,66425,479
2023-01-05,Lake,033,64148,13464,1265,14729,155
2023-01-05,Lassen,035,31185,10219,1050,11269,65
2023-01-05,Los Angeles,037,10098052,3447054,210087,3657141,34886
2023-01-05,Madera,039,155013,45835,8752,54587,376
2023-01-05,Marin,041,260295,39675,5535,45210,260
2023-01-05,Mariposa,043,17540,3316,357,3673,31
2023-01-05,Mendocino,045,87422,16682,4761,21443,142
2023-01-05,Merced,047,269075,76354,12750,89104,897
2023-01-05,Modoc,049,8938,949,364,1313,11
2023-01-05,Mono,051,14174,3294,295,3589,8
2023-01-05,Monterey,053,433212,96961,22653,119614,789
2023-01-05,Napa,055,140530,33975,1495,35470,163
2023-01-05,Nevada,057,99092,19949,2233,22182,137
2023-01-05,Orange,059,3164182,703445,74848,778293,7851
2023-01-05,Placer,061,380077,79808,10239,90047,679
2023-01-05,Plumas,063,18699,3799,456,4255,14
2023-01-05,Riverside,065,2383286,726907,39988,766895,6774
2023-01-05,Sacramento,067,1510023,365833,37367,403200,3482
2023-01-05,San Benito,069,59416,17394,1097,18491,111
2023-01-05,San Bernardino,071,2135413,702848,33681,736529,8134
2023-01-05,San Diego,073,3302833,970245,78501,1048746,5733
2023-01-05,San Francisco,075,870044,191960,12963,204923,1156
2023-01-05,San Joaquin,077,732212,207028,16539,223567,2406
2023-01-05,San Luis Obispo,079,281455,65584,7919,73503,549
2023-01-05,San Mateo,081,765935,179953,10904,190857,747
2023-01-05,Santa Barbara,083,443738,110502,7460,117962,751
2023-01-05,Santa Clara,085,1922200,466578,20651,487229,2679
2023-01-05,Santa Cruz,087,273765,67191,3783,70974,276
2023-01-05,Shasta,089,179085,36298,8204,44502,608
2023-01-05,Sierra,091,2930,311,61,372,5
2023-01-05,Siskiyou,093,43540,5386,3421,8807,95
2023-01-05,Solano,095,438530,111825,8440,120265,475
2023-01-05,Sonoma,097,501317,111958,5660,117618,546
2023-01-05,Stanislaus,099,539301,143283,22556,165839,1832
2023-01-05,Sutter,101,95872,25394,2525,27919,237
2023-01-05,Tehama,103,63373,14344,3354,17698,231
2023-01-05,Trinity,105,12862,1456,494,1950,23
2023-01-05,Tulare,107,460477,126668,39480,166148,1570
2023-01-05,Tuolumne,109,53932,16583,972,17555,207
2023-01-05,Ventura,111,848112,218273,17663,235936,1651
2023-01-05,Yolo,113,214977,49432,4758,54190,435
2023-01-05,Yuba,115,75493,19787,1827,21614,134
2023-01-04,Alameda,001,1643700,371949,21702,393651,2087
2023-01-04,Alpine,002,1148,139,4,143,0
2023-01-04,Amador,005,37829,10382,956,11338,97
2023-01-04,Butte,007,227075,41225,9996,51221,482
2023-01-04,Calaveras,009,45235,8885,632,9517,139
2023-01-04,Colusa,011,21464,3915,1329,5244,22
2023-01-04,Contra Costa,013,1133247,267627,21998,289625,1533
2023-01-04,Del Norte,015,27424,7763,437,8200,56
2023-01-04,El Dorado,017,186661,34120,4489,38609,242
2023-01-04,Fresno,019,978130,290995,34251,325246,2968
2023-01-04,Glenn,021,27897,5745,1987,7732,56
2023-01-04,Humboldt,023,135768,23113,5723,28836,167
2023-01-04,Imperial,025,180216,69124,18561,87685,975
2023-01-04,Inyo,027,18085,4708,1232,5940,62
2023-01-04,Kern,029,883053,227589,70534,298123,2467
2023-01-04,Kings,031,150075,62030,4373,66403,479
2023-01-04,Lake,033,64148,13461,1264,14725,154
2023-01-04,Lassen,035,31185,10215,1048,11263,65
2023-01-04,Los Angeles,037,10098052,3445532,209841,3655373,34857
2023-01-04,Madera,039,155013,45822,8748,54570,376
2023-01-04,Marin,041,260295,39650,5532,45182,260
2023-01-04,Mariposa,043,17540,3316,357,3673,31
2023-01-04,Mendocino,045,87422,16678,4755,21433,141
2023-01-04,Merced,047,269075,76331,12747,89078,897
2023-01-04,Modoc,049,8938,947,364,1311,11
2023-01-04,Mono,051,14174,3293,295,3588,8
2023-01-04,Monterey,053,433212,96924,22626,119550,788
2023-01-04,Napa,055,140530,33948,1495,35443,163
2023-01-04,Nevada,057,99092,19941,2231,22172,137
2023-01-04,Orange,059,3164182,703096,74739,777835,7844
2023-01-04,Placer,061,380077,79774,10236,90010,679
2023-01-04,Plumas,063,18699,3799,456,4255,14
2023-01-04,Riverside,065,2383286,726625,39935,766560,6770
2023-01-04,Sacramento,067,1510023,365707,37329,403036,3481
2023-01-04,San Benito,069,59416,17384,1097,18481,111
2023-01-04,San Bernardino,071,2135413,702623,33652,736275,8133
2023-01-04,San Diego,073,3302833,969686,78408,1048094,5731
2023-01-04,San Francisco,075,870044,191862,12956,204818,1155
2023-01-04,San Joaquin,077,732212,206929,16531,223460,2402
2023-01-04,San Luis Obispo,079,281455,65557,7904,73461,549
2023-01-04,San Mateo,081,765935,179870,10899,190769,747
2023-01-04,Santa Barbara,083,443738,110450,7453,117903,750
2023-01-04,Santa Clara,085,1922200,466284,20629,486913,2678
2023-01-04,Santa Cruz,087,273765,67165,3781,70946,276
2023-01-04,Shasta,089,179085,36281,8204,44485,608
2023-01-04,Sierra,091,2930,311,61,372,5
2023-01-04,Siskiyou,093,43540,5384,3421,8805,95
2023-01-04,Solano,095,438530,111770,8434,120204,474
2023-01-04,Sonoma,097,501317,111922,5656,117578,545
2023-01-04,Stanislaus,099,539301,143246,22546,165792,1831
2023-01-04,Sutter,101,95872,25384,2524,27908,237
2023-01-04,Tehama,103,63373,14341,3353,17694,230
2023-01-04,Trinity,105,12862,1455,494,1949,23
2023-01-04,Tulare,107,460477,126614,39448,166062,1569
2023-01-04,Tuolumne,109,53932,16572,972,17544,207
2023-01-04,Ventura,111,848112,218180,17643,235823,1650
2023-01-04,Yolo,113,214977,49419,4758,54177,435
2023-01-04,Yuba,115,75493,19781,1825,21606,134
2023-01-03,Alameda,001,1643700,371700,21677,393377,2085
2023-01-03,Alpine,002,1148,139,4,143,0
2023-01-03,Amador,005,37829,10374,956,11330,97
2023-01-03,Butte,007,227075,41213,9992,51205,482
2023-01-03,Calaveras,009,45235,8880,631,9511,139
2023-01-03,Colusa,011,21464,3915,1329,5244,22
2023-01-03,Contra Costa,013,1133247,267440,21987,289427,1531
2023-01-03,Del Norte,015,27424,7760,435,8195,56
2023-01-03,El Dorado,017,186661,34102,4487,38589,242
2023-01-03,Fresno,019,978130,290848,34228,325076,2966
2023-01-03,Glenn,021,27897,5744,1984,7728,56
2023-01-03,Humboldt,023,135768,23102,5720,28822,167
2023-01-03,Imperial,025,180216,69095,18544,87639,974
2023-01-03,Inyo,027,18085,4707,1231,5938,62
2023-01-03,Kern,029,883053,227466,70418,297884,2466
2023-01-03,Kings,031,150075,61994,4373,66367,479
2023-01-03,Lake,033,64148,13452,1264,14716,154
2023-01-03,Lassen,035,31185,10212,1046,11258,65
2023-01-03,Los Angeles,037,10098052,3443776,209519,3653295,34842
2023-01-03,Madera,039,155013,45808,8741,54549,376
2023-01-03,Marin,041,260295,39636,5527,45163,260
2023-01-03,Mariposa,043,17540,3315,357,3672,31
2023-01-03,Mendocino,045,87422,16675,4754,21429,140
2023-01-03,Merced,047,269075,76295,12741,89036,897
2023-01-03,Modoc,049,8938,945,364,1309,11
2023-01-03,Mono,051,14174,3292,295,3587,8
2023-01-03,Monterey,053,433212,96894,22603,119497,788
2023-01-03,Napa,055,140530,33921,1493,35414,163
2023-01-03,Nevada,057,99092,19932,2231,22163,137
2023-01-03,Orange,059,3164182,702661,74595,777256,7836
2023-01-03,Placer,061,380077,79723,10228,89951,679
2023-01-03,Plumas,063,18699,3799,456,4255,14
2023-01-03,Riverside,065,2383286,726253,39874,766127,6768
2023-01-03,Sacramento,067,1510023,365506,37306,402812,3480
2023-01-03,San Benito,069,59416,17377,1096,18473,111
2023-01-03,San Bernardino,071,2135413,702306,33618,735924,8131
2023-01-03,San Diego,073,3302833,969015,78304,1047319,5727
2023-01-03,San Francisco,075,870044,191760,12953,204713,1154
2023-01-03,San Joaquin,077,732212,206835,16515,223350,2401
2023-01-03,San Luis Obispo,079,281455,65522,7884,73406,548
2023-01-03,San Mateo,081,765935,179792,10895,190687,747
2023-01-03,Santa Barbara,083,443738,110385,7440,117825,750
2023-01-03,Santa Clara,085,1922200,466016,20607,486623,2675
2023-01-03,Santa Cruz,087,273765,67142,3776,70918,276
2023-01-03,Shasta,089,179085,36274,8204,44478,608
2023-01-03,Sierra,091,2930,311,61,372,5
2023-01-03,Siskiyou,093,43540,5382,3421,8803,95
2023-01-03,Solano,095,438530,111714,8424,120138,474
2023-01-03,Sonoma,097,501317,111878,5656,117534,544
2023-01-03,Stanislaus,099,539301,143191,22541,165732,1829
2023-01-03,Sutter,101,95872,25377,2523,27900,237
2023-01-03,Tehama,103,63373,14333,3352,17685,230
2023-01-03,Trinity,105,12862,1455,492,1947,23
2023-01-03,Tulare,107,460477,126556,39408,165964,1568
2023-01-03,Tuolumne,109,53932,16557,972,17529,207
2023-01-03,Ventura,111,848112,218062,17604,235666,1649
2023-01-03,Yolo,113,214977,49404,4755,54159,435
2023-01-03,Yuba,115,75493,19777,1823,21600,134
2023-01-02,Alameda,001,1643700,371346,21639,392985,2083
2023-01-02,Alpine,002,1148,139,4,143,0
2023-01-02,Amador,005,37829,10371,956,11327,97
2023-01-02,Butte,007,227075,41190,9990,51180,482
2023-01-02,Calaveras,009,45235,8875,631,9506,139
2023-01-02,Colusa,011,21464,3914,1329,5243,22
2023-01-02,Contra Costa,013,1133247,267204,21977,289181,1529
2023-01-02,Del Norte,015,27424,7756,433,8189,56
2023-01-02,El Dorado,017,186661,34084,4484,38568,242
2023-01-02,Fresno,019,978130,290670,34199,324869,2965
2023-01-02,Glenn,021,27897,5742,1982,7724,56
2023-01-02,Humboldt,023,135768,23089,5706,28795,167
2023-01-02,Imperial,025,180216,69056,18505,87561,973
2023-01-02,Inyo,027,18085,4705,1228,5933,62
2023-01-02,Kern,029,883053,227340,70276,297616,2466
2023-01-02,Kings,031,150075,61950,4371,66321,479
2023-01-02,Lake,033,64148,13440,1262,14702,154
2023-01-02,Lassen,035,31185,10209,1044,11253,65
2023-01-02,Los Angeles,037,10098052,3441575,209101,3650676,34818
2023-01-02,Madera,039,155013,45785,8732,54517,376
2023-01-02,Marin,041,260295,39600,5524,45124,260
2023-01-02,Mariposa,043,17540,3311,357,3668,30
2023-01-02,Mendocino,045,87422,16669,4746,21415,140
2023-01-02,Merced,047,269075,76263,12734,88997,897
2023-01-02,Modoc,049,8938,941,364,1305,11
2023-01-02,Mono,051,14174,3289,294,3583,8
2023-01-02,Monterey,053,433212,96876,22579,119455,788
2023-01-02,Napa,055,140530,33897,1492,35389,163
2023-01-02,Nevada,057,99092,19926,2230,22156,137
2023-01-02,Orange,059,3164182,702118,74403,776521,7835
2023-01-02,Placer,061,380077,79683,10222,89905,679
2023-01-02,Plumas,063,18699,3797,456,4253,14
2023-01-02,Riverside,065,2383286,725782,39802,765584,6764
2023-01-02,Sacramento,067,1510023,365289,37279,402568,3474
2023-01-02,San Benito,069,59416,17367,1093,18460,111
2023-01-02,San Bernardino,071,2135413,701922,33555,735477,8130
2023-01-02,San Diego,073,3302833,968246,78184,1046430,5724
2023-01-02,San Francisco,075,870044,191577,12948,204525,1153
2023-01-02,San Joaquin,077,732212,206719,16504,223223,2401
2023-01-02,San Luis Obispo,079,281455,65462,7856,73318,548
2023-01-02,San Mateo,081,765935,179636,10887,190523,747
2023-01-02,Santa Barbara,083,443738,110310,7422,117732,750
2023-01-02,Santa Clara,085,1922200,465543,20574,486117,2673
2023-01-02,Santa Cruz,087,273765,67111,3767,70878,276
2023-01-02,Shasta,089,179085,36266,8196,44462,608
2023-01-02,Sierra,091,2930,311,61,372,5
2023-01-02,Siskiyou,093,43540,5378,3420,8798,95
2023-01-02,Solano,095,438530,111633,8415,120048,474
2023-01-02,Sonoma,097,501317,111818,5652,117470,544
2023-01-02,Stanislaus,099,539301,143126,22528,165654,1827
2023-01-02,Sutter,101,95872,25364,2522,27886,237
2023-01-02,Tehama,103,63373,14329,3352,17681,230
2023-01-02,Trinity,105,12862,1454,487,1941,23
2023-01-02,Tulare,107,460477,126470,39360,165830,1568
2023-01-02,Tuolumne,109,53932,16552,972,17524,207
2023-01-02,Ventura,111,848112,217920,17555,235475,1649
2023-01-02,Yolo,113,214977,49379,4753,54132,435
2023-01-02,Yuba,115,75493,19763,1822,21585,134
2023-01-01,Alameda,001,1643700,371136,21617,392753,2082
2023-01-01,Alpine,002,1148,139,4,143,0
2023-01-01,Amador,005,37829,10369,955,11324,97
2023-01-01,Butte,007,227075,41178,9980,51158,482
2023-01-01,Calaveras,009,45235,8873,630,9503,139
2023-01-01,Colusa,011,21464,3913,1329,5242,22
2023-01-01,Contra Costa,013,1133247,267019,21969,288988,1528
2023-01-01,Del Norte,015,27424,7754,433,8187,56
2023-01-01,El Dorado,017,186661,34059,4483,38542,242
2023-01-01,Fresno,019,978130,290535,34178,324713,2962
2023-01-01,Glenn,021,27897,5739,1973,7712,56
2023-01-01,Humboldt,023,135768,23078,5700,28778,167
2023-01-01,Imperial,025,180216,69038,18495,87533,973
2023-01-01,Inyo,027,18085,4703,1224,5927,62
2023-01-01,Kern,029,883053,227269,70179,297448,2465
2023-01-01,Kings,031,150075,61924,4369,66293,478
2023-01-01,Lake,033,64148,13431,1262,14693,154
2023-01-01,Lassen,035,31185,10208,1043,11251,65
2023-01-01,Los Angeles,037,10098052,3439720,208797,3648517,34799
2023-01-01,Madera,039,155013,45773,8729,54502,376
2023-01-01,Marin,041,260295,39572,5522,45094,260
2023-01-01,Mariposa,043,17540,3309,356,3665,30
2023-01-01,Mendocino,045,87422,16661,4745,21406,140
2023-01-01,Merced,047,269075,76231,12727,88958,897
2023-01-01,Modoc,049,8938,941,364,1305,11
2023-01-01,Mono,051,14174,3288,293,3581,8
2023-01-01,Monterey,053,433212,96848,22561,119409,788
2023-01-01,Napa,055,140530,33886,1491,35377,163
2023-01-01,Nevada,057,99092,19921,2229,22150,137
2023-01-01,Orange,059,3164182,701696,74204,775900,7834
2023-01-01,Placer,061,380077,79653,10215,89868,679
2023-01-01,Plumas,063,18699,3795,456,4251,13
2023-01-01,Riverside,065,2383286,725370,39740,765110,6762
2023-01-01,Sacramento,067,1510023,365121,37253,402374,3470
2023-01-01,San Benito,069,59416,17363,1092,18455,111
2023-01-01,San Bernardino,071,2135413,701597,33519,735116,8128
2023-01-01,San Diego,073,3302833,967738,78099,1045837,5722
2023-01-01,San Francisco,075,870044,191460,12935,204395,1153
2023-01-01,San Joaquin,077,732212,206643,16497,223140,2401
2023-01-01,San Luis Obispo,079,281455,65441,7843,73284,547
2023-01-01,San Mateo,081,765935,179544,10881,190425,747
2023-01-01,Santa Barbara,083,443738,110238,7420,117658,750
2023-01-01,Santa Clara,085,1922200,465235,20550,485785,2670
2023-01-01,Santa Cruz,087,273765,67097,3764,70861,276
2023-01-01,Shasta,089,179085,36257,8191,44448,608
2023-01-01,Sierra,091,2930,311,61,372,5
2023-01-01,Siskiyou,093,43540,5376,3420,8796,95
2023-01-01,Solano,095,438530,111563,8405,119968,474
2023-01-01,Sonoma,097,501317,111773,5649,117422,544
2023-01-01,Stanislaus,099,539301,143069,22521,165590,1827
2023-01-01,Sutter,101,95872,25355,2522,27877,237
2023-01-01,Tehama,103,63373,14323,3351,17674,229
2023-01-01,Trinity,105,12862,1454,487,1941,23
2023-01-01,Tulare,107,460477,126415,39319,165734,1568
2023-01-01,Tuolumne,109,53932,16549,972,17521,207
2023-01-01,Ventura,111,848112,217817,17529,235346,1649
2023-01-01,Yolo,113,214977,49365,4751,54116,435
2023-01-01,Yuba,115,75493,19754,1821,21575,134
2022-12-31,Alameda,001,1643700,370998,21604,392602,2079
2022-12-31,Alpine,002,1148,139,4,143,0
2022-12-31,Amador,005,37829,10367,955,11322,97
2022-12-31,Butte,007,227075,41169,9976,51145,482
2022-12-31,Calaveras,009,45235,8871,630,9501,139
2022-12-31,Colusa,011,21464,3912,1328,5240,22
2022-12-31,Contra Costa,013,1133247,266911,21966,288877,1527
2022-12-31,Del Norte,015,27424,7752,433,8185,56
2022-12-31,El Dorado,017,186661,34046,4481,38527,242
2022-12-31,Fresno,019,978130,290474,34175,324649,2962
2022-12-31,Glenn,021,27897,5738,1970,7708,56
2022-12-31,Humboldt,023,135768,23074,5696,28770,167
2022-12-31,Imperial,025,180216,69030,18494,87524,973
2022-12-31,Inyo,027,18085,4701,1224,5925,62
2022-12-31,Kern,029,883053,227214,70146,297360,2465
2022-12-31,Kings,031,150075,61918,4369,66287,478
2022-12-31,Lake,033,64148,13427,1262,14689,154
2022-12-31,Lassen,035,31185,10207,1043,11250,65
2022-12-31,Los Angeles,037,10098052,3438873,208582,3647455,34782
2022-12-31,Madera,039,155013,45763,8728,54491,376
2022-12-31,Marin,041,260295,39556,5522,45078,260
2022-12-31,Mariposa,043,17540,3308,356,3664,30
2022-12-31,Mendocino,045,87422,16659,4744,21403,140
2022-12-31,Merced,047,269075,76222,12725,88947,897
2022-12-31,Modoc,049,8938,941,364,1305,11
2022-12-31,Mono,051,14174,3288,293,3581,8
2022-12-31,Monterey,053,433212,96823,22550,119373,788
2022-12-31,Napa,055,140530,33882,1491,35373,163
2022-12-31,Nevada,057,99092,19916,2227,22143,137
2022-12-31,Orange,059,3164182,701497,74116,775613,7826
2022-12-31,Placer,061,380077,79623,10209,89832,679
2022-12-31,Plumas,063,18699,3794,456,4250,13
2022-12-31,Riverside,065,2383286,725192,39699,764891,6762
2022-12-31,Sacramento,067,1510023,365041,37240,402281,3464
2022-12-31,San Benito,069,59416,17360,1092,18452,111
2022-12-31,San Bernardino,071,2135413,701444,33494,734938,8128
2022-12-31,San Diego,073,3302833,967549,78068,1045617,5719
2022-12-31,San Francisco,075,870044,191393,12930,204323,1152
2022-12-31,San Joaquin,077,732212,206592,16492,223084,2401
2022-12-31,San Luis Obispo,079,281455,65430,7841,73271,547
2022-12-31,San Mateo,081,765935,179494,10876,190370,747
2022-12-31,Santa Barbara,083,443738,110205,7414,117619,750
2022-12-31,Santa Clara,085,1922200,465084,20530,485614,2668
2022-12-31,Santa Cruz,087,273765,67089,3761,70850,276
2022-12-31,Shasta,089,179085,36255,8190,44445,608
2022-12-31,Sierra,091,2930,311,61,372,5
2022-12-31,Siskiyou,093,43540,5375,3420,8795,95
2022-12-31,Solano,095,438530,111536,8400,119936,474
2022-12-31,Sonoma,097,501317,111735,5646,117381,544
2022-12-31,Stanislaus,099,539301,143033,22518,165551,1826
2022-12-31,Sutter,101,95872,25349,2522,27871,237
2022-12-31,Tehama,103,63373,14318,3351,17669,228
2022-12-31,Trinity,105,12862,1454,487,1941,23
2022-12-31,Tulare,107,460477,126382,39295,165677,1568
2022-12-31,Tuolumne,109,53932,16540,972,17512,207
2022-12-31,Ventura,111,848112,217740,17515,235255,1649
2022-12-31,Yolo,113,214977,49358,4749,54107,434
2022-12-31,Yuba,115,75493,19753,1821,21574,134
2022-12-30,Alameda,001,1643700,370831,21594,392425,2074
2022-12-30,Alpine,002,1148,139,4,143,0
2022-12-30,Amador,005,37829,10367,955,11322,97
2022-12-30,Butte,007,227075,41165,9972,51137,479
2022-12-30,Calaveras,009,45235,8867,630,9497,139
2022-12-30,Colusa,011,21464,3912,1327,5239,22
2022-12-30,Contra Costa,013,1133247,266799,21954,288753,1527
2022-12-30,Del Norte,015,27424,7746,433,8179,56
2022-12-30,El Dorado,017,186661,34038,4479,38517,242
2022-12-30,Fresno,019,978130,290375,34164,324539,2962
2022-12-30,Glenn,021,27897,5738,1969,7707,56
2022-12-30,Humboldt,023,135768,23068,5693,28761,167
2022-12-30,Imperial,025,180216,69017,18492,87509,973
2022-12-30,Inyo,027,18085,4698,1222,5920,62
2022-12-30,Kern,029,883053,227144,70068,297212,2465
2022-12-30,Kings,031,150075,61909,4369,66278,477
2022-12-30,Lake,033,64148,13422,1262,14684,153
2022-12-30,Lassen,035,31185,10206,1042,11248,65
2022-12-30,Los Angeles,037,10098052,3437742,208347,3646089,34767
2022-12-30,Madera,039,155013,45756,8727,54483,376
2022-12-30,Marin,041,260295,39533,5517,45050,260
2022-12-30,Mariposa,043,17540,3306,356,3662,30
2022-12-30,Mendocino,045,87422,16653,4743,21396,140
2022-12-30,Merced,047,269075,76206,12723,88929,896
2022-12-30,Modoc,049,8938,941,364,1305,11
2022-12-30,Mono,051,14174,3288,293,3581,8
2022-12-30,Monterey,053,433212,96801,22537,119338,788
2022-12-30,Napa,055,140530,33872,1491,35363,163
2022-12-30,Nevada,057,99092,19910,2226,22136,137
2022-12-30,Orange,059,3164182,701183,73998,775181,7819
2022-12-30,Placer,061,380077,79596,10197,89793,679
2022-12-30,Plumas,063,18699,3794,456,4250,13
2022-12-30,Riverside,065,2383286,724906,39654,764560,6762
2022-12-30,Sacramento,067,1510023,364926,37227,402153,3464
2022-12-30,San Benito,069,59416,17356,1092,18448,111
2022-12-30,San Bernardino,071,2135413,701184,33472,734656,8128
2022-12-30,San Diego,073,3302833,967151,78008,1045159,5718
2022-12-30,San Francisco,075,870044,191328,12922,204250,1150
2022-12-30,San Joaquin,077,732212,206522,16484,223006,2400
2022-12-30,San Luis Obispo,079,281455,65419,7836,73255,546
2022-12-30,San Mateo,081,765935,179451,10870,190321,747
2022-12-30,Santa Barbara,083,443738,110173,7410,117583,750
2022-12-30,Santa Clara,085,1922200,464900,20511,485411,2666
2022-12-30,Santa Cruz,087,273765,67070,3759,70829,276
2022-12-30,Shasta,089,179085,36249,8190,44439,608
2022-12-30,Sierra,091,2930,311,61,372,5
2022-12-30,Siskiyou,093,43540,5374,3419,8793,95
2022-12-30,Solano,095,438530,111491,8395,119886,474
2022-12-30,Sonoma,097,501317,111686,5643,117329,544
2022-12-30,Stanislaus,099,539301,142994,22514,165508,1826
2022-12-30,Sutter,101,95872,25339,2522,27861,237
2022-12-30,Tehama,103,63373,14313,3351,17664,226
2022-12-30,Trinity,105,12862,1454,487,1941,23
2022-12-30,Tulare,107,460477,126357,39267,165624,1567
2022-12-30,Tuolumne,109,53932,16529,972,17501,207
2022-12-30,Ventura,111,848112,217680,17494,235174,1649
2022-12-30,Yolo,113,214977,49340,4747,54087,434
2022-12-30,Yuba,115,75493,19737,1821,21558,134
2022-12-29,Alameda,001,1643700,370554,21561,392115,2073
2022-12-29,Alpine,002,1148,139,3,142,0
2022-12-29,Amador,005,37829,10361,955,11316,96
2022-12-29,Butte,007,227075,41152,9959,51111,479
2022-12-29,Calaveras,009,45235,8863,629,9492,139
2022-12-29,Colusa,011,21464,3912,1327,5239,22
2022-12-29,Contra Costa,013,1133247,266630,21946,288576,1527
2022-12-29,Del Norte,015,27424,7741,433,8174,56
2022-12-29,El Dorado,017,186661,34022,4475,38497,242
2022-12-29,Fresno,019,978130,290233,34133,324366,2957
2022-12-29,Glenn,021,27897,5735,1968,7703,56
2022-12-29,Humboldt,023,135768,23063,5683,28746,167
2022-12-29,Imperial,025,180216,68995,18476,87471,973
2022-12-29,Inyo,027,18085,4695,1220,5915,62
2022-12-29,Kern,029,883053,226989,69951,296940,2465
2022-12-29,Kings,031,150075,61883,4369,66252,477
2022-12-29,Lake,033,64148,13416,1262,14678,153
2022-12-29,Lassen,035,31185,10203,1041,11244,65
2022-12-29,Los Angeles,037,10098052,3435760,207964,3643724,34736
2022-12-29,Madera,039,155013,45734,8711,54445,376
2022-12-29,Marin,041,260295,39500,5510,45010,260
2022-12-29,Mariposa,043,17540,3305,356,3661,30
2022-12-29,Mendocino,045,87422,16645,4743,21388,140
2022-12-29,Merced,047,269075,76183,12718,88901,896
2022-12-29,Modoc,049,8938,941,364,1305,11
2022-12-29,Mono,051,14174,3287,292,3579,8
2022-12-29,Monterey,053,433212,96764,22518,119282,788
2022-12-29,Napa,055,140530,33851,1490,35341,163
2022-12-29,Nevada,057,99092,19903,2224,22127,137
2022-12-29,Orange,059,3164182,700700,73825,774525,7815
2022-12-29,Placer,061,380077,79551,10193,89744,678
2022-12-29,Plumas,063,18699,3794,456,4250,13
2022-12-29,Riverside,065,2383286,724469,39579,764048,6758
2022-12-29,Sacramento,067,1510023,364661,37202,401863,3462
2022-12-29,San Benito,069,59416,17349,1090,18439,111
2022-12-29,San Bernardino,071,2135413,700776,33435,734211,8128
2022-12-29,San Diego,073,3302833,966439,77893,1044332,5713
2022-12-29,San Francisco,075,870044,191177,12908,204085,1147
2022-12-29,San Joaquin,077,732212,206401,16463,222864,2398
2022-12-29,San Luis Obispo,079,281455,65385,7816,73201,546
2022-12-29,San Mateo,081,765935,179362,10863,190225,747
2022-12-29,Santa Barbara,083,443738,110099,7403,117502,749
2022-12-29,Santa Clara,085,1922200,464476,20491,484967,2663
2022-12-29,Santa Cruz,087,273765,67050,3751,70801,276
2022-12-29,Shasta,089,179085,36230,8183,44413,608
2022-12-29,Sierra,091,2930,311,61,372,5
2022-12-29,Siskiyou,093,43540,5373,3415,8788,95
2022-12-29,Solano,095,438530,111391,8383,119774,473
2022-12-29,Sonoma,097,501317,111626,5634,117260,544
2022-12-29,Stanislaus,099,539301,142923,22495,165418,1825
2022-12-29,Sutter,101,95872,25326,2519,27845,237
2022-12-29,Tehama,103,63373,14308,3349,17657,226
2022-12-29,Trinity,105,12862,1454,487,1941,23
2022-12-29,Tulare,107,460477,126279,39234,165513,1567
2022-12-29,Tuolumne,109,53932,16516,972,17488,207
2022-12-29,Ventura,111,848112,217555,17455,235010,1647
2022-12-29,Yolo,113,214977,49316,4742,54058,433
2022-12-29,Yuba,115,75493,19723,1819,21542,134
2022-12-28,Alameda,001,1643700,370208,21538,391746,2073
2022-12-28,Alpine,002,1148,139,3,142,0
2022-12-28,Amador,005,37829,10352,955,11307,96
2022-12-28,Butte,007,227075,41141,9953,51094,479
2022-12-28,Calaveras,009,45235,8856,629,9485,139
2022-12-28,Colusa,011,21464,3910,1326,5236,22
2022-12-28,Contra Costa,013,1133247,266396,21919,288315,1526
2022-12-28,Del Norte,015,27424,7738,433,8171,56
2022-12-28,El Dorado,017,186661,34000,4474,38474,242
2022-12-28,Fresno,019,978130,290071,34108,324179,2955
2022-12-28,Glenn,021,27897,5733,1966,7699,56
2022-12-28,Humboldt,023,135768,23060,5671,28731,167
2022-12-28,Imperial,025,180216,68957,18440,87397,973
2022-12-28,Inyo,027,18085,4694,1219,5913,62
2022-12-28,Kern,029,883053,226818,69813,296631,2464
2022-12-28,Kings,031,150075,61838,4366,66204,477
2022-12-28,Lake,033,64148,13409,1261,14670,153
2022-12-28,Lassen,035,31185,10203,1041,11244,65
2022-12-28,Los Angeles,037,10098052,3433558,207496,3641054,34718
2022-12-28,Madera,039,155013,45695,8709,54404,376
2022-12-28,Marin,041,260295,39472,5506,44978,260
2022-12-28,Mariposa,043,17540,3303,356,3659,30
2022-12-28,Mendocino,045,87422,16637,4736,21373,139
2022-12-28,Merced,047,269075,76148,12711,88859,895
2022-12-28,Modoc,049,8938,939,363,1302,11
2022-12-28,Mono,051,14174,3285,292,3577,8
2022-12-28,Monterey,053,433212,96742,22494,119236,788
2022-12-28,Napa,055,140530,33820,1489,35309,163
2022-12-28,Nevada,057,99092,19894,2223,22117,137
2022-12-28,Orange,059,3164182,700152,73625,773777,7808
2022-12-28,Placer,061,380077,79496,10179,89675,678
2022-12-28,Plumas,063,18699,3789,456,4245,13
2022-12-28,Riverside,065,2383286,723938,39507,763445,6757
2022-12-28,Sacramento,067,1510023,364419,37176,401595,3460
2022-12-28,San Benito,069,59416,17333,1086,18419,111
2022-12-28,San Bernardino,071,2135413,700264,33380,733644,8128
2022-12-28,San Diego,073,3302833,965617,77774,1043391,5709
2022-12-28,San Francisco,075,870044,191040,12902,203942,1145
2022-12-28,San Joaquin,077,732212,206253,16440,222693,2396
2022-12-28,San Luis Obispo,079,281455,65342,7807,73149,544
2022-12-28,San Mateo,081,765935,179233,10852,190085,747
2022-12-28,Santa Barbara,083,443738,110032,7386,117418,749
2022-12-28,Santa Clara,085,1922200,464096,20478,484574,2661
2022-12-28,Santa Cruz,087,273765,67019,3747,70766,276
2022-12-28,Shasta,089,179085,36210,8174,44384,608
2022-12-28,Sierra,091,2930,311,61,372,5
2022-12-28,Siskiyou,093,43540,5371,3414,8785,95
2022-12-28,Solano,095,438530,111261,8378,119639,473
2022-12-28,Sonoma,097,501317,111561,5626,117187,544
2022-12-28,Stanislaus,099,539301,142848,22489,165337,1825
2022-12-28,Sutter,101,95872,25304,2519,27823,237
2022-12-28,Tehama,103,63373,14297,3348,17645,226
2022-12-28,Trinity,105,12862,1454,487,1941,23
2022-12-28,Tulare,107,460477,126191,39182,165373,1567
2022-12-28,Tuolumne,109,53932,16508,972,17480,207
2022-12-28,Ventura,111,848112,217404,17414,234818,1642
2022-12-28,Yolo,113,214977,49294,4739,54033,433
2022-12-28,Yuba,115,75493,19710,1815,21525,134
2022-12-27,Alameda,001,1643700,369856,21514,391370,2071
2022-12-27,Alpine,002,1148,139,3,142,0
2022-12-27,Amador,005,37829,10342,955,11297,96
2022-12-27,Butte,007,227075,41119,9944,51063,479
2022-12-27,Calaveras,009,45235,8849,629,9478,137
2022-12-27,Colusa,011,21464,3909,1326,5235,22
2022-12-27,Contra Costa,013,1133247,266120,21901,288021,1524
2022-12-27,Del Norte,015,27424,7729,430,8159,56
2022-12-27,El Dorado,017,186661,33967,4471,38438,242
2022-12-27,Fresno,019,978130,289840,34069,323909,2953
2022-12-27,Glenn,021,27897,5731,1965,7696,56
2022-12-27,Humboldt,023,135768,23052,5651,28703,167
2022-12-27,Imperial,025,180216,68907,18423,87330,973
2022-12-27,Inyo,027,18085,4692,1208,5900,62
2022-12-27,Kern,029,883053,226630,69673,296303,2463
2022-12-27,Kings,031,150075,61799,4366,66165,477
2022-12-27,Lake,033,64148,13397,1261,14658,153
2022-12-27,Lassen,035,31185,10199,1038,11237,65
2022-12-27,Los Angeles,037,10098052,3430994,206965,3637959,34700
2022-12-27,Madera,039,155013,45675,8700,54375,376
2022-12-27,Marin,041,260295,39426,5502,44928,260
2022-12-27,Mariposa,043,17540,3300,356,3656,30
2022-12-27,Mendocino,045,87422,16624,4731,21355,139
2022-12-27,Merced,047,269075,76102,12698,88800,895
2022-12-27,Modoc,049,8938,935,363,1298,11
2022-12-27,Mono,051,14174,3283,291,3574,8
2022-12-27,Monterey,053,433212,96699,22468,119167,788
2022-12-27,Napa,055,140530,33797,1488,35285,163
2022-12-27,Nevada,057,99092,19886,2219,22105,137
2022-12-27,Orange,059,3164182,699520,73430,772950,7800
2022-12-27,Placer,061,380077,79435,10169,89604,678
2022-12-27,Plumas,063,18699,3787,456,4243,13
2022-12-27,Riverside,065,2383286,723358,39437,762795,6755
2022-12-27,Sacramento,067,1510023,364114,37140,401254,3458
2022-12-27,San Benito,069,59416,17326,1086,18412,111
2022-12-27,San Bernardino,071,2135413,699699,33306,733005,8128
2022-12-27,San Diego,073,3302833,964687,77637,1042324,5706
2022-12-27,San Francisco,075,870044,190902,12892,203794,1144
2022-12-27,San Joaquin,077,732212,206124,16411,222535,2395
2022-12-27,San Luis Obispo,079,281455,65302,7785,73087,542
2022-12-27,San Mateo,081,765935,179079,10840,189919,747
2022-12-27,Santa Barbara,083,443738,109961,7369,117330,749
2022-12-27,Santa Clara,085,1922200,463634,20453,484087,2658
2022-12-27,Santa Cruz,087,273765,66982,3740,70722,276
2022-12-27,Shasta,089,179085,36189,8163,44352,607
2022-12-27,Sierra,091,2930,310,61,371,5
2022-12-27,Siskiyou,093,43540,5368,3413,8781,95
2022-12-27,Solano,095,438530,111127,8370,119497,473
2022-12-27,Sonoma,097,501317,111488,5607,117095,544
2022-12-27,Stanislaus,099,539301,142744,22472,165216,1824
2022-12-27,Sutter,101,95872,25286,2516,27802,237
2022-12-27,Tehama,103,63373,14281,3347,17628,226
2022-12-27,Trinity,105,12862,1451,487,1938,23
2022-12-27,Tulare,107,460477,126101,39138,165239,1566
2022-12-27,Tuolumne,109,53932,16496,972,17468,207
2022-12-27,Ventura,111,848112,217244,17375,234619,1641
2022-12-27,Yolo,113,214977,49269,4736,54005,433
2022-12-27,Yuba,115,75493,19699,1814,21513,134
2022-12-26,Alameda,001,1643700,369490,21482,390972,2070
2022-12-26,Alpine,002,1148,139,3,142,0
2022-12-26,Amador,005,37829,10337,955,11292,96
2022-12-26,Butte,007,227075,41091,9918,51009,479
2022-12-26,Calaveras,009,45235,8842,628,9470,137
2022-12-26,Colusa,011,21464,3909,1326,5235,22
2022-12-26,Contra Costa,013,1133247,265819,21877,287696,1524
2022-12-26,Del Norte,015,27424,7724,430,8154,56
2022-12-26,El Dorado,017,186661,33937,4467,38404,241
2022-12-26,Fresno,019,978130,289604,34015,323619,2949
2022-12-26,Glenn,021,27897,5730,1964,7694,56
2022-12-26,Humboldt,023,135768,23039,5630,28669,167
2022-12-26,Imperial,025,180216,68851,18362,87213,973
2022-12-26,Inyo,027,18085,4689,1205,5894,62
2022-12-26,Kern,029,883053,226448,69530,295978,2463
2022-12-26,Kings,031,150075,61763,4363,66126,477
2022-12-26,Lake,033,64148,13393,1257,14650,153
2022-12-26,Lassen,035,31185,10196,1036,11232,65
2022-12-26,Los Angeles,037,10098052,3428175,206350,3634525,34673
2022-12-26,Madera,039,155013,45632,8693,54325,376
2022-12-26,Marin,041,260295,39375,5495,44870,260
2022-12-26,Mariposa,043,17540,3296,356,3652,30
2022-12-26,Mendocino,045,87422,16610,4715,21325,139
2022-12-26,Merced,047,269075,76070,12686,88756,895
2022-12-26,Modoc,049,8938,932,363,1295,11
2022-12-26,Mono,051,14174,3279,291,3570,8
2022-12-26,Monterey,053,433212,96660,22451,119111,788
2022-12-26,Napa,055,140530,33773,1488,35261,162
2022-12-26,Nevada,057,99092,19872,2210,22082,137
2022-12-26,Orange,059,3164182,698824,73190,772014,7797
2022-12-26,Placer,061,380077,79379,10163,89542,678
2022-12-26,Plumas,063,18699,3785,456,4241,13
2022-12-26,Riverside,065,2383286,722660,39334,761994,6755
2022-12-26,Sacramento,067,1510023,363770,37105,400875,3455
2022-12-26,San Benito,069,59416,17309,1082,18391,111
2022-12-26,San Bernardino,071,2135413,699050,33224,732274,8127
2022-12-26,San Diego,073,3302833,963613,77459,1041072,5699
2022-12-26,San Francisco,075,870044,190691,12885,203576,1142
2022-12-26,San Joaquin,077,732212,205965,16381,222346,2395
2022-12-26,San Luis Obispo,079,281455,65252,7757,73009,542
2022-12-26,San Mateo,081,765935,178893,10828,189721,747
2022-12-26,Santa Barbara,083,443738,109877,7360,117237,749
2022-12-26,Santa Clara,085,1922200,463097,20434,483531,2656
2022-12-26,Santa Cruz,087,273765,66940,3736,70676,276
2022-12-26,Shasta,089,179085,36166,8153,44319,607
2022-12-26,Sierra,091,2930,310,61,371,5
2022-12-26,Siskiyou,093,43540,5363,3411,8774,95
2022-12-26,Solano,095,438530,110994,8361,119355,471
2022-12-26,Sonoma,097,501317,111391,5596,116987,544
2022-12-26,Stanislaus,099,539301,142651,22454,165105,1821
2022-12-26,Sutter,101,95872,25267,2510,27777,237
2022-12-26,Tehama,103,63373,14275,3340,17615,225
2022-12-26,Trinity,105,12862,1450,487,1937,23
2022-12-26,Tulare,107,460477,125993,39079,165072,1565
2022-12-26,Tuolumne,109,53932,16486,970,17456,206
2022-12-26,Ventura,111,848112,217018,17331,234349,1639
2022-12-26,Yolo,113,214977,49244,4731,53975,432
2022-12-26,Yuba,115,75493,19683,1810,21493,134
2022-12-25,Alameda,001,1643700,369198,21459,390657,2069
2022-12-25,Alpine,002,1148,139,3,142,0
2022-12-25,Amador,005,37829,10331,955,11286,96
2022-12-25,Butte,007,227075,41077,9904,50981,479
2022-12-25,Calaveras,009,45235,8838,627,9465,137
2022-12-25,Colusa,011,21464,3908,1325,5233,22
2022-12-25,Contra Costa,013,1133247,265568,21871,287439,1522
2022-12-25,Del Norte,015,27424,7719,430,8149,56
2022-12-25,El Dorado,017,186661,33921,4466,38387,241
2022-12-25,Fresno,019,978130,289462,33996,323458,2948
2022-12-25,Glenn,021,27897,5730,1962,7692,56
2022-12-25,Humboldt,023,135768,23029,5621,28650,167
2022-12-25,Imperial,025,180216,68816,18341,87157,973
2022-12-25,Inyo,027,18085,4687,1203,5890,62
2022-12-25,Kern,029,883053,226352,69373,295725,2462
2022-12-25,Kings,031,150075,61722,4362,66084,477
2022-12-25,Lake,033,64148,13390,1257,14647,153
2022-12-25,Lassen,035,31185,10194,1034,11228,65
2022-12-25,Los Angeles,037,10098052,3425853,205879,3631732,34648
2022-12-25,Madera,039,155013,45615,8692,54307,376
2022-12-25,Marin,041,260295,39343,5492,44835,260
2022-12-25,Mariposa,043,17540,3296,356,3652,30
2022-12-25,Mendocino,045,87422,16596,4713,21309,139
2022-12-25,Merced,047,269075,76029,12679,88708,894
2022-12-25,Modoc,049,8938,931,363,1294,11
2022-12-25,Mono,051,14174,3274,291,3565,8
2022-12-25,Monterey,053,433212,96628,22437,119065,787
2022-12-25,Napa,055,140530,33755,1485,35240,162
2022-12-25,Nevada,057,99092,19863,2206,22069,137
2022-12-25,Orange,059,3164182,698253,72937,771190,7791
2022-12-25,Placer,061,380077,79344,10157,89501,678
2022-12-25,Plumas,063,18699,3785,456,4241,13
2022-12-25,Riverside,065,2383286,722143,39253,761396,6755
2022-12-25,Sacramento,067,1510023,363582,37081,400663,3453
2022-12-25,San Benito,069,59416,17299,1082,18381,111
2022-12-25,San Bernardino,071,2135413,698556,33172,731728,8126
2022-12-25,San Diego,073,3302833,962965,77360,1040325,5696
2022-12-25,San Francisco,075,870044,190522,12881,203403,1140
2022-12-25,San Joaquin,077,732212,205854,16368,222222,2393
2022-12-25,San Luis Obispo,079,281455,65226,7746,72972,542
2022-12-25,San Mateo,081,765935,178771,10821,189592,747
2022-12-25,Santa Barbara,083,443738,109816,7358,117174,749
2022-12-25,Santa Clara,085,1922200,462725,20407,483132,2656
2022-12-25,Santa Cruz,087,273765,66879,3732,70611,276
2022-12-25,Shasta,089,179085,36153,8148,44301,607
2022-12-25,Sierra,091,2930,310,61,371,5
2022-12-25,Siskiyou,093,43540,5362,3411,8773,95
2022-12-25,Solano,095,438530,110901,8354,119255,470
2022-12-25,Sonoma,097,501317,111329,5595,116924,544
2022-12-25,Stanislaus,099,539301,142583,22446,165029,1820
2022-12-25,Sutter,101,95872,25252,2508,27760,237
2022-12-25,Tehama,103,63373,14268,3339,17607,225
2022-12-25,Trinity,105,12862,1450,487,1937,23
2022-12-25,Tulare,107,460477,125907,39031,164938,1564
2022-12-25,Tuolumne,109,53932,16464,970,17434,205
2022-12-25,Ventura,111,848112,216877,17297,234174,1636
2022-12-25,Yolo,113,214977,49224,4729,53953,432
2022-12-25,Yuba,115,75493,19666,1810,21476,134
2022-12-24,Alameda,001,1643700,369057,21447,390504,2067
2022-12-24,Alpine,002,1148,139,3,142,0
2022-12-24,Amador,005,37829,10329,955,11284,96
2022-12-24,Butte,007,227075,41069,9896,50965,479
2022-12-24,Calaveras,009,45235,8837,626,9463,137
2022-12-24,Colusa,011,21464,3908,1325,5233,22
2022-12-24,Contra Costa,013,1133247,265481,21868,287349,1518
2022-12-24,Del Norte,015,27424,7716,430,8146,56
2022-12-24,El Dorado,017,186661,33906,4465,38371,240
2022-12-24,Fresno,019,978130,289383,33994,323377,2947
2022-12-24,Glenn,021,27897,5730,1962,7692,56
2022-12-24,Humboldt,023,135768,23020,5615,28635,166
2022-12-24,Imperial,025,180216,68802,18334,87136,973
2022-12-24,Inyo,027,18085,4686,1203,5889,62
2022-12-24,Kern,029,883053,226308,69358,295666,2461
2022-12-24,Kings,031,150075,61716,4361,66077,477
2022-12-24,Lake,033,64148,13380,1256,14636,153
2022-12-24,Lassen,035,31185,10192,1034,11226,65
2022-12-24,Los Angeles,037,10098052,3425089,205691,3630780,34622
2022-12-24,Madera,039,155013,45595,8692,54287,376
2022-12-24,Marin,041,260295,39326,5489,44815,260
2022-12-24,Mariposa,043,17540,3294,356,3650,30
2022-12-24,Mendocino,045,87422,16592,4713,21305,139
2022-12-24,Merced,047,269075,76018,12674,88692,894
2022-12-24,Modoc,049,8938,931,363,1294,11
2022-12-24,Mono,051,14174,3272,291,3563,8
2022-12-24,Monterey,053,433212,96604,22426,119030,786
2022-12-24,Napa,055,140530,33740,1485,35225,162
2022-12-24,Nevada,057,99092,19856,2205,22061,137
2022-12-24,Orange,059,3164182,698080,72910,770990,7787
2022-12-24,Placer,061,380077,79316,10156,89472,677
2022-12-24,Plumas,063,18699,3784,454,4238,13
2022-12-24,Riverside,065,2383286,721961,39218,761179,6754
2022-12-24,Sacramento,067,1510023,363509,37073,400582,3451
2022-12-24,San Benito,069,59416,17295,1082,18377,111
2022-12-24,San Bernardino,071,2135413,698373,33146,731519,8124
2022-12-24,San Diego,073,3302833,962736,77313,1040049,5688
2022-12-24,San Francisco,075,870044,190458,12879,203337,1139
2022-12-24,San Joaquin,077,732212,205797,16363,222160,2392
2022-12-24,San Luis Obispo,079,281455,65213,7739,72952,541
2022-12-24,San Mateo,081,765935,178704,10819,189523,747
2022-12-24,Santa Barbara,083,443738,109778,7353,117131,749
2022-12-24,Santa Clara,085,1922200,462564,20394,482958,2654
2022-12-24,Santa Cruz,087,273765,66861,3732,70593,276
2022-12-24,Shasta,089,179085,36147,8145,44292,607
2022-12-24,Sierra,091,2930,310,61,371,5
2022-12-24,Siskiyou,093,43540,5359,3411,8770,95
2022-12-24,Solano,095,438530,110874,8351,119225,469
2022-12-24,Sonoma,097,501317,111296,5593,116889,544
2022-12-24,Stanislaus,099,539301,142534,22441,164975,1819
2022-12-24,Sutter,101,95872,25243,2508,27751,237
2022-12-24,Tehama,103,63373,14259,3338,17597,225
2022-12-24,Trinity,105,12862,1450,487,1937,23
2022-12-24,Tulare,107,460477,125866,39005,164871,1563
2022-12-24,Tuolumne,109,53932,16456,969,17425,204
2022-12-24,Ventura,111,848112,216807,17282,234089,1634
2022-12-24,Yolo,113,214977,49212,4727,53939,432
2022-12-24,Yuba,115,75493,19658,1810,21468,134
2022-12-23,Alameda,001,1643700,368883,21426,390309,2067
2022-12-23,Alpine,002,1148,139,3,142,0
2022-12-23,Amador,005,37829,10324,955,11279,96
2022-12-23,Butte,007,227075,41061,9880,50941,479
2022-12-23,Calaveras,009,45235,8836,625,9461,137
2022-12-23,Colusa,011,21464,3906,1323,5229,22
2022-12-23,Contra Costa,013,1133247,265350,21859,287209,1517
2022-12-23,Del Norte,015,27424,7711,430,8141,56
2022-12-23,El Dorado,017,186661,33886,4464,38350,240
2022-12-23,Fresno,019,978130,289274,33973,323247,2945
2022-12-23,Glenn,021,27897,5727,1961,7688,56
2022-12-23,Humboldt,023,135768,23015,5612,28627,166
2022-12-23,Imperial,025,180216,68775,18328,87103,973
2022-12-23,Inyo,027,18085,4683,1201,5884,62
2022-12-23,Kern,029,883053,226260,69293,295553,2457
2022-12-23,Kings,031,150075,61699,4360,66059,477
2022-12-23,Lake,033,64148,13373,1256,14629,153
2022-12-23,Lassen,035,31185,10190,1034,11224,65
2022-12-23,Los Angeles,037,10098052,3423897,205370,3629267,34602
2022-12-23,Madera,039,155013,45578,8691,54269,376
2022-12-23,Marin,041,260295,39304,5488,44792,260
2022-12-23,Mariposa,043,17540,3294,356,3650,30
2022-12-23,Mendocino,045,87422,16587,4711,21298,139
2022-12-23,Merced,047,269075,76006,12669,88675,894
2022-12-23,Modoc,049,8938,931,363,1294,11
2022-12-23,Mono,051,14174,3272,290,3562,8
2022-12-23,Monterey,053,433212,96577,22408,118985,785
2022-12-23,Napa,055,140530,33721,1484,35205,162
2022-12-23,Nevada,057,99092,19852,2199,22051,137
2022-12-23,Orange,059,3164182,697812,72743,770555,7781
2022-12-23,Placer,061,380077,79292,10150,89442,677
2022-12-23,Plumas,063,18699,3783,454,4237,13
2022-12-23,Riverside,065,2383286,721675,39172,760847,6753
2022-12-23,Sacramento,067,1510023,363393,37068,400461,3449
2022-12-23,San Benito,069,59416,17283,1080,18363,111
2022-12-23,San Bernardino,071,2135413,698101,33114,731215,8124
2022-12-23,San Diego,073,3302833,962303,77270,1039573,5683
2022-12-23,San Francisco,075,870044,190354,12871,203225,1136
2022-12-23,San Joaquin,077,732212,205739,16360,222099,2392
2022-12-23,San Luis Obispo,079,281455,65195,7735,72930,541
2022-12-23,San Mateo,081,765935,178637,10810,189447,747
2022-12-23,Santa Barbara,083,443738,109739,7348,117087,749
2022-12-23,Santa Clara,085,1922200,462377,20377,482754,2651
2022-12-23,Santa Cruz,087,273765,66842,3728,70570,276
2022-12-23,Shasta,089,179085,36140,8143,44283,607
2022-12-23,Sierra,091,2930,310,61,371,5
2022-12-23,Siskiyou,093,43540,5358,3411,8769,95
2022-12-23,Solano,095,438530,110817,8343,119160,469
2022-12-23,Sonoma,097,501317,111247,5592,116839,544
2022-12-23,Stanislaus,099,539301,142494,22440,164934,1819
2022-12-23,Sutter,101,95872,25230,2508,27738,237
2022-12-23,Tehama,103,63373,14256,3338,17594,224
2022-12-23,Trinity,105,12862,1449,487,1936,23
2022-12-23,Tulare,107,460477,125830,38978,164808,1563
2022-12-23,Tuolumne,109,53932,16448,968,17416,204
2022-12-23,Ventura,111,848112,216712,17260,233972,1631
2022-12-23,Yolo,113,214977,49201,4726,53927,430
2022-12-23,Yuba,115,75493,19650,1809,21459,134
2022-12-22,Alameda,001,1643700,368543,21398,389941,2065
2022-12-22,Alpine,002,1148,139,3,142,0
2022-12-22,Amador,005,37829,10318,955,11273,96
2022-12-22,Butte,007,227075,41051,9867,50918,479
2022-12-22,Calaveras,009,45235,8836,625,9461,137
2022-12-22,Colusa,011,21464,3901,1323,5224,22
2022-12-22,Contra Costa,013,1133247,265099,21850,286949,1516
2022-12-22,Del Norte,015,27424,7704,429,8133,56
2022-12-22,El Dorado,017,186661,33864,4464,38328,240
2022-12-22,Fresno,019,978130,289111,33937,323048,2944
2022-12-22,Glenn,021,27897,5725,1961,7686,56
2022-12-22,Humboldt,023,135768,23004,5604,28608,166
2022-12-22,Imperial,025,180216,68740,18316,87056,973
2022-12-22,Inyo,027,18085,4683,1200,5883,62
2022-12-22,Kern,029,883053,226165,69197,295362,2456
2022-12-22,Kings,031,150075,61685,4360,66045,477
2022-12-22,Lake,033,64148,13367,1256,14623,153
2022-12-22,Lassen,035,31185,10187,1033,11220,65
2022-12-22,Los Angeles,037,10098052,3421872,204923,3626795,34572
2022-12-22,Madera,039,155013,45545,8683,54228,376
2022-12-22,Marin,041,260295,39274,5486,44760,260
2022-12-22,Mariposa,043,17540,3292,356,3648,30
2022-12-22,Mendocino,045,87422,16577,4710,21287,139
2022-12-22,Merced,047,269075,75968,12665,88633,893
2022-12-22,Modoc,049,8938,929,363,1292,11
2022-12-22,Mono,051,14174,3272,290,3562,8
2022-12-22,Monterey,053,433212,96554,22390,118944,785
2022-12-22,Napa,055,140530,33703,1484,35187,162
2022-12-22,Nevada,057,99092,19841,2195,22036,137
2022-12-22,Orange,059,3164182,697327,72555,769882,7776
2022-12-22,Placer,061,380077,79246,10145,89391,677
2022-12-22,Plumas,063,18699,3781,454,4235,13
2022-12-22,Riverside,065,2383286,721260,39102,760362,6749
2022-12-22,Sacramento,067,1510023,363147,37051,400198,3446
2022-12-22,San Benito,069,59416,17266,1074,18340,111
2022-12-22,San Bernardino,071,2135413,697671,33056,730727,8123
2022-12-22,San Diego,073,3302833,961580,77123,1038703,5681
2022-12-22,San Francisco,075,870044,190210,12853,203063,1131
2022-12-22,San Joaquin,077,732212,205630,16348,221978,2390
2022-12-22,San Luis Obispo,079,281455,65153,7712,72865,541
2022-12-22,San Mateo,081,765935,178521,10802,189323,747
2022-12-22,Santa Barbara,083,443738,109661,7332,116993,749
2022-12-22,Santa Clara,085,1922200,461992,20357,482349,2650
2022-12-22,Santa Cruz,087,273765,66816,3720,70536,276
2022-12-22,Shasta,089,179085,36128,8138,44266,607
2022-12-22,Sierra,091,2930,310,61,371,5
2022-12-22,Siskiyou,093,43540,5353,3410,8763,95
2022-12-22,Solano,095,438530,110731,8333,119064,469
2022-12-22,Sonoma,097,501317,111175,5588,116763,544
2022-12-22,Stanislaus,099,539301,142428,22429,164857,1817
2022-12-22,Sutter,101,95872,25208,2506,27714,237
2022-12-22,Tehama,103,63373,14251,3338,17589,223
2022-12-22,Trinity,105,12862,1448,486,1934,23
2022-12-22,Tulare,107,460477,125769,38937,164706,1563
2022-12-22,Tuolumne,109,53932,16438,968,17406,204
2022-12-22,Ventura,111,848112,216606,17226,233832,1626
2022-12-22,Yolo,113,214977,49187,4722,53909,430
2022-12-22,Yuba,115,75493,19636,1807,21443,134
2022-12-21,Alameda,001,1643700,368210,21371,389581,2065
2022-12-21,Alpine,002,1148,139,3,142,0
2022-12-21,Amador,005,37829,10315,955,11270,96
2022-12-21,Butte,007,227075,41032,9853,50885,479
2022-12-21,Calaveras,009,45235,8829,620,9449,137
2022-12-21,Colusa,011,21464,3898,1323,5221,22
2022-12-21,Contra Costa,013,1133247,264866,21826,286692,1516
2022-12-21,Del Norte,015,27424,7699,419,8118,56
2022-12-21,El Dorado,017,186661,33838,4460,38298,240
2022-12-21,Fresno,019,978130,288915,33910,322825,2943
2022-12-21,Glenn,021,27897,5724,1960,7684,56
2022-12-21,Humboldt,023,135768,22990,5588,28578,166
2022-12-21,Imperial,025,180216,68700,18290,86990,972
2022-12-21,Inyo,027,18085,4682,1199,5881,62
2022-12-21,Kern,029,883053,226034,69088,295122,2456
2022-12-21,Kings,031,150075,61644,4358,66002,477
2022-12-21,Lake,033,64148,13361,1256,14617,153
2022-12-21,Lassen,035,31185,10181,1033,11214,65
2022-12-21,Los Angeles,037,10098052,3419647,204457,3624104,34548
2022-12-21,Madera,039,155013,45534,8681,54215,376
2022-12-21,Marin,041,260295,39229,5476,44705,260
2022-12-21,Mariposa,043,17540,3284,355,3639,30
2022-12-21,Mendocino,045,87422,16565,4701,21266,139
2022-12-21,Merced,047,269075,75930,12659,88589,892
2022-12-21,Modoc,049,8938,929,363,1292,11
2022-12-21,Mono,051,14174,3272,290,3562,8
2022-12-21,Monterey,053,433212,96520,22374,118894,785
2022-12-21,Napa,055,140530,33684,1481,35165,162
2022-12-21,Nevada,057,99092,19831,2193,22024,137
2022-12-21,Orange,059,3164182,696783,72342,769125,7774
2022-12-21,Placer,061,380077,79190,10131,89321,676
2022-12-21,Plumas,063,18699,3778,454,4232,13
2022-12-21,Riverside,065,2383286,720750,39015,759765,6747
2022-12-21,Sacramento,067,1510023,362914,37013,399927,3442
2022-12-21,San Benito,069,59416,17248,1067,18315,111
2022-12-21,San Bernardino,071,2135413,697180,32994,730174,8122
2022-12-21,San Diego,073,3302833,960763,76987,1037750,5680
2022-12-21,San Francisco,075,870044,190061,12843,202904,1129
2022-12-21,San Joaquin,077,732212,205487,16326,221813,2388
2022-12-21,San Luis Obispo,079,281455,65118,7698,72816,540
2022-12-21,San Mateo,081,765935,178371,10795,189166,747
2022-12-21,Santa Barbara,083,443738,109580,7319,116899,749
2022-12-21,Santa Clara,085,1922200,461591,20323,481914,2650
2022-12-21,Santa Cruz,087,273765,66771,3719,70490,276
2022-12-21,Shasta,089,179085,36102,8128,44230,607
2022-12-21,Sierra,091,2930,310,61,371,5
2022-12-21,Siskiyou,093,43540,5351,3410,8761,95
2022-12-21,Solano,095,438530,110606,8324,118930,469
2022-12-21,Sonoma,097,501317,111108,5575,116683,544
2022-12-21,Stanislaus,099,539301,142355,22416,164771,1815
2022-12-21,Sutter,101,95872,25191,2506,27697,237
2022-12-21,Tehama,103,63373,14248,3335,17583,223
2022-12-21,Trinity,105,12862,1448,481,1929,23
2022-12-21,Tulare,107,460477,125704,38882,164586,1563
2022-12-21,Tuolumne,109,53932,16416,968,17384,204
2022-12-21,Ventura,111,848112,216470,17192,233662,1626
2022-12-21,Yolo,113,214977,49160,4718,53878,430
2022-12-21,Yuba,115,75493,19614,1806,21420,134
2022-12-20,Alameda,001,1643700,367874,21337,389211,2064
2022-12-20,Alpine,002,1148,139,2,141,0
2022-12-20,Amador,005,37829,10309,955,11264,96
2022-12-20,Butte,007,227075,41016,9835,50851,479
2022-12-20,Calaveras,009,45235,8821,620,9441,137
2022-12-20,Colusa,011,21464,3897,1322,5219,22
2022-12-20,Contra Costa,013,1133247,264631,21810,286441,1513
2022-12-20,Del Norte,015,27424,7695,418,8113,56
2022-12-20,El Dorado,017,186661,33815,4456,38271,240
2022-12-20,Fresno,019,978130,288701,33873,322574,2942
2022-12-20,Glenn,021,27897,5722,1959,7681,56
2022-12-20,Humboldt,023,135768,22972,5569,28541,165
2022-12-20,Imperial,025,180216,68670,18263,86933,972
2022-12-20,Inyo,027,18085,4678,1198,5876,62
2022-12-20,Kern,029,883053,225881,68972,294853,2455
2022-12-20,Kings,031,150075,61598,4356,65954,477
2022-12-20,Lake,033,64148,13346,1244,14590,153
2022-12-20,Lassen,035,31185,10175,1032,11207,65
2022-12-20,Los Angeles,037,10098052,3417276,203962,3621238,34523
2022-12-20,Madera,039,155013,45501,8672,54173,376
2022-12-20,Marin,041,260295,39192,5472,44664,260
2022-12-20,Mariposa,043,17540,3281,355,3636,30
2022-12-20,Mendocino,045,87422,16551,4695,21246,139
2022-12-20,Merced,047,269075,75890,12646,88536,891
2022-12-20,Modoc,049,8938,928,363,1291,11
2022-12-20,Mono,051,14174,3270,286,3556,8
2022-12-20,Monterey,053,433212,96490,22351,118841,784
2022-12-20,Napa,055,140530,33659,1480,35139,162
2022-12-20,Nevada,057,99092,19813,2182,21995,137
2022-12-20,Orange,059,3164182,696179,72129,768308,7768
2022-12-20,Placer,061,380077,79136,10121,89257,676
2022-12-20,Plumas,063,18699,3777,453,4230,13
2022-12-20,Riverside,065,2383286,720249,38934,759183,6746
2022-12-20,Sacramento,067,1510023,362668,36982,399650,3441
2022-12-20,San Benito,069,59416,17224,1065,18289,111
2022-12-20,San Bernardino,071,2135413,696658,32949,729607,8120
2022-12-20,San Diego,073,3302833,959965,76869,1036834,5674
2022-12-20,San Francisco,075,870044,189845,12834,202679,1126
2022-12-20,San Joaquin,077,732212,205348,16303,221651,2388
2022-12-20,San Luis Obispo,079,281455,65077,7688,72765,539
2022-12-20,San Mateo,081,765935,178233,10783,189016,747
2022-12-20,Santa Barbara,083,443738,109485,7308,116793,749
2022-12-20,Santa Clara,085,1922200,461180,20291,481471,2648
2022-12-20,Santa Cruz,087,273765,66749,3714,70463,276
2022-12-20,Shasta,089,179085,36083,8125,44208,607
2022-12-20,Sierra,091,2930,310,61,371,5
2022-12-20,Siskiyou,093,43540,5347,3408,8755,95
2022-12-20,Solano,095,438530,110487,8319,118806,469
2022-12-20,Sonoma,097,501317,111023,5565,116588,543
2022-12-20,Stanislaus,099,539301,142285,22404,164689,1814
2022-12-20,Sutter,101,95872,25166,2505,27671,237
2022-12-20,Tehama,103,63373,14239,3331,17570,223
2022-12-20,Trinity,105,12862,1448,477,1925,23
2022-12-20,Tulare,107,460477,125633,38855,164488,1560
2022-12-20,Tuolumne,109,53932,16401,964,17365,204
2022-12-20,Ventura,111,848112,216313,17141,233454,1624
2022-12-20,Yolo,113,214977,49134,4708,53842,430
2022-12-20,Yuba,115,75493,19596,1805,21401,134
2022-12-19,Alameda,001,1643700,367519,21291,388810,2060
2022-12-19,Alpine,002,1148,139,2,141,0
2022-12-19,Amador,005,37829,10294,955,11249,95
2022-12-19,Butte,007,227075,40996,9819,50815,479
2022-12-19,Calaveras,009,45235,8818,620,9438,136
2022-12-19,Colusa,011,21464,3895,1322,5217,22
2022-12-19,Contra Costa,013,1133247,264366,21790,286156,1513
2022-12-19,Del Norte,015,27424,7691,417,8108,56
2022-12-19,El Dorado,017,186661,33785,4452,38237,240
2022-12-19,Fresno,019,978130,288515,33836,322351,2939
2022-12-19,Glenn,021,27897,5718,1958,7676,56
2022-12-19,Humboldt,023,135768,22956,5562,28518,165
2022-12-19,Imperial,025,180216,68617,18230,86847,971
2022-12-19,Inyo,027,18085,4676,1195,5871,62
2022-12-19,Kern,029,883053,225746,68854,294600,2454
2022-12-19,Kings,031,150075,61563,4354,65917,477
2022-12-19,Lake,033,64148,13335,1242,14577,153
2022-12-19,Lassen,035,31185,10169,1032,11201,65
2022-12-19,Los Angeles,037,10098052,3414670,203427,3618097,34503
2022-12-19,Madera,039,155013,45466,8658,54124,376
2022-12-19,Marin,041,260295,39161,5469,44630,260
2022-12-19,Mariposa,043,17540,3274,355,3629,30
2022-12-19,Mendocino,045,87422,16535,4693,21228,139
2022-12-19,Merced,047,269075,75858,12643,88501,890
2022-12-19,Modoc,049,8938,928,362,1290,11
2022-12-19,Mono,051,14174,3269,283,3552,8
2022-12-19,Monterey,053,433212,96469,22312,118781,783
2022-12-19,Napa,055,140530,33631,1475,35106,162
2022-12-19,Nevada,057,99092,19806,2175,21981,137
2022-12-19,Orange,059,3164182,695538,71926,767464,7758
2022-12-19,Placer,061,380077,79088,10117,89205,676
2022-12-19,Plumas,063,18699,3775,452,4227,13
2022-12-19,Riverside,065,2383286,719726,38850,758576,6743
2022-12-19,Sacramento,067,1510023,362378,36940,399318,3441
2022-12-19,San Benito,069,59416,17203,1060,18263,111
2022-12-19,San Bernardino,071,2135413,696093,32891,728984,8120
2022-12-19,San Diego,073,3302833,959006,76750,1035756,5673
2022-12-19,San Francisco,075,870044,189661,12824,202485,1122
2022-12-19,San Joaquin,077,732212,205215,16280,221495,2387
2022-12-19,San Luis Obispo,079,281455,65040,7676,72716,539
2022-12-19,San Mateo,081,765935,178049,10776,188825,747
2022-12-19,Santa Barbara,083,443738,109392,7297,116689,749
2022-12-19,Santa Clara,085,1922200,460758,20258,481016,2647
2022-12-19,Santa Cruz,087,273765,66719,3707,70426,276
2022-12-19,Shasta,089,179085,36066,8113,44179,606
2022-12-19,Sierra,091,2930,310,61,371,5
2022-12-19,Siskiyou,093,43540,5346,3408,8754,95
2022-12-19,Solano,095,438530,110345,8313,118658,469
2022-12-19,Sonoma,097,501317,110936,5556,116492,543
2022-12-19,Stanislaus,099,539301,142200,22389,164589,1811
2022-12-19,Sutter,101,95872,25139,2503,27642,237
2022-12-19,Tehama,103,63373,14228,3328,17556,222
2022-12-19,Trinity,105,12862,1447,475,1922,23
2022-12-19,Tulare,107,460477,125550,38817,164367,1558
2022-12-19,Tuolumne,109,53932,16393,963,17356,204
2022-12-19,Ventura,111,848112,216130,17107,233237,1623
2022-12-19,Yolo,113,214977,49103,4703,53806,430
2022-12-19,Yuba,115,75493,19584,1802,21386,134
2022-12-18,Alameda,001,1643700,367103,21243,388346,2058
2022-12-18,Alpine,002,1148,139,2,141,0
2022-12-18,Amador,005,37829,10288,955,11243,95
2022-12-18,Butte,007,227075,40978,9799,50777,478
2022-12-18,Calaveras,009,45235,8813,615,9428,136
2022-12-18,Colusa,011,21464,3894,1322,5216,22
2022-12-18,Contra Costa,013,1133247,264046,21765,285811,1513
2022-12-18,Del Norte,015,27424,7682,416,8098,56
2022-12-18,El Dorado,017,186661,33759,4446,38205,240
2022-12-18,Fresno,019,978130,288304,33781,322085,2937
2022-12-18,Glenn,021,27897,5716,1956,7672,56
2022-12-18,Humboldt,023,135768,22940,5538,28478,165
2022-12-18,Imperial,025,180216,68565,18182,86747,971
2022-12-18,Inyo,027,18085,4673,1193,5866,62
2022-12-18,Kern,029,883053,225576,68745,294321,2453
2022-12-18,Kings,031,150075,61514,4350,65864,476
2022-12-18,Lake,033,64148,13319,1242,14561,152
2022-12-18,Lassen,035,31185,10167,1032,11199,65
2022-12-18,Los Angeles,037,10098052,3411875,202916,3614791,34489
2022-12-18,Madera,039,155013,45434,8642,54076,376
2022-12-18,Marin,041,260295,39117,5456,44573,260
2022-12-18,Mariposa,043,17540,3272,355,3627,30
2022-12-18,Mendocino,045,87422,16519,4685,21204,139
2022-12-18,Merced,047,269075,75814,12627,88441,890
2022-12-18,Modoc,049,8938,928,360,1288,11
2022-12-18,Mono,051,14174,3264,283,3547,8
2022-12-18,Monterey,053,433212,96423,22285,118708,782
2022-12-18,Napa,055,140530,33579,1472,35051,162
2022-12-18,Nevada,057,99092,19788,2170,21958,137
2022-12-18,Orange,059,3164182,694938,71695,766633,7750
2022-12-18,Placer,061,380077,79022,10107,89129,676
2022-12-18,Plumas,063,18699,3773,452,4225,13
2022-12-18,Riverside,065,2383286,719148,38729,757877,6740
2022-12-18,Sacramento,067,1510023,362058,36881,398939,3437
2022-12-18,San Benito,069,59416,17189,1060,18249,110
2022-12-18,San Bernardino,071,2135413,695490,32825,728315,8120
2022-12-18,San Diego,073,3302833,958112,76648,1034760,5671
2022-12-18,San Francisco,075,870044,189399,12813,202212,1120
2022-12-18,San Joaquin,077,732212,205051,16260,221311,2385
2022-12-18,San Luis Obispo,079,281455,64992,7647,72639,539
2022-12-18,San Mateo,081,765935,177861,10761,188622,747
2022-12-18,Santa Barbara,083,443738,109292,7285,116577,748
2022-12-18,Santa Clara,085,1922200,460232,20222,480454,2644
2022-12-18,Santa Cruz,087,273765,66684,3705,70389,276
2022-12-18,Shasta,089,179085,36055,8104,44159,606
2022-12-18,Sierra,091,2930,310,61,371,5
2022-12-18,Siskiyou,093,43540,5341,3405,8746,95
2022-12-18,Solano,095,438530,110202,8305,118507,469
2022-12-18,Sonoma,097,501317,110859,5549,116408,543
2022-12-18,Stanislaus,099,539301,142109,22365,164474,1810
2022-12-18,Sutter,101,95872,25127,2502,27629,236
2022-12-18,Tehama,103,63373,14217,3325,17542,221
2022-12-18,Trinity,105,12862,1447,474,1921,23
2022-12-18,Tulare,107,460477,125438,38753,164191,1558
2022-12-18,Tuolumne,109,53932,16380,963,17343,204
2022-12-18,Ventura,111,848112,215948,17066,233014,1623
2022-12-18,Yolo,113,214977,49076,4696,53772,429
2022-12-18,Yuba,115,75493,19561,1797,21358,134
2022-12-17,Alameda,001,1643700,366882,21228,388110,2058
2022-12-17,Alpine,002,1148,139,2,141,0
2022-12-17,Amador,005,37829,10281,954,11235,95
2022-12-17,Butte,007,227075,40961,9788,50749,476
2022-12-17,Calaveras,009,45235,8809,611,9420,136
2022-12-17,Colusa,011,21464,3894,1322,5216,22
2022-12-17,Contra Costa,013,1133247,263858,21753,285611,1510
2022-12-17,Del Norte,015,27424,7679,416,8095,56
2022-12-17,El Dorado,017,186661,33745,4446,38191,240
2022-12-17,Fresno,019,978130,288204,33752,321956,2936
2022-12-17,Glenn,021,27897,5714,1956,7670,56
2022-12-17,Humboldt,023,135768,22923,5531,28454,165
2022-12-17,Imperial,025,180216,68550,18178,86728,971
2022-12-17,Inyo,027,18085,4673,1192,5865,62
2022-12-17,Kern,029,883053,225521,68681,294202,2453
2022-12-17,Kings,031,150075,61501,4349,65850,474
2022-12-17,Lake,033,64148,13314,1241,14555,152
2022-12-17,Lassen,035,31185,10167,1032,11199,65
2022-12-17,Los Angeles,037,10098052,3410571,202655,3613226,34468
2022-12-17,Madera,039,155013,45414,8637,54051,376
2022-12-17,Marin,041,260295,39098,5451,44549,260
2022-12-17,Mariposa,043,17540,3272,355,3627,30
2022-12-17,Mendocino,045,87422,16516,4681,21197,139
2022-12-17,Merced,047,269075,75795,12618,88413,889
2022-12-17,Modoc,049,8938,928,360,1288,11
2022-12-17,Mono,051,14174,3263,283,3546,8
2022-12-17,Monterey,053,433212,96396,22274,118670,782
2022-12-17,Napa,055,140530,33569,1471,35040,162
2022-12-17,Nevada,057,99092,19777,2170,21947,137
2022-12-17,Orange,059,3164182,694635,71547,766182,7745
2022-12-17,Placer,061,380077,78979,10106,89085,676
2022-12-17,Plumas,063,18699,3773,452,4225,13
2022-12-17,Riverside,065,2383286,718784,38665,757449,6735
2022-12-17,Sacramento,067,1510023,361937,36867,398804,3437
2022-12-17,San Benito,069,59416,17180,1058,18238,109
2022-12-17,San Bernardino,071,2135413,695184,32800,727984,8118
2022-12-17,San Diego,073,3302833,957703,76606,1034309,5668
2022-12-17,San Francisco,075,870044,189289,12807,202096,1118
2022-12-17,San Joaquin,077,732212,204982,16248,221230,2383
2022-12-17,San Luis Obispo,079,281455,64974,7639,72613,539
2022-12-17,San Mateo,081,765935,177766,10751,188517,746
2022-12-17,Santa Barbara,083,443738,109248,7271,116519,747
2022-12-17,Santa Clara,085,1922200,459991,20198,480189,2642
2022-12-17,Santa Cruz,087,273765,66668,3703,70371,276
2022-12-17,Shasta,089,179085,36045,8104,44149,606
2022-12-17,Sierra,091,2930,310,61,371,5
2022-12-17,Siskiyou,093,43540,5341,3405,8746,95
2022-12-17,Solano,095,438530,110164,8301,118465,469
2022-12-17,Sonoma,097,501317,110803,5540,116343,543
2022-12-17,Stanislaus,099,539301,142059,22357,164416,1810
2022-12-17,Sutter,101,95872,25120,2501,27621,236
2022-12-17,Tehama,103,63373,14213,3322,17535,221
2022-12-17,Trinity,105,12862,1447,473,1920,23
2022-12-17,Tulare,107,460477,125384,38721,164105,1558
2022-12-17,Tuolumne,109,53932,16373,962,17335,203
2022-12-17,Ventura,111,848112,215852,17037,232889,1623
2022-12-17,Yolo,113,214977,49053,4691,53744,428
2022-12-17,Yuba,115,75493,19554,1797,21351,134
2022-12-16,Alameda,001,1643700,366644,21205,387849,2057
2022-12-16,Alpine,002,1148,139,2,141,0
2022-12-16,Amador,005,37829,10275,954,11229,95
2022-12-16,Butte,007,227075,40953,9779,50732,476
2022-12-16,Calaveras,009,45235,8805,610,9415,136
2022-12-16,Colusa,011,21464,3893,1322,5215,22
2022-12-16,Contra Costa,013,1133247,263670,21738,285408,1509
2022-12-16,Del Norte,015,27424,7675,416,8091,56
2022-12-16,El Dorado,017,186661,33723,4446,38169,240
2022-12-16,Fresno,019,978130,288069,33728,321797,2935
2022-12-16,Glenn,021,27897,5713,1954,7667,56
2022-12-16,Humboldt,023,135768,22911,5525,28436,165
2022-12-16,Imperial,025,180216,68542,18167,86709,971
2022-12-16,Inyo,027,18085,4671,1188,5859,62
2022-12-16,Kern,029,883053,225427,68618,294045,2452
2022-12-16,Kings,031,150075,61478,4348,65826,474
2022-12-16,Lake,033,64148,13304,1240,14544,152
2022-12-16,Lassen,035,31185,10164,1032,11196,65
2022-12-16,Los Angeles,037,10098052,3409103,202339,3611442,34450
2022-12-16,Madera,039,155013,45393,8633,54026,376
2022-12-16,Marin,041,260295,39058,5450,44508,260
2022-12-16,Mariposa,043,17540,3268,355,3623,30
2022-12-16,Mendocino,045,87422,16501,4681,21182,139
2022-12-16,Merced,047,269075,75776,12611,88387,889
2022-12-16,Modoc,049,8938,928,360,1288,11
2022-12-16,Mono,051,14174,3260,283,3543,8
2022-12-16,Monterey,053,433212,96373,22264,118637,782
2022-12-16,Napa,055,140530,33545,1471,35016,162
2022-12-16,Nevada,057,99092,19774,2167,21941,137
2022-12-16,Orange,059,3164182,694319,71392,765711,7737
2022-12-16,Placer,061,380077,78943,10102,89045,676
2022-12-16,Plumas,063,18699,3772,452,4224,13
2022-12-16,Riverside,065,2383286,718451,38612,757063,6733
2022-12-16,Sacramento,067,1510023,361775,36850,398625,3432
2022-12-16,San Benito,069,59416,17169,1057,18226,108
2022-12-16,San Bernardino,071,2135413,694875,32761,727636,8117
2022-12-16,San Diego,073,3302833,957246,76557,1033803,5667
2022-12-16,San Francisco,075,870044,189172,12788,201960,1116
2022-12-16,San Joaquin,077,732212,204900,16233,221133,2382
2022-12-16,San Luis Obispo,079,281455,64962,7635,72597,539
2022-12-16,San Mateo,081,765935,177678,10742,188420,746
2022-12-16,Santa Barbara,083,443738,109201,7270,116471,747
2022-12-16,Santa Clara,085,1922200,459711,20176,479887,2640
2022-12-16,Santa Cruz,087,273765,66642,3700,70342,276
2022-12-16,Shasta,089,179085,36038,8100,44138,606
2022-12-16,Sierra,091,2930,310,61,371,5
2022-12-16,Siskiyou,093,43540,5339,3405,8744,95
2022-12-16,Solano,095,438530,110098,8294,118392,469
2022-12-16,Sonoma,097,501317,110742,5536,116278,543
2022-12-16,Stanislaus,099,539301,142018,22356,164374,1810
2022-12-16,Sutter,101,95872,25106,2501,27607,236
2022-12-16,Tehama,103,63373,14204,3321,17525,221
2022-12-16,Trinity,105,12862,1447,473,1920,23
2022-12-16,Tulare,107,460477,125332,38683,164015,1557
2022-12-16,Tuolumne,109,53932,16360,962,17322,203
2022-12-16,Ventura,111,848112,215767,17018,232785,1621
2022-12-16,Yolo,113,214977,49033,4689,53722,428
2022-12-16,Yuba,115,75493,19547,1797,21344,134
2022-12-15,Alameda,001,1643700,366312,21158,387470,2056
2022-12-15,Alpine,002,1148,139,2,141,0
2022-12-15,Amador,005,37829,10266,954,11220,95
2022-12-15,Butte,007,227075,40934,9760,50694,476
2022-12-15,Calaveras,009,45235,8802,608,9410,136
2022-12-15,Colusa,011,21464,3891,1322,5213,22
2022-12-15,Contra Costa,013,1133247,263421,21722,285143,1509
2022-12-15,Del Norte,015,27424,7669,416,8085,56
2022-12-15,El Dorado,017,186661,33702,4440,38142,240
2022-12-15,Fresno,019,978130,287914,33681,321595,2935
2022-12-15,Glenn,021,27897,5710,1952,7662,56
2022-12-15,Humboldt,023,135768,22900,5518,28418,165
2022-12-15,Imperial,025,180216,68507,18138,86645,971
2022-12-15,Inyo,027,18085,4670,1186,5856,62
2022-12-15,Kern,029,883053,225279,68507,293786,2451
2022-12-15,Kings,031,150075,61458,4343,65801,474
2022-12-15,Lake,033,64148,13297,1240,14537,152
2022-12-15,Lassen,035,31185,10162,1030,11192,65
2022-12-15,Los Angeles,037,10098052,3407081,201962,3609043,34429
2022-12-15,Madera,039,155013,45370,8620,53990,376
2022-12-15,Marin,041,260295,39013,5450,44463,260
2022-12-15,Mariposa,043,17540,3265,354,3619,30
2022-12-15,Mendocino,045,87422,16492,4679,21171,139
2022-12-15,Merced,047,269075,75743,12610,88353,888
2022-12-15,Modoc,049,8938,928,360,1288,11
2022-12-15,Mono,051,14174,3259,281,3540,8
2022-12-15,Monterey,053,433212,96342,22239,118581,782
2022-12-15,Napa,055,140530,33517,1469,34986,162
2022-12-15,Nevada,057,99092,19768,2156,21924,137
2022-12-15,Orange,059,3164182,693863,71251,765114,7734
2022-12-15,Placer,061,380077,78891,10090,88981,675
2022-12-15,Plumas,063,18699,3771,452,4223,13
2022-12-15,Riverside,065,2383286,718016,38542,756558,6729
2022-12-15,Sacramento,067,1510023,361498,36819,398317,3431
2022-12-15,San Benito,069,59416,17159,1056,18215,108
2022-12-15,San Bernardino,071,2135413,694464,32714,727178,8117
2022-12-15,San Diego,073,3302833,956560,76452,1033012,5664
2022-12-15,San Francisco,075,870044,188982,12774,201756,1116
2022-12-15,San Joaquin,077,732212,204774,16207,220981,2381
2022-12-15,San Luis Obispo,079,281455,64917,7616,72533,538
2022-12-15,San Mateo,081,765935,177541,10731,188272,746
2022-12-15,Santa Barbara,083,443738,109141,7263,116404,747
2022-12-15,Santa Clara,085,1922200,459299,20159,479458,2637
2022-12-15,Santa Cruz,087,273765,66615,3693,70308,276
2022-12-15,Shasta,089,179085,36020,8090,44110,606
2022-12-15,Sierra,091,2930,310,61,371,5
2022-12-15,Siskiyou,093,43540,5337,3403,8740,95
2022-12-15,Solano,095,438530,110011,8287,118298,469
2022-12-15,Sonoma,097,501317,110690,5526,116216,543
2022-12-15,Stanislaus,099,539301,141951,22350,164301,1810
2022-12-15,Sutter,101,95872,25097,2501,27598,236
2022-12-15,Tehama,103,63373,14194,3318,17512,221
2022-12-15,Trinity,105,12862,1447,472,1919,23
2022-12-15,Tulare,107,460477,125283,38631,163914,1555
2022-12-15,Tuolumne,109,53932,16349,960,17309,203
2022-12-15,Ventura,111,848112,215624,16994,232618,1620
2022-12-15,Yolo,113,214977,49005,4687,53692,428
2022-12-15,Yuba,115,75493,19536,1796,21332,133
2022-12-14,Alameda,001,1643700,365976,21116,387092,2053
2022-12-14,Alpine,002,1148,139,2,141,0
2022-12-14,Amador,005,37829,10264,953,11217,95
2022-12-14,Butte,007,227075,40920,9740,50660,476
2022-12-14,Calaveras,009,45235,8796,608,9404,136
2022-12-14,Colusa,011,21464,3887,1322,5209,22
2022-12-14,Contra Costa,013,1133247,263209,21697,284906,1509
2022-12-14,Del Norte,015,27424,7664,414,8078,56
2022-12-14,El Dorado,017,186661,33684,4438,38122,240
2022-12-14,Fresno,019,978130,287728,33642,321370,2935
2022-12-14,Glenn,021,27897,5707,1952,7659,56
2022-12-14,Humboldt,023,135768,22880,5511,28391,165
2022-12-14,Imperial,025,180216,68457,18096,86553,971
2022-12-14,Inyo,027,18085,4668,1181,5849,62
2022-12-14,Kern,029,883053,225104,68414,293518,2451
2022-12-14,Kings,031,150075,61422,4340,65762,473
2022-12-14,Lake,033,64148,13286,1238,14524,152
2022-12-14,Lassen,035,31185,10161,1030,11191,65
2022-12-14,Los Angeles,037,10098052,3404713,201493,3606206,34418
2022-12-14,Madera,039,155013,45342,8614,53956,376
2022-12-14,Marin,041,260295,38974,5447,44421,260
2022-12-14,Mariposa,043,17540,3261,354,3615,30
2022-12-14,Mendocino,045,87422,16486,4678,21164,139
2022-12-14,Merced,047,269075,75704,12593,88297,888
2022-12-14,Modoc,049,8938,928,360,1288,11
2022-12-14,Mono,051,14174,3259,280,3539,8
2022-12-14,Monterey,053,433212,96315,22203,118518,782
2022-12-14,Napa,055,140530,33499,1468,34967,162
2022-12-14,Nevada,057,99092,19758,2153,21911,137
2022-12-14,Orange,059,3164182,693363,71093,764456,7732
2022-12-14,Placer,061,380077,78828,10082,88910,675
2022-12-14,Plumas,063,18699,3771,451,4222,13
2022-12-14,Riverside,065,2383286,717591,38470,756061,6727
2022-12-14,Sacramento,067,1510023,361244,36784,398028,3429
2022-12-14,San Benito,069,59416,17147,1055,18202,108
2022-12-14,San Bernardino,071,2135413,693982,32661,726643,8116
2022-12-14,San Diego,073,3302833,955792,76335,1032127,5662
2022-12-14,San Francisco,075,870044,188829,12770,201599,1115
2022-12-14,San Joaquin,077,732212,204626,16190,220816,2379
2022-12-14,San Luis Obispo,079,281455,64882,7592,72474,538
2022-12-14,San Mateo,081,765935,177390,10721,188111,746
2022-12-14,Santa Barbara,083,443738,109060,7254,116314,746
2022-12-14,Santa Clara,085,1922200,458905,20137,479042,2634
2022-12-14,Santa Cruz,087,273765,66583,3690,70273,276
2022-12-14,Shasta,089,179085,35991,8081,44072,606
2022-12-14,Sierra,091,2930,310,61,371,5
2022-12-14,Siskiyou,093,43540,5336,3402,8738,95
2022-12-14,Solano,095,438530,109923,8276,118199,469
2022-12-14,Sonoma,097,501317,110630,5516,116146,543
2022-12-14,Stanislaus,099,539301,141871,22328,164199,1810
2022-12-14,Sutter,101,95872,25089,2501,27590,236
2022-12-14,Tehama,103,63373,14182,3315,17497,221
2022-12-14,Trinity,105,12862,1447,467,1914,23
2022-12-14,Tulare,107,460477,125218,38576,163794,1555
2022-12-14,Tuolumne,109,53932,16331,959,17290,203
2022-12-14,Ventura,111,848112,215470,16975,232445,1620
2022-12-14,Yolo,113,214977,48979,4676,53655,427
2022-12-14,Yuba,115,75493,19523,1795,21318,133
2022-12-13,Alameda,001,1643700,365582,21072,386654,2052
2022-12-13,Alpine,002,1148,139,2,141,0
2022-12-13,Amador,005,37829,10260,953,11213,95
2022-12-13,Butte,007,227075,40890,9727,50617,476
2022-12-13,Calaveras,009,45235,8793,608,9401,135
2022-12-13,Colusa,011,21464,3884,1322,5206,22
2022-12-13,Contra Costa,013,1133247,262938,21675,284613,1509
2022-12-13,Del Norte,015,27424,7659,414,8073,56
2022-12-13,El Dorado,017,186661,33650,4434,38084,240
2022-12-13,Fresno,019,978130,287552,33611,321163,2933
2022-12-13,Glenn,021,27897,5705,1951,7656,56
2022-12-13,Humboldt,023,135768,22854,5505,28359,165
2022-12-13,Imperial,025,180216,68413,18047,86460,970
2022-12-13,Inyo,027,18085,4666,1177,5843,62
2022-12-13,Kern,029,883053,224974,68294,293268,2451
2022-12-13,Kings,031,150075,61381,4333,65714,473
2022-12-13,Lake,033,64148,13273,1238,14511,152
2022-12-13,Lassen,035,31185,10161,1030,11191,65
2022-12-13,Los Angeles,037,10098052,3402146,201050,3603196,34395
2022-12-13,Madera,039,155013,45312,8600,53912,376
2022-12-13,Marin,041,260295,38934,5444,44378,260
2022-12-13,Mariposa,043,17540,3256,354,3610,30
2022-12-13,Mendocino,045,87422,16481,4669,21150,139
2022-12-13,Merced,047,269075,75653,12587,88240,888
2022-12-13,Modoc,049,8938,926,358,1284,11
2022-12-13,Mono,051,14174,3258,280,3538,8
2022-12-13,Monterey,053,433212,96270,22180,118450,782
2022-12-13,Napa,055,140530,33481,1468,34949,162
2022-12-13,Nevada,057,99092,19750,2139,21889,137
2022-12-13,Orange,059,3164182,692817,70959,763776,7729
2022-12-13,Placer,061,380077,78755,10072,88827,675
2022-12-13,Plumas,063,18699,3768,451,4219,13
2022-12-13,Riverside,065,2383286,717071,38407,755478,6723
2022-12-13,Sacramento,067,1510023,360934,36742,397676,3427
2022-12-13,San Benito,069,59416,17129,1053,18182,108
2022-12-13,San Bernardino,071,2135413,693461,32623,726084,8116
2022-12-13,San Diego,073,3302833,955031,76226,1031257,5660
2022-12-13,San Francisco,075,870044,188634,12764,201398,1115
2022-12-13,San Joaquin,077,732212,204473,16156,220629,2376
2022-12-13,San Luis Obispo,079,281455,64832,7577,72409,538
2022-12-13,San Mateo,081,765935,177256,10713,187969,746
2022-12-13,Santa Barbara,083,443738,108980,7246,116226,745
2022-12-13,Santa Clara,085,1922200,458458,20111,478569,2631
2022-12-13,Santa Cruz,087,273765,66547,3685,70232,276
2022-12-13,Shasta,089,179085,35975,8069,44044,604
2022-12-13,Sierra,091,2930,310,61,371,5
2022-12-13,Siskiyou,093,43540,5336,3399,8735,95
2022-12-13,Solano,095,438530,109822,8271,118093,469
2022-12-13,Sonoma,097,501317,110566,5509,116075,542
2022-12-13,Stanislaus,099,539301,141803,22307,164110,1810
2022-12-13,Sutter,101,95872,25074,2500,27574,236
2022-12-13,Tehama,103,63373,14169,3311,17480,221
2022-12-13,Trinity,105,12862,1447,464,1911,23
2022-12-13,Tulare,107,460477,125159,38523,163682,1554
2022-12-13,Tuolumne,109,53932,16319,959,17278,203
2022-12-13,Ventura,111,848112,215335,16940,232275,1619
2022-12-13,Yolo,113,214977,48956,4669,53625,426
2022-12-13,Yuba,115,75493,19515,1793,21308,133
2022-12-12,Alameda,001,1643700,365169,21028,386197,2052
2022-12-12,Alpine,002,1148,139,2,141,0
2022-12-12,Amador,005,37829,10252,951,11203,95
2022-12-12,Butte,007,227075,40868,9716,50584,476
2022-12-12,Calaveras,009,45235,8789,606,9395,135
2022-12-12,Colusa,011,21464,3883,1322,5205,22
2022-12-12,Contra Costa,013,1133247,262652,21647,284299,1507
2022-12-12,Del Norte,015,27424,7652,413,8065,56
2022-12-12,El Dorado,017,186661,33625,4430,38055,239
2022-12-12,Fresno,019,978130,287335,33559,320894,2932
2022-12-12,Glenn,021,27897,5697,1951,7648,56
2022-12-12,Humboldt,023,135768,22838,5498,28336,165
2022-12-12,Imperial,025,180216,68355,18004,86359,970
2022-12-12,Inyo,027,18085,4664,1170,5834,62
2022-12-12,Kern,029,883053,224806,68181,292987,2451
2022-12-12,Kings,031,150075,61334,4330,65664,473
2022-12-12,Lake,033,64148,13265,1237,14502,152
2022-12-12,Lassen,035,31185,10161,1029,11190,65
2022-12-12,Los Angeles,037,10098052,3399366,200609,3599975,34374
2022-12-12,Madera,039,155013,45280,8593,53873,376
2022-12-12,Marin,041,260295,38893,5438,44331,260
2022-12-12,Mariposa,043,17540,3249,354,3603,30
2022-12-12,Mendocino,045,87422,16469,4667,21136,139
2022-12-12,Merced,047,269075,75596,12572,88168,888
2022-12-12,Modoc,049,8938,920,354,1274,11
2022-12-12,Mono,051,14174,3258,280,3538,8
2022-12-12,Monterey,053,433212,96237,22152,118389,782
2022-12-12,Napa,055,140530,33450,1467,34917,162
2022-12-12,Nevada,057,99092,19734,2134,21868,137
2022-12-12,Orange,059,3164182,692232,70804,763036,7724
2022-12-12,Placer,061,380077,78724,10060,88784,674
2022-12-12,Plumas,063,18699,3768,451,4219,13
2022-12-12,Riverside,065,2383286,716561,38321,754882,6720
2022-12-12,Sacramento,067,1510023,360639,36692,397331,3426
2022-12-12,San Benito,069,59416,17098,1049,18147,107
2022-12-12,San Bernardino,071,2135413,692878,32573,725451,8116
2022-12-12,San Diego,073,3302833,954152,76104,1030256,5657
2022-12-12,San Francisco,075,870044,188434,12756,201190,1111
2022-12-12,San Joaquin,077,732212,204364,16128,220492,2376
2022-12-12,San Luis Obispo,079,281455,64798,7561,72359,538
2022-12-12,San Mateo,081,765935,177091,10707,187798,746
2022-12-12,Santa Barbara,083,443738,108922,7237,116159,745
2022-12-12,Santa Clara,085,1922200,457920,20081,478001,2630
2022-12-12,Santa Cruz,087,273765,66459,3681,70140,276
2022-12-12,Shasta,089,179085,35957,8058,44015,604
2022-12-12,Sierra,091,2930,310,61,371,5
2022-12-12,Siskiyou,093,43540,5331,3396,8727,95
2022-12-12,Solano,095,438530,109706,8260,117966,469
2022-12-12,Sonoma,097,501317,110458,5500,115958,542
2022-12-12,Stanislaus,099,539301,141726,22296,164022,1810
2022-12-12,Sutter,101,95872,25058,2500,27558,236
2022-12-12,Tehama,103,63373,14160,3305,17465,221
2022-12-12,Trinity,105,12862,1445,463,1908,23
2022-12-12,Tulare,107,460477,125083,38471,163554,1553
2022-12-12,Tuolumne,109,53932,16305,959,17264,203
2022-12-12,Ventura,111,848112,215193,16917,232110,1619
2022-12-12,Yolo,113,214977,48931,4654,53585,426
2022-12-12,Yuba,115,75493,19503,1788,21291,133
2022-12-11,Alameda,001,1643700,364733,20980,385713,2048
2022-12-11,Alpine,002,1148,139,2,141,0
2022-12-11,Amador,005,37829,10250,950,11200,95
2022-12-11,Butte,007,227075,40841,9710,50551,476
2022-12-11,Calaveras,009,45235,8779,603,9382,135
2022-12-11,Colusa,011,21464,3882,1321,5203,22
2022-12-11,Contra Costa,013,1133247,262299,21610,283909,1505
2022-12-11,Del Norte,015,27424,7644,412,8056,56
2022-12-11,El Dorado,017,186661,33602,4427,38029,238
2022-12-11,Fresno,019,978130,287086,33499,320585,2930
2022-12-11,Glenn,021,27897,5695,1946,7641,56
2022-12-11,Humboldt,023,135768,22824,5483,28307,165
2022-12-11,Imperial,025,180216,68280,17910,86190,970
2022-12-11,Inyo,027,18085,4663,1164,5827,62
2022-12-11,Kern,029,883053,224590,68061,292651,2450
2022-12-11,Kings,031,150075,61301,4324,65625,473
2022-12-11,Lake,033,64148,13258,1237,14495,152
2022-12-11,Lassen,035,31185,10158,1027,11185,65
2022-12-11,Los Angeles,037,10098052,3396148,200049,3596197,34349
2022-12-11,Madera,039,155013,45238,8583,53821,376
2022-12-11,Marin,041,260295,38831,5434,44265,260
2022-12-11,Mariposa,043,17540,3248,353,3601,30
2022-12-11,Mendocino,045,87422,16458,4658,21116,139
2022-12-11,Merced,047,269075,75531,12545,88076,888
2022-12-11,Modoc,049,8938,920,354,1274,11
2022-12-11,Mono,051,14174,3257,279,3536,8
2022-12-11,Monterey,053,433212,96175,22127,118302,782
2022-12-11,Napa,055,140530,33411,1462,34873,161
2022-12-11,Nevada,057,99092,19718,2126,21844,137
2022-12-11,Orange,059,3164182,691574,70605,762179,7717
2022-12-11,Placer,061,380077,78668,10047,88715,673
2022-12-11,Plumas,063,18699,3766,451,4217,13
2022-12-11,Riverside,065,2383286,715998,38199,754197,6718
2022-12-11,Sacramento,067,1510023,360299,36625,396924,3424
2022-12-11,San Benito,069,59416,17088,1049,18137,107
2022-12-11,San Bernardino,071,2135413,692227,32522,724749,8116
2022-12-11,San Diego,073,3302833,953271,75930,1029201,5655
2022-12-11,San Francisco,075,870044,188160,12734,200894,1111
2022-12-11,San Joaquin,077,732212,204172,16092,220264,2376
2022-12-11,San Luis Obispo,079,281455,64740,7540,72280,538
2022-12-11,San Mateo,081,765935,176888,10699,187587,746
2022-12-11,Santa Barbara,083,443738,108811,7211,116022,745
2022-12-11,Santa Clara,085,1922200,457296,20034,477330,2628
2022-12-11,Santa Cruz,087,273765,66341,3678,70019,276
2022-12-11,Shasta,089,179085,35940,8037,43977,604
2022-12-11,Sierra,091,2930,310,61,371,5
2022-12-11,Siskiyou,093,43540,5327,3393,8720,95
2022-12-11,Solano,095,438530,109576,8254,117830,469
2022-12-11,Sonoma,097,501317,110329,5490,115819,542
2022-12-11,Stanislaus,099,539301,141617,22274,163891,1808
2022-12-11,Sutter,101,95872,25041,2499,27540,236
2022-12-11,Tehama,103,63373,14146,3297,17443,221
2022-12-11,Trinity,105,12862,1444,462,1906,23
2022-12-11,Tulare,107,460477,124982,38422,163404,1553
2022-12-11,Tuolumne,109,53932,16289,958,17247,203
2022-12-11,Ventura,111,848112,215029,16876,231905,1619
2022-12-11,Yolo,113,214977,48906,4644,53550,426
2022-12-11,Yuba,115,75493,19485,1784,21269,133
2022-12-10,Alameda,001,1643700,364485,20947,385432,2046
2022-12-10,Alpine,002,1148,139,2,141,0
2022-12-10,Amador,005,37829,10246,950,11196,95
2022-12-10,Butte,007,227075,40827,9702,50529,476
2022-12-10,Calaveras,009,45235,8774,601,9375,135
2022-12-10,Colusa,011,21464,3881,1321,5202,22
2022-12-10,Contra Costa,013,1133247,262124,21600,283724,1503
2022-12-10,Del Norte,015,27424,7639,412,8051,56
2022-12-10,El Dorado,017,186661,33587,4427,38014,238
2022-12-10,Fresno,019,978130,286975,33486,320461,2927
2022-12-10,Glenn,021,27897,5694,1945,7639,56
2022-12-10,Humboldt,023,135768,22806,5475,28281,165
2022-12-10,Imperial,025,180216,68260,17903,86163,969
2022-12-10,Inyo,027,18085,4659,1160,5819,62
2022-12-10,Kern,029,883053,224497,67988,292485,2450
2022-12-10,Kings,031,150075,61290,4324,65614,473
2022-12-10,Lake,033,64148,13253,1237,14490,152
2022-12-10,Lassen,035,31185,10157,1027,11184,65
2022-12-10,Los Angeles,037,10098052,3394684,199783,3594467,34324
2022-12-10,Madera,039,155013,45225,8580,53805,376
2022-12-10,Marin,041,260295,38800,5430,44230,260
2022-12-10,Mariposa,043,17540,3248,353,3601,30
2022-12-10,Mendocino,045,87422,16453,4657,21110,139
2022-12-10,Merced,047,269075,75506,12538,88044,888
2022-12-10,Modoc,049,8938,920,354,1274,11
2022-12-10,Mono,051,14174,3256,279,3535,8
2022-12-10,Monterey,053,433212,96143,22113,118256,780
2022-12-10,Napa,055,140530,33398,1462,34860,161
2022-12-10,Nevada,057,99092,19712,2124,21836,137
2022-12-10,Orange,059,3164182,691285,70494,761779,7713
2022-12-10,Placer,061,380077,78626,10042,88668,672
2022-12-10,Plumas,063,18699,3764,451,4215,13
2022-12-10,Riverside,065,2383286,715676,38146,753822,6715
2022-12-10,Sacramento,067,1510023,360154,36610,396764,3424
2022-12-10,San Benito,069,59416,17070,1047,18117,107
2022-12-10,San Bernardino,071,2135413,691903,32495,724398,8115
2022-12-10,San Diego,073,3302833,952906,75880,1028786,5652
2022-12-10,San Francisco,075,870044,188010,12730,200740,1109
2022-12-10,San Joaquin,077,732212,204087,16072,220159,2376
2022-12-10,San Luis Obispo,079,281455,64720,7534,72254,538
2022-12-10,San Mateo,081,765935,176777,10692,187469,746
2022-12-10,Santa Barbara,083,443738,108761,7201,115962,745
2022-12-10,Santa Clara,085,1922200,456995,20019,477014,2626
2022-12-10,Santa Cruz,087,273765,66307,3674,69981,276
2022-12-10,Shasta,089,179085,35930,8034,43964,604
2022-12-10,Sierra,091,2930,310,61,371,5
2022-12-10,Siskiyou,093,43540,5326,3393,8719,95
2022-12-10,Solano,095,438530,109551,8248,117799,468
2022-12-10,Sonoma,097,501317,110288,5490,115778,542
2022-12-10,Stanislaus,099,539301,141561,22260,163821,1808
2022-12-10,Sutter,101,95872,25031,2499,27530,236
2022-12-10,Tehama,103,63373,14141,3296,17437,221
2022-12-10,Trinity,105,12862,1443,462,1905,23
2022-12-10,Tulare,107,460477,124935,38394,163329,1553
2022-12-10,Tuolumne,109,53932,16250,957,17207,203
2022-12-10,Ventura,111,848112,214947,16856,231803,1618
2022-12-10,Yolo,113,214977,48883,4634,53517,425
2022-12-10,Yuba,115,75493,19478,1779,21257,133
2022-12-09,Alameda,001,1643700,364205,20919,385124,2046
2022-12-09,Alpine,002,1148,139,2,141,0
2022-12-09,Amador,005,37829,10242,949,11191,95
2022-12-09,Butte,007,227075,40812,9692,50504,475
2022-12-09,Calaveras,009,45235,8769,599,9368,135
2022-12-09,Colusa,011,21464,3877,1321,5198,22
2022-12-09,Contra Costa,013,1133247,261972,21588,283560,1503
2022-12-09,Del Norte,015,27424,7635,412,8047,56
2022-12-09,El Dorado,017,186661,33573,4425,37998,238
2022-12-09,Fresno,019,978130,286831,33434,320265,2925
2022-12-09,Glenn,021,27897,5693,1944,7637,56
2022-12-09,Humboldt,023,135768,22797,5471,28268,164
2022-12-09,Imperial,025,180216,68226,17898,86124,969
2022-12-09,Inyo,027,18085,4658,1158,5816,62
2022-12-09,Kern,029,883053,224401,67925,292326,2449
2022-12-09,Kings,031,150075,61266,4324,65590,473
2022-12-09,Lake,033,64148,13248,1237,14485,152
2022-12-09,Lassen,035,31185,10156,1027,11183,65
2022-12-09,Los Angeles,037,10098052,3392969,199462,3592431,34295
2022-12-09,Madera,039,155013,45203,8572,53775,376
2022-12-09,Marin,041,260295,38778,5424,44202,260
2022-12-09,Mariposa,043,17540,3247,353,3600,30
2022-12-09,Mendocino,045,87422,16446,4657,21103,139
2022-12-09,Merced,047,269075,75466,12532,87998,888
2022-12-09,Modoc,049,8938,920,354,1274,11
2022-12-09,Mono,051,14174,3255,279,3534,8
2022-12-09,Monterey,053,433212,96117,22107,118224,779
2022-12-09,Napa,055,140530,33385,1461,34846,161
2022-12-09,Nevada,057,99092,19705,2121,21826,137
2022-12-09,Orange,059,3164182,690934,70374,761308,7708
2022-12-09,Placer,061,380077,78601,10038,88639,671
2022-12-09,Plumas,063,18699,3763,451,4214,13
2022-12-09,Riverside,065,2383286,715360,38088,753448,6712
2022-12-09,Sacramento,067,1510023,359945,36600,396545,3424
2022-12-09,San Benito,069,59416,17061,1046,18107,107
2022-12-09,San Bernardino,071,2135413,691576,32458,724034,8114
2022-12-09,San Diego,073,3302833,952467,75826,1028293,5652
2022-12-09,San Francisco,075,870044,187894,12716,200610,1107
2022-12-09,San Joaquin,077,732212,203999,16061,220060,2375
2022-12-09,San Luis Obispo,079,281455,64705,7531,72236,538
2022-12-09,San Mateo,081,765935,176661,10685,187346,745
2022-12-09,Santa Barbara,083,443738,108717,7199,115916,745
2022-12-09,Santa Clara,085,1922200,456670,19989,476659,2621
2022-12-09,Santa Cruz,087,273765,66235,3674,69909,276
2022-12-09,Shasta,089,179085,35921,8028,43949,604
2022-12-09,Sierra,091,2930,310,61,371,5
2022-12-09,Siskiyou,093,43540,5325,3392,8717,95
2022-12-09,Solano,095,438530,109486,8240,117726,467
2022-12-09,Sonoma,097,501317,110233,5487,115720,542
2022-12-09,Stanislaus,099,539301,141487,22248,163735,1806
2022-12-09,Sutter,101,95872,25021,2499,27520,236
2022-12-09,Tehama,103,63373,14134,3295,17429,221
2022-12-09,Trinity,105,12862,1443,462,1905,23
2022-12-09,Tulare,107,460477,124891,38358,163249,1553
2022-12-09,Tuolumne,109,53932,16234,957,17191,203
2022-12-09,Ventura,111,848112,214860,16837,231697,1618
2022-12-09,Yolo,113,214977,48869,4624,53493,425
2022-12-09,Yuba,115,75493,19471,1778,21249,133
2022-12-08,Alameda,001,1643700,363787,20866,384653,2043
2022-12-08,Alpine,002,1148,139,2,141,0
2022-12-08,Amador,005,37829,10236,949,11185,95
2022-12-08,Butte,007,227075,40785,9673,50458,475
2022-12-08,Calaveras,009,45235,8765,598,9363,135
2022-12-08,Colusa,011,21464,3873,1321,5194,22
2022-12-08,Contra Costa,013,1133247,261737,21571,283308,1500
2022-12-08,Del Norte,015,27424,7632,412,8044,56
2022-12-08,El Dorado,017,186661,33548,4424,37972,238
2022-12-08,Fresno,019,978130,286622,33384,320006,2925
2022-12-08,Glenn,021,27897,5687,1941,7628,56
2022-12-08,Humboldt,023,135768,22782,5463,28245,164
2022-12-08,Imperial,025,180216,68152,17861,86013,969
2022-12-08,Inyo,027,18085,4652,1157,5809,62
2022-12-08,Kern,029,883053,224281,67851,292132,2449
2022-12-08,Kings,031,150075,61227,4323,65550,473
2022-12-08,Lake,033,64148,13234,1237,14471,152
2022-12-08,Lassen,035,31185,10154,1027,11181,65
2022-12-08,Los Angeles,037,10098052,3390451,199042,3589493,34278
2022-12-08,Madera,039,155013,45182,8569,53751,376
2022-12-08,Marin,041,260295,38726,5415,44141,260
2022-12-08,Mariposa,043,17540,3240,353,3593,30
2022-12-08,Mendocino,045,87422,16440,4656,21096,138
2022-12-08,Merced,047,269075,75439,12520,87959,888
2022-12-08,Modoc,049,8938,920,354,1274,11
2022-12-08,Mono,051,14174,3254,279,3533,8
2022-12-08,Monterey,053,433212,96089,22079,118168,779
2022-12-08,Napa,055,140530,33353,1460,34813,161
2022-12-08,Nevada,057,99092,19686,2119,21805,137
2022-12-08,Orange,059,3164182,690462,70229,760691,7707
2022-12-08,Placer,061,380077,78549,10032,88581,670
2022-12-08,Plumas,063,18699,3763,451,4214,13
2022-12-08,Riverside,065,2383286,714882,38014,752896,6711
2022-12-08,Sacramento,067,1510023,359642,36538,396180,3423
2022-12-08,San Benito,069,59416,17052,1046,18098,106
2022-12-08,San Bernardino,071,2135413,691027,32411,723438,8114
2022-12-08,San Diego,073,3302833,951823,75708,1027531,5651
2022-12-08,San Francisco,075,870044,187688,12693,200381,1104
2022-12-08,San Joaquin,077,732212,203866,16039,219905,2374
2022-12-08,San Luis Obispo,079,281455,64673,7516,72189,537
2022-12-08,San Mateo,081,765935,176499,10679,187178,745
2022-12-08,Santa Barbara,083,443738,108645,7196,115841,744
2022-12-08,Santa Clara,085,1922200,456171,19958,476129,2621
2022-12-08,Santa Cruz,087,273765,66207,3671,69878,276
2022-12-08,Shasta,089,179085,35905,8024,43929,604
2022-12-08,Sierra,091,2930,310,61,371,5
2022-12-08,Siskiyou,093,43540,5322,3391,8713,95
2022-12-08,Solano,095,438530,109380,8235,117615,467
2022-12-08,Sonoma,097,501317,110153,5483,115636,541
2022-12-08,Stanislaus,099,539301,141405,22223,163628,1805
2022-12-08,Sutter,101,95872,24998,2496,27494,236
2022-12-08,Tehama,103,63373,14122,3292,17414,221
2022-12-08,Trinity,105,12862,1442,460,1902,23
2022-12-08,Tulare,107,460477,124849,38307,163156,1551
2022-12-08,Tuolumne,109,53932,16211,957,17168,203
2022-12-08,Ventura,111,848112,214736,16801,231537,1618
2022-12-08,Yolo,113,214977,48827,4621,53448,424
2022-12-08,Yuba,115,75493,19460,1775,21235,133
2022-12-07,Alameda,001,1643700,363397,20815,384212,2043
2022-12-07,Alpine,002,1148,139,2,141,0
2022-12-07,Amador,005,37829,10233,949,11182,95
2022-12-07,Butte,007,227075,40753,9658,50411,475
2022-12-07,Calaveras,009,45235,8760,597,9357,135
2022-12-07,Colusa,011,21464,3873,1321,5194,22
2022-12-07,Contra Costa,013,1133247,261502,21539,283041,1499
2022-12-07,Del Norte,015,27424,7630,412,8042,56
2022-12-07,El Dorado,017,186661,33522,4420,37942,238
2022-12-07,Fresno,019,978130,286359,33336,319695,2921
2022-12-07,Glenn,021,27897,5686,1941,7627,56
2022-12-07,Humboldt,023,135768,22766,5448,28214,164
2022-12-07,Imperial,025,180216,68082,17790,85872,969
2022-12-07,Inyo,027,18085,4648,1132,5780,62
2022-12-07,Kern,029,883053,224154,67746,291900,2448
2022-12-07,Kings,031,150075,61184,4319,65503,473
2022-12-07,Lake,033,64148,13226,1237,14463,152
2022-12-07,Lassen,035,31185,10153,1027,11180,65
2022-12-07,Los Angeles,037,10098052,3387762,198530,3586292,34256
2022-12-07,Madera,039,155013,45136,8565,53701,376
2022-12-07,Marin,041,260295,38683,5409,44092,260
2022-12-07,Mariposa,043,17540,3237,353,3590,30
2022-12-07,Mendocino,045,87422,16436,4651,21087,138
2022-12-07,Merced,047,269075,75389,12487,87876,888
2022-12-07,Modoc,049,8938,919,354,1273,11
2022-12-07,Mono,051,14174,3252,279,3531,8
2022-12-07,Monterey,053,433212,96050,22051,118101,779
2022-12-07,Napa,055,140530,33334,1456,34790,161
2022-12-07,Nevada,057,99092,19669,2110,21779,137
2022-12-07,Orange,059,3164182,689939,70060,759999,7707
2022-12-07,Placer,061,380077,78503,10027,88530,669
2022-12-07,Plumas,063,18699,3762,451,4213,13
2022-12-07,Riverside,065,2383286,714328,37940,752268,6705
2022-12-07,Sacramento,067,1510023,359391,36488,395879,3420
2022-12-07,San Benito,069,59416,17029,1042,18071,106
2022-12-07,San Bernardino,071,2135413,690494,32341,722835,8114
2022-12-07,San Diego,073,3302833,951011,75591,1026602,5647
2022-12-07,San Francisco,075,870044,187484,12682,200166,1104
2022-12-07,San Joaquin,077,732212,203704,16009,219713,2374
2022-12-07,San Luis Obispo,079,281455,64647,7496,72143,537
2022-12-07,San Mateo,081,765935,176336,10672,187008,745
2022-12-07,Santa Barbara,083,443738,108563,7188,115751,744
2022-12-07,Santa Clara,085,1922200,455723,19926,475649,2617
2022-12-07,Santa Cruz,087,273765,66113,3661,69774,276
2022-12-07,Shasta,089,179085,35885,8013,43898,604
2022-12-07,Sierra,091,2930,310,61,371,5
2022-12-07,Siskiyou,093,43540,5320,3391,8711,95
2022-12-07,Solano,095,438530,109283,8228,117511,467
2022-12-07,Sonoma,097,501317,110082,5481,115563,541
2022-12-07,Stanislaus,099,539301,141343,22201,163544,1804
2022-12-07,Sutter,101,95872,24983,2496,27479,236
2022-12-07,Tehama,103,63373,14113,3289,17402,221
2022-12-07,Trinity,105,12862,1442,459,1901,23
2022-12-07,Tulare,107,460477,124794,38271,163065,1551
2022-12-07,Tuolumne,109,53932,16200,957,17157,203
2022-12-07,Ventura,111,848112,214612,16776,231388,1617
2022-12-07,Yolo,113,214977,48796,4619,53415,424
2022-12-07,Yuba,115,75493,19454,1773,21227,133
2022-12-06,Alameda,001,1643700,362930,20782,383712,2043
2022-12-06,Alpine,002,1148,139,2,141,0
2022-12-06,Amador,005,37829,10225,948,11173,95
2022-12-06,Butte,007,227075,40724,9647,50371,475
2022-12-06,Calaveras,009,45235,8754,595,9349,135
2022-12-06,Colusa,011,21464,3872,1321,5193,22
2022-12-06,Contra Costa,013,1133247,261188,21508,282696,1499
2022-12-06,Del Norte,015,27424,7626,412,8038,56
2022-12-06,El Dorado,017,186661,33496,4418,37914,238
2022-12-06,Fresno,019,978130,286133,33281,319414,2920
2022-12-06,Glenn,021,27897,5683,1936,7619,56
2022-12-06,Humboldt,023,135768,22744,5438,28182,164
2022-12-06,Imperial,025,180216,68003,17724,85727,967
2022-12-06,Inyo,027,18085,4645,1128,5773,62
2022-12-06,Kern,029,883053,224049,67633,291682,2448
2022-12-06,Kings,031,150075,61142,4314,65456,473
2022-12-06,Lake,033,64148,13219,1237,14456,152
2022-12-06,Lassen,035,31185,10151,1026,11177,65
2022-12-06,Los Angeles,037,10098052,3384886,197957,3582843,34236
2022-12-06,Madera,039,155013,45112,8537,53649,376
2022-12-06,Marin,041,260295,38636,5404,44040,260
2022-12-06,Mariposa,043,17540,3237,353,3590,30
2022-12-06,Mendocino,045,87422,16428,4649,21077,138
2022-12-06,Merced,047,269075,75332,12465,87797,888
2022-12-06,Modoc,049,8938,916,353,1269,11
2022-12-06,Mono,051,14174,3251,279,3530,8
2022-12-06,Monterey,053,433212,96017,22024,118041,779
2022-12-06,Napa,055,140530,33311,1455,34766,161
2022-12-06,Nevada,057,99092,19654,2101,21755,137
2022-12-06,Orange,059,3164182,689387,69876,759263,7699
2022-12-06,Placer,061,380077,78441,10015,88456,669
2022-12-06,Plumas,063,18699,3762,451,4213,13
2022-12-06,Riverside,065,2383286,713821,37831,751652,6702
2022-12-06,Sacramento,067,1510023,359127,36456,395583,3419
2022-12-06,San Benito,069,59416,17010,1038,18048,106
2022-12-06,San Bernardino,071,2135413,689920,32285,722205,8114
2022-12-06,San Diego,073,3302833,950177,75447,1025624,5644
2022-12-06,San Francisco,075,870044,187257,12673,199930,1104
2022-12-06,San Joaquin,077,732212,203538,15986,219524,2371
2022-12-06,San Luis Obispo,079,281455,64610,7466,72076,537
2022-12-06,San Mateo,081,765935,176139,10653,186792,745
2022-12-06,Santa Barbara,083,443738,108494,7171,115665,744
2022-12-06,Santa Clara,085,1922200,455216,19880,475096,2614
2022-12-06,Santa Cruz,087,273765,66006,3659,69665,276
2022-12-06,Shasta,089,179085,35868,8002,43870,604
2022-12-06,Sierra,091,2930,308,61,369,5
2022-12-06,Siskiyou,093,43540,5317,3388,8705,95
2022-12-06,Solano,095,438530,109171,8214,117385,467
2022-12-06,Sonoma,097,501317,109995,5478,115473,540
2022-12-06,Stanislaus,099,539301,141246,22170,163416,1803
2022-12-06,Sutter,101,95872,24968,2493,27461,236
2022-12-06,Tehama,103,63373,14096,3280,17376,221
2022-12-06,Trinity,105,12862,1442,458,1900,23
2022-12-06,Tulare,107,460477,124733,38219,162952,1551
2022-12-06,Tuolumne,109,53932,16191,956,17147,203
2022-12-06,Ventura,111,848112,214445,16742,231187,1615
2022-12-06,Yolo,113,214977,48755,4612,53367,424
2022-12-06,Yuba,115,75493,19440,1772,21212,133
2022-12-05,Alameda,001,1643700,362475,20744,383219,2042
2022-12-05,Alpine,002,1148,139,2,141,0
2022-12-05,Amador,005,37829,10220,948,11168,95
2022-12-05,Butte,007,227075,40686,9632,50318,474
2022-12-05,Calaveras,009,45235,8748,594,9342,135
2022-12-05,Colusa,011,21464,3871,1321,5192,22
2022-12-05,Contra Costa,013,1133247,260916,21488,282404,1496
2022-12-05,Del Norte,015,27424,7618,411,8029,56
2022-12-05,El Dorado,017,186661,33479,4414,37893,238
2022-12-05,Fresno,019,978130,285850,33221,319071,2920
2022-12-05,Glenn,021,27897,5680,1936,7616,56
2022-12-05,Humboldt,023,135768,22728,5430,28158,164
2022-12-05,Imperial,025,180216,67900,17656,85556,967
2022-12-05,Inyo,027,18085,4642,1127,5769,62
2022-12-05,Kern,029,883053,223850,67537,291387,2448
2022-12-05,Kings,031,150075,61078,4306,65384,471
2022-12-05,Lake,033,64148,13209,1237,14446,152
2022-12-05,Lassen,035,31185,10146,1026,11172,65
2022-12-05,Los Angeles,037,10098052,3381776,197385,3579161,34216
2022-12-05,Madera,039,155013,45068,8534,53602,376
2022-12-05,Marin,041,260295,38578,5394,43972,260
2022-12-05,Mariposa,043,17540,3231,353,3584,30
2022-12-05,Mendocino,045,87422,16416,4643,21059,138
2022-12-05,Merced,047,269075,75278,12445,87723,888
2022-12-05,Modoc,049,8938,915,353,1268,11
2022-12-05,Mono,051,14174,3249,279,3528,8
2022-12-05,Monterey,053,433212,95972,22003,117975,779
2022-12-05,Napa,055,140530,33288,1452,34740,161
2022-12-05,Nevada,057,99092,19644,2098,21742,137
2022-12-05,Orange,059,3164182,688736,69660,758396,7689
2022-12-05,Placer,061,380077,78392,10007,88399,669
2022-12-05,Plumas,063,18699,3761,450,4211,13
2022-12-05,Riverside,065,2383286,713220,37727,750947,6701
2022-12-05,Sacramento,067,1510023,358815,36400,395215,3419
2022-12-05,San Benito,069,59416,16973,1034,18007,105
2022-12-05,San Bernardino,071,2135413,689276,32227,721503,8112
2022-12-05,San Diego,073,3302833,949303,75302,1024605,5642
2022-12-05,San Francisco,075,870044,187007,12660,199667,1104
2022-12-05,San Joaquin,077,732212,203362,15960,219322,2370
2022-12-05,San Luis Obispo,079,281455,64567,7452,72019,537
2022-12-05,San Mateo,081,765935,175920,10644,186564,745
2022-12-05,Santa Barbara,083,443738,108410,7156,115566,743
2022-12-05,Santa Clara,085,1922200,454660,19834,474494,2611
2022-12-05,Santa Cruz,087,273765,65881,3653,69534,276
2022-12-05,Shasta,089,179085,35850,7992,43842,604
2022-12-05,Sierra,091,2930,308,61,369,5
2022-12-05,Siskiyou,093,43540,5316,3386,8702,95
2022-12-05,Solano,095,438530,109071,8198,117269,467
2022-12-05,Sonoma,097,501317,109901,5472,115373,540
2022-12-05,Stanislaus,099,539301,141133,22153,163286,1802
2022-12-05,Sutter,101,95872,24944,2490,27434,236
2022-12-05,Tehama,103,63373,14080,3276,17356,220
2022-12-05,Trinity,105,12862,1442,457,1899,23
2022-12-05,Tulare,107,460477,124641,38163,162804,1551
2022-12-05,Tuolumne,109,53932,16172,955,17127,203
2022-12-05,Ventura,111,848112,214278,16713,230991,1615
2022-12-05,Yolo,113,214977,48721,4608,53329,424
2022-12-05,Yuba,115,75493,19428,1772,21200,133
2022-12-04,Alameda,001,1643700,361916,20688,382604,2041
2022-12-04,Alpine,002,1148,139,2,141,0
2022-12-04,Amador,005,37829,10216,948,11164,95
2022-12-04,Butte,007,227075,40624,9615,50239,473
2022-12-04,Calaveras,009,45235,8737,592,9329,135
2022-12-04,Colusa,011,21464,3869,1321,5190,22
2022-12-04,Contra Costa,013,1133247,260553,21449,282002,1496
2022-12-04,Del Norte,015,27424,7612,411,8023,56
2022-12-04,El Dorado,017,186661,33457,4405,37862,238
2022-12-04,Fresno,019,978130,285546,33152,318698,2920
2022-12-04,Glenn,021,27897,5675,1933,7608,56
2022-12-04,Humboldt,023,135768,22697,5420,28117,163
2022-12-04,Imperial,025,180216,67817,17549,85366,966
2022-12-04,Inyo,027,18085,4640,1125,5765,62
2022-12-04,Kern,029,883053,223707,67408,291115,2448
2022-12-04,Kings,031,150075,61021,4291,65312,471
2022-12-04,Lake,033,64148,13195,1236,14431,152
2022-12-04,Lassen,035,31185,10143,1024,11167,65
2022-12-04,Los Angeles,037,10098052,3377924,196702,3574626,34192
2022-12-04,Madera,039,155013,45040,8524,53564,376
2022-12-04,Marin,041,260295,38511,5385,43896,260
2022-12-04,Mariposa,043,17540,3228,353,3581,30
2022-12-04,Mendocino,045,87422,16408,4639,21047,138
2022-12-04,Merced,047,269075,75224,12406,87630,888
2022-12-04,Modoc,049,8938,913,353,1266,11
2022-12-04,Mono,051,14174,3248,279,3527,8
2022-12-04,Monterey,053,433212,95930,21978,117908,779
2022-12-04,Napa,055,140530,33264,1444,34708,161
2022-12-04,Nevada,057,99092,19619,2086,21705,137
2022-12-04,Orange,059,3164182,688040,69395,757435,7685
2022-12-04,Placer,061,380077,78319,9994,88313,669
2022-12-04,Plumas,063,18699,3758,448,4206,13
2022-12-04,Riverside,065,2383286,712521,37607,750128,6699
2022-12-04,Sacramento,067,1510023,358458,36331,394789,3418
2022-12-04,San Benito,069,59416,16957,1034,17991,105
2022-12-04,San Bernardino,071,2135413,688471,32169,720640,8112
2022-12-04,San Diego,073,3302833,948240,75135,1023375,5641
2022-12-04,San Francisco,075,870044,186708,12624,199332,1103
2022-12-04,San Joaquin,077,732212,203175,15921,219096,2370
2022-12-04,San Luis Obispo,079,281455,64525,7438,71963,537
2022-12-04,San Mateo,081,765935,175712,10631,186343,745
2022-12-04,Santa Barbara,083,443738,108311,7147,115458,743
2022-12-04,Santa Clara,085,1922200,454012,19780,473792,2608
2022-12-04,Santa Cruz,087,273765,65817,3642,69459,276
2022-12-04,Shasta,089,179085,35830,7969,43799,604
2022-12-04,Sierra,091,2930,308,61,369,5
2022-12-04,Siskiyou,093,43540,5311,3385,8696,95
2022-12-04,Solano,095,438530,108925,8193,117118,467
2022-12-04,Sonoma,097,501317,109800,5465,115265,540
2022-12-04,Stanislaus,099,539301,141014,22130,163144,1801
2022-12-04,Sutter,101,95872,24924,2479,27403,236
2022-12-04,Tehama,103,63373,14065,3275,17340,220
2022-12-04,Trinity,105,12862,1442,457,1899,23
2022-12-04,Tulare,107,460477,124529,38096,162625,1551
2022-12-04,Tuolumne,109,53932,16149,954,17103,203
2022-12-04,Ventura,111,848112,214108,16670,230778,1615
2022-12-04,Yolo,113,214977,48673,4599,53272,424
2022-12-04,Yuba,115,75493,19418,1770,21188,133
2022-12-03,Alameda,001,1643700,361658,20659,382317,2038
2022-12-03,Alpine,002,1148,139,2,141,0
2022-12-03,Amador,005,37829,10209,948,11157,95
2022-12-03,Butte,007,227075,40608,9606,50214,471
2022-12-03,Calaveras,009,45235,8734,592,9326,135
2022-12-03,Colusa,011,21464,3867,1321,5188,22
2022-12-03,Contra Costa,013,1133247,260374,21432,281806,1496
2022-12-03,Del Norte,015,27424,7608,410,8018,56
2022-12-03,El Dorado,017,186661,33441,4403,37844,238
2022-12-03,Fresno,019,978130,285420,33130,318550,2918
2022-12-03,Glenn,021,27897,5673,1933,7606,56
2022-12-03,Humboldt,023,135768,22671,5409,28080,163
2022-12-03,Imperial,025,180216,67780,17528,85308,966
2022-12-03,Inyo,027,18085,4639,1124,5763,62
2022-12-03,Kern,029,883053,223653,67331,290984,2448
2022-12-03,Kings,031,150075,61001,4289,65290,471
2022-12-03,Lake,033,64148,13190,1235,14425,152
2022-12-03,Lassen,035,31185,10141,1024,11165,65
2022-12-03,Los Angeles,037,10098052,3376024,196342,3572366,34176
2022-12-03,Madera,039,155013,45020,8521,53541,376
2022-12-03,Marin,041,260295,38470,5380,43850,260
2022-12-03,Mariposa,043,17540,3226,353,3579,30
2022-12-03,Mendocino,045,87422,16402,4638,21040,137
2022-12-03,Merced,047,269075,75184,12394,87578,887
2022-12-03,Modoc,049,8938,911,352,1263,11
2022-12-03,Mono,051,14174,3246,279,3525,8
2022-12-03,Monterey,053,433212,95909,21961,117870,778
2022-12-03,Napa,055,140530,33256,1444,34700,161
2022-12-03,Nevada,057,99092,19612,2084,21696,137
2022-12-03,Orange,059,3164182,687678,69243,756921,7682
2022-12-03,Placer,061,380077,78269,9993,88262,668
2022-12-03,Plumas,063,18699,3756,447,4203,13
2022-12-03,Riverside,065,2383286,712121,37554,749675,6697
2022-12-03,Sacramento,067,1510023,358277,36311,394588,3416
2022-12-03,San Benito,069,59416,16936,1031,17967,105
2022-12-03,San Bernardino,071,2135413,688099,32127,720226,8112
2022-12-03,San Diego,073,3302833,947739,75073,1022812,5640
2022-12-03,San Francisco,075,870044,186565,12619,199184,1101
2022-12-03,San Joaquin,077,732212,203063,15898,218961,2368
2022-12-03,San Luis Obispo,079,281455,64512,7433,71945,537
2022-12-03,San Mateo,081,765935,175585,10624,186209,745
2022-12-03,Santa Barbara,083,443738,108271,7141,115412,743
2022-12-03,Santa Clara,085,1922200,453653,19748,473401,2606
2022-12-03,Santa Cruz,087,273765,65775,3631,69406,276
2022-12-03,Shasta,089,179085,35820,7966,43786,604
2022-12-03,Sierra,091,2930,308,61,369,5
2022-12-03,Siskiyou,093,43540,5310,3385,8695,95
2022-12-03,Solano,095,438530,108896,8184,117080,467
2022-12-03,Sonoma,097,501317,109751,5463,115214,539
2022-12-03,Stanislaus,099,539301,140948,22114,163062,1801
2022-12-03,Sutter,101,95872,24908,2479,27387,235
2022-12-03,Tehama,103,63373,14061,3272,17333,220
2022-12-03,Trinity,105,12862,1442,457,1899,23
2022-12-03,Tulare,107,460477,124467,38061,162528,1551
2022-12-03,Tuolumne,109,53932,16133,951,17084,203
2022-12-03,Ventura,111,848112,214013,16649,230662,1614
2022-12-03,Yolo,113,214977,48647,4592,53239,424
2022-12-03,Yuba,115,75493,19413,1769,21182,133
2022-12-02,Alameda,001,1643700,361380,20633,382013,2037
2022-12-02,Alpine,002,1148,139,2,141,0
2022-12-02,Amador,005,37829,10203,948,11151,95
2022-12-02,Butte,007,227075,40593,9592,50185,470
2022-12-02,Calaveras,009,45235,8731,592,9323,135
2022-12-02,Colusa,011,21464,3867,1321,5188,22
2022-12-02,Contra Costa,013,1133247,260212,21425,281637,1496
2022-12-02,Del Norte,015,27424,7604,410,8014,56
2022-12-02,El Dorado,017,186661,33424,4403,37827,237
2022-12-02,Fresno,019,978130,285258,33100,318358,2917
2022-12-02,Glenn,021,27897,5672,1932,7604,56
2022-12-02,Humboldt,023,135768,22657,5405,28062,163
2022-12-02,Imperial,025,180216,67737,17510,85247,965
2022-12-02,Inyo,027,18085,4636,1122,5758,62
2022-12-02,Kern,029,883053,223560,67282,290842,2447
2022-12-02,Kings,031,150075,60983,4287,65270,471
2022-12-02,Lake,033,64148,13184,1234,14418,152
2022-12-02,Lassen,035,31185,10140,1023,11163,65
2022-12-02,Los Angeles,037,10098052,3373968,195925,3569893,34160
2022-12-02,Madera,039,155013,44996,8520,53516,376
2022-12-02,Marin,041,260295,38433,5377,43810,260
2022-12-02,Mariposa,043,17540,3224,352,3576,30
2022-12-02,Mendocino,045,87422,16397,4638,21035,137
2022-12-02,Merced,047,269075,75151,12388,87539,887
2022-12-02,Modoc,049,8938,910,351,1261,11
2022-12-02,Mono,051,14174,3246,278,3524,8
2022-12-02,Monterey,053,433212,95877,21943,117820,778
2022-12-02,Napa,055,140530,33242,1440,34682,161
2022-12-02,Nevada,057,99092,19606,2079,21685,137
2022-12-02,Orange,059,3164182,687283,69081,756364,7677
2022-12-02,Placer,061,380077,78241,9986,88227,668
2022-12-02,Plumas,063,18699,3756,447,4203,13
2022-12-02,Riverside,065,2383286,711667,37498,749165,6696
2022-12-02,Sacramento,067,1510023,358051,36280,394331,3414
2022-12-02,San Benito,069,59416,16913,1028,17941,105
2022-12-02,San Bernardino,071,2135413,687718,32101,719819,8112
2022-12-02,San Diego,073,3302833,947232,74996,1022228,5637
2022-12-02,San Francisco,075,870044,186440,12606,199046,1100
2022-12-02,San Joaquin,077,732212,202965,15878,218843,2367
2022-12-02,San Luis Obispo,079,281455,64491,7423,71914,537
2022-12-02,San Mateo,081,765935,175456,10617,186073,745
2022-12-02,Santa Barbara,083,443738,108216,7139,115355,743
2022-12-02,Santa Clara,085,1922200,453328,19729,473057,2604
2022-12-02,Santa Cruz,087,273765,65720,3627,69347,276
2022-12-02,Shasta,089,179085,35803,7964,43767,604
2022-12-02,Sierra,091,2930,308,61,369,5
2022-12-02,Siskiyou,093,43540,5308,3385,8693,95
2022-12-02,Solano,095,438530,108825,8177,117002,466
2022-12-02,Sonoma,097,501317,109700,5456,115156,536
2022-12-02,Stanislaus,099,539301,140885,22107,162992,1801
2022-12-02,Sutter,101,95872,24899,2479,27378,235
2022-12-02,Tehama,103,63373,14056,3268,17324,220
2022-12-02,Trinity,105,12862,1442,456,1898,23
2022-12-02,Tulare,107,460477,124421,38008,162429,1551
2022-12-02,Tuolumne,109,53932,16121,949,17070,203
2022-12-02,Ventura,111,848112,213909,16623,230532,1614
2022-12-02,Yolo,113,214977,48635,4591,53226,424
2022-12-02,Yuba,115,75493,19402,1769,21171,133
2022-12-01,Alameda,001,1643700,360964,20587,381551,2037
2022-12-01,Alpine,002,1148,139,2,141,0
2022-12-01,Amador,005,37829,10197,948,11145,95
2022-12-01,Butte,007,227075,40565,9577,50142,469
2022-12-01,Calaveras,009,45235,8724,589,9313,135
2022-12-01,Colusa,011,21464,3867,1317,5184,22
2022-12-01,Contra Costa,013,1133247,259969,21404,281373,1496
2022-12-01,Del Norte,015,27424,7602,410,8012,56
2022-12-01,El Dorado,017,186661,33396,4396,37792,237
2022-12-01,Fresno,019,978130,285074,33045,318119,2917
2022-12-01,Glenn,021,27897,5664,1929,7593,56
2022-12-01,Humboldt,023,135768,22640,5400,28040,163
2022-12-01,Imperial,025,180216,67664,17410,85074,965
2022-12-01,Inyo,027,18085,4630,1118,5748,62
2022-12-01,Kern,029,883053,223414,67194,290608,2447
2022-12-01,Kings,031,150075,60944,4284,65228,471
2022-12-01,Lake,033,64148,13178,1234,14412,152
2022-12-01,Lassen,035,31185,10138,1023,11161,65
2022-12-01,Los Angeles,037,10098052,3371077,195393,3566470,34144
2022-12-01,Madera,039,155013,44963,8507,53470,376
2022-12-01,Marin,041,260295,38392,5364,43756,260
2022-12-01,Mariposa,043,17540,3220,352,3572,30
2022-12-01,Mendocino,045,87422,16392,4638,21030,137
2022-12-01,Merced,047,269075,75104,12373,87477,887
2022-12-01,Modoc,049,8938,907,350,1257,11
2022-12-01,Mono,051,14174,3243,277,3520,8
2022-12-01,Monterey,053,433212,95841,21929,117770,778
2022-12-01,Napa,055,140530,33213,1439,34652,161
2022-12-01,Nevada,057,99092,19589,2076,21665,137
2022-12-01,Orange,059,3164182,686676,68891,755567,7675
2022-12-01,Placer,061,380077,78183,9977,88160,668
2022-12-01,Plumas,063,18699,3749,447,4196,13
2022-12-01,Riverside,065,2383286,711125,37408,748533,6691
2022-12-01,Sacramento,067,1510023,357737,36225,393962,3414
2022-12-01,San Benito,069,59416,16882,1025,17907,104
2022-12-01,San Bernardino,071,2135413,687141,32034,719175,8112
2022-12-01,San Diego,073,3302833,946420,74845,1021265,5636
2022-12-01,San Francisco,075,870044,186229,12578,198807,1099
2022-12-01,San Joaquin,077,732212,202812,15851,218663,2364
2022-12-01,San Luis Obispo,079,281455,64469,7409,71878,536
2022-12-01,San Mateo,081,765935,175288,10611,185899,745
2022-12-01,Santa Barbara,083,443738,108150,7132,115282,743
2022-12-01,Santa Clara,085,1922200,452818,19699,472517,2603
2022-12-01,Santa Cruz,087,273765,65652,3620,69272,276
2022-12-01,Shasta,089,179085,35784,7956,43740,604
2022-12-01,Sierra,091,2930,308,61,369,5
2022-12-01,Siskiyou,093,43540,5306,3384,8690,95
2022-12-01,Solano,095,438530,108744,8172,116916,466
2022-12-01,Sonoma,097,501317,109631,5443,115074,535
2022-12-01,Stanislaus,099,539301,140801,22094,162895,1801
2022-12-01,Sutter,101,95872,24889,2478,27367,235
2022-12-01,Tehama,103,63373,14039,3263,17302,219
2022-12-01,Trinity,105,12862,1442,455,1897,23
2022-12-01,Tulare,107,460477,124359,37952,162311,1551
2022-12-01,Tuolumne,109,53932,16106,949,17055,203
2022-12-01,Ventura,111,848112,213762,16592,230354,1613
2022-12-01,Yolo,113,214977,48601,4586,53187,424
2022-12-01,Yuba,115,75493,19383,1769,21152,133
2022-11-30,Alameda,001,1643700,360530,20552,381082,2036
2022-11-30,Alpine,002,1148,139,2,141,0
2022-11-30,Amador,005,37829,10191,948,11139,95
2022-11-30,Butte,007,227075,40529,9551,50080,468
2022-11-30,Calaveras,009,45235,8719,588,9307,135
2022-11-30,Colusa,011,21464,3864,1316,5180,22
2022-11-30,Contra Costa,013,1133247,259710,21382,281092,1496
2022-11-30,Del Norte,015,27424,7597,409,8006,56
2022-11-30,El Dorado,017,186661,33370,4393,37763,237
2022-11-30,Fresno,019,978130,284808,32996,317804,2917
2022-11-30,Glenn,021,27897,5662,1923,7585,56
2022-11-30,Humboldt,023,135768,22625,5389,28014,163
2022-11-30,Imperial,025,180216,67551,17319,84870,965
2022-11-30,Inyo,027,18085,4629,1115,5744,62
2022-11-30,Kern,029,883053,223312,67117,290429,2447
2022-11-30,Kings,031,150075,60886,4273,65159,471
2022-11-30,Lake,033,64148,13166,1234,14400,152
2022-11-30,Lassen,035,31185,10136,1023,11159,65
2022-11-30,Los Angeles,037,10098052,3367599,194795,3562394,34136
2022-11-30,Madera,039,155013,44936,8502,53438,376
2022-11-30,Marin,041,260295,38353,5358,43711,260
2022-11-30,Mariposa,043,17540,3216,351,3567,30
2022-11-30,Mendocino,045,87422,16385,4633,21018,137
2022-11-30,Merced,047,269075,75042,12350,87392,887
2022-11-30,Modoc,049,8938,907,349,1256,11
2022-11-30,Mono,051,14174,3241,277,3518,8
2022-11-30,Monterey,053,433212,95793,21910,117703,778
2022-11-30,Napa,055,140530,33181,1439,34620,161
2022-11-30,Nevada,057,99092,19577,2071,21648,137
2022-11-30,Orange,059,3164182,686031,68677,754708,7672
2022-11-30,Placer,061,380077,78115,9969,88084,668
2022-11-30,Plumas,063,18699,3747,447,4194,13
2022-11-30,Riverside,065,2383286,710454,37311,747765,6690
2022-11-30,Sacramento,067,1510023,357446,36192,393638,3413
2022-11-30,San Benito,069,59416,16843,1023,17866,104
2022-11-30,San Bernardino,071,2135413,686510,31972,718482,8112
2022-11-30,San Diego,073,3302833,945569,74708,1020277,5632
2022-11-30,San Francisco,075,870044,186000,12562,198562,1098
2022-11-30,San Joaquin,077,732212,202632,15799,218431,2364
2022-11-30,San Luis Obispo,079,281455,64434,7393,71827,534
2022-11-30,San Mateo,081,765935,175098,10599,185697,744
2022-11-30,Santa Barbara,083,443738,108071,7116,115187,743
2022-11-30,Santa Clara,085,1922200,452292,19665,471957,2602
2022-11-30,Santa Cruz,087,273765,65588,3614,69202,276
2022-11-30,Shasta,089,179085,35766,7947,43713,604
2022-11-30,Sierra,091,2930,308,61,369,5
2022-11-30,Siskiyou,093,43540,5303,3383,8686,95
2022-11-30,Solano,095,438530,108654,8165,116819,466
2022-11-30,Sonoma,097,501317,109559,5437,114996,535
2022-11-30,Stanislaus,099,539301,140694,22078,162772,1801
2022-11-30,Sutter,101,95872,24871,2475,27346,235
2022-11-30,Tehama,103,63373,14020,3258,17278,219
2022-11-30,Trinity,105,12862,1441,454,1895,23
2022-11-30,Tulare,107,460477,124277,37893,162170,1551
2022-11-30,Tuolumne,109,53932,16090,947,17037,203
2022-11-30,Ventura,111,848112,213570,16548,230118,1613
2022-11-30,Yolo,113,214977,48574,4580,53154,423
2022-11-30,Yuba,115,75493,19371,1769,21140,133
2022-11-29,Alameda,001,1643700,360097,20493,380590,2035
2022-11-29,Alpine,002,1148,139,1,140,0
2022-11-29,Amador,005,37829,10187,948,11135,95
2022-11-29,Butte,007,227075,40486,9532,50018,468
2022-11-29,Calaveras,009,45235,8712,588,9300,135
2022-11-29,Colusa,011,21464,3863,1312,5175,22
2022-11-29,Contra Costa,013,1133247,259441,21362,280803,1496
2022-11-29,Del Norte,015,27424,7588,409,7997,56
2022-11-29,El Dorado,017,186661,33329,4390,37719,237
2022-11-29,Fresno,019,978130,284577,32935,317512,2915
2022-11-29,Glenn,021,27897,5660,1922,7582,56
2022-11-29,Humboldt,023,135768,22607,5372,27979,163
2022-11-29,Imperial,025,180216,67457,17231,84688,965
2022-11-29,Inyo,027,18085,4623,1110,5733,62
2022-11-29,Kern,029,883053,223191,67012,290203,2447
2022-11-29,Kings,031,150075,60847,4270,65117,471
2022-11-29,Lake,033,64148,13158,1234,14392,152
2022-11-29,Lassen,035,31185,10133,1022,11155,65
2022-11-29,Los Angeles,037,10098052,3363624,194159,3557783,34121
2022-11-29,Madera,039,155013,44894,8477,53371,376
2022-11-29,Marin,041,260295,38307,5354,43661,260
2022-11-29,Mariposa,043,17540,3214,350,3564,30
2022-11-29,Mendocino,045,87422,16376,4629,21005,137
2022-11-29,Merced,047,269075,74988,12323,87311,887
2022-11-29,Modoc,049,8938,905,349,1254,11
2022-11-29,Mono,051,14174,3240,277,3517,8
2022-11-29,Monterey,053,433212,95751,21879,117630,778
2022-11-29,Napa,055,140530,33156,1439,34595,161
2022-11-29,Nevada,057,99092,19556,2065,21621,137
2022-11-29,Orange,059,3164182,685243,68456,753699,7669
2022-11-29,Placer,061,380077,78044,9959,88003,668
2022-11-29,Plumas,063,18699,3741,446,4187,13
2022-11-29,Riverside,065,2383286,709843,37210,747053,6689
2022-11-29,Sacramento,067,1510023,357056,36146,393202,3412
2022-11-29,San Benito,069,59416,16801,1019,17820,104
2022-11-29,San Bernardino,071,2135413,685859,31910,717769,8112
2022-11-29,San Diego,073,3302833,944663,74532,1019195,5630
2022-11-29,San Francisco,075,870044,185770,12545,198315,1098
2022-11-29,San Joaquin,077,732212,202431,15760,218191,2363
2022-11-29,San Luis Obispo,079,281455,64394,7383,71777,534
2022-11-29,San Mateo,081,765935,174903,10596,185499,744
2022-11-29,Santa Barbara,083,443738,107987,7106,115093,742
2022-11-29,Santa Clara,085,1922200,451732,19628,471360,2600
2022-11-29,Santa Cruz,087,273765,65504,3610,69114,276
2022-11-29,Shasta,089,179085,35746,7932,43678,604
2022-11-29,Sierra,091,2930,308,61,369,5
2022-11-29,Siskiyou,093,43540,5299,3382,8681,95
2022-11-29,Solano,095,438530,108545,8158,116703,466
2022-11-29,Sonoma,097,501317,109479,5427,114906,535
2022-11-29,Stanislaus,099,539301,140608,22053,162661,1801
2022-11-29,Sutter,101,95872,24863,2474,27337,235
2022-11-29,Tehama,103,63373,14005,3249,17254,218
2022-11-29,Trinity,105,12862,1439,454,1893,23
2022-11-29,Tulare,107,460477,124190,37851,162041,1551
2022-11-29,Tuolumne,109,53932,16075,945,17020,203
2022-11-29,Ventura,111,848112,213386,16507,229893,1613
2022-11-29,Yolo,113,214977,48539,4569,53108,423
2022-11-29,Yuba,115,75493,19360,1768,21128,133
2022-11-28,Alameda,001,1643700,359640,20460,380100,2035
2022-11-28,Alpine,002,1148,139,1,140,0
2022-11-28,Amador,005,37829,10179,948,11127,95
2022-11-28,Butte,007,227075,40447,9509,49956,467
2022-11-28,Calaveras,009,45235,8703,588,9291,135
2022-11-28,Colusa,011,21464,3858,1311,5169,22
2022-11-28,Contra Costa,013,1133247,259136,21324,280460,1496
2022-11-28,Del Norte,015,27424,7579,408,7987,56
2022-11-28,El Dorado,017,186661,33297,4386,37683,237
2022-11-28,Fresno,019,978130,284301,32870,317171,2914
2022-11-28,Glenn,021,27897,5656,1921,7577,56
2022-11-28,Humboldt,023,135768,22587,5352,27939,163
2022-11-28,Imperial,025,180216,67313,17137,84450,965
2022-11-28,Inyo,027,18085,4616,1105,5721,61
2022-11-28,Kern,029,883053,223031,66915,289946,2447
2022-11-28,Kings,031,150075,60784,4258,65042,471
2022-11-28,Lake,033,64148,13145,1231,14376,152
2022-11-28,Lassen,035,31185,10132,1020,11152,65
2022-11-28,Los Angeles,037,10098052,3359294,193545,3552839,34105
2022-11-28,Madera,039,155013,44863,8467,53330,376
2022-11-28,Marin,041,260295,38265,5346,43611,260
2022-11-28,Mariposa,043,17540,3212,349,3561,30
2022-11-28,Mendocino,045,87422,16369,4616,20985,137
2022-11-28,Merced,047,269075,74926,12299,87225,886
2022-11-28,Modoc,049,8938,903,346,1249,11
2022-11-28,Mono,051,14174,3240,275,3515,8
2022-11-28,Monterey,053,433212,95700,21837,117537,778
2022-11-28,Napa,055,140530,33127,1437,34564,161
2022-11-28,Nevada,057,99092,19529,2061,21590,137
2022-11-28,Orange,059,3164182,684381,68199,752580,7667
2022-11-28,Placer,061,380077,77996,9950,87946,668
2022-11-28,Plumas,063,18699,3739,446,4185,13
2022-11-28,Riverside,065,2383286,709173,37117,746290,6688
2022-11-28,Sacramento,067,1510023,356658,36098,392756,3410
2022-11-28,San Benito,069,59416,16755,1007,17762,104
2022-11-28,San Bernardino,071,2135413,685150,31832,716982,8112
2022-11-28,San Diego,073,3302833,943609,74396,1018005,5629
2022-11-28,San Francisco,075,870044,185514,12530,198044,1097
2022-11-28,San Joaquin,077,732212,202240,15717,217957,2361
2022-11-28,San Luis Obispo,079,281455,64361,7374,71735,534
2022-11-28,San Mateo,081,765935,174661,10587,185248,744
2022-11-28,Santa Barbara,083,443738,107889,7093,114982,742
2022-11-28,Santa Clara,085,1922200,451130,19584,470714,2599
2022-11-28,Santa Cruz,087,273765,65410,3606,69016,276
2022-11-28,Shasta,089,179085,35718,7919,43637,604
2022-11-28,Sierra,091,2930,308,61,369,5
2022-11-28,Siskiyou,093,43540,5294,3381,8675,95
2022-11-28,Solano,095,438530,108427,8147,116574,466
2022-11-28,Sonoma,097,501317,109392,5418,114810,535
2022-11-28,Stanislaus,099,539301,140493,22016,162509,1801
2022-11-28,Sutter,101,95872,24848,2474,27322,235
2022-11-28,Tehama,103,63373,13987,3248,17235,218
2022-11-28,Trinity,105,12862,1439,454,1893,23
2022-11-28,Tulare,107,460477,124114,37797,161911,1551
2022-11-28,Tuolumne,109,53932,16065,941,17006,203
2022-11-28,Ventura,111,848112,213176,16458,229634,1613
2022-11-28,Yolo,113,214977,48505,4554,53059,423
2022-11-28,Yuba,115,75493,19346,1768,21114,133
2022-11-27,Alameda,001,1643700,359042,20390,379432,2034
2022-11-27,Alpine,002,1148,139,1,140,0
2022-11-27,Amador,005,37829,10174,947,11121,95
2022-11-27,Butte,007,227075,40402,9489,49891,467
2022-11-27,Calaveras,009,45235,8697,587,9284,135
2022-11-27,Colusa,011,21464,3855,1309,5164,22
2022-11-27,Contra Costa,013,1133247,258775,21275,280050,1495
2022-11-27,Del Norte,015,27424,7566,405,7971,56
2022-11-27,El Dorado,017,186661,33255,4380,37635,237
2022-11-27,Fresno,019,978130,283959,32803,316762,2913
2022-11-27,Glenn,021,27897,5655,1919,7574,56
2022-11-27,Humboldt,023,135768,22562,5331,27893,163
2022-11-27,Imperial,025,180216,67222,17067,84289,965
2022-11-27,Inyo,027,18085,4608,1102,5710,61
2022-11-27,Kern,029,883053,222871,66773,289644,2446
2022-11-27,Kings,031,150075,60710,4246,64956,471
2022-11-27,Lake,033,64148,13131,1229,14360,152
2022-11-27,Lassen,035,31185,10125,1020,11145,65
2022-11-27,Los Angeles,037,10098052,3354149,192834,3546983,34089
2022-11-27,Madera,039,155013,44814,8449,53263,376
2022-11-27,Marin,041,260295,38206,5332,43538,260
2022-11-27,Mariposa,043,17540,3208,349,3557,30
2022-11-27,Mendocino,045,87422,16355,4604,20959,137
2022-11-27,Merced,047,269075,74813,12273,87086,885
2022-11-27,Modoc,049,8938,901,346,1247,11
2022-11-27,Mono,051,14174,3240,274,3514,8
2022-11-27,Monterey,053,433212,95638,21806,117444,777
2022-11-27,Napa,055,140530,33091,1435,34526,161
2022-11-27,Nevada,057,99092,19498,2050,21548,137
2022-11-27,Orange,059,3164182,683521,67917,751438,7663
2022-11-27,Placer,061,380077,77900,9933,87833,668
2022-11-27,Plumas,063,18699,3737,445,4182,13
2022-11-27,Riverside,065,2383286,708314,36987,745301,6686
2022-11-27,Sacramento,067,1510023,356197,36017,392214,3409
2022-11-27,San Benito,069,59416,16713,1004,17717,104
2022-11-27,San Bernardino,071,2135413,684222,31744,715966,8112
2022-11-27,San Diego,073,3302833,942362,74207,1016569,5629
2022-11-27,San Francisco,075,870044,185204,12502,197706,1097
2022-11-27,San Joaquin,077,732212,201972,15642,217614,2361
2022-11-27,San Luis Obispo,079,281455,64288,7353,71641,534
2022-11-27,San Mateo,081,765935,174341,10572,184913,744
2022-11-27,Santa Barbara,083,443738,107781,7067,114848,742
2022-11-27,Santa Clara,085,1922200,450440,19545,469985,2598
2022-11-27,Santa Cruz,087,273765,65262,3600,68862,276
2022-11-27,Shasta,089,179085,35697,7904,43601,604
2022-11-27,Sierra,091,2930,308,61,369,5
2022-11-27,Siskiyou,093,43540,5289,3379,8668,95
2022-11-27,Solano,095,438530,108285,8131,116416,466
2022-11-27,Sonoma,097,501317,109284,5416,114700,534
2022-11-27,Stanislaus,099,539301,140381,21991,162372,1801
2022-11-27,Sutter,101,95872,24828,2473,27301,235
2022-11-27,Tehama,103,63373,13966,3230,17196,218
2022-11-27,Trinity,105,12862,1438,454,1892,23
2022-11-27,Tulare,107,460477,123963,37719,161682,1551
2022-11-27,Tuolumne,109,53932,16058,939,16997,203
2022-11-27,Ventura,111,848112,212937,16410,229347,1613
2022-11-27,Yolo,113,214977,48467,4547,53014,422
2022-11-27,Yuba,115,75493,19326,1765,21091,133
2022-11-26,Alameda,001,1643700,358763,20364,379127,2034
2022-11-26,Alpine,002,1148,139,1,140,0
2022-11-26,Amador,005,37829,10169,946,11115,95
2022-11-26,Butte,007,227075,40378,9477,49855,467
2022-11-26,Calaveras,009,45235,8694,587,9281,135
2022-11-26,Colusa,011,21464,3852,1308,5160,22
2022-11-26,Contra Costa,013,1133247,258550,21263,279813,1493
2022-11-26,Del Norte,015,27424,7556,404,7960,56
2022-11-26,El Dorado,017,186661,33234,4380,37614,237
2022-11-26,Fresno,019,978130,283790,32774,316564,2913
2022-11-26,Glenn,021,27897,5651,1913,7564,56
2022-11-26,Humboldt,023,135768,22548,5323,27871,163
2022-11-26,Imperial,025,180216,67180,17051,84231,965
2022-11-26,Inyo,027,18085,4601,1100,5701,61
2022-11-26,Kern,029,883053,222784,66706,289490,2445
2022-11-26,Kings,031,150075,60682,4245,64927,471
2022-11-26,Lake,033,64148,13123,1228,14351,152
2022-11-26,Lassen,035,31185,10124,1020,11144,65
2022-11-26,Los Angeles,037,10098052,3351640,192452,3544092,34069
2022-11-26,Madera,039,155013,44793,8440,53233,376
2022-11-26,Marin,041,260295,38166,5326,43492,260
2022-11-26,Mariposa,043,17540,3208,349,3557,30
2022-11-26,Mendocino,045,87422,16349,4604,20953,137
2022-11-26,Merced,047,269075,74773,12265,87038,885
2022-11-26,Modoc,049,8938,901,346,1247,11
2022-11-26,Mono,051,14174,3239,273,3512,8
2022-11-26,Monterey,053,433212,95597,21788,117385,777
2022-11-26,Napa,055,140530,33079,1435,34514,161
2022-11-26,Nevada,057,99092,19491,2043,21534,137
2022-11-26,Orange,059,3164182,683088,67777,750865,7661
2022-11-26,Placer,061,380077,77841,9925,87766,668
2022-11-26,Plumas,063,18699,3737,445,4182,13
2022-11-26,Riverside,065,2383286,707859,36922,744781,6685
2022-11-26,Sacramento,067,1510023,355995,35982,391977,3409
2022-11-26,San Benito,069,59416,16691,1004,17695,104
2022-11-26,San Bernardino,071,2135413,683811,31703,715514,8111
2022-11-26,San Diego,073,3302833,941914,74113,1016027,5627
2022-11-26,San Francisco,075,870044,185046,12496,197542,1096
2022-11-26,San Joaquin,077,732212,201842,15608,217450,2361
2022-11-26,San Luis Obispo,079,281455,64271,7350,71621,534
2022-11-26,San Mateo,081,765935,174190,10568,184758,744
2022-11-26,Santa Barbara,083,443738,107692,7058,114750,740
2022-11-26,Santa Clara,085,1922200,449937,19516,469453,2596
2022-11-26,Santa Cruz,087,273765,65214,3597,68811,276
2022-11-26,Shasta,089,179085,35683,7899,43582,604
2022-11-26,Sierra,091,2930,308,61,369,5
2022-11-26,Siskiyou,093,43540,5282,3379,8661,95
2022-11-26,Solano,095,438530,108236,8124,116360,466
2022-11-26,Sonoma,097,501317,109233,5412,114645,533
2022-11-26,Stanislaus,099,539301,140314,21973,162287,1800
2022-11-26,Sutter,101,95872,24822,2472,27294,235
2022-11-26,Tehama,103,63373,13960,3223,17183,218
2022-11-26,Trinity,105,12862,1438,454,1892,23
2022-11-26,Tulare,107,460477,123913,37661,161574,1551
2022-11-26,Tuolumne,109,53932,16046,938,16984,203
2022-11-26,Ventura,111,848112,212797,16387,229184,1611
2022-11-26,Yolo,113,214977,48447,4542,52989,422
2022-11-26,Yuba,115,75493,19319,1765,21084,133
2022-11-25,Alameda,001,1643700,358488,20336,378824,2034
2022-11-25,Alpine,002,1148,139,1,140,0
2022-11-25,Amador,005,37829,10162,945,11107,94
2022-11-25,Butte,007,227075,40361,9463,49824,467
2022-11-25,Calaveras,009,45235,8691,587,9278,135
2022-11-25,Colusa,011,21464,3850,1308,5158,22
2022-11-25,Contra Costa,013,1133247,258382,21249,279631,1493
2022-11-25,Del Norte,015,27424,7555,404,7959,55
2022-11-25,El Dorado,017,186661,33208,4374,37582,237
2022-11-25,Fresno,019,978130,283619,32742,316361,2911
2022-11-25,Glenn,021,27897,5650,1911,7561,56
2022-11-25,Humboldt,023,135768,22535,5320,27855,163
2022-11-25,Imperial,025,180216,67143,17019,84162,965
2022-11-25,Inyo,027,18085,4597,1094,5691,61
2022-11-25,Kern,029,883053,222717,66653,289370,2445
2022-11-25,Kings,031,150075,60659,4245,64904,471
2022-11-25,Lake,033,64148,13121,1228,14349,152
2022-11-25,Lassen,035,31185,10124,1019,11143,65
2022-11-25,Los Angeles,037,10098052,3349314,192030,3541344,34060
2022-11-25,Madera,039,155013,44767,8432,53199,376
2022-11-25,Marin,041,260295,38125,5324,43449,260
2022-11-25,Mariposa,043,17540,3205,348,3553,30
2022-11-25,Mendocino,045,87422,16341,4601,20942,137
2022-11-25,Merced,047,269075,74738,12260,86998,884
2022-11-25,Modoc,049,8938,900,346,1246,11
2022-11-25,Mono,051,14174,3239,273,3512,8
2022-11-25,Monterey,053,433212,95549,21762,117311,777
2022-11-25,Napa,055,140530,33066,1435,34501,161
2022-11-25,Nevada,057,99092,19476,2039,21515,137
2022-11-25,Orange,059,3164182,682677,67662,750339,7659
2022-11-25,Placer,061,380077,77800,9919,87719,666
2022-11-25,Plumas,063,18699,3737,445,4182,13
2022-11-25,Riverside,065,2383286,707472,36846,744318,6682
2022-11-25,Sacramento,067,1510023,355777,35951,391728,3407
2022-11-25,San Benito,069,59416,16665,1004,17669,104
2022-11-25,San Bernardino,071,2135413,683396,31671,715067,8111
2022-11-25,San Diego,073,3302833,941421,74048,1015469,5627
2022-11-25,San Francisco,075,870044,184899,12468,197367,1096
2022-11-25,San Joaquin,077,732212,201728,15589,217317,2361
2022-11-25,San Luis Obispo,079,281455,64256,7342,71598,532
2022-11-25,San Mateo,081,765935,174007,10562,184569,744
2022-11-25,Santa Barbara,083,443738,107629,7056,114685,740
2022-11-25,Santa Clara,085,1922200,449507,19492,468999,2595
2022-11-25,Santa Cruz,087,273765,65177,3595,68772,276
2022-11-25,Shasta,089,179085,35676,7894,43570,603
2022-11-25,Sierra,091,2930,308,61,369,5
2022-11-25,Siskiyou,093,43540,5279,3379,8658,95
2022-11-25,Solano,095,438530,108155,8116,116271,465
2022-11-25,Sonoma,097,501317,109179,5412,114591,533
2022-11-25,Stanislaus,099,539301,140240,21962,162202,1799
2022-11-25,Sutter,101,95872,24811,2472,27283,235
2022-11-25,Tehama,103,63373,13951,3218,17169,218
2022-11-25,Trinity,105,12862,1438,454,1892,23
2022-11-25,Tulare,107,460477,123854,37624,161478,1551
2022-11-25,Tuolumne,109,53932,16036,937,16973,203
2022-11-25,Ventura,111,848112,212666,16362,229028,1611
2022-11-25,Yolo,113,214977,48428,4535,52963,422
2022-11-25,Yuba,115,75493,19308,1764,21072,133
2022-11-24,Alameda,001,1643700,358175,20311,378486,2034
2022-11-24,Alpine,002,1148,139,1,140,0
2022-11-24,Amador,005,37829,10159,945,11104,94
2022-11-24,Butte,007,227075,40322,9448,49770,467
2022-11-24,Calaveras,009,45235,8684,587,9271,135
2022-11-24,Colusa,011,21464,3847,1308,5155,22
2022-11-24,Contra Costa,013,1133247,258201,21238,279439,1492
2022-11-24,Del Norte,015,27424,7554,404,7958,55
2022-11-24,El Dorado,017,186661,33176,4372,37548,236
2022-11-24,Fresno,019,978130,283431,32693,316124,2910
2022-11-24,Glenn,021,27897,5646,1909,7555,56
2022-11-24,Humboldt,023,135768,22521,5315,27836,163
2022-11-24,Imperial,025,180216,67081,17008,84089,965
2022-11-24,Inyo,027,18085,4593,1093,5686,61
2022-11-24,Kern,029,883053,222643,66582,289225,2444
2022-11-24,Kings,031,150075,60625,4240,64865,471
2022-11-24,Lake,033,64148,13114,1228,14342,152
2022-11-24,Lassen,035,31185,10120,1019,11139,65
2022-11-24,Los Angeles,037,10098052,3346705,191558,3538263,34048
2022-11-24,Madera,039,155013,44745,8424,53169,376
2022-11-24,Marin,041,260295,38080,5323,43403,260
2022-11-24,Mariposa,043,17540,3201,348,3549,30
2022-11-24,Mendocino,045,87422,16335,4598,20933,137
2022-11-24,Merced,047,269075,74679,12255,86934,884
2022-11-24,Modoc,049,8938,900,346,1246,11
2022-11-24,Mono,051,14174,3237,273,3510,8
2022-11-24,Monterey,053,433212,95509,21748,117257,777
2022-11-24,Napa,055,140530,33047,1435,34482,161
2022-11-24,Nevada,057,99092,19461,2035,21496,137
2022-11-24,Orange,059,3164182,682231,67499,749730,7658
2022-11-24,Placer,061,380077,77759,9908,87667,665
2022-11-24,Plumas,063,18699,3736,445,4181,13
2022-11-24,Riverside,065,2383286,706996,36764,743760,6681
2022-11-24,Sacramento,067,1510023,355518,35931,391449,3404
2022-11-24,San Benito,069,59416,16655,1003,17658,104
2022-11-24,San Bernardino,071,2135413,682903,31622,714525,8111
2022-11-24,San Diego,073,3302833,940830,73959,1014789,5624
2022-11-24,San Francisco,075,870044,184739,12452,197191,1094
2022-11-24,San Joaquin,077,732212,201571,15556,217127,2359
2022-11-24,San Luis Obispo,079,281455,64236,7337,71573,532
2022-11-24,San Mateo,081,765935,173869,10558,184427,743
2022-11-24,Santa Barbara,083,443738,107584,7054,114638,740
2022-11-24,Santa Clara,085,1922200,449170,19481,468651,2594
2022-11-24,Santa Cruz,087,273765,65147,3594,68741,276
2022-11-24,Shasta,089,179085,35663,7888,43551,603
2022-11-24,Sierra,091,2930,308,61,369,5
2022-11-24,Siskiyou,093,43540,5279,3379,8658,95
2022-11-24,Solano,095,438530,108036,8113,116149,465
2022-11-24,Sonoma,097,501317,109117,5410,114527,533
2022-11-24,Stanislaus,099,539301,140159,21950,162109,1799
2022-11-24,Sutter,101,95872,24799,2472,27271,235
2022-11-24,Tehama,103,63373,13940,3215,17155,218
2022-11-24,Trinity,105,12862,1438,453,1891,23
2022-11-24,Tulare,107,460477,123799,37591,161390,1551
2022-11-24,Tuolumne,109,53932,16022,935,16957,203
2022-11-24,Ventura,111,848112,212523,16325,228848,1611
2022-11-24,Yolo,113,214977,48408,4533,52941,421
2022-11-24,Yuba,115,75493,19291,1764,21055,133
2022-11-23,Alameda,001,1643700,358020,20299,378319,2033
2022-11-23,Alpine,002,1148,139,1,140,0
2022-11-23,Amador,005,37829,10156,945,11101,94
2022-11-23,Butte,007,227075,40305,9437,49742,467
2022-11-23,Calaveras,009,45235,8678,587,9265,135
2022-11-23,Colusa,011,21464,3847,1308,5155,22
2022-11-23,Contra Costa,013,1133247,258087,21234,279321,1492
2022-11-23,Del Norte,015,27424,7553,404,7957,55
2022-11-23,El Dorado,017,186661,33166,4371,37537,236
2022-11-23,Fresno,019,978130,283342,32670,316012,2910
2022-11-23,Glenn,021,27897,5645,1908,7553,56
2022-11-23,Humboldt,023,135768,22514,5313,27827,163
2022-11-23,Imperial,025,180216,67039,17002,84041,965
2022-11-23,Inyo,027,18085,4592,1092,5684,61
2022-11-23,Kern,029,883053,222601,66569,289170,2443
2022-11-23,Kings,031,150075,60613,4239,64852,471
2022-11-23,Lake,033,64148,13108,1228,14336,152
2022-11-23,Lassen,035,31185,10116,1019,11135,65
2022-11-23,Los Angeles,037,10098052,3345646,191335,3536981,34039
2022-11-23,Madera,039,155013,44744,8421,53165,376
2022-11-23,Marin,041,260295,38055,5321,43376,260
2022-11-23,Mariposa,043,17540,3201,348,3549,30
2022-11-23,Mendocino,045,87422,16334,4595,20929,137
2022-11-23,Merced,047,269075,74658,12251,86909,884
2022-11-23,Modoc,049,8938,900,346,1246,11
2022-11-23,Mono,051,14174,3237,273,3510,8
2022-11-23,Monterey,053,433212,95488,21740,117228,777
2022-11-23,Napa,055,140530,33036,1435,34471,161
2022-11-23,Nevada,057,99092,19454,2034,21488,137
2022-11-23,Orange,059,3164182,682096,67422,749518,7656
2022-11-23,Placer,061,380077,77721,9904,87625,665
2022-11-23,Plumas,063,18699,3735,445,4180,13
2022-11-23,Riverside,065,2383286,706811,36736,743547,6680
2022-11-23,Sacramento,067,1510023,355398,35914,391312,3402
2022-11-23,San Benito,069,59416,16652,1003,17655,104
2022-11-23,San Bernardino,071,2135413,682706,31604,714310,8111
2022-11-23,San Diego,073,3302833,940620,73920,1014540,5624
2022-11-23,San Francisco,075,870044,184664,12449,197113,1093
2022-11-23,San Joaquin,077,732212,201504,15536,217040,2359
2022-11-23,San Luis Obispo,079,281455,64230,7337,71567,532
2022-11-23,San Mateo,081,765935,173812,10557,184369,743
2022-11-23,Santa Barbara,083,443738,107550,7052,114602,740
2022-11-23,Santa Clara,085,1922200,448993,19466,468459,2593
2022-11-23,Santa Cruz,087,273765,65129,3594,68723,276
2022-11-23,Shasta,089,179085,35657,7886,43543,603
2022-11-23,Sierra,091,2930,308,61,369,5
2022-11-23,Siskiyou,093,43540,5276,3379,8655,95
2022-11-23,Solano,095,438530,108021,8111,116132,464
2022-11-23,Sonoma,097,501317,109087,5410,114497,533
2022-11-23,Stanislaus,099,539301,140119,21946,162065,1799
2022-11-23,Sutter,101,95872,24795,2472,27267,235
2022-11-23,Tehama,103,63373,13935,3214,17149,218
2022-11-23,Trinity,105,12862,1438,453,1891,23
2022-11-23,Tulare,107,460477,123750,37571,161321,1551
2022-11-23,Tuolumne,109,53932,16009,935,16944,203
2022-11-23,Ventura,111,848112,212456,16317,228773,1611
2022-11-23,Yolo,113,214977,48390,4530,52920,420
2022-11-23,Yuba,115,75493,19284,1763,21047,133
2022-11-22,Alameda,001,1643700,357649,20257,377906,2030
2022-11-22,Alpine,002,1148,139,1,140,0
2022-11-22,Amador,005,37829,10152,945,11097,94
2022-11-22,Butte,007,227075,40277,9428,49705,467
2022-11-22,Calaveras,009,45235,8676,586,9262,135
2022-11-22,Colusa,011,21464,3846,1308,5154,22
2022-11-22,Contra Costa,013,1133247,257845,21213,279058,1492
2022-11-22,Del Norte,015,27424,7548,404,7952,55
2022-11-22,El Dorado,017,186661,33139,4366,37505,236
2022-11-22,Fresno,019,978130,283151,32627,315778,2910
2022-11-22,Glenn,021,27897,5642,1903,7545,56
2022-11-22,Humboldt,023,135768,22489,5302,27791,163
2022-11-22,Imperial,025,180216,66987,16907,83894,965
2022-11-22,Inyo,027,18085,4588,1090,5678,61
2022-11-22,Kern,029,883053,222532,66515,289047,2442
2022-11-22,Kings,031,150075,60571,4237,64808,471
2022-11-22,Lake,033,64148,13105,1226,14331,152
2022-11-22,Lassen,035,31185,10109,1018,11127,65
2022-11-22,Los Angeles,037,10098052,3342940,190863,3533803,34025
2022-11-22,Madera,039,155013,44719,8410,53129,376
2022-11-22,Marin,041,260295,38013,5319,43332,260
2022-11-22,Mariposa,043,17540,3196,348,3544,30
2022-11-22,Mendocino,045,87422,16328,4591,20919,137
2022-11-22,Merced,047,269075,74618,12244,86862,881
2022-11-22,Modoc,049,8938,900,343,1243,11
2022-11-22,Mono,051,14174,3236,273,3509,8
2022-11-22,Monterey,053,433212,95456,21719,117175,777
2022-11-22,Napa,055,140530,33008,1432,34440,161
2022-11-22,Nevada,057,99092,19433,2023,21456,137
2022-11-22,Orange,059,3164182,681672,67262,748934,7654
2022-11-22,Placer,061,380077,77661,9896,87557,665
2022-11-22,Plumas,063,18699,3733,445,4178,13
2022-11-22,Riverside,065,2383286,706384,36658,743042,6677
2022-11-22,Sacramento,067,1510023,355148,35888,391036,3401
2022-11-22,San Benito,069,59416,16636,1001,17637,104
2022-11-22,San Bernardino,071,2135413,682295,31572,713867,8111
2022-11-22,San Diego,073,3302833,940109,73818,1013927,5622
2022-11-22,San Francisco,075,870044,184517,12436,196953,1093
2022-11-22,San Joaquin,077,732212,201375,15505,216880,2358
2022-11-22,San Luis Obispo,079,281455,64209,7324,71533,531
2022-11-22,San Mateo,081,765935,173672,10549,184221,743
2022-11-22,Santa Barbara,083,443738,107498,7038,114536,740
2022-11-22,Santa Clara,085,1922200,448600,19440,468040,2590
2022-11-22,Santa Cruz,087,273765,65084,3590,68674,276
2022-11-22,Shasta,089,179085,35639,7880,43519,603
2022-11-22,Sierra,091,2930,308,61,369,5
2022-11-22,Siskiyou,093,43540,5272,3379,8651,95
2022-11-22,Solano,095,438530,107936,8108,116044,464
2022-11-22,Sonoma,097,501317,109020,5401,114421,533
2022-11-22,Stanislaus,099,539301,140047,21934,161981,1799
2022-11-22,Sutter,101,95872,24781,2471,27252,235
2022-11-22,Tehama,103,63373,13925,3213,17138,218
2022-11-22,Trinity,105,12862,1437,452,1889,23
2022-11-22,Tulare,107,460477,123675,37527,161202,1551
2022-11-22,Tuolumne,109,53932,15998,934,16932,203
2022-11-22,Ventura,111,848112,212351,16296,228647,1611
2022-11-22,Yolo,113,214977,48365,4521,52886,420
2022-11-22,Yuba,115,75493,19274,1763,21037,133
2022-11-21,Alameda,001,1643700,357365,20231,377596,2030
2022-11-21,Alpine,002,1148,139,1,140,0
2022-11-21,Amador,005,37829,10147,944,11091,94
2022-11-21,Butte,007,227075,40243,9420,49663,467
2022-11-21,Calaveras,009,45235,8671,585,9256,135
2022-11-21,Colusa,011,21464,3844,1308,5152,22
2022-11-21,Contra Costa,013,1133247,257665,21201,278866,1492
2022-11-21,Del Norte,015,27424,7546,404,7950,55
2022-11-21,El Dorado,017,186661,33112,4360,37472,236
2022-11-21,Fresno,019,978130,282979,32578,315557,2908
2022-11-21,Glenn,021,27897,5639,1900,7539,56
2022-11-21,Humboldt,023,135768,22469,5291,27760,163
2022-11-21,Imperial,025,180216,66934,16849,83783,964
2022-11-21,Inyo,027,18085,4582,1086,5668,61
2022-11-21,Kern,029,883053,222432,66463,288895,2442
2022-11-21,Kings,031,150075,60538,4235,64773,471
2022-11-21,Lake,033,64148,13096,1225,14321,152
2022-11-21,Lassen,035,31185,10105,1017,11122,65
2022-11-21,Los Angeles,037,10098052,3340320,190374,3530694,34016
2022-11-21,Madera,039,155013,44701,8408,53109,376
2022-11-21,Marin,041,260295,37967,5318,43285,260
2022-11-21,Mariposa,043,17540,3189,348,3537,30
2022-11-21,Mendocino,045,87422,16320,4590,20910,137
2022-11-21,Merced,047,269075,74577,12242,86819,881
2022-11-21,Modoc,049,8938,898,342,1240,11
2022-11-21,Mono,051,14174,3236,272,3508,8
2022-11-21,Monterey,053,433212,95417,21688,117105,777
2022-11-21,Napa,055,140530,32987,1431,34418,161
2022-11-21,Nevada,057,99092,19411,2016,21427,137
2022-11-21,Orange,059,3164182,681191,67072,748263,7650
2022-11-21,Placer,061,380077,77605,9889,87494,665
2022-11-21,Plumas,063,18699,3733,445,4178,13
2022-11-21,Riverside,065,2383286,705936,36578,742514,6676
2022-11-21,Sacramento,067,1510023,354842,35844,390686,3401
2022-11-21,San Benito,069,59416,16624,1000,17624,104
2022-11-21,San Bernardino,071,2135413,681782,31521,713303,8111
2022-11-21,San Diego,073,3302833,939511,73692,1013203,5621
2022-11-21,San Francisco,075,870044,184343,12428,196771,1091
2022-11-21,San Joaquin,077,732212,201246,15471,216717,2358
2022-11-21,San Luis Obispo,079,281455,64182,7317,71499,531
2022-11-21,San Mateo,081,765935,173545,10544,184089,743
2022-11-21,Santa Barbara,083,443738,107423,7035,114458,740
2022-11-21,Santa Clara,085,1922200,448189,19421,467610,2590
2022-11-21,Santa Cruz,087,273765,65039,3582,68621,276
2022-11-21,Shasta,089,179085,35619,7872,43491,602
2022-11-21,Sierra,091,2930,308,60,368,5
2022-11-21,Siskiyou,093,43540,5267,3379,8646,95
2022-11-21,Solano,095,438530,107835,8101,115936,464
2022-11-21,Sonoma,097,501317,108938,5397,114335,533
2022-11-21,Stanislaus,099,539301,139970,21919,161889,1798
2022-11-21,Sutter,101,95872,24765,2471,27236,235
2022-11-21,Tehama,103,63373,13917,3210,17127,218
2022-11-21,Trinity,105,12862,1436,449,1885,23
2022-11-21,Tulare,107,460477,123602,37489,161091,1551
2022-11-21,Tuolumne,109,53932,15993,934,16927,203
2022-11-21,Ventura,111,848112,212210,16267,228477,1611
2022-11-21,Yolo,113,214977,48336,4516,52852,419
2022-11-21,Yuba,115,75493,19254,1762,21016,133
2022-11-20,Alameda,001,1643700,357014,20196,377210,2030
2022-11-20,Alpine,002,1148,139,1,140,0
2022-11-20,Amador,005,37829,10144,943,11087,94
2022-11-20,Butte,007,227075,40212,9402,49614,467
2022-11-20,Calaveras,009,45235,8663,585,9248,135
2022-11-20,Colusa,011,21464,3842,1308,5150,22
2022-11-20,Contra Costa,013,1133247,257452,21183,278635,1492
2022-11-20,Del Norte,015,27424,7539,404,7943,55
2022-11-20,El Dorado,017,186661,33060,4356,37416,236
2022-11-20,Fresno,019,978130,282767,32526,315293,2908
2022-11-20,Glenn,021,27897,5634,1899,7533,56
2022-11-20,Humboldt,023,135768,22445,5288,27733,163
2022-11-20,Imperial,025,180216,66868,16801,83669,964
2022-11-20,Inyo,027,18085,4575,1085,5660,61
2022-11-20,Kern,029,883053,222323,66410,288733,2442
2022-11-20,Kings,031,150075,60489,4234,64723,471
2022-11-20,Lake,033,64148,13085,1220,14305,152
2022-11-20,Lassen,035,31185,10104,1015,11119,65
2022-11-20,Los Angeles,037,10098052,3337427,189883,3527310,34007
2022-11-20,Madera,039,155013,44683,8403,53086,376
2022-11-20,Marin,041,260295,37938,5314,43252,260
2022-11-20,Mariposa,043,17540,3185,348,3533,30
2022-11-20,Mendocino,045,87422,16315,4587,20902,137
2022-11-20,Merced,047,269075,74499,12235,86734,880
2022-11-20,Modoc,049,8938,894,342,1236,11
2022-11-20,Mono,051,14174,3234,272,3506,8
2022-11-20,Monterey,053,433212,95377,21660,117037,777
2022-11-20,Napa,055,140530,32964,1428,34392,161
2022-11-20,Nevada,057,99092,19381,2008,21389,137
2022-11-20,Orange,059,3164182,680717,66913,747630,7648
2022-11-20,Placer,061,380077,77544,9886,87430,665
2022-11-20,Plumas,063,18699,3732,445,4177,13
2022-11-20,Riverside,065,2383286,705514,36500,742014,6674
2022-11-20,Sacramento,067,1510023,354548,35816,390364,3401
2022-11-20,San Benito,069,59416,16605,999,17604,104
2022-11-20,San Bernardino,071,2135413,681247,31476,712723,8111
2022-11-20,San Diego,073,3302833,938832,73575,1012407,5621
2022-11-20,San Francisco,075,870044,184133,12407,196540,1091
2022-11-20,San Joaquin,077,732212,201120,15449,216569,2358
2022-11-20,San Luis Obispo,079,281455,64149,7313,71462,530
2022-11-20,San Mateo,081,765935,173393,10532,183925,743
2022-11-20,Santa Barbara,083,443738,107359,7024,114383,740
2022-11-20,Santa Clara,085,1922200,447785,19399,467184,2589
2022-11-20,Santa Cruz,087,273765,64969,3578,68547,276
2022-11-20,Shasta,089,179085,35600,7860,43460,602
2022-11-20,Sierra,091,2930,308,60,368,5
2022-11-20,Siskiyou,093,43540,5265,3378,8643,95
2022-11-20,Solano,095,438530,107724,8092,115816,464
2022-11-20,Sonoma,097,501317,108877,5395,114272,533
2022-11-20,Stanislaus,099,539301,139879,21898,161777,1798
2022-11-20,Sutter,101,95872,24748,2470,27218,235
2022-11-20,Tehama,103,63373,13906,3210,17116,218
2022-11-20,Trinity,105,12862,1436,446,1882,23
2022-11-20,Tulare,107,460477,123532,37445,160977,1551
2022-11-20,Tuolumne,109,53932,15981,933,16914,203
2022-11-20,Ventura,111,848112,212079,16243,228322,1611
2022-11-20,Yolo,113,214977,48310,4507,52817,418
2022-11-20,Yuba,115,75493,19249,1762,21011,133
2022-11-19,Alameda,001,1643700,356830,20182,377012,2027
2022-11-19,Alpine,002,1148,139,1,140,0
2022-11-19,Amador,005,37829,10141,943,11084,94
2022-11-19,Butte,007,227075,40200,9392,49592,467
2022-11-19,Calaveras,009,45235,8660,583,9243,135
2022-11-19,Colusa,011,21464,3840,1308,5148,22
2022-11-19,Contra Costa,013,1133247,257353,21180,278533,1492
2022-11-19,Del Norte,015,27424,7538,404,7942,55
2022-11-19,El Dorado,017,186661,33036,4355,37391,236
2022-11-19,Fresno,019,978130,282661,32505,315166,2908
2022-11-19,Glenn,021,27897,5634,1899,7533,56
2022-11-19,Humboldt,023,135768,22430,5282,27712,163
2022-11-19,Imperial,025,180216,66846,16793,83639,964
2022-11-19,Inyo,027,18085,4573,1081,5654,61
2022-11-19,Kern,029,883053,222285,66388,288673,2442
2022-11-19,Kings,031,150075,60467,4232,64699,471
2022-11-19,Lake,033,64148,13081,1220,14301,151
2022-11-19,Lassen,035,31185,10103,1015,11118,65
2022-11-19,Los Angeles,037,10098052,3335915,189630,3525545,34000
2022-11-19,Madera,039,155013,44668,8402,53070,376
2022-11-19,Marin,041,260295,37915,5314,43229,260
2022-11-19,Mariposa,043,17540,3185,348,3533,30
2022-11-19,Mendocino,045,87422,16312,4582,20894,137
2022-11-19,Merced,047,269075,74475,12231,86706,880
2022-11-19,Modoc,049,8938,894,342,1236,11
2022-11-19,Mono,051,14174,3234,272,3506,8
2022-11-19,Monterey,053,433212,95351,21647,116998,777
2022-11-19,Napa,055,140530,32953,1426,34379,161
2022-11-19,Nevada,057,99092,19371,2005,21376,137
2022-11-19,Orange,059,3164182,680489,66838,747327,7643
2022-11-19,Placer,061,380077,77493,9881,87374,665
2022-11-19,Plumas,063,18699,3732,445,4177,13
2022-11-19,Riverside,065,2383286,705276,36452,741728,6673
2022-11-19,Sacramento,067,1510023,354426,35806,390232,3401
2022-11-19,San Benito,069,59416,16592,999,17591,104
2022-11-19,San Bernardino,071,2135413,680982,31453,712435,8111
2022-11-19,San Diego,073,3302833,938594,73534,1012128,5621
2022-11-19,San Francisco,075,870044,184037,12403,196440,1091
2022-11-19,San Joaquin,077,732212,201029,15421,216450,2358
2022-11-19,San Luis Obispo,079,281455,64134,7309,71443,530
2022-11-19,San Mateo,081,765935,173310,10528,183838,743
2022-11-19,Santa Barbara,083,443738,107322,7019,114341,740
2022-11-19,Santa Clara,085,1922200,447564,19387,466951,2588
2022-11-19,Santa Cruz,087,273765,64951,3576,68527,276
2022-11-19,Shasta,089,179085,35591,7853,43444,601
2022-11-19,Sierra,091,2930,308,60,368,5
2022-11-19,Siskiyou,093,43540,5258,3378,8636,95
2022-11-19,Solano,095,438530,107693,8087,115780,464
2022-11-19,Sonoma,097,501317,108853,5394,114247,533
2022-11-19,Stanislaus,099,539301,139818,21897,161715,1798
2022-11-19,Sutter,101,95872,24739,2470,27209,235
2022-11-19,Tehama,103,63373,13899,3209,17108,218
2022-11-19,Trinity,105,12862,1436,446,1882,23
2022-11-19,Tulare,107,460477,123495,37422,160917,1551
2022-11-19,Tuolumne,109,53932,15964,932,16896,202
2022-11-19,Ventura,111,848112,211999,16228,228227,1611
2022-11-19,Yolo,113,214977,48293,4505,52798,417
2022-11-19,Yuba,115,75493,19243,1762,21005,133
2022-11-18,Alameda,001,1643700,356634,20165,376799,2026
2022-11-18,Alpine,002,1148,139,1,140,0
2022-11-18,Amador,005,37829,10135,943,11078,94
2022-11-18,Butte,007,227075,40188,9385,49573,467
2022-11-18,Calaveras,009,45235,8655,583,9238,135
2022-11-18,Colusa,011,21464,3838,1308,5146,22
2022-11-18,Contra Costa,013,1133247,257233,21173,278406,1492
2022-11-18,Del Norte,015,27424,7536,404,7940,55
2022-11-18,El Dorado,017,186661,33025,4354,37379,236
2022-11-18,Fresno,019,978130,282547,32485,315032,2905
2022-11-18,Glenn,021,27897,5633,1899,7532,56
2022-11-18,Humboldt,023,135768,22416,5278,27694,163
2022-11-18,Imperial,025,180216,66829,16782,83611,963
2022-11-18,Inyo,027,18085,4571,1076,5647,60
2022-11-18,Kern,029,883053,222251,66339,288590,2442
2022-11-18,Kings,031,150075,60448,4230,64678,471
2022-11-18,Lake,033,64148,13077,1220,14297,151
2022-11-18,Lassen,035,31185,10103,1015,11118,65
2022-11-18,Los Angeles,037,10098052,3334513,189366,3523879,33989
2022-11-18,Madera,039,155013,44646,8396,53042,376
2022-11-18,Marin,041,260295,37894,5310,43204,260
2022-11-18,Mariposa,043,17540,3178,348,3526,30
2022-11-18,Mendocino,045,87422,16309,4581,20890,137
2022-11-18,Merced,047,269075,74456,12227,86683,880
2022-11-18,Modoc,049,8938,894,341,1235,11
2022-11-18,Mono,051,14174,3234,271,3505,8
2022-11-18,Monterey,053,433212,95325,21634,116959,777
2022-11-18,Napa,055,140530,32942,1426,34368,161
2022-11-18,Nevada,057,99092,19364,1996,21360,137
2022-11-18,Orange,059,3164182,680268,66749,747017,7642
2022-11-18,Placer,061,380077,77457,9875,87332,665
2022-11-18,Plumas,063,18699,3731,444,4175,13
2022-11-18,Riverside,065,2383286,705054,36411,741465,6673
2022-11-18,Sacramento,067,1510023,354264,35790,390054,3399
2022-11-18,San Benito,069,59416,16589,999,17588,104
2022-11-18,San Bernardino,071,2135413,680755,31435,712190,8111
2022-11-18,San Diego,073,3302833,938266,73482,1011748,5618
2022-11-18,San Francisco,075,870044,183932,12382,196314,1091
2022-11-18,San Joaquin,077,732212,200953,15407,216360,2358
2022-11-18,San Luis Obispo,079,281455,64118,7306,71424,530
2022-11-18,San Mateo,081,765935,173250,10520,183770,743
2022-11-18,Santa Barbara,083,443738,107294,7015,114309,740
2022-11-18,Santa Clara,085,1922200,447328,19373,466701,2585
2022-11-18,Santa Cruz,087,273765,64928,3573,68501,276
2022-11-18,Shasta,089,179085,35582,7849,43431,601
2022-11-18,Sierra,091,2930,308,60,368,5
2022-11-18,Siskiyou,093,43540,5256,3378,8634,95
2022-11-18,Solano,095,438530,107636,8085,115721,464
2022-11-18,Sonoma,097,501317,108815,5392,114207,533
2022-11-18,Stanislaus,099,539301,139769,21891,161660,1798
2022-11-18,Sutter,101,95872,24732,2470,27202,235
2022-11-18,Tehama,103,63373,13895,3208,17103,218
2022-11-18,Trinity,105,12862,1436,445,1881,23
2022-11-18,Tulare,107,460477,123451,37389,160840,1551
2022-11-18,Tuolumne,109,53932,15951,932,16883,202
2022-11-18,Ventura,111,848112,211921,16207,228128,1611
2022-11-18,Yolo,113,214977,48277,4500,52777,416
2022-11-18,Yuba,115,75493,19232,1762,20994,133
2022-11-17,Alameda,001,1643700,356372,20136,376508,2025
2022-11-17,Alpine,002,1148,138,1,139,0
2022-11-17,Amador,005,37829,10132,943,11075,94
2022-11-17,Butte,007,227075,40165,9374,49539,467
2022-11-17,Calaveras,009,45235,8650,581,9231,135
2022-11-17,Colusa,011,21464,3838,1308,5146,22
2022-11-17,Contra Costa,013,1133247,257079,21164,278243,1491
2022-11-17,Del Norte,015,27424,7531,404,7935,55
2022-11-17,El Dorado,017,186661,32995,4354,37349,236
2022-11-17,Fresno,019,978130,282383,32459,314842,2905
2022-11-17,Glenn,021,27897,5627,1895,7522,56
2022-11-17,Humboldt,023,135768,22403,5274,27677,163
2022-11-17,Imperial,025,180216,66778,16743,83521,963
2022-11-17,Inyo,027,18085,4564,1074,5638,60
2022-11-17,Kern,029,883053,222172,66301,288473,2442
2022-11-17,Kings,031,150075,60413,4224,64637,471
2022-11-17,Lake,033,64148,13071,1220,14291,151
2022-11-17,Lassen,035,31185,10096,1012,11108,65
2022-11-17,Los Angeles,037,10098052,3332568,189066,3521634,33981
2022-11-17,Madera,039,155013,44590,8392,52982,376
2022-11-17,Marin,041,260295,37867,5307,43174,260
2022-11-17,Mariposa,043,17540,3173,348,3521,30
2022-11-17,Mendocino,045,87422,16303,4581,20884,137
2022-11-17,Merced,047,269075,74417,12224,86641,879
2022-11-17,Modoc,049,8938,892,341,1233,11
2022-11-17,Mono,051,14174,3233,271,3504,8
2022-11-17,Monterey,053,433212,95296,21609,116905,777
2022-11-17,Napa,055,140530,32918,1425,34343,161
2022-11-17,Nevada,057,99092,19352,1992,21344,137
2022-11-17,Orange,059,3164182,679937,66634,746571,7640
2022-11-17,Placer,061,380077,77411,9869,87280,665
2022-11-17,Plumas,063,18699,3727,444,4171,13
2022-11-17,Riverside,065,2383286,704747,36368,741115,6671
2022-11-17,Sacramento,067,1510023,354040,35761,389801,3399
2022-11-17,San Benito,069,59416,16581,997,17578,104
2022-11-17,San Bernardino,071,2135413,680437,31404,711841,8111
2022-11-17,San Diego,073,3302833,937860,73430,1011290,5618
2022-11-17,San Francisco,075,870044,183801,12364,196165,1088
2022-11-17,San Joaquin,077,732212,200833,15367,216200,2358
2022-11-17,San Luis Obispo,079,281455,64097,7303,71400,530
2022-11-17,San Mateo,081,765935,173149,10519,183668,743
2022-11-17,Santa Barbara,083,443738,107254,7012,114266,739
2022-11-17,Santa Clara,085,1922200,446982,19351,466333,2584
2022-11-17,Santa Cruz,087,273765,64891,3571,68462,276
2022-11-17,Shasta,089,179085,35570,7840,43410,601
2022-11-17,Sierra,091,2930,308,60,368,5
2022-11-17,Siskiyou,093,43540,5253,3378,8631,95
2022-11-17,Solano,095,438530,107570,8081,115651,464
2022-11-17,Sonoma,097,501317,108763,5391,114154,533
2022-11-17,Stanislaus,099,539301,139709,21878,161587,1798
2022-11-17,Sutter,101,95872,24721,2470,27191,235
2022-11-17,Tehama,103,63373,13881,3206,17087,218
2022-11-17,Trinity,105,12862,1434,442,1876,23
2022-11-17,Tulare,107,460477,123384,37356,160740,1551
2022-11-17,Tuolumne,109,53932,15935,932,16867,202
2022-11-17,Ventura,111,848112,211820,16186,228006,1610
2022-11-17,Yolo,113,214977,48266,4495,52761,416
2022-11-17,Yuba,115,75493,19217,1760,20977,133
2022-11-16,Alameda,001,1643700,356138,20114,376252,2024
2022-11-16,Alpine,002,1148,138,1,139,0
2022-11-16,Amador,005,37829,10125,943,11068,94
2022-11-16,Butte,007,227075,40142,9358,49500,467
2022-11-16,Calaveras,009,45235,8643,580,9223,135
2022-11-16,Colusa,011,21464,3836,1307,5143,22
2022-11-16,Contra Costa,013,1133247,256945,21144,278089,1490
2022-11-16,Del Norte,015,27424,7531,404,7935,55
2022-11-16,El Dorado,017,186661,32972,4353,37325,236
2022-11-16,Fresno,019,978130,282226,32432,314658,2905
2022-11-16,Glenn,021,27897,5624,1894,7518,56
2022-11-16,Humboldt,023,135768,22383,5268,27651,163
2022-11-16,Imperial,025,180216,66739,16680,83419,963
2022-11-16,Inyo,027,18085,4559,1067,5626,60
2022-11-16,Kern,029,883053,222089,66253,288342,2441
2022-11-16,Kings,031,150075,60354,4220,64574,470
2022-11-16,Lake,033,64148,13056,1220,14276,151
2022-11-16,Lassen,035,31185,10092,1010,11102,65
2022-11-16,Los Angeles,037,10098052,3330745,188734,3519479,33973
2022-11-16,Madera,039,155013,44570,8386,52956,376
2022-11-16,Marin,041,260295,37841,5302,43143,260
2022-11-16,Mariposa,043,17540,3173,348,3521,30
2022-11-16,Mendocino,045,87422,16297,4580,20877,137
2022-11-16,Merced,047,269075,74366,12218,86584,879
2022-11-16,Modoc,049,8938,891,341,1232,11
2022-11-16,Mono,051,14174,3233,271,3504,8
2022-11-16,Monterey,053,433212,95258,21585,116843,777
2022-11-16,Napa,055,140530,32887,1422,34309,161
2022-11-16,Nevada,057,99092,19341,1989,21330,137
2022-11-16,Orange,059,3164182,679605,66515,746120,7639
2022-11-16,Placer,061,380077,77352,9867,87219,665
2022-11-16,Plumas,063,18699,3727,444,4171,13
2022-11-16,Riverside,065,2383286,704425,36306,740731,6669
2022-11-16,Sacramento,067,1510023,353792,35729,389521,3399
2022-11-16,San Benito,069,59416,16572,995,17567,104
2022-11-16,San Bernardino,071,2135413,680065,31387,711452,8110
2022-11-16,San Diego,073,3302833,937393,73374,1010767,5618
2022-11-16,San Francisco,075,870044,183667,12354,196021,1088
2022-11-16,San Joaquin,077,732212,200712,15355,216067,2358
2022-11-16,San Luis Obispo,079,281455,64074,7298,71372,530
2022-11-16,San Mateo,081,765935,173040,10516,183556,743
2022-11-16,Santa Barbara,083,443738,107204,7002,114206,739
2022-11-16,Santa Clara,085,1922200,446640,19338,465978,2583
2022-11-16,Santa Cruz,087,273765,64849,3569,68418,276
2022-11-16,Shasta,089,179085,35559,7833,43392,600
2022-11-16,Sierra,091,2930,308,60,368,5
2022-11-16,Siskiyou,093,43540,5250,3377,8627,95
2022-11-16,Solano,095,438530,107501,8075,115576,464
2022-11-16,Sonoma,097,501317,108712,5389,114101,533
2022-11-16,Stanislaus,099,539301,139648,21866,161514,1798
2022-11-16,Sutter,101,95872,24706,2470,27176,235
2022-11-16,Tehama,103,63373,13870,3192,17062,218
2022-11-16,Trinity,105,12862,1433,441,1874,23
2022-11-16,Tulare,107,460477,123325,37318,160643,1551
2022-11-16,Tuolumne,109,53932,15920,932,16852,202
2022-11-16,Ventura,111,848112,211704,16164,227868,1610
2022-11-16,Yolo,113,214977,48243,4488,52731,416
2022-11-16,Yuba,115,75493,19203,1760,20963,133
2022-11-15,Alameda,001,1643700,355901,20104,376005,2024
2022-11-15,Alpine,002,1148,138,1,139,0
2022-11-15,Amador,005,37829,10119,943,11062,94
2022-11-15,Butte,007,227075,40125,9351,49476,467
2022-11-15,Calaveras,009,45235,8637,580,9217,135
2022-11-15,Colusa,011,21464,3835,1307,5142,22
2022-11-15,Contra Costa,013,1133247,256788,21122,277910,1489
2022-11-15,Del Norte,015,27424,7529,404,7933,55
2022-11-15,El Dorado,017,186661,32947,4348,37295,236
2022-11-15,Fresno,019,978130,282056,32396,314452,2904
2022-11-15,Glenn,021,27897,5620,1893,7513,56
2022-11-15,Humboldt,023,135768,22365,5262,27627,163
2022-11-15,Imperial,025,180216,66702,16644,83346,963
2022-11-15,Inyo,027,18085,4555,1063,5618,60
2022-11-15,Kern,029,883053,222000,65885,287885,2440
2022-11-15,Kings,031,150075,60317,4217,64534,469
2022-11-15,Lake,033,64148,13048,1220,14268,151
2022-11-15,Lassen,035,31185,10085,1009,11094,65
2022-11-15,Los Angeles,037,10098052,3328861,188460,3517321,33959
2022-11-15,Madera,039,155013,44550,8383,52933,376
2022-11-15,Marin,041,260295,37818,5299,43117,260
2022-11-15,Mariposa,043,17540,3170,348,3518,30
2022-11-15,Mendocino,045,87422,16291,4576,20867,137
2022-11-15,Merced,047,269075,74336,12210,86546,879
2022-11-15,Modoc,049,8938,890,341,1231,11
2022-11-15,Mono,051,14174,3233,271,3504,8
2022-11-15,Monterey,053,433212,95226,21553,116779,777
2022-11-15,Napa,055,140530,32863,1421,34284,161
2022-11-15,Nevada,057,99092,19328,1983,21311,137
2022-11-15,Orange,059,3164182,679250,66392,745642,7638
2022-11-15,Placer,061,380077,77304,9859,87163,665
2022-11-15,Plumas,063,18699,3726,444,4170,13
2022-11-15,Riverside,065,2383286,704100,36257,740357,6669
2022-11-15,Sacramento,067,1510023,353541,35697,389238,3399
2022-11-15,San Benito,069,59416,16569,995,17564,104
2022-11-15,San Bernardino,071,2135413,679787,31360,711147,8110
2022-11-15,San Diego,073,3302833,936925,73320,1010245,5618
2022-11-15,San Francisco,075,870044,183535,12342,195877,1087
2022-11-15,San Joaquin,077,732212,200595,15339,215934,2358
2022-11-15,San Luis Obispo,079,281455,64041,7293,71334,530
2022-11-15,San Mateo,081,765935,172928,10512,183440,743
2022-11-15,Santa Barbara,083,443738,107161,6997,114158,738
2022-11-15,Santa Clara,085,1922200,446317,19326,465643,2581
2022-11-15,Santa Cruz,087,273765,64809,3564,68373,276
2022-11-15,Shasta,089,179085,35545,7818,43363,600
2022-11-15,Sierra,091,2930,308,60,368,5
2022-11-15,Siskiyou,093,43540,5246,3377,8623,95
2022-11-15,Solano,095,438530,107415,8068,115483,463
2022-11-15,Sonoma,097,501317,108670,5383,114053,533
2022-11-15,Stanislaus,099,539301,139581,21840,161421,1798
2022-11-15,Sutter,101,95872,24696,2469,27165,235
2022-11-15,Tehama,103,63373,13856,3187,17043,218
2022-11-15,Trinity,105,12862,1432,441,1873,23
2022-11-15,Tulare,107,460477,123254,37275,160529,1551
2022-11-15,Tuolumne,109,53932,15914,932,16846,202
2022-11-15,Ventura,111,848112,211592,16152,227744,1610
2022-11-15,Yolo,113,214977,48219,4481,52700,416
2022-11-15,Yuba,115,75493,19193,1758,20951,133
2022-11-14,Alameda,001,1643700,355622,20073,375695,2022
2022-11-14,Alpine,002,1148,138,1,139,0
2022-11-14,Amador,005,37829,10119,943,11062,94
2022-11-14,Butte,007,227075,40100,9344,49444,467
2022-11-14,Calaveras,009,45235,8631,580,9211,135
2022-11-14,Colusa,011,21464,3835,1306,5141,22
2022-11-14,Contra Costa,013,1133247,256636,21114,277750,1489
2022-11-14,Del Norte,015,27424,7528,404,7932,55
2022-11-14,El Dorado,017,186661,32926,4348,37274,236
2022-11-14,Fresno,019,978130,281909,32366,314275,2903
2022-11-14,Glenn,021,27897,5618,1892,7510,56
2022-11-14,Humboldt,023,135768,22343,5252,27595,162
2022-11-14,Imperial,025,180216,66654,16604,83258,963
2022-11-14,Inyo,027,18085,4553,1058,5611,60
2022-11-14,Kern,029,883053,221926,65830,287756,2439
2022-11-14,Kings,031,150075,60243,4211,64454,469
2022-11-14,Lake,033,64148,13041,1216,14257,151
2022-11-14,Lassen,035,31185,10071,1008,11079,65
2022-11-14,Los Angeles,037,10098052,3327084,188133,3515217,33947
2022-11-14,Madera,039,155013,44533,8380,52913,376
2022-11-14,Marin,041,260295,37788,5297,43085,260
2022-11-14,Mariposa,043,17540,3170,348,3518,30
2022-11-14,Mendocino,045,87422,16281,4572,20853,137
2022-11-14,Merced,047,269075,74308,12202,86510,879
2022-11-14,Modoc,049,8938,890,334,1224,11
2022-11-14,Mono,051,14174,3233,271,3504,8
2022-11-14,Monterey,053,433212,95190,21519,116709,776
2022-11-14,Napa,055,140530,32841,1419,34260,161
2022-11-14,Nevada,057,99092,19319,1978,21297,137
2022-11-14,Orange,059,3164182,678951,66278,745229,7636
2022-11-14,Placer,061,380077,77243,9852,87095,665
2022-11-14,Plumas,063,18699,3726,444,4170,13
2022-11-14,Riverside,065,2383286,703755,36203,739958,6669
2022-11-14,Sacramento,067,1510023,353289,35662,388951,3398
2022-11-14,San Benito,069,59416,16560,994,17554,104
2022-11-14,San Bernardino,071,2135413,679391,31319,710710,8110
2022-11-14,San Diego,073,3302833,936337,73262,1009599,5618
2022-11-14,San Francisco,075,870044,183385,12334,195719,1086
2022-11-14,San Joaquin,077,732212,200479,15325,215804,2357
2022-11-14,San Luis Obispo,079,281455,64012,7290,71302,530
2022-11-14,San Mateo,081,765935,172786,10505,183291,743
2022-11-14,Santa Barbara,083,443738,107102,6996,114098,737
2022-11-14,Santa Clara,085,1922200,445979,19304,465283,2580
2022-11-14,Santa Cruz,087,273765,64753,3558,68311,276
2022-11-14,Shasta,089,179085,35521,7805,43326,600
2022-11-14,Sierra,091,2930,308,60,368,5
2022-11-14,Siskiyou,093,43540,5243,3376,8619,95
2022-11-14,Solano,095,438530,107345,8062,115407,463
2022-11-14,Sonoma,097,501317,108611,5377,113988,533
2022-11-14,Stanislaus,099,539301,139525,21831,161356,1798
2022-11-14,Sutter,101,95872,24674,2469,27143,235
2022-11-14,Tehama,103,63373,13843,3184,17027,218
2022-11-14,Trinity,105,12862,1431,439,1870,23
2022-11-14,Tulare,107,460477,123171,37246,160417,1551
2022-11-14,Tuolumne,109,53932,15896,932,16828,202
2022-11-14,Ventura,111,848112,211482,16134,227616,1610
2022-11-14,Yolo,113,214977,48204,4478,52682,415
2022-11-14,Yuba,115,75493,19184,1758,20942,133
2022-11-13,Alameda,001,1643700,355296,20050,375346,2021
2022-11-13,Alpine,002,1148,137,1,138,0
2022-11-13,Amador,005,37829,10116,942,11058,94
2022-11-13,Butte,007,227075,40071,9336,49407,467
2022-11-13,Calaveras,009,45235,8628,577,9205,135
2022-11-13,Colusa,011,21464,3833,1304,5137,22
2022-11-13,Contra Costa,013,1133247,256440,21098,277538,1489
2022-11-13,Del Norte,015,27424,7524,404,7928,55
2022-11-13,El Dorado,017,186661,32902,4345,37247,236
2022-11-13,Fresno,019,978130,281726,32335,314061,2902
2022-11-13,Glenn,021,27897,5610,1892,7502,56
2022-11-13,Humboldt,023,135768,22325,5244,27569,162
2022-11-13,Imperial,025,180216,66591,16555,83146,963
2022-11-13,Inyo,027,18085,4548,1057,5605,60
2022-11-13,Kern,029,883053,221810,65750,287560,2439
2022-11-13,Kings,031,150075,60202,4194,64396,469
2022-11-13,Lake,033,64148,13020,1215,14235,151
2022-11-13,Lassen,035,31185,10055,1008,11063,65
2022-11-13,Los Angeles,037,10098052,3325126,187833,3512959,33936
2022-11-13,Madera,039,155013,44516,8367,52883,376
2022-11-13,Marin,041,260295,37755,5296,43051,260
2022-11-13,Mariposa,043,17540,3167,348,3515,30
2022-11-13,Mendocino,045,87422,16271,4561,20832,137
2022-11-13,Merced,047,269075,74268,12193,86461,879
2022-11-13,Modoc,049,8938,890,331,1221,11
2022-11-13,Mono,051,14174,3233,271,3504,8
2022-11-13,Monterey,053,433212,95145,21485,116630,775
2022-11-13,Napa,055,140530,32823,1418,34241,161
2022-11-13,Nevada,057,99092,19297,1965,21262,137
2022-11-13,Orange,059,3164182,678596,66147,744743,7635
2022-11-13,Placer,061,380077,77175,9849,87024,665
2022-11-13,Plumas,063,18699,3725,444,4169,13
2022-11-13,Riverside,065,2383286,703364,36142,739506,6669
2022-11-13,Sacramento,067,1510023,353034,35614,388648,3397
2022-11-13,San Benito,069,59416,16551,993,17544,104
2022-11-13,San Bernardino,071,2135413,678991,31287,710278,8110
2022-11-13,San Diego,073,3302833,935760,73198,1008958,5616
2022-11-13,San Francisco,075,870044,183243,12323,195566,1085
2022-11-13,San Joaquin,077,732212,200332,15310,215642,2357
2022-11-13,San Luis Obispo,079,281455,63991,7289,71280,530
2022-11-13,San Mateo,081,765935,172655,10501,183156,743
2022-11-13,Santa Barbara,083,443738,107040,6985,114025,737
2022-11-13,Santa Clara,085,1922200,445602,19286,464888,2580
2022-11-13,Santa Cruz,087,273765,64689,3555,68244,276
2022-11-13,Shasta,089,179085,35497,7796,43293,600
2022-11-13,Sierra,091,2930,308,60,368,5
2022-11-13,Siskiyou,093,43540,5236,3374,8610,95
2022-11-13,Solano,095,438530,107248,8059,115307,463
2022-11-13,Sonoma,097,501317,108556,5373,113929,533
2022-11-13,Stanislaus,099,539301,139463,21822,161285,1798
2022-11-13,Sutter,101,95872,24661,2467,27128,235
2022-11-13,Tehama,103,63373,13826,3180,17006,218
2022-11-13,Trinity,105,12862,1430,437,1867,23
2022-11-13,Tulare,107,460477,123103,37205,160308,1551
2022-11-13,Tuolumne,109,53932,15884,932,16816,202
2022-11-13,Ventura,111,848112,211367,16120,227487,1610
2022-11-13,Yolo,113,214977,48178,4475,52653,414
2022-11-13,Yuba,115,75493,19170,1756,20926,133
2022-11-12,Alameda,001,1643700,355143,20033,375176,2021
2022-11-12,Alpine,002,1148,137,1,138,0
2022-11-12,Amador,005,37829,10115,942,11057,94
2022-11-12,Butte,007,227075,40059,9326,49385,467
2022-11-12,Calaveras,009,45235,8622,576,9198,135
2022-11-12,Colusa,011,21464,3832,1303,5135,22
2022-11-12,Contra Costa,013,1133247,256313,21095,277408,1489
2022-11-12,Del Norte,015,27424,7523,404,7927,55
2022-11-12,El Dorado,017,186661,32885,4343,37228,236
2022-11-12,Fresno,019,978130,281659,32324,313983,2900
2022-11-12,Glenn,021,27897,5606,1892,7498,56
2022-11-12,Humboldt,023,135768,22314,5237,27551,162
2022-11-12,Imperial,025,180216,66578,16543,83121,963
2022-11-12,Inyo,027,18085,4546,1057,5603,60
2022-11-12,Kern,029,883053,221769,65725,287494,2439
2022-11-12,Kings,031,150075,60170,4189,64359,469
2022-11-12,Lake,033,64148,13015,1215,14230,151
2022-11-12,Lassen,035,31185,10050,1008,11058,64
2022-11-12,Los Angeles,037,10098052,3324147,187665,3511812,33929
2022-11-12,Madera,039,155013,44506,8367,52873,376
2022-11-12,Marin,041,260295,37738,5295,43033,260
2022-11-12,Mariposa,043,17540,3166,348,3514,30
2022-11-12,Mendocino,045,87422,16267,4561,20828,137
2022-11-12,Merced,047,269075,74250,12191,86441,879
2022-11-12,Modoc,049,8938,890,331,1221,11
2022-11-12,Mono,051,14174,3232,271,3503,8
2022-11-12,Monterey,053,433212,95117,21461,116578,775
2022-11-12,Napa,055,140530,32811,1418,34229,161
2022-11-12,Nevada,057,99092,19288,1964,21252,137
2022-11-12,Orange,059,3164182,678433,66072,744505,7634
2022-11-12,Placer,061,380077,77128,9847,86975,665
2022-11-12,Plumas,063,18699,3725,444,4169,13
2022-11-12,Riverside,065,2383286,703183,36105,739288,6667
2022-11-12,Sacramento,067,1510023,352919,35603,388522,3397
2022-11-12,San Benito,069,59416,16547,993,17540,104
2022-11-12,San Bernardino,071,2135413,678771,31271,710042,8110
2022-11-12,San Diego,073,3302833,935520,73164,1008684,5616
2022-11-12,San Francisco,075,870044,183176,12315,195491,1084
2022-11-12,San Joaquin,077,732212,200273,15302,215575,2357
2022-11-12,San Luis Obispo,079,281455,63977,7286,71263,530
2022-11-12,San Mateo,081,765935,172589,10493,183082,743
2022-11-12,Santa Barbara,083,443738,107019,6982,114001,737
2022-11-12,Santa Clara,085,1922200,445397,19275,464672,2580
2022-11-12,Santa Cruz,087,273765,64676,3552,68228,276
2022-11-12,Shasta,089,179085,35484,7792,43276,600
2022-11-12,Sierra,091,2930,308,60,368,5
2022-11-12,Siskiyou,093,43540,5231,3373,8604,95
2022-11-12,Solano,095,438530,107215,8053,115268,463
2022-11-12,Sonoma,097,501317,108535,5369,113904,533
2022-11-12,Stanislaus,099,539301,139423,21819,161242,1798
2022-11-12,Sutter,101,95872,24651,2467,27118,235
2022-11-12,Tehama,103,63373,13820,3173,16993,218
2022-11-12,Trinity,105,12862,1429,436,1865,23
2022-11-12,Tulare,107,460477,123066,37188,160254,1551
2022-11-12,Tuolumne,109,53932,15873,932,16805,202
2022-11-12,Ventura,111,848112,211292,16109,227401,1610
2022-11-12,Yolo,113,214977,48153,4472,52625,414
2022-11-12,Yuba,115,75493,19163,1754,20917,133
2022-11-11,Alameda,001,1643700,354996,20022,375018,2021
2022-11-11,Alpine,002,1148,137,1,138,0
2022-11-11,Amador,005,37829,10107,942,11049,94
2022-11-11,Butte,007,227075,40051,9319,49370,467
2022-11-11,Calaveras,009,45235,8619,576,9195,135
2022-11-11,Colusa,011,21464,3827,1302,5129,22
2022-11-11,Contra Costa,013,1133247,256207,21090,277297,1489
2022-11-11,Del Norte,015,27424,7518,404,7922,55
2022-11-11,El Dorado,017,186661,32871,4340,37211,236
2022-11-11,Fresno,019,978130,281581,32311,313892,2897
2022-11-11,Glenn,021,27897,5604,1892,7496,56
2022-11-11,Humboldt,023,135768,22301,5234,27535,162
2022-11-11,Imperial,025,180216,66562,16530,83092,963
2022-11-11,Inyo,027,18085,4545,1054,5599,60
2022-11-11,Kern,029,883053,221724,65684,287408,2439
2022-11-11,Kings,031,150075,60154,4184,64338,469
2022-11-11,Lake,033,64148,13012,1215,14227,151
2022-11-11,Lassen,035,31185,10048,1008,11056,64
2022-11-11,Los Angeles,037,10098052,3323196,187490,3510686,33926
2022-11-11,Madera,039,155013,44489,8361,52850,376
2022-11-11,Marin,041,260295,37712,5294,43006,260
2022-11-11,Mariposa,043,17540,3164,348,3512,30
2022-11-11,Mendocino,045,87422,16263,4561,20824,137
2022-11-11,Merced,047,269075,74230,12187,86417,879
2022-11-11,Modoc,049,8938,889,331,1220,11
2022-11-11,Mono,051,14174,3231,271,3502,8
2022-11-11,Monterey,053,433212,95102,21444,116546,775
2022-11-11,Napa,055,140530,32801,1417,34218,161
2022-11-11,Nevada,057,99092,19280,1964,21244,137
2022-11-11,Orange,059,3164182,678268,66007,744275,7634
2022-11-11,Placer,061,380077,77102,9845,86947,665
2022-11-11,Plumas,063,18699,3725,444,4169,13
2022-11-11,Riverside,065,2383286,703018,36081,739099,6667
2022-11-11,Sacramento,067,1510023,352795,35595,388390,3397
2022-11-11,San Benito,069,59416,16544,993,17537,104
2022-11-11,San Bernardino,071,2135413,678578,31258,709836,8110
2022-11-11,San Diego,073,3302833,935241,73140,1008381,5614
2022-11-11,San Francisco,075,870044,183102,12303,195405,1083
2022-11-11,San Joaquin,077,732212,200206,15292,215498,2357
2022-11-11,San Luis Obispo,079,281455,63968,7285,71253,530
2022-11-11,San Mateo,081,765935,172517,10492,183009,743
2022-11-11,Santa Barbara,083,443738,107008,6980,113988,737
2022-11-11,Santa Clara,085,1922200,445223,19270,464493,2579
2022-11-11,Santa Cruz,087,273765,64646,3552,68198,276
2022-11-11,Shasta,089,179085,35474,7788,43262,600
2022-11-11,Sierra,091,2930,308,60,368,5
2022-11-11,Siskiyou,093,43540,5229,3373,8602,95
2022-11-11,Solano,095,438530,107187,8050,115237,463
2022-11-11,Sonoma,097,501317,108500,5367,113867,533
2022-11-11,Stanislaus,099,539301,139383,21812,161195,1798
2022-11-11,Sutter,101,95872,24643,2467,27110,235
2022-11-11,Tehama,103,63373,13812,3171,16983,218
2022-11-11,Trinity,105,12862,1426,436,1862,23
2022-11-11,Tulare,107,460477,123035,37166,160201,1551
2022-11-11,Tuolumne,109,53932,15863,932,16795,202
2022-11-11,Ventura,111,848112,211227,16094,227321,1610
2022-11-11,Yolo,113,214977,48141,4471,52612,413
2022-11-11,Yuba,115,75493,19156,1754,20910,133
2022-11-10,Alameda,001,1643700,354800,20012,374812,2020
2022-11-10,Alpine,002,1148,137,1,138,0
2022-11-10,Amador,005,37829,10107,942,11049,94
2022-11-10,Butte,007,227075,40037,9315,49352,467
2022-11-10,Calaveras,009,45235,8616,574,9190,135
2022-11-10,Colusa,011,21464,3827,1300,5127,22
2022-11-10,Contra Costa,013,1133247,256084,21085,277169,1489
2022-11-10,Del Norte,015,27424,7517,404,7921,55
2022-11-10,El Dorado,017,186661,32848,4339,37187,236
2022-11-10,Fresno,019,978130,281468,32299,313767,2897
2022-11-10,Glenn,021,27897,5602,1892,7494,56
2022-11-10,Humboldt,023,135768,22295,5230,27525,162
2022-11-10,Imperial,025,180216,66533,16497,83030,963
2022-11-10,Inyo,027,18085,4544,1052,5596,60
2022-11-10,Kern,029,883053,221670,65633,287303,2439
2022-11-10,Kings,031,150075,60135,4183,64318,468
2022-11-10,Lake,033,64148,13010,1214,14224,151
2022-11-10,Lassen,035,31185,10045,1008,11053,64
2022-11-10,Los Angeles,037,10098052,3321922,187315,3509237,33918
2022-11-10,Madera,039,155013,44475,8355,52830,376
2022-11-10,Marin,041,260295,37690,5294,42984,260
2022-11-10,Mariposa,043,17540,3164,348,3512,30
2022-11-10,Mendocino,045,87422,16256,4560,20816,137
2022-11-10,Merced,047,269075,74215,12185,86400,879
2022-11-10,Modoc,049,8938,888,331,1219,11
2022-11-10,Mono,051,14174,3230,271,3501,8
2022-11-10,Monterey,053,433212,95078,21415,116493,775
2022-11-10,Napa,055,140530,32788,1416,34204,161
2022-11-10,Nevada,057,99092,19270,1962,21232,137
2022-11-10,Orange,059,3164182,678062,65944,744006,7632
2022-11-10,Placer,061,380077,77058,9843,86901,665
2022-11-10,Plumas,063,18699,3725,444,4169,13
2022-11-10,Riverside,065,2383286,702841,36043,738884,6666
2022-11-10,Sacramento,067,1510023,352625,35582,388207,3396
2022-11-10,San Benito,069,59416,16543,993,17536,104
2022-11-10,San Bernardino,071,2135413,678353,31241,709594,8110
2022-11-10,San Diego,073,3302833,934981,73105,1008086,5612
2022-11-10,San Francisco,075,870044,182996,12294,195290,1082
2022-11-10,San Joaquin,077,732212,200128,15280,215408,2357
2022-11-10,San Luis Obispo,079,281455,63953,7283,71236,530
2022-11-10,San Mateo,081,765935,172427,10490,182917,743
2022-11-10,Santa Barbara,083,443738,106990,6974,113964,737
2022-11-10,Santa Clara,085,1922200,444975,19254,464229,2578
2022-11-10,Santa Cruz,087,273765,64616,3547,68163,276
2022-11-10,Shasta,089,179085,35462,7784,43246,600
2022-11-10,Sierra,091,2930,308,60,368,5
2022-11-10,Siskiyou,093,43540,5226,3372,8598,95
2022-11-10,Solano,095,438530,107125,8047,115172,463
2022-11-10,Sonoma,097,501317,108467,5366,113833,533
2022-11-10,Stanislaus,099,539301,139338,21810,161148,1798
2022-11-10,Sutter,101,95872,24629,2467,27096,235
2022-11-10,Tehama,103,63373,13811,3168,16979,218
2022-11-10,Trinity,105,12862,1426,436,1862,22
2022-11-10,Tulare,107,460477,122978,37125,160103,1551
2022-11-10,Tuolumne,109,53932,15854,931,16785,202
2022-11-10,Ventura,111,848112,211132,16080,227212,1610
2022-11-10,Yolo,113,214977,48126,4470,52596,413
2022-11-10,Yuba,115,75493,19151,1753,20904,133
2022-11-09,Alameda,001,1643700,354565,19993,374558,2019
2022-11-09,Alpine,002,1148,137,1,138,0
2022-11-09,Amador,005,37829,10105,942,11047,94
2022-11-09,Butte,007,227075,40014,9305,49319,467
2022-11-09,Calaveras,009,45235,8610,572,9182,135
2022-11-09,Colusa,011,21464,3826,1297,5123,22
2022-11-09,Contra Costa,013,1133247,255947,21075,277022,1488
2022-11-09,Del Norte,015,27424,7516,404,7920,55
2022-11-09,El Dorado,017,186661,32823,4338,37161,236
2022-11-09,Fresno,019,978130,281359,32287,313646,2895
2022-11-09,Glenn,021,27897,5601,1892,7493,56
2022-11-09,Humboldt,023,135768,22283,5225,27508,162
2022-11-09,Imperial,025,180216,66495,16449,82944,963
2022-11-09,Inyo,027,18085,4543,1048,5591,60
2022-11-09,Kern,029,883053,221599,65574,287173,2438
2022-11-09,Kings,031,150075,60089,4178,64267,468
2022-11-09,Lake,033,64148,13005,1210,14215,151
2022-11-09,Lassen,035,31185,10042,1008,11050,64
2022-11-09,Los Angeles,037,10098052,3320451,187124,3507575,33912
2022-11-09,Madera,039,155013,44462,8352,52814,376
2022-11-09,Marin,041,260295,37669,5290,42959,260
2022-11-09,Mariposa,043,17540,3162,348,3510,30
2022-11-09,Mendocino,045,87422,16253,4557,20810,137
2022-11-09,Merced,047,269075,74187,12181,86368,879
2022-11-09,Modoc,049,8938,888,331,1219,11
2022-11-09,Mono,051,14174,3229,270,3499,8
2022-11-09,Monterey,053,433212,95047,21394,116441,775
2022-11-09,Napa,055,140530,32769,1415,34184,161
2022-11-09,Nevada,057,99092,19266,1956,21222,137
2022-11-09,Orange,059,3164182,677819,65840,743659,7631
2022-11-09,Placer,061,380077,77012,9838,86850,664
2022-11-09,Plumas,063,18699,3722,444,4166,13
2022-11-09,Riverside,065,2383286,702601,36019,738620,6665
2022-11-09,Sacramento,067,1510023,352454,35545,387999,3396
2022-11-09,San Benito,069,59416,16535,992,17527,104
2022-11-09,San Bernardino,071,2135413,678095,31226,709321,8110
2022-11-09,San Diego,073,3302833,934660,73047,1007707,5611
2022-11-09,San Francisco,075,870044,182897,12289,195186,1079
2022-11-09,San Joaquin,077,732212,200041,15268,215309,2357
2022-11-09,San Luis Obispo,079,281455,63932,7280,71212,530
2022-11-09,San Mateo,081,765935,172318,10489,182807,743
2022-11-09,Santa Barbara,083,443738,106967,6971,113938,737
2022-11-09,Santa Clara,085,1922200,444733,19243,463976,2578
2022-11-09,Santa Cruz,087,273765,64585,3545,68130,276
2022-11-09,Shasta,089,179085,35451,7775,43226,600
2022-11-09,Sierra,091,2930,308,60,368,5
2022-11-09,Siskiyou,093,43540,5225,3371,8596,95
2022-11-09,Solano,095,438530,107066,8041,115107,463
2022-11-09,Sonoma,097,501317,108419,5361,113780,533
2022-11-09,Stanislaus,099,539301,139297,21795,161092,1798
2022-11-09,Sutter,101,95872,24614,2466,27080,235
2022-11-09,Tehama,103,63373,13804,3165,16969,218
2022-11-09,Trinity,105,12862,1422,434,1856,21
2022-11-09,Tulare,107,460477,122941,37098,160039,1551
2022-11-09,Tuolumne,109,53932,15840,931,16771,202
2022-11-09,Ventura,111,848112,211058,16058,227116,1609
2022-11-09,Yolo,113,214977,48104,4468,52572,413
2022-11-09,Yuba,115,75493,19142,1747,20889,133
2022-11-08,Alameda,001,1643700,354354,19966,374320,2019
2022-11-08,Alpine,002,1148,137,1,138,0
2022-11-08,Amador,005,37829,10103,942,11045,94
2022-11-08,Butte,007,227075,39996,9297,49293,467
2022-11-08,Calaveras,009,45235,8607,572,9179,135
2022-11-08,Colusa,011,21464,3825,1297,5122,22
2022-11-08,Contra Costa,013,1133247,255813,21058,276871,1488
2022-11-08,Del Norte,015,27424,7512,401,7913,55
2022-11-08,El Dorado,017,186661,32799,4336,37135,236
2022-11-08,Fresno,019,978130,281258,32270,313528,2895
2022-11-08,Glenn,021,27897,5600,1892,7492,56
2022-11-08,Humboldt,023,135768,22275,5218,27493,162
2022-11-08,Imperial,025,180216,66441,16391,82832,963
2022-11-08,Inyo,027,18085,4543,1045,5588,60
2022-11-08,Kern,029,883053,221517,65520,287037,2438
2022-11-08,Kings,031,150075,60064,4176,64240,467
2022-11-08,Lake,033,64148,12995,1209,14204,151
2022-11-08,Lassen,035,31185,10040,1007,11047,64
2022-11-08,Los Angeles,037,10098052,3319022,186917,3505939,33903
2022-11-08,Madera,039,155013,44446,8348,52794,376
2022-11-08,Marin,041,260295,37640,5283,42923,260
2022-11-08,Mariposa,043,17540,3157,348,3505,30
2022-11-08,Mendocino,045,87422,16245,4557,20802,137
2022-11-08,Merced,047,269075,74157,12176,86333,879
2022-11-08,Modoc,049,8938,887,331,1218,11
2022-11-08,Mono,051,14174,3225,268,3493,8
2022-11-08,Monterey,053,433212,95018,21385,116403,775
2022-11-08,Napa,055,140530,32756,1415,34171,161
2022-11-08,Nevada,057,99092,19260,1953,21213,137
2022-11-08,Orange,059,3164182,677568,65755,743323,7630
2022-11-08,Placer,061,380077,76966,9832,86798,664
2022-11-08,Plumas,063,18699,3722,444,4166,13
2022-11-08,Riverside,065,2383286,702358,35983,738341,6665
2022-11-08,Sacramento,067,1510023,352258,35507,387765,3392
2022-11-08,San Benito,069,59416,16526,991,17517,104
2022-11-08,San Bernardino,071,2135413,677853,31187,709040,8110
2022-11-08,San Diego,073,3302833,934248,73008,1007256,5611
2022-11-08,San Francisco,075,870044,182776,12276,195052,1079
2022-11-08,San Joaquin,077,732212,199953,15258,215211,2357
2022-11-08,San Luis Obispo,079,281455,63913,7277,71190,530
2022-11-08,San Mateo,081,765935,172219,10488,182707,743
2022-11-08,Santa Barbara,083,443738,106931,6968,113899,737
2022-11-08,Santa Clara,085,1922200,444461,19230,463691,2578
2022-11-08,Santa Cruz,087,273765,64553,3543,68096,276
2022-11-08,Shasta,089,179085,35428,7759,43187,599
2022-11-08,Sierra,091,2930,308,60,368,5
2022-11-08,Siskiyou,093,43540,5224,3367,8591,95
2022-11-08,Solano,095,438530,106990,8034,115024,463
2022-11-08,Sonoma,097,501317,108379,5360,113739,532
2022-11-08,Stanislaus,099,539301,139235,21792,161027,1798
2022-11-08,Sutter,101,95872,24597,2466,27063,235
2022-11-08,Tehama,103,63373,13799,3164,16963,218
2022-11-08,Trinity,105,12862,1420,433,1853,21
2022-11-08,Tulare,107,460477,122889,37066,159955,1551
2022-11-08,Tuolumne,109,53932,15830,931,16761,202
2022-11-08,Ventura,111,848112,210992,16049,227041,1609
2022-11-08,Yolo,113,214977,48084,4462,52546,411
2022-11-08,Yuba,115,75493,19132,1745,20877,133
2022-11-07,Alameda,001,1643700,354111,19946,374057,2019
2022-11-07,Alpine,002,1148,136,1,137,0
2022-11-07,Amador,005,37829,10099,941,11040,94
2022-11-07,Butte,007,227075,39980,9289,49269,467
2022-11-07,Calaveras,009,45235,8601,572,9173,135
2022-11-07,Colusa,011,21464,3824,1297,5121,22
2022-11-07,Contra Costa,013,1133247,255668,21042,276710,1488
2022-11-07,Del Norte,015,27424,7508,401,7909,55
2022-11-07,El Dorado,017,186661,32783,4335,37118,236
2022-11-07,Fresno,019,978130,281137,32246,313383,2895
2022-11-07,Glenn,021,27897,5598,1890,7488,56
2022-11-07,Humboldt,023,135768,22259,5205,27464,162
2022-11-07,Imperial,025,180216,66403,16354,82757,963
2022-11-07,Inyo,027,18085,4542,1043,5585,60
2022-11-07,Kern,029,883053,221456,65453,286909,2438
2022-11-07,Kings,031,150075,60042,4169,64211,467
2022-11-07,Lake,033,64148,12987,1209,14196,151
2022-11-07,Lassen,035,31185,10036,1007,11043,64
2022-11-07,Los Angeles,037,10098052,3317649,186665,3504314,33898
2022-11-07,Madera,039,155013,44438,8341,52779,376
2022-11-07,Marin,041,260295,37613,5283,42896,260
2022-11-07,Mariposa,043,17540,3152,348,3500,30
2022-11-07,Mendocino,045,87422,16242,4554,20796,137
2022-11-07,Merced,047,269075,74122,12170,86292,879
2022-11-07,Modoc,049,8938,887,331,1218,11
2022-11-07,Mono,051,14174,3223,268,3491,8
2022-11-07,Monterey,053,433212,94990,21367,116357,775
2022-11-07,Napa,055,140530,32736,1415,34151,161
2022-11-07,Nevada,057,99092,19254,1952,21206,137
2022-11-07,Orange,059,3164182,677332,65673,743005,7628
2022-11-07,Placer,061,380077,76923,9826,86749,664
2022-11-07,Plumas,063,18699,3722,444,4166,13
2022-11-07,Riverside,065,2383286,702093,35950,738043,6665
2022-11-07,Sacramento,067,1510023,352075,35474,387549,3391
2022-11-07,San Benito,069,59416,16518,990,17508,104
2022-11-07,San Bernardino,071,2135413,677574,31164,708738,8110
2022-11-07,San Diego,073,3302833,933881,72964,1006845,5611
2022-11-07,San Francisco,075,870044,182668,12263,194931,1079
2022-11-07,San Joaquin,077,732212,199870,15244,215114,2357
2022-11-07,San Luis Obispo,079,281455,63892,7275,71167,530
2022-11-07,San Mateo,081,765935,172124,10486,182610,743
2022-11-07,Santa Barbara,083,443738,106910,6964,113874,736
2022-11-07,Santa Clara,085,1922200,444206,19214,463420,2577
2022-11-07,Santa Cruz,087,273765,64504,3542,68046,275
2022-11-07,Shasta,089,179085,35414,7744,43158,599
2022-11-07,Sierra,091,2930,308,60,368,5
2022-11-07,Siskiyou,093,43540,5216,3365,8581,95
2022-11-07,Solano,095,438530,106907,8027,114934,463
2022-11-07,Sonoma,097,501317,108341,5359,113700,532
2022-11-07,Stanislaus,099,539301,139197,21776,160973,1798
2022-11-07,Sutter,101,95872,24579,2466,27045,235
2022-11-07,Tehama,103,63373,13794,3159,16953,218
2022-11-07,Trinity,105,12862,1420,433,1853,21
2022-11-07,Tulare,107,460477,122860,37036,159896,1551
2022-11-07,Tuolumne,109,53932,15819,931,16750,202
2022-11-07,Ventura,111,848112,210910,16035,226945,1609
2022-11-07,Yolo,113,214977,48052,4459,52511,409
2022-11-07,Yuba,115,75493,19124,1743,20867,133
2022-11-06,Alameda,001,1643700,353874,19926,373800,2019
2022-11-06,Alpine,002,1148,136,1,137,0
2022-11-06,Amador,005,37829,10094,940,11034,94
2022-11-06,Butte,007,227075,39948,9284,49232,467
2022-11-06,Calaveras,009,45235,8597,572,9169,135
2022-11-06,Colusa,011,21464,3824,1297,5121,22
2022-11-06,Contra Costa,013,1133247,255511,21032,276543,1487
2022-11-06,Del Norte,015,27424,7501,401,7902,55
2022-11-06,El Dorado,017,186661,32769,4331,37100,236
2022-11-06,Fresno,019,978130,281004,32223,313227,2895
2022-11-06,Glenn,021,27897,5581,1883,7464,56
2022-11-06,Humboldt,023,135768,22246,5196,27442,162
2022-11-06,Imperial,025,180216,66353,16316,82669,963
2022-11-06,Inyo,027,18085,4540,1041,5581,60
2022-11-06,Kern,029,883053,221350,65396,286746,2438
2022-11-06,Kings,031,150075,59998,4159,64157,467
2022-11-06,Lake,033,64148,12974,1205,14179,151
2022-11-06,Lassen,035,31185,10035,1006,11041,64
2022-11-06,Los Angeles,037,10098052,3316005,186423,3502428,33891
2022-11-06,Madera,039,155013,44427,8334,52761,376
2022-11-06,Marin,041,260295,37582,5280,42862,260
2022-11-06,Mariposa,043,17540,3151,348,3499,30
2022-11-06,Mendocino,045,87422,16235,4551,20786,136
2022-11-06,Merced,047,269075,74094,12159,86253,879
2022-11-06,Modoc,049,8938,887,331,1218,11
2022-11-06,Mono,051,14174,3223,266,3489,8
2022-11-06,Monterey,053,433212,94940,21345,116285,775
2022-11-06,Napa,055,140530,32714,1415,34129,161
2022-11-06,Nevada,057,99092,19239,1938,21177,137
2022-11-06,Orange,059,3164182,677059,65610,742669,7625
2022-11-06,Placer,061,380077,76871,9822,86693,664
2022-11-06,Plumas,063,18699,3722,444,4166,13
2022-11-06,Riverside,065,2383286,701782,35913,737695,6665
2022-11-06,Sacramento,067,1510023,351849,35435,387284,3390
2022-11-06,San Benito,069,59416,16510,990,17500,104
2022-11-06,San Bernardino,071,2135413,677273,31133,708406,8110
2022-11-06,San Diego,073,3302833,933373,72904,1006277,5610
2022-11-06,San Francisco,075,870044,182532,12250,194782,1078
2022-11-06,San Joaquin,077,732212,199782,15233,215015,2356
2022-11-06,San Luis Obispo,079,281455,63873,7272,71145,530
2022-11-06,San Mateo,081,765935,172020,10481,182501,743
2022-11-06,Santa Barbara,083,443738,106854,6954,113808,736
2022-11-06,Santa Clara,085,1922200,443912,19193,463105,2577
2022-11-06,Santa Cruz,087,273765,64433,3538,67971,275
2022-11-06,Shasta,089,179085,35392,7724,43116,599
2022-11-06,Sierra,091,2930,308,60,368,5
2022-11-06,Siskiyou,093,43540,5216,3364,8580,95
2022-11-06,Solano,095,438530,106809,8021,114830,463
2022-11-06,Sonoma,097,501317,108277,5357,113634,532
2022-11-06,Stanislaus,099,539301,139143,21765,160908,1798
2022-11-06,Sutter,101,95872,24559,2465,27024,235
2022-11-06,Tehama,103,63373,13788,3144,16932,218
2022-11-06,Trinity,105,12862,1420,433,1853,21
2022-11-06,Tulare,107,460477,122824,37000,159824,1551
2022-11-06,Tuolumne,109,53932,15808,931,16739,202
2022-11-06,Ventura,111,848112,210823,16013,226836,1609
2022-11-06,Yolo,113,214977,48037,4448,52485,409
2022-11-06,Yuba,115,75493,19116,1742,20858,133
2022-11-05,Alameda,001,1643700,353724,19916,373640,2019
2022-11-05,Alpine,002,1148,136,1,137,0
2022-11-05,Amador,005,37829,10092,940,11032,94
2022-11-05,Butte,007,227075,39939,9281,49220,467
2022-11-05,Calaveras,009,45235,8596,572,9168,135
2022-11-05,Colusa,011,21464,3822,1297,5119,22
2022-11-05,Contra Costa,013,1133247,255402,21029,276431,1487
2022-11-05,Del Norte,015,27424,7501,401,7902,55
2022-11-05,El Dorado,017,186661,32752,4327,37079,235
2022-11-05,Fresno,019,978130,280948,32212,313160,2895
2022-11-05,Glenn,021,27897,5579,1882,7461,56
2022-11-05,Humboldt,023,135768,22236,5194,27430,162
2022-11-05,Imperial,025,180216,66329,16303,82632,963
2022-11-05,Inyo,027,18085,4539,1041,5580,60
2022-11-05,Kern,029,883053,221300,65372,286672,2438
2022-11-05,Kings,031,150075,59982,4156,64138,466
2022-11-05,Lake,033,64148,12969,1205,14174,151
2022-11-05,Lassen,035,31185,10035,1006,11041,64
2022-11-05,Los Angeles,037,10098052,3315144,186282,3501426,33883
2022-11-05,Madera,039,155013,44421,8332,52753,376
2022-11-05,Marin,041,260295,37565,5280,42845,260
2022-11-05,Mariposa,043,17540,3150,348,3498,30
2022-11-05,Mendocino,045,87422,16233,4550,20783,136
2022-11-05,Merced,047,269075,74080,12157,86237,879
2022-11-05,Modoc,049,8938,887,331,1218,11
2022-11-05,Mono,051,14174,3223,265,3488,8
2022-11-05,Monterey,053,433212,94915,21335,116250,775
2022-11-05,Napa,055,140530,32710,1414,34124,161
2022-11-05,Nevada,057,99092,19234,1934,21168,137
2022-11-05,Orange,059,3164182,676916,65569,742485,7623
2022-11-05,Placer,061,380077,76830,9818,86648,664
2022-11-05,Plumas,063,18699,3722,443,4165,13
2022-11-05,Riverside,065,2383286,701599,35890,737489,6665
2022-11-05,Sacramento,067,1510023,351727,35421,387148,3388
2022-11-05,San Benito,069,59416,16502,990,17492,104
2022-11-05,San Bernardino,071,2135413,677124,31123,708247,8109
2022-11-05,San Diego,073,3302833,933178,72887,1006065,5609
2022-11-05,San Francisco,075,870044,182451,12245,194696,1078
2022-11-05,San Joaquin,077,732212,199729,15226,214955,2356
2022-11-05,San Luis Obispo,079,281455,63864,7272,71136,530
2022-11-05,San Mateo,081,765935,171959,10479,182438,743
2022-11-05,Santa Barbara,083,443738,106833,6952,113785,736
2022-11-05,Santa Clara,085,1922200,443711,19182,462893,2576
2022-11-05,Santa Cruz,087,273765,64404,3537,67941,275
2022-11-05,Shasta,089,179085,35383,7715,43098,598
2022-11-05,Sierra,091,2930,308,60,368,5
2022-11-05,Siskiyou,093,43540,5215,3362,8577,95
2022-11-05,Solano,095,438530,106780,8019,114799,462
2022-11-05,Sonoma,097,501317,108257,5352,113609,532
2022-11-05,Stanislaus,099,539301,139102,21760,160862,1798
2022-11-05,Sutter,101,95872,24549,2465,27014,235
2022-11-05,Tehama,103,63373,13784,3142,16926,218
2022-11-05,Trinity,105,12862,1420,433,1853,21
2022-11-05,Tulare,107,460477,122807,36977,159784,1551
2022-11-05,Tuolumne,109,53932,15800,931,16731,202
2022-11-05,Ventura,111,848112,210772,16004,226776,1607
2022-11-05,Yolo,113,214977,48024,4443,52467,409
2022-11-05,Yuba,115,75493,19111,1741,20852,133
2022-11-04,Alameda,001,1643700,353572,19902,373474,2019
2022-11-04,Alpine,002,1148,136,1,137,0
2022-11-04,Amador,005,37829,10089,940,11029,94
2022-11-04,Butte,007,227075,39930,9276,49206,467
2022-11-04,Calaveras,009,45235,8595,572,9167,135
2022-11-04,Colusa,011,21464,3822,1297,5119,22
2022-11-04,Contra Costa,013,1133247,255306,21025,276331,1487
2022-11-04,Del Norte,015,27424,7501,401,7902,55
2022-11-04,El Dorado,017,186661,32743,4327,37070,235
2022-11-04,Fresno,019,978130,280893,32203,313096,2894
2022-11-04,Glenn,021,27897,5578,1881,7459,56
2022-11-04,Humboldt,023,135768,22228,5192,27420,162
2022-11-04,Imperial,025,180216,66316,16296,82612,963
2022-11-04,Inyo,027,18085,4536,1040,5576,60
2022-11-04,Kern,029,883053,221257,65339,286596,2438
2022-11-04,Kings,031,150075,59967,4151,64118,466
2022-11-04,Lake,033,64148,12962,1205,14167,151
2022-11-04,Lassen,035,31185,10034,1006,11040,64
2022-11-04,Los Angeles,037,10098052,3314318,186136,3500454,33878
2022-11-04,Madera,039,155013,44414,8331,52745,376
2022-11-04,Marin,041,260295,37549,5279,42828,260
2022-11-04,Mariposa,043,17540,3148,348,3496,30
2022-11-04,Mendocino,045,87422,16229,4548,20777,136
2022-11-04,Merced,047,269075,74072,12156,86228,878
2022-11-04,Modoc,049,8938,887,330,1217,11
2022-11-04,Mono,051,14174,3221,265,3486,8
2022-11-04,Monterey,053,433212,94888,21323,116211,774
2022-11-04,Napa,055,140530,32705,1413,34118,161
2022-11-04,Nevada,057,99092,19228,1925,21153,137
2022-11-04,Orange,059,3164182,676807,65527,742334,7622
2022-11-04,Placer,061,380077,76811,9817,86628,664
2022-11-04,Plumas,063,18699,3721,442,4163,13
2022-11-04,Riverside,065,2383286,701424,35859,737283,6665
2022-11-04,Sacramento,067,1510023,351616,35408,387024,3386
2022-11-04,San Benito,069,59416,16498,990,17488,104
2022-11-04,San Bernardino,071,2135413,676970,31118,708088,8109
2022-11-04,San Diego,073,3302833,932973,72875,1005848,5608
2022-11-04,San Francisco,075,870044,182383,12239,194622,1078
2022-11-04,San Joaquin,077,732212,199677,15221,214898,2356
2022-11-04,San Luis Obispo,079,281455,63852,7270,71122,530
2022-11-04,San Mateo,081,765935,171887,10476,182363,743
2022-11-04,Santa Barbara,083,443738,106812,6950,113762,736
2022-11-04,Santa Clara,085,1922200,443509,19176,462685,2575
2022-11-04,Santa Cruz,087,273765,64377,3537,67914,275
2022-11-04,Shasta,089,179085,35377,7706,43083,598
2022-11-04,Sierra,091,2930,308,60,368,5
2022-11-04,Siskiyou,093,43540,5211,3362,8573,95
2022-11-04,Solano,095,438530,106724,8016,114740,462
2022-11-04,Sonoma,097,501317,108234,5351,113585,531
2022-11-04,Stanislaus,099,539301,139074,21758,160832,1798
2022-11-04,Sutter,101,95872,24541,2465,27006,235
2022-11-04,Tehama,103,63373,13779,3131,16910,218
2022-11-04,Trinity,105,12862,1419,433,1852,21
2022-11-04,Tulare,107,460477,122789,36955,159744,1551
2022-11-04,Tuolumne,109,53932,15788,931,16719,202
2022-11-04,Ventura,111,848112,210719,15995,226714,1607
2022-11-04,Yolo,113,214977,48005,4442,52447,409
2022-11-04,Yuba,115,75493,19108,1741,20849,133
2022-11-03,Alameda,001,1643700,353384,19877,373261,2017
2022-11-03,Alpine,002,1148,136,1,137,0
2022-11-03,Amador,005,37829,10084,938,11022,94
2022-11-03,Butte,007,227075,39913,9267,49180,467
2022-11-03,Calaveras,009,45235,8594,572,9166,135
2022-11-03,Colusa,011,21464,3822,1297,5119,22
2022-11-03,Contra Costa,013,1133247,255173,21017,276190,1486
2022-11-03,Del Norte,015,27424,7501,400,7901,55
2022-11-03,El Dorado,017,186661,32727,4327,37054,235
2022-11-03,Fresno,019,978130,280817,32184,313001,2894
2022-11-03,Glenn,021,27897,5575,1880,7455,56
2022-11-03,Humboldt,023,135768,22212,5184,27396,162
2022-11-03,Imperial,025,180216,66291,16258,82549,963
2022-11-03,Inyo,027,18085,4534,1039,5573,60
2022-11-03,Kern,029,883053,221206,65291,286497,2438
2022-11-03,Kings,031,150075,59950,4146,64096,466
2022-11-03,Lake,033,64148,12959,1204,14163,151
2022-11-03,Lassen,035,31185,10031,1005,11036,64
2022-11-03,Los Angeles,037,10098052,3313223,185933,3499156,33865
2022-11-03,Madera,039,155013,44402,8329,52731,376
2022-11-03,Marin,041,260295,37522,5279,42801,260
2022-11-03,Mariposa,043,17540,3145,348,3493,30
2022-11-03,Mendocino,045,87422,16218,4547,20765,136
2022-11-03,Merced,047,269075,74043,12152,86195,877
2022-11-03,Modoc,049,8938,887,330,1217,11
2022-11-03,Mono,051,14174,3220,265,3485,8
2022-11-03,Monterey,053,433212,94862,21308,116170,774
2022-11-03,Napa,055,140530,32695,1411,34106,161
2022-11-03,Nevada,057,99092,19218,1923,21141,137
2022-11-03,Orange,059,3164182,676634,65483,742117,7622
2022-11-03,Placer,061,380077,76776,9813,86589,663
2022-11-03,Plumas,063,18699,3721,442,4163,13
2022-11-03,Riverside,065,2383286,701214,35825,737039,6664
2022-11-03,Sacramento,067,1510023,351446,35380,386826,3386
2022-11-03,San Benito,069,59416,16494,990,17484,104
2022-11-03,San Bernardino,071,2135413,676764,31106,707870,8109
2022-11-03,San Diego,073,3302833,932718,72846,1005564,5607
2022-11-03,San Francisco,075,870044,182276,12234,194510,1077
2022-11-03,San Joaquin,077,732212,199615,15206,214821,2356
2022-11-03,San Luis Obispo,079,281455,63834,7268,71102,530
2022-11-03,San Mateo,081,765935,171788,10475,182263,743
2022-11-03,Santa Barbara,083,443738,106788,6946,113734,736
2022-11-03,Santa Clara,085,1922200,443264,19163,462427,2572
2022-11-03,Santa Cruz,087,273765,64328,3535,67863,275
2022-11-03,Shasta,089,179085,35362,7692,43054,598
2022-11-03,Sierra,091,2930,308,60,368,5
2022-11-03,Siskiyou,093,43540,5208,3360,8568,95
2022-11-03,Solano,095,438530,106679,8009,114688,461
2022-11-03,Sonoma,097,501317,108206,5351,113557,531
2022-11-03,Stanislaus,099,539301,139028,21747,160775,1798
2022-11-03,Sutter,101,95872,24533,2464,26997,235
2022-11-03,Tehama,103,63373,13771,3127,16898,218
2022-11-03,Trinity,105,12862,1419,432,1851,21
2022-11-03,Tulare,107,460477,122767,36933,159700,1551
2022-11-03,Tuolumne,109,53932,15781,930,16711,202
2022-11-03,Ventura,111,848112,210662,15984,226646,1607
2022-11-03,Yolo,113,214977,47987,4440,52427,409
2022-11-03,Yuba,115,75493,19101,1741,20842,133
2022-11-02,Alameda,001,1643700,353195,19856,373051,2015
2022-11-02,Alpine,002,1148,136,1,137,0
2022-11-02,Amador,005,37829,10074,936,11010,94
2022-11-02,Butte,007,227075,39895,9260,49155,467
2022-11-02,Calaveras,009,45235,8589,572,9161,135
2022-11-02,Colusa,011,21464,3822,1296,5118,22
2022-11-02,Contra Costa,013,1133247,255047,21000,276047,1485
2022-11-02,Del Norte,015,27424,7501,400,7901,55
2022-11-02,El Dorado,017,186661,32712,4324,37036,234
2022-11-02,Fresno,019,978130,280729,32167,312896,2893
2022-11-02,Glenn,021,27897,5571,1878,7449,56
2022-11-02,Humboldt,023,135768,22200,5182,27382,162
2022-11-02,Imperial,025,180216,66257,16240,82497,963
2022-11-02,Inyo,027,18085,4531,1039,5570,60
2022-11-02,Kern,029,883053,221159,65247,286406,2438
2022-11-02,Kings,031,150075,59937,4139,64076,466
2022-11-02,Lake,033,64148,12955,1197,14152,151
2022-11-02,Lassen,035,31185,10029,1004,11033,64
2022-11-02,Los Angeles,037,10098052,3312015,185742,3497757,33856
2022-11-02,Madera,039,155013,44386,8326,52712,376
2022-11-02,Marin,041,260295,37505,5277,42782,260
2022-11-02,Mariposa,043,17540,3144,348,3492,30
2022-11-02,Mendocino,045,87422,16216,4546,20762,136
2022-11-02,Merced,047,269075,74020,12147,86167,877
2022-11-02,Modoc,049,8938,887,328,1215,11
2022-11-02,Mono,051,14174,3220,265,3485,8
2022-11-02,Monterey,053,433212,94836,21299,116135,774
2022-11-02,Napa,055,140530,32685,1411,34096,161
2022-11-02,Nevada,057,99092,19211,1918,21129,137
2022-11-02,Orange,059,3164182,676439,65408,741847,7620
2022-11-02,Placer,061,380077,76739,9806,86545,663
2022-11-02,Plumas,063,18699,3721,442,4163,13
2022-11-02,Riverside,065,2383286,701040,35804,736844,6664
2022-11-02,Sacramento,067,1510023,351269,35348,386617,3385
2022-11-02,San Benito,069,59416,16488,990,17478,104
2022-11-02,San Bernardino,071,2135413,676559,31090,707649,8109
2022-11-02,San Diego,073,3302833,932385,72812,1005197,5604
2022-11-02,San Francisco,075,870044,182171,12230,194401,1077
2022-11-02,San Joaquin,077,732212,199538,15194,214732,2355
2022-11-02,San Luis Obispo,079,281455,63810,7261,71071,530
2022-11-02,San Mateo,081,765935,171723,10469,182192,743
2022-11-02,Santa Barbara,083,443738,106757,6940,113697,736
2022-11-02,Santa Clara,085,1922200,443046,19154,462200,2571
2022-11-02,Santa Cruz,087,273765,64294,3534,67828,275
2022-11-02,Shasta,089,179085,35351,7678,43029,598
2022-11-02,Sierra,091,2930,308,60,368,5
2022-11-02,Siskiyou,093,43540,5207,3353,8560,95
2022-11-02,Solano,095,438530,106626,8003,114629,461
2022-11-02,Sonoma,097,501317,108170,5349,113519,531
2022-11-02,Stanislaus,099,539301,138993,21743,160736,1798
2022-11-02,Sutter,101,95872,24515,2464,26979,235
2022-11-02,Tehama,103,63373,13765,3122,16887,218
2022-11-02,Trinity,105,12862,1419,429,1848,21
2022-11-02,Tulare,107,460477,122744,36917,159661,1551
2022-11-02,Tuolumne,109,53932,15777,930,16707,202
2022-11-02,Ventura,111,848112,210609,15974,226583,1607
2022-11-02,Yolo,113,214977,47967,4438,52405,407
2022-11-02,Yuba,115,75493,19092,1741,20833,133
2022-11-01,Alameda,001,1643700,352993,19840,372833,2015
2022-11-01,Alpine,002,1148,136,1,137,0
2022-11-01,Amador,005,37829,10068,935,11003,94
2022-11-01,Butte,007,227075,39880,9252,49132,467
2022-11-01,Calaveras,009,45235,8587,572,9159,135
2022-11-01,Colusa,011,21464,3822,1295,5117,22
2022-11-01,Contra Costa,013,1133247,254934,20991,275925,1485
2022-11-01,Del Norte,015,27424,7501,400,7901,55
2022-11-01,El Dorado,017,186661,32692,4322,37014,234
2022-11-01,Fresno,019,978130,280648,32154,312802,2892
2022-11-01,Glenn,021,27897,5570,1876,7446,56
2022-11-01,Humboldt,023,135768,22186,5176,27362,162
2022-11-01,Imperial,025,180216,66228,16232,82460,963
2022-11-01,Inyo,027,18085,4528,1038,5566,60
2022-11-01,Kern,029,883053,221080,65194,286274,2438
2022-11-01,Kings,031,150075,59917,4136,64053,466
2022-11-01,Lake,033,64148,12951,1194,14145,151
2022-11-01,Lassen,035,31185,10027,1003,11030,64
2022-11-01,Los Angeles,037,10098052,3310771,185525,3496296,33849
2022-11-01,Madera,039,155013,44373,8316,52689,376
2022-11-01,Marin,041,260295,37485,5275,42760,260
2022-11-01,Mariposa,043,17540,3141,348,3489,30
2022-11-01,Mendocino,045,87422,16213,4540,20753,136
2022-11-01,Merced,047,269075,73998,12139,86137,877
2022-11-01,Modoc,049,8938,886,327,1213,11
2022-11-01,Mono,051,14174,3220,264,3484,8
2022-11-01,Monterey,053,433212,94806,21288,116094,774
2022-11-01,Napa,055,140530,32673,1410,34083,161
2022-11-01,Nevada,057,99092,19197,1915,21112,137
2022-11-01,Orange,059,3164182,676236,65319,741555,7618
2022-11-01,Placer,061,380077,76711,9797,86508,663
2022-11-01,Plumas,063,18699,3718,442,4160,13
2022-11-01,Riverside,065,2383286,700814,35776,736590,6663
2022-11-01,Sacramento,067,1510023,351107,35324,386431,3383
2022-11-01,San Benito,069,59416,16481,989,17470,104
2022-11-01,San Bernardino,071,2135413,676359,31078,707437,8109
2022-11-01,San Diego,073,3302833,932057,72781,1004838,5603
2022-11-01,San Francisco,075,870044,182062,12220,194282,1077
2022-11-01,San Joaquin,077,732212,199464,15189,214653,2355
2022-11-01,San Luis Obispo,079,281455,63786,7259,71045,530
2022-11-01,San Mateo,081,765935,171644,10467,182111,743
2022-11-01,Santa Barbara,083,443738,106723,6934,113657,736
2022-11-01,Santa Clara,085,1922200,442800,19144,461944,2571
2022-11-01,Santa Cruz,087,273765,64263,3533,67796,275
2022-11-01,Shasta,089,179085,35340,7661,43001,598
2022-11-01,Sierra,091,2930,308,60,368,5
2022-11-01,Siskiyou,093,43540,5205,3351,8556,95
2022-11-01,Solano,095,438530,106579,7999,114578,461
2022-11-01,Sonoma,097,501317,108132,5345,113477,531
2022-11-01,Stanislaus,099,539301,138948,21732,160680,1797
2022-11-01,Sutter,101,95872,24508,2464,26972,235
2022-11-01,Tehama,103,63373,13757,3117,16874,218
2022-11-01,Trinity,105,12862,1419,429,1848,21
2022-11-01,Tulare,107,460477,122717,36897,159614,1551
2022-11-01,Tuolumne,109,53932,15771,930,16701,202
2022-11-01,Ventura,111,848112,210538,15960,226498,1607
2022-11-01,Yolo,113,214977,47948,4437,52385,407
2022-11-01,Yuba,115,75493,19085,1741,20826,133
2022-10-31,Alameda,001,1643700,352769,19815,372584,2015
2022-10-31,Alpine,002,1148,136,1,137,0
2022-10-31,Amador,005,37829,10067,935,11002,94
2022-10-31,Butte,007,227075,39862,9243,49105,467
2022-10-31,Calaveras,009,45235,8585,572,9157,135
2022-10-31,Colusa,011,21464,3822,1293,5115,22
2022-10-31,Contra Costa,013,1133247,254788,20977,275765,1485
2022-10-31,Del Norte,015,27424,7498,400,7898,55
2022-10-31,El Dorado,017,186661,32675,4318,36993,234
2022-10-31,Fresno,019,978130,280538,32136,312674,2892
2022-10-31,Glenn,021,27897,5569,1875,7444,56
2022-10-31,Humboldt,023,135768,22174,5172,27346,162
2022-10-31,Imperial,025,180216,66193,16217,82410,963
2022-10-31,Inyo,027,18085,4523,1038,5561,60
2022-10-31,Kern,029,883053,220978,65144,286122,2437
2022-10-31,Kings,031,150075,59894,4132,64026,466
2022-10-31,Lake,033,64148,12936,1193,14129,151
2022-10-31,Lassen,035,31185,10026,1003,11029,64
2022-10-31,Los Angeles,037,10098052,3309534,185298,3494832,33843
2022-10-31,Madera,039,155013,44360,8316,52676,376
2022-10-31,Marin,041,260295,37461,5272,42733,260
2022-10-31,Mariposa,043,17540,3138,348,3486,30
2022-10-31,Mendocino,045,87422,16205,4538,20743,136
2022-10-31,Merced,047,269075,73980,12132,86112,875
2022-10-31,Modoc,049,8938,885,327,1212,11
2022-10-31,Mono,051,14174,3220,263,3483,8
2022-10-31,Monterey,053,433212,94771,21266,116037,774
2022-10-31,Napa,055,140530,32659,1409,34068,161
2022-10-31,Nevada,057,99092,19194,1915,21109,137
2022-10-31,Orange,059,3164182,676046,65246,741292,7617
2022-10-31,Placer,061,380077,76692,9791,86483,662
2022-10-31,Plumas,063,18699,3717,442,4159,13
2022-10-31,Riverside,065,2383286,700585,35748,736333,6663
2022-10-31,Sacramento,067,1510023,350953,35299,386252,3383
2022-10-31,San Benito,069,59416,16475,989,17464,104
2022-10-31,San Bernardino,071,2135413,676111,31055,707166,8108
2022-10-31,San Diego,073,3302833,931724,72750,1004474,5603
2022-10-31,San Francisco,075,870044,181952,12216,194168,1077
2022-10-31,San Joaquin,077,732212,199387,15175,214562,2355
2022-10-31,San Luis Obispo,079,281455,63761,7251,71012,530
2022-10-31,San Mateo,081,765935,171542,10465,182007,743
2022-10-31,Santa Barbara,083,443738,106685,6931,113616,735
2022-10-31,Santa Clara,085,1922200,442531,19133,461664,2570
2022-10-31,Santa Cruz,087,273765,64222,3530,67752,275
2022-10-31,Shasta,089,179085,35317,7654,42971,598
2022-10-31,Sierra,091,2930,308,60,368,5
2022-10-31,Siskiyou,093,43540,5201,3349,8550,95
2022-10-31,Solano,095,438530,106523,7994,114517,461
2022-10-31,Sonoma,097,501317,108092,5341,113433,530
2022-10-31,Stanislaus,099,539301,138897,21719,160616,1796
2022-10-31,Sutter,101,95872,24493,2464,26957,235
2022-10-31,Tehama,103,63373,13747,3116,16863,218
2022-10-31,Trinity,105,12862,1418,429,1847,21
2022-10-31,Tulare,107,460477,122700,36874,159574,1551
2022-10-31,Tuolumne,109,53932,15736,928,16664,202
2022-10-31,Ventura,111,848112,210462,15948,226410,1607
2022-10-31,Yolo,113,214977,47879,4434,52313,406
2022-10-31,Yuba,115,75493,19077,1741,20818,133
2022-10-30,Alameda,001,1643700,352551,19788,372339,2014
2022-10-30,Alpine,002,1148,136,1,137,0
2022-10-30,Amador,005,37829,10063,934,10997,94
2022-10-30,Butte,007,227075,39841,9232,49073,467
2022-10-30,Calaveras,009,45235,8583,572,9155,135
2022-10-30,Colusa,011,21464,3821,1293,5114,22
2022-10-30,Contra Costa,013,1133247,254630,20968,275598,1485
2022-10-30,Del Norte,015,27424,7495,400,7895,55
2022-10-30,El Dorado,017,186661,32666,4314,36980,234
2022-10-30,Fresno,019,978130,280450,32120,312570,2892
2022-10-30,Glenn,021,27897,5561,1875,7436,56
2022-10-30,Humboldt,023,135768,22168,5165,27333,162
2022-10-30,Imperial,025,180216,66169,16192,82361,963
2022-10-30,Inyo,027,18085,4523,1037,5560,60
2022-10-30,Kern,029,883053,220905,65095,286000,2437
2022-10-30,Kings,031,150075,59884,4131,64015,466
2022-10-30,Lake,033,64148,12928,1193,14121,151
2022-10-30,Lassen,035,31185,10021,1003,11024,64
2022-10-30,Los Angeles,037,10098052,3308266,185060,3493326,33837
2022-10-30,Madera,039,155013,44351,8310,52661,376
2022-10-30,Marin,041,260295,37442,5271,42713,260
2022-10-30,Mariposa,043,17540,3138,348,3486,30
2022-10-30,Mendocino,045,87422,16202,4537,20739,136
2022-10-30,Merced,047,269075,73947,12127,86074,875
2022-10-30,Modoc,049,8938,885,327,1212,11
2022-10-30,Mono,051,14174,3219,263,3482,8
2022-10-30,Monterey,053,433212,94741,21255,115996,774
2022-10-30,Napa,055,140530,32644,1407,34051,161
2022-10-30,Nevada,057,99092,19187,1910,21097,137
2022-10-30,Orange,059,3164182,675812,65172,740984,7617
2022-10-30,Placer,061,380077,76672,9788,86460,662
2022-10-30,Plumas,063,18699,3716,442,4158,13
2022-10-30,Riverside,065,2383286,700361,35719,736080,6662
2022-10-30,Sacramento,067,1510023,350818,35263,386081,3383
2022-10-30,San Benito,069,59416,16469,989,17458,104
2022-10-30,San Bernardino,071,2135413,675910,31036,706946,8108
2022-10-30,San Diego,073,3302833,931367,72691,1004058,5603
2022-10-30,San Francisco,075,870044,181825,12206,194031,1076
2022-10-30,San Joaquin,077,732212,199318,15153,214471,2351
2022-10-30,San Luis Obispo,079,281455,63748,7247,70995,530
2022-10-30,San Mateo,081,765935,171448,10462,181910,743
2022-10-30,Santa Barbara,083,443738,106659,6926,113585,734
2022-10-30,Santa Clara,085,1922200,442294,19127,461421,2570
2022-10-30,Santa Cruz,087,273765,64168,3527,67695,275
2022-10-30,Shasta,089,179085,35303,7649,42952,598
2022-10-30,Sierra,091,2930,308,60,368,5
2022-10-30,Siskiyou,093,43540,5199,3348,8547,95
2022-10-30,Solano,095,438530,106463,7991,114454,461
2022-10-30,Sonoma,097,501317,108055,5337,113392,530
2022-10-30,Stanislaus,099,539301,138855,21712,160567,1795
2022-10-30,Sutter,101,95872,24483,2464,26947,235
2022-10-30,Tehama,103,63373,13738,3112,16850,218
2022-10-30,Trinity,105,12862,1418,428,1846,21
2022-10-30,Tulare,107,460477,122668,36853,159521,1551
2022-10-30,Tuolumne,109,53932,15730,927,16657,202
2022-10-30,Ventura,111,848112,210391,15934,226325,1606
2022-10-30,Yolo,113,214977,47855,4426,52281,406
2022-10-30,Yuba,115,75493,19069,1739,20808,133
2022-10-29,Alameda,001,1643700,352434,19781,372215,2013
2022-10-29,Alpine,002,1148,136,1,137,0
2022-10-29,Amador,005,37829,10061,934,10995,94
2022-10-29,Butte,007,227075,39834,9228,49062,467
2022-10-29,Calaveras,009,45235,8577,572,9149,135
2022-10-29,Colusa,011,21464,3820,1293,5113,22
2022-10-29,Contra Costa,013,1133247,254540,20963,275503,1483
2022-10-29,Del Norte,015,27424,7495,400,7895,55
2022-10-29,El Dorado,017,186661,32659,4312,36971,234
2022-10-29,Fresno,019,978130,280400,32111,312511,2892
2022-10-29,Glenn,021,27897,5560,1875,7435,56
2022-10-29,Humboldt,023,135768,22162,5164,27326,162
2022-10-29,Imperial,025,180216,66158,16176,82334,963
2022-10-29,Inyo,027,18085,4523,1036,5559,60
2022-10-29,Kern,029,883053,220871,65070,285941,2436
2022-10-29,Kings,031,150075,59876,4131,64007,466
2022-10-29,Lake,033,64148,12924,1193,14117,151
2022-10-29,Lassen,035,31185,10021,1003,11024,64
2022-10-29,Los Angeles,037,10098052,3307633,184947,3492580,33835
2022-10-29,Madera,039,155013,44346,8310,52656,376
2022-10-29,Marin,041,260295,37423,5270,42693,260
2022-10-29,Mariposa,043,17540,3138,348,3486,30
2022-10-29,Mendocino,045,87422,16201,4537,20738,136
2022-10-29,Merced,047,269075,73933,12126,86059,875
2022-10-29,Modoc,049,8938,885,327,1212,11
2022-10-29,Mono,051,14174,3219,263,3482,8
2022-10-29,Monterey,053,433212,94728,21248,115976,774
2022-10-29,Napa,055,140530,32634,1407,34041,161
2022-10-29,Nevada,057,99092,19181,1909,21090,137
2022-10-29,Orange,059,3164182,675711,65139,740850,7616
2022-10-29,Placer,061,380077,76656,9786,86442,662
2022-10-29,Plumas,063,18699,3716,442,4158,13
2022-10-29,Riverside,065,2383286,700244,35700,735944,6662
2022-10-29,Sacramento,067,1510023,350748,35248,385996,3383
2022-10-29,San Benito,069,59416,16465,989,17454,104
2022-10-29,San Bernardino,071,2135413,675801,31026,706827,8108
2022-10-29,San Diego,073,3302833,931211,72679,1003890,5601
2022-10-29,San Francisco,075,870044,181756,12204,193960,1076
2022-10-29,San Joaquin,077,732212,199284,15143,214427,2351
2022-10-29,San Luis Obispo,079,281455,63745,7245,70990,530
2022-10-29,San Mateo,081,765935,171393,10461,181854,743
2022-10-29,Santa Barbara,083,443738,106640,6923,113563,734
2022-10-29,Santa Clara,085,1922200,442154,19120,461274,2570
2022-10-29,Santa Cruz,087,273765,64154,3525,67679,275
2022-10-29,Shasta,089,179085,35296,7646,42942,598
2022-10-29,Sierra,091,2930,308,60,368,5
2022-10-29,Siskiyou,093,43540,5198,3346,8544,95
2022-10-29,Solano,095,438530,106430,7987,114417,461
2022-10-29,Sonoma,097,501317,108038,5335,113373,530
2022-10-29,Stanislaus,099,539301,138819,21706,160525,1795
2022-10-29,Sutter,101,95872,24477,2464,26941,235
2022-10-29,Tehama,103,63373,13735,3108,16843,218
2022-10-29,Trinity,105,12862,1413,426,1839,21
2022-10-29,Tulare,107,460477,122648,36838,159486,1551
2022-10-29,Tuolumne,109,53932,15724,927,16651,202
2022-10-29,Ventura,111,848112,210349,15920,226269,1606
2022-10-29,Yolo,113,214977,47841,4424,52265,406
2022-10-29,Yuba,115,75493,19065,1739,20804,133
2022-10-28,Alameda,001,1643700,352342,19776,372118,2013
2022-10-28,Alpine,002,1148,136,1,137,0
2022-10-28,Amador,005,37829,10055,933,10988,94
2022-10-28,Butte,007,227075,39828,9225,49053,467
2022-10-28,Calaveras,009,45235,8577,572,9149,135
2022-10-28,Colusa,011,21464,3820,1293,5113,22
2022-10-28,Contra Costa,013,1133247,254456,20959,275415,1482
2022-10-28,Del Norte,015,27424,7494,400,7894,55
2022-10-28,El Dorado,017,186661,32649,4310,36959,234
2022-10-28,Fresno,019,978130,280351,32104,312455,2890
2022-10-28,Glenn,021,27897,5559,1873,7432,56
2022-10-28,Humboldt,023,135768,22157,5163,27320,162
2022-10-28,Imperial,025,180216,66143,16168,82311,963
2022-10-28,Inyo,027,18085,4520,1036,5556,60
2022-10-28,Kern,029,883053,220843,65061,285904,2436
2022-10-28,Kings,031,150075,59874,4131,64005,466
2022-10-28,Lake,033,64148,12922,1193,14115,151
2022-10-28,Lassen,035,31185,10021,1003,11024,64
2022-10-28,Los Angeles,037,10098052,3306997,184822,3491819,33833
2022-10-28,Madera,039,155013,44338,8307,52645,376
2022-10-28,Marin,041,260295,37411,5270,42681,260
2022-10-28,Mariposa,043,17540,3135,348,3483,30
2022-10-28,Mendocino,045,87422,16198,4534,20732,136
2022-10-28,Merced,047,269075,73921,12124,86045,875
2022-10-28,Modoc,049,8938,885,327,1212,11
2022-10-28,Mono,051,14174,3219,263,3482,8
2022-10-28,Monterey,053,433212,94714,21239,115953,773
2022-10-28,Napa,055,140530,32626,1407,34033,161
2022-10-28,Nevada,057,99092,19177,1908,21085,137
2022-10-28,Orange,059,3164182,675599,65083,740682,7614
2022-10-28,Placer,061,380077,76643,9784,86427,662
2022-10-28,Plumas,063,18699,3716,442,4158,13
2022-10-28,Riverside,065,2383286,700126,35687,735813,6662
2022-10-28,Sacramento,067,1510023,350647,35241,385888,3380
2022-10-28,San Benito,069,59416,16461,989,17450,104
2022-10-28,San Bernardino,071,2135413,675686,31019,706705,8107
2022-10-28,San Diego,073,3302833,931027,72665,1003692,5600
2022-10-28,San Francisco,075,870044,181698,12199,193897,1076
2022-10-28,San Joaquin,077,732212,199255,15139,214394,2351
2022-10-28,San Luis Obispo,079,281455,63740,7244,70984,530
2022-10-28,San Mateo,081,765935,171336,10458,181794,743
2022-10-28,Santa Barbara,083,443738,106626,6923,113549,734
2022-10-28,Santa Clara,085,1922200,442003,19114,461117,2569
2022-10-28,Santa Cruz,087,273765,64139,3523,67662,275
2022-10-28,Shasta,089,179085,35290,7641,42931,597
2022-10-28,Sierra,091,2930,308,60,368,5
2022-10-28,Siskiyou,093,43540,5194,3344,8538,94
2022-10-28,Solano,095,438530,106403,7986,114389,461
2022-10-28,Sonoma,097,501317,108017,5335,113352,530
2022-10-28,Stanislaus,099,539301,138789,21704,160493,1795
2022-10-28,Sutter,101,95872,24468,2463,26931,235
2022-10-28,Tehama,103,63373,13732,3107,16839,218
2022-10-28,Trinity,105,12862,1410,425,1835,21
2022-10-28,Tulare,107,460477,122625,36828,159453,1551
2022-10-28,Tuolumne,109,53932,15722,927,16649,202
2022-10-28,Ventura,111,848112,210309,15913,226222,1606
2022-10-28,Yolo,113,214977,47830,4424,52254,406
2022-10-28,Yuba,115,75493,19059,1738,20797,133
2022-10-27,Alameda,001,1643700,352200,19765,371965,2013
2022-10-27,Alpine,002,1148,136,1,137,0
2022-10-27,Amador,005,37829,10054,933,10987,94
2022-10-27,Butte,007,227075,39821,9221,49042,467
2022-10-27,Calaveras,009,45235,8575,571,9146,135
2022-10-27,Colusa,011,21464,3817,1293,5110,22
2022-10-27,Contra Costa,013,1133247,254358,20952,275310,1482
2022-10-27,Del Norte,015,27424,7489,400,7889,55
2022-10-27,El Dorado,017,186661,32631,4310,36941,234
2022-10-27,Fresno,019,978130,280285,32099,312384,2888
2022-10-27,Glenn,021,27897,5556,1873,7429,56
2022-10-27,Humboldt,023,135768,22148,5163,27311,162
2022-10-27,Imperial,025,180216,66130,16156,82286,963
2022-10-27,Inyo,027,18085,4518,1036,5554,60
2022-10-27,Kern,029,883053,220780,65029,285809,2436
2022-10-27,Kings,031,150075,59815,4130,63945,466
2022-10-27,Lake,033,64148,12916,1192,14108,151
2022-10-27,Lassen,035,31185,10019,1002,11021,64
2022-10-27,Los Angeles,037,10098052,3306129,184672,3490801,33824
2022-10-27,Madera,039,155013,44328,8304,52632,376
2022-10-27,Marin,041,260295,37393,5270,42663,260
2022-10-27,Mariposa,043,17540,3134,348,3482,30
2022-10-27,Mendocino,045,87422,16195,4533,20728,136
2022-10-27,Merced,047,269075,73912,12119,86031,875
2022-10-27,Modoc,049,8938,885,327,1212,11
2022-10-27,Mono,051,14174,3219,263,3482,8
2022-10-27,Monterey,053,433212,94693,21223,115916,772
2022-10-27,Napa,055,140530,32620,1405,34025,161
2022-10-27,Nevada,057,99092,19171,1905,21076,137
2022-10-27,Orange,059,3164182,675418,65042,740460,7612
2022-10-27,Placer,061,380077,76630,9779,86409,662
2022-10-27,Plumas,063,18699,3716,442,4158,13
2022-10-27,Riverside,065,2383286,699992,35665,735657,6660
2022-10-27,Sacramento,067,1510023,350511,35225,385736,3380
2022-10-27,San Benito,069,59416,16460,989,17449,104
2022-10-27,San Bernardino,071,2135413,675551,31010,706561,8107
2022-10-27,San Diego,073,3302833,930782,72635,1003417,5600
2022-10-27,San Francisco,075,870044,181608,12189,193797,1075
2022-10-27,San Joaquin,077,732212,199222,15130,214352,2351
2022-10-27,San Luis Obispo,079,281455,63727,7242,70969,530
2022-10-27,San Mateo,081,765935,171246,10456,181702,743
2022-10-27,Santa Barbara,083,443738,106596,6922,113518,734
2022-10-27,Santa Clara,085,1922200,441828,19105,460933,2568
2022-10-27,Santa Cruz,087,273765,64118,3520,67638,275
2022-10-27,Shasta,089,179085,35280,7634,42914,597
2022-10-27,Sierra,091,2930,308,60,368,5
2022-10-27,Siskiyou,093,43540,5190,3343,8533,94
2022-10-27,Solano,095,438530,106364,7984,114348,461
2022-10-27,Sonoma,097,501317,107986,5335,113321,530
2022-10-27,Stanislaus,099,539301,138750,21700,160450,1795
2022-10-27,Sutter,101,95872,24460,2462,26922,235
2022-10-27,Tehama,103,63373,13731,3107,16838,218
2022-10-27,Trinity,105,12862,1407,422,1829,21
2022-10-27,Tulare,107,460477,122609,36806,159415,1551
2022-10-27,Tuolumne,109,53932,15719,927,16646,202
2022-10-27,Ventura,111,848112,210249,15906,226155,1606
2022-10-27,Yolo,113,214977,47828,4422,52250,406
2022-10-27,Yuba,115,75493,19054,1737,20791,133
2022-10-26,Alameda,001,1643700,352026,19751,371777,2012
2022-10-26,Alpine,002,1148,136,1,137,0
2022-10-26,Amador,005,37829,10053,933,10986,93
2022-10-26,Butte,007,227075,39810,9213,49023,467
2022-10-26,Calaveras,009,45235,8574,570,9144,135
2022-10-26,Colusa,011,21464,3814,1293,5107,22
2022-10-26,Contra Costa,013,1133247,254267,20947,275214,1481
2022-10-26,Del Norte,015,27424,7488,400,7888,55
2022-10-26,El Dorado,017,186661,32609,4309,36918,234
2022-10-26,Fresno,019,978130,280232,32079,312311,2888
2022-10-26,Glenn,021,27897,5556,1872,7428,56
2022-10-26,Humboldt,023,135768,22143,5156,27299,162
2022-10-26,Imperial,025,180216,66110,16145,82255,963
2022-10-26,Inyo,027,18085,4517,1034,5551,60
2022-10-26,Kern,029,883053,220740,65001,285741,2435
2022-10-26,Kings,031,150075,59810,4130,63940,466
2022-10-26,Lake,033,64148,12914,1192,14106,151
2022-10-26,Lassen,035,31185,10014,1001,11015,64
2022-10-26,Los Angeles,037,10098052,3305201,184528,3489729,33816
2022-10-26,Madera,039,155013,44320,8302,52622,376
2022-10-26,Marin,041,260295,37380,5268,42648,260
2022-10-26,Mariposa,043,17540,3133,348,3481,30
2022-10-26,Mendocino,045,87422,16193,4531,20724,136
2022-10-26,Merced,047,269075,73896,12115,86011,875
2022-10-26,Modoc,049,8938,885,327,1212,11
2022-10-26,Mono,051,14174,3219,263,3482,8
2022-10-26,Monterey,053,433212,94668,21213,115881,772
2022-10-26,Napa,055,140530,32612,1405,34017,161
2022-10-26,Nevada,057,99092,19168,1897,21065,137
2022-10-26,Orange,059,3164182,675228,64983,740211,7608
2022-10-26,Placer,061,380077,76608,9773,86381,662
2022-10-26,Plumas,063,18699,3714,442,4156,13
2022-10-26,Riverside,065,2383286,699846,35641,735487,6659
2022-10-26,Sacramento,067,1510023,350432,35209,385641,3379
2022-10-26,San Benito,069,59416,16455,989,17444,104
2022-10-26,San Bernardino,071,2135413,675382,31001,706383,8106
2022-10-26,San Diego,073,3302833,930495,72592,1003087,5598
2022-10-26,San Francisco,075,870044,181529,12185,193714,1074
2022-10-26,San Joaquin,077,732212,199170,15118,214288,2351
2022-10-26,San Luis Obispo,079,281455,63712,7240,70952,530
2022-10-26,San Mateo,081,765935,171155,10453,181608,743
2022-10-26,Santa Barbara,083,443738,106562,6917,113479,734
2022-10-26,Santa Clara,085,1922200,441648,19088,460736,2568
2022-10-26,Santa Cruz,087,273765,64092,3519,67611,275
2022-10-26,Shasta,089,179085,35272,7629,42901,596
2022-10-26,Sierra,091,2930,308,60,368,5
2022-10-26,Siskiyou,093,43540,5188,3342,8530,94
2022-10-26,Solano,095,438530,106307,7983,114290,461
2022-10-26,Sonoma,097,501317,107961,5330,113291,530
2022-10-26,Stanislaus,099,539301,138718,21696,160414,1795
2022-10-26,Sutter,101,95872,24450,2462,26912,235
2022-10-26,Tehama,103,63373,13726,3107,16833,218
2022-10-26,Trinity,105,12862,1401,420,1821,21
2022-10-26,Tulare,107,460477,122593,36789,159382,1551
2022-10-26,Tuolumne,109,53932,15713,927,16640,202
2022-10-26,Ventura,111,848112,210186,15899,226085,1606
2022-10-26,Yolo,113,214977,47819,4418,52237,406
2022-10-26,Yuba,115,75493,19047,1737,20784,133
2022-10-25,Alameda,001,1643700,351871,19736,371607,2012
2022-10-25,Alpine,002,1148,136,1,137,0
2022-10-25,Amador,005,37829,10051,933,10984,93
2022-10-25,Butte,007,227075,39794,9213,49007,467
2022-10-25,Calaveras,009,45235,8572,570,9142,135
2022-10-25,Colusa,011,21464,3813,1293,5106,22
2022-10-25,Contra Costa,013,1133247,254161,20939,275100,1481
2022-10-25,Del Norte,015,27424,7487,400,7887,55
2022-10-25,El Dorado,017,186661,32588,4307,36895,234
2022-10-25,Fresno,019,978130,280175,32065,312240,2888
2022-10-25,Glenn,021,27897,5554,1872,7426,56
2022-10-25,Humboldt,023,135768,22136,5153,27289,162
2022-10-25,Imperial,025,180216,66088,16138,82226,963
2022-10-25,Inyo,027,18085,4517,1033,5550,60
2022-10-25,Kern,029,883053,220689,64958,285647,2435
2022-10-25,Kings,031,150075,59794,4129,63923,466
2022-10-25,Lake,033,64148,12911,1192,14103,151
2022-10-25,Lassen,035,31185,10007,1001,11008,64
2022-10-25,Los Angeles,037,10098052,3304308,184384,3488692,33816
2022-10-25,Madera,039,155013,44311,8298,52609,376
2022-10-25,Marin,041,260295,37353,5266,42619,260
2022-10-25,Mariposa,043,17540,3132,348,3480,30
2022-10-25,Mendocino,045,87422,16186,4530,20716,136
2022-10-25,Merced,047,269075,73879,12112,85991,874
2022-10-25,Modoc,049,8938,885,326,1211,11
2022-10-25,Mono,051,14174,3219,262,3481,8
2022-10-25,Monterey,053,433212,94643,21201,115844,772
2022-10-25,Napa,055,140530,32609,1404,34013,161
2022-10-25,Nevada,057,99092,19164,1894,21058,137
2022-10-25,Orange,059,3164182,675041,64923,739964,7606
2022-10-25,Placer,061,380077,76572,9770,86342,662
2022-10-25,Plumas,063,18699,3713,442,4155,13
2022-10-25,Riverside,065,2383286,699676,35628,735304,6659
2022-10-25,Sacramento,067,1510023,350320,35172,385492,3378
2022-10-25,San Benito,069,59416,16448,987,17435,104
2022-10-25,San Bernardino,071,2135413,675238,30992,706230,8106
2022-10-25,San Diego,073,3302833,930226,72535,1002761,5598
2022-10-25,San Francisco,075,870044,181439,12175,193614,1074
2022-10-25,San Joaquin,077,732212,199111,15111,214222,2349
2022-10-25,San Luis Obispo,079,281455,63692,7237,70929,530
2022-10-25,San Mateo,081,765935,171083,10452,181535,743
2022-10-25,Santa Barbara,083,443738,106527,6911,113438,734
2022-10-25,Santa Clara,085,1922200,441454,19079,460533,2567
2022-10-25,Santa Cruz,087,273765,64057,3515,67572,275
2022-10-25,Shasta,089,179085,35266,7623,42889,596
2022-10-25,Sierra,091,2930,308,60,368,5
2022-10-25,Siskiyou,093,43540,5186,3338,8524,94
2022-10-25,Solano,095,438530,106261,7977,114238,461
2022-10-25,Sonoma,097,501317,107918,5329,113247,530
2022-10-25,Stanislaus,099,539301,138689,21686,160375,1795
2022-10-25,Sutter,101,95872,24443,2462,26905,235
2022-10-25,Tehama,103,63373,13723,3106,16829,218
2022-10-25,Trinity,105,12862,1401,416,1817,21
2022-10-25,Tulare,107,460477,122568,36772,159340,1551
2022-10-25,Tuolumne,109,53932,15712,927,16639,202
2022-10-25,Ventura,111,848112,210134,15889,226023,1605
2022-10-25,Yolo,113,214977,47808,4409,52217,406
2022-10-25,Yuba,115,75493,19040,1737,20777,132
2022-10-24,Alameda,001,1643700,351709,19727,371436,2011
2022-10-24,Alpine,002,1148,136,1,137,0
2022-10-24,Amador,005,37829,10049,932,10981,93
2022-10-24,Butte,007,227075,39780,9210,48990,467
2022-10-24,Calaveras,009,45235,8572,569,9141,135
2022-10-24,Colusa,011,21464,3811,1293,5104,22
2022-10-24,Contra Costa,013,1133247,254042,20932,274974,1479
2022-10-24,Del Norte,015,27424,7482,400,7882,55
2022-10-24,El Dorado,017,186661,32575,4306,36881,234
2022-10-24,Fresno,019,978130,280111,32044,312155,2888
2022-10-24,Glenn,021,27897,5553,1872,7425,56
2022-10-24,Humboldt,023,135768,22130,5146,27276,162
2022-10-24,Imperial,025,180216,66067,16129,82196,963
2022-10-24,Inyo,027,18085,4516,1030,5546,60
2022-10-24,Kern,029,883053,220637,64925,285562,2435
2022-10-24,Kings,031,150075,59776,4129,63905,466
2022-10-24,Lake,033,64148,12906,1192,14098,151
2022-10-24,Lassen,035,31185,10007,1001,11008,64
2022-10-24,Los Angeles,037,10098052,3303306,184214,3487520,33806
2022-10-24,Madera,039,155013,44306,8297,52603,376
2022-10-24,Marin,041,260295,37324,5266,42590,259
2022-10-24,Mariposa,043,17540,3130,346,3476,30
2022-10-24,Mendocino,045,87422,16182,4527,20709,136
2022-10-24,Merced,047,269075,73866,12109,85975,874
2022-10-24,Modoc,049,8938,884,326,1210,11
2022-10-24,Mono,051,14174,3219,261,3480,8
2022-10-24,Monterey,053,433212,94621,21186,115807,772
2022-10-24,Napa,055,140530,32605,1404,34009,161
2022-10-24,Nevada,057,99092,19156,1884,21040,137
2022-10-24,Orange,059,3164182,674857,64879,739736,7603
2022-10-24,Placer,061,380077,76541,9767,86308,662
2022-10-24,Plumas,063,18699,3712,441,4153,13
2022-10-24,Riverside,065,2383286,699536,35607,735143,6658
2022-10-24,Sacramento,067,1510023,350199,35145,385344,3375
2022-10-24,San Benito,069,59416,16442,986,17428,104
2022-10-24,San Bernardino,071,2135413,675063,30981,706044,8106
2022-10-24,San Diego,073,3302833,929952,72482,1002434,5598
2022-10-24,San Francisco,075,870044,181332,12172,193504,1074
2022-10-24,San Joaquin,077,732212,199055,15089,214144,2349
2022-10-24,San Luis Obispo,079,281455,63680,7236,70916,529
2022-10-24,San Mateo,081,765935,171021,10449,181470,743
2022-10-24,Santa Barbara,083,443738,106504,6910,113414,734
2022-10-24,Santa Clara,085,1922200,441243,19070,460313,2567
2022-10-24,Santa Cruz,087,273765,64034,3513,67547,275
2022-10-24,Shasta,089,179085,35251,7612,42863,596
2022-10-24,Sierra,091,2930,308,60,368,5
2022-10-24,Siskiyou,093,43540,5184,3338,8522,94
2022-10-24,Solano,095,438530,106213,7976,114189,461
2022-10-24,Sonoma,097,501317,107886,5329,113215,530
2022-10-24,Stanislaus,099,539301,138662,21683,160345,1795
2022-10-24,Sutter,101,95872,24438,2462,26900,235
2022-10-24,Tehama,103,63373,13721,3105,16826,218
2022-10-24,Trinity,105,12862,1400,415,1815,21
2022-10-24,Tulare,107,460477,122547,36755,159302,1551
2022-10-24,Tuolumne,109,53932,15709,927,16636,202
2022-10-24,Ventura,111,848112,210084,15884,225968,1605
2022-10-24,Yolo,113,214977,47797,4407,52204,406
2022-10-24,Yuba,115,75493,19031,1737,20768,132
2022-10-23,Alameda,001,1643700,351512,19710,371222,2010
2022-10-23,Alpine,002,1148,136,1,137,0
2022-10-23,Amador,005,37829,10048,932,10980,93
2022-10-23,Butte,007,227075,39768,9208,48976,467
2022-10-23,Calaveras,009,45235,8567,569,9136,135
2022-10-23,Colusa,011,21464,3811,1291,5102,22
2022-10-23,Contra Costa,013,1133247,253934,20920,274854,1479
2022-10-23,Del Norte,015,27424,7481,400,7881,55
2022-10-23,El Dorado,017,186661,32562,4304,36866,234
2022-10-23,Fresno,019,978130,280047,32030,312077,2888
2022-10-23,Glenn,021,27897,5551,1870,7421,56
2022-10-23,Humboldt,023,135768,22122,5139,27261,162
2022-10-23,Imperial,025,180216,66054,16111,82165,963
2022-10-23,Inyo,027,18085,4514,1030,5544,60
2022-10-23,Kern,029,883053,220584,64855,285439,2434
2022-10-23,Kings,031,150075,59757,4126,63883,466
2022-10-23,Lake,033,64148,12905,1192,14097,151
2022-10-23,Lassen,035,31185,10004,1000,11004,64
2022-10-23,Los Angeles,037,10098052,3302340,184024,3486364,33799
2022-10-23,Madera,039,155013,44294,8295,52589,376
2022-10-23,Marin,041,260295,37309,5264,42573,259
2022-10-23,Mariposa,043,17540,3127,345,3472,30
2022-10-23,Mendocino,045,87422,16175,4526,20701,136
2022-10-23,Merced,047,269075,73858,12105,85963,874
2022-10-23,Modoc,049,8938,884,326,1210,11
2022-10-23,Mono,051,14174,3219,260,3479,8
2022-10-23,Monterey,053,433212,94601,21171,115772,772
2022-10-23,Napa,055,140530,32587,1404,33991,161
2022-10-23,Nevada,057,99092,19144,1882,21026,137
2022-10-23,Orange,059,3164182,674627,64811,739438,7601
2022-10-23,Placer,061,380077,76511,9763,86274,662
2022-10-23,Plumas,063,18699,3711,440,4151,13
2022-10-23,Riverside,065,2383286,699354,35590,734944,6658
2022-10-23,Sacramento,067,1510023,350049,35120,385169,3374
2022-10-23,San Benito,069,59416,16435,985,17420,104
2022-10-23,San Bernardino,071,2135413,674924,30965,705889,8106
2022-10-23,San Diego,073,3302833,929601,72439,1002040,5598
2022-10-23,San Francisco,075,870044,181224,12164,193388,1074
2022-10-23,San Joaquin,077,732212,198994,15077,214071,2349
2022-10-23,San Luis Obispo,079,281455,63666,7228,70894,529
2022-10-23,San Mateo,081,765935,170932,10446,181378,743
2022-10-23,Santa Barbara,083,443738,106464,6907,113371,733
2022-10-23,Santa Clara,085,1922200,441017,19049,460066,2566
2022-10-23,Santa Cruz,087,273765,63980,3510,67490,275
2022-10-23,Shasta,089,179085,35238,7601,42839,596
2022-10-23,Sierra,091,2930,308,60,368,5
2022-10-23,Siskiyou,093,43540,5182,3335,8517,94
2022-10-23,Solano,095,438530,106162,7972,114134,461
2022-10-23,Sonoma,097,501317,107829,5325,113154,530
2022-10-23,Stanislaus,099,539301,138620,21679,160299,1795
2022-10-23,Sutter,101,95872,24432,2462,26894,235
2022-10-23,Tehama,103,63373,13715,3105,16820,218
2022-10-23,Trinity,105,12862,1400,412,1812,21
2022-10-23,Tulare,107,460477,122517,36731,159248,1550
2022-10-23,Tuolumne,109,53932,15706,926,16632,202
2022-10-23,Ventura,111,848112,210033,15871,225904,1605
2022-10-23,Yolo,113,214977,47778,4396,52174,406
2022-10-23,Yuba,115,75493,19025,1736,20761,132
2022-10-22,Alameda,001,1643700,351402,19706,371108,2010
2022-10-22,Alpine,002,1148,136,1,137,0
2022-10-22,Amador,005,37829,10046,932,10978,93
2022-10-22,Butte,007,227075,39762,9203,48965,467
2022-10-22,Calaveras,009,45235,8564,569,9133,135
2022-10-22,Colusa,011,21464,3811,1290,5101,22
2022-10-22,Contra Costa,013,1133247,253867,20913,274780,1478
2022-10-22,Del Norte,015,27424,7480,400,7880,55
2022-10-22,El Dorado,017,186661,32555,4303,36858,234
2022-10-22,Fresno,019,978130,280008,32026,312034,2888
2022-10-22,Glenn,021,27897,5550,1870,7420,56
2022-10-22,Humboldt,023,135768,22117,5137,27254,162
2022-10-22,Imperial,025,180216,66040,16104,82144,963
2022-10-22,Inyo,027,18085,4513,1028,5541,60
2022-10-22,Kern,029,883053,220564,64825,285389,2434
2022-10-22,Kings,031,150075,59748,4125,63873,466
2022-10-22,Lake,033,64148,12903,1191,14094,151
2022-10-22,Lassen,035,31185,10004,999,11003,64
2022-10-22,Los Angeles,037,10098052,3301818,183938,3485756,33790
2022-10-22,Madera,039,155013,44286,8294,52580,376
2022-10-22,Marin,041,260295,37289,5260,42549,259
2022-10-22,Mariposa,043,17540,3127,345,3472,30
2022-10-22,Mendocino,045,87422,16174,4526,20700,136
2022-10-22,Merced,047,269075,73848,12105,85953,873
2022-10-22,Modoc,049,8938,884,326,1210,11
2022-10-22,Mono,051,14174,3218,260,3478,8
2022-10-22,Monterey,053,433212,94589,21162,115751,772
2022-10-22,Napa,055,140530,32583,1404,33987,161
2022-10-22,Nevada,057,99092,19140,1882,21022,137
2022-10-22,Orange,059,3164182,674531,64770,739301,7599
2022-10-22,Placer,061,380077,76491,9758,86249,662
2022-10-22,Plumas,063,18699,3711,440,4151,13
2022-10-22,Riverside,065,2383286,699259,35572,734831,6658
2022-10-22,Sacramento,067,1510023,349969,35112,385081,3373
2022-10-22,San Benito,069,59416,16427,985,17412,104
2022-10-22,San Bernardino,071,2135413,674842,30961,705803,8105
2022-10-22,San Diego,073,3302833,929470,72416,1001886,5598
2022-10-22,San Francisco,075,870044,181171,12162,193333,1074
2022-10-22,San Joaquin,077,732212,198970,15070,214040,2349
2022-10-22,San Luis Obispo,079,281455,63662,7227,70889,529
2022-10-22,San Mateo,081,765935,170875,10443,181318,743
2022-10-22,Santa Barbara,083,443738,106451,6904,113355,733
2022-10-22,Santa Clara,085,1922200,440879,19043,459922,2566
2022-10-22,Santa Cruz,087,273765,63967,3510,67477,275
2022-10-22,Shasta,089,179085,35233,7597,42830,596
2022-10-22,Sierra,091,2930,308,60,368,5
2022-10-22,Siskiyou,093,43540,5178,3335,8513,94
2022-10-22,Solano,095,438530,106141,7972,114113,461
2022-10-22,Sonoma,097,501317,107817,5324,113141,530
2022-10-22,Stanislaus,099,539301,138602,21676,160278,1793
2022-10-22,Sutter,101,95872,24430,2462,26892,235
2022-10-22,Tehama,103,63373,13711,3103,16814,218
2022-10-22,Trinity,105,12862,1400,412,1812,21
2022-10-22,Tulare,107,460477,122506,36720,159226,1550
2022-10-22,Tuolumne,109,53932,15704,926,16630,202
2022-10-22,Ventura,111,848112,210007,15866,225873,1605
2022-10-22,Yolo,113,214977,47768,4396,52164,406
2022-10-22,Yuba,115,75493,19018,1735,20753,132
2022-10-21,Alameda,001,1643700,351320,19700,371020,2010
2022-10-21,Alpine,002,1148,136,1,137,0
2022-10-21,Amador,005,37829,10045,932,10977,93
2022-10-21,Butte,007,227075,39750,9198,48948,466
2022-10-21,Calaveras,009,45235,8564,569,9133,135
2022-10-21,Colusa,011,21464,3810,1290,5100,22
2022-10-21,Contra Costa,013,1133247,253798,20904,274702,1477
2022-10-21,Del Norte,015,27424,7480,400,7880,55
2022-10-21,El Dorado,017,186661,32545,4301,36846,234
2022-10-21,Fresno,019,978130,279972,32021,311993,2888
2022-10-21,Glenn,021,27897,5550,1869,7419,56
2022-10-21,Humboldt,023,135768,22109,5134,27243,162
2022-10-21,Imperial,025,180216,66035,16098,82133,963
2022-10-21,Inyo,027,18085,4513,1028,5541,60
2022-10-21,Kern,029,883053,220543,64805,285348,2434
2022-10-21,Kings,031,150075,59742,4125,63867,466
2022-10-21,Lake,033,64148,12902,1191,14093,151
2022-10-21,Lassen,035,31185,10002,999,11001,64
2022-10-21,Los Angeles,037,10098052,3301255,183816,3485071,33783
2022-10-21,Madera,039,155013,44279,8291,52570,376
2022-10-21,Marin,041,260295,37269,5258,42527,259
2022-10-21,Mariposa,043,17540,3126,345,3471,30
2022-10-21,Mendocino,045,87422,16167,4526,20693,136
2022-10-21,Merced,047,269075,73842,12104,85946,872
2022-10-21,Modoc,049,8938,884,326,1210,11
2022-10-21,Mono,051,14174,3218,260,3478,8
2022-10-21,Monterey,053,433212,94572,21160,115732,772
2022-10-21,Napa,055,140530,32581,1404,33985,161
2022-10-21,Nevada,057,99092,19136,1881,21017,137
2022-10-21,Orange,059,3164182,674409,64732,739141,7596
2022-10-21,Placer,061,380077,76470,9753,86223,662
2022-10-21,Plumas,063,18699,3710,440,4150,13
2022-10-21,Riverside,065,2383286,699168,35560,734728,6658
2022-10-21,Sacramento,067,1510023,349896,35105,385001,3372
2022-10-21,San Benito,069,59416,16425,984,17409,104
2022-10-21,San Bernardino,071,2135413,674763,30955,705718,8105
2022-10-21,San Diego,073,3302833,929320,72394,1001714,5598
2022-10-21,San Francisco,075,870044,181132,12158,193290,1073
2022-10-21,San Joaquin,077,732212,198941,15066,214007,2349
2022-10-21,San Luis Obispo,079,281455,63654,7227,70881,529
2022-10-21,San Mateo,081,765935,170829,10441,181270,743
2022-10-21,Santa Barbara,083,443738,106437,6904,113341,733
2022-10-21,Santa Clara,085,1922200,440746,19035,459781,2564
2022-10-21,Santa Cruz,087,273765,63952,3510,67462,275
2022-10-21,Shasta,089,179085,35226,7590,42816,596
2022-10-21,Sierra,091,2930,308,60,368,5
2022-10-21,Siskiyou,093,43540,5178,3335,8513,94
2022-10-21,Solano,095,438530,106118,7971,114089,461
2022-10-21,Sonoma,097,501317,107794,5322,113116,530
2022-10-21,Stanislaus,099,539301,138587,21674,160261,1793
2022-10-21,Sutter,101,95872,24423,2462,26885,235
2022-10-21,Tehama,103,63373,13707,3103,16810,218
2022-10-21,Trinity,105,12862,1400,411,1811,21
2022-10-21,Tulare,107,460477,122499,36714,159213,1550
2022-10-21,Tuolumne,109,53932,15698,926,16624,202
2022-10-21,Ventura,111,848112,209977,15863,225840,1605
2022-10-21,Yolo,113,214977,47758,4395,52153,406
2022-10-21,Yuba,115,75493,19008,1735,20743,132
2022-10-20,Alameda,001,1643700,351175,19697,370872,2010
2022-10-20,Alpine,002,1148,136,1,137,0
2022-10-20,Amador,005,37829,10040,932,10972,93
2022-10-20,Butte,007,227075,39743,9196,48939,466
2022-10-20,Calaveras,009,45235,8563,568,9131,135
2022-10-20,Colusa,011,21464,3810,1289,5099,22
2022-10-20,Contra Costa,013,1133247,253696,20900,274596,1476
2022-10-20,Del Norte,015,27424,7480,399,7879,55
2022-10-20,El Dorado,017,186661,32529,4299,36828,234
2022-10-20,Fresno,019,978130,279920,32013,311933,2888
2022-10-20,Glenn,021,27897,5550,1869,7419,56
2022-10-20,Humboldt,023,135768,22103,5128,27231,162
2022-10-20,Imperial,025,180216,66026,16087,82113,963
2022-10-20,Inyo,027,18085,4508,1025,5533,60
2022-10-20,Kern,029,883053,220505,64760,285265,2433
2022-10-20,Kings,031,150075,59727,4123,63850,466
2022-10-20,Lake,033,64148,12898,1191,14089,151
2022-10-20,Lassen,035,31185,9999,999,10998,64
2022-10-20,Los Angeles,037,10098052,3300506,183688,3484194,33772
2022-10-20,Madera,039,155013,44267,8291,52558,376
2022-10-20,Marin,041,260295,37252,5257,42509,259
2022-10-20,Mariposa,043,17540,3125,344,3469,30
2022-10-20,Mendocino,045,87422,16162,4525,20687,136
2022-10-20,Merced,047,269075,73833,12104,85937,872
2022-10-20,Modoc,049,8938,883,325,1208,11
2022-10-20,Mono,051,14174,3218,260,3478,8
2022-10-20,Monterey,053,433212,94556,21147,115703,772
2022-10-20,Napa,055,140530,32575,1404,33979,161
2022-10-20,Nevada,057,99092,19134,1875,21009,137
2022-10-20,Orange,059,3164182,674273,64680,738953,7595
2022-10-20,Placer,061,380077,76439,9749,86188,662
2022-10-20,Plumas,063,18699,3709,440,4149,13
2022-10-20,Riverside,065,2383286,699039,35542,734581,6658
2022-10-20,Sacramento,067,1510023,349756,35087,384843,3371
2022-10-20,San Benito,069,59416,16422,983,17405,104
2022-10-20,San Bernardino,071,2135413,674650,30941,705591,8105
2022-10-20,San Diego,073,3302833,929125,72353,1001478,5597
2022-10-20,San Francisco,075,870044,181070,12152,193222,1073
2022-10-20,San Joaquin,077,732212,198908,15058,213966,2347
2022-10-20,San Luis Obispo,079,281455,63644,7222,70866,529
2022-10-20,San Mateo,081,765935,170758,10439,181197,743
2022-10-20,Santa Barbara,083,443738,106415,6902,113317,733
2022-10-20,Santa Clara,085,1922200,440591,19025,459616,2564
2022-10-20,Santa Cruz,087,273765,63914,3509,67423,275
2022-10-20,Shasta,089,179085,35214,7575,42789,596
2022-10-20,Sierra,091,2930,308,60,368,5
2022-10-20,Siskiyou,093,43540,5176,3335,8511,94
2022-10-20,Solano,095,438530,106082,7968,114050,461
2022-10-20,Sonoma,097,501317,107761,5322,113083,530
2022-10-20,Stanislaus,099,539301,138550,21671,160221,1792
2022-10-20,Sutter,101,95872,24419,2462,26881,235
2022-10-20,Tehama,103,63373,13701,3099,16800,218
2022-10-20,Trinity,105,12862,1400,411,1811,21
2022-10-20,Tulare,107,460477,122484,36708,159192,1550
2022-10-20,Tuolumne,109,53932,15692,926,16618,202
2022-10-20,Ventura,111,848112,209938,15854,225792,1605
2022-10-20,Yolo,113,214977,47748,4391,52139,406
2022-10-20,Yuba,115,75493,19002,1735,20737,132
2022-10-19,Alameda,001,1643700,351035,19688,370723,2009
2022-10-19,Alpine,002,1148,136,1,137,0
2022-10-19,Amador,005,37829,10038,931,10969,93
2022-10-19,Butte,007,227075,39736,9193,48929,466
2022-10-19,Calaveras,009,45235,8561,568,9129,135
2022-10-19,Colusa,011,21464,3809,1289,5098,22
2022-10-19,Contra Costa,013,1133247,253613,20884,274497,1476
2022-10-19,Del Norte,015,27424,7480,399,7879,55
2022-10-19,El Dorado,017,186661,32514,4297,36811,234
2022-10-19,Fresno,019,978130,279855,32000,311855,2888
2022-10-19,Glenn,021,27897,5547,1869,7416,56
2022-10-19,Humboldt,023,135768,22087,5118,27205,162
2022-10-19,Imperial,025,180216,66010,16076,82086,963
2022-10-19,Inyo,027,18085,4508,1023,5531,60
2022-10-19,Kern,029,883053,220455,64719,285174,2433
2022-10-19,Kings,031,150075,59714,4123,63837,466
2022-10-19,Lake,033,64148,12893,1190,14083,151
2022-10-19,Lassen,035,31185,9996,998,10994,64
2022-10-19,Los Angeles,037,10098052,3299678,183550,3483228,33764
2022-10-19,Madera,039,155013,44259,8290,52549,376
2022-10-19,Marin,041,260295,37230,5256,42486,259
2022-10-19,Mariposa,043,17540,3122,344,3466,30
2022-10-19,Mendocino,045,87422,16157,4523,20680,136
2022-10-19,Merced,047,269075,73815,12101,85916,871
2022-10-19,Modoc,049,8938,883,325,1208,11
2022-10-19,Mono,051,14174,3217,259,3476,7
2022-10-19,Monterey,053,433212,94542,21140,115682,772
2022-10-19,Napa,055,140530,32568,1403,33971,161
2022-10-19,Nevada,057,99092,19129,1872,21001,137
2022-10-19,Orange,059,3164182,674055,64629,738684,7594
2022-10-19,Placer,061,380077,76411,9745,86156,662
2022-10-19,Plumas,063,18699,3706,440,4146,13
2022-10-19,Riverside,065,2383286,698914,35522,734436,6658
2022-10-19,Sacramento,067,1510023,349648,35073,384721,3371
2022-10-19,San Benito,069,59416,16418,983,17401,104
2022-10-19,San Bernardino,071,2135413,674513,30936,705449,8105
2022-10-19,San Diego,073,3302833,928868,72307,1001175,5595
2022-10-19,San Francisco,075,870044,180990,12146,193136,1073
2022-10-19,San Joaquin,077,732212,198865,15048,213913,2347
2022-10-19,San Luis Obispo,079,281455,63630,7221,70851,529
2022-10-19,San Mateo,081,765935,170690,10433,181123,743
2022-10-19,Santa Barbara,083,443738,106386,6900,113286,732
2022-10-19,Santa Clara,085,1922200,440431,19016,459447,2564
2022-10-19,Santa Cruz,087,273765,63865,3508,67373,275
2022-10-19,Shasta,089,179085,35204,7561,42765,596
2022-10-19,Sierra,091,2930,308,60,368,5
2022-10-19,Siskiyou,093,43540,5175,3332,8507,94
2022-10-19,Solano,095,438530,106050,7966,114016,461
2022-10-19,Sonoma,097,501317,107729,5319,113048,530
2022-10-19,Stanislaus,099,539301,138517,21668,160185,1792
2022-10-19,Sutter,101,95872,24416,2462,26878,235
2022-10-19,Tehama,103,63373,13696,3097,16793,218
2022-10-19,Trinity,105,12862,1399,411,1810,21
2022-10-19,Tulare,107,460477,122474,36688,159162,1550
2022-10-19,Tuolumne,109,53932,15688,926,16614,202
2022-10-19,Ventura,111,848112,209895,15841,225736,1605
2022-10-19,Yolo,113,214977,47738,4383,52121,406
2022-10-19,Yuba,115,75493,18993,1734,20727,132
2022-10-18,Alameda,001,1643700,350906,19675,370581,2007
2022-10-18,Alpine,002,1148,136,1,137,0
2022-10-18,Amador,005,37829,10035,929,10964,93
2022-10-18,Butte,007,227075,39727,9193,48920,466
2022-10-18,Calaveras,009,45235,8556,567,9123,135
2022-10-18,Colusa,011,21464,3808,1287,5095,22
2022-10-18,Contra Costa,013,1133247,253525,20880,274405,1475
2022-10-18,Del Norte,015,27424,7476,399,7875,55
2022-10-18,El Dorado,017,186661,32497,4292,36789,234
2022-10-18,Fresno,019,978130,279798,31987,311785,2888
2022-10-18,Glenn,021,27897,5547,1869,7416,56
2022-10-18,Humboldt,023,135768,22074,5115,27189,162
2022-10-18,Imperial,025,180216,65989,16060,82049,963
2022-10-18,Inyo,027,18085,4508,1020,5528,60
2022-10-18,Kern,029,883053,220404,64682,285086,2433
2022-10-18,Kings,031,150075,59699,4121,63820,466
2022-10-18,Lake,033,64148,12887,1190,14077,151
2022-10-18,Lassen,035,31185,9993,998,10991,64
2022-10-18,Los Angeles,037,10098052,3298868,183416,3482284,33759
2022-10-18,Madera,039,155013,44250,8288,52538,376
2022-10-18,Marin,041,260295,37204,5254,42458,258
2022-10-18,Mariposa,043,17540,3120,344,3464,30
2022-10-18,Mendocino,045,87422,16146,4523,20669,136
2022-10-18,Merced,047,269075,73796,12094,85890,871
2022-10-18,Modoc,049,8938,883,325,1208,11
2022-10-18,Mono,051,14174,3216,259,3475,7
2022-10-18,Monterey,053,433212,94514,21132,115646,772
2022-10-18,Napa,055,140530,32563,1403,33966,161
2022-10-18,Nevada,057,99092,19123,1872,20995,137
2022-10-18,Orange,059,3164182,673872,64550,738422,7593
2022-10-18,Placer,061,380077,76380,9742,86122,662
2022-10-18,Plumas,063,18699,3705,440,4145,13
2022-10-18,Riverside,065,2383286,698763,35506,734269,6658
2022-10-18,Sacramento,067,1510023,349522,35055,384577,3371
2022-10-18,San Benito,069,59416,16413,980,17393,104
2022-10-18,San Bernardino,071,2135413,674399,30920,705319,8105
2022-10-18,San Diego,073,3302833,928570,72259,1000829,5593
2022-10-18,San Francisco,075,870044,180906,12144,193050,1073
2022-10-18,San Joaquin,077,732212,198829,15035,213864,2347
2022-10-18,San Luis Obispo,079,281455,63606,7219,70825,529
2022-10-18,San Mateo,081,765935,170613,10429,181042,743
2022-10-18,Santa Barbara,083,443738,106360,6897,113257,732
2022-10-18,Santa Clara,085,1922200,440254,18998,459252,2564
2022-10-18,Santa Cruz,087,273765,63843,3505,67348,274
2022-10-18,Shasta,089,179085,35197,7557,42754,596
2022-10-18,Sierra,091,2930,308,60,368,5
2022-10-18,Siskiyou,093,43540,5175,3330,8505,94
2022-10-18,Solano,095,438530,106012,7961,113973,461
2022-10-18,Sonoma,097,501317,107685,5312,112997,530
2022-10-18,Stanislaus,099,539301,138493,21661,160154,1792
2022-10-18,Sutter,101,95872,24411,2462,26873,235
2022-10-18,Tehama,103,63373,13689,3094,16783,218
2022-10-18,Trinity,105,12862,1399,408,1807,21
2022-10-18,Tulare,107,460477,122455,36670,159125,1550
2022-10-18,Tuolumne,109,53932,15683,926,16609,201
2022-10-18,Ventura,111,848112,209833,15830,225663,1604
2022-10-18,Yolo,113,214977,47729,4380,52109,405
2022-10-18,Yuba,115,75493,18986,1734,20720,132
2022-10-17,Alameda,001,1643700,350754,19670,370424,2006
2022-10-17,Alpine,002,1148,136,1,137,0
2022-10-17,Amador,005,37829,10031,929,10960,93
2022-10-17,Butte,007,227075,39712,9191,48903,466
2022-10-17,Calaveras,009,45235,8552,567,9119,135
2022-10-17,Colusa,011,21464,3808,1287,5095,22
2022-10-17,Contra Costa,013,1133247,253417,20873,274290,1474
2022-10-17,Del Norte,015,27424,7476,399,7875,55
2022-10-17,El Dorado,017,186661,32484,4290,36774,234
2022-10-17,Fresno,019,978130,279731,31964,311695,2888
2022-10-17,Glenn,021,27897,5544,1869,7413,56
2022-10-17,Humboldt,023,135768,22061,5103,27164,162
2022-10-17,Imperial,025,180216,65971,16034,82005,962
2022-10-17,Inyo,027,18085,4508,1019,5527,60
2022-10-17,Kern,029,883053,220358,64645,285003,2433
2022-10-17,Kings,031,150075,59688,4120,63808,466
2022-10-17,Lake,033,64148,12884,1189,14073,150
2022-10-17,Lassen,035,31185,9991,998,10989,64
2022-10-17,Los Angeles,037,10098052,3297972,183267,3481239,33752
2022-10-17,Madera,039,155013,44245,8287,52532,376
2022-10-17,Marin,041,260295,37186,5251,42437,258
2022-10-17,Mariposa,043,17540,3118,344,3462,30
2022-10-17,Mendocino,045,87422,16140,4522,20662,136
2022-10-17,Merced,047,269075,73778,12093,85871,871
2022-10-17,Modoc,049,8938,883,325,1208,11
2022-10-17,Mono,051,14174,3216,259,3475,7
2022-10-17,Monterey,053,433212,94490,21126,115616,772
2022-10-17,Napa,055,140530,32554,1402,33956,161
2022-10-17,Nevada,057,99092,19118,1869,20987,137
2022-10-17,Orange,059,3164182,673697,64488,738185,7591
2022-10-17,Placer,061,380077,76349,9730,86079,662
2022-10-17,Plumas,063,18699,3700,438,4138,13
2022-10-17,Riverside,065,2383286,698603,35484,734087,6658
2022-10-17,Sacramento,067,1510023,349383,35042,384425,3370
2022-10-17,San Benito,069,59416,16401,979,17380,104
2022-10-17,San Bernardino,071,2135413,674258,30904,705162,8103
2022-10-17,San Diego,073,3302833,928268,72210,1000478,5593
2022-10-17,San Francisco,075,870044,180821,12142,192963,1073
2022-10-17,San Joaquin,077,732212,198782,15028,213810,2347
2022-10-17,San Luis Obispo,079,281455,63591,7218,70809,529
2022-10-17,San Mateo,081,765935,170549,10429,180978,743
2022-10-17,Santa Barbara,083,443738,106340,6894,113234,732
2022-10-17,Santa Clara,085,1922200,440032,18988,459020,2564
2022-10-17,Santa Cruz,087,273765,63794,3504,67298,274
2022-10-17,Shasta,089,179085,35175,7551,42726,596
2022-10-17,Sierra,091,2930,306,60,366,5
2022-10-17,Siskiyou,093,43540,5172,3327,8499,94
2022-10-17,Solano,095,438530,105974,7958,113932,461
2022-10-17,Sonoma,097,501317,107644,5308,112952,530
2022-10-17,Stanislaus,099,539301,138463,21653,160116,1792
2022-10-17,Sutter,101,95872,24410,2462,26872,235
2022-10-17,Tehama,103,63373,13685,3093,16778,218
2022-10-17,Trinity,105,12862,1399,408,1807,21
2022-10-17,Tulare,107,460477,122437,36657,159094,1550
2022-10-17,Tuolumne,109,53932,15676,925,16601,201
2022-10-17,Ventura,111,848112,209790,15824,225614,1602
2022-10-17,Yolo,113,214977,47706,4374,52080,405
2022-10-17,Yuba,115,75493,18980,1734,20714,132
2022-10-16,Alameda,001,1643700,350586,19653,370239,2006
2022-10-16,Alpine,002,1148,136,1,137,0
2022-10-16,Amador,005,37829,10029,929,10958,93
2022-10-16,Butte,007,227075,39692,9185,48877,466
2022-10-16,Calaveras,009,45235,8551,566,9117,135
2022-10-16,Colusa,011,21464,3807,1287,5094,22
2022-10-16,Contra Costa,013,1133247,253291,20871,274162,1473
2022-10-16,Del Norte,015,27424,7475,399,7874,55
2022-10-16,El Dorado,017,186661,32469,4286,36755,234
2022-10-16,Fresno,019,978130,279643,31946,311589,2888
2022-10-16,Glenn,021,27897,5543,1869,7412,56
2022-10-16,Humboldt,023,135768,22042,5089,27131,162
2022-10-16,Imperial,025,180216,65938,16018,81956,962
2022-10-16,Inyo,027,18085,4507,1016,5523,60
2022-10-16,Kern,029,883053,220309,64600,284909,2433
2022-10-16,Kings,031,150075,59677,4119,63796,466
2022-10-16,Lake,033,64148,12880,1189,14069,150
2022-10-16,Lassen,035,31185,9990,998,10988,64
2022-10-16,Los Angeles,037,10098052,3297051,183113,3480164,33748
2022-10-16,Madera,039,155013,44231,8285,52516,376
2022-10-16,Marin,041,260295,37164,5250,42414,258
2022-10-16,Mariposa,043,17540,3117,344,3461,30
2022-10-16,Mendocino,045,87422,16131,4520,20651,136
2022-10-16,Merced,047,269075,73758,12092,85850,871
2022-10-16,Modoc,049,8938,883,325,1208,11
2022-10-16,Mono,051,14174,3215,259,3474,7
2022-10-16,Monterey,053,433212,94462,21115,115577,772
2022-10-16,Napa,055,140530,32545,1402,33947,161
2022-10-16,Nevada,057,99092,19114,1867,20981,137
2022-10-16,Orange,059,3164182,673492,64438,737930,7587
2022-10-16,Placer,061,380077,76324,9725,86049,662
2022-10-16,Plumas,063,18699,3696,438,4134,13
2022-10-16,Riverside,065,2383286,698430,35456,733886,6658
2022-10-16,Sacramento,067,1510023,349200,35017,384217,3369
2022-10-16,San Benito,069,59416,16397,978,17375,104
2022-10-16,San Bernardino,071,2135413,674093,30899,704992,8102
2022-10-16,San Diego,073,3302833,927948,72160,1000108,5593
2022-10-16,San Francisco,075,870044,180710,12133,192843,1072
2022-10-16,San Joaquin,077,732212,198706,15021,213727,2347
2022-10-16,San Luis Obispo,079,281455,63566,7215,70781,529
2022-10-16,San Mateo,081,765935,170445,10428,180873,743
2022-10-16,Santa Barbara,083,443738,106311,6892,113203,732
2022-10-16,Santa Clara,085,1922200,439830,18978,458808,2564
2022-10-16,Santa Cruz,087,273765,63708,3500,67208,274
2022-10-16,Shasta,089,179085,35159,7542,42701,596
2022-10-16,Sierra,091,2930,306,60,366,5
2022-10-16,Siskiyou,093,43540,5169,3327,8496,94
2022-10-16,Solano,095,438530,105927,7957,113884,461
2022-10-16,Sonoma,097,501317,107592,5302,112894,530
2022-10-16,Stanislaus,099,539301,138433,21652,160085,1792
2022-10-16,Sutter,101,95872,24404,2458,26862,235
2022-10-16,Tehama,103,63373,13680,3092,16772,218
2022-10-16,Trinity,105,12862,1399,408,1807,21
2022-10-16,Tulare,107,460477,122411,36644,159055,1550
2022-10-16,Tuolumne,109,53932,15674,925,16599,201
2022-10-16,Ventura,111,848112,209720,15817,225537,1601
2022-10-16,Yolo,113,214977,47690,4363,52053,405
2022-10-16,Yuba,115,75493,18975,1734,20709,132
2022-10-15,Alameda,001,1643700,350482,19645,370127,2005
2022-10-15,Alpine,002,1148,136,1,137,0
2022-10-15,Amador,005,37829,10027,929,10956,93
2022-10-15,Butte,007,227075,39689,9181,48870,466
2022-10-15,Calaveras,009,45235,8548,566,9114,135
2022-10-15,Colusa,011,21464,3807,1287,5094,22
2022-10-15,Contra Costa,013,1133247,253219,20869,274088,1472
2022-10-15,Del Norte,015,27424,7475,399,7874,55
2022-10-15,El Dorado,017,186661,32459,4286,36745,234
2022-10-15,Fresno,019,978130,279616,31944,311560,2888
2022-10-15,Glenn,021,27897,5542,1869,7411,56
2022-10-15,Humboldt,023,135768,22034,5081,27115,162
2022-10-15,Imperial,025,180216,65931,16013,81944,962
2022-10-15,Inyo,027,18085,4507,1016,5523,60
2022-10-15,Kern,029,883053,220283,64565,284848,2433
2022-10-15,Kings,031,150075,59663,4119,63782,466
2022-10-15,Lake,033,64148,12880,1189,14069,150
2022-10-15,Lassen,035,31185,9989,998,10987,64
2022-10-15,Los Angeles,037,10098052,3296573,183026,3479599,33746
2022-10-15,Madera,039,155013,44228,8285,52513,376
2022-10-15,Marin,041,260295,37147,5248,42395,258
2022-10-15,Mariposa,043,17540,3117,344,3461,30
2022-10-15,Mendocino,045,87422,16124,4520,20644,136
2022-10-15,Merced,047,269075,73745,12091,85836,871
2022-10-15,Modoc,049,8938,883,324,1207,11
2022-10-15,Mono,051,14174,3214,259,3473,7
2022-10-15,Monterey,053,433212,94444,21105,115549,771
2022-10-15,Napa,055,140530,32542,1402,33944,161
2022-10-15,Nevada,057,99092,19110,1865,20975,137
2022-10-15,Orange,059,3164182,673380,64404,737784,7584
2022-10-15,Placer,061,380077,76310,9724,86034,662
2022-10-15,Plumas,063,18699,3695,438,4133,13
2022-10-15,Riverside,065,2383286,698341,35440,733781,6658
2022-10-15,Sacramento,067,1510023,349113,35011,384124,3369
2022-10-15,San Benito,069,59416,16393,977,17370,104
2022-10-15,San Bernardino,071,2135413,674025,30893,704918,8102
2022-10-15,San Diego,073,3302833,927831,72147,999978,5593
2022-10-15,San Francisco,075,870044,180658,12132,192790,1071
2022-10-15,San Joaquin,077,732212,198669,15019,213688,2347
2022-10-15,San Luis Obispo,079,281455,63558,7212,70770,528
2022-10-15,San Mateo,081,765935,170388,10427,180815,743
2022-10-15,Santa Barbara,083,443738,106285,6890,113175,732
2022-10-15,Santa Clara,085,1922200,439720,18974,458694,2563
2022-10-15,Santa Cruz,087,273765,63681,3495,67176,273
2022-10-15,Shasta,089,179085,35152,7540,42692,596
2022-10-15,Sierra,091,2930,306,60,366,5
2022-10-15,Siskiyou,093,43540,5168,3325,8493,93
2022-10-15,Solano,095,438530,105910,7951,113861,461
2022-10-15,Sonoma,097,501317,107565,5302,112867,530
2022-10-15,Stanislaus,099,539301,138415,21651,160066,1792
2022-10-15,Sutter,101,95872,24401,2458,26859,235
2022-10-15,Tehama,103,63373,13678,3092,16770,218
2022-10-15,Trinity,105,12862,1399,408,1807,21
2022-10-15,Tulare,107,460477,122399,36632,159031,1550
2022-10-15,Tuolumne,109,53932,15668,925,16593,201
2022-10-15,Ventura,111,848112,209689,15811,225500,1601
2022-10-15,Yolo,113,214977,47681,4361,52042,405
2022-10-15,Yuba,115,75493,18973,1733,20706,132
2022-10-14,Alameda,001,1643700,350401,19636,370037,2005
2022-10-14,Alpine,002,1148,136,1,137,0
2022-10-14,Amador,005,37829,10027,929,10956,93
2022-10-14,Butte,007,227075,39681,9177,48858,466
2022-10-14,Calaveras,009,45235,8544,566,9110,135
2022-10-14,Colusa,011,21464,3806,1287,5093,22
2022-10-14,Contra Costa,013,1133247,253157,20866,274023,1472
2022-10-14,Del Norte,015,27424,7475,399,7874,55
2022-10-14,El Dorado,017,186661,32452,4284,36736,234
2022-10-14,Fresno,019,978130,279582,31940,311522,2888
2022-10-14,Glenn,021,27897,5541,1867,7408,56
2022-10-14,Humboldt,023,135768,22032,5077,27109,162
2022-10-14,Imperial,025,180216,65920,16007,81927,962
2022-10-14,Inyo,027,18085,4507,1014,5521,60
2022-10-14,Kern,029,883053,220263,64541,284804,2433
2022-10-14,Kings,031,150075,59656,4119,63775,465
2022-10-14,Lake,033,64148,12878,1189,14067,150
2022-10-14,Lassen,035,31185,9989,998,10987,64
2022-10-14,Los Angeles,037,10098052,3296069,182930,3478999,33741
2022-10-14,Madera,039,155013,44223,8279,52502,376
2022-10-14,Marin,041,260295,37136,5247,42383,258
2022-10-14,Mariposa,043,17540,3117,344,3461,30
2022-10-14,Mendocino,045,87422,16118,4519,20637,136
2022-10-14,Merced,047,269075,73732,12090,85822,871
2022-10-14,Modoc,049,8938,883,324,1207,11
2022-10-14,Mono,051,14174,3214,259,3473,7
2022-10-14,Monterey,053,433212,94424,21101,115525,771
2022-10-14,Napa,055,140530,32534,1402,33936,161
2022-10-14,Nevada,057,99092,19103,1863,20966,137
2022-10-14,Orange,059,3164182,673269,64374,737643,7579
2022-10-14,Placer,061,380077,76293,9720,86013,662
2022-10-14,Plumas,063,18699,3694,438,4132,13
2022-10-14,Riverside,065,2383286,698245,35431,733676,6656
2022-10-14,Sacramento,067,1510023,349037,35008,384045,3369
2022-10-14,San Benito,069,59416,16389,977,17366,104
2022-10-14,San Bernardino,071,2135413,673942,30886,704828,8102
2022-10-14,San Diego,073,3302833,927619,72125,999744,5593
2022-10-14,San Francisco,075,870044,180609,12128,192737,1071
2022-10-14,San Joaquin,077,732212,198636,15015,213651,2346
2022-10-14,San Luis Obispo,079,281455,63548,7210,70758,528
2022-10-14,San Mateo,081,765935,170338,10427,180765,743
2022-10-14,Santa Barbara,083,443738,106270,6890,113160,732
2022-10-14,Santa Clara,085,1922200,439583,18966,458549,2563
2022-10-14,Santa Cruz,087,273765,63649,3494,67143,273
2022-10-14,Shasta,089,179085,35147,7540,42687,596
2022-10-14,Sierra,091,2930,306,60,366,5
2022-10-14,Siskiyou,093,43540,5167,3325,8492,93
2022-10-14,Solano,095,438530,105878,7948,113826,461
2022-10-14,Sonoma,097,501317,107545,5301,112846,530
2022-10-14,Stanislaus,099,539301,138392,21646,160038,1792
2022-10-14,Sutter,101,95872,24394,2458,26852,235
2022-10-14,Tehama,103,63373,13674,3091,16765,218
2022-10-14,Trinity,105,12862,1399,408,1807,21
2022-10-14,Tulare,107,460477,122382,36627,159009,1550
2022-10-14,Tuolumne,109,53932,15664,925,16589,201
2022-10-14,Ventura,111,848112,209639,15810,225449,1600
2022-10-14,Yolo,113,214977,47672,4356,52028,405
2022-10-14,Yuba,115,75493,18967,1733,20700,132
2022-10-13,Alameda,001,1643700,350257,19626,369883,2004
2022-10-13,Alpine,002,1148,136,1,137,0
2022-10-13,Amador,005,37829,10025,929,10954,93
2022-10-13,Butte,007,227075,39671,9172,48843,466
2022-10-13,Calaveras,009,45235,8542,566,9108,135
2022-10-13,Colusa,011,21464,3806,1287,5093,22
2022-10-13,Contra Costa,013,1133247,253072,20857,273929,1472
2022-10-13,Del Norte,015,27424,7473,399,7872,55
2022-10-13,El Dorado,017,186661,32439,4281,36720,234
2022-10-13,Fresno,019,978130,279539,31932,311471,2888
2022-10-13,Glenn,021,27897,5541,1867,7408,56
2022-10-13,Humboldt,023,135768,22021,5070,27091,162
2022-10-13,Imperial,025,180216,65906,15995,81901,962
2022-10-13,Inyo,027,18085,4506,1014,5520,60
2022-10-13,Kern,029,883053,220230,64504,284734,2433
2022-10-13,Kings,031,150075,59646,4119,63765,465
2022-10-13,Lake,033,64148,12875,1188,14063,150
2022-10-13,Lassen,035,31185,9988,998,10986,64
2022-10-13,Los Angeles,037,10098052,3295335,182800,3478135,33732
2022-10-13,Madera,039,155013,44215,8276,52491,376
2022-10-13,Marin,041,260295,37107,5243,42350,258
2022-10-13,Mariposa,043,17540,3116,344,3460,30
2022-10-13,Mendocino,045,87422,16112,4519,20631,136
2022-10-13,Merced,047,269075,73716,12086,85802,871
2022-10-13,Modoc,049,8938,883,324,1207,11
2022-10-13,Mono,051,14174,3213,258,3471,7
2022-10-13,Monterey,053,433212,94410,21090,115500,771
2022-10-13,Napa,055,140530,32520,1400,33920,161
2022-10-13,Nevada,057,99092,19092,1861,20953,137
2022-10-13,Orange,059,3164182,673112,64327,737439,7577
2022-10-13,Placer,061,380077,76276,9716,85992,662
2022-10-13,Plumas,063,18699,3692,438,4130,13
2022-10-13,Riverside,065,2383286,698119,35417,733536,6656
2022-10-13,Sacramento,067,1510023,348907,34993,383900,3366
2022-10-13,San Benito,069,59416,16388,977,17365,104
2022-10-13,San Bernardino,071,2135413,673843,30880,704723,8102
2022-10-13,San Diego,073,3302833,927414,72101,999515,5590
2022-10-13,San Francisco,075,870044,180517,12125,192642,1071
2022-10-13,San Joaquin,077,732212,198593,15008,213601,2346
2022-10-13,San Luis Obispo,079,281455,63540,7200,70740,528
2022-10-13,San Mateo,081,765935,170244,10427,180671,743
2022-10-13,Santa Barbara,083,443738,106248,6886,113134,732
2022-10-13,Santa Clara,085,1922200,439436,18964,458400,2561
2022-10-13,Santa Cruz,087,273765,63624,3492,67116,273
2022-10-13,Shasta,089,179085,35135,7535,42670,596
2022-10-13,Sierra,091,2930,306,60,366,5
2022-10-13,Siskiyou,093,43540,5164,3322,8486,93
2022-10-13,Solano,095,438530,105840,7942,113782,461
2022-10-13,Sonoma,097,501317,107508,5301,112809,530
2022-10-13,Stanislaus,099,539301,138361,21646,160007,1792
2022-10-13,Sutter,101,95872,24389,2458,26847,235
2022-10-13,Tehama,103,63373,13671,3090,16761,218
2022-10-13,Trinity,105,12862,1399,407,1806,21
2022-10-13,Tulare,107,460477,122367,36614,158981,1550
2022-10-13,Tuolumne,109,53932,15657,925,16582,201
2022-10-13,Ventura,111,848112,209591,15804,225395,1600
2022-10-13,Yolo,113,214977,47654,4350,52004,404
2022-10-13,Yuba,115,75493,18961,1733,20694,132
2022-10-12,Alameda,001,1643700,350130,19611,369741,2003
2022-10-12,Alpine,002,1148,135,1,136,0
2022-10-12,Amador,005,37829,10023,929,10952,93
2022-10-12,Butte,007,227075,39662,9171,48833,466
2022-10-12,Calaveras,009,45235,8537,566,9103,135
2022-10-12,Colusa,011,21464,3806,1287,5093,22
2022-10-12,Contra Costa,013,1133247,252977,20847,273824,1471
2022-10-12,Del Norte,015,27424,7473,399,7872,55
2022-10-12,El Dorado,017,186661,32429,4280,36709,234
2022-10-12,Fresno,019,978130,279494,31923,311417,2888
2022-10-12,Glenn,021,27897,5540,1867,7407,56
2022-10-12,Humboldt,023,135768,22016,5066,27082,162
2022-10-12,Imperial,025,180216,65885,15986,81871,962
2022-10-12,Inyo,027,18085,4505,1013,5518,60
2022-10-12,Kern,029,883053,220190,64470,284660,2433
2022-10-12,Kings,031,150075,59641,4116,63757,465
2022-10-12,Lake,033,64148,12867,1188,14055,150
2022-10-12,Lassen,035,31185,9985,998,10983,64
2022-10-12,Los Angeles,037,10098052,3294584,182658,3477242,33722
2022-10-12,Madera,039,155013,44205,8274,52479,376
2022-10-12,Marin,041,260295,37089,5240,42329,258
2022-10-12,Mariposa,043,17540,3115,344,3459,30
2022-10-12,Mendocino,045,87422,16110,4517,20627,136
2022-10-12,Merced,047,269075,73693,12082,85775,871
2022-10-12,Modoc,049,8938,883,324,1207,11
2022-10-12,Mono,051,14174,3212,257,3469,7
2022-10-12,Monterey,053,433212,94392,21080,115472,771
2022-10-12,Napa,055,140530,32509,1400,33909,161
2022-10-12,Nevada,057,99092,19084,1860,20944,137
2022-10-12,Orange,059,3164182,672939,64307,737246,7576
2022-10-12,Placer,061,380077,76256,9712,85968,662
2022-10-12,Plumas,063,18699,3690,437,4127,13
2022-10-12,Riverside,065,2383286,697994,35396,733390,6656
2022-10-12,Sacramento,067,1510023,348799,34973,383772,3364
2022-10-12,San Benito,069,59416,16383,975,17358,104
2022-10-12,San Bernardino,071,2135413,673713,30870,704583,8102
2022-10-12,San Diego,073,3302833,927160,72066,999226,5590
2022-10-12,San Francisco,075,870044,180437,12124,192561,1071
2022-10-12,San Joaquin,077,732212,198536,15003,213539,2345
2022-10-12,San Luis Obispo,079,281455,63527,7196,70723,528
2022-10-12,San Mateo,081,765935,170163,10425,180588,743
2022-10-12,Santa Barbara,083,443738,106232,6885,113117,732
2022-10-12,Santa Clara,085,1922200,439249,18958,458207,2559
2022-10-12,Santa Cruz,087,273765,63587,3492,67079,273
2022-10-12,Shasta,089,179085,35121,7528,42649,596
2022-10-12,Sierra,091,2930,306,60,366,5
2022-10-12,Siskiyou,093,43540,5164,3319,8483,93
2022-10-12,Solano,095,438530,105797,7939,113736,461
2022-10-12,Sonoma,097,501317,107477,5300,112777,529
2022-10-12,Stanislaus,099,539301,138315,21641,159956,1792
2022-10-12,Sutter,101,95872,24383,2458,26841,235
2022-10-12,Tehama,103,63373,13669,3089,16758,218
2022-10-12,Trinity,105,12862,1399,405,1804,21
2022-10-12,Tulare,107,460477,122343,36593,158936,1550
2022-10-12,Tuolumne,109,53932,15653,925,16578,201
2022-10-12,Ventura,111,848112,209539,15802,225341,1600
2022-10-12,Yolo,113,214977,47634,4346,51980,404
2022-10-12,Yuba,115,75493,18954,1731,20685,132
2022-10-11,Alameda,001,1643700,349962,19604,369566,2003
2022-10-11,Alpine,002,1148,135,1,136,0
2022-10-11,Amador,005,37829,10019,929,10948,93
2022-10-11,Butte,007,227075,39647,9171,48818,466
2022-10-11,Calaveras,009,45235,8533,565,9098,135
2022-10-11,Colusa,011,21464,3805,1287,5092,22
2022-10-11,Contra Costa,013,1133247,252862,20842,273704,1470
2022-10-11,Del Norte,015,27424,7468,399,7867,55
2022-10-11,El Dorado,017,186661,32410,4280,36690,234
2022-10-11,Fresno,019,978130,279439,31910,311349,2887
2022-10-11,Glenn,021,27897,5539,1866,7405,56
2022-10-11,Humboldt,023,135768,22010,5056,27066,162
2022-10-11,Imperial,025,180216,65872,15968,81840,962
2022-10-11,Inyo,027,18085,4503,1012,5515,60
2022-10-11,Kern,029,883053,220163,64445,284608,2433
2022-10-11,Kings,031,150075,59627,4111,63738,465
2022-10-11,Lake,033,64148,12863,1186,14049,150
2022-10-11,Lassen,035,31185,9984,998,10982,64
2022-10-11,Los Angeles,037,10098052,3293760,182532,3476292,33717
2022-10-11,Madera,039,155013,44198,8273,52471,376
2022-10-11,Marin,041,260295,37072,5236,42308,258
2022-10-11,Mariposa,043,17540,3114,344,3458,30
2022-10-11,Mendocino,045,87422,16105,4515,20620,136
2022-10-11,Merced,047,269075,73667,12081,85748,871
2022-10-11,Modoc,049,8938,882,324,1206,11
2022-10-11,Mono,051,14174,3212,256,3468,7
2022-10-11,Monterey,053,433212,94382,21072,115454,771
2022-10-11,Napa,055,140530,32505,1399,33904,161
2022-10-11,Nevada,057,99092,19073,1858,20931,137
2022-10-11,Orange,059,3164182,672756,64297,737053,7571
2022-10-11,Placer,061,380077,76226,9710,85936,662
2022-10-11,Plumas,063,18699,3690,436,4126,13
2022-10-11,Riverside,065,2383286,697860,35386,733246,6656
2022-10-11,Sacramento,067,1510023,348636,34953,383589,3363
2022-10-11,San Benito,069,59416,16377,974,17351,104
2022-10-11,San Bernardino,071,2135413,673577,30861,704438,8102
2022-10-11,San Diego,073,3302833,926881,72029,998910,5587
2022-10-11,San Francisco,075,870044,180343,12123,192466,1070
2022-10-11,San Joaquin,077,732212,198490,14998,213488,2345
2022-10-11,San Luis Obispo,079,281455,63505,7184,70689,528
2022-10-11,San Mateo,081,765935,170085,10423,180508,743
2022-10-11,Santa Barbara,083,443738,106203,6883,113086,732
2022-10-11,Santa Clara,085,1922200,439073,18950,458023,2559
2022-10-11,Santa Cruz,087,273765,63545,3490,67035,273
2022-10-11,Shasta,089,179085,35109,7518,42627,596
2022-10-11,Sierra,091,2930,306,60,366,5
2022-10-11,Siskiyou,093,43540,5163,3317,8480,93
2022-10-11,Solano,095,438530,105755,7937,113692,461
2022-10-11,Sonoma,097,501317,107434,5296,112730,529
2022-10-11,Stanislaus,099,539301,138283,21637,159920,1791
2022-10-11,Sutter,101,95872,24379,2458,26837,235
2022-10-11,Tehama,103,63373,13668,3086,16754,218
2022-10-11,Trinity,105,12862,1399,404,1803,21
2022-10-11,Tulare,107,460477,122318,36581,158899,1549
2022-10-11,Tuolumne,109,53932,15647,925,16572,201
2022-10-11,Ventura,111,848112,209486,15797,225283,1599
2022-10-11,Yolo,113,214977,47627,4340,51967,404
2022-10-11,Yuba,115,75493,18942,1731,20673,132
2022-10-10,Alameda,001,1643700,349809,19595,369404,2003
2022-10-10,Alpine,002,1148,135,1,136,0
2022-10-10,Amador,005,37829,10016,929,10945,93
2022-10-10,Butte,007,227075,39636,9169,48805,466
2022-10-10,Calaveras,009,45235,8533,564,9097,135
2022-10-10,Colusa,011,21464,3804,1287,5091,22
2022-10-10,Contra Costa,013,1133247,252742,20828,273570,1470
2022-10-10,Del Norte,015,27424,7465,398,7863,55
2022-10-10,El Dorado,017,186661,32395,4278,36673,234
2022-10-10,Fresno,019,978130,279381,31899,311280,2886
2022-10-10,Glenn,021,27897,5538,1866,7404,56
2022-10-10,Humboldt,023,135768,21991,5052,27043,162
2022-10-10,Imperial,025,180216,65854,15951,81805,962
2022-10-10,Inyo,027,18085,4502,1010,5512,60
2022-10-10,Kern,029,883053,220120,64407,284527,2433
2022-10-10,Kings,031,150075,59618,4109,63727,465
2022-10-10,Lake,033,64148,12859,1186,14045,150
2022-10-10,Lassen,035,31185,9984,997,10981,64
2022-10-10,Los Angeles,037,10098052,3292884,182382,3475266,33710
2022-10-10,Madera,039,155013,44186,8269,52455,376
2022-10-10,Marin,041,260295,37054,5232,42286,258
2022-10-10,Mariposa,043,17540,3112,344,3456,30
2022-10-10,Mendocino,045,87422,16092,4512,20604,136
2022-10-10,Merced,047,269075,73649,12075,85724,871
2022-10-10,Modoc,049,8938,882,324,1206,11
2022-10-10,Mono,051,14174,3210,256,3466,7
2022-10-10,Monterey,053,433212,94365,21069,115434,771
2022-10-10,Napa,055,140530,32494,1399,33893,161
2022-10-10,Nevada,057,99092,19069,1857,20926,137
2022-10-10,Orange,059,3164182,672561,64248,736809,7570
2022-10-10,Placer,061,380077,76200,9705,85905,662
2022-10-10,Plumas,063,18699,3689,435,4124,13
2022-10-10,Riverside,065,2383286,697705,35374,733079,6656
2022-10-10,Sacramento,067,1510023,348512,34916,383428,3359
2022-10-10,San Benito,069,59416,16373,974,17347,103
2022-10-10,San Bernardino,071,2135413,673423,30851,704274,8102
2022-10-10,San Diego,073,3302833,926619,71989,998608,5585
2022-10-10,San Francisco,075,870044,180253,12119,192372,1070
2022-10-10,San Joaquin,077,732212,198430,14994,213424,2345
2022-10-10,San Luis Obispo,079,281455,63482,7179,70661,528
2022-10-10,San Mateo,081,765935,169998,10420,180418,743
2022-10-10,Santa Barbara,083,443738,106158,6882,113040,732
2022-10-10,Santa Clara,085,1922200,438862,18937,457799,2559
2022-10-10,Santa Cruz,087,273765,63510,3489,66999,273
2022-10-10,Shasta,089,179085,35093,7512,42605,596
2022-10-10,Sierra,091,2930,306,60,366,5
2022-10-10,Siskiyou,093,43540,5160,3316,8476,93
2022-10-10,Solano,095,438530,105708,7932,113640,460
2022-10-10,Sonoma,097,501317,107398,5292,112690,529
2022-10-10,Stanislaus,099,539301,138241,21633,159874,1791
2022-10-10,Sutter,101,95872,24370,2458,26828,235
2022-10-10,Tehama,103,63373,13664,3086,16750,218
2022-10-10,Trinity,105,12862,1399,400,1799,21
2022-10-10,Tulare,107,460477,122300,36563,158863,1549
2022-10-10,Tuolumne,109,53932,15641,925,16566,201
2022-10-10,Ventura,111,848112,209414,15790,225204,1599
2022-10-10,Yolo,113,214977,47604,4339,51943,403
2022-10-10,Yuba,115,75493,18936,1731,20667,132
2022-10-09,Alameda,001,1643700,349650,19577,369227,2003
2022-10-09,Alpine,002,1148,135,1,136,0
2022-10-09,Amador,005,37829,10014,929,10943,93
2022-10-09,Butte,007,227075,39628,9168,48796,465
2022-10-09,Calaveras,009,45235,8530,564,9094,135
2022-10-09,Colusa,011,21464,3804,1287,5091,22
2022-10-09,Contra Costa,013,1133247,252630,20815,273445,1468
2022-10-09,Del Norte,015,27424,7464,398,7862,55
2022-10-09,El Dorado,017,186661,32383,4278,36661,234
2022-10-09,Fresno,019,978130,279291,31888,311179,2886
2022-10-09,Glenn,021,27897,5535,1865,7400,56
2022-10-09,Humboldt,023,135768,21978,5046,27024,162
2022-10-09,Imperial,025,180216,65822,15931,81753,962
2022-10-09,Inyo,027,18085,4502,1008,5510,60
2022-10-09,Kern,029,883053,220083,64343,284426,2433
2022-10-09,Kings,031,150075,59601,4108,63709,465
2022-10-09,Lake,033,64148,12852,1186,14038,150
2022-10-09,Lassen,035,31185,9984,997,10981,64
2022-10-09,Los Angeles,037,10098052,3291896,182217,3474113,33702
2022-10-09,Madera,039,155013,44176,8267,52443,376
2022-10-09,Marin,041,260295,37021,5226,42247,258
2022-10-09,Mariposa,043,17540,3110,344,3454,30
2022-10-09,Mendocino,045,87422,16086,4512,20598,136
2022-10-09,Merced,047,269075,73631,12070,85701,871
2022-10-09,Modoc,049,8938,882,324,1206,11
2022-10-09,Mono,051,14174,3210,256,3466,7
2022-10-09,Monterey,053,433212,94349,21059,115408,771
2022-10-09,Napa,055,140530,32480,1398,33878,161
2022-10-09,Nevada,057,99092,19062,1855,20917,137
2022-10-09,Orange,059,3164182,672333,64178,736511,7568
2022-10-09,Placer,061,380077,76182,9702,85884,662
2022-10-09,Plumas,063,18699,3687,435,4122,13
2022-10-09,Riverside,065,2383286,697507,35363,732870,6656
2022-10-09,Sacramento,067,1510023,348350,34896,383246,3359
2022-10-09,San Benito,069,59416,16371,974,17345,103
2022-10-09,San Bernardino,071,2135413,673267,30842,704109,8102
2022-10-09,San Diego,073,3302833,926338,71955,998293,5583
2022-10-09,San Francisco,075,870044,180156,12116,192272,1070
2022-10-09,San Joaquin,077,732212,198351,14989,213340,2345
2022-10-09,San Luis Obispo,079,281455,63475,7172,70647,528
2022-10-09,San Mateo,081,765935,169886,10417,180303,743
2022-10-09,Santa Barbara,083,443738,106124,6878,113002,732
2022-10-09,Santa Clara,085,1922200,438645,18925,457570,2559
2022-10-09,Santa Cruz,087,273765,63445,3487,66932,273
2022-10-09,Shasta,089,179085,35069,7505,42574,596
2022-10-09,Sierra,091,2930,306,60,366,5
2022-10-09,Siskiyou,093,43540,5160,3315,8475,93
2022-10-09,Solano,095,438530,105653,7930,113583,460
2022-10-09,Sonoma,097,501317,107352,5291,112643,529
2022-10-09,Stanislaus,099,539301,138215,21625,159840,1789
2022-10-09,Sutter,101,95872,24359,2457,26816,235
2022-10-09,Tehama,103,63373,13662,3086,16748,218
2022-10-09,Trinity,105,12862,1399,400,1799,21
2022-10-09,Tulare,107,460477,122277,36543,158820,1549
2022-10-09,Tuolumne,109,53932,15634,925,16559,201
2022-10-09,Ventura,111,848112,209365,15785,225150,1598
2022-10-09,Yolo,113,214977,47581,4336,51917,403
2022-10-09,Yuba,115,75493,18933,1731,20664,132
2022-10-08,Alameda,001,1643700,349561,19570,369131,2002
2022-10-08,Alpine,002,1148,135,1,136,0
2022-10-08,Amador,005,37829,10013,928,10941,93
2022-10-08,Butte,007,227075,39623,9162,48785,465
2022-10-08,Calaveras,009,45235,8528,564,9092,135
2022-10-08,Colusa,011,21464,3804,1287,5091,22
2022-10-08,Contra Costa,013,1133247,252550,20812,273362,1468
2022-10-08,Del Norte,015,27424,7464,398,7862,55
2022-10-08,El Dorado,017,186661,32374,4277,36651,234
2022-10-08,Fresno,019,978130,279261,31885,311146,2886
2022-10-08,Glenn,021,27897,5534,1865,7399,56
2022-10-08,Humboldt,023,135768,21967,5040,27007,162
2022-10-08,Imperial,025,180216,65797,15925,81722,962
2022-10-08,Inyo,027,18085,4502,1006,5508,60
2022-10-08,Kern,029,883053,220048,64322,284370,2432
2022-10-08,Kings,031,150075,59597,4108,63705,464
2022-10-08,Lake,033,64148,12849,1186,14035,150
2022-10-08,Lassen,035,31185,9984,997,10981,64
2022-10-08,Los Angeles,037,10098052,3291335,182128,3473463,33696
2022-10-08,Madera,039,155013,44171,8267,52438,376
2022-10-08,Marin,041,260295,37001,5220,42221,258
2022-10-08,Mariposa,043,17540,3110,344,3454,30
2022-10-08,Mendocino,045,87422,16085,4509,20594,136
2022-10-08,Merced,047,269075,73621,12069,85690,871
2022-10-08,Modoc,049,8938,880,324,1204,11
2022-10-08,Mono,051,14174,3210,256,3466,7
2022-10-08,Monterey,053,433212,94339,21057,115396,771
2022-10-08,Napa,055,140530,32473,1398,33871,161
2022-10-08,Nevada,057,99092,19060,1854,20914,137
2022-10-08,Orange,059,3164182,672215,64135,736350,7568
2022-10-08,Placer,061,380077,76153,9699,85852,662
2022-10-08,Plumas,063,18699,3686,435,4121,13
2022-10-08,Riverside,065,2383286,697408,35351,732759,6655
2022-10-08,Sacramento,067,1510023,348290,34893,383183,3357
2022-10-08,San Benito,069,59416,16368,974,17342,103
2022-10-08,San Bernardino,071,2135413,673188,30836,704024,8102
2022-10-08,San Diego,073,3302833,926205,71940,998145,5582
2022-10-08,San Francisco,075,870044,180107,12112,192219,1070
2022-10-08,San Joaquin,077,732212,198316,14984,213300,2345
2022-10-08,San Luis Obispo,079,281455,63469,7171,70640,528
2022-10-08,San Mateo,081,765935,169835,10414,180249,743
2022-10-08,Santa Barbara,083,443738,106100,6876,112976,732
2022-10-08,Santa Clara,085,1922200,438522,18921,457443,2559
2022-10-08,Santa Cruz,087,273765,63423,3487,66910,273
2022-10-08,Shasta,089,179085,35063,7500,42563,596
2022-10-08,Sierra,091,2930,306,60,366,5
2022-10-08,Siskiyou,093,43540,5160,3314,8474,93
2022-10-08,Solano,095,438530,105632,7924,113556,460
2022-10-08,Sonoma,097,501317,107321,5291,112612,529
2022-10-08,Stanislaus,099,539301,138198,21622,159820,1787
2022-10-08,Sutter,101,95872,24356,2457,26813,234
2022-10-08,Tehama,103,63373,13661,3085,16746,218
2022-10-08,Trinity,105,12862,1399,400,1799,21
2022-10-08,Tulare,107,460477,122253,36537,158790,1548
2022-10-08,Tuolumne,109,53932,15629,925,16554,200
2022-10-08,Ventura,111,848112,209331,15781,225112,1598
2022-10-08,Yolo,113,214977,47571,4335,51906,403
2022-10-08,Yuba,115,75493,18930,1731,20661,132
2022-10-07,Alameda,001,1643700,349444,19568,369012,2002
2022-10-07,Alpine,002,1148,135,1,136,0
2022-10-07,Amador,005,37829,10011,928,10939,93
2022-10-07,Butte,007,227075,39622,9160,48782,465
2022-10-07,Calaveras,009,45235,8527,564,9091,135
2022-10-07,Colusa,011,21464,3804,1286,5090,22
2022-10-07,Contra Costa,013,1133247,252468,20811,273279,1467
2022-10-07,Del Norte,015,27424,7464,397,7861,55
2022-10-07,El Dorado,017,186661,32365,4275,36640,234
2022-10-07,Fresno,019,978130,279231,31882,311113,2886
2022-10-07,Glenn,021,27897,5533,1864,7397,56
2022-10-07,Humboldt,023,135768,21960,5033,26993,162
2022-10-07,Imperial,025,180216,65785,15920,81705,962
2022-10-07,Inyo,027,18085,4500,1004,5504,60
2022-10-07,Kern,029,883053,220017,64295,284312,2431
2022-10-07,Kings,031,150075,59589,4108,63697,464
2022-10-07,Lake,033,64148,12845,1186,14031,150
2022-10-07,Lassen,035,31185,9984,997,10981,64
2022-10-07,Los Angeles,037,10098052,3290725,182025,3472750,33686
2022-10-07,Madera,039,155013,44167,8265,52432,376
2022-10-07,Marin,041,260295,36982,5218,42200,258
2022-10-07,Mariposa,043,17540,3107,344,3451,30
2022-10-07,Mendocino,045,87422,16081,4508,20589,136
2022-10-07,Merced,047,269075,73614,12067,85681,871
2022-10-07,Modoc,049,8938,880,324,1204,11
2022-10-07,Mono,051,14174,3209,256,3465,7
2022-10-07,Monterey,053,433212,94324,21053,115377,771
2022-10-07,Napa,055,140530,32465,1398,33863,161
2022-10-07,Nevada,057,99092,19058,1850,20908,137
2022-10-07,Orange,059,3164182,672092,64101,736193,7567
2022-10-07,Placer,061,380077,76134,9695,85829,662
2022-10-07,Plumas,063,18699,3683,435,4118,13
2022-10-07,Riverside,065,2383286,697316,35339,732655,6655
2022-10-07,Sacramento,067,1510023,348199,34887,383086,3355
2022-10-07,San Benito,069,59416,16366,974,17340,103
2022-10-07,San Bernardino,071,2135413,673102,30832,703934,8102
2022-10-07,San Diego,073,3302833,926034,71922,997956,5582
2022-10-07,San Francisco,075,870044,180043,12108,192151,1070
2022-10-07,San Joaquin,077,732212,198280,14983,213263,2344
2022-10-07,San Luis Obispo,079,281455,63457,7170,70627,528
2022-10-07,San Mateo,081,765935,169764,10414,180178,743
2022-10-07,Santa Barbara,083,443738,106075,6875,112950,732
2022-10-07,Santa Clara,085,1922200,438388,18916,457304,2557
2022-10-07,Santa Cruz,087,273765,63391,3486,66877,273
2022-10-07,Shasta,089,179085,35057,7497,42554,596
2022-10-07,Sierra,091,2930,306,60,366,5
2022-10-07,Siskiyou,093,43540,5159,3313,8472,93
2022-10-07,Solano,095,438530,105603,7920,113523,460
2022-10-07,Sonoma,097,501317,107294,5290,112584,529
2022-10-07,Stanislaus,099,539301,138180,21621,159801,1787
2022-10-07,Sutter,101,95872,24349,2457,26806,234
2022-10-07,Tehama,103,63373,13661,3083,16744,218
2022-10-07,Trinity,105,12862,1398,400,1798,21
2022-10-07,Tulare,107,460477,122236,36524,158760,1548
2022-10-07,Tuolumne,109,53932,15625,925,16550,200
2022-10-07,Ventura,111,848112,209288,15777,225065,1597
2022-10-07,Yolo,113,214977,47564,4331,51895,403
2022-10-07,Yuba,115,75493,18930,1731,20661,132
2022-10-06,Alameda,001,1643700,349306,19557,368863,2001
2022-10-06,Alpine,002,1148,135,1,136,0
2022-10-06,Amador,005,37829,10009,928,10937,93
2022-10-06,Butte,007,227075,39613,9155,48768,465
2022-10-06,Calaveras,009,45235,8525,563,9088,135
2022-10-06,Colusa,011,21464,3804,1286,5090,22
2022-10-06,Contra Costa,013,1133247,252375,20807,273182,1466
2022-10-06,Del Norte,015,27424,7462,397,7859,55
2022-10-06,El Dorado,017,186661,32355,4273,36628,234
2022-10-06,Fresno,019,978130,279181,31876,311057,2884
2022-10-06,Glenn,021,27897,5532,1863,7395,56
2022-10-06,Humboldt,023,135768,21948,5025,26973,162
2022-10-06,Imperial,025,180216,65761,15912,81673,962
2022-10-06,Inyo,027,18085,4500,1003,5503,60
2022-10-06,Kern,029,883053,219985,64269,284254,2431
2022-10-06,Kings,031,150075,59575,4106,63681,464
2022-10-06,Lake,033,64148,12844,1186,14030,150
2022-10-06,Lassen,035,31185,9984,997,10981,64
2022-10-06,Los Angeles,037,10098052,3289879,181878,3471757,33677
2022-10-06,Madera,039,155013,44158,8265,52423,376
2022-10-06,Marin,041,260295,36964,5216,42180,258
2022-10-06,Mariposa,043,17540,3107,344,3451,30
2022-10-06,Mendocino,045,87422,16079,4507,20586,136
2022-10-06,Merced,047,269075,73602,12066,85668,871
2022-10-06,Modoc,049,8938,879,324,1203,11
2022-10-06,Mono,051,14174,3209,256,3465,7
2022-10-06,Monterey,053,433212,94315,21044,115359,771
2022-10-06,Napa,055,140530,32458,1398,33856,161
2022-10-06,Nevada,057,99092,19052,1849,20901,137
2022-10-06,Orange,059,3164182,671892,64051,735943,7563
2022-10-06,Placer,061,380077,76109,9693,85802,662
2022-10-06,Plumas,063,18699,3681,435,4116,13
2022-10-06,Riverside,065,2383286,697183,35330,732513,6654
2022-10-06,Sacramento,067,1510023,348082,34872,382954,3355
2022-10-06,San Benito,069,59416,16363,973,17336,103
2022-10-06,San Bernardino,071,2135413,672964,30822,703786,8102
2022-10-06,San Diego,073,3302833,925786,71874,997660,5582
2022-10-06,San Francisco,075,870044,179963,12106,192069,1070
2022-10-06,San Joaquin,077,732212,198230,14976,213206,2344
2022-10-06,San Luis Obispo,079,281455,63439,7166,70605,528
2022-10-06,San Mateo,081,765935,169695,10412,180107,743
2022-10-06,Santa Barbara,083,443738,106050,6873,112923,731
2022-10-06,Santa Clara,085,1922200,438222,18910,457132,2556
2022-10-06,Santa Cruz,087,273765,63352,3483,66835,273
2022-10-06,Shasta,089,179085,35046,7491,42537,596
2022-10-06,Sierra,091,2930,306,60,366,5
2022-10-06,Siskiyou,093,43540,5157,3313,8470,93
2022-10-06,Solano,095,438530,105572,7916,113488,460
2022-10-06,Sonoma,097,501317,107269,5289,112558,528
2022-10-06,Stanislaus,099,539301,138149,21614,159763,1786
2022-10-06,Sutter,101,95872,24339,2457,26796,234
2022-10-06,Tehama,103,63373,13655,3082,16737,218
2022-10-06,Trinity,105,12862,1398,398,1796,21
2022-10-06,Tulare,107,460477,122219,36519,158738,1548
2022-10-06,Tuolumne,109,53932,15622,924,16546,200
2022-10-06,Ventura,111,848112,209225,15767,224992,1597
2022-10-06,Yolo,113,214977,47551,4329,51880,402
2022-10-06,Yuba,115,75493,18929,1731,20660,132
2022-10-05,Alameda,001,1643700,349142,19548,368690,2001
2022-10-05,Alpine,002,1148,135,1,136,0
2022-10-05,Amador,005,37829,10007,928,10935,93
2022-10-05,Butte,007,227075,39606,9152,48758,465
2022-10-05,Calaveras,009,45235,8523,563,9086,135
2022-10-05,Colusa,011,21464,3803,1286,5089,22
2022-10-05,Contra Costa,013,1133247,252280,20796,273076,1466
2022-10-05,Del Norte,015,27424,7459,397,7856,55
2022-10-05,El Dorado,017,186661,32339,4273,36612,234
2022-10-05,Fresno,019,978130,279109,31870,310979,2883
2022-10-05,Glenn,021,27897,5532,1862,7394,56
2022-10-05,Humboldt,023,135768,21934,5020,26954,162
2022-10-05,Imperial,025,180216,65737,15898,81635,962
2022-10-05,Inyo,027,18085,4500,1000,5500,60
2022-10-05,Kern,029,883053,219937,64226,284163,2431
2022-10-05,Kings,031,150075,59566,4105,63671,464
2022-10-05,Lake,033,64148,12842,1185,14027,150
2022-10-05,Lassen,035,31185,9984,996,10980,64
2022-10-05,Los Angeles,037,10098052,3289046,181730,3470776,33668
2022-10-05,Madera,039,155013,44150,8262,52412,376
2022-10-05,Marin,041,260295,36940,5212,42152,258
2022-10-05,Mariposa,043,17540,3106,344,3450,30
2022-10-05,Mendocino,045,87422,16077,4502,20579,136
2022-10-05,Merced,047,269075,73590,12063,85653,871
2022-10-05,Modoc,049,8938,879,324,1203,11
2022-10-05,Mono,051,14174,3209,256,3465,7
2022-10-05,Monterey,053,433212,94301,21039,115340,771
2022-10-05,Napa,055,140530,32449,1398,33847,161
2022-10-05,Nevada,057,99092,19044,1849,20893,137
2022-10-05,Orange,059,3164182,671706,64000,735706,7562
2022-10-05,Placer,061,380077,76085,9690,85775,662
2022-10-05,Plumas,063,18699,3678,434,4112,13
2022-10-05,Riverside,065,2383286,697039,35312,732351,6653
2022-10-05,Sacramento,067,1510023,347984,34860,382844,3354
2022-10-05,San Benito,069,59416,16360,973,17333,103
2022-10-05,San Bernardino,071,2135413,672798,30814,703612,8102
2022-10-05,San Diego,073,3302833,925561,71849,997410,5582
2022-10-05,San Francisco,075,870044,179863,12100,191963,1069
2022-10-05,San Joaquin,077,732212,198185,14966,213151,2343
2022-10-05,San Luis Obispo,079,281455,63434,7161,70595,527
2022-10-05,San Mateo,081,765935,169615,10412,180027,743
2022-10-05,Santa Barbara,083,443738,106022,6870,112892,731
2022-10-05,Santa Clara,085,1922200,438039,18905,456944,2556
2022-10-05,Santa Cruz,087,273765,63320,3483,66803,273
2022-10-05,Shasta,089,179085,35039,7484,42523,593
2022-10-05,Sierra,091,2930,306,60,366,5
2022-10-05,Siskiyou,093,43540,5152,3311,8463,93
2022-10-05,Solano,095,438530,105536,7912,113448,460
2022-10-05,Sonoma,097,501317,107234,5289,112523,528
2022-10-05,Stanislaus,099,539301,138120,21606,159726,1786
2022-10-05,Sutter,101,95872,24335,2457,26792,234
2022-10-05,Tehama,103,63373,13651,3081,16732,218
2022-10-05,Trinity,105,12862,1398,398,1796,21
2022-10-05,Tulare,107,460477,122202,36497,158699,1548
2022-10-05,Tuolumne,109,53932,15616,924,16540,200
2022-10-05,Ventura,111,848112,209165,15765,224930,1597
2022-10-05,Yolo,113,214977,47535,4327,51862,402
2022-10-05,Yuba,115,75493,18924,1728,20652,132
2022-10-04,Alameda,001,1643700,348996,19536,368532,2001
2022-10-04,Alpine,002,1148,135,1,136,0
2022-10-04,Amador,005,37829,10005,928,10933,93
2022-10-04,Butte,007,227075,39594,9150,48744,464
2022-10-04,Calaveras,009,45235,8522,561,9083,135
2022-10-04,Colusa,011,21464,3803,1286,5089,22
2022-10-04,Contra Costa,013,1133247,252195,20789,272984,1466
2022-10-04,Del Norte,015,27424,7457,397,7854,55
2022-10-04,El Dorado,017,186661,32334,4272,36606,234
2022-10-04,Fresno,019,978130,279048,31864,310912,2883
2022-10-04,Glenn,021,27897,5531,1862,7393,56
2022-10-04,Humboldt,023,135768,21921,5019,26940,162
2022-10-04,Imperial,025,180216,65702,15883,81585,962
2022-10-04,Inyo,027,18085,4499,998,5497,60
2022-10-04,Kern,029,883053,219878,64185,284063,2431
2022-10-04,Kings,031,150075,59551,4104,63655,464
2022-10-04,Lake,033,64148,12837,1185,14022,150
2022-10-04,Lassen,035,31185,9983,995,10978,64
2022-10-04,Los Angeles,037,10098052,3288149,181567,3469716,33657
2022-10-04,Madera,039,155013,44136,8260,52396,376
2022-10-04,Marin,041,260295,36909,5212,42121,258
2022-10-04,Mariposa,043,17540,3106,344,3450,30
2022-10-04,Mendocino,045,87422,16073,4496,20569,136
2022-10-04,Merced,047,269075,73570,12061,85631,870
2022-10-04,Modoc,049,8938,879,324,1203,11
2022-10-04,Mono,051,14174,3209,255,3464,7
2022-10-04,Monterey,053,433212,94288,21034,115322,771
2022-10-04,Napa,055,140530,32445,1398,33843,161
2022-10-04,Nevada,057,99092,19041,1849,20890,137
2022-10-04,Orange,059,3164182,671490,63924,735414,7559
2022-10-04,Placer,061,380077,76052,9686,85738,662
2022-10-04,Plumas,063,18699,3672,433,4105,13
2022-10-04,Riverside,065,2383286,696880,35297,732177,6652
2022-10-04,Sacramento,067,1510023,347859,34836,382695,3354
2022-10-04,San Benito,069,59416,16347,972,17319,103
2022-10-04,San Bernardino,071,2135413,672647,30806,703453,8102
2022-10-04,San Diego,073,3302833,925228,71798,997026,5581
2022-10-04,San Francisco,075,870044,179771,12097,191868,1069
2022-10-04,San Joaquin,077,732212,198140,14958,213098,2343
2022-10-04,San Luis Obispo,079,281455,63417,7152,70569,527
2022-10-04,San Mateo,081,765935,169525,10411,179936,743
2022-10-04,Santa Barbara,083,443738,105991,6868,112859,731
2022-10-04,Santa Clara,085,1922200,437845,18899,456744,2556
2022-10-04,Santa Cruz,087,273765,63284,3481,66765,273
2022-10-04,Shasta,089,179085,35025,7479,42504,593
2022-10-04,Sierra,091,2930,306,60,366,5
2022-10-04,Siskiyou,093,43540,5151,3311,8462,93
2022-10-04,Solano,095,438530,105488,7910,113398,460
2022-10-04,Sonoma,097,501317,107199,5286,112485,528
2022-10-04,Stanislaus,099,539301,138093,21604,159697,1786
2022-10-04,Sutter,101,95872,24325,2456,26781,234
2022-10-04,Tehama,103,63373,13648,3079,16727,218
2022-10-04,Trinity,105,12862,1398,398,1796,21
2022-10-04,Tulare,107,460477,122178,36487,158665,1548
2022-10-04,Tuolumne,109,53932,15615,924,16539,200
2022-10-04,Ventura,111,848112,209096,15761,224857,1597
2022-10-04,Yolo,113,214977,47518,4324,51842,401
2022-10-04,Yuba,115,75493,18919,1726,20645,132
2022-10-03,Alameda,001,1643700,348807,19529,368336,2001
2022-10-03,Alpine,002,1148,135,1,136,0
2022-10-03,Amador,005,37829,10003,928,10931,93
2022-10-03,Butte,007,227075,39579,9146,48725,464
2022-10-03,Calaveras,009,45235,8521,561,9082,134
2022-10-03,Colusa,011,21464,3803,1285,5088,22
2022-10-03,Contra Costa,013,1133247,252080,20784,272864,1463
2022-10-03,Del Norte,015,27424,7456,397,7853,55
2022-10-03,El Dorado,017,186661,32326,4270,36596,234
2022-10-03,Fresno,019,978130,278989,31851,310840,2883
2022-10-03,Glenn,021,27897,5531,1862,7393,56
2022-10-03,Humboldt,023,135768,21906,5017,26923,161
2022-10-03,Imperial,025,180216,65683,15868,81551,962
2022-10-03,Inyo,027,18085,4498,995,5493,60
2022-10-03,Kern,029,883053,219819,64134,283953,2431
2022-10-03,Kings,031,150075,59533,4101,63634,464
2022-10-03,Lake,033,64148,12833,1185,14018,150
2022-10-03,Lassen,035,31185,9981,994,10975,64
2022-10-03,Los Angeles,037,10098052,3287119,181407,3468526,33647
2022-10-03,Madera,039,155013,44128,8257,52385,375
2022-10-03,Marin,041,260295,36880,5211,42091,258
2022-10-03,Mariposa,043,17540,3105,343,3448,30
2022-10-03,Mendocino,045,87422,16066,4490,20556,136
2022-10-03,Merced,047,269075,73556,12058,85614,870
2022-10-03,Modoc,049,8938,877,324,1201,11
2022-10-03,Mono,051,14174,3209,255,3464,7
2022-10-03,Monterey,053,433212,94273,21019,115292,771
2022-10-03,Napa,055,140530,32430,1398,33828,161
2022-10-03,Nevada,057,99092,19034,1847,20881,137
2022-10-03,Orange,059,3164182,671265,63857,735122,7558
2022-10-03,Placer,061,380077,76031,9681,85712,662
2022-10-03,Plumas,063,18699,3671,433,4104,13
2022-10-03,Riverside,065,2383286,696708,35280,731988,6651
2022-10-03,Sacramento,067,1510023,347715,34820,382535,3354
2022-10-03,San Benito,069,59416,16340,972,17312,103
2022-10-03,San Bernardino,071,2135413,672467,30789,703256,8102
2022-10-03,San Diego,073,3302833,924909,71754,996663,5580
2022-10-03,San Francisco,075,870044,179659,12091,191750,1068
2022-10-03,San Joaquin,077,732212,198076,14953,213029,2343
2022-10-03,San Luis Obispo,079,281455,63401,7146,70547,526
2022-10-03,San Mateo,081,765935,169442,10410,179852,743
2022-10-03,Santa Barbara,083,443738,105950,6866,112816,731
2022-10-03,Santa Clara,085,1922200,437623,18887,456510,2554
2022-10-03,Santa Cruz,087,273765,63237,3480,66717,273
2022-10-03,Shasta,089,179085,35018,7474,42492,593
2022-10-03,Sierra,091,2930,306,60,366,5
2022-10-03,Siskiyou,093,43540,5151,3308,8459,92
2022-10-03,Solano,095,438530,105430,7908,113338,460
2022-10-03,Sonoma,097,501317,107157,5280,112437,528
2022-10-03,Stanislaus,099,539301,138059,21600,159659,1786
2022-10-03,Sutter,101,95872,24323,2456,26779,234
2022-10-03,Tehama,103,63373,13645,3079,16724,218
2022-10-03,Trinity,105,12862,1398,397,1795,21
2022-10-03,Tulare,107,460477,122157,36468,158625,1548
2022-10-03,Tuolumne,109,53932,15612,924,16536,200
2022-10-03,Ventura,111,848112,209025,15746,224771,1596
2022-10-03,Yolo,113,214977,47501,4319,51820,401
2022-10-03,Yuba,115,75493,18916,1721,20637,132
2022-10-02,Alameda,001,1643700,348598,19515,368113,2000
2022-10-02,Alpine,002,1148,135,1,136,0
2022-10-02,Amador,005,37829,10003,928,10931,93
2022-10-02,Butte,007,227075,39567,9144,48711,464
2022-10-02,Calaveras,009,45235,8517,560,9077,134
2022-10-02,Colusa,011,21464,3801,1285,5086,22
2022-10-02,Contra Costa,013,1133247,251966,20772,272738,1463
2022-10-02,Del Norte,015,27424,7453,397,7850,55
2022-10-02,El Dorado,017,186661,32315,4269,36584,234
2022-10-02,Fresno,019,978130,278913,31838,310751,2883
2022-10-02,Glenn,021,27897,5528,1862,7390,56
2022-10-02,Humboldt,023,135768,21889,5008,26897,161
2022-10-02,Imperial,025,180216,65649,15845,81494,962
2022-10-02,Inyo,027,18085,4498,993,5491,60
2022-10-02,Kern,029,883053,219768,64081,283849,2430
2022-10-02,Kings,031,150075,59518,4100,63618,464
2022-10-02,Lake,033,64148,12827,1185,14012,150
2022-10-02,Lassen,035,31185,9980,992,10972,64
2022-10-02,Los Angeles,037,10098052,3285972,181249,3467221,33642
2022-10-02,Madera,039,155013,44120,8254,52374,375
2022-10-02,Marin,041,260295,36847,5206,42053,258
2022-10-02,Mariposa,043,17540,3105,343,3448,30
2022-10-02,Mendocino,045,87422,16057,4487,20544,136
2022-10-02,Merced,047,269075,73528,12054,85582,870
2022-10-02,Modoc,049,8938,877,324,1201,11
2022-10-02,Mono,051,14174,3209,255,3464,7
2022-10-02,Monterey,053,433212,94257,21007,115264,770
2022-10-02,Napa,055,140530,32419,1396,33815,161
2022-10-02,Nevada,057,99092,19028,1847,20875,137
2022-10-02,Orange,059,3164182,670995,63776,734771,7555
2022-10-02,Placer,061,380077,76003,9678,85681,662
2022-10-02,Plumas,063,18699,3667,432,4099,13
2022-10-02,Riverside,065,2383286,696516,35261,731777,6650
2022-10-02,Sacramento,067,1510023,347534,34789,382323,3353
2022-10-02,San Benito,069,59416,16335,972,17307,103
2022-10-02,San Bernardino,071,2135413,672229,30763,702992,8101
2022-10-02,San Diego,073,3302833,924539,71705,996244,5580
2022-10-02,San Francisco,075,870044,179531,12085,191616,1068
2022-10-02,San Joaquin,077,732212,197999,14949,212948,2343
2022-10-02,San Luis Obispo,079,281455,63364,7137,70501,526
2022-10-02,San Mateo,081,765935,169320,10407,179727,743
2022-10-02,Santa Barbara,083,443738,105902,6859,112761,731
2022-10-02,Santa Clara,085,1922200,437398,18873,456271,2554
2022-10-02,Santa Cruz,087,273765,63197,3473,66670,273
2022-10-02,Shasta,089,179085,35003,7471,42474,593
2022-10-02,Sierra,091,2930,306,60,366,5
2022-10-02,Siskiyou,093,43540,5151,3307,8458,92
2022-10-02,Solano,095,438530,105367,7901,113268,460
2022-10-02,Sonoma,097,501317,107107,5277,112384,528
2022-10-02,Stanislaus,099,539301,138025,21596,159621,1786
2022-10-02,Sutter,101,95872,24313,2456,26769,234
2022-10-02,Tehama,103,63373,13640,3073,16713,218
2022-10-02,Trinity,105,12862,1398,397,1795,21
2022-10-02,Tulare,107,460477,122131,36449,158580,1548
2022-10-02,Tuolumne,109,53932,15607,924,16531,200
2022-10-02,Ventura,111,848112,208943,15727,224670,1595
2022-10-02,Yolo,113,214977,47489,4314,51803,401
2022-10-02,Yuba,115,75493,18910,1719,20629,132
2022-10-01,Alameda,001,1643700,348479,19514,367993,2000
2022-10-01,Alpine,002,1148,135,1,136,0
2022-10-01,Amador,005,37829,10001,928,10929,93
2022-10-01,Butte,007,227075,39556,9137,48693,464
2022-10-01,Calaveras,009,45235,8517,559,9076,134
2022-10-01,Colusa,011,21464,3801,1283,5084,22
2022-10-01,Contra Costa,013,1133247,251892,20769,272661,1463
2022-10-01,Del Norte,015,27424,7451,397,7848,55
2022-10-01,El Dorado,017,186661,32308,4269,36577,234
2022-10-01,Fresno,019,978130,278882,31836,310718,2883
2022-10-01,Glenn,021,27897,5527,1862,7389,56
2022-10-01,Humboldt,023,135768,21886,5007,26893,161
2022-10-01,Imperial,025,180216,65632,15836,81468,962
2022-10-01,Inyo,027,18085,4498,993,5491,60
2022-10-01,Kern,029,883053,219750,64051,283801,2430
2022-10-01,Kings,031,150075,59509,4100,63609,464
2022-10-01,Lake,033,64148,12824,1185,14009,150
2022-10-01,Lassen,035,31185,9978,992,10970,64
2022-10-01,Los Angeles,037,10098052,3285345,181136,3466481,33633
2022-10-01,Madera,039,155013,44116,8254,52370,375
2022-10-01,Marin,041,260295,36824,5206,42030,258
2022-10-01,Mariposa,043,17540,3105,343,3448,30
2022-10-01,Mendocino,045,87422,16050,4483,20533,136
2022-10-01,Merced,047,269075,73518,12052,85570,869
2022-10-01,Modoc,049,8938,877,324,1201,11
2022-10-01,Mono,051,14174,3209,255,3464,7
2022-10-01,Monterey,053,433212,94244,21000,115244,770
2022-10-01,Napa,055,140530,32414,1396,33810,161
2022-10-01,Nevada,057,99092,19025,1846,20871,137
2022-10-01,Orange,059,3164182,670848,63730,734578,7553
2022-10-01,Placer,061,380077,75976,9676,85652,662
2022-10-01,Plumas,063,18699,3666,432,4098,13
2022-10-01,Riverside,065,2383286,696393,35248,731641,6649
2022-10-01,Sacramento,067,1510023,347459,34783,382242,3352
2022-10-01,San Benito,069,59416,16327,969,17296,103
2022-10-01,San Bernardino,071,2135413,672125,30753,702878,8101
2022-10-01,San Diego,073,3302833,924421,71675,996096,5579
2022-10-01,San Francisco,075,870044,179473,12079,191552,1068
2022-10-01,San Joaquin,077,732212,197968,14943,212911,2342
2022-10-01,San Luis Obispo,079,281455,63354,7134,70488,526
2022-10-01,San Mateo,081,765935,169275,10405,179680,743
2022-10-01,Santa Barbara,083,443738,105872,6857,112729,731
2022-10-01,Santa Clara,085,1922200,437225,18871,456096,2552
2022-10-01,Santa Cruz,087,273765,63183,3467,66650,273
2022-10-01,Shasta,089,179085,34997,7467,42464,593
2022-10-01,Sierra,091,2930,306,60,366,5
2022-10-01,Siskiyou,093,43540,5149,3305,8454,92
2022-10-01,Solano,095,438530,105359,7899,113258,460
2022-10-01,Sonoma,097,501317,107081,5275,112356,528
2022-10-01,Stanislaus,099,539301,138002,21595,159597,1786
2022-10-01,Sutter,101,95872,24308,2456,26764,232
2022-10-01,Tehama,103,63373,13638,3072,16710,218
2022-10-01,Trinity,105,12862,1398,397,1795,21
2022-10-01,Tulare,107,460477,122123,36437,158560,1548
2022-10-01,Tuolumne,109,53932,15605,924,16529,200
2022-10-01,Ventura,111,848112,208895,15720,224615,1595
2022-10-01,Yolo,113,214977,47479,4312,51791,399
2022-10-01,Yuba,115,75493,18903,1718,20621,132
2022-09-30,Alameda,001,1643700,348360,19508,367868,2000
2022-09-30,Alpine,002,1148,135,1,136,0
2022-09-30,Amador,005,37829,9999,928,10927,93
2022-09-30,Butte,007,227075,39545,9135,48680,464
2022-09-30,Calaveras,009,45235,8514,559,9073,134
2022-09-30,Colusa,011,21464,3800,1282,5082,22
2022-09-30,Contra Costa,013,1133247,251797,20767,272564,1463
2022-09-30,Del Norte,015,27424,7450,397,7847,55
2022-09-30,El Dorado,017,186661,32299,4265,36564,234
2022-09-30,Fresno,019,978130,278839,31828,310667,2882
2022-09-30,Glenn,021,27897,5526,1862,7388,56
2022-09-30,Humboldt,023,135768,21873,5004,26877,161
2022-09-30,Imperial,025,180216,65622,15828,81450,962
2022-09-30,Inyo,027,18085,4497,991,5488,60
2022-09-30,Kern,029,883053,219729,64019,283748,2428
2022-09-30,Kings,031,150075,59503,4100,63603,464
2022-09-30,Lake,033,64148,12821,1185,14006,150
2022-09-30,Lassen,035,31185,9978,992,10970,64
2022-09-30,Los Angeles,037,10098052,3284600,181020,3465620,33628
2022-09-30,Madera,039,155013,44110,8253,52363,375
2022-09-30,Marin,041,260295,36800,5205,42005,258
2022-09-30,Mariposa,043,17540,3104,343,3447,30
2022-09-30,Mendocino,045,87422,16042,4479,20521,136
2022-09-30,Merced,047,269075,73506,12052,85558,869
2022-09-30,Modoc,049,8938,877,324,1201,11
2022-09-30,Mono,051,14174,3209,255,3464,7
2022-09-30,Monterey,053,433212,94225,20994,115219,770
2022-09-30,Napa,055,140530,32403,1396,33799,161
2022-09-30,Nevada,057,99092,19019,1846,20865,137
2022-09-30,Orange,059,3164182,670710,63692,734402,7547
2022-09-30,Placer,061,380077,75958,9670,85628,662
2022-09-30,Plumas,063,18699,3665,432,4097,13
2022-09-30,Riverside,065,2383286,696280,35237,731517,6648
2022-09-30,Sacramento,067,1510023,347373,34777,382150,3351
2022-09-30,San Benito,069,59416,16324,969,17293,103
2022-09-30,San Bernardino,071,2135413,671998,30745,702743,8100
2022-09-30,San Diego,073,3302833,924204,71646,995850,5577
2022-09-30,San Francisco,075,870044,179408,12073,191481,1067
2022-09-30,San Joaquin,077,732212,197934,14940,212874,2340
2022-09-30,San Luis Obispo,079,281455,63349,7131,70480,526
2022-09-30,San Mateo,081,765935,169209,10402,179611,743
2022-09-30,Santa Barbara,083,443738,105847,6857,112704,731
2022-09-30,Santa Clara,085,1922200,437038,18863,455901,2552
2022-09-30,Santa Cruz,087,273765,63161,3465,66626,273
2022-09-30,Shasta,089,179085,34994,7463,42457,593
2022-09-30,Sierra,091,2930,306,60,366,5
2022-09-30,Siskiyou,093,43540,5148,3305,8453,92
2022-09-30,Solano,095,438530,105329,7896,113225,460
2022-09-30,Sonoma,097,501317,107046,5273,112319,528
2022-09-30,Stanislaus,099,539301,137982,21593,159575,1786
2022-09-30,Sutter,101,95872,24306,2456,26762,232
2022-09-30,Tehama,103,63373,13636,3072,16708,218
2022-09-30,Trinity,105,12862,1397,397,1794,21
2022-09-30,Tulare,107,460477,122102,36424,158526,1547
2022-09-30,Tuolumne,109,53932,15602,924,16526,200
2022-09-30,Ventura,111,848112,208843,15715,224558,1595
2022-09-30,Yolo,113,214977,47468,4312,51780,399
2022-09-30,Yuba,115,75493,18898,1718,20616,132
2022-09-29,Alameda,001,1643700,348193,19494,367687,2000
2022-09-29,Alpine,002,1148,135,1,136,0
2022-09-29,Amador,005,37829,9996,927,10923,93
2022-09-29,Butte,007,227075,39539,9130,48669,463
2022-09-29,Calaveras,009,45235,8509,558,9067,134
2022-09-29,Colusa,011,21464,3799,1282,5081,22
2022-09-29,Contra Costa,013,1133247,251696,20757,272453,1462
2022-09-29,Del Norte,015,27424,7447,397,7844,55
2022-09-29,El Dorado,017,186661,32288,4260,36548,234
2022-09-29,Fresno,019,978130,278745,31818,310563,2882
2022-09-29,Glenn,021,27897,5526,1862,7388,56
2022-09-29,Humboldt,023,135768,21861,5002,26863,161
2022-09-29,Imperial,025,180216,65602,15816,81418,962
2022-09-29,Inyo,027,18085,4497,989,5486,60
2022-09-29,Kern,029,883053,219695,63979,283674,2428
2022-09-29,Kings,031,150075,59496,4099,63595,464
2022-09-29,Lake,033,64148,12817,1185,14002,150
2022-09-29,Lassen,035,31185,9977,992,10969,64
2022-09-29,Los Angeles,037,10098052,3283609,180908,3464517,33621
2022-09-29,Madera,039,155013,44100,8250,52350,375
2022-09-29,Marin,041,260295,36775,5201,41976,258
2022-09-29,Mariposa,043,17540,3102,343,3445,30
2022-09-29,Mendocino,045,87422,16038,4479,20517,136
2022-09-29,Merced,047,269075,73491,12051,85542,869
2022-09-29,Modoc,049,8938,877,324,1201,11
2022-09-29,Mono,051,14174,3208,255,3463,7
2022-09-29,Monterey,053,433212,94214,20987,115201,770
2022-09-29,Napa,055,140530,32391,1396,33787,161
2022-09-29,Nevada,057,99092,19009,1843,20852,137
2022-09-29,Orange,059,3164182,670477,63642,734119,7545
2022-09-29,Placer,061,380077,75934,9661,85595,661
2022-09-29,Plumas,063,18699,3664,431,4095,13
2022-09-29,Riverside,065,2383286,696129,35225,731354,6648
2022-09-29,Sacramento,067,1510023,347233,34758,381991,3348
2022-09-29,San Benito,069,59416,16319,968,17287,103
2022-09-29,San Bernardino,071,2135413,671848,30734,702582,8100
2022-09-29,San Diego,073,3302833,923958,71615,995573,5577
2022-09-29,San Francisco,075,870044,179319,12063,191382,1067
2022-09-29,San Joaquin,077,732212,197889,14931,212820,2340
2022-09-29,San Luis Obispo,079,281455,63329,7125,70454,526
2022-09-29,San Mateo,081,765935,169126,10400,179526,743
2022-09-29,Santa Barbara,083,443738,105813,6854,112667,731
2022-09-29,Santa Clara,085,1922200,436839,18855,455694,2552
2022-09-29,Santa Cruz,087,273765,63117,3459,66576,273
2022-09-29,Shasta,089,179085,34987,7457,42444,593
2022-09-29,Sierra,091,2930,306,60,366,5
2022-09-29,Siskiyou,093,43540,5145,3304,8449,92
2022-09-29,Solano,095,438530,105294,7891,113185,460
2022-09-29,Sonoma,097,501317,106987,5271,112258,528
2022-09-29,Stanislaus,099,539301,137950,21592,159542,1785
2022-09-29,Sutter,101,95872,24303,2456,26759,232
2022-09-29,Tehama,103,63373,13634,3071,16705,218
2022-09-29,Trinity,105,12862,1397,394,1791,21
2022-09-29,Tulare,107,460477,122086,36403,158489,1547
2022-09-29,Tuolumne,109,53932,15598,924,16522,199
2022-09-29,Ventura,111,848112,208783,15706,224489,1595
2022-09-29,Yolo,113,214977,47454,4310,51764,399
2022-09-29,Yuba,115,75493,18896,1718,20614,132
2022-09-28,Alameda,001,1643700,348029,19479,367508,1999
2022-09-28,Alpine,002,1148,134,1,135,0
2022-09-28,Amador,005,37829,9994,927,10921,93
2022-09-28,Butte,007,227075,39532,9122,48654,462
2022-09-28,Calaveras,009,45235,8507,558,9065,134
2022-09-28,Colusa,011,21464,3799,1282,5081,22
2022-09-28,Contra Costa,013,1133247,251586,20744,272330,1461
2022-09-28,Del Norte,015,27424,7445,397,7842,55
2022-09-28,El Dorado,017,186661,32281,4258,36539,234
2022-09-28,Fresno,019,978130,278664,31801,310465,2882
2022-09-28,Glenn,021,27897,5525,1862,7387,56
2022-09-28,Humboldt,023,135768,21851,4999,26850,161
2022-09-28,Imperial,025,180216,65586,15809,81395,962
2022-09-28,Inyo,027,18085,4495,989,5484,60
2022-09-28,Kern,029,883053,219642,63930,283572,2427
2022-09-28,Kings,031,150075,59474,4095,63569,464
2022-09-28,Lake,033,64148,12808,1185,13993,150
2022-09-28,Lassen,035,31185,9976,992,10968,64
2022-09-28,Los Angeles,037,10098052,3282488,180802,3463290,33612
2022-09-28,Madera,039,155013,44094,8249,52343,375
2022-09-28,Marin,041,260295,36748,5200,41948,258
2022-09-28,Mariposa,043,17540,3102,343,3445,30
2022-09-28,Mendocino,045,87422,16035,4475,20510,136
2022-09-28,Merced,047,269075,73479,12045,85524,867
2022-09-28,Modoc,049,8938,877,323,1200,11
2022-09-28,Mono,051,14174,3208,255,3463,7
2022-09-28,Monterey,053,433212,94200,20979,115179,770
2022-09-28,Napa,055,140530,32376,1394,33770,161
2022-09-28,Nevada,057,99092,19001,1830,20831,137
2022-09-28,Orange,059,3164182,670243,63584,733827,7544
2022-09-28,Placer,061,380077,75900,9658,85558,661
2022-09-28,Plumas,063,18699,3662,431,4093,13
2022-09-28,Riverside,065,2383286,695964,35208,731172,6647
2022-09-28,Sacramento,067,1510023,347104,34735,381839,3346
2022-09-28,San Benito,069,59416,16314,965,17279,103
2022-09-28,San Bernardino,071,2135413,671677,30719,702396,8099
2022-09-28,San Diego,073,3302833,923640,71584,995224,5575
2022-09-28,San Francisco,075,870044,179218,12060,191278,1066
2022-09-28,San Joaquin,077,732212,197850,14928,212778,2340
2022-09-28,San Luis Obispo,079,281455,63312,7117,70429,526
2022-09-28,San Mateo,081,765935,169047,10396,179443,743
2022-09-28,Santa Barbara,083,443738,105779,6849,112628,731
2022-09-28,Santa Clara,085,1922200,436671,18846,455517,2552
2022-09-28,Santa Cruz,087,273765,63080,3458,66538,273
2022-09-28,Shasta,089,179085,34982,7452,42434,593
2022-09-28,Sierra,091,2930,306,60,366,5
2022-09-28,Siskiyou,093,43540,5143,3303,8446,92
2022-09-28,Solano,095,438530,105265,7889,113154,460
2022-09-28,Sonoma,097,501317,106952,5265,112217,528
2022-09-28,Stanislaus,099,539301,137917,21588,159505,1785
2022-09-28,Sutter,101,95872,24289,2455,26744,232
2022-09-28,Tehama,103,63373,13630,3071,16701,218
2022-09-28,Trinity,105,12862,1397,392,1789,21
2022-09-28,Tulare,107,460477,122059,36394,158453,1546
2022-09-28,Tuolumne,109,53932,15594,924,16518,199
2022-09-28,Ventura,111,848112,208718,15703,224421,1594
2022-09-28,Yolo,113,214977,47431,4307,51738,399
2022-09-28,Yuba,115,75493,18891,1715,20606,132
2022-09-27,Alameda,001,1643700,347855,19466,367321,1998
2022-09-27,Alpine,002,1148,134,1,135,0
2022-09-27,Amador,005,37829,9990,925,10915,93
2022-09-27,Butte,007,227075,39524,9117,48641,462
2022-09-27,Calaveras,009,45235,8505,558,9063,134
2022-09-27,Colusa,011,21464,3799,1282,5081,22
2022-09-27,Contra Costa,013,1133247,251475,20735,272210,1461
2022-09-27,Del Norte,015,27424,7445,397,7842,55
2022-09-27,El Dorado,017,186661,32264,4256,36520,234
2022-09-27,Fresno,019,978130,278600,31791,310391,2882
2022-09-27,Glenn,021,27897,5524,1862,7386,56
2022-09-27,Humboldt,023,135768,21840,4994,26834,161
2022-09-27,Imperial,025,180216,65563,15804,81367,962
2022-09-27,Inyo,027,18085,4493,987,5480,60
2022-09-27,Kern,029,883053,219584,63902,283486,2427
2022-09-27,Kings,031,150075,59458,4095,63553,464
2022-09-27,Lake,033,64148,12804,1184,13988,150
2022-09-27,Lassen,035,31185,9974,992,10966,64
2022-09-27,Los Angeles,037,10098052,3281289,180643,3461932,33608
2022-09-27,Madera,039,155013,44082,8248,52330,375
2022-09-27,Marin,041,260295,36720,5196,41916,258
2022-09-27,Mariposa,043,17540,3101,343,3444,30
2022-09-27,Mendocino,045,87422,16026,4469,20495,136
2022-09-27,Merced,047,269075,73460,12039,85499,867
2022-09-27,Modoc,049,8938,877,323,1200,11
2022-09-27,Mono,051,14174,3207,255,3462,7
2022-09-27,Monterey,053,433212,94179,20963,115142,770
2022-09-27,Napa,055,140530,32359,1394,33753,161
2022-09-27,Nevada,057,99092,18992,1829,20821,137
2022-09-27,Orange,059,3164182,669958,63523,733481,7539
2022-09-27,Placer,061,380077,75859,9653,85512,660
2022-09-27,Plumas,063,18699,3659,431,4090,13
2022-09-27,Riverside,065,2383286,695767,35185,730952,6645
2022-09-27,Sacramento,067,1510023,346955,34707,381662,3344
2022-09-27,San Benito,069,59416,16313,965,17278,103
2022-09-27,San Bernardino,071,2135413,671425,30705,702130,8098
2022-09-27,San Diego,073,3302833,923245,71548,994793,5573
2022-09-27,San Francisco,075,870044,179106,12058,191164,1066
2022-09-27,San Joaquin,077,732212,197798,14921,212719,2340
2022-09-27,San Luis Obispo,079,281455,63283,7116,70399,525
2022-09-27,San Mateo,081,765935,168975,10394,179369,743
2022-09-27,Santa Barbara,083,443738,105736,6843,112579,731
2022-09-27,Santa Clara,085,1922200,436442,18832,455274,2549
2022-09-27,Santa Cruz,087,273765,63049,3453,66502,273
2022-09-27,Shasta,089,179085,34970,7444,42414,593
2022-09-27,Sierra,091,2930,304,60,364,5
2022-09-27,Siskiyou,093,43540,5141,3303,8444,92
2022-09-27,Solano,095,438530,105222,7887,113109,460
2022-09-27,Sonoma,097,501317,106902,5262,112164,528
2022-09-27,Stanislaus,099,539301,137889,21587,159476,1785
2022-09-27,Sutter,101,95872,24275,2455,26730,232
2022-09-27,Tehama,103,63373,13628,3070,16698,218
2022-09-27,Trinity,105,12862,1397,389,1786,21
2022-09-27,Tulare,107,460477,122033,36377,158410,1544
2022-09-27,Tuolumne,109,53932,15588,924,16512,199
2022-09-27,Ventura,111,848112,208638,15693,224331,1594
2022-09-27,Yolo,113,214977,47403,4306,51709,399
2022-09-27,Yuba,115,75493,18887,1714,20601,132
2022-09-26,Alameda,001,1643700,347662,19460,367122,1998
2022-09-26,Alpine,002,1148,134,1,135,0
2022-09-26,Amador,005,37829,9989,924,10913,93
2022-09-26,Butte,007,227075,39512,9114,48626,462
2022-09-26,Calaveras,009,45235,8502,555,9057,134
2022-09-26,Colusa,011,21464,3796,1280,5076,22
2022-09-26,Contra Costa,013,1133247,251340,20721,272061,1460
2022-09-26,Del Norte,015,27424,7444,397,7841,55
2022-09-26,El Dorado,017,186661,32246,4253,36499,234
2022-09-26,Fresno,019,978130,278527,31775,310302,2881
2022-09-26,Glenn,021,27897,5524,1862,7386,56
2022-09-26,Humboldt,023,135768,21828,4989,26817,161
2022-09-26,Imperial,025,180216,65542,15789,81331,962
2022-09-26,Inyo,027,18085,4493,986,5479,60
2022-09-26,Kern,029,883053,219524,63874,283398,2427
2022-09-26,Kings,031,150075,59446,4093,63539,464
2022-09-26,Lake,033,64148,12798,1184,13982,149
2022-09-26,Lassen,035,31185,9974,991,10965,64
2022-09-26,Los Angeles,037,10098052,3280100,180471,3460571,33597
2022-09-26,Madera,039,155013,44063,8245,52308,375
2022-09-26,Marin,041,260295,36689,5191,41880,258
2022-09-26,Mariposa,043,17540,3100,343,3443,30
2022-09-26,Mendocino,045,87422,16016,4469,20485,136
2022-09-26,Merced,047,269075,73447,12035,85482,867
2022-09-26,Modoc,049,8938,875,323,1198,11
2022-09-26,Mono,051,14174,3205,255,3460,7
2022-09-26,Monterey,053,433212,94162,20942,115104,770
2022-09-26,Napa,055,140530,32341,1393,33734,161
2022-09-26,Nevada,057,99092,18983,1827,20810,137
2022-09-26,Orange,059,3164182,669686,63460,733146,7536
2022-09-26,Placer,061,380077,75823,9645,85468,660
2022-09-26,Plumas,063,18699,3659,431,4090,13
2022-09-26,Riverside,065,2383286,695562,35171,730733,6644
2022-09-26,Sacramento,067,1510023,346791,34680,381471,3342
2022-09-26,San Benito,069,59416,16306,965,17271,103
2022-09-26,San Bernardino,071,2135413,671224,30695,701919,8098
2022-09-26,San Diego,073,3302833,922823,71519,994342,5571
2022-09-26,San Francisco,075,870044,179004,12057,191061,1065
2022-09-26,San Joaquin,077,732212,197731,14911,212642,2339
2022-09-26,San Luis Obispo,079,281455,63251,7112,70363,525
2022-09-26,San Mateo,081,765935,168882,10392,179274,743
2022-09-26,Santa Barbara,083,443738,105696,6838,112534,731
2022-09-26,Santa Clara,085,1922200,436187,18815,455002,2548
2022-09-26,Santa Cruz,087,273765,63010,3451,66461,273
2022-09-26,Shasta,089,179085,34961,7435,42396,593
2022-09-26,Sierra,091,2930,304,60,364,5
2022-09-26,Siskiyou,093,43540,5141,3301,8442,92
2022-09-26,Solano,095,438530,105179,7881,113060,460
2022-09-26,Sonoma,097,501317,106834,5258,112092,528
2022-09-26,Stanislaus,099,539301,137859,21581,159440,1785
2022-09-26,Sutter,101,95872,24266,2455,26721,232
2022-09-26,Tehama,103,63373,13625,3070,16695,218
2022-09-26,Trinity,105,12862,1397,388,1785,21
2022-09-26,Tulare,107,460477,121993,36357,158350,1544
2022-09-26,Tuolumne,109,53932,15586,923,16509,199
2022-09-26,Ventura,111,848112,208546,15685,224231,1594
2022-09-26,Yolo,113,214977,47378,4300,51678,399
2022-09-26,Yuba,115,75493,18881,1712,20593,132
2022-09-25,Alameda,001,1643700,347439,19443,366882,1998
2022-09-25,Alpine,002,1148,134,1,135,0
2022-09-25,Amador,005,37829,9985,922,10907,93
2022-09-25,Butte,007,227075,39490,9107,48597,462
2022-09-25,Calaveras,009,45235,8498,550,9048,134
2022-09-25,Colusa,011,21464,3794,1274,5068,22
2022-09-25,Contra Costa,013,1133247,251188,20702,271890,1459
2022-09-25,Del Norte,015,27424,7439,397,7836,55
2022-09-25,El Dorado,017,186661,32232,4250,36482,234
2022-09-25,Fresno,019,978130,278420,31749,310169,2881
2022-09-25,Glenn,021,27897,5524,1862,7386,56
2022-09-25,Humboldt,023,135768,21818,4985,26803,160
2022-09-25,Imperial,025,180216,65522,15776,81298,962
2022-09-25,Inyo,027,18085,4490,985,5475,60
2022-09-25,Kern,029,883053,219460,63801,283261,2427
2022-09-25,Kings,031,150075,59427,4092,63519,464
2022-09-25,Lake,033,64148,12793,1182,13975,149
2022-09-25,Lassen,035,31185,9973,991,10964,64
2022-09-25,Los Angeles,037,10098052,3278632,180279,3458911,33585
2022-09-25,Madera,039,155013,44049,8240,52289,375
2022-09-25,Marin,041,260295,36648,5191,41839,258
2022-09-25,Mariposa,043,17540,3100,343,3443,30
2022-09-25,Mendocino,045,87422,16006,4462,20468,136
2022-09-25,Merced,047,269075,73423,12028,85451,867
2022-09-25,Modoc,049,8938,875,323,1198,11
2022-09-25,Mono,051,14174,3205,253,3458,7
2022-09-25,Monterey,053,433212,94138,20931,115069,770
2022-09-25,Napa,055,140530,32323,1392,33715,161
2022-09-25,Nevada,057,99092,18970,1827,20797,137
2022-09-25,Orange,059,3164182,669375,63395,732770,7533
2022-09-25,Placer,061,380077,75777,9632,85409,659
2022-09-25,Plumas,063,18699,3653,431,4084,13
2022-09-25,Riverside,065,2383286,695340,35154,730494,6644
2022-09-25,Sacramento,067,1510023,346631,34645,381276,3341
2022-09-25,San Benito,069,59416,16294,965,17259,103
2022-09-25,San Bernardino,071,2135413,670982,30674,701656,8098
2022-09-25,San Diego,073,3302833,922373,71479,993852,5570
2022-09-25,San Francisco,075,870044,178876,12053,190929,1065
2022-09-25,San Joaquin,077,732212,197644,14894,212538,2339
2022-09-25,San Luis Obispo,079,281455,63217,7104,70321,525
2022-09-25,San Mateo,081,765935,168750,10386,179136,743
2022-09-25,Santa Barbara,083,443738,105642,6837,112479,731
2022-09-25,Santa Clara,085,1922200,435938,18800,454738,2546
2022-09-25,Santa Cruz,087,273765,62961,3443,66404,273
2022-09-25,Shasta,089,179085,34948,7426,42374,593
2022-09-25,Sierra,091,2930,304,60,364,5
2022-09-25,Siskiyou,093,43540,5139,3300,8439,92
2022-09-25,Solano,095,438530,105113,7877,112990,460
2022-09-25,Sonoma,097,501317,106777,5255,112032,528
2022-09-25,Stanislaus,099,539301,137807,21578,159385,1785
2022-09-25,Sutter,101,95872,24250,2455,26705,232
2022-09-25,Tehama,103,63373,13617,3070,16687,218
2022-09-25,Trinity,105,12862,1397,388,1785,21
2022-09-25,Tulare,107,460477,121962,36335,158297,1543
2022-09-25,Tuolumne,109,53932,15580,922,16502,199
2022-09-25,Ventura,111,848112,208442,15673,224115,1594
2022-09-25,Yolo,113,214977,47351,4295,51646,399
2022-09-25,Yuba,115,75493,18877,1711,20588,132
2022-09-24,Alameda,001,1643700,347325,19438,366763,1997
2022-09-24,Alpine,002,1148,134,1,135,0
2022-09-24,Amador,005,37829,9983,921,10904,93
2022-09-24,Butte,007,227075,39483,9105,48588,462
2022-09-24,Calaveras,009,45235,8495,550,9045,133
2022-09-24,Colusa,011,21464,3793,1273,5066,22
2022-09-24,Contra Costa,013,1133247,251101,20698,271799,1458
2022-09-24,Del Norte,015,27424,7436,397,7833,55
2022-09-24,El Dorado,017,186661,32220,4246,36466,234
2022-09-24,Fresno,019,978130,278381,31743,310124,2880
2022-09-24,Glenn,021,27897,5523,1862,7385,56
2022-09-24,Humboldt,023,135768,21805,4984,26789,160
2022-09-24,Imperial,025,180216,65507,15770,81277,962
2022-09-24,Inyo,027,18085,4490,985,5475,60
2022-09-24,Kern,029,883053,219428,63764,283192,2427
2022-09-24,Kings,031,150075,59415,4092,63507,464
2022-09-24,Lake,033,64148,12791,1181,13972,149
2022-09-24,Lassen,035,31185,9972,991,10963,64
2022-09-24,Los Angeles,037,10098052,3277905,180135,3458040,33575
2022-09-24,Madera,039,155013,44046,8237,52283,375
2022-09-24,Marin,041,260295,36633,5191,41824,258
2022-09-24,Mariposa,043,17540,3098,343,3441,30
2022-09-24,Mendocino,045,87422,16002,4461,20463,136
2022-09-24,Merced,047,269075,73410,12028,85438,867
2022-09-24,Modoc,049,8938,875,322,1197,11
2022-09-24,Mono,051,14174,3205,253,3458,7
2022-09-24,Monterey,053,433212,94128,20926,115054,770
2022-09-24,Napa,055,140530,32313,1392,33705,160
2022-09-24,Nevada,057,99092,18965,1824,20789,137
2022-09-24,Orange,059,3164182,669199,63337,732536,7527
2022-09-24,Placer,061,380077,75753,9626,85379,659
2022-09-24,Plumas,063,18699,3650,431,4081,13
2022-09-24,Riverside,065,2383286,695212,35145,730357,6642
2022-09-24,Sacramento,067,1510023,346557,34637,381194,3339
2022-09-24,San Benito,069,59416,16286,965,17251,103
2022-09-24,San Bernardino,071,2135413,670864,30667,701531,8098
2022-09-24,San Diego,073,3302833,922166,71465,993631,5568
2022-09-24,San Francisco,075,870044,178798,12047,190845,1065
2022-09-24,San Joaquin,077,732212,197618,14887,212505,2339
2022-09-24,San Luis Obispo,079,281455,63205,7103,70308,525
2022-09-24,San Mateo,081,765935,168671,10382,179053,743
2022-09-24,Santa Barbara,083,443738,105618,6837,112455,731
2022-09-24,Santa Clara,085,1922200,435776,18790,454566,2543
2022-09-24,Santa Cruz,087,273765,62944,3440,66384,273
2022-09-24,Shasta,089,179085,34942,7424,42366,593
2022-09-24,Sierra,091,2930,304,60,364,5
2022-09-24,Siskiyou,093,43540,5136,3300,8436,92
2022-09-24,Solano,095,438530,105094,7876,112970,460
2022-09-24,Sonoma,097,501317,106749,5252,112001,528
2022-09-24,Stanislaus,099,539301,137780,21572,159352,1785
2022-09-24,Sutter,101,95872,24243,2455,26698,232
2022-09-24,Tehama,103,63373,13612,3069,16681,218
2022-09-24,Trinity,105,12862,1397,388,1785,21
2022-09-24,Tulare,107,460477,121943,36318,158261,1542
2022-09-24,Tuolumne,109,53932,15572,922,16494,199
2022-09-24,Ventura,111,848112,208395,15666,224061,1593
2022-09-24,Yolo,113,214977,47336,4293,51629,399
2022-09-24,Yuba,115,75493,18872,1710,20582,132
2022-09-23,Alameda,001,1643700,347183,19429,366612,1997
2022-09-23,Alpine,002,1148,134,1,135,0
2022-09-23,Amador,005,37829,9979,921,10900,93
2022-09-23,Butte,007,227075,39475,9102,48577,462
2022-09-23,Calaveras,009,45235,8494,550,9044,133
2022-09-23,Colusa,011,21464,3793,1273,5066,22
2022-09-23,Contra Costa,013,1133247,251019,20694,271713,1458
2022-09-23,Del Norte,015,27424,7433,397,7830,55
2022-09-23,El Dorado,017,186661,32206,4244,36450,234
2022-09-23,Fresno,019,978130,278334,31734,310068,2880
2022-09-23,Glenn,021,27897,5521,1861,7382,56
2022-09-23,Humboldt,023,135768,21788,4977,26765,160
2022-09-23,Imperial,025,180216,65497,15763,81260,962
2022-09-23,Inyo,027,18085,4490,981,5471,60
2022-09-23,Kern,029,883053,219387,63740,283127,2426
2022-09-23,Kings,031,150075,59407,4092,63499,464
2022-09-23,Lake,033,64148,12791,1181,13972,149
2022-09-23,Lassen,035,31185,9970,991,10961,64
2022-09-23,Los Angeles,037,10098052,3277137,180054,3457191,33565
2022-09-23,Madera,039,155013,44036,8237,52273,375
2022-09-23,Marin,041,260295,36610,5189,41799,258
2022-09-23,Mariposa,043,17540,3097,343,3440,30
2022-09-23,Mendocino,045,87422,16000,4461,20461,136
2022-09-23,Merced,047,269075,73399,12027,85426,867
2022-09-23,Modoc,049,8938,875,322,1197,11
2022-09-23,Mono,051,14174,3205,253,3458,7
2022-09-23,Monterey,053,433212,94120,20916,115036,770
2022-09-23,Napa,055,140530,32304,1392,33696,160
2022-09-23,Nevada,057,99092,18961,1823,20784,137
2022-09-23,Orange,059,3164182,669023,63306,732329,7525
2022-09-23,Placer,061,380077,75731,9620,85351,659
2022-09-23,Plumas,063,18699,3647,431,4078,13
2022-09-23,Riverside,065,2383286,695079,35135,730214,6641
2022-09-23,Sacramento,067,1510023,346483,34633,381116,3338
2022-09-23,San Benito,069,59416,16286,965,17251,102
2022-09-23,San Bernardino,071,2135413,670731,30660,701391,8098
2022-09-23,San Diego,073,3302833,921921,71432,993353,5568
2022-09-23,San Francisco,075,870044,178722,12042,190764,1065
2022-09-23,San Joaquin,077,732212,197580,14876,212456,2339
2022-09-23,San Luis Obispo,079,281455,63195,7102,70297,524
2022-09-23,San Mateo,081,765935,168595,10380,178975,743
2022-09-23,Santa Barbara,083,443738,105591,6836,112427,731
2022-09-23,Santa Clara,085,1922200,435606,18780,454386,2543
2022-09-23,Santa Cruz,087,273765,62928,3438,66366,273
2022-09-23,Shasta,089,179085,34937,7419,42356,593
2022-09-23,Sierra,091,2930,304,60,364,5
2022-09-23,Siskiyou,093,43540,5134,3300,8434,92
2022-09-23,Solano,095,438530,105065,7873,112938,460
2022-09-23,Sonoma,097,501317,106722,5251,111973,527
2022-09-23,Stanislaus,099,539301,137755,21568,159323,1785
2022-09-23,Sutter,101,95872,24235,2455,26690,232
2022-09-23,Tehama,103,63373,13608,3067,16675,218
2022-09-23,Trinity,105,12862,1396,388,1784,21
2022-09-23,Tulare,107,460477,121923,36299,158222,1542
2022-09-23,Tuolumne,109,53932,15566,922,16488,199
2022-09-23,Ventura,111,848112,208333,15660,223993,1592
2022-09-23,Yolo,113,214977,47318,4293,51611,399
2022-09-23,Yuba,115,75493,18870,1710,20580,132
2022-09-22,Alameda,001,1643700,347011,19426,366437,1997
2022-09-22,Alpine,002,1148,134,1,135,0
2022-09-22,Amador,005,37829,9975,921,10896,93
2022-09-22,Butte,007,227075,39463,9098,48561,462
2022-09-22,Calaveras,009,45235,8492,544,9036,133
2022-09-22,Colusa,011,21464,3791,1273,5064,22
2022-09-22,Contra Costa,013,1133247,250902,20680,271582,1458
2022-09-22,Del Norte,015,27424,7432,397,7829,55
2022-09-22,El Dorado,017,186661,32195,4241,36436,234
2022-09-22,Fresno,019,978130,278250,31718,309968,2879
2022-09-22,Glenn,021,27897,5520,1861,7381,56
2022-09-22,Humboldt,023,135768,21774,4975,26749,159
2022-09-22,Imperial,025,180216,65484,15750,81234,962
2022-09-22,Inyo,027,18085,4490,979,5469,60
2022-09-22,Kern,029,883053,219340,63692,283032,2425
2022-09-22,Kings,031,150075,59392,4092,63484,464
2022-09-22,Lake,033,64148,12788,1181,13969,149
2022-09-22,Lassen,035,31185,9969,991,10960,64
2022-09-22,Los Angeles,037,10098052,3276093,179905,3455998,33560
2022-09-22,Madera,039,155013,44029,8237,52266,375
2022-09-22,Marin,041,260295,36595,5187,41782,258
2022-09-22,Mariposa,043,17540,3096,343,3439,30
2022-09-22,Mendocino,045,87422,15995,4461,20456,136
2022-09-22,Merced,047,269075,73378,12025,85403,866
2022-09-22,Modoc,049,8938,875,322,1197,11
2022-09-22,Mono,051,14174,3204,252,3456,7
2022-09-22,Monterey,053,433212,94101,20907,115008,770
2022-09-22,Napa,055,140530,32286,1391,33677,160
2022-09-22,Nevada,057,99092,18955,1822,20777,137
2022-09-22,Orange,059,3164182,668793,63257,732050,7520
2022-09-22,Placer,061,380077,75699,9614,85313,659
2022-09-22,Plumas,063,18699,3644,431,4075,13
2022-09-22,Riverside,065,2383286,694898,35127,730025,6638
2022-09-22,Sacramento,067,1510023,346322,34614,380936,3336
2022-09-22,San Benito,069,59416,16286,964,17250,102
2022-09-22,San Bernardino,071,2135413,670581,30646,701227,8097
2022-09-22,San Diego,073,3302833,921558,71392,992950,5567
2022-09-22,San Francisco,075,870044,178616,12036,190652,1064
2022-09-22,San Joaquin,077,732212,197532,14867,212399,2338
2022-09-22,San Luis Obispo,079,281455,63177,7100,70277,524
2022-09-22,San Mateo,081,765935,168526,10378,178904,743
2022-09-22,Santa Barbara,083,443738,105561,6833,112394,729
2022-09-22,Santa Clara,085,1922200,435423,18770,454193,2542
2022-09-22,Santa Cruz,087,273765,62884,3427,66311,273
2022-09-22,Shasta,089,179085,34922,7413,42335,593
2022-09-22,Sierra,091,2930,304,60,364,5
2022-09-22,Siskiyou,093,43540,5133,3299,8432,92
2022-09-22,Solano,095,438530,105005,7868,112873,459
2022-09-22,Sonoma,097,501317,106686,5250,111936,527
2022-09-22,Stanislaus,099,539301,137722,21565,159287,1785
2022-09-22,Sutter,101,95872,24224,2455,26679,232
2022-09-22,Tehama,103,63373,13602,3065,16667,217
2022-09-22,Trinity,105,12862,1394,388,1782,21
2022-09-22,Tulare,107,460477,121905,36283,158188,1542
2022-09-22,Tuolumne,109,53932,15559,921,16480,199
2022-09-22,Ventura,111,848112,208247,15653,223900,1592
2022-09-22,Yolo,113,214977,47304,4287,51591,398
2022-09-22,Yuba,115,75493,18862,1707,20569,132
2022-09-21,Alameda,001,1643700,346841,19415,366256,1997
2022-09-21,Alpine,002,1148,134,1,135,0
2022-09-21,Amador,005,37829,9974,921,10895,93
2022-09-21,Butte,007,227075,39450,9089,48539,462
2022-09-21,Calaveras,009,45235,8489,543,9032,133
2022-09-21,Colusa,011,21464,3791,1273,5064,22
2022-09-21,Contra Costa,013,1133247,250784,20671,271455,1458
2022-09-21,Del Norte,015,27424,7430,397,7827,55
2022-09-21,El Dorado,017,186661,32183,4238,36421,234
2022-09-21,Fresno,019,978130,278173,31706,309879,2879
2022-09-21,Glenn,021,27897,5519,1860,7379,56
2022-09-21,Humboldt,023,135768,21757,4973,26730,159
2022-09-21,Imperial,025,180216,65468,15740,81208,962
2022-09-21,Inyo,027,18085,4490,976,5466,60
2022-09-21,Kern,029,883053,219286,63646,282932,2424
2022-09-21,Kings,031,150075,59376,4092,63468,464
2022-09-21,Lake,033,64148,12781,1180,13961,149
2022-09-21,Lassen,035,31185,9969,991,10960,64
2022-09-21,Los Angeles,037,10098052,3274925,179739,3454664,33550
2022-09-21,Madera,039,155013,44014,8237,52251,375
2022-09-21,Marin,041,260295,36571,5187,41758,258
2022-09-21,Mariposa,043,17540,3096,343,3439,30
2022-09-21,Mendocino,045,87422,15987,4460,20447,136
2022-09-21,Merced,047,269075,73361,12025,85386,866
2022-09-21,Modoc,049,8938,875,322,1197,11
2022-09-21,Mono,051,14174,3204,252,3456,7
2022-09-21,Monterey,053,433212,94080,20899,114979,770
2022-09-21,Napa,055,140530,32278,1391,33669,160
2022-09-21,Nevada,057,99092,18945,1822,20767,137
2022-09-21,Orange,059,3164182,668529,63209,731738,7518
2022-09-21,Placer,061,380077,75665,9610,85275,659
2022-09-21,Plumas,063,18699,3642,431,4073,13
2022-09-21,Riverside,065,2383286,694713,35108,729821,6637
2022-09-21,Sacramento,067,1510023,346165,34598,380763,3335
2022-09-21,San Benito,069,59416,16273,962,17235,102
2022-09-21,San Bernardino,071,2135413,670426,30640,701066,8097
2022-09-21,San Diego,073,3302833,921179,71345,992524,5567
2022-09-21,San Francisco,075,870044,178520,12027,190547,1063
2022-09-21,San Joaquin,077,732212,197477,14861,212338,2338
2022-09-21,San Luis Obispo,079,281455,63159,7093,70252,524
2022-09-21,San Mateo,081,765935,168450,10377,178827,743
2022-09-21,Santa Barbara,083,443738,105515,6831,112346,729
2022-09-21,Santa Clara,085,1922200,435231,18763,453994,2542
2022-09-21,Santa Cruz,087,273765,62837,3423,66260,273
2022-09-21,Shasta,089,179085,34914,7408,42322,592
2022-09-21,Sierra,091,2930,303,60,363,5
2022-09-21,Siskiyou,093,43540,5130,3298,8428,90
2022-09-21,Solano,095,438530,104961,7865,112826,459
2022-09-21,Sonoma,097,501317,106652,5244,111896,527
2022-09-21,Stanislaus,099,539301,137688,21555,159243,1785
2022-09-21,Sutter,101,95872,24215,2455,26670,232
2022-09-21,Tehama,103,63373,13596,3065,16661,216
2022-09-21,Trinity,105,12862,1394,388,1782,21
2022-09-21,Tulare,107,460477,121876,36265,158141,1541
2022-09-21,Tuolumne,109,53932,15554,918,16472,199
2022-09-21,Ventura,111,848112,208171,15646,223817,1591
2022-09-21,Yolo,113,214977,47284,4281,51565,398
2022-09-21,Yuba,115,75493,18854,1707,20561,132
2022-09-20,Alameda,001,1643700,346683,19404,366087,1997
2022-09-20,Alpine,002,1148,134,1,135,0
2022-09-20,Amador,005,37829,9966,921,10887,93
2022-09-20,Butte,007,227075,39435,9079,48514,462
2022-09-20,Calaveras,009,45235,8487,543,9030,133
2022-09-20,Colusa,011,21464,3791,1273,5064,22
2022-09-20,Contra Costa,013,1133247,250658,20658,271316,1457
2022-09-20,Del Norte,015,27424,7425,397,7822,55
2022-09-20,El Dorado,017,186661,32169,4234,36403,234
2022-09-20,Fresno,019,978130,278097,31693,309790,2879
2022-09-20,Glenn,021,27897,5518,1859,7377,56
2022-09-20,Humboldt,023,135768,21744,4970,26714,159
2022-09-20,Imperial,025,180216,65446,15729,81175,961
2022-09-20,Inyo,027,18085,4489,973,5462,60
2022-09-20,Kern,029,883053,219230,63604,282834,2424
2022-09-20,Kings,031,150075,59353,4091,63444,464
2022-09-20,Lake,033,64148,12778,1180,13958,149
2022-09-20,Lassen,035,31185,9966,991,10957,64
2022-09-20,Los Angeles,037,10098052,3273762,179594,3453356,33539
2022-09-20,Madera,039,155013,44005,8232,52237,375
2022-09-20,Marin,041,260295,36546,5182,41728,258
2022-09-20,Mariposa,043,17540,3096,343,3439,30
2022-09-20,Mendocino,045,87422,15982,4458,20440,136
2022-09-20,Merced,047,269075,73335,12023,85358,866
2022-09-20,Modoc,049,8938,875,322,1197,11
2022-09-20,Mono,051,14174,3204,252,3456,7
2022-09-20,Monterey,053,433212,94061,20890,114951,770
2022-09-20,Napa,055,140530,32269,1390,33659,160
2022-09-20,Nevada,057,99092,18940,1822,20762,137
2022-09-20,Orange,059,3164182,668241,63163,731404,7518
2022-09-20,Placer,061,380077,75636,9605,85241,659
2022-09-20,Plumas,063,18699,3640,431,4071,13
2022-09-20,Riverside,065,2383286,694510,35080,729590,6637
2022-09-20,Sacramento,067,1510023,346010,34575,380585,3333
2022-09-20,San Benito,069,59416,16266,962,17228,102
2022-09-20,San Bernardino,071,2135413,670210,30628,700838,8093
2022-09-20,San Diego,073,3302833,920768,71289,992057,5564
2022-09-20,San Francisco,075,870044,178419,12021,190440,1063
2022-09-20,San Joaquin,077,732212,197415,14856,212271,2338
2022-09-20,San Luis Obispo,079,281455,63142,7085,70227,524
2022-09-20,San Mateo,081,765935,168366,10373,178739,743
2022-09-20,Santa Barbara,083,443738,105479,6826,112305,729
2022-09-20,Santa Clara,085,1922200,435023,18752,453775,2542
2022-09-20,Santa Cruz,087,273765,62815,3418,66233,273
2022-09-20,Shasta,089,179085,34903,7404,42307,592
2022-09-20,Sierra,091,2930,303,60,363,5
2022-09-20,Siskiyou,093,43540,5126,3298,8424,90
2022-09-20,Solano,095,438530,104915,7858,112773,459
2022-09-20,Sonoma,097,501317,106599,5243,111842,527
2022-09-20,Stanislaus,099,539301,137644,21550,159194,1784
2022-09-20,Sutter,101,95872,24211,2455,26666,232
2022-09-20,Tehama,103,63373,13594,3065,16659,216
2022-09-20,Trinity,105,12862,1394,388,1782,21
2022-09-20,Tulare,107,460477,121854,36243,158097,1541
2022-09-20,Tuolumne,109,53932,15548,917,16465,199
2022-09-20,Ventura,111,848112,208088,15641,223729,1591
2022-09-20,Yolo,113,214977,47263,4277,51540,397
2022-09-20,Yuba,115,75493,18850,1707,20557,132
2022-09-19,Alameda,001,1643700,346508,19390,365898,1997
2022-09-19,Alpine,002,1148,134,1,135,0
2022-09-19,Amador,005,37829,9962,921,10883,93
2022-09-19,Butte,007,227075,39422,9071,48493,462
2022-09-19,Calaveras,009,45235,8482,542,9024,133
2022-09-19,Colusa,011,21464,3789,1273,5062,22
2022-09-19,Contra Costa,013,1133247,250563,20635,271198,1455
2022-09-19,Del Norte,015,27424,7422,397,7819,55
2022-09-19,El Dorado,017,186661,32160,4230,36390,234
2022-09-19,Fresno,019,978130,278010,31685,309695,2878
2022-09-19,Glenn,021,27897,5517,1858,7375,56
2022-09-19,Humboldt,023,135768,21731,4965,26696,159
2022-09-19,Imperial,025,180216,65427,15715,81142,961
2022-09-19,Inyo,027,18085,4488,971,5459,60
2022-09-19,Kern,029,883053,219167,63545,282712,2424
2022-09-19,Kings,031,150075,59339,4091,63430,464
2022-09-19,Lake,033,64148,12772,1180,13952,149
2022-09-19,Lassen,035,31185,9961,991,10952,64
2022-09-19,Los Angeles,037,10098052,3272379,179412,3451791,33534
2022-09-19,Madera,039,155013,43979,8227,52206,375
2022-09-19,Marin,041,260295,36516,5178,41694,258
2022-09-19,Mariposa,043,17540,3096,343,3439,30
2022-09-19,Mendocino,045,87422,15975,4456,20431,136
2022-09-19,Merced,047,269075,73320,12016,85336,866
2022-09-19,Modoc,049,8938,875,322,1197,11
2022-09-19,Mono,051,14174,3204,252,3456,7
2022-09-19,Monterey,053,433212,94027,20877,114904,770
2022-09-19,Napa,055,140530,32254,1389,33643,160
2022-09-19,Nevada,057,99092,18934,1820,20754,137
2022-09-19,Orange,059,3164182,667948,63109,731057,7517
2022-09-19,Placer,061,380077,75614,9603,85217,659
2022-09-19,Plumas,063,18699,3638,431,4069,13
2022-09-19,Riverside,065,2383286,694273,35067,729340,6636
2022-09-19,Sacramento,067,1510023,345860,34556,380416,3331
2022-09-19,San Benito,069,59416,16256,962,17218,102
2022-09-19,San Bernardino,071,2135413,669983,30613,700596,8092
2022-09-19,San Diego,073,3302833,920340,71202,991542,5564
2022-09-19,San Francisco,075,870044,178327,12013,190340,1063
2022-09-19,San Joaquin,077,732212,197322,14849,212171,2338
2022-09-19,San Luis Obispo,079,281455,63120,7079,70199,524
2022-09-19,San Mateo,081,765935,168265,10367,178632,743
2022-09-19,Santa Barbara,083,443738,105437,6821,112258,729
2022-09-19,Santa Clara,085,1922200,434786,18740,453526,2538
2022-09-19,Santa Cruz,087,273765,62785,3412,66197,273
2022-09-19,Shasta,089,179085,34884,7397,42281,592
2022-09-19,Sierra,091,2930,303,60,363,5
2022-09-19,Siskiyou,093,43540,5123,3296,8419,90
2022-09-19,Solano,095,438530,104870,7855,112725,459
2022-09-19,Sonoma,097,501317,106542,5243,111785,527
2022-09-19,Stanislaus,099,539301,137598,21539,159137,1783
2022-09-19,Sutter,101,95872,24197,2455,26652,232
2022-09-19,Tehama,103,63373,13589,3064,16653,216
2022-09-19,Trinity,105,12862,1394,388,1782,21
2022-09-19,Tulare,107,460477,121825,36224,158049,1541
2022-09-19,Tuolumne,109,53932,15542,917,16459,199
2022-09-19,Ventura,111,848112,207989,15638,223627,1590
2022-09-19,Yolo,113,214977,47248,4275,51523,396
2022-09-19,Yuba,115,75493,18840,1700,20540,132
2022-09-18,Alameda,001,1643700,346300,19377,365677,1996
2022-09-18,Alpine,002,1148,134,1,135,0
2022-09-18,Amador,005,37829,9956,921,10877,93
2022-09-18,Butte,007,227075,39404,9060,48464,462
2022-09-18,Calaveras,009,45235,8476,539,9015,133
2022-09-18,Colusa,011,21464,3788,1273,5061,22
2022-09-18,Contra Costa,013,1133247,250412,20623,271035,1454
2022-09-18,Del Norte,015,27424,7416,397,7813,55
2022-09-18,El Dorado,017,186661,32146,4227,36373,234
2022-09-18,Fresno,019,978130,277912,31660,309572,2878
2022-09-18,Glenn,021,27897,5512,1858,7370,56
2022-09-18,Humboldt,023,135768,21717,4957,26674,159
2022-09-18,Imperial,025,180216,65408,15693,81101,961
2022-09-18,Inyo,027,18085,4486,970,5456,60
2022-09-18,Kern,029,883053,219092,63472,282564,2424
2022-09-18,Kings,031,150075,59321,4087,63408,464
2022-09-18,Lake,033,64148,12766,1177,13943,149
2022-09-18,Lassen,035,31185,9957,991,10948,64
2022-09-18,Los Angeles,037,10098052,3270829,179245,3450074,33524
2022-09-18,Madera,039,155013,43955,8224,52179,375
2022-09-18,Marin,041,260295,36493,5174,41667,258
2022-09-18,Mariposa,043,17540,3095,343,3438,29
2022-09-18,Mendocino,045,87422,15971,4451,20422,136
2022-09-18,Merced,047,269075,73292,12009,85301,865
2022-09-18,Modoc,049,8938,874,322,1196,11
2022-09-18,Mono,051,14174,3204,251,3455,7
2022-09-18,Monterey,053,433212,93998,20861,114859,769
2022-09-18,Napa,055,140530,32237,1389,33626,160
2022-09-18,Nevada,057,99092,18921,1819,20740,137
2022-09-18,Orange,059,3164182,667652,63028,730680,7517
2022-09-18,Placer,061,380077,75577,9594,85171,659
2022-09-18,Plumas,063,18699,3632,431,4063,13
2022-09-18,Riverside,065,2383286,694035,35040,729075,6635
2022-09-18,Sacramento,067,1510023,345672,34526,380198,3330
2022-09-18,San Benito,069,59416,16250,959,17209,102
2022-09-18,San Bernardino,071,2135413,669738,30597,700335,8092
2022-09-18,San Diego,073,3302833,919861,71151,991012,5563
2022-09-18,San Francisco,075,870044,178185,12009,190194,1061
2022-09-18,San Joaquin,077,732212,197242,14843,212085,2337
2022-09-18,San Luis Obispo,079,281455,63100,7070,70170,524
2022-09-18,San Mateo,081,765935,168156,10362,178518,743
2022-09-18,Santa Barbara,083,443738,105391,6817,112208,729
2022-09-18,Santa Clara,085,1922200,434536,18720,453256,2537
2022-09-18,Santa Cruz,087,273765,62755,3407,66162,273
2022-09-18,Shasta,089,179085,34865,7384,42249,592
2022-09-18,Sierra,091,2930,303,60,363,5
2022-09-18,Siskiyou,093,43540,5120,3294,8414,90
2022-09-18,Solano,095,438530,104815,7844,112659,459
2022-09-18,Sonoma,097,501317,106486,5240,111726,526
2022-09-18,Stanislaus,099,539301,137545,21527,159072,1783
2022-09-18,Sutter,101,95872,24184,2455,26639,232
2022-09-18,Tehama,103,63373,13579,3062,16641,216
2022-09-18,Trinity,105,12862,1394,384,1778,21
2022-09-18,Tulare,107,460477,121775,36194,157969,1541
2022-09-18,Tuolumne,109,53932,15532,916,16448,199
2022-09-18,Ventura,111,848112,207878,15625,223503,1589
2022-09-18,Yolo,113,214977,47235,4272,51507,394
2022-09-18,Yuba,115,75493,18830,1700,20530,132
2022-09-17,Alameda,001,1643700,346177,19374,365551,1995
2022-09-17,Alpine,002,1148,134,1,135,0
2022-09-17,Amador,005,37829,9954,921,10875,92
2022-09-17,Butte,007,227075,39393,9055,48448,462
2022-09-17,Calaveras,009,45235,8472,537,9009,133
2022-09-17,Colusa,011,21464,3784,1273,5057,22
2022-09-17,Contra Costa,013,1133247,250327,20620,270947,1450
2022-09-17,Del Norte,015,27424,7414,397,7811,55
2022-09-17,El Dorado,017,186661,32140,4227,36367,234
2022-09-17,Fresno,019,978130,277866,31650,309516,2877
2022-09-17,Glenn,021,27897,5508,1856,7364,56
2022-09-17,Humboldt,023,135768,21709,4951,26660,159
2022-09-17,Imperial,025,180216,65387,15685,81072,961
2022-09-17,Inyo,027,18085,4486,968,5454,60
2022-09-17,Kern,029,883053,219055,63429,282484,2424
2022-09-17,Kings,031,150075,59310,4085,63395,464
2022-09-17,Lake,033,64148,12765,1177,13942,148
2022-09-17,Lassen,035,31185,9957,991,10948,64
2022-09-17,Los Angeles,037,10098052,3269996,179101,3449097,33511
2022-09-17,Madera,039,155013,43948,8224,52172,375
2022-09-17,Marin,041,260295,36477,5170,41647,258
2022-09-17,Mariposa,043,17540,3094,343,3437,29
2022-09-17,Mendocino,045,87422,15969,4451,20420,136
2022-09-17,Merced,047,269075,73278,12005,85283,865
2022-09-17,Modoc,049,8938,874,322,1196,11
2022-09-17,Mono,051,14174,3204,251,3455,7
2022-09-17,Monterey,053,433212,93985,20852,114837,769
2022-09-17,Napa,055,140530,32230,1389,33619,160
2022-09-17,Nevada,057,99092,18912,1817,20729,137
2022-09-17,Orange,059,3164182,667463,62991,730454,7513
2022-09-17,Placer,061,380077,75542,9588,85130,659
2022-09-17,Plumas,063,18699,3630,431,4061,13
2022-09-17,Riverside,065,2383286,693888,35025,728913,6634
2022-09-17,Sacramento,067,1510023,345592,34507,380099,3329
2022-09-17,San Benito,069,59416,16245,958,17203,102
2022-09-17,San Bernardino,071,2135413,669604,30587,700191,8091
2022-09-17,San Diego,073,3302833,919683,71130,990813,5562
2022-09-17,San Francisco,075,870044,178123,12005,190128,1061
2022-09-17,San Joaquin,077,732212,197217,14840,212057,2336
2022-09-17,San Luis Obispo,079,281455,63089,7070,70159,524
2022-09-17,San Mateo,081,765935,168089,10355,178444,743
2022-09-17,Santa Barbara,083,443738,105361,6816,112177,729
2022-09-17,Santa Clara,085,1922200,434389,18715,453104,2536
2022-09-17,Santa Cruz,087,273765,62747,3407,66154,273
2022-09-17,Shasta,089,179085,34854,7379,42233,592
2022-09-17,Sierra,091,2930,303,60,363,5
2022-09-17,Siskiyou,093,43540,5119,3293,8412,90
2022-09-17,Solano,095,438530,104804,7841,112645,458
2022-09-17,Sonoma,097,501317,106450,5239,111689,526
2022-09-17,Stanislaus,099,539301,137520,21521,159041,1783
2022-09-17,Sutter,101,95872,24178,2455,26633,232
2022-09-17,Tehama,103,63373,13577,3061,16638,216
2022-09-17,Trinity,105,12862,1394,384,1778,21
2022-09-17,Tulare,107,460477,121757,36182,157939,1541
2022-09-17,Tuolumne,109,53932,15526,916,16442,199
2022-09-17,Ventura,111,848112,207832,15616,223448,1589
2022-09-17,Yolo,113,214977,47225,4267,51492,394
2022-09-17,Yuba,115,75493,18827,1700,20527,132
2022-09-16,Alameda,001,1643700,346042,19361,365403,1995
2022-09-16,Alpine,002,1148,134,1,135,0
2022-09-16,Amador,005,37829,9952,921,10873,92
2022-09-16,Butte,007,227075,39377,9052,48429,462
2022-09-16,Calaveras,009,45235,8469,537,9006,133
2022-09-16,Colusa,011,21464,3783,1273,5056,22
2022-09-16,Contra Costa,013,1133247,250242,20613,270855,1450
2022-09-16,Del Norte,015,27424,7413,397,7810,55
2022-09-16,El Dorado,017,186661,32133,4225,36358,234
2022-09-16,Fresno,019,978130,277826,31641,309467,2876
2022-09-16,Glenn,021,27897,5508,1856,7364,56
2022-09-16,Humboldt,023,135768,21699,4951,26650,159
2022-09-16,Imperial,025,180216,65374,15680,81054,961
2022-09-16,Inyo,027,18085,4486,966,5452,60
2022-09-16,Kern,029,883053,219013,63407,282420,2424
2022-09-16,Kings,031,150075,59295,4085,63380,463
2022-09-16,Lake,033,64148,12761,1177,13938,148
2022-09-16,Lassen,035,31185,9956,990,10946,64
2022-09-16,Los Angeles,037,10098052,3269097,179002,3448099,33501
2022-09-16,Madera,039,155013,43934,8224,52158,374
2022-09-16,Marin,041,260295,36455,5167,41622,258
2022-09-16,Mariposa,043,17540,3093,343,3436,29
2022-09-16,Mendocino,045,87422,15964,4450,20414,136
2022-09-16,Merced,047,269075,73263,12003,85266,865
2022-09-16,Modoc,049,8938,874,322,1196,11
2022-09-16,Mono,051,14174,3204,251,3455,7
2022-09-16,Monterey,053,433212,93968,20849,114817,769
2022-09-16,Napa,055,140530,32220,1388,33608,160
2022-09-16,Nevada,057,99092,18907,1817,20724,137
2022-09-16,Orange,059,3164182,667293,62938,730231,7512
2022-09-16,Placer,061,380077,75524,9583,85107,659
2022-09-16,Plumas,063,18699,3628,431,4059,13
2022-09-16,Riverside,065,2383286,693769,35007,728776,6634
2022-09-16,Sacramento,067,1510023,345496,34500,379996,3327
2022-09-16,San Benito,069,59416,16238,958,17196,102
2022-09-16,San Bernardino,071,2135413,669454,30578,700032,8090
2022-09-16,San Diego,073,3302833,919403,71103,990506,5560
2022-09-16,San Francisco,075,870044,178064,11999,190063,1060
2022-09-16,San Joaquin,077,732212,197180,14836,212016,2336
2022-09-16,San Luis Obispo,079,281455,63073,7069,70142,524
2022-09-16,San Mateo,081,765935,168018,10352,178370,743
2022-09-16,Santa Barbara,083,443738,105335,6814,112149,729
2022-09-16,Santa Clara,085,1922200,434247,18708,452955,2535
2022-09-16,Santa Cruz,087,273765,62726,3407,66133,273
2022-09-16,Shasta,089,179085,34847,7375,42222,592
2022-09-16,Sierra,091,2930,303,60,363,5
2022-09-16,Siskiyou,093,43540,5117,3293,8410,90
2022-09-16,Solano,095,438530,104780,7838,112618,458
2022-09-16,Sonoma,097,501317,106420,5239,111659,526
2022-09-16,Stanislaus,099,539301,137483,21518,159001,1782
2022-09-16,Sutter,101,95872,24165,2455,26620,232
2022-09-16,Tehama,103,63373,13575,3060,16635,215
2022-09-16,Trinity,105,12862,1394,384,1778,21
2022-09-16,Tulare,107,460477,121731,36164,157895,1541
2022-09-16,Tuolumne,109,53932,15515,916,16431,199
2022-09-16,Ventura,111,848112,207763,15605,223368,1589
2022-09-16,Yolo,113,214977,47214,4262,51476,393
2022-09-16,Yuba,115,75493,18818,1700,20518,132
2022-09-15,Alameda,001,1643700,345864,19349,365213,1995
2022-09-15,Alpine,002,1148,134,1,135,0
2022-09-15,Amador,005,37829,9948,921,10869,92
2022-09-15,Butte,007,227075,39367,9047,48414,462
2022-09-15,Calaveras,009,45235,8467,534,9001,133
2022-09-15,Colusa,011,21464,3782,1273,5055,22
2022-09-15,Contra Costa,013,1133247,250109,20595,270704,1449
2022-09-15,Del Norte,015,27424,7410,397,7807,55
2022-09-15,El Dorado,017,186661,32124,4223,36347,234
2022-09-15,Fresno,019,978130,277722,31631,309353,2876
2022-09-15,Glenn,021,27897,5508,1855,7363,56
2022-09-15,Humboldt,023,135768,21682,4943,26625,159
2022-09-15,Imperial,025,180216,65350,15665,81015,961
2022-09-15,Inyo,027,18085,4486,963,5449,60
2022-09-15,Kern,029,883053,218954,63353,282307,2424
2022-09-15,Kings,031,150075,59277,4085,63362,463
2022-09-15,Lake,033,64148,12758,1176,13934,148
2022-09-15,Lassen,035,31185,9955,990,10945,64
2022-09-15,Los Angeles,037,10098052,3267933,178843,3446776,33496
2022-09-15,Madera,039,155013,43923,8221,52144,374
2022-09-15,Marin,041,260295,36437,5164,41601,258
2022-09-15,Mariposa,043,17540,3092,342,3434,29
2022-09-15,Mendocino,045,87422,15953,4448,20401,136
2022-09-15,Merced,047,269075,73241,11999,85240,865
2022-09-15,Modoc,049,8938,874,321,1195,11
2022-09-15,Mono,051,14174,3204,249,3453,7
2022-09-15,Monterey,053,433212,93947,20839,114786,769
2022-09-15,Napa,055,140530,32207,1388,33595,160
2022-09-15,Nevada,057,99092,18899,1814,20713,137
2022-09-15,Orange,059,3164182,667056,62865,729921,7508
2022-09-15,Placer,061,380077,75487,9578,85065,659
2022-09-15,Plumas,063,18699,3628,431,4059,13
2022-09-15,Riverside,065,2383286,693594,34991,728585,6634
2022-09-15,Sacramento,067,1510023,345337,34473,379810,3325
2022-09-15,San Benito,069,59416,16232,958,17190,102
2022-09-15,San Bernardino,071,2135413,669257,30564,699821,8090
2022-09-15,San Diego,073,3302833,919044,71063,990107,5559
2022-09-15,San Francisco,075,870044,177956,11992,189948,1058
2022-09-15,San Joaquin,077,732212,197112,14823,211935,2335
2022-09-15,San Luis Obispo,079,281455,63049,7066,70115,524
2022-09-15,San Mateo,081,765935,167923,10344,178267,743
2022-09-15,Santa Barbara,083,443738,105295,6808,112103,728
2022-09-15,Santa Clara,085,1922200,434032,18694,452726,2533
2022-09-15,Santa Cruz,087,273765,62704,3403,66107,273
2022-09-15,Shasta,089,179085,34840,7367,42207,592
2022-09-15,Sierra,091,2930,303,60,363,5
2022-09-15,Siskiyou,093,43540,5113,3290,8403,90
2022-09-15,Solano,095,438530,104738,7832,112570,458
2022-09-15,Sonoma,097,501317,106382,5237,111619,526
2022-09-15,Stanislaus,099,539301,137440,21514,158954,1781
2022-09-15,Sutter,101,95872,24157,2455,26612,232
2022-09-15,Tehama,103,63373,13570,3058,16628,215
2022-09-15,Trinity,105,12862,1393,383,1776,21
2022-09-15,Tulare,107,460477,121703,36144,157847,1541
2022-09-15,Tuolumne,109,53932,15506,916,16422,199
2022-09-15,Ventura,111,848112,207668,15591,223259,1589
2022-09-15,Yolo,113,214977,47201,4260,51461,393
2022-09-15,Yuba,115,75493,18810,1698,20508,132
2022-09-14,Alameda,001,1643700,345681,19337,365018,1995
2022-09-14,Alpine,002,1148,134,1,135,0
2022-09-14,Amador,005,37829,9942,921,10863,92
2022-09-14,Butte,007,227075,39348,9040,48388,462
2022-09-14,Calaveras,009,45235,8461,532,8993,133
2022-09-14,Colusa,011,21464,3779,1273,5052,22
2022-09-14,Contra Costa,013,1133247,249999,20581,270580,1448
2022-09-14,Del Norte,015,27424,7407,397,7804,55
2022-09-14,El Dorado,017,186661,32112,4217,36329,234
2022-09-14,Fresno,019,978130,277627,31616,309243,2874
2022-09-14,Glenn,021,27897,5508,1852,7360,56
2022-09-14,Humboldt,023,135768,21660,4940,26600,159
2022-09-14,Imperial,025,180216,65324,15648,80972,961
2022-09-14,Inyo,027,18085,4484,961,5445,60
2022-09-14,Kern,029,883053,218892,63297,282189,2422
2022-09-14,Kings,031,150075,59255,4081,63336,463
2022-09-14,Lake,033,64148,12750,1175,13925,148
2022-09-14,Lassen,035,31185,9955,988,10943,64
2022-09-14,Los Angeles,037,10098052,3266678,178700,3445378,33485
2022-09-14,Madera,039,155013,43893,8216,52109,374
2022-09-14,Marin,041,260295,36415,5156,41571,258
2022-09-14,Mariposa,043,17540,3091,342,3433,29
2022-09-14,Mendocino,045,87422,15948,4447,20395,136
2022-09-14,Merced,047,269075,73213,11989,85202,865
2022-09-14,Modoc,049,8938,873,320,1193,11
2022-09-14,Mono,051,14174,3204,248,3452,7
2022-09-14,Monterey,053,433212,93928,20831,114759,769
2022-09-14,Napa,055,140530,32193,1384,33577,160
2022-09-14,Nevada,057,99092,18888,1812,20700,137
2022-09-14,Orange,059,3164182,666756,62816,729572,7502
2022-09-14,Placer,061,380077,75456,9575,85031,659
2022-09-14,Plumas,063,18699,3622,431,4053,13
2022-09-14,Riverside,065,2383286,693357,34964,728321,6634
2022-09-14,Sacramento,067,1510023,345177,34433,379610,3324
2022-09-14,San Benito,069,59416,16224,958,17182,102
2022-09-14,San Bernardino,071,2135413,669060,30549,699609,8087
2022-09-14,San Diego,073,3302833,918664,71015,989679,5558
2022-09-14,San Francisco,075,870044,177857,11985,189842,1057
2022-09-14,San Joaquin,077,732212,197042,14811,211853,2334
2022-09-14,San Luis Obispo,079,281455,63025,7061,70086,524
2022-09-14,San Mateo,081,765935,167841,10340,178181,743
2022-09-14,Santa Barbara,083,443738,105260,6806,112066,728
2022-09-14,Santa Clara,085,1922200,433831,18685,452516,2532
2022-09-14,Santa Cruz,087,273765,62690,3401,66091,273
2022-09-14,Shasta,089,179085,34828,7357,42185,592
2022-09-14,Sierra,091,2930,303,60,363,5
2022-09-14,Siskiyou,093,43540,5109,3289,8398,90
2022-09-14,Solano,095,438530,104705,7827,112532,458
2022-09-14,Sonoma,097,501317,106330,5233,111563,525
2022-09-14,Stanislaus,099,539301,137373,21504,158877,1781
2022-09-14,Sutter,101,95872,24144,2455,26599,232
2022-09-14,Tehama,103,63373,13569,3055,16624,215
2022-09-14,Trinity,105,12862,1393,379,1772,21
2022-09-14,Tulare,107,460477,121678,36120,157798,1541
2022-09-14,Tuolumne,109,53932,15498,916,16414,199
2022-09-14,Ventura,111,848112,207579,15581,223160,1589
2022-09-14,Yolo,113,214977,47192,4254,51446,393
2022-09-14,Yuba,115,75493,18803,1697,20500,132
2022-09-13,Alameda,001,1643700,345485,19326,364811,1995
2022-09-13,Alpine,002,1148,134,1,135,0
2022-09-13,Amador,005,37829,9937,921,10858,91
2022-09-13,Butte,007,227075,39320,9034,48354,462
2022-09-13,Calaveras,009,45235,8458,530,8988,133
2022-09-13,Colusa,011,21464,3777,1273,5050,22
2022-09-13,Contra Costa,013,1133247,249867,20571,270438,1448
2022-09-13,Del Norte,015,27424,7403,397,7800,55
2022-09-13,El Dorado,017,186661,32098,4213,36311,234
2022-09-13,Fresno,019,978130,277533,31598,309131,2873
2022-09-13,Glenn,021,27897,5507,1850,7357,56
2022-09-13,Humboldt,023,135768,21642,4931,26573,159
2022-09-13,Imperial,025,180216,65301,15638,80939,961
2022-09-13,Inyo,027,18085,4482,958,5440,60
2022-09-13,Kern,029,883053,218799,63213,282012,2422
2022-09-13,Kings,031,150075,59219,4079,63298,462
2022-09-13,Lake,033,64148,12744,1175,13919,148
2022-09-13,Lassen,035,31185,9955,985,10940,64
2022-09-13,Los Angeles,037,10098052,3265354,178551,3443905,33476
2022-09-13,Madera,039,155013,43882,8208,52090,374
2022-09-13,Marin,041,260295,36399,5152,41551,258
2022-09-13,Mariposa,043,17540,3089,342,3431,29
2022-09-13,Mendocino,045,87422,15943,4443,20386,136
2022-09-13,Merced,047,269075,73190,11986,85176,864
2022-09-13,Modoc,049,8938,873,320,1193,11
2022-09-13,Mono,051,14174,3204,248,3452,7
2022-09-13,Monterey,053,433212,93899,20819,114718,769
2022-09-13,Napa,055,140530,32173,1384,33557,160
2022-09-13,Nevada,057,99092,18877,1810,20687,137
2022-09-13,Orange,059,3164182,666460,62749,729209,7502
2022-09-13,Placer,061,380077,75422,9571,84993,658
2022-09-13,Plumas,063,18699,3619,431,4050,13
2022-09-13,Riverside,065,2383286,693133,34940,728073,6633
2022-09-13,Sacramento,067,1510023,344992,34399,379391,3324
2022-09-13,San Benito,069,59416,16215,958,17173,102
2022-09-13,San Bernardino,071,2135413,668811,30532,699343,8086
2022-09-13,San Diego,073,3302833,918261,70976,989237,5557
2022-09-13,San Francisco,075,870044,177750,11979,189729,1056
2022-09-13,San Joaquin,077,732212,196958,14802,211760,2334
2022-09-13,San Luis Obispo,079,281455,62995,7053,70048,524
2022-09-13,San Mateo,081,765935,167755,10338,178093,743
2022-09-13,Santa Barbara,083,443738,105205,6799,112004,728
2022-09-13,Santa Clara,085,1922200,433595,18675,452270,2531
2022-09-13,Santa Cruz,087,273765,62665,3399,66064,273
2022-09-13,Shasta,089,179085,34803,7353,42156,592
2022-09-13,Sierra,091,2930,303,60,363,5
2022-09-13,Siskiyou,093,43540,5105,3288,8393,89
2022-09-13,Solano,095,438530,104649,7818,112467,458
2022-09-13,Sonoma,097,501317,106274,5231,111505,525
2022-09-13,Stanislaus,099,539301,137323,21498,158821,1780
2022-09-13,Sutter,101,95872,24133,2454,26587,232
2022-09-13,Tehama,103,63373,13560,3054,16614,215
2022-09-13,Trinity,105,12862,1392,379,1771,21
2022-09-13,Tulare,107,460477,121648,36092,157740,1540
2022-09-13,Tuolumne,109,53932,15492,916,16408,199
2022-09-13,Ventura,111,848112,207483,15565,223048,1589
2022-09-13,Yolo,113,214977,47180,4249,51429,393
2022-09-13,Yuba,115,75493,18794,1696,20490,132
2022-09-12,Alameda,001,1643700,345259,19309,364568,1995
2022-09-12,Alpine,002,1148,134,1,135,0
2022-09-12,Amador,005,37829,9929,920,10849,90
2022-09-12,Butte,007,227075,39301,9025,48326,462
2022-09-12,Calaveras,009,45235,8454,530,8984,133
2022-09-12,Colusa,011,21464,3776,1272,5048,22
2022-09-12,Contra Costa,013,1133247,249737,20554,270291,1447
2022-09-12,Del Norte,015,27424,7400,397,7797,55
2022-09-12,El Dorado,017,186661,32081,4207,36288,234
2022-09-12,Fresno,019,978130,277406,31578,308984,2871
2022-09-12,Glenn,021,27897,5503,1850,7353,56
2022-09-12,Humboldt,023,135768,21626,4920,26546,159
2022-09-12,Imperial,025,180216,65277,15620,80897,961
2022-09-12,Inyo,027,18085,4480,956,5436,60
2022-09-12,Kern,029,883053,218722,63143,281865,2422
2022-09-12,Kings,031,150075,59202,4075,63277,462
2022-09-12,Lake,033,64148,12735,1172,13907,148
2022-09-12,Lassen,035,31185,9954,985,10939,64
2022-09-12,Los Angeles,037,10098052,3263825,178366,3442191,33468
2022-09-12,Madera,039,155013,43870,8198,52068,374
2022-09-12,Marin,041,260295,36379,5148,41527,258
2022-09-12,Mariposa,043,17540,3084,342,3426,29
2022-09-12,Mendocino,045,87422,15932,4435,20367,136
2022-09-12,Merced,047,269075,73150,11973,85123,863
2022-09-12,Modoc,049,8938,873,318,1191,11
2022-09-12,Mono,051,14174,3200,248,3448,7
2022-09-12,Monterey,053,433212,93865,20796,114661,769
2022-09-12,Napa,055,140530,32151,1384,33535,160
2022-09-12,Nevada,057,99092,18868,1809,20677,136
2022-09-12,Orange,059,3164182,666143,62679,728822,7501
2022-09-12,Placer,061,380077,75391,9566,84957,658
2022-09-12,Plumas,063,18699,3616,430,4046,13
2022-09-12,Riverside,065,2383286,692845,34918,727763,6632
2022-09-12,Sacramento,067,1510023,344818,34368,379186,3323
2022-09-12,San Benito,069,59416,16202,958,17160,102
2022-09-12,San Bernardino,071,2135413,668497,30515,699012,8085
2022-09-12,San Diego,073,3302833,917777,70927,988704,5555
2022-09-12,San Francisco,075,870044,177632,11972,189604,1054
2022-09-12,San Joaquin,077,732212,196862,14789,211651,2333
2022-09-12,San Luis Obispo,079,281455,62965,7048,70013,524
2022-09-12,San Mateo,081,765935,167658,10329,177987,743
2022-09-12,Santa Barbara,083,443738,105168,6795,111963,727
2022-09-12,Santa Clara,085,1922200,433336,18663,451999,2531
2022-09-12,Santa Cruz,087,273765,62637,3398,66035,273
2022-09-12,Shasta,089,179085,34782,7347,42129,592
2022-09-12,Sierra,091,2930,303,60,363,5
2022-09-12,Siskiyou,093,43540,5102,3285,8387,89
2022-09-12,Solano,095,438530,104596,7809,112405,458
2022-09-12,Sonoma,097,501317,106225,5224,111449,524
2022-09-12,Stanislaus,099,539301,137265,21493,158758,1779
2022-09-12,Sutter,101,95872,24122,2452,26574,232
2022-09-12,Tehama,103,63373,13554,3053,16607,215
2022-09-12,Trinity,105,12862,1391,378,1769,21
2022-09-12,Tulare,107,460477,121591,36061,157652,1540
2022-09-12,Tuolumne,109,53932,15483,916,16399,199
2022-09-12,Ventura,111,848112,207373,15550,222923,1588
2022-09-12,Yolo,113,214977,47165,4247,51412,393
2022-09-12,Yuba,115,75493,18780,1691,20471,132
2022-09-11,Alameda,001,1643700,344988,19286,364274,1992
2022-09-11,Alpine,002,1148,134,1,135,0
2022-09-11,Amador,005,37829,9922,917,10839,90
2022-09-11,Butte,007,227075,39266,9018,48284,462
2022-09-11,Calaveras,009,45235,8451,529,8980,133
2022-09-11,Colusa,011,21464,3774,1270,5044,22
2022-09-11,Contra Costa,013,1133247,249570,20526,270096,1447
2022-09-11,Del Norte,015,27424,7395,396,7791,55
2022-09-11,El Dorado,017,186661,32065,4199,36264,234
2022-09-11,Fresno,019,978130,277295,31556,308851,2868
2022-09-11,Glenn,021,27897,5500,1850,7350,56
2022-09-11,Humboldt,023,135768,21607,4907,26514,159
2022-09-11,Imperial,025,180216,65234,15592,80826,961
2022-09-11,Inyo,027,18085,4479,947,5426,59
2022-09-11,Kern,029,883053,218616,63042,281658,2419
2022-09-11,Kings,031,150075,59165,4072,63237,462
2022-09-11,Lake,033,64148,12721,1169,13890,148
2022-09-11,Lassen,035,31185,9948,985,10933,64
2022-09-11,Los Angeles,037,10098052,3262077,178127,3440204,33460
2022-09-11,Madera,039,155013,43838,8191,52029,374
2022-09-11,Marin,041,260295,36352,5146,41498,258
2022-09-11,Mariposa,043,17540,3081,342,3423,29
2022-09-11,Mendocino,045,87422,15922,4429,20351,136
2022-09-11,Merced,047,269075,73113,11962,85075,863
2022-09-11,Modoc,049,8938,873,317,1190,11
2022-09-11,Mono,051,14174,3197,248,3445,7
2022-09-11,Monterey,053,433212,93835,20778,114613,769
2022-09-11,Napa,055,140530,32130,1383,33513,160
2022-09-11,Nevada,057,99092,18858,1805,20663,136
2022-09-11,Orange,059,3164182,665836,62611,728447,7497
2022-09-11,Placer,061,380077,75357,9560,84917,658
2022-09-11,Plumas,063,18699,3610,430,4040,13
2022-09-11,Riverside,065,2383286,692560,34889,727449,6630
2022-09-11,Sacramento,067,1510023,344612,34306,378918,3321
2022-09-11,San Benito,069,59416,16193,954,17147,102
2022-09-11,San Bernardino,071,2135413,668171,30498,698669,8085
2022-09-11,San Diego,073,3302833,917235,70864,988099,5554
2022-09-11,San Francisco,075,870044,177478,11958,189436,1052
2022-09-11,San Joaquin,077,732212,196758,14768,211526,2333
2022-09-11,San Luis Obispo,079,281455,62933,7034,69967,524
2022-09-11,San Mateo,081,765935,167544,10324,177868,743
2022-09-11,Santa Barbara,083,443738,105127,6792,111919,727
2022-09-11,Santa Clara,085,1922200,433040,18651,451691,2531
2022-09-11,Santa Cruz,087,273765,62601,3394,65995,273
2022-09-11,Shasta,089,179085,34751,7339,42090,591
2022-09-11,Sierra,091,2930,303,60,363,5
2022-09-11,Siskiyou,093,43540,5100,3279,8379,89
2022-09-11,Solano,095,438530,104515,7803,112318,458
2022-09-11,Sonoma,097,501317,106158,5218,111376,524
2022-09-11,Stanislaus,099,539301,137198,21477,158675,1778
2022-09-11,Sutter,101,95872,24100,2451,26551,232
2022-09-11,Tehama,103,63373,13540,3050,16590,215
2022-09-11,Trinity,105,12862,1391,378,1769,21
2022-09-11,Tulare,107,460477,121538,36029,157567,1539
2022-09-11,Tuolumne,109,53932,15474,916,16390,199
2022-09-11,Ventura,111,848112,207232,15526,222758,1587
2022-09-11,Yolo,113,214977,47137,4244,51381,393
2022-09-11,Yuba,115,75493,18771,1688,20459,131
2022-09-10,Alameda,001,1643700,344843,19283,364126,1992
2022-09-10,Alpine,002,1148,134,1,135,0
2022-09-10,Amador,005,37829,9919,916,10835,90
2022-09-10,Butte,007,227075,39249,9017,48266,462
2022-09-10,Calaveras,009,45235,8449,529,8978,133
2022-09-10,Colusa,011,21464,3773,1270,5043,22
2022-09-10,Contra Costa,013,1133247,249460,20516,269976,1446
2022-09-10,Del Norte,015,27424,7392,396,7788,55
2022-09-10,El Dorado,017,186661,32057,4198,36255,234
2022-09-10,Fresno,019,978130,277210,31545,308755,2868
2022-09-10,Glenn,021,27897,5497,1849,7346,56
2022-09-10,Humboldt,023,135768,21598,4903,26501,159
2022-09-10,Imperial,025,180216,65212,15581,80793,961
2022-09-10,Inyo,027,18085,4479,947,5426,59
2022-09-10,Kern,029,883053,218562,63002,281564,2418
2022-09-10,Kings,031,150075,59155,4072,63227,462
2022-09-10,Lake,033,64148,12718,1169,13887,148
2022-09-10,Lassen,035,31185,9947,985,10932,64
2022-09-10,Los Angeles,037,10098052,3261135,177986,3439121,33450
2022-09-10,Madera,039,155013,43821,8188,52009,374
2022-09-10,Marin,041,260295,36327,5141,41468,258
2022-09-10,Mariposa,043,17540,3081,341,3422,29
2022-09-10,Mendocino,045,87422,15919,4427,20346,136
2022-09-10,Merced,047,269075,73099,11959,85058,863
2022-09-10,Modoc,049,8938,873,316,1189,11
2022-09-10,Mono,051,14174,3196,248,3444,7
2022-09-10,Monterey,053,433212,93814,20774,114588,769
2022-09-10,Napa,055,140530,32122,1383,33505,160
2022-09-10,Nevada,057,99092,18854,1805,20659,136
2022-09-10,Orange,059,3164182,665651,62575,728226,7494
2022-09-10,Placer,061,380077,75328,9558,84886,658
2022-09-10,Plumas,063,18699,3606,430,4036,13
2022-09-10,Riverside,065,2383286,692376,34878,727254,6629
2022-09-10,Sacramento,067,1510023,344512,34300,378812,3317
2022-09-10,San Benito,069,59416,16186,954,17140,102
2022-09-10,San Bernardino,071,2135413,668009,30483,698492,8084
2022-09-10,San Diego,073,3302833,917007,70840,987847,5553
2022-09-10,San Francisco,075,870044,177420,11955,189375,1051
2022-09-10,San Joaquin,077,732212,196706,14760,211466,2333
2022-09-10,San Luis Obispo,079,281455,62920,7032,69952,524
2022-09-10,San Mateo,081,765935,167468,10316,177784,743
2022-09-10,Santa Barbara,083,443738,105106,6790,111896,727
2022-09-10,Santa Clara,085,1922200,432812,18642,451454,2531
2022-09-10,Santa Cruz,087,273765,62590,3392,65982,273
2022-09-10,Shasta,089,179085,34740,7336,42076,591
2022-09-10,Sierra,091,2930,303,60,363,5
2022-09-10,Siskiyou,093,43540,5100,3279,8379,89
2022-09-10,Solano,095,438530,104490,7800,112290,458
2022-09-10,Sonoma,097,501317,106136,5218,111354,523
2022-09-10,Stanislaus,099,539301,137158,21471,158629,1778
2022-09-10,Sutter,101,95872,24085,2451,26536,232
2022-09-10,Tehama,103,63373,13539,3050,16589,215
2022-09-10,Trinity,105,12862,1391,378,1769,21
2022-09-10,Tulare,107,460477,121512,36016,157528,1539
2022-09-10,Tuolumne,109,53932,15468,916,16384,199
2022-09-10,Ventura,111,848112,207163,15512,222675,1587
2022-09-10,Yolo,113,214977,47127,4241,51368,393
2022-09-10,Yuba,115,75493,18763,1687,20450,131
2022-09-09,Alameda,001,1643700,344661,19276,363937,1992
2022-09-09,Alpine,002,1148,134,1,135,0
2022-09-09,Amador,005,37829,9914,916,10830,90
2022-09-09,Butte,007,227075,39236,9012,48248,461
2022-09-09,Calaveras,009,45235,8447,529,8976,133
2022-09-09,Colusa,011,21464,3771,1269,5040,22
2022-09-09,Contra Costa,013,1133247,249383,20505,269888,1445
2022-09-09,Del Norte,015,27424,7391,396,7787,55
2022-09-09,El Dorado,017,186661,32049,4196,36245,234
2022-09-09,Fresno,019,978130,277140,31534,308674,2868
2022-09-09,Glenn,021,27897,5495,1849,7344,56
2022-09-09,Humboldt,023,135768,21591,4898,26489,159
2022-09-09,Imperial,025,180216,65187,15573,80760,961
2022-09-09,Inyo,027,18085,4477,939,5416,59
2022-09-09,Kern,029,883053,218499,62958,281457,2417
2022-09-09,Kings,031,150075,59136,4072,63208,462
2022-09-09,Lake,033,64148,12715,1168,13883,148
2022-09-09,Lassen,035,31185,9947,985,10932,64
2022-09-09,Los Angeles,037,10098052,3260093,177846,3437939,33440
2022-09-09,Madera,039,155013,43803,8186,51989,374
2022-09-09,Marin,041,260295,36314,5140,41454,258
2022-09-09,Mariposa,043,17540,3080,341,3421,29
2022-09-09,Mendocino,045,87422,15913,4423,20336,136
2022-09-09,Merced,047,269075,73078,11957,85035,862
2022-09-09,Modoc,049,8938,873,316,1189,11
2022-09-09,Mono,051,14174,3196,248,3444,7
2022-09-09,Monterey,053,433212,93799,20765,114564,768
2022-09-09,Napa,055,140530,32110,1383,33493,160
2022-09-09,Nevada,057,99092,18847,1805,20652,136
2022-09-09,Orange,059,3164182,665461,62532,727993,7492
2022-09-09,Placer,061,380077,75306,9555,84861,658
2022-09-09,Plumas,063,18699,3604,430,4034,13
2022-09-09,Riverside,065,2383286,692188,34864,727052,6629
2022-09-09,Sacramento,067,1510023,344372,34291,378663,3314
2022-09-09,San Benito,069,59416,16173,954,17127,102
2022-09-09,San Bernardino,071,2135413,667831,30475,698306,8084
2022-09-09,San Diego,073,3302833,916745,70815,987560,5552
2022-09-09,San Francisco,075,870044,177347,11947,189294,1048
2022-09-09,San Joaquin,077,732212,196650,14745,211395,2332
2022-09-09,San Luis Obispo,079,281455,62914,7029,69943,524
2022-09-09,San Mateo,081,765935,167412,10314,177726,743
2022-09-09,Santa Barbara,083,443738,105069,6787,111856,727
2022-09-09,Santa Clara,085,1922200,432616,18633,451249,2530
2022-09-09,Santa Cruz,087,273765,62569,3390,65959,273
2022-09-09,Shasta,089,179085,34724,7330,42054,591
2022-09-09,Sierra,091,2930,303,60,363,5
2022-09-09,Siskiyou,093,43540,5093,3279,8372,89
2022-09-09,Solano,095,438530,104456,7795,112251,458
2022-09-09,Sonoma,097,501317,106108,5218,111326,523
2022-09-09,Stanislaus,099,539301,137130,21464,158594,1778
2022-09-09,Sutter,101,95872,24078,2450,26528,232
2022-09-09,Tehama,103,63373,13534,3050,16584,215
2022-09-09,Trinity,105,12862,1390,378,1768,21
2022-09-09,Tulare,107,460477,121472,35998,157470,1537
2022-09-09,Tuolumne,109,53932,15467,916,16383,199
2022-09-09,Ventura,111,848112,207093,15498,222591,1587
2022-09-09,Yolo,113,214977,47112,4241,51353,392
2022-09-09,Yuba,115,75493,18754,1687,20441,131
2022-09-08,Alameda,001,1643700,344430,19267,363697,1991
2022-09-08,Alpine,002,1148,134,1,135,0
2022-09-08,Amador,005,37829,9907,916,10823,90
2022-09-08,Butte,007,227075,39213,9002,48215,461
2022-09-08,Calaveras,009,45235,8447,528,8975,133
2022-09-08,Colusa,011,21464,3771,1269,5040,22
2022-09-08,Contra Costa,013,1133247,249254,20487,269741,1443
2022-09-08,Del Norte,015,27424,7381,396,7777,55
2022-09-08,El Dorado,017,186661,32032,4194,36226,234
2022-09-08,Fresno,019,978130,277024,31512,308536,2868
2022-09-08,Glenn,021,27897,5495,1849,7344,56
2022-09-08,Humboldt,023,135768,21565,4894,26459,159
2022-09-08,Imperial,025,180216,65155,15553,80708,961
2022-09-08,Inyo,027,18085,4475,937,5412,59
2022-09-08,Kern,029,883053,218408,62868,281276,2415
2022-09-08,Kings,031,150075,59107,4070,63177,461
2022-09-08,Lake,033,64148,12706,1168,13874,148
2022-09-08,Lassen,035,31185,9946,985,10931,64
2022-09-08,Los Angeles,037,10098052,3258626,177653,3436279,33423
2022-09-08,Madera,039,155013,43773,8180,51953,374
2022-09-08,Marin,041,260295,36288,5136,41424,258
2022-09-08,Mariposa,043,17540,3077,341,3418,29
2022-09-08,Mendocino,045,87422,15906,4423,20329,136
2022-09-08,Merced,047,269075,73049,11944,84993,862
2022-09-08,Modoc,049,8938,873,316,1189,11
2022-09-08,Mono,051,14174,3196,247,3443,7
2022-09-08,Monterey,053,433212,93767,20744,114511,768
2022-09-08,Napa,055,140530,32096,1383,33479,160
2022-09-08,Nevada,057,99092,18837,1804,20641,136
2022-09-08,Orange,059,3164182,665171,62468,727639,7487
2022-09-08,Placer,061,380077,75274,9551,84825,658
2022-09-08,Plumas,063,18699,3601,430,4031,13
2022-09-08,Riverside,065,2383286,691910,34841,726751,6628
2022-09-08,Sacramento,067,1510023,344196,34268,378464,3313
2022-09-08,San Benito,069,59416,16161,954,17115,102
2022-09-08,San Bernardino,071,2135413,667530,30465,697995,8082
2022-09-08,San Diego,073,3302833,916368,70762,987130,5552
2022-09-08,San Francisco,075,870044,177222,11939,189161,1047
2022-09-08,San Joaquin,077,732212,196565,14728,211293,2331
2022-09-08,San Luis Obispo,079,281455,62896,7023,69919,524
2022-09-08,San Mateo,081,765935,167322,10310,177632,743
2022-09-08,Santa Barbara,083,443738,105027,6782,111809,727
2022-09-08,Santa Clara,085,1922200,432345,18623,450968,2528
2022-09-08,Santa Cruz,087,273765,62538,3387,65925,273
2022-09-08,Shasta,089,179085,34702,7321,42023,591
2022-09-08,Sierra,091,2930,303,60,363,5
2022-09-08,Siskiyou,093,43540,5088,3278,8366,89
2022-09-08,Solano,095,438530,104401,7783,112184,458
2022-09-08,Sonoma,097,501317,106025,5212,111237,523
2022-09-08,Stanislaus,099,539301,137064,21449,158513,1778
2022-09-08,Sutter,101,95872,24066,2450,26516,232
2022-09-08,Tehama,103,63373,13526,3047,16573,215
2022-09-08,Trinity,105,12862,1390,378,1768,21
2022-09-08,Tulare,107,460477,121426,35969,157395,1536
2022-09-08,Tuolumne,109,53932,15460,915,16375,199
2022-09-08,Ventura,111,848112,206975,15474,222449,1587
2022-09-08,Yolo,113,214977,47091,4233,51324,392
2022-09-08,Yuba,115,75493,18744,1683,20427,131
2022-09-07,Alameda,001,1643700,344181,19261,363442,1991
2022-09-07,Alpine,002,1148,134,1,135,0
2022-09-07,Amador,005,37829,9904,916,10820,90
2022-09-07,Butte,007,227075,39183,8990,48173,461
2022-09-07,Calaveras,009,45235,8445,526,8971,133
2022-09-07,Colusa,011,21464,3768,1269,5037,22
2022-09-07,Contra Costa,013,1133247,249113,20471,269584,1442
2022-09-07,Del Norte,015,27424,7379,396,7775,55
2022-09-07,El Dorado,017,186661,32019,4193,36212,234
2022-09-07,Fresno,019,978130,276863,31485,308348,2868
2022-09-07,Glenn,021,27897,5493,1848,7341,56
2022-09-07,Humboldt,023,135768,21547,4891,26438,159
2022-09-07,Imperial,025,180216,65122,15531,80653,961
2022-09-07,Inyo,027,18085,4470,930,5400,59
2022-09-07,Kern,029,883053,218308,62775,281083,2415
2022-09-07,Kings,031,150075,59072,4066,63138,461
2022-09-07,Lake,033,64148,12697,1167,13864,148
2022-09-07,Lassen,035,31185,9946,984,10930,64
2022-09-07,Los Angeles,037,10098052,3257019,177458,3434477,33411
2022-09-07,Madera,039,155013,43726,8180,51906,374
2022-09-07,Marin,041,260295,36265,5134,41399,256
2022-09-07,Mariposa,043,17540,3075,341,3416,29
2022-09-07,Mendocino,045,87422,15901,4417,20318,136
2022-09-07,Merced,047,269075,73014,11932,84946,861
2022-09-07,Modoc,049,8938,873,316,1189,11
2022-09-07,Mono,051,14174,3195,247,3442,7
2022-09-07,Monterey,053,433212,93738,20725,114463,768
2022-09-07,Napa,055,140530,32076,1383,33459,160
2022-09-07,Nevada,057,99092,18824,1802,20626,136
2022-09-07,Orange,059,3164182,664853,62396,727249,7484
2022-09-07,Placer,061,380077,75246,9542,84788,658
2022-09-07,Plumas,063,18699,3599,429,4028,13
2022-09-07,Riverside,065,2383286,691573,34814,726387,6627
2022-09-07,Sacramento,067,1510023,344031,34234,378265,3312
2022-09-07,San Benito,069,59416,16148,953,17101,102
2022-09-07,San Bernardino,071,2135413,667269,30449,697718,8078
2022-09-07,San Diego,073,3302833,915875,70717,986592,5550
2022-09-07,San Francisco,075,870044,177119,11929,189048,1047
2022-09-07,San Joaquin,077,732212,196451,14716,211167,2330
2022-09-07,San Luis Obispo,079,281455,62875,7020,69895,524
2022-09-07,San Mateo,081,765935,167216,10304,177520,742
2022-09-07,Santa Barbara,083,443738,104983,6777,111760,727
2022-09-07,Santa Clara,085,1922200,432053,18612,450665,2525
2022-09-07,Santa Cruz,087,273765,62505,3384,65889,273
2022-09-07,Shasta,089,179085,34680,7304,41984,591
2022-09-07,Sierra,091,2930,303,60,363,5
2022-09-07,Siskiyou,093,43540,5083,3277,8360,89
2022-09-07,Solano,095,438530,104343,7776,112119,458
2022-09-07,Sonoma,097,501317,105961,5209,111170,523
2022-09-07,Stanislaus,099,539301,136986,21439,158425,1778
2022-09-07,Sutter,101,95872,24052,2450,26502,232
2022-09-07,Tehama,103,63373,13523,3043,16566,215
2022-09-07,Trinity,105,12862,1390,378,1768,21
2022-09-07,Tulare,107,460477,121375,35939,157314,1536
2022-09-07,Tuolumne,109,53932,15453,915,16368,199
2022-09-07,Ventura,111,848112,206854,15457,222311,1587
2022-09-07,Yolo,113,214977,47063,4227,51290,392
2022-09-07,Yuba,115,75493,18731,1682,20413,131
2022-09-06,Alameda,001,1643700,343915,19249,363164,1991
2022-09-06,Alpine,002,1148,133,1,134,0
2022-09-06,Amador,005,37829,9901,916,10817,90
2022-09-06,Butte,007,227075,39152,8979,48131,460
2022-09-06,Calaveras,009,45235,8443,524,8967,133
2022-09-06,Colusa,011,21464,3766,1269,5035,22
2022-09-06,Contra Costa,013,1133247,248945,20444,269389,1442
2022-09-06,Del Norte,015,27424,7371,396,7767,55
2022-09-06,El Dorado,017,186661,32001,4187,36188,234
2022-09-06,Fresno,019,978130,276734,31452,308186,2867
2022-09-06,Glenn,021,27897,5491,1846,7337,56
2022-09-06,Humboldt,023,135768,21529,4886,26415,159
2022-09-06,Imperial,025,180216,65072,15503,80575,961
2022-09-06,Inyo,027,18085,4467,924,5391,59
2022-09-06,Kern,029,883053,218212,62675,280887,2415
2022-09-06,Kings,031,150075,59031,4061,63092,461
2022-09-06,Lake,033,64148,12694,1151,13845,148
2022-09-06,Lassen,035,31185,9943,982,10925,64
2022-09-06,Los Angeles,037,10098052,3255231,177248,3432479,33397
2022-09-06,Madera,039,155013,43684,8175,51859,374
2022-09-06,Marin,041,260295,36234,5130,41364,256
2022-09-06,Mariposa,043,17540,3073,341,3414,29
2022-09-06,Mendocino,045,87422,15895,4410,20305,136
2022-09-06,Merced,047,269075,72976,11915,84891,861
2022-09-06,Modoc,049,8938,872,316,1188,11
2022-09-06,Mono,051,14174,3195,246,3441,7
2022-09-06,Monterey,053,433212,93704,20708,114412,768
2022-09-06,Napa,055,140530,32060,1383,33443,160
2022-09-06,Nevada,057,99092,18814,1798,20612,136
2022-09-06,Orange,059,3164182,664470,62326,726796,7477
2022-09-06,Placer,061,380077,75202,9540,84742,658
2022-09-06,Plumas,063,18699,3595,429,4024,13
2022-09-06,Riverside,065,2383286,691095,34783,725878,6627
2022-09-06,Sacramento,067,1510023,343812,34195,378007,3311
2022-09-06,San Benito,069,59416,16132,953,17085,102
2022-09-06,San Bernardino,071,2135413,666988,30434,697422,8076
2022-09-06,San Diego,073,3302833,915368,70662,986030,5549
2022-09-06,San Francisco,075,870044,176980,11917,188897,1046
2022-09-06,San Joaquin,077,732212,196358,14703,211061,2327
2022-09-06,San Luis Obispo,079,281455,62833,7018,69851,524
2022-09-06,San Mateo,081,765935,167107,10296,177403,742
2022-09-06,Santa Barbara,083,443738,104926,6772,111698,726
2022-09-06,Santa Clara,085,1922200,431786,18601,450387,2524
2022-09-06,Santa Cruz,087,273765,62424,3384,65808,273
2022-09-06,Shasta,089,179085,34632,7281,41913,591
2022-09-06,Sierra,091,2930,303,60,363,5
2022-09-06,Siskiyou,093,43540,5081,3273,8354,89
2022-09-06,Solano,095,438530,104277,7764,112041,458
2022-09-06,Sonoma,097,501317,105898,5206,111104,522
2022-09-06,Stanislaus,099,539301,136915,21425,158340,1778
2022-09-06,Sutter,101,95872,24027,2450,26477,232
2022-09-06,Tehama,103,63373,13514,3040,16554,215
2022-09-06,Trinity,105,12862,1389,378,1767,21
2022-09-06,Tulare,107,460477,121321,35902,157223,1536
2022-09-06,Tuolumne,109,53932,15441,915,16356,199
2022-09-06,Ventura,111,848112,206708,15440,222148,1587
2022-09-06,Yolo,113,214977,47047,4216,51263,392
2022-09-06,Yuba,115,75493,18709,1681,20390,131
2022-09-05,Alameda,001,1643700,343619,19241,362860,1991
2022-09-05,Alpine,002,1148,133,1,134,0
2022-09-05,Amador,005,37829,9897,916,10813,90
2022-09-05,Butte,007,227075,39105,8966,48071,459
2022-09-05,Calaveras,009,45235,8440,523,8963,133
2022-09-05,Colusa,011,21464,3759,1266,5025,22
2022-09-05,Contra Costa,013,1133247,248758,20425,269183,1441
2022-09-05,Del Norte,015,27424,7366,394,7760,55
2022-09-05,El Dorado,017,186661,31977,4181,36158,234
2022-09-05,Fresno,019,978130,276500,31383,307883,2865
2022-09-05,Glenn,021,27897,5488,1842,7330,56
2022-09-05,Humboldt,023,135768,21513,4880,26393,159
2022-09-05,Imperial,025,180216,65018,15459,80477,961
2022-09-05,Inyo,027,18085,4465,922,5387,59
2022-09-05,Kern,029,883053,218076,62546,280622,2415
2022-09-05,Kings,031,150075,58973,4058,63031,461
2022-09-05,Lake,033,64148,12687,1149,13836,148
2022-09-05,Lassen,035,31185,9934,981,10915,64
2022-09-05,Los Angeles,037,10098052,3252799,176986,3429785,33384
2022-09-05,Madera,039,155013,43628,8153,51781,374
2022-09-05,Marin,041,260295,36205,5130,41335,256
2022-09-05,Mariposa,043,17540,3068,341,3409,29
2022-09-05,Mendocino,045,87422,15874,4399,20273,136
2022-09-05,Merced,047,269075,72913,11884,84797,861
2022-09-05,Modoc,049,8938,871,315,1186,11
2022-09-05,Mono,051,14174,3193,243,3436,7
2022-09-05,Monterey,053,433212,93636,20688,114324,768
2022-09-05,Napa,055,140530,32031,1380,33411,160
2022-09-05,Nevada,057,99092,18807,1793,20600,135
2022-09-05,Orange,059,3164182,663972,62229,726201,7473
2022-09-05,Placer,061,380077,75151,9535,84686,658
2022-09-05,Plumas,063,18699,3594,429,4023,13
2022-09-05,Riverside,065,2383286,690581,34732,725313,6627
2022-09-05,Sacramento,067,1510023,343517,34133,377650,3308
2022-09-05,San Benito,069,59416,16106,950,17056,102
2022-09-05,San Bernardino,071,2135413,666545,30404,696949,8071
2022-09-05,San Diego,073,3302833,914743,70567,985310,5548
2022-09-05,San Francisco,075,870044,176817,11910,188727,1046
2022-09-05,San Joaquin,077,732212,196218,14688,210906,2327
2022-09-05,San Luis Obispo,079,281455,62778,7001,69779,524
2022-09-05,San Mateo,081,765935,166987,10288,177275,742
2022-09-05,Santa Barbara,083,443738,104839,6767,111606,726
2022-09-05,Santa Clara,085,1922200,431413,18585,449998,2523
2022-09-05,Santa Cruz,087,273765,62365,3380,65745,273
2022-09-05,Shasta,089,179085,34600,7268,41868,591
2022-09-05,Sierra,091,2930,303,60,363,5
2022-09-05,Siskiyou,093,43540,5075,3273,8348,89
2022-09-05,Solano,095,438530,104181,7746,111927,458
2022-09-05,Sonoma,097,501317,105825,5199,111024,521
2022-09-05,Stanislaus,099,539301,136818,21407,158225,1778
2022-09-05,Sutter,101,95872,24003,2448,26451,232
2022-09-05,Tehama,103,63373,13506,3039,16545,215
2022-09-05,Trinity,105,12862,1389,377,1766,21
2022-09-05,Tulare,107,460477,121222,35843,157065,1536
2022-09-05,Tuolumne,109,53932,15422,914,16336,199
2022-09-05,Ventura,111,848112,206531,15405,221936,1587
2022-09-05,Yolo,113,214977,47022,4208,51230,391
2022-09-05,Yuba,115,75493,18687,1679,20366,131
2022-09-04,Alameda,001,1643700,343470,19234,362704,1991
2022-09-04,Alpine,002,1148,133,1,134,0
2022-09-04,Amador,005,37829,9893,915,10808,90
2022-09-04,Butte,007,227075,39083,8959,48042,459
2022-09-04,Calaveras,009,45235,8438,522,8960,133
2022-09-04,Colusa,011,21464,3758,1263,5021,22
2022-09-04,Contra Costa,013,1133247,248652,20419,269071,1441
2022-09-04,Del Norte,015,27424,7364,393,7757,55
2022-09-04,El Dorado,017,186661,31960,4178,36138,233
2022-09-04,Fresno,019,978130,276395,31368,307763,2864
2022-09-04,Glenn,021,27897,5487,1842,7329,56
2022-09-04,Humboldt,023,135768,21503,4876,26379,158
2022-09-04,Imperial,025,180216,64991,15447,80438,961
2022-09-04,Inyo,027,18085,4463,919,5382,59
2022-09-04,Kern,029,883053,217991,62450,280441,2414
2022-09-04,Kings,031,150075,58959,4058,63017,461
2022-09-04,Lake,033,64148,12680,1148,13828,148
2022-09-04,Lassen,035,31185,9931,981,10912,64
2022-09-04,Los Angeles,037,10098052,3251849,176870,3428719,33369
2022-09-04,Madera,039,155013,43614,8146,51760,374
2022-09-04,Marin,041,260295,36178,5126,41304,256
2022-09-04,Mariposa,043,17540,3067,341,3408,29
2022-09-04,Mendocino,045,87422,15870,4398,20268,136
2022-09-04,Merced,047,269075,72889,11879,84768,860
2022-09-04,Modoc,049,8938,871,315,1186,11
2022-09-04,Mono,051,14174,3193,243,3436,7
2022-09-04,Monterey,053,433212,93602,20666,114268,767
2022-09-04,Napa,055,140530,32022,1380,33402,160
2022-09-04,Nevada,057,99092,18797,1792,20589,135
2022-09-04,Orange,059,3164182,663785,62180,725965,7472
2022-09-04,Placer,061,380077,75116,9533,84649,658
2022-09-04,Plumas,063,18699,3592,429,4021,13
2022-09-04,Riverside,065,2383286,690385,34716,725101,6625
2022-09-04,Sacramento,067,1510023,343412,34117,377529,3308
2022-09-04,San Benito,069,59416,16101,949,17050,102
2022-09-04,San Bernardino,071,2135413,666392,30391,696783,8070
2022-09-04,San Diego,073,3302833,914504,70548,985052,5546
2022-09-04,San Francisco,075,870044,176738,11905,188643,1045
2022-09-04,San Joaquin,077,732212,196094,14670,210764,2327
2022-09-04,San Luis Obispo,079,281455,62768,6997,69765,524
2022-09-04,San Mateo,081,765935,166924,10285,177209,742
2022-09-04,Santa Barbara,083,443738,104788,6762,111550,724
2022-09-04,Santa Clara,085,1922200,431208,18578,449786,2523
2022-09-04,Santa Cruz,087,273765,62346,3379,65725,273
2022-09-04,Shasta,089,179085,34593,7261,41854,591
2022-09-04,Sierra,091,2930,303,60,363,5
2022-09-04,Siskiyou,093,43540,5072,3270,8342,89
2022-09-04,Solano,095,438530,104163,7742,111905,458
2022-09-04,Sonoma,097,501317,105799,5194,110993,521
2022-09-04,Stanislaus,099,539301,136758,21398,158156,1777
2022-09-04,Sutter,101,95872,23988,2448,26436,232
2022-09-04,Tehama,103,63373,13498,3036,16534,215
2022-09-04,Trinity,105,12862,1389,376,1765,21
2022-09-04,Tulare,107,460477,121177,35808,156985,1536
2022-09-04,Tuolumne,109,53932,15408,913,16321,199
2022-09-04,Ventura,111,848112,206440,15396,221836,1586
2022-09-04,Yolo,113,214977,47012,4202,51214,391
2022-09-04,Yuba,115,75493,18683,1679,20362,131
2022-09-03,Alameda,001,1643700,343342,19230,362572,1991
2022-09-03,Alpine,002,1148,133,1,134,0
2022-09-03,Amador,005,37829,9888,914,10802,90
2022-09-03,Butte,007,227075,39066,8951,48017,459
2022-09-03,Calaveras,009,45235,8437,522,8959,133
2022-09-03,Colusa,011,21464,3758,1262,5020,22
2022-09-03,Contra Costa,013,1133247,248541,20414,268955,1439
2022-09-03,Del Norte,015,27424,7364,393,7757,55
2022-09-03,El Dorado,017,186661,31952,4176,36128,233
2022-09-03,Fresno,019,978130,276315,31352,307667,2861
2022-09-03,Glenn,021,27897,5486,1842,7328,56
2022-09-03,Humboldt,023,135768,21495,4876,26371,158
2022-09-03,Imperial,025,180216,64972,15437,80409,960
2022-09-03,Inyo,027,18085,4462,917,5379,59
2022-09-03,Kern,029,883053,217921,62384,280305,2414
2022-09-03,Kings,031,150075,58946,4058,63004,461
2022-09-03,Lake,033,64148,12674,1148,13822,148
2022-09-03,Lassen,035,31185,9931,981,10912,64
2022-09-03,Los Angeles,037,10098052,3250897,176738,3427635,33353
2022-09-03,Madera,039,155013,43595,8145,51740,374
2022-09-03,Marin,041,260295,36164,5124,41288,256
2022-09-03,Mariposa,043,17540,3066,340,3406,29
2022-09-03,Mendocino,045,87422,15858,4395,20253,136
2022-09-03,Merced,047,269075,72863,11876,84739,860
2022-09-03,Modoc,049,8938,871,315,1186,11
2022-09-03,Mono,051,14174,3193,242,3435,7
2022-09-03,Monterey,053,433212,93586,20655,114241,766
2022-09-03,Napa,055,140530,32016,1380,33396,160
2022-09-03,Nevada,057,99092,18791,1792,20583,135
2022-09-03,Orange,059,3164182,663582,62124,725706,7472
2022-09-03,Placer,061,380077,75084,9531,84615,658
2022-09-03,Plumas,063,18699,3590,429,4019,13
2022-09-03,Riverside,065,2383286,690178,34693,724871,6625
2022-09-03,Sacramento,067,1510023,343289,34108,377397,3305
2022-09-03,San Benito,069,59416,16095,948,17043,102
2022-09-03,San Bernardino,071,2135413,666201,30368,696569,8069
2022-09-03,San Diego,073,3302833,914258,70528,984786,5544
2022-09-03,San Francisco,075,870044,176683,11901,188584,1045
2022-09-03,San Joaquin,077,732212,196038,14661,210699,2326
2022-09-03,San Luis Obispo,079,281455,62758,6994,69752,523
2022-09-03,San Mateo,081,765935,166858,10279,177137,742
2022-09-03,Santa Barbara,083,443738,104742,6758,111500,724
2022-09-03,Santa Clara,085,1922200,431020,18575,449595,2521
2022-09-03,Santa Cruz,087,273765,62327,3378,65705,273
2022-09-03,Shasta,089,179085,34580,7258,41838,591
2022-09-03,Sierra,091,2930,303,60,363,5
2022-09-03,Siskiyou,093,43540,5069,3270,8339,89
2022-09-03,Solano,095,438530,104149,7737,111886,458
2022-09-03,Sonoma,097,501317,105776,5194,110970,521
2022-09-03,Stanislaus,099,539301,136715,21393,158108,1777
2022-09-03,Sutter,101,95872,23978,2447,26425,232
2022-09-03,Tehama,103,63373,13493,3035,16528,215
2022-09-03,Trinity,105,12862,1389,376,1765,21
2022-09-03,Tulare,107,460477,121145,35770,156915,1536
2022-09-03,Tuolumne,109,53932,15403,913,16316,199
2022-09-03,Ventura,111,848112,206359,15384,221743,1585
2022-09-03,Yolo,113,214977,47002,4200,51202,391
2022-09-03,Yuba,115,75493,18674,1678,20352,131
2022-09-02,Alameda,001,1643700,343206,19225,362431,1991
2022-09-02,Alpine,002,1148,133,1,134,0
2022-09-02,Amador,005,37829,9886,914,10800,90
2022-09-02,Butte,007,227075,39054,8939,47993,458
2022-09-02,Calaveras,009,45235,8432,522,8954,133
2022-09-02,Colusa,011,21464,3757,1262,5019,22
2022-09-02,Contra Costa,013,1133247,248445,20403,268848,1438
2022-09-02,Del Norte,015,27424,7363,392,7755,55
2022-09-02,El Dorado,017,186661,31940,4175,36115,233
2022-09-02,Fresno,019,978130,276200,31329,307529,2860
2022-09-02,Glenn,021,27897,5482,1842,7324,56
2022-09-02,Humboldt,023,135768,21486,4873,26359,158
2022-09-02,Imperial,025,180216,64951,15424,80375,960
2022-09-02,Inyo,027,18085,4459,916,5375,59
2022-09-02,Kern,029,883053,217838,62317,280155,2413
2022-09-02,Kings,031,150075,58934,4055,62989,461
2022-09-02,Lake,033,64148,12670,1147,13817,148
2022-09-02,Lassen,035,31185,9930,981,10911,64
2022-09-02,Los Angeles,037,10098052,3249839,176579,3426418,33337
2022-09-02,Madera,039,155013,43581,8141,51722,374
2022-09-02,Marin,041,260295,36145,5114,41259,256
2022-09-02,Mariposa,043,17540,3062,339,3401,29
2022-09-02,Mendocino,045,87422,15856,4394,20250,136
2022-09-02,Merced,047,269075,72837,11872,84709,859
2022-09-02,Modoc,049,8938,871,315,1186,11
2022-09-02,Mono,051,14174,3193,242,3435,7
2022-09-02,Monterey,053,433212,93559,20639,114198,765
2022-09-02,Napa,055,140530,32003,1380,33383,160
2022-09-02,Nevada,057,99092,18786,1790,20576,135
2022-09-02,Orange,059,3164182,663383,62063,725446,7469
2022-09-02,Placer,061,380077,75067,9525,84592,658
2022-09-02,Plumas,063,18699,3589,429,4018,13
2022-09-02,Riverside,065,2383286,689928,34680,724608,6624
2022-09-02,Sacramento,067,1510023,343138,34101,377239,3304
2022-09-02,San Benito,069,59416,16088,948,17036,102
2022-09-02,San Bernardino,071,2135413,666018,30355,696373,8069
2022-09-02,San Diego,073,3302833,913985,70501,984486,5542
2022-09-02,San Francisco,075,870044,176616,11885,188501,1044
2022-09-02,San Joaquin,077,732212,195933,14643,210576,2326
2022-09-02,San Luis Obispo,079,281455,62742,6993,69735,522
2022-09-02,San Mateo,081,765935,166774,10276,177050,742
2022-09-02,Santa Barbara,083,443738,104694,6756,111450,723
2022-09-02,Santa Clara,085,1922200,430816,18563,449379,2520
2022-09-02,Santa Cruz,087,273765,62304,3376,65680,273
2022-09-02,Shasta,089,179085,34574,7255,41829,591
2022-09-02,Sierra,091,2930,303,60,363,5
2022-09-02,Siskiyou,093,43540,5066,3270,8336,89
2022-09-02,Solano,095,438530,104115,7732,111847,458
2022-09-02,Sonoma,097,501317,105740,5192,110932,521
2022-09-02,Stanislaus,099,539301,136669,21387,158056,1775
2022-09-02,Sutter,101,95872,23967,2447,26414,232
2022-09-02,Tehama,103,63373,13491,3033,16524,215
2022-09-02,Trinity,105,12862,1388,376,1764,21
2022-09-02,Tulare,107,460477,121101,35747,156848,1535
2022-09-02,Tuolumne,109,53932,15401,912,16313,199
2022-09-02,Ventura,111,848112,206268,15371,221639,1584
2022-09-02,Yolo,113,214977,46991,4196,51187,391
2022-09-02,Yuba,115,75493,18666,1675,20341,131
2022-09-01,Alameda,001,1643700,342967,19214,362181,1991
2022-09-01,Alpine,002,1148,133,1,134,0
2022-09-01,Amador,005,37829,9882,914,10796,90
2022-09-01,Butte,007,227075,39025,8925,47950,458
2022-09-01,Calaveras,009,45235,8426,521,8947,133
2022-09-01,Colusa,011,21464,3753,1262,5015,22
2022-09-01,Contra Costa,013,1133247,248294,20381,268675,1438
2022-09-01,Del Norte,015,27424,7362,390,7752,55
2022-09-01,El Dorado,017,186661,31931,4174,36105,233
2022-09-01,Fresno,019,978130,276025,31268,307293,2858
2022-09-01,Glenn,021,27897,5480,1842,7322,56
2022-09-01,Humboldt,023,135768,21473,4866,26339,158
2022-09-01,Imperial,025,180216,64904,15402,80306,960
2022-09-01,Inyo,027,18085,4457,915,5372,59
2022-09-01,Kern,029,883053,217760,62202,279962,2411
2022-09-01,Kings,031,150075,58906,4053,62959,461
2022-09-01,Lake,033,64148,12660,1145,13805,148
2022-09-01,Lassen,035,31185,9930,979,10909,64
2022-09-01,Los Angeles,037,10098052,3248252,176360,3424612,33323
2022-09-01,Madera,039,155013,43544,8138,51682,374
2022-09-01,Marin,041,260295,36112,5106,41218,256
2022-09-01,Mariposa,043,17540,3061,339,3400,29
2022-09-01,Mendocino,045,87422,15851,4392,20243,136
2022-09-01,Merced,047,269075,72803,11857,84660,859
2022-09-01,Modoc,049,8938,871,314,1185,11
2022-09-01,Mono,051,14174,3193,241,3434,7
2022-09-01,Monterey,053,433212,93519,20618,114137,765
2022-09-01,Napa,055,140530,31984,1380,33364,160
2022-09-01,Nevada,057,99092,18777,1790,20567,135
2022-09-01,Orange,059,3164182,663054,61986,725040,7468
2022-09-01,Placer,061,380077,75030,9518,84548,658
2022-09-01,Plumas,063,18699,3588,429,4017,13
2022-09-01,Riverside,065,2383286,689585,34642,724227,6623
2022-09-01,Sacramento,067,1510023,342936,34061,376997,3303
2022-09-01,San Benito,069,59416,16080,947,17027,102
2022-09-01,San Bernardino,071,2135413,665684,30324,696008,8065
2022-09-01,San Diego,073,3302833,913565,70452,984017,5540
2022-09-01,San Francisco,075,870044,176479,11874,188353,1040
2022-09-01,San Joaquin,077,732212,195842,14623,210465,2324
2022-09-01,San Luis Obispo,079,281455,62704,6986,69690,522
2022-09-01,San Mateo,081,765935,166677,10267,176944,742
2022-09-01,Santa Barbara,083,443738,104632,6748,111380,723
2022-09-01,Santa Clara,085,1922200,430520,18555,449075,2518
2022-09-01,Santa Cruz,087,273765,62251,3371,65622,273
2022-09-01,Shasta,089,179085,34554,7250,41804,591
2022-09-01,Sierra,091,2930,303,60,363,5
2022-09-01,Siskiyou,093,43540,5065,3269,8334,89
2022-09-01,Solano,095,438530,104045,7728,111773,458
2022-09-01,Sonoma,097,501317,105671,5185,110856,521
2022-09-01,Stanislaus,099,539301,136586,21372,157958,1774
2022-09-01,Sutter,101,95872,23948,2445,26393,232
2022-09-01,Tehama,103,63373,13485,3030,16515,215
2022-09-01,Trinity,105,12862,1387,373,1760,21
2022-09-01,Tulare,107,460477,121047,35703,156750,1535
2022-09-01,Tuolumne,109,53932,15393,912,16305,199
2022-09-01,Ventura,111,848112,206122,15354,221476,1582
2022-09-01,Yolo,113,214977,46962,4189,51151,391
2022-09-01,Yuba,115,75493,18652,1675,20327,131
2022-08-31,Alameda,001,1643700,342733,19201,361934,1991
2022-08-31,Alpine,002,1148,133,1,134,0
2022-08-31,Amador,005,37829,9878,912,10790,90
2022-08-31,Butte,007,227075,38989,8909,47898,458
2022-08-31,Calaveras,009,45235,8422,520,8942,133
2022-08-31,Colusa,011,21464,3752,1262,5014,22
2022-08-31,Contra Costa,013,1133247,248135,20355,268490,1438
2022-08-31,Del Norte,015,27424,7359,390,7749,55
2022-08-31,El Dorado,017,186661,31922,4170,36092,233
2022-08-31,Fresno,019,978130,275840,31135,306975,2856
2022-08-31,Glenn,021,27897,5479,1841,7320,56
2022-08-31,Humboldt,023,135768,21447,4861,26308,158
2022-08-31,Imperial,025,180216,64874,15380,80254,960
2022-08-31,Inyo,027,18085,4455,913,5368,59
2022-08-31,Kern,029,883053,217644,62066,279710,2411
2022-08-31,Kings,031,150075,58870,4048,62918,461
2022-08-31,Lake,033,64148,12649,1145,13794,147
2022-08-31,Lassen,035,31185,9925,978,10903,64
2022-08-31,Los Angeles,037,10098052,3246429,176125,3422554,33311
2022-08-31,Madera,039,155013,43512,8124,51636,374
2022-08-31,Marin,041,260295,36081,5100,41181,256
2022-08-31,Mariposa,043,17540,3060,339,3399,29
2022-08-31,Mendocino,045,87422,15843,4388,20231,136
2022-08-31,Merced,047,269075,72771,11835,84606,859
2022-08-31,Modoc,049,8938,869,314,1183,11
2022-08-31,Mono,051,14174,3192,241,3433,7
2022-08-31,Monterey,053,433212,93475,20596,114071,765
2022-08-31,Napa,055,140530,31967,1379,33346,159
2022-08-31,Nevada,057,99092,18760,1789,20549,135
2022-08-31,Orange,059,3164182,662635,61904,724539,7467
2022-08-31,Placer,061,380077,74988,9512,84500,658
2022-08-31,Plumas,063,18699,3587,429,4016,13
2022-08-31,Riverside,065,2383286,689170,34605,723775,6622
2022-08-31,Sacramento,067,1510023,342722,34017,376739,3302
2022-08-31,San Benito,069,59416,16068,945,17013,102
2022-08-31,San Bernardino,071,2135413,665241,30288,695529,8063
2022-08-31,San Diego,073,3302833,913097,70394,983491,5539
2022-08-31,San Francisco,075,870044,176364,11865,188229,1039
2022-08-31,San Joaquin,077,732212,195683,14604,210287,2324
2022-08-31,San Luis Obispo,079,281455,62674,6974,69648,522
2022-08-31,San Mateo,081,765935,166570,10260,176830,741
2022-08-31,Santa Barbara,083,443738,104545,6739,111284,723
2022-08-31,Santa Clara,085,1922200,430212,18538,448750,2515
2022-08-31,Santa Cruz,087,273765,62202,3368,65570,273
2022-08-31,Shasta,089,179085,34538,7243,41781,591
2022-08-31,Sierra,091,2930,303,60,363,5
2022-08-31,Siskiyou,093,43540,5057,3268,8325,89
2022-08-31,Solano,095,438530,103982,7723,111705,458
2022-08-31,Sonoma,097,501317,105599,5175,110774,521
2022-08-31,Stanislaus,099,539301,136496,21350,157846,1774
2022-08-31,Sutter,101,95872,23931,2444,26375,232
2022-08-31,Tehama,103,63373,13472,3025,16497,215
2022-08-31,Trinity,105,12862,1387,373,1760,21
2022-08-31,Tulare,107,460477,120970,35658,156628,1534
2022-08-31,Tuolumne,109,53932,15384,910,16294,199
2022-08-31,Ventura,111,848112,205977,15337,221314,1582
2022-08-31,Yolo,113,214977,46928,4177,51105,391
2022-08-31,Yuba,115,75493,18629,1672,20301,131
2022-08-30,Alameda,001,1643700,342487,19183,361670,1989
2022-08-30,Alpine,002,1148,133,1,134,0
2022-08-30,Amador,005,37829,9867,912,10779,90
2022-08-30,Butte,007,227075,38954,8894,47848,457
2022-08-30,Calaveras,009,45235,8419,518,8937,133
2022-08-30,Colusa,011,21464,3751,1260,5011,22
2022-08-30,Contra Costa,013,1133247,247979,20337,268316,1438
2022-08-30,Del Norte,015,27424,7358,390,7748,55
2022-08-30,El Dorado,017,186661,31903,4167,36070,233
2022-08-30,Fresno,019,978130,275640,31036,306676,2856
2022-08-30,Glenn,021,27897,5479,1840,7319,56
2022-08-30,Humboldt,023,135768,21426,4857,26283,158
2022-08-30,Imperial,025,180216,64827,15345,80172,960
2022-08-30,Inyo,027,18085,4454,910,5364,59
2022-08-30,Kern,029,883053,217508,61920,279428,2411
2022-08-30,Kings,031,150075,58814,4044,62858,461
2022-08-30,Lake,033,64148,12639,1143,13782,147
2022-08-30,Lassen,035,31185,9921,978,10899,64
2022-08-30,Los Angeles,037,10098052,3244331,175861,3420192,33297
2022-08-30,Madera,039,155013,43461,8108,51569,374
2022-08-30,Marin,041,260295,36048,5096,41144,256
2022-08-30,Mariposa,043,17540,3056,339,3395,29
2022-08-30,Mendocino,045,87422,15832,4378,20210,135
2022-08-30,Merced,047,269075,72722,11812,84534,859
2022-08-30,Modoc,049,8938,869,314,1183,11
2022-08-30,Mono,051,14174,3190,241,3431,7
2022-08-30,Monterey,053,433212,93429,20580,114009,764
2022-08-30,Napa,055,140530,31949,1378,33327,159
2022-08-30,Nevada,057,99092,18742,1769,20511,135
2022-08-30,Orange,059,3164182,662172,61796,723968,7463
2022-08-30,Placer,061,380077,74951,9504,84455,658
2022-08-30,Plumas,063,18699,3586,429,4015,13
2022-08-30,Riverside,065,2383286,688722,34567,723289,6622
2022-08-30,Sacramento,067,1510023,342522,33975,376497,3300
2022-08-30,San Benito,069,59416,16054,942,16996,102
2022-08-30,San Bernardino,071,2135413,664763,30255,695018,8058
2022-08-30,San Diego,073,3302833,912569,70299,982868,5537
2022-08-30,San Francisco,075,870044,176242,11856,188098,1038
2022-08-30,San Joaquin,077,732212,195531,14570,210101,2323
2022-08-30,San Luis Obispo,079,281455,62635,6960,69595,522
2022-08-30,San Mateo,081,765935,166463,10251,176714,741
2022-08-30,Santa Barbara,083,443738,104449,6729,111178,723
2022-08-30,Santa Clara,085,1922200,429882,18526,448408,2514
2022-08-30,Santa Cruz,087,273765,62150,3362,65512,273
2022-08-30,Shasta,089,179085,34514,7238,41752,591
2022-08-30,Sierra,091,2930,303,60,363,5
2022-08-30,Siskiyou,093,43540,5049,3266,8315,89
2022-08-30,Solano,095,438530,103894,7716,111610,458
2022-08-30,Sonoma,097,501317,105537,5168,110705,521
2022-08-30,Stanislaus,099,539301,136390,21336,157726,1774
2022-08-30,Sutter,101,95872,23913,2444,26357,232
2022-08-30,Tehama,103,63373,13465,3018,16483,215
2022-08-30,Trinity,105,12862,1386,372,1758,21
2022-08-30,Tulare,107,460477,120885,35605,156490,1534
2022-08-30,Tuolumne,109,53932,15369,910,16279,199
2022-08-30,Ventura,111,848112,205815,15299,221114,1580
2022-08-30,Yolo,113,214977,46908,4169,51077,389
2022-08-30,Yuba,115,75493,18617,1670,20287,130
2022-08-29,Alameda,001,1643700,342151,19159,361310,1988
2022-08-29,Alpine,002,1148,133,1,134,0
2022-08-29,Amador,005,37829,9853,911,10764,90
2022-08-29,Butte,007,227075,38912,8878,47790,457
2022-08-29,Calaveras,009,45235,8418,516,8934,133
2022-08-29,Colusa,011,21464,3751,1260,5011,22
2022-08-29,Contra Costa,013,1133247,247804,20313,268117,1436
2022-08-29,Del Norte,015,27424,7357,390,7747,55
2022-08-29,El Dorado,017,186661,31886,4163,36049,233
2022-08-29,Fresno,019,978130,275413,30997,306410,2855
2022-08-29,Glenn,021,27897,5477,1837,7314,56
2022-08-29,Humboldt,023,135768,21403,4850,26253,158
2022-08-29,Imperial,025,180216,64783,15306,80089,960
2022-08-29,Inyo,027,18085,4453,906,5359,59
2022-08-29,Kern,029,883053,217337,61778,279115,2410
2022-08-29,Kings,031,150075,58744,4040,62784,461
2022-08-29,Lake,033,64148,12625,1142,13767,145
2022-08-29,Lassen,035,31185,9915,978,10893,64
2022-08-29,Los Angeles,037,10098052,3242093,175586,3417679,33288
2022-08-29,Madera,039,155013,43422,8088,51510,374
2022-08-29,Marin,041,260295,36014,5090,41104,256
2022-08-29,Mariposa,043,17540,3052,338,3390,29
2022-08-29,Mendocino,045,87422,15817,4367,20184,135
2022-08-29,Merced,047,269075,72662,11783,84445,859
2022-08-29,Modoc,049,8938,868,313,1181,11
2022-08-29,Mono,051,14174,3189,241,3430,7
2022-08-29,Monterey,053,433212,93391,20550,113941,764
2022-08-29,Napa,055,140530,31929,1378,33307,159
2022-08-29,Nevada,057,99092,18726,1767,20493,135
2022-08-29,Orange,059,3164182,661713,61719,723432,7460
2022-08-29,Placer,061,380077,74913,9492,84405,658
2022-08-29,Plumas,063,18699,3585,429,4014,13
2022-08-29,Riverside,065,2383286,688149,34513,722662,6620
2022-08-29,Sacramento,067,1510023,342244,33918,376162,3296
2022-08-29,San Benito,069,59416,16041,940,16981,102
2022-08-29,San Bernardino,071,2135413,664177,30217,694394,8057
2022-08-29,San Diego,073,3302833,911941,70232,982173,5533
2022-08-29,San Francisco,075,870044,176137,11845,187982,1037
2022-08-29,San Joaquin,077,732212,195387,14540,209927,2323
2022-08-29,San Luis Obispo,079,281455,62602,6947,69549,522
2022-08-29,San Mateo,081,765935,166355,10243,176598,741
2022-08-29,Santa Barbara,083,443738,104354,6718,111072,722
2022-08-29,Santa Clara,085,1922200,429483,18502,447985,2512
2022-08-29,Santa Cruz,087,273765,62083,3355,65438,273
2022-08-29,Shasta,089,179085,34495,7225,41720,591
2022-08-29,Sierra,091,2930,303,60,363,5
2022-08-29,Siskiyou,093,43540,5045,3265,8310,89
2022-08-29,Solano,095,438530,103813,7705,111518,457
2022-08-29,Sonoma,097,501317,105457,5162,110619,521
2022-08-29,Stanislaus,099,539301,136270,21301,157571,1773
2022-08-29,Sutter,101,95872,23885,2441,26326,232
2022-08-29,Tehama,103,63373,13456,3017,16473,214
2022-08-29,Trinity,105,12862,1385,372,1757,21
2022-08-29,Tulare,107,460477,120792,35537,156329,1534
2022-08-29,Tuolumne,109,53932,15354,910,16264,199
2022-08-29,Ventura,111,848112,205667,15276,220943,1579
2022-08-29,Yolo,113,214977,46882,4159,51041,388
2022-08-29,Yuba,115,75493,18599,1665,20264,130
2022-08-28,Alameda,001,1643700,341816,19137,360953,1988
2022-08-28,Alpine,002,1148,133,1,134,0
2022-08-28,Amador,005,37829,9846,909,10755,90
2022-08-28,Butte,007,227075,38861,8867,47728,457
2022-08-28,Calaveras,009,45235,8410,515,8925,133
2022-08-28,Colusa,011,21464,3748,1256,5004,22
2022-08-28,Contra Costa,013,1133247,247581,20294,267875,1436
2022-08-28,Del Norte,015,27424,7351,389,7740,55
2022-08-28,El Dorado,017,186661,31855,4155,36010,233
2022-08-28,Fresno,019,978130,275165,30941,306106,2854
2022-08-28,Glenn,021,27897,5474,1835,7309,56
2022-08-28,Humboldt,023,135768,21378,4836,26214,158
2022-08-28,Imperial,025,180216,64730,15257,79987,960
2022-08-28,Inyo,027,18085,4452,903,5355,59
2022-08-28,Kern,029,883053,217197,61592,278789,2410
2022-08-28,Kings,031,150075,58687,4029,62716,461
2022-08-28,Lake,033,64148,12613,1138,13751,145
2022-08-28,Lassen,035,31185,9903,978,10881,64
2022-08-28,Los Angeles,037,10098052,3239391,175232,3414623,33280
2022-08-28,Madera,039,155013,43372,8054,51426,374
2022-08-28,Marin,041,260295,35982,5081,41063,256
2022-08-28,Mariposa,043,17540,3046,337,3383,29
2022-08-28,Mendocino,045,87422,15803,4363,20166,135
2022-08-28,Merced,047,269075,72587,11733,84320,859
2022-08-28,Modoc,049,8938,868,313,1181,11
2022-08-28,Mono,051,14174,3188,241,3429,7
2022-08-28,Monterey,053,433212,93325,20521,113846,764
2022-08-28,Napa,055,140530,31899,1377,33276,159
2022-08-28,Nevada,057,99092,18703,1766,20469,135
2022-08-28,Orange,059,3164182,661224,61618,722842,7459
2022-08-28,Placer,061,380077,74867,9480,84347,658
2022-08-28,Plumas,063,18699,3583,429,4012,13
2022-08-28,Riverside,065,2383286,687511,34448,721959,6617
2022-08-28,Sacramento,067,1510023,341916,33846,375762,3295
2022-08-28,San Benito,069,59416,16028,937,16965,102
2022-08-28,San Bernardino,071,2135413,663568,30162,693730,8055
2022-08-28,San Diego,073,3302833,911182,70124,981306,5530
2022-08-28,San Francisco,075,870044,175985,11833,187818,1036
2022-08-28,San Joaquin,077,732212,195152,14510,209662,2322
2022-08-28,San Luis Obispo,079,281455,62553,6928,69481,520
2022-08-28,San Mateo,081,765935,166200,10232,176432,741
2022-08-28,Santa Barbara,083,443738,104220,6699,110919,722
2022-08-28,Santa Clara,085,1922200,429069,18481,447550,2512
2022-08-28,Santa Cruz,087,273765,61982,3341,65323,273
2022-08-28,Shasta,089,179085,34459,7212,41671,591
2022-08-28,Sierra,091,2930,302,60,362,5
2022-08-28,Siskiyou,093,43540,5039,3263,8302,89
2022-08-28,Solano,095,438530,103717,7697,111414,456
2022-08-28,Sonoma,097,501317,105374,5151,110525,521
2022-08-28,Stanislaus,099,539301,136117,21274,157391,1769
2022-08-28,Sutter,101,95872,23856,2438,26294,232
2022-08-28,Tehama,103,63373,13436,3015,16451,214
2022-08-28,Trinity,105,12862,1385,370,1755,21
2022-08-28,Tulare,107,460477,120678,35430,156108,1534
2022-08-28,Tuolumne,109,53932,15348,905,16253,199
2022-08-28,Ventura,111,848112,205468,15208,220676,1578
2022-08-28,Yolo,113,214977,46830,4148,50978,388
2022-08-28,Yuba,115,75493,18580,1659,20239,130
2022-08-27,Alameda,001,1643700,341619,19131,360750,1987
2022-08-27,Alpine,002,1148,133,1,134,0
2022-08-27,Amador,005,37829,9840,908,10748,90
2022-08-27,Butte,007,227075,38833,8854,47687,457
2022-08-27,Calaveras,009,45235,8405,515,8920,133
2022-08-27,Colusa,011,21464,3746,1251,4997,22
2022-08-27,Contra Costa,013,1133247,247440,20285,267725,1435
2022-08-27,Del Norte,015,27424,7349,389,7738,55
2022-08-27,El Dorado,017,186661,31843,4151,35994,233
2022-08-27,Fresno,019,978130,275042,30925,305967,2854
2022-08-27,Glenn,021,27897,5472,1835,7307,56
2022-08-27,Humboldt,023,135768,21362,4828,26190,158
2022-08-27,Imperial,025,180216,64708,15247,79955,960
2022-08-27,Inyo,027,18085,4451,903,5354,59
2022-08-27,Kern,029,883053,217111,61479,278590,2410
2022-08-27,Kings,031,150075,58657,4026,62683,461
2022-08-27,Lake,033,64148,12608,1134,13742,145
2022-08-27,Lassen,035,31185,9899,978,10877,64
2022-08-27,Los Angeles,037,10098052,3238064,175020,3413084,33266
2022-08-27,Madera,039,155013,43337,8050,51387,374
2022-08-27,Marin,041,260295,35961,5072,41033,256
2022-08-27,Mariposa,043,17540,3045,336,3381,29
2022-08-27,Mendocino,045,87422,15797,4361,20158,135
2022-08-27,Merced,047,269075,72543,11725,84268,858
2022-08-27,Modoc,049,8938,868,313,1181,11
2022-08-27,Mono,051,14174,3187,241,3428,7
2022-08-27,Monterey,053,433212,93293,20506,113799,764
2022-08-27,Napa,055,140530,31884,1375,33259,159
2022-08-27,Nevada,057,99092,18692,1764,20456,135
2022-08-27,Orange,059,3164182,660947,61519,722466,7456
2022-08-27,Placer,061,380077,74830,9476,84306,658
2022-08-27,Plumas,063,18699,3582,429,4011,13
2022-08-27,Riverside,065,2383286,687176,34422,721598,6617
2022-08-27,Sacramento,067,1510023,341778,33832,375610,3294
2022-08-27,San Benito,069,59416,16012,933,16945,102
2022-08-27,San Bernardino,071,2135413,663247,30133,693380,8055
2022-08-27,San Diego,073,3302833,910844,70083,980927,5527
2022-08-27,San Francisco,075,870044,175912,11827,187739,1034
2022-08-27,San Joaquin,077,732212,195093,14489,209582,2320
2022-08-27,San Luis Obispo,079,281455,62538,6921,69459,519
2022-08-27,San Mateo,081,765935,166103,10231,176334,741
2022-08-27,Santa Barbara,083,443738,104157,6688,110845,721
2022-08-27,Santa Clara,085,1922200,428851,18471,447322,2510
2022-08-27,Santa Cruz,087,273765,61969,3340,65309,273
2022-08-27,Shasta,089,179085,34448,7207,41655,590
2022-08-27,Sierra,091,2930,302,60,362,5
2022-08-27,Siskiyou,093,43540,5037,3263,8300,89
2022-08-27,Solano,095,438530,103680,7689,111369,455
2022-08-27,Sonoma,097,501317,105332,5148,110480,521
2022-08-27,Stanislaus,099,539301,136038,21253,157291,1769
2022-08-27,Sutter,101,95872,23841,2438,26279,232
2022-08-27,Tehama,103,63373,13430,3014,16444,214
2022-08-27,Trinity,105,12862,1384,368,1752,21
2022-08-27,Tulare,107,460477,120618,35381,155999,1534
2022-08-27,Tuolumne,109,53932,15341,904,16245,199
2022-08-27,Ventura,111,848112,205383,15195,220578,1577
2022-08-27,Yolo,113,214977,46810,4144,50954,388
2022-08-27,Yuba,115,75493,18568,1658,20226,130
2022-08-26,Alameda,001,1643700,341445,19128,360573,1987
2022-08-26,Alpine,002,1148,133,1,134,0
2022-08-26,Amador,005,37829,9837,906,10743,90
2022-08-26,Butte,007,227075,38819,8842,47661,457
2022-08-26,Calaveras,009,45235,8400,515,8915,133
2022-08-26,Colusa,011,21464,3745,1251,4996,22
2022-08-26,Contra Costa,013,1133247,247283,20278,267561,1434
2022-08-26,Del Norte,015,27424,7347,389,7736,55
2022-08-26,El Dorado,017,186661,31824,4150,35974,233
2022-08-26,Fresno,019,978130,274886,30888,305774,2854
2022-08-26,Glenn,021,27897,5469,1833,7302,56
2022-08-26,Humboldt,023,135768,21355,4826,26181,158
2022-08-26,Imperial,025,180216,64685,15234,79919,959
2022-08-26,Inyo,027,18085,4450,896,5346,59
2022-08-26,Kern,029,883053,217019,61378,278397,2410
2022-08-26,Kings,031,150075,58643,4024,62667,461
2022-08-26,Lake,033,64148,12600,1133,13733,145
2022-08-26,Lassen,035,31185,9897,978,10875,64
2022-08-26,Los Angeles,037,10098052,3236651,174807,3411458,33257
2022-08-26,Madera,039,155013,43307,8044,51351,374
2022-08-26,Marin,041,260295,35929,5070,40999,256
2022-08-26,Mariposa,043,17540,3040,332,3372,29
2022-08-26,Mendocino,045,87422,15791,4359,20150,135
2022-08-26,Merced,047,269075,72503,11716,84219,858
2022-08-26,Modoc,049,8938,867,313,1180,11
2022-08-26,Mono,051,14174,3187,241,3428,7
2022-08-26,Monterey,053,433212,93252,20491,113743,764
2022-08-26,Napa,055,140530,31870,1375,33245,159
2022-08-26,Nevada,057,99092,18680,1762,20442,135
2022-08-26,Orange,059,3164182,660681,61458,722139,7453
2022-08-26,Placer,061,380077,74796,9465,84261,657
2022-08-26,Plumas,063,18699,3581,429,4010,13
2022-08-26,Riverside,065,2383286,686821,34390,721211,6616
2022-08-26,Sacramento,067,1510023,341589,33814,375403,3291
2022-08-26,San Benito,069,59416,16001,933,16934,102
2022-08-26,San Bernardino,071,2135413,662917,30112,693029,8054
2022-08-26,San Diego,073,3302833,910422,70060,980482,5527
2022-08-26,San Francisco,075,870044,175828,11822,187650,1034
2022-08-26,San Joaquin,077,732212,195019,14472,209491,2320
2022-08-26,San Luis Obispo,079,281455,62516,6917,69433,519
2022-08-26,San Mateo,081,765935,166009,10226,176235,741
2022-08-26,Santa Barbara,083,443738,104105,6682,110787,721
2022-08-26,Santa Clara,085,1922200,428630,18461,447091,2509
2022-08-26,Santa Cruz,087,273765,61922,3336,65258,273
2022-08-26,Shasta,089,179085,34436,7203,41639,590
2022-08-26,Sierra,091,2930,302,60,362,5
2022-08-26,Siskiyou,093,43540,5034,3263,8297,89
2022-08-26,Solano,095,438530,103622,7678,111300,455
2022-08-26,Sonoma,097,501317,105287,5148,110435,521
2022-08-26,Stanislaus,099,539301,135961,21244,157205,1769
2022-08-26,Sutter,101,95872,23822,2437,26259,232
2022-08-26,Tehama,103,63373,13419,3012,16431,214
2022-08-26,Trinity,105,12862,1384,368,1752,21
2022-08-26,Tulare,107,460477,120556,35333,155889,1534
2022-08-26,Tuolumne,109,53932,15329,904,16233,199
2022-08-26,Ventura,111,848112,205303,15180,220483,1575
2022-08-26,Yolo,113,214977,46798,4140,50938,388
2022-08-26,Yuba,115,75493,18555,1658,20213,130
2022-08-25,Alameda,001,1643700,341151,19101,360252,1985
2022-08-25,Alpine,002,1148,133,1,134,0
2022-08-25,Amador,005,37829,9830,906,10736,90
2022-08-25,Butte,007,227075,38795,8833,47628,457
2022-08-25,Calaveras,009,45235,8394,515,8909,133
2022-08-25,Colusa,011,21464,3745,1249,4994,22
2022-08-25,Contra Costa,013,1133247,247079,20257,267336,1433
2022-08-25,Del Norte,015,27424,7338,389,7727,55
2022-08-25,El Dorado,017,186661,31803,4145,35948,233
2022-08-25,Fresno,019,978130,274685,30837,305522,2853
2022-08-25,Glenn,021,27897,5464,1832,7296,56
2022-08-25,Humboldt,023,135768,21334,4816,26150,158
2022-08-25,Imperial,025,180216,64643,15206,79849,959
2022-08-25,Inyo,027,18085,4450,889,5339,59
2022-08-25,Kern,029,883053,216874,61271,278145,2410
2022-08-25,Kings,031,150075,58587,4016,62603,461
2022-08-25,Lake,033,64148,12586,1131,13717,145
2022-08-25,Lassen,035,31185,9896,977,10873,64
2022-08-25,Los Angeles,037,10098052,3234490,174514,3409004,33242
2022-08-25,Madera,039,155013,43260,8030,51290,374
2022-08-25,Marin,041,260295,35901,5062,40963,256
2022-08-25,Mariposa,043,17540,3038,332,3370,29
2022-08-25,Mendocino,045,87422,15782,4358,20140,135
2022-08-25,Merced,047,269075,72456,11684,84140,858
2022-08-25,Modoc,049,8938,867,313,1180,11
2022-08-25,Mono,051,14174,3187,241,3428,7
2022-08-25,Monterey,053,433212,93200,20470,113670,764
2022-08-25,Napa,055,140530,31852,1375,33227,159
2022-08-25,Nevada,057,99092,18658,1757,20415,135
2022-08-25,Orange,059,3164182,660253,61373,721626,7450
2022-08-25,Placer,061,380077,74746,9458,84204,657
2022-08-25,Plumas,063,18699,3579,429,4008,13
2022-08-25,Riverside,065,2383286,686297,34343,720640,6615
2022-08-25,Sacramento,067,1510023,341311,33769,375080,3289
2022-08-25,San Benito,069,59416,15988,932,16920,102
2022-08-25,San Bernardino,071,2135413,662381,30081,692462,8050
2022-08-25,San Diego,073,3302833,909876,69981,979857,5524
2022-08-25,San Francisco,075,870044,175715,11817,187532,1032
2022-08-25,San Joaquin,077,732212,194872,14447,209319,2319
2022-08-25,San Luis Obispo,079,281455,62416,6907,69323,519
2022-08-25,San Mateo,081,765935,165878,10219,176097,741
2022-08-25,Santa Barbara,083,443738,104010,6667,110677,721
2022-08-25,Santa Clara,085,1922200,428309,18443,446752,2507
2022-08-25,Santa Cruz,087,273765,61862,3332,65194,273
2022-08-25,Shasta,089,179085,34417,7191,41608,590
2022-08-25,Sierra,091,2930,302,60,362,5
2022-08-25,Siskiyou,093,43540,5029,3258,8287,88
2022-08-25,Solano,095,438530,103536,7668,111204,455
2022-08-25,Sonoma,097,501317,105211,5141,110352,521
2022-08-25,Stanislaus,099,539301,135835,21221,157056,1767
2022-08-25,Sutter,101,95872,23799,2435,26234,232
2022-08-25,Tehama,103,63373,13411,3005,16416,214
2022-08-25,Trinity,105,12862,1384,367,1751,21
2022-08-25,Tulare,107,460477,120460,35263,155723,1534
2022-08-25,Tuolumne,109,53932,15311,903,16214,199
2022-08-25,Ventura,111,848112,205149,15131,220280,1575
2022-08-25,Yolo,113,214977,46771,4131,50902,388
2022-08-25,Yuba,115,75493,18536,1655,20191,130
2022-08-24,Alameda,001,1643700,340838,19077,359915,1982
2022-08-24,Alpine,002,1148,133,1,134,0
2022-08-24,Amador,005,37829,9823,903,10726,90
2022-08-24,Butte,007,227075,38757,8817,47574,457
2022-08-24,Calaveras,009,45235,8379,514,8893,133
2022-08-24,Colusa,011,21464,3745,1246,4991,22
2022-08-24,Contra Costa,013,1133247,246891,20231,267122,1433
2022-08-24,Del Norte,015,27424,7334,387,7721,55
2022-08-24,El Dorado,017,186661,31788,4140,35928,233
2022-08-24,Fresno,019,978130,274489,30780,305269,2853
2022-08-24,Glenn,021,27897,5462,1832,7294,56
2022-08-24,Humboldt,023,135768,21313,4805,26118,158
2022-08-24,Imperial,025,180216,64606,15189,79795,959
2022-08-24,Inyo,027,18085,4449,888,5337,59
2022-08-24,Kern,029,883053,216723,61148,277871,2410
2022-08-24,Kings,031,150075,58533,4012,62545,461
2022-08-24,Lake,033,64148,12576,1130,13706,145
2022-08-24,Lassen,035,31185,9893,974,10867,64
2022-08-24,Los Angeles,037,10098052,3232127,174203,3406330,33231
2022-08-24,Madera,039,155013,43219,8005,51224,374
2022-08-24,Marin,041,260295,35864,5054,40918,254
2022-08-24,Mariposa,043,17540,3038,332,3370,29
2022-08-24,Mendocino,045,87422,15770,4348,20118,135
2022-08-24,Merced,047,269075,72406,11651,84057,856
2022-08-24,Modoc,049,8938,867,312,1179,11
2022-08-24,Mono,051,14174,3187,241,3428,7
2022-08-24,Monterey,053,433212,93139,20430,113569,763
2022-08-24,Napa,055,140530,31842,1373,33215,159
2022-08-24,Nevada,057,99092,18642,1754,20396,135
2022-08-24,Orange,059,3164182,659793,61281,721074,7448
2022-08-24,Placer,061,380077,74685,9453,84138,657
2022-08-24,Plumas,063,18699,3575,429,4004,13
2022-08-24,Riverside,065,2383286,685758,34290,720048,6614
2022-08-24,Sacramento,067,1510023,341032,33722,374754,3288
2022-08-24,San Benito,069,59416,15966,929,16895,102
2022-08-24,San Bernardino,071,2135413,661864,30043,691907,8046
2022-08-24,San Diego,073,3302833,909312,69912,979224,5523
2022-08-24,San Francisco,075,870044,175572,11812,187384,1030
2022-08-24,San Joaquin,077,732212,194716,14421,209137,2319
2022-08-24,San Luis Obispo,079,281455,62377,6894,69271,519
2022-08-24,San Mateo,081,765935,165759,10213,175972,741
2022-08-24,Santa Barbara,083,443738,103933,6651,110584,721
2022-08-24,Santa Clara,085,1922200,427952,18431,446383,2507
2022-08-24,Santa Cruz,087,273765,61835,3326,65161,273
2022-08-24,Shasta,089,179085,34403,7177,41580,590
2022-08-24,Sierra,091,2930,302,60,362,5
2022-08-24,Siskiyou,093,43540,5025,3257,8282,88
2022-08-24,Solano,095,438530,103449,7657,111106,455
2022-08-24,Sonoma,097,501317,105134,5140,110274,521
2022-08-24,Stanislaus,099,539301,135706,21195,156901,1767
2022-08-24,Sutter,101,95872,23767,2434,26201,232
2022-08-24,Tehama,103,63373,13406,3001,16407,214
2022-08-24,Trinity,105,12862,1383,367,1750,21
2022-08-24,Tulare,107,460477,120352,35162,155514,1534
2022-08-24,Tuolumne,109,53932,15301,903,16204,199
2022-08-24,Ventura,111,848112,204983,15091,220074,1573
2022-08-24,Yolo,113,214977,46741,4122,50863,388
2022-08-24,Yuba,115,75493,18512,1649,20161,130
2022-08-23,Alameda,001,1643700,340517,19052,359569,1981
2022-08-23,Alpine,002,1148,133,1,134,0
2022-08-23,Amador,005,37829,9812,902,10714,89
2022-08-23,Butte,007,227075,38725,8797,47522,457
2022-08-23,Calaveras,009,45235,8370,510,8880,133
2022-08-23,Colusa,011,21464,3742,1242,4984,22
2022-08-23,Contra Costa,013,1133247,246692,20201,266893,1433
2022-08-23,Del Norte,015,27424,7330,387,7717,55
2022-08-23,El Dorado,017,186661,31768,4137,35905,233
2022-08-23,Fresno,019,978130,274235,30717,304952,2852
2022-08-23,Glenn,021,27897,5456,1831,7287,56
2022-08-23,Humboldt,023,135768,21300,4793,26093,158
2022-08-23,Imperial,025,180216,64563,15170,79733,959
2022-08-23,Inyo,027,18085,4447,881,5328,59
2022-08-23,Kern,029,883053,216588,60977,277565,2410
2022-08-23,Kings,031,150075,58482,4007,62489,461
2022-08-23,Lake,033,64148,12556,1129,13685,144
2022-08-23,Lassen,035,31185,9889,974,10863,64
2022-08-23,Los Angeles,037,10098052,3229458,173883,3403341,33212
2022-08-23,Madera,039,155013,43174,7981,51155,374
2022-08-23,Marin,041,260295,35832,5051,40883,254
2022-08-23,Mariposa,043,17540,3034,328,3362,29
2022-08-23,Mendocino,045,87422,15752,4340,20092,135
2022-08-23,Merced,047,269075,72345,11598,83943,856
2022-08-23,Modoc,049,8938,867,312,1179,11
2022-08-23,Mono,051,14174,3187,241,3428,7
2022-08-23,Monterey,053,433212,93071,20386,113457,763
2022-08-23,Napa,055,140530,31824,1373,33197,159
2022-08-23,Nevada,057,99092,18628,1746,20374,135
2022-08-23,Orange,059,3164182,659257,61172,720429,7445
2022-08-23,Placer,061,380077,74620,9439,84059,657
2022-08-23,Plumas,063,18699,3569,429,3998,13
2022-08-23,Riverside,065,2383286,685142,34225,719367,6612
2022-08-23,Sacramento,067,1510023,340704,33671,374375,3287
2022-08-23,San Benito,069,59416,15943,925,16868,102
2022-08-23,San Bernardino,071,2135413,661240,29993,691233,8044
2022-08-23,San Diego,073,3302833,908695,69834,978529,5523
2022-08-23,San Francisco,075,870044,175416,11802,187218,1030
2022-08-23,San Joaquin,077,732212,194561,14378,208939,2319
2022-08-23,San Luis Obispo,079,281455,62329,6883,69212,519
2022-08-23,San Mateo,081,765935,165630,10210,175840,741
2022-08-23,Santa Barbara,083,443738,103838,6636,110474,721
2022-08-23,Santa Clara,085,1922200,427563,18419,445982,2507
2022-08-23,Santa Cruz,087,273765,61782,3323,65105,273
2022-08-23,Shasta,089,179085,34380,7171,41551,590
2022-08-23,Sierra,091,2930,302,60,362,5
2022-08-23,Siskiyou,093,43540,5025,3255,8280,88
2022-08-23,Solano,095,438530,103354,7651,111005,455
2022-08-23,Sonoma,097,501317,105053,5129,110182,520
2022-08-23,Stanislaus,099,539301,135586,21151,156737,1766
2022-08-23,Sutter,101,95872,23748,2429,26177,232
2022-08-23,Tehama,103,63373,13395,2999,16394,214
2022-08-23,Trinity,105,12862,1381,367,1748,21
2022-08-23,Tulare,107,460477,120240,35060,155300,1534
2022-08-23,Tuolumne,109,53932,15286,902,16188,199
2022-08-23,Ventura,111,848112,204808,15055,219863,1573
2022-08-23,Yolo,113,214977,46715,4120,50835,388
2022-08-23,Yuba,115,75493,18491,1645,20136,130
2022-08-22,Alameda,001,1643700,340146,19026,359172,1978
2022-08-22,Alpine,002,1148,133,1,134,0
2022-08-22,Amador,005,37829,9807,901,10708,89
2022-08-22,Butte,007,227075,38676,8780,47456,457
2022-08-22,Calaveras,009,45235,8359,508,8867,133
2022-08-22,Colusa,011,21464,3740,1238,4978,22
2022-08-22,Contra Costa,013,1133247,246444,20163,266607,1431
2022-08-22,Del Norte,015,27424,7329,387,7716,55
2022-08-22,El Dorado,017,186661,31744,4133,35877,233
2022-08-22,Fresno,019,978130,273994,30632,304626,2852
2022-08-22,Glenn,021,27897,5455,1829,7284,56
2022-08-22,Humboldt,023,135768,21279,4778,26057,158
2022-08-22,Imperial,025,180216,64489,15129,79618,959
2022-08-22,Inyo,027,18085,4445,881,5326,59
2022-08-22,Kern,029,883053,216431,60785,277216,2410
2022-08-22,Kings,031,150075,58430,3999,62429,461
2022-08-22,Lake,033,64148,12532,1126,13658,144
2022-08-22,Lassen,035,31185,9887,974,10861,64
2022-08-22,Los Angeles,037,10098052,3226518,173538,3400056,33201
2022-08-22,Madera,039,155013,43120,7956,51076,374
2022-08-22,Marin,041,260295,35799,5043,40842,254
2022-08-22,Mariposa,043,17540,3027,327,3354,29
2022-08-22,Mendocino,045,87422,15730,4323,20053,135
2022-08-22,Merced,047,269075,72269,11556,83825,856
2022-08-22,Modoc,049,8938,867,312,1179,11
2022-08-22,Mono,051,14174,3187,241,3428,7
2022-08-22,Monterey,053,433212,92996,20336,113332,762
2022-08-22,Napa,055,140530,31798,1370,33168,159
2022-08-22,Nevada,057,99092,18610,1740,20350,135
2022-08-22,Orange,059,3164182,658649,61054,719703,7442
2022-08-22,Placer,061,380077,74543,9432,83975,657
2022-08-22,Plumas,063,18699,3568,429,3997,13
2022-08-22,Riverside,065,2383286,684472,34160,718632,6611
2022-08-22,Sacramento,067,1510023,340363,33587,373950,3285
2022-08-22,San Benito,069,59416,15921,924,16845,102
2022-08-22,San Bernardino,071,2135413,660496,29931,690427,8043
2022-08-22,San Diego,073,3302833,908009,69713,977722,5521
2022-08-22,San Francisco,075,870044,175265,11788,187053,1030
2022-08-22,San Joaquin,077,732212,194382,14338,208720,2318
2022-08-22,San Luis Obispo,079,281455,62276,6870,69146,519
2022-08-22,San Mateo,081,765935,165483,10199,175682,741
2022-08-22,Santa Barbara,083,443738,103716,6618,110334,721
2022-08-22,Santa Clara,085,1922200,427126,18397,445523,2507
2022-08-22,Santa Cruz,087,273765,61699,3319,65018,273
2022-08-22,Shasta,089,179085,34363,7161,41524,590
2022-08-22,Sierra,091,2930,302,60,362,5
2022-08-22,Siskiyou,093,43540,5021,3253,8274,88
2022-08-22,Solano,095,438530,103264,7638,110902,455
2022-08-22,Sonoma,097,501317,104970,5116,110086,520
2022-08-22,Stanislaus,099,539301,135420,21115,156535,1766
2022-08-22,Sutter,101,95872,23713,2429,26142,232
2022-08-22,Tehama,103,63373,13389,2996,16385,214
2022-08-22,Trinity,105,12862,1376,365,1741,21
2022-08-22,Tulare,107,460477,120110,34958,155068,1534
2022-08-22,Tuolumne,109,53932,15263,902,16165,199
2022-08-22,Ventura,111,848112,204646,14981,219627,1573
2022-08-22,Yolo,113,214977,46677,4110,50787,388
2022-08-22,Yuba,115,75493,18464,1641,20105,130
2022-08-21,Alameda,001,1643700,339714,18998,358712,1976
2022-08-21,Alpine,002,1148,132,1,133,0
2022-08-21,Amador,005,37829,9800,896,10696,89
2022-08-21,Butte,007,227075,38630,8762,47392,457
2022-08-21,Calaveras,009,45235,8346,506,8852,133
2022-08-21,Colusa,011,21464,3734,1232,4966,22
2022-08-21,Contra Costa,013,1133247,246155,20132,266287,1431
2022-08-21,Del Norte,015,27424,7322,386,7708,55
2022-08-21,El Dorado,017,186661,31711,4128,35839,232
2022-08-21,Fresno,019,978130,273718,30542,304260,2850
2022-08-21,Glenn,021,27897,5451,1828,7279,56
2022-08-21,Humboldt,023,135768,21255,4760,26015,158
2022-08-21,Imperial,025,180216,64428,15089,79517,959
2022-08-21,Inyo,027,18085,4445,877,5322,59
2022-08-21,Kern,029,883053,216237,60591,276828,2408
2022-08-21,Kings,031,150075,58359,3988,62347,461
2022-08-21,Lake,033,64148,12508,1124,13632,144
2022-08-21,Lassen,035,31185,9880,974,10854,64
2022-08-21,Los Angeles,037,10098052,3223254,173138,3396392,33185
2022-08-21,Madera,039,155013,43070,7918,50988,374
2022-08-21,Marin,041,260295,35750,5024,40774,254
2022-08-21,Mariposa,043,17540,3025,327,3352,29
2022-08-21,Mendocino,045,87422,15700,4300,20000,135
2022-08-21,Merced,047,269075,72177,11482,83659,856
2022-08-21,Modoc,049,8938,866,312,1178,11
2022-08-21,Mono,051,14174,3187,239,3426,7
2022-08-21,Monterey,053,433212,92892,20281,113173,761
2022-08-21,Napa,055,140530,31776,1369,33145,159
2022-08-21,Nevada,057,99092,18598,1736,20334,135
2022-08-21,Orange,059,3164182,657973,60923,718896,7440
2022-08-21,Placer,061,380077,74481,9428,83909,657
2022-08-21,Plumas,063,18699,3561,429,3990,13
2022-08-21,Riverside,065,2383286,683631,34081,717712,6609
2022-08-21,Sacramento,067,1510023,339993,33516,373509,3284
2022-08-21,San Benito,069,59416,15898,921,16819,102
2022-08-21,San Bernardino,071,2135413,659630,29876,689506,8039
2022-08-21,San Diego,073,3302833,907154,69632,976786,5519
2022-08-21,San Francisco,075,870044,175062,11771,186833,1028
2022-08-21,San Joaquin,077,732212,194135,14298,208433,2317
2022-08-21,San Luis Obispo,079,281455,62224,6845,69069,519
2022-08-21,San Mateo,081,765935,165323,10194,175517,741
2022-08-21,Santa Barbara,083,443738,103586,6593,110179,721
2022-08-21,Santa Clara,085,1922200,426584,18369,444953,2507
2022-08-21,Santa Cruz,087,273765,61584,3314,64898,273
2022-08-21,Shasta,089,179085,34323,7146,41469,590
2022-08-21,Sierra,091,2930,302,60,362,5
2022-08-21,Siskiyou,093,43540,5020,3246,8266,87
2022-08-21,Solano,095,438530,103179,7627,110806,455
2022-08-21,Sonoma,097,501317,104863,5103,109966,520
2022-08-21,Stanislaus,099,539301,135253,21045,156298,1764
2022-08-21,Sutter,101,95872,23680,2422,26102,232
2022-08-21,Tehama,103,63373,13377,2992,16369,214
2022-08-21,Trinity,105,12862,1374,364,1738,21
2022-08-21,Tulare,107,460477,119981,34807,154788,1533
2022-08-21,Tuolumne,109,53932,15246,900,16146,198
2022-08-21,Ventura,111,848112,204412,14912,219324,1573
2022-08-21,Yolo,113,214977,46637,4105,50742,388
2022-08-21,Yuba,115,75493,18441,1634,20075,130
2022-08-20,Alameda,001,1643700,339497,18983,358480,1976
2022-08-20,Alpine,002,1148,132,1,133,0
2022-08-20,Amador,005,37829,9797,896,10693,89
2022-08-20,Butte,007,227075,38601,8758,47359,457
2022-08-20,Calaveras,009,45235,8343,505,8848,133
2022-08-20,Colusa,011,21464,3730,1226,4956,22
2022-08-20,Contra Costa,013,1133247,246014,20123,266137,1430
2022-08-20,Del Norte,015,27424,7321,386,7707,55
2022-08-20,El Dorado,017,186661,31691,4126,35817,232
2022-08-20,Fresno,019,978130,273572,30518,304090,2849
2022-08-20,Glenn,021,27897,5448,1828,7276,56
2022-08-20,Humboldt,023,135768,21236,4748,25984,158
2022-08-20,Imperial,025,180216,64391,15070,79461,959
2022-08-20,Inyo,027,18085,4445,877,5322,59
2022-08-20,Kern,029,883053,216144,60464,276608,2407
2022-08-20,Kings,031,150075,58332,3983,62315,461
2022-08-20,Lake,033,64148,12498,1120,13618,144
2022-08-20,Lassen,035,31185,9877,974,10851,64
2022-08-20,Los Angeles,037,10098052,3221663,172915,3394578,33172
2022-08-20,Madera,039,155013,43046,7912,50958,374
2022-08-20,Marin,041,260295,35732,5022,40754,254
2022-08-20,Mariposa,043,17540,3025,327,3352,29
2022-08-20,Mendocino,045,87422,15684,4299,19983,135
2022-08-20,Merced,047,269075,72153,11474,83627,855
2022-08-20,Modoc,049,8938,866,312,1178,11
2022-08-20,Mono,051,14174,3187,237,3424,7
2022-08-20,Monterey,053,433212,92846,20253,113099,761
2022-08-20,Napa,055,140530,31768,1369,33137,158
2022-08-20,Nevada,057,99092,18595,1734,20329,135
2022-08-20,Orange,059,3164182,657641,60842,718483,7435
2022-08-20,Placer,061,380077,74432,9424,83856,657
2022-08-20,Plumas,063,18699,3561,429,3990,13
2022-08-20,Riverside,065,2383286,683202,34055,717257,6607
2022-08-20,Sacramento,067,1510023,339828,33493,373321,3280
2022-08-20,San Benito,069,59416,15879,918,16797,102
2022-08-20,San Bernardino,071,2135413,659193,29847,689040,8037
2022-08-20,San Diego,073,3302833,906773,69606,976379,5518
2022-08-20,San Francisco,075,870044,174938,11770,186708,1027
2022-08-20,San Joaquin,077,732212,194035,14271,208306,2317
2022-08-20,San Luis Obispo,079,281455,62206,6837,69043,519
2022-08-20,San Mateo,081,765935,165222,10191,175413,741
2022-08-20,Santa Barbara,083,443738,103515,6586,110101,721
2022-08-20,Santa Clara,085,1922200,426308,18357,444665,2504
2022-08-20,Santa Cruz,087,273765,61554,3310,64864,273
2022-08-20,Shasta,089,179085,34297,7144,41441,590
2022-08-20,Sierra,091,2930,302,60,362,5
2022-08-20,Siskiyou,093,43540,5015,3245,8260,87
2022-08-20,Solano,095,438530,103133,7619,110752,455
2022-08-20,Sonoma,097,501317,104809,5100,109909,520
2022-08-20,Stanislaus,099,539301,135161,21030,156191,1764
2022-08-20,Sutter,101,95872,23652,2422,26074,232
2022-08-20,Tehama,103,63373,13369,2992,16361,214
2022-08-20,Trinity,105,12862,1374,364,1738,21
2022-08-20,Tulare,107,460477,119900,34758,154658,1532
2022-08-20,Tuolumne,109,53932,15237,898,16135,198
2022-08-20,Ventura,111,848112,204303,14896,219199,1573
2022-08-20,Yolo,113,214977,46609,4097,50706,388
2022-08-20,Yuba,115,75493,18434,1633,20067,130
2022-08-19,Alameda,001,1643700,339282,18959,358241,1975
2022-08-19,Alpine,002,1148,132,1,133,0
2022-08-19,Amador,005,37829,9796,896,10692,89
2022-08-19,Butte,007,227075,38580,8747,47327,457
2022-08-19,Calaveras,009,45235,8338,505,8843,133
2022-08-19,Colusa,011,21464,3729,1225,4954,22
2022-08-19,Contra Costa,013,1133247,245872,20112,265984,1429
2022-08-19,Del Norte,015,27424,7316,386,7702,54
2022-08-19,El Dorado,017,186661,31679,4122,35801,232
2022-08-19,Fresno,019,978130,273408,30494,303902,2847
2022-08-19,Glenn,021,27897,5447,1828,7275,56
2022-08-19,Humboldt,023,135768,21226,4738,25964,158
2022-08-19,Imperial,025,180216,64363,15055,79418,959
2022-08-19,Inyo,027,18085,4445,873,5318,59
2022-08-19,Kern,029,883053,216051,60367,276418,2405
2022-08-19,Kings,031,150075,58290,3976,62266,461
2022-08-19,Lake,033,64148,12485,1118,13603,144
2022-08-19,Lassen,035,31185,9874,974,10848,64
2022-08-19,Los Angeles,037,10098052,3219833,172698,3392531,33153
2022-08-19,Madera,039,155013,43024,7908,50932,374
2022-08-19,Marin,041,260295,35697,5016,40713,254
2022-08-19,Mariposa,043,17540,3023,327,3350,29
2022-08-19,Mendocino,045,87422,15671,4291,19962,135
2022-08-19,Merced,047,269075,72113,11469,83582,855
2022-08-19,Modoc,049,8938,866,312,1178,11
2022-08-19,Mono,051,14174,3187,237,3424,7
2022-08-19,Monterey,053,433212,92793,20223,113016,761
2022-08-19,Napa,055,140530,31750,1367,33117,158
2022-08-19,Nevada,057,99092,18590,1733,20323,135
2022-08-19,Orange,059,3164182,657265,60758,718023,7431
2022-08-19,Placer,061,380077,74396,9416,83812,656
2022-08-19,Plumas,063,18699,3560,429,3989,13
2022-08-19,Riverside,065,2383286,682782,34025,716807,6604
2022-08-19,Sacramento,067,1510023,339638,33466,373104,3280
2022-08-19,San Benito,069,59416,15876,916,16792,102
2022-08-19,San Bernardino,071,2135413,658731,29836,688567,8035
2022-08-19,San Diego,073,3302833,906275,69555,975830,5518
2022-08-19,San Francisco,075,870044,174800,11753,186553,1025
2022-08-19,San Joaquin,077,732212,193932,14248,208180,2317
2022-08-19,San Luis Obispo,079,281455,62191,6835,69026,519
2022-08-19,San Mateo,081,765935,165104,10186,175290,741
2022-08-19,Santa Barbara,083,443738,103435,6582,110017,721
2022-08-19,Santa Clara,085,1922200,425991,18343,444334,2503
2022-08-19,Santa Cruz,087,273765,61491,3305,64796,273
2022-08-19,Shasta,089,179085,34280,7144,41424,589
2022-08-19,Sierra,091,2930,302,60,362,5
2022-08-19,Siskiyou,093,43540,5008,3245,8253,87
2022-08-19,Solano,095,438530,103073,7612,110685,455
2022-08-19,Sonoma,097,501317,104749,5097,109846,520
2022-08-19,Stanislaus,099,539301,135078,21013,156091,1762
2022-08-19,Sutter,101,95872,23635,2421,26056,232
2022-08-19,Tehama,103,63373,13359,2986,16345,214
2022-08-19,Trinity,105,12862,1373,364,1737,21
2022-08-19,Tulare,107,460477,119813,34706,154519,1532
2022-08-19,Tuolumne,109,53932,15230,897,16127,198
2022-08-19,Ventura,111,848112,204176,14876,219052,1572
2022-08-19,Yolo,113,214977,46586,4094,50680,387
2022-08-19,Yuba,115,75493,18419,1633,20052,130
2022-08-18,Alameda,001,1643700,338983,18930,357913,1972
2022-08-18,Alpine,002,1148,131,1,132,0
2022-08-18,Amador,005,37829,9791,895,10686,88
2022-08-18,Butte,007,227075,38550,8733,47283,456
2022-08-18,Calaveras,009,45235,8333,505,8838,133
2022-08-18,Colusa,011,21464,3729,1221,4950,22
2022-08-18,Contra Costa,013,1133247,245659,20083,265742,1429
2022-08-18,Del Norte,015,27424,7311,385,7696,54
2022-08-18,El Dorado,017,186661,31664,4119,35783,232
2022-08-18,Fresno,019,978130,273184,30437,303621,2846
2022-08-18,Glenn,021,27897,5442,1827,7269,56
2022-08-18,Humboldt,023,135768,21201,4711,25912,158
2022-08-18,Imperial,025,180216,64338,15014,79352,959
2022-08-18,Inyo,027,18085,4444,868,5312,59
2022-08-18,Kern,029,883053,215902,60232,276134,2405
2022-08-18,Kings,031,150075,58245,3965,62210,460
2022-08-18,Lake,033,64148,12471,1117,13588,144
2022-08-18,Lassen,035,31185,9873,973,10846,64
2022-08-18,Los Angeles,037,10098052,3217336,172416,3389752,33139
2022-08-18,Madera,039,155013,42983,7890,50873,373
2022-08-18,Marin,041,260295,35665,5005,40670,254
2022-08-18,Mariposa,043,17540,3021,327,3348,29
2022-08-18,Mendocino,045,87422,15657,4290,19947,135
2022-08-18,Merced,047,269075,72031,11438,83469,855
2022-08-18,Modoc,049,8938,866,312,1178,11
2022-08-18,Mono,051,14174,3185,236,3421,7
2022-08-18,Monterey,053,433212,92705,20187,112892,761
2022-08-18,Napa,055,140530,31730,1367,33097,158
2022-08-18,Nevada,057,99092,18573,1729,20302,135
2022-08-18,Orange,059,3164182,656776,60651,717427,7429
2022-08-18,Placer,061,380077,74340,9412,83752,656
2022-08-18,Plumas,063,18699,3556,429,3985,13
2022-08-18,Riverside,065,2383286,682195,33980,716175,6603
2022-08-18,Sacramento,067,1510023,339341,33407,372748,3278
2022-08-18,San Benito,069,59416,15864,913,16777,102
2022-08-18,San Bernardino,071,2135413,658044,29794,687838,8033
2022-08-18,San Diego,073,3302833,905630,69479,975109,5517
2022-08-18,San Francisco,075,870044,174648,11729,186377,1019
2022-08-18,San Joaquin,077,732212,193761,14220,207981,2317
2022-08-18,San Luis Obispo,079,281455,62147,6822,68969,519
2022-08-18,San Mateo,081,765935,164923,10179,175102,741
2022-08-18,Santa Barbara,083,443738,103326,6573,109899,721
2022-08-18,Santa Clara,085,1922200,425548,18312,443860,2501
2022-08-18,Santa Cruz,087,273765,61420,3299,64719,273
2022-08-18,Shasta,089,179085,34259,7140,41399,589
2022-08-18,Sierra,091,2930,301,60,361,5
2022-08-18,Siskiyou,093,43540,5006,3243,8249,87
2022-08-18,Solano,095,438530,103001,7601,110602,455
2022-08-18,Sonoma,097,501317,104661,5088,109749,520
2022-08-18,Stanislaus,099,539301,134950,20978,155928,1761
2022-08-18,Sutter,101,95872,23614,2420,26034,232
2022-08-18,Tehama,103,63373,13352,2982,16334,214
2022-08-18,Trinity,105,12862,1372,361,1733,21
2022-08-18,Tulare,107,460477,119715,34612,154327,1531
2022-08-18,Tuolumne,109,53932,15187,894,16081,198
2022-08-18,Ventura,111,848112,203998,14839,218837,1570
2022-08-18,Yolo,113,214977,46561,4086,50647,387
2022-08-18,Yuba,115,75493,18399,1630,20029,130
2022-08-17,Alameda,001,1643700,338643,18895,357538,1971
2022-08-17,Alpine,002,1148,131,1,132,0
2022-08-17,Amador,005,37829,9783,895,10678,88
2022-08-17,Butte,007,227075,38511,8721,47232,456
2022-08-17,Calaveras,009,45235,8326,502,8828,133
2022-08-17,Colusa,011,21464,3728,1219,4947,22
2022-08-17,Contra Costa,013,1133247,245432,20048,265480,1428
2022-08-17,Del Norte,015,27424,7307,385,7692,54
2022-08-17,El Dorado,017,186661,31646,4115,35761,232
2022-08-17,Fresno,019,978130,272954,30373,303327,2846
2022-08-17,Glenn,021,27897,5441,1825,7266,56
2022-08-17,Humboldt,023,135768,21177,4697,25874,158
2022-08-17,Imperial,025,180216,64295,14983,79278,959
2022-08-17,Inyo,027,18085,4442,865,5307,59
2022-08-17,Kern,029,883053,215769,60099,275868,2405
2022-08-17,Kings,031,150075,58181,3963,62144,460
2022-08-17,Lake,033,64148,12461,1116,13577,144
2022-08-17,Lassen,035,31185,9864,973,10837,64
2022-08-17,Los Angeles,037,10098052,3214531,172093,3386624,33116
2022-08-17,Madera,039,155013,42933,7853,50786,373
2022-08-17,Marin,041,260295,35632,5001,40633,254
2022-08-17,Mariposa,043,17540,3017,326,3343,29
2022-08-17,Mendocino,045,87422,15647,4284,19931,135
2022-08-17,Merced,047,269075,71972,11395,83367,853
2022-08-17,Modoc,049,8938,865,312,1177,11
2022-08-17,Mono,051,14174,3185,236,3421,7
2022-08-17,Monterey,053,433212,92641,20132,112773,761
2022-08-17,Napa,055,140530,31714,1366,33080,158
2022-08-17,Nevada,057,99092,18556,1727,20283,135
2022-08-17,Orange,059,3164182,656152,60535,716687,7426
2022-08-17,Placer,061,380077,74289,9406,83695,656
2022-08-17,Plumas,063,18699,3554,428,3982,13
2022-08-17,Riverside,065,2383286,681550,33924,715474,6602
2022-08-17,Sacramento,067,1510023,339013,33363,372376,3276
2022-08-17,San Benito,069,59416,15848,912,16760,102
2022-08-17,San Bernardino,071,2135413,657392,29743,687135,8031
2022-08-17,San Diego,073,3302833,904885,69411,974296,5517
2022-08-17,San Francisco,075,870044,174512,11717,186229,1018
2022-08-17,San Joaquin,077,732212,193611,14183,207794,2317
2022-08-17,San Luis Obispo,079,281455,62093,6810,68903,519
2022-08-17,San Mateo,081,765935,164823,10173,174996,741
2022-08-17,Santa Barbara,083,443738,103209,6558,109767,721
2022-08-17,Santa Clara,085,1922200,425074,18305,443379,2499
2022-08-17,Santa Cruz,087,273765,61330,3294,64624,273
2022-08-17,Shasta,089,179085,34241,7131,41372,588
2022-08-17,Sierra,091,2930,301,60,361,5
2022-08-17,Siskiyou,093,43540,5003,3240,8243,87
2022-08-17,Solano,095,438530,102916,7595,110511,455
2022-08-17,Sonoma,097,501317,104558,5082,109640,520
2022-08-17,Stanislaus,099,539301,134804,20941,155745,1761
2022-08-17,Sutter,101,95872,23580,2414,25994,232
2022-08-17,Tehama,103,63373,13349,2977,16326,214
2022-08-17,Trinity,105,12862,1372,359,1731,21
2022-08-17,Tulare,107,460477,119606,34506,154112,1531
2022-08-17,Tuolumne,109,53932,15179,892,16071,198
2022-08-17,Ventura,111,848112,203817,14784,218601,1569
2022-08-17,Yolo,113,214977,46529,4081,50610,387
2022-08-17,Yuba,115,75493,18379,1627,20006,130
2022-08-16,Alameda,001,1643700,338268,18879,357147,1971
2022-08-16,Alpine,002,1148,131,1,132,0
2022-08-16,Amador,005,37829,9770,890,10660,88
2022-08-16,Butte,007,227075,38477,8708,47185,456
2022-08-16,Calaveras,009,45235,8318,502,8820,133
2022-08-16,Colusa,011,21464,3727,1217,4944,22
2022-08-16,Contra Costa,013,1133247,245196,20008,265204,1428
2022-08-16,Del Norte,015,27424,7302,385,7687,54
2022-08-16,El Dorado,017,186661,31625,4109,35734,232
2022-08-16,Fresno,019,978130,272706,30325,303031,2846
2022-08-16,Glenn,021,27897,5440,1822,7262,56
2022-08-16,Humboldt,023,135768,21150,4670,25820,157
2022-08-16,Imperial,025,180216,64244,14945,79189,959
2022-08-16,Inyo,027,18085,4438,861,5299,59
2022-08-16,Kern,029,883053,215626,59953,275579,2405
2022-08-16,Kings,031,150075,58135,3960,62095,459
2022-08-16,Lake,033,64148,12445,1112,13557,144
2022-08-16,Lassen,035,31185,9851,972,10823,64
2022-08-16,Los Angeles,037,10098052,3211446,171747,3383193,33100
2022-08-16,Madera,039,155013,42875,7831,50706,372
2022-08-16,Marin,041,260295,35594,4996,40590,254
2022-08-16,Mariposa,043,17540,3015,326,3341,29
2022-08-16,Mendocino,045,87422,15628,4271,19899,135
2022-08-16,Merced,047,269075,71893,11352,83245,853
2022-08-16,Modoc,049,8938,865,312,1177,11
2022-08-16,Mono,051,14174,3185,235,3420,7
2022-08-16,Monterey,053,433212,92560,20063,112623,761
2022-08-16,Napa,055,140530,31695,1365,33060,157
2022-08-16,Nevada,057,99092,18540,1724,20264,135
2022-08-16,Orange,059,3164182,655459,60408,715867,7423
2022-08-16,Placer,061,380077,74219,9398,83617,656
2022-08-16,Plumas,063,18699,3552,428,3980,13
2022-08-16,Riverside,065,2383286,680850,33879,714729,6598
2022-08-16,Sacramento,067,1510023,338677,33328,372005,3272
2022-08-16,San Benito,069,59416,15835,909,16744,101
2022-08-16,San Bernardino,071,2135413,656650,29677,686327,8029
2022-08-16,San Diego,073,3302833,904068,69317,973385,5517
2022-08-16,San Francisco,075,870044,174349,11712,186061,1017
2022-08-16,San Joaquin,077,732212,193395,14152,207547,2317
2022-08-16,San Luis Obispo,079,281455,62055,6803,68858,519
2022-08-16,San Mateo,081,765935,164659,10162,174821,741
2022-08-16,Santa Barbara,083,443738,103078,6538,109616,721
2022-08-16,Santa Clara,085,1922200,424583,18286,442869,2499
2022-08-16,Santa Cruz,087,273765,61277,3289,64566,273
2022-08-16,Shasta,089,179085,34214,7122,41336,588
2022-08-16,Sierra,091,2930,300,60,360,5
2022-08-16,Siskiyou,093,43540,4999,3235,8234,87
2022-08-16,Solano,095,438530,102843,7577,110420,455
2022-08-16,Sonoma,097,501317,104455,5074,109529,519
2022-08-16,Stanislaus,099,539301,134667,20881,155548,1760
2022-08-16,Sutter,101,95872,23556,2408,25964,232
2022-08-16,Tehama,103,63373,13343,2973,16316,214
2022-08-16,Trinity,105,12862,1369,359,1728,21
2022-08-16,Tulare,107,460477,119516,34389,153905,1530
2022-08-16,Tuolumne,109,53932,15165,892,16057,198
2022-08-16,Ventura,111,848112,203581,14735,218316,1569
2022-08-16,Yolo,113,214977,46511,4076,50587,387
2022-08-16,Yuba,115,75493,18360,1621,19981,130
2022-08-15,Alameda,001,1643700,337881,18846,356727,1971
2022-08-15,Alpine,002,1148,131,1,132,0
2022-08-15,Amador,005,37829,9758,890,10648,88
2022-08-15,Butte,007,227075,38454,8690,47144,456
2022-08-15,Calaveras,009,45235,8316,501,8817,133
2022-08-15,Colusa,011,21464,3724,1216,4940,22
2022-08-15,Contra Costa,013,1133247,244914,19976,264890,1426
2022-08-15,Del Norte,015,27424,7297,384,7681,54
2022-08-15,El Dorado,017,186661,31592,4106,35698,232
2022-08-15,Fresno,019,978130,272397,30259,302656,2846
2022-08-15,Glenn,021,27897,5432,1821,7253,56
2022-08-15,Humboldt,023,135768,21128,4649,25777,157
2022-08-15,Imperial,025,180216,64198,14909,79107,959
2022-08-15,Inyo,027,18085,4437,859,5296,59
2022-08-15,Kern,029,883053,215432,59811,275243,2404
2022-08-15,Kings,031,150075,58061,3951,62012,459
2022-08-15,Lake,033,64148,12428,1111,13539,144
2022-08-15,Lassen,035,31185,9850,972,10822,64
2022-08-15,Los Angeles,037,10098052,3208021,171402,3379423,33079
2022-08-15,Madera,039,155013,42820,7792,50612,372
2022-08-15,Marin,041,260295,35549,4990,40539,254
2022-08-15,Mariposa,043,17540,3013,325,3338,29
2022-08-15,Mendocino,045,87422,15609,4266,19875,135
2022-08-15,Merced,047,269075,71822,11304,83126,852
2022-08-15,Modoc,049,8938,861,312,1173,11
2022-08-15,Mono,051,14174,3183,235,3418,7
2022-08-15,Monterey,053,433212,92448,19997,112445,761
2022-08-15,Napa,055,140530,31671,1365,33036,157
2022-08-15,Nevada,057,99092,18526,1723,20249,135
2022-08-15,Orange,059,3164182,654723,60283,715006,7421
2022-08-15,Placer,061,380077,74159,9389,83548,656
2022-08-15,Plumas,063,18699,3548,428,3976,13
2022-08-15,Riverside,065,2383286,680051,33822,713873,6597
2022-08-15,Sacramento,067,1510023,338274,33288,371562,3270
2022-08-15,San Benito,069,59416,15819,907,16726,101
2022-08-15,San Bernardino,071,2135413,655800,29612,685412,8025
2022-08-15,San Diego,073,3302833,903226,69207,972433,5515
2022-08-15,San Francisco,075,870044,174168,11707,185875,1014
2022-08-15,San Joaquin,077,732212,193187,14114,207301,2317
2022-08-15,San Luis Obispo,079,281455,62017,6785,68802,518
2022-08-15,San Mateo,081,765935,164455,10156,174611,741
2022-08-15,Santa Barbara,083,443738,102980,6517,109497,720
2022-08-15,Santa Clara,085,1922200,424047,18262,442309,2497
2022-08-15,Santa Cruz,087,273765,61197,3284,64481,273
2022-08-15,Shasta,089,179085,34189,7112,41301,588
2022-08-15,Sierra,091,2930,300,60,360,5
2022-08-15,Siskiyou,093,43540,4996,3231,8227,87
2022-08-15,Solano,095,438530,102729,7562,110291,455
2022-08-15,Sonoma,097,501317,104365,5067,109432,518
2022-08-15,Stanislaus,099,539301,134526,20847,155373,1759
2022-08-15,Sutter,101,95872,23524,2406,25930,232
2022-08-15,Tehama,103,63373,13335,2966,16301,214
2022-08-15,Trinity,105,12862,1366,357,1723,21
2022-08-15,Tulare,107,460477,119379,34279,153658,1530
2022-08-15,Tuolumne,109,53932,15157,892,16049,198
2022-08-15,Ventura,111,848112,203327,14674,218001,1569
2022-08-15,Yolo,113,214977,46477,4073,50550,387
2022-08-15,Yuba,115,75493,18337,1616,19953,130
2022-08-14,Alameda,001,1643700,337414,18825,356239,1968
2022-08-14,Alpine,002,1148,131,1,132,0
2022-08-14,Amador,005,37829,9749,888,10637,88
2022-08-14,Butte,007,227075,38403,8674,47077,456
2022-08-14,Calaveras,009,45235,8307,500,8807,133
2022-08-14,Colusa,011,21464,3724,1213,4937,22
2022-08-14,Contra Costa,013,1133247,244641,19927,264568,1425
2022-08-14,Del Norte,015,27424,7287,383,7670,54
2022-08-14,El Dorado,017,186661,31561,4101,35662,232
2022-08-14,Fresno,019,978130,272096,30204,302300,2846
2022-08-14,Glenn,021,27897,5429,1820,7249,56
2022-08-14,Humboldt,023,135768,21099,4635,25734,157
2022-08-14,Imperial,025,180216,64131,14869,79000,959
2022-08-14,Inyo,027,18085,4430,855,5285,59
2022-08-14,Kern,029,883053,215243,59633,274876,2404
2022-08-14,Kings,031,150075,58005,3944,61949,459
2022-08-14,Lake,033,64148,12409,1108,13517,143
2022-08-14,Lassen,035,31185,9830,971,10801,64
2022-08-14,Los Angeles,037,10098052,3204442,171003,3375445,33065
2022-08-14,Madera,039,155013,42758,7749,50507,372
2022-08-14,Marin,041,260295,35502,4985,40487,254
2022-08-14,Mariposa,043,17540,3011,324,3335,29
2022-08-14,Mendocino,045,87422,15589,4260,19849,135
2022-08-14,Merced,047,269075,71709,11245,82954,852
2022-08-14,Modoc,049,8938,860,312,1172,11
2022-08-14,Mono,051,14174,3181,235,3416,7
2022-08-14,Monterey,053,433212,92323,19923,112246,761
2022-08-14,Napa,055,140530,31634,1364,32998,157
2022-08-14,Nevada,057,99092,18506,1720,20226,135
2022-08-14,Orange,059,3164182,653978,60134,714112,7420
2022-08-14,Placer,061,380077,74095,9376,83471,656
2022-08-14,Plumas,063,18699,3546,428,3974,13
2022-08-14,Riverside,065,2383286,679232,33742,712974,6595
2022-08-14,Sacramento,067,1510023,337793,33233,371026,3267
2022-08-14,San Benito,069,59416,15797,898,16695,101
2022-08-14,San Bernardino,071,2135413,654923,29547,684470,8022
2022-08-14,San Diego,073,3302833,902331,69095,971426,5514
2022-08-14,San Francisco,075,870044,173954,11695,185649,1014
2022-08-14,San Joaquin,077,732212,192890,14054,206944,2317
2022-08-14,San Luis Obispo,079,281455,61955,6758,68713,518
2022-08-14,San Mateo,081,765935,164246,10143,174389,741
2022-08-14,Santa Barbara,083,443738,102841,6491,109332,720
2022-08-14,Santa Clara,085,1922200,423464,18228,441692,2496
2022-08-14,Santa Cruz,087,273765,61091,3277,64368,272
2022-08-14,Shasta,089,179085,34144,7098,41242,588
2022-08-14,Sierra,091,2930,300,60,360,5
2022-08-14,Siskiyou,093,43540,4990,3229,8219,87
2022-08-14,Solano,095,438530,102589,7553,110142,455
2022-08-14,Sonoma,097,501317,104257,5054,109311,518
2022-08-14,Stanislaus,099,539301,134342,20793,155135,1757
2022-08-14,Sutter,101,95872,23482,2402,25884,232
2022-08-14,Tehama,103,63373,13327,2965,16292,214
2022-08-14,Trinity,105,12862,1365,357,1722,21
2022-08-14,Tulare,107,460477,119223,34164,153387,1529
2022-08-14,Tuolumne,109,53932,15137,891,16028,198
2022-08-14,Ventura,111,848112,203060,14634,217694,1568
2022-08-14,Yolo,113,214977,46430,4067,50497,387
2022-08-14,Yuba,115,75493,18315,1613,19928,130
2022-08-13,Alameda,001,1643700,337159,18810,355969,1966
2022-08-13,Alpine,002,1148,131,1,132,0
2022-08-13,Amador,005,37829,9745,888,10633,88
2022-08-13,Butte,007,227075,38379,8663,47042,456
2022-08-13,Calaveras,009,45235,8303,499,8802,133
2022-08-13,Colusa,011,21464,3721,1213,4934,22
2022-08-13,Contra Costa,013,1133247,244472,19904,264376,1424
2022-08-13,Del Norte,015,27424,7285,383,7668,54
2022-08-13,El Dorado,017,186661,31548,4100,35648,232
2022-08-13,Fresno,019,978130,271956,30175,302131,2844
2022-08-13,Glenn,021,27897,5429,1818,7247,56
2022-08-13,Humboldt,023,135768,21082,4626,25708,157
2022-08-13,Imperial,025,180216,64089,14852,78941,959
2022-08-13,Inyo,027,18085,4428,854,5282,59
2022-08-13,Kern,029,883053,215148,59552,274700,2401
2022-08-13,Kings,031,150075,57980,3944,61924,459
2022-08-13,Lake,033,64148,12398,1108,13506,143
2022-08-13,Lassen,035,31185,9824,970,10794,64
2022-08-13,Los Angeles,037,10098052,3202579,170737,3373316,33049
2022-08-13,Madera,039,155013,42742,7742,50484,372
2022-08-13,Marin,041,260295,35482,4982,40464,254
2022-08-13,Mariposa,043,17540,3010,324,3334,29
2022-08-13,Mendocino,045,87422,15577,4257,19834,135
2022-08-13,Merced,047,269075,71670,11239,82909,851
2022-08-13,Modoc,049,8938,860,312,1172,11
2022-08-13,Mono,051,14174,3181,234,3415,7
2022-08-13,Monterey,053,433212,92259,19887,112146,761
2022-08-13,Napa,055,140530,31620,1363,32983,157
2022-08-13,Nevada,057,99092,18495,1718,20213,135
2022-08-13,Orange,059,3164182,653569,60058,713627,7415
2022-08-13,Placer,061,380077,74047,9370,83417,656
2022-08-13,Plumas,063,18699,3544,428,3972,13
2022-08-13,Riverside,065,2383286,678792,33713,712505,6594
2022-08-13,Sacramento,067,1510023,337600,33223,370823,3265
2022-08-13,San Benito,069,59416,15789,893,16682,101
2022-08-13,San Bernardino,071,2135413,654443,29525,683968,8021
2022-08-13,San Diego,073,3302833,901881,69052,970933,5511
2022-08-13,San Francisco,075,870044,173837,11689,185526,1012
2022-08-13,San Joaquin,077,732212,192766,14032,206798,2315
2022-08-13,San Luis Obispo,079,281455,61936,6753,68689,518
2022-08-13,San Mateo,081,765935,164134,10131,174265,741
2022-08-13,Santa Barbara,083,443738,102761,6478,109239,719
2022-08-13,Santa Clara,085,1922200,423134,18210,441344,2494
2022-08-13,Santa Cruz,087,273765,61053,3272,64325,270
2022-08-13,Shasta,089,179085,34106,7094,41200,588
2022-08-13,Sierra,091,2930,300,60,360,4
2022-08-13,Siskiyou,093,43540,4989,3226,8215,87
2022-08-13,Solano,095,438530,102549,7544,110093,455
2022-08-13,Sonoma,097,501317,104201,5054,109255,518
2022-08-13,Stanislaus,099,539301,134240,20769,155009,1755
2022-08-13,Sutter,101,95872,23468,2402,25870,232
2022-08-13,Tehama,103,63373,13322,2964,16286,214
2022-08-13,Trinity,105,12862,1364,357,1721,21
2022-08-13,Tulare,107,460477,119150,34108,153258,1529
2022-08-13,Tuolumne,109,53932,15122,887,16009,198
2022-08-13,Ventura,111,848112,202896,14620,217516,1567
2022-08-13,Yolo,113,214977,46401,4065,50466,387
2022-08-13,Yuba,115,75493,18306,1611,19917,130
2022-08-12,Alameda,001,1643700,336907,18797,355704,1966
2022-08-12,Alpine,002,1148,131,1,132,0
2022-08-12,Amador,005,37829,9735,885,10620,88
2022-08-12,Butte,007,227075,38359,8654,47013,456
2022-08-12,Calaveras,009,45235,8295,496,8791,133
2022-08-12,Colusa,011,21464,3718,1213,4931,22
2022-08-12,Contra Costa,013,1133247,244303,19887,264190,1423
2022-08-12,Del Norte,015,27424,7281,383,7664,54
2022-08-12,El Dorado,017,186661,31530,4096,35626,232
2022-08-12,Fresno,019,978130,271746,30150,301896,2844
2022-08-12,Glenn,021,27897,5429,1818,7247,56
2022-08-12,Humboldt,023,135768,21060,4618,25678,157
2022-08-12,Imperial,025,180216,64062,14837,78899,959
2022-08-12,Inyo,027,18085,4427,852,5279,59
2022-08-12,Kern,029,883053,215045,59465,274510,2401
2022-08-12,Kings,031,150075,57960,3943,61903,459
2022-08-12,Lake,033,64148,12394,1105,13499,143
2022-08-12,Lassen,035,31185,9822,970,10792,64
2022-08-12,Los Angeles,037,10098052,3200482,170488,3370970,33037
2022-08-12,Madera,039,155013,42713,7736,50449,372
2022-08-12,Marin,041,260295,35451,4975,40426,254
2022-08-12,Mariposa,043,17540,3010,324,3334,29
2022-08-12,Mendocino,045,87422,15565,4250,19815,135
2022-08-12,Merced,047,269075,71637,11232,82869,851
2022-08-12,Modoc,049,8938,860,312,1172,11
2022-08-12,Mono,051,14174,3181,234,3415,7
2022-08-12,Monterey,053,433212,92201,19855,112056,761
2022-08-12,Napa,055,140530,31599,1362,32961,157
2022-08-12,Nevada,057,99092,18491,1716,20207,135
2022-08-12,Orange,059,3164182,653143,59967,713110,7411
2022-08-12,Placer,061,380077,73996,9360,83356,656
2022-08-12,Plumas,063,18699,3542,428,3970,13
2022-08-12,Riverside,065,2383286,678365,33684,712049,6591
2022-08-12,Sacramento,067,1510023,337383,33204,370587,3264
2022-08-12,San Benito,069,59416,15772,892,16664,101
2022-08-12,San Bernardino,071,2135413,654030,29509,683539,8019
2022-08-12,San Diego,073,3302833,901349,68978,970327,5510
2022-08-12,San Francisco,075,870044,173709,11681,185390,1009
2022-08-12,San Joaquin,077,732212,192641,14013,206654,2314
2022-08-12,San Luis Obispo,079,281455,61913,6747,68660,518
2022-08-12,San Mateo,081,765935,164001,10128,174129,740
2022-08-12,Santa Barbara,083,443738,102679,6473,109152,719
2022-08-12,Santa Clara,085,1922200,422787,18192,440979,2494
2022-08-12,Santa Cruz,087,273765,61000,3270,64270,270
2022-08-12,Shasta,089,179085,34092,7086,41178,588
2022-08-12,Sierra,091,2930,298,59,357,4
2022-08-12,Siskiyou,093,43540,4987,3226,8213,87
2022-08-12,Solano,095,438530,102477,7532,110009,455
2022-08-12,Sonoma,097,501317,104144,5053,109197,518
2022-08-12,Stanislaus,099,539301,134153,20758,154911,1754
2022-08-12,Sutter,101,95872,23453,2402,25855,232
2022-08-12,Tehama,103,63373,13315,2963,16278,214
2022-08-12,Trinity,105,12862,1361,356,1717,21
2022-08-12,Tulare,107,460477,119087,34052,153139,1529
2022-08-12,Tuolumne,109,53932,15114,887,16001,198
2022-08-12,Ventura,111,848112,202750,14603,217353,1567
2022-08-12,Yolo,113,214977,46379,4060,50439,385
2022-08-12,Yuba,115,75493,18295,1610,19905,130
2022-08-11,Alameda,001,1643700,336580,18770,355350,1965
2022-08-11,Alpine,002,1148,131,1,132,0
2022-08-11,Amador,005,37829,9732,882,10614,88
2022-08-11,Butte,007,227075,38321,8642,46963,456
2022-08-11,Calaveras,009,45235,8288,495,8783,133
2022-08-11,Colusa,011,21464,3715,1212,4927,22
2022-08-11,Contra Costa,013,1133247,244041,19856,263897,1422
2022-08-11,Del Norte,015,27424,7274,382,7656,54
2022-08-11,El Dorado,017,186661,31499,4089,35588,232
2022-08-11,Fresno,019,978130,271496,30104,301600,2841
2022-08-11,Glenn,021,27897,5427,1817,7244,56
2022-08-11,Humboldt,023,135768,21030,4609,25639,157
2022-08-11,Imperial,025,180216,64015,14791,78806,959
2022-08-11,Inyo,027,18085,4425,847,5272,59
2022-08-11,Kern,029,883053,214852,59318,274170,2400
2022-08-11,Kings,031,150075,57902,3936,61838,459
2022-08-11,Lake,033,64148,12384,1104,13488,143
2022-08-11,Lassen,035,31185,9817,970,10787,64
2022-08-11,Los Angeles,037,10098052,3197463,170108,3367571,33017
2022-08-11,Madera,039,155013,42666,7711,50377,372
2022-08-11,Marin,041,260295,35412,4968,40380,254
2022-08-11,Mariposa,043,17540,3008,323,3331,29
2022-08-11,Mendocino,045,87422,15553,4248,19801,135
2022-08-11,Merced,047,269075,71577,11197,82774,851
2022-08-11,Modoc,049,8938,859,312,1171,11
2022-08-11,Mono,051,14174,3181,234,3415,7
2022-08-11,Monterey,053,433212,92100,19801,111901,761
2022-08-11,Napa,055,140530,31560,1361,32921,157
2022-08-11,Nevada,057,99092,18471,1714,20185,135
2022-08-11,Orange,059,3164182,652485,59820,712305,7405
2022-08-11,Placer,061,380077,73930,9349,83279,655
2022-08-11,Plumas,063,18699,3541,428,3969,13
2022-08-11,Riverside,065,2383286,677747,33644,711391,6587
2022-08-11,Sacramento,067,1510023,337070,33170,370240,3262
2022-08-11,San Benito,069,59416,15756,891,16647,101
2022-08-11,San Bernardino,071,2135413,653270,29467,682737,8015
2022-08-11,San Diego,073,3302833,900571,68853,969424,5506
2022-08-11,San Francisco,075,870044,173550,11664,185214,1006
2022-08-11,San Joaquin,077,732212,192450,13981,206431,2314
2022-08-11,San Luis Obispo,079,281455,61861,6723,68584,517
2022-08-11,San Mateo,081,765935,163835,10119,173954,740
2022-08-11,Santa Barbara,083,443738,102568,6453,109021,719
2022-08-11,Santa Clara,085,1922200,422342,18173,440515,2494
2022-08-11,Santa Cruz,087,273765,60935,3266,64201,270
2022-08-11,Shasta,089,179085,34071,7074,41145,588
2022-08-11,Sierra,091,2930,297,59,356,4
2022-08-11,Siskiyou,093,43540,4985,3222,8207,87
2022-08-11,Solano,095,438530,102409,7518,109927,455
2022-08-11,Sonoma,097,501317,104046,5047,109093,518
2022-08-11,Stanislaus,099,539301,133995,20716,154711,1752
2022-08-11,Sutter,101,95872,23423,2402,25825,232
2022-08-11,Tehama,103,63373,13306,2963,16269,214
2022-08-11,Trinity,105,12862,1361,355,1716,21
2022-08-11,Tulare,107,460477,118986,33964,152950,1529
2022-08-11,Tuolumne,109,53932,15106,885,15991,198
2022-08-11,Ventura,111,848112,202545,14569,217114,1566
2022-08-11,Yolo,113,214977,46345,4056,50401,385
2022-08-11,Yuba,115,75493,18272,1607,19879,130
2022-08-10,Alameda,001,1643700,336178,18744,354922,1962
2022-08-10,Alpine,002,1148,131,1,132,0
2022-08-10,Amador,005,37829,9727,879,10606,88
2022-08-10,Butte,007,227075,38285,8634,46919,456
2022-08-10,Calaveras,009,45235,8282,492,8774,133
2022-08-10,Colusa,011,21464,3711,1212,4923,22
2022-08-10,Contra Costa,013,1133247,243787,19819,263606,1421
2022-08-10,Del Norte,015,27424,7269,382,7651,54
2022-08-10,El Dorado,017,186661,31472,4076,35548,232
2022-08-10,Fresno,019,978130,271222,30044,301266,2840
2022-08-10,Glenn,021,27897,5425,1814,7239,56
2022-08-10,Humboldt,023,135768,21015,4592,25607,157
2022-08-10,Imperial,025,180216,63957,14749,78706,959
2022-08-10,Inyo,027,18085,4425,846,5271,59
2022-08-10,Kern,029,883053,214662,59170,273832,2400
2022-08-10,Kings,031,150075,57855,3934,61789,459
2022-08-10,Lake,033,64148,12370,1104,13474,143
2022-08-10,Lassen,035,31185,9810,970,10780,64
2022-08-10,Los Angeles,037,10098052,3194242,169740,3363982,33004
2022-08-10,Madera,039,155013,42627,7697,50324,372
2022-08-10,Marin,041,260295,35366,4965,40331,254
2022-08-10,Mariposa,043,17540,3007,323,3330,29
2022-08-10,Mendocino,045,87422,15538,4247,19785,135
2022-08-10,Merced,047,269075,71504,11173,82677,850
2022-08-10,Modoc,049,8938,858,311,1169,11
2022-08-10,Mono,051,14174,3179,234,3413,7
2022-08-10,Monterey,053,433212,91998,19736,111734,761
2022-08-10,Napa,055,140530,31522,1360,32882,157
2022-08-10,Nevada,057,99092,18457,1712,20169,135
2022-08-10,Orange,059,3164182,651754,59695,711449,7403
2022-08-10,Placer,061,380077,73874,9341,83215,655
2022-08-10,Plumas,063,18699,3539,428,3967,13
2022-08-10,Riverside,065,2383286,677014,33594,710608,6584
2022-08-10,Sacramento,067,1510023,336741,33137,369878,3261
2022-08-10,San Benito,069,59416,15726,885,16611,101
2022-08-10,San Bernardino,071,2135413,652615,29421,682036,8013
2022-08-10,San Diego,073,3302833,899719,68737,968456,5504
2022-08-10,San Francisco,075,870044,173383,11646,185029,1002
2022-08-10,San Joaquin,077,732212,192223,13936,206159,2312
2022-08-10,San Luis Obispo,079,281455,61816,6708,68524,516
2022-08-10,San Mateo,081,765935,163635,10113,173748,740
2022-08-10,Santa Barbara,083,443738,102441,6435,108876,719
2022-08-10,Santa Clara,085,1922200,421805,18152,439957,2492
2022-08-10,Santa Cruz,087,273765,60855,3264,64119,270
2022-08-10,Shasta,089,179085,34048,7067,41115,588
2022-08-10,Sierra,091,2930,297,59,356,4
2022-08-10,Siskiyou,093,43540,4982,3216,8198,87
2022-08-10,Solano,095,438530,102316,7514,109830,455
2022-08-10,Sonoma,097,501317,103951,5041,108992,518
2022-08-10,Stanislaus,099,539301,133854,20684,154538,1751
2022-08-10,Sutter,101,95872,23394,2401,25795,232
2022-08-10,Tehama,103,63373,13298,2963,16261,214
2022-08-10,Trinity,105,12862,1360,355,1715,21
2022-08-10,Tulare,107,460477,118899,33884,152783,1529
2022-08-10,Tuolumne,109,53932,15071,883,15954,198
2022-08-10,Ventura,111,848112,202316,14536,216852,1565
2022-08-10,Yolo,113,214977,46309,4051,50360,384
2022-08-10,Yuba,115,75493,18252,1603,19855,130
2022-08-09,Alameda,001,1643700,335750,18706,354456,1962
2022-08-09,Alpine,002,1148,131,1,132,0
2022-08-09,Amador,005,37829,9717,878,10595,88
2022-08-09,Butte,007,227075,38246,8623,46869,456
2022-08-09,Calaveras,009,45235,8275,492,8767,133
2022-08-09,Colusa,011,21464,3708,1211,4919,22
2022-08-09,Contra Costa,013,1133247,243510,19774,263284,1421
2022-08-09,Del Norte,015,27424,7252,381,7633,54
2022-08-09,El Dorado,017,186661,31443,4070,35513,232
2022-08-09,Fresno,019,978130,270891,30008,300899,2840
2022-08-09,Glenn,021,27897,5423,1814,7237,56
2022-08-09,Humboldt,023,135768,20989,4583,25572,157
2022-08-09,Imperial,025,180216,63893,14693,78586,959
2022-08-09,Inyo,027,18085,4424,842,5266,59
2022-08-09,Kern,029,883053,214459,59026,273485,2398
2022-08-09,Kings,031,150075,57789,3931,61720,459
2022-08-09,Lake,033,64148,12346,1103,13449,143
2022-08-09,Lassen,035,31185,9804,970,10774,64
2022-08-09,Los Angeles,037,10098052,3190727,169355,3360082,32986
2022-08-09,Madera,039,155013,42573,7686,50259,372
2022-08-09,Marin,041,260295,35311,4961,40272,254
2022-08-09,Mariposa,043,17540,3003,322,3325,29
2022-08-09,Mendocino,045,87422,15519,4238,19757,135
2022-08-09,Merced,047,269075,71439,11143,82582,850
2022-08-09,Modoc,049,8938,858,310,1168,11
2022-08-09,Mono,051,14174,3179,233,3412,7
2022-08-09,Monterey,053,433212,91886,19669,111555,761
2022-08-09,Napa,055,140530,31494,1358,32852,157
2022-08-09,Nevada,057,99092,18445,1710,20155,135
2022-08-09,Orange,059,3164182,650912,59537,710449,7396
2022-08-09,Placer,061,380077,73808,9334,83142,655
2022-08-09,Plumas,063,18699,3534,428,3962,13
2022-08-09,Riverside,065,2383286,676260,33539,709799,6583
2022-08-09,Sacramento,067,1510023,336320,33104,369424,3260
2022-08-09,San Benito,069,59416,15707,881,16588,101
2022-08-09,San Bernardino,071,2135413,651910,29365,681275,8011
2022-08-09,San Diego,073,3302833,898816,68608,967424,5504
2022-08-09,San Francisco,075,870044,173124,11627,184751,1001
2022-08-09,San Joaquin,077,732212,192009,13894,205903,2310
2022-08-09,San Luis Obispo,079,281455,61758,6685,68443,515
2022-08-09,San Mateo,081,765935,163436,10098,173534,740
2022-08-09,Santa Barbara,083,443738,102283,6406,108689,719
2022-08-09,Santa Clara,085,1922200,421270,18130,439400,2491
2022-08-09,Santa Cruz,087,273765,60781,3255,64036,270
2022-08-09,Shasta,089,179085,34026,7064,41090,588
2022-08-09,Sierra,091,2930,297,59,356,4
2022-08-09,Siskiyou,093,43540,4980,3212,8192,87
2022-08-09,Solano,095,438530,102212,7503,109715,455
2022-08-09,Sonoma,097,501317,103846,5035,108881,516
2022-08-09,Stanislaus,099,539301,133710,20653,154363,1750
2022-08-09,Sutter,101,95872,23363,2400,25763,231
2022-08-09,Tehama,103,63373,13284,2954,16238,214
2022-08-09,Trinity,105,12862,1358,354,1712,21
2022-08-09,Tulare,107,460477,118784,33801,152585,1527
2022-08-09,Tuolumne,109,53932,15055,883,15938,198
2022-08-09,Ventura,111,848112,202080,14503,216583,1565
2022-08-09,Yolo,113,214977,46267,4039,50306,383
2022-08-09,Yuba,115,75493,18233,1593,19826,130
2022-08-08,Alameda,001,1643700,335286,18663,353949,1962
2022-08-08,Alpine,002,1148,131,1,132,0
2022-08-08,Amador,005,37829,9711,877,10588,88
2022-08-08,Butte,007,227075,38192,8610,46802,456
2022-08-08,Calaveras,009,45235,8270,489,8759,133
2022-08-08,Colusa,011,21464,3708,1210,4918,22
2022-08-08,Contra Costa,013,1133247,243137,19727,262864,1419
2022-08-08,Del Norte,015,27424,7244,381,7625,54
2022-08-08,El Dorado,017,186661,31414,4063,35477,232
2022-08-08,Fresno,019,978130,270525,29955,300480,2839
2022-08-08,Glenn,021,27897,5417,1813,7230,56
2022-08-08,Humboldt,023,135768,20949,4568,25517,157
2022-08-08,Imperial,025,180216,63833,14625,78458,959
2022-08-08,Inyo,027,18085,4423,841,5264,58
2022-08-08,Kern,029,883053,214194,58870,273064,2397
2022-08-08,Kings,031,150075,57729,3922,61651,459
2022-08-08,Lake,033,64148,12324,1100,13424,143
2022-08-08,Lassen,035,31185,9791,967,10758,64
2022-08-08,Los Angeles,037,10098052,3187065,168922,3355987,32969
2022-08-08,Madera,039,155013,42515,7663,50178,372
2022-08-08,Marin,041,260295,35254,4950,40204,254
2022-08-08,Mariposa,043,17540,2998,319,3317,29
2022-08-08,Mendocino,045,87422,15505,4228,19733,135
2022-08-08,Merced,047,269075,71369,11114,82483,850
2022-08-08,Modoc,049,8938,857,310,1167,11
2022-08-08,Mono,051,14174,3179,233,3412,7
2022-08-08,Monterey,053,433212,91786,19591,111377,761
2022-08-08,Napa,055,140530,31459,1357,32816,157
2022-08-08,Nevada,057,99092,18428,1703,20131,135
2022-08-08,Orange,059,3164182,650039,59376,709415,7390
2022-08-08,Placer,061,380077,73748,9324,83072,655
2022-08-08,Plumas,063,18699,3531,427,3958,13
2022-08-08,Riverside,065,2383286,675451,33488,708939,6581
2022-08-08,Sacramento,067,1510023,335915,33065,368980,3258
2022-08-08,San Benito,069,59416,15679,878,16557,100
2022-08-08,San Bernardino,071,2135413,651062,29309,680371,8010
2022-08-08,San Diego,073,3302833,897724,68476,966200,5501
2022-08-08,San Francisco,075,870044,172901,11610,184511,999
2022-08-08,San Joaquin,077,732212,191743,13852,205595,2309
2022-08-08,San Luis Obispo,079,281455,61692,6663,68355,514
2022-08-08,San Mateo,081,765935,163219,10090,173309,740
2022-08-08,Santa Barbara,083,443738,102149,6390,108539,719
2022-08-08,Santa Clara,085,1922200,420648,18106,438754,2488
2022-08-08,Santa Cruz,087,273765,60705,3252,63957,270
2022-08-08,Shasta,089,179085,33995,7056,41051,587
2022-08-08,Sierra,091,2930,297,59,356,4
2022-08-08,Siskiyou,093,43540,4977,3209,8186,87
2022-08-08,Solano,095,438530,102067,7489,109556,455
2022-08-08,Sonoma,097,501317,103734,5026,108760,516
2022-08-08,Stanislaus,099,539301,133586,20625,154211,1750
2022-08-08,Sutter,101,95872,23327,2400,25727,231
2022-08-08,Tehama,103,63373,13274,2952,16226,214
2022-08-08,Trinity,105,12862,1358,353,1711,21
2022-08-08,Tulare,107,460477,118641,33714,152355,1527
2022-08-08,Tuolumne,109,53932,15047,882,15929,198
2022-08-08,Ventura,111,848112,201833,14454,216287,1563
2022-08-08,Yolo,113,214977,46213,4033,50246,383
2022-08-08,Yuba,115,75493,18209,1591,19800,130
2022-08-07,Alameda,001,1643700,334723,18627,353350,1960
2022-08-07,Alpine,002,1148,131,1,132,0
2022-08-07,Amador,005,37829,9704,875,10579,88
2022-08-07,Butte,007,227075,38120,8598,46718,456
2022-08-07,Calaveras,009,45235,8257,485,8742,133
2022-08-07,Colusa,011,21464,3704,1209,4913,22
2022-08-07,Contra Costa,013,1133247,242746,19681,262427,1418
2022-08-07,Del Norte,015,27424,7232,378,7610,53
2022-08-07,El Dorado,017,186661,31374,4058,35432,232
2022-08-07,Fresno,019,978130,270099,29879,299978,2836
2022-08-07,Glenn,021,27897,5415,1810,7225,56
2022-08-07,Humboldt,023,135768,20910,4548,25458,157
2022-08-07,Imperial,025,180216,63749,14552,78301,958
2022-08-07,Inyo,027,18085,4423,838,5261,58
2022-08-07,Kern,029,883053,213962,58668,272630,2396
2022-08-07,Kings,031,150075,57632,3915,61547,458
2022-08-07,Lake,033,64148,12310,1100,13410,143
2022-08-07,Lassen,035,31185,9735,967,10702,64
2022-08-07,Los Angeles,037,10098052,3182597,168531,3351128,32952
2022-08-07,Madera,039,155013,42458,7624,50082,372
2022-08-07,Marin,041,260295,35197,4940,40137,254
2022-08-07,Mariposa,043,17540,2995,318,3313,29
2022-08-07,Mendocino,045,87422,15485,4210,19695,135
2022-08-07,Merced,047,269075,71242,11063,82305,849
2022-08-07,Modoc,049,8938,856,310,1166,11
2022-08-07,Mono,051,14174,3176,233,3409,7
2022-08-07,Monterey,053,433212,91652,19502,111154,761
2022-08-07,Napa,055,140530,31414,1355,32769,157
2022-08-07,Nevada,057,99092,18404,1697,20101,135
2022-08-07,Orange,059,3164182,649101,59179,708280,7386
2022-08-07,Placer,061,380077,73658,9308,82966,654
2022-08-07,Plumas,063,18699,3530,427,3957,13
2022-08-07,Riverside,065,2383286,674511,33409,707920,6578
2022-08-07,Sacramento,067,1510023,335429,33011,368440,3258
2022-08-07,San Benito,069,59416,15652,875,16527,100
2022-08-07,San Bernardino,071,2135413,650158,29246,679404,8004
2022-08-07,San Diego,073,3302833,896454,68363,964817,5500
2022-08-07,San Francisco,075,870044,172620,11583,184203,999
2022-08-07,San Joaquin,077,732212,191438,13794,205232,2308
2022-08-07,San Luis Obispo,079,281455,61594,6631,68225,514
2022-08-07,San Mateo,081,765935,162968,10073,173041,740
2022-08-07,Santa Barbara,083,443738,101960,6364,108324,718
2022-08-07,Santa Clara,085,1922200,419929,18089,438018,2488
2022-08-07,Santa Cruz,087,273765,60583,3237,63820,270
2022-08-07,Shasta,089,179085,33946,7042,40988,587
2022-08-07,Sierra,091,2930,296,59,355,4
2022-08-07,Siskiyou,093,43540,4975,3205,8180,87
2022-08-07,Solano,095,438530,101908,7473,109381,455
2022-08-07,Sonoma,097,501317,103615,5019,108634,516
2022-08-07,Stanislaus,099,539301,133391,20591,153982,1750
2022-08-07,Sutter,101,95872,23291,2399,25690,231
2022-08-07,Tehama,103,63373,13263,2948,16211,214
2022-08-07,Trinity,105,12862,1356,352,1708,21
2022-08-07,Tulare,107,460477,118487,33618,152105,1527
2022-08-07,Tuolumne,109,53932,15030,882,15912,198
2022-08-07,Ventura,111,848112,201574,14409,215983,1561
2022-08-07,Yolo,113,214977,46163,4023,50186,383
2022-08-07,Yuba,115,75493,18190,1587,19777,130
2022-08-06,Alameda,001,1643700,334472,18617,353089,1957
2022-08-06,Alpine,002,1148,131,1,132,0
2022-08-06,Amador,005,37829,9697,873,10570,88
2022-08-06,Butte,007,227075,38082,8588,46670,456
2022-08-06,Calaveras,009,45235,8250,484,8734,133
2022-08-06,Colusa,011,21464,3702,1206,4908,22
2022-08-06,Contra Costa,013,1133247,242501,19662,262163,1417
2022-08-06,Del Norte,015,27424,7226,378,7604,53
2022-08-06,El Dorado,017,186661,31357,4055,35412,232
2022-08-06,Fresno,019,978130,269919,29858,299777,2835
2022-08-06,Glenn,021,27897,5415,1809,7224,56
2022-08-06,Humboldt,023,135768,20889,4540,25429,157
2022-08-06,Imperial,025,180216,63702,14524,78226,958
2022-08-06,Inyo,027,18085,4423,837,5260,58
2022-08-06,Kern,029,883053,213862,58555,272417,2396
2022-08-06,Kings,031,150075,57592,3915,61507,458
2022-08-06,Lake,033,64148,12305,1099,13404,143
2022-08-06,Lassen,035,31185,9702,967,10669,64
2022-08-06,Los Angeles,037,10098052,3180391,168250,3348641,32944
2022-08-06,Madera,039,155013,42414,7618,50032,372
2022-08-06,Marin,041,260295,35168,4935,40103,254
2022-08-06,Mariposa,043,17540,2994,318,3312,29
2022-08-06,Mendocino,045,87422,15476,4209,19685,135
2022-08-06,Merced,047,269075,71212,11058,82270,849
2022-08-06,Modoc,049,8938,856,310,1166,11
2022-08-06,Mono,051,14174,3173,233,3406,7
2022-08-06,Monterey,053,433212,91599,19457,111056,761
2022-08-06,Napa,055,140530,31393,1354,32747,157
2022-08-06,Nevada,057,99092,18395,1696,20091,135
2022-08-06,Orange,059,3164182,648642,59069,707711,7384
2022-08-06,Placer,061,380077,73601,9301,82902,654
2022-08-06,Plumas,063,18699,3528,427,3955,13
2022-08-06,Riverside,065,2383286,673988,33373,707361,6577
2022-08-06,Sacramento,067,1510023,335254,33002,368256,3253
2022-08-06,San Benito,069,59416,15635,873,16508,100
2022-08-06,San Bernardino,071,2135413,649684,29212,678896,8001
2022-08-06,San Diego,073,3302833,895897,68320,964217,5498
2022-08-06,San Francisco,075,870044,172462,11573,184035,997
2022-08-06,San Joaquin,077,732212,191309,13758,205067,2308
2022-08-06,San Luis Obispo,079,281455,61566,6626,68192,514
2022-08-06,San Mateo,081,765935,162829,10067,172896,740
2022-08-06,Santa Barbara,083,443738,101886,6352,108238,718
2022-08-06,Santa Clara,085,1922200,419457,18071,437528,2483
2022-08-06,Santa Cruz,087,273765,60526,3230,63756,270
2022-08-06,Shasta,089,179085,33915,7032,40947,587
2022-08-06,Sierra,091,2930,296,59,355,4
2022-08-06,Siskiyou,093,43540,4973,3203,8176,87
2022-08-06,Solano,095,438530,101859,7467,109326,455
2022-08-06,Sonoma,097,501317,103551,5012,108563,516
2022-08-06,Stanislaus,099,539301,133288,20581,153869,1749
2022-08-06,Sutter,101,95872,23267,2399,25666,231
2022-08-06,Tehama,103,63373,13258,2944,16202,214
2022-08-06,Trinity,105,12862,1356,352,1708,21
2022-08-06,Tulare,107,460477,118406,33575,151981,1525
2022-08-06,Tuolumne,109,53932,15022,881,15903,198
2022-08-06,Ventura,111,848112,201465,14387,215852,1560
2022-08-06,Yolo,113,214977,46132,4015,50147,383
2022-08-06,Yuba,115,75493,18174,1586,19760,129
2022-08-05,Alameda,001,1643700,334161,18607,352768,1957
2022-08-05,Alpine,002,1148,131,1,132,0
2022-08-05,Amador,005,37829,9695,872,10567,88
2022-08-05,Butte,007,227075,38044,8577,46621,456
2022-08-05,Calaveras,009,45235,8246,484,8730,133
2022-08-05,Colusa,011,21464,3701,1206,4907,22
2022-08-05,Contra Costa,013,1133247,242309,19636,261945,1417
2022-08-05,Del Norte,015,27424,7222,377,7599,53
2022-08-05,El Dorado,017,186661,31349,4054,35403,232
2022-08-05,Fresno,019,978130,269736,29835,299571,2834
2022-08-05,Glenn,021,27897,5414,1808,7222,56
2022-08-05,Humboldt,023,135768,20872,4527,25399,156
2022-08-05,Imperial,025,180216,63627,14485,78112,958
2022-08-05,Inyo,027,18085,4423,837,5260,58
2022-08-05,Kern,029,883053,213745,58464,272209,2395
2022-08-05,Kings,031,150075,57567,3914,61481,458
2022-08-05,Lake,033,64148,12295,1099,13394,143
2022-08-05,Lassen,035,31185,9690,966,10656,64
2022-08-05,Los Angeles,037,10098052,3177879,167967,3345846,32930
2022-08-05,Madera,039,155013,42371,7608,49979,372
2022-08-05,Marin,041,260295,35125,4929,40054,254
2022-08-05,Mariposa,043,17540,2989,317,3306,29
2022-08-05,Mendocino,045,87422,15460,4207,19667,135
2022-08-05,Merced,047,269075,71161,11052,82213,849
2022-08-05,Modoc,049,8938,856,310,1166,11
2022-08-05,Mono,051,14174,3172,233,3405,7
2022-08-05,Monterey,053,433212,91531,19422,110953,761
2022-08-05,Napa,055,140530,31364,1353,32717,157
2022-08-05,Nevada,057,99092,18385,1695,20080,135
2022-08-05,Orange,059,3164182,648116,58962,707078,7380
2022-08-05,Placer,061,380077,73549,9294,82843,653
2022-08-05,Plumas,063,18699,3526,427,3953,13
2022-08-05,Riverside,065,2383286,673421,33331,706752,6577
2022-08-05,Sacramento,067,1510023,335004,32981,367985,3249
2022-08-05,San Benito,069,59416,15613,871,16484,100
2022-08-05,San Bernardino,071,2135413,649217,29187,678404,7999
2022-08-05,San Diego,073,3302833,895236,68239,963475,5496
2022-08-05,San Francisco,075,870044,172319,11553,183872,994
2022-08-05,San Joaquin,077,732212,191181,13724,204905,2307
2022-08-05,San Luis Obispo,079,281455,61531,6618,68149,514
2022-08-05,San Mateo,081,765935,162652,10058,172710,740
2022-08-05,Santa Barbara,083,443738,101784,6344,108128,718
2022-08-05,Santa Clara,085,1922200,418952,18041,436993,2480
2022-08-05,Santa Cruz,087,273765,60459,3226,63685,270
2022-08-05,Shasta,089,179085,33905,7029,40934,586
2022-08-05,Sierra,091,2930,296,59,355,4
2022-08-05,Siskiyou,093,43540,4970,3201,8171,87
2022-08-05,Solano,095,438530,101781,7459,109240,455
2022-08-05,Sonoma,097,501317,103473,5008,108481,516
2022-08-05,Stanislaus,099,539301,133187,20570,153757,1748
2022-08-05,Sutter,101,95872,23248,2397,25645,231
2022-08-05,Tehama,103,63373,13250,2944,16194,214
2022-08-05,Trinity,105,12862,1355,352,1707,21
2022-08-05,Tulare,107,460477,118320,33521,151841,1525
2022-08-05,Tuolumne,109,53932,15009,880,15889,197
2022-08-05,Ventura,111,848112,201315,14358,215673,1558
2022-08-05,Yolo,113,214977,46113,4001,50114,383
2022-08-05,Yuba,115,75493,18166,1585,19751,129
2022-08-04,Alameda,001,1643700,333694,18570,352264,1954
2022-08-04,Alpine,002,1148,130,1,131,0
2022-08-04,Amador,005,37829,9684,868,10552,88
2022-08-04,Butte,007,227075,38000,8562,46562,455
2022-08-04,Calaveras,009,45235,8239,483,8722,133
2022-08-04,Colusa,011,21464,3700,1206,4906,22
2022-08-04,Contra Costa,013,1133247,242035,19596,261631,1416
2022-08-04,Del Norte,015,27424,7214,376,7590,53
2022-08-04,El Dorado,017,186661,31318,4051,35369,232
2022-08-04,Fresno,019,978130,269401,29783,299184,2833
2022-08-04,Glenn,021,27897,5409,1805,7214,56
2022-08-04,Humboldt,023,135768,20846,4516,25362,156
2022-08-04,Imperial,025,180216,63560,14431,77991,957
2022-08-04,Inyo,027,18085,4422,836,5258,58
2022-08-04,Kern,029,883053,213532,58334,271866,2392
2022-08-04,Kings,031,150075,57500,3907,61407,458
2022-08-04,Lake,033,64148,12280,1099,13379,143
2022-08-04,Lassen,035,31185,9685,963,10648,64
2022-08-04,Los Angeles,037,10098052,3174155,167579,3341734,32904
2022-08-04,Madera,039,155013,42328,7567,49895,372
2022-08-04,Marin,041,260295,35069,4902,39971,254
2022-08-04,Mariposa,043,17540,2983,316,3299,29
2022-08-04,Mendocino,045,87422,15445,4201,19646,134
2022-08-04,Merced,047,269075,71088,11014,82102,849
2022-08-04,Modoc,049,8938,856,310,1166,11
2022-08-04,Mono,051,14174,3172,233,3405,7
2022-08-04,Monterey,053,433212,91421,19360,110781,761
2022-08-04,Napa,055,140530,31327,1353,32680,156
2022-08-04,Nevada,057,99092,18373,1689,20062,135
2022-08-04,Orange,059,3164182,647313,58823,706136,7377
2022-08-04,Placer,061,380077,73476,9282,82758,652
2022-08-04,Plumas,063,18699,3520,427,3947,13
2022-08-04,Riverside,065,2383286,672689,33293,705982,6573
2022-08-04,Sacramento,067,1510023,334578,32956,367534,3247
2022-08-04,San Benito,069,59416,15583,865,16448,100
2022-08-04,San Bernardino,071,2135413,648500,29134,677634,7995
2022-08-04,San Diego,073,3302833,894255,68138,962393,5494
2022-08-04,San Francisco,075,870044,172106,11525,183631,992
2022-08-04,San Joaquin,077,732212,190976,13684,204660,2305
2022-08-04,San Luis Obispo,079,281455,61458,6596,68054,514
2022-08-04,San Mateo,081,765935,162428,10051,172479,740
2022-08-04,Santa Barbara,083,443738,101651,6324,107975,718
2022-08-04,Santa Clara,085,1922200,418366,18013,436379,2477
2022-08-04,Santa Cruz,087,273765,60371,3225,63596,270
2022-08-04,Shasta,089,179085,33881,7016,40897,586
2022-08-04,Sierra,091,2930,296,59,355,4
2022-08-04,Siskiyou,093,43540,4966,3195,8161,87
2022-08-04,Solano,095,438530,101670,7448,109118,455
2022-08-04,Sonoma,097,501317,103364,4998,108362,514
2022-08-04,Stanislaus,099,539301,133028,20546,153574,1746
2022-08-04,Sutter,101,95872,23222,2395,25617,231
2022-08-04,Tehama,103,63373,13236,2939,16175,214
2022-08-04,Trinity,105,12862,1354,351,1705,21
2022-08-04,Tulare,107,460477,118203,33461,151664,1525
2022-08-04,Tuolumne,109,53932,14985,878,15863,197
2022-08-04,Ventura,111,848112,201082,14321,215403,1558
2022-08-04,Yolo,113,214977,46075,3993,50068,383
2022-08-04,Yuba,115,75493,18147,1584,19731,129
2022-08-03,Alameda,001,1643700,333176,18532,351708,1952
2022-08-03,Alpine,002,1148,130,1,131,0
2022-08-03,Amador,005,37829,9678,865,10543,88
2022-08-03,Butte,007,227075,37955,8552,46507,455
2022-08-03,Calaveras,009,45235,8231,482,8713,133
2022-08-03,Colusa,011,21464,3700,1206,4906,22
2022-08-03,Contra Costa,013,1133247,241709,19548,261257,1416
2022-08-03,Del Norte,015,27424,7210,376,7586,53
2022-08-03,El Dorado,017,186661,31283,4042,35325,232
2022-08-03,Fresno,019,978130,268990,29735,298725,2831
2022-08-03,Glenn,021,27897,5407,1801,7208,56
2022-08-03,Humboldt,023,135768,20812,4499,25311,156
2022-08-03,Imperial,025,180216,63480,14382,77862,957
2022-08-03,Inyo,027,18085,4422,830,5252,58
2022-08-03,Kern,029,883053,213343,58158,271501,2392
2022-08-03,Kings,031,150075,57436,3903,61339,458
2022-08-03,Lake,033,64148,12261,1098,13359,143
2022-08-03,Lassen,035,31185,9682,963,10645,63
2022-08-03,Los Angeles,037,10098052,3170402,167186,3337588,32886
2022-08-03,Madera,039,155013,42285,7549,49834,372
2022-08-03,Marin,041,260295,35005,4890,39895,252
2022-08-03,Mariposa,043,17540,2979,316,3295,29
2022-08-03,Mendocino,045,87422,15427,4193,19620,134
2022-08-03,Merced,047,269075,71022,10981,82003,849
2022-08-03,Modoc,049,8938,855,310,1165,11
2022-08-03,Mono,051,14174,3171,232,3403,7
2022-08-03,Monterey,053,433212,91315,19297,110612,761
2022-08-03,Napa,055,140530,31288,1350,32638,156
2022-08-03,Nevada,057,99092,18362,1686,20048,135
2022-08-03,Orange,059,3164182,646461,58653,705114,7370
2022-08-03,Placer,061,380077,73392,9266,82658,652
2022-08-03,Plumas,063,18699,3517,427,3944,13
2022-08-03,Riverside,065,2383286,671829,33233,705062,6572
2022-08-03,Sacramento,067,1510023,334150,32922,367072,3245
2022-08-03,San Benito,069,59416,15553,858,16411,100
2022-08-03,San Bernardino,071,2135413,647741,29086,676827,7994
2022-08-03,San Diego,073,3302833,893040,68014,961054,5494
2022-08-03,San Francisco,075,870044,171896,11507,183403,989
2022-08-03,San Joaquin,077,732212,190731,13651,204382,2305
2022-08-03,San Luis Obispo,079,281455,61371,6583,67954,514
2022-08-03,San Mateo,081,765935,162235,10043,172278,740
2022-08-03,Santa Barbara,083,443738,101527,6304,107831,716
2022-08-03,Santa Clara,085,1922200,417880,17984,435864,2477
2022-08-03,Santa Cruz,087,273765,60282,3222,63504,269
2022-08-03,Shasta,089,179085,33851,7012,40863,585
2022-08-03,Sierra,091,2930,296,59,355,4
2022-08-03,Siskiyou,093,43540,4964,3193,8157,87
2022-08-03,Solano,095,438530,101550,7435,108985,455
2022-08-03,Sonoma,097,501317,103238,4985,108223,513
2022-08-03,Stanislaus,099,539301,132885,20517,153402,1744
2022-08-03,Sutter,101,95872,23194,2393,25587,231
2022-08-03,Tehama,103,63373,13224,2935,16159,214
2022-08-03,Trinity,105,12862,1354,350,1704,21
2022-08-03,Tulare,107,460477,118069,33394,151463,1524
2022-08-03,Tuolumne,109,53932,14965,878,15843,197
2022-08-03,Ventura,111,848112,200842,14287,215129,1557
2022-08-03,Yolo,113,214977,46026,3976,50002,382
2022-08-03,Yuba,115,75493,18118,1583,19701,129
2022-08-02,Alameda,001,1643700,332633,18501,351134,1952
2022-08-02,Alpine,002,1148,130,1,131,0
2022-08-02,Amador,005,37829,9668,858,10526,88
2022-08-02,Butte,007,227075,37917,8540,46457,455
2022-08-02,Calaveras,009,45235,8216,480,8696,133
2022-08-02,Colusa,011,21464,3697,1205,4902,22
2022-08-02,Contra Costa,013,1133247,241357,19488,260845,1416
2022-08-02,Del Norte,015,27424,7200,376,7576,53
2022-08-02,El Dorado,017,186661,31250,4036,35286,232
2022-08-02,Fresno,019,978130,268562,29650,298212,2830
2022-08-02,Glenn,021,27897,5403,1800,7203,56
2022-08-02,Humboldt,023,135768,20774,4477,25251,156
2022-08-02,Imperial,025,180216,63398,14334,77732,957
2022-08-02,Inyo,027,18085,4419,820,5239,58
2022-08-02,Kern,029,883053,213100,57961,271061,2392
2022-08-02,Kings,031,150075,57355,3898,61253,458
2022-08-02,Lake,033,64148,12248,1096,13344,143
2022-08-02,Lassen,035,31185,9679,962,10641,63
2022-08-02,Los Angeles,037,10098052,3166028,166700,3332728,32858
2022-08-02,Madera,039,155013,42218,7526,49744,372
2022-08-02,Marin,041,260295,34947,4882,39829,252
2022-08-02,Mariposa,043,17540,2975,316,3291,29
2022-08-02,Mendocino,045,87422,15397,4179,19576,134
2022-08-02,Merced,047,269075,70943,10941,81884,849
2022-08-02,Modoc,049,8938,855,310,1165,11
2022-08-02,Mono,051,14174,3170,230,3400,7
2022-08-02,Monterey,053,433212,91192,19228,110420,761
2022-08-02,Napa,055,140530,31249,1348,32597,156
2022-08-02,Nevada,057,99092,18346,1686,20032,135
2022-08-02,Orange,059,3164182,645548,58478,704026,7364
2022-08-02,Placer,061,380077,73303,9253,82556,652
2022-08-02,Plumas,063,18699,3512,427,3939,13
2022-08-02,Riverside,065,2383286,670903,33186,704089,6569
2022-08-02,Sacramento,067,1510023,333733,32873,366606,3243
2022-08-02,San Benito,069,59416,15514,854,16368,100
2022-08-02,San Bernardino,071,2135413,646885,29038,675923,7992
2022-08-02,San Diego,073,3302833,891880,67884,959764,5492
2022-08-02,San Francisco,075,870044,171660,11493,183153,988
2022-08-02,San Joaquin,077,732212,190493,13606,204099,2303
2022-08-02,San Luis Obispo,079,281455,61282,6556,67838,514
2022-08-02,San Mateo,081,765935,161988,10038,172026,740
2022-08-02,Santa Barbara,083,443738,101360,6278,107638,716
2022-08-02,Santa Clara,085,1922200,417251,17950,435201,2472
2022-08-02,Santa Cruz,087,273765,60192,3215,63407,269
2022-08-02,Shasta,089,179085,33826,7001,40827,585
2022-08-02,Sierra,091,2930,296,59,355,4
2022-08-02,Siskiyou,093,43540,4956,3189,8145,87
2022-08-02,Solano,095,438530,101367,7413,108780,455
2022-08-02,Sonoma,097,501317,103063,4972,108035,513
2022-08-02,Stanislaus,099,539301,132726,20474,153200,1743
2022-08-02,Sutter,101,95872,23159,2393,25552,231
2022-08-02,Tehama,103,63373,13212,2932,16144,214
2022-08-02,Trinity,105,12862,1354,348,1702,21
2022-08-02,Tulare,107,460477,117932,33309,151241,1524
2022-08-02,Tuolumne,109,53932,14948,876,15824,196
2022-08-02,Ventura,111,848112,200587,14245,214832,1557
2022-08-02,Yolo,113,214977,45977,3970,49947,382
2022-08-02,Yuba,115,75493,18097,1578,19675,129
2022-08-01,Alameda,001,1643700,331967,18464,350431,1951
2022-08-01,Alpine,002,1148,130,1,131,0
2022-08-01,Amador,005,37829,9661,856,10517,88
2022-08-01,Butte,007,227075,37859,8526,46385,455
2022-08-01,Calaveras,009,45235,8213,479,8692,132
2022-08-01,Colusa,011,21464,3693,1196,4889,22
2022-08-01,Contra Costa,013,1133247,240963,19435,260398,1415
2022-08-01,Del Norte,015,27424,7195,376,7571,53
2022-08-01,El Dorado,017,186661,31223,4031,35254,232
2022-08-01,Fresno,019,978130,268105,29568,297673,2830
2022-08-01,Glenn,021,27897,5395,1799,7194,56
2022-08-01,Humboldt,023,135768,20741,4461,25202,156
2022-08-01,Imperial,025,180216,63285,14275,77560,957
2022-08-01,Inyo,027,18085,4415,816,5231,58
2022-08-01,Kern,029,883053,212855,57791,270646,2391
2022-08-01,Kings,031,150075,57262,3888,61150,458
2022-08-01,Lake,033,64148,12218,1096,13314,143
2022-08-01,Lassen,035,31185,9659,962,10621,63
2022-08-01,Los Angeles,037,10098052,3161270,166215,3327485,32840
2022-08-01,Madera,039,155013,42135,7495,49630,372
2022-08-01,Marin,041,260295,34893,4858,39751,252
2022-08-01,Mariposa,043,17540,2970,315,3285,29
2022-08-01,Mendocino,045,87422,15373,4170,19543,134
2022-08-01,Merced,047,269075,70831,10910,81741,849
2022-08-01,Modoc,049,8938,855,310,1165,11
2022-08-01,Mono,051,14174,3169,228,3397,7
2022-08-01,Monterey,053,433212,91048,19154,110202,760
2022-08-01,Napa,055,140530,31196,1344,32540,155
2022-08-01,Nevada,057,99092,18334,1681,20015,135
2022-08-01,Orange,059,3164182,644563,58301,702864,7361
2022-08-01,Placer,061,380077,73235,9239,82474,652
2022-08-01,Plumas,063,18699,3508,427,3935,13
2022-08-01,Riverside,065,2383286,669883,33139,703022,6568
2022-08-01,Sacramento,067,1510023,333289,32830,366119,3241
2022-08-01,San Benito,069,59416,15493,854,16347,100
2022-08-01,San Bernardino,071,2135413,645950,28979,674929,7990
2022-08-01,San Diego,073,3302833,890454,67709,958163,5490
2022-08-01,San Francisco,075,870044,171406,11479,182885,988
2022-08-01,San Joaquin,077,732212,190221,13564,203785,2302
2022-08-01,San Luis Obispo,079,281455,61183,6542,67725,514
2022-08-01,San Mateo,081,765935,161692,10026,171718,740
2022-08-01,Santa Barbara,083,443738,101185,6253,107438,716
2022-08-01,Santa Clara,085,1922200,416464,17924,434388,2470
2022-08-01,Santa Cruz,087,273765,60086,3203,63289,269
2022-08-01,Shasta,089,179085,33797,6991,40788,585
2022-08-01,Sierra,091,2930,296,59,355,4
2022-08-01,Siskiyou,093,43540,4950,3183,8133,86
2022-08-01,Solano,095,438530,101184,7394,108578,455
2022-08-01,Sonoma,097,501317,102894,4962,107856,512
2022-08-01,Stanislaus,099,539301,132551,20445,152996,1743
2022-08-01,Sutter,101,95872,23104,2392,25496,231
2022-08-01,Tehama,103,63373,13196,2926,16122,214
2022-08-01,Trinity,105,12862,1353,347,1700,21
2022-08-01,Tulare,107,460477,117755,33232,150987,1523
2022-08-01,Tuolumne,109,53932,14929,876,15805,196
2022-08-01,Ventura,111,848112,200330,14201,214531,1556
2022-08-01,Yolo,113,214977,45926,3955,49881,382
2022-08-01,Yuba,115,75493,18073,1574,19647,129
2022-07-31,Alameda,001,1643700,331229,18426,349655,1951
2022-07-31,Alpine,002,1148,130,1,131,0
2022-07-31,Amador,005,37829,9648,851,10499,88
2022-07-31,Butte,007,227075,37783,8506,46289,454
2022-07-31,Calaveras,009,45235,8201,476,8677,132
2022-07-31,Colusa,011,21464,3689,1194,4883,22
2022-07-31,Contra Costa,013,1133247,240485,19366,259851,1413
2022-07-31,Del Norte,015,27424,7183,373,7556,53
2022-07-31,El Dorado,017,186661,31196,4022,35218,232
2022-07-31,Fresno,019,978130,267548,29483,297031,2829
2022-07-31,Glenn,021,27897,5392,1797,7189,56
2022-07-31,Humboldt,023,135768,20701,4430,25131,156
2022-07-31,Imperial,025,180216,63180,14196,77376,955
2022-07-31,Inyo,027,18085,4410,811,5221,58
2022-07-31,Kern,029,883053,212540,57546,270086,2390
2022-07-31,Kings,031,150075,57136,3879,61015,458
2022-07-31,Lake,033,64148,12202,1094,13296,143
2022-07-31,Lassen,035,31185,9579,962,10541,63
2022-07-31,Los Angeles,037,10098052,3156010,165587,3321597,32820
2022-07-31,Madera,039,155013,42047,7462,49509,372
2022-07-31,Marin,041,260295,34821,4845,39666,251
2022-07-31,Mariposa,043,17540,2964,314,3278,29
2022-07-31,Mendocino,045,87422,15354,4161,19515,134
2022-07-31,Merced,047,269075,70702,10866,81568,849
2022-07-31,Modoc,049,8938,851,310,1161,11
2022-07-31,Mono,051,14174,3168,225,3393,7
2022-07-31,Monterey,053,433212,90888,19070,109958,759
2022-07-31,Napa,055,140530,31129,1341,32470,155
2022-07-31,Nevada,057,99092,18296,1679,19975,135
2022-07-31,Orange,059,3164182,643522,58092,701614,7358
2022-07-31,Placer,061,380077,73132,9223,82355,652
2022-07-31,Plumas,063,18699,3502,426,3928,13
2022-07-31,Riverside,065,2383286,668794,33057,701851,6567
2022-07-31,Sacramento,067,1510023,332690,32773,365463,3238
2022-07-31,San Benito,069,59416,15460,848,16308,100
2022-07-31,San Bernardino,071,2135413,644795,28881,673676,7987
2022-07-31,San Diego,073,3302833,888843,67560,956403,5490
2022-07-31,San Francisco,075,870044,171009,11439,182448,986
2022-07-31,San Joaquin,077,732212,189861,13476,203337,2300
2022-07-31,San Luis Obispo,079,281455,61035,6507,67542,514
2022-07-31,San Mateo,081,765935,161443,9999,171442,740
2022-07-31,Santa Barbara,083,443738,100953,6211,107164,716
2022-07-31,Santa Clara,085,1922200,415685,17891,433576,2465
2022-07-31,Santa Cruz,087,273765,59918,3187,63105,269
2022-07-31,Shasta,089,179085,33746,6968,40714,584
2022-07-31,Sierra,091,2930,296,59,355,4
2022-07-31,Siskiyou,093,43540,4940,3180,8120,86
2022-07-31,Solano,095,438530,100984,7380,108364,455
2022-07-31,Sonoma,097,501317,102740,4936,107676,512
2022-07-31,Stanislaus,099,539301,132313,20398,152711,1743
2022-07-31,Sutter,101,95872,23060,2381,25441,231
2022-07-31,Tehama,103,63373,13188,2917,16105,214
2022-07-31,Trinity,105,12862,1351,346,1697,21
2022-07-31,Tulare,107,460477,117564,33111,150675,1522
2022-07-31,Tuolumne,109,53932,14905,873,15778,196
2022-07-31,Ventura,111,848112,200011,14121,214132,1555
2022-07-31,Yolo,113,214977,45865,3944,49809,382
2022-07-31,Yuba,115,75493,18042,1566,19608,129
2022-07-30,Alameda,001,1643700,330890,18407,349297,1951
2022-07-30,Alpine,002,1148,130,1,131,0
2022-07-30,Amador,005,37829,9646,846,10492,88
2022-07-30,Butte,007,227075,37754,8497,46251,454
2022-07-30,Calaveras,009,45235,8191,475,8666,132
2022-07-30,Colusa,011,21464,3684,1194,4878,22
2022-07-30,Contra Costa,013,1133247,240209,19325,259534,1411
2022-07-30,Del Norte,015,27424,7178,371,7549,53
2022-07-30,El Dorado,017,186661,31177,4018,35195,231
2022-07-30,Fresno,019,978130,267341,29438,296779,2827
2022-07-30,Glenn,021,27897,5387,1796,7183,56
2022-07-30,Humboldt,023,135768,20682,4418,25100,156
2022-07-30,Imperial,025,180216,63132,14168,77300,955
2022-07-30,Inyo,027,18085,4409,807,5216,58
2022-07-30,Kern,029,883053,212411,57404,269815,2389
2022-07-30,Kings,031,150075,57103,3879,60982,458
2022-07-30,Lake,033,64148,12192,1093,13285,143
2022-07-30,Lassen,035,31185,9578,960,10538,63
2022-07-30,Los Angeles,037,10098052,3153524,165185,3318709,32806
2022-07-30,Madera,039,155013,42013,7457,49470,372
2022-07-30,Marin,041,260295,34789,4843,39632,251
2022-07-30,Mariposa,043,17540,2962,313,3275,29
2022-07-30,Mendocino,045,87422,15330,4157,19487,134
2022-07-30,Merced,047,269075,70651,10859,81510,847
2022-07-30,Modoc,049,8938,851,310,1161,11
2022-07-30,Mono,051,14174,3167,224,3391,7
2022-07-30,Monterey,053,433212,90796,19023,109819,759
2022-07-30,Napa,055,140530,31101,1338,32439,155
2022-07-30,Nevada,057,99092,18287,1675,19962,135
2022-07-30,Orange,059,3164182,642960,57982,700942,7352
2022-07-30,Placer,061,380077,73093,9210,82303,652
2022-07-30,Plumas,063,18699,3502,426,3928,13
2022-07-30,Riverside,065,2383286,668242,33028,701270,6566
2022-07-30,Sacramento,067,1510023,332447,32762,365209,3235
2022-07-30,San Benito,069,59416,15447,845,16292,100
2022-07-30,San Bernardino,071,2135413,644306,28838,673144,7980
2022-07-30,San Diego,073,3302833,888198,67501,955699,5487
2022-07-30,San Francisco,075,870044,170858,11429,182287,984
2022-07-30,San Joaquin,077,732212,189735,13446,203181,2299
2022-07-30,San Luis Obispo,079,281455,60995,6494,67489,514
2022-07-30,San Mateo,081,765935,161258,9981,171239,740
2022-07-30,Santa Barbara,083,443738,100860,6192,107052,716
2022-07-30,Santa Clara,085,1922200,415198,17873,433071,2462
2022-07-30,Santa Cruz,087,273765,59852,3180,63032,269
2022-07-30,Shasta,089,179085,33726,6967,40693,584
2022-07-30,Sierra,091,2930,296,59,355,4
2022-07-30,Siskiyou,093,43540,4940,3178,8118,86
2022-07-30,Solano,095,438530,100926,7367,108293,455
2022-07-30,Sonoma,097,501317,102650,4929,107579,512
2022-07-30,Stanislaus,099,539301,132181,20373,152554,1742
2022-07-30,Sutter,101,95872,23035,2380,25415,230
2022-07-30,Tehama,103,63373,13182,2914,16096,214
2022-07-30,Trinity,105,12862,1351,346,1697,20
2022-07-30,Tulare,107,460477,117472,33046,150518,1522
2022-07-30,Tuolumne,109,53932,14886,873,15759,196
2022-07-30,Ventura,111,848112,199839,14088,213927,1553
2022-07-30,Yolo,113,214977,45838,3941,49779,382
2022-07-30,Yuba,115,75493,18029,1566,19595,129
2022-07-29,Alameda,001,1643700,330529,18379,348908,1950
2022-07-29,Alpine,002,1148,130,1,131,0
2022-07-29,Amador,005,37829,9645,845,10490,88
2022-07-29,Butte,007,227075,37723,8480,46203,453
2022-07-29,Calaveras,009,45235,8187,475,8662,132
2022-07-29,Colusa,011,21464,3684,1194,4878,22
2022-07-29,Contra Costa,013,1133247,239980,19301,259281,1410
2022-07-29,Del Norte,015,27424,7173,370,7543,53
2022-07-29,El Dorado,017,186661,31155,4017,35172,231
2022-07-29,Fresno,019,978130,267095,29389,296484,2827
2022-07-29,Glenn,021,27897,5384,1795,7179,56
2022-07-29,Humboldt,023,135768,20656,4408,25064,156
2022-07-29,Imperial,025,180216,63071,14140,77211,954
2022-07-29,Inyo,027,18085,4408,806,5214,58
2022-07-29,Kern,029,883053,212242,57264,269506,2389
2022-07-29,Kings,031,150075,57066,3878,60944,458
2022-07-29,Lake,033,64148,12177,1090,13267,143
2022-07-29,Lassen,035,31185,9576,960,10536,63
2022-07-29,Los Angeles,037,10098052,3150657,164852,3315509,32788
2022-07-29,Madera,039,155013,41968,7446,49414,372
2022-07-29,Marin,041,260295,34742,4835,39577,251
2022-07-29,Mariposa,043,17540,2961,313,3274,29
2022-07-29,Mendocino,045,87422,15312,4145,19457,134
2022-07-29,Merced,047,269075,70589,10843,81432,847
2022-07-29,Modoc,049,8938,851,310,1161,11
2022-07-29,Mono,051,14174,3166,223,3389,7
2022-07-29,Monterey,053,433212,90703,18988,109691,759
2022-07-29,Napa,055,140530,31076,1337,32413,155
2022-07-29,Nevada,057,99092,18276,1673,19949,135
2022-07-29,Orange,059,3164182,642365,57838,700203,7344
2022-07-29,Placer,061,380077,73020,9196,82216,652
2022-07-29,Plumas,063,18699,3501,426,3927,13
2022-07-29,Riverside,065,2383286,667699,32983,700682,6566
2022-07-29,Sacramento,067,1510023,332135,32742,364877,3232
2022-07-29,San Benito,069,59416,15429,844,16273,100
2022-07-29,San Bernardino,071,2135413,643770,28804,672574,7975
2022-07-29,San Diego,073,3302833,887346,67391,954737,5484
2022-07-29,San Francisco,075,870044,170681,11417,182098,981
2022-07-29,San Joaquin,077,732212,189619,13421,203040,2299
2022-07-29,San Luis Obispo,079,281455,60959,6482,67441,514
2022-07-29,San Mateo,081,765935,161082,9972,171054,740
2022-07-29,Santa Barbara,083,443738,100737,6182,106919,716
2022-07-29,Santa Clara,085,1922200,414721,17852,432573,2460
2022-07-29,Santa Cruz,087,273765,59776,3177,62953,269
2022-07-29,Shasta,089,179085,33699,6960,40659,584
2022-07-29,Sierra,091,2930,296,58,354,4
2022-07-29,Siskiyou,093,43540,4939,3178,8117,86
2022-07-29,Solano,095,438530,100796,7355,108151,455
2022-07-29,Sonoma,097,501317,102546,4918,107464,509
2022-07-29,Stanislaus,099,539301,132079,20361,152440,1742
2022-07-29,Sutter,101,95872,23015,2380,25395,229
2022-07-29,Tehama,103,63373,13175,2912,16087,214
2022-07-29,Trinity,105,12862,1347,345,1692,20
2022-07-29,Tulare,107,460477,117371,32986,150357,1522
2022-07-29,Tuolumne,109,53932,14872,872,15744,196
2022-07-29,Ventura,111,848112,199689,14048,213737,1553
2022-07-29,Yolo,113,214977,45803,3928,49731,382
2022-07-29,Yuba,115,75493,18008,1564,19572,129
2022-07-28,Alameda,001,1643700,330038,18331,348369,1949
2022-07-28,Alpine,002,1148,130,1,131,0
2022-07-28,Amador,005,37829,9638,844,10482,88
2022-07-28,Butte,007,227075,37671,8467,46138,453
2022-07-28,Calaveras,009,45235,8176,474,8650,132
2022-07-28,Colusa,011,21464,3678,1194,4872,22
2022-07-28,Contra Costa,013,1133247,239613,19248,258861,1408
2022-07-28,Del Norte,015,27424,7167,369,7536,53
2022-07-28,El Dorado,017,186661,31120,4012,35132,231
2022-07-28,Fresno,019,978130,266663,29314,295977,2826
2022-07-28,Glenn,021,27897,5382,1791,7173,56
2022-07-28,Humboldt,023,135768,20622,4397,25019,156
2022-07-28,Imperial,025,180216,62972,14076,77048,954
2022-07-28,Inyo,027,18085,4404,804,5208,58
2022-07-28,Kern,029,883053,211986,57095,269081,2387
2022-07-28,Kings,031,150075,56963,3875,60838,458
2022-07-28,Lake,033,64148,12160,1089,13249,143
2022-07-28,Lassen,035,31185,9571,960,10531,63
2022-07-28,Los Angeles,037,10098052,3146330,164300,3310630,32772
2022-07-28,Madera,039,155013,41910,7437,49347,372
2022-07-28,Marin,041,260295,34694,4830,39524,251
2022-07-28,Mariposa,043,17540,2958,310,3268,29
2022-07-28,Mendocino,045,87422,15291,4134,19425,134
2022-07-28,Merced,047,269075,70507,10803,81310,847
2022-07-28,Modoc,049,8938,848,310,1158,11
2022-07-28,Mono,051,14174,3166,222,3388,7
2022-07-28,Monterey,053,433212,90547,18913,109460,759
2022-07-28,Napa,055,140530,31037,1335,32372,155
2022-07-28,Nevada,057,99092,18263,1667,19930,135
2022-07-28,Orange,059,3164182,641406,57682,699088,7340
2022-07-28,Placer,061,380077,72929,9175,82104,652
2022-07-28,Plumas,063,18699,3500,426,3926,13
2022-07-28,Riverside,065,2383286,666892,32932,699824,6565
2022-07-28,Sacramento,067,1510023,331719,32713,364432,3229
2022-07-28,San Benito,069,59416,15400,839,16239,99
2022-07-28,San Bernardino,071,2135413,642921,28761,671682,7973
2022-07-28,San Diego,073,3302833,885996,67260,953256,5481
2022-07-28,San Francisco,075,870044,170444,11387,181831,979
2022-07-28,San Joaquin,077,732212,189365,13373,202738,2298
2022-07-28,San Luis Obispo,079,281455,60871,6462,67333,514
2022-07-28,San Mateo,081,765935,160825,9959,170784,739
2022-07-28,Santa Barbara,083,443738,100598,6151,106749,716
2022-07-28,Santa Clara,085,1922200,414078,17819,431897,2460
2022-07-28,Santa Cruz,087,273765,59658,3165,62823,269
2022-07-28,Shasta,089,179085,33671,6945,40616,584
2022-07-28,Sierra,091,2930,296,58,354,4
2022-07-28,Siskiyou,093,43540,4935,3172,8107,86
2022-07-28,Solano,095,438530,100646,7344,107990,455
2022-07-28,Sonoma,097,501317,102422,4892,107314,509
2022-07-28,Stanislaus,099,539301,131930,20320,152250,1742
2022-07-28,Sutter,101,95872,22984,2375,25359,229
2022-07-28,Tehama,103,63373,13157,2903,16060,214
2022-07-28,Trinity,105,12862,1346,344,1690,20
2022-07-28,Tulare,107,460477,117243,32888,150131,1522
2022-07-28,Tuolumne,109,53932,14853,870,15723,196
2022-07-28,Ventura,111,848112,199421,14008,213429,1553
2022-07-28,Yolo,113,214977,45754,3916,49670,381
2022-07-28,Yuba,115,75493,17994,1555,19549,129
2022-07-27,Alameda,001,1643700,329510,18285,347795,1949
2022-07-27,Alpine,002,1148,130,1,131,0
2022-07-27,Amador,005,37829,9630,843,10473,88
2022-07-27,Butte,007,227075,37627,8456,46083,453
2022-07-27,Calaveras,009,45235,8166,473,8639,132
2022-07-27,Colusa,011,21464,3670,1194,4864,22
2022-07-27,Contra Costa,013,1133247,239256,19199,258455,1406
2022-07-27,Del Norte,015,27424,7163,369,7532,53
2022-07-27,El Dorado,017,186661,31074,4003,35077,231
2022-07-27,Fresno,019,978130,266245,29233,295478,2826
2022-07-27,Glenn,021,27897,5378,1790,7168,56
2022-07-27,Humboldt,023,135768,20582,4389,24971,156
2022-07-27,Imperial,025,180216,62888,14022,76910,954
2022-07-27,Inyo,027,18085,4400,800,5200,58
2022-07-27,Kern,029,883053,211749,56881,268630,2386
2022-07-27,Kings,031,150075,56888,3867,60755,458
2022-07-27,Lake,033,64148,12144,1087,13231,143
2022-07-27,Lassen,035,31185,9566,959,10525,63
2022-07-27,Los Angeles,037,10098052,3141551,163786,3305337,32749
2022-07-27,Madera,039,155013,41823,7424,49247,372
2022-07-27,Marin,041,260295,34622,4822,39444,251
2022-07-27,Mariposa,043,17540,2953,310,3263,29
2022-07-27,Mendocino,045,87422,15262,4119,19381,134
2022-07-27,Merced,047,269075,70393,10773,81166,845
2022-07-27,Modoc,049,8938,846,310,1156,11
2022-07-27,Mono,051,14174,3164,220,3384,7
2022-07-27,Monterey,053,433212,90413,18841,109254,758
2022-07-27,Napa,055,140530,30992,1334,32326,155
2022-07-27,Nevada,057,99092,18244,1667,19911,135
2022-07-27,Orange,059,3164182,640399,57501,697900,7333
2022-07-27,Placer,061,380077,72848,9154,82002,652
2022-07-27,Plumas,063,18699,3494,426,3920,13
2022-07-27,Riverside,065,2383286,665880,32852,698732,6565
2022-07-27,Sacramento,067,1510023,331260,32659,363919,3227
2022-07-27,San Benito,069,59416,15380,837,16217,99
2022-07-27,San Bernardino,071,2135413,642043,28706,670749,7970
2022-07-27,San Diego,073,3302833,884557,67118,951675,5480
2022-07-27,San Francisco,075,870044,170197,11371,181568,977
2022-07-27,San Joaquin,077,732212,189075,13330,202405,2297
2022-07-27,San Luis Obispo,079,281455,60789,6428,67217,513
2022-07-27,San Mateo,081,765935,160576,9950,170526,739
2022-07-27,Santa Barbara,083,443738,100440,6113,106553,715
2022-07-27,Santa Clara,085,1922200,413395,17796,431191,2457
2022-07-27,Santa Cruz,087,273765,59563,3152,62715,269
2022-07-27,Shasta,089,179085,33637,6935,40572,584
2022-07-27,Sierra,091,2930,295,58,353,4
2022-07-27,Siskiyou,093,43540,4929,3169,8098,86
2022-07-27,Solano,095,438530,100482,7333,107815,455
2022-07-27,Sonoma,097,501317,102281,4878,107159,509
2022-07-27,Stanislaus,099,539301,131730,20278,152008,1742
2022-07-27,Sutter,101,95872,22948,2369,25317,229
2022-07-27,Tehama,103,63373,13143,2898,16041,214
2022-07-27,Trinity,105,12862,1345,343,1688,20
2022-07-27,Tulare,107,460477,117082,32815,149897,1522
2022-07-27,Tuolumne,109,53932,14823,867,15690,196
2022-07-27,Ventura,111,848112,199141,13943,213084,1550
2022-07-27,Yolo,113,214977,45708,3899,49607,380
2022-07-27,Yuba,115,75493,17970,1547,19517,129
2022-07-26,Alameda,001,1643700,328868,18246,347114,1946
2022-07-26,Alpine,002,1148,130,1,131,0
2022-07-26,Amador,005,37829,9621,839,10460,88
2022-07-26,Butte,007,227075,37567,8439,46006,453
2022-07-26,Calaveras,009,45235,8156,471,8627,131
2022-07-26,Colusa,011,21464,3669,1194,4863,22
2022-07-26,Contra Costa,013,1133247,238820,19143,257963,1403
2022-07-26,Del Norte,015,27424,7150,369,7519,53
2022-07-26,El Dorado,017,186661,31030,3998,35028,229
2022-07-26,Fresno,019,978130,265701,29137,294838,2824
2022-07-26,Glenn,021,27897,5375,1786,7161,56
2022-07-26,Humboldt,023,135768,20550,4375,24925,156
2022-07-26,Imperial,025,180216,62768,13941,76709,953
2022-07-26,Inyo,027,18085,4397,798,5195,58
2022-07-26,Kern,029,883053,211423,56661,268084,2385
2022-07-26,Kings,031,150075,56774,3865,60639,458
2022-07-26,Lake,033,64148,12114,1085,13199,143
2022-07-26,Lassen,035,31185,9563,957,10520,63
2022-07-26,Los Angeles,037,10098052,3136517,163190,3299707,32729
2022-07-26,Madera,039,155013,41759,7398,49157,372
2022-07-26,Marin,041,260295,34556,4811,39367,251
2022-07-26,Mariposa,043,17540,2951,310,3261,29
2022-07-26,Mendocino,045,87422,15238,4108,19346,133
2022-07-26,Merced,047,269075,70301,10748,81049,844
2022-07-26,Modoc,049,8938,844,310,1154,11
2022-07-26,Mono,051,14174,3162,219,3381,7
2022-07-26,Monterey,053,433212,90274,18755,109029,758
2022-07-26,Napa,055,140530,30954,1328,32282,155
2022-07-26,Nevada,057,99092,18221,1664,19885,135
2022-07-26,Orange,059,3164182,639281,57272,696553,7329
2022-07-26,Placer,061,380077,72730,9134,81864,651
2022-07-26,Plumas,063,18699,3491,425,3916,13
2022-07-26,Riverside,065,2383286,664848,32773,697621,6563
2022-07-26,Sacramento,067,1510023,330727,32588,363315,3224
2022-07-26,San Benito,069,59416,15350,835,16185,99
2022-07-26,San Bernardino,071,2135413,641049,28637,669686,7966
2022-07-26,San Diego,073,3302833,882868,66926,949794,5480
2022-07-26,San Francisco,075,870044,169908,11356,181264,977
2022-07-26,San Joaquin,077,732212,188780,13270,202050,2297
2022-07-26,San Luis Obispo,079,281455,60710,6401,67111,512
2022-07-26,San Mateo,081,765935,160292,9939,170231,739
2022-07-26,Santa Barbara,083,443738,100261,6090,106351,715
2022-07-26,Santa Clara,085,1922200,412532,17758,430290,2455
2022-07-26,Santa Cruz,087,273765,59459,3135,62594,268
2022-07-26,Shasta,089,179085,33603,6920,40523,583
2022-07-26,Sierra,091,2930,294,58,352,4
2022-07-26,Siskiyou,093,43540,4924,3161,8085,86
2022-07-26,Solano,095,438530,100286,7317,107603,455
2022-07-26,Sonoma,097,501317,102132,4850,106982,509
2022-07-26,Stanislaus,099,539301,131517,20253,151770,1741
2022-07-26,Sutter,101,95872,22918,2368,25286,228
2022-07-26,Tehama,103,63373,13124,2893,16017,214
2022-07-26,Trinity,105,12862,1344,341,1685,20
2022-07-26,Tulare,107,460477,116931,32728,149659,1522
2022-07-26,Tuolumne,109,53932,14804,865,15669,196
2022-07-26,Ventura,111,848112,198830,13884,212714,1549
2022-07-26,Yolo,113,214977,45657,3888,49545,380
2022-07-26,Yuba,115,75493,17952,1546,19498,129
2022-07-25,Alameda,001,1643700,328143,18189,346332,1946
2022-07-25,Alpine,002,1148,130,1,131,0
2022-07-25,Amador,005,37829,9608,836,10444,87
2022-07-25,Butte,007,227075,37491,8424,45915,453
2022-07-25,Calaveras,009,45235,8145,470,8615,131
2022-07-25,Colusa,011,21464,3667,1191,4858,22
2022-07-25,Contra Costa,013,1133247,238336,19062,257398,1402
2022-07-25,Del Norte,015,27424,7142,368,7510,53
2022-07-25,El Dorado,017,186661,30991,3984,34975,229
2022-07-25,Fresno,019,978130,265106,29032,294138,2820
2022-07-25,Glenn,021,27897,5367,1783,7150,56
2022-07-25,Humboldt,023,135768,20517,4354,24871,156
2022-07-25,Imperial,025,180216,62649,13853,76502,952
2022-07-25,Inyo,027,18085,4395,792,5187,58
2022-07-25,Kern,029,883053,211126,56433,267559,2385
2022-07-25,Kings,031,150075,56638,3856,60494,458
2022-07-25,Lake,033,64148,12093,1083,13176,143
2022-07-25,Lassen,035,31185,9556,956,10512,63
2022-07-25,Los Angeles,037,10098052,3130661,162627,3293288,32710
2022-07-25,Madera,039,155013,41672,7372,49044,372
2022-07-25,Marin,041,260295,34482,4804,39286,251
2022-07-25,Mariposa,043,17540,2948,307,3255,29
2022-07-25,Mendocino,045,87422,15199,4095,19294,133
2022-07-25,Merced,047,269075,70188,10717,80905,843
2022-07-25,Modoc,049,8938,839,308,1147,11
2022-07-25,Mono,051,14174,3160,218,3378,7
2022-07-25,Monterey,053,433212,90118,18645,108763,758
2022-07-25,Napa,055,140530,30909,1327,32236,155
2022-07-25,Nevada,057,99092,18209,1657,19866,135
2022-07-25,Orange,059,3164182,638021,57064,695085,7327
2022-07-25,Placer,061,380077,72647,9128,81775,651
2022-07-25,Plumas,063,18699,3485,424,3909,13
2022-07-25,Riverside,065,2383286,663755,32695,696450,6563
2022-07-25,Sacramento,067,1510023,330192,32525,362717,3223
2022-07-25,San Benito,069,59416,15316,833,16149,99
2022-07-25,San Bernardino,071,2135413,639877,28580,668457,7964
2022-07-25,San Diego,073,3302833,881088,66733,947821,5474
2022-07-25,San Francisco,075,870044,169592,11341,180933,975
2022-07-25,San Joaquin,077,732212,188487,13194,201681,2295
2022-07-25,San Luis Obispo,079,281455,60605,6368,66973,511
2022-07-25,San Mateo,081,765935,159918,9918,169836,739
2022-07-25,Santa Barbara,083,443738,100066,6065,106131,715
2022-07-25,Santa Clara,085,1922200,411637,17672,429309,2451
2022-07-25,Santa Cruz,087,273765,59338,3122,62460,268
2022-07-25,Shasta,089,179085,33550,6912,40462,583
2022-07-25,Sierra,091,2930,293,58,351,4
2022-07-25,Siskiyou,093,43540,4921,3152,8073,86
2022-07-25,Solano,095,438530,100038,7301,107339,455
2022-07-25,Sonoma,097,501317,101973,4833,106806,509
2022-07-25,Stanislaus,099,539301,131318,20223,151541,1737
2022-07-25,Sutter,101,95872,22872,2367,25239,228
2022-07-25,Tehama,103,63373,13107,2885,15992,214
2022-07-25,Trinity,105,12862,1342,341,1683,20
2022-07-25,Tulare,107,460477,116721,32630,149351,1522
2022-07-25,Tuolumne,109,53932,14785,865,15650,196
2022-07-25,Ventura,111,848112,198522,13829,212351,1546
2022-07-25,Yolo,113,214977,45593,3872,49465,379
2022-07-25,Yuba,115,75493,17914,1545,19459,129
2022-07-24,Alameda,001,1643700,327339,18142,345481,1942
2022-07-24,Alpine,002,1148,130,1,131,0
2022-07-24,Amador,005,37829,9586,833,10419,87
2022-07-24,Butte,007,227075,37426,8396,45822,453
2022-07-24,Calaveras,009,45235,8128,468,8596,131
2022-07-24,Colusa,011,21464,3661,1191,4852,22
2022-07-24,Contra Costa,013,1133247,237803,18982,256785,1401
2022-07-24,Del Norte,015,27424,7123,364,7487,53
2022-07-24,El Dorado,017,186661,30945,3968,34913,229
2022-07-24,Fresno,019,978130,264452,28928,293380,2820
2022-07-24,Glenn,021,27897,5361,1781,7142,56
2022-07-24,Humboldt,023,135768,20484,4337,24821,156
2022-07-24,Imperial,025,180216,62488,13732,76220,952
2022-07-24,Inyo,027,18085,4391,781,5172,57
2022-07-24,Kern,029,883053,210751,56189,266940,2384
2022-07-24,Kings,031,150075,56514,3844,60358,458
2022-07-24,Lake,033,64148,12067,1080,13147,142
2022-07-24,Lassen,035,31185,9529,953,10482,63
2022-07-24,Los Angeles,037,10098052,3124166,161941,3286107,32688
2022-07-24,Madera,039,155013,41573,7341,48914,372
2022-07-24,Marin,041,260295,34412,4792,39204,251
2022-07-24,Mariposa,043,17540,2945,306,3251,29
2022-07-24,Mendocino,045,87422,15149,4063,19212,133
2022-07-24,Merced,047,269075,70029,10658,80687,843
2022-07-24,Modoc,049,8938,839,307,1146,11
2022-07-24,Mono,051,14174,3159,218,3377,7
2022-07-24,Monterey,053,433212,89940,18545,108485,758
2022-07-24,Napa,055,140530,30855,1326,32181,155
2022-07-24,Nevada,057,99092,18190,1648,19838,135
2022-07-24,Orange,059,3164182,636653,56811,693464,7320
2022-07-24,Placer,061,380077,72522,9115,81637,649
2022-07-24,Plumas,063,18699,3484,424,3908,13
2022-07-24,Riverside,065,2383286,662453,32582,695035,6562
2022-07-24,Sacramento,067,1510023,329507,32454,361961,3220
2022-07-24,San Benito,069,59416,15292,832,16124,98
2022-07-24,San Bernardino,071,2135413,638488,28501,666989,7958
2022-07-24,San Diego,073,3302833,879015,66540,945555,5468
2022-07-24,San Francisco,075,870044,169137,11311,180448,973
2022-07-24,San Joaquin,077,732212,188126,13117,201243,2294
2022-07-24,San Luis Obispo,079,281455,60458,6336,66794,511
2022-07-24,San Mateo,081,765935,159575,9897,169472,739
2022-07-24,Santa Barbara,083,443738,99839,6026,105865,714
2022-07-24,Santa Clara,085,1922200,410673,17632,428305,2449
2022-07-24,Santa Cruz,087,273765,59166,3101,62267,268
2022-07-24,Shasta,089,179085,33485,6897,40382,582
2022-07-24,Sierra,091,2930,293,58,351,4
2022-07-24,Siskiyou,093,43540,4917,3137,8054,86
2022-07-24,Solano,095,438530,99821,7286,107107,455
2022-07-24,Sonoma,097,501317,101770,4812,106582,507
2022-07-24,Stanislaus,099,539301,131025,20186,151211,1736
2022-07-24,Sutter,101,95872,22821,2364,25185,228
2022-07-24,Tehama,103,63373,13094,2875,15969,212
2022-07-24,Trinity,105,12862,1341,339,1680,20
2022-07-24,Tulare,107,460477,116533,32527,149060,1521
2022-07-24,Tuolumne,109,53932,14751,864,15615,196
2022-07-24,Ventura,111,848112,198114,13727,211841,1546
2022-07-24,Yolo,113,214977,45517,3860,49377,379
2022-07-24,Yuba,115,75493,17887,1543,19430,129
2022-07-23,Alameda,001,1643700,326926,18126,345052,1942
2022-07-23,Alpine,002,1148,130,1,131,0
2022-07-23,Amador,005,37829,9576,833,10409,87
2022-07-23,Butte,007,227075,37379,8388,45767,452
2022-07-23,Calaveras,009,45235,8117,468,8585,131
2022-07-23,Colusa,011,21464,3656,1191,4847,22
2022-07-23,Contra Costa,013,1133247,237504,18952,256456,1400
2022-07-23,Del Norte,015,27424,7120,363,7483,53
2022-07-23,El Dorado,017,186661,30927,3966,34893,229
2022-07-23,Fresno,019,978130,264226,28866,293092,2818
2022-07-23,Glenn,021,27897,5359,1779,7138,56
2022-07-23,Humboldt,023,135768,20457,4324,24781,156
2022-07-23,Imperial,025,180216,62425,13710,76135,952
2022-07-23,Inyo,027,18085,4389,780,5169,57
2022-07-23,Kern,029,883053,210578,56045,266623,2384
2022-07-23,Kings,031,150075,56471,3841,60312,458
2022-07-23,Lake,033,64148,12056,1079,13135,142
2022-07-23,Lassen,035,31185,9527,953,10480,63
2022-07-23,Los Angeles,037,10098052,3121319,161486,3282805,32671
2022-07-23,Madera,039,155013,41511,7335,48846,372
2022-07-23,Marin,041,260295,34337,4782,39119,251
2022-07-23,Mariposa,043,17540,2942,306,3248,29
2022-07-23,Mendocino,045,87422,15129,4056,19185,133
2022-07-23,Merced,047,269075,69959,10643,80602,842
2022-07-23,Modoc,049,8938,839,307,1146,11
2022-07-23,Mono,051,14174,3158,218,3376,7
2022-07-23,Monterey,053,433212,89852,18524,108376,758
2022-07-23,Napa,055,140530,30822,1325,32147,155
2022-07-23,Nevada,057,99092,18178,1646,19824,135
2022-07-23,Orange,059,3164182,635945,56609,692554,7318
2022-07-23,Placer,061,380077,72451,9105,81556,649
2022-07-23,Plumas,063,18699,3483,424,3907,13
2022-07-23,Riverside,065,2383286,661746,32542,694288,6557
2022-07-23,Sacramento,067,1510023,329232,32435,361667,3216
2022-07-23,San Benito,069,59416,15284,823,16107,98
2022-07-23,San Bernardino,071,2135413,637858,28458,666316,7954
2022-07-23,San Diego,073,3302833,878190,66480,944670,5464
2022-07-23,San Francisco,075,870044,168945,11295,180240,972
2022-07-23,San Joaquin,077,732212,187970,13094,201064,2294
2022-07-23,San Luis Obispo,079,281455,60429,6325,66754,511
2022-07-23,San Mateo,081,765935,159395,9884,169279,739
2022-07-23,Santa Barbara,083,443738,99740,5995,105735,713
2022-07-23,Santa Clara,085,1922200,410059,17607,427666,2447
2022-07-23,Santa Cruz,087,273765,59115,3089,62204,268
2022-07-23,Shasta,089,179085,33446,6891,40337,582
2022-07-23,Sierra,091,2930,293,58,351,4
2022-07-23,Siskiyou,093,43540,4915,3135,8050,86
2022-07-23,Solano,095,438530,99753,7280,107033,455
2022-07-23,Sonoma,097,501317,101682,4802,106484,507
2022-07-23,Stanislaus,099,539301,130894,20150,151044,1735
2022-07-23,Sutter,101,95872,22800,2364,25164,228
2022-07-23,Tehama,103,63373,13080,2872,15952,212
2022-07-23,Trinity,105,12862,1341,338,1679,20
2022-07-23,Tulare,107,460477,116416,32458,148874,1521
2022-07-23,Tuolumne,109,53932,14728,864,15592,195
2022-07-23,Ventura,111,848112,197929,13692,211621,1546
2022-07-23,Yolo,113,214977,45481,3852,49333,379
2022-07-23,Yuba,115,75493,17874,1539,19413,129
2022-07-22,Alameda,001,1643700,326512,18097,344609,1940
2022-07-22,Alpine,002,1148,130,1,131,0
2022-07-22,Amador,005,37829,9570,832,10402,87
2022-07-22,Butte,007,227075,37344,8372,45716,452
2022-07-22,Calaveras,009,45235,8108,468,8576,131
2022-07-22,Colusa,011,21464,3655,1187,4842,22
2022-07-22,Contra Costa,013,1133247,237210,18915,256125,1400
2022-07-22,Del Norte,015,27424,7113,363,7476,53
2022-07-22,El Dorado,017,186661,30898,3961,34859,228
2022-07-22,Fresno,019,978130,263942,28813,292755,2817
2022-07-22,Glenn,021,27897,5355,1778,7133,56
2022-07-22,Humboldt,023,135768,20433,4314,24747,155
2022-07-22,Imperial,025,180216,62334,13678,76012,951
2022-07-22,Inyo,027,18085,4389,773,5162,57
2022-07-22,Kern,029,883053,210369,55896,266265,2383
2022-07-22,Kings,031,150075,56435,3840,60275,458
2022-07-22,Lake,033,64148,12042,1077,13119,142
2022-07-22,Lassen,035,31185,9527,953,10480,63
2022-07-22,Los Angeles,037,10098052,3117782,161037,3278819,32657
2022-07-22,Madera,039,155013,41468,7324,48792,372
2022-07-22,Marin,041,260295,34282,4774,39056,250
2022-07-22,Mariposa,043,17540,2940,306,3246,29
2022-07-22,Mendocino,045,87422,15105,4048,19153,133
2022-07-22,Merced,047,269075,69889,10631,80520,842
2022-07-22,Modoc,049,8938,839,307,1146,11
2022-07-22,Mono,051,14174,3157,217,3374,7
2022-07-22,Monterey,053,433212,89762,18490,108252,758
2022-07-22,Napa,055,140530,30790,1325,32115,154
2022-07-22,Nevada,057,99092,18166,1639,19805,135
2022-07-22,Orange,059,3164182,635166,56451,691617,7313
2022-07-22,Placer,061,380077,72405,9097,81502,649
2022-07-22,Plumas,063,18699,3482,424,3906,13
2022-07-22,Riverside,065,2383286,661002,32478,693480,6554
2022-07-22,Sacramento,067,1510023,328875,32410,361285,3216
2022-07-22,San Benito,069,59416,15274,823,16097,98
2022-07-22,San Bernardino,071,2135413,637232,28413,665645,7953
2022-07-22,San Diego,073,3302833,877109,66341,943450,5463
2022-07-22,San Francisco,075,870044,168751,11266,180017,971
2022-07-22,San Joaquin,077,732212,187809,13062,200871,2294
2022-07-22,San Luis Obispo,079,281455,60374,6313,66687,511
2022-07-22,San Mateo,081,765935,159163,9872,169035,739
2022-07-22,Santa Barbara,083,443738,99638,5989,105627,713
2022-07-22,Santa Clara,085,1922200,409406,17581,426987,2447
2022-07-22,Santa Cruz,087,273765,59009,3081,62090,268
2022-07-22,Shasta,089,179085,33415,6886,40301,582
2022-07-22,Sierra,091,2930,293,58,351,4
2022-07-22,Siskiyou,093,43540,4912,3132,8044,86
2022-07-22,Solano,095,438530,99615,7266,106881,455
2022-07-22,Sonoma,097,501317,101575,4785,106360,507
2022-07-22,Stanislaus,099,539301,130764,20125,150889,1734
2022-07-22,Sutter,101,95872,22776,2363,25139,228
2022-07-22,Tehama,103,63373,13071,2870,15941,212
2022-07-22,Trinity,105,12862,1339,337,1676,20
2022-07-22,Tulare,107,460477,116302,32401,148703,1521
2022-07-22,Tuolumne,109,53932,14704,860,15564,195
2022-07-22,Ventura,111,848112,197742,13658,211400,1545
2022-07-22,Yolo,113,214977,45427,3835,49262,379
2022-07-22,Yuba,115,75493,17860,1537,19397,129
2022-07-21,Alameda,001,1643700,325830,18049,343879,1939
2022-07-21,Alpine,002,1148,130,1,131,0
2022-07-21,Amador,005,37829,9563,830,10393,87
2022-07-21,Butte,007,227075,37304,8352,45656,452
2022-07-21,Calaveras,009,45235,8093,466,8559,130
2022-07-21,Colusa,011,21464,3651,1185,4836,22
2022-07-21,Contra Costa,013,1133247,236827,18857,255684,1399
2022-07-21,Del Norte,015,27424,7103,363,7466,53
2022-07-21,El Dorado,017,186661,30847,3958,34805,228
2022-07-21,Fresno,019,978130,263467,28726,292193,2817
2022-07-21,Glenn,021,27897,5349,1778,7127,56
2022-07-21,Humboldt,023,135768,20402,4291,24693,155
2022-07-21,Imperial,025,180216,62221,13582,75803,951
2022-07-21,Inyo,027,18085,4385,766,5151,57
2022-07-21,Kern,029,883053,210093,55713,265806,2383
2022-07-21,Kings,031,150075,56362,3827,60189,457
2022-07-21,Lake,033,64148,12029,1074,13103,142
2022-07-21,Lassen,035,31185,9524,953,10477,63
2022-07-21,Los Angeles,037,10098052,3112160,160426,3272586,32636
2022-07-21,Madera,039,155013,41390,7302,48692,372
2022-07-21,Marin,041,260295,34217,4770,38987,250
2022-07-21,Mariposa,043,17540,2936,305,3241,29
2022-07-21,Mendocino,045,87422,15079,4042,19121,133
2022-07-21,Merced,047,269075,69784,10606,80390,842
2022-07-21,Modoc,049,8938,837,307,1144,11
2022-07-21,Mono,051,14174,3153,216,3369,7
2022-07-21,Monterey,053,433212,89638,18416,108054,758
2022-07-21,Napa,055,140530,30745,1325,32070,154
2022-07-21,Nevada,057,99092,18147,1633,19780,135
2022-07-21,Orange,059,3164182,634030,56219,690249,7308
2022-07-21,Placer,061,380077,72298,9074,81372,649
2022-07-21,Plumas,063,18699,3481,424,3905,13
2022-07-21,Riverside,065,2383286,659939,32404,692343,6552
2022-07-21,Sacramento,067,1510023,328362,32367,360729,3214
2022-07-21,San Benito,069,59416,15232,820,16052,98
2022-07-21,San Bernardino,071,2135413,636206,28348,664554,7951
2022-07-21,San Diego,073,3302833,875430,66146,941576,5461
2022-07-21,San Francisco,075,870044,168395,11214,179609,970
2022-07-21,San Joaquin,077,732212,187554,13014,200568,2293
2022-07-21,San Luis Obispo,079,281455,60317,6283,66600,511
2022-07-21,San Mateo,081,765935,158860,9857,168717,738
2022-07-21,Santa Barbara,083,443738,99477,5969,105446,713
2022-07-21,Santa Clara,085,1922200,408602,17543,426145,2443
2022-07-21,Santa Cruz,087,273765,58891,3066,61957,268
2022-07-21,Shasta,089,179085,33366,6872,40238,582
2022-07-21,Sierra,091,2930,293,58,351,4
2022-07-21,Siskiyou,093,43540,4906,3126,8032,86
2022-07-21,Solano,095,438530,99466,7258,106724,455
2022-07-21,Sonoma,097,501317,101431,4771,106202,507
2022-07-21,Stanislaus,099,539301,130574,20101,150675,1733
2022-07-21,Sutter,101,95872,22749,2361,25110,228
2022-07-21,Tehama,103,63373,13054,2859,15913,212
2022-07-21,Trinity,105,12862,1335,337,1672,20
2022-07-21,Tulare,107,460477,116142,32328,148470,1521
2022-07-21,Tuolumne,109,53932,14671,857,15528,195
2022-07-21,Ventura,111,848112,197416,13568,210984,1545
2022-07-21,Yolo,113,214977,45365,3822,49187,377
2022-07-21,Yuba,115,75493,17831,1534,19365,129
2022-07-20,Alameda,001,1643700,325149,18006,343155,1939
2022-07-20,Alpine,002,1148,130,1,131,0
2022-07-20,Amador,005,37829,9545,828,10373,87
2022-07-20,Butte,007,227075,37255,8332,45587,452
2022-07-20,Calaveras,009,45235,8084,465,8549,129
2022-07-20,Colusa,011,21464,3647,1183,4830,22
2022-07-20,Contra Costa,013,1133247,236428,18808,255236,1398
2022-07-20,Del Norte,015,27424,7094,363,7457,53
2022-07-20,El Dorado,017,186661,30816,3948,34764,228
2022-07-20,Fresno,019,978130,262948,28649,291597,2817
2022-07-20,Glenn,021,27897,5345,1775,7120,56
2022-07-20,Humboldt,023,135768,20363,4273,24636,155
2022-07-20,Imperial,025,180216,62076,13488,75564,951
2022-07-20,Inyo,027,18085,4383,761,5144,57
2022-07-20,Kern,029,883053,209793,55524,265317,2383
2022-07-20,Kings,031,150075,56277,3816,60093,457
2022-07-20,Lake,033,64148,12008,1069,13077,142
2022-07-20,Lassen,035,31185,9515,953,10468,63
2022-07-20,Los Angeles,037,10098052,3106549,159803,3266352,32621
2022-07-20,Madera,039,155013,41318,7282,48600,371
2022-07-20,Marin,041,260295,34137,4763,38900,249
2022-07-20,Mariposa,043,17540,2921,303,3224,29
2022-07-20,Mendocino,045,87422,15064,4030,19094,133
2022-07-20,Merced,047,269075,69684,10582,80266,842
2022-07-20,Modoc,049,8938,836,306,1142,11
2022-07-20,Mono,051,14174,3150,213,3363,7
2022-07-20,Monterey,053,433212,89500,18335,107835,758
2022-07-20,Napa,055,140530,30707,1322,32029,154
2022-07-20,Nevada,057,99092,18121,1627,19748,135
2022-07-20,Orange,059,3164182,632749,55976,688725,7302
2022-07-20,Placer,061,380077,72216,9056,81272,649
2022-07-20,Plumas,063,18699,3475,423,3898,13
2022-07-20,Riverside,065,2383286,658838,32305,691143,6551
2022-07-20,Sacramento,067,1510023,327813,32313,360126,3212
2022-07-20,San Benito,069,59416,15200,817,16017,98
2022-07-20,San Bernardino,071,2135413,635160,28284,663444,7946
2022-07-20,San Diego,073,3302833,873603,65962,939565,5460
2022-07-20,San Francisco,075,870044,168066,11196,179262,967
2022-07-20,San Joaquin,077,732212,187266,12957,200223,2293
2022-07-20,San Luis Obispo,079,281455,60247,6254,66501,511
2022-07-20,San Mateo,081,765935,158561,9837,168398,738
2022-07-20,Santa Barbara,083,443738,99297,5942,105239,713
2022-07-20,Santa Clara,085,1922200,407796,17505,425301,2441
2022-07-20,Santa Cruz,087,273765,58778,3053,61831,268
2022-07-20,Shasta,089,179085,33325,6865,40190,582
2022-07-20,Sierra,091,2930,293,58,351,4
2022-07-20,Siskiyou,093,43540,4894,3120,8014,86
2022-07-20,Solano,095,438530,99295,7236,106531,455
2022-07-20,Sonoma,097,501317,101243,4758,106001,507
2022-07-20,Stanislaus,099,539301,130407,20057,150464,1732
2022-07-20,Sutter,101,95872,22714,2358,25072,228
2022-07-20,Tehama,103,63373,13038,2855,15893,212
2022-07-20,Trinity,105,12862,1335,336,1671,20
2022-07-20,Tulare,107,460477,115957,32217,148174,1521
2022-07-20,Tuolumne,109,53932,14645,856,15501,195
2022-07-20,Ventura,111,848112,197097,13495,210592,1544
2022-07-20,Yolo,113,214977,45309,3811,49120,376
2022-07-20,Yuba,115,75493,17807,1533,19340,129
2022-07-19,Alameda,001,1643700,324474,17982,342456,1937
2022-07-19,Alpine,002,1148,130,1,131,0
2022-07-19,Amador,005,37829,9533,824,10357,87
2022-07-19,Butte,007,227075,37202,8318,45520,452
2022-07-19,Calaveras,009,45235,8074,465,8539,129
2022-07-19,Colusa,011,21464,3644,1179,4823,22
2022-07-19,Contra Costa,013,1133247,235978,18751,254729,1398
2022-07-19,Del Norte,015,27424,7086,362,7448,53
2022-07-19,El Dorado,017,186661,30773,3939,34712,228
2022-07-19,Fresno,019,978130,262339,28552,290891,2817
2022-07-19,Glenn,021,27897,5338,1774,7112,56
2022-07-19,Humboldt,023,135768,20328,4259,24587,154
2022-07-19,Imperial,025,180216,61942,13398,75340,951
2022-07-19,Inyo,027,18085,4381,759,5140,57
2022-07-19,Kern,029,883053,209513,55331,264844,2383
2022-07-19,Kings,031,150075,56174,3797,59971,457
2022-07-19,Lake,033,64148,11987,1061,13048,142
2022-07-19,Lassen,035,31185,9507,953,10460,63
2022-07-19,Los Angeles,037,10098052,3100372,159096,3259468,32605
2022-07-19,Madera,039,155013,41239,7259,48498,371
2022-07-19,Marin,041,260295,34074,4750,38824,249
2022-07-19,Mariposa,043,17540,2916,302,3218,29
2022-07-19,Mendocino,045,87422,15032,4019,19051,133
2022-07-19,Merced,047,269075,69579,10550,80129,841
2022-07-19,Modoc,049,8938,835,306,1141,11
2022-07-19,Mono,051,14174,3146,213,3359,7
2022-07-19,Monterey,053,433212,89349,18255,107604,758
2022-07-19,Napa,055,140530,30651,1318,31969,152
2022-07-19,Nevada,057,99092,18107,1620,19727,134
2022-07-19,Orange,059,3164182,631448,55726,687174,7294
2022-07-19,Placer,061,380077,72128,9039,81167,646
2022-07-19,Plumas,063,18699,3469,421,3890,13
2022-07-19,Riverside,065,2383286,657526,32210,689736,6549
2022-07-19,Sacramento,067,1510023,327181,32271,359452,3208
2022-07-19,San Benito,069,59416,15156,815,15971,98
2022-07-19,San Bernardino,071,2135413,634039,28211,662250,7939
2022-07-19,San Diego,073,3302833,871513,65716,937229,5457
2022-07-19,San Francisco,075,870044,167715,11177,178892,966
2022-07-19,San Joaquin,077,732212,186983,12895,199878,2292
2022-07-19,San Luis Obispo,079,281455,60163,6216,66379,507
2022-07-19,San Mateo,081,765935,158263,9814,168077,738
2022-07-19,Santa Barbara,083,443738,99086,5920,105006,713
2022-07-19,Santa Clara,085,1922200,406845,17453,424298,2439
2022-07-19,Santa Cruz,087,273765,58655,3038,61693,268
2022-07-19,Shasta,089,179085,33293,6851,40144,581
2022-07-19,Sierra,091,2930,293,58,351,4
2022-07-19,Siskiyou,093,43540,4889,3113,8002,86
2022-07-19,Solano,095,438530,99069,7209,106278,455
2022-07-19,Sonoma,097,501317,101086,4730,105816,507
2022-07-19,Stanislaus,099,539301,130164,20024,150188,1730
2022-07-19,Sutter,101,95872,22684,2355,25039,228
2022-07-19,Tehama,103,63373,13024,2848,15872,212
2022-07-19,Trinity,105,12862,1332,335,1667,20
2022-07-19,Tulare,107,460477,115770,32110,147880,1520
2022-07-19,Tuolumne,109,53932,14621,847,15468,195
2022-07-19,Ventura,111,848112,196752,13417,210169,1542
2022-07-19,Yolo,113,214977,45249,3801,49050,376
2022-07-19,Yuba,115,75493,17774,1532,19306,129
2022-07-18,Alameda,001,1643700,323733,17950,341683,1935
2022-07-18,Alpine,002,1148,130,1,131,0
2022-07-18,Amador,005,37829,9518,824,10342,87
2022-07-18,Butte,007,227075,37132,8305,45437,452
2022-07-18,Calaveras,009,45235,8063,462,8525,129
2022-07-18,Colusa,011,21464,3641,1173,4814,22
2022-07-18,Contra Costa,013,1133247,235511,18681,254192,1395
2022-07-18,Del Norte,015,27424,7075,360,7435,53
2022-07-18,El Dorado,017,186661,30721,3930,34651,228
2022-07-18,Fresno,019,978130,261747,28470,290217,2814
2022-07-18,Glenn,021,27897,5336,1774,7110,56
2022-07-18,Humboldt,023,135768,20287,4239,24526,154
2022-07-18,Imperial,025,180216,61777,13301,75078,951
2022-07-18,Inyo,027,18085,4377,758,5135,57
2022-07-18,Kern,029,883053,209196,55078,264274,2382
2022-07-18,Kings,031,150075,56067,3789,59856,457
2022-07-18,Lake,033,64148,11965,1055,13020,142
2022-07-18,Lassen,035,31185,9503,952,10455,63
2022-07-18,Los Angeles,037,10098052,3093529,158430,3251959,32589
2022-07-18,Madera,039,155013,41133,7231,48364,371
2022-07-18,Marin,041,260295,33993,4740,38733,249
2022-07-18,Mariposa,043,17540,2908,301,3209,29
2022-07-18,Mendocino,045,87422,15003,4008,19011,133
2022-07-18,Merced,047,269075,69457,10524,79981,841
2022-07-18,Modoc,049,8938,834,306,1140,10
2022-07-18,Mono,051,14174,3145,213,3358,7
2022-07-18,Monterey,053,433212,89185,18177,107362,757
2022-07-18,Napa,055,140530,30611,1315,31926,152
2022-07-18,Nevada,057,99092,18093,1608,19701,134
2022-07-18,Orange,059,3164182,629955,55460,685415,7290
2022-07-18,Placer,061,380077,72041,9023,81064,646
2022-07-18,Plumas,063,18699,3460,420,3880,13
2022-07-18,Riverside,065,2383286,656238,32100,688338,6547
2022-07-18,Sacramento,067,1510023,326559,32213,358772,3205
2022-07-18,San Benito,069,59416,15115,810,15925,98
2022-07-18,San Bernardino,071,2135413,632776,28139,660915,7934
2022-07-18,San Diego,073,3302833,869195,65446,934641,5455
2022-07-18,San Francisco,075,870044,167295,11152,178447,966
2022-07-18,San Joaquin,077,732212,186649,12836,199485,2290
2022-07-18,San Luis Obispo,079,281455,60066,6191,66257,507
2022-07-18,San Mateo,081,765935,157888,9794,167682,738
2022-07-18,Santa Barbara,083,443738,98888,5899,104787,711
2022-07-18,Santa Clara,085,1922200,405865,17401,423266,2435
2022-07-18,Santa Cruz,087,273765,58506,3026,61532,268
2022-07-18,Shasta,089,179085,33244,6835,40079,581
2022-07-18,Sierra,091,2930,293,58,351,4
2022-07-18,Siskiyou,093,43540,4885,3106,7991,86
2022-07-18,Solano,095,438530,98834,7188,106022,455
2022-07-18,Sonoma,097,501317,100907,4712,105619,507
2022-07-18,Stanislaus,099,539301,129941,19985,149926,1729
2022-07-18,Sutter,101,95872,22650,2355,25005,228
2022-07-18,Tehama,103,63373,13003,2848,15851,212
2022-07-18,Trinity,105,12862,1330,334,1664,20
2022-07-18,Tulare,107,460477,115576,32022,147598,1520
2022-07-18,Tuolumne,109,53932,14585,845,15430,195
2022-07-18,Ventura,111,848112,196369,13344,209713,1541
2022-07-18,Yolo,113,214977,45179,3790,48969,376
2022-07-18,Yuba,115,75493,17739,1523,19262,129
2022-07-17,Alameda,001,1643700,322829,17893,340722,1933
2022-07-17,Alpine,002,1148,130,1,131,0
2022-07-17,Amador,005,37829,9509,820,10329,87
2022-07-17,Butte,007,227075,37071,8283,45354,452
2022-07-17,Calaveras,009,45235,8047,452,8499,129
2022-07-17,Colusa,011,21464,3635,1167,4802,22
2022-07-17,Contra Costa,013,1133247,234948,18607,253555,1394
2022-07-17,Del Norte,015,27424,7048,358,7406,53
2022-07-17,El Dorado,017,186661,30673,3916,34589,228
2022-07-17,Fresno,019,978130,261047,28360,289407,2813
2022-07-17,Glenn,021,27897,5330,1772,7102,56
2022-07-17,Humboldt,023,135768,20231,4222,24453,154
2022-07-17,Imperial,025,180216,61581,13155,74736,951
2022-07-17,Inyo,027,18085,4367,754,5121,57
2022-07-17,Kern,029,883053,208694,54848,263542,2381
2022-07-17,Kings,031,150075,55929,3766,59695,456
2022-07-17,Lake,033,64148,11933,1051,12984,142
2022-07-17,Lassen,035,31185,9477,948,10425,63
2022-07-17,Los Angeles,037,10098052,3086207,157634,3243841,32574
2022-07-17,Madera,039,155013,41023,7186,48209,371
2022-07-17,Marin,041,260295,33895,4733,38628,249
2022-07-17,Mariposa,043,17540,2901,301,3202,29
2022-07-17,Mendocino,045,87422,14963,3990,18953,133
2022-07-17,Merced,047,269075,69321,10484,79805,841
2022-07-17,Modoc,049,8938,831,306,1137,10
2022-07-17,Mono,051,14174,3143,209,3352,7
2022-07-17,Monterey,053,433212,88992,18107,107099,757
2022-07-17,Napa,055,140530,30552,1314,31866,150
2022-07-17,Nevada,057,99092,18066,1600,19666,134
2022-07-17,Orange,059,3164182,628359,55179,683538,7287
2022-07-17,Placer,061,380077,71952,9004,80956,646
2022-07-17,Plumas,063,18699,3445,420,3865,13
2022-07-17,Riverside,065,2383286,654773,31984,686757,6546
2022-07-17,Sacramento,067,1510023,325891,32154,358045,3203
2022-07-17,San Benito,069,59416,15089,804,15893,97
2022-07-17,San Bernardino,071,2135413,631340,28030,659370,7933
2022-07-17,San Diego,073,3302833,866820,65243,932063,5449
2022-07-17,San Francisco,075,870044,166831,11108,177939,965
2022-07-17,San Joaquin,077,732212,186272,12756,199028,2290
2022-07-17,San Luis Obispo,079,281455,59948,6152,66100,507
2022-07-17,San Mateo,081,765935,157516,9773,167289,738
2022-07-17,Santa Barbara,083,443738,98619,5872,104491,711
2022-07-17,Santa Clara,085,1922200,404803,17346,422149,2431
2022-07-17,Santa Cruz,087,273765,58309,3008,61317,268
2022-07-17,Shasta,089,179085,33191,6809,40000,581
2022-07-17,Sierra,091,2930,293,58,351,4
2022-07-17,Siskiyou,093,43540,4879,3092,7971,86
2022-07-17,Solano,095,438530,98632,7163,105795,455
2022-07-17,Sonoma,097,501317,100713,4694,105407,507
2022-07-17,Stanislaus,099,539301,129674,19948,149622,1728
2022-07-17,Sutter,101,95872,22597,2352,24949,228
2022-07-17,Tehama,103,63373,12979,2840,15819,211
2022-07-17,Trinity,105,12862,1327,332,1659,20
2022-07-17,Tulare,107,460477,115352,31929,147281,1520
2022-07-17,Tuolumne,109,53932,14552,837,15389,195
2022-07-17,Ventura,111,848112,195911,13227,209138,1541
2022-07-17,Yolo,113,214977,45103,3773,48876,376
2022-07-17,Yuba,115,75493,17699,1513,19212,129
2022-07-16,Alameda,001,1643700,322411,17875,340286,1932
2022-07-16,Alpine,002,1148,130,1,131,0
2022-07-16,Amador,005,37829,9501,820,10321,87
2022-07-16,Butte,007,227075,37050,8268,45318,452
2022-07-16,Calaveras,009,45235,8042,446,8488,129
2022-07-16,Colusa,011,21464,3631,1163,4794,22
2022-07-16,Contra Costa,013,1133247,234639,18555,253194,1394
2022-07-16,Del Norte,015,27424,7037,358,7395,53
2022-07-16,El Dorado,017,186661,30652,3914,34566,228
2022-07-16,Fresno,019,978130,260757,28314,289071,2813
2022-07-16,Glenn,021,27897,5325,1769,7094,56
2022-07-16,Humboldt,023,135768,20200,4210,24410,154
2022-07-16,Imperial,025,180216,61496,13111,74607,951
2022-07-16,Inyo,027,18085,4366,753,5119,57
2022-07-16,Kern,029,883053,208519,54681,263200,2380
2022-07-16,Kings,031,150075,55889,3762,59651,456
2022-07-16,Lake,033,64148,11917,1051,12968,142
2022-07-16,Lassen,035,31185,9475,947,10422,63
2022-07-16,Los Angeles,037,10098052,3082731,157156,3239887,32544
2022-07-16,Madera,039,155013,40980,7173,48153,371
2022-07-16,Marin,041,260295,33859,4726,38585,249
2022-07-16,Mariposa,043,17540,2899,301,3200,29
2022-07-16,Mendocino,045,87422,14955,3987,18942,133
2022-07-16,Merced,047,269075,69232,10473,79705,841
2022-07-16,Modoc,049,8938,831,306,1137,10
2022-07-16,Mono,051,14174,3142,208,3350,7
2022-07-16,Monterey,053,433212,88898,18065,106963,756
2022-07-16,Napa,055,140530,30523,1312,31835,150
2022-07-16,Nevada,057,99092,18052,1593,19645,134
2022-07-16,Orange,059,3164182,627620,55021,682641,7283
2022-07-16,Placer,061,380077,71867,8988,80855,646
2022-07-16,Plumas,063,18699,3441,419,3860,13
2022-07-16,Riverside,065,2383286,653983,31933,685916,6544
2022-07-16,Sacramento,067,1510023,325618,32138,357756,3202
2022-07-16,San Benito,069,59416,15072,800,15872,97
2022-07-16,San Bernardino,071,2135413,630594,27968,658562,7931
2022-07-16,San Diego,073,3302833,865908,65159,931067,5447
2022-07-16,San Francisco,075,870044,166647,11092,177739,962
2022-07-16,San Joaquin,077,732212,186113,12726,198839,2290
2022-07-16,San Luis Obispo,079,281455,59920,6132,66052,507
2022-07-16,San Mateo,081,765935,157274,9763,167037,738
2022-07-16,Santa Barbara,083,443738,98503,5852,104355,711
2022-07-16,Santa Clara,085,1922200,404133,17320,421453,2431
2022-07-16,Santa Cruz,087,273765,58237,3003,61240,268
2022-07-16,Shasta,089,179085,33171,6805,39976,581
2022-07-16,Sierra,091,2930,293,58,351,4
2022-07-16,Siskiyou,093,43540,4878,3087,7965,86
2022-07-16,Solano,095,438530,98557,7146,105703,455
2022-07-16,Sonoma,097,501317,100625,4683,105308,507
2022-07-16,Stanislaus,099,539301,129543,19914,149457,1727
2022-07-16,Sutter,101,95872,22574,2351,24925,228
2022-07-16,Tehama,103,63373,12970,2835,15805,211
2022-07-16,Trinity,105,12862,1325,332,1657,20
2022-07-16,Tulare,107,460477,115244,31869,147113,1520
2022-07-16,Tuolumne,109,53932,14528,837,15365,195
2022-07-16,Ventura,111,848112,195685,13187,208872,1540
2022-07-16,Yolo,113,214977,45057,3760,48817,376
2022-07-16,Yuba,115,75493,17675,1513,19188,129
2022-07-15,Alameda,001,1643700,321948,17840,339788,1930
2022-07-15,Alpine,002,1148,130,1,131,0
2022-07-15,Amador,005,37829,9498,819,10317,87
2022-07-15,Butte,007,227075,37011,8263,45274,452
2022-07-15,Calaveras,009,45235,8036,442,8478,129
2022-07-15,Colusa,011,21464,3629,1161,4790,22
2022-07-15,Contra Costa,013,1133247,234362,18504,252866,1393
2022-07-15,Del Norte,015,27424,7026,355,7381,53
2022-07-15,El Dorado,017,186661,30624,3911,34535,228
2022-07-15,Fresno,019,978130,260360,28250,288610,2809
2022-07-15,Glenn,021,27897,5322,1766,7088,56
2022-07-15,Humboldt,023,135768,20176,4198,24374,154
2022-07-15,Imperial,025,180216,61423,13070,74493,951
2022-07-15,Inyo,027,18085,4361,748,5109,57
2022-07-15,Kern,029,883053,208300,54510,262810,2379
2022-07-15,Kings,031,150075,55825,3755,59580,456
2022-07-15,Lake,033,64148,11905,1048,12953,142
2022-07-15,Lassen,035,31185,9473,945,10418,63
2022-07-15,Los Angeles,037,10098052,3078533,156638,3235171,32532
2022-07-15,Madera,039,155013,40917,7154,48071,371
2022-07-15,Marin,041,260295,33799,4715,38514,249
2022-07-15,Mariposa,043,17540,2896,300,3196,29
2022-07-15,Mendocino,045,87422,14931,3982,18913,133
2022-07-15,Merced,047,269075,69168,10461,79629,840
2022-07-15,Modoc,049,8938,830,306,1136,10
2022-07-15,Mono,051,14174,3140,207,3347,7
2022-07-15,Monterey,053,433212,88784,18038,106822,755
2022-07-15,Napa,055,140530,30488,1311,31799,150
2022-07-15,Nevada,057,99092,18040,1591,19631,134
2022-07-15,Orange,059,3164182,626777,54845,681622,7281
2022-07-15,Placer,061,380077,71794,8962,80756,646
2022-07-15,Plumas,063,18699,3434,417,3851,13
2022-07-15,Riverside,065,2383286,653157,31871,685028,6542
2022-07-15,Sacramento,067,1510023,325247,32109,357356,3199
2022-07-15,San Benito,069,59416,15057,800,15857,97
2022-07-15,San Bernardino,071,2135413,629844,27926,657770,7931
2022-07-15,San Diego,073,3302833,864634,64995,929629,5444
2022-07-15,San Francisco,075,870044,166394,11052,177446,961
2022-07-15,San Joaquin,077,732212,185934,12681,198615,2290
2022-07-15,San Luis Obispo,079,281455,59888,6120,66008,507
2022-07-15,San Mateo,081,765935,157036,9746,166782,738
2022-07-15,Santa Barbara,083,443738,98374,5845,104219,711
2022-07-15,Santa Clara,085,1922200,403449,17291,420740,2428
2022-07-15,Santa Cruz,087,273765,58147,2991,61138,268
2022-07-15,Shasta,089,179085,33148,6798,39946,580
2022-07-15,Sierra,091,2930,293,58,351,4
2022-07-15,Siskiyou,093,43540,4878,3085,7963,86
2022-07-15,Solano,095,438530,98408,7134,105542,455
2022-07-15,Sonoma,097,501317,100502,4676,105178,507
2022-07-15,Stanislaus,099,539301,129420,19893,149313,1727
2022-07-15,Sutter,101,95872,22547,2350,24897,228
2022-07-15,Tehama,103,63373,12963,2827,15790,210
2022-07-15,Trinity,105,12862,1321,332,1653,20
2022-07-15,Tulare,107,460477,115093,31784,146877,1520
2022-07-15,Tuolumne,109,53932,14485,834,15319,194
2022-07-15,Ventura,111,848112,195459,13148,208607,1540
2022-07-15,Yolo,113,214977,45011,3750,48761,375
2022-07-15,Yuba,115,75493,17649,1513,19162,129
2022-07-14,Alameda,001,1643700,321182,17779,338961,1930
2022-07-14,Alpine,002,1148,130,1,131,0
2022-07-14,Amador,005,37829,9485,813,10298,87
2022-07-14,Butte,007,227075,36971,8257,45228,452
2022-07-14,Calaveras,009,45235,8029,438,8467,129
2022-07-14,Colusa,011,21464,3629,1159,4788,22
2022-07-14,Contra Costa,013,1133247,233919,18417,252336,1392
2022-07-14,Del Norte,015,27424,7004,354,7358,53
2022-07-14,El Dorado,017,186661,30588,3902,34490,228
2022-07-14,Fresno,019,978130,259822,28153,287975,2807
2022-07-14,Glenn,021,27897,5313,1763,7076,56
2022-07-14,Humboldt,023,135768,20136,4183,24319,154
2022-07-14,Imperial,025,180216,61243,12955,74198,951
2022-07-14,Inyo,027,18085,4359,743,5102,57
2022-07-14,Kern,029,883053,207970,54311,262281,2377
2022-07-14,Kings,031,150075,55730,3744,59474,456
2022-07-14,Lake,033,64148,11889,1046,12935,142
2022-07-14,Lassen,035,31185,9468,944,10412,63
2022-07-14,Los Angeles,037,10098052,3072334,155927,3228261,32516
2022-07-14,Madera,039,155013,40843,7096,47939,371
2022-07-14,Marin,041,260295,33708,4709,38417,249
2022-07-14,Mariposa,043,17540,2890,295,3185,29
2022-07-14,Mendocino,045,87422,14917,3976,18893,133
2022-07-14,Merced,047,269075,69075,10434,79509,840
2022-07-14,Modoc,049,8938,830,306,1136,10
2022-07-14,Mono,051,14174,3139,207,3346,7
2022-07-14,Monterey,053,433212,88667,17961,106628,755
2022-07-14,Napa,055,140530,30444,1307,31751,150
2022-07-14,Nevada,057,99092,18015,1582,19597,134
2022-07-14,Orange,059,3164182,625495,54607,680102,7278
2022-07-14,Placer,061,380077,71684,8941,80625,646
2022-07-14,Plumas,063,18699,3425,416,3841,13
2022-07-14,Riverside,065,2383286,651922,31796,683718,6536
2022-07-14,Sacramento,067,1510023,324694,32059,356753,3199
2022-07-14,San Benito,069,59416,15027,796,15823,97
2022-07-14,San Bernardino,071,2135413,628683,27849,656532,7929
2022-07-14,San Diego,073,3302833,862756,64766,927522,5443
2022-07-14,San Francisco,075,870044,166050,11004,177054,961
2022-07-14,San Joaquin,077,732212,185620,12639,198259,2290
2022-07-14,San Luis Obispo,079,281455,59801,6074,65875,505
2022-07-14,San Mateo,081,765935,156745,9725,166470,738
2022-07-14,Santa Barbara,083,443738,98195,5833,104028,711
2022-07-14,Santa Clara,085,1922200,402590,17248,419838,2426
2022-07-14,Santa Cruz,087,273765,58055,2977,61032,268
2022-07-14,Shasta,089,179085,33100,6786,39886,579
2022-07-14,Sierra,091,2930,293,58,351,4
2022-07-14,Siskiyou,093,43540,4871,3077,7948,86
2022-07-14,Solano,095,438530,98225,7121,105346,455
2022-07-14,Sonoma,097,501317,100367,4653,105020,507
2022-07-14,Stanislaus,099,539301,129213,19859,149072,1725
2022-07-14,Sutter,101,95872,22521,2349,24870,228
2022-07-14,Tehama,103,63373,12941,2822,15763,210
2022-07-14,Trinity,105,12862,1321,328,1649,20
2022-07-14,Tulare,107,460477,114964,31685,146649,1520
2022-07-14,Tuolumne,109,53932,14445,830,15275,194
2022-07-14,Ventura,111,848112,195110,13075,208185,1540
2022-07-14,Yolo,113,214977,44947,3735,48682,374
2022-07-14,Yuba,115,75493,17617,1504,19121,129
2022-07-13,Alameda,001,1643700,320476,17740,338216,1929
2022-07-13,Alpine,002,1148,130,1,131,0
2022-07-13,Amador,005,37829,9474,812,10286,87
2022-07-13,Butte,007,227075,36914,8243,45157,452
2022-07-13,Calaveras,009,45235,8016,437,8453,129
2022-07-13,Colusa,011,21464,3624,1159,4783,22
2022-07-13,Contra Costa,013,1133247,233436,18332,251768,1392
2022-07-13,Del Norte,015,27424,6985,354,7339,53
2022-07-13,El Dorado,017,186661,30539,3896,34435,228
2022-07-13,Fresno,019,978130,259265,28038,287303,2807
2022-07-13,Glenn,021,27897,5309,1762,7071,56
2022-07-13,Humboldt,023,135768,20102,4168,24270,154
2022-07-13,Imperial,025,180216,61087,12875,73962,951
2022-07-13,Inyo,027,18085,4358,738,5096,57
2022-07-13,Kern,029,883053,207554,54076,261630,2376
2022-07-13,Kings,031,150075,55619,3735,59354,456
2022-07-13,Lake,033,64148,11871,1045,12916,142
2022-07-13,Lassen,035,31185,9446,943,10389,63
2022-07-13,Los Angeles,037,10098052,3065648,155224,3220872,32510
2022-07-13,Madera,039,155013,40777,7068,47845,371
2022-07-13,Marin,041,260295,33641,4701,38342,249
2022-07-13,Mariposa,043,17540,2885,294,3179,28
2022-07-13,Mendocino,045,87422,14897,3959,18856,133
2022-07-13,Merced,047,269075,68941,10403,79344,840
2022-07-13,Modoc,049,8938,829,305,1134,10
2022-07-13,Mono,051,14174,3138,203,3341,7
2022-07-13,Monterey,053,433212,88522,17885,106407,752
2022-07-13,Napa,055,140530,30404,1305,31709,150
2022-07-13,Nevada,057,99092,17997,1574,19571,134
2022-07-13,Orange,059,3164182,624098,54355,678453,7270
2022-07-13,Placer,061,380077,71576,8927,80503,645
2022-07-13,Plumas,063,18699,3417,415,3832,13
2022-07-13,Riverside,065,2383286,650712,31699,682411,6535
2022-07-13,Sacramento,067,1510023,324162,32012,356174,3195
2022-07-13,San Benito,069,59416,15000,790,15790,97
2022-07-13,San Bernardino,071,2135413,627498,27753,655251,7928
2022-07-13,San Diego,073,3302833,860853,64535,925388,5442
2022-07-13,San Francisco,075,870044,165642,10976,176618,958
2022-07-13,San Joaquin,077,732212,185291,12595,197886,2289
2022-07-13,San Luis Obispo,079,281455,59695,6026,65721,504
2022-07-13,San Mateo,081,765935,156402,9708,166110,738
2022-07-13,Santa Barbara,083,443738,98015,5820,103835,711
2022-07-13,Santa Clara,085,1922200,401699,17208,418907,2426
2022-07-13,Santa Cruz,087,273765,57919,2970,60889,267
2022-07-13,Shasta,089,179085,33043,6771,39814,579
2022-07-13,Sierra,091,2930,293,58,351,4
2022-07-13,Siskiyou,093,43540,4866,3075,7941,86
2022-07-13,Solano,095,438530,98018,7095,105113,455
2022-07-13,Sonoma,097,501317,100209,4636,104845,507
2022-07-13,Stanislaus,099,539301,129016,19801,148817,1725
2022-07-13,Sutter,101,95872,22474,2347,24821,228
2022-07-13,Tehama,103,63373,12928,2819,15747,210
2022-07-13,Trinity,105,12862,1320,326,1646,20
2022-07-13,Tulare,107,460477,114770,31591,146361,1520
2022-07-13,Tuolumne,109,53932,14420,825,15245,193
2022-07-13,Ventura,111,848112,194773,12992,207765,1539
2022-07-13,Yolo,113,214977,44886,3725,48611,373
2022-07-13,Yuba,115,75493,17590,1496,19086,129
2022-07-12,Alameda,001,1643700,319704,17696,337400,1929
2022-07-12,Alpine,002,1148,130,1,131,0
2022-07-12,Amador,005,37829,9441,805,10246,87
2022-07-12,Butte,007,227075,36857,8224,45081,452
2022-07-12,Calaveras,009,45235,8001,435,8436,129
2022-07-12,Colusa,011,21464,3622,1156,4778,22
2022-07-12,Contra Costa,013,1133247,232931,18256,251187,1392
2022-07-12,Del Norte,015,27424,6938,351,7289,53
2022-07-12,El Dorado,017,186661,30499,3890,34389,228
2022-07-12,Fresno,019,978130,258717,27947,286664,2806
2022-07-12,Glenn,021,27897,5305,1758,7063,56
2022-07-12,Humboldt,023,135768,20051,4151,24202,154
2022-07-12,Imperial,025,180216,60911,12775,73686,951
2022-07-12,Inyo,027,18085,4350,738,5088,57
2022-07-12,Kern,029,883053,207216,53866,261082,2373
2022-07-12,Kings,031,150075,55509,3725,59234,456
2022-07-12,Lake,033,64148,11859,1040,12899,142
2022-07-12,Lassen,035,31185,9432,937,10369,63
2022-07-12,Los Angeles,037,10098052,3058830,154529,3213359,32498
2022-07-12,Madera,039,155013,40691,7053,47744,371
2022-07-12,Marin,041,260295,33566,4692,38258,249
2022-07-12,Mariposa,043,17540,2874,294,3168,28
2022-07-12,Mendocino,045,87422,14857,3935,18792,133
2022-07-12,Merced,047,269075,68830,10371,79201,840
2022-07-12,Modoc,049,8938,827,302,1129,10
2022-07-12,Mono,051,14174,3135,203,3338,7
2022-07-12,Monterey,053,433212,88369,17797,106166,752
2022-07-12,Napa,055,140530,30348,1302,31650,150
2022-07-12,Nevada,057,99092,17975,1567,19542,134
2022-07-12,Orange,059,3164182,622683,54092,676775,7269
2022-07-12,Placer,061,380077,71466,8912,80378,645
2022-07-12,Plumas,063,18699,3411,414,3825,13
2022-07-12,Riverside,065,2383286,649431,31604,681035,6531
2022-07-12,Sacramento,067,1510023,323561,31961,355522,3194
2022-07-12,San Benito,069,59416,14954,784,15738,97
2022-07-12,San Bernardino,071,2135413,626160,27665,653825,7926
2022-07-12,San Diego,073,3302833,858493,64302,922795,5440
2022-07-12,San Francisco,075,870044,165234,10952,176186,958
2022-07-12,San Joaquin,077,732212,184978,12537,197515,2289
2022-07-12,San Luis Obispo,079,281455,59616,5996,65612,504
2022-07-12,San Mateo,081,765935,156002,9689,165691,738
2022-07-12,Santa Barbara,083,443738,97799,5803,103602,710
2022-07-12,Santa Clara,085,1922200,400738,17166,417904,2423
2022-07-12,Santa Cruz,087,273765,57782,2961,60743,267
2022-07-12,Shasta,089,179085,32980,6752,39732,579
2022-07-12,Sierra,091,2930,292,58,350,4
2022-07-12,Siskiyou,093,43540,4857,3073,7930,86
2022-07-12,Solano,095,438530,97802,7070,104872,454
2022-07-12,Sonoma,097,501317,100046,4608,104654,507
2022-07-12,Stanislaus,099,539301,128770,19761,148531,1725
2022-07-12,Sutter,101,95872,22440,2345,24785,228
2022-07-12,Tehama,103,63373,12908,2812,15720,210
2022-07-12,Trinity,105,12862,1312,326,1638,20
2022-07-12,Tulare,107,460477,114577,31491,146068,1520
2022-07-12,Tuolumne,109,53932,14386,821,15207,191
2022-07-12,Ventura,111,848112,194441,12893,207334,1537
2022-07-12,Yolo,113,214977,44816,3717,48533,373
2022-07-12,Yuba,115,75493,17562,1483,19045,129
2022-07-11,Alameda,001,1643700,318785,17635,336420,1928
2022-07-11,Alpine,002,1148,130,1,131,0
2022-07-11,Amador,005,37829,9433,799,10232,87
2022-07-11,Butte,007,227075,36798,8205,45003,451
2022-07-11,Calaveras,009,45235,7985,433,8418,129
2022-07-11,Colusa,011,21464,3618,1153,4771,22
2022-07-11,Contra Costa,013,1133247,232453,18196,250649,1391
2022-07-11,Del Norte,015,27424,6907,341,7248,53
2022-07-11,El Dorado,017,186661,30442,3879,34321,227
2022-07-11,Fresno,019,978130,258042,27864,285906,2805
2022-07-11,Glenn,021,27897,5302,1756,7058,56
2022-07-11,Humboldt,023,135768,19992,4132,24124,154
2022-07-11,Imperial,025,180216,60752,12664,73416,949
2022-07-11,Inyo,027,18085,4347,734,5081,57
2022-07-11,Kern,029,883053,206878,53664,260542,2372
2022-07-11,Kings,031,150075,55359,3716,59075,456
2022-07-11,Lake,033,64148,11833,1038,12871,142
2022-07-11,Lassen,035,31185,9425,937,10362,63
2022-07-11,Los Angeles,037,10098052,3051676,153735,3205411,32477
2022-07-11,Madera,039,155013,40604,7008,47612,371
2022-07-11,Marin,041,260295,33477,4683,38160,248
2022-07-11,Mariposa,043,17540,2866,292,3158,28
2022-07-11,Mendocino,045,87422,14818,3921,18739,133
2022-07-11,Merced,047,269075,68704,10336,79040,840
2022-07-11,Modoc,049,8938,821,300,1121,10
2022-07-11,Mono,051,14174,3135,202,3337,7
2022-07-11,Monterey,053,433212,88200,17733,105933,751
2022-07-11,Napa,055,140530,30284,1302,31586,150
2022-07-11,Nevada,057,99092,17958,1565,19523,134
2022-07-11,Orange,059,3164182,621096,53826,674922,7266
2022-07-11,Placer,061,380077,71357,8896,80253,645
2022-07-11,Plumas,063,18699,3400,412,3812,13
2022-07-11,Riverside,065,2383286,647995,31520,679515,6531
2022-07-11,Sacramento,067,1510023,323015,31909,354924,3193
2022-07-11,San Benito,069,59416,14916,781,15697,96
2022-07-11,San Bernardino,071,2135413,624774,27574,652348,7921
2022-07-11,San Diego,073,3302833,856115,64057,920172,5437
2022-07-11,San Francisco,075,870044,164807,10924,175731,956
2022-07-11,San Joaquin,077,732212,184596,12490,197086,2288
2022-07-11,San Luis Obispo,079,281455,59507,5964,65471,504
2022-07-11,San Mateo,081,765935,155598,9656,165254,738
2022-07-11,Santa Barbara,083,443738,97590,5790,103380,710
2022-07-11,Santa Clara,085,1922200,399671,17108,416779,2423
2022-07-11,Santa Cruz,087,273765,57632,2947,60579,267
2022-07-11,Shasta,089,179085,32924,6722,39646,578
2022-07-11,Sierra,091,2930,292,58,350,4
2022-07-11,Siskiyou,093,43540,4851,3066,7917,86
2022-07-11,Solano,095,438530,97588,7052,104640,454
2022-07-11,Sonoma,097,501317,99852,4589,104441,507
2022-07-11,Stanislaus,099,539301,128546,19722,148268,1724
2022-07-11,Sutter,101,95872,22397,2338,24735,228
2022-07-11,Tehama,103,63373,12894,2805,15699,210
2022-07-11,Trinity,105,12862,1310,325,1635,20
2022-07-11,Tulare,107,460477,114387,31386,145773,1520
2022-07-11,Tuolumne,109,53932,14346,819,15165,191
2022-07-11,Ventura,111,848112,194045,12805,206850,1537
2022-07-11,Yolo,113,214977,44749,3702,48451,373
2022-07-11,Yuba,115,75493,17526,1480,19006,129
2022-07-10,Alameda,001,1643700,317784,17558,335342,1927
2022-07-10,Alpine,002,1148,130,1,131,0
2022-07-10,Amador,005,37829,9423,796,10219,87
2022-07-10,Butte,007,227075,36698,8183,44881,451
2022-07-10,Calaveras,009,45235,7976,432,8408,129
2022-07-10,Colusa,011,21464,3614,1145,4759,22
2022-07-10,Contra Costa,013,1133247,231842,18101,249943,1391
2022-07-10,Del Norte,015,27424,6867,335,7202,53
2022-07-10,El Dorado,017,186661,30357,3871,34228,226
2022-07-10,Fresno,019,978130,257368,27771,285139,2804
2022-07-10,Glenn,021,27897,5297,1752,7049,56
2022-07-10,Humboldt,023,135768,19933,4118,24051,154
2022-07-10,Imperial,025,180216,60527,12525,73052,948
2022-07-10,Inyo,027,18085,4342,728,5070,57
2022-07-10,Kern,029,883053,206360,53421,259781,2372
2022-07-10,Kings,031,150075,55185,3710,58895,456
2022-07-10,Lake,033,64148,11808,1035,12843,142
2022-07-10,Lassen,035,31185,9410,935,10345,63
2022-07-10,Los Angeles,037,10098052,3044361,152915,3197276,32463
2022-07-10,Madera,039,155013,40496,6974,47470,371
2022-07-10,Marin,041,260295,33380,4674,38054,248
2022-07-10,Mariposa,043,17540,2859,288,3147,28
2022-07-10,Mendocino,045,87422,14788,3906,18694,133
2022-07-10,Merced,047,269075,68547,10279,78826,839
2022-07-10,Modoc,049,8938,820,292,1112,10
2022-07-10,Mono,051,14174,3134,200,3334,7
2022-07-10,Monterey,053,433212,88007,17658,105665,750
2022-07-10,Napa,055,140530,30221,1300,31521,150
2022-07-10,Nevada,057,99092,17897,1556,19453,134
2022-07-10,Orange,059,3164182,619387,53495,672882,7265
2022-07-10,Placer,061,380077,71240,8877,80117,645
2022-07-10,Plumas,063,18699,3387,408,3795,13
2022-07-10,Riverside,065,2383286,646401,31388,677789,6530
2022-07-10,Sacramento,067,1510023,322310,31826,354136,3190
2022-07-10,San Benito,069,59416,14880,770,15650,96
2022-07-10,San Bernardino,071,2135413,623307,27493,650800,7918
2022-07-10,San Diego,073,3302833,853626,63786,917412,5435
2022-07-10,San Francisco,075,870044,164256,10851,175107,955
2022-07-10,San Joaquin,077,732212,184219,12429,196648,2287
2022-07-10,San Luis Obispo,079,281455,59386,5926,65312,504
2022-07-10,San Mateo,081,765935,155128,9629,164757,737
2022-07-10,Santa Barbara,083,443738,97357,5764,103121,709
2022-07-10,Santa Clara,085,1922200,398535,17046,415581,2421
2022-07-10,Santa Cruz,087,273765,57441,2930,60371,267
2022-07-10,Shasta,089,179085,32857,6698,39555,578
2022-07-10,Sierra,091,2930,290,58,348,4
2022-07-10,Siskiyou,093,43540,4848,3053,7901,86
2022-07-10,Solano,095,438530,97335,7019,104354,454
2022-07-10,Sonoma,097,501317,99649,4557,104206,507
2022-07-10,Stanislaus,099,539301,128305,19675,147980,1724
2022-07-10,Sutter,101,95872,22348,2337,24685,228
2022-07-10,Tehama,103,63373,12867,2792,15659,210
2022-07-10,Trinity,105,12862,1304,323,1627,20
2022-07-10,Tulare,107,460477,114131,31291,145422,1519
2022-07-10,Tuolumne,109,53932,14309,811,15120,191
2022-07-10,Ventura,111,848112,193568,12701,206269,1536
2022-07-10,Yolo,113,214977,44671,3687,48358,373
2022-07-10,Yuba,115,75493,17487,1478,18965,129
2022-07-09,Alameda,001,1643700,317296,17534,334830,1927
2022-07-09,Alpine,002,1148,130,1,131,0
2022-07-09,Amador,005,37829,9415,794,10209,87
2022-07-09,Butte,007,227075,36653,8169,44822,451
2022-07-09,Calaveras,009,45235,7961,431,8392,129
2022-07-09,Colusa,011,21464,3613,1144,4757,22
2022-07-09,Contra Costa,013,1133247,231534,18042,249576,1390
2022-07-09,Del Norte,015,27424,6859,335,7194,53
2022-07-09,El Dorado,017,186661,30314,3866,34180,226
2022-07-09,Fresno,019,978130,257107,27730,284837,2802
2022-07-09,Glenn,021,27897,5290,1752,7042,56
2022-07-09,Humboldt,023,135768,19915,4108,24023,154
2022-07-09,Imperial,025,180216,60448,12472,72920,948
2022-07-09,Inyo,027,18085,4337,727,5064,56
2022-07-09,Kern,029,883053,206173,53278,259451,2372
2022-07-09,Kings,031,150075,55146,3708,58854,456
2022-07-09,Lake,033,64148,11800,1034,12834,142
2022-07-09,Lassen,035,31185,9409,935,10344,63
2022-07-09,Los Angeles,037,10098052,3040856,152424,3193280,32451
2022-07-09,Madera,039,155013,40456,6966,47422,371
2022-07-09,Marin,041,260295,33324,4663,37987,248
2022-07-09,Mariposa,043,17540,2854,288,3142,28
2022-07-09,Mendocino,045,87422,14773,3896,18669,133
2022-07-09,Merced,047,269075,68495,10274,78769,837
2022-07-09,Modoc,049,8938,820,288,1108,10
2022-07-09,Mono,051,14174,3133,200,3333,7
2022-07-09,Monterey,053,433212,87909,17609,105518,750
2022-07-09,Napa,055,140530,30189,1297,31486,150
2022-07-09,Nevada,057,99092,17885,1552,19437,134
2022-07-09,Orange,059,3164182,618514,53297,671811,7260
2022-07-09,Placer,061,380077,71151,8869,80020,645
2022-07-09,Plumas,063,18699,3380,406,3786,13
2022-07-09,Riverside,065,2383286,645501,31333,676834,6527
2022-07-09,Sacramento,067,1510023,322009,31802,353811,3189
2022-07-09,San Benito,069,59416,14860,769,15629,96
2022-07-09,San Bernardino,071,2135413,622587,27442,650029,7917
2022-07-09,San Diego,073,3302833,852717,63698,916415,5435
2022-07-09,San Francisco,075,870044,164027,10830,174857,952
2022-07-09,San Joaquin,077,732212,184051,12399,196450,2285
2022-07-09,San Luis Obispo,079,281455,59329,5907,65236,503
2022-07-09,San Mateo,081,765935,154883,9614,164497,736
2022-07-09,Santa Barbara,083,443738,97224,5754,102978,708
2022-07-09,Santa Clara,085,1922200,397799,17018,414817,2419
2022-07-09,Santa Cruz,087,273765,57364,2921,60285,267
2022-07-09,Shasta,089,179085,32835,6688,39523,578
2022-07-09,Sierra,091,2930,290,58,348,4
2022-07-09,Siskiyou,093,43540,4845,3051,7896,86
2022-07-09,Solano,095,438530,97248,7004,104252,454
2022-07-09,Sonoma,097,501317,99564,4551,104115,507
2022-07-09,Stanislaus,099,539301,128142,19644,147786,1722
2022-07-09,Sutter,101,95872,22320,2337,24657,228
2022-07-09,Tehama,103,63373,12852,2783,15635,210
2022-07-09,Trinity,105,12862,1304,322,1626,20
2022-07-09,Tulare,107,460477,114020,31233,145253,1519
2022-07-09,Tuolumne,109,53932,14271,809,15080,191
2022-07-09,Ventura,111,848112,193306,12654,205960,1535
2022-07-09,Yolo,113,214977,44621,3673,48294,373
2022-07-09,Yuba,115,75493,17464,1478,18942,129
2022-07-08,Alameda,001,1643700,316773,17490,334263,1927
2022-07-08,Alpine,002,1148,130,1,131,0
2022-07-08,Amador,005,37829,9405,792,10197,87
2022-07-08,Butte,007,227075,36622,8155,44777,451
2022-07-08,Calaveras,009,45235,7946,431,8377,129
2022-07-08,Colusa,011,21464,3609,1144,4753,22
2022-07-08,Contra Costa,013,1133247,231182,17993,249175,1386
2022-07-08,Del Norte,015,27424,6848,333,7181,53
2022-07-08,El Dorado,017,186661,30289,3858,34147,226
2022-07-08,Fresno,019,978130,256736,27677,284413,2801
2022-07-08,Glenn,021,27897,5285,1749,7034,56
2022-07-08,Humboldt,023,135768,19902,4097,23999,154
2022-07-08,Imperial,025,180216,60360,12432,72792,948
2022-07-08,Inyo,027,18085,4336,723,5059,56
2022-07-08,Kern,029,883053,205924,53140,259064,2372
2022-07-08,Kings,031,150075,55105,3707,58812,454
2022-07-08,Lake,033,64148,11783,1031,12814,142
2022-07-08,Lassen,035,31185,9403,934,10337,63
2022-07-08,Los Angeles,037,10098052,3036574,151843,3188417,32438
2022-07-08,Madera,039,155013,40402,6952,47354,371
2022-07-08,Marin,041,260295,33238,4647,37885,248
2022-07-08,Mariposa,043,17540,2851,287,3138,28
2022-07-08,Mendocino,045,87422,14755,3892,18647,133
2022-07-08,Merced,047,269075,68427,10264,78691,836
2022-07-08,Modoc,049,8938,820,288,1108,10
2022-07-08,Mono,051,14174,3131,199,3330,7
2022-07-08,Monterey,053,433212,87781,17579,105360,750
2022-07-08,Napa,055,140530,30165,1296,31461,149
2022-07-08,Nevada,057,99092,17877,1550,19427,134
2022-07-08,Orange,059,3164182,617611,53089,670700,7258
2022-07-08,Placer,061,380077,71076,8855,79931,645
2022-07-08,Plumas,063,18699,3375,406,3781,13
2022-07-08,Riverside,065,2383286,644590,31276,675866,6521
2022-07-08,Sacramento,067,1510023,321569,31773,353342,3185
2022-07-08,San Benito,069,59416,14843,766,15609,96
2022-07-08,San Bernardino,071,2135413,621827,27399,649226,7916
2022-07-08,San Diego,073,3302833,851463,63530,914993,5434
2022-07-08,San Francisco,075,870044,163762,10803,174565,950
2022-07-08,San Joaquin,077,732212,183877,12382,196259,2285
2022-07-08,San Luis Obispo,079,281455,59293,5892,65185,502
2022-07-08,San Mateo,081,765935,154586,9600,164186,735
2022-07-08,Santa Barbara,083,443738,97097,5750,102847,708
2022-07-08,Santa Clara,085,1922200,397027,16996,414023,2417
2022-07-08,Santa Cruz,087,273765,57276,2913,60189,267
2022-07-08,Shasta,089,179085,32805,6680,39485,577
2022-07-08,Sierra,091,2930,290,58,348,4
2022-07-08,Siskiyou,093,43540,4843,3048,7891,86
2022-07-08,Solano,095,438530,97129,6990,104119,453
2022-07-08,Sonoma,097,501317,99412,4534,103946,507
2022-07-08,Stanislaus,099,539301,128005,19631,147636,1720
2022-07-08,Sutter,101,95872,22295,2336,24631,228
2022-07-08,Tehama,103,63373,12840,2781,15621,210
2022-07-08,Trinity,105,12862,1302,321,1623,20
2022-07-08,Tulare,107,460477,113899,31165,145064,1518
2022-07-08,Tuolumne,109,53932,14240,803,15043,191
2022-07-08,Ventura,111,848112,193067,12615,205682,1534
2022-07-08,Yolo,113,214977,44568,3661,48229,373
2022-07-08,Yuba,115,75493,17448,1477,18925,129
2022-07-07,Alameda,001,1643700,315967,17440,333407,1926
2022-07-07,Alpine,002,1148,129,1,130,0
2022-07-07,Amador,005,37829,9389,785,10174,87
2022-07-07,Butte,007,227075,36558,8135,44693,451
2022-07-07,Calaveras,009,45235,7937,426,8363,129
2022-07-07,Colusa,011,21464,3604,1143,4747,22
2022-07-07,Contra Costa,013,1133247,230634,17917,248551,1384
2022-07-07,Del Norte,015,27424,6822,329,7151,53
2022-07-07,El Dorado,017,186661,30237,3847,34084,226
2022-07-07,Fresno,019,978130,256186,27572,283758,2799
2022-07-07,Glenn,021,27897,5279,1747,7026,56
2022-07-07,Humboldt,023,135768,19857,4081,23938,153
2022-07-07,Imperial,025,180216,60186,12322,72508,948
2022-07-07,Inyo,027,18085,4331,715,5046,56
2022-07-07,Kern,029,883053,205620,52931,258551,2371
2022-07-07,Kings,031,150075,55027,3703,58730,453
2022-07-07,Lake,033,64148,11762,1031,12793,142
2022-07-07,Lassen,035,31185,9402,934,10336,63
2022-07-07,Los Angeles,037,10098052,3030232,151156,3181388,32421
2022-07-07,Madera,039,155013,40322,6936,47258,371
2022-07-07,Marin,041,260295,33160,4636,37796,248
2022-07-07,Mariposa,043,17540,2844,284,3128,28
2022-07-07,Mendocino,045,87422,14738,3887,18625,133
2022-07-07,Merced,047,269075,68312,10231,78543,836
2022-07-07,Modoc,049,8938,815,285,1100,9
2022-07-07,Mono,051,14174,3130,197,3327,7
2022-07-07,Monterey,053,433212,87621,17516,105137,749
2022-07-07,Napa,055,140530,30095,1288,31383,149
2022-07-07,Nevada,057,99092,17847,1545,19392,134
2022-07-07,Orange,059,3164182,616206,52874,669080,7253
2022-07-07,Placer,061,380077,70966,8830,79796,644
2022-07-07,Plumas,063,18699,3368,405,3773,13
2022-07-07,Riverside,065,2383286,643263,31213,674476,6518
2022-07-07,Sacramento,067,1510023,320932,31721,352653,3180
2022-07-07,San Benito,069,59416,14813,766,15579,96
2022-07-07,San Bernardino,071,2135413,620523,27335,647858,7914
2022-07-07,San Diego,073,3302833,849549,63299,912848,5429
2022-07-07,San Francisco,075,870044,163380,10751,174131,950
2022-07-07,San Joaquin,077,732212,183540,12331,195871,2285
2022-07-07,San Luis Obispo,079,281455,59214,5860,65074,502
2022-07-07,San Mateo,081,765935,154237,9591,163828,734
2022-07-07,Santa Barbara,083,443738,96903,5735,102638,707
2022-07-07,Santa Clara,085,1922200,396037,16945,412982,2416
2022-07-07,Santa Cruz,087,273765,57117,2899,60016,267
2022-07-07,Shasta,089,179085,32769,6663,39432,576
2022-07-07,Sierra,091,2930,289,57,346,4
2022-07-07,Siskiyou,093,43540,4837,3043,7880,85
2022-07-07,Solano,095,438530,96853,6977,103830,453
2022-07-07,Sonoma,097,501317,99274,4515,103789,507
2022-07-07,Stanislaus,099,539301,127805,19594,147399,1719
2022-07-07,Sutter,101,95872,22249,2334,24583,228
2022-07-07,Tehama,103,63373,12823,2772,15595,210
2022-07-07,Trinity,105,12862,1297,320,1617,20
2022-07-07,Tulare,107,460477,113691,31072,144763,1518
2022-07-07,Tuolumne,109,53932,14203,798,15001,191
2022-07-07,Ventura,111,848112,192747,12534,205281,1531
2022-07-07,Yolo,113,214977,44511,3648,48159,373
2022-07-07,Yuba,115,75493,17414,1475,18889,129
2022-07-06,Alameda,001,1643700,315129,17398,332527,1926
2022-07-06,Alpine,002,1148,129,1,130,0
2022-07-06,Amador,005,37829,9369,785,10154,87
2022-07-06,Butte,007,227075,36494,8119,44613,451
2022-07-06,Calaveras,009,45235,7928,424,8352,128
2022-07-06,Colusa,011,21464,3601,1142,4743,22
2022-07-06,Contra Costa,013,1133247,230116,17862,247978,1384
2022-07-06,Del Norte,015,27424,6792,327,7119,53
2022-07-06,El Dorado,017,186661,30192,3835,34027,226
2022-07-06,Fresno,019,978130,255628,27489,283117,2799
2022-07-06,Glenn,021,27897,5274,1747,7021,56
2022-07-06,Humboldt,023,135768,19810,4070,23880,153
2022-07-06,Imperial,025,180216,59985,12235,72220,948
2022-07-06,Inyo,027,18085,4325,709,5034,56
2022-07-06,Kern,029,883053,205294,52715,258009,2371
2022-07-06,Kings,031,150075,54909,3698,58607,452
2022-07-06,Lake,033,64148,11743,1031,12774,142
2022-07-06,Lassen,035,31185,9385,934,10319,62
2022-07-06,Los Angeles,037,10098052,3023775,150437,3174212,32406
2022-07-06,Madera,039,155013,40251,6914,47165,371
2022-07-06,Marin,041,260295,33092,4626,37718,248
2022-07-06,Mariposa,043,17540,2834,284,3118,28
2022-07-06,Mendocino,045,87422,14710,3875,18585,133
2022-07-06,Merced,047,269075,68190,10208,78398,835
2022-07-06,Modoc,049,8938,809,283,1092,9
2022-07-06,Mono,051,14174,3129,197,3326,7
2022-07-06,Monterey,053,433212,87462,17450,104912,749
2022-07-06,Napa,055,140530,30034,1286,31320,149
2022-07-06,Nevada,057,99092,17818,1539,19357,134
2022-07-06,Orange,059,3164182,614673,52647,667320,7251
2022-07-06,Placer,061,380077,70853,8809,79662,644
2022-07-06,Plumas,063,18699,3357,404,3761,13
2022-07-06,Riverside,065,2383286,641901,31141,673042,6517
2022-07-06,Sacramento,067,1510023,320242,31670,351912,3177
2022-07-06,San Benito,069,59416,14771,755,15526,96
2022-07-06,San Bernardino,071,2135413,619270,27259,646529,7914
2022-07-06,San Diego,073,3302833,847422,63044,910466,5427
2022-07-06,San Francisco,075,870044,162958,10718,173676,950
2022-07-06,San Joaquin,077,732212,183225,12301,195526,2285
2022-07-06,San Luis Obispo,079,281455,59102,5820,64922,501
2022-07-06,San Mateo,081,765935,153829,9561,163390,733
2022-07-06,Santa Barbara,083,443738,96712,5714,102426,707
2022-07-06,Santa Clara,085,1922200,394931,16879,411810,2414
2022-07-06,Santa Cruz,087,273765,56975,2880,59855,267
2022-07-06,Shasta,089,179085,32715,6640,39355,576
2022-07-06,Sierra,091,2930,289,57,346,4
2022-07-06,Siskiyou,093,43540,4832,3037,7869,85
2022-07-06,Solano,095,438530,96600,6952,103552,453
2022-07-06,Sonoma,097,501317,99092,4497,103589,507
2022-07-06,Stanislaus,099,539301,127582,19563,147145,1718
2022-07-06,Sutter,101,95872,22198,2333,24531,228
2022-07-06,Tehama,103,63373,12812,2766,15578,210
2022-07-06,Trinity,105,12862,1289,316,1605,20
2022-07-06,Tulare,107,460477,113478,30976,144454,1518
2022-07-06,Tuolumne,109,53932,14169,786,14955,191
2022-07-06,Ventura,111,848112,192364,12459,204823,1529
2022-07-06,Yolo,113,214977,44427,3628,48055,371
2022-07-06,Yuba,115,75493,17376,1469,18845,129
2022-07-05,Alameda,001,1643700,314140,17342,331482,1925
2022-07-05,Alpine,002,1148,129,1,130,0
2022-07-05,Amador,005,37829,9354,781,10135,87
2022-07-05,Butte,007,227075,36411,8098,44509,450
2022-07-05,Calaveras,009,45235,7917,423,8340,128
2022-07-05,Colusa,011,21464,3596,1140,4736,22
2022-07-05,Contra Costa,013,1133247,229483,17786,247269,1381
2022-07-05,Del Norte,015,27424,6766,322,7088,53
2022-07-05,El Dorado,017,186661,30142,3826,33968,226
2022-07-05,Fresno,019,978130,255025,27402,282427,2798
2022-07-05,Glenn,021,27897,5265,1746,7011,56
2022-07-05,Humboldt,023,135768,19772,4059,23831,153
2022-07-05,Imperial,025,180216,59844,12137,71981,948
2022-07-05,Inyo,027,18085,4311,699,5010,56
2022-07-05,Kern,029,883053,204852,52476,257328,2371
2022-07-05,Kings,031,150075,54778,3684,58462,452
2022-07-05,Lake,033,64148,11720,1028,12748,142
2022-07-05,Lassen,035,31185,9374,934,10308,62
2022-07-05,Los Angeles,037,10098052,3016838,149679,3166517,32395
2022-07-05,Madera,039,155013,40166,6889,47055,371
2022-07-05,Marin,041,260295,32991,4616,37607,247
2022-07-05,Mariposa,043,17540,2824,281,3105,28
2022-07-05,Mendocino,045,87422,14664,3859,18523,133
2022-07-05,Merced,047,269075,68070,10177,78247,835
2022-07-05,Modoc,049,8938,801,283,1084,9
2022-07-05,Mono,051,14174,3126,194,3320,7
2022-07-05,Monterey,053,433212,87297,17399,104696,746
2022-07-05,Napa,055,140530,29977,1281,31258,149
2022-07-05,Nevada,057,99092,17779,1529,19308,134
2022-07-05,Orange,059,3164182,613112,52380,665492,7250
2022-07-05,Placer,061,380077,70747,8788,79535,643
2022-07-05,Plumas,063,18699,3347,403,3750,13
2022-07-05,Riverside,065,2383286,640429,31054,671483,6516
2022-07-05,Sacramento,067,1510023,319589,31595,351184,3174
2022-07-05,San Benito,069,59416,14737,748,15485,96
2022-07-05,San Bernardino,071,2135413,617939,27181,645120,7909
2022-07-05,San Diego,073,3302833,845077,62809,907886,5427
2022-07-05,San Francisco,075,870044,162434,10692,173126,946
2022-07-05,San Joaquin,077,732212,182861,12228,195089,2283
2022-07-05,San Luis Obispo,079,281455,58942,5778,64720,501
2022-07-05,San Mateo,081,765935,153344,9539,162883,733
2022-07-05,Santa Barbara,083,443738,96488,5685,102173,706
2022-07-05,Santa Clara,085,1922200,393765,16817,410582,2412
2022-07-05,Santa Cruz,087,273765,56799,2864,59663,267
2022-07-05,Shasta,089,179085,32673,6616,39289,576
2022-07-05,Sierra,091,2930,289,57,346,4
2022-07-05,Siskiyou,093,43540,4828,3025,7853,85
2022-07-05,Solano,095,438530,96309,6928,103237,453
2022-07-05,Sonoma,097,501317,98846,4480,103326,507
2022-07-05,Stanislaus,099,539301,127342,19521,146863,1717
2022-07-05,Sutter,101,95872,22156,2331,24487,228
2022-07-05,Tehama,103,63373,12787,2762,15549,210
2022-07-05,Trinity,105,12862,1280,314,1594,20
2022-07-05,Tulare,107,460477,113237,30895,144132,1517
2022-07-05,Tuolumne,109,53932,14135,779,14914,191
2022-07-05,Ventura,111,848112,191964,12396,204360,1529
2022-07-05,Yolo,113,214977,44341,3618,47959,370
2022-07-05,Yuba,115,75493,17347,1468,18815,129
2022-07-04,Alameda,001,1643700,312988,17260,330248,1923
2022-07-04,Alpine,002,1148,129,1,130,0
2022-07-04,Amador,005,37829,9341,780,10121,87
2022-07-04,Butte,007,227075,36301,8080,44381,450
2022-07-04,Calaveras,009,45235,7907,423,8330,128
2022-07-04,Colusa,011,21464,3592,1138,4730,22
2022-07-04,Contra Costa,013,1133247,228769,17684,246453,1380
2022-07-04,Del Norte,015,27424,6733,318,7051,53
2022-07-04,El Dorado,017,186661,30058,3808,33866,226
2022-07-04,Fresno,019,978130,254381,27271,281652,2798
2022-07-04,Glenn,021,27897,5257,1740,6997,56
2022-07-04,Humboldt,023,135768,19701,4045,23746,153
2022-07-04,Imperial,025,180216,59634,12017,71651,948
2022-07-04,Inyo,027,18085,4307,689,4996,56
2022-07-04,Kern,029,883053,204397,52202,256599,2370
2022-07-04,Kings,031,150075,54627,3680,58307,452
2022-07-04,Lake,033,64148,11707,1026,12733,142
2022-07-04,Lassen,035,31185,9366,933,10299,62
2022-07-04,Los Angeles,037,10098052,3008347,148760,3157107,32387
2022-07-04,Madera,039,155013,40072,6863,46935,371
2022-07-04,Marin,041,260295,32874,4605,37479,247
2022-07-04,Mariposa,043,17540,2814,276,3090,28
2022-07-04,Mendocino,045,87422,14628,3813,18441,133
2022-07-04,Merced,047,269075,67940,10129,78069,835
2022-07-04,Modoc,049,8938,793,279,1072,9
2022-07-04,Mono,051,14174,3124,192,3316,7
2022-07-04,Monterey,053,433212,87103,17329,104432,746
2022-07-04,Napa,055,140530,29912,1277,31189,149
2022-07-04,Nevada,057,99092,17737,1521,19258,134
2022-07-04,Orange,059,3164182,611284,52054,663338,7246
2022-07-04,Placer,061,380077,70573,8758,79331,643
2022-07-04,Plumas,063,18699,3329,402,3731,13
2022-07-04,Riverside,065,2383286,638783,30959,669742,6514
2022-07-04,Sacramento,067,1510023,318805,31497,350302,3171
2022-07-04,San Benito,069,59416,14681,743,15424,96
2022-07-04,San Bernardino,071,2135413,616333,27105,643438,7907
2022-07-04,San Diego,073,3302833,842450,62473,904923,5426
2022-07-04,San Francisco,075,870044,161808,10633,172441,945
2022-07-04,San Joaquin,077,732212,182455,12162,194617,2281
2022-07-04,San Luis Obispo,079,281455,58753,5707,64460,501
2022-07-04,San Mateo,081,765935,152820,9500,162320,732
2022-07-04,Santa Barbara,083,443738,96264,5662,101926,705
2022-07-04,Santa Clara,085,1922200,392269,16749,409018,2410
2022-07-04,Santa Cruz,087,273765,56601,2842,59443,267
2022-07-04,Shasta,089,179085,32596,6587,39183,576
2022-07-04,Sierra,091,2930,289,57,346,4
2022-07-04,Siskiyou,093,43540,4822,3019,7841,85
2022-07-04,Solano,095,438530,95956,6892,102848,453
2022-07-04,Sonoma,097,501317,98552,4453,103005,507
2022-07-04,Stanislaus,099,539301,127052,19466,146518,1717
2022-07-04,Sutter,101,95872,22110,2329,24439,228
2022-07-04,Tehama,103,63373,12761,2748,15509,210
2022-07-04,Trinity,105,12862,1275,312,1587,20
2022-07-04,Tulare,107,460477,112999,30785,143784,1516
2022-07-04,Tuolumne,109,53932,14092,775,14867,191
2022-07-04,Ventura,111,848112,191493,12290,203783,1528
2022-07-04,Yolo,113,214977,44247,3600,47847,370
2022-07-04,Yuba,115,75493,17308,1468,18776,129
2022-07-03,Alameda,001,1643700,312430,17229,329659,1923
2022-07-03,Alpine,002,1148,129,1,130,0
2022-07-03,Amador,005,37829,9333,777,10110,87
2022-07-03,Butte,007,227075,36287,8073,44360,450
2022-07-03,Calaveras,009,45235,7891,423,8314,128
2022-07-03,Colusa,011,21464,3590,1136,4726,22
2022-07-03,Contra Costa,013,1133247,228418,17653,246071,1378
2022-07-03,Del Norte,015,27424,6724,317,7041,53
2022-07-03,El Dorado,017,186661,30026,3802,33828,226
2022-07-03,Fresno,019,978130,254129,27235,281364,2796
2022-07-03,Glenn,021,27897,5256,1737,6993,56
2022-07-03,Humboldt,023,135768,19679,4036,23715,153
2022-07-03,Imperial,025,180216,59559,11978,71537,948
2022-07-03,Inyo,027,18085,4303,687,4990,56
2022-07-03,Kern,029,883053,204253,52047,256300,2370
2022-07-03,Kings,031,150075,54603,3678,58281,452
2022-07-03,Lake,033,64148,11696,1026,12722,142
2022-07-03,Lassen,035,31185,9363,932,10295,62
2022-07-03,Los Angeles,037,10098052,3005524,148381,3153905,32372
2022-07-03,Madera,039,155013,40045,6858,46903,371
2022-07-03,Marin,041,260295,32804,4596,37400,247
2022-07-03,Mariposa,043,17540,2810,275,3085,28
2022-07-03,Mendocino,045,87422,14616,3812,18428,133
2022-07-03,Merced,047,269075,67893,10124,78017,834
2022-07-03,Modoc,049,8938,793,279,1072,9
2022-07-03,Mono,051,14174,3123,191,3314,7
2022-07-03,Monterey,053,433212,86991,17275,104266,746
2022-07-03,Napa,055,140530,29892,1274,31166,149
2022-07-03,Nevada,057,99092,17718,1514,19232,134
2022-07-03,Orange,059,3164182,610737,51909,662646,7242
2022-07-03,Placer,061,380077,70486,8744,79230,642
2022-07-03,Plumas,063,18699,3322,402,3724,13
2022-07-03,Riverside,065,2383286,638212,30916,669128,6514
2022-07-03,Sacramento,067,1510023,318536,31475,350011,3164
2022-07-03,San Benito,069,59416,14674,742,15416,96
2022-07-03,San Bernardino,071,2135413,615725,27070,642795,7906
2022-07-03,San Diego,073,3302833,841720,62401,904121,5426
2022-07-03,San Francisco,075,870044,161473,10621,172094,941
2022-07-03,San Joaquin,077,732212,182282,12125,194407,2280
2022-07-03,San Luis Obispo,079,281455,58684,5697,64381,501
2022-07-03,San Mateo,081,765935,152514,9483,161997,732
2022-07-03,Santa Barbara,083,443738,96156,5650,101806,705
2022-07-03,Santa Clara,085,1922200,391541,16718,408259,2409
2022-07-03,Santa Cruz,087,273765,56540,2821,59361,267
2022-07-03,Shasta,089,179085,32561,6577,39138,575
2022-07-03,Sierra,091,2930,288,57,345,4
2022-07-03,Siskiyou,093,43540,4819,3017,7836,85
2022-07-03,Solano,095,438530,95878,6886,102764,453
2022-07-03,Sonoma,097,501317,98443,4448,102891,506
2022-07-03,Stanislaus,099,539301,126932,19450,146382,1717
2022-07-03,Sutter,101,95872,22089,2328,24417,228
2022-07-03,Tehama,103,63373,12743,2746,15489,210
2022-07-03,Trinity,105,12862,1274,309,1583,20
2022-07-03,Tulare,107,460477,112901,30746,143647,1514
2022-07-03,Tuolumne,109,53932,14069,772,14841,191
2022-07-03,Ventura,111,848112,191282,12269,203551,1528
2022-07-03,Yolo,113,214977,44204,3590,47794,370
2022-07-03,Yuba,115,75493,17294,1467,18761,129
2022-07-02,Alameda,001,1643700,312052,17203,329255,1921
2022-07-02,Alpine,002,1148,129,1,130,0
2022-07-02,Amador,005,37829,9317,776,10093,87
2022-07-02,Butte,007,227075,36262,8060,44322,450
2022-07-02,Calaveras,009,45235,7885,423,8308,128
2022-07-02,Colusa,011,21464,3586,1134,4720,22
2022-07-02,Contra Costa,013,1133247,228073,17600,245673,1376
2022-07-02,Del Norte,015,27424,6714,317,7031,53
2022-07-02,El Dorado,017,186661,29992,3798,33790,226
2022-07-02,Fresno,019,978130,253901,27198,281099,2794
2022-07-02,Glenn,021,27897,5251,1736,6987,56
2022-07-02,Humboldt,023,135768,19654,4032,23686,153
2022-07-02,Imperial,025,180216,59479,11957,71436,948
2022-07-02,Inyo,027,18085,4299,685,4984,56
2022-07-02,Kern,029,883053,204094,51885,255979,2368
2022-07-02,Kings,031,150075,54558,3678,58236,452
2022-07-02,Lake,033,64148,11687,1024,12711,142
2022-07-02,Lassen,035,31185,9362,931,10293,62
2022-07-02,Los Angeles,037,10098052,3002762,147955,3150717,32356
2022-07-02,Madera,039,155013,40015,6854,46869,371
2022-07-02,Marin,041,260295,32742,4579,37321,246
2022-07-02,Mariposa,043,17540,2806,274,3080,28
2022-07-02,Mendocino,045,87422,14588,3812,18400,131
2022-07-02,Merced,047,269075,67834,10115,77949,834
2022-07-02,Modoc,049,8938,793,278,1071,9
2022-07-02,Mono,051,14174,3120,191,3311,7
2022-07-02,Monterey,053,433212,86900,17237,104137,746
2022-07-02,Napa,055,140530,29862,1274,31136,149
2022-07-02,Nevada,057,99092,17703,1508,19211,134
2022-07-02,Orange,059,3164182,610075,51750,661825,7236
2022-07-02,Placer,061,380077,70393,8730,79123,642
2022-07-02,Plumas,063,18699,3313,402,3715,13
2022-07-02,Riverside,065,2383286,637618,30871,668489,6512
2022-07-02,Sacramento,067,1510023,318201,31450,349651,3162
2022-07-02,San Benito,069,59416,14655,733,15388,96
2022-07-02,San Bernardino,071,2135413,615191,27035,642226,7905
2022-07-02,San Diego,073,3302833,840913,62336,903249,5424
2022-07-02,San Francisco,075,870044,161192,10597,171789,940
2022-07-02,San Joaquin,077,732212,182149,12099,194248,2280
2022-07-02,San Luis Obispo,079,281455,58635,5683,64318,501
2022-07-02,San Mateo,081,765935,152255,9464,161719,732
2022-07-02,Santa Barbara,083,443738,96029,5640,101669,705
2022-07-02,Santa Clara,085,1922200,390808,16688,407496,2407
2022-07-02,Santa Cruz,087,273765,56481,2810,59291,267
2022-07-02,Shasta,089,179085,32531,6566,39097,575
2022-07-02,Sierra,091,2930,288,57,345,4
2022-07-02,Siskiyou,093,43540,4815,3016,7831,85
2022-07-02,Solano,095,438530,95805,6870,102675,453
2022-07-02,Sonoma,097,501317,98337,4440,102777,506
2022-07-02,Stanislaus,099,539301,126813,19434,146247,1716
2022-07-02,Sutter,101,95872,22070,2328,24398,228
2022-07-02,Tehama,103,63373,12720,2745,15465,209
2022-07-02,Trinity,105,12862,1272,308,1580,20
2022-07-02,Tulare,107,460477,112800,30705,143505,1514
2022-07-02,Tuolumne,109,53932,14056,763,14819,191
2022-07-02,Ventura,111,848112,191110,12244,203354,1528
2022-07-02,Yolo,113,214977,44159,3583,47742,370
2022-07-02,Yuba,115,75493,17282,1467,18749,129
2022-07-01,Alameda,001,1643700,311570,17171,328741,1919
2022-07-01,Alpine,002,1148,129,1,130,0
2022-07-01,Amador,005,37829,9312,774,10086,87
2022-07-01,Butte,007,227075,36235,8042,44277,450
2022-07-01,Calaveras,009,45235,7874,423,8297,127
2022-07-01,Colusa,011,21464,3583,1134,4717,22
2022-07-01,Contra Costa,013,1133247,227771,17557,245328,1375
2022-07-01,Del Norte,015,27424,6694,315,7009,53
2022-07-01,El Dorado,017,186661,29967,3790,33757,226
2022-07-01,Fresno,019,978130,253614,27143,280757,2793
2022-07-01,Glenn,021,27897,5251,1736,6987,56
2022-07-01,Humboldt,023,135768,19632,4023,23655,152
2022-07-01,Imperial,025,180216,59402,11930,71332,948
2022-07-01,Inyo,027,18085,4292,679,4971,56
2022-07-01,Kern,029,883053,203882,51748,255630,2368
2022-07-01,Kings,031,150075,54525,3674,58199,452
2022-07-01,Lake,033,64148,11676,1023,12699,142
2022-07-01,Lassen,035,31185,9359,931,10290,62
2022-07-01,Los Angeles,037,10098052,2999275,147439,3146714,32337
2022-07-01,Madera,039,155013,39972,6840,46812,371
2022-07-01,Marin,041,260295,32669,4566,37235,246
2022-07-01,Mariposa,043,17540,2804,273,3077,28
2022-07-01,Mendocino,045,87422,14568,3808,18376,131
2022-07-01,Merced,047,269075,67749,10111,77860,834
2022-07-01,Modoc,049,8938,793,277,1070,9
2022-07-01,Mono,051,14174,3112,190,3302,7
2022-07-01,Monterey,053,433212,86818,17206,104024,745
2022-07-01,Napa,055,140530,29817,1274,31091,149
2022-07-01,Nevada,057,99092,17683,1503,19186,134
2022-07-01,Orange,059,3164182,609355,51584,660939,7232
2022-07-01,Placer,061,380077,70326,8710,79036,642
2022-07-01,Plumas,063,18699,3310,402,3712,13
2022-07-01,Riverside,065,2383286,636901,30818,667719,6512
2022-07-01,Sacramento,067,1510023,317818,31424,349242,3161
2022-07-01,San Benito,069,59416,14637,732,15369,96
2022-07-01,San Bernardino,071,2135413,614549,27001,641550,7901
2022-07-01,San Diego,073,3302833,839878,62195,902073,5423
2022-07-01,San Francisco,075,870044,160916,10558,171474,940
2022-07-01,San Joaquin,077,732212,182004,12067,194071,2280
2022-07-01,San Luis Obispo,079,281455,58606,5671,64277,501
2022-07-01,San Mateo,081,765935,151973,9448,161421,732
2022-07-01,Santa Barbara,083,443738,95913,5631,101544,704
2022-07-01,Santa Clara,085,1922200,390102,16653,406755,2404
2022-07-01,Santa Cruz,087,273765,56415,2797,59212,267
2022-07-01,Shasta,089,179085,32511,6556,39067,572
2022-07-01,Sierra,091,2930,288,57,345,4
2022-07-01,Siskiyou,093,43540,4815,3014,7829,85
2022-07-01,Solano,095,438530,95636,6853,102489,453
2022-07-01,Sonoma,097,501317,98216,4421,102637,506
2022-07-01,Stanislaus,099,539301,126684,19407,146091,1713
2022-07-01,Sutter,101,95872,22041,2328,24369,228
2022-07-01,Tehama,103,63373,12711,2743,15454,208
2022-07-01,Trinity,105,12862,1271,308,1579,20
2022-07-01,Tulare,107,460477,112704,30664,143368,1514
2022-07-01,Tuolumne,109,53932,14037,756,14793,191
2022-07-01,Ventura,111,848112,190899,12208,203107,1527
2022-07-01,Yolo,113,214977,44123,3568,47691,369
2022-07-01,Yuba,115,75493,17261,1467,18728,129
2022-06-30,Alameda,001,1643700,310744,17115,327859,1917
2022-06-30,Alpine,002,1148,129,1,130,0
2022-06-30,Amador,005,37829,9302,771,10073,87
2022-06-30,Butte,007,227075,36185,8025,44210,449
2022-06-30,Calaveras,009,45235,7863,422,8285,126
2022-06-30,Colusa,011,21464,3579,1132,4711,22
2022-06-30,Contra Costa,013,1133247,227221,17486,244707,1375
2022-06-30,Del Norte,015,27424,6677,312,6989,53
2022-06-30,El Dorado,017,186661,29922,3780,33702,225
2022-06-30,Fresno,019,978130,253215,27093,280308,2792
2022-06-30,Glenn,021,27897,5248,1736,6984,56
2022-06-30,Humboldt,023,135768,19595,4017,23612,152
2022-06-30,Imperial,025,180216,59288,11898,71186,948
2022-06-30,Inyo,027,18085,4286,679,4965,56
2022-06-30,Kern,029,883053,203556,51563,255119,2367
2022-06-30,Kings,031,150075,54449,3671,58120,452
2022-06-30,Lake,033,64148,11657,1020,12677,142
2022-06-30,Lassen,035,31185,9356,930,10286,62
2022-06-30,Los Angeles,037,10098052,2993867,146839,3140706,32326
2022-06-30,Madera,039,155013,39906,6813,46719,371
2022-06-30,Marin,041,260295,32585,4559,37144,246
2022-06-30,Mariposa,043,17540,2797,271,3068,28
2022-06-30,Mendocino,045,87422,14551,3802,18353,131
2022-06-30,Merced,047,269075,67651,10093,77744,834
2022-06-30,Modoc,049,8938,792,276,1068,9
2022-06-30,Mono,051,14174,3110,189,3299,7
2022-06-30,Monterey,053,433212,86669,17143,103812,745
2022-06-30,Napa,055,140530,29759,1268,31027,149
2022-06-30,Nevada,057,99092,17655,1496,19151,134
2022-06-30,Orange,059,3164182,608174,51372,659546,7228
2022-06-30,Placer,061,380077,70176,8681,78857,640
2022-06-30,Plumas,063,18699,3305,401,3706,13
2022-06-30,Riverside,065,2383286,635801,30748,666549,6512
2022-06-30,Sacramento,067,1510023,317223,31385,348608,3160
2022-06-30,San Benito,069,59416,14601,729,15330,96
2022-06-30,San Bernardino,071,2135413,613505,26959,640464,7900
2022-06-30,San Diego,073,3302833,838361,61984,900345,5421
2022-06-30,San Francisco,075,870044,160492,10528,171020,939
2022-06-30,San Joaquin,077,732212,181724,12036,193760,2277
2022-06-30,San Luis Obispo,079,281455,58506,5643,64149,501
2022-06-30,San Mateo,081,765935,151549,9417,160966,731
2022-06-30,Santa Barbara,083,443738,95715,5619,101334,704
2022-06-30,Santa Clara,085,1922200,389007,16608,405615,2403
2022-06-30,Santa Cruz,087,273765,56296,2783,59079,267
2022-06-30,Shasta,089,179085,32471,6537,39008,572
2022-06-30,Sierra,091,2930,288,57,345,4
2022-06-30,Siskiyou,093,43540,4810,3007,7817,85
2022-06-30,Solano,095,438530,95432,6821,102253,453
2022-06-30,Sonoma,097,501317,98052,4400,102452,505
2022-06-30,Stanislaus,099,539301,126490,19376,145866,1712
2022-06-30,Sutter,101,95872,22008,2326,24334,228
2022-06-30,Tehama,103,63373,12691,2740,15431,208
2022-06-30,Trinity,105,12862,1265,306,1571,20
2022-06-30,Tulare,107,460477,112554,30588,143142,1514
2022-06-30,Tuolumne,109,53932,14018,750,14768,191
2022-06-30,Ventura,111,848112,190555,12133,202688,1526
2022-06-30,Yolo,113,214977,44051,3551,47602,369
2022-06-30,Yuba,115,75493,17233,1461,18694,129
2022-06-29,Alameda,001,1643700,309943,17074,327017,1916
2022-06-29,Alpine,002,1148,129,1,130,0
2022-06-29,Amador,005,37829,9295,771,10066,87
2022-06-29,Butte,007,227075,36137,8009,44146,449
2022-06-29,Calaveras,009,45235,7852,419,8271,126
2022-06-29,Colusa,011,21464,3576,1130,4706,22
2022-06-29,Contra Costa,013,1133247,226739,17432,244171,1372
2022-06-29,Del Norte,015,27424,6651,308,6959,53
2022-06-29,El Dorado,017,186661,29864,3764,33628,225
2022-06-29,Fresno,019,978130,252821,27027,279848,2792
2022-06-29,Glenn,021,27897,5247,1734,6981,56
2022-06-29,Humboldt,023,135768,19569,4007,23576,152
2022-06-29,Imperial,025,180216,59169,11851,71020,948
2022-06-29,Inyo,027,18085,4282,674,4956,56
2022-06-29,Kern,029,883053,203267,51384,254651,2367
2022-06-29,Kings,031,150075,54359,3669,58028,452
2022-06-29,Lake,033,64148,11630,1016,12646,141
2022-06-29,Lassen,035,31185,9351,930,10281,62
2022-06-29,Los Angeles,037,10098052,2988225,146245,3134470,32317
2022-06-29,Madera,039,155013,39855,6804,46659,371
2022-06-29,Marin,041,260295,32481,4553,37034,246
2022-06-29,Mariposa,043,17540,2795,271,3066,28
2022-06-29,Mendocino,045,87422,14522,3786,18308,131
2022-06-29,Merced,047,269075,67557,10081,77638,833
2022-06-29,Modoc,049,8938,790,275,1065,9
2022-06-29,Mono,051,14174,3110,187,3297,7
2022-06-29,Monterey,053,433212,86536,17094,103630,744
2022-06-29,Napa,055,140530,29706,1265,30971,149
2022-06-29,Nevada,057,99092,17621,1492,19113,134
2022-06-29,Orange,059,3164182,606999,51184,658183,7226
2022-06-29,Placer,061,380077,70040,8672,78712,640
2022-06-29,Plumas,063,18699,3302,399,3701,13
2022-06-29,Riverside,065,2383286,634740,30680,665420,6512
2022-06-29,Sacramento,067,1510023,316627,31339,347966,3157
2022-06-29,San Benito,069,59416,14564,721,15285,96
2022-06-29,San Bernardino,071,2135413,612508,26862,639370,7898
2022-06-29,San Diego,073,3302833,836633,61750,898383,5419
2022-06-29,San Francisco,075,870044,159999,10494,170493,939
2022-06-29,San Joaquin,077,732212,181428,11998,193426,2277
2022-06-29,San Luis Obispo,079,281455,58371,5605,63976,501
2022-06-29,San Mateo,081,765935,151162,9397,160559,731
2022-06-29,Santa Barbara,083,443738,95564,5608,101172,703
2022-06-29,Santa Clara,085,1922200,388012,16548,404560,2399
2022-06-29,Santa Cruz,087,273765,56171,2769,58940,267
2022-06-29,Shasta,089,179085,32424,6521,38945,571
2022-06-29,Sierra,091,2930,286,57,343,4
2022-06-29,Siskiyou,093,43540,4804,3007,7811,85
2022-06-29,Solano,095,438530,95197,6802,101999,453
2022-06-29,Sonoma,097,501317,97867,4388,102255,505
2022-06-29,Stanislaus,099,539301,126314,19346,145660,1710
2022-06-29,Sutter,101,95872,21955,2321,24276,228
2022-06-29,Tehama,103,63373,12672,2739,15411,208
2022-06-29,Trinity,105,12862,1263,305,1568,20
2022-06-29,Tulare,107,460477,112415,30514,142929,1512
2022-06-29,Tuolumne,109,53932,13993,734,14727,191
2022-06-29,Ventura,111,848112,190248,12069,202317,1526
2022-06-29,Yolo,113,214977,43949,3540,47489,369
2022-06-29,Yuba,115,75493,17204,1459,18663,129
2022-06-28,Alameda,001,1643700,309094,17038,326132,1914
2022-06-28,Alpine,002,1148,129,1,130,0
2022-06-28,Amador,005,37829,9290,770,10060,87
2022-06-28,Butte,007,227075,36071,7991,44062,448
2022-06-28,Calaveras,009,45235,7840,419,8259,126
2022-06-28,Colusa,011,21464,3575,1129,4704,22
2022-06-28,Contra Costa,013,1133247,226131,17369,243500,1370
2022-06-28,Del Norte,015,27424,6614,306,6920,53
2022-06-28,El Dorado,017,186661,29816,3753,33569,225
2022-06-28,Fresno,019,978130,252385,26970,279355,2792
2022-06-28,Glenn,021,27897,5239,1729,6968,56
2022-06-28,Humboldt,023,135768,19549,4000,23549,151
2022-06-28,Imperial,025,180216,59074,11772,70846,947
2022-06-28,Inyo,027,18085,4275,668,4943,56
2022-06-28,Kern,029,883053,202969,51170,254139,2367
2022-06-28,Kings,031,150075,54278,3664,57942,452
2022-06-28,Lake,033,64148,11619,1014,12633,141
2022-06-28,Lassen,035,31185,9344,930,10274,62
2022-06-28,Los Angeles,037,10098052,2982283,145636,3127919,32309
2022-06-28,Madera,039,155013,39796,6787,46583,371
2022-06-28,Marin,041,260295,32373,4546,36919,246
2022-06-28,Mariposa,043,17540,2787,269,3056,28
2022-06-28,Mendocino,045,87422,14494,3774,18268,131
2022-06-28,Merced,047,269075,67454,10063,77517,833
2022-06-28,Modoc,049,8938,788,274,1062,9
2022-06-28,Mono,051,14174,3103,185,3288,7
2022-06-28,Monterey,053,433212,86411,17047,103458,744
2022-06-28,Napa,055,140530,29638,1262,30900,149
2022-06-28,Nevada,057,99092,17590,1487,19077,134
2022-06-28,Orange,059,3164182,605635,50997,656632,7223
2022-06-28,Placer,061,380077,69880,8653,78533,640
2022-06-28,Plumas,063,18699,3302,398,3700,13
2022-06-28,Riverside,065,2383286,633540,30633,664173,6511
2022-06-28,Sacramento,067,1510023,315952,31273,347225,3155
2022-06-28,San Benito,069,59416,14525,720,15245,96
2022-06-28,San Bernardino,071,2135413,611378,26816,638194,7897
2022-06-28,San Diego,073,3302833,834774,61509,896283,5418
2022-06-28,San Francisco,075,870044,159470,10469,169939,936
2022-06-28,San Joaquin,077,732212,181118,11962,193080,2276
2022-06-28,San Luis Obispo,079,281455,58252,5568,63820,501
2022-06-28,San Mateo,081,765935,150698,9372,160070,731
2022-06-28,Santa Barbara,083,443738,95394,5592,100986,702
2022-06-28,Santa Clara,085,1922200,386890,16490,403380,2396
2022-06-28,Santa Cruz,087,273765,56038,2761,58799,267
2022-06-28,Shasta,089,179085,32377,6508,38885,571
2022-06-28,Sierra,091,2930,286,57,343,4
2022-06-28,Siskiyou,093,43540,4798,3001,7799,85
2022-06-28,Solano,095,438530,94922,6784,101706,453
2022-06-28,Sonoma,097,501317,97657,4372,102029,505
2022-06-28,Stanislaus,099,539301,126113,19323,145436,1710
2022-06-28,Sutter,101,95872,21920,2319,24239,228
2022-06-28,Tehama,103,63373,12652,2735,15387,208
2022-06-28,Trinity,105,12862,1260,303,1563,20
2022-06-28,Tulare,107,460477,112229,30439,142668,1512
2022-06-28,Tuolumne,109,53932,13962,728,14690,191
2022-06-28,Ventura,111,848112,189925,11991,201916,1526
2022-06-28,Yolo,113,214977,43838,3534,47372,368
2022-06-28,Yuba,115,75493,17168,1455,18623,129
2022-06-27,Alameda,001,1643700,308155,16983,325138,1913
2022-06-27,Alpine,002,1148,129,1,130,0
2022-06-27,Amador,005,37829,9275,768,10043,87
2022-06-27,Butte,007,227075,36017,7972,43989,448
2022-06-27,Calaveras,009,45235,7826,419,8245,126
2022-06-27,Colusa,011,21464,3571,1127,4698,22
2022-06-27,Contra Costa,013,1133247,225450,17305,242755,1370
2022-06-27,Del Norte,015,27424,6593,300,6893,53
2022-06-27,El Dorado,017,186661,29751,3735,33486,225
2022-06-27,Fresno,019,978130,251912,26898,278810,2792
2022-06-27,Glenn,021,27897,5233,1722,6955,56
2022-06-27,Humboldt,023,135768,19514,3988,23502,151
2022-06-27,Imperial,025,180216,58937,11706,70643,947
2022-06-27,Inyo,027,18085,4265,659,4924,56
2022-06-27,Kern,029,883053,202603,50964,253567,2366
2022-06-27,Kings,031,150075,54191,3661,57852,452
2022-06-27,Lake,033,64148,11600,1009,12609,140
2022-06-27,Lassen,035,31185,9335,930,10265,62
2022-06-27,Los Angeles,037,10098052,2976081,145071,3121152,32299
2022-06-27,Madera,039,155013,39731,6775,46506,371
2022-06-27,Marin,041,260295,32266,4533,36799,246
2022-06-27,Mariposa,043,17540,2778,267,3045,28
2022-06-27,Mendocino,045,87422,14464,3768,18232,131
2022-06-27,Merced,047,269075,67345,10028,77373,833
2022-06-27,Modoc,049,8938,783,273,1056,9
2022-06-27,Mono,051,14174,3102,185,3287,7
2022-06-27,Monterey,053,433212,86260,16986,103246,744
2022-06-27,Napa,055,140530,29567,1259,30826,149
2022-06-27,Nevada,057,99092,17560,1473,19033,134
2022-06-27,Orange,059,3164182,604263,50774,655037,7221
2022-06-27,Placer,061,380077,69765,8628,78393,640
2022-06-27,Plumas,063,18699,3297,397,3694,13
2022-06-27,Riverside,065,2383286,632388,30567,662955,6509
2022-06-27,Sacramento,067,1510023,315226,31215,346441,3152
2022-06-27,San Benito,069,59416,14470,717,15187,96
2022-06-27,San Bernardino,071,2135413,610267,26769,637036,7895
2022-06-27,San Diego,073,3302833,832853,61279,894132,5416
2022-06-27,San Francisco,075,870044,158917,10443,169360,934
2022-06-27,San Joaquin,077,732212,180773,11920,192693,2276
2022-06-27,San Luis Obispo,079,281455,58137,5531,63668,501
2022-06-27,San Mateo,081,765935,150220,9338,159558,731
2022-06-27,Santa Barbara,083,443738,95207,5578,100785,701
2022-06-27,Santa Clara,085,1922200,385465,16436,401901,2394
2022-06-27,Santa Cruz,087,273765,55868,2753,58621,267
2022-06-27,Shasta,089,179085,32316,6490,38806,571
2022-06-27,Sierra,091,2930,286,57,343,4
2022-06-27,Siskiyou,093,43540,4788,2994,7782,85
2022-06-27,Solano,095,438530,94611,6752,101363,453
2022-06-27,Sonoma,097,501317,97464,4353,101817,505
2022-06-27,Stanislaus,099,539301,125887,19302,145189,1710
2022-06-27,Sutter,101,95872,21880,2316,24196,228
2022-06-27,Tehama,103,63373,12630,2733,15363,208
2022-06-27,Trinity,105,12862,1258,301,1559,20
2022-06-27,Tulare,107,460477,112052,30353,142405,1512
2022-06-27,Tuolumne,109,53932,13927,720,14647,191
2022-06-27,Ventura,111,848112,189545,11929,201474,1526
2022-06-27,Yolo,113,214977,43712,3526,47238,367
2022-06-27,Yuba,115,75493,17140,1452,18592,129
2022-06-26,Alameda,001,1643700,307074,16928,324002,1912
2022-06-26,Alpine,002,1148,129,1,130,0
2022-06-26,Amador,005,37829,9236,766,10002,87
2022-06-26,Butte,007,227075,35944,7946,43890,448
2022-06-26,Calaveras,009,45235,7811,416,8227,126
2022-06-26,Colusa,011,21464,3562,1123,4685,22
2022-06-26,Contra Costa,013,1133247,224823,17221,242044,1368
2022-06-26,Del Norte,015,27424,6571,296,6867,53
2022-06-26,El Dorado,017,186661,29668,3710,33378,225
2022-06-26,Fresno,019,978130,251372,26832,278204,2792
2022-06-26,Glenn,021,27897,5228,1719,6947,56
2022-06-26,Humboldt,023,135768,19479,3977,23456,151
2022-06-26,Imperial,025,180216,58789,11611,70400,947
2022-06-26,Inyo,027,18085,4254,646,4900,56
2022-06-26,Kern,029,883053,202294,50762,253056,2365
2022-06-26,Kings,031,150075,54083,3657,57740,452
2022-06-26,Lake,033,64148,11581,1007,12588,140
2022-06-26,Lassen,035,31185,9326,930,10256,62
2022-06-26,Los Angeles,037,10098052,2969488,144429,3113917,32290
2022-06-26,Madera,039,155013,39662,6755,46417,371
2022-06-26,Marin,041,260295,32146,4512,36658,246
2022-06-26,Mariposa,043,17540,2770,267,3037,28
2022-06-26,Mendocino,045,87422,14435,3741,18176,130
2022-06-26,Merced,047,269075,67214,10001,77215,833
2022-06-26,Modoc,049,8938,782,271,1053,9
2022-06-26,Mono,051,14174,3092,185,3277,7
2022-06-26,Monterey,053,433212,86085,16926,103011,744
2022-06-26,Napa,055,140530,29486,1256,30742,149
2022-06-26,Nevada,057,99092,17516,1469,18985,134
2022-06-26,Orange,059,3164182,602766,50561,653327,7216
2022-06-26,Placer,061,380077,69636,8599,78235,640
2022-06-26,Plumas,063,18699,3286,397,3683,13
2022-06-26,Riverside,065,2383286,631161,30510,661671,6507
2022-06-26,Sacramento,067,1510023,314402,31147,345549,3152
2022-06-26,San Benito,069,59416,14425,714,15139,96
2022-06-26,San Bernardino,071,2135413,609055,26710,635765,7894
2022-06-26,San Diego,073,3302833,830669,61107,891776,5416
2022-06-26,San Francisco,075,870044,158286,10391,168677,932
2022-06-26,San Joaquin,077,732212,180395,11875,192270,2276
2022-06-26,San Luis Obispo,079,281455,58002,5480,63482,501
2022-06-26,San Mateo,081,765935,149702,9308,159010,730
2022-06-26,Santa Barbara,083,443738,94999,5550,100549,701
2022-06-26,Santa Clara,085,1922200,384081,16356,400437,2393
2022-06-26,Santa Cruz,087,273765,55711,2744,58455,267
2022-06-26,Shasta,089,179085,32233,6472,38705,571
2022-06-26,Sierra,091,2930,285,57,342,4
2022-06-26,Siskiyou,093,43540,4770,2987,7757,85
2022-06-26,Solano,095,438530,94338,6714,101052,453
2022-06-26,Sonoma,097,501317,97229,4317,101546,505
2022-06-26,Stanislaus,099,539301,125686,19273,144959,1710
2022-06-26,Sutter,101,95872,21840,2315,24155,228
2022-06-26,Tehama,103,63373,12613,2727,15340,208
2022-06-26,Trinity,105,12862,1253,299,1552,20
2022-06-26,Tulare,107,460477,111871,30273,142144,1512
2022-06-26,Tuolumne,109,53932,13899,713,14612,191
2022-06-26,Ventura,111,848112,189150,11850,201000,1525
2022-06-26,Yolo,113,214977,43597,3512,47109,367
2022-06-26,Yuba,115,75493,17103,1443,18546,128
2022-06-25,Alameda,001,1643700,306605,16913,323518,1911
2022-06-25,Alpine,002,1148,129,1,130,0
2022-06-25,Amador,005,37829,9226,765,9991,87
2022-06-25,Butte,007,227075,35905,7924,43829,448
2022-06-25,Calaveras,009,45235,7802,416,8218,126
2022-06-25,Colusa,011,21464,3557,1123,4680,22
2022-06-25,Contra Costa,013,1133247,224462,17178,241640,1368
2022-06-25,Del Norte,015,27424,6557,293,6850,53
2022-06-25,El Dorado,017,186661,29629,3704,33333,225
2022-06-25,Fresno,019,978130,251139,26806,277945,2792
2022-06-25,Glenn,021,27897,5223,1717,6940,56
2022-06-25,Humboldt,023,135768,19458,3966,23424,151
2022-06-25,Imperial,025,180216,58707,11580,70287,947
2022-06-25,Inyo,027,18085,4252,642,4894,56
2022-06-25,Kern,029,883053,202135,50657,252792,2365
2022-06-25,Kings,031,150075,54045,3657,57702,452
2022-06-25,Lake,033,64148,11572,1006,12578,140
2022-06-25,Lassen,035,31185,9320,928,10248,62
2022-06-25,Los Angeles,037,10098052,2966472,144047,3110519,32276
2022-06-25,Madera,039,155013,39629,6752,46381,371
2022-06-25,Marin,041,260295,32093,4505,36598,246
2022-06-25,Mariposa,043,17540,2768,267,3035,28
2022-06-25,Mendocino,045,87422,14423,3736,18159,130
2022-06-25,Merced,047,269075,67137,9998,77135,833
2022-06-25,Modoc,049,8938,782,271,1053,9
2022-06-25,Mono,051,14174,3087,185,3272,7
2022-06-25,Monterey,053,433212,85984,16897,102881,744
2022-06-25,Napa,055,140530,29455,1252,30707,148
2022-06-25,Nevada,057,99092,17492,1465,18957,134
2022-06-25,Orange,059,3164182,602059,50419,652478,7212
2022-06-25,Placer,061,380077,69537,8579,78116,639
2022-06-25,Plumas,063,18699,3282,397,3679,13
2022-06-25,Riverside,065,2383286,630516,30468,660984,6505
2022-06-25,Sacramento,067,1510023,314091,31119,345210,3151
2022-06-25,San Benito,069,59416,14400,713,15113,96
2022-06-25,San Bernardino,071,2135413,608453,26682,635135,7893
2022-06-25,San Diego,073,3302833,829762,61043,890805,5414
2022-06-25,San Francisco,075,870044,157990,10373,168363,932
2022-06-25,San Joaquin,077,732212,180245,11860,192105,2276
2022-06-25,San Luis Obispo,079,281455,57931,5470,63401,500
2022-06-25,San Mateo,081,765935,149426,9287,158713,729
2022-06-25,Santa Barbara,083,443738,94856,5537,100393,701
2022-06-25,Santa Clara,085,1922200,383226,16328,399554,2392
2022-06-25,Santa Cruz,087,273765,55641,2741,58382,267
2022-06-25,Shasta,089,179085,32197,6458,38655,571
2022-06-25,Sierra,091,2930,285,57,342,4
2022-06-25,Siskiyou,093,43540,4767,2984,7751,85
2022-06-25,Solano,095,438530,94253,6693,100946,453
2022-06-25,Sonoma,097,501317,97118,4306,101424,505
2022-06-25,Stanislaus,099,539301,125556,19254,144810,1709
2022-06-25,Sutter,101,95872,21819,2314,24133,228
2022-06-25,Tehama,103,63373,12601,2722,15323,208
2022-06-25,Trinity,105,12862,1252,297,1549,20
2022-06-25,Tulare,107,460477,111789,30232,142021,1512
2022-06-25,Tuolumne,109,53932,13880,710,14590,191
2022-06-25,Ventura,111,848112,188942,11822,200764,1525
2022-06-25,Yolo,113,214977,43532,3506,47038,367
2022-06-25,Yuba,115,75493,17082,1442,18524,128
2022-06-24,Alameda,001,1643700,306029,16879,322908,1910
2022-06-24,Alpine,002,1148,129,1,130,0
2022-06-24,Amador,005,37829,9219,763,9982,87
2022-06-24,Butte,007,227075,35875,7910,43785,448
2022-06-24,Calaveras,009,45235,7797,415,8212,126
2022-06-24,Colusa,011,21464,3556,1120,4676,22
2022-06-24,Contra Costa,013,1133247,224121,17151,241272,1368
2022-06-24,Del Norte,015,27424,6546,291,6837,53
2022-06-24,El Dorado,017,186661,29586,3700,33286,225
2022-06-24,Fresno,019,978130,250847,26770,277617,2792
2022-06-24,Glenn,021,27897,5221,1717,6938,56
2022-06-24,Humboldt,023,135768,19427,3961,23388,151
2022-06-24,Imperial,025,180216,58635,11550,70185,947
2022-06-24,Inyo,027,18085,4250,638,4888,56
2022-06-24,Kern,029,883053,201960,50561,252521,2362
2022-06-24,Kings,031,150075,54001,3653,57654,452
2022-06-24,Lake,033,64148,11561,1006,12567,140
2022-06-24,Lassen,035,31185,9317,927,10244,62
2022-06-24,Los Angeles,037,10098052,2963185,143722,3106907,32270
2022-06-24,Madera,039,155013,39583,6746,46329,371
2022-06-24,Marin,041,260295,32017,4493,36510,246
2022-06-24,Mariposa,043,17540,2761,267,3028,28
2022-06-24,Mendocino,045,87422,14414,3733,18147,130
2022-06-24,Merced,047,269075,67099,9989,77088,833
2022-06-24,Modoc,049,8938,782,271,1053,9
2022-06-24,Mono,051,14174,3083,184,3267,7
2022-06-24,Monterey,053,433212,85903,16871,102774,743
2022-06-24,Napa,055,140530,29427,1251,30678,148
2022-06-24,Nevada,057,99092,17476,1459,18935,134
2022-06-24,Orange,059,3164182,601369,50273,651642,7209
2022-06-24,Placer,061,380077,69460,8562,78022,638
2022-06-24,Plumas,063,18699,3278,397,3675,13
2022-06-24,Riverside,065,2383286,629869,30424,660293,6505
2022-06-24,Sacramento,067,1510023,313695,31092,344787,3150
2022-06-24,San Benito,069,59416,14387,711,15098,96
2022-06-24,San Bernardino,071,2135413,607866,26657,634523,7892
2022-06-24,San Diego,073,3302833,828724,60961,889685,5413
2022-06-24,San Francisco,075,870044,157678,10346,168024,931
2022-06-24,San Joaquin,077,732212,180067,11834,191901,2276
2022-06-24,San Luis Obispo,079,281455,57886,5465,63351,500
2022-06-24,San Mateo,081,765935,149090,9274,158364,729
2022-06-24,Santa Barbara,083,443738,94725,5534,100259,701
2022-06-24,Santa Clara,085,1922200,382393,16275,398668,2391
2022-06-24,Santa Cruz,087,273765,55540,2730,58270,267
2022-06-24,Shasta,089,179085,32167,6449,38616,571
2022-06-24,Sierra,091,2930,285,57,342,4
2022-06-24,Siskiyou,093,43540,4759,2983,7742,85
2022-06-24,Solano,095,438530,94101,6679,100780,453
2022-06-24,Sonoma,097,501317,96978,4289,101267,505
2022-06-24,Stanislaus,099,539301,125431,19232,144663,1709
2022-06-24,Sutter,101,95872,21804,2313,24117,228
2022-06-24,Tehama,103,63373,12586,2716,15302,208
2022-06-24,Trinity,105,12862,1249,297,1546,20
2022-06-24,Tulare,107,460477,111689,30174,141863,1512
2022-06-24,Tuolumne,109,53932,13861,704,14565,191
2022-06-24,Ventura,111,848112,188715,11793,200508,1524
2022-06-24,Yolo,113,214977,43439,3497,46936,367
2022-06-24,Yuba,115,75493,17064,1442,18506,128
2022-06-23,Alameda,001,1643700,305206,16818,322024,1910
2022-06-23,Alpine,002,1148,129,1,130,0
2022-06-23,Amador,005,37829,9210,762,9972,87
2022-06-23,Butte,007,227075,35815,7891,43706,447
2022-06-23,Calaveras,009,45235,7786,414,8200,126
2022-06-23,Colusa,011,21464,3549,1118,4667,22
2022-06-23,Contra Costa,013,1133247,223610,17056,240666,1367
2022-06-23,Del Norte,015,27424,6514,289,6803,53
2022-06-23,El Dorado,017,186661,29529,3688,33217,225
2022-06-23,Fresno,019,978130,250436,26707,277143,2790
2022-06-23,Glenn,021,27897,5218,1708,6926,56
2022-06-23,Humboldt,023,135768,19405,3957,23362,151
2022-06-23,Imperial,025,180216,58561,11497,70058,947
2022-06-23,Inyo,027,18085,4247,635,4882,56
2022-06-23,Kern,029,883053,201676,50411,252087,2359
2022-06-23,Kings,031,150075,53941,3650,57591,452
2022-06-23,Lake,033,64148,11540,1006,12546,140
2022-06-23,Lassen,035,31185,9307,926,10233,62
2022-06-23,Los Angeles,037,10098052,2958515,143180,3101695,32257
2022-06-23,Madera,039,155013,39520,6731,46251,371
2022-06-23,Marin,041,260295,31903,4469,36372,246
2022-06-23,Mariposa,043,17540,2749,267,3016,28
2022-06-23,Mendocino,045,87422,14385,3729,18114,130
2022-06-23,Merced,047,269075,67021,9973,76994,832
2022-06-23,Modoc,049,8938,781,271,1052,9
2022-06-23,Mono,051,14174,3081,183,3264,7
2022-06-23,Monterey,053,433212,85757,16819,102576,742
2022-06-23,Napa,055,140530,29369,1250,30619,148
2022-06-23,Nevada,057,99092,17443,1459,18902,134
2022-06-23,Orange,059,3164182,600351,50087,650438,7209
2022-06-23,Placer,061,380077,69320,8536,77856,637
2022-06-23,Plumas,063,18699,3273,395,3668,13
2022-06-23,Riverside,065,2383286,628947,30376,659323,6503
2022-06-23,Sacramento,067,1510023,313090,31045,344135,3149
2022-06-23,San Benito,069,59416,14356,709,15065,96
2022-06-23,San Bernardino,071,2135413,607070,26623,633693,7891
2022-06-23,San Diego,073,3302833,827254,60762,888016,5412
2022-06-23,San Francisco,075,870044,157218,10314,167532,931
2022-06-23,San Joaquin,077,732212,179789,11807,191596,2276
2022-06-23,San Luis Obispo,079,281455,57797,5433,63230,500
2022-06-23,San Mateo,081,765935,148741,9240,157981,729
2022-06-23,Santa Barbara,083,443738,94559,5506,100065,700
2022-06-23,Santa Clara,085,1922200,381396,16227,397623,2389
2022-06-23,Santa Cruz,087,273765,55429,2718,58147,267
2022-06-23,Shasta,089,179085,32125,6437,38562,571
2022-06-23,Sierra,091,2930,284,57,341,4
2022-06-23,Siskiyou,093,43540,4753,2976,7729,85
2022-06-23,Solano,095,438530,93851,6637,100488,453
2022-06-23,Sonoma,097,501317,96782,4269,101051,505
2022-06-23,Stanislaus,099,539301,125251,19201,144452,1709
2022-06-23,Sutter,101,95872,21770,2313,24083,228
2022-06-23,Tehama,103,63373,12577,2713,15290,208
2022-06-23,Trinity,105,12862,1247,297,1544,20
2022-06-23,Tulare,107,460477,111562,30105,141667,1512
2022-06-23,Tuolumne,109,53932,13834,692,14526,189
2022-06-23,Ventura,111,848112,188419,11756,200175,1524
2022-06-23,Yolo,113,214977,43334,3486,46820,367
2022-06-23,Yuba,115,75493,17043,1436,18479,127
2022-06-22,Alameda,001,1643700,304380,16759,321139,1909
2022-06-22,Alpine,002,1148,129,1,130,0
2022-06-22,Amador,005,37829,9204,761,9965,87
2022-06-22,Butte,007,227075,35749,7873,43622,446
2022-06-22,Calaveras,009,45235,7774,414,8188,125
2022-06-22,Colusa,011,21464,3546,1118,4664,22
2022-06-22,Contra Costa,013,1133247,223087,17001,240088,1364
2022-06-22,Del Norte,015,27424,6496,288,6784,52
2022-06-22,El Dorado,017,186661,29466,3675,33141,225
2022-06-22,Fresno,019,978130,250013,26652,276665,2790
2022-06-22,Glenn,021,27897,5216,1703,6919,56
2022-06-22,Humboldt,023,135768,19353,3937,23290,151
2022-06-22,Imperial,025,180216,58460,11463,69923,947
2022-06-22,Inyo,027,18085,4242,634,4876,56
2022-06-22,Kern,029,883053,201403,50277,251680,2359
2022-06-22,Kings,031,150075,53877,3646,57523,452
2022-06-22,Lake,033,64148,11523,1000,12523,140
2022-06-22,Lassen,035,31185,9299,924,10223,62
2022-06-22,Los Angeles,037,10098052,2953551,142715,3096266,32247
2022-06-22,Madera,039,155013,39463,6712,46175,371
2022-06-22,Marin,041,260295,31800,4463,36263,246
2022-06-22,Mariposa,043,17540,2743,264,3007,28
2022-06-22,Mendocino,045,87422,14369,3708,18077,130
2022-06-22,Merced,047,269075,66924,9949,76873,832
2022-06-22,Modoc,049,8938,780,267,1047,9
2022-06-22,Mono,051,14174,3080,181,3261,7
2022-06-22,Monterey,053,433212,85630,16776,102406,742
2022-06-22,Napa,055,140530,29298,1246,30544,148
2022-06-22,Nevada,057,99092,17424,1449,18873,134
2022-06-22,Orange,059,3164182,599152,49895,649047,7208
2022-06-22,Placer,061,380077,69205,8515,77720,636
2022-06-22,Plumas,063,18699,3263,395,3658,13
2022-06-22,Riverside,065,2383286,628096,30321,658417,6502
2022-06-22,Sacramento,067,1510023,312462,31009,343471,3146
2022-06-22,San Benito,069,59416,14331,706,15037,96
2022-06-22,San Bernardino,071,2135413,606271,26593,632864,7888
2022-06-22,San Diego,073,3302833,825650,60573,886223,5411
2022-06-22,San Francisco,075,870044,156740,10284,167024,930
2022-06-22,San Joaquin,077,732212,179526,11784,191310,2275
2022-06-22,San Luis Obispo,079,281455,57707,5398,63105,499
2022-06-22,San Mateo,081,765935,148331,9217,157548,729
2022-06-22,Santa Barbara,083,443738,94411,5492,99903,700
2022-06-22,Santa Clara,085,1922200,380294,16117,396411,2388
2022-06-22,Santa Cruz,087,273765,55310,2705,58015,266
2022-06-22,Shasta,089,179085,32080,6422,38502,571
2022-06-22,Sierra,091,2930,284,57,341,4
2022-06-22,Siskiyou,093,43540,4746,2973,7719,85
2022-06-22,Solano,095,438530,93592,6571,100163,453
2022-06-22,Sonoma,097,501317,96572,4248,100820,503
2022-06-22,Stanislaus,099,539301,125054,19144,144198,1708
2022-06-22,Sutter,101,95872,21738,2312,24050,228
2022-06-22,Tehama,103,63373,12566,2711,15277,208
2022-06-22,Trinity,105,12862,1245,297,1542,20
2022-06-22,Tulare,107,460477,111426,30025,141451,1512
2022-06-22,Tuolumne,109,53932,13815,686,14501,188
2022-06-22,Ventura,111,848112,188114,11704,199818,1524
2022-06-22,Yolo,113,214977,43212,3475,46687,367
2022-06-22,Yuba,115,75493,17022,1432,18454,127
2022-06-21,Alameda,001,1643700,303582,16722,320304,1908
2022-06-21,Alpine,002,1148,129,1,130,0
2022-06-21,Amador,005,37829,9197,758,9955,87
2022-06-21,Butte,007,227075,35677,7862,43539,446
2022-06-21,Calaveras,009,45235,7765,413,8178,124
2022-06-21,Colusa,011,21464,3544,1116,4660,22
2022-06-21,Contra Costa,013,1133247,222523,16952,239475,1361
2022-06-21,Del Norte,015,27424,6465,286,6751,52
2022-06-21,El Dorado,017,186661,29394,3668,33062,225
2022-06-21,Fresno,019,978130,249575,26585,276160,2790
2022-06-21,Glenn,021,27897,5209,1701,6910,56
2022-06-21,Humboldt,023,135768,19301,3924,23225,151
2022-06-21,Imperial,025,180216,58365,11428,69793,947
2022-06-21,Inyo,027,18085,4237,628,4865,56
2022-06-21,Kern,029,883053,201081,50094,251175,2359
2022-06-21,Kings,031,150075,53802,3645,57447,452
2022-06-21,Lake,033,64148,11500,997,12497,140
2022-06-21,Lassen,035,31185,9289,921,10210,62
2022-06-21,Los Angeles,037,10098052,2948727,142206,3090933,32238
2022-06-21,Madera,039,155013,39379,6701,46080,371
2022-06-21,Marin,041,260295,31710,4451,36161,246
2022-06-21,Mariposa,043,17540,2737,263,3000,28
2022-06-21,Mendocino,045,87422,14340,3699,18039,130
2022-06-21,Merced,047,269075,66824,9916,76740,831
2022-06-21,Modoc,049,8938,777,266,1043,9
2022-06-21,Mono,051,14174,3078,180,3258,7
2022-06-21,Monterey,053,433212,85474,16734,102208,742
2022-06-21,Napa,055,140530,29245,1245,30490,147
2022-06-21,Nevada,057,99092,17396,1446,18842,134
2022-06-21,Orange,059,3164182,597950,49744,647694,7205
2022-06-21,Placer,061,380077,69077,8491,77568,636
2022-06-21,Plumas,063,18699,3254,394,3648,13
2022-06-21,Riverside,065,2383286,627133,30261,657394,6501
2022-06-21,Sacramento,067,1510023,311768,30957,342725,3142
2022-06-21,San Benito,069,59416,14295,703,14998,96
2022-06-21,San Bernardino,071,2135413,605445,26546,631991,7884
2022-06-21,San Diego,073,3302833,823970,60371,884341,5409
2022-06-21,San Francisco,075,870044,156263,10253,166516,930
2022-06-21,San Joaquin,077,732212,179207,11755,190962,2274
2022-06-21,San Luis Obispo,079,281455,57596,5353,62949,499
2022-06-21,San Mateo,081,765935,147838,9197,157035,729
2022-06-21,Santa Barbara,083,443738,94244,5478,99722,699
2022-06-21,Santa Clara,085,1922200,379128,16068,395196,2384
2022-06-21,Santa Cruz,087,273765,55180,2697,57877,266
2022-06-21,Shasta,089,179085,32034,6404,38438,571
2022-06-21,Sierra,091,2930,284,57,341,4
2022-06-21,Siskiyou,093,43540,4738,2965,7703,84
2022-06-21,Solano,095,438530,93329,6553,99882,453
2022-06-21,Sonoma,097,501317,96335,4224,100559,503
2022-06-21,Stanislaus,099,539301,124862,19114,143976,1708
2022-06-21,Sutter,101,95872,21714,2310,24024,228
2022-06-21,Tehama,103,63373,12552,2711,15263,208
2022-06-21,Trinity,105,12862,1239,297,1536,20
2022-06-21,Tulare,107,460477,111288,29967,141255,1512
2022-06-21,Tuolumne,109,53932,13791,680,14471,187
2022-06-21,Ventura,111,848112,187791,11649,199440,1523
2022-06-21,Yolo,113,214977,43080,3463,46543,367
2022-06-21,Yuba,115,75493,16993,1431,18424,127
2022-06-20,Alameda,001,1643700,302683,16660,319343,1907
2022-06-20,Alpine,002,1148,129,1,130,0
2022-06-20,Amador,005,37829,9187,756,9943,87
2022-06-20,Butte,007,227075,35607,7847,43454,446
2022-06-20,Calaveras,009,45235,7757,413,8170,124
2022-06-20,Colusa,011,21464,3543,1115,4658,22
2022-06-20,Contra Costa,013,1133247,221921,16884,238805,1358
2022-06-20,Del Norte,015,27424,6453,282,6735,52
2022-06-20,El Dorado,017,186661,29324,3649,32973,225
2022-06-20,Fresno,019,978130,249084,26517,275601,2790
2022-06-20,Glenn,021,27897,5205,1698,6903,56
2022-06-20,Humboldt,023,135768,19253,3907,23160,150
2022-06-20,Imperial,025,180216,58232,11393,69625,947
2022-06-20,Inyo,027,18085,4233,623,4856,56
2022-06-20,Kern,029,883053,200784,49946,250730,2359
2022-06-20,Kings,031,150075,53721,3643,57364,452
2022-06-20,Lake,033,64148,11478,995,12473,140
2022-06-20,Lassen,035,31185,9284,920,10204,62
2022-06-20,Los Angeles,037,10098052,2943317,141724,3085041,32226
2022-06-20,Madera,039,155013,39317,6683,46000,371
2022-06-20,Marin,041,260295,31607,4428,36035,246
2022-06-20,Mariposa,043,17540,2723,263,2986,28
2022-06-20,Mendocino,045,87422,14311,3694,18005,130
2022-06-20,Merced,047,269075,66731,9890,76621,831
2022-06-20,Modoc,049,8938,776,265,1041,9
2022-06-20,Mono,051,14174,3077,177,3254,7
2022-06-20,Monterey,053,433212,85325,16670,101995,742
2022-06-20,Napa,055,140530,29173,1242,30415,147
2022-06-20,Nevada,057,99092,17371,1437,18808,134
2022-06-20,Orange,059,3164182,596669,49579,646248,7205
2022-06-20,Placer,061,380077,68957,8463,77420,634
2022-06-20,Plumas,063,18699,3248,394,3642,13
2022-06-20,Riverside,065,2383286,626193,30193,656386,6498
2022-06-20,Sacramento,067,1510023,311061,30880,341941,3142
2022-06-20,San Benito,069,59416,14249,697,14946,96
2022-06-20,San Bernardino,071,2135413,604543,26508,631051,7883
2022-06-20,San Diego,073,3302833,821982,60117,882099,5407
2022-06-20,San Francisco,075,870044,155647,10214,165861,929
2022-06-20,San Joaquin,077,732212,178880,11709,190589,2274
2022-06-20,San Luis Obispo,079,281455,57492,5305,62797,498
2022-06-20,San Mateo,081,765935,147330,9172,156502,729
2022-06-20,Santa Barbara,083,443738,94059,5453,99512,699
2022-06-20,Santa Clara,085,1922200,377923,16007,393930,2383
2022-06-20,Santa Cruz,087,273765,55007,2690,57697,265
2022-06-20,Shasta,089,179085,31977,6392,38369,571
2022-06-20,Sierra,091,2930,284,56,340,4
2022-06-20,Siskiyou,093,43540,4725,2953,7678,84
2022-06-20,Solano,095,438530,92997,6531,99528,453
2022-06-20,Sonoma,097,501317,96096,4198,100294,503
2022-06-20,Stanislaus,099,539301,124676,19085,143761,1708
2022-06-20,Sutter,101,95872,21683,2292,23975,228
2022-06-20,Tehama,103,63373,12537,2708,15245,208
2022-06-20,Trinity,105,12862,1234,297,1531,20
2022-06-20,Tulare,107,460477,111142,29902,141044,1512
2022-06-20,Tuolumne,109,53932,13755,680,14435,187
2022-06-20,Ventura,111,848112,187455,11609,199064,1523
2022-06-20,Yolo,113,214977,42918,3445,46363,367
2022-06-20,Yuba,115,75493,16967,1425,18392,126
2022-06-19,Alameda,001,1643700,301764,16629,318393,1906
2022-06-19,Alpine,002,1148,129,1,130,0
2022-06-19,Amador,005,37829,9137,743,9880,87
2022-06-19,Butte,007,227075,35545,7824,43369,446
2022-06-19,Calaveras,009,45235,7739,412,8151,124
2022-06-19,Colusa,011,21464,3539,1111,4650,21
2022-06-19,Contra Costa,013,1133247,221231,16819,238050,1357
2022-06-19,Del Norte,015,27424,6436,279,6715,52
2022-06-19,El Dorado,017,186661,29243,3634,32877,225
2022-06-19,Fresno,019,978130,248633,26448,275081,2789
2022-06-19,Glenn,021,27897,5196,1696,6892,56
2022-06-19,Humboldt,023,135768,19207,3882,23089,150
2022-06-19,Imperial,025,180216,58109,11360,69469,947
2022-06-19,Inyo,027,18085,4232,622,4854,56
2022-06-19,Kern,029,883053,200417,49773,250190,2359
2022-06-19,Kings,031,150075,53627,3640,57267,452
2022-06-19,Lake,033,64148,11464,994,12458,140
2022-06-19,Lassen,035,31185,9271,920,10191,62
2022-06-19,Los Angeles,037,10098052,2938450,141168,3079618,32218
2022-06-19,Madera,039,155013,39225,6662,45887,371
2022-06-19,Marin,041,260295,31479,4418,35897,246
2022-06-19,Mariposa,043,17540,2716,262,2978,28
2022-06-19,Mendocino,045,87422,14284,3681,17965,130
2022-06-19,Merced,047,269075,66630,9860,76490,831
2022-06-19,Modoc,049,8938,773,264,1037,9
2022-06-19,Mono,051,14174,3075,176,3251,7
2022-06-19,Monterey,053,433212,85177,16624,101801,742
2022-06-19,Napa,055,140530,29112,1238,30350,147
2022-06-19,Nevada,057,99092,17341,1429,18770,134
2022-06-19,Orange,059,3164182,595367,49379,644746,7203
2022-06-19,Placer,061,380077,68838,8435,77273,634
2022-06-19,Plumas,063,18699,3240,394,3634,13
2022-06-19,Riverside,065,2383286,625320,30144,655464,6497
2022-06-19,Sacramento,067,1510023,310330,30823,341153,3139
2022-06-19,San Benito,069,59416,14230,695,14925,96
2022-06-19,San Bernardino,071,2135413,603718,26471,630189,7882
2022-06-19,San Diego,073,3302833,820451,59994,880445,5406
2022-06-19,San Francisco,075,870044,155128,10175,165303,928
2022-06-19,San Joaquin,077,732212,178557,11671,190228,2273
2022-06-19,San Luis Obispo,079,281455,57351,5248,62599,497
2022-06-19,San Mateo,081,765935,146875,9139,156014,729
2022-06-19,Santa Barbara,083,443738,93889,5437,99326,699
2022-06-19,Santa Clara,085,1922200,376745,15944,392689,2381
2022-06-19,Santa Cruz,087,273765,54844,2671,57515,265
2022-06-19,Shasta,089,179085,31918,6381,38299,571
2022-06-19,Sierra,091,2930,284,56,340,4
2022-06-19,Siskiyou,093,43540,4713,2947,7660,84
2022-06-19,Solano,095,438530,92738,6518,99256,453
2022-06-19,Sonoma,097,501317,95854,4177,100031,503
2022-06-19,Stanislaus,099,539301,124490,19036,143526,1708
2022-06-19,Sutter,101,95872,21648,2284,23932,228
2022-06-19,Tehama,103,63373,12528,2702,15230,208
2022-06-19,Trinity,105,12862,1231,297,1528,20
2022-06-19,Tulare,107,460477,110958,29847,140805,1510
2022-06-19,Tuolumne,109,53932,13728,680,14408,187
2022-06-19,Ventura,111,848112,187103,11564,198667,1523
2022-06-19,Yolo,113,214977,42830,3432,46262,366
2022-06-19,Yuba,115,75493,16935,1422,18357,126
2022-06-18,Alameda,001,1643700,301297,16609,317906,1903
2022-06-18,Alpine,002,1148,129,1,130,0
2022-06-18,Amador,005,37829,9130,739,9869,87
2022-06-18,Butte,007,227075,35495,7813,43308,446
2022-06-18,Calaveras,009,45235,7727,412,8139,124
2022-06-18,Colusa,011,21464,3536,1111,4647,21
2022-06-18,Contra Costa,013,1133247,220916,16791,237707,1356
2022-06-18,Del Norte,015,27424,6430,278,6708,52
2022-06-18,El Dorado,017,186661,29214,3631,32845,224
2022-06-18,Fresno,019,978130,248432,26429,274861,2789
2022-06-18,Glenn,021,27897,5193,1695,6888,56
2022-06-18,Humboldt,023,135768,19178,3875,23053,150
2022-06-18,Imperial,025,180216,58039,11347,69386,947
2022-06-18,Inyo,027,18085,4231,621,4852,56
2022-06-18,Kern,029,883053,200293,49676,249969,2358
2022-06-18,Kings,031,150075,53591,3639,57230,452
2022-06-18,Lake,033,64148,11453,992,12445,140
2022-06-18,Lassen,035,31185,9267,920,10187,62
2022-06-18,Los Angeles,037,10098052,2936007,140878,3076885,32213
2022-06-18,Madera,039,155013,39201,6656,45857,371
2022-06-18,Marin,041,260295,31415,4408,35823,246
2022-06-18,Mariposa,043,17540,2711,262,2973,28
2022-06-18,Mendocino,045,87422,14262,3678,17940,130
2022-06-18,Merced,047,269075,66565,9850,76415,831
2022-06-18,Modoc,049,8938,773,264,1037,9
2022-06-18,Mono,051,14174,3074,176,3250,7
2022-06-18,Monterey,053,433212,85086,16596,101682,742
2022-06-18,Napa,055,140530,29087,1237,30324,146
2022-06-18,Nevada,057,99092,17329,1428,18757,133
2022-06-18,Orange,059,3164182,594726,49259,643985,7200
2022-06-18,Placer,061,380077,68772,8421,77193,634
2022-06-18,Plumas,063,18699,3232,394,3626,13
2022-06-18,Riverside,065,2383286,624786,30129,654915,6497
2022-06-18,Sacramento,067,1510023,310010,30799,340809,3138
2022-06-18,San Benito,069,59416,14215,688,14903,96
2022-06-18,San Bernardino,071,2135413,603288,26449,629737,7879
2022-06-18,San Diego,073,3302833,819734,59933,879667,5405
2022-06-18,San Francisco,075,870044,154796,10156,164952,927
2022-06-18,San Joaquin,077,732212,178394,11662,190056,2270
2022-06-18,San Luis Obispo,079,281455,57306,5239,62545,496
2022-06-18,San Mateo,081,765935,146605,9117,155722,728
2022-06-18,Santa Barbara,083,443738,93778,5427,99205,698
2022-06-18,Santa Clara,085,1922200,375991,15898,391889,2381
2022-06-18,Santa Cruz,087,273765,54768,2661,57429,265
2022-06-18,Shasta,089,179085,31897,6378,38275,571
2022-06-18,Sierra,091,2930,284,56,340,4
2022-06-18,Siskiyou,093,43540,4705,2943,7648,84
2022-06-18,Solano,095,438530,92654,6509,99163,453
2022-06-18,Sonoma,097,501317,95714,4159,99873,503
2022-06-18,Stanislaus,099,539301,124383,19015,143398,1708
2022-06-18,Sutter,101,95872,21627,2281,23908,228
2022-06-18,Tehama,103,63373,12519,2698,15217,208
2022-06-18,Trinity,105,12862,1230,297,1527,20
2022-06-18,Tulare,107,460477,110872,29807,140679,1508
2022-06-18,Tuolumne,109,53932,13706,677,14383,187
2022-06-18,Ventura,111,848112,186928,11541,198469,1523
2022-06-18,Yolo,113,214977,42761,3427,46188,366
2022-06-18,Yuba,115,75493,16922,1422,18344,126
2022-06-17,Alameda,001,1643700,300824,16596,317420,1902
2022-06-17,Alpine,002,1148,129,1,130,0
2022-06-17,Amador,005,37829,9121,739,9860,87
2022-06-17,Butte,007,227075,35464,7803,43267,445
2022-06-17,Calaveras,009,45235,7719,412,8131,124
2022-06-17,Colusa,011,21464,3535,1106,4641,21
2022-06-17,Contra Costa,013,1133247,220615,16765,237380,1355
2022-06-17,Del Norte,015,27424,6416,278,6694,51
2022-06-17,El Dorado,017,186661,29181,3627,32808,224
2022-06-17,Fresno,019,978130,248186,26401,274587,2789
2022-06-17,Glenn,021,27897,5192,1689,6881,56
2022-06-17,Humboldt,023,135768,19151,3871,23022,150
2022-06-17,Imperial,025,180216,57986,11335,69321,947
2022-06-17,Inyo,027,18085,4227,615,4842,56
2022-06-17,Kern,029,883053,200139,49620,249759,2357
2022-06-17,Kings,031,150075,53564,3638,57202,452
2022-06-17,Lake,033,64148,11445,991,12436,140
2022-06-17,Lassen,035,31185,9266,919,10185,62
2022-06-17,Los Angeles,037,10098052,2933162,140579,3073741,32204
2022-06-17,Madera,039,155013,39174,6650,45824,371
2022-06-17,Marin,041,260295,31320,4395,35715,246
2022-06-17,Mariposa,043,17540,2707,262,2969,28
2022-06-17,Mendocino,045,87422,14245,3674,17919,130
2022-06-17,Merced,047,269075,66508,9845,76353,831
2022-06-17,Modoc,049,8938,773,264,1037,9
2022-06-17,Mono,051,14174,3074,176,3250,7
2022-06-17,Monterey,053,433212,84996,16566,101562,742
2022-06-17,Napa,055,140530,29048,1234,30282,146
2022-06-17,Nevada,057,99092,17311,1423,18734,133
2022-06-17,Orange,059,3164182,594047,49121,643168,7200
2022-06-17,Placer,061,380077,68712,8407,77119,634
2022-06-17,Plumas,063,18699,3231,393,3624,13
2022-06-17,Riverside,065,2383286,624235,30093,654328,6496
2022-06-17,Sacramento,067,1510023,309622,30776,340398,3136
2022-06-17,San Benito,069,59416,14203,688,14891,95
2022-06-17,San Bernardino,071,2135413,602849,26418,629267,7878
2022-06-17,San Diego,073,3302833,818769,59830,878599,5401
2022-06-17,San Francisco,075,870044,154481,10123,164604,923
2022-06-17,San Joaquin,077,732212,178241,11651,189892,2270
2022-06-17,San Luis Obispo,079,281455,57269,5233,62502,496
2022-06-17,San Mateo,081,765935,146301,9098,155399,727
2022-06-17,Santa Barbara,083,443738,93672,5415,99087,698
2022-06-17,Santa Clara,085,1922200,375165,15867,391032,2380
2022-06-17,Santa Cruz,087,273765,54702,2656,57358,265
2022-06-17,Shasta,089,179085,31870,6370,38240,571
2022-06-17,Sierra,091,2930,284,56,340,4
2022-06-17,Siskiyou,093,43540,4698,2943,7641,84
2022-06-17,Solano,095,438530,92508,6497,99005,453
2022-06-17,Sonoma,097,501317,95548,4142,99690,503
2022-06-17,Stanislaus,099,539301,124287,19005,143292,1706
2022-06-17,Sutter,101,95872,21605,2275,23880,228
2022-06-17,Tehama,103,63373,12504,2695,15199,208
2022-06-17,Trinity,105,12862,1230,297,1527,20
2022-06-17,Tulare,107,460477,110783,29775,140558,1508
2022-06-17,Tuolumne,109,53932,13693,676,14369,187
2022-06-17,Ventura,111,848112,186748,11520,198268,1523
2022-06-17,Yolo,113,214977,42678,3414,46092,366
2022-06-17,Yuba,115,75493,16915,1419,18334,126
2022-06-16,Alameda,001,1643700,300041,16548,316589,1901
2022-06-16,Alpine,002,1148,129,1,130,0
2022-06-16,Amador,005,37829,9114,734,9848,87
2022-06-16,Butte,007,227075,35389,7787,43176,444
2022-06-16,Calaveras,009,45235,7707,410,8117,124
2022-06-16,Colusa,011,21464,3533,1105,4638,21
2022-06-16,Contra Costa,013,1133247,220151,16714,236865,1355
2022-06-16,Del Norte,015,27424,6402,277,6679,51
2022-06-16,El Dorado,017,186661,29129,3615,32744,224
2022-06-16,Fresno,019,978130,247812,26339,274151,2788
2022-06-16,Glenn,021,27897,5183,1688,6871,56
2022-06-16,Humboldt,023,135768,19121,3857,22978,150
2022-06-16,Imperial,025,180216,57887,11306,69193,947
2022-06-16,Inyo,027,18085,4226,612,4838,56
2022-06-16,Kern,029,883053,199928,49502,249430,2355
2022-06-16,Kings,031,150075,53497,3635,57132,452
2022-06-16,Lake,033,64148,11429,991,12420,140
2022-06-16,Lassen,035,31185,9259,919,10178,62
2022-06-16,Los Angeles,037,10098052,2929173,140221,3069394,32192
2022-06-16,Madera,039,155013,39143,6640,45783,371
2022-06-16,Marin,041,260295,31220,4382,35602,246
2022-06-16,Mariposa,043,17540,2699,260,2959,28
2022-06-16,Mendocino,045,87422,14216,3664,17880,130
2022-06-16,Merced,047,269075,66429,9826,76255,831
2022-06-16,Modoc,049,8938,773,264,1037,9
2022-06-16,Mono,051,14174,3073,175,3248,7
2022-06-16,Monterey,053,433212,84848,16512,101360,742
2022-06-16,Napa,055,140530,29001,1231,30232,146
2022-06-16,Nevada,057,99092,17288,1418,18706,133
2022-06-16,Orange,059,3164182,593018,48963,641981,7197
2022-06-16,Placer,061,380077,68627,8384,77011,634
2022-06-16,Plumas,063,18699,3224,392,3616,13
2022-06-16,Riverside,065,2383286,623489,30049,653538,6496
2022-06-16,Sacramento,067,1510023,309041,30741,339782,3133
2022-06-16,San Benito,069,59416,14178,685,14863,95
2022-06-16,San Bernardino,071,2135413,602191,26380,628571,7875
2022-06-16,San Diego,073,3302833,817248,59671,876919,5399
2022-06-16,San Francisco,075,870044,154033,10082,164115,920
2022-06-16,San Joaquin,077,732212,177988,11631,189619,2268
2022-06-16,San Luis Obispo,079,281455,57191,5213,62404,495
2022-06-16,San Mateo,081,765935,145934,9082,155016,727
2022-06-16,Santa Barbara,083,443738,93523,5402,98925,698
2022-06-16,Santa Clara,085,1922200,374219,15819,390038,2378
2022-06-16,Santa Cruz,087,273765,54569,2644,57213,265
2022-06-16,Shasta,089,179085,31839,6359,38198,571
2022-06-16,Sierra,091,2930,283,56,339,4
2022-06-16,Siskiyou,093,43540,4689,2934,7623,84
2022-06-16,Solano,095,438530,92312,6485,98797,453
2022-06-16,Sonoma,097,501317,95361,4125,99486,503
2022-06-16,Stanislaus,099,539301,124125,18988,143113,1706
2022-06-16,Sutter,101,95872,21580,2273,23853,228
2022-06-16,Tehama,103,63373,12485,2693,15178,208
2022-06-16,Trinity,105,12862,1228,294,1522,20
2022-06-16,Tulare,107,460477,110652,29735,140387,1508
2022-06-16,Tuolumne,109,53932,13669,672,14341,187
2022-06-16,Ventura,111,848112,186477,11475,197952,1523
2022-06-16,Yolo,113,214977,42587,3403,45990,365
2022-06-16,Yuba,115,75493,16891,1415,18306,126
2022-06-15,Alameda,001,1643700,299257,16522,315779,1898
2022-06-15,Alpine,002,1148,129,1,130,0
2022-06-15,Amador,005,37829,9106,734,9840,87
2022-06-15,Butte,007,227075,35326,7768,43094,443
2022-06-15,Calaveras,009,45235,7704,408,8112,124
2022-06-15,Colusa,011,21464,3529,1103,4632,21
2022-06-15,Contra Costa,013,1133247,219688,16670,236358,1352
2022-06-15,Del Norte,015,27424,6391,276,6667,51
2022-06-15,El Dorado,017,186661,29075,3603,32678,223
2022-06-15,Fresno,019,978130,247439,26293,273732,2788
2022-06-15,Glenn,021,27897,5177,1680,6857,56
2022-06-15,Humboldt,023,135768,19083,3832,22915,150
2022-06-15,Imperial,025,180216,57804,11281,69085,947
2022-06-15,Inyo,027,18085,4224,611,4835,56
2022-06-15,Kern,029,883053,199663,49389,249052,2355
2022-06-15,Kings,031,150075,53444,3632,57076,452
2022-06-15,Lake,033,64148,11409,986,12395,140
2022-06-15,Lassen,035,31185,9255,918,10173,62
2022-06-15,Los Angeles,037,10098052,2924885,139860,3064745,32181
2022-06-15,Madera,039,155013,39098,6623,45721,371
2022-06-15,Marin,041,260295,31130,4376,35506,246
2022-06-15,Mariposa,043,17540,2695,258,2953,28
2022-06-15,Mendocino,045,87422,14184,3654,17838,130
2022-06-15,Merced,047,269075,66348,9814,76162,829
2022-06-15,Modoc,049,8938,772,264,1036,9
2022-06-15,Mono,051,14174,3073,174,3247,7
2022-06-15,Monterey,053,433212,84705,16473,101178,742
2022-06-15,Napa,055,140530,28941,1222,30163,146
2022-06-15,Nevada,057,99092,17263,1414,18677,133
2022-06-15,Orange,059,3164182,591979,48775,640754,7197
2022-06-15,Placer,061,380077,68503,8368,76871,633
2022-06-15,Plumas,063,18699,3219,390,3609,13
2022-06-15,Riverside,065,2383286,622760,29997,652757,6493
2022-06-15,Sacramento,067,1510023,308442,30690,339132,3133
2022-06-15,San Benito,069,59416,14138,678,14816,95
2022-06-15,San Bernardino,071,2135413,601535,26340,627875,7873
2022-06-15,San Diego,073,3302833,815700,59503,875203,5399
2022-06-15,San Francisco,075,870044,153607,10057,163664,920
2022-06-15,San Joaquin,077,732212,177743,11596,189339,2268
2022-06-15,San Luis Obispo,079,281455,57103,5176,62279,493
2022-06-15,San Mateo,081,765935,145534,9066,154600,727
2022-06-15,Santa Barbara,083,443738,93390,5395,98785,697
2022-06-15,Santa Clara,085,1922200,373209,15783,388992,2377
2022-06-15,Santa Cruz,087,273765,54454,2639,57093,265
2022-06-15,Shasta,089,179085,31799,6352,38151,571
2022-06-15,Sierra,091,2930,281,56,337,4
2022-06-15,Siskiyou,093,43540,4678,2924,7602,84
2022-06-15,Solano,095,438530,92081,6473,98554,453
2022-06-15,Sonoma,097,501317,95169,4113,99282,502
2022-06-15,Stanislaus,099,539301,123983,18963,142946,1706
2022-06-15,Sutter,101,95872,21552,2268,23820,228
2022-06-15,Tehama,103,63373,12477,2687,15164,208
2022-06-15,Trinity,105,12862,1227,292,1519,20
2022-06-15,Tulare,107,460477,110548,29698,140246,1506
2022-06-15,Tuolumne,109,53932,13658,672,14330,187
2022-06-15,Ventura,111,848112,186205,11426,197631,1522
2022-06-15,Yolo,113,214977,42483,3388,45871,365
2022-06-15,Yuba,115,75493,16866,1410,18276,126
2022-06-14,Alameda,001,1643700,298557,16480,315037,1896
2022-06-14,Alpine,002,1148,129,1,130,0
2022-06-14,Amador,005,37829,9090,729,9819,87
2022-06-14,Butte,007,227075,35271,7752,43023,442
2022-06-14,Calaveras,009,45235,7693,407,8100,124
2022-06-14,Colusa,011,21464,3527,1102,4629,21
2022-06-14,Contra Costa,013,1133247,219151,16610,235761,1352
2022-06-14,Del Norte,015,27424,6383,273,6656,51
2022-06-14,El Dorado,017,186661,29023,3595,32618,223
2022-06-14,Fresno,019,978130,247041,26231,273272,2788
2022-06-14,Glenn,021,27897,5168,1677,6845,56
2022-06-14,Humboldt,023,135768,19033,3815,22848,150
2022-06-14,Imperial,025,180216,57730,11250,68980,947
2022-06-14,Inyo,027,18085,4218,610,4828,56
2022-06-14,Kern,029,883053,199401,49260,248661,2354
2022-06-14,Kings,031,150075,53374,3630,57004,451
2022-06-14,Lake,033,64148,11383,985,12368,140
2022-06-14,Lassen,035,31185,9249,915,10164,62
2022-06-14,Los Angeles,037,10098052,2920362,139440,3059802,32175
2022-06-14,Madera,039,155013,39044,6614,45658,371
2022-06-14,Marin,041,260295,31021,4365,35386,246
2022-06-14,Mariposa,043,17540,2684,255,2939,28
2022-06-14,Mendocino,045,87422,14156,3641,17797,130
2022-06-14,Merced,047,269075,66266,9789,76055,829
2022-06-14,Modoc,049,8938,772,263,1035,9
2022-06-14,Mono,051,14174,3073,173,3246,7
2022-06-14,Monterey,053,433212,84567,16427,100994,741
2022-06-14,Napa,055,140530,28876,1221,30097,146
2022-06-14,Nevada,057,99092,17232,1408,18640,133
2022-06-14,Orange,059,3164182,590847,48599,639446,7195
2022-06-14,Placer,061,380077,68380,8353,76733,633
2022-06-14,Plumas,063,18699,3215,390,3605,13
2022-06-14,Riverside,065,2383286,621977,29962,651939,6493
2022-06-14,Sacramento,067,1510023,307810,30605,338415,3131
2022-06-14,San Benito,069,59416,14104,676,14780,95
2022-06-14,San Bernardino,071,2135413,600818,26296,627114,7872
2022-06-14,San Diego,073,3302833,813989,59356,873345,5399
2022-06-14,San Francisco,075,870044,153122,10028,163150,917
2022-06-14,San Joaquin,077,732212,177473,11559,189032,2268
2022-06-14,San Luis Obispo,079,281455,56994,5128,62122,493
2022-06-14,San Mateo,081,765935,145147,9052,154199,727
2022-06-14,Santa Barbara,083,443738,93254,5379,98633,697
2022-06-14,Santa Clara,085,1922200,372141,15739,387880,2375
2022-06-14,Santa Cruz,087,273765,54327,2628,56955,265
2022-06-14,Shasta,089,179085,31769,6344,38113,571
2022-06-14,Sierra,091,2930,281,56,337,4
2022-06-14,Siskiyou,093,43540,4668,2918,7586,83
2022-06-14,Solano,095,438530,91818,6451,98269,453
2022-06-14,Sonoma,097,501317,94954,4099,99053,502
2022-06-14,Stanislaus,099,539301,123806,18933,142739,1704
2022-06-14,Sutter,101,95872,21514,2264,23778,228
2022-06-14,Tehama,103,63373,12459,2686,15145,208
2022-06-14,Trinity,105,12862,1226,292,1518,20
2022-06-14,Tulare,107,460477,110401,29652,140053,1504
2022-06-14,Tuolumne,109,53932,13637,668,14305,187
2022-06-14,Ventura,111,848112,185912,11388,197300,1522
2022-06-14,Yolo,113,214977,42376,3377,45753,365
2022-06-14,Yuba,115,75493,16836,1407,18243,126
2022-06-13,Alameda,001,1643700,297733,16427,314160,1896
2022-06-13,Alpine,002,1148,129,1,130,0
2022-06-13,Amador,005,37829,9083,727,9810,87
2022-06-13,Butte,007,227075,35193,7727,42920,442
2022-06-13,Calaveras,009,45235,7675,407,8082,124
2022-06-13,Colusa,011,21464,3527,1099,4626,21
2022-06-13,Contra Costa,013,1133247,218572,16543,235115,1351
2022-06-13,Del Norte,015,27424,6371,269,6640,51
2022-06-13,El Dorado,017,186661,28973,3583,32556,223
2022-06-13,Fresno,019,978130,246613,26175,272788,2788
2022-06-13,Glenn,021,27897,5164,1673,6837,56
2022-06-13,Humboldt,023,135768,18979,3791,22770,150
2022-06-13,Imperial,025,180216,57630,11205,68835,947
2022-06-13,Inyo,027,18085,4214,605,4819,56
2022-06-13,Kern,029,883053,199132,49110,248242,2354
2022-06-13,Kings,031,150075,53308,3626,56934,451
2022-06-13,Lake,033,64148,11358,984,12342,140
2022-06-13,Lassen,035,31185,9241,912,10153,62
2022-06-13,Los Angeles,037,10098052,2915789,139050,3054839,32168
2022-06-13,Madera,039,155013,38977,6596,45573,371
2022-06-13,Marin,041,260295,30914,4337,35251,246
2022-06-13,Mariposa,043,17540,2670,254,2924,28
2022-06-13,Mendocino,045,87422,14131,3625,17756,130
2022-06-13,Merced,047,269075,66190,9761,75951,828
2022-06-13,Modoc,049,8938,771,263,1034,9
2022-06-13,Mono,051,14174,3071,173,3244,6
2022-06-13,Monterey,053,433212,84431,16376,100807,741
2022-06-13,Napa,055,140530,28802,1217,30019,146
2022-06-13,Nevada,057,99092,17201,1405,18606,133
2022-06-13,Orange,059,3164182,589607,48407,638014,7195
2022-06-13,Placer,061,380077,68283,8330,76613,633
2022-06-13,Plumas,063,18699,3210,389,3599,13
2022-06-13,Riverside,065,2383286,621233,29928,651161,6493
2022-06-13,Sacramento,067,1510023,307130,30535,337665,3130
2022-06-13,San Benito,069,59416,14076,670,14746,95
2022-06-13,San Bernardino,071,2135413,600016,26265,626281,7871
2022-06-13,San Diego,073,3302833,812285,59248,871533,5398
2022-06-13,San Francisco,075,870044,152587,10010,162597,917
2022-06-13,San Joaquin,077,732212,177209,11521,188730,2268
2022-06-13,San Luis Obispo,079,281455,56891,5076,61967,488
2022-06-13,San Mateo,081,765935,144707,9030,153737,727
2022-06-13,Santa Barbara,083,443738,93125,5366,98491,697
2022-06-13,Santa Clara,085,1922200,371115,15688,386803,2373
2022-06-13,Santa Cruz,087,273765,54189,2621,56810,264
2022-06-13,Shasta,089,179085,31736,6337,38073,570
2022-06-13,Sierra,091,2930,281,56,337,4
2022-06-13,Siskiyou,093,43540,4664,2910,7574,83
2022-06-13,Solano,095,438530,91577,6427,98004,453
2022-06-13,Sonoma,097,501317,94696,4080,98776,502
2022-06-13,Stanislaus,099,539301,123639,18909,142548,1703
2022-06-13,Sutter,101,95872,21486,2260,23746,228
2022-06-13,Tehama,103,63373,12440,2683,15123,208
2022-06-13,Trinity,105,12862,1224,292,1516,20
2022-06-13,Tulare,107,460477,110243,29602,139845,1504
2022-06-13,Tuolumne,109,53932,13614,665,14279,187
2022-06-13,Ventura,111,848112,185620,11336,196956,1522
2022-06-13,Yolo,113,214977,42238,3365,45603,365
2022-06-13,Yuba,115,75493,16818,1403,18221,126
2022-06-12,Alameda,001,1643700,296913,16372,313285,1896
2022-06-12,Alpine,002,1148,129,1,130,0
2022-06-12,Amador,005,37829,9060,726,9786,87
2022-06-12,Butte,007,227075,35136,7706,42842,441
2022-06-12,Calaveras,009,45235,7661,404,8065,124
2022-06-12,Colusa,011,21464,3526,1098,4624,21
2022-06-12,Contra Costa,013,1133247,217981,16472,234453,1350
2022-06-12,Del Norte,015,27424,6357,269,6626,51
2022-06-12,El Dorado,017,186661,28912,3566,32478,223
2022-06-12,Fresno,019,978130,246145,26121,272266,2788
2022-06-12,Glenn,021,27897,5161,1671,6832,56
2022-06-12,Humboldt,023,135768,18914,3755,22669,150
2022-06-12,Imperial,025,180216,57552,11161,68713,947
2022-06-12,Inyo,027,18085,4212,604,4816,56
2022-06-12,Kern,029,883053,198850,48976,247826,2354
2022-06-12,Kings,031,150075,53230,3621,56851,451
2022-06-12,Lake,033,64148,11334,983,12317,140
2022-06-12,Lassen,035,31185,9223,910,10133,62
2022-06-12,Los Angeles,037,10098052,2910839,138569,3049408,32161
2022-06-12,Madera,039,155013,38884,6570,45454,371
2022-06-12,Marin,041,260295,30804,4313,35117,246
2022-06-12,Mariposa,043,17540,2664,253,2917,28
2022-06-12,Mendocino,045,87422,14108,3619,17727,130
2022-06-12,Merced,047,269075,66075,9732,75807,828
2022-06-12,Modoc,049,8938,771,263,1034,9
2022-06-12,Mono,051,14174,3067,172,3239,6
2022-06-12,Monterey,053,433212,84274,16298,100572,741
2022-06-12,Napa,055,140530,28740,1208,29948,146
2022-06-12,Nevada,057,99092,17157,1399,18556,133
2022-06-12,Orange,059,3164182,588326,48207,636533,7194
2022-06-12,Placer,061,380077,68169,8308,76477,633
2022-06-12,Plumas,063,18699,3204,388,3592,13
2022-06-12,Riverside,065,2383286,620287,29860,650147,6491
2022-06-12,Sacramento,067,1510023,306384,30424,336808,3129
2022-06-12,San Benito,069,59416,14042,664,14706,95
2022-06-12,San Bernardino,071,2135413,599086,26215,625301,7871
2022-06-12,San Diego,073,3302833,810552,59112,869664,5398
2022-06-12,San Francisco,075,870044,152041,9966,162007,915
2022-06-12,San Joaquin,077,732212,176851,11495,188346,2268
2022-06-12,San Luis Obispo,079,281455,56754,5015,61769,488
2022-06-12,San Mateo,081,765935,144240,8990,153230,727
2022-06-12,Santa Barbara,083,443738,92952,5351,98303,697
2022-06-12,Santa Clara,085,1922200,369931,15642,385573,2371
2022-06-12,Santa Cruz,087,273765,54029,2616,56645,264
2022-06-12,Shasta,089,179085,31689,6323,38012,570
2022-06-12,Sierra,091,2930,281,56,337,4
2022-06-12,Siskiyou,093,43540,4656,2905,7561,83
2022-06-12,Solano,095,438530,91283,6408,97691,453
2022-06-12,Sonoma,097,501317,94440,4056,98496,501
2022-06-12,Stanislaus,099,539301,123439,18868,142307,1703
2022-06-12,Sutter,101,95872,21446,2245,23691,228
2022-06-12,Tehama,103,63373,12421,2678,15099,208
2022-06-12,Trinity,105,12862,1221,292,1513,20
2022-06-12,Tulare,107,460477,110047,29537,139584,1504
2022-06-12,Tuolumne,109,53932,13586,663,14249,187
2022-06-12,Ventura,111,848112,185264,11289,196553,1522
2022-06-12,Yolo,113,214977,42117,3360,45477,364
2022-06-12,Yuba,115,75493,16790,1396,18186,126
2022-06-11,Alameda,001,1643700,296498,16350,312848,1896
2022-06-11,Alpine,002,1148,129,1,130,0
2022-06-11,Amador,005,37829,9046,726,9772,87
2022-06-11,Butte,007,227075,35101,7690,42791,441
2022-06-11,Calaveras,009,45235,7654,403,8057,124
2022-06-11,Colusa,011,21464,3524,1097,4621,21
2022-06-11,Contra Costa,013,1133247,217668,16437,234105,1346
2022-06-11,Del Norte,015,27424,6349,269,6618,51
2022-06-11,El Dorado,017,186661,28893,3564,32457,223
2022-06-11,Fresno,019,978130,245949,26101,272050,2787
2022-06-11,Glenn,021,27897,5159,1671,6830,56
2022-06-11,Humboldt,023,135768,18894,3747,22641,150
2022-06-11,Imperial,025,180216,57496,11145,68641,946
2022-06-11,Inyo,027,18085,4212,602,4814,56
2022-06-11,Kern,029,883053,198726,48897,247623,2354
2022-06-11,Kings,031,150075,53198,3620,56818,451
2022-06-11,Lake,033,64148,11326,980,12306,140
2022-06-11,Lassen,035,31185,9218,909,10127,62
2022-06-11,Los Angeles,037,10098052,2908489,138278,3046767,32151
2022-06-11,Madera,039,155013,38863,6568,45431,371
2022-06-11,Marin,041,260295,30726,4279,35005,245
2022-06-11,Mariposa,043,17540,2660,252,2912,28
2022-06-11,Mendocino,045,87422,14097,3615,17712,130
2022-06-11,Merced,047,269075,66027,9728,75755,828
2022-06-11,Modoc,049,8938,771,263,1034,9
2022-06-11,Mono,051,14174,3067,172,3239,6
2022-06-11,Monterey,053,433212,84189,16266,100455,741
2022-06-11,Napa,055,140530,28701,1204,29905,146
2022-06-11,Nevada,057,99092,17143,1397,18540,133
2022-06-11,Orange,059,3164182,587678,48058,635736,7190
2022-06-11,Placer,061,380077,68083,8299,76382,633
2022-06-11,Plumas,063,18699,3201,388,3589,13
2022-06-11,Riverside,065,2383286,619761,29831,649592,6491
2022-06-11,Sacramento,067,1510023,306073,30389,336462,3128
2022-06-11,San Benito,069,59416,14032,661,14693,95
2022-06-11,San Bernardino,071,2135413,598663,26192,624855,7870
2022-06-11,San Diego,073,3302833,809851,59066,868917,5397
2022-06-11,San Francisco,075,870044,151723,9946,161669,914
2022-06-11,San Joaquin,077,732212,176697,11476,188173,2268
2022-06-11,San Luis Obispo,079,281455,56720,5005,61725,488
2022-06-11,San Mateo,081,765935,144017,8967,152984,726
2022-06-11,Santa Barbara,083,443738,92886,5337,98223,697
2022-06-11,Santa Clara,085,1922200,369168,15605,384773,2370
2022-06-11,Santa Cruz,087,273765,53974,2602,56576,264
2022-06-11,Shasta,089,179085,31673,6317,37990,570
2022-06-11,Sierra,091,2930,281,56,337,4
2022-06-11,Siskiyou,093,43540,4650,2897,7547,83
2022-06-11,Solano,095,438530,91193,6398,97591,453
2022-06-11,Sonoma,097,501317,94333,4031,98364,501
2022-06-11,Stanislaus,099,539301,123337,18845,142182,1703
2022-06-11,Sutter,101,95872,21428,2244,23672,228
2022-06-11,Tehama,103,63373,12415,2678,15093,208
2022-06-11,Trinity,105,12862,1220,292,1512,20
2022-06-11,Tulare,107,460477,109959,29508,139467,1503
2022-06-11,Tuolumne,109,53932,13560,662,14222,187
2022-06-11,Ventura,111,848112,185086,11257,196343,1522
2022-06-11,Yolo,113,214977,42052,3353,45405,364
2022-06-11,Yuba,115,75493,16771,1392,18163,126
2022-06-10,Alameda,001,1643700,296022,16327,312349,1896
2022-06-10,Alpine,002,1148,129,1,130,0
2022-06-10,Amador,005,37829,9033,725,9758,87
2022-06-10,Butte,007,227075,35069,7676,42745,440
2022-06-10,Calaveras,009,45235,7649,402,8051,124
2022-06-10,Colusa,011,21464,3519,1096,4615,21
2022-06-10,Contra Costa,013,1133247,217402,16406,233808,1346
2022-06-10,Del Norte,015,27424,6343,268,6611,51
2022-06-10,El Dorado,017,186661,28865,3561,32426,223
2022-06-10,Fresno,019,978130,245719,26078,271797,2786
2022-06-10,Glenn,021,27897,5157,1668,6825,56
2022-06-10,Humboldt,023,135768,18872,3740,22612,150
2022-06-10,Imperial,025,180216,57450,11142,68592,946
2022-06-10,Inyo,027,18085,4211,599,4810,56
2022-06-10,Kern,029,883053,198580,48804,247384,2354
2022-06-10,Kings,031,150075,53177,3619,56796,451
2022-06-10,Lake,033,64148,11311,979,12290,140
2022-06-10,Lassen,035,31185,9215,907,10122,62
2022-06-10,Los Angeles,037,10098052,2905760,138010,3043770,32141
2022-06-10,Madera,039,155013,38835,6560,45395,371
2022-06-10,Marin,041,260295,30631,4252,34883,245
2022-06-10,Mariposa,043,17540,2656,251,2907,28
2022-06-10,Mendocino,045,87422,14079,3607,17686,130
2022-06-10,Merced,047,269075,65983,9723,75706,828
2022-06-10,Modoc,049,8938,771,263,1034,9
2022-06-10,Mono,051,14174,3067,171,3238,6
2022-06-10,Monterey,053,433212,84097,16226,100323,740
2022-06-10,Napa,055,140530,28666,1203,29869,146
2022-06-10,Nevada,057,99092,17130,1396,18526,133
2022-06-10,Orange,059,3164182,587014,47933,634947,7188
2022-06-10,Placer,061,380077,68011,8276,76287,633
2022-06-10,Plumas,063,18699,3197,388,3585,13
2022-06-10,Riverside,065,2383286,619239,29802,649041,6491
2022-06-10,Sacramento,067,1510023,305677,30366,336043,3124
2022-06-10,San Benito,069,59416,14019,660,14679,95
2022-06-10,San Bernardino,071,2135413,598253,26161,624414,7870
2022-06-10,San Diego,073,3302833,808937,59030,867967,5393
2022-06-10,San Francisco,075,870044,151406,9908,161314,912
2022-06-10,San Joaquin,077,732212,176581,11460,188041,2268
2022-06-10,San Luis Obispo,079,281455,56685,4998,61683,488
2022-06-10,San Mateo,081,765935,143760,8954,152714,726
2022-06-10,Santa Barbara,083,443738,92787,5333,98120,697
2022-06-10,Santa Clara,085,1922200,368421,15571,383992,2367
2022-06-10,Santa Cruz,087,273765,53875,2592,56467,264
2022-06-10,Shasta,089,179085,31653,6308,37961,570
2022-06-10,Sierra,091,2930,280,56,336,4
2022-06-10,Siskiyou,093,43540,4643,2891,7534,83
2022-06-10,Solano,095,438530,91031,6384,97415,453
2022-06-10,Sonoma,097,501317,94170,4008,98178,501
2022-06-10,Stanislaus,099,539301,123217,18831,142048,1703
2022-06-10,Sutter,101,95872,21413,2242,23655,228
2022-06-10,Tehama,103,63373,12407,2677,15084,208
2022-06-10,Trinity,105,12862,1218,292,1510,20
2022-06-10,Tulare,107,460477,109891,29486,139377,1503
2022-06-10,Tuolumne,109,53932,13546,660,14206,187
2022-06-10,Ventura,111,848112,184900,11223,196123,1521
2022-06-10,Yolo,113,214977,41962,3346,45308,364
2022-06-10,Yuba,115,75493,16750,1389,18139,126
2022-06-09,Alameda,001,1643700,295110,16277,311387,1895
2022-06-09,Alpine,002,1148,129,1,130,0
2022-06-09,Amador,005,37829,9023,722,9745,87
2022-06-09,Butte,007,227075,35009,7665,42674,438
2022-06-09,Calaveras,009,45235,7639,402,8041,124
2022-06-09,Colusa,011,21464,3518,1094,4612,21
2022-06-09,Contra Costa,013,1133247,216890,16361,233251,1346
2022-06-09,Del Norte,015,27424,6330,265,6595,51
2022-06-09,El Dorado,017,186661,28808,3551,32359,222
2022-06-09,Fresno,019,978130,245364,26032,271396,2785
2022-06-09,Glenn,021,27897,5151,1666,6817,56
2022-06-09,Humboldt,023,135768,18823,3729,22552,150
2022-06-09,Imperial,025,180216,57392,11125,68517,946
2022-06-09,Inyo,027,18085,4208,594,4802,56
2022-06-09,Kern,029,883053,198378,48703,247081,2354
2022-06-09,Kings,031,150075,53136,3616,56752,451
2022-06-09,Lake,033,64148,11286,977,12263,140
2022-06-09,Lassen,035,31185,9196,905,10101,62
2022-06-09,Los Angeles,037,10098052,2901358,137630,3038988,32136
2022-06-09,Madera,039,155013,38781,6546,45327,371
2022-06-09,Marin,041,260295,30529,4227,34756,245
2022-06-09,Mariposa,043,17540,2652,250,2902,28
2022-06-09,Mendocino,045,87422,14051,3605,17656,130
2022-06-09,Merced,047,269075,65906,9714,75620,828
2022-06-09,Modoc,049,8938,770,263,1033,8
2022-06-09,Mono,051,14174,3061,169,3230,6
2022-06-09,Monterey,053,433212,83973,16158,100131,740
2022-06-09,Napa,055,140530,28605,1201,29806,146
2022-06-09,Nevada,057,99092,17096,1395,18491,133
2022-06-09,Orange,059,3164182,585939,47761,633700,7184
2022-06-09,Placer,061,380077,67889,8256,76145,631
2022-06-09,Plumas,063,18699,3191,388,3579,13
2022-06-09,Riverside,065,2383286,618545,29762,648307,6491
2022-06-09,Sacramento,067,1510023,305096,30278,335374,3121
2022-06-09,San Benito,069,59416,14001,658,14659,95
2022-06-09,San Bernardino,071,2135413,597584,26128,623712,7868
2022-06-09,San Diego,073,3302833,807533,58890,866423,5393
2022-06-09,San Francisco,075,870044,151016,9878,160894,910
2022-06-09,San Joaquin,077,732212,176287,11440,187727,2265
2022-06-09,San Luis Obispo,079,281455,56598,4969,61567,488
2022-06-09,San Mateo,081,765935,143375,8928,152303,726
2022-06-09,Santa Barbara,083,443738,92656,5328,97984,697
2022-06-09,Santa Clara,085,1922200,367453,15504,382957,2365
2022-06-09,Santa Cruz,087,273765,53743,2582,56325,264
2022-06-09,Shasta,089,179085,31621,6298,37919,569
2022-06-09,Sierra,091,2930,280,56,336,4
2022-06-09,Siskiyou,093,43540,4636,2877,7513,83
2022-06-09,Solano,095,438530,90782,6370,97152,453
2022-06-09,Sonoma,097,501317,94014,3989,98003,501
2022-06-09,Stanislaus,099,539301,123049,18816,141865,1702
2022-06-09,Sutter,101,95872,21376,2242,23618,228
2022-06-09,Tehama,103,63373,12388,2676,15064,208
2022-06-09,Trinity,105,12862,1217,292,1509,20
2022-06-09,Tulare,107,460477,109767,29450,139217,1503
2022-06-09,Tuolumne,109,53932,13514,657,14171,187
2022-06-09,Ventura,111,848112,184632,11189,195821,1521
2022-06-09,Yolo,113,214977,41850,3330,45180,364
2022-06-09,Yuba,115,75493,16727,1386,18113,126
2022-06-08,Alameda,001,1643700,294346,16226,310572,1893
2022-06-08,Alpine,002,1148,129,1,130,0
2022-06-08,Amador,005,37829,9015,720,9735,87
2022-06-08,Butte,007,227075,34942,7647,42589,438
2022-06-08,Calaveras,009,45235,7625,402,8027,124
2022-06-08,Colusa,011,21464,3516,1091,4607,21
2022-06-08,Contra Costa,013,1133247,216377,16298,232675,1345
2022-06-08,Del Norte,015,27424,6308,265,6573,51
2022-06-08,El Dorado,017,186661,28757,3541,32298,221
2022-06-08,Fresno,019,978130,245025,25960,270985,2785
2022-06-08,Glenn,021,27897,5147,1663,6810,56
2022-06-08,Humboldt,023,135768,18793,3703,22496,150
2022-06-08,Imperial,025,180216,57317,11105,68422,946
2022-06-08,Inyo,027,18085,4206,593,4799,56
2022-06-08,Kern,029,883053,198107,48590,246697,2354
2022-06-08,Kings,031,150075,53066,3612,56678,451
2022-06-08,Lake,033,64148,11265,974,12239,140
2022-06-08,Lassen,035,31185,9183,905,10088,62
2022-06-08,Los Angeles,037,10098052,2896743,137240,3033983,32128
2022-06-08,Madera,039,155013,38736,6533,45269,371
2022-06-08,Marin,041,260295,30437,4210,34647,245
2022-06-08,Mariposa,043,17540,2642,249,2891,28
2022-06-08,Mendocino,045,87422,14030,3593,17623,130
2022-06-08,Merced,047,269075,65840,9692,75532,828
2022-06-08,Modoc,049,8938,766,263,1029,8
2022-06-08,Mono,051,14174,3057,169,3226,6
2022-06-08,Monterey,053,433212,83862,16108,99970,740
2022-06-08,Napa,055,140530,28515,1196,29711,145
2022-06-08,Nevada,057,99092,17070,1391,18461,133
2022-06-08,Orange,059,3164182,584825,47553,632378,7184
2022-06-08,Placer,061,380077,67760,8228,75988,631
2022-06-08,Plumas,063,18699,3188,387,3575,13
2022-06-08,Riverside,065,2383286,617858,29727,647585,6490
2022-06-08,Sacramento,067,1510023,304452,30192,334644,3119
2022-06-08,San Benito,069,59416,13967,656,14623,95
2022-06-08,San Bernardino,071,2135413,596889,26084,622973,7866
2022-06-08,San Diego,073,3302833,806036,58716,864752,5391
2022-06-08,San Francisco,075,870044,150593,9852,160445,910
2022-06-08,San Joaquin,077,732212,176009,11410,187419,2264
2022-06-08,San Luis Obispo,079,281455,56442,4906,61348,488
2022-06-08,San Mateo,081,765935,142976,8880,151856,725
2022-06-08,Santa Barbara,083,443738,92517,5317,97834,696
2022-06-08,Santa Clara,085,1922200,366481,15456,381937,2361
2022-06-08,Santa Cruz,087,273765,53603,2571,56174,264
2022-06-08,Shasta,089,179085,31588,6287,37875,569
2022-06-08,Sierra,091,2930,280,56,336,4
2022-06-08,Siskiyou,093,43540,4631,2875,7506,83
2022-06-08,Solano,095,438530,90513,6350,96863,453
2022-06-08,Sonoma,097,501317,93828,3955,97783,501
2022-06-08,Stanislaus,099,539301,122868,18781,141649,1702
2022-06-08,Sutter,101,95872,21352,2237,23589,228
2022-06-08,Tehama,103,63373,12381,2675,15056,208
2022-06-08,Trinity,105,12862,1216,291,1507,20
2022-06-08,Tulare,107,460477,109680,29394,139074,1502
2022-06-08,Tuolumne,109,53932,13499,656,14155,187
2022-06-08,Ventura,111,848112,184356,11139,195495,1520
2022-06-08,Yolo,113,214977,41745,3316,45061,364
2022-06-08,Yuba,115,75493,16702,1378,18080,126
2022-06-07,Alameda,001,1643700,293540,16182,309722,1891
2022-06-07,Alpine,002,1148,129,1,130,0
2022-06-07,Amador,005,37829,9005,717,9722,87
2022-06-07,Butte,007,227075,34863,7622,42485,438
2022-06-07,Calaveras,009,45235,7617,400,8017,124
2022-06-07,Colusa,011,21464,3516,1088,4604,21
2022-06-07,Contra Costa,013,1133247,215816,16245,232061,1345
2022-06-07,Del Norte,015,27424,6300,262,6562,51
2022-06-07,El Dorado,017,186661,28696,3530,32226,220
2022-06-07,Fresno,019,978130,244639,25894,270533,2785
2022-06-07,Glenn,021,27897,5140,1663,6803,56
2022-06-07,Humboldt,023,135768,18755,3687,22442,150
2022-06-07,Imperial,025,180216,57257,11070,68327,946
2022-06-07,Inyo,027,18085,4205,585,4790,56
2022-06-07,Kern,029,883053,197850,48477,246327,2353
2022-06-07,Kings,031,150075,53008,3608,56616,450
2022-06-07,Lake,033,64148,11240,968,12208,140
2022-06-07,Lassen,035,31185,9174,904,10078,62
2022-06-07,Los Angeles,037,10098052,2891426,136808,3028234,32122
2022-06-07,Madera,039,155013,38664,6517,45181,371
2022-06-07,Marin,041,260295,30353,4183,34536,245
2022-06-07,Mariposa,043,17540,2635,247,2882,28
2022-06-07,Mendocino,045,87422,13998,3562,17560,130
2022-06-07,Merced,047,269075,65749,9676,75425,828
2022-06-07,Modoc,049,8938,766,261,1027,8
2022-06-07,Mono,051,14174,3055,167,3222,6
2022-06-07,Monterey,053,433212,83733,16054,99787,739
2022-06-07,Napa,055,140530,28436,1189,29625,145
2022-06-07,Nevada,057,99092,17043,1385,18428,133
2022-06-07,Orange,059,3164182,583695,47378,631073,7181
2022-06-07,Placer,061,380077,67611,8196,75807,631
2022-06-07,Plumas,063,18699,3183,386,3569,13
2022-06-07,Riverside,065,2383286,616978,29676,646654,6490
2022-06-07,Sacramento,067,1510023,303727,30087,333814,3119
2022-06-07,San Benito,069,59416,13924,652,14576,95
2022-06-07,San Bernardino,071,2135413,596115,26056,622171,7865
2022-06-07,San Diego,073,3302833,804460,58505,862965,5389
2022-06-07,San Francisco,075,870044,150078,9830,159908,908
2022-06-07,San Joaquin,077,732212,175673,11373,187046,2264
2022-06-07,San Luis Obispo,079,281455,56339,4861,61200,488
2022-06-07,San Mateo,081,765935,142557,8825,151382,725
2022-06-07,Santa Barbara,083,443738,92371,5304,97675,696
2022-06-07,Santa Clara,085,1922200,365336,15376,380712,2360
2022-06-07,Santa Cruz,087,273765,53502,2564,56066,264
2022-06-07,Shasta,089,179085,31551,6280,37831,569
2022-06-07,Sierra,091,2930,279,56,335,4
2022-06-07,Siskiyou,093,43540,4624,2871,7495,83
2022-06-07,Solano,095,438530,90183,6333,96516,453
2022-06-07,Sonoma,097,501317,93601,3923,97524,499
2022-06-07,Stanislaus,099,539301,122695,18761,141456,1702
2022-06-07,Sutter,101,95872,21323,2235,23558,228
2022-06-07,Tehama,103,63373,12365,2671,15036,208
2022-06-07,Trinity,105,12862,1215,291,1506,20
2022-06-07,Tulare,107,460477,109551,29340,138891,1502
2022-06-07,Tuolumne,109,53932,13484,654,14138,187
2022-06-07,Ventura,111,848112,183991,11095,195086,1519
2022-06-07,Yolo,113,214977,41628,3307,44935,364
2022-06-07,Yuba,115,75493,16673,1377,18050,126
2022-06-06,Alameda,001,1643700,292654,16134,308788,1891
2022-06-06,Alpine,002,1148,129,1,130,0
2022-06-06,Amador,005,37829,8954,715,9669,87
2022-06-06,Butte,007,227075,34799,7608,42407,438
2022-06-06,Calaveras,009,45235,7606,400,8006,124
2022-06-06,Colusa,011,21464,3515,1084,4599,21
2022-06-06,Contra Costa,013,1133247,215161,16162,231323,1343
2022-06-06,Del Norte,015,27424,6292,261,6553,51
2022-06-06,El Dorado,017,186661,28649,3518,32167,220
2022-06-06,Fresno,019,978130,244214,25824,270038,2784
2022-06-06,Glenn,021,27897,5132,1661,6793,56
2022-06-06,Humboldt,023,135768,18717,3674,22391,150
2022-06-06,Imperial,025,180216,57183,11036,68219,946
2022-06-06,Inyo,027,18085,4201,582,4783,56
2022-06-06,Kern,029,883053,197567,48339,245906,2353
2022-06-06,Kings,031,150075,52951,3605,56556,450
2022-06-06,Lake,033,64148,11220,962,12182,140
2022-06-06,Lassen,035,31185,9164,903,10067,62
2022-06-06,Los Angeles,037,10098052,2885795,136391,3022186,32114
2022-06-06,Madera,039,155013,38596,6490,45086,371
2022-06-06,Marin,041,260295,30228,4146,34374,244
2022-06-06,Mariposa,043,17540,2625,245,2870,28
2022-06-06,Mendocino,045,87422,13969,3551,17520,130
2022-06-06,Merced,047,269075,65629,9652,75281,828
2022-06-06,Modoc,049,8938,764,259,1023,8
2022-06-06,Mono,051,14174,3052,166,3218,6
2022-06-06,Monterey,053,433212,83590,15989,99579,738
2022-06-06,Napa,055,140530,28357,1180,29537,145
2022-06-06,Nevada,057,99092,17015,1381,18396,133
2022-06-06,Orange,059,3164182,582558,47201,629759,7180
2022-06-06,Placer,061,380077,67493,8163,75656,631
2022-06-06,Plumas,063,18699,3176,385,3561,13
2022-06-06,Riverside,065,2383286,616186,29626,645812,6489
2022-06-06,Sacramento,067,1510023,302951,29982,332933,3117
2022-06-06,San Benito,069,59416,13876,648,14524,95
2022-06-06,San Bernardino,071,2135413,595341,26014,621355,7865
2022-06-06,San Diego,073,3302833,802671,58273,860944,5389
2022-06-06,San Francisco,075,870044,149559,9809,159368,906
2022-06-06,San Joaquin,077,732212,175290,11341,186631,2263
2022-06-06,San Luis Obispo,079,281455,56230,4828,61058,488
2022-06-06,San Mateo,081,765935,142072,8788,150860,724
2022-06-06,Santa Barbara,083,443738,92194,5287,97481,696
2022-06-06,Santa Clara,085,1922200,364072,15292,379364,2360
2022-06-06,Santa Cruz,087,273765,53347,2552,55899,264
2022-06-06,Shasta,089,179085,31516,6268,37784,569
2022-06-06,Sierra,091,2930,279,56,335,4
2022-06-06,Siskiyou,093,43540,4614,2861,7475,83
2022-06-06,Solano,095,438530,89888,6313,96201,453
2022-06-06,Sonoma,097,501317,93360,3895,97255,499
2022-06-06,Stanislaus,099,539301,122506,18735,141241,1702
2022-06-06,Sutter,101,95872,21293,2229,23522,228
2022-06-06,Tehama,103,63373,12353,2669,15022,208
2022-06-06,Trinity,105,12862,1213,291,1504,20
2022-06-06,Tulare,107,460477,109410,29285,138695,1502
2022-06-06,Tuolumne,109,53932,13465,653,14118,187
2022-06-06,Ventura,111,848112,183684,11052,194736,1519
2022-06-06,Yolo,113,214977,41471,3296,44767,364
2022-06-06,Yuba,115,75493,16630,1370,18000,126
2022-06-05,Alameda,001,1643700,291603,16071,307674,1890
2022-06-05,Alpine,002,1148,128,1,129,0
2022-06-05,Amador,005,37829,8917,712,9629,87
2022-06-05,Butte,007,227075,34720,7590,42310,438
2022-06-05,Calaveras,009,45235,7590,394,7984,124
2022-06-05,Colusa,011,21464,3509,1084,4593,21
2022-06-05,Contra Costa,013,1133247,214452,16052,230504,1342
2022-06-05,Del Norte,015,27424,6281,257,6538,51
2022-06-05,El Dorado,017,186661,28572,3509,32081,220
2022-06-05,Fresno,019,978130,243745,25734,269479,2783
2022-06-05,Glenn,021,27897,5125,1661,6786,56
2022-06-05,Humboldt,023,135768,18667,3652,22319,150
2022-06-05,Imperial,025,180216,57089,10986,68075,946
2022-06-05,Inyo,027,18085,4197,577,4774,56
2022-06-05,Kern,029,883053,197255,48222,245477,2352
2022-06-05,Kings,031,150075,52874,3599,56473,450
2022-06-05,Lake,033,64148,11201,958,12159,140
2022-06-05,Lassen,035,31185,9156,899,10055,62
2022-06-05,Los Angeles,037,10098052,2879731,135867,3015598,32110
2022-06-05,Madera,039,155013,38533,6474,45007,371
2022-06-05,Marin,041,260295,30114,4113,34227,243
2022-06-05,Mariposa,043,17540,2623,244,2867,28
2022-06-05,Mendocino,045,87422,13933,3504,17437,129
2022-06-05,Merced,047,269075,65538,9618,75156,828
2022-06-05,Modoc,049,8938,763,259,1022,8
2022-06-05,Mono,051,14174,3049,164,3213,6
2022-06-05,Monterey,053,433212,83427,15908,99335,737
2022-06-05,Napa,055,140530,28226,1171,29397,145
2022-06-05,Nevada,057,99092,16972,1365,18337,133
2022-06-05,Orange,059,3164182,581282,47006,628288,7179
2022-06-05,Placer,061,380077,67351,8131,75482,631
2022-06-05,Plumas,063,18699,3168,385,3553,13
2022-06-05,Riverside,065,2383286,615247,29563,644810,6488
2022-06-05,Sacramento,067,1510023,302038,29833,331871,3115
2022-06-05,San Benito,069,59416,13831,642,14473,95
2022-06-05,San Bernardino,071,2135413,594351,25970,620321,7864
2022-06-05,San Diego,073,3302833,800777,58082,858859,5386
2022-06-05,San Francisco,075,870044,148975,9756,158731,906
2022-06-05,San Joaquin,077,732212,174851,11292,186143,2262
2022-06-05,San Luis Obispo,079,281455,56068,4757,60825,488
2022-06-05,San Mateo,081,765935,141556,8740,150296,724
2022-06-05,Santa Barbara,083,443738,92002,5268,97270,696
2022-06-05,Santa Clara,085,1922200,362650,15204,377854,2360
2022-06-05,Santa Cruz,087,273765,53155,2539,55694,263
2022-06-05,Shasta,089,179085,31475,6257,37732,568
2022-06-05,Sierra,091,2930,279,56,335,4
2022-06-05,Siskiyou,093,43540,4609,2849,7458,83
2022-06-05,Solano,095,438530,89543,6296,95839,453
2022-06-05,Sonoma,097,501317,93081,3866,96947,499
2022-06-05,Stanislaus,099,539301,122312,18707,141019,1702
2022-06-05,Sutter,101,95872,21261,2222,23483,228
2022-06-05,Tehama,103,63373,12334,2666,15000,208
2022-06-05,Trinity,105,12862,1213,291,1504,20
2022-06-05,Tulare,107,460477,109222,29212,138434,1502
2022-06-05,Tuolumne,109,53932,13436,640,14076,187
2022-06-05,Ventura,111,848112,183331,10995,194326,1516
2022-06-05,Yolo,113,214977,41340,3284,44624,364
2022-06-05,Yuba,115,75493,16589,1362,17951,126
2022-06-04,Alameda,001,1643700,291098,16047,307145,1890
2022-06-04,Alpine,002,1148,128,1,129,0
2022-06-04,Amador,005,37829,8908,710,9618,87
2022-06-04,Butte,007,227075,34681,7585,42266,438
2022-06-04,Calaveras,009,45235,7576,394,7970,124
2022-06-04,Colusa,011,21464,3506,1079,4585,21
2022-06-04,Contra Costa,013,1133247,214063,16012,230075,1341
2022-06-04,Del Norte,015,27424,6280,257,6537,51
2022-06-04,El Dorado,017,186661,28533,3505,32038,220
2022-06-04,Fresno,019,978130,243574,25717,269291,2783
2022-06-04,Glenn,021,27897,5121,1660,6781,56
2022-06-04,Humboldt,023,135768,18645,3646,22291,150
2022-06-04,Imperial,025,180216,57037,10971,68008,946
2022-06-04,Inyo,027,18085,4197,576,4773,56
2022-06-04,Kern,029,883053,197132,48154,245286,2352
2022-06-04,Kings,031,150075,52833,3599,56432,450
2022-06-04,Lake,033,64148,11186,952,12138,140
2022-06-04,Lassen,035,31185,9151,898,10049,62
2022-06-04,Los Angeles,037,10098052,2877274,135594,3012868,32102
2022-06-04,Madera,039,155013,38498,6470,44968,371
2022-06-04,Marin,041,260295,30037,4072,34109,243
2022-06-04,Mariposa,043,17540,2620,244,2864,28
2022-06-04,Mendocino,045,87422,13920,3503,17423,129
2022-06-04,Merced,047,269075,65488,9609,75097,828
2022-06-04,Modoc,049,8938,762,258,1020,8
2022-06-04,Mono,051,14174,3049,164,3213,6
2022-06-04,Monterey,053,433212,83342,15873,99215,737
2022-06-04,Napa,055,140530,28178,1169,29347,145
2022-06-04,Nevada,057,99092,16959,1364,18323,133
2022-06-04,Orange,059,3164182,580633,46880,627513,7175
2022-06-04,Placer,061,380077,67271,8114,75385,631
2022-06-04,Plumas,063,18699,3164,384,3548,13
2022-06-04,Riverside,065,2383286,614711,29538,644249,6488
2022-06-04,Sacramento,067,1510023,301677,29802,331479,3112
2022-06-04,San Benito,069,59416,13805,639,14444,95
2022-06-04,San Bernardino,071,2135413,593904,25941,619845,7864
2022-06-04,San Diego,073,3302833,800051,58035,858086,5383
2022-06-04,San Francisco,075,870044,148645,9735,158380,906
2022-06-04,San Joaquin,077,732212,174706,11255,185961,2262
2022-06-04,San Luis Obispo,079,281455,56029,4751,60780,488
2022-06-04,San Mateo,081,765935,141250,8712,149962,724
2022-06-04,Santa Barbara,083,443738,91904,5247,97151,696
2022-06-04,Santa Clara,085,1922200,361780,15163,376943,2360
2022-06-04,Santa Cruz,087,273765,53070,2526,55596,263
2022-06-04,Shasta,089,179085,31452,6254,37706,568
2022-06-04,Sierra,091,2930,279,56,335,4
2022-06-04,Siskiyou,093,43540,4605,2843,7448,83
2022-06-04,Solano,095,438530,89456,6279,95735,453
2022-06-04,Sonoma,097,501317,92927,3852,96779,499
2022-06-04,Stanislaus,099,539301,122174,18692,140866,1702
2022-06-04,Sutter,101,95872,21234,2219,23453,228
2022-06-04,Tehama,103,63373,12320,2665,14985,208
2022-06-04,Trinity,105,12862,1213,291,1504,20
2022-06-04,Tulare,107,460477,109156,29168,138324,1502
2022-06-04,Tuolumne,109,53932,13426,637,14063,187
2022-06-04,Ventura,111,848112,183147,10978,194125,1516
2022-06-04,Yolo,113,214977,41257,3279,44536,364
2022-06-04,Yuba,115,75493,16573,1358,17931,126
2022-06-03,Alameda,001,1643700,290561,16017,306578,1890
2022-06-03,Alpine,002,1148,128,1,129,0
2022-06-03,Amador,005,37829,8902,708,9610,87
2022-06-03,Butte,007,227075,34630,7575,42205,437
2022-06-03,Calaveras,009,45235,7571,394,7965,124
2022-06-03,Colusa,011,21464,3506,1077,4583,21
2022-06-03,Contra Costa,013,1133247,213753,15983,229736,1339
2022-06-03,Del Norte,015,27424,6276,254,6530,51
2022-06-03,El Dorado,017,186661,28504,3502,32006,220
2022-06-03,Fresno,019,978130,243344,25684,269028,2782
2022-06-03,Glenn,021,27897,5115,1658,6773,56
2022-06-03,Humboldt,023,135768,18625,3641,22266,150
2022-06-03,Imperial,025,180216,56991,10961,67952,946
2022-06-03,Inyo,027,18085,4196,576,4772,56
2022-06-03,Kern,029,883053,196990,48086,245076,2352
2022-06-03,Kings,031,150075,52809,3599,56408,450
2022-06-03,Lake,033,64148,11175,949,12124,140
2022-06-03,Lassen,035,31185,9146,898,10044,62
2022-06-03,Los Angeles,037,10098052,2874369,135305,3009674,32097
2022-06-03,Madera,039,155013,38454,6461,44915,371
2022-06-03,Marin,041,260295,29968,4037,34005,243
2022-06-03,Mariposa,043,17540,2617,244,2861,28
2022-06-03,Mendocino,045,87422,13898,3502,17400,129
2022-06-03,Merced,047,269075,65437,9606,75043,828
2022-06-03,Modoc,049,8938,762,258,1020,8
2022-06-03,Mono,051,14174,3046,164,3210,6
2022-06-03,Monterey,053,433212,83243,15826,99069,737
2022-06-03,Napa,055,140530,28128,1161,29289,144
2022-06-03,Nevada,057,99092,16939,1363,18302,133
2022-06-03,Orange,059,3164182,579948,46765,626713,7174
2022-06-03,Placer,061,380077,67186,8097,75283,631
2022-06-03,Plumas,063,18699,3162,383,3545,13
2022-06-03,Riverside,065,2383286,614183,29508,643691,6487
2022-06-03,Sacramento,067,1510023,301206,29766,330972,3112
2022-06-03,San Benito,069,59416,13792,635,14427,95
2022-06-03,San Bernardino,071,2135413,593452,25906,619358,7862
2022-06-03,San Diego,073,3302833,799105,57912,857017,5383
2022-06-03,San Francisco,075,870044,148275,9703,157978,906
2022-06-03,San Joaquin,077,732212,174541,11236,185777,2262
2022-06-03,San Luis Obispo,079,281455,55984,4742,60726,487
2022-06-03,San Mateo,081,765935,140966,8700,149666,724
2022-06-03,Santa Barbara,083,443738,91785,5245,97030,696
2022-06-03,Santa Clara,085,1922200,360887,15116,376003,2357
2022-06-03,Santa Cruz,087,273765,52938,2513,55451,263
2022-06-03,Shasta,089,179085,31440,6253,37693,568
2022-06-03,Sierra,091,2930,279,56,335,4
2022-06-03,Siskiyou,093,43540,4600,2842,7442,83
2022-06-03,Solano,095,438530,89339,6268,95607,452
2022-06-03,Sonoma,097,501317,92780,3843,96623,499
2022-06-03,Stanislaus,099,539301,122069,18671,140740,1702
2022-06-03,Sutter,101,95872,21211,2218,23429,228
2022-06-03,Tehama,103,63373,12314,2664,14978,208
2022-06-03,Trinity,105,12862,1211,291,1502,20
2022-06-03,Tulare,107,460477,109088,29132,138220,1502
2022-06-03,Tuolumne,109,53932,13415,634,14049,187
2022-06-03,Ventura,111,848112,182959,10953,193912,1516
2022-06-03,Yolo,113,214977,41195,3265,44460,364
2022-06-03,Yuba,115,75493,16548,1356,17904,126
2022-06-02,Alameda,001,1643700,289659,15953,305612,1889
2022-06-02,Alpine,002,1148,128,1,129,0
2022-06-02,Amador,005,37829,8879,706,9585,87
2022-06-02,Butte,007,227075,34554,7559,42113,437
2022-06-02,Calaveras,009,45235,7558,393,7951,123
2022-06-02,Colusa,011,21464,3503,1077,4580,21
2022-06-02,Contra Costa,013,1133247,213169,15891,229060,1337
2022-06-02,Del Norte,015,27424,6265,253,6518,51
2022-06-02,El Dorado,017,186661,28436,3490,31926,220
2022-06-02,Fresno,019,978130,242997,25629,268626,2782
2022-06-02,Glenn,021,27897,5109,1655,6764,56
2022-06-02,Humboldt,023,135768,18584,3620,22204,150
2022-06-02,Imperial,025,180216,56931,10949,67880,946
2022-06-02,Inyo,027,18085,4196,573,4769,56
2022-06-02,Kern,029,883053,196707,47981,244688,2352
2022-06-02,Kings,031,150075,52757,3594,56351,450
2022-06-02,Lake,033,64148,11153,947,12100,140
2022-06-02,Lassen,035,31185,9135,898,10033,62
2022-06-02,Los Angeles,037,10098052,2869450,134880,3004330,32091
2022-06-02,Madera,039,155013,38400,6448,44848,371
2022-06-02,Marin,041,260295,29870,4010,33880,243
2022-06-02,Mariposa,043,17540,2612,243,2855,28
2022-06-02,Mendocino,045,87422,13869,3494,17363,129
2022-06-02,Merced,047,269075,65360,9596,74956,828
2022-06-02,Modoc,049,8938,761,258,1019,8
2022-06-02,Mono,051,14174,3046,164,3210,6
2022-06-02,Monterey,053,433212,83092,15762,98854,737
2022-06-02,Napa,055,140530,28052,1158,29210,144
2022-06-02,Nevada,057,99092,16902,1358,18260,133
2022-06-02,Orange,059,3164182,578914,46601,625515,7173
2022-06-02,Placer,061,380077,67066,8071,75137,631
2022-06-02,Plumas,063,18699,3153,383,3536,13
2022-06-02,Riverside,065,2383286,613500,29450,642950,6486
2022-06-02,Sacramento,067,1510023,300563,29660,330223,3109
2022-06-02,San Benito,069,59416,13759,633,14392,95
2022-06-02,San Bernardino,071,2135413,592781,25860,618641,7862
2022-06-02,San Diego,073,3302833,797731,57743,855474,5383
2022-06-02,San Francisco,075,870044,147856,9654,157510,906
2022-06-02,San Joaquin,077,732212,174230,11203,185433,2260
2022-06-02,San Luis Obispo,079,281455,55854,4707,60561,487
2022-06-02,San Mateo,081,765935,140584,8648,149232,723
2022-06-02,Santa Barbara,083,443738,91611,5230,96841,696
2022-06-02,Santa Clara,085,1922200,359796,14996,374792,2356
2022-06-02,Santa Cruz,087,273765,52822,2502,55324,263
2022-06-02,Shasta,089,179085,31410,6246,37656,568
2022-06-02,Sierra,091,2930,279,56,335,4
2022-06-02,Siskiyou,093,43540,4593,2833,7426,83
2022-06-02,Solano,095,438530,89063,6258,95321,451
2022-06-02,Sonoma,097,501317,92554,3817,96371,499
2022-06-02,Stanislaus,099,539301,121909,18642,140551,1702
2022-06-02,Sutter,101,95872,21184,2212,23396,228
2022-06-02,Tehama,103,63373,12302,2657,14959,208
2022-06-02,Trinity,105,12862,1209,291,1500,20
2022-06-02,Tulare,107,460477,108956,29065,138021,1502
2022-06-02,Tuolumne,109,53932,13396,632,14028,187
2022-06-02,Ventura,111,848112,182688,10919,193607,1516
2022-06-02,Yolo,113,214977,41086,3255,44341,364
2022-06-02,Yuba,115,75493,16527,1349,17876,126
2022-06-01,Alameda,001,1643700,288647,15898,304545,1888
2022-06-01,Alpine,002,1148,128,1,129,0
2022-06-01,Amador,005,37829,8873,704,9577,87
2022-06-01,Butte,007,227075,34485,7545,42030,437
2022-06-01,Calaveras,009,45235,7553,390,7943,122
2022-06-01,Colusa,011,21464,3500,1077,4577,21
2022-06-01,Contra Costa,013,1133247,212524,15814,228338,1335
2022-06-01,Del Norte,015,27424,6255,252,6507,51
2022-06-01,El Dorado,017,186661,28375,3472,31847,220
2022-06-01,Fresno,019,978130,242638,25574,268212,2782
2022-06-01,Glenn,021,27897,5104,1654,6758,56
2022-06-01,Humboldt,023,135768,18541,3597,22138,150
2022-06-01,Imperial,025,180216,56863,10922,67785,946
2022-06-01,Inyo,027,18085,4192,567,4759,56
2022-06-01,Kern,029,883053,196481,47898,244379,2352
2022-06-01,Kings,031,150075,52699,3590,56289,450
2022-06-01,Lake,033,64148,11132,942,12074,140
2022-06-01,Lassen,035,31185,9121,897,10018,62
2022-06-01,Los Angeles,037,10098052,2864056,134448,2998504,32087
2022-06-01,Madera,039,155013,38362,6434,44796,371
2022-06-01,Marin,041,260295,29754,3970,33724,243
2022-06-01,Mariposa,043,17540,2597,242,2839,28
2022-06-01,Mendocino,045,87422,13842,3478,17320,129
2022-06-01,Merced,047,269075,65281,9576,74857,828
2022-06-01,Modoc,049,8938,758,257,1015,8
2022-06-01,Mono,051,14174,3044,163,3207,6
2022-06-01,Monterey,053,433212,82938,15699,98637,737
2022-06-01,Napa,055,140530,27973,1148,29121,144
2022-06-01,Nevada,057,99092,16863,1349,18212,133
2022-06-01,Orange,059,3164182,577653,46432,624085,7171
2022-06-01,Placer,061,380077,66924,8039,74963,631
2022-06-01,Plumas,063,18699,3146,382,3528,13
2022-06-01,Riverside,065,2383286,612760,29404,642164,6485
2022-06-01,Sacramento,067,1510023,299807,29551,329358,3105
2022-06-01,San Benito,069,59416,13721,622,14343,95
2022-06-01,San Bernardino,071,2135413,592066,25822,617888,7860
2022-06-01,San Diego,073,3302833,796041,57545,853586,5383
2022-06-01,San Francisco,075,870044,147337,9616,156953,906
2022-06-01,San Joaquin,077,732212,173931,11174,185105,2259
2022-06-01,San Luis Obispo,079,281455,55687,4674,60361,487
2022-06-01,San Mateo,081,765935,140100,8573,148673,723
2022-06-01,Santa Barbara,083,443738,91428,5215,96643,695
2022-06-01,Santa Clara,085,1922200,358634,14905,373539,2355
2022-06-01,Santa Cruz,087,273765,52709,2492,55201,263
2022-06-01,Shasta,089,179085,31379,6243,37622,568
2022-06-01,Sierra,091,2930,279,56,335,4
2022-06-01,Siskiyou,093,43540,4587,2828,7415,83
2022-06-01,Solano,095,438530,88826,6230,95056,451
2022-06-01,Sonoma,097,501317,92300,3793,96093,498
2022-06-01,Stanislaus,099,539301,121719,18620,140339,1702
2022-06-01,Sutter,101,95872,21155,2208,23363,228
2022-06-01,Tehama,103,63373,12295,2653,14948,208
2022-06-01,Trinity,105,12862,1208,290,1498,20
2022-06-01,Tulare,107,460477,108844,29009,137853,1502
2022-06-01,Tuolumne,109,53932,13381,631,14012,187
2022-06-01,Ventura,111,848112,182405,10888,193293,1516
2022-06-01,Yolo,113,214977,41003,3244,44247,363
2022-06-01,Yuba,115,75493,16503,1341,17844,126
2022-05-31,Alameda,001,1643700,287542,15844,303386,1888
2022-05-31,Alpine,002,1148,128,1,129,0
2022-05-31,Amador,005,37829,8855,698,9553,87
2022-05-31,Butte,007,227075,34424,7527,41951,437
2022-05-31,Calaveras,009,45235,7542,390,7932,122
2022-05-31,Colusa,011,21464,3495,1076,4571,21
2022-05-31,Contra Costa,013,1133247,211770,15719,227489,1334
2022-05-31,Del Norte,015,27424,6246,250,6496,51
2022-05-31,El Dorado,017,186661,28314,3452,31766,220
2022-05-31,Fresno,019,978130,242235,25505,267740,2782
2022-05-31,Glenn,021,27897,5096,1652,6748,56
2022-05-31,Humboldt,023,135768,18510,3577,22087,149
2022-05-31,Imperial,025,180216,56799,10896,67695,946
2022-05-31,Inyo,027,18085,4186,565,4751,56
2022-05-31,Kern,029,883053,196236,47802,244038,2352
2022-05-31,Kings,031,150075,52649,3584,56233,450
2022-05-31,Lake,033,64148,11113,938,12051,140
2022-05-31,Lassen,035,31185,9109,896,10005,62
2022-05-31,Los Angeles,037,10098052,2857987,133981,2991968,32081
2022-05-31,Madera,039,155013,38298,6414,44712,371
2022-05-31,Marin,041,260295,29615,3935,33550,242
2022-05-31,Mariposa,043,17540,2591,237,2828,28
2022-05-31,Mendocino,045,87422,13807,3461,17268,129
2022-05-31,Merced,047,269075,65194,9553,74747,828
2022-05-31,Modoc,049,8938,756,257,1013,8
2022-05-31,Mono,051,14174,3040,163,3203,6
2022-05-31,Monterey,053,433212,82778,15633,98411,737
2022-05-31,Napa,055,140530,27878,1145,29023,144
2022-05-31,Nevada,057,99092,16816,1347,18163,133
2022-05-31,Orange,059,3164182,576410,46232,622642,7169
2022-05-31,Placer,061,380077,66765,8009,74774,631
2022-05-31,Plumas,063,18699,3142,381,3523,13
2022-05-31,Riverside,065,2383286,611841,29342,641183,6484
2022-05-31,Sacramento,067,1510023,298953,29404,328357,3104
2022-05-31,San Benito,069,59416,13665,617,14282,95
2022-05-31,San Bernardino,071,2135413,591184,25786,616970,7859
2022-05-31,San Diego,073,3302833,794164,57341,851505,5382
2022-05-31,San Francisco,075,870044,146694,9574,156268,906
2022-05-31,San Joaquin,077,732212,173555,11131,184686,2259
2022-05-31,San Luis Obispo,079,281455,55536,4609,60145,487
2022-05-31,San Mateo,081,765935,139540,8531,148071,723
2022-05-31,Santa Barbara,083,443738,91204,5192,96396,695
2022-05-31,Santa Clara,085,1922200,357124,14828,371952,2353
2022-05-31,Santa Cruz,087,273765,52589,2472,55061,263
2022-05-31,Shasta,089,179085,31345,6232,37577,567
2022-05-31,Sierra,091,2930,278,55,333,4
2022-05-31,Siskiyou,093,43540,4582,2822,7404,83
2022-05-31,Solano,095,438530,88487,6206,94693,451
2022-05-31,Sonoma,097,501317,92011,3754,95765,498
2022-05-31,Stanislaus,099,539301,121514,18595,140109,1701
2022-05-31,Sutter,101,95872,21126,2202,23328,228
2022-05-31,Tehama,103,63373,12286,2648,14934,208
2022-05-31,Trinity,105,12862,1207,290,1497,20
2022-05-31,Tulare,107,460477,108708,28949,137657,1502
2022-05-31,Tuolumne,109,53932,13366,628,13994,187
2022-05-31,Ventura,111,848112,182085,10839,192924,1515
2022-05-31,Yolo,113,214977,40830,3233,44063,363
2022-05-31,Yuba,115,75493,16471,1335,17806,126
2022-05-30,Alameda,001,1643700,286167,15758,301925,1887
2022-05-30,Alpine,002,1148,128,1,129,0
2022-05-30,Amador,005,37829,8840,697,9537,87
2022-05-30,Butte,007,227075,34347,7504,41851,437
2022-05-30,Calaveras,009,45235,7533,390,7923,122
2022-05-30,Colusa,011,21464,3493,1075,4568,21
2022-05-30,Contra Costa,013,1133247,210927,15584,226511,1334
2022-05-30,Del Norte,015,27424,6228,249,6477,51
2022-05-30,El Dorado,017,186661,28236,3432,31668,220
2022-05-30,Fresno,019,978130,241763,25430,267193,2782
2022-05-30,Glenn,021,27897,5091,1649,6740,56
2022-05-30,Humboldt,023,135768,18456,3549,22005,149
2022-05-30,Imperial,025,180216,56718,10866,67584,946
2022-05-30,Inyo,027,18085,4181,564,4745,56
2022-05-30,Kern,029,883053,195955,47686,243641,2352
2022-05-30,Kings,031,150075,52554,3583,56137,450
2022-05-30,Lake,033,64148,11084,929,12013,140
2022-05-30,Lassen,035,31185,9093,893,9986,62
2022-05-30,Los Angeles,037,10098052,2850692,133477,2984169,32075
2022-05-30,Madera,039,155013,38242,6374,44616,371
2022-05-30,Marin,041,260295,29489,3893,33382,242
2022-05-30,Mariposa,043,17540,2568,233,2801,28
2022-05-30,Mendocino,045,87422,13760,3443,17203,129
2022-05-30,Merced,047,269075,65097,9516,74613,828
2022-05-30,Modoc,049,8938,753,255,1008,8
2022-05-30,Mono,051,14174,3037,163,3200,6
2022-05-30,Monterey,053,433212,82588,15545,98133,736
2022-05-30,Napa,055,140530,27801,1137,28938,144
2022-05-30,Nevada,057,99092,16769,1342,18111,133
2022-05-30,Orange,059,3164182,574930,46015,620945,7168
2022-05-30,Placer,061,380077,66625,7980,74605,631
2022-05-30,Plumas,063,18699,3136,378,3514,13
2022-05-30,Riverside,065,2383286,610831,29264,640095,6483
2022-05-30,Sacramento,067,1510023,298000,29244,327244,3103
2022-05-30,San Benito,069,59416,13603,609,14212,95
2022-05-30,San Bernardino,071,2135413,590208,25750,615958,7858
2022-05-30,San Diego,073,3302833,791895,57048,848943,5381
2022-05-30,San Francisco,075,870044,146038,9522,155560,906
2022-05-30,San Joaquin,077,732212,173157,11091,184248,2259
2022-05-30,San Luis Obispo,079,281455,55329,4538,59867,487
2022-05-30,San Mateo,081,765935,138858,8479,147337,722
2022-05-30,Santa Barbara,083,443738,90948,5158,96106,695
2022-05-30,Santa Clara,085,1922200,355569,14740,370309,2353
2022-05-30,Santa Cruz,087,273765,52451,2462,54913,263
2022-05-30,Shasta,089,179085,31306,6225,37531,567
2022-05-30,Sierra,091,2930,278,55,333,4
2022-05-30,Siskiyou,093,43540,4573,2810,7383,83
2022-05-30,Solano,095,438530,88139,6150,94289,451
2022-05-30,Sonoma,097,501317,91725,3710,95435,498
2022-05-30,Stanislaus,099,539301,121323,18565,139888,1701
2022-05-30,Sutter,101,95872,21087,2196,23283,228
2022-05-30,Tehama,103,63373,12270,2644,14914,208
2022-05-30,Trinity,105,12862,1206,290,1496,20
2022-05-30,Tulare,107,460477,108546,28860,137406,1502
2022-05-30,Tuolumne,109,53932,13341,624,13965,187
2022-05-30,Ventura,111,848112,181712,10787,192499,1515
2022-05-30,Yolo,113,214977,40643,3223,43866,363
2022-05-30,Yuba,115,75493,16443,1331,17774,126
2022-05-29,Alameda,001,1643700,285680,15734,301414,1887
2022-05-29,Alpine,002,1148,128,1,129,0
2022-05-29,Amador,005,37829,8835,694,9529,87
2022-05-29,Butte,007,227075,34331,7497,41828,437
2022-05-29,Calaveras,009,45235,7522,390,7912,122
2022-05-29,Colusa,011,21464,3492,1074,4566,21
2022-05-29,Contra Costa,013,1133247,210582,15559,226141,1334
2022-05-29,Del Norte,015,27424,6226,248,6474,51
2022-05-29,El Dorado,017,186661,28210,3429,31639,220
2022-05-29,Fresno,019,978130,241633,25410,267043,2781
2022-05-29,Glenn,021,27897,5086,1649,6735,56
2022-05-29,Humboldt,023,135768,18435,3538,21973,149
2022-05-29,Imperial,025,180216,56680,10849,67529,945
2022-05-29,Inyo,027,18085,4180,564,4744,56
2022-05-29,Kern,029,883053,195857,47621,243478,2352
2022-05-29,Kings,031,150075,52528,3583,56111,450
2022-05-29,Lake,033,64148,11075,927,12002,140
2022-05-29,Lassen,035,31185,9089,893,9982,62
2022-05-29,Los Angeles,037,10098052,2848451,133205,2981656,32066
2022-05-29,Madera,039,155013,38219,6369,44588,371
2022-05-29,Marin,041,260295,29420,3861,33281,242
2022-05-29,Mariposa,043,17540,2563,233,2796,28
2022-05-29,Mendocino,045,87422,13739,3442,17181,129
2022-05-29,Merced,047,269075,65076,9513,74589,828
2022-05-29,Modoc,049,8938,753,255,1008,8
2022-05-29,Mono,051,14174,3036,163,3199,6
2022-05-29,Monterey,053,433212,82523,15501,98024,736
2022-05-29,Napa,055,140530,27765,1136,28901,144
2022-05-29,Nevada,057,99092,16754,1340,18094,133
2022-05-29,Orange,059,3164182,574353,45837,620190,7167
2022-05-29,Placer,061,380077,66556,7970,74526,631
2022-05-29,Plumas,063,18699,3129,378,3507,13
2022-05-29,Riverside,065,2383286,610484,29230,639714,6483
2022-05-29,Sacramento,067,1510023,297542,29213,326755,3101
2022-05-29,San Benito,069,59416,13597,607,14204,95
2022-05-29,San Bernardino,071,2135413,589914,25734,615648,7858
2022-05-29,San Diego,073,3302833,791154,56969,848123,5380
2022-05-29,San Francisco,075,870044,145610,9513,155123,903
2022-05-29,San Joaquin,077,732212,172995,11074,184069,2258
2022-05-29,San Luis Obispo,079,281455,55277,4526,59803,487
2022-05-29,San Mateo,081,765935,138603,8466,147069,721
2022-05-29,Santa Barbara,083,443738,90818,5157,95975,694
2022-05-29,Santa Clara,085,1922200,354774,14701,369475,2353
2022-05-29,Santa Cruz,087,273765,52375,2456,54831,263
2022-05-29,Shasta,089,179085,31294,6221,37515,567
2022-05-29,Sierra,091,2930,278,55,333,4
2022-05-29,Siskiyou,093,43540,4568,2808,7376,83
2022-05-29,Solano,095,438530,88084,6139,94223,451
2022-05-29,Sonoma,097,501317,91632,3695,95327,498
2022-05-29,Stanislaus,099,539301,121224,18546,139770,1701
2022-05-29,Sutter,101,95872,21067,2196,23263,228
2022-05-29,Tehama,103,63373,12260,2643,14903,208
2022-05-29,Trinity,105,12862,1205,290,1495,20
2022-05-29,Tulare,107,460477,108461,28815,137276,1502
2022-05-29,Tuolumne,109,53932,13326,624,13950,187
2022-05-29,Ventura,111,848112,181567,10777,192344,1515
2022-05-29,Yolo,113,214977,40591,3220,43811,363
2022-05-29,Yuba,115,75493,16427,1327,17754,126
2022-05-28,Alameda,001,1643700,285303,15707,301010,1887
2022-05-28,Alpine,002,1148,128,1,129,0
2022-05-28,Amador,005,37829,8826,694,9520,87
2022-05-28,Butte,007,227075,34307,7481,41788,437
2022-05-28,Calaveras,009,45235,7518,390,7908,122
2022-05-28,Colusa,011,21464,3488,1073,4561,21
2022-05-28,Contra Costa,013,1133247,210314,15535,225849,1333
2022-05-28,Del Norte,015,27424,6222,246,6468,51
2022-05-28,El Dorado,017,186661,28180,3428,31608,220
2022-05-28,Fresno,019,978130,241475,25377,266852,2779
2022-05-28,Glenn,021,27897,5083,1649,6732,56
2022-05-28,Humboldt,023,135768,18411,3528,21939,149
2022-05-28,Imperial,025,180216,56654,10839,67493,945
2022-05-28,Inyo,027,18085,4180,562,4742,56
2022-05-28,Kern,029,883053,195758,47571,243329,2352
2022-05-28,Kings,031,150075,52504,3582,56086,450
2022-05-28,Lake,033,64148,11065,927,11992,140
2022-05-28,Lassen,035,31185,9084,893,9977,62
2022-05-28,Los Angeles,037,10098052,2846470,132938,2979408,32060
2022-05-28,Madera,039,155013,38202,6366,44568,371
2022-05-28,Marin,041,260295,29353,3831,33184,241
2022-05-28,Mariposa,043,17540,2559,233,2792,28
2022-05-28,Mendocino,045,87422,13727,3442,17169,129
2022-05-28,Merced,047,269075,65043,9507,74550,828
2022-05-28,Modoc,049,8938,753,255,1008,8
2022-05-28,Mono,051,14174,3036,162,3198,6
2022-05-28,Monterey,053,433212,82455,15469,97924,736
2022-05-28,Napa,055,140530,27720,1135,28855,144
2022-05-28,Nevada,057,99092,16742,1338,18080,133
2022-05-28,Orange,059,3164182,573837,45716,619553,7166
2022-05-28,Placer,061,380077,66483,7957,74440,631
2022-05-28,Plumas,063,18699,3123,377,3500,13
2022-05-28,Riverside,065,2383286,610104,29202,639306,6482
2022-05-28,Sacramento,067,1510023,297269,29193,326462,3097
2022-05-28,San Benito,069,59416,13582,607,14189,95
2022-05-28,San Bernardino,071,2135413,589550,25707,615257,7855
2022-05-28,San Diego,073,3302833,790497,56917,847414,5377
2022-05-28,San Francisco,075,870044,145303,9492,154795,902
2022-05-28,San Joaquin,077,732212,172892,11058,183950,2258
2022-05-28,San Luis Obispo,079,281455,55241,4523,59764,486
2022-05-28,San Mateo,081,765935,138325,8439,146764,721
2022-05-28,Santa Barbara,083,443738,90718,5147,95865,694
2022-05-28,Santa Clara,085,1922200,353988,14674,368662,2352
2022-05-28,Santa Cruz,087,273765,52335,2448,54783,263
2022-05-28,Shasta,089,179085,31283,6216,37499,565
2022-05-28,Sierra,091,2930,278,54,332,4
2022-05-28,Siskiyou,093,43540,4560,2804,7364,83
2022-05-28,Solano,095,438530,88010,6129,94139,451
2022-05-28,Sonoma,097,501317,91490,3684,95174,497
2022-05-28,Stanislaus,099,539301,121125,18538,139663,1701
2022-05-28,Sutter,101,95872,21052,2194,23246,228
2022-05-28,Tehama,103,63373,12248,2640,14888,208
2022-05-28,Trinity,105,12862,1204,290,1494,20
2022-05-28,Tulare,107,460477,108406,28781,137187,1502
2022-05-28,Tuolumne,109,53932,13310,623,13933,187
2022-05-28,Ventura,111,848112,181401,10757,192158,1515
2022-05-28,Yolo,113,214977,40537,3213,43750,363
2022-05-28,Yuba,115,75493,16413,1325,17738,126
2022-05-27,Alameda,001,1643700,284828,15666,300494,1887
2022-05-27,Alpine,002,1148,127,1,128,0
2022-05-27,Amador,005,37829,8821,694,9515,87
2022-05-27,Butte,007,227075,34281,7466,41747,437
2022-05-27,Calaveras,009,45235,7511,390,7901,122
2022-05-27,Colusa,011,21464,3488,1073,4561,21
2022-05-27,Contra Costa,013,1133247,210030,15503,225533,1333
2022-05-27,Del Norte,015,27424,6216,246,6462,50
2022-05-27,El Dorado,017,186661,28156,3420,31576,220
2022-05-27,Fresno,019,978130,241301,25345,266646,2778
2022-05-27,Glenn,021,27897,5081,1648,6729,56
2022-05-27,Humboldt,023,135768,18401,3522,21923,149
2022-05-27,Imperial,025,180216,56570,10834,67404,945
2022-05-27,Inyo,027,18085,4178,561,4739,56
2022-05-27,Kern,029,883053,195649,47503,243152,2352
2022-05-27,Kings,031,150075,52476,3579,56055,450
2022-05-27,Lake,033,64148,11059,925,11984,140
2022-05-27,Lassen,035,31185,9080,893,9973,62
2022-05-27,Los Angeles,037,10098052,2844120,132692,2976812,32051
2022-05-27,Madera,039,155013,38168,6357,44525,371
2022-05-27,Marin,041,260295,29284,3797,33081,240
2022-05-27,Mariposa,043,17540,2553,233,2786,28
2022-05-27,Mendocino,045,87422,13710,3438,17148,129
2022-05-27,Merced,047,269075,65002,9502,74504,828
2022-05-27,Modoc,049,8938,753,255,1008,8
2022-05-27,Mono,051,14174,3035,162,3197,6
2022-05-27,Monterey,053,433212,82396,15424,97820,736
2022-05-27,Napa,055,140530,27686,1132,28818,144
2022-05-27,Nevada,057,99092,16731,1334,18065,133
2022-05-27,Orange,059,3164182,573275,45604,618879,7161
2022-05-27,Placer,061,380077,66413,7947,74360,631
2022-05-27,Plumas,063,18699,3120,377,3497,13
2022-05-27,Riverside,065,2383286,609689,29170,638859,6481
2022-05-27,Sacramento,067,1510023,296892,29151,326043,3097
2022-05-27,San Benito,069,59416,13570,607,14177,95
2022-05-27,San Bernardino,071,2135413,589212,25682,614894,7855
2022-05-27,San Diego,073,3302833,789621,56826,846447,5376
2022-05-27,San Francisco,075,870044,144971,9452,154423,902
2022-05-27,San Joaquin,077,732212,172760,11037,183797,2257
2022-05-27,San Luis Obispo,079,281455,55178,4512,59690,486
2022-05-27,San Mateo,081,765935,138074,8415,146489,721
2022-05-27,Santa Barbara,083,443738,90629,5146,95775,694
2022-05-27,Santa Clara,085,1922200,353244,14658,367902,2350
2022-05-27,Santa Cruz,087,273765,52280,2436,54716,263
2022-05-27,Shasta,089,179085,31273,6210,37483,565
2022-05-27,Sierra,091,2930,278,54,332,4
2022-05-27,Siskiyou,093,43540,4558,2802,7360,83
2022-05-27,Solano,095,438530,87882,6118,94000,451
2022-05-27,Sonoma,097,501317,91345,3672,95017,497
2022-05-27,Stanislaus,099,539301,121043,18523,139566,1700
2022-05-27,Sutter,101,95872,21035,2193,23228,228
2022-05-27,Tehama,103,63373,12245,2639,14884,208
2022-05-27,Trinity,105,12862,1204,290,1494,20
2022-05-27,Tulare,107,460477,108338,28744,137082,1502
2022-05-27,Tuolumne,109,53932,13300,622,13922,187
2022-05-27,Ventura,111,848112,181225,10734,191959,1515
2022-05-27,Yolo,113,214977,40466,3205,43671,363
2022-05-27,Yuba,115,75493,16399,1324,17723,126
2022-05-26,Alameda,001,1643700,283977,15591,299568,1886
2022-05-26,Alpine,002,1148,127,1,128,0
2022-05-26,Amador,005,37829,8808,694,9502,87
2022-05-26,Butte,007,227075,34225,7444,41669,437
2022-05-26,Calaveras,009,45235,7501,390,7891,122
2022-05-26,Colusa,011,21464,3485,1070,4555,21
2022-05-26,Contra Costa,013,1133247,209551,15431,224982,1332
2022-05-26,Del Norte,015,27424,6208,242,6450,50
2022-05-26,El Dorado,017,186661,28107,3409,31516,220
2022-05-26,Fresno,019,978130,241045,25289,266334,2778
2022-05-26,Glenn,021,27897,5075,1648,6723,56
2022-05-26,Humboldt,023,135768,18360,3509,21869,149
2022-05-26,Imperial,025,180216,56538,10819,67357,945
2022-05-26,Inyo,027,18085,4177,558,4735,56
2022-05-26,Kern,029,883053,195485,47428,242913,2352
2022-05-26,Kings,031,150075,52429,3576,56005,450
2022-05-26,Lake,033,64148,11044,925,11969,140
2022-05-26,Lassen,035,31185,9071,893,9964,62
2022-05-26,Los Angeles,037,10098052,2839951,132358,2972309,32048
2022-05-26,Madera,039,155013,38124,6346,44470,371
2022-05-26,Marin,041,260295,29189,3756,32945,240
2022-05-26,Mariposa,043,17540,2548,231,2779,28
2022-05-26,Mendocino,045,87422,13684,3429,17113,129
2022-05-26,Merced,047,269075,64937,9492,74429,828
2022-05-26,Modoc,049,8938,752,255,1007,8
2022-05-26,Mono,051,14174,3034,161,3195,6
2022-05-26,Monterey,053,433212,82317,15371,97688,735
2022-05-26,Napa,055,140530,27634,1130,28764,144
2022-05-26,Nevada,057,99092,16700,1325,18025,131
2022-05-26,Orange,059,3164182,572366,45479,617845,7159
2022-05-26,Placer,061,380077,66272,7927,74199,631
2022-05-26,Plumas,063,18699,3116,376,3492,13
2022-05-26,Riverside,065,2383286,609072,29119,638191,6481
2022-05-26,Sacramento,067,1510023,296236,29058,325294,3096
2022-05-26,San Benito,069,59416,13554,605,14159,95
2022-05-26,San Bernardino,071,2135413,588666,25667,614333,7855
2022-05-26,San Diego,073,3302833,788317,56686,845003,5374
2022-05-26,San Francisco,075,870044,144514,9405,153919,900
2022-05-26,San Joaquin,077,732212,172536,11013,183549,2257
2022-05-26,San Luis Obispo,079,281455,55079,4481,59560,486
2022-05-26,San Mateo,081,765935,137681,8377,146058,720
2022-05-26,Santa Barbara,083,443738,90481,5126,95607,694
2022-05-26,Santa Clara,085,1922200,352282,14572,366854,2348
2022-05-26,Santa Cruz,087,273765,52189,2428,54617,263
2022-05-26,Shasta,089,179085,31246,6207,37453,565
2022-05-26,Sierra,091,2930,278,54,332,4
2022-05-26,Siskiyou,093,43540,4554,2800,7354,83
2022-05-26,Solano,095,438530,87679,6109,93788,451
2022-05-26,Sonoma,097,501317,91154,3645,94799,496
2022-05-26,Stanislaus,099,539301,120939,18504,139443,1700
2022-05-26,Sutter,101,95872,21015,2189,23204,228
2022-05-26,Tehama,103,63373,12235,2638,14873,208
2022-05-26,Trinity,105,12862,1202,290,1492,20
2022-05-26,Tulare,107,460477,108272,28689,136961,1502
2022-05-26,Tuolumne,109,53932,13280,618,13898,187
2022-05-26,Ventura,111,848112,180963,10697,191660,1515
2022-05-26,Yolo,113,214977,40363,3196,43559,363
2022-05-26,Yuba,115,75493,16383,1322,17705,126
2022-05-25,Alameda,001,1643700,283073,15534,298607,1886
2022-05-25,Alpine,002,1148,126,1,127,0
2022-05-25,Amador,005,37829,8791,692,9483,87
2022-05-25,Butte,007,227075,34163,7421,41584,437
2022-05-25,Calaveras,009,45235,7493,388,7881,122
2022-05-25,Colusa,011,21464,3484,1068,4552,21
2022-05-25,Contra Costa,013,1133247,208999,15357,224356,1332
2022-05-25,Del Norte,015,27424,6202,236,6438,50
2022-05-25,El Dorado,017,186661,28056,3400,31456,220
2022-05-25,Fresno,019,978130,240756,25238,265994,2778
2022-05-25,Glenn,021,27897,5070,1646,6716,56
2022-05-25,Humboldt,023,135768,18334,3490,21824,149
2022-05-25,Imperial,025,180216,56482,10807,67289,945
2022-05-25,Inyo,027,18085,4174,558,4732,56
2022-05-25,Kern,029,883053,195291,47341,242632,2352
2022-05-25,Kings,031,150075,52376,3572,55948,450
2022-05-25,Lake,033,64148,11031,924,11955,140
2022-05-25,Lassen,035,31185,9064,893,9957,62
2022-05-25,Los Angeles,037,10098052,2835324,131988,2967312,32044
2022-05-25,Madera,039,155013,38085,6333,44418,371
2022-05-25,Marin,041,260295,29089,3728,32817,239
2022-05-25,Mariposa,043,17540,2538,229,2767,28
2022-05-25,Mendocino,045,87422,13669,3423,17092,129
2022-05-25,Merced,047,269075,64870,9462,74332,828
2022-05-25,Modoc,049,8938,751,254,1005,8
2022-05-25,Mono,051,14174,3034,160,3194,6
2022-05-25,Monterey,053,433212,82252,15328,97580,735
2022-05-25,Napa,055,140530,27585,1124,28709,144
2022-05-25,Nevada,057,99092,16665,1319,17984,131
2022-05-25,Orange,059,3164182,571345,45321,616666,7159
2022-05-25,Placer,061,380077,66128,7905,74033,631
2022-05-25,Plumas,063,18699,3110,375,3485,13
2022-05-25,Riverside,065,2383286,608392,29067,637459,6481
2022-05-25,Sacramento,067,1510023,295592,28946,324538,3095
2022-05-25,San Benito,069,59416,13519,598,14117,95
2022-05-25,San Bernardino,071,2135413,588136,25641,613777,7855
2022-05-25,San Diego,073,3302833,786852,56500,843352,5374
2022-05-25,San Francisco,075,870044,144012,9377,153389,898
2022-05-25,San Joaquin,077,732212,172299,10992,183291,2257
2022-05-25,San Luis Obispo,079,281455,54972,4429,59401,486
2022-05-25,San Mateo,081,765935,137222,8312,145534,720
2022-05-25,Santa Barbara,083,443738,90314,5111,95425,694
2022-05-25,Santa Clara,085,1922200,351213,14467,365680,2345
2022-05-25,Santa Cruz,087,273765,52105,2413,54518,263
2022-05-25,Shasta,089,179085,31221,6198,37419,565
2022-05-25,Sierra,091,2930,278,54,332,4
2022-05-25,Siskiyou,093,43540,4544,2797,7341,83
2022-05-25,Solano,095,438530,87463,6092,93555,451
2022-05-25,Sonoma,097,501317,90962,3606,94568,496
2022-05-25,Stanislaus,099,539301,120804,18481,139285,1699
2022-05-25,Sutter,101,95872,20990,2186,23176,228
2022-05-25,Tehama,103,63373,12229,2634,14863,208
2022-05-25,Trinity,105,12862,1202,290,1492,20
2022-05-25,Tulare,107,460477,108187,28646,136833,1502
2022-05-25,Tuolumne,109,53932,13258,615,13873,187
2022-05-25,Ventura,111,848112,180673,10660,191333,1514
2022-05-25,Yolo,113,214977,40269,3186,43455,363
2022-05-25,Yuba,115,75493,16356,1316,17672,126
2022-05-24,Alameda,001,1643700,282190,15475,297665,1885
2022-05-24,Alpine,002,1148,126,1,127,0
2022-05-24,Amador,005,37829,8784,688,9472,87
2022-05-24,Butte,007,227075,34119,7399,41518,437
2022-05-24,Calaveras,009,45235,7486,386,7872,122
2022-05-24,Colusa,011,21464,3482,1066,4548,21
2022-05-24,Contra Costa,013,1133247,208347,15257,223604,1330
2022-05-24,Del Norte,015,27424,6197,234,6431,50
2022-05-24,El Dorado,017,186661,27987,3393,31380,219
2022-05-24,Fresno,019,978130,240443,25201,265644,2776
2022-05-24,Glenn,021,27897,5068,1646,6714,56
2022-05-24,Humboldt,023,135768,18302,3472,21774,149
2022-05-24,Imperial,025,180216,56429,10794,67223,945
2022-05-24,Inyo,027,18085,4166,555,4721,56
2022-05-24,Kern,029,883053,195095,47235,242330,2352
2022-05-24,Kings,031,150075,52311,3567,55878,450
2022-05-24,Lake,033,64148,11014,922,11936,140
2022-05-24,Lassen,035,31185,9051,889,9940,62
2022-05-24,Los Angeles,037,10098052,2830054,131599,2961653,32039
2022-05-24,Madera,039,155013,38038,6318,44356,371
2022-05-24,Marin,041,260295,28980,3679,32659,239
2022-05-24,Mariposa,043,17540,2531,227,2758,28
2022-05-24,Mendocino,045,87422,13645,3413,17058,129
2022-05-24,Merced,047,269075,64810,9431,74241,828
2022-05-24,Modoc,049,8938,750,253,1003,8
2022-05-24,Mono,051,14174,3031,160,3191,6
2022-05-24,Monterey,053,433212,82162,15267,97429,735
2022-05-24,Napa,055,140530,27533,1112,28645,144
2022-05-24,Nevada,057,99092,16623,1312,17935,131
2022-05-24,Orange,059,3164182,570290,45149,615439,7157
2022-05-24,Placer,061,380077,66025,7889,73914,631
2022-05-24,Plumas,063,18699,3104,375,3479,13
2022-05-24,Riverside,065,2383286,607698,29018,636716,6480
2022-05-24,Sacramento,067,1510023,294906,28824,323730,3095
2022-05-24,San Benito,069,59416,13484,596,14080,95
2022-05-24,San Bernardino,071,2135413,587512,25612,613124,7854
2022-05-24,San Diego,073,3302833,785203,56286,841489,5372
2022-05-24,San Francisco,075,870044,143474,9350,152824,898
2022-05-24,San Joaquin,077,732212,172030,10960,182990,2257
2022-05-24,San Luis Obispo,079,281455,54821,4376,59197,486
2022-05-24,San Mateo,081,765935,136682,8258,144940,719
2022-05-24,Santa Barbara,083,443738,90151,5084,95235,694
2022-05-24,Santa Clara,085,1922200,349923,14377,364300,2344
2022-05-24,Santa Cruz,087,273765,52028,2403,54431,262
2022-05-24,Shasta,089,179085,31196,6186,37382,564
2022-05-24,Sierra,091,2930,278,54,332,4
2022-05-24,Siskiyou,093,43540,4534,2789,7323,83
2022-05-24,Solano,095,438530,87227,6065,93292,451
2022-05-24,Sonoma,097,501317,90753,3568,94321,496
2022-05-24,Stanislaus,099,539301,120663,18445,139108,1699
2022-05-24,Sutter,101,95872,20969,2182,23151,228
2022-05-24,Tehama,103,63373,12220,2632,14852,208
2022-05-24,Trinity,105,12862,1199,290,1489,20
2022-05-24,Tulare,107,460477,108066,28592,136658,1502
2022-05-24,Tuolumne,109,53932,13243,615,13858,187
2022-05-24,Ventura,111,848112,180362,10610,190972,1514
2022-05-24,Yolo,113,214977,40165,3181,43346,363
2022-05-24,Yuba,115,75493,16329,1308,17637,126
2022-05-23,Alameda,001,1643700,281254,15386,296640,1883
2022-05-23,Alpine,002,1148,126,1,127,0
2022-05-23,Amador,005,37829,8751,685,9436,86
2022-05-23,Butte,007,227075,34071,7371,41442,437
2022-05-23,Calaveras,009,45235,7479,384,7863,122
2022-05-23,Colusa,011,21464,3481,1064,4545,21
2022-05-23,Contra Costa,013,1133247,207605,15175,222780,1327
2022-05-23,Del Norte,015,27424,6192,230,6422,50
2022-05-23,El Dorado,017,186661,27904,3384,31288,218
2022-05-23,Fresno,019,978130,240094,25132,265226,2776
2022-05-23,Glenn,021,27897,5064,1642,6706,56
2022-05-23,Humboldt,023,135768,18275,3450,21725,149
2022-05-23,Imperial,025,180216,56386,10773,67159,945
2022-05-23,Inyo,027,18085,4163,554,4717,56
2022-05-23,Kern,029,883053,194877,47149,242026,2352
2022-05-23,Kings,031,150075,52262,3562,55824,450
2022-05-23,Lake,033,64148,10995,920,11915,140
2022-05-23,Lassen,035,31185,9043,886,9929,62
2022-05-23,Los Angeles,037,10098052,2824647,131235,2955882,32028
2022-05-23,Madera,039,155013,38007,6295,44302,371
2022-05-23,Marin,041,260295,28838,3634,32472,239
2022-05-23,Mariposa,043,17540,2529,225,2754,28
2022-05-23,Mendocino,045,87422,13623,3399,17022,129
2022-05-23,Merced,047,269075,64732,9403,74135,828
2022-05-23,Modoc,049,8938,749,253,1002,8
2022-05-23,Mono,051,14174,3031,160,3191,6
2022-05-23,Monterey,053,433212,82062,15203,97265,735
2022-05-23,Napa,055,140530,27473,1105,28578,144
2022-05-23,Nevada,057,99092,16588,1309,17897,131
2022-05-23,Orange,059,3164182,569262,45003,614265,7156
2022-05-23,Placer,061,380077,65887,7856,73743,631
2022-05-23,Plumas,063,18699,3101,374,3475,13
2022-05-23,Riverside,065,2383286,606968,28966,635934,6480
2022-05-23,Sacramento,067,1510023,294156,28696,322852,3094
2022-05-23,San Benito,069,59416,13449,593,14042,95
2022-05-23,San Bernardino,071,2135413,586871,25578,612449,7853
2022-05-23,San Diego,073,3302833,783481,56075,839556,5371
2022-05-23,San Francisco,075,870044,142902,9317,152219,895
2022-05-23,San Joaquin,077,732212,171758,10927,182685,2257
2022-05-23,San Luis Obispo,079,281455,54675,4329,59004,486
2022-05-23,San Mateo,081,765935,136101,8208,144309,719
2022-05-23,Santa Barbara,083,443738,89916,5060,94976,693
2022-05-23,Santa Clara,085,1922200,348539,14289,362828,2343
2022-05-23,Santa Cruz,087,273765,51925,2388,54313,262
2022-05-23,Shasta,089,179085,31173,6180,37353,564
2022-05-23,Sierra,091,2930,278,54,332,4
2022-05-23,Siskiyou,093,43540,4520,2785,7305,83
2022-05-23,Solano,095,438530,86953,6045,92998,451
2022-05-23,Sonoma,097,501317,90525,3519,94044,496
2022-05-23,Stanislaus,099,539301,120522,18405,138927,1699
2022-05-23,Sutter,101,95872,20929,2177,23106,228
2022-05-23,Tehama,103,63373,12208,2631,14839,208
2022-05-23,Trinity,105,12862,1198,290,1488,20
2022-05-23,Tulare,107,460477,107945,28522,136467,1502
2022-05-23,Tuolumne,109,53932,13219,611,13830,187
2022-05-23,Ventura,111,848112,180031,10579,190610,1514
2022-05-23,Yolo,113,214977,40032,3164,43196,363
2022-05-23,Yuba,115,75493,16299,1304,17603,126
2022-05-22,Alameda,001,1643700,280168,15277,295445,1883
2022-05-22,Alpine,002,1148,126,1,127,0
2022-05-22,Amador,005,37829,8734,679,9413,86
2022-05-22,Butte,007,227075,34019,7343,41362,437
2022-05-22,Calaveras,009,45235,7468,380,7848,122
2022-05-22,Colusa,011,21464,3477,1061,4538,21
2022-05-22,Contra Costa,013,1133247,206876,15042,221918,1327
2022-05-22,Del Norte,015,27424,6176,219,6395,50
2022-05-22,El Dorado,017,186661,27828,3368,31196,218
2022-05-22,Fresno,019,978130,239746,25079,264825,2775
2022-05-22,Glenn,021,27897,5054,1641,6695,56
2022-05-22,Humboldt,023,135768,18222,3423,21645,149
2022-05-22,Imperial,025,180216,56318,10757,67075,945
2022-05-22,Inyo,027,18085,4155,552,4707,56
2022-05-22,Kern,029,883053,194640,47049,241689,2352
2022-05-22,Kings,031,150075,52199,3556,55755,450
2022-05-22,Lake,033,64148,10963,918,11881,140
2022-05-22,Lassen,035,31185,9027,883,9910,62
2022-05-22,Los Angeles,037,10098052,2818805,130809,2949614,32023
2022-05-22,Madera,039,155013,37960,6260,44220,371
2022-05-22,Marin,041,260295,28692,3590,32282,239
2022-05-22,Mariposa,043,17540,2525,224,2749,28
2022-05-22,Mendocino,045,87422,13595,3370,16965,129
2022-05-22,Merced,047,269075,64656,9372,74028,828
2022-05-22,Modoc,049,8938,748,253,1001,8
2022-05-22,Mono,051,14174,3030,160,3190,6
2022-05-22,Monterey,053,433212,81904,15105,97009,735
2022-05-22,Napa,055,140530,27399,1097,28496,144
2022-05-22,Nevada,057,99092,16554,1298,17852,131
2022-05-22,Orange,059,3164182,568151,44819,612970,7154
2022-05-22,Placer,061,380077,65724,7823,73547,631
2022-05-22,Plumas,063,18699,3094,372,3466,13
2022-05-22,Riverside,065,2383286,606125,28900,635025,6479
2022-05-22,Sacramento,067,1510023,293353,28530,321883,3093
2022-05-22,San Benito,069,59416,13417,587,14004,95
2022-05-22,San Bernardino,071,2135413,586158,25539,611697,7853
2022-05-22,San Diego,073,3302833,781862,55882,837744,5369
2022-05-22,San Francisco,075,870044,142218,9300,151518,895
2022-05-22,San Joaquin,077,732212,171448,10883,182331,2257
2022-05-22,San Luis Obispo,079,281455,54520,4268,58788,486
2022-05-22,San Mateo,081,765935,135529,8154,143683,719
2022-05-22,Santa Barbara,083,443738,89684,5025,94709,693
2022-05-22,Santa Clara,085,1922200,347094,14212,361306,2342
2022-05-22,Santa Cruz,087,273765,51832,2374,54206,262
2022-05-22,Shasta,089,179085,31124,6168,37292,564
2022-05-22,Sierra,091,2930,278,54,332,4
2022-05-22,Siskiyou,093,43540,4511,2784,7295,83
2022-05-22,Solano,095,438530,86668,6012,92680,451
2022-05-22,Sonoma,097,501317,90238,3464,93702,496
2022-05-22,Stanislaus,099,539301,120348,18380,138728,1699
2022-05-22,Sutter,101,95872,20899,2169,23068,228
2022-05-22,Tehama,103,63373,12200,2626,14826,208
2022-05-22,Trinity,105,12862,1198,289,1487,20
2022-05-22,Tulare,107,460477,107841,28438,136279,1502
2022-05-22,Tuolumne,109,53932,13199,609,13808,187
2022-05-22,Ventura,111,848112,179684,10527,190211,1514
2022-05-22,Yolo,113,214977,39907,3140,43047,363
2022-05-22,Yuba,115,75493,16272,1295,17567,126
2022-05-21,Alameda,001,1643700,279704,15256,294960,1883
2022-05-21,Alpine,002,1148,126,1,127,0
2022-05-21,Amador,005,37829,8723,679,9402,86
2022-05-21,Butte,007,227075,33998,7329,41327,437
2022-05-21,Calaveras,009,45235,7462,380,7842,122
2022-05-21,Colusa,011,21464,3477,1060,4537,21
2022-05-21,Contra Costa,013,1133247,206515,15010,221525,1325
2022-05-21,Del Norte,015,27424,6171,217,6388,50
2022-05-21,El Dorado,017,186661,27791,3366,31157,218
2022-05-21,Fresno,019,978130,239613,25058,264671,2775
2022-05-21,Glenn,021,27897,5051,1640,6691,56
2022-05-21,Humboldt,023,135768,18197,3415,21612,148
2022-05-21,Imperial,025,180216,56284,10753,67037,945
2022-05-21,Inyo,027,18085,4153,550,4703,56
2022-05-21,Kern,029,883053,194542,46989,241531,2352
2022-05-21,Kings,031,150075,52176,3555,55731,450
2022-05-21,Lake,033,64148,10955,918,11873,140
2022-05-21,Lassen,035,31185,9024,883,9907,62
2022-05-21,Los Angeles,037,10098052,2816490,130564,2947054,32020
2022-05-21,Madera,039,155013,37942,6254,44196,371
2022-05-21,Marin,041,260295,28597,3546,32143,239
2022-05-21,Mariposa,043,17540,2523,224,2747,28
2022-05-21,Mendocino,045,87422,13584,3365,16949,128
2022-05-21,Merced,047,269075,64621,9366,73987,828
2022-05-21,Modoc,049,8938,747,253,1000,8
2022-05-21,Mono,051,14174,3030,160,3190,6
2022-05-21,Monterey,053,433212,81838,15050,96888,735
2022-05-21,Napa,055,140530,27366,1094,28460,144
2022-05-21,Nevada,057,99092,16548,1298,17846,131
2022-05-21,Orange,059,3164182,567629,44705,612334,7153
2022-05-21,Placer,061,380077,65619,7811,73430,631
2022-05-21,Plumas,063,18699,3087,372,3459,13
2022-05-21,Riverside,065,2383286,605651,28875,634526,6478
2022-05-21,Sacramento,067,1510023,293024,28499,321523,3093
2022-05-21,San Benito,069,59416,13405,579,13984,95
2022-05-21,San Bernardino,071,2135413,585818,25514,611332,7852
2022-05-21,San Diego,073,3302833,781169,55818,836987,5369
2022-05-21,San Francisco,075,870044,141911,9287,151198,893
2022-05-21,San Joaquin,077,732212,171331,10864,182195,2257
2022-05-21,San Luis Obispo,079,281455,54441,4254,58695,486
2022-05-21,San Mateo,081,765935,135215,8128,143343,719
2022-05-21,Santa Barbara,083,443738,89592,5012,94604,693
2022-05-21,Santa Clara,085,1922200,346243,14169,360412,2340
2022-05-21,Santa Cruz,087,273765,51787,2355,54142,262
2022-05-21,Shasta,089,179085,31113,6166,37279,564
2022-05-21,Sierra,091,2930,277,54,331,4
2022-05-21,Siskiyou,093,43540,4507,2782,7289,83
2022-05-21,Solano,095,438530,86583,6006,92589,450
2022-05-21,Sonoma,097,501317,90112,3455,93567,496
2022-05-21,Stanislaus,099,539301,120266,18356,138622,1699
2022-05-21,Sutter,101,95872,20889,2164,23053,228
2022-05-21,Tehama,103,63373,12198,2625,14823,208
2022-05-21,Trinity,105,12862,1198,289,1487,20
2022-05-21,Tulare,107,460477,107780,28401,136181,1502
2022-05-21,Tuolumne,109,53932,13192,609,13801,187
2022-05-21,Ventura,111,848112,179509,10508,190017,1514
2022-05-21,Yolo,113,214977,39844,3129,42973,363
2022-05-21,Yuba,115,75493,16259,1293,17552,126
2022-05-20,Alameda,001,1643700,279164,15230,294394,1882
2022-05-20,Alpine,002,1148,126,1,127,0
2022-05-20,Amador,005,37829,8716,679,9395,86
2022-05-20,Butte,007,227075,33976,7317,41293,437
2022-05-20,Calaveras,009,45235,7454,380,7834,122
2022-05-20,Colusa,011,21464,3477,1060,4537,21
2022-05-20,Contra Costa,013,1133247,206157,14992,221149,1325
2022-05-20,Del Norte,015,27424,6166,216,6382,50
2022-05-20,El Dorado,017,186661,27757,3363,31120,217
2022-05-20,Fresno,019,978130,239453,25027,264480,2775
2022-05-20,Glenn,021,27897,5048,1640,6688,56
2022-05-20,Humboldt,023,135768,18175,3407,21582,148
2022-05-20,Imperial,025,180216,56260,10750,67010,945
2022-05-20,Inyo,027,18085,4150,546,4696,56
2022-05-20,Kern,029,883053,194438,46941,241379,2352
2022-05-20,Kings,031,150075,52161,3554,55715,450
2022-05-20,Lake,033,64148,10938,918,11856,140
2022-05-20,Lassen,035,31185,9022,883,9905,62
2022-05-20,Los Angeles,037,10098052,2814128,130334,2944462,32013
2022-05-20,Madera,039,155013,37923,6246,44169,371
2022-05-20,Marin,041,260295,28523,3507,32030,239
2022-05-20,Mariposa,043,17540,2518,224,2742,28
2022-05-20,Mendocino,045,87422,13569,3361,16930,128
2022-05-20,Merced,047,269075,64587,9363,73950,828
2022-05-20,Modoc,049,8938,747,253,1000,8
2022-05-20,Mono,051,14174,3026,160,3186,6
2022-05-20,Monterey,053,433212,81780,15010,96790,735
2022-05-20,Napa,055,140530,27336,1090,28426,144
2022-05-20,Nevada,057,99092,16540,1296,17836,131
2022-05-20,Orange,059,3164182,567053,44607,611660,7152
2022-05-20,Placer,061,380077,65540,7795,73335,630
2022-05-20,Plumas,063,18699,3085,372,3457,13
2022-05-20,Riverside,065,2383286,605198,28852,634050,6476
2022-05-20,Sacramento,067,1510023,292648,28474,321122,3093
2022-05-20,San Benito,069,59416,13388,578,13966,95
2022-05-20,San Bernardino,071,2135413,585497,25495,610992,7852
2022-05-20,San Diego,073,3302833,780370,55728,836098,5368
2022-05-20,San Francisco,075,870044,141576,9256,150832,891
2022-05-20,San Joaquin,077,732212,171209,10856,182065,2256
2022-05-20,San Luis Obispo,079,281455,54405,4249,58654,485
2022-05-20,San Mateo,081,765935,134894,8105,142999,719
2022-05-20,Santa Barbara,083,443738,89508,5007,94515,693
2022-05-20,Santa Clara,085,1922200,345447,14118,359565,2339
2022-05-20,Santa Cruz,087,273765,51742,2337,54079,262
2022-05-20,Shasta,089,179085,31100,6163,37263,564
2022-05-20,Sierra,091,2930,277,54,331,4
2022-05-20,Siskiyou,093,43540,4504,2780,7284,83
2022-05-20,Solano,095,438530,86439,5998,92437,450
2022-05-20,Sonoma,097,501317,89985,3442,93427,495
2022-05-20,Stanislaus,099,539301,120184,18343,138527,1699
2022-05-20,Sutter,101,95872,20880,2163,23043,227
2022-05-20,Tehama,103,63373,12194,2624,14818,208
2022-05-20,Trinity,105,12862,1198,289,1487,20
2022-05-20,Tulare,107,460477,107721,28362,136083,1502
2022-05-20,Tuolumne,109,53932,13173,607,13780,187
2022-05-20,Ventura,111,848112,179312,10490,189802,1514
2022-05-20,Yolo,113,214977,39775,3123,42898,363
2022-05-20,Yuba,115,75493,16244,1289,17533,126
2022-05-19,Alameda,001,1643700,278341,15161,293502,1882
2022-05-19,Alpine,002,1148,126,1,127,0
2022-05-19,Amador,005,37829,8708,679,9387,86
2022-05-19,Butte,007,227075,33938,7308,41246,437
2022-05-19,Calaveras,009,45235,7448,377,7825,122
2022-05-19,Colusa,011,21464,3476,1059,4535,21
2022-05-19,Contra Costa,013,1133247,205613,14918,220531,1322
2022-05-19,Del Norte,015,27424,6162,211,6373,50
2022-05-19,El Dorado,017,186661,27705,3348,31053,217
2022-05-19,Fresno,019,978130,239227,24987,264214,2775
2022-05-19,Glenn,021,27897,5047,1636,6683,56
2022-05-19,Humboldt,023,135768,18141,3392,21533,148
2022-05-19,Imperial,025,180216,56212,10749,66961,945
2022-05-19,Inyo,027,18085,4146,545,4691,56
2022-05-19,Kern,029,883053,194297,46866,241163,2352
2022-05-19,Kings,031,150075,52133,3553,55686,450
2022-05-19,Lake,033,64148,10930,916,11846,140
2022-05-19,Lassen,035,31185,9018,883,9901,62
2022-05-19,Los Angeles,037,10098052,2810167,130003,2940170,32011
2022-05-19,Madera,039,155013,37886,6230,44116,371
2022-05-19,Marin,041,260295,28427,3474,31901,239
2022-05-19,Mariposa,043,17540,2510,224,2734,28
2022-05-19,Mendocino,045,87422,13546,3354,16900,128
2022-05-19,Merced,047,269075,64525,9347,73872,828
2022-05-19,Modoc,049,8938,747,253,1000,8
2022-05-19,Mono,051,14174,3025,156,3181,6
2022-05-19,Monterey,053,433212,81699,14945,96644,735
2022-05-19,Napa,055,140530,27275,1087,28362,144
2022-05-19,Nevada,057,99092,16506,1289,17795,131
2022-05-19,Orange,059,3164182,566210,44476,610686,7150
2022-05-19,Placer,061,380077,65416,7779,73195,630
2022-05-19,Plumas,063,18699,3079,372,3451,13
2022-05-19,Riverside,065,2383286,604567,28808,633375,6475
2022-05-19,Sacramento,067,1510023,292085,28389,320474,3091
2022-05-19,San Benito,069,59416,13360,575,13935,95
2022-05-19,San Bernardino,071,2135413,584982,25474,610456,7852
2022-05-19,San Diego,073,3302833,779133,55563,834696,5367
2022-05-19,San Francisco,075,870044,141106,9223,150329,890
2022-05-19,San Joaquin,077,732212,170964,10839,181803,2256
2022-05-19,San Luis Obispo,079,281455,54301,4217,58518,483
2022-05-19,San Mateo,081,765935,134423,8047,142470,719
2022-05-19,Santa Barbara,083,443738,89355,4980,94335,693
2022-05-19,Santa Clara,085,1922200,344365,14031,358396,2338
2022-05-19,Santa Cruz,087,273765,51664,2323,53987,262
2022-05-19,Shasta,089,179085,31071,6157,37228,564
2022-05-19,Sierra,091,2930,277,54,331,4
2022-05-19,Siskiyou,093,43540,4501,2778,7279,83
2022-05-19,Solano,095,438530,86251,5973,92224,450
2022-05-19,Sonoma,097,501317,89780,3408,93188,495
2022-05-19,Stanislaus,099,539301,120053,18321,138374,1699
2022-05-19,Sutter,101,95872,20844,2160,23004,227
2022-05-19,Tehama,103,63373,12184,2621,14805,208
2022-05-19,Trinity,105,12862,1197,289,1486,20
2022-05-19,Tulare,107,460477,107629,28315,135944,1502
2022-05-19,Tuolumne,109,53932,13149,604,13753,186
2022-05-19,Ventura,111,848112,179037,10451,189488,1513
2022-05-19,Yolo,113,214977,39685,3115,42800,362
2022-05-19,Yuba,115,75493,16224,1281,17505,126
2022-05-18,Alameda,001,1643700,277496,15093,292589,1881
2022-05-18,Alpine,002,1148,126,1,127,0
2022-05-18,Amador,005,37829,8690,679,9369,86
2022-05-18,Butte,007,227075,33897,7293,41190,436
2022-05-18,Calaveras,009,45235,7440,377,7817,121
2022-05-18,Colusa,011,21464,3476,1059,4535,21
2022-05-18,Contra Costa,013,1133247,205055,14831,219886,1322
2022-05-18,Del Norte,015,27424,6153,207,6360,50
2022-05-18,El Dorado,017,186661,27655,3341,30996,217
2022-05-18,Fresno,019,978130,238963,24945,263908,2775
2022-05-18,Glenn,021,27897,5046,1636,6682,56
2022-05-18,Humboldt,023,135768,18116,3371,21487,148
2022-05-18,Imperial,025,180216,56150,10742,66892,945
2022-05-18,Inyo,027,18085,4142,539,4681,56
2022-05-18,Kern,029,883053,194180,46806,240986,2352
2022-05-18,Kings,031,150075,52104,3550,55654,450
2022-05-18,Lake,033,64148,10921,915,11836,140
2022-05-18,Lassen,035,31185,9012,883,9895,62
2022-05-18,Los Angeles,037,10098052,2805844,129721,2935565,32007
2022-05-18,Madera,039,155013,37848,6221,44069,371
2022-05-18,Marin,041,260295,28337,3433,31770,239
2022-05-18,Mariposa,043,17540,2503,224,2727,28
2022-05-18,Mendocino,045,87422,13525,3339,16864,128
2022-05-18,Merced,047,269075,64460,9320,73780,828
2022-05-18,Modoc,049,8938,747,253,1000,8
2022-05-18,Mono,051,14174,3024,154,3178,6
2022-05-18,Monterey,053,433212,81591,14889,96480,735
2022-05-18,Napa,055,140530,27233,1080,28313,144
2022-05-18,Nevada,057,99092,16486,1284,17770,131
2022-05-18,Orange,059,3164182,565393,44370,609763,7149
2022-05-18,Placer,061,380077,65270,7763,73033,629
2022-05-18,Plumas,063,18699,3071,369,3440,13
2022-05-18,Riverside,065,2383286,603917,28756,632673,6474
2022-05-18,Sacramento,067,1510023,291562,28300,319862,3088
2022-05-18,San Benito,069,59416,13336,571,13907,95
2022-05-18,San Bernardino,071,2135413,584511,25447,609958,7850
2022-05-18,San Diego,073,3302833,777698,55400,833098,5367
2022-05-18,San Francisco,075,870044,140579,9196,149775,889
2022-05-18,San Joaquin,077,732212,170730,10754,181484,2255
2022-05-18,San Luis Obispo,079,281455,54202,4183,58385,483
2022-05-18,San Mateo,081,765935,133992,7980,141972,719
2022-05-18,Santa Barbara,083,443738,89195,4959,94154,693
2022-05-18,Santa Clara,085,1922200,343216,13938,357154,2338
2022-05-18,Santa Cruz,087,273765,51576,2310,53886,262
2022-05-18,Shasta,089,179085,31048,6152,37200,564
2022-05-18,Sierra,091,2930,277,54,331,4
2022-05-18,Siskiyou,093,43540,4496,2776,7272,83
2022-05-18,Solano,095,438530,85987,5955,91942,450
2022-05-18,Sonoma,097,501317,89581,3369,92950,495
2022-05-18,Stanislaus,099,539301,119943,18288,138231,1699
2022-05-18,Sutter,101,95872,20822,2151,22973,227
2022-05-18,Tehama,103,63373,12178,2618,14796,208
2022-05-18,Trinity,105,12862,1197,289,1486,20
2022-05-18,Tulare,107,460477,107560,28257,135817,1502
2022-05-18,Tuolumne,109,53932,13130,602,13732,186
2022-05-18,Ventura,111,848112,178767,10407,189174,1513
2022-05-18,Yolo,113,214977,39573,3103,42676,362
2022-05-18,Yuba,115,75493,16200,1272,17472,126
2022-05-17,Alameda,001,1643700,276657,15026,291683,1880
2022-05-17,Alpine,002,1148,126,1,127,0
2022-05-17,Amador,005,37829,8681,677,9358,86
2022-05-17,Butte,007,227075,33845,7272,41117,436
2022-05-17,Calaveras,009,45235,7433,377,7810,121
2022-05-17,Colusa,011,21464,3475,1058,4533,21
2022-05-17,Contra Costa,013,1133247,204419,14747,219166,1317
2022-05-17,Del Norte,015,27424,6138,207,6345,50
2022-05-17,El Dorado,017,186661,27604,3335,30939,217
2022-05-17,Fresno,019,978130,238708,24914,263622,2775
2022-05-17,Glenn,021,27897,5043,1635,6678,56
2022-05-17,Humboldt,023,135768,18076,3354,21430,148
2022-05-17,Imperial,025,180216,56107,10732,66839,945
2022-05-17,Inyo,027,18085,4140,530,4670,56
2022-05-17,Kern,029,883053,194023,46750,240773,2352
2022-05-17,Kings,031,150075,52061,3546,55607,450
2022-05-17,Lake,033,64148,10906,913,11819,140
2022-05-17,Lassen,035,31185,9007,882,9889,62
2022-05-17,Los Angeles,037,10098052,2801320,129409,2930729,32004
2022-05-17,Madera,039,155013,37822,6206,44028,371
2022-05-17,Marin,041,260295,28204,3372,31576,239
2022-05-17,Mariposa,043,17540,2498,223,2721,28
2022-05-17,Mendocino,045,87422,13499,3329,16828,128
2022-05-17,Merced,047,269075,64394,9301,73695,828
2022-05-17,Modoc,049,8938,747,253,1000,8
2022-05-17,Mono,051,14174,3020,154,3174,6
2022-05-17,Monterey,053,433212,81473,14825,96298,735
2022-05-17,Napa,055,140530,27185,1072,28257,144
2022-05-17,Nevada,057,99092,16457,1276,17733,131
2022-05-17,Orange,059,3164182,564476,44228,608704,7146
2022-05-17,Placer,061,380077,65109,7726,72835,629
2022-05-17,Plumas,063,18699,3065,368,3433,13
2022-05-17,Riverside,065,2383286,603229,28713,631942,6474
2022-05-17,Sacramento,067,1510023,290928,28195,319123,3087
2022-05-17,San Benito,069,59416,13299,570,13869,95
2022-05-17,San Bernardino,071,2135413,584020,25433,609453,7850
2022-05-17,San Diego,073,3302833,776183,55235,831418,5367
2022-05-17,San Francisco,075,870044,140001,9165,149166,889
2022-05-17,San Joaquin,077,732212,170488,10713,181201,2255
2022-05-17,San Luis Obispo,079,281455,54109,4139,58248,483
2022-05-17,San Mateo,081,765935,133492,7941,141433,719
2022-05-17,Santa Barbara,083,443738,88997,4941,93938,693
2022-05-17,Santa Clara,085,1922200,342035,13865,355900,2337
2022-05-17,Santa Cruz,087,273765,51499,2302,53801,262
2022-05-17,Shasta,089,179085,31011,6149,37160,563
2022-05-17,Sierra,091,2930,277,54,331,4
2022-05-17,Siskiyou,093,43540,4494,2774,7268,83
2022-05-17,Solano,095,438530,85701,5925,91626,450
2022-05-17,Sonoma,097,501317,89338,3324,92662,494
2022-05-17,Stanislaus,099,539301,119794,18259,138053,1697
2022-05-17,Sutter,101,95872,20802,2147,22949,227
2022-05-17,Tehama,103,63373,12166,2615,14781,208
2022-05-17,Trinity,105,12862,1196,289,1485,20
2022-05-17,Tulare,107,460477,107466,28219,135685,1502
2022-05-17,Tuolumne,109,53932,13116,602,13718,186
2022-05-17,Ventura,111,848112,178444,10353,188797,1513
2022-05-17,Yolo,113,214977,39436,3096,42532,362
2022-05-17,Yuba,115,75493,16175,1269,17444,126
2022-05-16,Alameda,001,1643700,275652,14949,290601,1879
2022-05-16,Alpine,002,1148,126,1,127,0
2022-05-16,Amador,005,37829,8671,676,9347,86
2022-05-16,Butte,007,227075,33787,7256,41043,436
2022-05-16,Calaveras,009,45235,7427,375,7802,121
2022-05-16,Colusa,011,21464,3474,1058,4532,21
2022-05-16,Contra Costa,013,1133247,203775,14665,218440,1317
2022-05-16,Del Norte,015,27424,6125,204,6329,49
2022-05-16,El Dorado,017,186661,27545,3327,30872,216
2022-05-16,Fresno,019,978130,238442,24873,263315,2774
2022-05-16,Glenn,021,27897,5038,1630,6668,56
2022-05-16,Humboldt,023,135768,18030,3340,21370,148
2022-05-16,Imperial,025,180216,56043,10719,66762,945
2022-05-16,Inyo,027,18085,4136,527,4663,56
2022-05-16,Kern,029,883053,193871,46684,240555,2352
2022-05-16,Kings,031,150075,52011,3545,55556,450
2022-05-16,Lake,033,64148,10899,912,11811,140
2022-05-16,Lassen,035,31185,9002,880,9882,62
2022-05-16,Los Angeles,037,10098052,2796899,129123,2926022,31997
2022-05-16,Madera,039,155013,37791,6183,43974,371
2022-05-16,Marin,041,260295,28040,3324,31364,239
2022-05-16,Mariposa,043,17540,2497,222,2719,28
2022-05-16,Mendocino,045,87422,13473,3317,16790,128
2022-05-16,Merced,047,269075,64323,9265,73588,828
2022-05-16,Modoc,049,8938,747,253,1000,8
2022-05-16,Mono,051,14174,3017,154,3171,6
2022-05-16,Monterey,053,433212,81361,14739,96100,734
2022-05-16,Napa,055,140530,27134,1067,28201,144
2022-05-16,Nevada,057,99092,16438,1271,17709,131
2022-05-16,Orange,059,3164182,563618,44100,607718,7145
2022-05-16,Placer,061,380077,64999,7694,72693,629
2022-05-16,Plumas,063,18699,3055,367,3422,13
2022-05-16,Riverside,065,2383286,602513,28657,631170,6474
2022-05-16,Sacramento,067,1510023,290257,28095,318352,3087
2022-05-16,San Benito,069,59416,13281,564,13845,95
2022-05-16,San Bernardino,071,2135413,583548,25404,608952,7850
2022-05-16,San Diego,073,3302833,774642,55067,829709,5367
2022-05-16,San Francisco,075,870044,139298,9133,148431,889
2022-05-16,San Joaquin,077,732212,170210,10528,180738,2254
2022-05-16,San Luis Obispo,079,281455,54006,4110,58116,483
2022-05-16,San Mateo,081,765935,132945,7886,140831,719
2022-05-16,Santa Barbara,083,443738,88852,4930,93782,693
2022-05-16,Santa Clara,085,1922200,340710,13778,354488,2336
2022-05-16,Santa Cruz,087,273765,51420,2287,53707,262
2022-05-16,Shasta,089,179085,30978,6141,37119,563
2022-05-16,Sierra,091,2930,277,53,330,4
2022-05-16,Siskiyou,093,43540,4491,2767,7258,83
2022-05-16,Solano,095,438530,85440,5899,91339,450
2022-05-16,Sonoma,097,501317,89038,3286,92324,494
2022-05-16,Stanislaus,099,539301,119649,18226,137875,1697
2022-05-16,Sutter,101,95872,20788,2140,22928,227
2022-05-16,Tehama,103,63373,12158,2612,14770,208
2022-05-16,Trinity,105,12862,1195,289,1484,20
2022-05-16,Tulare,107,460477,107384,28174,135558,1502
2022-05-16,Tuolumne,109,53932,13083,599,13682,186
2022-05-16,Ventura,111,848112,178113,10295,188408,1513
2022-05-16,Yolo,113,214977,39301,3087,42388,362
2022-05-16,Yuba,115,75493,16148,1266,17414,126
2022-05-15,Alameda,001,1643700,274585,14880,289465,1878
2022-05-15,Alpine,002,1148,126,1,127,0
2022-05-15,Amador,005,37829,8655,671,9326,86
2022-05-15,Butte,007,227075,33729,7235,40964,436
2022-05-15,Calaveras,009,45235,7408,373,7781,121
2022-05-15,Colusa,011,21464,3471,1056,4527,21
2022-05-15,Contra Costa,013,1133247,203005,14584,217589,1316
2022-05-15,Del Norte,015,27424,6051,202,6253,49
2022-05-15,El Dorado,017,186661,27483,3314,30797,216
2022-05-15,Fresno,019,978130,238174,24837,263011,2774
2022-05-15,Glenn,021,27897,5035,1629,6664,56
2022-05-15,Humboldt,023,135768,17981,3300,21281,148
2022-05-15,Imperial,025,180216,56007,10697,66704,945
2022-05-15,Inyo,027,18085,4132,523,4655,56
2022-05-15,Kern,029,883053,193693,46601,240294,2352
2022-05-15,Kings,031,150075,51950,3541,55491,450
2022-05-15,Lake,033,64148,10881,909,11790,140
2022-05-15,Lassen,035,31185,8993,879,9872,62
2022-05-15,Los Angeles,037,10098052,2792311,128751,2921062,31994
2022-05-15,Madera,039,155013,37749,6165,43914,371
2022-05-15,Marin,041,260295,27869,3285,31154,239
2022-05-15,Mariposa,043,17540,2492,221,2713,28
2022-05-15,Mendocino,045,87422,13453,3290,16743,128
2022-05-15,Merced,047,269075,64239,9219,73458,828
2022-05-15,Modoc,049,8938,746,253,999,8
2022-05-15,Mono,051,14174,3014,152,3166,6
2022-05-15,Monterey,053,433212,81251,14651,95902,734
2022-05-15,Napa,055,140530,27079,1063,28142,144
2022-05-15,Nevada,057,99092,16408,1268,17676,131
2022-05-15,Orange,059,3164182,562664,43957,606621,7145
2022-05-15,Placer,061,380077,64822,7665,72487,628
2022-05-15,Plumas,063,18699,3049,367,3416,13
2022-05-15,Riverside,065,2383286,601793,28588,630381,6474
2022-05-15,Sacramento,067,1510023,289539,27956,317495,3086
2022-05-15,San Benito,069,59416,13256,562,13818,95
2022-05-15,San Bernardino,071,2135413,582999,25375,608374,7849
2022-05-15,San Diego,073,3302833,773137,54869,828006,5367
2022-05-15,San Francisco,075,870044,138584,9098,147682,889
2022-05-15,San Joaquin,077,732212,169967,10451,180418,2254
2022-05-15,San Luis Obispo,079,281455,53878,4068,57946,483
2022-05-15,San Mateo,081,765935,132410,7816,140226,719
2022-05-15,Santa Barbara,083,443738,88622,4895,93517,693
2022-05-15,Santa Clara,085,1922200,339292,13686,352978,2335
2022-05-15,Santa Cruz,087,273765,51315,2271,53586,262
2022-05-15,Shasta,089,179085,30938,6135,37073,563
2022-05-15,Sierra,091,2930,277,53,330,4
2022-05-15,Siskiyou,093,43540,4489,2764,7253,83
2022-05-15,Solano,095,438530,85120,5866,90986,450
2022-05-15,Sonoma,097,501317,88713,3261,91974,494
2022-05-15,Stanislaus,099,539301,119477,18194,137671,1696
2022-05-15,Sutter,101,95872,20761,2130,22891,227
2022-05-15,Tehama,103,63373,12140,2606,14746,208
2022-05-15,Trinity,105,12862,1194,289,1483,20
2022-05-15,Tulare,107,460477,107282,28127,135409,1502
2022-05-15,Tuolumne,109,53932,13028,597,13625,186
2022-05-15,Ventura,111,848112,177767,10233,188000,1512
2022-05-15,Yolo,113,214977,39186,3075,42261,362
2022-05-15,Yuba,115,75493,16114,1257,17371,126
2022-05-14,Alameda,001,1643700,274157,14860,289017,1878
2022-05-14,Alpine,002,1148,125,1,126,0
2022-05-14,Amador,005,37829,8649,671,9320,86
2022-05-14,Butte,007,227075,33709,7227,40936,436
2022-05-14,Calaveras,009,45235,7406,373,7779,121
2022-05-14,Colusa,011,21464,3471,1056,4527,21
2022-05-14,Contra Costa,013,1133247,202625,14553,217178,1316
2022-05-14,Del Norte,015,27424,6042,200,6242,49
2022-05-14,El Dorado,017,186661,27452,3309,30761,216
2022-05-14,Fresno,019,978130,238050,24826,262876,2774
2022-05-14,Glenn,021,27897,5034,1625,6659,56
2022-05-14,Humboldt,023,135768,17955,3293,21248,147
2022-05-14,Imperial,025,180216,55976,10694,66670,945
2022-05-14,Inyo,027,18085,4127,523,4650,56
2022-05-14,Kern,029,883053,193622,46555,240177,2352
2022-05-14,Kings,031,150075,51923,3541,55464,450
2022-05-14,Lake,033,64148,10871,904,11775,140
2022-05-14,Lassen,035,31185,8991,879,9870,62
2022-05-14,Los Angeles,037,10098052,2790379,128536,2918915,31988
2022-05-14,Madera,039,155013,37734,6165,43899,371
2022-05-14,Marin,041,260295,27762,3236,30998,239
2022-05-14,Mariposa,043,17540,2491,221,2712,28
2022-05-14,Mendocino,045,87422,13443,3286,16729,127
2022-05-14,Merced,047,269075,64203,9216,73419,827
2022-05-14,Modoc,049,8938,745,253,998,8
2022-05-14,Mono,051,14174,3014,151,3165,6
2022-05-14,Monterey,053,433212,81186,14598,95784,734
2022-05-14,Napa,055,140530,27055,1056,28111,144
2022-05-14,Nevada,057,99092,16393,1267,17660,131
2022-05-14,Orange,059,3164182,562215,43867,606082,7141
2022-05-14,Placer,061,380077,64713,7642,72355,628
2022-05-14,Plumas,063,18699,3045,367,3412,13
2022-05-14,Riverside,065,2383286,601381,28553,629934,6474
2022-05-14,Sacramento,067,1510023,289268,27934,317202,3083
2022-05-14,San Benito,069,59416,13246,559,13805,95
2022-05-14,San Bernardino,071,2135413,582721,25363,608084,7847
2022-05-14,San Diego,073,3302833,772536,54823,827359,5364
2022-05-14,San Francisco,075,870044,138226,9074,147300,887
2022-05-14,San Joaquin,077,732212,169822,10435,180257,2254
2022-05-14,San Luis Obispo,079,281455,53851,4065,57916,483
2022-05-14,San Mateo,081,765935,132085,7788,139873,719
2022-05-14,Santa Barbara,083,443738,88515,4890,93405,693
2022-05-14,Santa Clara,085,1922200,338461,13647,352108,2333
2022-05-14,Santa Cruz,087,273765,51268,2257,53525,262
2022-05-14,Shasta,089,179085,30934,6134,37068,563
2022-05-14,Sierra,091,2930,277,53,330,4
2022-05-14,Siskiyou,093,43540,4486,2762,7248,83
2022-05-14,Solano,095,438530,85056,5856,90912,450
2022-05-14,Sonoma,097,501317,88569,3249,91818,494
2022-05-14,Stanislaus,099,539301,119392,18182,137574,1696
2022-05-14,Sutter,101,95872,20754,2129,22883,227
2022-05-14,Tehama,103,63373,12134,2605,14739,207
2022-05-14,Trinity,105,12862,1194,289,1483,20
2022-05-14,Tulare,107,460477,107232,28102,135334,1502
2022-05-14,Tuolumne,109,53932,13017,597,13614,186
2022-05-14,Ventura,111,848112,177605,10208,187813,1512
2022-05-14,Yolo,113,214977,39117,3068,42185,362
2022-05-14,Yuba,115,75493,16107,1256,17363,126
2022-05-13,Alameda,001,1643700,273673,14829,288502,1876
2022-05-13,Alpine,002,1148,125,1,126,0
2022-05-13,Amador,005,37829,8644,670,9314,86
2022-05-13,Butte,007,227075,33692,7225,40917,435
2022-05-13,Calaveras,009,45235,7403,373,7776,120
2022-05-13,Colusa,011,21464,3470,1056,4526,21
2022-05-13,Contra Costa,013,1133247,202280,14524,216804,1315
2022-05-13,Del Norte,015,27424,6039,200,6239,49
2022-05-13,El Dorado,017,186661,27424,3309,30733,216
2022-05-13,Fresno,019,978130,237942,24807,262749,2774
2022-05-13,Glenn,021,27897,5032,1624,6656,56
2022-05-13,Humboldt,023,135768,17931,3285,21216,147
2022-05-13,Imperial,025,180216,55957,10693,66650,945
2022-05-13,Inyo,027,18085,4127,522,4649,56
2022-05-13,Kern,029,883053,193547,46526,240073,2351
2022-05-13,Kings,031,150075,51899,3541,55440,450
2022-05-13,Lake,033,64148,10868,904,11772,140
2022-05-13,Lassen,035,31185,8990,879,9869,62
2022-05-13,Los Angeles,037,10098052,2788437,128342,2916779,31981
2022-05-13,Madera,039,155013,37714,6156,43870,371
2022-05-13,Marin,041,260295,27659,3193,30852,239
2022-05-13,Mariposa,043,17540,2489,221,2710,28
2022-05-13,Mendocino,045,87422,13429,3279,16708,127
2022-05-13,Merced,047,269075,64168,9207,73375,827
2022-05-13,Modoc,049,8938,745,253,998,8
2022-05-13,Mono,051,14174,3012,150,3162,6
2022-05-13,Monterey,053,433212,81130,14559,95689,734
2022-05-13,Napa,055,140530,27019,1054,28073,144
2022-05-13,Nevada,057,99092,16378,1266,17644,131
2022-05-13,Orange,059,3164182,561747,43792,605539,7140
2022-05-13,Placer,061,380077,64635,7632,72267,627
2022-05-13,Plumas,063,18699,3038,367,3405,13
2022-05-13,Riverside,065,2383286,600993,28524,629517,6473
2022-05-13,Sacramento,067,1510023,288930,27908,316838,3083
2022-05-13,San Benito,069,59416,13242,559,13801,95
2022-05-13,San Bernardino,071,2135413,582481,25355,607836,7847
2022-05-13,San Diego,073,3302833,771897,54744,826641,5364
2022-05-13,San Francisco,075,870044,137877,9054,146931,887
2022-05-13,San Joaquin,077,732212,169702,10423,180125,2254
2022-05-13,San Luis Obispo,079,281455,53815,4061,57876,483
2022-05-13,San Mateo,081,765935,131793,7767,139560,719
2022-05-13,Santa Barbara,083,443738,88421,4887,93308,693
2022-05-13,Santa Clara,085,1922200,337658,13614,351272,2332
2022-05-13,Santa Cruz,087,273765,51181,2249,53430,262
2022-05-13,Shasta,089,179085,30930,6134,37064,563
2022-05-13,Sierra,091,2930,276,50,326,4
2022-05-13,Siskiyou,093,43540,4485,2762,7247,83
2022-05-13,Solano,095,438530,84932,5849,90781,450
2022-05-13,Sonoma,097,501317,88392,3235,91627,494
2022-05-13,Stanislaus,099,539301,119298,18168,137466,1696
2022-05-13,Sutter,101,95872,20742,2128,22870,227
2022-05-13,Tehama,103,63373,12132,2603,14735,207
2022-05-13,Trinity,105,12862,1193,289,1482,20
2022-05-13,Tulare,107,460477,107185,28066,135251,1502
2022-05-13,Tuolumne,109,53932,13001,597,13598,186
2022-05-13,Ventura,111,848112,177425,10194,187619,1512
2022-05-13,Yolo,113,214977,39054,3064,42118,362
2022-05-13,Yuba,115,75493,16094,1253,17347,126
2022-05-12,Alameda,001,1643700,272928,14776,287704,1875
2022-05-12,Alpine,002,1148,125,1,126,0
2022-05-12,Amador,005,37829,8635,670,9305,86
2022-05-12,Butte,007,227075,33665,7211,40876,434
2022-05-12,Calaveras,009,45235,7399,372,7771,120
2022-05-12,Colusa,011,21464,3470,1055,4525,21
2022-05-12,Contra Costa,013,1133247,201761,14461,216222,1314
2022-05-12,Del Norte,015,27424,6022,199,6221,49
2022-05-12,El Dorado,017,186661,27384,3300,30684,216
2022-05-12,Fresno,019,978130,237788,24787,262575,2773
2022-05-12,Glenn,021,27897,5028,1622,6650,56
2022-05-12,Humboldt,023,135768,17889,3272,21161,147
2022-05-12,Imperial,025,180216,55930,10680,66610,945
2022-05-12,Inyo,027,18085,4123,517,4640,56
2022-05-12,Kern,029,883053,193481,46479,239960,2350
2022-05-12,Kings,031,150075,51879,3539,55418,450
2022-05-12,Lake,033,64148,10850,898,11748,140
2022-05-12,Lassen,035,31185,8989,879,9868,62
2022-05-12,Los Angeles,037,10098052,2785230,128077,2913307,31975
2022-05-12,Madera,039,155013,37689,6144,43833,371
2022-05-12,Marin,041,260295,27559,3170,30729,239
2022-05-12,Mariposa,043,17540,2484,220,2704,28
2022-05-12,Mendocino,045,87422,13412,3267,16679,127
2022-05-12,Merced,047,269075,64136,9196,73332,827
2022-05-12,Modoc,049,8938,744,253,997,8
2022-05-12,Mono,051,14174,3012,149,3161,6
2022-05-12,Monterey,053,433212,81073,14516,95589,733
2022-05-12,Napa,055,140530,26974,1052,28026,144
2022-05-12,Nevada,057,99092,16356,1265,17621,131
2022-05-12,Orange,059,3164182,561101,43683,604784,7140
2022-05-12,Placer,061,380077,64529,7609,72138,627
2022-05-12,Plumas,063,18699,3032,367,3399,13
2022-05-12,Riverside,065,2383286,600534,28491,629025,6473
2022-05-12,Sacramento,067,1510023,288473,27840,316313,3082
2022-05-12,San Benito,069,59416,13227,558,13785,95
2022-05-12,San Bernardino,071,2135413,582129,25338,607467,7845
2022-05-12,San Diego,073,3302833,770946,54654,825600,5363
2022-05-12,San Francisco,075,870044,137498,9016,146514,886
2022-05-12,San Joaquin,077,732212,169521,10383,179904,2254
2022-05-12,San Luis Obispo,079,281455,53756,4032,57788,483
2022-05-12,San Mateo,081,765935,131381,7716,139097,719
2022-05-12,Santa Barbara,083,443738,88315,4876,93191,693
2022-05-12,Santa Clara,085,1922200,336684,13530,350214,2329
2022-05-12,Santa Cruz,087,273765,51037,2243,53280,262
2022-05-12,Shasta,089,179085,30917,6132,37049,563
2022-05-12,Sierra,091,2930,275,50,325,4
2022-05-12,Siskiyou,093,43540,4480,2760,7240,83
2022-05-12,Solano,095,438530,84712,5836,90548,450
2022-05-12,Sonoma,097,501317,88172,3209,91381,494
2022-05-12,Stanislaus,099,539301,119194,18139,137333,1696
2022-05-12,Sutter,101,95872,20726,2127,22853,227
2022-05-12,Tehama,103,63373,12125,2600,14725,207
2022-05-12,Trinity,105,12862,1192,288,1480,20
2022-05-12,Tulare,107,460477,107132,28019,135151,1502
2022-05-12,Tuolumne,109,53932,12981,595,13576,186
2022-05-12,Ventura,111,848112,177195,10151,187346,1511
2022-05-12,Yolo,113,214977,38941,3054,41995,362
2022-05-12,Yuba,115,75493,16078,1250,17328,126
2022-05-11,Alameda,001,1643700,272218,14724,286942,1875
2022-05-11,Alpine,002,1148,125,1,126,0
2022-05-11,Amador,005,37829,8627,670,9297,86
2022-05-11,Butte,007,227075,33633,7205,40838,434
2022-05-11,Calaveras,009,45235,7394,368,7762,120
2022-05-11,Colusa,011,21464,3469,1055,4524,21
2022-05-11,Contra Costa,013,1133247,201242,14404,215646,1313
2022-05-11,Del Norte,015,27424,6012,199,6211,49
2022-05-11,El Dorado,017,186661,27348,3292,30640,216
2022-05-11,Fresno,019,978130,237623,24755,262378,2773
2022-05-11,Glenn,021,27897,5028,1620,6648,56
2022-05-11,Humboldt,023,135768,17845,3256,21101,147
2022-05-11,Imperial,025,180216,55905,10669,66574,945
2022-05-11,Inyo,027,18085,4122,516,4638,56
2022-05-11,Kern,029,883053,193382,46434,239816,2350
2022-05-11,Kings,031,150075,51852,3537,55389,450
2022-05-11,Lake,033,64148,10837,897,11734,140
2022-05-11,Lassen,035,31185,8988,878,9866,62
2022-05-11,Los Angeles,037,10098052,2782114,127848,2909962,31973
2022-05-11,Madera,039,155013,37657,6133,43790,371
2022-05-11,Marin,041,260295,27458,3129,30587,239
2022-05-11,Mariposa,043,17540,2479,220,2699,28
2022-05-11,Mendocino,045,87422,13397,3250,16647,127
2022-05-11,Merced,047,269075,64093,9175,73268,827
2022-05-11,Modoc,049,8938,743,253,996,8
2022-05-11,Mono,051,14174,3012,148,3160,6
2022-05-11,Monterey,053,433212,81010,14465,95475,733
2022-05-11,Napa,055,140530,26923,1050,27973,144
2022-05-11,Nevada,057,99092,16340,1260,17600,131
2022-05-11,Orange,059,3164182,560422,43598,604020,7139
2022-05-11,Placer,061,380077,64432,7592,72024,627
2022-05-11,Plumas,063,18699,3024,367,3391,13
2022-05-11,Riverside,065,2383286,600082,28454,628536,6473
2022-05-11,Sacramento,067,1510023,288053,27782,315835,3080
2022-05-11,San Benito,069,59416,13207,554,13761,95
2022-05-11,San Bernardino,071,2135413,581767,25329,607096,7844
2022-05-11,San Diego,073,3302833,769964,54523,824487,5362
2022-05-11,San Francisco,075,870044,137001,8991,145992,885
2022-05-11,San Joaquin,077,732212,169347,10362,179709,2253
2022-05-11,San Luis Obispo,079,281455,53709,4015,57724,483
2022-05-11,San Mateo,081,765935,130979,7673,138652,718
2022-05-11,Santa Barbara,083,443738,88185,4864,93049,693
2022-05-11,Santa Clara,085,1922200,335680,13482,349162,2328
2022-05-11,Santa Cruz,087,273765,50879,2229,53108,262
2022-05-11,Shasta,089,179085,30885,6129,37014,563
2022-05-11,Sierra,091,2930,275,50,325,4
2022-05-11,Siskiyou,093,43540,4478,2760,7238,83
2022-05-11,Solano,095,438530,84509,5823,90332,450
2022-05-11,Sonoma,097,501317,87968,3196,91164,494
2022-05-11,Stanislaus,099,539301,119091,18117,137208,1696
2022-05-11,Sutter,101,95872,20711,2126,22837,227
2022-05-11,Tehama,103,63373,12125,2600,14725,207
2022-05-11,Trinity,105,12862,1190,288,1478,20
2022-05-11,Tulare,107,460477,107076,27987,135063,1502
2022-05-11,Tuolumne,109,53932,12964,595,13559,186
2022-05-11,Ventura,111,848112,176996,10109,187105,1511
2022-05-11,Yolo,113,214977,38826,3049,41875,362
2022-05-11,Yuba,115,75493,16059,1240,17299,126
2022-05-10,Alameda,001,1643700,271436,14670,286106,1874
2022-05-10,Alpine,002,1148,125,1,126,0
2022-05-10,Amador,005,37829,8623,669,9292,86
2022-05-10,Butte,007,227075,33606,7201,40807,434
2022-05-10,Calaveras,009,45235,7390,367,7757,120
2022-05-10,Colusa,011,21464,3469,1054,4523,21
2022-05-10,Contra Costa,013,1133247,200756,14362,215118,1312
2022-05-10,Del Norte,015,27424,5959,199,6158,49
2022-05-10,El Dorado,017,186661,27311,3286,30597,216
2022-05-10,Fresno,019,978130,237460,24725,262185,2773
2022-05-10,Glenn,021,27897,5025,1620,6645,56
2022-05-10,Humboldt,023,135768,17807,3239,21046,147
2022-05-10,Imperial,025,180216,55870,10651,66521,945
2022-05-10,Inyo,027,18085,4120,510,4630,56
2022-05-10,Kern,029,883053,193280,46393,239673,2350
2022-05-10,Kings,031,150075,51821,3537,55358,449
2022-05-10,Lake,033,64148,10832,897,11729,140
2022-05-10,Lassen,035,31185,8983,878,9861,62
2022-05-10,Los Angeles,037,10098052,2778827,127615,2906442,31968
2022-05-10,Madera,039,155013,37624,6120,43744,371
2022-05-10,Marin,041,260295,27341,3086,30427,239
2022-05-10,Mariposa,043,17540,2479,220,2699,28
2022-05-10,Mendocino,045,87422,13385,3237,16622,127
2022-05-10,Merced,047,269075,64049,9156,73205,827
2022-05-10,Modoc,049,8938,743,253,996,8
2022-05-10,Mono,051,14174,3008,145,3153,6
2022-05-10,Monterey,053,433212,80944,14417,95361,733
2022-05-10,Napa,055,140530,26885,1048,27933,144
2022-05-10,Nevada,057,99092,16320,1257,17577,131
2022-05-10,Orange,059,3164182,559715,43503,603218,7138
2022-05-10,Placer,061,380077,64318,7576,71894,627
2022-05-10,Plumas,063,18699,3016,366,3382,13
2022-05-10,Riverside,065,2383286,599656,28425,628081,6473
2022-05-10,Sacramento,067,1510023,287547,27715,315262,3079
2022-05-10,San Benito,069,59416,13190,549,13739,95
2022-05-10,San Bernardino,071,2135413,581417,25303,606720,7844
2022-05-10,San Diego,073,3302833,768949,54401,823350,5362
2022-05-10,San Francisco,075,870044,136446,8964,145410,885
2022-05-10,San Joaquin,077,732212,169192,10300,179492,2253
2022-05-10,San Luis Obispo,079,281455,53633,3990,57623,483
2022-05-10,San Mateo,081,765935,130596,7635,138231,718
2022-05-10,Santa Barbara,083,443738,88069,4849,92918,693
2022-05-10,Santa Clara,085,1922200,334646,13402,348048,2327
2022-05-10,Santa Cruz,087,273765,50753,2218,52971,262
2022-05-10,Shasta,089,179085,30865,6128,36993,563
2022-05-10,Sierra,091,2930,275,49,324,4
2022-05-10,Siskiyou,093,43540,4474,2760,7234,83
2022-05-10,Solano,095,438530,84321,5804,90125,450
2022-05-10,Sonoma,097,501317,87726,3158,90884,494
2022-05-10,Stanislaus,099,539301,118996,18098,137094,1696
2022-05-10,Sutter,101,95872,20692,2123,22815,227
2022-05-10,Tehama,103,63373,12122,2593,14715,207
2022-05-10,Trinity,105,12862,1190,288,1478,20
2022-05-10,Tulare,107,460477,107034,27959,134993,1502
2022-05-10,Tuolumne,109,53932,12952,595,13547,186
2022-05-10,Ventura,111,848112,176778,10071,186849,1511
2022-05-10,Yolo,113,214977,38722,3038,41760,362
2022-05-10,Yuba,115,75493,16038,1237,17275,126
2022-05-09,Alameda,001,1643700,270659,14626,285285,1872
2022-05-09,Alpine,002,1148,125,1,126,0
2022-05-09,Amador,005,37829,8617,669,9286,86
2022-05-09,Butte,007,227075,33580,7192,40772,434
2022-05-09,Calaveras,009,45235,7384,367,7751,120
2022-05-09,Colusa,011,21464,3467,1052,4519,21
2022-05-09,Contra Costa,013,1133247,200284,14304,214588,1312
2022-05-09,Del Norte,015,27424,5950,198,6148,49
2022-05-09,El Dorado,017,186661,27279,3277,30556,216
2022-05-09,Fresno,019,978130,237303,24703,262006,2772
2022-05-09,Glenn,021,27897,5023,1619,6642,56
2022-05-09,Humboldt,023,135768,17756,3217,20973,147
2022-05-09,Imperial,025,180216,55836,10638,66474,945
2022-05-09,Inyo,027,18085,4117,507,4624,56
2022-05-09,Kern,029,883053,193183,46337,239520,2349
2022-05-09,Kings,031,150075,51790,3536,55326,449
2022-05-09,Lake,033,64148,10824,896,11720,140
2022-05-09,Lassen,035,31185,8981,878,9859,62
2022-05-09,Los Angeles,037,10098052,2775478,127372,2902850,31959
2022-05-09,Madera,039,155013,37592,6111,43703,371
2022-05-09,Marin,041,260295,27224,3051,30275,239
2022-05-09,Mariposa,043,17540,2474,220,2694,28
2022-05-09,Mendocino,045,87422,13374,3226,16600,127
2022-05-09,Merced,047,269075,64009,9137,73146,827
2022-05-09,Modoc,049,8938,743,253,996,8
2022-05-09,Mono,051,14174,3006,143,3149,6
2022-05-09,Monterey,053,433212,80852,14364,95216,733
2022-05-09,Napa,055,140530,26835,1046,27881,144
2022-05-09,Nevada,057,99092,16292,1251,17543,131
2022-05-09,Orange,059,3164182,559043,43420,602463,7138
2022-05-09,Placer,061,380077,64257,7561,71818,627
2022-05-09,Plumas,063,18699,3007,366,3373,13
2022-05-09,Riverside,065,2383286,599165,28389,627554,6473
2022-05-09,Sacramento,067,1510023,287116,27637,314753,3079
2022-05-09,San Benito,069,59416,13171,547,13718,95
2022-05-09,San Bernardino,071,2135413,581078,25292,606370,7842
2022-05-09,San Diego,073,3302833,767976,54259,822235,5361
2022-05-09,San Francisco,075,870044,135886,8938,144824,884
2022-05-09,San Joaquin,077,732212,169010,10278,179288,2253
2022-05-09,San Luis Obispo,079,281455,53580,3969,57549,483
2022-05-09,San Mateo,081,765935,130169,7597,137766,718
2022-05-09,Santa Barbara,083,443738,87939,4838,92777,693
2022-05-09,Santa Clara,085,1922200,333504,13338,346842,2326
2022-05-09,Santa Cruz,087,273765,50612,2210,52822,262
2022-05-09,Shasta,089,179085,30852,6126,36978,563
2022-05-09,Sierra,091,2930,275,49,324,4
2022-05-09,Siskiyou,093,43540,4472,2760,7232,83
2022-05-09,Solano,095,438530,84162,5791,89953,450
2022-05-09,Sonoma,097,501317,87465,3132,90597,494
2022-05-09,Stanislaus,099,539301,118900,18080,136980,1695
2022-05-09,Sutter,101,95872,20679,2122,22801,227
2022-05-09,Tehama,103,63373,12120,2591,14711,207
2022-05-09,Trinity,105,12862,1190,288,1478,20
2022-05-09,Tulare,107,460477,106986,27923,134909,1501
2022-05-09,Tuolumne,109,53932,12944,595,13539,185
2022-05-09,Ventura,111,848112,176561,10021,186582,1511
2022-05-09,Yolo,113,214977,38613,3029,41642,362
2022-05-09,Yuba,115,75493,16029,1236,17265,126
2022-05-08,Alameda,001,1643700,269767,14560,284327,1871
2022-05-08,Alpine,002,1148,125,1,126,0
2022-05-08,Amador,005,37829,8606,666,9272,86
2022-05-08,Butte,007,227075,33556,7181,40737,434
2022-05-08,Calaveras,009,45235,7377,366,7743,120
2022-05-08,Colusa,011,21464,3466,1052,4518,21
2022-05-08,Contra Costa,013,1133247,199769,14223,213992,1312
2022-05-08,Del Norte,015,27424,5934,198,6132,49
2022-05-08,El Dorado,017,186661,27241,3272,30513,216
2022-05-08,Fresno,019,978130,237134,24680,261814,2772
2022-05-08,Glenn,021,27897,5021,1619,6640,56
2022-05-08,Humboldt,023,135768,17703,3178,20881,147
2022-05-08,Imperial,025,180216,55802,10629,66431,945
2022-05-08,Inyo,027,18085,4110,507,4617,56
2022-05-08,Kern,029,883053,193089,46290,239379,2348
2022-05-08,Kings,031,150075,51773,3536,55309,449
2022-05-08,Lake,033,64148,10817,896,11713,140
2022-05-08,Lassen,035,31185,8977,878,9855,62
2022-05-08,Los Angeles,037,10098052,2771888,127082,2898970,31956
2022-05-08,Madera,039,155013,37570,6092,43662,371
2022-05-08,Marin,041,260295,27098,3004,30102,239
2022-05-08,Mariposa,043,17540,2467,219,2686,28
2022-05-08,Mendocino,045,87422,13355,3200,16555,127
2022-05-08,Merced,047,269075,63960,9108,73068,826
2022-05-08,Modoc,049,8938,743,253,996,8
2022-05-08,Mono,051,14174,3005,141,3146,6
2022-05-08,Monterey,053,433212,80759,14282,95041,733
2022-05-08,Napa,055,140530,26794,1043,27837,144
2022-05-08,Nevada,057,99092,16268,1249,17517,131
2022-05-08,Orange,059,3164182,558356,43315,601671,7137
2022-05-08,Placer,061,380077,64146,7534,71680,627
2022-05-08,Plumas,063,18699,3003,366,3369,13
2022-05-08,Riverside,065,2383286,598677,28354,627031,6473
2022-05-08,Sacramento,067,1510023,286605,27557,314162,3078
2022-05-08,San Benito,069,59416,13156,544,13700,95
2022-05-08,San Bernardino,071,2135413,580642,25257,605899,7842
2022-05-08,San Diego,073,3302833,766947,54155,821102,5361
2022-05-08,San Francisco,075,870044,135231,8906,144137,884
2022-05-08,San Joaquin,077,732212,168825,10245,179070,2253
2022-05-08,San Luis Obispo,079,281455,53508,3949,57457,483
2022-05-08,San Mateo,081,765935,129705,7545,137250,716
2022-05-08,Santa Barbara,083,443738,87805,4829,92634,693
2022-05-08,Santa Clara,085,1922200,332431,13265,345696,2324
2022-05-08,Santa Cruz,087,273765,50432,2206,52638,262
2022-05-08,Shasta,089,179085,30823,6122,36945,563
2022-05-08,Sierra,091,2930,275,49,324,4
2022-05-08,Siskiyou,093,43540,4469,2755,7224,83
2022-05-08,Solano,095,438530,83987,5767,89754,450
2022-05-08,Sonoma,097,501317,87246,3097,90343,494
2022-05-08,Stanislaus,099,539301,118792,18055,136847,1695
2022-05-08,Sutter,101,95872,20658,2118,22776,227
2022-05-08,Tehama,103,63373,12114,2588,14702,207
2022-05-08,Trinity,105,12862,1189,288,1477,20
2022-05-08,Tulare,107,460477,106944,27889,134833,1501
2022-05-08,Tuolumne,109,53932,12931,591,13522,185
2022-05-08,Ventura,111,848112,176325,9975,186300,1511
2022-05-08,Yolo,113,214977,38506,3015,41521,362
2022-05-08,Yuba,115,75493,16007,1232,17239,126
2022-05-07,Alameda,001,1643700,269387,14542,283929,1869
2022-05-07,Alpine,002,1148,125,1,126,0
2022-05-07,Amador,005,37829,8604,666,9270,86
2022-05-07,Butte,007,227075,33548,7175,40723,434
2022-05-07,Calaveras,009,45235,7370,366,7736,120
2022-05-07,Colusa,011,21464,3466,1052,4518,21
2022-05-07,Contra Costa,013,1133247,199527,14206,213733,1310
2022-05-07,Del Norte,015,27424,5932,198,6130,49
2022-05-07,El Dorado,017,186661,27223,3270,30493,216
2022-05-07,Fresno,019,978130,237076,24674,261750,2772
2022-05-07,Glenn,021,27897,5020,1619,6639,56
2022-05-07,Humboldt,023,135768,17674,3170,20844,147
2022-05-07,Imperial,025,180216,55779,10623,66402,945
2022-05-07,Inyo,027,18085,4107,507,4614,56
2022-05-07,Kern,029,883053,193054,46269,239323,2348
2022-05-07,Kings,031,150075,51762,3536,55298,449
2022-05-07,Lake,033,64148,10813,896,11709,140
2022-05-07,Lassen,035,31185,8977,878,9855,62
2022-05-07,Los Angeles,037,10098052,2770310,126910,2897220,31951
2022-05-07,Madera,039,155013,37563,6092,43655,371
2022-05-07,Marin,041,260295,27024,2972,29996,239
2022-05-07,Mariposa,043,17540,2464,219,2683,28
2022-05-07,Mendocino,045,87422,13346,3197,16543,127
2022-05-07,Merced,047,269075,63947,9108,73055,826
2022-05-07,Modoc,049,8938,743,253,996,8
2022-05-07,Mono,051,14174,3004,140,3144,6
2022-05-07,Monterey,053,433212,80699,14256,94955,733
2022-05-07,Napa,055,140530,26764,1042,27806,144
2022-05-07,Nevada,057,99092,16257,1244,17501,131
2022-05-07,Orange,059,3164182,558022,43261,601283,7135
2022-05-07,Placer,061,380077,64078,7524,71602,627
2022-05-07,Plumas,063,18699,3003,365,3368,13
2022-05-07,Riverside,065,2383286,598422,28327,626749,6472
2022-05-07,Sacramento,067,1510023,286410,27545,313955,3077
2022-05-07,San Benito,069,59416,13147,539,13686,95
2022-05-07,San Bernardino,071,2135413,580430,25252,605682,7840
2022-05-07,San Diego,073,3302833,766461,54125,820586,5361
2022-05-07,San Francisco,075,870044,134902,8886,143788,882
2022-05-07,San Joaquin,077,732212,168720,10236,178956,2253
2022-05-07,San Luis Obispo,079,281455,53496,3938,57434,483
2022-05-07,San Mateo,081,765935,129420,7524,136944,716
2022-05-07,Santa Barbara,083,443738,87725,4826,92551,693
2022-05-07,Santa Clara,085,1922200,331810,13235,345045,2324
2022-05-07,Santa Cruz,087,273765,50379,2196,52575,262
2022-05-07,Shasta,089,179085,30815,6122,36937,563
2022-05-07,Sierra,091,2930,275,49,324,4
2022-05-07,Siskiyou,093,43540,4467,2755,7222,83
2022-05-07,Solano,095,438530,83929,5762,89691,450
2022-05-07,Sonoma,097,501317,87120,3088,90208,493
2022-05-07,Stanislaus,099,539301,118745,18046,136791,1695
2022-05-07,Sutter,101,95872,20649,2118,22767,227
2022-05-07,Tehama,103,63373,12112,2587,14699,207
2022-05-07,Trinity,105,12862,1189,288,1477,20
2022-05-07,Tulare,107,460477,106920,27876,134796,1501
2022-05-07,Tuolumne,109,53932,12924,591,13515,185
2022-05-07,Ventura,111,848112,176214,9951,186165,1511
2022-05-07,Yolo,113,214977,38461,3013,41474,362
2022-05-07,Yuba,115,75493,15998,1232,17230,126
2022-05-06,Alameda,001,1643700,269005,14521,283526,1869
2022-05-06,Alpine,002,1148,125,1,126,0
2022-05-06,Amador,005,37829,8603,665,9268,86
2022-05-06,Butte,007,227075,33539,7172,40711,434
2022-05-06,Calaveras,009,45235,7368,366,7734,120
2022-05-06,Colusa,011,21464,3466,1052,4518,21
2022-05-06,Contra Costa,013,1133247,199295,14193,213488,1310
2022-05-06,Del Norte,015,27424,5922,198,6120,49
2022-05-06,El Dorado,017,186661,27198,3267,30465,216
2022-05-06,Fresno,019,978130,236999,24665,261664,2772
2022-05-06,Glenn,021,27897,5020,1619,6639,56
2022-05-06,Humboldt,023,135768,17647,3163,20810,147
2022-05-06,Imperial,025,180216,55770,10620,66390,945
2022-05-06,Inyo,027,18085,4098,504,4602,56
2022-05-06,Kern,029,883053,193002,46239,239241,2348
2022-05-06,Kings,031,150075,51754,3536,55290,449
2022-05-06,Lake,033,64148,10811,896,11707,140
2022-05-06,Lassen,035,31185,8977,878,9855,62
2022-05-06,Los Angeles,037,10098052,2768493,126761,2895254,31945
2022-05-06,Madera,039,155013,37549,6089,43638,371
2022-05-06,Marin,041,260295,26946,2927,29873,239
2022-05-06,Mariposa,043,17540,2463,212,2675,28
2022-05-06,Mendocino,045,87422,13334,3195,16529,127
2022-05-06,Merced,047,269075,63930,9107,73037,826
2022-05-06,Modoc,049,8938,743,253,996,8
2022-05-06,Mono,051,14174,3003,140,3143,6
2022-05-06,Monterey,053,433212,80660,14219,94879,733
2022-05-06,Napa,055,140530,26747,1042,27789,144
2022-05-06,Nevada,057,99092,16245,1242,17487,131
2022-05-06,Orange,059,3164182,557679,43194,600873,7134
2022-05-06,Placer,061,380077,64017,7513,71530,627
2022-05-06,Plumas,063,18699,3001,365,3366,13
2022-05-06,Riverside,065,2383286,598192,28307,626499,6471
2022-05-06,Sacramento,067,1510023,286153,27522,313675,3077
2022-05-06,San Benito,069,59416,13142,539,13681,95
2022-05-06,San Bernardino,071,2135413,580253,25246,605499,7839
2022-05-06,San Diego,073,3302833,765950,54089,820039,5361
2022-05-06,San Francisco,075,870044,134576,8865,143441,882
2022-05-06,San Joaquin,077,732212,168630,10224,178854,2253
2022-05-06,San Luis Obispo,079,281455,53470,3933,57403,483
2022-05-06,San Mateo,081,765935,129191,7516,136707,716
2022-05-06,Santa Barbara,083,443738,87671,4824,92495,693
2022-05-06,Santa Clara,085,1922200,331218,13220,344438,2324
2022-05-06,Santa Cruz,087,273765,50314,2192,52506,262
2022-05-06,Shasta,089,179085,30809,6121,36930,563
2022-05-06,Sierra,091,2930,275,49,324,4
2022-05-06,Siskiyou,093,43540,4465,2753,7218,83
2022-05-06,Solano,095,438530,83840,5754,89594,450
2022-05-06,Sonoma,097,501317,86998,3073,90071,493
2022-05-06,Stanislaus,099,539301,118688,18039,136727,1695
2022-05-06,Sutter,101,95872,20643,2118,22761,227
2022-05-06,Tehama,103,63373,12107,2587,14694,207
2022-05-06,Trinity,105,12862,1188,288,1476,20
2022-05-06,Tulare,107,460477,106900,27866,134766,1501
2022-05-06,Tuolumne,109,53932,12917,590,13507,185
2022-05-06,Ventura,111,848112,176097,9921,186018,1510
2022-05-06,Yolo,113,214977,38414,3009,41423,362
2022-05-06,Yuba,115,75493,15987,1231,17218,126
2022-05-05,Alameda,001,1643700,268416,14478,282894,1869
2022-05-05,Alpine,002,1148,125,1,126,0
2022-05-05,Amador,005,37829,8601,664,9265,86
2022-05-05,Butte,007,227075,33520,7165,40685,434
2022-05-05,Calaveras,009,45235,7364,364,7728,120
2022-05-05,Colusa,011,21464,3466,1049,4515,21
2022-05-05,Contra Costa,013,1133247,198902,14149,213051,1310
2022-05-05,Del Norte,015,27424,5921,198,6119,49
2022-05-05,El Dorado,017,186661,27173,3260,30433,216
2022-05-05,Fresno,019,978130,236898,24642,261540,2772
2022-05-05,Glenn,021,27897,5020,1618,6638,56
2022-05-05,Humboldt,023,135768,17610,3149,20759,147
2022-05-05,Imperial,025,180216,55763,10609,66372,945
2022-05-05,Inyo,027,18085,4094,503,4597,56
2022-05-05,Kern,029,883053,192944,46202,239146,2348
2022-05-05,Kings,031,150075,51746,3536,55282,449
2022-05-05,Lake,033,64148,10807,896,11703,140
2022-05-05,Lassen,035,31185,8977,878,9855,62
2022-05-05,Los Angeles,037,10098052,2765915,126541,2892456,31939
2022-05-05,Madera,039,155013,37532,6084,43616,371
2022-05-05,Marin,041,260295,26836,2905,29741,239
2022-05-05,Mariposa,043,17540,2461,211,2672,28
2022-05-05,Mendocino,045,87422,13323,3187,16510,127
2022-05-05,Merced,047,269075,63898,9103,73001,826
2022-05-05,Modoc,049,8938,743,251,994,8
2022-05-05,Mono,051,14174,3002,139,3141,6
2022-05-05,Monterey,053,433212,80604,14190,94794,733
2022-05-05,Napa,055,140530,26714,1041,27755,144
2022-05-05,Nevada,057,99092,16235,1239,17474,131
2022-05-05,Orange,059,3164182,557165,43136,600301,7133
2022-05-05,Placer,061,380077,63953,7502,71455,627
2022-05-05,Plumas,063,18699,3000,365,3365,13
2022-05-05,Riverside,065,2383286,597855,28280,626135,6470
2022-05-05,Sacramento,067,1510023,285814,27467,313281,3076
2022-05-05,San Benito,069,59416,13131,537,13668,95
2022-05-05,San Bernardino,071,2135413,579962,25230,605192,7839
2022-05-05,San Diego,073,3302833,765209,54020,819229,5360
2022-05-05,San Francisco,075,870044,134158,8830,142988,880
2022-05-05,San Joaquin,077,732212,168540,10196,178736,2253
2022-05-05,San Luis Obispo,079,281455,53434,3918,57352,483
2022-05-05,San Mateo,081,765935,128853,7491,136344,716
2022-05-05,Santa Barbara,083,443738,87596,4819,92415,693
2022-05-05,Santa Clara,085,1922200,330421,13158,343579,2324
2022-05-05,Santa Cruz,087,273765,50216,2188,52404,262
2022-05-05,Shasta,089,179085,30799,6119,36918,563
2022-05-05,Sierra,091,2930,275,49,324,4
2022-05-05,Siskiyou,093,43540,4463,2753,7216,83
2022-05-05,Solano,095,438530,83719,5736,89455,450
2022-05-05,Sonoma,097,501317,86825,3055,89880,493
2022-05-05,Stanislaus,099,539301,118630,18025,136655,1695
2022-05-05,Sutter,101,95872,20641,2116,22757,227
2022-05-05,Tehama,103,63373,12103,2585,14688,207
2022-05-05,Trinity,105,12862,1188,288,1476,20
2022-05-05,Tulare,107,460477,106870,27848,134718,1501
2022-05-05,Tuolumne,109,53932,12899,587,13486,184
2022-05-05,Ventura,111,848112,175910,9878,185788,1510
2022-05-05,Yolo,113,214977,38342,2998,41340,362
2022-05-05,Yuba,115,75493,15977,1228,17205,126
2022-05-04,Alameda,001,1643700,267745,14436,282181,1867
2022-05-04,Alpine,002,1148,125,1,126,0
2022-05-04,Amador,005,37829,8598,663,9261,86
2022-05-04,Butte,007,227075,33503,7160,40663,434
2022-05-04,Calaveras,009,45235,7359,364,7723,120
2022-05-04,Colusa,011,21464,3465,1049,4514,21
2022-05-04,Contra Costa,013,1133247,198535,14094,212629,1310
2022-05-04,Del Norte,015,27424,5913,198,6111,49
2022-05-04,El Dorado,017,186661,27145,3253,30398,216
2022-05-04,Fresno,019,978130,236780,24632,261412,2772
2022-05-04,Glenn,021,27897,5018,1618,6636,56
2022-05-04,Humboldt,023,135768,17570,3139,20709,147
2022-05-04,Imperial,025,180216,55740,10601,66341,945
2022-05-04,Inyo,027,18085,4094,500,4594,56
2022-05-04,Kern,029,883053,192878,46166,239044,2348
2022-05-04,Kings,031,150075,51728,3535,55263,449
2022-05-04,Lake,033,64148,10802,896,11698,140
2022-05-04,Lassen,035,31185,8976,876,9852,62
2022-05-04,Los Angeles,037,10098052,2763134,126352,2889486,31937
2022-05-04,Madera,039,155013,37508,6079,43587,371
2022-05-04,Marin,041,260295,26749,2883,29632,239
2022-05-04,Mariposa,043,17540,2455,206,2661,28
2022-05-04,Mendocino,045,87422,13315,3179,16494,127
2022-05-04,Merced,047,269075,63871,9092,72963,826
2022-05-04,Modoc,049,8938,743,251,994,8
2022-05-04,Mono,051,14174,3001,136,3137,6
2022-05-04,Monterey,053,433212,80542,14166,94708,733
2022-05-04,Napa,055,140530,26676,1038,27714,144
2022-05-04,Nevada,057,99092,16219,1235,17454,131
2022-05-04,Orange,059,3164182,556577,43059,599636,7133
2022-05-04,Placer,061,380077,63870,7497,71367,627
2022-05-04,Plumas,063,18699,2998,365,3363,13
2022-05-04,Riverside,065,2383286,597520,28254,625774,6469
2022-05-04,Sacramento,067,1510023,285482,27428,312910,3076
2022-05-04,San Benito,069,59416,13122,531,13653,95
2022-05-04,San Bernardino,071,2135413,579696,25217,604913,7839
2022-05-04,San Diego,073,3302833,764460,53928,818388,5360
2022-05-04,San Francisco,075,870044,133749,8809,142558,879
2022-05-04,San Joaquin,077,732212,168436,10167,178603,2253
2022-05-04,San Luis Obispo,079,281455,53390,3907,57297,483
2022-05-04,San Mateo,081,765935,128528,7457,135985,716
2022-05-04,Santa Barbara,083,443738,87491,4804,92295,693
2022-05-04,Santa Clara,085,1922200,329614,13105,342719,2324
2022-05-04,Santa Cruz,087,273765,50101,2185,52286,262
2022-05-04,Shasta,089,179085,30783,6117,36900,563
2022-05-04,Sierra,091,2930,275,49,324,4
2022-05-04,Siskiyou,093,43540,4460,2751,7211,83
2022-05-04,Solano,095,438530,83573,5725,89298,450
2022-05-04,Sonoma,097,501317,86649,3030,89679,493
2022-05-04,Stanislaus,099,539301,118567,18014,136581,1695
2022-05-04,Sutter,101,95872,20630,2114,22744,227
2022-05-04,Tehama,103,63373,12101,2580,14681,207
2022-05-04,Trinity,105,12862,1188,288,1476,20
2022-05-04,Tulare,107,460477,106850,27833,134683,1501
2022-05-04,Tuolumne,109,53932,12892,585,13477,184
2022-05-04,Ventura,111,848112,175742,9836,185578,1510
2022-05-04,Yolo,113,214977,38266,2993,41259,362
2022-05-04,Yuba,115,75493,15968,1225,17193,126
2022-05-03,Alameda,001,1643700,267144,14393,281537,1867
2022-05-03,Alpine,002,1148,125,1,126,0
2022-05-03,Amador,005,37829,8595,662,9257,86
2022-05-03,Butte,007,227075,33487,7155,40642,434
2022-05-03,Calaveras,009,45235,7352,364,7716,120
2022-05-03,Colusa,011,21464,3464,1049,4513,21
2022-05-03,Contra Costa,013,1133247,198142,14051,212193,1308
2022-05-03,Del Norte,015,27424,5906,196,6102,49
2022-05-03,El Dorado,017,186661,27124,3249,30373,216
2022-05-03,Fresno,019,978130,236670,24613,261283,2772
2022-05-03,Glenn,021,27897,5017,1616,6633,56
2022-05-03,Humboldt,023,135768,17534,3120,20654,147
2022-05-03,Imperial,025,180216,55718,10595,66313,945
2022-05-03,Inyo,027,18085,4092,500,4592,56
2022-05-03,Kern,029,883053,192800,46134,238934,2348
2022-05-03,Kings,031,150075,51716,3535,55251,449
2022-05-03,Lake,033,64148,10798,895,11693,140
2022-05-03,Lassen,035,31185,8976,876,9852,62
2022-05-03,Los Angeles,037,10098052,2760075,126119,2886194,31935
2022-05-03,Madera,039,155013,37477,6074,43551,371
2022-05-03,Marin,041,260295,26639,2860,29499,239
2022-05-03,Mariposa,043,17540,2447,206,2653,28
2022-05-03,Mendocino,045,87422,13300,3161,16461,126
2022-05-03,Merced,047,269075,63843,9068,72911,826
2022-05-03,Modoc,049,8938,742,251,993,8
2022-05-03,Mono,051,14174,2999,135,3134,6
2022-05-03,Monterey,053,433212,80490,14132,94622,733
2022-05-03,Napa,055,140530,26640,1031,27671,144
2022-05-03,Nevada,057,99092,16208,1235,17443,131
2022-05-03,Orange,059,3164182,556050,42980,599030,7130
2022-05-03,Placer,061,380077,63776,7482,71258,627
2022-05-03,Plumas,063,18699,2994,365,3359,13
2022-05-03,Riverside,065,2383286,597154,28230,625384,6469
2022-05-03,Sacramento,067,1510023,285164,27380,312544,3075
2022-05-03,San Benito,069,59416,13109,528,13637,95
2022-05-03,San Bernardino,071,2135413,579427,25205,604632,7837
2022-05-03,San Diego,073,3302833,763617,53828,817445,5359
2022-05-03,San Francisco,075,870044,133272,8779,142051,878
2022-05-03,San Joaquin,077,732212,168354,10140,178494,2252
2022-05-03,San Luis Obispo,079,281455,53343,3898,57241,483
2022-05-03,San Mateo,081,765935,128179,7424,135603,716
2022-05-03,Santa Barbara,083,443738,87402,4802,92204,693
2022-05-03,Santa Clara,085,1922200,328796,13055,341851,2324
2022-05-03,Santa Cruz,087,273765,50009,2179,52188,262
2022-05-03,Shasta,089,179085,30764,6116,36880,563
2022-05-03,Sierra,091,2930,275,49,324,4
2022-05-03,Siskiyou,093,43540,4459,2751,7210,83
2022-05-03,Solano,095,438530,83383,5713,89096,450
2022-05-03,Sonoma,097,501317,86467,3006,89473,493
2022-05-03,Stanislaus,099,539301,118513,18001,136514,1695
2022-05-03,Sutter,101,95872,20625,2112,22737,227
2022-05-03,Tehama,103,63373,12097,2579,14676,207
2022-05-03,Trinity,105,12862,1187,288,1475,20
2022-05-03,Tulare,107,460477,106822,27819,134641,1501
2022-05-03,Tuolumne,109,53932,12879,585,13464,184
2022-05-03,Ventura,111,848112,175573,9793,185366,1510
2022-05-03,Yolo,113,214977,38198,2992,41190,362
2022-05-03,Yuba,115,75493,15957,1217,17174,126
2022-05-02,Alameda,001,1643700,266507,14351,280858,1867
2022-05-02,Alpine,002,1148,125,1,126,0
2022-05-02,Amador,005,37829,8592,659,9251,86
2022-05-02,Butte,007,227075,33464,7152,40616,434
2022-05-02,Calaveras,009,45235,7351,363,7714,120
2022-05-02,Colusa,011,21464,3464,1049,4513,21
2022-05-02,Contra Costa,013,1133247,197768,14014,211782,1308
2022-05-02,Del Norte,015,27424,5901,191,6092,49
2022-05-02,El Dorado,017,186661,27100,3244,30344,216
2022-05-02,Fresno,019,978130,236557,24585,261142,2771
2022-05-02,Glenn,021,27897,5015,1616,6631,56
2022-05-02,Humboldt,023,135768,17483,3106,20589,147
2022-05-02,Imperial,025,180216,55705,10588,66293,945
2022-05-02,Inyo,027,18085,4091,498,4589,56
2022-05-02,Kern,029,883053,192716,46105,238821,2347
2022-05-02,Kings,031,150075,51699,3535,55234,449
2022-05-02,Lake,033,64148,10794,895,11689,140
2022-05-02,Lassen,035,31185,8974,876,9850,62
2022-05-02,Los Angeles,037,10098052,2757049,125900,2882949,31930
2022-05-02,Madera,039,155013,37460,6067,43527,371
2022-05-02,Marin,041,260295,26513,2837,29350,239
2022-05-02,Mariposa,043,17540,2442,206,2648,28
2022-05-02,Mendocino,045,87422,13282,3148,16430,126
2022-05-02,Merced,047,269075,63811,9061,72872,826
2022-05-02,Modoc,049,8938,741,251,992,8
2022-05-02,Mono,051,14174,2997,134,3131,6
2022-05-02,Monterey,053,433212,80412,14091,94503,733
2022-05-02,Napa,055,140530,26601,1029,27630,144
2022-05-02,Nevada,057,99092,16190,1233,17423,131
2022-05-02,Orange,059,3164182,555507,42884,598391,7130
2022-05-02,Placer,061,380077,63720,7475,71195,627
2022-05-02,Plumas,063,18699,2994,365,3359,13
2022-05-02,Riverside,065,2383286,596763,28203,624966,6469
2022-05-02,Sacramento,067,1510023,284858,27334,312192,3075
2022-05-02,San Benito,069,59416,13097,528,13625,95
2022-05-02,San Bernardino,071,2135413,579140,25187,604327,7837
2022-05-02,San Diego,073,3302833,762754,53732,816486,5359
2022-05-02,San Francisco,075,870044,132836,8752,141588,878
2022-05-02,San Joaquin,077,732212,168238,10128,178366,2252
2022-05-02,San Luis Obispo,079,281455,53290,3889,57179,483
2022-05-02,San Mateo,081,765935,127854,7409,135263,715
2022-05-02,Santa Barbara,083,443738,87301,4798,92099,693
2022-05-02,Santa Clara,085,1922200,327881,13009,340890,2323
2022-05-02,Santa Cruz,087,273765,49883,2175,52058,262
2022-05-02,Shasta,089,179085,30745,6115,36860,563
2022-05-02,Sierra,091,2930,275,49,324,4
2022-05-02,Siskiyou,093,43540,4456,2749,7205,83
2022-05-02,Solano,095,438530,83242,5703,88945,450
2022-05-02,Sonoma,097,501317,86286,2985,89271,493
2022-05-02,Stanislaus,099,539301,118440,17987,136427,1695
2022-05-02,Sutter,101,95872,20618,2109,22727,227
2022-05-02,Tehama,103,63373,12092,2576,14668,207
2022-05-02,Trinity,105,12862,1186,288,1474,20
2022-05-02,Tulare,107,460477,106799,27803,134602,1500
2022-05-02,Tuolumne,109,53932,12873,585,13458,183
2022-05-02,Ventura,111,848112,175410,9761,185171,1510
2022-05-02,Yolo,113,214977,38120,2986,41106,362
2022-05-02,Yuba,115,75493,15952,1215,17167,126
2022-05-01,Alameda,001,1643700,265806,14298,280104,1867
2022-05-01,Alpine,002,1148,125,1,126,0
2022-05-01,Amador,005,37829,8592,659,9251,86
2022-05-01,Butte,007,227075,33437,7147,40584,434
2022-05-01,Calaveras,009,45235,7347,357,7704,120
2022-05-01,Colusa,011,21464,3464,1049,4513,21
2022-05-01,Contra Costa,013,1133247,197382,13943,211325,1308
2022-05-01,Del Norte,015,27424,5893,191,6084,49
2022-05-01,El Dorado,017,186661,27069,3240,30309,216
2022-05-01,Fresno,019,978130,236451,24565,261016,2770
2022-05-01,Glenn,021,27897,5015,1616,6631,56
2022-05-01,Humboldt,023,135768,17419,3081,20500,147
2022-05-01,Imperial,025,180216,55681,10585,66266,945
2022-05-01,Inyo,027,18085,4090,497,4587,56
2022-05-01,Kern,029,883053,192652,46059,238711,2347
2022-05-01,Kings,031,150075,51678,3531,55209,449
2022-05-01,Lake,033,64148,10787,893,11680,140
2022-05-01,Lassen,035,31185,8974,876,9850,62
2022-05-01,Los Angeles,037,10098052,2754041,125665,2879706,31927
2022-05-01,Madera,039,155013,37443,6056,43499,371
2022-05-01,Marin,041,260295,26426,2804,29230,239
2022-05-01,Mariposa,043,17540,2441,206,2647,28
2022-05-01,Mendocino,045,87422,13263,3132,16395,126
2022-05-01,Merced,047,269075,63779,9045,72824,825
2022-05-01,Modoc,049,8938,741,251,992,8
2022-05-01,Mono,051,14174,2994,132,3126,6
2022-05-01,Monterey,053,433212,80333,14050,94383,733
2022-05-01,Napa,055,140530,26556,1025,27581,144
2022-05-01,Nevada,057,99092,16171,1232,17403,131
2022-05-01,Orange,059,3164182,554947,42780,597727,7130
2022-05-01,Placer,061,380077,63647,7461,71108,627
2022-05-01,Plumas,063,18699,2993,365,3358,13
2022-05-01,Riverside,065,2383286,596300,28168,624468,6469
2022-05-01,Sacramento,067,1510023,284523,27271,311794,3075
2022-05-01,San Benito,069,59416,13089,528,13617,95
2022-05-01,San Bernardino,071,2135413,578821,25170,603991,7836
2022-05-01,San Diego,073,3302833,761872,53641,815513,5358
2022-05-01,San Francisco,075,870044,132344,8721,141065,876
2022-05-01,San Joaquin,077,732212,168095,10098,178193,2252
2022-05-01,San Luis Obispo,079,281455,53218,3873,57091,483
2022-05-01,San Mateo,081,765935,127488,7370,134858,715
2022-05-01,Santa Barbara,083,443738,87196,4788,91984,693
2022-05-01,Santa Clara,085,1922200,326932,12959,339891,2322
2022-05-01,Santa Cruz,087,273765,49731,2167,51898,261
2022-05-01,Shasta,089,179085,30729,6113,36842,563
2022-05-01,Sierra,091,2930,275,49,324,4
2022-05-01,Siskiyou,093,43540,4455,2743,7198,83
2022-05-01,Solano,095,438530,83110,5688,88798,450
2022-05-01,Sonoma,097,501317,86067,2957,89024,493
2022-05-01,Stanislaus,099,539301,118385,17971,136356,1695
2022-05-01,Sutter,101,95872,20610,2102,22712,227
2022-05-01,Tehama,103,63373,12091,2575,14666,207
2022-05-01,Trinity,105,12862,1186,288,1474,20
2022-05-01,Tulare,107,460477,106766,27782,134548,1499
2022-05-01,Tuolumne,109,53932,12853,579,13432,183
2022-05-01,Ventura,111,848112,175238,9708,184946,1510
2022-05-01,Yolo,113,214977,38055,2976,41031,362
2022-05-01,Yuba,115,75493,15942,1213,17155,126
2022-04-30,Alameda,001,1643700,265397,14281,279678,1867
2022-04-30,Alpine,002,1148,125,1,126,0
2022-04-30,Amador,005,37829,8590,659,9249,86
2022-04-30,Butte,007,227075,33431,7143,40574,434
2022-04-30,Calaveras,009,45235,7344,356,7700,120
2022-04-30,Colusa,011,21464,3463,1049,4512,21
2022-04-30,Contra Costa,013,1133247,197135,13933,211068,1308
2022-04-30,Del Norte,015,27424,5888,191,6079,49
2022-04-30,El Dorado,017,186661,27050,3236,30286,216
2022-04-30,Fresno,019,978130,236404,24558,260962,2769
2022-04-30,Glenn,021,27897,5014,1615,6629,56
2022-04-30,Humboldt,023,135768,17376,3072,20448,147
2022-04-30,Imperial,025,180216,55668,10582,66250,945
2022-04-30,Inyo,027,18085,4090,497,4587,56
2022-04-30,Kern,029,883053,192616,46041,238657,2347
2022-04-30,Kings,031,150075,51672,3530,55202,449
2022-04-30,Lake,033,64148,10784,893,11677,140
2022-04-30,Lassen,035,31185,8974,876,9850,62
2022-04-30,Los Angeles,037,10098052,2752659,125489,2878148,31924
2022-04-30,Madera,039,155013,37432,6055,43487,371
2022-04-30,Marin,041,260295,26380,2774,29154,239
2022-04-30,Mariposa,043,17540,2439,205,2644,28
2022-04-30,Mendocino,045,87422,13259,3132,16391,126
2022-04-30,Merced,047,269075,63764,9043,72807,825
2022-04-30,Modoc,049,8938,741,251,992,8
2022-04-30,Mono,051,14174,2993,130,3123,6
2022-04-30,Monterey,053,433212,80265,14027,94292,733
2022-04-30,Napa,055,140530,26533,1024,27557,144
2022-04-30,Nevada,057,99092,16156,1231,17387,131
2022-04-30,Orange,059,3164182,554680,42737,597417,7130
2022-04-30,Placer,061,380077,63601,7453,71054,627
2022-04-30,Plumas,063,18699,2990,365,3355,13
2022-04-30,Riverside,065,2383286,596055,28150,624205,6468
2022-04-30,Sacramento,067,1510023,284401,27258,311659,3074
2022-04-30,San Benito,069,59416,13086,528,13614,95
2022-04-30,San Bernardino,071,2135413,578646,25161,603807,7835
2022-04-30,San Diego,073,3302833,761498,53608,815106,5358
2022-04-30,San Francisco,075,870044,132055,8698,140753,876
2022-04-30,San Joaquin,077,732212,168040,10093,178133,2252
2022-04-30,San Luis Obispo,079,281455,53207,3870,57077,483
2022-04-30,San Mateo,081,765935,127269,7352,134621,714
2022-04-30,Santa Barbara,083,443738,87140,4785,91925,693
2022-04-30,Santa Clara,085,1922200,326358,12935,339293,2322
2022-04-30,Santa Cruz,087,273765,49685,2167,51852,261
2022-04-30,Shasta,089,179085,30722,6111,36833,563
2022-04-30,Sierra,091,2930,275,49,324,4
2022-04-30,Siskiyou,093,43540,4453,2742,7195,83
2022-04-30,Solano,095,438530,83091,5686,88777,450
2022-04-30,Sonoma,097,501317,85950,2945,88895,492
2022-04-30,Stanislaus,099,539301,118354,17965,136319,1695
2022-04-30,Sutter,101,95872,20605,2102,22707,227
2022-04-30,Tehama,103,63373,12087,2573,14660,207
2022-04-30,Trinity,105,12862,1186,288,1474,20
2022-04-30,Tulare,107,460477,106746,27770,134516,1498
2022-04-30,Tuolumne,109,53932,12844,579,13423,183
2022-04-30,Ventura,111,848112,175154,9676,184830,1510
2022-04-30,Yolo,113,214977,38009,2975,40984,362
2022-04-30,Yuba,115,75493,15936,1212,17148,126
2022-04-29,Alameda,001,1643700,265087,14267,279354,1867
2022-04-29,Alpine,002,1148,124,1,125,0
2022-04-29,Amador,005,37829,8583,657,9240,86
2022-04-29,Butte,007,227075,33426,7137,40563,434
2022-04-29,Calaveras,009,45235,7342,356,7698,120
2022-04-29,Colusa,011,21464,3462,1049,4511,21
2022-04-29,Contra Costa,013,1133247,196940,13914,210854,1307
2022-04-29,Del Norte,015,27424,5884,191,6075,49
2022-04-29,El Dorado,017,186661,27038,3234,30272,216
2022-04-29,Fresno,019,978130,236353,24550,260903,2768
2022-04-29,Glenn,021,27897,5014,1614,6628,56
2022-04-29,Humboldt,023,135768,17351,3064,20415,147
2022-04-29,Imperial,025,180216,55652,10581,66233,945
2022-04-29,Inyo,027,18085,4090,495,4585,56
2022-04-29,Kern,029,883053,192588,46030,238618,2347
2022-04-29,Kings,031,150075,51666,3530,55196,449
2022-04-29,Lake,033,64148,10783,893,11676,140
2022-04-29,Lassen,035,31185,8973,876,9849,62
2022-04-29,Los Angeles,037,10098052,2751364,125344,2876708,31923
2022-04-29,Madera,039,155013,37422,6054,43476,371
2022-04-29,Marin,041,260295,26315,2754,29069,239
2022-04-29,Mariposa,043,17540,2437,205,2642,28
2022-04-29,Mendocino,045,87422,13254,3131,16385,126
2022-04-29,Merced,047,269075,63752,9041,72793,823
2022-04-29,Modoc,049,8938,741,251,992,8
2022-04-29,Mono,051,14174,2993,130,3123,6
2022-04-29,Monterey,053,433212,80231,14013,94244,733
2022-04-29,Napa,055,140530,26505,1022,27527,144
2022-04-29,Nevada,057,99092,16149,1230,17379,131
2022-04-29,Orange,059,3164182,554413,42683,597096,7129
2022-04-29,Placer,061,380077,63571,7446,71017,627
2022-04-29,Plumas,063,18699,2989,365,3354,13
2022-04-29,Riverside,065,2383286,595835,28129,623964,6466
2022-04-29,Sacramento,067,1510023,284254,27250,311504,3074
2022-04-29,San Benito,069,59416,13081,528,13609,95
2022-04-29,San Bernardino,071,2135413,578488,25151,603639,7834
2022-04-29,San Diego,073,3302833,761082,53582,814664,5356
2022-04-29,San Francisco,075,870044,131832,8678,140510,875
2022-04-29,San Joaquin,077,732212,167985,10089,178074,2252
2022-04-29,San Luis Obispo,079,281455,53192,3865,57057,481
2022-04-29,San Mateo,081,765935,127070,7339,134409,714
2022-04-29,Santa Barbara,083,443738,87100,4783,91883,693
2022-04-29,Santa Clara,085,1922200,325847,12905,338752,2322
2022-04-29,Santa Cruz,087,273765,49629,2163,51792,261
2022-04-29,Shasta,089,179085,30720,6110,36830,563
2022-04-29,Sierra,091,2930,275,49,324,4
2022-04-29,Siskiyou,093,43540,4452,2742,7194,83
2022-04-29,Solano,095,438530,83034,5681,88715,450
2022-04-29,Sonoma,097,501317,85842,2932,88774,492
2022-04-29,Stanislaus,099,539301,118331,17959,136290,1695
2022-04-29,Sutter,101,95872,20598,2101,22699,227
2022-04-29,Tehama,103,63373,12085,2573,14658,207
2022-04-29,Trinity,105,12862,1186,288,1474,20
2022-04-29,Tulare,107,460477,106728,27753,134481,1498
2022-04-29,Tuolumne,109,53932,12837,576,13413,183
2022-04-29,Ventura,111,848112,175078,9654,184732,1510
2022-04-29,Yolo,113,214977,37976,2972,40948,361
2022-04-29,Yuba,115,75493,15931,1212,17143,126
2022-04-28,Alameda,001,1643700,264646,14231,278877,1866
2022-04-28,Alpine,002,1148,124,1,125,0
2022-04-28,Amador,005,37829,8580,657,9237,86
2022-04-28,Butte,007,227075,33417,7131,40548,433
2022-04-28,Calaveras,009,45235,7338,356,7694,120
2022-04-28,Colusa,011,21464,3462,1049,4511,21
2022-04-28,Contra Costa,013,1133247,196682,13873,210555,1307
2022-04-28,Del Norte,015,27424,5878,191,6069,49
2022-04-28,El Dorado,017,186661,27016,3230,30246,216
2022-04-28,Fresno,019,978130,236294,24541,260835,2768
2022-04-28,Glenn,021,27897,5011,1614,6625,56
2022-04-28,Humboldt,023,135768,17317,3048,20365,147
2022-04-28,Imperial,025,180216,55640,10576,66216,945
2022-04-28,Inyo,027,18085,4090,495,4585,56
2022-04-28,Kern,029,883053,192549,46016,238565,2347
2022-04-28,Kings,031,150075,51660,3530,55190,449
2022-04-28,Lake,033,64148,10779,893,11672,140
2022-04-28,Lassen,035,31185,8973,876,9849,62
2022-04-28,Los Angeles,037,10098052,2749306,125157,2874463,31917
2022-04-28,Madera,039,155013,37416,6051,43467,371
2022-04-28,Marin,041,260295,26265,2739,29004,239
2022-04-28,Mariposa,043,17540,2437,205,2642,28
2022-04-28,Mendocino,045,87422,13243,3114,16357,126
2022-04-28,Merced,047,269075,63731,9032,72763,822
2022-04-28,Modoc,049,8938,741,251,992,8
2022-04-28,Mono,051,14174,2991,130,3121,6
2022-04-28,Monterey,053,433212,80192,13989,94181,733
2022-04-28,Napa,055,140530,26474,1019,27493,144
2022-04-28,Nevada,057,99092,16141,1227,17368,131
2022-04-28,Orange,059,3164182,554054,42615,596669,7128
2022-04-28,Placer,061,380077,63524,7438,70962,627
2022-04-28,Plumas,063,18699,2988,365,3353,13
2022-04-28,Riverside,065,2383286,595553,28107,623660,6466
2022-04-28,Sacramento,067,1510023,284068,27208,311276,3072
2022-04-28,San Benito,069,59416,13071,526,13597,95
2022-04-28,San Bernardino,071,2135413,578288,25143,603431,7833
2022-04-28,San Diego,073,3302833,760542,53518,814060,5356
2022-04-28,San Francisco,075,870044,131527,8643,140170,875
2022-04-28,San Joaquin,077,732212,167915,10073,177988,2252
2022-04-28,San Luis Obispo,079,281455,53164,3847,57011,481
2022-04-28,San Mateo,081,765935,126822,7318,134140,714
2022-04-28,Santa Barbara,083,443738,87047,4780,91827,693
2022-04-28,Santa Clara,085,1922200,325303,12871,338174,2322
2022-04-28,Santa Cruz,087,273765,49532,2157,51689,261
2022-04-28,Shasta,089,179085,30712,6110,36822,563
2022-04-28,Sierra,091,2930,275,49,324,4
2022-04-28,Siskiyou,093,43540,4449,2742,7191,83
2022-04-28,Solano,095,438530,82950,5676,88626,450
2022-04-28,Sonoma,097,501317,85727,2918,88645,492
2022-04-28,Stanislaus,099,539301,118293,17952,136245,1695
2022-04-28,Sutter,101,95872,20588,2098,22686,227
2022-04-28,Tehama,103,63373,12084,2572,14656,207
2022-04-28,Trinity,105,12862,1186,288,1474,20
2022-04-28,Tulare,107,460477,106705,27744,134449,1498
2022-04-28,Tuolumne,109,53932,12825,575,13400,183
2022-04-28,Ventura,111,848112,174989,9618,184607,1508
2022-04-28,Yolo,113,214977,37939,2969,40908,361
2022-04-28,Yuba,115,75493,15922,1210,17132,126
2022-04-27,Alameda,001,1643700,264165,14189,278354,1866
2022-04-27,Alpine,002,1148,124,1,125,0
2022-04-27,Amador,005,37829,8579,657,9236,86
2022-04-27,Butte,007,227075,33406,7126,40532,432
2022-04-27,Calaveras,009,45235,7335,356,7691,120
2022-04-27,Colusa,011,21464,3462,1049,4511,21
2022-04-27,Contra Costa,013,1133247,196417,13843,210260,1307
2022-04-27,Del Norte,015,27424,5873,191,6064,49
2022-04-27,El Dorado,017,186661,27004,3225,30229,215
2022-04-27,Fresno,019,978130,236227,24528,260755,2768
2022-04-27,Glenn,021,27897,5011,1614,6625,56
2022-04-27,Humboldt,023,135768,17287,3037,20324,147
2022-04-27,Imperial,025,180216,55622,10573,66195,945
2022-04-27,Inyo,027,18085,4089,494,4583,56
2022-04-27,Kern,029,883053,192513,45997,238510,2347
2022-04-27,Kings,031,150075,51655,3529,55184,449
2022-04-27,Lake,033,64148,10775,893,11668,140
2022-04-27,Lassen,035,31185,8972,876,9848,62
2022-04-27,Los Angeles,037,10098052,2746996,124969,2871965,31915
2022-04-27,Madera,039,155013,37406,6050,43456,371
2022-04-27,Marin,041,260295,26204,2725,28929,239
2022-04-27,Mariposa,043,17540,2435,205,2640,28
2022-04-27,Mendocino,045,87422,13236,3106,16342,126
2022-04-27,Merced,047,269075,63717,9027,72744,822
2022-04-27,Modoc,049,8938,741,251,992,8
2022-04-27,Mono,051,14174,2991,130,3121,6
2022-04-27,Monterey,053,433212,80150,13950,94100,732
2022-04-27,Napa,055,140530,26445,1014,27459,144
2022-04-27,Nevada,057,99092,16125,1224,17349,131
2022-04-27,Orange,059,3164182,553679,42554,596233,7126
2022-04-27,Placer,061,380077,63482,7423,70905,627
2022-04-27,Plumas,063,18699,2987,365,3352,13
2022-04-27,Riverside,065,2383286,595287,28091,623378,6466
2022-04-27,Sacramento,067,1510023,283865,27175,311040,3071
2022-04-27,San Benito,069,59416,13058,524,13582,95
2022-04-27,San Bernardino,071,2135413,578090,25136,603226,7833
2022-04-27,San Diego,073,3302833,759968,53455,813423,5356
2022-04-27,San Francisco,075,870044,131173,8618,139791,875
2022-04-27,San Joaquin,077,732212,167838,10058,177896,2252
2022-04-27,San Luis Obispo,079,281455,53119,3836,56955,481
2022-04-27,San Mateo,081,765935,126587,7267,133854,714
2022-04-27,Santa Barbara,083,443738,86983,4773,91756,693
2022-04-27,Santa Clara,085,1922200,324732,12826,337558,2320
2022-04-27,Santa Cruz,087,273765,49447,2150,51597,261
2022-04-27,Shasta,089,179085,30701,6107,36808,563
2022-04-27,Sierra,091,2930,274,49,323,4
2022-04-27,Siskiyou,093,43540,4449,2738,7187,83
2022-04-27,Solano,095,438530,82836,5668,88504,450
2022-04-27,Sonoma,097,501317,85618,2900,88518,492
2022-04-27,Stanislaus,099,539301,118251,17942,136193,1695
2022-04-27,Sutter,101,95872,20584,2094,22678,227
2022-04-27,Tehama,103,63373,12084,2572,14656,207
2022-04-27,Trinity,105,12862,1186,288,1474,20
2022-04-27,Tulare,107,460477,106688,27735,134423,1498
2022-04-27,Tuolumne,109,53932,12808,574,13382,183
2022-04-27,Ventura,111,848112,174885,9603,184488,1508
2022-04-27,Yolo,113,214977,37890,2964,40854,361
2022-04-27,Yuba,115,75493,15918,1205,17123,126
2022-04-26,Alameda,001,1643700,263642,14152,277794,1866
2022-04-26,Alpine,002,1148,124,1,125,0
2022-04-26,Amador,005,37829,8576,656,9232,86
2022-04-26,Butte,007,227075,33389,7119,40508,432
2022-04-26,Calaveras,009,45235,7331,355,7686,120
2022-04-26,Colusa,011,21464,3462,1049,4511,21
2022-04-26,Contra Costa,013,1133247,196155,13806,209961,1306
2022-04-26,Del Norte,015,27424,5865,191,6056,49
2022-04-26,El Dorado,017,186661,26982,3221,30203,215
2022-04-26,Fresno,019,978130,236146,24518,260664,2768
2022-04-26,Glenn,021,27897,5011,1613,6624,56
2022-04-26,Humboldt,023,135768,17256,3031,20287,147
2022-04-26,Imperial,025,180216,55602,10568,66170,945
2022-04-26,Inyo,027,18085,4089,494,4583,56
2022-04-26,Kern,029,883053,192466,45972,238438,2347
2022-04-26,Kings,031,150075,51649,3529,55178,449
2022-04-26,Lake,033,64148,10768,893,11661,140
2022-04-26,Lassen,035,31185,8967,876,9843,62
2022-04-26,Los Angeles,037,10098052,2744616,124782,2869398,31909
2022-04-26,Madera,039,155013,37398,6043,43441,371
2022-04-26,Marin,041,260295,26150,2706,28856,239
2022-04-26,Mariposa,043,17540,2435,205,2640,28
2022-04-26,Mendocino,045,87422,13232,3100,16332,126
2022-04-26,Merced,047,269075,63694,9010,72704,822
2022-04-26,Modoc,049,8938,741,251,992,8
2022-04-26,Mono,051,14174,2991,129,3120,6
2022-04-26,Monterey,053,433212,80096,13911,94007,732
2022-04-26,Napa,055,140530,26413,1010,27423,144
2022-04-26,Nevada,057,99092,16116,1224,17340,131
2022-04-26,Orange,059,3164182,553266,42494,595760,7125
2022-04-26,Placer,061,380077,63449,7419,70868,627
2022-04-26,Plumas,063,18699,2987,365,3352,13
2022-04-26,Riverside,065,2383286,594977,28065,623042,6466
2022-04-26,Sacramento,067,1510023,283627,27152,310779,3071
2022-04-26,San Benito,069,59416,13054,523,13577,95
2022-04-26,San Bernardino,071,2135413,577880,25122,603002,7832
2022-04-26,San Diego,073,3302833,759309,53350,812659,5356
2022-04-26,San Francisco,075,870044,130774,8593,139367,875
2022-04-26,San Joaquin,077,732212,167777,10048,177825,2251
2022-04-26,San Luis Obispo,079,281455,53090,3825,56915,481
2022-04-26,San Mateo,081,765935,126309,7238,133547,714
2022-04-26,Santa Barbara,083,443738,86922,4769,91691,693
2022-04-26,Santa Clara,085,1922200,324170,12782,336952,2318
2022-04-26,Santa Cruz,087,273765,49347,2147,51494,261
2022-04-26,Shasta,089,179085,30689,6107,36796,563
2022-04-26,Sierra,091,2930,274,49,323,4
2022-04-26,Siskiyou,093,43540,4447,2736,7183,83
2022-04-26,Solano,095,438530,82736,5657,88393,450
2022-04-26,Sonoma,097,501317,85512,2884,88396,492
2022-04-26,Stanislaus,099,539301,118216,17932,136148,1695
2022-04-26,Sutter,101,95872,20574,2094,22668,227
2022-04-26,Tehama,103,63373,12075,2572,14647,207
2022-04-26,Trinity,105,12862,1186,288,1474,20
2022-04-26,Tulare,107,460477,106661,27720,134381,1498
2022-04-26,Tuolumne,109,53932,12789,572,13361,183
2022-04-26,Ventura,111,848112,174776,9577,184353,1506
2022-04-26,Yolo,113,214977,37831,2959,40790,361
2022-04-26,Yuba,115,75493,15916,1205,17121,126
2022-04-25,Alameda,001,1643700,263129,14111,277240,1866
2022-04-25,Alpine,002,1148,124,1,125,0
2022-04-25,Amador,005,37829,8573,656,9229,86
2022-04-25,Butte,007,227075,33373,7110,40483,432
2022-04-25,Calaveras,009,45235,7328,355,7683,120
2022-04-25,Colusa,011,21464,3462,1049,4511,21
2022-04-25,Contra Costa,013,1133247,195891,13769,209660,1306
2022-04-25,Del Norte,015,27424,5859,189,6048,49
2022-04-25,El Dorado,017,186661,26960,3219,30179,215
2022-04-25,Fresno,019,978130,236054,24506,260560,2768
2022-04-25,Glenn,021,27897,5011,1613,6624,56
2022-04-25,Humboldt,023,135768,17214,3023,20237,147
2022-04-25,Imperial,025,180216,55582,10563,66145,945
2022-04-25,Inyo,027,18085,4089,494,4583,56
2022-04-25,Kern,029,883053,192422,45954,238376,2347
2022-04-25,Kings,031,150075,51640,3528,55168,449
2022-04-25,Lake,033,64148,10765,892,11657,140
2022-04-25,Lassen,035,31185,8966,876,9842,62
2022-04-25,Los Angeles,037,10098052,2742236,124618,2866854,31906
2022-04-25,Madera,039,155013,37384,6039,43423,371
2022-04-25,Marin,041,260295,26086,2682,28768,239
2022-04-25,Mariposa,043,17540,2435,204,2639,28
2022-04-25,Mendocino,045,87422,13222,3083,16305,126
2022-04-25,Merced,047,269075,63680,9008,72688,822
2022-04-25,Modoc,049,8938,741,251,992,8
2022-04-25,Mono,051,14174,2991,129,3120,6
2022-04-25,Monterey,053,433212,80057,13885,93942,732
2022-04-25,Napa,055,140530,26372,1008,27380,144
2022-04-25,Nevada,057,99092,16110,1222,17332,131
2022-04-25,Orange,059,3164182,552852,42431,595283,7125
2022-04-25,Placer,061,380077,63414,7415,70829,627
2022-04-25,Plumas,063,18699,2985,365,3350,13
2022-04-25,Riverside,065,2383286,594712,28048,622760,6466
2022-04-25,Sacramento,067,1510023,283462,27121,310583,3070
2022-04-25,San Benito,069,59416,13047,523,13570,95
2022-04-25,San Bernardino,071,2135413,577650,25105,602755,7830
2022-04-25,San Diego,073,3302833,758632,53272,811904,5356
2022-04-25,San Francisco,075,870044,130412,8571,138983,875
2022-04-25,San Joaquin,077,732212,167693,10035,177728,2251
2022-04-25,San Luis Obispo,079,281455,53041,3817,56858,481
2022-04-25,San Mateo,081,765935,126034,7220,133254,713
2022-04-25,Santa Barbara,083,443738,86861,4763,91624,693
2022-04-25,Santa Clara,085,1922200,323523,12738,336261,2318
2022-04-25,Santa Cruz,087,273765,49205,2138,51343,261
2022-04-25,Shasta,089,179085,30677,6104,36781,563
2022-04-25,Sierra,091,2930,274,49,323,4
2022-04-25,Siskiyou,093,43540,4447,2735,7182,83
2022-04-25,Solano,095,438530,82618,5646,88264,450
2022-04-25,Sonoma,097,501317,85388,2866,88254,492
2022-04-25,Stanislaus,099,539301,118170,17925,136095,1695
2022-04-25,Sutter,101,95872,20571,2094,22665,226
2022-04-25,Tehama,103,63373,12075,2572,14647,207
2022-04-25,Trinity,105,12862,1185,288,1473,20
2022-04-25,Tulare,107,460477,106636,27710,134346,1497
2022-04-25,Tuolumne,109,53932,12779,572,13351,183
2022-04-25,Ventura,111,848112,174666,9553,184219,1506
2022-04-25,Yolo,113,214977,37768,2955,40723,361
2022-04-25,Yuba,115,75493,15906,1204,17110,126
2022-04-24,Alameda,001,1643700,262546,14066,276612,1865
2022-04-24,Alpine,002,1148,124,1,125,0
2022-04-24,Amador,005,37829,8564,655,9219,86
2022-04-24,Butte,007,227075,33356,7103,40459,432
2022-04-24,Calaveras,009,45235,7319,353,7672,120
2022-04-24,Colusa,011,21464,3461,1049,4510,21
2022-04-24,Contra Costa,013,1133247,195587,13736,209323,1305
2022-04-24,Del Norte,015,27424,5850,187,6037,49
2022-04-24,El Dorado,017,186661,26942,3217,30159,215
2022-04-24,Fresno,019,978130,235973,24493,260466,2767
2022-04-24,Glenn,021,27897,5011,1611,6622,56
2022-04-24,Humboldt,023,135768,17189,3009,20198,147
2022-04-24,Imperial,025,180216,55570,10555,66125,945
2022-04-24,Inyo,027,18085,4085,493,4578,56
2022-04-24,Kern,029,883053,192369,45940,238309,2347
2022-04-24,Kings,031,150075,51631,3528,55159,449
2022-04-24,Lake,033,64148,10757,889,11646,140
2022-04-24,Lassen,035,31185,8965,876,9841,62
2022-04-24,Los Angeles,037,10098052,2739895,124473,2864368,31901
2022-04-24,Madera,039,155013,37369,6033,43402,371
2022-04-24,Marin,041,260295,26032,2648,28680,239
2022-04-24,Mariposa,043,17540,2432,204,2636,28
2022-04-24,Mendocino,045,87422,13217,3071,16288,126
2022-04-24,Merced,047,269075,63656,8999,72655,822
2022-04-24,Modoc,049,8938,741,251,992,8
2022-04-24,Mono,051,14174,2989,129,3118,6
2022-04-24,Monterey,053,433212,80004,13852,93856,732
2022-04-24,Napa,055,140530,26333,1007,27340,144
2022-04-24,Nevada,057,99092,16094,1220,17314,131
2022-04-24,Orange,059,3164182,552428,42368,594796,7125
2022-04-24,Placer,061,380077,63362,7408,70770,627
2022-04-24,Plumas,063,18699,2983,365,3348,13
2022-04-24,Riverside,065,2383286,594433,28013,622446,6464
2022-04-24,Sacramento,067,1510023,283252,27086,310338,3070
2022-04-24,San Benito,069,59416,13043,523,13566,95
2022-04-24,San Bernardino,071,2135413,577416,25083,602499,7828
2022-04-24,San Diego,073,3302833,758003,53209,811212,5355
2022-04-24,San Francisco,075,870044,129967,8545,138512,875
2022-04-24,San Joaquin,077,732212,167607,9998,177605,2251
2022-04-24,San Luis Obispo,079,281455,52965,3807,56772,481
2022-04-24,San Mateo,081,765935,125717,7191,132908,713
2022-04-24,Santa Barbara,083,443738,86792,4761,91553,691
2022-04-24,Santa Clara,085,1922200,322837,12687,335524,2317
2022-04-24,Santa Cruz,087,273765,49091,2132,51223,261
2022-04-24,Shasta,089,179085,30666,6102,36768,563
2022-04-24,Sierra,091,2930,274,49,323,4
2022-04-24,Siskiyou,093,43540,4445,2733,7178,83
2022-04-24,Solano,095,438530,82508,5637,88145,450
2022-04-24,Sonoma,097,501317,85252,2844,88096,492
2022-04-24,Stanislaus,099,539301,118118,17919,136037,1695
2022-04-24,Sutter,101,95872,20562,2091,22653,226
2022-04-24,Tehama,103,63373,12071,2572,14643,207
2022-04-24,Trinity,105,12862,1185,288,1473,20
2022-04-24,Tulare,107,460477,106606,27699,134305,1496
2022-04-24,Tuolumne,109,53932,12766,571,13337,183
2022-04-24,Ventura,111,848112,174554,9532,184086,1506
2022-04-24,Yolo,113,214977,37728,2952,40680,361
2022-04-24,Yuba,115,75493,15902,1204,17106,126
2022-04-23,Alameda,001,1643700,262298,14054,276352,1864
2022-04-23,Alpine,002,1148,124,1,125,0
2022-04-23,Amador,005,37829,8558,655,9213,86
2022-04-23,Butte,007,227075,33347,7100,40447,432
2022-04-23,Calaveras,009,45235,7311,353,7664,120
2022-04-23,Colusa,011,21464,3461,1049,4510,21
2022-04-23,Contra Costa,013,1133247,195431,13718,209149,1305
2022-04-23,Del Norte,015,27424,5848,186,6034,49
2022-04-23,El Dorado,017,186661,26932,3216,30148,215
2022-04-23,Fresno,019,978130,235940,24487,260427,2766
2022-04-23,Glenn,021,27897,5011,1611,6622,56
2022-04-23,Humboldt,023,135768,17173,3006,20179,147
2022-04-23,Imperial,025,180216,55559,10554,66113,945
2022-04-23,Inyo,027,18085,4085,492,4577,56
2022-04-23,Kern,029,883053,192341,45926,238267,2346
2022-04-23,Kings,031,150075,51626,3527,55153,449
2022-04-23,Lake,033,64148,10756,889,11645,140
2022-04-23,Lassen,035,31185,8965,876,9841,62
2022-04-23,Los Angeles,037,10098052,2738949,124368,2863317,31894
2022-04-23,Madera,039,155013,37362,6032,43394,371
2022-04-23,Marin,041,260295,25997,2602,28599,239
2022-04-23,Mariposa,043,17540,2432,204,2636,28
2022-04-23,Mendocino,045,87422,13210,3071,16281,126
2022-04-23,Merced,047,269075,63646,8999,72645,822
2022-04-23,Modoc,049,8938,741,251,992,8
2022-04-23,Mono,051,14174,2989,129,3118,6
2022-04-23,Monterey,053,433212,79935,13837,93772,732
2022-04-23,Napa,055,140530,26311,1005,27316,144
2022-04-23,Nevada,057,99092,16088,1218,17306,131
2022-04-23,Orange,059,3164182,552209,42320,594529,7123
2022-04-23,Placer,061,380077,63332,7407,70739,627
2022-04-23,Plumas,063,18699,2983,365,3348,13
2022-04-23,Riverside,065,2383286,594297,28003,622300,6464
2022-04-23,Sacramento,067,1510023,283152,27082,310234,3068
2022-04-23,San Benito,069,59416,13042,523,13565,95
2022-04-23,San Bernardino,071,2135413,577294,25080,602374,7828
2022-04-23,San Diego,073,3302833,757740,53190,810930,5354
2022-04-23,San Francisco,075,870044,129761,8519,138280,875
2022-04-23,San Joaquin,077,732212,167566,9990,177556,2251
2022-04-23,San Luis Obispo,079,281455,52950,3803,56753,481
2022-04-23,San Mateo,081,765935,125554,7185,132739,713
2022-04-23,Santa Barbara,083,443738,86756,4760,91516,691
2022-04-23,Santa Clara,085,1922200,322455,12660,335115,2316
2022-04-23,Santa Cruz,087,273765,49041,2130,51171,261
2022-04-23,Shasta,089,179085,30663,6102,36765,563
2022-04-23,Sierra,091,2930,274,49,323,4
2022-04-23,Siskiyou,093,43540,4443,2733,7176,83
2022-04-23,Solano,095,438530,82480,5632,88112,450
2022-04-23,Sonoma,097,501317,85183,2835,88018,492
2022-04-23,Stanislaus,099,539301,118082,17917,135999,1694
2022-04-23,Sutter,101,95872,20556,2091,22647,226
2022-04-23,Tehama,103,63373,12070,2572,14642,207
2022-04-23,Trinity,105,12862,1185,288,1473,20
2022-04-23,Tulare,107,460477,106598,27689,134287,1496
2022-04-23,Tuolumne,109,53932,12761,571,13332,183
2022-04-23,Ventura,111,848112,174491,9524,184015,1506
2022-04-23,Yolo,113,214977,37700,2948,40648,361
2022-04-23,Yuba,115,75493,15900,1204,17104,126
2022-04-22,Alameda,001,1643700,262068,14035,276103,1862
2022-04-22,Alpine,002,1148,124,1,125,0
2022-04-22,Amador,005,37829,8557,653,9210,86
2022-04-22,Butte,007,227075,33341,7095,40436,432
2022-04-22,Calaveras,009,45235,7310,353,7663,120
2022-04-22,Colusa,011,21464,3461,1049,4510,21
2022-04-22,Contra Costa,013,1133247,195293,13702,208995,1304
2022-04-22,Del Norte,015,27424,5848,186,6034,49
2022-04-22,El Dorado,017,186661,26919,3212,30131,215
2022-04-22,Fresno,019,978130,235910,24483,260393,2766
2022-04-22,Glenn,021,27897,5009,1611,6620,56
2022-04-22,Humboldt,023,135768,17157,3000,20157,147
2022-04-22,Imperial,025,180216,55553,10554,66107,945
2022-04-22,Inyo,027,18085,4085,491,4576,56
2022-04-22,Kern,029,883053,192320,45923,238243,2346
2022-04-22,Kings,031,150075,51622,3526,55148,449
2022-04-22,Lake,033,64148,10755,889,11644,140
2022-04-22,Lassen,035,31185,8965,876,9841,62
2022-04-22,Los Angeles,037,10098052,2737869,124308,2862177,31892
2022-04-22,Madera,039,155013,37357,6031,43388,371
2022-04-22,Marin,041,260295,25960,2591,28551,239
2022-04-22,Mariposa,043,17540,2431,204,2635,28
2022-04-22,Mendocino,045,87422,13205,3066,16271,126
2022-04-22,Merced,047,269075,63639,8987,72626,822
2022-04-22,Modoc,049,8938,741,251,992,8
2022-04-22,Mono,051,14174,2989,128,3117,6
2022-04-22,Monterey,053,433212,79900,13823,93723,732
2022-04-22,Napa,055,140530,26292,1003,27295,144
2022-04-22,Nevada,057,99092,16088,1218,17306,131
2022-04-22,Orange,059,3164182,552024,42267,594291,7123
2022-04-22,Placer,061,380077,63309,7404,70713,627
2022-04-22,Plumas,063,18699,2983,365,3348,13
2022-04-22,Riverside,065,2383286,594153,27988,622141,6463
2022-04-22,Sacramento,067,1510023,283064,27070,310134,3068
2022-04-22,San Benito,069,59416,13037,523,13560,95
2022-04-22,San Bernardino,071,2135413,577181,25072,602253,7825
2022-04-22,San Diego,073,3302833,757421,53162,810583,5354
2022-04-22,San Francisco,075,870044,129594,8493,138087,875
2022-04-22,San Joaquin,077,732212,167535,9988,177523,2251
2022-04-22,San Luis Obispo,079,281455,52944,3802,56746,481
2022-04-22,San Mateo,081,765935,125387,7174,132561,713
2022-04-22,Santa Barbara,083,443738,86710,4759,91469,691
2022-04-22,Santa Clara,085,1922200,322108,12646,334754,2316
2022-04-22,Santa Cruz,087,273765,49001,2129,51130,261
2022-04-22,Shasta,089,179085,30657,6101,36758,563
2022-04-22,Sierra,091,2930,274,48,322,4
2022-04-22,Siskiyou,093,43540,4443,2733,7176,83
2022-04-22,Solano,095,438530,82423,5629,88052,450
2022-04-22,Sonoma,097,501317,85118,2831,87949,492
2022-04-22,Stanislaus,099,539301,118060,17912,135972,1692
2022-04-22,Sutter,101,95872,20550,2091,22641,225
2022-04-22,Tehama,103,63373,12065,2571,14636,207
2022-04-22,Trinity,105,12862,1185,287,1472,20
2022-04-22,Tulare,107,460477,106588,27681,134269,1496
2022-04-22,Tuolumne,109,53932,12755,569,13324,183
2022-04-22,Ventura,111,848112,174416,9513,183929,1506
2022-04-22,Yolo,113,214977,37679,2946,40625,361
2022-04-22,Yuba,115,75493,15897,1203,17100,126
2022-04-21,Alameda,001,1643700,261706,13999,275705,1860
2022-04-21,Alpine,002,1148,124,1,125,0
2022-04-21,Amador,005,37829,8554,653,9207,86
2022-04-21,Butte,007,227075,33334,7087,40421,432
2022-04-21,Calaveras,009,45235,7307,353,7660,120
2022-04-21,Colusa,011,21464,3460,1049,4509,21
2022-04-21,Contra Costa,013,1133247,195097,13681,208778,1304
2022-04-21,Del Norte,015,27424,5847,186,6033,49
2022-04-21,El Dorado,017,186661,26903,3211,30114,215
2022-04-21,Fresno,019,978130,235867,24474,260341,2766
2022-04-21,Glenn,021,27897,5009,1610,6619,56
2022-04-21,Humboldt,023,135768,17134,2992,20126,147
2022-04-21,Imperial,025,180216,55544,10554,66098,945
2022-04-21,Inyo,027,18085,4085,491,4576,56
2022-04-21,Kern,029,883053,192287,45908,238195,2346
2022-04-21,Kings,031,150075,51614,3526,55140,449
2022-04-21,Lake,033,64148,10752,889,11641,140
2022-04-21,Lassen,035,31185,8965,876,9841,62
2022-04-21,Los Angeles,037,10098052,2736222,124195,2860417,31888
2022-04-21,Madera,039,155013,37354,6030,43384,371
2022-04-21,Marin,041,260295,25912,2581,28493,239
2022-04-21,Mariposa,043,17540,2430,204,2634,28
2022-04-21,Mendocino,045,87422,13198,3063,16261,125
2022-04-21,Merced,047,269075,63621,8984,72605,822
2022-04-21,Modoc,049,8938,741,251,992,8
2022-04-21,Mono,051,14174,2988,127,3115,6
2022-04-21,Monterey,053,433212,79873,13809,93682,731
2022-04-21,Napa,055,140530,26261,1002,27263,144
2022-04-21,Nevada,057,99092,16084,1218,17302,131
2022-04-21,Orange,059,3164182,551769,42230,593999,7121
2022-04-21,Placer,061,380077,63270,7400,70670,627
2022-04-21,Plumas,063,18699,2983,365,3348,13
2022-04-21,Riverside,065,2383286,593992,27970,621962,6463
2022-04-21,Sacramento,067,1510023,282915,27049,309964,3067
2022-04-21,San Benito,069,59416,13031,523,13554,95
2022-04-21,San Bernardino,071,2135413,576989,25060,602049,7825
2022-04-21,San Diego,073,3302833,756995,53118,810113,5354
2022-04-21,San Francisco,075,870044,129373,8466,137839,875
2022-04-21,San Joaquin,077,732212,167482,9983,177465,2251
2022-04-21,San Luis Obispo,079,281455,52924,3795,56719,481
2022-04-21,San Mateo,081,765935,125181,7157,132338,713
2022-04-21,Santa Barbara,083,443738,86651,4756,91407,691
2022-04-21,Santa Clara,085,1922200,321658,12624,334282,2316
2022-04-21,Santa Cruz,087,273765,48955,2127,51082,261
2022-04-21,Shasta,089,179085,30649,6101,36750,563
2022-04-21,Sierra,091,2930,274,48,322,4
2022-04-21,Siskiyou,093,43540,4443,2733,7176,83
2022-04-21,Solano,095,438530,82359,5623,87982,450
2022-04-21,Sonoma,097,501317,85003,2811,87814,492
2022-04-21,Stanislaus,099,539301,118021,17904,135925,1691
2022-04-21,Sutter,101,95872,20541,2089,22630,225
2022-04-21,Tehama,103,63373,12065,2571,14636,207
2022-04-21,Trinity,105,12862,1185,287,1472,20
2022-04-21,Tulare,107,460477,106580,27677,134257,1496
2022-04-21,Tuolumne,109,53932,12750,569,13319,183
2022-04-21,Ventura,111,848112,174334,9507,183841,1506
2022-04-21,Yolo,113,214977,37649,2946,40595,361
2022-04-21,Yuba,115,75493,15895,1203,17098,126
2022-04-20,Alameda,001,1643700,261340,13973,275313,1860
2022-04-20,Alpine,002,1148,124,1,125,0
2022-04-20,Amador,005,37829,8552,653,9205,86
2022-04-20,Butte,007,227075,33318,7080,40398,431
2022-04-20,Calaveras,009,45235,7301,352,7653,120
2022-04-20,Colusa,011,21464,3460,1049,4509,21
2022-04-20,Contra Costa,013,1133247,194862,13656,208518,1304
2022-04-20,Del Norte,015,27424,5841,186,6027,49
2022-04-20,El Dorado,017,186661,26888,3207,30095,215
2022-04-20,Fresno,019,978130,235817,24473,260290,2766
2022-04-20,Glenn,021,27897,5008,1607,6615,56
2022-04-20,Humboldt,023,135768,17112,2988,20100,147
2022-04-20,Imperial,025,180216,55536,10551,66087,945
2022-04-20,Inyo,027,18085,4085,490,4575,56
2022-04-20,Kern,029,883053,192252,45892,238144,2345
2022-04-20,Kings,031,150075,51605,3524,55129,449
2022-04-20,Lake,033,64148,10752,889,11641,140
2022-04-20,Lassen,035,31185,8965,876,9841,62
2022-04-20,Los Angeles,037,10098052,2734484,124076,2858560,31887
2022-04-20,Madera,039,155013,37351,6027,43378,371
2022-04-20,Marin,041,260295,25871,2558,28429,239
2022-04-20,Mariposa,043,17540,2428,204,2632,28
2022-04-20,Mendocino,045,87422,13192,3055,16247,125
2022-04-20,Merced,047,269075,63611,8972,72583,822
2022-04-20,Modoc,049,8938,741,251,992,8
2022-04-20,Mono,051,14174,2988,127,3115,6
2022-04-20,Monterey,053,433212,79828,13790,93618,731
2022-04-20,Napa,055,140530,26225,998,27223,144
2022-04-20,Nevada,057,99092,16074,1215,17289,131
2022-04-20,Orange,059,3164182,551440,42184,593624,7120
2022-04-20,Placer,061,380077,63242,7394,70636,627
2022-04-20,Plumas,063,18699,2983,365,3348,13
2022-04-20,Riverside,065,2383286,593800,27948,621748,6463
2022-04-20,Sacramento,067,1510023,282767,27030,309797,3066
2022-04-20,San Benito,069,59416,13025,520,13545,95
2022-04-20,San Bernardino,071,2135413,576782,25043,601825,7823
2022-04-20,San Diego,073,3302833,756554,53057,809611,5354
2022-04-20,San Francisco,075,870044,129064,8448,137512,874
2022-04-20,San Joaquin,077,732212,167414,9976,177390,2251
2022-04-20,San Luis Obispo,079,281455,52897,3788,56685,481
2022-04-20,San Mateo,081,765935,124962,7126,132088,712
2022-04-20,Santa Barbara,083,443738,86615,4750,91365,691
2022-04-20,Santa Clara,085,1922200,321247,12586,333833,2315
2022-04-20,Santa Cruz,087,273765,48891,2123,51014,261
2022-04-20,Shasta,089,179085,30646,6100,36746,563
2022-04-20,Sierra,091,2930,274,48,322,4
2022-04-20,Siskiyou,093,43540,4442,2732,7174,83
2022-04-20,Solano,095,438530,82288,5620,87908,450
2022-04-20,Sonoma,097,501317,84916,2787,87703,492
2022-04-20,Stanislaus,099,539301,117984,17893,135877,1691
2022-04-20,Sutter,101,95872,20534,2089,22623,225
2022-04-20,Tehama,103,63373,12063,2571,14634,207
2022-04-20,Trinity,105,12862,1185,287,1472,20
2022-04-20,Tulare,107,460477,106572,27666,134238,1496
2022-04-20,Tuolumne,109,53932,12745,568,13313,183
2022-04-20,Ventura,111,848112,174246,9498,183744,1506
2022-04-20,Yolo,113,214977,37599,2943,40542,361
2022-04-20,Yuba,115,75493,15891,1201,17092,126
2022-04-19,Alameda,001,1643700,260977,13944,274921,1860
2022-04-19,Alpine,002,1148,124,1,125,0
2022-04-19,Amador,005,37829,8548,650,9198,86
2022-04-19,Butte,007,227075,33311,7076,40387,431
2022-04-19,Calaveras,009,45235,7298,352,7650,120
2022-04-19,Colusa,011,21464,3460,1049,4509,21
2022-04-19,Contra Costa,013,1133247,194616,13638,208254,1303
2022-04-19,Del Norte,015,27424,5839,184,6023,49
2022-04-19,El Dorado,017,186661,26874,3204,30078,215
2022-04-19,Fresno,019,978130,235761,24463,260224,2766
2022-04-19,Glenn,021,27897,5007,1607,6614,56
2022-04-19,Humboldt,023,135768,17075,2977,20052,147
2022-04-19,Imperial,025,180216,55529,10548,66077,945
2022-04-19,Inyo,027,18085,4082,490,4572,56
2022-04-19,Kern,029,883053,192216,45882,238098,2345
2022-04-19,Kings,031,150075,51591,3523,55114,449
2022-04-19,Lake,033,64148,10748,888,11636,140
2022-04-19,Lassen,035,31185,8965,876,9841,62
2022-04-19,Los Angeles,037,10098052,2732691,123949,2856640,31880
2022-04-19,Madera,039,155013,37348,6026,43374,371
2022-04-19,Marin,041,260295,25820,2542,28362,239
2022-04-19,Mariposa,043,17540,2428,203,2631,28
2022-04-19,Mendocino,045,87422,13184,3044,16228,125
2022-04-19,Merced,047,269075,63593,8969,72562,822
2022-04-19,Modoc,049,8938,741,251,992,8
2022-04-19,Mono,051,14174,2988,127,3115,6
2022-04-19,Monterey,053,433212,79809,13777,93586,731
2022-04-19,Napa,055,140530,26200,989,27189,144
2022-04-19,Nevada,057,99092,16068,1213,17281,131
2022-04-19,Orange,059,3164182,551159,42140,593299,7118
2022-04-19,Placer,061,380077,63209,7389,70598,627
2022-04-19,Plumas,063,18699,2983,365,3348,13
2022-04-19,Riverside,065,2383286,593618,27936,621554,6462
2022-04-19,Sacramento,067,1510023,282592,27006,309598,3066
2022-04-19,San Benito,069,59416,13019,519,13538,95
2022-04-19,San Bernardino,071,2135413,576568,25021,601589,7820
2022-04-19,San Diego,073,3302833,756089,52992,809081,5354
2022-04-19,San Francisco,075,870044,128729,8431,137160,874
2022-04-19,San Joaquin,077,732212,167364,9972,177336,2251
2022-04-19,San Luis Obispo,079,281455,52861,3782,56643,481
2022-04-19,San Mateo,081,765935,124726,7106,131832,712
2022-04-19,Santa Barbara,083,443738,86561,4742,91303,691
2022-04-19,Santa Clara,085,1922200,320827,12558,333385,2314
2022-04-19,Santa Cruz,087,273765,48836,2121,50957,261
2022-04-19,Shasta,089,179085,30634,6099,36733,563
2022-04-19,Sierra,091,2930,274,48,322,4
2022-04-19,Siskiyou,093,43540,4441,2730,7171,83
2022-04-19,Solano,095,438530,82204,5613,87817,450
2022-04-19,Sonoma,097,501317,84814,2758,87572,492
2022-04-19,Stanislaus,099,539301,117958,17888,135846,1691
2022-04-19,Sutter,101,95872,20534,2089,22623,225
2022-04-19,Tehama,103,63373,12062,2571,14633,207
2022-04-19,Trinity,105,12862,1184,287,1471,20
2022-04-19,Tulare,107,460477,106557,27660,134217,1496
2022-04-19,Tuolumne,109,53932,12743,568,13311,183
2022-04-19,Ventura,111,848112,174153,9485,183638,1506
2022-04-19,Yolo,113,214977,37554,2941,40495,361
2022-04-19,Yuba,115,75493,15884,1201,17085,126
2022-04-18,Alameda,001,1643700,260589,13923,274512,1860
2022-04-18,Alpine,002,1148,124,1,125,0
2022-04-18,Amador,005,37829,8547,649,9196,86
2022-04-18,Butte,007,227075,33307,7071,40378,431
2022-04-18,Calaveras,009,45235,7294,351,7645,120
2022-04-18,Colusa,011,21464,3459,1049,4508,21
2022-04-18,Contra Costa,013,1133247,194382,13614,207996,1303
2022-04-18,Del Norte,015,27424,5834,184,6018,49
2022-04-18,El Dorado,017,186661,26857,3202,30059,215
2022-04-18,Fresno,019,978130,235718,24452,260170,2765
2022-04-18,Glenn,021,27897,5007,1606,6613,56
2022-04-18,Humboldt,023,135768,17046,2974,20020,147
2022-04-18,Imperial,025,180216,55517,10546,66063,945
2022-04-18,Inyo,027,18085,4082,490,4572,56
2022-04-18,Kern,029,883053,192171,45870,238041,2345
2022-04-18,Kings,031,150075,51586,3523,55109,449
2022-04-18,Lake,033,64148,10744,887,11631,140
2022-04-18,Lassen,035,31185,8965,876,9841,62
2022-04-18,Los Angeles,037,10098052,2730865,123835,2854700,31876
2022-04-18,Madera,039,155013,37340,6025,43365,371
2022-04-18,Marin,041,260295,25757,2519,28276,239
2022-04-18,Mariposa,043,17540,2426,203,2629,28
2022-04-18,Mendocino,045,87422,13167,3039,16206,125
2022-04-18,Merced,047,269075,63581,8963,72544,822
2022-04-18,Modoc,049,8938,740,251,991,8
2022-04-18,Mono,051,14174,2987,127,3114,6
2022-04-18,Monterey,053,433212,79734,13761,93495,731
2022-04-18,Napa,055,140530,26164,988,27152,144
2022-04-18,Nevada,057,99092,16058,1211,17269,131
2022-04-18,Orange,059,3164182,550869,42103,592972,7118
2022-04-18,Placer,061,380077,63175,7387,70562,627
2022-04-18,Plumas,063,18699,2983,365,3348,13
2022-04-18,Riverside,065,2383286,593408,27916,621324,6462
2022-04-18,Sacramento,067,1510023,282436,26994,309430,3066
2022-04-18,San Benito,069,59416,13013,519,13532,95
2022-04-18,San Bernardino,071,2135413,576357,25003,601360,7820
2022-04-18,San Diego,073,3302833,755619,52933,808552,5351
2022-04-18,San Francisco,075,870044,128411,8419,136830,874
2022-04-18,San Joaquin,077,732212,167304,9965,177269,2251
2022-04-18,San Luis Obispo,079,281455,52832,3777,56609,481
2022-04-18,San Mateo,081,765935,124493,7087,131580,712
2022-04-18,Santa Barbara,083,443738,86491,4737,91228,691
2022-04-18,Santa Clara,085,1922200,320381,12534,332915,2314
2022-04-18,Santa Cruz,087,273765,48731,2119,50850,260
2022-04-18,Shasta,089,179085,30628,6096,36724,563
2022-04-18,Sierra,091,2930,274,48,322,4
2022-04-18,Siskiyou,093,43540,4440,2729,7169,83
2022-04-18,Solano,095,438530,82139,5607,87746,450
2022-04-18,Sonoma,097,501317,84715,2743,87458,492
2022-04-18,Stanislaus,099,539301,117929,17885,135814,1691
2022-04-18,Sutter,101,95872,20532,2087,22619,225
2022-04-18,Tehama,103,63373,12058,2571,14629,207
2022-04-18,Trinity,105,12862,1184,287,1471,20
2022-04-18,Tulare,107,460477,106536,27652,134188,1496
2022-04-18,Tuolumne,109,53932,12736,567,13303,183
2022-04-18,Ventura,111,848112,174062,9475,183537,1505
2022-04-18,Yolo,113,214977,37496,2941,40437,361
2022-04-18,Yuba,115,75493,15875,1200,17075,126
2022-04-17,Alameda,001,1643700,260193,13899,274092,1858
2022-04-17,Alpine,002,1148,124,1,125,0
2022-04-17,Amador,005,37829,8542,647,9189,86
2022-04-17,Butte,007,227075,33304,7068,40372,431
2022-04-17,Calaveras,009,45235,7291,350,7641,120
2022-04-17,Colusa,011,21464,3458,1049,4507,21
2022-04-17,Contra Costa,013,1133247,194152,13578,207730,1303
2022-04-17,Del Norte,015,27424,5829,184,6013,49
2022-04-17,El Dorado,017,186661,26847,3200,30047,215
2022-04-17,Fresno,019,978130,235640,24447,260087,2764
2022-04-17,Glenn,021,27897,5007,1606,6613,56
2022-04-17,Humboldt,023,135768,17011,2968,19979,146
2022-04-17,Imperial,025,180216,55508,10545,66053,945
2022-04-17,Inyo,027,18085,4080,490,4570,56
2022-04-17,Kern,029,883053,192136,45855,237991,2345
2022-04-17,Kings,031,150075,51575,3521,55096,449
2022-04-17,Lake,033,64148,10743,887,11630,139
2022-04-17,Lassen,035,31185,8965,876,9841,62
2022-04-17,Los Angeles,037,10098052,2728882,123716,2852598,31875
2022-04-17,Madera,039,155013,37334,6025,43359,371
2022-04-17,Marin,041,260295,25690,2489,28179,239
2022-04-17,Mariposa,043,17540,2418,203,2621,28
2022-04-17,Mendocino,045,87422,13152,3035,16187,125
2022-04-17,Merced,047,269075,63561,8957,72518,821
2022-04-17,Modoc,049,8938,740,251,991,8
2022-04-17,Mono,051,14174,2986,127,3113,6
2022-04-17,Monterey,053,433212,79701,13741,93442,730
2022-04-17,Napa,055,140530,26119,982,27101,144
2022-04-17,Nevada,057,99092,16042,1206,17248,131
2022-04-17,Orange,059,3164182,550504,42052,592556,7116
2022-04-17,Placer,061,380077,63136,7380,70516,627
2022-04-17,Plumas,063,18699,2983,365,3348,13
2022-04-17,Riverside,065,2383286,593185,27897,621082,6461
2022-04-17,Sacramento,067,1510023,282273,26969,309242,3065
2022-04-17,San Benito,069,59416,13010,518,13528,95
2022-04-17,San Bernardino,071,2135413,576119,24990,601109,7820
2022-04-17,San Diego,073,3302833,755133,52865,807998,5350
2022-04-17,San Francisco,075,870044,128092,8403,136495,874
2022-04-17,San Joaquin,077,732212,167254,9959,177213,2251
2022-04-17,San Luis Obispo,079,281455,52763,3772,56535,481
2022-04-17,San Mateo,081,765935,124252,7073,131325,712
2022-04-17,Santa Barbara,083,443738,86432,4730,91162,691
2022-04-17,Santa Clara,085,1922200,319889,12508,332397,2314
2022-04-17,Santa Cruz,087,273765,48609,2117,50726,260
2022-04-17,Shasta,089,179085,30618,6092,36710,563
2022-04-17,Sierra,091,2930,274,48,322,4
2022-04-17,Siskiyou,093,43540,4435,2728,7163,83
2022-04-17,Solano,095,438530,82072,5601,87673,450
2022-04-17,Sonoma,097,501317,84603,2736,87339,492
2022-04-17,Stanislaus,099,539301,117899,17878,135777,1691
2022-04-17,Sutter,101,95872,20527,2086,22613,225
2022-04-17,Tehama,103,63373,12057,2571,14628,207
2022-04-17,Trinity,105,12862,1183,287,1470,20
2022-04-17,Tulare,107,460477,106522,27644,134166,1496
2022-04-17,Tuolumne,109,53932,12730,567,13297,183
2022-04-17,Ventura,111,848112,173965,9456,183421,1503
2022-04-17,Yolo,113,214977,37447,2939,40386,361
2022-04-17,Yuba,115,75493,15869,1200,17069,126
2022-04-16,Alameda,001,1643700,260040,13889,273929,1857
2022-04-16,Alpine,002,1148,124,1,125,0
2022-04-16,Amador,005,37829,8540,647,9187,86
2022-04-16,Butte,007,227075,33300,7066,40366,430
2022-04-16,Calaveras,009,45235,7289,350,7639,120
2022-04-16,Colusa,011,21464,3458,1049,4507,21
2022-04-16,Contra Costa,013,1133247,194061,13572,207633,1303
2022-04-16,Del Norte,015,27424,5829,184,6013,49
2022-04-16,El Dorado,017,186661,26836,3200,30036,215
2022-04-16,Fresno,019,978130,235612,24446,260058,2763
2022-04-16,Glenn,021,27897,5007,1606,6613,56
2022-04-16,Humboldt,023,135768,17003,2963,19966,146
2022-04-16,Imperial,025,180216,55502,10544,66046,945
2022-04-16,Inyo,027,18085,4080,490,4570,56
2022-04-16,Kern,029,883053,192125,45843,237968,2345
2022-04-16,Kings,031,150075,51572,3521,55093,449
2022-04-16,Lake,033,64148,10741,887,11628,139
2022-04-16,Lassen,035,31185,8965,876,9841,62
2022-04-16,Los Angeles,037,10098052,2728165,123666,2851831,31871
2022-04-16,Madera,039,155013,37332,6025,43357,371
2022-04-16,Marin,041,260295,25652,2463,28115,239
2022-04-16,Mariposa,043,17540,2417,203,2620,28
2022-04-16,Mendocino,045,87422,13146,3035,16181,125
2022-04-16,Merced,047,269075,63558,8956,72514,820
2022-04-16,Modoc,049,8938,740,251,991,8
2022-04-16,Mono,051,14174,2986,127,3113,6
2022-04-16,Monterey,053,433212,79686,13732,93418,730
2022-04-16,Napa,055,140530,26096,980,27076,144
2022-04-16,Nevada,057,99092,16039,1203,17242,131
2022-04-16,Orange,059,3164182,550388,42021,592409,7115
2022-04-16,Placer,061,380077,63119,7378,70497,627
2022-04-16,Plumas,063,18699,2981,365,3346,13
2022-04-16,Riverside,065,2383286,593105,27890,620995,6460
2022-04-16,Sacramento,067,1510023,282221,26966,309187,3063
2022-04-16,San Benito,069,59416,13009,518,13527,95
2022-04-16,San Bernardino,071,2135413,576019,24986,601005,7818
2022-04-16,San Diego,073,3302833,754985,52851,807836,5350
2022-04-16,San Francisco,075,870044,127935,8394,136329,874
2022-04-16,San Joaquin,077,732212,167213,9956,177169,2250
2022-04-16,San Luis Obispo,079,281455,52757,3771,56528,481
2022-04-16,San Mateo,081,765935,124146,7070,131216,712
2022-04-16,Santa Barbara,083,443738,86402,4730,91132,691
2022-04-16,Santa Clara,085,1922200,319648,12500,332148,2314
2022-04-16,Santa Cruz,087,273765,48581,2117,50698,260
2022-04-16,Shasta,089,179085,30614,6092,36706,562
2022-04-16,Sierra,091,2930,274,48,322,4
2022-04-16,Siskiyou,093,43540,4435,2728,7163,83
2022-04-16,Solano,095,438530,82057,5599,87656,450
2022-04-16,Sonoma,097,501317,84554,2727,87281,492
2022-04-16,Stanislaus,099,539301,117879,17873,135752,1691
2022-04-16,Sutter,101,95872,20523,2086,22609,225
2022-04-16,Tehama,103,63373,12056,2571,14627,207
2022-04-16,Trinity,105,12862,1183,287,1470,20
2022-04-16,Tulare,107,460477,106512,27642,134154,1496
2022-04-16,Tuolumne,109,53932,12729,567,13296,183
2022-04-16,Ventura,111,848112,173937,9452,183389,1503
2022-04-16,Yolo,113,214977,37439,2938,40377,361
2022-04-16,Yuba,115,75493,15865,1200,17065,126
2022-04-15,Alameda,001,1643700,259859,13881,273740,1857
2022-04-15,Alpine,002,1148,124,1,125,0
2022-04-15,Amador,005,37829,8539,645,9184,86
2022-04-15,Butte,007,227075,33298,7064,40362,430
2022-04-15,Calaveras,009,45235,7287,350,7637,119
2022-04-15,Colusa,011,21464,3458,1049,4507,21
2022-04-15,Contra Costa,013,1133247,193943,13565,207508,1303
2022-04-15,Del Norte,015,27424,5828,184,6012,49
2022-04-15,El Dorado,017,186661,26821,3199,30020,215
2022-04-15,Fresno,019,978130,235583,24445,260028,2763
2022-04-15,Glenn,021,27897,5006,1606,6612,56
2022-04-15,Humboldt,023,135768,16991,2962,19953,146
2022-04-15,Imperial,025,180216,55500,10544,66044,945
2022-04-15,Inyo,027,18085,4080,489,4569,56
2022-04-15,Kern,029,883053,192110,45833,237943,2344
2022-04-15,Kings,031,150075,51568,3521,55089,449
2022-04-15,Lake,033,64148,10736,887,11623,139
2022-04-15,Lassen,035,31185,8965,876,9841,62
2022-04-15,Los Angeles,037,10098052,2727387,123599,2850986,31865
2022-04-15,Madera,039,155013,37330,6025,43355,371
2022-04-15,Marin,041,260295,25618,2442,28060,239
2022-04-15,Mariposa,043,17540,2416,203,2619,28
2022-04-15,Mendocino,045,87422,13140,3033,16173,125
2022-04-15,Merced,047,269075,63554,8956,72510,820
2022-04-15,Modoc,049,8938,740,251,991,8
2022-04-15,Mono,051,14174,2981,126,3107,6
2022-04-15,Monterey,053,433212,79659,13726,93385,730
2022-04-15,Napa,055,140530,26079,979,27058,144
2022-04-15,Nevada,057,99092,16037,1202,17239,131
2022-04-15,Orange,059,3164182,550267,41989,592256,7114
2022-04-15,Placer,061,380077,63104,7377,70481,627
2022-04-15,Plumas,063,18699,2981,365,3346,13
2022-04-15,Riverside,065,2383286,593004,27884,620888,6460
2022-04-15,Sacramento,067,1510023,282142,26962,309104,3061
2022-04-15,San Benito,069,59416,13007,517,13524,95
2022-04-15,San Bernardino,071,2135413,575938,24983,600921,7817
2022-04-15,San Diego,073,3302833,754792,52832,807624,5350
2022-04-15,San Francisco,075,870044,127786,8378,136164,874
2022-04-15,San Joaquin,077,732212,167190,9954,177144,2250
2022-04-15,San Luis Obispo,079,281455,52749,3771,56520,481
2022-04-15,San Mateo,081,765935,124010,7063,131073,712
2022-04-15,Santa Barbara,083,443738,86369,4729,91098,691
2022-04-15,Santa Clara,085,1922200,319356,12491,331847,2314
2022-04-15,Santa Cruz,087,273765,48553,2116,50669,260
2022-04-15,Shasta,089,179085,30605,6092,36697,562
2022-04-15,Sierra,091,2930,274,48,322,4
2022-04-15,Siskiyou,093,43540,4433,2728,7161,83
2022-04-15,Solano,095,438530,82032,5599,87631,450
2022-04-15,Sonoma,097,501317,84501,2711,87212,491
2022-04-15,Stanislaus,099,539301,117859,17871,135730,1691
2022-04-15,Sutter,101,95872,20520,2086,22606,225
2022-04-15,Tehama,103,63373,12056,2571,14627,207
2022-04-15,Trinity,105,12862,1183,287,1470,20
2022-04-15,Tulare,107,460477,106506,27635,134141,1496
2022-04-15,Tuolumne,109,53932,12726,564,13290,183
2022-04-15,Ventura,111,848112,173908,9446,183354,1503
2022-04-15,Yolo,113,214977,37422,2938,40360,360
2022-04-15,Yuba,115,75493,15862,1200,17062,126
2022-04-14,Alameda,001,1643700,259596,13870,273466,1857
2022-04-14,Alpine,002,1148,124,1,125,0
2022-04-14,Amador,005,37829,8539,645,9184,86
2022-04-14,Butte,007,227075,33293,7061,40354,430
2022-04-14,Calaveras,009,45235,7286,350,7636,119
2022-04-14,Colusa,011,21464,3458,1049,4507,21
2022-04-14,Contra Costa,013,1133247,193787,13553,207340,1302
2022-04-14,Del Norte,015,27424,5827,184,6011,49
2022-04-14,El Dorado,017,186661,26818,3197,30015,215
2022-04-14,Fresno,019,978130,235556,24444,260000,2762
2022-04-14,Glenn,021,27897,5006,1604,6610,56
2022-04-14,Humboldt,023,135768,16976,2961,19937,146
2022-04-14,Imperial,025,180216,55490,10544,66034,945
2022-04-14,Inyo,027,18085,4080,488,4568,56
2022-04-14,Kern,029,883053,192091,45825,237916,2344
2022-04-14,Kings,031,150075,51560,3521,55081,448
2022-04-14,Lake,033,64148,10735,887,11622,139
2022-04-14,Lassen,035,31185,8965,875,9840,62
2022-04-14,Los Angeles,037,10098052,2726301,123510,2849811,31857
2022-04-14,Madera,039,155013,37328,6025,43353,371
2022-04-14,Marin,041,260295,25578,2421,27999,239
2022-04-14,Mariposa,043,17540,2415,203,2618,28
2022-04-14,Mendocino,045,87422,13135,3033,16168,124
2022-04-14,Merced,047,269075,63550,8955,72505,820
2022-04-14,Modoc,049,8938,739,251,990,8
2022-04-14,Mono,051,14174,2981,125,3106,6
2022-04-14,Monterey,053,433212,79634,13721,93355,730
2022-04-14,Napa,055,140530,26057,978,27035,144
2022-04-14,Nevada,057,99092,16030,1201,17231,131
2022-04-14,Orange,059,3164182,550074,41960,592034,7113
2022-04-14,Placer,061,380077,63086,7372,70458,627
2022-04-14,Plumas,063,18699,2981,365,3346,13
2022-04-14,Riverside,065,2383286,592883,27874,620757,6458
2022-04-14,Sacramento,067,1510023,282022,26948,308970,3059
2022-04-14,San Benito,069,59416,13001,517,13518,95
2022-04-14,San Bernardino,071,2135413,575767,24978,600745,7817
2022-04-14,San Diego,073,3302833,754515,52794,807309,5348
2022-04-14,San Francisco,075,870044,127582,8365,135947,874
2022-04-14,San Joaquin,077,732212,167158,9953,177111,2250
2022-04-14,San Luis Obispo,079,281455,52733,3767,56500,480
2022-04-14,San Mateo,081,765935,123848,7051,130899,712
2022-04-14,Santa Barbara,083,443738,86324,4727,91051,691
2022-04-14,Santa Clara,085,1922200,319053,12482,331535,2313
2022-04-14,Santa Cruz,087,273765,48523,2115,50638,260
2022-04-14,Shasta,089,179085,30603,6091,36694,562
2022-04-14,Sierra,091,2930,274,48,322,4
2022-04-14,Siskiyou,093,43540,4433,2727,7160,83
2022-04-14,Solano,095,438530,81992,5593,87585,450
2022-04-14,Sonoma,097,501317,84411,2706,87117,491
2022-04-14,Stanislaus,099,539301,117840,17868,135708,1691
2022-04-14,Sutter,101,95872,20518,2077,22595,225
2022-04-14,Tehama,103,63373,12055,2570,14625,207
2022-04-14,Trinity,105,12862,1183,287,1470,20
2022-04-14,Tulare,107,460477,106492,27631,134123,1496
2022-04-14,Tuolumne,109,53932,12721,563,13284,183
2022-04-14,Ventura,111,848112,173859,9440,183299,1502
2022-04-14,Yolo,113,214977,37395,2935,40330,360
2022-04-14,Yuba,115,75493,15859,1200,17059,126
2022-04-13,Alameda,001,1643700,259345,13850,273195,1856
2022-04-13,Alpine,002,1148,124,1,125,0
2022-04-13,Amador,005,37829,8537,645,9182,86
2022-04-13,Butte,007,227075,33285,7061,40346,430
2022-04-13,Calaveras,009,45235,7285,350,7635,119
2022-04-13,Colusa,011,21464,3458,1049,4507,21
2022-04-13,Contra Costa,013,1133247,193653,13539,207192,1302
2022-04-13,Del Norte,015,27424,5825,184,6009,49
2022-04-13,El Dorado,017,186661,26814,3197,30011,215
2022-04-13,Fresno,019,978130,235523,24432,259955,2762
2022-04-13,Glenn,021,27897,5004,1604,6608,56
2022-04-13,Humboldt,023,135768,16962,2960,19922,146
2022-04-13,Imperial,025,180216,55477,10541,66018,945
2022-04-13,Inyo,027,18085,4080,485,4565,56
2022-04-13,Kern,029,883053,192066,45819,237885,2344
2022-04-13,Kings,031,150075,51554,3521,55075,448
2022-04-13,Lake,033,64148,10733,887,11620,139
2022-04-13,Lassen,035,31185,8964,875,9839,62
2022-04-13,Los Angeles,037,10098052,2725040,123436,2848476,31849
2022-04-13,Madera,039,155013,37325,6025,43350,371
2022-04-13,Marin,041,260295,25539,2392,27931,239
2022-04-13,Mariposa,043,17540,2409,203,2612,28
2022-04-13,Mendocino,045,87422,13126,3031,16157,124
2022-04-13,Merced,047,269075,63540,8954,72494,820
2022-04-13,Modoc,049,8938,739,251,990,8
2022-04-13,Mono,051,14174,2979,125,3104,6
2022-04-13,Monterey,053,433212,79621,13715,93336,730
2022-04-13,Napa,055,140530,26040,975,27015,144
2022-04-13,Nevada,057,99092,16024,1201,17225,131
2022-04-13,Orange,059,3164182,549877,41935,591812,7112
2022-04-13,Placer,061,380077,63059,7369,70428,627
2022-04-13,Plumas,063,18699,2980,365,3345,13
2022-04-13,Riverside,065,2383286,592744,27867,620611,6457
2022-04-13,Sacramento,067,1510023,281934,26945,308879,3058
2022-04-13,San Benito,069,59416,12995,517,13512,95
2022-04-13,San Bernardino,071,2135413,575622,24973,600595,7816
2022-04-13,San Diego,073,3302833,754231,52762,806993,5346
2022-04-13,San Francisco,075,870044,127414,8345,135759,874
2022-04-13,San Joaquin,077,732212,167123,9951,177074,2250
2022-04-13,San Luis Obispo,079,281455,52709,3767,56476,479
2022-04-13,San Mateo,081,765935,123693,7030,130723,712
2022-04-13,Santa Barbara,083,443738,86286,4722,91008,691
2022-04-13,Santa Clara,085,1922200,318781,12465,331246,2313
2022-04-13,Santa Cruz,087,273765,48468,2114,50582,260
2022-04-13,Shasta,089,179085,30601,6091,36692,562
2022-04-13,Sierra,091,2930,274,48,322,4
2022-04-13,Siskiyou,093,43540,4432,2726,7158,83
2022-04-13,Solano,095,438530,81953,5590,87543,449
2022-04-13,Sonoma,097,501317,84340,2692,87032,491
2022-04-13,Stanislaus,099,539301,117822,17863,135685,1691
2022-04-13,Sutter,101,95872,20514,2077,22591,225
2022-04-13,Tehama,103,63373,12054,2569,14623,207
2022-04-13,Trinity,105,12862,1183,287,1470,20
2022-04-13,Tulare,107,460477,106484,27626,134110,1496
2022-04-13,Tuolumne,109,53932,12715,563,13278,183
2022-04-13,Ventura,111,848112,173802,9434,183236,1502
2022-04-13,Yolo,113,214977,37356,2933,40289,360
2022-04-13,Yuba,115,75493,15856,1200,17056,126
2022-04-12,Alameda,001,1643700,259100,13839,272939,1856
2022-04-12,Alpine,002,1148,124,1,125,0
2022-04-12,Amador,005,37829,8536,645,9181,86
2022-04-12,Butte,007,227075,33273,7055,40328,429
2022-04-12,Calaveras,009,45235,7281,349,7630,119
2022-04-12,Colusa,011,21464,3458,1049,4507,21
2022-04-12,Contra Costa,013,1133247,193498,13525,207023,1302
2022-04-12,Del Norte,015,27424,5822,184,6006,49
2022-04-12,El Dorado,017,186661,26803,3197,30000,215
2022-04-12,Fresno,019,978130,235493,24425,259918,2761
2022-04-12,Glenn,021,27897,5004,1604,6608,56
2022-04-12,Humboldt,023,135768,16954,2958,19912,146
2022-04-12,Imperial,025,180216,55473,10532,66005,945
2022-04-12,Inyo,027,18085,4080,485,4565,56
2022-04-12,Kern,029,883053,192046,45809,237855,2344
2022-04-12,Kings,031,150075,51546,3519,55065,448
2022-04-12,Lake,033,64148,10729,886,11615,139
2022-04-12,Lassen,035,31185,8964,875,9839,62
2022-04-12,Los Angeles,037,10098052,2723799,123334,2847133,31845
2022-04-12,Madera,039,155013,37324,6025,43349,371
2022-04-12,Marin,041,260295,25493,2366,27859,239
2022-04-12,Mariposa,043,17540,2409,203,2612,28
2022-04-12,Mendocino,045,87422,13118,3025,16143,124
2022-04-12,Merced,047,269075,63526,8952,72478,820
2022-04-12,Modoc,049,8938,739,250,989,8
2022-04-12,Mono,051,14174,2979,125,3104,6
2022-04-12,Monterey,053,433212,79597,13708,93305,730
2022-04-12,Napa,055,140530,26017,965,26982,144
2022-04-12,Nevada,057,99092,16021,1200,17221,131
2022-04-12,Orange,059,3164182,549626,41898,591524,7112
2022-04-12,Placer,061,380077,63036,7363,70399,627
2022-04-12,Plumas,063,18699,2979,365,3344,13
2022-04-12,Riverside,065,2383286,592599,27847,620446,6456
2022-04-12,Sacramento,067,1510023,281819,26940,308759,3058
2022-04-12,San Benito,069,59416,12990,516,13506,95
2022-04-12,San Bernardino,071,2135413,575449,24970,600419,7816
2022-04-12,San Diego,073,3302833,753899,52720,806619,5343
2022-04-12,San Francisco,075,870044,127201,8331,135532,872
2022-04-12,San Joaquin,077,732212,167093,9949,177042,2250
2022-04-12,San Luis Obispo,079,281455,52675,3761,56436,479
2022-04-12,San Mateo,081,765935,123528,7016,130544,710
2022-04-12,Santa Barbara,083,443738,86240,4718,90958,691
2022-04-12,Santa Clara,085,1922200,318488,12455,330943,2311
2022-04-12,Santa Cruz,087,273765,48388,2111,50499,260
2022-04-12,Shasta,089,179085,30601,6090,36691,562
2022-04-12,Sierra,091,2930,274,48,322,4
2022-04-12,Siskiyou,093,43540,4432,2724,7156,83
2022-04-12,Solano,095,438530,81913,5588,87501,449
2022-04-12,Sonoma,097,501317,84281,2686,86967,491
2022-04-12,Stanislaus,099,539301,117802,17859,135661,1691
2022-04-12,Sutter,101,95872,20511,2077,22588,225
2022-04-12,Tehama,103,63373,12052,2569,14621,207
2022-04-12,Trinity,105,12862,1183,287,1470,20
2022-04-12,Tulare,107,460477,106468,27622,134090,1496
2022-04-12,Tuolumne,109,53932,12713,561,13274,183
2022-04-12,Ventura,111,848112,173754,9428,183182,1502
2022-04-12,Yolo,113,214977,37316,2927,40243,360
2022-04-12,Yuba,115,75493,15851,1200,17051,126
2022-04-11,Alameda,001,1643700,258808,13824,272632,1856
2022-04-11,Alpine,002,1148,124,1,125,0
2022-04-11,Amador,005,37829,8535,645,9180,86
2022-04-11,Butte,007,227075,33260,7051,40311,429
2022-04-11,Calaveras,009,45235,7278,349,7627,119
2022-04-11,Colusa,011,21464,3456,1049,4505,21
2022-04-11,Contra Costa,013,1133247,193331,13508,206839,1302
2022-04-11,Del Norte,015,27424,5821,184,6005,49
2022-04-11,El Dorado,017,186661,26791,3196,29987,215
2022-04-11,Fresno,019,978130,235471,24424,259895,2761
2022-04-11,Glenn,021,27897,5003,1603,6606,56
2022-04-11,Humboldt,023,135768,16939,2956,19895,146
2022-04-11,Imperial,025,180216,55468,10530,65998,945
2022-04-11,Inyo,027,18085,4080,485,4565,56
2022-04-11,Kern,029,883053,192021,45807,237828,2344
2022-04-11,Kings,031,150075,51542,3519,55061,448
2022-04-11,Lake,033,64148,10728,885,11613,139
2022-04-11,Lassen,035,31185,8964,875,9839,62
2022-04-11,Los Angeles,037,10098052,2722546,123262,2845808,31839
2022-04-11,Madera,039,155013,37317,6025,43342,371
2022-04-11,Marin,041,260295,25435,2349,27784,239
2022-04-11,Mariposa,043,17540,2408,203,2611,28
2022-04-11,Mendocino,045,87422,13114,3023,16137,124
2022-04-11,Merced,047,269075,63516,8950,72466,820
2022-04-11,Modoc,049,8938,739,250,989,8
2022-04-11,Mono,051,14174,2978,124,3102,6
2022-04-11,Monterey,053,433212,79577,13699,93276,730
2022-04-11,Napa,055,140530,26000,963,26963,144
2022-04-11,Nevada,057,99092,16017,1200,17217,131
2022-04-11,Orange,059,3164182,549420,41864,591284,7112
2022-04-11,Placer,061,380077,63014,7362,70376,627
2022-04-11,Plumas,063,18699,2977,365,3342,13
2022-04-11,Riverside,065,2383286,592471,27830,620301,6455
2022-04-11,Sacramento,067,1510023,281720,26936,308656,3057
2022-04-11,San Benito,069,59416,12989,516,13505,95
2022-04-11,San Bernardino,071,2135413,575299,24961,600260,7813
2022-04-11,San Diego,073,3302833,753572,52681,806253,5342
2022-04-11,San Francisco,075,870044,126971,8319,135290,872
2022-04-11,San Joaquin,077,732212,167055,9943,176998,2250
2022-04-11,San Luis Obispo,079,281455,52652,3760,56412,479
2022-04-11,San Mateo,081,765935,123338,7006,130344,710
2022-04-11,Santa Barbara,083,443738,86191,4713,90904,691
2022-04-11,Santa Clara,085,1922200,318143,12440,330583,2310
2022-04-11,Santa Cruz,087,273765,48293,2108,50401,260
2022-04-11,Shasta,089,179085,30596,6089,36685,562
2022-04-11,Sierra,091,2930,274,48,322,4
2022-04-11,Siskiyou,093,43540,4432,2722,7154,83
2022-04-11,Solano,095,438530,81885,5587,87472,449
2022-04-11,Sonoma,097,501317,84213,2674,86887,491
2022-04-11,Stanislaus,099,539301,117767,17851,135618,1691
2022-04-11,Sutter,101,95872,20508,2077,22585,225
2022-04-11,Tehama,103,63373,12051,2568,14619,207
2022-04-11,Trinity,105,12862,1183,287,1470,20
2022-04-11,Tulare,107,460477,106457,27614,134071,1496
2022-04-11,Tuolumne,109,53932,12710,561,13271,183
2022-04-11,Ventura,111,848112,173695,9427,183122,1502
2022-04-11,Yolo,113,214977,37279,2925,40204,360
2022-04-11,Yuba,115,75493,15848,1199,17047,126
2022-04-10,Alameda,001,1643700,258473,13813,272286,1855
2022-04-10,Alpine,002,1148,124,1,125,0
2022-04-10,Amador,005,37829,8533,645,9178,86
2022-04-10,Butte,007,227075,33256,7047,40303,429
2022-04-10,Calaveras,009,45235,7275,349,7624,119
2022-04-10,Colusa,011,21464,3455,1049,4504,21
2022-04-10,Contra Costa,013,1133247,193171,13488,206659,1302
2022-04-10,Del Norte,015,27424,5818,184,6002,49
2022-04-10,El Dorado,017,186661,26783,3194,29977,215
2022-04-10,Fresno,019,978130,235433,24422,259855,2759
2022-04-10,Glenn,021,27897,5003,1603,6606,56
2022-04-10,Humboldt,023,135768,16929,2954,19883,146
2022-04-10,Imperial,025,180216,55464,10527,65991,945
2022-04-10,Inyo,027,18085,4080,483,4563,56
2022-04-10,Kern,029,883053,192003,45802,237805,2343
2022-04-10,Kings,031,150075,51540,3519,55059,448
2022-04-10,Lake,033,64148,10724,883,11607,139
2022-04-10,Lassen,035,31185,8963,875,9838,62
2022-04-10,Los Angeles,037,10098052,2721222,123174,2844396,31832
2022-04-10,Madera,039,155013,37312,6024,43336,371
2022-04-10,Marin,041,260295,25395,2320,27715,239
2022-04-10,Mariposa,043,17540,2406,203,2609,28
2022-04-10,Mendocino,045,87422,13106,3022,16128,124
2022-04-10,Merced,047,269075,63506,8948,72454,818
2022-04-10,Modoc,049,8938,739,250,989,8
2022-04-10,Mono,051,14174,2975,124,3099,6
2022-04-10,Monterey,053,433212,79561,13689,93250,730
2022-04-10,Napa,055,140530,25978,961,26939,144
2022-04-10,Nevada,057,99092,16000,1200,17200,131
2022-04-10,Orange,059,3164182,549169,41824,590993,7110
2022-04-10,Placer,061,380077,62981,7361,70342,627
2022-04-10,Plumas,063,18699,2974,365,3339,13
2022-04-10,Riverside,065,2383286,592321,27817,620138,6454
2022-04-10,Sacramento,067,1510023,281621,26926,308547,3055
2022-04-10,San Benito,069,59416,12986,516,13502,95
2022-04-10,San Bernardino,071,2135413,575066,24952,600018,7813
2022-04-10,San Diego,073,3302833,753242,52634,805876,5342
2022-04-10,San Francisco,075,870044,126730,8304,135034,872
2022-04-10,San Joaquin,077,732212,167009,9935,176944,2250
2022-04-10,San Luis Obispo,079,281455,52617,3758,56375,479
2022-04-10,San Mateo,081,765935,123169,6993,130162,709
2022-04-10,Santa Barbara,083,443738,86108,4703,90811,691
2022-04-10,Santa Clara,085,1922200,317813,12426,330239,2309
2022-04-10,Santa Cruz,087,273765,48203,2107,50310,260
2022-04-10,Shasta,089,179085,30589,6089,36678,562
2022-04-10,Sierra,091,2930,274,48,322,4
2022-04-10,Siskiyou,093,43540,4432,2721,7153,83
2022-04-10,Solano,095,438530,81838,5582,87420,449
2022-04-10,Sonoma,097,501317,84113,2667,86780,491
2022-04-10,Stanislaus,099,539301,117744,17844,135588,1690
2022-04-10,Sutter,101,95872,20504,2073,22577,225
2022-04-10,Tehama,103,63373,12049,2568,14617,207
2022-04-10,Trinity,105,12862,1183,287,1470,20
2022-04-10,Tulare,107,460477,106440,27607,134047,1496
2022-04-10,Tuolumne,109,53932,12703,561,13264,183
2022-04-10,Ventura,111,848112,173616,9422,183038,1502
2022-04-10,Yolo,113,214977,37249,2920,40169,360
2022-04-10,Yuba,115,75493,15847,1199,17046,126
2022-04-09,Alameda,001,1643700,258300,13808,272108,1855
2022-04-09,Alpine,002,1148,124,1,125,0
2022-04-09,Amador,005,37829,8533,644,9177,86
2022-04-09,Butte,007,227075,33253,7047,40300,429
2022-04-09,Calaveras,009,45235,7274,349,7623,119
2022-04-09,Colusa,011,21464,3454,1049,4503,21
2022-04-09,Contra Costa,013,1133247,193072,13481,206553,1302
2022-04-09,Del Norte,015,27424,5817,184,6001,49
2022-04-09,El Dorado,017,186661,26775,3194,29969,215
2022-04-09,Fresno,019,978130,235412,24422,259834,2759
2022-04-09,Glenn,021,27897,5003,1603,6606,56
2022-04-09,Humboldt,023,135768,16922,2954,19876,146
2022-04-09,Imperial,025,180216,55459,10525,65984,945
2022-04-09,Inyo,027,18085,4080,483,4563,56
2022-04-09,Kern,029,883053,191994,45797,237791,2342
2022-04-09,Kings,031,150075,51534,3519,55053,448
2022-04-09,Lake,033,64148,10722,883,11605,139
2022-04-09,Lassen,035,31185,8963,875,9838,62
2022-04-09,Los Angeles,037,10098052,2720537,123102,2843639,31827
2022-04-09,Madera,039,155013,37309,6024,43333,371
2022-04-09,Marin,041,260295,25357,2284,27641,239
2022-04-09,Mariposa,043,17540,2406,203,2609,28
2022-04-09,Mendocino,045,87422,13104,3022,16126,124
2022-04-09,Merced,047,269075,63495,8946,72441,818
2022-04-09,Modoc,049,8938,739,250,989,8
2022-04-09,Mono,051,14174,2974,123,3097,6
2022-04-09,Monterey,053,433212,79552,13685,93237,730
2022-04-09,Napa,055,140530,25953,961,26914,144
2022-04-09,Nevada,057,99092,15997,1200,17197,131
2022-04-09,Orange,059,3164182,549048,41802,590850,7110
2022-04-09,Placer,061,380077,62965,7359,70324,627
2022-04-09,Plumas,063,18699,2974,365,3339,13
2022-04-09,Riverside,065,2383286,592231,27807,620038,6454
2022-04-09,Sacramento,067,1510023,281574,26924,308498,3055
2022-04-09,San Benito,069,59416,12985,515,13500,95
2022-04-09,San Bernardino,071,2135413,575000,24949,599949,7812
2022-04-09,San Diego,073,3302833,753094,52621,805715,5342
2022-04-09,San Francisco,075,870044,126605,8296,134901,872
2022-04-09,San Joaquin,077,732212,166993,9933,176926,2250
2022-04-09,San Luis Obispo,079,281455,52617,3755,56372,479
2022-04-09,San Mateo,081,765935,123075,6990,130065,709
2022-04-09,Santa Barbara,083,443738,86074,4703,90777,691
2022-04-09,Santa Clara,085,1922200,317617,12423,330040,2307
2022-04-09,Santa Cruz,087,273765,48170,2105,50275,260
2022-04-09,Shasta,089,179085,30587,6089,36676,562
2022-04-09,Sierra,091,2930,274,48,322,4
2022-04-09,Siskiyou,093,43540,4431,2720,7151,83
2022-04-09,Solano,095,438530,81820,5580,87400,449
2022-04-09,Sonoma,097,501317,84074,2663,86737,491
2022-04-09,Stanislaus,099,539301,117731,17842,135573,1690
2022-04-09,Sutter,101,95872,20504,2073,22577,225
2022-04-09,Tehama,103,63373,12049,2568,14617,207
2022-04-09,Trinity,105,12862,1183,287,1470,20
2022-04-09,Tulare,107,460477,106437,27605,134042,1495
2022-04-09,Tuolumne,109,53932,12701,561,13262,183
2022-04-09,Ventura,111,848112,173579,9419,182998,1502
2022-04-09,Yolo,113,214977,37230,2920,40150,360
2022-04-09,Yuba,115,75493,15846,1199,17045,126
2022-04-08,Alameda,001,1643700,258139,13802,271941,1855
2022-04-08,Alpine,002,1148,124,1,125,0
2022-04-08,Amador,005,37829,8531,643,9174,86
2022-04-08,Butte,007,227075,33247,7044,40291,429
2022-04-08,Calaveras,009,45235,7272,349,7621,119
2022-04-08,Colusa,011,21464,3454,1049,4503,21
2022-04-08,Contra Costa,013,1133247,192994,13468,206462,1302
2022-04-08,Del Norte,015,27424,5815,184,5999,49
2022-04-08,El Dorado,017,186661,26773,3194,29967,215
2022-04-08,Fresno,019,978130,235392,24420,259812,2759
2022-04-08,Glenn,021,27897,5003,1603,6606,56
2022-04-08,Humboldt,023,135768,16918,2952,19870,146
2022-04-08,Imperial,025,180216,55455,10525,65980,945
2022-04-08,Inyo,027,18085,4078,482,4560,56
2022-04-08,Kern,029,883053,191975,45796,237771,2342
2022-04-08,Kings,031,150075,51529,3519,55048,448
2022-04-08,Lake,033,64148,10722,883,11605,139
2022-04-08,Lassen,035,31185,8963,875,9838,62
2022-04-08,Los Angeles,037,10098052,2719911,123044,2842955,31822
2022-04-08,Madera,039,155013,37307,6023,43330,371
2022-04-08,Marin,041,260295,25335,2270,27605,239
2022-04-08,Mariposa,043,17540,2406,202,2608,28
2022-04-08,Mendocino,045,87422,13102,3022,16124,124
2022-04-08,Merced,047,269075,63489,8943,72432,818
2022-04-08,Modoc,049,8938,739,250,989,8
2022-04-08,Mono,051,14174,2972,123,3095,6
2022-04-08,Monterey,053,433212,79542,13684,93226,730
2022-04-08,Napa,055,140530,25941,953,26894,144
2022-04-08,Nevada,057,99092,15994,1200,17194,131
2022-04-08,Orange,059,3164182,548927,41788,590715,7110
2022-04-08,Placer,061,380077,62947,7357,70304,627
2022-04-08,Plumas,063,18699,2971,365,3336,13
2022-04-08,Riverside,065,2383286,592155,27804,619959,6453
2022-04-08,Sacramento,067,1510023,281527,26923,308450,3054
2022-04-08,San Benito,069,59416,12985,515,13500,95
2022-04-08,San Bernardino,071,2135413,574946,24946,599892,7811
2022-04-08,San Diego,073,3302833,752926,52610,805536,5342
2022-04-08,San Francisco,075,870044,126508,8291,134799,872
2022-04-08,San Joaquin,077,732212,166975,9931,176906,2250
2022-04-08,San Luis Obispo,079,281455,52612,3755,56367,479
2022-04-08,San Mateo,081,765935,122968,6986,129954,709
2022-04-08,Santa Barbara,083,443738,86053,4703,90756,691
2022-04-08,Santa Clara,085,1922200,317431,12416,329847,2307
2022-04-08,Santa Cruz,087,273765,48153,2102,50255,260
2022-04-08,Shasta,089,179085,30584,6089,36673,562
2022-04-08,Sierra,091,2930,274,48,322,4
2022-04-08,Siskiyou,093,43540,4431,2720,7151,83
2022-04-08,Solano,095,438530,81800,5579,87379,449
2022-04-08,Sonoma,097,501317,84022,2659,86681,490
2022-04-08,Stanislaus,099,539301,117716,17840,135556,1690
2022-04-08,Sutter,101,95872,20504,2073,22577,225
2022-04-08,Tehama,103,63373,12049,2568,14617,207
2022-04-08,Trinity,105,12862,1183,287,1470,20
2022-04-08,Tulare,107,460477,106432,27601,134033,1495
2022-04-08,Tuolumne,109,53932,12700,560,13260,183
2022-04-08,Ventura,111,848112,173550,9417,182967,1502
2022-04-08,Yolo,113,214977,37221,2919,40140,360
2022-04-08,Yuba,115,75493,15845,1199,17044,126
2022-04-07,Alameda,001,1643700,257943,13794,271737,1855
2022-04-07,Alpine,002,1148,124,1,125,0
2022-04-07,Amador,005,37829,8530,640,9170,86
2022-04-07,Butte,007,227075,33243,7042,40285,429
2022-04-07,Calaveras,009,45235,7270,349,7619,119
2022-04-07,Colusa,011,21464,3453,1049,4502,21
2022-04-07,Contra Costa,013,1133247,192875,13456,206331,1302
2022-04-07,Del Norte,015,27424,5814,184,5998,49
2022-04-07,El Dorado,017,186661,26761,3192,29953,215
2022-04-07,Fresno,019,978130,235365,24419,259784,2759
2022-04-07,Glenn,021,27897,5002,1602,6604,56
2022-04-07,Humboldt,023,135768,16911,2950,19861,146
2022-04-07,Imperial,025,180216,55453,10523,65976,944
2022-04-07,Inyo,027,18085,4078,482,4560,56
2022-04-07,Kern,029,883053,191951,45793,237744,2342
2022-04-07,Kings,031,150075,51521,3519,55040,448
2022-04-07,Lake,033,64148,10718,883,11601,139
2022-04-07,Lassen,035,31185,8963,875,9838,62
2022-04-07,Los Angeles,037,10098052,2719003,122969,2841972,31819
2022-04-07,Madera,039,155013,37303,6023,43326,371
2022-04-07,Marin,041,260295,25315,2251,27566,239
2022-04-07,Mariposa,043,17540,2403,201,2604,28
2022-04-07,Mendocino,045,87422,13098,3021,16119,124
2022-04-07,Merced,047,269075,63479,8938,72417,818
2022-04-07,Modoc,049,8938,739,250,989,8
2022-04-07,Mono,051,14174,2971,123,3094,6
2022-04-07,Monterey,053,433212,79520,13680,93200,729
2022-04-07,Napa,055,140530,25925,949,26874,144
2022-04-07,Nevada,057,99092,15986,1199,17185,131
2022-04-07,Orange,059,3164182,548771,41758,590529,7107
2022-04-07,Placer,061,380077,62930,7354,70284,626
2022-04-07,Plumas,063,18699,2971,365,3336,13
2022-04-07,Riverside,065,2383286,592053,27790,619843,6453
2022-04-07,Sacramento,067,1510023,281462,26916,308378,3050
2022-04-07,San Benito,069,59416,12984,515,13499,95
2022-04-07,San Bernardino,071,2135413,574785,24933,599718,7811
2022-04-07,San Diego,073,3302833,752660,52578,805238,5342
2022-04-07,San Francisco,075,870044,126351,8276,134627,872
2022-04-07,San Joaquin,077,732212,166935,9928,176863,2250
2022-04-07,San Luis Obispo,079,281455,52594,3753,56347,479
2022-04-07,San Mateo,081,765935,122845,6970,129815,709
2022-04-07,Santa Barbara,083,443738,86009,4701,90710,690
2022-04-07,Santa Clara,085,1922200,317208,12404,329612,2306
2022-04-07,Santa Cruz,087,273765,48134,2098,50232,260
2022-04-07,Shasta,089,179085,30582,6089,36671,562
2022-04-07,Sierra,091,2930,274,48,322,4
2022-04-07,Siskiyou,093,43540,4431,2719,7150,83
2022-04-07,Solano,095,438530,81770,5579,87349,449
2022-04-07,Sonoma,097,501317,83979,2653,86632,490
2022-04-07,Stanislaus,099,539301,117694,17837,135531,1690
2022-04-07,Sutter,101,95872,20500,2072,22572,225
2022-04-07,Tehama,103,63373,12048,2568,14616,207
2022-04-07,Trinity,105,12862,1183,287,1470,20
2022-04-07,Tulare,107,460477,106425,27600,134025,1494
2022-04-07,Tuolumne,109,53932,12698,559,13257,183
2022-04-07,Ventura,111,848112,173521,9415,182936,1501
2022-04-07,Yolo,113,214977,37203,2919,40122,360
2022-04-07,Yuba,115,75493,15843,1199,17042,126
2022-04-06,Alameda,001,1643700,257757,13787,271544,1852
2022-04-06,Alpine,002,1148,124,1,125,0
2022-04-06,Amador,005,37829,8529,640,9169,86
2022-04-06,Butte,007,227075,33238,7040,40278,429
2022-04-06,Calaveras,009,45235,7268,349,7617,119
2022-04-06,Colusa,011,21464,3453,1049,4502,21
2022-04-06,Contra Costa,013,1133247,192809,13440,206249,1302
2022-04-06,Del Norte,015,27424,5814,184,5998,49
2022-04-06,El Dorado,017,186661,26758,3192,29950,215
2022-04-06,Fresno,019,978130,235330,24415,259745,2758
2022-04-06,Glenn,021,27897,5002,1601,6603,56
2022-04-06,Humboldt,023,135768,16907,2949,19856,145
2022-04-06,Imperial,025,180216,55447,10523,65970,944
2022-04-06,Inyo,027,18085,4077,480,4557,56
2022-04-06,Kern,029,883053,191929,45791,237720,2342
2022-04-06,Kings,031,150075,51520,3518,55038,448
2022-04-06,Lake,033,64148,10714,883,11597,139
2022-04-06,Lassen,035,31185,8963,875,9838,62
2022-04-06,Los Angeles,037,10098052,2717958,122899,2840857,31810
2022-04-06,Madera,039,155013,37299,6023,43322,371
2022-04-06,Marin,041,260295,25293,2243,27536,239
2022-04-06,Mariposa,043,17540,2402,201,2603,28
2022-04-06,Mendocino,045,87422,13094,3020,16114,124
2022-04-06,Merced,047,269075,63471,8934,72405,818
2022-04-06,Modoc,049,8938,739,250,989,8
2022-04-06,Mono,051,14174,2970,123,3093,6
2022-04-06,Monterey,053,433212,79509,13672,93181,729
2022-04-06,Napa,055,140530,25906,945,26851,144
2022-04-06,Nevada,057,99092,15984,1199,17183,131
2022-04-06,Orange,059,3164182,548602,41735,590337,7106
2022-04-06,Placer,061,380077,62924,7353,70277,626
2022-04-06,Plumas,063,18699,2971,365,3336,13
2022-04-06,Riverside,065,2383286,591956,27785,619741,6452
2022-04-06,Sacramento,067,1510023,281384,26912,308296,3050
2022-04-06,San Benito,069,59416,12983,515,13498,95
2022-04-06,San Bernardino,071,2135413,574652,24931,599583,7810
2022-04-06,San Diego,073,3302833,752366,52540,804906,5342
2022-04-06,San Francisco,075,870044,126192,8270,134462,872
2022-04-06,San Joaquin,077,732212,166902,9925,176827,2250
2022-04-06,San Luis Obispo,079,281455,52572,3751,56323,479
2022-04-06,San Mateo,081,765935,122735,6960,129695,709
2022-04-06,Santa Barbara,083,443738,85969,4697,90666,690
2022-04-06,Santa Clara,085,1922200,317010,12384,329394,2306
2022-04-06,Santa Cruz,087,273765,48080,2093,50173,260
2022-04-06,Shasta,089,179085,30581,6089,36670,561
2022-04-06,Sierra,091,2930,274,47,321,4
2022-04-06,Siskiyou,093,43540,4431,2719,7150,83
2022-04-06,Solano,095,438530,81735,5574,87309,449
2022-04-06,Sonoma,097,501317,83915,2648,86563,490
2022-04-06,Stanislaus,099,539301,117678,17831,135509,1690
2022-04-06,Sutter,101,95872,20495,2072,22567,225
2022-04-06,Tehama,103,63373,12046,2568,14614,207
2022-04-06,Trinity,105,12862,1183,287,1470,20
2022-04-06,Tulare,107,460477,106418,27595,134013,1494
2022-04-06,Tuolumne,109,53932,12696,559,13255,183
2022-04-06,Ventura,111,848112,173468,9409,182877,1501
2022-04-06,Yolo,113,214977,37178,2918,40096,360
2022-04-06,Yuba,115,75493,15838,1199,17037,126
2022-04-05,Alameda,001,1643700,257544,13777,271321,1851
2022-04-05,Alpine,002,1148,124,1,125,0
2022-04-05,Amador,005,37829,8527,640,9167,86
2022-04-05,Butte,007,227075,33233,7037,40270,429
2022-04-05,Calaveras,009,45235,7264,349,7613,119
2022-04-05,Colusa,011,21464,3451,1048,4499,21
2022-04-05,Contra Costa,013,1133247,192717,13433,206150,1301
2022-04-05,Del Norte,015,27424,5812,184,5996,49
2022-04-05,El Dorado,017,186661,26747,3192,29939,215
2022-04-05,Fresno,019,978130,235293,24407,259700,2758
2022-04-05,Glenn,021,27897,5002,1600,6602,56
2022-04-05,Humboldt,023,135768,16901,2949,19850,145
2022-04-05,Imperial,025,180216,55445,10522,65967,944
2022-04-05,Inyo,027,18085,4076,479,4555,56
2022-04-05,Kern,029,883053,191909,45788,237697,2342
2022-04-05,Kings,031,150075,51517,3518,55035,448
2022-04-05,Lake,033,64148,10711,883,11594,139
2022-04-05,Lassen,035,31185,8963,874,9837,62
2022-04-05,Los Angeles,037,10098052,2716904,122825,2839729,31798
2022-04-05,Madera,039,155013,37292,6021,43313,371
2022-04-05,Marin,041,260295,25238,2228,27466,239
2022-04-05,Mariposa,043,17540,2402,201,2603,28
2022-04-05,Mendocino,045,87422,13088,3019,16107,124
2022-04-05,Merced,047,269075,63459,8929,72388,818
2022-04-05,Modoc,049,8938,739,250,989,8
2022-04-05,Mono,051,14174,2969,123,3092,6
2022-04-05,Monterey,053,433212,79485,13661,93146,729
2022-04-05,Napa,055,140530,25897,940,26837,144
2022-04-05,Nevada,057,99092,15976,1199,17175,131
2022-04-05,Orange,059,3164182,548420,41706,590126,7105
2022-04-05,Placer,061,380077,62898,7353,70251,626
2022-04-05,Plumas,063,18699,2971,365,3336,13
2022-04-05,Riverside,065,2383286,591835,27773,619608,6450
2022-04-05,Sacramento,067,1510023,281303,26907,308210,3049
2022-04-05,San Benito,069,59416,12976,515,13491,95
2022-04-05,San Bernardino,071,2135413,574521,24921,599442,7810
2022-04-05,San Diego,073,3302833,752058,52496,804554,5341
2022-04-05,San Francisco,075,870044,125991,8262,134253,870
2022-04-05,San Joaquin,077,732212,166860,9923,176783,2250
2022-04-05,San Luis Obispo,079,281455,52555,3746,56301,479
2022-04-05,San Mateo,081,765935,122617,6950,129567,709
2022-04-05,Santa Barbara,083,443738,85933,4696,90629,689
2022-04-05,Santa Clara,085,1922200,316750,12371,329121,2306
2022-04-05,Santa Cruz,087,273765,48013,2090,50103,259
2022-04-05,Shasta,089,179085,30581,6087,36668,561
2022-04-05,Sierra,091,2930,274,47,321,4
2022-04-05,Siskiyou,093,43540,4431,2719,7150,83
2022-04-05,Solano,095,438530,81682,5571,87253,449
2022-04-05,Sonoma,097,501317,83851,2639,86490,490
2022-04-05,Stanislaus,099,539301,117664,17822,135486,1690
2022-04-05,Sutter,101,95872,20491,2071,22562,224
2022-04-05,Tehama,103,63373,12044,2567,14611,207
2022-04-05,Trinity,105,12862,1183,287,1470,20
2022-04-05,Tulare,107,460477,106408,27592,134000,1494
2022-04-05,Tuolumne,109,53932,12695,559,13254,183
2022-04-05,Ventura,111,848112,173412,9402,182814,1501
2022-04-05,Yolo,113,214977,37163,2915,40078,360
2022-04-05,Yuba,115,75493,15836,1199,17035,126
2022-04-04,Alameda,001,1643700,257313,13762,271075,1851
2022-04-04,Alpine,002,1148,124,1,125,0
2022-04-04,Amador,005,37829,8526,639,9165,86
2022-04-04,Butte,007,227075,33227,7034,40261,429
2022-04-04,Calaveras,009,45235,7264,349,7613,119
2022-04-04,Colusa,011,21464,3450,1048,4498,21
2022-04-04,Contra Costa,013,1133247,192616,13425,206041,1301
2022-04-04,Del Norte,015,27424,5812,184,5996,49
2022-04-04,El Dorado,017,186661,26743,3192,29935,215
2022-04-04,Fresno,019,978130,235275,24402,259677,2758
2022-04-04,Glenn,021,27897,5001,1600,6601,56
2022-04-04,Humboldt,023,135768,16893,2944,19837,145
2022-04-04,Imperial,025,180216,55440,10522,65962,944
2022-04-04,Inyo,027,18085,4076,477,4553,56
2022-04-04,Kern,029,883053,191886,45783,237669,2342
2022-04-04,Kings,031,150075,51511,3518,55029,448
2022-04-04,Lake,033,64148,10706,883,11589,139
2022-04-04,Lassen,035,31185,8963,874,9837,62
2022-04-04,Los Angeles,037,10098052,2715809,122781,2838590,31793
2022-04-04,Madera,039,155013,37288,6021,43309,371
2022-04-04,Marin,041,260295,25221,2220,27441,239
2022-04-04,Mariposa,043,17540,2401,201,2602,28
2022-04-04,Mendocino,045,87422,13082,3017,16099,124
2022-04-04,Merced,047,269075,63448,8924,72372,818
2022-04-04,Modoc,049,8938,739,250,989,8
2022-04-04,Mono,051,14174,2969,123,3092,6
2022-04-04,Monterey,053,433212,79469,13655,93124,728
2022-04-04,Napa,055,140530,25880,939,26819,144
2022-04-04,Nevada,057,99092,15972,1198,17170,131
2022-04-04,Orange,059,3164182,548251,41680,589931,7103
2022-04-04,Placer,061,380077,62888,7352,70240,625
2022-04-04,Plumas,063,18699,2970,365,3335,13
2022-04-04,Riverside,065,2383286,591743,27761,619504,6450
2022-04-04,Sacramento,067,1510023,281211,26899,308110,3046
2022-04-04,San Benito,069,59416,12973,515,13488,95
2022-04-04,San Bernardino,071,2135413,574382,24914,599296,7808
2022-04-04,San Diego,073,3302833,751739,52459,804198,5338
2022-04-04,San Francisco,075,870044,125791,8253,134044,866
2022-04-04,San Joaquin,077,732212,166834,9920,176754,2250
2022-04-04,San Luis Obispo,079,281455,52532,3744,56276,478
2022-04-04,San Mateo,081,765935,122479,6938,129417,708
2022-04-04,Santa Barbara,083,443738,85889,4695,90584,689
2022-04-04,Santa Clara,085,1922200,316482,12359,328841,2306
2022-04-04,Santa Cruz,087,273765,47966,2090,50056,259
2022-04-04,Shasta,089,179085,30578,6086,36664,561
2022-04-04,Sierra,091,2930,274,47,321,4
2022-04-04,Siskiyou,093,43540,4431,2719,7150,83
2022-04-04,Solano,095,438530,81636,5568,87204,449
2022-04-04,Sonoma,097,501317,83797,2632,86429,490
2022-04-04,Stanislaus,099,539301,117643,17815,135458,1690
2022-04-04,Sutter,101,95872,20488,2071,22559,224
2022-04-04,Tehama,103,63373,12042,2567,14609,207
2022-04-04,Trinity,105,12862,1183,287,1470,20
2022-04-04,Tulare,107,460477,106399,27589,133988,1493
2022-04-04,Tuolumne,109,53932,12688,559,13247,183
2022-04-04,Ventura,111,848112,173372,9399,182771,1500
2022-04-04,Yolo,113,214977,37149,2913,40062,360
2022-04-04,Yuba,115,75493,15833,1199,17032,126
2022-04-03,Alameda,001,1643700,257059,13759,270818,1851
2022-04-03,Alpine,002,1148,124,1,125,0
2022-04-03,Amador,005,37829,8525,639,9164,86
2022-04-03,Butte,007,227075,33220,7032,40252,429
2022-04-03,Calaveras,009,45235,7264,349,7613,119
2022-04-03,Colusa,011,21464,3450,1048,4498,21
2022-04-03,Contra Costa,013,1133247,192511,13415,205926,1301
2022-04-03,Del Norte,015,27424,5812,184,5996,49
2022-04-03,El Dorado,017,186661,26728,3189,29917,215
2022-04-03,Fresno,019,978130,235243,24399,259642,2758
2022-04-03,Glenn,021,27897,5001,1600,6601,56
2022-04-03,Humboldt,023,135768,16887,2944,19831,145
2022-04-03,Imperial,025,180216,55438,10519,65957,944
2022-04-03,Inyo,027,18085,4074,477,4551,56
2022-04-03,Kern,029,883053,191861,45778,237639,2342
2022-04-03,Kings,031,150075,51505,3516,55021,448
2022-04-03,Lake,033,64148,10704,883,11587,139
2022-04-03,Lassen,035,31185,8962,874,9836,62
2022-04-03,Los Angeles,037,10098052,2714619,122696,2837315,31786
2022-04-03,Madera,039,155013,37286,6020,43306,371
2022-04-03,Marin,041,260295,25186,2212,27398,239
2022-04-03,Mariposa,043,17540,2400,201,2601,28
2022-04-03,Mendocino,045,87422,13076,3016,16092,124
2022-04-03,Merced,047,269075,63433,8918,72351,818
2022-04-03,Modoc,049,8938,738,250,988,8
2022-04-03,Mono,051,14174,2969,123,3092,6
2022-04-03,Monterey,053,433212,79452,13630,93082,728
2022-04-03,Napa,055,140530,25861,938,26799,144
2022-04-03,Nevada,057,99092,15966,1197,17163,131
2022-04-03,Orange,059,3164182,548048,41655,589703,7099
2022-04-03,Placer,061,380077,62862,7347,70209,625
2022-04-03,Plumas,063,18699,2969,365,3334,13
2022-04-03,Riverside,065,2383286,591585,27746,619331,6450
2022-04-03,Sacramento,067,1510023,281136,26886,308022,3045
2022-04-03,San Benito,069,59416,12969,515,13484,95
2022-04-03,San Bernardino,071,2135413,574237,24911,599148,7804
2022-04-03,San Diego,073,3302833,751411,52422,803833,5337
2022-04-03,San Francisco,075,870044,125559,8247,133806,866
2022-04-03,San Joaquin,077,732212,166779,9915,176694,2250
2022-04-03,San Luis Obispo,079,281455,52513,3744,56257,477
2022-04-03,San Mateo,081,765935,122339,6931,129270,708
2022-04-03,Santa Barbara,083,443738,85844,4693,90537,689
2022-04-03,Santa Clara,085,1922200,316181,12350,328531,2306
2022-04-03,Santa Cruz,087,273765,47911,2088,49999,259
2022-04-03,Shasta,089,179085,30568,6085,36653,561
2022-04-03,Sierra,091,2930,274,47,321,4
2022-04-03,Siskiyou,093,43540,4431,2719,7150,83
2022-04-03,Solano,095,438530,81594,5562,87156,449
2022-04-03,Sonoma,097,501317,83718,2624,86342,490
2022-04-03,Stanislaus,099,539301,117612,17809,135421,1689
2022-04-03,Sutter,101,95872,20485,2071,22556,224
2022-04-03,Tehama,103,63373,12040,2567,14607,207
2022-04-03,Trinity,105,12862,1183,287,1470,20
2022-04-03,Tulare,107,460477,106392,27582,133974,1492
2022-04-03,Tuolumne,109,53932,12687,559,13246,183
2022-04-03,Ventura,111,848112,173319,9395,182714,1500
2022-04-03,Yolo,113,214977,37128,2911,40039,360
2022-04-03,Yuba,115,75493,15831,1199,17030,126
2022-04-02,Alameda,001,1643700,256956,13759,270715,1851
2022-04-02,Alpine,002,1148,124,1,125,0
2022-04-02,Amador,005,37829,8525,639,9164,86
2022-04-02,Butte,007,227075,33216,7031,40247,428
2022-04-02,Calaveras,009,45235,7264,349,7613,119
2022-04-02,Colusa,011,21464,3450,1048,4498,21
2022-04-02,Contra Costa,013,1133247,192452,13412,205864,1301
2022-04-02,Del Norte,015,27424,5811,184,5995,49
2022-04-02,El Dorado,017,186661,26725,3189,29914,215
2022-04-02,Fresno,019,978130,235214,24399,259613,2758
2022-04-02,Glenn,021,27897,5001,1600,6601,56
2022-04-02,Humboldt,023,135768,16883,2944,19827,145
2022-04-02,Imperial,025,180216,55435,10517,65952,944
2022-04-02,Inyo,027,18085,4074,477,4551,56
2022-04-02,Kern,029,883053,191846,45774,237620,2341
2022-04-02,Kings,031,150075,51502,3516,55018,448
2022-04-02,Lake,033,64148,10703,883,11586,139
2022-04-02,Lassen,035,31185,8962,874,9836,62
2022-04-02,Los Angeles,037,10098052,2714099,122656,2836755,31784
2022-04-02,Madera,039,155013,37283,6020,43303,371
2022-04-02,Marin,041,260295,25163,2204,27367,239
2022-04-02,Mariposa,043,17540,2399,201,2600,28
2022-04-02,Mendocino,045,87422,13074,3016,16090,124
2022-04-02,Merced,047,269075,63430,8918,72348,818
2022-04-02,Modoc,049,8938,738,250,988,8
2022-04-02,Mono,051,14174,2969,122,3091,6
2022-04-02,Monterey,053,433212,79438,13624,93062,728
2022-04-02,Napa,055,140530,25847,937,26784,144
2022-04-02,Nevada,057,99092,15962,1196,17158,131
2022-04-02,Orange,059,3164182,547943,41643,589586,7098
2022-04-02,Placer,061,380077,62851,7345,70196,624
2022-04-02,Plumas,063,18699,2969,365,3334,13
2022-04-02,Riverside,065,2383286,591511,27741,619252,6449
2022-04-02,Sacramento,067,1510023,281096,26885,307981,3043
2022-04-02,San Benito,069,59416,12968,515,13483,95
2022-04-02,San Bernardino,071,2135413,574184,24908,599092,7804
2022-04-02,San Diego,073,3302833,751287,52412,803699,5335
2022-04-02,San Francisco,075,870044,125454,8239,133693,865
2022-04-02,San Joaquin,077,732212,166757,9913,176670,2250
2022-04-02,San Luis Obispo,079,281455,52508,3744,56252,477
2022-04-02,San Mateo,081,765935,122242,6924,129166,706
2022-04-02,Santa Barbara,083,443738,85824,4692,90516,689
2022-04-02,Santa Clara,085,1922200,316017,12346,328363,2306
2022-04-02,Santa Cruz,087,273765,47899,2087,49986,259
2022-04-02,Shasta,089,179085,30567,6085,36652,561
2022-04-02,Sierra,091,2930,274,47,321,4
2022-04-02,Siskiyou,093,43540,4431,2718,7149,83
2022-04-02,Solano,095,438530,81579,5561,87140,449
2022-04-02,Sonoma,097,501317,83670,2618,86288,490
2022-04-02,Stanislaus,099,539301,117603,17807,135410,1688
2022-04-02,Sutter,101,95872,20480,2071,22551,224
2022-04-02,Tehama,103,63373,12040,2567,14607,207
2022-04-02,Trinity,105,12862,1183,287,1470,20
2022-04-02,Tulare,107,460477,106388,27579,133967,1491
2022-04-02,Tuolumne,109,53932,12685,559,13244,183
2022-04-02,Ventura,111,848112,173278,9395,182673,1499
2022-04-02,Yolo,113,214977,37116,2908,40024,360
2022-04-02,Yuba,115,75493,15830,1199,17029,126
2022-04-01,Alameda,001,1643700,256841,13754,270595,1851
2022-04-01,Alpine,002,1148,124,1,125,0
2022-04-01,Amador,005,37829,8525,639,9164,86
2022-04-01,Butte,007,227075,33212,7028,40240,428
2022-04-01,Calaveras,009,45235,7262,349,7611,119
2022-04-01,Colusa,011,21464,3449,1048,4497,21
2022-04-01,Contra Costa,013,1133247,192399,13411,205810,1300
2022-04-01,Del Norte,015,27424,5809,184,5993,49
2022-04-01,El Dorado,017,186661,26722,3188,29910,215
2022-04-01,Fresno,019,978130,235189,24397,259586,2758
2022-04-01,Glenn,021,27897,5001,1600,6601,56
2022-04-01,Humboldt,023,135768,16881,2944,19825,145
2022-04-01,Imperial,025,180216,55433,10517,65950,944
2022-04-01,Inyo,027,18085,4072,476,4548,56
2022-04-01,Kern,029,883053,191835,45771,237606,2340
2022-04-01,Kings,031,150075,51499,3516,55015,448
2022-04-01,Lake,033,64148,10700,883,11583,139
2022-04-01,Lassen,035,31185,8961,874,9835,62
2022-04-01,Los Angeles,037,10098052,2713605,122613,2836218,31778
2022-04-01,Madera,039,155013,37282,6020,43302,371
2022-04-01,Marin,041,260295,25145,2197,27342,239
2022-04-01,Mariposa,043,17540,2396,201,2597,28
2022-04-01,Mendocino,045,87422,13071,3015,16086,124
2022-04-01,Merced,047,269075,63423,8917,72340,817
2022-04-01,Modoc,049,8938,738,250,988,8
2022-04-01,Mono,051,14174,2969,122,3091,6
2022-04-01,Monterey,053,433212,79421,13621,93042,728
2022-04-01,Napa,055,140530,25837,937,26774,144
2022-04-01,Nevada,057,99092,15962,1195,17157,131
2022-04-01,Orange,059,3164182,547835,41635,589470,7095
2022-04-01,Placer,061,380077,62837,7345,70182,624
2022-04-01,Plumas,063,18699,2969,364,3333,13
2022-04-01,Riverside,065,2383286,591445,27728,619173,6448
2022-04-01,Sacramento,067,1510023,281058,26878,307936,3041
2022-04-01,San Benito,069,59416,12967,515,13482,95
2022-04-01,San Bernardino,071,2135413,574128,24904,599032,7802
2022-04-01,San Diego,073,3302833,751142,52396,803538,5334
2022-04-01,San Francisco,075,870044,125344,8233,133577,865
2022-04-01,San Joaquin,077,732212,166737,9910,176647,2250
2022-04-01,San Luis Obispo,079,281455,52502,3743,56245,477
2022-04-01,San Mateo,081,765935,122178,6920,129098,706
2022-04-01,Santa Barbara,083,443738,85804,4692,90496,689
2022-04-01,Santa Clara,085,1922200,315867,12345,328212,2306
2022-04-01,Santa Cruz,087,273765,47884,2085,49969,259
2022-04-01,Shasta,089,179085,30566,6085,36651,561
2022-04-01,Sierra,091,2930,274,47,321,4
2022-04-01,Siskiyou,093,43540,4431,2717,7148,83
2022-04-01,Solano,095,438530,81563,5561,87124,449
2022-04-01,Sonoma,097,501317,83626,2617,86243,490
2022-04-01,Stanislaus,099,539301,117591,17804,135395,1688
2022-04-01,Sutter,101,95872,20480,2071,22551,224
2022-04-01,Tehama,103,63373,12040,2567,14607,207
2022-04-01,Trinity,105,12862,1183,287,1470,20
2022-04-01,Tulare,107,460477,106383,27575,133958,1490
2022-04-01,Tuolumne,109,53932,12684,559,13243,182
2022-04-01,Ventura,111,848112,173247,9391,182638,1499
2022-04-01,Yolo,113,214977,37102,2907,40009,360
2022-04-01,Yuba,115,75493,15829,1199,17028,126
2022-03-31,Alameda,001,1643700,256667,13741,270408,1850
2022-03-31,Alpine,002,1148,124,1,125,0
2022-03-31,Amador,005,37829,8525,639,9164,86
2022-03-31,Butte,007,227075,33208,7025,40233,427
2022-03-31,Calaveras,009,45235,7259,349,7608,119
2022-03-31,Colusa,011,21464,3448,1048,4496,21
2022-03-31,Contra Costa,013,1133247,192301,13405,205706,1300
2022-03-31,Del Norte,015,27424,5808,184,5992,49
2022-03-31,El Dorado,017,186661,26714,3188,29902,215
2022-03-31,Fresno,019,978130,235154,24376,259530,2758
2022-03-31,Glenn,021,27897,5000,1600,6600,56
2022-03-31,Humboldt,023,135768,16877,2944,19821,145
2022-03-31,Imperial,025,180216,55430,10516,65946,944
2022-03-31,Inyo,027,18085,4071,473,4544,56
2022-03-31,Kern,029,883053,191820,45762,237582,2340
2022-03-31,Kings,031,150075,51490,3516,55006,448
2022-03-31,Lake,033,64148,10699,882,11581,139
2022-03-31,Lassen,035,31185,8959,874,9833,62
2022-03-31,Los Angeles,037,10098052,2712864,122556,2835420,31767
2022-03-31,Madera,039,155013,37279,6020,43299,371
2022-03-31,Marin,041,260295,25119,2185,27304,239
2022-03-31,Mariposa,043,17540,2395,200,2595,28
2022-03-31,Mendocino,045,87422,13067,3015,16082,124
2022-03-31,Merced,047,269075,63418,8914,72332,817
2022-03-31,Modoc,049,8938,738,250,988,8
2022-03-31,Mono,051,14174,2969,122,3091,6
2022-03-31,Monterey,053,433212,79405,13610,93015,727
2022-03-31,Napa,055,140530,25830,935,26765,144
2022-03-31,Nevada,057,99092,15955,1194,17149,131
2022-03-31,Orange,059,3164182,547687,41621,589308,7094
2022-03-31,Placer,061,380077,62813,7342,70155,624
2022-03-31,Plumas,063,18699,2969,363,3332,13
2022-03-31,Riverside,065,2383286,591335,27725,619060,6448
2022-03-31,Sacramento,067,1510023,280982,26868,307850,3039
2022-03-31,San Benito,069,59416,12966,515,13481,95
2022-03-31,San Bernardino,071,2135413,574031,24893,598924,7801
2022-03-31,San Diego,073,3302833,750906,52369,803275,5334
2022-03-31,San Francisco,075,870044,125187,8221,133408,865
2022-03-31,San Joaquin,077,732212,166703,9895,176598,2250
2022-03-31,San Luis Obispo,079,281455,52488,3742,56230,477
2022-03-31,San Mateo,081,765935,122067,6919,128986,706
2022-03-31,Santa Barbara,083,443738,85774,4692,90466,689
2022-03-31,Santa Clara,085,1922200,315640,12334,327974,2306
2022-03-31,Santa Cruz,087,273765,47865,2083,49948,259
2022-03-31,Shasta,089,179085,30560,6085,36645,561
2022-03-31,Sierra,091,2930,271,47,318,4
2022-03-31,Siskiyou,093,43540,4430,2717,7147,83
2022-03-31,Solano,095,438530,81534,5558,87092,449
2022-03-31,Sonoma,097,501317,83583,2611,86194,490
2022-03-31,Stanislaus,099,539301,117574,17799,135373,1688
2022-03-31,Sutter,101,95872,20477,2070,22547,224
2022-03-31,Tehama,103,63373,12039,2566,14605,207
2022-03-31,Trinity,105,12862,1183,287,1470,20
2022-03-31,Tulare,107,460477,106373,27567,133940,1490
2022-03-31,Tuolumne,109,53932,12683,559,13242,182
2022-03-31,Ventura,111,848112,173208,9388,182596,1499
2022-03-31,Yolo,113,214977,37086,2907,39993,360
2022-03-31,Yuba,115,75493,15829,1196,17025,126
2022-03-30,Alameda,001,1643700,256536,13733,270269,1850
2022-03-30,Alpine,002,1148,124,1,125,0
2022-03-30,Amador,005,37829,8525,639,9164,86
2022-03-30,Butte,007,227075,33203,7019,40222,427
2022-03-30,Calaveras,009,45235,7257,348,7605,119
2022-03-30,Colusa,011,21464,3448,1048,4496,21
2022-03-30,Contra Costa,013,1133247,192240,13394,205634,1300
2022-03-30,Del Norte,015,27424,5806,184,5990,49
2022-03-30,El Dorado,017,186661,26705,3188,29893,214
2022-03-30,Fresno,019,978130,235143,24370,259513,2757
2022-03-30,Glenn,021,27897,4999,1600,6599,56
2022-03-30,Humboldt,023,135768,16874,2944,19818,145
2022-03-30,Imperial,025,180216,55426,10513,65939,944
2022-03-30,Inyo,027,18085,4070,471,4541,56
2022-03-30,Kern,029,883053,191792,45757,237549,2340
2022-03-30,Kings,031,150075,51484,3515,54999,448
2022-03-30,Lake,033,64148,10698,882,11580,139
2022-03-30,Lassen,035,31185,8959,874,9833,62
2022-03-30,Los Angeles,037,10098052,2712048,122502,2834550,31760
2022-03-30,Madera,039,155013,37273,6019,43292,371
2022-03-30,Marin,041,260295,25099,2166,27265,239
2022-03-30,Mariposa,043,17540,2395,200,2595,28
2022-03-30,Mendocino,045,87422,13063,3012,16075,124
2022-03-30,Merced,047,269075,63413,8909,72322,816
2022-03-30,Modoc,049,8938,738,250,988,8
2022-03-30,Mono,051,14174,2968,122,3090,6
2022-03-30,Monterey,053,433212,79388,13603,92991,727
2022-03-30,Napa,055,140530,25818,934,26752,144
2022-03-30,Nevada,057,99092,15952,1192,17144,131
2022-03-30,Orange,059,3164182,547534,41601,589135,7091
2022-03-30,Placer,061,380077,62798,7338,70136,624
2022-03-30,Plumas,063,18699,2969,361,3330,13
2022-03-30,Riverside,065,2383286,591252,27712,618964,6447
2022-03-30,Sacramento,067,1510023,280914,26861,307775,3038
2022-03-30,San Benito,069,59416,12962,515,13477,95
2022-03-30,San Bernardino,071,2135413,573947,24889,598836,7799
2022-03-30,San Diego,073,3302833,750675,52342,803017,5334
2022-03-30,San Francisco,075,870044,125081,8212,133293,865
2022-03-30,San Joaquin,077,732212,166674,9889,176563,2248
2022-03-30,San Luis Obispo,079,281455,52474,3738,56212,477
2022-03-30,San Mateo,081,765935,121967,6919,128886,706
2022-03-30,Santa Barbara,083,443738,85752,4689,90441,688
2022-03-30,Santa Clara,085,1922200,315457,12314,327771,2305
2022-03-30,Santa Cruz,087,273765,47809,2082,49891,259
2022-03-30,Shasta,089,179085,30557,6085,36642,560
2022-03-30,Sierra,091,2930,271,47,318,4
2022-03-30,Siskiyou,093,43540,4430,2717,7147,83
2022-03-30,Solano,095,438530,81515,5554,87069,449
2022-03-30,Sonoma,097,501317,83546,2610,86156,490
2022-03-30,Stanislaus,099,539301,117561,17796,135357,1688
2022-03-30,Sutter,101,95872,20472,2070,22542,224
2022-03-30,Tehama,103,63373,12038,2565,14603,207
2022-03-30,Trinity,105,12862,1182,287,1469,20
2022-03-30,Tulare,107,460477,106367,27560,133927,1490
2022-03-30,Tuolumne,109,53932,12681,559,13240,182
2022-03-30,Ventura,111,848112,173168,9380,182548,1497
2022-03-30,Yolo,113,214977,37076,2904,39980,360
2022-03-30,Yuba,115,75493,15827,1196,17023,126
2022-03-29,Alameda,001,1643700,256411,13723,270134,1848
2022-03-29,Alpine,002,1148,124,1,125,0
2022-03-29,Amador,005,37829,8525,639,9164,86
2022-03-29,Butte,007,227075,33200,7019,40219,427
2022-03-29,Calaveras,009,45235,7256,347,7603,119
2022-03-29,Colusa,011,21464,3448,1048,4496,21
2022-03-29,Contra Costa,013,1133247,192152,13387,205539,1300
2022-03-29,Del Norte,015,27424,5806,183,5989,49
2022-03-29,El Dorado,017,186661,26700,3188,29888,214
2022-03-29,Fresno,019,978130,235115,24366,259481,2755
2022-03-29,Glenn,021,27897,4999,1600,6599,56
2022-03-29,Humboldt,023,135768,16871,2941,19812,145
2022-03-29,Imperial,025,180216,55412,10512,65924,944
2022-03-29,Inyo,027,18085,4068,470,4538,56
2022-03-29,Kern,029,883053,191760,45750,237510,2340
2022-03-29,Kings,031,150075,51477,3514,54991,448
2022-03-29,Lake,033,64148,10694,882,11576,139
2022-03-29,Lassen,035,31185,8958,874,9832,62
2022-03-29,Los Angeles,037,10098052,2711218,122456,2833674,31756
2022-03-29,Madera,039,155013,37265,6016,43281,371
2022-03-29,Marin,041,260295,25079,2161,27240,239
2022-03-29,Mariposa,043,17540,2395,200,2595,28
2022-03-29,Mendocino,045,87422,13059,3011,16070,124
2022-03-29,Merced,047,269075,63400,8908,72308,816
2022-03-29,Modoc,049,8938,736,250,986,8
2022-03-29,Mono,051,14174,2968,122,3090,6
2022-03-29,Monterey,053,433212,79375,13595,92970,726
2022-03-29,Napa,055,140530,25811,934,26745,144
2022-03-29,Nevada,057,99092,15944,1192,17136,130
2022-03-29,Orange,059,3164182,547386,41585,588971,7088
2022-03-29,Placer,061,380077,62780,7333,70113,624
2022-03-29,Plumas,063,18699,2967,361,3328,13
2022-03-29,Riverside,065,2383286,591150,27704,618854,6447
2022-03-29,Sacramento,067,1510023,280848,26849,307697,3038
2022-03-29,San Benito,069,59416,12960,515,13475,95
2022-03-29,San Bernardino,071,2135413,573851,24881,598732,7798
2022-03-29,San Diego,073,3302833,750433,52319,802752,5333
2022-03-29,San Francisco,075,870044,124930,8206,133136,865
2022-03-29,San Joaquin,077,732212,166638,9881,176519,2248
2022-03-29,San Luis Obispo,079,281455,52458,3734,56192,477
2022-03-29,San Mateo,081,765935,121871,6917,128788,705
2022-03-29,Santa Barbara,083,443738,85729,4689,90418,687
2022-03-29,Santa Clara,085,1922200,315218,12297,327515,2304
2022-03-29,Santa Cruz,087,273765,47789,2081,49870,259
2022-03-29,Shasta,089,179085,30550,6083,36633,560
2022-03-29,Sierra,091,2930,271,47,318,4
2022-03-29,Siskiyou,093,43540,4430,2716,7146,83
2022-03-29,Solano,095,438530,81491,5551,87042,448
2022-03-29,Sonoma,097,501317,83513,2604,86117,490
2022-03-29,Stanislaus,099,539301,117542,17790,135332,1687
2022-03-29,Sutter,101,95872,20470,2069,22539,224
2022-03-29,Tehama,103,63373,12036,2565,14601,207
2022-03-29,Trinity,105,12862,1182,287,1469,20
2022-03-29,Tulare,107,460477,106363,27555,133918,1490
2022-03-29,Tuolumne,109,53932,12678,559,13237,182
2022-03-29,Ventura,111,848112,173112,9379,182491,1495
2022-03-29,Yolo,113,214977,37063,2903,39966,360
2022-03-29,Yuba,115,75493,15823,1195,17018,126
2022-03-28,Alameda,001,1643700,256257,13714,269971,1848
2022-03-28,Alpine,002,1148,124,1,125,0
2022-03-28,Amador,005,37829,8524,639,9163,86
2022-03-28,Butte,007,227075,33183,7019,40202,427
2022-03-28,Calaveras,009,45235,7256,347,7603,119
2022-03-28,Colusa,011,21464,3448,1048,4496,21
2022-03-28,Contra Costa,013,1133247,192072,13382,205454,1300
2022-03-28,Del Norte,015,27424,5804,183,5987,49
2022-03-28,El Dorado,017,186661,26693,3186,29879,214
2022-03-28,Fresno,019,978130,235087,24349,259436,2754
2022-03-28,Glenn,021,27897,4998,1600,6598,56
2022-03-28,Humboldt,023,135768,16870,2941,19811,145
2022-03-28,Imperial,025,180216,55401,10512,65913,944
2022-03-28,Inyo,027,18085,4067,470,4537,56
2022-03-28,Kern,029,883053,191734,45741,237475,2340
2022-03-28,Kings,031,150075,51464,3514,54978,448
2022-03-28,Lake,033,64148,10692,882,11574,139
2022-03-28,Lassen,035,31185,8958,874,9832,62
2022-03-28,Los Angeles,037,10098052,2710349,122417,2832766,31746
2022-03-28,Madera,039,155013,37261,6016,43277,371
2022-03-28,Marin,041,260295,25054,2156,27210,239
2022-03-28,Mariposa,043,17540,2394,200,2594,28
2022-03-28,Mendocino,045,87422,13057,3010,16067,124
2022-03-28,Merced,047,269075,63390,8901,72291,816
2022-03-28,Modoc,049,8938,735,250,985,8
2022-03-28,Mono,051,14174,2968,122,3090,6
2022-03-28,Monterey,053,433212,79341,13591,92932,725
2022-03-28,Napa,055,140530,25805,933,26738,144
2022-03-28,Nevada,057,99092,15942,1192,17134,130
2022-03-28,Orange,059,3164182,547256,41559,588815,7086
2022-03-28,Placer,061,380077,62760,7332,70092,624
2022-03-28,Plumas,063,18699,2966,361,3327,13
2022-03-28,Riverside,065,2383286,591050,27696,618746,6445
2022-03-28,Sacramento,067,1510023,280779,26836,307615,3038
2022-03-28,San Benito,069,59416,12960,515,13475,95
2022-03-28,San Bernardino,071,2135413,573769,24870,598639,7797
2022-03-28,San Diego,073,3302833,750196,52285,802481,5331
2022-03-28,San Francisco,075,870044,124789,8196,132985,865
2022-03-28,San Joaquin,077,732212,166607,9879,176486,2248
2022-03-28,San Luis Obispo,079,281455,52433,3731,56164,477
2022-03-28,San Mateo,081,765935,121755,6912,128667,705
2022-03-28,Santa Barbara,083,443738,85702,4687,90389,687
2022-03-28,Santa Clara,085,1922200,314989,12288,327277,2303
2022-03-28,Santa Cruz,087,273765,47756,2081,49837,259
2022-03-28,Shasta,089,179085,30549,6082,36631,559
2022-03-28,Sierra,091,2930,271,47,318,4
2022-03-28,Siskiyou,093,43540,4429,2716,7145,83
2022-03-28,Solano,095,438530,81463,5546,87009,448
2022-03-28,Sonoma,097,501317,83467,2599,86066,489
2022-03-28,Stanislaus,099,539301,117530,17785,135315,1687
2022-03-28,Sutter,101,95872,20464,2069,22533,224
2022-03-28,Tehama,103,63373,12036,2565,14601,206
2022-03-28,Trinity,105,12862,1182,287,1469,20
2022-03-28,Tulare,107,460477,106351,27549,133900,1490
2022-03-28,Tuolumne,109,53932,12678,559,13237,182
2022-03-28,Ventura,111,848112,173074,9378,182452,1495
2022-03-28,Yolo,113,214977,37045,2901,39946,360
2022-03-28,Yuba,115,75493,15822,1193,17015,126
2022-03-27,Alameda,001,1643700,256070,13705,269775,1847
2022-03-27,Alpine,002,1148,124,1,125,0
2022-03-27,Amador,005,37829,8521,639,9160,86
2022-03-27,Butte,007,227075,33170,7013,40183,427
2022-03-27,Calaveras,009,45235,7254,347,7601,119
2022-03-27,Colusa,011,21464,3448,1048,4496,21
2022-03-27,Contra Costa,013,1133247,191958,13365,205323,1300
2022-03-27,Del Norte,015,27424,5803,183,5986,49
2022-03-27,El Dorado,017,186661,26679,3183,29862,214
2022-03-27,Fresno,019,978130,235040,24331,259371,2754
2022-03-27,Glenn,021,27897,4996,1600,6596,56
2022-03-27,Humboldt,023,135768,16866,2941,19807,145
2022-03-27,Imperial,025,180216,55388,10511,65899,944
2022-03-27,Inyo,027,18085,4066,468,4534,56
2022-03-27,Kern,029,883053,191696,45735,237431,2340
2022-03-27,Kings,031,150075,51455,3514,54969,448
2022-03-27,Lake,033,64148,10691,881,11572,139
2022-03-27,Lassen,035,31185,8958,874,9832,62
2022-03-27,Los Angeles,037,10098052,2709532,122370,2831902,31738
2022-03-27,Madera,039,155013,37257,6014,43271,371
2022-03-27,Marin,041,260295,25017,2146,27163,239
2022-03-27,Mariposa,043,17540,2394,200,2594,28
2022-03-27,Mendocino,045,87422,13053,3008,16061,124
2022-03-27,Merced,047,269075,63380,8900,72280,816
2022-03-27,Modoc,049,8938,734,248,982,8
2022-03-27,Mono,051,14174,2968,122,3090,6
2022-03-27,Monterey,053,433212,79320,13579,92899,725
2022-03-27,Napa,055,140530,25789,933,26722,144
2022-03-27,Nevada,057,99092,15938,1190,17128,130
2022-03-27,Orange,059,3164182,547122,41524,588646,7084
2022-03-27,Placer,061,380077,62743,7331,70074,624
2022-03-27,Plumas,063,18699,2965,359,3324,13
2022-03-27,Riverside,065,2383286,590964,27685,618649,6445
2022-03-27,Sacramento,067,1510023,280699,26827,307526,3038
2022-03-27,San Benito,069,59416,12955,514,13469,95
2022-03-27,San Bernardino,071,2135413,573652,24868,598520,7796
2022-03-27,San Diego,073,3302833,749940,52261,802201,5330
2022-03-27,San Francisco,075,870044,124604,8185,132789,861
2022-03-27,San Joaquin,077,732212,166572,9875,176447,2247
2022-03-27,San Luis Obispo,079,281455,52412,3729,56141,477
2022-03-27,San Mateo,081,765935,121650,6907,128557,705
2022-03-27,Santa Barbara,083,443738,85666,4685,90351,687
2022-03-27,Santa Clara,085,1922200,314778,12281,327059,2300
2022-03-27,Santa Cruz,087,273765,47723,2079,49802,259
2022-03-27,Shasta,089,179085,30544,6080,36624,559
2022-03-27,Sierra,091,2930,271,47,318,4
2022-03-27,Siskiyou,093,43540,4429,2715,7144,83
2022-03-27,Solano,095,438530,81421,5543,86964,448
2022-03-27,Sonoma,097,501317,83414,2595,86009,489
2022-03-27,Stanislaus,099,539301,117510,17783,135293,1687
2022-03-27,Sutter,101,95872,20458,2069,22527,224
2022-03-27,Tehama,103,63373,12036,2565,14601,205
2022-03-27,Trinity,105,12862,1182,287,1469,20
2022-03-27,Tulare,107,460477,106342,27540,133882,1487
2022-03-27,Tuolumne,109,53932,12677,559,13236,182
2022-03-27,Ventura,111,848112,173029,9376,182405,1495
2022-03-27,Yolo,113,214977,37024,2898,39922,360
2022-03-27,Yuba,115,75493,15819,1186,17005,126
2022-03-26,Alameda,001,1643700,255990,13704,269694,1847
2022-03-26,Alpine,002,1148,124,1,125,0
2022-03-26,Amador,005,37829,8521,639,9160,86
2022-03-26,Butte,007,227075,33166,7011,40177,427
2022-03-26,Calaveras,009,45235,7252,347,7599,119
2022-03-26,Colusa,011,21464,3446,1048,4494,21
2022-03-26,Contra Costa,013,1133247,191905,13362,205267,1300
2022-03-26,Del Norte,015,27424,5801,183,5984,49
2022-03-26,El Dorado,017,186661,26671,3181,29852,214
2022-03-26,Fresno,019,978130,235017,24330,259347,2754
2022-03-26,Glenn,021,27897,4995,1600,6595,56
2022-03-26,Humboldt,023,135768,16862,2941,19803,145
2022-03-26,Imperial,025,180216,55382,10510,65892,944
2022-03-26,Inyo,027,18085,4066,467,4533,56
2022-03-26,Kern,029,883053,191683,45731,237414,2339
2022-03-26,Kings,031,150075,51454,3514,54968,448
2022-03-26,Lake,033,64148,10691,881,11572,139
2022-03-26,Lassen,035,31185,8958,874,9832,62
2022-03-26,Los Angeles,037,10098052,2709076,122329,2831405,31732
2022-03-26,Madera,039,155013,37254,6012,43266,371
2022-03-26,Marin,041,260295,25006,2142,27148,239
2022-03-26,Mariposa,043,17540,2394,200,2594,27
2022-03-26,Mendocino,045,87422,13049,3008,16057,124
2022-03-26,Merced,047,269075,63373,8899,72272,816
2022-03-26,Modoc,049,8938,734,248,982,8
2022-03-26,Mono,051,14174,2968,122,3090,6
2022-03-26,Monterey,053,433212,79312,13577,92889,724
2022-03-26,Napa,055,140530,25785,933,26718,143
2022-03-26,Nevada,057,99092,15934,1190,17124,129
2022-03-26,Orange,059,3164182,547046,41513,588559,7084
2022-03-26,Placer,061,380077,62730,7327,70057,623
2022-03-26,Plumas,063,18699,2965,358,3323,13
2022-03-26,Riverside,065,2383286,590895,27684,618579,6443
2022-03-26,Sacramento,067,1510023,280666,26825,307491,3035
2022-03-26,San Benito,069,59416,12955,514,13469,95
2022-03-26,San Bernardino,071,2135413,573592,24864,598456,7794
2022-03-26,San Diego,073,3302833,749815,52255,802070,5330
2022-03-26,San Francisco,075,870044,124497,8179,132676,861
2022-03-26,San Joaquin,077,732212,166550,9874,176424,2247
2022-03-26,San Luis Obispo,079,281455,52406,3729,56135,477
2022-03-26,San Mateo,081,765935,121592,6899,128491,704
2022-03-26,Santa Barbara,083,443738,85646,4683,90329,687
2022-03-26,Santa Clara,085,1922200,314620,12274,326894,2298
2022-03-26,Santa Cruz,087,273765,47712,2079,49791,259
2022-03-26,Shasta,089,179085,30543,6079,36622,559
2022-03-26,Sierra,091,2930,271,47,318,4
2022-03-26,Siskiyou,093,43540,4428,2715,7143,83
2022-03-26,Solano,095,438530,81412,5543,86955,448
2022-03-26,Sonoma,097,501317,83384,2590,85974,489
2022-03-26,Stanislaus,099,539301,117503,17782,135285,1687
2022-03-26,Sutter,101,95872,20456,2069,22525,224
2022-03-26,Tehama,103,63373,12036,2564,14600,205
2022-03-26,Trinity,105,12862,1182,287,1469,20
2022-03-26,Tulare,107,460477,106334,27539,133873,1487
2022-03-26,Tuolumne,109,53932,12675,559,13234,181
2022-03-26,Ventura,111,848112,172987,9372,182359,1494
2022-03-26,Yolo,113,214977,37015,2898,39913,360
2022-03-26,Yuba,115,75493,15818,1186,17004,126
2022-03-25,Alameda,001,1643700,255925,13701,269626,1846
2022-03-25,Alpine,002,1148,124,1,125,0
2022-03-25,Amador,005,37829,8520,639,9159,86
2022-03-25,Butte,007,227075,33161,7011,40172,427
2022-03-25,Calaveras,009,45235,7251,347,7598,119
2022-03-25,Colusa,011,21464,3446,1048,4494,21
2022-03-25,Contra Costa,013,1133247,191857,13359,205216,1300
2022-03-25,Del Norte,015,27424,5801,183,5984,49
2022-03-25,El Dorado,017,186661,26667,3181,29848,214
2022-03-25,Fresno,019,978130,234988,24322,259310,2752
2022-03-25,Glenn,021,27897,4995,1600,6595,56
2022-03-25,Humboldt,023,135768,16862,2941,19803,145
2022-03-25,Imperial,025,180216,55377,10509,65886,944
2022-03-25,Inyo,027,18085,4065,467,4532,56
2022-03-25,Kern,029,883053,191673,45730,237403,2339
2022-03-25,Kings,031,150075,51453,3514,54967,448
2022-03-25,Lake,033,64148,10691,881,11572,139
2022-03-25,Lassen,035,31185,8957,874,9831,62
2022-03-25,Los Angeles,037,10098052,2708652,122297,2830949,31726
2022-03-25,Madera,039,155013,37253,6011,43264,371
2022-03-25,Marin,041,260295,24991,2133,27124,239
2022-03-25,Mariposa,043,17540,2394,200,2594,27
2022-03-25,Mendocino,045,87422,13049,3008,16057,124
2022-03-25,Merced,047,269075,63367,8898,72265,816
2022-03-25,Modoc,049,8938,734,248,982,8
2022-03-25,Mono,051,14174,2967,122,3089,6
2022-03-25,Monterey,053,433212,79301,13574,92875,724
2022-03-25,Napa,055,140530,25778,933,26711,143
2022-03-25,Nevada,057,99092,15933,1190,17123,129
2022-03-25,Orange,059,3164182,546972,41496,588468,7083
2022-03-25,Placer,061,380077,62723,7324,70047,621
2022-03-25,Plumas,063,18699,2964,358,3322,13
2022-03-25,Riverside,065,2383286,590835,27673,618508,6440
2022-03-25,Sacramento,067,1510023,280624,26823,307447,3034
2022-03-25,San Benito,069,59416,12955,514,13469,95
2022-03-25,San Bernardino,071,2135413,573552,24861,598413,7791
2022-03-25,San Diego,073,3302833,749692,52244,801936,5330
2022-03-25,San Francisco,075,870044,124417,8166,132583,861
2022-03-25,San Joaquin,077,732212,166536,9872,176408,2246
2022-03-25,San Luis Obispo,079,281455,52403,3728,56131,477
2022-03-25,San Mateo,081,765935,121539,6899,128438,702
2022-03-25,Santa Barbara,083,443738,85631,4681,90312,687
2022-03-25,Santa Clara,085,1922200,314469,12269,326738,2295
2022-03-25,Santa Cruz,087,273765,47704,2079,49783,259
2022-03-25,Shasta,089,179085,30539,6078,36617,559
2022-03-25,Sierra,091,2930,271,47,318,4
2022-03-25,Siskiyou,093,43540,4426,2713,7139,83
2022-03-25,Solano,095,438530,81398,5541,86939,448
2022-03-25,Sonoma,097,501317,83347,2590,85937,489
2022-03-25,Stanislaus,099,539301,117489,17781,135270,1686
2022-03-25,Sutter,101,95872,20451,2069,22520,224
2022-03-25,Tehama,103,63373,12034,2564,14598,205
2022-03-25,Trinity,105,12862,1182,287,1469,20
2022-03-25,Tulare,107,460477,106330,27539,133869,1487
2022-03-25,Tuolumne,109,53932,12674,559,13233,181
2022-03-25,Ventura,111,848112,172949,9372,182321,1493
2022-03-25,Yolo,113,214977,37003,2897,39900,360
2022-03-25,Yuba,115,75493,15813,1185,16998,126
2022-03-24,Alameda,001,1643700,255812,13685,269497,1845
2022-03-24,Alpine,002,1148,124,1,125,0
2022-03-24,Amador,005,37829,8520,639,9159,86
2022-03-24,Butte,007,227075,33155,7011,40166,427
2022-03-24,Calaveras,009,45235,7249,347,7596,119
2022-03-24,Colusa,011,21464,3446,1048,4494,21
2022-03-24,Contra Costa,013,1133247,191778,13356,205134,1300
2022-03-24,Del Norte,015,27424,5797,183,5980,49
2022-03-24,El Dorado,017,186661,26657,3181,29838,214
2022-03-24,Fresno,019,978130,234946,24312,259258,2752
2022-03-24,Glenn,021,27897,4994,1600,6594,56
2022-03-24,Humboldt,023,135768,16857,2939,19796,145
2022-03-24,Imperial,025,180216,55370,10509,65879,944
2022-03-24,Inyo,027,18085,4064,467,4531,56
2022-03-24,Kern,029,883053,191663,45728,237391,2338
2022-03-24,Kings,031,150075,51444,3512,54956,448
2022-03-24,Lake,033,64148,10690,881,11571,139
2022-03-24,Lassen,035,31185,8956,874,9830,62
2022-03-24,Los Angeles,037,10098052,2708079,122253,2830332,31711
2022-03-24,Madera,039,155013,37251,6009,43260,371
2022-03-24,Marin,041,260295,24969,2124,27093,239
2022-03-24,Mariposa,043,17540,2394,200,2594,27
2022-03-24,Mendocino,045,87422,13043,3005,16048,123
2022-03-24,Merced,047,269075,63360,8897,72257,815
2022-03-24,Modoc,049,8938,734,248,982,8
2022-03-24,Mono,051,14174,2967,122,3089,6
2022-03-24,Monterey,053,433212,79275,13560,92835,724
2022-03-24,Napa,055,140530,25769,933,26702,142
2022-03-24,Nevada,057,99092,15929,1189,17118,129
2022-03-24,Orange,059,3164182,546868,41481,588349,7082
2022-03-24,Placer,061,380077,62703,7323,70026,621
2022-03-24,Plumas,063,18699,2964,358,3322,13
2022-03-24,Riverside,065,2383286,590758,27665,618423,6440
2022-03-24,Sacramento,067,1510023,280554,26819,307373,3033
2022-03-24,San Benito,069,59416,12954,513,13467,95
2022-03-24,San Bernardino,071,2135413,573467,24857,598324,7785
2022-03-24,San Diego,073,3302833,749485,52231,801716,5327
2022-03-24,San Francisco,075,870044,124334,8160,132494,861
2022-03-24,San Joaquin,077,732212,166509,9872,176381,2246
2022-03-24,San Luis Obispo,079,281455,52387,3727,56114,477
2022-03-24,San Mateo,081,765935,121490,6896,128386,701
2022-03-24,Santa Barbara,083,443738,85616,4678,90294,687
2022-03-24,Santa Clara,085,1922200,314322,12253,326575,2295
2022-03-24,Santa Cruz,087,273765,47686,2078,49764,259
2022-03-24,Shasta,089,179085,30531,6078,36609,559
2022-03-24,Sierra,091,2930,271,47,318,4
2022-03-24,Siskiyou,093,43540,4424,2713,7137,83
2022-03-24,Solano,095,438530,81379,5540,86919,448
2022-03-24,Sonoma,097,501317,83312,2588,85900,489
2022-03-24,Stanislaus,099,539301,117480,17778,135258,1686
2022-03-24,Sutter,101,95872,20446,2069,22515,224
2022-03-24,Tehama,103,63373,12032,2563,14595,205
2022-03-24,Trinity,105,12862,1182,287,1469,20
2022-03-24,Tulare,107,460477,106319,27534,133853,1486
2022-03-24,Tuolumne,109,53932,12672,559,13231,181
2022-03-24,Ventura,111,848112,172906,9369,182275,1492
2022-03-24,Yolo,113,214977,36997,2893,39890,359
2022-03-24,Yuba,115,75493,15809,1183,16992,125
2022-03-23,Alameda,001,1643700,255678,13674,269352,1845
2022-03-23,Alpine,002,1148,124,1,125,0
2022-03-23,Amador,005,37829,8520,639,9159,86
2022-03-23,Butte,007,227075,33140,7010,40150,427
2022-03-23,Calaveras,009,45235,7244,347,7591,119
2022-03-23,Colusa,011,21464,3445,1048,4493,21
2022-03-23,Contra Costa,013,1133247,191680,13345,205025,1300
2022-03-23,Del Norte,015,27424,5795,183,5978,49
2022-03-23,El Dorado,017,186661,26651,3181,29832,214
2022-03-23,Fresno,019,978130,234910,24299,259209,2750
2022-03-23,Glenn,021,27897,4994,1600,6594,56
2022-03-23,Humboldt,023,135768,16856,2938,19794,145
2022-03-23,Imperial,025,180216,55364,10508,65872,943
2022-03-23,Inyo,027,18085,4064,467,4531,56
2022-03-23,Kern,029,883053,191646,45723,237369,2338
2022-03-23,Kings,031,150075,51432,3512,54944,448
2022-03-23,Lake,033,64148,10686,880,11566,139
2022-03-23,Lassen,035,31185,8955,873,9828,62
2022-03-23,Los Angeles,037,10098052,2707399,122224,2829623,31708
2022-03-23,Madera,039,155013,37246,6007,43253,371
2022-03-23,Marin,041,260295,24943,2119,27062,239
2022-03-23,Mariposa,043,17540,2392,199,2591,27
2022-03-23,Mendocino,045,87422,13039,3004,16043,123
2022-03-23,Merced,047,269075,63349,8894,72243,815
2022-03-23,Modoc,049,8938,734,248,982,8
2022-03-23,Mono,051,14174,2967,122,3089,6
2022-03-23,Monterey,053,433212,79258,13536,92794,724
2022-03-23,Napa,055,140530,25754,931,26685,142
2022-03-23,Nevada,057,99092,15927,1189,17116,129
2022-03-23,Orange,059,3164182,546735,41468,588203,7080
2022-03-23,Placer,061,380077,62685,7321,70006,621
2022-03-23,Plumas,063,18699,2964,358,3322,13
2022-03-23,Riverside,065,2383286,590684,27660,618344,6438
2022-03-23,Sacramento,067,1510023,280491,26811,307302,3033
2022-03-23,San Benito,069,59416,12953,513,13466,95
2022-03-23,San Bernardino,071,2135413,573394,24853,598247,7783
2022-03-23,San Diego,073,3302833,749292,52208,801500,5324
2022-03-23,San Francisco,075,870044,124220,8153,132373,861
2022-03-23,San Joaquin,077,732212,166472,9864,176336,2246
2022-03-23,San Luis Obispo,079,281455,52370,3722,56092,477
2022-03-23,San Mateo,081,765935,121405,6886,128291,701
2022-03-23,Santa Barbara,083,443738,85599,4677,90276,687
2022-03-23,Santa Clara,085,1922200,314154,12241,326395,2294
2022-03-23,Santa Cruz,087,273765,47667,2074,49741,259
2022-03-23,Shasta,089,179085,30527,6077,36604,558
2022-03-23,Sierra,091,2930,271,47,318,4
2022-03-23,Siskiyou,093,43540,4424,2713,7137,83
2022-03-23,Solano,095,438530,81345,5539,86884,448
2022-03-23,Sonoma,097,501317,83279,2585,85864,489
2022-03-23,Stanislaus,099,539301,117463,17775,135238,1686
2022-03-23,Sutter,101,95872,20443,2069,22512,224
2022-03-23,Tehama,103,63373,12029,2563,14592,205
2022-03-23,Trinity,105,12862,1182,287,1469,20
2022-03-23,Tulare,107,460477,106302,27529,133831,1485
2022-03-23,Tuolumne,109,53932,12671,559,13230,181
2022-03-23,Ventura,111,848112,172858,9367,182225,1491
2022-03-23,Yolo,113,214977,36978,2891,39869,358
2022-03-23,Yuba,115,75493,15802,1182,16984,125
2022-03-22,Alameda,001,1643700,255555,13611,269166,1844
2022-03-22,Alpine,002,1148,124,1,125,0
2022-03-22,Amador,005,37829,8519,638,9157,86
2022-03-22,Butte,007,227075,33130,7005,40135,427
2022-03-22,Calaveras,009,45235,7242,347,7589,119
2022-03-22,Colusa,011,21464,3444,1048,4492,21
2022-03-22,Contra Costa,013,1133247,191603,13324,204927,1300
2022-03-22,Del Norte,015,27424,5789,183,5972,49
2022-03-22,El Dorado,017,186661,26644,3181,29825,214
2022-03-22,Fresno,019,978130,234861,24290,259151,2750
2022-03-22,Glenn,021,27897,4992,1600,6592,56
2022-03-22,Humboldt,023,135768,16853,2938,19791,145
2022-03-22,Imperial,025,180216,55353,10506,65859,943
2022-03-22,Inyo,027,18085,4064,467,4531,56
2022-03-22,Kern,029,883053,191623,45715,237338,2338
2022-03-22,Kings,031,150075,51421,3511,54932,446
2022-03-22,Lake,033,64148,10684,879,11563,139
2022-03-22,Lassen,035,31185,8955,873,9828,62
2022-03-22,Los Angeles,037,10098052,2706732,122178,2828910,31701
2022-03-22,Madera,039,155013,37243,6004,43247,371
2022-03-22,Marin,041,260295,24917,2115,27032,239
2022-03-22,Mariposa,043,17540,2390,199,2589,27
2022-03-22,Mendocino,045,87422,13034,3002,16036,123
2022-03-22,Merced,047,269075,63338,8890,72228,815
2022-03-22,Modoc,049,8938,734,248,982,8
2022-03-22,Mono,051,14174,2967,122,3089,6
2022-03-22,Monterey,053,433212,79242,13527,92769,724
2022-03-22,Napa,055,140530,25743,930,26673,142
2022-03-22,Nevada,057,99092,15919,1189,17108,129
2022-03-22,Orange,059,3164182,546592,41451,588043,7078
2022-03-22,Placer,061,380077,62672,7319,69991,621
2022-03-22,Plumas,063,18699,2963,358,3321,13
2022-03-22,Riverside,065,2383286,590609,27657,618266,6438
2022-03-22,Sacramento,067,1510023,280415,26800,307215,3032
2022-03-22,San Benito,069,59416,12952,512,13464,95
2022-03-22,San Bernardino,071,2135413,573312,24833,598145,7781
2022-03-22,San Diego,073,3302833,749094,52188,801282,5324
2022-03-22,San Francisco,075,870044,124113,8147,132260,861
2022-03-22,San Joaquin,077,732212,166444,9861,176305,2245
2022-03-22,San Luis Obispo,079,281455,52362,3722,56084,477
2022-03-22,San Mateo,081,765935,121332,6883,128215,700
2022-03-22,Santa Barbara,083,443738,85582,4676,90258,687
2022-03-22,Santa Clara,085,1922200,313975,12230,326205,2293
2022-03-22,Santa Cruz,087,273765,47647,2073,49720,259
2022-03-22,Shasta,089,179085,30521,6077,36598,557
2022-03-22,Sierra,091,2930,271,47,318,4
2022-03-22,Siskiyou,093,43540,4424,2712,7136,83
2022-03-22,Solano,095,438530,81322,5536,86858,448
2022-03-22,Sonoma,097,501317,83250,2582,85832,489
2022-03-22,Stanislaus,099,539301,117446,17771,135217,1685
2022-03-22,Sutter,101,95872,20442,2066,22508,224
2022-03-22,Tehama,103,63373,12027,2563,14590,205
2022-03-22,Trinity,105,12862,1182,287,1469,20
2022-03-22,Tulare,107,460477,106290,27521,133811,1484
2022-03-22,Tuolumne,109,53932,12671,559,13230,181
2022-03-22,Ventura,111,848112,172809,9365,182174,1489
2022-03-22,Yolo,113,214977,36958,2890,39848,358
2022-03-22,Yuba,115,75493,15799,1181,16980,124
2022-03-21,Alameda,001,1643700,255330,13604,268934,1844
2022-03-21,Alpine,002,1148,124,1,125,0
2022-03-21,Amador,005,37829,8516,637,9153,86
2022-03-21,Butte,007,227075,33119,7002,40121,427
2022-03-21,Calaveras,009,45235,7241,347,7588,119
2022-03-21,Colusa,011,21464,3444,1048,4492,21
2022-03-21,Contra Costa,013,1133247,191539,13309,204848,1299
2022-03-21,Del Norte,015,27424,5788,183,5971,49
2022-03-21,El Dorado,017,186661,26633,3181,29814,214
2022-03-21,Fresno,019,978130,234812,24281,259093,2749
2022-03-21,Glenn,021,27897,4990,1595,6585,56
2022-03-21,Humboldt,023,135768,16843,2926,19769,145
2022-03-21,Imperial,025,180216,55339,10505,65844,943
2022-03-21,Inyo,027,18085,4063,467,4530,56
2022-03-21,Kern,029,883053,191590,45709,237299,2336
2022-03-21,Kings,031,150075,51407,3509,54916,446
2022-03-21,Lake,033,64148,10682,879,11561,139
2022-03-21,Lassen,035,31185,8954,873,9827,62
2022-03-21,Los Angeles,037,10098052,2705874,122130,2828004,31693
2022-03-21,Madera,039,155013,37237,6001,43238,371
2022-03-21,Marin,041,260295,24873,2110,26983,239
2022-03-21,Mariposa,043,17540,2389,198,2587,27
2022-03-21,Mendocino,045,87422,13026,3000,16026,123
2022-03-21,Merced,047,269075,63326,8885,72211,815
2022-03-21,Modoc,049,8938,732,248,980,8
2022-03-21,Mono,051,14174,2967,122,3089,6
2022-03-21,Monterey,053,433212,79193,13514,92707,724
2022-03-21,Napa,055,140530,25735,928,26663,142
2022-03-21,Nevada,057,99092,15915,1188,17103,129
2022-03-21,Orange,059,3164182,546441,41434,587875,7074
2022-03-21,Placer,061,380077,62652,7318,69970,620
2022-03-21,Plumas,063,18699,2963,358,3321,13
2022-03-21,Riverside,065,2383286,590528,27653,618181,6438
2022-03-21,Sacramento,067,1510023,280325,26784,307109,3032
2022-03-21,San Benito,069,59416,12946,512,13458,95
2022-03-21,San Bernardino,071,2135413,573224,24820,598044,7779
2022-03-21,San Diego,073,3302833,748869,52169,801038,5322
2022-03-21,San Francisco,075,870044,123945,8138,132083,860
2022-03-21,San Joaquin,077,732212,166418,9858,176276,2244
2022-03-21,San Luis Obispo,079,281455,52337,3717,56054,476
2022-03-21,San Mateo,081,765935,121173,6881,128054,700
2022-03-21,Santa Barbara,083,443738,85567,4674,90241,686
2022-03-21,Santa Clara,085,1922200,313713,12227,325940,2292
2022-03-21,Santa Cruz,087,273765,47611,2072,49683,259
2022-03-21,Shasta,089,179085,30515,6075,36590,557
2022-03-21,Sierra,091,2930,271,47,318,4
2022-03-21,Siskiyou,093,43540,4424,2712,7136,83
2022-03-21,Solano,095,438530,81294,5535,86829,448
2022-03-21,Sonoma,097,501317,83208,2580,85788,489
2022-03-21,Stanislaus,099,539301,117411,17769,135180,1685
2022-03-21,Sutter,101,95872,20439,2054,22493,223
2022-03-21,Tehama,103,63373,12023,2563,14586,205
2022-03-21,Trinity,105,12862,1182,287,1469,20
2022-03-21,Tulare,107,460477,106270,27516,133786,1484
2022-03-21,Tuolumne,109,53932,12671,559,13230,181
2022-03-21,Ventura,111,848112,172739,9361,182100,1489
2022-03-21,Yolo,113,214977,36942,2888,39830,358
2022-03-21,Yuba,115,75493,15796,1180,16976,124
2022-03-20,Alameda,001,1643700,255193,13594,268787,1844
2022-03-20,Alpine,002,1148,122,1,123,0
2022-03-20,Amador,005,37829,8513,637,9150,86
2022-03-20,Butte,007,227075,33105,6998,40103,427
2022-03-20,Calaveras,009,45235,7241,344,7585,119
2022-03-20,Colusa,011,21464,3444,1048,4492,21
2022-03-20,Contra Costa,013,1133247,191436,13299,204735,1297
2022-03-20,Del Norte,015,27424,5786,183,5969,49
2022-03-20,El Dorado,017,186661,26624,3181,29805,213
2022-03-20,Fresno,019,978130,234734,24270,259004,2749
2022-03-20,Glenn,021,27897,4989,1595,6584,56
2022-03-20,Humboldt,023,135768,16841,2924,19765,144
2022-03-20,Imperial,025,180216,55328,10505,65833,941
2022-03-20,Inyo,027,18085,4063,467,4530,56
2022-03-20,Kern,029,883053,191548,45704,237252,2335
2022-03-20,Kings,031,150075,51396,3509,54905,446
2022-03-20,Lake,033,64148,10678,879,11557,139
2022-03-20,Lassen,035,31185,8952,873,9825,62
2022-03-20,Los Angeles,037,10098052,2705082,122087,2827169,31684
2022-03-20,Madera,039,155013,37232,5998,43230,371
2022-03-20,Marin,041,260295,24857,2109,26966,239
2022-03-20,Mariposa,043,17540,2389,198,2587,27
2022-03-20,Mendocino,045,87422,13019,2995,16014,123
2022-03-20,Merced,047,269075,63314,8881,72195,814
2022-03-20,Modoc,049,8938,732,248,980,8
2022-03-20,Mono,051,14174,2965,122,3087,6
2022-03-20,Monterey,053,433212,79161,13503,92664,724
2022-03-20,Napa,055,140530,25723,927,26650,142
2022-03-20,Nevada,057,99092,15911,1188,17099,129
2022-03-20,Orange,059,3164182,546319,41415,587734,7071
2022-03-20,Placer,061,380077,62630,7318,69948,620
2022-03-20,Plumas,063,18699,2963,358,3321,13
2022-03-20,Riverside,065,2383286,590432,27649,618081,6435
2022-03-20,Sacramento,067,1510023,280242,26771,307013,3031
2022-03-20,San Benito,069,59416,12946,511,13457,95
2022-03-20,San Bernardino,071,2135413,573143,24811,597954,7774
2022-03-20,San Diego,073,3302833,748633,52135,800768,5319
2022-03-20,San Francisco,075,870044,123797,8126,131923,859
2022-03-20,San Joaquin,077,732212,166387,9853,176240,2243
2022-03-20,San Luis Obispo,079,281455,52313,3714,56027,476
2022-03-20,San Mateo,081,765935,121113,6875,127988,700
2022-03-20,Santa Barbara,083,443738,85541,4673,90214,685
2022-03-20,Santa Clara,085,1922200,313505,12219,325724,2291
2022-03-20,Santa Cruz,087,273765,47584,2071,49655,259
2022-03-20,Shasta,089,179085,30506,6074,36580,556
2022-03-20,Sierra,091,2930,271,47,318,4
2022-03-20,Siskiyou,093,43540,4423,2712,7135,83
2022-03-20,Solano,095,438530,81264,5533,86797,448
2022-03-20,Sonoma,097,501317,83163,2579,85742,489
2022-03-20,Stanislaus,099,539301,117386,17766,135152,1684
2022-03-20,Sutter,101,95872,20432,2046,22478,223
2022-03-20,Tehama,103,63373,12021,2563,14584,205
2022-03-20,Trinity,105,12862,1182,287,1469,20
2022-03-20,Tulare,107,460477,106250,27504,133754,1484
2022-03-20,Tuolumne,109,53932,12666,559,13225,181
2022-03-20,Ventura,111,848112,172689,9356,182045,1488
2022-03-20,Yolo,113,214977,36924,2887,39811,358
2022-03-20,Yuba,115,75493,15787,1178,16965,124
2022-03-19,Alameda,001,1643700,255117,13592,268709,1844
2022-03-19,Alpine,002,1148,122,1,123,0
2022-03-19,Amador,005,37829,8510,637,9147,86
2022-03-19,Butte,007,227075,33097,6998,40095,427
2022-03-19,Calaveras,009,45235,7241,344,7585,119
2022-03-19,Colusa,011,21464,3442,1048,4490,21
2022-03-19,Contra Costa,013,1133247,191400,13298,204698,1297
2022-03-19,Del Norte,015,27424,5783,183,5966,49
2022-03-19,El Dorado,017,186661,26620,3181,29801,213
2022-03-19,Fresno,019,978130,234711,24269,258980,2748
2022-03-19,Glenn,021,27897,4989,1595,6584,56
2022-03-19,Humboldt,023,135768,16835,2924,19759,144
2022-03-19,Imperial,025,180216,55327,10504,65831,941
2022-03-19,Inyo,027,18085,4063,467,4530,56
2022-03-19,Kern,029,883053,191533,45696,237229,2334
2022-03-19,Kings,031,150075,51391,3509,54900,446
2022-03-19,Lake,033,64148,10678,879,11557,139
2022-03-19,Lassen,035,31185,8952,873,9825,62
2022-03-19,Los Angeles,037,10098052,2704705,122053,2826758,31671
2022-03-19,Madera,039,155013,37232,5998,43230,371
2022-03-19,Marin,041,260295,24838,2105,26943,238
2022-03-19,Mariposa,043,17540,2388,198,2586,27
2022-03-19,Mendocino,045,87422,13019,2995,16014,123
2022-03-19,Merced,047,269075,63309,8878,72187,814
2022-03-19,Modoc,049,8938,732,248,980,8
2022-03-19,Mono,051,14174,2965,122,3087,6
2022-03-19,Monterey,053,433212,79150,13496,92646,724
2022-03-19,Napa,055,140530,25719,927,26646,142
2022-03-19,Nevada,057,99092,15909,1188,17097,129
2022-03-19,Orange,059,3164182,546246,41399,587645,7069
2022-03-19,Placer,061,380077,62616,7318,69934,619
2022-03-19,Plumas,063,18699,2963,358,3321,13
2022-03-19,Riverside,065,2383286,590383,27642,618025,6434
2022-03-19,Sacramento,067,1510023,280200,26767,306967,3029
2022-03-19,San Benito,069,59416,12945,511,13456,95
2022-03-19,San Bernardino,071,2135413,573097,24809,597906,7771
2022-03-19,San Diego,073,3302833,748533,52121,800654,5318
2022-03-19,San Francisco,075,870044,123727,8124,131851,859
2022-03-19,San Joaquin,077,732212,166362,9850,176212,2241
2022-03-19,San Luis Obispo,079,281455,52307,3714,56021,475
2022-03-19,San Mateo,081,765935,121076,6874,127950,700
2022-03-19,Santa Barbara,083,443738,85526,4672,90198,683
2022-03-19,Santa Clara,085,1922200,313383,12210,325593,2288
2022-03-19,Santa Cruz,087,273765,47576,2067,49643,259
2022-03-19,Shasta,089,179085,30502,6074,36576,556
2022-03-19,Sierra,091,2930,271,47,318,4
2022-03-19,Siskiyou,093,43540,4422,2712,7134,83
2022-03-19,Solano,095,438530,81255,5530,86785,447
2022-03-19,Sonoma,097,501317,83146,2576,85722,489
2022-03-19,Stanislaus,099,539301,117376,17764,135140,1682
2022-03-19,Sutter,101,95872,20429,2046,22475,223
2022-03-19,Tehama,103,63373,12021,2563,14584,205
2022-03-19,Trinity,105,12862,1182,287,1469,20
2022-03-19,Tulare,107,460477,106241,27499,133740,1483
2022-03-19,Tuolumne,109,53932,12665,559,13224,181
2022-03-19,Ventura,111,848112,172658,9355,182013,1488
2022-03-19,Yolo,113,214977,36915,2887,39802,358
2022-03-19,Yuba,115,75493,15783,1177,16960,124
2022-03-18,Alameda,001,1643700,255055,13588,268643,1844
2022-03-18,Alpine,002,1148,122,1,123,0
2022-03-18,Amador,005,37829,8510,637,9147,86
2022-03-18,Butte,007,227075,33091,6995,40086,427
2022-03-18,Calaveras,009,45235,7241,344,7585,119
2022-03-18,Colusa,011,21464,3442,1048,4490,21
2022-03-18,Contra Costa,013,1133247,191368,13296,204664,1297
2022-03-18,Del Norte,015,27424,5781,183,5964,49
2022-03-18,El Dorado,017,186661,26615,3179,29794,213
2022-03-18,Fresno,019,978130,234678,24269,258947,2747
2022-03-18,Glenn,021,27897,4988,1595,6583,56
2022-03-18,Humboldt,023,135768,16832,2923,19755,144
2022-03-18,Imperial,025,180216,55325,10504,65829,941
2022-03-18,Inyo,027,18085,4063,467,4530,56
2022-03-18,Kern,029,883053,191522,45693,237215,2334
2022-03-18,Kings,031,150075,51383,3509,54892,446
2022-03-18,Lake,033,64148,10676,878,11554,139
2022-03-18,Lassen,035,31185,8951,873,9824,62
2022-03-18,Los Angeles,037,10098052,2704351,122027,2826378,31663
2022-03-18,Madera,039,155013,37227,5998,43225,371
2022-03-18,Marin,041,260295,24824,2105,26929,238
2022-03-18,Mariposa,043,17540,2387,198,2585,27
2022-03-18,Mendocino,045,87422,13015,2995,16010,123
2022-03-18,Merced,047,269075,63297,8878,72175,814
2022-03-18,Modoc,049,8938,732,248,980,8
2022-03-18,Mono,051,14174,2964,122,3086,6
2022-03-18,Monterey,053,433212,79131,13494,92625,724
2022-03-18,Napa,055,140530,25716,927,26643,142
2022-03-18,Nevada,057,99092,15906,1187,17093,129
2022-03-18,Orange,059,3164182,546178,41390,587568,7068
2022-03-18,Placer,061,380077,62607,7318,69925,619
2022-03-18,Plumas,063,18699,2963,358,3321,13
2022-03-18,Riverside,065,2383286,590322,27638,617960,6432
2022-03-18,Sacramento,067,1510023,280164,26763,306927,3028
2022-03-18,San Benito,069,59416,12943,511,13454,94
2022-03-18,San Bernardino,071,2135413,573059,24807,597866,7769
2022-03-18,San Diego,073,3302833,748425,52106,800531,5317
2022-03-18,San Francisco,075,870044,123647,8119,131766,859
2022-03-18,San Joaquin,077,732212,166347,9845,176192,2240
2022-03-18,San Luis Obispo,079,281455,52300,3714,56014,474
2022-03-18,San Mateo,081,765935,121041,6871,127912,699
2022-03-18,Santa Barbara,083,443738,85516,4671,90187,682
2022-03-18,Santa Clara,085,1922200,313277,12207,325484,2288
2022-03-18,Santa Cruz,087,273765,47564,2066,49630,259
2022-03-18,Shasta,089,179085,30501,6074,36575,554
2022-03-18,Sierra,091,2930,271,47,318,4
2022-03-18,Siskiyou,093,43540,4422,2712,7134,83
2022-03-18,Solano,095,438530,81244,5524,86768,447
2022-03-18,Sonoma,097,501317,83125,2575,85700,489
2022-03-18,Stanislaus,099,539301,117363,17764,135127,1681
2022-03-18,Sutter,101,95872,20426,2046,22472,223
2022-03-18,Tehama,103,63373,12020,2563,14583,205
2022-03-18,Trinity,105,12862,1182,287,1469,20
2022-03-18,Tulare,107,460477,106235,27494,133729,1483
2022-03-18,Tuolumne,109,53932,12664,559,13223,181
2022-03-18,Ventura,111,848112,172638,9350,181988,1488
2022-03-18,Yolo,113,214977,36904,2887,39791,358
2022-03-18,Yuba,115,75493,15781,1177,16958,124
2022-03-17,Alameda,001,1643700,254954,13582,268536,1843
2022-03-17,Alpine,002,1148,122,1,123,0
2022-03-17,Amador,005,37829,8503,637,9140,86
2022-03-17,Butte,007,227075,33078,6993,40071,427
2022-03-17,Calaveras,009,45235,7238,344,7582,119
2022-03-17,Colusa,011,21464,3442,1048,4490,21
2022-03-17,Contra Costa,013,1133247,191304,13285,204589,1296
2022-03-17,Del Norte,015,27424,5779,183,5962,49
2022-03-17,El Dorado,017,186661,26609,3179,29788,213
2022-03-17,Fresno,019,978130,234628,24265,258893,2744
2022-03-17,Glenn,021,27897,4988,1595,6583,56
2022-03-17,Humboldt,023,135768,16828,2921,19749,144
2022-03-17,Imperial,025,180216,55314,10504,65818,941
2022-03-17,Inyo,027,18085,4063,467,4530,56
2022-03-17,Kern,029,883053,191491,45690,237181,2333
2022-03-17,Kings,031,150075,51380,3508,54888,445
2022-03-17,Lake,033,64148,10673,878,11551,139
2022-03-17,Lassen,035,31185,8949,873,9822,62
2022-03-17,Los Angeles,037,10098052,2703693,121992,2825685,31653
2022-03-17,Madera,039,155013,37223,5998,43221,371
2022-03-17,Marin,041,260295,24812,2104,26916,238
2022-03-17,Mariposa,043,17540,2387,198,2585,27
2022-03-17,Mendocino,045,87422,13011,2992,16003,123
2022-03-17,Merced,047,269075,63291,8875,72166,813
2022-03-17,Modoc,049,8938,732,248,980,8
2022-03-17,Mono,051,14174,2964,121,3085,6
2022-03-17,Monterey,053,433212,79108,13489,92597,724
2022-03-17,Napa,055,140530,25711,927,26638,142
2022-03-17,Nevada,057,99092,15903,1187,17090,129
2022-03-17,Orange,059,3164182,546084,41380,587464,7067
2022-03-17,Placer,061,380077,62591,7316,69907,618
2022-03-17,Plumas,063,18699,2962,358,3320,13
2022-03-17,Riverside,065,2383286,590242,27631,617873,6431
2022-03-17,Sacramento,067,1510023,280098,26757,306855,3027
2022-03-17,San Benito,069,59416,12942,511,13453,94
2022-03-17,San Bernardino,071,2135413,572996,24804,597800,7767
2022-03-17,San Diego,073,3302833,748250,52090,800340,5315
2022-03-17,San Francisco,075,870044,123567,8114,131681,859
2022-03-17,San Joaquin,077,732212,166327,9843,176170,2239
2022-03-17,San Luis Obispo,079,281455,52286,3712,55998,473
2022-03-17,San Mateo,081,765935,120993,6867,127860,699
2022-03-17,Santa Barbara,083,443738,85501,4671,90172,682
2022-03-17,Santa Clara,085,1922200,313156,12203,325359,2287
2022-03-17,Santa Cruz,087,273765,47548,2064,49612,259
2022-03-17,Shasta,089,179085,30497,6072,36569,554
2022-03-17,Sierra,091,2930,271,47,318,4
2022-03-17,Siskiyou,093,43540,4422,2712,7134,83
2022-03-17,Solano,095,438530,81215,5520,86735,447
2022-03-17,Sonoma,097,501317,83096,2573,85669,489
2022-03-17,Stanislaus,099,539301,117348,17759,135107,1677
2022-03-17,Sutter,101,95872,20416,2035,22451,223
2022-03-17,Tehama,103,63373,12020,2563,14583,205
2022-03-17,Trinity,105,12862,1182,287,1469,20
2022-03-17,Tulare,107,460477,106220,27484,133704,1481
2022-03-17,Tuolumne,109,53932,12662,558,13220,181
2022-03-17,Ventura,111,848112,172589,9348,181937,1488
2022-03-17,Yolo,113,214977,36890,2887,39777,358
2022-03-17,Yuba,115,75493,15779,1176,16955,124
2022-03-16,Alameda,001,1643700,254855,13579,268434,1843
2022-03-16,Alpine,002,1148,122,1,123,0
2022-03-16,Amador,005,37829,8495,637,9132,86
2022-03-16,Butte,007,227075,33067,6988,40055,427
2022-03-16,Calaveras,009,45235,7236,344,7580,119
2022-03-16,Colusa,011,21464,3442,1048,4490,21
2022-03-16,Contra Costa,013,1133247,191246,13274,204520,1295
2022-03-16,Del Norte,015,27424,5778,181,5959,49
2022-03-16,El Dorado,017,186661,26596,3178,29774,212
2022-03-16,Fresno,019,978130,234581,24254,258835,2740
2022-03-16,Glenn,021,27897,4987,1595,6582,56
2022-03-16,Humboldt,023,135768,16825,2921,19746,144
2022-03-16,Imperial,025,180216,55303,10503,65806,940
2022-03-16,Inyo,027,18085,4062,467,4529,56
2022-03-16,Kern,029,883053,191448,45683,237131,2332
2022-03-16,Kings,031,150075,51365,3508,54873,445
2022-03-16,Lake,033,64148,10671,877,11548,139
2022-03-16,Lassen,035,31185,8946,873,9819,62
2022-03-16,Los Angeles,037,10098052,2703062,121952,2825014,31638
2022-03-16,Madera,039,155013,37213,5997,43210,370
2022-03-16,Marin,041,260295,24791,2102,26893,238
2022-03-16,Mariposa,043,17540,2385,198,2583,27
2022-03-16,Mendocino,045,87422,13008,2991,15999,123
2022-03-16,Merced,047,269075,63275,8871,72146,812
2022-03-16,Modoc,049,8938,731,248,979,8
2022-03-16,Mono,051,14174,2964,121,3085,6
2022-03-16,Monterey,053,433212,79086,13484,92570,724
2022-03-16,Napa,055,140530,25702,927,26629,141
2022-03-16,Nevada,057,99092,15901,1187,17088,129
2022-03-16,Orange,059,3164182,545960,41357,587317,7066
2022-03-16,Placer,061,380077,62576,7314,69890,618
2022-03-16,Plumas,063,18699,2962,358,3320,13
2022-03-16,Riverside,065,2383286,590146,27628,617774,6429
2022-03-16,Sacramento,067,1510023,280029,26750,306779,3026
2022-03-16,San Benito,069,59416,12937,511,13448,94
2022-03-16,San Bernardino,071,2135413,572915,24797,597712,7763
2022-03-16,San Diego,073,3302833,748043,52066,800109,5311
2022-03-16,San Francisco,075,870044,123466,8107,131573,858
2022-03-16,San Joaquin,077,732212,166280,9840,176120,2238
2022-03-16,San Luis Obispo,079,281455,52268,3708,55976,473
2022-03-16,San Mateo,081,765935,120930,6859,127789,699
2022-03-16,Santa Barbara,083,443738,85468,4667,90135,681
2022-03-16,Santa Clara,085,1922200,312970,12188,325158,2287
2022-03-16,Santa Cruz,087,273765,47518,2064,49582,259
2022-03-16,Shasta,089,179085,30488,6068,36556,553
2022-03-16,Sierra,091,2930,271,47,318,4
2022-03-16,Siskiyou,093,43540,4420,2710,7130,83
2022-03-16,Solano,095,438530,81192,5518,86710,447
2022-03-16,Sonoma,097,501317,83053,2564,85617,488
2022-03-16,Stanislaus,099,539301,117322,17757,135079,1676
2022-03-16,Sutter,101,95872,20414,2034,22448,223
2022-03-16,Tehama,103,63373,12018,2563,14581,205
2022-03-16,Trinity,105,12862,1182,287,1469,20
2022-03-16,Tulare,107,460477,106207,27478,133685,1481
2022-03-16,Tuolumne,109,53932,12657,558,13215,181
2022-03-16,Ventura,111,848112,172548,9344,181892,1487
2022-03-16,Yolo,113,214977,36867,2886,39753,358
2022-03-16,Yuba,115,75493,15774,1176,16950,124
2022-03-15,Alameda,001,1643700,254721,13570,268291,1840
2022-03-15,Alpine,002,1148,122,1,123,0
2022-03-15,Amador,005,37829,8492,637,9129,86
2022-03-15,Butte,007,227075,33054,6987,40041,427
2022-03-15,Calaveras,009,45235,7234,344,7578,119
2022-03-15,Colusa,011,21464,3442,1048,4490,21
2022-03-15,Contra Costa,013,1133247,191165,13267,204432,1294
2022-03-15,Del Norte,015,27424,5775,178,5953,49
2022-03-15,El Dorado,017,186661,26593,3178,29771,212
2022-03-15,Fresno,019,978130,234538,24244,258782,2738
2022-03-15,Glenn,021,27897,4985,1595,6580,56
2022-03-15,Humboldt,023,135768,16819,2920,19739,144
2022-03-15,Imperial,025,180216,55292,10498,65790,940
2022-03-15,Inyo,027,18085,4062,466,4528,56
2022-03-15,Kern,029,883053,191419,45673,237092,2332
2022-03-15,Kings,031,150075,51346,3504,54850,445
2022-03-15,Lake,033,64148,10667,877,11544,139
2022-03-15,Lassen,035,31185,8944,873,9817,62
2022-03-15,Los Angeles,037,10098052,2702374,121895,2824269,31628
2022-03-15,Madera,039,155013,37204,5996,43200,370
2022-03-15,Marin,041,260295,24768,2101,26869,238
2022-03-15,Mariposa,043,17540,2383,198,2581,27
2022-03-15,Mendocino,045,87422,13003,2990,15993,123
2022-03-15,Merced,047,269075,63258,8862,72120,810
2022-03-15,Modoc,049,8938,731,248,979,8
2022-03-15,Mono,051,14174,2964,121,3085,6
2022-03-15,Monterey,053,433212,79056,13475,92531,724
2022-03-15,Napa,055,140530,25694,925,26619,141
2022-03-15,Nevada,057,99092,15899,1185,17084,129
2022-03-15,Orange,059,3164182,545819,41350,587169,7064
2022-03-15,Placer,061,380077,62558,7310,69868,618
2022-03-15,Plumas,063,18699,2961,358,3319,13
2022-03-15,Riverside,065,2383286,590049,27620,617669,6426
2022-03-15,Sacramento,067,1510023,279944,26744,306688,3023
2022-03-15,San Benito,069,59416,12932,511,13443,94
2022-03-15,San Bernardino,071,2135413,572838,24794,597632,7761
2022-03-15,San Diego,073,3302833,747800,52044,799844,5309
2022-03-15,San Francisco,075,870044,123350,8098,131448,858
2022-03-15,San Joaquin,077,732212,166237,9834,176071,2238
2022-03-15,San Luis Obispo,079,281455,52258,3704,55962,473
2022-03-15,San Mateo,081,765935,120878,6853,127731,699
2022-03-15,Santa Barbara,083,443738,85443,4663,90106,681
2022-03-15,Santa Clara,085,1922200,312806,12177,324983,2287
2022-03-15,Santa Cruz,087,273765,47465,2064,49529,259
2022-03-15,Shasta,089,179085,30479,6065,36544,552
2022-03-15,Sierra,091,2930,271,47,318,4
2022-03-15,Siskiyou,093,43540,4420,2710,7130,83
2022-03-15,Solano,095,438530,81156,5517,86673,447
2022-03-15,Sonoma,097,501317,83013,2564,85577,488
2022-03-15,Stanislaus,099,539301,117304,17754,135058,1675
2022-03-15,Sutter,101,95872,20411,2025,22436,223
2022-03-15,Tehama,103,63373,12015,2563,14578,205
2022-03-15,Trinity,105,12862,1182,287,1469,20
2022-03-15,Tulare,107,460477,106188,27466,133654,1480
2022-03-15,Tuolumne,109,53932,12653,558,13211,181
2022-03-15,Ventura,111,848112,172503,9341,181844,1486
2022-03-15,Yolo,113,214977,36852,2882,39734,358
2022-03-15,Yuba,115,75493,15766,1176,16942,124
2022-03-14,Alameda,001,1643700,254609,13566,268175,1838
2022-03-14,Alpine,002,1148,122,1,123,0
2022-03-14,Amador,005,37829,8487,637,9124,86
2022-03-14,Butte,007,227075,33038,6987,40025,427
2022-03-14,Calaveras,009,45235,7233,344,7577,119
2022-03-14,Colusa,011,21464,3441,1048,4489,21
2022-03-14,Contra Costa,013,1133247,191073,13259,204332,1292
2022-03-14,Del Norte,015,27424,5769,178,5947,49
2022-03-14,El Dorado,017,186661,26587,3178,29765,212
2022-03-14,Fresno,019,978130,234466,24234,258700,2738
2022-03-14,Glenn,021,27897,4983,1595,6578,56
2022-03-14,Humboldt,023,135768,16812,2918,19730,144
2022-03-14,Imperial,025,180216,55281,10497,65778,940
2022-03-14,Inyo,027,18085,4062,466,4528,56
2022-03-14,Kern,029,883053,191384,45662,237046,2332
2022-03-14,Kings,031,150075,51328,3503,54831,445
2022-03-14,Lake,033,64148,10664,877,11541,139
2022-03-14,Lassen,035,31185,8944,872,9816,62
2022-03-14,Los Angeles,037,10098052,2701743,121830,2823573,31617
2022-03-14,Madera,039,155013,37197,5995,43192,370
2022-03-14,Marin,041,260295,24740,2101,26841,238
2022-03-14,Mariposa,043,17540,2382,198,2580,27
2022-03-14,Mendocino,045,87422,12998,2983,15981,123
2022-03-14,Merced,047,269075,63239,8860,72099,810
2022-03-14,Modoc,049,8938,730,248,978,8
2022-03-14,Mono,051,14174,2963,121,3084,6
2022-03-14,Monterey,053,433212,79041,13440,92481,724
2022-03-14,Napa,055,140530,25680,925,26605,141
2022-03-14,Nevada,057,99092,15897,1185,17082,129
2022-03-14,Orange,059,3164182,545680,41336,587016,7062
2022-03-14,Placer,061,380077,62540,7308,69848,618
2022-03-14,Plumas,063,18699,2961,358,3319,13
2022-03-14,Riverside,065,2383286,589914,27611,617525,6425
2022-03-14,Sacramento,067,1510023,279861,26737,306598,3019
2022-03-14,San Benito,069,59416,12927,511,13438,94
2022-03-14,San Bernardino,071,2135413,572751,24789,597540,7759
2022-03-14,San Diego,073,3302833,747498,52015,799513,5307
2022-03-14,San Francisco,075,870044,123258,8091,131349,857
2022-03-14,San Joaquin,077,732212,166198,9833,176031,2238
2022-03-14,San Luis Obispo,079,281455,52230,3701,55931,471
2022-03-14,San Mateo,081,765935,120805,6851,127656,699
2022-03-14,Santa Barbara,083,443738,85406,4662,90068,681
2022-03-14,Santa Clara,085,1922200,312614,12174,324788,2287
2022-03-14,Santa Cruz,087,273765,47427,2062,49489,259
2022-03-14,Shasta,089,179085,30474,6062,36536,551
2022-03-14,Sierra,091,2930,271,47,318,4
2022-03-14,Siskiyou,093,43540,4415,2709,7124,83
2022-03-14,Solano,095,438530,81107,5512,86619,447
2022-03-14,Sonoma,097,501317,82978,2560,85538,487
2022-03-14,Stanislaus,099,539301,117269,17750,135019,1673
2022-03-14,Sutter,101,95872,20405,2025,22430,222
2022-03-14,Tehama,103,63373,12013,2563,14576,205
2022-03-14,Trinity,105,12862,1182,287,1469,20
2022-03-14,Tulare,107,460477,106162,27459,133621,1479
2022-03-14,Tuolumne,109,53932,12652,557,13209,181
2022-03-14,Ventura,111,848112,172450,9339,181789,1484
2022-03-14,Yolo,113,214977,36836,2880,39716,358
2022-03-14,Yuba,115,75493,15754,1176,16930,124
2022-03-13,Alameda,001,1643700,254482,13558,268040,1838
2022-03-13,Alpine,002,1148,122,1,123,0
2022-03-13,Amador,005,37829,8485,637,9122,86
2022-03-13,Butte,007,227075,33020,6984,40004,427
2022-03-13,Calaveras,009,45235,7228,344,7572,119
2022-03-13,Colusa,011,21464,3441,1046,4487,21
2022-03-13,Contra Costa,013,1133247,190974,13246,204220,1292
2022-03-13,Del Norte,015,27424,5765,178,5943,49
2022-03-13,El Dorado,017,186661,26582,3177,29759,211
2022-03-13,Fresno,019,978130,234383,24220,258603,2737
2022-03-13,Glenn,021,27897,4980,1594,6574,56
2022-03-13,Humboldt,023,135768,16804,2918,19722,144
2022-03-13,Imperial,025,180216,55270,10495,65765,940
2022-03-13,Inyo,027,18085,4062,465,4527,56
2022-03-13,Kern,029,883053,191330,45650,236980,2331
2022-03-13,Kings,031,150075,51319,3503,54822,445
2022-03-13,Lake,033,64148,10661,877,11538,139
2022-03-13,Lassen,035,31185,8943,871,9814,62
2022-03-13,Los Angeles,037,10098052,2701018,121788,2822806,31611
2022-03-13,Madera,039,155013,37189,5995,43184,370
2022-03-13,Marin,041,260295,24716,2099,26815,238
2022-03-13,Mariposa,043,17540,2380,198,2578,27
2022-03-13,Mendocino,045,87422,12992,2978,15970,121
2022-03-13,Merced,047,269075,63217,8850,72067,810
2022-03-13,Modoc,049,8938,730,248,978,8
2022-03-13,Mono,051,14174,2963,121,3084,6
2022-03-13,Monterey,053,433212,79005,13392,92397,724
2022-03-13,Napa,055,140530,25662,924,26586,141
2022-03-13,Nevada,057,99092,15890,1185,17075,129
2022-03-13,Orange,059,3164182,545560,41312,586872,7058
2022-03-13,Placer,061,380077,62516,7305,69821,618
2022-03-13,Plumas,063,18699,2961,358,3319,13
2022-03-13,Riverside,065,2383286,589779,27604,617383,6425
2022-03-13,Sacramento,067,1510023,279752,26724,306476,3017
2022-03-13,San Benito,069,59416,12921,509,13430,94
2022-03-13,San Bernardino,071,2135413,572659,24779,597438,7753
2022-03-13,San Diego,073,3302833,747157,51981,799138,5306
2022-03-13,San Francisco,075,870044,123138,8085,131223,856
2022-03-13,San Joaquin,077,732212,166149,9831,175980,2234
2022-03-13,San Luis Obispo,079,281455,52200,3699,55899,471
2022-03-13,San Mateo,081,765935,120727,6842,127569,699
2022-03-13,Santa Barbara,083,443738,85366,4660,90026,680
2022-03-13,Santa Clara,085,1922200,312428,12166,324594,2287
2022-03-13,Santa Cruz,087,273765,47375,2062,49437,259
2022-03-13,Shasta,089,179085,30457,6060,36517,551
2022-03-13,Sierra,091,2930,271,47,318,4
2022-03-13,Siskiyou,093,43540,4415,2709,7124,83
2022-03-13,Solano,095,438530,81071,5507,86578,447
2022-03-13,Sonoma,097,501317,82944,2556,85500,486
2022-03-13,Stanislaus,099,539301,117236,17745,134981,1672
2022-03-13,Sutter,101,95872,20401,2025,22426,222
2022-03-13,Tehama,103,63373,12012,2562,14574,204
2022-03-13,Trinity,105,12862,1182,287,1469,20
2022-03-13,Tulare,107,460477,106128,27451,133579,1479
2022-03-13,Tuolumne,109,53932,12649,557,13206,181
2022-03-13,Ventura,111,848112,172392,9332,181724,1483
2022-03-13,Yolo,113,214977,36817,2878,39695,356
2022-03-13,Yuba,115,75493,15749,1176,16925,124
2022-03-12,Alameda,001,1643700,254415,13553,267968,1836
2022-03-12,Alpine,002,1148,122,1,123,0
2022-03-12,Amador,005,37829,8481,637,9118,86
2022-03-12,Butte,007,227075,33015,6982,39997,427
2022-03-12,Calaveras,009,45235,7227,344,7571,119
2022-03-12,Colusa,011,21464,3441,1046,4487,21
2022-03-12,Contra Costa,013,1133247,190932,13245,204177,1291
2022-03-12,Del Norte,015,27424,5764,178,5942,49
2022-03-12,El Dorado,017,186661,26578,3177,29755,211
2022-03-12,Fresno,019,978130,234361,24220,258581,2735
2022-03-12,Glenn,021,27897,4980,1594,6574,56
2022-03-12,Humboldt,023,135768,16800,2917,19717,144
2022-03-12,Imperial,025,180216,55265,10492,65757,939
2022-03-12,Inyo,027,18085,4062,465,4527,56
2022-03-12,Kern,029,883053,191313,45645,236958,2327
2022-03-12,Kings,031,150075,51313,3503,54816,445
2022-03-12,Lake,033,64148,10659,876,11535,139
2022-03-12,Lassen,035,31185,8942,871,9813,62
2022-03-12,Los Angeles,037,10098052,2700692,121766,2822458,31602
2022-03-12,Madera,039,155013,37184,5995,43179,370
2022-03-12,Marin,041,260295,24691,2098,26789,238
2022-03-12,Mariposa,043,17540,2380,198,2578,27
2022-03-12,Mendocino,045,87422,12988,2978,15966,121
2022-03-12,Merced,047,269075,63210,8848,72058,810
2022-03-12,Modoc,049,8938,730,248,978,8
2022-03-12,Mono,051,14174,2963,120,3083,6
2022-03-12,Monterey,053,433212,78998,13390,92388,723
2022-03-12,Napa,055,140530,25652,923,26575,141
2022-03-12,Nevada,057,99092,15884,1185,17069,129
2022-03-12,Orange,059,3164182,545495,41303,586798,7052
2022-03-12,Placer,061,380077,62506,7305,69811,618
2022-03-12,Plumas,063,18699,2961,358,3319,13
2022-03-12,Riverside,065,2383286,589713,27599,617312,6423
2022-03-12,Sacramento,067,1510023,279712,26719,306431,3016
2022-03-12,San Benito,069,59416,12918,509,13427,94
2022-03-12,San Bernardino,071,2135413,572611,24778,597389,7750
2022-03-12,San Diego,073,3302833,747035,51959,798994,5304
2022-03-12,San Francisco,075,870044,123073,8079,131152,856
2022-03-12,San Joaquin,077,732212,166128,9828,175956,2234
2022-03-12,San Luis Obispo,079,281455,52191,3696,55887,470
2022-03-12,San Mateo,081,765935,120691,6841,127532,699
2022-03-12,Santa Barbara,083,443738,85347,4660,90007,679
2022-03-12,Santa Clara,085,1922200,312324,12161,324485,2287
2022-03-12,Santa Cruz,087,273765,47362,2061,49423,259
2022-03-12,Shasta,089,179085,30445,6058,36503,550
2022-03-12,Sierra,091,2930,271,47,318,4
2022-03-12,Siskiyou,093,43540,4415,2709,7124,82
2022-03-12,Solano,095,438530,81057,5507,86564,447
2022-03-12,Sonoma,097,501317,82927,2554,85481,486
2022-03-12,Stanislaus,099,539301,117222,17744,134966,1670
2022-03-12,Sutter,101,95872,20400,2025,22425,222
2022-03-12,Tehama,103,63373,12012,2562,14574,203
2022-03-12,Trinity,105,12862,1181,287,1468,20
2022-03-12,Tulare,107,460477,106123,27447,133570,1479
2022-03-12,Tuolumne,109,53932,12648,557,13205,181
2022-03-12,Ventura,111,848112,172367,9331,181698,1483
2022-03-12,Yolo,113,214977,36810,2876,39686,356
2022-03-12,Yuba,115,75493,15749,1176,16925,124
2022-03-11,Alameda,001,1643700,254353,13553,267906,1836
2022-03-11,Alpine,002,1148,122,1,123,0
2022-03-11,Amador,005,37829,8479,637,9116,86
2022-03-11,Butte,007,227075,33011,6981,39992,427
2022-03-11,Calaveras,009,45235,7227,344,7571,119
2022-03-11,Colusa,011,21464,3441,1046,4487,21
2022-03-11,Contra Costa,013,1133247,190883,13243,204126,1290
2022-03-11,Del Norte,015,27424,5760,178,5938,49
2022-03-11,El Dorado,017,186661,26574,3177,29751,211
2022-03-11,Fresno,019,978130,234306,24216,258522,2735
2022-03-11,Glenn,021,27897,4980,1594,6574,56
2022-03-11,Humboldt,023,135768,16795,2916,19711,144
2022-03-11,Imperial,025,180216,55259,10491,65750,939
2022-03-11,Inyo,027,18085,4062,465,4527,56
2022-03-11,Kern,029,883053,191291,45640,236931,2326
2022-03-11,Kings,031,150075,51294,3503,54797,445
2022-03-11,Lake,033,64148,10655,876,11531,139
2022-03-11,Lassen,035,31185,8941,871,9812,62
2022-03-11,Los Angeles,037,10098052,2700371,121738,2822109,31583
2022-03-11,Madera,039,155013,37179,5995,43174,370
2022-03-11,Marin,041,260295,24675,2097,26772,238
2022-03-11,Mariposa,043,17540,2379,198,2577,27
2022-03-11,Mendocino,045,87422,12982,2978,15960,121
2022-03-11,Merced,047,269075,63203,8846,72049,809
2022-03-11,Modoc,049,8938,730,248,978,8
2022-03-11,Mono,051,14174,2962,120,3082,6
2022-03-11,Monterey,053,433212,78985,13383,92368,722
2022-03-11,Napa,055,140530,25641,923,26564,140
2022-03-11,Nevada,057,99092,15881,1185,17066,129
2022-03-11,Orange,059,3164182,545426,41289,586715,7050
2022-03-11,Placer,061,380077,62493,7304,69797,618
2022-03-11,Plumas,063,18699,2959,358,3317,13
2022-03-11,Riverside,065,2383286,589635,27595,617230,6422
2022-03-11,Sacramento,067,1510023,279642,26717,306359,3015
2022-03-11,San Benito,069,59416,12917,509,13426,94
2022-03-11,San Bernardino,071,2135413,572554,24773,597327,7749
2022-03-11,San Diego,073,3302833,746869,51945,798814,5302
2022-03-11,San Francisco,075,870044,123017,8075,131092,854
2022-03-11,San Joaquin,077,732212,166090,9825,175915,2233
2022-03-11,San Luis Obispo,079,281455,52183,3695,55878,469
2022-03-11,San Mateo,081,765935,120642,6838,127480,699
2022-03-11,Santa Barbara,083,443738,85327,4659,89986,679
2022-03-11,Santa Clara,085,1922200,312187,12158,324345,2284
2022-03-11,Santa Cruz,087,273765,47347,2061,49408,257
2022-03-11,Shasta,089,179085,30440,6055,36495,549
2022-03-11,Sierra,091,2930,271,47,318,4
2022-03-11,Siskiyou,093,43540,4415,2707,7122,82
2022-03-11,Solano,095,438530,81043,5506,86549,447
2022-03-11,Sonoma,097,501317,82901,2552,85453,486
2022-03-11,Stanislaus,099,539301,117208,17742,134950,1669
2022-03-11,Sutter,101,95872,20398,2025,22423,222
2022-03-11,Tehama,103,63373,12010,2562,14572,203
2022-03-11,Trinity,105,12862,1181,287,1468,20
2022-03-11,Tulare,107,460477,106110,27441,133551,1479
2022-03-11,Tuolumne,109,53932,12646,557,13203,181
2022-03-11,Ventura,111,848112,172331,9326,181657,1482
2022-03-11,Yolo,113,214977,36799,2876,39675,356
2022-03-11,Yuba,115,75493,15746,1176,16922,124
2022-03-10,Alameda,001,1643700,254228,13549,267777,1834
2022-03-10,Alpine,002,1148,122,1,123,0
2022-03-10,Amador,005,37829,8478,637,9115,86
2022-03-10,Butte,007,227075,32994,6979,39973,427
2022-03-10,Calaveras,009,45235,7226,343,7569,119
2022-03-10,Colusa,011,21464,3441,1046,4487,21
2022-03-10,Contra Costa,013,1133247,190799,13233,204032,1289
2022-03-10,Del Norte,015,27424,5751,178,5929,48
2022-03-10,El Dorado,017,186661,26563,3176,29739,211
2022-03-10,Fresno,019,978130,234230,24206,258436,2734
2022-03-10,Glenn,021,27897,4977,1594,6571,56
2022-03-10,Humboldt,023,135768,16786,2915,19701,143
2022-03-10,Imperial,025,180216,55249,10490,65739,939
2022-03-10,Inyo,027,18085,4061,465,4526,56
2022-03-10,Kern,029,883053,191258,45626,236884,2323
2022-03-10,Kings,031,150075,51265,3502,54767,445
2022-03-10,Lake,033,64148,10645,875,11520,139
2022-03-10,Lassen,035,31185,8941,871,9812,62
2022-03-10,Los Angeles,037,10098052,2699817,121697,2821514,31562
2022-03-10,Madera,039,155013,37173,5988,43161,370
2022-03-10,Marin,041,260295,24662,2093,26755,238
2022-03-10,Mariposa,043,17540,2379,198,2577,27
2022-03-10,Mendocino,045,87422,12978,2978,15956,121
2022-03-10,Merced,047,269075,63183,8841,72024,809
2022-03-10,Modoc,049,8938,729,248,977,8
2022-03-10,Mono,051,14174,2962,120,3082,6
2022-03-10,Monterey,053,433212,78962,13358,92320,722
2022-03-10,Napa,055,140530,25632,922,26554,140
2022-03-10,Nevada,057,99092,15874,1185,17059,129
2022-03-10,Orange,059,3164182,545305,41271,586576,7046
2022-03-10,Placer,061,380077,62472,7299,69771,618
2022-03-10,Plumas,063,18699,2958,358,3316,13
2022-03-10,Riverside,065,2383286,589520,27590,617110,6420
2022-03-10,Sacramento,067,1510023,279565,26710,306275,3013
2022-03-10,San Benito,069,59416,12916,508,13424,94
2022-03-10,San Bernardino,071,2135413,572481,24769,597250,7746
2022-03-10,San Diego,073,3302833,746612,51914,798526,5300
2022-03-10,San Francisco,075,870044,122949,8069,131018,853
2022-03-10,San Joaquin,077,732212,166057,9823,175880,2233
2022-03-10,San Luis Obispo,079,281455,52160,3692,55852,469
2022-03-10,San Mateo,081,765935,120579,6836,127415,699
2022-03-10,Santa Barbara,083,443738,85296,4658,89954,679
2022-03-10,Santa Clara,085,1922200,312015,12151,324166,2283
2022-03-10,Santa Cruz,087,273765,47315,2061,49376,257
2022-03-10,Shasta,089,179085,30431,6053,36484,547
2022-03-10,Sierra,091,2930,271,47,318,4
2022-03-10,Siskiyou,093,43540,4415,2707,7122,82
2022-03-10,Solano,095,438530,81007,5501,86508,446
2022-03-10,Sonoma,097,501317,82874,2552,85426,486
2022-03-10,Stanislaus,099,539301,117173,17740,134913,1667
2022-03-10,Sutter,101,95872,20394,2025,22419,222
2022-03-10,Tehama,103,63373,12009,2562,14571,202
2022-03-10,Trinity,105,12862,1181,287,1468,20
2022-03-10,Tulare,107,460477,106091,27435,133526,1479
2022-03-10,Tuolumne,109,53932,12643,557,13200,181
2022-03-10,Ventura,111,848112,172290,9323,181613,1480
2022-03-10,Yolo,113,214977,36786,2875,39661,355
2022-03-10,Yuba,115,75493,15736,1175,16911,124
2022-03-09,Alameda,001,1643700,254096,13545,267641,1833
2022-03-09,Alpine,002,1148,122,1,123,0
2022-03-09,Amador,005,37829,8472,637,9109,86
2022-03-09,Butte,007,227075,32985,6975,39960,426
2022-03-09,Calaveras,009,45235,7224,343,7567,119
2022-03-09,Colusa,011,21464,3440,1046,4486,21
2022-03-09,Contra Costa,013,1133247,190693,13218,203911,1289
2022-03-09,Del Norte,015,27424,5747,178,5925,48
2022-03-09,El Dorado,017,186661,26559,3175,29734,211
2022-03-09,Fresno,019,978130,234129,24198,258327,2733
2022-03-09,Glenn,021,27897,4977,1593,6570,56
2022-03-09,Humboldt,023,135768,16781,2912,19693,143
2022-03-09,Imperial,025,180216,55243,10488,65731,939
2022-03-09,Inyo,027,18085,4061,465,4526,56
2022-03-09,Kern,029,883053,191210,45613,236823,2322
2022-03-09,Kings,031,150075,51244,3502,54746,444
2022-03-09,Lake,033,64148,10638,875,11513,138
2022-03-09,Lassen,035,31185,8941,871,9812,62
2022-03-09,Los Angeles,037,10098052,2699172,121657,2820829,31538
2022-03-09,Madera,039,155013,37165,5987,43152,370
2022-03-09,Marin,041,260295,24644,2093,26737,238
2022-03-09,Mariposa,043,17540,2376,198,2574,27
2022-03-09,Mendocino,045,87422,12974,2973,15947,121
2022-03-09,Merced,047,269075,63166,8835,72001,809
2022-03-09,Modoc,049,8938,728,247,975,8
2022-03-09,Mono,051,14174,2962,120,3082,6
2022-03-09,Monterey,053,433212,78939,13315,92254,722
2022-03-09,Napa,055,140530,25611,921,26532,140
2022-03-09,Nevada,057,99092,15865,1184,17049,129
2022-03-09,Orange,059,3164182,545174,41259,586433,7039
2022-03-09,Placer,061,380077,62449,7295,69744,617
2022-03-09,Plumas,063,18699,2957,358,3315,13
2022-03-09,Riverside,065,2383286,589408,27580,616988,6417
2022-03-09,Sacramento,067,1510023,279476,26692,306168,3011
2022-03-09,San Benito,069,59416,12899,508,13407,94
2022-03-09,San Bernardino,071,2135413,572378,24758,597136,7741
2022-03-09,San Diego,073,3302833,746340,51888,798228,5296
2022-03-09,San Francisco,075,870044,122858,8065,130923,853
2022-03-09,San Joaquin,077,732212,166017,9817,175834,2233
2022-03-09,San Luis Obispo,079,281455,52141,3690,55831,467
2022-03-09,San Mateo,081,765935,120521,6824,127345,699
2022-03-09,Santa Barbara,083,443738,85282,4656,89938,677
2022-03-09,Santa Clara,085,1922200,311860,12141,324001,2279
2022-03-09,Santa Cruz,087,273765,47275,2060,49335,257
2022-03-09,Shasta,089,179085,30409,6052,36461,546
2022-03-09,Sierra,091,2930,271,47,318,4
2022-03-09,Siskiyou,093,43540,4414,2706,7120,81
2022-03-09,Solano,095,438530,80971,5500,86471,446
2022-03-09,Sonoma,097,501317,82841,2550,85391,486
2022-03-09,Stanislaus,099,539301,117136,17735,134871,1665
2022-03-09,Sutter,101,95872,20383,2021,22404,222
2022-03-09,Tehama,103,63373,12005,2562,14567,202
2022-03-09,Trinity,105,12862,1181,287,1468,20
2022-03-09,Tulare,107,460477,106063,27422,133485,1479
2022-03-09,Tuolumne,109,53932,12641,557,13198,181
2022-03-09,Ventura,111,848112,172239,9320,181559,1480
2022-03-09,Yolo,113,214977,36767,2863,39630,355
2022-03-09,Yuba,115,75493,15731,1174,16905,123
2022-03-08,Alameda,001,1643700,253939,13533,267472,1831
2022-03-08,Alpine,002,1148,122,1,123,0
2022-03-08,Amador,005,37829,8458,637,9095,86
2022-03-08,Butte,007,227075,32971,6971,39942,426
2022-03-08,Calaveras,009,45235,7220,343,7563,119
2022-03-08,Colusa,011,21464,3437,1045,4482,21
2022-03-08,Contra Costa,013,1133247,190606,13205,203811,1288
2022-03-08,Del Norte,015,27424,5742,178,5920,47
2022-03-08,El Dorado,017,186661,26549,3170,29719,211
2022-03-08,Fresno,019,978130,234031,24189,258220,2731
2022-03-08,Glenn,021,27897,4975,1592,6567,56
2022-03-08,Humboldt,023,135768,16769,2899,19668,143
2022-03-08,Imperial,025,180216,55228,10486,65714,938
2022-03-08,Inyo,027,18085,4058,465,4523,56
2022-03-08,Kern,029,883053,191147,45599,236746,2320
2022-03-08,Kings,031,150075,51202,3500,54702,444
2022-03-08,Lake,033,64148,10628,875,11503,138
2022-03-08,Lassen,035,31185,8940,871,9811,62
2022-03-08,Los Angeles,037,10098052,2698480,121621,2820101,31520
2022-03-08,Madera,039,155013,37155,5986,43141,370
2022-03-08,Marin,041,260295,24607,2092,26699,237
2022-03-08,Mariposa,043,17540,2374,198,2572,27
2022-03-08,Mendocino,045,87422,12970,2972,15942,121
2022-03-08,Merced,047,269075,63145,8824,71969,809
2022-03-08,Modoc,049,8938,727,247,974,8
2022-03-08,Mono,051,14174,2961,120,3081,6
2022-03-08,Monterey,053,433212,78919,13278,92197,721
2022-03-08,Napa,055,140530,25585,920,26505,140
2022-03-08,Nevada,057,99092,15854,1183,17037,129
2022-03-08,Orange,059,3164182,545026,41239,586265,7033
2022-03-08,Placer,061,380077,62421,7294,69715,617
2022-03-08,Plumas,063,18699,2957,358,3315,13
2022-03-08,Riverside,065,2383286,589299,27573,616872,6415
2022-03-08,Sacramento,067,1510023,279374,26671,306045,3005
2022-03-08,San Benito,069,59416,12897,508,13405,94
2022-03-08,San Bernardino,071,2135413,572284,24748,597032,7738
2022-03-08,San Diego,073,3302833,745997,51871,797868,5292
2022-03-08,San Francisco,075,870044,122762,8060,130822,852
2022-03-08,San Joaquin,077,732212,165981,9813,175794,2233
2022-03-08,San Luis Obispo,079,281455,52113,3687,55800,464
2022-03-08,San Mateo,081,765935,120440,6814,127254,699
2022-03-08,Santa Barbara,083,443738,85250,4656,89906,676
2022-03-08,Santa Clara,085,1922200,311633,12134,323767,2276
2022-03-08,Santa Cruz,087,273765,47238,2059,49297,256
2022-03-08,Shasta,089,179085,30390,6049,36439,546
2022-03-08,Sierra,091,2930,271,47,318,4
2022-03-08,Siskiyou,093,43540,4410,2706,7116,81
2022-03-08,Solano,095,438530,80943,5497,86440,446
2022-03-08,Sonoma,097,501317,82794,2549,85343,486
2022-03-08,Stanislaus,099,539301,117092,17726,134818,1664
2022-03-08,Sutter,101,95872,20375,2021,22396,222
2022-03-08,Tehama,103,63373,12001,2561,14562,202
2022-03-08,Trinity,105,12862,1181,287,1468,20
2022-03-08,Tulare,107,460477,106025,27411,133436,1479
2022-03-08,Tuolumne,109,53932,12636,555,13191,181
2022-03-08,Ventura,111,848112,172175,9313,181488,1479
2022-03-08,Yolo,113,214977,36741,2862,39603,355
2022-03-08,Yuba,115,75493,15726,1173,16899,123
2022-03-07,Alameda,001,1643700,253730,13522,267252,1830
2022-03-07,Alpine,002,1148,122,1,123,0
2022-03-07,Amador,005,37829,8455,637,9092,86
2022-03-07,Butte,007,227075,32956,6967,39923,426
2022-03-07,Calaveras,009,45235,7216,343,7559,118
2022-03-07,Colusa,011,21464,3437,1045,4482,21
2022-03-07,Contra Costa,013,1133247,190506,13184,203690,1287
2022-03-07,Del Norte,015,27424,5738,178,5916,47
2022-03-07,El Dorado,017,186661,26543,3169,29712,211
2022-03-07,Fresno,019,978130,233940,24165,258105,2728
2022-03-07,Glenn,021,27897,4972,1592,6564,56
2022-03-07,Humboldt,023,135768,16756,2894,19650,143
2022-03-07,Imperial,025,180216,55206,10481,65687,938
2022-03-07,Inyo,027,18085,4056,465,4521,56
2022-03-07,Kern,029,883053,191083,45576,236659,2318
2022-03-07,Kings,031,150075,51172,3495,54667,444
2022-03-07,Lake,033,64148,10616,874,11490,138
2022-03-07,Lassen,035,31185,8939,871,9810,62
2022-03-07,Los Angeles,037,10098052,2697682,121579,2819261,31502
2022-03-07,Madera,039,155013,37145,5984,43129,370
2022-03-07,Marin,041,260295,24570,2089,26659,237
2022-03-07,Mariposa,043,17540,2373,198,2571,27
2022-03-07,Mendocino,045,87422,12963,2971,15934,121
2022-03-07,Merced,047,269075,63105,8817,71922,808
2022-03-07,Modoc,049,8938,727,247,974,8
2022-03-07,Mono,051,14174,2961,120,3081,6
2022-03-07,Monterey,053,433212,78885,13230,92115,720
2022-03-07,Napa,055,140530,25557,920,26477,140
2022-03-07,Nevada,057,99092,15847,1177,17024,129
2022-03-07,Orange,059,3164182,544853,41213,586066,7030
2022-03-07,Placer,061,380077,62392,7293,69685,615
2022-03-07,Plumas,063,18699,2957,358,3315,13
2022-03-07,Riverside,065,2383286,589172,27565,616737,6410
2022-03-07,Sacramento,067,1510023,279273,26656,305929,3002
2022-03-07,San Benito,069,59416,12891,508,13399,94
2022-03-07,San Bernardino,071,2135413,572179,24738,596917,7733
2022-03-07,San Diego,073,3302833,745655,51828,797483,5290
2022-03-07,San Francisco,075,870044,122650,8054,130704,850
2022-03-07,San Joaquin,077,732212,165930,9806,175736,2231
2022-03-07,San Luis Obispo,079,281455,52068,3685,55753,464
2022-03-07,San Mateo,081,765935,120364,6807,127171,699
2022-03-07,Santa Barbara,083,443738,85211,4655,89866,674
2022-03-07,Santa Clara,085,1922200,311437,12126,323563,2274
2022-03-07,Santa Cruz,087,273765,47188,2058,49246,256
2022-03-07,Shasta,089,179085,30377,6046,36423,546
2022-03-07,Sierra,091,2930,271,47,318,4
2022-03-07,Siskiyou,093,43540,4406,2705,7111,80
2022-03-07,Solano,095,438530,80886,5495,86381,446
2022-03-07,Sonoma,097,501317,82749,2548,85297,486
2022-03-07,Stanislaus,099,539301,117053,17719,134772,1662
2022-03-07,Sutter,101,95872,20364,2020,22384,222
2022-03-07,Tehama,103,63373,11996,2560,14556,202
2022-03-07,Trinity,105,12862,1179,287,1466,20
2022-03-07,Tulare,107,460477,105988,27401,133389,1479
2022-03-07,Tuolumne,109,53932,12630,554,13184,181
2022-03-07,Ventura,111,848112,172124,9311,181435,1478
2022-03-07,Yolo,113,214977,36718,2856,39574,355
2022-03-07,Yuba,115,75493,15719,1172,16891,122
2022-03-06,Alameda,001,1643700,253537,13513,267050,1829
2022-03-06,Alpine,002,1148,122,1,123,0
2022-03-06,Amador,005,37829,8452,635,9087,86
2022-03-06,Butte,007,227075,32944,6962,39906,425
2022-03-06,Calaveras,009,45235,7214,342,7556,118
2022-03-06,Colusa,011,21464,3435,1044,4479,21
2022-03-06,Contra Costa,013,1133247,190392,13159,203551,1287
2022-03-06,Del Norte,015,27424,5723,177,5900,47
2022-03-06,El Dorado,017,186661,26536,3167,29703,211
2022-03-06,Fresno,019,978130,233798,24155,257953,2727
2022-03-06,Glenn,021,27897,4968,1592,6560,55
2022-03-06,Humboldt,023,135768,16746,2891,19637,143
2022-03-06,Imperial,025,180216,55188,10471,65659,938
2022-03-06,Inyo,027,18085,4054,465,4519,56
2022-03-06,Kern,029,883053,191027,45556,236583,2314
2022-03-06,Kings,031,150075,51102,3493,54595,443
2022-03-06,Lake,033,64148,10602,873,11475,138
2022-03-06,Lassen,035,31185,8926,870,9796,62
2022-03-06,Los Angeles,037,10098052,2696758,121525,2818283,31476
2022-03-06,Madera,039,155013,37115,5977,43092,370
2022-03-06,Marin,041,260295,24544,2088,26632,236
2022-03-06,Mariposa,043,17540,2372,197,2569,27
2022-03-06,Mendocino,045,87422,12951,2967,15918,121
2022-03-06,Merced,047,269075,63073,8799,71872,808
2022-03-06,Modoc,049,8938,727,247,974,8
2022-03-06,Mono,051,14174,2961,120,3081,6
2022-03-06,Monterey,053,433212,78839,13199,92038,720
2022-03-06,Napa,055,140530,25522,918,26440,140
2022-03-06,Nevada,057,99092,15836,1176,17012,129
2022-03-06,Orange,059,3164182,544696,41166,585862,7025
2022-03-06,Placer,061,380077,62360,7290,69650,614
2022-03-06,Plumas,063,18699,2952,358,3310,13
2022-03-06,Riverside,065,2383286,589009,27545,616554,6410
2022-03-06,Sacramento,067,1510023,279137,26632,305769,3002
2022-03-06,San Benito,069,59416,12880,507,13387,94
2022-03-06,San Bernardino,071,2135413,572057,24726,596783,7726
2022-03-06,San Diego,073,3302833,745260,51779,797039,5288
2022-03-06,San Francisco,075,870044,122518,8051,130569,850
2022-03-06,San Joaquin,077,732212,165848,9800,175648,2229
2022-03-06,San Luis Obispo,079,281455,52030,3683,55713,464
2022-03-06,San Mateo,081,765935,120281,6798,127079,698
2022-03-06,Santa Barbara,083,443738,85170,4650,89820,674
2022-03-06,Santa Clara,085,1922200,311169,12124,323293,2272
2022-03-06,Santa Cruz,087,273765,47137,2057,49194,256
2022-03-06,Shasta,089,179085,30354,6030,36384,545
2022-03-06,Sierra,091,2930,271,47,318,4
2022-03-06,Siskiyou,093,43540,4404,2703,7107,80
2022-03-06,Solano,095,438530,80829,5489,86318,446
2022-03-06,Sonoma,097,501317,82714,2544,85258,486
2022-03-06,Stanislaus,099,539301,117007,17707,134714,1662
2022-03-06,Sutter,101,95872,20352,2016,22368,222
2022-03-06,Tehama,103,63373,11988,2560,14548,202
2022-03-06,Trinity,105,12862,1179,286,1465,20
2022-03-06,Tulare,107,460477,105932,27389,133321,1475
2022-03-06,Tuolumne,109,53932,12624,552,13176,181
2022-03-06,Ventura,111,848112,172055,9309,181364,1478
2022-03-06,Yolo,113,214977,36692,2853,39545,353
2022-03-06,Yuba,115,75493,15715,1171,16886,122
2022-03-05,Alameda,001,1643700,253420,13508,266928,1824
2022-03-05,Alpine,002,1148,122,1,123,0
2022-03-05,Amador,005,37829,8449,635,9084,86
2022-03-05,Butte,007,227075,32936,6958,39894,425
2022-03-05,Calaveras,009,45235,7211,342,7553,118
2022-03-05,Colusa,011,21464,3435,1044,4479,21
2022-03-05,Contra Costa,013,1133247,190329,13154,203483,1287
2022-03-05,Del Norte,015,27424,5720,177,5897,47
2022-03-05,El Dorado,017,186661,26530,3164,29694,211
2022-03-05,Fresno,019,978130,233746,24154,257900,2725
2022-03-05,Glenn,021,27897,4964,1592,6556,55
2022-03-05,Humboldt,023,135768,16740,2889,19629,142
2022-03-05,Imperial,025,180216,55178,10469,65647,938
2022-03-05,Inyo,027,18085,4053,464,4517,56
2022-03-05,Kern,029,883053,190994,45538,236532,2313
2022-03-05,Kings,031,150075,51095,3492,54587,442
2022-03-05,Lake,033,64148,10594,872,11466,138
2022-03-05,Lassen,035,31185,8917,870,9787,62
2022-03-05,Los Angeles,037,10098052,2696394,121489,2817883,31456
2022-03-05,Madera,039,155013,37100,5977,43077,370
2022-03-05,Marin,041,260295,24532,2088,26620,236
2022-03-05,Mariposa,043,17540,2372,197,2569,27
2022-03-05,Mendocino,045,87422,12948,2967,15915,121
2022-03-05,Merced,047,269075,63062,8799,71861,808
2022-03-05,Modoc,049,8938,727,247,974,8
2022-03-05,Mono,051,14174,2961,120,3081,6
2022-03-05,Monterey,053,433212,78820,13192,92012,720
2022-03-05,Napa,055,140530,25503,918,26421,140
2022-03-05,Nevada,057,99092,15832,1176,17008,129
2022-03-05,Orange,059,3164182,544571,41154,585725,7021
2022-03-05,Placer,061,380077,62345,7283,69628,613
2022-03-05,Plumas,063,18699,2951,358,3309,13
2022-03-05,Riverside,065,2383286,588918,27541,616459,6409
2022-03-05,Sacramento,067,1510023,279073,26626,305699,2999
2022-03-05,San Benito,069,59416,12878,507,13385,93
2022-03-05,San Bernardino,071,2135413,571999,24720,596719,7721
2022-03-05,San Diego,073,3302833,745072,51768,796840,5283
2022-03-05,San Francisco,075,870044,122448,8048,130496,850
2022-03-05,San Joaquin,077,732212,165808,9792,175600,2227
2022-03-05,San Luis Obispo,079,281455,52022,3682,55704,463
2022-03-05,San Mateo,081,765935,120226,6794,127020,698
2022-03-05,Santa Barbara,083,443738,85155,4650,89805,674
2022-03-05,Santa Clara,085,1922200,311052,12121,323173,2269
2022-03-05,Santa Cruz,087,273765,47117,2057,49174,256
2022-03-05,Shasta,089,179085,30342,6030,36372,544
2022-03-05,Sierra,091,2930,271,46,317,4
2022-03-05,Siskiyou,093,43540,4403,2702,7105,79
2022-03-05,Solano,095,438530,80812,5489,86301,446
2022-03-05,Sonoma,097,501317,82692,2544,85236,486
2022-03-05,Stanislaus,099,539301,116981,17705,134686,1661
2022-03-05,Sutter,101,95872,20344,2016,22360,222
2022-03-05,Tehama,103,63373,11985,2560,14545,200
2022-03-05,Trinity,105,12862,1179,284,1463,20
2022-03-05,Tulare,107,460477,105918,27380,133298,1473
2022-03-05,Tuolumne,109,53932,12620,551,13171,181
2022-03-05,Ventura,111,848112,172014,9307,181321,1477
2022-03-05,Yolo,113,214977,36678,2853,39531,353
2022-03-05,Yuba,115,75493,15707,1171,16878,122
2022-03-04,Alameda,001,1643700,253325,13500,266825,1823
2022-03-04,Alpine,002,1148,122,1,123,0
2022-03-04,Amador,005,37829,8448,635,9083,86
2022-03-04,Butte,007,227075,32930,6953,39883,425
2022-03-04,Calaveras,009,45235,7210,342,7552,118
2022-03-04,Colusa,011,21464,3433,1044,4477,21
2022-03-04,Contra Costa,013,1133247,190261,13151,203412,1287
2022-03-04,Del Norte,015,27424,5710,177,5887,47
2022-03-04,El Dorado,017,186661,26526,3164,29690,211
2022-03-04,Fresno,019,978130,233684,24146,257830,2720
2022-03-04,Glenn,021,27897,4963,1592,6555,55
2022-03-04,Humboldt,023,135768,16736,2889,19625,140
2022-03-04,Imperial,025,180216,55171,10465,65636,938
2022-03-04,Inyo,027,18085,4053,464,4517,56
2022-03-04,Kern,029,883053,190952,45528,236480,2312
2022-03-04,Kings,031,150075,51082,3492,54574,441
2022-03-04,Lake,033,64148,10593,872,11465,138
2022-03-04,Lassen,035,31185,8915,870,9785,62
2022-03-04,Los Angeles,037,10098052,2695864,121459,2817323,31429
2022-03-04,Madera,039,155013,37091,5977,43068,370
2022-03-04,Marin,041,260295,24510,2086,26596,236
2022-03-04,Mariposa,043,17540,2367,197,2564,27
2022-03-04,Mendocino,045,87422,12942,2967,15909,121
2022-03-04,Merced,047,269075,63052,8797,71849,806
2022-03-04,Modoc,049,8938,727,247,974,8
2022-03-04,Mono,051,14174,2961,120,3081,6
2022-03-04,Monterey,053,433212,78800,13186,91986,719
2022-03-04,Napa,055,140530,25488,917,26405,140
2022-03-04,Nevada,057,99092,15827,1176,17003,128
2022-03-04,Orange,059,3164182,544452,41136,585588,7018
2022-03-04,Placer,061,380077,62333,7280,69613,613
2022-03-04,Plumas,063,18699,2951,357,3308,13
2022-03-04,Riverside,065,2383286,588831,27540,616371,6406
2022-03-04,Sacramento,067,1510023,278999,26621,305620,2997
2022-03-04,San Benito,069,59416,12874,507,13381,93
2022-03-04,San Bernardino,071,2135413,571917,24719,596636,7717
2022-03-04,San Diego,073,3302833,744834,51750,796584,5278
2022-03-04,San Francisco,075,870044,122382,8041,130423,850
2022-03-04,San Joaquin,077,732212,165776,9791,175567,2226
2022-03-04,San Luis Obispo,079,281455,52013,3681,55694,461
2022-03-04,San Mateo,081,765935,120168,6792,126960,698
2022-03-04,Santa Barbara,083,443738,85132,4650,89782,672
2022-03-04,Santa Clara,085,1922200,310901,12119,323020,2267
2022-03-04,Santa Cruz,087,273765,47094,2057,49151,256
2022-03-04,Shasta,089,179085,30334,6027,36361,544
2022-03-04,Sierra,091,2930,271,46,317,4
2022-03-04,Siskiyou,093,43540,4402,2698,7100,79
2022-03-04,Solano,095,438530,80779,5486,86265,445
2022-03-04,Sonoma,097,501317,82661,2543,85204,486
2022-03-04,Stanislaus,099,539301,116962,17703,134665,1661
2022-03-04,Sutter,101,95872,20340,2016,22356,221
2022-03-04,Tehama,103,63373,11982,2560,14542,200
2022-03-04,Trinity,105,12862,1179,284,1463,20
2022-03-04,Tulare,107,460477,105899,27375,133274,1473
2022-03-04,Tuolumne,109,53932,12615,551,13166,181
2022-03-04,Ventura,111,848112,171966,9304,181270,1476
2022-03-04,Yolo,113,214977,36661,2853,39514,353
2022-03-04,Yuba,115,75493,15702,1170,16872,122
2022-03-03,Alameda,001,1643700,253207,13488,266695,1823
2022-03-03,Alpine,002,1148,122,1,123,0
2022-03-03,Amador,005,37829,8447,635,9082,85
2022-03-03,Butte,007,227075,32913,6946,39859,425
2022-03-03,Calaveras,009,45235,7198,342,7540,118
2022-03-03,Colusa,011,21464,3433,1044,4477,21
2022-03-03,Contra Costa,013,1133247,190187,13136,203323,1285
2022-03-03,Del Norte,015,27424,5703,177,5880,47
2022-03-03,El Dorado,017,186661,26507,3163,29670,210
2022-03-03,Fresno,019,978130,233555,24139,257694,2719
2022-03-03,Glenn,021,27897,4960,1591,6551,55
2022-03-03,Humboldt,023,135768,16721,2888,19609,140
2022-03-03,Imperial,025,180216,55154,10463,65617,938
2022-03-03,Inyo,027,18085,4052,464,4516,56
2022-03-03,Kern,029,883053,190884,45510,236394,2310
2022-03-03,Kings,031,150075,51059,3490,54549,441
2022-03-03,Lake,033,64148,10588,870,11458,138
2022-03-03,Lassen,035,31185,8907,870,9777,62
2022-03-03,Los Angeles,037,10098052,2695139,121417,2816556,31408
2022-03-03,Madera,039,155013,37075,5972,43047,369
2022-03-03,Marin,041,260295,24484,2085,26569,236
2022-03-03,Mariposa,043,17540,2366,197,2563,26
2022-03-03,Mendocino,045,87422,12931,2965,15896,121
2022-03-03,Merced,047,269075,63032,8791,71823,804
2022-03-03,Modoc,049,8938,727,247,974,8
2022-03-03,Mono,051,14174,2960,120,3080,6
2022-03-03,Monterey,053,433212,78771,13169,91940,719
2022-03-03,Napa,055,140530,25464,916,26380,140
2022-03-03,Nevada,057,99092,15822,1171,16993,128
2022-03-03,Orange,059,3164182,544272,41109,585381,7015
2022-03-03,Placer,061,380077,62312,7276,69588,613
2022-03-03,Plumas,063,18699,2950,357,3307,13
2022-03-03,Riverside,065,2383286,588698,27535,616233,6405
2022-03-03,Sacramento,067,1510023,278886,26604,305490,2994
2022-03-03,San Benito,069,59416,12870,507,13377,93
2022-03-03,San Bernardino,071,2135413,571815,24713,596528,7711
2022-03-03,San Diego,073,3302833,744490,51732,796222,5272
2022-03-03,San Francisco,075,870044,122308,8030,130338,849
2022-03-03,San Joaquin,077,732212,165702,9788,175490,2225
2022-03-03,San Luis Obispo,079,281455,51958,3673,55631,460
2022-03-03,San Mateo,081,765935,120092,6783,126875,698
2022-03-03,Santa Barbara,083,443738,85113,4641,89754,671
2022-03-03,Santa Clara,085,1922200,310719,12105,322824,2266
2022-03-03,Santa Cruz,087,273765,47044,2055,49099,256
2022-03-03,Shasta,089,179085,30316,6025,36341,544
2022-03-03,Sierra,091,2930,271,46,317,4
2022-03-03,Siskiyou,093,43540,4400,2698,7098,79
2022-03-03,Solano,095,438530,80731,5484,86215,444
2022-03-03,Sonoma,097,501317,82611,2539,85150,486
2022-03-03,Stanislaus,099,539301,116929,17695,134624,1660
2022-03-03,Sutter,101,95872,20332,2016,22348,221
2022-03-03,Tehama,103,63373,11979,2560,14539,200
2022-03-03,Trinity,105,12862,1178,284,1462,20
2022-03-03,Tulare,107,460477,105856,27367,133223,1470
2022-03-03,Tuolumne,109,53932,12604,551,13155,181
2022-03-03,Ventura,111,848112,171914,9302,181216,1476
2022-03-03,Yolo,113,214977,36637,2848,39485,353
2022-03-03,Yuba,115,75493,15696,1165,16861,122
2022-03-02,Alameda,001,1643700,253030,13471,266501,1821
2022-03-02,Alpine,002,1148,122,1,123,0
2022-03-02,Amador,005,37829,8434,635,9069,85
2022-03-02,Butte,007,227075,32901,6942,39843,423
2022-03-02,Calaveras,009,45235,7197,342,7539,118
2022-03-02,Colusa,011,21464,3430,1044,4474,21
2022-03-02,Contra Costa,013,1133247,190093,13118,203211,1284
2022-03-02,Del Norte,015,27424,5696,175,5871,47
2022-03-02,El Dorado,017,186661,26495,3160,29655,208
2022-03-02,Fresno,019,978130,233422,24129,257551,2716
2022-03-02,Glenn,021,27897,4959,1590,6549,55
2022-03-02,Humboldt,023,135768,16711,2881,19592,140
2022-03-02,Imperial,025,180216,55128,10458,65586,936
2022-03-02,Inyo,027,18085,4050,463,4513,56
2022-03-02,Kern,029,883053,190816,45491,236307,2310
2022-03-02,Kings,031,150075,51033,3487,54520,440
2022-03-02,Lake,033,64148,10575,868,11443,136
2022-03-02,Lassen,035,31185,8904,869,9773,62
2022-03-02,Los Angeles,037,10098052,2694261,121370,2815631,31384
2022-03-02,Madera,039,155013,37058,5970,43028,369
2022-03-02,Marin,041,260295,24467,2084,26551,236
2022-03-02,Mariposa,043,17540,2366,197,2563,26
2022-03-02,Mendocino,045,87422,12918,2960,15878,121
2022-03-02,Merced,047,269075,63007,8782,71789,803
2022-03-02,Modoc,049,8938,727,247,974,8
2022-03-02,Mono,051,14174,2960,120,3080,6
2022-03-02,Monterey,053,433212,78734,13146,91880,717
2022-03-02,Napa,055,140530,25415,915,26330,139
2022-03-02,Nevada,057,99092,15811,1170,16981,128
2022-03-02,Orange,059,3164182,544067,41082,585149,7011
2022-03-02,Placer,061,380077,62289,7273,69562,613
2022-03-02,Plumas,063,18699,2950,357,3307,13
2022-03-02,Riverside,065,2383286,588548,27525,616073,6396
2022-03-02,Sacramento,067,1510023,278768,26593,305361,2991
2022-03-02,San Benito,069,59416,12859,507,13366,92
2022-03-02,San Bernardino,071,2135413,571705,24707,596412,7702
2022-03-02,San Diego,073,3302833,744130,51684,795814,5269
2022-03-02,San Francisco,075,870044,122214,8028,130242,846
2022-03-02,San Joaquin,077,732212,165642,9783,175425,2223
2022-03-02,San Luis Obispo,079,281455,51920,3668,55588,460
2022-03-02,San Mateo,081,765935,120005,6767,126772,697
2022-03-02,Santa Barbara,083,443738,85088,4640,89728,671
2022-03-02,Santa Clara,085,1922200,310505,12092,322597,2265
2022-03-02,Santa Cruz,087,273765,46973,2054,49027,256
2022-03-02,Shasta,089,179085,30291,6015,36306,542
2022-03-02,Sierra,091,2930,271,46,317,4
2022-03-02,Siskiyou,093,43540,4399,2695,7094,79
2022-03-02,Solano,095,438530,80666,5481,86147,444
2022-03-02,Sonoma,097,501317,82565,2535,85100,486
2022-03-02,Stanislaus,099,539301,116893,17670,134563,1656
2022-03-02,Sutter,101,95872,20310,1999,22309,221
2022-03-02,Tehama,103,63373,11975,2559,14534,200
2022-03-02,Trinity,105,12862,1176,284,1460,20
2022-03-02,Tulare,107,460477,105815,27352,133167,1468
2022-03-02,Tuolumne,109,53932,12599,551,13150,181
2022-03-02,Ventura,111,848112,171861,9299,181160,1476
2022-03-02,Yolo,113,214977,36619,2843,39462,353
2022-03-02,Yuba,115,75493,15683,1160,16843,122
2022-03-01,Alameda,001,1643700,252860,13459,266319,1819
2022-03-01,Alpine,002,1148,122,1,123,0
2022-03-01,Amador,005,37829,8386,633,9019,85
2022-03-01,Butte,007,227075,32877,6937,39814,422
2022-03-01,Calaveras,009,45235,7194,341,7535,117
2022-03-01,Colusa,011,21464,3429,1043,4472,21
2022-03-01,Contra Costa,013,1133247,189984,13103,203087,1283
2022-03-01,Del Norte,015,27424,5693,174,5867,47
2022-03-01,El Dorado,017,186661,26476,3157,29633,208
2022-03-01,Fresno,019,978130,233281,24115,257396,2712
2022-03-01,Glenn,021,27897,4957,1588,6545,54
2022-03-01,Humboldt,023,135768,16690,2874,19564,140
2022-03-01,Imperial,025,180216,55111,10452,65563,936
2022-03-01,Inyo,027,18085,4046,462,4508,56
2022-03-01,Kern,029,883053,190742,45467,236209,2307
2022-03-01,Kings,031,150075,51011,3483,54494,440
2022-03-01,Lake,033,64148,10564,866,11430,136
2022-03-01,Lassen,035,31185,8900,869,9769,62
2022-03-01,Los Angeles,037,10098052,2693311,121313,2814624,31364
2022-03-01,Madera,039,155013,37038,5964,43002,369
2022-03-01,Marin,041,260295,24441,2083,26524,236
2022-03-01,Mariposa,043,17540,2365,196,2561,26
2022-03-01,Mendocino,045,87422,12907,2958,15865,121
2022-03-01,Merced,047,269075,62976,8768,71744,802
2022-03-01,Modoc,049,8938,727,247,974,8
2022-03-01,Mono,051,14174,2959,120,3079,6
2022-03-01,Monterey,053,433212,78709,13136,91845,716
2022-03-01,Napa,055,140530,25384,915,26299,138
2022-03-01,Nevada,057,99092,15803,1167,16970,128
2022-03-01,Orange,059,3164182,543851,41047,584898,7008
2022-03-01,Placer,061,380077,62259,7268,69527,613
2022-03-01,Plumas,063,18699,2950,357,3307,13
2022-03-01,Riverside,065,2383286,588384,27524,615908,6391
2022-03-01,Sacramento,067,1510023,278639,26577,305216,2984
2022-03-01,San Benito,069,59416,12855,507,13362,92
2022-03-01,San Bernardino,071,2135413,571571,24705,596276,7698
2022-03-01,San Diego,073,3302833,743706,51642,795348,5264
2022-03-01,San Francisco,075,870044,122111,8022,130133,846
2022-03-01,San Joaquin,077,732212,165575,9779,175354,2222
2022-03-01,San Luis Obispo,079,281455,51884,3664,55548,460
2022-03-01,San Mateo,081,765935,119933,6760,126693,697
2022-03-01,Santa Barbara,083,443738,85052,4636,89688,670
2022-03-01,Santa Clara,085,1922200,310250,12080,322330,2264
2022-03-01,Santa Cruz,087,273765,46923,2051,48974,256
2022-03-01,Shasta,089,179085,30262,6012,36274,539
2022-03-01,Sierra,091,2930,271,46,317,4
2022-03-01,Siskiyou,093,43540,4397,2693,7090,79
2022-03-01,Solano,095,438530,80603,5478,86081,444
2022-03-01,Sonoma,097,501317,82496,2529,85025,484
2022-03-01,Stanislaus,099,539301,116841,17645,134486,1656
2022-03-01,Sutter,101,95872,20296,1995,22291,221
2022-03-01,Tehama,103,63373,11969,2556,14525,200
2022-03-01,Trinity,105,12862,1175,284,1459,20
2022-03-01,Tulare,107,460477,105733,27332,133065,1468
2022-03-01,Tuolumne,109,53932,12592,549,13141,181
2022-03-01,Ventura,111,848112,171791,9292,181083,1475
2022-03-01,Yolo,113,214977,36594,2837,39431,353
2022-03-01,Yuba,115,75493,15675,1160,16835,122
2022-02-28,Alameda,001,1643700,252637,13445,266082,1819
2022-02-28,Alpine,002,1148,122,1,123,0
2022-02-28,Amador,005,37829,8380,632,9012,84
2022-02-28,Butte,007,227075,32858,6931,39789,422
2022-02-28,Calaveras,009,45235,7191,340,7531,117
2022-02-28,Colusa,011,21464,3428,1041,4469,21
2022-02-28,Contra Costa,013,1133247,189879,13084,202963,1279
2022-02-28,Del Norte,015,27424,5688,173,5861,47
2022-02-28,El Dorado,017,186661,26466,3152,29618,208
2022-02-28,Fresno,019,978130,233080,24094,257174,2710
2022-02-28,Glenn,021,27897,4953,1588,6541,54
2022-02-28,Humboldt,023,135768,16675,2870,19545,140
2022-02-28,Imperial,025,180216,55084,10448,65532,933
2022-02-28,Inyo,027,18085,4046,461,4507,56
2022-02-28,Kern,029,883053,190650,45438,236088,2306
2022-02-28,Kings,031,150075,50971,3482,54453,440
2022-02-28,Lake,033,64148,10552,862,11414,136
2022-02-28,Lassen,035,31185,8843,869,9712,61
2022-02-28,Los Angeles,037,10098052,2692146,121219,2813365,31331
2022-02-28,Madera,039,155013,37012,5948,42960,369
2022-02-28,Marin,041,260295,24416,2083,26499,236
2022-02-28,Mariposa,043,17540,2362,194,2556,26
2022-02-28,Mendocino,045,87422,12898,2950,15848,121
2022-02-28,Merced,047,269075,62932,8751,71683,801
2022-02-28,Modoc,049,8938,727,247,974,8
2022-02-28,Mono,051,14174,2959,120,3079,6
2022-02-28,Monterey,053,433212,78642,13115,91757,715
2022-02-28,Napa,055,140530,25357,915,26272,138
2022-02-28,Nevada,057,99092,15797,1161,16958,127
2022-02-28,Orange,059,3164182,543596,41032,584628,7001
2022-02-28,Placer,061,380077,62228,7263,69491,612
2022-02-28,Plumas,063,18699,2950,356,3306,13
2022-02-28,Riverside,065,2383286,588192,27492,615684,6384
2022-02-28,Sacramento,067,1510023,278499,26552,305051,2984
2022-02-28,San Benito,069,59416,12850,507,13357,92
2022-02-28,San Bernardino,071,2135413,571387,24691,596078,7690
2022-02-28,San Diego,073,3302833,743319,51612,794931,5259
2022-02-28,San Francisco,075,870044,121951,8016,129967,845
2022-02-28,San Joaquin,077,732212,165491,9769,175260,2222
2022-02-28,San Luis Obispo,079,281455,51823,3657,55480,459
2022-02-28,San Mateo,081,765935,119835,6754,126589,697
2022-02-28,Santa Barbara,083,443738,85008,4631,89639,670
2022-02-28,Santa Clara,085,1922200,309970,12059,322029,2261
2022-02-28,Santa Cruz,087,273765,46854,2051,48905,256
2022-02-28,Shasta,089,179085,30237,6008,36245,538
2022-02-28,Sierra,091,2930,271,46,317,4
2022-02-28,Siskiyou,093,43540,4394,2688,7082,79
2022-02-28,Solano,095,438530,80535,5466,86001,444
2022-02-28,Sonoma,097,501317,82428,2526,84954,483
2022-02-28,Stanislaus,099,539301,116777,17628,134405,1652
2022-02-28,Sutter,101,95872,20283,1992,22275,221
2022-02-28,Tehama,103,63373,11956,2556,14512,200
2022-02-28,Trinity,105,12862,1175,284,1459,20
2022-02-28,Tulare,107,460477,105685,27316,133001,1466
2022-02-28,Tuolumne,109,53932,12582,549,13131,181
2022-02-28,Ventura,111,848112,171707,9291,180998,1474
2022-02-28,Yolo,113,214977,36558,2830,39388,353
2022-02-28,Yuba,115,75493,15660,1159,16819,122
2022-02-27,Alameda,001,1643700,252363,13436,265799,1816
2022-02-27,Alpine,002,1148,122,1,123,0
2022-02-27,Amador,005,37829,8376,629,9005,84
2022-02-27,Butte,007,227075,32822,6918,39740,421
2022-02-27,Calaveras,009,45235,7183,340,7523,117
2022-02-27,Colusa,011,21464,3426,1041,4467,21
2022-02-27,Contra Costa,013,1133247,189750,13064,202814,1277
2022-02-27,Del Norte,015,27424,5671,171,5842,46
2022-02-27,El Dorado,017,186661,26449,3150,29599,208
2022-02-27,Fresno,019,978130,232881,24066,256947,2707
2022-02-27,Glenn,021,27897,4951,1588,6539,54
2022-02-27,Humboldt,023,135768,16653,2863,19516,140
2022-02-27,Imperial,025,180216,55036,10431,65467,933
2022-02-27,Inyo,027,18085,4045,457,4502,56
2022-02-27,Kern,029,883053,190533,45399,235932,2305
2022-02-27,Kings,031,150075,50943,3481,54424,439
2022-02-27,Lake,033,64148,10533,862,11395,135
2022-02-27,Lassen,035,31185,8835,869,9704,61
2022-02-27,Los Angeles,037,10098052,2690837,121138,2811975,31296
2022-02-27,Madera,039,155013,36986,5940,42926,369
2022-02-27,Marin,041,260295,24378,2081,26459,236
2022-02-27,Mariposa,043,17540,2359,194,2553,26
2022-02-27,Mendocino,045,87422,12881,2937,15818,120
2022-02-27,Merced,047,269075,62879,8733,71612,801
2022-02-27,Modoc,049,8938,726,247,973,8
2022-02-27,Mono,051,14174,2958,120,3078,6
2022-02-27,Monterey,053,433212,78584,13091,91675,714
2022-02-27,Napa,055,140530,25320,915,26235,138
2022-02-27,Nevada,057,99092,15789,1157,16946,127
2022-02-27,Orange,059,3164182,543349,41002,584351,6996
2022-02-27,Placer,061,380077,62187,7259,69446,611
2022-02-27,Plumas,063,18699,2947,356,3303,13
2022-02-27,Riverside,065,2383286,587950,27468,615418,6380
2022-02-27,Sacramento,067,1510023,278310,26523,304833,2983
2022-02-27,San Benito,069,59416,12843,507,13350,92
2022-02-27,San Bernardino,071,2135413,571203,24681,595884,7689
2022-02-27,San Diego,073,3302833,742846,51566,794412,5251
2022-02-27,San Francisco,075,870044,121827,8005,129832,842
2022-02-27,San Joaquin,077,732212,165387,9762,175149,2220
2022-02-27,San Luis Obispo,079,281455,51731,3650,55381,459
2022-02-27,San Mateo,081,765935,119725,6749,126474,697
2022-02-27,Santa Barbara,083,443738,84970,4627,89597,670
2022-02-27,Santa Clara,085,1922200,309681,12032,321713,2259
2022-02-27,Santa Cruz,087,273765,46793,2051,48844,256
2022-02-27,Shasta,089,179085,30205,6003,36208,536
2022-02-27,Sierra,091,2930,271,46,317,4
2022-02-27,Siskiyou,093,43540,4389,2676,7065,79
2022-02-27,Solano,095,438530,80461,5453,85914,442
2022-02-27,Sonoma,097,501317,82346,2519,84865,482
2022-02-27,Stanislaus,099,539301,116711,17608,134319,1651
2022-02-27,Sutter,101,95872,20266,1986,22252,220
2022-02-27,Tehama,103,63373,11943,2555,14498,200
2022-02-27,Trinity,105,12862,1174,284,1458,20
2022-02-27,Tulare,107,460477,105616,27269,132885,1466
2022-02-27,Tuolumne,109,53932,12569,548,13117,180
2022-02-27,Ventura,111,848112,171632,9287,180919,1474
2022-02-27,Yolo,113,214977,36531,2825,39356,352
2022-02-27,Yuba,115,75493,15650,1157,16807,122
2022-02-26,Alameda,001,1643700,252250,13432,265682,1816
2022-02-26,Alpine,002,1148,122,1,123,0
2022-02-26,Amador,005,37829,8374,628,9002,84
2022-02-26,Butte,007,227075,32808,6915,39723,420
2022-02-26,Calaveras,009,45235,7182,340,7522,116
2022-02-26,Colusa,011,21464,3426,1041,4467,21
2022-02-26,Contra Costa,013,1133247,189682,13046,202728,1276
2022-02-26,Del Norte,015,27424,5666,171,5837,46
2022-02-26,El Dorado,017,186661,26438,3147,29585,208
2022-02-26,Fresno,019,978130,232791,24066,256857,2704
2022-02-26,Glenn,021,27897,4949,1587,6536,54
2022-02-26,Humboldt,023,135768,16628,2862,19490,139
2022-02-26,Imperial,025,180216,55009,10429,65438,933
2022-02-26,Inyo,027,18085,4044,452,4496,56
2022-02-26,Kern,029,883053,190480,45380,235860,2303
2022-02-26,Kings,031,150075,50930,3481,54411,438
2022-02-26,Lake,033,64148,10528,862,11390,135
2022-02-26,Lassen,035,31185,8834,869,9703,61
2022-02-26,Los Angeles,037,10098052,2690266,121098,2811364,31273
2022-02-26,Madera,039,155013,36971,5938,42909,369
2022-02-26,Marin,041,260295,24362,2079,26441,235
2022-02-26,Mariposa,043,17540,2358,194,2552,25
2022-02-26,Mendocino,045,87422,12874,2937,15811,120
2022-02-26,Merced,047,269075,62859,8732,71591,800
2022-02-26,Modoc,049,8938,726,247,973,8
2022-02-26,Mono,051,14174,2958,119,3077,6
2022-02-26,Monterey,053,433212,78552,13085,91637,713
2022-02-26,Napa,055,140530,25305,914,26219,138
2022-02-26,Nevada,057,99092,15785,1155,16940,127
2022-02-26,Orange,059,3164182,543237,40985,584222,6989
2022-02-26,Placer,061,380077,62168,7256,69424,611
2022-02-26,Plumas,063,18699,2947,356,3303,13
2022-02-26,Riverside,065,2383286,587828,27459,615287,6372
2022-02-26,Sacramento,067,1510023,278213,26512,304725,2980
2022-02-26,San Benito,069,59416,12839,507,13346,92
2022-02-26,San Bernardino,071,2135413,571114,24674,595788,7680
2022-02-26,San Diego,073,3302833,742623,51542,794165,5249
2022-02-26,San Francisco,075,870044,121756,7997,129753,841
2022-02-26,San Joaquin,077,732212,165354,9761,175115,2217
2022-02-26,San Luis Obispo,079,281455,51719,3648,55367,458
2022-02-26,San Mateo,081,765935,119671,6748,126419,697
2022-02-26,Santa Barbara,083,443738,84939,4627,89566,670
2022-02-26,Santa Clara,085,1922200,309532,12028,321560,2257
2022-02-26,Santa Cruz,087,273765,46770,2051,48821,255
2022-02-26,Shasta,089,179085,30196,5997,36193,534
2022-02-26,Sierra,091,2930,271,46,317,4
2022-02-26,Siskiyou,093,43540,4389,2674,7063,79
2022-02-26,Solano,095,438530,80426,5449,85875,442
2022-02-26,Sonoma,097,501317,82312,2517,84829,482
2022-02-26,Stanislaus,099,539301,116673,17603,134276,1650
2022-02-26,Sutter,101,95872,20257,1986,22243,219
2022-02-26,Tehama,103,63373,11937,2553,14490,200
2022-02-26,Trinity,105,12862,1173,284,1457,20
2022-02-26,Tulare,107,460477,105579,27254,132833,1465
2022-02-26,Tuolumne,109,53932,12566,548,13114,180
2022-02-26,Ventura,111,848112,171600,9284,180884,1474
2022-02-26,Yolo,113,214977,36510,2822,39332,351
2022-02-26,Yuba,115,75493,15638,1157,16795,122
2022-02-25,Alameda,001,1643700,252126,13423,265549,1815
2022-02-25,Alpine,002,1148,122,1,123,0
2022-02-25,Amador,005,37829,8363,628,8991,84
2022-02-25,Butte,007,227075,32795,6912,39707,420
2022-02-25,Calaveras,009,45235,7180,340,7520,116
2022-02-25,Colusa,011,21464,3426,1041,4467,21
2022-02-25,Contra Costa,013,1133247,189598,13025,202623,1271
2022-02-25,Del Norte,015,27424,5657,171,5828,45
2022-02-25,El Dorado,017,186661,26430,3147,29577,208
2022-02-25,Fresno,019,978130,232695,24059,256754,2698
2022-02-25,Glenn,021,27897,4947,1587,6534,54
2022-02-25,Humboldt,023,135768,16617,2862,19479,139
2022-02-25,Imperial,025,180216,54991,10428,65419,933
2022-02-25,Inyo,027,18085,4043,452,4495,56
2022-02-25,Kern,029,883053,190414,45367,235781,2300
2022-02-25,Kings,031,150075,50916,3479,54395,438
2022-02-25,Lake,033,64148,10510,862,11372,135
2022-02-25,Lassen,035,31185,8831,869,9700,61
2022-02-25,Los Angeles,037,10098052,2689678,121066,2810744,31244
2022-02-25,Madera,039,155013,36951,5937,42888,369
2022-02-25,Marin,041,260295,24348,2079,26427,235
2022-02-25,Mariposa,043,17540,2355,194,2549,25
2022-02-25,Mendocino,045,87422,12872,2937,15809,120
2022-02-25,Merced,047,269075,62829,8727,71556,800
2022-02-25,Modoc,049,8938,726,247,973,8
2022-02-25,Mono,051,14174,2957,119,3076,6
2022-02-25,Monterey,053,433212,78524,13079,91603,712
2022-02-25,Napa,055,140530,25296,914,26210,138
2022-02-25,Nevada,057,99092,15774,1152,16926,127
2022-02-25,Orange,059,3164182,543102,40962,584064,6981
2022-02-25,Placer,061,380077,62153,7251,69404,610
2022-02-25,Plumas,063,18699,2945,356,3301,13
2022-02-25,Riverside,065,2383286,587676,27447,615123,6366
2022-02-25,Sacramento,067,1510023,278111,26507,304618,2976
2022-02-25,San Benito,069,59416,12837,507,13344,92
2022-02-25,San Bernardino,071,2135413,571007,24667,595674,7675
2022-02-25,San Diego,073,3302833,742341,51523,793864,5240
2022-02-25,San Francisco,075,870044,121675,7994,129669,839
2022-02-25,San Joaquin,077,732212,165314,9756,175070,2215
2022-02-25,San Luis Obispo,079,281455,51715,3639,55354,457
2022-02-25,San Mateo,081,765935,119609,6744,126353,697
2022-02-25,Santa Barbara,083,443738,84903,4627,89530,670
2022-02-25,Santa Clara,085,1922200,309346,12025,321371,2257
2022-02-25,Santa Cruz,087,273765,46736,2049,48785,255
2022-02-25,Shasta,089,179085,30187,5995,36182,533
2022-02-25,Sierra,091,2930,271,46,317,4
2022-02-25,Siskiyou,093,43540,4389,2673,7062,78
2022-02-25,Solano,095,438530,80397,5448,85845,442
2022-02-25,Sonoma,097,501317,82261,2515,84776,481
2022-02-25,Stanislaus,099,539301,116645,17599,134244,1649
2022-02-25,Sutter,101,95872,20248,1986,22234,219
2022-02-25,Tehama,103,63373,11935,2553,14488,200
2022-02-25,Trinity,105,12862,1173,284,1457,20
2022-02-25,Tulare,107,460477,105546,27232,132778,1464
2022-02-25,Tuolumne,109,53932,12563,548,13111,180
2022-02-25,Ventura,111,848112,171549,9283,180832,1474
2022-02-25,Yolo,113,214977,36495,2822,39317,351
2022-02-25,Yuba,115,75493,15631,1157,16788,122
2022-02-24,Alameda,001,1643700,251918,13414,265332,1814
2022-02-24,Alpine,002,1148,122,1,123,0
2022-02-24,Amador,005,37829,8358,627,8985,84
2022-02-24,Butte,007,227075,32774,6908,39682,420
2022-02-24,Calaveras,009,45235,7178,338,7516,116
2022-02-24,Colusa,011,21464,3425,1040,4465,21
2022-02-24,Contra Costa,013,1133247,189468,13016,202484,1271
2022-02-24,Del Norte,015,27424,5642,170,5812,45
2022-02-24,El Dorado,017,186661,26414,3147,29561,207
2022-02-24,Fresno,019,978130,232501,24044,256545,2694
2022-02-24,Glenn,021,27897,4945,1586,6531,54
2022-02-24,Humboldt,023,135768,16601,2861,19462,139
2022-02-24,Imperial,025,180216,54951,10419,65370,932
2022-02-24,Inyo,027,18085,4042,451,4493,56
2022-02-24,Kern,029,883053,190274,45334,235608,2298
2022-02-24,Kings,031,150075,50886,3474,54360,438
2022-02-24,Lake,033,64148,10493,862,11355,135
2022-02-24,Lassen,035,31185,8827,868,9695,60
2022-02-24,Los Angeles,037,10098052,2688521,121011,2809532,31209
2022-02-24,Madera,039,155013,36925,5935,42860,369
2022-02-24,Marin,041,260295,24328,2078,26406,234
2022-02-24,Mariposa,043,17540,2349,193,2542,25
2022-02-24,Mendocino,045,87422,12865,2933,15798,120
2022-02-24,Merced,047,269075,62799,8718,71517,800
2022-02-24,Modoc,049,8938,725,247,972,8
2022-02-24,Mono,051,14174,2956,119,3075,6
2022-02-24,Monterey,053,433212,78472,13071,91543,710
2022-02-24,Napa,055,140530,25256,910,26166,137
2022-02-24,Nevada,057,99092,15760,1152,16912,127
2022-02-24,Orange,059,3164182,542851,40926,583777,6974
2022-02-24,Placer,061,380077,62116,7249,69365,609
2022-02-24,Plumas,063,18699,2940,355,3295,13
2022-02-24,Riverside,065,2383286,587425,27421,614846,6358
2022-02-24,Sacramento,067,1510023,277937,26491,304428,2974
2022-02-24,San Benito,069,59416,12826,507,13333,92
2022-02-24,San Bernardino,071,2135413,570814,24655,595469,7663
2022-02-24,San Diego,073,3302833,741927,51476,793403,5235
2022-02-24,San Francisco,075,870044,121551,7987,129538,837
2022-02-24,San Joaquin,077,732212,165186,9752,174938,2214
2022-02-24,San Luis Obispo,079,281455,51669,3637,55306,456
2022-02-24,San Mateo,081,765935,119516,6738,126254,696
2022-02-24,Santa Barbara,083,443738,84839,4626,89465,669
2022-02-24,Santa Clara,085,1922200,309111,12012,321123,2253
2022-02-24,Santa Cruz,087,273765,46655,2047,48702,255
2022-02-24,Shasta,089,179085,30168,5989,36157,531
2022-02-24,Sierra,091,2930,271,46,317,4
2022-02-24,Siskiyou,093,43540,4386,2670,7056,78
2022-02-24,Solano,095,438530,80318,5444,85762,442
2022-02-24,Sonoma,097,501317,82207,2510,84717,481
2022-02-24,Stanislaus,099,539301,116570,17586,134156,1648
2022-02-24,Sutter,101,95872,20234,1970,22204,219
2022-02-24,Tehama,103,63373,11929,2552,14481,199
2022-02-24,Trinity,105,12862,1171,284,1455,20
2022-02-24,Tulare,107,460477,105490,27204,132694,1461
2022-02-24,Tuolumne,109,53932,12552,546,13098,178
2022-02-24,Ventura,111,848112,171471,9280,180751,1471
2022-02-24,Yolo,113,214977,36469,2820,39289,348
2022-02-24,Yuba,115,75493,15617,1157,16774,121
2022-02-23,Alameda,001,1643700,251693,13400,265093,1811
2022-02-23,Alpine,002,1148,122,1,123,0
2022-02-23,Amador,005,37829,8340,627,8967,84
2022-02-23,Butte,007,227075,32747,6905,39652,419
2022-02-23,Calaveras,009,45235,7168,337,7505,114
2022-02-23,Colusa,011,21464,3421,1040,4461,21
2022-02-23,Contra Costa,013,1133247,189326,13003,202329,1268
2022-02-23,Del Norte,015,27424,5631,169,5800,45
2022-02-23,El Dorado,017,186661,26398,3143,29541,206
2022-02-23,Fresno,019,978130,232314,24021,256335,2690
2022-02-23,Glenn,021,27897,4941,1584,6525,54
2022-02-23,Humboldt,023,135768,16585,2858,19443,139
2022-02-23,Imperial,025,180216,54912,10406,65318,931
2022-02-23,Inyo,027,18085,4041,448,4489,56
2022-02-23,Kern,029,883053,190171,45287,235458,2297
2022-02-23,Kings,031,150075,50853,3473,54326,437
2022-02-23,Lake,033,64148,10475,861,11336,135
2022-02-23,Lassen,035,31185,8811,868,9679,60
2022-02-23,Los Angeles,037,10098052,2687160,120969,2808129,31182
2022-02-23,Madera,039,155013,36894,5925,42819,369
2022-02-23,Marin,041,260295,24305,2077,26382,234
2022-02-23,Mariposa,043,17540,2344,192,2536,25
2022-02-23,Mendocino,045,87422,12855,2929,15784,120
2022-02-23,Merced,047,269075,62767,8712,71479,797
2022-02-23,Modoc,049,8938,725,246,971,8
2022-02-23,Mono,051,14174,2955,119,3074,6
2022-02-23,Monterey,053,433212,78434,13048,91482,709
2022-02-23,Napa,055,140530,25231,905,26136,136
2022-02-23,Nevada,057,99092,15753,1149,16902,127
2022-02-23,Orange,059,3164182,542544,40904,583448,6969
2022-02-23,Placer,061,380077,62069,7242,69311,609
2022-02-23,Plumas,063,18699,2936,355,3291,13
2022-02-23,Riverside,065,2383286,587134,27385,614519,6355
2022-02-23,Sacramento,067,1510023,277778,26468,304246,2969
2022-02-23,San Benito,069,59416,12819,506,13325,92
2022-02-23,San Bernardino,071,2135413,570654,24639,595293,7655
2022-02-23,San Diego,073,3302833,741423,51427,792850,5231
2022-02-23,San Francisco,075,870044,121425,7985,129410,834
2022-02-23,San Joaquin,077,732212,165094,9746,174840,2214
2022-02-23,San Luis Obispo,079,281455,51621,3635,55256,456
2022-02-23,San Mateo,081,765935,119425,6729,126154,696
2022-02-23,Santa Barbara,083,443738,84778,4622,89400,667
2022-02-23,Santa Clara,085,1922200,308854,12003,320857,2251
2022-02-23,Santa Cruz,087,273765,46585,2046,48631,255
2022-02-23,Shasta,089,179085,30140,5986,36126,529
2022-02-23,Sierra,091,2930,271,46,317,4
2022-02-23,Siskiyou,093,43540,4383,2668,7051,78
2022-02-23,Solano,095,438530,80229,5442,85671,442
2022-02-23,Sonoma,097,501317,82153,2508,84661,480
2022-02-23,Stanislaus,099,539301,116493,17577,134070,1644
2022-02-23,Sutter,101,95872,20217,1966,22183,219
2022-02-23,Tehama,103,63373,11919,2552,14471,199
2022-02-23,Trinity,105,12862,1171,284,1455,20
2022-02-23,Tulare,107,460477,105425,27181,132606,1460
2022-02-23,Tuolumne,109,53932,12543,545,13088,178
2022-02-23,Ventura,111,848112,171383,9273,180656,1470
2022-02-23,Yolo,113,214977,36431,2813,39244,348
2022-02-23,Yuba,115,75493,15614,1155,16769,121
2022-02-22,Alameda,001,1643700,251444,13389,264833,1807
2022-02-22,Alpine,002,1148,122,1,123,0
2022-02-22,Amador,005,37829,8330,627,8957,84
2022-02-22,Butte,007,227075,32713,6898,39611,418
2022-02-22,Calaveras,009,45235,7159,337,7496,114
2022-02-22,Colusa,011,21464,3420,1038,4458,21
2022-02-22,Contra Costa,013,1133247,189173,12984,202157,1266
2022-02-22,Del Norte,015,27424,5622,168,5790,44
2022-02-22,El Dorado,017,186661,26389,3143,29532,206
2022-02-22,Fresno,019,978130,232088,23995,256083,2685
2022-02-22,Glenn,021,27897,4940,1583,6523,54
2022-02-22,Humboldt,023,135768,16561,2854,19415,139
2022-02-22,Imperial,025,180216,54880,10402,65282,929
2022-02-22,Inyo,027,18085,4039,446,4485,56
2022-02-22,Kern,029,883053,190051,45251,235302,2294
2022-02-22,Kings,031,150075,50791,3471,54262,434
2022-02-22,Lake,033,64148,10464,859,11323,135
2022-02-22,Lassen,035,31185,8807,868,9675,59
2022-02-22,Los Angeles,037,10098052,2685701,120879,2806580,31153
2022-02-22,Madera,039,155013,36860,5916,42776,369
2022-02-22,Marin,041,260295,24280,2076,26356,233
2022-02-22,Mariposa,043,17540,2336,192,2528,25
2022-02-22,Mendocino,045,87422,12841,2919,15760,119
2022-02-22,Merced,047,269075,62706,8705,71411,794
2022-02-22,Modoc,049,8938,722,246,968,8
2022-02-22,Mono,051,14174,2955,119,3074,6
2022-02-22,Monterey,053,433212,78380,13029,91409,708
2022-02-22,Napa,055,140530,25202,904,26106,136
2022-02-22,Nevada,057,99092,15737,1148,16885,127
2022-02-22,Orange,059,3164182,542256,40870,583126,6962
2022-02-22,Placer,061,380077,62033,7237,69270,608
2022-02-22,Plumas,063,18699,2930,354,3284,13
2022-02-22,Riverside,065,2383286,586876,27365,614241,6351
2022-02-22,Sacramento,067,1510023,277588,26443,304031,2963
2022-02-22,San Benito,069,59416,12808,505,13313,92
2022-02-22,San Bernardino,071,2135413,570452,24620,595072,7639
2022-02-22,San Diego,073,3302833,740899,51372,792271,5228
2022-02-22,San Francisco,075,870044,121295,7981,129276,831
2022-02-22,San Joaquin,077,732212,164974,9736,174710,2212
2022-02-22,San Luis Obispo,079,281455,51536,3629,55165,456
2022-02-22,San Mateo,081,765935,119331,6724,126055,694
2022-02-22,Santa Barbara,083,443738,84717,4618,89335,665
2022-02-22,Santa Clara,085,1922200,308571,11997,320568,2245
2022-02-22,Santa Cruz,087,273765,46520,2046,48566,255
2022-02-22,Shasta,089,179085,30115,5981,36096,528
2022-02-22,Sierra,091,2930,271,45,316,3
2022-02-22,Siskiyou,093,43540,4380,2663,7043,78
2022-02-22,Solano,095,438530,80153,5440,85593,441
2022-02-22,Sonoma,097,501317,82087,2504,84591,480
2022-02-22,Stanislaus,099,539301,116414,17557,133971,1643
2022-02-22,Sutter,101,95872,20201,1964,22165,219
2022-02-22,Tehama,103,63373,11910,2551,14461,199
2022-02-22,Trinity,105,12862,1171,283,1454,20
2022-02-22,Tulare,107,460477,105317,27152,132469,1454
2022-02-22,Tuolumne,109,53932,12524,544,13068,178
2022-02-22,Ventura,111,848112,171298,9267,180565,1468
2022-02-22,Yolo,113,214977,36394,2808,39202,348
2022-02-22,Yuba,115,75493,15604,1154,16758,121
2022-02-21,Alameda,001,1643700,251161,13373,264534,1804
2022-02-21,Alpine,002,1148,122,1,123,0
2022-02-21,Amador,005,37829,8324,627,8951,84
2022-02-21,Butte,007,227075,32671,6874,39545,416
2022-02-21,Calaveras,009,45235,7151,337,7488,114
2022-02-21,Colusa,011,21464,3418,1036,4454,21
2022-02-21,Contra Costa,013,1133247,188945,12970,201915,1264
2022-02-21,Del Norte,015,27424,5604,167,5771,44
2022-02-21,El Dorado,017,186661,26361,3138,29499,206
2022-02-21,Fresno,019,978130,231771,23939,255710,2682
2022-02-21,Glenn,021,27897,4935,1583,6518,54
2022-02-21,Humboldt,023,135768,16518,2846,19364,139
2022-02-21,Imperial,025,180216,54820,10389,65209,927
2022-02-21,Inyo,027,18085,4036,446,4482,56
2022-02-21,Kern,029,883053,189858,45199,235057,2290
2022-02-21,Kings,031,150075,50725,3468,54193,433
2022-02-21,Lake,033,64148,10442,857,11299,132
2022-02-21,Lassen,035,31185,8799,863,9662,59
2022-02-21,Los Angeles,037,10098052,2683927,120783,2804710,31111
2022-02-21,Madera,039,155013,36823,5895,42718,367
2022-02-21,Marin,041,260295,24256,2076,26332,233
2022-02-21,Mariposa,043,17540,2333,192,2525,25
2022-02-21,Mendocino,045,87422,12814,2908,15722,119
2022-02-21,Merced,047,269075,62649,8687,71336,794
2022-02-21,Modoc,049,8938,721,246,967,8
2022-02-21,Mono,051,14174,2954,119,3073,6
2022-02-21,Monterey,053,433212,78286,12988,91274,706
2022-02-21,Napa,055,140530,25163,904,26067,135
2022-02-21,Nevada,057,99092,15726,1145,16871,127
2022-02-21,Orange,059,3164182,541903,40845,582748,6958
2022-02-21,Placer,061,380077,61980,7234,69214,608
2022-02-21,Plumas,063,18699,2927,349,3276,13
2022-02-21,Riverside,065,2383286,586506,27318,613824,6347
2022-02-21,Sacramento,067,1510023,277335,26407,303742,2960
2022-02-21,San Benito,069,59416,12795,505,13300,92
2022-02-21,San Bernardino,071,2135413,570214,24599,594813,7629
2022-02-21,San Diego,073,3302833,740285,51294,791579,5221
2022-02-21,San Francisco,075,870044,121115,7977,129092,829
2022-02-21,San Joaquin,077,732212,164834,9724,174558,2211
2022-02-21,San Luis Obispo,079,281455,51445,3622,55067,454
2022-02-21,San Mateo,081,765935,119238,6716,125954,693
2022-02-21,Santa Barbara,083,443738,84640,4610,89250,665
2022-02-21,Santa Clara,085,1922200,308240,11991,320231,2238
2022-02-21,Santa Cruz,087,273765,46394,2045,48439,254
2022-02-21,Shasta,089,179085,30070,5973,36043,527
2022-02-21,Sierra,091,2930,271,45,316,3
2022-02-21,Siskiyou,093,43540,4369,2657,7026,77
2022-02-21,Solano,095,438530,80060,5435,85495,441
2022-02-21,Sonoma,097,501317,81974,2497,84471,480
2022-02-21,Stanislaus,099,539301,116307,17533,133840,1641
2022-02-21,Sutter,101,95872,20177,1962,22139,219
2022-02-21,Tehama,103,63373,11896,2550,14446,199
2022-02-21,Trinity,105,12862,1170,283,1453,20
2022-02-21,Tulare,107,460477,105223,27109,132332,1451
2022-02-21,Tuolumne,109,53932,12513,541,13054,178
2022-02-21,Ventura,111,848112,171159,9258,180417,1464
2022-02-21,Yolo,113,214977,36351,2799,39150,348
2022-02-21,Yuba,115,75493,15585,1145,16730,120
2022-02-20,Alameda,001,1643700,250932,13365,264297,1802
2022-02-20,Alpine,002,1148,122,1,123,0
2022-02-20,Amador,005,37829,8312,627,8939,84
2022-02-20,Butte,007,227075,32642,6870,39512,414
2022-02-20,Calaveras,009,45235,7148,336,7484,113
2022-02-20,Colusa,011,21464,3415,1035,4450,21
2022-02-20,Contra Costa,013,1133247,188815,12965,201780,1262
2022-02-20,Del Norte,015,27424,5589,167,5756,44
2022-02-20,El Dorado,017,186661,26340,3137,29477,206
2022-02-20,Fresno,019,978130,231575,23923,255498,2681
2022-02-20,Glenn,021,27897,4932,1583,6515,53
2022-02-20,Humboldt,023,135768,16505,2842,19347,139
2022-02-20,Imperial,025,180216,54754,10379,65133,927
2022-02-20,Inyo,027,18085,4036,445,4481,56
2022-02-20,Kern,029,883053,189723,45154,234877,2288
2022-02-20,Kings,031,150075,50697,3465,54162,433
2022-02-20,Lake,033,64148,10409,856,11265,132
2022-02-20,Lassen,035,31185,8787,863,9650,59
2022-02-20,Los Angeles,037,10098052,2682605,120701,2803306,31073
2022-02-20,Madera,039,155013,36792,5891,42683,367
2022-02-20,Marin,041,260295,24239,2076,26315,233
2022-02-20,Mariposa,043,17540,2327,190,2517,25
2022-02-20,Mendocino,045,87422,12804,2905,15709,119
2022-02-20,Merced,047,269075,62621,8682,71303,793
2022-02-20,Modoc,049,8938,720,246,966,8
2022-02-20,Mono,051,14174,2954,119,3073,6
2022-02-20,Monterey,053,433212,78226,12975,91201,705
2022-02-20,Napa,055,140530,25141,902,26043,134
2022-02-20,Nevada,057,99092,15715,1144,16859,127
2022-02-20,Orange,059,3164182,541584,40807,582391,6946
2022-02-20,Placer,061,380077,61945,7226,69171,608
2022-02-20,Plumas,063,18699,2923,347,3270,13
2022-02-20,Riverside,065,2383286,586237,27292,613529,6339
2022-02-20,Sacramento,067,1510023,277155,26383,303538,2955
2022-02-20,San Benito,069,59416,12792,505,13297,92
2022-02-20,San Bernardino,071,2135413,570006,24582,594588,7621
2022-02-20,San Diego,073,3302833,739714,51229,790943,5215
2022-02-20,San Francisco,075,870044,120978,7967,128945,828
2022-02-20,San Joaquin,077,732212,164715,9713,174428,2205
2022-02-20,San Luis Obispo,079,281455,51416,3618,55034,451
2022-02-20,San Mateo,081,765935,119163,6709,125872,690
2022-02-20,Santa Barbara,083,443738,84596,4608,89204,665
2022-02-20,Santa Clara,085,1922200,307956,11983,319939,2235
2022-02-20,Santa Cruz,087,273765,46328,2042,48370,254
2022-02-20,Shasta,089,179085,30041,5966,36007,525
2022-02-20,Sierra,091,2930,271,45,316,3
2022-02-20,Siskiyou,093,43540,4364,2656,7020,75
2022-02-20,Solano,095,438530,79985,5431,85416,440
2022-02-20,Sonoma,097,501317,81900,2494,84394,480
2022-02-20,Stanislaus,099,539301,116242,17516,133758,1636
2022-02-20,Sutter,101,95872,20165,1959,22124,218
2022-02-20,Tehama,103,63373,11884,2547,14431,196
2022-02-20,Trinity,105,12862,1169,283,1452,20
2022-02-20,Tulare,107,460477,105135,27083,132218,1450
2022-02-20,Tuolumne,109,53932,12492,541,13033,177
2022-02-20,Ventura,111,848112,171063,9251,180314,1460
2022-02-20,Yolo,113,214977,36325,2796,39121,347
2022-02-20,Yuba,115,75493,15570,1144,16714,120
2022-02-19,Alameda,001,1643700,250760,13361,264121,1797
2022-02-19,Alpine,002,1148,122,1,123,0
2022-02-19,Amador,005,37829,8308,627,8935,83
2022-02-19,Butte,007,227075,32618,6867,39485,413
2022-02-19,Calaveras,009,45235,7148,336,7484,112
2022-02-19,Colusa,011,21464,3414,1033,4447,21
2022-02-19,Contra Costa,013,1133247,188718,12964,201682,1260
2022-02-19,Del Norte,015,27424,5579,167,5746,44
2022-02-19,El Dorado,017,186661,26322,3135,29457,206
2022-02-19,Fresno,019,978130,231455,23916,255371,2677
2022-02-19,Glenn,021,27897,4927,1583,6510,53
2022-02-19,Humboldt,023,135768,16490,2842,19332,139
2022-02-19,Imperial,025,180216,54738,10374,65112,926
2022-02-19,Inyo,027,18085,4035,444,4479,56
2022-02-19,Kern,029,883053,189620,45130,234750,2285
2022-02-19,Kings,031,150075,50674,3464,54138,432
2022-02-19,Lake,033,64148,10400,856,11256,131
2022-02-19,Lassen,035,31185,8775,862,9637,59
2022-02-19,Los Angeles,037,10098052,2681817,120659,2802476,31023
2022-02-19,Madera,039,155013,36770,5889,42659,367
2022-02-19,Marin,041,260295,24216,2075,26291,233
2022-02-19,Mariposa,043,17540,2324,190,2514,25
2022-02-19,Mendocino,045,87422,12794,2905,15699,119
2022-02-19,Merced,047,269075,62577,8678,71255,792
2022-02-19,Modoc,049,8938,720,245,965,8
2022-02-19,Mono,051,14174,2953,119,3072,6
2022-02-19,Monterey,053,433212,78137,12964,91101,704
2022-02-19,Napa,055,140530,25131,902,26033,134
2022-02-19,Nevada,057,99092,15707,1144,16851,127
2022-02-19,Orange,059,3164182,541382,40781,582163,6932
2022-02-19,Placer,061,380077,61899,7225,69124,606
2022-02-19,Plumas,063,18699,2922,347,3269,13
2022-02-19,Riverside,065,2383286,586055,27280,613335,6336
2022-02-19,Sacramento,067,1510023,277009,26372,303381,2951
2022-02-19,San Benito,069,59416,12779,504,13283,92
2022-02-19,San Bernardino,071,2135413,569843,24575,594418,7613
2022-02-19,San Diego,073,3302833,739370,51182,790552,5205
2022-02-19,San Francisco,075,870044,120892,7963,128855,824
2022-02-19,San Joaquin,077,732212,164641,9702,174343,2202
2022-02-19,San Luis Obispo,079,281455,51403,3614,55017,448
2022-02-19,San Mateo,081,765935,119122,6708,125830,689
2022-02-19,Santa Barbara,083,443738,84529,4607,89136,665
2022-02-19,Santa Clara,085,1922200,307761,11981,319742,2228
2022-02-19,Santa Cruz,087,273765,46290,2040,48330,254
2022-02-19,Shasta,089,179085,30026,5963,35989,525
2022-02-19,Sierra,091,2930,271,45,316,3
2022-02-19,Siskiyou,093,43540,4361,2656,7017,75
2022-02-19,Solano,095,438530,79943,5430,85373,440
2022-02-19,Sonoma,097,501317,81858,2494,84352,480
2022-02-19,Stanislaus,099,539301,116170,17510,133680,1634
2022-02-19,Sutter,101,95872,20157,1959,22116,218
2022-02-19,Tehama,103,63373,11877,2547,14424,193
2022-02-19,Trinity,105,12862,1167,283,1450,20
2022-02-19,Tulare,107,460477,105088,27058,132146,1447
2022-02-19,Tuolumne,109,53932,12483,541,13024,176
2022-02-19,Ventura,111,848112,170988,9247,180235,1456
2022-02-19,Yolo,113,214977,36294,2792,39086,346
2022-02-19,Yuba,115,75493,15561,1144,16705,120
2022-02-18,Alameda,001,1643700,250595,13353,263948,1795
2022-02-18,Alpine,002,1148,121,1,122,0
2022-02-18,Amador,005,37829,8301,625,8926,82
2022-02-18,Butte,007,227075,32597,6861,39458,412
2022-02-18,Calaveras,009,45235,7143,335,7478,111
2022-02-18,Colusa,011,21464,3412,1033,4445,21
2022-02-18,Contra Costa,013,1133247,188611,12958,201569,1258
2022-02-18,Del Norte,015,27424,5567,167,5734,44
2022-02-18,El Dorado,017,186661,26311,3135,29446,206
2022-02-18,Fresno,019,978130,231270,23903,255173,2670
2022-02-18,Glenn,021,27897,4926,1582,6508,53
2022-02-18,Humboldt,023,135768,16473,2837,19310,138
2022-02-18,Imperial,025,180216,54712,10363,65075,925
2022-02-18,Inyo,027,18085,4033,444,4477,56
2022-02-18,Kern,029,883053,189508,45084,234592,2284
2022-02-18,Kings,031,150075,50587,3464,54051,432
2022-02-18,Lake,033,64148,10382,854,11236,131
2022-02-18,Lassen,035,31185,8755,861,9616,59
2022-02-18,Los Angeles,037,10098052,2680833,120605,2801438,30992
2022-02-18,Madera,039,155013,36747,5887,42634,367
2022-02-18,Marin,041,260295,24197,2073,26270,231
2022-02-18,Mariposa,043,17540,2322,190,2512,24
2022-02-18,Mendocino,045,87422,12784,2905,15689,119
2022-02-18,Merced,047,269075,62535,8669,71204,791
2022-02-18,Modoc,049,8938,720,245,965,8
2022-02-18,Mono,051,14174,2953,119,3072,5
2022-02-18,Monterey,053,433212,78064,12956,91020,703
2022-02-18,Napa,055,140530,25113,902,26015,134
2022-02-18,Nevada,057,99092,15699,1144,16843,127
2022-02-18,Orange,059,3164182,541144,40742,581886,6923
2022-02-18,Placer,061,380077,61869,7218,69087,603
2022-02-18,Plumas,063,18699,2918,347,3265,13
2022-02-18,Riverside,065,2383286,585874,27272,613146,6330
2022-02-18,Sacramento,067,1510023,276816,26363,303179,2945
2022-02-18,San Benito,069,59416,12771,504,13275,92
2022-02-18,San Bernardino,071,2135413,569665,24570,594235,7608
2022-02-18,San Diego,073,3302833,738946,51156,790102,5198
2022-02-18,San Francisco,075,870044,120804,7955,128759,824
2022-02-18,San Joaquin,077,732212,164571,9695,174266,2198
2022-02-18,San Luis Obispo,079,281455,51387,3611,54998,446
2022-02-18,San Mateo,081,765935,119057,6705,125762,689
2022-02-18,Santa Barbara,083,443738,84489,4605,89094,665
2022-02-18,Santa Clara,085,1922200,307525,11980,319505,2227
2022-02-18,Santa Cruz,087,273765,46256,2039,48295,253
2022-02-18,Shasta,089,179085,30011,5962,35973,524
2022-02-18,Sierra,091,2930,271,45,316,3
2022-02-18,Siskiyou,093,43540,4358,2654,7012,75
2022-02-18,Solano,095,438530,79873,5429,85302,438
2022-02-18,Sonoma,097,501317,81802,2493,84295,479
2022-02-18,Stanislaus,099,539301,116120,17496,133616,1632
2022-02-18,Sutter,101,95872,20145,1959,22104,218
2022-02-18,Tehama,103,63373,11867,2547,14414,192
2022-02-18,Trinity,105,12862,1166,282,1448,20
2022-02-18,Tulare,107,460477,105038,27017,132055,1446
2022-02-18,Tuolumne,109,53932,12477,540,13017,176
2022-02-18,Ventura,111,848112,170898,9242,180140,1452
2022-02-18,Yolo,113,214977,36266,2790,39056,346
2022-02-18,Yuba,115,75493,15546,1144,16690,120
2022-02-17,Alameda,001,1643700,250328,13338,263666,1789
2022-02-17,Alpine,002,1148,121,1,122,0
2022-02-17,Amador,005,37829,8297,623,8920,81
2022-02-17,Butte,007,227075,32564,6857,39421,412
2022-02-17,Calaveras,009,45235,7134,332,7466,109
2022-02-17,Colusa,011,21464,3409,1033,4442,21
2022-02-17,Contra Costa,013,1133247,188415,12926,201341,1255
2022-02-17,Del Norte,015,27424,5546,167,5713,44
2022-02-17,El Dorado,017,186661,26285,3125,29410,206
2022-02-17,Fresno,019,978130,230978,23873,254851,2666
2022-02-17,Glenn,021,27897,4924,1579,6503,53
2022-02-17,Humboldt,023,135768,16433,2836,19269,138
2022-02-17,Imperial,025,180216,54640,10347,64987,925
2022-02-17,Inyo,027,18085,4031,443,4474,56
2022-02-17,Kern,029,883053,189354,45035,234389,2283
2022-02-17,Kings,031,150075,50523,3459,53982,432
2022-02-17,Lake,033,64148,10352,850,11202,131
2022-02-17,Lassen,035,31185,8745,859,9604,59
2022-02-17,Los Angeles,037,10098052,2679011,120525,2799536,30946
2022-02-17,Madera,039,155013,36704,5880,42584,366
2022-02-17,Marin,041,260295,24171,2072,26243,230
2022-02-17,Mariposa,043,17540,2320,189,2509,24
2022-02-17,Mendocino,045,87422,12767,2902,15669,118
2022-02-17,Merced,047,269075,62461,8651,71112,788
2022-02-17,Modoc,049,8938,719,245,964,8
2022-02-17,Mono,051,14174,2951,119,3070,5
2022-02-17,Monterey,053,433212,77952,12914,90866,703
2022-02-17,Napa,055,140530,25081,900,25981,134
2022-02-17,Nevada,057,99092,15687,1143,16830,126
2022-02-17,Orange,059,3164182,540805,40715,581520,6911
2022-02-17,Placer,061,380077,61826,7210,69036,602
2022-02-17,Plumas,063,18699,2915,347,3262,13
2022-02-17,Riverside,065,2383286,585500,27245,612745,6322
2022-02-17,Sacramento,067,1510023,276529,26311,302840,2941
2022-02-17,San Benito,069,59416,12760,504,13264,92
2022-02-17,San Bernardino,071,2135413,569362,24556,593918,7591
2022-02-17,San Diego,073,3302833,738350,51102,789452,5190
2022-02-17,San Francisco,075,870044,120670,7945,128615,823
2022-02-17,San Joaquin,077,732212,164406,9682,174088,2195
2022-02-17,San Luis Obispo,079,281455,51282,3603,54885,443
2022-02-17,San Mateo,081,765935,118962,6696,125658,688
2022-02-17,Santa Barbara,083,443738,84388,4598,88986,665
2022-02-17,Santa Clara,085,1922200,307155,11966,319121,2225
2022-02-17,Santa Cruz,087,273765,46173,2037,48210,253
2022-02-17,Shasta,089,179085,29984,5959,35943,521
2022-02-17,Sierra,091,2930,271,45,316,3
2022-02-17,Siskiyou,093,43540,4349,2650,6999,75
2022-02-17,Solano,095,438530,79792,5422,85214,437
2022-02-17,Sonoma,097,501317,81736,2486,84222,478
2022-02-17,Stanislaus,099,539301,116016,17479,133495,1627
2022-02-17,Sutter,101,95872,20130,1951,22081,218
2022-02-17,Tehama,103,63373,11859,2546,14405,192
2022-02-17,Trinity,105,12862,1164,280,1444,20
2022-02-17,Tulare,107,460477,104926,26993,131919,1444
2022-02-17,Tuolumne,109,53932,12466,540,13006,175
2022-02-17,Ventura,111,848112,170758,9241,179999,1449
2022-02-17,Yolo,113,214977,36228,2789,39017,346
2022-02-17,Yuba,115,75493,15531,1144,16675,119
2022-02-16,Alameda,001,1643700,250020,13301,263321,1784
2022-02-16,Alpine,002,1148,121,1,122,0
2022-02-16,Amador,005,37829,8279,622,8901,81
2022-02-16,Butte,007,227075,32518,6844,39362,410
2022-02-16,Calaveras,009,45235,7130,329,7459,109
2022-02-16,Colusa,011,21464,3403,1033,4436,21
2022-02-16,Contra Costa,013,1133247,188182,12890,201072,1250
2022-02-16,Del Norte,015,27424,5526,164,5690,44
2022-02-16,El Dorado,017,186661,26260,3121,29381,206
2022-02-16,Fresno,019,978130,230615,23824,254439,2663
2022-02-16,Glenn,021,27897,4921,1574,6495,53
2022-02-16,Humboldt,023,135768,16409,2826,19235,137
2022-02-16,Imperial,025,180216,54562,10319,64881,923
2022-02-16,Inyo,027,18085,4028,442,4470,56
2022-02-16,Kern,029,883053,189137,44950,234087,2280
2022-02-16,Kings,031,150075,50470,3450,53920,429
2022-02-16,Lake,033,64148,10326,850,11176,131
2022-02-16,Lassen,035,31185,8712,859,9571,59
2022-02-16,Los Angeles,037,10098052,2676933,120417,2797350,30894
2022-02-16,Madera,039,155013,36637,5866,42503,365
2022-02-16,Marin,041,260295,24135,2070,26205,230
2022-02-16,Mariposa,043,17540,2318,189,2507,24
2022-02-16,Mendocino,045,87422,12745,2892,15637,118
2022-02-16,Merced,047,269075,62394,8618,71012,787
2022-02-16,Modoc,049,8938,719,241,960,8
2022-02-16,Mono,051,14174,2949,119,3068,5
2022-02-16,Monterey,053,433212,77804,12873,90677,703
2022-02-16,Napa,055,140530,25043,897,25940,132
2022-02-16,Nevada,057,99092,15669,1139,16808,126
2022-02-16,Orange,059,3164182,540400,40669,581069,6899
2022-02-16,Placer,061,380077,61783,7198,68981,601
2022-02-16,Plumas,063,18699,2912,345,3257,13
2022-02-16,Riverside,065,2383286,585101,27199,612300,6313
2022-02-16,Sacramento,067,1510023,276205,26253,302458,2934
2022-02-16,San Benito,069,59416,12733,504,13237,92
2022-02-16,San Bernardino,071,2135413,569088,24534,593622,7577
2022-02-16,San Diego,073,3302833,737590,51025,788615,5181
2022-02-16,San Francisco,075,870044,120497,7942,128439,820
2022-02-16,San Joaquin,077,732212,164239,9672,173911,2190
2022-02-16,San Luis Obispo,079,281455,51210,3591,54801,442
2022-02-16,San Mateo,081,765935,118844,6678,125522,686
2022-02-16,Santa Barbara,083,443738,84312,4586,88898,664
2022-02-16,Santa Clara,085,1922200,306762,11935,318697,2221
2022-02-16,Santa Cruz,087,273765,46083,2035,48118,253
2022-02-16,Shasta,089,179085,29944,5947,35891,519
2022-02-16,Sierra,091,2930,270,45,315,3
2022-02-16,Siskiyou,093,43540,4342,2644,6986,74
2022-02-16,Solano,095,438530,79678,5416,85094,437
2022-02-16,Sonoma,097,501317,81608,2476,84084,478
2022-02-16,Stanislaus,099,539301,115897,17446,133343,1621
2022-02-16,Sutter,101,95872,20113,1948,22061,217
2022-02-16,Tehama,103,63373,11843,2544,14387,190
2022-02-16,Trinity,105,12862,1164,279,1443,20
2022-02-16,Tulare,107,460477,104807,26943,131750,1437
2022-02-16,Tuolumne,109,53932,12454,539,12993,173
2022-02-16,Ventura,111,848112,170624,9233,179857,1444
2022-02-16,Yolo,113,214977,36178,2787,38965,345
2022-02-16,Yuba,115,75493,15509,1141,16650,118
2022-02-15,Alameda,001,1643700,249666,13275,262941,1780
2022-02-15,Alpine,002,1148,121,1,122,0
2022-02-15,Amador,005,37829,8269,621,8890,81
2022-02-15,Butte,007,227075,32469,6830,39299,407
2022-02-15,Calaveras,009,45235,7120,329,7449,109
2022-02-15,Colusa,011,21464,3395,1032,4427,21
2022-02-15,Contra Costa,013,1133247,187925,12861,200786,1248
2022-02-15,Del Norte,015,27424,5498,163,5661,44
2022-02-15,El Dorado,017,186661,26242,3116,29358,205
2022-02-15,Fresno,019,978130,230241,23766,254007,2660
2022-02-15,Glenn,021,27897,4912,1573,6485,53
2022-02-15,Humboldt,023,135768,16365,2811,19176,136
2022-02-15,Imperial,025,180216,54498,10304,64802,922
2022-02-15,Inyo,027,18085,4027,441,4468,56
2022-02-15,Kern,029,883053,188916,44858,233774,2274
2022-02-15,Kings,031,150075,50377,3441,53818,429
2022-02-15,Lake,033,64148,10294,844,11138,130
2022-02-15,Lassen,035,31185,8698,857,9555,59
2022-02-15,Los Angeles,037,10098052,2674678,120288,2794966,30827
2022-02-15,Madera,039,155013,36571,5846,42417,365
2022-02-15,Marin,041,260295,24093,2068,26161,230
2022-02-15,Mariposa,043,17540,2317,189,2506,24
2022-02-15,Mendocino,045,87422,12728,2873,15601,117
2022-02-15,Merced,047,269075,62313,8586,70899,785
2022-02-15,Modoc,049,8938,717,238,955,8
2022-02-15,Mono,051,14174,2948,119,3067,5
2022-02-15,Monterey,053,433212,77677,12815,90492,702
2022-02-15,Napa,055,140530,24993,890,25883,132
2022-02-15,Nevada,057,99092,15643,1138,16781,125
2022-02-15,Orange,059,3164182,539941,40622,580563,6890
2022-02-15,Placer,061,380077,61721,7187,68908,601
2022-02-15,Plumas,063,18699,2908,345,3253,13
2022-02-15,Riverside,065,2383286,584615,27140,611755,6303
2022-02-15,Sacramento,067,1510023,275815,26172,301987,2930
2022-02-15,San Benito,069,59416,12715,504,13219,92
2022-02-15,San Bernardino,071,2135413,568727,24514,593241,7563
2022-02-15,San Diego,073,3302833,736631,50923,787554,5172
2022-02-15,San Francisco,075,870044,120326,7931,128257,820
2022-02-15,San Joaquin,077,732212,164022,9658,173680,2187
2022-02-15,San Luis Obispo,079,281455,51113,3576,54689,442
2022-02-15,San Mateo,081,765935,118708,6659,125367,686
2022-02-15,Santa Barbara,083,443738,84176,4572,88748,663
2022-02-15,Santa Clara,085,1922200,306262,11900,318162,2218
2022-02-15,Santa Cruz,087,273765,45979,2030,48009,253
2022-02-15,Shasta,089,179085,29894,5933,35827,518
2022-02-15,Sierra,091,2930,270,45,315,3
2022-02-15,Siskiyou,093,43540,4335,2637,6972,73
2022-02-15,Solano,095,438530,79543,5411,84954,436
2022-02-15,Sonoma,097,501317,81486,2470,83956,478
2022-02-15,Stanislaus,099,539301,115754,17416,133170,1618
2022-02-15,Sutter,101,95872,20084,1943,22027,217
2022-02-15,Tehama,103,63373,11825,2542,14367,189
2022-02-15,Trinity,105,12862,1158,276,1434,20
2022-02-15,Tulare,107,460477,104654,26888,131542,1436
2022-02-15,Tuolumne,109,53932,12435,537,12972,172
2022-02-15,Ventura,111,848112,170450,9226,179676,1443
2022-02-15,Yolo,113,214977,36128,2779,38907,344
2022-02-15,Yuba,115,75493,15481,1136,16617,118
2022-02-14,Alameda,001,1643700,249233,13242,262475,1776
2022-02-14,Alpine,002,1148,121,1,122,0
2022-02-14,Amador,005,37829,8254,618,8872,81
2022-02-14,Butte,007,227075,32415,6815,39230,404
2022-02-14,Calaveras,009,45235,7107,327,7434,108
2022-02-14,Colusa,011,21464,3392,1028,4420,21
2022-02-14,Contra Costa,013,1133247,187641,12823,200464,1246
2022-02-14,Del Norte,015,27424,5475,162,5637,44
2022-02-14,El Dorado,017,186661,26206,3107,29313,204
2022-02-14,Fresno,019,978130,229758,23681,253439,2656
2022-02-14,Glenn,021,27897,4907,1573,6480,53
2022-02-14,Humboldt,023,135768,16325,2786,19111,136
2022-02-14,Imperial,025,180216,54426,10278,64704,921
2022-02-14,Inyo,027,18085,4026,440,4466,56
2022-02-14,Kern,029,883053,188573,44750,233323,2267
2022-02-14,Kings,031,150075,50271,3432,53703,429
2022-02-14,Lake,033,64148,10257,841,11098,130
2022-02-14,Lassen,035,31185,8688,855,9543,59
2022-02-14,Los Angeles,037,10098052,2672117,120160,2792277,30788
2022-02-14,Madera,039,155013,36506,5823,42329,365
2022-02-14,Marin,041,260295,24057,2065,26122,230
2022-02-14,Mariposa,043,17540,2310,189,2499,24
2022-02-14,Mendocino,045,87422,12701,2841,15542,117
2022-02-14,Merced,047,269075,62223,8543,70766,784
2022-02-14,Modoc,049,8938,712,238,950,8
2022-02-14,Mono,051,14174,2947,119,3066,5
2022-02-14,Monterey,053,433212,77506,12736,90242,701
2022-02-14,Napa,055,140530,24934,890,25824,131
2022-02-14,Nevada,057,99092,15624,1137,16761,125
2022-02-14,Orange,059,3164182,539435,40555,579990,6879
2022-02-14,Placer,061,380077,61652,7172,68824,599
2022-02-14,Plumas,063,18699,2906,345,3251,13
2022-02-14,Riverside,065,2383286,584069,27072,611141,6294
2022-02-14,Sacramento,067,1510023,275370,26055,301425,2927
2022-02-14,San Benito,069,59416,12691,503,13194,92
2022-02-14,San Bernardino,071,2135413,568312,24494,592806,7547
2022-02-14,San Diego,073,3302833,735663,50820,786483,5158
2022-02-14,San Francisco,075,870044,120140,7921,128061,818
2022-02-14,San Joaquin,077,732212,163785,9635,173420,2186
2022-02-14,San Luis Obispo,079,281455,51004,3566,54570,438
2022-02-14,San Mateo,081,765935,118544,6651,125195,685
2022-02-14,Santa Barbara,083,443738,84029,4562,88591,659
2022-02-14,Santa Clara,085,1922200,305725,11876,317601,2212
2022-02-14,Santa Cruz,087,273765,45816,2026,47842,253
2022-02-14,Shasta,089,179085,29808,5916,35724,518
2022-02-14,Sierra,091,2930,270,45,315,3
2022-02-14,Siskiyou,093,43540,4322,2623,6945,73
2022-02-14,Solano,095,438530,79363,5400,84763,436
2022-02-14,Sonoma,097,501317,81346,2458,83804,478
2022-02-14,Stanislaus,099,539301,115576,17373,132949,1612
2022-02-14,Sutter,101,95872,20056,1937,21993,217
2022-02-14,Tehama,103,63373,11802,2541,14343,189
2022-02-14,Trinity,105,12862,1155,276,1431,20
2022-02-14,Tulare,107,460477,104449,26794,131243,1435
2022-02-14,Tuolumne,109,53932,12406,534,12940,172
2022-02-14,Ventura,111,848112,170273,9214,179487,1442
2022-02-14,Yolo,113,214977,36069,2769,38838,342
2022-02-14,Yuba,115,75493,15451,1132,16583,118
2022-02-13,Alameda,001,1643700,248744,13208,261952,1775
2022-02-13,Alpine,002,1148,121,1,122,0
2022-02-13,Amador,005,37829,8225,615,8840,79
2022-02-13,Butte,007,227075,32340,6793,39133,403
2022-02-13,Calaveras,009,45235,7100,324,7424,108
2022-02-13,Colusa,011,21464,3390,1026,4416,21
2022-02-13,Contra Costa,013,1133247,187280,12759,200039,1243
2022-02-13,Del Norte,015,27424,5443,162,5605,44
2022-02-13,El Dorado,017,186661,26170,3100,29270,204
2022-02-13,Fresno,019,978130,229221,23622,252843,2650
2022-02-13,Glenn,021,27897,4900,1570,6470,53
2022-02-13,Humboldt,023,135768,16278,2759,19037,136
2022-02-13,Imperial,025,180216,54328,10243,64571,921
2022-02-13,Inyo,027,18085,4023,438,4461,56
2022-02-13,Kern,029,883053,188321,44665,232986,2265
2022-02-13,Kings,031,150075,50144,3420,53564,428
2022-02-13,Lake,033,64148,10194,834,11028,130
2022-02-13,Lassen,035,31185,8662,853,9515,59
2022-02-13,Los Angeles,037,10098052,2668966,120021,2788987,30730
2022-02-13,Madera,039,155013,36389,5795,42184,365
2022-02-13,Marin,041,260295,23986,2058,26044,230
2022-02-13,Mariposa,043,17540,2304,187,2491,24
2022-02-13,Mendocino,045,87422,12672,2802,15474,117
2022-02-13,Merced,047,269075,62080,8489,70569,779
2022-02-13,Modoc,049,8938,710,231,941,8
2022-02-13,Mono,051,14174,2946,119,3065,5
2022-02-13,Monterey,053,433212,77299,12662,89961,700
2022-02-13,Napa,055,140530,24857,887,25744,131
2022-02-13,Nevada,057,99092,15590,1130,16720,123
2022-02-13,Orange,059,3164182,538803,40493,579296,6867
2022-02-13,Placer,061,380077,61577,7151,68728,598
2022-02-13,Plumas,063,18699,2898,342,3240,13
2022-02-13,Riverside,065,2383286,583475,27031,610506,6286
2022-02-13,Sacramento,067,1510023,274857,25925,300782,2917
2022-02-13,San Benito,069,59416,12658,502,13160,92
2022-02-13,San Bernardino,071,2135413,567824,24460,592284,7525
2022-02-13,San Diego,073,3302833,734527,50701,785228,5148
2022-02-13,San Francisco,075,870044,119887,7909,127796,817
2022-02-13,San Joaquin,077,732212,163484,9607,173091,2181
2022-02-13,San Luis Obispo,079,281455,50859,3558,54417,437
2022-02-13,San Mateo,081,765935,118323,6625,124948,685
2022-02-13,Santa Barbara,083,443738,83865,4555,88420,658
2022-02-13,Santa Clara,085,1922200,305084,11839,316923,2209
2022-02-13,Santa Cruz,087,273765,45661,2024,47685,253
2022-02-13,Shasta,089,179085,29729,5893,35622,514
2022-02-13,Sierra,091,2930,270,45,315,3
2022-02-13,Siskiyou,093,43540,4315,2607,6922,73
2022-02-13,Solano,095,438530,79205,5377,84582,435
2022-02-13,Sonoma,097,501317,81182,2446,83628,478
2022-02-13,Stanislaus,099,539301,115384,17333,132717,1607
2022-02-13,Sutter,101,95872,20017,1937,21954,217
2022-02-13,Tehama,103,63373,11777,2538,14315,189
2022-02-13,Trinity,105,12862,1152,273,1425,20
2022-02-13,Tulare,107,460477,104236,26707,130943,1431
2022-02-13,Tuolumne,109,53932,12380,529,12909,172
2022-02-13,Ventura,111,848112,170079,9194,179273,1438
2022-02-13,Yolo,113,214977,36002,2758,38760,342
2022-02-13,Yuba,115,75493,15417,1131,16548,118
2022-02-12,Alameda,001,1643700,248523,13194,261717,1773
2022-02-12,Alpine,002,1148,121,1,122,0
2022-02-12,Amador,005,37829,8219,615,8834,79
2022-02-12,Butte,007,227075,32311,6787,39098,402
2022-02-12,Calaveras,009,45235,7097,323,7420,108
2022-02-12,Colusa,011,21464,3387,1026,4413,21
2022-02-12,Contra Costa,013,1133247,187090,12752,199842,1242
2022-02-12,Del Norte,015,27424,5424,162,5586,44
2022-02-12,El Dorado,017,186661,26154,3100,29254,204
2022-02-12,Fresno,019,978130,229009,23607,252616,2645
2022-02-12,Glenn,021,27897,4899,1569,6468,53
2022-02-12,Humboldt,023,135768,16254,2756,19010,136
2022-02-12,Imperial,025,180216,54284,10233,64517,920
2022-02-12,Inyo,027,18085,4021,438,4459,56
2022-02-12,Kern,029,883053,188210,44627,232837,2260
2022-02-12,Kings,031,150075,50104,3413,53517,428
2022-02-12,Lake,033,64148,10173,830,11003,128
2022-02-12,Lassen,035,31185,8639,852,9491,59
2022-02-12,Los Angeles,037,10098052,2667811,119950,2787761,30675
2022-02-12,Madera,039,155013,36354,5789,42143,364
2022-02-12,Marin,041,260295,23954,2055,26009,230
2022-02-12,Mariposa,043,17540,2304,187,2491,24
2022-02-12,Mendocino,045,87422,12656,2802,15458,117
2022-02-12,Merced,047,269075,62027,8484,70511,778
2022-02-12,Modoc,049,8938,710,231,941,8
2022-02-12,Mono,051,14174,2945,119,3064,5
2022-02-12,Monterey,053,433212,77238,12640,89878,698
2022-02-12,Napa,055,140530,24829,887,25716,130
2022-02-12,Nevada,057,99092,15577,1129,16706,123
2022-02-12,Orange,059,3164182,538510,40458,578968,6850
2022-02-12,Placer,061,380077,61521,7148,68669,596
2022-02-12,Plumas,063,18699,2897,341,3238,13
2022-02-12,Riverside,065,2383286,583113,27008,610121,6275
2022-02-12,Sacramento,067,1510023,274621,25915,300536,2909
2022-02-12,San Benito,069,59416,12646,502,13148,92
2022-02-12,San Bernardino,071,2135413,567589,24447,592036,7505
2022-02-12,San Diego,073,3302833,734028,50649,784677,5136
2022-02-12,San Francisco,075,870044,119766,7898,127664,813
2022-02-12,San Joaquin,077,732212,163353,9601,172954,2177
2022-02-12,San Luis Obispo,079,281455,50823,3555,54378,435
2022-02-12,San Mateo,081,765935,118235,6618,124853,683
2022-02-12,Santa Barbara,083,443738,83779,4548,88327,656
2022-02-12,Santa Clara,085,1922200,304747,11832,316579,2204
2022-02-12,Santa Cruz,087,273765,45625,2022,47647,253
2022-02-12,Shasta,089,179085,29700,5889,35589,514
2022-02-12,Sierra,091,2930,270,45,315,3
2022-02-12,Siskiyou,093,43540,4307,2604,6911,73
2022-02-12,Solano,095,438530,79163,5372,84535,435
2022-02-12,Sonoma,097,501317,81078,2444,83522,478
2022-02-12,Stanislaus,099,539301,115260,17320,132580,1600
2022-02-12,Sutter,101,95872,20002,1937,21939,216
2022-02-12,Tehama,103,63373,11761,2538,14299,189
2022-02-12,Trinity,105,12862,1151,273,1424,20
2022-02-12,Tulare,107,460477,104141,26670,130811,1426
2022-02-12,Tuolumne,109,53932,12362,529,12891,171
2022-02-12,Ventura,111,848112,169972,9189,179161,1437
2022-02-12,Yolo,113,214977,35960,2755,38715,341
2022-02-12,Yuba,115,75493,15403,1130,16533,117
2022-02-11,Alameda,001,1643700,248238,13181,261419,1765
2022-02-11,Alpine,002,1148,121,1,122,0
2022-02-11,Amador,005,37829,8207,615,8822,79
2022-02-11,Butte,007,227075,32267,6776,39043,400
2022-02-11,Calaveras,009,45235,7094,323,7417,107
2022-02-11,Colusa,011,21464,3385,1025,4410,21
2022-02-11,Contra Costa,013,1133247,186889,12734,199623,1240
2022-02-11,Del Norte,015,27424,5408,161,5569,44
2022-02-11,El Dorado,017,186661,26135,3099,29234,202
2022-02-11,Fresno,019,978130,228714,23589,252303,2644
2022-02-11,Glenn,021,27897,4895,1569,6464,53
2022-02-11,Humboldt,023,135768,16226,2751,18977,136
2022-02-11,Imperial,025,180216,54255,10222,64477,919
2022-02-11,Inyo,027,18085,4017,434,4451,56
2022-02-11,Kern,029,883053,188052,44576,232628,2259
2022-02-11,Kings,031,150075,50065,3412,53477,426
2022-02-11,Lake,033,64148,10148,828,10976,128
2022-02-11,Lassen,035,31185,8599,852,9451,58
2022-02-11,Los Angeles,037,10098052,2666180,119861,2786041,30620
2022-02-11,Madera,039,155013,36312,5783,42095,364
2022-02-11,Marin,041,260295,23922,2052,25974,228
2022-02-11,Mariposa,043,17540,2299,187,2486,24
2022-02-11,Mendocino,045,87422,12640,2802,15442,116
2022-02-11,Merced,047,269075,61978,8472,70450,778
2022-02-11,Modoc,049,8938,708,231,939,8
2022-02-11,Mono,051,14174,2944,119,3063,5
2022-02-11,Monterey,053,433212,77123,12627,89750,697
2022-02-11,Napa,055,140530,24803,887,25690,130
2022-02-11,Nevada,057,99092,15563,1126,16689,122
2022-02-11,Orange,059,3164182,538159,40397,578556,6832
2022-02-11,Placer,061,380077,61468,7146,68614,594
2022-02-11,Plumas,063,18699,2893,339,3232,13
2022-02-11,Riverside,065,2383286,582693,26992,609685,6264
2022-02-11,Sacramento,067,1510023,274357,25903,300260,2898
2022-02-11,San Benito,069,59416,12641,502,13143,92
2022-02-11,San Bernardino,071,2135413,567271,24433,591704,7497
2022-02-11,San Diego,073,3302833,733330,50590,783920,5125
2022-02-11,San Francisco,075,870044,119645,7882,127527,809
2022-02-11,San Joaquin,077,732212,163184,9590,172774,2171
2022-02-11,San Luis Obispo,079,281455,50786,3551,54337,434
2022-02-11,San Mateo,081,765935,118117,6609,124726,679
2022-02-11,Santa Barbara,083,443738,83695,4547,88242,655
2022-02-11,Santa Clara,085,1922200,304319,11816,316135,2199
2022-02-11,Santa Cruz,087,273765,45533,2022,47555,252
2022-02-11,Shasta,089,179085,29669,5881,35550,513
2022-02-11,Sierra,091,2930,269,44,313,3
2022-02-11,Siskiyou,093,43540,4296,2598,6894,73
2022-02-11,Solano,095,438530,79039,5366,84405,435
2022-02-11,Sonoma,097,501317,80993,2439,83432,478
2022-02-11,Stanislaus,099,539301,115159,17305,132464,1596
2022-02-11,Sutter,101,95872,19979,1935,21914,216
2022-02-11,Tehama,103,63373,11747,2538,14285,188
2022-02-11,Trinity,105,12862,1150,272,1422,20
2022-02-11,Tulare,107,460477,104022,26619,130641,1419
2022-02-11,Tuolumne,109,53932,12346,527,12873,170
2022-02-11,Ventura,111,848112,169833,9184,179017,1433
2022-02-11,Yolo,113,214977,35927,2753,38680,341
2022-02-11,Yuba,115,75493,15386,1129,16515,116
2022-02-10,Alameda,001,1643700,247714,13139,260853,1759
2022-02-10,Alpine,002,1148,121,1,122,0
2022-02-10,Amador,005,37829,8195,609,8804,78
2022-02-10,Butte,007,227075,32217,6762,38979,397
2022-02-10,Calaveras,009,45235,7082,321,7403,107
2022-02-10,Colusa,011,21464,3379,1023,4402,21
2022-02-10,Contra Costa,013,1133247,186528,12668,199196,1235
2022-02-10,Del Norte,015,27424,5379,159,5538,44
2022-02-10,El Dorado,017,186661,26091,3093,29184,202
2022-02-10,Fresno,019,978130,228138,23502,251640,2641
2022-02-10,Glenn,021,27897,4889,1567,6456,53
2022-02-10,Humboldt,023,135768,16176,2729,18905,136
2022-02-10,Imperial,025,180216,54185,10179,64364,918
2022-02-10,Inyo,027,18085,4013,434,4447,56
2022-02-10,Kern,029,883053,187743,44467,232210,2255
2022-02-10,Kings,031,150075,49953,3401,53354,426
2022-02-10,Lake,033,64148,10117,826,10943,128
2022-02-10,Lassen,035,31185,8585,850,9435,57
2022-02-10,Los Angeles,037,10098052,2663043,119679,2782722,30543
2022-02-10,Madera,039,155013,36214,5752,41966,363
2022-02-10,Marin,041,260295,23864,2040,25904,228
2022-02-10,Mariposa,043,17540,2295,186,2481,24
2022-02-10,Mendocino,045,87422,12618,2778,15396,116
2022-02-10,Merced,047,269075,61852,8415,70267,778
2022-02-10,Modoc,049,8938,707,230,937,8
2022-02-10,Mono,051,14174,2942,118,3060,5
2022-02-10,Monterey,053,433212,76941,12547,89488,696
2022-02-10,Napa,055,140530,24738,885,25623,130
2022-02-10,Nevada,057,99092,15538,1125,16663,122
2022-02-10,Orange,059,3164182,537509,40326,577835,6811
2022-02-10,Placer,061,380077,61386,7137,68523,592
2022-02-10,Plumas,063,18699,2890,332,3222,13
2022-02-10,Riverside,065,2383286,581973,26937,608910,6252
2022-02-10,Sacramento,067,1510023,273874,25814,299688,2893
2022-02-10,San Benito,069,59416,12620,500,13120,90
2022-02-10,San Bernardino,071,2135413,566725,24403,591128,7486
2022-02-10,San Diego,073,3302833,732228,50465,782693,5112
2022-02-10,San Francisco,075,870044,119431,7865,127296,803
2022-02-10,San Joaquin,077,732212,162872,9582,172454,2165
2022-02-10,San Luis Obispo,079,281455,50687,3540,54227,431
2022-02-10,San Mateo,081,765935,117891,6592,124483,677
2022-02-10,Santa Barbara,083,443738,83511,4541,88052,655
2022-02-10,Santa Clara,085,1922200,303646,11762,315408,2195
2022-02-10,Santa Cruz,087,273765,45389,2020,47409,252
2022-02-10,Shasta,089,179085,29607,5861,35468,512
2022-02-10,Sierra,091,2930,269,44,313,3
2022-02-10,Siskiyou,093,43540,4291,2585,6876,73
2022-02-10,Solano,095,438530,78846,5347,84193,434
2022-02-10,Sonoma,097,501317,80858,2422,83280,476
2022-02-10,Stanislaus,099,539301,114978,17266,132244,1589
2022-02-10,Sutter,101,95872,19940,1920,21860,216
2022-02-10,Tehama,103,63373,11717,2535,14252,188
2022-02-10,Trinity,105,12862,1147,271,1418,20
2022-02-10,Tulare,107,460477,103833,26543,130376,1417
2022-02-10,Tuolumne,109,53932,12325,522,12847,168
2022-02-10,Ventura,111,848112,169552,9170,178722,1428
2022-02-10,Yolo,113,214977,35852,2747,38599,340
2022-02-10,Yuba,115,75493,15354,1124,16478,116
2022-02-09,Alameda,001,1643700,247181,13084,260265,1755
2022-02-09,Alpine,002,1148,120,1,121,0
2022-02-09,Amador,005,37829,8181,604,8785,78
2022-02-09,Butte,007,227075,32124,6748,38872,396
2022-02-09,Calaveras,009,45235,7067,317,7384,106
2022-02-09,Colusa,011,21464,3376,1022,4398,21
2022-02-09,Contra Costa,013,1133247,186169,12621,198790,1233
2022-02-09,Del Norte,015,27424,5332,158,5490,44
2022-02-09,El Dorado,017,186661,26054,3080,29134,202
2022-02-09,Fresno,019,978130,227512,23411,250923,2636
2022-02-09,Glenn,021,27897,4874,1566,6440,53
2022-02-09,Humboldt,023,135768,16129,2704,18833,136
2022-02-09,Imperial,025,180216,54082,10107,64189,914
2022-02-09,Inyo,027,18085,4007,433,4440,56
2022-02-09,Kern,029,883053,187368,44353,231721,2250
2022-02-09,Kings,031,150075,49842,3395,53237,425
2022-02-09,Lake,033,64148,10077,821,10898,128
2022-02-09,Lassen,035,31185,8560,849,9409,57
2022-02-09,Los Angeles,037,10098052,2659411,119543,2778954,30474
2022-02-09,Madera,039,155013,36117,5722,41839,363
2022-02-09,Marin,041,260295,23815,2033,25848,226
2022-02-09,Mariposa,043,17540,2292,186,2478,24
2022-02-09,Mendocino,045,87422,12584,2749,15333,116
2022-02-09,Merced,047,269075,61722,8358,70080,777
2022-02-09,Modoc,049,8938,703,229,932,8
2022-02-09,Mono,051,14174,2940,118,3058,5
2022-02-09,Monterey,053,433212,76738,12461,89199,693
2022-02-09,Napa,055,140530,24692,880,25572,130
2022-02-09,Nevada,057,99092,15517,1123,16640,122
2022-02-09,Orange,059,3164182,536876,40246,577122,6802
2022-02-09,Placer,061,380077,61290,7117,68407,589
2022-02-09,Plumas,063,18699,2885,328,3213,13
2022-02-09,Riverside,065,2383286,581231,26892,608123,6236
2022-02-09,Sacramento,067,1510023,273309,25693,299002,2883
2022-02-09,San Benito,069,59416,12596,500,13096,90
2022-02-09,San Bernardino,071,2135413,566114,24377,590491,7469
2022-02-09,San Diego,073,3302833,730871,50355,781226,5099
2022-02-09,San Francisco,075,870044,119180,7854,127034,800
2022-02-09,San Joaquin,077,732212,162567,9572,172139,2155
2022-02-09,San Luis Obispo,079,281455,50541,3535,54076,430
2022-02-09,San Mateo,081,765935,117703,6552,124255,675
2022-02-09,Santa Barbara,083,443738,83329,4535,87864,652
2022-02-09,Santa Clara,085,1922200,302924,11704,314628,2191
2022-02-09,Santa Cruz,087,273765,45206,2013,47219,251
2022-02-09,Shasta,089,179085,29538,5840,35378,510
2022-02-09,Sierra,091,2930,268,43,311,3
2022-02-09,Siskiyou,093,43540,4277,2579,6856,73
2022-02-09,Solano,095,438530,78653,5337,83990,434
2022-02-09,Sonoma,097,501317,80683,2415,83098,475
2022-02-09,Stanislaus,099,539301,114729,17036,131765,1587
2022-02-09,Sutter,101,95872,19898,1907,21805,216
2022-02-09,Tehama,103,63373,11692,2531,14223,187
2022-02-09,Trinity,105,12862,1143,270,1413,20
2022-02-09,Tulare,107,460477,103621,26457,130078,1416
2022-02-09,Tuolumne,109,53932,12287,519,12806,168
2022-02-09,Ventura,111,848112,169316,9157,178473,1424
2022-02-09,Yolo,113,214977,35782,2731,38513,340
2022-02-09,Yuba,115,75493,15323,1113,16436,116
2022-02-08,Alameda,001,1643700,246548,13012,259560,1746
2022-02-08,Alpine,002,1148,120,1,121,0
2022-02-08,Amador,005,37829,8173,597,8770,78
2022-02-08,Butte,007,227075,32039,6727,38766,394
2022-02-08,Calaveras,009,45235,7050,315,7365,106
2022-02-08,Colusa,011,21464,3368,1021,4389,21
2022-02-08,Contra Costa,013,1133247,185721,12540,198261,1229
2022-02-08,Del Norte,015,27424,5306,153,5459,44
2022-02-08,El Dorado,017,186661,26009,3070,29079,202
2022-02-08,Fresno,019,978130,226767,23305,250072,2628
2022-02-08,Glenn,021,27897,4857,1562,6419,52
2022-02-08,Humboldt,023,135768,16069,2672,18741,136
2022-02-08,Imperial,025,180216,53953,10063,64016,911
2022-02-08,Inyo,027,18085,4002,433,4435,56
2022-02-08,Kern,029,883053,187032,44224,231256,2243
2022-02-08,Kings,031,150075,49682,3383,53065,423
2022-02-08,Lake,033,64148,10047,815,10862,128
2022-02-08,Lassen,035,31185,8551,845,9396,57
2022-02-08,Los Angeles,037,10098052,2655103,119358,2774461,30392
2022-02-08,Madera,039,155013,36009,5666,41675,363
2022-02-08,Marin,041,260295,23741,2028,25769,225
2022-02-08,Mariposa,043,17540,2291,178,2469,24
2022-02-08,Mendocino,045,87422,12552,2718,15270,116
2022-02-08,Merced,047,269075,61608,8299,69907,773
2022-02-08,Modoc,049,8938,699,229,928,8
2022-02-08,Mono,051,14174,2939,118,3057,5
2022-02-08,Monterey,053,433212,76532,12378,88910,690
2022-02-08,Napa,055,140530,24619,874,25493,130
2022-02-08,Nevada,057,99092,15491,1120,16611,122
2022-02-08,Orange,059,3164182,536189,40159,576348,6786
2022-02-08,Placer,061,380077,61182,7105,68287,589
2022-02-08,Plumas,063,18699,2874,321,3195,13
2022-02-08,Riverside,065,2383286,580401,26820,607221,6222
2022-02-08,Sacramento,067,1510023,272635,25515,298150,2877
2022-02-08,San Benito,069,59416,12572,498,13070,90
2022-02-08,San Bernardino,071,2135413,565401,24333,589734,7454
2022-02-08,San Diego,073,3302833,729304,50223,779527,5084
2022-02-08,San Francisco,075,870044,118870,7845,126715,796
2022-02-08,San Joaquin,077,732212,162182,9554,171736,2151
2022-02-08,San Luis Obispo,079,281455,50376,3505,53881,430
2022-02-08,San Mateo,081,765935,117485,6522,124007,672
2022-02-08,Santa Barbara,083,443738,83161,4510,87671,652
2022-02-08,Santa Clara,085,1922200,302041,11657,313698,2187
2022-02-08,Santa Cruz,087,273765,45051,2008,47059,250
2022-02-08,Shasta,089,179085,29456,5813,35269,509
2022-02-08,Sierra,091,2930,268,43,311,3
2022-02-08,Siskiyou,093,43540,4267,2570,6837,72
2022-02-08,Solano,095,438530,78420,5322,83742,434
2022-02-08,Sonoma,097,501317,80469,2391,82860,472
2022-02-08,Stanislaus,099,539301,114471,16959,131430,1586
2022-02-08,Sutter,101,95872,19859,1895,21754,215
2022-02-08,Tehama,103,63373,11664,2524,14188,185
2022-02-08,Trinity,105,12862,1137,270,1407,20
2022-02-08,Tulare,107,460477,103329,26327,129656,1411
2022-02-08,Tuolumne,109,53932,12262,517,12779,168
2022-02-08,Ventura,111,848112,169079,9142,178221,1412
2022-02-08,Yolo,113,214977,35700,2718,38418,339
2022-02-08,Yuba,115,75493,15278,1091,16369,116
2022-02-07,Alameda,001,1643700,245828,12947,258775,1737
2022-02-07,Alpine,002,1148,120,1,121,0
2022-02-07,Amador,005,37829,8145,589,8734,78
2022-02-07,Butte,007,227075,31951,6696,38647,394
2022-02-07,Calaveras,009,45235,7028,314,7342,106
2022-02-07,Colusa,011,21464,3357,1017,4374,21
2022-02-07,Contra Costa,013,1133247,185240,12465,197705,1223
2022-02-07,Del Norte,015,27424,5265,148,5413,44
2022-02-07,El Dorado,017,186661,25946,3060,29006,200
2022-02-07,Fresno,019,978130,225890,23160,249050,2622
2022-02-07,Glenn,021,27897,4849,1558,6407,51
2022-02-07,Humboldt,023,135768,15994,2647,18641,136
2022-02-07,Imperial,025,180216,53837,9994,63831,907
2022-02-07,Inyo,027,18085,3997,427,4424,56
2022-02-07,Kern,029,883053,186559,44060,230619,2239
2022-02-07,Kings,031,150075,49497,3366,52863,421
2022-02-07,Lake,033,64148,10001,807,10808,128
2022-02-07,Lassen,035,31185,8533,839,9372,57
2022-02-07,Los Angeles,037,10098052,2650673,119141,2769814,30299
2022-02-07,Madera,039,155013,35885,5619,41504,363
2022-02-07,Marin,041,260295,23674,2018,25692,225
2022-02-07,Mariposa,043,17540,2286,174,2460,24
2022-02-07,Mendocino,045,87422,12494,2680,15174,116
2022-02-07,Merced,047,269075,61478,8206,69684,771
2022-02-07,Modoc,049,8938,695,229,924,8
2022-02-07,Mono,051,14174,2937,118,3055,5
2022-02-07,Monterey,053,433212,76277,12271,88548,689
2022-02-07,Napa,055,140530,24534,865,25399,130
2022-02-07,Nevada,057,99092,15455,1114,16569,122
2022-02-07,Orange,059,3164182,535428,40073,575501,6764
2022-02-07,Placer,061,380077,61057,7090,68147,587
2022-02-07,Plumas,063,18699,2863,312,3175,13
2022-02-07,Riverside,065,2383286,579458,26735,606193,6209
2022-02-07,Sacramento,067,1510023,271952,25333,297285,2867
2022-02-07,San Benito,069,59416,12533,496,13029,90
2022-02-07,San Bernardino,071,2135413,564604,24293,588897,7430
2022-02-07,San Diego,073,3302833,727590,50035,777625,5069
2022-02-07,San Francisco,075,870044,118530,7820,126350,793
2022-02-07,San Joaquin,077,732212,161798,9535,171333,2149
2022-02-07,San Luis Obispo,079,281455,50206,3486,53692,429
2022-02-07,San Mateo,081,765935,117199,6493,123692,668
2022-02-07,Santa Barbara,083,443738,82973,4495,87468,651
2022-02-07,Santa Clara,085,1922200,301090,11611,312701,2185
2022-02-07,Santa Cruz,087,273765,44835,2004,46839,250
2022-02-07,Shasta,089,179085,29366,5787,35153,505
2022-02-07,Sierra,091,2930,268,43,311,3
2022-02-07,Siskiyou,093,43540,4256,2554,6810,72
2022-02-07,Solano,095,438530,78162,5293,83455,434
2022-02-07,Sonoma,097,501317,80211,2375,82586,470
2022-02-07,Stanislaus,099,539301,114212,16815,131027,1584
2022-02-07,Sutter,101,95872,19826,1868,21694,214
2022-02-07,Tehama,103,63373,11622,2516,14138,184
2022-02-07,Trinity,105,12862,1133,267,1400,20
2022-02-07,Tulare,107,460477,102970,26196,129166,1408
2022-02-07,Tuolumne,109,53932,12214,513,12727,168
2022-02-07,Ventura,111,848112,168763,9127,177890,1406
2022-02-07,Yolo,113,214977,35590,2704,38294,335
2022-02-07,Yuba,115,75493,15231,1084,16315,116
2022-02-06,Alameda,001,1643700,244917,12863,257780,1732
2022-02-06,Alpine,002,1148,120,1,121,0
2022-02-06,Amador,005,37829,8114,577,8691,77
2022-02-06,Butte,007,227075,31821,6645,38466,393
2022-02-06,Calaveras,009,45235,7001,309,7310,106
2022-02-06,Colusa,011,21464,3347,1016,4363,21
2022-02-06,Contra Costa,013,1133247,184579,12302,196881,1218
2022-02-06,Del Norte,015,27424,5209,146,5355,44
2022-02-06,El Dorado,017,186661,25884,3048,28932,200
2022-02-06,Fresno,019,978130,225024,22908,247932,2615
2022-02-06,Glenn,021,27897,4835,1548,6383,50
2022-02-06,Humboldt,023,135768,15911,2607,18518,136
2022-02-06,Imperial,025,180216,53650,9948,63598,907
2022-02-06,Inyo,027,18085,3995,424,4419,56
2022-02-06,Kern,029,883053,186007,43821,229828,2235
2022-02-06,Kings,031,150075,49272,3342,52614,419
2022-02-06,Lake,033,64148,9932,790,10722,128
2022-02-06,Lassen,035,31185,8513,834,9347,57
2022-02-06,Los Angeles,037,10098052,2645168,118884,2764052,30213
2022-02-06,Madera,039,155013,35700,5527,41227,362
2022-02-06,Marin,041,260295,23576,2005,25581,223
2022-02-06,Mariposa,043,17540,2278,163,2441,24
2022-02-06,Mendocino,045,87422,12451,2610,15061,115
2022-02-06,Merced,047,269075,61252,8039,69291,767
2022-02-06,Modoc,049,8938,690,228,918,8
2022-02-06,Mono,051,14174,2932,116,3048,5
2022-02-06,Monterey,053,433212,75912,12114,88026,687
2022-02-06,Napa,055,140530,24415,858,25273,129
2022-02-06,Nevada,057,99092,15390,1101,16491,122
2022-02-06,Orange,059,3164182,534473,39969,574442,6746
2022-02-06,Placer,061,380077,60881,7064,67945,584
2022-02-06,Plumas,063,18699,2850,303,3153,13
2022-02-06,Riverside,065,2383286,578320,26658,604978,6195
2022-02-06,Sacramento,067,1510023,271086,25065,296151,2859
2022-02-06,San Benito,069,59416,12478,488,12966,90
2022-02-06,San Bernardino,071,2135413,563627,24223,587850,7414
2022-02-06,San Diego,073,3302833,725531,49794,775325,5054
2022-02-06,San Francisco,075,870044,118150,7794,125944,789
2022-02-06,San Joaquin,077,732212,161228,9497,170725,2143
2022-02-06,San Luis Obispo,079,281455,49981,3429,53410,427
2022-02-06,San Mateo,081,765935,116861,6454,123315,668
2022-02-06,Santa Barbara,083,443738,82655,4458,87113,650
2022-02-06,Santa Clara,085,1922200,299968,11495,311463,2180
2022-02-06,Santa Cruz,087,273765,44522,1990,46512,249
2022-02-06,Shasta,089,179085,29243,5738,34981,503
2022-02-06,Sierra,091,2930,268,43,311,3
2022-02-06,Siskiyou,093,43540,4235,2528,6763,72
2022-02-06,Solano,095,438530,77865,5252,83117,434
2022-02-06,Sonoma,097,501317,79876,2355,82231,469
2022-02-06,Stanislaus,099,539301,113816,16667,130483,1579
2022-02-06,Sutter,101,95872,19784,1830,21614,214
2022-02-06,Tehama,103,63373,11582,2496,14078,182
2022-02-06,Trinity,105,12862,1132,266,1398,20
2022-02-06,Tulare,107,460477,102538,26016,128554,1407
2022-02-06,Tuolumne,109,53932,12162,495,12657,168
2022-02-06,Ventura,111,848112,168387,9116,177503,1402
2022-02-06,Yolo,113,214977,35451,2687,38138,334
2022-02-06,Yuba,115,75493,15186,1075,16261,116
2022-02-05,Alameda,001,1643700,244502,12852,257354,1724
2022-02-05,Alpine,002,1148,120,1,121,0
2022-02-05,Amador,005,37829,8105,575,8680,77
2022-02-05,Butte,007,227075,31766,6631,38397,391
2022-02-05,Calaveras,009,45235,6985,309,7294,106
2022-02-05,Colusa,011,21464,3340,1016,4356,21
2022-02-05,Contra Costa,013,1133247,184301,12286,196587,1216
2022-02-05,Del Norte,015,27424,5167,146,5313,44
2022-02-05,El Dorado,017,186661,25853,3046,28899,200
2022-02-05,Fresno,019,978130,224666,22886,247552,2606
2022-02-05,Glenn,021,27897,4833,1542,6375,50
2022-02-05,Humboldt,023,135768,15862,2604,18466,135
2022-02-05,Imperial,025,180216,53589,9935,63524,907
2022-02-05,Inyo,027,18085,3992,424,4416,56
2022-02-05,Kern,029,883053,185798,43719,229517,2230
2022-02-05,Kings,031,150075,49185,3335,52520,415
2022-02-05,Lake,033,64148,9913,783,10696,128
2022-02-05,Lassen,035,31185,8502,832,9334,57
2022-02-05,Los Angeles,037,10098052,2642993,118759,2761752,30143
2022-02-05,Madera,039,155013,35647,5514,41161,362
2022-02-05,Marin,041,260295,23530,2001,25531,223
2022-02-05,Mariposa,043,17540,2277,162,2439,24
2022-02-05,Mendocino,045,87422,12423,2608,15031,115
2022-02-05,Merced,047,269075,61158,8032,69190,767
2022-02-05,Modoc,049,8938,689,228,917,8
2022-02-05,Mono,051,14174,2931,116,3047,5
2022-02-05,Monterey,053,433212,75798,12070,87868,685
2022-02-05,Napa,055,140530,24359,857,25216,128
2022-02-05,Nevada,057,99092,15368,1096,16464,121
2022-02-05,Orange,059,3164182,534031,39876,573907,6728
2022-02-05,Placer,061,380077,60756,7051,67807,581
2022-02-05,Plumas,063,18699,2849,302,3151,13
2022-02-05,Riverside,065,2383286,577717,26588,604305,6182
2022-02-05,Sacramento,067,1510023,270688,25028,295716,2848
2022-02-05,San Benito,069,59416,12433,488,12921,90
2022-02-05,San Bernardino,071,2135413,563115,24203,587318,7400
2022-02-05,San Diego,073,3302833,724674,49718,774392,5036
2022-02-05,San Francisco,075,870044,117937,7767,125704,789
2022-02-05,San Joaquin,077,732212,161040,9485,170525,2139
2022-02-05,San Luis Obispo,079,281455,49944,3427,53371,424
2022-02-05,San Mateo,081,765935,116673,6446,123119,664
2022-02-05,Santa Barbara,083,443738,82492,4446,86938,647
2022-02-05,Santa Clara,085,1922200,299316,11479,310795,2174
2022-02-05,Santa Cruz,087,273765,44448,1987,46435,249
2022-02-05,Shasta,089,179085,29200,5728,34928,503
2022-02-05,Sierra,091,2930,268,43,311,3
2022-02-05,Siskiyou,093,43540,4228,2515,6743,72
2022-02-05,Solano,095,438530,77790,5242,83032,434
2022-02-05,Sonoma,097,501317,79709,2351,82060,469
2022-02-05,Stanislaus,099,539301,113614,16644,130258,1576
2022-02-05,Sutter,101,95872,19754,1824,21578,213
2022-02-05,Tehama,103,63373,11563,2490,14053,182
2022-02-05,Trinity,105,12862,1130,266,1396,20
2022-02-05,Tulare,107,460477,102369,25935,128304,1404
2022-02-05,Tuolumne,109,53932,12136,492,12628,168
2022-02-05,Ventura,111,848112,168161,9100,177261,1395
2022-02-05,Yolo,113,214977,35368,2672,38040,333
2022-02-05,Yuba,115,75493,15155,1067,16222,115
2022-02-04,Alameda,001,1643700,244012,12840,256852,1718
2022-02-04,Alpine,002,1148,120,1,121,0
2022-02-04,Amador,005,37829,8089,571,8660,76
2022-02-04,Butte,007,227075,31707,6619,38326,390
2022-02-04,Calaveras,009,45235,6975,307,7282,106
2022-02-04,Colusa,011,21464,3336,1014,4350,21
2022-02-04,Contra Costa,013,1133247,183967,12258,196225,1209
2022-02-04,Del Norte,015,27424,5146,146,5292,44
2022-02-04,El Dorado,017,186661,25819,3043,28862,200
2022-02-04,Fresno,019,978130,224183,22851,247034,2602
2022-02-04,Glenn,021,27897,4824,1539,6363,50
2022-02-04,Humboldt,023,135768,15835,2601,18436,135
2022-02-04,Imperial,025,180216,53512,9918,63430,904
2022-02-04,Inyo,027,18085,3989,424,4413,56
2022-02-04,Kern,029,883053,185573,43595,229168,2225
2022-02-04,Kings,031,150075,49110,3328,52438,412
2022-02-04,Lake,033,64148,9891,780,10671,128
2022-02-04,Lassen,035,31185,8479,832,9311,57
2022-02-04,Los Angeles,037,10098052,2640356,118628,2758984,30064
2022-02-04,Madera,039,155013,35564,5506,41070,362
2022-02-04,Marin,041,260295,23466,1992,25458,222
2022-02-04,Mariposa,043,17540,2275,160,2435,24
2022-02-04,Mendocino,045,87422,12392,2606,14998,115
2022-02-04,Merced,047,269075,61078,8022,69100,764
2022-02-04,Modoc,049,8938,689,228,917,8
2022-02-04,Mono,051,14174,2929,116,3045,5
2022-02-04,Monterey,053,433212,75608,12027,87635,683
2022-02-04,Napa,055,140530,24312,853,25165,126
2022-02-04,Nevada,057,99092,15334,1092,16426,121
2022-02-04,Orange,059,3164182,533482,39818,573300,6718
2022-02-04,Placer,061,380077,60650,7040,67690,579
2022-02-04,Plumas,063,18699,2842,301,3143,13
2022-02-04,Riverside,065,2383286,577004,26576,603580,6167
2022-02-04,Sacramento,067,1510023,270185,25001,295186,2839
2022-02-04,San Benito,069,59416,12414,486,12900,90
2022-02-04,San Bernardino,071,2135413,562533,24182,586715,7380
2022-02-04,San Diego,073,3302833,723544,49632,773176,5019
2022-02-04,San Francisco,075,870044,117697,7742,125439,785
2022-02-04,San Joaquin,077,732212,160808,9473,170281,2131
2022-02-04,San Luis Obispo,079,281455,49883,3420,53303,422
2022-02-04,San Mateo,081,765935,116441,6432,122873,662
2022-02-04,Santa Barbara,083,443738,82343,4445,86788,645
2022-02-04,Santa Clara,085,1922200,298645,11459,310104,2171
2022-02-04,Santa Cruz,087,273765,44243,1983,46226,248
2022-02-04,Shasta,089,179085,29148,5717,34865,501
2022-02-04,Sierra,091,2930,268,43,311,3
2022-02-04,Siskiyou,093,43540,4220,2508,6728,72
2022-02-04,Solano,095,438530,77598,5204,82802,433
2022-02-04,Sonoma,097,501317,79550,2271,81821,467
2022-02-04,Stanislaus,099,539301,113433,16618,130051,1568
2022-02-04,Sutter,101,95872,19730,1817,21547,211
2022-02-04,Tehama,103,63373,11548,2489,14037,182
2022-02-04,Trinity,105,12862,1129,265,1394,20
2022-02-04,Tulare,107,460477,102188,25855,128043,1397
2022-02-04,Tuolumne,109,53932,12124,491,12615,167
2022-02-04,Ventura,111,848112,167892,9092,176984,1388
2022-02-04,Yolo,113,214977,35274,2666,37940,332
2022-02-04,Yuba,115,75493,15137,1067,16204,114
2022-02-03,Alameda,001,1643700,243237,12778,256015,1712
2022-02-03,Alpine,002,1148,120,1,121,0
2022-02-03,Amador,005,37829,8070,566,8636,76
2022-02-03,Butte,007,227075,31602,6589,38191,387
2022-02-03,Calaveras,009,45235,6945,304,7249,106
2022-02-03,Colusa,011,21464,3323,1012,4335,21
2022-02-03,Contra Costa,013,1133247,183338,12155,195493,1208
2022-02-03,Del Norte,015,27424,5103,143,5246,44
2022-02-03,El Dorado,017,186661,25748,3038,28786,199
2022-02-03,Fresno,019,978130,223242,22689,245931,2590
2022-02-03,Glenn,021,27897,4807,1522,6329,50
2022-02-03,Humboldt,023,135768,15759,2565,18324,135
2022-02-03,Imperial,025,180216,53368,9867,63235,903
2022-02-03,Inyo,027,18085,3986,420,4406,56
2022-02-03,Kern,029,883053,185109,43381,228490,2222
2022-02-03,Kings,031,150075,48952,3321,52273,410
2022-02-03,Lake,033,64148,9837,774,10611,128
2022-02-03,Lassen,035,31185,8455,831,9286,57
2022-02-03,Los Angeles,037,10098052,2634935,118366,2753301,29971
2022-02-03,Madera,039,155013,35428,5462,40890,361
2022-02-03,Marin,041,260295,23371,1987,25358,221
2022-02-03,Mariposa,043,17540,2263,157,2420,24
2022-02-03,Mendocino,045,87422,12348,2583,14931,114
2022-02-03,Merced,047,269075,60926,7924,68850,762
2022-02-03,Modoc,049,8938,686,228,914,8
2022-02-03,Mono,051,14174,2924,115,3039,5
2022-02-03,Monterey,053,433212,75321,11836,87157,681
2022-02-03,Napa,055,140530,24178,853,25031,126
2022-02-03,Nevada,057,99092,15294,1082,16376,120
2022-02-03,Orange,059,3164182,532556,39725,572281,6699
2022-02-03,Placer,061,380077,60452,7017,67469,576
2022-02-03,Plumas,063,18699,2828,297,3125,13
2022-02-03,Riverside,065,2383286,575801,26505,602306,6149
2022-02-03,Sacramento,067,1510023,269228,24803,294031,2825
2022-02-03,San Benito,069,59416,12387,483,12870,90
2022-02-03,San Bernardino,071,2135413,561521,24143,585664,7359
2022-02-03,San Diego,073,3302833,721578,49462,771040,4999
2022-02-03,San Francisco,075,870044,117366,7713,125079,776
2022-02-03,San Joaquin,077,732212,160318,9442,169760,2126
2022-02-03,San Luis Obispo,079,281455,49684,3405,53089,420
2022-02-03,San Mateo,081,765935,116090,6399,122489,660
2022-02-03,Santa Barbara,083,443738,81985,4416,86401,642
2022-02-03,Santa Clara,085,1922200,297450,11353,308803,2164
2022-02-03,Santa Cruz,087,273765,43903,1976,45879,248
2022-02-03,Shasta,089,179085,29041,5690,34731,498
2022-02-03,Sierra,091,2930,268,43,311,3
2022-02-03,Siskiyou,093,43540,4205,2492,6697,72
2022-02-03,Solano,095,438530,77267,5185,82452,432
2022-02-03,Sonoma,097,501317,79253,2264,81517,466
2022-02-03,Stanislaus,099,539301,113056,16530,129586,1560
2022-02-03,Sutter,101,95872,19678,1801,21479,210
2022-02-03,Tehama,103,63373,11521,2481,14002,182
2022-02-03,Trinity,105,12862,1127,264,1391,20
2022-02-03,Tulare,107,460477,101780,25719,127499,1389
2022-02-03,Tuolumne,109,53932,12083,479,12562,167
2022-02-03,Ventura,111,848112,167506,9080,176586,1383
2022-02-03,Yolo,113,214977,35165,2652,37817,329
2022-02-03,Yuba,115,75493,15087,1051,16138,114
2022-02-02,Alameda,001,1643700,242285,12677,254962,1707
2022-02-02,Alpine,002,1148,120,1,121,0
2022-02-02,Amador,005,37829,8040,557,8597,76
2022-02-02,Butte,007,227075,31489,6552,38041,387
2022-02-02,Calaveras,009,45235,6918,300,7218,106
2022-02-02,Colusa,011,21464,3308,1011,4319,21
2022-02-02,Contra Costa,013,1133247,182709,12058,194767,1204
2022-02-02,Del Norte,015,27424,5061,139,5200,44
2022-02-02,El Dorado,017,186661,25685,3019,28704,199
2022-02-02,Fresno,019,978130,222200,22556,244756,2582
2022-02-02,Glenn,021,27897,4788,1512,6300,49
2022-02-02,Humboldt,023,135768,15699,2526,18225,135
2022-02-02,Imperial,025,180216,53170,9740,62910,901
2022-02-02,Inyo,027,18085,3980,419,4399,56
2022-02-02,Kern,029,883053,184513,43168,227681,2216
2022-02-02,Kings,031,150075,48762,3296,52058,410
2022-02-02,Lake,033,64148,9779,767,10546,127
2022-02-02,Lassen,035,31185,8442,822,9264,56
2022-02-02,Los Angeles,037,10098052,2628712,117992,2746704,29882
2022-02-02,Madera,039,155013,35261,5390,40651,361
2022-02-02,Marin,041,260295,23268,1977,25245,219
2022-02-02,Mariposa,043,17540,2252,153,2405,24
2022-02-02,Mendocino,045,87422,12295,2544,14839,114
2022-02-02,Merced,047,269075,60741,7838,68579,762
2022-02-02,Modoc,049,8938,680,228,908,8
2022-02-02,Mono,051,14174,2913,115,3028,5
2022-02-02,Monterey,053,433212,74929,11657,86586,681
2022-02-02,Napa,055,140530,24058,840,24898,125
2022-02-02,Nevada,057,99092,15236,1060,16296,120
2022-02-02,Orange,059,3164182,531494,39627,571121,6682
2022-02-02,Placer,061,380077,60258,6988,67246,576
2022-02-02,Plumas,063,18699,2812,294,3106,13
2022-02-02,Riverside,065,2383286,574521,26458,600979,6139
2022-02-02,Sacramento,067,1510023,268223,24594,292817,2817
2022-02-02,San Benito,069,59416,12347,479,12826,90
2022-02-02,San Bernardino,071,2135413,560500,24080,584580,7334
2022-02-02,San Diego,073,3302833,719380,49276,768656,4984
2022-02-02,San Francisco,075,870044,116995,7697,124692,771
2022-02-02,San Joaquin,077,732212,159745,9416,169161,2119
2022-02-02,San Luis Obispo,079,281455,49485,3392,52877,419
2022-02-02,San Mateo,081,765935,115714,6335,122049,655
2022-02-02,Santa Barbara,083,443738,81642,4385,86027,638
2022-02-02,Santa Clara,085,1922200,296277,11242,307519,2160
2022-02-02,Santa Cruz,087,273765,43614,1965,45579,248
2022-02-02,Shasta,089,179085,28940,5645,34585,496
2022-02-02,Sierra,091,2930,268,43,311,3
2022-02-02,Siskiyou,093,43540,4195,2463,6658,71
2022-02-02,Solano,095,438530,76908,5158,82066,430
2022-02-02,Sonoma,097,501317,78940,2251,81191,465
2022-02-02,Stanislaus,099,539301,112659,16397,129056,1555
2022-02-02,Sutter,101,95872,19614,1772,21386,210
2022-02-02,Tehama,103,63373,11463,2462,13925,182
2022-02-02,Trinity,105,12862,1124,262,1386,20
2022-02-02,Tulare,107,460477,101392,25568,126960,1388
2022-02-02,Tuolumne,109,53932,12006,476,12482,166
2022-02-02,Ventura,111,848112,167108,9061,176169,1376
2022-02-02,Yolo,113,214977,35040,2629,37669,327
2022-02-02,Yuba,115,75493,15022,1043,16065,114
2022-02-01,Alameda,001,1643700,241215,12573,253788,1700
2022-02-01,Alpine,002,1148,120,1,121,0
2022-02-01,Amador,005,37829,7994,551,8545,75
2022-02-01,Butte,007,227075,31344,6510,37854,386
2022-02-01,Calaveras,009,45235,6881,296,7177,106
2022-02-01,Colusa,011,21464,3296,998,4294,21
2022-02-01,Contra Costa,013,1133247,181945,11915,193860,1198
2022-02-01,Del Norte,015,27424,5013,136,5149,44
2022-02-01,El Dorado,017,186661,25625,3002,28627,199
2022-02-01,Fresno,019,978130,220997,22391,243388,2577
2022-02-01,Glenn,021,27897,4772,1502,6274,48
2022-02-01,Humboldt,023,135768,15617,2497,18114,135
2022-02-01,Imperial,025,180216,52957,9675,62632,898
2022-02-01,Inyo,027,18085,3970,416,4386,56
2022-02-01,Kern,029,883053,183866,42923,226789,2209
2022-02-01,Kings,031,150075,48502,3273,51775,408
2022-02-01,Lake,033,64148,9723,760,10483,127
2022-02-01,Lassen,035,31185,8424,818,9242,56
2022-02-01,Los Angeles,037,10098052,2621553,117618,2739171,29774
2022-02-01,Madera,039,155013,35041,5309,40350,361
2022-02-01,Marin,041,260295,23144,1961,25105,219
2022-02-01,Mariposa,043,17540,2245,152,2397,24
2022-02-01,Mendocino,045,87422,12233,2507,14740,114
2022-02-01,Merced,047,269075,60546,7712,68258,759
2022-02-01,Modoc,049,8938,673,228,901,8
2022-02-01,Mono,051,14174,2907,115,3022,5
2022-02-01,Monterey,053,433212,74509,11463,85972,681
2022-02-01,Napa,055,140530,23957,824,24781,124
2022-02-01,Nevada,057,99092,15175,1048,16223,119
2022-02-01,Orange,059,3164182,530348,39482,569830,6664
2022-02-01,Placer,061,380077,60010,6950,66960,571
2022-02-01,Plumas,063,18699,2797,291,3088,13
2022-02-01,Riverside,065,2383286,573134,26410,599544,6124
2022-02-01,Sacramento,067,1510023,267167,24328,291495,2809
2022-02-01,San Benito,069,59416,12281,476,12757,90
2022-02-01,San Bernardino,071,2135413,559205,24015,583220,7312
2022-02-01,San Diego,073,3302833,716862,49050,765912,4973
2022-02-01,San Francisco,075,870044,116528,7678,124206,771
2022-02-01,San Joaquin,077,732212,159213,9393,168606,2112
2022-02-01,San Luis Obispo,079,281455,49256,3331,52587,418
2022-02-01,San Mateo,081,765935,115245,6293,121538,652
2022-02-01,Santa Barbara,083,443738,81197,4348,85545,637
2022-02-01,Santa Clara,085,1922200,294747,11139,305886,2154
2022-02-01,Santa Cruz,087,273765,43314,1949,45263,248
2022-02-01,Shasta,089,179085,28819,5592,34411,492
2022-02-01,Sierra,091,2930,266,43,309,3
2022-02-01,Siskiyou,093,43540,4181,2436,6617,71
2022-02-01,Solano,095,438530,76630,5136,81766,429
2022-02-01,Sonoma,097,501317,78579,2228,80807,464
2022-02-01,Stanislaus,099,539301,112247,16291,128538,1548
2022-02-01,Sutter,101,95872,19546,1739,21285,210
2022-02-01,Tehama,103,63373,11406,2449,13855,181
2022-02-01,Trinity,105,12862,1120,262,1382,20
2022-02-01,Tulare,107,460477,100898,25372,126270,1383
2022-02-01,Tuolumne,109,53932,11956,467,12423,166
2022-02-01,Ventura,111,848112,166603,9036,175639,1368
2022-02-01,Yolo,113,214977,34888,2603,37491,325
2022-02-01,Yuba,115,75493,14961,1036,15997,113
2022-01-31,Alameda,001,1643700,239858,12462,252320,1693
2022-01-31,Alpine,002,1148,119,1,120,0
2022-01-31,Amador,005,37829,7942,534,8476,74
2022-01-31,Butte,007,227075,31167,6462,37629,386
2022-01-31,Calaveras,009,45235,6845,285,7130,104
2022-01-31,Colusa,011,21464,3286,989,4275,21
2022-01-31,Contra Costa,013,1133247,181105,11788,192893,1191
2022-01-31,Del Norte,015,27424,4979,133,5112,44
2022-01-31,El Dorado,017,186661,25519,2972,28491,199
2022-01-31,Fresno,019,978130,219494,22191,241685,2573
2022-01-31,Glenn,021,27897,4736,1490,6226,48
2022-01-31,Humboldt,023,135768,15527,2464,17991,135
2022-01-31,Imperial,025,180216,52739,9568,62307,895
2022-01-31,Inyo,027,18085,3959,410,4369,56
2022-01-31,Kern,029,883053,183086,42607,225693,2206
2022-01-31,Kings,031,150075,48144,3239,51383,407
2022-01-31,Lake,033,64148,9650,748,10398,127
2022-01-31,Lassen,035,31185,8393,812,9205,55
2022-01-31,Los Angeles,037,10098052,2613321,117212,2730533,29661
2022-01-31,Madera,039,155013,34826,5213,40039,359
2022-01-31,Marin,041,260295,23019,1944,24963,217
2022-01-31,Mariposa,043,17540,2235,143,2378,24
2022-01-31,Mendocino,045,87422,12167,2466,14633,114
2022-01-31,Merced,047,269075,60245,7523,67768,758
2022-01-31,Modoc,049,8938,670,228,898,8
2022-01-31,Mono,051,14174,2893,115,3008,5
2022-01-31,Monterey,053,433212,74056,11254,85310,678
2022-01-31,Napa,055,140530,23788,807,24595,124
2022-01-31,Nevada,057,99092,15098,1035,16133,119
2022-01-31,Orange,059,3164182,529018,39342,568360,6646
2022-01-31,Placer,061,380077,59763,6919,66682,565
2022-01-31,Plumas,063,18699,2784,289,3073,12
2022-01-31,Riverside,065,2383286,571313,26346,597659,6102
2022-01-31,Sacramento,067,1510023,265874,24076,289950,2795
2022-01-31,San Benito,069,59416,12222,475,12697,90
2022-01-31,San Bernardino,071,2135413,557556,23934,581490,7289
2022-01-31,San Diego,073,3302833,713958,48783,762741,4953
2022-01-31,San Francisco,075,870044,116124,7644,123768,768
2022-01-31,San Joaquin,077,732212,158451,9362,167813,2106
2022-01-31,San Luis Obispo,079,281455,49002,3274,52276,413
2022-01-31,San Mateo,081,765935,114736,6235,120971,652
2022-01-31,Santa Barbara,083,443738,80691,4306,84997,636
2022-01-31,Santa Clara,085,1922200,293057,11035,304092,2153
2022-01-31,Santa Cruz,087,273765,42935,1942,44877,246
2022-01-31,Shasta,089,179085,28689,5551,34240,489
2022-01-31,Sierra,091,2930,266,43,309,3
2022-01-31,Siskiyou,093,43540,4165,2420,6585,70
2022-01-31,Solano,095,438530,75924,5089,81013,429
2022-01-31,Sonoma,097,501317,78125,2198,80323,463
2022-01-31,Stanislaus,099,539301,111722,16109,127831,1541
2022-01-31,Sutter,101,95872,19466,1689,21155,209
2022-01-31,Tehama,103,63373,11343,2421,13764,181
2022-01-31,Trinity,105,12862,1115,259,1374,20
2022-01-31,Tulare,107,460477,100265,25139,125404,1381
2022-01-31,Tuolumne,109,53932,11866,460,12326,166
2022-01-31,Ventura,111,848112,166067,9011,175078,1366
2022-01-31,Yolo,113,214977,34727,2576,37303,324
2022-01-31,Yuba,115,75493,14898,1016,15914,112
2022-01-30,Alameda,001,1643700,238304,12311,250615,1689
2022-01-30,Alpine,002,1148,119,1,120,0
2022-01-30,Amador,005,37829,7889,512,8401,74
2022-01-30,Butte,007,227075,30961,6383,37344,386
2022-01-30,Calaveras,009,45235,6789,274,7063,104
2022-01-30,Colusa,011,21464,3266,981,4247,21
2022-01-30,Contra Costa,013,1133247,180112,11584,191696,1184
2022-01-30,Del Norte,015,27424,4938,130,5068,44
2022-01-30,El Dorado,017,186661,25396,2948,28344,199
2022-01-30,Fresno,019,978130,217914,21926,239840,2570
2022-01-30,Glenn,021,27897,4703,1481,6184,48
2022-01-30,Humboldt,023,135768,15415,2409,17824,135
2022-01-30,Imperial,025,180216,52415,9399,61814,893
2022-01-30,Inyo,027,18085,3942,407,4349,55
2022-01-30,Kern,029,883053,182221,42285,224506,2193
2022-01-30,Kings,031,150075,47791,3182,50973,406
2022-01-30,Lake,033,64148,9561,727,10288,127
2022-01-30,Lassen,035,31185,8369,804,9173,55
2022-01-30,Los Angeles,037,10098052,2603237,116742,2719979,29562
2022-01-30,Madera,039,155013,34527,5029,39556,357
2022-01-30,Marin,041,260295,22871,1930,24801,217
2022-01-30,Mariposa,043,17540,2223,138,2361,23
2022-01-30,Mendocino,045,87422,12094,2360,14454,114
2022-01-30,Merced,047,269075,59873,7229,67102,757
2022-01-30,Modoc,049,8938,667,228,895,8
2022-01-30,Mono,051,14174,2887,115,3002,5
2022-01-30,Monterey,053,433212,73468,10977,84445,677
2022-01-30,Napa,055,140530,23617,791,24408,121
2022-01-30,Nevada,057,99092,15009,1019,16028,119
2022-01-30,Orange,059,3164182,527377,39189,566566,6628
2022-01-30,Placer,061,380077,59436,6879,66315,560
2022-01-30,Plumas,063,18699,2759,275,3034,12
2022-01-30,Riverside,065,2383286,569245,26245,595490,6088
2022-01-30,Sacramento,067,1510023,264414,23579,287993,2785
2022-01-30,San Benito,069,59416,12156,470,12626,89
2022-01-30,San Bernardino,071,2135413,555785,23823,579608,7260
2022-01-30,San Diego,073,3302833,710429,48349,758778,4939
2022-01-30,San Francisco,075,870044,115577,7610,123187,763
2022-01-30,San Joaquin,077,732212,157462,9324,166786,2103
2022-01-30,San Luis Obispo,079,281455,48604,3238,51842,412
2022-01-30,San Mateo,081,765935,114161,6190,120351,652
2022-01-30,Santa Barbara,083,443738,80014,4245,84259,633
2022-01-30,Santa Clara,085,1922200,291082,10904,301986,2149
2022-01-30,Santa Cruz,087,273765,42476,1934,44410,246
2022-01-30,Shasta,089,179085,28528,5467,33995,487
2022-01-30,Sierra,091,2930,266,43,309,3
2022-01-30,Siskiyou,093,43540,4135,2373,6508,69
2022-01-30,Solano,095,438530,75398,5038,80436,429
2022-01-30,Sonoma,097,501317,77606,2169,79775,461
2022-01-30,Stanislaus,099,539301,111066,15906,126972,1536
2022-01-30,Sutter,101,95872,19374,1592,20966,207
2022-01-30,Tehama,103,63373,11271,2391,13662,181
2022-01-30,Trinity,105,12862,1109,259,1368,20
2022-01-30,Tulare,107,460477,99522,24881,124403,1375
2022-01-30,Tuolumne,109,53932,11756,423,12179,165
2022-01-30,Ventura,111,848112,165490,8981,174471,1358
2022-01-30,Yolo,113,214977,34509,2543,37052,322
2022-01-30,Yuba,115,75493,14808,996,15804,111
2022-01-29,Alameda,001,1643700,237633,12293,249926,1678
2022-01-29,Alpine,002,1148,119,1,120,0
2022-01-29,Amador,005,37829,7867,509,8376,74
2022-01-29,Butte,007,227075,30871,6352,37223,384
2022-01-29,Calaveras,009,45235,6770,274,7044,103
2022-01-29,Colusa,011,21464,3261,977,4238,21
2022-01-29,Contra Costa,013,1133247,179564,11551,191115,1180
2022-01-29,Del Norte,015,27424,4920,128,5048,44
2022-01-29,El Dorado,017,186661,25353,2941,28294,199
2022-01-29,Fresno,019,978130,217452,21887,239339,2563
2022-01-29,Glenn,021,27897,4695,1474,6169,47
2022-01-29,Humboldt,023,135768,15368,2402,17770,134
2022-01-29,Imperial,025,180216,52297,9344,61641,889
2022-01-29,Inyo,027,18085,3940,399,4339,55
2022-01-29,Kern,029,883053,181881,42123,224004,2191
2022-01-29,Kings,031,150075,47672,3175,50847,405
2022-01-29,Lake,033,64148,9528,723,10251,126
2022-01-29,Lassen,035,31185,8348,801,9149,55
2022-01-29,Los Angeles,037,10098052,2599330,116477,2715807,29455
2022-01-29,Madera,039,155013,34417,5001,39418,356
2022-01-29,Marin,041,260295,22806,1928,24734,215
2022-01-29,Mariposa,043,17540,2221,136,2357,23
2022-01-29,Mendocino,045,87422,12070,2344,14414,114
2022-01-29,Merced,047,269075,59765,7224,66989,756
2022-01-29,Modoc,049,8938,667,228,895,8
2022-01-29,Mono,051,14174,2885,115,3000,5
2022-01-29,Monterey,053,433212,73313,10915,84228,673
2022-01-29,Napa,055,140530,23561,789,24350,121
2022-01-29,Nevada,057,99092,14975,1016,15991,119
2022-01-29,Orange,059,3164182,526672,39082,565754,6600
2022-01-29,Placer,061,380077,59247,6863,66110,560
2022-01-29,Plumas,063,18699,2749,271,3020,12
2022-01-29,Riverside,065,2383286,568220,26203,594423,6073
2022-01-29,Sacramento,067,1510023,263773,23528,287301,2772
2022-01-29,San Benito,069,59416,12098,469,12567,88
2022-01-29,San Bernardino,071,2135413,555036,23779,578815,7237
2022-01-29,San Diego,073,3302833,709096,48252,757348,4929
2022-01-29,San Francisco,075,870044,115302,7562,122864,757
2022-01-29,San Joaquin,077,732212,157217,9302,166519,2102
2022-01-29,San Luis Obispo,079,281455,48513,3235,51748,410
2022-01-29,San Mateo,081,765935,113821,6171,119992,649
2022-01-29,Santa Barbara,083,443738,79792,4239,84031,631
2022-01-29,Santa Clara,085,1922200,290147,10876,301023,2139
2022-01-29,Santa Cruz,087,273765,42345,1932,44277,246
2022-01-29,Shasta,089,179085,28468,5454,33922,486
2022-01-29,Sierra,091,2930,266,42,308,3
2022-01-29,Siskiyou,093,43540,4125,2366,6491,69
2022-01-29,Solano,095,438530,75253,5025,80278,428
2022-01-29,Sonoma,097,501317,77391,2164,79555,460
2022-01-29,Stanislaus,099,539301,110817,15855,126672,1530
2022-01-29,Sutter,101,95872,19326,1576,20902,206
2022-01-29,Tehama,103,63373,11236,2382,13618,180
2022-01-29,Trinity,105,12862,1106,258,1364,20
2022-01-29,Tulare,107,460477,99264,24808,124072,1372
2022-01-29,Tuolumne,109,53932,11730,415,12145,165
2022-01-29,Ventura,111,848112,165161,8962,174123,1353
2022-01-29,Yolo,113,214977,34395,2527,36922,321
2022-01-29,Yuba,115,75493,14768,994,15762,111
2022-01-28,Alameda,001,1643700,236688,12274,248962,1669
2022-01-28,Alpine,002,1148,119,1,120,0
2022-01-28,Amador,005,37829,7841,508,8349,73
2022-01-28,Butte,007,227075,30794,6330,37124,383
2022-01-28,Calaveras,009,45235,6752,273,7025,101
2022-01-28,Colusa,011,21464,3256,976,4232,21
2022-01-28,Contra Costa,013,1133247,179015,11513,190528,1173
2022-01-28,Del Norte,015,27424,4896,127,5023,43
2022-01-28,El Dorado,017,186661,25309,2934,28243,199
2022-01-28,Fresno,019,978130,216569,21829,238398,2556
2022-01-28,Glenn,021,27897,4682,1472,6154,47
2022-01-28,Humboldt,023,135768,15332,2392,17724,134
2022-01-28,Imperial,025,180216,52169,9314,61483,888
2022-01-28,Inyo,027,18085,3936,396,4332,53
2022-01-28,Kern,029,883053,181470,41965,223435,2184
2022-01-28,Kings,031,150075,47542,3165,50707,402
2022-01-28,Lake,033,64148,9496,720,10216,125
2022-01-28,Lassen,035,31185,8278,799,9077,55
2022-01-28,Los Angeles,037,10098052,2593602,116266,2709868,29365
2022-01-28,Madera,039,155013,34289,4985,39274,355
2022-01-28,Marin,041,260295,22713,1908,24621,214
2022-01-28,Mariposa,043,17540,2211,134,2345,23
2022-01-28,Mendocino,045,87422,12026,2342,14368,114
2022-01-28,Merced,047,269075,59664,7209,66873,754
2022-01-28,Modoc,049,8938,666,228,894,8
2022-01-28,Mono,051,14174,2880,114,2994,5
2022-01-28,Monterey,053,433212,73111,10866,83977,672
2022-01-28,Napa,055,140530,23482,787,24269,120
2022-01-28,Nevada,057,99092,14938,1014,15952,119
2022-01-28,Orange,059,3164182,525600,38992,564592,6578
2022-01-28,Placer,061,380077,59047,6840,65887,557
2022-01-28,Plumas,063,18699,2741,269,3010,12
2022-01-28,Riverside,065,2383286,566896,26162,593058,6056
2022-01-28,Sacramento,067,1510023,263028,23474,286502,2759
2022-01-28,San Benito,069,59416,12076,464,12540,88
2022-01-28,San Bernardino,071,2135413,553994,23742,577736,7212
2022-01-28,San Diego,073,3302833,707280,48174,755454,4915
2022-01-28,San Francisco,075,870044,114946,7513,122459,753
2022-01-28,San Joaquin,077,732212,156928,9288,166216,2089
2022-01-28,San Luis Obispo,079,281455,48429,3228,51657,405
2022-01-28,San Mateo,081,765935,113467,6151,119618,647
2022-01-28,Santa Barbara,083,443738,79543,4237,83780,626
2022-01-28,Santa Clara,085,1922200,288958,10827,299785,2129
2022-01-28,Santa Cruz,087,273765,42152,1922,44074,245
2022-01-28,Shasta,089,179085,28408,5440,33848,484
2022-01-28,Sierra,091,2930,266,42,308,3
2022-01-28,Siskiyou,093,43540,4115,2362,6477,69
2022-01-28,Solano,095,438530,74702,4959,79661,428
2022-01-28,Sonoma,097,501317,77186,2157,79343,459
2022-01-28,Stanislaus,099,539301,110544,15808,126352,1526
2022-01-28,Sutter,101,95872,19281,1574,20855,205
2022-01-28,Tehama,103,63373,11204,2375,13579,180
2022-01-28,Trinity,105,12862,1097,258,1355,20
2022-01-28,Tulare,107,460477,98991,24703,123694,1367
2022-01-28,Tuolumne,109,53932,11697,411,12108,165
2022-01-28,Ventura,111,848112,164706,8943,173649,1350
2022-01-28,Yolo,113,214977,34290,2521,36811,321
2022-01-28,Yuba,115,75493,14729,990,15719,111
2022-01-27,Alameda,001,1643700,235101,12136,247237,1661
2022-01-27,Alpine,002,1148,119,1,120,0
2022-01-27,Amador,005,37829,7794,497,8291,73
2022-01-27,Butte,007,227075,30641,6276,36917,382
2022-01-27,Calaveras,009,45235,6726,257,6983,101
2022-01-27,Colusa,011,21464,3240,971,4211,21
2022-01-27,Contra Costa,013,1133247,177953,11339,189292,1167
2022-01-27,Del Norte,015,27424,4852,123,4975,42
2022-01-27,El Dorado,017,186661,25200,2915,28115,199
2022-01-27,Fresno,019,978130,214908,21608,236516,2547
2022-01-27,Glenn,021,27897,4650,1464,6114,46
2022-01-27,Humboldt,023,135768,15245,2355,17600,132
2022-01-27,Imperial,025,180216,51896,9203,61099,886
2022-01-27,Inyo,027,18085,3929,387,4316,53
2022-01-27,Kern,029,883053,180692,41604,222296,2178
2022-01-27,Kings,031,150075,47201,3127,50328,402
2022-01-27,Lake,033,64148,9442,703,10145,125
2022-01-27,Lassen,035,31185,8237,793,9030,54
2022-01-27,Los Angeles,037,10098052,2582442,115753,2698195,29279
2022-01-27,Madera,039,155013,34080,4883,38963,355
2022-01-27,Marin,041,260295,22549,1893,24442,214
2022-01-27,Mariposa,043,17540,2188,131,2319,22
2022-01-27,Mendocino,045,87422,11975,2293,14268,113
2022-01-27,Merced,047,269075,59393,7046,66439,751
2022-01-27,Modoc,049,8938,664,227,891,8
2022-01-27,Mono,051,14174,2875,114,2989,5
2022-01-27,Monterey,053,433212,72490,10622,83112,671
2022-01-27,Napa,055,140530,23325,760,24085,118
2022-01-27,Nevada,057,99092,14866,987,15853,119
2022-01-27,Orange,059,3164182,523871,38853,562724,6561
2022-01-27,Placer,061,380077,58731,6788,65519,553
2022-01-27,Plumas,063,18699,2730,257,2987,12
2022-01-27,Riverside,065,2383286,564721,26093,590814,6042
2022-01-27,Sacramento,067,1510023,261745,23138,284883,2747
2022-01-27,San Benito,069,59416,12021,459,12480,88
2022-01-27,San Bernardino,071,2135413,552100,23641,575741,7185
2022-01-27,San Diego,073,3302833,703949,47818,751767,4900
2022-01-27,San Francisco,075,870044,114438,7455,121893,751
2022-01-27,San Joaquin,077,732212,156067,9223,165290,2083
2022-01-27,San Luis Obispo,079,281455,48158,3193,51351,404
2022-01-27,San Mateo,081,765935,112880,6082,118962,646
2022-01-27,Santa Barbara,083,443738,79064,4182,83246,624
2022-01-27,Santa Clara,085,1922200,286886,10681,297567,2117
2022-01-27,Santa Cruz,087,273765,41487,1904,43391,245
2022-01-27,Shasta,089,179085,28283,5391,33674,479
2022-01-27,Sierra,091,2930,265,41,306,3
2022-01-27,Siskiyou,093,43540,4094,2325,6419,68
2022-01-27,Solano,095,438530,74063,4901,78964,427
2022-01-27,Sonoma,097,501317,76721,2143,78864,458
2022-01-27,Stanislaus,099,539301,110018,15651,125669,1519
2022-01-27,Sutter,101,95872,19175,1550,20725,205
2022-01-27,Tehama,103,63373,11152,2359,13511,180
2022-01-27,Trinity,105,12862,1093,257,1350,20
2022-01-27,Tulare,107,460477,98322,24443,122765,1367
2022-01-27,Tuolumne,109,53932,11642,403,12045,165
2022-01-27,Ventura,111,848112,164055,8907,172962,1345
2022-01-27,Yolo,113,214977,34144,2506,36650,321
2022-01-27,Yuba,115,75493,14651,974,15625,111
2022-01-26,Alameda,001,1643700,233211,11968,245179,1651
2022-01-26,Alpine,002,1148,119,1,120,0
2022-01-26,Amador,005,37829,7720,482,8202,73
2022-01-26,Butte,007,227075,30450,6213,36663,380
2022-01-26,Calaveras,009,45235,6688,251,6939,100
2022-01-26,Colusa,011,21464,3221,966,4187,21
2022-01-26,Contra Costa,013,1133247,176753,11170,187923,1158
2022-01-26,Del Norte,015,27424,4794,122,4916,42
2022-01-26,El Dorado,017,186661,25079,2892,27971,199
2022-01-26,Fresno,019,978130,213033,21387,234420,2542
2022-01-26,Glenn,021,27897,4616,1459,6075,45
2022-01-26,Humboldt,023,135768,15147,2312,17459,132
2022-01-26,Imperial,025,180216,51538,9063,60601,883
2022-01-26,Inyo,027,18085,3926,357,4283,53
2022-01-26,Kern,029,883053,179751,41263,221014,2174
2022-01-26,Kings,031,150075,46796,3098,49894,402
2022-01-26,Lake,033,64148,9360,693,10053,125
2022-01-26,Lassen,035,31185,8197,793,8990,54
2022-01-26,Los Angeles,037,10098052,2570230,115308,2685538,29196
2022-01-26,Madera,039,155013,33841,4746,38587,354
2022-01-26,Marin,041,260295,22367,1877,24244,214
2022-01-26,Mariposa,043,17540,2171,124,2295,22
2022-01-26,Mendocino,045,87422,11927,2242,14169,112
2022-01-26,Merced,047,269075,58992,6869,65861,748
2022-01-26,Modoc,049,8938,663,226,889,8
2022-01-26,Mono,051,14174,2872,114,2986,5
2022-01-26,Monterey,053,433212,71933,10335,82268,670
2022-01-26,Napa,055,140530,23168,750,23918,117
2022-01-26,Nevada,057,99092,14771,975,15746,119
2022-01-26,Orange,059,3164182,521883,38686,560569,6536
2022-01-26,Placer,061,380077,58391,6726,65117,550
2022-01-26,Plumas,063,18699,2703,255,2958,12
2022-01-26,Riverside,065,2383286,562191,25977,588168,6026
2022-01-26,Sacramento,067,1510023,260050,22807,282857,2730
2022-01-26,San Benito,069,59416,11950,447,12397,88
2022-01-26,San Bernardino,071,2135413,549829,23534,573363,7157
2022-01-26,San Diego,073,3302833,699742,47463,747205,4881
2022-01-26,San Francisco,075,870044,113794,7425,121219,750
2022-01-26,San Joaquin,077,732212,155071,9171,164242,2078
2022-01-26,San Luis Obispo,079,281455,47853,3167,51020,404
2022-01-26,San Mateo,081,765935,112213,5959,118172,646
2022-01-26,Santa Barbara,083,443738,78536,4122,82658,619
2022-01-26,Santa Clara,085,1922200,284769,10512,295281,2112
2022-01-26,Santa Cruz,087,273765,40968,1890,42858,243
2022-01-26,Shasta,089,179085,28136,5346,33482,478
2022-01-26,Sierra,091,2930,264,40,304,3
2022-01-26,Siskiyou,093,43540,4078,2300,6378,68
2022-01-26,Solano,095,438530,73366,4834,78200,425
2022-01-26,Sonoma,097,501317,76161,2108,78269,455
2022-01-26,Stanislaus,099,539301,109463,15434,124897,1513
2022-01-26,Sutter,101,95872,19066,1506,20572,205
2022-01-26,Tehama,103,63373,11098,2345,13443,180
2022-01-26,Trinity,105,12862,1088,257,1345,20
2022-01-26,Tulare,107,460477,97516,24205,121721,1363
2022-01-26,Tuolumne,109,53932,11458,392,11850,165
2022-01-26,Ventura,111,848112,163345,8865,172210,1338
2022-01-26,Yolo,113,214977,33926,2468,36394,321
2022-01-26,Yuba,115,75493,14566,952,15518,110
2022-01-25,Alameda,001,1643700,231328,11792,243120,1648
2022-01-25,Alpine,002,1148,119,1,120,0
2022-01-25,Amador,005,37829,7643,471,8114,73
2022-01-25,Butte,007,227075,30236,6141,36377,380
2022-01-25,Calaveras,009,45235,6630,238,6868,99
2022-01-25,Colusa,011,21464,3200,964,4164,21
2022-01-25,Contra Costa,013,1133247,175353,10942,186295,1156
2022-01-25,Del Norte,015,27424,4724,117,4841,42
2022-01-25,El Dorado,017,186661,24942,2868,27810,197
2022-01-25,Fresno,019,978130,210850,21088,231938,2537
2022-01-25,Glenn,021,27897,4586,1443,6029,45
2022-01-25,Humboldt,023,135768,15055,2286,17341,132
2022-01-25,Imperial,025,180216,51082,8842,59924,882
2022-01-25,Inyo,027,18085,3910,315,4225,53
2022-01-25,Kern,029,883053,178746,40816,219562,2168
2022-01-25,Kings,031,150075,46328,3053,49381,402
2022-01-25,Lake,033,64148,9281,681,9962,123
2022-01-25,Lassen,035,31185,8166,784,8950,54
2022-01-25,Los Angeles,037,10098052,2555275,114669,2669944,29106
2022-01-25,Madera,039,155013,33517,4613,38130,354
2022-01-25,Marin,041,260295,22189,1864,24053,213
2022-01-25,Mariposa,043,17540,2159,118,2277,22
2022-01-25,Mendocino,045,87422,11807,2139,13946,111
2022-01-25,Merced,047,269075,58570,6720,65290,747
2022-01-25,Modoc,049,8938,661,226,887,8
2022-01-25,Mono,051,14174,2862,113,2975,5
2022-01-25,Monterey,053,433212,71359,9936,81295,670
2022-01-25,Napa,055,140530,22969,716,23685,117
2022-01-25,Nevada,057,99092,14657,953,15610,118
2022-01-25,Orange,059,3164182,519598,38488,558086,6505
2022-01-25,Placer,061,380077,57990,6653,64643,547
2022-01-25,Plumas,063,18699,2679,251,2930,12
2022-01-25,Riverside,065,2383286,559099,25813,584912,6008
2022-01-25,Sacramento,067,1510023,258096,22275,280371,2718
2022-01-25,San Benito,069,59416,11850,443,12293,88
2022-01-25,San Bernardino,071,2135413,547205,23421,570626,7129
2022-01-25,San Diego,073,3302833,694767,47015,741782,4867
2022-01-25,San Francisco,075,870044,113033,7383,120416,746
2022-01-25,San Joaquin,077,732212,154068,9107,163175,2075
2022-01-25,San Luis Obispo,079,281455,47492,3119,50611,402
2022-01-25,San Mateo,081,765935,111376,5848,117224,645
2022-01-25,Santa Barbara,083,443738,77868,4043,81911,617
2022-01-25,Santa Clara,085,1922200,282118,10311,292429,2109
2022-01-25,Santa Cruz,087,273765,40298,1875,42173,242
2022-01-25,Shasta,089,179085,27973,5280,33253,476
2022-01-25,Sierra,091,2930,264,36,300,3
2022-01-25,Siskiyou,093,43540,4054,2265,6319,68
2022-01-25,Solano,095,438530,72794,4775,77569,423
2022-01-25,Sonoma,097,501317,75471,2068,77539,453
2022-01-25,Stanislaus,099,539301,108790,15208,123998,1509
2022-01-25,Sutter,101,95872,18963,1467,20430,205
2022-01-25,Tehama,103,63373,11036,2321,13357,179
2022-01-25,Trinity,105,12862,1081,255,1336,20
2022-01-25,Tulare,107,460477,96655,23887,120542,1360
2022-01-25,Tuolumne,109,53932,11277,368,11645,164
2022-01-25,Ventura,111,848112,162491,8816,171307,1335
2022-01-25,Yolo,113,214977,33667,2424,36091,319
2022-01-25,Yuba,115,75493,14481,925,15406,110
2022-01-24,Alameda,001,1643700,228861,11523,240384,1643
2022-01-24,Alpine,002,1148,119,1,120,0
2022-01-24,Amador,005,37829,7592,434,8026,73
2022-01-24,Butte,007,227075,30004,6075,36079,380
2022-01-24,Calaveras,009,45235,6582,224,6806,99
2022-01-24,Colusa,011,21464,3180,947,4127,21
2022-01-24,Contra Costa,013,1133247,173795,10720,184515,1152
2022-01-24,Del Norte,015,27424,4664,117,4781,42
2022-01-24,El Dorado,017,186661,24778,2841,27619,195
2022-01-24,Fresno,019,978130,208492,20761,229253,2534
2022-01-24,Glenn,021,27897,4546,1434,5980,45
2022-01-24,Humboldt,023,135768,14944,2241,17185,132
2022-01-24,Imperial,025,180216,50542,8562,59104,878
2022-01-24,Inyo,027,18085,3904,291,4195,53
2022-01-24,Kern,029,883053,177436,40346,217782,2159
2022-01-24,Kings,031,150075,45753,2982,48735,402
2022-01-24,Lake,033,64148,9172,666,9838,123
2022-01-24,Lassen,035,31185,8082,765,8847,54
2022-01-24,Los Angeles,037,10098052,2538746,113892,2652638,29021
2022-01-24,Madera,039,155013,33079,4429,37508,353
2022-01-24,Marin,041,260295,21956,1828,23784,212
2022-01-24,Mariposa,043,17540,2134,114,2248,22
2022-01-24,Mendocino,045,87422,11703,2060,13763,111
2022-01-24,Merced,047,269075,58035,6431,64466,746
2022-01-24,Modoc,049,8938,658,225,883,7
2022-01-24,Mono,051,14174,2852,112,2964,5
2022-01-24,Monterey,053,433212,70500,9582,80082,669
2022-01-24,Napa,055,140530,22790,704,23494,117
2022-01-24,Nevada,057,99092,14530,930,15460,116
2022-01-24,Orange,059,3164182,517013,38219,555232,6476
2022-01-24,Placer,061,380077,57507,6603,64110,546
2022-01-24,Plumas,063,18699,2648,237,2885,12
2022-01-24,Riverside,065,2383286,555366,25604,580970,5991
2022-01-24,Sacramento,067,1510023,255728,21715,277443,2702
2022-01-24,San Benito,069,59416,11748,430,12178,88
2022-01-24,San Bernardino,071,2135413,544314,23258,567572,7104
2022-01-24,San Diego,073,3302833,689128,46468,735596,4848
2022-01-24,San Francisco,075,870044,112077,7292,119369,744
2022-01-24,San Joaquin,077,732212,152750,9032,161782,2070
2022-01-24,San Luis Obispo,079,281455,47021,3065,50086,401
2022-01-24,San Mateo,081,765935,110409,5735,116144,642
2022-01-24,Santa Barbara,083,443738,77057,3950,81007,613
2022-01-24,Santa Clara,085,1922200,279220,10103,289323,2098
2022-01-24,Santa Cruz,087,273765,39496,1858,41354,241
2022-01-24,Shasta,089,179085,27789,5193,32982,476
2022-01-24,Sierra,091,2930,264,36,300,3
2022-01-24,Siskiyou,093,43540,4046,2226,6272,68
2022-01-24,Solano,095,438530,72112,4698,76810,423
2022-01-24,Sonoma,097,501317,74556,2031,76587,451
2022-01-24,Stanislaus,099,539301,108032,14921,122953,1508
2022-01-24,Sutter,101,95872,18847,1381,20228,205
2022-01-24,Tehama,103,63373,10966,2301,13267,178
2022-01-24,Trinity,105,12862,1072,253,1325,20
2022-01-24,Tulare,107,460477,95578,23530,119108,1359
2022-01-24,Tuolumne,109,53932,11156,360,11516,164
2022-01-24,Ventura,111,848112,161468,8771,170239,1327
2022-01-24,Yolo,113,214977,33374,2395,35769,319
2022-01-24,Yuba,115,75493,14374,886,15260,110
2022-01-23,Alameda,001,1643700,226167,11188,237355,1636
2022-01-23,Alpine,002,1148,119,1,120,0
2022-01-23,Amador,005,37829,7536,394,7930,73
2022-01-23,Butte,007,227075,29705,5949,35654,379
2022-01-23,Calaveras,009,45235,6517,203,6720,98
2022-01-23,Colusa,011,21464,3155,938,4093,21
2022-01-23,Contra Costa,013,1133247,171852,10349,182201,1150
2022-01-23,Del Norte,015,27424,4596,111,4707,42
2022-01-23,El Dorado,017,186661,24592,2794,27386,194
2022-01-23,Fresno,019,978130,205931,20270,226201,2525
2022-01-23,Glenn,021,27897,4499,1412,5911,45
2022-01-23,Humboldt,023,135768,14822,2159,16981,131
2022-01-23,Imperial,025,180216,49942,8280,58222,878
2022-01-23,Inyo,027,18085,3877,277,4154,53
2022-01-23,Kern,029,883053,176074,39818,215892,2154
2022-01-23,Kings,031,150075,45119,2879,47998,402
2022-01-23,Lake,033,64148,9002,640,9642,122
2022-01-23,Lassen,035,31185,8033,741,8774,54
2022-01-23,Los Angeles,037,10098052,2518410,112750,2631160,28943
2022-01-23,Madera,039,155013,32719,4193,36912,353
2022-01-23,Marin,041,260295,21703,1790,23493,212
2022-01-23,Mariposa,043,17540,2119,111,2230,22
2022-01-23,Mendocino,045,87422,11578,1932,13510,110
2022-01-23,Merced,047,269075,57422,5961,63383,746
2022-01-23,Modoc,049,8938,656,222,878,7
2022-01-23,Mono,051,14174,2844,110,2954,5
2022-01-23,Monterey,053,433212,69660,9152,78812,668
2022-01-23,Napa,055,140530,22527,691,23218,116
2022-01-23,Nevada,057,99092,14368,901,15269,116
2022-01-23,Orange,059,3164182,513898,37921,551819,6456
2022-01-23,Placer,061,380077,56942,6515,63457,544
2022-01-23,Plumas,063,18699,2615,208,2823,12
2022-01-23,Riverside,065,2383286,550921,25302,576223,5977
2022-01-23,Sacramento,067,1510023,253083,20770,273853,2692
2022-01-23,San Benito,069,59416,11626,419,12045,88
2022-01-23,San Bernardino,071,2135413,540750,22980,563730,7077
2022-01-23,San Diego,073,3302833,682529,45667,728196,4831
2022-01-23,San Francisco,075,870044,111011,7185,118196,739
2022-01-23,San Joaquin,077,732212,151124,8949,160073,2068
2022-01-23,San Luis Obispo,079,281455,46324,2991,49315,401
2022-01-23,San Mateo,081,765935,109290,5592,114882,638
2022-01-23,Santa Barbara,083,443738,75934,3828,79762,613
2022-01-23,Santa Clara,085,1922200,275870,9785,285655,2097
2022-01-23,Santa Cruz,087,273765,38965,1827,40792,241
2022-01-23,Shasta,089,179085,27509,5073,32582,473
2022-01-23,Sierra,091,2930,263,36,299,3
2022-01-23,Siskiyou,093,43540,4021,2169,6190,68
2022-01-23,Solano,095,438530,71311,4604,75915,421
2022-01-23,Sonoma,097,501317,73602,1975,75577,451
2022-01-23,Stanislaus,099,539301,107170,14629,121799,1504
2022-01-23,Sutter,101,95872,18688,1268,19956,205
2022-01-23,Tehama,103,63373,10868,2270,13138,178
2022-01-23,Trinity,105,12862,1069,251,1320,20
2022-01-23,Tulare,107,460477,94320,23114,117434,1356
2022-01-23,Tuolumne,109,53932,10964,343,11307,164
2022-01-23,Ventura,111,848112,160286,8694,168980,1325
2022-01-23,Yolo,113,214977,32998,2355,35353,319
2022-01-23,Yuba,115,75493,14250,833,15083,108
2022-01-22,Alameda,001,1643700,225108,11160,236268,1632
2022-01-22,Alpine,002,1148,118,1,119,0
2022-01-22,Amador,005,37829,7502,389,7891,73
2022-01-22,Butte,007,227075,29582,5917,35499,378
2022-01-22,Calaveras,009,45235,6487,202,6689,98
2022-01-22,Colusa,011,21464,3138,935,4073,21
2022-01-22,Contra Costa,013,1133247,170875,10319,181194,1143
2022-01-22,Del Norte,015,27424,4557,107,4664,42
2022-01-22,El Dorado,017,186661,24527,2782,27309,194
2022-01-22,Fresno,019,978130,205090,20200,225290,2519
2022-01-22,Glenn,021,27897,4492,1409,5901,45
2022-01-22,Humboldt,023,135768,14754,2146,16900,131
2022-01-22,Imperial,025,180216,49750,8222,57972,873
2022-01-22,Inyo,027,18085,3873,253,4126,53
2022-01-22,Kern,029,883053,175447,39518,214965,2147
2022-01-22,Kings,031,150075,44911,2866,47777,401
2022-01-22,Lake,033,64148,8968,632,9600,122
2022-01-22,Lassen,035,31185,7999,734,8733,54
2022-01-22,Los Angeles,037,10098052,2510985,112247,2623232,28844
2022-01-22,Madera,039,155013,32600,4178,36778,352
2022-01-22,Marin,041,260295,21576,1785,23361,212
2022-01-22,Mariposa,043,17540,2115,111,2226,22
2022-01-22,Mendocino,045,87422,11528,1910,13438,110
2022-01-22,Merced,047,269075,57252,5952,63204,745
2022-01-22,Modoc,049,8938,655,222,877,7
2022-01-22,Mono,051,14174,2843,106,2949,5
2022-01-22,Monterey,053,433212,69454,9110,78564,666
2022-01-22,Napa,055,140530,22432,681,23113,116
2022-01-22,Nevada,057,99092,14299,893,15192,115
2022-01-22,Orange,059,3164182,512282,37671,549953,6425
2022-01-22,Placer,061,380077,56671,6478,63149,544
2022-01-22,Plumas,063,18699,2598,204,2802,12
2022-01-22,Riverside,065,2383286,549001,25230,574231,5965
2022-01-22,Sacramento,067,1510023,252041,20662,272703,2682
2022-01-22,San Benito,069,59416,11568,414,11982,88
2022-01-22,San Bernardino,071,2135413,539220,22886,562106,7051
2022-01-22,San Diego,073,3302833,680048,45448,725496,4809
2022-01-22,San Francisco,075,870044,110354,7036,117390,736
2022-01-22,San Joaquin,077,732212,150681,8907,159588,2063
2022-01-22,San Luis Obispo,079,281455,46205,2985,49190,399
2022-01-22,San Mateo,081,765935,108704,5530,114234,636
2022-01-22,Santa Barbara,083,443738,75512,3822,79334,612
2022-01-22,Santa Clara,085,1922200,274183,9719,283902,2091
2022-01-22,Santa Cruz,087,273765,38783,1821,40604,241
2022-01-22,Shasta,089,179085,27413,5051,32464,473
2022-01-22,Sierra,091,2930,263,35,298,3
2022-01-22,Siskiyou,093,43540,4003,2148,6151,68
2022-01-22,Solano,095,438530,71088,4567,75655,420
2022-01-22,Sonoma,097,501317,73181,1965,75146,450
2022-01-22,Stanislaus,099,539301,106711,14531,121242,1497
2022-01-22,Sutter,101,95872,18620,1255,19875,205
2022-01-22,Tehama,103,63373,10833,2259,13092,177
2022-01-22,Trinity,105,12862,1067,251,1318,20
2022-01-22,Tulare,107,460477,93942,22992,116934,1355
2022-01-22,Tuolumne,109,53932,10896,337,11233,164
2022-01-22,Ventura,111,848112,159595,8654,168249,1320
2022-01-22,Yolo,113,214977,32820,2338,35158,317
2022-01-22,Yuba,115,75493,14160,829,14989,108
2022-01-21,Alameda,001,1643700,223536,11126,234662,1625
2022-01-21,Alpine,002,1148,118,1,119,0
2022-01-21,Amador,005,37829,7445,386,7831,73
2022-01-21,Butte,007,227075,29456,5874,35330,377
2022-01-21,Calaveras,009,45235,6441,202,6643,98
2022-01-21,Colusa,011,21464,3131,929,4060,21
2022-01-21,Contra Costa,013,1133247,169768,10239,180007,1142
2022-01-21,Del Norte,015,27424,4517,107,4624,42
2022-01-21,El Dorado,017,186661,24442,2766,27208,194
2022-01-21,Fresno,019,978130,203797,20094,223891,2515
2022-01-21,Glenn,021,27897,4470,1405,5875,45
2022-01-21,Humboldt,023,135768,14683,2127,16810,131
2022-01-21,Imperial,025,180216,49561,8146,57707,870
2022-01-21,Inyo,027,18085,3860,248,4108,53
2022-01-21,Kern,029,883053,174732,39150,213882,2143
2022-01-21,Kings,031,150075,44713,2858,47571,401
2022-01-21,Lake,033,64148,8911,620,9531,122
2022-01-21,Lassen,035,31185,7950,730,8680,54
2022-01-21,Los Angeles,037,10098052,2499676,111790,2611466,28755
2022-01-21,Madera,039,155013,32308,4150,36458,350
2022-01-21,Marin,041,260295,21401,1766,23167,211
2022-01-21,Mariposa,043,17540,2103,110,2213,22
2022-01-21,Mendocino,045,87422,11447,1907,13354,110
2022-01-21,Merced,047,269075,57084,5948,63032,743
2022-01-21,Modoc,049,8938,654,222,876,7
2022-01-21,Mono,051,14174,2829,103,2932,5
2022-01-21,Monterey,053,433212,68983,8984,77967,666
2022-01-21,Napa,055,140530,22312,673,22985,116
2022-01-21,Nevada,057,99092,14201,889,15090,115
2022-01-21,Orange,059,3164182,510043,37424,547467,6398
2022-01-21,Placer,061,380077,56278,6415,62693,543
2022-01-21,Plumas,063,18699,2585,199,2784,12
2022-01-21,Riverside,065,2383286,546346,25151,571497,5943
2022-01-21,Sacramento,067,1510023,250600,20563,271163,2673
2022-01-21,San Benito,069,59416,11533,411,11944,88
2022-01-21,San Bernardino,071,2135413,537143,22810,559953,7025
2022-01-21,San Diego,073,3302833,675895,45274,721169,4791
2022-01-21,San Francisco,075,870044,109594,6948,116542,734
2022-01-21,San Joaquin,077,732212,150078,8852,158930,2056
2022-01-21,San Luis Obispo,079,281455,46079,2982,49061,395
2022-01-21,San Mateo,081,765935,108031,5491,113522,631
2022-01-21,Santa Barbara,083,443738,75010,3813,78823,610
2022-01-21,Santa Clara,085,1922200,272350,9611,281961,2084
2022-01-21,Santa Cruz,087,273765,38064,1808,39872,241
2022-01-21,Shasta,089,179085,27324,5004,32328,473
2022-01-21,Sierra,091,2930,261,34,295,3
2022-01-21,Siskiyou,093,43540,3994,2130,6124,66
2022-01-21,Solano,095,438530,70675,4484,75159,419
2022-01-21,Sonoma,097,501317,72656,1955,74611,449
2022-01-21,Stanislaus,099,539301,106205,14456,120661,1495
2022-01-21,Sutter,101,95872,18534,1241,19775,205
2022-01-21,Tehama,103,63373,10796,2257,13053,177
2022-01-21,Trinity,105,12862,1061,250,1311,20
2022-01-21,Tulare,107,460477,93461,22837,116298,1354
2022-01-21,Tuolumne,109,53932,10813,330,11143,164
2022-01-21,Ventura,111,848112,158785,8623,167408,1317
2022-01-21,Yolo,113,214977,32658,2317,34975,314
2022-01-21,Yuba,115,75493,14088,822,14910,108
2022-01-20,Alameda,001,1643700,220481,10889,231370,1621
2022-01-20,Alpine,002,1148,118,1,119,0
2022-01-20,Amador,005,37829,7381,368,7749,73
2022-01-20,Butte,007,227075,29189,5794,34983,374
2022-01-20,Calaveras,009,45235,6336,193,6529,98
2022-01-20,Colusa,011,21464,3105,917,4022,21
2022-01-20,Contra Costa,013,1133247,167713,9965,177678,1139
2022-01-20,Del Norte,015,27424,4477,104,4581,42
2022-01-20,El Dorado,017,186661,24242,2720,26962,193
2022-01-20,Fresno,019,978130,201131,19706,220837,2512
2022-01-20,Glenn,021,27897,4436,1396,5832,45
2022-01-20,Humboldt,023,135768,14556,2077,16633,131
2022-01-20,Imperial,025,180216,49038,7972,57010,869
2022-01-20,Inyo,027,18085,3848,237,4085,53
2022-01-20,Kern,029,883053,173209,38610,211819,2136
2022-01-20,Kings,031,150075,44156,2818,46974,400
2022-01-20,Lake,033,64148,8815,592,9407,121
2022-01-20,Lassen,035,31185,7897,715,8612,54
2022-01-20,Los Angeles,037,10098052,2474931,110822,2585753,28664
2022-01-20,Madera,039,155013,31921,4025,35946,350
2022-01-20,Marin,041,260295,21109,1729,22838,211
2022-01-20,Mariposa,043,17540,2076,107,2183,22
2022-01-20,Mendocino,045,87422,11349,1829,13178,110
2022-01-20,Merced,047,269075,56608,5705,62313,741
2022-01-20,Modoc,049,8938,652,222,874,7
2022-01-20,Mono,051,14174,2821,102,2923,5
2022-01-20,Monterey,053,433212,68217,8568,76785,665
2022-01-20,Napa,055,140530,22046,634,22680,114
2022-01-20,Nevada,057,99092,14056,867,14923,115
2022-01-20,Orange,059,3164182,506096,37052,543148,6363
2022-01-20,Placer,061,380077,55793,6352,62145,540
2022-01-20,Plumas,063,18699,2557,195,2752,12
2022-01-20,Riverside,065,2383286,541774,24919,566693,5923
2022-01-20,Sacramento,067,1510023,248318,19929,268247,2663
2022-01-20,San Benito,069,59416,11422,398,11820,88
2022-01-20,San Bernardino,071,2135413,532930,22531,555461,7003
2022-01-20,San Diego,073,3302833,668820,44577,713397,4775
2022-01-20,San Francisco,075,870044,108447,6809,115256,729
2022-01-20,San Joaquin,077,732212,148426,8724,157150,2051
2022-01-20,San Luis Obispo,079,281455,45568,2948,48516,395
2022-01-20,San Mateo,081,765935,106804,5287,112091,630
2022-01-20,Santa Barbara,083,443738,74110,3701,77811,607
2022-01-20,Santa Clara,085,1922200,269001,9283,278284,2075
2022-01-20,Santa Cruz,087,273765,37179,1785,38964,241
2022-01-20,Shasta,089,179085,27133,4937,32070,473
2022-01-20,Sierra,091,2930,261,32,293,3
2022-01-20,Siskiyou,093,43540,3983,2097,6080,66
2022-01-20,Solano,095,438530,69724,4395,74119,416
2022-01-20,Sonoma,097,501317,71628,1904,73532,449
2022-01-20,Stanislaus,099,539301,105244,14249,119493,1493
2022-01-20,Sutter,101,95872,18370,1213,19583,204
2022-01-20,Tehama,103,63373,10724,2239,12963,175
2022-01-20,Trinity,105,12862,1047,249,1296,20
2022-01-20,Tulare,107,460477,92406,22547,114953,1352
2022-01-20,Tuolumne,109,53932,10671,320,10991,163
2022-01-20,Ventura,111,848112,157400,8546,165946,1312
2022-01-20,Yolo,113,214977,32370,2284,34654,310
2022-01-20,Yuba,115,75493,13982,789,14771,108
2022-01-19,Alameda,001,1643700,217114,10562,227676,1614
2022-01-19,Alpine,002,1148,117,1,118,0
2022-01-19,Amador,005,37829,7300,326,7626,73
2022-01-19,Butte,007,227075,28884,5708,34592,373
2022-01-19,Calaveras,009,45235,6246,184,6430,97
2022-01-19,Colusa,011,21464,3071,909,3980,21
2022-01-19,Contra Costa,013,1133247,165280,9718,174998,1134
2022-01-19,Del Norte,015,27424,4438,103,4541,42
2022-01-19,El Dorado,017,186661,23990,2679,26669,193
2022-01-19,Fresno,019,978130,198159,19380,217539,2504
2022-01-19,Glenn,021,27897,4384,1386,5770,45
2022-01-19,Humboldt,023,135768,14399,2027,16426,131
2022-01-19,Imperial,025,180216,48303,7775,56078,868
2022-01-19,Inyo,027,18085,3825,198,4023,53
2022-01-19,Kern,029,883053,171443,37932,209375,2127
2022-01-19,Kings,031,150075,43457,2750,46207,399
2022-01-19,Lake,033,64148,8688,579,9267,121
2022-01-19,Lassen,035,31185,7840,693,8533,54
2022-01-19,Los Angeles,037,10098052,2446529,109409,2555938,28586
2022-01-19,Madera,039,155013,31540,3855,35395,348
2022-01-19,Marin,041,260295,20811,1689,22500,209
2022-01-19,Mariposa,043,17540,2051,100,2151,22
2022-01-19,Mendocino,045,87422,11178,1736,12914,109
2022-01-19,Merced,047,269075,56015,5331,61346,741
2022-01-19,Modoc,049,8938,650,221,871,7
2022-01-19,Mono,051,14174,2799,100,2899,5
2022-01-19,Monterey,053,433212,67308,8111,75419,663
2022-01-19,Napa,055,140530,21791,607,22398,113
2022-01-19,Nevada,057,99092,13898,840,14738,115
2022-01-19,Orange,059,3164182,501592,36680,538272,6340
2022-01-19,Placer,061,380077,55228,6283,61511,538
2022-01-19,Plumas,063,18699,2517,189,2706,12
2022-01-19,Riverside,065,2383286,536251,24685,560936,5912
2022-01-19,Sacramento,067,1510023,245418,19216,264634,2653
2022-01-19,San Benito,069,59416,11280,386,11666,88
2022-01-19,San Bernardino,071,2135413,528161,22151,550312,6976
2022-01-19,San Diego,073,3302833,660062,43845,703907,4752
2022-01-19,San Francisco,075,870044,107077,6735,113812,727
2022-01-19,San Joaquin,077,732212,146517,8602,155119,2048
2022-01-19,San Luis Obispo,079,281455,44969,2882,47851,395
2022-01-19,San Mateo,081,765935,105388,5023,110411,626
2022-01-19,Santa Barbara,083,443738,73113,3602,76715,604
2022-01-19,Santa Clara,085,1922200,265209,8929,274138,2067
2022-01-19,Santa Cruz,087,273765,35878,1761,37639,240
2022-01-19,Shasta,089,179085,26865,4865,31730,473
2022-01-19,Sierra,091,2930,261,31,292,3
2022-01-19,Siskiyou,093,43540,3959,2044,6003,65
2022-01-19,Solano,095,438530,68877,4266,73143,414
2022-01-19,Sonoma,097,501317,70527,1858,72385,449
2022-01-19,Stanislaus,099,539301,104191,13957,118148,1489
2022-01-19,Sutter,101,95872,18202,1125,19327,203
2022-01-19,Tehama,103,63373,10609,2195,12804,175
2022-01-19,Trinity,105,12862,1035,248,1283,20
2022-01-19,Tulare,107,460477,91121,22075,113196,1351
2022-01-19,Tuolumne,109,53932,10511,295,10806,163
2022-01-19,Ventura,111,848112,155884,8471,164355,1308
2022-01-19,Yolo,113,214977,32004,2248,34252,308
2022-01-19,Yuba,115,75493,13820,776,14596,108
2022-01-18,Alameda,001,1643700,213778,10236,224014,1611
2022-01-18,Alpine,002,1148,117,1,118,0
2022-01-18,Amador,005,37829,7162,290,7452,73
2022-01-18,Butte,007,227075,28491,5626,34117,372
2022-01-18,Calaveras,009,45235,6157,169,6326,97
2022-01-18,Colusa,011,21464,3027,904,3931,21
2022-01-18,Contra Costa,013,1133247,163133,9340,172473,1132
2022-01-18,Del Norte,015,27424,4367,98,4465,42
2022-01-18,El Dorado,017,186661,23623,2635,26258,193
2022-01-18,Fresno,019,978130,194592,18919,213511,2498
2022-01-18,Glenn,021,27897,4350,1374,5724,45
2022-01-18,Humboldt,023,135768,14234,1955,16189,129
2022-01-18,Imperial,025,180216,47605,7596,55201,865
2022-01-18,Inyo,027,18085,3784,188,3972,53
2022-01-18,Kern,029,883053,169421,37177,206598,2117
2022-01-18,Kings,031,150075,42582,2672,45254,399
2022-01-18,Lake,033,64148,8575,560,9135,121
2022-01-18,Lassen,035,31185,7757,654,8411,54
2022-01-18,Los Angeles,037,10098052,2413076,107936,2521012,28490
2022-01-18,Madera,039,155013,31017,3666,34683,347
2022-01-18,Marin,041,260295,20504,1648,22152,208
2022-01-18,Mariposa,043,17540,2026,96,2122,22
2022-01-18,Mendocino,045,87422,11009,1651,12660,109
2022-01-18,Merced,047,269075,55333,5029,60362,739
2022-01-18,Modoc,049,8938,648,216,864,7
2022-01-18,Mono,051,14174,2778,99,2877,5
2022-01-18,Monterey,053,433212,66531,7635,74166,662
2022-01-18,Napa,055,140530,21458,592,22050,112
2022-01-18,Nevada,057,99092,13715,798,14513,115
2022-01-18,Orange,059,3164182,496224,36170,532394,6318
2022-01-18,Placer,061,380077,54581,6209,60790,538
2022-01-18,Plumas,063,18699,2480,183,2663,12
2022-01-18,Riverside,065,2383286,530271,24378,554649,5892
2022-01-18,Sacramento,067,1510023,242331,18229,260560,2647
2022-01-18,San Benito,069,59416,11139,372,11511,88
2022-01-18,San Bernardino,071,2135413,522708,21721,544429,6954
2022-01-18,San Diego,073,3302833,649890,42805,692695,4735
2022-01-18,San Francisco,075,870044,105610,6620,112230,726
2022-01-18,San Joaquin,077,732212,144550,8385,152935,2040
2022-01-18,San Luis Obispo,079,281455,44288,2796,47084,392
2022-01-18,San Mateo,081,765935,103872,4826,108698,624
2022-01-18,Santa Barbara,083,443738,71895,3429,75324,601
2022-01-18,Santa Clara,085,1922200,261024,8534,269558,2057
2022-01-18,Santa Cruz,087,273765,35228,1726,36954,240
2022-01-18,Shasta,089,179085,26583,4771,31354,470
2022-01-18,Sierra,091,2930,257,31,288,3
2022-01-18,Siskiyou,093,43540,3926,1991,5917,65
2022-01-18,Solano,095,438530,68026,4155,72181,409
2022-01-18,Sonoma,097,501317,69137,1803,70940,445
2022-01-18,Stanislaus,099,539301,102971,13583,116554,1486
2022-01-18,Sutter,101,95872,18010,1054,19064,203
2022-01-18,Tehama,103,63373,10513,2143,12656,175
2022-01-18,Trinity,105,12862,1022,247,1269,20
2022-01-18,Tulare,107,460477,89652,21671,111323,1351
2022-01-18,Tuolumne,109,53932,10342,284,10626,163
2022-01-18,Ventura,111,848112,154170,8385,162555,1306
2022-01-18,Yolo,113,214977,31606,2198,33804,307
2022-01-18,Yuba,115,75493,13660,751,14411,107
2022-01-17,Alameda,001,1643700,209118,9600,218718,1604
2022-01-17,Alpine,002,1148,116,0,116,0
2022-01-17,Amador,005,37829,7048,232,7280,73
2022-01-17,Butte,007,227075,28098,5513,33611,370
2022-01-17,Calaveras,009,45235,6026,141,6167,97
2022-01-17,Colusa,011,21464,3003,897,3900,21
2022-01-17,Contra Costa,013,1133247,160200,8840,169040,1127
2022-01-17,Del Norte,015,27424,4316,91,4407,42
2022-01-17,El Dorado,017,186661,23378,2553,25931,193
2022-01-17,Fresno,019,978130,190742,18373,209115,2491
2022-01-17,Glenn,021,27897,4296,1361,5657,45
2022-01-17,Humboldt,023,135768,14028,1789,15817,129
2022-01-17,Imperial,025,180216,46919,7432,54351,864
2022-01-17,Inyo,027,18085,3762,162,3924,52
2022-01-17,Kern,029,883053,166883,36300,203183,2112
2022-01-17,Kings,031,150075,41447,2550,43997,398
2022-01-17,Lake,033,64148,8427,520,8947,121
2022-01-17,Lassen,035,31185,7664,617,8281,54
2022-01-17,Los Angeles,037,10098052,2373832,105976,2479808,28410
2022-01-17,Madera,039,155013,30363,3486,33849,345
2022-01-17,Marin,041,260295,20101,1592,21693,208
2022-01-17,Mariposa,043,17540,2001,89,2090,22
2022-01-17,Mendocino,045,87422,10786,1511,12297,109
2022-01-17,Merced,047,269075,54591,4438,59029,737
2022-01-17,Modoc,049,8938,644,216,860,7
2022-01-17,Mono,051,14174,2755,98,2853,5
2022-01-17,Monterey,053,433212,65410,7217,72627,660
2022-01-17,Napa,055,140530,21111,570,21681,112
2022-01-17,Nevada,057,99092,13529,761,14290,115
2022-01-17,Orange,059,3164182,490251,35687,525938,6299
2022-01-17,Placer,061,380077,53847,6064,59911,538
2022-01-17,Plumas,063,18699,2434,151,2585,12
2022-01-17,Riverside,065,2383286,523455,23925,547380,5869
2022-01-17,Sacramento,067,1510023,238249,16882,255131,2638
2022-01-17,San Benito,069,59416,10972,344,11316,87
2022-01-17,San Bernardino,071,2135413,516238,21180,537418,6933
2022-01-17,San Diego,073,3302833,637681,41616,679297,4717
2022-01-17,San Francisco,075,870044,103983,6430,110413,725
2022-01-17,San Joaquin,077,732212,141694,8195,149889,2036
2022-01-17,San Luis Obispo,079,281455,43460,2695,46155,391
2022-01-17,San Mateo,081,765935,101899,4573,106472,622
2022-01-17,Santa Barbara,083,443738,70573,3229,73802,601
2022-01-17,Santa Clara,085,1922200,256432,8102,264534,2050
2022-01-17,Santa Cruz,087,273765,34454,1689,36143,240
2022-01-17,Shasta,089,179085,26303,4650,30953,469
2022-01-17,Sierra,091,2930,256,31,287,3
2022-01-17,Siskiyou,093,43540,3887,1911,5798,65
2022-01-17,Solano,095,438530,66981,3896,70877,409
2022-01-17,Sonoma,097,501317,67630,1737,69367,444
2022-01-17,Stanislaus,099,539301,101653,13092,114745,1481
2022-01-17,Sutter,101,95872,17800,918,18718,203
2022-01-17,Tehama,103,63373,10389,2086,12475,174
2022-01-17,Trinity,105,12862,1009,243,1252,20
2022-01-17,Tulare,107,460477,87898,21123,109021,1348
2022-01-17,Tuolumne,109,53932,10202,252,10454,162
2022-01-17,Ventura,111,848112,152054,8267,160321,1299
2022-01-17,Yolo,113,214977,31074,2133,33207,307
2022-01-17,Yuba,115,75493,13464,695,14159,107
2022-01-16,Alameda,001,1643700,206077,9350,215427,1599
2022-01-16,Alpine,002,1148,116,0,116,0
2022-01-16,Amador,005,37829,6975,224,7199,73
2022-01-16,Butte,007,227075,27750,5460,33210,367
2022-01-16,Calaveras,009,45235,5925,137,6062,97
2022-01-16,Colusa,011,21464,2986,885,3871,21
2022-01-16,Contra Costa,013,1133247,158184,8625,166809,1125
2022-01-16,Del Norte,015,27424,4274,89,4363,42
2022-01-16,El Dorado,017,186661,23102,2515,25617,193
2022-01-16,Fresno,019,978130,187876,17962,205838,2488
2022-01-16,Glenn,021,27897,4239,1339,5578,44
2022-01-16,Humboldt,023,135768,13879,1770,15649,128
2022-01-16,Imperial,025,180216,46346,7268,53614,861
2022-01-16,Inyo,027,18085,3725,140,3865,52
2022-01-16,Kern,029,883053,165609,35514,201123,2103
2022-01-16,Kings,031,150075,41074,2529,43603,397
2022-01-16,Lake,033,64148,8322,486,8808,120
2022-01-16,Lassen,035,31185,7619,604,8223,54
2022-01-16,Los Angeles,037,10098052,2350613,104474,2455087,28336
2022-01-16,Madera,039,155013,29993,3436,33429,345
2022-01-16,Marin,041,260295,19809,1577,21386,207
2022-01-16,Mariposa,043,17540,1974,84,2058,22
2022-01-16,Mendocino,045,87422,10639,1395,12034,109
2022-01-16,Merced,047,269075,53951,4405,58356,737
2022-01-16,Modoc,049,8938,641,216,857,7
2022-01-16,Mono,051,14174,2751,96,2847,5
2022-01-16,Monterey,053,433212,64645,7074,71719,660
2022-01-16,Napa,055,140530,20842,559,21401,112
2022-01-16,Nevada,057,99092,13315,743,14058,115
2022-01-16,Orange,059,3164182,484840,35137,519977,6284
2022-01-16,Placer,061,380077,53143,5956,59099,537
2022-01-16,Plumas,063,18699,2400,142,2542,12
2022-01-16,Riverside,065,2383286,517944,23705,541649,5848
2022-01-16,Sacramento,067,1510023,235287,16148,251435,2624
2022-01-16,San Benito,069,59416,10812,342,11154,87
2022-01-16,San Bernardino,071,2135413,512209,20925,533134,6908
2022-01-16,San Diego,073,3302833,630098,41181,671279,4704
2022-01-16,San Francisco,075,870044,102465,6291,108756,724
2022-01-16,San Joaquin,077,732212,139893,8052,147945,2035
2022-01-16,San Luis Obispo,079,281455,42803,2656,45459,390
2022-01-16,San Mateo,081,765935,100368,4480,104848,621
2022-01-16,Santa Barbara,083,443738,69543,3189,72732,598
2022-01-16,Santa Clara,085,1922200,252640,7944,260584,2046
2022-01-16,Santa Cruz,087,273765,33825,1667,35492,240
2022-01-16,Shasta,089,179085,26047,4582,30629,468
2022-01-16,Sierra,091,2930,252,31,283,3
2022-01-16,Siskiyou,093,43540,3859,1872,5731,65
2022-01-16,Solano,095,438530,66306,3765,70071,409
2022-01-16,Sonoma,097,501317,66550,1720,68270,444
2022-01-16,Stanislaus,099,539301,100591,12926,113517,1477
2022-01-16,Sutter,101,95872,17600,896,18496,203
2022-01-16,Tehama,103,63373,10303,2065,12368,173
2022-01-16,Trinity,105,12862,1004,241,1245,20
2022-01-16,Tulare,107,460477,86585,20864,107449,1346
2022-01-16,Tuolumne,109,53932,10097,244,10341,162
2022-01-16,Ventura,111,848112,150477,8189,158666,1293
2022-01-16,Yolo,113,214977,30680,2080,32760,307
2022-01-16,Yuba,115,75493,13286,689,13975,106
2022-01-15,Alameda,001,1643700,204736,9294,214030,1590
2022-01-15,Alpine,002,1148,116,0,116,0
2022-01-15,Amador,005,37829,6943,210,7153,73
2022-01-15,Butte,007,227075,27594,5409,33003,366
2022-01-15,Calaveras,009,45235,5893,137,6030,97
2022-01-15,Colusa,011,21464,2972,878,3850,21
2022-01-15,Contra Costa,013,1133247,156917,8577,165494,1123
2022-01-15,Del Norte,015,27424,4259,87,4346,42
2022-01-15,El Dorado,017,186661,22999,2499,25498,193
2022-01-15,Fresno,019,978130,186887,17860,204747,2485
2022-01-15,Glenn,021,27897,4232,1330,5562,44
2022-01-15,Humboldt,023,135768,13776,1754,15530,128
2022-01-15,Imperial,025,180216,46209,7160,53369,857
2022-01-15,Inyo,027,18085,3715,140,3855,52
2022-01-15,Kern,029,883053,164766,35125,199891,2099
2022-01-15,Kings,031,150075,40825,2517,43342,396
2022-01-15,Lake,033,64148,8283,473,8756,120
2022-01-15,Lassen,035,31185,7579,598,8177,54
2022-01-15,Los Angeles,037,10098052,2339062,103530,2442592,28267
2022-01-15,Madera,039,155013,29847,3413,33260,344
2022-01-15,Marin,041,260295,19621,1571,21192,207
2022-01-15,Mariposa,043,17540,1967,84,2051,22
2022-01-15,Mendocino,045,87422,10566,1389,11955,108
2022-01-15,Merced,047,269075,53771,4392,58163,733
2022-01-15,Modoc,049,8938,639,216,855,6
2022-01-15,Mono,051,14174,2746,95,2841,5
2022-01-15,Monterey,053,433212,64132,7010,71142,660
2022-01-15,Napa,055,140530,20721,555,21276,112
2022-01-15,Nevada,057,99092,13255,730,13985,115
2022-01-15,Orange,059,3164182,482224,34848,517072,6268
2022-01-15,Placer,061,380077,52852,5920,58772,535
2022-01-15,Plumas,063,18699,2379,136,2515,12
2022-01-15,Riverside,065,2383286,515260,23570,538830,5838
2022-01-15,Sacramento,067,1510023,234126,16049,250175,2613
2022-01-15,San Benito,069,59416,10712,337,11049,87
2022-01-15,San Bernardino,071,2135413,509850,20777,530627,6880
2022-01-15,San Diego,073,3302833,626314,40928,667242,4683
2022-01-15,San Francisco,075,870044,101473,6156,107629,720
2022-01-15,San Joaquin,077,732212,139320,7955,147275,2032
2022-01-15,San Luis Obispo,079,281455,42614,2643,45257,387
2022-01-15,San Mateo,081,765935,99410,4439,103849,621
2022-01-15,Santa Barbara,083,443738,68947,3178,72125,598
2022-01-15,Santa Clara,085,1922200,250391,7826,258217,2039
2022-01-15,Santa Cruz,087,273765,33473,1659,35132,238
2022-01-15,Shasta,089,179085,25955,4550,30505,467
2022-01-15,Sierra,091,2930,251,30,281,3
2022-01-15,Siskiyou,093,43540,3847,1862,5709,65
2022-01-15,Solano,095,438530,66026,3716,69742,406
2022-01-15,Sonoma,097,501317,65964,1714,67678,442
2022-01-15,Stanislaus,099,539301,100009,12823,112832,1476
2022-01-15,Sutter,101,95872,17511,886,18397,202
2022-01-15,Tehama,103,63373,10255,2046,12301,173
2022-01-15,Trinity,105,12862,1001,241,1242,20
2022-01-15,Tulare,107,460477,86136,20755,106891,1344
2022-01-15,Tuolumne,109,53932,9996,239,10235,161
2022-01-15,Ventura,111,848112,149702,8151,157853,1284
2022-01-15,Yolo,113,214977,30500,2060,32560,306
2022-01-15,Yuba,115,75493,13222,685,13907,106
2022-01-14,Alameda,001,1643700,202706,9243,211949,1587
2022-01-14,Alpine,002,1148,116,0,116,0
2022-01-14,Amador,005,37829,6867,201,7068,73
2022-01-14,Butte,007,227075,27412,5378,32790,366
2022-01-14,Calaveras,009,45235,5856,136,5992,96
2022-01-14,Colusa,011,21464,2963,868,3831,21
2022-01-14,Contra Costa,013,1133247,155389,8471,163860,1119
2022-01-14,Del Norte,015,27424,4234,86,4320,42
2022-01-14,El Dorado,017,186661,22846,2481,25327,192
2022-01-14,Fresno,019,978130,185128,17760,202888,2480
2022-01-14,Glenn,021,27897,4209,1322,5531,44
2022-01-14,Humboldt,023,135768,13670,1722,15392,128
2022-01-14,Imperial,025,180216,46036,7140,53176,855
2022-01-14,Inyo,027,18085,3690,136,3826,52
2022-01-14,Kern,029,883053,163766,34689,198455,2095
2022-01-14,Kings,031,150075,40571,2509,43080,396
2022-01-14,Lake,033,64148,8226,461,8687,120
2022-01-14,Lassen,035,31185,7545,586,8131,54
2022-01-14,Los Angeles,037,10098052,2319730,102495,2422225,28174
2022-01-14,Madera,039,155013,29611,3385,32996,344
2022-01-14,Marin,041,260295,19362,1537,20899,206
2022-01-14,Mariposa,043,17540,1952,84,2036,22
2022-01-14,Mendocino,045,87422,10454,1376,11830,107
2022-01-14,Merced,047,269075,53577,4375,57952,733
2022-01-14,Modoc,049,8938,638,216,854,6
2022-01-14,Mono,051,14174,2725,93,2818,5
2022-01-14,Monterey,053,433212,63433,6917,70350,660
2022-01-14,Napa,055,140530,20550,550,21100,111
2022-01-14,Nevada,057,99092,13132,717,13849,115
2022-01-14,Orange,059,3164182,478486,34507,512993,6251
2022-01-14,Placer,061,380077,52418,5834,58252,530
2022-01-14,Plumas,063,18699,2371,129,2500,12
2022-01-14,Riverside,065,2383286,511740,23426,535166,5828
2022-01-14,Sacramento,067,1510023,232174,15892,248066,2608
2022-01-14,San Benito,069,59416,10660,336,10996,87
2022-01-14,San Bernardino,071,2135413,506642,20590,527232,6864
2022-01-14,San Diego,073,3302833,620686,40620,661306,4669
2022-01-14,San Francisco,075,870044,100302,5982,106284,720
2022-01-14,San Joaquin,077,732212,138465,7875,146340,2030
2022-01-14,San Luis Obispo,079,281455,42447,2622,45069,385
2022-01-14,San Mateo,081,765935,98179,4410,102589,617
2022-01-14,Santa Barbara,083,443738,68427,3168,71595,594
2022-01-14,Santa Clara,085,1922200,247728,7721,255449,2034
2022-01-14,Santa Cruz,087,273765,33095,1650,34745,238
2022-01-14,Shasta,089,179085,25834,4517,30351,466
2022-01-14,Sierra,091,2930,249,28,277,3
2022-01-14,Siskiyou,093,43540,3836,1849,5685,65
2022-01-14,Solano,095,438530,65178,3627,68805,406
2022-01-14,Sonoma,097,501317,65424,1688,67112,442
2022-01-14,Stanislaus,099,539301,99402,12715,112117,1474
2022-01-14,Sutter,101,95872,17384,878,18262,202
2022-01-14,Tehama,103,63373,10202,2034,12236,171
2022-01-14,Trinity,105,12862,996,239,1235,20
2022-01-14,Tulare,107,460477,85608,20594,106202,1339
2022-01-14,Tuolumne,109,53932,9873,235,10108,160
2022-01-14,Ventura,111,848112,148599,8092,156691,1276
2022-01-14,Yolo,113,214977,30259,2032,32291,305
2022-01-14,Yuba,115,75493,13119,680,13799,105
2022-01-13,Alameda,001,1643700,198465,8892,207357,1580
2022-01-13,Alpine,002,1148,115,0,115,0
2022-01-13,Amador,005,37829,6807,180,6987,73
2022-01-13,Butte,007,227075,27105,5265,32370,366
2022-01-13,Calaveras,009,45235,5766,133,5899,95
2022-01-13,Colusa,011,21464,2935,858,3793,21
2022-01-13,Contra Costa,013,1133247,152719,8005,160724,1117
2022-01-13,Del Norte,015,27424,4198,85,4283,42
2022-01-13,El Dorado,017,186661,22599,2435,25034,191
2022-01-13,Fresno,019,978130,182085,17353,199438,2475
2022-01-13,Glenn,021,27897,4162,1296,5458,43
2022-01-13,Humboldt,023,135768,13516,1660,15176,128
2022-01-13,Imperial,025,180216,45494,6929,52423,854
2022-01-13,Inyo,027,18085,3634,119,3753,52
2022-01-13,Kern,029,883053,162181,34097,196278,2094
2022-01-13,Kings,031,150075,40090,2465,42555,396
2022-01-13,Lake,033,64148,8126,440,8566,120
2022-01-13,Lassen,035,31185,7511,570,8081,54
2022-01-13,Los Angeles,037,10098052,2283218,100712,2383930,28108
2022-01-13,Madera,039,155013,29145,3292,32437,342
2022-01-13,Marin,041,260295,19018,1494,20512,205
2022-01-13,Mariposa,043,17540,1929,81,2010,22
2022-01-13,Mendocino,045,87422,10363,1308,11671,107
2022-01-13,Merced,047,269075,52876,4100,56976,731
2022-01-13,Modoc,049,8938,635,216,851,6
2022-01-13,Mono,051,14174,2702,90,2792,5
2022-01-13,Monterey,053,433212,62495,6630,69125,657
2022-01-13,Napa,055,140530,20250,540,20790,110
2022-01-13,Nevada,057,99092,12940,687,13627,115
2022-01-13,Orange,059,3164182,472024,34043,506067,6239
2022-01-13,Placer,061,380077,51789,5718,57507,528
2022-01-13,Plumas,063,18699,2351,119,2470,12
2022-01-13,Riverside,065,2383286,505433,23099,528532,5808
2022-01-13,Sacramento,067,1510023,229074,15091,244165,2598
2022-01-13,San Benito,069,59416,10555,328,10883,87
2022-01-13,San Bernardino,071,2135413,500750,20125,520875,6848
2022-01-13,San Diego,073,3302833,612181,39760,651941,4651
2022-01-13,San Francisco,075,870044,98560,5788,104348,718
2022-01-13,San Joaquin,077,732212,136380,7722,144102,2025
2022-01-13,San Luis Obispo,079,281455,41845,2517,44362,385
2022-01-13,San Mateo,081,765935,96391,4174,100565,616
2022-01-13,Santa Barbara,083,443738,67429,2992,70421,593
2022-01-13,Santa Clara,085,1922200,243308,7395,250703,2031
2022-01-13,Santa Cruz,087,273765,32279,1628,33907,238
2022-01-13,Shasta,089,179085,25624,4445,30069,465
2022-01-13,Sierra,091,2930,248,28,276,3
2022-01-13,Siskiyou,093,43540,3814,1809,5623,65
2022-01-13,Solano,095,438530,64044,3516,67560,406
2022-01-13,Sonoma,097,501317,64357,1632,65989,439
2022-01-13,Stanislaus,099,539301,98280,12422,110702,1473
2022-01-13,Sutter,101,95872,17188,814,18002,202
2022-01-13,Tehama,103,63373,10104,1986,12090,171
2022-01-13,Trinity,105,12862,988,239,1227,20
2022-01-13,Tulare,107,460477,84327,20297,104624,1339
2022-01-13,Tuolumne,109,53932,9731,217,9948,158
2022-01-13,Ventura,111,848112,146816,7998,154814,1274
2022-01-13,Yolo,113,214977,29844,1988,31832,305
2022-01-13,Yuba,115,75493,12984,651,13635,104
2022-01-12,Alameda,001,1643700,193907,8425,202332,1576
2022-01-12,Alpine,002,1148,115,0,115,0
2022-01-12,Amador,005,37829,6759,166,6925,72
2022-01-12,Butte,007,227075,26773,5173,31946,365
2022-01-12,Calaveras,009,45235,5689,127,5816,95
2022-01-12,Colusa,011,21464,2897,845,3742,21
2022-01-12,Contra Costa,013,1133247,150023,7627,157650,1110
2022-01-12,Del Norte,015,27424,4172,83,4255,42
2022-01-12,El Dorado,017,186661,22282,2396,24678,190
2022-01-12,Fresno,019,978130,179102,16919,196021,2471
2022-01-12,Glenn,021,27897,4111,1274,5385,43
2022-01-12,Humboldt,023,135768,13344,1578,14922,128
2022-01-12,Imperial,025,180216,44836,6631,51467,854
2022-01-12,Inyo,027,18085,3588,103,3691,52
2022-01-12,Kern,029,883053,160043,33375,193418,2090
2022-01-12,Kings,031,150075,39459,2423,41882,395
2022-01-12,Lake,033,64148,8010,396,8406,120
2022-01-12,Lassen,035,31185,7468,543,8011,54
2022-01-12,Los Angeles,037,10098052,2243445,98484,2341929,28039
2022-01-12,Madera,039,155013,28827,3195,32022,342
2022-01-12,Marin,041,260295,18528,1443,19971,204
2022-01-12,Mariposa,043,17540,1900,79,1979,22
2022-01-12,Mendocino,045,87422,10198,1210,11408,106
2022-01-12,Merced,047,269075,52111,3817,55928,724
2022-01-12,Modoc,049,8938,633,216,849,6
2022-01-12,Mono,051,14174,2666,86,2752,5
2022-01-12,Monterey,053,433212,61508,6270,67778,654
2022-01-12,Napa,055,140530,19992,517,20509,110
2022-01-12,Nevada,057,99092,12728,641,13369,115
2022-01-12,Orange,059,3164182,465248,33447,498695,6224
2022-01-12,Placer,061,380077,51131,5601,56732,528
2022-01-12,Plumas,063,18699,2311,108,2419,12
2022-01-12,Riverside,065,2383286,498199,22761,520960,5798
2022-01-12,Sacramento,067,1510023,225488,14208,239696,2594
2022-01-12,San Benito,069,59416,10419,316,10735,86
2022-01-12,San Bernardino,071,2135413,494238,19501,513739,6828
2022-01-12,San Diego,073,3302833,601696,38905,640601,4640
2022-01-12,San Francisco,075,870044,96721,5674,102395,715
2022-01-12,San Joaquin,077,732212,134069,7594,141663,2021
2022-01-12,San Luis Obispo,079,281455,41119,2434,43553,382
2022-01-12,San Mateo,081,765935,94358,3801,98159,616
2022-01-12,Santa Barbara,083,443738,66285,2890,69175,592
2022-01-12,Santa Clara,085,1922200,238553,7017,245570,2029
2022-01-12,Santa Cruz,087,273765,31624,1580,33204,237
2022-01-12,Shasta,089,179085,25411,4380,29791,464
2022-01-12,Sierra,091,2930,247,28,275,3
2022-01-12,Siskiyou,093,43540,3786,1762,5548,65
2022-01-12,Solano,095,438530,62993,3396,66389,405
2022-01-12,Sonoma,097,501317,63071,1549,64620,438
2022-01-12,Stanislaus,099,539301,97040,12080,109120,1473
2022-01-12,Sutter,101,95872,16994,781,17775,202
2022-01-12,Tehama,103,63373,10015,1925,11940,170
2022-01-12,Trinity,105,12862,984,238,1222,19
2022-01-12,Tulare,107,460477,83212,19918,103130,1338
2022-01-12,Tuolumne,109,53932,9601,200,9801,157
2022-01-12,Ventura,111,848112,144908,7912,152820,1265
2022-01-12,Yolo,113,214977,29432,1917,31349,305
2022-01-12,Yuba,115,75493,12823,624,13447,104
2022-01-11,Alameda,001,1643700,189472,8031,197503,1574
2022-01-11,Alpine,002,1148,115,0,115,0
2022-01-11,Amador,005,37829,6675,151,6826,72
2022-01-11,Butte,007,227075,26377,5079,31456,364
2022-01-11,Calaveras,009,45235,5560,113,5673,95
2022-01-11,Colusa,011,21464,2872,832,3704,21
2022-01-11,Contra Costa,013,1133247,146873,7133,154006,1108
2022-01-11,Del Norte,015,27424,4139,81,4220,42
2022-01-11,El Dorado,017,186661,21952,2326,24278,189
2022-01-11,Fresno,019,978130,175770,16522,192292,2468
2022-01-11,Glenn,021,27897,4049,1232,5281,43
2022-01-11,Humboldt,023,135768,13125,1485,14610,128
2022-01-11,Imperial,025,180216,44231,6432,50663,852
2022-01-11,Inyo,027,18085,3490,96,3586,52
2022-01-11,Kern,029,883053,157758,32553,190311,2088
2022-01-11,Kings,031,150075,38869,2392,41261,394
2022-01-11,Lake,033,64148,7932,380,8312,120
2022-01-11,Lassen,035,31185,7418,529,7947,54
2022-01-11,Los Angeles,037,10098052,2200926,96243,2297169,27969
2022-01-11,Madera,039,155013,28411,3116,31527,340
2022-01-11,Marin,041,260295,18172,1398,19570,204
2022-01-11,Mariposa,043,17540,1878,75,1953,22
2022-01-11,Mendocino,045,87422,10037,1112,11149,106
2022-01-11,Merced,047,269075,51285,3624,54909,722
2022-01-11,Modoc,049,8938,632,215,847,6
2022-01-11,Mono,051,14174,2623,85,2708,5
2022-01-11,Monterey,053,433212,60463,5922,66385,654
2022-01-11,Napa,055,140530,19549,470,20019,110
2022-01-11,Nevada,057,99092,12505,606,13111,115
2022-01-11,Orange,059,3164182,457556,32802,490358,6206
2022-01-11,Placer,061,380077,50378,5460,55838,526
2022-01-11,Plumas,063,18699,2276,100,2376,12
2022-01-11,Riverside,065,2383286,490462,22444,512906,5782
2022-01-11,Sacramento,067,1510023,221300,13169,234469,2587
2022-01-11,San Benito,069,59416,10240,300,10540,86
2022-01-11,San Bernardino,071,2135413,486298,18893,505191,6801
2022-01-11,San Diego,073,3302833,589708,37798,627506,4626
2022-01-11,San Francisco,075,870044,94521,5520,100041,714
2022-01-11,San Joaquin,077,732212,131670,7423,139093,2017
2022-01-11,San Luis Obispo,079,281455,40344,2315,42659,381
2022-01-11,San Mateo,081,765935,92061,3579,95640,613
2022-01-11,Santa Barbara,083,443738,64980,2753,67733,591
2022-01-11,Santa Clara,085,1922200,232930,6565,239495,2027
2022-01-11,Santa Cruz,087,273765,31114,1530,32644,237
2022-01-11,Shasta,089,179085,25153,4287,29440,462
2022-01-11,Sierra,091,2930,245,28,273,3
2022-01-11,Siskiyou,093,43540,3762,1712,5474,64
2022-01-11,Solano,095,438530,61589,3242,64831,405
2022-01-11,Sonoma,097,501317,61551,1469,63020,438
2022-01-11,Stanislaus,099,539301,95668,11713,107381,1471
2022-01-11,Sutter,101,95872,16796,727,17523,200
2022-01-11,Tehama,103,63373,9888,1878,11766,170
2022-01-11,Trinity,105,12862,972,236,1208,19
2022-01-11,Tulare,107,460477,81914,19516,101430,1334
2022-01-11,Tuolumne,109,53932,9441,193,9634,155
2022-01-11,Ventura,111,848112,142677,7766,150443,1262
2022-01-11,Yolo,113,214977,28861,1856,30717,305
2022-01-11,Yuba,115,75493,12648,603,13251,104
2022-01-10,Alameda,001,1643700,184409,7512,191921,1571
2022-01-10,Alpine,002,1148,115,0,115,0
2022-01-10,Amador,005,37829,6572,136,6708,71
2022-01-10,Butte,007,227075,26035,4982,31017,364
2022-01-10,Calaveras,009,45235,5462,107,5569,95
2022-01-10,Colusa,011,21464,2842,823,3665,21
2022-01-10,Contra Costa,013,1133247,143976,6611,150587,1105
2022-01-10,Del Norte,015,27424,4116,81,4197,42
2022-01-10,El Dorado,017,186661,21414,2271,23685,189
2022-01-10,Fresno,019,978130,172468,16078,188546,2464
2022-01-10,Glenn,021,27897,3990,1218,5208,43
2022-01-10,Humboldt,023,135768,12884,1352,14236,128
2022-01-10,Imperial,025,180216,43503,6214,49717,852
2022-01-10,Inyo,027,18085,3435,84,3519,52
2022-01-10,Kern,029,883053,155189,31810,186999,2083
2022-01-10,Kings,031,150075,38247,2366,40613,394
2022-01-10,Lake,033,64148,7843,357,8200,120
2022-01-10,Lassen,035,31185,7380,507,7887,54
2022-01-10,Los Angeles,037,10098052,2155338,93759,2249097,27906
2022-01-10,Madera,039,155013,27961,3014,30975,340
2022-01-10,Marin,041,260295,17681,1325,19006,204
2022-01-10,Mariposa,043,17540,1838,70,1908,22
2022-01-10,Mendocino,045,87422,9864,1025,10889,106
2022-01-10,Merced,047,269075,50404,3321,53725,719
2022-01-10,Modoc,049,8938,631,213,844,6
2022-01-10,Mono,051,14174,2557,80,2637,5
2022-01-10,Monterey,053,433212,59507,5606,65113,654
2022-01-10,Napa,055,140530,19171,457,19628,110
2022-01-10,Nevada,057,99092,12281,568,12849,114
2022-01-10,Orange,059,3164182,448835,31931,480766,6188
2022-01-10,Placer,061,380077,49535,5296,54831,524
2022-01-10,Plumas,063,18699,2241,98,2339,12
2022-01-10,Riverside,065,2383286,482195,21996,504191,5772
2022-01-10,Sacramento,067,1510023,216779,12116,228895,2574
2022-01-10,San Benito,069,59416,10068,290,10358,86
2022-01-10,San Bernardino,071,2135413,477839,18166,496005,6787
2022-01-10,San Diego,073,3302833,577016,36680,613696,4614
2022-01-10,San Francisco,075,870044,92724,5260,97984,711
2022-01-10,San Joaquin,077,732212,128974,7139,136113,2016
2022-01-10,San Luis Obispo,079,281455,39526,2220,41746,379
2022-01-10,San Mateo,081,765935,89413,3326,92739,612
2022-01-10,Santa Barbara,083,443738,63719,2564,66283,589
2022-01-10,Santa Clara,085,1922200,226867,6089,232956,2026
2022-01-10,Santa Cruz,087,273765,30272,1492,31764,237
2022-01-10,Shasta,089,179085,24956,4210,29166,462
2022-01-10,Sierra,091,2930,242,28,270,3
2022-01-10,Siskiyou,093,43540,3729,1668,5397,64
2022-01-10,Solano,095,438530,60548,3046,63594,403
2022-01-10,Sonoma,097,501317,60004,1423,61427,437
2022-01-10,Stanislaus,099,539301,94329,11362,105691,1471
2022-01-10,Sutter,101,95872,16552,681,17233,199
2022-01-10,Tehama,103,63373,9773,1823,11596,169
2022-01-10,Trinity,105,12862,968,234,1202,19
2022-01-10,Tulare,107,460477,80419,19134,99553,1332
2022-01-10,Tuolumne,109,53932,9315,181,9496,154
2022-01-10,Ventura,111,848112,140076,7617,147693,1258
2022-01-10,Yolo,113,214977,28269,1803,30072,303
2022-01-10,Yuba,115,75493,12400,569,12969,104
2022-01-09,Alameda,001,1643700,179910,6846,186756,1570
2022-01-09,Alpine,002,1148,115,0,115,0
2022-01-09,Amador,005,37829,6483,124,6607,71
2022-01-09,Butte,007,227075,25641,4862,30503,364
2022-01-09,Calaveras,009,45235,5331,98,5429,95
2022-01-09,Colusa,011,21464,2814,800,3614,21
2022-01-09,Contra Costa,013,1133247,140972,5943,146915,1103
2022-01-09,Del Norte,015,27424,4078,77,4155,42
2022-01-09,El Dorado,017,186661,21047,2206,23253,189
2022-01-09,Fresno,019,978130,169629,15660,185289,2462
2022-01-09,Glenn,021,27897,3933,1196,5129,43
2022-01-09,Humboldt,023,135768,12640,1230,13870,128
2022-01-09,Imperial,025,180216,42666,5953,48619,851
2022-01-09,Inyo,027,18085,3332,76,3408,51
2022-01-09,Kern,029,883053,152738,31071,183809,2076
2022-01-09,Kings,031,150075,37575,2332,39907,394
2022-01-09,Lake,033,64148,7732,312,8044,120
2022-01-09,Lassen,035,31185,7315,478,7793,54
2022-01-09,Los Angeles,037,10098052,2107242,90710,2197952,27867
2022-01-09,Madera,039,155013,27580,2915,30495,340
2022-01-09,Marin,041,260295,17231,1235,18466,203
2022-01-09,Mariposa,043,17540,1788,69,1857,22
2022-01-09,Mendocino,045,87422,9656,914,10570,106
2022-01-09,Merced,047,269075,49464,3033,52497,718
2022-01-09,Modoc,049,8938,629,213,842,6
2022-01-09,Mono,051,14174,2522,73,2595,5
2022-01-09,Monterey,053,433212,58444,5343,63787,653
2022-01-09,Napa,055,140530,18676,441,19117,110
2022-01-09,Nevada,057,99092,12025,507,12532,114
2022-01-09,Orange,059,3164182,438786,30967,469753,6171
2022-01-09,Placer,061,380077,48536,5146,53682,524
2022-01-09,Plumas,063,18699,2202,78,2280,12
2022-01-09,Riverside,065,2383286,473198,21454,494652,5758
2022-01-09,Sacramento,067,1510023,211979,10982,222961,2566
2022-01-09,San Benito,069,59416,9882,262,10144,85
2022-01-09,San Bernardino,071,2135413,469348,17349,486697,6770
2022-01-09,San Diego,073,3302833,563900,34843,598743,4593
2022-01-09,San Francisco,075,870044,90840,5014,95854,710
2022-01-09,San Joaquin,077,732212,125874,6972,132846,2015
2022-01-09,San Luis Obispo,079,281455,38721,2114,40835,379
2022-01-09,San Mateo,081,765935,86896,3001,89897,611
2022-01-09,Santa Barbara,083,443738,62034,2303,64337,587
2022-01-09,Santa Clara,085,1922200,220490,5552,226042,2021
2022-01-09,Santa Cruz,087,273765,29523,1460,30983,237
2022-01-09,Shasta,089,179085,24716,4123,28839,462
2022-01-09,Sierra,091,2930,239,26,265,3
2022-01-09,Siskiyou,093,43540,3700,1609,5309,64
2022-01-09,Solano,095,438530,59390,2766,62156,401
2022-01-09,Sonoma,097,501317,58328,1386,59714,436
2022-01-09,Stanislaus,099,539301,92952,11065,104017,1468
2022-01-09,Sutter,101,95872,16264,601,16865,198
2022-01-09,Tehama,103,63373,9655,1772,11427,169
2022-01-09,Trinity,105,12862,964,232,1196,19
2022-01-09,Tulare,107,460477,79009,18758,97767,1331
2022-01-09,Tuolumne,109,53932,9157,162,9319,154
2022-01-09,Ventura,111,848112,137021,7374,144395,1254
2022-01-09,Yolo,113,214977,27661,1758,29419,302
2022-01-09,Yuba,115,75493,12202,538,12740,104
2022-01-08,Alameda,001,1643700,178009,6703,184712,1568
2022-01-08,Alpine,002,1148,115,0,115,0
2022-01-08,Amador,005,37829,6452,119,6571,71
2022-01-08,Butte,007,227075,25450,4821,30271,363
2022-01-08,Calaveras,009,45235,5285,94,5379,95
2022-01-08,Colusa,011,21464,2806,797,3603,21
2022-01-08,Contra Costa,013,1133247,139403,5860,145263,1101
2022-01-08,Del Norte,015,27424,4061,77,4138,42
2022-01-08,El Dorado,017,186661,20860,2172,23032,189
2022-01-08,Fresno,019,978130,168678,15515,184193,2462
2022-01-08,Glenn,021,27897,3925,1191,5116,43
2022-01-08,Humboldt,023,135768,12516,1204,13720,126
2022-01-08,Imperial,025,180216,42478,5811,48289,851
2022-01-08,Inyo,027,18085,3318,73,3391,51
2022-01-08,Kern,029,883053,151600,30640,182240,2074
2022-01-08,Kings,031,150075,37334,2314,39648,393
2022-01-08,Lake,033,64148,7692,304,7996,119
2022-01-08,Lassen,035,31185,7285,462,7747,54
2022-01-08,Los Angeles,037,10098052,2088837,88980,2177817,27828
2022-01-08,Madera,039,155013,27413,2877,30290,340
2022-01-08,Marin,041,260295,16950,1224,18174,203
2022-01-08,Mariposa,043,17540,1778,69,1847,22
2022-01-08,Mendocino,045,87422,9582,912,10494,106
2022-01-08,Merced,047,269075,49280,3009,52289,718
2022-01-08,Modoc,049,8938,629,213,842,6
2022-01-08,Mono,051,14174,2511,68,2579,5
2022-01-08,Monterey,053,433212,58057,5251,63308,653
2022-01-08,Napa,055,140530,18521,415,18936,110
2022-01-08,Nevada,057,99092,11940,494,12434,114
2022-01-08,Orange,059,3164182,434969,30108,465077,6154
2022-01-08,Placer,061,380077,48096,5104,53200,524
2022-01-08,Plumas,063,18699,2192,73,2265,12
2022-01-08,Riverside,065,2383286,469679,21186,490865,5743
2022-01-08,Sacramento,067,1510023,210536,10824,221360,2564
2022-01-08,San Benito,069,59416,9720,259,9979,85
2022-01-08,San Bernardino,071,2135413,465855,16949,482804,6754
2022-01-08,San Diego,073,3302833,558999,34306,593305,4587
2022-01-08,San Francisco,075,870044,89641,4735,94376,707
2022-01-08,San Joaquin,077,732212,124891,6873,131764,2014
2022-01-08,San Luis Obispo,079,281455,38518,2071,40589,379
2022-01-08,San Mateo,081,765935,85510,2914,88424,610
2022-01-08,Santa Barbara,083,443738,61339,2269,63608,586
2022-01-08,Santa Clara,085,1922200,217225,5317,222542,2018
2022-01-08,Santa Cruz,087,273765,29095,1440,30535,237
2022-01-08,Shasta,089,179085,24624,4092,28716,461
2022-01-08,Sierra,091,2930,235,25,260,3
2022-01-08,Siskiyou,093,43540,3688,1595,5283,64
2022-01-08,Solano,095,438530,58981,2694,61675,401
2022-01-08,Sonoma,097,501317,57805,1352,59157,433
2022-01-08,Stanislaus,099,539301,92311,10942,103253,1467
2022-01-08,Sutter,101,95872,16145,588,16733,198
2022-01-08,Tehama,103,63373,9624,1764,11388,169
2022-01-08,Trinity,105,12862,958,232,1190,19
2022-01-08,Tulare,107,460477,78606,18624,97230,1330
2022-01-08,Tuolumne,109,53932,9051,159,9210,153
2022-01-08,Ventura,111,848112,135851,7240,143091,1249
2022-01-08,Yolo,113,214977,27369,1730,29099,302
2022-01-08,Yuba,115,75493,12113,535,12648,104
2022-01-07,Alameda,001,1643700,175319,6587,181906,1567
2022-01-07,Alpine,002,1148,115,0,115,0
2022-01-07,Amador,005,37829,6403,116,6519,71
2022-01-07,Butte,007,227075,25242,4788,30030,362
2022-01-07,Calaveras,009,45235,5246,94,5340,95
2022-01-07,Colusa,011,21464,2797,786,3583,21
2022-01-07,Contra Costa,013,1133247,137450,5736,143186,1099
2022-01-07,Del Norte,015,27424,4045,76,4121,42
2022-01-07,El Dorado,017,186661,20675,2159,22834,189
2022-01-07,Fresno,019,978130,167188,15408,182596,2461
2022-01-07,Glenn,021,27897,3905,1188,5093,43
2022-01-07,Humboldt,023,135768,12371,1177,13548,125
2022-01-07,Imperial,025,180216,42320,5728,48048,850
2022-01-07,Inyo,027,18085,3299,71,3370,51
2022-01-07,Kern,029,883053,150627,30196,180823,2069
2022-01-07,Kings,031,150075,37155,2299,39454,393
2022-01-07,Lake,033,64148,7644,280,7924,118
2022-01-07,Lassen,035,31185,7268,459,7727,54
2022-01-07,Los Angeles,037,10098052,2057639,87528,2145167,27780
2022-01-07,Madera,039,155013,27230,2840,30070,340
2022-01-07,Marin,041,260295,16570,1208,17778,203
2022-01-07,Mariposa,043,17540,1762,69,1831,22
2022-01-07,Mendocino,045,87422,9489,911,10400,105
2022-01-07,Merced,047,269075,49100,2985,52085,718
2022-01-07,Modoc,049,8938,628,213,841,6
2022-01-07,Mono,051,14174,2473,62,2535,5
2022-01-07,Monterey,053,433212,57636,5154,62790,651
2022-01-07,Napa,055,140530,18294,396,18690,110
2022-01-07,Nevada,057,99092,11809,473,12282,113
2022-01-07,Orange,059,3164182,430150,29488,459638,6142
2022-01-07,Placer,061,380077,47595,5055,52650,521
2022-01-07,Plumas,063,18699,2183,72,2255,12
2022-01-07,Riverside,065,2383286,465852,20957,486809,5735
2022-01-07,Sacramento,067,1510023,208262,10669,218931,2561
2022-01-07,San Benito,069,59416,9674,258,9932,85
2022-01-07,San Bernardino,071,2135413,461734,16721,478455,6731
2022-01-07,San Diego,073,3302833,551893,33765,585658,4578
2022-01-07,San Francisco,075,870044,88195,4482,92677,705
2022-01-07,San Joaquin,077,732212,123932,6812,130744,2007
2022-01-07,San Luis Obispo,079,281455,38302,2016,40318,379
2022-01-07,San Mateo,081,765935,84043,2855,86898,610
2022-01-07,Santa Barbara,083,443738,60644,2248,62892,585
2022-01-07,Santa Clara,085,1922200,213751,5202,218953,2011
2022-01-07,Santa Cruz,087,273765,28616,1424,30040,236
2022-01-07,Shasta,089,179085,24525,4058,28583,460
2022-01-07,Sierra,091,2930,232,25,257,3
2022-01-07,Siskiyou,093,43540,3677,1583,5260,64
2022-01-07,Solano,095,438530,58296,2649,60945,401
2022-01-07,Sonoma,097,501317,57203,1267,58470,432
2022-01-07,Stanislaus,099,539301,91783,10841,102624,1466
2022-01-07,Sutter,101,95872,15995,575,16570,198
2022-01-07,Tehama,103,63373,9588,1750,11338,169
2022-01-07,Trinity,105,12862,951,231,1182,19
2022-01-07,Tulare,107,460477,78178,18482,96660,1329
2022-01-07,Tuolumne,109,53932,8963,155,9118,153
2022-01-07,Ventura,111,848112,134225,7104,141329,1245
2022-01-07,Yolo,113,214977,26997,1711,28708,301
2022-01-07,Yuba,115,75493,12007,530,12537,104
2022-01-06,Alameda,001,1643700,170070,6173,176243,1563
2022-01-06,Alpine,002,1148,114,0,114,0
2022-01-06,Amador,005,37829,6353,111,6464,71
2022-01-06,Butte,007,227075,24949,4705,29654,362
2022-01-06,Calaveras,009,45235,5129,92,5221,95
2022-01-06,Colusa,011,21464,2778,778,3556,21
2022-01-06,Contra Costa,013,1133247,134321,5316,139637,1097
2022-01-06,Del Norte,015,27424,4011,74,4085,42
2022-01-06,El Dorado,017,186661,20335,2124,22459,188
2022-01-06,Fresno,019,978130,164846,15133,179979,2460
2022-01-06,Glenn,021,27897,3878,1162,5040,43
2022-01-06,Humboldt,023,135768,12143,1136,13279,124
2022-01-06,Imperial,025,180216,41736,5527,47263,847
2022-01-06,Inyo,027,18085,3261,71,3332,51
2022-01-06,Kern,029,883053,148958,29532,178490,2064
2022-01-06,Kings,031,150075,36829,2273,39102,393
2022-01-06,Lake,033,64148,7571,269,7840,118
2022-01-06,Lassen,035,31185,7245,453,7698,54
2022-01-06,Los Angeles,037,10098052,2003447,85182,2088629,27744
2022-01-06,Madera,039,155013,26925,2782,29707,340
2022-01-06,Marin,041,260295,16168,1175,17343,202
2022-01-06,Mariposa,043,17540,1743,69,1812,22
2022-01-06,Mendocino,045,87422,9393,872,10265,104
2022-01-06,Merced,047,269075,48499,2831,51330,716
2022-01-06,Modoc,049,8938,627,213,840,6
2022-01-06,Mono,051,14174,2450,59,2509,5
2022-01-06,Monterey,053,433212,56910,4907,61817,651
2022-01-06,Napa,055,140530,17898,387,18285,110
2022-01-06,Nevada,057,99092,11610,461,12071,113
2022-01-06,Orange,059,3164182,420669,28733,449402,6133
2022-01-06,Placer,061,380077,46852,4970,51822,521
2022-01-06,Plumas,063,18699,2165,64,2229,12
2022-01-06,Riverside,065,2383286,458376,20669,479045,5722
2022-01-06,Sacramento,067,1510023,204205,9903,214108,2554
2022-01-06,San Benito,069,59416,9572,251,9823,85
2022-01-06,San Bernardino,071,2135413,454059,16233,470292,6714
2022-01-06,San Diego,073,3302833,540270,32781,573051,4569
2022-01-06,San Francisco,075,870044,85862,4226,90088,704
2022-01-06,San Joaquin,077,732212,121743,6729,128472,2007
2022-01-06,San Luis Obispo,079,281455,37603,1946,39549,378
2022-01-06,San Mateo,081,765935,81617,2674,84291,610
2022-01-06,Santa Barbara,083,443738,59478,2189,61667,585
2022-01-06,Santa Clara,085,1922200,208681,4810,213491,2007
2022-01-06,Santa Cruz,087,273765,28055,1400,29455,235
2022-01-06,Shasta,089,179085,24377,4008,28385,460
2022-01-06,Sierra,091,2930,229,25,254,3
2022-01-06,Siskiyou,093,43540,3661,1537,5198,64
2022-01-06,Solano,095,438530,57281,2464,59745,401
2022-01-06,Sonoma,097,501317,55810,1234,57044,431
2022-01-06,Stanislaus,099,539301,90633,10671,101304,1465
2022-01-06,Sutter,101,95872,15818,547,16365,198
2022-01-06,Tehama,103,63373,9509,1723,11232,169
2022-01-06,Trinity,105,12862,944,230,1174,19
2022-01-06,Tulare,107,460477,77469,18314,95783,1328
2022-01-06,Tuolumne,109,53932,8851,149,9000,153
2022-01-06,Ventura,111,848112,131541,6944,138485,1239
2022-01-06,Yolo,113,214977,26446,1666,28112,299
2022-01-06,Yuba,115,75493,11872,513,12385,104
2022-01-05,Alameda,001,1643700,164962,5749,170711,1559
2022-01-05,Alpine,002,1148,114,0,114,0
2022-01-05,Amador,005,37829,6310,108,6418,71
2022-01-05,Butte,007,227075,24634,4645,29279,362
2022-01-05,Calaveras,009,45235,5074,90,5164,95
2022-01-05,Colusa,011,21464,2764,767,3531,21
2022-01-05,Contra Costa,013,1133247,131044,4862,135906,1094
2022-01-05,Del Norte,015,27424,3991,72,4063,42
2022-01-05,El Dorado,017,186661,19940,2094,22034,187
2022-01-05,Fresno,019,978130,162621,14831,177452,2458
2022-01-05,Glenn,021,27897,3829,1152,4981,43
2022-01-05,Humboldt,023,135768,11940,1088,13028,124
2022-01-05,Imperial,025,180216,41111,5375,46486,847
2022-01-05,Inyo,027,18085,3180,67,3247,51
2022-01-05,Kern,029,883053,147173,28962,176135,2061
2022-01-05,Kings,031,150075,36489,2254,38743,393
2022-01-05,Lake,033,64148,7488,252,7740,117
2022-01-05,Lassen,035,31185,7225,445,7670,54
2022-01-05,Los Angeles,037,10098052,1947096,82806,2029902,27706
2022-01-05,Madera,039,155013,26688,2692,29380,340
2022-01-05,Marin,041,260295,15816,1127,16943,201
2022-01-05,Mariposa,043,17540,1717,68,1785,22
2022-01-05,Mendocino,045,87422,9262,837,10099,104
2022-01-05,Merced,047,269075,47795,2691,50486,714
2022-01-05,Modoc,049,8938,624,213,837,6
2022-01-05,Mono,051,14174,2431,55,2486,5
2022-01-05,Monterey,053,433212,56086,4709,60795,651
2022-01-05,Napa,055,140530,17533,357,17890,110
2022-01-05,Nevada,057,99092,11413,444,11857,113
2022-01-05,Orange,059,3164182,410583,27653,438236,6119
2022-01-05,Placer,061,380077,45963,4877,50840,520
2022-01-05,Plumas,063,18699,2145,62,2207,12
2022-01-05,Riverside,065,2383286,450938,20318,471256,5711
2022-01-05,Sacramento,067,1510023,199420,8939,208359,2547
2022-01-05,San Benito,069,59416,9377,238,9615,85
2022-01-05,San Bernardino,071,2135413,445301,15674,460975,6703
2022-01-05,San Diego,073,3302833,526698,31816,558514,4561
2022-01-05,San Francisco,075,870044,83284,4089,87373,702
2022-01-05,San Joaquin,077,732212,119201,6650,125851,2005
2022-01-05,San Luis Obispo,079,281455,36806,1869,38675,378
2022-01-05,San Mateo,081,765935,79425,2475,81900,609
2022-01-05,Santa Barbara,083,443738,58171,2110,60281,581
2022-01-05,Santa Clara,085,1922200,202710,4396,207106,2004
2022-01-05,Santa Cruz,087,273765,27300,1379,28679,235
2022-01-05,Shasta,089,179085,24221,3979,28200,457
2022-01-05,Sierra,091,2930,226,23,249,3
2022-01-05,Siskiyou,093,43540,3651,1508,5159,64
2022-01-05,Solano,095,438530,56235,2329,58564,399
2022-01-05,Sonoma,097,501317,54540,1077,55617,431
2022-01-05,Stanislaus,099,539301,89636,10499,100135,1461
2022-01-05,Sutter,101,95872,15617,508,16125,198
2022-01-05,Tehama,103,63373,9412,1692,11104,168
2022-01-05,Trinity,105,12862,940,228,1168,19
2022-01-05,Tulare,107,460477,76686,18141,94827,1325
2022-01-05,Tuolumne,109,53932,8758,142,8900,153
2022-01-05,Ventura,111,848112,128791,6736,135527,1237
2022-01-05,Yolo,113,214977,25841,1627,27468,299
2022-01-05,Yuba,115,75493,11690,487,12177,104
2022-01-04,Alameda,001,1643700,159338,5343,164681,1558
2022-01-04,Alpine,002,1148,114,0,114,0
2022-01-04,Amador,005,37829,6246,102,6348,71
2022-01-04,Butte,007,227075,24337,4573,28910,362
2022-01-04,Calaveras,009,45235,5000,87,5087,95
2022-01-04,Colusa,011,21464,2747,761,3508,21
2022-01-04,Contra Costa,013,1133247,127690,4493,132183,1093
2022-01-04,Del Norte,015,27424,3959,69,4028,42
2022-01-04,El Dorado,017,186661,19587,2073,21660,185
2022-01-04,Fresno,019,978130,160246,14564,174810,2456
2022-01-04,Glenn,021,27897,3800,1137,4937,43
2022-01-04,Humboldt,023,135768,11693,1038,12731,124
2022-01-04,Imperial,025,180216,40511,5114,45625,845
2022-01-04,Inyo,027,18085,3097,66,3163,51
2022-01-04,Kern,029,883053,145241,28380,173621,2058
2022-01-04,Kings,031,150075,36168,2237,38405,393
2022-01-04,Lake,033,64148,7447,243,7690,117
2022-01-04,Lassen,035,31185,7202,441,7643,54
2022-01-04,Los Angeles,037,10098052,1887104,80449,1967553,27664
2022-01-04,Madera,039,155013,26342,2620,28962,339
2022-01-04,Marin,041,260295,15334,1068,16402,201
2022-01-04,Mariposa,043,17540,1681,67,1748,22
2022-01-04,Mendocino,045,87422,9139,813,9952,104
2022-01-04,Merced,047,269075,47132,2558,49690,711
2022-01-04,Modoc,049,8938,621,213,834,6
2022-01-04,Mono,051,14174,2382,45,2427,4
2022-01-04,Monterey,053,433212,55355,4484,59839,651
2022-01-04,Napa,055,140530,17027,327,17354,109
2022-01-04,Nevada,057,99092,11253,431,11684,113
2022-01-04,Orange,059,3164182,399785,26484,426269,6103
2022-01-04,Placer,061,380077,45143,4764,49907,518
2022-01-04,Plumas,063,18699,2119,60,2179,12
2022-01-04,Riverside,065,2383286,442417,19970,462387,5699
2022-01-04,Sacramento,067,1510023,194424,8183,202607,2542
2022-01-04,San Benito,069,59416,9191,230,9421,85
2022-01-04,San Bernardino,071,2135413,436139,15135,451274,6684
2022-01-04,San Diego,073,3302833,510369,30866,541235,4553
2022-01-04,San Francisco,075,870044,80431,3946,84377,700
2022-01-04,San Joaquin,077,732212,116780,6497,123277,2002
2022-01-04,San Luis Obispo,079,281455,35999,1782,37781,377
2022-01-04,San Mateo,081,765935,77106,2287,79393,607
2022-01-04,Santa Barbara,083,443738,56646,2033,58679,581
2022-01-04,Santa Clara,085,1922200,196468,3932,200400,2001
2022-01-04,Santa Cruz,087,273765,26539,1344,27883,235
2022-01-04,Shasta,089,179085,24075,3925,28000,455
2022-01-04,Sierra,091,2930,225,22,247,3
2022-01-04,Siskiyou,093,43540,3636,1489,5125,64
2022-01-04,Solano,095,438530,54925,2133,57058,397
2022-01-04,Sonoma,097,501317,52830,957,53787,431
2022-01-04,Stanislaus,099,539301,88573,10329,98902,1460
2022-01-04,Sutter,101,95872,15464,484,15948,197
2022-01-04,Tehama,103,63373,9334,1670,11004,168
2022-01-04,Trinity,105,12862,935,224,1159,19
2022-01-04,Tulare,107,460477,75899,17940,93839,1323
2022-01-04,Tuolumne,109,53932,8646,137,8783,153
2022-01-04,Ventura,111,848112,125731,6506,132237,1236
2022-01-04,Yolo,113,214977,25194,1582,26776,299
2022-01-04,Yuba,115,75493,11511,471,11982,104
2022-01-03,Alameda,001,1643700,153199,4909,158108,1557
2022-01-03,Alpine,002,1148,113,0,113,0
2022-01-03,Amador,005,37829,6183,97,6280,71
2022-01-03,Butte,007,227075,24035,4516,28551,362
2022-01-03,Calaveras,009,45235,4940,81,5021,94
2022-01-03,Colusa,011,21464,2737,754,3491,21
2022-01-03,Contra Costa,013,1133247,124240,3904,128144,1093
2022-01-03,Del Norte,015,27424,3939,65,4004,42
2022-01-03,El Dorado,017,186661,19200,2042,21242,183
2022-01-03,Fresno,019,978130,158046,14347,172393,2450
2022-01-03,Glenn,021,27897,3771,1102,4873,43
2022-01-03,Humboldt,023,135768,11483,990,12473,123
2022-01-03,Imperial,025,180216,39879,4938,44817,841
2022-01-03,Inyo,027,18085,3027,62,3089,50
2022-01-03,Kern,029,883053,143244,27783,171027,2057
2022-01-03,Kings,031,150075,35842,2208,38050,393
2022-01-03,Lake,033,64148,7346,225,7571,117
2022-01-03,Lassen,035,31185,7184,438,7622,54
2022-01-03,Los Angeles,037,10098052,1826225,77705,1903930,27636
2022-01-03,Madera,039,155013,26048,2575,28623,339
2022-01-03,Marin,041,260295,14739,1030,15769,201
2022-01-03,Mariposa,043,17540,1639,67,1706,21
2022-01-03,Mendocino,045,87422,8990,763,9753,104
2022-01-03,Merced,047,269075,46480,2444,48924,709
2022-01-03,Modoc,049,8938,618,213,831,6
2022-01-03,Mono,051,14174,2304,40,2344,4
2022-01-03,Monterey,053,433212,54528,4277,58805,649
2022-01-03,Napa,055,140530,16513,295,16808,109
2022-01-03,Nevada,057,99092,11088,422,11510,112
2022-01-03,Orange,059,3164182,388545,25250,413795,6088
2022-01-03,Placer,061,380077,44334,4705,49039,518
2022-01-03,Plumas,063,18699,2100,60,2160,12
2022-01-03,Riverside,065,2383286,433945,19477,453422,5689
2022-01-03,Sacramento,067,1510023,189248,7599,196847,2537
2022-01-03,San Benito,069,59416,9029,223,9252,85
2022-01-03,San Bernardino,071,2135413,427225,14666,441891,6674
2022-01-03,San Diego,073,3302833,494280,29922,524202,4548
2022-01-03,San Francisco,075,870044,77621,3696,81317,699
2022-01-03,San Joaquin,077,732212,114464,6372,120836,2001
2022-01-03,San Luis Obispo,079,281455,35189,1689,36878,377
2022-01-03,San Mateo,081,765935,74388,2130,76518,607
2022-01-03,Santa Barbara,083,443738,55182,1939,57121,580
2022-01-03,Santa Clara,085,1922200,190365,3458,193823,1999
2022-01-03,Santa Cruz,087,273765,25731,1312,27043,235
2022-01-03,Shasta,089,179085,23896,3898,27794,455
2022-01-03,Sierra,091,2930,218,21,239,3
2022-01-03,Siskiyou,093,43540,3609,1467,5076,63
2022-01-03,Solano,095,438530,53622,1947,55569,397
2022-01-03,Sonoma,097,501317,51133,861,51994,428
2022-01-03,Stanislaus,099,539301,87575,10138,97713,1458
2022-01-03,Sutter,101,95872,15306,464,15770,197
2022-01-03,Tehama,103,63373,9260,1644,10904,168
2022-01-03,Trinity,105,12862,930,223,1153,19
2022-01-03,Tulare,107,460477,75202,17736,92938,1323
2022-01-03,Tuolumne,109,53932,8509,133,8642,153
2022-01-03,Ventura,111,848112,122564,6267,128831,1235
2022-01-03,Yolo,113,214977,24514,1518,26032,299
2022-01-03,Yuba,115,75493,11380,452,11832,104
2022-01-02,Alameda,001,1643700,148630,4419,153049,1557
2022-01-02,Alpine,002,1148,111,0,111,0
2022-01-02,Amador,005,37829,6113,92,6205,71
2022-01-02,Butte,007,227075,23690,4452,28142,362
2022-01-02,Calaveras,009,45235,4869,73,4942,94
2022-01-02,Colusa,011,21464,2730,743,3473,21
2022-01-02,Contra Costa,013,1133247,120653,3465,124118,1091
2022-01-02,Del Norte,015,27424,3907,63,3970,42
2022-01-02,El Dorado,017,186661,18862,1991,20853,183
2022-01-02,Fresno,019,978130,156194,14110,170304,2447
2022-01-02,Glenn,021,27897,3750,1093,4843,42
2022-01-02,Humboldt,023,135768,11241,914,12155,122
2022-01-02,Imperial,025,180216,39225,4729,43954,839
2022-01-02,Inyo,027,18085,2957,51,3008,50
2022-01-02,Kern,029,883053,141325,27183,168508,2053
2022-01-02,Kings,031,150075,35517,2173,37690,393
2022-01-02,Lake,033,64148,7277,212,7489,117
2022-01-02,Lassen,035,31185,7168,436,7604,54
2022-01-02,Los Angeles,037,10098052,1774996,74814,1849810,27600
2022-01-02,Madera,039,155013,25795,2521,28316,338
2022-01-02,Marin,041,260295,14173,957,15130,201
2022-01-02,Mariposa,043,17540,1608,65,1673,21
2022-01-02,Mendocino,045,87422,8866,745,9611,103
2022-01-02,Merced,047,269075,45890,2339,48229,707
2022-01-02,Modoc,049,8938,616,212,828,6
2022-01-02,Mono,051,14174,2275,35,2310,4
2022-01-02,Monterey,053,433212,53900,4065,57965,649
2022-01-02,Napa,055,140530,15972,284,16256,109
2022-01-02,Nevada,057,99092,10899,407,11306,112
2022-01-02,Orange,059,3164182,377464,24088,401552,6083
2022-01-02,Placer,061,380077,43601,4616,48217,516
2022-01-02,Plumas,063,18699,2083,56,2139,12
2022-01-02,Riverside,065,2383286,425595,18961,444556,5681
2022-01-02,Sacramento,067,1510023,185158,6763,191921,2531
2022-01-02,San Benito,069,59416,8848,208,9056,85
2022-01-02,San Bernardino,071,2135413,419089,14109,433198,6661
2022-01-02,San Diego,073,3302833,479247,28765,508012,4542
2022-01-02,San Francisco,075,870044,74659,3455,78114,698
2022-01-02,San Joaquin,077,732212,112577,6231,118808,1997
2022-01-02,San Luis Obispo,079,281455,34453,1606,36059,377
2022-01-02,San Mateo,081,765935,71815,1890,73705,607
2022-01-02,Santa Barbara,083,443738,53743,1878,55621,580
2022-01-02,Santa Clara,085,1922200,184134,3058,187192,1995
2022-01-02,Santa Cruz,087,273765,25063,1279,26342,234
2022-01-02,Shasta,089,179085,23702,3849,27551,454
2022-01-02,Sierra,091,2930,217,21,238,3
2022-01-02,Siskiyou,093,43540,3585,1444,5029,63
2022-01-02,Solano,095,438530,52679,1783,54462,396
2022-01-02,Sonoma,097,501317,49817,824,50641,427
2022-01-02,Stanislaus,099,539301,86718,10001,96719,1455
2022-01-02,Sutter,101,95872,15133,445,15578,197
2022-01-02,Tehama,103,63373,9195,1621,10816,168
2022-01-02,Trinity,105,12862,928,222,1150,19
2022-01-02,Tulare,107,460477,74538,17541,92079,1323
2022-01-02,Tuolumne,109,53932,8403,128,8531,151
2022-01-02,Ventura,111,848112,119641,6046,125687,1232
2022-01-02,Yolo,113,214977,23834,1451,25285,299
2022-01-02,Yuba,115,75493,11256,436,11692,104
2022-01-01,Alameda,001,1643700,146744,4162,150906,1555
2022-01-01,Alpine,002,1148,111,0,111,0
2022-01-01,Amador,005,37829,6077,87,6164,71
2022-01-01,Butte,007,227075,23495,4414,27909,362
2022-01-01,Calaveras,009,45235,4830,71,4901,94
2022-01-01,Colusa,011,21464,2726,732,3458,21
2022-01-01,Contra Costa,013,1133247,119279,3339,122618,1091
2022-01-01,Del Norte,015,27424,3902,63,3965,42
2022-01-01,El Dorado,017,186661,18711,1976,20687,182
2022-01-01,Fresno,019,978130,155492,14026,169518,2445
2022-01-01,Glenn,021,27897,3743,1093,4836,42
2022-01-01,Humboldt,023,135768,11102,893,11995,122
2022-01-01,Imperial,025,180216,39075,4680,43755,838
2022-01-01,Inyo,027,18085,2928,49,2977,50
2022-01-01,Kern,029,883053,140626,26877,167503,2050
2022-01-01,Kings,031,150075,35374,2146,37520,392
2022-01-01,Lake,033,64148,7239,207,7446,117
2022-01-01,Lassen,035,31185,7162,431,7593,54
2022-01-01,Los Angeles,037,10098052,1754837,72866,1827703,27582
2022-01-01,Madera,039,155013,25712,2506,28218,337
2022-01-01,Marin,041,260295,13860,916,14776,201
2022-01-01,Mariposa,043,17540,1597,65,1662,21
2022-01-01,Mendocino,045,87422,8774,739,9513,103
2022-01-01,Merced,047,269075,45751,2324,48075,706
2022-01-01,Modoc,049,8938,613,212,825,6
2022-01-01,Mono,051,14174,2251,30,2281,4
2022-01-01,Monterey,053,433212,53589,3978,57567,649
2022-01-01,Napa,055,140530,15820,269,16089,109
2022-01-01,Nevada,057,99092,10822,400,11222,112
2022-01-01,Orange,059,3164182,373202,23378,396580,6077
2022-01-01,Placer,061,380077,43297,4549,47846,514
2022-01-01,Plumas,063,18699,2071,56,2127,12
2022-01-01,Riverside,065,2383286,422084,18759,440843,5672
2022-01-01,Sacramento,067,1510023,183881,6502,190383,2528
2022-01-01,San Benito,069,59416,8756,208,8964,85
2022-01-01,San Bernardino,071,2135413,415817,13829,429646,6648
2022-01-01,San Diego,073,3302833,473299,28251,501550,4536
2022-01-01,San Francisco,075,870044,73254,3247,76501,698
2022-01-01,San Joaquin,077,732212,111868,6158,118026,1995
2022-01-01,San Luis Obispo,079,281455,34249,1597,35846,376
2022-01-01,San Mateo,081,765935,70349,1741,72090,605
2022-01-01,Santa Barbara,083,443738,53001,1842,54843,579
2022-01-01,Santa Clara,085,1922200,181061,2862,183923,1995
2022-01-01,Santa Cruz,087,273765,24741,1261,26002,233
2022-01-01,Shasta,089,179085,23616,3831,27447,454
2022-01-01,Sierra,091,2930,216,21,237,3
2022-01-01,Siskiyou,093,43540,3582,1434,5016,63
2022-01-01,Solano,095,438530,52410,1724,54134,396
2022-01-01,Sonoma,097,501317,49423,794,50217,425
2022-01-01,Stanislaus,099,539301,86312,9914,96226,1453
2022-01-01,Sutter,101,95872,15056,443,15499,197
2022-01-01,Tehama,103,63373,9162,1609,10771,168
2022-01-01,Trinity,105,12862,925,222,1147,19
2022-01-01,Tulare,107,460477,74292,17442,91734,1322
2022-01-01,Tuolumne,109,53932,8343,125,8468,151
2022-01-01,Ventura,111,848112,118253,5916,124169,1229
2022-01-01,Yolo,113,214977,23412,1411,24823,298
2022-01-01,Yuba,115,75493,11189,430,11619,104
2021-12-31,Alameda,001,1643700,145922,4062,149984,1554
2021-12-31,Alpine,002,1148,111,0,111,0
2021-12-31,Amador,005,37829,6053,86,6139,71
2021-12-31,Butte,007,227075,23387,4377,27764,362
2021-12-31,Calaveras,009,45235,4797,71,4868,93
2021-12-31,Colusa,011,21464,2717,726,3443,21
2021-12-31,Contra Costa,013,1133247,118384,3259,121643,1088
2021-12-31,Del Norte,015,27424,3893,61,3954,42
2021-12-31,El Dorado,017,186661,18620,1959,20579,182
2021-12-31,Fresno,019,978130,155174,14003,169177,2444
2021-12-31,Glenn,021,27897,3742,1091,4833,42
2021-12-31,Humboldt,023,135768,11014,874,11888,122
2021-12-31,Imperial,025,180216,38943,4664,43607,836
2021-12-31,Inyo,027,18085,2901,48,2949,50
2021-12-31,Kern,029,883053,140118,26740,166858,2048
2021-12-31,Kings,031,150075,35262,2136,37398,392
2021-12-31,Lake,033,64148,7215,202,7417,117
2021-12-31,Lassen,035,31185,7148,431,7579,54
2021-12-31,Los Angeles,037,10098052,1744049,72116,1816165,27559
2021-12-31,Madera,039,155013,25643,2489,28132,336
2021-12-31,Marin,041,260295,13703,885,14588,201
2021-12-31,Mariposa,043,17540,1590,64,1654,21
2021-12-31,Mendocino,045,87422,8741,736,9477,103
2021-12-31,Merced,047,269075,45667,2305,47972,705
2021-12-31,Modoc,049,8938,609,210,819,6
2021-12-31,Mono,051,14174,2239,29,2268,4
2021-12-31,Monterey,053,433212,53461,3912,57373,648
2021-12-31,Napa,055,140530,15708,259,15967,108
2021-12-31,Nevada,057,99092,10755,394,11149,111
2021-12-31,Orange,059,3164182,370681,22952,393633,6070
2021-12-31,Placer,061,380077,43047,4476,47523,512
2021-12-31,Plumas,063,18699,2066,56,2122,12
2021-12-31,Riverside,065,2383286,420392,18604,438996,5669
2021-12-31,Sacramento,067,1510023,183012,6393,189405,2526
2021-12-31,San Benito,069,59416,8742,207,8949,85
2021-12-31,San Bernardino,071,2135413,413472,13638,427110,6630
2021-12-31,San Diego,073,3302833,470074,27941,498015,4530
2021-12-31,San Francisco,075,870044,72327,3190,75517,695
2021-12-31,San Joaquin,077,732212,111238,6092,117330,1991
2021-12-31,San Luis Obispo,079,281455,34141,1585,35726,375
2021-12-31,San Mateo,081,765935,69468,1689,71157,603
2021-12-31,Santa Barbara,083,443738,52602,1830,54432,577
2021-12-31,Santa Clara,085,1922200,179076,2722,181798,1994
2021-12-31,Santa Cruz,087,273765,24502,1240,25742,231
2021-12-31,Shasta,089,179085,23554,3810,27364,453
2021-12-31,Sierra,091,2930,216,21,237,3
2021-12-31,Siskiyou,093,43540,3575,1423,4998,63
2021-12-31,Solano,095,438530,52252,1698,53950,395
2021-12-31,Sonoma,097,501317,49166,781,49947,424
2021-12-31,Stanislaus,099,539301,85986,9853,95839,1451
2021-12-31,Sutter,101,95872,14995,437,15432,197
2021-12-31,Tehama,103,63373,9130,1600,10730,168
2021-12-31,Trinity,105,12862,924,222,1146,19
2021-12-31,Tulare,107,460477,74088,17357,91445,1321
2021-12-31,Tuolumne,109,53932,8298,124,8422,151
2021-12-31,Ventura,111,848112,117279,5834,123113,1229
2021-12-31,Yolo,113,214977,23191,1389,24580,298
2021-12-31,Yuba,115,75493,11132,424,11556,104
2021-12-30,Alameda,001,1643700,144620,3926,148546,1553
2021-12-30,Alpine,002,1148,110,0,110,0
2021-12-30,Amador,005,37829,6034,85,6119,71
2021-12-30,Butte,007,227075,23255,4351,27606,362
2021-12-30,Calaveras,009,45235,4778,71,4849,93
2021-12-30,Colusa,011,21464,2716,724,3440,21
2021-12-30,Contra Costa,013,1133247,117286,3147,120433,1085
2021-12-30,Del Norte,015,27424,3882,60,3942,42
2021-12-30,El Dorado,017,186661,18516,1938,20454,182
2021-12-30,Fresno,019,978130,154634,13932,168566,2443
2021-12-30,Glenn,021,27897,3736,1088,4824,42
2021-12-30,Humboldt,023,135768,10947,862,11809,122
2021-12-30,Imperial,025,180216,38774,4554,43328,830
2021-12-30,Inyo,027,18085,2882,46,2928,50
2021-12-30,Kern,029,883053,139584,26440,166024,2048
2021-12-30,Kings,031,150075,35143,2121,37264,392
2021-12-30,Lake,033,64148,7198,196,7394,117
2021-12-30,Lassen,035,31185,7142,431,7573,54
2021-12-30,Los Angeles,037,10098052,1720728,70856,1791584,27540
2021-12-30,Madera,039,155013,25566,2469,28035,336
2021-12-30,Marin,041,260295,13529,860,14389,201
2021-12-30,Mariposa,043,17540,1584,64,1648,21
2021-12-30,Mendocino,045,87422,8724,725,9449,103
2021-12-30,Merced,047,269075,45564,2290,47854,702
2021-12-30,Modoc,049,8938,608,210,818,6
2021-12-30,Mono,051,14174,2234,28,2262,4
2021-12-30,Monterey,053,433212,53148,3851,56999,647
2021-12-30,Napa,055,140530,15564,250,15814,108
2021-12-30,Nevada,057,99092,10691,385,11076,111
2021-12-30,Orange,059,3164182,365617,22397,388014,6065
2021-12-30,Placer,061,380077,42759,4426,47185,509
2021-12-30,Plumas,063,18699,2062,55,2117,12
2021-12-30,Riverside,065,2383286,417118,18452,435570,5660
2021-12-30,Sacramento,067,1510023,181754,6244,187998,2521
2021-12-30,San Benito,069,59416,8695,205,8900,85
2021-12-30,San Bernardino,071,2135413,410846,13491,424337,6615
2021-12-30,San Diego,073,3302833,464924,27441,492365,4527
2021-12-30,San Francisco,075,870044,71239,3118,74357,695
2021-12-30,San Joaquin,077,732212,110642,6048,116690,1991
2021-12-30,San Luis Obispo,079,281455,34022,1572,35594,372
2021-12-30,San Mateo,081,765935,68427,1560,69987,603
2021-12-30,Santa Barbara,083,443738,52124,1811,53935,577
2021-12-30,Santa Clara,085,1922200,176749,2599,179348,1994
2021-12-30,Santa Cruz,087,273765,24264,1206,25470,231
2021-12-30,Shasta,089,179085,23501,3804,27305,453
2021-12-30,Sierra,091,2930,216,21,237,3
2021-12-30,Siskiyou,093,43540,3566,1421,4987,63
2021-12-30,Solano,095,438530,51904,1651,53555,395
2021-12-30,Sonoma,097,501317,48830,772,49602,422
2021-12-30,Stanislaus,099,539301,85669,9793,95462,1451
2021-12-30,Sutter,101,95872,14933,436,15369,196
2021-12-30,Tehama,103,63373,9103,1594,10697,168
2021-12-30,Trinity,105,12862,921,222,1143,19
2021-12-30,Tulare,107,460477,73896,17281,91177,1320
2021-12-30,Tuolumne,109,53932,8259,124,8383,150
2021-12-30,Ventura,111,848112,116022,5731,121753,1228
2021-12-30,Yolo,113,214977,23052,1363,24415,296
2021-12-30,Yuba,115,75493,11085,422,11507,103
2021-12-29,Alameda,001,1643700,141376,3774,145150,1553
2021-12-29,Alpine,002,1148,110,0,110,0
2021-12-29,Amador,005,37829,6011,82,6093,71
2021-12-29,Butte,007,227075,23112,4313,27425,362
2021-12-29,Calaveras,009,45235,4751,69,4820,93
2021-12-29,Colusa,011,21464,2706,719,3425,21
2021-12-29,Contra Costa,013,1133247,115188,3021,118209,1085
2021-12-29,Del Norte,015,27424,3868,58,3926,42
2021-12-29,El Dorado,017,186661,18293,1920,20213,182
2021-12-29,Fresno,019,978130,153490,13816,167306,2442
2021-12-29,Glenn,021,27897,3726,1085,4811,42
2021-12-29,Humboldt,023,135768,10837,840,11677,122
2021-12-29,Imperial,025,180216,38535,4485,43020,829
2021-12-29,Inyo,027,18085,2849,46,2895,50
2021-12-29,Kern,029,883053,138780,26056,164836,2045
2021-12-29,Kings,031,150075,35029,2115,37144,390
2021-12-29,Lake,033,64148,7166,194,7360,117
2021-12-29,Lassen,035,31185,7138,430,7568,54
2021-12-29,Los Angeles,037,10098052,1690711,69142,1759853,27524
2021-12-29,Madera,039,155013,25462,2458,27920,336
2021-12-29,Marin,041,260295,13174,839,14013,201
2021-12-29,Mariposa,043,17540,1562,64,1626,21
2021-12-29,Mendocino,045,87422,8665,721,9386,103
2021-12-29,Merced,047,269075,45347,2275,47622,701
2021-12-29,Modoc,049,8938,605,210,815,6
2021-12-29,Mono,051,14174,2210,27,2237,4
2021-12-29,Monterey,053,433212,52737,3745,56482,646
2021-12-29,Napa,055,140530,15241,232,15473,108
2021-12-29,Nevada,057,99092,10600,384,10984,111
2021-12-29,Orange,059,3164182,358108,21714,379822,6062
2021-12-29,Placer,061,380077,42268,4352,46620,505
2021-12-29,Plumas,063,18699,2050,55,2105,12
2021-12-29,Riverside,065,2383286,411695,18245,429940,5651
2021-12-29,Sacramento,067,1510023,179419,6073,185492,2517
2021-12-29,San Benito,069,59416,8552,204,8756,85
2021-12-29,San Bernardino,071,2135413,405258,13276,418534,6605
2021-12-29,San Diego,073,3302833,454088,26737,480825,4523
2021-12-29,San Francisco,075,870044,69544,3048,72592,695
2021-12-29,San Joaquin,077,732212,109458,5978,115436,1989
2021-12-29,San Luis Obispo,079,281455,33627,1523,35150,372
2021-12-29,San Mateo,081,765935,66802,1452,68254,603
2021-12-29,Santa Barbara,083,443738,51286,1786,53072,577
2021-12-29,Santa Clara,085,1922200,173545,2468,176013,1992
2021-12-29,Santa Cruz,087,273765,23987,1174,25161,231
2021-12-29,Shasta,089,179085,23427,3792,27219,453
2021-12-29,Sierra,091,2930,215,21,236,3
2021-12-29,Siskiyou,093,43540,3553,1410,4963,63
2021-12-29,Solano,095,438530,51199,1598,52797,395
2021-12-29,Sonoma,097,501317,48029,750,48779,422
2021-12-29,Stanislaus,099,539301,85181,9733,94914,1451
2021-12-29,Sutter,101,95872,14864,434,15298,195
2021-12-29,Tehama,103,63373,9078,1582,10660,167
2021-12-29,Trinity,105,12862,918,222,1140,19
2021-12-29,Tulare,107,460477,73609,17160,90769,1319
2021-12-29,Tuolumne,109,53932,8206,123,8329,150
2021-12-29,Ventura,111,848112,114084,5553,119637,1225
2021-12-29,Yolo,113,214977,22813,1332,24145,295
2021-12-29,Yuba,115,75493,11024,418,11442,103
2021-12-28,Alameda,001,1643700,138210,3621,141831,1552
2021-12-28,Alpine,002,1148,110,0,110,0
2021-12-28,Amador,005,37829,5991,81,6072,70
2021-12-28,Butte,007,227075,22967,4297,27264,362
2021-12-28,Calaveras,009,45235,4733,68,4801,93
2021-12-28,Colusa,011,21464,2700,717,3417,21
2021-12-28,Contra Costa,013,1133247,112888,2907,115795,1084
2021-12-28,Del Norte,015,27424,3862,58,3920,42
2021-12-28,El Dorado,017,186661,18069,1910,19979,180
2021-12-28,Fresno,019,978130,152402,13733,166135,2437
2021-12-28,Glenn,021,27897,3701,1081,4782,42
2021-12-28,Humboldt,023,135768,10716,816,11532,122
2021-12-28,Imperial,025,180216,38239,4385,42624,829
2021-12-28,Inyo,027,18085,2791,45,2836,50
2021-12-28,Kern,029,883053,138059,25707,163766,2043
2021-12-28,Kings,031,150075,34893,2100,36993,390
2021-12-28,Lake,033,64148,7147,189,7336,117
2021-12-28,Lassen,035,31185,7129,430,7559,54
2021-12-28,Los Angeles,037,10098052,1658417,67499,1725916,27506
2021-12-28,Madera,039,155013,25336,2438,27774,336
2021-12-28,Marin,041,260295,12762,809,13571,200
2021-12-28,Mariposa,043,17540,1551,63,1614,21
2021-12-28,Mendocino,045,87422,8604,713,9317,103
2021-12-28,Merced,047,269075,45105,2263,47368,701
2021-12-28,Modoc,049,8938,605,209,814,6
2021-12-28,Mono,051,14174,2187,25,2212,4
2021-12-28,Monterey,053,433212,52359,3672,56031,646
2021-12-28,Napa,055,140530,14923,206,15129,108
2021-12-28,Nevada,057,99092,10509,381,10890,111
2021-12-28,Orange,059,3164182,350428,20978,371406,6057
2021-12-28,Placer,061,380077,41799,4284,46083,505
2021-12-28,Plumas,063,18699,2047,55,2102,12
2021-12-28,Riverside,065,2383286,406454,18002,424456,5642
2021-12-28,Sacramento,067,1510023,177132,5943,183075,2514
2021-12-28,San Benito,069,59416,8408,202,8610,84
2021-12-28,San Bernardino,071,2135413,399347,13055,412402,6587
2021-12-28,San Diego,073,3302833,443395,26188,469583,4514
2021-12-28,San Francisco,075,870044,67922,2991,70913,695
2021-12-28,San Joaquin,077,732212,108403,5934,114337,1988
2021-12-28,San Luis Obispo,079,281455,33161,1507,34668,372
2021-12-28,San Mateo,081,765935,65289,1364,66653,603
2021-12-28,Santa Barbara,083,443738,50640,1766,52406,576
2021-12-28,Santa Clara,085,1922200,170339,2373,172712,1991
2021-12-28,Santa Cruz,087,273765,23613,1136,24749,231
2021-12-28,Shasta,089,179085,23356,3787,27143,453
2021-12-28,Sierra,091,2930,212,21,233,3
2021-12-28,Siskiyou,093,43540,3544,1405,4949,63
2021-12-28,Solano,095,438530,50285,1543,51828,395
2021-12-28,Sonoma,097,501317,47170,726,47896,422
2021-12-28,Stanislaus,099,539301,84698,9672,94370,1450
2021-12-28,Sutter,101,95872,14815,431,15246,195
2021-12-28,Tehama,103,63373,9060,1580,10640,167
2021-12-28,Trinity,105,12862,916,221,1137,19
2021-12-28,Tulare,107,460477,73329,17045,90374,1318
2021-12-28,Tuolumne,109,53932,8164,123,8287,150
2021-12-28,Ventura,111,848112,111977,5423,117400,1225
2021-12-28,Yolo,113,214977,22479,1283,23762,295
2021-12-28,Yuba,115,75493,10967,415,11382,103
2021-12-27,Alameda,001,1643700,135527,3491,139018,1552
2021-12-27,Alpine,002,1148,110,0,110,0
2021-12-27,Amador,005,37829,5963,81,6044,70
2021-12-27,Butte,007,227075,22831,4270,27101,362
2021-12-27,Calaveras,009,45235,4708,67,4775,93
2021-12-27,Colusa,011,21464,2689,711,3400,21
2021-12-27,Contra Costa,013,1133247,110721,2824,113545,1083
2021-12-27,Del Norte,015,27424,3853,57,3910,42
2021-12-27,El Dorado,017,186661,17908,1898,19806,179
2021-12-27,Fresno,019,978130,151435,13650,165085,2436
2021-12-27,Glenn,021,27897,3693,1075,4768,42
2021-12-27,Humboldt,023,135768,10602,794,11396,122
2021-12-27,Imperial,025,180216,37998,4291,42289,827
2021-12-27,Inyo,027,18085,2762,43,2805,50
2021-12-27,Kern,029,883053,137409,25404,162813,2041
2021-12-27,Kings,031,150075,34742,2087,36829,390
2021-12-27,Lake,033,64148,7124,179,7303,117
2021-12-27,Lassen,035,31185,7123,430,7553,54
2021-12-27,Los Angeles,037,10098052,1622049,65758,1687807,27487
2021-12-27,Madera,039,155013,25217,2419,27636,336
2021-12-27,Marin,041,260295,12373,782,13155,200
2021-12-27,Mariposa,043,17540,1536,63,1599,21
2021-12-27,Mendocino,045,87422,8537,708,9245,103
2021-12-27,Merced,047,269075,44873,2245,47118,700
2021-12-27,Modoc,049,8938,603,209,812,6
2021-12-27,Mono,051,14174,2124,25,2149,4
2021-12-27,Monterey,053,433212,52059,3621,55680,645
2021-12-27,Napa,055,140530,14654,197,14851,108
2021-12-27,Nevada,057,99092,10440,373,10813,111
2021-12-27,Orange,059,3164182,342921,20172,363093,6054
2021-12-27,Placer,061,380077,41421,4235,45656,503
2021-12-27,Plumas,063,18699,2045,53,2098,12
2021-12-27,Riverside,065,2383286,401874,17746,419620,5635
2021-12-27,Sacramento,067,1510023,175100,5771,180871,2512
2021-12-27,San Benito,069,59416,8290,198,8488,84
2021-12-27,San Bernardino,071,2135413,393351,12854,406205,6580
2021-12-27,San Diego,073,3302833,433188,25700,458888,4513
2021-12-27,San Francisco,075,870044,66173,2926,69099,694
2021-12-27,San Joaquin,077,732212,107483,5869,113352,1988
2021-12-27,San Luis Obispo,079,281455,32716,1486,34202,372
2021-12-27,San Mateo,081,765935,63761,1265,65026,603
2021-12-27,Santa Barbara,083,443738,49854,1746,51600,575
2021-12-27,Santa Clara,085,1922200,167331,2247,169578,1989
2021-12-27,Santa Cruz,087,273765,23322,1118,24440,230
2021-12-27,Shasta,089,179085,23295,3776,27071,453
2021-12-27,Sierra,091,2930,212,21,233,3
2021-12-27,Siskiyou,093,43540,3535,1400,4935,63
2021-12-27,Solano,095,438530,49553,1495,51048,394
2021-12-27,Sonoma,097,501317,46592,708,47300,421
2021-12-27,Stanislaus,099,539301,84243,9631,93874,1449
2021-12-27,Sutter,101,95872,14759,426,15185,195
2021-12-27,Tehama,103,63373,9044,1572,10616,167
2021-12-27,Trinity,105,12862,916,221,1137,19
2021-12-27,Tulare,107,460477,73060,16950,90010,1318
2021-12-27,Tuolumne,109,53932,8126,122,8248,150
2021-12-27,Ventura,111,848112,109892,5288,115180,1224
2021-12-27,Yolo,113,214977,22187,1249,23436,295
2021-12-27,Yuba,115,75493,10905,414,11319,103
2021-12-26,Alameda,001,1643700,133405,3419,136824,1550
2021-12-26,Alpine,002,1148,110,0,110,0
2021-12-26,Amador,005,37829,5947,79,6026,70
2021-12-26,Butte,007,227075,22677,4240,26917,361
2021-12-26,Calaveras,009,45235,4686,67,4753,93
2021-12-26,Colusa,011,21464,2678,705,3383,21
2021-12-26,Contra Costa,013,1133247,108961,2726,111687,1082
2021-12-26,Del Norte,015,27424,3848,57,3905,42
2021-12-26,El Dorado,017,186661,17754,1890,19644,179
2021-12-26,Fresno,019,978130,150725,13568,164293,2435
2021-12-26,Glenn,021,27897,3681,1061,4742,41
2021-12-26,Humboldt,023,135768,10459,771,11230,122
2021-12-26,Imperial,025,180216,37694,4201,41895,827
2021-12-26,Inyo,027,18085,2738,40,2778,50
2021-12-26,Kern,029,883053,136685,25148,161833,2038
2021-12-26,Kings,031,150075,34588,2081,36669,390
2021-12-26,Lake,033,64148,7102,176,7278,117
2021-12-26,Lassen,035,31185,7117,429,7546,54
2021-12-26,Los Angeles,037,10098052,1592137,63969,1656106,27463
2021-12-26,Madera,039,155013,25098,2403,27501,335
2021-12-26,Marin,041,260295,11994,723,12717,200
2021-12-26,Mariposa,043,17540,1530,63,1593,21
2021-12-26,Mendocino,045,87422,8486,706,9192,103
2021-12-26,Merced,047,269075,44621,2231,46852,699
2021-12-26,Modoc,049,8938,602,207,809,6
2021-12-26,Mono,051,14174,2098,25,2123,4
2021-12-26,Monterey,053,433212,51779,3572,55351,644
2021-12-26,Napa,055,140530,14416,192,14608,108
2021-12-26,Nevada,057,99092,10380,366,10746,111
2021-12-26,Orange,059,3164182,336560,19376,355936,6051
2021-12-26,Placer,061,380077,41061,4163,45224,502
2021-12-26,Plumas,063,18699,2037,52,2089,12
2021-12-26,Riverside,065,2383286,397685,17577,415262,5624
2021-12-26,Sacramento,067,1510023,173368,5623,178991,2504
2021-12-26,San Benito,069,59416,8201,194,8395,82
2021-12-26,San Bernardino,071,2135413,388478,12677,401155,6573
2021-12-26,San Diego,073,3302833,424191,25210,449401,4509
2021-12-26,San Francisco,075,870044,64594,2864,67458,693
2021-12-26,San Joaquin,077,732212,106676,5816,112492,1988
2021-12-26,San Luis Obispo,079,281455,32269,1468,33737,371
2021-12-26,San Mateo,081,765935,62357,1218,63575,603
2021-12-26,Santa Barbara,083,443738,49177,1716,50893,573
2021-12-26,Santa Clara,085,1922200,164615,2113,166728,1987
2021-12-26,Santa Cruz,087,273765,23038,1104,24142,230
2021-12-26,Shasta,089,179085,23212,3764,26976,453
2021-12-26,Sierra,091,2930,212,21,233,3
2021-12-26,Siskiyou,093,43540,3527,1391,4918,63
2021-12-26,Solano,095,438530,49048,1457,50505,392
2021-12-26,Sonoma,097,501317,46095,676,46771,420
2021-12-26,Stanislaus,099,539301,83869,9589,93458,1446
2021-12-26,Sutter,101,95872,14693,423,15116,195
2021-12-26,Tehama,103,63373,9011,1568,10579,165
2021-12-26,Trinity,105,12862,916,220,1136,19
2021-12-26,Tulare,107,460477,72810,16844,89654,1318
2021-12-26,Tuolumne,109,53932,8089,122,8211,150
2021-12-26,Ventura,111,848112,108057,5141,113198,1223
2021-12-26,Yolo,113,214977,21902,1210,23112,295
2021-12-26,Yuba,115,75493,10854,412,11266,103
2021-12-25,Alameda,001,1643700,132317,3354,135671,1548
2021-12-25,Alpine,002,1148,110,0,110,0
2021-12-25,Amador,005,37829,5928,79,6007,70
2021-12-25,Butte,007,227075,22579,4223,26802,361
2021-12-25,Calaveras,009,45235,4657,66,4723,93
2021-12-25,Colusa,011,21464,2673,699,3372,21
2021-12-25,Contra Costa,013,1133247,108134,2671,110805,1081
2021-12-25,Del Norte,015,27424,3841,56,3897,42
2021-12-25,El Dorado,017,186661,17701,1879,19580,179
2021-12-25,Fresno,019,978130,150408,13520,163928,2431
2021-12-25,Glenn,021,27897,3670,1057,4727,41
2021-12-25,Humboldt,023,135768,10377,764,11141,122
2021-12-25,Imperial,025,180216,37571,4179,41750,826
2021-12-25,Inyo,027,18085,2718,40,2758,50
2021-12-25,Kern,029,883053,136338,25022,161360,2037
2021-12-25,Kings,031,150075,34498,2074,36572,390
2021-12-25,Lake,033,64148,7090,174,7264,117
2021-12-25,Lassen,035,31185,7115,429,7544,54
2021-12-25,Los Angeles,037,10098052,1579311,62627,1641938,27449
2021-12-25,Madera,039,155013,25047,2397,27444,335
2021-12-25,Marin,041,260295,11653,674,12327,200
2021-12-25,Mariposa,043,17540,1524,63,1587,21
2021-12-25,Mendocino,045,87422,8448,706,9154,103
2021-12-25,Merced,047,269075,44519,2229,46748,699
2021-12-25,Modoc,049,8938,602,207,809,6
2021-12-25,Mono,051,14174,2081,25,2106,4
2021-12-25,Monterey,053,433212,51611,3537,55148,644
2021-12-25,Napa,055,140530,14301,184,14485,108
2021-12-25,Nevada,057,99092,10351,366,10717,111
2021-12-25,Orange,059,3164182,333669,18806,352475,6045
2021-12-25,Placer,061,380077,40869,4129,44998,502
2021-12-25,Plumas,063,18699,2035,52,2087,12
2021-12-25,Riverside,065,2383286,395400,17458,412858,5620
2021-12-25,Sacramento,067,1510023,172551,5518,178069,2501
2021-12-25,San Benito,069,59416,8136,194,8330,82
2021-12-25,San Bernardino,071,2135413,386229,12544,398773,6561
2021-12-25,San Diego,073,3302833,420122,24943,445065,4505
2021-12-25,San Francisco,075,870044,63565,2828,66393,693
2021-12-25,San Joaquin,077,732212,106339,5784,112123,1985
2021-12-25,San Luis Obispo,079,281455,32116,1459,33575,371
2021-12-25,San Mateo,081,765935,61322,1175,62497,603
2021-12-25,Santa Barbara,083,443738,48813,1704,50517,573
2021-12-25,Santa Clara,085,1922200,163127,2046,165173,1987
2021-12-25,Santa Cruz,087,273765,22877,1098,23975,230
2021-12-25,Shasta,089,179085,23179,3758,26937,451
2021-12-25,Sierra,091,2930,212,21,233,3
2021-12-25,Siskiyou,093,43540,3524,1385,4909,63
2021-12-25,Solano,095,438530,48922,1439,50361,391
2021-12-25,Sonoma,097,501317,45710,649,46359,420
2021-12-25,Stanislaus,099,539301,83655,9563,93218,1446
2021-12-25,Sutter,101,95872,14652,421,15073,194
2021-12-25,Tehama,103,63373,8991,1564,10555,165
2021-12-25,Trinity,105,12862,915,220,1135,19
2021-12-25,Tulare,107,460477,72676,16766,89442,1314
2021-12-25,Tuolumne,109,53932,8057,122,8179,150
2021-12-25,Ventura,111,848112,106884,5035,111919,1222
2021-12-25,Yolo,113,214977,21791,1189,22980,295
2021-12-25,Yuba,115,75493,10827,411,11238,103
2021-12-24,Alameda,001,1643700,131695,3338,135033,1546
2021-12-24,Alpine,002,1148,110,0,110,0
2021-12-24,Amador,005,37829,5920,78,5998,70
2021-12-24,Butte,007,227075,22522,4206,26728,361
2021-12-24,Calaveras,009,45235,4651,66,4717,93
2021-12-24,Colusa,011,21464,2671,698,3369,21
2021-12-24,Contra Costa,013,1133247,107813,2637,110450,1081
2021-12-24,Del Norte,015,27424,3834,56,3890,42
2021-12-24,El Dorado,017,186661,17646,1874,19520,179
2021-12-24,Fresno,019,978130,150241,13507,163748,2431
2021-12-24,Glenn,021,27897,3669,1057,4726,41
2021-12-24,Humboldt,023,135768,10322,759,11081,122
2021-12-24,Imperial,025,180216,37487,4175,41662,823
2021-12-24,Inyo,027,18085,2698,40,2738,50
2021-12-24,Kern,029,883053,136215,24980,161195,2034
2021-12-24,Kings,031,150075,34429,2073,36502,390
2021-12-24,Lake,033,64148,7086,174,7260,117
2021-12-24,Lassen,035,31185,7112,429,7541,54
2021-12-24,Los Angeles,037,10098052,1574433,62099,1636532,27433
2021-12-24,Madera,039,155013,25012,2392,27404,335
2021-12-24,Marin,041,260295,11507,643,12150,200
2021-12-24,Mariposa,043,17540,1522,63,1585,21
2021-12-24,Mendocino,045,87422,8431,706,9137,103
2021-12-24,Merced,047,269075,44469,2227,46696,698
2021-12-24,Modoc,049,8938,602,207,809,6
2021-12-24,Mono,051,14174,2068,25,2093,4
2021-12-24,Monterey,053,433212,51516,3511,55027,644
2021-12-24,Napa,055,140530,14236,180,14416,108
2021-12-24,Nevada,057,99092,10325,364,10689,111
2021-12-24,Orange,059,3164182,332603,18648,351251,6039
2021-12-24,Placer,061,380077,40746,4112,44858,501
2021-12-24,Plumas,063,18699,2034,52,2086,12
2021-12-24,Riverside,065,2383286,394400,17368,411768,5613
2021-12-24,Sacramento,067,1510023,172235,5483,177718,2498
2021-12-24,San Benito,069,59416,8127,193,8320,82
2021-12-24,San Bernardino,071,2135413,385081,12472,397553,6551
2021-12-24,San Diego,073,3302833,418996,24819,443815,4501
2021-12-24,San Francisco,075,870044,63057,2811,65868,693
2021-12-24,San Joaquin,077,732212,106143,5776,111919,1981
2021-12-24,San Luis Obispo,079,281455,32054,1449,33503,371
2021-12-24,San Mateo,081,765935,60889,1152,62041,602
2021-12-24,Santa Barbara,083,443738,48607,1697,50304,573
2021-12-24,Santa Clara,085,1922200,162301,2012,164313,1985
2021-12-24,Santa Cruz,087,273765,22794,1095,23889,230
2021-12-24,Shasta,089,179085,23145,3754,26899,450
2021-12-24,Sierra,091,2930,211,21,232,3
2021-12-24,Siskiyou,093,43540,3519,1381,4900,63
2021-12-24,Solano,095,438530,48870,1437,50307,390
2021-12-24,Sonoma,097,501317,45544,641,46185,420
2021-12-24,Stanislaus,099,539301,83544,9540,93084,1445
2021-12-24,Sutter,101,95872,14632,418,15050,194
2021-12-24,Tehama,103,63373,8982,1561,10543,165
2021-12-24,Trinity,105,12862,913,220,1133,19
2021-12-24,Tulare,107,460477,72608,16724,89332,1313
2021-12-24,Tuolumne,109,53932,8032,122,8154,150
2021-12-24,Ventura,111,848112,106437,4979,111416,1221
2021-12-24,Yolo,113,214977,21717,1171,22888,295
2021-12-24,Yuba,115,75493,10804,410,11214,102
2021-12-23,Alameda,001,1643700,130959,3303,134262,1545
2021-12-23,Alpine,002,1148,110,0,110,0
2021-12-23,Amador,005,37829,5908,76,5984,70
2021-12-23,Butte,007,227075,22469,4195,26664,361
2021-12-23,Calaveras,009,45235,4640,66,4706,93
2021-12-23,Colusa,011,21464,2665,694,3359,21
2021-12-23,Contra Costa,013,1133247,107382,2594,109976,1081
2021-12-23,Del Norte,015,27424,3831,56,3887,42
2021-12-23,El Dorado,017,186661,17582,1868,19450,179
2021-12-23,Fresno,019,978130,150035,13490,163525,2427
2021-12-23,Glenn,021,27897,3665,1057,4722,41
2021-12-23,Humboldt,023,135768,10269,756,11025,121
2021-12-23,Imperial,025,180216,37414,4148,41562,819
2021-12-23,Inyo,027,18085,2685,40,2725,50
2021-12-23,Kern,029,883053,136065,24883,160948,2032
2021-12-23,Kings,031,150075,34388,2072,36460,390
2021-12-23,Lake,033,64148,7074,172,7246,117
2021-12-23,Lassen,035,31185,7111,429,7540,54
2021-12-23,Los Angeles,037,10098052,1564867,61025,1625892,27420
2021-12-23,Madera,039,155013,24979,2388,27367,335
2021-12-23,Marin,041,260295,11373,626,11999,200
2021-12-23,Mariposa,043,17540,1517,63,1580,21
2021-12-23,Mendocino,045,87422,8422,706,9128,103
2021-12-23,Merced,047,269075,44420,2225,46645,697
2021-12-23,Modoc,049,8938,602,207,809,6
2021-12-23,Mono,051,14174,2047,24,2071,4
2021-12-23,Monterey,053,433212,51395,3490,54885,643
2021-12-23,Napa,055,140530,14156,175,14331,108
2021-12-23,Nevada,057,99092,10301,363,10664,111
2021-12-23,Orange,059,3164182,330913,18318,349231,6032
2021-12-23,Placer,061,380077,40621,4096,44717,501
2021-12-23,Plumas,063,18699,2034,52,2086,12
2021-12-23,Riverside,065,2383286,393182,17299,410481,5604
2021-12-23,Sacramento,067,1510023,171778,5435,177213,2497
2021-12-23,San Benito,069,59416,8108,191,8299,82
2021-12-23,San Bernardino,071,2135413,383889,12367,396256,6542
2021-12-23,San Diego,073,3302833,417143,24622,441765,4497
2021-12-23,San Francisco,075,870044,62327,2783,65110,693
2021-12-23,San Joaquin,077,732212,105925,5763,111688,1979
2021-12-23,San Luis Obispo,079,281455,31982,1445,33427,371
2021-12-23,San Mateo,081,765935,60327,1132,61459,602
2021-12-23,Santa Barbara,083,443738,48408,1695,50103,571
2021-12-23,Santa Clara,085,1922200,161393,1953,163346,1984
2021-12-23,Santa Cruz,087,273765,22680,1083,23763,230
2021-12-23,Shasta,089,179085,23114,3751,26865,449
2021-12-23,Sierra,091,2930,208,21,229,3
2021-12-23,Siskiyou,093,43540,3519,1379,4898,63
2021-12-23,Solano,095,438530,48762,1421,50183,389
2021-12-23,Sonoma,097,501317,45365,640,46005,420
2021-12-23,Stanislaus,099,539301,83415,9520,92935,1440
2021-12-23,Sutter,101,95872,14615,417,15032,193
2021-12-23,Tehama,103,63373,8970,1557,10527,165
2021-12-23,Trinity,105,12862,913,220,1133,19
2021-12-23,Tulare,107,460477,72532,16681,89213,1313
2021-12-23,Tuolumne,109,53932,8014,121,8135,150
2021-12-23,Ventura,111,848112,105902,4913,110815,1219
2021-12-23,Yolo,113,214977,21645,1153,22798,295
2021-12-23,Yuba,115,75493,10791,410,11201,102
2021-12-22,Alameda,001,1643700,130003,3220,133223,1544
2021-12-22,Alpine,002,1148,110,0,110,0
2021-12-22,Amador,005,37829,5895,75,5970,70
2021-12-22,Butte,007,227075,22417,4181,26598,361
2021-12-22,Calaveras,009,45235,4631,66,4697,93
2021-12-22,Colusa,011,21464,2665,691,3356,21
2021-12-22,Contra Costa,013,1133247,106744,2550,109294,1080
2021-12-22,Del Norte,015,27424,3831,56,3887,42
2021-12-22,El Dorado,017,186661,17520,1859,19379,179
2021-12-22,Fresno,019,978130,149756,13458,163214,2425
2021-12-22,Glenn,021,27897,3660,1057,4717,41
2021-12-22,Humboldt,023,135768,10207,751,10958,121
2021-12-22,Imperial,025,180216,37328,4111,41439,818
2021-12-22,Inyo,027,18085,2667,40,2707,49
2021-12-22,Kern,029,883053,135830,24801,160631,2030
2021-12-22,Kings,031,150075,34338,2065,36403,389
2021-12-22,Lake,033,64148,7067,170,7237,116
2021-12-22,Lassen,035,31185,7106,428,7534,54
2021-12-22,Los Angeles,037,10098052,1551307,59865,1611172,27399
2021-12-22,Madera,039,155013,24941,2384,27325,335
2021-12-22,Marin,041,260295,11152,603,11755,200
2021-12-22,Mariposa,043,17540,1510,63,1573,21
2021-12-22,Mendocino,045,87422,8413,706,9119,103
2021-12-22,Merced,047,269075,44349,2222,46571,696
2021-12-22,Modoc,049,8938,602,207,809,6
2021-12-22,Mono,051,14174,2043,24,2067,4
2021-12-22,Monterey,053,433212,51239,3473,54712,643
2021-12-22,Napa,055,140530,14028,165,14193,108
2021-12-22,Nevada,057,99092,10273,358,10631,111
2021-12-22,Orange,059,3164182,328602,17890,346492,6029
2021-12-22,Placer,061,380077,40437,4059,44496,501
2021-12-22,Plumas,063,18699,2030,52,2082,12
2021-12-22,Riverside,065,2383286,391353,17186,408539,5591
2021-12-22,Sacramento,067,1510023,171118,5375,176493,2495
2021-12-22,San Benito,069,59416,8056,189,8245,82
2021-12-22,San Bernardino,071,2135413,382161,12282,394443,6532
2021-12-22,San Diego,073,3302833,413025,24297,437322,4489
2021-12-22,San Francisco,075,870044,61340,2741,64081,693
2021-12-22,San Joaquin,077,732212,105656,5749,111405,1978
2021-12-22,San Luis Obispo,079,281455,31841,1425,33266,371
2021-12-22,San Mateo,081,765935,59645,1102,60747,602
2021-12-22,Santa Barbara,083,443738,48151,1679,49830,570
2021-12-22,Santa Clara,085,1922200,160268,1912,162180,1981
2021-12-22,Santa Cruz,087,273765,22574,1078,23652,230
2021-12-22,Shasta,089,179085,23085,3746,26831,449
2021-12-22,Sierra,091,2930,208,21,229,3
2021-12-22,Siskiyou,093,43540,3516,1376,4892,63
2021-12-22,Solano,095,438530,48533,1408,49941,389
2021-12-22,Sonoma,097,501317,45090,629,45719,420
2021-12-22,Stanislaus,099,539301,83274,9500,92774,1440
2021-12-22,Sutter,101,95872,14579,414,14993,193
2021-12-22,Tehama,103,63373,8957,1553,10510,165
2021-12-22,Trinity,105,12862,913,220,1133,19
2021-12-22,Tulare,107,460477,72433,16633,89066,1311
2021-12-22,Tuolumne,109,53932,7993,121,8114,150
2021-12-22,Ventura,111,848112,105296,4808,110104,1219
2021-12-22,Yolo,113,214977,21570,1139,22709,295
2021-12-22,Yuba,115,75493,10774,410,11184,102
2021-12-21,Alameda,001,1643700,128980,3165,132145,1541
2021-12-21,Alpine,002,1148,110,0,110,0
2021-12-21,Amador,005,37829,5885,75,5960,70
2021-12-21,Butte,007,227075,22353,4167,26520,361
2021-12-21,Calaveras,009,45235,4618,66,4684,92
2021-12-21,Colusa,011,21464,2663,690,3353,21
2021-12-21,Contra Costa,013,1133247,106113,2485,108598,1080
2021-12-21,Del Norte,015,27424,3830,56,3886,42
2021-12-21,El Dorado,017,186661,17457,1847,19304,179
2021-12-21,Fresno,019,978130,149465,13423,162888,2424
2021-12-21,Glenn,021,27897,3646,1057,4703,41
2021-12-21,Humboldt,023,135768,10143,746,10889,121
2021-12-21,Imperial,025,180216,37230,4070,41300,818
2021-12-21,Inyo,027,18085,2656,40,2696,49
2021-12-21,Kern,029,883053,135621,24696,160317,2026
2021-12-21,Kings,031,150075,34277,2064,36341,389
2021-12-21,Lake,033,64148,7062,168,7230,116
2021-12-21,Lassen,035,31185,7104,428,7532,54
2021-12-21,Los Angeles,037,10098052,1537398,58847,1596245,27385
2021-12-21,Madera,039,155013,24904,2377,27281,335
2021-12-21,Marin,041,260295,10982,568,11550,200
2021-12-21,Mariposa,043,17540,1509,62,1571,21
2021-12-21,Mendocino,045,87422,8397,704,9101,103
2021-12-21,Merced,047,269075,44277,2218,46495,694
2021-12-21,Modoc,049,8938,600,205,805,6
2021-12-21,Mono,051,14174,2024,24,2048,4
2021-12-21,Monterey,053,433212,51148,3456,54604,643
2021-12-21,Napa,055,140530,13926,154,14080,108
2021-12-21,Nevada,057,99092,10244,358,10602,110
2021-12-21,Orange,059,3164182,326457,17444,343901,6025
2021-12-21,Placer,061,380077,40297,4030,44327,501
2021-12-21,Plumas,063,18699,2030,52,2082,12
2021-12-21,Riverside,065,2383286,389629,17067,406696,5588
2021-12-21,Sacramento,067,1510023,170472,5320,175792,2492
2021-12-21,San Benito,069,59416,8017,186,8203,82
2021-12-21,San Bernardino,071,2135413,380486,12170,392656,6520
2021-12-21,San Diego,073,3302833,409289,23965,433254,4484
2021-12-21,San Francisco,075,870044,60376,2708,63084,693
2021-12-21,San Joaquin,077,732212,105372,5730,111102,1977
2021-12-21,San Luis Obispo,079,281455,31677,1413,33090,371
2021-12-21,San Mateo,081,765935,59026,1079,60105,602
2021-12-21,Santa Barbara,083,443738,47923,1664,49587,570
2021-12-21,Santa Clara,085,1922200,159244,1870,161114,1981
2021-12-21,Santa Cruz,087,273765,22457,1068,23525,230
2021-12-21,Shasta,089,179085,23053,3742,26795,449
2021-12-21,Sierra,091,2930,206,21,227,3
2021-12-21,Siskiyou,093,43540,3515,1376,4891,63
2021-12-21,Solano,095,438530,48378,1401,49779,389
2021-12-21,Sonoma,097,501317,44868,619,45487,420
2021-12-21,Stanislaus,099,539301,83120,9469,92589,1436
2021-12-21,Sutter,101,95872,14556,413,14969,193
2021-12-21,Tehama,103,63373,8949,1548,10497,165
2021-12-21,Trinity,105,12862,912,220,1132,19
2021-12-21,Tulare,107,460477,72339,16592,88931,1309
2021-12-21,Tuolumne,109,53932,7969,121,8090,150
2021-12-21,Ventura,111,848112,104678,4695,109373,1218
2021-12-21,Yolo,113,214977,21463,1135,22598,295
2021-12-21,Yuba,115,75493,10757,410,11167,102
2021-12-20,Alameda,001,1643700,128015,3096,131111,1540
2021-12-20,Alpine,002,1148,110,0,110,0
2021-12-20,Amador,005,37829,5871,75,5946,70
2021-12-20,Butte,007,227075,22291,4153,26444,359
2021-12-20,Calaveras,009,45235,4608,66,4674,92
2021-12-20,Colusa,011,21464,2662,690,3352,21
2021-12-20,Contra Costa,013,1133247,105577,2437,108014,1080
2021-12-20,Del Norte,015,27424,3828,56,3884,42
2021-12-20,El Dorado,017,186661,17397,1839,19236,179
2021-12-20,Fresno,019,978130,149224,13393,162617,2420
2021-12-20,Glenn,021,27897,3640,1057,4697,41
2021-12-20,Humboldt,023,135768,10101,742,10843,121
2021-12-20,Imperial,025,180216,37114,4040,41154,817
2021-12-20,Inyo,027,18085,2653,40,2693,49
2021-12-20,Kern,029,883053,135422,24636,160058,2023
2021-12-20,Kings,031,150075,34235,2063,36298,389
2021-12-20,Lake,033,64148,7057,168,7225,116
2021-12-20,Lassen,035,31185,7102,427,7529,54
2021-12-20,Los Angeles,037,10098052,1525901,58122,1584023,27372
2021-12-20,Madera,039,155013,24875,2373,27248,334
2021-12-20,Marin,041,260295,10767,550,11317,200
2021-12-20,Mariposa,043,17540,1500,62,1562,21
2021-12-20,Mendocino,045,87422,8385,702,9087,103
2021-12-20,Merced,047,269075,44220,2213,46433,693
2021-12-20,Modoc,049,8938,600,202,802,6
2021-12-20,Mono,051,14174,2001,24,2025,4
2021-12-20,Monterey,053,433212,51052,3436,54488,642
2021-12-20,Napa,055,140530,13840,144,13984,108
2021-12-20,Nevada,057,99092,10204,357,10561,110
2021-12-20,Orange,059,3164182,324847,17130,341977,6023
2021-12-20,Placer,061,380077,40165,4000,44165,501
2021-12-20,Plumas,063,18699,2027,50,2077,12
2021-12-20,Riverside,065,2383286,388182,16978,405160,5582
2021-12-20,Sacramento,067,1510023,169901,5280,175181,2490
2021-12-20,San Benito,069,59416,7973,184,8157,81
2021-12-20,San Bernardino,071,2135413,378945,12085,391030,6511
2021-12-20,San Diego,073,3302833,406072,23727,429799,4479
2021-12-20,San Francisco,075,870044,59316,2651,61967,693
2021-12-20,San Joaquin,077,732212,105130,5719,110849,1973
2021-12-20,San Luis Obispo,079,281455,31563,1405,32968,371
2021-12-20,San Mateo,081,765935,58478,1060,59538,601
2021-12-20,Santa Barbara,083,443738,47711,1659,49370,570
2021-12-20,Santa Clara,085,1922200,158280,1821,160101,1979
2021-12-20,Santa Cruz,087,273765,22376,1063,23439,230
2021-12-20,Shasta,089,179085,23032,3737,26769,448
2021-12-20,Sierra,091,2930,205,21,226,3
2021-12-20,Siskiyou,093,43540,3514,1374,4888,63
2021-12-20,Solano,095,438530,48251,1393,49644,389
2021-12-20,Sonoma,097,501317,44678,611,45289,420
2021-12-20,Stanislaus,099,539301,82994,9440,92434,1432
2021-12-20,Sutter,101,95872,14533,413,14946,193
2021-12-20,Tehama,103,63373,8941,1545,10486,165
2021-12-20,Trinity,105,12862,912,220,1132,19
2021-12-20,Tulare,107,460477,72245,16534,88779,1308
2021-12-20,Tuolumne,109,53932,7955,117,8072,150
2021-12-20,Ventura,111,848112,104171,4619,108790,1216
2021-12-20,Yolo,113,214977,21369,1123,22492,294
2021-12-20,Yuba,115,75493,10741,407,11148,102
2021-12-19,Alameda,001,1643700,127122,3056,130178,1538
2021-12-19,Alpine,002,1148,110,0,110,0
2021-12-19,Amador,005,37829,5859,74,5933,70
2021-12-19,Butte,007,227075,22236,4145,26381,358
2021-12-19,Calaveras,009,45235,4592,65,4657,92
2021-12-19,Colusa,011,21464,2662,687,3349,21
2021-12-19,Contra Costa,013,1133247,105085,2403,107488,1080
2021-12-19,Del Norte,015,27424,3824,56,3880,42
2021-12-19,El Dorado,017,186661,17338,1837,19175,178
2021-12-19,Fresno,019,978130,148982,13367,162349,2420
2021-12-19,Glenn,021,27897,3636,1056,4692,41
2021-12-19,Humboldt,023,135768,10058,737,10795,120
2021-12-19,Imperial,025,180216,36985,3997,40982,816
2021-12-19,Inyo,027,18085,2644,40,2684,48
2021-12-19,Kern,029,883053,135223,24568,159791,2021
2021-12-19,Kings,031,150075,34176,2059,36235,389
2021-12-19,Lake,033,64148,7048,165,7213,116
2021-12-19,Lassen,035,31185,7098,427,7525,54
2021-12-19,Los Angeles,037,10098052,1516889,57522,1574411,27359
2021-12-19,Madera,039,155013,24850,2367,27217,334
2021-12-19,Marin,041,260295,10591,527,11118,200
2021-12-19,Mariposa,043,17540,1494,62,1556,21
2021-12-19,Mendocino,045,87422,8368,699,9067,102
2021-12-19,Merced,047,269075,44125,2206,46331,691
2021-12-19,Modoc,049,8938,599,202,801,6
2021-12-19,Mono,051,14174,1990,23,2013,4
2021-12-19,Monterey,053,433212,50949,3415,54364,642
2021-12-19,Napa,055,140530,13767,135,13902,108
2021-12-19,Nevada,057,99092,10168,354,10522,110
2021-12-19,Orange,059,3164182,323433,16903,340336,6018
2021-12-19,Placer,061,380077,40041,3984,44025,501
2021-12-19,Plumas,063,18699,2024,50,2074,12
2021-12-19,Riverside,065,2383286,386737,16904,403641,5577
2021-12-19,Sacramento,067,1510023,169405,5251,174656,2488
2021-12-19,San Benito,069,59416,7948,183,8131,79
2021-12-19,San Bernardino,071,2135413,377611,12047,389658,6501
2021-12-19,San Diego,073,3302833,403594,23531,427125,4476
2021-12-19,San Francisco,075,870044,58435,2595,61030,692
2021-12-19,San Joaquin,077,732212,104871,5705,110576,1970
2021-12-19,San Luis Obispo,079,281455,31439,1394,32833,370
2021-12-19,San Mateo,081,765935,58011,1045,59056,601
2021-12-19,Santa Barbara,083,443738,47488,1652,49140,569
2021-12-19,Santa Clara,085,1922200,157391,1795,159186,1977
2021-12-19,Santa Cruz,087,273765,22277,1058,23335,230
2021-12-19,Shasta,089,179085,22995,3733,26728,446
2021-12-19,Sierra,091,2930,204,21,225,3
2021-12-19,Siskiyou,093,43540,3511,1374,4885,62
2021-12-19,Solano,095,438530,48130,1387,49517,389
2021-12-19,Sonoma,097,501317,44494,609,45103,420
2021-12-19,Stanislaus,099,539301,82856,9408,92264,1429
2021-12-19,Sutter,101,95872,14493,412,14905,193
2021-12-19,Tehama,103,63373,8933,1545,10478,165
2021-12-19,Trinity,105,12862,912,220,1132,18
2021-12-19,Tulare,107,460477,72152,16492,88644,1305
2021-12-19,Tuolumne,109,53932,7938,116,8054,150
2021-12-19,Ventura,111,848112,103591,4554,108145,1216
2021-12-19,Yolo,113,214977,21287,1105,22392,294
2021-12-19,Yuba,115,75493,10724,405,11129,102
2021-12-18,Alameda,001,1643700,126712,3029,129741,1536
2021-12-18,Alpine,002,1148,110,0,110,0
2021-12-18,Amador,005,37829,5853,74,5927,70
2021-12-18,Butte,007,227075,22220,4140,26360,358
2021-12-18,Calaveras,009,45235,4585,65,4650,92
2021-12-18,Colusa,011,21464,2658,685,3343,21
2021-12-18,Contra Costa,013,1133247,104871,2389,107260,1079
2021-12-18,Del Norte,015,27424,3821,56,3877,42
2021-12-18,El Dorado,017,186661,17310,1834,19144,178
2021-12-18,Fresno,019,978130,148879,13353,162232,2417
2021-12-18,Glenn,021,27897,3633,1056,4689,41
2021-12-18,Humboldt,023,135768,10042,737,10779,120
2021-12-18,Imperial,025,180216,36912,3985,40897,814
2021-12-18,Inyo,027,18085,2638,40,2678,48
2021-12-18,Kern,029,883053,135133,24523,159656,2019
2021-12-18,Kings,031,150075,34143,2055,36198,388
2021-12-18,Lake,033,64148,7047,165,7212,116
2021-12-18,Lassen,035,31185,7096,426,7522,54
2021-12-18,Los Angeles,037,10098052,1512790,57210,1570000,27340
2021-12-18,Madera,039,155013,24835,2365,27200,334
2021-12-18,Marin,041,260295,10491,515,11006,200
2021-12-18,Mariposa,043,17540,1493,62,1555,21
2021-12-18,Mendocino,045,87422,8362,699,9061,102
2021-12-18,Merced,047,269075,44090,2205,46295,690
2021-12-18,Modoc,049,8938,597,202,799,6
2021-12-18,Mono,051,14174,1988,23,2011,4
2021-12-18,Monterey,053,433212,50891,3410,54301,641
2021-12-18,Napa,055,140530,13741,133,13874,108
2021-12-18,Nevada,057,99092,10146,352,10498,110
2021-12-18,Orange,059,3164182,322765,16767,339532,6014
2021-12-18,Placer,061,380077,39939,3970,43909,498
2021-12-18,Plumas,063,18699,2024,50,2074,12
2021-12-18,Riverside,065,2383286,386036,16863,402899,5571
2021-12-18,Sacramento,067,1510023,169168,5231,174399,2481
2021-12-18,San Benito,069,59416,7933,183,8116,79
2021-12-18,San Bernardino,071,2135413,376941,12019,388960,6489
2021-12-18,San Diego,073,3302833,402628,23480,426108,4475
2021-12-18,San Francisco,075,870044,57940,2565,60505,691
2021-12-18,San Joaquin,077,732212,104784,5695,110479,1969
2021-12-18,San Luis Obispo,079,281455,31397,1388,32785,370
2021-12-18,San Mateo,081,765935,57771,1040,58811,601
2021-12-18,Santa Barbara,083,443738,47392,1650,49042,569
2021-12-18,Santa Clara,085,1922200,156935,1782,158717,1975
2021-12-18,Santa Cruz,087,273765,22225,1056,23281,230
2021-12-18,Shasta,089,179085,22974,3733,26707,446
2021-12-18,Sierra,091,2930,204,21,225,3
2021-12-18,Siskiyou,093,43540,3509,1373,4882,62
2021-12-18,Solano,095,438530,48083,1385,49468,388
2021-12-18,Sonoma,097,501317,44384,605,44989,420
2021-12-18,Stanislaus,099,539301,82774,9396,92170,1427
2021-12-18,Sutter,101,95872,14475,412,14887,193
2021-12-18,Tehama,103,63373,8926,1544,10470,165
2021-12-18,Trinity,105,12862,912,220,1132,18
2021-12-18,Tulare,107,460477,72114,16467,88581,1302
2021-12-18,Tuolumne,109,53932,7924,116,8040,150
2021-12-18,Ventura,111,848112,103306,4532,107838,1215
2021-12-18,Yolo,113,214977,21247,1100,22347,294
2021-12-18,Yuba,115,75493,10713,405,11118,102
2021-12-17,Alameda,001,1643700,126368,3010,129378,1534
2021-12-17,Alpine,002,1148,110,0,110,0
2021-12-17,Amador,005,37829,5846,74,5920,70
2021-12-17,Butte,007,227075,22199,4133,26332,358
2021-12-17,Calaveras,009,45235,4581,65,4646,92
2021-12-17,Colusa,011,21464,2657,684,3341,21
2021-12-17,Contra Costa,013,1133247,104669,2385,107054,1079
2021-12-17,Del Norte,015,27424,3820,56,3876,42
2021-12-17,El Dorado,017,186661,17282,1831,19113,178
2021-12-17,Fresno,019,978130,148776,13352,162128,2412
2021-12-17,Glenn,021,27897,3626,1056,4682,41
2021-12-17,Humboldt,023,135768,10022,735,10757,120
2021-12-17,Imperial,025,180216,36849,3967,40816,814
2021-12-17,Inyo,027,18085,2633,40,2673,48
2021-12-17,Kern,029,883053,135041,24482,159523,2016
2021-12-17,Kings,031,150075,34124,2055,36179,386
2021-12-17,Lake,033,64148,7043,165,7208,116
2021-12-17,Lassen,035,31185,7096,425,7521,54
2021-12-17,Los Angeles,037,10098052,1508844,56973,1565817,27327
2021-12-17,Madera,039,155013,24819,2360,27179,334
2021-12-17,Marin,041,260295,10415,511,10926,199
2021-12-17,Mariposa,043,17540,1489,62,1551,21
2021-12-17,Mendocino,045,87422,8351,699,9050,102
2021-12-17,Merced,047,269075,44064,2204,46268,689
2021-12-17,Modoc,049,8938,597,202,799,6
2021-12-17,Mono,051,14174,1985,23,2008,4
2021-12-17,Monterey,053,433212,50833,3405,54238,641
2021-12-17,Napa,055,140530,13714,132,13846,108
2021-12-17,Nevada,057,99092,10135,352,10487,110
2021-12-17,Orange,059,3164182,322200,16700,338900,6010
2021-12-17,Placer,061,380077,39884,3964,43848,497
2021-12-17,Plumas,063,18699,2023,50,2073,12
2021-12-17,Riverside,065,2383286,385380,16853,402233,5568
2021-12-17,Sacramento,067,1510023,168935,5218,174153,2477
2021-12-17,San Benito,069,59416,7931,183,8114,79
2021-12-17,San Bernardino,071,2135413,376379,12002,388381,6478
2021-12-17,San Diego,073,3302833,401700,23432,425132,4474
2021-12-17,San Francisco,075,870044,57612,2535,60147,690
2021-12-17,San Joaquin,077,732212,104709,5678,110387,1967
2021-12-17,San Luis Obispo,079,281455,31367,1385,32752,370
2021-12-17,San Mateo,081,765935,57583,1033,58616,601
2021-12-17,Santa Barbara,083,443738,47314,1644,48958,569
2021-12-17,Santa Clara,085,1922200,156562,1768,158330,1975
2021-12-17,Santa Cruz,087,273765,22178,1052,23230,230
2021-12-17,Shasta,089,179085,22962,3731,26693,444
2021-12-17,Sierra,091,2930,203,21,224,3
2021-12-17,Siskiyou,093,43540,3505,1371,4876,62
2021-12-17,Solano,095,438530,48017,1381,49398,387
2021-12-17,Sonoma,097,501317,44287,602,44889,420
2021-12-17,Stanislaus,099,539301,82723,9389,92112,1426
2021-12-17,Sutter,101,95872,14463,410,14873,193
2021-12-17,Tehama,103,63373,8919,1543,10462,165
2021-12-17,Trinity,105,12862,912,220,1132,18
2021-12-17,Tulare,107,460477,72072,16437,88509,1296
2021-12-17,Tuolumne,109,53932,7912,116,8028,150
2021-12-17,Ventura,111,848112,103056,4520,107576,1214
2021-12-17,Yolo,113,214977,21211,1098,22309,294
2021-12-17,Yuba,115,75493,10702,403,11105,102
2021-12-16,Alameda,001,1643700,125988,2995,128983,1534
2021-12-16,Alpine,002,1148,108,0,108,0
2021-12-16,Amador,005,37829,5838,74,5912,70
2021-12-16,Butte,007,227075,22179,4129,26308,358
2021-12-16,Calaveras,009,45235,4574,65,4639,92
2021-12-16,Colusa,011,21464,2657,684,3341,21
2021-12-16,Contra Costa,013,1133247,104447,2375,106822,1078
2021-12-16,Del Norte,015,27424,3817,56,3873,42
2021-12-16,El Dorado,017,186661,17247,1826,19073,177
2021-12-16,Fresno,019,978130,148617,13343,161960,2409
2021-12-16,Glenn,021,27897,3626,1053,4679,41
2021-12-16,Humboldt,023,135768,9998,725,10723,120
2021-12-16,Imperial,025,180216,36765,3939,40704,813
2021-12-16,Inyo,027,18085,2629,39,2668,48
2021-12-16,Kern,029,883053,134897,24433,159330,2011
2021-12-16,Kings,031,150075,34100,2054,36154,385
2021-12-16,Lake,033,64148,7039,165,7204,116
2021-12-16,Lassen,035,31185,7093,424,7517,54
2021-12-16,Los Angeles,037,10098052,1504630,56710,1561340,27309
2021-12-16,Madera,039,155013,24790,2356,27146,334
2021-12-16,Marin,041,260295,10368,504,10872,199
2021-12-16,Mariposa,043,17540,1487,62,1549,21
2021-12-16,Mendocino,045,87422,8340,694,9034,102
2021-12-16,Merced,047,269075,44025,2203,46228,689
2021-12-16,Modoc,049,8938,597,202,799,6
2021-12-16,Mono,051,14174,1982,23,2005,4
2021-12-16,Monterey,053,433212,50762,3388,54150,641
2021-12-16,Napa,055,140530,13682,132,13814,108
2021-12-16,Nevada,057,99092,10109,352,10461,110
2021-12-16,Orange,059,3164182,321587,16620,338207,6004
2021-12-16,Placer,061,380077,39805,3959,43764,497
2021-12-16,Plumas,063,18699,2023,50,2073,12
2021-12-16,Riverside,065,2383286,384571,16839,401410,5561
2021-12-16,Sacramento,067,1510023,168650,5194,173844,2474
2021-12-16,San Benito,069,59416,7924,183,8107,78
2021-12-16,San Bernardino,071,2135413,375713,11982,387695,6470
2021-12-16,San Diego,073,3302833,400531,23366,423897,4469
2021-12-16,San Francisco,075,870044,57232,2513,59745,690
2021-12-16,San Joaquin,077,732212,104587,5671,110258,1965
2021-12-16,San Luis Obispo,079,281455,31297,1379,32676,370
2021-12-16,San Mateo,081,765935,57383,1030,58413,601
2021-12-16,Santa Barbara,083,443738,47193,1640,48833,567
2021-12-16,Santa Clara,085,1922200,156230,1758,157988,1975
2021-12-16,Santa Cruz,087,273765,22132,1051,23183,230
2021-12-16,Shasta,089,179085,22932,3729,26661,444
2021-12-16,Sierra,091,2930,203,21,224,3
2021-12-16,Siskiyou,093,43540,3504,1367,4871,62
2021-12-16,Solano,095,438530,47948,1374,49322,387
2021-12-16,Sonoma,097,501317,44187,600,44787,419
2021-12-16,Stanislaus,099,539301,82637,9375,92012,1426
2021-12-16,Sutter,101,95872,14449,409,14858,193
2021-12-16,Tehama,103,63373,8912,1542,10454,165
2021-12-16,Trinity,105,12862,912,220,1132,18
2021-12-16,Tulare,107,460477,72023,16412,88435,1295
2021-12-16,Tuolumne,109,53932,7891,116,8007,150
2021-12-16,Ventura,111,848112,102789,4513,107302,1212
2021-12-16,Yolo,113,214977,21160,1093,22253,294
2021-12-16,Yuba,115,75493,10686,402,11088,102
2021-12-15,Alameda,001,1643700,125659,2984,128643,1532
2021-12-15,Alpine,002,1148,108,0,108,0
2021-12-15,Amador,005,37829,5832,74,5906,70
2021-12-15,Butte,007,227075,22155,4128,26283,356
2021-12-15,Calaveras,009,45235,4568,65,4633,92
2021-12-15,Colusa,011,21464,2656,683,3339,21
2021-12-15,Contra Costa,013,1133247,104228,2372,106600,1078
2021-12-15,Del Norte,015,27424,3816,55,3871,42
2021-12-15,El Dorado,017,186661,17217,1820,19037,176
2021-12-15,Fresno,019,978130,148488,13328,161816,2406
2021-12-15,Glenn,021,27897,3625,1053,4678,41
2021-12-15,Humboldt,023,135768,9978,724,10702,120
2021-12-15,Imperial,025,180216,36686,3895,40581,811
2021-12-15,Inyo,027,18085,2624,39,2663,48
2021-12-15,Kern,029,883053,134759,24387,159146,2008
2021-12-15,Kings,031,150075,34071,2050,36121,385
2021-12-15,Lake,033,64148,7031,164,7195,116
2021-12-15,Lassen,035,31185,7093,424,7517,54
2021-12-15,Los Angeles,037,10098052,1500721,56511,1557232,27294
2021-12-15,Madera,039,155013,24772,2350,27122,334
2021-12-15,Marin,041,260295,10309,499,10808,199
2021-12-15,Mariposa,043,17540,1484,62,1546,21
2021-12-15,Mendocino,045,87422,8335,691,9026,102
2021-12-15,Merced,047,269075,43983,2191,46174,688
2021-12-15,Modoc,049,8938,597,202,799,6
2021-12-15,Mono,051,14174,1978,23,2001,4
2021-12-15,Monterey,053,433212,50707,3370,54077,641
2021-12-15,Napa,055,140530,13653,130,13783,108
2021-12-15,Nevada,057,99092,10088,352,10440,110
2021-12-15,Orange,059,3164182,321001,16578,337579,5998
2021-12-15,Placer,061,380077,39747,3949,43696,496
2021-12-15,Plumas,063,18699,2019,50,2069,12
2021-12-15,Riverside,065,2383286,383848,16828,400676,5555
2021-12-15,Sacramento,067,1510023,168341,5174,173515,2472
2021-12-15,San Benito,069,59416,7909,183,8092,78
2021-12-15,San Bernardino,071,2135413,375146,11949,387095,6461
2021-12-15,San Diego,073,3302833,399335,23296,422631,4460
2021-12-15,San Francisco,075,870044,56913,2495,59408,690
2021-12-15,San Joaquin,077,732212,104436,5661,110097,1964
2021-12-15,San Luis Obispo,079,281455,31248,1372,32620,369
2021-12-15,San Mateo,081,765935,57241,1020,58261,601
2021-12-15,Santa Barbara,083,443738,47112,1638,48750,564
2021-12-15,Santa Clara,085,1922200,155918,1740,157658,1973
2021-12-15,Santa Cruz,087,273765,22092,1044,23136,229
2021-12-15,Shasta,089,179085,22917,3725,26642,443
2021-12-15,Sierra,091,2930,203,21,224,3
2021-12-15,Siskiyou,093,43540,3503,1366,4869,61
2021-12-15,Solano,095,438530,47877,1368,49245,387
2021-12-15,Sonoma,097,501317,44103,595,44698,419
2021-12-15,Stanislaus,099,539301,82529,9367,91896,1422
2021-12-15,Sutter,101,95872,14429,408,14837,193
2021-12-15,Tehama,103,63373,8905,1541,10446,165
2021-12-15,Trinity,105,12862,911,220,1131,18
2021-12-15,Tulare,107,460477,71971,16384,88355,1293
2021-12-15,Tuolumne,109,53932,7882,115,7997,150
2021-12-15,Ventura,111,848112,102574,4507,107081,1208
2021-12-15,Yolo,113,214977,21131,1089,22220,294
2021-12-15,Yuba,115,75493,10676,401,11077,102
2021-12-14,Alameda,001,1643700,125326,2972,128298,1531
2021-12-14,Alpine,002,1148,107,0,107,0
2021-12-14,Amador,005,37829,5826,73,5899,70
2021-12-14,Butte,007,227075,22122,4126,26248,356
2021-12-14,Calaveras,009,45235,4556,65,4621,90
2021-12-14,Colusa,011,21464,2654,683,3337,21
2021-12-14,Contra Costa,013,1133247,104044,2368,106412,1078
2021-12-14,Del Norte,015,27424,3813,55,3868,42
2021-12-14,El Dorado,017,186661,17182,1818,19000,176
2021-12-14,Fresno,019,978130,148317,13320,161637,2404
2021-12-14,Glenn,021,27897,3624,1053,4677,41
2021-12-14,Humboldt,023,135768,9966,716,10682,120
2021-12-14,Imperial,025,180216,36614,3852,40466,809
2021-12-14,Inyo,027,18085,2623,39,2662,48
2021-12-14,Kern,029,883053,134621,24338,158959,2002
2021-12-14,Kings,031,150075,34034,2047,36081,383
2021-12-14,Lake,033,64148,7022,164,7186,116
2021-12-14,Lassen,035,31185,7092,424,7516,54
2021-12-14,Los Angeles,037,10098052,1497050,56335,1553385,27275
2021-12-14,Madera,039,155013,24745,2342,27087,333
2021-12-14,Marin,041,260295,10261,497,10758,199
2021-12-14,Mariposa,043,17540,1481,61,1542,21
2021-12-14,Mendocino,045,87422,8307,689,8996,101
2021-12-14,Merced,047,269075,43937,2189,46126,688
2021-12-14,Modoc,049,8938,596,202,798,6
2021-12-14,Mono,051,14174,1971,23,1994,4
2021-12-14,Monterey,053,433212,50622,3360,53982,640
2021-12-14,Napa,055,140530,13624,130,13754,107
2021-12-14,Nevada,057,99092,10062,351,10413,110
2021-12-14,Orange,059,3164182,320447,16524,336971,5997
2021-12-14,Placer,061,380077,39671,3944,43615,496
2021-12-14,Plumas,063,18699,2015,48,2063,12
2021-12-14,Riverside,065,2383286,383154,16811,399965,5549
2021-12-14,Sacramento,067,1510023,168031,5151,173182,2469
2021-12-14,San Benito,069,59416,7891,183,8074,78
2021-12-14,San Bernardino,071,2135413,374514,11917,386431,6451
2021-12-14,San Diego,073,3302833,398197,23245,421442,4454
2021-12-14,San Francisco,075,870044,56597,2484,59081,690
2021-12-14,San Joaquin,077,732212,104293,5644,109937,1963
2021-12-14,San Luis Obispo,079,281455,31187,1368,32555,369
2021-12-14,San Mateo,081,765935,57077,1013,58090,601
2021-12-14,Santa Barbara,083,443738,47010,1634,48644,563
2021-12-14,Santa Clara,085,1922200,155596,1727,157323,1972
2021-12-14,Santa Cruz,087,273765,22027,1039,23066,229
2021-12-14,Shasta,089,179085,22890,3724,26614,443
2021-12-14,Sierra,091,2930,201,21,222,3
2021-12-14,Siskiyou,093,43540,3498,1365,4863,61
2021-12-14,Solano,095,438530,47830,1362,49192,387
2021-12-14,Sonoma,097,501317,44020,593,44613,419
2021-12-14,Stanislaus,099,539301,82442,9351,91793,1421
2021-12-14,Sutter,101,95872,14417,407,14824,192
2021-12-14,Tehama,103,63373,8901,1541,10442,165
2021-12-14,Trinity,105,12862,911,220,1131,18
2021-12-14,Tulare,107,460477,71899,16354,88253,1291
2021-12-14,Tuolumne,109,53932,7869,115,7984,150
2021-12-14,Ventura,111,848112,102350,4500,106850,1207
2021-12-14,Yolo,113,214977,21092,1081,22173,294
2021-12-14,Yuba,115,75493,10659,401,11060,102
2021-12-13,Alameda,001,1643700,125035,2955,127990,1531
2021-12-13,Alpine,002,1148,107,0,107,0
2021-12-13,Amador,005,37829,5822,73,5895,70
2021-12-13,Butte,007,227075,22098,4122,26220,354
2021-12-13,Calaveras,009,45235,4549,64,4613,90
2021-12-13,Colusa,011,21464,2651,683,3334,21
2021-12-13,Contra Costa,013,1133247,103890,2358,106248,1076
2021-12-13,Del Norte,015,27424,3809,55,3864,42
2021-12-13,El Dorado,017,186661,17159,1816,18975,175
2021-12-13,Fresno,019,978130,148167,13310,161477,2401
2021-12-13,Glenn,021,27897,3620,1051,4671,41
2021-12-13,Humboldt,023,135768,9937,712,10649,120
2021-12-13,Imperial,025,180216,36530,3831,40361,808
2021-12-13,Inyo,027,18085,2622,39,2661,48
2021-12-13,Kern,029,883053,134495,24285,158780,1999
2021-12-13,Kings,031,150075,33991,2042,36033,383
2021-12-13,Lake,033,64148,7020,162,7182,116
2021-12-13,Lassen,035,31185,7091,424,7515,54
2021-12-13,Los Angeles,037,10098052,1494265,56175,1550440,27265
2021-12-13,Madera,039,155013,24716,2337,27053,331
2021-12-13,Marin,041,260295,10201,494,10695,199
2021-12-13,Mariposa,043,17540,1479,61,1540,21
2021-12-13,Mendocino,045,87422,8294,687,8981,101
2021-12-13,Merced,047,269075,43897,2185,46082,687
2021-12-13,Modoc,049,8938,595,202,797,6
2021-12-13,Mono,051,14174,1964,23,1987,4
2021-12-13,Monterey,053,433212,50571,3341,53912,639
2021-12-13,Napa,055,140530,13611,130,13741,107
2021-12-13,Nevada,057,99092,10043,350,10393,109
2021-12-13,Orange,059,3164182,319976,16472,336448,5989
2021-12-13,Placer,061,380077,39610,3933,43543,495
2021-12-13,Plumas,063,18699,2011,48,2059,12
2021-12-13,Riverside,065,2383286,382573,16796,399369,5542
2021-12-13,Sacramento,067,1510023,167753,5119,172872,2469
2021-12-13,San Benito,069,59416,7882,183,8065,78
2021-12-13,San Bernardino,071,2135413,373933,11909,385842,6445
2021-12-13,San Diego,073,3302833,397391,23193,420584,4450
2021-12-13,San Francisco,075,870044,56326,2471,58797,690
2021-12-13,San Joaquin,077,732212,104178,5635,109813,1960
2021-12-13,San Luis Obispo,079,281455,31137,1364,32501,368
2021-12-13,San Mateo,081,765935,56918,1004,57922,601
2021-12-13,Santa Barbara,083,443738,46922,1629,48551,562
2021-12-13,Santa Clara,085,1922200,155331,1716,157047,1971
2021-12-13,Santa Cruz,087,273765,21972,1036,23008,228
2021-12-13,Shasta,089,179085,22869,3722,26591,440
2021-12-13,Sierra,091,2930,201,21,222,3
2021-12-13,Siskiyou,093,43540,3494,1362,4856,61
2021-12-13,Solano,095,438530,47756,1357,49113,385
2021-12-13,Sonoma,097,501317,43924,591,44515,419
2021-12-13,Stanislaus,099,539301,82325,9328,91653,1419
2021-12-13,Sutter,101,95872,14410,407,14817,191
2021-12-13,Tehama,103,63373,8889,1541,10430,165
2021-12-13,Trinity,105,12862,911,220,1131,18
2021-12-13,Tulare,107,460477,71841,16330,88171,1289
2021-12-13,Tuolumne,109,53932,7858,115,7973,150
2021-12-13,Ventura,111,848112,102125,4489,106614,1207
2021-12-13,Yolo,113,214977,21040,1079,22119,294
2021-12-13,Yuba,115,75493,10641,401,11042,102
2021-12-12,Alameda,001,1643700,124753,2943,127696,1530
2021-12-12,Alpine,002,1148,107,0,107,0
2021-12-12,Amador,005,37829,5814,72,5886,69
2021-12-12,Butte,007,227075,22074,4116,26190,353
2021-12-12,Calaveras,009,45235,4538,64,4602,90
2021-12-12,Colusa,011,21464,2646,680,3326,21
2021-12-12,Contra Costa,013,1133247,103701,2355,106056,1076
2021-12-12,Del Norte,015,27424,3806,55,3861,42
2021-12-12,El Dorado,017,186661,17123,1808,18931,174
2021-12-12,Fresno,019,978130,148004,13295,161299,2398
2021-12-12,Glenn,021,27897,3617,1051,4668,41
2021-12-12,Humboldt,023,135768,9912,705,10617,120
2021-12-12,Imperial,025,180216,36396,3800,40196,804
2021-12-12,Inyo,027,18085,2617,39,2656,48
2021-12-12,Kern,029,883053,134329,24244,158573,1995
2021-12-12,Kings,031,150075,33940,2040,35980,383
2021-12-12,Lake,033,64148,7012,161,7173,116
2021-12-12,Lassen,035,31185,7090,424,7514,54
2021-12-12,Los Angeles,037,10098052,1491349,55998,1547347,27250
2021-12-12,Madera,039,155013,24686,2330,27016,330
2021-12-12,Marin,041,260295,10148,490,10638,199
2021-12-12,Mariposa,043,17540,1478,61,1539,21
2021-12-12,Mendocino,045,87422,8281,686,8967,100
2021-12-12,Merced,047,269075,43863,2178,46041,687
2021-12-12,Modoc,049,8938,595,201,796,6
2021-12-12,Mono,051,14174,1960,23,1983,4
2021-12-12,Monterey,053,433212,50517,3315,53832,639
2021-12-12,Napa,055,140530,13568,128,13696,107
2021-12-12,Nevada,057,99092,10017,349,10366,108
2021-12-12,Orange,059,3164182,319467,16408,335875,5986
2021-12-12,Placer,061,380077,39546,3927,43473,494
2021-12-12,Plumas,063,18699,2007,46,2053,12
2021-12-12,Riverside,065,2383286,381897,16771,398668,5536
2021-12-12,Sacramento,067,1510023,167485,5098,172583,2467
2021-12-12,San Benito,069,59416,7862,183,8045,78
2021-12-12,San Bernardino,071,2135413,373285,11885,385170,6436
2021-12-12,San Diego,073,3302833,396496,23155,419651,4446
2021-12-12,San Francisco,075,870044,56070,2459,58529,689
2021-12-12,San Joaquin,077,732212,104038,5625,109663,1957
2021-12-12,San Luis Obispo,079,281455,31084,1362,32446,367
2021-12-12,San Mateo,081,765935,56801,1000,57801,601
2021-12-12,Santa Barbara,083,443738,46847,1627,48474,562
2021-12-12,Santa Clara,085,1922200,155045,1702,156747,1969
2021-12-12,Santa Cruz,087,273765,21923,1034,22957,228
2021-12-12,Shasta,089,179085,22841,3721,26562,440
2021-12-12,Sierra,091,2930,201,21,222,3
2021-12-12,Siskiyou,093,43540,3494,1362,4856,61
2021-12-12,Solano,095,438530,47690,1354,49044,385
2021-12-12,Sonoma,097,501317,43832,588,44420,419
2021-12-12,Stanislaus,099,539301,82225,9315,91540,1418
2021-12-12,Sutter,101,95872,14399,407,14806,191
2021-12-12,Tehama,103,63373,8878,1539,10417,163
2021-12-12,Trinity,105,12862,909,220,1129,18
2021-12-12,Tulare,107,460477,71765,16288,88053,1288
2021-12-12,Tuolumne,109,53932,7841,115,7956,150
2021-12-12,Ventura,111,848112,101931,4475,106406,1207
2021-12-12,Yolo,113,214977,20984,1074,22058,294
2021-12-12,Yuba,115,75493,10627,398,11025,102
2021-12-11,Alameda,001,1643700,124614,2941,127555,1528
2021-12-11,Alpine,002,1148,107,0,107,0
2021-12-11,Amador,005,37829,5809,72,5881,69
2021-12-11,Butte,007,227075,22060,4114,26174,353
2021-12-11,Calaveras,009,45235,4530,63,4593,90
2021-12-11,Colusa,011,21464,2642,679,3321,21
2021-12-11,Contra Costa,013,1133247,103615,2353,105968,1076
2021-12-11,Del Norte,015,27424,3806,55,3861,42
2021-12-11,El Dorado,017,186661,17103,1807,18910,174
2021-12-11,Fresno,019,978130,147915,13286,161201,2394
2021-12-11,Glenn,021,27897,3615,1051,4666,41
2021-12-11,Humboldt,023,135768,9895,702,10597,120
2021-12-11,Imperial,025,180216,36338,3791,40129,803
2021-12-11,Inyo,027,18085,2612,39,2651,48
2021-12-11,Kern,029,883053,134260,24210,158470,1993
2021-12-11,Kings,031,150075,33926,2038,35964,382
2021-12-11,Lake,033,64148,7011,159,7170,116
2021-12-11,Lassen,035,31185,7089,424,7513,54
2021-12-11,Los Angeles,037,10098052,1490135,55908,1546043,27238
2021-12-11,Madera,039,155013,24680,2329,27009,330
2021-12-11,Marin,041,260295,10114,487,10601,199
2021-12-11,Mariposa,043,17540,1477,61,1538,21
2021-12-11,Mendocino,045,87422,8275,686,8961,100
2021-12-11,Merced,047,269075,43844,2177,46021,687
2021-12-11,Modoc,049,8938,595,201,796,6
2021-12-11,Mono,051,14174,1956,23,1979,4
2021-12-11,Monterey,053,433212,50488,3312,53800,635
2021-12-11,Napa,055,140530,13551,128,13679,107
2021-12-11,Nevada,057,99092,10004,349,10353,108
2021-12-11,Orange,059,3164182,319217,16381,335598,5984
2021-12-11,Placer,061,380077,39487,3920,43407,494
2021-12-11,Plumas,063,18699,2001,46,2047,12
2021-12-11,Riverside,065,2383286,381477,16756,398233,5530
2021-12-11,Sacramento,067,1510023,167354,5091,172445,2464
2021-12-11,San Benito,069,59416,7848,183,8031,77
2021-12-11,San Bernardino,071,2135413,372922,11875,384797,6432
2021-12-11,San Diego,073,3302833,396073,23117,419190,4441
2021-12-11,San Francisco,075,870044,55917,2454,58371,688
2021-12-11,San Joaquin,077,732212,103977,5621,109598,1954
2021-12-11,San Luis Obispo,079,281455,31062,1358,32420,367
2021-12-11,San Mateo,081,765935,56722,998,57720,601
2021-12-11,Santa Barbara,083,443738,46812,1627,48439,562
2021-12-11,Santa Clara,085,1922200,154847,1690,156537,1969
2021-12-11,Santa Cruz,087,273765,21899,1034,22933,227
2021-12-11,Shasta,089,179085,22826,3717,26543,439
2021-12-11,Sierra,091,2930,201,21,222,3
2021-12-11,Siskiyou,093,43540,3488,1359,4847,61
2021-12-11,Solano,095,438530,47661,1350,49011,385
2021-12-11,Sonoma,097,501317,43783,588,44371,419
2021-12-11,Stanislaus,099,539301,82176,9306,91482,1416
2021-12-11,Sutter,101,95872,14390,407,14797,190
2021-12-11,Tehama,103,63373,8875,1537,10412,163
2021-12-11,Trinity,105,12862,909,220,1129,18
2021-12-11,Tulare,107,460477,71721,16278,87999,1286
2021-12-11,Tuolumne,109,53932,7832,115,7947,149
2021-12-11,Ventura,111,848112,101856,4468,106324,1207
2021-12-11,Yolo,113,214977,20965,1070,22035,294
2021-12-11,Yuba,115,75493,10615,397,11012,102
2021-12-10,Alameda,001,1643700,124490,2933,127423,1527
2021-12-10,Alpine,002,1148,106,0,106,0
2021-12-10,Amador,005,37829,5802,72,5874,69
2021-12-10,Butte,007,227075,22047,4112,26159,353
2021-12-10,Calaveras,009,45235,4527,63,4590,90
2021-12-10,Colusa,011,21464,2641,679,3320,21
2021-12-10,Contra Costa,013,1133247,103518,2352,105870,1076
2021-12-10,Del Norte,015,27424,3806,55,3861,42
2021-12-10,El Dorado,017,186661,17090,1807,18897,174
2021-12-10,Fresno,019,978130,147827,13275,161102,2390
2021-12-10,Glenn,021,27897,3615,1051,4666,41
2021-12-10,Humboldt,023,135768,9878,700,10578,120
2021-12-10,Imperial,025,180216,36283,3776,40059,802
2021-12-10,Inyo,027,18085,2609,39,2648,48
2021-12-10,Kern,029,883053,134171,24186,158357,1989
2021-12-10,Kings,031,150075,33911,2036,35947,382
2021-12-10,Lake,033,64148,7004,159,7163,116
2021-12-10,Lassen,035,31185,7088,424,7512,54
2021-12-10,Los Angeles,037,10098052,1489046,55822,1544868,27218
2021-12-10,Madera,039,155013,24662,2327,26989,330
2021-12-10,Marin,041,260295,10092,487,10579,199
2021-12-10,Mariposa,043,17540,1474,61,1535,21
2021-12-10,Mendocino,045,87422,8268,685,8953,100
2021-12-10,Merced,047,269075,43826,2175,46001,685
2021-12-10,Modoc,049,8938,595,201,796,6
2021-12-10,Mono,051,14174,1953,23,1976,4
2021-12-10,Monterey,053,433212,50451,3306,53757,635
2021-12-10,Napa,055,140530,13539,127,13666,107
2021-12-10,Nevada,057,99092,9995,349,10344,108
2021-12-10,Orange,059,3164182,318949,16349,335298,5982
2021-12-10,Placer,061,380077,39446,3917,43363,494
2021-12-10,Plumas,063,18699,1999,46,2045,12
2021-12-10,Riverside,065,2383286,381066,16746,397812,5521
2021-12-10,Sacramento,067,1510023,167202,5089,172291,2461
2021-12-10,San Benito,069,59416,7844,183,8027,77
2021-12-10,San Bernardino,071,2135413,372550,11852,384402,6424
2021-12-10,San Diego,073,3302833,395593,23103,418696,4438
2021-12-10,San Francisco,075,870044,55832,2448,58280,688
2021-12-10,San Joaquin,077,732212,103921,5617,109538,1954
2021-12-10,San Luis Obispo,079,281455,31052,1355,32407,367
2021-12-10,San Mateo,081,765935,56665,995,57660,600
2021-12-10,Santa Barbara,083,443738,46776,1626,48402,562
2021-12-10,Santa Clara,085,1922200,154677,1677,156354,1968
2021-12-10,Santa Cruz,087,273765,21879,1033,22912,227
2021-12-10,Shasta,089,179085,22815,3714,26529,439
2021-12-10,Sierra,091,2930,201,21,222,3
2021-12-10,Siskiyou,093,43540,3481,1359,4840,61
2021-12-10,Solano,095,438530,47619,1346,48965,384
2021-12-10,Sonoma,097,501317,43749,587,44336,419
2021-12-10,Stanislaus,099,539301,82110,9300,91410,1415
2021-12-10,Sutter,101,95872,14382,407,14789,190
2021-12-10,Tehama,103,63373,8873,1535,10408,162
2021-12-10,Trinity,105,12862,909,220,1129,18
2021-12-10,Tulare,107,460477,71692,16254,87946,1285
2021-12-10,Tuolumne,109,53932,7826,115,7941,149
2021-12-10,Ventura,111,848112,101752,4465,106217,1207
2021-12-10,Yolo,113,214977,20951,1068,22019,294
2021-12-10,Yuba,115,75493,10603,396,10999,101
2021-12-09,Alameda,001,1643700,124346,2928,127274,1526
2021-12-09,Alpine,002,1148,106,0,106,0
2021-12-09,Amador,005,37829,5799,71,5870,69
2021-12-09,Butte,007,227075,22027,4108,26135,351
2021-12-09,Calaveras,009,45235,4518,63,4581,90
2021-12-09,Colusa,011,21464,2639,679,3318,21
2021-12-09,Contra Costa,013,1133247,103399,2346,105745,1076
2021-12-09,Del Norte,015,27424,3805,55,3860,42
2021-12-09,El Dorado,017,186661,17062,1802,18864,174
2021-12-09,Fresno,019,978130,147679,13262,160941,2389
2021-12-09,Glenn,021,27897,3615,1051,4666,41
2021-12-09,Humboldt,023,135768,9855,699,10554,120
2021-12-09,Imperial,025,180216,36212,3747,39959,802
2021-12-09,Inyo,027,18085,2607,39,2646,48
2021-12-09,Kern,029,883053,134045,24153,158198,1988
2021-12-09,Kings,031,150075,33884,2033,35917,382
2021-12-09,Lake,033,64148,6995,159,7154,116
2021-12-09,Lassen,035,31185,7086,424,7510,54
2021-12-09,Los Angeles,037,10098052,1487505,55738,1543243,27210
2021-12-09,Madera,039,155013,24637,2324,26961,329
2021-12-09,Marin,041,260295,10078,485,10563,199
2021-12-09,Mariposa,043,17540,1473,61,1534,21
2021-12-09,Mendocino,045,87422,8255,682,8937,100
2021-12-09,Merced,047,269075,43788,2163,45951,685
2021-12-09,Modoc,049,8938,595,201,796,6
2021-12-09,Mono,051,14174,1949,23,1972,4
2021-12-09,Monterey,053,433212,50405,3295,53700,635
2021-12-09,Napa,055,140530,13519,123,13642,107
2021-12-09,Nevada,057,99092,9976,349,10325,107
2021-12-09,Orange,059,3164182,318612,16310,334922,5979
2021-12-09,Placer,061,380077,39402,3904,43306,493
2021-12-09,Plumas,063,18699,1991,46,2037,12
2021-12-09,Riverside,065,2383286,380515,16730,397245,5512
2021-12-09,Sacramento,067,1510023,166981,5074,172055,2460
2021-12-09,San Benito,069,59416,7831,182,8013,77
2021-12-09,San Bernardino,071,2135413,372035,11828,383863,6415
2021-12-09,San Diego,073,3302833,394947,23073,418020,4431
2021-12-09,San Francisco,075,870044,55747,2441,58188,688
2021-12-09,San Joaquin,077,732212,103829,5612,109441,1950
2021-12-09,San Luis Obispo,079,281455,31024,1352,32376,367
2021-12-09,San Mateo,081,765935,56577,993,57570,600
2021-12-09,Santa Barbara,083,443738,46696,1620,48316,562
2021-12-09,Santa Clara,085,1922200,154460,1666,156126,1967
2021-12-09,Santa Cruz,087,273765,21851,1033,22884,227
2021-12-09,Shasta,089,179085,22799,3713,26512,439
2021-12-09,Sierra,091,2930,201,21,222,3
2021-12-09,Siskiyou,093,43540,3477,1358,4835,60
2021-12-09,Solano,095,438530,47582,1344,48926,384
2021-12-09,Sonoma,097,501317,43693,585,44278,419
2021-12-09,Stanislaus,099,539301,82039,9285,91324,1413
2021-12-09,Sutter,101,95872,14367,407,14774,190
2021-12-09,Tehama,103,63373,8866,1533,10399,162
2021-12-09,Trinity,105,12862,909,220,1129,18
2021-12-09,Tulare,107,460477,71636,16226,87862,1283
2021-12-09,Tuolumne,109,53932,7815,114,7929,149
2021-12-09,Ventura,111,848112,101606,4453,106059,1205
2021-12-09,Yolo,113,214977,20928,1060,21988,294
2021-12-09,Yuba,115,75493,10595,393,10988,101
2021-12-08,Alameda,001,1643700,124195,2918,127113,1526
2021-12-08,Alpine,002,1148,106,0,106,0
2021-12-08,Amador,005,37829,5794,71,5865,69
2021-12-08,Butte,007,227075,22010,4105,26115,351
2021-12-08,Calaveras,009,45235,4510,63,4573,90
2021-12-08,Colusa,011,21464,2636,678,3314,21
2021-12-08,Contra Costa,013,1133247,103270,2346,105616,1076
2021-12-08,Del Norte,015,27424,3804,55,3859,41
2021-12-08,El Dorado,017,186661,17030,1802,18832,174
2021-12-08,Fresno,019,978130,147518,13248,160766,2385
2021-12-08,Glenn,021,27897,3615,1048,4663,41
2021-12-08,Humboldt,023,135768,9834,697,10531,120
2021-12-08,Imperial,025,180216,36131,3717,39848,801
2021-12-08,Inyo,027,18085,2604,39,2643,48
2021-12-08,Kern,029,883053,133922,24105,158027,1985
2021-12-08,Kings,031,150075,33849,2032,35881,379
2021-12-08,Lake,033,64148,6989,158,7147,116
2021-12-08,Lassen,035,31185,7085,422,7507,54
2021-12-08,Los Angeles,037,10098052,1485958,55627,1541585,27195
2021-12-08,Madera,039,155013,24616,2317,26933,328
2021-12-08,Marin,041,260295,10057,482,10539,199
2021-12-08,Mariposa,043,17540,1470,61,1531,21
2021-12-08,Mendocino,045,87422,8242,681,8923,100
2021-12-08,Merced,047,269075,43756,2156,45912,684
2021-12-08,Modoc,049,8938,595,201,796,6
2021-12-08,Mono,051,14174,1943,23,1966,4
2021-12-08,Monterey,053,433212,50338,3282,53620,635
2021-12-08,Napa,055,140530,13505,123,13628,107
2021-12-08,Nevada,057,99092,9960,349,10309,107
2021-12-08,Orange,059,3164182,318265,16273,334538,5977
2021-12-08,Placer,061,380077,39350,3900,43250,491
2021-12-08,Plumas,063,18699,1989,46,2035,12
2021-12-08,Riverside,065,2383286,380002,16707,396709,5507
2021-12-08,Sacramento,067,1510023,166726,5047,171773,2456
2021-12-08,San Benito,069,59416,7822,182,8004,77
2021-12-08,San Bernardino,071,2135413,371553,11804,383357,6404
2021-12-08,San Diego,073,3302833,394297,23042,417339,4427
2021-12-08,San Francisco,075,870044,55660,2433,58093,688
2021-12-08,San Joaquin,077,732212,103727,5603,109330,1949
2021-12-08,San Luis Obispo,079,281455,30975,1347,32322,367
2021-12-08,San Mateo,081,765935,56510,987,57497,600
2021-12-08,Santa Barbara,083,443738,46641,1617,48258,561
2021-12-08,Santa Clara,085,1922200,154297,1655,155952,1967
2021-12-08,Santa Cruz,087,273765,21804,1031,22835,227
2021-12-08,Shasta,089,179085,22779,3707,26486,439
2021-12-08,Sierra,091,2930,201,21,222,3
2021-12-08,Siskiyou,093,43540,3476,1356,4832,60
2021-12-08,Solano,095,438530,47552,1343,48895,384
2021-12-08,Sonoma,097,501317,43631,584,44215,419
2021-12-08,Stanislaus,099,539301,81958,9272,91230,1413
2021-12-08,Sutter,101,95872,14351,405,14756,190
2021-12-08,Tehama,103,63373,8857,1533,10390,162
2021-12-08,Trinity,105,12862,909,220,1129,18
2021-12-08,Tulare,107,460477,71573,16201,87774,1281
2021-12-08,Tuolumne,109,53932,7802,114,7916,147
2021-12-08,Ventura,111,848112,101477,4450,105927,1203
2021-12-08,Yolo,113,214977,20901,1055,21956,294
2021-12-08,Yuba,115,75493,10581,390,10971,101
2021-12-07,Alameda,001,1643700,124020,2910,126930,1524
2021-12-07,Alpine,002,1148,106,0,106,0
2021-12-07,Amador,005,37829,5791,70,5861,69
2021-12-07,Butte,007,227075,21986,4099,26085,349
2021-12-07,Calaveras,009,45235,4493,63,4556,90
2021-12-07,Colusa,011,21464,2634,678,3312,21
2021-12-07,Contra Costa,013,1133247,103149,2338,105487,1076
2021-12-07,Del Norte,015,27424,3803,55,3858,41
2021-12-07,El Dorado,017,186661,17005,1799,18804,174
2021-12-07,Fresno,019,978130,147369,13234,160603,2382
2021-12-07,Glenn,021,27897,3614,1048,4662,41
2021-12-07,Humboldt,023,135768,9808,692,10500,120
2021-12-07,Imperial,025,180216,36053,3696,39749,798
2021-12-07,Inyo,027,18085,2601,39,2640,48
2021-12-07,Kern,029,883053,133762,24052,157814,1983
2021-12-07,Kings,031,150075,33817,2029,35846,378
2021-12-07,Lake,033,64148,6985,158,7143,116
2021-12-07,Lassen,035,31185,7083,421,7504,54
2021-12-07,Los Angeles,037,10098052,1484182,55527,1539709,27185
2021-12-07,Madera,039,155013,24593,2310,26903,328
2021-12-07,Marin,041,260295,10024,477,10501,199
2021-12-07,Mariposa,043,17540,1468,61,1529,21
2021-12-07,Mendocino,045,87422,8223,681,8904,99
2021-12-07,Merced,047,269075,43715,2149,45864,683
2021-12-07,Modoc,049,8938,595,200,795,6
2021-12-07,Mono,051,14174,1941,23,1964,4
2021-12-07,Monterey,053,433212,50254,3264,53518,634
2021-12-07,Napa,055,140530,13486,123,13609,107
2021-12-07,Nevada,057,99092,9945,348,10293,107
2021-12-07,Orange,059,3164182,317930,16224,334154,5973
2021-12-07,Placer,061,380077,39275,3896,43171,491
2021-12-07,Plumas,063,18699,1985,46,2031,12
2021-12-07,Riverside,065,2383286,379470,16691,396161,5505
2021-12-07,Sacramento,067,1510023,166478,5033,171511,2454
2021-12-07,San Benito,069,59416,7805,182,7987,77
2021-12-07,San Bernardino,071,2135413,370960,11786,382746,6401
2021-12-07,San Diego,073,3302833,393453,23005,416458,4421
2021-12-07,San Francisco,075,870044,55548,2428,57976,688
2021-12-07,San Joaquin,077,732212,103610,5591,109201,1947
2021-12-07,San Luis Obispo,079,281455,30935,1345,32280,366
2021-12-07,San Mateo,081,765935,56418,981,57399,599
2021-12-07,Santa Barbara,083,443738,46569,1615,48184,561
2021-12-07,Santa Clara,085,1922200,154112,1646,155758,1967
2021-12-07,Santa Cruz,087,273765,21757,1031,22788,227
2021-12-07,Shasta,089,179085,22757,3704,26461,437
2021-12-07,Sierra,091,2930,201,21,222,3
2021-12-07,Siskiyou,093,43540,3474,1356,4830,60
2021-12-07,Solano,095,438530,47513,1341,48854,383
2021-12-07,Sonoma,097,501317,43556,583,44139,418
2021-12-07,Stanislaus,099,539301,81880,9261,91141,1411
2021-12-07,Sutter,101,95872,14343,404,14747,190
2021-12-07,Tehama,103,63373,8849,1532,10381,160
2021-12-07,Trinity,105,12862,909,220,1129,18
2021-12-07,Tulare,107,460477,71518,16174,87692,1279
2021-12-07,Tuolumne,109,53932,7794,114,7908,147
2021-12-07,Ventura,111,848112,101380,4440,105820,1201
2021-12-07,Yolo,113,214977,20874,1053,21927,294
2021-12-07,Yuba,115,75493,10564,389,10953,101
2021-12-06,Alameda,001,1643700,123854,2906,126760,1523
2021-12-06,Alpine,002,1148,106,0,106,0
2021-12-06,Amador,005,37829,5784,69,5853,69
2021-12-06,Butte,007,227075,21968,4096,26064,349
2021-12-06,Calaveras,009,45235,4486,63,4549,90
2021-12-06,Colusa,011,21464,2633,674,3307,21
2021-12-06,Contra Costa,013,1133247,103029,2334,105363,1074
2021-12-06,Del Norte,015,27424,3801,55,3856,41
2021-12-06,El Dorado,017,186661,16980,1797,18777,174
2021-12-06,Fresno,019,978130,147172,13222,160394,2379
2021-12-06,Glenn,021,27897,3611,1047,4658,41
2021-12-06,Humboldt,023,135768,9787,685,10472,120
2021-12-06,Imperial,025,180216,35972,3678,39650,797
2021-12-06,Inyo,027,18085,2595,38,2633,47
2021-12-06,Kern,029,883053,133574,23996,157570,1979
2021-12-06,Kings,031,150075,33784,2024,35808,377
2021-12-06,Lake,033,64148,6981,158,7139,116
2021-12-06,Lassen,035,31185,7078,419,7497,54
2021-12-06,Los Angeles,037,10098052,1482520,55434,1537954,27171
2021-12-06,Madera,039,155013,24566,2307,26873,327
2021-12-06,Marin,041,260295,9996,475,10471,199
2021-12-06,Mariposa,043,17540,1465,61,1526,21
2021-12-06,Mendocino,045,87422,8210,677,8887,99
2021-12-06,Merced,047,269075,43675,2139,45814,683
2021-12-06,Modoc,049,8938,595,200,795,6
2021-12-06,Mono,051,14174,1936,23,1959,4
2021-12-06,Monterey,053,433212,50176,3245,53421,633
2021-12-06,Napa,055,140530,13463,121,13584,107
2021-12-06,Nevada,057,99092,9917,347,10264,107
2021-12-06,Orange,059,3164182,317550,16181,333731,5968
2021-12-06,Placer,061,380077,39222,3891,43113,491
2021-12-06,Plumas,063,18699,1977,46,2023,12
2021-12-06,Riverside,065,2383286,378945,16677,395622,5502
2021-12-06,Sacramento,067,1510023,166202,5012,171214,2449
2021-12-06,San Benito,069,59416,7789,182,7971,77
2021-12-06,San Bernardino,071,2135413,370400,11759,382159,6392
2021-12-06,San Diego,073,3302833,392607,22960,415567,4417
2021-12-06,San Francisco,075,870044,55438,2423,57861,686
2021-12-06,San Joaquin,077,732212,103482,5584,109066,1945
2021-12-06,San Luis Obispo,079,281455,30898,1343,32241,365
2021-12-06,San Mateo,081,765935,56344,978,57322,599
2021-12-06,Santa Barbara,083,443738,46476,1614,48090,561
2021-12-06,Santa Clara,085,1922200,153902,1629,155531,1964
2021-12-06,Santa Cruz,087,273765,21722,1028,22750,227
2021-12-06,Shasta,089,179085,22734,3696,26430,435
2021-12-06,Sierra,091,2930,200,21,221,3
2021-12-06,Siskiyou,093,43540,3472,1351,4823,59
2021-12-06,Solano,095,438530,47468,1340,48808,383
2021-12-06,Sonoma,097,501317,43485,575,44060,418
2021-12-06,Stanislaus,099,539301,81783,9227,91010,1409
2021-12-06,Sutter,101,95872,14331,404,14735,190
2021-12-06,Tehama,103,63373,8841,1532,10373,160
2021-12-06,Trinity,105,12862,909,219,1128,18
2021-12-06,Tulare,107,460477,71441,16134,87575,1277
2021-12-06,Tuolumne,109,53932,7780,114,7894,147
2021-12-06,Ventura,111,848112,101279,4432,105711,1200
2021-12-06,Yolo,113,214977,20849,1053,21902,293
2021-12-06,Yuba,115,75493,10549,384,10933,101
2021-12-05,Alameda,001,1643700,123669,2899,126568,1523
2021-12-05,Alpine,002,1148,105,0,105,0
2021-12-05,Amador,005,37829,5781,69,5850,69
2021-12-05,Butte,007,227075,21934,4090,26024,347
2021-12-05,Calaveras,009,45235,4470,63,4533,90
2021-12-05,Colusa,011,21464,2632,673,3305,21
2021-12-05,Contra Costa,013,1133247,102896,2324,105220,1073
2021-12-05,Del Norte,015,27424,3799,55,3854,41
2021-12-05,El Dorado,017,186661,16941,1792,18733,174
2021-12-05,Fresno,019,978130,146998,13201,160199,2376
2021-12-05,Glenn,021,27897,3609,1046,4655,40
2021-12-05,Humboldt,023,135768,9756,682,10438,120
2021-12-05,Imperial,025,180216,35877,3649,39526,796
2021-12-05,Inyo,027,18085,2588,38,2626,47
2021-12-05,Kern,029,883053,133410,23944,157354,1978
2021-12-05,Kings,031,150075,33720,2024,35744,377
2021-12-05,Lake,033,64148,6977,157,7134,116
2021-12-05,Lassen,035,31185,7076,419,7495,54
2021-12-05,Los Angeles,037,10098052,1480674,55300,1535974,27162
2021-12-05,Madera,039,155013,24525,2304,26829,327
2021-12-05,Marin,041,260295,9949,467,10416,199
2021-12-05,Mariposa,043,17540,1462,60,1522,21
2021-12-05,Mendocino,045,87422,8191,671,8862,99
2021-12-05,Merced,047,269075,43630,2129,45759,682
2021-12-05,Modoc,049,8938,595,200,795,6
2021-12-05,Mono,051,14174,1929,23,1952,4
2021-12-05,Monterey,053,433212,50104,3213,53317,633
2021-12-05,Napa,055,140530,13437,118,13555,107
2021-12-05,Nevada,057,99092,9896,346,10242,107
2021-12-05,Orange,059,3164182,317113,16139,333252,5965
2021-12-05,Placer,061,380077,39163,3882,43045,491
2021-12-05,Plumas,063,18699,1973,45,2018,12
2021-12-05,Riverside,065,2383286,378287,16647,394934,5498
2021-12-05,Sacramento,067,1510023,165899,4994,170893,2448
2021-12-05,San Benito,069,59416,7772,181,7953,77
2021-12-05,San Bernardino,071,2135413,369693,11712,381405,6384
2021-12-05,San Diego,073,3302833,391813,22911,414724,4412
2021-12-05,San Francisco,075,870044,55335,2421,57756,686
2021-12-05,San Joaquin,077,732212,103341,5579,108920,1943
2021-12-05,San Luis Obispo,079,281455,30828,1340,32168,365
2021-12-05,San Mateo,081,765935,56255,968,57223,598
2021-12-05,Santa Barbara,083,443738,46393,1606,47999,560
2021-12-05,Santa Clara,085,1922200,153648,1611,155259,1963
2021-12-05,Santa Cruz,087,273765,21672,1028,22700,227
2021-12-05,Shasta,089,179085,22677,3695,26372,433
2021-12-05,Sierra,091,2930,200,21,221,3
2021-12-05,Siskiyou,093,43540,3470,1350,4820,59
2021-12-05,Solano,095,438530,47405,1338,48743,383
2021-12-05,Sonoma,097,501317,43408,570,43978,418
2021-12-05,Stanislaus,099,539301,81646,9217,90863,1406
2021-12-05,Sutter,101,95872,14308,399,14707,189
2021-12-05,Tehama,103,63373,8833,1530,10363,160
2021-12-05,Trinity,105,12862,908,219,1127,18
2021-12-05,Tulare,107,460477,71359,16086,87445,1277
2021-12-05,Tuolumne,109,53932,7767,114,7881,146
2021-12-05,Ventura,111,848112,101144,4419,105563,1200
2021-12-05,Yolo,113,214977,20806,1052,21858,293
2021-12-05,Yuba,115,75493,10536,377,10913,101
2021-12-04,Alameda,001,1643700,123555,2896,126451,1522
2021-12-04,Alpine,002,1148,105,0,105,0
2021-12-04,Amador,005,37829,5778,69,5847,68
2021-12-04,Butte,007,227075,21915,4086,26001,346
2021-12-04,Calaveras,009,45235,4462,62,4524,90
2021-12-04,Colusa,011,21464,2632,671,3303,21
2021-12-04,Contra Costa,013,1133247,102824,2318,105142,1072
2021-12-04,Del Norte,015,27424,3796,55,3851,41
2021-12-04,El Dorado,017,186661,16932,1792,18724,174
2021-12-04,Fresno,019,978130,146908,13193,160101,2373
2021-12-04,Glenn,021,27897,3609,1046,4655,40
2021-12-04,Humboldt,023,135768,9741,678,10419,120
2021-12-04,Imperial,025,180216,35823,3636,39459,795
2021-12-04,Inyo,027,18085,2583,38,2621,47
2021-12-04,Kern,029,883053,133330,23921,157251,1975
2021-12-04,Kings,031,150075,33697,2023,35720,377
2021-12-04,Lake,033,64148,6968,157,7125,116
2021-12-04,Lassen,035,31185,7075,417,7492,54
2021-12-04,Los Angeles,037,10098052,1479797,55222,1535019,27151
2021-12-04,Madera,039,155013,24511,2300,26811,324
2021-12-04,Marin,041,260295,9928,466,10394,199
2021-12-04,Mariposa,043,17540,1458,60,1518,21
2021-12-04,Mendocino,045,87422,8186,671,8857,99
2021-12-04,Merced,047,269075,43603,2127,45730,681
2021-12-04,Modoc,049,8938,595,200,795,6
2021-12-04,Mono,051,14174,1929,23,1952,4
2021-12-04,Monterey,053,433212,50072,3206,53278,633
2021-12-04,Napa,055,140530,13427,117,13544,107
2021-12-04,Nevada,057,99092,9888,346,10234,105
2021-12-04,Orange,059,3164182,316881,16113,332994,5961
2021-12-04,Placer,061,380077,39121,3875,42996,489
2021-12-04,Plumas,063,18699,1970,45,2015,12
2021-12-04,Riverside,065,2383286,377928,16641,394569,5495
2021-12-04,Sacramento,067,1510023,165755,4986,170741,2445
2021-12-04,San Benito,069,59416,7746,181,7927,77
2021-12-04,San Bernardino,071,2135413,369304,11699,381003,6377
2021-12-04,San Diego,073,3302833,391337,22881,414218,4409
2021-12-04,San Francisco,075,870044,55267,2418,57685,686
2021-12-04,San Joaquin,077,732212,103286,5577,108863,1938
2021-12-04,San Luis Obispo,079,281455,30807,1336,32143,365
2021-12-04,San Mateo,081,765935,56206,965,57171,597
2021-12-04,Santa Barbara,083,443738,46348,1606,47954,560
2021-12-04,Santa Clara,085,1922200,153494,1597,155091,1962
2021-12-04,Santa Cruz,087,273765,21646,1027,22673,227
2021-12-04,Shasta,089,179085,22660,3693,26353,431
2021-12-04,Sierra,091,2930,200,21,221,3
2021-12-04,Siskiyou,093,43540,3468,1350,4818,59
2021-12-04,Solano,095,438530,47385,1337,48722,383
2021-12-04,Sonoma,097,501317,43363,567,43930,418
2021-12-04,Stanislaus,099,539301,81574,9210,90784,1405
2021-12-04,Sutter,101,95872,14300,398,14698,188
2021-12-04,Tehama,103,63373,8831,1530,10361,160
2021-12-04,Trinity,105,12862,907,219,1126,18
2021-12-04,Tulare,107,460477,71321,16057,87378,1274
2021-12-04,Tuolumne,109,53932,7762,114,7876,145
2021-12-04,Ventura,111,848112,101053,4415,105468,1200
2021-12-04,Yolo,113,214977,20783,1050,21833,293
2021-12-04,Yuba,115,75493,10525,376,10901,101
2021-12-03,Alameda,001,1643700,123461,2886,126347,1521
2021-12-03,Alpine,002,1148,105,0,105,0
2021-12-03,Amador,005,37829,5773,68,5841,68
2021-12-03,Butte,007,227075,21902,4081,25983,345
2021-12-03,Calaveras,009,45235,4453,62,4515,90
2021-12-03,Colusa,011,21464,2630,671,3301,21
2021-12-03,Contra Costa,013,1133247,102751,2312,105063,1070
2021-12-03,Del Norte,015,27424,3794,55,3849,41
2021-12-03,El Dorado,017,186661,16903,1790,18693,173
2021-12-03,Fresno,019,978130,146794,13190,159984,2365
2021-12-03,Glenn,021,27897,3608,1045,4653,40
2021-12-03,Humboldt,023,135768,9724,676,10400,120
2021-12-03,Imperial,025,180216,35781,3606,39387,795
2021-12-03,Inyo,027,18085,2576,38,2614,46
2021-12-03,Kern,029,883053,133258,23886,157144,1970
2021-12-03,Kings,031,150075,33670,2023,35693,376
2021-12-03,Lake,033,64148,6968,157,7125,116
2021-12-03,Lassen,035,31185,7073,416,7489,54
2021-12-03,Los Angeles,037,10098052,1478851,55147,1533998,27142
2021-12-03,Madera,039,155013,24485,2296,26781,322
2021-12-03,Marin,041,260295,9894,462,10356,199
2021-12-03,Mariposa,043,17540,1456,60,1516,21
2021-12-03,Mendocino,045,87422,8179,671,8850,99
2021-12-03,Merced,047,269075,43580,2124,45704,681
2021-12-03,Modoc,049,8938,595,200,795,6
2021-12-03,Mono,051,14174,1923,23,1946,4
2021-12-03,Monterey,053,433212,50033,3195,53228,633
2021-12-03,Napa,055,140530,13415,117,13532,107
2021-12-03,Nevada,057,99092,9877,346,10223,105
2021-12-03,Orange,059,3164182,316612,16081,332693,5959
2021-12-03,Placer,061,380077,39083,3869,42952,487
2021-12-03,Plumas,063,18699,1967,45,2012,12
2021-12-03,Riverside,065,2383286,377537,16635,394172,5487
2021-12-03,Sacramento,067,1510023,165574,4972,170546,2441
2021-12-03,San Benito,069,59416,7739,181,7920,77
2021-12-03,San Bernardino,071,2135413,368856,11688,380544,6368
2021-12-03,San Diego,073,3302833,390861,22857,413718,4406
2021-12-03,San Francisco,075,870044,55197,2414,57611,686
2021-12-03,San Joaquin,077,732212,103230,5576,108806,1937
2021-12-03,San Luis Obispo,079,281455,30781,1333,32114,365
2021-12-03,San Mateo,081,765935,56141,962,57103,595
2021-12-03,Santa Barbara,083,443738,46312,1606,47918,560
2021-12-03,Santa Clara,085,1922200,153314,1583,154897,1960
2021-12-03,Santa Cruz,087,273765,21619,1027,22646,227
2021-12-03,Shasta,089,179085,22645,3693,26338,430
2021-12-03,Sierra,091,2930,200,21,221,2
2021-12-03,Siskiyou,093,43540,3465,1348,4813,59
2021-12-03,Solano,095,438530,47343,1336,48679,383
2021-12-03,Sonoma,097,501317,43327,565,43892,418
2021-12-03,Stanislaus,099,539301,81517,9201,90718,1403
2021-12-03,Sutter,101,95872,14287,396,14683,188
2021-12-03,Tehama,103,63373,8830,1529,10359,160
2021-12-03,Trinity,105,12862,907,219,1126,18
2021-12-03,Tulare,107,460477,71282,16026,87308,1270
2021-12-03,Tuolumne,109,53932,7753,114,7867,145
2021-12-03,Ventura,111,848112,100967,4408,105375,1198
2021-12-03,Yolo,113,214977,20766,1049,21815,293
2021-12-03,Yuba,115,75493,10517,376,10893,99
2021-12-02,Alameda,001,1643700,123303,2879,126182,1521
2021-12-02,Alpine,002,1148,105,0,105,0
2021-12-02,Amador,005,37829,5768,67,5835,68
2021-12-02,Butte,007,227075,21877,4076,25953,344
2021-12-02,Calaveras,009,45235,4443,61,4504,90
2021-12-02,Colusa,011,21464,2629,671,3300,21
2021-12-02,Contra Costa,013,1133247,102637,2308,104945,1069
2021-12-02,Del Norte,015,27424,3786,55,3841,41
2021-12-02,El Dorado,017,186661,16882,1788,18670,173
2021-12-02,Fresno,019,978130,146624,13176,159800,2360
2021-12-02,Glenn,021,27897,3608,1042,4650,40
2021-12-02,Humboldt,023,135768,9705,675,10380,120
2021-12-02,Imperial,025,180216,35713,3584,39297,795
2021-12-02,Inyo,027,18085,2571,38,2609,46
2021-12-02,Kern,029,883053,133088,23834,156922,1966
2021-12-02,Kings,031,150075,33616,2021,35637,376
2021-12-02,Lake,033,64148,6964,157,7121,115
2021-12-02,Lassen,035,31185,7069,416,7485,54
2021-12-02,Los Angeles,037,10098052,1477332,55061,1532393,27129
2021-12-02,Madera,039,155013,24448,2287,26735,322
2021-12-02,Marin,041,260295,9864,458,10322,198
2021-12-02,Mariposa,043,17540,1453,60,1513,21
2021-12-02,Mendocino,045,87422,8163,670,8833,99
2021-12-02,Merced,047,269075,43534,2119,45653,680
2021-12-02,Modoc,049,8938,594,200,794,6
2021-12-02,Mono,051,14174,1917,23,1940,4
2021-12-02,Monterey,053,433212,49957,3174,53131,632
2021-12-02,Napa,055,140530,13401,117,13518,107
2021-12-02,Nevada,057,99092,9859,345,10204,105
2021-12-02,Orange,059,3164182,316268,16044,332312,5954
2021-12-02,Placer,061,380077,39015,3864,42879,486
2021-12-02,Plumas,063,18699,1964,45,2009,12
2021-12-02,Riverside,065,2383286,377008,16625,393633,5482
2021-12-02,Sacramento,067,1510023,165347,4962,170309,2438
2021-12-02,San Benito,069,59416,7719,181,7900,77
2021-12-02,San Bernardino,071,2135413,368302,11668,379970,6361
2021-12-02,San Diego,073,3302833,390221,22802,413023,4401
2021-12-02,San Francisco,075,870044,55102,2409,57511,684
2021-12-02,San Joaquin,077,732212,103116,5571,108687,1934
2021-12-02,San Luis Obispo,079,281455,30747,1326,32073,365
2021-12-02,San Mateo,081,765935,56060,954,57014,595
2021-12-02,Santa Barbara,083,443738,46231,1603,47834,560
2021-12-02,Santa Clara,085,1922200,153069,1566,154635,1959
2021-12-02,Santa Cruz,087,273765,21568,1026,22594,227
2021-12-02,Shasta,089,179085,22612,3692,26304,428
2021-12-02,Sierra,091,2930,200,21,221,2
2021-12-02,Siskiyou,093,43540,3464,1341,4805,59
2021-12-02,Solano,095,438530,47293,1334,48627,382
2021-12-02,Sonoma,097,501317,43253,565,43818,418
2021-12-02,Stanislaus,099,539301,81422,9193,90615,1401
2021-12-02,Sutter,101,95872,14274,393,14667,188
2021-12-02,Tehama,103,63373,8823,1527,10350,160
2021-12-02,Trinity,105,12862,907,219,1126,18
2021-12-02,Tulare,107,460477,71194,15976,87170,1267
2021-12-02,Tuolumne,109,53932,7738,113,7851,145
2021-12-02,Ventura,111,848112,100842,4406,105248,1198
2021-12-02,Yolo,113,214977,20738,1049,21787,293
2021-12-02,Yuba,115,75493,10501,373,10874,99
2021-12-01,Alameda,001,1643700,123152,2870,126022,1519
2021-12-01,Alpine,002,1148,105,0,105,0
2021-12-01,Amador,005,37829,5761,67,5828,67
2021-12-01,Butte,007,227075,21859,4071,25930,344
2021-12-01,Calaveras,009,45235,4438,61,4499,90
2021-12-01,Colusa,011,21464,2622,669,3291,21
2021-12-01,Contra Costa,013,1133247,102529,2298,104827,1068
2021-12-01,Del Norte,015,27424,3784,55,3839,41
2021-12-01,El Dorado,017,186661,16861,1786,18647,173
2021-12-01,Fresno,019,978130,146416,13164,159580,2356
2021-12-01,Glenn,021,27897,3602,1041,4643,40
2021-12-01,Humboldt,023,135768,9681,670,10351,120
2021-12-01,Imperial,025,180216,35632,3557,39189,793
2021-12-01,Inyo,027,18085,2567,38,2605,46
2021-12-01,Kern,029,883053,132940,23780,156720,1961
2021-12-01,Kings,031,150075,33566,2020,35586,376
2021-12-01,Lake,033,64148,6956,156,7112,115
2021-12-01,Lassen,035,31185,7064,414,7478,54
2021-12-01,Los Angeles,037,10098052,1475741,54967,1530708,27114
2021-12-01,Madera,039,155013,24417,2278,26695,321
2021-12-01,Marin,041,260295,9826,452,10278,198
2021-12-01,Mariposa,043,17540,1449,60,1509,21
2021-12-01,Mendocino,045,87422,8149,665,8814,98
2021-12-01,Merced,047,269075,43478,2098,45576,679
2021-12-01,Modoc,049,8938,594,200,794,6
2021-12-01,Mono,051,14174,1912,23,1935,4
2021-12-01,Monterey,053,433212,49908,3165,53073,632
2021-12-01,Napa,055,140530,13383,114,13497,107
2021-12-01,Nevada,057,99092,9846,345,10191,105
2021-12-01,Orange,059,3164182,315901,16008,331909,5951
2021-12-01,Placer,061,380077,38958,3858,42816,485
2021-12-01,Plumas,063,18699,1960,45,2005,12
2021-12-01,Riverside,065,2383286,376483,16608,393091,5477
2021-12-01,Sacramento,067,1510023,165134,4945,170079,2433
2021-12-01,San Benito,069,59416,7705,181,7886,77
2021-12-01,San Bernardino,071,2135413,367708,11642,379350,6358
2021-12-01,San Diego,073,3302833,389423,22747,412170,4397
2021-12-01,San Francisco,075,870044,55020,2402,57422,684
2021-12-01,San Joaquin,077,732212,103008,5570,108578,1931
2021-12-01,San Luis Obispo,079,281455,30705,1322,32027,365
2021-12-01,San Mateo,081,765935,55979,951,56930,595
2021-12-01,Santa Barbara,083,443738,46161,1601,47762,558
2021-12-01,Santa Clara,085,1922200,152847,1548,154395,1956
2021-12-01,Santa Cruz,087,273765,21539,1025,22564,227
2021-12-01,Shasta,089,179085,22581,3686,26267,426
2021-12-01,Sierra,091,2930,200,21,221,2
2021-12-01,Siskiyou,093,43540,3461,1341,4802,59
2021-12-01,Solano,095,438530,47248,1334,48582,382
2021-12-01,Sonoma,097,501317,43178,564,43742,418
2021-12-01,Stanislaus,099,539301,81324,9180,90504,1400
2021-12-01,Sutter,101,95872,14259,392,14651,188
2021-12-01,Tehama,103,63373,8813,1527,10340,159
2021-12-01,Trinity,105,12862,902,219,1121,18
2021-12-01,Tulare,107,460477,71119,15936,87055,1263
2021-12-01,Tuolumne,109,53932,7730,113,7843,145
2021-12-01,Ventura,111,848112,100736,4395,105131,1198
2021-12-01,Yolo,113,214977,20710,1049,21759,293
2021-12-01,Yuba,115,75493,10490,373,10863,99
2021-11-30,Alameda,001,1643700,122980,2862,125842,1519
2021-11-30,Alpine,002,1148,105,0,105,0
2021-11-30,Amador,005,37829,5753,67,5820,67
2021-11-30,Butte,007,227075,21830,4060,25890,344
2021-11-30,Calaveras,009,45235,4420,61,4481,90
2021-11-30,Colusa,011,21464,2621,669,3290,21
2021-11-30,Contra Costa,013,1133247,102395,2291,104686,1068
2021-11-30,Del Norte,015,27424,3778,55,3833,41
2021-11-30,El Dorado,017,186661,16833,1780,18613,173
2021-11-30,Fresno,019,978130,146216,13154,159370,2349
2021-11-30,Glenn,021,27897,3597,1040,4637,40
2021-11-30,Humboldt,023,135768,9650,664,10314,120
2021-11-30,Imperial,025,180216,35524,3530,39054,793
2021-11-30,Inyo,027,18085,2558,38,2596,46
2021-11-30,Kern,029,883053,132771,23725,156496,1959
2021-11-30,Kings,031,150075,33514,2016,35530,375
2021-11-30,Lake,033,64148,6950,154,7104,115
2021-11-30,Lassen,035,31185,7060,413,7473,54
2021-11-30,Los Angeles,037,10098052,1473944,54866,1528810,27094
2021-11-30,Madera,039,155013,24383,2273,26656,321
2021-11-30,Marin,041,260295,9783,450,10233,197
2021-11-30,Mariposa,043,17540,1443,60,1503,21
2021-11-30,Mendocino,045,87422,8120,659,8779,98
2021-11-30,Merced,047,269075,43410,2090,45500,679
2021-11-30,Modoc,049,8938,593,200,793,6
2021-11-30,Mono,051,14174,1909,23,1932,4
2021-11-30,Monterey,053,433212,49845,3154,52999,631
2021-11-30,Napa,055,140530,13363,114,13477,107
2021-11-30,Nevada,057,99092,9830,344,10174,105
2021-11-30,Orange,059,3164182,315480,15966,331446,5949
2021-11-30,Placer,061,380077,38857,3849,42706,485
2021-11-30,Plumas,063,18699,1955,44,1999,12
2021-11-30,Riverside,065,2383286,375799,16583,392382,5473
2021-11-30,Sacramento,067,1510023,164852,4923,169775,2428
2021-11-30,San Benito,069,59416,7683,180,7863,77
2021-11-30,San Bernardino,071,2135413,367017,11619,378636,6345
2021-11-30,San Diego,073,3302833,388496,22700,411196,4396
2021-11-30,San Francisco,075,870044,54914,2393,57307,683
2021-11-30,San Joaquin,077,732212,102881,5562,108443,1931
2021-11-30,San Luis Obispo,079,281455,30680,1320,32000,365
2021-11-30,San Mateo,081,765935,55874,941,56815,595
2021-11-30,Santa Barbara,083,443738,46065,1595,47660,557
2021-11-30,Santa Clara,085,1922200,152590,1531,154121,1955
2021-11-30,Santa Cruz,087,273765,21480,1021,22501,226
2021-11-30,Shasta,089,179085,22551,3683,26234,425
2021-11-30,Sierra,091,2930,197,21,218,2
2021-11-30,Siskiyou,093,43540,3457,1338,4795,59
2021-11-30,Solano,095,438530,47184,1328,48512,380
2021-11-30,Sonoma,097,501317,43099,561,43660,417
2021-11-30,Stanislaus,099,539301,81220,9152,90372,1399
2021-11-30,Sutter,101,95872,14248,389,14637,188
2021-11-30,Tehama,103,63373,8806,1526,10332,158
2021-11-30,Trinity,105,12862,901,219,1120,18
2021-11-30,Tulare,107,460477,71033,15891,86924,1263
2021-11-30,Tuolumne,109,53932,7715,113,7828,145
2021-11-30,Ventura,111,848112,100582,4384,104966,1196
2021-11-30,Yolo,113,214977,20665,1046,21711,292
2021-11-30,Yuba,115,75493,10471,368,10839,99
2021-11-29,Alameda,001,1643700,122819,2853,125672,1519
2021-11-29,Alpine,002,1148,105,0,105,0
2021-11-29,Amador,005,37829,5746,67,5813,67
2021-11-29,Butte,007,227075,21799,4053,25852,344
2021-11-29,Calaveras,009,45235,4404,61,4465,90
2021-11-29,Colusa,011,21464,2619,666,3285,21
2021-11-29,Contra Costa,013,1133247,102246,2283,104529,1068
2021-11-29,Del Norte,015,27424,3775,55,3830,41
2021-11-29,El Dorado,017,186661,16816,1776,18592,173
2021-11-29,Fresno,019,978130,146009,13130,159139,2345
2021-11-29,Glenn,021,27897,3594,1039,4633,40
2021-11-29,Humboldt,023,135768,9633,657,10290,120
2021-11-29,Imperial,025,180216,35458,3509,38967,793
2021-11-29,Inyo,027,18085,2553,38,2591,46
2021-11-29,Kern,029,883053,132587,23684,156271,1956
2021-11-29,Kings,031,150075,33461,2012,35473,375
2021-11-29,Lake,033,64148,6938,154,7092,115
2021-11-29,Lassen,035,31185,7057,411,7468,54
2021-11-29,Los Angeles,037,10098052,1472096,54781,1526877,27077
2021-11-29,Madera,039,155013,24347,2265,26612,321
2021-11-29,Marin,041,260295,9735,445,10180,197
2021-11-29,Mariposa,043,17540,1435,60,1495,20
2021-11-29,Mendocino,045,87422,8103,655,8758,98
2021-11-29,Merced,047,269075,43337,2082,45419,677
2021-11-29,Modoc,049,8938,592,200,792,6
2021-11-29,Mono,051,14174,1892,23,1915,4
2021-11-29,Monterey,053,433212,49785,3138,52923,631
2021-11-29,Napa,055,140530,13353,114,13467,107
2021-11-29,Nevada,057,99092,9816,344,10160,105
2021-11-29,Orange,059,3164182,315070,15921,330991,5948
2021-11-29,Placer,061,380077,38792,3844,42636,485
2021-11-29,Plumas,063,18699,1952,44,1996,12
2021-11-29,Riverside,065,2383286,375258,16572,391830,5472
2021-11-29,Sacramento,067,1510023,164602,4891,169493,2426
2021-11-29,San Benito,069,59416,7663,179,7842,77
2021-11-29,San Bernardino,071,2135413,366412,11585,377997,6336
2021-11-29,San Diego,073,3302833,387608,22667,410275,4393
2021-11-29,San Francisco,075,870044,54815,2389,57204,683
2021-11-29,San Joaquin,077,732212,102742,5555,108297,1928
2021-11-29,San Luis Obispo,079,281455,30646,1316,31962,365
2021-11-29,San Mateo,081,765935,55771,937,56708,595
2021-11-29,Santa Barbara,083,443738,45968,1591,47559,557
2021-11-29,Santa Clara,085,1922200,152314,1525,153839,1952
2021-11-29,Santa Cruz,087,273765,21442,1020,22462,225
2021-11-29,Shasta,089,179085,22516,3679,26195,422
2021-11-29,Sierra,091,2930,197,21,218,2
2021-11-29,Siskiyou,093,43540,3454,1331,4785,59
2021-11-29,Solano,095,438530,47133,1326,48459,378
2021-11-29,Sonoma,097,501317,43022,558,43580,417
2021-11-29,Stanislaus,099,539301,81139,9134,90273,1395
2021-11-29,Sutter,101,95872,14232,386,14618,188
2021-11-29,Tehama,103,63373,8801,1521,10322,158
2021-11-29,Trinity,105,12862,896,219,1115,18
2021-11-29,Tulare,107,460477,70953,15857,86810,1260
2021-11-29,Tuolumne,109,53932,7702,113,7815,144
2021-11-29,Ventura,111,848112,100461,4375,104836,1196
2021-11-29,Yolo,113,214977,20620,1044,21664,292
2021-11-29,Yuba,115,75493,10454,367,10821,99
2021-11-28,Alameda,001,1643700,122600,2847,125447,1517
2021-11-28,Alpine,002,1148,105,0,105,0
2021-11-28,Amador,005,37829,5736,67,5803,67
2021-11-28,Butte,007,227075,21758,4050,25808,341
2021-11-28,Calaveras,009,45235,4383,61,4444,90
2021-11-28,Colusa,011,21464,2615,665,3280,21
2021-11-28,Contra Costa,013,1133247,102073,2273,104346,1068
2021-11-28,Del Norte,015,27424,3770,55,3825,41
2021-11-28,El Dorado,017,186661,16775,1775,18550,173
2021-11-28,Fresno,019,978130,145763,13102,158865,2339
2021-11-28,Glenn,021,27897,3591,1037,4628,40
2021-11-28,Humboldt,023,135768,9601,653,10254,120
2021-11-28,Imperial,025,180216,35350,3485,38835,792
2021-11-28,Inyo,027,18085,2546,38,2584,46
2021-11-28,Kern,029,883053,132380,23627,156007,1953
2021-11-28,Kings,031,150075,33388,2006,35394,375
2021-11-28,Lake,033,64148,6928,153,7081,115
2021-11-28,Lassen,035,31185,7048,407,7455,53
2021-11-28,Los Angeles,037,10098052,1469930,54694,1524624,27057
2021-11-28,Madera,039,155013,24298,2258,26556,321
2021-11-28,Marin,041,260295,9688,441,10129,197
2021-11-28,Mariposa,043,17540,1431,60,1491,20
2021-11-28,Mendocino,045,87422,8073,650,8723,97
2021-11-28,Merced,047,269075,43271,2067,45338,675
2021-11-28,Modoc,049,8938,591,200,791,6
2021-11-28,Mono,051,14174,1886,23,1909,4
2021-11-28,Monterey,053,433212,49719,3118,52837,631
2021-11-28,Napa,055,140530,13340,114,13454,106
2021-11-28,Nevada,057,99092,9790,343,10133,104
2021-11-28,Orange,059,3164182,314685,15879,330564,5942
2021-11-28,Placer,061,380077,38711,3825,42536,484
2021-11-28,Plumas,063,18699,1946,43,1989,12
2021-11-28,Riverside,065,2383286,374594,16550,391144,5470
2021-11-28,Sacramento,067,1510023,164244,4868,169112,2424
2021-11-28,San Benito,069,59416,7644,178,7822,77
2021-11-28,San Bernardino,071,2135413,365670,11557,377227,6328
2021-11-28,San Diego,073,3302833,386719,22606,409325,4390
2021-11-28,San Francisco,075,870044,54739,2384,57123,683
2021-11-28,San Joaquin,077,732212,102561,5538,108099,1926
2021-11-28,San Luis Obispo,079,281455,30583,1312,31895,365
2021-11-28,San Mateo,081,765935,55677,933,56610,595
2021-11-28,Santa Barbara,083,443738,45889,1580,47469,556
2021-11-28,Santa Clara,085,1922200,152013,1511,153524,1951
2021-11-28,Santa Cruz,087,273765,21371,1019,22390,225
2021-11-28,Shasta,089,179085,22477,3677,26154,421
2021-11-28,Sierra,091,2930,197,21,218,2
2021-11-28,Siskiyou,093,43540,3448,1327,4775,59
2021-11-28,Solano,095,438530,47071,1325,48396,378
2021-11-28,Sonoma,097,501317,42936,555,43491,417
2021-11-28,Stanislaus,099,539301,81014,9112,90126,1394
2021-11-28,Sutter,101,95872,14211,380,14591,188
2021-11-28,Tehama,103,63373,8793,1517,10310,158
2021-11-28,Trinity,105,12862,895,219,1114,18
2021-11-28,Tulare,107,460477,70856,15805,86661,1255
2021-11-28,Tuolumne,109,53932,7682,113,7795,144
2021-11-28,Ventura,111,848112,100305,4364,104669,1195
2021-11-28,Yolo,113,214977,20576,1044,21620,291
2021-11-28,Yuba,115,75493,10436,365,10801,98
2021-11-27,Alameda,001,1643700,122502,2844,125346,1516
2021-11-27,Alpine,002,1148,105,0,105,0
2021-11-27,Amador,005,37829,5735,67,5802,66
2021-11-27,Butte,007,227075,21735,4045,25780,339
2021-11-27,Calaveras,009,45235,4377,61,4438,90
2021-11-27,Colusa,011,21464,2614,663,3277,21
2021-11-27,Contra Costa,013,1133247,101988,2272,104260,1068
2021-11-27,Del Norte,015,27424,3763,55,3818,41
2021-11-27,El Dorado,017,186661,16741,1774,18515,173
2021-11-27,Fresno,019,978130,145651,13096,158747,2337
2021-11-27,Glenn,021,27897,3587,1036,4623,40
2021-11-27,Humboldt,023,135768,9573,651,10224,119
2021-11-27,Imperial,025,180216,35267,3469,38736,790
2021-11-27,Inyo,027,18085,2543,38,2581,46
2021-11-27,Kern,029,883053,132295,23598,155893,1952
2021-11-27,Kings,031,150075,33366,2003,35369,375
2021-11-27,Lake,033,64148,6925,152,7077,115
2021-11-27,Lassen,035,31185,7046,406,7452,53
2021-11-27,Los Angeles,037,10098052,1468923,54627,1523550,27042
2021-11-27,Madera,039,155013,24277,2253,26530,320
2021-11-27,Marin,041,260295,9649,436,10085,197
2021-11-27,Mariposa,043,17540,1429,60,1489,20
2021-11-27,Mendocino,045,87422,8054,650,8704,96
2021-11-27,Merced,047,269075,43236,2064,45300,673
2021-11-27,Modoc,049,8938,589,200,789,6
2021-11-27,Mono,051,14174,1884,23,1907,4
2021-11-27,Monterey,053,433212,49686,3104,52790,631
2021-11-27,Napa,055,140530,13326,114,13440,105
2021-11-27,Nevada,057,99092,9768,342,10110,104
2021-11-27,Orange,059,3164182,314434,15842,330276,5941
2021-11-27,Placer,061,380077,38650,3819,42469,484
2021-11-27,Plumas,063,18699,1942,43,1985,12
2021-11-27,Riverside,065,2383286,374233,16543,390776,5463
2021-11-27,Sacramento,067,1510023,164086,4865,168951,2420
2021-11-27,San Benito,069,59416,7628,178,7806,76
2021-11-27,San Bernardino,071,2135413,365235,11548,376783,6324
2021-11-27,San Diego,073,3302833,386224,22580,408804,4390
2021-11-27,San Francisco,075,870044,54688,2381,57069,683
2021-11-27,San Joaquin,077,732212,102493,5535,108028,1926
2021-11-27,San Luis Obispo,079,281455,30548,1308,31856,365
2021-11-27,San Mateo,081,765935,55620,930,56550,594
2021-11-27,Santa Barbara,083,443738,45835,1578,47413,556
2021-11-27,Santa Clara,085,1922200,151806,1504,153310,1951
2021-11-27,Santa Cruz,087,273765,21331,1016,22347,225
2021-11-27,Shasta,089,179085,22454,3676,26130,420
2021-11-27,Sierra,091,2930,196,21,217,2
2021-11-27,Siskiyou,093,43540,3445,1325,4770,59
2021-11-27,Solano,095,438530,47035,1322,48357,378
2021-11-27,Sonoma,097,501317,42873,555,43428,417
2021-11-27,Stanislaus,099,539301,80945,9095,90040,1393
2021-11-27,Sutter,101,95872,14203,379,14582,188
2021-11-27,Tehama,103,63373,8791,1516,10307,158
2021-11-27,Trinity,105,12862,895,219,1114,18
2021-11-27,Tulare,107,460477,70803,15789,86592,1254
2021-11-27,Tuolumne,109,53932,7669,113,7782,144
2021-11-27,Ventura,111,848112,100232,4357,104589,1195
2021-11-27,Yolo,113,214977,20548,1042,21590,290
2021-11-27,Yuba,115,75493,10425,365,10790,97
2021-11-26,Alameda,001,1643700,122394,2842,125236,1515
2021-11-26,Alpine,002,1148,105,0,105,0
2021-11-26,Amador,005,37829,5731,67,5798,66
2021-11-26,Butte,007,227075,21711,4040,25751,337
2021-11-26,Calaveras,009,45235,4368,61,4429,90
2021-11-26,Colusa,011,21464,2612,662,3274,21
2021-11-26,Contra Costa,013,1133247,101900,2268,104168,1065
2021-11-26,Del Norte,015,27424,3760,55,3815,41
2021-11-26,El Dorado,017,186661,16724,1771,18495,173
2021-11-26,Fresno,019,978130,145518,13086,158604,2333
2021-11-26,Glenn,021,27897,3584,1036,4620,40
2021-11-26,Humboldt,023,135768,9554,647,10201,119
2021-11-26,Imperial,025,180216,35210,3456,38666,789
2021-11-26,Inyo,027,18085,2543,38,2581,46
2021-11-26,Kern,029,883053,132212,23554,155766,1949
2021-11-26,Kings,031,150075,33342,2001,35343,375
2021-11-26,Lake,033,64148,6923,152,7075,115
2021-11-26,Lassen,035,31185,7040,406,7446,52
2021-11-26,Los Angeles,037,10098052,1468074,54566,1522640,27031
2021-11-26,Madera,039,155013,24250,2251,26501,320
2021-11-26,Marin,041,260295,9620,435,10055,197
2021-11-26,Mariposa,043,17540,1423,59,1482,20
2021-11-26,Mendocino,045,87422,8044,650,8694,96
2021-11-26,Merced,047,269075,43206,2060,45266,671
2021-11-26,Modoc,049,8938,587,200,787,6
2021-11-26,Mono,051,14174,1873,23,1896,4
2021-11-26,Monterey,053,433212,49643,3097,52740,631
2021-11-26,Napa,055,140530,13310,114,13424,105
2021-11-26,Nevada,057,99092,9756,342,10098,104
2021-11-26,Orange,059,3164182,314165,15810,329975,5938
2021-11-26,Placer,061,380077,38605,3811,42416,484
2021-11-26,Plumas,063,18699,1937,43,1980,12
2021-11-26,Riverside,065,2383286,373832,16536,390368,5458
2021-11-26,Sacramento,067,1510023,163973,4860,168833,2419
2021-11-26,San Benito,069,59416,7620,178,7798,76
2021-11-26,San Bernardino,071,2135413,364802,11541,376343,6316
2021-11-26,San Diego,073,3302833,385679,22568,408247,4387
2021-11-26,San Francisco,075,870044,54640,2379,57019,683
2021-11-26,San Joaquin,077,732212,102436,5534,107970,1922
2021-11-26,San Luis Obispo,079,281455,30506,1305,31811,364
2021-11-26,San Mateo,081,765935,55557,929,56486,594
2021-11-26,Santa Barbara,083,443738,45788,1577,47365,556
2021-11-26,Santa Clara,085,1922200,151636,1496,153132,1951
2021-11-26,Santa Cruz,087,273765,21291,1016,22307,225
2021-11-26,Shasta,089,179085,22434,3674,26108,420
2021-11-26,Sierra,091,2930,196,21,217,2
2021-11-26,Siskiyou,093,43540,3442,1324,4766,59
2021-11-26,Solano,095,438530,46993,1321,48314,378
2021-11-26,Sonoma,097,501317,42823,553,43376,417
2021-11-26,Stanislaus,099,539301,80872,9084,89956,1391
2021-11-26,Sutter,101,95872,14190,378,14568,188
2021-11-26,Tehama,103,63373,8789,1515,10304,158
2021-11-26,Trinity,105,12862,894,219,1113,18
2021-11-26,Tulare,107,460477,70757,15757,86514,1254
2021-11-26,Tuolumne,109,53932,7659,113,7772,144
2021-11-26,Ventura,111,848112,100153,4352,104505,1194
2021-11-26,Yolo,113,214977,20528,1036,21564,290
2021-11-26,Yuba,115,75493,10419,365,10784,96
2021-11-25,Alameda,001,1643700,122285,2837,125122,1513
2021-11-25,Alpine,002,1148,105,0,105,0
2021-11-25,Amador,005,37829,5723,67,5790,66
2021-11-25,Butte,007,227075,21693,4038,25731,337
2021-11-25,Calaveras,009,45235,4363,61,4424,90
2021-11-25,Colusa,011,21464,2609,660,3269,21
2021-11-25,Contra Costa,013,1133247,101796,2265,104061,1065
2021-11-25,Del Norte,015,27424,3755,55,3810,41
2021-11-25,El Dorado,017,186661,16705,1771,18476,173
2021-11-25,Fresno,019,978130,145385,13077,158462,2329
2021-11-25,Glenn,021,27897,3581,1035,4616,40
2021-11-25,Humboldt,023,135768,9535,644,10179,119
2021-11-25,Imperial,025,180216,35165,3445,38610,788
2021-11-25,Inyo,027,18085,2541,38,2579,46
2021-11-25,Kern,029,883053,132114,23508,155622,1943
2021-11-25,Kings,031,150075,33314,2000,35314,374
2021-11-25,Lake,033,64148,6916,152,7068,115
2021-11-25,Lassen,035,31185,7038,405,7443,52
2021-11-25,Los Angeles,037,10098052,1467104,54509,1521613,27019
2021-11-25,Madera,039,155013,24214,2250,26464,319
2021-11-25,Marin,041,260295,9593,429,10022,197
2021-11-25,Mariposa,043,17540,1420,59,1479,20
2021-11-25,Mendocino,045,87422,8026,650,8676,96
2021-11-25,Merced,047,269075,43167,2054,45221,671
2021-11-25,Modoc,049,8938,586,200,786,6
2021-11-25,Mono,051,14174,1862,23,1885,4
2021-11-25,Monterey,053,433212,49599,3088,52687,630
2021-11-25,Napa,055,140530,13302,114,13416,105
2021-11-25,Nevada,057,99092,9737,339,10076,104
2021-11-25,Orange,059,3164182,313903,15779,329682,5932
2021-11-25,Placer,061,380077,38558,3806,42364,484
2021-11-25,Plumas,063,18699,1935,43,1978,12
2021-11-25,Riverside,065,2383286,373416,16529,389945,5452
2021-11-25,Sacramento,067,1510023,163794,4854,168648,2414
2021-11-25,San Benito,069,59416,7613,178,7791,75
2021-11-25,San Bernardino,071,2135413,364403,11524,375927,6311
2021-11-25,San Diego,073,3302833,385237,22549,407786,4382
2021-11-25,San Francisco,075,870044,54591,2376,56967,683
2021-11-25,San Joaquin,077,732212,102353,5530,107883,1919
2021-11-25,San Luis Obispo,079,281455,30476,1303,31779,364
2021-11-25,San Mateo,081,765935,55508,927,56435,594
2021-11-25,Santa Barbara,083,443738,45749,1575,47324,556
2021-11-25,Santa Clara,085,1922200,151478,1491,152969,1949
2021-11-25,Santa Cruz,087,273765,21258,1016,22274,225
2021-11-25,Shasta,089,179085,22408,3674,26082,420
2021-11-25,Sierra,091,2930,196,21,217,2
2021-11-25,Siskiyou,093,43540,3439,1324,4763,59
2021-11-25,Solano,095,438530,46956,1320,48276,377
2021-11-25,Sonoma,097,501317,42766,549,43315,417
2021-11-25,Stanislaus,099,539301,80805,9070,89875,1391
2021-11-25,Sutter,101,95872,14174,377,14551,188
2021-11-25,Tehama,103,63373,8781,1515,10296,158
2021-11-25,Trinity,105,12862,894,219,1113,18
2021-11-25,Tulare,107,460477,70689,15731,86420,1252
2021-11-25,Tuolumne,109,53932,7647,113,7760,144
2021-11-25,Ventura,111,848112,100087,4349,104436,1194
2021-11-25,Yolo,113,214977,20497,1033,21530,290
2021-11-25,Yuba,115,75493,10410,364,10774,96
2021-11-24,Alameda,001,1643700,122222,2833,125055,1513
2021-11-24,Alpine,002,1148,105,0,105,0
2021-11-24,Amador,005,37829,5713,67,5780,66
2021-11-24,Butte,007,227075,21677,4037,25714,337
2021-11-24,Calaveras,009,45235,4356,61,4417,89
2021-11-24,Colusa,011,21464,2609,659,3268,21
2021-11-24,Contra Costa,013,1133247,101757,2262,104019,1064
2021-11-24,Del Norte,015,27424,3752,55,3807,41
2021-11-24,El Dorado,017,186661,16693,1770,18463,173
2021-11-24,Fresno,019,978130,145329,13075,158404,2327
2021-11-24,Glenn,021,27897,3576,1034,4610,40
2021-11-24,Humboldt,023,135768,9520,644,10164,119
2021-11-24,Imperial,025,180216,35136,3439,38575,787
2021-11-24,Inyo,027,18085,2538,38,2576,46
2021-11-24,Kern,029,883053,132052,23496,155548,1940
2021-11-24,Kings,031,150075,33300,1999,35299,374
2021-11-24,Lake,033,64148,6912,152,7064,115
2021-11-24,Lassen,035,31185,7038,405,7443,52
2021-11-24,Los Angeles,037,10098052,1466619,54467,1521086,27004
2021-11-24,Madera,039,155013,24191,2244,26435,319
2021-11-24,Marin,041,260295,9581,427,10008,197
2021-11-24,Mariposa,043,17540,1420,59,1479,20
2021-11-24,Mendocino,045,87422,8014,650,8664,96
2021-11-24,Merced,047,269075,43135,2051,45186,671
2021-11-24,Modoc,049,8938,586,200,786,6
2021-11-24,Mono,051,14174,1859,23,1882,4
2021-11-24,Monterey,053,433212,49586,3087,52673,630
2021-11-24,Napa,055,140530,13297,114,13411,105
2021-11-24,Nevada,057,99092,9722,339,10061,104
2021-11-24,Orange,059,3164182,313747,15764,329511,5930
2021-11-24,Placer,061,380077,38524,3803,42327,483
2021-11-24,Plumas,063,18699,1933,43,1976,12
2021-11-24,Riverside,065,2383286,373236,16523,389759,5449
2021-11-24,Sacramento,067,1510023,163722,4854,168576,2412
2021-11-24,San Benito,069,59416,7611,178,7789,75
2021-11-24,San Bernardino,071,2135413,364191,11514,375705,6304
2021-11-24,San Diego,073,3302833,384979,22536,407515,4378
2021-11-24,San Francisco,075,870044,54560,2374,56934,683
2021-11-24,San Joaquin,077,732212,102312,5527,107839,1914
2021-11-24,San Luis Obispo,079,281455,30457,1303,31760,364
2021-11-24,San Mateo,081,765935,55478,926,56404,594
2021-11-24,Santa Barbara,083,443738,45722,1575,47297,555
2021-11-24,Santa Clara,085,1922200,151382,1490,152872,1948
2021-11-24,Santa Cruz,087,273765,21235,1015,22250,225
2021-11-24,Shasta,089,179085,22397,3671,26068,418
2021-11-24,Sierra,091,2930,196,21,217,1
2021-11-24,Siskiyou,093,43540,3436,1324,4760,59
2021-11-24,Solano,095,438530,46928,1318,48246,377
2021-11-24,Sonoma,097,501317,42734,547,43281,417
2021-11-24,Stanislaus,099,539301,80768,9065,89833,1387
2021-11-24,Sutter,101,95872,14161,375,14536,188
2021-11-24,Tehama,103,63373,8778,1514,10292,158
2021-11-24,Trinity,105,12862,894,219,1113,18
2021-11-24,Tulare,107,460477,70665,15711,86376,1250
2021-11-24,Tuolumne,109,53932,7643,113,7756,143
2021-11-24,Ventura,111,848112,100052,4345,104397,1194
2021-11-24,Yolo,113,214977,20488,1033,21521,290
2021-11-24,Yuba,115,75493,10406,363,10769,96
2021-11-23,Alameda,001,1643700,122103,2826,124929,1513
2021-11-23,Alpine,002,1148,105,0,105,0
2021-11-23,Amador,005,37829,5706,67,5773,66
2021-11-23,Butte,007,227075,21648,4033,25681,336
2021-11-23,Calaveras,009,45235,4350,60,4410,89
2021-11-23,Colusa,011,21464,2605,657,3262,21
2021-11-23,Contra Costa,013,1133247,101650,2260,103910,1064
2021-11-23,Del Norte,015,27424,3749,55,3804,41
2021-11-23,El Dorado,017,186661,16662,1767,18429,172
2021-11-23,Fresno,019,978130,145190,13066,158256,2325
2021-11-23,Glenn,021,27897,3571,1034,4605,40
2021-11-23,Humboldt,023,135768,9498,641,10139,119
2021-11-23,Imperial,025,180216,35066,3420,38486,786
2021-11-23,Inyo,027,18085,2534,38,2572,46
2021-11-23,Kern,029,883053,131943,23447,155390,1937
2021-11-23,Kings,031,150075,33258,1998,35256,372
2021-11-23,Lake,033,64148,6907,152,7059,113
2021-11-23,Lassen,035,31185,7035,402,7437,52
2021-11-23,Los Angeles,037,10098052,1465611,54400,1520011,26991
2021-11-23,Madera,039,155013,24165,2242,26407,319
2021-11-23,Marin,041,260295,9552,424,9976,197
2021-11-23,Mariposa,043,17540,1417,59,1476,20
2021-11-23,Mendocino,045,87422,7993,647,8640,96
2021-11-23,Merced,047,269075,43096,2050,45146,671
2021-11-23,Modoc,049,8938,584,200,784,5
2021-11-23,Mono,051,14174,1845,23,1868,4
2021-11-23,Monterey,053,433212,49550,3081,52631,630
2021-11-23,Napa,055,140530,13289,114,13403,105
2021-11-23,Nevada,057,99092,9693,338,10031,104
2021-11-23,Orange,059,3164182,313497,15728,329225,5929
2021-11-23,Placer,061,380077,38465,3786,42251,483
2021-11-23,Plumas,063,18699,1929,43,1972,12
2021-11-23,Riverside,065,2383286,372856,16510,389366,5441
2021-11-23,Sacramento,067,1510023,163536,4843,168379,2408
2021-11-23,San Benito,069,59416,7602,176,7778,75
2021-11-23,San Bernardino,071,2135413,363774,11499,375273,6294
2021-11-23,San Diego,073,3302833,384494,22513,407007,4375
2021-11-23,San Francisco,075,870044,54500,2372,56872,683
2021-11-23,San Joaquin,077,732212,102203,5516,107719,1912
2021-11-23,San Luis Obispo,079,281455,30422,1300,31722,364
2021-11-23,San Mateo,081,765935,55427,925,56352,594
2021-11-23,Santa Barbara,083,443738,45670,1575,47245,553
2021-11-23,Santa Clara,085,1922200,151170,1478,152648,1948
2021-11-23,Santa Cruz,087,273765,21197,1015,22212,225
2021-11-23,Shasta,089,179085,22361,3669,26030,417
2021-11-23,Sierra,091,2930,196,21,217,1
2021-11-23,Siskiyou,093,43540,3431,1323,4754,59
2021-11-23,Solano,095,438530,46874,1314,48188,377
2021-11-23,Sonoma,097,501317,42683,544,43227,416
2021-11-23,Stanislaus,099,539301,80698,9053,89751,1386
2021-11-23,Sutter,101,95872,14145,374,14519,188
2021-11-23,Tehama,103,63373,8765,1513,10278,158
2021-11-23,Trinity,105,12862,893,219,1112,18
2021-11-23,Tulare,107,460477,70618,15681,86299,1246
2021-11-23,Tuolumne,109,53932,7631,112,7743,143
2021-11-23,Ventura,111,848112,99969,4339,104308,1194
2021-11-23,Yolo,113,214977,20465,1027,21492,289
2021-11-23,Yuba,115,75493,10394,363,10757,96
2021-11-22,Alameda,001,1643700,121988,2825,124813,1513
2021-11-22,Alpine,002,1148,105,0,105,0
2021-11-22,Amador,005,37829,5693,67,5760,66
2021-11-22,Butte,007,227075,21609,4028,25637,335
2021-11-22,Calaveras,009,45235,4338,60,4398,89
2021-11-22,Colusa,011,21464,2602,657,3259,21
2021-11-22,Contra Costa,013,1133247,101563,2255,103818,1064
2021-11-22,Del Norte,015,27424,3746,55,3801,41
2021-11-22,El Dorado,017,186661,16639,1764,18403,172
2021-11-22,Fresno,019,978130,145057,13058,158115,2319
2021-11-22,Glenn,021,27897,3566,1033,4599,40
2021-11-22,Humboldt,023,135768,9472,636,10108,119
2021-11-22,Imperial,025,180216,35005,3406,38411,784
2021-11-22,Inyo,027,18085,2528,38,2566,46
2021-11-22,Kern,029,883053,131782,23398,155180,1935
2021-11-22,Kings,031,150075,33221,1993,35214,370
2021-11-22,Lake,033,64148,6902,152,7054,113
2021-11-22,Lassen,035,31185,7033,401,7434,51
2021-11-22,Los Angeles,037,10098052,1464546,54318,1518864,26965
2021-11-22,Madera,039,155013,24131,2234,26365,319
2021-11-22,Marin,041,260295,9520,422,9942,197
2021-11-22,Mariposa,043,17540,1413,59,1472,20
2021-11-22,Mendocino,045,87422,7977,646,8623,94
2021-11-22,Merced,047,269075,43045,2039,45084,670
2021-11-22,Modoc,049,8938,583,200,783,5
2021-11-22,Mono,051,14174,1838,23,1861,4
2021-11-22,Monterey,053,433212,49522,3077,52599,629
2021-11-22,Napa,055,140530,13280,113,13393,104
2021-11-22,Nevada,057,99092,9675,336,10011,104
2021-11-22,Orange,059,3164182,313255,15702,328957,5927
2021-11-22,Placer,061,380077,38417,3778,42195,482
2021-11-22,Plumas,063,18699,1926,43,1969,12
2021-11-22,Riverside,065,2383286,372417,16501,388918,5438
2021-11-22,Sacramento,067,1510023,163344,4834,168178,2404
2021-11-22,San Benito,069,59416,7582,176,7758,74
2021-11-22,San Bernardino,071,2135413,363356,11488,374844,6284
2021-11-22,San Diego,073,3302833,384000,22489,406489,4373
2021-11-22,San Francisco,075,870044,54408,2366,56774,683
2021-11-22,San Joaquin,077,732212,102078,5511,107589,1909
2021-11-22,San Luis Obispo,079,281455,30396,1297,31693,364
2021-11-22,San Mateo,081,765935,55370,923,56293,594
2021-11-22,Santa Barbara,083,443738,45594,1575,47169,553
2021-11-22,Santa Clara,085,1922200,150986,1468,152454,1946
2021-11-22,Santa Cruz,087,273765,21156,1015,22171,225
2021-11-22,Shasta,089,179085,22347,3664,26011,417
2021-11-22,Sierra,091,2930,196,21,217,1
2021-11-22,Siskiyou,093,43540,3426,1321,4747,59
2021-11-22,Solano,095,438530,46825,1312,48137,377
2021-11-22,Sonoma,097,501317,42622,543,43165,416
2021-11-22,Stanislaus,099,539301,80611,9043,89654,1384
2021-11-22,Sutter,101,95872,14129,372,14501,188
2021-11-22,Tehama,103,63373,8758,1508,10266,158
2021-11-22,Trinity,105,12862,892,219,1111,18
2021-11-22,Tulare,107,460477,70558,15645,86203,1242
2021-11-22,Tuolumne,109,53932,7616,112,7728,143
2021-11-22,Ventura,111,848112,99903,4336,104239,1193
2021-11-22,Yolo,113,214977,20442,1025,21467,289
2021-11-22,Yuba,115,75493,10385,362,10747,96
2021-11-21,Alameda,001,1643700,121855,2821,124676,1513
2021-11-21,Alpine,002,1148,103,0,103,0
2021-11-21,Amador,005,37829,5688,66,5754,66
2021-11-21,Butte,007,227075,21567,4023,25590,334
2021-11-21,Calaveras,009,45235,4329,60,4389,89
2021-11-21,Colusa,011,21464,2598,656,3254,21
2021-11-21,Contra Costa,013,1133247,101460,2248,103708,1064
2021-11-21,Del Norte,015,27424,3742,55,3797,41
2021-11-21,El Dorado,017,186661,16612,1758,18370,172
2021-11-21,Fresno,019,978130,144885,13036,157921,2317
2021-11-21,Glenn,021,27897,3561,1033,4594,40
2021-11-21,Humboldt,023,135768,9450,635,10085,118
2021-11-21,Imperial,025,180216,34918,3396,38314,783
2021-11-21,Inyo,027,18085,2521,38,2559,45
2021-11-21,Kern,029,883053,131618,23352,154970,1930
2021-11-21,Kings,031,150075,33183,1989,35172,368
2021-11-21,Lake,033,64148,6895,152,7047,112
2021-11-21,Lassen,035,31185,7024,401,7425,50
2021-11-21,Los Angeles,037,10098052,1463486,54263,1517749,26953
2021-11-21,Madera,039,155013,24106,2229,26335,318
2021-11-21,Marin,041,260295,9491,419,9910,197
2021-11-21,Mariposa,043,17540,1412,58,1470,19
2021-11-21,Mendocino,045,87422,7971,643,8614,94
2021-11-21,Merced,047,269075,42990,2036,45026,667
2021-11-21,Modoc,049,8938,579,200,779,5
2021-11-21,Mono,051,14174,1828,22,1850,4
2021-11-21,Monterey,053,433212,49476,3068,52544,629
2021-11-21,Napa,055,140530,13268,113,13381,104
2021-11-21,Nevada,057,99092,9650,335,9985,104
2021-11-21,Orange,059,3164182,312997,15671,328668,5925
2021-11-21,Placer,061,380077,38339,3777,42116,479
2021-11-21,Plumas,063,18699,1921,43,1964,12
2021-11-21,Riverside,065,2383286,371926,16493,388419,5436
2021-11-21,Sacramento,067,1510023,163126,4824,167950,2401
2021-11-21,San Benito,069,59416,7568,175,7743,74
2021-11-21,San Bernardino,071,2135413,362860,11453,374313,6275
2021-11-21,San Diego,073,3302833,383470,22464,405934,4371
2021-11-21,San Francisco,075,870044,54339,2361,56700,683
2021-11-21,San Joaquin,077,732212,101971,5498,107469,1905
2021-11-21,San Luis Obispo,079,281455,30358,1297,31655,364
2021-11-21,San Mateo,081,765935,55318,921,56239,594
2021-11-21,Santa Barbara,083,443738,45533,1572,47105,551
2021-11-21,Santa Clara,085,1922200,150780,1449,152229,1946
2021-11-21,Santa Cruz,087,273765,21112,1013,22125,225
2021-11-21,Shasta,089,179085,22315,3662,25977,412
2021-11-21,Sierra,091,2930,196,21,217,1
2021-11-21,Siskiyou,093,43540,3421,1320,4741,59
2021-11-21,Solano,095,438530,46769,1305,48074,377
2021-11-21,Sonoma,097,501317,42562,542,43104,416
2021-11-21,Stanislaus,099,539301,80516,9028,89544,1377
2021-11-21,Sutter,101,95872,14115,372,14487,187
2021-11-21,Tehama,103,63373,8752,1507,10259,158
2021-11-21,Trinity,105,12862,890,217,1107,18
2021-11-21,Tulare,107,460477,70474,15607,86081,1242
2021-11-21,Tuolumne,109,53932,7608,111,7719,142
2021-11-21,Ventura,111,848112,99812,4333,104145,1192
2021-11-21,Yolo,113,214977,20414,1022,21436,288
2021-11-21,Yuba,115,75493,10376,362,10738,96
2021-11-20,Alameda,001,1643700,121761,2815,124576,1511
2021-11-20,Alpine,002,1148,103,0,103,0
2021-11-20,Amador,005,37829,5682,65,5747,66
2021-11-20,Butte,007,227075,21552,4019,25571,334
2021-11-20,Calaveras,009,45235,4319,60,4379,89
2021-11-20,Colusa,011,21464,2597,655,3252,21
2021-11-20,Contra Costa,013,1133247,101384,2244,103628,1064
2021-11-20,Del Norte,015,27424,3739,55,3794,41
2021-11-20,El Dorado,017,186661,16591,1756,18347,172
2021-11-20,Fresno,019,978130,144816,13027,157843,2312
2021-11-20,Glenn,021,27897,3560,1032,4592,40
2021-11-20,Humboldt,023,135768,9437,633,10070,118
2021-11-20,Imperial,025,180216,34866,3390,38256,782
2021-11-20,Inyo,027,18085,2520,38,2558,45
2021-11-20,Kern,029,883053,131517,23315,154832,1925
2021-11-20,Kings,031,150075,33173,1989,35162,368
2021-11-20,Lake,033,64148,6892,152,7044,112
2021-11-20,Lassen,035,31185,7023,401,7424,50
2021-11-20,Los Angeles,037,10098052,1462866,54215,1517081,26941
2021-11-20,Madera,039,155013,24092,2225,26317,318
2021-11-20,Marin,041,260295,9476,419,9895,197
2021-11-20,Mariposa,043,17540,1411,58,1469,19
2021-11-20,Mendocino,045,87422,7963,643,8606,94
2021-11-20,Merced,047,269075,42964,2036,45000,666
2021-11-20,Modoc,049,8938,578,200,778,5
2021-11-20,Mono,051,14174,1822,22,1844,4
2021-11-20,Monterey,053,433212,49463,3063,52526,629
2021-11-20,Napa,055,140530,13265,113,13378,104
2021-11-20,Nevada,057,99092,9634,335,9969,104
2021-11-20,Orange,059,3164182,312797,15654,328451,5921
2021-11-20,Placer,061,380077,38297,3772,42069,478
2021-11-20,Plumas,063,18699,1917,43,1960,12
2021-11-20,Riverside,065,2383286,371652,16481,388133,5433
2021-11-20,Sacramento,067,1510023,163022,4820,167842,2398
2021-11-20,San Benito,069,59416,7564,175,7739,74
2021-11-20,San Bernardino,071,2135413,362580,11442,374022,6256
2021-11-20,San Diego,073,3302833,383144,22438,405582,4368
2021-11-20,San Francisco,075,870044,54298,2360,56658,682
2021-11-20,San Joaquin,077,732212,101921,5493,107414,1900
2021-11-20,San Luis Obispo,079,281455,30344,1296,31640,364
2021-11-20,San Mateo,081,765935,55284,920,56204,594
2021-11-20,Santa Barbara,083,443738,45501,1572,47073,551
2021-11-20,Santa Clara,085,1922200,150673,1448,152121,1944
2021-11-20,Santa Cruz,087,273765,21094,1013,22107,225
2021-11-20,Shasta,089,179085,22291,3661,25952,411
2021-11-20,Sierra,091,2930,196,21,217,1
2021-11-20,Siskiyou,093,43540,3418,1320,4738,59
2021-11-20,Solano,095,438530,46748,1305,48053,376
2021-11-20,Sonoma,097,501317,42531,542,43073,416
2021-11-20,Stanislaus,099,539301,80470,9024,89494,1374
2021-11-20,Sutter,101,95872,14108,372,14480,187
2021-11-20,Tehama,103,63373,8747,1507,10254,157
2021-11-20,Trinity,105,12862,886,217,1103,18
2021-11-20,Tulare,107,460477,70435,15586,86021,1237
2021-11-20,Tuolumne,109,53932,7600,111,7711,142
2021-11-20,Ventura,111,848112,99763,4326,104089,1192
2021-11-20,Yolo,113,214977,20405,1019,21424,288
2021-11-20,Yuba,115,75493,10370,361,10731,96
2021-11-19,Alameda,001,1643700,121686,2812,124498,1511
2021-11-19,Alpine,002,1148,103,0,103,0
2021-11-19,Amador,005,37829,5672,65,5737,66
2021-11-19,Butte,007,227075,21529,4012,25541,332
2021-11-19,Calaveras,009,45235,4312,60,4372,89
2021-11-19,Colusa,011,21464,2595,654,3249,20
2021-11-19,Contra Costa,013,1133247,101326,2239,103565,1063
2021-11-19,Del Norte,015,27424,3734,55,3789,41
2021-11-19,El Dorado,017,186661,16569,1754,18323,171
2021-11-19,Fresno,019,978130,144698,13018,157716,2302
2021-11-19,Glenn,021,27897,3559,1031,4590,40
2021-11-19,Humboldt,023,135768,9425,630,10055,118
2021-11-19,Imperial,025,180216,34828,3383,38211,782
2021-11-19,Inyo,027,18085,2516,38,2554,45
2021-11-19,Kern,029,883053,131414,23272,154686,1921
2021-11-19,Kings,031,150075,33148,1987,35135,366
2021-11-19,Lake,033,64148,6889,152,7041,112
2021-11-19,Lassen,035,31185,7018,400,7418,49
2021-11-19,Los Angeles,037,10098052,1462178,54162,1516340,26931
2021-11-19,Madera,039,155013,24071,2220,26291,317
2021-11-19,Marin,041,260295,9458,417,9875,197
2021-11-19,Mariposa,043,17540,1409,58,1467,19
2021-11-19,Mendocino,045,87422,7943,643,8586,94
2021-11-19,Merced,047,269075,42938,2035,44973,666
2021-11-19,Modoc,049,8938,577,200,777,5
2021-11-19,Mono,051,14174,1811,22,1833,4
2021-11-19,Monterey,053,433212,49441,3063,52504,629
2021-11-19,Napa,055,140530,13254,112,13366,104
2021-11-19,Nevada,057,99092,9621,335,9956,104
2021-11-19,Orange,059,3164182,312643,15629,328272,5917
2021-11-19,Placer,061,380077,38260,3768,42028,478
2021-11-19,Plumas,063,18699,1913,43,1956,12
2021-11-19,Riverside,065,2383286,371378,16477,387855,5427
2021-11-19,Sacramento,067,1510023,162897,4816,167713,2397
2021-11-19,San Benito,069,59416,7558,173,7731,74
2021-11-19,San Bernardino,071,2135413,362257,11433,373690,6249
2021-11-19,San Diego,073,3302833,382753,22412,405165,4366
2021-11-19,San Francisco,075,870044,54260,2360,56620,682
2021-11-19,San Joaquin,077,732212,101864,5489,107353,1900
2021-11-19,San Luis Obispo,079,281455,30326,1294,31620,364
2021-11-19,San Mateo,081,765935,55236,916,56152,593
2021-11-19,Santa Barbara,083,443738,45464,1572,47036,551
2021-11-19,Santa Clara,085,1922200,150525,1445,151970,1943
2021-11-19,Santa Cruz,087,273765,21067,1010,22077,225
2021-11-19,Shasta,089,179085,22279,3660,25939,411
2021-11-19,Sierra,091,2930,196,21,217,1
2021-11-19,Siskiyou,093,43540,3415,1320,4735,59
2021-11-19,Solano,095,438530,46717,1301,48018,375
2021-11-19,Sonoma,097,501317,42498,539,43037,415
2021-11-19,Stanislaus,099,539301,80412,9015,89427,1373
2021-11-19,Sutter,101,95872,14106,372,14478,187
2021-11-19,Tehama,103,63373,8744,1507,10251,156
2021-11-19,Trinity,105,12862,884,217,1101,18
2021-11-19,Tulare,107,460477,70394,15560,85954,1233
2021-11-19,Tuolumne,109,53932,7589,111,7700,141
2021-11-19,Ventura,111,848112,99699,4323,104022,1192
2021-11-19,Yolo,113,214977,20393,1018,21411,288
2021-11-19,Yuba,115,75493,10367,361,10728,94
2021-11-18,Alameda,001,1643700,121561,2805,124366,1511
2021-11-18,Alpine,002,1148,103,0,103,0
2021-11-18,Amador,005,37829,5670,65,5735,66
2021-11-18,Butte,007,227075,21512,4005,25517,331
2021-11-18,Calaveras,009,45235,4305,59,4364,89
2021-11-18,Colusa,011,21464,2587,654,3241,20
2021-11-18,Contra Costa,013,1133247,101224,2231,103455,1061
2021-11-18,Del Norte,015,27424,3731,55,3786,41
2021-11-18,El Dorado,017,186661,16548,1751,18299,171
2021-11-18,Fresno,019,978130,144557,13008,157565,2296
2021-11-18,Glenn,021,27897,3558,1030,4588,40
2021-11-18,Humboldt,023,135768,9408,625,10033,118
2021-11-18,Imperial,025,180216,34773,3367,38140,781
2021-11-18,Inyo,027,18085,2508,38,2546,45
2021-11-18,Kern,029,883053,131266,23225,154491,1914
2021-11-18,Kings,031,150075,33111,1984,35095,365
2021-11-18,Lake,033,64148,6884,152,7036,112
2021-11-18,Lassen,035,31185,7015,395,7410,49
2021-11-18,Los Angeles,037,10098052,1461190,54102,1515292,26920
2021-11-18,Madera,039,155013,24046,2216,26262,315
2021-11-18,Marin,041,260295,9441,413,9854,197
2021-11-18,Mariposa,043,17540,1406,58,1464,19
2021-11-18,Mendocino,045,87422,7921,634,8555,94
2021-11-18,Merced,047,269075,42881,2033,44914,663
2021-11-18,Modoc,049,8938,565,200,765,5
2021-11-18,Mono,051,14174,1803,22,1825,4
2021-11-18,Monterey,053,433212,49416,3058,52474,629
2021-11-18,Napa,055,140530,13242,111,13353,104
2021-11-18,Nevada,057,99092,9597,335,9932,104
2021-11-18,Orange,059,3164182,312404,15609,328013,5911
2021-11-18,Placer,061,380077,38218,3757,41975,477
2021-11-18,Plumas,063,18699,1912,43,1955,12
2021-11-18,Riverside,065,2383286,371001,16464,387465,5424
2021-11-18,Sacramento,067,1510023,162669,4801,167470,2390
2021-11-18,San Benito,069,59416,7548,173,7721,74
2021-11-18,San Bernardino,071,2135413,361824,11414,373238,6243
2021-11-18,San Diego,073,3302833,382256,22395,404651,4359
2021-11-18,San Francisco,075,870044,54208,2356,56564,682
2021-11-18,San Joaquin,077,732212,101769,5481,107250,1899
2021-11-18,San Luis Obispo,079,281455,30296,1293,31589,363
2021-11-18,San Mateo,081,765935,55177,913,56090,592
2021-11-18,Santa Barbara,083,443738,45418,1565,46983,551
2021-11-18,Santa Clara,085,1922200,150334,1437,151771,1942
2021-11-18,Santa Cruz,087,273765,21016,1009,22025,223
2021-11-18,Shasta,089,179085,22243,3655,25898,410
2021-11-18,Sierra,091,2930,195,21,216,1
2021-11-18,Siskiyou,093,43540,3415,1316,4731,59
2021-11-18,Solano,095,438530,46674,1299,47973,374
2021-11-18,Sonoma,097,501317,42449,537,42986,415
2021-11-18,Stanislaus,099,539301,80345,9007,89352,1372
2021-11-18,Sutter,101,95872,14095,371,14466,187
2021-11-18,Tehama,103,63373,8739,1507,10246,154
2021-11-18,Trinity,105,12862,883,217,1100,18
2021-11-18,Tulare,107,460477,70321,15516,85837,1227
2021-11-18,Tuolumne,109,53932,7579,111,7690,140
2021-11-18,Ventura,111,848112,99621,4319,103940,1190
2021-11-18,Yolo,113,214977,20376,1014,21390,288
2021-11-18,Yuba,115,75493,10361,361,10722,93
2021-11-17,Alameda,001,1643700,121439,2804,124243,1511
2021-11-17,Alpine,002,1148,103,0,103,0
2021-11-17,Amador,005,37829,5664,65,5729,66
2021-11-17,Butte,007,227075,21486,4002,25488,331
2021-11-17,Calaveras,009,45235,4298,59,4357,89
2021-11-17,Colusa,011,21464,2584,653,3237,20
2021-11-17,Contra Costa,013,1133247,101132,2227,103359,1060
2021-11-17,Del Norte,015,27424,3728,55,3783,41
2021-11-17,El Dorado,017,186661,16528,1750,18278,170
2021-11-17,Fresno,019,978130,144371,12994,157365,2294
2021-11-17,Glenn,021,27897,3556,1028,4584,40
2021-11-17,Humboldt,023,135768,9397,622,10019,117
2021-11-17,Imperial,025,180216,34717,3346,38063,780
2021-11-17,Inyo,027,18085,2502,38,2540,45
2021-11-17,Kern,029,883053,131093,23183,154276,1905
2021-11-17,Kings,031,150075,33084,1980,35064,364
2021-11-17,Lake,033,64148,6880,151,7031,112
2021-11-17,Lassen,035,31185,7013,395,7408,49
2021-11-17,Los Angeles,037,10098052,1460093,54035,1514128,26909
2021-11-17,Madera,039,155013,24013,2214,26227,315
2021-11-17,Marin,041,260295,9421,411,9832,197
2021-11-17,Mariposa,043,17540,1402,58,1460,19
2021-11-17,Mendocino,045,87422,7913,633,8546,94
2021-11-17,Merced,047,269075,42822,2028,44850,663
2021-11-17,Modoc,049,8938,561,200,761,5
2021-11-17,Mono,051,14174,1799,22,1821,4
2021-11-17,Monterey,053,433212,49368,3047,52415,629
2021-11-17,Napa,055,140530,13220,111,13331,103
2021-11-17,Nevada,057,99092,9584,335,9919,104
2021-11-17,Orange,059,3164182,312158,15575,327733,5908
2021-11-17,Placer,061,380077,38169,3749,41918,477
2021-11-17,Plumas,063,18699,1907,43,1950,12
2021-11-17,Riverside,065,2383286,370589,16451,387040,5416
2021-11-17,Sacramento,067,1510023,162500,4794,167294,2386
2021-11-17,San Benito,069,59416,7541,173,7714,74
2021-11-17,San Bernardino,071,2135413,361458,11397,372855,6230
2021-11-17,San Diego,073,3302833,381765,22369,404134,4358
2021-11-17,San Francisco,075,870044,54153,2353,56506,680
2021-11-17,San Joaquin,077,732212,101667,5476,107143,1897
2021-11-17,San Luis Obispo,079,281455,30270,1290,31560,363
2021-11-17,San Mateo,081,765935,55109,910,56019,592
2021-11-17,Santa Barbara,083,443738,45379,1565,46944,549
2021-11-17,Santa Clara,085,1922200,150170,1429,151599,1942
2021-11-17,Santa Cruz,087,273765,20981,1009,21990,223
2021-11-17,Shasta,089,179085,22210,3653,25863,408
2021-11-17,Sierra,091,2930,194,21,215,1
2021-11-17,Siskiyou,093,43540,3411,1313,4724,58
2021-11-17,Solano,095,438530,46641,1298,47939,374
2021-11-17,Sonoma,097,501317,42403,534,42937,415
2021-11-17,Stanislaus,099,539301,80256,8997,89253,1370
2021-11-17,Sutter,101,95872,14081,369,14450,187
2021-11-17,Tehama,103,63373,8729,1504,10233,153
2021-11-17,Trinity,105,12862,882,217,1099,18
2021-11-17,Tulare,107,460477,70250,15489,85739,1226
2021-11-17,Tuolumne,109,53932,7562,111,7673,140
2021-11-17,Ventura,111,848112,99559,4313,103872,1190
2021-11-17,Yolo,113,214977,20357,1012,21369,288
2021-11-17,Yuba,115,75493,10349,357,10706,93
2021-11-16,Alameda,001,1643700,121331,2800,124131,1509
2021-11-16,Alpine,002,1148,103,0,103,0
2021-11-16,Amador,005,37829,5658,65,5723,66
2021-11-16,Butte,007,227075,21460,3997,25457,329
2021-11-16,Calaveras,009,45235,4289,59,4348,89
2021-11-16,Colusa,011,21464,2578,653,3231,20
2021-11-16,Contra Costa,013,1133247,101012,2224,103236,1060
2021-11-16,Del Norte,015,27424,3722,55,3777,41
2021-11-16,El Dorado,017,186661,16502,1748,18250,170
2021-11-16,Fresno,019,978130,144184,12972,157156,2288
2021-11-16,Glenn,021,27897,3555,1025,4580,40
2021-11-16,Humboldt,023,135768,9377,618,9995,117
2021-11-16,Imperial,025,180216,34634,3332,37966,779
2021-11-16,Inyo,027,18085,2495,38,2533,45
2021-11-16,Kern,029,883053,130933,23122,154055,1896
2021-11-16,Kings,031,150075,33031,1973,35004,364
2021-11-16,Lake,033,64148,6875,151,7026,112
2021-11-16,Lassen,035,31185,7003,395,7398,49
2021-11-16,Los Angeles,037,10098052,1458924,53964,1512888,26897
2021-11-16,Madera,039,155013,23975,2208,26183,315
2021-11-16,Marin,041,260295,9402,410,9812,197
2021-11-16,Mariposa,043,17540,1394,57,1451,19
2021-11-16,Mendocino,045,87422,7872,629,8501,94
2021-11-16,Merced,047,269075,42785,2021,44806,661
2021-11-16,Modoc,049,8938,560,199,759,5
2021-11-16,Mono,051,14174,1790,22,1812,4
2021-11-16,Monterey,053,433212,49338,3033,52371,629
2021-11-16,Napa,055,140530,13209,111,13320,103
2021-11-16,Nevada,057,99092,9567,334,9901,104
2021-11-16,Orange,059,3164182,311891,15541,327432,5901
2021-11-16,Placer,061,380077,38127,3743,41870,475
2021-11-16,Plumas,063,18699,1898,43,1941,12
2021-11-16,Riverside,065,2383286,370168,16429,386597,5411
2021-11-16,Sacramento,067,1510023,162320,4782,167102,2382
2021-11-16,San Benito,069,59416,7527,173,7700,74
2021-11-16,San Bernardino,071,2135413,361032,11344,372376,6227
2021-11-16,San Diego,073,3302833,381210,22342,403552,4357
2021-11-16,San Francisco,075,870044,54080,2345,56425,680
2021-11-16,San Joaquin,077,732212,101527,5461,106988,1892
2021-11-16,San Luis Obispo,079,281455,30238,1287,31525,362
2021-11-16,San Mateo,081,765935,55046,908,55954,591
2021-11-16,Santa Barbara,083,443738,45311,1562,46873,549
2021-11-16,Santa Clara,085,1922200,149987,1417,151404,1941
2021-11-16,Santa Cruz,087,273765,20936,1007,21943,223
2021-11-16,Shasta,089,179085,22171,3649,25820,405
2021-11-16,Sierra,091,2930,194,21,215,1
2021-11-16,Siskiyou,093,43540,3408,1311,4719,58
2021-11-16,Solano,095,438530,46601,1297,47898,372
2021-11-16,Sonoma,097,501317,42354,533,42887,413
2021-11-16,Stanislaus,099,539301,80159,8974,89133,1367
2021-11-16,Sutter,101,95872,14069,368,14437,187
2021-11-16,Tehama,103,63373,8722,1497,10219,152
2021-11-16,Trinity,105,12862,882,216,1098,18
2021-11-16,Tulare,107,460477,70170,15454,85624,1220
2021-11-16,Tuolumne,109,53932,7552,111,7663,140
2021-11-16,Ventura,111,848112,99485,4310,103795,1187
2021-11-16,Yolo,113,214977,20319,1009,21328,288
2021-11-16,Yuba,115,75493,10341,355,10696,93
2021-11-15,Alameda,001,1643700,121173,2796,123969,1507
2021-11-15,Alpine,002,1148,103,0,103,0
2021-11-15,Amador,005,37829,5653,65,5718,66
2021-11-15,Butte,007,227075,21436,3992,25428,329
2021-11-15,Calaveras,009,45235,4274,59,4333,88
2021-11-15,Colusa,011,21464,2571,650,3221,20
2021-11-15,Contra Costa,013,1133247,100905,2221,103126,1060
2021-11-15,Del Norte,015,27424,3717,54,3771,41
2021-11-15,El Dorado,017,186661,16478,1744,18222,170
2021-11-15,Fresno,019,978130,143962,12950,156912,2284
2021-11-15,Glenn,021,27897,3553,1025,4578,40
2021-11-15,Humboldt,023,135768,9355,610,9965,117
2021-11-15,Imperial,025,180216,34561,3316,37877,779
2021-11-15,Inyo,027,18085,2490,38,2528,45
2021-11-15,Kern,029,883053,130724,23053,153777,1890
2021-11-15,Kings,031,150075,32997,1968,34965,361
2021-11-15,Lake,033,64148,6871,151,7022,111
2021-11-15,Lassen,035,31185,6992,393,7385,49
2021-11-15,Los Angeles,037,10098052,1457736,53902,1511638,26889
2021-11-15,Madera,039,155013,23937,2197,26134,315
2021-11-15,Marin,041,260295,9385,409,9794,197
2021-11-15,Mariposa,043,17540,1393,55,1448,19
2021-11-15,Mendocino,045,87422,7851,623,8474,94
2021-11-15,Merced,047,269075,42728,2010,44738,659
2021-11-15,Modoc,049,8938,559,198,757,5
2021-11-15,Mono,051,14174,1785,22,1807,4
2021-11-15,Monterey,053,433212,49306,3027,52333,628
2021-11-15,Napa,055,140530,13201,111,13312,103
2021-11-15,Nevada,057,99092,9538,333,9871,104
2021-11-15,Orange,059,3164182,311611,15517,327128,5896
2021-11-15,Placer,061,380077,38064,3739,41803,475
2021-11-15,Plumas,063,18699,1891,43,1934,12
2021-11-15,Riverside,065,2383286,369721,16410,386131,5407
2021-11-15,Sacramento,067,1510023,162099,4770,166869,2375
2021-11-15,San Benito,069,59416,7522,172,7694,74
2021-11-15,San Bernardino,071,2135413,360604,11325,371929,6220
2021-11-15,San Diego,073,3302833,380673,22317,402990,4354
2021-11-15,San Francisco,075,870044,54013,2342,56355,680
2021-11-15,San Joaquin,077,732212,101373,5450,106823,1890
2021-11-15,San Luis Obispo,079,281455,30195,1275,31470,361
2021-11-15,San Mateo,081,765935,54993,906,55899,591
2021-11-15,Santa Barbara,083,443738,45256,1556,46812,548
2021-11-15,Santa Clara,085,1922200,149770,1410,151180,1940
2021-11-15,Santa Cruz,087,273765,20894,1006,21900,223
2021-11-15,Shasta,089,179085,22125,3644,25769,405
2021-11-15,Sierra,091,2930,194,21,215,1
2021-11-15,Siskiyou,093,43540,3401,1309,4710,58
2021-11-15,Solano,095,438530,46563,1292,47855,372
2021-11-15,Sonoma,097,501317,42303,532,42835,413
2021-11-15,Stanislaus,099,539301,80074,8960,89034,1367
2021-11-15,Sutter,101,95872,14056,367,14423,187
2021-11-15,Tehama,103,63373,8716,1496,10212,152
2021-11-15,Trinity,105,12862,880,214,1094,18
2021-11-15,Tulare,107,460477,70084,15410,85494,1218
2021-11-15,Tuolumne,109,53932,7541,111,7652,139
2021-11-15,Ventura,111,848112,99401,4305,103706,1186
2021-11-15,Yolo,113,214977,20288,1005,21293,288
2021-11-15,Yuba,115,75493,10322,351,10673,93
2021-11-14,Alameda,001,1643700,120999,2792,123791,1507
2021-11-14,Alpine,002,1148,102,0,102,0
2021-11-14,Amador,005,37829,5646,64,5710,66
2021-11-14,Butte,007,227075,21404,3983,25387,328
2021-11-14,Calaveras,009,45235,4263,59,4322,88
2021-11-14,Colusa,011,21464,2569,647,3216,20
2021-11-14,Contra Costa,013,1133247,100796,2219,103015,1058
2021-11-14,Del Norte,015,27424,3714,54,3768,41
2021-11-14,El Dorado,017,186661,16436,1739,18175,170
2021-11-14,Fresno,019,978130,143679,12915,156594,2278
2021-11-14,Glenn,021,27897,3551,1025,4576,40
2021-11-14,Humboldt,023,135768,9324,600,9924,117
2021-11-14,Imperial,025,180216,34458,3301,37759,777
2021-11-14,Inyo,027,18085,2478,38,2516,44
2021-11-14,Kern,029,883053,130484,22983,153467,1885
2021-11-14,Kings,031,150075,32940,1961,34901,361
2021-11-14,Lake,033,64148,6863,151,7014,111
2021-11-14,Lassen,035,31185,6982,392,7374,49
2021-11-14,Los Angeles,037,10098052,1456372,53827,1510199,26868
2021-11-14,Madera,039,155013,23887,2188,26075,315
2021-11-14,Marin,041,260295,9370,409,9779,197
2021-11-14,Mariposa,043,17540,1383,51,1434,19
2021-11-14,Mendocino,045,87422,7818,618,8436,94
2021-11-14,Merced,047,269075,42638,2004,44642,659
2021-11-14,Modoc,049,8938,557,198,755,5
2021-11-14,Mono,051,14174,1773,22,1795,4
2021-11-14,Monterey,053,433212,49251,3009,52260,628
2021-11-14,Napa,055,140530,13183,111,13294,103
2021-11-14,Nevada,057,99092,9510,333,9843,103
2021-11-14,Orange,059,3164182,311294,15496,326790,5890
2021-11-14,Placer,061,380077,37984,3730,41714,474
2021-11-14,Plumas,063,18699,1888,42,1930,12
2021-11-14,Riverside,065,2383286,369223,16393,385616,5402
2021-11-14,Sacramento,067,1510023,161864,4753,166617,2373
2021-11-14,San Benito,069,59416,7511,171,7682,74
2021-11-14,San Bernardino,071,2135413,360021,11308,371329,6217
2021-11-14,San Diego,073,3302833,380074,22286,402360,4349
2021-11-14,San Francisco,075,870044,53937,2337,56274,678
2021-11-14,San Joaquin,077,732212,101245,5445,106690,1887
2021-11-14,San Luis Obispo,079,281455,30113,1272,31385,361
2021-11-14,San Mateo,081,765935,54940,904,55844,590
2021-11-14,Santa Barbara,083,443738,45176,1553,46729,547
2021-11-14,Santa Clara,085,1922200,149570,1403,150973,1938
2021-11-14,Santa Cruz,087,273765,20840,1004,21844,223
2021-11-14,Shasta,089,179085,22073,3631,25704,403
2021-11-14,Sierra,091,2930,194,21,215,1
2021-11-14,Siskiyou,093,43540,3392,1308,4700,58
2021-11-14,Solano,095,438530,46508,1285,47793,372
2021-11-14,Sonoma,097,501317,42237,530,42767,413
2021-11-14,Stanislaus,099,539301,79939,8942,88881,1364
2021-11-14,Sutter,101,95872,14039,363,14402,186
2021-11-14,Tehama,103,63373,8706,1494,10200,152
2021-11-14,Trinity,105,12862,877,212,1089,18
2021-11-14,Tulare,107,460477,69965,15351,85316,1212
2021-11-14,Tuolumne,109,53932,7523,110,7633,138
2021-11-14,Ventura,111,848112,99287,4304,103591,1185
2021-11-14,Yolo,113,214977,20260,1000,21260,288
2021-11-14,Yuba,115,75493,10315,350,10665,93
2021-11-13,Alameda,001,1643700,120930,2791,123721,1507
2021-11-13,Alpine,002,1148,102,0,102,0
2021-11-13,Amador,005,37829,5645,64,5709,66
2021-11-13,Butte,007,227075,21383,3980,25363,328
2021-11-13,Calaveras,009,45235,4252,59,4311,88
2021-11-13,Colusa,011,21464,2567,647,3214,20
2021-11-13,Contra Costa,013,1133247,100724,2213,102937,1057
2021-11-13,Del Norte,015,27424,3714,54,3768,41
2021-11-13,El Dorado,017,186661,16423,1736,18159,170
2021-11-13,Fresno,019,978130,143572,12901,156473,2270
2021-11-13,Glenn,021,27897,3551,1024,4575,38
2021-11-13,Humboldt,023,135768,9309,595,9904,117
2021-11-13,Imperial,025,180216,34408,3284,37692,777
2021-11-13,Inyo,027,18085,2472,38,2510,44
2021-11-13,Kern,029,883053,130382,22939,153321,1877
2021-11-13,Kings,031,150075,32923,1960,34883,361
2021-11-13,Lake,033,64148,6858,151,7009,111
2021-11-13,Lassen,035,31185,6977,392,7369,49
2021-11-13,Los Angeles,037,10098052,1455718,53789,1509507,26853
2021-11-13,Madera,039,155013,23856,2183,26039,313
2021-11-13,Marin,041,260295,9357,407,9764,197
2021-11-13,Mariposa,043,17540,1380,51,1431,19
2021-11-13,Mendocino,045,87422,7799,617,8416,94
2021-11-13,Merced,047,269075,42600,2001,44601,657
2021-11-13,Modoc,049,8938,556,198,754,5
2021-11-13,Mono,051,14174,1769,22,1791,4
2021-11-13,Monterey,053,433212,49225,3007,52232,627
2021-11-13,Napa,055,140530,13175,111,13286,103
2021-11-13,Nevada,057,99092,9490,331,9821,103
2021-11-13,Orange,059,3164182,311128,15467,326595,5887
2021-11-13,Placer,061,380077,37935,3727,41662,474
2021-11-13,Plumas,063,18699,1885,42,1927,12
2021-11-13,Riverside,065,2383286,368918,16386,385304,5400
2021-11-13,Sacramento,067,1510023,161728,4741,166469,2368
2021-11-13,San Benito,069,59416,7498,170,7668,74
2021-11-13,San Bernardino,071,2135413,359768,11301,371069,6212
2021-11-13,San Diego,073,3302833,379744,22258,402002,4346
2021-11-13,San Francisco,075,870044,53905,2336,56241,678
2021-11-13,San Joaquin,077,732212,101188,5436,106624,1885
2021-11-13,San Luis Obispo,079,281455,30082,1271,31353,361
2021-11-13,San Mateo,081,765935,54902,903,55805,589
2021-11-13,Santa Barbara,083,443738,45143,1553,46696,546
2021-11-13,Santa Clara,085,1922200,149451,1398,150849,1937
2021-11-13,Santa Cruz,087,273765,20825,1003,21828,223
2021-11-13,Shasta,089,179085,22042,3627,25669,402
2021-11-13,Sierra,091,2930,193,21,214,1
2021-11-13,Siskiyou,093,43540,3383,1307,4690,57
2021-11-13,Solano,095,438530,46479,1281,47760,371
2021-11-13,Sonoma,097,501317,42204,529,42733,413
2021-11-13,Stanislaus,099,539301,79864,8928,88792,1357
2021-11-13,Sutter,101,95872,14029,362,14391,186
2021-11-13,Tehama,103,63373,8700,1490,10190,152
2021-11-13,Trinity,105,12862,876,212,1088,18
2021-11-13,Tulare,107,460477,69899,15328,85227,1208
2021-11-13,Tuolumne,109,53932,7505,110,7615,138
2021-11-13,Ventura,111,848112,99228,4301,103529,1185
2021-11-13,Yolo,113,214977,20243,998,21241,287
2021-11-13,Yuba,115,75493,10305,348,10653,93
2021-11-12,Alameda,001,1643700,120843,2788,123631,1506
2021-11-12,Alpine,002,1148,102,0,102,0
2021-11-12,Amador,005,37829,5641,63,5704,66
2021-11-12,Butte,007,227075,21365,3976,25341,327
2021-11-12,Calaveras,009,45235,4241,59,4300,88
2021-11-12,Colusa,011,21464,2563,646,3209,20
2021-11-12,Contra Costa,013,1133247,100670,2212,102882,1055
2021-11-12,Del Norte,015,27424,3713,54,3767,41
2021-11-12,El Dorado,017,186661,16404,1735,18139,170
2021-11-12,Fresno,019,978130,143428,12888,156316,2267
2021-11-12,Glenn,021,27897,3548,1023,4571,38
2021-11-12,Humboldt,023,135768,9302,593,9895,116
2021-11-12,Imperial,025,180216,34381,3275,37656,777
2021-11-12,Inyo,027,18085,2468,38,2506,44
2021-11-12,Kern,029,883053,130245,22906,153151,1870
2021-11-12,Kings,031,150075,32897,1958,34855,360
2021-11-12,Lake,033,64148,6854,151,7005,111
2021-11-12,Lassen,035,31185,6973,391,7364,49
2021-11-12,Los Angeles,037,10098052,1454990,53745,1508735,26841
2021-11-12,Madera,039,155013,23827,2178,26005,311
2021-11-12,Marin,041,260295,9341,406,9747,197
2021-11-12,Mariposa,043,17540,1373,51,1424,19
2021-11-12,Mendocino,045,87422,7787,614,8401,94
2021-11-12,Merced,047,269075,42571,1999,44570,655
2021-11-12,Modoc,049,8938,555,198,753,5
2021-11-12,Mono,051,14174,1767,22,1789,4
2021-11-12,Monterey,053,433212,49193,3001,52194,626
2021-11-12,Napa,055,140530,13166,111,13277,103
2021-11-12,Nevada,057,99092,9476,330,9806,103
2021-11-12,Orange,059,3164182,310940,15449,326389,5885
2021-11-12,Placer,061,380077,37896,3724,41620,474
2021-11-12,Plumas,063,18699,1879,42,1921,12
2021-11-12,Riverside,065,2383286,368650,16382,385032,5397
2021-11-12,Sacramento,067,1510023,161569,4735,166304,2366
2021-11-12,San Benito,069,59416,7498,170,7668,74
2021-11-12,San Bernardino,071,2135413,359459,11291,370750,6206
2021-11-12,San Diego,073,3302833,379377,22236,401613,4344
2021-11-12,San Francisco,075,870044,53871,2332,56203,678
2021-11-12,San Joaquin,077,732212,101143,5429,106572,1882
2021-11-12,San Luis Obispo,079,281455,30053,1270,31323,360
2021-11-12,San Mateo,081,765935,54852,900,55752,589
2021-11-12,Santa Barbara,083,443738,45088,1552,46640,546
2021-11-12,Santa Clara,085,1922200,149308,1394,150702,1935
2021-11-12,Santa Cruz,087,273765,20797,1001,21798,223
2021-11-12,Shasta,089,179085,22009,3624,25633,401
2021-11-12,Sierra,091,2930,192,21,213,1
2021-11-12,Siskiyou,093,43540,3382,1305,4687,56
2021-11-12,Solano,095,438530,46451,1277,47728,368
2021-11-12,Sonoma,097,501317,42164,529,42693,413
2021-11-12,Stanislaus,099,539301,79812,8920,88732,1354
2021-11-12,Sutter,101,95872,14022,362,14384,185
2021-11-12,Tehama,103,63373,8696,1489,10185,152
2021-11-12,Trinity,105,12862,869,212,1081,18
2021-11-12,Tulare,107,460477,69857,15293,85150,1204
2021-11-12,Tuolumne,109,53932,7492,109,7601,138
2021-11-12,Ventura,111,848112,99163,4300,103463,1185
2021-11-12,Yolo,113,214977,20228,993,21221,287
2021-11-12,Yuba,115,75493,10296,347,10643,92
2021-11-11,Alameda,001,1643700,120729,2780,123509,1505
2021-11-11,Alpine,002,1148,102,0,102,0
2021-11-11,Amador,005,37829,5638,62,5700,66
2021-11-11,Butte,007,227075,21322,3968,25290,327
2021-11-11,Calaveras,009,45235,4223,59,4282,88
2021-11-11,Colusa,011,21464,2555,644,3199,20
2021-11-11,Contra Costa,013,1133247,100566,2208,102774,1055
2021-11-11,Del Norte,015,27424,3711,54,3765,41
2021-11-11,El Dorado,017,186661,16372,1732,18104,170
2021-11-11,Fresno,019,978130,143223,12854,156077,2263
2021-11-11,Glenn,021,27897,3546,1022,4568,38
2021-11-11,Humboldt,023,135768,9279,590,9869,116
2021-11-11,Imperial,025,180216,34312,3253,37565,777
2021-11-11,Inyo,027,18085,2463,38,2501,44
2021-11-11,Kern,029,883053,130060,22843,152903,1862
2021-11-11,Kings,031,150075,32847,1956,34803,357
2021-11-11,Lake,033,64148,6847,151,6998,111
2021-11-11,Lassen,035,31185,6967,391,7358,49
2021-11-11,Los Angeles,037,10098052,1453894,53687,1507581,26828
2021-11-11,Madera,039,155013,23780,2170,25950,311
2021-11-11,Marin,041,260295,9331,406,9737,197
2021-11-11,Mariposa,043,17540,1363,51,1414,19
2021-11-11,Mendocino,045,87422,7772,605,8377,94
2021-11-11,Merced,047,269075,42515,1996,44511,655
2021-11-11,Modoc,049,8938,553,198,751,5
2021-11-11,Mono,051,14174,1763,22,1785,4
2021-11-11,Monterey,053,433212,49158,2989,52147,626
2021-11-11,Napa,055,140530,13158,111,13269,103
2021-11-11,Nevada,057,99092,9454,330,9784,103
2021-11-11,Orange,059,3164182,310666,15412,326078,5877
2021-11-11,Placer,061,380077,37845,3715,41560,473
2021-11-11,Plumas,063,18699,1875,42,1917,12
2021-11-11,Riverside,065,2383286,368214,16364,384578,5395
2021-11-11,Sacramento,067,1510023,161356,4716,166072,2364
2021-11-11,San Benito,069,59416,7490,170,7660,74
2021-11-11,San Bernardino,071,2135413,359029,11278,370307,6198
2021-11-11,San Diego,073,3302833,378868,22213,401081,4341
2021-11-11,San Francisco,075,870044,53812,2331,56143,677
2021-11-11,San Joaquin,077,732212,101048,5413,106461,1876
2021-11-11,San Luis Obispo,079,281455,30002,1268,31270,358
2021-11-11,San Mateo,081,765935,54804,895,55699,589
2021-11-11,Santa Barbara,083,443738,45030,1549,46579,544
2021-11-11,Santa Clara,085,1922200,149126,1388,150514,1934
2021-11-11,Santa Cruz,087,273765,20752,1001,21753,223
2021-11-11,Shasta,089,179085,21964,3622,25586,400
2021-11-11,Sierra,091,2930,191,21,212,1
2021-11-11,Siskiyou,093,43540,3376,1304,4680,56
2021-11-11,Solano,095,438530,46415,1276,47691,368
2021-11-11,Sonoma,097,501317,42127,529,42656,413
2021-11-11,Stanislaus,099,539301,79730,8904,88634,1352
2021-11-11,Sutter,101,95872,14007,361,14368,185
2021-11-11,Tehama,103,63373,8684,1487,10171,151
2021-11-11,Trinity,105,12862,868,212,1080,18
2021-11-11,Tulare,107,460477,69764,15257,85021,1199
2021-11-11,Tuolumne,109,53932,7479,109,7588,137
2021-11-11,Ventura,111,848112,99085,4293,103378,1183
2021-11-11,Yolo,113,214977,20200,992,21192,287
2021-11-11,Yuba,115,75493,10280,347,10627,92
2021-11-10,Alameda,001,1643700,120619,2771,123390,1505
2021-11-10,Alpine,002,1148,102,0,102,0
2021-11-10,Amador,005,37829,5632,62,5694,66
2021-11-10,Butte,007,227075,21295,3964,25259,327
2021-11-10,Calaveras,009,45235,4213,59,4272,87
2021-11-10,Colusa,011,21464,2549,644,3193,20
2021-11-10,Contra Costa,013,1133247,100483,2204,102687,1055
2021-11-10,Del Norte,015,27424,3710,54,3764,41
2021-11-10,El Dorado,017,186661,16356,1731,18087,170
2021-11-10,Fresno,019,978130,143046,12839,155885,2255
2021-11-10,Glenn,021,27897,3546,1021,4567,38
2021-11-10,Humboldt,023,135768,9261,590,9851,116
2021-11-10,Imperial,025,180216,34264,3234,37498,777
2021-11-10,Inyo,027,18085,2456,38,2494,44
2021-11-10,Kern,029,883053,129910,22788,152698,1854
2021-11-10,Kings,031,150075,32814,1954,34768,356
2021-11-10,Lake,033,64148,6837,151,6988,111
2021-11-10,Lassen,035,31185,6962,391,7353,49
2021-11-10,Los Angeles,037,10098052,1452943,53627,1506570,26812
2021-11-10,Madera,039,155013,23731,2164,25895,310
2021-11-10,Marin,041,260295,9318,404,9722,197
2021-11-10,Mariposa,043,17540,1357,51,1408,19
2021-11-10,Mendocino,045,87422,7760,604,8364,94
2021-11-10,Merced,047,269075,42480,1994,44474,651
2021-11-10,Modoc,049,8938,552,197,749,5
2021-11-10,Mono,051,14174,1761,22,1783,4
2021-11-10,Monterey,053,433212,49124,2978,52102,626
2021-11-10,Napa,055,140530,13145,110,13255,103
2021-11-10,Nevada,057,99092,9447,328,9775,102
2021-11-10,Orange,059,3164182,310402,15380,325782,5869
2021-11-10,Placer,061,380077,37799,3708,41507,472
2021-11-10,Plumas,063,18699,1869,41,1910,12
2021-11-10,Riverside,065,2383286,367833,16358,384191,5389
2021-11-10,Sacramento,067,1510023,161201,4706,165907,2363
2021-11-10,San Benito,069,59416,7482,170,7652,74
2021-11-10,San Bernardino,071,2135413,358687,11271,369958,6193
2021-11-10,San Diego,073,3302833,378463,22191,400654,4338
2021-11-10,San Francisco,075,870044,53751,2328,56079,677
2021-11-10,San Joaquin,077,732212,100943,5408,106351,1874
2021-11-10,San Luis Obispo,079,281455,29971,1267,31238,356
2021-11-10,San Mateo,081,765935,54751,894,55645,589
2021-11-10,Santa Barbara,083,443738,44992,1548,46540,541
2021-11-10,Santa Clara,085,1922200,148979,1382,150361,1934
2021-11-10,Santa Cruz,087,273765,20725,1000,21725,223
2021-11-10,Shasta,089,179085,21928,3620,25548,398
2021-11-10,Sierra,091,2930,190,21,211,1
2021-11-10,Siskiyou,093,43540,3374,1304,4678,55
2021-11-10,Solano,095,438530,46385,1274,47659,367
2021-11-10,Sonoma,097,501317,42075,529,42604,413
2021-11-10,Stanislaus,099,539301,79628,8888,88516,1350
2021-11-10,Sutter,101,95872,13999,361,14360,185
2021-11-10,Tehama,103,63373,8672,1481,10153,151
2021-11-10,Trinity,105,12862,864,211,1075,18
2021-11-10,Tulare,107,460477,69703,15219,84922,1192
2021-11-10,Tuolumne,109,53932,7455,109,7564,137
2021-11-10,Ventura,111,848112,99014,4293,103307,1181
2021-11-10,Yolo,113,214977,20181,991,21172,287
2021-11-10,Yuba,115,75493,10271,347,10618,92
2021-11-09,Alameda,001,1643700,120483,2762,123245,1504
2021-11-09,Alpine,002,1148,102,0,102,0
2021-11-09,Amador,005,37829,5626,62,5688,66
2021-11-09,Butte,007,227075,21270,3960,25230,326
2021-11-09,Calaveras,009,45235,4209,59,4268,87
2021-11-09,Colusa,011,21464,2544,643,3187,20
2021-11-09,Contra Costa,013,1133247,100387,2198,102585,1054
2021-11-09,Del Norte,015,27424,3709,54,3763,41
2021-11-09,El Dorado,017,186661,16318,1726,18044,169
2021-11-09,Fresno,019,978130,142799,12823,155622,2252
2021-11-09,Glenn,021,27897,3541,1020,4561,38
2021-11-09,Humboldt,023,135768,9240,585,9825,116
2021-11-09,Imperial,025,180216,34211,3220,37431,777
2021-11-09,Inyo,027,18085,2452,38,2490,43
2021-11-09,Kern,029,883053,129664,22726,152390,1853
2021-11-09,Kings,031,150075,32748,1950,34698,353
2021-11-09,Lake,033,64148,6828,151,6979,111
2021-11-09,Lassen,035,31185,6950,391,7341,48
2021-11-09,Los Angeles,037,10098052,1451690,53566,1505256,26792
2021-11-09,Madera,039,155013,23681,2155,25836,310
2021-11-09,Marin,041,260295,9299,402,9701,197
2021-11-09,Mariposa,043,17540,1349,51,1400,19
2021-11-09,Mendocino,045,87422,7737,598,8335,94
2021-11-09,Merced,047,269075,42439,1988,44427,650
2021-11-09,Modoc,049,8938,551,195,746,5
2021-11-09,Mono,051,14174,1756,22,1778,4
2021-11-09,Monterey,053,433212,49088,2955,52043,626
2021-11-09,Napa,055,140530,13127,110,13237,103
2021-11-09,Nevada,057,99092,9428,328,9756,102
2021-11-09,Orange,059,3164182,310118,15353,325471,5864
2021-11-09,Placer,061,380077,37742,3691,41433,469
2021-11-09,Plumas,063,18699,1867,41,1908,12
2021-11-09,Riverside,065,2383286,367371,16344,383715,5384
2021-11-09,Sacramento,067,1510023,160960,4697,165657,2359
2021-11-09,San Benito,069,59416,7472,169,7641,74
2021-11-09,San Bernardino,071,2135413,358236,11254,369490,6184
2021-11-09,San Diego,073,3302833,377968,22165,400133,4337
2021-11-09,San Francisco,075,870044,53677,2323,56000,677
2021-11-09,San Joaquin,077,732212,100769,5395,106164,1872
2021-11-09,San Luis Obispo,079,281455,29931,1266,31197,356
2021-11-09,San Mateo,081,765935,54703,885,55588,589
2021-11-09,Santa Barbara,083,443738,44925,1541,46466,540
2021-11-09,Santa Clara,085,1922200,148773,1375,150148,1931
2021-11-09,Santa Cruz,087,273765,20691,999,21690,223
2021-11-09,Shasta,089,179085,21873,3615,25488,397
2021-11-09,Sierra,091,2930,190,21,211,1
2021-11-09,Siskiyou,093,43540,3372,1302,4674,55
2021-11-09,Solano,095,438530,46329,1273,47602,367
2021-11-09,Sonoma,097,501317,42018,527,42545,413
2021-11-09,Stanislaus,099,539301,79522,8871,88393,1347
2021-11-09,Sutter,101,95872,13984,359,14343,185
2021-11-09,Tehama,103,63373,8654,1479,10133,151
2021-11-09,Trinity,105,12862,863,211,1074,18
2021-11-09,Tulare,107,460477,69596,15180,84776,1192
2021-11-09,Tuolumne,109,53932,7435,109,7544,136
2021-11-09,Ventura,111,848112,98936,4288,103224,1181
2021-11-09,Yolo,113,214977,20157,987,21144,287
2021-11-09,Yuba,115,75493,10254,341,10595,92
2021-11-08,Alameda,001,1643700,120339,2756,123095,1502
2021-11-08,Alpine,002,1148,102,0,102,0
2021-11-08,Amador,005,37829,5620,62,5682,66
2021-11-08,Butte,007,227075,21242,3951,25193,324
2021-11-08,Calaveras,009,45235,4201,59,4260,86
2021-11-08,Colusa,011,21464,2543,642,3185,20
2021-11-08,Contra Costa,013,1133247,100284,2193,102477,1054
2021-11-08,Del Norte,015,27424,3705,54,3759,41
2021-11-08,El Dorado,017,186661,16299,1721,18020,169
2021-11-08,Fresno,019,978130,142498,12800,155298,2246
2021-11-08,Glenn,021,27897,3539,1016,4555,38
2021-11-08,Humboldt,023,135768,9214,575,9789,116
2021-11-08,Imperial,025,180216,34131,3202,37333,777
2021-11-08,Inyo,027,18085,2445,38,2483,43
2021-11-08,Kern,029,883053,129428,22643,152071,1846
2021-11-08,Kings,031,150075,32702,1949,34651,352
2021-11-08,Lake,033,64148,6822,151,6973,111
2021-11-08,Lassen,035,31185,6943,389,7332,47
2021-11-08,Los Angeles,037,10098052,1450352,53509,1503861,26773
2021-11-08,Madera,039,155013,23632,2144,25776,310
2021-11-08,Marin,041,260295,9282,399,9681,197
2021-11-08,Mariposa,043,17540,1341,50,1391,19
2021-11-08,Mendocino,045,87422,7724,592,8316,94
2021-11-08,Merced,047,269075,42370,1978,44348,649
2021-11-08,Modoc,049,8938,550,195,745,5
2021-11-08,Mono,051,14174,1752,22,1774,4
2021-11-08,Monterey,053,433212,49048,2935,51983,626
2021-11-08,Napa,055,140530,13113,110,13223,103
2021-11-08,Nevada,057,99092,9409,326,9735,102
2021-11-08,Orange,059,3164182,309844,15323,325167,5856
2021-11-08,Placer,061,380077,37689,3688,41377,467
2021-11-08,Plumas,063,18699,1866,40,1906,12
2021-11-08,Riverside,065,2383286,366916,16330,383246,5380
2021-11-08,Sacramento,067,1510023,160744,4676,165420,2358
2021-11-08,San Benito,069,59416,7470,169,7639,74
2021-11-08,San Bernardino,071,2135413,357722,11236,368958,6178
2021-11-08,San Diego,073,3302833,377406,22118,399524,4330
2021-11-08,San Francisco,075,870044,53624,2317,55941,677
2021-11-08,San Joaquin,077,732212,100652,5393,106045,1868
2021-11-08,San Luis Obispo,079,281455,29880,1261,31141,356
2021-11-08,San Mateo,081,765935,54630,880,55510,589
2021-11-08,Santa Barbara,083,443738,44871,1540,46411,540
2021-11-08,Santa Clara,085,1922200,148546,1369,149915,1930
2021-11-08,Santa Cruz,087,273765,20662,999,21661,223
2021-11-08,Shasta,089,179085,21826,3609,25435,394
2021-11-08,Sierra,091,2930,190,21,211,1
2021-11-08,Siskiyou,093,43540,3368,1291,4659,54
2021-11-08,Solano,095,438530,46288,1269,47557,366
2021-11-08,Sonoma,097,501317,41949,526,42475,413
2021-11-08,Stanislaus,099,539301,79370,8857,88227,1344
2021-11-08,Sutter,101,95872,13976,355,14331,185
2021-11-08,Tehama,103,63373,8645,1479,10124,151
2021-11-08,Trinity,105,12862,863,210,1073,18
2021-11-08,Tulare,107,460477,69479,15142,84621,1185
2021-11-08,Tuolumne,109,53932,7416,108,7524,136
2021-11-08,Ventura,111,848112,98843,4286,103129,1180
2021-11-08,Yolo,113,214977,20118,983,21101,286
2021-11-08,Yuba,115,75493,10243,338,10581,92
2021-11-07,Alameda,001,1643700,120180,2750,122930,1502
2021-11-07,Alpine,002,1148,102,0,102,0
2021-11-07,Amador,005,37829,5612,60,5672,66
2021-11-07,Butte,007,227075,21201,3942,25143,324
2021-11-07,Calaveras,009,45235,4174,58,4232,85
2021-11-07,Colusa,011,21464,2537,640,3177,20
2021-11-07,Contra Costa,013,1133247,100173,2184,102357,1053
2021-11-07,Del Norte,015,27424,3703,54,3757,41
2021-11-07,El Dorado,017,186661,16262,1718,17980,168
2021-11-07,Fresno,019,978130,142159,12772,154931,2243
2021-11-07,Glenn,021,27897,3532,1015,4547,38
2021-11-07,Humboldt,023,135768,9190,571,9761,116
2021-11-07,Imperial,025,180216,34058,3183,37241,777
2021-11-07,Inyo,027,18085,2432,38,2470,43
2021-11-07,Kern,029,883053,129157,22552,151709,1843
2021-11-07,Kings,031,150075,32610,1946,34556,352
2021-11-07,Lake,033,64148,6806,150,6956,111
2021-11-07,Lassen,035,31185,6935,385,7320,47
2021-11-07,Los Angeles,037,10098052,1448864,53434,1502298,26762
2021-11-07,Madera,039,155013,23587,2136,25723,308
2021-11-07,Marin,041,260295,9263,398,9661,197
2021-11-07,Mariposa,043,17540,1339,50,1389,19
2021-11-07,Mendocino,045,87422,7696,588,8284,94
2021-11-07,Merced,047,269075,42292,1947,44239,648
2021-11-07,Modoc,049,8938,547,194,741,5
2021-11-07,Mono,051,14174,1746,22,1768,4
2021-11-07,Monterey,053,433212,48996,2931,51927,626
2021-11-07,Napa,055,140530,13092,110,13202,103
2021-11-07,Nevada,057,99092,9361,326,9687,102
2021-11-07,Orange,059,3164182,309519,15285,324804,5849
2021-11-07,Placer,061,380077,37613,3673,41286,466
2021-11-07,Plumas,063,18699,1859,39,1898,12
2021-11-07,Riverside,065,2383286,366379,16310,382689,5372
2021-11-07,Sacramento,067,1510023,160511,4659,165170,2355
2021-11-07,San Benito,069,59416,7457,169,7626,74
2021-11-07,San Bernardino,071,2135413,357205,11213,368418,6172
2021-11-07,San Diego,073,3302833,376829,22085,398914,4323
2021-11-07,San Francisco,075,870044,53540,2311,55851,677
2021-11-07,San Joaquin,077,732212,100467,5387,105854,1867
2021-11-07,San Luis Obispo,079,281455,29832,1257,31089,356
2021-11-07,San Mateo,081,765935,54571,878,55449,589
2021-11-07,Santa Barbara,083,443738,44808,1539,46347,538
2021-11-07,Santa Clara,085,1922200,148340,1357,149697,1926
2021-11-07,Santa Cruz,087,273765,20604,998,21602,223
2021-11-07,Shasta,089,179085,21778,3603,25381,392
2021-11-07,Sierra,091,2930,188,21,209,1
2021-11-07,Siskiyou,093,43540,3362,1289,4651,54
2021-11-07,Solano,095,438530,46232,1262,47494,366
2021-11-07,Sonoma,097,501317,41899,525,42424,413
2021-11-07,Stanislaus,099,539301,79215,8835,88050,1343
2021-11-07,Sutter,101,95872,13963,352,14315,184
2021-11-07,Tehama,103,63373,8620,1477,10097,151
2021-11-07,Trinity,105,12862,862,209,1071,18
2021-11-07,Tulare,107,460477,69326,15098,84424,1179
2021-11-07,Tuolumne,109,53932,7398,106,7504,135
2021-11-07,Ventura,111,848112,98752,4284,103036,1180
2021-11-07,Yolo,113,214977,20096,980,21076,284
2021-11-07,Yuba,115,75493,10226,333,10559,91
2021-11-06,Alameda,001,1643700,120116,2747,122863,1501
2021-11-06,Alpine,002,1148,102,0,102,0
2021-11-06,Amador,005,37829,5606,60,5666,66
2021-11-06,Butte,007,227075,21181,3938,25119,323
2021-11-06,Calaveras,009,45235,4166,58,4224,85
2021-11-06,Colusa,011,21464,2536,639,3175,20
2021-11-06,Contra Costa,013,1133247,100118,2182,102300,1053
2021-11-06,Del Norte,015,27424,3700,54,3754,41
2021-11-06,El Dorado,017,186661,16245,1718,17963,168
2021-11-06,Fresno,019,978130,142040,12767,154807,2235
2021-11-06,Glenn,021,27897,3529,1015,4544,38
2021-11-06,Humboldt,023,135768,9178,567,9745,116
2021-11-06,Imperial,025,180216,34014,3177,37191,777
2021-11-06,Inyo,027,18085,2426,38,2464,42
2021-11-06,Kern,029,883053,129023,22500,151523,1838
2021-11-06,Kings,031,150075,32577,1941,34518,352
2021-11-06,Lake,033,64148,6804,150,6954,111
2021-11-06,Lassen,035,31185,6930,384,7314,46
2021-11-06,Los Angeles,037,10098052,1448094,53391,1501485,26748
2021-11-06,Madera,039,155013,23551,2126,25677,308
2021-11-06,Marin,041,260295,9244,395,9639,197
2021-11-06,Mariposa,043,17540,1337,50,1387,19
2021-11-06,Mendocino,045,87422,7674,588,8262,94
2021-11-06,Merced,047,269075,42268,1939,44207,645
2021-11-06,Modoc,049,8938,546,194,740,5
2021-11-06,Mono,051,14174,1744,22,1766,4
2021-11-06,Monterey,053,433212,48963,2921,51884,626
2021-11-06,Napa,055,140530,13082,110,13192,103
2021-11-06,Nevada,057,99092,9339,325,9664,101
2021-11-06,Orange,059,3164182,309312,15259,324571,5842
2021-11-06,Placer,061,380077,37572,3670,41242,466
2021-11-06,Plumas,063,18699,1855,38,1893,12
2021-11-06,Riverside,065,2383286,366057,16302,382359,5362
2021-11-06,Sacramento,067,1510023,160418,4654,165072,2350
2021-11-06,San Benito,069,59416,7450,169,7619,74
2021-11-06,San Bernardino,071,2135413,356934,11209,368143,6166
2021-11-06,San Diego,073,3302833,376493,22067,398560,4320
2021-11-06,San Francisco,075,870044,53486,2308,55794,676
2021-11-06,San Joaquin,077,732212,100409,5386,105795,1863
2021-11-06,San Luis Obispo,079,281455,29804,1253,31057,356
2021-11-06,San Mateo,081,765935,54536,877,55413,589
2021-11-06,Santa Barbara,083,443738,44772,1538,46310,537
2021-11-06,Santa Clara,085,1922200,148194,1353,149547,1925
2021-11-06,Santa Cruz,087,273765,20585,996,21581,222
2021-11-06,Shasta,089,179085,21759,3598,25357,388
2021-11-06,Sierra,091,2930,188,21,209,1
2021-11-06,Siskiyou,093,43540,3362,1287,4649,54
2021-11-06,Solano,095,438530,46203,1261,47464,366
2021-11-06,Sonoma,097,501317,41849,524,42373,413
2021-11-06,Stanislaus,099,539301,79147,8827,87974,1337
2021-11-06,Sutter,101,95872,13959,351,14310,184
2021-11-06,Tehama,103,63373,8608,1475,10083,149
2021-11-06,Trinity,105,12862,859,209,1068,18
2021-11-06,Tulare,107,460477,69276,15069,84345,1173
2021-11-06,Tuolumne,109,53932,7385,106,7491,135
2021-11-06,Ventura,111,848112,98685,4279,102964,1180
2021-11-06,Yolo,113,214977,20079,976,21055,284
2021-11-06,Yuba,115,75493,10212,333,10545,91
2021-11-05,Alameda,001,1643700,120032,2745,122777,1501
2021-11-05,Alpine,002,1148,102,0,102,0
2021-11-05,Amador,005,37829,5601,60,5661,66
2021-11-05,Butte,007,227075,21168,3937,25105,323
2021-11-05,Calaveras,009,45235,4161,58,4219,85
2021-11-05,Colusa,011,21464,2536,638,3174,20
2021-11-05,Contra Costa,013,1133247,100052,2180,102232,1050
2021-11-05,Del Norte,015,27424,3698,54,3752,41
2021-11-05,El Dorado,017,186661,16228,1712,17940,168
2021-11-05,Fresno,019,978130,141858,12756,154614,2229
2021-11-05,Glenn,021,27897,3528,1014,4542,37
2021-11-05,Humboldt,023,135768,9164,567,9731,116
2021-11-05,Imperial,025,180216,33978,3174,37152,776
2021-11-05,Inyo,027,18085,2418,38,2456,42
2021-11-05,Kern,029,883053,128896,22445,151341,1830
2021-11-05,Kings,031,150075,32553,1940,34493,350
2021-11-05,Lake,033,64148,6798,150,6948,111
2021-11-05,Lassen,035,31185,6926,383,7309,45
2021-11-05,Los Angeles,037,10098052,1447271,53353,1500624,26736
2021-11-05,Madera,039,155013,23512,2125,25637,307
2021-11-05,Marin,041,260295,9222,394,9616,197
2021-11-05,Mariposa,043,17540,1334,49,1383,19
2021-11-05,Mendocino,045,87422,7663,587,8250,91
2021-11-05,Merced,047,269075,42242,1930,44172,644
2021-11-05,Modoc,049,8938,546,194,740,5
2021-11-05,Mono,051,14174,1743,22,1765,4
2021-11-05,Monterey,053,433212,48933,2919,51852,626
2021-11-05,Napa,055,140530,13060,110,13170,103
2021-11-05,Nevada,057,99092,9326,325,9651,101
2021-11-05,Orange,059,3164182,309114,15238,324352,5838
2021-11-05,Placer,061,380077,37544,3661,41205,466
2021-11-05,Plumas,063,18699,1847,38,1885,12
2021-11-05,Riverside,065,2383286,365719,16292,382011,5357
2021-11-05,Sacramento,067,1510023,160296,4647,164943,2347
2021-11-05,San Benito,069,59416,7448,168,7616,74
2021-11-05,San Bernardino,071,2135413,356600,11199,367799,6157
2021-11-05,San Diego,073,3302833,376140,22055,398195,4316
2021-11-05,San Francisco,075,870044,53435,2305,55740,676
2021-11-05,San Joaquin,077,732212,100356,5377,105733,1859
2021-11-05,San Luis Obispo,079,281455,29781,1253,31034,354
2021-11-05,San Mateo,081,765935,54494,875,55369,588
2021-11-05,Santa Barbara,083,443738,44727,1537,46264,537
2021-11-05,Santa Clara,085,1922200,148057,1352,149409,1925
2021-11-05,Santa Cruz,087,273765,20561,995,21556,222
2021-11-05,Shasta,089,179085,21727,3593,25320,386
2021-11-05,Sierra,091,2930,188,21,209,1
2021-11-05,Siskiyou,093,43540,3357,1286,4643,54
2021-11-05,Solano,095,438530,46159,1259,47418,365
2021-11-05,Sonoma,097,501317,41809,524,42333,413
2021-11-05,Stanislaus,099,539301,79089,8815,87904,1334
2021-11-05,Sutter,101,95872,13951,350,14301,184
2021-11-05,Tehama,103,63373,8601,1474,10075,149
2021-11-05,Trinity,105,12862,859,209,1068,18
2021-11-05,Tulare,107,460477,69204,15032,84236,1171
2021-11-05,Tuolumne,109,53932,7368,105,7473,134
2021-11-05,Ventura,111,848112,98645,4277,102922,1180
2021-11-05,Yolo,113,214977,20068,975,21043,284
2021-11-05,Yuba,115,75493,10199,331,10530,91
2021-11-04,Alameda,001,1643700,119916,2739,122655,1498
2021-11-04,Alpine,002,1148,102,0,102,0
2021-11-04,Amador,005,37829,5593,60,5653,66
2021-11-04,Butte,007,227075,21127,3926,25053,322
2021-11-04,Calaveras,009,45235,4147,56,4203,85
2021-11-04,Colusa,011,21464,2530,637,3167,20
2021-11-04,Contra Costa,013,1133247,99961,2175,102136,1048
2021-11-04,Del Norte,015,27424,3695,54,3749,41
2021-11-04,El Dorado,017,186661,16202,1708,17910,168
2021-11-04,Fresno,019,978130,141575,12746,154321,2224
2021-11-04,Glenn,021,27897,3523,1013,4536,37
2021-11-04,Humboldt,023,135768,9139,564,9703,116
2021-11-04,Imperial,025,180216,33919,3165,37084,776
2021-11-04,Inyo,027,18085,2410,38,2448,42
2021-11-04,Kern,029,883053,128664,22376,151040,1825
2021-11-04,Kings,031,150075,32474,1931,34405,349
2021-11-04,Lake,033,64148,6788,148,6936,111
2021-11-04,Lassen,035,31185,6916,378,7294,45
2021-11-04,Los Angeles,037,10098052,1445964,53272,1499236,26720
2021-11-04,Madera,039,155013,23457,2114,25571,307
2021-11-04,Marin,041,260295,9210,392,9602,197
2021-11-04,Mariposa,043,17540,1327,49,1376,19
2021-11-04,Mendocino,045,87422,7650,581,8231,91
2021-11-04,Merced,047,269075,42188,1926,44114,643
2021-11-04,Modoc,049,8938,545,194,739,5
2021-11-04,Mono,051,14174,1738,22,1760,4
2021-11-04,Monterey,053,433212,48889,2903,51792,625
2021-11-04,Napa,055,140530,13038,110,13148,103
2021-11-04,Nevada,057,99092,9295,324,9619,101
2021-11-04,Orange,059,3164182,308864,15220,324084,5837
2021-11-04,Placer,061,380077,37473,3652,41125,466
2021-11-04,Plumas,063,18699,1839,34,1873,12
2021-11-04,Riverside,065,2383286,365321,16283,381604,5354
2021-11-04,Sacramento,067,1510023,160061,4628,164689,2347
2021-11-04,San Benito,069,59416,7442,168,7610,73
2021-11-04,San Bernardino,071,2135413,356160,11191,367351,6147
2021-11-04,San Diego,073,3302833,375671,22034,397705,4314
2021-11-04,San Francisco,075,870044,53354,2301,55655,676
2021-11-04,San Joaquin,077,732212,100249,5365,105614,1858
2021-11-04,San Luis Obispo,079,281455,29757,1247,31004,354
2021-11-04,San Mateo,081,765935,54435,869,55304,588
2021-11-04,Santa Barbara,083,443738,44671,1537,46208,537
2021-11-04,Santa Clara,085,1922200,147897,1348,149245,1924
2021-11-04,Santa Cruz,087,273765,20526,995,21521,222
2021-11-04,Shasta,089,179085,21669,3587,25256,384
2021-11-04,Sierra,091,2930,186,21,207,1
2021-11-04,Siskiyou,093,43540,3353,1279,4632,54
2021-11-04,Solano,095,438530,46117,1258,47375,365
2021-11-04,Sonoma,097,501317,41751,524,42275,413
2021-11-04,Stanislaus,099,539301,78952,8807,87759,1330
2021-11-04,Sutter,101,95872,13940,348,14288,184
2021-11-04,Tehama,103,63373,8592,1470,10062,146
2021-11-04,Trinity,105,12862,858,209,1067,18
2021-11-04,Tulare,107,460477,69089,14986,84075,1162
2021-11-04,Tuolumne,109,53932,7346,103,7449,133
2021-11-04,Ventura,111,848112,98558,4275,102833,1180
2021-11-04,Yolo,113,214977,20042,971,21013,284
2021-11-04,Yuba,115,75493,10185,329,10514,91
2021-11-03,Alameda,001,1643700,119775,2735,122510,1498
2021-11-03,Alpine,002,1148,102,0,102,0
2021-11-03,Amador,005,37829,5587,59,5646,66
2021-11-03,Butte,007,227075,21082,3917,24999,321
2021-11-03,Calaveras,009,45235,4129,55,4184,85
2021-11-03,Colusa,011,21464,2524,637,3161,20
2021-11-03,Contra Costa,013,1133247,99861,2170,102031,1048
2021-11-03,Del Norte,015,27424,3693,53,3746,41
2021-11-03,El Dorado,017,186661,16175,1704,17879,168
2021-11-03,Fresno,019,978130,141214,12724,153938,2221
2021-11-03,Glenn,021,27897,3520,1013,4533,37
2021-11-03,Humboldt,023,135768,9122,559,9681,116
2021-11-03,Imperial,025,180216,33847,3155,37002,776
2021-11-03,Inyo,027,18085,2389,38,2427,42
2021-11-03,Kern,029,883053,128404,22277,150681,1822
2021-11-03,Kings,031,150075,32419,1924,34343,349
2021-11-03,Lake,033,64148,6772,148,6920,111
2021-11-03,Lassen,035,31185,6900,373,7273,45
2021-11-03,Los Angeles,037,10098052,1444612,53193,1497805,26704
2021-11-03,Madera,039,155013,23388,2105,25493,306
2021-11-03,Marin,041,260295,9189,388,9577,197
2021-11-03,Mariposa,043,17540,1317,49,1366,19
2021-11-03,Mendocino,045,87422,7634,573,8207,90
2021-11-03,Merced,047,269075,42127,1916,44043,640
2021-11-03,Modoc,049,8938,545,192,737,5
2021-11-03,Mono,051,14174,1734,22,1756,4
2021-11-03,Monterey,053,433212,48839,2890,51729,625
2021-11-03,Napa,055,140530,13025,109,13134,103
2021-11-03,Nevada,057,99092,9268,323,9591,101
2021-11-03,Orange,059,3164182,308553,15187,323740,5834
2021-11-03,Placer,061,380077,37405,3647,41052,463
2021-11-03,Plumas,063,18699,1828,33,1861,12
2021-11-03,Riverside,065,2383286,364866,16279,381145,5349
2021-11-03,Sacramento,067,1510023,159837,4618,164455,2343
2021-11-03,San Benito,069,59416,7434,168,7602,72
2021-11-03,San Bernardino,071,2135413,355684,11170,366854,6141
2021-11-03,San Diego,073,3302833,375171,22011,397182,4309
2021-11-03,San Francisco,075,870044,53262,2296,55558,675
2021-11-03,San Joaquin,077,732212,100136,5355,105491,1854
2021-11-03,San Luis Obispo,079,281455,29715,1241,30956,354
2021-11-03,San Mateo,081,765935,54371,863,55234,588
2021-11-03,Santa Barbara,083,443738,44614,1534,46148,536
2021-11-03,Santa Clara,085,1922200,147715,1341,149056,1923
2021-11-03,Santa Cruz,087,273765,20491,995,21486,222
2021-11-03,Shasta,089,179085,21611,3580,25191,382
2021-11-03,Sierra,091,2930,184,21,205,1
2021-11-03,Siskiyou,093,43540,3349,1277,4626,54
2021-11-03,Solano,095,438530,46090,1256,47346,365
2021-11-03,Sonoma,097,501317,41674,522,42196,413
2021-11-03,Stanislaus,099,539301,78820,8791,87611,1329
2021-11-03,Sutter,101,95872,13927,346,14273,184
2021-11-03,Tehama,103,63373,8579,1470,10049,146
2021-11-03,Trinity,105,12862,857,209,1066,18
2021-11-03,Tulare,107,460477,68962,14945,83907,1161
2021-11-03,Tuolumne,109,53932,7328,101,7429,132
2021-11-03,Ventura,111,848112,98453,4270,102723,1180
2021-11-03,Yolo,113,214977,20022,965,20987,283
2021-11-03,Yuba,115,75493,10173,329,10502,90
2021-11-02,Alameda,001,1643700,119630,2729,122359,1498
2021-11-02,Alpine,002,1148,101,0,101,0
2021-11-02,Amador,005,37829,5582,59,5641,66
2021-11-02,Butte,007,227075,21038,3904,24942,321
2021-11-02,Calaveras,009,45235,4106,55,4161,84
2021-11-02,Colusa,011,21464,2519,636,3155,20
2021-11-02,Contra Costa,013,1133247,99758,2158,101916,1048
2021-11-02,Del Norte,015,27424,3691,53,3744,41
2021-11-02,El Dorado,017,186661,16146,1704,17850,167
2021-11-02,Fresno,019,978130,140890,12694,153584,2215
2021-11-02,Glenn,021,27897,3512,1010,4522,37
2021-11-02,Humboldt,023,135768,9080,558,9638,116
2021-11-02,Imperial,025,180216,33774,3143,36917,775
2021-11-02,Inyo,027,18085,2382,38,2420,42
2021-11-02,Kern,029,883053,128149,22157,150306,1816
2021-11-02,Kings,031,150075,32360,1919,34279,349
2021-11-02,Lake,033,64148,6767,147,6914,111
2021-11-02,Lassen,035,31185,6888,370,7258,45
2021-11-02,Los Angeles,037,10098052,1443170,53118,1496288,26693
2021-11-02,Madera,039,155013,23307,2094,25401,306
2021-11-02,Marin,041,260295,9161,388,9549,197
2021-11-02,Mariposa,043,17540,1306,48,1354,19
2021-11-02,Mendocino,045,87422,7610,561,8171,90
2021-11-02,Merced,047,269075,42060,1908,43968,638
2021-11-02,Modoc,049,8938,542,191,733,5
2021-11-02,Mono,051,14174,1730,22,1752,4
2021-11-02,Monterey,053,433212,48788,2872,51660,625
2021-11-02,Napa,055,140530,13007,109,13116,103
2021-11-02,Nevada,057,99092,9238,322,9560,101
2021-11-02,Orange,059,3164182,308237,15143,323380,5829
2021-11-02,Placer,061,380077,37334,3632,40966,463
2021-11-02,Plumas,063,18699,1817,33,1850,11
2021-11-02,Riverside,065,2383286,364412,16260,380672,5346
2021-11-02,Sacramento,067,1510023,159580,4596,164176,2340
2021-11-02,San Benito,069,59416,7418,168,7586,72
2021-11-02,San Bernardino,071,2135413,355207,11117,366324,6135
2021-11-02,San Diego,073,3302833,374586,21981,396567,4303
2021-11-02,San Francisco,075,870044,53142,2292,55434,675
2021-11-02,San Joaquin,077,732212,100003,5344,105347,1851
2021-11-02,San Luis Obispo,079,281455,29682,1237,30919,354
2021-11-02,San Mateo,081,765935,54299,860,55159,588
2021-11-02,Santa Barbara,083,443738,44558,1531,46089,534
2021-11-02,Santa Clara,085,1922200,147521,1334,148855,1920
2021-11-02,Santa Cruz,087,273765,20458,994,21452,222
2021-11-02,Shasta,089,179085,21537,3570,25107,381
2021-11-02,Sierra,091,2930,184,20,204,1
2021-11-02,Siskiyou,093,43540,3347,1274,4621,54
2021-11-02,Solano,095,438530,46050,1250,47300,365
2021-11-02,Sonoma,097,501317,41594,521,42115,413
2021-11-02,Stanislaus,099,539301,78665,8771,87436,1326
2021-11-02,Sutter,101,95872,13907,346,14253,184
2021-11-02,Tehama,103,63373,8563,1467,10030,143
2021-11-02,Trinity,105,12862,857,209,1066,18
2021-11-02,Tulare,107,460477,68836,14897,83733,1156
2021-11-02,Tuolumne,109,53932,7306,99,7405,131
2021-11-02,Ventura,111,848112,98346,4266,102612,1180
2021-11-02,Yolo,113,214977,19992,963,20955,281
2021-11-02,Yuba,115,75493,10150,327,10477,90
2021-11-01,Alameda,001,1643700,119492,2727,122219,1495
2021-11-01,Alpine,002,1148,101,0,101,0
2021-11-01,Amador,005,37829,5580,59,5639,66
2021-11-01,Butte,007,227075,20988,3898,24886,321
2021-11-01,Calaveras,009,45235,4096,54,4150,84
2021-11-01,Colusa,011,21464,2517,633,3150,20
2021-11-01,Contra Costa,013,1133247,99632,2150,101782,1046
2021-11-01,Del Norte,015,27424,3689,53,3742,41
2021-11-01,El Dorado,017,186661,16122,1699,17821,167
2021-11-01,Fresno,019,978130,140512,12658,153170,2209
2021-11-01,Glenn,021,27897,3505,1008,4513,37
2021-11-01,Humboldt,023,135768,9052,555,9607,116
2021-11-01,Imperial,025,180216,33724,3134,36858,773
2021-11-01,Inyo,027,18085,2370,38,2408,42
2021-11-01,Kern,029,883053,127848,22042,149890,1814
2021-11-01,Kings,031,150075,32307,1915,34222,348
2021-11-01,Lake,033,64148,6756,146,6902,111
2021-11-01,Lassen,035,31185,6873,367,7240,45
2021-11-01,Los Angeles,037,10098052,1441785,53029,1494814,26679
2021-11-01,Madera,039,155013,23227,2089,25316,305
2021-11-01,Marin,041,260295,9141,387,9528,197
2021-11-01,Mariposa,043,17540,1298,47,1345,19
2021-11-01,Mendocino,045,87422,7577,543,8120,90
2021-11-01,Merced,047,269075,41968,1906,43874,636
2021-11-01,Modoc,049,8938,537,189,726,5
2021-11-01,Mono,051,14174,1726,22,1748,4
2021-11-01,Monterey,053,433212,48745,2860,51605,625
2021-11-01,Napa,055,140530,12980,108,13088,103
2021-11-01,Nevada,057,99092,9215,321,9536,100
2021-11-01,Orange,059,3164182,307894,15103,322997,5824
2021-11-01,Placer,061,380077,37247,3620,40867,461
2021-11-01,Plumas,063,18699,1798,33,1831,11
2021-11-01,Riverside,065,2383286,363907,16238,380145,5339
2021-11-01,Sacramento,067,1510023,159305,4573,163878,2338
2021-11-01,San Benito,069,59416,7408,167,7575,72
2021-11-01,San Bernardino,071,2135413,354717,11097,365814,6128
2021-11-01,San Diego,073,3302833,374021,21963,395984,4298
2021-11-01,San Francisco,075,870044,53056,2285,55341,675
2021-11-01,San Joaquin,077,732212,99841,5337,105178,1851
2021-11-01,San Luis Obispo,079,281455,29638,1232,30870,353
2021-11-01,San Mateo,081,765935,54232,856,55088,588
2021-11-01,Santa Barbara,083,443738,44491,1527,46018,534
2021-11-01,Santa Clara,085,1922200,147322,1329,148651,1919
2021-11-01,Santa Cruz,087,273765,20423,994,21417,222
2021-11-01,Shasta,089,179085,21484,3563,25047,379
2021-11-01,Sierra,091,2930,184,20,204,1
2021-11-01,Siskiyou,093,43540,3340,1269,4609,54
2021-11-01,Solano,095,438530,45997,1250,47247,363
2021-11-01,Sonoma,097,501317,41520,520,42040,412
2021-11-01,Stanislaus,099,539301,78535,8756,87291,1324
2021-11-01,Sutter,101,95872,13883,344,14227,184
2021-11-01,Tehama,103,63373,8535,1464,9999,142
2021-11-01,Trinity,105,12862,855,209,1064,17
2021-11-01,Tulare,107,460477,68693,14845,83538,1154
2021-11-01,Tuolumne,109,53932,7290,98,7388,131
2021-11-01,Ventura,111,848112,98254,4264,102518,1180
2021-11-01,Yolo,113,214977,19971,957,20928,281
2021-11-01,Yuba,115,75493,10132,325,10457,90
2021-10-31,Alameda,001,1643700,119350,2723,122073,1493
2021-10-31,Alpine,002,1148,101,0,101,0
2021-10-31,Amador,005,37829,5569,59,5628,66
2021-10-31,Butte,007,227075,20926,3887,24813,320
2021-10-31,Calaveras,009,45235,4078,53,4131,84
2021-10-31,Colusa,011,21464,2515,630,3145,20
2021-10-31,Contra Costa,013,1133247,99504,2148,101652,1044
2021-10-31,Del Norte,015,27424,3683,53,3736,41
2021-10-31,El Dorado,017,186661,16076,1696,17772,166
2021-10-31,Fresno,019,978130,140110,12624,152734,2207
2021-10-31,Glenn,021,27897,3498,1008,4506,37
2021-10-31,Humboldt,023,135768,9004,549,9553,116
2021-10-31,Imperial,025,180216,33649,3122,36771,773
2021-10-31,Inyo,027,18085,2351,38,2389,42
2021-10-31,Kern,029,883053,127476,21918,149394,1807
2021-10-31,Kings,031,150075,32221,1903,34124,347
2021-10-31,Lake,033,64148,6745,144,6889,111
2021-10-31,Lassen,035,31185,6858,362,7220,45
2021-10-31,Los Angeles,037,10098052,1440233,52947,1493180,26665
2021-10-31,Madera,039,155013,23131,2076,25207,303
2021-10-31,Marin,041,260295,9113,386,9499,197
2021-10-31,Mariposa,043,17540,1292,46,1338,18
2021-10-31,Mendocino,045,87422,7536,526,8062,90
2021-10-31,Merced,047,269075,41875,1886,43761,633
2021-10-31,Modoc,049,8938,531,186,717,5
2021-10-31,Mono,051,14174,1722,22,1744,4
2021-10-31,Monterey,053,433212,48704,2842,51546,625
2021-10-31,Napa,055,140530,12963,106,13069,103
2021-10-31,Nevada,057,99092,9178,316,9494,100
2021-10-31,Orange,059,3164182,307546,15019,322565,5821
2021-10-31,Placer,061,380077,37150,3607,40757,458
2021-10-31,Plumas,063,18699,1780,33,1813,11
2021-10-31,Riverside,065,2383286,363331,16224,379555,5334
2021-10-31,Sacramento,067,1510023,158954,4560,163514,2335
2021-10-31,San Benito,069,59416,7399,165,7564,72
2021-10-31,San Bernardino,071,2135413,354184,11083,365267,6120
2021-10-31,San Diego,073,3302833,373467,21933,395400,4295
2021-10-31,San Francisco,075,870044,52947,2279,55226,675
2021-10-31,San Joaquin,077,732212,99677,5322,104999,1850
2021-10-31,San Luis Obispo,079,281455,29585,1231,30816,351
2021-10-31,San Mateo,081,765935,54173,854,55027,588
2021-10-31,Santa Barbara,083,443738,44421,1522,45943,534
2021-10-31,Santa Clara,085,1922200,147106,1314,148420,1918
2021-10-31,Santa Cruz,087,273765,20388,993,21381,222
2021-10-31,Shasta,089,179085,21401,3551,24952,377
2021-10-31,Sierra,091,2930,184,20,204,1
2021-10-31,Siskiyou,093,43540,3334,1268,4602,54
2021-10-31,Solano,095,438530,45948,1244,47192,363
2021-10-31,Sonoma,097,501317,41450,517,41967,412
2021-10-31,Stanislaus,099,539301,78346,8739,87085,1323
2021-10-31,Sutter,101,95872,13864,341,14205,183
2021-10-31,Tehama,103,63373,8504,1460,9964,141
2021-10-31,Trinity,105,12862,855,209,1064,17
2021-10-31,Tulare,107,460477,68497,14757,83254,1149
2021-10-31,Tuolumne,109,53932,7261,97,7358,129
2021-10-31,Ventura,111,848112,98132,4259,102391,1179
2021-10-31,Yolo,113,214977,19925,953,20878,281
2021-10-31,Yuba,115,75493,10114,315,10429,90
2021-10-30,Alameda,001,1643700,119289,2720,122009,1491
2021-10-30,Alpine,002,1148,101,0,101,0
2021-10-30,Amador,005,37829,5560,58,5618,66
2021-10-30,Butte,007,227075,20911,3880,24791,318
2021-10-30,Calaveras,009,45235,4071,53,4124,84
2021-10-30,Colusa,011,21464,2515,629,3144,20
2021-10-30,Contra Costa,013,1133247,99441,2147,101588,1043
2021-10-30,Del Norte,015,27424,3680,53,3733,41
2021-10-30,El Dorado,017,186661,16060,1692,17752,166
2021-10-30,Fresno,019,978130,139965,12612,152577,2202
2021-10-30,Glenn,021,27897,3494,1008,4502,37
2021-10-30,Humboldt,023,135768,8989,547,9536,116
2021-10-30,Imperial,025,180216,33603,3118,36721,773
2021-10-30,Inyo,027,18085,2348,38,2386,42
2021-10-30,Kern,029,883053,127323,21849,149172,1805
2021-10-30,Kings,031,150075,32187,1899,34086,346
2021-10-30,Lake,033,64148,6740,144,6884,111
2021-10-30,Lassen,035,31185,6852,360,7212,45
2021-10-30,Los Angeles,037,10098052,1439511,52894,1492405,26653
2021-10-30,Madera,039,155013,23087,2071,25158,301
2021-10-30,Marin,041,260295,9098,384,9482,197
2021-10-30,Mariposa,043,17540,1289,46,1335,18
2021-10-30,Mendocino,045,87422,7514,524,8038,90
2021-10-30,Merced,047,269075,41835,1884,43719,631
2021-10-30,Modoc,049,8938,529,185,714,5
2021-10-30,Mono,051,14174,1722,22,1744,4
2021-10-30,Monterey,053,433212,48687,2836,51523,625
2021-10-30,Napa,055,140530,12948,105,13053,103
2021-10-30,Nevada,057,99092,9159,316,9475,100
2021-10-30,Orange,059,3164182,307366,14997,322363,5817
2021-10-30,Placer,061,380077,37105,3601,40706,454
2021-10-30,Plumas,063,18699,1775,33,1808,11
2021-10-30,Riverside,065,2383286,363029,16216,379245,5328
2021-10-30,Sacramento,067,1510023,158797,4551,163348,2333
2021-10-30,San Benito,069,59416,7392,165,7557,72
2021-10-30,San Bernardino,071,2135413,353906,11068,364974,6115
2021-10-30,San Diego,073,3302833,373104,21911,395015,4294
2021-10-30,San Francisco,075,870044,52918,2277,55195,675
2021-10-30,San Joaquin,077,732212,99621,5321,104942,1848
2021-10-30,San Luis Obispo,079,281455,29553,1228,30781,351
2021-10-30,San Mateo,081,765935,54134,854,54988,588
2021-10-30,Santa Barbara,083,443738,44385,1521,45906,532
2021-10-30,Santa Clara,085,1922200,146999,1310,148309,1917
2021-10-30,Santa Cruz,087,273765,20370,991,21361,222
2021-10-30,Shasta,089,179085,21357,3545,24902,376
2021-10-30,Sierra,091,2930,184,20,204,1
2021-10-30,Siskiyou,093,43540,3333,1265,4598,54
2021-10-30,Solano,095,438530,45927,1242,47169,363
2021-10-30,Sonoma,097,501317,41411,517,41928,411
2021-10-30,Stanislaus,099,539301,78276,8732,87008,1322
2021-10-30,Sutter,101,95872,13850,341,14191,183
2021-10-30,Tehama,103,63373,8492,1456,9948,141
2021-10-30,Trinity,105,12862,853,208,1061,17
2021-10-30,Tulare,107,460477,68426,14713,83139,1144
2021-10-30,Tuolumne,109,53932,7238,96,7334,128
2021-10-30,Ventura,111,848112,98083,4256,102339,1178
2021-10-30,Yolo,113,214977,19906,951,20857,280
2021-10-30,Yuba,115,75493,10103,315,10418,90
2021-10-29,Alameda,001,1643700,119209,2715,121924,1490
2021-10-29,Alpine,002,1148,101,0,101,0
2021-10-29,Amador,005,37829,5549,58,5607,66
2021-10-29,Butte,007,227075,20886,3868,24754,317
2021-10-29,Calaveras,009,45235,4064,53,4117,84
2021-10-29,Colusa,011,21464,2515,627,3142,20
2021-10-29,Contra Costa,013,1133247,99373,2145,101518,1041
2021-10-29,Del Norte,015,27424,3673,53,3726,41
2021-10-29,El Dorado,017,186661,16046,1692,17738,166
2021-10-29,Fresno,019,978130,139748,12599,152347,2197
2021-10-29,Glenn,021,27897,3493,1007,4500,37
2021-10-29,Humboldt,023,135768,8984,546,9530,116
2021-10-29,Imperial,025,180216,33576,3115,36691,773
2021-10-29,Inyo,027,18085,2345,38,2383,41
2021-10-29,Kern,029,883053,127146,21759,148905,1803
2021-10-29,Kings,031,150075,32153,1897,34050,345
2021-10-29,Lake,033,64148,6731,141,6872,111
2021-10-29,Lassen,035,31185,6843,358,7201,45
2021-10-29,Los Angeles,037,10098052,1438670,52852,1491522,26639
2021-10-29,Madera,039,155013,23035,2066,25101,301
2021-10-29,Marin,041,260295,9082,383,9465,196
2021-10-29,Mariposa,043,17540,1285,46,1331,18
2021-10-29,Mendocino,045,87422,7505,524,8029,90
2021-10-29,Merced,047,269075,41785,1878,43663,627
2021-10-29,Modoc,049,8938,526,185,711,5
2021-10-29,Mono,051,14174,1720,22,1742,4
2021-10-29,Monterey,053,433212,48664,2836,51500,625
2021-10-29,Napa,055,140530,12927,105,13032,102
2021-10-29,Nevada,057,99092,9147,316,9463,100
2021-10-29,Orange,059,3164182,307141,14977,322118,5806
2021-10-29,Placer,061,380077,37068,3591,40659,453
2021-10-29,Plumas,063,18699,1769,33,1802,11
2021-10-29,Riverside,065,2383286,362694,16211,378905,5321
2021-10-29,Sacramento,067,1510023,158608,4541,163149,2331
2021-10-29,San Benito,069,59416,7389,165,7554,72
2021-10-29,San Bernardino,071,2135413,353601,11057,364658,6108
2021-10-29,San Diego,073,3302833,372732,21883,394615,4291
2021-10-29,San Francisco,075,870044,52858,2270,55128,675
2021-10-29,San Joaquin,077,732212,99561,5316,104877,1846
2021-10-29,San Luis Obispo,079,281455,29527,1226,30753,350
2021-10-29,San Mateo,081,765935,54091,852,54943,588
2021-10-29,Santa Barbara,083,443738,44345,1518,45863,531
2021-10-29,Santa Clara,085,1922200,146883,1303,148186,1917
2021-10-29,Santa Cruz,087,273765,20363,990,21353,222
2021-10-29,Shasta,089,179085,21319,3539,24858,375
2021-10-29,Sierra,091,2930,182,20,202,1
2021-10-29,Siskiyou,093,43540,3333,1264,4597,54
2021-10-29,Solano,095,438530,45890,1241,47131,362
2021-10-29,Sonoma,097,501317,41390,517,41907,411
2021-10-29,Stanislaus,099,539301,78191,8720,86911,1319
2021-10-29,Sutter,101,95872,13831,341,14172,183
2021-10-29,Tehama,103,63373,8479,1455,9934,140
2021-10-29,Trinity,105,12862,852,208,1060,17
2021-10-29,Tulare,107,460477,68321,14670,82991,1139
2021-10-29,Tuolumne,109,53932,7225,96,7321,127
2021-10-29,Ventura,111,848112,98028,4252,102280,1177
2021-10-29,Yolo,113,214977,19885,949,20834,280
2021-10-29,Yuba,115,75493,10095,311,10406,90
2021-10-28,Alameda,001,1643700,119086,2708,121794,1488
2021-10-28,Alpine,002,1148,101,0,101,0
2021-10-28,Amador,005,37829,5536,58,5594,65
2021-10-28,Butte,007,227075,20844,3857,24701,317
2021-10-28,Calaveras,009,45235,4051,53,4104,84
2021-10-28,Colusa,011,21464,2512,626,3138,20
2021-10-28,Contra Costa,013,1133247,99243,2141,101384,1039
2021-10-28,Del Norte,015,27424,3672,53,3725,41
2021-10-28,El Dorado,017,186661,16017,1689,17706,164
2021-10-28,Fresno,019,978130,139414,12567,151981,2189
2021-10-28,Glenn,021,27897,3490,1005,4495,37
2021-10-28,Humboldt,023,135768,8968,541,9509,116
2021-10-28,Imperial,025,180216,33510,3108,36618,773
2021-10-28,Inyo,027,18085,2328,38,2366,41
2021-10-28,Kern,029,883053,126898,21647,148545,1795
2021-10-28,Kings,031,150075,32084,1892,33976,344
2021-10-28,Lake,033,64148,6721,141,6862,111
2021-10-28,Lassen,035,31185,6834,355,7189,45
2021-10-28,Los Angeles,037,10098052,1437533,52778,1490311,26628
2021-10-28,Madera,039,155013,22981,2055,25036,300
2021-10-28,Marin,041,260295,9064,382,9446,196
2021-10-28,Mariposa,043,17540,1281,46,1327,18
2021-10-28,Mendocino,045,87422,7492,513,8005,89
2021-10-28,Merced,047,269075,41700,1868,43568,627
2021-10-28,Modoc,049,8938,525,185,710,5
2021-10-28,Mono,051,14174,1714,22,1736,4
2021-10-28,Monterey,053,433212,48633,2819,51452,625
2021-10-28,Napa,055,140530,12918,104,13022,102
2021-10-28,Nevada,057,99092,9129,316,9445,100
2021-10-28,Orange,059,3164182,306854,14913,321767,5804
2021-10-28,Placer,061,380077,36995,3582,40577,451
2021-10-28,Plumas,063,18699,1761,33,1794,11
2021-10-28,Riverside,065,2383286,362251,16188,378439,5318
2021-10-28,Sacramento,067,1510023,158342,4528,162870,2328
2021-10-28,San Benito,069,59416,7381,165,7546,72
2021-10-28,San Bernardino,071,2135413,353184,11034,364218,6099
2021-10-28,San Diego,073,3302833,372276,21860,394136,4286
2021-10-28,San Francisco,075,870044,52812,2263,55075,675
2021-10-28,San Joaquin,077,732212,99433,5315,104748,1844
2021-10-28,San Luis Obispo,079,281455,29498,1223,30721,349
2021-10-28,San Mateo,081,765935,54046,850,54896,588
2021-10-28,Santa Barbara,083,443738,44307,1516,45823,531
2021-10-28,Santa Clara,085,1922200,146724,1298,148022,1916
2021-10-28,Santa Cruz,087,273765,20339,990,21329,222
2021-10-28,Shasta,089,179085,21244,3532,24776,373
2021-10-28,Sierra,091,2930,181,20,201,1
2021-10-28,Siskiyou,093,43540,3332,1264,4596,54
2021-10-28,Solano,095,438530,45851,1240,47091,362
2021-10-28,Sonoma,097,501317,41322,516,41838,411
2021-10-28,Stanislaus,099,539301,78038,8704,86742,1316
2021-10-28,Sutter,101,95872,13818,337,14155,183
2021-10-28,Tehama,103,63373,8442,1452,9894,140
2021-10-28,Trinity,105,12862,849,208,1057,17
2021-10-28,Tulare,107,460477,68183,14614,82797,1137
2021-10-28,Tuolumne,109,53932,7194,96,7290,126
2021-10-28,Ventura,111,848112,97943,4249,102192,1177
2021-10-28,Yolo,113,214977,19846,946,20792,280
2021-10-28,Yuba,115,75493,10066,308,10374,90
2021-10-27,Alameda,001,1643700,118964,2706,121670,1487
2021-10-27,Alpine,002,1148,101,0,101,0
2021-10-27,Amador,005,37829,5524,57,5581,65
2021-10-27,Butte,007,227075,20799,3842,24641,316
2021-10-27,Calaveras,009,45235,4033,52,4085,84
2021-10-27,Colusa,011,21464,2512,625,3137,20
2021-10-27,Contra Costa,013,1133247,99135,2129,101264,1036
2021-10-27,Del Norte,015,27424,3665,52,3717,41
2021-10-27,El Dorado,017,186661,15986,1684,17670,164
2021-10-27,Fresno,019,978130,139032,12532,151564,2186
2021-10-27,Glenn,021,27897,3488,1004,4492,37
2021-10-27,Humboldt,023,135768,8948,539,9487,115
2021-10-27,Imperial,025,180216,33470,3103,36573,773
2021-10-27,Inyo,027,18085,2308,38,2346,41
2021-10-27,Kern,029,883053,126629,21547,148176,1791
2021-10-27,Kings,031,150075,32019,1886,33905,344
2021-10-27,Lake,033,64148,6695,141,6836,110
2021-10-27,Lassen,035,31185,6821,353,7174,45
2021-10-27,Los Angeles,037,10098052,1436304,52720,1489024,26613
2021-10-27,Madera,039,155013,22895,2031,24926,300
2021-10-27,Marin,041,260295,9049,382,9431,196
2021-10-27,Mariposa,043,17540,1268,46,1314,18
2021-10-27,Mendocino,045,87422,7478,506,7984,89
2021-10-27,Merced,047,269075,41602,1854,43456,626
2021-10-27,Modoc,049,8938,521,185,706,5
2021-10-27,Mono,051,14174,1711,22,1733,4
2021-10-27,Monterey,053,433212,48596,2798,51394,625
2021-10-27,Napa,055,140530,12903,104,13007,102
2021-10-27,Nevada,057,99092,9112,315,9427,100
2021-10-27,Orange,059,3164182,306533,14863,321396,5800
2021-10-27,Placer,061,380077,36928,3575,40503,451
2021-10-27,Plumas,063,18699,1753,33,1786,11
2021-10-27,Riverside,065,2383286,361822,16180,378002,5314
2021-10-27,Sacramento,067,1510023,158074,4507,162581,2322
2021-10-27,San Benito,069,59416,7374,165,7539,72
2021-10-27,San Bernardino,071,2135413,352759,11012,363771,6091
2021-10-27,San Diego,073,3302833,371720,21836,393556,4284
2021-10-27,San Francisco,075,870044,52760,2259,55019,675
2021-10-27,San Joaquin,077,732212,99276,5300,104576,1843
2021-10-27,San Luis Obispo,079,281455,29459,1221,30680,346
2021-10-27,San Mateo,081,765935,53991,842,54833,588
2021-10-27,Santa Barbara,083,443738,44254,1513,45767,530
2021-10-27,Santa Clara,085,1922200,146545,1290,147835,1912
2021-10-27,Santa Cruz,087,273765,20312,988,21300,222
2021-10-27,Shasta,089,179085,21169,3524,24693,370
2021-10-27,Sierra,091,2930,180,20,200,1
2021-10-27,Siskiyou,093,43540,3329,1260,4589,53
2021-10-27,Solano,095,438530,45806,1233,47039,362
2021-10-27,Sonoma,097,501317,41246,514,41760,410
2021-10-27,Stanislaus,099,539301,77879,8689,86568,1316
2021-10-27,Sutter,101,95872,13804,337,14141,182
2021-10-27,Tehama,103,63373,8420,1450,9870,138
2021-10-27,Trinity,105,12862,849,207,1056,17
2021-10-27,Tulare,107,460477,68030,14558,82588,1134
2021-10-27,Tuolumne,109,53932,7167,95,7262,124
2021-10-27,Ventura,111,848112,97851,4244,102095,1177
2021-10-27,Yolo,113,214977,19817,939,20756,280
2021-10-27,Yuba,115,75493,10045,306,10351,89
2021-10-26,Alameda,001,1643700,118824,2704,121528,1486
2021-10-26,Alpine,002,1148,101,0,101,0
2021-10-26,Amador,005,37829,5516,56,5572,64
2021-10-26,Butte,007,227075,20739,3825,24564,316
2021-10-26,Calaveras,009,45235,4022,52,4074,84
2021-10-26,Colusa,011,21464,2509,624,3133,20
2021-10-26,Contra Costa,013,1133247,99012,2119,101131,1035
2021-10-26,Del Norte,015,27424,3660,52,3712,41
2021-10-26,El Dorado,017,186661,15958,1675,17633,164
2021-10-26,Fresno,019,978130,138585,12481,151066,2184
2021-10-26,Glenn,021,27897,3474,1001,4475,37
2021-10-26,Humboldt,023,135768,8930,533,9463,114
2021-10-26,Imperial,025,180216,33405,3098,36503,773
2021-10-26,Inyo,027,18085,2293,38,2331,41
2021-10-26,Kern,029,883053,126286,21429,147715,1781
2021-10-26,Kings,031,150075,31952,1879,33831,344
2021-10-26,Lake,033,64148,6685,139,6824,109
2021-10-26,Lassen,035,31185,6800,351,7151,45
2021-10-26,Los Angeles,037,10098052,1434965,52649,1487614,26601
2021-10-26,Madera,039,155013,22805,2020,24825,297
2021-10-26,Marin,041,260295,9032,381,9413,196
2021-10-26,Mariposa,043,17540,1263,45,1308,18
2021-10-26,Mendocino,045,87422,7449,490,7939,89
2021-10-26,Merced,047,269075,41524,1847,43371,626
2021-10-26,Modoc,049,8938,521,185,706,5
2021-10-26,Mono,051,14174,1706,22,1728,4
2021-10-26,Monterey,053,433212,48557,2788,51345,624
2021-10-26,Napa,055,140530,12891,104,12995,102
2021-10-26,Nevada,057,99092,9081,314,9395,100
2021-10-26,Orange,059,3164182,306263,14824,321087,5797
2021-10-26,Placer,061,380077,36830,3569,40399,451
2021-10-26,Plumas,063,18699,1744,33,1777,11
2021-10-26,Riverside,065,2383286,361333,16170,377503,5312
2021-10-26,Sacramento,067,1510023,157772,4490,162262,2315
2021-10-26,San Benito,069,59416,7351,165,7516,72
2021-10-26,San Bernardino,071,2135413,352330,10997,363327,6085
2021-10-26,San Diego,073,3302833,371203,21806,393009,4281
2021-10-26,San Francisco,075,870044,52686,2256,54942,675
2021-10-26,San Joaquin,077,732212,99097,5286,104383,1843
2021-10-26,San Luis Obispo,079,281455,29420,1215,30635,345
2021-10-26,San Mateo,081,765935,53919,839,54758,588
2021-10-26,Santa Barbara,083,443738,44208,1512,45720,529
2021-10-26,Santa Clara,085,1922200,146343,1284,147627,1912
2021-10-26,Santa Cruz,087,273765,20281,988,21269,221
2021-10-26,Shasta,089,179085,21108,3506,24614,368
2021-10-26,Sierra,091,2930,180,20,200,1
2021-10-26,Siskiyou,093,43540,3323,1258,4581,53
2021-10-26,Solano,095,438530,45751,1232,46983,361
2021-10-26,Sonoma,097,501317,41165,512,41677,410
2021-10-26,Stanislaus,099,539301,77705,8664,86369,1312
2021-10-26,Sutter,101,95872,13775,336,14111,182
2021-10-26,Tehama,103,63373,8392,1445,9837,138
2021-10-26,Trinity,105,12862,845,207,1052,17
2021-10-26,Tulare,107,460477,67869,14501,82370,1130
2021-10-26,Tuolumne,109,53932,7141,93,7234,124
2021-10-26,Ventura,111,848112,97742,4241,101983,1177
2021-10-26,Yolo,113,214977,19786,938,20724,280
2021-10-26,Yuba,115,75493,10027,301,10328,88
2021-10-25,Alameda,001,1643700,118681,2703,121384,1483
2021-10-25,Alpine,002,1148,101,0,101,0
2021-10-25,Amador,005,37829,5502,56,5558,64
2021-10-25,Butte,007,227075,20666,3817,24483,316
2021-10-25,Calaveras,009,45235,3992,51,4043,83
2021-10-25,Colusa,011,21464,2507,622,3129,19
2021-10-25,Contra Costa,013,1133247,98897,2115,101012,1035
2021-10-25,Del Norte,015,27424,3653,52,3705,41
2021-10-25,El Dorado,017,186661,15923,1673,17596,163
2021-10-25,Fresno,019,978130,138150,12445,150595,2180
2021-10-25,Glenn,021,27897,3471,1000,4471,37
2021-10-25,Humboldt,023,135768,8907,528,9435,113
2021-10-25,Imperial,025,180216,33344,3087,36431,773
2021-10-25,Inyo,027,18085,2275,38,2313,41
2021-10-25,Kern,029,883053,125935,21290,147225,1776
2021-10-25,Kings,031,150075,31862,1870,33732,343
2021-10-25,Lake,033,64148,6671,139,6810,108
2021-10-25,Lassen,035,31185,6789,349,7138,45
2021-10-25,Los Angeles,037,10098052,1433610,52584,1486194,26588
2021-10-25,Madera,039,155013,22751,2013,24764,297
2021-10-25,Marin,041,260295,9010,379,9389,196
2021-10-25,Mariposa,043,17540,1249,45,1294,18
2021-10-25,Mendocino,045,87422,7420,486,7906,89
2021-10-25,Merced,047,269075,41456,1820,43276,626
2021-10-25,Modoc,049,8938,519,183,702,5
2021-10-25,Mono,051,14174,1698,22,1720,4
2021-10-25,Monterey,053,433212,48524,2786,51310,624
2021-10-25,Napa,055,140530,12878,104,12982,102
2021-10-25,Nevada,057,99092,9055,314,9369,100
2021-10-25,Orange,059,3164182,305963,14787,320750,5795
2021-10-25,Placer,061,380077,36720,3559,40279,449
2021-10-25,Plumas,063,18699,1732,33,1765,11
2021-10-25,Riverside,065,2383286,360902,16155,377057,5306
2021-10-25,Sacramento,067,1510023,157466,4467,161933,2312
2021-10-25,San Benito,069,59416,7338,164,7502,72
2021-10-25,San Bernardino,071,2135413,351821,10985,362806,6081
2021-10-25,San Diego,073,3302833,370634,21778,392412,4277
2021-10-25,San Francisco,075,870044,52613,2250,54863,675
2021-10-25,San Joaquin,077,732212,98896,5277,104173,1837
2021-10-25,San Luis Obispo,079,281455,29372,1210,30582,345
2021-10-25,San Mateo,081,765935,53858,835,54693,588
2021-10-25,Santa Barbara,083,443738,44149,1512,45661,529
2021-10-25,Santa Clara,085,1922200,146151,1279,147430,1911
2021-10-25,Santa Cruz,087,273765,20252,987,21239,221
2021-10-25,Shasta,089,179085,21036,3500,24536,363
2021-10-25,Sierra,091,2930,180,20,200,1
2021-10-25,Siskiyou,093,43540,3319,1253,4572,53
2021-10-25,Solano,095,438530,45691,1230,46921,361
2021-10-25,Sonoma,097,501317,41094,510,41604,409
2021-10-25,Stanislaus,099,539301,77513,8636,86149,1310
2021-10-25,Sutter,101,95872,13761,333,14094,181
2021-10-25,Tehama,103,63373,8365,1441,9806,138
2021-10-25,Trinity,105,12862,840,206,1046,17
2021-10-25,Tulare,107,460477,67673,14439,82112,1128
2021-10-25,Tuolumne,109,53932,7107,92,7199,123
2021-10-25,Ventura,111,848112,97651,4239,101890,1177
2021-10-25,Yolo,113,214977,19736,935,20671,280
2021-10-25,Yuba,115,75493,10011,297,10308,88
2021-10-24,Alameda,001,1643700,118549,2698,121247,1481
2021-10-24,Alpine,002,1148,101,0,101,0
2021-10-24,Amador,005,37829,5497,56,5553,64
2021-10-24,Butte,007,227075,20595,3804,24399,316
2021-10-24,Calaveras,009,45235,3973,50,4023,83
2021-10-24,Colusa,011,21464,2504,619,3123,19
2021-10-24,Contra Costa,013,1133247,98778,2106,100884,1034
2021-10-24,Del Norte,015,27424,3649,52,3701,41
2021-10-24,El Dorado,017,186661,15886,1669,17555,162
2021-10-24,Fresno,019,978130,137717,12394,150111,2177
2021-10-24,Glenn,021,27897,3463,998,4461,37
2021-10-24,Humboldt,023,135768,8894,522,9416,112
2021-10-24,Imperial,025,180216,33267,3081,36348,773
2021-10-24,Inyo,027,18085,2243,38,2281,41
2021-10-24,Kern,029,883053,125601,21174,146775,1769
2021-10-24,Kings,031,150075,31733,1855,33588,343
2021-10-24,Lake,033,64148,6648,138,6786,107
2021-10-24,Lassen,035,31185,6772,348,7120,44
2021-10-24,Los Angeles,037,10098052,1432176,52516,1484692,26576
2021-10-24,Madera,039,155013,22674,2001,24675,297
2021-10-24,Marin,041,260295,8992,378,9370,196
2021-10-24,Mariposa,043,17540,1246,45,1291,18
2021-10-24,Mendocino,045,87422,7397,476,7873,89
2021-10-24,Merced,047,269075,41333,1814,43147,626
2021-10-24,Modoc,049,8938,518,183,701,5
2021-10-24,Mono,051,14174,1693,22,1715,4
2021-10-24,Monterey,053,433212,48476,2776,51252,623
2021-10-24,Napa,055,140530,12867,104,12971,102
2021-10-24,Nevada,057,99092,9032,311,9343,99
2021-10-24,Orange,059,3164182,305610,14751,320361,5793
2021-10-24,Placer,061,380077,36618,3545,40163,448
2021-10-24,Plumas,063,18699,1722,32,1754,11
2021-10-24,Riverside,065,2383286,360429,16135,376564,5299
2021-10-24,Sacramento,067,1510023,157124,4444,161568,2310
2021-10-24,San Benito,069,59416,7318,164,7482,72
2021-10-24,San Bernardino,071,2135413,351263,10973,362236,6075
2021-10-24,San Diego,073,3302833,370050,21747,391797,4273
2021-10-24,San Francisco,075,870044,52550,2244,54794,674
2021-10-24,San Joaquin,077,732212,98723,5271,103994,1836
2021-10-24,San Luis Obispo,079,281455,29311,1203,30514,344
2021-10-24,San Mateo,081,765935,53786,835,54621,588
2021-10-24,Santa Barbara,083,443738,44082,1510,45592,529
2021-10-24,Santa Clara,085,1922200,145960,1269,147229,1910
2021-10-24,Santa Cruz,087,273765,20214,986,21200,221
2021-10-24,Shasta,089,179085,20938,3494,24432,362
2021-10-24,Sierra,091,2930,180,20,200,1
2021-10-24,Siskiyou,093,43540,3312,1249,4561,53
2021-10-24,Solano,095,438530,45642,1225,46867,361
2021-10-24,Sonoma,097,501317,41011,510,41521,408
2021-10-24,Stanislaus,099,539301,77322,8625,85947,1305
2021-10-24,Sutter,101,95872,13735,325,14060,181
2021-10-24,Tehama,103,63373,8317,1430,9747,138
2021-10-24,Trinity,105,12862,836,204,1040,17
2021-10-24,Tulare,107,460477,67500,14368,81868,1128
2021-10-24,Tuolumne,109,53932,7067,90,7157,122
2021-10-24,Ventura,111,848112,97544,4237,101781,1176
2021-10-24,Yolo,113,214977,19685,935,20620,279
2021-10-24,Yuba,115,75493,9987,296,10283,88
2021-10-23,Alameda,001,1643700,118461,2693,121154,1481
2021-10-23,Alpine,002,1148,101,0,101,0
2021-10-23,Amador,005,37829,5490,56,5546,64
2021-10-23,Butte,007,227075,20558,3796,24354,315
2021-10-23,Calaveras,009,45235,3966,49,4015,82
2021-10-23,Colusa,011,21464,2502,618,3120,19
2021-10-23,Contra Costa,013,1133247,98725,2102,100827,1034
2021-10-23,Del Norte,015,27424,3647,52,3699,41
2021-10-23,El Dorado,017,186661,15860,1667,17527,161
2021-10-23,Fresno,019,978130,137537,12381,149918,2174
2021-10-23,Glenn,021,27897,3461,997,4458,37
2021-10-23,Humboldt,023,135768,8880,517,9397,111
2021-10-23,Imperial,025,180216,33219,3077,36296,771
2021-10-23,Inyo,027,18085,2232,38,2270,41
2021-10-23,Kern,029,883053,125441,21087,146528,1765
2021-10-23,Kings,031,150075,31687,1853,33540,341
2021-10-23,Lake,033,64148,6643,138,6781,107
2021-10-23,Lassen,035,31185,6769,346,7115,43
2021-10-23,Los Angeles,037,10098052,1431500,52462,1483962,26563
2021-10-23,Madera,039,155013,22625,1993,24618,296
2021-10-23,Marin,041,260295,8975,378,9353,196
2021-10-23,Mariposa,043,17540,1243,44,1287,18
2021-10-23,Mendocino,045,87422,7390,475,7865,88
2021-10-23,Merced,047,269075,41292,1809,43101,625
2021-10-23,Modoc,049,8938,516,183,699,5
2021-10-23,Mono,051,14174,1687,22,1709,4
2021-10-23,Monterey,053,433212,48459,2772,51231,623
2021-10-23,Napa,055,140530,12862,104,12966,102
2021-10-23,Nevada,057,99092,9021,309,9330,99
2021-10-23,Orange,059,3164182,305421,14736,320157,5790
2021-10-23,Placer,061,380077,36558,3539,40097,448
2021-10-23,Plumas,063,18699,1721,32,1753,11
2021-10-23,Riverside,065,2383286,360106,16128,376234,5298
2021-10-23,Sacramento,067,1510023,156995,4436,161431,2307
2021-10-23,San Benito,069,59416,7308,164,7472,72
2021-10-23,San Bernardino,071,2135413,350992,10965,361957,6068
2021-10-23,San Diego,073,3302833,369708,21716,391424,4271
2021-10-23,San Francisco,075,870044,52514,2243,54757,674
2021-10-23,San Joaquin,077,732212,98654,5262,103916,1833
2021-10-23,San Luis Obispo,079,281455,29273,1201,30474,343
2021-10-23,San Mateo,081,765935,53748,834,54582,588
2021-10-23,Santa Barbara,083,443738,44051,1508,45559,528
2021-10-23,Santa Clara,085,1922200,145849,1265,147114,1909
2021-10-23,Santa Cruz,087,273765,20202,986,21188,221
2021-10-23,Shasta,089,179085,20902,3482,24384,360
2021-10-23,Sierra,091,2930,179,20,199,1
2021-10-23,Siskiyou,093,43540,3310,1249,4559,53
2021-10-23,Solano,095,438530,45617,1222,46839,361
2021-10-23,Sonoma,097,501317,40971,510,41481,408
2021-10-23,Stanislaus,099,539301,77233,8605,85838,1301
2021-10-23,Sutter,101,95872,13728,324,14052,180
2021-10-23,Tehama,103,63373,8305,1429,9734,138
2021-10-23,Trinity,105,12862,835,204,1039,17
2021-10-23,Tulare,107,460477,67412,14309,81721,1124
2021-10-23,Tuolumne,109,53932,7046,90,7136,121
2021-10-23,Ventura,111,848112,97483,4237,101720,1174
2021-10-23,Yolo,113,214977,19667,933,20600,279
2021-10-23,Yuba,115,75493,9978,296,10274,88
2021-10-22,Alameda,001,1643700,118379,2690,121069,1477
2021-10-22,Alpine,002,1148,101,0,101,0
2021-10-22,Amador,005,37829,5479,56,5535,64
2021-10-22,Butte,007,227075,20526,3792,24318,313
2021-10-22,Calaveras,009,45235,3958,49,4007,82
2021-10-22,Colusa,011,21464,2499,618,3117,19
2021-10-22,Contra Costa,013,1133247,98634,2100,100734,1034
2021-10-22,Del Norte,015,27424,3643,52,3695,41
2021-10-22,El Dorado,017,186661,15847,1665,17512,159
2021-10-22,Fresno,019,978130,137322,12360,149682,2172
2021-10-22,Glenn,021,27897,3451,997,4448,37
2021-10-22,Humboldt,023,135768,8866,516,9382,111
2021-10-22,Imperial,025,180216,33175,3077,36252,771
2021-10-22,Inyo,027,18085,2219,38,2257,41
2021-10-22,Kern,029,883053,125254,21014,146268,1763
2021-10-22,Kings,031,150075,31652,1852,33504,340
2021-10-22,Lake,033,64148,6633,138,6771,107
2021-10-22,Lassen,035,31185,6762,343,7105,42
2021-10-22,Los Angeles,037,10098052,1430735,52404,1483139,26550
2021-10-22,Madera,039,155013,22575,1981,24556,296
2021-10-22,Marin,041,260295,8964,378,9342,195
2021-10-22,Mariposa,043,17540,1240,44,1284,17
2021-10-22,Mendocino,045,87422,7376,474,7850,88
2021-10-22,Merced,047,269075,41255,1802,43057,625
2021-10-22,Modoc,049,8938,516,183,699,5
2021-10-22,Mono,051,14174,1685,22,1707,4
2021-10-22,Monterey,053,433212,48425,2770,51195,623
2021-10-22,Napa,055,140530,12856,104,12960,102
2021-10-22,Nevada,057,99092,9004,308,9312,99
2021-10-22,Orange,059,3164182,305205,14706,319911,5784
2021-10-22,Placer,061,380077,36528,3530,40058,448
2021-10-22,Plumas,063,18699,1715,32,1747,10
2021-10-22,Riverside,065,2383286,359794,16123,375917,5292
2021-10-22,Sacramento,067,1510023,156808,4427,161235,2303
2021-10-22,San Benito,069,59416,7303,164,7467,72
2021-10-22,San Bernardino,071,2135413,350662,10950,361612,6062
2021-10-22,San Diego,073,3302833,369310,21698,391008,4266
2021-10-22,San Francisco,075,870044,52476,2236,54712,674
2021-10-22,San Joaquin,077,732212,98593,5259,103852,1831
2021-10-22,San Luis Obispo,079,281455,29243,1201,30444,342
2021-10-22,San Mateo,081,765935,53697,828,54525,588
2021-10-22,Santa Barbara,083,443738,44010,1508,45518,528
2021-10-22,Santa Clara,085,1922200,145691,1258,146949,1909
2021-10-22,Santa Cruz,087,273765,20180,986,21166,221
2021-10-22,Shasta,089,179085,20869,3479,24348,359
2021-10-22,Sierra,091,2930,178,19,197,1
2021-10-22,Siskiyou,093,43540,3308,1246,4554,52
2021-10-22,Solano,095,438530,45582,1218,46800,360
2021-10-22,Sonoma,097,501317,40914,510,41424,408
2021-10-22,Stanislaus,099,539301,77130,8588,85718,1298
2021-10-22,Sutter,101,95872,13713,324,14037,179
2021-10-22,Tehama,103,63373,8284,1424,9708,137
2021-10-22,Trinity,105,12862,834,204,1038,17
2021-10-22,Tulare,107,460477,67324,14257,81581,1120
2021-10-22,Tuolumne,109,53932,7011,90,7101,121
2021-10-22,Ventura,111,848112,97430,4231,101661,1174
2021-10-22,Yolo,113,214977,19640,932,20572,278
2021-10-22,Yuba,115,75493,9964,294,10258,88
2021-10-21,Alameda,001,1643700,118264,2684,120948,1476
2021-10-21,Alpine,002,1148,101,0,101,0
2021-10-21,Amador,005,37829,5471,56,5527,64
2021-10-21,Butte,007,227075,20442,3776,24218,310
2021-10-21,Calaveras,009,45235,3939,49,3988,82
2021-10-21,Colusa,011,21464,2495,614,3109,19
2021-10-21,Contra Costa,013,1133247,98517,2095,100612,1032
2021-10-21,Del Norte,015,27424,3637,51,3688,41
2021-10-21,El Dorado,017,186661,15818,1658,17476,159
2021-10-21,Fresno,019,978130,136971,12315,149286,2167
2021-10-21,Glenn,021,27897,3447,994,4441,37
2021-10-21,Humboldt,023,135768,8852,512,9364,111
2021-10-21,Imperial,025,180216,33120,3073,36193,771
2021-10-21,Inyo,027,18085,2197,38,2235,41
2021-10-21,Kern,029,883053,125007,20905,145912,1758
2021-10-21,Kings,031,150075,31554,1846,33400,339
2021-10-21,Lake,033,64148,6619,137,6756,107
2021-10-21,Lassen,035,31185,6749,339,7088,42
2021-10-21,Los Angeles,037,10098052,1429614,52357,1481971,26537
2021-10-21,Madera,039,155013,22517,1971,24488,296
2021-10-21,Marin,041,260295,8946,378,9324,195
2021-10-21,Mariposa,043,17540,1234,43,1277,17
2021-10-21,Mendocino,045,87422,7358,467,7825,88
2021-10-21,Merced,047,269075,41158,1791,42949,625
2021-10-21,Modoc,049,8938,516,183,699,5
2021-10-21,Mono,051,14174,1676,22,1698,4
2021-10-21,Monterey,053,433212,48391,2759,51150,621
2021-10-21,Napa,055,140530,12844,104,12948,102
2021-10-21,Nevada,057,99092,8979,308,9287,98
2021-10-21,Orange,059,3164182,304933,14670,319603,5779
2021-10-21,Placer,061,380077,36436,3517,39953,448
2021-10-21,Plumas,063,18699,1701,32,1733,10
2021-10-21,Riverside,065,2383286,359349,16113,375462,5288
2021-10-21,Sacramento,067,1510023,156488,4401,160889,2297
2021-10-21,San Benito,069,59416,7296,162,7458,72
2021-10-21,San Bernardino,071,2135413,350282,10916,361198,6056
2021-10-21,San Diego,073,3302833,368798,21668,390466,4263
2021-10-21,San Francisco,075,870044,52421,2235,54656,674
2021-10-21,San Joaquin,077,732212,98455,5252,103707,1827
2021-10-21,San Luis Obispo,079,281455,29201,1199,30400,341
2021-10-21,San Mateo,081,765935,53650,827,54477,588
2021-10-21,Santa Barbara,083,443738,43944,1506,45450,526
2021-10-21,Santa Clara,085,1922200,145517,1254,146771,1906
2021-10-21,Santa Cruz,087,273765,20156,984,21140,221
2021-10-21,Shasta,089,179085,20808,3464,24272,355
2021-10-21,Sierra,091,2930,177,18,195,1
2021-10-21,Siskiyou,093,43540,3303,1244,4547,52
2021-10-21,Solano,095,438530,45530,1216,46746,359
2021-10-21,Sonoma,097,501317,40845,508,41353,408
2021-10-21,Stanislaus,099,539301,76961,8577,85538,1296
2021-10-21,Sutter,101,95872,13685,320,14005,179
2021-10-21,Tehama,103,63373,8256,1417,9673,137
2021-10-21,Trinity,105,12862,832,204,1036,17
2021-10-21,Tulare,107,460477,67135,14189,81324,1115
2021-10-21,Tuolumne,109,53932,6973,89,7062,120
2021-10-21,Ventura,111,848112,97341,4229,101570,1174
2021-10-21,Yolo,113,214977,19594,931,20525,278
2021-10-21,Yuba,115,75493,9940,293,10233,87
2021-10-20,Alameda,001,1643700,118143,2684,120827,1474
2021-10-20,Alpine,002,1148,101,0,101,0
2021-10-20,Amador,005,37829,5463,56,5519,64
2021-10-20,Butte,007,227075,20387,3760,24147,310
2021-10-20,Calaveras,009,45235,3919,48,3967,82
2021-10-20,Colusa,011,21464,2491,612,3103,19
2021-10-20,Contra Costa,013,1133247,98402,2091,100493,1031
2021-10-20,Del Norte,015,27424,3633,51,3684,41
2021-10-20,El Dorado,017,186661,15789,1655,17444,159
2021-10-20,Fresno,019,978130,136568,12274,148842,2162
2021-10-20,Glenn,021,27897,3439,993,4432,37
2021-10-20,Humboldt,023,135768,8830,510,9340,110
2021-10-20,Imperial,025,180216,33046,3065,36111,771
2021-10-20,Inyo,027,18085,2178,37,2215,41
2021-10-20,Kern,029,883053,124713,20787,145500,1748
2021-10-20,Kings,031,150075,31478,1836,33314,335
2021-10-20,Lake,033,64148,6597,136,6733,107
2021-10-20,Lassen,035,31185,6734,339,7073,42
2021-10-20,Los Angeles,037,10098052,1428496,52286,1480782,26522
2021-10-20,Madera,039,155013,22448,1962,24410,295
2021-10-20,Marin,041,260295,8925,377,9302,195
2021-10-20,Mariposa,043,17540,1227,43,1270,17
2021-10-20,Mendocino,045,87422,7330,464,7794,88
2021-10-20,Merced,047,269075,41077,1775,42852,623
2021-10-20,Modoc,049,8938,516,183,699,5
2021-10-20,Mono,051,14174,1676,22,1698,4
2021-10-20,Monterey,053,433212,48359,2750,51109,621
2021-10-20,Napa,055,140530,12830,103,12933,101
2021-10-20,Nevada,057,99092,8951,308,9259,98
2021-10-20,Orange,059,3164182,304645,14648,319293,5777
2021-10-20,Placer,061,380077,36346,3508,39854,447
2021-10-20,Plumas,063,18699,1694,32,1726,10
2021-10-20,Riverside,065,2383286,358905,16096,375001,5279
2021-10-20,Sacramento,067,1510023,156188,4377,160565,2293
2021-10-20,San Benito,069,59416,7293,160,7453,71
2021-10-20,San Bernardino,071,2135413,349880,10885,360765,6047
2021-10-20,San Diego,073,3302833,368291,21649,389940,4256
2021-10-20,San Francisco,075,870044,52372,2234,54606,673
2021-10-20,San Joaquin,077,732212,98310,5244,103554,1821
2021-10-20,San Luis Obispo,079,281455,29155,1195,30350,341
2021-10-20,San Mateo,081,765935,53579,819,54398,588
2021-10-20,Santa Barbara,083,443738,43881,1505,45386,525
2021-10-20,Santa Clara,085,1922200,145376,1249,146625,1904
2021-10-20,Santa Cruz,087,273765,20143,984,21127,221
2021-10-20,Shasta,089,179085,20746,3437,24183,349
2021-10-20,Sierra,091,2930,177,18,195,1
2021-10-20,Siskiyou,093,43540,3303,1238,4541,52
2021-10-20,Solano,095,438530,45498,1214,46712,358
2021-10-20,Sonoma,097,501317,40798,508,41306,407
2021-10-20,Stanislaus,099,539301,76811,8558,85369,1289
2021-10-20,Sutter,101,95872,13661,314,13975,179
2021-10-20,Tehama,103,63373,8225,1406,9631,137
2021-10-20,Trinity,105,12862,832,203,1035,17
2021-10-20,Tulare,107,460477,66960,14145,81105,1108
2021-10-20,Tuolumne,109,53932,6950,89,7039,118
2021-10-20,Ventura,111,848112,97259,4224,101483,1174
2021-10-20,Yolo,113,214977,19549,929,20478,278
2021-10-20,Yuba,115,75493,9923,290,10213,87
2021-10-19,Alameda,001,1643700,118020,2678,120698,1472
2021-10-19,Alpine,002,1148,101,0,101,0
2021-10-19,Amador,005,37829,5447,56,5503,64
2021-10-19,Butte,007,227075,20334,3752,24086,309
2021-10-19,Calaveras,009,45235,3902,47,3949,82
2021-10-19,Colusa,011,21464,2488,610,3098,19
2021-10-19,Contra Costa,013,1133247,98311,2086,100397,1031
2021-10-19,Del Norte,015,27424,3626,51,3677,41
2021-10-19,El Dorado,017,186661,15764,1650,17414,159
2021-10-19,Fresno,019,978130,136202,12225,148427,2156
2021-10-19,Glenn,021,27897,3435,991,4426,37
2021-10-19,Humboldt,023,135768,8806,504,9310,110
2021-10-19,Imperial,025,180216,32981,3061,36042,771
2021-10-19,Inyo,027,18085,2147,37,2184,40
2021-10-19,Kern,029,883053,124396,20663,145059,1743
2021-10-19,Kings,031,150075,31384,1829,33213,333
2021-10-19,Lake,033,64148,6593,136,6729,107
2021-10-19,Lassen,035,31185,6728,335,7063,41
2021-10-19,Los Angeles,037,10098052,1427249,52214,1479463,26512
2021-10-19,Madera,039,155013,22385,1954,24339,295
2021-10-19,Marin,041,260295,8911,374,9285,195
2021-10-19,Mariposa,043,17540,1221,41,1262,17
2021-10-19,Mendocino,045,87422,7314,461,7775,88
2021-10-19,Merced,047,269075,40962,1754,42716,622
2021-10-19,Modoc,049,8938,514,183,697,5
2021-10-19,Mono,051,14174,1672,22,1694,4
2021-10-19,Monterey,053,433212,48322,2739,51061,621
2021-10-19,Napa,055,140530,12822,103,12925,101
2021-10-19,Nevada,057,99092,8930,307,9237,97
2021-10-19,Orange,059,3164182,304387,14615,319002,5773
2021-10-19,Placer,061,380077,36226,3493,39719,447
2021-10-19,Plumas,063,18699,1676,32,1708,10
2021-10-19,Riverside,065,2383286,358485,16089,374574,5278
2021-10-19,Sacramento,067,1510023,155883,4350,160233,2292
2021-10-19,San Benito,069,59416,7278,160,7438,71
2021-10-19,San Bernardino,071,2135413,349477,10856,360333,6044
2021-10-19,San Diego,073,3302833,367709,21618,389327,4249
2021-10-19,San Francisco,075,870044,52309,2232,54541,672
2021-10-19,San Joaquin,077,732212,98142,5233,103375,1813
2021-10-19,San Luis Obispo,079,281455,29107,1192,30299,339
2021-10-19,San Mateo,081,765935,53521,817,54338,587
2021-10-19,Santa Barbara,083,443738,43814,1504,45318,525
2021-10-19,Santa Clara,085,1922200,145200,1242,146442,1903
2021-10-19,Santa Cruz,087,273765,20119,982,21101,221
2021-10-19,Shasta,089,179085,20669,3429,24098,348
2021-10-19,Sierra,091,2930,174,18,192,1
2021-10-19,Siskiyou,093,43540,3299,1233,4532,52
2021-10-19,Solano,095,438530,45457,1208,46665,358
2021-10-19,Sonoma,097,501317,40724,507,41231,407
2021-10-19,Stanislaus,099,539301,76669,8546,85215,1286
2021-10-19,Sutter,101,95872,13637,313,13950,178
2021-10-19,Tehama,103,63373,8194,1391,9585,136
2021-10-19,Trinity,105,12862,825,203,1028,17
2021-10-19,Tulare,107,460477,66774,14077,80851,1106
2021-10-19,Tuolumne,109,53932,6922,88,7010,116
2021-10-19,Ventura,111,848112,97182,4219,101401,1174
2021-10-19,Yolo,113,214977,19500,928,20428,278
2021-10-19,Yuba,115,75493,9905,289,10194,87
2021-10-18,Alameda,001,1643700,117883,2668,120551,1472
2021-10-18,Alpine,002,1148,101,0,101,0
2021-10-18,Amador,005,37829,5436,56,5492,64
2021-10-18,Butte,007,227075,20284,3739,24023,308
2021-10-18,Calaveras,009,45235,3877,46,3923,81
2021-10-18,Colusa,011,21464,2487,608,3095,19
2021-10-18,Contra Costa,013,1133247,98199,2082,100281,1029
2021-10-18,Del Norte,015,27424,3619,51,3670,41
2021-10-18,El Dorado,017,186661,15734,1648,17382,158
2021-10-18,Fresno,019,978130,135798,12182,147980,2152
2021-10-18,Glenn,021,27897,3431,987,4418,37
2021-10-18,Humboldt,023,135768,8786,496,9282,110
2021-10-18,Imperial,025,180216,32889,3061,35950,771
2021-10-18,Inyo,027,18085,2129,37,2166,40
2021-10-18,Kern,029,883053,124097,20569,144666,1737
2021-10-18,Kings,031,150075,31271,1816,33087,333
2021-10-18,Lake,033,64148,6574,132,6706,107
2021-10-18,Lassen,035,31185,6708,332,7040,40
2021-10-18,Los Angeles,037,10098052,1426006,52137,1478143,26503
2021-10-18,Madera,039,155013,22331,1941,24272,294
2021-10-18,Marin,041,260295,8892,371,9263,195
2021-10-18,Mariposa,043,17540,1213,41,1254,17
2021-10-18,Mendocino,045,87422,7295,453,7748,88
2021-10-18,Merced,047,269075,40839,1743,42582,621
2021-10-18,Modoc,049,8938,514,183,697,5
2021-10-18,Mono,051,14174,1666,21,1687,4
2021-10-18,Monterey,053,433212,48300,2734,51034,621
2021-10-18,Napa,055,140530,12807,103,12910,101
2021-10-18,Nevada,057,99092,8911,307,9218,96
2021-10-18,Orange,059,3164182,304047,14580,318627,5771
2021-10-18,Placer,061,380077,36150,3489,39639,446
2021-10-18,Plumas,063,18699,1668,32,1700,10
2021-10-18,Riverside,065,2383286,358067,16075,374142,5273
2021-10-18,Sacramento,067,1510023,155578,4320,159898,2287
2021-10-18,San Benito,069,59416,7266,160,7426,69
2021-10-18,San Bernardino,071,2135413,349055,10842,359897,6039
2021-10-18,San Diego,073,3302833,367153,21580,388733,4247
2021-10-18,San Francisco,075,870044,52246,2226,54472,671
2021-10-18,San Joaquin,077,732212,97976,5223,103199,1810
2021-10-18,San Luis Obispo,079,281455,29068,1189,30257,339
2021-10-18,San Mateo,081,765935,53456,816,54272,586
2021-10-18,Santa Barbara,083,443738,43755,1502,45257,524
2021-10-18,Santa Clara,085,1922200,145044,1234,146278,1902
2021-10-18,Santa Cruz,087,273765,20105,980,21085,221
2021-10-18,Shasta,089,179085,20590,3418,24008,347
2021-10-18,Sierra,091,2930,174,18,192,1
2021-10-18,Siskiyou,093,43540,3296,1225,4521,51
2021-10-18,Solano,095,438530,45413,1205,46618,356
2021-10-18,Sonoma,097,501317,40660,504,41164,407
2021-10-18,Stanislaus,099,539301,76504,8532,85036,1284
2021-10-18,Sutter,101,95872,13603,311,13914,178
2021-10-18,Tehama,103,63373,8158,1380,9538,136
2021-10-18,Trinity,105,12862,824,203,1027,17
2021-10-18,Tulare,107,460477,66599,14013,80612,1101
2021-10-18,Tuolumne,109,53932,6893,88,6981,116
2021-10-18,Ventura,111,848112,97090,4216,101306,1173
2021-10-18,Yolo,113,214977,19461,927,20388,277
2021-10-18,Yuba,115,75493,9878,287,10165,87
2021-10-17,Alameda,001,1643700,117731,2663,120394,1471
2021-10-17,Alpine,002,1148,101,0,101,0
2021-10-17,Amador,005,37829,5413,56,5469,64
2021-10-17,Butte,007,227075,20199,3728,23927,308
2021-10-17,Calaveras,009,45235,3860,46,3906,81
2021-10-17,Colusa,011,21464,2482,601,3083,19
2021-10-17,Contra Costa,013,1133247,98078,2071,100149,1028
2021-10-17,Del Norte,015,27424,3614,51,3665,41
2021-10-17,El Dorado,017,186661,15676,1641,17317,158
2021-10-17,Fresno,019,978130,135330,12137,147467,2149
2021-10-17,Glenn,021,27897,3421,982,4403,37
2021-10-17,Humboldt,023,135768,8766,493,9259,110
2021-10-17,Imperial,025,180216,32807,3054,35861,771
2021-10-17,Inyo,027,18085,2101,37,2138,40
2021-10-17,Kern,029,883053,123747,20471,144218,1730
2021-10-17,Kings,031,150075,31158,1808,32966,333
2021-10-17,Lake,033,64148,6558,132,6690,107
2021-10-17,Lassen,035,31185,6696,328,7024,39
2021-10-17,Los Angeles,037,10098052,1424670,52065,1476735,26492
2021-10-17,Madera,039,155013,22269,1930,24199,294
2021-10-17,Marin,041,260295,8870,371,9241,195
2021-10-17,Mariposa,043,17540,1206,41,1247,17
2021-10-17,Mendocino,045,87422,7266,447,7713,88
2021-10-17,Merced,047,269075,40713,1727,42440,620
2021-10-17,Modoc,049,8938,511,181,692,5
2021-10-17,Mono,051,14174,1664,20,1684,4
2021-10-17,Monterey,053,433212,48259,2724,50983,621
2021-10-17,Napa,055,140530,12791,100,12891,101
2021-10-17,Nevada,057,99092,8894,306,9200,96
2021-10-17,Orange,059,3164182,303732,14547,318279,5764
2021-10-17,Placer,061,380077,36050,3474,39524,444
2021-10-17,Plumas,063,18699,1644,31,1675,10
2021-10-17,Riverside,065,2383286,357583,16061,373644,5265
2021-10-17,Sacramento,067,1510023,155179,4303,159482,2285
2021-10-17,San Benito,069,59416,7257,159,7416,69
2021-10-17,San Bernardino,071,2135413,348619,10822,359441,6030
2021-10-17,San Diego,073,3302833,366562,21552,388114,4243
2021-10-17,San Francisco,075,870044,52174,2217,54391,670
2021-10-17,San Joaquin,077,732212,97803,5214,103017,1810
2021-10-17,San Luis Obispo,079,281455,29016,1181,30197,338
2021-10-17,San Mateo,081,765935,53404,812,54216,586
2021-10-17,Santa Barbara,083,443738,43692,1501,45193,524
2021-10-17,Santa Clara,085,1922200,144866,1225,146091,1901
2021-10-17,Santa Cruz,087,273765,20078,978,21056,221
2021-10-17,Shasta,089,179085,20500,3408,23908,345
2021-10-17,Sierra,091,2930,172,18,190,1
2021-10-17,Siskiyou,093,43540,3288,1222,4510,51
2021-10-17,Solano,095,438530,45356,1204,46560,356
2021-10-17,Sonoma,097,501317,40585,503,41088,407
2021-10-17,Stanislaus,099,539301,76306,8518,84824,1279
2021-10-17,Sutter,101,95872,13586,309,13895,178
2021-10-17,Tehama,103,63373,8126,1364,9490,135
2021-10-17,Trinity,105,12862,821,202,1023,17
2021-10-17,Tulare,107,460477,66415,13941,80356,1101
2021-10-17,Tuolumne,109,53932,6859,87,6946,114
2021-10-17,Ventura,111,848112,96989,4213,101202,1172
2021-10-17,Yolo,113,214977,19417,920,20337,277
2021-10-17,Yuba,115,75493,9852,285,10137,87
2021-10-16,Alameda,001,1643700,117642,2661,120303,1471
2021-10-16,Alpine,002,1148,100,0,100,0
2021-10-16,Amador,005,37829,5406,56,5462,64
2021-10-16,Butte,007,227075,20168,3718,23886,307
2021-10-16,Calaveras,009,45235,3853,46,3899,81
2021-10-16,Colusa,011,21464,2478,598,3076,19
2021-10-16,Contra Costa,013,1133247,97987,2064,100051,1027
2021-10-16,Del Norte,015,27424,3611,51,3662,41
2021-10-16,El Dorado,017,186661,15654,1639,17293,158
2021-10-16,Fresno,019,978130,135176,12120,147296,2145
2021-10-16,Glenn,021,27897,3415,982,4397,37
2021-10-16,Humboldt,023,135768,8755,488,9243,110
2021-10-16,Imperial,025,180216,32792,3052,35844,771
2021-10-16,Inyo,027,18085,2087,37,2124,40
2021-10-16,Kern,029,883053,123591,20390,143981,1726
2021-10-16,Kings,031,150075,31112,1805,32917,330
2021-10-16,Lake,033,64148,6547,132,6679,107
2021-10-16,Lassen,035,31185,6687,324,7011,39
2021-10-16,Los Angeles,037,10098052,1424017,52012,1476029,26477
2021-10-16,Madera,039,155013,22225,1926,24151,293
2021-10-16,Marin,041,260295,8859,371,9230,194
2021-10-16,Mariposa,043,17540,1203,41,1244,17
2021-10-16,Mendocino,045,87422,7255,447,7702,88
2021-10-16,Merced,047,269075,40681,1725,42406,619
2021-10-16,Modoc,049,8938,508,181,689,5
2021-10-16,Mono,051,14174,1660,20,1680,4
2021-10-16,Monterey,053,433212,48242,2716,50958,621
2021-10-16,Napa,055,140530,12780,100,12880,101
2021-10-16,Nevada,057,99092,8874,306,9180,96
2021-10-16,Orange,059,3164182,303556,14522,318078,5759
2021-10-16,Placer,061,380077,35965,3468,39433,442
2021-10-16,Plumas,063,18699,1639,30,1669,10
2021-10-16,Riverside,065,2383286,357310,16049,373359,5259
2021-10-16,Sacramento,067,1510023,154981,4299,159280,2282
2021-10-16,San Benito,069,59416,7244,158,7402,69
2021-10-16,San Bernardino,071,2135413,348411,10814,359225,6027
2021-10-16,San Diego,073,3302833,366246,21536,387782,4236
2021-10-16,San Francisco,075,870044,52127,2213,54340,667
2021-10-16,San Joaquin,077,732212,97732,5211,102943,1806
2021-10-16,San Luis Obispo,079,281455,28990,1180,30170,337
2021-10-16,San Mateo,081,765935,53355,811,54166,586
2021-10-16,Santa Barbara,083,443738,43656,1500,45156,524
2021-10-16,Santa Clara,085,1922200,144766,1217,145983,1901
2021-10-16,Santa Cruz,087,273765,20062,977,21039,220
2021-10-16,Shasta,089,179085,20450,3397,23847,343
2021-10-16,Sierra,091,2930,170,18,188,1
2021-10-16,Siskiyou,093,43540,3286,1215,4501,51
2021-10-16,Solano,095,438530,45330,1200,46530,355
2021-10-16,Sonoma,097,501317,40545,503,41048,407
2021-10-16,Stanislaus,099,539301,76220,8508,84728,1276
2021-10-16,Sutter,101,95872,13567,308,13875,178
2021-10-16,Tehama,103,63373,8113,1359,9472,134
2021-10-16,Trinity,105,12862,821,202,1023,17
2021-10-16,Tulare,107,460477,66277,13910,80187,1097
2021-10-16,Tuolumne,109,53932,6827,87,6914,114
2021-10-16,Ventura,111,848112,96956,4208,101164,1172
2021-10-16,Yolo,113,214977,19389,916,20305,277
2021-10-16,Yuba,115,75493,9828,282,10110,87
2021-10-15,Alameda,001,1643700,117570,2657,120227,1471
2021-10-15,Alpine,002,1148,100,0,100,0
2021-10-15,Amador,005,37829,5382,56,5438,64
2021-10-15,Butte,007,227075,20132,3710,23842,304
2021-10-15,Calaveras,009,45235,3847,46,3893,81
2021-10-15,Colusa,011,21464,2476,595,3071,19
2021-10-15,Contra Costa,013,1133247,97905,2061,99966,1026
2021-10-15,Del Norte,015,27424,3609,51,3660,41
2021-10-15,El Dorado,017,186661,15634,1634,17268,158
2021-10-15,Fresno,019,978130,134922,12110,147032,2142
2021-10-15,Glenn,021,27897,3409,981,4390,37
2021-10-15,Humboldt,023,135768,8746,486,9232,110
2021-10-15,Imperial,025,180216,32745,3048,35793,771
2021-10-15,Inyo,027,18085,2069,37,2106,40
2021-10-15,Kern,029,883053,123455,20316,143771,1721
2021-10-15,Kings,031,150075,31056,1801,32857,327
2021-10-15,Lake,033,64148,6538,132,6670,107
2021-10-15,Lassen,035,31185,6675,323,6998,39
2021-10-15,Los Angeles,037,10098052,1423331,51964,1475295,26454
2021-10-15,Madera,039,155013,22181,1918,24099,291
2021-10-15,Marin,041,260295,8848,371,9219,193
2021-10-15,Mariposa,043,17540,1195,41,1236,17
2021-10-15,Mendocino,045,87422,7240,447,7687,88
2021-10-15,Merced,047,269075,40651,1722,42373,619
2021-10-15,Modoc,049,8938,507,181,688,5
2021-10-15,Mono,051,14174,1657,20,1677,4
2021-10-15,Monterey,053,433212,48220,2714,50934,621
2021-10-15,Napa,055,140530,12776,100,12876,101
2021-10-15,Nevada,057,99092,8859,306,9165,96
2021-10-15,Orange,059,3164182,303387,14504,317891,5758
2021-10-15,Placer,061,380077,35911,3462,39373,441
2021-10-15,Plumas,063,18699,1631,30,1661,10
2021-10-15,Riverside,065,2383286,357065,16044,373109,5253
2021-10-15,Sacramento,067,1510023,154792,4289,159081,2279
2021-10-15,San Benito,069,59416,7241,158,7399,69
2021-10-15,San Bernardino,071,2135413,348179,10811,358990,6022
2021-10-15,San Diego,073,3302833,365887,21511,387398,4234
2021-10-15,San Francisco,075,870044,52087,2206,54293,666
2021-10-15,San Joaquin,077,732212,97653,5204,102857,1806
2021-10-15,San Luis Obispo,079,281455,28969,1178,30147,336
2021-10-15,San Mateo,081,765935,53311,810,54121,586
2021-10-15,Santa Barbara,083,443738,43618,1500,45118,523
2021-10-15,Santa Clara,085,1922200,144645,1209,145854,1899
2021-10-15,Santa Cruz,087,273765,20051,977,21028,220
2021-10-15,Shasta,089,179085,20394,3389,23783,339
2021-10-15,Sierra,091,2930,170,18,188,1
2021-10-15,Siskiyou,093,43540,3285,1212,4497,51
2021-10-15,Solano,095,438530,45304,1200,46504,355
2021-10-15,Sonoma,097,501317,40511,502,41013,407
2021-10-15,Stanislaus,099,539301,76140,8492,84632,1272
2021-10-15,Sutter,101,95872,13550,306,13856,178
2021-10-15,Tehama,103,63373,8091,1354,9445,133
2021-10-15,Trinity,105,12862,821,202,1023,17
2021-10-15,Tulare,107,460477,66199,13873,80072,1094
2021-10-15,Tuolumne,109,53932,6804,85,6889,111
2021-10-15,Ventura,111,848112,96913,4205,101118,1172
2021-10-15,Yolo,113,214977,19372,914,20286,277
2021-10-15,Yuba,115,75493,9818,281,10099,87
2021-10-14,Alameda,001,1643700,117462,2652,120114,1471
2021-10-14,Alpine,002,1148,100,0,100,0
2021-10-14,Amador,005,37829,5371,56,5427,64
2021-10-14,Butte,007,227075,20080,3704,23784,303
2021-10-14,Calaveras,009,45235,3833,45,3878,81
2021-10-14,Colusa,011,21464,2474,593,3067,19
2021-10-14,Contra Costa,013,1133247,97770,2054,99824,1025
2021-10-14,Del Norte,015,27424,3603,51,3654,41
2021-10-14,El Dorado,017,186661,15596,1631,17227,157
2021-10-14,Fresno,019,978130,134626,12080,146706,2136
2021-10-14,Glenn,021,27897,3404,980,4384,37
2021-10-14,Humboldt,023,135768,8729,483,9212,110
2021-10-14,Imperial,025,180216,32682,3041,35723,771
2021-10-14,Inyo,027,18085,2050,37,2087,40
2021-10-14,Kern,029,883053,123183,20217,143400,1716
2021-10-14,Kings,031,150075,30990,1793,32783,325
2021-10-14,Lake,033,64148,6517,131,6648,107
2021-10-14,Lassen,035,31185,6669,322,6991,39
2021-10-14,Los Angeles,037,10098052,1422345,51915,1474260,26443
2021-10-14,Madera,039,155013,22116,1912,24028,291
2021-10-14,Marin,041,260295,8843,368,9211,193
2021-10-14,Mariposa,043,17540,1182,40,1222,17
2021-10-14,Mendocino,045,87422,7226,445,7671,87
2021-10-14,Merced,047,269075,40562,1708,42270,619
2021-10-14,Modoc,049,8938,507,181,688,5
2021-10-14,Mono,051,14174,1650,20,1670,4
2021-10-14,Monterey,053,433212,48195,2709,50904,621
2021-10-14,Napa,055,140530,12761,100,12861,101
2021-10-14,Nevada,057,99092,8832,304,9136,96
2021-10-14,Orange,059,3164182,303178,14486,317664,5753
2021-10-14,Placer,061,380077,35843,3448,39291,441
2021-10-14,Plumas,063,18699,1616,30,1646,10
2021-10-14,Riverside,065,2383286,356668,16033,372701,5246
2021-10-14,Sacramento,067,1510023,154542,4269,158811,2276
2021-10-14,San Benito,069,59416,7230,158,7388,69
2021-10-14,San Bernardino,071,2135413,347821,10804,358625,6017
2021-10-14,San Diego,073,3302833,365447,21484,386931,4230
2021-10-14,San Francisco,075,870044,52031,2202,54233,665
2021-10-14,San Joaquin,077,732212,97524,5195,102719,1803
2021-10-14,San Luis Obispo,079,281455,28925,1174,30099,336
2021-10-14,San Mateo,081,765935,53263,809,54072,586
2021-10-14,Santa Barbara,083,443738,43562,1495,45057,522
2021-10-14,Santa Clara,085,1922200,144504,1203,145707,1899
2021-10-14,Santa Cruz,087,273765,20029,977,21006,220
2021-10-14,Shasta,089,179085,20337,3377,23714,339
2021-10-14,Sierra,091,2930,169,18,187,1
2021-10-14,Siskiyou,093,43540,3282,1204,4486,51
2021-10-14,Solano,095,438530,45254,1192,46446,355
2021-10-14,Sonoma,097,501317,40460,499,40959,406
2021-10-14,Stanislaus,099,539301,75994,8479,84473,1270
2021-10-14,Sutter,101,95872,13530,305,13835,176
2021-10-14,Tehama,103,63373,8060,1347,9407,132
2021-10-14,Trinity,105,12862,820,201,1021,17
2021-10-14,Tulare,107,460477,66016,13826,79842,1090
2021-10-14,Tuolumne,109,53932,6772,84,6856,111
2021-10-14,Ventura,111,848112,96844,4199,101043,1172
2021-10-14,Yolo,113,214977,19336,910,20246,276
2021-10-14,Yuba,115,75493,9804,272,10076,87
2021-10-13,Alameda,001,1643700,117356,2646,120002,1469
2021-10-13,Alpine,002,1148,100,0,100,0
2021-10-13,Amador,005,37829,5357,56,5413,64
2021-10-13,Butte,007,227075,20004,3698,23702,301
2021-10-13,Calaveras,009,45235,3812,43,3855,81
2021-10-13,Colusa,011,21464,2467,589,3056,19
2021-10-13,Contra Costa,013,1133247,97653,2053,99706,1024
2021-10-13,Del Norte,015,27424,3598,51,3649,41
2021-10-13,El Dorado,017,186661,15573,1626,17199,156
2021-10-13,Fresno,019,978130,134292,12048,146340,2134
2021-10-13,Glenn,021,27897,3399,976,4375,37
2021-10-13,Humboldt,023,135768,8718,479,9197,110
2021-10-13,Imperial,025,180216,32622,3039,35661,771
2021-10-13,Inyo,027,18085,2013,37,2050,40
2021-10-13,Kern,029,883053,122938,20125,143063,1709
2021-10-13,Kings,031,150075,30909,1786,32695,324
2021-10-13,Lake,033,64148,6497,131,6628,107
2021-10-13,Lassen,035,31185,6658,316,6974,39
2021-10-13,Los Angeles,037,10098052,1421289,51861,1473150,26428
2021-10-13,Madera,039,155013,22063,1898,23961,290
2021-10-13,Marin,041,260295,8819,367,9186,193
2021-10-13,Mariposa,043,17540,1168,40,1208,17
2021-10-13,Mendocino,045,87422,7210,437,7647,87
2021-10-13,Merced,047,269075,40477,1696,42173,615
2021-10-13,Modoc,049,8938,505,179,684,5
2021-10-13,Mono,051,14174,1650,20,1670,4
2021-10-13,Monterey,053,433212,48175,2702,50877,621
2021-10-13,Napa,055,140530,12750,98,12848,101
2021-10-13,Nevada,057,99092,8810,304,9114,96
2021-10-13,Orange,059,3164182,302971,14470,317441,5750
2021-10-13,Placer,061,380077,35775,3439,39214,440
2021-10-13,Plumas,063,18699,1602,30,1632,10
2021-10-13,Riverside,065,2383286,356338,16020,372358,5243
2021-10-13,Sacramento,067,1510023,154293,4248,158541,2273
2021-10-13,San Benito,069,59416,7224,157,7381,69
2021-10-13,San Bernardino,071,2135413,347496,10787,358283,6014
2021-10-13,San Diego,073,3302833,365016,21462,386478,4229
2021-10-13,San Francisco,075,870044,51987,2198,54185,665
2021-10-13,San Joaquin,077,732212,97380,5191,102571,1800
2021-10-13,San Luis Obispo,079,281455,28887,1171,30058,335
2021-10-13,San Mateo,081,765935,53211,805,54016,586
2021-10-13,Santa Barbara,083,443738,43510,1495,45005,522
2021-10-13,Santa Clara,085,1922200,144364,1202,145566,1897
2021-10-13,Santa Cruz,087,273765,20003,976,20979,220
2021-10-13,Shasta,089,179085,20267,3357,23624,336
2021-10-13,Sierra,091,2930,169,18,187,1
2021-10-13,Siskiyou,093,43540,3274,1203,4477,50
2021-10-13,Solano,095,438530,45215,1189,46404,352
2021-10-13,Sonoma,097,501317,40404,499,40903,405
2021-10-13,Stanislaus,099,539301,75852,8469,84321,1267
2021-10-13,Sutter,101,95872,13500,303,13803,174
2021-10-13,Tehama,103,63373,8024,1342,9366,130
2021-10-13,Trinity,105,12862,817,201,1018,17
2021-10-13,Tulare,107,460477,65833,13775,79608,1090
2021-10-13,Tuolumne,109,53932,6757,83,6840,111
2021-10-13,Ventura,111,848112,96771,4193,100964,1171
2021-10-13,Yolo,113,214977,19307,909,20216,276
2021-10-13,Yuba,115,75493,9779,259,10038,87
2021-10-12,Alameda,001,1643700,117253,2642,119895,1469
2021-10-12,Alpine,002,1148,100,0,100,0
2021-10-12,Amador,005,37829,5346,56,5402,64
2021-10-12,Butte,007,227075,19932,3686,23618,300
2021-10-12,Calaveras,009,45235,3797,43,3840,81
2021-10-12,Colusa,011,21464,2464,587,3051,19
2021-10-12,Contra Costa,013,1133247,97540,2044,99584,1024
2021-10-12,Del Norte,015,27424,3592,51,3643,41
2021-10-12,El Dorado,017,186661,15539,1624,17163,156
2021-10-12,Fresno,019,978130,133931,12017,145948,2131
2021-10-12,Glenn,021,27897,3385,975,4360,37
2021-10-12,Humboldt,023,135768,8690,473,9163,110
2021-10-12,Imperial,025,180216,32570,3037,35607,771
2021-10-12,Inyo,027,18085,1981,37,2018,40
2021-10-12,Kern,029,883053,122651,20016,142667,1703
2021-10-12,Kings,031,150075,30835,1775,32610,323
2021-10-12,Lake,033,64148,6482,129,6611,107
2021-10-12,Lassen,035,31185,6648,315,6963,39
2021-10-12,Los Angeles,037,10098052,1420229,51815,1472044,26416
2021-10-12,Madera,039,155013,21992,1885,23877,290
2021-10-12,Marin,041,260295,8796,367,9163,193
2021-10-12,Mariposa,043,17540,1154,40,1194,16
2021-10-12,Mendocino,045,87422,7181,434,7615,87
2021-10-12,Merced,047,269075,40398,1690,42088,614
2021-10-12,Modoc,049,8938,500,178,678,5
2021-10-12,Mono,051,14174,1648,20,1668,4
2021-10-12,Monterey,053,433212,48144,2694,50838,621
2021-10-12,Napa,055,140530,12736,98,12834,101
2021-10-12,Nevada,057,99092,8798,302,9100,96
2021-10-12,Orange,059,3164182,302716,14445,317161,5742
2021-10-12,Placer,061,380077,35710,3431,39141,440
2021-10-12,Plumas,063,18699,1588,29,1617,10
2021-10-12,Riverside,065,2383286,356011,16006,372017,5236
2021-10-12,Sacramento,067,1510023,153988,4223,158211,2269
2021-10-12,San Benito,069,59416,7210,157,7367,68
2021-10-12,San Bernardino,071,2135413,347183,10777,357960,6007
2021-10-12,San Diego,073,3302833,364503,21433,385936,4226
2021-10-12,San Francisco,075,870044,51922,2197,54119,665
2021-10-12,San Joaquin,077,732212,97244,5186,102430,1799
2021-10-12,San Luis Obispo,079,281455,28840,1170,30010,335
2021-10-12,San Mateo,081,765935,53160,804,53964,586
2021-10-12,Santa Barbara,083,443738,43449,1495,44944,522
2021-10-12,Santa Clara,085,1922200,144211,1200,145411,1897
2021-10-12,Santa Cruz,087,273765,19978,976,20954,220
2021-10-12,Shasta,089,179085,20193,3336,23529,334
2021-10-12,Sierra,091,2930,169,18,187,1
2021-10-12,Siskiyou,093,43540,3263,1197,4460,49
2021-10-12,Solano,095,438530,45173,1183,46356,350
2021-10-12,Sonoma,097,501317,40363,498,40861,405
2021-10-12,Stanislaus,099,539301,75700,8457,84157,1266
2021-10-12,Sutter,101,95872,13477,299,13776,174
2021-10-12,Tehama,103,63373,7992,1338,9330,129
2021-10-12,Trinity,105,12862,814,201,1015,17
2021-10-12,Tulare,107,460477,65648,13719,79367,1086
2021-10-12,Tuolumne,109,53932,6740,82,6822,111
2021-10-12,Ventura,111,848112,96671,4188,100859,1171
2021-10-12,Yolo,113,214977,19276,906,20182,276
2021-10-12,Yuba,115,75493,9764,255,10019,87
2021-10-11,Alameda,001,1643700,117110,2641,119751,1468
2021-10-11,Alpine,002,1148,100,0,100,0
2021-10-11,Amador,005,37829,5334,56,5390,64
2021-10-11,Butte,007,227075,19872,3681,23553,299
2021-10-11,Calaveras,009,45235,3776,43,3819,81
2021-10-11,Colusa,011,21464,2459,579,3038,19
2021-10-11,Contra Costa,013,1133247,97404,2039,99443,1024
2021-10-11,Del Norte,015,27424,3589,47,3636,41
2021-10-11,El Dorado,017,186661,15510,1620,17130,155
2021-10-11,Fresno,019,978130,133600,11982,145582,2129
2021-10-11,Glenn,021,27897,3368,973,4341,37
2021-10-11,Humboldt,023,135768,8665,466,9131,109
2021-10-11,Imperial,025,180216,32520,3031,35551,771
2021-10-11,Inyo,027,18085,1958,36,1994,40
2021-10-11,Kern,029,883053,122414,19921,142335,1694
2021-10-11,Kings,031,150075,30746,1765,32511,323
2021-10-11,Lake,033,64148,6466,125,6591,107
2021-10-11,Lassen,035,31185,6628,312,6940,39
2021-10-11,Los Angeles,037,10098052,1419183,51764,1470947,26399
2021-10-11,Madera,039,155013,21934,1868,23802,290
2021-10-11,Marin,041,260295,8778,363,9141,193
2021-10-11,Mariposa,043,17540,1124,39,1163,16
2021-10-11,Mendocino,045,87422,7165,430,7595,87
2021-10-11,Merced,047,269075,40282,1665,41947,611
2021-10-11,Modoc,049,8938,497,175,672,5
2021-10-11,Mono,051,14174,1638,20,1658,4
2021-10-11,Monterey,053,433212,48115,2687,50802,621
2021-10-11,Napa,055,140530,12714,96,12810,100
2021-10-11,Nevada,057,99092,8778,301,9079,96
2021-10-11,Orange,059,3164182,302482,14414,316896,5735
2021-10-11,Placer,061,380077,35643,3413,39056,439
2021-10-11,Plumas,063,18699,1570,27,1597,10
2021-10-11,Riverside,065,2383286,355665,16001,371666,5234
2021-10-11,Sacramento,067,1510023,153697,4192,157889,2268
2021-10-11,San Benito,069,59416,7189,155,7344,68
2021-10-11,San Bernardino,071,2135413,346797,10769,357566,6002
2021-10-11,San Diego,073,3302833,363991,21401,385392,4223
2021-10-11,San Francisco,075,870044,51851,2194,54045,664
2021-10-11,San Joaquin,077,732212,97089,5175,102264,1794
2021-10-11,San Luis Obispo,079,281455,28792,1165,29957,335
2021-10-11,San Mateo,081,765935,53112,804,53916,586
2021-10-11,Santa Barbara,083,443738,43402,1494,44896,521
2021-10-11,Santa Clara,085,1922200,144048,1196,145244,1896
2021-10-11,Santa Cruz,087,273765,19954,975,20929,220
2021-10-11,Shasta,089,179085,20114,3320,23434,332
2021-10-11,Sierra,091,2930,166,17,183,1
2021-10-11,Siskiyou,093,43540,3256,1193,4449,49
2021-10-11,Solano,095,438530,45124,1180,46304,349
2021-10-11,Sonoma,097,501317,40318,498,40816,405
2021-10-11,Stanislaus,099,539301,75529,8436,83965,1264
2021-10-11,Sutter,101,95872,13458,297,13755,174
2021-10-11,Tehama,103,63373,7951,1329,9280,129
2021-10-11,Trinity,105,12862,808,200,1008,17
2021-10-11,Tulare,107,460477,65469,13652,79121,1082
2021-10-11,Tuolumne,109,53932,6701,82,6783,111
2021-10-11,Ventura,111,848112,96574,4181,100755,1171
2021-10-11,Yolo,113,214977,19228,904,20132,276
2021-10-11,Yuba,115,75493,9747,243,9990,87
2021-10-10,Alameda,001,1643700,116991,2637,119628,1465
2021-10-10,Alpine,002,1148,100,0,100,0
2021-10-10,Amador,005,37829,5320,56,5376,64
2021-10-10,Butte,007,227075,19807,3666,23473,298
2021-10-10,Calaveras,009,45235,3764,43,3807,81
2021-10-10,Colusa,011,21464,2458,578,3036,19
2021-10-10,Contra Costa,013,1133247,97305,2033,99338,1022
2021-10-10,Del Norte,015,27424,3585,47,3632,41
2021-10-10,El Dorado,017,186661,15480,1614,17094,155
2021-10-10,Fresno,019,978130,133269,11949,145218,2125
2021-10-10,Glenn,021,27897,3363,971,4334,36
2021-10-10,Humboldt,023,135768,8644,462,9106,109
2021-10-10,Imperial,025,180216,32445,3030,35475,770
2021-10-10,Inyo,027,18085,1937,36,1973,40
2021-10-10,Kern,029,883053,122088,19818,141906,1691
2021-10-10,Kings,031,150075,30657,1755,32412,322
2021-10-10,Lake,033,64148,6450,124,6574,107
2021-10-10,Lassen,035,31185,6609,311,6920,39
2021-10-10,Los Angeles,037,10098052,1417995,51690,1469685,26386
2021-10-10,Madera,039,155013,21888,1859,23747,290
2021-10-10,Marin,041,260295,8761,363,9124,193
2021-10-10,Mariposa,043,17540,1121,39,1160,16
2021-10-10,Mendocino,045,87422,7150,422,7572,87
2021-10-10,Merced,047,269075,40199,1646,41845,610
2021-10-10,Modoc,049,8938,497,175,672,5
2021-10-10,Mono,051,14174,1637,20,1657,4
2021-10-10,Monterey,053,433212,48085,2686,50771,621
2021-10-10,Napa,055,140530,12691,96,12787,96
2021-10-10,Nevada,057,99092,8766,301,9067,96
2021-10-10,Orange,059,3164182,302219,14385,316604,5731
2021-10-10,Placer,061,380077,35550,3402,38952,437
2021-10-10,Plumas,063,18699,1554,25,1579,10
2021-10-10,Riverside,065,2383286,355287,15983,371270,5224
2021-10-10,Sacramento,067,1510023,153433,4175,157608,2264
2021-10-10,San Benito,069,59416,7184,154,7338,68
2021-10-10,San Bernardino,071,2135413,346484,10761,357245,5999
2021-10-10,San Diego,073,3302833,363475,21354,384829,4218
2021-10-10,San Francisco,075,870044,51803,2192,53995,664
2021-10-10,San Joaquin,077,732212,96918,5161,102079,1792
2021-10-10,San Luis Obispo,079,281455,28748,1165,29913,335
2021-10-10,San Mateo,081,765935,53070,803,53873,586
2021-10-10,Santa Barbara,083,443738,43355,1493,44848,520
2021-10-10,Santa Clara,085,1922200,143882,1189,145071,1895
2021-10-10,Santa Cruz,087,273765,19934,975,20909,220
2021-10-10,Shasta,089,179085,20025,3311,23336,331
2021-10-10,Sierra,091,2930,164,17,181,1
2021-10-10,Siskiyou,093,43540,3242,1186,4428,49
2021-10-10,Solano,095,438530,45068,1180,46248,349
2021-10-10,Sonoma,097,501317,40266,498,40764,403
2021-10-10,Stanislaus,099,539301,75351,8422,83773,1263
2021-10-10,Sutter,101,95872,13434,292,13726,174
2021-10-10,Tehama,103,63373,7914,1320,9234,127
2021-10-10,Trinity,105,12862,807,199,1006,17
2021-10-10,Tulare,107,460477,65299,13602,78901,1081
2021-10-10,Tuolumne,109,53932,6677,81,6758,111
2021-10-10,Ventura,111,848112,96485,4181,100666,1170
2021-10-10,Yolo,113,214977,19194,900,20094,276
2021-10-10,Yuba,115,75493,9731,238,9969,87
2021-10-09,Alameda,001,1643700,116893,2635,119528,1463
2021-10-09,Alpine,002,1148,99,0,99,0
2021-10-09,Amador,005,37829,5318,55,5373,63
2021-10-09,Butte,007,227075,19777,3662,23439,294
2021-10-09,Calaveras,009,45235,3760,43,3803,80
2021-10-09,Colusa,011,21464,2454,577,3031,19
2021-10-09,Contra Costa,013,1133247,97236,2027,99263,1020
2021-10-09,Del Norte,015,27424,3584,47,3631,40
2021-10-09,El Dorado,017,186661,15462,1611,17073,155
2021-10-09,Fresno,019,978130,133137,11932,145069,2123
2021-10-09,Glenn,021,27897,3359,969,4328,36
2021-10-09,Humboldt,023,135768,8630,460,9090,109
2021-10-09,Imperial,025,180216,32411,3028,35439,770
2021-10-09,Inyo,027,18085,1928,36,1964,40
2021-10-09,Kern,029,883053,121947,19791,141738,1685
2021-10-09,Kings,031,150075,30608,1753,32361,321
2021-10-09,Lake,033,64148,6431,123,6554,107
2021-10-09,Lassen,035,31185,6604,310,6914,38
2021-10-09,Los Angeles,037,10098052,1417409,51653,1469062,26377
2021-10-09,Madera,039,155013,21855,1845,23700,290
2021-10-09,Marin,041,260295,8756,361,9117,193
2021-10-09,Mariposa,043,17540,1114,38,1152,16
2021-10-09,Mendocino,045,87422,7143,421,7564,87
2021-10-09,Merced,047,269075,40156,1646,41802,608
2021-10-09,Modoc,049,8938,495,174,669,5
2021-10-09,Mono,051,14174,1634,20,1654,4
2021-10-09,Monterey,053,433212,48073,2683,50756,621
2021-10-09,Napa,055,140530,12687,96,12783,96
2021-10-09,Nevada,057,99092,8755,300,9055,96
2021-10-09,Orange,059,3164182,302038,14366,316404,5726
2021-10-09,Placer,061,380077,35512,3395,38907,437
2021-10-09,Plumas,063,18699,1543,25,1568,10
2021-10-09,Riverside,065,2383286,355036,15967,371003,5218
2021-10-09,Sacramento,067,1510023,153223,4162,157385,2259
2021-10-09,San Benito,069,59416,7176,154,7330,68
2021-10-09,San Bernardino,071,2135413,346296,10757,357053,5991
2021-10-09,San Diego,073,3302833,363170,21349,384519,4215
2021-10-09,San Francisco,075,870044,51755,2185,53940,662
2021-10-09,San Joaquin,077,732212,96852,5156,102008,1790
2021-10-09,San Luis Obispo,079,281455,28731,1163,29894,334
2021-10-09,San Mateo,081,765935,53039,802,53841,586
2021-10-09,Santa Barbara,083,443738,43328,1493,44821,519
2021-10-09,Santa Clara,085,1922200,143758,1183,144941,1892
2021-10-09,Santa Cruz,087,273765,19924,974,20898,220
2021-10-09,Shasta,089,179085,19974,3306,23280,329
2021-10-09,Sierra,091,2930,161,17,178,1
2021-10-09,Siskiyou,093,43540,3241,1185,4426,49
2021-10-09,Solano,095,438530,45051,1179,46230,347
2021-10-09,Sonoma,097,501317,40222,498,40720,402
2021-10-09,Stanislaus,099,539301,75261,8411,83672,1259
2021-10-09,Sutter,101,95872,13425,290,13715,173
2021-10-09,Tehama,103,63373,7903,1315,9218,126
2021-10-09,Trinity,105,12862,806,199,1005,16
2021-10-09,Tulare,107,460477,65191,13581,78772,1079
2021-10-09,Tuolumne,109,53932,6657,81,6738,111
2021-10-09,Ventura,111,848112,96430,4178,100608,1170
2021-10-09,Yolo,113,214977,19171,899,20070,276
2021-10-09,Yuba,115,75493,9719,237,9956,87
2021-10-08,Alameda,001,1643700,116811,2631,119442,1463
2021-10-08,Alpine,002,1148,99,0,99,0
2021-10-08,Amador,005,37829,5305,55,5360,63
2021-10-08,Butte,007,227075,19748,3658,23406,293
2021-10-08,Calaveras,009,45235,3755,43,3798,79
2021-10-08,Colusa,011,21464,2452,577,3029,19
2021-10-08,Contra Costa,013,1133247,97192,2022,99214,1016
2021-10-08,Del Norte,015,27424,3583,47,3630,40
2021-10-08,El Dorado,017,186661,15442,1607,17049,155
2021-10-08,Fresno,019,978130,132942,11908,144850,2116
2021-10-08,Glenn,021,27897,3351,966,4317,36
2021-10-08,Humboldt,023,135768,8619,457,9076,109
2021-10-08,Imperial,025,180216,32381,3024,35405,770
2021-10-08,Inyo,027,18085,1910,36,1946,40
2021-10-08,Kern,029,883053,121810,19749,141559,1681
2021-10-08,Kings,031,150075,30514,1752,32266,321
2021-10-08,Lake,033,64148,6423,123,6546,107
2021-10-08,Lassen,035,31185,6590,307,6897,38
2021-10-08,Los Angeles,037,10098052,1416748,51621,1468369,26370
2021-10-08,Madera,039,155013,21796,1838,23634,289
2021-10-08,Marin,041,260295,8745,360,9105,193
2021-10-08,Mariposa,043,17540,1107,36,1143,15
2021-10-08,Mendocino,045,87422,7130,421,7551,87
2021-10-08,Merced,047,269075,40124,1643,41767,605
2021-10-08,Modoc,049,8938,493,174,667,5
2021-10-08,Mono,051,14174,1631,20,1651,4
2021-10-08,Monterey,053,433212,48046,2681,50727,621
2021-10-08,Napa,055,140530,12671,96,12767,96
2021-10-08,Nevada,057,99092,8743,300,9043,96
2021-10-08,Orange,059,3164182,301890,14346,316236,5724
2021-10-08,Placer,061,380077,35473,3388,38861,435
2021-10-08,Plumas,063,18699,1531,25,1556,10
2021-10-08,Riverside,065,2383286,354767,15956,370723,5211
2021-10-08,Sacramento,067,1510023,153058,4147,157205,2255
2021-10-08,San Benito,069,59416,7172,152,7324,68
2021-10-08,San Bernardino,071,2135413,346087,10749,356836,5984
2021-10-08,San Diego,073,3302833,362844,21329,384173,4208
2021-10-08,San Francisco,075,870044,51708,2178,53886,661
2021-10-08,San Joaquin,077,732212,96784,5150,101934,1787
2021-10-08,San Luis Obispo,079,281455,28704,1162,29866,332
2021-10-08,San Mateo,081,765935,53011,802,53813,586
2021-10-08,Santa Barbara,083,443738,43293,1492,44785,519
2021-10-08,Santa Clara,085,1922200,143645,1178,144823,1891
2021-10-08,Santa Cruz,087,273765,19909,974,20883,219
2021-10-08,Shasta,089,179085,19932,3300,23232,327
2021-10-08,Sierra,091,2930,159,15,174,1
2021-10-08,Siskiyou,093,43540,3233,1184,4417,49
2021-10-08,Solano,095,438530,45012,1179,46191,347
2021-10-08,Sonoma,097,501317,40187,498,40685,402
2021-10-08,Stanislaus,099,539301,75192,8402,83594,1256
2021-10-08,Sutter,101,95872,13411,288,13699,172
2021-10-08,Tehama,103,63373,7886,1312,9198,126
2021-10-08,Trinity,105,12862,805,199,1004,16
2021-10-08,Tulare,107,460477,65073,13549,78622,1079
2021-10-08,Tuolumne,109,53932,6634,81,6715,110
2021-10-08,Ventura,111,848112,96379,4172,100551,1168
2021-10-08,Yolo,113,214977,19156,897,20053,276
2021-10-08,Yuba,115,75493,9699,236,9935,85
2021-10-07,Alameda,001,1643700,116691,2630,119321,1461
2021-10-07,Alpine,002,1148,99,0,99,0
2021-10-07,Amador,005,37829,5298,55,5353,63
2021-10-07,Butte,007,227075,19700,3647,23347,293
2021-10-07,Calaveras,009,45235,3743,43,3786,79
2021-10-07,Colusa,011,21464,2449,571,3020,19
2021-10-07,Contra Costa,013,1133247,97069,2019,99088,1016
2021-10-07,Del Norte,015,27424,3580,47,3627,40
2021-10-07,El Dorado,017,186661,15406,1603,17009,155
2021-10-07,Fresno,019,978130,132667,11882,144549,2112
2021-10-07,Glenn,021,27897,3344,963,4307,36
2021-10-07,Humboldt,023,135768,8593,454,9047,108
2021-10-07,Imperial,025,180216,32309,3011,35320,769
2021-10-07,Inyo,027,18085,1891,36,1927,40
2021-10-07,Kern,029,883053,121578,19685,141263,1678
2021-10-07,Kings,031,150075,30448,1746,32194,321
2021-10-07,Lake,033,64148,6412,123,6535,107
2021-10-07,Lassen,035,31185,6572,305,6877,38
2021-10-07,Los Angeles,037,10098052,1415792,51576,1467368,26350
2021-10-07,Madera,039,155013,21723,1824,23547,289
2021-10-07,Marin,041,260295,8727,360,9087,193
2021-10-07,Mariposa,043,17540,1099,36,1135,15
2021-10-07,Mendocino,045,87422,7120,417,7537,87
2021-10-07,Merced,047,269075,40058,1626,41684,603
2021-10-07,Modoc,049,8938,490,173,663,5
2021-10-07,Mono,051,14174,1623,20,1643,4
2021-10-07,Monterey,053,433212,48021,2672,50693,621
2021-10-07,Napa,055,140530,12656,96,12752,96
2021-10-07,Nevada,057,99092,8715,300,9015,96
2021-10-07,Orange,059,3164182,301664,14332,315996,5718
2021-10-07,Placer,061,380077,35411,3381,38792,433
2021-10-07,Plumas,063,18699,1514,25,1539,10
2021-10-07,Riverside,065,2383286,354435,15944,370379,5207
2021-10-07,Sacramento,067,1510023,152775,4118,156893,2248
2021-10-07,San Benito,069,59416,7156,150,7306,68
2021-10-07,San Bernardino,071,2135413,345812,10741,356553,5979
2021-10-07,San Diego,073,3302833,362449,21308,383757,4201
2021-10-07,San Francisco,075,870044,51637,2175,53812,661
2021-10-07,San Joaquin,077,732212,96630,5142,101772,1783
2021-10-07,San Luis Obispo,079,281455,28653,1160,29813,331
2021-10-07,San Mateo,081,765935,52971,801,53772,586
2021-10-07,Santa Barbara,083,443738,43224,1486,44710,518
2021-10-07,Santa Clara,085,1922200,143495,1172,144667,1888
2021-10-07,Santa Cruz,087,273765,19889,973,20862,218
2021-10-07,Shasta,089,179085,19844,3285,23129,326
2021-10-07,Sierra,091,2930,158,15,173,1
2021-10-07,Siskiyou,093,43540,3229,1179,4408,49
2021-10-07,Solano,095,438530,44966,1175,46141,345
2021-10-07,Sonoma,097,501317,40150,496,40646,402
2021-10-07,Stanislaus,099,539301,75030,8377,83407,1254
2021-10-07,Sutter,101,95872,13389,285,13674,171
2021-10-07,Tehama,103,63373,7853,1306,9159,124
2021-10-07,Trinity,105,12862,803,199,1002,16
2021-10-07,Tulare,107,460477,64908,13513,78421,1077
2021-10-07,Tuolumne,109,53932,6613,81,6694,110
2021-10-07,Ventura,111,848112,96306,4169,100475,1168
2021-10-07,Yolo,113,214977,19123,893,20016,276
2021-10-07,Yuba,115,75493,9673,229,9902,84
2021-10-06,Alameda,001,1643700,116554,2624,119178,1459
2021-10-06,Alpine,002,1148,99,0,99,0
2021-10-06,Amador,005,37829,5295,55,5350,63
2021-10-06,Butte,007,227075,19638,3640,23278,290
2021-10-06,Calaveras,009,45235,3734,43,3777,79
2021-10-06,Colusa,011,21464,2446,564,3010,19
2021-10-06,Contra Costa,013,1133247,96945,2015,98960,1015
2021-10-06,Del Norte,015,27424,3577,44,3621,38
2021-10-06,El Dorado,017,186661,15380,1600,16980,155
2021-10-06,Fresno,019,978130,132377,11857,144234,2105
2021-10-06,Glenn,021,27897,3335,961,4296,36
2021-10-06,Humboldt,023,135768,8578,448,9026,108
2021-10-06,Imperial,025,180216,32256,3001,35257,768
2021-10-06,Inyo,027,18085,1876,36,1912,40
2021-10-06,Kern,029,883053,121321,19594,140915,1673
2021-10-06,Kings,031,150075,30382,1738,32120,320
2021-10-06,Lake,033,64148,6398,123,6521,107
2021-10-06,Lassen,035,31185,6556,304,6860,38
2021-10-06,Los Angeles,037,10098052,1414835,51528,1466363,26330
2021-10-06,Madera,039,155013,21668,1814,23482,287
2021-10-06,Marin,041,260295,8718,357,9075,193
2021-10-06,Mariposa,043,17540,1092,36,1128,15
2021-10-06,Mendocino,045,87422,7111,415,7526,87
2021-10-06,Merced,047,269075,39983,1614,41597,600
2021-10-06,Modoc,049,8938,490,171,661,5
2021-10-06,Mono,051,14174,1611,20,1631,4
2021-10-06,Monterey,053,433212,47988,2667,50655,620
2021-10-06,Napa,055,140530,12632,95,12727,96
2021-10-06,Nevada,057,99092,8699,299,8998,96
2021-10-06,Orange,059,3164182,301424,14319,315743,5713
2021-10-06,Placer,061,380077,35360,3375,38735,430
2021-10-06,Plumas,063,18699,1491,25,1516,9
2021-10-06,Riverside,065,2383286,354080,15923,370003,5200
2021-10-06,Sacramento,067,1510023,152522,4086,156608,2242
2021-10-06,San Benito,069,59416,7141,150,7291,68
2021-10-06,San Bernardino,071,2135413,345520,10734,356254,5974
2021-10-06,San Diego,073,3302833,361956,21282,383238,4196
2021-10-06,San Francisco,075,870044,51573,2172,53745,659
2021-10-06,San Joaquin,077,732212,96496,5130,101626,1779
2021-10-06,San Luis Obispo,079,281455,28604,1154,29758,330
2021-10-06,San Mateo,081,765935,52921,796,53717,586
2021-10-06,Santa Barbara,083,443738,43141,1484,44625,516
2021-10-06,Santa Clara,085,1922200,143343,1167,144510,1888
2021-10-06,Santa Cruz,087,273765,19860,971,20831,218
2021-10-06,Shasta,089,179085,19769,3272,23041,325
2021-10-06,Sierra,091,2930,156,15,171,1
2021-10-06,Siskiyou,093,43540,3219,1172,4391,49
2021-10-06,Solano,095,438530,44932,1174,46106,345
2021-10-06,Sonoma,097,501317,40101,495,40596,402
2021-10-06,Stanislaus,099,539301,74888,8364,83252,1247
2021-10-06,Sutter,101,95872,13368,283,13651,170
2021-10-06,Tehama,103,63373,7817,1298,9115,124
2021-10-06,Trinity,105,12862,800,199,999,16
2021-10-06,Tulare,107,460477,64727,13457,78184,1075
2021-10-06,Tuolumne,109,53932,6586,81,6667,110
2021-10-06,Ventura,111,848112,96215,4161,100376,1167
2021-10-06,Yolo,113,214977,19090,890,19980,276
2021-10-06,Yuba,115,75493,9649,228,9877,83
2021-10-05,Alameda,001,1643700,116410,2619,119029,1459
2021-10-05,Alpine,002,1148,99,0,99,0
2021-10-05,Amador,005,37829,5274,54,5328,63
2021-10-05,Butte,007,227075,19589,3624,23213,287
2021-10-05,Calaveras,009,45235,3718,43,3761,79
2021-10-05,Colusa,011,21464,2439,563,3002,19
2021-10-05,Contra Costa,013,1133247,96828,2010,98838,1014
2021-10-05,Del Norte,015,27424,3575,43,3618,38
2021-10-05,El Dorado,017,186661,15341,1597,16938,155
2021-10-05,Fresno,019,978130,132036,11821,143857,2099
2021-10-05,Glenn,021,27897,3324,956,4280,36
2021-10-05,Humboldt,023,135768,8547,444,8991,106
2021-10-05,Imperial,025,180216,32208,2996,35204,767
2021-10-05,Inyo,027,18085,1859,36,1895,40
2021-10-05,Kern,029,883053,121057,19493,140550,1662
2021-10-05,Kings,031,150075,30307,1733,32040,318
2021-10-05,Lake,033,64148,6377,122,6499,107
2021-10-05,Lassen,035,31185,6537,302,6839,38
2021-10-05,Los Angeles,037,10098052,1413692,51475,1465167,26313
2021-10-05,Madera,039,155013,21610,1802,23412,287
2021-10-05,Marin,041,260295,8706,357,9063,193
2021-10-05,Mariposa,043,17540,1073,33,1106,15
2021-10-05,Mendocino,045,87422,7095,408,7503,87
2021-10-05,Merced,047,269075,39917,1606,41523,600
2021-10-05,Modoc,049,8938,486,170,656,5
2021-10-05,Mono,051,14174,1603,20,1623,4
2021-10-05,Monterey,053,433212,47971,2657,50628,619
2021-10-05,Napa,055,140530,12608,95,12703,96
2021-10-05,Nevada,057,99092,8669,299,8968,96
2021-10-05,Orange,059,3164182,301147,14285,315432,5705
2021-10-05,Placer,061,380077,35283,3369,38652,428
2021-10-05,Plumas,063,18699,1466,25,1491,9
2021-10-05,Riverside,065,2383286,353722,15908,369630,5189
2021-10-05,Sacramento,067,1510023,152248,4058,156306,2236
2021-10-05,San Benito,069,59416,7123,148,7271,68
2021-10-05,San Bernardino,071,2135413,345194,10727,355921,5963
2021-10-05,San Diego,073,3302833,361381,21255,382636,4190
2021-10-05,San Francisco,075,870044,51474,2169,53643,659
2021-10-05,San Joaquin,077,732212,96343,5104,101447,1775
2021-10-05,San Luis Obispo,079,281455,28560,1152,29712,330
2021-10-05,San Mateo,081,765935,52874,796,53670,586
2021-10-05,Santa Barbara,083,443738,43063,1480,44543,514
2021-10-05,Santa Clara,085,1922200,143181,1160,144341,1888
2021-10-05,Santa Cruz,087,273765,19818,971,20789,218
2021-10-05,Shasta,089,179085,19695,3259,22954,321
2021-10-05,Sierra,091,2930,152,15,167,1
2021-10-05,Siskiyou,093,43540,3205,1172,4377,49
2021-10-05,Solano,095,438530,44860,1173,46033,344
2021-10-05,Sonoma,097,501317,40046,490,40536,402
2021-10-05,Stanislaus,099,539301,74726,8347,83073,1240
2021-10-05,Sutter,101,95872,13340,282,13622,170
2021-10-05,Tehama,103,63373,7789,1289,9078,121
2021-10-05,Trinity,105,12862,797,199,996,16
2021-10-05,Tulare,107,460477,64521,13404,77925,1070
2021-10-05,Tuolumne,109,53932,6570,80,6650,110
2021-10-05,Ventura,111,848112,96109,4160,100269,1167
2021-10-05,Yolo,113,214977,19054,884,19938,276
2021-10-05,Yuba,115,75493,9617,225,9842,83
2021-10-04,Alameda,001,1643700,116249,2616,118865,1457
2021-10-04,Alpine,002,1148,99,0,99,0
2021-10-04,Amador,005,37829,5264,53,5317,63
2021-10-04,Butte,007,227075,19512,3613,23125,286
2021-10-04,Calaveras,009,45235,3709,43,3752,79
2021-10-04,Colusa,011,21464,2438,561,2999,19
2021-10-04,Contra Costa,013,1133247,96686,2005,98691,1013
2021-10-04,Del Norte,015,27424,3573,39,3612,38
2021-10-04,El Dorado,017,186661,15295,1590,16885,155
2021-10-04,Fresno,019,978130,131727,11792,143519,2097
2021-10-04,Glenn,021,27897,3317,953,4270,36
2021-10-04,Humboldt,023,135768,8515,437,8952,105
2021-10-04,Imperial,025,180216,32159,2989,35148,767
2021-10-04,Inyo,027,18085,1847,34,1881,40
2021-10-04,Kern,029,883053,120766,19373,140139,1658
2021-10-04,Kings,031,150075,30213,1730,31943,318
2021-10-04,Lake,033,64148,6364,122,6486,106
2021-10-04,Lassen,035,31185,6520,302,6822,37
2021-10-04,Los Angeles,037,10098052,1412571,51420,1463991,26291
2021-10-04,Madera,039,155013,21546,1790,23336,286
2021-10-04,Marin,041,260295,8690,356,9046,193
2021-10-04,Mariposa,043,17540,1061,33,1094,15
2021-10-04,Mendocino,045,87422,7077,405,7482,87
2021-10-04,Merced,047,269075,39800,1590,41390,600
2021-10-04,Modoc,049,8938,483,170,653,5
2021-10-04,Mono,051,14174,1595,20,1615,4
2021-10-04,Monterey,053,433212,47950,2650,50600,618
2021-10-04,Napa,055,140530,12585,95,12680,96
2021-10-04,Nevada,057,99092,8649,299,8948,96
2021-10-04,Orange,059,3164182,300852,14253,315105,5699
2021-10-04,Placer,061,380077,35201,3341,38542,424
2021-10-04,Plumas,063,18699,1444,25,1469,9
2021-10-04,Riverside,065,2383286,353342,15898,369240,5179
2021-10-04,Sacramento,067,1510023,151924,4031,155955,2232
2021-10-04,San Benito,069,59416,7110,148,7258,68
2021-10-04,San Bernardino,071,2135413,344833,10716,355549,5949
2021-10-04,San Diego,073,3302833,360815,21224,382039,4187
2021-10-04,San Francisco,075,870044,51379,2165,53544,659
2021-10-04,San Joaquin,077,732212,96146,5084,101230,1771
2021-10-04,San Luis Obispo,079,281455,28515,1146,29661,330
2021-10-04,San Mateo,081,765935,52814,795,53609,585
2021-10-04,Santa Barbara,083,443738,42978,1479,44457,514
2021-10-04,Santa Clara,085,1922200,143034,1154,144188,1885
2021-10-04,Santa Cruz,087,273765,19789,970,20759,218
2021-10-04,Shasta,089,179085,19588,3245,22833,318
2021-10-04,Sierra,091,2930,145,14,159,1
2021-10-04,Siskiyou,093,43540,3196,1157,4353,48
2021-10-04,Solano,095,438530,44801,1169,45970,343
2021-10-04,Sonoma,097,501317,39980,490,40470,402
2021-10-04,Stanislaus,099,539301,74575,8328,82903,1237
2021-10-04,Sutter,101,95872,13311,281,13592,169
2021-10-04,Tehama,103,63373,7748,1283,9031,120
2021-10-04,Trinity,105,12862,796,198,994,16
2021-10-04,Tulare,107,460477,64336,13336,77672,1062
2021-10-04,Tuolumne,109,53932,6544,80,6624,110
2021-10-04,Ventura,111,848112,96018,4154,100172,1166
2021-10-04,Yolo,113,214977,19010,880,19890,275
2021-10-04,Yuba,115,75493,9578,223,9801,83
2021-10-03,Alameda,001,1643700,116106,2606,118712,1455
2021-10-03,Alpine,002,1148,99,0,99,0
2021-10-03,Amador,005,37829,5246,51,5297,63
2021-10-03,Butte,007,227075,19439,3594,23033,286
2021-10-03,Calaveras,009,45235,3692,43,3735,78
2021-10-03,Colusa,011,21464,2436,558,2994,19
2021-10-03,Contra Costa,013,1133247,96553,1999,98552,1009
2021-10-03,Del Norte,015,27424,3567,38,3605,38
2021-10-03,El Dorado,017,186661,15236,1583,16819,155
2021-10-03,Fresno,019,978130,131346,11752,143098,2094
2021-10-03,Glenn,021,27897,3310,945,4255,36
2021-10-03,Humboldt,023,135768,8469,433,8902,105
2021-10-03,Imperial,025,180216,32092,2981,35073,767
2021-10-03,Inyo,027,18085,1826,34,1860,39
2021-10-03,Kern,029,883053,120461,19251,139712,1651
2021-10-03,Kings,031,150075,30115,1723,31838,317
2021-10-03,Lake,033,64148,6338,122,6460,106
2021-10-03,Lassen,035,31185,6498,300,6798,37
2021-10-03,Los Angeles,037,10098052,1411311,51367,1462678,26275
2021-10-03,Madera,039,155013,21474,1780,23254,285
2021-10-03,Marin,041,260295,8667,351,9018,193
2021-10-03,Mariposa,043,17540,1054,33,1087,15
2021-10-03,Mendocino,045,87422,7057,397,7454,87
2021-10-03,Merced,047,269075,39693,1570,41263,599
2021-10-03,Modoc,049,8938,482,169,651,5
2021-10-03,Mono,051,14174,1591,20,1611,4
2021-10-03,Monterey,053,433212,47925,2639,50564,618
2021-10-03,Napa,055,140530,12556,93,12649,96
2021-10-03,Nevada,057,99092,8615,299,8914,96
2021-10-03,Orange,059,3164182,300569,14233,314802,5696
2021-10-03,Placer,061,380077,35061,3325,38386,423
2021-10-03,Plumas,063,18699,1416,25,1441,9
2021-10-03,Riverside,065,2383286,352912,15878,368790,5171
2021-10-03,Sacramento,067,1510023,151635,4002,155637,2227
2021-10-03,San Benito,069,59416,7101,148,7249,68
2021-10-03,San Bernardino,071,2135413,344415,10709,355124,5945
2021-10-03,San Diego,073,3302833,360235,21191,381426,4180
2021-10-03,San Francisco,075,870044,51294,2162,53456,658
2021-10-03,San Joaquin,077,732212,95958,5076,101034,1766
2021-10-03,San Luis Obispo,079,281455,28449,1141,29590,330
2021-10-03,San Mateo,081,765935,52747,794,53541,585
2021-10-03,Santa Barbara,083,443738,42882,1471,44353,513
2021-10-03,Santa Clara,085,1922200,142863,1147,144010,1884
2021-10-03,Santa Cruz,087,273765,19749,968,20717,218
2021-10-03,Shasta,089,179085,19483,3217,22700,316
2021-10-03,Sierra,091,2930,142,14,156,1
2021-10-03,Siskiyou,093,43540,3183,1147,4330,48
2021-10-03,Solano,095,438530,44739,1166,45905,343
2021-10-03,Sonoma,097,501317,39914,490,40404,402
2021-10-03,Stanislaus,099,539301,74387,8310,82697,1234
2021-10-03,Sutter,101,95872,13296,277,13573,169
2021-10-03,Tehama,103,63373,7706,1278,8984,120
2021-10-03,Trinity,105,12862,792,196,988,16
2021-10-03,Tulare,107,460477,64131,13264,77395,1055
2021-10-03,Tuolumne,109,53932,6515,78,6593,109
2021-10-03,Ventura,111,848112,95912,4151,100063,1166
2021-10-03,Yolo,113,214977,18980,874,19854,275
2021-10-03,Yuba,115,75493,9561,222,9783,83
2021-10-02,Alameda,001,1643700,115998,2601,118599,1454
2021-10-02,Alpine,002,1148,99,0,99,0
2021-10-02,Amador,005,37829,5237,51,5288,63
2021-10-02,Butte,007,227075,19409,3586,22995,284
2021-10-02,Calaveras,009,45235,3685,43,3728,78
2021-10-02,Colusa,011,21464,2435,556,2991,19
2021-10-02,Contra Costa,013,1133247,96482,1995,98477,1006
2021-10-02,Del Norte,015,27424,3562,38,3600,38
2021-10-02,El Dorado,017,186661,15210,1582,16792,155
2021-10-02,Fresno,019,978130,131176,11739,142915,2090
2021-10-02,Glenn,021,27897,3305,945,4250,36
2021-10-02,Humboldt,023,135768,8451,433,8884,104
2021-10-02,Imperial,025,180216,32057,2978,35035,767
2021-10-02,Inyo,027,18085,1817,34,1851,39
2021-10-02,Kern,029,883053,120328,19170,139498,1647
2021-10-02,Kings,031,150075,30066,1719,31785,317
2021-10-02,Lake,033,64148,6329,122,6451,105
2021-10-02,Lassen,035,31185,6493,300,6793,35
2021-10-02,Los Angeles,037,10098052,1410699,51331,1462030,26260
2021-10-02,Madera,039,155013,21449,1771,23220,285
2021-10-02,Marin,041,260295,8662,348,9010,193
2021-10-02,Mariposa,043,17540,1052,33,1085,15
2021-10-02,Mendocino,045,87422,7047,397,7444,86
2021-10-02,Merced,047,269075,39666,1566,41232,598
2021-10-02,Modoc,049,8938,480,169,649,5
2021-10-02,Mono,051,14174,1589,20,1609,4
2021-10-02,Monterey,053,433212,47870,2638,50508,617
2021-10-02,Napa,055,140530,12545,93,12638,96
2021-10-02,Nevada,057,99092,8604,298,8902,96
2021-10-02,Orange,059,3164182,300402,14213,314615,5693
2021-10-02,Placer,061,380077,34994,3316,38310,418
2021-10-02,Plumas,063,18699,1405,25,1430,9
2021-10-02,Riverside,065,2383286,352671,15867,368538,5164
2021-10-02,Sacramento,067,1510023,151462,3994,155456,2223
2021-10-02,San Benito,069,59416,7094,148,7242,68
2021-10-02,San Bernardino,071,2135413,344228,10658,354886,5938
2021-10-02,San Diego,073,3302833,359918,21169,381087,4171
2021-10-02,San Francisco,075,870044,51245,2157,53402,657
2021-10-02,San Joaquin,077,732212,95894,5070,100964,1762
2021-10-02,San Luis Obispo,079,281455,28425,1141,29566,330
2021-10-02,San Mateo,081,765935,52706,790,53496,585
2021-10-02,Santa Barbara,083,443738,42842,1471,44313,513
2021-10-02,Santa Clara,085,1922200,142749,1143,143892,1881
2021-10-02,Santa Cruz,087,273765,19732,967,20699,218
2021-10-02,Shasta,089,179085,19437,3211,22648,314
2021-10-02,Sierra,091,2930,141,14,155,1
2021-10-02,Siskiyou,093,43540,3182,1144,4326,47
2021-10-02,Solano,095,438530,44695,1165,45860,343
2021-10-02,Sonoma,097,501317,39880,489,40369,402
2021-10-02,Stanislaus,099,539301,74301,8297,82598,1234
2021-10-02,Sutter,101,95872,13287,276,13563,169
2021-10-02,Tehama,103,63373,7691,1278,8969,119
2021-10-02,Trinity,105,12862,789,196,985,16
2021-10-02,Tulare,107,460477,64053,13238,77291,1053
2021-10-02,Tuolumne,109,53932,6501,78,6579,109
2021-10-02,Ventura,111,848112,95840,4146,99986,1165
2021-10-02,Yolo,113,214977,18953,872,19825,274
2021-10-02,Yuba,115,75493,9542,221,9763,83
2021-10-01,Alameda,001,1643700,115921,2595,118516,1450
2021-10-01,Alpine,002,1148,99,0,99,0
2021-10-01,Amador,005,37829,5217,51,5268,62
2021-10-01,Butte,007,227075,19369,3579,22948,281
2021-10-01,Calaveras,009,45235,3675,43,3718,78
2021-10-01,Colusa,011,21464,2433,556,2989,19
2021-10-01,Contra Costa,013,1133247,96386,1991,98377,1005
2021-10-01,Del Norte,015,27424,3559,37,3596,38
2021-10-01,El Dorado,017,186661,15193,1578,16771,154
2021-10-01,Fresno,019,978130,130987,11729,142716,2083
2021-10-01,Glenn,021,27897,3303,944,4247,35
2021-10-01,Humboldt,023,135768,8434,433,8867,101
2021-10-01,Imperial,025,180216,32038,2969,35007,767
2021-10-01,Inyo,027,18085,1808,34,1842,39
2021-10-01,Kern,029,883053,120175,19114,139289,1643
2021-10-01,Kings,031,150075,30032,1714,31746,313
2021-10-01,Lake,033,64148,6319,122,6441,105
2021-10-01,Lassen,035,31185,6482,299,6781,35
2021-10-01,Los Angeles,037,10098052,1409934,51288,1461222,26234
2021-10-01,Madera,039,155013,21399,1762,23161,284
2021-10-01,Marin,041,260295,8647,347,8994,193
2021-10-01,Mariposa,043,17540,1045,33,1078,14
2021-10-01,Mendocino,045,87422,7035,397,7432,85
2021-10-01,Merced,047,269075,39622,1558,41180,597
2021-10-01,Modoc,049,8938,479,169,648,5
2021-10-01,Mono,051,14174,1586,20,1606,4
2021-10-01,Monterey,053,433212,47849,2635,50484,616
2021-10-01,Napa,055,140530,12535,92,12627,96
2021-10-01,Nevada,057,99092,8590,297,8887,96
2021-10-01,Orange,059,3164182,300217,14192,314409,5684
2021-10-01,Placer,061,380077,34960,3312,38272,417
2021-10-01,Plumas,063,18699,1396,25,1421,8
2021-10-01,Riverside,065,2383286,352381,15860,368241,5155
2021-10-01,Sacramento,067,1510023,151309,3984,155293,2218
2021-10-01,San Benito,069,59416,7092,146,7238,68
2021-10-01,San Bernardino,071,2135413,344028,10655,354683,5928
2021-10-01,San Diego,073,3302833,359558,21147,380705,4166
2021-10-01,San Francisco,075,870044,51204,2156,53360,656
2021-10-01,San Joaquin,077,732212,95823,5066,100889,1756
2021-10-01,San Luis Obispo,079,281455,28401,1138,29539,329
2021-10-01,San Mateo,081,765935,52666,787,53453,585
2021-10-01,Santa Barbara,083,443738,42806,1471,44277,513
2021-10-01,Santa Clara,085,1922200,142656,1138,143794,1881
2021-10-01,Santa Cruz,087,273765,19712,966,20678,217
2021-10-01,Shasta,089,179085,19383,3204,22587,310
2021-10-01,Sierra,091,2930,141,14,155,1
2021-10-01,Siskiyou,093,43540,3181,1141,4322,47
2021-10-01,Solano,095,438530,44642,1159,45801,342
2021-10-01,Sonoma,097,501317,39848,488,40336,401
2021-10-01,Stanislaus,099,539301,74217,8286,82503,1230
2021-10-01,Sutter,101,95872,13271,274,13545,169
2021-10-01,Tehama,103,63373,7679,1276,8955,117
2021-10-01,Trinity,105,12862,787,196,983,16
2021-10-01,Tulare,107,460477,63949,13203,77152,1052
2021-10-01,Tuolumne,109,53932,6484,78,6562,109
2021-10-01,Ventura,111,848112,95774,4141,99915,1165
2021-10-01,Yolo,113,214977,18930,870,19800,273
2021-10-01,Yuba,115,75493,9520,221,9741,83
2021-09-30,Alameda,001,1643700,115776,2591,118367,1449
2021-09-30,Alpine,002,1148,99,0,99,0
2021-09-30,Amador,005,37829,5205,51,5256,62
2021-09-30,Butte,007,227075,19320,3570,22890,279
2021-09-30,Calaveras,009,45235,3661,43,3704,78
2021-09-30,Colusa,011,21464,2430,555,2985,19
2021-09-30,Contra Costa,013,1133247,96281,1986,98267,1004
2021-09-30,Del Norte,015,27424,3555,34,3589,38
2021-09-30,El Dorado,017,186661,15167,1570,16737,152
2021-09-30,Fresno,019,978130,130709,11695,142404,2075
2021-09-30,Glenn,021,27897,3293,941,4234,35
2021-09-30,Humboldt,023,135768,8402,427,8829,101
2021-09-30,Imperial,025,180216,31986,2967,34953,767
2021-09-30,Inyo,027,18085,1798,34,1832,39
2021-09-30,Kern,029,883053,119931,19032,138963,1636
2021-09-30,Kings,031,150075,29942,1710,31652,312
2021-09-30,Lake,033,64148,6301,122,6423,105
2021-09-30,Lassen,035,31185,6468,299,6767,34
2021-09-30,Los Angeles,037,10098052,1408725,51229,1459954,26214
2021-09-30,Madera,039,155013,21316,1747,23063,283
2021-09-30,Marin,041,260295,8627,346,8973,193
2021-09-30,Mariposa,043,17540,1023,33,1056,14
2021-09-30,Mendocino,045,87422,7026,388,7414,85
2021-09-30,Merced,047,269075,39526,1553,41079,595
2021-09-30,Modoc,049,8938,479,168,647,5
2021-09-30,Mono,051,14174,1578,20,1598,4
2021-09-30,Monterey,053,433212,47819,2624,50443,616
2021-09-30,Napa,055,140530,12515,92,12607,96
2021-09-30,Nevada,057,99092,8573,296,8869,96
2021-09-30,Orange,059,3164182,299944,14154,314098,5678
2021-09-30,Placer,061,380077,34905,3292,38197,414
2021-09-30,Plumas,063,18699,1378,25,1403,8
2021-09-30,Riverside,065,2383286,351949,15839,367788,5149
2021-09-30,Sacramento,067,1510023,151048,3958,155006,2214
2021-09-30,San Benito,069,59416,7086,146,7232,68
2021-09-30,San Bernardino,071,2135413,343715,10641,354356,5921
2021-09-30,San Diego,073,3302833,359077,21121,380198,4160
2021-09-30,San Francisco,075,870044,51127,2152,53279,656
2021-09-30,San Joaquin,077,732212,95691,5058,100749,1755
2021-09-30,San Luis Obispo,079,281455,28353,1134,29487,328
2021-09-30,San Mateo,081,765935,52617,784,53401,584
2021-09-30,Santa Barbara,083,443738,42749,1470,44219,513
2021-09-30,Santa Clara,085,1922200,142507,1135,143642,1880
2021-09-30,Santa Cruz,087,273765,19672,965,20637,217
2021-09-30,Shasta,089,179085,19321,3189,22510,306
2021-09-30,Sierra,091,2930,140,14,154,1
2021-09-30,Siskiyou,093,43540,3173,1136,4309,47
2021-09-30,Solano,095,438530,44588,1156,45744,342
2021-09-30,Sonoma,097,501317,39798,488,40286,398
2021-09-30,Stanislaus,099,539301,74057,8267,82324,1228
2021-09-30,Sutter,101,95872,13250,274,13524,169
2021-09-30,Tehama,103,63373,7641,1264,8905,116
2021-09-30,Trinity,105,12862,783,196,979,16
2021-09-30,Tulare,107,460477,63774,13146,76920,1048
2021-09-30,Tuolumne,109,53932,6461,78,6539,109
2021-09-30,Ventura,111,848112,95669,4134,99803,1163
2021-09-30,Yolo,113,214977,18890,867,19757,273
2021-09-30,Yuba,115,75493,9497,220,9717,83
2021-09-29,Alameda,001,1643700,115630,2588,118218,1448
2021-09-29,Alpine,002,1148,99,0,99,0
2021-09-29,Amador,005,37829,5183,51,5234,62
2021-09-29,Butte,007,227075,19266,3563,22829,275
2021-09-29,Calaveras,009,45235,3644,42,3686,78
2021-09-29,Colusa,011,21464,2428,555,2983,19
2021-09-29,Contra Costa,013,1133247,96166,1978,98144,1003
2021-09-29,Del Norte,015,27424,3549,34,3583,38
2021-09-29,El Dorado,017,186661,15133,1563,16696,151
2021-09-29,Fresno,019,978130,130408,11671,142079,2071
2021-09-29,Glenn,021,27897,3288,939,4227,35
2021-09-29,Humboldt,023,135768,8379,426,8805,100
2021-09-29,Imperial,025,180216,31921,2962,34883,767
2021-09-29,Inyo,027,18085,1788,33,1821,39
2021-09-29,Kern,029,883053,119696,18956,138652,1632
2021-09-29,Kings,031,150075,29860,1695,31555,311
2021-09-29,Lake,033,64148,6281,122,6403,105
2021-09-29,Lassen,035,31185,6454,299,6753,33
2021-09-29,Los Angeles,037,10098052,1407502,51161,1458663,26202
2021-09-29,Madera,039,155013,21271,1731,23002,281
2021-09-29,Marin,041,260295,8609,344,8953,193
2021-09-29,Mariposa,043,17540,1008,33,1041,14
2021-09-29,Mendocino,045,87422,7014,380,7394,85
2021-09-29,Merced,047,269075,39433,1542,40975,594
2021-09-29,Modoc,049,8938,477,168,645,5
2021-09-29,Mono,051,14174,1576,20,1596,3
2021-09-29,Monterey,053,433212,47781,2610,50391,616
2021-09-29,Napa,055,140530,12495,89,12584,96
2021-09-29,Nevada,057,99092,8560,296,8856,96
2021-09-29,Orange,059,3164182,299674,14116,313790,5673
2021-09-29,Placer,061,380077,34841,3270,38111,410
2021-09-29,Plumas,063,18699,1359,25,1384,8
2021-09-29,Riverside,065,2383286,351511,15826,367337,5143
2021-09-29,Sacramento,067,1510023,150797,3948,154745,2205
2021-09-29,San Benito,069,59416,7075,146,7221,68
2021-09-29,San Bernardino,071,2135413,343395,10626,354021,5914
2021-09-29,San Diego,073,3302833,358590,21091,379681,4155
2021-09-29,San Francisco,075,870044,51042,2148,53190,656
2021-09-29,San Joaquin,077,732212,95533,5036,100569,1753
2021-09-29,San Luis Obispo,079,281455,28307,1128,29435,327
2021-09-29,San Mateo,081,765935,52557,782,53339,584
2021-09-29,Santa Barbara,083,443738,42677,1467,44144,512
2021-09-29,Santa Clara,085,1922200,142371,1130,143501,1878
2021-09-29,Santa Cruz,087,273765,19654,964,20618,217
2021-09-29,Shasta,089,179085,19255,3178,22433,303
2021-09-29,Sierra,091,2930,136,14,150,1
2021-09-29,Siskiyou,093,43540,3160,1129,4289,46
2021-09-29,Solano,095,438530,44532,1149,45681,341
2021-09-29,Sonoma,097,501317,39737,486,40223,398
2021-09-29,Stanislaus,099,539301,73926,8256,82182,1224
2021-09-29,Sutter,101,95872,13223,271,13494,169
2021-09-29,Tehama,103,63373,7611,1250,8861,114
2021-09-29,Trinity,105,12862,779,196,975,15
2021-09-29,Tulare,107,460477,63597,13087,76684,1046
2021-09-29,Tuolumne,109,53932,6444,78,6522,108
2021-09-29,Ventura,111,848112,95579,4130,99709,1163
2021-09-29,Yolo,113,214977,18856,863,19719,272
2021-09-29,Yuba,115,75493,9466,216,9682,83
2021-09-28,Alameda,001,1643700,115472,2582,118054,1446
2021-09-28,Alpine,002,1148,99,0,99,0
2021-09-28,Amador,005,37829,5161,51,5212,62
2021-09-28,Butte,007,227075,19217,3547,22764,275
2021-09-28,Calaveras,009,45235,3624,42,3666,78
2021-09-28,Colusa,011,21464,2425,553,2978,19
2021-09-28,Contra Costa,013,1133247,96025,1973,97998,1002
2021-09-28,Del Norte,015,27424,3546,34,3580,38
2021-09-28,El Dorado,017,186661,15087,1559,16646,151
2021-09-28,Fresno,019,978130,130062,11636,141698,2064
2021-09-28,Glenn,021,27897,3283,938,4221,35
2021-09-28,Humboldt,023,135768,8339,423,8762,99
2021-09-28,Imperial,025,180216,31876,2958,34834,767
2021-09-28,Inyo,027,18085,1774,32,1806,39
2021-09-28,Kern,029,883053,119427,18861,138288,1630
2021-09-28,Kings,031,150075,29758,1687,31445,311
2021-09-28,Lake,033,64148,6266,122,6388,105
2021-09-28,Lassen,035,31185,6448,295,6743,33
2021-09-28,Los Angeles,037,10098052,1406213,51095,1457308,26182
2021-09-28,Madera,039,155013,21217,1716,22933,281
2021-09-28,Marin,041,260295,8590,342,8932,193
2021-09-28,Mariposa,043,17540,1003,33,1036,14
2021-09-28,Mendocino,045,87422,6992,378,7370,85
2021-09-28,Merced,047,269075,39346,1529,40875,593
2021-09-28,Modoc,049,8938,476,168,644,5
2021-09-28,Mono,051,14174,1566,20,1586,3
2021-09-28,Monterey,053,433212,47744,2601,50345,616
2021-09-28,Napa,055,140530,12478,88,12566,96
2021-09-28,Nevada,057,99092,8537,295,8832,95
2021-09-28,Orange,059,3164182,299418,14084,313502,5663
2021-09-28,Placer,061,380077,34776,3252,38028,408
2021-09-28,Plumas,063,18699,1350,25,1375,8
2021-09-28,Riverside,065,2383286,351052,15805,366857,5133
2021-09-28,Sacramento,067,1510023,150506,3926,154432,2200
2021-09-28,San Benito,069,59416,7058,145,7203,68
2021-09-28,San Bernardino,071,2135413,343048,10608,353656,5903
2021-09-28,San Diego,073,3302833,358042,21059,379101,4147
2021-09-28,San Francisco,075,870044,50940,2147,53087,655
2021-09-28,San Joaquin,077,732212,95381,5023,100404,1750
2021-09-28,San Luis Obispo,079,281455,28273,1123,29396,326
2021-09-28,San Mateo,081,765935,52512,782,53294,584
2021-09-28,Santa Barbara,083,443738,42604,1466,44070,509
2021-09-28,Santa Clara,085,1922200,142210,1121,143331,1878
2021-09-28,Santa Cruz,087,273765,19613,963,20576,217
2021-09-28,Shasta,089,179085,19194,3164,22358,299
2021-09-28,Sierra,091,2930,135,13,148,1
2021-09-28,Siskiyou,093,43540,3148,1126,4274,46
2021-09-28,Solano,095,438530,44459,1146,45605,341
2021-09-28,Sonoma,097,501317,39690,485,40175,398
2021-09-28,Stanislaus,099,539301,73755,8244,81999,1217
2021-09-28,Sutter,101,95872,13204,267,13471,168
2021-09-28,Tehama,103,63373,7593,1235,8828,114
2021-09-28,Trinity,105,12862,776,196,972,15
2021-09-28,Tulare,107,460477,63435,13029,76464,1039
2021-09-28,Tuolumne,109,53932,6417,78,6495,108
2021-09-28,Ventura,111,848112,95452,4127,99579,1162
2021-09-28,Yolo,113,214977,18830,859,19689,272
2021-09-28,Yuba,115,75493,9447,215,9662,82
2021-09-27,Alameda,001,1643700,115278,2573,117851,1445
2021-09-27,Alpine,002,1148,99,0,99,0
2021-09-27,Amador,005,37829,5147,51,5198,62
2021-09-27,Butte,007,227075,19157,3529,22686,273
2021-09-27,Calaveras,009,45235,3604,41,3645,77
2021-09-27,Colusa,011,21464,2424,552,2976,19
2021-09-27,Contra Costa,013,1133247,95893,1965,97858,1001
2021-09-27,Del Norte,015,27424,3544,32,3576,38
2021-09-27,El Dorado,017,186661,15048,1552,16600,150
2021-09-27,Fresno,019,978130,129740,11603,141343,2052
2021-09-27,Glenn,021,27897,3270,934,4204,35
2021-09-27,Humboldt,023,135768,8299,423,8722,99
2021-09-27,Imperial,025,180216,31813,2951,34764,767
2021-09-27,Inyo,027,18085,1762,32,1794,39
2021-09-27,Kern,029,883053,119152,18766,137918,1626
2021-09-27,Kings,031,150075,29659,1675,31334,310
2021-09-27,Lake,033,64148,6246,121,6367,105
2021-09-27,Lassen,035,31185,6433,291,6724,32
2021-09-27,Los Angeles,037,10098052,1404876,51027,1455903,26164
2021-09-27,Madera,039,155013,21152,1708,22860,281
2021-09-27,Marin,041,260295,8569,341,8910,193
2021-09-27,Mariposa,043,17540,993,33,1026,12
2021-09-27,Mendocino,045,87422,6966,371,7337,84
2021-09-27,Merced,047,269075,39246,1523,40769,589
2021-09-27,Modoc,049,8938,475,166,641,5
2021-09-27,Mono,051,14174,1554,20,1574,3
2021-09-27,Monterey,053,433212,47701,2590,50291,615
2021-09-27,Napa,055,140530,12454,87,12541,96
2021-09-27,Nevada,057,99092,8514,292,8806,95
2021-09-27,Orange,059,3164182,299111,14046,313157,5655
2021-09-27,Placer,061,380077,34689,3247,37936,407
2021-09-27,Plumas,063,18699,1340,25,1365,8
2021-09-27,Riverside,065,2383286,350609,15795,366404,5124
2021-09-27,Sacramento,067,1510023,150190,3903,154093,2198
2021-09-27,San Benito,069,59416,7041,145,7186,68
2021-09-27,San Bernardino,071,2135413,342633,10584,353217,5898
2021-09-27,San Diego,073,3302833,357390,21034,378424,4142
2021-09-27,San Francisco,075,870044,50856,2144,53000,655
2021-09-27,San Joaquin,077,732212,95196,5020,100216,1744
2021-09-27,San Luis Obispo,079,281455,28218,1120,29338,326
2021-09-27,San Mateo,081,765935,52436,782,53218,584
2021-09-27,Santa Barbara,083,443738,42537,1462,43999,509
2021-09-27,Santa Clara,085,1922200,142029,1111,143140,1874
2021-09-27,Santa Cruz,087,273765,19589,962,20551,217
2021-09-27,Shasta,089,179085,19113,3137,22250,296
2021-09-27,Sierra,091,2930,135,13,148,1
2021-09-27,Siskiyou,093,43540,3136,1121,4257,46
2021-09-27,Solano,095,438530,44383,1141,45524,341
2021-09-27,Sonoma,097,501317,39636,485,40121,397
2021-09-27,Stanislaus,099,539301,73601,8224,81825,1214
2021-09-27,Sutter,101,95872,13173,264,13437,167
2021-09-27,Tehama,103,63373,7553,1226,8779,113
2021-09-27,Trinity,105,12862,765,195,960,15
2021-09-27,Tulare,107,460477,63234,12958,76192,1035
2021-09-27,Tuolumne,109,53932,6395,78,6473,107
2021-09-27,Ventura,111,848112,95328,4123,99451,1161
2021-09-27,Yolo,113,214977,18795,859,19654,272
2021-09-27,Yuba,115,75493,9410,211,9621,80
2021-09-26,Alameda,001,1643700,115084,2566,117650,1442
2021-09-26,Alpine,002,1148,99,0,99,0
2021-09-26,Amador,005,37829,5115,50,5165,62
2021-09-26,Butte,007,227075,19082,3509,22591,273
2021-09-26,Calaveras,009,45235,3582,41,3623,75
2021-09-26,Colusa,011,21464,2419,550,2969,19
2021-09-26,Contra Costa,013,1133247,95718,1952,97670,998
2021-09-26,Del Norte,015,27424,3539,31,3570,38
2021-09-26,El Dorado,017,186661,15006,1544,16550,150
2021-09-26,Fresno,019,978130,129381,11556,140937,2051
2021-09-26,Glenn,021,27897,3262,930,4192,35
2021-09-26,Humboldt,023,135768,8262,422,8684,99
2021-09-26,Imperial,025,180216,31752,2950,34702,766
2021-09-26,Inyo,027,18085,1747,32,1779,39
2021-09-26,Kern,029,883053,118813,18656,137469,1620
2021-09-26,Kings,031,150075,29558,1664,31222,309
2021-09-26,Lake,033,64148,6229,121,6350,103
2021-09-26,Lassen,035,31185,6423,286,6709,32
2021-09-26,Los Angeles,037,10098052,1403386,50960,1454346,26146
2021-09-26,Madera,039,155013,21077,1689,22766,281
2021-09-26,Marin,041,260295,8545,341,8886,193
2021-09-26,Mariposa,043,17540,987,33,1020,12
2021-09-26,Mendocino,045,87422,6932,356,7288,84
2021-09-26,Merced,047,269075,39085,1515,40600,588
2021-09-26,Modoc,049,8938,475,165,640,5
2021-09-26,Mono,051,14174,1550,20,1570,3
2021-09-26,Monterey,053,433212,47654,2577,50231,615
2021-09-26,Napa,055,140530,12430,86,12516,96
2021-09-26,Nevada,057,99092,8483,287,8770,95
2021-09-26,Orange,059,3164182,298768,14010,312778,5647
2021-09-26,Placer,061,380077,34595,3238,37833,404
2021-09-26,Plumas,063,18699,1322,25,1347,7
2021-09-26,Riverside,065,2383286,350074,15781,365855,5118
2021-09-26,Sacramento,067,1510023,149784,3884,153668,2190
2021-09-26,San Benito,069,59416,7024,144,7168,68
2021-09-26,San Bernardino,071,2135413,342174,10570,352744,5887
2021-09-26,San Diego,073,3302833,356768,20993,377761,4137
2021-09-26,San Francisco,075,870044,50730,2135,52865,652
2021-09-26,San Joaquin,077,732212,94990,5006,99996,1741
2021-09-26,San Luis Obispo,079,281455,28145,1115,29260,325
2021-09-26,San Mateo,081,765935,52367,780,53147,583
2021-09-26,Santa Barbara,083,443738,42451,1459,43910,509
2021-09-26,Santa Clara,085,1922200,141828,1108,142936,1873
2021-09-26,Santa Cruz,087,273765,19564,962,20526,217
2021-09-26,Shasta,089,179085,19004,3114,22118,295
2021-09-26,Sierra,091,2930,135,13,148,1
2021-09-26,Siskiyou,093,43540,3122,1111,4233,46
2021-09-26,Solano,095,438530,44316,1140,45456,339
2021-09-26,Sonoma,097,501317,39577,485,40062,395
2021-09-26,Stanislaus,099,539301,73401,8196,81597,1213
2021-09-26,Sutter,101,95872,13136,263,13399,167
2021-09-26,Tehama,103,63373,7496,1215,8711,112
2021-09-26,Trinity,105,12862,762,195,957,14
2021-09-26,Tulare,107,460477,63014,12881,75895,1032
2021-09-26,Tuolumne,109,53932,6367,76,6443,107
2021-09-26,Ventura,111,848112,95213,4116,99329,1159
2021-09-26,Yolo,113,214977,18758,852,19610,272
2021-09-26,Yuba,115,75493,9383,211,9594,78
2021-09-25,Alameda,001,1643700,115005,2563,117568,1440
2021-09-25,Alpine,002,1148,99,0,99,0
2021-09-25,Amador,005,37829,5101,50,5151,62
2021-09-25,Butte,007,227075,19053,3501,22554,271
2021-09-25,Calaveras,009,45235,3579,41,3620,75
2021-09-25,Colusa,011,21464,2416,548,2964,19
2021-09-25,Contra Costa,013,1133247,95647,1948,97595,994
2021-09-25,Del Norte,015,27424,3538,31,3569,37
2021-09-25,El Dorado,017,186661,14983,1541,16524,150
2021-09-25,Fresno,019,978130,129237,11540,140777,2047
2021-09-25,Glenn,021,27897,3257,929,4186,35
2021-09-25,Humboldt,023,135768,8243,420,8663,99
2021-09-25,Imperial,025,180216,31725,2950,34675,765
2021-09-25,Inyo,027,18085,1739,32,1771,39
2021-09-25,Kern,029,883053,118658,18589,137247,1618
2021-09-25,Kings,031,150075,29507,1661,31168,307
2021-09-25,Lake,033,64148,6223,120,6343,103
2021-09-25,Lassen,035,31185,6411,285,6696,31
2021-09-25,Los Angeles,037,10098052,1402677,50918,1453595,26129
2021-09-25,Madera,039,155013,21052,1683,22735,280
2021-09-25,Marin,041,260295,8536,339,8875,193
2021-09-25,Mariposa,043,17540,982,33,1015,12
2021-09-25,Mendocino,045,87422,6913,355,7268,84
2021-09-25,Merced,047,269075,39039,1513,40552,586
2021-09-25,Modoc,049,8938,475,165,640,5
2021-09-25,Mono,051,14174,1547,20,1567,3
2021-09-25,Monterey,053,433212,47624,2575,50199,614
2021-09-25,Napa,055,140530,12410,86,12496,96
2021-09-25,Nevada,057,99092,8466,287,8753,95
2021-09-25,Orange,059,3164182,298595,13989,312584,5638
2021-09-25,Placer,061,380077,34530,3236,37766,404
2021-09-25,Plumas,063,18699,1318,25,1343,7
2021-09-25,Riverside,065,2383286,349751,15773,365524,5107
2021-09-25,Sacramento,067,1510023,149609,3876,153485,2184
2021-09-25,San Benito,069,59416,7019,144,7163,68
2021-09-25,San Bernardino,071,2135413,341936,10557,352493,5880
2021-09-25,San Diego,073,3302833,356423,20967,377390,4130
2021-09-25,San Francisco,075,870044,50686,2134,52820,652
2021-09-25,San Joaquin,077,732212,94904,5004,99908,1739
2021-09-25,San Luis Obispo,079,281455,28107,1111,29218,325
2021-09-25,San Mateo,081,765935,52303,778,53081,582
2021-09-25,Santa Barbara,083,443738,42393,1459,43852,508
2021-09-25,Santa Clara,085,1922200,141721,1106,142827,1872
2021-09-25,Santa Cruz,087,273765,19548,960,20508,217
2021-09-25,Shasta,089,179085,18953,3105,22058,293
2021-09-25,Sierra,091,2930,134,13,147,1
2021-09-25,Siskiyou,093,43540,3115,1101,4216,44
2021-09-25,Solano,095,438530,44275,1137,45412,339
2021-09-25,Sonoma,097,501317,39537,485,40022,395
2021-09-25,Stanislaus,099,539301,73291,8182,81473,1209
2021-09-25,Sutter,101,95872,13118,260,13378,165
2021-09-25,Tehama,103,63373,7480,1213,8693,111
2021-09-25,Trinity,105,12862,762,195,957,14
2021-09-25,Tulare,107,460477,62931,12838,75769,1031
2021-09-25,Tuolumne,109,53932,6355,76,6431,106
2021-09-25,Ventura,111,848112,95146,4112,99258,1157
2021-09-25,Yolo,113,214977,18736,851,19587,272
2021-09-25,Yuba,115,75493,9363,211,9574,77
2021-09-24,Alameda,001,1643700,114900,2559,117459,1435
2021-09-24,Alpine,002,1148,99,0,99,0
2021-09-24,Amador,005,37829,5071,50,5121,61
2021-09-24,Butte,007,227075,19001,3490,22491,267
2021-09-24,Calaveras,009,45235,3572,40,3612,75
2021-09-24,Colusa,011,21464,2413,547,2960,19
2021-09-24,Contra Costa,013,1133247,95536,1944,97480,991
2021-09-24,Del Norte,015,27424,3535,31,3566,37
2021-09-24,El Dorado,017,186661,14965,1539,16504,150
2021-09-24,Fresno,019,978130,129039,11528,140567,2035
2021-09-24,Glenn,021,27897,3249,929,4178,35
2021-09-24,Humboldt,023,135768,8224,417,8641,98
2021-09-24,Imperial,025,180216,31687,2948,34635,764
2021-09-24,Inyo,027,18085,1730,32,1762,39
2021-09-24,Kern,029,883053,118522,18523,137045,1611
2021-09-24,Kings,031,150075,29466,1657,31123,305
2021-09-24,Lake,033,64148,6215,120,6335,103
2021-09-24,Lassen,035,31185,6403,284,6687,31
2021-09-24,Los Angeles,037,10098052,1401790,50877,1452667,26104
2021-09-24,Madera,039,155013,21021,1674,22695,279
2021-09-24,Marin,041,260295,8522,338,8860,193
2021-09-24,Mariposa,043,17540,970,33,1003,12
2021-09-24,Mendocino,045,87422,6900,355,7255,84
2021-09-24,Merced,047,269075,38995,1513,40508,584
2021-09-24,Modoc,049,8938,475,164,639,5
2021-09-24,Mono,051,14174,1542,20,1562,3
2021-09-24,Monterey,053,433212,47603,2567,50170,614
2021-09-24,Napa,055,140530,12390,86,12476,95
2021-09-24,Nevada,057,99092,8452,284,8736,95
2021-09-24,Orange,059,3164182,298387,13968,312355,5633
2021-09-24,Placer,061,380077,34475,3224,37699,402
2021-09-24,Plumas,063,18699,1314,25,1339,7
2021-09-24,Riverside,065,2383286,349417,15766,365183,5101
2021-09-24,Sacramento,067,1510023,149423,3872,153295,2177
2021-09-24,San Benito,069,59416,7013,144,7157,67
2021-09-24,San Bernardino,071,2135413,341667,10547,352214,5866
2021-09-24,San Diego,073,3302833,356072,20952,377024,4123
2021-09-24,San Francisco,075,870044,50622,2127,52749,650
2021-09-24,San Joaquin,077,732212,94791,5002,99793,1736
2021-09-24,San Luis Obispo,079,281455,28075,1107,29182,325
2021-09-24,San Mateo,081,765935,52243,777,53020,582
2021-09-24,Santa Barbara,083,443738,42353,1458,43811,508
2021-09-24,Santa Clara,085,1922200,141608,1105,142713,1870
2021-09-24,Santa Cruz,087,273765,19525,959,20484,217
2021-09-24,Shasta,089,179085,18899,3091,21990,291
2021-09-24,Sierra,091,2930,133,13,146,1
2021-09-24,Siskiyou,093,43540,3106,1095,4201,44
2021-09-24,Solano,095,438530,44237,1135,45372,338
2021-09-24,Sonoma,097,501317,39504,485,39989,395
2021-09-24,Stanislaus,099,539301,73176,8167,81343,1208
2021-09-24,Sutter,101,95872,13099,259,13358,165
2021-09-24,Tehama,103,63373,7467,1208,8675,110
2021-09-24,Trinity,105,12862,759,195,954,14
2021-09-24,Tulare,107,460477,62842,12796,75638,1026
2021-09-24,Tuolumne,109,53932,6326,76,6402,104
2021-09-24,Ventura,111,848112,95068,4105,99173,1157
2021-09-24,Yolo,113,214977,18705,847,19552,272
2021-09-24,Yuba,115,75493,9344,211,9555,77
2021-09-23,Alameda,001,1643700,114743,2553,117296,1433
2021-09-23,Alpine,002,1148,99,0,99,0
2021-09-23,Amador,005,37829,5058,50,5108,61
2021-09-23,Butte,007,227075,18939,3459,22398,266
2021-09-23,Calaveras,009,45235,3551,40,3591,75
2021-09-23,Colusa,011,21464,2411,544,2955,19
2021-09-23,Contra Costa,013,1133247,95395,1937,97332,989
2021-09-23,Del Norte,015,27424,3526,30,3556,36
2021-09-23,El Dorado,017,186661,14939,1533,16472,149
2021-09-23,Fresno,019,978130,128741,11509,140250,2028
2021-09-23,Glenn,021,27897,3235,926,4161,35
2021-09-23,Humboldt,023,135768,8201,415,8616,97
2021-09-23,Imperial,025,180216,31651,2948,34599,764
2021-09-23,Inyo,027,18085,1716,32,1748,39
2021-09-23,Kern,029,883053,118264,18443,136707,1606
2021-09-23,Kings,031,150075,29362,1648,31010,303
2021-09-23,Lake,033,64148,6205,120,6325,103
2021-09-23,Lassen,035,31185,6394,279,6673,31
2021-09-23,Los Angeles,037,10098052,1400593,50813,1451406,26080
2021-09-23,Madera,039,155013,20937,1670,22607,279
2021-09-23,Marin,041,260295,8507,335,8842,193
2021-09-23,Mariposa,043,17540,957,33,990,12
2021-09-23,Mendocino,045,87422,6877,350,7227,83
2021-09-23,Merced,047,269075,38890,1506,40396,583
2021-09-23,Modoc,049,8938,474,164,638,5
2021-09-23,Mono,051,14174,1539,20,1559,3
2021-09-23,Monterey,053,433212,47554,2556,50110,613
2021-09-23,Napa,055,140530,12373,86,12459,95
2021-09-23,Nevada,057,99092,8425,284,8709,95
2021-09-23,Orange,059,3164182,298090,13939,312029,5626
2021-09-23,Placer,061,380077,34398,3218,37616,397
2021-09-23,Plumas,063,18699,1297,24,1321,7
2021-09-23,Riverside,065,2383286,348964,15759,364723,5093
2021-09-23,Sacramento,067,1510023,149100,3853,152953,2170
2021-09-23,San Benito,069,59416,7002,144,7146,67
2021-09-23,San Bernardino,071,2135413,341301,10530,351831,5857
2021-09-23,San Diego,073,3302833,355616,20913,376529,4118
2021-09-23,San Francisco,075,870044,50549,2125,52674,649
2021-09-23,San Joaquin,077,732212,94617,4987,99604,1730
2021-09-23,San Luis Obispo,079,281455,28032,1105,29137,324
2021-09-23,San Mateo,081,765935,52168,776,52944,582
2021-09-23,Santa Barbara,083,443738,42275,1455,43730,508
2021-09-23,Santa Clara,085,1922200,141456,1098,142554,1868
2021-09-23,Santa Cruz,087,273765,19494,959,20453,216
2021-09-23,Shasta,089,179085,18818,3074,21892,289
2021-09-23,Sierra,091,2930,133,13,146,1
2021-09-23,Siskiyou,093,43540,3102,1084,4186,44
2021-09-23,Solano,095,438530,44169,1132,45301,335
2021-09-23,Sonoma,097,501317,39445,482,39927,395
2021-09-23,Stanislaus,099,539301,73020,8135,81155,1206
2021-09-23,Sutter,101,95872,13070,259,13329,165
2021-09-23,Tehama,103,63373,7426,1203,8629,110
2021-09-23,Trinity,105,12862,745,194,939,14
2021-09-23,Tulare,107,460477,62665,12742,75407,1024
2021-09-23,Tuolumne,109,53932,6301,75,6376,103
2021-09-23,Ventura,111,848112,94964,4098,99062,1155
2021-09-23,Yolo,113,214977,18674,843,19517,272
2021-09-23,Yuba,115,75493,9315,210,9525,76
2021-09-22,Alameda,001,1643700,114587,2549,117136,1427
2021-09-22,Alpine,002,1148,99,0,99,0
2021-09-22,Amador,005,37829,5042,50,5092,61
2021-09-22,Butte,007,227075,18879,3441,22320,266
2021-09-22,Calaveras,009,45235,3535,40,3575,75
2021-09-22,Colusa,011,21464,2406,543,2949,18
2021-09-22,Contra Costa,013,1133247,95208,1928,97136,984
2021-09-22,Del Norte,015,27424,3515,29,3544,36
2021-09-22,El Dorado,017,186661,14903,1527,16430,148
2021-09-22,Fresno,019,978130,128485,11494,139979,2021
2021-09-22,Glenn,021,27897,3228,925,4153,35
2021-09-22,Humboldt,023,135768,8179,407,8586,97
2021-09-22,Imperial,025,180216,31599,2941,34540,764
2021-09-22,Inyo,027,18085,1706,32,1738,39
2021-09-22,Kern,029,883053,118022,18321,136343,1602
2021-09-22,Kings,031,150075,29277,1642,30919,300
2021-09-22,Lake,033,64148,6193,120,6313,101
2021-09-22,Lassen,035,31185,6374,275,6649,31
2021-09-22,Los Angeles,037,10098052,1399270,50758,1450028,26061
2021-09-22,Madera,039,155013,20880,1660,22540,279
2021-09-22,Marin,041,260295,8496,332,8828,190
2021-09-22,Mariposa,043,17540,951,33,984,12
2021-09-22,Mendocino,045,87422,6851,344,7195,82
2021-09-22,Merced,047,269075,38759,1504,40263,581
2021-09-22,Modoc,049,8938,471,164,635,5
2021-09-22,Mono,051,14174,1530,19,1549,3
2021-09-22,Monterey,053,433212,47503,2549,50052,613
2021-09-22,Napa,055,140530,12351,85,12436,95
2021-09-22,Nevada,057,99092,8402,281,8683,95
2021-09-22,Orange,059,3164182,297814,13920,311734,5620
2021-09-22,Placer,061,380077,34310,3205,37515,395
2021-09-22,Plumas,063,18699,1284,24,1308,7
2021-09-22,Riverside,065,2383286,348429,15734,364163,5084
2021-09-22,Sacramento,067,1510023,148795,3824,152619,2163
2021-09-22,San Benito,069,59416,6991,142,7133,67
2021-09-22,San Bernardino,071,2135413,340907,10521,351428,5844
2021-09-22,San Diego,073,3302833,355165,20889,376054,4112
2021-09-22,San Francisco,075,870044,50464,2120,52584,647
2021-09-22,San Joaquin,077,732212,94385,4963,99348,1723
2021-09-22,San Luis Obispo,079,281455,27982,1101,29083,324
2021-09-22,San Mateo,081,765935,52095,772,52867,581
2021-09-22,Santa Barbara,083,443738,42212,1454,43666,506
2021-09-22,Santa Clara,085,1922200,141291,1091,142382,1865
2021-09-22,Santa Cruz,087,273765,19456,958,20414,216
2021-09-22,Shasta,089,179085,18728,3063,21791,288
2021-09-22,Sierra,091,2930,133,13,146,1
2021-09-22,Siskiyou,093,43540,3085,1074,4159,44
2021-09-22,Solano,095,438530,44102,1132,45234,335
2021-09-22,Sonoma,097,501317,39392,481,39873,394
2021-09-22,Stanislaus,099,539301,72855,8116,80971,1202
2021-09-22,Sutter,101,95872,13050,256,13306,163
2021-09-22,Tehama,103,63373,7399,1200,8599,109
2021-09-22,Trinity,105,12862,744,194,938,14
2021-09-22,Tulare,107,460477,62454,12673,75127,1019
2021-09-22,Tuolumne,109,53932,6280,74,6354,102
2021-09-22,Ventura,111,848112,94858,4093,98951,1154
2021-09-22,Yolo,113,214977,18635,836,19471,272
2021-09-22,Yuba,115,75493,9286,205,9491,76
2021-09-21,Alameda,001,1643700,114434,2549,116983,1423
2021-09-21,Alpine,002,1148,99,0,99,0
2021-09-21,Amador,005,37829,5020,50,5070,61
2021-09-21,Butte,007,227075,18783,3397,22180,265
2021-09-21,Calaveras,009,45235,3518,40,3558,75
2021-09-21,Colusa,011,21464,2403,542,2945,17
2021-09-21,Contra Costa,013,1133247,95015,1914,96929,983
2021-09-21,Del Norte,015,27424,3503,29,3532,35
2021-09-21,El Dorado,017,186661,14873,1520,16393,148
2021-09-21,Fresno,019,978130,128134,11467,139601,2015
2021-09-21,Glenn,021,27897,3221,921,4142,35
2021-09-21,Humboldt,023,135768,8147,402,8549,97
2021-09-21,Imperial,025,180216,31542,2939,34481,764
2021-09-21,Inyo,027,18085,1696,32,1728,39
2021-09-21,Kern,029,883053,117729,18208,135937,1594
2021-09-21,Kings,031,150075,29189,1634,30823,300
2021-09-21,Lake,033,64148,6170,120,6290,101
2021-09-21,Lassen,035,31185,6356,271,6627,29
2021-09-21,Los Angeles,037,10098052,1397814,50704,1448518,26033
2021-09-21,Madera,039,155013,20820,1650,22470,278
2021-09-21,Marin,041,260295,8481,331,8812,190
2021-09-21,Mariposa,043,17540,946,32,978,12
2021-09-21,Mendocino,045,87422,6813,333,7146,81
2021-09-21,Merced,047,269075,38633,1500,40133,580
2021-09-21,Modoc,049,8938,468,164,632,5
2021-09-21,Mono,051,14174,1528,18,1546,3
2021-09-21,Monterey,053,433212,47435,2537,49972,613
2021-09-21,Napa,055,140530,12330,85,12415,95
2021-09-21,Nevada,057,99092,8375,273,8648,94
2021-09-21,Orange,059,3164182,297481,13890,311371,5618
2021-09-21,Placer,061,380077,34209,3194,37403,392
2021-09-21,Plumas,063,18699,1277,24,1301,7
2021-09-21,Riverside,065,2383286,347870,15710,363580,5077
2021-09-21,Sacramento,067,1510023,148414,3796,152210,2154
2021-09-21,San Benito,069,59416,6980,141,7121,67
2021-09-21,San Bernardino,071,2135413,340467,10504,350971,5828
2021-09-21,San Diego,073,3302833,354559,20863,375422,4107
2021-09-21,San Francisco,075,870044,50366,2116,52482,647
2021-09-21,San Joaquin,077,732212,94151,4952,99103,1713
2021-09-21,San Luis Obispo,079,281455,27922,1098,29020,323
2021-09-21,San Mateo,081,765935,52025,772,52797,581
2021-09-21,Santa Barbara,083,443738,42143,1450,43593,506
2021-09-21,Santa Clara,085,1922200,141074,1087,142161,1865
2021-09-21,Santa Cruz,087,273765,19426,957,20383,216
2021-09-21,Shasta,089,179085,18600,3039,21639,282
2021-09-21,Sierra,091,2930,133,13,146,1
2021-09-21,Siskiyou,093,43540,3071,1060,4131,44
2021-09-21,Solano,095,438530,44027,1132,45159,334
2021-09-21,Sonoma,097,501317,39340,481,39821,394
2021-09-21,Stanislaus,099,539301,72671,8096,80767,1200
2021-09-21,Sutter,101,95872,13027,253,13280,160
2021-09-21,Tehama,103,63373,7353,1196,8549,109
2021-09-21,Trinity,105,12862,733,192,925,14
2021-09-21,Tulare,107,460477,62239,12612,74851,1010
2021-09-21,Tuolumne,109,53932,6247,74,6321,102
2021-09-21,Ventura,111,848112,94753,4085,98838,1151
2021-09-21,Yolo,113,214977,18599,833,19432,272
2021-09-21,Yuba,115,75493,9258,205,9463,76
2021-09-20,Alameda,001,1643700,114253,2545,116798,1421
2021-09-20,Alpine,002,1148,99,0,99,0
2021-09-20,Amador,005,37829,5002,49,5051,61
2021-09-20,Butte,007,227075,18702,3381,22083,264
2021-09-20,Calaveras,009,45235,3496,39,3535,75
2021-09-20,Colusa,011,21464,2401,539,2940,17
2021-09-20,Contra Costa,013,1133247,94866,1908,96774,981
2021-09-20,Del Norte,015,27424,3495,28,3523,35
2021-09-20,El Dorado,017,186661,14840,1508,16348,148
2021-09-20,Fresno,019,978130,127721,11441,139162,2011
2021-09-20,Glenn,021,27897,3210,918,4128,34
2021-09-20,Humboldt,023,135768,8112,397,8509,97
2021-09-20,Imperial,025,180216,31459,2938,34397,764
2021-09-20,Inyo,027,18085,1688,31,1719,39
2021-09-20,Kern,029,883053,117390,18077,135467,1588
2021-09-20,Kings,031,150075,29103,1628,30731,300
2021-09-20,Lake,033,64148,6155,119,6274,100
2021-09-20,Lassen,035,31185,6326,271,6597,29
2021-09-20,Los Angeles,037,10098052,1396291,50624,1446915,26008
2021-09-20,Madera,039,155013,20767,1643,22410,277
2021-09-20,Marin,041,260295,8456,329,8785,190
2021-09-20,Mariposa,043,17540,935,32,967,12
2021-09-20,Mendocino,045,87422,6779,328,7107,79
2021-09-20,Merced,047,269075,38522,1489,40011,579
2021-09-20,Modoc,049,8938,467,162,629,5
2021-09-20,Mono,051,14174,1522,18,1540,3
2021-09-20,Monterey,053,433212,47393,2519,49912,610
2021-09-20,Napa,055,140530,12305,84,12389,95
2021-09-20,Nevada,057,99092,8355,271,8626,94
2021-09-20,Orange,059,3164182,297137,13863,311000,5615
2021-09-20,Placer,061,380077,34118,3179,37297,392
2021-09-20,Plumas,063,18699,1272,24,1296,7
2021-09-20,Riverside,065,2383286,347368,15697,363065,5068
2021-09-20,Sacramento,067,1510023,148040,3762,151802,2147
2021-09-20,San Benito,069,59416,6971,140,7111,67
2021-09-20,San Bernardino,071,2135413,340064,10488,350552,5821
2021-09-20,San Diego,073,3302833,353886,20826,374712,4100
2021-09-20,San Francisco,075,870044,50260,2115,52375,647
2021-09-20,San Joaquin,077,732212,93908,4939,98847,1710
2021-09-20,San Luis Obispo,079,281455,27846,1090,28936,323
2021-09-20,San Mateo,081,765935,51938,769,52707,581
2021-09-20,Santa Barbara,083,443738,42044,1446,43490,505
2021-09-20,Santa Clara,085,1922200,140874,1085,141959,1863
2021-09-20,Santa Cruz,087,273765,19394,957,20351,216
2021-09-20,Shasta,089,179085,18502,3009,21511,282
2021-09-20,Sierra,091,2930,131,13,144,1
2021-09-20,Siskiyou,093,43540,3049,1047,4096,43
2021-09-20,Solano,095,438530,43959,1124,45083,333
2021-09-20,Sonoma,097,501317,39294,481,39775,394
2021-09-20,Stanislaus,099,539301,72472,8077,80549,1195
2021-09-20,Sutter,101,95872,12991,248,13239,159
2021-09-20,Tehama,103,63373,7321,1184,8505,108
2021-09-20,Trinity,105,12862,727,191,918,14
2021-09-20,Tulare,107,460477,62036,12559,74595,1006
2021-09-20,Tuolumne,109,53932,6221,74,6295,102
2021-09-20,Ventura,111,848112,94640,4079,98719,1150
2021-09-20,Yolo,113,214977,18553,831,19384,272
2021-09-20,Yuba,115,75493,9223,203,9426,76
2021-09-19,Alameda,001,1643700,114040,2540,116580,1420
2021-09-19,Alpine,002,1148,99,0,99,0
2021-09-19,Amador,005,37829,4962,48,5010,59
2021-09-19,Butte,007,227075,18610,3353,21963,261
2021-09-19,Calaveras,009,45235,3472,36,3508,75
2021-09-19,Colusa,011,21464,2399,537,2936,17
2021-09-19,Contra Costa,013,1133247,94679,1897,96576,980
2021-09-19,Del Norte,015,27424,3469,27,3496,35
2021-09-19,El Dorado,017,186661,14787,1502,16289,148
2021-09-19,Fresno,019,978130,127316,11397,138713,2005
2021-09-19,Glenn,021,27897,3201,915,4116,33
2021-09-19,Humboldt,023,135768,8066,395,8461,97
2021-09-19,Imperial,025,180216,31390,2935,34325,764
2021-09-19,Inyo,027,18085,1679,31,1710,39
2021-09-19,Kern,029,883053,117078,17971,135049,1580
2021-09-19,Kings,031,150075,28976,1619,30595,298
2021-09-19,Lake,033,64148,6124,119,6243,100
2021-09-19,Lassen,035,31185,6306,265,6571,29
2021-09-19,Los Angeles,037,10098052,1394310,50530,1444840,25984
2021-09-19,Madera,039,155013,20688,1633,22321,277
2021-09-19,Marin,041,260295,8427,327,8754,190
2021-09-19,Mariposa,043,17540,927,32,959,11
2021-09-19,Mendocino,045,87422,6734,322,7056,76
2021-09-19,Merced,047,269075,38365,1480,39845,575
2021-09-19,Modoc,049,8938,464,160,624,5
2021-09-19,Mono,051,14174,1517,18,1535,3
2021-09-19,Monterey,053,433212,47338,2516,49854,610
2021-09-19,Napa,055,140530,12284,82,12366,95
2021-09-19,Nevada,057,99092,8327,269,8596,94
2021-09-19,Orange,059,3164182,296768,13841,310609,5606
2021-09-19,Placer,061,380077,34005,3161,37166,389
2021-09-19,Plumas,063,18699,1264,24,1288,7
2021-09-19,Riverside,065,2383286,346774,15688,362462,5059
2021-09-19,Sacramento,067,1510023,147678,3716,151394,2141
2021-09-19,San Benito,069,59416,6952,140,7092,67
2021-09-19,San Bernardino,071,2135413,339568,10476,350044,5815
2021-09-19,San Diego,073,3302833,353182,20789,373971,4089
2021-09-19,San Francisco,075,870044,50152,2106,52258,646
2021-09-19,San Joaquin,077,732212,93612,4928,98540,1707
2021-09-19,San Luis Obispo,079,281455,27745,1081,28826,323
2021-09-19,San Mateo,081,765935,51840,768,52608,579
2021-09-19,Santa Barbara,083,443738,41938,1446,43384,505
2021-09-19,Santa Clara,085,1922200,140686,1080,141766,1863
2021-09-19,Santa Cruz,087,273765,19355,957,20312,216
2021-09-19,Shasta,089,179085,18388,2974,21362,279
2021-09-19,Sierra,091,2930,130,13,143,1
2021-09-19,Siskiyou,093,43540,3023,1038,4061,43
2021-09-19,Solano,095,438530,43871,1119,44990,331
2021-09-19,Sonoma,097,501317,39223,477,39700,392
2021-09-19,Stanislaus,099,539301,72227,8052,80279,1191
2021-09-19,Sutter,101,95872,12964,241,13205,159
2021-09-19,Tehama,103,63373,7267,1175,8442,107
2021-09-19,Trinity,105,12862,716,189,905,14
2021-09-19,Tulare,107,460477,61775,12466,74241,1006
2021-09-19,Tuolumne,109,53932,6180,74,6254,102
2021-09-19,Ventura,111,848112,94478,4070,98548,1146
2021-09-19,Yolo,113,214977,18504,826,19330,272
2021-09-19,Yuba,115,75493,9197,202,9399,75
2021-09-18,Alameda,001,1643700,113940,2539,116479,1418
2021-09-18,Alpine,002,1148,99,0,99,0
2021-09-18,Amador,005,37829,4952,48,5000,59
2021-09-18,Butte,007,227075,18571,3337,21908,259
2021-09-18,Calaveras,009,45235,3467,35,3502,73
2021-09-18,Colusa,011,21464,2399,536,2935,17
2021-09-18,Contra Costa,013,1133247,94589,1893,96482,980
2021-09-18,Del Norte,015,27424,3461,25,3486,35
2021-09-18,El Dorado,017,186661,14764,1499,16263,148
2021-09-18,Fresno,019,978130,127174,11379,138553,2001
2021-09-18,Glenn,021,27897,3192,912,4104,33
2021-09-18,Humboldt,023,135768,8052,394,8446,97
2021-09-18,Imperial,025,180216,31366,2934,34300,764
2021-09-18,Inyo,027,18085,1673,31,1704,39
2021-09-18,Kern,029,883053,116923,17907,134830,1579
2021-09-18,Kings,031,150075,28928,1614,30542,298
2021-09-18,Lake,033,64148,6107,119,6226,99
2021-09-18,Lassen,035,31185,6296,263,6559,27
2021-09-18,Los Angeles,037,10098052,1393547,50480,1444027,25968
2021-09-18,Madera,039,155013,20644,1623,22267,276
2021-09-18,Marin,041,260295,8410,326,8736,190
2021-09-18,Mariposa,043,17540,924,32,956,11
2021-09-18,Mendocino,045,87422,6713,322,7035,76
2021-09-18,Merced,047,269075,38329,1474,39803,572
2021-09-18,Modoc,049,8938,464,159,623,5
2021-09-18,Mono,051,14174,1514,18,1532,3
2021-09-18,Monterey,053,433212,47300,2513,49813,609
2021-09-18,Napa,055,140530,12272,82,12354,95
2021-09-18,Nevada,057,99092,8310,269,8579,94
2021-09-18,Orange,059,3164182,296574,13827,310401,5602
2021-09-18,Placer,061,380077,33931,3158,37089,386
2021-09-18,Plumas,063,18699,1263,24,1287,7
2021-09-18,Riverside,065,2383286,346389,15674,362063,5052
2021-09-18,Sacramento,067,1510023,147495,3707,151202,2134
2021-09-18,San Benito,069,59416,6948,140,7088,66
2021-09-18,San Bernardino,071,2135413,339294,10463,349757,5808
2021-09-18,San Diego,073,3302833,352791,20776,373567,4082
2021-09-18,San Francisco,075,870044,50088,2101,52189,644
2021-09-18,San Joaquin,077,732212,93502,4916,98418,1701
2021-09-18,San Luis Obispo,079,281455,27708,1078,28786,323
2021-09-18,San Mateo,081,765935,51790,766,52556,579
2021-09-18,Santa Barbara,083,443738,41873,1446,43319,505
2021-09-18,Santa Clara,085,1922200,140566,1077,141643,1862
2021-09-18,Santa Cruz,087,273765,19335,957,20292,216
2021-09-18,Shasta,089,179085,18325,2958,21283,278
2021-09-18,Sierra,091,2930,129,13,142,1
2021-09-18,Siskiyou,093,43540,3020,1032,4052,43
2021-09-18,Solano,095,438530,43831,1116,44947,330
2021-09-18,Sonoma,097,501317,39188,475,39663,392
2021-09-18,Stanislaus,099,539301,72082,8030,80112,1188
2021-09-18,Sutter,101,95872,12950,241,13191,159
2021-09-18,Tehama,103,63373,7253,1168,8421,105
2021-09-18,Trinity,105,12862,714,189,903,14
2021-09-18,Tulare,107,460477,61698,12416,74114,1002
2021-09-18,Tuolumne,109,53932,6165,74,6239,102
2021-09-18,Ventura,111,848112,94410,4065,98475,1139
2021-09-18,Yolo,113,214977,18476,822,19298,271
2021-09-18,Yuba,115,75493,9183,201,9384,75
2021-09-17,Alameda,001,1643700,113814,2537,116351,1417
2021-09-17,Alpine,002,1148,99,0,99,0
2021-09-17,Amador,005,37829,4936,47,4983,59
2021-09-17,Butte,007,227075,18519,3326,21845,258
2021-09-17,Calaveras,009,45235,3455,34,3489,73
2021-09-17,Colusa,011,21464,2398,531,2929,17
2021-09-17,Contra Costa,013,1133247,94486,1890,96376,975
2021-09-17,Del Norte,015,27424,3456,23,3479,35
2021-09-17,El Dorado,017,186661,14745,1497,16242,146
2021-09-17,Fresno,019,978130,126954,11362,138316,1998
2021-09-17,Glenn,021,27897,3175,908,4083,33
2021-09-17,Humboldt,023,135768,8031,394,8425,97
2021-09-17,Imperial,025,180216,31340,2933,34273,764
2021-09-17,Inyo,027,18085,1665,31,1696,39
2021-09-17,Kern,029,883053,116732,17810,134542,1565
2021-09-17,Kings,031,150075,28863,1612,30475,296
2021-09-17,Lake,033,64148,6094,119,6213,98
2021-09-17,Lassen,035,31185,6281,261,6542,26
2021-09-17,Los Angeles,037,10098052,1392567,50414,1442981,25939
2021-09-17,Madera,039,155013,20594,1611,22205,276
2021-09-17,Marin,041,260295,8397,324,8721,190
2021-09-17,Mariposa,043,17540,922,32,954,11
2021-09-17,Mendocino,045,87422,6694,322,7016,75
2021-09-17,Merced,047,269075,38283,1472,39755,570
2021-09-17,Modoc,049,8938,464,159,623,5
2021-09-17,Mono,051,14174,1510,18,1528,3
2021-09-17,Monterey,053,433212,47277,2512,49789,609
2021-09-17,Napa,055,140530,12251,82,12333,95
2021-09-17,Nevada,057,99092,8295,269,8564,93
2021-09-17,Orange,059,3164182,296354,13809,310163,5598
2021-09-17,Placer,061,380077,33871,3148,37019,385
2021-09-17,Plumas,063,18699,1254,23,1277,7
2021-09-17,Riverside,065,2383286,345989,15663,361652,5037
2021-09-17,Sacramento,067,1510023,147295,3696,150991,2121
2021-09-17,San Benito,069,59416,6945,140,7085,66
2021-09-17,San Bernardino,071,2135413,338934,10456,349390,5799
2021-09-17,San Diego,073,3302833,352368,20759,373127,4074
2021-09-17,San Francisco,075,870044,50037,2096,52133,643
2021-09-17,San Joaquin,077,732212,93364,4905,98269,1699
2021-09-17,San Luis Obispo,079,281455,27674,1067,28741,323
2021-09-17,San Mateo,081,765935,51737,765,52502,578
2021-09-17,Santa Barbara,083,443738,41810,1445,43255,505
2021-09-17,Santa Clara,085,1922200,140417,1076,141493,1860
2021-09-17,Santa Cruz,087,273765,19311,957,20268,216
2021-09-17,Shasta,089,179085,18255,2945,21200,278
2021-09-17,Sierra,091,2930,129,13,142,1
2021-09-17,Siskiyou,093,43540,3005,1032,4037,43
2021-09-17,Solano,095,438530,43769,1112,44881,329
2021-09-17,Sonoma,097,501317,39151,474,39625,390
2021-09-17,Stanislaus,099,539301,71975,8012,79987,1184
2021-09-17,Sutter,101,95872,12934,238,13172,159
2021-09-17,Tehama,103,63373,7230,1156,8386,105
2021-09-17,Trinity,105,12862,709,188,897,14
2021-09-17,Tulare,107,460477,61583,12381,73964,1001
2021-09-17,Tuolumne,109,53932,6146,74,6220,101
2021-09-17,Ventura,111,848112,94298,4063,98361,1137
2021-09-17,Yolo,113,214977,18445,818,19263,271
2021-09-17,Yuba,115,75493,9156,200,9356,74
2021-09-16,Alameda,001,1643700,113637,2534,116171,1416
2021-09-16,Alpine,002,1148,99,0,99,0
2021-09-16,Amador,005,37829,4916,47,4963,59
2021-09-16,Butte,007,227075,18444,3310,21754,257
2021-09-16,Calaveras,009,45235,3424,34,3458,71
2021-09-16,Colusa,011,21464,2396,529,2925,17
2021-09-16,Contra Costa,013,1133247,94314,1882,96196,971
2021-09-16,Del Norte,015,27424,3438,23,3461,35
2021-09-16,El Dorado,017,186661,14704,1489,16193,145
2021-09-16,Fresno,019,978130,126597,11321,137918,1989
2021-09-16,Glenn,021,27897,3165,906,4071,33
2021-09-16,Humboldt,023,135768,7998,386,8384,97
2021-09-16,Imperial,025,180216,31297,2925,34222,764
2021-09-16,Inyo,027,18085,1663,31,1694,39
2021-09-16,Kern,029,883053,116459,17743,134202,1561
2021-09-16,Kings,031,150075,28777,1604,30381,296
2021-09-16,Lake,033,64148,6070,116,6186,98
2021-09-16,Lassen,035,31185,6246,256,6502,26
2021-09-16,Los Angeles,037,10098052,1391176,50349,1441525,25916
2021-09-16,Madera,039,155013,20516,1606,22122,274
2021-09-16,Marin,041,260295,8370,323,8693,190
2021-09-16,Mariposa,043,17540,916,32,948,11
2021-09-16,Mendocino,045,87422,6656,311,6967,74
2021-09-16,Merced,047,269075,38176,1470,39646,570
2021-09-16,Modoc,049,8938,462,159,621,5
2021-09-16,Mono,051,14174,1504,18,1522,3
2021-09-16,Monterey,053,433212,47223,2506,49729,608
2021-09-16,Napa,055,140530,12226,78,12304,95
2021-09-16,Nevada,057,99092,8268,268,8536,93
2021-09-16,Orange,059,3164182,296008,13789,309797,5585
2021-09-16,Placer,061,380077,33775,3128,36903,384
2021-09-16,Plumas,063,18699,1245,23,1268,7
2021-09-16,Riverside,065,2383286,345460,15649,361109,5023
2021-09-16,Sacramento,067,1510023,146939,3664,150603,2113
2021-09-16,San Benito,069,59416,6933,139,7072,66
2021-09-16,San Bernardino,071,2135413,338511,10449,348960,5791
2021-09-16,San Diego,073,3302833,351754,20720,372474,4063
2021-09-16,San Francisco,075,870044,49951,2088,52039,643
2021-09-16,San Joaquin,077,732212,93126,4862,97988,1694
2021-09-16,San Luis Obispo,079,281455,27601,1063,28664,320
2021-09-16,San Mateo,081,765935,51659,763,52422,578
2021-09-16,Santa Barbara,083,443738,41744,1442,43186,505
2021-09-16,Santa Clara,085,1922200,140263,1072,141335,1860
2021-09-16,Santa Cruz,087,273765,19284,957,20241,215
2021-09-16,Shasta,089,179085,18131,2912,21043,273
2021-09-16,Sierra,091,2930,129,13,142,1
2021-09-16,Siskiyou,093,43540,2985,1025,4010,42
2021-09-16,Solano,095,438530,43697,1103,44800,329
2021-09-16,Sonoma,097,501317,39088,473,39561,389
2021-09-16,Stanislaus,099,539301,71742,7996,79738,1180
2021-09-16,Sutter,101,95872,12890,233,13123,158
2021-09-16,Tehama,103,63373,7189,1145,8334,104
2021-09-16,Trinity,105,12862,706,187,893,13
2021-09-16,Tulare,107,460477,61361,12309,73670,999
2021-09-16,Tuolumne,109,53932,6124,73,6197,101
2021-09-16,Ventura,111,848112,94158,4059,98217,1137
2021-09-16,Yolo,113,214977,18413,816,19229,271
2021-09-16,Yuba,115,75493,9122,197,9319,73
2021-09-15,Alameda,001,1643700,113471,2527,115998,1413
2021-09-15,Alpine,002,1148,99,0,99,0
2021-09-15,Amador,005,37829,4908,47,4955,59
2021-09-15,Butte,007,227075,18345,3290,21635,256
2021-09-15,Calaveras,009,45235,3395,32,3427,71
2021-09-15,Colusa,011,21464,2394,526,2920,17
2021-09-15,Contra Costa,013,1133247,94132,1871,96003,968
2021-09-15,Del Norte,015,27424,3425,21,3446,35
2021-09-15,El Dorado,017,186661,14677,1480,16157,143
2021-09-15,Fresno,019,978130,126217,11264,137481,1978
2021-09-15,Glenn,021,27897,3153,901,4054,33
2021-09-15,Humboldt,023,135768,7962,381,8343,96
2021-09-15,Imperial,025,180216,31242,2920,34162,763
2021-09-15,Inyo,027,18085,1659,31,1690,39
2021-09-15,Kern,029,883053,116113,17644,133757,1555
2021-09-15,Kings,031,150075,28698,1596,30294,293
2021-09-15,Lake,033,64148,6037,115,6152,97
2021-09-15,Lassen,035,31185,6186,251,6437,26
2021-09-15,Los Angeles,037,10098052,1389671,50280,1439951,25892
2021-09-15,Madera,039,155013,20441,1599,22040,273
2021-09-15,Marin,041,260295,8335,318,8653,190
2021-09-15,Mariposa,043,17540,904,32,936,11
2021-09-15,Mendocino,045,87422,6626,306,6932,74
2021-09-15,Merced,047,269075,38068,1468,39536,566
2021-09-15,Modoc,049,8938,462,159,621,5
2021-09-15,Mono,051,14174,1498,18,1516,3
2021-09-15,Monterey,053,433212,47153,2495,49648,607
2021-09-15,Napa,055,140530,12205,78,12283,95
2021-09-15,Nevada,057,99092,8246,265,8511,93
2021-09-15,Orange,059,3164182,295683,13771,309454,5581
2021-09-15,Placer,061,380077,33664,3107,36771,382
2021-09-15,Plumas,063,18699,1240,22,1262,7
2021-09-15,Riverside,065,2383286,344877,15625,360502,5010
2021-09-15,Sacramento,067,1510023,146513,3632,150145,2105
2021-09-15,San Benito,069,59416,6930,139,7069,66
2021-09-15,San Bernardino,071,2135413,338049,10435,348484,5781
2021-09-15,San Diego,073,3302833,351134,20692,371826,4056
2021-09-15,San Francisco,075,870044,49840,2083,51923,643
2021-09-15,San Joaquin,077,732212,92850,4822,97672,1689
2021-09-15,San Luis Obispo,079,281455,27518,1057,28575,320
2021-09-15,San Mateo,081,765935,51577,760,52337,577
2021-09-15,Santa Barbara,083,443738,41641,1438,43079,504
2021-09-15,Santa Clara,085,1922200,140089,1067,141156,1857
2021-09-15,Santa Cruz,087,273765,19246,955,20201,215
2021-09-15,Shasta,089,179085,18020,2891,20911,271
2021-09-15,Sierra,091,2930,129,13,142,1
2021-09-15,Siskiyou,093,43540,2965,995,3960,42
2021-09-15,Solano,095,438530,43626,1098,44724,328
2021-09-15,Sonoma,097,501317,39031,473,39504,386
2021-09-15,Stanislaus,099,539301,71518,7974,79492,1175
2021-09-15,Sutter,101,95872,12857,228,13085,158
2021-09-15,Tehama,103,63373,7148,1136,8284,102
2021-09-15,Trinity,105,12862,704,185,889,13
2021-09-15,Tulare,107,460477,61101,12249,73350,997
2021-09-15,Tuolumne,109,53932,6098,73,6171,101
2021-09-15,Ventura,111,848112,94015,4052,98067,1137
2021-09-15,Yolo,113,214977,18379,810,19189,271
2021-09-15,Yuba,115,75493,9088,197,9285,73
2021-09-14,Alameda,001,1643700,113264,2524,115788,1410
2021-09-14,Alpine,002,1148,99,0,99,0
2021-09-14,Amador,005,37829,4888,47,4935,59
2021-09-14,Butte,007,227075,18213,3266,21479,253
2021-09-14,Calaveras,009,45235,3375,29,3404,70
2021-09-14,Colusa,011,21464,2390,523,2913,17
2021-09-14,Contra Costa,013,1133247,93934,1863,95797,965
2021-09-14,Del Norte,015,27424,3409,21,3430,35
2021-09-14,El Dorado,017,186661,14624,1472,16096,143
2021-09-14,Fresno,019,978130,125742,11212,136954,1974
2021-09-14,Glenn,021,27897,3136,897,4033,33
2021-09-14,Humboldt,023,135768,7928,376,8304,94
2021-09-14,Imperial,025,180216,31193,2917,34110,762
2021-09-14,Inyo,027,18085,1650,30,1680,39
2021-09-14,Kern,029,883053,115730,17521,133251,1543
2021-09-14,Kings,031,150075,28622,1588,30210,292
2021-09-14,Lake,033,64148,6005,115,6120,96
2021-09-14,Lassen,035,31185,6172,246,6418,26
2021-09-14,Los Angeles,037,10098052,1387835,50200,1438035,25873
2021-09-14,Madera,039,155013,20359,1588,21947,273
2021-09-14,Marin,041,260295,8307,316,8623,190
2021-09-14,Mariposa,043,17540,893,31,924,10
2021-09-14,Mendocino,045,87422,6590,295,6885,74
2021-09-14,Merced,047,269075,37917,1464,39381,564
2021-09-14,Modoc,049,8938,461,159,620,5
2021-09-14,Mono,051,14174,1494,18,1512,3
2021-09-14,Monterey,053,433212,47113,2484,49597,607
2021-09-14,Napa,055,140530,12172,77,12249,95
2021-09-14,Nevada,057,99092,8212,265,8477,93
2021-09-14,Orange,059,3164182,295289,13747,309036,5577
2021-09-14,Placer,061,380077,33533,3087,36620,378
2021-09-14,Plumas,063,18699,1225,22,1247,7
2021-09-14,Riverside,065,2383286,344236,15594,359830,5001
2021-09-14,Sacramento,067,1510023,146128,3583,149711,2098
2021-09-14,San Benito,069,59416,6920,139,7059,66
2021-09-14,San Bernardino,071,2135413,337552,10410,347962,5769
2021-09-14,San Diego,073,3302833,350474,20641,371115,4049
2021-09-14,San Francisco,075,870044,49706,2081,51787,642
2021-09-14,San Joaquin,077,732212,92611,4813,97424,1684
2021-09-14,San Luis Obispo,079,281455,27445,1052,28497,318
2021-09-14,San Mateo,081,765935,51479,757,52236,576
2021-09-14,Santa Barbara,083,443738,41545,1429,42974,500
2021-09-14,Santa Clara,085,1922200,139854,1063,140917,1856
2021-09-14,Santa Cruz,087,273765,19206,953,20159,215
2021-09-14,Shasta,089,179085,17889,2870,20759,269
2021-09-14,Sierra,091,2930,129,13,142,1
2021-09-14,Siskiyou,093,43540,2941,978,3919,42
2021-09-14,Solano,095,438530,43543,1095,44638,325
2021-09-14,Sonoma,097,501317,38962,469,39431,386
2021-09-14,Stanislaus,099,539301,71258,7946,79204,1170
2021-09-14,Sutter,101,95872,12815,221,13036,156
2021-09-14,Tehama,103,63373,7094,1128,8222,99
2021-09-14,Trinity,105,12862,698,184,882,12
2021-09-14,Tulare,107,460477,60848,12178,73026,995
2021-09-14,Tuolumne,109,53932,6077,71,6148,101
2021-09-14,Ventura,111,848112,93830,4035,97865,1134
2021-09-14,Yolo,113,214977,18335,805,19140,271
2021-09-14,Yuba,115,75493,9052,197,9249,73
2021-09-13,Alameda,001,1643700,113050,2519,115569,1407
2021-09-13,Alpine,002,1148,98,0,98,0
2021-09-13,Amador,005,37829,4870,47,4917,59
2021-09-13,Butte,007,227075,18089,3237,21326,253
2021-09-13,Calaveras,009,45235,3349,27,3376,70
2021-09-13,Colusa,011,21464,2381,519,2900,17
2021-09-13,Contra Costa,013,1133247,93688,1858,95546,960
2021-09-13,Del Norte,015,27424,3373,21,3394,35
2021-09-13,El Dorado,017,186661,14563,1464,16027,141
2021-09-13,Fresno,019,978130,125275,11146,136421,1973
2021-09-13,Glenn,021,27897,3122,891,4013,33
2021-09-13,Humboldt,023,135768,7895,373,8268,94
2021-09-13,Imperial,025,180216,31140,2914,34054,762
2021-09-13,Inyo,027,18085,1643,30,1673,39
2021-09-13,Kern,029,883053,115346,17399,132745,1540
2021-09-13,Kings,031,150075,28512,1576,30088,291
2021-09-13,Lake,033,64148,5983,115,6098,94
2021-09-13,Lassen,035,31185,6137,245,6382,26
2021-09-13,Los Angeles,037,10098052,1385970,50134,1436104,25853
2021-09-13,Madera,039,155013,20288,1573,21861,272
2021-09-13,Marin,041,260295,8271,315,8586,190
2021-09-13,Mariposa,043,17540,879,31,910,9
2021-09-13,Mendocino,045,87422,6555,286,6841,74
2021-09-13,Merced,047,269075,37767,1459,39226,563
2021-09-13,Modoc,049,8938,460,159,619,5
2021-09-13,Mono,051,14174,1488,18,1506,3
2021-09-13,Monterey,053,433212,47024,2471,49495,607
2021-09-13,Napa,055,140530,12154,77,12231,95
2021-09-13,Nevada,057,99092,8186,263,8449,93
2021-09-13,Orange,059,3164182,294855,13725,308580,5571
2021-09-13,Placer,061,380077,33368,3070,36438,376
2021-09-13,Plumas,063,18699,1216,22,1238,7
2021-09-13,Riverside,065,2383286,343590,15576,359166,4989
2021-09-13,Sacramento,067,1510023,145640,3549,149189,2092
2021-09-13,San Benito,069,59416,6904,138,7042,66
2021-09-13,San Bernardino,071,2135413,337061,10385,347446,5763
2021-09-13,San Diego,073,3302833,349687,20589,370276,4043
2021-09-13,San Francisco,075,870044,49576,2075,51651,641
2021-09-13,San Joaquin,077,732212,92326,4795,97121,1677
2021-09-13,San Luis Obispo,079,281455,27348,1049,28397,314
2021-09-13,San Mateo,081,765935,51387,752,52139,576
2021-09-13,Santa Barbara,083,443738,41426,1422,42848,500
2021-09-13,Santa Clara,085,1922200,139608,1058,140666,1852
2021-09-13,Santa Cruz,087,273765,19166,952,20118,214
2021-09-13,Shasta,089,179085,17759,2830,20589,266
2021-09-13,Sierra,091,2930,129,13,142,1
2021-09-13,Siskiyou,093,43540,2926,966,3892,41
2021-09-13,Solano,095,438530,43440,1092,44532,324
2021-09-13,Sonoma,097,501317,38895,466,39361,386
2021-09-13,Stanislaus,099,539301,71003,7910,78913,1164
2021-09-13,Sutter,101,95872,12757,217,12974,155
2021-09-13,Tehama,103,63373,7031,1116,8147,98
2021-09-13,Trinity,105,12862,696,182,878,12
2021-09-13,Tulare,107,460477,60564,12118,72682,987
2021-09-13,Tuolumne,109,53932,6047,71,6118,100
2021-09-13,Ventura,111,848112,93668,4028,97696,1133
2021-09-13,Yolo,113,214977,18291,799,19090,270
2021-09-13,Yuba,115,75493,9007,196,9203,73
2021-09-12,Alameda,001,1643700,112789,2516,115305,1405
2021-09-12,Alpine,002,1148,98,0,98,0
2021-09-12,Amador,005,37829,4849,47,4896,59
2021-09-12,Butte,007,227075,17944,3190,21134,251
2021-09-12,Calaveras,009,45235,3318,23,3341,70
2021-09-12,Colusa,011,21464,2378,518,2896,16
2021-09-12,Contra Costa,013,1133247,93419,1846,95265,957
2021-09-12,Del Norte,015,27424,3338,21,3359,34
2021-09-12,El Dorado,017,186661,14490,1448,15938,141
2021-09-12,Fresno,019,978130,124754,11089,135843,1966
2021-09-12,Glenn,021,27897,3105,885,3990,33
2021-09-12,Humboldt,023,135768,7825,362,8187,94
2021-09-12,Imperial,025,180216,31077,2909,33986,761
2021-09-12,Inyo,027,18085,1633,30,1663,39
2021-09-12,Kern,029,883053,114934,17240,132174,1533
2021-09-12,Kings,031,150075,28401,1559,29960,291
2021-09-12,Lake,033,64148,5943,113,6056,93
2021-09-12,Lassen,035,31185,6100,236,6336,26
2021-09-12,Los Angeles,037,10098052,1383911,50061,1433972,25833
2021-09-12,Madera,039,155013,20201,1561,21762,270
2021-09-12,Marin,041,260295,8248,315,8563,190
2021-09-12,Mariposa,043,17540,868,29,897,9
2021-09-12,Mendocino,045,87422,6515,277,6792,72
2021-09-12,Merced,047,269075,37595,1448,39043,563
2021-09-12,Modoc,049,8938,460,158,618,5
2021-09-12,Mono,051,14174,1481,18,1499,3
2021-09-12,Monterey,053,433212,46927,2461,49388,604
2021-09-12,Napa,055,140530,12124,77,12201,95
2021-09-12,Nevada,057,99092,8146,262,8408,92
2021-09-12,Orange,059,3164182,294391,13704,308095,5564
2021-09-12,Placer,061,380077,33218,3048,36266,374
2021-09-12,Plumas,063,18699,1197,22,1219,7
2021-09-12,Riverside,065,2383286,342906,15542,358448,4980
2021-09-12,Sacramento,067,1510023,145131,3510,148641,2076
2021-09-12,San Benito,069,59416,6885,137,7022,66
2021-09-12,San Bernardino,071,2135413,336450,10372,346822,5754
2021-09-12,San Diego,073,3302833,348877,20513,369390,4033
2021-09-12,San Francisco,075,870044,49464,2068,51532,641
2021-09-12,San Joaquin,077,732212,91997,4787,96784,1668
2021-09-12,San Luis Obispo,079,281455,27229,1036,28265,312
2021-09-12,San Mateo,081,765935,51276,748,52024,575
2021-09-12,Santa Barbara,083,443738,41315,1415,42730,498
2021-09-12,Santa Clara,085,1922200,139351,1055,140406,1849
2021-09-12,Santa Cruz,087,273765,19133,951,20084,214
2021-09-12,Shasta,089,179085,17594,2772,20366,263
2021-09-12,Sierra,091,2930,129,13,142,1
2021-09-12,Siskiyou,093,43540,2898,951,3849,41
2021-09-12,Solano,095,438530,43334,1089,44423,322
2021-09-12,Sonoma,097,501317,38815,464,39279,386
2021-09-12,Stanislaus,099,539301,70704,7871,78575,1158
2021-09-12,Sutter,101,95872,12715,211,12926,155
2021-09-12,Tehama,103,63373,6968,1104,8072,96
2021-09-12,Trinity,105,12862,692,180,872,12
2021-09-12,Tulare,107,460477,60210,12058,72268,986
2021-09-12,Tuolumne,109,53932,6014,71,6085,99
2021-09-12,Ventura,111,848112,93541,4022,97563,1129
2021-09-12,Yolo,113,214977,18225,791,19016,269
2021-09-12,Yuba,115,75493,8972,196,9168,73
2021-09-11,Alameda,001,1643700,112665,2514,115179,1401
2021-09-11,Alpine,002,1148,98,0,98,0
2021-09-11,Amador,005,37829,4836,46,4882,59
2021-09-11,Butte,007,227075,17861,3163,21024,250
2021-09-11,Calaveras,009,45235,3310,22,3332,70
2021-09-11,Colusa,011,21464,2377,515,2892,16
2021-09-11,Contra Costa,013,1133247,93300,1842,95142,954
2021-09-11,Del Norte,015,27424,3322,21,3343,34
2021-09-11,El Dorado,017,186661,14471,1441,15912,141
2021-09-11,Fresno,019,978130,124575,11064,135639,1959
2021-09-11,Glenn,021,27897,3095,882,3977,32
2021-09-11,Humboldt,023,135768,7803,359,8162,94
2021-09-11,Imperial,025,180216,31052,2906,33958,761
2021-09-11,Inyo,027,18085,1630,30,1660,39
2021-09-11,Kern,029,883053,114684,17126,131810,1527
2021-09-11,Kings,031,150075,28352,1553,29905,291
2021-09-11,Lake,033,64148,5922,113,6035,93
2021-09-11,Lassen,035,31185,6085,232,6317,26
2021-09-11,Los Angeles,037,10098052,1382937,49996,1432933,25813
2021-09-11,Madera,039,155013,20149,1556,21705,270
2021-09-11,Marin,041,260295,8219,314,8533,190
2021-09-11,Mariposa,043,17540,863,29,892,9
2021-09-11,Mendocino,045,87422,6490,277,6767,71
2021-09-11,Merced,047,269075,37541,1445,38986,562
2021-09-11,Modoc,049,8938,460,158,618,5
2021-09-11,Mono,051,14174,1475,18,1493,3
2021-09-11,Monterey,053,433212,46889,2458,49347,604
2021-09-11,Napa,055,140530,12101,77,12178,94
2021-09-11,Nevada,057,99092,8131,262,8393,92
2021-09-11,Orange,059,3164182,294086,13688,307774,5555
2021-09-11,Placer,061,380077,33134,3037,36171,370
2021-09-11,Plumas,063,18699,1190,22,1212,7
2021-09-11,Riverside,065,2383286,342468,15529,357997,4969
2021-09-11,Sacramento,067,1510023,144831,3498,148329,2072
2021-09-11,San Benito,069,59416,6872,137,7009,65
2021-09-11,San Bernardino,071,2135413,336107,10358,346465,5743
2021-09-11,San Diego,073,3302833,348393,20489,368882,4027
2021-09-11,San Francisco,075,870044,49408,2064,51472,639
2021-09-11,San Joaquin,077,732212,91854,4780,96634,1666
2021-09-11,San Luis Obispo,079,281455,27183,1035,28218,310
2021-09-11,San Mateo,081,765935,51204,747,51951,575
2021-09-11,Santa Barbara,083,443738,41242,1415,42657,498
2021-09-11,Santa Clara,085,1922200,139198,1052,140250,1845
2021-09-11,Santa Cruz,087,273765,19104,951,20055,214
2021-09-11,Shasta,089,179085,17500,2752,20252,259
2021-09-11,Sierra,091,2930,129,13,142,1
2021-09-11,Siskiyou,093,43540,2881,948,3829,41
2021-09-11,Solano,095,438530,43283,1086,44369,321
2021-09-11,Sonoma,097,501317,38768,462,39230,383
2021-09-11,Stanislaus,099,539301,70579,7858,78437,1156
2021-09-11,Sutter,101,95872,12689,208,12897,154
2021-09-11,Tehama,103,63373,6947,1096,8043,96
2021-09-11,Trinity,105,12862,685,180,865,12
2021-09-11,Tulare,107,460477,60098,12012,72110,981
2021-09-11,Tuolumne,109,53932,5995,68,6063,99
2021-09-11,Ventura,111,848112,93459,4017,97476,1127
2021-09-11,Yolo,113,214977,18200,788,18988,268
2021-09-11,Yuba,115,75493,8947,196,9143,73
2021-09-10,Alameda,001,1643700,112474,2513,114987,1399
2021-09-10,Alpine,002,1148,97,0,97,0
2021-09-10,Amador,005,37829,4824,46,4870,59
2021-09-10,Butte,007,227075,17787,3145,20932,248
2021-09-10,Calaveras,009,45235,3302,22,3324,70
2021-09-10,Colusa,011,21464,2373,512,2885,16
2021-09-10,Contra Costa,013,1133247,93177,1840,95017,951
2021-09-10,Del Norte,015,27424,3307,20,3327,34
2021-09-10,El Dorado,017,186661,14441,1437,15878,140
2021-09-10,Fresno,019,978130,124250,11037,135287,1950
2021-09-10,Glenn,021,27897,3088,881,3969,31
2021-09-10,Humboldt,023,135768,7771,355,8126,92
2021-09-10,Imperial,025,180216,31029,2904,33933,761
2021-09-10,Inyo,027,18085,1626,30,1656,39
2021-09-10,Kern,029,883053,114430,17010,131440,1521
2021-09-10,Kings,031,150075,28278,1546,29824,290
2021-09-10,Lake,033,64148,5906,111,6017,92
2021-09-10,Lassen,035,31185,6077,229,6306,25
2021-09-10,Los Angeles,037,10098052,1381731,49932,1431663,25789
2021-09-10,Madera,039,155013,20103,1549,21652,269
2021-09-10,Marin,041,260295,8199,311,8510,190
2021-09-10,Mariposa,043,17540,858,29,887,9
2021-09-10,Mendocino,045,87422,6458,276,6734,71
2021-09-10,Merced,047,269075,37489,1444,38933,559
2021-09-10,Modoc,049,8938,460,158,618,5
2021-09-10,Mono,051,14174,1470,18,1488,3
2021-09-10,Monterey,053,433212,46843,2456,49299,604
2021-09-10,Napa,055,140530,12076,77,12153,93
2021-09-10,Nevada,057,99092,8113,261,8374,92
2021-09-10,Orange,059,3164182,293779,13678,307457,5547
2021-09-10,Placer,061,380077,33032,3024,36056,366
2021-09-10,Plumas,063,18699,1182,22,1204,7
2021-09-10,Riverside,065,2383286,341995,15522,357517,4963
2021-09-10,Sacramento,067,1510023,144488,3490,147978,2068
2021-09-10,San Benito,069,59416,6868,137,7005,65
2021-09-10,San Bernardino,071,2135413,335689,10349,346038,5733
2021-09-10,San Diego,073,3302833,347846,20452,368298,4022
2021-09-10,San Francisco,075,870044,49329,2057,51386,636
2021-09-10,San Joaquin,077,732212,91674,4774,96448,1663
2021-09-10,San Luis Obispo,079,281455,27150,1033,28183,307
2021-09-10,San Mateo,081,765935,51136,746,51882,574
2021-09-10,Santa Barbara,083,443738,41189,1412,42601,497
2021-09-10,Santa Clara,085,1922200,139015,1051,140066,1840
2021-09-10,Santa Cruz,087,273765,19085,950,20035,214
2021-09-10,Shasta,089,179085,17406,2724,20130,258
2021-09-10,Sierra,091,2930,129,13,142,1
2021-09-10,Siskiyou,093,43540,2869,944,3813,41
2021-09-10,Solano,095,438530,43209,1079,44288,320
2021-09-10,Sonoma,097,501317,38710,461,39171,381
2021-09-10,Stanislaus,099,539301,70423,7834,78257,1149
2021-09-10,Sutter,101,95872,12655,208,12863,153
2021-09-10,Tehama,103,63373,6913,1090,8003,96
2021-09-10,Trinity,105,12862,681,180,861,12
2021-09-10,Tulare,107,460477,59950,11963,71913,978
2021-09-10,Tuolumne,109,53932,5975,68,6043,97
2021-09-10,Ventura,111,848112,93361,4013,97374,1126
2021-09-10,Yolo,113,214977,18174,784,18958,268
2021-09-10,Yuba,115,75493,8928,195,9123,73
2021-09-09,Alameda,001,1643700,112255,2509,114764,1397
2021-09-09,Alpine,002,1148,97,0,97,0
2021-09-09,Amador,005,37829,4803,45,4848,58
2021-09-09,Butte,007,227075,17640,3118,20758,245
2021-09-09,Calaveras,009,45235,3268,22,3290,70
2021-09-09,Colusa,011,21464,2366,511,2877,16
2021-09-09,Contra Costa,013,1133247,92967,1835,94802,944
2021-09-09,Del Norte,015,27424,3284,20,3304,33
2021-09-09,El Dorado,017,186661,14384,1427,15811,139
2021-09-09,Fresno,019,978130,123775,10991,134766,1943
2021-09-09,Glenn,021,27897,3076,877,3953,31
2021-09-09,Humboldt,023,135768,7721,349,8070,91
2021-09-09,Imperial,025,180216,30991,2901,33892,761
2021-09-09,Inyo,027,18085,1619,30,1649,39
2021-09-09,Kern,029,883053,114083,16854,130937,1513
2021-09-09,Kings,031,150075,28176,1535,29711,288
2021-09-09,Lake,033,64148,5882,109,5991,92
2021-09-09,Lassen,035,31185,6027,223,6250,25
2021-09-09,Los Angeles,037,10098052,1379864,49859,1429723,25762
2021-09-09,Madera,039,155013,20030,1536,21566,269
2021-09-09,Marin,041,260295,8176,308,8484,190
2021-09-09,Mariposa,043,17540,845,28,873,9
2021-09-09,Mendocino,045,87422,6424,267,6691,71
2021-09-09,Merced,047,269075,37335,1431,38766,555
2021-09-09,Modoc,049,8938,460,158,618,5
2021-09-09,Mono,051,14174,1460,18,1478,3
2021-09-09,Monterey,053,433212,46789,2445,49234,604
2021-09-09,Napa,055,140530,12044,77,12121,93
2021-09-09,Nevada,057,99092,8075,261,8336,90
2021-09-09,Orange,059,3164182,293370,13647,307017,5542
2021-09-09,Placer,061,380077,32914,3009,35923,364
2021-09-09,Plumas,063,18699,1171,22,1193,7
2021-09-09,Riverside,065,2383286,341356,15504,356860,4952
2021-09-09,Sacramento,067,1510023,144007,3445,147452,2057
2021-09-09,San Benito,069,59416,6858,136,6994,64
2021-09-09,San Bernardino,071,2135413,335115,10336,345451,5716
2021-09-09,San Diego,073,3302833,347132,20395,367527,4013
2021-09-09,San Francisco,075,870044,49215,2048,51263,634
2021-09-09,San Joaquin,077,732212,91400,4756,96156,1662
2021-09-09,San Luis Obispo,079,281455,27068,1030,28098,306
2021-09-09,San Mateo,081,765935,51015,743,51758,574
2021-09-09,Santa Barbara,083,443738,41082,1408,42490,496
2021-09-09,Santa Clara,085,1922200,138792,1046,139838,1839
2021-09-09,Santa Cruz,087,273765,19039,950,19989,214
2021-09-09,Shasta,089,179085,17260,2683,19943,257
2021-09-09,Sierra,091,2930,129,13,142,1
2021-09-09,Siskiyou,093,43540,2846,930,3776,39
2021-09-09,Solano,095,438530,43094,1075,44169,319
2021-09-09,Sonoma,097,501317,38642,460,39102,380
2021-09-09,Stanislaus,099,539301,70144,7802,77946,1143
2021-09-09,Sutter,101,95872,12600,206,12806,153
2021-09-09,Tehama,103,63373,6859,1085,7944,94
2021-09-09,Trinity,105,12862,675,178,853,12
2021-09-09,Tulare,107,460477,59710,11904,71614,973
2021-09-09,Tuolumne,109,53932,5947,67,6014,97
2021-09-09,Ventura,111,848112,93216,4004,97220,1122
2021-09-09,Yolo,113,214977,18117,782,18899,268
2021-09-09,Yuba,115,75493,8883,192,9075,70
2021-09-08,Alameda,001,1643700,112011,2507,114518,1397
2021-09-08,Alpine,002,1148,97,0,97,0
2021-09-08,Amador,005,37829,4791,45,4836,57
2021-09-08,Butte,007,227075,17506,3099,20605,243
2021-09-08,Calaveras,009,45235,3250,22,3272,70
2021-09-08,Colusa,011,21464,2364,511,2875,16
2021-09-08,Contra Costa,013,1133247,92687,1830,94517,943
2021-09-08,Del Norte,015,27424,3261,20,3281,30
2021-09-08,El Dorado,017,186661,14304,1407,15711,139
2021-09-08,Fresno,019,978130,123274,10928,134202,1938
2021-09-08,Glenn,021,27897,3061,868,3929,31
2021-09-08,Humboldt,023,135768,7676,341,8017,89
2021-09-08,Imperial,025,180216,30958,2888,33846,761
2021-09-08,Inyo,027,18085,1608,30,1638,39
2021-09-08,Kern,029,883053,113686,16716,130402,1506
2021-09-08,Kings,031,150075,28047,1521,29568,286
2021-09-08,Lake,033,64148,5851,107,5958,92
2021-09-08,Lassen,035,31185,6009,216,6225,25
2021-09-08,Los Angeles,037,10098052,1377791,49774,1427565,25730
2021-09-08,Madera,039,155013,19969,1523,21492,268
2021-09-08,Marin,041,260295,8148,307,8455,190
2021-09-08,Mariposa,043,17540,833,27,860,9
2021-09-08,Mendocino,045,87422,6380,258,6638,70
2021-09-08,Merced,047,269075,37174,1419,38593,552
2021-09-08,Modoc,049,8938,460,158,618,5
2021-09-08,Mono,051,14174,1454,18,1472,3
2021-09-08,Monterey,053,433212,46740,2439,49179,603
2021-09-08,Napa,055,140530,12009,75,12084,93
2021-09-08,Nevada,057,99092,8040,260,8300,90
2021-09-08,Orange,059,3164182,292960,13624,306584,5531
2021-09-08,Placer,061,380077,32777,2992,35769,364
2021-09-08,Plumas,063,18699,1164,22,1186,7
2021-09-08,Riverside,065,2383286,340597,15479,356076,4943
2021-09-08,Sacramento,067,1510023,143528,3397,146925,2052
2021-09-08,San Benito,069,59416,6840,136,6976,64
2021-09-08,San Bernardino,071,2135413,334508,10319,344827,5700
2021-09-08,San Diego,073,3302833,346215,20344,366559,4010
2021-09-08,San Francisco,075,870044,49076,2044,51120,631
2021-09-08,San Joaquin,077,732212,91120,4732,95852,1655
2021-09-08,San Luis Obispo,079,281455,26974,1025,27999,304
2021-09-08,San Mateo,081,765935,50910,743,51653,573
2021-09-08,Santa Barbara,083,443738,40970,1404,42374,496
2021-09-08,Santa Clara,085,1922200,138559,1042,139601,1832
2021-09-08,Santa Cruz,087,273765,19002,950,19952,214
2021-09-08,Shasta,089,179085,17105,2636,19741,257
2021-09-08,Sierra,091,2930,129,13,142,1
2021-09-08,Siskiyou,093,43540,2813,919,3732,37
2021-09-08,Solano,095,438530,42999,1073,44072,318
2021-09-08,Sonoma,097,501317,38558,459,39017,379
2021-09-08,Stanislaus,099,539301,69912,7763,77675,1139
2021-09-08,Sutter,101,95872,12535,203,12738,152
2021-09-08,Tehama,103,63373,6792,1067,7859,93
2021-09-08,Trinity,105,12862,672,174,846,12
2021-09-08,Tulare,107,460477,59387,11847,71234,969
2021-09-08,Tuolumne,109,53932,5915,65,5980,97
2021-09-08,Ventura,111,848112,93064,3986,97050,1118
2021-09-08,Yolo,113,214977,18036,778,18814,268
2021-09-08,Yuba,115,75493,8841,190,9031,70
2021-09-07,Alameda,001,1643700,111711,2500,114211,1393
2021-09-07,Alpine,002,1148,96,0,96,0
2021-09-07,Amador,005,37829,4764,45,4809,57
2021-09-07,Butte,007,227075,17350,3063,20413,241
2021-09-07,Calaveras,009,45235,3209,20,3229,70
2021-09-07,Colusa,011,21464,2354,509,2863,16
2021-09-07,Contra Costa,013,1133247,92420,1824,94244,940
2021-09-07,Del Norte,015,27424,3247,20,3267,30
2021-09-07,El Dorado,017,186661,14232,1392,15624,137
2021-09-07,Fresno,019,978130,122716,10835,133551,1928
2021-09-07,Glenn,021,27897,3049,862,3911,31
2021-09-07,Humboldt,023,135768,7616,324,7940,85
2021-09-07,Imperial,025,180216,30918,2880,33798,761
2021-09-07,Inyo,027,18085,1602,29,1631,39
2021-09-07,Kern,029,883053,113254,16558,129812,1502
2021-09-07,Kings,031,150075,27923,1503,29426,282
2021-09-07,Lake,033,64148,5808,99,5907,91
2021-09-07,Lassen,035,31185,5991,210,6201,25
2021-09-07,Los Angeles,037,10098052,1375561,49683,1425244,25705
2021-09-07,Madera,039,155013,19882,1515,21397,267
2021-09-07,Marin,041,260295,8109,307,8416,189
2021-09-07,Mariposa,043,17540,817,27,844,9
2021-09-07,Mendocino,045,87422,6320,248,6568,69
2021-09-07,Merced,047,269075,36999,1413,38412,551
2021-09-07,Modoc,049,8938,458,158,616,5
2021-09-07,Mono,051,14174,1445,18,1463,3
2021-09-07,Monterey,053,433212,46657,2427,49084,603
2021-09-07,Napa,055,140530,11968,75,12043,93
2021-09-07,Nevada,057,99092,8013,260,8273,90
2021-09-07,Orange,059,3164182,292528,13594,306122,5526
2021-09-07,Placer,061,380077,32624,2964,35588,363
2021-09-07,Plumas,063,18699,1149,22,1171,7
2021-09-07,Riverside,065,2383286,339808,15460,355268,4932
2021-09-07,Sacramento,067,1510023,142989,3350,146339,2043
2021-09-07,San Benito,069,59416,6822,136,6958,64
2021-09-07,San Bernardino,071,2135413,333756,10294,344050,5690
2021-09-07,San Diego,073,3302833,345217,20278,365495,4003
2021-09-07,San Francisco,075,870044,48936,2039,50975,629
2021-09-07,San Joaquin,077,732212,90784,4718,95502,1646
2021-09-07,San Luis Obispo,079,281455,26857,1016,27873,303
2021-09-07,San Mateo,081,765935,50814,742,51556,572
2021-09-07,Santa Barbara,083,443738,40844,1399,42243,495
2021-09-07,Santa Clara,085,1922200,138270,1037,139307,1828
2021-09-07,Santa Cruz,087,273765,18953,948,19901,214
2021-09-07,Shasta,089,179085,16949,2584,19533,256
2021-09-07,Sierra,091,2930,129,13,142,1
2021-09-07,Siskiyou,093,43540,2787,902,3689,37
2021-09-07,Solano,095,438530,42869,1069,43938,316
2021-09-07,Sonoma,097,501317,38474,457,38931,378
2021-09-07,Stanislaus,099,539301,69641,7736,77377,1135
2021-09-07,Sutter,101,95872,12461,197,12658,152
2021-09-07,Tehama,103,63373,6740,1047,7787,92
2021-09-07,Trinity,105,12862,666,174,840,12
2021-09-07,Tulare,107,460477,59037,11767,70804,967
2021-09-07,Tuolumne,109,53932,5878,65,5943,97
2021-09-07,Ventura,111,848112,92853,3976,96829,1118
2021-09-07,Yolo,113,214977,17966,776,18742,268
2021-09-07,Yuba,115,75493,8798,185,8983,68
2021-09-06,Alameda,001,1643700,111398,2492,113890,1393
2021-09-06,Alpine,002,1148,94,0,94,0
2021-09-06,Amador,005,37829,4748,44,4792,57
2021-09-06,Butte,007,227075,17159,3019,20178,239
2021-09-06,Calaveras,009,45235,3187,20,3207,70
2021-09-06,Colusa,011,21464,2347,505,2852,16
2021-09-06,Contra Costa,013,1133247,92124,1814,93938,937
2021-09-06,Del Norte,015,27424,3206,19,3225,30
2021-09-06,El Dorado,017,186661,14163,1376,15539,136
2021-09-06,Fresno,019,978130,122139,10759,132898,1919
2021-09-06,Glenn,021,27897,3020,854,3874,31
2021-09-06,Humboldt,023,135768,7540,306,7846,83
2021-09-06,Imperial,025,180216,30856,2874,33730,761
2021-09-06,Inyo,027,18085,1593,17,1610,39
2021-09-06,Kern,029,883053,112741,16370,129111,1497
2021-09-06,Kings,031,150075,27780,1488,29268,282
2021-09-06,Lake,033,64148,5744,92,5836,91
2021-09-06,Lassen,035,31185,5965,200,6165,25
2021-09-06,Los Angeles,037,10098052,1373182,49571,1422753,25673
2021-09-06,Madera,039,155013,19779,1492,21271,267
2021-09-06,Marin,041,260295,8069,307,8376,189
2021-09-06,Mariposa,043,17540,805,27,832,9
2021-09-06,Mendocino,045,87422,6250,235,6485,69
2021-09-06,Merced,047,269075,36784,1399,38183,548
2021-09-06,Modoc,049,8938,455,158,613,5
2021-09-06,Mono,051,14174,1441,18,1459,3
2021-09-06,Monterey,053,433212,46563,2411,48974,601
2021-09-06,Napa,055,140530,11925,74,11999,93
2021-09-06,Nevada,057,99092,7965,258,8223,89
2021-09-06,Orange,059,3164182,292034,13541,305575,5522
2021-09-06,Placer,061,380077,32448,2926,35374,363
2021-09-06,Plumas,063,18699,1128,19,1147,7
2021-09-06,Riverside,065,2383286,338992,15440,354432,4928
2021-09-06,Sacramento,067,1510023,142352,3282,145634,2034
2021-09-06,San Benito,069,59416,6799,133,6932,64
2021-09-06,San Bernardino,071,2135413,332866,10263,343129,5677
2021-09-06,San Diego,073,3302833,344218,20181,364399,3993
2021-09-06,San Francisco,075,870044,48802,2034,50836,626
2021-09-06,San Joaquin,077,732212,90440,4692,95132,1641
2021-09-06,San Luis Obispo,079,281455,26728,1012,27740,300
2021-09-06,San Mateo,081,765935,50684,740,51424,570
2021-09-06,Santa Barbara,083,443738,40713,1390,42103,494
2021-09-06,Santa Clara,085,1922200,137978,1035,139013,1826
2021-09-06,Santa Cruz,087,273765,18905,945,19850,214
2021-09-06,Shasta,089,179085,16768,2530,19298,254
2021-09-06,Sierra,091,2930,129,13,142,0
2021-09-06,Siskiyou,093,43540,2743,868,3611,37
2021-09-06,Solano,095,438530,42721,1063,43784,316
2021-09-06,Sonoma,097,501317,38353,456,38809,377
2021-09-06,Stanislaus,099,539301,69299,7692,76991,1130
2021-09-06,Sutter,101,95872,12399,188,12587,152
2021-09-06,Tehama,103,63373,6678,1020,7698,90
2021-09-06,Trinity,105,12862,663,172,835,10
2021-09-06,Tulare,107,460477,58676,11687,70363,966
2021-09-06,Tuolumne,109,53932,5842,65,5907,96
2021-09-06,Ventura,111,848112,92676,3964,96640,1114
2021-09-06,Yolo,113,214977,17879,771,18650,268
2021-09-06,Yuba,115,75493,8748,181,8929,68
2021-09-05,Alameda,001,1643700,111205,2489,113694,1390
2021-09-05,Alpine,002,1148,94,0,94,0
2021-09-05,Amador,005,37829,4736,44,4780,57
2021-09-05,Butte,007,227075,17069,2990,20059,237
2021-09-05,Calaveras,009,45235,3181,20,3201,69
2021-09-05,Colusa,011,21464,2339,503,2842,16
2021-09-05,Contra Costa,013,1133247,91939,1809,93748,934
2021-09-05,Del Norte,015,27424,3186,19,3205,30
2021-09-05,El Dorado,017,186661,14134,1363,15497,134
2021-09-05,Fresno,019,978130,121841,10718,132559,1915
2021-09-05,Glenn,021,27897,3006,852,3858,31
2021-09-05,Humboldt,023,135768,7507,303,7810,80
2021-09-05,Imperial,025,180216,30827,2872,33699,760
2021-09-05,Inyo,027,18085,1590,17,1607,39
2021-09-05,Kern,029,883053,112442,16211,128653,1491
2021-09-05,Kings,031,150075,27703,1484,29187,277
2021-09-05,Lake,033,64148,5724,92,5816,90
2021-09-05,Lassen,035,31185,5943,196,6139,25
2021-09-05,Los Angeles,037,10098052,1371884,49504,1421388,25642
2021-09-05,Madera,039,155013,19738,1481,21219,267
2021-09-05,Marin,041,260295,8050,306,8356,189
2021-09-05,Mariposa,043,17540,801,27,828,9
2021-09-05,Mendocino,045,87422,6216,235,6451,69
2021-09-05,Merced,047,269075,36709,1397,38106,546
2021-09-05,Modoc,049,8938,455,158,613,5
2021-09-05,Mono,051,14174,1441,18,1459,3
2021-09-05,Monterey,053,433212,46534,2402,48936,600
2021-09-05,Napa,055,140530,11900,74,11974,92
2021-09-05,Nevada,057,99092,7943,257,8200,88
2021-09-05,Orange,059,3164182,291745,13524,305269,5511
2021-09-05,Placer,061,380077,32321,2912,35233,361
2021-09-05,Plumas,063,18699,1121,19,1140,7
2021-09-05,Riverside,065,2383286,338538,15428,353966,4922
2021-09-05,Sacramento,067,1510023,141914,3264,145178,2028
2021-09-05,San Benito,069,59416,6798,133,6931,64
2021-09-05,San Bernardino,071,2135413,332482,10247,342729,5663
2021-09-05,San Diego,073,3302833,343666,20140,363806,3989
2021-09-05,San Francisco,075,870044,48723,2030,50753,625
2021-09-05,San Joaquin,077,732212,90274,4675,94949,1631
2021-09-05,San Luis Obispo,079,281455,26678,1011,27689,300
2021-09-05,San Mateo,081,765935,50616,736,51352,570
2021-09-05,Santa Barbara,083,443738,40646,1388,42034,492
2021-09-05,Santa Clara,085,1922200,137768,1033,138801,1823
2021-09-05,Santa Cruz,087,273765,18885,943,19828,214
2021-09-05,Shasta,089,179085,16686,2504,19190,250
2021-09-05,Sierra,091,2930,128,13,141,0
2021-09-05,Siskiyou,093,43540,2726,854,3580,36
2021-09-05,Solano,095,438530,42626,1058,43684,316
2021-09-05,Sonoma,097,501317,38268,455,38723,377
2021-09-05,Stanislaus,099,539301,69159,7668,76827,1127
2021-09-05,Sutter,101,95872,12369,182,12551,150
2021-09-05,Tehama,103,63373,6651,1014,7665,90
2021-09-05,Trinity,105,12862,657,171,828,10
2021-09-05,Tulare,107,460477,58507,11643,70150,964
2021-09-05,Tuolumne,109,53932,5830,65,5895,96
2021-09-05,Ventura,111,848112,92540,3960,96500,1111
2021-09-05,Yolo,113,214977,17842,765,18607,268
2021-09-05,Yuba,115,75493,8722,179,8901,68
2021-09-04,Alameda,001,1643700,111082,2482,113564,1387
2021-09-04,Alpine,002,1148,94,0,94,0
2021-09-04,Amador,005,37829,4718,43,4761,57
2021-09-04,Butte,007,227075,17011,2975,19986,236
2021-09-04,Calaveras,009,45235,3169,19,3188,69
2021-09-04,Colusa,011,21464,2337,503,2840,16
2021-09-04,Contra Costa,013,1133247,91822,1806,93628,929
2021-09-04,Del Norte,015,27424,3175,19,3194,30
2021-09-04,El Dorado,017,186661,14108,1355,15463,134
2021-09-04,Fresno,019,978130,121645,10697,132342,1910
2021-09-04,Glenn,021,27897,2996,846,3842,31
2021-09-04,Humboldt,023,135768,7476,297,7773,79
2021-09-04,Imperial,025,180216,30804,2870,33674,760
2021-09-04,Inyo,027,18085,1588,17,1605,39
2021-09-04,Kern,029,883053,112199,16081,128280,1488
2021-09-04,Kings,031,150075,27616,1478,29094,274
2021-09-04,Lake,033,64148,5706,92,5798,88
2021-09-04,Lassen,035,31185,5928,188,6116,25
2021-09-04,Los Angeles,037,10098052,1370926,49448,1420374,25605
2021-09-04,Madera,039,155013,19705,1474,21179,266
2021-09-04,Marin,041,260295,8034,305,8339,189
2021-09-04,Mariposa,043,17540,796,27,823,9
2021-09-04,Mendocino,045,87422,6180,235,6415,69
2021-09-04,Merced,047,269075,36665,1392,38057,543
2021-09-04,Modoc,049,8938,455,158,613,5
2021-09-04,Mono,051,14174,1438,18,1456,3
2021-09-04,Monterey,053,433212,46503,2398,48901,599
2021-09-04,Napa,055,140530,11875,72,11947,91
2021-09-04,Nevada,057,99092,7928,256,8184,88
2021-09-04,Orange,059,3164182,291482,13503,304985,5499
2021-09-04,Placer,061,380077,32218,2895,35113,357
2021-09-04,Plumas,063,18699,1113,19,1132,7
2021-09-04,Riverside,065,2383286,338068,15416,353484,4913
2021-09-04,Sacramento,067,1510023,141620,3256,144876,2023
2021-09-04,San Benito,069,59416,6789,133,6922,63
2021-09-04,San Bernardino,071,2135413,332148,10233,342381,5660
2021-09-04,San Diego,073,3302833,343231,20118,363349,3980
2021-09-04,San Francisco,075,870044,48648,2022,50670,623
2021-09-04,San Joaquin,077,732212,90159,4667,94826,1621
2021-09-04,San Luis Obispo,079,281455,26646,1011,27657,298
2021-09-04,San Mateo,081,765935,50562,736,51298,568
2021-09-04,Santa Barbara,083,443738,40580,1386,41966,492
2021-09-04,Santa Clara,085,1922200,137583,1030,138613,1820
2021-09-04,Santa Cruz,087,273765,18867,939,19806,214
2021-09-04,Shasta,089,179085,16609,2478,19087,244
2021-09-04,Sierra,091,2930,126,13,139,0
2021-09-04,Siskiyou,093,43540,2700,843,3543,36
2021-09-04,Solano,095,438530,42553,1056,43609,316
2021-09-04,Sonoma,097,501317,38235,455,38690,376
2021-09-04,Stanislaus,099,539301,69012,7643,76655,1117
2021-09-04,Sutter,101,95872,12328,181,12509,148
2021-09-04,Tehama,103,63373,6626,996,7622,89
2021-09-04,Trinity,105,12862,655,171,826,10
2021-09-04,Tulare,107,460477,58399,11600,69999,961
2021-09-04,Tuolumne,109,53932,5811,63,5874,96
2021-09-04,Ventura,111,848112,92405,3957,96362,1111
2021-09-04,Yolo,113,214977,17806,761,18567,268
2021-09-04,Yuba,115,75493,8693,178,8871,68
2021-09-03,Alameda,001,1643700,110922,2480,113402,1383
2021-09-03,Alpine,002,1148,94,0,94,0
2021-09-03,Amador,005,37829,4696,43,4739,56
2021-09-03,Butte,007,227075,16920,2949,19869,235
2021-09-03,Calaveras,009,45235,3159,19,3178,69
2021-09-03,Colusa,011,21464,2332,502,2834,16
2021-09-03,Contra Costa,013,1133247,91670,1803,93473,927
2021-09-03,Del Norte,015,27424,3147,18,3165,28
2021-09-03,El Dorado,017,186661,14075,1351,15426,133
2021-09-03,Fresno,019,978130,121308,10675,131983,1907
2021-09-03,Glenn,021,27897,2987,838,3825,31
2021-09-03,Humboldt,023,135768,7451,292,7743,77
2021-09-03,Imperial,025,180216,30780,2865,33645,758
2021-09-03,Inyo,027,18085,1583,17,1600,39
2021-09-03,Kern,029,883053,111983,15970,127953,1484
2021-09-03,Kings,031,150075,27532,1475,29007,274
2021-09-03,Lake,033,64148,5686,90,5776,87
2021-09-03,Lassen,035,31185,5911,184,6095,25
2021-09-03,Los Angeles,037,10098052,1369594,49383,1418977,25577
2021-09-03,Madera,039,155013,19620,1468,21088,265
2021-09-03,Marin,041,260295,8012,304,8316,189
2021-09-03,Mariposa,043,17540,789,25,814,9
2021-09-03,Mendocino,045,87422,6145,235,6380,67
2021-09-03,Merced,047,269075,36611,1383,37994,543
2021-09-03,Modoc,049,8938,455,158,613,5
2021-09-03,Mono,051,14174,1437,18,1455,3
2021-09-03,Monterey,053,433212,46465,2394,48859,599
2021-09-03,Napa,055,140530,11854,72,11926,90
2021-09-03,Nevada,057,99092,7894,256,8150,87
2021-09-03,Orange,059,3164182,291163,13476,304639,5493
2021-09-03,Placer,061,380077,32111,2871,34982,355
2021-09-03,Plumas,063,18699,1102,19,1121,7
2021-09-03,Riverside,065,2383286,337536,15400,352936,4900
2021-09-03,Sacramento,067,1510023,141256,3238,144494,2017
2021-09-03,San Benito,069,59416,6783,133,6916,63
2021-09-03,San Bernardino,071,2135413,331731,10223,341954,5649
2021-09-03,San Diego,073,3302833,342611,20085,362696,3975
2021-09-03,San Francisco,075,870044,48572,2016,50588,620
2021-09-03,San Joaquin,077,732212,90006,4659,94665,1620
2021-09-03,San Luis Obispo,079,281455,26571,1009,27580,297
2021-09-03,San Mateo,081,765935,50467,734,51201,568
2021-09-03,Santa Barbara,083,443738,40512,1383,41895,492
2021-09-03,Santa Clara,085,1922200,137379,1026,138405,1819
2021-09-03,Santa Cruz,087,273765,18842,939,19781,214
2021-09-03,Shasta,089,179085,16534,2454,18988,242
2021-09-03,Sierra,091,2930,124,13,137,0
2021-09-03,Siskiyou,093,43540,2688,830,3518,36
2021-09-03,Solano,095,438530,42457,1053,43510,316
2021-09-03,Sonoma,097,501317,38172,455,38627,376
2021-09-03,Stanislaus,099,539301,68836,7617,76453,1115
2021-09-03,Sutter,101,95872,12289,180,12469,145
2021-09-03,Tehama,103,63373,6587,989,7576,89
2021-09-03,Trinity,105,12862,653,167,820,10
2021-09-03,Tulare,107,460477,58273,11548,69821,958
2021-09-03,Tuolumne,109,53932,5769,63,5832,95
2021-09-03,Ventura,111,848112,92271,3953,96224,1109
2021-09-03,Yolo,113,214977,17782,757,18539,268
2021-09-03,Yuba,115,75493,8662,178,8840,68
2021-09-02,Alameda,001,1643700,110664,2477,113141,1381
2021-09-02,Alpine,002,1148,93,0,93,0
2021-09-02,Amador,005,37829,4680,43,4723,55
2021-09-02,Butte,007,227075,16793,2930,19723,232
2021-09-02,Calaveras,009,45235,3146,19,3165,69
2021-09-02,Colusa,011,21464,2328,502,2830,16
2021-09-02,Contra Costa,013,1133247,91487,1792,93279,924
2021-09-02,Del Norte,015,27424,3116,18,3134,28
2021-09-02,El Dorado,017,186661,14017,1326,15343,133
2021-09-02,Fresno,019,978130,120822,10620,131442,1900
2021-09-02,Glenn,021,27897,2971,832,3803,31
2021-09-02,Humboldt,023,135768,7404,281,7685,77
2021-09-02,Imperial,025,180216,30736,2860,33596,757
2021-09-02,Inyo,027,18085,1578,16,1594,39
2021-09-02,Kern,029,883053,111570,15826,127396,1480
2021-09-02,Kings,031,150075,27439,1465,28904,273
2021-09-02,Lake,033,64148,5656,86,5742,85
2021-09-02,Lassen,035,31185,5897,177,6074,24
2021-09-02,Los Angeles,037,10098052,1367737,49291,1417028,25544
2021-09-02,Madera,039,155013,19529,1450,20979,264
2021-09-02,Marin,041,260295,7999,302,8301,189
2021-09-02,Mariposa,043,17540,782,22,804,9
2021-09-02,Mendocino,045,87422,6103,232,6335,66
2021-09-02,Merced,047,269075,36448,1376,37824,541
2021-09-02,Modoc,049,8938,455,158,613,5
2021-09-02,Mono,051,14174,1437,18,1455,3
2021-09-02,Monterey,053,433212,46399,2379,48778,599
2021-09-02,Napa,055,140530,11825,72,11897,90
2021-09-02,Nevada,057,99092,7842,255,8097,87
2021-09-02,Orange,059,3164182,290703,13442,304145,5484
2021-09-02,Placer,061,380077,31973,2842,34815,353
2021-09-02,Plumas,063,18699,1091,18,1109,7
2021-09-02,Riverside,065,2383286,336820,15376,352196,4887
2021-09-02,Sacramento,067,1510023,140673,3198,143871,2010
2021-09-02,San Benito,069,59416,6778,132,6910,63
2021-09-02,San Bernardino,071,2135413,331121,10150,341271,5634
2021-09-02,San Diego,073,3302833,341653,20032,361685,3965
2021-09-02,San Francisco,075,870044,48462,2012,50474,619
2021-09-02,San Joaquin,077,732212,89722,4635,94357,1616
2021-09-02,San Luis Obispo,079,281455,26486,1004,27490,297
2021-09-02,San Mateo,081,765935,50366,732,51098,568
2021-09-02,Santa Barbara,083,443738,40422,1370,41792,492
2021-09-02,Santa Clara,085,1922200,137078,1020,138098,1816
2021-09-02,Santa Cruz,087,273765,18808,936,19744,213
2021-09-02,Shasta,089,179085,16396,2425,18821,240
2021-09-02,Sierra,091,2930,124,13,137,0
2021-09-02,Siskiyou,093,43540,2667,802,3469,36
2021-09-02,Solano,095,438530,42351,1050,43401,314
2021-09-02,Sonoma,097,501317,38091,455,38546,376
2021-09-02,Stanislaus,099,539301,68596,7597,76193,1109
2021-09-02,Sutter,101,95872,12220,176,12396,142
2021-09-02,Tehama,103,63373,6529,970,7499,87
2021-09-02,Trinity,105,12862,649,165,814,10
2021-09-02,Tulare,107,460477,58042,11494,69536,956
2021-09-02,Tuolumne,109,53932,5712,63,5775,94
2021-09-02,Ventura,111,848112,92088,3948,96036,1109
2021-09-02,Yolo,113,214977,17707,751,18458,267
2021-09-02,Yuba,115,75493,8602,178,8780,68
2021-09-01,Alameda,001,1643700,110396,2472,112868,1377
2021-09-01,Alpine,002,1148,93,0,93,0
2021-09-01,Amador,005,37829,4664,42,4706,55
2021-09-01,Butte,007,227075,16677,2901,19578,232
2021-09-01,Calaveras,009,45235,3134,19,3153,69
2021-09-01,Colusa,011,21464,2323,501,2824,16
2021-09-01,Contra Costa,013,1133247,91251,1785,93036,923
2021-09-01,Del Norte,015,27424,3083,18,3101,28
2021-09-01,El Dorado,017,186661,13961,1297,15258,133
2021-09-01,Fresno,019,978130,120333,10550,130883,1893
2021-09-01,Glenn,021,27897,2946,824,3770,30
2021-09-01,Humboldt,023,135768,7357,274,7631,77
2021-09-01,Imperial,025,180216,30698,2855,33553,756
2021-09-01,Inyo,027,18085,1574,15,1589,39
2021-09-01,Kern,029,883053,111140,15688,126828,1472
2021-09-01,Kings,031,150075,27326,1454,28780,272
2021-09-01,Lake,033,64148,5615,81,5696,85
2021-09-01,Lassen,035,31185,5875,173,6048,22
2021-09-01,Los Angeles,037,10098052,1365471,49191,1414662,25498
2021-09-01,Madera,039,155013,19451,1435,20886,264
2021-09-01,Marin,041,260295,7977,297,8274,189
2021-09-01,Mariposa,043,17540,774,22,796,9
2021-09-01,Mendocino,045,87422,6060,227,6287,66
2021-09-01,Merced,047,269075,36270,1366,37636,540
2021-09-01,Modoc,049,8938,449,156,605,5
2021-09-01,Mono,051,14174,1437,18,1455,3
2021-09-01,Monterey,053,433212,46319,2364,48683,598
2021-09-01,Napa,055,140530,11792,72,11864,90
2021-09-01,Nevada,057,99092,7789,254,8043,85
2021-09-01,Orange,059,3164182,290227,13404,303631,5477
2021-09-01,Placer,061,380077,31817,2828,34645,350
2021-09-01,Plumas,063,18699,1083,18,1101,7
2021-09-01,Riverside,065,2383286,336008,15346,351354,4874
2021-09-01,Sacramento,067,1510023,140064,3153,143217,2002
2021-09-01,San Benito,069,59416,6761,132,6893,63
2021-09-01,San Bernardino,071,2135413,330475,10121,340596,5628
2021-09-01,San Diego,073,3302833,340631,19976,360607,3957
2021-09-01,San Francisco,075,870044,48354,2005,50359,619
2021-09-01,San Joaquin,077,732212,89400,4612,94012,1610
2021-09-01,San Luis Obispo,079,281455,26390,999,27389,294
2021-09-01,San Mateo,081,765935,50247,727,50974,567
2021-09-01,Santa Barbara,083,443738,40304,1354,41658,491
2021-09-01,Santa Clara,085,1922200,136810,1014,137824,1812
2021-09-01,Santa Cruz,087,273765,18761,934,19695,212
2021-09-01,Shasta,089,179085,16264,2385,18649,239
2021-09-01,Sierra,091,2930,123,13,136,0
2021-09-01,Siskiyou,093,43540,2637,782,3419,36
2021-09-01,Solano,095,438530,42200,1044,43244,314
2021-09-01,Sonoma,097,501317,37997,454,38451,374
2021-09-01,Stanislaus,099,539301,68311,7566,75877,1103
2021-09-01,Sutter,101,95872,12156,169,12325,142
2021-09-01,Tehama,103,63373,6495,953,7448,86
2021-09-01,Trinity,105,12862,648,162,810,9
2021-09-01,Tulare,107,460477,57759,11457,69216,952
2021-09-01,Tuolumne,109,53932,5673,63,5736,92
2021-09-01,Ventura,111,848112,91873,3932,95805,1107
2021-09-01,Yolo,113,214977,17647,749,18396,267
2021-09-01,Yuba,115,75493,8540,178,8718,67
2021-08-31,Alameda,001,1643700,110102,2466,112568,1372
2021-08-31,Alpine,002,1148,91,0,91,0
2021-08-31,Amador,005,37829,4643,42,4685,55
2021-08-31,Butte,007,227075,16535,2858,19393,232
2021-08-31,Calaveras,009,45235,3094,19,3113,67
2021-08-31,Colusa,011,21464,2321,499,2820,16
2021-08-31,Contra Costa,013,1133247,90956,1773,92729,919
2021-08-31,Del Norte,015,27424,3047,18,3065,26
2021-08-31,El Dorado,017,186661,13890,1279,15169,131
2021-08-31,Fresno,019,978130,119752,10471,130223,1883
2021-08-31,Glenn,021,27897,2930,814,3744,30
2021-08-31,Humboldt,023,135768,7282,261,7543,76
2021-08-31,Imperial,025,180216,30661,2847,33508,756
2021-08-31,Inyo,027,18085,1570,15,1585,39
2021-08-31,Kern,029,883053,110638,15509,126147,1470
2021-08-31,Kings,031,150075,27185,1440,28625,271
2021-08-31,Lake,033,64148,5571,80,5651,85
2021-08-31,Lassen,035,31185,5849,170,6019,22
2021-08-31,Los Angeles,037,10098052,1362876,49115,1411991,25467
2021-08-31,Madera,039,155013,19361,1418,20779,264
2021-08-31,Marin,041,260295,7948,294,8242,189
2021-08-31,Mariposa,043,17540,766,22,788,9
2021-08-31,Mendocino,045,87422,6018,226,6244,66
2021-08-31,Merced,047,269075,36100,1361,37461,538
2021-08-31,Modoc,049,8938,448,156,604,5
2021-08-31,Mono,051,14174,1425,18,1443,3
2021-08-31,Monterey,053,433212,46235,2351,48586,598
2021-08-31,Napa,055,140530,11744,72,11816,89
2021-08-31,Nevada,057,99092,7723,254,7977,85
2021-08-31,Orange,059,3164182,289627,13372,302999,5468
2021-08-31,Placer,061,380077,31628,2791,34419,346
2021-08-31,Plumas,063,18699,1079,17,1096,6
2021-08-31,Riverside,065,2383286,335036,15313,350349,4865
2021-08-31,Sacramento,067,1510023,139379,3121,142500,1997
2021-08-31,San Benito,069,59416,6749,130,6879,63
2021-08-31,San Bernardino,071,2135413,329726,10101,339827,5619
2021-08-31,San Diego,073,3302833,339379,19918,359297,3952
2021-08-31,San Francisco,075,870044,48204,1994,50198,617
2021-08-31,San Joaquin,077,732212,88956,4597,93553,1606
2021-08-31,San Luis Obispo,079,281455,26267,995,27262,293
2021-08-31,San Mateo,081,765935,50135,727,50862,567
2021-08-31,Santa Barbara,083,443738,40154,1348,41502,490
2021-08-31,Santa Clara,085,1922200,136457,1007,137464,1809
2021-08-31,Santa Cruz,087,273765,18723,931,19654,212
2021-08-31,Shasta,089,179085,16112,2358,18470,235
2021-08-31,Sierra,091,2930,120,13,133,0
2021-08-31,Siskiyou,093,43540,2617,766,3383,36
2021-08-31,Solano,095,438530,42060,1038,43098,314
2021-08-31,Sonoma,097,501317,37900,453,38353,373
2021-08-31,Stanislaus,099,539301,67956,7531,75487,1100
2021-08-31,Sutter,101,95872,12091,165,12256,141
2021-08-31,Tehama,103,63373,6434,922,7356,86
2021-08-31,Trinity,105,12862,642,162,804,9
2021-08-31,Tulare,107,460477,57425,11387,68812,948
2021-08-31,Tuolumne,109,53932,5637,63,5700,90
2021-08-31,Ventura,111,848112,91654,3920,95574,1107
2021-08-31,Yolo,113,214977,17561,747,18308,265
2021-08-31,Yuba,115,75493,8486,178,8664,67
2021-08-30,Alameda,001,1643700,109785,2455,112240,1368
2021-08-30,Alpine,002,1148,91,0,91,0
2021-08-30,Amador,005,37829,4632,42,4674,55
2021-08-30,Butte,007,227075,16383,2824,19207,231
2021-08-30,Calaveras,009,45235,3079,19,3098,65
2021-08-30,Colusa,011,21464,2312,496,2808,16
2021-08-30,Contra Costa,013,1133247,90697,1763,92460,917
2021-08-30,Del Norte,015,27424,3005,17,3022,26
2021-08-30,El Dorado,017,186661,13821,1262,15083,131
2021-08-30,Fresno,019,978130,119181,10399,129580,1880
2021-08-30,Glenn,021,27897,2919,808,3727,30
2021-08-30,Humboldt,023,135768,7228,255,7483,76
2021-08-30,Imperial,025,180216,30623,2842,33465,756
2021-08-30,Inyo,027,18085,1565,15,1580,39
2021-08-30,Kern,029,883053,110160,15347,125507,1466
2021-08-30,Kings,031,150075,27069,1425,28494,269
2021-08-30,Lake,033,64148,5536,77,5613,85
2021-08-30,Lassen,035,31185,5827,164,5991,21
2021-08-30,Los Angeles,037,10098052,1360417,49030,1409447,25442
2021-08-30,Madera,039,155013,19279,1398,20677,263
2021-08-30,Marin,041,260295,7917,294,8211,189
2021-08-30,Mariposa,043,17540,760,21,781,9
2021-08-30,Mendocino,045,87422,5984,222,6206,66
2021-08-30,Merced,047,269075,35972,1357,37329,535
2021-08-30,Modoc,049,8938,446,155,601,5
2021-08-30,Mono,051,14174,1424,18,1442,3
2021-08-30,Monterey,053,433212,46173,2334,48507,597
2021-08-30,Napa,055,140530,11695,70,11765,89
2021-08-30,Nevada,057,99092,7664,251,7915,83
2021-08-30,Orange,059,3164182,289045,13323,302368,5458
2021-08-30,Placer,061,380077,31464,2768,34232,344
2021-08-30,Plumas,063,18699,1062,17,1079,6
2021-08-30,Riverside,065,2383286,334146,15282,349428,4852
2021-08-30,Sacramento,067,1510023,138721,3075,141796,1989
2021-08-30,San Benito,069,59416,6740,130,6870,63
2021-08-30,San Bernardino,071,2135413,329048,10071,339119,5610
2021-08-30,San Diego,073,3302833,338108,19838,357946,3946
2021-08-30,San Francisco,075,870044,48063,1981,50044,617
2021-08-30,San Joaquin,077,732212,88625,4576,93201,1597
2021-08-30,San Luis Obispo,079,281455,26142,988,27130,291
2021-08-30,San Mateo,081,765935,50009,721,50730,566
2021-08-30,Santa Barbara,083,443738,40002,1343,41345,489
2021-08-30,Santa Clara,085,1922200,136136,1000,137136,1807
2021-08-30,Santa Cruz,087,273765,18669,927,19596,212
2021-08-30,Shasta,089,179085,15983,2319,18302,235
2021-08-30,Sierra,091,2930,118,13,131,0
2021-08-30,Siskiyou,093,43540,2604,755,3359,35
2021-08-30,Solano,095,438530,41899,1034,42933,313
2021-08-30,Sonoma,097,501317,37795,453,38248,370
2021-08-30,Stanislaus,099,539301,67617,7500,75117,1093
2021-08-30,Sutter,101,95872,12021,158,12179,140
2021-08-30,Tehama,103,63373,6355,898,7253,86
2021-08-30,Trinity,105,12862,631,159,790,9
2021-08-30,Tulare,107,460477,57113,11312,68425,943
2021-08-30,Tuolumne,109,53932,5591,63,5654,86
2021-08-30,Ventura,111,848112,91438,3908,95346,1105
2021-08-30,Yolo,113,214977,17499,743,18242,264
2021-08-30,Yuba,115,75493,8412,177,8589,66
2021-08-29,Alameda,001,1643700,109453,2444,111897,1365
2021-08-29,Alpine,002,1148,91,0,91,0
2021-08-29,Amador,005,37829,4618,42,4660,54
2021-08-29,Butte,007,227075,16213,2787,19000,230
2021-08-29,Calaveras,009,45235,3047,19,3066,65
2021-08-29,Colusa,011,21464,2305,490,2795,16
2021-08-29,Contra Costa,013,1133247,90400,1758,92158,915
2021-08-29,Del Norte,015,27424,2962,17,2979,26
2021-08-29,El Dorado,017,186661,13765,1251,15016,130
2021-08-29,Fresno,019,978130,118584,10329,128913,1877
2021-08-29,Glenn,021,27897,2901,801,3702,30
2021-08-29,Humboldt,023,135768,7184,240,7424,76
2021-08-29,Imperial,025,180216,30562,2831,33393,755
2021-08-29,Inyo,027,18085,1555,14,1569,39
2021-08-29,Kern,029,883053,109709,15177,124886,1460
2021-08-29,Kings,031,150075,26915,1411,28326,267
2021-08-29,Lake,033,64148,5496,67,5563,85
2021-08-29,Lassen,035,31185,5804,160,5964,21
2021-08-29,Los Angeles,037,10098052,1357669,48919,1406588,25421
2021-08-29,Madera,039,155013,19192,1382,20574,261
2021-08-29,Marin,041,260295,7886,292,8178,189
2021-08-29,Mariposa,043,17540,754,19,773,9
2021-08-29,Mendocino,045,87422,5926,209,6135,65
2021-08-29,Merced,047,269075,35733,1345,37078,534
2021-08-29,Modoc,049,8938,443,155,598,5
2021-08-29,Mono,051,14174,1417,18,1435,3
2021-08-29,Monterey,053,433212,46068,2311,48379,597
2021-08-29,Napa,055,140530,11664,70,11734,89
2021-08-29,Nevada,057,99092,7607,250,7857,83
2021-08-29,Orange,059,3164182,288417,13281,301698,5450
2021-08-29,Placer,061,380077,31293,2728,34021,344
2021-08-29,Plumas,063,18699,1051,17,1068,6
2021-08-29,Riverside,065,2383286,333287,15261,348548,4838
2021-08-29,Sacramento,067,1510023,137968,3025,140993,1980
2021-08-29,San Benito,069,59416,6715,130,6845,63
2021-08-29,San Bernardino,071,2135413,328263,10038,338301,5596
2021-08-29,San Diego,073,3302833,337002,19743,356745,3940
2021-08-29,San Francisco,075,870044,47928,1969,49897,616
2021-08-29,San Joaquin,077,732212,88177,4556,92733,1591
2021-08-29,San Luis Obispo,079,281455,25944,980,26924,291
2021-08-29,San Mateo,081,765935,49897,716,50613,565
2021-08-29,Santa Barbara,083,443738,39836,1339,41175,488
2021-08-29,Santa Clara,085,1922200,135783,994,136777,1805
2021-08-29,Santa Cruz,087,273765,18622,925,19547,212
2021-08-29,Shasta,089,179085,15829,2292,18121,233
2021-08-29,Sierra,091,2930,116,13,129,0
2021-08-29,Siskiyou,093,43540,2557,735,3292,34
2021-08-29,Solano,095,438530,41746,1027,42773,312
2021-08-29,Sonoma,097,501317,37660,449,38109,368
2021-08-29,Stanislaus,099,539301,67272,7464,74736,1090
2021-08-29,Sutter,101,95872,11962,151,12113,139
2021-08-29,Tehama,103,63373,6284,875,7159,86
2021-08-29,Trinity,105,12862,628,156,784,9
2021-08-29,Tulare,107,460477,56779,11228,68007,942
2021-08-29,Tuolumne,109,53932,5565,62,5627,85
2021-08-29,Ventura,111,848112,91180,3899,95079,1101
2021-08-29,Yolo,113,214977,17399,730,18129,262
2021-08-29,Yuba,115,75493,8348,177,8525,66
2021-08-28,Alameda,001,1643700,109290,2435,111725,1363
2021-08-28,Alpine,002,1148,91,0,91,0
2021-08-28,Amador,005,37829,4599,41,4640,53
2021-08-28,Butte,007,227075,16153,2759,18912,229
2021-08-28,Calaveras,009,45235,3037,19,3056,63
2021-08-28,Colusa,011,21464,2301,488,2789,16
2021-08-28,Contra Costa,013,1133247,90189,1755,91944,914
2021-08-28,Del Norte,015,27424,2935,16,2951,25
2021-08-28,El Dorado,017,186661,13726,1245,14971,130
2021-08-28,Fresno,019,978130,118342,10297,128639,1872
2021-08-28,Glenn,021,27897,2892,794,3686,30
2021-08-28,Humboldt,023,135768,7149,235,7384,72
2021-08-28,Imperial,025,180216,30535,2828,33363,755
2021-08-28,Inyo,027,18085,1553,14,1567,39
2021-08-28,Kern,029,883053,109471,15037,124508,1454
2021-08-28,Kings,031,150075,26848,1408,28256,267
2021-08-28,Lake,033,64148,5473,63,5536,84
2021-08-28,Lassen,035,31185,5789,159,5948,21
2021-08-28,Los Angeles,037,10098052,1356453,48849,1405302,25390
2021-08-28,Madera,039,155013,19141,1368,20509,261
2021-08-28,Marin,041,260295,7871,292,8163,189
2021-08-28,Mariposa,043,17540,752,19,771,9
2021-08-28,Mendocino,045,87422,5901,209,6110,65
2021-08-28,Merced,047,269075,35681,1342,37023,534
2021-08-28,Modoc,049,8938,443,154,597,5
2021-08-28,Mono,051,14174,1414,18,1432,3
2021-08-28,Monterey,053,433212,46026,2306,48332,597
2021-08-28,Napa,055,140530,11641,69,11710,89
2021-08-28,Nevada,057,99092,7583,248,7831,83
2021-08-28,Orange,059,3164182,288060,13233,301293,5446
2021-08-28,Placer,061,380077,31185,2715,33900,341
2021-08-28,Plumas,063,18699,1044,17,1061,6
2021-08-28,Riverside,065,2383286,332698,15251,347949,4828
2021-08-28,Sacramento,067,1510023,137577,3007,140584,1974
2021-08-28,San Benito,069,59416,6708,130,6838,63
2021-08-28,San Bernardino,071,2135413,327815,10030,337845,5582
2021-08-28,San Diego,073,3302833,336418,19707,356125,3938
2021-08-28,San Francisco,075,870044,47856,1962,49818,613
2021-08-28,San Joaquin,077,732212,88007,4547,92554,1587
2021-08-28,San Luis Obispo,079,281455,25877,975,26852,289
2021-08-28,San Mateo,081,765935,49823,712,50535,564
2021-08-28,Santa Barbara,083,443738,39765,1339,41104,487
2021-08-28,Santa Clara,085,1922200,135577,992,136569,1802
2021-08-28,Santa Cruz,087,273765,18604,922,19526,212
2021-08-28,Shasta,089,179085,15726,2274,18000,233
2021-08-28,Sierra,091,2930,112,13,125,0
2021-08-28,Siskiyou,093,43540,2549,724,3273,34
2021-08-28,Solano,095,438530,41696,1026,42722,311
2021-08-28,Sonoma,097,501317,37587,447,38034,368
2021-08-28,Stanislaus,099,539301,67114,7447,74561,1085
2021-08-28,Sutter,101,95872,11941,150,12091,138
2021-08-28,Tehama,103,63373,6258,864,7122,86
2021-08-28,Trinity,105,12862,624,155,779,9
2021-08-28,Tulare,107,460477,56649,11186,67835,941
2021-08-28,Tuolumne,109,53932,5549,62,5611,85
2021-08-28,Ventura,111,848112,91062,3897,94959,1100
2021-08-28,Yolo,113,214977,17364,723,18087,261
2021-08-28,Yuba,115,75493,8317,176,8493,66
2021-08-27,Alameda,001,1643700,109080,2433,111513,1360
2021-08-27,Alpine,002,1148,91,0,91,0
2021-08-27,Amador,005,37829,4583,40,4623,53
2021-08-27,Butte,007,227075,16072,2738,18810,228
2021-08-27,Calaveras,009,45235,3022,19,3041,63
2021-08-27,Colusa,011,21464,2295,486,2781,16
2021-08-27,Contra Costa,013,1133247,89991,1752,91743,911
2021-08-27,Del Norte,015,27424,2903,16,2919,25
2021-08-27,El Dorado,017,186661,13687,1241,14928,130
2021-08-27,Fresno,019,978130,117906,10276,128182,1867
2021-08-27,Glenn,021,27897,2874,785,3659,29
2021-08-27,Humboldt,023,135768,7116,232,7348,72
2021-08-27,Imperial,025,180216,30515,2826,33341,755
2021-08-27,Inyo,027,18085,1552,14,1566,39
2021-08-27,Kern,029,883053,109177,14927,124104,1448
2021-08-27,Kings,031,150075,26769,1406,28175,267
2021-08-27,Lake,033,64148,5448,62,5510,84
2021-08-27,Lassen,035,31185,5773,154,5927,21
2021-08-27,Los Angeles,037,10098052,1354924,48788,1403712,25363
2021-08-27,Madera,039,155013,19085,1355,20440,257
2021-08-27,Marin,041,260295,7855,290,8145,187
2021-08-27,Mariposa,043,17540,746,19,765,9
2021-08-27,Mendocino,045,87422,5870,208,6078,65
2021-08-27,Merced,047,269075,35627,1334,36961,532
2021-08-27,Modoc,049,8938,443,154,597,5
2021-08-27,Mono,051,14174,1409,18,1427,3
2021-08-27,Monterey,053,433212,45977,2298,48275,597
2021-08-27,Napa,055,140530,11607,69,11676,89
2021-08-27,Nevada,057,99092,7543,246,7789,83
2021-08-27,Orange,059,3164182,287700,13194,300894,5437
2021-08-27,Placer,061,380077,31054,2696,33750,339
2021-08-27,Plumas,063,18699,1038,17,1055,6
2021-08-27,Riverside,065,2383286,332180,15236,347416,4811
2021-08-27,Sacramento,067,1510023,137142,2994,140136,1959
2021-08-27,San Benito,069,59416,6702,130,6832,63
2021-08-27,San Bernardino,071,2135413,327289,10012,337301,5576
2021-08-27,San Diego,073,3302833,335637,19653,355290,3927
2021-08-27,San Francisco,075,870044,47780,1944,49724,613
2021-08-27,San Joaquin,077,732212,87824,4528,92352,1581
2021-08-27,San Luis Obispo,079,281455,25828,972,26800,289
2021-08-27,San Mateo,081,765935,49748,708,50456,563
2021-08-27,Santa Barbara,083,443738,39673,1337,41010,486
2021-08-27,Santa Clara,085,1922200,135348,989,136337,1798
2021-08-27,Santa Cruz,087,273765,18564,918,19482,212
2021-08-27,Shasta,089,179085,15647,2258,17905,230
2021-08-27,Sierra,091,2930,111,13,124,0
2021-08-27,Siskiyou,093,43540,2534,710,3244,34
2021-08-27,Solano,095,438530,41582,1022,42604,307
2021-08-27,Sonoma,097,501317,37516,446,37962,367
2021-08-27,Stanislaus,099,539301,66905,7410,74315,1081
2021-08-27,Sutter,101,95872,11895,148,12043,137
2021-08-27,Tehama,103,63373,6226,849,7075,85
2021-08-27,Trinity,105,12862,624,154,778,9
2021-08-27,Tulare,107,460477,56513,11141,67654,938
2021-08-27,Tuolumne,109,53932,5517,62,5579,85
2021-08-27,Ventura,111,848112,90933,3893,94826,1097
2021-08-27,Yolo,113,214977,17322,718,18040,261
2021-08-27,Yuba,115,75493,8260,176,8436,64
2021-08-26,Alameda,001,1643700,108812,2424,111236,1360
2021-08-26,Alpine,002,1148,91,0,91,0
2021-08-26,Amador,005,37829,4568,39,4607,53
2021-08-26,Butte,007,227075,15938,2699,18637,228
2021-08-26,Calaveras,009,45235,3011,19,3030,63
2021-08-26,Colusa,011,21464,2288,482,2770,16
2021-08-26,Contra Costa,013,1133247,89631,1746,91377,910
2021-08-26,Del Norte,015,27424,2867,16,2883,25
2021-08-26,El Dorado,017,186661,13618,1227,14845,130
2021-08-26,Fresno,019,978130,117404,10221,127625,1857
2021-08-26,Glenn,021,27897,2856,776,3632,28
2021-08-26,Humboldt,023,135768,7058,222,7280,71
2021-08-26,Imperial,025,180216,30466,2819,33285,755
2021-08-26,Inyo,027,18085,1542,13,1555,39
2021-08-26,Kern,029,883053,108749,14785,123534,1445
2021-08-26,Kings,031,150075,26646,1397,28043,267
2021-08-26,Lake,033,64148,5402,59,5461,84
2021-08-26,Lassen,035,31185,5761,152,5913,21
2021-08-26,Los Angeles,037,10098052,1352649,48695,1401344,25336
2021-08-26,Madera,039,155013,19015,1342,20357,257
2021-08-26,Marin,041,260295,7826,287,8113,187
2021-08-26,Mariposa,043,17540,736,19,755,9
2021-08-26,Mendocino,045,87422,5832,203,6035,63
2021-08-26,Merced,047,269075,35459,1313,36772,530
2021-08-26,Modoc,049,8938,443,154,597,5
2021-08-26,Mono,051,14174,1405,18,1423,3
2021-08-26,Monterey,053,433212,45904,2287,48191,597
2021-08-26,Napa,055,140530,11584,68,11652,89
2021-08-26,Nevada,057,99092,7486,243,7729,83
2021-08-26,Orange,059,3164182,287208,13170,300378,5430
2021-08-26,Placer,061,380077,30885,2671,33556,335
2021-08-26,Plumas,063,18699,1031,16,1047,5
2021-08-26,Riverside,065,2383286,331388,15216,346604,4794
2021-08-26,Sacramento,067,1510023,136608,2953,139561,1950
2021-08-26,San Benito,069,59416,6692,130,6822,63
2021-08-26,San Bernardino,071,2135413,326631,9987,336618,5566
2021-08-26,San Diego,073,3302833,334610,19587,354197,3923
2021-08-26,San Francisco,075,870044,47654,1938,49592,612
2021-08-26,San Joaquin,077,732212,87446,4507,91953,1577
2021-08-26,San Luis Obispo,079,281455,25678,965,26643,289
2021-08-26,San Mateo,081,765935,49619,706,50325,563
2021-08-26,Santa Barbara,083,443738,39588,1336,40924,484
2021-08-26,Santa Clara,085,1922200,135023,985,136008,1794
2021-08-26,Santa Cruz,087,273765,18504,916,19420,212
2021-08-26,Shasta,089,179085,15525,2230,17755,228
2021-08-26,Sierra,091,2930,109,13,122,0
2021-08-26,Siskiyou,093,43540,2512,697,3209,34
2021-08-26,Solano,095,438530,41433,1013,42446,306
2021-08-26,Sonoma,097,501317,37427,446,37873,366
2021-08-26,Stanislaus,099,539301,66605,7369,73974,1077
2021-08-26,Sutter,101,95872,11835,145,11980,136
2021-08-26,Tehama,103,63373,6168,836,7004,85
2021-08-26,Trinity,105,12862,619,152,771,9
2021-08-26,Tulare,107,460477,56256,11094,67350,933
2021-08-26,Tuolumne,109,53932,5497,62,5559,85
2021-08-26,Ventura,111,848112,90747,3884,94631,1094
2021-08-26,Yolo,113,214977,17257,708,17965,261
2021-08-26,Yuba,115,75493,8187,174,8361,62
2021-08-25,Alameda,001,1643700,108496,2417,110913,1358
2021-08-25,Alpine,002,1148,91,0,91,0
2021-08-25,Amador,005,37829,4553,39,4592,53
2021-08-25,Butte,007,227075,15830,2656,18486,228
2021-08-25,Calaveras,009,45235,2992,19,3011,62
2021-08-25,Colusa,011,21464,2281,473,2754,16
2021-08-25,Contra Costa,013,1133247,89242,1740,90982,908
2021-08-25,Del Norte,015,27424,2822,16,2838,23
2021-08-25,El Dorado,017,186661,13558,1212,14770,129
2021-08-25,Fresno,019,978130,116875,10179,127054,1852
2021-08-25,Glenn,021,27897,2838,761,3599,28
2021-08-25,Humboldt,023,135768,6989,213,7202,70
2021-08-25,Imperial,025,180216,30429,2813,33242,755
2021-08-25,Inyo,027,18085,1538,13,1551,39
2021-08-25,Kern,029,883053,108318,14630,122948,1442
2021-08-25,Kings,031,150075,26539,1391,27930,267
2021-08-25,Lake,033,64148,5372,56,5428,83
2021-08-25,Lassen,035,31185,5744,151,5895,21
2021-08-25,Los Angeles,037,10098052,1350048,48598,1398646,25306
2021-08-25,Madera,039,155013,18951,1320,20271,256
2021-08-25,Marin,041,260295,7804,281,8085,187
2021-08-25,Mariposa,043,17540,730,19,749,9
2021-08-25,Mendocino,045,87422,5798,197,5995,63
2021-08-25,Merced,047,269075,35327,1300,36627,528
2021-08-25,Modoc,049,8938,443,154,597,5
2021-08-25,Mono,051,14174,1401,18,1419,3
2021-08-25,Monterey,053,433212,45830,2272,48102,595
2021-08-25,Napa,055,140530,11551,67,11618,89
2021-08-25,Nevada,057,99092,7420,242,7662,83
2021-08-25,Orange,059,3164182,286681,13136,299817,5417
2021-08-25,Placer,061,380077,30712,2638,33350,335
2021-08-25,Plumas,063,18699,1016,16,1032,5
2021-08-25,Riverside,065,2383286,330544,15194,345738,4781
2021-08-25,Sacramento,067,1510023,135925,2914,138839,1938
2021-08-25,San Benito,069,59416,6671,129,6800,63
2021-08-25,San Bernardino,071,2135413,325939,9966,335905,5556
2021-08-25,San Diego,073,3302833,333342,19502,352844,3919
2021-08-25,San Francisco,075,870044,47504,1933,49437,612
2021-08-25,San Joaquin,077,732212,87061,4490,91551,1573
2021-08-25,San Luis Obispo,079,281455,25486,961,26447,286
2021-08-25,San Mateo,081,765935,49497,703,50200,563
2021-08-25,Santa Barbara,083,443738,39459,1336,40795,483
2021-08-25,Santa Clara,085,1922200,134655,983,135638,1791
2021-08-25,Santa Cruz,087,273765,18444,913,19357,212
2021-08-25,Shasta,089,179085,15399,2198,17597,228
2021-08-25,Sierra,091,2930,106,13,119,0
2021-08-25,Siskiyou,093,43540,2467,679,3146,34
2021-08-25,Solano,095,438530,41262,1001,42263,304
2021-08-25,Sonoma,097,501317,37303,443,37746,364
2021-08-25,Stanislaus,099,539301,66323,7337,73660,1068
2021-08-25,Sutter,101,95872,11767,141,11908,136
2021-08-25,Tehama,103,63373,6109,819,6928,84
2021-08-25,Trinity,105,12862,613,151,764,9
2021-08-25,Tulare,107,460477,55972,11024,66996,926
2021-08-25,Tuolumne,109,53932,5471,62,5533,85
2021-08-25,Ventura,111,848112,90563,3870,94433,1094
2021-08-25,Yolo,113,214977,17192,698,17890,260
2021-08-25,Yuba,115,75493,8121,173,8294,62
2021-08-24,Alameda,001,1643700,108187,2405,110592,1354
2021-08-24,Alpine,002,1148,91,0,91,0
2021-08-24,Amador,005,37829,4534,39,4573,53
2021-08-24,Butte,007,227075,15676,2622,18298,227
2021-08-24,Calaveras,009,45235,2953,19,2972,61
2021-08-24,Colusa,011,21464,2273,468,2741,16
2021-08-24,Contra Costa,013,1133247,88879,1735,90614,905
2021-08-24,Del Norte,015,27424,2795,16,2811,21
2021-08-24,El Dorado,017,186661,13481,1197,14678,128
2021-08-24,Fresno,019,978130,116266,10116,126382,1850
2021-08-24,Glenn,021,27897,2823,754,3577,28
2021-08-24,Humboldt,023,135768,6926,200,7126,69
2021-08-24,Imperial,025,180216,30367,2808,33175,755
2021-08-24,Inyo,027,18085,1533,13,1546,39
2021-08-24,Kern,029,883053,107854,14466,122320,1435
2021-08-24,Kings,031,150075,26418,1376,27794,267
2021-08-24,Lake,033,64148,5337,56,5393,83
2021-08-24,Lassen,035,31185,5728,149,5877,21
2021-08-24,Los Angeles,037,10098052,1347184,48491,1395675,25278
2021-08-24,Madera,039,155013,18875,1303,20178,255
2021-08-24,Marin,041,260295,7768,277,8045,187
2021-08-24,Mariposa,043,17540,723,19,742,9
2021-08-24,Mendocino,045,87422,5755,190,5945,62
2021-08-24,Merced,047,269075,35159,1289,36448,528
2021-08-24,Modoc,049,8938,443,154,597,5
2021-08-24,Mono,051,14174,1399,18,1417,3
2021-08-24,Monterey,053,433212,45764,2255,48019,595
2021-08-24,Napa,055,140530,11519,66,11585,88
2021-08-24,Nevada,057,99092,7350,240,7590,83
2021-08-24,Orange,059,3164182,286080,13112,299192,5412
2021-08-24,Placer,061,380077,30511,2600,33111,333
2021-08-24,Plumas,063,18699,1006,16,1022,5
2021-08-24,Riverside,065,2383286,329672,15165,344837,4775
2021-08-24,Sacramento,067,1510023,135242,2868,138110,1927
2021-08-24,San Benito,069,59416,6658,129,6787,63
2021-08-24,San Bernardino,071,2135413,325184,9937,335121,5548
2021-08-24,San Diego,073,3302833,331898,19393,351291,3910
2021-08-24,San Francisco,075,870044,47329,1923,49252,611
2021-08-24,San Joaquin,077,732212,86621,4453,91074,1567
2021-08-24,San Luis Obispo,079,281455,25309,950,26259,285
2021-08-24,San Mateo,081,765935,49348,701,50049,562
2021-08-24,Santa Barbara,083,443738,39328,1335,40663,483
2021-08-24,Santa Clara,085,1922200,134231,978,135209,1789
2021-08-24,Santa Cruz,087,273765,18369,907,19276,212
2021-08-24,Shasta,089,179085,15291,2167,17458,225
2021-08-24,Sierra,091,2930,103,13,116,0
2021-08-24,Siskiyou,093,43540,2445,664,3109,34
2021-08-24,Solano,095,438530,41053,989,42042,303
2021-08-24,Sonoma,097,501317,37175,441,37616,364
2021-08-24,Stanislaus,099,539301,65995,7283,73278,1064
2021-08-24,Sutter,101,95872,11700,138,11838,135
2021-08-24,Tehama,103,63373,6063,805,6868,83
2021-08-24,Trinity,105,12862,602,143,745,9
2021-08-24,Tulare,107,460477,55620,10934,66554,923
2021-08-24,Tuolumne,109,53932,5440,62,5502,84
2021-08-24,Ventura,111,848112,90379,3859,94238,1085
2021-08-24,Yolo,113,214977,17114,685,17799,260
2021-08-24,Yuba,115,75493,8038,171,8209,61
2021-08-23,Alameda,001,1643700,107779,2392,110171,1353
2021-08-23,Alpine,002,1148,91,0,91,0
2021-08-23,Amador,005,37829,4520,39,4559,53
2021-08-23,Butte,007,227075,15531,2584,18115,226
2021-08-23,Calaveras,009,45235,2926,19,2945,61
2021-08-23,Colusa,011,21464,2269,465,2734,16
2021-08-23,Contra Costa,013,1133247,88502,1728,90230,904
2021-08-23,Del Norte,015,27424,2749,16,2765,21
2021-08-23,El Dorado,017,186661,13378,1175,14553,128
2021-08-23,Fresno,019,978130,115701,10066,125767,1840
2021-08-23,Glenn,021,27897,2807,744,3551,28
2021-08-23,Humboldt,023,135768,6853,186,7039,68
2021-08-23,Imperial,025,180216,30316,2805,33121,754
2021-08-23,Inyo,027,18085,1526,13,1539,39
2021-08-23,Kern,029,883053,107399,14312,121711,1433
2021-08-23,Kings,031,150075,26287,1370,27657,265
2021-08-23,Lake,033,64148,5297,54,5351,83
2021-08-23,Lassen,035,31185,5716,149,5865,21
2021-08-23,Los Angeles,037,10098052,1344212,48362,1392574,25247
2021-08-23,Madera,039,155013,18789,1288,20077,255
2021-08-23,Marin,041,260295,7720,273,7993,187
2021-08-23,Mariposa,043,17540,712,19,731,9
2021-08-23,Mendocino,045,87422,5688,183,5871,59
2021-08-23,Merced,047,269075,34977,1284,36261,528
2021-08-23,Modoc,049,8938,440,153,593,5
2021-08-23,Mono,051,14174,1395,18,1413,3
2021-08-23,Monterey,053,433212,45664,2245,47909,594
2021-08-23,Napa,055,140530,11481,66,11547,88
2021-08-23,Nevada,057,99092,7269,238,7507,83
2021-08-23,Orange,059,3164182,285446,13078,298524,5407
2021-08-23,Placer,061,380077,30308,2563,32871,332
2021-08-23,Plumas,063,18699,998,16,1014,5
2021-08-23,Riverside,065,2383286,328754,15139,343893,4764
2021-08-23,Sacramento,067,1510023,134454,2801,137255,1914
2021-08-23,San Benito,069,59416,6640,127,6767,63
2021-08-23,San Bernardino,071,2135413,324379,9898,334277,5543
2021-08-23,San Diego,073,3302833,330465,19270,349735,3901
2021-08-23,San Francisco,075,870044,47173,1914,49087,607
2021-08-23,San Joaquin,077,732212,86189,4420,90609,1563
2021-08-23,San Luis Obispo,079,281455,25126,948,26074,282
2021-08-23,San Mateo,081,765935,49210,698,49908,562
2021-08-23,Santa Barbara,083,443738,39149,1333,40482,480
2021-08-23,Santa Clara,085,1922200,133831,974,134805,1789
2021-08-23,Santa Cruz,087,273765,18312,906,19218,212
2021-08-23,Shasta,089,179085,15164,2129,17293,225
2021-08-23,Sierra,091,2930,103,13,116,0
2021-08-23,Siskiyou,093,43540,2424,643,3067,34
2021-08-23,Solano,095,438530,40899,980,41879,299
2021-08-23,Sonoma,097,501317,37054,440,37494,364
2021-08-23,Stanislaus,099,539301,65660,7244,72904,1060
2021-08-23,Sutter,101,95872,11612,130,11742,135
2021-08-23,Tehama,103,63373,6009,789,6798,82
2021-08-23,Trinity,105,12862,599,140,739,8
2021-08-23,Tulare,107,460477,55314,10862,66176,920
2021-08-23,Tuolumne,109,53932,5398,62,5460,84
2021-08-23,Ventura,111,848112,90161,3847,94008,1082
2021-08-23,Yolo,113,214977,17025,671,17696,259
2021-08-23,Yuba,115,75493,7967,169,8136,61
2021-08-22,Alameda,001,1643700,107336,2365,109701,1350
2021-08-22,Alpine,002,1148,91,0,91,0
2021-08-22,Amador,005,37829,4490,39,4529,53
2021-08-22,Butte,007,227075,15392,2549,17941,225
2021-08-22,Calaveras,009,45235,2889,19,2908,61
2021-08-22,Colusa,011,21464,2262,459,2721,16
2021-08-22,Contra Costa,013,1133247,87960,1715,89675,902
2021-08-22,Del Norte,015,27424,2689,16,2705,20
2021-08-22,El Dorado,017,186661,13274,1155,14429,128
2021-08-22,Fresno,019,978130,115101,9998,125099,1835
2021-08-22,Glenn,021,27897,2780,731,3511,28
2021-08-22,Humboldt,023,135768,6775,168,6943,67
2021-08-22,Imperial,025,180216,30258,2800,33058,754
2021-08-22,Inyo,027,18085,1520,13,1533,39
2021-08-22,Kern,029,883053,106873,14160,121033,1431
2021-08-22,Kings,031,150075,26129,1353,27482,264
2021-08-22,Lake,033,64148,5252,51,5303,83
2021-08-22,Lassen,035,31185,5684,145,5829,21
2021-08-22,Los Angeles,037,10098052,1340890,48232,1389122,25214
2021-08-22,Madera,039,155013,18669,1274,19943,255
2021-08-22,Marin,041,260295,7668,265,7933,187
2021-08-22,Mariposa,043,17540,702,17,719,9
2021-08-22,Mendocino,045,87422,5629,183,5812,59
2021-08-22,Merced,047,269075,34774,1270,36044,525
2021-08-22,Modoc,049,8938,438,153,591,5
2021-08-22,Mono,051,14174,1393,18,1411,3
2021-08-22,Monterey,053,433212,45564,2231,47795,594
2021-08-22,Napa,055,140530,11436,66,11502,87
2021-08-22,Nevada,057,99092,7195,236,7431,81
2021-08-22,Orange,059,3164182,284754,13034,297788,5399
2021-08-22,Placer,061,380077,30104,2525,32629,331
2021-08-22,Plumas,063,18699,980,15,995,5
2021-08-22,Riverside,065,2383286,327733,15092,342825,4755
2021-08-22,Sacramento,067,1510023,133678,2761,136439,1906
2021-08-22,San Benito,069,59416,6624,127,6751,63
2021-08-22,San Bernardino,071,2135413,323412,9863,333275,5535
2021-08-22,San Diego,073,3302833,329142,19164,348306,3893
2021-08-22,San Francisco,075,870044,47007,1905,48912,606
2021-08-22,San Joaquin,077,732212,85733,4385,90118,1560
2021-08-22,San Luis Obispo,079,281455,24920,941,25861,282
2021-08-22,San Mateo,081,765935,49034,693,49727,562
2021-08-22,Santa Barbara,083,443738,38968,1325,40293,480
2021-08-22,Santa Clara,085,1922200,133414,967,134381,1788
2021-08-22,Santa Cruz,087,273765,18254,901,19155,212
2021-08-22,Shasta,089,179085,15027,2093,17120,224
2021-08-22,Sierra,091,2930,103,13,116,0
2021-08-22,Siskiyou,093,43540,2395,625,3020,34
2021-08-22,Solano,095,438530,40701,967,41668,295
2021-08-22,Sonoma,097,501317,36897,438,37335,362
2021-08-22,Stanislaus,099,539301,65307,7154,72461,1060
2021-08-22,Sutter,101,95872,11530,126,11656,135
2021-08-22,Tehama,103,63373,5963,770,6733,81
2021-08-22,Trinity,105,12862,592,138,730,8
2021-08-22,Tulare,107,460477,54994,10779,65773,919
2021-08-22,Tuolumne,109,53932,5355,62,5417,82
2021-08-22,Ventura,111,848112,89952,3830,93782,1080
2021-08-22,Yolo,113,214977,16921,664,17585,259
2021-08-22,Yuba,115,75493,7894,168,8062,60
2021-08-21,Alameda,001,1643700,107135,2359,109494,1346
2021-08-21,Alpine,002,1148,91,0,91,0
2021-08-21,Amador,005,37829,4480,38,4518,52
2021-08-21,Butte,007,227075,15324,2530,17854,222
2021-08-21,Calaveras,009,45235,2873,19,2892,61
2021-08-21,Colusa,011,21464,2256,455,2711,16
2021-08-21,Contra Costa,013,1133247,87700,1707,89407,897
2021-08-21,Del Norte,015,27424,2666,16,2682,20
2021-08-21,El Dorado,017,186661,13230,1151,14381,126
2021-08-21,Fresno,019,978130,114899,9986,124885,1832
2021-08-21,Glenn,021,27897,2767,723,3490,28
2021-08-21,Humboldt,023,135768,6737,163,6900,66
2021-08-21,Imperial,025,180216,30216,2797,33013,754
2021-08-21,Inyo,027,18085,1517,13,1530,39
2021-08-21,Kern,029,883053,106618,14037,120655,1427
2021-08-21,Kings,031,150075,26058,1348,27406,264
2021-08-21,Lake,033,64148,5231,49,5280,79
2021-08-21,Lassen,035,31185,5670,145,5815,21
2021-08-21,Los Angeles,037,10098052,1339592,48140,1387732,25200
2021-08-21,Madera,039,155013,18631,1268,19899,255
2021-08-21,Marin,041,260295,7634,263,7897,187
2021-08-21,Mariposa,043,17540,692,17,709,9
2021-08-21,Mendocino,045,87422,5583,182,5765,59
2021-08-21,Merced,047,269075,34669,1265,35934,524
2021-08-21,Modoc,049,8938,438,153,591,5
2021-08-21,Mono,051,14174,1393,18,1411,3
2021-08-21,Monterey,053,433212,45517,2224,47741,594
2021-08-21,Napa,055,140530,11401,66,11467,87
2021-08-21,Nevada,057,99092,7151,235,7386,80
2021-08-21,Orange,059,3164182,284302,13000,297302,5395
2021-08-21,Placer,061,380077,29960,2502,32462,330
2021-08-21,Plumas,063,18699,976,14,990,5
2021-08-21,Riverside,065,2383286,327153,15079,342232,4750
2021-08-21,Sacramento,067,1510023,133182,2749,135931,1893
2021-08-21,San Benito,069,59416,6614,126,6740,63
2021-08-21,San Bernardino,071,2135413,322963,9842,332805,5529
2021-08-21,San Diego,073,3302833,328486,19115,347601,3888
2021-08-21,San Francisco,075,870044,46905,1898,48803,604
2021-08-21,San Joaquin,077,732212,85515,4369,89884,1558
2021-08-21,San Luis Obispo,079,281455,24862,941,25803,279
2021-08-21,San Mateo,081,765935,48939,693,49632,561
2021-08-21,Santa Barbara,083,443738,38886,1321,40207,480
2021-08-21,Santa Clara,085,1922200,133149,963,134112,1782
2021-08-21,Santa Cruz,087,273765,18217,896,19113,212
2021-08-21,Shasta,089,179085,14953,2079,17032,223
2021-08-21,Sierra,091,2930,98,13,111,0
2021-08-21,Siskiyou,093,43540,2381,614,2995,34
2021-08-21,Solano,095,438530,40590,957,41547,294
2021-08-21,Sonoma,097,501317,36810,437,37247,362
2021-08-21,Stanislaus,099,539301,65125,7137,72262,1054
2021-08-21,Sutter,101,95872,11485,124,11609,135
2021-08-21,Tehama,103,63373,5938,763,6701,80
2021-08-21,Trinity,105,12862,587,136,723,7
2021-08-21,Tulare,107,460477,54849,10736,65585,917
2021-08-21,Tuolumne,109,53932,5324,62,5386,82
2021-08-21,Ventura,111,848112,89807,3815,93622,1077
2021-08-21,Yolo,113,214977,16874,658,17532,258
2021-08-21,Yuba,115,75493,7848,167,8015,59
2021-08-20,Alameda,001,1643700,106899,2351,109250,1343
2021-08-20,Alpine,002,1148,91,0,91,0
2021-08-20,Amador,005,37829,4454,38,4492,52
2021-08-20,Butte,007,227075,15251,2506,17757,220
2021-08-20,Calaveras,009,45235,2853,19,2872,61
2021-08-20,Colusa,011,21464,2251,453,2704,16
2021-08-20,Contra Costa,013,1133247,87425,1700,89125,894
2021-08-20,Del Norte,015,27424,2634,16,2650,19
2021-08-20,El Dorado,017,186661,13192,1143,14335,124
2021-08-20,Fresno,019,978130,114539,9952,124491,1828
2021-08-20,Glenn,021,27897,2760,713,3473,28
2021-08-20,Humboldt,023,135768,6685,158,6843,65
2021-08-20,Imperial,025,180216,30193,2797,32990,754
2021-08-20,Inyo,027,18085,1511,13,1524,39
2021-08-20,Kern,029,883053,106335,13909,120244,1421
2021-08-20,Kings,031,150075,25993,1346,27339,263
2021-08-20,Lake,033,64148,5216,46,5262,78
2021-08-20,Lassen,035,31185,5650,145,5795,21
2021-08-20,Los Angeles,037,10098052,1337713,48040,1385753,25175
2021-08-20,Madera,039,155013,18582,1253,19835,254
2021-08-20,Marin,041,260295,7616,259,7875,186
2021-08-20,Mariposa,043,17540,687,17,704,9
2021-08-20,Mendocino,045,87422,5537,181,5718,59
2021-08-20,Merced,047,269075,34605,1255,35860,523
2021-08-20,Modoc,049,8938,438,153,591,5
2021-08-20,Mono,051,14174,1392,18,1410,3
2021-08-20,Monterey,053,433212,45479,2218,47697,594
2021-08-20,Napa,055,140530,11369,66,11435,87
2021-08-20,Nevada,057,99092,7109,229,7338,80
2021-08-20,Orange,059,3164182,283857,12979,296836,5387
2021-08-20,Placer,061,380077,29865,2474,32339,327
2021-08-20,Plumas,063,18699,966,14,980,5
2021-08-20,Riverside,065,2383286,326457,15048,341505,4740
2021-08-20,Sacramento,067,1510023,132706,2731,135437,1883
2021-08-20,San Benito,069,59416,6600,126,6726,63
2021-08-20,San Bernardino,071,2135413,322352,9813,332165,5519
2021-08-20,San Diego,073,3302833,327577,19045,346622,3883
2021-08-20,San Francisco,075,870044,46809,1883,48692,603
2021-08-20,San Joaquin,077,732212,85284,4350,89634,1555
2021-08-20,San Luis Obispo,079,281455,24784,937,25721,279
2021-08-20,San Mateo,081,765935,48826,690,49516,559
2021-08-20,Santa Barbara,083,443738,38800,1316,40116,479
2021-08-20,Santa Clara,085,1922200,132867,958,133825,1781
2021-08-20,Santa Cruz,087,273765,18177,893,19070,212
2021-08-20,Shasta,089,179085,14872,2061,16933,223
2021-08-20,Sierra,091,2930,97,13,110,0
2021-08-20,Siskiyou,093,43540,2365,609,2974,34
2021-08-20,Solano,095,438530,40450,946,41396,293
2021-08-20,Sonoma,097,501317,36742,436,37178,361
2021-08-20,Stanislaus,099,539301,64936,7113,72049,1051
2021-08-20,Sutter,101,95872,11429,123,11552,134
2021-08-20,Tehama,103,63373,5922,751,6673,80
2021-08-20,Trinity,105,12862,587,135,722,7
2021-08-20,Tulare,107,460477,54718,10693,65411,914
2021-08-20,Tuolumne,109,53932,5300,61,5361,81
2021-08-20,Ventura,111,848112,89639,3812,93451,1075
2021-08-20,Yolo,113,214977,16819,652,17471,258
2021-08-20,Yuba,115,75493,7807,167,7974,59
2021-08-19,Alameda,001,1643700,106454,2329,108783,1339
2021-08-19,Alpine,002,1148,91,0,91,0
2021-08-19,Amador,005,37829,4447,38,4485,51
2021-08-19,Butte,007,227075,15117,2478,17595,219
2021-08-19,Calaveras,009,45235,2831,19,2850,61
2021-08-19,Colusa,011,21464,2242,448,2690,16
2021-08-19,Contra Costa,013,1133247,86986,1687,88673,892
2021-08-19,Del Norte,015,27424,2584,16,2600,17
2021-08-19,El Dorado,017,186661,13106,1124,14230,124
2021-08-19,Fresno,019,978130,114092,9898,123990,1822
2021-08-19,Glenn,021,27897,2742,706,3448,28
2021-08-19,Humboldt,023,135768,6624,152,6776,64
2021-08-19,Imperial,025,180216,30147,2792,32939,754
2021-08-19,Inyo,027,18085,1504,13,1517,39
2021-08-19,Kern,029,883053,105939,13768,119707,1419
2021-08-19,Kings,031,150075,25862,1334,27196,261
2021-08-19,Lake,033,64148,5184,42,5226,77
2021-08-19,Lassen,035,31185,5632,144,5776,21
2021-08-19,Los Angeles,037,10098052,1334729,47901,1382630,25151
2021-08-19,Madera,039,155013,18520,1238,19758,254
2021-08-19,Marin,041,260295,7583,256,7839,186
2021-08-19,Mariposa,043,17540,672,17,689,9
2021-08-19,Mendocino,045,87422,5504,178,5682,59
2021-08-19,Merced,047,269075,34470,1241,35711,523
2021-08-19,Modoc,049,8938,438,153,591,5
2021-08-19,Mono,051,14174,1388,18,1406,3
2021-08-19,Monterey,053,433212,45406,2208,47614,594
2021-08-19,Napa,055,140530,11317,66,11383,87
2021-08-19,Nevada,057,99092,7046,226,7272,79
2021-08-19,Orange,059,3164182,283219,12928,296147,5382
2021-08-19,Placer,061,380077,29683,2454,32137,322
2021-08-19,Plumas,063,18699,953,14,967,5
2021-08-19,Riverside,065,2383286,325425,15019,340444,4736
2021-08-19,Sacramento,067,1510023,132002,2695,134697,1873
2021-08-19,San Benito,069,59416,6583,125,6708,63
2021-08-19,San Bernardino,071,2135413,321528,9790,331318,5502
2021-08-19,San Diego,073,3302833,326326,18947,345273,3882
2021-08-19,San Francisco,075,870044,46646,1870,48516,603
2021-08-19,San Joaquin,077,732212,84834,4301,89135,1553
2021-08-19,San Luis Obispo,079,281455,24646,930,25576,278
2021-08-19,San Mateo,081,765935,48694,689,49383,559
2021-08-19,Santa Barbara,083,443738,38655,1313,39968,479
2021-08-19,Santa Clara,085,1922200,132477,951,133428,1780
2021-08-19,Santa Cruz,087,273765,18114,886,19000,212
2021-08-19,Shasta,089,179085,14748,2038,16786,221
2021-08-19,Sierra,091,2930,93,13,106,0
2021-08-19,Siskiyou,093,43540,2350,597,2947,34
2021-08-19,Solano,095,438530,40293,935,41228,292
2021-08-19,Sonoma,097,501317,36654,435,37089,359
2021-08-19,Stanislaus,099,539301,64592,7069,71661,1047
2021-08-19,Sutter,101,95872,11344,122,11466,134
2021-08-19,Tehama,103,63373,5886,725,6611,80
2021-08-19,Trinity,105,12862,583,133,716,7
2021-08-19,Tulare,107,460477,54486,10630,65116,912
2021-08-19,Tuolumne,109,53932,5264,60,5324,81
2021-08-19,Ventura,111,848112,89436,3798,93234,1075
2021-08-19,Yolo,113,214977,16734,644,17378,256
2021-08-19,Yuba,115,75493,7755,166,7921,58
2021-08-18,Alameda,001,1643700,106048,2308,108356,1337
2021-08-18,Alpine,002,1148,90,0,90,0
2021-08-18,Amador,005,37829,4431,37,4468,49
2021-08-18,Butte,007,227075,15007,2447,17454,217
2021-08-18,Calaveras,009,45235,2792,18,2810,61
2021-08-18,Colusa,011,21464,2234,444,2678,16
2021-08-18,Contra Costa,013,1133247,86487,1681,88168,889
2021-08-18,Del Norte,015,27424,2527,16,2543,17
2021-08-18,El Dorado,017,186661,13016,1110,14126,124
2021-08-18,Fresno,019,978130,113636,9837,123473,1819
2021-08-18,Glenn,021,27897,2709,698,3407,28
2021-08-18,Humboldt,023,135768,6553,147,6700,63
2021-08-18,Imperial,025,180216,30114,2790,32904,754
2021-08-18,Inyo,027,18085,1501,13,1514,39
2021-08-18,Kern,029,883053,105592,13674,119266,1418
2021-08-18,Kings,031,150075,25753,1327,27080,261
2021-08-18,Lake,033,64148,5143,41,5184,77
2021-08-18,Lassen,035,31185,5613,143,5756,20
2021-08-18,Los Angeles,037,10098052,1331575,47771,1379346,25120
2021-08-18,Madera,039,155013,18461,1225,19686,253
2021-08-18,Marin,041,260295,7545,253,7798,186
2021-08-18,Mariposa,043,17540,659,16,675,8
2021-08-18,Mendocino,045,87422,5453,176,5629,58
2021-08-18,Merced,047,269075,34306,1230,35536,521
2021-08-18,Modoc,049,8938,438,152,590,5
2021-08-18,Mono,051,14174,1385,18,1403,3
2021-08-18,Monterey,053,433212,45322,2191,47513,594
2021-08-18,Napa,055,140530,11278,65,11343,86
2021-08-18,Nevada,057,99092,6980,226,7206,79
2021-08-18,Orange,059,3164182,282579,12876,295455,5374
2021-08-18,Placer,061,380077,29456,2426,31882,321
2021-08-18,Plumas,063,18699,944,14,958,5
2021-08-18,Riverside,065,2383286,324426,14986,339412,4732
2021-08-18,Sacramento,067,1510023,131241,2662,133903,1863
2021-08-18,San Benito,069,59416,6572,124,6696,63
2021-08-18,San Bernardino,071,2135413,320729,9771,330500,5494
2021-08-18,San Diego,073,3302833,324986,18881,343867,3874
2021-08-18,San Francisco,075,870044,46444,1861,48305,601
2021-08-18,San Joaquin,077,732212,84381,4270,88651,1548
2021-08-18,San Luis Obispo,079,281455,24496,917,25413,275
2021-08-18,San Mateo,081,765935,48530,688,49218,559
2021-08-18,Santa Barbara,083,443738,38525,1307,39832,478
2021-08-18,Santa Clara,085,1922200,132113,948,133061,1780
2021-08-18,Santa Cruz,087,273765,18059,882,18941,212
2021-08-18,Shasta,089,179085,14649,2019,16668,219
2021-08-18,Sierra,091,2930,92,13,105,0
2021-08-18,Siskiyou,093,43540,2321,585,2906,34
2021-08-18,Solano,095,438530,40088,920,41008,292
2021-08-18,Sonoma,097,501317,36510,434,36944,358
2021-08-18,Stanislaus,099,539301,64261,7026,71287,1046
2021-08-18,Sutter,101,95872,11272,117,11389,134
2021-08-18,Tehama,103,63373,5851,715,6566,80
2021-08-18,Trinity,105,12862,576,130,706,7
2021-08-18,Tulare,107,460477,54248,10561,64809,911
2021-08-18,Tuolumne,109,53932,5228,58,5286,80
2021-08-18,Ventura,111,848112,89204,3788,92992,1072
2021-08-18,Yolo,113,214977,16651,626,17277,255
2021-08-18,Yuba,115,75493,7690,166,7856,57
2021-08-17,Alameda,001,1643700,105650,2293,107943,1336
2021-08-17,Alpine,002,1148,90,0,90,0
2021-08-17,Amador,005,37829,4402,37,4439,49
2021-08-17,Butte,007,227075,14900,2414,17314,216
2021-08-17,Calaveras,009,45235,2758,18,2776,61
2021-08-17,Colusa,011,21464,2225,440,2665,16
2021-08-17,Contra Costa,013,1133247,86038,1671,87709,887
2021-08-17,Del Norte,015,27424,2473,16,2489,17
2021-08-17,El Dorado,017,186661,12929,1096,14025,123
2021-08-17,Fresno,019,978130,113152,9774,122926,1816
2021-08-17,Glenn,021,27897,2695,689,3384,28
2021-08-17,Humboldt,023,135768,6473,145,6618,62
2021-08-17,Imperial,025,180216,30063,2786,32849,754
2021-08-17,Inyo,027,18085,1498,13,1511,39
2021-08-17,Kern,029,883053,105198,13553,118751,1412
2021-08-17,Kings,031,150075,25648,1316,26964,260
2021-08-17,Lake,033,64148,5100,35,5135,77
2021-08-17,Lassen,035,31185,5596,141,5737,20
2021-08-17,Los Angeles,037,10098052,1328007,47644,1375651,25095
2021-08-17,Madera,039,155013,18387,1207,19594,253
2021-08-17,Marin,041,260295,7489,253,7742,186
2021-08-17,Mariposa,043,17540,651,15,666,7
2021-08-17,Mendocino,045,87422,5398,176,5574,58
2021-08-17,Merced,047,269075,34156,1219,35375,521
2021-08-17,Modoc,049,8938,435,150,585,5
2021-08-17,Mono,051,14174,1380,18,1398,3
2021-08-17,Monterey,053,433212,45238,2181,47419,594
2021-08-17,Napa,055,140530,11237,64,11301,86
2021-08-17,Nevada,057,99092,6905,224,7129,78
2021-08-17,Orange,059,3164182,281934,12840,294774,5362
2021-08-17,Placer,061,380077,29244,2397,31641,320
2021-08-17,Plumas,063,18699,932,14,946,5
2021-08-17,Riverside,065,2383286,323413,14943,338356,4725
2021-08-17,Sacramento,067,1510023,130447,2620,133067,1855
2021-08-17,San Benito,069,59416,6553,124,6677,63
2021-08-17,San Bernardino,071,2135413,319790,9731,329521,5479
2021-08-17,San Diego,073,3302833,323376,18783,342159,3871
2021-08-17,San Francisco,075,870044,46245,1855,48100,601
2021-08-17,San Joaquin,077,732212,83913,4236,88149,1546
2021-08-17,San Luis Obispo,079,281455,24340,914,25254,275
2021-08-17,San Mateo,081,765935,48375,683,49058,559
2021-08-17,Santa Barbara,083,443738,38366,1300,39666,478
2021-08-17,Santa Clara,085,1922200,131710,942,132652,1778
2021-08-17,Santa Cruz,087,273765,17974,881,18855,212
2021-08-17,Shasta,089,179085,14518,2000,16518,218
2021-08-17,Sierra,091,2930,91,13,104,0
2021-08-17,Siskiyou,093,43540,2305,572,2877,34
2021-08-17,Solano,095,438530,39859,907,40766,289
2021-08-17,Sonoma,097,501317,36362,430,36792,357
2021-08-17,Stanislaus,099,539301,63920,6967,70887,1046
2021-08-17,Sutter,101,95872,11200,117,11317,134
2021-08-17,Tehama,103,63373,5817,694,6511,79
2021-08-17,Trinity,105,12862,571,128,699,7
2021-08-17,Tulare,107,460477,53980,10496,64476,908
2021-08-17,Tuolumne,109,53932,5185,57,5242,80
2021-08-17,Ventura,111,848112,88965,3767,92732,1072
2021-08-17,Yolo,113,214977,16562,612,17174,255
2021-08-17,Yuba,115,75493,7618,166,7784,54
2021-08-16,Alameda,001,1643700,105153,2285,107438,1335
2021-08-16,Alpine,002,1148,90,0,90,0
2021-08-16,Amador,005,37829,4392,37,4429,49
2021-08-16,Butte,007,227075,14783,2377,17160,215
2021-08-16,Calaveras,009,45235,2699,17,2716,61
2021-08-16,Colusa,011,21464,2214,436,2650,16
2021-08-16,Contra Costa,013,1133247,85495,1661,87156,879
2021-08-16,Del Norte,015,27424,2396,16,2412,17
2021-08-16,El Dorado,017,186661,12828,1083,13911,123
2021-08-16,Fresno,019,978130,112653,9722,122375,1809
2021-08-16,Glenn,021,27897,2676,683,3359,28
2021-08-16,Humboldt,023,135768,6402,124,6526,60
2021-08-16,Imperial,025,180216,30022,2772,32794,753
2021-08-16,Inyo,027,18085,1495,13,1508,39
2021-08-16,Kern,029,883053,104823,13437,118260,1411
2021-08-16,Kings,031,150075,25545,1307,26852,259
2021-08-16,Lake,033,64148,5073,34,5107,77
2021-08-16,Lassen,035,31185,5580,133,5713,20
2021-08-16,Los Angeles,037,10098052,1324624,47504,1372128,25065
2021-08-16,Madera,039,155013,18312,1186,19498,253
2021-08-16,Marin,041,260295,7430,252,7682,186
2021-08-16,Mariposa,043,17540,634,15,649,7
2021-08-16,Mendocino,045,87422,5342,174,5516,57
2021-08-16,Merced,047,269075,33955,1206,35161,520
2021-08-16,Modoc,049,8938,433,149,582,5
2021-08-16,Mono,051,14174,1375,18,1393,3
2021-08-16,Monterey,053,433212,45159,2169,47328,594
2021-08-16,Napa,055,140530,11208,64,11272,85
2021-08-16,Nevada,057,99092,6849,223,7072,77
2021-08-16,Orange,059,3164182,281142,12794,293936,5349
2021-08-16,Placer,061,380077,29060,2365,31425,320
2021-08-16,Plumas,063,18699,921,14,935,5
2021-08-16,Riverside,065,2383286,322320,14906,337226,4721
2021-08-16,Sacramento,067,1510023,129637,2577,132214,1846
2021-08-16,San Benito,069,59416,6529,124,6653,62
2021-08-16,San Bernardino,071,2135413,318823,9704,328527,5475
2021-08-16,San Diego,073,3302833,321778,18643,340421,3866
2021-08-16,San Francisco,075,870044,46042,1848,47890,601
2021-08-16,San Joaquin,077,732212,83409,4208,87617,1538
2021-08-16,San Luis Obispo,079,281455,24190,906,25096,275
2021-08-16,San Mateo,081,765935,48192,677,48869,559
2021-08-16,Santa Barbara,083,443738,38196,1295,39491,477
2021-08-16,Santa Clara,085,1922200,131246,938,132184,1777
2021-08-16,Santa Cruz,087,273765,17910,875,18785,212
2021-08-16,Shasta,089,179085,14429,1984,16413,218
2021-08-16,Sierra,091,2930,88,13,101,0
2021-08-16,Siskiyou,093,43540,2288,552,2840,34
2021-08-16,Solano,095,438530,39579,895,40474,286
2021-08-16,Sonoma,097,501317,36194,427,36621,356
2021-08-16,Stanislaus,099,539301,63581,6915,70496,1044
2021-08-16,Sutter,101,95872,11131,116,11247,131
2021-08-16,Tehama,103,63373,5754,689,6443,79
2021-08-16,Trinity,105,12862,565,127,692,7
2021-08-16,Tulare,107,460477,53736,10428,64164,906
2021-08-16,Tuolumne,109,53932,5146,56,5202,79
2021-08-16,Ventura,111,848112,88720,3749,92469,1070
2021-08-16,Yolo,113,214977,16461,604,17065,252
2021-08-16,Yuba,115,75493,7534,165,7699,54
2021-08-15,Alameda,001,1643700,104670,2268,106938,1332
2021-08-15,Alpine,002,1148,90,0,90,0
2021-08-15,Amador,005,37829,4364,37,4401,49
2021-08-15,Butte,007,227075,14660,2353,17013,215
2021-08-15,Calaveras,009,45235,2658,17,2675,61
2021-08-15,Colusa,011,21464,2202,426,2628,16
2021-08-15,Contra Costa,013,1133247,85011,1646,86657,871
2021-08-15,Del Norte,015,27424,2329,16,2345,17
2021-08-15,El Dorado,017,186661,12693,1066,13759,123
2021-08-15,Fresno,019,978130,112171,9656,121827,1805
2021-08-15,Glenn,021,27897,2653,671,3324,28
2021-08-15,Humboldt,023,135768,6328,118,6446,60
2021-08-15,Imperial,025,180216,29956,2768,32724,752
2021-08-15,Inyo,027,18085,1494,13,1507,39
2021-08-15,Kern,029,883053,104379,13325,117704,1408
2021-08-15,Kings,031,150075,25399,1297,26696,259
2021-08-15,Lake,033,64148,5014,33,5047,75
2021-08-15,Lassen,035,31185,5563,132,5695,20
2021-08-15,Los Angeles,037,10098052,1321089,47335,1368424,25037
2021-08-15,Madera,039,155013,18224,1170,19394,253
2021-08-15,Marin,041,260295,7371,250,7621,186
2021-08-15,Mariposa,043,17540,627,14,641,7
2021-08-15,Mendocino,045,87422,5285,168,5453,56
2021-08-15,Merced,047,269075,33711,1195,34906,518
2021-08-15,Modoc,049,8938,431,149,580,5
2021-08-15,Mono,051,14174,1371,18,1389,3
2021-08-15,Monterey,053,433212,45037,2148,47185,593
2021-08-15,Napa,055,140530,11153,64,11217,85
2021-08-15,Nevada,057,99092,6764,223,6987,76
2021-08-15,Orange,059,3164182,280372,12753,293125,5342
2021-08-15,Placer,061,380077,28834,2317,31151,319
2021-08-15,Plumas,063,18699,909,14,923,5
2021-08-15,Riverside,065,2383286,321182,14879,336061,4714
2021-08-15,Sacramento,067,1510023,128818,2545,131363,1837
2021-08-15,San Benito,069,59416,6511,123,6634,61
2021-08-15,San Bernardino,071,2135413,317751,9673,327424,5470
2021-08-15,San Diego,073,3302833,320306,18516,338822,3859
2021-08-15,San Francisco,075,870044,45817,1833,47650,597
2021-08-15,San Joaquin,077,732212,82921,4169,87090,1537
2021-08-15,San Luis Obispo,079,281455,23994,896,24890,271
2021-08-15,San Mateo,081,765935,48005,671,48676,559
2021-08-15,Santa Barbara,083,443738,38024,1288,39312,475
2021-08-15,Santa Clara,085,1922200,130812,932,131744,1774
2021-08-15,Santa Cruz,087,273765,17840,868,18708,212
2021-08-15,Shasta,089,179085,14326,1959,16285,217
2021-08-15,Sierra,091,2930,87,12,99,0
2021-08-15,Siskiyou,093,43540,2267,538,2805,34
2021-08-15,Solano,095,438530,39323,884,40207,282
2021-08-15,Sonoma,097,501317,35998,419,36417,353
2021-08-15,Stanislaus,099,539301,63212,6838,70050,1041
2021-08-15,Sutter,101,95872,11040,116,11156,131
2021-08-15,Tehama,103,63373,5705,683,6388,79
2021-08-15,Trinity,105,12862,561,126,687,7
2021-08-15,Tulare,107,460477,53481,10369,63850,905
2021-08-15,Tuolumne,109,53932,5108,54,5162,76
2021-08-15,Ventura,111,848112,88415,3734,92149,1069
2021-08-15,Yolo,113,214977,16366,594,16960,252
2021-08-15,Yuba,115,75493,7457,164,7621,54
2021-08-14,Alameda,001,1643700,104454,2264,106718,1331
2021-08-14,Alpine,002,1148,90,0,90,0
2021-08-14,Amador,005,37829,4346,37,4383,49
2021-08-14,Butte,007,227075,14624,2337,16961,215
2021-08-14,Calaveras,009,45235,2651,17,2668,61
2021-08-14,Colusa,011,21464,2191,422,2613,16
2021-08-14,Contra Costa,013,1133247,84763,1638,86401,869
2021-08-14,Del Norte,015,27424,2302,16,2318,16
2021-08-14,El Dorado,017,186661,12657,1058,13715,123
2021-08-14,Fresno,019,978130,112008,9625,121633,1800
2021-08-14,Glenn,021,27897,2642,668,3310,28
2021-08-14,Humboldt,023,135768,6275,115,6390,60
2021-08-14,Imperial,025,180216,29929,2768,32697,752
2021-08-14,Inyo,027,18085,1492,13,1505,39
2021-08-14,Kern,029,883053,104184,13229,117413,1403
2021-08-14,Kings,031,150075,25301,1289,26590,259
2021-08-14,Lake,033,64148,4997,32,5029,74
2021-08-14,Lassen,035,31185,5556,131,5687,20
2021-08-14,Los Angeles,037,10098052,1319315,47199,1366514,25022
2021-08-14,Madera,039,155013,18177,1165,19342,252
2021-08-14,Marin,041,260295,7337,250,7587,186
2021-08-14,Mariposa,043,17540,623,14,637,7
2021-08-14,Mendocino,045,87422,5249,165,5414,56
2021-08-14,Merced,047,269075,33647,1189,34836,517
2021-08-14,Modoc,049,8938,431,149,580,5
2021-08-14,Mono,051,14174,1366,18,1384,3
2021-08-14,Monterey,053,433212,44992,2145,47137,592
2021-08-14,Napa,055,140530,11123,63,11186,85
2021-08-14,Nevada,057,99092,6729,222,6951,76
2021-08-14,Orange,059,3164182,279938,12726,292664,5337
2021-08-14,Placer,061,380077,28687,2293,30980,317
2021-08-14,Plumas,063,18699,899,14,913,5
2021-08-14,Riverside,065,2383286,320465,14858,335323,4711
2021-08-14,Sacramento,067,1510023,128325,2526,130851,1830
2021-08-14,San Benito,069,59416,6498,123,6621,61
2021-08-14,San Bernardino,071,2135413,317201,9652,326853,5465
2021-08-14,San Diego,073,3302833,319634,18448,338082,3854
2021-08-14,San Francisco,075,870044,45688,1814,47502,595
2021-08-14,San Joaquin,077,732212,82704,4154,86858,1534
2021-08-14,San Luis Obispo,079,281455,23933,893,24826,269
2021-08-14,San Mateo,081,765935,47886,667,48553,559
2021-08-14,Santa Barbara,083,443738,37930,1286,39216,475
2021-08-14,Santa Clara,085,1922200,130533,929,131462,1774
2021-08-14,Santa Cruz,087,273765,17801,867,18668,211
2021-08-14,Shasta,089,179085,14251,1938,16189,216
2021-08-14,Sierra,091,2930,86,12,98,0
2021-08-14,Siskiyou,093,43540,2257,528,2785,34
2021-08-14,Solano,095,438530,39234,872,40106,282
2021-08-14,Sonoma,097,501317,35875,417,36292,353
2021-08-14,Stanislaus,099,539301,63036,6794,69830,1039
2021-08-14,Sutter,101,95872,10995,115,11110,131
2021-08-14,Tehama,103,63373,5681,678,6359,79
2021-08-14,Trinity,105,12862,555,126,681,6
2021-08-14,Tulare,107,460477,53345,10324,63669,902
2021-08-14,Tuolumne,109,53932,5073,54,5127,76
2021-08-14,Ventura,111,848112,88259,3714,91973,1066
2021-08-14,Yolo,113,214977,16321,585,16906,252
2021-08-14,Yuba,115,75493,7408,164,7572,54
2021-08-13,Alameda,001,1643700,104159,2256,106415,1330
2021-08-13,Alpine,002,1148,90,0,90,0
2021-08-13,Amador,005,37829,4318,37,4355,49
2021-08-13,Butte,007,227075,14554,2321,16875,215
2021-08-13,Calaveras,009,45235,2645,17,2662,61
2021-08-13,Colusa,011,21464,2184,417,2601,16
2021-08-13,Contra Costa,013,1133247,84451,1631,86082,866
2021-08-13,Del Norte,015,27424,2262,16,2278,16
2021-08-13,El Dorado,017,186661,12617,1046,13663,123
2021-08-13,Fresno,019,978130,111717,9600,121317,1799
2021-08-13,Glenn,021,27897,2631,665,3296,28
2021-08-13,Humboldt,023,135768,6228,112,6340,60
2021-08-13,Imperial,025,180216,29902,2767,32669,752
2021-08-13,Inyo,027,18085,1491,13,1504,39
2021-08-13,Kern,029,883053,103976,13120,117096,1398
2021-08-13,Kings,031,150075,25216,1282,26498,259
2021-08-13,Lake,033,64148,4974,31,5005,74
2021-08-13,Lassen,035,31185,5548,130,5678,20
2021-08-13,Los Angeles,037,10098052,1316989,47062,1364051,24994
2021-08-13,Madera,039,155013,18128,1156,19284,252
2021-08-13,Marin,041,260295,7306,250,7556,186
2021-08-13,Mariposa,043,17540,617,14,631,7
2021-08-13,Mendocino,045,87422,5196,163,5359,55
2021-08-13,Merced,047,269075,33600,1183,34783,514
2021-08-13,Modoc,049,8938,430,148,578,5
2021-08-13,Mono,051,14174,1363,18,1381,3
2021-08-13,Monterey,053,433212,44932,2143,47075,592
2021-08-13,Napa,055,140530,11087,63,11150,85
2021-08-13,Nevada,057,99092,6689,221,6910,75
2021-08-13,Orange,059,3164182,279444,12677,292121,5329
2021-08-13,Placer,061,380077,28583,2266,30849,317
2021-08-13,Plumas,063,18699,885,14,899,5
2021-08-13,Riverside,065,2383286,319726,14833,334559,4702
2021-08-13,Sacramento,067,1510023,127855,2499,130354,1826
2021-08-13,San Benito,069,59416,6492,121,6613,61
2021-08-13,San Bernardino,071,2135413,316532,9633,326165,5458
2021-08-13,San Diego,073,3302833,318588,18369,336957,3852
2021-08-13,San Francisco,075,870044,45552,1791,47343,592
2021-08-13,San Joaquin,077,732212,82487,4138,86625,1528
2021-08-13,San Luis Obispo,079,281455,23870,890,24760,269
2021-08-13,San Mateo,081,765935,47767,666,48433,556
2021-08-13,Santa Barbara,083,443738,37845,1282,39127,475
2021-08-13,Santa Clara,085,1922200,130246,923,131169,1772
2021-08-13,Santa Cruz,087,273765,17761,860,18621,211
2021-08-13,Shasta,089,179085,14188,1924,16112,216
2021-08-13,Sierra,091,2930,85,12,97,0
2021-08-13,Siskiyou,093,43540,2248,524,2772,34
2021-08-13,Solano,095,438530,39100,864,39964,281
2021-08-13,Sonoma,097,501317,35770,417,36187,353
2021-08-13,Stanislaus,099,539301,62864,6753,69617,1039
2021-08-13,Sutter,101,95872,10951,114,11065,131
2021-08-13,Tehama,103,63373,5657,676,6333,79
2021-08-13,Trinity,105,12862,551,126,677,6
2021-08-13,Tulare,107,460477,53240,10251,63491,901
2021-08-13,Tuolumne,109,53932,5040,53,5093,76
2021-08-13,Ventura,111,848112,88101,3701,91802,1065
2021-08-13,Yolo,113,214977,16267,575,16842,250
2021-08-13,Yuba,115,75493,7370,164,7534,54
2021-08-12,Alameda,001,1643700,103672,2243,105915,1324
2021-08-12,Alpine,002,1148,90,0,90,0
2021-08-12,Amador,005,37829,4288,36,4324,49
2021-08-12,Butte,007,227075,14484,2303,16787,214
2021-08-12,Calaveras,009,45235,2629,17,2646,61
2021-08-12,Colusa,011,21464,2179,416,2595,16
2021-08-12,Contra Costa,013,1133247,83966,1616,85582,866
2021-08-12,Del Norte,015,27424,2190,16,2206,11
2021-08-12,El Dorado,017,186661,12502,1037,13539,123
2021-08-12,Fresno,019,978130,111292,9532,120824,1795
2021-08-12,Glenn,021,27897,2623,653,3276,28
2021-08-12,Humboldt,023,135768,6159,108,6267,59
2021-08-12,Imperial,025,180216,29846,2761,32607,752
2021-08-12,Inyo,027,18085,1489,13,1502,39
2021-08-12,Kern,029,883053,103686,13041,116727,1395
2021-08-12,Kings,031,150075,25116,1273,26389,259
2021-08-12,Lake,033,64148,4948,31,4979,72
2021-08-12,Lassen,035,31185,5526,129,5655,20
2021-08-12,Los Angeles,037,10098052,1313797,46928,1360725,24963
2021-08-12,Madera,039,155013,18064,1144,19208,252
2021-08-12,Marin,041,260295,7257,247,7504,186
2021-08-12,Mariposa,043,17540,608,13,621,7
2021-08-12,Mendocino,045,87422,5166,157,5323,55
2021-08-12,Merced,047,269075,33476,1176,34652,514
2021-08-12,Modoc,049,8938,429,148,577,5
2021-08-12,Mono,051,14174,1358,18,1376,3
2021-08-12,Monterey,053,433212,44856,2128,46984,591
2021-08-12,Napa,055,140530,11038,62,11100,84
2021-08-12,Nevada,057,99092,6628,221,6849,75
2021-08-12,Orange,059,3164182,278763,12619,291382,5319
2021-08-12,Placer,061,380077,28383,2243,30626,316
2021-08-12,Plumas,063,18699,877,14,891,5
2021-08-12,Riverside,065,2383286,318717,14801,333518,4688
2021-08-12,Sacramento,067,1510023,127082,2469,129551,1819
2021-08-12,San Benito,069,59416,6475,119,6594,61
2021-08-12,San Bernardino,071,2135413,315658,9603,325261,5448
2021-08-12,San Diego,073,3302833,317217,18280,335497,3846
2021-08-12,San Francisco,075,870044,45345,1778,47123,590
2021-08-12,San Joaquin,077,732212,82092,4114,86206,1524
2021-08-12,San Luis Obispo,079,281455,23770,877,24647,268
2021-08-12,San Mateo,081,765935,47623,663,48286,556
2021-08-12,Santa Barbara,083,443738,37708,1274,38982,475
2021-08-12,Santa Clara,085,1922200,129797,917,130714,1772
2021-08-12,Santa Cruz,087,273765,17697,859,18556,211
2021-08-12,Shasta,089,179085,14103,1897,16000,216
2021-08-12,Sierra,091,2930,85,12,97,0
2021-08-12,Siskiyou,093,43540,2241,515,2756,34
2021-08-12,Solano,095,438530,38874,855,39729,280
2021-08-12,Sonoma,097,501317,35622,414,36036,349
2021-08-12,Stanislaus,099,539301,62599,6694,69293,1036
2021-08-12,Sutter,101,95872,10890,112,11002,131
2021-08-12,Tehama,103,63373,5627,667,6294,79
2021-08-12,Trinity,105,12862,547,125,672,6
2021-08-12,Tulare,107,460477,53095,10202,63297,901
2021-08-12,Tuolumne,109,53932,4993,51,5044,74
2021-08-12,Ventura,111,848112,87864,3677,91541,1065
2021-08-12,Yolo,113,214977,16195,561,16756,249
2021-08-12,Yuba,115,75493,7322,163,7485,54
2021-08-11,Alameda,001,1643700,103166,2240,105406,1319
2021-08-11,Alpine,002,1148,90,0,90,0
2021-08-11,Amador,005,37829,4264,36,4300,49
2021-08-11,Butte,007,227075,14383,2277,16660,213
2021-08-11,Calaveras,009,45235,2607,17,2624,61
2021-08-11,Colusa,011,21464,2169,414,2583,16
2021-08-11,Contra Costa,013,1133247,83465,1598,85063,863
2021-08-11,Del Norte,015,27424,2131,16,2147,10
2021-08-11,El Dorado,017,186661,12391,1025,13416,123
2021-08-11,Fresno,019,978130,110835,9486,120321,1792
2021-08-11,Glenn,021,27897,2614,643,3257,28
2021-08-11,Humboldt,023,135768,6112,107,6219,59
2021-08-11,Imperial,025,180216,29803,2757,32560,751
2021-08-11,Inyo,027,18085,1489,13,1502,39
2021-08-11,Kern,029,883053,103373,12934,116307,1390
2021-08-11,Kings,031,150075,25003,1264,26267,257
2021-08-11,Lake,033,64148,4911,30,4941,71
2021-08-11,Lassen,035,31185,5517,127,5644,20
2021-08-11,Los Angeles,037,10098052,1310467,46743,1357210,24941
2021-08-11,Madera,039,155013,18014,1133,19147,252
2021-08-11,Marin,041,260295,7208,247,7455,185
2021-08-11,Mariposa,043,17540,598,12,610,6
2021-08-11,Mendocino,045,87422,5097,148,5245,55
2021-08-11,Merced,047,269075,33343,1172,34515,513
2021-08-11,Modoc,049,8938,429,148,577,5
2021-08-11,Mono,051,14174,1353,18,1371,3
2021-08-11,Monterey,053,433212,44757,2110,46867,591
2021-08-11,Napa,055,140530,10997,62,11059,84
2021-08-11,Nevada,057,99092,6575,218,6793,74
2021-08-11,Orange,059,3164182,277904,12573,290477,5314
2021-08-11,Placer,061,380077,28171,2217,30388,315
2021-08-11,Plumas,063,18699,868,14,882,5
2021-08-11,Riverside,065,2383286,317724,14766,332490,4683
2021-08-11,Sacramento,067,1510023,126291,2429,128720,1815
2021-08-11,San Benito,069,59416,6462,119,6581,61
2021-08-11,San Bernardino,071,2135413,314765,9584,324349,5440
2021-08-11,San Diego,073,3302833,315745,18176,333921,3841
2021-08-11,San Francisco,075,870044,45120,1770,46890,589
2021-08-11,San Joaquin,077,732212,81685,4087,85772,1523
2021-08-11,San Luis Obispo,079,281455,23666,870,24536,268
2021-08-11,San Mateo,081,765935,47455,660,48115,556
2021-08-11,Santa Barbara,083,443738,37545,1266,38811,475
2021-08-11,Santa Clara,085,1922200,129315,909,130224,1771
2021-08-11,Santa Cruz,087,273765,17632,856,18488,211
2021-08-11,Shasta,089,179085,14029,1882,15911,216
2021-08-11,Sierra,091,2930,84,12,96,0
2021-08-11,Siskiyou,093,43540,2227,508,2735,34
2021-08-11,Solano,095,438530,38641,841,39482,279
2021-08-11,Sonoma,097,501317,35443,409,35852,347
2021-08-11,Stanislaus,099,539301,62268,6664,68932,1034
2021-08-11,Sutter,101,95872,10817,112,10929,131
2021-08-11,Tehama,103,63373,5598,651,6249,78
2021-08-11,Trinity,105,12862,545,125,670,6
2021-08-11,Tulare,107,460477,52927,10158,63085,901
2021-08-11,Tuolumne,109,53932,4961,51,5012,73
2021-08-11,Ventura,111,848112,87612,3656,91268,1062
2021-08-11,Yolo,113,214977,16120,545,16665,248
2021-08-11,Yuba,115,75493,7263,162,7425,54
2021-08-10,Alameda,001,1643700,102697,2233,104930,1317
2021-08-10,Alpine,002,1148,90,0,90,0
2021-08-10,Amador,005,37829,4248,36,4284,48
2021-08-10,Butte,007,227075,14299,2257,16556,212
2021-08-10,Calaveras,009,45235,2583,15,2598,60
2021-08-10,Colusa,011,21464,2156,405,2561,16
2021-08-10,Contra Costa,013,1133247,82922,1588,84510,861
2021-08-10,Del Norte,015,27424,2087,16,2103,10
2021-08-10,El Dorado,017,186661,12290,1013,13303,123
2021-08-10,Fresno,019,978130,110374,9430,119804,1790
2021-08-10,Glenn,021,27897,2601,633,3234,28
2021-08-10,Humboldt,023,135768,6058,104,6162,58
2021-08-10,Imperial,025,180216,29768,2750,32518,751
2021-08-10,Inyo,027,18085,1489,13,1502,39
2021-08-10,Kern,029,883053,103045,12838,115883,1387
2021-08-10,Kings,031,150075,24877,1248,26125,257
2021-08-10,Lake,033,64148,4870,30,4900,71
2021-08-10,Lassen,035,31185,5499,127,5626,20
2021-08-10,Los Angeles,037,10098052,1306709,46581,1353290,24927
2021-08-10,Madera,039,155013,17941,1123,19064,252
2021-08-10,Marin,041,260295,7161,247,7408,185
2021-08-10,Mariposa,043,17540,585,12,597,6
2021-08-10,Mendocino,045,87422,5052,144,5196,55
2021-08-10,Merced,047,269075,33195,1163,34358,513
2021-08-10,Modoc,049,8938,428,148,576,5
2021-08-10,Mono,051,14174,1348,18,1366,3
2021-08-10,Monterey,053,433212,44695,2095,46790,591
2021-08-10,Napa,055,140530,10942,61,11003,84
2021-08-10,Nevada,057,99092,6510,217,6727,74
2021-08-10,Orange,059,3164182,277024,12526,289550,5309
2021-08-10,Placer,061,380077,27952,2175,30127,314
2021-08-10,Plumas,063,18699,859,14,873,5
2021-08-10,Riverside,065,2383286,316608,14740,331348,4675
2021-08-10,Sacramento,067,1510023,125438,2398,127836,1804
2021-08-10,San Benito,069,59416,6448,119,6567,61
2021-08-10,San Bernardino,071,2135413,313841,9566,323407,5438
2021-08-10,San Diego,073,3302833,314098,18084,332182,3836
2021-08-10,San Francisco,075,870044,44867,1755,46622,589
2021-08-10,San Joaquin,077,732212,81287,4069,85356,1521
2021-08-10,San Luis Obispo,079,281455,23540,868,24408,267
2021-08-10,San Mateo,081,765935,47283,658,47941,556
2021-08-10,Santa Barbara,083,443738,37380,1259,38639,475
2021-08-10,Santa Clara,085,1922200,128852,902,129754,1770
2021-08-10,Santa Cruz,087,273765,17549,854,18403,211
2021-08-10,Shasta,089,179085,13951,1859,15810,213
2021-08-10,Sierra,091,2930,84,12,96,0
2021-08-10,Siskiyou,093,43540,2218,501,2719,34
2021-08-10,Solano,095,438530,38398,830,39228,278
2021-08-10,Sonoma,097,501317,35298,406,35704,345
2021-08-10,Stanislaus,099,539301,61922,6627,68549,1031
2021-08-10,Sutter,101,95872,10752,112,10864,131
2021-08-10,Tehama,103,63373,5569,646,6215,78
2021-08-10,Trinity,105,12862,545,125,670,5
2021-08-10,Tulare,107,460477,52763,10106,62869,898
2021-08-10,Tuolumne,109,53932,4932,49,4981,72
2021-08-10,Ventura,111,848112,87323,3635,90958,1061
2021-08-10,Yolo,113,214977,16033,535,16568,248
2021-08-10,Yuba,115,75493,7214,162,7376,54
2021-08-09,Alameda,001,1643700,102146,2229,104375,1314
2021-08-09,Alpine,002,1148,90,0,90,0
2021-08-09,Amador,005,37829,4222,36,4258,48
2021-08-09,Butte,007,227075,14200,2229,16429,210
2021-08-09,Calaveras,009,45235,2558,15,2573,60
2021-08-09,Colusa,011,21464,2146,398,2544,16
2021-08-09,Contra Costa,013,1133247,82380,1576,83956,859
2021-08-09,Del Norte,015,27424,2019,16,2035,10
2021-08-09,El Dorado,017,186661,12183,1000,13183,123
2021-08-09,Fresno,019,978130,109880,9391,119271,1787
2021-08-09,Glenn,021,27897,2590,621,3211,28
2021-08-09,Humboldt,023,135768,5967,102,6069,58
2021-08-09,Imperial,025,180216,29723,2746,32469,751
2021-08-09,Inyo,027,18085,1489,13,1502,39
2021-08-09,Kern,029,883053,102733,12752,115485,1387
2021-08-09,Kings,031,150075,24770,1234,26004,256
2021-08-09,Lake,033,64148,4835,28,4863,70
2021-08-09,Lassen,035,31185,5477,126,5603,19
2021-08-09,Los Angeles,037,10098052,1302691,46382,1349073,24902
2021-08-09,Madera,039,155013,17882,1103,18985,252
2021-08-09,Marin,041,260295,7108,246,7354,185
2021-08-09,Mariposa,043,17540,572,12,584,6
2021-08-09,Mendocino,045,87422,5001,136,5137,55
2021-08-09,Merced,047,269075,33049,1156,34205,513
2021-08-09,Modoc,049,8938,428,148,576,5
2021-08-09,Mono,051,14174,1345,18,1363,3
2021-08-09,Monterey,053,433212,44623,2080,46703,591
2021-08-09,Napa,055,140530,10895,61,10956,84
2021-08-09,Nevada,057,99092,6438,216,6654,74
2021-08-09,Orange,059,3164182,275982,12471,288453,5300
2021-08-09,Placer,061,380077,27728,2144,29872,314
2021-08-09,Plumas,063,18699,842,14,856,5
2021-08-09,Riverside,065,2383286,315531,14722,330253,4669
2021-08-09,Sacramento,067,1510023,124604,2373,126977,1797
2021-08-09,San Benito,069,59416,6428,117,6545,61
2021-08-09,San Bernardino,071,2135413,312856,9543,322399,5437
2021-08-09,San Diego,073,3302833,312438,17985,330423,3836
2021-08-09,San Francisco,075,870044,44621,1739,46360,588
2021-08-09,San Joaquin,077,732212,80904,4051,84955,1518
2021-08-09,San Luis Obispo,079,281455,23401,859,24260,267
2021-08-09,San Mateo,081,765935,47111,655,47766,556
2021-08-09,Santa Barbara,083,443738,37196,1251,38447,475
2021-08-09,Santa Clara,085,1922200,128349,893,129242,1768
2021-08-09,Santa Cruz,087,273765,17487,854,18341,211
2021-08-09,Shasta,089,179085,13834,1848,15682,212
2021-08-09,Sierra,091,2930,83,12,95,0
2021-08-09,Siskiyou,093,43540,2206,486,2692,34
2021-08-09,Solano,095,438530,38121,828,38949,278
2021-08-09,Sonoma,097,501317,35117,404,35521,343
2021-08-09,Stanislaus,099,539301,61643,6578,68221,1029
2021-08-09,Sutter,101,95872,10703,109,10812,131
2021-08-09,Tehama,103,63373,5527,645,6172,78
2021-08-09,Trinity,105,12862,543,123,666,5
2021-08-09,Tulare,107,460477,52603,10043,62646,897
2021-08-09,Tuolumne,109,53932,4890,49,4939,69
2021-08-09,Ventura,111,848112,87051,3624,90675,1060
2021-08-09,Yolo,113,214977,15955,514,16469,247
2021-08-09,Yuba,115,75493,7155,162,7317,54
2021-08-08,Alameda,001,1643700,101597,2223,103820,1310
2021-08-08,Alpine,002,1148,90,0,90,0
2021-08-08,Amador,005,37829,4188,35,4223,48
2021-08-08,Butte,007,227075,14118,2209,16327,208
2021-08-08,Calaveras,009,45235,2525,15,2540,60
2021-08-08,Colusa,011,21464,2129,391,2520,16
2021-08-08,Contra Costa,013,1133247,81855,1568,83423,859
2021-08-08,Del Norte,015,27424,1973,16,1989,10
2021-08-08,El Dorado,017,186661,12062,990,13052,123
2021-08-08,Fresno,019,978130,109436,9354,118790,1786
2021-08-08,Glenn,021,27897,2582,614,3196,28
2021-08-08,Humboldt,023,135768,5878,102,5980,57
2021-08-08,Imperial,025,180216,29699,2736,32435,750
2021-08-08,Inyo,027,18085,1489,13,1502,39
2021-08-08,Kern,029,883053,102413,12640,115053,1384
2021-08-08,Kings,031,150075,24656,1225,25881,256
2021-08-08,Lake,033,64148,4785,27,4812,70
2021-08-08,Lassen,035,31185,5462,125,5587,19
2021-08-08,Los Angeles,037,10098052,1298442,46199,1344641,24874
2021-08-08,Madera,039,155013,17803,1086,18889,252
2021-08-08,Marin,041,260295,7055,244,7299,185
2021-08-08,Mariposa,043,17540,568,12,580,6
2021-08-08,Mendocino,045,87422,4939,123,5062,55
2021-08-08,Merced,047,269075,32902,1147,34049,513
2021-08-08,Modoc,049,8938,427,147,574,5
2021-08-08,Mono,051,14174,1341,18,1359,3
2021-08-08,Monterey,053,433212,44553,2069,46622,591
2021-08-08,Napa,055,140530,10859,61,10920,84
2021-08-08,Nevada,057,99092,6353,214,6567,74
2021-08-08,Orange,059,3164182,275067,12429,287496,5297
2021-08-08,Placer,061,380077,27519,2103,29622,314
2021-08-08,Plumas,063,18699,833,14,847,5
2021-08-08,Riverside,065,2383286,314408,14699,329107,4666
2021-08-08,Sacramento,067,1510023,123775,2361,126136,1792
2021-08-08,San Benito,069,59416,6411,116,6527,61
2021-08-08,San Bernardino,071,2135413,311714,9514,321228,5433
2021-08-08,San Diego,073,3302833,311096,17887,328983,3833
2021-08-08,San Francisco,075,870044,44359,1717,46076,587
2021-08-08,San Joaquin,077,732212,80456,4035,84491,1517
2021-08-08,San Luis Obispo,079,281455,23227,851,24078,267
2021-08-08,San Mateo,081,765935,46921,652,47573,556
2021-08-08,Santa Barbara,083,443738,37019,1244,38263,472
2021-08-08,Santa Clara,085,1922200,127897,888,128785,1766
2021-08-08,Santa Cruz,087,273765,17415,849,18264,211
2021-08-08,Shasta,089,179085,13749,1837,15586,212
2021-08-08,Sierra,091,2930,83,12,95,0
2021-08-08,Siskiyou,093,43540,2190,481,2671,34
2021-08-08,Solano,095,438530,37868,824,38692,277
2021-08-08,Sonoma,097,501317,34873,403,35276,342
2021-08-08,Stanislaus,099,539301,61317,6533,67850,1027
2021-08-08,Sutter,101,95872,10643,108,10751,131
2021-08-08,Tehama,103,63373,5491,642,6133,78
2021-08-08,Trinity,105,12862,538,123,661,5
2021-08-08,Tulare,107,460477,52424,9984,62408,894
2021-08-08,Tuolumne,109,53932,4850,49,4899,69
2021-08-08,Ventura,111,848112,86760,3614,90374,1057
2021-08-08,Yolo,113,214977,15863,507,16370,247
2021-08-08,Yuba,115,75493,7116,162,7278,54
2021-08-07,Alameda,001,1643700,101350,2217,103567,1307
2021-08-07,Alpine,002,1148,90,0,90,0
2021-08-07,Amador,005,37829,4171,34,4205,48
2021-08-07,Butte,007,227075,14066,2197,16263,208
2021-08-07,Calaveras,009,45235,2515,15,2530,60
2021-08-07,Colusa,011,21464,2124,382,2506,16
2021-08-07,Contra Costa,013,1133247,81558,1565,83123,858
2021-08-07,Del Norte,015,27424,1941,16,1957,10
2021-08-07,El Dorado,017,186661,12014,983,12997,123
2021-08-07,Fresno,019,978130,109232,9328,118560,1784
2021-08-07,Glenn,021,27897,2574,613,3187,28
2021-08-07,Humboldt,023,135768,5828,99,5927,57
2021-08-07,Imperial,025,180216,29680,2736,32416,750
2021-08-07,Inyo,027,18085,1487,13,1500,39
2021-08-07,Kern,029,883053,102255,12584,114839,1382
2021-08-07,Kings,031,150075,24595,1219,25814,256
2021-08-07,Lake,033,64148,4764,27,4791,69
2021-08-07,Lassen,035,31185,5458,125,5583,19
2021-08-07,Los Angeles,037,10098052,1296405,46054,1342459,24855
2021-08-07,Madera,039,155013,17768,1082,18850,252
2021-08-07,Marin,041,260295,7021,243,7264,185
2021-08-07,Mariposa,043,17540,565,12,577,6
2021-08-07,Mendocino,045,87422,4903,121,5024,54
2021-08-07,Merced,047,269075,32838,1144,33982,511
2021-08-07,Modoc,049,8938,427,147,574,5
2021-08-07,Mono,051,14174,1338,18,1356,3
2021-08-07,Monterey,053,433212,44501,2064,46565,591
2021-08-07,Napa,055,140530,10838,60,10898,84
2021-08-07,Nevada,057,99092,6303,212,6515,74
2021-08-07,Orange,059,3164182,274474,12399,286873,5293
2021-08-07,Placer,061,380077,27330,2094,29424,313
2021-08-07,Plumas,063,18699,828,14,842,5
2021-08-07,Riverside,065,2383286,313736,14692,328428,4662
2021-08-07,Sacramento,067,1510023,123273,2357,125630,1785
2021-08-07,San Benito,069,59416,6401,116,6517,61
2021-08-07,San Bernardino,071,2135413,311126,9497,320623,5423
2021-08-07,San Diego,073,3302833,310340,17852,328192,3829
2021-08-07,San Francisco,075,870044,44187,1699,45886,587
2021-08-07,San Joaquin,077,732212,80292,4020,84312,1514
2021-08-07,San Luis Obispo,079,281455,23158,850,24008,266
2021-08-07,San Mateo,081,765935,46793,650,47443,556
2021-08-07,Santa Barbara,083,443738,36923,1238,38161,472
2021-08-07,Santa Clara,085,1922200,127626,883,128509,1765
2021-08-07,Santa Cruz,087,273765,17373,847,18220,211
2021-08-07,Shasta,089,179085,13693,1830,15523,212
2021-08-07,Sierra,091,2930,83,12,95,0
2021-08-07,Siskiyou,093,43540,2178,479,2657,34
2021-08-07,Solano,095,438530,37754,816,38570,275
2021-08-07,Sonoma,097,501317,34750,403,35153,341
2021-08-07,Stanislaus,099,539301,61146,6503,67649,1026
2021-08-07,Sutter,101,95872,10606,108,10714,129
2021-08-07,Tehama,103,63373,5480,637,6117,78
2021-08-07,Trinity,105,12862,534,122,656,5
2021-08-07,Tulare,107,460477,52338,9946,62284,894
2021-08-07,Tuolumne,109,53932,4820,49,4869,69
2021-08-07,Ventura,111,848112,86581,3600,90181,1057
2021-08-07,Yolo,113,214977,15820,502,16322,247
2021-08-07,Yuba,115,75493,7091,160,7251,54
2021-08-06,Alameda,001,1643700,101021,2211,103232,1303
2021-08-06,Alpine,002,1148,90,0,90,0
2021-08-06,Amador,005,37829,4150,34,4184,48
2021-08-06,Butte,007,227075,14015,2182,16197,207
2021-08-06,Calaveras,009,45235,2504,15,2519,60
2021-08-06,Colusa,011,21464,2117,377,2494,16
2021-08-06,Contra Costa,013,1133247,81263,1560,82823,857
2021-08-06,Del Norte,015,27424,1914,15,1929,10
2021-08-06,El Dorado,017,186661,11964,971,12935,123
2021-08-06,Fresno,019,978130,108968,9301,118269,1783
2021-08-06,Glenn,021,27897,2559,610,3169,28
2021-08-06,Humboldt,023,135768,5777,96,5873,57
2021-08-06,Imperial,025,180216,29669,2732,32401,750
2021-08-06,Inyo,027,18085,1484,13,1497,39
2021-08-06,Kern,029,883053,102078,12499,114577,1380
2021-08-06,Kings,031,150075,24540,1215,25755,255
2021-08-06,Lake,033,64148,4741,27,4768,69
2021-08-06,Lassen,035,31185,5436,125,5561,19
2021-08-06,Los Angeles,037,10098052,1293912,45905,1339817,24832
2021-08-06,Madera,039,155013,17729,1073,18802,252
2021-08-06,Marin,041,260295,6988,243,7231,185
2021-08-06,Mariposa,043,17540,556,12,568,6
2021-08-06,Mendocino,045,87422,4861,120,4981,54
2021-08-06,Merced,047,269075,32778,1141,33919,511
2021-08-06,Modoc,049,8938,427,147,574,5
2021-08-06,Mono,051,14174,1337,18,1355,3
2021-08-06,Monterey,053,433212,44433,2051,46484,591
2021-08-06,Napa,055,140530,10811,60,10871,84
2021-08-06,Nevada,057,99092,6247,212,6459,73
2021-08-06,Orange,059,3164182,273907,12382,286289,5291
2021-08-06,Placer,061,380077,27207,2073,29280,312
2021-08-06,Plumas,063,18699,819,14,833,5
2021-08-06,Riverside,065,2383286,313027,14681,327708,4658
2021-08-06,Sacramento,067,1510023,122781,2337,125118,1780
2021-08-06,San Benito,069,59416,6384,116,6500,61
2021-08-06,San Bernardino,071,2135413,310425,9487,319912,5421
2021-08-06,San Diego,073,3302833,309300,17803,327103,3828
2021-08-06,San Francisco,075,870044,44031,1681,45712,586
2021-08-06,San Joaquin,077,732212,80142,4008,84150,1510
2021-08-06,San Luis Obispo,079,281455,23090,845,23935,266
2021-08-06,San Mateo,081,765935,46641,645,47286,555
2021-08-06,Santa Barbara,083,443738,36833,1234,38067,471
2021-08-06,Santa Clara,085,1922200,127336,878,128214,1763
2021-08-06,Santa Cruz,087,273765,17329,843,18172,211
2021-08-06,Shasta,089,179085,13627,1824,15451,211
2021-08-06,Sierra,091,2930,83,12,95,0
2021-08-06,Siskiyou,093,43540,2168,475,2643,34
2021-08-06,Solano,095,438530,37644,807,38451,275
2021-08-06,Sonoma,097,501317,34664,402,35066,340
2021-08-06,Stanislaus,099,539301,61007,6483,67490,1026
2021-08-06,Sutter,101,95872,10563,108,10671,129
2021-08-06,Tehama,103,63373,5456,635,6091,78
2021-08-06,Trinity,105,12862,533,121,654,5
2021-08-06,Tulare,107,460477,52237,9899,62136,894
2021-08-06,Tuolumne,109,53932,4793,49,4842,69
2021-08-06,Ventura,111,848112,86410,3588,89998,1056
2021-08-06,Yolo,113,214977,15767,497,16264,247
2021-08-06,Yuba,115,75493,7068,160,7228,54
2021-08-05,Alameda,001,1643700,100537,2207,102744,1303
2021-08-05,Alpine,002,1148,90,0,90,0
2021-08-05,Amador,005,37829,4130,34,4164,48
2021-08-05,Butte,007,227075,13954,2159,16113,207
2021-08-05,Calaveras,009,45235,2485,15,2500,60
2021-08-05,Colusa,011,21464,2105,372,2477,16
2021-08-05,Contra Costa,013,1133247,80836,1553,82389,854
2021-08-05,Del Norte,015,27424,1887,15,1902,10
2021-08-05,El Dorado,017,186661,11879,960,12839,123
2021-08-05,Fresno,019,978130,108596,9264,117860,1781
2021-08-05,Glenn,021,27897,2553,607,3160,28
2021-08-05,Humboldt,023,135768,5703,95,5798,56
2021-08-05,Imperial,025,180216,29638,2728,32366,749
2021-08-05,Inyo,027,18085,1480,13,1493,39
2021-08-05,Kern,029,883053,101856,12414,114270,1379
2021-08-05,Kings,031,150075,24456,1210,25666,255
2021-08-05,Lake,033,64148,4702,25,4727,69
2021-08-05,Lassen,035,31185,5428,125,5553,19
2021-08-05,Los Angeles,037,10098052,1290692,45773,1336465,24815
2021-08-05,Madera,039,155013,17688,1065,18753,252
2021-08-05,Marin,041,260295,6944,239,7183,185
2021-08-05,Mariposa,043,17540,545,11,556,6
2021-08-05,Mendocino,045,87422,4818,111,4929,54
2021-08-05,Merced,047,269075,32711,1130,33841,510
2021-08-05,Modoc,049,8938,426,147,573,5
2021-08-05,Mono,051,14174,1329,18,1347,3
2021-08-05,Monterey,053,433212,44376,2033,46409,591
2021-08-05,Napa,055,140530,10775,58,10833,84
2021-08-05,Nevada,057,99092,6164,209,6373,73
2021-08-05,Orange,059,3164182,273125,12355,285480,5288
2021-08-05,Placer,061,380077,27008,2046,29054,312
2021-08-05,Plumas,063,18699,810,14,824,5
2021-08-05,Riverside,065,2383286,312110,14655,326765,4654
2021-08-05,Sacramento,067,1510023,122073,2323,124396,1772
2021-08-05,San Benito,069,59416,6366,116,6482,61
2021-08-05,San Bernardino,071,2135413,309590,9466,319056,5417
2021-08-05,San Diego,073,3302833,308027,17721,325748,3825
2021-08-05,San Francisco,075,870044,43819,1672,45491,586
2021-08-05,San Joaquin,077,732212,79780,3990,83770,1506
2021-08-05,San Luis Obispo,079,281455,22975,839,23814,265
2021-08-05,San Mateo,081,765935,46468,643,47111,554
2021-08-05,Santa Barbara,083,443738,36726,1231,37957,471
2021-08-05,Santa Clara,085,1922200,127003,878,127881,1763
2021-08-05,Santa Cruz,087,273765,17285,840,18125,211
2021-08-05,Shasta,089,179085,13569,1816,15385,211
2021-08-05,Sierra,091,2930,78,12,90,0
2021-08-05,Siskiyou,093,43540,2147,466,2613,34
2021-08-05,Solano,095,438530,37463,800,38263,275
2021-08-05,Sonoma,097,501317,34529,401,34930,338
2021-08-05,Stanislaus,099,539301,60785,6444,67229,1024
2021-08-05,Sutter,101,95872,10508,108,10616,129
2021-08-05,Tehama,103,63373,5438,632,6070,78
2021-08-05,Trinity,105,12862,527,121,648,5
2021-08-05,Tulare,107,460477,52120,9845,61965,894
2021-08-05,Tuolumne,109,53932,4763,49,4812,69
2021-08-05,Ventura,111,848112,86159,3574,89733,1055
2021-08-05,Yolo,113,214977,15700,487,16187,246
2021-08-05,Yuba,115,75493,7025,158,7183,53
2021-08-04,Alameda,001,1643700,100033,2196,102229,1303
2021-08-04,Alpine,002,1148,90,0,90,0
2021-08-04,Amador,005,37829,4100,33,4133,48
2021-08-04,Butte,007,227075,13886,2142,16028,206
2021-08-04,Calaveras,009,45235,2460,15,2475,59
2021-08-04,Colusa,011,21464,2093,366,2459,16
2021-08-04,Contra Costa,013,1133247,80320,1548,81868,854
2021-08-04,Del Norte,015,27424,1864,15,1879,10
2021-08-04,El Dorado,017,186661,11799,949,12748,123
2021-08-04,Fresno,019,978130,108225,9225,117450,1778
2021-08-04,Glenn,021,27897,2545,605,3150,28
2021-08-04,Humboldt,023,135768,5627,94,5721,55
2021-08-04,Imperial,025,180216,29590,2726,32316,749
2021-08-04,Inyo,027,18085,1479,13,1492,39
2021-08-04,Kern,029,883053,101606,12331,113937,1379
2021-08-04,Kings,031,150075,24384,1202,25586,255
2021-08-04,Lake,033,64148,4672,20,4692,69
2021-08-04,Lassen,035,31185,5420,125,5545,19
2021-08-04,Los Angeles,037,10098052,1287199,45615,1332814,24792
2021-08-04,Madera,039,155013,17653,1058,18711,252
2021-08-04,Marin,041,260295,6897,237,7134,185
2021-08-04,Mariposa,043,17540,530,11,541,6
2021-08-04,Mendocino,045,87422,4794,107,4901,54
2021-08-04,Merced,047,269075,32573,1125,33698,510
2021-08-04,Modoc,049,8938,426,147,573,5
2021-08-04,Mono,051,14174,1325,18,1343,3
2021-08-04,Monterey,053,433212,44311,2022,46333,591
2021-08-04,Napa,055,140530,10738,58,10796,84
2021-08-04,Nevada,057,99092,6099,208,6307,73
2021-08-04,Orange,059,3164182,272249,12318,284567,5286
2021-08-04,Placer,061,380077,26790,2026,28816,312
2021-08-04,Plumas,063,18699,804,14,818,5
2021-08-04,Riverside,065,2383286,311185,14630,325815,4650
2021-08-04,Sacramento,067,1510023,121316,2297,123613,1770
2021-08-04,San Benito,069,59416,6351,116,6467,61
2021-08-04,San Bernardino,071,2135413,308733,9447,318180,5409
2021-08-04,San Diego,073,3302833,306512,17654,324166,3824
2021-08-04,San Francisco,075,870044,43563,1660,45223,585
2021-08-04,San Joaquin,077,732212,79423,3978,83401,1505
2021-08-04,San Luis Obispo,079,281455,22865,833,23698,265
2021-08-04,San Mateo,081,765935,46296,642,46938,553
2021-08-04,Santa Barbara,083,443738,36597,1223,37820,471
2021-08-04,Santa Clara,085,1922200,126612,871,127483,1763
2021-08-04,Santa Cruz,087,273765,17223,833,18056,211
2021-08-04,Shasta,089,179085,13518,1805,15323,211
2021-08-04,Sierra,091,2930,78,12,90,0
2021-08-04,Siskiyou,093,43540,2127,462,2589,34
2021-08-04,Solano,095,438530,37262,791,38053,274
2021-08-04,Sonoma,097,501317,34357,399,34756,338
2021-08-04,Stanislaus,099,539301,60559,6406,66965,1023
2021-08-04,Sutter,101,95872,10471,108,10579,129
2021-08-04,Tehama,103,63373,5412,626,6038,78
2021-08-04,Trinity,105,12862,525,118,643,5
2021-08-04,Tulare,107,460477,52010,9801,61811,893
2021-08-04,Tuolumne,109,53932,4738,49,4787,69
2021-08-04,Ventura,111,848112,85901,3552,89453,1054
2021-08-04,Yolo,113,214977,15619,474,16093,246
2021-08-04,Yuba,115,75493,6985,157,7142,52
2021-08-03,Alameda,001,1643700,99585,2191,101776,1302
2021-08-03,Alpine,002,1148,90,0,90,0
2021-08-03,Amador,005,37829,4064,33,4097,48
2021-08-03,Butte,007,227075,13819,2127,15946,206
2021-08-03,Calaveras,009,45235,2438,15,2453,59
2021-08-03,Colusa,011,21464,2080,360,2440,16
2021-08-03,Contra Costa,013,1133247,79838,1541,81379,852
2021-08-03,Del Norte,015,27424,1832,14,1846,10
2021-08-03,El Dorado,017,186661,11706,938,12644,123
2021-08-03,Fresno,019,978130,107863,9194,117057,1773
2021-08-03,Glenn,021,27897,2538,599,3137,28
2021-08-03,Humboldt,023,135768,5562,89,5651,55
2021-08-03,Imperial,025,180216,29568,2719,32287,749
2021-08-03,Inyo,027,18085,1476,13,1489,39
2021-08-03,Kern,029,883053,101344,12252,113596,1377
2021-08-03,Kings,031,150075,24296,1195,25491,255
2021-08-03,Lake,033,64148,4616,16,4632,69
2021-08-03,Lassen,035,31185,5410,125,5535,19
2021-08-03,Los Angeles,037,10098052,1283451,45442,1328893,24773
2021-08-03,Madera,039,155013,17612,1043,18655,252
2021-08-03,Marin,041,260295,6848,234,7082,185
2021-08-03,Mariposa,043,17540,519,11,530,6
2021-08-03,Mendocino,045,87422,4745,106,4851,53
2021-08-03,Merced,047,269075,32491,1123,33614,509
2021-08-03,Modoc,049,8938,426,147,573,5
2021-08-03,Mono,051,14174,1320,18,1338,3
2021-08-03,Monterey,053,433212,44248,2009,46257,591
2021-08-03,Napa,055,140530,10695,57,10752,84
2021-08-03,Nevada,057,99092,6019,207,6226,73
2021-08-03,Orange,059,3164182,271509,12288,283797,5284
2021-08-03,Placer,061,380077,26589,2002,28591,312
2021-08-03,Plumas,063,18699,797,14,811,5
2021-08-03,Riverside,065,2383286,310260,14604,324864,4644
2021-08-03,Sacramento,067,1510023,120571,2277,122848,1768
2021-08-03,San Benito,069,59416,6336,115,6451,61
2021-08-03,San Bernardino,071,2135413,307811,9429,317240,5408
2021-08-03,San Diego,073,3302833,305070,17544,322614,3821
2021-08-03,San Francisco,075,870044,43280,1640,44920,584
2021-08-03,San Joaquin,077,732212,79072,3957,83029,1504
2021-08-03,San Luis Obispo,079,281455,22725,826,23551,265
2021-08-03,San Mateo,081,765935,46104,637,46741,553
2021-08-03,Santa Barbara,083,443738,36478,1217,37695,470
2021-08-03,Santa Clara,085,1922200,126191,865,127056,1763
2021-08-03,Santa Cruz,087,273765,17157,830,17987,211
2021-08-03,Shasta,089,179085,13443,1794,15237,211
2021-08-03,Sierra,091,2930,78,12,90,0
2021-08-03,Siskiyou,093,43540,2116,457,2573,34
2021-08-03,Solano,095,438530,37043,779,37822,274
2021-08-03,Sonoma,097,501317,34176,398,34574,336
2021-08-03,Stanislaus,099,539301,60337,6387,66724,1022
2021-08-03,Sutter,101,95872,10431,107,10538,129
2021-08-03,Tehama,103,63373,5385,621,6006,78
2021-08-03,Trinity,105,12862,522,115,637,5
2021-08-03,Tulare,107,460477,51915,9755,61670,892
2021-08-03,Tuolumne,109,53932,4703,49,4752,69
2021-08-03,Ventura,111,848112,85657,3531,89188,1054
2021-08-03,Yolo,113,214977,15527,459,15986,245
2021-08-03,Yuba,115,75493,6948,155,7103,51
2021-08-02,Alameda,001,1643700,99028,2187,101215,1301
2021-08-02,Alpine,002,1148,90,0,90,0
2021-08-02,Amador,005,37829,4044,33,4077,48
2021-08-02,Butte,007,227075,13739,2108,15847,206
2021-08-02,Calaveras,009,45235,2413,15,2428,59
2021-08-02,Colusa,011,21464,2068,357,2425,16
2021-08-02,Contra Costa,013,1133247,79328,1527,80855,851
2021-08-02,Del Norte,015,27424,1802,14,1816,10
2021-08-02,El Dorado,017,186661,11603,924,12527,123
2021-08-02,Fresno,019,978130,107519,9157,116676,1772
2021-08-02,Glenn,021,27897,2530,596,3126,28
2021-08-02,Humboldt,023,135768,5478,87,5565,53
2021-08-02,Imperial,025,180216,29535,2716,32251,749
2021-08-02,Inyo,027,18085,1470,13,1483,39
2021-08-02,Kern,029,883053,101089,12161,113250,1374
2021-08-02,Kings,031,150075,24226,1189,25415,254
2021-08-02,Lake,033,64148,4573,16,4589,68
2021-08-02,Lassen,035,31185,5387,123,5510,19
2021-08-02,Los Angeles,037,10098052,1279728,45238,1324966,24761
2021-08-02,Madera,039,155013,17568,1030,18598,252
2021-08-02,Marin,041,260295,6805,233,7038,185
2021-08-02,Mariposa,043,17540,510,11,521,6
2021-08-02,Mendocino,045,87422,4705,103,4808,53
2021-08-02,Merced,047,269075,32393,1116,33509,509
2021-08-02,Modoc,049,8938,426,147,573,5
2021-08-02,Mono,051,14174,1313,18,1331,3
2021-08-02,Monterey,053,433212,44188,2001,46189,591
2021-08-02,Napa,055,140530,10652,54,10706,83
2021-08-02,Nevada,057,99092,5948,206,6154,73
2021-08-02,Orange,059,3164182,270593,12243,282836,5281
2021-08-02,Placer,061,380077,26442,1968,28410,311
2021-08-02,Plumas,063,18699,790,14,804,5
2021-08-02,Riverside,065,2383286,309321,14589,323910,4640
2021-08-02,Sacramento,067,1510023,119873,2258,122131,1764
2021-08-02,San Benito,069,59416,6317,114,6431,61
2021-08-02,San Bernardino,071,2135413,306936,9396,316332,5399
2021-08-02,San Diego,073,3302833,303586,17464,321050,3818
2021-08-02,San Francisco,075,870044,42994,1617,44611,582
2021-08-02,San Joaquin,077,732212,78729,3932,82661,1502
2021-08-02,San Luis Obispo,079,281455,22631,819,23450,265
2021-08-02,San Mateo,081,765935,45927,625,46552,553
2021-08-02,Santa Barbara,083,443738,36341,1211,37552,470
2021-08-02,Santa Clara,085,1922200,125719,857,126576,1762
2021-08-02,Santa Cruz,087,273765,17099,826,17925,211
2021-08-02,Shasta,089,179085,13381,1780,15161,211
2021-08-02,Sierra,091,2930,78,12,90,0
2021-08-02,Siskiyou,093,43540,2105,443,2548,34
2021-08-02,Solano,095,438530,36797,766,37563,274
2021-08-02,Sonoma,097,501317,33950,393,34343,336
2021-08-02,Stanislaus,099,539301,60118,6360,66478,1022
2021-08-02,Sutter,101,95872,10385,107,10492,129
2021-08-02,Tehama,103,63373,5362,617,5979,78
2021-08-02,Trinity,105,12862,518,114,632,5
2021-08-02,Tulare,107,460477,51814,9683,61497,891
2021-08-02,Tuolumne,109,53932,4636,49,4685,68
2021-08-02,Ventura,111,848112,85472,3508,88980,1052
2021-08-02,Yolo,113,214977,15429,442,15871,244
2021-08-02,Yuba,115,75493,6906,152,7058,50
2021-08-01,Alameda,001,1643700,98497,2181,100678,1298
2021-08-01,Alpine,002,1148,90,0,90,0
2021-08-01,Amador,005,37829,4006,33,4039,48
2021-08-01,Butte,007,227075,13661,2090,15751,206
2021-08-01,Calaveras,009,45235,2389,15,2404,59
2021-08-01,Colusa,011,21464,2057,355,2412,16
2021-08-01,Contra Costa,013,1133247,78892,1520,80412,850
2021-08-01,Del Norte,015,27424,1770,14,1784,10
2021-08-01,El Dorado,017,186661,11502,913,12415,123
2021-08-01,Fresno,019,978130,107192,9112,116304,1769
2021-08-01,Glenn,021,27897,2524,593,3117,28
2021-08-01,Humboldt,023,135768,5401,83,5484,52
2021-08-01,Imperial,025,180216,29500,2712,32212,748
2021-08-01,Inyo,027,18085,1468,13,1481,39
2021-08-01,Kern,029,883053,100811,12086,112897,1373
2021-08-01,Kings,031,150075,24139,1184,25323,254
2021-08-01,Lake,033,64148,4494,16,4510,68
2021-08-01,Lassen,035,31185,5374,121,5495,19
2021-08-01,Los Angeles,037,10098052,1276036,45016,1321052,24746
2021-08-01,Madera,039,155013,17512,1025,18537,252
2021-08-01,Marin,041,260295,6728,232,6960,185
2021-08-01,Mariposa,043,17540,503,11,514,6
2021-08-01,Mendocino,045,87422,4659,99,4758,53
2021-08-01,Merced,047,269075,32301,1110,33411,509
2021-08-01,Modoc,049,8938,424,147,571,5
2021-08-01,Mono,051,14174,1310,18,1328,3
2021-08-01,Monterey,053,433212,44141,1988,46129,591
2021-08-01,Napa,055,140530,10603,52,10655,83
2021-08-01,Nevada,057,99092,5861,205,6066,73
2021-08-01,Orange,059,3164182,269778,12200,281978,5276
2021-08-01,Placer,061,380077,26225,1938,28163,310
2021-08-01,Plumas,063,18699,784,14,798,5
2021-08-01,Riverside,065,2383286,308388,14571,322959,4637
2021-08-01,Sacramento,067,1510023,119135,2244,121379,1758
2021-08-01,San Benito,069,59416,6300,114,6414,61
2021-08-01,San Bernardino,071,2135413,306002,9385,315387,5395
2021-08-01,San Diego,073,3302833,302400,17399,319799,3815
2021-08-01,San Francisco,075,870044,42657,1604,44261,582
2021-08-01,San Joaquin,077,732212,78362,3907,82269,1497
2021-08-01,San Luis Obispo,079,281455,22529,814,23343,263
2021-08-01,San Mateo,081,765935,45744,618,46362,553
2021-08-01,Santa Barbara,083,443738,36217,1207,37424,470
2021-08-01,Santa Clara,085,1922200,125306,849,126155,1761
2021-08-01,Santa Cruz,087,273765,17021,819,17840,209
2021-08-01,Shasta,089,179085,13310,1771,15081,211
2021-08-01,Sierra,091,2930,76,12,88,0
2021-08-01,Siskiyou,093,43540,2099,437,2536,34
2021-08-01,Solano,095,438530,36562,757,37319,273
2021-08-01,Sonoma,097,501317,33758,390,34148,336
2021-08-01,Stanislaus,099,539301,59881,6328,66209,1021
2021-08-01,Sutter,101,95872,10330,104,10434,129
2021-08-01,Tehama,103,63373,5345,613,5958,78
2021-08-01,Trinity,105,12862,515,113,628,5
2021-08-01,Tulare,107,460477,51657,9622,61279,891
2021-08-01,Tuolumne,109,53932,4598,49,4647,68
2021-08-01,Ventura,111,848112,85242,3493,88735,1052
2021-08-01,Yolo,113,214977,15359,432,15791,244
2021-08-01,Yuba,115,75493,6869,151,7020,50
2021-07-31,Alameda,001,1643700,98165,2176,100341,1295
2021-07-31,Alpine,002,1148,90,0,90,0
2021-07-31,Amador,005,37829,3986,33,4019,48
2021-07-31,Butte,007,227075,13627,2069,15696,204
2021-07-31,Calaveras,009,45235,2380,15,2395,58
2021-07-31,Colusa,011,21464,2051,353,2404,16
2021-07-31,Contra Costa,013,1133247,78612,1518,80130,849
2021-07-31,Del Norte,015,27424,1744,14,1758,10
2021-07-31,El Dorado,017,186661,11449,907,12356,123
2021-07-31,Fresno,019,978130,107033,9099,116132,1769
2021-07-31,Glenn,021,27897,2519,588,3107,28
2021-07-31,Humboldt,023,135768,5346,82,5428,52
2021-07-31,Imperial,025,180216,29483,2709,32192,748
2021-07-31,Inyo,027,18085,1465,13,1478,39
2021-07-31,Kern,029,883053,100646,12027,112673,1372
2021-07-31,Kings,031,150075,24086,1179,25265,253
2021-07-31,Lake,033,64148,4469,16,4485,68
2021-07-31,Lassen,035,31185,5367,121,5488,19
2021-07-31,Los Angeles,037,10098052,1273830,44875,1318705,24736
2021-07-31,Madera,039,155013,17479,1019,18498,252
2021-07-31,Marin,041,260295,6684,231,6915,185
2021-07-31,Mariposa,043,17540,494,11,505,6
2021-07-31,Mendocino,045,87422,4634,96,4730,53
2021-07-31,Merced,047,269075,32253,1105,33358,508
2021-07-31,Modoc,049,8938,424,147,571,5
2021-07-31,Mono,051,14174,1308,18,1326,3
2021-07-31,Monterey,053,433212,44101,1978,46079,591
2021-07-31,Napa,055,140530,10584,51,10635,83
2021-07-31,Nevada,057,99092,5823,204,6027,73
2021-07-31,Orange,059,3164182,269203,12182,281385,5274
2021-07-31,Placer,061,380077,26093,1931,28024,310
2021-07-31,Plumas,063,18699,781,14,795,5
2021-07-31,Riverside,065,2383286,307771,14562,322333,4636
2021-07-31,Sacramento,067,1510023,118723,2236,120959,1756
2021-07-31,San Benito,069,59416,6289,114,6403,61
2021-07-31,San Bernardino,071,2135413,305428,9382,314810,5393
2021-07-31,San Diego,073,3302833,301727,17353,319080,3813
2021-07-31,San Francisco,075,870044,42429,1584,44013,582
2021-07-31,San Joaquin,077,732212,78197,3894,82091,1494
2021-07-31,San Luis Obispo,079,281455,22476,812,23288,263
2021-07-31,San Mateo,081,765935,45587,613,46200,553
2021-07-31,Santa Barbara,083,443738,36136,1206,37342,470
2021-07-31,Santa Clara,085,1922200,125051,847,125898,1761
2021-07-31,Santa Cruz,087,273765,16982,818,17800,209
2021-07-31,Shasta,089,179085,13273,1763,15036,211
2021-07-31,Sierra,091,2930,76,12,88,0
2021-07-31,Siskiyou,093,43540,2090,431,2521,34
2021-07-31,Solano,095,438530,36460,750,37210,271
2021-07-31,Sonoma,097,501317,33632,390,34022,334
2021-07-31,Stanislaus,099,539301,59722,6306,66028,1021
2021-07-31,Sutter,101,95872,10296,103,10399,129
2021-07-31,Tehama,103,63373,5330,610,5940,78
2021-07-31,Trinity,105,12862,514,112,626,5
2021-07-31,Tulare,107,460477,51567,9569,61136,889
2021-07-31,Tuolumne,109,53932,4559,49,4608,68
2021-07-31,Ventura,111,848112,85081,3477,88558,1051
2021-07-31,Yolo,113,214977,15311,421,15732,244
2021-07-31,Yuba,115,75493,6846,147,6993,50
2021-07-30,Alameda,001,1643700,97840,2172,100012,1291
2021-07-30,Alpine,002,1148,90,0,90,0
2021-07-30,Amador,005,37829,3963,33,3996,48
2021-07-30,Butte,007,227075,13572,2056,15628,204
2021-07-30,Calaveras,009,45235,2370,15,2385,57
2021-07-30,Colusa,011,21464,2047,351,2398,16
2021-07-30,Contra Costa,013,1133247,78366,1514,79880,848
2021-07-30,Del Norte,015,27424,1726,14,1740,9
2021-07-30,El Dorado,017,186661,11416,901,12317,123
2021-07-30,Fresno,019,978130,106838,9087,115925,1767
2021-07-30,Glenn,021,27897,2514,587,3101,28
2021-07-30,Humboldt,023,135768,5283,79,5362,52
2021-07-30,Imperial,025,180216,29469,2706,32175,748
2021-07-30,Inyo,027,18085,1464,13,1477,39
2021-07-30,Kern,029,883053,100522,11980,112502,1369
2021-07-30,Kings,031,150075,24046,1175,25221,253
2021-07-30,Lake,033,64148,4441,16,4457,67
2021-07-30,Lassen,035,31185,5363,121,5484,19
2021-07-30,Los Angeles,037,10098052,1271495,44729,1316224,24725
2021-07-30,Madera,039,155013,17437,1016,18453,252
2021-07-30,Marin,041,260295,6650,231,6881,185
2021-07-30,Mariposa,043,17540,490,11,501,6
2021-07-30,Mendocino,045,87422,4604,95,4699,53
2021-07-30,Merced,047,269075,32212,1101,33313,508
2021-07-30,Modoc,049,8938,422,147,569,5
2021-07-30,Mono,051,14174,1303,18,1321,3
2021-07-30,Monterey,053,433212,44067,1969,46036,591
2021-07-30,Napa,055,140530,10562,50,10612,83
2021-07-30,Nevada,057,99092,5767,204,5971,73
2021-07-30,Orange,059,3164182,268577,12156,280733,5273
2021-07-30,Placer,061,380077,26003,1913,27916,310
2021-07-30,Plumas,063,18699,776,14,790,5
2021-07-30,Riverside,065,2383286,307134,14551,321685,4631
2021-07-30,Sacramento,067,1510023,118271,2230,120501,1749
2021-07-30,San Benito,069,59416,6282,114,6396,61
2021-07-30,San Bernardino,071,2135413,304914,9375,314289,5390
2021-07-30,San Diego,073,3302833,300950,17295,318245,3808
2021-07-30,San Francisco,075,870044,42216,1570,43786,582
2021-07-30,San Joaquin,077,732212,78043,3889,81932,1493
2021-07-30,San Luis Obispo,079,281455,22438,808,23246,263
2021-07-30,San Mateo,081,765935,45462,600,46062,553
2021-07-30,Santa Barbara,083,443738,36067,1200,37267,469
2021-07-30,Santa Clara,085,1922200,124827,845,125672,1760
2021-07-30,Santa Cruz,087,273765,16956,816,17772,209
2021-07-30,Shasta,089,179085,13228,1763,14991,211
2021-07-30,Sierra,091,2930,75,12,87,0
2021-07-30,Siskiyou,093,43540,2081,430,2511,34
2021-07-30,Solano,095,438530,36368,734,37102,271
2021-07-30,Sonoma,097,501317,33537,390,33927,332
2021-07-30,Stanislaus,099,539301,59579,6286,65865,1021
2021-07-30,Sutter,101,95872,10261,103,10364,129
2021-07-30,Tehama,103,63373,5320,610,5930,78
2021-07-30,Trinity,105,12862,514,112,626,5
2021-07-30,Tulare,107,460477,51524,9534,61058,889
2021-07-30,Tuolumne,109,53932,4541,49,4590,68
2021-07-30,Ventura,111,848112,84917,3462,88379,1051
2021-07-30,Yolo,113,214977,15251,417,15668,241
2021-07-30,Yuba,115,75493,6810,146,6956,50
2021-07-29,Alameda,001,1643700,97428,2166,99594,1291
2021-07-29,Alpine,002,1148,90,0,90,0
2021-07-29,Amador,005,37829,3944,33,3977,48
2021-07-29,Butte,007,227075,13523,2048,15571,204
2021-07-29,Calaveras,009,45235,2355,15,2370,57
2021-07-29,Colusa,011,21464,2040,351,2391,16
2021-07-29,Contra Costa,013,1133247,77926,1512,79438,845
2021-07-29,Del Norte,015,27424,1702,14,1716,9
2021-07-29,El Dorado,017,186661,11352,889,12241,122
2021-07-29,Fresno,019,978130,106573,9061,115634,1767
2021-07-29,Glenn,021,27897,2504,586,3090,28
2021-07-29,Humboldt,023,135768,5223,77,5300,52
2021-07-29,Imperial,025,180216,29424,2704,32128,748
2021-07-29,Inyo,027,18085,1460,13,1473,39
2021-07-29,Kern,029,883053,100315,11903,112218,1369
2021-07-29,Kings,031,150075,24000,1171,25171,253
2021-07-29,Lake,033,64148,4406,16,4422,67
2021-07-29,Lassen,035,31185,5355,118,5473,19
2021-07-29,Los Angeles,037,10098052,1268389,44553,1312942,24719
2021-07-29,Madera,039,155013,17390,1012,18402,252
2021-07-29,Marin,041,260295,6606,231,6837,185
2021-07-29,Mariposa,043,17540,486,11,497,6
2021-07-29,Mendocino,045,87422,4581,93,4674,53
2021-07-29,Merced,047,269075,32157,1101,33258,508
2021-07-29,Modoc,049,8938,422,147,569,5
2021-07-29,Mono,051,14174,1301,18,1319,3
2021-07-29,Monterey,053,433212,44018,1959,45977,590
2021-07-29,Napa,055,140530,10530,48,10578,83
2021-07-29,Nevada,057,99092,5715,203,5918,72
2021-07-29,Orange,059,3164182,267865,12124,279989,5270
2021-07-29,Placer,061,380077,25880,1898,27778,310
2021-07-29,Plumas,063,18699,768,14,782,5
2021-07-29,Riverside,065,2383286,306429,14527,320956,4630
2021-07-29,Sacramento,067,1510023,117716,2217,119933,1747
2021-07-29,San Benito,069,59416,6271,114,6385,61
2021-07-29,San Bernardino,071,2135413,304277,9366,313643,5385
2021-07-29,San Diego,073,3302833,299889,17227,317116,3808
2021-07-29,San Francisco,075,870044,41965,1549,43514,579
2021-07-29,San Joaquin,077,732212,77788,3881,81669,1492
2021-07-29,San Luis Obispo,079,281455,22383,806,23189,262
2021-07-29,San Mateo,081,765935,45335,590,45925,552
2021-07-29,Santa Barbara,083,443738,35981,1199,37180,469
2021-07-29,Santa Clara,085,1922200,124531,842,125373,1759
2021-07-29,Santa Cruz,087,273765,16903,814,17717,209
2021-07-29,Shasta,089,179085,13174,1754,14928,211
2021-07-29,Sierra,091,2930,75,12,87,0
2021-07-29,Siskiyou,093,43540,2076,428,2504,34
2021-07-29,Solano,095,438530,36208,724,36932,271
2021-07-29,Sonoma,097,501317,33363,388,33751,332
2021-07-29,Stanislaus,099,539301,59407,6271,65678,1021
2021-07-29,Sutter,101,95872,10215,102,10317,129
2021-07-29,Tehama,103,63373,5307,604,5911,78
2021-07-29,Trinity,105,12862,512,111,623,5
2021-07-29,Tulare,107,460477,51434,9494,60928,889
2021-07-29,Tuolumne,109,53932,4501,48,4549,68
2021-07-29,Ventura,111,848112,84751,3455,88206,1051
2021-07-29,Yolo,113,214977,15184,403,15587,239
2021-07-29,Yuba,115,75493,6761,143,6904,50
2021-07-28,Alameda,001,1643700,96968,2159,99127,1291
2021-07-28,Alpine,002,1148,90,0,90,0
2021-07-28,Amador,005,37829,3930,33,3963,48
2021-07-28,Butte,007,227075,13466,2035,15501,203
2021-07-28,Calaveras,009,45235,2334,15,2349,57
2021-07-28,Colusa,011,21464,2037,350,2387,16
2021-07-28,Contra Costa,013,1133247,77437,1504,78941,842
2021-07-28,Del Norte,015,27424,1669,14,1683,9
2021-07-28,El Dorado,017,186661,11302,880,12182,122
2021-07-28,Fresno,019,978130,106320,9041,115361,1765
2021-07-28,Glenn,021,27897,2501,583,3084,28
2021-07-28,Humboldt,023,135768,5172,76,5248,52
2021-07-28,Imperial,025,180216,29377,2704,32081,748
2021-07-28,Inyo,027,18085,1454,12,1466,39
2021-07-28,Kern,029,883053,100159,11857,112016,1368
2021-07-28,Kings,031,150075,23936,1161,25097,253
2021-07-28,Lake,033,64148,4360,15,4375,66
2021-07-28,Lassen,035,31185,5347,118,5465,19
2021-07-28,Los Angeles,037,10098052,1265213,44370,1309583,24706
2021-07-28,Madera,039,155013,17349,1006,18355,251
2021-07-28,Marin,041,260295,6552,231,6783,184
2021-07-28,Mariposa,043,17540,479,11,490,6
2021-07-28,Mendocino,045,87422,4553,93,4646,53
2021-07-28,Merced,047,269075,32101,1097,33198,507
2021-07-28,Modoc,049,8938,420,147,567,5
2021-07-28,Mono,051,14174,1300,18,1318,3
2021-07-28,Monterey,053,433212,43971,1950,45921,590
2021-07-28,Napa,055,140530,10490,46,10536,83
2021-07-28,Nevada,057,99092,5662,203,5865,72
2021-07-28,Orange,059,3164182,267073,12095,279168,5268
2021-07-28,Placer,061,380077,25733,1883,27616,310
2021-07-28,Plumas,063,18699,763,14,777,5
2021-07-28,Riverside,065,2383286,305662,14508,320170,4628
2021-07-28,Sacramento,067,1510023,117062,2198,119260,1746
2021-07-28,San Benito,069,59416,6260,114,6374,60
2021-07-28,San Bernardino,071,2135413,303655,9354,313009,5380
2021-07-28,San Diego,073,3302833,298614,17154,315768,3807
2021-07-28,San Francisco,075,870044,41661,1523,43184,579
2021-07-28,San Joaquin,077,732212,77537,3851,81388,1491
2021-07-28,San Luis Obispo,079,281455,22324,805,23129,261
2021-07-28,San Mateo,081,765935,45184,581,45765,552
2021-07-28,Santa Barbara,083,443738,35906,1194,37100,468
2021-07-28,Santa Clara,085,1922200,124269,840,125109,1759
2021-07-28,Santa Cruz,087,273765,16865,813,17678,209
2021-07-28,Shasta,089,179085,13129,1744,14873,211
2021-07-28,Sierra,091,2930,71,12,83,0
2021-07-28,Siskiyou,093,43540,2067,425,2492,34
2021-07-28,Solano,095,438530,36035,717,36752,271
2021-07-28,Sonoma,097,501317,33219,385,33604,332
2021-07-28,Stanislaus,099,539301,59210,6255,65465,1020
2021-07-28,Sutter,101,95872,10183,101,10284,129
2021-07-28,Tehama,103,63373,5295,601,5896,78
2021-07-28,Trinity,105,12862,511,111,622,5
2021-07-28,Tulare,107,460477,51346,9447,60793,889
2021-07-28,Tuolumne,109,53932,4462,48,4510,68
2021-07-28,Ventura,111,848112,84555,3439,87994,1051
2021-07-28,Yolo,113,214977,15112,394,15506,239
2021-07-28,Yuba,115,75493,6728,142,6870,50
2021-07-27,Alameda,001,1643700,96567,2151,98718,1291
2021-07-27,Alpine,002,1148,90,0,90,0
2021-07-27,Amador,005,37829,3914,33,3947,48
2021-07-27,Butte,007,227075,13419,2023,15442,203
2021-07-27,Calaveras,009,45235,2323,15,2338,57
2021-07-27,Colusa,011,21464,2028,349,2377,16
2021-07-27,Contra Costa,013,1133247,76952,1500,78452,839
2021-07-27,Del Norte,015,27424,1649,14,1663,9
2021-07-27,El Dorado,017,186661,11242,870,12112,121
2021-07-27,Fresno,019,978130,106028,9018,115046,1763
2021-07-27,Glenn,021,27897,2493,581,3074,28
2021-07-27,Humboldt,023,135768,5118,75,5193,52
2021-07-27,Imperial,025,180216,29332,2703,32035,748
2021-07-27,Inyo,027,18085,1452,12,1464,39
2021-07-27,Kern,029,883053,99989,11801,111790,1366
2021-07-27,Kings,031,150075,23879,1151,25030,252
2021-07-27,Lake,033,64148,4321,15,4336,65
2021-07-27,Lassen,035,31185,5341,118,5459,19
2021-07-27,Los Angeles,037,10098052,1261743,44167,1305910,24701
2021-07-27,Madera,039,155013,17296,1000,18296,251
2021-07-27,Marin,041,260295,6504,228,6732,184
2021-07-27,Mariposa,043,17540,476,11,487,6
2021-07-27,Mendocino,045,87422,4530,93,4623,53
2021-07-27,Merced,047,269075,32034,1094,33128,507
2021-07-27,Modoc,049,8938,419,147,566,5
2021-07-27,Mono,051,14174,1296,18,1314,3
2021-07-27,Monterey,053,433212,43931,1939,45870,590
2021-07-27,Napa,055,140530,10460,46,10506,83
2021-07-27,Nevada,057,99092,5585,201,5786,72
2021-07-27,Orange,059,3164182,266333,12069,278402,5265
2021-07-27,Placer,061,380077,25574,1857,27431,310
2021-07-27,Plumas,063,18699,760,14,774,5
2021-07-27,Riverside,065,2383286,304933,14489,319422,4627
2021-07-27,Sacramento,067,1510023,116459,2189,118648,1743
2021-07-27,San Benito,069,59416,6251,114,6365,60
2021-07-27,San Bernardino,071,2135413,302972,9332,312304,5377
2021-07-27,San Diego,073,3302833,297524,17075,314599,3807
2021-07-27,San Francisco,075,870044,41305,1505,42810,579
2021-07-27,San Joaquin,077,732212,77275,3832,81107,1487
2021-07-27,San Luis Obispo,079,281455,22269,796,23065,261
2021-07-27,San Mateo,081,765935,45033,578,45611,552
2021-07-27,Santa Barbara,083,443738,35811,1192,37003,468
2021-07-27,Santa Clara,085,1922200,123975,838,124813,1758
2021-07-27,Santa Cruz,087,273765,16819,812,17631,209
2021-07-27,Shasta,089,179085,13079,1731,14810,211
2021-07-27,Sierra,091,2930,71,12,83,0
2021-07-27,Siskiyou,093,43540,2062,422,2484,34
2021-07-27,Solano,095,438530,35903,707,36610,271
2021-07-27,Sonoma,097,501317,33075,383,33458,331
2021-07-27,Stanislaus,099,539301,59042,6227,65269,1020
2021-07-27,Sutter,101,95872,10142,101,10243,129
2021-07-27,Tehama,103,63373,5273,599,5872,78
2021-07-27,Trinity,105,12862,510,111,621,5
2021-07-27,Tulare,107,460477,51280,9416,60696,888
2021-07-27,Tuolumne,109,53932,4410,48,4458,68
2021-07-27,Ventura,111,848112,84347,3427,87774,1050
2021-07-27,Yolo,113,214977,15039,388,15427,237
2021-07-27,Yuba,115,75493,6706,140,6846,50
2021-07-26,Alameda,001,1643700,96122,2147,98269,1289
2021-07-26,Alpine,002,1148,90,0,90,0
2021-07-26,Amador,005,37829,3904,33,3937,48
2021-07-26,Butte,007,227075,13364,2007,15371,203
2021-07-26,Calaveras,009,45235,2317,15,2332,57
2021-07-26,Colusa,011,21464,2021,347,2368,16
2021-07-26,Contra Costa,013,1133247,76456,1493,77949,837
2021-07-26,Del Norte,015,27424,1628,14,1642,9
2021-07-26,El Dorado,017,186661,11178,867,12045,121
2021-07-26,Fresno,019,978130,105823,8995,114818,1760
2021-07-26,Glenn,021,27897,2491,580,3071,28
2021-07-26,Humboldt,023,135768,5079,73,5152,52
2021-07-26,Imperial,025,180216,29292,2703,31995,748
2021-07-26,Inyo,027,18085,1447,12,1459,39
2021-07-26,Kern,029,883053,99823,11736,111559,1366
2021-07-26,Kings,031,150075,23830,1147,24977,252
2021-07-26,Lake,033,64148,4300,15,4315,65
2021-07-26,Lassen,035,31185,5337,118,5455,19
2021-07-26,Los Angeles,037,10098052,1258395,43997,1302392,24687
2021-07-26,Madera,039,155013,17268,993,18261,251
2021-07-26,Marin,041,260295,6447,227,6674,184
2021-07-26,Mariposa,043,17540,475,11,486,6
2021-07-26,Mendocino,045,87422,4509,93,4602,53
2021-07-26,Merced,047,269075,31943,1090,33033,507
2021-07-26,Modoc,049,8938,419,147,566,5
2021-07-26,Mono,051,14174,1295,18,1313,3
2021-07-26,Monterey,053,433212,43888,1927,45815,589
2021-07-26,Napa,055,140530,10437,46,10483,83
2021-07-26,Nevada,057,99092,5499,201,5700,72
2021-07-26,Orange,059,3164182,265694,12049,277743,5262
2021-07-26,Placer,061,380077,25437,1836,27273,310
2021-07-26,Plumas,063,18699,756,14,770,5
2021-07-26,Riverside,065,2383286,304240,14475,318715,4626
2021-07-26,Sacramento,067,1510023,115860,2173,118033,1741
2021-07-26,San Benito,069,59416,6245,114,6359,60
2021-07-26,San Bernardino,071,2135413,302356,9319,311675,5376
2021-07-26,San Diego,073,3302833,296413,16993,313406,3805
2021-07-26,San Francisco,075,870044,40943,1479,42422,579
2021-07-26,San Joaquin,077,732212,77040,3828,80868,1485
2021-07-26,San Luis Obispo,079,281455,22220,793,23013,261
2021-07-26,San Mateo,081,765935,44885,570,45455,552
2021-07-26,Santa Barbara,083,443738,35738,1180,36918,468
2021-07-26,Santa Clara,085,1922200,123666,829,124495,1758
2021-07-26,Santa Cruz,087,273765,16779,809,17588,209
2021-07-26,Shasta,089,179085,13030,1720,14750,211
2021-07-26,Sierra,091,2930,70,12,82,0
2021-07-26,Siskiyou,093,43540,2059,420,2479,34
2021-07-26,Solano,095,438530,35748,700,36448,271
2021-07-26,Sonoma,097,501317,32939,381,33320,330
2021-07-26,Stanislaus,099,539301,58897,6208,65105,1019
2021-07-26,Sutter,101,95872,10102,98,10200,129
2021-07-26,Tehama,103,63373,5263,595,5858,78
2021-07-26,Trinity,105,12862,510,110,620,5
2021-07-26,Tulare,107,460477,51214,9387,60601,888
2021-07-26,Tuolumne,109,53932,4380,47,4427,68
2021-07-26,Ventura,111,848112,84174,3412,87586,1049
2021-07-26,Yolo,113,214977,14978,376,15354,237
2021-07-26,Yuba,115,75493,6672,138,6810,50
2021-07-25,Alameda,001,1643700,95634,2142,97776,1289
2021-07-25,Alpine,002,1148,88,0,88,0
2021-07-25,Amador,005,37829,3889,33,3922,48
2021-07-25,Butte,007,227075,13325,1995,15320,203
2021-07-25,Calaveras,009,45235,2306,15,2321,57
2021-07-25,Colusa,011,21464,2012,343,2355,16
2021-07-25,Contra Costa,013,1133247,75972,1479,77451,837
2021-07-25,Del Norte,015,27424,1607,14,1621,9
2021-07-25,El Dorado,017,186661,11121,863,11984,121
2021-07-25,Fresno,019,978130,105581,8979,114560,1760
2021-07-25,Glenn,021,27897,2482,578,3060,28
2021-07-25,Humboldt,023,135768,5020,72,5092,52
2021-07-25,Imperial,025,180216,29256,2703,31959,748
2021-07-25,Inyo,027,18085,1442,12,1454,39
2021-07-25,Kern,029,883053,99651,11665,111316,1366
2021-07-25,Kings,031,150075,23776,1143,24919,252
2021-07-25,Lake,033,64148,4247,14,4261,65
2021-07-25,Lassen,035,31185,5332,118,5450,19
2021-07-25,Los Angeles,037,10098052,1254974,43805,1298779,24681
2021-07-25,Madera,039,155013,17231,986,18217,251
2021-07-25,Marin,041,260295,6398,224,6622,184
2021-07-25,Mariposa,043,17540,472,11,483,6
2021-07-25,Mendocino,045,87422,4480,91,4571,53
2021-07-25,Merced,047,269075,31870,1088,32958,507
2021-07-25,Modoc,049,8938,419,147,566,5
2021-07-25,Mono,051,14174,1292,18,1310,3
2021-07-25,Monterey,053,433212,43850,1919,45769,589
2021-07-25,Napa,055,140530,10401,45,10446,83
2021-07-25,Nevada,057,99092,5434,198,5632,72
2021-07-25,Orange,059,3164182,264985,12026,277011,5261
2021-07-25,Placer,061,380077,25315,1815,27130,310
2021-07-25,Plumas,063,18699,754,14,768,5
2021-07-25,Riverside,065,2383286,303476,14458,317934,4624
2021-07-25,Sacramento,067,1510023,115310,2158,117468,1739
2021-07-25,San Benito,069,59416,6238,114,6352,60
2021-07-25,San Bernardino,071,2135413,301697,9312,311009,5373
2021-07-25,San Diego,073,3302833,295351,16919,312270,3804
2021-07-25,San Francisco,075,870044,40593,1454,42047,578
2021-07-25,San Joaquin,077,732212,76783,3809,80592,1482
2021-07-25,San Luis Obispo,079,281455,22147,790,22937,261
2021-07-25,San Mateo,081,765935,44723,564,45287,552
2021-07-25,Santa Barbara,083,443738,35658,1177,36835,468
2021-07-25,Santa Clara,085,1922200,123336,824,124160,1758
2021-07-25,Santa Cruz,087,273765,16732,808,17540,209
2021-07-25,Shasta,089,179085,12983,1715,14698,210
2021-07-25,Sierra,091,2930,70,12,82,0
2021-07-25,Siskiyou,093,43540,2051,417,2468,34
2021-07-25,Solano,095,438530,35556,697,36253,270
2021-07-25,Sonoma,097,501317,32814,378,33192,329
2021-07-25,Stanislaus,099,539301,58731,6203,64934,1018
2021-07-25,Sutter,101,95872,10049,96,10145,129
2021-07-25,Tehama,103,63373,5247,594,5841,78
2021-07-25,Trinity,105,12862,508,108,616,5
2021-07-25,Tulare,107,460477,51140,9349,60489,887
2021-07-25,Tuolumne,109,53932,4329,47,4376,68
2021-07-25,Ventura,111,848112,83960,3389,87349,1048
2021-07-25,Yolo,113,214977,14917,362,15279,235
2021-07-25,Yuba,115,75493,6640,138,6778,50
2021-07-24,Alameda,001,1643700,95353,2138,97491,1286
2021-07-24,Alpine,002,1148,88,0,88,0
2021-07-24,Amador,005,37829,3880,33,3913,48
2021-07-24,Butte,007,227075,13296,1991,15287,203
2021-07-24,Calaveras,009,45235,2301,15,2316,57
2021-07-24,Colusa,011,21464,2011,341,2352,16
2021-07-24,Contra Costa,013,1133247,75744,1476,77220,836
2021-07-24,Del Norte,015,27424,1596,14,1610,9
2021-07-24,El Dorado,017,186661,11087,860,11947,120
2021-07-24,Fresno,019,978130,105463,8969,114432,1760
2021-07-24,Glenn,021,27897,2480,578,3058,28
2021-07-24,Humboldt,023,135768,4985,71,5056,52
2021-07-24,Imperial,025,180216,29236,2703,31939,748
2021-07-24,Inyo,027,18085,1439,12,1451,39
2021-07-24,Kern,029,883053,99573,11643,111216,1364
2021-07-24,Kings,031,150075,23745,1140,24885,251
2021-07-24,Lake,033,64148,4224,14,4238,65
2021-07-24,Lassen,035,31185,5331,118,5449,19
2021-07-24,Los Angeles,037,10098052,1253196,43679,1296875,24673
2021-07-24,Madera,039,155013,17207,984,18191,251
2021-07-24,Marin,041,260295,6359,224,6583,184
2021-07-24,Mariposa,043,17540,472,11,483,6
2021-07-24,Mendocino,045,87422,4455,91,4546,53
2021-07-24,Merced,047,269075,31848,1087,32935,507
2021-07-24,Modoc,049,8938,419,147,566,5
2021-07-24,Mono,051,14174,1290,18,1308,3
2021-07-24,Monterey,053,433212,43825,1912,45737,588
2021-07-24,Napa,055,140530,10385,45,10430,83
2021-07-24,Nevada,057,99092,5402,198,5600,72
2021-07-24,Orange,059,3164182,264518,12014,276532,5261
2021-07-24,Placer,061,380077,25233,1810,27043,310
2021-07-24,Plumas,063,18699,753,14,767,5
2021-07-24,Riverside,065,2383286,303008,14448,317456,4624
2021-07-24,Sacramento,067,1510023,114995,2154,117149,1738
2021-07-24,San Benito,069,59416,6234,113,6347,60
2021-07-24,San Bernardino,071,2135413,301306,9303,310609,5370
2021-07-24,San Diego,073,3302833,294885,16891,311776,3804
2021-07-24,San Francisco,075,870044,40420,1438,41858,578
2021-07-24,San Joaquin,077,732212,76655,3798,80453,1479
2021-07-24,San Luis Obispo,079,281455,22116,788,22904,261
2021-07-24,San Mateo,081,765935,44606,558,45164,552
2021-07-24,Santa Barbara,083,443738,35599,1173,36772,467
2021-07-24,Santa Clara,085,1922200,123124,823,123947,1758
2021-07-24,Santa Cruz,087,273765,16709,808,17517,209
2021-07-24,Shasta,089,179085,12955,1712,14667,209
2021-07-24,Sierra,091,2930,69,12,81,0
2021-07-24,Siskiyou,093,43540,2051,417,2468,34
2021-07-24,Solano,095,438530,35467,688,36155,270
2021-07-24,Sonoma,097,501317,32689,376,33065,328
2021-07-24,Stanislaus,099,539301,58639,6193,64832,1014
2021-07-24,Sutter,101,95872,10022,96,10118,129
2021-07-24,Tehama,103,63373,5240,592,5832,78
2021-07-24,Trinity,105,12862,508,108,616,5
2021-07-24,Tulare,107,460477,51097,9332,60429,887
2021-07-24,Tuolumne,109,53932,4303,47,4350,68
2021-07-24,Ventura,111,848112,83833,3373,87206,1048
2021-07-24,Yolo,113,214977,14880,358,15238,235
2021-07-24,Yuba,115,75493,6621,138,6759,50
2021-07-23,Alameda,001,1643700,95098,2134,97232,1286
2021-07-23,Alpine,002,1148,88,0,88,0
2021-07-23,Amador,005,37829,3873,33,3906,48
2021-07-23,Butte,007,227075,13267,1982,15249,203
2021-07-23,Calaveras,009,45235,2291,15,2306,57
2021-07-23,Colusa,011,21464,2010,341,2351,16
2021-07-23,Contra Costa,013,1133247,75484,1467,76951,836
2021-07-23,Del Norte,015,27424,1588,14,1602,9
2021-07-23,El Dorado,017,186661,11058,856,11914,120
2021-07-23,Fresno,019,978130,105331,8957,114288,1760
2021-07-23,Glenn,021,27897,2478,575,3053,28
2021-07-23,Humboldt,023,135768,4963,68,5031,52
2021-07-23,Imperial,025,180216,29224,2703,31927,748
2021-07-23,Inyo,027,18085,1436,12,1448,39
2021-07-23,Kern,029,883053,99491,11618,111109,1364
2021-07-23,Kings,031,150075,23714,1137,24851,251
2021-07-23,Lake,033,64148,4195,14,4209,65
2021-07-23,Lassen,035,31185,5329,118,5447,19
2021-07-23,Los Angeles,037,10098052,1251253,43572,1294825,24665
2021-07-23,Madera,039,155013,17177,979,18156,251
2021-07-23,Marin,041,260295,6322,222,6544,184
2021-07-23,Mariposa,043,17540,469,11,480,6
2021-07-23,Mendocino,045,87422,4442,91,4533,52
2021-07-23,Merced,047,269075,31823,1087,32910,507
2021-07-23,Modoc,049,8938,419,147,566,5
2021-07-23,Mono,051,14174,1289,18,1307,3
2021-07-23,Monterey,053,433212,43799,1912,45711,588
2021-07-23,Napa,055,140530,10364,45,10409,83
2021-07-23,Nevada,057,99092,5358,198,5556,71
2021-07-23,Orange,059,3164182,264069,11991,276060,5260
2021-07-23,Placer,061,380077,25153,1794,26947,309
2021-07-23,Plumas,063,18699,751,14,765,5
2021-07-23,Riverside,065,2383286,302542,14436,316978,4623
2021-07-23,Sacramento,067,1510023,114640,2152,116792,1733
2021-07-23,San Benito,069,59416,6228,113,6341,60
2021-07-23,San Bernardino,071,2135413,300924,9294,310218,5370
2021-07-23,San Diego,073,3302833,294274,16843,311117,3803
2021-07-23,San Francisco,075,870044,40236,1426,41662,578
2021-07-23,San Joaquin,077,732212,76551,3783,80334,1477
2021-07-23,San Luis Obispo,079,281455,22077,788,22865,261
2021-07-23,San Mateo,081,765935,44502,554,45056,552
2021-07-23,Santa Barbara,083,443738,35534,1172,36706,466
2021-07-23,Santa Clara,085,1922200,122905,820,123725,1757
2021-07-23,Santa Cruz,087,273765,16684,808,17492,209
2021-07-23,Shasta,089,179085,12928,1709,14637,209
2021-07-23,Sierra,091,2930,69,12,81,0
2021-07-23,Siskiyou,093,43540,2049,417,2466,34
2021-07-23,Solano,095,438530,35376,684,36060,270
2021-07-23,Sonoma,097,501317,32594,375,32969,328
2021-07-23,Stanislaus,099,539301,58563,6184,64747,1013
2021-07-23,Sutter,101,95872,9993,96,10089,129
2021-07-23,Tehama,103,63373,5231,592,5823,78
2021-07-23,Trinity,105,12862,507,107,614,5
2021-07-23,Tulare,107,460477,51051,9311,60362,887
2021-07-23,Tuolumne,109,53932,4281,47,4328,68
2021-07-23,Ventura,111,848112,83671,3355,87026,1047
2021-07-23,Yolo,113,214977,14844,351,15195,235
2021-07-23,Yuba,115,75493,6595,137,6732,50
2021-07-22,Alameda,001,1643700,94746,2129,96875,1282
2021-07-22,Alpine,002,1148,88,0,88,0
2021-07-22,Amador,005,37829,3864,33,3897,48
2021-07-22,Butte,007,227075,13233,1973,15206,203
2021-07-22,Calaveras,009,45235,2281,15,2296,57
2021-07-22,Colusa,011,21464,2008,338,2346,16
2021-07-22,Contra Costa,013,1133247,75145,1462,76607,836
2021-07-22,Del Norte,015,27424,1571,14,1585,9
2021-07-22,El Dorado,017,186661,11022,848,11870,119
2021-07-22,Fresno,019,978130,105202,8947,114149,1760
2021-07-22,Glenn,021,27897,2474,575,3049,28
2021-07-22,Humboldt,023,135768,4932,66,4998,52
2021-07-22,Imperial,025,180216,29194,2703,31897,747
2021-07-22,Inyo,027,18085,1434,12,1446,39
2021-07-22,Kern,029,883053,99376,11577,110953,1363
2021-07-22,Kings,031,150075,23675,1135,24810,251
2021-07-22,Lake,033,64148,4144,14,4158,65
2021-07-22,Lassen,035,31185,5326,118,5444,19
2021-07-22,Los Angeles,037,10098052,1248813,43397,1292210,24649
2021-07-22,Madera,039,155013,17142,977,18119,251
2021-07-22,Marin,041,260295,6281,221,6502,184
2021-07-22,Mariposa,043,17540,462,11,473,6
2021-07-22,Mendocino,045,87422,4429,90,4519,52
2021-07-22,Merced,047,269075,31781,1086,32867,507
2021-07-22,Modoc,049,8938,419,147,566,5
2021-07-22,Mono,051,14174,1288,18,1306,3
2021-07-22,Monterey,053,433212,43771,1906,45677,587
2021-07-22,Napa,055,140530,10346,45,10391,83
2021-07-22,Nevada,057,99092,5332,197,5529,71
2021-07-22,Orange,059,3164182,263516,11982,275498,5257
2021-07-22,Placer,061,380077,25059,1783,26842,309
2021-07-22,Plumas,063,18699,750,14,764,5
2021-07-22,Riverside,065,2383286,302034,14415,316449,4623
2021-07-22,Sacramento,067,1510023,114203,2143,116346,1729
2021-07-22,San Benito,069,59416,6221,113,6334,60
2021-07-22,San Bernardino,071,2135413,300521,9279,309800,5367
2021-07-22,San Diego,073,3302833,293543,16783,310326,3803
2021-07-22,San Francisco,075,870044,40023,1413,41436,578
2021-07-22,San Joaquin,077,732212,76408,3771,80179,1476
2021-07-22,San Luis Obispo,079,281455,22039,784,22823,261
2021-07-22,San Mateo,081,765935,44390,549,44939,552
2021-07-22,Santa Barbara,083,443738,35468,1170,36638,466
2021-07-22,Santa Clara,085,1922200,122664,817,123481,1756
2021-07-22,Santa Cruz,087,273765,16647,807,17454,209
2021-07-22,Shasta,089,179085,12904,1705,14609,209
2021-07-22,Sierra,091,2930,67,12,79,0
2021-07-22,Siskiyou,093,43540,2046,417,2463,34
2021-07-22,Solano,095,438530,35232,677,35909,270
2021-07-22,Sonoma,097,501317,32484,373,32857,328
2021-07-22,Stanislaus,099,539301,58435,6172,64607,1012
2021-07-22,Sutter,101,95872,9972,96,10068,129
2021-07-22,Tehama,103,63373,5225,592,5817,78
2021-07-22,Trinity,105,12862,507,107,614,5
2021-07-22,Tulare,107,460477,51008,9283,60291,886
2021-07-22,Tuolumne,109,53932,4269,47,4316,68
2021-07-22,Ventura,111,848112,83537,3342,86879,1046
2021-07-22,Yolo,113,214977,14806,351,15157,235
2021-07-22,Yuba,115,75493,6564,134,6698,50
2021-07-21,Alameda,001,1643700,94426,2126,96552,1280
2021-07-21,Alpine,002,1148,88,0,88,0
2021-07-21,Amador,005,37829,3851,33,3884,48
2021-07-21,Butte,007,227075,13192,1968,15160,203
2021-07-21,Calaveras,009,45235,2277,15,2292,57
2021-07-21,Colusa,011,21464,2004,337,2341,16
2021-07-21,Contra Costa,013,1133247,74881,1453,76334,836
2021-07-21,Del Norte,015,27424,1561,14,1575,9
2021-07-21,El Dorado,017,186661,10985,844,11829,119
2021-07-21,Fresno,019,978130,105053,8938,113991,1760
2021-07-21,Glenn,021,27897,2472,574,3046,28
2021-07-21,Humboldt,023,135768,4900,64,4964,52
2021-07-21,Imperial,025,180216,29182,2700,31882,747
2021-07-21,Inyo,027,18085,1434,12,1446,39
2021-07-21,Kern,029,883053,99258,11536,110794,1363
2021-07-21,Kings,031,150075,23647,1131,24778,250
2021-07-21,Lake,033,64148,4078,14,4092,65
2021-07-21,Lassen,035,31185,5323,118,5441,19
2021-07-21,Los Angeles,037,10098052,1246299,43260,1289559,24637
2021-07-21,Madera,039,155013,17118,975,18093,251
2021-07-21,Marin,041,260295,6231,221,6452,184
2021-07-21,Mariposa,043,17540,458,11,469,6
2021-07-21,Mendocino,045,87422,4411,90,4501,52
2021-07-21,Merced,047,269075,31742,1082,32824,507
2021-07-21,Modoc,049,8938,419,147,566,5
2021-07-21,Mono,051,14174,1285,18,1303,3
2021-07-21,Monterey,053,433212,43741,1903,45644,587
2021-07-21,Napa,055,140530,10320,45,10365,83
2021-07-21,Nevada,057,99092,5297,197,5494,71
2021-07-21,Orange,059,3164182,262961,11952,274913,5254
2021-07-21,Placer,061,380077,24950,1772,26722,308
2021-07-21,Plumas,063,18699,750,14,764,5
2021-07-21,Riverside,065,2383286,301521,14398,315919,4619
2021-07-21,Sacramento,067,1510023,113780,2132,115912,1729
2021-07-21,San Benito,069,59416,6211,113,6324,60
2021-07-21,San Bernardino,071,2135413,300065,9271,309336,5365
2021-07-21,San Diego,073,3302833,292693,16720,309413,3800
2021-07-21,San Francisco,075,870044,39798,1408,41206,577
2021-07-21,San Joaquin,077,732212,76219,3759,79978,1475
2021-07-21,San Luis Obispo,079,281455,22002,781,22783,261
2021-07-21,San Mateo,081,765935,44298,545,44843,552
2021-07-21,Santa Barbara,083,443738,35409,1154,36563,465
2021-07-21,Santa Clara,085,1922200,122455,815,123270,1756
2021-07-21,Santa Cruz,087,273765,16613,807,17420,209
2021-07-21,Shasta,089,179085,12871,1702,14573,208
2021-07-21,Sierra,091,2930,67,12,79,0
2021-07-21,Siskiyou,093,43540,2044,415,2459,34
2021-07-21,Solano,095,438530,35074,672,35746,270
2021-07-21,Sonoma,097,501317,32368,373,32741,328
2021-07-21,Stanislaus,099,539301,58333,6162,64495,1012
2021-07-21,Sutter,101,95872,9948,96,10044,128
2021-07-21,Tehama,103,63373,5221,592,5813,78
2021-07-21,Trinity,105,12862,505,106,611,5
2021-07-21,Tulare,107,460477,50949,9258,60207,886
2021-07-21,Tuolumne,109,53932,4232,47,4279,68
2021-07-21,Ventura,111,848112,83415,3330,86745,1046
2021-07-21,Yolo,113,214977,14765,350,15115,235
2021-07-21,Yuba,115,75493,6536,134,6670,49
2021-07-20,Alameda,001,1643700,94055,2112,96167,1279
2021-07-20,Alpine,002,1148,88,0,88,0
2021-07-20,Amador,005,37829,3840,33,3873,48
2021-07-20,Butte,007,227075,13155,1962,15117,203
2021-07-20,Calaveras,009,45235,2274,15,2289,57
2021-07-20,Colusa,011,21464,2004,337,2341,16
2021-07-20,Contra Costa,013,1133247,74596,1435,76031,836
2021-07-20,Del Norte,015,27424,1551,14,1565,9
2021-07-20,El Dorado,017,186661,10945,840,11785,119
2021-07-20,Fresno,019,978130,104917,8919,113836,1760
2021-07-20,Glenn,021,27897,2472,574,3046,27
2021-07-20,Humboldt,023,135768,4855,62,4917,52
2021-07-20,Imperial,025,180216,29162,2700,31862,747
2021-07-20,Inyo,027,18085,1430,12,1442,39
2021-07-20,Kern,029,883053,99144,11508,110652,1362
2021-07-20,Kings,031,150075,23606,1126,24732,249
2021-07-20,Lake,033,64148,4053,14,4067,65
2021-07-20,Lassen,035,31185,5323,118,5441,19
2021-07-20,Los Angeles,037,10098052,1243503,43095,1286598,24631
2021-07-20,Madera,039,155013,17097,971,18068,251
2021-07-20,Marin,041,260295,6195,218,6413,183
2021-07-20,Mariposa,043,17540,456,11,467,6
2021-07-20,Mendocino,045,87422,4394,90,4484,52
2021-07-20,Merced,047,269075,31703,1075,32778,507
2021-07-20,Modoc,049,8938,419,147,566,5
2021-07-20,Mono,051,14174,1281,18,1299,3
2021-07-20,Monterey,053,433212,43710,1900,45610,587
2021-07-20,Napa,055,140530,10297,45,10342,83
2021-07-20,Nevada,057,99092,5278,196,5474,71
2021-07-20,Orange,059,3164182,262403,11922,274325,5254
2021-07-20,Placer,061,380077,24859,1750,26609,308
2021-07-20,Plumas,063,18699,748,14,762,5
2021-07-20,Riverside,065,2383286,300986,14384,315370,4615
2021-07-20,Sacramento,067,1510023,113339,2102,115441,1727
2021-07-20,San Benito,069,59416,6204,113,6317,60
2021-07-20,San Bernardino,071,2135413,299656,9246,308902,5364
2021-07-20,San Diego,073,3302833,291765,16624,308389,3800
2021-07-20,San Francisco,075,870044,39540,1398,40938,577
2021-07-20,San Joaquin,077,732212,76047,3746,79793,1473
2021-07-20,San Luis Obispo,079,281455,21956,780,22736,261
2021-07-20,San Mateo,081,765935,44179,543,44722,552
2021-07-20,Santa Barbara,083,443738,35339,1148,36487,465
2021-07-20,Santa Clara,085,1922200,122198,813,123011,1756
2021-07-20,Santa Cruz,087,273765,16584,807,17391,209
2021-07-20,Shasta,089,179085,12845,1698,14543,208
2021-07-20,Sierra,091,2930,67,12,79,0
2021-07-20,Siskiyou,093,43540,2040,414,2454,34
2021-07-20,Solano,095,438530,34937,665,35602,270
2021-07-20,Sonoma,097,501317,32249,372,32621,327
2021-07-20,Stanislaus,099,539301,58218,6157,64375,1011
2021-07-20,Sutter,101,95872,9921,93,10014,128
2021-07-20,Tehama,103,63373,5219,592,5811,78
2021-07-20,Trinity,105,12862,503,105,608,5
2021-07-20,Tulare,107,460477,50907,9241,60148,886
2021-07-20,Tuolumne,109,53932,4213,47,4260,68
2021-07-20,Ventura,111,848112,83262,3315,86577,1045
2021-07-20,Yolo,113,214977,14700,347,15047,235
2021-07-20,Yuba,115,75493,6511,131,6642,49
2021-07-19,Alameda,001,1643700,93677,2097,95774,1276
2021-07-19,Alpine,002,1148,88,0,88,0
2021-07-19,Amador,005,37829,3836,33,3869,48
2021-07-19,Butte,007,227075,13111,1957,15068,203
2021-07-19,Calaveras,009,45235,2270,15,2285,57
2021-07-19,Colusa,011,21464,2002,337,2339,16
2021-07-19,Contra Costa,013,1133247,74284,1415,75699,834
2021-07-19,Del Norte,015,27424,1538,14,1552,9
2021-07-19,El Dorado,017,186661,10915,832,11747,119
2021-07-19,Fresno,019,978130,104788,8906,113694,1760
2021-07-19,Glenn,021,27897,2472,573,3045,27
2021-07-19,Humboldt,023,135768,4825,60,4885,52
2021-07-19,Imperial,025,180216,29135,2699,31834,747
2021-07-19,Inyo,027,18085,1429,12,1441,39
2021-07-19,Kern,029,883053,99030,11475,110505,1362
2021-07-19,Kings,031,150075,23576,1120,24696,249
2021-07-19,Lake,033,64148,4017,14,4031,65
2021-07-19,Lassen,035,31185,5322,118,5440,19
2021-07-19,Los Angeles,037,10098052,1240898,42909,1283807,24623
2021-07-19,Madera,039,155013,17074,968,18042,251
2021-07-19,Marin,041,260295,6160,215,6375,183
2021-07-19,Mariposa,043,17540,450,11,461,6
2021-07-19,Mendocino,045,87422,4376,90,4466,52
2021-07-19,Merced,047,269075,31639,1068,32707,506
2021-07-19,Modoc,049,8938,418,147,565,5
2021-07-19,Mono,051,14174,1279,18,1297,3
2021-07-19,Monterey,053,433212,43686,1899,45585,587
2021-07-19,Napa,055,140530,10272,43,10315,82
2021-07-19,Nevada,057,99092,5250,195,5445,71
2021-07-19,Orange,059,3164182,261879,11890,273769,5253
2021-07-19,Placer,061,380077,24760,1728,26488,308
2021-07-19,Plumas,063,18699,748,14,762,5
2021-07-19,Riverside,065,2383286,300496,14346,314842,4614
2021-07-19,Sacramento,067,1510023,112975,2076,115051,1722
2021-07-19,San Benito,069,59416,6201,113,6314,60
2021-07-19,San Bernardino,071,2135413,299283,9227,308510,5361
2021-07-19,San Diego,073,3302833,290865,16519,307384,3800
2021-07-19,San Francisco,075,870044,39267,1385,40652,577
2021-07-19,San Joaquin,077,732212,75882,3741,79623,1473
2021-07-19,San Luis Obispo,079,281455,21911,776,22687,260
2021-07-19,San Mateo,081,765935,44037,534,44571,552
2021-07-19,Santa Barbara,083,443738,35267,1146,36413,464
2021-07-19,Santa Clara,085,1922200,121940,812,122752,1756
2021-07-19,Santa Cruz,087,273765,16568,807,17375,209
2021-07-19,Shasta,089,179085,12827,1696,14523,208
2021-07-19,Sierra,091,2930,66,12,78,0
2021-07-19,Siskiyou,093,43540,2035,412,2447,34
2021-07-19,Solano,095,438530,34762,654,35416,270
2021-07-19,Sonoma,097,501317,32128,371,32499,327
2021-07-19,Stanislaus,099,539301,58117,6147,64264,1011
2021-07-19,Sutter,101,95872,9905,93,9998,127
2021-07-19,Tehama,103,63373,5213,590,5803,78
2021-07-19,Trinity,105,12862,503,104,607,5
2021-07-19,Tulare,107,460477,50860,9225,60085,885
2021-07-19,Tuolumne,109,53932,4203,47,4250,68
2021-07-19,Ventura,111,848112,83166,3293,86459,1044
2021-07-19,Yolo,113,214977,14668,345,15013,235
2021-07-19,Yuba,115,75493,6487,131,6618,49
2021-07-18,Alameda,001,1643700,93316,2085,95401,1275
2021-07-18,Alpine,002,1148,88,0,88,0
2021-07-18,Amador,005,37829,3825,33,3858,48
2021-07-18,Butte,007,227075,13069,1950,15019,202
2021-07-18,Calaveras,009,45235,2267,15,2282,57
2021-07-18,Colusa,011,21464,2002,336,2338,16
2021-07-18,Contra Costa,013,1133247,73968,1397,75365,833
2021-07-18,Del Norte,015,27424,1529,14,1543,9
2021-07-18,El Dorado,017,186661,10878,824,11702,119
2021-07-18,Fresno,019,978130,104634,8888,113522,1760
2021-07-18,Glenn,021,27897,2471,572,3043,27
2021-07-18,Humboldt,023,135768,4789,60,4849,52
2021-07-18,Imperial,025,180216,29098,2698,31796,747
2021-07-18,Inyo,027,18085,1425,12,1437,39
2021-07-18,Kern,029,883053,98904,11433,110337,1362
2021-07-18,Kings,031,150075,23555,1116,24671,249
2021-07-18,Lake,033,64148,3981,14,3995,65
2021-07-18,Lassen,035,31185,5322,118,5440,19
2021-07-18,Los Angeles,037,10098052,1238209,42721,1280930,24614
2021-07-18,Madera,039,155013,17049,964,18013,251
2021-07-18,Marin,041,260295,6124,213,6337,183
2021-07-18,Mariposa,043,17540,449,11,460,6
2021-07-18,Mendocino,045,87422,4355,90,4445,52
2021-07-18,Merced,047,269075,31608,1066,32674,506
2021-07-18,Modoc,049,8938,418,147,565,5
2021-07-18,Mono,051,14174,1278,18,1296,3
2021-07-18,Monterey,053,433212,43668,1889,45557,587
2021-07-18,Napa,055,140530,10255,40,10295,82
2021-07-18,Nevada,057,99092,5224,195,5419,71
2021-07-18,Orange,059,3164182,261395,11862,273257,5251
2021-07-18,Placer,061,380077,24692,1701,26393,308
2021-07-18,Plumas,063,18699,748,14,762,5
2021-07-18,Riverside,065,2383286,300004,14304,314308,4614
2021-07-18,Sacramento,067,1510023,112545,2043,114588,1719
2021-07-18,San Benito,069,59416,6193,113,6306,60
2021-07-18,San Bernardino,071,2135413,298808,9212,308020,5358
2021-07-18,San Diego,073,3302833,290049,16435,306484,3800
2021-07-18,San Francisco,075,870044,39031,1374,40405,575
2021-07-18,San Joaquin,077,732212,75705,3728,79433,1469
2021-07-18,San Luis Obispo,079,281455,21876,773,22649,260
2021-07-18,San Mateo,081,765935,43924,528,44452,552
2021-07-18,Santa Barbara,083,443738,35202,1144,36346,464
2021-07-18,Santa Clara,085,1922200,121726,805,122531,1755
2021-07-18,Santa Cruz,087,273765,16536,806,17342,209
2021-07-18,Shasta,089,179085,12802,1692,14494,208
2021-07-18,Sierra,091,2930,66,12,78,0
2021-07-18,Siskiyou,093,43540,2029,407,2436,34
2021-07-18,Solano,095,438530,34634,650,35284,270
2021-07-18,Sonoma,097,501317,32023,370,32393,327
2021-07-18,Stanislaus,099,539301,58006,6122,64128,1011
2021-07-18,Sutter,101,95872,9873,93,9966,127
2021-07-18,Tehama,103,63373,5210,589,5799,78
2021-07-18,Trinity,105,12862,503,104,607,5
2021-07-18,Tulare,107,460477,50807,9202,60009,885
2021-07-18,Tuolumne,109,53932,4185,47,4232,68
2021-07-18,Ventura,111,848112,83052,3269,86321,1044
2021-07-18,Yolo,113,214977,14610,339,14949,235
2021-07-18,Yuba,115,75493,6446,131,6577,49
2021-07-17,Alameda,001,1643700,93098,2074,95172,1275
2021-07-17,Alpine,002,1148,88,0,88,0
2021-07-17,Amador,005,37829,3816,33,3849,48
2021-07-17,Butte,007,227075,13054,1946,15000,202
2021-07-17,Calaveras,009,45235,2262,15,2277,57
2021-07-17,Colusa,011,21464,1999,336,2335,16
2021-07-17,Contra Costa,013,1133247,73787,1384,75171,833
2021-07-17,Del Norte,015,27424,1521,14,1535,9
2021-07-17,El Dorado,017,186661,10851,820,11671,118
2021-07-17,Fresno,019,978130,104561,8874,113435,1759
2021-07-17,Glenn,021,27897,2470,572,3042,27
2021-07-17,Humboldt,023,135768,4776,59,4835,52
2021-07-17,Imperial,025,180216,29082,2698,31780,747
2021-07-17,Inyo,027,18085,1425,12,1437,39
2021-07-17,Kern,029,883053,98847,11397,110244,1361
2021-07-17,Kings,031,150075,23535,1115,24650,249
2021-07-17,Lake,033,64148,3956,14,3970,65
2021-07-17,Lassen,035,31185,5322,118,5440,19
2021-07-17,Los Angeles,037,10098052,1236671,42580,1279251,24610
2021-07-17,Madera,039,155013,17041,964,18005,251
2021-07-17,Marin,041,260295,6106,211,6317,183
2021-07-17,Mariposa,043,17540,449,11,460,6
2021-07-17,Mendocino,045,87422,4343,90,4433,51
2021-07-17,Merced,047,269075,31587,1062,32649,506
2021-07-17,Modoc,049,8938,418,147,565,5
2021-07-17,Mono,051,14174,1276,18,1294,3
2021-07-17,Monterey,053,433212,43645,1884,45529,587
2021-07-17,Napa,055,140530,10239,40,10279,82
2021-07-17,Nevada,057,99092,5209,195,5404,71
2021-07-17,Orange,059,3164182,261088,11823,272911,5250
2021-07-17,Placer,061,380077,24625,1687,26312,308
2021-07-17,Plumas,063,18699,743,14,757,5
2021-07-17,Riverside,065,2383286,299696,14272,313968,4614
2021-07-17,Sacramento,067,1510023,112309,2023,114332,1718
2021-07-17,San Benito,069,59416,6187,113,6300,60
2021-07-17,San Bernardino,071,2135413,298571,9193,307764,5357
2021-07-17,San Diego,073,3302833,289642,16367,306009,3799
2021-07-17,San Francisco,075,870044,38910,1371,40281,575
2021-07-17,San Joaquin,077,732212,75618,3722,79340,1469
2021-07-17,San Luis Obispo,079,281455,21849,773,22622,260
2021-07-17,San Mateo,081,765935,43853,527,44380,552
2021-07-17,Santa Barbara,083,443738,35161,1141,36302,464
2021-07-17,Santa Clara,085,1922200,121554,802,122356,1755
2021-07-17,Santa Cruz,087,273765,16529,806,17335,209
2021-07-17,Shasta,089,179085,12787,1687,14474,208
2021-07-17,Sierra,091,2930,66,12,78,0
2021-07-17,Siskiyou,093,43540,2024,404,2428,34
2021-07-17,Solano,095,438530,34568,642,35210,270
2021-07-17,Sonoma,097,501317,31955,369,32324,327
2021-07-17,Stanislaus,099,539301,57929,6108,64037,1011
2021-07-17,Sutter,101,95872,9863,93,9956,127
2021-07-17,Tehama,103,63373,5207,589,5796,78
2021-07-17,Trinity,105,12862,502,104,606,5
2021-07-17,Tulare,107,460477,50785,9190,59975,885
2021-07-17,Tuolumne,109,53932,4175,47,4222,68
2021-07-17,Ventura,111,848112,82983,3258,86241,1044
2021-07-17,Yolo,113,214977,14577,332,14909,235
2021-07-17,Yuba,115,75493,6435,131,6566,49
2021-07-16,Alameda,001,1643700,92859,2063,94922,1273
2021-07-16,Alpine,002,1148,88,0,88,0
2021-07-16,Amador,005,37829,3813,33,3846,48
2021-07-16,Butte,007,227075,13029,1942,14971,202
2021-07-16,Calaveras,009,45235,2261,15,2276,57
2021-07-16,Colusa,011,21464,1997,335,2332,16
2021-07-16,Contra Costa,013,1133247,73598,1380,74978,832
2021-07-16,Del Norte,015,27424,1519,14,1533,9
2021-07-16,El Dorado,017,186661,10832,819,11651,118
2021-07-16,Fresno,019,978130,104509,8854,113363,1758
2021-07-16,Glenn,021,27897,2470,572,3042,27
2021-07-16,Humboldt,023,135768,4754,59,4813,52
2021-07-16,Imperial,025,180216,29070,2698,31768,747
2021-07-16,Inyo,027,18085,1423,12,1435,39
2021-07-16,Kern,029,883053,98785,11357,110142,1361
2021-07-16,Kings,031,150075,23510,1114,24624,249
2021-07-16,Lake,033,64148,3929,14,3943,65
2021-07-16,Lassen,035,31185,5321,118,5439,19
2021-07-16,Los Angeles,037,10098052,1235170,42435,1277605,24604
2021-07-16,Madera,039,155013,17023,964,17987,251
2021-07-16,Marin,041,260295,6082,208,6290,183
2021-07-16,Mariposa,043,17540,449,11,460,6
2021-07-16,Mendocino,045,87422,4334,89,4423,51
2021-07-16,Merced,047,269075,31566,1060,32626,505
2021-07-16,Modoc,049,8938,418,147,565,5
2021-07-16,Mono,051,14174,1275,18,1293,3
2021-07-16,Monterey,053,433212,43623,1883,45506,587
2021-07-16,Napa,055,140530,10215,39,10254,82
2021-07-16,Nevada,057,99092,5199,195,5394,71
2021-07-16,Orange,059,3164182,260815,11782,272597,5249
2021-07-16,Placer,061,380077,24572,1682,26254,308
2021-07-16,Plumas,063,18699,742,14,756,5
2021-07-16,Riverside,065,2383286,299420,14246,313666,4614
2021-07-16,Sacramento,067,1510023,112092,2010,114102,1714
2021-07-16,San Benito,069,59416,6185,113,6298,60
2021-07-16,San Bernardino,071,2135413,298295,9176,307471,5354
2021-07-16,San Diego,073,3302833,289199,16320,305519,3796
2021-07-16,San Francisco,075,870044,38792,1366,40158,575
2021-07-16,San Joaquin,077,732212,75524,3719,79243,1469
2021-07-16,San Luis Obispo,079,281455,21832,773,22605,260
2021-07-16,San Mateo,081,765935,43800,526,44326,552
2021-07-16,Santa Barbara,083,443738,35123,1141,36264,464
2021-07-16,Santa Clara,085,1922200,121407,795,122202,1755
2021-07-16,Santa Cruz,087,273765,16516,806,17322,209
2021-07-16,Shasta,089,179085,12777,1686,14463,208
2021-07-16,Sierra,091,2930,66,12,78,0
2021-07-16,Siskiyou,093,43540,2022,402,2424,34
2021-07-16,Solano,095,438530,34501,634,35135,270
2021-07-16,Sonoma,097,501317,31903,366,32269,327
2021-07-16,Stanislaus,099,539301,57879,6098,63977,1010
2021-07-16,Sutter,101,95872,9851,93,9944,127
2021-07-16,Tehama,103,63373,5205,589,5794,78
2021-07-16,Trinity,105,12862,502,103,605,5
2021-07-16,Tulare,107,460477,50760,9180,59940,885
2021-07-16,Tuolumne,109,53932,4169,47,4216,68
2021-07-16,Ventura,111,848112,82918,3251,86169,1044
2021-07-16,Yolo,113,214977,14551,329,14880,235
2021-07-16,Yuba,115,75493,6413,130,6543,49
2021-07-15,Alameda,001,1643700,92563,2053,94616,1273
2021-07-15,Alpine,002,1148,88,0,88,0
2021-07-15,Amador,005,37829,3810,33,3843,48
2021-07-15,Butte,007,227075,13003,1940,14943,202
2021-07-15,Calaveras,009,45235,2258,15,2273,57
2021-07-15,Colusa,011,21464,1996,334,2330,16
2021-07-15,Contra Costa,013,1133247,73384,1373,74757,831
2021-07-15,Del Norte,015,27424,1516,14,1530,9
2021-07-15,El Dorado,017,186661,10805,817,11622,118
2021-07-15,Fresno,019,978130,104412,8834,113246,1758
2021-07-15,Glenn,021,27897,2470,572,3042,27
2021-07-15,Humboldt,023,135768,4736,58,4794,52
2021-07-15,Imperial,025,180216,29047,2698,31745,747
2021-07-15,Inyo,027,18085,1423,12,1435,39
2021-07-15,Kern,029,883053,98715,11329,110044,1360
2021-07-15,Kings,031,150075,23472,1111,24583,249
2021-07-15,Lake,033,64148,3890,14,3904,65
2021-07-15,Lassen,035,31185,5320,118,5438,19
2021-07-15,Los Angeles,037,10098052,1233182,42278,1275460,24600
2021-07-15,Madera,039,155013,17001,960,17961,250
2021-07-15,Marin,041,260295,6057,208,6265,183
2021-07-15,Mariposa,043,17540,449,11,460,6
2021-07-15,Mendocino,045,87422,4326,88,4414,51
2021-07-15,Merced,047,269075,31536,1060,32596,504
2021-07-15,Modoc,049,8938,418,147,565,5
2021-07-15,Mono,051,14174,1275,18,1293,3
2021-07-15,Monterey,053,433212,43594,1880,45474,587
2021-07-15,Napa,055,140530,10190,38,10228,82
2021-07-15,Nevada,057,99092,5182,194,5376,71
2021-07-15,Orange,059,3164182,260463,11751,272214,5247
2021-07-15,Placer,061,380077,24512,1665,26177,308
2021-07-15,Plumas,063,18699,741,14,755,5
2021-07-15,Riverside,065,2383286,299099,14231,313330,4612
2021-07-15,Sacramento,067,1510023,111787,1993,113780,1714
2021-07-15,San Benito,069,59416,6183,113,6296,60
2021-07-15,San Bernardino,071,2135413,297988,9162,307150,5352
2021-07-15,San Diego,073,3302833,288561,16242,304803,3795
2021-07-15,San Francisco,075,870044,38641,1358,39999,573
2021-07-15,San Joaquin,077,732212,75407,3714,79121,1469
2021-07-15,San Luis Obispo,079,281455,21800,773,22573,260
2021-07-15,San Mateo,081,765935,43695,521,44216,552
2021-07-15,Santa Barbara,083,443738,35067,1140,36207,464
2021-07-15,Santa Clara,085,1922200,121285,792,122077,1755
2021-07-15,Santa Cruz,087,273765,16503,806,17309,209
2021-07-15,Shasta,089,179085,12769,1682,14451,208
2021-07-15,Sierra,091,2930,66,12,78,0
2021-07-15,Siskiyou,093,43540,2021,402,2423,34
2021-07-15,Solano,095,438530,34425,628,35053,270
2021-07-15,Sonoma,097,501317,31842,366,32208,327
2021-07-15,Stanislaus,099,539301,57810,6085,63895,1010
2021-07-15,Sutter,101,95872,9831,92,9923,127
2021-07-15,Tehama,103,63373,5199,588,5787,78
2021-07-15,Trinity,105,12862,502,103,605,5
2021-07-15,Tulare,107,460477,50740,9163,59903,885
2021-07-15,Tuolumne,109,53932,4157,47,4204,68
2021-07-15,Ventura,111,848112,82842,3246,86088,1042
2021-07-15,Yolo,113,214977,14523,328,14851,235
2021-07-15,Yuba,115,75493,6398,129,6527,49
2021-07-14,Alameda,001,1643700,92303,2037,94340,1272
2021-07-14,Alpine,002,1148,88,0,88,0
2021-07-14,Amador,005,37829,3802,33,3835,48
2021-07-14,Butte,007,227075,12976,1933,14909,202
2021-07-14,Calaveras,009,45235,2251,15,2266,57
2021-07-14,Colusa,011,21464,1993,334,2327,16
2021-07-14,Contra Costa,013,1133247,73155,1361,74516,830
2021-07-14,Del Norte,015,27424,1515,14,1529,9
2021-07-14,El Dorado,017,186661,10779,814,11593,118
2021-07-14,Fresno,019,978130,104332,8823,113155,1758
2021-07-14,Glenn,021,27897,2470,572,3042,27
2021-07-14,Humboldt,023,135768,4712,56,4768,52
2021-07-14,Imperial,025,180216,29018,2698,31716,747
2021-07-14,Inyo,027,18085,1422,12,1434,39
2021-07-14,Kern,029,883053,98651,11304,109955,1358
2021-07-14,Kings,031,150075,23459,1111,24570,249
2021-07-14,Lake,033,64148,3857,14,3871,65
2021-07-14,Lassen,035,31185,5319,118,5437,19
2021-07-14,Los Angeles,037,10098052,1231165,42138,1273303,24595
2021-07-14,Madera,039,155013,16989,958,17947,250
2021-07-14,Marin,041,260295,6023,206,6229,183
2021-07-14,Mariposa,043,17540,447,11,458,6
2021-07-14,Mendocino,045,87422,4312,88,4400,51
2021-07-14,Merced,047,269075,31499,1057,32556,504
2021-07-14,Modoc,049,8938,418,147,565,5
2021-07-14,Mono,051,14174,1275,18,1293,3
2021-07-14,Monterey,053,433212,43570,1878,45448,586
2021-07-14,Napa,055,140530,10168,38,10206,82
2021-07-14,Nevada,057,99092,5162,194,5356,71
2021-07-14,Orange,059,3164182,260147,11720,271867,5247
2021-07-14,Placer,061,380077,24459,1653,26112,307
2021-07-14,Plumas,063,18699,734,14,748,5
2021-07-14,Riverside,065,2383286,298775,14215,312990,4611
2021-07-14,Sacramento,067,1510023,111459,1969,113428,1712
2021-07-14,San Benito,069,59416,6180,113,6293,60
2021-07-14,San Bernardino,071,2135413,297688,9147,306835,5350
2021-07-14,San Diego,073,3302833,287989,16162,304151,3794
2021-07-14,San Francisco,075,870044,38502,1353,39855,573
2021-07-14,San Joaquin,077,732212,75315,3705,79020,1469
2021-07-14,San Luis Obispo,079,281455,21778,771,22549,260
2021-07-14,San Mateo,081,765935,43596,517,44113,552
2021-07-14,Santa Barbara,083,443738,35025,1138,36163,463
2021-07-14,Santa Clara,085,1922200,121135,789,121924,1755
2021-07-14,Santa Cruz,087,273765,16491,806,17297,209
2021-07-14,Shasta,089,179085,12749,1679,14428,208
2021-07-14,Sierra,091,2930,66,12,78,0
2021-07-14,Siskiyou,093,43540,2014,399,2413,34
2021-07-14,Solano,095,438530,34352,628,34980,270
2021-07-14,Sonoma,097,501317,31790,366,32156,326
2021-07-14,Stanislaus,099,539301,57735,6073,63808,1010
2021-07-14,Sutter,101,95872,9809,92,9901,127
2021-07-14,Tehama,103,63373,5197,588,5785,78
2021-07-14,Trinity,105,12862,502,103,605,5
2021-07-14,Tulare,107,460477,50723,9148,59871,885
2021-07-14,Tuolumne,109,53932,4154,46,4200,68
2021-07-14,Ventura,111,848112,82748,3235,85983,1042
2021-07-14,Yolo,113,214977,14490,325,14815,234
2021-07-14,Yuba,115,75493,6380,129,6509,49
2021-07-13,Alameda,001,1643700,92039,2027,94066,1272
2021-07-13,Alpine,002,1148,88,0,88,0
2021-07-13,Amador,005,37829,3795,33,3828,48
2021-07-13,Butte,007,227075,12962,1932,14894,202
2021-07-13,Calaveras,009,45235,2247,15,2262,57
2021-07-13,Colusa,011,21464,1991,331,2322,16
2021-07-13,Contra Costa,013,1133247,72929,1352,74281,829
2021-07-13,Del Norte,015,27424,1511,14,1525,9
2021-07-13,El Dorado,017,186661,10762,812,11574,118
2021-07-13,Fresno,019,978130,104257,8813,113070,1758
2021-07-13,Glenn,021,27897,2468,572,3040,27
2021-07-13,Humboldt,023,135768,4697,56,4753,52
2021-07-13,Imperial,025,180216,29007,2698,31705,747
2021-07-13,Inyo,027,18085,1421,12,1433,39
2021-07-13,Kern,029,883053,98562,11265,109827,1358
2021-07-13,Kings,031,150075,23441,1111,24552,249
2021-07-13,Lake,033,64148,3830,13,3843,65
2021-07-13,Lassen,035,31185,5317,118,5435,19
2021-07-13,Los Angeles,037,10098052,1229314,41968,1271282,24590
2021-07-13,Madera,039,155013,16979,954,17933,250
2021-07-13,Marin,041,260295,5994,205,6199,183
2021-07-13,Mariposa,043,17540,446,11,457,6
2021-07-13,Mendocino,045,87422,4305,88,4393,51
2021-07-13,Merced,047,269075,31478,1054,32532,504
2021-07-13,Modoc,049,8938,418,147,565,5
2021-07-13,Mono,051,14174,1274,18,1292,3
2021-07-13,Monterey,053,433212,43552,1874,45426,586
2021-07-13,Napa,055,140530,10147,38,10185,82
2021-07-13,Nevada,057,99092,5137,194,5331,71
2021-07-13,Orange,059,3164182,259817,11692,271509,5247
2021-07-13,Placer,061,380077,24413,1640,26053,306
2021-07-13,Plumas,063,18699,733,14,747,5
2021-07-13,Riverside,065,2383286,298453,14188,312641,4611
2021-07-13,Sacramento,067,1510023,111149,1946,113095,1712
2021-07-13,San Benito,069,59416,6178,113,6291,60
2021-07-13,San Bernardino,071,2135413,297411,9125,306536,5349
2021-07-13,San Diego,073,3302833,287441,16083,303524,3792
2021-07-13,San Francisco,075,870044,38358,1347,39705,573
2021-07-13,San Joaquin,077,732212,75199,3702,78901,1468
2021-07-13,San Luis Obispo,079,281455,21752,768,22520,260
2021-07-13,San Mateo,081,765935,43527,516,44043,552
2021-07-13,Santa Barbara,083,443738,34976,1135,36111,463
2021-07-13,Santa Clara,085,1922200,120982,785,121767,1755
2021-07-13,Santa Cruz,087,273765,16481,804,17285,209
2021-07-13,Shasta,089,179085,12736,1672,14408,208
2021-07-13,Sierra,091,2930,66,12,78,0
2021-07-13,Siskiyou,093,43540,2013,397,2410,34
2021-07-13,Solano,095,438530,34287,622,34909,270
2021-07-13,Sonoma,097,501317,31731,366,32097,326
2021-07-13,Stanislaus,099,539301,57664,6058,63722,1009
2021-07-13,Sutter,101,95872,9791,91,9882,127
2021-07-13,Tehama,103,63373,5190,588,5778,77
2021-07-13,Trinity,105,12862,502,102,604,5
2021-07-13,Tulare,107,460477,50698,9132,59830,885
2021-07-13,Tuolumne,109,53932,4146,45,4191,68
2021-07-13,Ventura,111,848112,82663,3210,85873,1041
2021-07-13,Yolo,113,214977,14462,319,14781,234
2021-07-13,Yuba,115,75493,6363,129,6492,49
2021-07-12,Alameda,001,1643700,91781,2020,93801,1272
2021-07-12,Alpine,002,1148,88,0,88,0
2021-07-12,Amador,005,37829,3788,33,3821,48
2021-07-12,Butte,007,227075,12942,1930,14872,202
2021-07-12,Calaveras,009,45235,2245,15,2260,57
2021-07-12,Colusa,011,21464,1987,330,2317,16
2021-07-12,Contra Costa,013,1133247,72725,1347,74072,828
2021-07-12,Del Norte,015,27424,1508,14,1522,9
2021-07-12,El Dorado,017,186661,10733,810,11543,118
2021-07-12,Fresno,019,978130,104163,8801,112964,1756
2021-07-12,Glenn,021,27897,2468,572,3040,27
2021-07-12,Humboldt,023,135768,4681,56,4737,51
2021-07-12,Imperial,025,180216,28977,2698,31675,747
2021-07-12,Inyo,027,18085,1421,12,1433,39
2021-07-12,Kern,029,883053,98493,11240,109733,1357
2021-07-12,Kings,031,150075,23421,1109,24530,249
2021-07-12,Lake,033,64148,3809,13,3822,65
2021-07-12,Lassen,035,31185,5316,118,5434,19
2021-07-12,Los Angeles,037,10098052,1227517,41836,1269353,24586
2021-07-12,Madera,039,155013,16968,954,17922,250
2021-07-12,Marin,041,260295,5969,204,6173,183
2021-07-12,Mariposa,043,17540,446,11,457,6
2021-07-12,Mendocino,045,87422,4294,88,4382,51
2021-07-12,Merced,047,269075,31447,1053,32500,504
2021-07-12,Modoc,049,8938,417,147,564,5
2021-07-12,Mono,051,14174,1272,18,1290,3
2021-07-12,Monterey,053,433212,43531,1870,45401,584
2021-07-12,Napa,055,140530,10129,37,10166,82
2021-07-12,Nevada,057,99092,5114,194,5308,71
2021-07-12,Orange,059,3164182,259463,11668,271131,5246
2021-07-12,Placer,061,380077,24362,1634,25996,306
2021-07-12,Plumas,063,18699,733,14,747,5
2021-07-12,Riverside,065,2383286,298145,14159,312304,4609
2021-07-12,Sacramento,067,1510023,110933,1920,112853,1711
2021-07-12,San Benito,069,59416,6175,113,6288,60
2021-07-12,San Bernardino,071,2135413,297139,9110,306249,5347
2021-07-12,San Diego,073,3302833,286972,16007,302979,3792
2021-07-12,San Francisco,075,870044,38212,1344,39556,572
2021-07-12,San Joaquin,077,732212,75105,3692,78797,1468
2021-07-12,San Luis Obispo,079,281455,21733,767,22500,260
2021-07-12,San Mateo,081,765935,43433,509,43942,552
2021-07-12,Santa Barbara,083,443738,34933,1133,36066,463
2021-07-12,Santa Clara,085,1922200,120817,782,121599,1754
2021-07-12,Santa Cruz,087,273765,16456,803,17259,209
2021-07-12,Shasta,089,179085,12729,1669,14398,208
2021-07-12,Sierra,091,2930,66,12,78,0
2021-07-12,Siskiyou,093,43540,2008,392,2400,34
2021-07-12,Solano,095,438530,34197,613,34810,270
2021-07-12,Sonoma,097,501317,31683,365,32048,325
2021-07-12,Stanislaus,099,539301,57594,6051,63645,1009
2021-07-12,Sutter,101,95872,9774,90,9864,127
2021-07-12,Tehama,103,63373,5185,587,5772,77
2021-07-12,Trinity,105,12862,498,100,598,5
2021-07-12,Tulare,107,460477,50670,9119,59789,885
2021-07-12,Tuolumne,109,53932,4142,45,4187,68
2021-07-12,Ventura,111,848112,82562,3189,85751,1041
2021-07-12,Yolo,113,214977,14434,315,14749,234
2021-07-12,Yuba,115,75493,6348,129,6477,49
2021-07-11,Alameda,001,1643700,91452,2008,93460,1272
2021-07-11,Alpine,002,1148,88,0,88,0
2021-07-11,Amador,005,37829,3786,33,3819,48
2021-07-11,Butte,007,227075,12920,1924,14844,202
2021-07-11,Calaveras,009,45235,2243,14,2257,57
2021-07-11,Colusa,011,21464,1986,329,2315,16
2021-07-11,Contra Costa,013,1133247,72515,1340,73855,828
2021-07-11,Del Norte,015,27424,1504,13,1517,9
2021-07-11,El Dorado,017,186661,10704,808,11512,118
2021-07-11,Fresno,019,978130,104067,8781,112848,1754
2021-07-11,Glenn,021,27897,2467,572,3039,27
2021-07-11,Humboldt,023,135768,4668,55,4723,51
2021-07-11,Imperial,025,180216,28959,2697,31656,746
2021-07-11,Inyo,027,18085,1419,12,1431,39
2021-07-11,Kern,029,883053,98420,11224,109644,1356
2021-07-11,Kings,031,150075,23390,1106,24496,249
2021-07-11,Lake,033,64148,3778,13,3791,65
2021-07-11,Lassen,035,31185,5313,118,5431,19
2021-07-11,Los Angeles,037,10098052,1225759,41681,1267440,24583
2021-07-11,Madera,039,155013,16949,953,17902,250
2021-07-11,Marin,041,260295,5943,204,6147,183
2021-07-11,Mariposa,043,17540,445,11,456,6
2021-07-11,Mendocino,045,87422,4274,88,4362,50
2021-07-11,Merced,047,269075,31423,1048,32471,504
2021-07-11,Modoc,049,8938,416,147,563,5
2021-07-11,Mono,051,14174,1272,18,1290,3
2021-07-11,Monterey,053,433212,43512,1866,45378,584
2021-07-11,Napa,055,140530,10125,37,10162,82
2021-07-11,Nevada,057,99092,5103,193,5296,71
2021-07-11,Orange,059,3164182,259151,11640,270791,5245
2021-07-11,Placer,061,380077,24305,1622,25927,306
2021-07-11,Plumas,063,18699,733,14,747,5
2021-07-11,Riverside,065,2383286,297881,14141,312022,4609
2021-07-11,Sacramento,067,1510023,110655,1908,112563,1708
2021-07-11,San Benito,069,59416,6170,113,6283,60
2021-07-11,San Bernardino,071,2135413,296833,9085,305918,5344
2021-07-11,San Diego,073,3302833,286558,15921,302479,3792
2021-07-11,San Francisco,075,870044,38083,1338,39421,572
2021-07-11,San Joaquin,077,732212,74988,3675,78663,1467
2021-07-11,San Luis Obispo,079,281455,21700,766,22466,260
2021-07-11,San Mateo,081,765935,43354,503,43857,552
2021-07-11,Santa Barbara,083,443738,34886,1133,36019,463
2021-07-11,Santa Clara,085,1922200,120663,781,121444,1754
2021-07-11,Santa Cruz,087,273765,16440,803,17243,209
2021-07-11,Shasta,089,179085,12712,1667,14379,207
2021-07-11,Sierra,091,2930,66,12,78,0
2021-07-11,Siskiyou,093,43540,2004,390,2394,34
2021-07-11,Solano,095,438530,34116,609,34725,270
2021-07-11,Sonoma,097,501317,31601,365,31966,324
2021-07-11,Stanislaus,099,539301,57528,6040,63568,1009
2021-07-11,Sutter,101,95872,9760,90,9850,127
2021-07-11,Tehama,103,63373,5182,587,5769,77
2021-07-11,Trinity,105,12862,497,100,597,5
2021-07-11,Tulare,107,460477,50645,9101,59746,885
2021-07-11,Tuolumne,109,53932,4136,45,4181,68
2021-07-11,Ventura,111,848112,82489,3169,85658,1041
2021-07-11,Yolo,113,214977,14409,309,14718,234
2021-07-11,Yuba,115,75493,6337,129,6466,49
2021-07-10,Alameda,001,1643700,91302,2004,93306,1272
2021-07-10,Alpine,002,1148,88,0,88,0
2021-07-10,Amador,005,37829,3780,33,3813,48
2021-07-10,Butte,007,227075,12910,1921,14831,202
2021-07-10,Calaveras,009,45235,2242,14,2256,57
2021-07-10,Colusa,011,21464,1984,329,2313,16
2021-07-10,Contra Costa,013,1133247,72415,1339,73754,826
2021-07-10,Del Norte,015,27424,1502,13,1515,9
2021-07-10,El Dorado,017,186661,10687,805,11492,118
2021-07-10,Fresno,019,978130,104034,8774,112808,1754
2021-07-10,Glenn,021,27897,2464,571,3035,27
2021-07-10,Humboldt,023,135768,4659,55,4714,51
2021-07-10,Imperial,025,180216,28946,2697,31643,746
2021-07-10,Inyo,027,18085,1418,12,1430,39
2021-07-10,Kern,029,883053,98380,11207,109587,1355
2021-07-10,Kings,031,150075,23383,1105,24488,249
2021-07-10,Lake,033,64148,3761,13,3774,63
2021-07-10,Lassen,035,31185,5313,118,5431,19
2021-07-10,Los Angeles,037,10098052,1224731,41578,1266309,24579
2021-07-10,Madera,039,155013,16943,950,17893,250
2021-07-10,Marin,041,260295,5929,204,6133,182
2021-07-10,Mariposa,043,17540,445,11,456,6
2021-07-10,Mendocino,045,87422,4267,87,4354,50
2021-07-10,Merced,047,269075,31410,1048,32458,504
2021-07-10,Modoc,049,8938,416,147,563,5
2021-07-10,Mono,051,14174,1272,18,1290,3
2021-07-10,Monterey,053,433212,43498,1864,45362,584
2021-07-10,Napa,055,140530,10113,37,10150,82
2021-07-10,Nevada,057,99092,5094,193,5287,71
2021-07-10,Orange,059,3164182,258972,11624,270596,5245
2021-07-10,Placer,061,380077,24276,1612,25888,306
2021-07-10,Plumas,063,18699,732,14,746,5
2021-07-10,Riverside,065,2383286,297691,14128,311819,4608
2021-07-10,Sacramento,067,1510023,110506,1902,112408,1706
2021-07-10,San Benito,069,59416,6165,113,6278,60
2021-07-10,San Bernardino,071,2135413,296645,9072,305717,5342
2021-07-10,San Diego,073,3302833,286268,15868,302136,3792
2021-07-10,San Francisco,075,870044,38000,1335,39335,572
2021-07-10,San Joaquin,077,732212,74931,3669,78600,1467
2021-07-10,San Luis Obispo,079,281455,21689,765,22454,259
2021-07-10,San Mateo,081,765935,43302,501,43803,552
2021-07-10,Santa Barbara,083,443738,34859,1133,35992,463
2021-07-10,Santa Clara,085,1922200,120560,778,121338,1754
2021-07-10,Santa Cruz,087,273765,16433,803,17236,209
2021-07-10,Shasta,089,179085,12699,1662,14361,207
2021-07-10,Sierra,091,2930,66,12,78,0
2021-07-10,Siskiyou,093,43540,2002,387,2389,34
2021-07-10,Solano,095,438530,34074,603,34677,270
2021-07-10,Sonoma,097,501317,31550,365,31915,324
2021-07-10,Stanislaus,099,539301,57492,6030,63522,1009
2021-07-10,Sutter,101,95872,9748,90,9838,127
2021-07-10,Tehama,103,63373,5179,587,5766,77
2021-07-10,Trinity,105,12862,497,100,597,5
2021-07-10,Tulare,107,460477,50635,9095,59730,885
2021-07-10,Tuolumne,109,53932,4134,45,4179,68
2021-07-10,Ventura,111,848112,82444,3151,85595,1041
2021-07-10,Yolo,113,214977,14388,306,14694,234
2021-07-10,Yuba,115,75493,6327,129,6456,49
2021-07-09,Alameda,001,1643700,91143,1999,93142,1272
2021-07-09,Alpine,002,1148,88,0,88,0
2021-07-09,Amador,005,37829,3779,33,3812,48
2021-07-09,Butte,007,227075,12898,1919,14817,202
2021-07-09,Calaveras,009,45235,2240,14,2254,57
2021-07-09,Colusa,011,21464,1983,329,2312,16
2021-07-09,Contra Costa,013,1133247,72289,1337,73626,826
2021-07-09,Del Norte,015,27424,1497,13,1510,9
2021-07-09,El Dorado,017,186661,10672,804,11476,118
2021-07-09,Fresno,019,978130,103979,8767,112746,1754
2021-07-09,Glenn,021,27897,2463,569,3032,27
2021-07-09,Humboldt,023,135768,4640,55,4695,50
2021-07-09,Imperial,025,180216,28938,2696,31634,746
2021-07-09,Inyo,027,18085,1417,12,1429,39
2021-07-09,Kern,029,883053,98342,11195,109537,1355
2021-07-09,Kings,031,150075,23372,1104,24476,249
2021-07-09,Lake,033,64148,3747,13,3760,63
2021-07-09,Lassen,035,31185,5311,117,5428,19
2021-07-09,Los Angeles,037,10098052,1223727,41508,1265235,24573
2021-07-09,Madera,039,155013,16933,949,17882,250
2021-07-09,Marin,041,260295,5908,203,6111,182
2021-07-09,Mariposa,043,17540,445,11,456,6
2021-07-09,Mendocino,045,87422,4260,87,4347,50
2021-07-09,Merced,047,269075,31395,1048,32443,504
2021-07-09,Modoc,049,8938,416,147,563,5
2021-07-09,Mono,051,14174,1272,18,1290,3
2021-07-09,Monterey,053,433212,43489,1864,45353,584
2021-07-09,Napa,055,140530,10106,37,10143,82
2021-07-09,Nevada,057,99092,5085,193,5278,71
2021-07-09,Orange,059,3164182,258766,11610,270376,5244
2021-07-09,Placer,061,380077,24254,1606,25860,305
2021-07-09,Plumas,063,18699,730,14,744,5
2021-07-09,Riverside,065,2383286,297505,14115,311620,4608
2021-07-09,Sacramento,067,1510023,110352,1893,112245,1703
2021-07-09,San Benito,069,59416,6163,113,6276,60
2021-07-09,San Bernardino,071,2135413,296493,9065,305558,5342
2021-07-09,San Diego,073,3302833,285979,15820,301799,3791
2021-07-09,San Francisco,075,870044,37920,1328,39248,571
2021-07-09,San Joaquin,077,732212,74857,3662,78519,1466
2021-07-09,San Luis Obispo,079,281455,21677,765,22442,259
2021-07-09,San Mateo,081,765935,43258,497,43755,552
2021-07-09,Santa Barbara,083,443738,34838,1132,35970,463
2021-07-09,Santa Clara,085,1922200,120449,778,121227,1754
2021-07-09,Santa Cruz,087,273765,16430,803,17233,209
2021-07-09,Shasta,089,179085,12693,1657,14350,207
2021-07-09,Sierra,091,2930,66,12,78,0
2021-07-09,Siskiyou,093,43540,2000,386,2386,34
2021-07-09,Solano,095,438530,34038,599,34637,270
2021-07-09,Sonoma,097,501317,31514,365,31879,323
2021-07-09,Stanislaus,099,539301,57463,6028,63491,1008
2021-07-09,Sutter,101,95872,9739,90,9829,126
2021-07-09,Tehama,103,63373,5177,587,5764,77
2021-07-09,Trinity,105,12862,496,97,593,5
2021-07-09,Tulare,107,460477,50622,9089,59711,885
2021-07-09,Tuolumne,109,53932,4130,45,4175,68
2021-07-09,Ventura,111,848112,82389,3142,85531,1041
2021-07-09,Yolo,113,214977,14373,302,14675,234
2021-07-09,Yuba,115,75493,6314,129,6443,49
2021-07-08,Alameda,001,1643700,90937,1996,92933,1271
2021-07-08,Alpine,002,1148,88,0,88,0
2021-07-08,Amador,005,37829,3777,33,3810,48
2021-07-08,Butte,007,227075,12885,1916,14801,202
2021-07-08,Calaveras,009,45235,2237,13,2250,57
2021-07-08,Colusa,011,21464,1983,329,2312,16
2021-07-08,Contra Costa,013,1133247,72161,1332,73493,826
2021-07-08,Del Norte,015,27424,1495,13,1508,9
2021-07-08,El Dorado,017,186661,10655,797,11452,118
2021-07-08,Fresno,019,978130,103916,8756,112672,1754
2021-07-08,Glenn,021,27897,2463,569,3032,27
2021-07-08,Humboldt,023,135768,4624,54,4678,50
2021-07-08,Imperial,025,180216,28926,2695,31621,746
2021-07-08,Inyo,027,18085,1417,12,1429,39
2021-07-08,Kern,029,883053,98294,11180,109474,1354
2021-07-08,Kings,031,150075,23363,1104,24467,249
2021-07-08,Lake,033,64148,3733,13,3746,63
2021-07-08,Lassen,035,31185,5308,117,5425,19
2021-07-08,Los Angeles,037,10098052,1222513,41415,1263928,24566
2021-07-08,Madera,039,155013,16917,949,17866,250
2021-07-08,Marin,041,260295,5894,203,6097,182
2021-07-08,Mariposa,043,17540,444,11,455,6
2021-07-08,Mendocino,045,87422,4257,87,4344,50
2021-07-08,Merced,047,269075,31381,1046,32427,504
2021-07-08,Modoc,049,8938,416,147,563,5
2021-07-08,Mono,051,14174,1272,18,1290,3
2021-07-08,Monterey,053,433212,43469,1858,45327,584
2021-07-08,Napa,055,140530,10102,37,10139,82
2021-07-08,Nevada,057,99092,5079,193,5272,71
2021-07-08,Orange,059,3164182,258571,11588,270159,5243
2021-07-08,Placer,061,380077,24215,1598,25813,305
2021-07-08,Plumas,063,18699,729,14,743,5
2021-07-08,Riverside,065,2383286,297304,14099,311403,4606
2021-07-08,Sacramento,067,1510023,110130,1888,112018,1702
2021-07-08,San Benito,069,59416,6160,113,6273,60
2021-07-08,San Bernardino,071,2135413,296318,9056,305374,5339
2021-07-08,San Diego,073,3302833,285652,15772,301424,3791
2021-07-08,San Francisco,075,870044,37840,1324,39164,571
2021-07-08,San Joaquin,077,732212,74769,3649,78418,1465
2021-07-08,San Luis Obispo,079,281455,21665,762,22427,259
2021-07-08,San Mateo,081,765935,43207,496,43703,552
2021-07-08,Santa Barbara,083,443738,34811,1130,35941,463
2021-07-08,Santa Clara,085,1922200,120356,777,121133,1754
2021-07-08,Santa Cruz,087,273765,16424,803,17227,209
2021-07-08,Shasta,089,179085,12687,1653,14340,207
2021-07-08,Sierra,091,2930,66,12,78,0
2021-07-08,Siskiyou,093,43540,1995,383,2378,34
2021-07-08,Solano,095,438530,33983,593,34576,269
2021-07-08,Sonoma,097,501317,31483,364,31847,322
2021-07-08,Stanislaus,099,539301,57436,6024,63460,1007
2021-07-08,Sutter,101,95872,9725,88,9813,126
2021-07-08,Tehama,103,63373,5174,586,5760,77
2021-07-08,Trinity,105,12862,496,97,593,5
2021-07-08,Tulare,107,460477,50604,9082,59686,885
2021-07-08,Tuolumne,109,53932,4128,45,4173,68
2021-07-08,Ventura,111,848112,82325,3126,85451,1041
2021-07-08,Yolo,113,214977,14353,300,14653,234
2021-07-08,Yuba,115,75493,6306,129,6435,49
2021-07-07,Alameda,001,1643700,90754,1990,92744,1271
2021-07-07,Alpine,002,1148,88,0,88,0
2021-07-07,Amador,005,37829,3772,33,3805,48
2021-07-07,Butte,007,227075,12872,1911,14783,202
2021-07-07,Calaveras,009,45235,2230,13,2243,57
2021-07-07,Colusa,011,21464,1979,329,2308,16
2021-07-07,Contra Costa,013,1133247,72014,1330,73344,825
2021-07-07,Del Norte,015,27424,1490,13,1503,9
2021-07-07,El Dorado,017,186661,10635,795,11430,118
2021-07-07,Fresno,019,978130,103866,8749,112615,1754
2021-07-07,Glenn,021,27897,2463,569,3032,27
2021-07-07,Humboldt,023,135768,4610,54,4664,50
2021-07-07,Imperial,025,180216,28919,2695,31614,746
2021-07-07,Inyo,027,18085,1416,12,1428,39
2021-07-07,Kern,029,883053,98250,11165,109415,1353
2021-07-07,Kings,031,150075,23350,1101,24451,249
2021-07-07,Lake,033,64148,3714,13,3727,63
2021-07-07,Lassen,035,31185,5308,117,5425,19
2021-07-07,Los Angeles,037,10098052,1221332,41313,1262645,24563
2021-07-07,Madera,039,155013,16906,947,17853,250
2021-07-07,Marin,041,260295,5875,202,6077,182
2021-07-07,Mariposa,043,17540,442,11,453,6
2021-07-07,Mendocino,045,87422,4248,87,4335,50
2021-07-07,Merced,047,269075,31366,1046,32412,503
2021-07-07,Modoc,049,8938,416,147,563,5
2021-07-07,Mono,051,14174,1271,18,1289,3
2021-07-07,Monterey,053,433212,43445,1856,45301,584
2021-07-07,Napa,055,140530,10091,37,10128,82
2021-07-07,Nevada,057,99092,5072,193,5265,71
2021-07-07,Orange,059,3164182,258345,11567,269912,5243
2021-07-07,Placer,061,380077,24179,1588,25767,305
2021-07-07,Plumas,063,18699,729,14,743,5
2021-07-07,Riverside,065,2383286,297090,14089,311179,4606
2021-07-07,Sacramento,067,1510023,109940,1880,111820,1701
2021-07-07,San Benito,069,59416,6155,113,6268,60
2021-07-07,San Bernardino,071,2135413,296149,9049,305198,5338
2021-07-07,San Diego,073,3302833,285332,15732,301064,3790
2021-07-07,San Francisco,075,870044,37748,1321,39069,571
2021-07-07,San Joaquin,077,732212,74693,3634,78327,1462
2021-07-07,San Luis Obispo,079,281455,21656,760,22416,259
2021-07-07,San Mateo,081,765935,43153,493,43646,552
2021-07-07,Santa Barbara,083,443738,34785,1130,35915,463
2021-07-07,Santa Clara,085,1922200,120258,776,121034,1754
2021-07-07,Santa Cruz,087,273765,16415,802,17217,209
2021-07-07,Shasta,089,179085,12679,1650,14329,207
2021-07-07,Sierra,091,2930,66,12,78,0
2021-07-07,Siskiyou,093,43540,1989,379,2368,34
2021-07-07,Solano,095,438530,33934,586,34520,269
2021-07-07,Sonoma,097,501317,31437,364,31801,321
2021-07-07,Stanislaus,099,539301,57404,6019,63423,1007
2021-07-07,Sutter,101,95872,9715,88,9803,126
2021-07-07,Tehama,103,63373,5173,586,5759,76
2021-07-07,Trinity,105,12862,496,97,593,5
2021-07-07,Tulare,107,460477,50600,9073,59673,885
2021-07-07,Tuolumne,109,53932,4124,44,4168,68
2021-07-07,Ventura,111,848112,82281,3112,85393,1041
2021-07-07,Yolo,113,214977,14342,297,14639,233
2021-07-07,Yuba,115,75493,6290,129,6419,49
2021-07-06,Alameda,001,1643700,90559,1982,92541,1271
2021-07-06,Alpine,002,1148,88,0,88,0
2021-07-06,Amador,005,37829,3771,32,3803,48
2021-07-06,Butte,007,227075,12859,1908,14767,202
2021-07-06,Calaveras,009,45235,2230,13,2243,57
2021-07-06,Colusa,011,21464,1978,326,2304,16
2021-07-06,Contra Costa,013,1133247,71885,1327,73212,825
2021-07-06,Del Norte,015,27424,1486,13,1499,9
2021-07-06,El Dorado,017,186661,10617,793,11410,117
2021-07-06,Fresno,019,978130,103814,8737,112551,1753
2021-07-06,Glenn,021,27897,2462,569,3031,27
2021-07-06,Humboldt,023,135768,4596,53,4649,50
2021-07-06,Imperial,025,180216,28904,2693,31597,746
2021-07-06,Inyo,027,18085,1416,12,1428,39
2021-07-06,Kern,029,883053,98208,11154,109362,1353
2021-07-06,Kings,031,150075,23342,1100,24442,249
2021-07-06,Lake,033,64148,3704,13,3717,63
2021-07-06,Lassen,035,31185,5307,116,5423,19
2021-07-06,Los Angeles,037,10098052,1220113,41217,1261330,24558
2021-07-06,Madera,039,155013,16894,947,17841,250
2021-07-06,Marin,041,260295,5861,202,6063,182
2021-07-06,Mariposa,043,17540,442,11,453,6
2021-07-06,Mendocino,045,87422,4241,87,4328,50
2021-07-06,Merced,047,269075,31349,1045,32394,503
2021-07-06,Modoc,049,8938,416,147,563,5
2021-07-06,Mono,051,14174,1270,18,1288,3
2021-07-06,Monterey,053,433212,43423,1854,45277,584
2021-07-06,Napa,055,140530,10080,37,10117,82
2021-07-06,Nevada,057,99092,5063,193,5256,71
2021-07-06,Orange,059,3164182,258101,11550,269651,5243
2021-07-06,Placer,061,380077,24138,1582,25720,305
2021-07-06,Plumas,063,18699,728,14,742,5
2021-07-06,Riverside,065,2383286,296887,14071,310958,4605
2021-07-06,Sacramento,067,1510023,109729,1872,111601,1701
2021-07-06,San Benito,069,59416,6151,113,6264,60
2021-07-06,San Bernardino,071,2135413,295970,9036,305006,5337
2021-07-06,San Diego,073,3302833,284974,15673,300647,3790
2021-07-06,San Francisco,075,870044,37631,1320,38951,571
2021-07-06,San Joaquin,077,732212,74623,3622,78245,1459
2021-07-06,San Luis Obispo,079,281455,21639,758,22397,259
2021-07-06,San Mateo,081,765935,43078,493,43571,551
2021-07-06,Santa Barbara,083,443738,34766,1129,35895,463
2021-07-06,Santa Clara,085,1922200,120140,773,120913,1753
2021-07-06,Santa Cruz,087,273765,16410,801,17211,209
2021-07-06,Shasta,089,179085,12669,1648,14317,206
2021-07-06,Sierra,091,2930,65,12,77,0
2021-07-06,Siskiyou,093,43540,1986,375,2361,34
2021-07-06,Solano,095,438530,33883,583,34466,269
2021-07-06,Sonoma,097,501317,31374,363,31737,321
2021-07-06,Stanislaus,099,539301,57355,6008,63363,1006
2021-07-06,Sutter,101,95872,9706,87,9793,126
2021-07-06,Tehama,103,63373,5170,585,5755,76
2021-07-06,Trinity,105,12862,496,97,593,5
2021-07-06,Tulare,107,460477,50585,9063,59648,885
2021-07-06,Tuolumne,109,53932,4122,44,4166,68
2021-07-06,Ventura,111,848112,82241,3087,85328,1041
2021-07-06,Yolo,113,214977,14320,294,14614,233
2021-07-06,Yuba,115,75493,6279,129,6408,49
2021-07-05,Alameda,001,1643700,90383,1977,92360,1271
2021-07-05,Alpine,002,1148,88,0,88,0
2021-07-05,Amador,005,37829,3769,32,3801,48
2021-07-05,Butte,007,227075,12851,1899,14750,202
2021-07-05,Calaveras,009,45235,2228,13,2241,57
2021-07-05,Colusa,011,21464,1976,325,2301,16
2021-07-05,Contra Costa,013,1133247,71757,1327,73084,824
2021-07-05,Del Norte,015,27424,1482,13,1495,9
2021-07-05,El Dorado,017,186661,10592,793,11385,117
2021-07-05,Fresno,019,978130,103755,8722,112477,1752
2021-07-05,Glenn,021,27897,2459,568,3027,27
2021-07-05,Humboldt,023,135768,4582,53,4635,50
2021-07-05,Imperial,025,180216,28885,2693,31578,746
2021-07-05,Inyo,027,18085,1416,12,1428,39
2021-07-05,Kern,029,883053,98160,11134,109294,1353
2021-07-05,Kings,031,150075,23334,1097,24431,248
2021-07-05,Lake,033,64148,3686,13,3699,63
2021-07-05,Lassen,035,31185,5304,115,5419,19
2021-07-05,Los Angeles,037,10098052,1218919,41115,1260034,24553
2021-07-05,Madera,039,155013,16883,946,17829,249
2021-07-05,Marin,041,260295,5840,202,6042,182
2021-07-05,Mariposa,043,17540,442,11,453,6
2021-07-05,Mendocino,045,87422,4236,87,4323,50
2021-07-05,Merced,047,269075,31329,1045,32374,503
2021-07-05,Modoc,049,8938,416,147,563,5
2021-07-05,Mono,051,14174,1270,18,1288,3
2021-07-05,Monterey,053,433212,43403,1849,45252,584
2021-07-05,Napa,055,140530,10074,37,10111,82
2021-07-05,Nevada,057,99092,5045,192,5237,71
2021-07-05,Orange,059,3164182,257900,11532,269432,5243
2021-07-05,Placer,061,380077,24091,1574,25665,305
2021-07-05,Plumas,063,18699,727,14,741,5
2021-07-05,Riverside,065,2383286,296695,14059,310754,4605
2021-07-05,Sacramento,067,1510023,109547,1862,111409,1701
2021-07-05,San Benito,069,59416,6144,113,6257,60
2021-07-05,San Bernardino,071,2135413,295808,9029,304837,5336
2021-07-05,San Diego,073,3302833,284611,15629,300240,3790
2021-07-05,San Francisco,075,870044,37542,1315,38857,571
2021-07-05,San Joaquin,077,732212,74553,3617,78170,1459
2021-07-05,San Luis Obispo,079,281455,21625,757,22382,259
2021-07-05,San Mateo,081,765935,43026,490,43516,550
2021-07-05,Santa Barbara,083,443738,34746,1129,35875,463
2021-07-05,Santa Clara,085,1922200,120034,771,120805,1753
2021-07-05,Santa Cruz,087,273765,16401,800,17201,209
2021-07-05,Shasta,089,179085,12660,1646,14306,205
2021-07-05,Sierra,091,2930,65,12,77,0
2021-07-05,Siskiyou,093,43540,1984,374,2358,34
2021-07-05,Solano,095,438530,33814,577,34391,269
2021-07-05,Sonoma,097,501317,31321,363,31684,320
2021-07-05,Stanislaus,099,539301,57325,5997,63322,1006
2021-07-05,Sutter,101,95872,9694,87,9781,126
2021-07-05,Tehama,103,63373,5169,585,5754,76
2021-07-05,Trinity,105,12862,495,96,591,5
2021-07-05,Tulare,107,460477,50567,9060,59627,885
2021-07-05,Tuolumne,109,53932,4118,44,4162,67
2021-07-05,Ventura,111,848112,82190,3068,85258,1041
2021-07-05,Yolo,113,214977,14300,286,14586,233
2021-07-05,Yuba,115,75493,6271,129,6400,49
2021-07-04,Alameda,001,1643700,90219,1974,92193,1271
2021-07-04,Alpine,002,1148,88,0,88,0
2021-07-04,Amador,005,37829,3768,32,3800,48
2021-07-04,Butte,007,227075,12841,1899,14740,202
2021-07-04,Calaveras,009,45235,2224,13,2237,57
2021-07-04,Colusa,011,21464,1976,325,2301,16
2021-07-04,Contra Costa,013,1133247,71651,1322,72973,824
2021-07-04,Del Norte,015,27424,1479,13,1492,9
2021-07-04,El Dorado,017,186661,10583,792,11375,117
2021-07-04,Fresno,019,978130,103709,8707,112416,1752
2021-07-04,Glenn,021,27897,2457,567,3024,27
2021-07-04,Humboldt,023,135768,4574,53,4627,49
2021-07-04,Imperial,025,180216,28879,2693,31572,746
2021-07-04,Inyo,027,18085,1416,12,1428,39
2021-07-04,Kern,029,883053,98141,11125,109266,1352
2021-07-04,Kings,031,150075,23326,1097,24423,248
2021-07-04,Lake,033,64148,3676,13,3689,63
2021-07-04,Lassen,035,31185,5303,115,5418,19
2021-07-04,Los Angeles,037,10098052,1218055,41032,1259087,24549
2021-07-04,Madera,039,155013,16871,945,17816,249
2021-07-04,Marin,041,260295,5825,202,6027,182
2021-07-04,Mariposa,043,17540,442,11,453,6
2021-07-04,Mendocino,045,87422,4226,87,4313,50
2021-07-04,Merced,047,269075,31318,1045,32363,503
2021-07-04,Modoc,049,8938,416,147,563,5
2021-07-04,Mono,051,14174,1270,18,1288,3
2021-07-04,Monterey,053,433212,43387,1848,45235,584
2021-07-04,Napa,055,140530,10066,36,10102,82
2021-07-04,Nevada,057,99092,5035,192,5227,71
2021-07-04,Orange,059,3164182,257725,11512,269237,5243
2021-07-04,Placer,061,380077,24054,1568,25622,305
2021-07-04,Plumas,063,18699,727,14,741,5
2021-07-04,Riverside,065,2383286,296536,14053,310589,4604
2021-07-04,Sacramento,067,1510023,109377,1856,111233,1699
2021-07-04,San Benito,069,59416,6137,113,6250,60
2021-07-04,San Bernardino,071,2135413,295640,9022,304662,5334
2021-07-04,San Diego,073,3302833,284386,15592,299978,3790
2021-07-04,San Francisco,075,870044,37483,1309,38792,571
2021-07-04,San Joaquin,077,732212,74487,3609,78096,1459
2021-07-04,San Luis Obispo,079,281455,21619,756,22375,259
2021-07-04,San Mateo,081,765935,42992,490,43482,549
2021-07-04,Santa Barbara,083,443738,34723,1128,35851,463
2021-07-04,Santa Clara,085,1922200,119944,770,120714,1753
2021-07-04,Santa Cruz,087,273765,16390,800,17190,209
2021-07-04,Shasta,089,179085,12656,1645,14301,205
2021-07-04,Sierra,091,2930,64,12,76,0
2021-07-04,Siskiyou,093,43540,1980,373,2353,34
2021-07-04,Solano,095,438530,33773,575,34348,269
2021-07-04,Sonoma,097,501317,31291,363,31654,319
2021-07-04,Stanislaus,099,539301,57309,5991,63300,1005
2021-07-04,Sutter,101,95872,9683,87,9770,126
2021-07-04,Tehama,103,63373,5165,585,5750,76
2021-07-04,Trinity,105,12862,494,96,590,5
2021-07-04,Tulare,107,460477,50557,9057,59614,885
2021-07-04,Tuolumne,109,53932,4110,44,4154,67
2021-07-04,Ventura,111,848112,82132,3057,85189,1041
2021-07-04,Yolo,113,214977,14279,283,14562,233
2021-07-04,Yuba,115,75493,6263,129,6392,49
2021-07-03,Alameda,001,1643700,90132,1966,92098,1271
2021-07-03,Alpine,002,1148,88,0,88,0
2021-07-03,Amador,005,37829,3768,32,3800,48
2021-07-03,Butte,007,227075,12837,1898,14735,202
2021-07-03,Calaveras,009,45235,2222,13,2235,57
2021-07-03,Colusa,011,21464,1975,325,2300,16
2021-07-03,Contra Costa,013,1133247,71591,1319,72910,824
2021-07-03,Del Norte,015,27424,1476,13,1489,9
2021-07-03,El Dorado,017,186661,10577,790,11367,117
2021-07-03,Fresno,019,978130,103685,8698,112383,1752
2021-07-03,Glenn,021,27897,2457,567,3024,27
2021-07-03,Humboldt,023,135768,4569,53,4622,49
2021-07-03,Imperial,025,180216,28869,2693,31562,746
2021-07-03,Inyo,027,18085,1416,12,1428,39
2021-07-03,Kern,029,883053,98121,11117,109238,1352
2021-07-03,Kings,031,150075,23326,1096,24422,248
2021-07-03,Lake,033,64148,3666,13,3679,63
2021-07-03,Lassen,035,31185,5302,115,5417,19
2021-07-03,Los Angeles,037,10098052,1217626,41001,1258627,24545
2021-07-03,Madera,039,155013,16862,942,17804,249
2021-07-03,Marin,041,260295,5821,202,6023,182
2021-07-03,Mariposa,043,17540,442,11,453,6
2021-07-03,Mendocino,045,87422,4225,87,4312,50
2021-07-03,Merced,047,269075,31305,1044,32349,503
2021-07-03,Modoc,049,8938,415,147,562,5
2021-07-03,Mono,051,14174,1269,18,1287,3
2021-07-03,Monterey,053,433212,43375,1846,45221,584
2021-07-03,Napa,055,140530,10061,36,10097,82
2021-07-03,Nevada,057,99092,5021,192,5213,71
2021-07-03,Orange,059,3164182,257641,11505,269146,5243
2021-07-03,Placer,061,380077,24035,1565,25600,305
2021-07-03,Plumas,063,18699,727,14,741,5
2021-07-03,Riverside,065,2383286,296444,14049,310493,4604
2021-07-03,Sacramento,067,1510023,109303,1853,111156,1698
2021-07-03,San Benito,069,59416,6130,113,6243,60
2021-07-03,San Bernardino,071,2135413,295550,9019,304569,5334
2021-07-03,San Diego,073,3302833,284255,15573,299828,3790
2021-07-03,San Francisco,075,870044,37442,1306,38748,571
2021-07-03,San Joaquin,077,732212,74451,3604,78055,1459
2021-07-03,San Luis Obispo,079,281455,21607,756,22363,259
2021-07-03,San Mateo,081,765935,42967,489,43456,548
2021-07-03,Santa Barbara,083,443738,34714,1127,35841,463
2021-07-03,Santa Clara,085,1922200,119897,770,120667,1753
2021-07-03,Santa Cruz,087,273765,16383,800,17183,209
2021-07-03,Shasta,089,179085,12652,1643,14295,205
2021-07-03,Sierra,091,2930,64,12,76,0
2021-07-03,Siskiyou,093,43540,1979,372,2351,34
2021-07-03,Solano,095,438530,33729,575,34304,269
2021-07-03,Sonoma,097,501317,31257,363,31620,319
2021-07-03,Stanislaus,099,539301,57298,5984,63282,1005
2021-07-03,Sutter,101,95872,9673,87,9760,126
2021-07-03,Tehama,103,63373,5163,585,5748,76
2021-07-03,Trinity,105,12862,494,96,590,5
2021-07-03,Tulare,107,460477,50551,9051,59602,885
2021-07-03,Tuolumne,109,53932,4109,44,4153,67
2021-07-03,Ventura,111,848112,82102,3049,85151,1041
2021-07-03,Yolo,113,214977,14269,280,14549,233
2021-07-03,Yuba,115,75493,6257,129,6386,49
2021-07-02,Alameda,001,1643700,90048,1964,92012,1271
2021-07-02,Alpine,002,1148,88,0,88,0
2021-07-02,Amador,005,37829,3766,32,3798,48
2021-07-02,Butte,007,227075,12830,1898,14728,202
2021-07-02,Calaveras,009,45235,2220,13,2233,57
2021-07-02,Colusa,011,21464,1974,324,2298,16
2021-07-02,Contra Costa,013,1133247,71521,1315,72836,824
2021-07-02,Del Norte,015,27424,1476,13,1489,9
2021-07-02,El Dorado,017,186661,10569,790,11359,117
2021-07-02,Fresno,019,978130,103657,8692,112349,1750
2021-07-02,Glenn,021,27897,2456,566,3022,27
2021-07-02,Humboldt,023,135768,4566,52,4618,49
2021-07-02,Imperial,025,180216,28863,2692,31555,746
2021-07-02,Inyo,027,18085,1416,12,1428,39
2021-07-02,Kern,029,883053,98103,11109,109212,1352
2021-07-02,Kings,031,150075,23316,1096,24412,248
2021-07-02,Lake,033,64148,3660,13,3673,63
2021-07-02,Lassen,035,31185,5302,115,5417,19
2021-07-02,Los Angeles,037,10098052,1217152,40963,1258115,24539
2021-07-02,Madera,039,155013,16853,941,17794,249
2021-07-02,Marin,041,260295,5817,202,6019,181
2021-07-02,Mariposa,043,17540,442,11,453,6
2021-07-02,Mendocino,045,87422,4221,86,4307,50
2021-07-02,Merced,047,269075,31296,1044,32340,503
2021-07-02,Modoc,049,8938,415,147,562,5
2021-07-02,Mono,051,14174,1268,18,1286,3
2021-07-02,Monterey,053,433212,43367,1845,45212,584
2021-07-02,Napa,055,140530,10056,36,10092,82
2021-07-02,Nevada,057,99092,5012,192,5204,71
2021-07-02,Orange,059,3164182,257528,11498,269026,5243
2021-07-02,Placer,061,380077,24018,1558,25576,305
2021-07-02,Plumas,063,18699,727,14,741,5
2021-07-02,Riverside,065,2383286,296347,14044,310391,4603
2021-07-02,Sacramento,067,1510023,109225,1852,111077,1698
2021-07-02,San Benito,069,59416,6127,113,6240,60
2021-07-02,San Bernardino,071,2135413,295463,9017,304480,5334
2021-07-02,San Diego,073,3302833,284110,15547,299657,3789
2021-07-02,San Francisco,075,870044,37394,1304,38698,571
2021-07-02,San Joaquin,077,732212,74419,3598,78017,1459
2021-07-02,San Luis Obispo,079,281455,21601,755,22356,259
2021-07-02,San Mateo,081,765935,42932,489,43421,548
2021-07-02,Santa Barbara,083,443738,34704,1127,35831,462
2021-07-02,Santa Clara,085,1922200,119819,770,120589,1753
2021-07-02,Santa Cruz,087,273765,16379,800,17179,209
2021-07-02,Shasta,089,179085,12648,1643,14291,205
2021-07-02,Sierra,091,2930,63,12,75,0
2021-07-02,Siskiyou,093,43540,1976,371,2347,34
2021-07-02,Solano,095,438530,33704,575,34279,269
2021-07-02,Sonoma,097,501317,31234,363,31597,319
2021-07-02,Stanislaus,099,539301,57281,5983,63264,1005
2021-07-02,Sutter,101,95872,9669,87,9756,126
2021-07-02,Tehama,103,63373,5161,583,5744,76
2021-07-02,Trinity,105,12862,494,96,590,5
2021-07-02,Tulare,107,460477,50541,9043,59584,885
2021-07-02,Tuolumne,109,53932,4106,44,4150,67
2021-07-02,Ventura,111,848112,82059,3041,85100,1041
2021-07-02,Yolo,113,214977,14253,278,14531,233
2021-07-02,Yuba,115,75493,6249,129,6378,49
2021-07-01,Alameda,001,1643700,89947,1962,91909,1271
2021-07-01,Alpine,002,1148,88,0,88,0
2021-07-01,Amador,005,37829,3765,32,3797,48
2021-07-01,Butte,007,227075,12819,1896,14715,201
2021-07-01,Calaveras,009,45235,2218,13,2231,57
2021-07-01,Colusa,011,21464,1974,322,2296,16
2021-07-01,Contra Costa,013,1133247,71449,1315,72764,824
2021-07-01,Del Norte,015,27424,1475,13,1488,9
2021-07-01,El Dorado,017,186661,10557,790,11347,117
2021-07-01,Fresno,019,978130,103618,8687,112305,1749
2021-07-01,Glenn,021,27897,2456,566,3022,27
2021-07-01,Humboldt,023,135768,4564,52,4616,49
2021-07-01,Imperial,025,180216,28846,2692,31538,746
2021-07-01,Inyo,027,18085,1416,12,1428,39
2021-07-01,Kern,029,883053,98077,11099,109176,1350
2021-07-01,Kings,031,150075,23302,1096,24398,248
2021-07-01,Lake,033,64148,3657,13,3670,63
2021-07-01,Lassen,035,31185,5300,115,5415,19
2021-07-01,Los Angeles,037,10098052,1216548,40908,1257456,24535
2021-07-01,Madera,039,155013,16844,940,17784,248
2021-07-01,Marin,041,260295,5813,202,6015,181
2021-07-01,Mariposa,043,17540,442,11,453,6
2021-07-01,Mendocino,045,87422,4217,85,4302,50
2021-07-01,Merced,047,269075,31290,1044,32334,503
2021-07-01,Modoc,049,8938,415,147,562,5
2021-07-01,Mono,051,14174,1267,18,1285,3
2021-07-01,Monterey,053,433212,43359,1842,45201,584
2021-07-01,Napa,055,140530,10049,36,10085,82
2021-07-01,Nevada,057,99092,5007,192,5199,71
2021-07-01,Orange,059,3164182,257408,11479,268887,5242
2021-07-01,Placer,061,380077,24000,1555,25555,305
2021-07-01,Plumas,063,18699,724,12,736,5
2021-07-01,Riverside,065,2383286,296238,14036,310274,4603
2021-07-01,Sacramento,067,1510023,109100,1845,110945,1698
2021-07-01,San Benito,069,59416,6123,113,6236,60
2021-07-01,San Bernardino,071,2135413,295342,9012,304354,5334
2021-07-01,San Diego,073,3302833,283931,15510,299441,3788
2021-07-01,San Francisco,075,870044,37357,1302,38659,570
2021-07-01,San Joaquin,077,732212,74368,3594,77962,1458
2021-07-01,San Luis Obispo,079,281455,21586,754,22340,258
2021-07-01,San Mateo,081,765935,42904,488,43392,548
2021-07-01,Santa Barbara,083,443738,34691,1127,35818,462
2021-07-01,Santa Clara,085,1922200,119770,770,120540,1753
2021-07-01,Santa Cruz,087,273765,16374,800,17174,209
2021-07-01,Shasta,089,179085,12640,1642,14282,205
2021-07-01,Sierra,091,2930,63,12,75,0
2021-07-01,Siskiyou,093,43540,1976,371,2347,34
2021-07-01,Solano,095,438530,33664,574,34238,269
2021-07-01,Sonoma,097,501317,31190,363,31553,319
2021-07-01,Stanislaus,099,539301,57264,5979,63243,1005
2021-07-01,Sutter,101,95872,9660,87,9747,126
2021-07-01,Tehama,103,63373,5161,582,5743,76
2021-07-01,Trinity,105,12862,494,96,590,5
2021-07-01,Tulare,107,460477,50532,9036,59568,885
2021-07-01,Tuolumne,109,53932,4099,44,4143,67
2021-07-01,Ventura,111,848112,82028,3031,85059,1041
2021-07-01,Yolo,113,214977,14237,276,14513,233
2021-07-01,Yuba,115,75493,6242,129,6371,49
2021-06-30,Alameda,001,1643700,89865,1958,91823,1271
2021-06-30,Alpine,002,1148,88,0,88,0
2021-06-30,Amador,005,37829,3763,32,3795,48
2021-06-30,Butte,007,227075,12812,1887,14699,201
2021-06-30,Calaveras,009,45235,2212,13,2225,57
2021-06-30,Colusa,011,21464,1972,319,2291,16
2021-06-30,Contra Costa,013,1133247,71384,1312,72696,823
2021-06-30,Del Norte,015,27424,1470,13,1483,9
2021-06-30,El Dorado,017,186661,10537,790,11327,117
2021-06-30,Fresno,019,978130,103580,8684,112264,1749
2021-06-30,Glenn,021,27897,2454,566,3020,27
2021-06-30,Humboldt,023,135768,4548,50,4598,49
2021-06-30,Imperial,025,180216,28838,2692,31530,746
2021-06-30,Inyo,027,18085,1416,12,1428,39
2021-06-30,Kern,029,883053,98036,11087,109123,1349
2021-06-30,Kings,031,150075,23297,1095,24392,248
2021-06-30,Lake,033,64148,3644,13,3657,63
2021-06-30,Lassen,035,31185,5295,115,5410,19
2021-06-30,Los Angeles,037,10098052,1215874,40863,1256737,24532
2021-06-30,Madera,039,155013,16836,938,17774,247
2021-06-30,Marin,041,260295,5804,201,6005,181
2021-06-30,Mariposa,043,17540,441,11,452,6
2021-06-30,Mendocino,045,87422,4207,85,4292,50
2021-06-30,Merced,047,269075,31280,1044,32324,502
2021-06-30,Modoc,049,8938,415,147,562,5
2021-06-30,Mono,051,14174,1267,18,1285,3
2021-06-30,Monterey,053,433212,43354,1840,45194,584
2021-06-30,Napa,055,140530,10041,36,10077,82
2021-06-30,Nevada,057,99092,4996,192,5188,71
2021-06-30,Orange,059,3164182,257283,11469,268752,5241
2021-06-30,Placer,061,380077,23976,1552,25528,305
2021-06-30,Plumas,063,18699,724,12,736,5
2021-06-30,Riverside,065,2383286,296124,14028,310152,4603
2021-06-30,Sacramento,067,1510023,108961,1841,110802,1697
2021-06-30,San Benito,069,59416,6119,113,6232,60
2021-06-30,San Bernardino,071,2135413,295182,9007,304189,5333
2021-06-30,San Diego,073,3302833,283795,15482,299277,3788
2021-06-30,San Francisco,075,870044,37309,1297,38606,570
2021-06-30,San Joaquin,077,732212,74306,3593,77899,1458
2021-06-30,San Luis Obispo,079,281455,21573,753,22326,257
2021-06-30,San Mateo,081,765935,42867,487,43354,548
2021-06-30,Santa Barbara,083,443738,34675,1127,35802,462
2021-06-30,Santa Clara,085,1922200,119723,767,120490,1753
2021-06-30,Santa Cruz,087,273765,16368,800,17168,209
2021-06-30,Shasta,089,179085,12634,1642,14276,205
2021-06-30,Sierra,091,2930,63,12,75,0
2021-06-30,Siskiyou,093,43540,1974,368,2342,34
2021-06-30,Solano,095,438530,33625,572,34197,269
2021-06-30,Sonoma,097,501317,31160,363,31523,317
2021-06-30,Stanislaus,099,539301,57247,5978,63225,1005
2021-06-30,Sutter,101,95872,9650,87,9737,126
2021-06-30,Tehama,103,63373,5159,582,5741,75
2021-06-30,Trinity,105,12862,494,96,590,5
2021-06-30,Tulare,107,460477,50521,9025,59546,885
2021-06-30,Tuolumne,109,53932,4096,44,4140,67
2021-06-30,Ventura,111,848112,81985,3026,85011,1041
2021-06-30,Yolo,113,214977,14231,273,14504,233
2021-06-30,Yuba,115,75493,6235,129,6364,49
2021-06-29,Alameda,001,1643700,89759,1956,91715,1271
2021-06-29,Alpine,002,1148,88,0,88,0
2021-06-29,Amador,005,37829,3759,32,3791,48
2021-06-29,Butte,007,227075,12804,1887,14691,201
2021-06-29,Calaveras,009,45235,2206,13,2219,57
2021-06-29,Colusa,011,21464,1970,319,2289,16
2021-06-29,Contra Costa,013,1133247,71310,1311,72621,823
2021-06-29,Del Norte,015,27424,1469,13,1482,9
2021-06-29,El Dorado,017,186661,10524,786,11310,116
2021-06-29,Fresno,019,978130,103547,8681,112228,1749
2021-06-29,Glenn,021,27897,2453,566,3019,27
2021-06-29,Humboldt,023,135768,4544,49,4593,49
2021-06-29,Imperial,025,180216,28829,2691,31520,746
2021-06-29,Inyo,027,18085,1416,12,1428,39
2021-06-29,Kern,029,883053,98015,11081,109096,1349
2021-06-29,Kings,031,150075,23288,1094,24382,248
2021-06-29,Lake,033,64148,3638,13,3651,63
2021-06-29,Lassen,035,31185,5288,115,5403,19
2021-06-29,Los Angeles,037,10098052,1215260,40835,1256095,24525
2021-06-29,Madera,039,155013,16832,937,17769,247
2021-06-29,Marin,041,260295,5792,201,5993,181
2021-06-29,Mariposa,043,17540,441,11,452,6
2021-06-29,Mendocino,045,87422,4203,84,4287,50
2021-06-29,Merced,047,269075,31268,1044,32312,502
2021-06-29,Modoc,049,8938,414,147,561,5
2021-06-29,Mono,051,14174,1267,18,1285,3
2021-06-29,Monterey,053,433212,43344,1838,45182,583
2021-06-29,Napa,055,140530,10035,36,10071,82
2021-06-29,Nevada,057,99092,4989,192,5181,71
2021-06-29,Orange,059,3164182,257182,11454,268636,5241
2021-06-29,Placer,061,380077,23952,1550,25502,305
2021-06-29,Plumas,063,18699,724,12,736,5
2021-06-29,Riverside,065,2383286,296024,14021,310045,4603
2021-06-29,Sacramento,067,1510023,108808,1837,110645,1695
2021-06-29,San Benito,069,59416,6108,113,6221,60
2021-06-29,San Bernardino,071,2135413,295070,9006,304076,5328
2021-06-29,San Diego,073,3302833,283639,15455,299094,3788
2021-06-29,San Francisco,075,870044,37270,1294,38564,570
2021-06-29,San Joaquin,077,732212,74258,3590,77848,1457
2021-06-29,San Luis Obispo,079,281455,21563,752,22315,257
2021-06-29,San Mateo,081,765935,42833,487,43320,548
2021-06-29,Santa Barbara,083,443738,34665,1126,35791,462
2021-06-29,Santa Clara,085,1922200,119669,766,120435,1753
2021-06-29,Santa Cruz,087,273765,16362,800,17162,209
2021-06-29,Shasta,089,179085,12622,1641,14263,205
2021-06-29,Sierra,091,2930,63,12,75,0
2021-06-29,Siskiyou,093,43540,1971,364,2335,34
2021-06-29,Solano,095,438530,33592,570,34162,269
2021-06-29,Sonoma,097,501317,31118,361,31479,316
2021-06-29,Stanislaus,099,539301,57226,5971,63197,1005
2021-06-29,Sutter,101,95872,9639,87,9726,126
2021-06-29,Tehama,103,63373,5159,582,5741,75
2021-06-29,Trinity,105,12862,494,96,590,5
2021-06-29,Tulare,107,460477,50508,9020,59528,885
2021-06-29,Tuolumne,109,53932,4094,44,4138,67
2021-06-29,Ventura,111,848112,81947,3020,84967,1041
2021-06-29,Yolo,113,214977,14219,272,14491,233
2021-06-29,Yuba,115,75493,6225,129,6354,49
2021-06-28,Alameda,001,1643700,89664,1953,91617,1271
2021-06-28,Alpine,002,1148,88,0,88,0
2021-06-28,Amador,005,37829,3758,32,3790,47
2021-06-28,Butte,007,227075,12795,1885,14680,201
2021-06-28,Calaveras,009,45235,2203,13,2216,57
2021-06-28,Colusa,011,21464,1968,319,2287,16
2021-06-28,Contra Costa,013,1133247,71235,1309,72544,823
2021-06-28,Del Norte,015,27424,1469,13,1482,9
2021-06-28,El Dorado,017,186661,10514,782,11296,116
2021-06-28,Fresno,019,978130,103516,8679,112195,1748
2021-06-28,Glenn,021,27897,2453,566,3019,27
2021-06-28,Humboldt,023,135768,4537,48,4585,49
2021-06-28,Imperial,025,180216,28821,2690,31511,746
2021-06-28,Inyo,027,18085,1413,12,1425,39
2021-06-28,Kern,029,883053,97996,11076,109072,1349
2021-06-28,Kings,031,150075,23282,1094,24376,248
2021-06-28,Lake,033,64148,3631,13,3644,63
2021-06-28,Lassen,035,31185,5286,115,5401,19
2021-06-28,Los Angeles,037,10098052,1214741,40801,1255542,24521
2021-06-28,Madera,039,155013,16821,936,17757,247
2021-06-28,Marin,041,260295,5777,201,5978,181
2021-06-28,Mariposa,043,17540,441,11,452,6
2021-06-28,Mendocino,045,87422,4194,83,4277,50
2021-06-28,Merced,047,269075,31256,1044,32300,502
2021-06-28,Modoc,049,8938,414,146,560,5
2021-06-28,Mono,051,14174,1267,18,1285,3
2021-06-28,Monterey,053,433212,43340,1837,45177,583
2021-06-28,Napa,055,140530,10026,35,10061,82
2021-06-28,Nevada,057,99092,4985,192,5177,71
2021-06-28,Orange,059,3164182,257093,11440,268533,5241
2021-06-28,Placer,061,380077,23936,1546,25482,305
2021-06-28,Plumas,063,18699,722,12,734,5
2021-06-28,Riverside,065,2383286,295898,14009,309907,4603
2021-06-28,Sacramento,067,1510023,108676,1832,110508,1693
2021-06-28,San Benito,069,59416,6106,113,6219,60
2021-06-28,San Bernardino,071,2135413,294970,9001,303971,5327
2021-06-28,San Diego,073,3302833,283475,15426,298901,3787
2021-06-28,San Francisco,075,870044,37235,1292,38527,570
2021-06-28,San Joaquin,077,732212,74211,3587,77798,1457
2021-06-28,San Luis Obispo,079,281455,21559,751,22310,257
2021-06-28,San Mateo,081,765935,42799,486,43285,548
2021-06-28,Santa Barbara,083,443738,34658,1124,35782,462
2021-06-28,Santa Clara,085,1922200,119605,765,120370,1753
2021-06-28,Santa Cruz,087,273765,16357,800,17157,209
2021-06-28,Shasta,089,179085,12618,1639,14257,205
2021-06-28,Sierra,091,2930,63,12,75,0
2021-06-28,Siskiyou,093,43540,1970,364,2334,33
2021-06-28,Solano,095,438530,33556,568,34124,269
2021-06-28,Sonoma,097,501317,31081,360,31441,316
2021-06-28,Stanislaus,099,539301,57208,5967,63175,1005
2021-06-28,Sutter,101,95872,9635,87,9722,126
2021-06-28,Tehama,103,63373,5157,582,5739,75
2021-06-28,Trinity,105,12862,494,96,590,5
2021-06-28,Tulare,107,460477,50498,9016,59514,885
2021-06-28,Tuolumne,109,53932,4086,44,4130,66
2021-06-28,Ventura,111,848112,81890,3015,84905,1041
2021-06-28,Yolo,113,214977,14210,269,14479,233
2021-06-28,Yuba,115,75493,6220,129,6349,49
2021-06-27,Alameda,001,1643700,89577,1949,91526,1270
2021-06-27,Alpine,002,1148,88,0,88,0
2021-06-27,Amador,005,37829,3757,32,3789,47
2021-06-27,Butte,007,227075,12785,1884,14669,201
2021-06-27,Calaveras,009,45235,2202,13,2215,57
2021-06-27,Colusa,011,21464,1968,319,2287,16
2021-06-27,Contra Costa,013,1133247,71149,1305,72454,823
2021-06-27,Del Norte,015,27424,1466,13,1479,9
2021-06-27,El Dorado,017,186661,10502,779,11281,116
2021-06-27,Fresno,019,978130,103487,8676,112163,1748
2021-06-27,Glenn,021,27897,2452,565,3017,27
2021-06-27,Humboldt,023,135768,4525,45,4570,49
2021-06-27,Imperial,025,180216,28807,2690,31497,746
2021-06-27,Inyo,027,18085,1413,12,1425,38
2021-06-27,Kern,029,883053,97970,11069,109039,1349
2021-06-27,Kings,031,150075,23271,1094,24365,248
2021-06-27,Lake,033,64148,3624,13,3637,63
2021-06-27,Lassen,035,31185,5285,115,5400,19
2021-06-27,Los Angeles,037,10098052,1214189,40761,1254950,24515
2021-06-27,Madera,039,155013,16813,936,17749,247
2021-06-27,Marin,041,260295,5768,201,5969,181
2021-06-27,Mariposa,043,17540,441,11,452,6
2021-06-27,Mendocino,045,87422,4187,83,4270,50
2021-06-27,Merced,047,269075,31244,1044,32288,502
2021-06-27,Modoc,049,8938,414,146,560,4
2021-06-27,Mono,051,14174,1267,18,1285,3
2021-06-27,Monterey,053,433212,43327,1837,45164,583
2021-06-27,Napa,055,140530,10020,35,10055,82
2021-06-27,Nevada,057,99092,4979,192,5171,71
2021-06-27,Orange,059,3164182,256979,11429,268408,5240
2021-06-27,Placer,061,380077,23903,1543,25446,305
2021-06-27,Plumas,063,18699,722,12,734,5
2021-06-27,Riverside,065,2383286,295796,14003,309799,4603
2021-06-27,Sacramento,067,1510023,108541,1828,110369,1692
2021-06-27,San Benito,069,59416,6100,113,6213,60
2021-06-27,San Bernardino,071,2135413,294857,8999,303856,5324
2021-06-27,San Diego,073,3302833,283335,15400,298735,3787
2021-06-27,San Francisco,075,870044,37198,1291,38489,570
2021-06-27,San Joaquin,077,732212,74175,3585,77760,1457
2021-06-27,San Luis Obispo,079,281455,21552,750,22302,257
2021-06-27,San Mateo,081,765935,42770,483,43253,548
2021-06-27,Santa Barbara,083,443738,34644,1122,35766,462
2021-06-27,Santa Clara,085,1922200,119554,764,120318,1753
2021-06-27,Santa Cruz,087,273765,16348,800,17148,209
2021-06-27,Shasta,089,179085,12612,1638,14250,205
2021-06-27,Sierra,091,2930,63,12,75,0
2021-06-27,Siskiyou,093,43540,1968,363,2331,33
2021-06-27,Solano,095,438530,33528,568,34096,269
2021-06-27,Sonoma,097,501317,31043,360,31403,316
2021-06-27,Stanislaus,099,539301,57168,5964,63132,1005
2021-06-27,Sutter,101,95872,9629,87,9716,126
2021-06-27,Tehama,103,63373,5153,582,5735,75
2021-06-27,Trinity,105,12862,494,95,589,5
2021-06-27,Tulare,107,460477,50485,9009,59494,885
2021-06-27,Tuolumne,109,53932,4084,44,4128,66
2021-06-27,Ventura,111,848112,81856,3006,84862,1041
2021-06-27,Yolo,113,214977,14195,265,14460,233
2021-06-27,Yuba,115,75493,6214,129,6343,49
2021-06-26,Alameda,001,1643700,89520,1947,91467,1270
2021-06-26,Alpine,002,1148,88,0,88,0
2021-06-26,Amador,005,37829,3757,32,3789,47
2021-06-26,Butte,007,227075,12781,1881,14662,201
2021-06-26,Calaveras,009,45235,2200,13,2213,57
2021-06-26,Colusa,011,21464,1968,319,2287,16
2021-06-26,Contra Costa,013,1133247,71106,1304,72410,823
2021-06-26,Del Norte,015,27424,1465,13,1478,8
2021-06-26,El Dorado,017,186661,10494,777,11271,116
2021-06-26,Fresno,019,978130,103467,8674,112141,1748
2021-06-26,Glenn,021,27897,2450,565,3015,27
2021-06-26,Humboldt,023,135768,4522,45,4567,49
2021-06-26,Imperial,025,180216,28803,2690,31493,746
2021-06-26,Inyo,027,18085,1413,12,1425,38
2021-06-26,Kern,029,883053,97944,11060,109004,1349
2021-06-26,Kings,031,150075,23267,1093,24360,248
2021-06-26,Lake,033,64148,3613,13,3626,63
2021-06-26,Lassen,035,31185,5282,115,5397,19
2021-06-26,Los Angeles,037,10098052,1213885,40730,1254615,24513
2021-06-26,Madera,039,155013,16806,935,17741,247
2021-06-26,Marin,041,260295,5759,201,5960,181
2021-06-26,Mariposa,043,17540,441,11,452,6
2021-06-26,Mendocino,045,87422,4185,83,4268,50
2021-06-26,Merced,047,269075,31238,1043,32281,502
2021-06-26,Modoc,049,8938,414,146,560,4
2021-06-26,Mono,051,14174,1267,18,1285,3
2021-06-26,Monterey,053,433212,43324,1837,45161,583
2021-06-26,Napa,055,140530,10013,35,10048,82
2021-06-26,Nevada,057,99092,4974,192,5166,71
2021-06-26,Orange,059,3164182,256899,11422,268321,5238
2021-06-26,Placer,061,380077,23889,1541,25430,305
2021-06-26,Plumas,063,18699,722,12,734,5
2021-06-26,Riverside,065,2383286,295738,13997,309735,4603
2021-06-26,Sacramento,067,1510023,108470,1825,110295,1691
2021-06-26,San Benito,069,59416,6096,113,6209,60
2021-06-26,San Bernardino,071,2135413,294763,8995,303758,5323
2021-06-26,San Diego,073,3302833,283250,15382,298632,3787
2021-06-26,San Francisco,075,870044,37166,1290,38456,570
2021-06-26,San Joaquin,077,732212,74146,3584,77730,1456
2021-06-26,San Luis Obispo,079,281455,21551,749,22300,257
2021-06-26,San Mateo,081,765935,42750,483,43233,548
2021-06-26,Santa Barbara,083,443738,34635,1122,35757,462
2021-06-26,Santa Clara,085,1922200,119521,764,120285,1752
2021-06-26,Santa Cruz,087,273765,16345,800,17145,209
2021-06-26,Shasta,089,179085,12608,1634,14242,205
2021-06-26,Sierra,091,2930,63,12,75,0
2021-06-26,Siskiyou,093,43540,1967,362,2329,33
2021-06-26,Solano,095,438530,33510,566,34076,269
2021-06-26,Sonoma,097,501317,31017,360,31377,316
2021-06-26,Stanislaus,099,539301,57152,5961,63113,1005
2021-06-26,Sutter,101,95872,9628,87,9715,126
2021-06-26,Tehama,103,63373,5153,582,5735,75
2021-06-26,Trinity,105,12862,494,95,589,5
2021-06-26,Tulare,107,460477,50479,9009,59488,884
2021-06-26,Tuolumne,109,53932,4084,44,4128,66
2021-06-26,Ventura,111,848112,81832,3005,84837,1041
2021-06-26,Yolo,113,214977,14187,265,14452,233
2021-06-26,Yuba,115,75493,6211,129,6340,49
2021-06-25,Alameda,001,1643700,89452,1945,91397,1270
2021-06-25,Alpine,002,1148,88,0,88,0
2021-06-25,Amador,005,37829,3756,32,3788,47
2021-06-25,Butte,007,227075,12776,1878,14654,201
2021-06-25,Calaveras,009,45235,2199,13,2212,57
2021-06-25,Colusa,011,21464,1968,319,2287,16
2021-06-25,Contra Costa,013,1133247,71070,1304,72374,823
2021-06-25,Del Norte,015,27424,1465,13,1478,8
2021-06-25,El Dorado,017,186661,10486,774,11260,116
2021-06-25,Fresno,019,978130,103449,8670,112119,1746
2021-06-25,Glenn,021,27897,2450,565,3015,27
2021-06-25,Humboldt,023,135768,4516,43,4559,49
2021-06-25,Imperial,025,180216,28800,2690,31490,745
2021-06-25,Inyo,027,18085,1412,12,1424,38
2021-06-25,Kern,029,883053,97925,11056,108981,1349
2021-06-25,Kings,031,150075,23261,1093,24354,248
2021-06-25,Lake,033,64148,3607,13,3620,63
2021-06-25,Lassen,035,31185,5281,115,5396,19
2021-06-25,Los Angeles,037,10098052,1213601,40714,1254315,24510
2021-06-25,Madera,039,155013,16803,935,17738,247
2021-06-25,Marin,041,260295,5756,201,5957,181
2021-06-25,Mariposa,043,17540,441,11,452,6
2021-06-25,Mendocino,045,87422,4182,83,4265,50
2021-06-25,Merced,047,269075,31230,1043,32273,502
2021-06-25,Modoc,049,8938,414,146,560,4
2021-06-25,Mono,051,14174,1267,18,1285,3
2021-06-25,Monterey,053,433212,43319,1836,45155,583
2021-06-25,Napa,055,140530,10008,35,10043,82
2021-06-25,Nevada,057,99092,4971,192,5163,71
2021-06-25,Orange,059,3164182,256828,11420,268248,5238
2021-06-25,Placer,061,380077,23870,1540,25410,305
2021-06-25,Plumas,063,18699,722,11,733,5
2021-06-25,Riverside,065,2383286,295670,13990,309660,4603
2021-06-25,Sacramento,067,1510023,108398,1822,110220,1689
2021-06-25,San Benito,069,59416,6092,113,6205,60
2021-06-25,San Bernardino,071,2135413,294708,8993,303701,5322
2021-06-25,San Diego,073,3302833,283190,15369,298559,3787
2021-06-25,San Francisco,075,870044,37143,1289,38432,570
2021-06-25,San Joaquin,077,732212,74113,3582,77695,1455
2021-06-25,San Luis Obispo,079,281455,21548,748,22296,256
2021-06-25,San Mateo,081,765935,42732,483,43215,548
2021-06-25,Santa Barbara,083,443738,34626,1121,35747,461
2021-06-25,Santa Clara,085,1922200,119501,764,120265,1752
2021-06-25,Santa Cruz,087,273765,16342,798,17140,209
2021-06-25,Shasta,089,179085,12598,1633,14231,205
2021-06-25,Sierra,091,2930,63,12,75,0
2021-06-25,Siskiyou,093,43540,1966,362,2328,33
2021-06-25,Solano,095,438530,33490,566,34056,268
2021-06-25,Sonoma,097,501317,30994,360,31354,315
2021-06-25,Stanislaus,099,539301,57136,5954,63090,1002
2021-06-25,Sutter,101,95872,9621,87,9708,126
2021-06-25,Tehama,103,63373,5152,582,5734,75
2021-06-25,Trinity,105,12862,494,95,589,5
2021-06-25,Tulare,107,460477,50472,9006,59478,884
2021-06-25,Tuolumne,109,53932,4083,44,4127,66
2021-06-25,Ventura,111,848112,81803,2999,84802,1041
2021-06-25,Yolo,113,214977,14181,265,14446,233
2021-06-25,Yuba,115,75493,6207,129,6336,49
2021-06-24,Alameda,001,1643700,89380,1942,91322,1267
2021-06-24,Alpine,002,1148,88,0,88,0
2021-06-24,Amador,005,37829,3752,32,3784,47
2021-06-24,Butte,007,227075,12770,1876,14646,201
2021-06-24,Calaveras,009,45235,2196,13,2209,57
2021-06-24,Colusa,011,21464,1967,319,2286,16
2021-06-24,Contra Costa,013,1133247,71011,1304,72315,822
2021-06-24,Del Norte,015,27424,1464,13,1477,8
2021-06-24,El Dorado,017,186661,10479,774,11253,116
2021-06-24,Fresno,019,978130,103429,8668,112097,1746
2021-06-24,Glenn,021,27897,2449,565,3014,27
2021-06-24,Humboldt,023,135768,4511,43,4554,49
2021-06-24,Imperial,025,180216,28797,2690,31487,745
2021-06-24,Inyo,027,18085,1411,12,1423,38
2021-06-24,Kern,029,883053,97906,11043,108949,1349
2021-06-24,Kings,031,150075,23257,1092,24349,248
2021-06-24,Lake,033,64148,3601,13,3614,63
2021-06-24,Lassen,035,31185,5280,115,5395,19
2021-06-24,Los Angeles,037,10098052,1213276,40691,1253967,24508
2021-06-24,Madera,039,155013,16792,934,17726,247
2021-06-24,Marin,041,260295,5752,201,5953,181
2021-06-24,Mariposa,043,17540,441,11,452,6
2021-06-24,Mendocino,045,87422,4174,83,4257,50
2021-06-24,Merced,047,269075,31220,1042,32262,502
2021-06-24,Modoc,049,8938,414,146,560,4
2021-06-24,Mono,051,14174,1267,18,1285,3
2021-06-24,Monterey,053,433212,43312,1836,45148,583
2021-06-24,Napa,055,140530,10006,35,10041,82
2021-06-24,Nevada,057,99092,4969,192,5161,71
2021-06-24,Orange,059,3164182,256764,11412,268176,5236
2021-06-24,Placer,061,380077,23845,1538,25383,305
2021-06-24,Plumas,063,18699,721,11,732,5
2021-06-24,Riverside,065,2383286,295589,13979,309568,4601
2021-06-24,Sacramento,067,1510023,108310,1820,110130,1689
2021-06-24,San Benito,069,59416,6089,113,6202,60
2021-06-24,San Bernardino,071,2135413,294637,8987,303624,5322
2021-06-24,San Diego,073,3302833,283086,15356,298442,3787
2021-06-24,San Francisco,075,870044,37121,1287,38408,570
2021-06-24,San Joaquin,077,732212,74065,3582,77647,1455
2021-06-24,San Luis Obispo,079,281455,21542,748,22290,256
2021-06-24,San Mateo,081,765935,42706,482,43188,548
2021-06-24,Santa Barbara,083,443738,34620,1120,35740,461
2021-06-24,Santa Clara,085,1922200,119470,763,120233,1752
2021-06-24,Santa Cruz,087,273765,16341,798,17139,209
2021-06-24,Shasta,089,179085,12593,1629,14222,205
2021-06-24,Sierra,091,2930,63,12,75,0
2021-06-24,Siskiyou,093,43540,1966,362,2328,33
2021-06-24,Solano,095,438530,33467,564,34031,268
2021-06-24,Sonoma,097,501317,30965,360,31325,315
2021-06-24,Stanislaus,099,539301,57110,5954,63064,1001
2021-06-24,Sutter,101,95872,9614,87,9701,126
2021-06-24,Tehama,103,63373,5149,582,5731,75
2021-06-24,Trinity,105,12862,493,95,588,5
2021-06-24,Tulare,107,460477,50461,9004,59465,884
2021-06-24,Tuolumne,109,53932,4081,44,4125,66
2021-06-24,Ventura,111,848112,81775,2998,84773,1041
2021-06-24,Yolo,113,214977,14172,262,14434,233
2021-06-24,Yuba,115,75493,6202,129,6331,49
2021-06-23,Alameda,001,1643700,89308,1941,91249,1267
2021-06-23,Alpine,002,1148,88,0,88,0
2021-06-23,Amador,005,37829,3750,32,3782,47
2021-06-23,Butte,007,227075,12763,1876,14639,201
2021-06-23,Calaveras,009,45235,2195,13,2208,57
2021-06-23,Colusa,011,21464,1966,319,2285,16
2021-06-23,Contra Costa,013,1133247,70946,1303,72249,822
2021-06-23,Del Norte,015,27424,1460,13,1473,8
2021-06-23,El Dorado,017,186661,10469,771,11240,115
2021-06-23,Fresno,019,978130,103400,8666,112066,1746
2021-06-23,Glenn,021,27897,2449,564,3013,27
2021-06-23,Humboldt,023,135768,4502,43,4545,48
2021-06-23,Imperial,025,180216,28790,2690,31480,745
2021-06-23,Inyo,027,18085,1411,12,1423,38
2021-06-23,Kern,029,883053,97878,11030,108908,1349
2021-06-23,Kings,031,150075,23250,1090,24340,248
2021-06-23,Lake,033,64148,3592,13,3605,63
2021-06-23,Lassen,035,31185,5277,115,5392,19
2021-06-23,Los Angeles,037,10098052,1212939,40681,1253620,24504
2021-06-23,Madera,039,155013,16785,934,17719,246
2021-06-23,Marin,041,260295,5746,201,5947,181
2021-06-23,Mariposa,043,17540,441,11,452,6
2021-06-23,Mendocino,045,87422,4170,83,4253,50
2021-06-23,Merced,047,269075,31211,1042,32253,502
2021-06-23,Modoc,049,8938,412,146,558,4
2021-06-23,Mono,051,14174,1267,18,1285,3
2021-06-23,Monterey,053,433212,43303,1836,45139,583
2021-06-23,Napa,055,140530,9997,35,10032,82
2021-06-23,Nevada,057,99092,4966,192,5158,71
2021-06-23,Orange,059,3164182,256698,11404,268102,5236
2021-06-23,Placer,061,380077,23816,1533,25349,304
2021-06-23,Plumas,063,18699,720,11,731,5
2021-06-23,Riverside,065,2383286,295506,13977,309483,4601
2021-06-23,Sacramento,067,1510023,108217,1815,110032,1689
2021-06-23,San Benito,069,59416,6085,113,6198,60
2021-06-23,San Bernardino,071,2135413,294558,8982,303540,5322
2021-06-23,San Diego,073,3302833,282986,15335,298321,3787
2021-06-23,San Francisco,075,870044,37096,1285,38381,570
2021-06-23,San Joaquin,077,732212,74026,3580,77606,1455
2021-06-23,San Luis Obispo,079,281455,21538,747,22285,256
2021-06-23,San Mateo,081,765935,42690,482,43172,548
2021-06-23,Santa Barbara,083,443738,34610,1120,35730,461
2021-06-23,Santa Clara,085,1922200,119441,763,120204,1752
2021-06-23,Santa Cruz,087,273765,16337,798,17135,209
2021-06-23,Shasta,089,179085,12586,1627,14213,204
2021-06-23,Sierra,091,2930,63,12,75,0
2021-06-23,Siskiyou,093,43540,1964,362,2326,33
2021-06-23,Solano,095,438530,33423,564,33987,268
2021-06-23,Sonoma,097,501317,30925,358,31283,315
2021-06-23,Stanislaus,099,539301,57080,5953,63033,1000
2021-06-23,Sutter,101,95872,9608,87,9695,126
2021-06-23,Tehama,103,63373,5149,581,5730,75
2021-06-23,Trinity,105,12862,493,95,588,5
2021-06-23,Tulare,107,460477,50454,9001,59455,884
2021-06-23,Tuolumne,109,53932,4078,44,4122,66
2021-06-23,Ventura,111,848112,81752,2995,84747,1040
2021-06-23,Yolo,113,214977,14162,262,14424,233
2021-06-23,Yuba,115,75493,6199,129,6328,49
2021-06-22,Alameda,001,1643700,89241,1941,91182,1267
2021-06-22,Alpine,002,1148,88,0,88,0
2021-06-22,Amador,005,37829,3747,32,3779,47
2021-06-22,Butte,007,227075,12759,1873,14632,201
2021-06-22,Calaveras,009,45235,2194,13,2207,57
2021-06-22,Colusa,011,21464,1965,319,2284,16
2021-06-22,Contra Costa,013,1133247,70890,1302,72192,822
2021-06-22,Del Norte,015,27424,1457,13,1470,8
2021-06-22,El Dorado,017,186661,10464,770,11234,115
2021-06-22,Fresno,019,978130,103380,8662,112042,1746
2021-06-22,Glenn,021,27897,2448,562,3010,27
2021-06-22,Humboldt,023,135768,4492,43,4535,48
2021-06-22,Imperial,025,180216,28785,2690,31475,745
2021-06-22,Inyo,027,18085,1411,12,1423,38
2021-06-22,Kern,029,883053,97865,11026,108891,1348
2021-06-22,Kings,031,150075,23242,1089,24331,248
2021-06-22,Lake,033,64148,3590,13,3603,63
2021-06-22,Lassen,035,31185,5272,115,5387,19
2021-06-22,Los Angeles,037,10098052,1212623,40669,1253292,24502
2021-06-22,Madera,039,155013,16780,934,17714,246
2021-06-22,Marin,041,260295,5744,201,5945,181
2021-06-22,Mariposa,043,17540,441,11,452,6
2021-06-22,Mendocino,045,87422,4164,83,4247,50
2021-06-22,Merced,047,269075,31200,1042,32242,502
2021-06-22,Modoc,049,8938,410,145,555,4
2021-06-22,Mono,051,14174,1267,18,1285,3
2021-06-22,Monterey,053,433212,43300,1835,45135,583
2021-06-22,Napa,055,140530,9993,35,10028,81
2021-06-22,Nevada,057,99092,4960,192,5152,71
2021-06-22,Orange,059,3164182,256629,11393,268022,5235
2021-06-22,Placer,061,380077,23794,1533,25327,304
2021-06-22,Plumas,063,18699,720,11,731,5
2021-06-22,Riverside,065,2383286,295445,13973,309418,4601
2021-06-22,Sacramento,067,1510023,108116,1810,109926,1689
2021-06-22,San Benito,069,59416,6084,113,6197,60
2021-06-22,San Bernardino,071,2135413,294482,8976,303458,5322
2021-06-22,San Diego,073,3302833,282882,15312,298194,3786
2021-06-22,San Francisco,075,870044,37082,1285,38367,570
2021-06-22,San Joaquin,077,732212,73996,3578,77574,1454
2021-06-22,San Luis Obispo,079,281455,21535,746,22281,256
2021-06-22,San Mateo,081,765935,42676,477,43153,548
2021-06-22,Santa Barbara,083,443738,34599,1119,35718,461
2021-06-22,Santa Clara,085,1922200,119409,763,120172,1752
2021-06-22,Santa Cruz,087,273765,16332,798,17130,209
2021-06-22,Shasta,089,179085,12575,1624,14199,204
2021-06-22,Sierra,091,2930,62,12,74,0
2021-06-22,Siskiyou,093,43540,1964,362,2326,33
2021-06-22,Solano,095,438530,33405,563,33968,268
2021-06-22,Sonoma,097,501317,30885,358,31243,315
2021-06-22,Stanislaus,099,539301,57064,5951,63015,1000
2021-06-22,Sutter,101,95872,9601,87,9688,126
2021-06-22,Tehama,103,63373,5147,580,5727,75
2021-06-22,Trinity,105,12862,491,95,586,5
2021-06-22,Tulare,107,460477,50446,8996,59442,884
2021-06-22,Tuolumne,109,53932,4076,44,4120,66
2021-06-22,Ventura,111,848112,81738,2994,84732,1040
2021-06-22,Yolo,113,214977,14157,260,14417,233
2021-06-22,Yuba,115,75493,6195,129,6324,49
2021-06-21,Alameda,001,1643700,89185,1940,91125,1267
2021-06-21,Alpine,002,1148,88,0,88,0
2021-06-21,Amador,005,37829,3741,32,3773,47
2021-06-21,Butte,007,227075,12753,1871,14624,201
2021-06-21,Calaveras,009,45235,2192,13,2205,57
2021-06-21,Colusa,011,21464,1964,318,2282,16
2021-06-21,Contra Costa,013,1133247,70820,1301,72121,822
2021-06-21,Del Norte,015,27424,1453,13,1466,8
2021-06-21,El Dorado,017,186661,10458,769,11227,115
2021-06-21,Fresno,019,978130,103360,8659,112019,1745
2021-06-21,Glenn,021,27897,2447,562,3009,27
2021-06-21,Humboldt,023,135768,4483,42,4525,48
2021-06-21,Imperial,025,180216,28781,2690,31471,745
2021-06-21,Inyo,027,18085,1410,12,1422,38
2021-06-21,Kern,029,883053,97836,11018,108854,1347
2021-06-21,Kings,031,150075,23235,1086,24321,248
2021-06-21,Lake,033,64148,3584,13,3597,63
2021-06-21,Lassen,035,31185,5270,115,5385,19
2021-06-21,Los Angeles,037,10098052,1212329,40647,1252976,24501
2021-06-21,Madera,039,155013,16771,934,17705,246
2021-06-21,Marin,041,260295,5740,201,5941,181
2021-06-21,Mariposa,043,17540,441,11,452,6
2021-06-21,Mendocino,045,87422,4161,83,4244,50
2021-06-21,Merced,047,269075,31190,1041,32231,502
2021-06-21,Modoc,049,8938,410,145,555,4
2021-06-21,Mono,051,14174,1267,18,1285,3
2021-06-21,Monterey,053,433212,43297,1835,45132,583
2021-06-21,Napa,055,140530,9988,35,10023,81
2021-06-21,Nevada,057,99092,4956,192,5148,71
2021-06-21,Orange,059,3164182,256556,11386,267942,5234
2021-06-21,Placer,061,380077,23770,1533,25303,304
2021-06-21,Plumas,063,18699,718,11,729,5
2021-06-21,Riverside,065,2383286,295369,13968,309337,4601
2021-06-21,Sacramento,067,1510023,108005,1809,109814,1687
2021-06-21,San Benito,069,59416,6080,113,6193,60
2021-06-21,San Bernardino,071,2135413,294395,8972,303367,5319
2021-06-21,San Diego,073,3302833,282777,15292,298069,3784
2021-06-21,San Francisco,075,870044,37066,1284,38350,570
2021-06-21,San Joaquin,077,732212,73955,3577,77532,1454
2021-06-21,San Luis Obispo,079,281455,21526,746,22272,256
2021-06-21,San Mateo,081,765935,42660,476,43136,548
2021-06-21,Santa Barbara,083,443738,34594,1119,35713,460
2021-06-21,Santa Clara,085,1922200,119376,762,120138,1752
2021-06-21,Santa Cruz,087,273765,16330,798,17128,209
2021-06-21,Shasta,089,179085,12562,1621,14183,204
2021-06-21,Sierra,091,2930,62,12,74,0
2021-06-21,Siskiyou,093,43540,1964,362,2326,33
2021-06-21,Solano,095,438530,33382,562,33944,268
2021-06-21,Sonoma,097,501317,30862,358,31220,315
2021-06-21,Stanislaus,099,539301,57034,5946,62980,999
2021-06-21,Sutter,101,95872,9598,87,9685,126
2021-06-21,Tehama,103,63373,5147,579,5726,75
2021-06-21,Trinity,105,12862,491,95,586,5
2021-06-21,Tulare,107,460477,50435,8992,59427,884
2021-06-21,Tuolumne,109,53932,4072,44,4116,66
2021-06-21,Ventura,111,848112,81710,2990,84700,1040
2021-06-21,Yolo,113,214977,14151,260,14411,233
2021-06-21,Yuba,115,75493,6194,129,6323,49
2021-06-20,Alameda,001,1643700,89120,1939,91059,1267
2021-06-20,Alpine,002,1148,88,0,88,0
2021-06-20,Amador,005,37829,3738,32,3770,47
2021-06-20,Butte,007,227075,12746,1870,14616,201
2021-06-20,Calaveras,009,45235,2191,13,2204,56
2021-06-20,Colusa,011,21464,1964,318,2282,16
2021-06-20,Contra Costa,013,1133247,70763,1299,72062,822
2021-06-20,Del Norte,015,27424,1449,13,1462,8
2021-06-20,El Dorado,017,186661,10444,766,11210,115
2021-06-20,Fresno,019,978130,103318,8656,111974,1744
2021-06-20,Glenn,021,27897,2447,562,3009,27
2021-06-20,Humboldt,023,135768,4477,42,4519,48
2021-06-20,Imperial,025,180216,28772,2690,31462,745
2021-06-20,Inyo,027,18085,1409,12,1421,38
2021-06-20,Kern,029,883053,97815,11007,108822,1347
2021-06-20,Kings,031,150075,23230,1084,24314,248
2021-06-20,Lake,033,64148,3582,13,3595,63
2021-06-20,Lassen,035,31185,5267,115,5382,19
2021-06-20,Los Angeles,037,10098052,1212024,40639,1252663,24499
2021-06-20,Madera,039,155013,16763,932,17695,246
2021-06-20,Marin,041,260295,5737,201,5938,180
2021-06-20,Mariposa,043,17540,439,11,450,6
2021-06-20,Mendocino,045,87422,4154,83,4237,50
2021-06-20,Merced,047,269075,31178,1041,32219,501
2021-06-20,Modoc,049,8938,410,145,555,4
2021-06-20,Mono,051,14174,1267,18,1285,3
2021-06-20,Monterey,053,433212,43288,1834,45122,583
2021-06-20,Napa,055,140530,9981,34,10015,81
2021-06-20,Nevada,057,99092,4949,192,5141,71
2021-06-20,Orange,059,3164182,256492,11375,267867,5234
2021-06-20,Placer,061,380077,23736,1529,25265,304
2021-06-20,Plumas,063,18699,717,11,728,5
2021-06-20,Riverside,065,2383286,295290,13957,309247,4600
2021-06-20,Sacramento,067,1510023,107893,1806,109699,1686
2021-06-20,San Benito,069,59416,6080,113,6193,60
2021-06-20,San Bernardino,071,2135413,294294,8968,303262,5319
2021-06-20,San Diego,073,3302833,282671,15270,297941,3784
2021-06-20,San Francisco,075,870044,37043,1284,38327,570
2021-06-20,San Joaquin,077,732212,73910,3568,77478,1454
2021-06-20,San Luis Obispo,079,281455,21524,746,22270,256
2021-06-20,San Mateo,081,765935,42631,476,43107,548
2021-06-20,Santa Barbara,083,443738,34585,1119,35704,460
2021-06-20,Santa Clara,085,1922200,119341,762,120103,1752
2021-06-20,Santa Cruz,087,273765,16325,798,17123,209
2021-06-20,Shasta,089,179085,12557,1619,14176,203
2021-06-20,Sierra,091,2930,62,12,74,0
2021-06-20,Siskiyou,093,43540,1963,362,2325,33
2021-06-20,Solano,095,438530,33360,560,33920,268
2021-06-20,Sonoma,097,501317,30815,355,31170,315
2021-06-20,Stanislaus,099,539301,57001,5945,62946,998
2021-06-20,Sutter,101,95872,9595,87,9682,126
2021-06-20,Tehama,103,63373,5143,579,5722,75
2021-06-20,Trinity,105,12862,491,95,586,4
2021-06-20,Tulare,107,460477,50426,8990,59416,884
2021-06-20,Tuolumne,109,53932,4069,44,4113,66
2021-06-20,Ventura,111,848112,81694,2988,84682,1040
2021-06-20,Yolo,113,214977,14144,260,14404,233
2021-06-20,Yuba,115,75493,6187,129,6316,49
2021-06-19,Alameda,001,1643700,89085,1939,91024,1267
2021-06-19,Alpine,002,1148,88,0,88,0
2021-06-19,Amador,005,37829,3736,32,3768,47
2021-06-19,Butte,007,227075,12742,1870,14612,201
2021-06-19,Calaveras,009,45235,2191,13,2204,56
2021-06-19,Colusa,011,21464,1964,318,2282,16
2021-06-19,Contra Costa,013,1133247,70732,1298,72030,822
2021-06-19,Del Norte,015,27424,1448,13,1461,8
2021-06-19,El Dorado,017,186661,10443,765,11208,115
2021-06-19,Fresno,019,978130,103305,8655,111960,1744
2021-06-19,Glenn,021,27897,2446,561,3007,27
2021-06-19,Humboldt,023,135768,4466,42,4508,48
2021-06-19,Imperial,025,180216,28771,2690,31461,745
2021-06-19,Inyo,027,18085,1409,12,1421,38
2021-06-19,Kern,029,883053,97799,11003,108802,1347
2021-06-19,Kings,031,150075,23227,1084,24311,248
2021-06-19,Lake,033,64148,3578,13,3591,63
2021-06-19,Lassen,035,31185,5266,115,5381,19
2021-06-19,Los Angeles,037,10098052,1211820,40624,1252444,24496
2021-06-19,Madera,039,155013,16761,932,17693,246
2021-06-19,Marin,041,260295,5729,201,5930,179
2021-06-19,Mariposa,043,17540,439,11,450,6
2021-06-19,Mendocino,045,87422,4149,83,4232,50
2021-06-19,Merced,047,269075,31176,1041,32217,501
2021-06-19,Modoc,049,8938,409,145,554,4
2021-06-19,Mono,051,14174,1267,18,1285,3
2021-06-19,Monterey,053,433212,43282,1834,45116,583
2021-06-19,Napa,055,140530,9977,34,10011,81
2021-06-19,Nevada,057,99092,4944,192,5136,71
2021-06-19,Orange,059,3164182,256446,11372,267818,5233
2021-06-19,Placer,061,380077,23720,1526,25246,304
2021-06-19,Plumas,063,18699,716,11,727,5
2021-06-19,Riverside,065,2383286,295244,13957,309201,4600
2021-06-19,Sacramento,067,1510023,107846,1803,109649,1685
2021-06-19,San Benito,069,59416,6079,113,6192,60
2021-06-19,San Bernardino,071,2135413,294251,8966,303217,5319
2021-06-19,San Diego,073,3302833,282611,15256,297867,3784
2021-06-19,San Francisco,075,870044,37030,1284,38314,570
2021-06-19,San Joaquin,077,732212,73894,3564,77458,1454
2021-06-19,San Luis Obispo,079,281455,21522,744,22266,256
2021-06-19,San Mateo,081,765935,42613,474,43087,548
2021-06-19,Santa Barbara,083,443738,34583,1119,35702,460
2021-06-19,Santa Clara,085,1922200,119318,761,120079,1752
2021-06-19,Santa Cruz,087,273765,16320,798,17118,209
2021-06-19,Shasta,089,179085,12555,1618,14173,203
2021-06-19,Sierra,091,2930,62,12,74,0
2021-06-19,Siskiyou,093,43540,1963,362,2325,33
2021-06-19,Solano,095,438530,33350,559,33909,268
2021-06-19,Sonoma,097,501317,30774,355,31129,315
2021-06-19,Stanislaus,099,539301,56982,5942,62924,998
2021-06-19,Sutter,101,95872,9592,87,9679,126
2021-06-19,Tehama,103,63373,5142,579,5721,75
2021-06-19,Trinity,105,12862,491,95,586,4
2021-06-19,Tulare,107,460477,50419,8985,59404,884
2021-06-19,Tuolumne,109,53932,4069,44,4113,66
2021-06-19,Ventura,111,848112,81681,2987,84668,1040
2021-06-19,Yolo,113,214977,14140,259,14399,233
2021-06-19,Yuba,115,75493,6186,129,6315,48
2021-06-18,Alameda,001,1643700,89048,1939,90987,1267
2021-06-18,Alpine,002,1148,88,0,88,0
2021-06-18,Amador,005,37829,3736,32,3768,47
2021-06-18,Butte,007,227075,12739,1867,14606,201
2021-06-18,Calaveras,009,45235,2191,13,2204,56
2021-06-18,Colusa,011,21464,1963,318,2281,16
2021-06-18,Contra Costa,013,1133247,70690,1296,71986,821
2021-06-18,Del Norte,015,27424,1448,13,1461,8
2021-06-18,El Dorado,017,186661,10440,763,11203,115
2021-06-18,Fresno,019,978130,103289,8653,111942,1744
2021-06-18,Glenn,021,27897,2445,561,3006,27
2021-06-18,Humboldt,023,135768,4458,42,4500,48
2021-06-18,Imperial,025,180216,28769,2690,31459,745
2021-06-18,Inyo,027,18085,1409,12,1421,38
2021-06-18,Kern,029,883053,97788,10997,108785,1347
2021-06-18,Kings,031,150075,23222,1084,24306,248
2021-06-18,Lake,033,64148,3574,13,3587,63
2021-06-18,Lassen,035,31185,5265,115,5380,19
2021-06-18,Los Angeles,037,10098052,1211653,40608,1252261,24495
2021-06-18,Madera,039,155013,16755,932,17687,246
2021-06-18,Marin,041,260295,5726,201,5927,179
2021-06-18,Mariposa,043,17540,439,11,450,6
2021-06-18,Mendocino,045,87422,4144,83,4227,50
2021-06-18,Merced,047,269075,31174,1041,32215,501
2021-06-18,Modoc,049,8938,409,145,554,4
2021-06-18,Mono,051,14174,1266,17,1283,3
2021-06-18,Monterey,053,433212,43279,1834,45113,583
2021-06-18,Napa,055,140530,9973,34,10007,81
2021-06-18,Nevada,057,99092,4936,192,5128,71
2021-06-18,Orange,059,3164182,256409,11369,267778,5232
2021-06-18,Placer,061,380077,23712,1523,25235,304
2021-06-18,Plumas,063,18699,716,11,727,5
2021-06-18,Riverside,065,2383286,295195,13956,309151,4600
2021-06-18,Sacramento,067,1510023,107798,1803,109601,1685
2021-06-18,San Benito,069,59416,6078,113,6191,60
2021-06-18,San Bernardino,071,2135413,294207,8962,303169,5318
2021-06-18,San Diego,073,3302833,282535,15245,297780,3783
2021-06-18,San Francisco,075,870044,37021,1284,38305,570
2021-06-18,San Joaquin,077,732212,73876,3562,77438,1454
2021-06-18,San Luis Obispo,079,281455,21518,742,22260,256
2021-06-18,San Mateo,081,765935,42602,473,43075,548
2021-06-18,Santa Barbara,083,443738,34573,1119,35692,459
2021-06-18,Santa Clara,085,1922200,119297,759,120056,1751
2021-06-18,Santa Cruz,087,273765,16316,798,17114,209
2021-06-18,Shasta,089,179085,12551,1616,14167,203
2021-06-18,Sierra,091,2930,61,12,73,0
2021-06-18,Siskiyou,093,43540,1963,362,2325,33
2021-06-18,Solano,095,438530,33336,559,33895,268
2021-06-18,Sonoma,097,501317,30756,354,31110,315
2021-06-18,Stanislaus,099,539301,56967,5940,62907,997
2021-06-18,Sutter,101,95872,9589,87,9676,126
2021-06-18,Tehama,103,63373,5140,579,5719,75
2021-06-18,Trinity,105,12862,491,94,585,4
2021-06-18,Tulare,107,460477,50417,8978,59395,884
2021-06-18,Tuolumne,109,53932,4066,44,4110,66
2021-06-18,Ventura,111,848112,81671,2982,84653,1040
2021-06-18,Yolo,113,214977,14137,257,14394,233
2021-06-18,Yuba,115,75493,6180,129,6309,48
2021-06-17,Alameda,001,1643700,89002,1939,90941,1267
2021-06-17,Alpine,002,1148,88,0,88,0
2021-06-17,Amador,005,37829,3734,32,3766,47
2021-06-17,Butte,007,227075,12729,1866,14595,201
2021-06-17,Calaveras,009,45235,2190,13,2203,56
2021-06-17,Colusa,011,21464,1962,318,2280,16
2021-06-17,Contra Costa,013,1133247,70651,1292,71943,821
2021-06-17,Del Norte,015,27424,1446,13,1459,8
2021-06-17,El Dorado,017,186661,10430,763,11193,115
2021-06-17,Fresno,019,978130,103263,8649,111912,1744
2021-06-17,Glenn,021,27897,2445,561,3006,27
2021-06-17,Humboldt,023,135768,4449,42,4491,48
2021-06-17,Imperial,025,180216,28761,2690,31451,745
2021-06-17,Inyo,027,18085,1409,12,1421,38
2021-06-17,Kern,029,883053,97773,10991,108764,1345
2021-06-17,Kings,031,150075,23218,1083,24301,248
2021-06-17,Lake,033,64148,3571,9,3580,63
2021-06-17,Lassen,035,31185,5261,115,5376,19
2021-06-17,Los Angeles,037,10098052,1211438,40581,1252019,24491
2021-06-17,Madera,039,155013,16750,932,17682,246
2021-06-17,Marin,041,260295,5726,201,5927,178
2021-06-17,Mariposa,043,17540,439,11,450,6
2021-06-17,Mendocino,045,87422,4137,83,4220,50
2021-06-17,Merced,047,269075,31169,1041,32210,500
2021-06-17,Modoc,049,8938,408,145,553,4
2021-06-17,Mono,051,14174,1265,17,1282,3
2021-06-17,Monterey,053,433212,43271,1834,45105,583
2021-06-17,Napa,055,140530,9973,34,10007,81
2021-06-17,Nevada,057,99092,4932,192,5124,71
2021-06-17,Orange,059,3164182,256364,11359,267723,5232
2021-06-17,Placer,061,380077,23696,1521,25217,304
2021-06-17,Plumas,063,18699,715,11,726,5
2021-06-17,Riverside,065,2383286,295140,13954,309094,4600
2021-06-17,Sacramento,067,1510023,107734,1801,109535,1684
2021-06-17,San Benito,069,59416,6078,113,6191,60
2021-06-17,San Bernardino,071,2135413,294166,8962,303128,5317
2021-06-17,San Diego,073,3302833,282459,15231,297690,3782
2021-06-17,San Francisco,075,870044,37009,1283,38292,570
2021-06-17,San Joaquin,077,732212,73853,3557,77410,1454
2021-06-17,San Luis Obispo,079,281455,21516,742,22258,256
2021-06-17,San Mateo,081,765935,42596,473,43069,548
2021-06-17,Santa Barbara,083,443738,34567,1119,35686,459
2021-06-17,Santa Clara,085,1922200,119272,758,120030,1751
2021-06-17,Santa Cruz,087,273765,16312,798,17110,209
2021-06-17,Shasta,089,179085,12543,1616,14159,203
2021-06-17,Sierra,091,2930,61,12,73,0
2021-06-17,Siskiyou,093,43540,1962,362,2324,33
2021-06-17,Solano,095,438530,33315,558,33873,268
2021-06-17,Sonoma,097,501317,30726,354,31080,315
2021-06-17,Stanislaus,099,539301,56936,5935,62871,997
2021-06-17,Sutter,101,95872,9586,87,9673,126
2021-06-17,Tehama,103,63373,5139,577,5716,75
2021-06-17,Trinity,105,12862,490,94,584,4
2021-06-17,Tulare,107,460477,50412,8970,59382,884
2021-06-17,Tuolumne,109,53932,4065,44,4109,66
2021-06-17,Ventura,111,848112,81662,2979,84641,1040
2021-06-17,Yolo,113,214977,14129,257,14386,233
2021-06-17,Yuba,115,75493,6171,129,6300,48
2021-06-16,Alameda,001,1643700,88953,1938,90891,1266
2021-06-16,Alpine,002,1148,88,0,88,0
2021-06-16,Amador,005,37829,3733,32,3765,47
2021-06-16,Butte,007,227075,12727,1864,14591,201
2021-06-16,Calaveras,009,45235,2188,13,2201,56
2021-06-16,Colusa,011,21464,1962,318,2280,16
2021-06-16,Contra Costa,013,1133247,70599,1291,71890,821
2021-06-16,Del Norte,015,27424,1443,13,1456,8
2021-06-16,El Dorado,017,186661,10424,762,11186,115
2021-06-16,Fresno,019,978130,103232,8645,111877,1741
2021-06-16,Glenn,021,27897,2445,561,3006,27
2021-06-16,Humboldt,023,135768,4440,41,4481,48
2021-06-16,Imperial,025,180216,28758,2690,31448,745
2021-06-16,Inyo,027,18085,1408,12,1420,38
2021-06-16,Kern,029,883053,97751,10984,108735,1345
2021-06-16,Kings,031,150075,23217,1082,24299,248
2021-06-16,Lake,033,64148,3571,9,3580,63
2021-06-16,Lassen,035,31185,5258,115,5373,19
2021-06-16,Los Angeles,037,10098052,1211214,40571,1251785,24490
2021-06-16,Madera,039,155013,16746,932,17678,246
2021-06-16,Marin,041,260295,5724,201,5925,178
2021-06-16,Mariposa,043,17540,439,11,450,6
2021-06-16,Mendocino,045,87422,4129,83,4212,50
2021-06-16,Merced,047,269075,31161,1041,32202,500
2021-06-16,Modoc,049,8938,407,144,551,4
2021-06-16,Mono,051,14174,1265,17,1282,3
2021-06-16,Monterey,053,433212,43268,1834,45102,583
2021-06-16,Napa,055,140530,9969,34,10003,81
2021-06-16,Nevada,057,99092,4927,192,5119,71
2021-06-16,Orange,059,3164182,256310,11351,267661,5232
2021-06-16,Placer,061,380077,23686,1517,25203,304
2021-06-16,Plumas,063,18699,715,11,726,5
2021-06-16,Riverside,065,2383286,295078,13952,309030,4599
2021-06-16,Sacramento,067,1510023,107664,1797,109461,1683
2021-06-16,San Benito,069,59416,6078,113,6191,60
2021-06-16,San Bernardino,071,2135413,294117,8960,303077,5316
2021-06-16,San Diego,073,3302833,282380,15218,297598,3782
2021-06-16,San Francisco,075,870044,36996,1281,38277,570
2021-06-16,San Joaquin,077,732212,73815,3553,77368,1452
2021-06-16,San Luis Obispo,079,281455,21511,742,22253,256
2021-06-16,San Mateo,081,765935,42580,473,43053,548
2021-06-16,Santa Barbara,083,443738,34561,1119,35680,459
2021-06-16,Santa Clara,085,1922200,119240,758,119998,1751
2021-06-16,Santa Cruz,087,273765,16309,798,17107,209
2021-06-16,Shasta,089,179085,12538,1615,14153,202
2021-06-16,Sierra,091,2930,61,12,73,0
2021-06-16,Siskiyou,093,43540,1961,362,2323,33
2021-06-16,Solano,095,438530,33287,558,33845,268
2021-06-16,Sonoma,097,501317,30690,354,31044,315
2021-06-16,Stanislaus,099,539301,56905,5933,62838,997
2021-06-16,Sutter,101,95872,9582,87,9669,126
2021-06-16,Tehama,103,63373,5137,577,5714,75
2021-06-16,Trinity,105,12862,489,94,583,4
2021-06-16,Tulare,107,460477,50407,8966,59373,884
2021-06-16,Tuolumne,109,53932,4065,44,4109,66
2021-06-16,Ventura,111,848112,81648,2977,84625,1040
2021-06-16,Yolo,113,214977,14120,256,14376,233
2021-06-16,Yuba,115,75493,6161,129,6290,48
2021-06-15,Alameda,001,1643700,88912,1938,90850,1265
2021-06-15,Alpine,002,1148,88,0,88,0
2021-06-15,Amador,005,37829,3730,32,3762,47
2021-06-15,Butte,007,227075,12719,1863,14582,200
2021-06-15,Calaveras,009,45235,2187,13,2200,56
2021-06-15,Colusa,011,21464,1962,316,2278,16
2021-06-15,Contra Costa,013,1133247,70537,1291,71828,821
2021-06-15,Del Norte,015,27424,1442,13,1455,8
2021-06-15,El Dorado,017,186661,10415,762,11177,115
2021-06-15,Fresno,019,978130,103200,8644,111844,1741
2021-06-15,Glenn,021,27897,2444,561,3005,27
2021-06-15,Humboldt,023,135768,4431,40,4471,48
2021-06-15,Imperial,025,180216,28752,2690,31442,745
2021-06-15,Inyo,027,18085,1408,12,1420,38
2021-06-15,Kern,029,883053,97723,10976,108699,1345
2021-06-15,Kings,031,150075,23211,1080,24291,248
2021-06-15,Lake,033,64148,3570,9,3579,63
2021-06-15,Lassen,035,31185,5257,115,5372,19
2021-06-15,Los Angeles,037,10098052,1210989,40563,1251552,24486
2021-06-15,Madera,039,155013,16739,931,17670,246
2021-06-15,Marin,041,260295,5716,201,5917,178
2021-06-15,Mariposa,043,17540,439,11,450,6
2021-06-15,Mendocino,045,87422,4122,83,4205,50
2021-06-15,Merced,047,269075,31155,1041,32196,500
2021-06-15,Modoc,049,8938,406,144,550,4
2021-06-15,Mono,051,14174,1265,17,1282,3
2021-06-15,Monterey,053,433212,43262,1834,45096,583
2021-06-15,Napa,055,140530,9967,34,10001,81
2021-06-15,Nevada,057,99092,4924,192,5116,71
2021-06-15,Orange,059,3164182,256269,11342,267611,5232
2021-06-15,Placer,061,380077,23664,1516,25180,304
2021-06-15,Plumas,063,18699,714,11,725,5
2021-06-15,Riverside,065,2383286,295018,13948,308966,4598
2021-06-15,Sacramento,067,1510023,107589,1791,109380,1683
2021-06-15,San Benito,069,59416,6077,113,6190,60
2021-06-15,San Bernardino,071,2135413,294067,8954,303021,5316
2021-06-15,San Diego,073,3302833,282296,15203,297499,3781
2021-06-15,San Francisco,075,870044,36987,1280,38267,570
2021-06-15,San Joaquin,077,732212,73775,3548,77323,1451
2021-06-15,San Luis Obispo,079,281455,21506,741,22247,256
2021-06-15,San Mateo,081,765935,42567,473,43040,548
2021-06-15,Santa Barbara,083,443738,34556,1119,35675,459
2021-06-15,Santa Clara,085,1922200,119202,758,119960,1751
2021-06-15,Santa Cruz,087,273765,16303,797,17100,209
2021-06-15,Shasta,089,179085,12532,1615,14147,202
2021-06-15,Sierra,091,2930,60,12,72,0
2021-06-15,Siskiyou,093,43540,1960,362,2322,33
2021-06-15,Solano,095,438530,33268,558,33826,268
2021-06-15,Sonoma,097,501317,30651,353,31004,314
2021-06-15,Stanislaus,099,539301,56877,5930,62807,997
2021-06-15,Sutter,101,95872,9573,87,9660,126
2021-06-15,Tehama,103,63373,5135,577,5712,75
2021-06-15,Trinity,105,12862,488,93,581,4
2021-06-15,Tulare,107,460477,50401,8963,59364,884
2021-06-15,Tuolumne,109,53932,4065,44,4109,66
2021-06-15,Ventura,111,848112,81637,2974,84611,1040
2021-06-15,Yolo,113,214977,14116,254,14370,233
2021-06-15,Yuba,115,75493,6150,129,6279,48
2021-06-14,Alameda,001,1643700,88864,1938,90802,1265
2021-06-14,Alpine,002,1148,88,0,88,0
2021-06-14,Amador,005,37829,3729,32,3761,47
2021-06-14,Butte,007,227075,12708,1859,14567,200
2021-06-14,Calaveras,009,45235,2186,13,2199,56
2021-06-14,Colusa,011,21464,1961,316,2277,16
2021-06-14,Contra Costa,013,1133247,70484,1289,71773,821
2021-06-14,Del Norte,015,27424,1442,13,1455,8
2021-06-14,El Dorado,017,186661,10406,760,11166,115
2021-06-14,Fresno,019,978130,103178,8643,111821,1741
2021-06-14,Glenn,021,27897,2444,561,3005,27
2021-06-14,Humboldt,023,135768,4423,39,4462,48
2021-06-14,Imperial,025,180216,28740,2690,31430,745
2021-06-14,Inyo,027,18085,1407,12,1419,38
2021-06-14,Kern,029,883053,97703,10966,108669,1343
2021-06-14,Kings,031,150075,23208,1079,24287,248
2021-06-14,Lake,033,64148,3569,9,3578,63
2021-06-14,Lassen,035,31185,5254,114,5368,19
2021-06-14,Los Angeles,037,10098052,1210747,40553,1251300,24486
2021-06-14,Madera,039,155013,16733,930,17663,246
2021-06-14,Marin,041,260295,5714,201,5915,178
2021-06-14,Mariposa,043,17540,438,11,449,6
2021-06-14,Mendocino,045,87422,4116,83,4199,50
2021-06-14,Merced,047,269075,31146,1040,32186,500
2021-06-14,Modoc,049,8938,397,142,539,4
2021-06-14,Mono,051,14174,1265,17,1282,3
2021-06-14,Monterey,053,433212,43259,1834,45093,583
2021-06-14,Napa,055,140530,9963,34,9997,81
2021-06-14,Nevada,057,99092,4917,192,5109,71
2021-06-14,Orange,059,3164182,256231,11338,267569,5230
2021-06-14,Placer,061,380077,23639,1515,25154,304
2021-06-14,Plumas,063,18699,714,11,725,5
2021-06-14,Riverside,065,2383286,294963,13948,308911,4597
2021-06-14,Sacramento,067,1510023,107534,1785,109319,1682
2021-06-14,San Benito,069,59416,6077,113,6190,60
2021-06-14,San Bernardino,071,2135413,294011,8950,302961,5314
2021-06-14,San Diego,073,3302833,282190,15183,297373,3779
2021-06-14,San Francisco,075,870044,36973,1280,38253,570
2021-06-14,San Joaquin,077,732212,73746,3548,77294,1451
2021-06-14,San Luis Obispo,079,281455,21504,741,22245,256
2021-06-14,San Mateo,081,765935,42554,472,43026,548
2021-06-14,Santa Barbara,083,443738,34553,1119,35672,459
2021-06-14,Santa Clara,085,1922200,119171,757,119928,1751
2021-06-14,Santa Cruz,087,273765,16300,797,17097,209
2021-06-14,Shasta,089,179085,12521,1612,14133,202
2021-06-14,Sierra,091,2930,59,12,71,0
2021-06-14,Siskiyou,093,43540,1960,362,2322,33
2021-06-14,Solano,095,438530,33251,557,33808,268
2021-06-14,Sonoma,097,501317,30619,352,30971,314
2021-06-14,Stanislaus,099,539301,56840,5927,62767,995
2021-06-14,Sutter,101,95872,9570,87,9657,126
2021-06-14,Tehama,103,63373,5133,577,5710,75
2021-06-14,Trinity,105,12862,488,93,581,4
2021-06-14,Tulare,107,460477,50396,8960,59356,883
2021-06-14,Tuolumne,109,53932,4062,44,4106,66
2021-06-14,Ventura,111,848112,81627,2974,84601,1039
2021-06-14,Yolo,113,214977,14108,254,14362,233
2021-06-14,Yuba,115,75493,6143,129,6272,48
2021-06-13,Alameda,001,1643700,88806,1937,90743,1265
2021-06-13,Alpine,002,1148,87,0,87,0
2021-06-13,Amador,005,37829,3725,32,3757,47
2021-06-13,Butte,007,227075,12697,1856,14553,200
2021-06-13,Calaveras,009,45235,2186,13,2199,56
2021-06-13,Colusa,011,21464,1961,315,2276,16
2021-06-13,Contra Costa,013,1133247,70431,1287,71718,821
2021-06-13,Del Norte,015,27424,1440,13,1453,8
2021-06-13,El Dorado,017,186661,10397,760,11157,115
2021-06-13,Fresno,019,978130,103148,8638,111786,1741
2021-06-13,Glenn,021,27897,2443,559,3002,27
2021-06-13,Humboldt,023,135768,4410,39,4449,47
2021-06-13,Imperial,025,180216,28731,2690,31421,745
2021-06-13,Inyo,027,18085,1407,12,1419,38
2021-06-13,Kern,029,883053,97679,10954,108633,1342
2021-06-13,Kings,031,150075,23203,1078,24281,248
2021-06-13,Lake,033,64148,3569,9,3578,63
2021-06-13,Lassen,035,31185,5249,114,5363,18
2021-06-13,Los Angeles,037,10098052,1210479,40542,1251021,24483
2021-06-13,Madera,039,155013,16719,930,17649,246
2021-06-13,Marin,041,260295,5708,201,5909,178
2021-06-13,Mariposa,043,17540,438,11,449,6
2021-06-13,Mendocino,045,87422,4109,83,4192,50
2021-06-13,Merced,047,269075,31140,1039,32179,500
2021-06-13,Modoc,049,8938,395,140,535,4
2021-06-13,Mono,051,14174,1265,17,1282,3
2021-06-13,Monterey,053,433212,43251,1834,45085,583
2021-06-13,Napa,055,140530,9957,34,9991,81
2021-06-13,Nevada,057,99092,4912,192,5104,71
2021-06-13,Orange,059,3164182,256176,11335,267511,5229
2021-06-13,Placer,061,380077,23613,1513,25126,304
2021-06-13,Plumas,063,18699,713,11,724,5
2021-06-13,Riverside,065,2383286,294896,13945,308841,4597
2021-06-13,Sacramento,067,1510023,107458,1782,109240,1681
2021-06-13,San Benito,069,59416,6077,113,6190,60
2021-06-13,San Bernardino,071,2135413,293959,8945,302904,5312
2021-06-13,San Diego,073,3302833,282111,15167,297278,3778
2021-06-13,San Francisco,075,870044,36961,1280,38241,570
2021-06-13,San Joaquin,077,732212,73711,3546,77257,1449
2021-06-13,San Luis Obispo,079,281455,21498,740,22238,256
2021-06-13,San Mateo,081,765935,42541,472,43013,548
2021-06-13,Santa Barbara,083,443738,34542,1118,35660,459
2021-06-13,Santa Clara,085,1922200,119147,757,119904,1751
2021-06-13,Santa Cruz,087,273765,16293,797,17090,209
2021-06-13,Shasta,089,179085,12512,1611,14123,202
2021-06-13,Sierra,091,2930,59,12,71,0
2021-06-13,Siskiyou,093,43540,1959,362,2321,33
2021-06-13,Solano,095,438530,33230,557,33787,268
2021-06-13,Sonoma,097,501317,30584,350,30934,314
2021-06-13,Stanislaus,099,539301,56814,5924,62738,995
2021-06-13,Sutter,101,95872,9563,87,9650,125
2021-06-13,Tehama,103,63373,5131,577,5708,75
2021-06-13,Trinity,105,12862,487,93,580,4
2021-06-13,Tulare,107,460477,50387,8955,59342,883
2021-06-13,Tuolumne,109,53932,4060,43,4103,66
2021-06-13,Ventura,111,848112,81613,2974,84587,1039
2021-06-13,Yolo,113,214977,14099,252,14351,233
2021-06-13,Yuba,115,75493,6136,129,6265,48
2021-06-12,Alameda,001,1643700,88779,1937,90716,1264
2021-06-12,Alpine,002,1148,87,0,87,0
2021-06-12,Amador,005,37829,3724,32,3756,47
2021-06-12,Butte,007,227075,12693,1855,14548,200
2021-06-12,Calaveras,009,45235,2186,13,2199,56
2021-06-12,Colusa,011,21464,1961,315,2276,16
2021-06-12,Contra Costa,013,1133247,70400,1285,71685,821
2021-06-12,Del Norte,015,27424,1440,13,1453,8
2021-06-12,El Dorado,017,186661,10392,759,11151,115
2021-06-12,Fresno,019,978130,103138,8637,111775,1740
2021-06-12,Glenn,021,27897,2441,559,3000,27
2021-06-12,Humboldt,023,135768,4402,39,4441,47
2021-06-12,Imperial,025,180216,28728,2690,31418,745
2021-06-12,Inyo,027,18085,1407,12,1419,38
2021-06-12,Kern,029,883053,97664,10950,108614,1342
2021-06-12,Kings,031,150075,23201,1078,24279,248
2021-06-12,Lake,033,64148,3568,9,3577,63
2021-06-12,Lassen,035,31185,5249,114,5363,18
2021-06-12,Los Angeles,037,10098052,1210342,40536,1250878,24480
2021-06-12,Madera,039,155013,16715,930,17645,246
2021-06-12,Marin,041,260295,5705,201,5906,178
2021-06-12,Mariposa,043,17540,438,11,449,6
2021-06-12,Mendocino,045,87422,4106,83,4189,50
2021-06-12,Merced,047,269075,31137,1039,32176,500
2021-06-12,Modoc,049,8938,394,140,534,4
2021-06-12,Mono,051,14174,1265,17,1282,3
2021-06-12,Monterey,053,433212,43246,1834,45080,583
2021-06-12,Napa,055,140530,9953,34,9987,81
2021-06-12,Nevada,057,99092,4906,192,5098,70
2021-06-12,Orange,059,3164182,256144,11333,267477,5228
2021-06-12,Placer,061,380077,23594,1513,25107,304
2021-06-12,Plumas,063,18699,713,11,724,5
2021-06-12,Riverside,065,2383286,294854,13942,308796,4596
2021-06-12,Sacramento,067,1510023,107399,1779,109178,1680
2021-06-12,San Benito,069,59416,6075,113,6188,60
2021-06-12,San Bernardino,071,2135413,293924,8943,302867,5311
2021-06-12,San Diego,073,3302833,282054,15158,297212,3778
2021-06-12,San Francisco,075,870044,36951,1280,38231,570
2021-06-12,San Joaquin,077,732212,73692,3545,77237,1448
2021-06-12,San Luis Obispo,079,281455,21495,740,22235,256
2021-06-12,San Mateo,081,765935,42535,472,43007,548
2021-06-12,Santa Barbara,083,443738,34537,1118,35655,459
2021-06-12,Santa Clara,085,1922200,119107,757,119864,1750
2021-06-12,Santa Cruz,087,273765,16285,797,17082,209
2021-06-12,Shasta,089,179085,12509,1610,14119,202
2021-06-12,Sierra,091,2930,59,12,71,0
2021-06-12,Siskiyou,093,43540,1958,362,2320,33
2021-06-12,Solano,095,438530,33222,557,33779,268
2021-06-12,Sonoma,097,501317,30555,350,30905,314
2021-06-12,Stanislaus,099,539301,56797,5923,62720,995
2021-06-12,Sutter,101,95872,9559,87,9646,125
2021-06-12,Tehama,103,63373,5131,576,5707,75
2021-06-12,Trinity,105,12862,487,93,580,4
2021-06-12,Tulare,107,460477,50382,8948,59330,883
2021-06-12,Tuolumne,109,53932,4059,43,4102,66
2021-06-12,Ventura,111,848112,81601,2974,84575,1039
2021-06-12,Yolo,113,214977,14096,251,14347,233
2021-06-12,Yuba,115,75493,6131,129,6260,48
2021-06-11,Alameda,001,1643700,88751,1937,90688,1264
2021-06-11,Alpine,002,1148,87,0,87,0
2021-06-11,Amador,005,37829,3723,32,3755,47
2021-06-11,Butte,007,227075,12689,1853,14542,199
2021-06-11,Calaveras,009,45235,2186,13,2199,55
2021-06-11,Colusa,011,21464,1960,315,2275,16
2021-06-11,Contra Costa,013,1133247,70367,1283,71650,821
2021-06-11,Del Norte,015,27424,1440,13,1453,8
2021-06-11,El Dorado,017,186661,10389,759,11148,115
2021-06-11,Fresno,019,978130,103119,8636,111755,1740
2021-06-11,Glenn,021,27897,2441,559,3000,27
2021-06-11,Humboldt,023,135768,4398,39,4437,46
2021-06-11,Imperial,025,180216,28723,2690,31413,745
2021-06-11,Inyo,027,18085,1407,12,1419,38
2021-06-11,Kern,029,883053,97652,10947,108599,1342
2021-06-11,Kings,031,150075,23197,1077,24274,248
2021-06-11,Lake,033,64148,3567,9,3576,63
2021-06-11,Lassen,035,31185,5248,114,5362,18
2021-06-11,Los Angeles,037,10098052,1210192,40521,1250713,24480
2021-06-11,Madera,039,155013,16712,930,17642,246
2021-06-11,Marin,041,260295,5702,201,5903,178
2021-06-11,Mariposa,043,17540,438,11,449,6
2021-06-11,Mendocino,045,87422,4103,83,4186,50
2021-06-11,Merced,047,269075,31132,1039,32171,500
2021-06-11,Modoc,049,8938,394,139,533,4
2021-06-11,Mono,051,14174,1265,17,1282,3
2021-06-11,Monterey,053,433212,43242,1834,45076,583
2021-06-11,Napa,055,140530,9950,34,9984,81
2021-06-11,Nevada,057,99092,4904,192,5096,70
2021-06-11,Orange,059,3164182,256110,11330,267440,5228
2021-06-11,Placer,061,380077,23589,1513,25102,304
2021-06-11,Plumas,063,18699,713,11,724,5
2021-06-11,Riverside,065,2383286,294816,13937,308753,4596
2021-06-11,Sacramento,067,1510023,107340,1778,109118,1680
2021-06-11,San Benito,069,59416,6074,113,6187,60
2021-06-11,San Bernardino,071,2135413,293888,8939,302827,5308
2021-06-11,San Diego,073,3302833,282014,15151,297165,3778
2021-06-11,San Francisco,075,870044,36946,1280,38226,570
2021-06-11,San Joaquin,077,732212,73675,3542,77217,1448
2021-06-11,San Luis Obispo,079,281455,21494,740,22234,256
2021-06-11,San Mateo,081,765935,42521,472,42993,548
2021-06-11,Santa Barbara,083,443738,34534,1118,35652,459
2021-06-11,Santa Clara,085,1922200,119087,757,119844,1750
2021-06-11,Santa Cruz,087,273765,16277,797,17074,209
2021-06-11,Shasta,089,179085,12501,1608,14109,202
2021-06-11,Sierra,091,2930,59,12,71,0
2021-06-11,Siskiyou,093,43540,1957,362,2319,31
2021-06-11,Solano,095,438530,33202,556,33758,268
2021-06-11,Sonoma,097,501317,30537,350,30887,314
2021-06-11,Stanislaus,099,539301,56771,5919,62690,995
2021-06-11,Sutter,101,95872,9556,86,9642,125
2021-06-11,Tehama,103,63373,5130,576,5706,74
2021-06-11,Trinity,105,12862,487,93,580,4
2021-06-11,Tulare,107,460477,50376,8947,59323,883
2021-06-11,Tuolumne,109,53932,4056,43,4099,65
2021-06-11,Ventura,111,848112,81591,2974,84565,1039
2021-06-11,Yolo,113,214977,14089,247,14336,233
2021-06-11,Yuba,115,75493,6127,129,6256,48
2021-06-10,Alameda,001,1643700,88707,1936,90643,1264
2021-06-10,Alpine,002,1148,87,0,87,0
2021-06-10,Amador,005,37829,3719,32,3751,47
2021-06-10,Butte,007,227075,12672,1853,14525,199
2021-06-10,Calaveras,009,45235,2185,13,2198,55
2021-06-10,Colusa,011,21464,1958,315,2273,16
2021-06-10,Contra Costa,013,1133247,70313,1283,71596,821
2021-06-10,Del Norte,015,27424,1440,13,1453,8
2021-06-10,El Dorado,017,186661,10382,755,11137,115
2021-06-10,Fresno,019,978130,103093,8635,111728,1740
2021-06-10,Glenn,021,27897,2441,559,3000,27
2021-06-10,Humboldt,023,135768,4390,39,4429,46
2021-06-10,Imperial,025,180216,28717,2690,31407,745
2021-06-10,Inyo,027,18085,1407,12,1419,38
2021-06-10,Kern,029,883053,97638,10942,108580,1342
2021-06-10,Kings,031,150075,23196,1077,24273,248
2021-06-10,Lake,033,64148,3562,9,3571,63
2021-06-10,Lassen,035,31185,5246,114,5360,18
2021-06-10,Los Angeles,037,10098052,1210026,40506,1250532,24475
2021-06-10,Madera,039,155013,16705,929,17634,246
2021-06-10,Marin,041,260295,5699,201,5900,178
2021-06-10,Mariposa,043,17540,436,11,447,6
2021-06-10,Mendocino,045,87422,4098,83,4181,50
2021-06-10,Merced,047,269075,31124,1036,32160,499
2021-06-10,Modoc,049,8938,393,139,532,4
2021-06-10,Mono,051,14174,1264,17,1281,3
2021-06-10,Monterey,053,433212,43236,1834,45070,583
2021-06-10,Napa,055,140530,9949,34,9983,81
2021-06-10,Nevada,057,99092,4899,192,5091,70
2021-06-10,Orange,059,3164182,256081,11323,267404,5228
2021-06-10,Placer,061,380077,23576,1513,25089,304
2021-06-10,Plumas,063,18699,713,11,724,5
2021-06-10,Riverside,065,2383286,294774,13932,308706,4595
2021-06-10,Sacramento,067,1510023,107278,1778,109056,1679
2021-06-10,San Benito,069,59416,6074,113,6187,60
2021-06-10,San Bernardino,071,2135413,293847,8936,302783,5307
2021-06-10,San Diego,073,3302833,281956,15134,297090,3778
2021-06-10,San Francisco,075,870044,36936,1278,38214,569
2021-06-10,San Joaquin,077,732212,73641,3541,77182,1448
2021-06-10,San Luis Obispo,079,281455,21491,740,22231,256
2021-06-10,San Mateo,081,765935,42514,472,42986,548
2021-06-10,Santa Barbara,083,443738,34530,1118,35648,459
2021-06-10,Santa Clara,085,1922200,119052,756,119808,1750
2021-06-10,Santa Cruz,087,273765,16276,797,17073,209
2021-06-10,Shasta,089,179085,12491,1608,14099,202
2021-06-10,Sierra,091,2930,58,12,70,0
2021-06-10,Siskiyou,093,43540,1957,362,2319,31
2021-06-10,Solano,095,438530,33185,555,33740,268
2021-06-10,Sonoma,097,501317,30501,348,30849,314
2021-06-10,Stanislaus,099,539301,56750,5915,62665,995
2021-06-10,Sutter,101,95872,9549,86,9635,125
2021-06-10,Tehama,103,63373,5130,576,5706,74
2021-06-10,Trinity,105,12862,487,93,580,4
2021-06-10,Tulare,107,460477,50368,8947,59315,883
2021-06-10,Tuolumne,109,53932,4056,43,4099,65
2021-06-10,Ventura,111,848112,81580,2973,84553,1039
2021-06-10,Yolo,113,214977,14086,247,14333,232
2021-06-10,Yuba,115,75493,6123,129,6252,48
2021-06-09,Alameda,001,1643700,88663,1935,90598,1264
2021-06-09,Alpine,002,1148,87,0,87,0
2021-06-09,Amador,005,37829,3715,32,3747,47
2021-06-09,Butte,007,227075,12666,1851,14517,199
2021-06-09,Calaveras,009,45235,2183,13,2196,55
2021-06-09,Colusa,011,21464,1958,314,2272,16
2021-06-09,Contra Costa,013,1133247,70276,1282,71558,820
2021-06-09,Del Norte,015,27424,1436,13,1449,8
2021-06-09,El Dorado,017,186661,10379,754,11133,114
2021-06-09,Fresno,019,978130,103073,8631,111704,1739
2021-06-09,Glenn,021,27897,2440,559,2999,27
2021-06-09,Humboldt,023,135768,4385,38,4423,46
2021-06-09,Imperial,025,180216,28714,2690,31404,745
2021-06-09,Inyo,027,18085,1407,12,1419,38
2021-06-09,Kern,029,883053,97624,10933,108557,1341
2021-06-09,Kings,031,150075,23194,1077,24271,248
2021-06-09,Lake,033,64148,3559,9,3568,63
2021-06-09,Lassen,035,31185,5245,114,5359,18
2021-06-09,Los Angeles,037,10098052,1209838,40493,1250331,24469
2021-06-09,Madera,039,155013,16700,929,17629,246
2021-06-09,Marin,041,260295,5694,201,5895,178
2021-06-09,Mariposa,043,17540,436,11,447,6
2021-06-09,Mendocino,045,87422,4092,83,4175,50
2021-06-09,Merced,047,269075,31120,1036,32156,499
2021-06-09,Modoc,049,8938,391,138,529,4
2021-06-09,Mono,051,14174,1264,17,1281,3
2021-06-09,Monterey,053,433212,43229,1834,45063,583
2021-06-09,Napa,055,140530,9943,34,9977,81
2021-06-09,Nevada,057,99092,4889,191,5080,70
2021-06-09,Orange,059,3164182,256037,11318,267355,5228
2021-06-09,Placer,061,380077,23557,1513,25070,304
2021-06-09,Plumas,063,18699,712,11,723,5
2021-06-09,Riverside,065,2383286,294728,13930,308658,4594
2021-06-09,Sacramento,067,1510023,107215,1775,108990,1679
2021-06-09,San Benito,069,59416,6071,113,6184,60
2021-06-09,San Bernardino,071,2135413,293805,8936,302741,5306
2021-06-09,San Diego,073,3302833,281892,15122,297014,3777
2021-06-09,San Francisco,075,870044,36922,1277,38199,569
2021-06-09,San Joaquin,077,732212,73615,3541,77156,1448
2021-06-09,San Luis Obispo,079,281455,21490,740,22230,256
2021-06-09,San Mateo,081,765935,42498,471,42969,548
2021-06-09,Santa Barbara,083,443738,34519,1118,35637,459
2021-06-09,Santa Clara,085,1922200,119015,755,119770,1749
2021-06-09,Santa Cruz,087,273765,16273,797,17070,209
2021-06-09,Shasta,089,179085,12481,1606,14087,202
2021-06-09,Sierra,091,2930,57,12,69,0
2021-06-09,Siskiyou,093,43540,1956,362,2318,31
2021-06-09,Solano,095,438530,33169,554,33723,268
2021-06-09,Sonoma,097,501317,30479,348,30827,314
2021-06-09,Stanislaus,099,539301,56730,5912,62642,994
2021-06-09,Sutter,101,95872,9540,85,9625,125
2021-06-09,Tehama,103,63373,5129,576,5705,74
2021-06-09,Trinity,105,12862,486,93,579,4
2021-06-09,Tulare,107,460477,50364,8945,59309,883
2021-06-09,Tuolumne,109,53932,4053,43,4096,65
2021-06-09,Ventura,111,848112,81570,2972,84542,1039
2021-06-09,Yolo,113,214977,14084,246,14330,232
2021-06-09,Yuba,115,75493,6119,129,6248,48
2021-06-08,Alameda,001,1643700,88615,1935,90550,1263
2021-06-08,Alpine,002,1148,87,0,87,0
2021-06-08,Amador,005,37829,3714,32,3746,47
2021-06-08,Butte,007,227075,12660,1849,14509,199
2021-06-08,Calaveras,009,45235,2182,13,2195,55
2021-06-08,Colusa,011,21464,1958,314,2272,16
2021-06-08,Contra Costa,013,1133247,70228,1281,71509,820
2021-06-08,Del Norte,015,27424,1434,13,1447,8
2021-06-08,El Dorado,017,186661,10374,752,11126,114
2021-06-08,Fresno,019,978130,103048,8629,111677,1739
2021-06-08,Glenn,021,27897,2439,559,2998,27
2021-06-08,Humboldt,023,135768,4380,38,4418,46
2021-06-08,Imperial,025,180216,28705,2690,31395,745
2021-06-08,Inyo,027,18085,1407,12,1419,38
2021-06-08,Kern,029,883053,97605,10926,108531,1341
2021-06-08,Kings,031,150075,23193,1077,24270,248
2021-06-08,Lake,033,64148,3558,9,3567,63
2021-06-08,Lassen,035,31185,5245,114,5359,18
2021-06-08,Los Angeles,037,10098052,1209640,40481,1250121,24468
2021-06-08,Madera,039,155013,16694,928,17622,246
2021-06-08,Marin,041,260295,5692,200,5892,178
2021-06-08,Mariposa,043,17540,436,11,447,6
2021-06-08,Mendocino,045,87422,4085,83,4168,50
2021-06-08,Merced,047,269075,31112,1036,32148,499
2021-06-08,Modoc,049,8938,385,137,522,4
2021-06-08,Mono,051,14174,1264,17,1281,3
2021-06-08,Monterey,053,433212,43223,1833,45056,583
2021-06-08,Napa,055,140530,9939,34,9973,81
2021-06-08,Nevada,057,99092,4884,191,5075,70
2021-06-08,Orange,059,3164182,255995,11311,267306,5228
2021-06-08,Placer,061,380077,23539,1509,25048,303
2021-06-08,Plumas,063,18699,712,11,723,5
2021-06-08,Riverside,065,2383286,294692,13922,308614,4593
2021-06-08,Sacramento,067,1510023,107153,1772,108925,1678
2021-06-08,San Benito,069,59416,6069,113,6182,60
2021-06-08,San Bernardino,071,2135413,293756,8932,302688,5306
2021-06-08,San Diego,073,3302833,281829,15113,296942,3776
2021-06-08,San Francisco,075,870044,36907,1276,38183,569
2021-06-08,San Joaquin,077,732212,73571,3536,77107,1448
2021-06-08,San Luis Obispo,079,281455,21484,739,22223,256
2021-06-08,San Mateo,081,765935,42485,471,42956,548
2021-06-08,Santa Barbara,083,443738,34515,1118,35633,459
2021-06-08,Santa Clara,085,1922200,118994,754,119748,1748
2021-06-08,Santa Cruz,087,273765,16270,797,17067,209
2021-06-08,Shasta,089,179085,12466,1606,14072,202
2021-06-08,Sierra,091,2930,57,12,69,0
2021-06-08,Siskiyou,093,43540,1954,360,2314,31
2021-06-08,Solano,095,438530,33148,554,33702,268
2021-06-08,Sonoma,097,501317,30453,346,30799,314
2021-06-08,Stanislaus,099,539301,56703,5910,62613,994
2021-06-08,Sutter,101,95872,9537,85,9622,125
2021-06-08,Tehama,103,63373,5126,576,5702,74
2021-06-08,Trinity,105,12862,486,92,578,4
2021-06-08,Tulare,107,460477,50353,8941,59294,883
2021-06-08,Tuolumne,109,53932,4049,43,4092,65
2021-06-08,Ventura,111,848112,81554,2971,84525,1039
2021-06-08,Yolo,113,214977,14079,245,14324,232
2021-06-08,Yuba,115,75493,6117,129,6246,48
2021-06-07,Alameda,001,1643700,88558,1935,90493,1262
2021-06-07,Alpine,002,1148,87,0,87,0
2021-06-07,Amador,005,37829,3704,32,3736,47
2021-06-07,Butte,007,227075,12653,1848,14501,199
2021-06-07,Calaveras,009,45235,2181,13,2194,55
2021-06-07,Colusa,011,21464,1957,314,2271,16
2021-06-07,Contra Costa,013,1133247,70171,1280,71451,820
2021-06-07,Del Norte,015,27424,1434,13,1447,8
2021-06-07,El Dorado,017,186661,10369,752,11121,114
2021-06-07,Fresno,019,978130,103017,8621,111638,1739
2021-06-07,Glenn,021,27897,2439,559,2998,27
2021-06-07,Humboldt,023,135768,4372,38,4410,45
2021-06-07,Imperial,025,180216,28703,2690,31393,745
2021-06-07,Inyo,027,18085,1407,12,1419,38
2021-06-07,Kern,029,883053,97589,10919,108508,1341
2021-06-07,Kings,031,150075,23189,1077,24266,248
2021-06-07,Lake,033,64148,3556,9,3565,63
2021-06-07,Lassen,035,31185,5240,114,5354,18
2021-06-07,Los Angeles,037,10098052,1209416,40467,1249883,24467
2021-06-07,Madera,039,155013,16687,928,17615,246
2021-06-07,Marin,041,260295,5688,199,5887,178
2021-06-07,Mariposa,043,17540,436,11,447,6
2021-06-07,Mendocino,045,87422,4079,83,4162,50
2021-06-07,Merced,047,269075,31100,1035,32135,499
2021-06-07,Modoc,049,8938,384,134,518,4
2021-06-07,Mono,051,14174,1264,17,1281,3
2021-06-07,Monterey,053,433212,43216,1833,45049,583
2021-06-07,Napa,055,140530,9931,34,9965,81
2021-06-07,Nevada,057,99092,4882,191,5073,70
2021-06-07,Orange,059,3164182,255955,11303,267258,5228
2021-06-07,Placer,061,380077,23520,1507,25027,303
2021-06-07,Plumas,063,18699,712,11,723,5
2021-06-07,Riverside,065,2383286,294649,13918,308567,4592
2021-06-07,Sacramento,067,1510023,107077,1769,108846,1676
2021-06-07,San Benito,069,59416,6068,113,6181,60
2021-06-07,San Bernardino,071,2135413,293718,8931,302649,5305
2021-06-07,San Diego,073,3302833,281747,15100,296847,3776
2021-06-07,San Francisco,075,870044,36889,1276,38165,568
2021-06-07,San Joaquin,077,732212,73526,3529,77055,1445
2021-06-07,San Luis Obispo,079,281455,21471,739,22210,256
2021-06-07,San Mateo,081,765935,42469,471,42940,548
2021-06-07,Santa Barbara,083,443738,34509,1118,35627,459
2021-06-07,Santa Clara,085,1922200,118962,754,119716,1747
2021-06-07,Santa Cruz,087,273765,16269,797,17066,209
2021-06-07,Shasta,089,179085,12452,1601,14053,202
2021-06-07,Sierra,091,2930,57,12,69,0
2021-06-07,Siskiyou,093,43540,1954,360,2314,31
2021-06-07,Solano,095,438530,33127,553,33680,268
2021-06-07,Sonoma,097,501317,30417,345,30762,314
2021-06-07,Stanislaus,099,539301,56670,5908,62578,994
2021-06-07,Sutter,101,95872,9533,85,9618,125
2021-06-07,Tehama,103,63373,5122,574,5696,74
2021-06-07,Trinity,105,12862,486,92,578,4
2021-06-07,Tulare,107,460477,50346,8941,59287,882
2021-06-07,Tuolumne,109,53932,4048,43,4091,65
2021-06-07,Ventura,111,848112,81537,2969,84506,1039
2021-06-07,Yolo,113,214977,14074,244,14318,232
2021-06-07,Yuba,115,75493,6115,126,6241,48
2021-06-06,Alameda,001,1643700,88520,1934,90454,1262
2021-06-06,Alpine,002,1148,87,0,87,0
2021-06-06,Amador,005,37829,3701,32,3733,47
2021-06-06,Butte,007,227075,12642,1847,14489,199
2021-06-06,Calaveras,009,45235,2180,13,2193,55
2021-06-06,Colusa,011,21464,1955,314,2269,16
2021-06-06,Contra Costa,013,1133247,70106,1278,71384,820
2021-06-06,Del Norte,015,27424,1429,13,1442,8
2021-06-06,El Dorado,017,186661,10362,752,11114,114
2021-06-06,Fresno,019,978130,102984,8618,111602,1738
2021-06-06,Glenn,021,27897,2438,559,2997,27
2021-06-06,Humboldt,023,135768,4361,38,4399,45
2021-06-06,Imperial,025,180216,28697,2690,31387,745
2021-06-06,Inyo,027,18085,1406,12,1418,38
2021-06-06,Kern,029,883053,97571,10912,108483,1340
2021-06-06,Kings,031,150075,23183,1077,24260,248
2021-06-06,Lake,033,64148,3556,9,3565,63
2021-06-06,Lassen,035,31185,5238,114,5352,18
2021-06-06,Los Angeles,037,10098052,1209217,40453,1249670,24466
2021-06-06,Madera,039,155013,16680,928,17608,246
2021-06-06,Marin,041,260295,5682,198,5880,178
2021-06-06,Mariposa,043,17540,435,11,446,6
2021-06-06,Mendocino,045,87422,4075,83,4158,50
2021-06-06,Merced,047,269075,31094,1034,32128,499
2021-06-06,Modoc,049,8938,384,133,517,4
2021-06-06,Mono,051,14174,1264,17,1281,3
2021-06-06,Monterey,053,433212,43211,1833,45044,583
2021-06-06,Napa,055,140530,9925,34,9959,81
2021-06-06,Nevada,057,99092,4875,190,5065,70
2021-06-06,Orange,059,3164182,255919,11298,267217,5226
2021-06-06,Placer,061,380077,23495,1504,24999,303
2021-06-06,Plumas,063,18699,712,11,723,5
2021-06-06,Riverside,065,2383286,294610,13912,308522,4592
2021-06-06,Sacramento,067,1510023,106991,1768,108759,1676
2021-06-06,San Benito,069,59416,6062,113,6175,60
2021-06-06,San Bernardino,071,2135413,293661,8922,302583,5303
2021-06-06,San Diego,073,3302833,281667,15083,296750,3775
2021-06-06,San Francisco,075,870044,36874,1274,38148,568
2021-06-06,San Joaquin,077,732212,73494,3525,77019,1444
2021-06-06,San Luis Obispo,079,281455,21468,739,22207,256
2021-06-06,San Mateo,081,765935,42452,471,42923,548
2021-06-06,Santa Barbara,083,443738,34505,1117,35622,458
2021-06-06,Santa Clara,085,1922200,118940,754,119694,1746
2021-06-06,Santa Cruz,087,273765,16268,797,17065,209
2021-06-06,Shasta,089,179085,12437,1598,14035,202
2021-06-06,Sierra,091,2930,57,12,69,0
2021-06-06,Siskiyou,093,43540,1951,360,2311,30
2021-06-06,Solano,095,438530,33100,553,33653,268
2021-06-06,Sonoma,097,501317,30385,344,30729,314
2021-06-06,Stanislaus,099,539301,56634,5905,62539,994
2021-06-06,Sutter,101,95872,9526,85,9611,125
2021-06-06,Tehama,103,63373,5112,572,5684,74
2021-06-06,Trinity,105,12862,486,92,578,4
2021-06-06,Tulare,107,460477,50337,8936,59273,882
2021-06-06,Tuolumne,109,53932,4045,43,4088,65
2021-06-06,Ventura,111,848112,81526,2966,84492,1039
2021-06-06,Yolo,113,214977,14066,243,14309,232
2021-06-06,Yuba,115,75493,6107,126,6233,48
2021-06-05,Alameda,001,1643700,88487,1934,90421,1261
2021-06-05,Alpine,002,1148,87,0,87,0
2021-06-05,Amador,005,37829,3701,32,3733,47
2021-06-05,Butte,007,227075,12636,1846,14482,199
2021-06-05,Calaveras,009,45235,2180,13,2193,55
2021-06-05,Colusa,011,21464,1955,314,2269,16
2021-06-05,Contra Costa,013,1133247,70077,1278,71355,820
2021-06-05,Del Norte,015,27424,1429,13,1442,8
2021-06-05,El Dorado,017,186661,10360,751,11111,114
2021-06-05,Fresno,019,978130,102975,8618,111593,1738
2021-06-05,Glenn,021,27897,2437,559,2996,27
2021-06-05,Humboldt,023,135768,4356,38,4394,45
2021-06-05,Imperial,025,180216,28694,2690,31384,745
2021-06-05,Inyo,027,18085,1406,12,1418,38
2021-06-05,Kern,029,883053,97558,10908,108466,1340
2021-06-05,Kings,031,150075,23180,1077,24257,248
2021-06-05,Lake,033,64148,3553,9,3562,63
2021-06-05,Lassen,035,31185,5237,114,5351,18
2021-06-05,Los Angeles,037,10098052,1209088,40442,1249530,24460
2021-06-05,Madera,039,155013,16676,928,17604,246
2021-06-05,Marin,041,260295,5680,198,5878,178
2021-06-05,Mariposa,043,17540,435,11,446,6
2021-06-05,Mendocino,045,87422,4072,83,4155,50
2021-06-05,Merced,047,269075,31092,1033,32125,499
2021-06-05,Modoc,049,8938,384,132,516,4
2021-06-05,Mono,051,14174,1264,17,1281,3
2021-06-05,Monterey,053,433212,43207,1832,45039,583
2021-06-05,Napa,055,140530,9920,34,9954,81
2021-06-05,Nevada,057,99092,4873,190,5063,70
2021-06-05,Orange,059,3164182,255895,11295,267190,5224
2021-06-05,Placer,061,380077,23479,1504,24983,303
2021-06-05,Plumas,063,18699,712,11,723,5
2021-06-05,Riverside,065,2383286,294575,13908,308483,4592
2021-06-05,Sacramento,067,1510023,106939,1766,108705,1675
2021-06-05,San Benito,069,59416,6060,113,6173,60
2021-06-05,San Bernardino,071,2135413,293628,8921,302549,5301
2021-06-05,San Diego,073,3302833,281626,15070,296696,3775
2021-06-05,San Francisco,075,870044,36865,1274,38139,568
2021-06-05,San Joaquin,077,732212,73478,3519,76997,1444
2021-06-05,San Luis Obispo,079,281455,21465,739,22204,256
2021-06-05,San Mateo,081,765935,42442,471,42913,548
2021-06-05,Santa Barbara,083,443738,34502,1116,35618,458
2021-06-05,Santa Clara,085,1922200,118918,752,119670,1746
2021-06-05,Santa Cruz,087,273765,16268,797,17065,209
2021-06-05,Shasta,089,179085,12427,1597,14024,202
2021-06-05,Sierra,091,2930,57,12,69,0
2021-06-05,Siskiyou,093,43540,1951,360,2311,30
2021-06-05,Solano,095,438530,33085,553,33638,268
2021-06-05,Sonoma,097,501317,30358,342,30700,314
2021-06-05,Stanislaus,099,539301,56625,5903,62528,993
2021-06-05,Sutter,101,95872,9523,85,9608,125
2021-06-05,Tehama,103,63373,5111,571,5682,74
2021-06-05,Trinity,105,12862,486,92,578,4
2021-06-05,Tulare,107,460477,50331,8936,59267,882
2021-06-05,Tuolumne,109,53932,4043,43,4086,65
2021-06-05,Ventura,111,848112,81517,2964,84481,1039
2021-06-05,Yolo,113,214977,14064,243,14307,232
2021-06-05,Yuba,115,75493,6106,126,6232,48
2021-06-04,Alameda,001,1643700,88460,1931,90391,1261
2021-06-04,Alpine,002,1148,87,0,87,0
2021-06-04,Amador,005,37829,3701,32,3733,47
2021-06-04,Butte,007,227075,12625,1843,14468,199
2021-06-04,Calaveras,009,45235,2180,13,2193,55
2021-06-04,Colusa,011,21464,1955,314,2269,16
2021-06-04,Contra Costa,013,1133247,70042,1275,71317,820
2021-06-04,Del Norte,015,27424,1429,13,1442,8
2021-06-04,El Dorado,017,186661,10356,749,11105,114
2021-06-04,Fresno,019,978130,102959,8618,111577,1738
2021-06-04,Glenn,021,27897,2437,558,2995,27
2021-06-04,Humboldt,023,135768,4351,38,4389,45
2021-06-04,Imperial,025,180216,28690,2690,31380,745
2021-06-04,Inyo,027,18085,1406,12,1418,38
2021-06-04,Kern,029,883053,97540,10906,108446,1339
2021-06-04,Kings,031,150075,23179,1077,24256,248
2021-06-04,Lake,033,64148,3551,9,3560,63
2021-06-04,Lassen,035,31185,5237,114,5351,18
2021-06-04,Los Angeles,037,10098052,1208967,40433,1249400,24457
2021-06-04,Madera,039,155013,16674,928,17602,246
2021-06-04,Marin,041,260295,5679,197,5876,178
2021-06-04,Mariposa,043,17540,435,11,446,6
2021-06-04,Mendocino,045,87422,4063,83,4146,50
2021-06-04,Merced,047,269075,31087,1032,32119,498
2021-06-04,Modoc,049,8938,382,132,514,4
2021-06-04,Mono,051,14174,1264,17,1281,3
2021-06-04,Monterey,053,433212,43203,1832,45035,583
2021-06-04,Napa,055,140530,9916,34,9950,81
2021-06-04,Nevada,057,99092,4869,190,5059,70
2021-06-04,Orange,059,3164182,255858,11291,267149,5224
2021-06-04,Placer,061,380077,23463,1503,24966,303
2021-06-04,Plumas,063,18699,712,11,723,5
2021-06-04,Riverside,065,2383286,294549,13904,308453,4592
2021-06-04,Sacramento,067,1510023,106885,1765,108650,1675
2021-06-04,San Benito,069,59416,6058,113,6171,60
2021-06-04,San Bernardino,071,2135413,293604,8919,302523,5301
2021-06-04,San Diego,073,3302833,281583,15063,296646,3774
2021-06-04,San Francisco,075,870044,36858,1273,38131,568
2021-06-04,San Joaquin,077,732212,73459,3517,76976,1443
2021-06-04,San Luis Obispo,079,281455,21462,738,22200,256
2021-06-04,San Mateo,081,765935,42430,471,42901,547
2021-06-04,Santa Barbara,083,443738,34496,1115,35611,458
2021-06-04,Santa Clara,085,1922200,118888,752,119640,1745
2021-06-04,Santa Cruz,087,273765,16265,797,17062,209
2021-06-04,Shasta,089,179085,12421,1592,14013,202
2021-06-04,Sierra,091,2930,57,12,69,0
2021-06-04,Siskiyou,093,43540,1950,360,2310,29
2021-06-04,Solano,095,438530,33074,553,33627,268
2021-06-04,Sonoma,097,501317,30337,342,30679,313
2021-06-04,Stanislaus,099,539301,56610,5901,62511,993
2021-06-04,Sutter,101,95872,9518,85,9603,125
2021-06-04,Tehama,103,63373,5106,571,5677,74
2021-06-04,Trinity,105,12862,486,92,578,4
2021-06-04,Tulare,107,460477,50322,8934,59256,882
2021-06-04,Tuolumne,109,53932,4042,43,4085,65
2021-06-04,Ventura,111,848112,81510,2962,84472,1038
2021-06-04,Yolo,113,214977,14062,243,14305,232
2021-06-04,Yuba,115,75493,6103,126,6229,48
2021-06-03,Alameda,001,1643700,88422,1928,90350,1259
2021-06-03,Alpine,002,1148,87,0,87,0
2021-06-03,Amador,005,37829,3693,32,3725,47
2021-06-03,Butte,007,227075,12621,1842,14463,199
2021-06-03,Calaveras,009,45235,2180,13,2193,55
2021-06-03,Colusa,011,21464,1955,314,2269,16
2021-06-03,Contra Costa,013,1133247,69988,1270,71258,820
2021-06-03,Del Norte,015,27424,1427,13,1440,8
2021-06-03,El Dorado,017,186661,10350,746,11096,114
2021-06-03,Fresno,019,978130,102942,8618,111560,1736
2021-06-03,Glenn,021,27897,2437,558,2995,27
2021-06-03,Humboldt,023,135768,4343,38,4381,44
2021-06-03,Imperial,025,180216,28679,2690,31369,745
2021-06-03,Inyo,027,18085,1406,12,1418,38
2021-06-03,Kern,029,883053,97513,10892,108405,1337
2021-06-03,Kings,031,150075,23175,1077,24252,248
2021-06-03,Lake,033,64148,3549,9,3558,63
2021-06-03,Lassen,035,31185,5228,114,5342,18
2021-06-03,Los Angeles,037,10098052,1208796,40425,1249221,24455
2021-06-03,Madera,039,155013,16667,928,17595,246
2021-06-03,Marin,041,260295,5674,197,5871,178
2021-06-03,Mariposa,043,17540,435,11,446,6
2021-06-03,Mendocino,045,87422,4056,83,4139,49
2021-06-03,Merced,047,269075,31084,1032,32116,498
2021-06-03,Modoc,049,8938,381,131,512,4
2021-06-03,Mono,051,14174,1264,17,1281,3
2021-06-03,Monterey,053,433212,43200,1832,45032,583
2021-06-03,Napa,055,140530,9909,34,9943,81
2021-06-03,Nevada,057,99092,4865,190,5055,70
2021-06-03,Orange,059,3164182,255830,11281,267111,5224
2021-06-03,Placer,061,380077,23454,1502,24956,303
2021-06-03,Plumas,063,18699,712,11,723,5
2021-06-03,Riverside,065,2383286,294494,13900,308394,4592
2021-06-03,Sacramento,067,1510023,106806,1763,108569,1675
2021-06-03,San Benito,069,59416,6058,113,6171,60
2021-06-03,San Bernardino,071,2135413,293573,8919,302492,5301
2021-06-03,San Diego,073,3302833,281519,15053,296572,3774
2021-06-03,San Francisco,075,870044,36851,1273,38124,565
2021-06-03,San Joaquin,077,732212,73431,3513,76944,1442
2021-06-03,San Luis Obispo,079,281455,21457,738,22195,256
2021-06-03,San Mateo,081,765935,42417,471,42888,547
2021-06-03,Santa Barbara,083,443738,34493,1115,35608,458
2021-06-03,Santa Clara,085,1922200,118866,750,119616,1745
2021-06-03,Santa Cruz,087,273765,16263,797,17060,209
2021-06-03,Shasta,089,179085,12406,1589,13995,202
2021-06-03,Sierra,091,2930,57,12,69,0
2021-06-03,Siskiyou,093,43540,1950,359,2309,29
2021-06-03,Solano,095,438530,33060,553,33613,268
2021-06-03,Sonoma,097,501317,30315,341,30656,313
2021-06-03,Stanislaus,099,539301,56591,5895,62486,993
2021-06-03,Sutter,101,95872,9509,85,9594,125
2021-06-03,Tehama,103,63373,5106,571,5677,74
2021-06-03,Trinity,105,12862,486,92,578,4
2021-06-03,Tulare,107,460477,50319,8930,59249,882
2021-06-03,Tuolumne,109,53932,4040,43,4083,65
2021-06-03,Ventura,111,848112,81498,2960,84458,1038
2021-06-03,Yolo,113,214977,14058,241,14299,232
2021-06-03,Yuba,115,75493,6096,126,6222,48
2021-06-02,Alameda,001,1643700,88377,1926,90303,1259
2021-06-02,Alpine,002,1148,87,0,87,0
2021-06-02,Amador,005,37829,3691,32,3723,47
2021-06-02,Butte,007,227075,12601,1840,14441,199
2021-06-02,Calaveras,009,45235,2177,13,2190,55
2021-06-02,Colusa,011,21464,1954,314,2268,16
2021-06-02,Contra Costa,013,1133247,69937,1268,71205,820
2021-06-02,Del Norte,015,27424,1425,13,1438,8
2021-06-02,El Dorado,017,186661,10346,746,11092,114
2021-06-02,Fresno,019,978130,102918,8615,111533,1736
2021-06-02,Glenn,021,27897,2437,558,2995,27
2021-06-02,Humboldt,023,135768,4328,38,4366,44
2021-06-02,Imperial,025,180216,28673,2689,31362,745
2021-06-02,Inyo,027,18085,1405,12,1417,38
2021-06-02,Kern,029,883053,97486,10885,108371,1337
2021-06-02,Kings,031,150075,23173,1076,24249,248
2021-06-02,Lake,033,64148,3544,9,3553,63
2021-06-02,Lassen,035,31185,5227,114,5341,18
2021-06-02,Los Angeles,037,10098052,1208592,40416,1249008,24452
2021-06-02,Madera,039,155013,16659,928,17587,246
2021-06-02,Marin,041,260295,5672,196,5868,178
2021-06-02,Mariposa,043,17540,435,11,446,6
2021-06-02,Mendocino,045,87422,4050,83,4133,49
2021-06-02,Merced,047,269075,31071,1031,32102,497
2021-06-02,Modoc,049,8938,380,130,510,4
2021-06-02,Mono,051,14174,1264,17,1281,3
2021-06-02,Monterey,053,433212,43198,1832,45030,583
2021-06-02,Napa,055,140530,9908,34,9942,81
2021-06-02,Nevada,057,99092,4862,190,5052,70
2021-06-02,Orange,059,3164182,255781,11274,267055,5224
2021-06-02,Placer,061,380077,23433,1500,24933,303
2021-06-02,Plumas,063,18699,712,11,723,5
2021-06-02,Riverside,065,2383286,294436,13890,308326,4592
2021-06-02,Sacramento,067,1510023,106741,1757,108498,1674
2021-06-02,San Benito,069,59416,6057,113,6170,60
2021-06-02,San Bernardino,071,2135413,293525,8914,302439,5301
2021-06-02,San Diego,073,3302833,281439,15032,296471,3773
2021-06-02,San Francisco,075,870044,36831,1272,38103,565
2021-06-02,San Joaquin,077,732212,73400,3510,76910,1440
2021-06-02,San Luis Obispo,079,281455,21450,737,22187,256
2021-06-02,San Mateo,081,765935,42407,470,42877,546
2021-06-02,Santa Barbara,083,443738,34486,1115,35601,458
2021-06-02,Santa Clara,085,1922200,118838,749,119587,1744
2021-06-02,Santa Cruz,087,273765,16260,797,17057,209
2021-06-02,Shasta,089,179085,12388,1584,13972,202
2021-06-02,Sierra,091,2930,57,12,69,0
2021-06-02,Siskiyou,093,43540,1950,357,2307,29
2021-06-02,Solano,095,438530,33048,552,33600,268
2021-06-02,Sonoma,097,501317,30296,336,30632,313
2021-06-02,Stanislaus,099,539301,56572,5890,62462,993
2021-06-02,Sutter,101,95872,9506,85,9591,125
2021-06-02,Tehama,103,63373,5103,571,5674,74
2021-06-02,Trinity,105,12862,484,92,576,4
2021-06-02,Tulare,107,460477,50311,8926,59237,881
2021-06-02,Tuolumne,109,53932,4039,43,4082,65
2021-06-02,Ventura,111,848112,81473,2960,84433,1038
2021-06-02,Yolo,113,214977,14055,240,14295,231
2021-06-02,Yuba,115,75493,6090,126,6216,48
2021-06-01,Alameda,001,1643700,88342,1924,90266,1257
2021-06-01,Alpine,002,1148,87,0,87,0
2021-06-01,Amador,005,37829,3689,32,3721,47
2021-06-01,Butte,007,227075,12587,1839,14426,199
2021-06-01,Calaveras,009,45235,2175,13,2188,55
2021-06-01,Colusa,011,21464,1953,313,2266,16
2021-06-01,Contra Costa,013,1133247,69879,1268,71147,819
2021-06-01,Del Norte,015,27424,1424,13,1437,8
2021-06-01,El Dorado,017,186661,10340,746,11086,114
2021-06-01,Fresno,019,978130,102894,8612,111506,1735
2021-06-01,Glenn,021,27897,2437,558,2995,27
2021-06-01,Humboldt,023,135768,4318,38,4356,43
2021-06-01,Imperial,025,180216,28669,2687,31356,744
2021-06-01,Inyo,027,18085,1405,12,1417,38
2021-06-01,Kern,029,883053,97459,10877,108336,1336
2021-06-01,Kings,031,150075,23169,1076,24245,248
2021-06-01,Lake,033,64148,3543,9,3552,63
2021-06-01,Lassen,035,31185,5220,114,5334,18
2021-06-01,Los Angeles,037,10098052,1208356,40402,1248758,24448
2021-06-01,Madera,039,155013,16650,927,17577,246
2021-06-01,Marin,041,260295,5670,196,5866,178
2021-06-01,Mariposa,043,17540,435,11,446,6
2021-06-01,Mendocino,045,87422,4043,83,4126,49
2021-06-01,Merced,047,269075,31061,1031,32092,497
2021-06-01,Modoc,049,8938,378,130,508,4
2021-06-01,Mono,051,14174,1264,17,1281,3
2021-06-01,Monterey,053,433212,43192,1832,45024,582
2021-06-01,Napa,055,140530,9906,34,9940,80
2021-06-01,Nevada,057,99092,4857,190,5047,70
2021-06-01,Orange,059,3164182,255745,11265,267010,5224
2021-06-01,Placer,061,380077,23403,1498,24901,303
2021-06-01,Plumas,063,18699,711,11,722,5
2021-06-01,Riverside,065,2383286,294383,13884,308267,4592
2021-06-01,Sacramento,067,1510023,106669,1755,108424,1673
2021-06-01,San Benito,069,59416,6056,112,6168,60
2021-06-01,San Bernardino,071,2135413,293500,8913,302413,5301
2021-06-01,San Diego,073,3302833,281335,15015,296350,3771
2021-06-01,San Francisco,075,870044,36815,1272,38087,565
2021-06-01,San Joaquin,077,732212,73368,3509,76877,1440
2021-06-01,San Luis Obispo,079,281455,21445,737,22182,256
2021-06-01,San Mateo,081,765935,42391,469,42860,546
2021-06-01,Santa Barbara,083,443738,34482,1115,35597,457
2021-06-01,Santa Clara,085,1922200,118810,749,119559,1744
2021-06-01,Santa Cruz,087,273765,16256,796,17052,209
2021-06-01,Shasta,089,179085,12379,1579,13958,202
2021-06-01,Sierra,091,2930,57,12,69,0
2021-06-01,Siskiyou,093,43540,1943,356,2299,29
2021-06-01,Solano,095,438530,33023,551,33574,268
2021-06-01,Sonoma,097,501317,30257,335,30592,313
2021-06-01,Stanislaus,099,539301,56555,5888,62443,993
2021-06-01,Sutter,101,95872,9499,85,9584,125
2021-06-01,Tehama,103,63373,5101,571,5672,74
2021-06-01,Trinity,105,12862,483,91,574,4
2021-06-01,Tulare,107,460477,50303,8922,59225,880
2021-06-01,Tuolumne,109,53932,4039,43,4082,65
2021-06-01,Ventura,111,848112,81457,2959,84416,1038
2021-06-01,Yolo,113,214977,14049,240,14289,231
2021-06-01,Yuba,115,75493,6086,126,6212,48
2021-05-31,Alameda,001,1643700,88306,1920,90226,1255
2021-05-31,Alpine,002,1148,87,0,87,0
2021-05-31,Amador,005,37829,3683,32,3715,47
2021-05-31,Butte,007,227075,12574,1839,14413,199
2021-05-31,Calaveras,009,45235,2174,13,2187,55
2021-05-31,Colusa,011,21464,1953,312,2265,16
2021-05-31,Contra Costa,013,1133247,69842,1267,71109,819
2021-05-31,Del Norte,015,27424,1421,13,1434,8
2021-05-31,El Dorado,017,186661,10334,744,11078,114
2021-05-31,Fresno,019,978130,102857,8612,111469,1735
2021-05-31,Glenn,021,27897,2436,557,2993,27
2021-05-31,Humboldt,023,135768,4306,38,4344,43
2021-05-31,Imperial,025,180216,28663,2684,31347,744
2021-05-31,Inyo,027,18085,1404,12,1416,38
2021-05-31,Kern,029,883053,97423,10868,108291,1335
2021-05-31,Kings,031,150075,23165,1076,24241,248
2021-05-31,Lake,033,64148,3538,9,3547,63
2021-05-31,Lassen,035,31185,5218,113,5331,18
2021-05-31,Los Angeles,037,10098052,1208113,40393,1248506,24448
2021-05-31,Madera,039,155013,16649,926,17575,246
2021-05-31,Marin,041,260295,5668,196,5864,178
2021-05-31,Mariposa,043,17540,435,11,446,6
2021-05-31,Mendocino,045,87422,4033,83,4116,49
2021-05-31,Merced,047,269075,31056,1031,32087,496
2021-05-31,Modoc,049,8938,377,130,507,4
2021-05-31,Mono,051,14174,1264,17,1281,3
2021-05-31,Monterey,053,433212,43188,1832,45020,582
2021-05-31,Napa,055,140530,9899,34,9933,80
2021-05-31,Nevada,057,99092,4847,189,5036,70
2021-05-31,Orange,059,3164182,255717,11257,266974,5223
2021-05-31,Placer,061,380077,23376,1494,24870,303
2021-05-31,Plumas,063,18699,710,11,721,5
2021-05-31,Riverside,065,2383286,294326,13872,308198,4592
2021-05-31,Sacramento,067,1510023,106572,1750,108322,1670
2021-05-31,San Benito,069,59416,6056,112,6168,60
2021-05-31,San Bernardino,071,2135413,293452,8912,302364,5301
2021-05-31,San Diego,073,3302833,281231,15003,296234,3770
2021-05-31,San Francisco,075,870044,36800,1271,38071,565
2021-05-31,San Joaquin,077,732212,73319,3503,76822,1440
2021-05-31,San Luis Obispo,079,281455,21437,737,22174,256
2021-05-31,San Mateo,081,765935,42375,469,42844,546
2021-05-31,Santa Barbara,083,443738,34469,1113,35582,456
2021-05-31,Santa Clara,085,1922200,118766,749,119515,1743
2021-05-31,Santa Cruz,087,273765,16253,796,17049,208
2021-05-31,Shasta,089,179085,12363,1576,13939,202
2021-05-31,Sierra,091,2930,57,12,69,0
2021-05-31,Siskiyou,093,43540,1942,355,2297,29
2021-05-31,Solano,095,438530,32974,551,33525,268
2021-05-31,Sonoma,097,501317,30214,335,30549,313
2021-05-31,Stanislaus,099,539301,56514,5885,62399,993
2021-05-31,Sutter,101,95872,9480,85,9565,125
2021-05-31,Tehama,103,63373,5098,570,5668,74
2021-05-31,Trinity,105,12862,483,91,574,4
2021-05-31,Tulare,107,460477,50292,8917,59209,880
2021-05-31,Tuolumne,109,53932,4037,43,4080,65
2021-05-31,Ventura,111,848112,81442,2956,84398,1038
2021-05-31,Yolo,113,214977,14045,240,14285,230
2021-05-31,Yuba,115,75493,6080,123,6203,48
2021-05-30,Alameda,001,1643700,88283,1920,90203,1255
2021-05-30,Alpine,002,1148,87,0,87,0
2021-05-30,Amador,005,37829,3679,32,3711,47
2021-05-30,Butte,007,227075,12566,1837,14403,199
2021-05-30,Calaveras,009,45235,2170,13,2183,55
2021-05-30,Colusa,011,21464,1953,312,2265,16
2021-05-30,Contra Costa,013,1133247,69808,1265,71073,818
2021-05-30,Del Norte,015,27424,1420,13,1433,8
2021-05-30,El Dorado,017,186661,10331,744,11075,114
2021-05-30,Fresno,019,978130,102840,8608,111448,1734
2021-05-30,Glenn,021,27897,2436,556,2992,27
2021-05-30,Humboldt,023,135768,4298,38,4336,43
2021-05-30,Imperial,025,180216,28659,2683,31342,744
2021-05-30,Inyo,027,18085,1404,12,1416,38
2021-05-30,Kern,029,883053,97407,10865,108272,1335
2021-05-30,Kings,031,150075,23164,1076,24240,248
2021-05-30,Lake,033,64148,3538,9,3547,63
2021-05-30,Lassen,035,31185,5216,113,5329,18
2021-05-30,Los Angeles,037,10098052,1207998,40386,1248384,24444
2021-05-30,Madera,039,155013,16645,926,17571,246
2021-05-30,Marin,041,260295,5664,195,5859,177
2021-05-30,Mariposa,043,17540,435,11,446,6
2021-05-30,Mendocino,045,87422,4026,83,4109,49
2021-05-30,Merced,047,269075,31052,1030,32082,494
2021-05-30,Modoc,049,8938,377,130,507,4
2021-05-30,Mono,051,14174,1264,17,1281,3
2021-05-30,Monterey,053,433212,43185,1832,45017,582
2021-05-30,Napa,055,140530,9898,34,9932,80
2021-05-30,Nevada,057,99092,4841,189,5030,70
2021-05-30,Orange,059,3164182,255694,11256,266950,5222
2021-05-30,Placer,061,380077,23370,1494,24864,302
2021-05-30,Plumas,063,18699,708,11,719,5
2021-05-30,Riverside,065,2383286,294305,13870,308175,4591
2021-05-30,Sacramento,067,1510023,106527,1748,108275,1669
2021-05-30,San Benito,069,59416,6056,112,6168,60
2021-05-30,San Bernardino,071,2135413,293426,8911,302337,5301
2021-05-30,San Diego,073,3302833,281175,14998,296173,3769
2021-05-30,San Francisco,075,870044,36781,1271,38052,565
2021-05-30,San Joaquin,077,732212,73302,3502,76804,1440
2021-05-30,San Luis Obispo,079,281455,21428,736,22164,256
2021-05-30,San Mateo,081,765935,42367,469,42836,545
2021-05-30,Santa Barbara,083,443738,34465,1113,35578,456
2021-05-30,Santa Clara,085,1922200,118744,745,119489,1743
2021-05-30,Santa Cruz,087,273765,16251,796,17047,208
2021-05-30,Shasta,089,179085,12361,1573,13934,202
2021-05-30,Sierra,091,2930,57,12,69,0
2021-05-30,Siskiyou,093,43540,1942,355,2297,29
2021-05-30,Solano,095,438530,32963,550,33513,268
2021-05-30,Sonoma,097,501317,30197,334,30531,313
2021-05-30,Stanislaus,099,539301,56503,5884,62387,993
2021-05-30,Sutter,101,95872,9479,84,9563,125
2021-05-30,Tehama,103,63373,5098,570,5668,74
2021-05-30,Trinity,105,12862,483,91,574,4
2021-05-30,Tulare,107,460477,50285,8909,59194,880
2021-05-30,Tuolumne,109,53932,4037,43,4080,65
2021-05-30,Ventura,111,848112,81438,2955,84393,1038
2021-05-30,Yolo,113,214977,14040,239,14279,230
2021-05-30,Yuba,115,75493,6073,122,6195,48
2021-05-29,Alameda,001,1643700,88260,1918,90178,1255
2021-05-29,Alpine,002,1148,87,0,87,0
2021-05-29,Amador,005,37829,3678,32,3710,47
2021-05-29,Butte,007,227075,12560,1837,14397,199
2021-05-29,Calaveras,009,45235,2169,13,2182,55
2021-05-29,Colusa,011,21464,1950,312,2262,16
2021-05-29,Contra Costa,013,1133247,69775,1265,71040,818
2021-05-29,Del Norte,015,27424,1420,13,1433,8
2021-05-29,El Dorado,017,186661,10330,742,11072,114
2021-05-29,Fresno,019,978130,102828,8605,111433,1733
2021-05-29,Glenn,021,27897,2436,555,2991,27
2021-05-29,Humboldt,023,135768,4292,38,4330,43
2021-05-29,Imperial,025,180216,28656,2682,31338,743
2021-05-29,Inyo,027,18085,1404,12,1416,38
2021-05-29,Kern,029,883053,97396,10852,108248,1335
2021-05-29,Kings,031,150075,23163,1075,24238,248
2021-05-29,Lake,033,64148,3538,9,3547,63
2021-05-29,Lassen,035,31185,5216,113,5329,18
2021-05-29,Los Angeles,037,10098052,1207876,40383,1248259,24440
2021-05-29,Madera,039,155013,16643,926,17569,246
2021-05-29,Marin,041,260295,5660,194,5854,177
2021-05-29,Mariposa,043,17540,434,11,445,6
2021-05-29,Mendocino,045,87422,4020,83,4103,49
2021-05-29,Merced,047,269075,31040,1030,32070,494
2021-05-29,Modoc,049,8938,377,130,507,4
2021-05-29,Mono,051,14174,1264,17,1281,3
2021-05-29,Monterey,053,433212,43183,1832,45015,582
2021-05-29,Napa,055,140530,9895,34,9929,80
2021-05-29,Nevada,057,99092,4840,189,5029,70
2021-05-29,Orange,059,3164182,255672,11246,266918,5222
2021-05-29,Placer,061,380077,23355,1493,24848,302
2021-05-29,Plumas,063,18699,708,11,719,5
2021-05-29,Riverside,065,2383286,294285,13869,308154,4589
2021-05-29,Sacramento,067,1510023,106497,1747,108244,1668
2021-05-29,San Benito,069,59416,6055,112,6167,60
2021-05-29,San Bernardino,071,2135413,293393,8910,302303,5301
2021-05-29,San Diego,073,3302833,281116,14993,296109,3769
2021-05-29,San Francisco,075,870044,36772,1271,38043,565
2021-05-29,San Joaquin,077,732212,73286,3500,76786,1440
2021-05-29,San Luis Obispo,079,281455,21426,736,22162,256
2021-05-29,San Mateo,081,765935,42359,468,42827,545
2021-05-29,Santa Barbara,083,443738,34461,1113,35574,456
2021-05-29,Santa Clara,085,1922200,118720,744,119464,1742
2021-05-29,Santa Cruz,087,273765,16250,796,17046,208
2021-05-29,Shasta,089,179085,12353,1572,13925,202
2021-05-29,Sierra,091,2930,57,12,69,0
2021-05-29,Siskiyou,093,43540,1937,355,2292,29
2021-05-29,Solano,095,438530,32954,550,33504,268
2021-05-29,Sonoma,097,501317,30174,333,30507,313
2021-05-29,Stanislaus,099,539301,56485,5882,62367,993
2021-05-29,Sutter,101,95872,9475,84,9559,125
2021-05-29,Tehama,103,63373,5097,570,5667,74
2021-05-29,Trinity,105,12862,483,91,574,4
2021-05-29,Tulare,107,460477,50275,8905,59180,880
2021-05-29,Tuolumne,109,53932,4037,43,4080,65
2021-05-29,Ventura,111,848112,81430,2955,84385,1038
2021-05-29,Yolo,113,214977,14039,239,14278,230
2021-05-29,Yuba,115,75493,6073,122,6195,48
2021-05-28,Alameda,001,1643700,88236,1914,90150,1255
2021-05-28,Alpine,002,1148,87,0,87,0
2021-05-28,Amador,005,37829,3678,32,3710,47
2021-05-28,Butte,007,227075,12557,1836,14393,199
2021-05-28,Calaveras,009,45235,2168,13,2181,55
2021-05-28,Colusa,011,21464,1950,310,2260,16
2021-05-28,Contra Costa,013,1133247,69739,1264,71003,818
2021-05-28,Del Norte,015,27424,1419,13,1432,8
2021-05-28,El Dorado,017,186661,10327,742,11069,114
2021-05-28,Fresno,019,978130,102813,8605,111418,1733
2021-05-28,Glenn,021,27897,2436,555,2991,26
2021-05-28,Humboldt,023,135768,4285,38,4323,43
2021-05-28,Imperial,025,180216,28653,2682,31335,743
2021-05-28,Inyo,027,18085,1404,12,1416,38
2021-05-28,Kern,029,883053,97379,10844,108223,1334
2021-05-28,Kings,031,150075,23161,1075,24236,248
2021-05-28,Lake,033,64148,3536,9,3545,63
2021-05-28,Lassen,035,31185,5216,113,5329,18
2021-05-28,Los Angeles,037,10098052,1207765,40373,1248138,24435
2021-05-28,Madera,039,155013,16641,926,17567,246
2021-05-28,Marin,041,260295,5659,193,5852,177
2021-05-28,Mariposa,043,17540,434,11,445,6
2021-05-28,Mendocino,045,87422,4015,83,4098,49
2021-05-28,Merced,047,269075,31037,1030,32067,493
2021-05-28,Modoc,049,8938,377,130,507,4
2021-05-28,Mono,051,14174,1264,17,1281,3
2021-05-28,Monterey,053,433212,43182,1832,45014,582
2021-05-28,Napa,055,140530,9895,34,9929,80
2021-05-28,Nevada,057,99092,4838,189,5027,70
2021-05-28,Orange,059,3164182,255652,11244,266896,5220
2021-05-28,Placer,061,380077,23345,1491,24836,302
2021-05-28,Plumas,063,18699,706,11,717,5
2021-05-28,Riverside,065,2383286,294263,13867,308130,4588
2021-05-28,Sacramento,067,1510023,106441,1745,108186,1666
2021-05-28,San Benito,069,59416,6055,112,6167,60
2021-05-28,San Bernardino,071,2135413,293370,8910,302280,5298
2021-05-28,San Diego,073,3302833,281053,14982,296035,3764
2021-05-28,San Francisco,075,870044,36766,1271,38037,565
2021-05-28,San Joaquin,077,732212,73256,3498,76754,1440
2021-05-28,San Luis Obispo,079,281455,21421,734,22155,256
2021-05-28,San Mateo,081,765935,42353,468,42821,545
2021-05-28,Santa Barbara,083,443738,34460,1113,35573,456
2021-05-28,Santa Clara,085,1922200,118696,744,119440,1741
2021-05-28,Santa Cruz,087,273765,16249,796,17045,208
2021-05-28,Shasta,089,179085,12344,1570,13914,202
2021-05-28,Sierra,091,2930,57,12,69,0
2021-05-28,Siskiyou,093,43540,1935,355,2290,29
2021-05-28,Solano,095,438530,32939,550,33489,268
2021-05-28,Sonoma,097,501317,30155,333,30488,313
2021-05-28,Stanislaus,099,539301,56466,5879,62345,992
2021-05-28,Sutter,101,95872,9471,84,9555,125
2021-05-28,Tehama,103,63373,5091,570,5661,74
2021-05-28,Trinity,105,12862,483,91,574,4
2021-05-28,Tulare,107,460477,50270,8896,59166,880
2021-05-28,Tuolumne,109,53932,4037,43,4080,65
2021-05-28,Ventura,111,848112,81419,2954,84373,1038
2021-05-28,Yolo,113,214977,14036,238,14274,229
2021-05-28,Yuba,115,75493,6071,121,6192,48
2021-05-27,Alameda,001,1643700,88201,1914,90115,1255
2021-05-27,Alpine,002,1148,87,0,87,0
2021-05-27,Amador,005,37829,3675,32,3707,47
2021-05-27,Butte,007,227075,12552,1835,14387,199
2021-05-27,Calaveras,009,45235,2167,13,2180,55
2021-05-27,Colusa,011,21464,1947,310,2257,16
2021-05-27,Contra Costa,013,1133247,69697,1262,70959,818
2021-05-27,Del Norte,015,27424,1419,13,1432,8
2021-05-27,El Dorado,017,186661,10326,742,11068,114
2021-05-27,Fresno,019,978130,102797,8602,111399,1733
2021-05-27,Glenn,021,27897,2436,555,2991,26
2021-05-27,Humboldt,023,135768,4277,38,4315,43
2021-05-27,Imperial,025,180216,28642,2682,31324,743
2021-05-27,Inyo,027,18085,1404,12,1416,38
2021-05-27,Kern,029,883053,97363,10836,108199,1334
2021-05-27,Kings,031,150075,23158,1075,24233,248
2021-05-27,Lake,033,64148,3531,9,3540,63
2021-05-27,Lassen,035,31185,5215,112,5327,18
2021-05-27,Los Angeles,037,10098052,1207595,40360,1247955,24432
2021-05-27,Madera,039,155013,16632,926,17558,246
2021-05-27,Marin,041,260295,5655,193,5848,177
2021-05-27,Mariposa,043,17540,432,11,443,6
2021-05-27,Mendocino,045,87422,4009,83,4092,49
2021-05-27,Merced,047,269075,31025,1030,32055,493
2021-05-27,Modoc,049,8938,376,130,506,4
2021-05-27,Mono,051,14174,1264,17,1281,3
2021-05-27,Monterey,053,433212,43176,1832,45008,582
2021-05-27,Napa,055,140530,9894,34,9928,80
2021-05-27,Nevada,057,99092,4834,187,5021,70
2021-05-27,Orange,059,3164182,255615,11240,266855,5218
2021-05-27,Placer,061,380077,23336,1491,24827,302
2021-05-27,Plumas,063,18699,706,11,717,5
2021-05-27,Riverside,065,2383286,294227,13862,308089,4587
2021-05-27,Sacramento,067,1510023,106366,1743,108109,1666
2021-05-27,San Benito,069,59416,6054,112,6166,60
2021-05-27,San Bernardino,071,2135413,293334,8908,302242,5297
2021-05-27,San Diego,073,3302833,280979,14968,295947,3763
2021-05-27,San Francisco,075,870044,36760,1268,38028,565
2021-05-27,San Joaquin,077,732212,73224,3495,76719,1440
2021-05-27,San Luis Obispo,079,281455,21416,734,22150,256
2021-05-27,San Mateo,081,765935,42344,468,42812,544
2021-05-27,Santa Barbara,083,443738,34455,1113,35568,456
2021-05-27,Santa Clara,085,1922200,118675,744,119419,1740
2021-05-27,Santa Cruz,087,273765,16247,796,17043,208
2021-05-27,Shasta,089,179085,12334,1570,13904,201
2021-05-27,Sierra,091,2930,57,12,69,0
2021-05-27,Siskiyou,093,43540,1932,355,2287,29
2021-05-27,Solano,095,438530,32898,549,33447,268
2021-05-27,Sonoma,097,501317,30128,329,30457,313
2021-05-27,Stanislaus,099,539301,56441,5878,62319,992
2021-05-27,Sutter,101,95872,9467,84,9551,125
2021-05-27,Tehama,103,63373,5088,569,5657,74
2021-05-27,Trinity,105,12862,483,91,574,4
2021-05-27,Tulare,107,460477,50256,8887,59143,880
2021-05-27,Tuolumne,109,53932,4036,43,4079,65
2021-05-27,Ventura,111,848112,81406,2951,84357,1038
2021-05-27,Yolo,113,214977,14033,238,14271,229
2021-05-27,Yuba,115,75493,6066,120,6186,47
2021-05-26,Alameda,001,1643700,88172,1914,90086,1255
2021-05-26,Alpine,002,1148,87,0,87,0
2021-05-26,Amador,005,37829,3675,32,3707,47
2021-05-26,Butte,007,227075,12543,1834,14377,199
2021-05-26,Calaveras,009,45235,2166,13,2179,55
2021-05-26,Colusa,011,21464,1946,310,2256,16
2021-05-26,Contra Costa,013,1133247,69660,1262,70922,817
2021-05-26,Del Norte,015,27424,1419,12,1431,8
2021-05-26,El Dorado,017,186661,10322,741,11063,114
2021-05-26,Fresno,019,978130,102764,8597,111361,1732
2021-05-26,Glenn,021,27897,2435,555,2990,26
2021-05-26,Humboldt,023,135768,4272,38,4310,43
2021-05-26,Imperial,025,180216,28637,2680,31317,743
2021-05-26,Inyo,027,18085,1404,12,1416,38
2021-05-26,Kern,029,883053,97338,10829,108167,1334
2021-05-26,Kings,031,150075,23154,1074,24228,247
2021-05-26,Lake,033,64148,3530,9,3539,63
2021-05-26,Lassen,035,31185,5214,112,5326,18
2021-05-26,Los Angeles,037,10098052,1207429,40344,1247773,24423
2021-05-26,Madera,039,155013,16629,926,17555,246
2021-05-26,Marin,041,260295,5652,192,5844,177
2021-05-26,Mariposa,043,17540,432,11,443,6
2021-05-26,Mendocino,045,87422,4003,83,4086,49
2021-05-26,Merced,047,269075,31016,1030,32046,493
2021-05-26,Modoc,049,8938,376,129,505,4
2021-05-26,Mono,051,14174,1264,17,1281,3
2021-05-26,Monterey,053,433212,43170,1831,45001,581
2021-05-26,Napa,055,140530,9887,32,9919,80
2021-05-26,Nevada,057,99092,4829,187,5016,70
2021-05-26,Orange,059,3164182,255579,11237,266816,5218
2021-05-26,Placer,061,380077,23312,1491,24803,302
2021-05-26,Plumas,063,18699,705,11,716,5
2021-05-26,Riverside,065,2383286,294181,13855,308036,4587
2021-05-26,Sacramento,067,1510023,106280,1739,108019,1665
2021-05-26,San Benito,069,59416,6054,112,6166,60
2021-05-26,San Bernardino,071,2135413,293299,8907,302206,5297
2021-05-26,San Diego,073,3302833,280904,14958,295862,3763
2021-05-26,San Francisco,075,870044,36748,1268,38016,565
2021-05-26,San Joaquin,077,732212,73182,3492,76674,1439
2021-05-26,San Luis Obispo,079,281455,21410,734,22144,256
2021-05-26,San Mateo,081,765935,42335,468,42803,544
2021-05-26,Santa Barbara,083,443738,34446,1113,35559,456
2021-05-26,Santa Clara,085,1922200,118648,743,119391,1740
2021-05-26,Santa Cruz,087,273765,16246,796,17042,208
2021-05-26,Shasta,089,179085,12319,1567,13886,201
2021-05-26,Sierra,091,2930,57,12,69,0
2021-05-26,Siskiyou,093,43540,1930,353,2283,29
2021-05-26,Solano,095,438530,32862,549,33411,268
2021-05-26,Sonoma,097,501317,30101,329,30430,313
2021-05-26,Stanislaus,099,539301,56419,5876,62295,992
2021-05-26,Sutter,101,95872,9462,84,9546,125
2021-05-26,Tehama,103,63373,5087,566,5653,74
2021-05-26,Trinity,105,12862,483,91,574,4
2021-05-26,Tulare,107,460477,50249,8883,59132,880
2021-05-26,Tuolumne,109,53932,4032,42,4074,65
2021-05-26,Ventura,111,848112,81383,2949,84332,1035
2021-05-26,Yolo,113,214977,14030,238,14268,228
2021-05-26,Yuba,115,75493,6061,120,6181,47
2021-05-25,Alameda,001,1643700,88141,1914,90055,1253
2021-05-25,Alpine,002,1148,87,0,87,0
2021-05-25,Amador,005,37829,3670,32,3702,47
2021-05-25,Butte,007,227075,12532,1833,14365,199
2021-05-25,Calaveras,009,45235,2164,13,2177,55
2021-05-25,Colusa,011,21464,1945,310,2255,16
2021-05-25,Contra Costa,013,1133247,69608,1257,70865,815
2021-05-25,Del Norte,015,27424,1419,12,1431,8
2021-05-25,El Dorado,017,186661,10315,740,11055,114
2021-05-25,Fresno,019,978130,102743,8596,111339,1732
2021-05-25,Glenn,021,27897,2434,554,2988,26
2021-05-25,Humboldt,023,135768,4265,36,4301,43
2021-05-25,Imperial,025,180216,28630,2680,31310,743
2021-05-25,Inyo,027,18085,1404,12,1416,38
2021-05-25,Kern,029,883053,97307,10815,108122,1334
2021-05-25,Kings,031,150075,23147,1074,24221,247
2021-05-25,Lake,033,64148,3529,9,3538,63
2021-05-25,Lassen,035,31185,5210,112,5322,18
2021-05-25,Los Angeles,037,10098052,1207242,40326,1247568,24421
2021-05-25,Madera,039,155013,16624,925,17549,246
2021-05-25,Marin,041,260295,5646,192,5838,177
2021-05-25,Mariposa,043,17540,431,11,442,6
2021-05-25,Mendocino,045,87422,3998,83,4081,49
2021-05-25,Merced,047,269075,30995,1030,32025,493
2021-05-25,Modoc,049,8938,375,129,504,4
2021-05-25,Mono,051,14174,1264,17,1281,3
2021-05-25,Monterey,053,433212,43166,1830,44996,581
2021-05-25,Napa,055,140530,9885,32,9917,80
2021-05-25,Nevada,057,99092,4823,187,5010,70
2021-05-25,Orange,059,3164182,255550,11236,266786,5215
2021-05-25,Placer,061,380077,23301,1489,24790,302
2021-05-25,Plumas,063,18699,705,11,716,5
2021-05-25,Riverside,065,2383286,294142,13852,307994,4586
2021-05-25,Sacramento,067,1510023,106199,1736,107935,1665
2021-05-25,San Benito,069,59416,6054,112,6166,60
2021-05-25,San Bernardino,071,2135413,293239,8905,302144,5294
2021-05-25,San Diego,073,3302833,280822,14953,295775,3763
2021-05-25,San Francisco,075,870044,36725,1268,37993,565
2021-05-25,San Joaquin,077,732212,73140,3489,76629,1439
2021-05-25,San Luis Obispo,079,281455,21407,734,22141,256
2021-05-25,San Mateo,081,765935,42325,468,42793,544
2021-05-25,Santa Barbara,083,443738,34443,1113,35556,456
2021-05-25,Santa Clara,085,1922200,118624,742,119366,1739
2021-05-25,Santa Cruz,087,273765,16241,796,17037,208
2021-05-25,Shasta,089,179085,12310,1565,13875,200
2021-05-25,Sierra,091,2930,56,12,68,0
2021-05-25,Siskiyou,093,43540,1929,352,2281,27
2021-05-25,Solano,095,438530,32842,548,33390,268
2021-05-25,Sonoma,097,501317,30072,328,30400,313
2021-05-25,Stanislaus,099,539301,56383,5873,62256,992
2021-05-25,Sutter,101,95872,9458,84,9542,125
2021-05-25,Tehama,103,63373,5085,565,5650,74
2021-05-25,Trinity,105,12862,483,90,573,4
2021-05-25,Tulare,107,460477,50239,8875,59114,880
2021-05-25,Tuolumne,109,53932,4032,42,4074,65
2021-05-25,Ventura,111,848112,81365,2949,84314,1034
2021-05-25,Yolo,113,214977,14022,236,14258,228
2021-05-25,Yuba,115,75493,6054,120,6174,47
2021-05-24,Alameda,001,1643700,88101,1912,90013,1252
2021-05-24,Alpine,002,1148,87,0,87,0
2021-05-24,Amador,005,37829,3668,32,3700,47
2021-05-24,Butte,007,227075,12519,1830,14349,199
2021-05-24,Calaveras,009,45235,2162,13,2175,55
2021-05-24,Colusa,011,21464,1945,310,2255,16
2021-05-24,Contra Costa,013,1133247,69567,1253,70820,814
2021-05-24,Del Norte,015,27424,1418,12,1430,8
2021-05-24,El Dorado,017,186661,10305,739,11044,114
2021-05-24,Fresno,019,978130,102701,8595,111296,1731
2021-05-24,Glenn,021,27897,2434,554,2988,26
2021-05-24,Humboldt,023,135768,4258,36,4294,43
2021-05-24,Imperial,025,180216,28628,2680,31308,743
2021-05-24,Inyo,027,18085,1404,12,1416,38
2021-05-24,Kern,029,883053,97280,10810,108090,1334
2021-05-24,Kings,031,150075,23143,1074,24217,247
2021-05-24,Lake,033,64148,3527,9,3536,62
2021-05-24,Lassen,035,31185,5206,112,5318,18
2021-05-24,Los Angeles,037,10098052,1207070,40312,1247382,24418
2021-05-24,Madera,039,155013,16620,924,17544,246
2021-05-24,Marin,041,260295,5644,192,5836,177
2021-05-24,Mariposa,043,17540,430,11,441,6
2021-05-24,Mendocino,045,87422,3996,83,4079,49
2021-05-24,Merced,047,269075,30985,1029,32014,493
2021-05-24,Modoc,049,8938,375,128,503,4
2021-05-24,Mono,051,14174,1264,17,1281,3
2021-05-24,Monterey,053,433212,43161,1829,44990,581
2021-05-24,Napa,055,140530,9885,32,9917,80
2021-05-24,Nevada,057,99092,4820,187,5007,70
2021-05-24,Orange,059,3164182,255516,11226,266742,5215
2021-05-24,Placer,061,380077,23282,1488,24770,302
2021-05-24,Plumas,063,18699,704,11,715,5
2021-05-24,Riverside,065,2383286,294085,13842,307927,4585
2021-05-24,Sacramento,067,1510023,106084,1735,107819,1665
2021-05-24,San Benito,069,59416,6054,112,6166,60
2021-05-24,San Bernardino,071,2135413,293199,8904,302103,5293
2021-05-24,San Diego,073,3302833,280714,14943,295657,3763
2021-05-24,San Francisco,075,870044,36705,1265,37970,565
2021-05-24,San Joaquin,077,732212,73108,3489,76597,1439
2021-05-24,San Luis Obispo,079,281455,21389,733,22122,256
2021-05-24,San Mateo,081,765935,42315,468,42783,544
2021-05-24,Santa Barbara,083,443738,34438,1113,35551,456
2021-05-24,Santa Clara,085,1922200,118592,742,119334,1739
2021-05-24,Santa Cruz,087,273765,16235,796,17031,208
2021-05-24,Shasta,089,179085,12293,1562,13855,200
2021-05-24,Sierra,091,2930,56,12,68,0
2021-05-24,Siskiyou,093,43540,1926,352,2278,26
2021-05-24,Solano,095,438530,32818,547,33365,268
2021-05-24,Sonoma,097,501317,30057,328,30385,313
2021-05-24,Stanislaus,099,539301,56349,5869,62218,989
2021-05-24,Sutter,101,95872,9452,84,9536,125
2021-05-24,Tehama,103,63373,5082,563,5645,74
2021-05-24,Trinity,105,12862,483,90,573,4
2021-05-24,Tulare,107,460477,50232,8871,59103,879
2021-05-24,Tuolumne,109,53932,4032,42,4074,65
2021-05-24,Ventura,111,848112,81352,2947,84299,1033
2021-05-24,Yolo,113,214977,14005,234,14239,228
2021-05-24,Yuba,115,75493,6045,120,6165,47
2021-05-23,Alameda,001,1643700,88038,1910,89948,1251
2021-05-23,Alpine,002,1148,87,0,87,0
2021-05-23,Amador,005,37829,3667,32,3699,47
2021-05-23,Butte,007,227075,12505,1829,14334,199
2021-05-23,Calaveras,009,45235,2154,13,2167,55
2021-05-23,Colusa,011,21464,1945,308,2253,16
2021-05-23,Contra Costa,013,1133247,69523,1251,70774,814
2021-05-23,Del Norte,015,27424,1414,12,1426,8
2021-05-23,El Dorado,017,186661,10299,739,11038,114
2021-05-23,Fresno,019,978130,102656,8590,111246,1729
2021-05-23,Glenn,021,27897,2432,554,2986,25
2021-05-23,Humboldt,023,135768,4240,36,4276,43
2021-05-23,Imperial,025,180216,28622,2679,31301,743
2021-05-23,Inyo,027,18085,1404,12,1416,38
2021-05-23,Kern,029,883053,97256,10802,108058,1334
2021-05-23,Kings,031,150075,23131,1072,24203,247
2021-05-23,Lake,033,64148,3524,9,3533,62
2021-05-23,Lassen,035,31185,5202,111,5313,18
2021-05-23,Los Angeles,037,10098052,1206881,40301,1247182,24413
2021-05-23,Madera,039,155013,16614,924,17538,246
2021-05-23,Marin,041,260295,5635,191,5826,177
2021-05-23,Mariposa,043,17540,430,11,441,6
2021-05-23,Mendocino,045,87422,3990,82,4072,49
2021-05-23,Merced,047,269075,30976,1029,32005,492
2021-05-23,Modoc,049,8938,371,128,499,4
2021-05-23,Mono,051,14174,1263,17,1280,3
2021-05-23,Monterey,053,433212,43151,1829,44980,581
2021-05-23,Napa,055,140530,9881,32,9913,80
2021-05-23,Nevada,057,99092,4810,187,4997,70
2021-05-23,Orange,059,3164182,255478,11220,266698,5213
2021-05-23,Placer,061,380077,23262,1488,24750,302
2021-05-23,Plumas,063,18699,703,11,714,5
2021-05-23,Riverside,065,2383286,294017,13838,307855,4585
2021-05-23,Sacramento,067,1510023,105968,1732,107700,1663
2021-05-23,San Benito,069,59416,6053,112,6165,60
2021-05-23,San Bernardino,071,2135413,293148,8903,302051,5291
2021-05-23,San Diego,073,3302833,280624,14932,295556,3761
2021-05-23,San Francisco,075,870044,36694,1264,37958,565
2021-05-23,San Joaquin,077,732212,73059,3487,76546,1437
2021-05-23,San Luis Obispo,079,281455,21379,732,22111,256
2021-05-23,San Mateo,081,765935,42298,468,42766,544
2021-05-23,Santa Barbara,083,443738,34431,1113,35544,455
2021-05-23,Santa Clara,085,1922200,118568,742,119310,1739
2021-05-23,Santa Cruz,087,273765,16232,796,17028,208
2021-05-23,Shasta,089,179085,12276,1558,13834,200
2021-05-23,Sierra,091,2930,56,12,68,0
2021-05-23,Siskiyou,093,43540,1921,345,2266,25
2021-05-23,Solano,095,438530,32800,546,33346,268
2021-05-23,Sonoma,097,501317,30028,327,30355,313
2021-05-23,Stanislaus,099,539301,56301,5866,62167,987
2021-05-23,Sutter,101,95872,9443,84,9527,125
2021-05-23,Tehama,103,63373,5075,561,5636,74
2021-05-23,Trinity,105,12862,483,90,573,4
2021-05-23,Tulare,107,460477,50217,8867,59084,879
2021-05-23,Tuolumne,109,53932,4029,42,4071,65
2021-05-23,Ventura,111,848112,81322,2946,84268,1033
2021-05-23,Yolo,113,214977,13993,231,14224,228
2021-05-23,Yuba,115,75493,6040,120,6160,47
2021-05-22,Alameda,001,1643700,88011,1910,89921,1249
2021-05-22,Alpine,002,1148,87,0,87,0
2021-05-22,Amador,005,37829,3666,32,3698,47
2021-05-22,Butte,007,227075,12493,1828,14321,199
2021-05-22,Calaveras,009,45235,2150,13,2163,55
2021-05-22,Colusa,011,21464,1941,307,2248,16
2021-05-22,Contra Costa,013,1133247,69490,1250,70740,812
2021-05-22,Del Norte,015,27424,1413,12,1425,8
2021-05-22,El Dorado,017,186661,10294,738,11032,114
2021-05-22,Fresno,019,978130,102642,8588,111230,1727
2021-05-22,Glenn,021,27897,2432,554,2986,25
2021-05-22,Humboldt,023,135768,4231,35,4266,43
2021-05-22,Imperial,025,180216,28613,2679,31292,743
2021-05-22,Inyo,027,18085,1404,12,1416,38
2021-05-22,Kern,029,883053,97244,10795,108039,1334
2021-05-22,Kings,031,150075,23131,1072,24203,247
2021-05-22,Lake,033,64148,3521,9,3530,62
2021-05-22,Lassen,035,31185,5202,111,5313,18
2021-05-22,Los Angeles,037,10098052,1206772,40293,1247065,24407
2021-05-22,Madera,039,155013,16611,924,17535,246
2021-05-22,Marin,041,260295,5632,191,5823,177
2021-05-22,Mariposa,043,17540,430,11,441,6
2021-05-22,Mendocino,045,87422,3984,82,4066,49
2021-05-22,Merced,047,269075,30966,1029,31995,492
2021-05-22,Modoc,049,8938,371,128,499,4
2021-05-22,Mono,051,14174,1261,17,1278,3
2021-05-22,Monterey,053,433212,43145,1829,44974,581
2021-05-22,Napa,055,140530,9880,32,9912,80
2021-05-22,Nevada,057,99092,4803,186,4989,70
2021-05-22,Orange,059,3164182,255457,11215,266672,5212
2021-05-22,Placer,061,380077,23248,1487,24735,302
2021-05-22,Plumas,063,18699,702,11,713,5
2021-05-22,Riverside,065,2383286,293985,13837,307822,4584
2021-05-22,Sacramento,067,1510023,105893,1729,107622,1662
2021-05-22,San Benito,069,59416,6053,112,6165,60
2021-05-22,San Bernardino,071,2135413,293123,8903,302026,5288
2021-05-22,San Diego,073,3302833,280565,14924,295489,3759
2021-05-22,San Francisco,075,870044,36684,1262,37946,564
2021-05-22,San Joaquin,077,732212,73037,3484,76521,1437
2021-05-22,San Luis Obispo,079,281455,21371,731,22102,256
2021-05-22,San Mateo,081,765935,42288,468,42756,544
2021-05-22,Santa Barbara,083,443738,34427,1112,35539,455
2021-05-22,Santa Clara,085,1922200,118545,742,119287,1739
2021-05-22,Santa Cruz,087,273765,16232,796,17028,208
2021-05-22,Shasta,089,179085,12269,1555,13824,199
2021-05-22,Sierra,091,2930,56,12,68,0
2021-05-22,Siskiyou,093,43540,1920,344,2264,25
2021-05-22,Solano,095,438530,32787,546,33333,268
2021-05-22,Sonoma,097,501317,30016,327,30343,313
2021-05-22,Stanislaus,099,539301,56277,5865,62142,987
2021-05-22,Sutter,101,95872,9438,84,9522,125
2021-05-22,Tehama,103,63373,5074,561,5635,74
2021-05-22,Trinity,105,12862,483,90,573,4
2021-05-22,Tulare,107,460477,50212,8862,59074,879
2021-05-22,Tuolumne,109,53932,4029,42,4071,65
2021-05-22,Ventura,111,848112,81318,2946,84264,1033
2021-05-22,Yolo,113,214977,13991,231,14222,228
2021-05-22,Yuba,115,75493,6037,120,6157,47
2021-05-21,Alameda,001,1643700,87985,1909,89894,1249
2021-05-21,Alpine,002,1148,87,0,87,0
2021-05-21,Amador,005,37829,3663,32,3695,47
2021-05-21,Butte,007,227075,12487,1826,14313,199
2021-05-21,Calaveras,009,45235,2148,13,2161,55
2021-05-21,Colusa,011,21464,1941,307,2248,16
2021-05-21,Contra Costa,013,1133247,69447,1249,70696,812
2021-05-21,Del Norte,015,27424,1412,12,1424,8
2021-05-21,El Dorado,017,186661,10290,738,11028,113
2021-05-21,Fresno,019,978130,102614,8586,111200,1725
2021-05-21,Glenn,021,27897,2431,554,2985,25
2021-05-21,Humboldt,023,135768,4224,35,4259,43
2021-05-21,Imperial,025,180216,28606,2678,31284,743
2021-05-21,Inyo,027,18085,1404,12,1416,38
2021-05-21,Kern,029,883053,97230,10788,108018,1334
2021-05-21,Kings,031,150075,23131,1072,24203,247
2021-05-21,Lake,033,64148,3519,9,3528,62
2021-05-21,Lassen,035,31185,5201,111,5312,18
2021-05-21,Los Angeles,037,10098052,1206654,40285,1246939,24403
2021-05-21,Madera,039,155013,16610,923,17533,246
2021-05-21,Marin,041,260295,5627,191,5818,177
2021-05-21,Mariposa,043,17540,429,11,440,6
2021-05-21,Mendocino,045,87422,3979,82,4061,49
2021-05-21,Merced,047,269075,30958,1029,31987,492
2021-05-21,Modoc,049,8938,371,128,499,4
2021-05-21,Mono,051,14174,1261,17,1278,3
2021-05-21,Monterey,053,433212,43143,1829,44972,581
2021-05-21,Napa,055,140530,9876,32,9908,80
2021-05-21,Nevada,057,99092,4802,186,4988,70
2021-05-21,Orange,059,3164182,255437,11213,266650,5212
2021-05-21,Placer,061,380077,23239,1487,24726,302
2021-05-21,Plumas,063,18699,702,10,712,5
2021-05-21,Riverside,065,2383286,293958,13830,307788,4584
2021-05-21,Sacramento,067,1510023,105825,1726,107551,1662
2021-05-21,San Benito,069,59416,6053,112,6165,60
2021-05-21,San Bernardino,071,2135413,293091,8901,301992,5286
2021-05-21,San Diego,073,3302833,280492,14914,295406,3758
2021-05-21,San Francisco,075,870044,36679,1262,37941,564
2021-05-21,San Joaquin,077,732212,73017,3482,76499,1436
2021-05-21,San Luis Obispo,079,281455,21365,728,22093,256
2021-05-21,San Mateo,081,765935,42275,467,42742,544
2021-05-21,Santa Barbara,083,443738,34422,1112,35534,455
2021-05-21,Santa Clara,085,1922200,118518,742,119260,1738
2021-05-21,Santa Cruz,087,273765,16228,796,17024,208
2021-05-21,Shasta,089,179085,12252,1553,13805,199
2021-05-21,Sierra,091,2930,56,12,68,0
2021-05-21,Siskiyou,093,43540,1919,344,2263,25
2021-05-21,Solano,095,438530,32772,546,33318,268
2021-05-21,Sonoma,097,501317,30003,327,30330,313
2021-05-21,Stanislaus,099,539301,56247,5863,62110,987
2021-05-21,Sutter,101,95872,9436,84,9520,125
2021-05-21,Tehama,103,63373,5068,561,5629,74
2021-05-21,Trinity,105,12862,483,89,572,4
2021-05-21,Tulare,107,460477,50207,8860,59067,878
2021-05-21,Tuolumne,109,53932,4027,42,4069,65
2021-05-21,Ventura,111,848112,81310,2943,84253,1033
2021-05-21,Yolo,113,214977,13985,231,14216,228
2021-05-21,Yuba,115,75493,6031,120,6151,47
2021-05-20,Alameda,001,1643700,87941,1907,89848,1248
2021-05-20,Alpine,002,1148,87,0,87,0
2021-05-20,Amador,005,37829,3662,32,3694,47
2021-05-20,Butte,007,227075,12480,1823,14303,199
2021-05-20,Calaveras,009,45235,2144,13,2157,55
2021-05-20,Colusa,011,21464,1940,305,2245,16
2021-05-20,Contra Costa,013,1133247,69402,1247,70649,811
2021-05-20,Del Norte,015,27424,1412,12,1424,8
2021-05-20,El Dorado,017,186661,10280,738,11018,113
2021-05-20,Fresno,019,978130,102592,8584,111176,1724
2021-05-20,Glenn,021,27897,2428,554,2982,25
2021-05-20,Humboldt,023,135768,4207,34,4241,42
2021-05-20,Imperial,025,180216,28601,2678,31279,743
2021-05-20,Inyo,027,18085,1404,12,1416,38
2021-05-20,Kern,029,883053,97209,10781,107990,1333
2021-05-20,Kings,031,150075,23129,1072,24201,247
2021-05-20,Lake,033,64148,3516,9,3525,62
2021-05-20,Lassen,035,31185,5199,110,5309,18
2021-05-20,Los Angeles,037,10098052,1206497,40275,1246772,24401
2021-05-20,Madera,039,155013,16604,921,17525,246
2021-05-20,Marin,041,260295,5623,190,5813,177
2021-05-20,Mariposa,043,17540,429,11,440,6
2021-05-20,Mendocino,045,87422,3972,82,4054,49
2021-05-20,Merced,047,269075,30945,1028,31973,492
2021-05-20,Modoc,049,8938,371,128,499,4
2021-05-20,Mono,051,14174,1260,17,1277,3
2021-05-20,Monterey,053,433212,43137,1828,44965,581
2021-05-20,Napa,055,140530,9873,32,9905,80
2021-05-20,Nevada,057,99092,4801,186,4987,70
2021-05-20,Orange,059,3164182,255394,11210,266604,5212
2021-05-20,Placer,061,380077,23226,1486,24712,302
2021-05-20,Plumas,063,18699,700,10,710,5
2021-05-20,Riverside,065,2383286,293910,13825,307735,4584
2021-05-20,Sacramento,067,1510023,105729,1723,107452,1661
2021-05-20,San Benito,069,59416,6052,112,6164,60
2021-05-20,San Bernardino,071,2135413,293045,8900,301945,5282
2021-05-20,San Diego,073,3302833,280404,14902,295306,3758
2021-05-20,San Francisco,075,870044,36670,1262,37932,564
2021-05-20,San Joaquin,077,732212,72979,3480,76459,1436
2021-05-20,San Luis Obispo,079,281455,21353,726,22079,256
2021-05-20,San Mateo,081,765935,42261,465,42726,543
2021-05-20,Santa Barbara,083,443738,34418,1112,35530,455
2021-05-20,Santa Clara,085,1922200,118497,742,119239,1738
2021-05-20,Santa Cruz,087,273765,16223,796,17019,208
2021-05-20,Shasta,089,179085,12239,1550,13789,199
2021-05-20,Sierra,091,2930,56,12,68,0
2021-05-20,Siskiyou,093,43540,1912,343,2255,24
2021-05-20,Solano,095,438530,32757,546,33303,267
2021-05-20,Sonoma,097,501317,29986,326,30312,312
2021-05-20,Stanislaus,099,539301,56218,5861,62079,987
2021-05-20,Sutter,101,95872,9432,84,9516,125
2021-05-20,Tehama,103,63373,5066,561,5627,74
2021-05-20,Trinity,105,12862,483,88,571,4
2021-05-20,Tulare,107,460477,50196,8857,59053,877
2021-05-20,Tuolumne,109,53932,4026,42,4068,65
2021-05-20,Ventura,111,848112,81299,2943,84242,1033
2021-05-20,Yolo,113,214977,13980,231,14211,228
2021-05-20,Yuba,115,75493,6022,120,6142,47
2021-05-19,Alameda,001,1643700,87902,1906,89808,1248
2021-05-19,Alpine,002,1148,87,0,87,0
2021-05-19,Amador,005,37829,3662,32,3694,47
2021-05-19,Butte,007,227075,12469,1823,14292,199
2021-05-19,Calaveras,009,45235,2140,13,2153,55
2021-05-19,Colusa,011,21464,1940,303,2243,16
2021-05-19,Contra Costa,013,1133247,69355,1247,70602,811
2021-05-19,Del Norte,015,27424,1410,12,1422,8
2021-05-19,El Dorado,017,186661,10275,737,11012,113
2021-05-19,Fresno,019,978130,102561,8581,111142,1724
2021-05-19,Glenn,021,27897,2428,554,2982,25
2021-05-19,Humboldt,023,135768,4197,34,4231,42
2021-05-19,Imperial,025,180216,28592,2678,31270,743
2021-05-19,Inyo,027,18085,1404,12,1416,38
2021-05-19,Kern,029,883053,97180,10774,107954,1333
2021-05-19,Kings,031,150075,23123,1072,24195,247
2021-05-19,Lake,033,64148,3516,9,3525,62
2021-05-19,Lassen,035,31185,5198,110,5308,18
2021-05-19,Los Angeles,037,10098052,1206300,40261,1246561,24394
2021-05-19,Madera,039,155013,16601,921,17522,245
2021-05-19,Marin,041,260295,5619,188,5807,177
2021-05-19,Mariposa,043,17540,429,11,440,6
2021-05-19,Mendocino,045,87422,3968,82,4050,49
2021-05-19,Merced,047,269075,30929,1028,31957,491
2021-05-19,Modoc,049,8938,371,125,496,4
2021-05-19,Mono,051,14174,1260,17,1277,3
2021-05-19,Monterey,053,433212,43132,1827,44959,581
2021-05-19,Napa,055,140530,9870,32,9902,80
2021-05-19,Nevada,057,99092,4799,186,4985,70
2021-05-19,Orange,059,3164182,255357,11200,266557,5211
2021-05-19,Placer,061,380077,23207,1481,24688,301
2021-05-19,Plumas,063,18699,700,10,710,5
2021-05-19,Riverside,065,2383286,293864,13823,307687,4583
2021-05-19,Sacramento,067,1510023,105650,1722,107372,1659
2021-05-19,San Benito,069,59416,6051,112,6163,60
2021-05-19,San Bernardino,071,2135413,293001,8897,301898,5280
2021-05-19,San Diego,073,3302833,280319,14881,295200,3757
2021-05-19,San Francisco,075,870044,36657,1261,37918,564
2021-05-19,San Joaquin,077,732212,72936,3475,76411,1435
2021-05-19,San Luis Obispo,079,281455,21345,725,22070,256
2021-05-19,San Mateo,081,765935,42254,465,42719,543
2021-05-19,Santa Barbara,083,443738,34410,1112,35522,455
2021-05-19,Santa Clara,085,1922200,118457,741,119198,1738
2021-05-19,Santa Cruz,087,273765,16219,795,17014,208
2021-05-19,Shasta,089,179085,12221,1547,13768,199
2021-05-19,Sierra,091,2930,56,12,68,0
2021-05-19,Siskiyou,093,43540,1909,342,2251,24
2021-05-19,Solano,095,438530,32730,544,33274,267
2021-05-19,Sonoma,097,501317,29971,326,30297,312
2021-05-19,Stanislaus,099,539301,56198,5856,62054,987
2021-05-19,Sutter,101,95872,9425,83,9508,125
2021-05-19,Tehama,103,63373,5057,557,5614,74
2021-05-19,Trinity,105,12862,483,88,571,4
2021-05-19,Tulare,107,460477,50183,8852,59035,875
2021-05-19,Tuolumne,109,53932,4026,42,4068,65
2021-05-19,Ventura,111,848112,81284,2942,84226,1033
2021-05-19,Yolo,113,214977,13974,230,14204,228
2021-05-19,Yuba,115,75493,6018,120,6138,47
2021-05-18,Alameda,001,1643700,87828,1906,89734,1245
2021-05-18,Alpine,002,1148,87,0,87,0
2021-05-18,Amador,005,37829,3662,32,3694,47
2021-05-18,Butte,007,227075,12455,1821,14276,199
2021-05-18,Calaveras,009,45235,2136,13,2149,55
2021-05-18,Colusa,011,21464,1940,303,2243,16
2021-05-18,Contra Costa,013,1133247,69298,1246,70544,811
2021-05-18,Del Norte,015,27424,1407,12,1419,8
2021-05-18,El Dorado,017,186661,10264,736,11000,113
2021-05-18,Fresno,019,978130,102525,8578,111103,1723
2021-05-18,Glenn,021,27897,2422,553,2975,25
2021-05-18,Humboldt,023,135768,4179,34,4213,42
2021-05-18,Imperial,025,180216,28587,2676,31263,743
2021-05-18,Inyo,027,18085,1404,12,1416,38
2021-05-18,Kern,029,883053,97147,10760,107907,1332
2021-05-18,Kings,031,150075,23117,1072,24189,247
2021-05-18,Lake,033,64148,3514,9,3523,62
2021-05-18,Lassen,035,31185,5197,109,5306,18
2021-05-18,Los Angeles,037,10098052,1206120,40250,1246370,24386
2021-05-18,Madera,039,155013,16591,920,17511,245
2021-05-18,Marin,041,260295,5616,188,5804,177
2021-05-18,Mariposa,043,17540,429,11,440,6
2021-05-18,Mendocino,045,87422,3956,81,4037,49
2021-05-18,Merced,047,269075,30910,1028,31938,491
2021-05-18,Modoc,049,8938,370,124,494,4
2021-05-18,Mono,051,14174,1259,17,1276,3
2021-05-18,Monterey,053,433212,43126,1827,44953,581
2021-05-18,Napa,055,140530,9870,32,9902,80
2021-05-18,Nevada,057,99092,4792,186,4978,70
2021-05-18,Orange,059,3164182,255317,11190,266507,5211
2021-05-18,Placer,061,380077,23174,1477,24651,301
2021-05-18,Plumas,063,18699,700,10,710,5
2021-05-18,Riverside,065,2383286,293809,13816,307625,4579
2021-05-18,Sacramento,067,1510023,105548,1720,107268,1655
2021-05-18,San Benito,069,59416,6050,112,6162,60
2021-05-18,San Bernardino,071,2135413,292943,8892,301835,5278
2021-05-18,San Diego,073,3302833,280211,14872,295083,3756
2021-05-18,San Francisco,075,870044,36637,1261,37898,564
2021-05-18,San Joaquin,077,732212,72889,3471,76360,1434
2021-05-18,San Luis Obispo,079,281455,21335,723,22058,256
2021-05-18,San Mateo,081,765935,42242,464,42706,543
2021-05-18,Santa Barbara,083,443738,34401,1112,35513,455
2021-05-18,Santa Clara,085,1922200,118430,741,119171,1737
2021-05-18,Santa Cruz,087,273765,16211,795,17006,208
2021-05-18,Shasta,089,179085,12203,1541,13744,199
2021-05-18,Sierra,091,2930,56,12,68,0
2021-05-18,Siskiyou,093,43540,1908,342,2250,23
2021-05-18,Solano,095,438530,32705,544,33249,267
2021-05-18,Sonoma,097,501317,29951,325,30276,312
2021-05-18,Stanislaus,099,539301,56162,5856,62018,987
2021-05-18,Sutter,101,95872,9417,83,9500,125
2021-05-18,Tehama,103,63373,5051,555,5606,74
2021-05-18,Trinity,105,12862,483,87,570,4
2021-05-18,Tulare,107,460477,50175,8847,59022,875
2021-05-18,Tuolumne,109,53932,4024,42,4066,65
2021-05-18,Ventura,111,848112,81268,2940,84208,1032
2021-05-18,Yolo,113,214977,13966,230,14196,228
2021-05-18,Yuba,115,75493,6014,120,6134,47
2021-05-17,Alameda,001,1643700,87775,1903,89678,1245
2021-05-17,Alpine,002,1148,87,0,87,0
2021-05-17,Amador,005,37829,3659,32,3691,47
2021-05-17,Butte,007,227075,12447,1821,14268,199
2021-05-17,Calaveras,009,45235,2136,13,2149,55
2021-05-17,Colusa,011,21464,1940,303,2243,16
2021-05-17,Contra Costa,013,1133247,69243,1245,70488,810
2021-05-17,Del Norte,015,27424,1402,12,1414,8
2021-05-17,El Dorado,017,186661,10247,736,10983,113
2021-05-17,Fresno,019,978130,102481,8570,111051,1722
2021-05-17,Glenn,021,27897,2422,553,2975,25
2021-05-17,Humboldt,023,135768,4168,34,4202,41
2021-05-17,Imperial,025,180216,28581,2674,31255,742
2021-05-17,Inyo,027,18085,1404,12,1416,38
2021-05-17,Kern,029,883053,97118,10742,107860,1332
2021-05-17,Kings,031,150075,23114,1072,24186,247
2021-05-17,Lake,033,64148,3509,9,3518,62
2021-05-17,Lassen,035,31185,5194,108,5302,18
2021-05-17,Los Angeles,037,10098052,1205939,40244,1246183,24384
2021-05-17,Madera,039,155013,16584,920,17504,245
2021-05-17,Marin,041,260295,5610,188,5798,177
2021-05-17,Mariposa,043,17540,428,11,439,6
2021-05-17,Mendocino,045,87422,3947,81,4028,49
2021-05-17,Merced,047,269075,30895,1028,31923,491
2021-05-17,Modoc,049,8938,369,124,493,4
2021-05-17,Mono,051,14174,1255,17,1272,3
2021-05-17,Monterey,053,433212,43119,1827,44946,581
2021-05-17,Napa,055,140530,9869,32,9901,80
2021-05-17,Nevada,057,99092,4788,185,4973,70
2021-05-17,Orange,059,3164182,255270,11183,266453,5211
2021-05-17,Placer,061,380077,23151,1470,24621,301
2021-05-17,Plumas,063,18699,700,10,710,5
2021-05-17,Riverside,065,2383286,293740,13812,307552,4577
2021-05-17,Sacramento,067,1510023,105441,1718,107159,1654
2021-05-17,San Benito,069,59416,6047,112,6159,60
2021-05-17,San Bernardino,071,2135413,292893,8884,301777,5276
2021-05-17,San Diego,073,3302833,280079,14850,294929,3755
2021-05-17,San Francisco,075,870044,36625,1259,37884,564
2021-05-17,San Joaquin,077,732212,72851,3468,76319,1433
2021-05-17,San Luis Obispo,079,281455,21326,721,22047,256
2021-05-17,San Mateo,081,765935,42214,464,42678,543
2021-05-17,Santa Barbara,083,443738,34394,1112,35506,455
2021-05-17,Santa Clara,085,1922200,118393,739,119132,1737
2021-05-17,Santa Cruz,087,273765,16208,795,17003,208
2021-05-17,Shasta,089,179085,12181,1540,13721,199
2021-05-17,Sierra,091,2930,56,12,68,0
2021-05-17,Siskiyou,093,43540,1899,339,2238,23
2021-05-17,Solano,095,438530,32687,543,33230,267
2021-05-17,Sonoma,097,501317,29928,324,30252,312
2021-05-17,Stanislaus,099,539301,56114,5849,61963,985
2021-05-17,Sutter,101,95872,9410,83,9493,125
2021-05-17,Tehama,103,63373,5047,554,5601,74
2021-05-17,Trinity,105,12862,483,87,570,4
2021-05-17,Tulare,107,460477,50153,8842,58995,873
2021-05-17,Tuolumne,109,53932,4024,42,4066,65
2021-05-17,Ventura,111,848112,81248,2940,84188,1032
2021-05-17,Yolo,113,214977,13959,230,14189,228
2021-05-17,Yuba,115,75493,6006,120,6126,47
2021-05-16,Alameda,001,1643700,87711,1903,89614,1245
2021-05-16,Alpine,002,1148,87,0,87,0
2021-05-16,Amador,005,37829,3658,32,3690,47
2021-05-16,Butte,007,227075,12433,1821,14254,198
2021-05-16,Calaveras,009,45235,2134,13,2147,55
2021-05-16,Colusa,011,21464,1938,303,2241,16
2021-05-16,Contra Costa,013,1133247,69175,1243,70418,810
2021-05-16,Del Norte,015,27424,1399,12,1411,8
2021-05-16,El Dorado,017,186661,10230,735,10965,113
2021-05-16,Fresno,019,978130,102437,8564,111001,1720
2021-05-16,Glenn,021,27897,2422,552,2974,25
2021-05-16,Humboldt,023,135768,4154,34,4188,41
2021-05-16,Imperial,025,180216,28570,2673,31243,741
2021-05-16,Inyo,027,18085,1404,12,1416,38
2021-05-16,Kern,029,883053,97085,10722,107807,1331
2021-05-16,Kings,031,150075,23110,1069,24179,247
2021-05-16,Lake,033,64148,3506,9,3515,62
2021-05-16,Lassen,035,31185,5193,108,5301,18
2021-05-16,Los Angeles,037,10098052,1205714,40228,1245942,24380
2021-05-16,Madera,039,155013,16579,917,17496,245
2021-05-16,Marin,041,260295,5607,188,5795,176
2021-05-16,Mariposa,043,17540,428,11,439,6
2021-05-16,Mendocino,045,87422,3937,81,4018,49
2021-05-16,Merced,047,269075,30874,1026,31900,491
2021-05-16,Modoc,049,8938,369,124,493,4
2021-05-16,Mono,051,14174,1255,17,1272,3
2021-05-16,Monterey,053,433212,43114,1827,44941,581
2021-05-16,Napa,055,140530,9866,32,9898,80
2021-05-16,Nevada,057,99092,4784,185,4969,70
2021-05-16,Orange,059,3164182,255238,11180,266418,5211
2021-05-16,Placer,061,380077,23119,1464,24583,300
2021-05-16,Plumas,063,18699,699,10,709,5
2021-05-16,Riverside,065,2383286,293664,13804,307468,4576
2021-05-16,Sacramento,067,1510023,105327,1716,107043,1653
2021-05-16,San Benito,069,59416,6046,111,6157,60
2021-05-16,San Bernardino,071,2135413,292821,8882,301703,5276
2021-05-16,San Diego,073,3302833,279961,14837,294798,3754
2021-05-16,San Francisco,075,870044,36601,1258,37859,564
2021-05-16,San Joaquin,077,732212,72802,3463,76265,1432
2021-05-16,San Luis Obispo,079,281455,21318,720,22038,256
2021-05-16,San Mateo,081,765935,42203,463,42666,542
2021-05-16,Santa Barbara,083,443738,34387,1112,35499,455
2021-05-16,Santa Clara,085,1922200,118363,738,119101,1737
2021-05-16,Santa Cruz,087,273765,16206,795,17001,208
2021-05-16,Shasta,089,179085,12165,1536,13701,199
2021-05-16,Sierra,091,2930,56,12,68,0
2021-05-16,Siskiyou,093,43540,1895,338,2233,23
2021-05-16,Solano,095,438530,32654,541,33195,267
2021-05-16,Sonoma,097,501317,29909,324,30233,312
2021-05-16,Stanislaus,099,539301,56061,5838,61899,985
2021-05-16,Sutter,101,95872,9403,83,9486,125
2021-05-16,Tehama,103,63373,5043,553,5596,74
2021-05-16,Trinity,105,12862,483,87,570,4
2021-05-16,Tulare,107,460477,50136,8839,58975,873
2021-05-16,Tuolumne,109,53932,4020,42,4062,65
2021-05-16,Ventura,111,848112,81217,2940,84157,1032
2021-05-16,Yolo,113,214977,13944,230,14174,228
2021-05-16,Yuba,115,75493,6003,120,6123,47
2021-05-15,Alameda,001,1643700,87685,1902,89587,1245
2021-05-15,Alpine,002,1148,87,0,87,0
2021-05-15,Amador,005,37829,3658,32,3690,47
2021-05-15,Butte,007,227075,12426,1820,14246,198
2021-05-15,Calaveras,009,45235,2133,13,2146,55
2021-05-15,Colusa,011,21464,1938,301,2239,16
2021-05-15,Contra Costa,013,1133247,69129,1243,70372,810
2021-05-15,Del Norte,015,27424,1394,12,1406,8
2021-05-15,El Dorado,017,186661,10218,734,10952,113
2021-05-15,Fresno,019,978130,102400,8562,110962,1720
2021-05-15,Glenn,021,27897,2422,552,2974,25
2021-05-15,Humboldt,023,135768,4144,34,4178,41
2021-05-15,Imperial,025,180216,28567,2672,31239,739
2021-05-15,Inyo,027,18085,1404,12,1416,38
2021-05-15,Kern,029,883053,97071,10708,107779,1331
2021-05-15,Kings,031,150075,23109,1069,24178,247
2021-05-15,Lake,033,64148,3505,9,3514,62
2021-05-15,Lassen,035,31185,5190,107,5297,18
2021-05-15,Los Angeles,037,10098052,1205591,40215,1245806,24378
2021-05-15,Madera,039,155013,16576,917,17493,245
2021-05-15,Marin,041,260295,5603,188,5791,176
2021-05-15,Mariposa,043,17540,428,11,439,6
2021-05-15,Mendocino,045,87422,3934,81,4015,49
2021-05-15,Merced,047,269075,30853,1026,31879,491
2021-05-15,Modoc,049,8938,369,124,493,4
2021-05-15,Mono,051,14174,1255,17,1272,3
2021-05-15,Monterey,053,433212,43110,1827,44937,581
2021-05-15,Napa,055,140530,9863,32,9895,80
2021-05-15,Nevada,057,99092,4783,185,4968,70
2021-05-15,Orange,059,3164182,255211,11173,266384,5207
2021-05-15,Placer,061,380077,23098,1464,24562,299
2021-05-15,Plumas,063,18699,699,10,709,5
2021-05-15,Riverside,065,2383286,293622,13799,307421,4573
2021-05-15,Sacramento,067,1510023,105255,1713,106968,1653
2021-05-15,San Benito,069,59416,6046,111,6157,60
2021-05-15,San Bernardino,071,2135413,292779,8880,301659,5276
2021-05-15,San Diego,073,3302833,279890,14822,294712,3754
2021-05-15,San Francisco,075,870044,36585,1256,37841,564
2021-05-15,San Joaquin,077,732212,72776,3461,76237,1432
2021-05-15,San Luis Obispo,079,281455,21315,719,22034,256
2021-05-15,San Mateo,081,765935,42187,463,42650,542
2021-05-15,Santa Barbara,083,443738,34379,1112,35491,455
2021-05-15,Santa Clara,085,1922200,118342,738,119080,1737
2021-05-15,Santa Cruz,087,273765,16202,795,16997,208
2021-05-15,Shasta,089,179085,12153,1533,13686,199
2021-05-15,Sierra,091,2930,56,12,68,0
2021-05-15,Siskiyou,093,43540,1889,336,2225,23
2021-05-15,Solano,095,438530,32645,540,33185,267
2021-05-15,Sonoma,097,501317,29890,324,30214,312
2021-05-15,Stanislaus,099,539301,56030,5831,61861,983
2021-05-15,Sutter,101,95872,9401,83,9484,125
2021-05-15,Tehama,103,63373,5039,552,5591,74
2021-05-15,Trinity,105,12862,483,87,570,4
2021-05-15,Tulare,107,460477,50126,8835,58961,872
2021-05-15,Tuolumne,109,53932,4018,42,4060,65
2021-05-15,Ventura,111,848112,81206,2940,84146,1032
2021-05-15,Yolo,113,214977,13937,229,14166,228
2021-05-15,Yuba,115,75493,6000,119,6119,47
2021-05-14,Alameda,001,1643700,87651,1900,89551,1245
2021-05-14,Alpine,002,1148,87,0,87,0
2021-05-14,Amador,005,37829,3658,32,3690,47
2021-05-14,Butte,007,227075,12417,1817,14234,197
2021-05-14,Calaveras,009,45235,2129,13,2142,55
2021-05-14,Colusa,011,21464,1937,300,2237,16
2021-05-14,Contra Costa,013,1133247,69087,1241,70328,810
2021-05-14,Del Norte,015,27424,1394,12,1406,8
2021-05-14,El Dorado,017,186661,10211,733,10944,113
2021-05-14,Fresno,019,978130,102371,8556,110927,1719
2021-05-14,Glenn,021,27897,2421,552,2973,25
2021-05-14,Humboldt,023,135768,4137,34,4171,41
2021-05-14,Imperial,025,180216,28559,2671,31230,739
2021-05-14,Inyo,027,18085,1404,12,1416,38
2021-05-14,Kern,029,883053,97041,10699,107740,1330
2021-05-14,Kings,031,150075,23108,1069,24177,246
2021-05-14,Lake,033,64148,3501,9,3510,62
2021-05-14,Lassen,035,31185,5190,107,5297,18
2021-05-14,Los Angeles,037,10098052,1205456,40210,1245666,24375
2021-05-14,Madera,039,155013,16573,917,17490,245
2021-05-14,Marin,041,260295,5599,188,5787,176
2021-05-14,Mariposa,043,17540,428,11,439,6
2021-05-14,Mendocino,045,87422,3932,81,4013,49
2021-05-14,Merced,047,269075,30843,1026,31869,489
2021-05-14,Modoc,049,8938,369,124,493,4
2021-05-14,Mono,051,14174,1254,17,1271,3
2021-05-14,Monterey,053,433212,43105,1827,44932,581
2021-05-14,Napa,055,140530,9860,32,9892,80
2021-05-14,Nevada,057,99092,4778,185,4963,70
2021-05-14,Orange,059,3164182,255177,11166,266343,5207
2021-05-14,Placer,061,380077,23079,1458,24537,299
2021-05-14,Plumas,063,18699,698,10,708,5
2021-05-14,Riverside,065,2383286,293572,13796,307368,4572
2021-05-14,Sacramento,067,1510023,105166,1712,106878,1652
2021-05-14,San Benito,069,59416,6046,111,6157,60
2021-05-14,San Bernardino,071,2135413,292731,8880,301611,5275
2021-05-14,San Diego,073,3302833,279817,14811,294628,3754
2021-05-14,San Francisco,075,870044,36576,1252,37828,564
2021-05-14,San Joaquin,077,732212,72744,3454,76198,1431
2021-05-14,San Luis Obispo,079,281455,21311,719,22030,256
2021-05-14,San Mateo,081,765935,42177,463,42640,542
2021-05-14,Santa Barbara,083,443738,34369,1112,35481,455
2021-05-14,Santa Clara,085,1922200,118313,738,119051,1736
2021-05-14,Santa Cruz,087,273765,16197,795,16992,208
2021-05-14,Shasta,089,179085,12147,1528,13675,199
2021-05-14,Sierra,091,2930,56,12,68,0
2021-05-14,Siskiyou,093,43540,1882,335,2217,22
2021-05-14,Solano,095,438530,32625,539,33164,267
2021-05-14,Sonoma,097,501317,29871,324,30195,312
2021-05-14,Stanislaus,099,539301,55995,5825,61820,983
2021-05-14,Sutter,101,95872,9392,81,9473,125
2021-05-14,Tehama,103,63373,5032,552,5584,74
2021-05-14,Trinity,105,12862,483,87,570,4
2021-05-14,Tulare,107,460477,50109,8830,58939,872
2021-05-14,Tuolumne,109,53932,4018,42,4060,65
2021-05-14,Ventura,111,848112,81192,2940,84132,1031
2021-05-14,Yolo,113,214977,13932,225,14157,228
2021-05-14,Yuba,115,75493,5996,119,6115,47
2021-05-13,Alameda,001,1643700,87608,1899,89507,1245
2021-05-13,Alpine,002,1148,87,0,87,0
2021-05-13,Amador,005,37829,3658,32,3690,47
2021-05-13,Butte,007,227075,12403,1816,14219,196
2021-05-13,Calaveras,009,45235,2127,13,2140,55
2021-05-13,Colusa,011,21464,1936,296,2232,16
2021-05-13,Contra Costa,013,1133247,69039,1240,70279,809
2021-05-13,Del Norte,015,27424,1392,12,1404,8
2021-05-13,El Dorado,017,186661,10208,733,10941,113
2021-05-13,Fresno,019,978130,102342,8555,110897,1719
2021-05-13,Glenn,021,27897,2420,552,2972,25
2021-05-13,Humboldt,023,135768,4119,34,4153,41
2021-05-13,Imperial,025,180216,28544,2669,31213,739
2021-05-13,Inyo,027,18085,1404,12,1416,38
2021-05-13,Kern,029,883053,97017,10680,107697,1330
2021-05-13,Kings,031,150075,23107,1069,24176,246
2021-05-13,Lake,033,64148,3501,9,3510,61
2021-05-13,Lassen,035,31185,5190,106,5296,18
2021-05-13,Los Angeles,037,10098052,1205267,40196,1245463,24370
2021-05-13,Madera,039,155013,16565,917,17482,245
2021-05-13,Marin,041,260295,5594,186,5780,176
2021-05-13,Mariposa,043,17540,428,11,439,6
2021-05-13,Mendocino,045,87422,3928,81,4009,49
2021-05-13,Merced,047,269075,30836,1025,31861,487
2021-05-13,Modoc,049,8938,369,124,493,4
2021-05-13,Mono,051,14174,1254,17,1271,3
2021-05-13,Monterey,053,433212,43090,1827,44917,581
2021-05-13,Napa,055,140530,9853,32,9885,80
2021-05-13,Nevada,057,99092,4774,184,4958,70
2021-05-13,Orange,059,3164182,255131,11164,266295,5207
2021-05-13,Placer,061,380077,23052,1451,24503,299
2021-05-13,Plumas,063,18699,698,10,708,5
2021-05-13,Riverside,065,2383286,293506,13791,307297,4571
2021-05-13,Sacramento,067,1510023,105080,1710,106790,1652
2021-05-13,San Benito,069,59416,6044,111,6155,60
2021-05-13,San Bernardino,071,2135413,292665,8880,301545,5273
2021-05-13,San Diego,073,3302833,279703,14794,294497,3752
2021-05-13,San Francisco,075,870044,36552,1250,37802,564
2021-05-13,San Joaquin,077,732212,72702,3450,76152,1429
2021-05-13,San Luis Obispo,079,281455,21296,718,22014,256
2021-05-13,San Mateo,081,765935,42160,463,42623,542
2021-05-13,Santa Barbara,083,443738,34357,1112,35469,455
2021-05-13,Santa Clara,085,1922200,118286,738,119024,1736
2021-05-13,Santa Cruz,087,273765,16191,795,16986,208
2021-05-13,Shasta,089,179085,12127,1524,13651,199
2021-05-13,Sierra,091,2930,56,12,68,0
2021-05-13,Siskiyou,093,43540,1875,332,2207,22
2021-05-13,Solano,095,438530,32612,537,33149,267
2021-05-13,Sonoma,097,501317,29846,324,30170,312
2021-05-13,Stanislaus,099,539301,55957,5819,61776,982
2021-05-13,Sutter,101,95872,9387,80,9467,125
2021-05-13,Tehama,103,63373,5027,552,5579,74
2021-05-13,Trinity,105,12862,482,86,568,4
2021-05-13,Tulare,107,460477,50083,8822,58905,872
2021-05-13,Tuolumne,109,53932,4017,42,4059,64
2021-05-13,Ventura,111,848112,81162,2939,84101,1031
2021-05-13,Yolo,113,214977,13923,223,14146,228
2021-05-13,Yuba,115,75493,5987,119,6106,47
2021-05-12,Alameda,001,1643700,87576,1897,89473,1244
2021-05-12,Alpine,002,1148,87,0,87,0
2021-05-12,Amador,005,37829,3658,32,3690,47
2021-05-12,Butte,007,227075,12393,1816,14209,196
2021-05-12,Calaveras,009,45235,2124,13,2137,55
2021-05-12,Colusa,011,21464,1934,295,2229,16
2021-05-12,Contra Costa,013,1133247,68980,1234,70214,808
2021-05-12,Del Norte,015,27424,1390,12,1402,8
2021-05-12,El Dorado,017,186661,10198,733,10931,113
2021-05-12,Fresno,019,978130,102293,8544,110837,1719
2021-05-12,Glenn,021,27897,2417,552,2969,25
2021-05-12,Humboldt,023,135768,4091,34,4125,40
2021-05-12,Imperial,025,180216,28526,2666,31192,739
2021-05-12,Inyo,027,18085,1404,12,1416,38
2021-05-12,Kern,029,883053,96981,10673,107654,1328
2021-05-12,Kings,031,150075,23105,1069,24174,246
2021-05-12,Lake,033,64148,3499,9,3508,61
2021-05-12,Lassen,035,31185,5188,106,5294,18
2021-05-12,Los Angeles,037,10098052,1205082,40181,1245263,24363
2021-05-12,Madera,039,155013,16558,916,17474,244
2021-05-12,Marin,041,260295,5589,186,5775,175
2021-05-12,Mariposa,043,17540,428,11,439,6
2021-05-12,Mendocino,045,87422,3918,81,3999,49
2021-05-12,Merced,047,269075,30820,1025,31845,487
2021-05-12,Modoc,049,8938,368,124,492,4
2021-05-12,Mono,051,14174,1254,17,1271,3
2021-05-12,Monterey,053,433212,43078,1826,44904,581
2021-05-12,Napa,055,140530,9847,32,9879,80
2021-05-12,Nevada,057,99092,4770,184,4954,70
2021-05-12,Orange,059,3164182,255080,11160,266240,5206
2021-05-12,Placer,061,380077,23034,1444,24478,299
2021-05-12,Plumas,063,18699,698,10,708,5
2021-05-12,Riverside,065,2383286,293436,13787,307223,4571
2021-05-12,Sacramento,067,1510023,104985,1708,106693,1652
2021-05-12,San Benito,069,59416,6044,111,6155,60
2021-05-12,San Bernardino,071,2135413,292616,8875,301491,5270
2021-05-12,San Diego,073,3302833,279599,14773,294372,3752
2021-05-12,San Francisco,075,870044,36532,1249,37781,564
2021-05-12,San Joaquin,077,732212,72648,3446,76094,1429
2021-05-12,San Luis Obispo,079,281455,21286,718,22004,256
2021-05-12,San Mateo,081,765935,42151,462,42613,542
2021-05-12,Santa Barbara,083,443738,34349,1112,35461,455
2021-05-12,Santa Clara,085,1922200,118242,738,118980,1735
2021-05-12,Santa Cruz,087,273765,16185,795,16980,208
2021-05-12,Shasta,089,179085,12107,1522,13629,198
2021-05-12,Sierra,091,2930,56,12,68,0
2021-05-12,Siskiyou,093,43540,1871,331,2202,20
2021-05-12,Solano,095,438530,32588,537,33125,266
2021-05-12,Sonoma,097,501317,29834,324,30158,312
2021-05-12,Stanislaus,099,539301,55916,5812,61728,981
2021-05-12,Sutter,101,95872,9384,80,9464,125
2021-05-12,Tehama,103,63373,5022,552,5574,74
2021-05-12,Trinity,105,12862,482,86,568,4
2021-05-12,Tulare,107,460477,50067,8814,58881,871
2021-05-12,Tuolumne,109,53932,4016,42,4058,63
2021-05-12,Ventura,111,848112,81143,2939,84082,1031
2021-05-12,Yolo,113,214977,13915,222,14137,228
2021-05-12,Yuba,115,75493,5984,119,6103,47
2021-05-11,Alameda,001,1643700,87511,1893,89404,1244
2021-05-11,Alpine,002,1148,87,0,87,0
2021-05-11,Amador,005,37829,3656,32,3688,47
2021-05-11,Butte,007,227075,12378,1813,14191,195
2021-05-11,Calaveras,009,45235,2124,13,2137,54
2021-05-11,Colusa,011,21464,1933,295,2228,16
2021-05-11,Contra Costa,013,1133247,68920,1233,70153,808
2021-05-11,Del Norte,015,27424,1388,12,1400,8
2021-05-11,El Dorado,017,186661,10192,732,10924,113
2021-05-11,Fresno,019,978130,102247,8538,110785,1716
2021-05-11,Glenn,021,27897,2416,551,2967,25
2021-05-11,Humboldt,023,135768,4070,33,4103,40
2021-05-11,Imperial,025,180216,28518,2662,31180,739
2021-05-11,Inyo,027,18085,1403,12,1415,38
2021-05-11,Kern,029,883053,96953,10660,107613,1328
2021-05-11,Kings,031,150075,23097,1069,24166,246
2021-05-11,Lake,033,64148,3498,9,3507,61
2021-05-11,Lassen,035,31185,5186,106,5292,18
2021-05-11,Los Angeles,037,10098052,1204845,40164,1245009,24354
2021-05-11,Madera,039,155013,16554,915,17469,244
2021-05-11,Marin,041,260295,5582,186,5768,175
2021-05-11,Mariposa,043,17540,428,11,439,6
2021-05-11,Mendocino,045,87422,3910,81,3991,49
2021-05-11,Merced,047,269075,30811,1025,31836,487
2021-05-11,Modoc,049,8938,368,123,491,4
2021-05-11,Mono,051,14174,1254,17,1271,3
2021-05-11,Monterey,053,433212,43070,1825,44895,581
2021-05-11,Napa,055,140530,9840,32,9872,80
2021-05-11,Nevada,057,99092,4766,184,4950,70
2021-05-11,Orange,059,3164182,255016,11153,266169,5205
2021-05-11,Placer,061,380077,23012,1440,24452,299
2021-05-11,Plumas,063,18699,696,10,706,5
2021-05-11,Riverside,065,2383286,293374,13782,307156,4566
2021-05-11,Sacramento,067,1510023,104886,1705,106591,1651
2021-05-11,San Benito,069,59416,6041,111,6152,60
2021-05-11,San Bernardino,071,2135413,292556,8873,301429,5266
2021-05-11,San Diego,073,3302833,279464,14754,294218,3752
2021-05-11,San Francisco,075,870044,36512,1249,37761,563
2021-05-11,San Joaquin,077,732212,72600,3443,76043,1425
2021-05-11,San Luis Obispo,079,281455,21279,716,21995,256
2021-05-11,San Mateo,081,765935,42132,461,42593,540
2021-05-11,Santa Barbara,083,443738,34339,1112,35451,455
2021-05-11,Santa Clara,085,1922200,118195,737,118932,1735
2021-05-11,Santa Cruz,087,273765,16181,795,16976,208
2021-05-11,Shasta,089,179085,12084,1516,13600,197
2021-05-11,Sierra,091,2930,56,12,68,0
2021-05-11,Siskiyou,093,43540,1861,329,2190,20
2021-05-11,Solano,095,438530,32570,535,33105,266
2021-05-11,Sonoma,097,501317,29819,324,30143,312
2021-05-11,Stanislaus,099,539301,55868,5808,61676,981
2021-05-11,Sutter,101,95872,9377,80,9457,125
2021-05-11,Tehama,103,63373,5018,551,5569,74
2021-05-11,Trinity,105,12862,482,85,567,4
2021-05-11,Tulare,107,460477,50040,8800,58840,871
2021-05-11,Tuolumne,109,53932,4015,42,4057,63
2021-05-11,Ventura,111,848112,81119,2936,84055,1031
2021-05-11,Yolo,113,214977,13902,219,14121,228
2021-05-11,Yuba,115,75493,5975,119,6094,47
2021-05-10,Alameda,001,1643700,87443,1892,89335,1242
2021-05-10,Alpine,002,1148,87,0,87,0
2021-05-10,Amador,005,37829,3655,32,3687,47
2021-05-10,Butte,007,227075,12362,1808,14170,195
2021-05-10,Calaveras,009,45235,2117,13,2130,54
2021-05-10,Colusa,011,21464,1933,295,2228,16
2021-05-10,Contra Costa,013,1133247,68856,1233,70089,808
2021-05-10,Del Norte,015,27424,1385,12,1397,8
2021-05-10,El Dorado,017,186661,10178,732,10910,113
2021-05-10,Fresno,019,978130,102215,8532,110747,1714
2021-05-10,Glenn,021,27897,2415,550,2965,25
2021-05-10,Humboldt,023,135768,4040,33,4073,39
2021-05-10,Imperial,025,180216,28504,2658,31162,738
2021-05-10,Inyo,027,18085,1403,12,1415,38
2021-05-10,Kern,029,883053,96910,10646,107556,1326
2021-05-10,Kings,031,150075,23086,1068,24154,246
2021-05-10,Lake,033,64148,3490,9,3499,61
2021-05-10,Lassen,035,31185,5182,106,5288,18
2021-05-10,Los Angeles,037,10098052,1204578,40149,1244727,24344
2021-05-10,Madera,039,155013,16544,915,17459,244
2021-05-10,Marin,041,260295,5579,186,5765,175
2021-05-10,Mariposa,043,17540,427,11,438,6
2021-05-10,Mendocino,045,87422,3904,81,3985,49
2021-05-10,Merced,047,269075,30800,1025,31825,487
2021-05-10,Modoc,049,8938,368,123,491,4
2021-05-10,Mono,051,14174,1254,17,1271,3
2021-05-10,Monterey,053,433212,43064,1820,44884,581
2021-05-10,Napa,055,140530,9838,32,9870,80
2021-05-10,Nevada,057,99092,4759,184,4943,70
2021-05-10,Orange,059,3164182,254963,11147,266110,5203
2021-05-10,Placer,061,380077,22990,1437,24427,299
2021-05-10,Plumas,063,18699,695,10,705,5
2021-05-10,Riverside,065,2383286,293305,13776,307081,4565
2021-05-10,Sacramento,067,1510023,104775,1700,106475,1650
2021-05-10,San Benito,069,59416,6040,111,6151,60
2021-05-10,San Bernardino,071,2135413,292505,8872,301377,5264
2021-05-10,San Diego,073,3302833,279300,14727,294027,3752
2021-05-10,San Francisco,075,870044,36493,1249,37742,563
2021-05-10,San Joaquin,077,732212,72563,3429,75992,1424
2021-05-10,San Luis Obispo,079,281455,21261,715,21976,256
2021-05-10,San Mateo,081,765935,42115,461,42576,539
2021-05-10,Santa Barbara,083,443738,34331,1112,35443,455
2021-05-10,Santa Clara,085,1922200,118136,737,118873,1735
2021-05-10,Santa Cruz,087,273765,16176,795,16971,208
2021-05-10,Shasta,089,179085,12070,1512,13582,197
2021-05-10,Sierra,091,2930,56,12,68,0
2021-05-10,Siskiyou,093,43540,1851,327,2178,20
2021-05-10,Solano,095,438530,32550,533,33083,266
2021-05-10,Sonoma,097,501317,29803,323,30126,312
2021-05-10,Stanislaus,099,539301,55794,5802,61596,980
2021-05-10,Sutter,101,95872,9371,80,9451,124
2021-05-10,Tehama,103,63373,5014,551,5565,74
2021-05-10,Trinity,105,12862,482,83,565,4
2021-05-10,Tulare,107,460477,50017,8794,58811,870
2021-05-10,Tuolumne,109,53932,4011,41,4052,63
2021-05-10,Ventura,111,848112,81103,2935,84038,1031
2021-05-10,Yolo,113,214977,13890,217,14107,228
2021-05-10,Yuba,115,75493,5973,119,6092,47
2021-05-09,Alameda,001,1643700,87373,1889,89262,1241
2021-05-09,Alpine,002,1148,87,0,87,0
2021-05-09,Amador,005,37829,3653,32,3685,47
2021-05-09,Butte,007,227075,12344,1804,14148,195
2021-05-09,Calaveras,009,45235,2116,13,2129,54
2021-05-09,Colusa,011,21464,1932,295,2227,16
2021-05-09,Contra Costa,013,1133247,68793,1231,70024,807
2021-05-09,Del Norte,015,27424,1378,12,1390,8
2021-05-09,El Dorado,017,186661,10164,728,10892,113
2021-05-09,Fresno,019,978130,102177,8523,110700,1714
2021-05-09,Glenn,021,27897,2408,547,2955,25
2021-05-09,Humboldt,023,135768,4020,33,4053,39
2021-05-09,Imperial,025,180216,28481,2650,31131,737
2021-05-09,Inyo,027,18085,1403,11,1414,38
2021-05-09,Kern,029,883053,96882,10636,107518,1325
2021-05-09,Kings,031,150075,23077,1068,24145,246
2021-05-09,Lake,033,64148,3486,9,3495,61
2021-05-09,Lassen,035,31185,5180,106,5286,18
2021-05-09,Los Angeles,037,10098052,1204320,40134,1244454,24341
2021-05-09,Madera,039,155013,16535,909,17444,244
2021-05-09,Marin,041,260295,5568,185,5753,175
2021-05-09,Mariposa,043,17540,424,11,435,6
2021-05-09,Mendocino,045,87422,3894,81,3975,49
2021-05-09,Merced,047,269075,30777,1025,31802,487
2021-05-09,Modoc,049,8938,368,123,491,4
2021-05-09,Mono,051,14174,1254,17,1271,3
2021-05-09,Monterey,053,433212,43046,1820,44866,581
2021-05-09,Napa,055,140530,9827,32,9859,80
2021-05-09,Nevada,057,99092,4752,184,4936,70
2021-05-09,Orange,059,3164182,254909,11139,266048,5202
2021-05-09,Placer,061,380077,22964,1434,24398,299
2021-05-09,Plumas,063,18699,694,10,704,5
2021-05-09,Riverside,065,2383286,293225,13770,306995,4564
2021-05-09,Sacramento,067,1510023,104626,1694,106320,1649
2021-05-09,San Benito,069,59416,6038,111,6149,60
2021-05-09,San Bernardino,071,2135413,292422,8866,301288,5264
2021-05-09,San Diego,073,3302833,279133,14705,293838,3751
2021-05-09,San Francisco,075,870044,36467,1247,37714,563
2021-05-09,San Joaquin,077,732212,72517,3428,75945,1424
2021-05-09,San Luis Obispo,079,281455,21250,715,21965,256
2021-05-09,San Mateo,081,765935,42085,461,42546,539
2021-05-09,Santa Barbara,083,443738,34318,1111,35429,455
2021-05-09,Santa Clara,085,1922200,118082,736,118818,1735
2021-05-09,Santa Cruz,087,273765,16170,795,16965,208
2021-05-09,Shasta,089,179085,12040,1507,13547,197
2021-05-09,Sierra,091,2930,56,12,68,0
2021-05-09,Siskiyou,093,43540,1844,324,2168,20
2021-05-09,Solano,095,438530,32511,531,33042,266
2021-05-09,Sonoma,097,501317,29789,322,30111,312
2021-05-09,Stanislaus,099,539301,55728,5798,61526,980
2021-05-09,Sutter,101,95872,9365,80,9445,124
2021-05-09,Tehama,103,63373,5009,551,5560,74
2021-05-09,Trinity,105,12862,482,83,565,4
2021-05-09,Tulare,107,460477,49990,8789,58779,870
2021-05-09,Tuolumne,109,53932,4009,41,4050,63
2021-05-09,Ventura,111,848112,81088,2934,84022,1031
2021-05-09,Yolo,113,214977,13879,217,14096,228
2021-05-09,Yuba,115,75493,5967,119,6086,47
2021-05-08,Alameda,001,1643700,87331,1885,89216,1241
2021-05-08,Alpine,002,1148,87,0,87,0
2021-05-08,Amador,005,37829,3651,32,3683,47
2021-05-08,Butte,007,227075,12332,1803,14135,195
2021-05-08,Calaveras,009,45235,2115,13,2128,54
2021-05-08,Colusa,011,21464,1932,295,2227,16
2021-05-08,Contra Costa,013,1133247,68760,1229,69989,807
2021-05-08,Del Norte,015,27424,1375,12,1387,8
2021-05-08,El Dorado,017,186661,10150,728,10878,113
2021-05-08,Fresno,019,978130,102141,8518,110659,1714
2021-05-08,Glenn,021,27897,2406,545,2951,25
2021-05-08,Humboldt,023,135768,4004,33,4037,39
2021-05-08,Imperial,025,180216,28472,2650,31122,737
2021-05-08,Inyo,027,18085,1403,11,1414,38
2021-05-08,Kern,029,883053,96857,10623,107480,1325
2021-05-08,Kings,031,150075,23074,1067,24141,246
2021-05-08,Lake,033,64148,3485,9,3494,61
2021-05-08,Lassen,035,31185,5179,106,5285,18
2021-05-08,Los Angeles,037,10098052,1204166,40118,1244284,24332
2021-05-08,Madera,039,155013,16531,909,17440,244
2021-05-08,Marin,041,260295,5565,184,5749,175
2021-05-08,Mariposa,043,17540,424,11,435,6
2021-05-08,Mendocino,045,87422,3889,80,3969,49
2021-05-08,Merced,047,269075,30767,1025,31792,485
2021-05-08,Modoc,049,8938,368,122,490,4
2021-05-08,Mono,051,14174,1254,17,1271,3
2021-05-08,Monterey,053,433212,43041,1819,44860,580
2021-05-08,Napa,055,140530,9820,32,9852,80
2021-05-08,Nevada,057,99092,4749,184,4933,70
2021-05-08,Orange,059,3164182,254875,11135,266010,5198
2021-05-08,Placer,061,380077,22946,1432,24378,299
2021-05-08,Plumas,063,18699,693,10,703,5
2021-05-08,Riverside,065,2383286,293182,13768,306950,4564
2021-05-08,Sacramento,067,1510023,104541,1691,106232,1648
2021-05-08,San Benito,069,59416,6037,111,6148,60
2021-05-08,San Bernardino,071,2135413,292379,8866,301245,5263
2021-05-08,San Diego,073,3302833,279050,14687,293737,3751
2021-05-08,San Francisco,075,870044,36444,1247,37691,563
2021-05-08,San Joaquin,077,732212,72488,3419,75907,1421
2021-05-08,San Luis Obispo,079,281455,21239,715,21954,256
2021-05-08,San Mateo,081,765935,42074,461,42535,538
2021-05-08,Santa Barbara,083,443738,34305,1111,35416,455
2021-05-08,Santa Clara,085,1922200,118051,736,118787,1735
2021-05-08,Santa Cruz,087,273765,16167,795,16962,208
2021-05-08,Shasta,089,179085,12030,1503,13533,197
2021-05-08,Sierra,091,2930,56,12,68,0
2021-05-08,Siskiyou,093,43540,1843,320,2163,19
2021-05-08,Solano,095,438530,32487,529,33016,266
2021-05-08,Sonoma,097,501317,29776,322,30098,312
2021-05-08,Stanislaus,099,539301,55697,5794,61491,980
2021-05-08,Sutter,101,95872,9362,80,9442,124
2021-05-08,Tehama,103,63373,5007,551,5558,73
2021-05-08,Trinity,105,12862,482,83,565,4
2021-05-08,Tulare,107,460477,49977,8779,58756,870
2021-05-08,Tuolumne,109,53932,4008,41,4049,63
2021-05-08,Ventura,111,848112,81077,2931,84008,1031
2021-05-08,Yolo,113,214977,13876,216,14092,228
2021-05-08,Yuba,115,75493,5959,119,6078,47
2021-05-07,Alameda,001,1643700,87278,1885,89163,1240
2021-05-07,Alpine,002,1148,87,0,87,0
2021-05-07,Amador,005,37829,3648,32,3680,47
2021-05-07,Butte,007,227075,12311,1800,14111,195
2021-05-07,Calaveras,009,45235,2113,13,2126,53
2021-05-07,Colusa,011,21464,1932,295,2227,16
2021-05-07,Contra Costa,013,1133247,68713,1227,69940,807
2021-05-07,Del Norte,015,27424,1370,12,1382,8
2021-05-07,El Dorado,017,186661,10137,727,10864,113
2021-05-07,Fresno,019,978130,102108,8517,110625,1713
2021-05-07,Glenn,021,27897,2403,544,2947,25
2021-05-07,Humboldt,023,135768,3989,33,4022,38
2021-05-07,Imperial,025,180216,28464,2650,31114,737
2021-05-07,Inyo,027,18085,1403,11,1414,38
2021-05-07,Kern,029,883053,96844,10611,107455,1325
2021-05-07,Kings,031,150075,23073,1066,24139,246
2021-05-07,Lake,033,64148,3483,9,3492,61
2021-05-07,Lassen,035,31185,5178,105,5283,18
2021-05-07,Los Angeles,037,10098052,1203986,40111,1244097,24323
2021-05-07,Madera,039,155013,16526,909,17435,244
2021-05-07,Marin,041,260295,5561,184,5745,175
2021-05-07,Mariposa,043,17540,423,11,434,6
2021-05-07,Mendocino,045,87422,3883,80,3963,49
2021-05-07,Merced,047,269075,30764,1025,31789,485
2021-05-07,Modoc,049,8938,368,122,490,4
2021-05-07,Mono,051,14174,1253,17,1270,3
2021-05-07,Monterey,053,433212,43035,1817,44852,580
2021-05-07,Napa,055,140530,9819,32,9851,80
2021-05-07,Nevada,057,99092,4745,184,4929,70
2021-05-07,Orange,059,3164182,254835,11127,265962,5198
2021-05-07,Placer,061,380077,22926,1430,24356,299
2021-05-07,Plumas,063,18699,693,10,703,5
2021-05-07,Riverside,065,2383286,293124,13767,306891,4564
2021-05-07,Sacramento,067,1510023,104469,1686,106155,1647
2021-05-07,San Benito,069,59416,6036,111,6147,60
2021-05-07,San Bernardino,071,2135413,292337,8861,301198,5261
2021-05-07,San Diego,073,3302833,278964,14671,293635,3750
2021-05-07,San Francisco,075,870044,36431,1246,37677,563
2021-05-07,San Joaquin,077,732212,72447,3417,75864,1421
2021-05-07,San Luis Obispo,079,281455,21232,715,21947,256
2021-05-07,San Mateo,081,765935,42059,461,42520,538
2021-05-07,Santa Barbara,083,443738,34295,1111,35406,455
2021-05-07,Santa Clara,085,1922200,118018,735,118753,1735
2021-05-07,Santa Cruz,087,273765,16164,795,16959,207
2021-05-07,Shasta,089,179085,12008,1501,13509,197
2021-05-07,Sierra,091,2930,56,12,68,0
2021-05-07,Siskiyou,093,43540,1840,320,2160,18
2021-05-07,Solano,095,438530,32459,527,32986,266
2021-05-07,Sonoma,097,501317,29758,320,30078,312
2021-05-07,Stanislaus,099,539301,55657,5789,61446,980
2021-05-07,Sutter,101,95872,9362,80,9442,124
2021-05-07,Tehama,103,63373,5000,551,5551,73
2021-05-07,Trinity,105,12862,482,83,565,4
2021-05-07,Tulare,107,460477,49960,8774,58734,870
2021-05-07,Tuolumne,109,53932,4006,41,4047,63
2021-05-07,Ventura,111,848112,81053,2931,83984,1031
2021-05-07,Yolo,113,214977,13870,215,14085,228
2021-05-07,Yuba,115,75493,5949,119,6068,47
2021-05-06,Alameda,001,1643700,87202,1882,89084,1238
2021-05-06,Alpine,002,1148,87,0,87,0
2021-05-06,Amador,005,37829,3646,32,3678,47
2021-05-06,Butte,007,227075,12291,1795,14086,195
2021-05-06,Calaveras,009,45235,2113,13,2126,53
2021-05-06,Colusa,011,21464,1932,295,2227,16
2021-05-06,Contra Costa,013,1133247,68658,1224,69882,807
2021-05-06,Del Norte,015,27424,1362,12,1374,8
2021-05-06,El Dorado,017,186661,10130,727,10857,113
2021-05-06,Fresno,019,978130,102064,8513,110577,1710
2021-05-06,Glenn,021,27897,2402,543,2945,25
2021-05-06,Humboldt,023,135768,3964,33,3997,38
2021-05-06,Imperial,025,180216,28453,2649,31102,737
2021-05-06,Inyo,027,18085,1403,11,1414,38
2021-05-06,Kern,029,883053,96819,10594,107413,1325
2021-05-06,Kings,031,150075,23066,1065,24131,246
2021-05-06,Lake,033,64148,3482,9,3491,61
2021-05-06,Lassen,035,31185,5177,105,5282,18
2021-05-06,Los Angeles,037,10098052,1203744,40095,1243839,24318
2021-05-06,Madera,039,155013,16518,909,17427,244
2021-05-06,Marin,041,260295,5557,184,5741,175
2021-05-06,Mariposa,043,17540,422,11,433,6
2021-05-06,Mendocino,045,87422,3872,80,3952,48
2021-05-06,Merced,047,269075,30749,1023,31772,484
2021-05-06,Modoc,049,8938,368,122,490,4
2021-05-06,Mono,051,14174,1251,17,1268,3
2021-05-06,Monterey,053,433212,43020,1817,44837,579
2021-05-06,Napa,055,140530,9813,32,9845,80
2021-05-06,Nevada,057,99092,4744,184,4928,70
2021-05-06,Orange,059,3164182,254767,11121,265888,5198
2021-05-06,Placer,061,380077,22904,1430,24334,299
2021-05-06,Plumas,063,18699,693,10,703,5
2021-05-06,Riverside,065,2383286,293051,13762,306813,4561
2021-05-06,Sacramento,067,1510023,104353,1683,106036,1646
2021-05-06,San Benito,069,59416,6035,111,6146,60
2021-05-06,San Bernardino,071,2135413,292267,8860,301127,5260
2021-05-06,San Diego,073,3302833,278837,14648,293485,3750
2021-05-06,San Francisco,075,870044,36416,1246,37662,562
2021-05-06,San Joaquin,077,732212,72392,3414,75806,1419
2021-05-06,San Luis Obispo,079,281455,21220,713,21933,256
2021-05-06,San Mateo,081,765935,42040,460,42500,538
2021-05-06,Santa Barbara,083,443738,34282,1111,35393,455
2021-05-06,Santa Clara,085,1922200,117977,735,118712,1733
2021-05-06,Santa Cruz,087,273765,16157,795,16952,207
2021-05-06,Shasta,089,179085,11986,1495,13481,197
2021-05-06,Sierra,091,2930,56,12,68,0
2021-05-06,Siskiyou,093,43540,1830,319,2149,18
2021-05-06,Solano,095,438530,32433,519,32952,266
2021-05-06,Sonoma,097,501317,29750,320,30070,312
2021-05-06,Stanislaus,099,539301,55601,5784,61385,978
2021-05-06,Sutter,101,95872,9356,80,9436,124
2021-05-06,Tehama,103,63373,4995,551,5546,73
2021-05-06,Trinity,105,12862,482,83,565,4
2021-05-06,Tulare,107,460477,49935,8759,58694,870
2021-05-06,Tuolumne,109,53932,4002,41,4043,63
2021-05-06,Ventura,111,848112,81022,2928,83950,1031
2021-05-06,Yolo,113,214977,13862,212,14074,228
2021-05-06,Yuba,115,75493,5937,119,6056,47
2021-05-05,Alameda,001,1643700,87141,1880,89021,1236
2021-05-05,Alpine,002,1148,87,0,87,0
2021-05-05,Amador,005,37829,3643,32,3675,47
2021-05-05,Butte,007,227075,12273,1792,14065,194
2021-05-05,Calaveras,009,45235,2109,13,2122,53
2021-05-05,Colusa,011,21464,1931,295,2226,16
2021-05-05,Contra Costa,013,1133247,68593,1220,69813,806
2021-05-05,Del Norte,015,27424,1359,12,1371,8
2021-05-05,El Dorado,017,186661,10119,726,10845,112
2021-05-05,Fresno,019,978130,102015,8504,110519,1706
2021-05-05,Glenn,021,27897,2399,542,2941,25
2021-05-05,Humboldt,023,135768,3945,32,3977,38
2021-05-05,Imperial,025,180216,28412,2642,31054,737
2021-05-05,Inyo,027,18085,1402,11,1413,38
2021-05-05,Kern,029,883053,96775,10590,107365,1325
2021-05-05,Kings,031,150075,23060,1064,24124,246
2021-05-05,Lake,033,64148,3479,9,3488,61
2021-05-05,Lassen,035,31185,5177,104,5281,18
2021-05-05,Los Angeles,037,10098052,1203477,40081,1243558,24312
2021-05-05,Madera,039,155013,16516,909,17425,244
2021-05-05,Marin,041,260295,5549,183,5732,175
2021-05-05,Mariposa,043,17540,422,11,433,6
2021-05-05,Mendocino,045,87422,3868,80,3948,48
2021-05-05,Merced,047,269075,30728,1023,31751,482
2021-05-05,Modoc,049,8938,367,121,488,4
2021-05-05,Mono,051,14174,1251,17,1268,3
2021-05-05,Monterey,053,433212,43007,1814,44821,578
2021-05-05,Napa,055,140530,9807,32,9839,79
2021-05-05,Nevada,057,99092,4741,184,4925,70
2021-05-05,Orange,059,3164182,254709,11116,265825,5197
2021-05-05,Placer,061,380077,22872,1426,24298,299
2021-05-05,Plumas,063,18699,693,10,703,5
2021-05-05,Riverside,065,2383286,292956,13753,306709,4560
2021-05-05,Sacramento,067,1510023,104265,1678,105943,1644
2021-05-05,San Benito,069,59416,6026,111,6137,60
2021-05-05,San Bernardino,071,2135413,292192,8855,301047,5260
2021-05-05,San Diego,073,3302833,278700,14629,293329,3749
2021-05-05,San Francisco,075,870044,36401,1245,37646,560
2021-05-05,San Joaquin,077,732212,72340,3411,75751,1418
2021-05-05,San Luis Obispo,079,281455,21212,713,21925,256
2021-05-05,San Mateo,081,765935,42011,459,42470,538
2021-05-05,Santa Barbara,083,443738,34267,1110,35377,455
2021-05-05,Santa Clara,085,1922200,117947,732,118679,1732
2021-05-05,Santa Cruz,087,273765,16151,795,16946,207
2021-05-05,Shasta,089,179085,11970,1491,13461,197
2021-05-05,Sierra,091,2930,56,12,68,0
2021-05-05,Siskiyou,093,43540,1813,311,2124,17
2021-05-05,Solano,095,438530,32398,517,32915,266
2021-05-05,Sonoma,097,501317,29737,320,30057,312
2021-05-05,Stanislaus,099,539301,55544,5782,61326,977
2021-05-05,Sutter,101,95872,9350,80,9430,124
2021-05-05,Tehama,103,63373,4991,551,5542,73
2021-05-05,Trinity,105,12862,482,83,565,4
2021-05-05,Tulare,107,460477,49911,8752,58663,870
2021-05-05,Tuolumne,109,53932,3999,41,4040,63
2021-05-05,Ventura,111,848112,80994,2924,83918,1031
2021-05-05,Yolo,113,214977,13858,210,14068,228
2021-05-05,Yuba,115,75493,5927,118,6045,47
2021-05-04,Alameda,001,1643700,87049,1880,88929,1236
2021-05-04,Alpine,002,1148,87,0,87,0
2021-05-04,Amador,005,37829,3643,32,3675,47
2021-05-04,Butte,007,227075,12249,1791,14040,194
2021-05-04,Calaveras,009,45235,2105,13,2118,53
2021-05-04,Colusa,011,21464,1930,295,2225,16
2021-05-04,Contra Costa,013,1133247,68513,1218,69731,805
2021-05-04,Del Norte,015,27424,1359,12,1371,8
2021-05-04,El Dorado,017,186661,10108,722,10830,112
2021-05-04,Fresno,019,978130,101960,8497,110457,1705
2021-05-04,Glenn,021,27897,2396,539,2935,25
2021-05-04,Humboldt,023,135768,3919,32,3951,38
2021-05-04,Imperial,025,180216,28393,2639,31032,737
2021-05-04,Inyo,027,18085,1402,11,1413,38
2021-05-04,Kern,029,883053,96739,10572,107311,1325
2021-05-04,Kings,031,150075,23046,1061,24107,246
2021-05-04,Lake,033,64148,3478,9,3487,61
2021-05-04,Lassen,035,31185,5176,104,5280,18
2021-05-04,Los Angeles,037,10098052,1203187,40068,1243255,24304
2021-05-04,Madera,039,155013,16515,909,17424,244
2021-05-04,Marin,041,260295,5541,183,5724,175
2021-05-04,Mariposa,043,17540,422,11,433,6
2021-05-04,Mendocino,045,87422,3863,80,3943,48
2021-05-04,Merced,047,269075,30711,1023,31734,481
2021-05-04,Modoc,049,8938,366,120,486,4
2021-05-04,Mono,051,14174,1251,17,1268,3
2021-05-04,Monterey,053,433212,42995,1813,44808,578
2021-05-04,Napa,055,140530,9798,32,9830,79
2021-05-04,Nevada,057,99092,4734,184,4918,70
2021-05-04,Orange,059,3164182,254641,11108,265749,5196
2021-05-04,Placer,061,380077,22844,1423,24267,299
2021-05-04,Plumas,063,18699,692,10,702,5
2021-05-04,Riverside,065,2383286,292872,13746,306618,4559
2021-05-04,Sacramento,067,1510023,104136,1673,105809,1643
2021-05-04,San Benito,069,59416,6025,111,6136,60
2021-05-04,San Bernardino,071,2135413,292115,8848,300963,5259
2021-05-04,San Diego,073,3302833,278533,14612,293145,3747
2021-05-04,San Francisco,075,870044,36383,1245,37628,560
2021-05-04,San Joaquin,077,732212,72279,3406,75685,1416
2021-05-04,San Luis Obispo,079,281455,21206,711,21917,256
2021-05-04,San Mateo,081,765935,41985,459,42444,538
2021-05-04,Santa Barbara,083,443738,34252,1109,35361,455
2021-05-04,Santa Clara,085,1922200,117884,731,118615,1731
2021-05-04,Santa Cruz,087,273765,16145,795,16940,207
2021-05-04,Shasta,089,179085,11950,1485,13435,197
2021-05-04,Sierra,091,2930,56,12,68,0
2021-05-04,Siskiyou,093,43540,1806,309,2115,17
2021-05-04,Solano,095,438530,32357,515,32872,266
2021-05-04,Sonoma,097,501317,29717,319,30036,312
2021-05-04,Stanislaus,099,539301,55488,5779,61267,977
2021-05-04,Sutter,101,95872,9345,80,9425,124
2021-05-04,Tehama,103,63373,4988,550,5538,73
2021-05-04,Trinity,105,12862,482,83,565,4
2021-05-04,Tulare,107,460477,49884,8744,58628,870
2021-05-04,Tuolumne,109,53932,3997,41,4038,63
2021-05-04,Ventura,111,848112,80965,2922,83887,1031
2021-05-04,Yolo,113,214977,13845,208,14053,228
2021-05-04,Yuba,115,75493,5921,118,6039,47
2021-05-03,Alameda,001,1643700,86973,1875,88848,1236
2021-05-03,Alpine,002,1148,87,0,87,0
2021-05-03,Amador,005,37829,3643,32,3675,47
2021-05-03,Butte,007,227075,12239,1788,14027,194
2021-05-03,Calaveras,009,45235,2103,13,2116,52
2021-05-03,Colusa,011,21464,1929,293,2222,16
2021-05-03,Contra Costa,013,1133247,68454,1214,69668,805
2021-05-03,Del Norte,015,27424,1354,11,1365,8
2021-05-03,El Dorado,017,186661,10090,717,10807,112
2021-05-03,Fresno,019,978130,101904,8487,110391,1703
2021-05-03,Glenn,021,27897,2396,538,2934,25
2021-05-03,Humboldt,023,135768,3904,32,3936,38
2021-05-03,Imperial,025,180216,28371,2636,31007,737
2021-05-03,Inyo,027,18085,1401,11,1412,38
2021-05-03,Kern,029,883053,96702,10561,107263,1325
2021-05-03,Kings,031,150075,23037,1061,24098,246
2021-05-03,Lake,033,64148,3476,9,3485,61
2021-05-03,Lassen,035,31185,5175,104,5279,18
2021-05-03,Los Angeles,037,10098052,1202919,40042,1242961,24299
2021-05-03,Madera,039,155013,16510,908,17418,244
2021-05-03,Marin,041,260295,5535,183,5718,175
2021-05-03,Mariposa,043,17540,422,11,433,6
2021-05-03,Mendocino,045,87422,3856,80,3936,48
2021-05-03,Merced,047,269075,30700,1021,31721,481
2021-05-03,Modoc,049,8938,366,120,486,4
2021-05-03,Mono,051,14174,1251,17,1268,3
2021-05-03,Monterey,053,433212,42983,1811,44794,578
2021-05-03,Napa,055,140530,9793,32,9825,79
2021-05-03,Nevada,057,99092,4726,184,4910,70
2021-05-03,Orange,059,3164182,254583,11099,265682,5196
2021-05-03,Placer,061,380077,22813,1417,24230,299
2021-05-03,Plumas,063,18699,691,10,701,5
2021-05-03,Riverside,065,2383286,292798,13745,306543,4558
2021-05-03,Sacramento,067,1510023,103983,1663,105646,1641
2021-05-03,San Benito,069,59416,6024,111,6135,60
2021-05-03,San Bernardino,071,2135413,292047,8845,300892,5254
2021-05-03,San Diego,073,3302833,278370,14587,292957,3747
2021-05-03,San Francisco,075,870044,36357,1245,37602,560
2021-05-03,San Joaquin,077,732212,72229,3403,75632,1416
2021-05-03,San Luis Obispo,079,281455,21190,708,21898,256
2021-05-03,San Mateo,081,765935,41962,458,42420,538
2021-05-03,Santa Barbara,083,443738,34240,1109,35349,455
2021-05-03,Santa Clara,085,1922200,117830,730,118560,1730
2021-05-03,Santa Cruz,087,273765,16142,795,16937,207
2021-05-03,Shasta,089,179085,11927,1480,13407,196
2021-05-03,Sierra,091,2930,56,12,68,0
2021-05-03,Siskiyou,093,43540,1800,303,2103,16
2021-05-03,Solano,095,438530,32316,514,32830,265
2021-05-03,Sonoma,097,501317,29705,316,30021,312
2021-05-03,Stanislaus,099,539301,55422,5770,61192,976
2021-05-03,Sutter,101,95872,9333,80,9413,124
2021-05-03,Tehama,103,63373,4980,550,5530,73
2021-05-03,Trinity,105,12862,482,83,565,4
2021-05-03,Tulare,107,460477,49866,8734,58600,869
2021-05-03,Tuolumne,109,53932,3996,41,4037,63
2021-05-03,Ventura,111,848112,80943,2922,83865,1030
2021-05-03,Yolo,113,214977,13831,207,14038,228
2021-05-03,Yuba,115,75493,5916,118,6034,47
2021-05-02,Alameda,001,1643700,86888,1873,88761,1236
2021-05-02,Alpine,002,1148,87,0,87,0
2021-05-02,Amador,005,37829,3643,32,3675,47
2021-05-02,Butte,007,227075,12215,1786,14001,194
2021-05-02,Calaveras,009,45235,2099,13,2112,52
2021-05-02,Colusa,011,21464,1928,292,2220,16
2021-05-02,Contra Costa,013,1133247,68369,1212,69581,805
2021-05-02,Del Norte,015,27424,1347,11,1358,8
2021-05-02,El Dorado,017,186661,10075,716,10791,111
2021-05-02,Fresno,019,978130,101832,8476,110308,1702
2021-05-02,Glenn,021,27897,2395,536,2931,25
2021-05-02,Humboldt,023,135768,3892,31,3923,38
2021-05-02,Imperial,025,180216,28337,2627,30964,737
2021-05-02,Inyo,027,18085,1399,11,1410,38
2021-05-02,Kern,029,883053,96644,10554,107198,1324
2021-05-02,Kings,031,150075,23019,1060,24079,246
2021-05-02,Lake,033,64148,3474,9,3483,61
2021-05-02,Lassen,035,31185,5174,103,5277,18
2021-05-02,Los Angeles,037,10098052,1202567,40021,1242588,24294
2021-05-02,Madera,039,155013,16504,908,17412,243
2021-05-02,Marin,041,260295,5525,183,5708,175
2021-05-02,Mariposa,043,17540,422,11,433,6
2021-05-02,Mendocino,045,87422,3851,80,3931,48
2021-05-02,Merced,047,269075,30680,1017,31697,479
2021-05-02,Modoc,049,8938,365,120,485,4
2021-05-02,Mono,051,14174,1250,17,1267,3
2021-05-02,Monterey,053,433212,42969,1810,44779,577
2021-05-02,Napa,055,140530,9789,32,9821,79
2021-05-02,Nevada,057,99092,4710,184,4894,70
2021-05-02,Orange,059,3164182,254509,11085,265594,5194
2021-05-02,Placer,061,380077,22784,1414,24198,298
2021-05-02,Plumas,063,18699,691,10,701,5
2021-05-02,Riverside,065,2383286,292698,13735,306433,4558
2021-05-02,Sacramento,067,1510023,103844,1655,105499,1641
2021-05-02,San Benito,069,59416,6019,111,6130,60
2021-05-02,San Bernardino,071,2135413,291948,8843,300791,5251
2021-05-02,San Diego,073,3302833,278174,14560,292734,3747
2021-05-02,San Francisco,075,870044,36331,1245,37576,560
2021-05-02,San Joaquin,077,732212,72165,3397,75562,1415
2021-05-02,San Luis Obispo,079,281455,21169,707,21876,256
2021-05-02,San Mateo,081,765935,41946,457,42403,538
2021-05-02,Santa Barbara,083,443738,34226,1109,35335,455
2021-05-02,Santa Clara,085,1922200,117756,730,118486,1727
2021-05-02,Santa Cruz,087,273765,16137,794,16931,207
2021-05-02,Shasta,089,179085,11911,1472,13383,196
2021-05-02,Sierra,091,2930,56,12,68,0
2021-05-02,Siskiyou,093,43540,1789,302,2091,16
2021-05-02,Solano,095,438530,32278,510,32788,265
2021-05-02,Sonoma,097,501317,29683,316,29999,312
2021-05-02,Stanislaus,099,539301,55348,5763,61111,974
2021-05-02,Sutter,101,95872,9327,80,9407,124
2021-05-02,Tehama,103,63373,4975,548,5523,73
2021-05-02,Trinity,105,12862,482,83,565,4
2021-05-02,Tulare,107,460477,49848,8726,58574,869
2021-05-02,Tuolumne,109,53932,3993,41,4034,62
2021-05-02,Ventura,111,848112,80905,2921,83826,1030
2021-05-02,Yolo,113,214977,13819,206,14025,228
2021-05-02,Yuba,115,75493,5906,118,6024,47
2021-05-01,Alameda,001,1643700,86845,1870,88715,1235
2021-05-01,Alpine,002,1148,87,0,87,0
2021-05-01,Amador,005,37829,3643,32,3675,47
2021-05-01,Butte,007,227075,12201,1781,13982,194
2021-05-01,Calaveras,009,45235,2097,13,2110,52
2021-05-01,Colusa,011,21464,1927,292,2219,16
2021-05-01,Contra Costa,013,1133247,68317,1209,69526,805
2021-05-01,Del Norte,015,27424,1346,11,1357,8
2021-05-01,El Dorado,017,186661,10061,714,10775,111
2021-05-01,Fresno,019,978130,101787,8470,110257,1702
2021-05-01,Glenn,021,27897,2392,535,2927,25
2021-05-01,Humboldt,023,135768,3878,31,3909,38
2021-05-01,Imperial,025,180216,28330,2627,30957,737
2021-05-01,Inyo,027,18085,1399,11,1410,38
2021-05-01,Kern,029,883053,96617,10543,107160,1324
2021-05-01,Kings,031,150075,23016,1059,24075,246
2021-05-01,Lake,033,64148,3472,9,3481,61
2021-05-01,Lassen,035,31185,5172,103,5275,18
2021-05-01,Los Angeles,037,10098052,1202397,40007,1242404,24289
2021-05-01,Madera,039,155013,16500,908,17408,243
2021-05-01,Marin,041,260295,5517,183,5700,175
2021-05-01,Mariposa,043,17540,422,11,433,6
2021-05-01,Mendocino,045,87422,3849,80,3929,48
2021-05-01,Merced,047,269075,30663,1016,31679,478
2021-05-01,Modoc,049,8938,365,120,485,4
2021-05-01,Mono,051,14174,1250,17,1267,3
2021-05-01,Monterey,053,433212,42963,1810,44773,577
2021-05-01,Napa,055,140530,9786,32,9818,79
2021-05-01,Nevada,057,99092,4705,184,4889,70
2021-05-01,Orange,059,3164182,254466,11075,265541,5194
2021-05-01,Placer,061,380077,22758,1412,24170,298
2021-05-01,Plumas,063,18699,690,10,700,5
2021-05-01,Riverside,065,2383286,292659,13733,306392,4556
2021-05-01,Sacramento,067,1510023,103763,1654,105417,1638
2021-05-01,San Benito,069,59416,6016,111,6127,60
2021-05-01,San Bernardino,071,2135413,291905,8842,300747,5248
2021-05-01,San Diego,073,3302833,278050,14539,292589,3747
2021-05-01,San Francisco,075,870044,36316,1245,37561,560
2021-05-01,San Joaquin,077,732212,72116,3395,75511,1414
2021-05-01,San Luis Obispo,079,281455,21164,707,21871,255
2021-05-01,San Mateo,081,765935,41917,456,42373,537
2021-05-01,Santa Barbara,083,443738,34221,1108,35329,455
2021-05-01,Santa Clara,085,1922200,117704,728,118432,1727
2021-05-01,Santa Cruz,087,273765,16134,794,16928,207
2021-05-01,Shasta,089,179085,11891,1465,13356,196
2021-05-01,Sierra,091,2930,56,12,68,0
2021-05-01,Siskiyou,093,43540,1781,301,2082,16
2021-05-01,Solano,095,438530,32248,502,32750,265
2021-05-01,Sonoma,097,501317,29680,316,29996,312
2021-05-01,Stanislaus,099,539301,55313,5757,61070,974
2021-05-01,Sutter,101,95872,9324,80,9404,124
2021-05-01,Tehama,103,63373,4974,547,5521,73
2021-05-01,Trinity,105,12862,482,82,564,4
2021-05-01,Tulare,107,460477,49841,8720,58561,869
2021-05-01,Tuolumne,109,53932,3987,41,4028,62
2021-05-01,Ventura,111,848112,80887,2921,83808,1029
2021-05-01,Yolo,113,214977,13812,204,14016,228
2021-05-01,Yuba,115,75493,5904,118,6022,47
2021-04-30,Alameda,001,1643700,86784,1867,88651,1234
2021-04-30,Alpine,002,1148,87,0,87,0
2021-04-30,Amador,005,37829,3641,32,3673,47
2021-04-30,Butte,007,227075,12182,1777,13959,194
2021-04-30,Calaveras,009,45235,2096,13,2109,52
2021-04-30,Colusa,011,21464,1927,291,2218,16
2021-04-30,Contra Costa,013,1133247,68269,1206,69475,805
2021-04-30,Del Norte,015,27424,1334,11,1345,8
2021-04-30,El Dorado,017,186661,10047,714,10761,111
2021-04-30,Fresno,019,978130,101741,8466,110207,1702
2021-04-30,Glenn,021,27897,2391,535,2926,25
2021-04-30,Humboldt,023,135768,3865,31,3896,38
2021-04-30,Imperial,025,180216,28321,2624,30945,737
2021-04-30,Inyo,027,18085,1399,11,1410,38
2021-04-30,Kern,029,883053,96600,10539,107139,1323
2021-04-30,Kings,031,150075,23013,1058,24071,246
2021-04-30,Lake,033,64148,3468,9,3477,60
2021-04-30,Lassen,035,31185,5171,103,5274,18
2021-04-30,Los Angeles,037,10098052,1202187,39994,1242181,24284
2021-04-30,Madera,039,155013,16494,908,17402,243
2021-04-30,Marin,041,260295,5509,181,5690,175
2021-04-30,Mariposa,043,17540,422,11,433,6
2021-04-30,Mendocino,045,87422,3845,80,3925,48
2021-04-30,Merced,047,269075,30650,1015,31665,478
2021-04-30,Modoc,049,8938,364,120,484,4
2021-04-30,Mono,051,14174,1250,17,1267,3
2021-04-30,Monterey,053,433212,42949,1809,44758,577
2021-04-30,Napa,055,140530,9782,32,9814,79
2021-04-30,Nevada,057,99092,4697,184,4881,70
2021-04-30,Orange,059,3164182,254408,11069,265477,5194
2021-04-30,Placer,061,380077,22739,1408,24147,297
2021-04-30,Plumas,063,18699,690,10,700,5
2021-04-30,Riverside,065,2383286,292601,13726,306327,4556
2021-04-30,Sacramento,067,1510023,103662,1650,105312,1635
2021-04-30,San Benito,069,59416,6012,110,6122,60
2021-04-30,San Bernardino,071,2135413,291845,8841,300686,5247
2021-04-30,San Diego,073,3302833,277954,14528,292482,3746
2021-04-30,San Francisco,075,870044,36305,1244,37549,560
2021-04-30,San Joaquin,077,732212,72064,3392,75456,1413
2021-04-30,San Luis Obispo,079,281455,21158,707,21865,255
2021-04-30,San Mateo,081,765935,41903,455,42358,537
2021-04-30,Santa Barbara,083,443738,34208,1108,35316,455
2021-04-30,Santa Clara,085,1922200,117646,724,118370,1727
2021-04-30,Santa Cruz,087,273765,16129,794,16923,207
2021-04-30,Shasta,089,179085,11870,1462,13332,196
2021-04-30,Sierra,091,2930,56,12,68,0
2021-04-30,Siskiyou,093,43540,1770,298,2068,16
2021-04-30,Solano,095,438530,32216,499,32715,265
2021-04-30,Sonoma,097,501317,29670,314,29984,312
2021-04-30,Stanislaus,099,539301,55262,5754,61016,973
2021-04-30,Sutter,101,95872,9322,80,9402,124
2021-04-30,Tehama,103,63373,4971,547,5518,73
2021-04-30,Trinity,105,12862,482,82,564,4
2021-04-30,Tulare,107,460477,49831,8704,58535,869
2021-04-30,Tuolumne,109,53932,3986,41,4027,62
2021-04-30,Ventura,111,848112,80847,2916,83763,1027
2021-04-30,Yolo,113,214977,13800,204,14004,228
2021-04-30,Yuba,115,75493,5896,118,6014,46
2021-04-29,Alameda,001,1643700,86717,1866,88583,1233
2021-04-29,Alpine,002,1148,87,0,87,0
2021-04-29,Amador,005,37829,3641,32,3673,47
2021-04-29,Butte,007,227075,12167,1775,13942,194
2021-04-29,Calaveras,009,45235,2093,13,2106,52
2021-04-29,Colusa,011,21464,1927,291,2218,16
2021-04-29,Contra Costa,013,1133247,68214,1203,69417,805
2021-04-29,Del Norte,015,27424,1330,11,1341,8
2021-04-29,El Dorado,017,186661,10027,711,10738,111
2021-04-29,Fresno,019,978130,101687,8455,110142,1701
2021-04-29,Glenn,021,27897,2388,535,2923,25
2021-04-29,Humboldt,023,135768,3851,31,3882,38
2021-04-29,Imperial,025,180216,28309,2623,30932,737
2021-04-29,Inyo,027,18085,1399,11,1410,38
2021-04-29,Kern,029,883053,96567,10535,107102,1323
2021-04-29,Kings,031,150075,23003,1053,24056,246
2021-04-29,Lake,033,64148,3460,9,3469,60
2021-04-29,Lassen,035,31185,5171,103,5274,18
2021-04-29,Los Angeles,037,10098052,1201909,39973,1241882,24279
2021-04-29,Madera,039,155013,16489,907,17396,243
2021-04-29,Marin,041,260295,5505,173,5678,175
2021-04-29,Mariposa,043,17540,421,11,432,6
2021-04-29,Mendocino,045,87422,3839,80,3919,48
2021-04-29,Merced,047,269075,30631,1013,31644,477
2021-04-29,Modoc,049,8938,364,120,484,4
2021-04-29,Mono,051,14174,1247,17,1264,3
2021-04-29,Monterey,053,433212,42932,1808,44740,576
2021-04-29,Napa,055,140530,9768,32,9800,79
2021-04-29,Nevada,057,99092,4686,184,4870,70
2021-04-29,Orange,059,3164182,254338,11054,265392,5194
2021-04-29,Placer,061,380077,22714,1406,24120,297
2021-04-29,Plumas,063,18699,689,10,699,5
2021-04-29,Riverside,065,2383286,292533,13724,306257,4555
2021-04-29,Sacramento,067,1510023,103529,1640,105169,1633
2021-04-29,San Benito,069,59416,6011,110,6121,60
2021-04-29,San Bernardino,071,2135413,291773,8836,300609,5245
2021-04-29,San Diego,073,3302833,277803,14511,292314,3745
2021-04-29,San Francisco,075,870044,36280,1244,37524,560
2021-04-29,San Joaquin,077,732212,71998,3387,75385,1413
2021-04-29,San Luis Obispo,079,281455,21147,707,21854,254
2021-04-29,San Mateo,081,765935,41875,454,42329,537
2021-04-29,Santa Barbara,083,443738,34192,1106,35298,455
2021-04-29,Santa Clara,085,1922200,117591,721,118312,1727
2021-04-29,Santa Cruz,087,273765,16123,794,16917,207
2021-04-29,Shasta,089,179085,11839,1454,13293,196
2021-04-29,Sierra,091,2930,56,12,68,0
2021-04-29,Siskiyou,093,43540,1761,295,2056,16
2021-04-29,Solano,095,438530,32175,495,32670,265
2021-04-29,Sonoma,097,501317,29655,311,29966,312
2021-04-29,Stanislaus,099,539301,55195,5749,60944,973
2021-04-29,Sutter,101,95872,9315,80,9395,123
2021-04-29,Tehama,103,63373,4963,547,5510,73
2021-04-29,Trinity,105,12862,482,82,564,4
2021-04-29,Tulare,107,460477,49813,8693,58506,869
2021-04-29,Tuolumne,109,53932,3985,41,4026,62
2021-04-29,Ventura,111,848112,80813,2914,83727,1027
2021-04-29,Yolo,113,214977,13780,203,13983,228
2021-04-29,Yuba,115,75493,5886,118,6004,45
2021-04-28,Alameda,001,1643700,86645,1862,88507,1233
2021-04-28,Alpine,002,1148,87,0,87,0
2021-04-28,Amador,005,37829,3641,32,3673,47
2021-04-28,Butte,007,227075,12147,1770,13917,194
2021-04-28,Calaveras,009,45235,2089,12,2101,52
2021-04-28,Colusa,011,21464,1924,290,2214,16
2021-04-28,Contra Costa,013,1133247,68154,1201,69355,803
2021-04-28,Del Norte,015,27424,1322,11,1333,8
2021-04-28,El Dorado,017,186661,10002,711,10713,111
2021-04-28,Fresno,019,978130,101641,8445,110086,1700
2021-04-28,Glenn,021,27897,2385,535,2920,25
2021-04-28,Humboldt,023,135768,3835,31,3866,38
2021-04-28,Imperial,025,180216,28295,2622,30917,737
2021-04-28,Inyo,027,18085,1399,10,1409,38
2021-04-28,Kern,029,883053,96538,10526,107064,1322
2021-04-28,Kings,031,150075,22991,1051,24042,246
2021-04-28,Lake,033,64148,3457,9,3466,60
2021-04-28,Lassen,035,31185,5171,103,5274,18
2021-04-28,Los Angeles,037,10098052,1201607,39946,1241553,24273
2021-04-28,Madera,039,155013,16485,907,17392,243
2021-04-28,Marin,041,260295,5494,173,5667,175
2021-04-28,Mariposa,043,17540,418,11,429,6
2021-04-28,Mendocino,045,87422,3833,78,3911,48
2021-04-28,Merced,047,269075,30613,1013,31626,476
2021-04-28,Modoc,049,8938,364,120,484,4
2021-04-28,Mono,051,14174,1247,17,1264,3
2021-04-28,Monterey,053,433212,42927,1808,44735,576
2021-04-28,Napa,055,140530,9757,32,9789,79
2021-04-28,Nevada,057,99092,4666,184,4850,70
2021-04-28,Orange,059,3164182,254258,11042,265300,5193
2021-04-28,Placer,061,380077,22687,1405,24092,297
2021-04-28,Plumas,063,18699,689,10,699,5
2021-04-28,Riverside,065,2383286,292477,13718,306195,4554
2021-04-28,Sacramento,067,1510023,103408,1636,105044,1631
2021-04-28,San Benito,069,59416,6009,110,6119,60
2021-04-28,San Bernardino,071,2135413,291694,8826,300520,5242
2021-04-28,San Diego,073,3302833,277649,14497,292146,3743
2021-04-28,San Francisco,075,870044,36250,1243,37493,559
2021-04-28,San Joaquin,077,732212,71918,3379,75297,1413
2021-04-28,San Luis Obispo,079,281455,21139,707,21846,254
2021-04-28,San Mateo,081,765935,41850,452,42302,537
2021-04-28,Santa Barbara,083,443738,34178,1106,35284,455
2021-04-28,Santa Clara,085,1922200,117522,719,118241,1726
2021-04-28,Santa Cruz,087,273765,16119,793,16912,207
2021-04-28,Shasta,089,179085,11823,1447,13270,195
2021-04-28,Sierra,091,2930,56,12,68,0
2021-04-28,Siskiyou,093,43540,1748,292,2040,16
2021-04-28,Solano,095,438530,32143,490,32633,265
2021-04-28,Sonoma,097,501317,29641,307,29948,312
2021-04-28,Stanislaus,099,539301,55140,5746,60886,973
2021-04-28,Sutter,101,95872,9310,80,9390,123
2021-04-28,Tehama,103,63373,4958,546,5504,73
2021-04-28,Trinity,105,12862,482,82,564,4
2021-04-28,Tulare,107,460477,49795,8678,58473,868
2021-04-28,Tuolumne,109,53932,3982,41,4023,62
2021-04-28,Ventura,111,848112,80778,2912,83690,1026
2021-04-28,Yolo,113,214977,13766,202,13968,228
2021-04-28,Yuba,115,75493,5880,118,5998,45
2021-04-27,Alameda,001,1643700,86555,1856,88411,1232
2021-04-27,Alpine,002,1148,87,0,87,0
2021-04-27,Amador,005,37829,3641,32,3673,47
2021-04-27,Butte,007,227075,12122,1764,13886,194
2021-04-27,Calaveras,009,45235,2087,12,2099,52
2021-04-27,Colusa,011,21464,1923,290,2213,16
2021-04-27,Contra Costa,013,1133247,68085,1197,69282,803
2021-04-27,Del Norte,015,27424,1310,11,1321,8
2021-04-27,El Dorado,017,186661,9973,708,10681,111
2021-04-27,Fresno,019,978130,101576,8435,110011,1699
2021-04-27,Glenn,021,27897,2385,535,2920,25
2021-04-27,Humboldt,023,135768,3823,31,3854,38
2021-04-27,Imperial,025,180216,28279,2616,30895,736
2021-04-27,Inyo,027,18085,1399,10,1409,38
2021-04-27,Kern,029,883053,96481,10516,106997,1322
2021-04-27,Kings,031,150075,22976,1049,24025,246
2021-04-27,Lake,033,64148,3456,9,3465,60
2021-04-27,Lassen,035,31185,5171,103,5274,18
2021-04-27,Los Angeles,037,10098052,1201285,39916,1241201,24269
2021-04-27,Madera,039,155013,16478,907,17385,243
2021-04-27,Marin,041,260295,5473,173,5646,175
2021-04-27,Mariposa,043,17540,417,11,428,6
2021-04-27,Mendocino,045,87422,3829,78,3907,48
2021-04-27,Merced,047,269075,30572,1013,31585,476
2021-04-27,Modoc,049,8938,363,120,483,4
2021-04-27,Mono,051,14174,1247,17,1264,3
2021-04-27,Monterey,053,433212,42909,1805,44714,576
2021-04-27,Napa,055,140530,9750,30,9780,79
2021-04-27,Nevada,057,99092,4651,184,4835,70
2021-04-27,Orange,059,3164182,254188,11037,265225,5193
2021-04-27,Placer,061,380077,22657,1401,24058,297
2021-04-27,Plumas,063,18699,688,10,698,5
2021-04-27,Riverside,065,2383286,292401,13714,306115,4552
2021-04-27,Sacramento,067,1510023,103279,1626,104905,1630
2021-04-27,San Benito,069,59416,6004,110,6114,60
2021-04-27,San Bernardino,071,2135413,291627,8821,300448,5241
2021-04-27,San Diego,073,3302833,277492,14477,291969,3741
2021-04-27,San Francisco,075,870044,36222,1242,37464,559
2021-04-27,San Joaquin,077,732212,71864,3373,75237,1413
2021-04-27,San Luis Obispo,079,281455,21132,707,21839,254
2021-04-27,San Mateo,081,765935,41815,451,42266,537
2021-04-27,Santa Barbara,083,443738,34154,1105,35259,455
2021-04-27,Santa Clara,085,1922200,117472,718,118190,1723
2021-04-27,Santa Cruz,087,273765,16112,792,16904,207
2021-04-27,Shasta,089,179085,11795,1440,13235,195
2021-04-27,Sierra,091,2930,56,12,68,0
2021-04-27,Siskiyou,093,43540,1733,291,2024,16
2021-04-27,Solano,095,438530,32095,489,32584,265
2021-04-27,Sonoma,097,501317,29623,306,29929,312
2021-04-27,Stanislaus,099,539301,55070,5738,60808,973
2021-04-27,Sutter,101,95872,9305,80,9385,123
2021-04-27,Tehama,103,63373,4955,542,5497,73
2021-04-27,Trinity,105,12862,482,82,564,4
2021-04-27,Tulare,107,460477,49778,8669,58447,868
2021-04-27,Tuolumne,109,53932,3979,41,4020,62
2021-04-27,Ventura,111,848112,80749,2910,83659,1026
2021-04-27,Yolo,113,214977,13752,201,13953,228
2021-04-27,Yuba,115,75493,5880,118,5998,45
2021-04-26,Alameda,001,1643700,86461,1853,88314,1230
2021-04-26,Alpine,002,1148,87,0,87,0
2021-04-26,Amador,005,37829,3640,32,3672,47
2021-04-26,Butte,007,227075,12098,1759,13857,194
2021-04-26,Calaveras,009,45235,2081,12,2093,52
2021-04-26,Colusa,011,21464,1923,289,2212,16
2021-04-26,Contra Costa,013,1133247,68018,1193,69211,803
2021-04-26,Del Norte,015,27424,1301,11,1312,8
2021-04-26,El Dorado,017,186661,9952,707,10659,111
2021-04-26,Fresno,019,978130,101521,8422,109943,1697
2021-04-26,Glenn,021,27897,2383,535,2918,25
2021-04-26,Humboldt,023,135768,3813,30,3843,38
2021-04-26,Imperial,025,180216,28266,2613,30879,736
2021-04-26,Inyo,027,18085,1398,10,1408,38
2021-04-26,Kern,029,883053,96454,10510,106964,1322
2021-04-26,Kings,031,150075,22973,1046,24019,246
2021-04-26,Lake,033,64148,3451,9,3460,60
2021-04-26,Lassen,035,31185,5171,103,5274,18
2021-04-26,Los Angeles,037,10098052,1200956,39897,1240853,24261
2021-04-26,Madera,039,155013,16466,906,17372,243
2021-04-26,Marin,041,260295,5458,173,5631,175
2021-04-26,Mariposa,043,17540,416,11,427,6
2021-04-26,Mendocino,045,87422,3827,77,3904,47
2021-04-26,Merced,047,269075,30555,1010,31565,476
2021-04-26,Modoc,049,8938,363,120,483,4
2021-04-26,Mono,051,14174,1247,17,1264,3
2021-04-26,Monterey,053,433212,42893,1804,44697,576
2021-04-26,Napa,055,140530,9738,30,9768,79
2021-04-26,Nevada,057,99092,4630,184,4814,70
2021-04-26,Orange,059,3164182,254105,11027,265132,5192
2021-04-26,Placer,061,380077,22629,1396,24025,296
2021-04-26,Plumas,063,18699,688,10,698,5
2021-04-26,Riverside,065,2383286,292339,13706,306045,4550
2021-04-26,Sacramento,067,1510023,103107,1614,104721,1629
2021-04-26,San Benito,069,59416,6002,110,6112,60
2021-04-26,San Bernardino,071,2135413,291575,8820,300395,5238
2021-04-26,San Diego,073,3302833,277317,14449,291766,3738
2021-04-26,San Francisco,075,870044,36194,1241,37435,557
2021-04-26,San Joaquin,077,732212,71798,3365,75163,1412
2021-04-26,San Luis Obispo,079,281455,21124,706,21830,254
2021-04-26,San Mateo,081,765935,41785,451,42236,537
2021-04-26,Santa Barbara,083,443738,34123,1105,35228,455
2021-04-26,Santa Clara,085,1922200,117372,715,118087,1723
2021-04-26,Santa Cruz,087,273765,16103,792,16895,207
2021-04-26,Shasta,089,179085,11778,1434,13212,195
2021-04-26,Sierra,091,2930,55,12,67,0
2021-04-26,Siskiyou,093,43540,1723,288,2011,16
2021-04-26,Solano,095,438530,32050,487,32537,265
2021-04-26,Sonoma,097,501317,29600,304,29904,312
2021-04-26,Stanislaus,099,539301,54980,5732,60712,970
2021-04-26,Sutter,101,95872,9300,80,9380,123
2021-04-26,Tehama,103,63373,4950,539,5489,73
2021-04-26,Trinity,105,12862,482,82,564,4
2021-04-26,Tulare,107,460477,49757,8660,58417,868
2021-04-26,Tuolumne,109,53932,3978,41,4019,62
2021-04-26,Ventura,111,848112,80724,2907,83631,1026
2021-04-26,Yolo,113,214977,13732,198,13930,228
2021-04-26,Yuba,115,75493,5878,118,5996,45
2021-04-25,Alameda,001,1643700,86360,1847,88207,1228
2021-04-25,Alpine,002,1148,87,0,87,0
2021-04-25,Amador,005,37829,3639,32,3671,47
2021-04-25,Butte,007,227075,12069,1752,13821,194
2021-04-25,Calaveras,009,45235,2076,11,2087,52
2021-04-25,Colusa,011,21464,1922,289,2211,16
2021-04-25,Contra Costa,013,1133247,67926,1192,69118,803
2021-04-25,Del Norte,015,27424,1295,11,1306,8
2021-04-25,El Dorado,017,186661,9935,705,10640,111
2021-04-25,Fresno,019,978130,101462,8410,109872,1696
2021-04-25,Glenn,021,27897,2383,535,2918,25
2021-04-25,Humboldt,023,135768,3800,30,3830,38
2021-04-25,Imperial,025,180216,28240,2611,30851,736
2021-04-25,Inyo,027,18085,1398,10,1408,38
2021-04-25,Kern,029,883053,96388,10498,106886,1321
2021-04-25,Kings,031,150075,22959,1044,24003,246
2021-04-25,Lake,033,64148,3449,9,3458,60
2021-04-25,Lassen,035,31185,5169,103,5272,18
2021-04-25,Los Angeles,037,10098052,1200620,39877,1240497,24253
2021-04-25,Madera,039,155013,16454,906,17360,242
2021-04-25,Marin,041,260295,5449,173,5622,175
2021-04-25,Mariposa,043,17540,416,11,427,6
2021-04-25,Mendocino,045,87422,3820,77,3897,47
2021-04-25,Merced,047,269075,30521,1009,31530,476
2021-04-25,Modoc,049,8938,363,120,483,4
2021-04-25,Mono,051,14174,1247,17,1264,3
2021-04-25,Monterey,053,433212,42880,1802,44682,576
2021-04-25,Napa,055,140530,9733,30,9763,79
2021-04-25,Nevada,057,99092,4618,184,4802,70
2021-04-25,Orange,059,3164182,254028,11021,265049,5192
2021-04-25,Placer,061,380077,22583,1388,23971,296
2021-04-25,Plumas,063,18699,687,10,697,5
2021-04-25,Riverside,065,2383286,292246,13700,305946,4549
2021-04-25,Sacramento,067,1510023,102939,1604,104543,1628
2021-04-25,San Benito,069,59416,6000,109,6109,60
2021-04-25,San Bernardino,071,2135413,291500,8812,300312,5236
2021-04-25,San Diego,073,3302833,277104,14416,291520,3737
2021-04-25,San Francisco,075,870044,36163,1241,37404,556
2021-04-25,San Joaquin,077,732212,71703,3355,75058,1411
2021-04-25,San Luis Obispo,079,281455,21105,704,21809,254
2021-04-25,San Mateo,081,765935,41750,450,42200,536
2021-04-25,Santa Barbara,083,443738,34097,1105,35202,455
2021-04-25,Santa Clara,085,1922200,117293,713,118006,1722
2021-04-25,Santa Cruz,087,273765,16097,790,16887,207
2021-04-25,Shasta,089,179085,11755,1429,13184,195
2021-04-25,Sierra,091,2930,55,12,67,0
2021-04-25,Siskiyou,093,43540,1712,286,1998,16
2021-04-25,Solano,095,438530,32003,479,32482,265
2021-04-25,Sonoma,097,501317,29582,304,29886,312
2021-04-25,Stanislaus,099,539301,54884,5724,60608,968
2021-04-25,Sutter,101,95872,9294,80,9374,123
2021-04-25,Tehama,103,63373,4946,537,5483,73
2021-04-25,Trinity,105,12862,482,82,564,4
2021-04-25,Tulare,107,460477,49741,8647,58388,867
2021-04-25,Tuolumne,109,53932,3976,41,4017,62
2021-04-25,Ventura,111,848112,80700,2907,83607,1026
2021-04-25,Yolo,113,214977,13706,197,13903,228
2021-04-25,Yuba,115,75493,5875,117,5992,44
2021-04-24,Alameda,001,1643700,86305,1845,88150,1228
2021-04-24,Alpine,002,1148,87,0,87,0
2021-04-24,Amador,005,37829,3638,32,3670,47
2021-04-24,Butte,007,227075,12053,1750,13803,194
2021-04-24,Calaveras,009,45235,2072,11,2083,52
2021-04-24,Colusa,011,21464,1921,289,2210,16
2021-04-24,Contra Costa,013,1133247,67855,1190,69045,801
2021-04-24,Del Norte,015,27424,1290,11,1301,8
2021-04-24,El Dorado,017,186661,9924,704,10628,111
2021-04-24,Fresno,019,978130,101431,8404,109835,1696
2021-04-24,Glenn,021,27897,2383,535,2918,25
2021-04-24,Humboldt,023,135768,3786,30,3816,38
2021-04-24,Imperial,025,180216,28233,2610,30843,736
2021-04-24,Inyo,027,18085,1397,10,1407,38
2021-04-24,Kern,029,883053,96369,10488,106857,1321
2021-04-24,Kings,031,150075,22956,1044,24000,246
2021-04-24,Lake,033,64148,3448,9,3457,60
2021-04-24,Lassen,035,31185,5168,103,5271,18
2021-04-24,Los Angeles,037,10098052,1200388,39861,1240249,24249
2021-04-24,Madera,039,155013,16451,906,17357,242
2021-04-24,Marin,041,260295,5441,173,5614,175
2021-04-24,Mariposa,043,17540,416,11,427,6
2021-04-24,Mendocino,045,87422,3818,75,3893,47
2021-04-24,Merced,047,269075,30501,1009,31510,476
2021-04-24,Modoc,049,8938,363,120,483,4
2021-04-24,Mono,051,14174,1247,17,1264,3
2021-04-24,Monterey,053,433212,42868,1801,44669,576
2021-04-24,Napa,055,140530,9727,30,9757,79
2021-04-24,Nevada,057,99092,4611,184,4795,70
2021-04-24,Orange,059,3164182,253984,11015,264999,5192
2021-04-24,Placer,061,380077,22570,1387,23957,296
2021-04-24,Plumas,063,18699,686,10,696,5
2021-04-24,Riverside,065,2383286,292178,13696,305874,4548
2021-04-24,Sacramento,067,1510023,102856,1597,104453,1624
2021-04-24,San Benito,069,59416,5998,109,6107,60
2021-04-24,San Bernardino,071,2135413,291452,8811,300263,5233
2021-04-24,San Diego,073,3302833,277001,14396,291397,3735
2021-04-24,San Francisco,075,870044,36134,1236,37370,555
2021-04-24,San Joaquin,077,732212,71660,3352,75012,1409
2021-04-24,San Luis Obispo,079,281455,21095,703,21798,254
2021-04-24,San Mateo,081,765935,41737,448,42185,536
2021-04-24,Santa Barbara,083,443738,34082,1104,35186,454
2021-04-24,Santa Clara,085,1922200,117238,711,117949,1721
2021-04-24,Santa Cruz,087,273765,16089,790,16879,207
2021-04-24,Shasta,089,179085,11737,1426,13163,195
2021-04-24,Sierra,091,2930,55,12,67,0
2021-04-24,Siskiyou,093,43540,1702,285,1987,16
2021-04-24,Solano,095,438530,31980,476,32456,265
2021-04-24,Sonoma,097,501317,29580,304,29884,312
2021-04-24,Stanislaus,099,539301,54835,5721,60556,965
2021-04-24,Sutter,101,95872,9291,80,9371,123
2021-04-24,Tehama,103,63373,4941,537,5478,73
2021-04-24,Trinity,105,12862,482,82,564,4
2021-04-24,Tulare,107,460477,49731,8637,58368,867
2021-04-24,Tuolumne,109,53932,3972,41,4013,62
2021-04-24,Ventura,111,848112,80687,2905,83592,1026
2021-04-24,Yolo,113,214977,13695,197,13892,227
2021-04-24,Yuba,115,75493,5873,117,5990,44
2021-04-23,Alameda,001,1643700,86231,1842,88073,1227
2021-04-23,Alpine,002,1148,86,0,86,0
2021-04-23,Amador,005,37829,3637,32,3669,47
2021-04-23,Butte,007,227075,12032,1745,13777,194
2021-04-23,Calaveras,009,45235,2069,11,2080,52
2021-04-23,Colusa,011,21464,1920,289,2209,16
2021-04-23,Contra Costa,013,1133247,67801,1188,68989,801
2021-04-23,Del Norte,015,27424,1289,11,1300,8
2021-04-23,El Dorado,017,186661,9907,701,10608,111
2021-04-23,Fresno,019,978130,101390,8398,109788,1694
2021-04-23,Glenn,021,27897,2383,534,2917,25
2021-04-23,Humboldt,023,135768,3776,30,3806,38
2021-04-23,Imperial,025,180216,28218,2609,30827,736
2021-04-23,Inyo,027,18085,1397,10,1407,38
2021-04-23,Kern,029,883053,96344,10482,106826,1321
2021-04-23,Kings,031,150075,22953,1044,23997,246
2021-04-23,Lake,033,64148,3446,9,3455,60
2021-04-23,Lassen,035,31185,5168,103,5271,18
2021-04-23,Los Angeles,037,10098052,1200118,39837,1239955,24241
2021-04-23,Madera,039,155013,16442,906,17348,242
2021-04-23,Marin,041,260295,5436,173,5609,175
2021-04-23,Mariposa,043,17540,415,11,426,6
2021-04-23,Mendocino,045,87422,3816,74,3890,47
2021-04-23,Merced,047,269075,30484,1008,31492,476
2021-04-23,Modoc,049,8938,363,120,483,4
2021-04-23,Mono,051,14174,1245,17,1262,3
2021-04-23,Monterey,053,433212,42862,1801,44663,576
2021-04-23,Napa,055,140530,9722,30,9752,77
2021-04-23,Nevada,057,99092,4602,184,4786,70
2021-04-23,Orange,059,3164182,253940,11008,264948,5191
2021-04-23,Placer,061,380077,22547,1386,23933,296
2021-04-23,Plumas,063,18699,685,10,695,5
2021-04-23,Riverside,065,2383286,292119,13691,305810,4548
2021-04-23,Sacramento,067,1510023,102769,1594,104363,1621
2021-04-23,San Benito,069,59416,5996,109,6105,60
2021-04-23,San Bernardino,071,2135413,291401,8810,300211,5231
2021-04-23,San Diego,073,3302833,276862,14373,291235,3735
2021-04-23,San Francisco,075,870044,36118,1235,37353,555
2021-04-23,San Joaquin,077,732212,71604,3349,74953,1408
2021-04-23,San Luis Obispo,079,281455,21086,702,21788,254
2021-04-23,San Mateo,081,765935,41711,448,42159,536
2021-04-23,Santa Barbara,083,443738,34072,1102,35174,454
2021-04-23,Santa Clara,085,1922200,117176,710,117886,1720
2021-04-23,Santa Cruz,087,273765,16082,790,16872,207
2021-04-23,Shasta,089,179085,11730,1425,13155,195
2021-04-23,Sierra,091,2930,55,12,67,0
2021-04-23,Siskiyou,093,43540,1690,284,1974,16
2021-04-23,Solano,095,438530,31948,472,32420,265
2021-04-23,Sonoma,097,501317,29566,304,29870,312
2021-04-23,Stanislaus,099,539301,54773,5713,60486,962
2021-04-23,Sutter,101,95872,9289,80,9369,123
2021-04-23,Tehama,103,63373,4938,537,5475,73
2021-04-23,Trinity,105,12862,482,82,564,4
2021-04-23,Tulare,107,460477,49714,8630,58344,867
2021-04-23,Tuolumne,109,53932,3971,41,4012,62
2021-04-23,Ventura,111,848112,80668,2905,83573,1025
2021-04-23,Yolo,113,214977,13683,197,13880,227
2021-04-23,Yuba,115,75493,5870,117,5987,44
2021-04-22,Alameda,001,1643700,86141,1841,87982,1225
2021-04-22,Alpine,002,1148,86,0,86,0
2021-04-22,Amador,005,37829,3636,32,3668,47
2021-04-22,Butte,007,227075,12018,1742,13760,194
2021-04-22,Calaveras,009,45235,2067,11,2078,52
2021-04-22,Colusa,011,21464,1918,287,2205,16
2021-04-22,Contra Costa,013,1133247,67729,1184,68913,799
2021-04-22,Del Norte,015,27424,1284,11,1295,7
2021-04-22,El Dorado,017,186661,9895,698,10593,111
2021-04-22,Fresno,019,978130,101345,8387,109732,1694
2021-04-22,Glenn,021,27897,2382,534,2916,25
2021-04-22,Humboldt,023,135768,3767,30,3797,37
2021-04-22,Imperial,025,180216,28197,2606,30803,736
2021-04-22,Inyo,027,18085,1396,10,1406,38
2021-04-22,Kern,029,883053,96301,10467,106768,1320
2021-04-22,Kings,031,150075,22943,1044,23987,246
2021-04-22,Lake,033,64148,3444,9,3453,60
2021-04-22,Lassen,035,31185,5168,103,5271,18
2021-04-22,Los Angeles,037,10098052,1199796,39816,1239612,24235
2021-04-22,Madera,039,155013,16423,906,17329,241
2021-04-22,Marin,041,260295,5428,173,5601,175
2021-04-22,Mariposa,043,17540,414,11,425,6
2021-04-22,Mendocino,045,87422,3810,74,3884,47
2021-04-22,Merced,047,269075,30449,1007,31456,476
2021-04-22,Modoc,049,8938,363,120,483,4
2021-04-22,Mono,051,14174,1245,17,1262,3
2021-04-22,Monterey,053,433212,42855,1799,44654,576
2021-04-22,Napa,055,140530,9712,30,9742,77
2021-04-22,Nevada,057,99092,4592,182,4774,70
2021-04-22,Orange,059,3164182,253867,10995,264862,5191
2021-04-22,Placer,061,380077,22517,1382,23899,295
2021-04-22,Plumas,063,18699,684,10,694,5
2021-04-22,Riverside,065,2383286,292020,13682,305702,4547
2021-04-22,Sacramento,067,1510023,102620,1585,104205,1621
2021-04-22,San Benito,069,59416,5992,109,6101,60
2021-04-22,San Bernardino,071,2135413,291332,8801,300133,5231
2021-04-22,San Diego,073,3302833,276696,14351,291047,3734
2021-04-22,San Francisco,075,870044,36095,1232,37327,554
2021-04-22,San Joaquin,077,732212,71545,3342,74887,1406
2021-04-22,San Luis Obispo,079,281455,21072,702,21774,254
2021-04-22,San Mateo,081,765935,41685,446,42131,536
2021-04-22,Santa Barbara,083,443738,34049,1101,35150,454
2021-04-22,Santa Clara,085,1922200,117088,706,117794,1720
2021-04-22,Santa Cruz,087,273765,16079,789,16868,207
2021-04-22,Shasta,089,179085,11715,1423,13138,195
2021-04-22,Sierra,091,2930,55,12,67,0
2021-04-22,Siskiyou,093,43540,1686,283,1969,16
2021-04-22,Solano,095,438530,31903,469,32372,265
2021-04-22,Sonoma,097,501317,29551,300,29851,311
2021-04-22,Stanislaus,099,539301,54699,5707,60406,962
2021-04-22,Sutter,101,95872,9285,80,9365,123
2021-04-22,Tehama,103,63373,4932,533,5465,72
2021-04-22,Trinity,105,12862,482,82,564,4
2021-04-22,Tulare,107,460477,49694,8621,58315,866
2021-04-22,Tuolumne,109,53932,3967,41,4008,62
2021-04-22,Ventura,111,848112,80642,2903,83545,1024
2021-04-22,Yolo,113,214977,13662,197,13859,227
2021-04-22,Yuba,115,75493,5860,117,5977,44
2021-04-21,Alameda,001,1643700,86062,1839,87901,1225
2021-04-21,Alpine,002,1148,86,0,86,0
2021-04-21,Amador,005,37829,3633,32,3665,47
2021-04-21,Butte,007,227075,11998,1740,13738,194
2021-04-21,Calaveras,009,45235,2059,11,2070,52
2021-04-21,Colusa,011,21464,1916,286,2202,16
2021-04-21,Contra Costa,013,1133247,67663,1183,68846,798
2021-04-21,Del Norte,015,27424,1280,11,1291,7
2021-04-21,El Dorado,017,186661,9878,695,10573,111
2021-04-21,Fresno,019,978130,101289,8381,109670,1694
2021-04-21,Glenn,021,27897,2381,534,2915,25
2021-04-21,Humboldt,023,135768,3748,30,3778,37
2021-04-21,Imperial,025,180216,28185,2605,30790,736
2021-04-21,Inyo,027,18085,1396,10,1406,38
2021-04-21,Kern,029,883053,96255,10457,106712,1319
2021-04-21,Kings,031,150075,22936,1043,23979,246
2021-04-21,Lake,033,64148,3441,9,3450,60
2021-04-21,Lassen,035,31185,5167,103,5270,18
2021-04-21,Los Angeles,037,10098052,1199454,39797,1239251,24228
2021-04-21,Madera,039,155013,16418,906,17324,241
2021-04-21,Marin,041,260295,5413,173,5586,175
2021-04-21,Mariposa,043,17540,413,11,424,6
2021-04-21,Mendocino,045,87422,3808,74,3882,47
2021-04-21,Merced,047,269075,30429,1005,31434,476
2021-04-21,Modoc,049,8938,363,120,483,4
2021-04-21,Mono,051,14174,1245,17,1262,3
2021-04-21,Monterey,053,433212,42840,1797,44637,576
2021-04-21,Napa,055,140530,9706,30,9736,77
2021-04-21,Nevada,057,99092,4578,182,4760,70
2021-04-21,Orange,059,3164182,253790,10982,264772,5189
2021-04-21,Placer,061,380077,22486,1377,23863,295
2021-04-21,Plumas,063,18699,684,10,694,5
2021-04-21,Riverside,065,2383286,291926,13675,305601,4546
2021-04-21,Sacramento,067,1510023,102491,1579,104070,1621
2021-04-21,San Benito,069,59416,5989,109,6098,60
2021-04-21,San Bernardino,071,2135413,291256,8799,300055,5230
2021-04-21,San Diego,073,3302833,276486,14313,290799,3732
2021-04-21,San Francisco,075,870044,36075,1231,37306,554
2021-04-21,San Joaquin,077,732212,71490,3332,74822,1404
2021-04-21,San Luis Obispo,079,281455,21057,701,21758,254
2021-04-21,San Mateo,081,765935,41654,445,42099,536
2021-04-21,Santa Barbara,083,443738,34030,1100,35130,454
2021-04-21,Santa Clara,085,1922200,117010,700,117710,1719
2021-04-21,Santa Cruz,087,273765,16070,789,16859,207
2021-04-21,Shasta,089,179085,11696,1421,13117,195
2021-04-21,Sierra,091,2930,55,12,67,0
2021-04-21,Siskiyou,093,43540,1679,283,1962,16
2021-04-21,Solano,095,438530,31864,468,32332,265
2021-04-21,Sonoma,097,501317,29539,299,29838,310
2021-04-21,Stanislaus,099,539301,54638,5701,60339,962
2021-04-21,Sutter,101,95872,9277,80,9357,123
2021-04-21,Tehama,103,63373,4925,532,5457,72
2021-04-21,Trinity,105,12862,482,82,564,4
2021-04-21,Tulare,107,460477,49679,8608,58287,866
2021-04-21,Tuolumne,109,53932,3964,41,4005,62
2021-04-21,Ventura,111,848112,80610,2900,83510,1024
2021-04-21,Yolo,113,214977,13642,196,13838,226
2021-04-21,Yuba,115,75493,5853,116,5969,44
2021-04-20,Alameda,001,1643700,85967,1837,87804,1225
2021-04-20,Alpine,002,1148,85,0,85,0
2021-04-20,Amador,005,37829,3632,32,3664,47
2021-04-20,Butte,007,227075,11980,1738,13718,194
2021-04-20,Calaveras,009,45235,2058,11,2069,52
2021-04-20,Colusa,011,21464,1916,285,2201,16
2021-04-20,Contra Costa,013,1133247,67579,1180,68759,797
2021-04-20,Del Norte,015,27424,1279,11,1290,7
2021-04-20,El Dorado,017,186661,9850,693,10543,111
2021-04-20,Fresno,019,978130,101231,8371,109602,1694
2021-04-20,Glenn,021,27897,2379,533,2912,25
2021-04-20,Humboldt,023,135768,3730,30,3760,37
2021-04-20,Imperial,025,180216,28166,2601,30767,735
2021-04-20,Inyo,027,18085,1396,10,1406,38
2021-04-20,Kern,029,883053,96219,10441,106660,1318
2021-04-20,Kings,031,150075,22930,1040,23970,245
2021-04-20,Lake,033,64148,3439,9,3448,60
2021-04-20,Lassen,035,31185,5167,103,5270,18
2021-04-20,Los Angeles,037,10098052,1199107,39767,1238874,24215
2021-04-20,Madera,039,155013,16412,906,17318,241
2021-04-20,Marin,041,260295,5399,173,5572,175
2021-04-20,Mariposa,043,17540,412,11,423,6
2021-04-20,Mendocino,045,87422,3807,74,3881,47
2021-04-20,Merced,047,269075,30402,1004,31406,476
2021-04-20,Modoc,049,8938,363,120,483,4
2021-04-20,Mono,051,14174,1244,17,1261,3
2021-04-20,Monterey,053,433212,42829,1795,44624,576
2021-04-20,Napa,055,140530,9702,30,9732,77
2021-04-20,Nevada,057,99092,4560,182,4742,70
2021-04-20,Orange,059,3164182,253700,10970,264670,5188
2021-04-20,Placer,061,380077,22452,1373,23825,295
2021-04-20,Plumas,063,18699,683,10,693,5
2021-04-20,Riverside,065,2383286,291828,13670,305498,4545
2021-04-20,Sacramento,067,1510023,102353,1571,103924,1619
2021-04-20,San Benito,069,59416,5986,109,6095,60
2021-04-20,San Bernardino,071,2135413,291175,8797,299972,5225
2021-04-20,San Diego,073,3302833,276255,14280,290535,3729
2021-04-20,San Francisco,075,870044,36055,1230,37285,554
2021-04-20,San Joaquin,077,732212,71417,3323,74740,1403
2021-04-20,San Luis Obispo,079,281455,21034,693,21727,254
2021-04-20,San Mateo,081,765935,41623,445,42068,536
2021-04-20,Santa Barbara,083,443738,34011,1100,35111,453
2021-04-20,Santa Clara,085,1922200,116912,696,117608,1719
2021-04-20,Santa Cruz,087,273765,16058,789,16847,207
2021-04-20,Shasta,089,179085,11680,1418,13098,194
2021-04-20,Sierra,091,2930,55,12,67,0
2021-04-20,Siskiyou,093,43540,1671,282,1953,16
2021-04-20,Solano,095,438530,31808,464,32272,265
2021-04-20,Sonoma,097,501317,29530,297,29827,310
2021-04-20,Stanislaus,099,539301,54573,5688,60261,962
2021-04-20,Sutter,101,95872,9273,80,9353,123
2021-04-20,Tehama,103,63373,4920,531,5451,72
2021-04-20,Trinity,105,12862,482,82,564,4
2021-04-20,Tulare,107,460477,49657,8600,58257,866
2021-04-20,Tuolumne,109,53932,3964,41,4005,61
2021-04-20,Ventura,111,848112,80582,2898,83480,1023
2021-04-20,Yolo,113,214977,13622,195,13817,226
2021-04-20,Yuba,115,75493,5843,116,5959,44
2021-04-19,Alameda,001,1643700,85849,1833,87682,1224
2021-04-19,Alpine,002,1148,85,0,85,0
2021-04-19,Amador,005,37829,3631,32,3663,47
2021-04-19,Butte,007,227075,11962,1733,13695,194
2021-04-19,Calaveras,009,45235,2056,11,2067,52
2021-04-19,Colusa,011,21464,1916,284,2200,16
2021-04-19,Contra Costa,013,1133247,67501,1178,68679,797
2021-04-19,Del Norte,015,27424,1277,11,1288,7
2021-04-19,El Dorado,017,186661,9834,688,10522,111
2021-04-19,Fresno,019,978130,101163,8359,109522,1694
2021-04-19,Glenn,021,27897,2379,532,2911,25
2021-04-19,Humboldt,023,135768,3710,28,3738,37
2021-04-19,Imperial,025,180216,28145,2601,30746,735
2021-04-19,Inyo,027,18085,1396,10,1406,38
2021-04-19,Kern,029,883053,96189,10426,106615,1318
2021-04-19,Kings,031,150075,22915,1040,23955,245
2021-04-19,Lake,033,64148,3438,9,3447,60
2021-04-19,Lassen,035,31185,5166,103,5269,18
2021-04-19,Los Angeles,037,10098052,1198728,39742,1238470,24210
2021-04-19,Madera,039,155013,16401,905,17306,241
2021-04-19,Marin,041,260295,5388,172,5560,175
2021-04-19,Mariposa,043,17540,411,11,422,6
2021-04-19,Mendocino,045,87422,3805,74,3879,47
2021-04-19,Merced,047,269075,30373,1003,31376,476
2021-04-19,Modoc,049,8938,363,120,483,4
2021-04-19,Mono,051,14174,1243,17,1260,3
2021-04-19,Monterey,053,433212,42816,1790,44606,576
2021-04-19,Napa,055,140530,9694,30,9724,77
2021-04-19,Nevada,057,99092,4544,182,4726,70
2021-04-19,Orange,059,3164182,253582,10955,264537,5185
2021-04-19,Placer,061,380077,22429,1369,23798,295
2021-04-19,Plumas,063,18699,683,10,693,5
2021-04-19,Riverside,065,2383286,291733,13660,305393,4545
2021-04-19,Sacramento,067,1510023,102218,1561,103779,1617
2021-04-19,San Benito,069,59416,5978,109,6087,60
2021-04-19,San Bernardino,071,2135413,291090,8791,299881,5221
2021-04-19,San Diego,073,3302833,276007,14247,290254,3726
2021-04-19,San Francisco,075,870044,36018,1228,37246,554
2021-04-19,San Joaquin,077,732212,71337,3317,74654,1403
2021-04-19,San Luis Obispo,079,281455,21008,687,21695,254
2021-04-19,San Mateo,081,765935,41590,444,42034,536
2021-04-19,Santa Barbara,083,443738,33997,1100,35097,453
2021-04-19,Santa Clara,085,1922200,116801,692,117493,1718
2021-04-19,Santa Cruz,087,273765,16046,789,16835,207
2021-04-19,Shasta,089,179085,11665,1410,13075,193
2021-04-19,Sierra,091,2930,55,12,67,0
2021-04-19,Siskiyou,093,43540,1661,282,1943,16
2021-04-19,Solano,095,438530,31769,459,32228,265
2021-04-19,Sonoma,097,501317,29511,297,29808,310
2021-04-19,Stanislaus,099,539301,54497,5684,60181,959
2021-04-19,Sutter,101,95872,9262,80,9342,123
2021-04-19,Tehama,103,63373,4914,531,5445,72
2021-04-19,Trinity,105,12862,482,81,563,4
2021-04-19,Tulare,107,460477,49641,8587,58228,866
2021-04-19,Tuolumne,109,53932,3963,41,4004,61
2021-04-19,Ventura,111,848112,80556,2896,83452,1021
2021-04-19,Yolo,113,214977,13609,193,13802,226
2021-04-19,Yuba,115,75493,5836,115,5951,44
2021-04-18,Alameda,001,1643700,85734,1825,87559,1221
2021-04-18,Alpine,002,1148,85,0,85,0
2021-04-18,Amador,005,37829,3628,32,3660,47
2021-04-18,Butte,007,227075,11944,1728,13672,194
2021-04-18,Calaveras,009,45235,2050,11,2061,52
2021-04-18,Colusa,011,21464,1912,283,2195,16
2021-04-18,Contra Costa,013,1133247,67398,1174,68572,797
2021-04-18,Del Norte,015,27424,1277,11,1288,7
2021-04-18,El Dorado,017,186661,9811,686,10497,111
2021-04-18,Fresno,019,978130,101105,8353,109458,1692
2021-04-18,Glenn,021,27897,2374,532,2906,25
2021-04-18,Humboldt,023,135768,3682,28,3710,37
2021-04-18,Imperial,025,180216,28130,2596,30726,735
2021-04-18,Inyo,027,18085,1395,10,1405,38
2021-04-18,Kern,029,883053,96153,10411,106564,1318
2021-04-18,Kings,031,150075,22906,1040,23946,245
2021-04-18,Lake,033,64148,3437,9,3446,60
2021-04-18,Lassen,035,31185,5163,103,5266,18
2021-04-18,Los Angeles,037,10098052,1198268,39719,1237987,24204
2021-04-18,Madera,039,155013,16390,904,17294,241
2021-04-18,Marin,041,260295,5381,171,5552,175
2021-04-18,Mariposa,043,17540,410,10,420,6
2021-04-18,Mendocino,045,87422,3802,74,3876,47
2021-04-18,Merced,047,269075,30336,1002,31338,475
2021-04-18,Modoc,049,8938,363,120,483,4
2021-04-18,Mono,051,14174,1243,17,1260,3
2021-04-18,Monterey,053,433212,42804,1789,44593,576
2021-04-18,Napa,055,140530,9678,30,9708,77
2021-04-18,Nevada,057,99092,4529,182,4711,70
2021-04-18,Orange,059,3164182,253468,10948,264416,5183
2021-04-18,Placer,061,380077,22386,1364,23750,295
2021-04-18,Plumas,063,18699,682,10,692,5
2021-04-18,Riverside,065,2383286,291643,13656,305299,4542
2021-04-18,Sacramento,067,1510023,102043,1555,103598,1613
2021-04-18,San Benito,069,59416,5976,109,6085,60
2021-04-18,San Bernardino,071,2135413,290996,8782,299778,5220
2021-04-18,San Diego,073,3302833,275728,14212,289940,3724
2021-04-18,San Francisco,075,870044,35981,1224,37205,553
2021-04-18,San Joaquin,077,732212,71256,3308,74564,1401
2021-04-18,San Luis Obispo,079,281455,20986,681,21667,254
2021-04-18,San Mateo,081,765935,41561,443,42004,534
2021-04-18,Santa Barbara,083,443738,33962,1099,35061,453
2021-04-18,Santa Clara,085,1922200,116633,687,117320,1718
2021-04-18,Santa Cruz,087,273765,16036,788,16824,206
2021-04-18,Shasta,089,179085,11644,1407,13051,193
2021-04-18,Sierra,091,2930,55,12,67,0
2021-04-18,Siskiyou,093,43540,1650,281,1931,16
2021-04-18,Solano,095,438530,31719,458,32177,264
2021-04-18,Sonoma,097,501317,29495,295,29790,310
2021-04-18,Stanislaus,099,539301,54415,5678,60093,959
2021-04-18,Sutter,101,95872,9248,80,9328,123
2021-04-18,Tehama,103,63373,4905,530,5435,72
2021-04-18,Trinity,105,12862,482,81,563,4
2021-04-18,Tulare,107,460477,49628,8582,58210,866
2021-04-18,Tuolumne,109,53932,3962,40,4002,60
2021-04-18,Ventura,111,848112,80525,2893,83418,1020
2021-04-18,Yolo,113,214977,13597,191,13788,226
2021-04-18,Yuba,115,75493,5829,115,5944,43
2021-04-17,Alameda,001,1643700,85661,1823,87484,1221
2021-04-17,Alpine,002,1148,85,0,85,0
2021-04-17,Amador,005,37829,3626,32,3658,47
2021-04-17,Butte,007,227075,11924,1724,13648,194
2021-04-17,Calaveras,009,45235,2048,11,2059,51
2021-04-17,Colusa,011,21464,1912,283,2195,16
2021-04-17,Contra Costa,013,1133247,67350,1166,68516,797
2021-04-17,Del Norte,015,27424,1277,11,1288,7
2021-04-17,El Dorado,017,186661,9796,683,10479,111
2021-04-17,Fresno,019,978130,101072,8348,109420,1692
2021-04-17,Glenn,021,27897,2374,532,2906,25
2021-04-17,Humboldt,023,135768,3658,28,3686,37
2021-04-17,Imperial,025,180216,28119,2596,30715,735
2021-04-17,Inyo,027,18085,1392,10,1402,38
2021-04-17,Kern,029,883053,96135,10407,106542,1318
2021-04-17,Kings,031,150075,22901,1039,23940,245
2021-04-17,Lake,033,64148,3436,9,3445,60
2021-04-17,Lassen,035,31185,5163,103,5266,18
2021-04-17,Los Angeles,037,10098052,1198008,39689,1237697,24193
2021-04-17,Madera,039,155013,16386,903,17289,241
2021-04-17,Marin,041,260295,5377,171,5548,175
2021-04-17,Mariposa,043,17540,409,10,419,6
2021-04-17,Mendocino,045,87422,3799,74,3873,47
2021-04-17,Merced,047,269075,30320,1001,31321,474
2021-04-17,Modoc,049,8938,363,120,483,4
2021-04-17,Mono,051,14174,1243,17,1260,3
2021-04-17,Monterey,053,433212,42795,1787,44582,576
2021-04-17,Napa,055,140530,9674,30,9704,77
2021-04-17,Nevada,057,99092,4521,182,4703,70
2021-04-17,Orange,059,3164182,253399,10936,264335,5180
2021-04-17,Placer,061,380077,22363,1359,23722,295
2021-04-17,Plumas,063,18699,681,10,691,5
2021-04-17,Riverside,065,2383286,291574,13648,305222,4542
2021-04-17,Sacramento,067,1510023,101933,1544,103477,1611
2021-04-17,San Benito,069,59416,5970,109,6079,60
2021-04-17,San Bernardino,071,2135413,290941,8779,299720,5219
2021-04-17,San Diego,073,3302833,275581,14178,289759,3722
2021-04-17,San Francisco,075,870044,35959,1221,37180,553
2021-04-17,San Joaquin,077,732212,71216,3298,74514,1400
2021-04-17,San Luis Obispo,079,281455,20973,678,21651,253
2021-04-17,San Mateo,081,765935,41538,443,41981,534
2021-04-17,Santa Barbara,083,443738,33931,1097,35028,452
2021-04-17,Santa Clara,085,1922200,116541,685,117226,1718
2021-04-17,Santa Cruz,087,273765,16030,788,16818,206
2021-04-17,Shasta,089,179085,11629,1406,13035,191
2021-04-17,Sierra,091,2930,55,12,67,0
2021-04-17,Siskiyou,093,43540,1645,278,1923,16
2021-04-17,Solano,095,438530,31688,455,32143,264
2021-04-17,Sonoma,097,501317,29488,295,29783,310
2021-04-17,Stanislaus,099,539301,54378,5673,60051,956
2021-04-17,Sutter,101,95872,9242,80,9322,123
2021-04-17,Tehama,103,63373,4899,529,5428,72
2021-04-17,Trinity,105,12862,482,81,563,4
2021-04-17,Tulare,107,460477,49616,8578,58194,866
2021-04-17,Tuolumne,109,53932,3960,40,4000,60
2021-04-17,Ventura,111,848112,80504,2893,83397,1020
2021-04-17,Yolo,113,214977,13587,191,13778,226
2021-04-17,Yuba,115,75493,5824,114,5938,43
2021-04-16,Alameda,001,1643700,85581,1821,87402,1219
2021-04-16,Alpine,002,1148,85,0,85,0
2021-04-16,Amador,005,37829,3621,32,3653,47
2021-04-16,Butte,007,227075,11912,1722,13634,194
2021-04-16,Calaveras,009,45235,2046,11,2057,51
2021-04-16,Colusa,011,21464,1910,283,2193,16
2021-04-16,Contra Costa,013,1133247,67296,1163,68459,797
2021-04-16,Del Norte,015,27424,1276,11,1287,7
2021-04-16,El Dorado,017,186661,9776,679,10455,111
2021-04-16,Fresno,019,978130,101022,8342,109364,1692
2021-04-16,Glenn,021,27897,2374,532,2906,25
2021-04-16,Humboldt,023,135768,3637,27,3664,37
2021-04-16,Imperial,025,180216,28109,2596,30705,735
2021-04-16,Inyo,027,18085,1392,10,1402,38
2021-04-16,Kern,029,883053,96106,10404,106510,1316
2021-04-16,Kings,031,150075,22897,1038,23935,245
2021-04-16,Lake,033,64148,3430,9,3439,60
2021-04-16,Lassen,035,31185,5162,103,5265,18
2021-04-16,Los Angeles,037,10098052,1197708,39653,1237361,24186
2021-04-16,Madera,039,155013,16380,902,17282,240
2021-04-16,Marin,041,260295,5374,171,5545,174
2021-04-16,Mariposa,043,17540,408,9,417,6
2021-04-16,Mendocino,045,87422,3797,74,3871,47
2021-04-16,Merced,047,269075,30305,1001,31306,474
2021-04-16,Modoc,049,8938,363,120,483,4
2021-04-16,Mono,051,14174,1243,17,1260,3
2021-04-16,Monterey,053,433212,42784,1784,44568,576
2021-04-16,Napa,055,140530,9666,30,9696,77
2021-04-16,Nevada,057,99092,4512,182,4694,70
2021-04-16,Orange,059,3164182,253335,10927,264262,5179
2021-04-16,Placer,061,380077,22336,1355,23691,295
2021-04-16,Plumas,063,18699,680,10,690,5
2021-04-16,Riverside,065,2383286,291497,13646,305143,4541
2021-04-16,Sacramento,067,1510023,101835,1539,103374,1611
2021-04-16,San Benito,069,59416,5968,109,6077,60
2021-04-16,San Bernardino,071,2135413,290894,8778,299672,5216
2021-04-16,San Diego,073,3302833,275426,14160,289586,3720
2021-04-16,San Francisco,075,870044,35933,1218,37151,553
2021-04-16,San Joaquin,077,732212,71149,3290,74439,1398
2021-04-16,San Luis Obispo,079,281455,20961,677,21638,253
2021-04-16,San Mateo,081,765935,41509,442,41951,534
2021-04-16,Santa Barbara,083,443738,33913,1097,35010,452
2021-04-16,Santa Clara,085,1922200,116441,682,117123,1717
2021-04-16,Santa Cruz,087,273765,16028,788,16816,206
2021-04-16,Shasta,089,179085,11617,1405,13022,190
2021-04-16,Sierra,091,2930,55,12,67,0
2021-04-16,Siskiyou,093,43540,1641,276,1917,16
2021-04-16,Solano,095,438530,31649,452,32101,263
2021-04-16,Sonoma,097,501317,29477,295,29772,310
2021-04-16,Stanislaus,099,539301,54330,5671,60001,956
2021-04-16,Sutter,101,95872,9236,80,9316,123
2021-04-16,Tehama,103,63373,4898,529,5427,71
2021-04-16,Trinity,105,12862,482,81,563,4
2021-04-16,Tulare,107,460477,49604,8574,58178,865
2021-04-16,Tuolumne,109,53932,3957,40,3997,60
2021-04-16,Ventura,111,848112,80479,2888,83367,1019
2021-04-16,Yolo,113,214977,13574,189,13763,226
2021-04-16,Yuba,115,75493,5821,113,5934,43
2021-04-15,Alameda,001,1643700,85474,1819,87293,1218
2021-04-15,Alpine,002,1148,85,0,85,0
2021-04-15,Amador,005,37829,3620,32,3652,47
2021-04-15,Butte,007,227075,11897,1719,13616,194
2021-04-15,Calaveras,009,45235,2045,11,2056,51
2021-04-15,Colusa,011,21464,1908,282,2190,16
2021-04-15,Contra Costa,013,1133247,67223,1159,68382,797
2021-04-15,Del Norte,015,27424,1269,11,1280,7
2021-04-15,El Dorado,017,186661,9761,677,10438,111
2021-04-15,Fresno,019,978130,100960,8336,109296,1691
2021-04-15,Glenn,021,27897,2374,532,2906,25
2021-04-15,Humboldt,023,135768,3616,27,3643,36
2021-04-15,Imperial,025,180216,28081,2593,30674,735
2021-04-15,Inyo,027,18085,1392,10,1402,38
2021-04-15,Kern,029,883053,96073,10391,106464,1315
2021-04-15,Kings,031,150075,22883,1038,23921,245
2021-04-15,Lake,033,64148,3429,9,3438,60
2021-04-15,Lassen,035,31185,5161,103,5264,18
2021-04-15,Los Angeles,037,10098052,1197303,39617,1236920,24178
2021-04-15,Madera,039,155013,16365,902,17267,240
2021-04-15,Marin,041,260295,5370,170,5540,174
2021-04-15,Mariposa,043,17540,406,9,415,6
2021-04-15,Mendocino,045,87422,3796,74,3870,47
2021-04-15,Merced,047,269075,30279,1000,31279,474
2021-04-15,Modoc,049,8938,363,120,483,4
2021-04-15,Mono,051,14174,1242,17,1259,3
2021-04-15,Monterey,053,433212,42774,1782,44556,576
2021-04-15,Napa,055,140530,9658,30,9688,77
2021-04-15,Nevada,057,99092,4500,181,4681,70
2021-04-15,Orange,059,3164182,253239,10915,264154,5177
2021-04-15,Placer,061,380077,22305,1348,23653,295
2021-04-15,Plumas,063,18699,678,10,688,5
2021-04-15,Riverside,065,2383286,291393,13639,305032,4538
2021-04-15,Sacramento,067,1510023,101705,1524,103229,1609
2021-04-15,San Benito,069,59416,5965,108,6073,60
2021-04-15,San Bernardino,071,2135413,290804,8771,299575,5215
2021-04-15,San Diego,073,3302833,275179,14101,289280,3719
2021-04-15,San Francisco,075,870044,35914,1216,37130,553
2021-04-15,San Joaquin,077,732212,71068,3282,74350,1395
2021-04-15,San Luis Obispo,079,281455,20945,674,21619,253
2021-04-15,San Mateo,081,765935,41470,441,41911,534
2021-04-15,Santa Barbara,083,443738,33895,1093,34988,452
2021-04-15,Santa Clara,085,1922200,116335,678,117013,1716
2021-04-15,Santa Cruz,087,273765,16018,788,16806,206
2021-04-15,Shasta,089,179085,11603,1401,13004,190
2021-04-15,Sierra,091,2930,55,12,67,0
2021-04-15,Siskiyou,093,43540,1635,275,1910,16
2021-04-15,Solano,095,438530,31611,451,32062,263
2021-04-15,Sonoma,097,501317,29463,295,29758,310
2021-04-15,Stanislaus,099,539301,54276,5662,59938,956
2021-04-15,Sutter,101,95872,9229,80,9309,123
2021-04-15,Tehama,103,63373,4897,528,5425,71
2021-04-15,Trinity,105,12862,482,81,563,4
2021-04-15,Tulare,107,460477,49583,8574,58157,865
2021-04-15,Tuolumne,109,53932,3957,40,3997,60
2021-04-15,Ventura,111,848112,80460,2886,83346,1018
2021-04-15,Yolo,113,214977,13555,187,13742,226
2021-04-15,Yuba,115,75493,5818,113,5931,43
2021-04-14,Alameda,001,1643700,85377,1818,87195,1217
2021-04-14,Alpine,002,1148,85,0,85,0
2021-04-14,Amador,005,37829,3619,32,3651,47
2021-04-14,Butte,007,227075,11884,1718,13602,194
2021-04-14,Calaveras,009,45235,2044,11,2055,51
2021-04-14,Colusa,011,21464,1908,282,2190,16
2021-04-14,Contra Costa,013,1133247,67137,1153,68290,796
2021-04-14,Del Norte,015,27424,1269,11,1280,7
2021-04-14,El Dorado,017,186661,9746,672,10418,110
2021-04-14,Fresno,019,978130,100903,8324,109227,1688
2021-04-14,Glenn,021,27897,2374,532,2906,25
2021-04-14,Humboldt,023,135768,3594,26,3620,36
2021-04-14,Imperial,025,180216,28059,2591,30650,735
2021-04-14,Inyo,027,18085,1392,10,1402,38
2021-04-14,Kern,029,883053,96048,10384,106432,1313
2021-04-14,Kings,031,150075,22874,1036,23910,245
2021-04-14,Lake,033,64148,3424,9,3433,60
2021-04-14,Lassen,035,31185,5160,103,5263,18
2021-04-14,Los Angeles,037,10098052,1196904,39572,1236476,24168
2021-04-14,Madera,039,155013,16356,902,17258,240
2021-04-14,Marin,041,260295,5368,169,5537,174
2021-04-14,Mariposa,043,17540,405,9,414,6
2021-04-14,Mendocino,045,87422,3791,74,3865,47
2021-04-14,Merced,047,269075,30263,998,31261,473
2021-04-14,Modoc,049,8938,363,120,483,4
2021-04-14,Mono,051,14174,1241,17,1258,3
2021-04-14,Monterey,053,433212,42758,1778,44536,576
2021-04-14,Napa,055,140530,9647,30,9677,77
2021-04-14,Nevada,057,99092,4493,181,4674,70
2021-04-14,Orange,059,3164182,253134,10896,264030,5175
2021-04-14,Placer,061,380077,22272,1347,23619,295
2021-04-14,Plumas,063,18699,678,10,688,5
2021-04-14,Riverside,065,2383286,291283,13633,304916,4537
2021-04-14,Sacramento,067,1510023,101530,1510,103040,1609
2021-04-14,San Benito,069,59416,5963,108,6071,60
2021-04-14,San Bernardino,071,2135413,290736,8769,299505,5214
2021-04-14,San Diego,073,3302833,274968,14072,289040,3719
2021-04-14,San Francisco,075,870044,35876,1215,37091,552
2021-04-14,San Joaquin,077,732212,70998,3276,74274,1394
2021-04-14,San Luis Obispo,079,281455,20922,664,21586,253
2021-04-14,San Mateo,081,765935,41430,438,41868,534
2021-04-14,Santa Barbara,083,443738,33866,1093,34959,452
2021-04-14,Santa Clara,085,1922200,116218,675,116893,1714
2021-04-14,Santa Cruz,087,273765,16008,788,16796,206
2021-04-14,Shasta,089,179085,11577,1399,12976,190
2021-04-14,Sierra,091,2930,55,12,67,0
2021-04-14,Siskiyou,093,43540,1627,274,1901,16
2021-04-14,Solano,095,438530,31558,444,32002,263
2021-04-14,Sonoma,097,501317,29455,293,29748,310
2021-04-14,Stanislaus,099,539301,54205,5653,59858,954
2021-04-14,Sutter,101,95872,9221,80,9301,123
2021-04-14,Tehama,103,63373,4891,527,5418,71
2021-04-14,Trinity,105,12862,482,81,563,4
2021-04-14,Tulare,107,460477,49557,8571,58128,865
2021-04-14,Tuolumne,109,53932,3956,40,3996,60
2021-04-14,Ventura,111,848112,80424,2884,83308,1018
2021-04-14,Yolo,113,214977,13539,185,13724,225
2021-04-14,Yuba,115,75493,5816,113,5929,43
2021-04-13,Alameda,001,1643700,85271,1815,87086,1216
2021-04-13,Alpine,002,1148,85,0,85,0
2021-04-13,Amador,005,37829,3616,32,3648,47
2021-04-13,Butte,007,227075,11866,1715,13581,194
2021-04-13,Calaveras,009,45235,2042,11,2053,51
2021-04-13,Colusa,011,21464,1906,280,2186,16
2021-04-13,Contra Costa,013,1133247,67049,1153,68202,794
2021-04-13,Del Norte,015,27424,1264,11,1275,7
2021-04-13,El Dorado,017,186661,9720,669,10389,110
2021-04-13,Fresno,019,978130,100822,8318,109140,1686
2021-04-13,Glenn,021,27897,2373,532,2905,25
2021-04-13,Humboldt,023,135768,3577,26,3603,36
2021-04-13,Imperial,025,180216,28039,2583,30622,735
2021-04-13,Inyo,027,18085,1392,10,1402,38
2021-04-13,Kern,029,883053,96004,10372,106376,1310
2021-04-13,Kings,031,150075,22858,1035,23893,245
2021-04-13,Lake,033,64148,3421,9,3430,60
2021-04-13,Lassen,035,31185,5159,103,5262,18
2021-04-13,Los Angeles,037,10098052,1196450,39531,1235981,24155
2021-04-13,Madera,039,155013,16346,900,17246,240
2021-04-13,Marin,041,260295,5360,168,5528,174
2021-04-13,Mariposa,043,17540,404,6,410,6
2021-04-13,Mendocino,045,87422,3785,74,3859,47
2021-04-13,Merced,047,269075,30233,995,31228,472
2021-04-13,Modoc,049,8938,363,120,483,4
2021-04-13,Mono,051,14174,1241,17,1258,3
2021-04-13,Monterey,053,433212,42747,1778,44525,576
2021-04-13,Napa,055,140530,9637,30,9667,77
2021-04-13,Nevada,057,99092,4481,181,4662,70
2021-04-13,Orange,059,3164182,253038,10879,263917,5173
2021-04-13,Placer,061,380077,22235,1344,23579,295
2021-04-13,Plumas,063,18699,677,10,687,5
2021-04-13,Riverside,065,2383286,291164,13627,304791,4537
2021-04-13,Sacramento,067,1510023,101355,1505,102860,1607
2021-04-13,San Benito,069,59416,5960,108,6068,60
2021-04-13,San Bernardino,071,2135413,290620,8763,299383,5210
2021-04-13,San Diego,073,3302833,274714,14037,288751,3714
2021-04-13,San Francisco,075,870044,35840,1211,37051,552
2021-04-13,San Joaquin,077,732212,70890,3268,74158,1394
2021-04-13,San Luis Obispo,079,281455,20895,654,21549,253
2021-04-13,San Mateo,081,765935,41385,438,41823,533
2021-04-13,Santa Barbara,083,443738,33843,1090,34933,452
2021-04-13,Santa Clara,085,1922200,116089,674,116763,1714
2021-04-13,Santa Cruz,087,273765,16001,788,16789,206
2021-04-13,Shasta,089,179085,11557,1396,12953,190
2021-04-13,Sierra,091,2930,55,12,67,0
2021-04-13,Siskiyou,093,43540,1619,271,1890,16
2021-04-13,Solano,095,438530,31509,440,31949,262
2021-04-13,Sonoma,097,501317,29447,292,29739,309
2021-04-13,Stanislaus,099,539301,54133,5644,59777,953
2021-04-13,Sutter,101,95872,9217,80,9297,123
2021-04-13,Tehama,103,63373,4884,524,5408,71
2021-04-13,Trinity,105,12862,482,81,563,4
2021-04-13,Tulare,107,460477,49544,8568,58112,865
2021-04-13,Tuolumne,109,53932,3954,40,3994,60
2021-04-13,Ventura,111,848112,80392,2882,83274,1018
2021-04-13,Yolo,113,214977,13527,184,13711,225
2021-04-13,Yuba,115,75493,5807,113,5920,43
2021-04-12,Alameda,001,1643700,85169,1813,86982,1216
2021-04-12,Alpine,002,1148,85,0,85,0
2021-04-12,Amador,005,37829,3615,32,3647,47
2021-04-12,Butte,007,227075,11851,1711,13562,194
2021-04-12,Calaveras,009,45235,2038,11,2049,51
2021-04-12,Colusa,011,21464,1904,278,2182,16
2021-04-12,Contra Costa,013,1133247,66969,1153,68122,793
2021-04-12,Del Norte,015,27424,1261,11,1272,7
2021-04-12,El Dorado,017,186661,9703,667,10370,110
2021-04-12,Fresno,019,978130,100761,8295,109056,1686
2021-04-12,Glenn,021,27897,2372,532,2904,25
2021-04-12,Humboldt,023,135768,3563,25,3588,36
2021-04-12,Imperial,025,180216,28009,2579,30588,735
2021-04-12,Inyo,027,18085,1392,10,1402,38
2021-04-12,Kern,029,883053,95967,10362,106329,1310
2021-04-12,Kings,031,150075,22850,1034,23884,245
2021-04-12,Lake,033,64148,3417,9,3426,60
2021-04-12,Lassen,035,31185,5158,103,5261,18
2021-04-12,Los Angeles,037,10098052,1195947,39494,1235441,24146
2021-04-12,Madera,039,155013,16334,898,17232,240
2021-04-12,Marin,041,260295,5347,166,5513,174
2021-04-12,Mariposa,043,17540,403,6,409,6
2021-04-12,Mendocino,045,87422,3784,74,3858,47
2021-04-12,Merced,047,269075,30202,992,31194,469
2021-04-12,Modoc,049,8938,361,120,481,4
2021-04-12,Mono,051,14174,1241,17,1258,3
2021-04-12,Monterey,053,433212,42733,1776,44509,576
2021-04-12,Napa,055,140530,9623,30,9653,77
2021-04-12,Nevada,057,99092,4470,181,4651,70
2021-04-12,Orange,059,3164182,252951,10858,263809,5170
2021-04-12,Placer,061,380077,22184,1341,23525,295
2021-04-12,Plumas,063,18699,675,10,685,5
2021-04-12,Riverside,065,2383286,291052,13621,304673,4536
2021-04-12,Sacramento,067,1510023,101181,1500,102681,1606
2021-04-12,San Benito,069,59416,5952,107,6059,60
2021-04-12,San Bernardino,071,2135413,290513,8751,299264,5206
2021-04-12,San Diego,073,3302833,274453,14008,288461,3712
2021-04-12,San Francisco,075,870044,35806,1210,37016,552
2021-04-12,San Joaquin,077,732212,70818,3261,74079,1392
2021-04-12,San Luis Obispo,079,281455,20850,641,21491,253
2021-04-12,San Mateo,081,765935,41343,434,41777,533
2021-04-12,Santa Barbara,083,443738,33811,1090,34901,452
2021-04-12,Santa Clara,085,1922200,115961,672,116633,1713
2021-04-12,Santa Cruz,087,273765,15981,788,16769,206
2021-04-12,Shasta,089,179085,11540,1392,12932,190
2021-04-12,Sierra,091,2930,55,12,67,0
2021-04-12,Siskiyou,093,43540,1608,268,1876,16
2021-04-12,Solano,095,438530,31467,437,31904,262
2021-04-12,Sonoma,097,501317,29419,292,29711,309
2021-04-12,Stanislaus,099,539301,54067,5637,59704,952
2021-04-12,Sutter,101,95872,9206,80,9286,122
2021-04-12,Tehama,103,63373,4875,520,5395,71
2021-04-12,Trinity,105,12862,482,81,563,4
2021-04-12,Tulare,107,460477,49524,8558,58082,864
2021-04-12,Tuolumne,109,53932,3950,40,3990,60
2021-04-12,Ventura,111,848112,80359,2880,83239,1017
2021-04-12,Yolo,113,214977,13513,183,13696,225
2021-04-12,Yuba,115,75493,5801,113,5914,43
2021-04-11,Alameda,001,1643700,85032,1808,86840,1216
2021-04-11,Alpine,002,1148,85,0,85,0
2021-04-11,Amador,005,37829,3613,32,3645,47
2021-04-11,Butte,007,227075,11816,1707,13523,194
2021-04-11,Calaveras,009,45235,2034,11,2045,51
2021-04-11,Colusa,011,21464,1903,277,2180,16
2021-04-11,Contra Costa,013,1133247,66860,1151,68011,791
2021-04-11,Del Norte,015,27424,1255,11,1266,7
2021-04-11,El Dorado,017,186661,9689,664,10353,110
2021-04-11,Fresno,019,978130,100692,8285,108977,1683
2021-04-11,Glenn,021,27897,2368,532,2900,25
2021-04-11,Humboldt,023,135768,3553,25,3578,36
2021-04-11,Imperial,025,180216,27985,2577,30562,735
2021-04-11,Inyo,027,18085,1392,10,1402,38
2021-04-11,Kern,029,883053,95906,10354,106260,1307
2021-04-11,Kings,031,150075,22841,1031,23872,245
2021-04-11,Lake,033,64148,3413,9,3422,60
2021-04-11,Lassen,035,31185,5154,103,5257,18
2021-04-11,Los Angeles,037,10098052,1195435,39452,1234887,24141
2021-04-11,Madera,039,155013,16315,897,17212,240
2021-04-11,Marin,041,260295,5340,165,5505,174
2021-04-11,Mariposa,043,17540,403,6,409,6
2021-04-11,Mendocino,045,87422,3782,74,3856,47
2021-04-11,Merced,047,269075,30164,991,31155,469
2021-04-11,Modoc,049,8938,360,118,478,4
2021-04-11,Mono,051,14174,1240,17,1257,3
2021-04-11,Monterey,053,433212,42727,1769,44496,576
2021-04-11,Napa,055,140530,9612,30,9642,77
2021-04-11,Nevada,057,99092,4456,181,4637,70
2021-04-11,Orange,059,3164182,252824,10847,263671,5169
2021-04-11,Placer,061,380077,22127,1336,23463,294
2021-04-11,Plumas,063,18699,675,10,685,5
2021-04-11,Riverside,065,2383286,290918,13611,304529,4533
2021-04-11,Sacramento,067,1510023,101010,1488,102498,1603
2021-04-11,San Benito,069,59416,5944,106,6050,60
2021-04-11,San Bernardino,071,2135413,290406,8745,299151,5202
2021-04-11,San Diego,073,3302833,274155,13949,288104,3710
2021-04-11,San Francisco,075,870044,35770,1207,36977,552
2021-04-11,San Joaquin,077,732212,70732,3250,73982,1390
2021-04-11,San Luis Obispo,079,281455,20824,638,21462,253
2021-04-11,San Mateo,081,765935,41285,433,41718,533
2021-04-11,Santa Barbara,083,443738,33776,1089,34865,451
2021-04-11,Santa Clara,085,1922200,115825,669,116494,1713
2021-04-11,Santa Cruz,087,273765,15969,788,16757,206
2021-04-11,Shasta,089,179085,11496,1391,12887,190
2021-04-11,Sierra,091,2930,55,12,67,0
2021-04-11,Siskiyou,093,43540,1601,265,1866,15
2021-04-11,Solano,095,438530,31413,433,31846,262
2021-04-11,Sonoma,097,501317,29393,288,29681,309
2021-04-11,Stanislaus,099,539301,53984,5628,59612,952
2021-04-11,Sutter,101,95872,9197,80,9277,122
2021-04-11,Tehama,103,63373,4872,519,5391,71
2021-04-11,Trinity,105,12862,482,81,563,4
2021-04-11,Tulare,107,460477,49510,8551,58061,863
2021-04-11,Tuolumne,109,53932,3948,40,3988,60
2021-04-11,Ventura,111,848112,80311,2875,83186,1017
2021-04-11,Yolo,113,214977,13493,181,13674,225
2021-04-11,Yuba,115,75493,5791,113,5904,43
2021-04-10,Alameda,001,1643700,84968,1808,86776,1215
2021-04-10,Alpine,002,1148,85,0,85,0
2021-04-10,Amador,005,37829,3611,32,3643,47
2021-04-10,Butte,007,227075,11805,1706,13511,193
2021-04-10,Calaveras,009,45235,2032,11,2043,51
2021-04-10,Colusa,011,21464,1903,277,2180,15
2021-04-10,Contra Costa,013,1133247,66799,1148,67947,791
2021-04-10,Del Norte,015,27424,1252,11,1263,7
2021-04-10,El Dorado,017,186661,9677,661,10338,110
2021-04-10,Fresno,019,978130,100659,8278,108937,1681
2021-04-10,Glenn,021,27897,2368,532,2900,25
2021-04-10,Humboldt,023,135768,3543,25,3568,35
2021-04-10,Imperial,025,180216,27971,2577,30548,735
2021-04-10,Inyo,027,18085,1392,10,1402,38
2021-04-10,Kern,029,883053,95892,10348,106240,1306
2021-04-10,Kings,031,150075,22837,1029,23866,245
2021-04-10,Lake,033,64148,3408,9,3417,60
2021-04-10,Lassen,035,31185,5154,102,5256,18
2021-04-10,Los Angeles,037,10098052,1195160,39435,1234595,24134
2021-04-10,Madera,039,155013,16307,896,17203,240
2021-04-10,Marin,041,260295,5335,165,5500,174
2021-04-10,Mariposa,043,17540,400,6,406,6
2021-04-10,Mendocino,045,87422,3780,74,3854,47
2021-04-10,Merced,047,269075,30145,990,31135,469
2021-04-10,Modoc,049,8938,360,118,478,4
2021-04-10,Mono,051,14174,1240,17,1257,3
2021-04-10,Monterey,053,433212,42716,1768,44484,576
2021-04-10,Napa,055,140530,9605,30,9635,77
2021-04-10,Nevada,057,99092,4449,181,4630,70
2021-04-10,Orange,059,3164182,252731,10841,263572,5165
2021-04-10,Placer,061,380077,22096,1330,23426,294
2021-04-10,Plumas,063,18699,675,10,685,5
2021-04-10,Riverside,065,2383286,290837,13603,304440,4532
2021-04-10,Sacramento,067,1510023,100907,1486,102393,1601
2021-04-10,San Benito,069,59416,5933,105,6038,60
2021-04-10,San Bernardino,071,2135413,290342,8738,299080,5196
2021-04-10,San Diego,073,3302833,273939,13929,287868,3710
2021-04-10,San Francisco,075,870044,35740,1204,36944,552
2021-04-10,San Joaquin,077,732212,70697,3240,73937,1389
2021-04-10,San Luis Obispo,079,281455,20808,637,21445,253
2021-04-10,San Mateo,081,765935,41252,433,41685,533
2021-04-10,Santa Barbara,083,443738,33748,1087,34835,451
2021-04-10,Santa Clara,085,1922200,115729,668,116397,1712
2021-04-10,Santa Cruz,087,273765,15963,788,16751,206
2021-04-10,Shasta,089,179085,11487,1388,12875,189
2021-04-10,Sierra,091,2930,55,12,67,0
2021-04-10,Siskiyou,093,43540,1598,265,1863,15
2021-04-10,Solano,095,438530,31379,429,31808,262
2021-04-10,Sonoma,097,501317,29378,288,29666,309
2021-04-10,Stanislaus,099,539301,53949,5622,59571,951
2021-04-10,Sutter,101,95872,9195,80,9275,122
2021-04-10,Tehama,103,63373,4870,517,5387,71
2021-04-10,Trinity,105,12862,482,81,563,4
2021-04-10,Tulare,107,460477,49501,8545,58046,862
2021-04-10,Tuolumne,109,53932,3945,40,3985,60
2021-04-10,Ventura,111,848112,80283,2873,83156,1017
2021-04-10,Yolo,113,214977,13485,180,13665,225
2021-04-10,Yuba,115,75493,5788,112,5900,43
2021-04-09,Alameda,001,1643700,84901,1800,86701,1215
2021-04-09,Alpine,002,1148,85,0,85,0
2021-04-09,Amador,005,37829,3610,32,3642,47
2021-04-09,Butte,007,227075,11795,1705,13500,193
2021-04-09,Calaveras,009,45235,2031,11,2042,51
2021-04-09,Colusa,011,21464,1903,277,2180,15
2021-04-09,Contra Costa,013,1133247,66706,1142,67848,791
2021-04-09,Del Norte,015,27424,1251,11,1262,6
2021-04-09,El Dorado,017,186661,9655,657,10312,110
2021-04-09,Fresno,019,978130,100625,8273,108898,1678
2021-04-09,Glenn,021,27897,2368,532,2900,25
2021-04-09,Humboldt,023,135768,3534,25,3559,35
2021-04-09,Imperial,025,180216,27956,2575,30531,735
2021-04-09,Inyo,027,18085,1391,10,1401,38
2021-04-09,Kern,029,883053,95854,10346,106200,1306
2021-04-09,Kings,031,150075,22828,1026,23854,245
2021-04-09,Lake,033,64148,3404,9,3413,60
2021-04-09,Lassen,035,31185,5154,102,5256,18
2021-04-09,Los Angeles,037,10098052,1194791,39407,1234198,24122
2021-04-09,Madera,039,155013,16304,896,17200,239
2021-04-09,Marin,041,260295,5328,165,5493,174
2021-04-09,Mariposa,043,17540,400,6,406,6
2021-04-09,Mendocino,045,87422,3778,74,3852,47
2021-04-09,Merced,047,269075,30116,989,31105,469
2021-04-09,Modoc,049,8938,359,118,477,4
2021-04-09,Mono,051,14174,1240,17,1257,3
2021-04-09,Monterey,053,433212,42707,1764,44471,576
2021-04-09,Napa,055,140530,9586,30,9616,77
2021-04-09,Nevada,057,99092,4441,181,4622,70
2021-04-09,Orange,059,3164182,252656,10836,263492,5161
2021-04-09,Placer,061,380077,22065,1322,23387,294
2021-04-09,Plumas,063,18699,674,10,684,5
2021-04-09,Riverside,065,2383286,290754,13597,304351,4532
2021-04-09,Sacramento,067,1510023,100751,1480,102231,1601
2021-04-09,San Benito,069,59416,5928,104,6032,60
2021-04-09,San Bernardino,071,2135413,290273,8735,299008,5189
2021-04-09,San Diego,073,3302833,273741,13887,287628,3708
2021-04-09,San Francisco,075,870044,35699,1199,36898,551
2021-04-09,San Joaquin,077,732212,70633,3228,73861,1388
2021-04-09,San Luis Obispo,079,281455,20793,637,21430,253
2021-04-09,San Mateo,081,765935,41216,432,41648,533
2021-04-09,Santa Barbara,083,443738,33725,1084,34809,450
2021-04-09,Santa Clara,085,1922200,115645,666,116311,1710
2021-04-09,Santa Cruz,087,273765,15958,788,16746,206
2021-04-09,Shasta,089,179085,11477,1385,12862,189
2021-04-09,Sierra,091,2930,55,12,67,0
2021-04-09,Siskiyou,093,43540,1595,264,1859,15
2021-04-09,Solano,095,438530,31346,424,31770,262
2021-04-09,Sonoma,097,501317,29365,288,29653,309
2021-04-09,Stanislaus,099,539301,53894,5613,59507,951
2021-04-09,Sutter,101,95872,9188,80,9268,122
2021-04-09,Tehama,103,63373,4864,517,5381,71
2021-04-09,Trinity,105,12862,481,81,562,4
2021-04-09,Tulare,107,460477,49497,8539,58036,862
2021-04-09,Tuolumne,109,53932,3944,40,3984,60
2021-04-09,Ventura,111,848112,80255,2873,83128,1015
2021-04-09,Yolo,113,214977,13473,178,13651,225
2021-04-09,Yuba,115,75493,5781,112,5893,43
2021-04-08,Alameda,001,1643700,84793,1797,86590,1214
2021-04-08,Alpine,002,1148,85,0,85,0
2021-04-08,Amador,005,37829,3606,32,3638,47
2021-04-08,Butte,007,227075,11784,1704,13488,193
2021-04-08,Calaveras,009,45235,2029,11,2040,51
2021-04-08,Colusa,011,21464,1902,277,2179,15
2021-04-08,Contra Costa,013,1133247,66598,1139,67737,789
2021-04-08,Del Norte,015,27424,1245,11,1256,5
2021-04-08,El Dorado,017,186661,9639,652,10291,110
2021-04-08,Fresno,019,978130,100562,8266,108828,1676
2021-04-08,Glenn,021,27897,2367,532,2899,25
2021-04-08,Humboldt,023,135768,3524,25,3549,35
2021-04-08,Imperial,025,180216,27928,2572,30500,735
2021-04-08,Inyo,027,18085,1390,10,1400,38
2021-04-08,Kern,029,883053,95808,10333,106141,1306
2021-04-08,Kings,031,150075,22821,1024,23845,245
2021-04-08,Lake,033,64148,3397,9,3406,59
2021-04-08,Lassen,035,31185,5153,102,5255,18
2021-04-08,Los Angeles,037,10098052,1194292,39369,1233661,24110
2021-04-08,Madera,039,155013,16292,896,17188,239
2021-04-08,Marin,041,260295,5321,165,5486,174
2021-04-08,Mariposa,043,17540,399,6,405,6
2021-04-08,Mendocino,045,87422,3776,74,3850,47
2021-04-08,Merced,047,269075,30094,989,31083,469
2021-04-08,Modoc,049,8938,359,118,477,4
2021-04-08,Mono,051,14174,1238,17,1255,3
2021-04-08,Monterey,053,433212,42685,1759,44444,576
2021-04-08,Napa,055,140530,9570,30,9600,77
2021-04-08,Nevada,057,99092,4430,181,4611,70
2021-04-08,Orange,059,3164182,252546,10821,263367,5159
2021-04-08,Placer,061,380077,22023,1313,23336,294
2021-04-08,Plumas,063,18699,674,10,684,5
2021-04-08,Riverside,065,2383286,290642,13592,304234,4529
2021-04-08,Sacramento,067,1510023,100612,1469,102081,1601
2021-04-08,San Benito,069,59416,5925,102,6027,60
2021-04-08,San Bernardino,071,2135413,290176,8732,298908,5185
2021-04-08,San Diego,073,3302833,273511,13851,287362,3705
2021-04-08,San Francisco,075,870044,35675,1198,36873,550
2021-04-08,San Joaquin,077,732212,70561,3222,73783,1385
2021-04-08,San Luis Obispo,079,281455,20774,635,21409,253
2021-04-08,San Mateo,081,765935,41176,432,41608,533
2021-04-08,Santa Barbara,083,443738,33701,1083,34784,450
2021-04-08,Santa Clara,085,1922200,115539,665,116204,1710
2021-04-08,Santa Cruz,087,273765,15951,788,16739,206
2021-04-08,Shasta,089,179085,11467,1381,12848,189
2021-04-08,Sierra,091,2930,55,12,67,0
2021-04-08,Siskiyou,093,43540,1592,264,1856,15
2021-04-08,Solano,095,438530,31296,424,31720,262
2021-04-08,Sonoma,097,501317,29345,287,29632,309
2021-04-08,Stanislaus,099,539301,53816,5603,59419,951
2021-04-08,Sutter,101,95872,9184,80,9264,122
2021-04-08,Tehama,103,63373,4860,517,5377,71
2021-04-08,Trinity,105,12862,481,81,562,4
2021-04-08,Tulare,107,460477,49484,8529,58013,862
2021-04-08,Tuolumne,109,53932,3944,40,3984,59
2021-04-08,Ventura,111,848112,80218,2869,83087,1014
2021-04-08,Yolo,113,214977,13464,177,13641,224
2021-04-08,Yuba,115,75493,5777,112,5889,43
2021-04-07,Alameda,001,1643700,84709,1795,86504,1214
2021-04-07,Alpine,002,1148,85,0,85,0
2021-04-07,Amador,005,37829,3603,32,3635,47
2021-04-07,Butte,007,227075,11780,1701,13481,193
2021-04-07,Calaveras,009,45235,2028,11,2039,51
2021-04-07,Colusa,011,21464,1898,276,2174,15
2021-04-07,Contra Costa,013,1133247,66512,1138,67650,788
2021-04-07,Del Norte,015,27424,1243,11,1254,5
2021-04-07,El Dorado,017,186661,9618,646,10264,110
2021-04-07,Fresno,019,978130,100497,8255,108752,1674
2021-04-07,Glenn,021,27897,2365,531,2896,25
2021-04-07,Humboldt,023,135768,3511,25,3536,35
2021-04-07,Imperial,025,180216,27904,2566,30470,735
2021-04-07,Inyo,027,18085,1389,10,1399,38
2021-04-07,Kern,029,883053,95772,10318,106090,1304
2021-04-07,Kings,031,150075,22819,1024,23843,245
2021-04-07,Lake,033,64148,3395,9,3404,58
2021-04-07,Lassen,035,31185,5153,102,5255,18
2021-04-07,Los Angeles,037,10098052,1193850,39349,1233199,24099
2021-04-07,Madera,039,155013,16273,895,17168,239
2021-04-07,Marin,041,260295,5310,164,5474,173
2021-04-07,Mariposa,043,17540,398,6,404,6
2021-04-07,Mendocino,045,87422,3775,74,3849,47
2021-04-07,Merced,047,269075,30071,985,31056,467
2021-04-07,Modoc,049,8938,359,118,477,4
2021-04-07,Mono,051,14174,1238,17,1255,3
2021-04-07,Monterey,053,433212,42667,1758,44425,575
2021-04-07,Napa,055,140530,9556,30,9586,77
2021-04-07,Nevada,057,99092,4424,181,4605,70
2021-04-07,Orange,059,3164182,252422,10799,263221,5156
2021-04-07,Placer,061,380077,21979,1305,23284,294
2021-04-07,Plumas,063,18699,674,10,684,5
2021-04-07,Riverside,065,2383286,290521,13582,304103,4525
2021-04-07,Sacramento,067,1510023,100444,1463,101907,1601
2021-04-07,San Benito,069,59416,5920,101,6021,60
2021-04-07,San Bernardino,071,2135413,290057,8727,298784,5182
2021-04-07,San Diego,073,3302833,273285,13822,287107,3703
2021-04-07,San Francisco,075,870044,35635,1194,36829,550
2021-04-07,San Joaquin,077,732212,70490,3217,73707,1385
2021-04-07,San Luis Obispo,079,281455,20748,632,21380,253
2021-04-07,San Mateo,081,765935,41132,432,41564,533
2021-04-07,Santa Barbara,083,443738,33675,1080,34755,450
2021-04-07,Santa Clara,085,1922200,115407,663,116070,1708
2021-04-07,Santa Cruz,087,273765,15940,788,16728,205
2021-04-07,Shasta,089,179085,11455,1377,12832,189
2021-04-07,Sierra,091,2930,55,12,67,0
2021-04-07,Siskiyou,093,43540,1586,263,1849,15
2021-04-07,Solano,095,438530,31245,423,31668,262
2021-04-07,Sonoma,097,501317,29327,286,29613,309
2021-04-07,Stanislaus,099,539301,53748,5593,59341,950
2021-04-07,Sutter,101,95872,9181,80,9261,122
2021-04-07,Tehama,103,63373,4852,515,5367,71
2021-04-07,Trinity,105,12862,481,81,562,4
2021-04-07,Tulare,107,460477,49469,8519,57988,862
2021-04-07,Tuolumne,109,53932,3942,40,3982,59
2021-04-07,Ventura,111,848112,80184,2867,83051,1014
2021-04-07,Yolo,113,214977,13449,175,13624,224
2021-04-07,Yuba,115,75493,5773,112,5885,43
2021-04-06,Alameda,001,1643700,84596,1792,86388,1213
2021-04-06,Alpine,002,1148,85,0,85,0
2021-04-06,Amador,005,37829,3602,32,3634,47
2021-04-06,Butte,007,227075,11765,1699,13464,193
2021-04-06,Calaveras,009,45235,2024,11,2035,51
2021-04-06,Colusa,011,21464,1896,274,2170,15
2021-04-06,Contra Costa,013,1133247,66434,1137,67571,788
2021-04-06,Del Norte,015,27424,1238,11,1249,5
2021-04-06,El Dorado,017,186661,9588,644,10232,110
2021-04-06,Fresno,019,978130,100433,8249,108682,1673
2021-04-06,Glenn,021,27897,2364,530,2894,25
2021-04-06,Humboldt,023,135768,3502,25,3527,35
2021-04-06,Imperial,025,180216,27871,2557,30428,735
2021-04-06,Inyo,027,18085,1389,10,1399,38
2021-04-06,Kern,029,883053,95728,10312,106040,1304
2021-04-06,Kings,031,150075,22813,1024,23837,245
2021-04-06,Lake,033,64148,3392,9,3401,58
2021-04-06,Lassen,035,31185,5151,102,5253,18
2021-04-06,Los Angeles,037,10098052,1193337,39311,1232648,24083
2021-04-06,Madera,039,155013,16253,890,17143,239
2021-04-06,Marin,041,260295,5301,160,5461,172
2021-04-06,Mariposa,043,17540,398,6,404,6
2021-04-06,Mendocino,045,87422,3773,74,3847,47
2021-04-06,Merced,047,269075,30041,980,31021,467
2021-04-06,Modoc,049,8938,358,118,476,4
2021-04-06,Mono,051,14174,1238,17,1255,3
2021-04-06,Monterey,053,433212,42658,1757,44415,575
2021-04-06,Napa,055,140530,9537,30,9567,77
2021-04-06,Nevada,057,99092,4414,179,4593,70
2021-04-06,Orange,059,3164182,252313,10786,263099,5154
2021-04-06,Placer,061,380077,21931,1303,23234,294
2021-04-06,Plumas,063,18699,674,10,684,5
2021-04-06,Riverside,065,2383286,290338,13571,303909,4522
2021-04-06,Sacramento,067,1510023,100236,1457,101693,1598
2021-04-06,San Benito,069,59416,5911,101,6012,60
2021-04-06,San Bernardino,071,2135413,289944,8717,298661,5180
2021-04-06,San Diego,073,3302833,273023,13794,286817,3701
2021-04-06,San Francisco,075,870044,35592,1194,36786,550
2021-04-06,San Joaquin,077,732212,70407,3205,73612,1384
2021-04-06,San Luis Obispo,079,281455,20726,629,21355,253
2021-04-06,San Mateo,081,765935,41084,431,41515,533
2021-04-06,Santa Barbara,083,443738,33657,1079,34736,449
2021-04-06,Santa Clara,085,1922200,115236,662,115898,1707
2021-04-06,Santa Cruz,087,273765,15930,788,16718,205
2021-04-06,Shasta,089,179085,11434,1375,12809,189
2021-04-06,Sierra,091,2930,55,12,67,0
2021-04-06,Siskiyou,093,43540,1582,262,1844,15
2021-04-06,Solano,095,438530,31198,422,31620,262
2021-04-06,Sonoma,097,501317,29301,284,29585,308
2021-04-06,Stanislaus,099,539301,53692,5587,59279,948
2021-04-06,Sutter,101,95872,9171,80,9251,122
2021-04-06,Tehama,103,63373,4843,515,5358,71
2021-04-06,Trinity,105,12862,481,81,562,4
2021-04-06,Tulare,107,460477,49426,8515,57941,862
2021-04-06,Tuolumne,109,53932,3942,40,3982,59
2021-04-06,Ventura,111,848112,80147,2865,83012,1014
2021-04-06,Yolo,113,214977,13436,174,13610,223
2021-04-06,Yuba,115,75493,5769,111,5880,43
2021-04-05,Alameda,001,1643700,84480,1788,86268,1212
2021-04-05,Alpine,002,1148,85,0,85,0
2021-04-05,Amador,005,37829,3599,32,3631,47
2021-04-05,Butte,007,227075,11750,1699,13449,193
2021-04-05,Calaveras,009,45235,2022,11,2033,50
2021-04-05,Colusa,011,21464,1896,273,2169,15
2021-04-05,Contra Costa,013,1133247,66367,1135,67502,787
2021-04-05,Del Norte,015,27424,1236,11,1247,5
2021-04-05,El Dorado,017,186661,9573,644,10217,110
2021-04-05,Fresno,019,978130,100345,8241,108586,1672
2021-04-05,Glenn,021,27897,2363,530,2893,25
2021-04-05,Humboldt,023,135768,3493,25,3518,35
2021-04-05,Imperial,025,180216,27839,2552,30391,735
2021-04-05,Inyo,027,18085,1386,10,1396,38
2021-04-05,Kern,029,883053,95673,10287,105960,1304
2021-04-05,Kings,031,150075,22809,1024,23833,245
2021-04-05,Lake,033,64148,3384,9,3393,58
2021-04-05,Lassen,035,31185,5151,101,5252,18
2021-04-05,Los Angeles,037,10098052,1192801,39263,1232064,24074
2021-04-05,Madera,039,155013,16238,889,17127,239
2021-04-05,Marin,041,260295,5287,156,5443,172
2021-04-05,Mariposa,043,17540,398,6,404,6
2021-04-05,Mendocino,045,87422,3771,74,3845,47
2021-04-05,Merced,047,269075,30016,978,30994,467
2021-04-05,Modoc,049,8938,356,118,474,4
2021-04-05,Mono,051,14174,1238,17,1255,3
2021-04-05,Monterey,053,433212,42645,1753,44398,574
2021-04-05,Napa,055,140530,9514,30,9544,77
2021-04-05,Nevada,057,99092,4403,179,4582,70
2021-04-05,Orange,059,3164182,252198,10762,262960,5153
2021-04-05,Placer,061,380077,21885,1296,23181,294
2021-04-05,Plumas,063,18699,674,10,684,5
2021-04-05,Riverside,065,2383286,290201,13559,303760,4522
2021-04-05,Sacramento,067,1510023,100074,1449,101523,1598
2021-04-05,San Benito,069,59416,5905,101,6006,60
2021-04-05,San Bernardino,071,2135413,289834,8714,298548,5177
2021-04-05,San Diego,073,3302833,272774,13753,286527,3701
2021-04-05,San Francisco,075,870044,35561,1194,36755,550
2021-04-05,San Joaquin,077,732212,70318,3196,73514,1384
2021-04-05,San Luis Obispo,079,281455,20689,629,21318,253
2021-04-05,San Mateo,081,765935,41040,430,41470,532
2021-04-05,Santa Barbara,083,443738,33622,1079,34701,449
2021-04-05,Santa Clara,085,1922200,115069,659,115728,1706
2021-04-05,Santa Cruz,087,273765,15923,788,16711,204
2021-04-05,Shasta,089,179085,11413,1372,12785,189
2021-04-05,Sierra,091,2930,55,12,67,0
2021-04-05,Siskiyou,093,43540,1579,260,1839,15
2021-04-05,Solano,095,438530,31158,420,31578,262
2021-04-05,Sonoma,097,501317,29269,282,29551,308
2021-04-05,Stanislaus,099,539301,53612,5584,59196,947
2021-04-05,Sutter,101,95872,9164,80,9244,122
2021-04-05,Tehama,103,63373,4837,515,5352,71
2021-04-05,Trinity,105,12862,480,81,561,4
2021-04-05,Tulare,107,460477,49414,8508,57922,862
2021-04-05,Tuolumne,109,53932,3941,40,3981,59
2021-04-05,Ventura,111,848112,80116,2862,82978,1014
2021-04-05,Yolo,113,214977,13422,173,13595,223
2021-04-05,Yuba,115,75493,5764,110,5874,43
2021-04-04,Alameda,001,1643700,84361,1784,86145,1211
2021-04-04,Alpine,002,1148,85,0,85,0
2021-04-04,Amador,005,37829,3593,32,3625,47
2021-04-04,Butte,007,227075,11735,1698,13433,193
2021-04-04,Calaveras,009,45235,2018,11,2029,50
2021-04-04,Colusa,011,21464,1895,273,2168,15
2021-04-04,Contra Costa,013,1133247,66261,1130,67391,786
2021-04-04,Del Norte,015,27424,1228,11,1239,5
2021-04-04,El Dorado,017,186661,9554,641,10195,110
2021-04-04,Fresno,019,978130,100271,8229,108500,1672
2021-04-04,Glenn,021,27897,2360,529,2889,25
2021-04-04,Humboldt,023,135768,3482,25,3507,35
2021-04-04,Imperial,025,180216,27783,2550,30333,735
2021-04-04,Inyo,027,18085,1382,10,1392,38
2021-04-04,Kern,029,883053,95629,10266,105895,1302
2021-04-04,Kings,031,150075,22807,1023,23830,245
2021-04-04,Lake,033,64148,3378,8,3386,58
2021-04-04,Lassen,035,31185,5149,101,5250,18
2021-04-04,Los Angeles,037,10098052,1192256,39219,1231475,24059
2021-04-04,Madera,039,155013,16212,885,17097,239
2021-04-04,Marin,041,260295,5274,155,5429,172
2021-04-04,Mariposa,043,17540,398,6,404,6
2021-04-04,Mendocino,045,87422,3768,74,3842,47
2021-04-04,Merced,047,269075,29973,975,30948,467
2021-04-04,Modoc,049,8938,356,118,474,4
2021-04-04,Mono,051,14174,1237,17,1254,3
2021-04-04,Monterey,053,433212,42628,1752,44380,574
2021-04-04,Napa,055,140530,9502,30,9532,77
2021-04-04,Nevada,057,99092,4391,179,4570,70
2021-04-04,Orange,059,3164182,252063,10746,262809,5150
2021-04-04,Placer,061,380077,21838,1278,23116,292
2021-04-04,Plumas,063,18699,674,10,684,5
2021-04-04,Riverside,065,2383286,290075,13555,303630,4521
2021-04-04,Sacramento,067,1510023,99875,1440,101315,1597
2021-04-04,San Benito,069,59416,5895,97,5992,60
2021-04-04,San Bernardino,071,2135413,289693,8706,298399,5169
2021-04-04,San Diego,073,3302833,272462,13712,286174,3700
2021-04-04,San Francisco,075,870044,35507,1191,36698,550
2021-04-04,San Joaquin,077,732212,70217,3184,73401,1384
2021-04-04,San Luis Obispo,079,281455,20657,621,21278,253
2021-04-04,San Mateo,081,765935,40997,428,41425,531
2021-04-04,Santa Barbara,083,443738,33586,1079,34665,449
2021-04-04,Santa Clara,085,1922200,114903,652,115555,1705
2021-04-04,Santa Cruz,087,273765,15914,788,16702,204
2021-04-04,Shasta,089,179085,11387,1371,12758,189
2021-04-04,Sierra,091,2930,55,12,67,0
2021-04-04,Siskiyou,093,43540,1576,256,1832,15
2021-04-04,Solano,095,438530,31112,418,31530,262
2021-04-04,Sonoma,097,501317,29237,280,29517,308
2021-04-04,Stanislaus,099,539301,53519,5576,59095,946
2021-04-04,Sutter,101,95872,9157,80,9237,122
2021-04-04,Tehama,103,63373,4824,514,5338,71
2021-04-04,Trinity,105,12862,478,81,559,4
2021-04-04,Tulare,107,460477,49400,8500,57900,861
2021-04-04,Tuolumne,109,53932,3933,40,3973,59
2021-04-04,Ventura,111,848112,80073,2860,82933,1013
2021-04-04,Yolo,113,214977,13401,172,13573,223
2021-04-04,Yuba,115,75493,5757,110,5867,43
2021-04-03,Alameda,001,1643700,84294,1782,86076,1208
2021-04-03,Alpine,002,1148,85,0,85,0
2021-04-03,Amador,005,37829,3590,32,3622,47
2021-04-03,Butte,007,227075,11731,1694,13425,193
2021-04-03,Calaveras,009,45235,2016,11,2027,50
2021-04-03,Colusa,011,21464,1895,273,2168,15
2021-04-03,Contra Costa,013,1133247,66189,1130,67319,786
2021-04-03,Del Norte,015,27424,1223,11,1234,5
2021-04-03,El Dorado,017,186661,9545,640,10185,110
2021-04-03,Fresno,019,978130,100213,8224,108437,1671
2021-04-03,Glenn,021,27897,2359,528,2887,25
2021-04-03,Humboldt,023,135768,3480,25,3505,35
2021-04-03,Imperial,025,180216,27767,2547,30314,735
2021-04-03,Inyo,027,18085,1381,10,1391,38
2021-04-03,Kern,029,883053,95603,10250,105853,1300
2021-04-03,Kings,031,150075,22805,1023,23828,245
2021-04-03,Lake,033,64148,3377,8,3385,58
2021-04-03,Lassen,035,31185,5148,101,5249,18
2021-04-03,Los Angeles,037,10098052,1191950,39202,1231152,24044
2021-04-03,Madera,039,155013,16203,883,17086,238
2021-04-03,Marin,041,260295,5266,154,5420,171
2021-04-03,Mariposa,043,17540,398,5,403,6
2021-04-03,Mendocino,045,87422,3767,74,3841,47
2021-04-03,Merced,047,269075,29958,975,30933,467
2021-04-03,Modoc,049,8938,356,118,474,4
2021-04-03,Mono,051,14174,1237,17,1254,3
2021-04-03,Monterey,053,433212,42615,1750,44365,574
2021-04-03,Napa,055,140530,9493,30,9523,77
2021-04-03,Nevada,057,99092,4387,179,4566,70
2021-04-03,Orange,059,3164182,251982,10728,262710,5150
2021-04-03,Placer,061,380077,21807,1274,23081,292
2021-04-03,Plumas,063,18699,674,10,684,5
2021-04-03,Riverside,065,2383286,289997,13552,303549,4519
2021-04-03,Sacramento,067,1510023,99767,1434,101201,1596
2021-04-03,San Benito,069,59416,5892,96,5988,60
2021-04-03,San Bernardino,071,2135413,289629,8700,298329,5168
2021-04-03,San Diego,073,3302833,272293,13695,285988,3699
2021-04-03,San Francisco,075,870044,35488,1189,36677,550
2021-04-03,San Joaquin,077,732212,70176,3168,73344,1383
2021-04-03,San Luis Obispo,079,281455,20638,621,21259,253
2021-04-03,San Mateo,081,765935,40972,428,41400,530
2021-04-03,Santa Barbara,083,443738,33560,1078,34638,449
2021-04-03,Santa Clara,085,1922200,114795,650,115445,1699
2021-04-03,Santa Cruz,087,273765,15907,788,16695,204
2021-04-03,Shasta,089,179085,11379,1371,12750,189
2021-04-03,Sierra,091,2930,55,12,67,0
2021-04-03,Siskiyou,093,43540,1575,256,1831,15
2021-04-03,Solano,095,438530,31091,415,31506,262
2021-04-03,Sonoma,097,501317,29221,279,29500,308
2021-04-03,Stanislaus,099,539301,53484,5570,59054,945
2021-04-03,Sutter,101,95872,9151,80,9231,122
2021-04-03,Tehama,103,63373,4816,514,5330,71
2021-04-03,Trinity,105,12862,478,81,559,4
2021-04-03,Tulare,107,460477,49390,8496,57886,860
2021-04-03,Tuolumne,109,53932,3933,40,3973,59
2021-04-03,Ventura,111,848112,80052,2858,82910,1012
2021-04-03,Yolo,113,214977,13395,172,13567,223
2021-04-03,Yuba,115,75493,5751,110,5861,43
2021-04-02,Alameda,001,1643700,84221,1779,86000,1207
2021-04-02,Alpine,002,1148,85,0,85,0
2021-04-02,Amador,005,37829,3586,31,3617,47
2021-04-02,Butte,007,227075,11722,1694,13416,193
2021-04-02,Calaveras,009,45235,2014,11,2025,50
2021-04-02,Colusa,011,21464,1895,273,2168,15
2021-04-02,Contra Costa,013,1133247,66125,1129,67254,785
2021-04-02,Del Norte,015,27424,1220,11,1231,5
2021-04-02,El Dorado,017,186661,9532,637,10169,110
2021-04-02,Fresno,019,978130,100159,8213,108372,1668
2021-04-02,Glenn,021,27897,2359,528,2887,25
2021-04-02,Humboldt,023,135768,3476,25,3501,35
2021-04-02,Imperial,025,180216,27755,2541,30296,735
2021-04-02,Inyo,027,18085,1381,10,1391,38
2021-04-02,Kern,029,883053,95585,10247,105832,1300
2021-04-02,Kings,031,150075,22805,1020,23825,245
2021-04-02,Lake,033,64148,3375,8,3383,58
2021-04-02,Lassen,035,31185,5148,101,5249,18
2021-04-02,Los Angeles,037,10098052,1191640,39181,1230821,24037
2021-04-02,Madera,039,155013,16194,882,17076,238
2021-04-02,Marin,041,260295,5258,154,5412,170
2021-04-02,Mariposa,043,17540,396,5,401,6
2021-04-02,Mendocino,045,87422,3764,74,3838,47
2021-04-02,Merced,047,269075,29933,975,30908,466
2021-04-02,Modoc,049,8938,353,118,471,4
2021-04-02,Mono,051,14174,1237,17,1254,3
2021-04-02,Monterey,053,433212,42605,1747,44352,574
2021-04-02,Napa,055,140530,9478,30,9508,77
2021-04-02,Nevada,057,99092,4383,179,4562,70
2021-04-02,Orange,059,3164182,251887,10716,262603,5150
2021-04-02,Placer,061,380077,21771,1268,23039,292
2021-04-02,Plumas,063,18699,674,10,684,5
2021-04-02,Riverside,065,2383286,289911,13543,303454,4517
2021-04-02,Sacramento,067,1510023,99660,1427,101087,1596
2021-04-02,San Benito,069,59416,5890,94,5984,59
2021-04-02,San Bernardino,071,2135413,289557,8696,298253,5165
2021-04-02,San Diego,073,3302833,272107,13669,285776,3698
2021-04-02,San Francisco,075,870044,35453,1187,36640,550
2021-04-02,San Joaquin,077,732212,70111,3153,73264,1382
2021-04-02,San Luis Obispo,079,281455,20621,620,21241,253
2021-04-02,San Mateo,081,765935,40930,428,41358,530
2021-04-02,Santa Barbara,083,443738,33532,1078,34610,449
2021-04-02,Santa Clara,085,1922200,114684,648,115332,1697
2021-04-02,Santa Cruz,087,273765,15899,788,16687,204
2021-04-02,Shasta,089,179085,11374,1364,12738,188
2021-04-02,Sierra,091,2930,55,12,67,0
2021-04-02,Siskiyou,093,43540,1575,255,1830,15
2021-04-02,Solano,095,438530,31062,412,31474,262
2021-04-02,Sonoma,097,501317,29200,278,29478,308
2021-04-02,Stanislaus,099,539301,53439,5564,59003,944
2021-04-02,Sutter,101,95872,9143,80,9223,122
2021-04-02,Tehama,103,63373,4809,513,5322,71
2021-04-02,Trinity,105,12862,478,81,559,4
2021-04-02,Tulare,107,460477,49384,8490,57874,859
2021-04-02,Tuolumne,109,53932,3930,40,3970,59
2021-04-02,Ventura,111,848112,80025,2856,82881,1011
2021-04-02,Yolo,113,214977,13385,172,13557,222
2021-04-02,Yuba,115,75493,5747,110,5857,43
2021-04-01,Alameda,001,1643700,84142,1774,85916,1204
2021-04-01,Alpine,002,1148,85,0,85,0
2021-04-01,Amador,005,37829,3582,31,3613,47
2021-04-01,Butte,007,227075,11704,1692,13396,193
2021-04-01,Calaveras,009,45235,2011,11,2022,50
2021-04-01,Colusa,011,21464,1892,273,2165,15
2021-04-01,Contra Costa,013,1133247,66066,1127,67193,784
2021-04-01,Del Norte,015,27424,1215,11,1226,5
2021-04-01,El Dorado,017,186661,9523,633,10156,110
2021-04-01,Fresno,019,978130,100106,8205,108311,1667
2021-04-01,Glenn,021,27897,2359,527,2886,25
2021-04-01,Humboldt,023,135768,3472,25,3497,35
2021-04-01,Imperial,025,180216,27725,2536,30261,735
2021-04-01,Inyo,027,18085,1380,10,1390,38
2021-04-01,Kern,029,883053,95549,10235,105784,1298
2021-04-01,Kings,031,150075,22798,1019,23817,245
2021-04-01,Lake,033,64148,3370,8,3378,58
2021-04-01,Lassen,035,31185,5147,101,5248,18
2021-04-01,Los Angeles,037,10098052,1191147,39152,1230299,24026
2021-04-01,Madera,039,155013,16178,882,17060,238
2021-04-01,Marin,041,260295,5248,154,5402,170
2021-04-01,Mariposa,043,17540,394,5,399,6
2021-04-01,Mendocino,045,87422,3764,74,3838,47
2021-04-01,Merced,047,269075,29900,975,30875,464
2021-04-01,Modoc,049,8938,352,118,470,4
2021-04-01,Mono,051,14174,1237,17,1254,3
2021-04-01,Monterey,053,433212,42597,1745,44342,573
2021-04-01,Napa,055,140530,9466,30,9496,77
2021-04-01,Nevada,057,99092,4373,178,4551,70
2021-04-01,Orange,059,3164182,251767,10699,262466,5150
2021-04-01,Placer,061,380077,21732,1256,22988,291
2021-04-01,Plumas,063,18699,674,10,684,5
2021-04-01,Riverside,065,2383286,289806,13540,303346,4517
2021-04-01,Sacramento,067,1510023,99516,1414,100930,1596
2021-04-01,San Benito,069,59416,5882,93,5975,59
2021-04-01,San Bernardino,071,2135413,289441,8687,298128,5163
2021-04-01,San Diego,073,3302833,271884,13639,285523,3697
2021-04-01,San Francisco,075,870044,35432,1184,36616,549
2021-04-01,San Joaquin,077,732212,70029,3145,73174,1382
2021-04-01,San Luis Obispo,079,281455,20592,619,21211,253
2021-04-01,San Mateo,081,765935,40889,428,41317,528
2021-04-01,Santa Barbara,083,443738,33485,1073,34558,449
2021-04-01,Santa Clara,085,1922200,114571,647,115218,1695
2021-04-01,Santa Cruz,087,273765,15884,788,16672,204
2021-04-01,Shasta,089,179085,11359,1359,12718,187
2021-04-01,Sierra,091,2930,55,12,67,0
2021-04-01,Siskiyou,093,43540,1573,254,1827,15
2021-04-01,Solano,095,438530,31029,409,31438,262
2021-04-01,Sonoma,097,501317,29169,271,29440,308
2021-04-01,Stanislaus,099,539301,53377,5558,58935,944
2021-04-01,Sutter,101,95872,9131,80,9211,122
2021-04-01,Tehama,103,63373,4803,510,5313,71
2021-04-01,Trinity,105,12862,478,81,559,4
2021-04-01,Tulare,107,460477,49361,8480,57841,857
2021-04-01,Tuolumne,109,53932,3928,40,3968,59
2021-04-01,Ventura,111,848112,80001,2855,82856,1010
2021-04-01,Yolo,113,214977,13372,172,13544,222
2021-04-01,Yuba,115,75493,5742,110,5852,43
2021-03-31,Alameda,001,1643700,84060,1769,85829,1202
2021-03-31,Alpine,002,1148,85,0,85,0
2021-03-31,Amador,005,37829,3579,31,3610,47
2021-03-31,Butte,007,227075,11694,1688,13382,193
2021-03-31,Calaveras,009,45235,2009,11,2020,50
2021-03-31,Colusa,011,21464,1892,273,2165,15
2021-03-31,Contra Costa,013,1133247,65981,1126,67107,784
2021-03-31,Del Norte,015,27424,1206,11,1217,5
2021-03-31,El Dorado,017,186661,9506,633,10139,110
2021-03-31,Fresno,019,978130,100013,8189,108202,1666
2021-03-31,Glenn,021,27897,2355,525,2880,25
2021-03-31,Humboldt,023,135768,3466,25,3491,35
2021-03-31,Imperial,025,180216,27705,2535,30240,735
2021-03-31,Inyo,027,18085,1377,9,1386,38
2021-03-31,Kern,029,883053,95506,10226,105732,1297
2021-03-31,Kings,031,150075,22795,1019,23814,245
2021-03-31,Lake,033,64148,3366,8,3374,58
2021-03-31,Lassen,035,31185,5143,101,5244,18
2021-03-31,Los Angeles,037,10098052,1190679,39114,1229793,24014
2021-03-31,Madera,039,155013,16164,881,17045,237
2021-03-31,Marin,041,260295,5237,154,5391,170
2021-03-31,Mariposa,043,17540,394,5,399,6
2021-03-31,Mendocino,045,87422,3758,74,3832,47
2021-03-31,Merced,047,269075,29871,975,30846,463
2021-03-31,Modoc,049,8938,352,118,470,4
2021-03-31,Mono,051,14174,1237,17,1254,3
2021-03-31,Monterey,053,433212,42580,1743,44323,573
2021-03-31,Napa,055,140530,9448,30,9478,77
2021-03-31,Nevada,057,99092,4367,178,4545,70
2021-03-31,Orange,059,3164182,251655,10684,262339,5147
2021-03-31,Placer,061,380077,21682,1249,22931,290
2021-03-31,Plumas,063,18699,673,10,683,5
2021-03-31,Riverside,065,2383286,289704,13529,303233,4515
2021-03-31,Sacramento,067,1510023,99341,1407,100748,1594
2021-03-31,San Benito,069,59416,5872,93,5965,59
2021-03-31,San Bernardino,071,2135413,289347,8684,298031,5157
2021-03-31,San Diego,073,3302833,271652,13604,285256,3696
2021-03-31,San Francisco,075,870044,35387,1183,36570,549
2021-03-31,San Joaquin,077,732212,69940,3129,73069,1381
2021-03-31,San Luis Obispo,079,281455,20570,618,21188,253
2021-03-31,San Mateo,081,765935,40859,428,41287,528
2021-03-31,Santa Barbara,083,443738,33453,1071,34524,449
2021-03-31,Santa Clara,085,1922200,114444,647,115091,1695
2021-03-31,Santa Cruz,087,273765,15871,787,16658,204
2021-03-31,Shasta,089,179085,11347,1351,12698,186
2021-03-31,Sierra,091,2930,55,12,67,0
2021-03-31,Siskiyou,093,43540,1572,254,1826,15
2021-03-31,Solano,095,438530,30983,408,31391,262
2021-03-31,Sonoma,097,501317,29142,271,29413,308
2021-03-31,Stanislaus,099,539301,53309,5546,58855,941
2021-03-31,Sutter,101,95872,9120,80,9200,122
2021-03-31,Tehama,103,63373,4798,508,5306,70
2021-03-31,Trinity,105,12862,478,81,559,4
2021-03-31,Tulare,107,460477,49341,8464,57805,857
2021-03-31,Tuolumne,109,53932,3927,40,3967,58
2021-03-31,Ventura,111,848112,79969,2851,82820,1010
2021-03-31,Yolo,113,214977,13355,171,13526,222
2021-03-31,Yuba,115,75493,5735,110,5845,43
2021-03-30,Alameda,001,1643700,83960,1766,85726,1201
2021-03-30,Alpine,002,1148,85,0,85,0
2021-03-30,Amador,005,37829,3576,31,3607,47
2021-03-30,Butte,007,227075,11682,1685,13367,193
2021-03-30,Calaveras,009,45235,2005,11,2016,50
2021-03-30,Colusa,011,21464,1891,272,2163,15
2021-03-30,Contra Costa,013,1133247,65892,1124,67016,782
2021-03-30,Del Norte,015,27424,1198,10,1208,5
2021-03-30,El Dorado,017,186661,9487,630,10117,110
2021-03-30,Fresno,019,978130,99948,8176,108124,1665
2021-03-30,Glenn,021,27897,2355,524,2879,25
2021-03-30,Humboldt,023,135768,3464,25,3489,35
2021-03-30,Imperial,025,180216,27677,2533,30210,733
2021-03-30,Inyo,027,18085,1377,9,1386,38
2021-03-30,Kern,029,883053,95464,10217,105681,1295
2021-03-30,Kings,031,150075,22791,1017,23808,245
2021-03-30,Lake,033,64148,3360,8,3368,58
2021-03-30,Lassen,035,31185,5143,101,5244,18
2021-03-30,Los Angeles,037,10098052,1190183,39092,1229275,24002
2021-03-30,Madera,039,155013,16154,877,17031,237
2021-03-30,Marin,041,260295,5228,146,5374,170
2021-03-30,Mariposa,043,17540,394,5,399,6
2021-03-30,Mendocino,045,87422,3756,74,3830,47
2021-03-30,Merced,047,269075,29834,975,30809,462
2021-03-30,Modoc,049,8938,351,118,469,4
2021-03-30,Mono,051,14174,1236,17,1253,3
2021-03-30,Monterey,053,433212,42554,1741,44295,573
2021-03-30,Napa,055,140530,9433,30,9463,77
2021-03-30,Nevada,057,99092,4355,177,4532,69
2021-03-30,Orange,059,3164182,251527,10657,262184,5142
2021-03-30,Placer,061,380077,21642,1243,22885,289
2021-03-30,Plumas,063,18699,673,10,683,5
2021-03-30,Riverside,065,2383286,289579,13520,303099,4512
2021-03-30,Sacramento,067,1510023,99204,1404,100608,1594
2021-03-30,San Benito,069,59416,5866,93,5959,59
2021-03-30,San Bernardino,071,2135413,289238,8675,297913,5152
2021-03-30,San Diego,073,3302833,271413,13566,284979,3694
2021-03-30,San Francisco,075,870044,35337,1182,36519,549
2021-03-30,San Joaquin,077,732212,69852,3119,72971,1381
2021-03-30,San Luis Obispo,079,281455,20550,618,21168,253
2021-03-30,San Mateo,081,765935,40815,428,41243,527
2021-03-30,Santa Barbara,083,443738,33428,1071,34499,448
2021-03-30,Santa Clara,085,1922200,114322,646,114968,1695
2021-03-30,Santa Cruz,087,273765,15865,787,16652,204
2021-03-30,Shasta,089,179085,11339,1350,12689,185
2021-03-30,Sierra,091,2930,55,12,67,0
2021-03-30,Siskiyou,093,43540,1571,254,1825,15
2021-03-30,Solano,095,438530,30953,407,31360,262
2021-03-30,Sonoma,097,501317,29110,271,29381,308
2021-03-30,Stanislaus,099,539301,53231,5538,58769,938
2021-03-30,Sutter,101,95872,9116,79,9195,122
2021-03-30,Tehama,103,63373,4789,507,5296,70
2021-03-30,Trinity,105,12862,478,81,559,4
2021-03-30,Tulare,107,460477,49326,8455,57781,854
2021-03-30,Tuolumne,109,53932,3922,40,3962,57
2021-03-30,Ventura,111,848112,79925,2848,82773,1010
2021-03-30,Yolo,113,214977,13342,171,13513,221
2021-03-30,Yuba,115,75493,5724,104,5828,43
2021-03-29,Alameda,001,1643700,83860,1764,85624,1201
2021-03-29,Alpine,002,1148,85,0,85,0
2021-03-29,Amador,005,37829,3570,31,3601,46
2021-03-29,Butte,007,227075,11674,1682,13356,193
2021-03-29,Calaveras,009,45235,2003,11,2014,50
2021-03-29,Colusa,011,21464,1891,271,2162,15
2021-03-29,Contra Costa,013,1133247,65823,1123,66946,782
2021-03-29,Del Norte,015,27424,1193,9,1202,5
2021-03-29,El Dorado,017,186661,9467,625,10092,110
2021-03-29,Fresno,019,978130,99865,8161,108026,1664
2021-03-29,Glenn,021,27897,2348,524,2872,25
2021-03-29,Humboldt,023,135768,3459,25,3484,35
2021-03-29,Imperial,025,180216,27656,2531,30187,733
2021-03-29,Inyo,027,18085,1377,9,1386,38
2021-03-29,Kern,029,883053,95417,10198,105615,1295
2021-03-29,Kings,031,150075,22779,1016,23795,245
2021-03-29,Lake,033,64148,3357,8,3365,58
2021-03-29,Lassen,035,31185,5143,101,5244,18
2021-03-29,Los Angeles,037,10098052,1189686,39052,1228738,23988
2021-03-29,Madera,039,155013,16134,875,17009,237
2021-03-29,Marin,041,260295,5216,143,5359,170
2021-03-29,Mariposa,043,17540,393,5,398,6
2021-03-29,Mendocino,045,87422,3753,74,3827,47
2021-03-29,Merced,047,269075,29810,975,30785,462
2021-03-29,Modoc,049,8938,350,118,468,4
2021-03-29,Mono,051,14174,1235,17,1252,3
2021-03-29,Monterey,053,433212,42538,1736,44274,572
2021-03-29,Napa,055,140530,9417,30,9447,77
2021-03-29,Nevada,057,99092,4348,177,4525,69
2021-03-29,Orange,059,3164182,251416,10645,262061,5139
2021-03-29,Placer,061,380077,21607,1236,22843,289
2021-03-29,Plumas,063,18699,672,10,682,5
2021-03-29,Riverside,065,2383286,289476,13519,302995,4510
2021-03-29,Sacramento,067,1510023,99011,1396,100407,1592
2021-03-29,San Benito,069,59416,5859,93,5952,59
2021-03-29,San Bernardino,071,2135413,289141,8671,297812,5147
2021-03-29,San Diego,073,3302833,271147,13540,284687,3690
2021-03-29,San Francisco,075,870044,35302,1179,36481,549
2021-03-29,San Joaquin,077,732212,69766,3106,72872,1378
2021-03-29,San Luis Obispo,079,281455,20515,617,21132,253
2021-03-29,San Mateo,081,765935,40773,427,41200,527
2021-03-29,Santa Barbara,083,443738,33394,1070,34464,448
2021-03-29,Santa Clara,085,1922200,114213,641,114854,1695
2021-03-29,Santa Cruz,087,273765,15854,786,16640,204
2021-03-29,Shasta,089,179085,11321,1348,12669,185
2021-03-29,Sierra,091,2930,55,12,67,0
2021-03-29,Siskiyou,093,43540,1569,254,1823,15
2021-03-29,Solano,095,438530,30914,405,31319,262
2021-03-29,Sonoma,097,501317,29087,268,29355,308
2021-03-29,Stanislaus,099,539301,53147,5531,58678,938
2021-03-29,Sutter,101,95872,9109,79,9188,122
2021-03-29,Tehama,103,63373,4781,506,5287,70
2021-03-29,Trinity,105,12862,478,81,559,4
2021-03-29,Tulare,107,460477,49298,8444,57742,852
2021-03-29,Tuolumne,109,53932,3920,40,3960,57
2021-03-29,Ventura,111,848112,79883,2848,82731,1009
2021-03-29,Yolo,113,214977,13323,171,13494,221
2021-03-29,Yuba,115,75493,5717,103,5820,43
2021-03-28,Alameda,001,1643700,83739,1762,85501,1200
2021-03-28,Alpine,002,1148,85,0,85,0
2021-03-28,Amador,005,37829,3566,31,3597,46
2021-03-28,Butte,007,227075,11661,1680,13341,193
2021-03-28,Calaveras,009,45235,2001,11,2012,50
2021-03-28,Colusa,011,21464,1890,271,2161,15
2021-03-28,Contra Costa,013,1133247,65749,1119,66868,781
2021-03-28,Del Norte,015,27424,1186,7,1193,5
2021-03-28,El Dorado,017,186661,9452,623,10075,110
2021-03-28,Fresno,019,978130,99783,8149,107932,1663
2021-03-28,Glenn,021,27897,2344,522,2866,25
2021-03-28,Humboldt,023,135768,3456,24,3480,35
2021-03-28,Imperial,025,180216,27628,2528,30156,733
2021-03-28,Inyo,027,18085,1376,9,1385,38
2021-03-28,Kern,029,883053,95372,10187,105559,1292
2021-03-28,Kings,031,150075,22774,1013,23787,244
2021-03-28,Lake,033,64148,3352,8,3360,58
2021-03-28,Lassen,035,31185,5143,100,5243,18
2021-03-28,Los Angeles,037,10098052,1189134,38994,1228128,23975
2021-03-28,Madera,039,155013,16119,874,16993,237
2021-03-28,Marin,041,260295,5203,141,5344,170
2021-03-28,Mariposa,043,17540,393,5,398,6
2021-03-28,Mendocino,045,87422,3751,74,3825,47
2021-03-28,Merced,047,269075,29753,975,30728,462
2021-03-28,Modoc,049,8938,350,118,468,4
2021-03-28,Mono,051,14174,1234,17,1251,3
2021-03-28,Monterey,053,433212,42515,1732,44247,571
2021-03-28,Napa,055,140530,9403,30,9433,77
2021-03-28,Nevada,057,99092,4334,177,4511,69
2021-03-28,Orange,059,3164182,251259,10635,261894,5136
2021-03-28,Placer,061,380077,21563,1230,22793,289
2021-03-28,Plumas,063,18699,670,10,680,5
2021-03-28,Riverside,065,2383286,289362,13511,302873,4505
2021-03-28,Sacramento,067,1510023,98837,1390,100227,1591
2021-03-28,San Benito,069,59416,5854,93,5947,58
2021-03-28,San Bernardino,071,2135413,289021,8663,297684,5142
2021-03-28,San Diego,073,3302833,270871,13511,284382,3688
2021-03-28,San Francisco,075,870044,35256,1175,36431,549
2021-03-28,San Joaquin,077,732212,69642,3087,72729,1376
2021-03-28,San Luis Obispo,079,281455,20480,614,21094,253
2021-03-28,San Mateo,081,765935,40728,427,41155,527
2021-03-28,Santa Barbara,083,443738,33352,1069,34421,447
2021-03-28,Santa Clara,085,1922200,114113,637,114750,1693
2021-03-28,Santa Cruz,087,273765,15839,785,16624,204
2021-03-28,Shasta,089,179085,11295,1337,12632,185
2021-03-28,Sierra,091,2930,55,12,67,0
2021-03-28,Siskiyou,093,43540,1569,253,1822,15
2021-03-28,Solano,095,438530,30877,403,31280,262
2021-03-28,Sonoma,097,501317,29051,266,29317,308
2021-03-28,Stanislaus,099,539301,53059,5518,58577,937
2021-03-28,Sutter,101,95872,9100,79,9179,122
2021-03-28,Tehama,103,63373,4771,504,5275,70
2021-03-28,Trinity,105,12862,476,80,556,4
2021-03-28,Tulare,107,460477,49269,8438,57707,852
2021-03-28,Tuolumne,109,53932,3917,39,3956,57
2021-03-28,Ventura,111,848112,79832,2843,82675,1009
2021-03-28,Yolo,113,214977,13306,170,13476,221
2021-03-28,Yuba,115,75493,5713,103,5816,43
2021-03-27,Alameda,001,1643700,83668,1758,85426,1200
2021-03-27,Alpine,002,1148,85,0,85,0
2021-03-27,Amador,005,37829,3561,31,3592,46
2021-03-27,Butte,007,227075,11654,1679,13333,193
2021-03-27,Calaveras,009,45235,1998,11,2009,50
2021-03-27,Colusa,011,21464,1890,271,2161,15
2021-03-27,Contra Costa,013,1133247,65679,1116,66795,781
2021-03-27,Del Norte,015,27424,1176,7,1183,5
2021-03-27,El Dorado,017,186661,9438,623,10061,110
2021-03-27,Fresno,019,978130,99730,8143,107873,1663
2021-03-27,Glenn,021,27897,2343,522,2865,25
2021-03-27,Humboldt,023,135768,3451,24,3475,35
2021-03-27,Imperial,025,180216,27616,2525,30141,733
2021-03-27,Inyo,027,18085,1374,9,1383,38
2021-03-27,Kern,029,883053,95352,10176,105528,1291
2021-03-27,Kings,031,150075,22771,1013,23784,244
2021-03-27,Lake,033,64148,3350,8,3358,58
2021-03-27,Lassen,035,31185,5143,100,5243,18
2021-03-27,Los Angeles,037,10098052,1188820,38968,1227788,23962
2021-03-27,Madera,039,155013,16112,872,16984,237
2021-03-27,Marin,041,260295,5198,141,5339,170
2021-03-27,Mariposa,043,17540,393,5,398,6
2021-03-27,Mendocino,045,87422,3749,74,3823,47
2021-03-27,Merced,047,269075,29720,973,30693,460
2021-03-27,Modoc,049,8938,350,118,468,4
2021-03-27,Mono,051,14174,1232,17,1249,3
2021-03-27,Monterey,053,433212,42505,1732,44237,571
2021-03-27,Napa,055,140530,9391,30,9421,77
2021-03-27,Nevada,057,99092,4324,177,4501,69
2021-03-27,Orange,059,3164182,251164,10619,261783,5134
2021-03-27,Placer,061,380077,21543,1223,22766,289
2021-03-27,Plumas,063,18699,669,10,679,5
2021-03-27,Riverside,065,2383286,289300,13503,302803,4504
2021-03-27,Sacramento,067,1510023,98747,1388,100135,1588
2021-03-27,San Benito,069,59416,5852,91,5943,58
2021-03-27,San Bernardino,071,2135413,288959,8662,297621,5139
2021-03-27,San Diego,073,3302833,270700,13489,284189,3686
2021-03-27,San Francisco,075,870044,35233,1173,36406,549
2021-03-27,San Joaquin,077,732212,69582,3079,72661,1375
2021-03-27,San Luis Obispo,079,281455,20469,611,21080,253
2021-03-27,San Mateo,081,765935,40705,427,41132,527
2021-03-27,Santa Barbara,083,443738,33329,1069,34398,447
2021-03-27,Santa Clara,085,1922200,114017,635,114652,1692
2021-03-27,Santa Cruz,087,273765,15833,785,16618,203
2021-03-27,Shasta,089,179085,11284,1335,12619,185
2021-03-27,Sierra,091,2930,55,12,67,0
2021-03-27,Siskiyou,093,43540,1569,253,1822,15
2021-03-27,Solano,095,438530,30849,402,31251,262
2021-03-27,Sonoma,097,501317,29036,264,29300,308
2021-03-27,Stanislaus,099,539301,52994,5510,58504,937
2021-03-27,Sutter,101,95872,9093,79,9172,122
2021-03-27,Tehama,103,63373,4765,502,5267,70
2021-03-27,Trinity,105,12862,476,80,556,4
2021-03-27,Tulare,107,460477,49253,8431,57684,852
2021-03-27,Tuolumne,109,53932,3914,39,3953,57
2021-03-27,Ventura,111,848112,79805,2841,82646,1009
2021-03-27,Yolo,113,214977,13301,169,13470,221
2021-03-27,Yuba,115,75493,5711,103,5814,43
2021-03-26,Alameda,001,1643700,83606,1756,85362,1198
2021-03-26,Alpine,002,1148,85,0,85,0
2021-03-26,Amador,005,37829,3556,31,3587,46
2021-03-26,Butte,007,227075,11643,1679,13322,193
2021-03-26,Calaveras,009,45235,1995,11,2006,50
2021-03-26,Colusa,011,21464,1890,271,2161,15
2021-03-26,Contra Costa,013,1133247,65619,1113,66732,780
2021-03-26,Del Norte,015,27424,1173,7,1180,5
2021-03-26,El Dorado,017,186661,9433,623,10056,110
2021-03-26,Fresno,019,978130,99668,8133,107801,1662
2021-03-26,Glenn,021,27897,2343,521,2864,25
2021-03-26,Humboldt,023,135768,3449,24,3473,34
2021-03-26,Imperial,025,180216,27592,2525,30117,733
2021-03-26,Inyo,027,18085,1373,9,1382,38
2021-03-26,Kern,029,883053,95326,10170,105496,1287
2021-03-26,Kings,031,150075,22763,1011,23774,244
2021-03-26,Lake,033,64148,3349,8,3357,58
2021-03-26,Lassen,035,31185,5142,100,5242,18
2021-03-26,Los Angeles,037,10098052,1188484,38955,1227439,23944
2021-03-26,Madera,039,155013,16102,872,16974,237
2021-03-26,Marin,041,260295,5192,136,5328,170
2021-03-26,Mariposa,043,17540,393,5,398,6
2021-03-26,Mendocino,045,87422,3748,74,3822,46
2021-03-26,Merced,047,269075,29697,972,30669,460
2021-03-26,Modoc,049,8938,350,118,468,4
2021-03-26,Mono,051,14174,1231,17,1248,3
2021-03-26,Monterey,053,433212,42492,1728,44220,570
2021-03-26,Napa,055,140530,9381,30,9411,77
2021-03-26,Nevada,057,99092,4304,177,4481,69
2021-03-26,Orange,059,3164182,251101,10605,261706,5132
2021-03-26,Placer,061,380077,21517,1222,22739,289
2021-03-26,Plumas,063,18699,668,10,678,5
2021-03-26,Riverside,065,2383286,289222,13497,302719,4502
2021-03-26,Sacramento,067,1510023,98646,1383,100029,1587
2021-03-26,San Benito,069,59416,5849,91,5940,58
2021-03-26,San Bernardino,071,2135413,288903,8660,297563,5137
2021-03-26,San Diego,073,3302833,270522,13463,283985,3684
2021-03-26,San Francisco,075,870044,35207,1173,36380,546
2021-03-26,San Joaquin,077,732212,69519,3075,72594,1375
2021-03-26,San Luis Obispo,079,281455,20456,611,21067,252
2021-03-26,San Mateo,081,765935,40670,427,41097,527
2021-03-26,Santa Barbara,083,443738,33299,1068,34367,446
2021-03-26,Santa Clara,085,1922200,113919,634,114553,1691
2021-03-26,Santa Cruz,087,273765,15818,784,16602,203
2021-03-26,Shasta,089,179085,11275,1329,12604,185
2021-03-26,Sierra,091,2930,55,12,67,0
2021-03-26,Siskiyou,093,43540,1569,252,1821,14
2021-03-26,Solano,095,438530,30824,402,31226,262
2021-03-26,Sonoma,097,501317,29020,261,29281,308
2021-03-26,Stanislaus,099,539301,52926,5506,58432,936
2021-03-26,Sutter,101,95872,9090,79,9169,121
2021-03-26,Tehama,103,63373,4764,501,5265,70
2021-03-26,Trinity,105,12862,476,80,556,4
2021-03-26,Tulare,107,460477,49238,8424,57662,852
2021-03-26,Tuolumne,109,53932,3913,39,3952,57
2021-03-26,Ventura,111,848112,79771,2839,82610,1007
2021-03-26,Yolo,113,214977,13294,167,13461,221
2021-03-26,Yuba,115,75493,5701,103,5804,43
2021-03-25,Alameda,001,1643700,83512,1754,85266,1198
2021-03-25,Alpine,002,1148,85,0,85,0
2021-03-25,Amador,005,37829,3554,31,3585,46
2021-03-25,Butte,007,227075,11633,1679,13312,192
2021-03-25,Calaveras,009,45235,1994,11,2005,50
2021-03-25,Colusa,011,21464,1890,271,2161,15
2021-03-25,Contra Costa,013,1133247,65552,1110,66662,780
2021-03-25,Del Norte,015,27424,1167,7,1174,5
2021-03-25,El Dorado,017,186661,9423,623,10046,110
2021-03-25,Fresno,019,978130,99550,8120,107670,1660
2021-03-25,Glenn,021,27897,2342,520,2862,25
2021-03-25,Humboldt,023,135768,3444,24,3468,34
2021-03-25,Imperial,025,180216,27576,2524,30100,733
2021-03-25,Inyo,027,18085,1373,9,1382,38
2021-03-25,Kern,029,883053,95294,10165,105459,1285
2021-03-25,Kings,031,150075,22753,1011,23764,244
2021-03-25,Lake,033,64148,3344,8,3352,58
2021-03-25,Lassen,035,31185,5142,100,5242,18
2021-03-25,Los Angeles,037,10098052,1188046,38922,1226968,23924
2021-03-25,Madera,039,155013,16083,870,16953,237
2021-03-25,Marin,041,260295,5182,133,5315,170
2021-03-25,Mariposa,043,17540,393,5,398,6
2021-03-25,Mendocino,045,87422,3747,74,3821,46
2021-03-25,Merced,047,269075,29663,965,30628,459
2021-03-25,Modoc,049,8938,350,118,468,4
2021-03-25,Mono,051,14174,1231,17,1248,3
2021-03-25,Monterey,053,433212,42471,1723,44194,570
2021-03-25,Napa,055,140530,9362,30,9392,77
2021-03-25,Nevada,057,99092,4286,175,4461,69
2021-03-25,Orange,059,3164182,250986,10585,261571,5128
2021-03-25,Placer,061,380077,21476,1215,22691,289
2021-03-25,Plumas,063,18699,668,10,678,5
2021-03-25,Riverside,065,2383286,289125,13486,302611,4499
2021-03-25,Sacramento,067,1510023,98500,1381,99881,1587
2021-03-25,San Benito,069,59416,5846,91,5937,58
2021-03-25,San Bernardino,071,2135413,288822,8655,297477,5127
2021-03-25,San Diego,073,3302833,270294,13432,283726,3680
2021-03-25,San Francisco,075,870044,35167,1171,36338,545
2021-03-25,San Joaquin,077,732212,69422,3037,72459,1374
2021-03-25,San Luis Obispo,079,281455,20438,611,21049,251
2021-03-25,San Mateo,081,765935,40630,427,41057,526
2021-03-25,Santa Barbara,083,443738,33272,1068,34340,445
2021-03-25,Santa Clara,085,1922200,113815,632,114447,1691
2021-03-25,Santa Cruz,087,273765,15797,784,16581,203
2021-03-25,Shasta,089,179085,11258,1326,12584,185
2021-03-25,Sierra,091,2930,55,12,67,0
2021-03-25,Siskiyou,093,43540,1567,251,1818,14
2021-03-25,Solano,095,438530,30764,400,31164,261
2021-03-25,Sonoma,097,501317,28986,257,29243,308
2021-03-25,Stanislaus,099,539301,52859,5499,58358,934
2021-03-25,Sutter,101,95872,9081,79,9160,121
2021-03-25,Tehama,103,63373,4762,500,5262,69
2021-03-25,Trinity,105,12862,476,80,556,4
2021-03-25,Tulare,107,460477,49211,8412,57623,852
2021-03-25,Tuolumne,109,53932,3912,39,3951,57
2021-03-25,Ventura,111,848112,79730,2835,82565,1007
2021-03-25,Yolo,113,214977,13288,167,13455,221
2021-03-25,Yuba,115,75493,5695,97,5792,43
2021-03-24,Alameda,001,1643700,83419,1751,85170,1196
2021-03-24,Alpine,002,1148,85,0,85,0
2021-03-24,Amador,005,37829,3548,31,3579,46
2021-03-24,Butte,007,227075,11623,1675,13298,192
2021-03-24,Calaveras,009,45235,1991,11,2002,50
2021-03-24,Colusa,011,21464,1890,271,2161,15
2021-03-24,Contra Costa,013,1133247,65472,1109,66581,780
2021-03-24,Del Norte,015,27424,1162,7,1169,5
2021-03-24,El Dorado,017,186661,9417,622,10039,110
2021-03-24,Fresno,019,978130,99459,8105,107564,1659
2021-03-24,Glenn,021,27897,2341,519,2860,25
2021-03-24,Humboldt,023,135768,3441,24,3465,33
2021-03-24,Imperial,025,180216,27567,2524,30091,732
2021-03-24,Inyo,027,18085,1373,9,1382,38
2021-03-24,Kern,029,883053,95246,10156,105402,1284
2021-03-24,Kings,031,150075,22738,1009,23747,244
2021-03-24,Lake,033,64148,3340,8,3348,58
2021-03-24,Lassen,035,31185,5140,99,5239,18
2021-03-24,Los Angeles,037,10098052,1187559,38889,1226448,23904
2021-03-24,Madera,039,155013,16074,869,16943,237
2021-03-24,Marin,041,260295,5168,131,5299,169
2021-03-24,Mariposa,043,17540,393,5,398,6
2021-03-24,Mendocino,045,87422,3744,74,3818,46
2021-03-24,Merced,047,269075,29622,965,30587,457
2021-03-24,Modoc,049,8938,349,118,467,4
2021-03-24,Mono,051,14174,1230,17,1247,3
2021-03-24,Monterey,053,433212,42449,1720,44169,569
2021-03-24,Napa,055,140530,9342,30,9372,77
2021-03-24,Nevada,057,99092,4271,174,4445,69
2021-03-24,Orange,059,3164182,250873,10567,261440,5122
2021-03-24,Placer,061,380077,21446,1207,22653,289
2021-03-24,Plumas,063,18699,666,10,676,5
2021-03-24,Riverside,065,2383286,289041,13483,302524,4498
2021-03-24,Sacramento,067,1510023,98325,1370,99695,1585
2021-03-24,San Benito,069,59416,5845,91,5936,58
2021-03-24,San Bernardino,071,2135413,288735,8653,297388,5122
2021-03-24,San Diego,073,3302833,270080,13404,283484,3678
2021-03-24,San Francisco,075,870044,35140,1168,36308,544
2021-03-24,San Joaquin,077,732212,69351,3025,72376,1374
2021-03-24,San Luis Obispo,079,281455,20408,610,21018,250
2021-03-24,San Mateo,081,765935,40580,427,41007,526
2021-03-24,Santa Barbara,083,443738,33244,1068,34312,445
2021-03-24,Santa Clara,085,1922200,113699,629,114328,1688
2021-03-24,Santa Cruz,087,273765,15783,783,16566,203
2021-03-24,Shasta,089,179085,11239,1324,12563,184
2021-03-24,Sierra,091,2930,55,12,67,0
2021-03-24,Siskiyou,093,43540,1565,251,1816,14
2021-03-24,Solano,095,438530,30727,399,31126,261
2021-03-24,Sonoma,097,501317,28966,253,29219,307
2021-03-24,Stanislaus,099,539301,52783,5490,58273,932
2021-03-24,Sutter,101,95872,9065,79,9144,121
2021-03-24,Tehama,103,63373,4756,499,5255,69
2021-03-24,Trinity,105,12862,475,80,555,4
2021-03-24,Tulare,107,460477,49200,8399,57599,851
2021-03-24,Tuolumne,109,53932,3910,39,3949,57
2021-03-24,Ventura,111,848112,79678,2828,82506,1005
2021-03-24,Yolo,113,214977,13276,167,13443,221
2021-03-24,Yuba,115,75493,5689,94,5783,43
2021-03-23,Alameda,001,1643700,83317,1747,85064,1195
2021-03-23,Alpine,002,1148,85,0,85,0
2021-03-23,Amador,005,37829,3542,31,3573,46
2021-03-23,Butte,007,227075,11611,1674,13285,192
2021-03-23,Calaveras,009,45235,1989,11,2000,50
2021-03-23,Colusa,011,21464,1888,270,2158,15
2021-03-23,Contra Costa,013,1133247,65372,1108,66480,780
2021-03-23,Del Norte,015,27424,1157,7,1164,5
2021-03-23,El Dorado,017,186661,9407,619,10026,110
2021-03-23,Fresno,019,978130,99344,8081,107425,1655
2021-03-23,Glenn,021,27897,2336,517,2853,25
2021-03-23,Humboldt,023,135768,3432,24,3456,33
2021-03-23,Imperial,025,180216,27559,2524,30083,731
2021-03-23,Inyo,027,18085,1371,9,1380,38
2021-03-23,Kern,029,883053,95139,10149,105288,1284
2021-03-23,Kings,031,150075,22727,1007,23734,244
2021-03-23,Lake,033,64148,3338,8,3346,58
2021-03-23,Lassen,035,31185,5140,99,5239,18
2021-03-23,Los Angeles,037,10098052,1187038,38852,1225890,23886
2021-03-23,Madera,039,155013,16058,868,16926,237
2021-03-23,Marin,041,260295,5145,129,5274,168
2021-03-23,Mariposa,043,17540,392,5,397,6
2021-03-23,Mendocino,045,87422,3742,74,3816,46
2021-03-23,Merced,047,269075,29589,965,30554,456
2021-03-23,Modoc,049,8938,348,118,466,4
2021-03-23,Mono,051,14174,1229,17,1246,3
2021-03-23,Monterey,053,433212,42438,1718,44156,566
2021-03-23,Napa,055,140530,9317,30,9347,77
2021-03-23,Nevada,057,99092,4252,173,4425,69
2021-03-23,Orange,059,3164182,250747,10549,261296,5117
2021-03-23,Placer,061,380077,21411,1203,22614,289
2021-03-23,Plumas,063,18699,666,10,676,5
2021-03-23,Riverside,065,2383286,288941,13477,302418,4493
2021-03-23,Sacramento,067,1510023,98133,1366,99499,1584
2021-03-23,San Benito,069,59416,5840,90,5930,58
2021-03-23,San Bernardino,071,2135413,288650,8645,297295,5118
2021-03-23,San Diego,073,3302833,269835,13372,283207,3673
2021-03-23,San Francisco,075,870044,35082,1163,36245,541
2021-03-23,San Joaquin,077,732212,69255,3007,72262,1374
2021-03-23,San Luis Obispo,079,281455,20368,609,20977,250
2021-03-23,San Mateo,081,765935,40524,426,40950,526
2021-03-23,Santa Barbara,083,443738,33206,1067,34273,445
2021-03-23,Santa Clara,085,1922200,113583,626,114209,1687
2021-03-23,Santa Cruz,087,273765,15768,783,16551,203
2021-03-23,Shasta,089,179085,11226,1323,12549,184
2021-03-23,Sierra,091,2930,55,12,67,0
2021-03-23,Siskiyou,093,43540,1560,249,1809,14
2021-03-23,Solano,095,438530,30686,398,31084,261
2021-03-23,Sonoma,097,501317,28929,252,29181,307
2021-03-23,Stanislaus,099,539301,52684,5483,58167,929
2021-03-23,Sutter,101,95872,9057,79,9136,121
2021-03-23,Tehama,103,63373,4747,498,5245,69
2021-03-23,Trinity,105,12862,475,80,555,4
2021-03-23,Tulare,107,460477,49173,8383,57556,851
2021-03-23,Tuolumne,109,53932,3907,39,3946,57
2021-03-23,Ventura,111,848112,79617,2825,82442,1004
2021-03-23,Yolo,113,214977,13265,167,13432,221
2021-03-23,Yuba,115,75493,5684,94,5778,43
2021-03-22,Alameda,001,1643700,83226,1742,84968,1192
2021-03-22,Alpine,002,1148,84,0,84,0
2021-03-22,Amador,005,37829,3534,31,3565,46
2021-03-22,Butte,007,227075,11602,1672,13274,192
2021-03-22,Calaveras,009,45235,1985,11,1996,50
2021-03-22,Colusa,011,21464,1886,270,2156,15
2021-03-22,Contra Costa,013,1133247,65277,1106,66383,780
2021-03-22,Del Norte,015,27424,1151,7,1158,5
2021-03-22,El Dorado,017,186661,9391,615,10006,110
2021-03-22,Fresno,019,978130,99247,8069,107316,1654
2021-03-22,Glenn,021,27897,2328,517,2845,24
2021-03-22,Humboldt,023,135768,3427,24,3451,33
2021-03-22,Imperial,025,180216,27544,2521,30065,731
2021-03-22,Inyo,027,18085,1368,9,1377,38
2021-03-22,Kern,029,883053,95068,10133,105201,1283
2021-03-22,Kings,031,150075,22714,1002,23716,243
2021-03-22,Lake,033,64148,3337,8,3345,58
2021-03-22,Lassen,035,31185,5138,99,5237,18
2021-03-22,Los Angeles,037,10098052,1186521,38822,1225343,23871
2021-03-22,Madera,039,155013,16043,868,16911,237
2021-03-22,Marin,041,260295,5136,128,5264,167
2021-03-22,Mariposa,043,17540,391,5,396,6
2021-03-22,Mendocino,045,87422,3740,74,3814,46
2021-03-22,Merced,047,269075,29546,962,30508,456
2021-03-22,Modoc,049,8938,346,118,464,4
2021-03-22,Mono,051,14174,1224,17,1241,3
2021-03-22,Monterey,053,433212,42422,1716,44138,565
2021-03-22,Napa,055,140530,9306,30,9336,77
2021-03-22,Nevada,057,99092,4242,169,4411,69
2021-03-22,Orange,059,3164182,250598,10515,261113,5113
2021-03-22,Placer,061,380077,21376,1198,22574,289
2021-03-22,Plumas,063,18699,666,10,676,5
2021-03-22,Riverside,065,2383286,288841,13466,302307,4490
2021-03-22,Sacramento,067,1510023,97955,1356,99311,1584
2021-03-22,San Benito,069,59416,5837,89,5926,58
2021-03-22,San Bernardino,071,2135413,288562,8633,297195,5117
2021-03-22,San Diego,073,3302833,269623,13352,282975,3672
2021-03-22,San Francisco,075,870044,35040,1159,36199,541
2021-03-22,San Joaquin,077,732212,69163,2990,72153,1374
2021-03-22,San Luis Obispo,079,281455,20344,608,20952,250
2021-03-22,San Mateo,081,765935,40473,425,40898,526
2021-03-22,Santa Barbara,083,443738,33161,1065,34226,444
2021-03-22,Santa Clara,085,1922200,113463,626,114089,1685
2021-03-22,Santa Cruz,087,273765,15756,782,16538,203
2021-03-22,Shasta,089,179085,11212,1322,12534,184
2021-03-22,Sierra,091,2930,55,12,67,0
2021-03-22,Siskiyou,093,43540,1559,248,1807,14
2021-03-22,Solano,095,438530,30646,395,31041,261
2021-03-22,Sonoma,097,501317,28900,248,29148,307
2021-03-22,Stanislaus,099,539301,52600,5478,58078,928
2021-03-22,Sutter,101,95872,9044,79,9123,121
2021-03-22,Tehama,103,63373,4739,498,5237,69
2021-03-22,Trinity,105,12862,475,80,555,4
2021-03-22,Tulare,107,460477,49158,8363,57521,851
2021-03-22,Tuolumne,109,53932,3904,39,3943,57
2021-03-22,Ventura,111,848112,79571,2822,82393,1002
2021-03-22,Yolo,113,214977,13253,166,13419,221
2021-03-22,Yuba,115,75493,5673,92,5765,43
2021-03-21,Alameda,001,1643700,83139,1739,84878,1191
2021-03-21,Alpine,002,1148,84,0,84,0
2021-03-21,Amador,005,37829,3530,31,3561,46
2021-03-21,Butte,007,227075,11586,1667,13253,191
2021-03-21,Calaveras,009,45235,1979,11,1990,50
2021-03-21,Colusa,011,21464,1886,270,2156,15
2021-03-21,Contra Costa,013,1133247,65195,1102,66297,780
2021-03-21,Del Norte,015,27424,1136,7,1143,5
2021-03-21,El Dorado,017,186661,9381,610,9991,110
2021-03-21,Fresno,019,978130,99133,8046,107179,1652
2021-03-21,Glenn,021,27897,2325,516,2841,24
2021-03-21,Humboldt,023,135768,3422,24,3446,33
2021-03-21,Imperial,025,180216,27527,2516,30043,731
2021-03-21,Inyo,027,18085,1368,9,1377,38
2021-03-21,Kern,029,883053,95002,10124,105126,1282
2021-03-21,Kings,031,150075,22697,1002,23699,242
2021-03-21,Lake,033,64148,3333,8,3341,58
2021-03-21,Lassen,035,31185,5138,99,5237,18
2021-03-21,Los Angeles,037,10098052,1185985,38775,1224760,23851
2021-03-21,Madera,039,155013,16023,866,16889,237
2021-03-21,Marin,041,260295,5120,127,5247,167
2021-03-21,Mariposa,043,17540,391,5,396,6
2021-03-21,Mendocino,045,87422,3737,74,3811,46
2021-03-21,Merced,047,269075,29486,956,30442,455
2021-03-21,Modoc,049,8938,346,118,464,4
2021-03-21,Mono,051,14174,1219,17,1236,3
2021-03-21,Monterey,053,433212,42397,1713,44110,565
2021-03-21,Napa,055,140530,9285,30,9315,77
2021-03-21,Nevada,057,99092,4229,169,4398,69
2021-03-21,Orange,059,3164182,250465,10488,260953,5107
2021-03-21,Placer,061,380077,21340,1190,22530,288
2021-03-21,Plumas,063,18699,666,10,676,5
2021-03-21,Riverside,065,2383286,288733,13455,302188,4489
2021-03-21,Sacramento,067,1510023,97761,1349,99110,1583
2021-03-21,San Benito,069,59416,5831,89,5920,58
2021-03-21,San Bernardino,071,2135413,288472,8627,297099,5112
2021-03-21,San Diego,073,3302833,269363,13326,282689,3669
2021-03-21,San Francisco,075,870044,34993,1153,36146,540
2021-03-21,San Joaquin,077,732212,69041,2972,72013,1374
2021-03-21,San Luis Obispo,079,281455,20312,606,20918,250
2021-03-21,San Mateo,081,765935,40428,424,40852,526
2021-03-21,Santa Barbara,083,443738,33122,1064,34186,444
2021-03-21,Santa Clara,085,1922200,113334,623,113957,1682
2021-03-21,Santa Cruz,087,273765,15749,782,16531,203
2021-03-21,Shasta,089,179085,11192,1321,12513,183
2021-03-21,Sierra,091,2930,55,12,67,0
2021-03-21,Siskiyou,093,43540,1559,247,1806,14
2021-03-21,Solano,095,438530,30607,392,30999,261
2021-03-21,Sonoma,097,501317,28871,247,29118,307
2021-03-21,Stanislaus,099,539301,52510,5476,57986,927
2021-03-21,Sutter,101,95872,9031,79,9110,121
2021-03-21,Tehama,103,63373,4735,498,5233,69
2021-03-21,Trinity,105,12862,473,80,553,4
2021-03-21,Tulare,107,460477,49142,8351,57493,851
2021-03-21,Tuolumne,109,53932,3902,39,3941,57
2021-03-21,Ventura,111,848112,79508,2817,82325,1000
2021-03-21,Yolo,113,214977,13231,166,13397,221
2021-03-21,Yuba,115,75493,5663,92,5755,43
2021-03-20,Alameda,001,1643700,83071,1737,84808,1190
2021-03-20,Alpine,002,1148,84,0,84,0
2021-03-20,Amador,005,37829,3528,31,3559,46
2021-03-20,Butte,007,227075,11580,1665,13245,191
2021-03-20,Calaveras,009,45235,1975,11,1986,50
2021-03-20,Colusa,011,21464,1886,270,2156,15
2021-03-20,Contra Costa,013,1133247,65135,1102,66237,779
2021-03-20,Del Norte,015,27424,1135,7,1142,5
2021-03-20,El Dorado,017,186661,9375,610,9985,110
2021-03-20,Fresno,019,978130,99073,8039,107112,1649
2021-03-20,Glenn,021,27897,2324,514,2838,24
2021-03-20,Humboldt,023,135768,3415,24,3439,33
2021-03-20,Imperial,025,180216,27521,2514,30035,730
2021-03-20,Inyo,027,18085,1368,9,1377,38
2021-03-20,Kern,029,883053,94973,10120,105093,1281
2021-03-20,Kings,031,150075,22692,1001,23693,242
2021-03-20,Lake,033,64148,3329,8,3337,58
2021-03-20,Lassen,035,31185,5138,99,5237,18
2021-03-20,Los Angeles,037,10098052,1185687,38751,1224438,23831
2021-03-20,Madera,039,155013,16015,865,16880,237
2021-03-20,Marin,041,260295,5108,123,5231,166
2021-03-20,Mariposa,043,17540,390,5,395,6
2021-03-20,Mendocino,045,87422,3736,74,3810,46
2021-03-20,Merced,047,269075,29455,953,30408,455
2021-03-20,Modoc,049,8938,345,118,463,4
2021-03-20,Mono,051,14174,1219,17,1236,3
2021-03-20,Monterey,053,433212,42388,1712,44100,565
2021-03-20,Napa,055,140530,9277,30,9307,77
2021-03-20,Nevada,057,99092,4218,168,4386,69
2021-03-20,Orange,059,3164182,250384,10478,260862,5104
2021-03-20,Placer,061,380077,21317,1188,22505,288
2021-03-20,Plumas,063,18699,663,10,673,5
2021-03-20,Riverside,065,2383286,288658,13451,302109,4489
2021-03-20,Sacramento,067,1510023,97650,1346,98996,1582
2021-03-20,San Benito,069,59416,5827,89,5916,58
2021-03-20,San Bernardino,071,2135413,288406,8623,297029,5112
2021-03-20,San Diego,073,3302833,269192,13319,282511,3667
2021-03-20,San Francisco,075,870044,34970,1146,36116,538
2021-03-20,San Joaquin,077,732212,69000,2965,71965,1371
2021-03-20,San Luis Obispo,079,281455,20296,600,20896,250
2021-03-20,San Mateo,081,765935,40394,423,40817,524
2021-03-20,Santa Barbara,083,443738,33097,1063,34160,444
2021-03-20,Santa Clara,085,1922200,113242,622,113864,1681
2021-03-20,Santa Cruz,087,273765,15733,782,16515,203
2021-03-20,Shasta,089,179085,11186,1321,12507,183
2021-03-20,Sierra,091,2930,55,12,67,0
2021-03-20,Siskiyou,093,43540,1559,247,1806,14
2021-03-20,Solano,095,438530,30577,391,30968,260
2021-03-20,Sonoma,097,501317,28856,247,29103,307
2021-03-20,Stanislaus,099,539301,52454,5469,57923,925
2021-03-20,Sutter,101,95872,9023,79,9102,120
2021-03-20,Tehama,103,63373,4730,496,5226,69
2021-03-20,Trinity,105,12862,472,80,552,4
2021-03-20,Tulare,107,460477,49127,8334,57461,849
2021-03-20,Tuolumne,109,53932,3899,39,3938,57
2021-03-20,Ventura,111,848112,79473,2815,82288,998
2021-03-20,Yolo,113,214977,13228,166,13394,220
2021-03-20,Yuba,115,75493,5660,91,5751,43
2021-03-19,Alameda,001,1643700,82999,1736,84735,1188
2021-03-19,Alpine,002,1148,83,0,83,0
2021-03-19,Amador,005,37829,3525,31,3556,46
2021-03-19,Butte,007,227075,11572,1662,13234,191
2021-03-19,Calaveras,009,45235,1974,11,1985,50
2021-03-19,Colusa,011,21464,1885,270,2155,15
2021-03-19,Contra Costa,013,1133247,65076,1099,66175,778
2021-03-19,Del Norte,015,27424,1129,5,1134,5
2021-03-19,El Dorado,017,186661,9366,610,9976,110
2021-03-19,Fresno,019,978130,98990,8026,107016,1648
2021-03-19,Glenn,021,27897,2324,514,2838,24
2021-03-19,Humboldt,023,135768,3406,24,3430,33
2021-03-19,Imperial,025,180216,27509,2511,30020,730
2021-03-19,Inyo,027,18085,1366,9,1375,38
2021-03-19,Kern,029,883053,94940,10107,105047,1276
2021-03-19,Kings,031,150075,22683,998,23681,241
2021-03-19,Lake,033,64148,3323,8,3331,58
2021-03-19,Lassen,035,31185,5138,99,5237,18
2021-03-19,Los Angeles,037,10098052,1185347,38734,1224081,23800
2021-03-19,Madera,039,155013,16008,864,16872,237
2021-03-19,Marin,041,260295,5096,123,5219,165
2021-03-19,Mariposa,043,17540,389,5,394,6
2021-03-19,Mendocino,045,87422,3735,74,3809,46
2021-03-19,Merced,047,269075,29428,951,30379,455
2021-03-19,Modoc,049,8938,345,118,463,4
2021-03-19,Mono,051,14174,1217,17,1234,3
2021-03-19,Monterey,053,433212,42379,1710,44089,565
2021-03-19,Napa,055,140530,9265,30,9295,77
2021-03-19,Nevada,057,99092,4207,168,4375,69
2021-03-19,Orange,059,3164182,250284,10469,260753,5100
2021-03-19,Placer,061,380077,21299,1186,22485,288
2021-03-19,Plumas,063,18699,663,10,673,5
2021-03-19,Riverside,065,2383286,288575,13446,302021,4483
2021-03-19,Sacramento,067,1510023,97547,1343,98890,1581
2021-03-19,San Benito,069,59416,5827,89,5916,58
2021-03-19,San Bernardino,071,2135413,288335,8621,296956,5105
2021-03-19,San Diego,073,3302833,269057,13309,282366,3661
2021-03-19,San Francisco,075,870044,34925,1143,36068,537
2021-03-19,San Joaquin,077,732212,68930,2951,71881,1370
2021-03-19,San Luis Obispo,079,281455,20276,598,20874,250
2021-03-19,San Mateo,081,765935,40370,423,40793,523
2021-03-19,Santa Barbara,083,443738,33067,1062,34129,443
2021-03-19,Santa Clara,085,1922200,113167,621,113788,1680
2021-03-19,Santa Cruz,087,273765,15726,782,16508,203
2021-03-19,Shasta,089,179085,11179,1319,12498,183
2021-03-19,Sierra,091,2930,54,12,66,0
2021-03-19,Siskiyou,093,43540,1559,246,1805,14
2021-03-19,Solano,095,438530,30547,389,30936,260
2021-03-19,Sonoma,097,501317,28835,245,29080,307
2021-03-19,Stanislaus,099,539301,52396,5466,57862,923
2021-03-19,Sutter,101,95872,9021,79,9100,120
2021-03-19,Tehama,103,63373,4723,496,5219,69
2021-03-19,Trinity,105,12862,472,80,552,4
2021-03-19,Tulare,107,460477,49104,8311,57415,848
2021-03-19,Tuolumne,109,53932,3896,39,3935,57
2021-03-19,Ventura,111,848112,79440,2811,82251,995
2021-03-19,Yolo,113,214977,13220,166,13386,219
2021-03-19,Yuba,115,75493,5657,90,5747,43
2021-03-18,Alameda,001,1643700,82918,1733,84651,1186
2021-03-18,Alpine,002,1148,83,0,83,0
2021-03-18,Amador,005,37829,3521,31,3552,46
2021-03-18,Butte,007,227075,11561,1660,13221,191
2021-03-18,Calaveras,009,45235,1972,11,1983,50
2021-03-18,Colusa,011,21464,1885,270,2155,15
2021-03-18,Contra Costa,013,1133247,65003,1096,66099,778
2021-03-18,Del Norte,015,27424,1120,5,1125,5
2021-03-18,El Dorado,017,186661,9353,609,9962,110
2021-03-18,Fresno,019,978130,98893,8011,106904,1645
2021-03-18,Glenn,021,27897,2320,513,2833,24
2021-03-18,Humboldt,023,135768,3398,24,3422,33
2021-03-18,Imperial,025,180216,27494,2506,30000,729
2021-03-18,Inyo,027,18085,1363,9,1372,37
2021-03-18,Kern,029,883053,94883,10093,104976,1274
2021-03-18,Kings,031,150075,22676,997,23673,241
2021-03-18,Lake,033,64148,3320,8,3328,58
2021-03-18,Lassen,035,31185,5137,99,5236,18
2021-03-18,Los Angeles,037,10098052,1184914,38706,1223620,23774
2021-03-18,Madera,039,155013,15996,861,16857,237
2021-03-18,Marin,041,260295,5078,122,5200,164
2021-03-18,Mariposa,043,17540,387,5,392,6
2021-03-18,Mendocino,045,87422,3725,74,3799,46
2021-03-18,Merced,047,269075,29393,951,30344,454
2021-03-18,Modoc,049,8938,345,118,463,4
2021-03-18,Mono,051,14174,1213,16,1229,3
2021-03-18,Monterey,053,433212,42367,1710,44077,565
2021-03-18,Napa,055,140530,9256,30,9286,77
2021-03-18,Nevada,057,99092,4200,168,4368,69
2021-03-18,Orange,059,3164182,250181,10457,260638,5099
2021-03-18,Placer,061,380077,21267,1183,22450,287
2021-03-18,Plumas,063,18699,661,10,671,5
2021-03-18,Riverside,065,2383286,288494,13439,301933,4482
2021-03-18,Sacramento,067,1510023,97399,1339,98738,1580
2021-03-18,San Benito,069,59416,5825,89,5914,58
2021-03-18,San Bernardino,071,2135413,288252,8591,296843,5101
2021-03-18,San Diego,073,3302833,268903,13299,282202,3658
2021-03-18,San Francisco,075,870044,34886,1142,36028,537
2021-03-18,San Joaquin,077,732212,68830,2939,71769,1367
2021-03-18,San Luis Obispo,079,281455,20247,597,20844,250
2021-03-18,San Mateo,081,765935,40329,423,40752,522
2021-03-18,Santa Barbara,083,443738,33026,1062,34088,443
2021-03-18,Santa Clara,085,1922200,113050,617,113667,1678
2021-03-18,Santa Cruz,087,273765,15716,782,16498,203
2021-03-18,Shasta,089,179085,11165,1317,12482,183
2021-03-18,Sierra,091,2930,54,12,66,0
2021-03-18,Siskiyou,093,43540,1556,245,1801,14
2021-03-18,Solano,095,438530,30505,386,30891,260
2021-03-18,Sonoma,097,501317,28814,243,29057,307
2021-03-18,Stanislaus,099,539301,52324,5462,57786,923
2021-03-18,Sutter,101,95872,9009,79,9088,120
2021-03-18,Tehama,103,63373,4717,495,5212,69
2021-03-18,Trinity,105,12862,472,80,552,4
2021-03-18,Tulare,107,460477,49085,8296,57381,848
2021-03-18,Tuolumne,109,53932,3895,39,3934,57
2021-03-18,Ventura,111,848112,79380,2811,82191,994
2021-03-18,Yolo,113,214977,13206,166,13372,219
2021-03-18,Yuba,115,75493,5653,90,5743,43
2021-03-17,Alameda,001,1643700,82842,1728,84570,1185
2021-03-17,Alpine,002,1148,83,0,83,0
2021-03-17,Amador,005,37829,3519,31,3550,45
2021-03-17,Butte,007,227075,11552,1658,13210,190
2021-03-17,Calaveras,009,45235,1969,11,1980,50
2021-03-17,Colusa,011,21464,1884,270,2154,15
2021-03-17,Contra Costa,013,1133247,64934,1095,66029,778
2021-03-17,Del Norte,015,27424,1116,5,1121,5
2021-03-17,El Dorado,017,186661,9343,609,9952,110
2021-03-17,Fresno,019,978130,98782,7993,106775,1643
2021-03-17,Glenn,021,27897,2313,512,2825,24
2021-03-17,Humboldt,023,135768,3390,24,3414,33
2021-03-17,Imperial,025,180216,27477,2503,29980,729
2021-03-17,Inyo,027,18085,1361,9,1370,37
2021-03-17,Kern,029,883053,94827,10080,104907,1272
2021-03-17,Kings,031,150075,22660,996,23656,240
2021-03-17,Lake,033,64148,3313,8,3321,58
2021-03-17,Lassen,035,31185,5136,99,5235,18
2021-03-17,Los Angeles,037,10098052,1184460,38673,1223133,23740
2021-03-17,Madera,039,155013,15989,861,16850,237
2021-03-17,Marin,041,260295,5061,121,5182,163
2021-03-17,Mariposa,043,17540,387,5,392,6
2021-03-17,Mendocino,045,87422,3721,74,3795,46
2021-03-17,Merced,047,269075,29365,947,30312,453
2021-03-17,Modoc,049,8938,345,118,463,4
2021-03-17,Mono,051,14174,1211,16,1227,3
2021-03-17,Monterey,053,433212,42349,1707,44056,565
2021-03-17,Napa,055,140530,9241,30,9271,77
2021-03-17,Nevada,057,99092,4190,168,4358,69
2021-03-17,Orange,059,3164182,250063,10429,260492,5094
2021-03-17,Placer,061,380077,21239,1182,22421,287
2021-03-17,Plumas,063,18699,660,10,670,5
2021-03-17,Riverside,065,2383286,288379,13431,301810,4479
2021-03-17,Sacramento,067,1510023,97271,1334,98605,1578
2021-03-17,San Benito,069,59416,5822,89,5911,58
2021-03-17,San Bernardino,071,2135413,288135,8586,296721,5096
2021-03-17,San Diego,073,3302833,268692,13281,281973,3656
2021-03-17,San Francisco,075,870044,34851,1141,35992,536
2021-03-17,San Joaquin,077,732212,68745,2923,71668,1367
2021-03-17,San Luis Obispo,079,281455,20224,593,20817,249
2021-03-17,San Mateo,081,765935,40299,422,40721,522
2021-03-17,Santa Barbara,083,443738,33004,1061,34065,442
2021-03-17,Santa Clara,085,1922200,112957,616,113573,1675
2021-03-17,Santa Cruz,087,273765,15708,782,16490,203
2021-03-17,Shasta,089,179085,11160,1314,12474,181
2021-03-17,Sierra,091,2930,54,12,66,0
2021-03-17,Siskiyou,093,43540,1555,244,1799,14
2021-03-17,Solano,095,438530,30479,384,30863,260
2021-03-17,Sonoma,097,501317,28790,242,29032,307
2021-03-17,Stanislaus,099,539301,52249,5455,57704,921
2021-03-17,Sutter,101,95872,8999,79,9078,120
2021-03-17,Tehama,103,63373,4712,495,5207,69
2021-03-17,Trinity,105,12862,472,80,552,4
2021-03-17,Tulare,107,460477,49065,8286,57351,845
2021-03-17,Tuolumne,109,53932,3892,39,3931,57
2021-03-17,Ventura,111,848112,79324,2808,82132,989
2021-03-17,Yolo,113,214977,13189,166,13355,219
2021-03-17,Yuba,115,75493,5650,90,5740,43
2021-03-16,Alameda,001,1643700,82731,1726,84457,1182
2021-03-16,Alpine,002,1148,83,0,83,0
2021-03-16,Amador,005,37829,3517,31,3548,45
2021-03-16,Butte,007,227075,11540,1657,13197,190
2021-03-16,Calaveras,009,45235,1964,11,1975,50
2021-03-16,Colusa,011,21464,1883,270,2153,15
2021-03-16,Contra Costa,013,1133247,64851,1092,65943,777
2021-03-16,Del Norte,015,27424,1108,5,1113,5
2021-03-16,El Dorado,017,186661,9328,609,9937,110
2021-03-16,Fresno,019,978130,98644,7973,106617,1640
2021-03-16,Glenn,021,27897,2305,508,2813,24
2021-03-16,Humboldt,023,135768,3386,24,3410,33
2021-03-16,Imperial,025,180216,27466,2500,29966,729
2021-03-16,Inyo,027,18085,1360,9,1369,37
2021-03-16,Kern,029,883053,94761,10065,104826,1267
2021-03-16,Kings,031,150075,22624,995,23619,240
2021-03-16,Lake,033,64148,3305,8,3313,57
2021-03-16,Lassen,035,31185,5135,99,5234,18
2021-03-16,Los Angeles,037,10098052,1183928,38634,1222562,23709
2021-03-16,Madera,039,155013,15973,859,16832,236
2021-03-16,Marin,041,260295,5043,121,5164,163
2021-03-16,Mariposa,043,17540,384,5,389,6
2021-03-16,Mendocino,045,87422,3716,74,3790,46
2021-03-16,Merced,047,269075,29312,946,30258,452
2021-03-16,Modoc,049,8938,345,118,463,4
2021-03-16,Mono,051,14174,1210,16,1226,3
2021-03-16,Monterey,053,433212,42330,1707,44037,565
2021-03-16,Napa,055,140530,9231,30,9261,77
2021-03-16,Nevada,057,99092,4181,167,4348,69
2021-03-16,Orange,059,3164182,249924,10410,260334,5089
2021-03-16,Placer,061,380077,21207,1178,22385,287
2021-03-16,Plumas,063,18699,659,10,669,5
2021-03-16,Riverside,065,2383286,288265,13419,301684,4475
2021-03-16,Sacramento,067,1510023,97128,1330,98458,1574
2021-03-16,San Benito,069,59416,5817,89,5906,58
2021-03-16,San Bernardino,071,2135413,288005,8579,296584,5091
2021-03-16,San Diego,073,3302833,268460,13268,281728,3653
2021-03-16,San Francisco,075,870044,34822,1136,35958,536
2021-03-16,San Joaquin,077,732212,68643,2911,71554,1364
2021-03-16,San Luis Obispo,079,281455,20194,591,20785,249
2021-03-16,San Mateo,081,765935,40265,420,40685,521
2021-03-16,Santa Barbara,083,443738,32972,1060,34032,440
2021-03-16,Santa Clara,085,1922200,112839,613,113452,1673
2021-03-16,Santa Cruz,087,273765,15702,782,16484,203
2021-03-16,Shasta,089,179085,11144,1312,12456,181
2021-03-16,Sierra,091,2930,53,12,65,0
2021-03-16,Siskiyou,093,43540,1552,244,1796,14
2021-03-16,Solano,095,438530,30445,382,30827,260
2021-03-16,Sonoma,097,501317,28757,240,28997,307
2021-03-16,Stanislaus,099,539301,52169,5448,57617,918
2021-03-16,Sutter,101,95872,8991,79,9070,120
2021-03-16,Tehama,103,63373,4709,494,5203,69
2021-03-16,Trinity,105,12862,472,79,551,4
2021-03-16,Tulare,107,460477,49017,8278,57295,844
2021-03-16,Tuolumne,109,53932,3889,39,3928,57
2021-03-16,Ventura,111,848112,79258,2801,82059,986
2021-03-16,Yolo,113,214977,13174,166,13340,219
2021-03-16,Yuba,115,75493,5647,89,5736,43
2021-03-15,Alameda,001,1643700,82642,1725,84367,1179
2021-03-15,Alpine,002,1148,83,0,83,0
2021-03-15,Amador,005,37829,3516,31,3547,45
2021-03-15,Butte,007,227075,11527,1653,13180,190
2021-03-15,Calaveras,009,45235,1963,11,1974,50
2021-03-15,Colusa,011,21464,1883,270,2153,15
2021-03-15,Contra Costa,013,1133247,64789,1091,65880,775
2021-03-15,Del Norte,015,27424,1105,5,1110,5
2021-03-15,El Dorado,017,186661,9322,609,9931,110
2021-03-15,Fresno,019,978130,98517,7958,106475,1638
2021-03-15,Glenn,021,27897,2300,505,2805,24
2021-03-15,Humboldt,023,135768,3380,24,3404,33
2021-03-15,Imperial,025,180216,27446,2497,29943,728
2021-03-15,Inyo,027,18085,1360,9,1369,37
2021-03-15,Kern,029,883053,94701,10058,104759,1264
2021-03-15,Kings,031,150075,22607,989,23596,240
2021-03-15,Lake,033,64148,3293,8,3301,57
2021-03-15,Lassen,035,31185,5135,99,5234,18
2021-03-15,Los Angeles,037,10098052,1183356,38603,1221959,23681
2021-03-15,Madera,039,155013,15962,857,16819,236
2021-03-15,Marin,041,260295,5037,120,5157,163
2021-03-15,Mariposa,043,17540,384,5,389,6
2021-03-15,Mendocino,045,87422,3712,74,3786,45
2021-03-15,Merced,047,269075,29274,944,30218,452
2021-03-15,Modoc,049,8938,345,118,463,4
2021-03-15,Mono,051,14174,1209,16,1225,3
2021-03-15,Monterey,053,433212,42301,1704,44005,565
2021-03-15,Napa,055,140530,9220,30,9250,77
2021-03-15,Nevada,057,99092,4176,166,4342,69
2021-03-15,Orange,059,3164182,249811,10391,260202,5087
2021-03-15,Placer,061,380077,21184,1178,22362,286
2021-03-15,Plumas,063,18699,659,10,669,5
2021-03-15,Riverside,065,2383286,288113,13409,301522,4474
2021-03-15,Sacramento,067,1510023,96975,1324,98299,1572
2021-03-15,San Benito,069,59416,5814,89,5903,58
2021-03-15,San Bernardino,071,2135413,287914,8571,296485,5085
2021-03-15,San Diego,073,3302833,268211,13252,281463,3646
2021-03-15,San Francisco,075,870044,34787,1132,35919,536
2021-03-15,San Joaquin,077,732212,68540,2899,71439,1363
2021-03-15,San Luis Obispo,079,281455,20163,587,20750,249
2021-03-15,San Mateo,081,765935,40211,420,40631,519
2021-03-15,Santa Barbara,083,443738,32949,1057,34006,439
2021-03-15,Santa Clara,085,1922200,112738,611,113349,1672
2021-03-15,Santa Cruz,087,273765,15696,781,16477,203
2021-03-15,Shasta,089,179085,11128,1307,12435,179
2021-03-15,Sierra,091,2930,53,12,65,0
2021-03-15,Siskiyou,093,43540,1552,244,1796,14
2021-03-15,Solano,095,438530,30416,381,30797,260
2021-03-15,Sonoma,097,501317,28739,237,28976,307
2021-03-15,Stanislaus,099,539301,52090,5441,57531,916
2021-03-15,Sutter,101,95872,8985,79,9064,119
2021-03-15,Tehama,103,63373,4694,493,5187,69
2021-03-15,Trinity,105,12862,472,79,551,4
2021-03-15,Tulare,107,460477,48987,8263,57250,844
2021-03-15,Tuolumne,109,53932,3887,38,3925,57
2021-03-15,Ventura,111,848112,79202,2800,82002,985
2021-03-15,Yolo,113,214977,13155,166,13321,217
2021-03-15,Yuba,115,75493,5642,88,5730,43
2021-03-14,Alameda,001,1643700,82557,1722,84279,1177
2021-03-14,Alpine,002,1148,83,0,83,0
2021-03-14,Amador,005,37829,3511,31,3542,45
2021-03-14,Butte,007,227075,11514,1649,13163,190
2021-03-14,Calaveras,009,45235,1959,11,1970,50
2021-03-14,Colusa,011,21464,1883,270,2153,15
2021-03-14,Contra Costa,013,1133247,64685,1090,65775,774
2021-03-14,Del Norte,015,27424,1091,5,1096,5
2021-03-14,El Dorado,017,186661,9312,609,9921,110
2021-03-14,Fresno,019,978130,98409,7940,106349,1636
2021-03-14,Glenn,021,27897,2295,502,2797,24
2021-03-14,Humboldt,023,135768,3366,24,3390,33
2021-03-14,Imperial,025,180216,27431,2492,29923,728
2021-03-14,Inyo,027,18085,1356,9,1365,37
2021-03-14,Kern,029,883053,94618,10040,104658,1264
2021-03-14,Kings,031,150075,22588,987,23575,239
2021-03-14,Lake,033,64148,3288,8,3296,57
2021-03-14,Lassen,035,31185,5133,99,5232,18
2021-03-14,Los Angeles,037,10098052,1182779,38573,1221352,23666
2021-03-14,Madera,039,155013,15937,857,16794,236
2021-03-14,Marin,041,260295,5021,118,5139,163
2021-03-14,Mariposa,043,17540,382,5,387,6
2021-03-14,Mendocino,045,87422,3707,74,3781,45
2021-03-14,Merced,047,269075,29206,940,30146,449
2021-03-14,Modoc,049,8938,345,118,463,4
2021-03-14,Mono,051,14174,1203,16,1219,3
2021-03-14,Monterey,053,433212,42277,1701,43978,565
2021-03-14,Napa,055,140530,9202,30,9232,77
2021-03-14,Nevada,057,99092,4170,164,4334,69
2021-03-14,Orange,059,3164182,249679,10372,260051,5079
2021-03-14,Placer,061,380077,21149,1170,22319,286
2021-03-14,Plumas,063,18699,657,10,667,5
2021-03-14,Riverside,065,2383286,287955,13401,301356,4470
2021-03-14,Sacramento,067,1510023,96797,1319,98116,1570
2021-03-14,San Benito,069,59416,5805,89,5894,58
2021-03-14,San Bernardino,071,2135413,287791,8560,296351,5083
2021-03-14,San Diego,073,3302833,267976,13239,281215,3641
2021-03-14,San Francisco,075,870044,34748,1129,35877,536
2021-03-14,San Joaquin,077,732212,68412,2882,71294,1361
2021-03-14,San Luis Obispo,079,281455,20135,585,20720,249
2021-03-14,San Mateo,081,765935,40172,420,40592,518
2021-03-14,Santa Barbara,083,443738,32905,1055,33960,439
2021-03-14,Santa Clara,085,1922200,112610,610,113220,1672
2021-03-14,Santa Cruz,087,273765,15680,779,16459,202
2021-03-14,Shasta,089,179085,11112,1300,12412,179
2021-03-14,Sierra,091,2930,53,12,65,0
2021-03-14,Siskiyou,093,43540,1549,244,1793,14
2021-03-14,Solano,095,438530,30384,376,30760,259
2021-03-14,Sonoma,097,501317,28704,233,28937,307
2021-03-14,Stanislaus,099,539301,51970,5433,57403,913
2021-03-14,Sutter,101,95872,8969,79,9048,119
2021-03-14,Tehama,103,63373,4687,492,5179,69
2021-03-14,Trinity,105,12862,471,78,549,4
2021-03-14,Tulare,107,460477,48954,8242,57196,842
2021-03-14,Tuolumne,109,53932,3885,38,3923,57
2021-03-14,Ventura,111,848112,79154,2794,81948,982
2021-03-14,Yolo,113,214977,13132,163,13295,217
2021-03-14,Yuba,115,75493,5632,88,5720,43
2021-03-13,Alameda,001,1643700,82497,1722,84219,1176
2021-03-13,Alpine,002,1148,83,0,83,0
2021-03-13,Amador,005,37829,3508,31,3539,45
2021-03-13,Butte,007,227075,11505,1648,13153,190
2021-03-13,Calaveras,009,45235,1958,11,1969,50
2021-03-13,Colusa,011,21464,1883,270,2153,15
2021-03-13,Contra Costa,013,1133247,64624,1090,65714,773
2021-03-13,Del Norte,015,27424,1087,5,1092,5
2021-03-13,El Dorado,017,186661,9304,609,9913,110
2021-03-13,Fresno,019,978130,98350,7920,106270,1635
2021-03-13,Glenn,021,27897,2294,501,2795,24
2021-03-13,Humboldt,023,135768,3359,24,3383,33
2021-03-13,Imperial,025,180216,27425,2488,29913,728
2021-03-13,Inyo,027,18085,1355,9,1364,37
2021-03-13,Kern,029,883053,94579,10034,104613,1263
2021-03-13,Kings,031,150075,22572,986,23558,239
2021-03-13,Lake,033,64148,3281,7,3288,57
2021-03-13,Lassen,035,31185,5133,99,5232,18
2021-03-13,Los Angeles,037,10098052,1182461,38531,1220992,23640
2021-03-13,Madera,039,155013,15925,857,16782,236
2021-03-13,Marin,041,260295,5015,116,5131,163
2021-03-13,Mariposa,043,17540,381,5,386,6
2021-03-13,Mendocino,045,87422,3703,74,3777,45
2021-03-13,Merced,047,269075,29175,940,30115,449
2021-03-13,Modoc,049,8938,345,117,462,4
2021-03-13,Mono,051,14174,1203,16,1219,3
2021-03-13,Monterey,053,433212,42267,1699,43966,564
2021-03-13,Napa,055,140530,9196,30,9226,77
2021-03-13,Nevada,057,99092,4163,163,4326,69
2021-03-13,Orange,059,3164182,249598,10356,259954,5072
2021-03-13,Placer,061,380077,21128,1167,22295,285
2021-03-13,Plumas,063,18699,655,10,665,5
2021-03-13,Riverside,065,2383286,287863,13393,301256,4465
2021-03-13,Sacramento,067,1510023,96710,1317,98027,1567
2021-03-13,San Benito,069,59416,5802,89,5891,58
2021-03-13,San Bernardino,071,2135413,287737,8554,296291,5082
2021-03-13,San Diego,073,3302833,267821,13225,281046,3635
2021-03-13,San Francisco,075,870044,34731,1120,35851,535
2021-03-13,San Joaquin,077,732212,68356,2860,71216,1358
2021-03-13,San Luis Obispo,079,281455,20117,584,20701,249
2021-03-13,San Mateo,081,765935,40145,419,40564,518
2021-03-13,Santa Barbara,083,443738,32880,1054,33934,439
2021-03-13,Santa Clara,085,1922200,112525,609,113134,1671
2021-03-13,Santa Cruz,087,273765,15673,779,16452,202
2021-03-13,Shasta,089,179085,11104,1297,12401,179
2021-03-13,Sierra,091,2930,52,12,64,0
2021-03-13,Siskiyou,093,43540,1547,244,1791,14
2021-03-13,Solano,095,438530,30367,376,30743,259
2021-03-13,Sonoma,097,501317,28684,229,28913,307
2021-03-13,Stanislaus,099,539301,51919,5429,57348,913
2021-03-13,Sutter,101,95872,8962,79,9041,119
2021-03-13,Tehama,103,63373,4685,492,5177,69
2021-03-13,Trinity,105,12862,471,78,549,4
2021-03-13,Tulare,107,460477,48928,8234,57162,842
2021-03-13,Tuolumne,109,53932,3882,38,3920,57
2021-03-13,Ventura,111,848112,79102,2794,81896,979
2021-03-13,Yolo,113,214977,13123,163,13286,217
2021-03-13,Yuba,115,75493,5631,88,5719,43
2021-03-12,Alameda,001,1643700,82419,1721,84140,1171
2021-03-12,Alpine,002,1148,83,0,83,0
2021-03-12,Amador,005,37829,3505,31,3536,45
2021-03-12,Butte,007,227075,11495,1646,13141,188
2021-03-12,Calaveras,009,45235,1958,11,1969,50
2021-03-12,Colusa,011,21464,1883,270,2153,15
2021-03-12,Contra Costa,013,1133247,64548,1090,65638,773
2021-03-12,Del Norte,015,27424,1081,5,1086,5
2021-03-12,El Dorado,017,186661,9295,609,9904,110
2021-03-12,Fresno,019,978130,98253,7909,106162,1633
2021-03-12,Glenn,021,27897,2293,500,2793,24
2021-03-12,Humboldt,023,135768,3354,24,3378,33
2021-03-12,Imperial,025,180216,27414,2486,29900,728
2021-03-12,Inyo,027,18085,1353,9,1362,37
2021-03-12,Kern,029,883053,94545,10018,104563,1258
2021-03-12,Kings,031,150075,22553,986,23539,238
2021-03-12,Lake,033,64148,3275,6,3281,57
2021-03-12,Lassen,035,31185,5133,98,5231,18
2021-03-12,Los Angeles,037,10098052,1182066,38514,1220580,23603
2021-03-12,Madera,039,155013,15913,854,16767,235
2021-03-12,Marin,041,260295,5008,116,5124,163
2021-03-12,Mariposa,043,17540,379,5,384,6
2021-03-12,Mendocino,045,87422,3700,74,3774,45
2021-03-12,Merced,047,269075,29144,940,30084,447
2021-03-12,Modoc,049,8938,345,117,462,4
2021-03-12,Mono,051,14174,1202,16,1218,3
2021-03-12,Monterey,053,433212,42253,1694,43947,564
2021-03-12,Napa,055,140530,9187,30,9217,77
2021-03-12,Nevada,057,99092,4153,163,4316,69
2021-03-12,Orange,059,3164182,249506,10345,259851,5067
2021-03-12,Placer,061,380077,21095,1162,22257,285
2021-03-12,Plumas,063,18699,654,10,664,5
2021-03-12,Riverside,065,2383286,287764,13386,301150,4463
2021-03-12,Sacramento,067,1510023,96586,1311,97897,1563
2021-03-12,San Benito,069,59416,5799,89,5888,58
2021-03-12,San Bernardino,071,2135413,287681,8549,296230,5078
2021-03-12,San Diego,073,3302833,267658,13217,280875,3633
2021-03-12,San Francisco,075,870044,34711,1117,35828,535
2021-03-12,San Joaquin,077,732212,68285,2851,71136,1358
2021-03-12,San Luis Obispo,079,281455,20104,582,20686,249
2021-03-12,San Mateo,081,765935,40109,417,40526,518
2021-03-12,Santa Barbara,083,443738,32857,1051,33908,439
2021-03-12,Santa Clara,085,1922200,112430,608,113038,1670
2021-03-12,Santa Cruz,087,273765,15661,777,16438,202
2021-03-12,Shasta,089,179085,11095,1295,12390,179
2021-03-12,Sierra,091,2930,52,12,64,0
2021-03-12,Siskiyou,093,43540,1547,243,1790,14
2021-03-12,Solano,095,438530,30348,375,30723,259
2021-03-12,Sonoma,097,501317,28657,229,28886,307
2021-03-12,Stanislaus,099,539301,51860,5423,57283,913
2021-03-12,Sutter,101,95872,8956,79,9035,119
2021-03-12,Tehama,103,63373,4681,491,5172,69
2021-03-12,Trinity,105,12862,470,78,548,4
2021-03-12,Tulare,107,460477,48903,8228,57131,841
2021-03-12,Tuolumne,109,53932,3881,38,3919,57
2021-03-12,Ventura,111,848112,79056,2790,81846,977
2021-03-12,Yolo,113,214977,13113,156,13269,216
2021-03-12,Yuba,115,75493,5624,87,5711,43
2021-03-11,Alameda,001,1643700,82328,1716,84044,1170
2021-03-11,Alpine,002,1148,83,0,83,0
2021-03-11,Amador,005,37829,3504,31,3535,45
2021-03-11,Butte,007,227075,11484,1644,13128,186
2021-03-11,Calaveras,009,45235,1955,11,1966,50
2021-03-11,Colusa,011,21464,1883,270,2153,15
2021-03-11,Contra Costa,013,1133247,64475,1088,65563,773
2021-03-11,Del Norte,015,27424,1076,5,1081,5
2021-03-11,El Dorado,017,186661,9281,609,9890,110
2021-03-11,Fresno,019,978130,98137,7880,106017,1633
2021-03-11,Glenn,021,27897,2290,500,2790,24
2021-03-11,Humboldt,023,135768,3337,24,3361,33
2021-03-11,Imperial,025,180216,27406,2483,29889,728
2021-03-11,Inyo,027,18085,1348,9,1357,37
2021-03-11,Kern,029,883053,94489,9979,104468,1255
2021-03-11,Kings,031,150075,22538,983,23521,238
2021-03-11,Lake,033,64148,3271,6,3277,57
2021-03-11,Lassen,035,31185,5132,98,5230,18
2021-03-11,Los Angeles,037,10098052,1181533,38483,1220016,23564
2021-03-11,Madera,039,155013,15902,852,16754,234
2021-03-11,Marin,041,260295,4996,115,5111,163
2021-03-11,Mariposa,043,17540,379,5,384,6
2021-03-11,Mendocino,045,87422,3693,74,3767,45
2021-03-11,Merced,047,269075,29096,939,30035,445
2021-03-11,Modoc,049,8938,345,117,462,4
2021-03-11,Mono,051,14174,1201,16,1217,3
2021-03-11,Monterey,053,433212,42230,1688,43918,562
2021-03-11,Napa,055,140530,9174,30,9204,77
2021-03-11,Nevada,057,99092,4141,161,4302,69
2021-03-11,Orange,059,3164182,249368,10328,259696,5063
2021-03-11,Placer,061,380077,21053,1158,22211,285
2021-03-11,Plumas,063,18699,653,10,663,5
2021-03-11,Riverside,065,2383286,287593,13373,300966,4454
2021-03-11,Sacramento,067,1510023,96445,1308,97753,1561
2021-03-11,San Benito,069,59416,5796,89,5885,58
2021-03-11,San Bernardino,071,2135413,287585,8543,296128,5073
2021-03-11,San Diego,073,3302833,267493,13201,280694,3632
2021-03-11,San Francisco,075,870044,34675,1111,35786,535
2021-03-11,San Joaquin,077,732212,68173,2843,71016,1358
2021-03-11,San Luis Obispo,079,281455,20079,581,20660,249
2021-03-11,San Mateo,081,765935,40072,416,40488,517
2021-03-11,Santa Barbara,083,443738,32829,1046,33875,439
2021-03-11,Santa Clara,085,1922200,112301,605,112906,1666
2021-03-11,Santa Cruz,087,273765,15649,776,16425,201
2021-03-11,Shasta,089,179085,11085,1290,12375,179
2021-03-11,Sierra,091,2930,52,12,64,0
2021-03-11,Siskiyou,093,43540,1544,242,1786,12
2021-03-11,Solano,095,438530,30320,374,30694,259
2021-03-11,Sonoma,097,501317,28628,229,28857,307
2021-03-11,Stanislaus,099,539301,51775,5415,57190,913
2021-03-11,Sutter,101,95872,8950,79,9029,118
2021-03-11,Tehama,103,63373,4673,491,5164,69
2021-03-11,Trinity,105,12862,469,77,546,4
2021-03-11,Tulare,107,460477,48866,8217,57083,838
2021-03-11,Tuolumne,109,53932,3879,38,3917,57
2021-03-11,Ventura,111,848112,79006,2786,81792,975
2021-03-11,Yolo,113,214977,13095,155,13250,215
2021-03-11,Yuba,115,75493,5620,87,5707,43
2021-03-10,Alameda,001,1643700,82222,1711,83933,1170
2021-03-10,Alpine,002,1148,82,0,82,0
2021-03-10,Amador,005,37829,3502,31,3533,44
2021-03-10,Butte,007,227075,11474,1644,13118,185
2021-03-10,Calaveras,009,45235,1949,11,1960,50
2021-03-10,Colusa,011,21464,1883,270,2153,15
2021-03-10,Contra Costa,013,1133247,64375,1084,65459,769
2021-03-10,Del Norte,015,27424,1074,5,1079,5
2021-03-10,El Dorado,017,186661,9268,609,9877,110
2021-03-10,Fresno,019,978130,98030,7864,105894,1632
2021-03-10,Glenn,021,27897,2287,498,2785,23
2021-03-10,Humboldt,023,135768,3327,23,3350,33
2021-03-10,Imperial,025,180216,27391,2483,29874,727
2021-03-10,Inyo,027,18085,1348,9,1357,37
2021-03-10,Kern,029,883053,94423,9958,104381,1252
2021-03-10,Kings,031,150075,22519,982,23501,238
2021-03-10,Lake,033,64148,3261,6,3267,57
2021-03-10,Lassen,035,31185,5132,98,5230,18
2021-03-10,Los Angeles,037,10098052,1180986,38458,1219444,23536
2021-03-10,Madera,039,155013,15881,849,16730,234
2021-03-10,Marin,041,260295,4986,114,5100,163
2021-03-10,Mariposa,043,17540,379,5,384,6
2021-03-10,Mendocino,045,87422,3688,74,3762,45
2021-03-10,Merced,047,269075,29058,936,29994,442
2021-03-10,Modoc,049,8938,344,117,461,4
2021-03-10,Mono,051,14174,1197,16,1213,3
2021-03-10,Monterey,053,433212,42208,1684,43892,561
2021-03-10,Napa,055,140530,9165,30,9195,77
2021-03-10,Nevada,057,99092,4137,161,4298,69
2021-03-10,Orange,059,3164182,249219,10313,259532,5053
2021-03-10,Placer,061,380077,21019,1152,22171,285
2021-03-10,Plumas,063,18699,652,10,662,5
2021-03-10,Riverside,065,2383286,287452,13359,300811,4446
2021-03-10,Sacramento,067,1510023,96315,1302,97617,1561
2021-03-10,San Benito,069,59416,5787,89,5876,58
2021-03-10,San Bernardino,071,2135413,287492,8537,296029,5069
2021-03-10,San Diego,073,3302833,267271,13189,280460,3625
2021-03-10,San Francisco,075,870044,34640,1103,35743,534
2021-03-10,San Joaquin,077,732212,68071,2826,70897,1357
2021-03-10,San Luis Obispo,079,281455,20055,577,20632,249
2021-03-10,San Mateo,081,765935,40048,416,40464,517
2021-03-10,Santa Barbara,083,443738,32802,1043,33845,439
2021-03-10,Santa Clara,085,1922200,112192,601,112793,1661
2021-03-10,Santa Cruz,087,273765,15634,775,16409,201
2021-03-10,Shasta,089,179085,11075,1287,12362,178
2021-03-10,Sierra,091,2930,52,12,64,0
2021-03-10,Siskiyou,093,43540,1542,242,1784,12
2021-03-10,Solano,095,438530,30290,373,30663,259
2021-03-10,Sonoma,097,501317,28593,228,28821,307
2021-03-10,Stanislaus,099,539301,51688,5396,57084,911
2021-03-10,Sutter,101,95872,8939,79,9018,117
2021-03-10,Tehama,103,63373,4662,490,5152,69
2021-03-10,Trinity,105,12862,469,77,546,4
2021-03-10,Tulare,107,460477,48818,8199,57017,838
2021-03-10,Tuolumne,109,53932,3878,38,3916,57
2021-03-10,Ventura,111,848112,78929,2784,81713,974
2021-03-10,Yolo,113,214977,13071,155,13226,215
2021-03-10,Yuba,115,75493,5607,86,5693,43
2021-03-09,Alameda,001,1643700,82135,1711,83846,1169
2021-03-09,Alpine,002,1148,82,0,82,0
2021-03-09,Amador,005,37829,3500,31,3531,44
2021-03-09,Butte,007,227075,11461,1643,13104,185
2021-03-09,Calaveras,009,45235,1947,11,1958,50
2021-03-09,Colusa,011,21464,1883,270,2153,15
2021-03-09,Contra Costa,013,1133247,64285,1082,65367,769
2021-03-09,Del Norte,015,27424,1066,5,1071,5
2021-03-09,El Dorado,017,186661,9260,609,9869,109
2021-03-09,Fresno,019,978130,97911,7838,105749,1630
2021-03-09,Glenn,021,27897,2283,496,2779,23
2021-03-09,Humboldt,023,135768,3315,22,3337,33
2021-03-09,Imperial,025,180216,27381,2479,29860,727
2021-03-09,Inyo,027,18085,1346,9,1355,37
2021-03-09,Kern,029,883053,94344,9940,104284,1252
2021-03-09,Kings,031,150075,22494,980,23474,238
2021-03-09,Lake,033,64148,3255,6,3261,57
2021-03-09,Lassen,035,31185,5132,98,5230,18
2021-03-09,Los Angeles,037,10098052,1180389,38425,1218814,23502
2021-03-09,Madera,039,155013,15870,847,16717,233
2021-03-09,Marin,041,260295,4968,112,5080,163
2021-03-09,Mariposa,043,17540,379,5,384,6
2021-03-09,Mendocino,045,87422,3684,74,3758,44
2021-03-09,Merced,047,269075,28998,933,29931,442
2021-03-09,Modoc,049,8938,344,116,460,4
2021-03-09,Mono,051,14174,1196,16,1212,3
2021-03-09,Monterey,053,433212,42189,1676,43865,560
2021-03-09,Napa,055,140530,9151,30,9181,76
2021-03-09,Nevada,057,99092,4129,161,4290,69
2021-03-09,Orange,059,3164182,249077,10294,259371,5046
2021-03-09,Placer,061,380077,20977,1147,22124,285
2021-03-09,Plumas,063,18699,649,10,659,5
2021-03-09,Riverside,065,2383286,287319,13355,300674,4438
2021-03-09,Sacramento,067,1510023,96148,1296,97444,1559
2021-03-09,San Benito,069,59416,5783,89,5872,58
2021-03-09,San Bernardino,071,2135413,287377,8531,295908,5063
2021-03-09,San Diego,073,3302833,267039,13168,280207,3622
2021-03-09,San Francisco,075,870044,34609,1099,35708,533
2021-03-09,San Joaquin,077,732212,67944,2816,70760,1353
2021-03-09,San Luis Obispo,079,281455,20038,570,20608,248
2021-03-09,San Mateo,081,765935,40000,414,40414,517
2021-03-09,Santa Barbara,083,443738,32761,1041,33802,437
2021-03-09,Santa Clara,085,1922200,112081,596,112677,1656
2021-03-09,Santa Cruz,087,273765,15612,774,16386,200
2021-03-09,Shasta,089,179085,11068,1282,12350,177
2021-03-09,Sierra,091,2930,52,12,64,0
2021-03-09,Siskiyou,093,43540,1538,240,1778,12
2021-03-09,Solano,095,438530,30254,371,30625,259
2021-03-09,Sonoma,097,501317,28543,225,28768,307
2021-03-09,Stanislaus,099,539301,51589,5387,56976,908
2021-03-09,Sutter,101,95872,8926,79,9005,116
2021-03-09,Tehama,103,63373,4657,490,5147,69
2021-03-09,Trinity,105,12862,469,77,546,4
2021-03-09,Tulare,107,460477,48791,8180,56971,838
2021-03-09,Tuolumne,109,53932,3876,38,3914,57
2021-03-09,Ventura,111,848112,78866,2782,81648,972
2021-03-09,Yolo,113,214977,13059,153,13212,215
2021-03-09,Yuba,115,75493,5600,86,5686,43
2021-03-08,Alameda,001,1643700,82024,1710,83734,1168
2021-03-08,Alpine,002,1148,82,0,82,0
2021-03-08,Amador,005,37829,3497,31,3528,43
2021-03-08,Butte,007,227075,11448,1642,13090,184
2021-03-08,Calaveras,009,45235,1943,11,1954,50
2021-03-08,Colusa,011,21464,1883,270,2153,15
2021-03-08,Contra Costa,013,1133247,64189,1082,65271,767
2021-03-08,Del Norte,015,27424,1061,5,1066,5
2021-03-08,El Dorado,017,186661,9257,608,9865,109
2021-03-08,Fresno,019,978130,97812,7817,105629,1627
2021-03-08,Glenn,021,27897,2282,496,2778,23
2021-03-08,Humboldt,023,135768,3301,22,3323,33
2021-03-08,Imperial,025,180216,27373,2476,29849,727
2021-03-08,Inyo,027,18085,1344,9,1353,37
2021-03-08,Kern,029,883053,94278,9920,104198,1250
2021-03-08,Kings,031,150075,22473,978,23451,238
2021-03-08,Lake,033,64148,3243,6,3249,57
2021-03-08,Lassen,035,31185,5132,98,5230,18
2021-03-08,Los Angeles,037,10098052,1179768,38394,1218162,23468
2021-03-08,Madera,039,155013,15860,845,16705,232
2021-03-08,Marin,041,260295,4948,110,5058,163
2021-03-08,Mariposa,043,17540,379,5,384,6
2021-03-08,Mendocino,045,87422,3682,73,3755,44
2021-03-08,Merced,047,269075,28938,932,29870,439
2021-03-08,Modoc,049,8938,344,116,460,4
2021-03-08,Mono,051,14174,1195,16,1211,3
2021-03-08,Monterey,053,433212,42168,1675,43843,560
2021-03-08,Napa,055,140530,9148,30,9178,76
2021-03-08,Nevada,057,99092,4121,161,4282,69
2021-03-08,Orange,059,3164182,248904,10263,259167,5036
2021-03-08,Placer,061,380077,20942,1136,22078,285
2021-03-08,Plumas,063,18699,648,10,658,5
2021-03-08,Riverside,065,2383286,287167,13345,300512,4431
2021-03-08,Sacramento,067,1510023,95979,1291,97270,1557
2021-03-08,San Benito,069,59416,5780,89,5869,58
2021-03-08,San Bernardino,071,2135413,287266,8524,295790,5058
2021-03-08,San Diego,073,3302833,266798,13153,279951,3615
2021-03-08,San Francisco,075,870044,34583,1095,35678,532
2021-03-08,San Joaquin,077,732212,67828,2807,70635,1350
2021-03-08,San Luis Obispo,079,281455,19995,567,20562,248
2021-03-08,San Mateo,081,765935,39951,412,40363,517
2021-03-08,Santa Barbara,083,443738,32729,1041,33770,437
2021-03-08,Santa Clara,085,1922200,111953,594,112547,1653
2021-03-08,Santa Cruz,087,273765,15592,774,16366,199
2021-03-08,Shasta,089,179085,11060,1277,12337,176
2021-03-08,Sierra,091,2930,52,12,64,0
2021-03-08,Siskiyou,093,43540,1537,240,1777,12
2021-03-08,Solano,095,438530,30214,369,30583,259
2021-03-08,Sonoma,097,501317,28499,224,28723,307
2021-03-08,Stanislaus,099,539301,51510,5382,56892,906
2021-03-08,Sutter,101,95872,8923,79,9002,116
2021-03-08,Tehama,103,63373,4653,490,5143,69
2021-03-08,Trinity,105,12862,468,77,545,4
2021-03-08,Tulare,107,460477,48750,8155,56905,837
2021-03-08,Tuolumne,109,53932,3875,38,3913,56
2021-03-08,Ventura,111,848112,78793,2774,81567,972
2021-03-08,Yolo,113,214977,13036,153,13189,214
2021-03-08,Yuba,115,75493,5590,86,5676,42
2021-03-07,Alameda,001,1643700,81904,1709,83613,1166
2021-03-07,Alpine,002,1148,82,0,82,0
2021-03-07,Amador,005,37829,3494,31,3525,43
2021-03-07,Butte,007,227075,11432,1641,13073,184
2021-03-07,Calaveras,009,45235,1939,11,1950,50
2021-03-07,Colusa,011,21464,1883,270,2153,15
2021-03-07,Contra Costa,013,1133247,64090,1080,65170,765
2021-03-07,Del Norte,015,27424,1056,5,1061,5
2021-03-07,El Dorado,017,186661,9254,607,9861,109
2021-03-07,Fresno,019,978130,97634,7795,105429,1624
2021-03-07,Glenn,021,27897,2280,496,2776,23
2021-03-07,Humboldt,023,135768,3291,22,3313,33
2021-03-07,Imperial,025,180216,27364,2474,29838,727
2021-03-07,Inyo,027,18085,1341,9,1350,37
2021-03-07,Kern,029,883053,94191,9890,104081,1247
2021-03-07,Kings,031,150075,22451,978,23429,238
2021-03-07,Lake,033,64148,3237,6,3243,57
2021-03-07,Lassen,035,31185,5131,98,5229,18
2021-03-07,Los Angeles,037,10098052,1179041,38361,1217402,23431
2021-03-07,Madera,039,155013,15841,845,16686,232
2021-03-07,Marin,041,260295,4940,108,5048,163
2021-03-07,Mariposa,043,17540,378,5,383,6
2021-03-07,Mendocino,045,87422,3678,73,3751,44
2021-03-07,Merced,047,269075,28864,928,29792,438
2021-03-07,Modoc,049,8938,344,116,460,4
2021-03-07,Mono,051,14174,1193,16,1209,3
2021-03-07,Monterey,053,433212,42147,1672,43819,560
2021-03-07,Napa,055,140530,9138,30,9168,76
2021-03-07,Nevada,057,99092,4107,160,4267,69
2021-03-07,Orange,059,3164182,248712,10236,258948,5029
2021-03-07,Placer,061,380077,20901,1132,22033,285
2021-03-07,Plumas,063,18699,647,10,657,5
2021-03-07,Riverside,065,2383286,287019,13336,300355,4423
2021-03-07,Sacramento,067,1510023,95802,1285,97087,1554
2021-03-07,San Benito,069,59416,5773,89,5862,58
2021-03-07,San Bernardino,071,2135413,287115,8519,295634,5047
2021-03-07,San Diego,073,3302833,266517,13129,279646,3610
2021-03-07,San Francisco,075,870044,34549,1090,35639,532
2021-03-07,San Joaquin,077,732212,67692,2794,70486,1346
2021-03-07,San Luis Obispo,079,281455,19958,565,20523,248
2021-03-07,San Mateo,081,765935,39911,409,40320,517
2021-03-07,Santa Barbara,083,443738,32683,1040,33723,437
2021-03-07,Santa Clara,085,1922200,111808,590,112398,1650
2021-03-07,Santa Cruz,087,273765,15570,773,16343,199
2021-03-07,Shasta,089,179085,11047,1269,12316,176
2021-03-07,Sierra,091,2930,51,12,63,0
2021-03-07,Siskiyou,093,43540,1536,236,1772,12
2021-03-07,Solano,095,438530,30177,369,30546,258
2021-03-07,Sonoma,097,501317,28450,222,28672,307
2021-03-07,Stanislaus,099,539301,51378,5366,56744,902
2021-03-07,Sutter,101,95872,8913,79,8992,116
2021-03-07,Tehama,103,63373,4646,489,5135,68
2021-03-07,Trinity,105,12862,468,77,545,4
2021-03-07,Tulare,107,460477,48691,8124,56815,837
2021-03-07,Tuolumne,109,53932,3874,37,3911,56
2021-03-07,Ventura,111,848112,78701,2772,81473,969
2021-03-07,Yolo,113,214977,13017,153,13170,213
2021-03-07,Yuba,115,75493,5585,86,5671,42
2021-03-06,Alameda,001,1643700,81847,1708,83555,1165
2021-03-06,Alpine,002,1148,82,0,82,0
2021-03-06,Amador,005,37829,3490,31,3521,43
2021-03-06,Butte,007,227075,11427,1640,13067,184
2021-03-06,Calaveras,009,45235,1935,11,1946,50
2021-03-06,Colusa,011,21464,1881,270,2151,15
2021-03-06,Contra Costa,013,1133247,64028,1076,65104,765
2021-03-06,Del Norte,015,27424,1051,5,1056,5
2021-03-06,El Dorado,017,186661,9250,607,9857,109
2021-03-06,Fresno,019,978130,97538,7784,105322,1620
2021-03-06,Glenn,021,27897,2280,496,2776,23
2021-03-06,Humboldt,023,135768,3281,22,3303,33
2021-03-06,Imperial,025,180216,27359,2469,29828,727
2021-03-06,Inyo,027,18085,1338,9,1347,37
2021-03-06,Kern,029,883053,94145,9870,104015,1244
2021-03-06,Kings,031,150075,22436,978,23414,238
2021-03-06,Lake,033,64148,3235,6,3241,57
2021-03-06,Lassen,035,31185,5131,98,5229,18
2021-03-06,Los Angeles,037,10098052,1178601,38333,1216934,23394
2021-03-06,Madera,039,155013,15832,844,16676,230
2021-03-06,Marin,041,260295,4931,108,5039,163
2021-03-06,Mariposa,043,17540,378,5,383,6
2021-03-06,Mendocino,045,87422,3676,73,3749,44
2021-03-06,Merced,047,269075,28821,928,29749,437
2021-03-06,Modoc,049,8938,343,116,459,4
2021-03-06,Mono,051,14174,1192,16,1208,3
2021-03-06,Monterey,053,433212,42142,1669,43811,560
2021-03-06,Napa,055,140530,9130,30,9160,76
2021-03-06,Nevada,057,99092,4101,160,4261,69
2021-03-06,Orange,059,3164182,248621,10222,258843,5024
2021-03-06,Placer,061,380077,20878,1130,22008,285
2021-03-06,Plumas,063,18699,647,10,657,5
2021-03-06,Riverside,065,2383286,286925,13328,300253,4416
2021-03-06,Sacramento,067,1510023,95714,1276,96990,1553
2021-03-06,San Benito,069,59416,5768,89,5857,58
2021-03-06,San Bernardino,071,2135413,287031,8517,295548,5039
2021-03-06,San Diego,073,3302833,266330,13112,279442,3603
2021-03-06,San Francisco,075,870044,34517,1086,35603,532
2021-03-06,San Joaquin,077,732212,67618,2784,70402,1344
2021-03-06,San Luis Obispo,079,281455,19938,563,20501,248
2021-03-06,San Mateo,081,765935,39886,409,40295,516
2021-03-06,Santa Barbara,083,443738,32653,1040,33693,436
2021-03-06,Santa Clara,085,1922200,111713,587,112300,1649
2021-03-06,Santa Cruz,087,273765,15559,773,16332,199
2021-03-06,Shasta,089,179085,11038,1267,12305,176
2021-03-06,Sierra,091,2930,51,12,63,0
2021-03-06,Siskiyou,093,43540,1534,236,1770,12
2021-03-06,Solano,095,438530,30148,368,30516,257
2021-03-06,Sonoma,097,501317,28427,220,28647,306
2021-03-06,Stanislaus,099,539301,51308,5360,56668,902
2021-03-06,Sutter,101,95872,8907,79,8986,116
2021-03-06,Tehama,103,63373,4644,486,5130,68
2021-03-06,Trinity,105,12862,468,77,545,4
2021-03-06,Tulare,107,460477,48659,8096,56755,835
2021-03-06,Tuolumne,109,53932,3872,37,3909,56
2021-03-06,Ventura,111,848112,78645,2771,81416,967
2021-03-06,Yolo,113,214977,13011,152,13163,212
2021-03-06,Yuba,115,75493,5576,86,5662,42
2021-03-05,Alameda,001,1643700,81761,1707,83468,1164
2021-03-05,Alpine,002,1148,82,0,82,0
2021-03-05,Amador,005,37829,3489,31,3520,43
2021-03-05,Butte,007,227075,11416,1639,13055,184
2021-03-05,Calaveras,009,45235,1932,11,1943,50
2021-03-05,Colusa,011,21464,1881,270,2151,15
2021-03-05,Contra Costa,013,1133247,63948,1073,65021,763
2021-03-05,Del Norte,015,27424,1047,5,1052,5
2021-03-05,El Dorado,017,186661,9245,606,9851,109
2021-03-05,Fresno,019,978130,97429,7765,105194,1617
2021-03-05,Glenn,021,27897,2277,495,2772,23
2021-03-05,Humboldt,023,135768,3273,22,3295,32
2021-03-05,Imperial,025,180216,27349,2460,29809,727
2021-03-05,Inyo,027,18085,1334,9,1343,37
2021-03-05,Kern,029,883053,94104,9857,103961,1242
2021-03-05,Kings,031,150075,22418,977,23395,236
2021-03-05,Lake,033,64148,3233,6,3239,56
2021-03-05,Lassen,035,31185,5131,96,5227,18
2021-03-05,Los Angeles,037,10098052,1178110,38304,1216414,23357
2021-03-05,Madera,039,155013,15822,842,16664,230
2021-03-05,Marin,041,260295,4919,107,5026,163
2021-03-05,Mariposa,043,17540,378,5,383,6
2021-03-05,Mendocino,045,87422,3673,73,3746,44
2021-03-05,Merced,047,269075,28788,927,29715,435
2021-03-05,Modoc,049,8938,343,116,459,4
2021-03-05,Mono,051,14174,1191,16,1207,3
2021-03-05,Monterey,053,433212,42129,1669,43798,559
2021-03-05,Napa,055,140530,9122,30,9152,76
2021-03-05,Nevada,057,99092,4098,160,4258,69
2021-03-05,Orange,059,3164182,248508,10209,258717,5012
2021-03-05,Placer,061,380077,20852,1126,21978,284
2021-03-05,Plumas,063,18699,647,10,657,5
2021-03-05,Riverside,065,2383286,286814,13323,300137,4414
2021-03-05,Sacramento,067,1510023,95618,1269,96887,1545
2021-03-05,San Benito,069,59416,5765,89,5854,58
2021-03-05,San Bernardino,071,2135413,286938,8513,295451,5031
2021-03-05,San Diego,073,3302833,266096,13095,279191,3595
2021-03-05,San Francisco,075,870044,34477,1082,35559,530
2021-03-05,San Joaquin,077,732212,67539,2775,70314,1343
2021-03-05,San Luis Obispo,079,281455,19917,561,20478,248
2021-03-05,San Mateo,081,765935,39854,409,40263,514
2021-03-05,Santa Barbara,083,443738,32616,1035,33651,435
2021-03-05,Santa Clara,085,1922200,111618,587,112205,1647
2021-03-05,Santa Cruz,087,273765,15548,773,16321,199
2021-03-05,Shasta,089,179085,11026,1261,12287,175
2021-03-05,Sierra,091,2930,51,12,63,0
2021-03-05,Siskiyou,093,43540,1529,235,1764,12
2021-03-05,Solano,095,438530,30133,366,30499,257
2021-03-05,Sonoma,097,501317,28401,220,28621,305
2021-03-05,Stanislaus,099,539301,51257,5350,56607,901
2021-03-05,Sutter,101,95872,8900,79,8979,116
2021-03-05,Tehama,103,63373,4635,486,5121,68
2021-03-05,Trinity,105,12862,468,77,545,4
2021-03-05,Tulare,107,460477,48630,8077,56707,835
2021-03-05,Tuolumne,109,53932,3870,37,3907,56
2021-03-05,Ventura,111,848112,78578,2770,81348,965
2021-03-05,Yolo,113,214977,12999,151,13150,212
2021-03-05,Yuba,115,75493,5564,86,5650,42
2021-03-04,Alameda,001,1643700,81652,1706,83358,1163
2021-03-04,Alpine,002,1148,82,0,82,0
2021-03-04,Amador,005,37829,3488,31,3519,43
2021-03-04,Butte,007,227075,11409,1638,13047,184
2021-03-04,Calaveras,009,45235,1931,11,1942,50
2021-03-04,Colusa,011,21464,1879,265,2144,15
2021-03-04,Contra Costa,013,1133247,63848,1071,64919,763
2021-03-04,Del Norte,015,27424,1039,5,1044,5
2021-03-04,El Dorado,017,186661,9230,606,9836,109
2021-03-04,Fresno,019,978130,97265,7746,105011,1614
2021-03-04,Glenn,021,27897,2270,494,2764,23
2021-03-04,Humboldt,023,135768,3259,22,3281,32
2021-03-04,Imperial,025,180216,27336,2457,29793,726
2021-03-04,Inyo,027,18085,1331,9,1340,37
2021-03-04,Kern,029,883053,94015,9838,103853,1238
2021-03-04,Kings,031,150075,22392,974,23366,236
2021-03-04,Lake,033,64148,3225,6,3231,56
2021-03-04,Lassen,035,31185,5131,96,5227,18
2021-03-04,Los Angeles,037,10098052,1177499,38255,1215754,23315
2021-03-04,Madera,039,155013,15787,839,16626,230
2021-03-04,Marin,041,260295,4903,104,5007,162
2021-03-04,Mariposa,043,17540,378,5,383,6
2021-03-04,Mendocino,045,87422,3670,73,3743,44
2021-03-04,Merced,047,269075,28737,925,29662,435
2021-03-04,Modoc,049,8938,342,116,458,4
2021-03-04,Mono,051,14174,1191,16,1207,3
2021-03-04,Monterey,053,433212,42109,1667,43776,558
2021-03-04,Napa,055,140530,9114,30,9144,76
2021-03-04,Nevada,057,99092,4088,160,4248,69
2021-03-04,Orange,059,3164182,248351,10192,258543,5000
2021-03-04,Placer,061,380077,20820,1120,21940,284
2021-03-04,Plumas,063,18699,647,10,657,5
2021-03-04,Riverside,065,2383286,286684,13310,299994,4408
2021-03-04,Sacramento,067,1510023,95483,1266,96749,1541
2021-03-04,San Benito,069,59416,5765,89,5854,58
2021-03-04,San Bernardino,071,2135413,286807,8509,295316,5023
2021-03-04,San Diego,073,3302833,265835,13051,278886,3591
2021-03-04,San Francisco,075,870044,34442,1079,35521,530
2021-03-04,San Joaquin,077,732212,67445,2766,70211,1340
2021-03-04,San Luis Obispo,079,281455,19880,559,20439,248
2021-03-04,San Mateo,081,765935,39810,408,40218,514
2021-03-04,Santa Barbara,083,443738,32579,1034,33613,434
2021-03-04,Santa Clara,085,1922200,111484,585,112069,1643
2021-03-04,Santa Cruz,087,273765,15529,773,16302,199
2021-03-04,Shasta,089,179085,11023,1252,12275,174
2021-03-04,Sierra,091,2930,51,12,63,0
2021-03-04,Siskiyou,093,43540,1522,235,1757,12
2021-03-04,Solano,095,438530,30106,365,30471,256
2021-03-04,Sonoma,097,501317,28346,219,28565,304
2021-03-04,Stanislaus,099,539301,51170,5342,56512,897
2021-03-04,Sutter,101,95872,8888,79,8967,116
2021-03-04,Tehama,103,63373,4627,486,5113,68
2021-03-04,Trinity,105,12862,468,77,545,4
2021-03-04,Tulare,107,460477,48585,8052,56637,835
2021-03-04,Tuolumne,109,53932,3864,37,3901,56
2021-03-04,Ventura,111,848112,78488,2767,81255,961
2021-03-04,Yolo,113,214977,12979,151,13130,210
2021-03-04,Yuba,115,75493,5552,86,5638,42
2021-03-03,Alameda,001,1643700,81532,1705,83237,1162
2021-03-03,Alpine,002,1148,82,0,82,0
2021-03-03,Amador,005,37829,3486,30,3516,43
2021-03-03,Butte,007,227075,11401,1637,13038,184
2021-03-03,Calaveras,009,45235,1930,11,1941,50
2021-03-03,Colusa,011,21464,1878,265,2143,15
2021-03-03,Contra Costa,013,1133247,63750,1068,64818,762
2021-03-03,Del Norte,015,27424,1036,5,1041,5
2021-03-03,El Dorado,017,186661,9220,606,9826,109
2021-03-03,Fresno,019,978130,97121,7729,104850,1612
2021-03-03,Glenn,021,27897,2270,494,2764,23
2021-03-03,Humboldt,023,135768,3248,22,3270,32
2021-03-03,Imperial,025,180216,27320,2453,29773,726
2021-03-03,Inyo,027,18085,1323,9,1332,37
2021-03-03,Kern,029,883053,93939,9821,103760,1233
2021-03-03,Kings,031,150075,22376,973,23349,236
2021-03-03,Lake,033,64148,3218,6,3224,56
2021-03-03,Lassen,035,31185,5131,96,5227,18
2021-03-03,Los Angeles,037,10098052,1176860,38216,1215076,23268
2021-03-03,Madera,039,155013,15768,833,16601,229
2021-03-03,Marin,041,260295,4889,104,4993,162
2021-03-03,Mariposa,043,17540,377,5,382,6
2021-03-03,Mendocino,045,87422,3662,73,3735,44
2021-03-03,Merced,047,269075,28685,925,29610,434
2021-03-03,Modoc,049,8938,342,115,457,4
2021-03-03,Mono,051,14174,1191,16,1207,3
2021-03-03,Monterey,053,433212,42077,1664,43741,557
2021-03-03,Napa,055,140530,9106,30,9136,76
2021-03-03,Nevada,057,99092,4078,160,4238,69
2021-03-03,Orange,059,3164182,248206,10178,258384,4984
2021-03-03,Placer,061,380077,20794,1117,21911,284
2021-03-03,Plumas,063,18699,646,10,656,5
2021-03-03,Riverside,065,2383286,286551,13304,299855,4403
2021-03-03,Sacramento,067,1510023,95322,1258,96580,1540
2021-03-03,San Benito,069,59416,5764,89,5853,58
2021-03-03,San Bernardino,071,2135413,286666,8503,295169,5014
2021-03-03,San Diego,073,3302833,265571,13020,278591,3583
2021-03-03,San Francisco,075,870044,34410,1076,35486,528
2021-03-03,San Joaquin,077,732212,67332,2759,70091,1335
2021-03-03,San Luis Obispo,079,281455,19854,556,20410,248
2021-03-03,San Mateo,081,765935,39764,407,40171,514
2021-03-03,Santa Barbara,083,443738,32541,1034,33575,432
2021-03-03,Santa Clara,085,1922200,111330,583,111913,1639
2021-03-03,Santa Cruz,087,273765,15518,773,16291,198
2021-03-03,Shasta,089,179085,11013,1245,12258,174
2021-03-03,Sierra,091,2930,51,12,63,0
2021-03-03,Siskiyou,093,43540,1520,235,1755,12
2021-03-03,Solano,095,438530,30070,364,30434,255
2021-03-03,Sonoma,097,501317,28307,218,28525,303
2021-03-03,Stanislaus,099,539301,51092,5335,56427,895
2021-03-03,Sutter,101,95872,8880,79,8959,116
2021-03-03,Tehama,103,63373,4625,486,5111,68
2021-03-03,Trinity,105,12862,468,77,545,4
2021-03-03,Tulare,107,460477,48534,8023,56557,834
2021-03-03,Tuolumne,109,53932,3862,36,3898,56
2021-03-03,Ventura,111,848112,78404,2762,81166,959
2021-03-03,Yolo,113,214977,12966,151,13117,210
2021-03-03,Yuba,115,75493,5539,86,5625,42
2021-03-02,Alameda,001,1643700,81410,1703,83113,1160
2021-03-02,Alpine,002,1148,82,0,82,0
2021-03-02,Amador,005,37829,3484,30,3514,43
2021-03-02,Butte,007,227075,11391,1634,13025,184
2021-03-02,Calaveras,009,45235,1922,11,1933,50
2021-03-02,Colusa,011,21464,1878,264,2142,15
2021-03-02,Contra Costa,013,1133247,63639,1064,64703,759
2021-03-02,Del Norte,015,27424,1029,5,1034,5
2021-03-02,El Dorado,017,186661,9212,606,9818,108
2021-03-02,Fresno,019,978130,96975,7703,104678,1609
2021-03-02,Glenn,021,27897,2264,493,2757,23
2021-03-02,Humboldt,023,135768,3229,22,3251,32
2021-03-02,Imperial,025,180216,27310,2451,29761,726
2021-03-02,Inyo,027,18085,1319,9,1328,37
2021-03-02,Kern,029,883053,93833,9794,103627,1229
2021-03-02,Kings,031,150075,22324,970,23294,235
2021-03-02,Lake,033,64148,3212,6,3218,56
2021-03-02,Lassen,035,31185,5126,95,5221,18
2021-03-02,Los Angeles,037,10098052,1176223,38171,1214394,23221
2021-03-02,Madera,039,155013,15748,830,16578,229
2021-03-02,Marin,041,260295,4866,103,4969,162
2021-03-02,Mariposa,043,17540,377,5,382,6
2021-03-02,Mendocino,045,87422,3659,72,3731,44
2021-03-02,Merced,047,269075,28628,925,29553,433
2021-03-02,Modoc,049,8938,342,115,457,4
2021-03-02,Mono,051,14174,1190,16,1206,3
2021-03-02,Monterey,053,433212,42050,1664,43714,556
2021-03-02,Napa,055,140530,9096,30,9126,76
2021-03-02,Nevada,057,99092,4069,159,4228,69
2021-03-02,Orange,059,3164182,248061,10160,258221,4972
2021-03-02,Placer,061,380077,20741,1114,21855,284
2021-03-02,Plumas,063,18699,643,10,653,5
2021-03-02,Riverside,065,2383286,286379,13296,299675,4400
2021-03-02,Sacramento,067,1510023,95155,1257,96412,1536
2021-03-02,San Benito,069,59416,5757,89,5846,58
2021-03-02,San Bernardino,071,2135413,286532,8497,295029,5007
2021-03-02,San Diego,073,3302833,265327,12998,278325,3570
2021-03-02,San Francisco,075,870044,34370,1072,35442,525
2021-03-02,San Joaquin,077,732212,67224,2742,69966,1333
2021-03-02,San Luis Obispo,079,281455,19822,556,20378,247
2021-03-02,San Mateo,081,765935,39712,406,40118,514
2021-03-02,Santa Barbara,083,443738,32492,1030,33522,430
2021-03-02,Santa Clara,085,1922200,111151,582,111733,1638
2021-03-02,Santa Cruz,087,273765,15504,771,16275,197
2021-03-02,Shasta,089,179085,10999,1234,12233,174
2021-03-02,Sierra,091,2930,51,12,63,0
2021-03-02,Siskiyou,093,43540,1516,233,1749,12
2021-03-02,Solano,095,438530,30038,362,30400,253
2021-03-02,Sonoma,097,501317,28252,218,28470,303
2021-03-02,Stanislaus,099,539301,51005,5323,56328,894
2021-03-02,Sutter,101,95872,8871,79,8950,116
2021-03-02,Tehama,103,63373,4621,485,5106,68
2021-03-02,Trinity,105,12862,468,77,545,4
2021-03-02,Tulare,107,460477,48471,8003,56474,833
2021-03-02,Tuolumne,109,53932,3858,36,3894,56
2021-03-02,Ventura,111,848112,78311,2758,81069,956
2021-03-02,Yolo,113,214977,12950,151,13101,210
2021-03-02,Yuba,115,75493,5531,86,5617,42
2021-03-01,Alameda,001,1643700,81283,1701,82984,1157
2021-03-01,Alpine,002,1148,80,0,80,0
2021-03-01,Amador,005,37829,3481,30,3511,43
2021-03-01,Butte,007,227075,11376,1630,13006,183
2021-03-01,Calaveras,009,45235,1917,11,1928,50
2021-03-01,Colusa,011,21464,1877,264,2141,15
2021-03-01,Contra Costa,013,1133247,63531,1063,64594,759
2021-03-01,Del Norte,015,27424,1024,5,1029,5
2021-03-01,El Dorado,017,186661,9188,606,9794,108
2021-03-01,Fresno,019,978130,96837,7680,104517,1606
2021-03-01,Glenn,021,27897,2259,492,2751,23
2021-03-01,Humboldt,023,135768,3210,22,3232,31
2021-03-01,Imperial,025,180216,27300,2443,29743,726
2021-03-01,Inyo,027,18085,1316,9,1325,37
2021-03-01,Kern,029,883053,93744,9768,103512,1225
2021-03-01,Kings,031,150075,22307,964,23271,235
2021-03-01,Lake,033,64148,3207,6,3213,56
2021-03-01,Lassen,035,31185,5124,95,5219,18
2021-03-01,Los Angeles,037,10098052,1175564,38131,1213695,23169
2021-03-01,Madera,039,155013,15719,820,16539,229
2021-03-01,Marin,041,260295,4838,102,4940,161
2021-03-01,Mariposa,043,17540,377,5,382,6
2021-03-01,Mendocino,045,87422,3652,72,3724,44
2021-03-01,Merced,047,269075,28583,921,29504,431
2021-03-01,Modoc,049,8938,339,114,453,4
2021-03-01,Mono,051,14174,1189,16,1205,3
2021-03-01,Monterey,053,433212,42025,1662,43687,556
2021-03-01,Napa,055,140530,9088,30,9118,75
2021-03-01,Nevada,057,99092,4050,159,4209,69
2021-03-01,Orange,059,3164182,247868,10146,258014,4956
2021-03-01,Placer,061,380077,20702,1111,21813,284
2021-03-01,Plumas,063,18699,643,10,653,5
2021-03-01,Riverside,065,2383286,286160,13289,299449,4391
2021-03-01,Sacramento,067,1510023,95010,1255,96265,1533
2021-03-01,San Benito,069,59416,5752,89,5841,58
2021-03-01,San Bernardino,071,2135413,286388,8493,294881,5004
2021-03-01,San Diego,073,3302833,265010,12965,277975,3559
2021-03-01,San Francisco,075,870044,34326,1064,35390,525
2021-03-01,San Joaquin,077,732212,67115,2732,69847,1326
2021-03-01,San Luis Obispo,079,281455,19800,554,20354,246
2021-03-01,San Mateo,081,765935,39660,406,40066,511
2021-03-01,Santa Barbara,083,443738,32449,1029,33478,430
2021-03-01,Santa Clara,085,1922200,110992,579,111571,1636
2021-03-01,Santa Cruz,087,273765,15485,770,16255,197
2021-03-01,Shasta,089,179085,10987,1231,12218,174
2021-03-01,Sierra,091,2930,51,12,63,0
2021-03-01,Siskiyou,093,43540,1512,231,1743,12
2021-03-01,Solano,095,438530,29995,361,30356,253
2021-03-01,Sonoma,097,501317,28204,216,28420,302
2021-03-01,Stanislaus,099,539301,50931,5317,56248,892
2021-03-01,Sutter,101,95872,8860,79,8939,116
2021-03-01,Tehama,103,63373,4615,485,5100,68
2021-03-01,Trinity,105,12862,468,76,544,4
2021-03-01,Tulare,107,460477,48433,7969,56402,829
2021-03-01,Tuolumne,109,53932,3855,36,3891,56
2021-03-01,Ventura,111,848112,78230,2757,80987,955
2021-03-01,Yolo,113,214977,12933,149,13082,210
2021-03-01,Yuba,115,75493,5519,86,5605,41
2021-02-28,Alameda,001,1643700,81162,1699,82861,1153
2021-02-28,Alpine,002,1148,80,0,80,0
2021-02-28,Amador,005,37829,3476,29,3505,43
2021-02-28,Butte,007,227075,11361,1629,12990,182
2021-02-28,Calaveras,009,45235,1913,11,1924,50
2021-02-28,Colusa,011,21464,1877,263,2140,14
2021-02-28,Contra Costa,013,1133247,63404,1058,64462,756
2021-02-28,Del Norte,015,27424,1022,5,1027,5
2021-02-28,El Dorado,017,186661,9177,606,9783,108
2021-02-28,Fresno,019,978130,96655,7646,104301,1602
2021-02-28,Glenn,021,27897,2257,490,2747,23
2021-02-28,Humboldt,023,135768,3187,22,3209,31
2021-02-28,Imperial,025,180216,27275,2439,29714,726
2021-02-28,Inyo,027,18085,1311,9,1320,37
2021-02-28,Kern,029,883053,93629,9748,103377,1223
2021-02-28,Kings,031,150075,22286,963,23249,235
2021-02-28,Lake,033,64148,3202,6,3208,56
2021-02-28,Lassen,035,31185,5123,95,5218,18
2021-02-28,Los Angeles,037,10098052,1174776,38069,1212845,23113
2021-02-28,Madera,039,155013,15677,817,16494,229
2021-02-28,Marin,041,260295,4815,100,4915,160
2021-02-28,Mariposa,043,17540,377,5,382,6
2021-02-28,Mendocino,045,87422,3646,72,3718,44
2021-02-28,Merced,047,269075,28520,920,29440,430
2021-02-28,Modoc,049,8938,339,114,453,4
2021-02-28,Mono,051,14174,1186,16,1202,3
2021-02-28,Monterey,053,433212,41993,1660,43653,556
2021-02-28,Napa,055,140530,9069,30,9099,75
2021-02-28,Nevada,057,99092,4037,159,4196,69
2021-02-28,Orange,059,3164182,247671,10139,257810,4942
2021-02-28,Placer,061,380077,20656,1109,21765,284
2021-02-28,Plumas,063,18699,643,10,653,5
2021-02-28,Riverside,065,2383286,285927,13278,299205,4385
2021-02-28,Sacramento,067,1510023,94826,1250,96076,1531
2021-02-28,San Benito,069,59416,5741,89,5830,58
2021-02-28,San Bernardino,071,2135413,286246,8481,294727,4995
2021-02-28,San Diego,073,3302833,264713,12931,277644,3551
2021-02-28,San Francisco,075,870044,34284,1058,35342,525
2021-02-28,San Joaquin,077,732212,67007,2723,69730,1325
2021-02-28,San Luis Obispo,079,281455,19764,552,20316,246
2021-02-28,San Mateo,081,765935,39607,405,40012,510
2021-02-28,Santa Barbara,083,443738,32397,1029,33426,429
2021-02-28,Santa Clara,085,1922200,110793,576,111369,1632
2021-02-28,Santa Cruz,087,273765,15456,767,16223,195
2021-02-28,Shasta,089,179085,10966,1227,12193,174
2021-02-28,Sierra,091,2930,51,12,63,0
2021-02-28,Siskiyou,093,43540,1504,231,1735,12
2021-02-28,Solano,095,438530,29940,355,30295,252
2021-02-28,Sonoma,097,501317,28141,215,28356,302
2021-02-28,Stanislaus,099,539301,50840,5305,56145,891
2021-02-28,Sutter,101,95872,8845,79,8924,114
2021-02-28,Tehama,103,63373,4610,485,5095,68
2021-02-28,Trinity,105,12862,468,76,544,4
2021-02-28,Tulare,107,460477,48371,7938,56309,829
2021-02-28,Tuolumne,109,53932,3850,36,3886,56
2021-02-28,Ventura,111,848112,78118,2754,80872,954
2021-02-28,Yolo,113,214977,12910,149,13059,210
2021-02-28,Yuba,115,75493,5509,86,5595,41
2021-02-27,Alameda,001,1643700,81088,1697,82785,1153
2021-02-27,Alpine,002,1148,80,0,80,0
2021-02-27,Amador,005,37829,3474,29,3503,43
2021-02-27,Butte,007,227075,11349,1629,12978,182
2021-02-27,Calaveras,009,45235,1908,11,1919,50
2021-02-27,Colusa,011,21464,1876,263,2139,14
2021-02-27,Contra Costa,013,1133247,63334,1055,64389,752
2021-02-27,Del Norte,015,27424,1020,5,1025,5
2021-02-27,El Dorado,017,186661,9173,606,9779,108
2021-02-27,Fresno,019,978130,96578,7635,104213,1601
2021-02-27,Glenn,021,27897,2256,489,2745,23
2021-02-27,Humboldt,023,135768,3181,22,3203,31
2021-02-27,Imperial,025,180216,27267,2437,29704,726
2021-02-27,Inyo,027,18085,1308,9,1317,37
2021-02-27,Kern,029,883053,93568,9733,103301,1217
2021-02-27,Kings,031,150075,22276,960,23236,235
2021-02-27,Lake,033,64148,3199,6,3205,56
2021-02-27,Lassen,035,31185,5123,95,5218,18
2021-02-27,Los Angeles,037,10098052,1174275,38042,1212317,23034
2021-02-27,Madera,039,155013,15660,816,16476,229
2021-02-27,Marin,041,260295,4791,100,4891,160
2021-02-27,Mariposa,043,17540,377,5,382,6
2021-02-27,Mendocino,045,87422,3643,72,3715,44
2021-02-27,Merced,047,269075,28478,912,29390,430
2021-02-27,Modoc,049,8938,339,113,452,4
2021-02-27,Mono,051,14174,1184,16,1200,3
2021-02-27,Monterey,053,433212,41984,1659,43643,556
2021-02-27,Napa,055,140530,9058,30,9088,75
2021-02-27,Nevada,057,99092,4031,159,4190,69
2021-02-27,Orange,059,3164182,247544,10128,257672,4930
2021-02-27,Placer,061,380077,20620,1106,21726,284
2021-02-27,Plumas,063,18699,643,10,653,5
2021-02-27,Riverside,065,2383286,285817,13268,299085,4369
2021-02-27,Sacramento,067,1510023,94743,1240,95983,1529
2021-02-27,San Benito,069,59416,5740,88,5828,58
2021-02-27,San Bernardino,071,2135413,286167,8476,294643,4984
2021-02-27,San Diego,073,3302833,264523,12893,277416,3542
2021-02-27,San Francisco,075,870044,34251,1055,35306,524
2021-02-27,San Joaquin,077,732212,66961,2721,69682,1324
2021-02-27,San Luis Obispo,079,281455,19743,551,20294,245
2021-02-27,San Mateo,081,765935,39566,404,39970,508
2021-02-27,Santa Barbara,083,443738,32363,1028,33391,429
2021-02-27,Santa Clara,085,1922200,110645,574,111219,1630
2021-02-27,Santa Cruz,087,273765,15447,766,16213,195
2021-02-27,Shasta,089,179085,10960,1223,12183,174
2021-02-27,Sierra,091,2930,51,12,63,0
2021-02-27,Siskiyou,093,43540,1502,230,1732,12
2021-02-27,Solano,095,438530,29912,354,30266,251
2021-02-27,Sonoma,097,501317,28097,210,28307,302
2021-02-27,Stanislaus,099,539301,50785,5295,56080,891
2021-02-27,Sutter,101,95872,8840,79,8919,114
2021-02-27,Tehama,103,63373,4605,484,5089,67
2021-02-27,Trinity,105,12862,468,76,544,4
2021-02-27,Tulare,107,460477,48334,7912,56246,825
2021-02-27,Tuolumne,109,53932,3847,36,3883,56
2021-02-27,Ventura,111,848112,78045,2751,80796,948
2021-02-27,Yolo,113,214977,12898,149,13047,210
2021-02-27,Yuba,115,75493,5506,86,5592,41
2021-02-26,Alameda,001,1643700,80993,1692,82685,1151
2021-02-26,Alpine,002,1148,80,0,80,0
2021-02-26,Amador,005,37829,3468,29,3497,42
2021-02-26,Butte,007,227075,11339,1629,12968,181
2021-02-26,Calaveras,009,45235,1906,11,1917,50
2021-02-26,Colusa,011,21464,1876,263,2139,14
2021-02-26,Contra Costa,013,1133247,63252,1055,64307,750
2021-02-26,Del Norte,015,27424,1016,5,1021,5
2021-02-26,El Dorado,017,186661,9168,604,9772,108
2021-02-26,Fresno,019,978130,96476,7627,104103,1599
2021-02-26,Glenn,021,27897,2253,489,2742,23
2021-02-26,Humboldt,023,135768,3175,22,3197,31
2021-02-26,Imperial,025,180216,27260,2435,29695,726
2021-02-26,Inyo,027,18085,1306,9,1315,37
2021-02-26,Kern,029,883053,93489,9717,103206,1210
2021-02-26,Kings,031,150075,22260,957,23217,234
2021-02-26,Lake,033,64148,3194,6,3200,55
2021-02-26,Lassen,035,31185,5123,95,5218,18
2021-02-26,Los Angeles,037,10098052,1173698,37981,1211679,22971
2021-02-26,Madera,039,155013,15644,814,16458,228
2021-02-26,Marin,041,260295,4778,100,4878,160
2021-02-26,Mariposa,043,17540,377,5,382,6
2021-02-26,Mendocino,045,87422,3638,72,3710,43
2021-02-26,Merced,047,269075,28444,911,29355,429
2021-02-26,Modoc,049,8938,338,113,451,4
2021-02-26,Mono,051,14174,1182,16,1198,3
2021-02-26,Monterey,053,433212,41958,1658,43616,554
2021-02-26,Napa,055,140530,9052,30,9082,74
2021-02-26,Nevada,057,99092,4020,159,4179,69
2021-02-26,Orange,059,3164182,247405,10118,257523,4912
2021-02-26,Placer,061,380077,20594,1100,21694,283
2021-02-26,Plumas,063,18699,643,10,653,5
2021-02-26,Riverside,065,2383286,285673,13262,298935,4360
2021-02-26,Sacramento,067,1510023,94620,1237,95857,1525
2021-02-26,San Benito,069,59416,5739,88,5827,57
2021-02-26,San Bernardino,071,2135413,286067,8474,294541,4973
2021-02-26,San Diego,073,3302833,264295,12872,277167,3534
2021-02-26,San Francisco,075,870044,34221,1052,35273,523
2021-02-26,San Joaquin,077,732212,66880,2715,69595,1315
2021-02-26,San Luis Obispo,079,281455,19727,549,20276,245
2021-02-26,San Mateo,081,765935,39521,404,39925,505
2021-02-26,Santa Barbara,083,443738,32319,1027,33346,428
2021-02-26,Santa Clara,085,1922200,110513,572,111085,1625
2021-02-26,Santa Cruz,087,273765,15435,765,16200,195
2021-02-26,Shasta,089,179085,10953,1214,12167,173
2021-02-26,Sierra,091,2930,51,12,63,0
2021-02-26,Siskiyou,093,43540,1502,229,1731,12
2021-02-26,Solano,095,438530,29878,353,30231,251
2021-02-26,Sonoma,097,501317,28068,209,28277,302
2021-02-26,Stanislaus,099,539301,50729,5287,56016,888
2021-02-26,Sutter,101,95872,8831,79,8910,114
2021-02-26,Tehama,103,63373,4603,484,5087,67
2021-02-26,Trinity,105,12862,467,76,543,4
2021-02-26,Tulare,107,460477,48298,7883,56181,823
2021-02-26,Tuolumne,109,53932,3846,36,3882,56
2021-02-26,Ventura,111,848112,77945,2747,80692,948
2021-02-26,Yolo,113,214977,12891,149,13040,210
2021-02-26,Yuba,115,75493,5501,86,5587,41
2021-02-25,Alameda,001,1643700,80872,1691,82563,1149
2021-02-25,Alpine,002,1148,80,0,80,0
2021-02-25,Amador,005,37829,3465,29,3494,42
2021-02-25,Butte,007,227075,11318,1624,12942,181
2021-02-25,Calaveras,009,45235,1897,11,1908,50
2021-02-25,Colusa,011,21464,1873,262,2135,14
2021-02-25,Contra Costa,013,1133247,63150,1055,64205,750
2021-02-25,Del Norte,015,27424,1006,5,1011,5
2021-02-25,El Dorado,017,186661,9152,604,9756,107
2021-02-25,Fresno,019,978130,96332,7607,103939,1596
2021-02-25,Glenn,021,27897,2250,488,2738,23
2021-02-25,Humboldt,023,135768,3168,22,3190,31
2021-02-25,Imperial,025,180216,27253,2431,29684,725
2021-02-25,Inyo,027,18085,1300,9,1309,37
2021-02-25,Kern,029,883053,93373,9692,103065,1207
2021-02-25,Kings,031,150075,22251,954,23205,234
2021-02-25,Lake,033,64148,3185,6,3191,55
2021-02-25,Lassen,035,31185,5122,94,5216,18
2021-02-25,Los Angeles,037,10098052,1172950,37924,1210874,22901
2021-02-25,Madera,039,155013,15609,810,16419,228
2021-02-25,Marin,041,260295,4755,100,4855,160
2021-02-25,Mariposa,043,17540,377,5,382,6
2021-02-25,Mendocino,045,87422,3633,72,3705,43
2021-02-25,Merced,047,269075,28395,909,29304,427
2021-02-25,Modoc,049,8938,338,113,451,4
2021-02-25,Mono,051,14174,1181,16,1197,3
2021-02-25,Monterey,053,433212,41933,1653,43586,553
2021-02-25,Napa,055,140530,9026,30,9056,73
2021-02-25,Nevada,057,99092,4003,158,4161,69
2021-02-25,Orange,059,3164182,247232,10108,257340,4900
2021-02-25,Placer,061,380077,20555,1098,21653,282
2021-02-25,Plumas,063,18699,643,10,653,5
2021-02-25,Riverside,065,2383286,285485,13242,298727,4351
2021-02-25,Sacramento,067,1510023,94462,1225,95687,1522
2021-02-25,San Benito,069,59416,5734,88,5822,57
2021-02-25,San Bernardino,071,2135413,285932,8466,294398,4964
2021-02-25,San Diego,073,3302833,264001,12842,276843,3521
2021-02-25,San Francisco,075,870044,34178,1050,35228,522
2021-02-25,San Joaquin,077,732212,66796,2703,69499,1313
2021-02-25,San Luis Obispo,079,281455,19706,547,20253,244
2021-02-25,San Mateo,081,765935,39474,404,39878,505
2021-02-25,Santa Barbara,083,443738,32242,1026,33268,426
2021-02-25,Santa Clara,085,1922200,110348,571,110919,1617
2021-02-25,Santa Cruz,087,273765,15416,764,16180,194
2021-02-25,Shasta,089,179085,10941,1209,12150,173
2021-02-25,Sierra,091,2930,51,12,63,0
2021-02-25,Siskiyou,093,43540,1497,226,1723,12
2021-02-25,Solano,095,438530,29846,353,30199,250
2021-02-25,Sonoma,097,501317,28014,206,28220,301
2021-02-25,Stanislaus,099,539301,50638,5277,55915,888
2021-02-25,Sutter,101,95872,8817,78,8895,114
2021-02-25,Tehama,103,63373,4600,482,5082,67
2021-02-25,Trinity,105,12862,467,76,543,4
2021-02-25,Tulare,107,460477,48248,7857,56105,821
2021-02-25,Tuolumne,109,53932,3843,36,3879,56
2021-02-25,Ventura,111,848112,77837,2741,80578,942
2021-02-25,Yolo,113,214977,12874,149,13023,210
2021-02-25,Yuba,115,75493,5494,86,5580,41
2021-02-24,Alameda,001,1643700,80752,1687,82439,1143
2021-02-24,Alpine,002,1148,79,0,79,0
2021-02-24,Amador,005,37829,3460,29,3489,42
2021-02-24,Butte,007,227075,11305,1620,12925,181
2021-02-24,Calaveras,009,45235,1893,11,1904,49
2021-02-24,Colusa,011,21464,1871,262,2133,14
2021-02-24,Contra Costa,013,1133247,63042,1055,64097,747
2021-02-24,Del Norte,015,27424,1005,4,1009,5
2021-02-24,El Dorado,017,186661,9139,604,9743,106
2021-02-24,Fresno,019,978130,96183,7591,103774,1593
2021-02-24,Glenn,021,27897,2249,488,2737,23
2021-02-24,Humboldt,023,135768,3156,22,3178,31
2021-02-24,Imperial,025,180216,27240,2426,29666,723
2021-02-24,Inyo,027,18085,1295,9,1304,37
2021-02-24,Kern,029,883053,93240,9676,102916,1203
2021-02-24,Kings,031,150075,22226,952,23178,233
2021-02-24,Lake,033,64148,3178,6,3184,55
2021-02-24,Lassen,035,31185,5118,93,5211,18
2021-02-24,Los Angeles,037,10098052,1172191,37885,1210076,22831
2021-02-24,Madera,039,155013,15582,810,16392,228
2021-02-24,Marin,041,260295,4732,99,4831,159
2021-02-24,Mariposa,043,17540,377,5,382,6
2021-02-24,Mendocino,045,87422,3626,72,3698,43
2021-02-24,Merced,047,269075,28357,905,29262,427
2021-02-24,Modoc,049,8938,337,113,450,4
2021-02-24,Mono,051,14174,1179,16,1195,3
2021-02-24,Monterey,053,433212,41908,1651,43559,553
2021-02-24,Napa,055,140530,9009,30,9039,72
2021-02-24,Nevada,057,99092,3993,158,4151,69
2021-02-24,Orange,059,3164182,247013,10096,257109,4889
2021-02-24,Placer,061,380077,20516,1092,21608,281
2021-02-24,Plumas,063,18699,641,10,651,5
2021-02-24,Riverside,065,2383286,285257,13233,298490,4343
2021-02-24,Sacramento,067,1510023,94308,1220,95528,1519
2021-02-24,San Benito,069,59416,5733,88,5821,56
2021-02-24,San Bernardino,071,2135413,285780,8462,294242,4952
2021-02-24,San Diego,073,3302833,263705,12826,276531,3507
2021-02-24,San Francisco,075,870044,34132,1047,35179,522
2021-02-24,San Joaquin,077,732212,66686,2701,69387,1312
2021-02-24,San Luis Obispo,079,281455,19683,545,20228,243
2021-02-24,San Mateo,081,765935,39437,404,39841,505
2021-02-24,Santa Barbara,083,443738,32190,1023,33213,424
2021-02-24,Santa Clara,085,1922200,110199,570,110769,1614
2021-02-24,Santa Cruz,087,273765,15395,764,16159,194
2021-02-24,Shasta,089,179085,10928,1206,12134,172
2021-02-24,Sierra,091,2930,51,12,63,0
2021-02-24,Siskiyou,093,43540,1490,222,1712,12
2021-02-24,Solano,095,438530,29808,351,30159,250
2021-02-24,Sonoma,097,501317,27950,202,28152,301
2021-02-24,Stanislaus,099,539301,50567,5270,55837,886
2021-02-24,Sutter,101,95872,8807,78,8885,114
2021-02-24,Tehama,103,63373,4597,482,5079,67
2021-02-24,Trinity,105,12862,467,75,542,4
2021-02-24,Tulare,107,460477,48192,7829,56021,820
2021-02-24,Tuolumne,109,53932,3840,36,3876,56
2021-02-24,Ventura,111,848112,77729,2740,80469,937
2021-02-24,Yolo,113,214977,12861,149,13010,210
2021-02-24,Yuba,115,75493,5483,84,5567,40
2021-02-23,Alameda,001,1643700,80613,1685,82298,1141
2021-02-23,Alpine,002,1148,78,0,78,0
2021-02-23,Amador,005,37829,3458,29,3487,42
2021-02-23,Butte,007,227075,11289,1617,12906,181
2021-02-23,Calaveras,009,45235,1892,11,1903,48
2021-02-23,Colusa,011,21464,1868,262,2130,14
2021-02-23,Contra Costa,013,1133247,62908,1052,63960,740
2021-02-23,Del Norte,015,27424,1003,4,1007,5
2021-02-23,El Dorado,017,186661,9126,604,9730,105
2021-02-23,Fresno,019,978130,96022,7577,103599,1584
2021-02-23,Glenn,021,27897,2247,488,2735,23
2021-02-23,Humboldt,023,135768,3139,22,3161,31
2021-02-23,Imperial,025,180216,27220,2421,29641,723
2021-02-23,Inyo,027,18085,1291,9,1300,37
2021-02-23,Kern,029,883053,93101,9648,102749,1198
2021-02-23,Kings,031,150075,22211,948,23159,230
2021-02-23,Lake,033,64148,3170,6,3176,55
2021-02-23,Lassen,035,31185,5115,93,5208,18
2021-02-23,Los Angeles,037,10098052,1171318,37833,1209151,22760
2021-02-23,Madera,039,155013,15568,804,16372,228
2021-02-23,Marin,041,260295,4712,98,4810,159
2021-02-23,Mariposa,043,17540,377,5,382,6
2021-02-23,Mendocino,045,87422,3624,71,3695,43
2021-02-23,Merced,047,269075,28277,898,29175,424
2021-02-23,Modoc,049,8938,336,112,448,4
2021-02-23,Mono,051,14174,1179,16,1195,3
2021-02-23,Monterey,053,433212,41869,1646,43515,553
2021-02-23,Napa,055,140530,8997,30,9027,70
2021-02-23,Nevada,057,99092,3985,158,4143,69
2021-02-23,Orange,059,3164182,246815,10078,256893,4869
2021-02-23,Placer,061,380077,20491,1088,21579,280
2021-02-23,Plumas,063,18699,640,10,650,5
2021-02-23,Riverside,065,2383286,285020,13219,298239,4335
2021-02-23,Sacramento,067,1510023,94151,1214,95365,1517
2021-02-23,San Benito,069,59416,5727,87,5814,56
2021-02-23,San Bernardino,071,2135413,285592,8457,294049,4939
2021-02-23,San Diego,073,3302833,263328,12796,276124,3499
2021-02-23,San Francisco,075,870044,34083,1046,35129,519
2021-02-23,San Joaquin,077,732212,66586,2694,69280,1309
2021-02-23,San Luis Obispo,079,281455,19654,544,20198,243
2021-02-23,San Mateo,081,765935,39376,404,39780,504
2021-02-23,Santa Barbara,083,443738,32135,1022,33157,423
2021-02-23,Santa Clara,085,1922200,110002,567,110569,1612
2021-02-23,Santa Cruz,087,273765,15366,762,16128,194
2021-02-23,Shasta,089,179085,10916,1202,12118,172
2021-02-23,Sierra,091,2930,51,12,63,0
2021-02-23,Siskiyou,093,43540,1485,220,1705,12
2021-02-23,Solano,095,438530,29768,348,30116,250
2021-02-23,Sonoma,097,501317,27907,199,28106,301
2021-02-23,Stanislaus,099,539301,50489,5254,55743,885
2021-02-23,Sutter,101,95872,8794,78,8872,114
2021-02-23,Tehama,103,63373,4591,481,5072,67
2021-02-23,Trinity,105,12862,467,74,541,4
2021-02-23,Tulare,107,460477,48114,7796,55910,820
2021-02-23,Tuolumne,109,53932,3836,36,3872,56
2021-02-23,Ventura,111,848112,77613,2731,80344,937
2021-02-23,Yolo,113,214977,12832,149,12981,210
2021-02-23,Yuba,115,75493,5470,83,5553,40
2021-02-22,Alameda,001,1643700,80462,1681,82143,1132
2021-02-22,Alpine,002,1148,78,0,78,0
2021-02-22,Amador,005,37829,3453,29,3482,42
2021-02-22,Butte,007,227075,11276,1612,12888,181
2021-02-22,Calaveras,009,45235,1890,11,1901,48
2021-02-22,Colusa,011,21464,1868,262,2130,14
2021-02-22,Contra Costa,013,1133247,62780,1051,63831,736
2021-02-22,Del Norte,015,27424,1002,4,1006,5
2021-02-22,El Dorado,017,186661,9109,604,9713,104
2021-02-22,Fresno,019,978130,95860,7560,103420,1578
2021-02-22,Glenn,021,27897,2242,486,2728,23
2021-02-22,Humboldt,023,135768,3127,22,3149,31
2021-02-22,Imperial,025,180216,27198,2414,29612,722
2021-02-22,Inyo,027,18085,1286,9,1295,37
2021-02-22,Kern,029,883053,92984,9626,102610,1194
2021-02-22,Kings,031,150075,22188,945,23133,228
2021-02-22,Lake,033,64148,3164,6,3170,55
2021-02-22,Lassen,035,31185,5115,92,5207,18
2021-02-22,Los Angeles,037,10098052,1170458,37777,1208235,22702
2021-02-22,Madera,039,155013,15543,800,16343,228
2021-02-22,Marin,041,260295,4687,95,4782,159
2021-02-22,Mariposa,043,17540,376,5,381,6
2021-02-22,Mendocino,045,87422,3618,71,3689,43
2021-02-22,Merced,047,269075,28214,895,29109,424
2021-02-22,Modoc,049,8938,336,112,448,4
2021-02-22,Mono,051,14174,1175,16,1191,3
2021-02-22,Monterey,053,433212,41824,1640,43464,552
2021-02-22,Napa,055,140530,8970,30,9000,70
2021-02-22,Nevada,057,99092,3976,156,4132,69
2021-02-22,Orange,059,3164182,246579,10060,256639,4858
2021-02-22,Placer,061,380077,20454,1080,21534,280
2021-02-22,Plumas,063,18699,640,10,650,5
2021-02-22,Riverside,065,2383286,284758,13211,297969,4327
2021-02-22,Sacramento,067,1510023,93984,1204,95188,1515
2021-02-22,San Benito,069,59416,5725,87,5812,56
2021-02-22,San Bernardino,071,2135413,285416,8444,293860,4927
2021-02-22,San Diego,073,3302833,262918,12763,275681,3481
2021-02-22,San Francisco,075,870044,34023,1041,35064,516
2021-02-22,San Joaquin,077,732212,66490,2681,69171,1307
2021-02-22,San Luis Obispo,079,281455,19617,542,20159,241
2021-02-22,San Mateo,081,765935,39319,401,39720,502
2021-02-22,Santa Barbara,083,443738,32069,1019,33088,423
2021-02-22,Santa Clara,085,1922200,109793,556,110349,1606
2021-02-22,Santa Cruz,087,273765,15340,762,16102,193
2021-02-22,Shasta,089,179085,10901,1197,12098,171
2021-02-22,Sierra,091,2930,51,12,63,0
2021-02-22,Siskiyou,093,43540,1479,219,1698,11
2021-02-22,Solano,095,438530,29729,347,30076,250
2021-02-22,Sonoma,097,501317,27862,198,28060,300
2021-02-22,Stanislaus,099,539301,50387,5236,55623,881
2021-02-22,Sutter,101,95872,8786,78,8864,114
2021-02-22,Tehama,103,63373,4588,480,5068,67
2021-02-22,Trinity,105,12862,467,73,540,4
2021-02-22,Tulare,107,460477,48052,7764,55816,817
2021-02-22,Tuolumne,109,53932,3832,36,3868,56
2021-02-22,Ventura,111,848112,77485,2726,80211,934
2021-02-22,Yolo,113,214977,12805,149,12954,210
2021-02-22,Yuba,115,75493,5467,82,5549,40
2021-02-21,Alameda,001,1643700,80268,1677,81945,1129
2021-02-21,Alpine,002,1148,78,0,78,0
2021-02-21,Amador,005,37829,3445,29,3474,42
2021-02-21,Butte,007,227075,11258,1610,12868,181
2021-02-21,Calaveras,009,45235,1889,11,1900,48
2021-02-21,Colusa,011,21464,1867,258,2125,14
2021-02-21,Contra Costa,013,1133247,62625,1048,63673,733
2021-02-21,Del Norte,015,27424,996,4,1000,5
2021-02-21,El Dorado,017,186661,9091,603,9694,104
2021-02-21,Fresno,019,978130,95717,7544,103261,1571
2021-02-21,Glenn,021,27897,2240,484,2724,23
2021-02-21,Humboldt,023,135768,3115,22,3137,31
2021-02-21,Imperial,025,180216,27184,2412,29596,720
2021-02-21,Inyo,027,18085,1280,9,1289,37
2021-02-21,Kern,029,883053,92859,9588,102447,1191
2021-02-21,Kings,031,150075,22152,943,23095,228
2021-02-21,Lake,033,64148,3156,6,3162,54
2021-02-21,Lassen,035,31185,5107,92,5199,18
2021-02-21,Los Angeles,037,10098052,1169416,37733,1207149,22625
2021-02-21,Madera,039,155013,15510,797,16307,228
2021-02-21,Marin,041,260295,4658,95,4753,159
2021-02-21,Mariposa,043,17540,376,5,381,6
2021-02-21,Mendocino,045,87422,3613,71,3684,43
2021-02-21,Merced,047,269075,28140,880,29020,420
2021-02-21,Modoc,049,8938,333,112,445,4
2021-02-21,Mono,051,14174,1175,16,1191,3
2021-02-21,Monterey,053,433212,41768,1633,43401,551
2021-02-21,Napa,055,140530,8956,30,8986,70
2021-02-21,Nevada,057,99092,3963,156,4119,69
2021-02-21,Orange,059,3164182,246283,10043,256326,4846
2021-02-21,Placer,061,380077,20418,1076,21494,280
2021-02-21,Plumas,063,18699,640,10,650,5
2021-02-21,Riverside,065,2383286,284525,13198,297723,4315
2021-02-21,Sacramento,067,1510023,93774,1194,94968,1511
2021-02-21,San Benito,069,59416,5715,84,5799,56
2021-02-21,San Bernardino,071,2135413,285192,8430,293622,4919
2021-02-21,San Diego,073,3302833,262484,12717,275201,3468
2021-02-21,San Francisco,075,870044,33959,1037,34996,511
2021-02-21,San Joaquin,077,732212,66351,2669,69020,1304
2021-02-21,San Luis Obispo,079,281455,19584,540,20124,240
2021-02-21,San Mateo,081,765935,39257,397,39654,501
2021-02-21,Santa Barbara,083,443738,32007,1016,33023,422
2021-02-21,Santa Clara,085,1922200,109569,548,110117,1602
2021-02-21,Santa Cruz,087,273765,15317,761,16078,191
2021-02-21,Shasta,089,179085,10887,1192,12079,167
2021-02-21,Sierra,091,2930,51,12,63,0
2021-02-21,Siskiyou,093,43540,1473,219,1692,11
2021-02-21,Solano,095,438530,29674,346,30020,249
2021-02-21,Sonoma,097,501317,27798,191,27989,298
2021-02-21,Stanislaus,099,539301,50274,5222,55496,881
2021-02-21,Sutter,101,95872,8769,77,8846,114
2021-02-21,Tehama,103,63373,4579,480,5059,67
2021-02-21,Trinity,105,12862,465,73,538,4
2021-02-21,Tulare,107,460477,47984,7729,55713,807
2021-02-21,Tuolumne,109,53932,3818,36,3854,55
2021-02-21,Ventura,111,848112,77336,2713,80049,927
2021-02-21,Yolo,113,214977,12774,148,12922,210
2021-02-21,Yuba,115,75493,5460,81,5541,40
2021-02-20,Alameda,001,1643700,80177,1672,81849,1125
2021-02-20,Alpine,002,1148,78,0,78,0
2021-02-20,Amador,005,37829,3443,29,3472,42
2021-02-20,Butte,007,227075,11250,1609,12859,181
2021-02-20,Calaveras,009,45235,1888,11,1899,48
2021-02-20,Colusa,011,21464,1866,258,2124,14
2021-02-20,Contra Costa,013,1133247,62541,1046,63587,732
2021-02-20,Del Norte,015,27424,992,4,996,5
2021-02-20,El Dorado,017,186661,9081,602,9683,104
2021-02-20,Fresno,019,978130,95634,7524,103158,1569
2021-02-20,Glenn,021,27897,2236,483,2719,23
2021-02-20,Humboldt,023,135768,3107,22,3129,31
2021-02-20,Imperial,025,180216,27174,2412,29586,720
2021-02-20,Inyo,027,18085,1276,9,1285,37
2021-02-20,Kern,029,883053,92788,9556,102344,1188
2021-02-20,Kings,031,150075,22134,942,23076,228
2021-02-20,Lake,033,64148,3149,6,3155,54
2021-02-20,Lassen,035,31185,5105,92,5197,18
2021-02-20,Los Angeles,037,10098052,1168846,37693,1206539,22545
2021-02-20,Madera,039,155013,15490,796,16286,228
2021-02-20,Marin,041,260295,4637,93,4730,159
2021-02-20,Mariposa,043,17540,376,5,381,6
2021-02-20,Mendocino,045,87422,3611,71,3682,42
2021-02-20,Merced,047,269075,28097,877,28974,420
2021-02-20,Modoc,049,8938,333,112,445,4
2021-02-20,Mono,051,14174,1174,16,1190,3
2021-02-20,Monterey,053,433212,41746,1631,43377,549
2021-02-20,Napa,055,140530,8947,30,8977,70
2021-02-20,Nevada,057,99092,3953,155,4108,69
2021-02-20,Orange,059,3164182,246113,10028,256141,4829
2021-02-20,Placer,061,380077,20377,1072,21449,278
2021-02-20,Plumas,063,18699,640,10,650,5
2021-02-20,Riverside,065,2383286,284371,13189,297560,4298
2021-02-20,Sacramento,067,1510023,93651,1192,94843,1505
2021-02-20,San Benito,069,59416,5704,84,5788,55
2021-02-20,San Bernardino,071,2135413,285090,8425,293515,4906
2021-02-20,San Diego,073,3302833,262242,12688,274930,3452
2021-02-20,San Francisco,075,870044,33917,1029,34946,511
2021-02-20,San Joaquin,077,732212,66281,2664,68945,1304
2021-02-20,San Luis Obispo,079,281455,19560,539,20099,239
2021-02-20,San Mateo,081,765935,39213,396,39609,501
2021-02-20,Santa Barbara,083,443738,31973,1015,32988,419
2021-02-20,Santa Clara,085,1922200,109391,545,109936,1597
2021-02-20,Santa Cruz,087,273765,15306,759,16065,191
2021-02-20,Shasta,089,179085,10873,1187,12060,167
2021-02-20,Sierra,091,2930,51,12,63,0
2021-02-20,Siskiyou,093,43540,1470,219,1689,11
2021-02-20,Solano,095,438530,29660,344,30004,248
2021-02-20,Sonoma,097,501317,27769,189,27958,297
2021-02-20,Stanislaus,099,539301,50223,5208,55431,878
2021-02-20,Sutter,101,95872,8763,77,8840,114
2021-02-20,Tehama,103,63373,4574,480,5054,67
2021-02-20,Trinity,105,12862,464,72,536,4
2021-02-20,Tulare,107,460477,47948,7707,55655,804
2021-02-20,Tuolumne,109,53932,3813,36,3849,55
2021-02-20,Ventura,111,848112,77241,2710,79951,919
2021-02-20,Yolo,113,214977,12760,148,12908,210
2021-02-20,Yuba,115,75493,5457,81,5538,40
2021-02-19,Alameda,001,1643700,80077,1668,81745,1121
2021-02-19,Alpine,002,1148,78,0,78,0
2021-02-19,Amador,005,37829,3439,29,3468,42
2021-02-19,Butte,007,227075,11236,1602,12838,181
2021-02-19,Calaveras,009,45235,1888,11,1899,48
2021-02-19,Colusa,011,21464,1866,258,2124,14
2021-02-19,Contra Costa,013,1133247,62429,1043,63472,732
2021-02-19,Del Norte,015,27424,987,4,991,5
2021-02-19,El Dorado,017,186661,9072,601,9673,104
2021-02-19,Fresno,019,978130,95504,7508,103012,1561
2021-02-19,Glenn,021,27897,2231,482,2713,23
2021-02-19,Humboldt,023,135768,3095,22,3117,30
2021-02-19,Imperial,025,180216,27168,2409,29577,720
2021-02-19,Inyo,027,18085,1271,9,1280,37
2021-02-19,Kern,029,883053,92719,9516,102235,1183
2021-02-19,Kings,031,150075,22120,940,23060,227
2021-02-19,Lake,033,64148,3143,6,3149,54
2021-02-19,Lassen,035,31185,5104,92,5196,18
2021-02-19,Los Angeles,037,10098052,1168095,37653,1205748,22475
2021-02-19,Madera,039,155013,15473,794,16267,227
2021-02-19,Marin,041,260295,4619,92,4711,159
2021-02-19,Mariposa,043,17540,376,5,381,6
2021-02-19,Mendocino,045,87422,3609,71,3680,42
2021-02-19,Merced,047,269075,28067,874,28941,417
2021-02-19,Modoc,049,8938,333,112,445,4
2021-02-19,Mono,051,14174,1174,16,1190,3
2021-02-19,Monterey,053,433212,41719,1627,43346,548
2021-02-19,Napa,055,140530,8934,30,8964,70
2021-02-19,Nevada,057,99092,3947,155,4102,69
2021-02-19,Orange,059,3164182,245937,10016,255953,4814
2021-02-19,Placer,061,380077,20355,1072,21427,276
2021-02-19,Plumas,063,18699,638,10,648,5
2021-02-19,Riverside,065,2383286,284202,13172,297374,4281
2021-02-19,Sacramento,067,1510023,93531,1188,94719,1501
2021-02-19,San Benito,069,59416,5699,84,5783,55
2021-02-19,San Bernardino,071,2135413,284954,8420,293374,4898
2021-02-19,San Diego,073,3302833,261951,12665,274616,3434
2021-02-19,San Francisco,075,870044,33869,1023,34892,509
2021-02-19,San Joaquin,077,732212,66205,2656,68861,1297
2021-02-19,San Luis Obispo,079,281455,19529,537,20066,239
2021-02-19,San Mateo,081,765935,39155,394,39549,498
2021-02-19,Santa Barbara,083,443738,31909,1014,32923,419
2021-02-19,Santa Clara,085,1922200,109179,543,109722,1589
2021-02-19,Santa Cruz,087,273765,15291,759,16050,191
2021-02-19,Shasta,089,179085,10862,1184,12046,167
2021-02-19,Sierra,091,2930,51,12,63,0
2021-02-19,Siskiyou,093,43540,1466,217,1683,11
2021-02-19,Solano,095,438530,29635,343,29978,245
2021-02-19,Sonoma,097,501317,27722,187,27909,297
2021-02-19,Stanislaus,099,539301,50161,5192,55353,874
2021-02-19,Sutter,101,95872,8753,77,8830,113
2021-02-19,Tehama,103,63373,4572,480,5052,67
2021-02-19,Trinity,105,12862,462,70,532,4
2021-02-19,Tulare,107,460477,47903,7682,55585,803
2021-02-19,Tuolumne,109,53932,3806,36,3842,55
2021-02-19,Ventura,111,848112,77162,2707,79869,911
2021-02-19,Yolo,113,214977,12744,148,12892,210
2021-02-19,Yuba,115,75493,5447,81,5528,39
2021-02-18,Alameda,001,1643700,79943,1661,81604,1118
2021-02-18,Alpine,002,1148,78,0,78,0
2021-02-18,Amador,005,37829,3435,28,3463,42
2021-02-18,Butte,007,227075,11219,1600,12819,180
2021-02-18,Calaveras,009,45235,1883,11,1894,48
2021-02-18,Colusa,011,21464,1864,256,2120,14
2021-02-18,Contra Costa,013,1133247,62315,1041,63356,731
2021-02-18,Del Norte,015,27424,982,4,986,5
2021-02-18,El Dorado,017,186661,9057,600,9657,104
2021-02-18,Fresno,019,978130,95334,7483,102817,1548
2021-02-18,Glenn,021,27897,2225,482,2707,23
2021-02-18,Humboldt,023,135768,3083,22,3105,30
2021-02-18,Imperial,025,180216,27142,2402,29544,719
2021-02-18,Inyo,027,18085,1267,8,1275,37
2021-02-18,Kern,029,883053,92566,9486,102052,1181
2021-02-18,Kings,031,150075,22096,939,23035,225
2021-02-18,Lake,033,64148,3138,6,3144,54
2021-02-18,Lassen,035,31185,5095,92,5187,18
2021-02-18,Los Angeles,037,10098052,1167144,37590,1204734,22376
2021-02-18,Madera,039,155013,15451,789,16240,223
2021-02-18,Marin,041,260295,4606,91,4697,158
2021-02-18,Mariposa,043,17540,375,5,380,6
2021-02-18,Mendocino,045,87422,3606,70,3676,42
2021-02-18,Merced,047,269075,28018,868,28886,415
2021-02-18,Modoc,049,8938,331,111,442,4
2021-02-18,Mono,051,14174,1174,16,1190,3
2021-02-18,Monterey,053,433212,41661,1618,43279,544
2021-02-18,Napa,055,140530,8917,30,8947,70
2021-02-18,Nevada,057,99092,3938,154,4092,69
2021-02-18,Orange,059,3164182,245714,9999,255713,4797
2021-02-18,Placer,061,380077,20328,1071,21399,276
2021-02-18,Plumas,063,18699,638,10,648,5
2021-02-18,Riverside,065,2383286,283914,13151,297065,4265
2021-02-18,Sacramento,067,1510023,93369,1182,94551,1495
2021-02-18,San Benito,069,59416,5696,83,5779,54
2021-02-18,San Bernardino,071,2135413,284745,8406,293151,4881
2021-02-18,San Diego,073,3302833,261596,12642,274238,3420
2021-02-18,San Francisco,075,870044,33811,1020,34831,508
2021-02-18,San Joaquin,077,732212,66122,2646,68768,1286
2021-02-18,San Luis Obispo,079,281455,19487,534,20021,239
2021-02-18,San Mateo,081,765935,39093,390,39483,497
2021-02-18,Santa Barbara,083,443738,31831,1007,32838,417
2021-02-18,Santa Clara,085,1922200,108954,540,109494,1584
2021-02-18,Santa Cruz,087,273765,15265,759,16024,191
2021-02-18,Shasta,089,179085,10844,1181,12025,165
2021-02-18,Sierra,091,2930,50,12,62,0
2021-02-18,Siskiyou,093,43540,1461,216,1677,11
2021-02-18,Solano,095,438530,29609,342,29951,245
2021-02-18,Sonoma,097,501317,27655,186,27841,297
2021-02-18,Stanislaus,099,539301,50061,5175,55236,872
2021-02-18,Sutter,101,95872,8745,77,8822,110
2021-02-18,Tehama,103,63373,4569,480,5049,65
2021-02-18,Trinity,105,12862,461,70,531,4
2021-02-18,Tulare,107,460477,47840,7643,55483,802
2021-02-18,Tuolumne,109,53932,3769,36,3805,55
2021-02-18,Ventura,111,848112,77030,2699,79729,900
2021-02-18,Yolo,113,214977,12718,148,12866,210
2021-02-18,Yuba,115,75493,5430,81,5511,39
2021-02-17,Alameda,001,1643700,79781,1659,81440,1115
2021-02-17,Alpine,002,1148,78,0,78,0
2021-02-17,Amador,005,37829,3431,28,3459,42
2021-02-17,Butte,007,227075,11201,1596,12797,180
2021-02-17,Calaveras,009,45235,1883,11,1894,48
2021-02-17,Colusa,011,21464,1861,256,2117,14
2021-02-17,Contra Costa,013,1133247,62177,1038,63215,729
2021-02-17,Del Norte,015,27424,975,4,979,5
2021-02-17,El Dorado,017,186661,9046,600,9646,104
2021-02-17,Fresno,019,978130,95195,7456,102651,1543
2021-02-17,Glenn,021,27897,2224,481,2705,23
2021-02-17,Humboldt,023,135768,3068,22,3090,30
2021-02-17,Imperial,025,180216,27128,2398,29526,717
2021-02-17,Inyo,027,18085,1259,8,1267,37
2021-02-17,Kern,029,883053,92448,9442,101890,1173
2021-02-17,Kings,031,150075,22058,935,22993,224
2021-02-17,Lake,033,64148,3128,2,3130,54
2021-02-17,Lassen,035,31185,5090,91,5181,18
2021-02-17,Los Angeles,037,10098052,1166089,37529,1203618,22275
2021-02-17,Madera,039,155013,15426,780,16206,220
2021-02-17,Marin,041,260295,4581,91,4672,158
2021-02-17,Mariposa,043,17540,375,4,379,6
2021-02-17,Mendocino,045,87422,3604,69,3673,41
2021-02-17,Merced,047,269075,27963,859,28822,414
2021-02-17,Modoc,049,8938,331,111,442,4
2021-02-17,Mono,051,14174,1174,16,1190,3
2021-02-17,Monterey,053,433212,41606,1607,43213,542
2021-02-17,Napa,055,140530,8903,30,8933,70
2021-02-17,Nevada,057,99092,3919,151,4070,69
2021-02-17,Orange,059,3164182,245453,9966,255419,4776
2021-02-17,Placer,061,380077,20294,1067,21361,276
2021-02-17,Plumas,063,18699,637,10,647,5
2021-02-17,Riverside,065,2383286,283626,13130,296756,4251
2021-02-17,Sacramento,067,1510023,93210,1175,94385,1490
2021-02-17,San Benito,069,59416,5690,83,5773,54
2021-02-17,San Bernardino,071,2135413,284542,8386,292928,4870
2021-02-17,San Diego,073,3302833,261218,12621,273839,3410
2021-02-17,San Francisco,075,870044,33735,1015,34750,503
2021-02-17,San Joaquin,077,732212,66016,2640,68656,1281
2021-02-17,San Luis Obispo,079,281455,19442,534,19976,239
2021-02-17,San Mateo,081,765935,39029,390,39419,495
2021-02-17,Santa Barbara,083,443738,31763,1006,32769,414
2021-02-17,Santa Clara,085,1922200,108722,538,109260,1579
2021-02-17,Santa Cruz,087,273765,15232,756,15988,190
2021-02-17,Shasta,089,179085,10824,1180,12004,165
2021-02-17,Sierra,091,2930,50,12,62,0
2021-02-17,Siskiyou,093,43540,1455,213,1668,11
2021-02-17,Solano,095,438530,29552,342,29894,245
2021-02-17,Sonoma,097,501317,27583,181,27764,297
2021-02-17,Stanislaus,099,539301,49948,5159,55107,866
2021-02-17,Sutter,101,95872,8735,77,8812,110
2021-02-17,Tehama,103,63373,4566,480,5046,63
2021-02-17,Trinity,105,12862,461,68,529,4
2021-02-17,Tulare,107,460477,47774,7618,55392,799
2021-02-17,Tuolumne,109,53932,3760,36,3796,55
2021-02-17,Ventura,111,848112,76908,2693,79601,894
2021-02-17,Yolo,113,214977,12699,146,12845,210
2021-02-17,Yuba,115,75493,5421,81,5502,39
2021-02-16,Alameda,001,1643700,79612,1656,81268,1109
2021-02-16,Alpine,002,1148,78,0,78,0
2021-02-16,Amador,005,37829,3424,28,3452,41
2021-02-16,Butte,007,227075,11177,1593,12770,180
2021-02-16,Calaveras,009,45235,1881,11,1892,47
2021-02-16,Colusa,011,21464,1858,254,2112,14
2021-02-16,Contra Costa,013,1133247,62026,1033,63059,728
2021-02-16,Del Norte,015,27424,967,4,971,4
2021-02-16,El Dorado,017,186661,9036,598,9634,104
2021-02-16,Fresno,019,978130,95029,7426,102455,1532
2021-02-16,Glenn,021,27897,2220,477,2697,23
2021-02-16,Humboldt,023,135768,3045,21,3066,30
2021-02-16,Imperial,025,180216,27115,2394,29509,715
2021-02-16,Inyo,027,18085,1251,8,1259,37
2021-02-16,Kern,029,883053,92316,9412,101728,1168
2021-02-16,Kings,031,150075,22012,931,22943,222
2021-02-16,Lake,033,64148,3121,2,3123,54
2021-02-16,Lassen,035,31185,5078,91,5169,18
2021-02-16,Los Angeles,037,10098052,1164835,37469,1202304,22183
2021-02-16,Madera,039,155013,15388,775,16163,219
2021-02-16,Marin,041,260295,4553,91,4644,158
2021-02-16,Mariposa,043,17540,375,4,379,6
2021-02-16,Mendocino,045,87422,3600,69,3669,41
2021-02-16,Merced,047,269075,27882,853,28735,413
2021-02-16,Modoc,049,8938,331,111,442,4
2021-02-16,Mono,051,14174,1174,16,1190,3
2021-02-16,Monterey,053,433212,41530,1598,43128,537
2021-02-16,Napa,055,140530,8890,30,8920,70
2021-02-16,Nevada,057,99092,3906,150,4056,69
2021-02-16,Orange,059,3164182,245132,9950,255082,4760
2021-02-16,Placer,061,380077,20261,1064,21325,276
2021-02-16,Plumas,063,18699,637,10,647,5
2021-02-16,Riverside,065,2383286,283319,13108,296427,4232
2021-02-16,Sacramento,067,1510023,92956,1169,94125,1487
2021-02-16,San Benito,069,59416,5682,82,5764,54
2021-02-16,San Bernardino,071,2135413,284319,8377,292696,4852
2021-02-16,San Diego,073,3302833,260753,12582,273335,3393
2021-02-16,San Francisco,075,870044,33663,1010,34673,503
2021-02-16,San Joaquin,077,732212,65886,2637,68523,1273
2021-02-16,San Luis Obispo,079,281455,19397,531,19928,239
2021-02-16,San Mateo,081,765935,38970,388,39358,493
2021-02-16,Santa Barbara,083,443738,31689,1003,32692,412
2021-02-16,Santa Clara,085,1922200,108470,535,109005,1570
2021-02-16,Santa Cruz,087,273765,15212,755,15967,189
2021-02-16,Shasta,089,179085,10809,1178,11987,165
2021-02-16,Sierra,091,2930,50,12,62,0
2021-02-16,Siskiyou,093,43540,1451,213,1664,11
2021-02-16,Solano,095,438530,29514,341,29855,244
2021-02-16,Sonoma,097,501317,27524,175,27699,296
2021-02-16,Stanislaus,099,539301,49824,5145,54969,865
2021-02-16,Sutter,101,95872,8712,77,8789,109
2021-02-16,Tehama,103,63373,4557,478,5035,63
2021-02-16,Trinity,105,12862,457,68,525,4
2021-02-16,Tulare,107,460477,47710,7575,55285,797
2021-02-16,Tuolumne,109,53932,3758,36,3794,54
2021-02-16,Ventura,111,848112,76766,2690,79456,889
2021-02-16,Yolo,113,214977,12670,146,12816,209
2021-02-16,Yuba,115,75493,5414,80,5494,39
2021-02-15,Alameda,001,1643700,79415,1645,81060,1105
2021-02-15,Alpine,002,1148,78,0,78,0
2021-02-15,Amador,005,37829,3420,28,3448,41
2021-02-15,Butte,007,227075,11159,1589,12748,180
2021-02-15,Calaveras,009,45235,1877,11,1888,46
2021-02-15,Colusa,011,21464,1858,250,2108,14
2021-02-15,Contra Costa,013,1133247,61855,1028,62883,724
2021-02-15,Del Norte,015,27424,963,4,967,4
2021-02-15,El Dorado,017,186661,9019,598,9617,104
2021-02-15,Fresno,019,978130,94831,7387,102218,1526
2021-02-15,Glenn,021,27897,2218,476,2694,23
2021-02-15,Humboldt,023,135768,3038,21,3059,30
2021-02-15,Imperial,025,180216,27095,2391,29486,713
2021-02-15,Inyo,027,18085,1232,8,1240,37
2021-02-15,Kern,029,883053,92171,9381,101552,1161
2021-02-15,Kings,031,150075,21967,926,22893,221
2021-02-15,Lake,033,64148,3107,1,3108,54
2021-02-15,Lassen,035,31185,5076,90,5166,18
2021-02-15,Los Angeles,037,10098052,1163448,37409,1200857,22080
2021-02-15,Madera,039,155013,15357,773,16130,217
2021-02-15,Marin,041,260295,4532,88,4620,158
2021-02-15,Mariposa,043,17540,373,4,377,6
2021-02-15,Mendocino,045,87422,3588,69,3657,40
2021-02-15,Merced,047,269075,27808,846,28654,412
2021-02-15,Modoc,049,8938,331,111,442,4
2021-02-15,Mono,051,14174,1171,16,1187,3
2021-02-15,Monterey,053,433212,41466,1586,43052,535
2021-02-15,Napa,055,140530,8876,30,8906,69
2021-02-15,Nevada,057,99092,3889,149,4038,69
2021-02-15,Orange,059,3164182,244813,9921,254734,4747
2021-02-15,Placer,061,380077,20235,1063,21298,275
2021-02-15,Plumas,063,18699,637,10,647,5
2021-02-15,Riverside,065,2383286,282966,13089,296055,4216
2021-02-15,Sacramento,067,1510023,92629,1164,93793,1479
2021-02-15,San Benito,069,59416,5676,82,5758,54
2021-02-15,San Bernardino,071,2135413,284068,8369,292437,4835
2021-02-15,San Diego,073,3302833,260240,12551,272791,3373
2021-02-15,San Francisco,075,870044,33590,1004,34594,498
2021-02-15,San Joaquin,077,732212,65721,2630,68351,1267
2021-02-15,San Luis Obispo,079,281455,19344,529,19873,239
2021-02-15,San Mateo,081,765935,38891,385,39276,493
2021-02-15,Santa Barbara,083,443738,31586,1000,32586,409
2021-02-15,Santa Clara,085,1922200,108240,533,108773,1566
2021-02-15,Santa Cruz,087,273765,15180,752,15932,189
2021-02-15,Shasta,089,179085,10789,1173,11962,165
2021-02-15,Sierra,091,2930,50,12,62,0
2021-02-15,Siskiyou,093,43540,1443,212,1655,11
2021-02-15,Solano,095,438530,29459,341,29800,243
2021-02-15,Sonoma,097,501317,27440,171,27611,295
2021-02-15,Stanislaus,099,539301,49697,5132,54829,864
2021-02-15,Sutter,101,95872,8697,77,8774,109
2021-02-15,Tehama,103,63373,4548,477,5025,63
2021-02-15,Trinity,105,12862,456,68,524,4
2021-02-15,Tulare,107,460477,47639,7536,55175,795
2021-02-15,Tuolumne,109,53932,3748,36,3784,54
2021-02-15,Ventura,111,848112,76611,2687,79298,880
2021-02-15,Yolo,113,214977,12634,145,12779,208
2021-02-15,Yuba,115,75493,5397,79,5476,39
2021-02-14,Alameda,001,1643700,79263,1644,80907,1102
2021-02-14,Alpine,002,1148,78,0,78,0
2021-02-14,Amador,005,37829,3415,28,3443,41
2021-02-14,Butte,007,227075,11135,1586,12721,180
2021-02-14,Calaveras,009,45235,1873,11,1884,46
2021-02-14,Colusa,011,21464,1854,247,2101,14
2021-02-14,Contra Costa,013,1133247,61704,1025,62729,720
2021-02-14,Del Norte,015,27424,959,4,963,4
2021-02-14,El Dorado,017,186661,8987,597,9584,104
2021-02-14,Fresno,019,978130,94660,7364,102024,1516
2021-02-14,Glenn,021,27897,2215,476,2691,23
2021-02-14,Humboldt,023,135768,3025,21,3046,30
2021-02-14,Imperial,025,180216,27088,2390,29478,712
2021-02-14,Inyo,027,18085,1226,8,1234,37
2021-02-14,Kern,029,883053,92011,9328,101339,1158
2021-02-14,Kings,031,150075,21941,924,22865,220
2021-02-14,Lake,033,64148,3096,1,3097,52
2021-02-14,Lassen,035,31185,5072,90,5162,18
2021-02-14,Los Angeles,037,10098052,1162102,37329,1199431,21989
2021-02-14,Madera,039,155013,15325,769,16094,216
2021-02-14,Marin,041,260295,4508,88,4596,158
2021-02-14,Mariposa,043,17540,373,4,377,6
2021-02-14,Mendocino,045,87422,3582,69,3651,40
2021-02-14,Merced,047,269075,27726,841,28567,412
2021-02-14,Modoc,049,8938,331,111,442,4
2021-02-14,Mono,051,14174,1170,16,1186,3
2021-02-14,Monterey,053,433212,41415,1581,42996,532
2021-02-14,Napa,055,140530,8856,30,8886,69
2021-02-14,Nevada,057,99092,3873,149,4022,69
2021-02-14,Orange,059,3164182,244504,9903,254407,4725
2021-02-14,Placer,061,380077,20196,1058,21254,273
2021-02-14,Plumas,063,18699,636,10,646,5
2021-02-14,Riverside,065,2383286,282635,13070,295705,4201
2021-02-14,Sacramento,067,1510023,92422,1160,93582,1475
2021-02-14,San Benito,069,59416,5667,81,5748,53
2021-02-14,San Bernardino,071,2135413,283762,8349,292111,4818
2021-02-14,San Diego,073,3302833,259748,12504,272252,3349
2021-02-14,San Francisco,075,870044,33516,996,34512,492
2021-02-14,San Joaquin,077,732212,65623,2616,68239,1262
2021-02-14,San Luis Obispo,079,281455,19306,526,19832,238
2021-02-14,San Mateo,081,765935,38806,385,39191,493
2021-02-14,Santa Barbara,083,443738,31494,996,32490,408
2021-02-14,Santa Clara,085,1922200,108041,529,108570,1558
2021-02-14,Santa Cruz,087,273765,15152,747,15899,184
2021-02-14,Shasta,089,179085,10757,1169,11926,165
2021-02-14,Sierra,091,2930,50,12,62,0
2021-02-14,Siskiyou,093,43540,1439,212,1651,11
2021-02-14,Solano,095,438530,29417,338,29755,243
2021-02-14,Sonoma,097,501317,27365,169,27534,295
2021-02-14,Stanislaus,099,539301,49587,5117,54704,861
2021-02-14,Sutter,101,95872,8674,77,8751,108
2021-02-14,Tehama,103,63373,4542,474,5016,63
2021-02-14,Trinity,105,12862,456,68,524,4
2021-02-14,Tulare,107,460477,47554,7486,55040,791
2021-02-14,Tuolumne,109,53932,3747,36,3783,54
2021-02-14,Ventura,111,848112,76442,2676,79118,874
2021-02-14,Yolo,113,214977,12605,144,12749,208
2021-02-14,Yuba,115,75493,5387,79,5466,39
2021-02-13,Alameda,001,1643700,79141,1641,80782,1096
2021-02-13,Alpine,002,1148,78,0,78,0
2021-02-13,Amador,005,37829,3412,28,3440,41
2021-02-13,Butte,007,227075,11119,1584,12703,179
2021-02-13,Calaveras,009,45235,1870,11,1881,46
2021-02-13,Colusa,011,21464,1854,247,2101,14
2021-02-13,Contra Costa,013,1133247,61583,1025,62608,716
2021-02-13,Del Norte,015,27424,957,4,961,4
2021-02-13,El Dorado,017,186661,8975,596,9571,103
2021-02-13,Fresno,019,978130,94546,7342,101888,1509
2021-02-13,Glenn,021,27897,2214,474,2688,23
2021-02-13,Humboldt,023,135768,3012,20,3032,30
2021-02-13,Imperial,025,180216,27081,2388,29469,712
2021-02-13,Inyo,027,18085,1222,8,1230,36
2021-02-13,Kern,029,883053,91922,9302,101224,1154
2021-02-13,Kings,031,150075,21926,922,22848,218
2021-02-13,Lake,033,64148,3087,1,3088,51
2021-02-13,Lassen,035,31185,5069,90,5159,18
2021-02-13,Los Angeles,037,10098052,1161243,37284,1198527,21896
2021-02-13,Madera,039,155013,15316,765,16081,216
2021-02-13,Marin,041,260295,4484,88,4572,157
2021-02-13,Mariposa,043,17540,373,4,377,5
2021-02-13,Mendocino,045,87422,3572,69,3641,40
2021-02-13,Merced,047,269075,27682,838,28520,411
2021-02-13,Modoc,049,8938,331,111,442,4
2021-02-13,Mono,051,14174,1170,16,1186,3
2021-02-13,Monterey,053,433212,41383,1580,42963,528
2021-02-13,Napa,055,140530,8847,30,8877,69
2021-02-13,Nevada,057,99092,3864,148,4012,69
2021-02-13,Orange,059,3164182,244298,9884,254182,4702
2021-02-13,Placer,061,380077,20176,1058,21234,272
2021-02-13,Plumas,063,18699,636,10,646,5
2021-02-13,Riverside,065,2383286,282406,13061,295467,4183
2021-02-13,Sacramento,067,1510023,92255,1157,93412,1469
2021-02-13,San Benito,069,59416,5650,81,5731,53
2021-02-13,San Bernardino,071,2135413,283610,8336,291946,4794
2021-02-13,San Diego,073,3302833,259416,12492,271908,3332
2021-02-13,San Francisco,075,870044,33466,986,34452,491
2021-02-13,San Joaquin,077,732212,65554,2606,68160,1257
2021-02-13,San Luis Obispo,079,281455,19278,520,19798,236
2021-02-13,San Mateo,081,765935,38753,385,39138,492
2021-02-13,Santa Barbara,083,443738,31442,995,32437,405
2021-02-13,Santa Clara,085,1922200,107852,526,108378,1553
2021-02-13,Santa Cruz,087,273765,15125,746,15871,184
2021-02-13,Shasta,089,179085,10744,1164,11908,165
2021-02-13,Sierra,091,2930,50,12,62,0
2021-02-13,Siskiyou,093,43540,1436,212,1648,11
2021-02-13,Solano,095,438530,29382,338,29720,242
2021-02-13,Sonoma,097,501317,27317,167,27484,294
2021-02-13,Stanislaus,099,539301,49516,5111,54627,859
2021-02-13,Sutter,101,95872,8662,77,8739,108
2021-02-13,Tehama,103,63373,4532,473,5005,63
2021-02-13,Trinity,105,12862,455,67,522,4
2021-02-13,Tulare,107,460477,47503,7455,54958,789
2021-02-13,Tuolumne,109,53932,3746,36,3782,54
2021-02-13,Ventura,111,848112,76302,2670,78972,870
2021-02-13,Yolo,113,214977,12592,143,12735,208
2021-02-13,Yuba,115,75493,5379,79,5458,39
2021-02-12,Alameda,001,1643700,78992,1635,80627,1083
2021-02-12,Alpine,002,1148,78,0,78,0
2021-02-12,Amador,005,37829,3408,28,3436,40
2021-02-12,Butte,007,227075,11106,1577,12683,178
2021-02-12,Calaveras,009,45235,1867,11,1878,46
2021-02-12,Colusa,011,21464,1854,247,2101,14
2021-02-12,Contra Costa,013,1133247,61433,1021,62454,715
2021-02-12,Del Norte,015,27424,947,4,951,4
2021-02-12,El Dorado,017,186661,8960,593,9553,103
2021-02-12,Fresno,019,978130,94392,7322,101714,1500
2021-02-12,Glenn,021,27897,2211,474,2685,23
2021-02-12,Humboldt,023,135768,3004,20,3024,30
2021-02-12,Imperial,025,180216,27074,2385,29459,711
2021-02-12,Inyo,027,18085,1216,8,1224,36
2021-02-12,Kern,029,883053,91808,9270,101078,1150
2021-02-12,Kings,031,150075,21894,917,22811,218
2021-02-12,Lake,033,64148,3082,1,3083,51
2021-02-12,Lassen,035,31185,5067,90,5157,18
2021-02-12,Los Angeles,037,10098052,1160030,37218,1197248,21807
2021-02-12,Madera,039,155013,15289,762,16051,216
2021-02-12,Marin,041,260295,4458,88,4546,157
2021-02-12,Mariposa,043,17540,372,4,376,5
2021-02-12,Mendocino,045,87422,3570,69,3639,40
2021-02-12,Merced,047,269075,27631,835,28466,407
2021-02-12,Modoc,049,8938,331,111,442,4
2021-02-12,Mono,051,14174,1169,16,1185,3
2021-02-12,Monterey,053,433212,41335,1571,42906,527
2021-02-12,Napa,055,140530,8835,30,8865,68
2021-02-12,Nevada,057,99092,3859,148,4007,69
2021-02-12,Orange,059,3164182,244059,9869,253928,4678
2021-02-12,Placer,061,380077,20134,1053,21187,271
2021-02-12,Plumas,063,18699,635,10,645,5
2021-02-12,Riverside,065,2383286,282128,13046,295174,4168
2021-02-12,Sacramento,067,1510023,92053,1156,93209,1463
2021-02-12,San Benito,069,59416,5634,80,5714,53
2021-02-12,San Bernardino,071,2135413,283420,8325,291745,4775
2021-02-12,San Diego,073,3302833,259027,12466,271493,3311
2021-02-12,San Francisco,075,870044,33406,982,34388,487
2021-02-12,San Joaquin,077,732212,65458,2598,68056,1252
2021-02-12,San Luis Obispo,079,281455,19237,519,19756,234
2021-02-12,San Mateo,081,765935,38681,385,39066,489
2021-02-12,Santa Barbara,083,443738,31371,990,32361,403
2021-02-12,Santa Clara,085,1922200,107680,523,108203,1548
2021-02-12,Santa Cruz,087,273765,15105,746,15851,180
2021-02-12,Shasta,089,179085,10726,1154,11880,165
2021-02-12,Sierra,091,2930,49,12,61,0
2021-02-12,Siskiyou,093,43540,1432,209,1641,11
2021-02-12,Solano,095,438530,29350,335,29685,242
2021-02-12,Sonoma,097,501317,27262,163,27425,294
2021-02-12,Stanislaus,099,539301,49428,5089,54517,856
2021-02-12,Sutter,101,95872,8649,77,8726,108
2021-02-12,Tehama,103,63373,4525,472,4997,63
2021-02-12,Trinity,105,12862,455,67,522,4
2021-02-12,Tulare,107,460477,47425,7429,54854,785
2021-02-12,Tuolumne,109,53932,3743,35,3778,53
2021-02-12,Ventura,111,848112,76132,2664,78796,864
2021-02-12,Yolo,113,214977,12571,143,12714,208
2021-02-12,Yuba,115,75493,5371,79,5450,39
2021-02-11,Alameda,001,1643700,78766,1630,80396,1076
2021-02-11,Alpine,002,1148,77,0,77,0
2021-02-11,Amador,005,37829,3404,28,3432,40
2021-02-11,Butte,007,227075,11083,1576,12659,177
2021-02-11,Calaveras,009,45235,1864,11,1875,46
2021-02-11,Colusa,011,21464,1849,245,2094,14
2021-02-11,Contra Costa,013,1133247,61265,1017,62282,711
2021-02-11,Del Norte,015,27424,942,4,946,4
2021-02-11,El Dorado,017,186661,8939,593,9532,102
2021-02-11,Fresno,019,978130,94239,7299,101538,1497
2021-02-11,Glenn,021,27897,2206,473,2679,23
2021-02-11,Humboldt,023,135768,2991,19,3010,30
2021-02-11,Imperial,025,180216,27050,2383,29433,709
2021-02-11,Inyo,027,18085,1207,8,1215,35
2021-02-11,Kern,029,883053,91617,9227,100844,1147
2021-02-11,Kings,031,150075,21864,914,22778,216
2021-02-11,Lake,033,64148,3072,1,3073,51
2021-02-11,Lassen,035,31185,5056,87,5143,18
2021-02-11,Los Angeles,037,10098052,1158402,37147,1195549,21696
2021-02-11,Madera,039,155013,15268,760,16028,213
2021-02-11,Marin,041,260295,4421,88,4509,157
2021-02-11,Mariposa,043,17540,372,4,376,5
2021-02-11,Mendocino,045,87422,3563,69,3632,40
2021-02-11,Merced,047,269075,27565,831,28396,407
2021-02-11,Modoc,049,8938,330,111,441,4
2021-02-11,Mono,051,14174,1165,16,1181,3
2021-02-11,Monterey,053,433212,41229,1565,42794,524
2021-02-11,Napa,055,140530,8814,30,8844,67
2021-02-11,Nevada,057,99092,3843,148,3991,69
2021-02-11,Orange,059,3164182,243692,9845,253537,4650
2021-02-11,Placer,061,380077,20094,1052,21146,271
2021-02-11,Plumas,063,18699,634,10,644,5
2021-02-11,Riverside,065,2383286,281761,13031,294792,4144
2021-02-11,Sacramento,067,1510023,91810,1150,92960,1460
2021-02-11,San Benito,069,59416,5625,80,5705,53
2021-02-11,San Bernardino,071,2135413,283122,8311,291433,4749
2021-02-11,San Diego,073,3302833,258474,12432,270906,3293
2021-02-11,San Francisco,075,870044,33323,973,34296,480
2021-02-11,San Joaquin,077,732212,65290,2588,67878,1246
2021-02-11,San Luis Obispo,079,281455,19172,515,19687,232
2021-02-11,San Mateo,081,765935,38589,383,38972,489
2021-02-11,Santa Barbara,083,443738,31273,985,32258,398
2021-02-11,Santa Clara,085,1922200,107420,518,107938,1539
2021-02-11,Santa Cruz,087,273765,15082,741,15823,179
2021-02-11,Shasta,089,179085,10702,1150,11852,165
2021-02-11,Sierra,091,2930,49,12,61,0
2021-02-11,Siskiyou,093,43540,1417,209,1626,11
2021-02-11,Solano,095,438530,29297,335,29632,241
2021-02-11,Sonoma,097,501317,27177,160,27337,292
2021-02-11,Stanislaus,099,539301,49283,5077,54360,854
2021-02-11,Sutter,101,95872,8635,76,8711,108
2021-02-11,Tehama,103,63373,4519,472,4991,63
2021-02-11,Trinity,105,12862,455,67,522,4
2021-02-11,Tulare,107,460477,47330,7390,54720,780
2021-02-11,Tuolumne,109,53932,3706,35,3741,51
2021-02-11,Ventura,111,848112,75930,2655,78585,852
2021-02-11,Yolo,113,214977,12547,143,12690,208
2021-02-11,Yuba,115,75493,5357,78,5435,39
2021-02-10,Alameda,001,1643700,78565,1629,80194,1069
2021-02-10,Alpine,002,1148,77,0,77,0
2021-02-10,Amador,005,37829,3392,28,3420,40
2021-02-10,Butte,007,227075,11055,1575,12630,176
2021-02-10,Calaveras,009,45235,1862,11,1873,46
2021-02-10,Colusa,011,21464,1842,243,2085,14
2021-02-10,Contra Costa,013,1133247,61090,1015,62105,707
2021-02-10,Del Norte,015,27424,936,4,940,4
2021-02-10,El Dorado,017,186661,8908,589,9497,102
2021-02-10,Fresno,019,978130,94064,7274,101338,1489
2021-02-10,Glenn,021,27897,2202,471,2673,23
2021-02-10,Humboldt,023,135768,2983,19,3002,30
2021-02-10,Imperial,025,180216,27012,2380,29392,708
2021-02-10,Inyo,027,18085,1195,8,1203,35
2021-02-10,Kern,029,883053,91410,9173,100583,1140
2021-02-10,Kings,031,150075,21821,912,22733,215
2021-02-10,Lake,033,64148,3059,1,3060,51
2021-02-10,Lassen,035,31185,5052,87,5139,18
2021-02-10,Los Angeles,037,10098052,1156654,37020,1193674,21550
2021-02-10,Madera,039,155013,15229,758,15987,209
2021-02-10,Marin,041,260295,4384,88,4472,157
2021-02-10,Mariposa,043,17540,370,4,374,5
2021-02-10,Mendocino,045,87422,3548,69,3617,40
2021-02-10,Merced,047,269075,27482,820,28302,404
2021-02-10,Modoc,049,8938,329,109,438,4
2021-02-10,Mono,051,14174,1160,16,1176,3
2021-02-10,Monterey,053,433212,41152,1551,42703,524
2021-02-10,Napa,055,140530,8795,30,8825,67
2021-02-10,Nevada,057,99092,3828,146,3974,69
2021-02-10,Orange,059,3164182,243274,9814,253088,4626
2021-02-10,Placer,061,380077,20054,1047,21101,266
2021-02-10,Plumas,063,18699,631,10,641,5
2021-02-10,Riverside,065,2383286,281333,13021,294354,4127
2021-02-10,Sacramento,067,1510023,91559,1146,92705,1453
2021-02-10,San Benito,069,59416,5611,80,5691,53
2021-02-10,San Bernardino,071,2135413,282768,8295,291063,4721
2021-02-10,San Diego,073,3302833,257892,12394,270286,3278
2021-02-10,San Francisco,075,870044,33240,970,34210,479
2021-02-10,San Joaquin,077,732212,65148,2574,67722,1238
2021-02-10,San Luis Obispo,079,281455,19093,513,19606,231
2021-02-10,San Mateo,081,765935,38498,383,38881,484
2021-02-10,Santa Barbara,083,443738,31182,980,32162,398
2021-02-10,Santa Clara,085,1922200,107180,515,107695,1527
2021-02-10,Santa Cruz,087,273765,15046,739,15785,178
2021-02-10,Shasta,089,179085,10679,1147,11826,165
2021-02-10,Sierra,091,2930,49,12,61,0
2021-02-10,Siskiyou,093,43540,1412,208,1620,11
2021-02-10,Solano,095,438530,29221,333,29554,238
2021-02-10,Sonoma,097,501317,27081,158,27239,289
2021-02-10,Stanislaus,099,539301,49166,5061,54227,850
2021-02-10,Sutter,101,95872,8618,76,8694,108
2021-02-10,Tehama,103,63373,4511,472,4983,63
2021-02-10,Trinity,105,12862,452,67,519,4
2021-02-10,Tulare,107,460477,47212,7352,54564,775
2021-02-10,Tuolumne,109,53932,3698,35,3733,51
2021-02-10,Ventura,111,848112,75702,2638,78340,844
2021-02-10,Yolo,113,214977,12523,143,12666,207
2021-02-10,Yuba,115,75493,5339,78,5417,39
2021-02-09,Alameda,001,1643700,78303,1625,79928,1062
2021-02-09,Alpine,002,1148,77,0,77,0
2021-02-09,Amador,005,37829,3384,28,3412,40
2021-02-09,Butte,007,227075,11029,1572,12601,175
2021-02-09,Calaveras,009,45235,1858,11,1869,46
2021-02-09,Colusa,011,21464,1833,238,2071,14
2021-02-09,Contra Costa,013,1133247,60900,1009,61909,707
2021-02-09,Del Norte,015,27424,930,4,934,3
2021-02-09,El Dorado,017,186661,8880,587,9467,102
2021-02-09,Fresno,019,978130,93822,7246,101068,1481
2021-02-09,Glenn,021,27897,2198,471,2669,23
2021-02-09,Humboldt,023,135768,2975,19,2994,30
2021-02-09,Imperial,025,180216,26982,2377,29359,707
2021-02-09,Inyo,027,18085,1187,8,1195,35
2021-02-09,Kern,029,883053,91158,9126,100284,1133
2021-02-09,Kings,031,150075,21779,910,22689,215
2021-02-09,Lake,033,64148,3048,1,3049,51
2021-02-09,Lassen,035,31185,5045,87,5132,18
2021-02-09,Los Angeles,037,10098052,1154676,36939,1191615,21429
2021-02-09,Madera,039,155013,15209,755,15964,208
2021-02-09,Marin,041,260295,4352,87,4439,157
2021-02-09,Mariposa,043,17540,368,4,372,5
2021-02-09,Mendocino,045,87422,3530,69,3599,40
2021-02-09,Merced,047,269075,27384,815,28199,401
2021-02-09,Modoc,049,8938,328,109,437,4
2021-02-09,Mono,051,14174,1159,16,1175,3
2021-02-09,Monterey,053,433212,41044,1538,42582,523
2021-02-09,Napa,055,140530,8782,30,8812,67
2021-02-09,Nevada,057,99092,3811,146,3957,69
2021-02-09,Orange,059,3164182,242863,9783,252646,4598
2021-02-09,Placer,061,380077,19989,1040,21029,266
2021-02-09,Plumas,063,18699,631,10,641,5
2021-02-09,Riverside,065,2383286,280839,13004,293843,4105
2021-02-09,Sacramento,067,1510023,91249,1145,92394,1448
2021-02-09,San Benito,069,59416,5599,79,5678,53
2021-02-09,San Bernardino,071,2135413,282397,8282,290679,4698
2021-02-09,San Diego,073,3302833,257234,12351,269585,3242
2021-02-09,San Francisco,075,870044,33160,960,34120,470
2021-02-09,San Joaquin,077,732212,64973,2569,67542,1230
2021-02-09,San Luis Obispo,079,281455,19034,512,19546,229
2021-02-09,San Mateo,081,765935,38367,382,38749,481
2021-02-09,Santa Barbara,083,443738,31070,974,32044,393
2021-02-09,Santa Clara,085,1922200,106874,512,107386,1515
2021-02-09,Santa Cruz,087,273765,14995,734,15729,176
2021-02-09,Shasta,089,179085,10651,1145,11796,165
2021-02-09,Sierra,091,2930,49,12,61,0
2021-02-09,Siskiyou,093,43540,1404,206,1610,11
2021-02-09,Solano,095,438530,29144,330,29474,237
2021-02-09,Sonoma,097,501317,26991,156,27147,284
2021-02-09,Stanislaus,099,539301,49006,5046,54052,848
2021-02-09,Sutter,101,95872,8602,76,8678,108
2021-02-09,Tehama,103,63373,4504,471,4975,62
2021-02-09,Trinity,105,12862,452,67,519,4
2021-02-09,Tulare,107,460477,47078,7300,54378,772
2021-02-09,Tuolumne,109,53932,3679,35,3714,50
2021-02-09,Ventura,111,848112,75451,2630,78081,837
2021-02-09,Yolo,113,214977,12481,143,12624,207
2021-02-09,Yuba,115,75493,5330,78,5408,39
2021-02-08,Alameda,001,1643700,78042,1620,79662,1054
2021-02-08,Alpine,002,1148,77,0,77,0
2021-02-08,Amador,005,37829,3377,27,3404,40
2021-02-08,Butte,007,227075,11007,1568,12575,174
2021-02-08,Calaveras,009,45235,1857,11,1868,46
2021-02-08,Colusa,011,21464,1825,234,2059,14
2021-02-08,Contra Costa,013,1133247,60690,1007,61697,703
2021-02-08,Del Norte,015,27424,927,4,931,3
2021-02-08,El Dorado,017,186661,8848,584,9432,100
2021-02-08,Fresno,019,978130,93610,7221,100831,1473
2021-02-08,Glenn,021,27897,2194,469,2663,23
2021-02-08,Humboldt,023,135768,2967,19,2986,30
2021-02-08,Imperial,025,180216,26960,2375,29335,706
2021-02-08,Inyo,027,18085,1174,8,1182,35
2021-02-08,Kern,029,883053,90941,9065,100006,1126
2021-02-08,Kings,031,150075,21717,907,22624,213
2021-02-08,Lake,033,64148,3029,1,3030,51
2021-02-08,Lassen,035,31185,5032,87,5119,18
2021-02-08,Los Angeles,037,10098052,1152579,36818,1189397,21306
2021-02-08,Madera,039,155013,15173,748,15921,208
2021-02-08,Marin,041,260295,4322,87,4409,157
2021-02-08,Mariposa,043,17540,368,4,372,5
2021-02-08,Mendocino,045,87422,3516,69,3585,40
2021-02-08,Merced,047,269075,27301,810,28111,397
2021-02-08,Modoc,049,8938,326,109,435,4
2021-02-08,Mono,051,14174,1159,16,1175,3
2021-02-08,Monterey,053,433212,40924,1519,42443,521
2021-02-08,Napa,055,140530,8767,30,8797,67
2021-02-08,Nevada,057,99092,3799,146,3945,69
2021-02-08,Orange,059,3164182,242395,9760,252155,4570
2021-02-08,Placer,061,380077,19948,1034,20982,265
2021-02-08,Plumas,063,18699,630,10,640,5
2021-02-08,Riverside,065,2383286,280271,12978,293249,4082
2021-02-08,Sacramento,067,1510023,90963,1142,92105,1438
2021-02-08,San Benito,069,59416,5594,78,5672,53
2021-02-08,San Bernardino,071,2135413,281994,8276,290270,4671
2021-02-08,San Diego,073,3302833,256490,12310,268800,3227
2021-02-08,San Francisco,075,870044,33066,952,34018,464
2021-02-08,San Joaquin,077,732212,64812,2559,67371,1224
2021-02-08,San Luis Obispo,079,281455,18977,507,19484,229
2021-02-08,San Mateo,081,765935,38258,382,38640,480
2021-02-08,Santa Barbara,083,443738,30955,967,31922,387
2021-02-08,Santa Clara,085,1922200,106551,504,107055,1504
2021-02-08,Santa Cruz,087,273765,14956,728,15684,174
2021-02-08,Shasta,089,179085,10624,1139,11763,164
2021-02-08,Sierra,091,2930,49,12,61,0
2021-02-08,Siskiyou,093,43540,1401,206,1607,11
2021-02-08,Solano,095,438530,29079,328,29407,237
2021-02-08,Sonoma,097,501317,26900,155,27055,280
2021-02-08,Stanislaus,099,539301,48851,5018,53869,845
2021-02-08,Sutter,101,95872,8583,76,8659,108
2021-02-08,Tehama,103,63373,4494,468,4962,61
2021-02-08,Trinity,105,12862,450,67,517,4
2021-02-08,Tulare,107,460477,46970,7260,54230,770
2021-02-08,Tuolumne,109,53932,3671,35,3706,50
2021-02-08,Ventura,111,848112,75194,2625,77819,826
2021-02-08,Yolo,113,214977,12449,142,12591,207
2021-02-08,Yuba,115,75493,5314,78,5392,39
2021-02-07,Alameda,001,1643700,77741,1612,79353,1049
2021-02-07,Alpine,002,1148,74,0,74,0
2021-02-07,Amador,005,37829,3356,27,3383,39
2021-02-07,Butte,007,227075,10975,1560,12535,174
2021-02-07,Calaveras,009,45235,1853,11,1864,46
2021-02-07,Colusa,011,21464,1814,232,2046,14
2021-02-07,Contra Costa,013,1133247,60447,1002,61449,699
2021-02-07,Del Norte,015,27424,923,4,927,3
2021-02-07,El Dorado,017,186661,8819,582,9401,100
2021-02-07,Fresno,019,978130,93380,7183,100563,1462
2021-02-07,Glenn,021,27897,2190,464,2654,23
2021-02-07,Humboldt,023,135768,2946,19,2965,30
2021-02-07,Imperial,025,180216,26931,2370,29301,703
2021-02-07,Inyo,027,18085,1163,8,1171,35
2021-02-07,Kern,029,883053,90693,9007,99700,1120
2021-02-07,Kings,031,150075,21656,904,22560,211
2021-02-07,Lake,033,64148,3014,1,3015,51
2021-02-07,Lassen,035,31185,5021,87,5108,17
2021-02-07,Los Angeles,037,10098052,1149818,36695,1186513,21156
2021-02-07,Madera,039,155013,15139,744,15883,207
2021-02-07,Marin,041,260295,4289,85,4374,157
2021-02-07,Mariposa,043,17540,367,4,371,4
2021-02-07,Mendocino,045,87422,3499,69,3568,39
2021-02-07,Merced,047,269075,27189,798,27987,396
2021-02-07,Modoc,049,8938,326,105,431,4
2021-02-07,Mono,051,14174,1156,16,1172,3
2021-02-07,Monterey,053,433212,40788,1500,42288,516
2021-02-07,Napa,055,140530,8744,30,8774,67
2021-02-07,Nevada,057,99092,3788,146,3934,68
2021-02-07,Orange,059,3164182,241797,9726,251523,4547
2021-02-07,Placer,061,380077,19901,1021,20922,265
2021-02-07,Plumas,063,18699,630,10,640,5
2021-02-07,Riverside,065,2383286,279742,12957,292699,4067
2021-02-07,Sacramento,067,1510023,90630,1135,91765,1430
2021-02-07,San Benito,069,59416,5575,77,5652,53
2021-02-07,San Bernardino,071,2135413,281401,8251,289652,4648
2021-02-07,San Diego,073,3302833,255704,12246,267950,3199
2021-02-07,San Francisco,075,870044,32946,940,33886,460
2021-02-07,San Joaquin,077,732212,64538,2545,67083,1219
2021-02-07,San Luis Obispo,079,281455,18905,500,19405,226
2021-02-07,San Mateo,081,765935,38124,380,38504,475
2021-02-07,Santa Barbara,083,443738,30815,955,31770,386
2021-02-07,Santa Clara,085,1922200,106212,494,106706,1499
2021-02-07,Santa Cruz,087,273765,14902,723,15625,173
2021-02-07,Shasta,089,179085,10605,1131,11736,164
2021-02-07,Sierra,091,2930,49,12,61,0
2021-02-07,Siskiyou,093,43540,1394,204,1598,11
2021-02-07,Solano,095,438530,28969,327,29296,235
2021-02-07,Sonoma,097,501317,26793,151,26944,278
2021-02-07,Stanislaus,099,539301,48661,4986,53647,843
2021-02-07,Sutter,101,95872,8555,76,8631,107
2021-02-07,Tehama,103,63373,4478,467,4945,61
2021-02-07,Trinity,105,12862,447,65,512,4
2021-02-07,Tulare,107,460477,46847,7182,54029,765
2021-02-07,Tuolumne,109,53932,3647,34,3681,50
2021-02-07,Ventura,111,848112,74883,2613,77496,816
2021-02-07,Yolo,113,214977,12403,142,12545,207
2021-02-07,Yuba,115,75493,5299,76,5375,39
2021-02-06,Alameda,001,1643700,77588,1601,79189,1041
2021-02-06,Alpine,002,1148,74,0,74,0
2021-02-06,Amador,005,37829,3350,27,3377,38
2021-02-06,Butte,007,227075,10958,1556,12514,173
2021-02-06,Calaveras,009,45235,1851,11,1862,46
2021-02-06,Colusa,011,21464,1812,231,2043,14
2021-02-06,Contra Costa,013,1133247,60300,996,61296,693
2021-02-06,Del Norte,015,27424,919,4,923,3
2021-02-06,El Dorado,017,186661,8812,578,9390,100
2021-02-06,Fresno,019,978130,93267,7162,100429,1454
2021-02-06,Glenn,021,27897,2188,463,2651,23
2021-02-06,Humboldt,023,135768,2935,19,2954,30
2021-02-06,Imperial,025,180216,26919,2369,29288,703
2021-02-06,Inyo,027,18085,1160,8,1168,35
2021-02-06,Kern,029,883053,90539,8961,99500,1115
2021-02-06,Kings,031,150075,21625,904,22529,209
2021-02-06,Lake,033,64148,3009,1,3010,51
2021-02-06,Lassen,035,31185,5017,86,5103,17
2021-02-06,Los Angeles,037,10098052,1148462,36598,1185060,21026
2021-02-06,Madera,039,155013,15118,742,15860,207
2021-02-06,Marin,041,260295,4269,85,4354,156
2021-02-06,Mariposa,043,17540,366,3,369,4
2021-02-06,Mendocino,045,87422,3481,68,3549,39
2021-02-06,Merced,047,269075,27103,790,27893,395
2021-02-06,Modoc,049,8938,326,105,431,4
2021-02-06,Mono,051,14174,1155,16,1171,3
2021-02-06,Monterey,053,433212,40730,1492,42222,512
2021-02-06,Napa,055,140530,8731,30,8761,67
2021-02-06,Nevada,057,99092,3776,146,3922,68
2021-02-06,Orange,059,3164182,241433,9692,251125,4523
2021-02-06,Placer,061,380077,19864,1018,20882,264
2021-02-06,Plumas,063,18699,630,10,640,5
2021-02-06,Riverside,065,2383286,279374,12938,292312,4043
2021-02-06,Sacramento,067,1510023,90413,1125,91538,1423
2021-02-06,San Benito,069,59416,5557,77,5634,53
2021-02-06,San Bernardino,071,2135413,281092,8229,289321,4622
2021-02-06,San Diego,073,3302833,255208,12211,267419,3181
2021-02-06,San Francisco,075,870044,32872,930,33802,458
2021-02-06,San Joaquin,077,732212,64459,2534,66993,1216
2021-02-06,San Luis Obispo,079,281455,18863,496,19359,225
2021-02-06,San Mateo,081,765935,38056,377,38433,470
2021-02-06,Santa Barbara,083,443738,30739,953,31692,384
2021-02-06,Santa Clara,085,1922200,105990,489,106479,1490
2021-02-06,Santa Cruz,087,273765,14871,719,15590,172
2021-02-06,Shasta,089,179085,10594,1129,11723,162
2021-02-06,Sierra,091,2930,49,12,61,0
2021-02-06,Siskiyou,093,43540,1391,203,1594,11
2021-02-06,Solano,095,438530,28933,326,29259,234
2021-02-06,Sonoma,097,501317,26756,149,26905,277
2021-02-06,Stanislaus,099,539301,48565,4971,53536,839
2021-02-06,Sutter,101,95872,8547,76,8623,107
2021-02-06,Tehama,103,63373,4468,466,4934,60
2021-02-06,Trinity,105,12862,447,65,512,4
2021-02-06,Tulare,107,460477,46779,7137,53916,758
2021-02-06,Tuolumne,109,53932,3640,34,3674,50
2021-02-06,Ventura,111,848112,74703,2607,77310,809
2021-02-06,Yolo,113,214977,12380,142,12522,206
2021-02-06,Yuba,115,75493,5289,75,5364,36
2021-02-05,Alameda,001,1643700,77359,1599,78958,1038
2021-02-05,Alpine,002,1148,74,0,74,0
2021-02-05,Amador,005,37829,3345,26,3371,38
2021-02-05,Butte,007,227075,10939,1549,12488,172
2021-02-05,Calaveras,009,45235,1847,11,1858,45
2021-02-05,Colusa,011,21464,1808,231,2039,14
2021-02-05,Contra Costa,013,1133247,60139,994,61133,689
2021-02-05,Del Norte,015,27424,918,4,922,3
2021-02-05,El Dorado,017,186661,8793,576,9369,100
2021-02-05,Fresno,019,978130,93065,7141,100206,1449
2021-02-05,Glenn,021,27897,2185,458,2643,23
2021-02-05,Humboldt,023,135768,2925,19,2944,29
2021-02-05,Imperial,025,180216,26900,2368,29268,703
2021-02-05,Inyo,027,18085,1156,8,1164,35
2021-02-05,Kern,029,883053,90370,8895,99265,1108
2021-02-05,Kings,031,150075,21587,901,22488,207
2021-02-05,Lake,033,64148,2997,1,2998,51
2021-02-05,Lassen,035,31185,5013,86,5099,17
2021-02-05,Los Angeles,037,10098052,1146362,36468,1182830,20907
2021-02-05,Madera,039,155013,15084,737,15821,205
2021-02-05,Marin,041,260295,4234,85,4319,155
2021-02-05,Mariposa,043,17540,366,3,369,4
2021-02-05,Mendocino,045,87422,3467,68,3535,39
2021-02-05,Merced,047,269075,27043,789,27832,393
2021-02-05,Modoc,049,8938,326,105,431,4
2021-02-05,Mono,051,14174,1154,16,1170,3
2021-02-05,Monterey,053,433212,40663,1481,42144,509
2021-02-05,Napa,055,140530,8717,30,8747,67
2021-02-05,Nevada,057,99092,3773,146,3919,68
2021-02-05,Orange,059,3164182,241006,9665,250671,4493
2021-02-05,Placer,061,380077,19828,1016,20844,263
2021-02-05,Plumas,063,18699,628,10,638,5
2021-02-05,Riverside,065,2383286,278958,12919,291877,4018
2021-02-05,Sacramento,067,1510023,90232,1118,91350,1415
2021-02-05,San Benito,069,59416,5546,77,5623,53
2021-02-05,San Bernardino,071,2135413,280747,8213,288960,4598
2021-02-05,San Diego,073,3302833,254632,12176,266808,3156
2021-02-05,San Francisco,075,870044,32782,919,33701,453
2021-02-05,San Joaquin,077,732212,64310,2526,66836,1208
2021-02-05,San Luis Obispo,079,281455,18802,492,19294,225
2021-02-05,San Mateo,081,765935,37973,376,38349,469
2021-02-05,Santa Barbara,083,443738,30642,940,31582,379
2021-02-05,Santa Clara,085,1922200,105742,487,106229,1485
2021-02-05,Santa Cruz,087,273765,14850,717,15567,170
2021-02-05,Shasta,089,179085,10578,1122,11700,162
2021-02-05,Sierra,091,2930,49,12,61,0
2021-02-05,Siskiyou,093,43540,1384,201,1585,11
2021-02-05,Solano,095,438530,28883,326,29209,232
2021-02-05,Sonoma,097,501317,26687,146,26833,277
2021-02-05,Stanislaus,099,539301,48420,4953,53373,834
2021-02-05,Sutter,101,95872,8527,76,8603,106
2021-02-05,Tehama,103,63373,4459,465,4924,58
2021-02-05,Trinity,105,12862,446,65,511,4
2021-02-05,Tulare,107,460477,46702,7089,53791,756
2021-02-05,Tuolumne,109,53932,3614,34,3648,49
2021-02-05,Ventura,111,848112,74458,2595,77053,800
2021-02-05,Yolo,113,214977,12362,139,12501,205
2021-02-05,Yuba,115,75493,5272,75,5347,36
2021-02-04,Alameda,001,1643700,77073,1593,78666,1031
2021-02-04,Alpine,002,1148,73,0,73,0
2021-02-04,Amador,005,37829,3342,26,3368,38
2021-02-04,Butte,007,227075,10906,1541,12447,172
2021-02-04,Calaveras,009,45235,1845,11,1856,45
2021-02-04,Colusa,011,21464,1804,229,2033,14
2021-02-04,Contra Costa,013,1133247,59951,990,60941,684
2021-02-04,Del Norte,015,27424,912,4,916,3
2021-02-04,El Dorado,017,186661,8767,573,9340,100
2021-02-04,Fresno,019,978130,92850,7114,99964,1434
2021-02-04,Glenn,021,27897,2180,457,2637,23
2021-02-04,Humboldt,023,135768,2915,19,2934,29
2021-02-04,Imperial,025,180216,26854,2366,29220,701
2021-02-04,Inyo,027,18085,1144,8,1152,35
2021-02-04,Kern,029,883053,90096,8819,98915,1102
2021-02-04,Kings,031,150075,21537,895,22432,204
2021-02-04,Lake,033,64148,2985,1,2986,51
2021-02-04,Lassen,035,31185,5010,86,5096,17
2021-02-04,Los Angeles,037,10098052,1143562,36341,1179903,20743
2021-02-04,Madera,039,155013,15053,734,15787,203
2021-02-04,Marin,041,260295,4199,85,4284,154
2021-02-04,Mariposa,043,17540,366,3,369,4
2021-02-04,Mendocino,045,87422,3449,66,3515,39
2021-02-04,Merced,047,269075,26948,786,27734,389
2021-02-04,Modoc,049,8938,326,105,431,4
2021-02-04,Mono,051,14174,1152,16,1168,3
2021-02-04,Monterey,053,433212,40552,1464,42016,503
2021-02-04,Napa,055,140530,8688,30,8718,66
2021-02-04,Nevada,057,99092,3753,145,3898,68
2021-02-04,Orange,059,3164182,240364,9623,249987,4462
2021-02-04,Placer,061,380077,19768,1007,20775,261
2021-02-04,Plumas,063,18699,625,10,635,5
2021-02-04,Riverside,065,2383286,278195,12880,291075,3983
2021-02-04,Sacramento,067,1510023,89931,1108,91039,1407
2021-02-04,San Benito,069,59416,5532,76,5608,53
2021-02-04,San Bernardino,071,2135413,280198,8193,288391,4565
2021-02-04,San Diego,073,3302833,253844,12110,265954,3133
2021-02-04,San Francisco,075,870044,32669,910,33579,445
2021-02-04,San Joaquin,077,732212,64085,2518,66603,1204
2021-02-04,San Luis Obispo,079,281455,18735,490,19225,224
2021-02-04,San Mateo,081,765935,37852,373,38225,465
2021-02-04,Santa Barbara,083,443738,30507,923,31430,373
2021-02-04,Santa Clara,085,1922200,105399,484,105883,1475
2021-02-04,Santa Cruz,087,273765,14817,709,15526,169
2021-02-04,Shasta,089,179085,10552,1117,11669,162
2021-02-04,Sierra,091,2930,49,12,61,0
2021-02-04,Siskiyou,093,43540,1375,201,1576,11
2021-02-04,Solano,095,438530,28782,325,29107,230
2021-02-04,Sonoma,097,501317,26605,143,26748,276
2021-02-04,Stanislaus,099,539301,48259,4934,53193,828
2021-02-04,Sutter,101,95872,8507,76,8583,106
2021-02-04,Tehama,103,63373,4442,464,4906,58
2021-02-04,Trinity,105,12862,445,64,509,4
2021-02-04,Tulare,107,460477,46575,7031,53606,748
2021-02-04,Tuolumne,109,53932,3574,34,3608,48
2021-02-04,Ventura,111,848112,74126,2582,76708,795
2021-02-04,Yolo,113,214977,12328,138,12466,205
2021-02-04,Yuba,115,75493,5246,75,5321,36
2021-02-03,Alameda,001,1643700,76748,1590,78338,1020
2021-02-03,Alpine,002,1148,73,0,73,0
2021-02-03,Amador,005,37829,3338,26,3364,38
2021-02-03,Butte,007,227075,10874,1534,12408,172
2021-02-03,Calaveras,009,45235,1830,11,1841,43
2021-02-03,Colusa,011,21464,1799,228,2027,14
2021-02-03,Contra Costa,013,1133247,59711,978,60689,679
2021-02-03,Del Norte,015,27424,907,4,911,3
2021-02-03,El Dorado,017,186661,8746,572,9318,98
2021-02-03,Fresno,019,978130,92628,7075,99703,1430
2021-02-03,Glenn,021,27897,2170,456,2626,23
2021-02-03,Humboldt,023,135768,2905,19,2924,29
2021-02-03,Imperial,025,180216,26818,2360,29178,699
2021-02-03,Inyo,027,18085,1134,8,1142,35
2021-02-03,Kern,029,883053,89853,8778,98631,1092
2021-02-03,Kings,031,150075,21476,893,22369,204
2021-02-03,Lake,033,64148,2967,1,2968,50
2021-02-03,Lassen,035,31185,4998,86,5084,17
2021-02-03,Los Angeles,037,10098052,1140477,36221,1176698,20606
2021-02-03,Madera,039,155013,15013,732,15745,202
2021-02-03,Marin,041,260295,4164,85,4249,154
2021-02-03,Mariposa,043,17540,365,3,368,4
2021-02-03,Mendocino,045,87422,3423,65,3488,39
2021-02-03,Merced,047,269075,26833,782,27615,388
2021-02-03,Modoc,049,8938,325,105,430,4
2021-02-03,Mono,051,14174,1145,16,1161,3
2021-02-03,Monterey,053,433212,40425,1447,41872,500
2021-02-03,Napa,055,140530,8653,30,8683,65
2021-02-03,Nevada,057,99092,3739,145,3884,68
2021-02-03,Orange,059,3164182,239620,9591,249211,4428
2021-02-03,Placer,061,380077,19713,1005,20718,257
2021-02-03,Plumas,063,18699,625,10,635,5
2021-02-03,Riverside,065,2383286,277452,12850,290302,3958
2021-02-03,Sacramento,067,1510023,89608,1104,90712,1399
2021-02-03,San Benito,069,59416,5514,73,5587,53
2021-02-03,San Bernardino,071,2135413,279712,8170,287882,4538
2021-02-03,San Diego,073,3302833,252942,12064,265006,3102
2021-02-03,San Francisco,075,870044,32539,905,33444,437
2021-02-03,San Joaquin,077,732212,63857,2508,66365,1198
2021-02-03,San Luis Obispo,079,281455,18657,487,19144,223
2021-02-03,San Mateo,081,765935,37714,369,38083,461
2021-02-03,Santa Barbara,083,443738,30358,914,31272,370
2021-02-03,Santa Clara,085,1922200,105083,482,105565,1463
2021-02-03,Santa Cruz,087,273765,14762,703,15465,168
2021-02-03,Shasta,089,179085,10509,1112,11621,162
2021-02-03,Sierra,091,2930,49,12,61,0
2021-02-03,Siskiyou,093,43540,1364,200,1564,11
2021-02-03,Solano,095,438530,28660,325,28985,229
2021-02-03,Sonoma,097,501317,26521,142,26663,275
2021-02-03,Stanislaus,099,539301,48083,4915,52998,820
2021-02-03,Sutter,101,95872,8482,76,8558,106
2021-02-03,Tehama,103,63373,4424,461,4885,57
2021-02-03,Trinity,105,12862,445,63,508,4
2021-02-03,Tulare,107,460477,46404,6975,53379,744
2021-02-03,Tuolumne,109,53932,3563,34,3597,48
2021-02-03,Ventura,111,848112,73789,2572,76361,786
2021-02-03,Yolo,113,214977,12303,138,12441,204
2021-02-03,Yuba,115,75493,5228,75,5303,36
2021-02-02,Alameda,001,1643700,76405,1578,77983,1013
2021-02-02,Alpine,002,1148,73,0,73,0
2021-02-02,Amador,005,37829,3307,26,3333,37
2021-02-02,Butte,007,227075,10848,1525,12373,172
2021-02-02,Calaveras,009,45235,1820,11,1831,42
2021-02-02,Colusa,011,21464,1791,223,2014,13
2021-02-02,Contra Costa,013,1133247,59431,975,60406,671
2021-02-02,Del Norte,015,27424,901,4,905,3
2021-02-02,El Dorado,017,186661,8706,572,9278,98
2021-02-02,Fresno,019,978130,92327,7040,99367,1422
2021-02-02,Glenn,021,27897,2158,453,2611,23
2021-02-02,Humboldt,023,135768,2893,19,2912,29
2021-02-02,Imperial,025,180216,26765,2354,29119,694
2021-02-02,Inyo,027,18085,1131,8,1139,35
2021-02-02,Kern,029,883053,89550,8702,98252,1083
2021-02-02,Kings,031,150075,21398,885,22283,202
2021-02-02,Lake,033,64148,2947,1,2948,50
2021-02-02,Lassen,035,31185,4991,86,5077,17
2021-02-02,Los Angeles,037,10098052,1137095,36061,1173156,20445
2021-02-02,Madera,039,155013,14962,727,15689,201
2021-02-02,Marin,041,260295,4134,85,4219,154
2021-02-02,Mariposa,043,17540,362,3,365,4
2021-02-02,Mendocino,045,87422,3390,65,3455,39
2021-02-02,Merced,047,269075,26736,776,27512,385
2021-02-02,Modoc,049,8938,320,105,425,4
2021-02-02,Mono,051,14174,1143,16,1159,3
2021-02-02,Monterey,053,433212,40290,1433,41723,494
2021-02-02,Napa,055,140530,8624,30,8654,64
2021-02-02,Nevada,057,99092,3724,145,3869,68
2021-02-02,Orange,059,3164182,238817,9556,248373,4396
2021-02-02,Placer,061,380077,19654,1001,20655,257
2021-02-02,Plumas,063,18699,625,10,635,5
2021-02-02,Riverside,065,2383286,276595,12816,289411,3926
2021-02-02,Sacramento,067,1510023,89318,1093,90411,1393
2021-02-02,San Benito,069,59416,5500,72,5572,52
2021-02-02,San Bernardino,071,2135413,279035,8141,287176,4524
2021-02-02,San Diego,073,3302833,251903,11977,263880,3075
2021-02-02,San Francisco,075,870044,32385,895,33280,434
2021-02-02,San Joaquin,077,732212,63636,2495,66131,1190
2021-02-02,San Luis Obispo,079,281455,18563,485,19048,221
2021-02-02,San Mateo,081,765935,37550,363,37913,460
2021-02-02,Santa Barbara,083,443738,30187,907,31094,364
2021-02-02,Santa Clara,085,1922200,104618,477,105095,1446
2021-02-02,Santa Cruz,087,273765,14703,699,15402,168
2021-02-02,Shasta,089,179085,10483,1102,11585,161
2021-02-02,Sierra,091,2930,49,12,61,0
2021-02-02,Siskiyou,093,43540,1357,197,1554,11
2021-02-02,Solano,095,438530,28565,321,28886,227
2021-02-02,Sonoma,097,501317,26405,142,26547,275
2021-02-02,Stanislaus,099,539301,47864,4883,52747,813
2021-02-02,Sutter,101,95872,8459,76,8535,106
2021-02-02,Tehama,103,63373,4410,460,4870,57
2021-02-02,Trinity,105,12862,445,63,508,4
2021-02-02,Tulare,107,460477,46247,6910,53157,738
2021-02-02,Tuolumne,109,53932,3551,34,3585,48
2021-02-02,Ventura,111,848112,73373,2562,75935,781
2021-02-02,Yolo,113,214977,12258,136,12394,202
2021-02-02,Yuba,115,75493,5210,74,5284,36
2021-02-01,Alameda,001,1643700,76049,1573,77622,1006
2021-02-01,Alpine,002,1148,73,0,73,0
2021-02-01,Amador,005,37829,3296,26,3322,37
2021-02-01,Butte,007,227075,10804,1521,12325,172
2021-02-01,Calaveras,009,45235,1813,11,1824,42
2021-02-01,Colusa,011,21464,1786,214,2000,13
2021-02-01,Contra Costa,013,1133247,59189,974,60163,666
2021-02-01,Del Norte,015,27424,897,4,901,3
2021-02-01,El Dorado,017,186661,8667,572,9239,98
2021-02-01,Fresno,019,978130,91995,7005,99000,1412
2021-02-01,Glenn,021,27897,2142,445,2587,23
2021-02-01,Humboldt,023,135768,2872,18,2890,29
2021-02-01,Imperial,025,180216,26722,2352,29074,688
2021-02-01,Inyo,027,18085,1121,8,1129,35
2021-02-01,Kern,029,883053,89153,8634,97787,1076
2021-02-01,Kings,031,150075,21307,877,22184,201
2021-02-01,Lake,033,64148,2931,1,2932,50
2021-02-01,Lassen,035,31185,4971,86,5057,16
2021-02-01,Los Angeles,037,10098052,1133266,35897,1169163,20292
2021-02-01,Madera,039,155013,14927,724,15651,199
2021-02-01,Marin,041,260295,4095,84,4179,153
2021-02-01,Mariposa,043,17540,360,3,363,4
2021-02-01,Mendocino,045,87422,3357,65,3422,39
2021-02-01,Merced,047,269075,26612,767,27379,384
2021-02-01,Modoc,049,8938,314,101,415,4
2021-02-01,Mono,051,14174,1140,16,1156,3
2021-02-01,Monterey,053,433212,40106,1412,41518,493
2021-02-01,Napa,055,140530,8591,30,8621,64
2021-02-01,Nevada,057,99092,3707,144,3851,68
2021-02-01,Orange,059,3164182,237902,9511,247413,4355
2021-02-01,Placer,061,380077,19587,994,20581,256
2021-02-01,Plumas,063,18699,623,10,633,5
2021-02-01,Riverside,065,2383286,275655,12781,288436,3895
2021-02-01,Sacramento,067,1510023,88915,1082,89997,1385
2021-02-01,San Benito,069,59416,5482,72,5554,51
2021-02-01,San Bernardino,071,2135413,278339,8102,286441,4491
2021-02-01,San Diego,073,3302833,250678,11901,262579,3048
2021-02-01,San Francisco,075,870044,32250,883,33133,431
2021-02-01,San Joaquin,077,732212,63430,2484,65914,1180
2021-02-01,San Luis Obispo,079,281455,18443,478,18921,220
2021-02-01,San Mateo,081,765935,37401,363,37764,452
2021-02-01,Santa Barbara,083,443738,30018,899,30917,359
2021-02-01,Santa Clara,085,1922200,104201,476,104677,1436
2021-02-01,Santa Cruz,087,273765,14650,697,15347,168
2021-02-01,Shasta,089,179085,10458,1096,11554,160
2021-02-01,Sierra,091,2930,49,12,61,0
2021-02-01,Siskiyou,093,43540,1350,194,1544,11
2021-02-01,Solano,095,438530,28460,320,28780,223
2021-02-01,Sonoma,097,501317,26317,141,26458,273
2021-02-01,Stanislaus,099,539301,47607,4855,52462,807
2021-02-01,Sutter,101,95872,8420,76,8496,106
2021-02-01,Tehama,103,63373,4384,460,4844,56
2021-02-01,Trinity,105,12862,443,63,506,4
2021-02-01,Tulare,107,460477,46102,6830,52932,738
2021-02-01,Tuolumne,109,53932,3543,34,3577,48
2021-02-01,Ventura,111,848112,72968,2545,75513,770
2021-02-01,Yolo,113,214977,12211,135,12346,200
2021-02-01,Yuba,115,75493,5196,73,5269,36
2021-01-31,Alameda,001,1643700,75624,1565,77189,996
2021-01-31,Alpine,002,1148,73,0,73,0
2021-01-31,Amador,005,37829,3286,25,3311,37
2021-01-31,Butte,007,227075,10759,1511,12270,171
2021-01-31,Calaveras,009,45235,1793,11,1804,42
2021-01-31,Colusa,011,21464,1780,209,1989,13
2021-01-31,Contra Costa,013,1133247,58858,974,59832,662
2021-01-31,Del Norte,015,27424,895,4,899,3
2021-01-31,El Dorado,017,186661,8629,570,9199,96
2021-01-31,Fresno,019,978130,91683,6951,98634,1405
2021-01-31,Glenn,021,27897,2132,444,2576,23
2021-01-31,Humboldt,023,135768,2856,18,2874,28
2021-01-31,Imperial,025,180216,26649,2343,28992,685
2021-01-31,Inyo,027,18085,1108,8,1116,35
2021-01-31,Kern,029,883053,88656,8550,97206,1067
2021-01-31,Kings,031,150075,21223,865,22088,201
2021-01-31,Lake,033,64148,2910,1,2911,50
2021-01-31,Lassen,035,31185,4955,86,5041,16
2021-01-31,Los Angeles,037,10098052,1128633,35698,1164331,20105
2021-01-31,Madera,039,155013,14873,716,15589,197
2021-01-31,Marin,041,260295,4048,80,4128,152
2021-01-31,Mariposa,043,17540,358,3,361,4
2021-01-31,Mendocino,045,87422,3334,64,3398,39
2021-01-31,Merced,047,269075,26470,762,27232,382
2021-01-31,Modoc,049,8938,311,99,410,4
2021-01-31,Mono,051,14174,1137,16,1153,3
2021-01-31,Monterey,053,433212,39927,1385,41312,489
2021-01-31,Napa,055,140530,8550,30,8580,63
2021-01-31,Nevada,057,99092,3685,142,3827,68
2021-01-31,Orange,059,3164182,236885,9471,246356,4316
2021-01-31,Placer,061,380077,19510,983,20493,255
2021-01-31,Plumas,063,18699,622,10,632,5
2021-01-31,Riverside,065,2383286,274638,12734,287372,3853
2021-01-31,Sacramento,067,1510023,88474,1068,89542,1376
2021-01-31,San Benito,069,59416,5460,70,5530,51
2021-01-31,San Bernardino,071,2135413,277337,8073,285410,4447
2021-01-31,San Diego,073,3302833,249365,11787,261152,3004
2021-01-31,San Francisco,075,870044,32060,872,32932,429
2021-01-31,San Joaquin,077,732212,63029,2475,65504,1169
2021-01-31,San Luis Obispo,079,281455,18310,473,18783,217
2021-01-31,San Mateo,081,765935,37211,360,37571,447
2021-01-31,Santa Barbara,083,443738,29774,890,30664,354
2021-01-31,Santa Clara,085,1922200,103666,467,104133,1419
2021-01-31,Santa Cruz,087,273765,14555,683,15238,168
2021-01-31,Shasta,089,179085,10413,1088,11501,160
2021-01-31,Sierra,091,2930,48,12,60,0
2021-01-31,Siskiyou,093,43540,1340,194,1534,11
2021-01-31,Solano,095,438530,28330,320,28650,221
2021-01-31,Sonoma,097,501317,26214,140,26354,269
2021-01-31,Stanislaus,099,539301,47323,4825,52148,802
2021-01-31,Sutter,101,95872,8375,76,8451,106
2021-01-31,Tehama,103,63373,4362,459,4821,56
2021-01-31,Trinity,105,12862,441,63,504,4
2021-01-31,Tulare,107,460477,45934,6751,52685,734
2021-01-31,Tuolumne,109,53932,3505,34,3539,48
2021-01-31,Ventura,111,848112,72373,2532,74905,759
2021-01-31,Yolo,113,214977,12152,135,12287,200
2021-01-31,Yuba,115,75493,5176,73,5249,36
2021-01-30,Alameda,001,1643700,75421,1560,76981,991
2021-01-30,Alpine,002,1148,73,0,73,0
2021-01-30,Amador,005,37829,3282,25,3307,36
2021-01-30,Butte,007,227075,10725,1502,12227,169
2021-01-30,Calaveras,009,45235,1780,11,1791,42
2021-01-30,Colusa,011,21464,1778,209,1987,12
2021-01-30,Contra Costa,013,1133247,58679,970,59649,658
2021-01-30,Del Norte,015,27424,894,4,898,3
2021-01-30,El Dorado,017,186661,8609,569,9178,95
2021-01-30,Fresno,019,978130,91503,6931,98434,1394
2021-01-30,Glenn,021,27897,2129,442,2571,23
2021-01-30,Humboldt,023,135768,2845,18,2863,28
2021-01-30,Imperial,025,180216,26625,2341,28966,684
2021-01-30,Inyo,027,18085,1104,8,1112,35
2021-01-30,Kern,029,883053,88455,8485,96940,1059
2021-01-30,Kings,031,150075,21152,860,22012,199
2021-01-30,Lake,033,64148,2904,1,2905,49
2021-01-30,Lassen,035,31185,4951,86,5037,16
2021-01-30,Los Angeles,037,10098052,1126236,35555,1161791,19940
2021-01-30,Madera,039,155013,14831,711,15542,196
2021-01-30,Marin,041,260295,4021,79,4100,149
2021-01-30,Mariposa,043,17540,356,3,359,4
2021-01-30,Mendocino,045,87422,3320,63,3383,38
2021-01-30,Merced,047,269075,26397,760,27157,380
2021-01-30,Modoc,049,8938,311,99,410,4
2021-01-30,Mono,051,14174,1137,16,1153,3
2021-01-30,Monterey,053,433212,39867,1383,41250,483
2021-01-30,Napa,055,140530,8534,30,8564,62
2021-01-30,Nevada,057,99092,3666,142,3808,68
2021-01-30,Orange,059,3164182,236339,9435,245774,4286
2021-01-30,Placer,061,380077,19457,977,20434,254
2021-01-30,Plumas,063,18699,620,10,630,5
2021-01-30,Riverside,065,2383286,274042,12703,286745,3821
2021-01-30,Sacramento,067,1510023,88283,1063,89346,1366
2021-01-30,San Benito,069,59416,5442,69,5511,50
2021-01-30,San Bernardino,071,2135413,276909,8053,284962,4420
2021-01-30,San Diego,073,3302833,248600,11742,260342,2968
2021-01-30,San Francisco,075,870044,31959,869,32828,419
2021-01-30,San Joaquin,077,732212,62897,2466,65363,1167
2021-01-30,San Luis Obispo,079,281455,18230,472,18702,214
2021-01-30,San Mateo,081,765935,37072,359,37431,444
2021-01-30,Santa Barbara,083,443738,29632,888,30520,350
2021-01-30,Santa Clara,085,1922200,103337,465,103802,1407
2021-01-30,Santa Cruz,087,273765,14515,682,15197,166
2021-01-30,Shasta,089,179085,10394,1085,11479,160
2021-01-30,Sierra,091,2930,48,12,60,0
2021-01-30,Siskiyou,093,43540,1337,193,1530,11
2021-01-30,Solano,095,438530,28247,319,28566,219
2021-01-30,Sonoma,097,501317,26166,137,26303,268
2021-01-30,Stanislaus,099,539301,47193,4798,51991,796
2021-01-30,Sutter,101,95872,8359,76,8435,104
2021-01-30,Tehama,103,63373,4349,458,4807,56
2021-01-30,Trinity,105,12862,441,63,504,4
2021-01-30,Tulare,107,460477,45798,6715,52513,731
2021-01-30,Tuolumne,109,53932,3501,34,3535,48
2021-01-30,Ventura,111,848112,72061,2518,74579,749
2021-01-30,Yolo,113,214977,12138,134,12272,197
2021-01-30,Yuba,115,75493,5166,72,5238,36
2021-01-29,Alameda,001,1643700,75154,1553,76707,982
2021-01-29,Alpine,002,1148,73,0,73,0
2021-01-29,Amador,005,37829,3270,24,3294,36
2021-01-29,Butte,007,227075,10693,1493,12186,168
2021-01-29,Calaveras,009,45235,1769,11,1780,42
2021-01-29,Colusa,011,21464,1774,208,1982,12
2021-01-29,Contra Costa,013,1133247,58512,968,59480,651
2021-01-29,Del Norte,015,27424,893,4,897,3
2021-01-29,El Dorado,017,186661,8592,568,9160,95
2021-01-29,Fresno,019,978130,91290,6894,98184,1383
2021-01-29,Glenn,021,27897,2124,441,2565,23
2021-01-29,Humboldt,023,135768,2832,18,2850,28
2021-01-29,Imperial,025,180216,26610,2338,28948,683
2021-01-29,Inyo,027,18085,1092,8,1100,34
2021-01-29,Kern,029,883053,88228,8434,96662,1041
2021-01-29,Kings,031,150075,21113,855,21968,195
2021-01-29,Lake,033,64148,2894,1,2895,49
2021-01-29,Lassen,035,31185,4948,86,5034,16
2021-01-29,Los Angeles,037,10098052,1122739,35406,1158145,19756
2021-01-29,Madera,039,155013,14784,711,15495,195
2021-01-29,Marin,041,260295,3976,78,4054,147
2021-01-29,Mariposa,043,17540,355,3,358,4
2021-01-29,Mendocino,045,87422,3311,62,3373,38
2021-01-29,Merced,047,269075,26323,755,27078,379
2021-01-29,Modoc,049,8938,310,99,409,4
2021-01-29,Mono,051,14174,1135,16,1151,3
2021-01-29,Monterey,053,433212,39754,1375,41129,479
2021-01-29,Napa,055,140530,8503,30,8533,61
2021-01-29,Nevada,057,99092,3657,141,3798,68
2021-01-29,Orange,059,3164182,235663,9398,245061,4244
2021-01-29,Placer,061,380077,19404,973,20377,252
2021-01-29,Plumas,063,18699,619,10,629,5
2021-01-29,Riverside,065,2383286,273241,12671,285912,3793
2021-01-29,Sacramento,067,1510023,88029,1058,89087,1360
2021-01-29,San Benito,069,59416,5434,69,5503,49
2021-01-29,San Bernardino,071,2135413,276391,8015,284406,4394
2021-01-29,San Diego,073,3302833,247658,11664,259322,2938
2021-01-29,San Francisco,075,870044,31820,861,32681,417
2021-01-29,San Joaquin,077,732212,62753,2452,65205,1161
2021-01-29,San Luis Obispo,079,281455,18170,467,18637,210
2021-01-29,San Mateo,081,765935,36939,356,37295,442
2021-01-29,Santa Barbara,083,443738,29499,882,30381,339
2021-01-29,Santa Clara,085,1922200,102982,463,103445,1403
2021-01-29,Santa Cruz,087,273765,14462,679,15141,166
2021-01-29,Shasta,089,179085,10378,1081,11459,160
2021-01-29,Sierra,091,2930,48,12,60,0
2021-01-29,Siskiyou,093,43540,1336,193,1529,11
2021-01-29,Solano,095,438530,28164,317,28481,214
2021-01-29,Sonoma,097,501317,26110,136,26246,263
2021-01-29,Stanislaus,099,539301,47050,4776,51826,791
2021-01-29,Sutter,101,95872,8340,76,8416,104
2021-01-29,Tehama,103,63373,4337,456,4793,56
2021-01-29,Trinity,105,12862,441,63,504,4
2021-01-29,Tulare,107,460477,45691,6676,52367,729
2021-01-29,Tuolumne,109,53932,3491,34,3525,48
2021-01-29,Ventura,111,848112,71639,2505,74144,738
2021-01-29,Yolo,113,214977,12100,134,12234,197
2021-01-29,Yuba,115,75493,5151,72,5223,35
2021-01-28,Alameda,001,1643700,74731,1545,76276,974
2021-01-28,Alpine,002,1148,73,0,73,0
2021-01-28,Amador,005,37829,3233,24,3257,35
2021-01-28,Butte,007,227075,10652,1484,12136,166
2021-01-28,Calaveras,009,45235,1756,10,1766,41
2021-01-28,Colusa,011,21464,1767,204,1971,12
2021-01-28,Contra Costa,013,1133247,58269,958,59227,641
2021-01-28,Del Norte,015,27424,892,4,896,3
2021-01-28,El Dorado,017,186661,8577,563,9140,95
2021-01-28,Fresno,019,978130,91003,6847,97850,1377
2021-01-28,Glenn,021,27897,2119,434,2553,23
2021-01-28,Humboldt,023,135768,2815,18,2833,28
2021-01-28,Imperial,025,180216,26567,2331,28898,678
2021-01-28,Inyo,027,18085,1087,8,1095,34
2021-01-28,Kern,029,883053,87899,8351,96250,1035
2021-01-28,Kings,031,150075,21053,852,21905,192
2021-01-28,Lake,033,64148,2879,1,2880,49
2021-01-28,Lassen,035,31185,4942,86,5028,16
2021-01-28,Los Angeles,037,10098052,1118826,35218,1154044,19581
2021-01-28,Madera,039,155013,14729,707,15436,194
2021-01-28,Marin,041,260295,3927,77,4004,147
2021-01-28,Mariposa,043,17540,355,3,358,4
2021-01-28,Mendocino,045,87422,3294,62,3356,37
2021-01-28,Merced,047,269075,26201,743,26944,374
2021-01-28,Modoc,049,8938,309,99,408,4
2021-01-28,Mono,051,14174,1133,16,1149,3
2021-01-28,Monterey,053,433212,39560,1356,40916,475
2021-01-28,Napa,055,140530,8456,30,8486,60
2021-01-28,Nevada,057,99092,3642,140,3782,68
2021-01-28,Orange,059,3164182,234688,9368,244056,4199
2021-01-28,Placer,061,380077,19344,970,20314,250
2021-01-28,Plumas,063,18699,618,10,628,5
2021-01-28,Riverside,065,2383286,272462,12623,285085,3756
2021-01-28,Sacramento,067,1510023,87664,1047,88711,1349
2021-01-28,San Benito,069,59416,5416,68,5484,49
2021-01-28,San Bernardino,071,2135413,275689,7994,283683,4352
2021-01-28,San Diego,073,3302833,246505,11575,258080,2906
2021-01-28,San Francisco,075,870044,31683,845,32528,412
2021-01-28,San Joaquin,077,732212,62491,2438,64929,1154
2021-01-28,San Luis Obispo,079,281455,18070,465,18535,209
2021-01-28,San Mateo,081,765935,36770,340,37110,439
2021-01-28,Santa Barbara,083,443738,29276,869,30145,335
2021-01-28,Santa Clara,085,1922200,102526,461,102987,1389
2021-01-28,Santa Cruz,087,273765,14373,673,15046,165
2021-01-28,Shasta,089,179085,10344,1073,11417,158
2021-01-28,Sierra,091,2930,48,12,60,0
2021-01-28,Siskiyou,093,43540,1329,191,1520,11
2021-01-28,Solano,095,438530,28004,316,28320,212
2021-01-28,Sonoma,097,501317,26019,136,26155,261
2021-01-28,Stanislaus,099,539301,46842,4757,51599,788
2021-01-28,Sutter,101,95872,8293,76,8369,103
2021-01-28,Tehama,103,63373,4314,453,4767,56
2021-01-28,Trinity,105,12862,439,63,502,4
2021-01-28,Tulare,107,460477,45536,6601,52137,725
2021-01-28,Tuolumne,109,53932,3477,34,3511,47
2021-01-28,Ventura,111,848112,71127,2489,73616,730
2021-01-28,Yolo,113,214977,12057,130,12187,196
2021-01-28,Yuba,115,75493,5135,71,5206,34
2021-01-27,Alameda,001,1643700,74313,1538,75851,965
2021-01-27,Alpine,002,1148,73,0,73,0
2021-01-27,Amador,005,37829,3217,24,3241,35
2021-01-27,Butte,007,227075,10613,1473,12086,166
2021-01-27,Calaveras,009,45235,1747,10,1757,41
2021-01-27,Colusa,011,21464,1761,202,1963,11
2021-01-27,Contra Costa,013,1133247,57974,955,58929,637
2021-01-27,Del Norte,015,27424,891,4,895,3
2021-01-27,El Dorado,017,186661,8551,562,9113,94
2021-01-27,Fresno,019,978130,90711,6805,97516,1369
2021-01-27,Glenn,021,27897,2115,433,2548,23
2021-01-27,Humboldt,023,135768,2793,18,2811,26
2021-01-27,Imperial,025,180216,26513,2319,28832,677
2021-01-27,Inyo,027,18085,1083,8,1091,33
2021-01-27,Kern,029,883053,87589,8280,95869,1025
2021-01-27,Kings,031,150075,20947,844,21791,190
2021-01-27,Lake,033,64148,2859,1,2860,49
2021-01-27,Lassen,035,31185,4936,86,5022,16
2021-01-27,Los Angeles,037,10098052,1114013,35017,1149030,19392
2021-01-27,Madera,039,155013,14687,702,15389,194
2021-01-27,Marin,041,260295,3889,76,3965,145
2021-01-27,Mariposa,043,17540,355,3,358,4
2021-01-27,Mendocino,045,87422,3274,62,3336,37
2021-01-27,Merced,047,269075,26042,731,26773,371
2021-01-27,Modoc,049,8938,309,96,405,4
2021-01-27,Mono,051,14174,1131,16,1147,3
2021-01-27,Monterey,053,433212,39353,1337,40690,469
2021-01-27,Napa,055,140530,8383,30,8413,59
2021-01-27,Nevada,057,99092,3620,140,3760,68
2021-01-27,Orange,059,3164182,233571,9316,242887,4162
2021-01-27,Placer,061,380077,19274,959,20233,248
2021-01-27,Plumas,063,18699,618,10,628,5
2021-01-27,Riverside,065,2383286,271267,12572,283839,3725
2021-01-27,Sacramento,067,1510023,87304,1035,88339,1344
2021-01-27,San Benito,069,59416,5401,68,5469,49
2021-01-27,San Bernardino,071,2135413,274835,7961,282796,4314
2021-01-27,San Diego,073,3302833,245176,11470,256646,2875
2021-01-27,San Francisco,075,870044,31538,838,32376,405
2021-01-27,San Joaquin,077,732212,62221,2418,64639,1141
2021-01-27,San Luis Obispo,079,281455,17962,461,18423,205
2021-01-27,San Mateo,081,765935,36615,337,36952,432
2021-01-27,Santa Barbara,083,443738,29099,863,29962,328
2021-01-27,Santa Clara,085,1922200,102111,457,102568,1375
2021-01-27,Santa Cruz,087,273765,14303,670,14973,164
2021-01-27,Shasta,089,179085,10310,1067,11377,156
2021-01-27,Sierra,091,2930,48,12,60,0
2021-01-27,Siskiyou,093,43540,1324,188,1512,11
2021-01-27,Solano,095,438530,27830,309,28139,207
2021-01-27,Sonoma,097,501317,25921,132,26053,260
2021-01-27,Stanislaus,099,539301,46658,4732,51390,784
2021-01-27,Sutter,101,95872,8250,76,8326,100
2021-01-27,Tehama,103,63373,4294,449,4743,56
2021-01-27,Trinity,105,12862,439,63,502,4
2021-01-27,Tulare,107,460477,45349,6531,51880,720
2021-01-27,Tuolumne,109,53932,3467,34,3501,47
2021-01-27,Ventura,111,848112,70653,2464,73117,720
2021-01-27,Yolo,113,214977,12010,128,12138,194
2021-01-27,Yuba,115,75493,5119,71,5190,34
2021-01-26,Alameda,001,1643700,73937,1521,75458,957
2021-01-26,Alpine,002,1148,73,0,73,0
2021-01-26,Amador,005,37829,3206,24,3230,35
2021-01-26,Butte,007,227075,10571,1467,12038,166
2021-01-26,Calaveras,009,45235,1737,10,1747,41
2021-01-26,Colusa,011,21464,1754,199,1953,11
2021-01-26,Contra Costa,013,1133247,57700,947,58647,630
2021-01-26,Del Norte,015,27424,890,4,894,3
2021-01-26,El Dorado,017,186661,8527,560,9087,93
2021-01-26,Fresno,019,978130,90353,6762,97115,1356
2021-01-26,Glenn,021,27897,2105,428,2533,23
2021-01-26,Humboldt,023,135768,2772,17,2789,25
2021-01-26,Imperial,025,180216,26441,2307,28748,672
2021-01-26,Inyo,027,18085,1077,8,1085,32
2021-01-26,Kern,029,883053,87166,8205,95371,1014
2021-01-26,Kings,031,150075,20889,839,21728,187
2021-01-26,Lake,033,64148,2851,1,2852,48
2021-01-26,Lassen,035,31185,4930,86,5016,16
2021-01-26,Los Angeles,037,10098052,1108721,34820,1143541,19226
2021-01-26,Madera,039,155013,14630,696,15326,192
2021-01-26,Marin,041,260295,3845,74,3919,144
2021-01-26,Mariposa,043,17540,353,3,356,4
2021-01-26,Mendocino,045,87422,3248,61,3309,37
2021-01-26,Merced,047,269075,25902,723,26625,368
2021-01-26,Modoc,049,8938,302,95,397,4
2021-01-26,Mono,051,14174,1129,16,1145,3
2021-01-26,Monterey,053,433212,39159,1317,40476,462
2021-01-26,Napa,055,140530,8326,30,8356,59
2021-01-26,Nevada,057,99092,3613,139,3752,67
2021-01-26,Orange,059,3164182,232447,9270,241717,4120
2021-01-26,Placer,061,380077,19198,957,20155,245
2021-01-26,Plumas,063,18699,616,10,626,5
2021-01-26,Riverside,065,2383286,269898,12509,282407,3683
2021-01-26,Sacramento,067,1510023,86944,1028,87972,1340
2021-01-26,San Benito,069,59416,5387,67,5454,48
2021-01-26,San Bernardino,071,2135413,273840,7919,281759,4273
2021-01-26,San Diego,073,3302833,243680,11368,255048,2835
2021-01-26,San Francisco,075,870044,31406,819,32225,402
2021-01-26,San Joaquin,077,732212,61969,2402,64371,1136
2021-01-26,San Luis Obispo,079,281455,17881,458,18339,204
2021-01-26,San Mateo,081,765935,36421,326,36747,428
2021-01-26,Santa Barbara,083,443738,28923,851,29774,325
2021-01-26,Santa Clara,085,1922200,101632,454,102086,1359
2021-01-26,Santa Cruz,087,273765,14237,664,14901,164
2021-01-26,Shasta,089,179085,10275,1059,11334,155
2021-01-26,Sierra,091,2930,48,12,60,0
2021-01-26,Siskiyou,093,43540,1309,186,1495,11
2021-01-26,Solano,095,438530,27674,302,27976,203
2021-01-26,Sonoma,097,501317,25802,130,25932,259
2021-01-26,Stanislaus,099,539301,46476,4692,51168,781
2021-01-26,Sutter,101,95872,8207,76,8283,100
2021-01-26,Tehama,103,63373,4261,449,4710,56
2021-01-26,Trinity,105,12862,439,63,502,4
2021-01-26,Tulare,107,460477,45146,6463,51609,717
2021-01-26,Tuolumne,109,53932,3457,34,3491,47
2021-01-26,Ventura,111,848112,70121,2438,72559,707
2021-01-26,Yolo,113,214977,11966,125,12091,193
2021-01-26,Yuba,115,75493,5094,69,5163,34
2021-01-25,Alameda,001,1643700,73512,1511,75023,945
2021-01-25,Alpine,002,1148,73,0,73,0
2021-01-25,Amador,005,37829,3166,24,3190,34
2021-01-25,Butte,007,227075,10506,1459,11965,162
2021-01-25,Calaveras,009,45235,1722,10,1732,41
2021-01-25,Colusa,011,21464,1742,195,1937,11
2021-01-25,Contra Costa,013,1133247,57348,940,58288,621
2021-01-25,Del Norte,015,27424,890,4,894,3
2021-01-25,El Dorado,017,186661,8502,559,9061,93
2021-01-25,Fresno,019,978130,89983,6730,96713,1338
2021-01-25,Glenn,021,27897,2096,428,2524,22
2021-01-25,Humboldt,023,135768,2738,17,2755,25
2021-01-25,Imperial,025,180216,26392,2300,28692,666
2021-01-25,Inyo,027,18085,1071,8,1079,31
2021-01-25,Kern,029,883053,86781,8120,94901,1002
2021-01-25,Kings,031,150075,20769,835,21604,186
2021-01-25,Lake,033,64148,2833,1,2834,48
2021-01-25,Lassen,035,31185,4903,86,4989,16
2021-01-25,Los Angeles,037,10098052,1102757,34600,1137357,19037
2021-01-25,Madera,039,155013,14575,691,15266,190
2021-01-25,Marin,041,260295,3796,70,3866,143
2021-01-25,Mariposa,043,17540,350,3,353,4
2021-01-25,Mendocino,045,87422,3237,61,3298,37
2021-01-25,Merced,047,269075,25763,714,26477,360
2021-01-25,Modoc,049,8938,301,91,392,4
2021-01-25,Mono,051,14174,1126,15,1141,3
2021-01-25,Monterey,053,433212,38907,1298,40205,458
2021-01-25,Napa,055,140530,8292,29,8321,58
2021-01-25,Nevada,057,99092,3599,139,3738,66
2021-01-25,Orange,059,3164182,231238,9225,240463,4076
2021-01-25,Placer,061,380077,19108,942,20050,242
2021-01-25,Plumas,063,18699,613,10,623,5
2021-01-25,Riverside,065,2383286,268161,12456,280617,3648
2021-01-25,Sacramento,067,1510023,86501,1020,87521,1329
2021-01-25,San Benito,069,59416,5352,66,5418,48
2021-01-25,San Bernardino,071,2135413,272914,7883,280797,4239
2021-01-25,San Diego,073,3302833,242066,11296,253362,2801
2021-01-25,San Francisco,075,870044,31260,796,32056,400
2021-01-25,San Joaquin,077,732212,61678,2377,64055,1128
2021-01-25,San Luis Obispo,079,281455,17747,453,18200,200
2021-01-25,San Mateo,081,765935,36188,320,36508,422
2021-01-25,Santa Barbara,083,443738,28689,841,29530,320
2021-01-25,Santa Clara,085,1922200,101108,446,101554,1346
2021-01-25,Santa Cruz,087,273765,14150,660,14810,163
2021-01-25,Shasta,089,179085,10234,1048,11282,154
2021-01-25,Sierra,091,2930,48,12,60,0
2021-01-25,Siskiyou,093,43540,1301,183,1484,11
2021-01-25,Solano,095,438530,27509,301,27810,201
2021-01-25,Sonoma,097,501317,25695,128,25823,258
2021-01-25,Stanislaus,099,539301,46230,4650,50880,777
2021-01-25,Sutter,101,95872,8164,76,8240,99
2021-01-25,Tehama,103,63373,4234,445,4679,55
2021-01-25,Trinity,105,12862,439,63,502,4
2021-01-25,Tulare,107,460477,44929,6361,51290,713
2021-01-25,Tuolumne,109,53932,3448,34,3482,47
2021-01-25,Ventura,111,848112,69500,2422,71922,695
2021-01-25,Yolo,113,214977,11882,124,12006,191
2021-01-25,Yuba,115,75493,5073,67,5140,34
2021-01-24,Alameda,001,1643700,73010,1500,74510,937
2021-01-24,Alpine,002,1148,73,0,73,0
2021-01-24,Amador,005,37829,3133,24,3157,34
2021-01-24,Butte,007,227075,10422,1443,11865,161
2021-01-24,Calaveras,009,45235,1709,10,1719,41
2021-01-24,Colusa,011,21464,1731,189,1920,11
2021-01-24,Contra Costa,013,1133247,56962,928,57890,613
2021-01-24,Del Norte,015,27424,886,4,890,3
2021-01-24,El Dorado,017,186661,8467,555,9022,91
2021-01-24,Fresno,019,978130,89544,6691,96235,1327
2021-01-24,Glenn,021,27897,2088,427,2515,21
2021-01-24,Humboldt,023,135768,2699,17,2716,25
2021-01-24,Imperial,025,180216,26297,2279,28576,662
2021-01-24,Inyo,027,18085,1055,8,1063,30
2021-01-24,Kern,029,883053,86346,8013,94359,994
2021-01-24,Kings,031,150075,20641,819,21460,183
2021-01-24,Lake,033,64148,2816,0,2816,48
2021-01-24,Lassen,035,31185,4892,83,4975,16
2021-01-24,Los Angeles,037,10098052,1096337,34297,1130634,18800
2021-01-24,Madera,039,155013,14492,685,15177,190
2021-01-24,Marin,041,260295,3732,69,3801,142
2021-01-24,Mariposa,043,17540,346,3,349,3
2021-01-24,Mendocino,045,87422,3216,60,3276,37
2021-01-24,Merced,047,269075,25552,705,26257,356
2021-01-24,Modoc,049,8938,301,91,392,4
2021-01-24,Mono,051,14174,1119,15,1134,3
2021-01-24,Monterey,053,433212,38635,1264,39899,450
2021-01-24,Napa,055,140530,8250,29,8279,55
2021-01-24,Nevada,057,99092,3557,137,3694,66
2021-01-24,Orange,059,3164182,229805,9156,238961,4049
2021-01-24,Placer,061,380077,18995,922,19917,242
2021-01-24,Plumas,063,18699,610,10,620,5
2021-01-24,Riverside,065,2383286,266522,12380,278902,3620
2021-01-24,Sacramento,067,1510023,85948,1012,86960,1323
2021-01-24,San Benito,069,59416,5310,63,5373,47
2021-01-24,San Bernardino,071,2135413,271601,7831,279432,4196
2021-01-24,San Diego,073,3302833,240372,11165,251537,2769
2021-01-24,San Francisco,075,870044,31069,775,31844,397
2021-01-24,San Joaquin,077,732212,61253,2363,63616,1115
2021-01-24,San Luis Obispo,079,281455,17622,451,18073,197
2021-01-24,San Mateo,081,765935,35943,314,36257,420
2021-01-24,Santa Barbara,083,443738,28374,831,29205,313
2021-01-24,Santa Clara,085,1922200,100473,441,100914,1333
2021-01-24,Santa Cruz,087,273765,14064,652,14716,160
2021-01-24,Shasta,089,179085,10163,1039,11202,154
2021-01-24,Sierra,091,2930,47,12,59,0
2021-01-24,Siskiyou,093,43540,1294,183,1477,11
2021-01-24,Solano,095,438530,27324,297,27621,197
2021-01-24,Sonoma,097,501317,25533,127,25660,256
2021-01-24,Stanislaus,099,539301,45921,4591,50512,772
2021-01-24,Sutter,101,95872,8100,76,8176,99
2021-01-24,Tehama,103,63373,4194,442,4636,55
2021-01-24,Trinity,105,12862,439,63,502,4
2021-01-24,Tulare,107,460477,44708,6272,50980,706
2021-01-24,Tuolumne,109,53932,3437,34,3471,47
2021-01-24,Ventura,111,848112,68810,2400,71210,685
2021-01-24,Yolo,113,214977,11799,120,11919,186
2021-01-24,Yuba,115,75493,5033,66,5099,33
2021-01-23,Alameda,001,1643700,72762,1494,74256,926
2021-01-23,Alpine,002,1148,73,0,73,0
2021-01-23,Amador,005,37829,3130,24,3154,34
2021-01-23,Butte,007,227075,10393,1440,11833,158
2021-01-23,Calaveras,009,45235,1706,10,1716,40
2021-01-23,Colusa,011,21464,1727,188,1915,10
2021-01-23,Contra Costa,013,1133247,56749,922,57671,607
2021-01-23,Del Norte,015,27424,884,4,888,3
2021-01-23,El Dorado,017,186661,8451,553,9004,91
2021-01-23,Fresno,019,978130,89357,6662,96019,1317
2021-01-23,Glenn,021,27897,2085,423,2508,21
2021-01-23,Humboldt,023,135768,2680,16,2696,25
2021-01-23,Imperial,025,180216,26263,2267,28530,654
2021-01-23,Inyo,027,18085,1046,8,1054,30
2021-01-23,Kern,029,883053,86103,7945,94048,983
2021-01-23,Kings,031,150075,20597,817,21414,182
2021-01-23,Lake,033,64148,2807,0,2807,48
2021-01-23,Lassen,035,31185,4891,80,4971,16
2021-01-23,Los Angeles,037,10098052,1093098,34139,1127237,18634
2021-01-23,Madera,039,155013,14455,683,15138,190
2021-01-23,Marin,041,260295,3676,67,3743,139
2021-01-23,Mariposa,043,17540,346,3,349,3
2021-01-23,Mendocino,045,87422,3202,60,3262,36
2021-01-23,Merced,047,269075,25460,691,26151,354
2021-01-23,Modoc,049,8938,301,91,392,4
2021-01-23,Mono,051,14174,1117,15,1132,3
2021-01-23,Monterey,053,433212,38552,1259,39811,446
2021-01-23,Napa,055,140530,8225,29,8254,54
2021-01-23,Nevada,057,99092,3546,136,3682,66
2021-01-23,Orange,059,3164182,229036,9116,238152,4008
2021-01-23,Placer,061,380077,18945,917,19862,241
2021-01-23,Plumas,063,18699,609,10,619,5
2021-01-23,Riverside,065,2383286,265622,12330,277952,3582
2021-01-23,Sacramento,067,1510023,85720,1009,86729,1314
2021-01-23,San Benito,069,59416,5286,62,5348,47
2021-01-23,San Bernardino,071,2135413,271044,7801,278845,4159
2021-01-23,San Diego,073,3302833,239311,11093,250404,2729
2021-01-23,San Francisco,075,870044,30964,745,31709,394
2021-01-23,San Joaquin,077,732212,61125,2353,63478,1108
2021-01-23,San Luis Obispo,079,281455,17558,448,18006,195
2021-01-23,San Mateo,081,765935,35767,303,36070,413
2021-01-23,Santa Barbara,083,443738,28189,822,29011,309
2021-01-23,Santa Clara,085,1922200,100114,440,100554,1319
2021-01-23,Santa Cruz,087,273765,14006,649,14655,159
2021-01-23,Shasta,089,179085,10134,1038,11172,152
2021-01-23,Sierra,091,2930,47,12,59,0
2021-01-23,Siskiyou,093,43540,1285,182,1467,11
2021-01-23,Solano,095,438530,27231,295,27526,197
2021-01-23,Sonoma,097,501317,25453,127,25580,253
2021-01-23,Stanislaus,099,539301,45754,4560,50314,769
2021-01-23,Sutter,101,95872,8082,75,8157,98
2021-01-23,Tehama,103,63373,4175,441,4616,55
2021-01-23,Trinity,105,12862,439,63,502,4
2021-01-23,Tulare,107,460477,44555,6212,50767,697
2021-01-23,Tuolumne,109,53932,3430,34,3464,47
2021-01-23,Ventura,111,848112,68354,2377,70731,680
2021-01-23,Yolo,113,214977,11758,118,11876,183
2021-01-23,Yuba,115,75493,5021,65,5086,33
2021-01-22,Alameda,001,1643700,72444,1487,73931,918
2021-01-22,Alpine,002,1148,73,0,73,0
2021-01-22,Amador,005,37829,3125,24,3149,33
2021-01-22,Butte,007,227075,10349,1427,11776,158
2021-01-22,Calaveras,009,45235,1697,10,1707,40
2021-01-22,Colusa,011,21464,1725,188,1913,10
2021-01-22,Contra Costa,013,1133247,56511,916,57427,603
2021-01-22,Del Norte,015,27424,883,4,887,3
2021-01-22,El Dorado,017,186661,8418,550,8968,91
2021-01-22,Fresno,019,978130,89017,6634,95651,1306
2021-01-22,Glenn,021,27897,2080,417,2497,21
2021-01-22,Humboldt,023,135768,2656,16,2672,25
2021-01-22,Imperial,025,180216,26229,2252,28481,649
2021-01-22,Inyo,027,18085,1035,8,1043,30
2021-01-22,Kern,029,883053,85806,7869,93675,966
2021-01-22,Kings,031,150075,20521,813,21334,180
2021-01-22,Lake,033,64148,2795,0,2795,46
2021-01-22,Lassen,035,31185,4882,79,4961,16
2021-01-22,Los Angeles,037,10098052,1088628,33952,1122580,18430
2021-01-22,Madera,039,155013,14395,682,15077,189
2021-01-22,Marin,041,260295,3639,65,3704,137
2021-01-22,Mariposa,043,17540,346,3,349,3
2021-01-22,Mendocino,045,87422,3177,59,3236,36
2021-01-22,Merced,047,269075,25337,684,26021,352
2021-01-22,Modoc,049,8938,301,91,392,2
2021-01-22,Mono,051,14174,1117,15,1132,3
2021-01-22,Monterey,053,433212,38399,1254,39653,438
2021-01-22,Napa,055,140530,8181,29,8210,54
2021-01-22,Nevada,057,99092,3521,135,3656,66
2021-01-22,Orange,059,3164182,228083,9069,237152,3969
2021-01-22,Placer,061,380077,18888,902,19790,241
2021-01-22,Plumas,063,18699,607,10,617,5
2021-01-22,Riverside,065,2383286,264478,12264,276742,3535
2021-01-22,Sacramento,067,1510023,85389,1001,86390,1299
2021-01-22,San Benito,069,59416,5260,62,5322,46
2021-01-22,San Bernardino,071,2135413,270242,7771,278013,4127
2021-01-22,San Diego,073,3302833,238071,11028,249099,2693
2021-01-22,San Francisco,075,870044,30850,728,31578,391
2021-01-22,San Joaquin,077,732212,60941,2341,63282,1102
2021-01-22,San Luis Obispo,079,281455,17468,445,17913,192
2021-01-22,San Mateo,081,765935,35545,300,35845,407
2021-01-22,Santa Barbara,083,443738,27989,811,28800,306
2021-01-22,Santa Clara,085,1922200,99668,437,100105,1303
2021-01-22,Santa Cruz,087,273765,13948,645,14593,154
2021-01-22,Shasta,089,179085,10114,1036,11150,152
2021-01-22,Sierra,091,2930,47,12,59,0
2021-01-22,Siskiyou,093,43540,1281,180,1461,11
2021-01-22,Solano,095,438530,27141,293,27434,193
2021-01-22,Sonoma,097,501317,25368,127,25495,252
2021-01-22,Stanislaus,099,539301,45588,4534,50122,766
2021-01-22,Sutter,101,95872,8057,75,8132,98
2021-01-22,Tehama,103,63373,4161,439,4600,55
2021-01-22,Trinity,105,12862,438,63,501,4
2021-01-22,Tulare,107,460477,44376,6145,50521,692
2021-01-22,Tuolumne,109,53932,3402,34,3436,47
2021-01-22,Ventura,111,848112,67841,2358,70199,673
2021-01-22,Yolo,113,214977,11725,116,11841,182
2021-01-22,Yuba,115,75493,4997,63,5060,33
2021-01-21,Alameda,001,1643700,72010,1470,73480,912
2021-01-21,Alpine,002,1148,73,0,73,0
2021-01-21,Amador,005,37829,3103,24,3127,33
2021-01-21,Butte,007,227075,10285,1420,11705,157
2021-01-21,Calaveras,009,45235,1689,10,1699,40
2021-01-21,Colusa,011,21464,1718,186,1904,10
2021-01-21,Contra Costa,013,1133247,56120,904,57024,595
2021-01-21,Del Norte,015,27424,881,3,884,3
2021-01-21,El Dorado,017,186661,8369,547,8916,90
2021-01-21,Fresno,019,978130,88613,6594,95207,1295
2021-01-21,Glenn,021,27897,2072,412,2484,21
2021-01-21,Humboldt,023,135768,2633,16,2649,24
2021-01-21,Imperial,025,180216,26144,2240,28384,642
2021-01-21,Inyo,027,18085,1026,8,1034,30
2021-01-21,Kern,029,883053,85393,7754,93147,957
2021-01-21,Kings,031,150075,20450,796,21246,177
2021-01-21,Lake,033,64148,2781,0,2781,46
2021-01-21,Lassen,035,31185,4875,79,4954,16
2021-01-21,Los Angeles,037,10098052,1081962,33640,1115602,18210
2021-01-21,Madera,039,155013,14331,674,15005,188
2021-01-21,Marin,041,260295,3585,63,3648,137
2021-01-21,Mariposa,043,17540,342,3,345,3
2021-01-21,Mendocino,045,87422,3154,57,3211,36
2021-01-21,Merced,047,269075,25183,677,25860,348
2021-01-21,Modoc,049,8938,298,90,388,2
2021-01-21,Mono,051,14174,1112,15,1127,3
2021-01-21,Monterey,053,433212,38118,1245,39363,432
2021-01-21,Napa,055,140530,8117,29,8146,51
2021-01-21,Nevada,057,99092,3492,134,3626,66
2021-01-21,Orange,059,3164182,226707,9015,235722,3922
2021-01-21,Placer,061,380077,18810,898,19708,239
2021-01-21,Plumas,063,18699,603,10,613,5
2021-01-21,Riverside,065,2383286,262762,12186,274948,3498
2021-01-21,Sacramento,067,1510023,84910,981,85891,1286
2021-01-21,San Benito,069,59416,5230,57,5287,45
2021-01-21,San Bernardino,071,2135413,268924,7706,276630,4079
2021-01-21,San Diego,073,3302833,236296,10921,247217,2659
2021-01-21,San Francisco,075,870044,30677,694,31371,382
2021-01-21,San Joaquin,077,732212,60635,2323,62958,1092
2021-01-21,San Luis Obispo,079,281455,17382,437,17819,186
2021-01-21,San Mateo,081,765935,35299,287,35586,402
2021-01-21,Santa Barbara,083,443738,27701,798,28499,301
2021-01-21,Santa Clara,085,1922200,99081,432,99513,1286
2021-01-21,Santa Cruz,087,273765,13864,635,14499,153
2021-01-21,Shasta,089,179085,10071,1021,11092,151
2021-01-21,Sierra,091,2930,47,12,59,0
2021-01-21,Siskiyou,093,43540,1278,178,1456,11
2021-01-21,Solano,095,438530,26963,289,27252,188
2021-01-21,Sonoma,097,501317,25228,125,25353,251
2021-01-21,Stanislaus,099,539301,45290,4490,49780,759
2021-01-21,Sutter,101,95872,8023,75,8098,98
2021-01-21,Tehama,103,63373,4122,438,4560,55
2021-01-21,Trinity,105,12862,438,63,501,4
2021-01-21,Tulare,107,460477,44165,6071,50236,684
2021-01-21,Tuolumne,109,53932,3392,33,3425,47
2021-01-21,Ventura,111,848112,67142,2338,69480,661
2021-01-21,Yolo,113,214977,11634,108,11742,180
2021-01-21,Yuba,115,75493,4965,62,5027,33
2021-01-20,Alameda,001,1643700,71537,1454,72991,896
2021-01-20,Alpine,002,1148,73,0,73,0
2021-01-20,Amador,005,37829,3072,24,3096,33
2021-01-20,Butte,007,227075,10229,1410,11639,156
2021-01-20,Calaveras,009,45235,1667,9,1676,40
2021-01-20,Colusa,011,21464,1701,181,1882,10
2021-01-20,Contra Costa,013,1133247,55693,895,56588,592
2021-01-20,Del Norte,015,27424,880,3,883,3
2021-01-20,El Dorado,017,186661,8319,544,8863,89
2021-01-20,Fresno,019,978130,88193,6540,94733,1277
2021-01-20,Glenn,021,27897,2053,410,2463,21
2021-01-20,Humboldt,023,135768,2590,16,2606,24
2021-01-20,Imperial,025,180216,26072,2206,28278,637
2021-01-20,Inyo,027,18085,1016,8,1024,30
2021-01-20,Kern,029,883053,84943,7649,92592,946
2021-01-20,Kings,031,150075,20360,788,21148,174
2021-01-20,Lake,033,64148,2761,0,2761,46
2021-01-20,Lassen,035,31185,4867,77,4944,16
2021-01-20,Los Angeles,037,10098052,1074461,33362,1107823,17991
2021-01-20,Madera,039,155013,14266,670,14936,185
2021-01-20,Marin,041,260295,3529,61,3590,135
2021-01-20,Mariposa,043,17540,340,3,343,3
2021-01-20,Mendocino,045,87422,3139,57,3196,36
2021-01-20,Merced,047,269075,25010,655,25665,346
2021-01-20,Modoc,049,8938,297,90,387,2
2021-01-20,Mono,051,14174,1105,14,1119,3
2021-01-20,Monterey,053,433212,37806,1225,39031,428
2021-01-20,Napa,055,140530,8048,29,8077,50
2021-01-20,Nevada,057,99092,3460,134,3594,66
2021-01-20,Orange,059,3164182,225171,8954,234125,3862
2021-01-20,Placer,061,380077,18716,880,19596,234
2021-01-20,Plumas,063,18699,601,10,611,5
2021-01-20,Riverside,065,2383286,260718,12103,272821,3441
2021-01-20,Sacramento,067,1510023,84350,971,85321,1275
2021-01-20,San Benito,069,59416,5199,56,5255,45
2021-01-20,San Bernardino,071,2135413,267603,7659,275262,4041
2021-01-20,San Diego,073,3302833,234441,10817,245258,2624
2021-01-20,San Francisco,075,870044,30490,673,31163,374
2021-01-20,San Joaquin,077,732212,60232,2314,62546,1082
2021-01-20,San Luis Obispo,079,281455,17200,428,17628,186
2021-01-20,San Mateo,081,765935,35072,286,35358,396
2021-01-20,Santa Barbara,083,443738,27383,786,28169,297
2021-01-20,Santa Clara,085,1922200,98436,430,98866,1274
2021-01-20,Santa Cruz,087,273765,13757,622,14379,151
2021-01-20,Shasta,089,179085,10019,1011,11030,151
2021-01-20,Sierra,091,2930,47,12,59,0
2021-01-20,Siskiyou,093,43540,1271,177,1448,11
2021-01-20,Solano,095,438530,26770,285,27055,186
2021-01-20,Sonoma,097,501317,25091,123,25214,250
2021-01-20,Stanislaus,099,539301,45010,4452,49462,753
2021-01-20,Sutter,101,95872,7972,73,8045,95
2021-01-20,Tehama,103,63373,4096,435,4531,55
2021-01-20,Trinity,105,12862,438,63,501,4
2021-01-20,Tulare,107,460477,43908,5981,49889,674
2021-01-20,Tuolumne,109,53932,3378,32,3410,47
2021-01-20,Ventura,111,848112,66181,2309,68490,656
2021-01-20,Yolo,113,214977,11570,105,11675,177
2021-01-20,Yuba,115,75493,4938,62,5000,32
2021-01-19,Alameda,001,1643700,70895,1445,72340,883
2021-01-19,Alpine,002,1148,73,0,73,0
2021-01-19,Amador,005,37829,3063,24,3087,32
2021-01-19,Butte,007,227075,10166,1396,11562,155
2021-01-19,Calaveras,009,45235,1652,8,1660,40
2021-01-19,Colusa,011,21464,1679,178,1857,10
2021-01-19,Contra Costa,013,1133247,55231,885,56116,586
2021-01-19,Del Norte,015,27424,878,3,881,2
2021-01-19,El Dorado,017,186661,8258,536,8794,89
2021-01-19,Fresno,019,978130,87672,6490,94162,1270
2021-01-19,Glenn,021,27897,2041,405,2446,20
2021-01-19,Humboldt,023,135768,2566,13,2579,24
2021-01-19,Imperial,025,180216,25992,2189,28181,634
2021-01-19,Inyo,027,18085,1008,8,1016,30
2021-01-19,Kern,029,883053,84355,7544,91899,935
2021-01-19,Kings,031,150075,20221,778,20999,173
2021-01-19,Lake,033,64148,2748,0,2748,46
2021-01-19,Lassen,035,31185,4860,77,4937,16
2021-01-19,Los Angeles,037,10098052,1065787,33098,1098885,17748
2021-01-19,Madera,039,155013,14155,665,14820,182
2021-01-19,Marin,041,260295,3474,57,3531,133
2021-01-19,Mariposa,043,17540,340,3,343,3
2021-01-19,Mendocino,045,87422,3122,57,3179,36
2021-01-19,Merced,047,269075,24798,646,25444,340
2021-01-19,Modoc,049,8938,296,90,386,2
2021-01-19,Mono,051,14174,1104,14,1118,3
2021-01-19,Monterey,053,433212,37505,1204,38709,423
2021-01-19,Napa,055,140530,7990,29,8019,49
2021-01-19,Nevada,057,99092,3442,132,3574,66
2021-01-19,Orange,059,3164182,223438,8887,232325,3808
2021-01-19,Placer,061,380077,18619,870,19489,234
2021-01-19,Plumas,063,18699,594,10,604,5
2021-01-19,Riverside,065,2383286,258631,12025,270656,3394
2021-01-19,Sacramento,067,1510023,83813,951,84764,1269
2021-01-19,San Benito,069,59416,5153,55,5208,43
2021-01-19,San Bernardino,071,2135413,265902,7605,273507,3994
2021-01-19,San Diego,073,3302833,232018,10719,242737,2581
2021-01-19,San Francisco,075,870044,30271,642,30913,369
2021-01-19,San Joaquin,077,732212,59852,2303,62155,1067
2021-01-19,San Luis Obispo,079,281455,16937,425,17362,181
2021-01-19,San Mateo,081,765935,34787,275,35062,393
2021-01-19,Santa Barbara,083,443738,26999,770,27769,291
2021-01-19,Santa Clara,085,1922200,97701,429,98130,1256
2021-01-19,Santa Cruz,087,273765,13640,614,14254,150
2021-01-19,Shasta,089,179085,9983,1001,10984,149
2021-01-19,Sierra,091,2930,47,10,57,0
2021-01-19,Siskiyou,093,43540,1263,175,1438,11
2021-01-19,Solano,095,438530,26524,284,26808,182
2021-01-19,Sonoma,097,501317,24911,121,25032,246
2021-01-19,Stanislaus,099,539301,44662,4407,49069,749
2021-01-19,Sutter,101,95872,7922,67,7989,92
2021-01-19,Tehama,103,63373,4066,433,4499,54
2021-01-19,Trinity,105,12862,437,63,500,4
2021-01-19,Tulare,107,460477,43629,5886,49515,661
2021-01-19,Tuolumne,109,53932,3351,32,3383,47
2021-01-19,Ventura,111,848112,65497,2282,67779,638
2021-01-19,Yolo,113,214977,11485,105,11590,176
2021-01-19,Yuba,115,75493,4905,61,4966,30
2021-01-18,Alameda,001,1643700,70263,1428,71691,870
2021-01-18,Alpine,002,1148,73,0,73,0
2021-01-18,Amador,005,37829,3049,24,3073,31
2021-01-18,Butte,007,227075,10080,1384,11464,155
2021-01-18,Calaveras,009,45235,1631,7,1638,40
2021-01-18,Colusa,011,21464,1663,176,1839,10
2021-01-18,Contra Costa,013,1133247,54722,877,55599,575
2021-01-18,Del Norte,015,27424,877,3,880,2
2021-01-18,El Dorado,017,186661,8192,534,8726,86
2021-01-18,Fresno,019,978130,87060,6424,93484,1260
2021-01-18,Glenn,021,27897,2024,401,2425,19
2021-01-18,Humboldt,023,135768,2528,13,2541,24
2021-01-18,Imperial,025,180216,25924,2165,28089,628
2021-01-18,Inyo,027,18085,996,8,1004,30
2021-01-18,Kern,029,883053,83718,7453,91171,920
2021-01-18,Kings,031,150075,20051,766,20817,170
2021-01-18,Lake,033,64148,2731,0,2731,46
2021-01-18,Lassen,035,31185,4824,76,4900,16
2021-01-18,Los Angeles,037,10098052,1056275,32815,1089090,17532
2021-01-18,Madera,039,155013,14053,656,14709,182
2021-01-18,Marin,041,260295,3428,55,3483,131
2021-01-18,Mariposa,043,17540,337,2,339,3
2021-01-18,Mendocino,045,87422,3099,57,3156,36
2021-01-18,Merced,047,269075,24553,630,25183,335
2021-01-18,Modoc,049,8938,293,87,380,2
2021-01-18,Mono,051,14174,1101,14,1115,3
2021-01-18,Monterey,053,433212,37063,1190,38253,416
2021-01-18,Napa,055,140530,7917,29,7946,49
2021-01-18,Nevada,057,99092,3404,132,3536,66
2021-01-18,Orange,059,3164182,221550,8833,230383,3752
2021-01-18,Placer,061,380077,18503,861,19364,230
2021-01-18,Plumas,063,18699,591,10,601,5
2021-01-18,Riverside,065,2383286,256320,11932,268252,3347
2021-01-18,Sacramento,067,1510023,83143,935,84078,1256
2021-01-18,San Benito,069,59416,5105,53,5158,42
2021-01-18,San Bernardino,071,2135413,264183,7550,271733,3940
2021-01-18,San Diego,073,3302833,229369,10590,239959,2539
2021-01-18,San Francisco,075,870044,30064,618,30682,363
2021-01-18,San Joaquin,077,732212,59340,2282,61622,1058
2021-01-18,San Luis Obispo,079,281455,16750,415,17165,177
2021-01-18,San Mateo,081,765935,34475,256,34731,383
2021-01-18,Santa Barbara,083,443738,26620,757,27377,288
2021-01-18,Santa Clara,085,1922200,96914,425,97339,1235
2021-01-18,Santa Cruz,087,273765,13507,601,14108,147
2021-01-18,Shasta,089,179085,9944,991,10935,148
2021-01-18,Sierra,091,2930,46,10,56,0
2021-01-18,Siskiyou,093,43540,1250,174,1424,11
2021-01-18,Solano,095,438530,26247,280,26527,181
2021-01-18,Sonoma,097,501317,24643,120,24763,245
2021-01-18,Stanislaus,099,539301,44305,4351,48656,743
2021-01-18,Sutter,101,95872,7865,65,7930,91
2021-01-18,Tehama,103,63373,4021,426,4447,54
2021-01-18,Trinity,105,12862,437,63,500,4
2021-01-18,Tulare,107,460477,43339,5780,49119,650
2021-01-18,Tuolumne,109,53932,3327,31,3358,47
2021-01-18,Ventura,111,848112,65064,2260,67324,631
2021-01-18,Yolo,113,214977,11363,102,11465,176
2021-01-18,Yuba,115,75493,4878,59,4937,30
2021-01-17,Alameda,001,1643700,69698,1410,71108,866
2021-01-17,Alpine,002,1148,73,0,73,0
2021-01-17,Amador,005,37829,3042,24,3066,31
2021-01-17,Butte,007,227075,10005,1360,11365,155
2021-01-17,Calaveras,009,45235,1618,7,1625,40
2021-01-17,Colusa,011,21464,1650,172,1822,10
2021-01-17,Contra Costa,013,1133247,54217,866,55083,571
2021-01-17,Del Norte,015,27424,877,3,880,2
2021-01-17,El Dorado,017,186661,8137,523,8660,82
2021-01-17,Fresno,019,978130,86507,6349,92856,1247
2021-01-17,Glenn,021,27897,2013,396,2409,18
2021-01-17,Humboldt,023,135768,2492,11,2503,24
2021-01-17,Imperial,025,180216,25853,2124,27977,623
2021-01-17,Inyo,027,18085,990,8,998,30
2021-01-17,Kern,029,883053,83169,7367,90536,906
2021-01-17,Kings,031,150075,19915,752,20667,166
2021-01-17,Lake,033,64148,2717,0,2717,45
2021-01-17,Lassen,035,31185,4816,75,4891,16
2021-01-17,Los Angeles,037,10098052,1049613,32430,1082043,17283
2021-01-17,Madera,039,155013,13963,652,14615,182
2021-01-17,Marin,041,260295,3379,53,3432,130
2021-01-17,Mariposa,043,17540,337,2,339,3
2021-01-17,Mendocino,045,87422,3071,56,3127,36
2021-01-17,Merced,047,269075,24340,612,24952,330
2021-01-17,Modoc,049,8938,292,87,379,2
2021-01-17,Mono,051,14174,1094,13,1107,3
2021-01-17,Monterey,053,433212,36819,1164,37983,408
2021-01-17,Napa,055,140530,7862,29,7891,47
2021-01-17,Nevada,057,99092,3379,130,3509,66
2021-01-17,Orange,059,3164182,219556,8760,228316,3700
2021-01-17,Placer,061,380077,18397,846,19243,227
2021-01-17,Plumas,063,18699,589,9,598,5
2021-01-17,Riverside,065,2383286,254210,11816,266026,3291
2021-01-17,Sacramento,067,1510023,82543,923,83466,1244
2021-01-17,San Benito,069,59416,5067,53,5120,42
2021-01-17,San Bernardino,071,2135413,262084,7463,269547,3904
2021-01-17,San Diego,073,3302833,227175,10483,237658,2503
2021-01-17,San Francisco,075,870044,29876,581,30457,361
2021-01-17,San Joaquin,077,732212,58983,2268,61251,1050
2021-01-17,San Luis Obispo,079,281455,16628,406,17034,172
2021-01-17,San Mateo,081,765935,34223,233,34456,376
2021-01-17,Santa Barbara,083,443738,26159,745,26904,277
2021-01-17,Santa Clara,085,1922200,96154,422,96576,1216
2021-01-17,Santa Cruz,087,273765,13395,598,13993,140
2021-01-17,Shasta,089,179085,9886,983,10869,146
2021-01-17,Sierra,091,2930,46,9,55,0
2021-01-17,Siskiyou,093,43540,1243,171,1414,11
2021-01-17,Solano,095,438530,26024,278,26302,180
2021-01-17,Sonoma,097,501317,24469,120,24589,244
2021-01-17,Stanislaus,099,539301,43985,4288,48273,736
2021-01-17,Sutter,101,95872,7802,64,7866,91
2021-01-17,Tehama,103,63373,3990,422,4412,52
2021-01-17,Trinity,105,12862,437,63,500,4
2021-01-17,Tulare,107,460477,43052,5664,48716,639
2021-01-17,Tuolumne,109,53932,3310,31,3341,47
2021-01-17,Ventura,111,848112,64212,2213,66425,621
2021-01-17,Yolo,113,214977,11264,100,11364,175
2021-01-17,Yuba,115,75493,4831,56,4887,30
2021-01-16,Alameda,001,1643700,69376,1398,70774,856
2021-01-16,Alpine,002,1148,73,0,73,0
2021-01-16,Amador,005,37829,3039,24,3063,31
2021-01-16,Butte,007,227075,9974,1340,11314,154
2021-01-16,Calaveras,009,45235,1605,7,1612,38
2021-01-16,Colusa,011,21464,1639,172,1811,10
2021-01-16,Contra Costa,013,1133247,53937,859,54796,564
2021-01-16,Del Norte,015,27424,872,3,875,2
2021-01-16,El Dorado,017,186661,8115,522,8637,80
2021-01-16,Fresno,019,978130,86232,6295,92527,1232
2021-01-16,Glenn,021,27897,2009,393,2402,18
2021-01-16,Humboldt,023,135768,2472,9,2481,24
2021-01-16,Imperial,025,180216,25815,2117,27932,618
2021-01-16,Inyo,027,18085,986,8,994,30
2021-01-16,Kern,029,883053,82802,7313,90115,893
2021-01-16,Kings,031,150075,19859,749,20608,166
2021-01-16,Lake,033,64148,2705,0,2705,44
2021-01-16,Lassen,035,31185,4804,75,4879,16
2021-01-16,Los Angeles,037,10098052,1045527,32196,1077723,17017
2021-01-16,Madera,039,155013,13897,647,14544,182
2021-01-16,Marin,041,260295,3337,53,3390,130
2021-01-16,Mariposa,043,17540,336,2,338,3
2021-01-16,Mendocino,045,87422,3057,53,3110,35
2021-01-16,Merced,047,269075,24253,598,24851,328
2021-01-16,Modoc,049,8938,292,87,379,2
2021-01-16,Mono,051,14174,1092,13,1105,3
2021-01-16,Monterey,053,433212,36708,1148,37856,397
2021-01-16,Napa,055,140530,7823,29,7852,46
2021-01-16,Nevada,057,99092,3346,130,3476,66
2021-01-16,Orange,059,3164182,218522,8704,227226,3642
2021-01-16,Placer,061,380077,18333,844,19177,223
2021-01-16,Plumas,063,18699,587,9,596,5
2021-01-16,Riverside,065,2383286,252852,11701,264553,3256
2021-01-16,Sacramento,067,1510023,82169,906,83075,1233
2021-01-16,San Benito,069,59416,5034,53,5087,42
2021-01-16,San Bernardino,071,2135413,261256,7396,268652,3849
2021-01-16,San Diego,073,3302833,225877,10386,236263,2454
2021-01-16,San Francisco,075,870044,29747,550,30297,358
2021-01-16,San Joaquin,077,732212,58740,2235,60975,1040
2021-01-16,San Luis Obispo,079,281455,16527,404,16931,171
2021-01-16,San Mateo,081,765935,34059,227,34286,365
2021-01-16,Santa Barbara,083,443738,25958,741,26699,273
2021-01-16,Santa Clara,085,1922200,95659,415,96074,1195
2021-01-16,Santa Cruz,087,273765,13335,596,13931,137
2021-01-16,Shasta,089,179085,9853,979,10832,143
2021-01-16,Sierra,091,2930,45,9,54,0
2021-01-16,Siskiyou,093,43540,1238,171,1409,11
2021-01-16,Solano,095,438530,25913,274,26187,176
2021-01-16,Sonoma,097,501317,24378,119,24497,243
2021-01-16,Stanislaus,099,539301,43797,4238,48035,731
2021-01-16,Sutter,101,95872,7770,64,7834,91
2021-01-16,Tehama,103,63373,3976,422,4398,52
2021-01-16,Trinity,105,12862,437,63,500,4
2021-01-16,Tulare,107,460477,42873,5591,48464,631
2021-01-16,Tuolumne,109,53932,3302,31,3333,47
2021-01-16,Ventura,111,848112,63659,2183,65842,602
2021-01-16,Yolo,113,214977,11213,99,11312,175
2021-01-16,Yuba,115,75493,4803,56,4859,30
2021-01-15,Alameda,001,1643700,68948,1387,70335,843
2021-01-15,Alpine,002,1148,73,0,73,0
2021-01-15,Amador,005,37829,3032,24,3056,31
2021-01-15,Butte,007,227075,9932,1326,11258,154
2021-01-15,Calaveras,009,45235,1598,7,1605,37
2021-01-15,Colusa,011,21464,1628,167,1795,10
2021-01-15,Contra Costa,013,1133247,53601,852,54453,560
2021-01-15,Del Norte,015,27424,868,2,870,2
2021-01-15,El Dorado,017,186661,8065,514,8579,78
2021-01-15,Fresno,019,978130,85694,6259,91953,1218
2021-01-15,Glenn,021,27897,2005,390,2395,18
2021-01-15,Humboldt,023,135768,2445,8,2453,24
2021-01-15,Imperial,025,180216,25779,2111,27890,616
2021-01-15,Inyo,027,18085,969,8,977,30
2021-01-15,Kern,029,883053,82386,7248,89634,880
2021-01-15,Kings,031,150075,19750,743,20493,164
2021-01-15,Lake,033,64148,2679,0,2679,44
2021-01-15,Lassen,035,31185,4793,73,4866,13
2021-01-15,Los Angeles,037,10098052,1038473,31915,1070388,16767
2021-01-15,Madera,039,155013,13807,643,14450,180
2021-01-15,Marin,041,260295,3281,53,3334,125
2021-01-15,Mariposa,043,17540,334,2,336,3
2021-01-15,Mendocino,045,87422,3046,53,3099,35
2021-01-15,Merced,047,269075,24141,594,24735,327
2021-01-15,Modoc,049,8938,292,85,377,2
2021-01-15,Mono,051,14174,1089,13,1102,3
2021-01-15,Monterey,053,433212,36491,1091,37582,389
2021-01-15,Napa,055,140530,7761,29,7790,46
2021-01-15,Nevada,057,99092,3333,127,3460,66
2021-01-15,Orange,059,3164182,217167,8652,225819,3586
2021-01-15,Placer,061,380077,18228,835,19063,222
2021-01-15,Plumas,063,18699,584,9,593,5
2021-01-15,Riverside,065,2383286,250990,11622,262612,3211
2021-01-15,Sacramento,067,1510023,81746,898,82644,1225
2021-01-15,San Benito,069,59416,4995,51,5046,42
2021-01-15,San Bernardino,071,2135413,260073,7335,267408,3785
2021-01-15,San Diego,073,3302833,224128,10321,234449,2414
2021-01-15,San Francisco,075,870044,29574,530,30104,348
2021-01-15,San Joaquin,077,732212,58512,2221,60733,1029
2021-01-15,San Luis Obispo,079,281455,16393,399,16792,167
2021-01-15,San Mateo,081,765935,33814,223,34037,359
2021-01-15,Santa Barbara,083,443738,25675,737,26412,269
2021-01-15,Santa Clara,085,1922200,94998,410,95408,1175
2021-01-15,Santa Cruz,087,273765,13226,583,13809,133
2021-01-15,Shasta,089,179085,9814,972,10786,142
2021-01-15,Sierra,091,2930,44,7,51,0
2021-01-15,Siskiyou,093,43540,1234,171,1405,11
2021-01-15,Solano,095,438530,25765,272,26037,175
2021-01-15,Sonoma,097,501317,24247,118,24365,239
2021-01-15,Stanislaus,099,539301,43547,4196,47743,728
2021-01-15,Sutter,101,95872,7723,63,7786,89
2021-01-15,Tehama,103,63373,3954,421,4375,52
2021-01-15,Trinity,105,12862,437,63,500,4
2021-01-15,Tulare,107,460477,42631,5508,48139,627
2021-01-15,Tuolumne,109,53932,3286,31,3317,45
2021-01-15,Ventura,111,848112,62916,2150,65066,590
2021-01-15,Yolo,113,214977,11155,98,11253,172
2021-01-15,Yuba,115,75493,4783,56,4839,30
2021-01-14,Alameda,001,1643700,68321,1372,69693,836
2021-01-14,Alpine,002,1148,73,0,73,0
2021-01-14,Amador,005,37829,3026,24,3050,29
2021-01-14,Butte,007,227075,9844,1305,11149,154
2021-01-14,Calaveras,009,45235,1581,7,1588,37
2021-01-14,Colusa,011,21464,1613,161,1774,10
2021-01-14,Contra Costa,013,1133247,53058,840,53898,557
2021-01-14,Del Norte,015,27424,862,2,864,2
2021-01-14,El Dorado,017,186661,7991,507,8498,77
2021-01-14,Fresno,019,978130,85061,6179,91240,1201
2021-01-14,Glenn,021,27897,1993,385,2378,18
2021-01-14,Humboldt,023,135768,2402,8,2410,24
2021-01-14,Imperial,025,180216,25673,2081,27754,611
2021-01-14,Inyo,027,18085,962,8,970,30
2021-01-14,Kern,029,883053,81714,7147,88861,869
2021-01-14,Kings,031,150075,19620,739,20359,164
2021-01-14,Lake,033,64148,2640,0,2640,43
2021-01-14,Lassen,035,31185,4783,71,4854,13
2021-01-14,Los Angeles,037,10098052,1028446,31550,1059996,16467
2021-01-14,Madera,039,155013,13692,634,14326,177
2021-01-14,Marin,041,260295,3205,52,3257,124
2021-01-14,Mariposa,043,17540,331,2,333,3
2021-01-14,Mendocino,045,87422,3032,51,3083,32
2021-01-14,Merced,047,269075,23914,584,24498,323
2021-01-14,Modoc,049,8938,292,85,377,2
2021-01-14,Mono,051,14174,1081,13,1094,3
2021-01-14,Monterey,053,433212,36070,1069,37139,378
2021-01-14,Napa,055,140530,7675,29,7704,45
2021-01-14,Nevada,057,99092,3306,125,3431,65
2021-01-14,Orange,059,3164182,215262,8569,223831,3528
2021-01-14,Placer,061,380077,18067,828,18895,219
2021-01-14,Plumas,063,18699,576,9,585,5
2021-01-14,Riverside,065,2383286,248343,11521,259864,3158
2021-01-14,Sacramento,067,1510023,81107,875,81982,1208
2021-01-14,San Benito,069,59416,4959,50,5009,41
2021-01-14,San Bernardino,071,2135413,258090,7265,265355,3726
2021-01-14,San Diego,073,3302833,221730,10201,231931,2356
2021-01-14,San Francisco,075,870044,29327,484,29811,343
2021-01-14,San Joaquin,077,732212,57994,2208,60202,1016
2021-01-14,San Luis Obispo,079,281455,16231,390,16621,163
2021-01-14,San Mateo,081,765935,33445,214,33659,357
2021-01-14,Santa Barbara,083,443738,25254,720,25974,260
2021-01-14,Santa Clara,085,1922200,94087,404,94491,1150
2021-01-14,Santa Cruz,087,273765,13079,568,13647,131
2021-01-14,Shasta,089,179085,9765,956,10721,142
2021-01-14,Sierra,091,2930,44,6,50,0
2021-01-14,Siskiyou,093,43540,1222,168,1390,11
2021-01-14,Solano,095,438530,25506,268,25774,172
2021-01-14,Sonoma,097,501317,24007,118,24125,237
2021-01-14,Stanislaus,099,539301,43220,4155,47375,724
2021-01-14,Sutter,101,95872,7664,60,7724,89
2021-01-14,Tehama,103,63373,3925,417,4342,51
2021-01-14,Trinity,105,12862,437,62,499,4
2021-01-14,Tulare,107,460477,42247,5399,47646,625
2021-01-14,Tuolumne,109,53932,3265,31,3296,45
2021-01-14,Ventura,111,848112,62042,2113,64155,574
2021-01-14,Yolo,113,214977,11052,92,11144,171
2021-01-14,Yuba,115,75493,4751,56,4807,29
2021-01-13,Alameda,001,1643700,67571,1354,68925,824
2021-01-13,Alpine,002,1148,73,0,73,0
2021-01-13,Amador,005,37829,3012,24,3036,29
2021-01-13,Butte,007,227075,9763,1290,11053,153
2021-01-13,Calaveras,009,45235,1559,7,1566,36
2021-01-13,Colusa,011,21464,1603,153,1756,10
2021-01-13,Contra Costa,013,1133247,52486,829,53315,547
2021-01-13,Del Norte,015,27424,858,2,860,2
2021-01-13,El Dorado,017,186661,7897,499,8396,73
2021-01-13,Fresno,019,978130,84341,6138,90479,1187
2021-01-13,Glenn,021,27897,1977,376,2353,18
2021-01-13,Humboldt,023,135768,2369,8,2377,24
2021-01-13,Imperial,025,180216,25549,2049,27598,606
2021-01-13,Inyo,027,18085,950,8,958,29
2021-01-13,Kern,029,883053,81057,7057,88114,859
2021-01-13,Kings,031,150075,19453,718,20171,163
2021-01-13,Lake,033,64148,2599,0,2599,43
2021-01-13,Lassen,035,31185,4776,70,4846,13
2021-01-13,Los Angeles,037,10098052,1017652,31153,1048805,16188
2021-01-13,Madera,039,155013,13576,629,14205,174
2021-01-13,Marin,041,260295,3153,52,3205,122
2021-01-13,Mariposa,043,17540,329,2,331,3
2021-01-13,Mendocino,045,87422,3012,51,3063,32
2021-01-13,Merced,047,269075,23675,570,24245,319
2021-01-13,Modoc,049,8938,291,82,373,2
2021-01-13,Mono,051,14174,1077,13,1090,3
2021-01-13,Monterey,053,433212,35645,1045,36690,373
2021-01-13,Napa,055,140530,7561,29,7590,44
2021-01-13,Nevada,057,99092,3282,122,3404,65
2021-01-13,Orange,059,3164182,213188,8498,221686,3480
2021-01-13,Placer,061,380077,17942,814,18756,218
2021-01-13,Plumas,063,18699,574,9,583,5
2021-01-13,Riverside,065,2383286,245196,11408,256604,3109
2021-01-13,Sacramento,067,1510023,80446,868,81314,1198
2021-01-13,San Benito,069,59416,4903,49,4952,40
2021-01-13,San Bernardino,071,2135413,255701,7190,262891,3671
2021-01-13,San Diego,073,3302833,219115,10098,229213,2312
2021-01-13,San Francisco,075,870044,29088,464,29552,334
2021-01-13,San Joaquin,077,732212,57372,2180,59552,1005
2021-01-13,San Luis Obispo,079,281455,16076,379,16455,159
2021-01-13,San Mateo,081,765935,33106,212,33318,348
2021-01-13,Santa Barbara,083,443738,24812,704,25516,254
2021-01-13,Santa Clara,085,1922200,93114,400,93514,1133
2021-01-13,Santa Cruz,087,273765,12906,554,13460,130
2021-01-13,Shasta,089,179085,9701,942,10643,139
2021-01-13,Sierra,091,2930,44,6,50,0
2021-01-13,Siskiyou,093,43540,1216,164,1380,11
2021-01-13,Solano,095,438530,25236,265,25501,170
2021-01-13,Sonoma,097,501317,23756,117,23873,235
2021-01-13,Stanislaus,099,539301,42828,4102,46930,719
2021-01-13,Sutter,101,95872,7618,59,7677,87
2021-01-13,Tehama,103,63373,3874,412,4286,51
2021-01-13,Trinity,105,12862,437,62,499,4
2021-01-13,Tulare,107,460477,41844,5299,47143,623
2021-01-13,Tuolumne,109,53932,3251,31,3282,43
2021-01-13,Ventura,111,848112,61030,2073,63103,556
2021-01-13,Yolo,113,214977,10954,89,11043,170
2021-01-13,Yuba,115,75493,4706,53,4759,29
2021-01-12,Alameda,001,1643700,66747,1336,68083,815
2021-01-12,Alpine,002,1148,73,0,73,0
2021-01-12,Amador,005,37829,2995,24,3019,29
2021-01-12,Butte,007,227075,9675,1277,10952,153
2021-01-12,Calaveras,009,45235,1523,7,1530,35
2021-01-12,Colusa,011,21464,1591,149,1740,10
2021-01-12,Contra Costa,013,1133247,51845,815,52660,537
2021-01-12,Del Norte,015,27424,853,2,855,2
2021-01-12,El Dorado,017,186661,7813,488,8301,72
2021-01-12,Fresno,019,978130,83469,6070,89539,1174
2021-01-12,Glenn,021,27897,1952,372,2324,18
2021-01-12,Humboldt,023,135768,2315,7,2322,24
2021-01-12,Imperial,025,180216,25457,2008,27465,601
2021-01-12,Inyo,027,18085,932,8,940,29
2021-01-12,Kern,029,883053,80349,6962,87311,845
2021-01-12,Kings,031,150075,19242,708,19950,161
2021-01-12,Lake,033,64148,2551,0,2551,43
2021-01-12,Lassen,035,31185,4754,68,4822,13
2021-01-12,Los Angeles,037,10098052,1005988,30759,1036747,15928
2021-01-12,Madera,039,155013,13428,620,14048,172
2021-01-12,Marin,041,260295,3046,52,3098,121
2021-01-12,Mariposa,043,17540,326,2,328,2
2021-01-12,Mendocino,045,87422,2992,47,3039,32
2021-01-12,Merced,047,269075,23424,548,23972,317
2021-01-12,Modoc,049,8938,289,82,371,2
2021-01-12,Mono,051,14174,1067,13,1080,3
2021-01-12,Monterey,053,433212,35154,1028,36182,366
2021-01-12,Napa,055,140530,7477,29,7506,43
2021-01-12,Nevada,057,99092,3254,120,3374,65
2021-01-12,Orange,059,3164182,210916,8412,219328,3430
2021-01-12,Placer,061,380077,17772,808,18580,216
2021-01-12,Plumas,063,18699,568,9,577,5
2021-01-12,Riverside,065,2383286,242065,11269,253334,3054
2021-01-12,Sacramento,067,1510023,79718,860,80578,1190
2021-01-12,San Benito,069,59416,4834,49,4883,39
2021-01-12,San Bernardino,071,2135413,253115,7121,260236,3618
2021-01-12,San Diego,073,3302833,216200,9981,226181,2265
2021-01-12,San Francisco,075,870044,28811,431,29242,326
2021-01-12,San Joaquin,077,732212,56731,2152,58883,994
2021-01-12,San Luis Obispo,079,281455,15832,371,16203,156
2021-01-12,San Mateo,081,765935,32715,200,32915,344
2021-01-12,Santa Barbara,083,443738,24390,684,25074,246
2021-01-12,Santa Clara,085,1922200,91999,392,92391,1116
2021-01-12,Santa Cruz,087,273765,12691,539,13230,129
2021-01-12,Shasta,089,179085,9628,929,10557,137
2021-01-12,Sierra,091,2930,43,6,49,0
2021-01-12,Siskiyou,093,43540,1206,157,1363,11
2021-01-12,Solano,095,438530,24938,261,25199,165
2021-01-12,Sonoma,097,501317,23451,117,23568,232
2021-01-12,Stanislaus,099,539301,42389,4068,46457,715
2021-01-12,Sutter,101,95872,7555,58,7613,87
2021-01-12,Tehama,103,63373,3836,407,4243,50
2021-01-12,Trinity,105,12862,437,62,499,4
2021-01-12,Tulare,107,460477,41384,5184,46568,615
2021-01-12,Tuolumne,109,53932,3218,31,3249,42
2021-01-12,Ventura,111,848112,60056,2041,62097,549
2021-01-12,Yolo,113,214977,10818,85,10903,167
2021-01-12,Yuba,115,75493,4661,53,4714,29
2021-01-11,Alameda,001,1643700,65895,1318,67213,800
2021-01-11,Alpine,002,1148,73,0,73,0
2021-01-11,Amador,005,37829,2981,24,3005,29
2021-01-11,Butte,007,227075,9562,1261,10823,151
2021-01-11,Calaveras,009,45235,1504,7,1511,35
2021-01-11,Colusa,011,21464,1572,144,1716,10
2021-01-11,Contra Costa,013,1133247,51165,804,51969,529
2021-01-11,Del Norte,015,27424,849,2,851,2
2021-01-11,El Dorado,017,186661,7719,481,8200,72
2021-01-11,Fresno,019,978130,82590,5994,88584,1158
2021-01-11,Glenn,021,27897,1925,366,2291,18
2021-01-11,Humboldt,023,135768,2276,7,2283,23
2021-01-11,Imperial,025,180216,25346,1971,27317,597
2021-01-11,Inyo,027,18085,913,8,921,29
2021-01-11,Kern,029,883053,79489,6863,86352,837
2021-01-11,Kings,031,150075,18979,699,19678,160
2021-01-11,Lake,033,64148,2500,0,2500,42
2021-01-11,Lassen,035,31185,4731,68,4799,13
2021-01-11,Los Angeles,037,10098052,992760,30302,1023062,15636
2021-01-11,Madera,039,155013,13291,609,13900,170
2021-01-11,Marin,041,260295,2947,51,2998,119
2021-01-11,Mariposa,043,17540,319,2,321,2
2021-01-11,Mendocino,045,87422,2964,47,3011,32
2021-01-11,Merced,047,269075,23101,534,23635,312
2021-01-11,Modoc,049,8938,288,81,369,2
2021-01-11,Mono,051,14174,1061,13,1074,3
2021-01-11,Monterey,053,433212,34615,966,35581,351
2021-01-11,Napa,055,140530,7376,29,7405,41
2021-01-11,Nevada,057,99092,3226,120,3346,65
2021-01-11,Orange,059,3164182,208330,8312,216642,3373
2021-01-11,Placer,061,380077,17593,799,18392,214
2021-01-11,Plumas,063,18699,564,9,573,5
2021-01-11,Riverside,065,2383286,238561,11125,249686,2993
2021-01-11,Sacramento,067,1510023,78785,844,79629,1182
2021-01-11,San Benito,069,59416,4761,42,4803,38
2021-01-11,San Bernardino,071,2135413,250317,7024,257341,3552
2021-01-11,San Diego,073,3302833,212931,9821,222752,2224
2021-01-11,San Francisco,075,870044,28532,411,28943,319
2021-01-11,San Joaquin,077,732212,56122,2123,58245,980
2021-01-11,San Luis Obispo,079,281455,15461,364,15825,152
2021-01-11,San Mateo,081,765935,32271,188,32459,335
2021-01-11,Santa Barbara,083,443738,23938,672,24610,244
2021-01-11,Santa Clara,085,1922200,90755,384,91139,1090
2021-01-11,Santa Cruz,087,273765,12511,516,13027,125
2021-01-11,Shasta,089,179085,9530,916,10446,134
2021-01-11,Sierra,091,2930,41,6,47,0
2021-01-11,Siskiyou,093,43540,1197,155,1352,11
2021-01-11,Solano,095,438530,24614,255,24869,164
2021-01-11,Sonoma,097,501317,23203,117,23320,229
2021-01-11,Stanislaus,099,539301,41898,4019,45917,707
2021-01-11,Sutter,101,95872,7496,57,7553,87
2021-01-11,Tehama,103,63373,3774,386,4160,50
2021-01-11,Trinity,105,12862,437,62,499,4
2021-01-11,Tulare,107,460477,40969,5103,46072,609
2021-01-11,Tuolumne,109,53932,3207,31,3238,40
2021-01-11,Ventura,111,848112,58919,2017,60936,532
2021-01-11,Yolo,113,214977,10612,84,10696,165
2021-01-11,Yuba,115,75493,4623,46,4669,29
2021-01-10,Alameda,001,1643700,64916,1290,66206,780
2021-01-10,Alpine,002,1148,73,0,73,0
2021-01-10,Amador,005,37829,2957,24,2981,29
2021-01-10,Butte,007,227075,9442,1236,10678,149
2021-01-10,Calaveras,009,45235,1481,7,1488,34
2021-01-10,Colusa,011,21464,1550,142,1692,9
2021-01-10,Contra Costa,013,1133247,50367,785,51152,524
2021-01-10,Del Norte,015,27424,847,2,849,2
2021-01-10,El Dorado,017,186661,7630,464,8094,72
2021-01-10,Fresno,019,978130,81781,5872,87653,1145
2021-01-10,Glenn,021,27897,1906,358,2264,18
2021-01-10,Humboldt,023,135768,2215,7,2222,22
2021-01-10,Imperial,025,180216,25187,1921,27108,588
2021-01-10,Inyo,027,18085,886,8,894,29
2021-01-10,Kern,029,883053,78657,6733,85390,820
2021-01-10,Kings,031,150075,18760,692,19452,158
2021-01-10,Lake,033,64148,2445,0,2445,39
2021-01-10,Lassen,035,31185,4709,68,4777,12
2021-01-10,Los Angeles,037,10098052,978142,29692,1007834,15336
2021-01-10,Madera,039,155013,13100,592,13692,169
2021-01-10,Marin,041,260295,2823,50,2873,117
2021-01-10,Mariposa,043,17540,319,2,321,2
2021-01-10,Mendocino,045,87422,2933,43,2976,31
2021-01-10,Merced,047,269075,22830,523,23353,312
2021-01-10,Modoc,049,8938,288,79,367,2
2021-01-10,Mono,051,14174,1043,13,1056,3
2021-01-10,Monterey,053,433212,34175,934,35109,346
2021-01-10,Napa,055,140530,7274,27,7301,39
2021-01-10,Nevada,057,99092,3207,116,3323,65
2021-01-10,Orange,059,3164182,205543,8190,213733,3318
2021-01-10,Placer,061,380077,17404,779,18183,209
2021-01-10,Plumas,063,18699,554,9,563,5
2021-01-10,Riverside,065,2383286,235201,10936,246137,2942
2021-01-10,Sacramento,067,1510023,77823,817,78640,1173
2021-01-10,San Benito,069,59416,4659,41,4700,38
2021-01-10,San Bernardino,071,2135413,246909,6921,253830,3494
2021-01-10,San Diego,073,3302833,209263,9654,218917,2176
2021-01-10,San Francisco,075,870044,28151,380,28531,313
2021-01-10,San Joaquin,077,732212,55312,2090,57402,969
2021-01-10,San Luis Obispo,079,281455,15132,352,15484,150
2021-01-10,San Mateo,081,765935,31781,174,31955,330
2021-01-10,Santa Barbara,083,443738,23379,657,24036,236
2021-01-10,Santa Clara,085,1922200,89571,375,89946,1067
2021-01-10,Santa Cruz,087,273765,12298,498,12796,121
2021-01-10,Shasta,089,179085,9418,901,10319,133
2021-01-10,Sierra,091,2930,40,6,46,0
2021-01-10,Siskiyou,093,43540,1191,152,1343,11
2021-01-10,Solano,095,438530,24215,252,24467,158
2021-01-10,Sonoma,097,501317,22927,116,23043,228
2021-01-10,Stanislaus,099,539301,41324,3942,45266,703
2021-01-10,Sutter,101,95872,7435,54,7489,87
2021-01-10,Tehama,103,63373,3701,374,4075,50
2021-01-10,Trinity,105,12862,437,60,497,4
2021-01-10,Tulare,107,460477,40554,4985,45539,601
2021-01-10,Tuolumne,109,53932,3173,30,3203,39
2021-01-10,Ventura,111,848112,57650,1974,59624,523
2021-01-10,Yolo,113,214977,10460,84,10544,160
2021-01-10,Yuba,115,75493,4570,43,4613,28
2021-01-09,Alameda,001,1643700,64372,1275,65647,771
2021-01-09,Alpine,002,1148,73,0,73,0
2021-01-09,Amador,005,37829,2950,24,2974,29
2021-01-09,Butte,007,227075,9363,1212,10575,147
2021-01-09,Calaveras,009,45235,1471,7,1478,34
2021-01-09,Colusa,011,21464,1543,141,1684,9
2021-01-09,Contra Costa,013,1133247,50011,770,50781,515
2021-01-09,Del Norte,015,27424,845,2,847,2
2021-01-09,El Dorado,017,186661,7596,461,8057,70
2021-01-09,Fresno,019,978130,81371,5832,87203,1128
2021-01-09,Glenn,021,27897,1891,355,2246,18
2021-01-09,Humboldt,023,135768,2197,7,2204,22
2021-01-09,Imperial,025,180216,25118,1908,27026,580
2021-01-09,Inyo,027,18085,877,8,885,29
2021-01-09,Kern,029,883053,78188,6656,84844,807
2021-01-09,Kings,031,150075,18665,688,19353,154
2021-01-09,Lake,033,64148,2409,0,2409,38
2021-01-09,Lassen,035,31185,4697,68,4765,12
2021-01-09,Los Angeles,037,10098052,972560,29269,1001829,15035
2021-01-09,Madera,039,155013,13005,586,13591,168
2021-01-09,Marin,041,260295,2762,49,2811,115
2021-01-09,Mariposa,043,17540,316,2,318,2
2021-01-09,Mendocino,045,87422,2915,43,2958,31
2021-01-09,Merced,047,269075,22688,514,23202,309
2021-01-09,Modoc,049,8938,288,78,366,2
2021-01-09,Mono,051,14174,1038,13,1051,3
2021-01-09,Monterey,053,433212,34025,924,34949,335
2021-01-09,Napa,055,140530,7204,24,7228,36
2021-01-09,Nevada,057,99092,3185,113,3298,65
2021-01-09,Orange,059,3164182,204025,8098,212123,3257
2021-01-09,Placer,061,380077,17297,777,18074,206
2021-01-09,Plumas,063,18699,552,9,561,5
2021-01-09,Riverside,065,2383286,233446,10799,244245,2903
2021-01-09,Sacramento,067,1510023,77290,812,78102,1165
2021-01-09,San Benito,069,59416,4607,41,4648,38
2021-01-09,San Bernardino,071,2135413,245685,6854,252539,3442
2021-01-09,San Diego,073,3302833,207569,9534,217103,2139
2021-01-09,San Francisco,075,870044,27981,339,28320,308
2021-01-09,San Joaquin,077,732212,54984,2071,57055,955
2021-01-09,San Luis Obispo,079,281455,15008,341,15349,143
2021-01-09,San Mateo,081,765935,31482,167,31649,323
2021-01-09,Santa Barbara,083,443738,23167,652,23819,224
2021-01-09,Santa Clara,085,1922200,88731,363,89094,1055
2021-01-09,Santa Cruz,087,273765,12203,492,12695,121
2021-01-09,Shasta,089,179085,9385,897,10282,132
2021-01-09,Sierra,091,2930,38,6,44,0
2021-01-09,Siskiyou,093,43540,1187,147,1334,11
2021-01-09,Solano,095,438530,24052,250,24302,157
2021-01-09,Sonoma,097,501317,22805,116,22921,226
2021-01-09,Stanislaus,099,539301,41033,3908,44941,696
2021-01-09,Sutter,101,95872,7399,53,7452,86
2021-01-09,Tehama,103,63373,3669,363,4032,49
2021-01-09,Trinity,105,12862,437,60,497,4
2021-01-09,Tulare,107,460477,40303,4921,45224,591
2021-01-09,Tuolumne,109,53932,3165,29,3194,37
2021-01-09,Ventura,111,848112,56822,1948,58770,511
2021-01-09,Yolo,113,214977,10389,83,10472,159
2021-01-09,Yuba,115,75493,4539,43,4582,27
2021-01-08,Alameda,001,1643700,63809,1266,65075,755
2021-01-08,Alpine,002,1148,73,0,73,0
2021-01-08,Amador,005,37829,2943,24,2967,29
2021-01-08,Butte,007,227075,9303,1197,10500,145
2021-01-08,Calaveras,009,45235,1457,7,1464,34
2021-01-08,Colusa,011,21464,1531,140,1671,9
2021-01-08,Contra Costa,013,1133247,49475,766,50241,507
2021-01-08,Del Norte,015,27424,843,2,845,2
2021-01-08,El Dorado,017,186661,7526,449,7975,69
2021-01-08,Fresno,019,978130,80559,5774,86333,1117
2021-01-08,Glenn,021,27897,1876,350,2226,18
2021-01-08,Humboldt,023,135768,2173,7,2180,22
2021-01-08,Imperial,025,180216,25053,1893,26946,570
2021-01-08,Inyo,027,18085,862,8,870,29
2021-01-08,Kern,029,883053,77624,6583,84207,799
2021-01-08,Kings,031,150075,18537,683,19220,151
2021-01-08,Lake,033,64148,2381,0,2381,37
2021-01-08,Lassen,035,31185,4689,66,4755,12
2021-01-08,Los Angeles,037,10098052,961746,28854,990600,14733
2021-01-08,Madera,039,155013,12855,577,13432,166
2021-01-08,Marin,041,260295,2670,49,2719,114
2021-01-08,Mariposa,043,17540,315,2,317,2
2021-01-08,Mendocino,045,87422,2896,40,2936,31
2021-01-08,Merced,047,269075,22494,508,23002,308
2021-01-08,Modoc,049,8938,288,78,366,2
2021-01-08,Mono,051,14174,1028,13,1041,3
2021-01-08,Monterey,053,433212,33773,914,34687,328
2021-01-08,Napa,055,140530,7133,24,7157,36
2021-01-08,Nevada,057,99092,3163,113,3276,64
2021-01-08,Orange,059,3164182,202026,8012,210038,3209
2021-01-08,Placer,061,380077,17164,770,17934,204
2021-01-08,Plumas,063,18699,546,9,555,5
2021-01-08,Riverside,065,2383286,231038,10676,241714,2858
2021-01-08,Sacramento,067,1510023,76717,806,77523,1155
2021-01-08,San Benito,069,59416,4570,40,4610,38
2021-01-08,San Bernardino,071,2135413,243805,6783,250588,3379
2021-01-08,San Diego,073,3302833,205031,9440,214471,2103
2021-01-08,San Francisco,075,870044,27731,317,28048,304
2021-01-08,San Joaquin,077,732212,54659,2043,56702,947
2021-01-08,San Luis Obispo,079,281455,14875,329,15204,138
2021-01-08,San Mateo,081,765935,31133,165,31298,311
2021-01-08,Santa Barbara,083,443738,22881,647,23528,221
2021-01-08,Santa Clara,085,1922200,87787,360,88147,1031
2021-01-08,Santa Cruz,087,273765,12061,484,12545,119
2021-01-08,Shasta,089,179085,9335,882,10217,127
2021-01-08,Sierra,091,2930,38,6,44,0
2021-01-08,Siskiyou,093,43540,1184,146,1330,11
2021-01-08,Solano,095,438530,23880,247,24127,157
2021-01-08,Sonoma,097,501317,22663,116,22779,221
2021-01-08,Stanislaus,099,539301,40734,3874,44608,689
2021-01-08,Sutter,101,95872,7349,53,7402,83
2021-01-08,Tehama,103,63373,3645,360,4005,49
2021-01-08,Trinity,105,12862,437,60,497,4
2021-01-08,Tulare,107,460477,40035,4826,44861,584
2021-01-08,Tuolumne,109,53932,3157,29,3186,36
2021-01-08,Ventura,111,848112,55956,1924,57880,491
2021-01-08,Yolo,113,214977,10300,83,10383,157
2021-01-08,Yuba,115,75493,4497,42,4539,26
2021-01-07,Alameda,001,1643700,62948,1239,64187,744
2021-01-07,Alpine,002,1148,71,0,71,0
2021-01-07,Amador,005,37829,2930,23,2953,29
2021-01-07,Butte,007,227075,9206,1176,10382,144
2021-01-07,Calaveras,009,45235,1440,6,1446,33
2021-01-07,Colusa,011,21464,1519,133,1652,9
2021-01-07,Contra Costa,013,1133247,48697,752,49449,503
2021-01-07,Del Norte,015,27424,841,2,843,2
2021-01-07,El Dorado,017,186661,7425,439,7864,64
2021-01-07,Fresno,019,978130,79603,5674,85277,1094
2021-01-07,Glenn,021,27897,1858,340,2198,18
2021-01-07,Humboldt,023,135768,2146,7,2153,22
2021-01-07,Imperial,025,180216,24873,1842,26715,565
2021-01-07,Inyo,027,18085,850,8,858,28
2021-01-07,Kern,029,883053,76762,6435,83197,784
2021-01-07,Kings,031,150075,18411,673,19084,149
2021-01-07,Lake,033,64148,2328,0,2328,35
2021-01-07,Lassen,035,31185,4684,64,4748,12
2021-01-07,Los Angeles,037,10098052,946822,28331,975153,14445
2021-01-07,Madera,039,155013,12700,567,13267,163
2021-01-07,Marin,041,260295,2581,47,2628,113
2021-01-07,Mariposa,043,17540,313,2,315,2
2021-01-07,Mendocino,045,87422,2842,35,2877,31
2021-01-07,Merced,047,269075,22173,492,22665,305
2021-01-07,Modoc,049,8938,288,78,366,2
2021-01-07,Mono,051,14174,1017,13,1030,3
2021-01-07,Monterey,053,433212,33268,891,34159,317
2021-01-07,Napa,055,140530,7024,24,7048,36
2021-01-07,Nevada,057,99092,3129,108,3237,63
2021-01-07,Orange,059,3164182,199200,7912,207112,3159
2021-01-07,Placer,061,380077,16985,742,17727,201
2021-01-07,Plumas,063,18699,544,9,553,5
2021-01-07,Riverside,065,2383286,227580,10526,238106,2803
2021-01-07,Sacramento,067,1510023,75812,785,76597,1149
2021-01-07,San Benito,069,59416,4509,38,4547,38
2021-01-07,San Bernardino,071,2135413,240367,6699,247066,3311
2021-01-07,San Diego,073,3302833,201725,9262,210987,2069
2021-01-07,San Francisco,075,870044,27406,304,27710,297
2021-01-07,San Joaquin,077,732212,53989,2014,56003,938
2021-01-07,San Luis Obispo,079,281455,14636,316,14952,137
2021-01-07,San Mateo,081,765935,30623,162,30785,303
2021-01-07,Santa Barbara,083,443738,22454,636,23090,217
2021-01-07,Santa Clara,085,1922200,86668,356,87024,1014
2021-01-07,Santa Cruz,087,273765,11852,476,12328,118
2021-01-07,Shasta,089,179085,9247,874,10121,123
2021-01-07,Sierra,091,2930,38,6,44,0
2021-01-07,Siskiyou,093,43540,1179,145,1324,11
2021-01-07,Solano,095,438530,23491,243,23734,154
2021-01-07,Sonoma,097,501317,22402,115,22517,218
2021-01-07,Stanislaus,099,539301,40318,3822,44140,681
2021-01-07,Sutter,101,95872,7290,52,7342,82
2021-01-07,Tehama,103,63373,3621,352,3973,49
2021-01-07,Trinity,105,12862,437,60,497,4
2021-01-07,Tulare,107,460477,39649,4696,44345,580
2021-01-07,Tuolumne,109,53932,3137,28,3165,36
2021-01-07,Ventura,111,848112,54795,1896,56691,473
2021-01-07,Yolo,113,214977,10159,81,10240,157
2021-01-07,Yuba,115,75493,4457,42,4499,26
2021-01-06,Alameda,001,1643700,62094,1212,63306,734
2021-01-06,Alpine,002,1148,71,0,71,0
2021-01-06,Amador,005,37829,2909,22,2931,29
2021-01-06,Butte,007,227075,9094,1157,10251,141
2021-01-06,Calaveras,009,45235,1417,6,1423,32
2021-01-06,Colusa,011,21464,1499,128,1627,9
2021-01-06,Contra Costa,013,1133247,47900,736,48636,495
2021-01-06,Del Norte,015,27424,835,2,837,2
2021-01-06,El Dorado,017,186661,7313,425,7738,62
2021-01-06,Fresno,019,978130,78757,5572,84329,1074
2021-01-06,Glenn,021,27897,1832,336,2168,16
2021-01-06,Humboldt,023,135768,2120,7,2127,22
2021-01-06,Imperial,025,180216,24626,1799,26425,556
2021-01-06,Inyo,027,18085,834,8,842,27
2021-01-06,Kern,029,883053,75819,6309,82128,772
2021-01-06,Kings,031,150075,18213,654,18867,148
2021-01-06,Lake,033,64148,2294,0,2294,35
2021-01-06,Lassen,035,31185,4672,60,4732,12
2021-01-06,Los Angeles,037,10098052,930858,27647,958505,14166
2021-01-06,Madera,039,155013,12566,560,13126,161
2021-01-06,Marin,041,260295,2458,46,2504,113
2021-01-06,Mariposa,043,17540,310,2,312,2
2021-01-06,Mendocino,045,87422,2812,35,2847,31
2021-01-06,Merced,047,269075,21838,477,22315,302
2021-01-06,Modoc,049,8938,288,78,366,1
2021-01-06,Mono,051,14174,986,13,999,3
2021-01-06,Monterey,053,433212,32667,860,33527,313
2021-01-06,Napa,055,140530,6894,24,6918,32
2021-01-06,Nevada,057,99092,3109,107,3216,61
2021-01-06,Orange,059,3164182,195758,7771,203529,3098
2021-01-06,Placer,061,380077,16798,724,17522,199
2021-01-06,Plumas,063,18699,536,9,545,5
2021-01-06,Riverside,065,2383286,223567,10340,233907,2751
2021-01-06,Sacramento,067,1510023,74788,768,75556,1131
2021-01-06,San Benito,069,59416,4434,37,4471,36
2021-01-06,San Bernardino,071,2135413,236682,6596,243278,3236
2021-01-06,San Diego,073,3302833,198224,9091,207315,2026
2021-01-06,San Francisco,075,870044,27040,296,27336,289
2021-01-06,San Joaquin,077,732212,53256,1972,55228,931
2021-01-06,San Luis Obispo,079,281455,14242,309,14551,135
2021-01-06,San Mateo,081,765935,30198,159,30357,297
2021-01-06,Santa Barbara,083,443738,21966,627,22593,212
2021-01-06,Santa Clara,085,1922200,85347,349,85696,998
2021-01-06,Santa Cruz,087,273765,11633,458,12091,118
2021-01-06,Shasta,089,179085,9177,867,10044,122
2021-01-06,Sierra,091,2930,37,6,43,0
2021-01-06,Siskiyou,093,43540,1167,141,1308,11
2021-01-06,Solano,095,438530,23119,240,23359,151
2021-01-06,Sonoma,097,501317,22094,115,22209,216
2021-01-06,Stanislaus,099,539301,39751,3762,43513,672
2021-01-06,Sutter,101,95872,7209,51,7260,80
2021-01-06,Tehama,103,63373,3592,346,3938,47
2021-01-06,Trinity,105,12862,437,60,497,4
2021-01-06,Tulare,107,460477,39156,4601,43757,574
2021-01-06,Tuolumne,109,53932,3116,28,3144,36
2021-01-06,Ventura,111,848112,53551,1872,55423,453
2021-01-06,Yolo,113,214977,9992,78,10070,156
2021-01-06,Yuba,115,75493,4407,42,4449,25
2021-01-05,Alameda,001,1643700,60976,1182,62158,726
2021-01-05,Alpine,002,1148,71,0,71,0
2021-01-05,Amador,005,37829,2869,22,2891,27
2021-01-05,Butte,007,227075,8955,1130,10085,137
2021-01-05,Calaveras,009,45235,1370,6,1376,32
2021-01-05,Colusa,011,21464,1477,122,1599,9
2021-01-05,Contra Costa,013,1133247,47042,724,47766,488
2021-01-05,Del Norte,015,27424,829,2,831,2
2021-01-05,El Dorado,017,186661,7195,404,7599,57
2021-01-05,Fresno,019,978130,77537,5482,83019,1051
2021-01-05,Glenn,021,27897,1809,320,2129,16
2021-01-05,Humboldt,023,135768,2084,7,2091,22
2021-01-05,Imperial,025,180216,24454,1758,26212,550
2021-01-05,Inyo,027,18085,820,8,828,27
2021-01-05,Kern,029,883053,74741,6174,80915,762
2021-01-05,Kings,031,150075,18015,632,18647,146
2021-01-05,Lake,033,64148,2248,0,2248,34
2021-01-05,Lassen,035,31185,4657,56,4713,12
2021-01-05,Los Angeles,037,10098052,912121,26993,939114,13860
2021-01-05,Madera,039,155013,12396,548,12944,159
2021-01-05,Marin,041,260295,2310,45,2355,112
2021-01-05,Mariposa,043,17540,304,2,306,2
2021-01-05,Mendocino,045,87422,2776,35,2811,31
2021-01-05,Merced,047,269075,21486,465,21951,299
2021-01-05,Modoc,049,8938,288,78,366,0
2021-01-05,Mono,051,14174,980,13,993,3
2021-01-05,Monterey,053,433212,32120,827,32947,304
2021-01-05,Napa,055,140530,6808,24,6832,32
2021-01-05,Nevada,057,99092,3081,106,3187,61
2021-01-05,Orange,059,3164182,192131,7581,199712,3037
2021-01-05,Placer,061,380077,16575,701,17276,197
2021-01-05,Plumas,063,18699,529,9,538,5
2021-01-05,Riverside,065,2383286,219442,10171,229613,2704
2021-01-05,Sacramento,067,1510023,73859,742,74601,1123
2021-01-05,San Benito,069,59416,4332,35,4367,35
2021-01-05,San Bernardino,071,2135413,232718,6480,239198,3178
2021-01-05,San Diego,073,3302833,194084,8877,202961,1987
2021-01-05,San Francisco,075,870044,26669,280,26949,283
2021-01-05,San Joaquin,077,732212,52398,1928,54326,911
2021-01-05,San Luis Obispo,079,281455,13844,299,14143,129
2021-01-05,San Mateo,081,765935,29717,157,29874,287
2021-01-05,Santa Barbara,083,443738,21519,619,22138,210
2021-01-05,Santa Clara,085,1922200,83801,337,84138,983
2021-01-05,Santa Cruz,087,273765,11360,434,11794,114
2021-01-05,Shasta,089,179085,9070,849,9919,121
2021-01-05,Sierra,091,2930,37,6,43,0
2021-01-05,Siskiyou,093,43540,1155,139,1294,11
2021-01-05,Solano,095,438530,22714,235,22949,150
2021-01-05,Sonoma,097,501317,21736,114,21850,215
2021-01-05,Stanislaus,099,539301,39207,3711,42918,669
2021-01-05,Sutter,101,95872,7112,50,7162,79
2021-01-05,Tehama,103,63373,3540,342,3882,47
2021-01-05,Trinity,105,12862,437,60,497,4
2021-01-05,Tulare,107,460477,38581,4460,43041,570
2021-01-05,Tuolumne,109,53932,3093,23,3116,35
2021-01-05,Ventura,111,848112,52307,1850,54157,441
2021-01-05,Yolo,113,214977,9814,76,9890,155
2021-01-05,Yuba,115,75493,4348,41,4389,25
2021-01-04,Alameda,001,1643700,59754,1148,60902,717
2021-01-04,Alpine,002,1148,71,0,71,0
2021-01-04,Amador,005,37829,2829,22,2851,27
2021-01-04,Butte,007,227075,8796,1109,9905,136
2021-01-04,Calaveras,009,45235,1329,5,1334,32
2021-01-04,Colusa,011,21464,1452,108,1560,9
2021-01-04,Contra Costa,013,1133247,46184,700,46884,482
2021-01-04,Del Norte,015,27424,818,2,820,2
2021-01-04,El Dorado,017,186661,7061,390,7451,55
2021-01-04,Fresno,019,978130,76270,5384,81654,1032
2021-01-04,Glenn,021,27897,1776,315,2091,16
2021-01-04,Humboldt,023,135768,2047,7,2054,22
2021-01-04,Imperial,025,180216,24307,1707,26014,540
2021-01-04,Inyo,027,18085,794,8,802,27
2021-01-04,Kern,029,883053,73658,5980,79638,754
2021-01-04,Kings,031,150075,17739,608,18347,141
2021-01-04,Lake,033,64148,2212,0,2212,34
2021-01-04,Lassen,035,31185,4635,55,4690,12
2021-01-04,Los Angeles,037,10098052,891971,26157,918128,13577
2021-01-04,Madera,039,155013,12180,527,12707,159
2021-01-04,Marin,041,260295,2170,43,2213,112
2021-01-04,Mariposa,043,17540,298,2,300,2
2021-01-04,Mendocino,045,87422,2736,31,2767,31
2021-01-04,Merced,047,269075,21089,446,21535,295
2021-01-04,Modoc,049,8938,272,76,348,0
2021-01-04,Mono,051,14174,969,13,982,3
2021-01-04,Monterey,053,433212,31506,806,32312,290
2021-01-04,Napa,055,140530,6667,24,6691,32
2021-01-04,Nevada,057,99092,3043,103,3146,59
2021-01-04,Orange,059,3164182,188247,7459,195706,2968
2021-01-04,Placer,061,380077,16316,688,17004,194
2021-01-04,Plumas,063,18699,519,9,528,5
2021-01-04,Riverside,065,2383286,214895,9985,224880,2662
2021-01-04,Sacramento,067,1510023,72805,733,73538,1108
2021-01-04,San Benito,069,59416,4219,35,4254,34
2021-01-04,San Bernardino,071,2135413,228450,6331,234781,3113
2021-01-04,San Diego,073,3302833,189510,8681,198191,1948
2021-01-04,San Francisco,075,870044,26283,274,26557,281
2021-01-04,San Joaquin,077,732212,51507,1887,53394,891
2021-01-04,San Luis Obispo,079,281455,13357,292,13649,124
2021-01-04,San Mateo,081,765935,29153,152,29305,283
2021-01-04,Santa Barbara,083,443738,20996,590,21586,204
2021-01-04,Santa Clara,085,1922200,82044,330,82374,965
2021-01-04,Santa Cruz,087,273765,11072,417,11489,113
2021-01-04,Shasta,089,179085,8965,832,9797,118
2021-01-04,Sierra,091,2930,36,6,42,0
2021-01-04,Siskiyou,093,43540,1139,136,1275,11
2021-01-04,Solano,095,438530,22209,227,22436,148
2021-01-04,Sonoma,097,501317,21398,113,21511,209
2021-01-04,Stanislaus,099,539301,38643,3656,42299,664
2021-01-04,Sutter,101,95872,7016,49,7065,77
2021-01-04,Tehama,103,63373,3471,337,3808,47
2021-01-04,Trinity,105,12862,434,60,494,4
2021-01-04,Tulare,107,460477,38040,4361,42401,557
2021-01-04,Tuolumne,109,53932,3068,23,3091,34
2021-01-04,Ventura,111,848112,50804,1830,52634,421
2021-01-04,Yolo,113,214977,9619,75,9694,152
2021-01-04,Yuba,115,75493,4293,41,4334,24
2021-01-03,Alameda,001,1643700,58506,1121,59627,701
2021-01-03,Alpine,002,1148,69,0,69,0
2021-01-03,Amador,005,37829,2772,22,2794,25
2021-01-03,Butte,007,227075,8602,1063,9665,135
2021-01-03,Calaveras,009,45235,1292,3,1295,31
2021-01-03,Colusa,011,21464,1424,102,1526,9
2021-01-03,Contra Costa,013,1133247,45298,679,45977,471
2021-01-03,Del Norte,015,27424,807,2,809,2
2021-01-03,El Dorado,017,186661,6933,373,7306,55
2021-01-03,Fresno,019,978130,75120,5268,80388,1019
2021-01-03,Glenn,021,27897,1751,309,2060,16
2021-01-03,Humboldt,023,135768,2010,7,2017,22
2021-01-03,Imperial,025,180216,24067,1629,25696,535
2021-01-03,Inyo,027,18085,775,8,783,27
2021-01-03,Kern,029,883053,72397,5805,78202,745
2021-01-03,Kings,031,150075,17463,579,18042,140
2021-01-03,Lake,033,64148,2166,0,2166,34
2021-01-03,Lassen,035,31185,4602,54,4656,12
2021-01-03,Los Angeles,037,10098052,869903,25127,895030,13281
2021-01-03,Madera,039,155013,11952,504,12456,157
2021-01-03,Marin,041,260295,2020,39,2059,111
2021-01-03,Mariposa,043,17540,291,2,293,2
2021-01-03,Mendocino,045,87422,2696,29,2725,31
2021-01-03,Merced,047,269075,20626,420,21046,289
2021-01-03,Modoc,049,8938,268,75,343,0
2021-01-03,Mono,051,14174,944,13,957,3
2021-01-03,Monterey,053,433212,30916,771,31687,281
2021-01-03,Napa,055,140530,6566,24,6590,31
2021-01-03,Nevada,057,99092,2982,100,3082,59
2021-01-03,Orange,059,3164182,184054,7270,191324,2903
2021-01-03,Placer,061,380077,16065,665,16730,189
2021-01-03,Plumas,063,18699,506,9,515,4
2021-01-03,Riverside,065,2383286,210020,9738,219758,2608
2021-01-03,Sacramento,067,1510023,71599,712,72311,1098
2021-01-03,San Benito,069,59416,4123,34,4157,33
2021-01-03,San Bernardino,071,2135413,223174,6160,229334,3043
2021-01-03,San Diego,073,3302833,184250,8452,192702,1921
2021-01-03,San Francisco,075,870044,25792,255,26047,278
2021-01-03,San Joaquin,077,732212,50398,1832,52230,881
2021-01-03,San Luis Obispo,079,281455,12889,284,13173,122
2021-01-03,San Mateo,081,765935,28559,145,28704,273
2021-01-03,Santa Barbara,083,443738,20263,576,20839,196
2021-01-03,Santa Clara,085,1922200,80454,324,80778,952
2021-01-03,Santa Cruz,087,273765,10767,402,11169,109
2021-01-03,Shasta,089,179085,8838,792,9630,116
2021-01-03,Sierra,091,2930,36,6,42,0
2021-01-03,Siskiyou,093,43540,1107,127,1234,11
2021-01-03,Solano,095,438530,21675,221,21896,146
2021-01-03,Sonoma,097,501317,21012,111,21123,208
2021-01-03,Stanislaus,099,539301,37936,3573,41509,654
2021-01-03,Sutter,101,95872,6919,48,6967,74
2021-01-03,Tehama,103,63373,3417,329,3746,46
2021-01-03,Trinity,105,12862,429,58,487,4
2021-01-03,Tulare,107,460477,37463,4214,41677,549
2021-01-03,Tuolumne,109,53932,3007,20,3027,34
2021-01-03,Ventura,111,848112,48978,1813,50791,409
2021-01-03,Yolo,113,214977,9458,74,9532,148
2021-01-03,Yuba,115,75493,4242,40,4282,22
2021-01-02,Alameda,001,1643700,57884,1090,58974,690
2021-01-02,Alpine,002,1148,69,0,69,0
2021-01-02,Amador,005,37829,2753,22,2775,25
2021-01-02,Butte,007,227075,8496,1042,9538,134
2021-01-02,Calaveras,009,45235,1272,3,1275,29
2021-01-02,Colusa,011,21464,1413,101,1514,9
2021-01-02,Contra Costa,013,1133247,44753,671,45424,465
2021-01-02,Del Norte,015,27424,805,2,807,2
2021-01-02,El Dorado,017,186661,6878,369,7247,53
2021-01-02,Fresno,019,978130,74577,5157,79734,1001
2021-01-02,Glenn,021,27897,1734,308,2042,16
2021-01-02,Humboldt,023,135768,1983,7,1990,22
2021-01-02,Imperial,025,180216,23979,1597,25576,527
2021-01-02,Inyo,027,18085,764,8,772,27
2021-01-02,Kern,029,883053,71677,5693,77370,737
2021-01-02,Kings,031,150075,17369,575,17944,138
2021-01-02,Lake,033,64148,2129,0,2129,33
2021-01-02,Lassen,035,31185,4591,53,4644,12
2021-01-02,Los Angeles,037,10098052,861527,24452,885979,13001
2021-01-02,Madera,039,155013,11837,492,12329,156
2021-01-02,Marin,041,260295,1972,36,2008,108
2021-01-02,Mariposa,043,17540,284,2,286,2
2021-01-02,Mendocino,045,87422,2653,28,2681,31
2021-01-02,Merced,047,269075,20484,403,20887,286
2021-01-02,Modoc,049,8938,267,75,342,0
2021-01-02,Mono,051,14174,933,13,946,3
2021-01-02,Monterey,053,433212,30700,759,31459,276
2021-01-02,Napa,055,140530,6507,24,6531,30
2021-01-02,Nevada,057,99092,2953,96,3049,56
2021-01-02,Orange,059,3164182,181829,7122,188951,2835
2021-01-02,Placer,061,380077,15892,656,16548,188
2021-01-02,Plumas,063,18699,503,9,512,4
2021-01-02,Riverside,065,2383286,207374,9512,216886,2563
2021-01-02,Sacramento,067,1510023,70963,694,71657,1088
2021-01-02,San Benito,069,59416,4041,34,4075,31
2021-01-02,San Bernardino,071,2135413,221512,6038,227550,2988
2021-01-02,San Diego,073,3302833,181650,8256,189906,1881
2021-01-02,San Francisco,075,870044,25539,247,25786,274
2021-01-02,San Joaquin,077,732212,49995,1804,51799,868
2021-01-02,San Luis Obispo,079,281455,12755,278,13033,119
2021-01-02,San Mateo,081,765935,28222,137,28359,267
2021-01-02,Santa Barbara,083,443738,19974,573,20547,191
2021-01-02,Santa Clara,085,1922200,79278,318,79596,927
2021-01-02,Santa Cruz,087,273765,10612,394,11006,108
2021-01-02,Shasta,089,179085,8772,781,9553,113
2021-01-02,Sierra,091,2930,36,6,42,0
2021-01-02,Siskiyou,093,43540,1096,125,1221,11
2021-01-02,Solano,095,438530,21475,212,21687,144
2021-01-02,Sonoma,097,501317,20843,111,20954,208
2021-01-02,Stanislaus,099,539301,37603,3509,41112,646
2021-01-02,Sutter,101,95872,6867,48,6915,72
2021-01-02,Tehama,103,63373,3389,325,3714,45
2021-01-02,Trinity,105,12862,426,58,484,4
2021-01-02,Tulare,107,460477,37135,4139,41274,541
2021-01-02,Tuolumne,109,53932,2993,18,3011,32
2021-01-02,Ventura,111,848112,47823,1780,49603,394
2021-01-02,Yolo,113,214977,9362,72,9434,147
2021-01-02,Yuba,115,75493,4204,40,4244,21
2021-01-01,Alameda,001,1643700,57236,1076,58312,673
2021-01-01,Alpine,002,1148,69,0,69,0
2021-01-01,Amador,005,37829,2727,20,2747,25
2021-01-01,Butte,007,227075,8394,1020,9414,131
2021-01-01,Calaveras,009,45235,1257,3,1260,29
2021-01-01,Colusa,011,21464,1403,99,1502,9
2021-01-01,Contra Costa,013,1133247,44278,651,44929,454
2021-01-01,Del Norte,015,27424,800,2,802,2
2021-01-01,El Dorado,017,186661,6785,361,7146,51
2021-01-01,Fresno,019,978130,73503,5073,78576,989
2021-01-01,Glenn,021,27897,1717,299,2016,16
2021-01-01,Humboldt,023,135768,1944,7,1951,22
2021-01-01,Imperial,025,180216,23883,1546,25429,522
2021-01-01,Inyo,027,18085,739,8,747,27
2021-01-01,Kern,029,883053,70851,5586,76437,729
2021-01-01,Kings,031,150075,17186,568,17754,134
2021-01-01,Lake,033,64148,2091,0,2091,32
2021-01-01,Lassen,035,31185,4585,53,4638,11
2021-01-01,Los Angeles,037,10098052,847305,23784,871089,12747
2021-01-01,Madera,039,155013,11682,483,12165,156
2021-01-01,Marin,041,260295,1874,35,1909,107
2021-01-01,Mariposa,043,17540,276,2,278,2
2021-01-01,Mendocino,045,87422,2599,28,2627,29
2021-01-01,Merced,047,269075,20300,387,20687,283
2021-01-01,Modoc,049,8938,267,75,342,0
2021-01-01,Mono,051,14174,915,12,927,3
2021-01-01,Monterey,053,433212,30462,750,31212,271
2021-01-01,Napa,055,140530,6422,24,6446,29
2021-01-01,Nevada,057,99092,2929,96,3025,56
2021-01-01,Orange,059,3164182,179035,6979,186014,2763
2021-01-01,Placer,061,380077,15702,641,16343,185
2021-01-01,Plumas,063,18699,498,9,507,4
2021-01-01,Riverside,065,2383286,204184,9259,213443,2518
2021-01-01,Sacramento,067,1510023,70365,677,71042,1074
2021-01-01,San Benito,069,59416,4004,34,4038,30
2021-01-01,San Bernardino,071,2135413,218749,5908,224657,2933
2021-01-01,San Diego,073,3302833,178577,8077,186654,1853
2021-01-01,San Francisco,075,870044,25261,236,25497,265
2021-01-01,San Joaquin,077,732212,49671,1760,51431,854
2021-01-01,San Luis Obispo,079,281455,12526,270,12796,114
2021-01-01,San Mateo,081,765935,27773,133,27906,264
2021-01-01,Santa Barbara,083,443738,19654,563,20217,185
2021-01-01,Santa Clara,085,1922200,78057,314,78371,908
2021-01-01,Santa Cruz,087,273765,10432,384,10816,108
2021-01-01,Shasta,089,179085,8691,764,9455,112
2021-01-01,Sierra,091,2930,36,6,42,0
2021-01-01,Siskiyou,093,43540,1082,120,1202,11
2021-01-01,Solano,095,438530,21261,210,21471,140
2021-01-01,Sonoma,097,501317,20647,111,20758,204
2021-01-01,Stanislaus,099,539301,37315,3447,40762,643
2021-01-01,Sutter,101,95872,6810,47,6857,72
2021-01-01,Tehama,103,63373,3331,318,3649,43
2021-01-01,Trinity,105,12862,426,58,484,4
2021-01-01,Tulare,107,460477,36726,4051,40777,532
2021-01-01,Tuolumne,109,53932,2976,18,2994,32
2021-01-01,Ventura,111,848112,46330,1754,48084,382
2021-01-01,Yolo,113,214977,9251,69,9320,145
2021-01-01,Yuba,115,75493,4150,39,4189,20
2020-12-31,Alameda,001,1643700,56688,1044,57732,664
2020-12-31,Alpine,002,1148,69,0,69,0
2020-12-31,Amador,005,37829,2713,20,2733,25
2020-12-31,Butte,007,227075,8319,999,9318,130
2020-12-31,Calaveras,009,45235,1246,3,1249,28
2020-12-31,Colusa,011,21464,1391,96,1487,9
2020-12-31,Contra Costa,013,1133247,43874,635,44509,444
2020-12-31,Del Norte,015,27424,799,2,801,2
2020-12-31,El Dorado,017,186661,6733,352,7085,47
2020-12-31,Fresno,019,978130,73072,5011,78083,969
2020-12-31,Glenn,021,27897,1689,291,1980,16
2020-12-31,Humboldt,023,135768,1927,7,1934,22
2020-12-31,Imperial,025,180216,23813,1529,25342,516
2020-12-31,Inyo,027,18085,731,8,739,26
2020-12-31,Kern,029,883053,70377,5497,75874,712
2020-12-31,Kings,031,150075,17111,559,17670,134
2020-12-31,Lake,033,64148,2070,0,2070,32
2020-12-31,Lassen,035,31185,4579,52,4631,11
2020-12-31,Los Angeles,037,10098052,841958,23334,865292,12470
2020-12-31,Madera,039,155013,11597,475,12072,155
2020-12-31,Marin,041,260295,1822,33,1855,106
2020-12-31,Mariposa,043,17540,274,2,276,2
2020-12-31,Mendocino,045,87422,2584,24,2608,28
2020-12-31,Merced,047,269075,20210,377,20587,280
2020-12-31,Modoc,049,8938,267,75,342,0
2020-12-31,Mono,051,14174,907,12,919,3
2020-12-31,Monterey,053,433212,30232,738,30970,265
2020-12-31,Napa,055,140530,6359,24,6383,28
2020-12-31,Nevada,057,99092,2906,95,3001,56
2020-12-31,Orange,059,3164182,177134,6850,183984,2708
2020-12-31,Placer,061,380077,15546,638,16184,181
2020-12-31,Plumas,063,18699,494,8,502,4
2020-12-31,Riverside,065,2383286,202502,9130,211632,2482
2020-12-31,Sacramento,067,1510023,69835,667,70502,1064
2020-12-31,San Benito,069,59416,3980,34,4014,29
2020-12-31,San Bernardino,071,2135413,217055,5835,222890,2875
2020-12-31,San Diego,073,3302833,176813,7979,184792,1808
2020-12-31,San Francisco,075,870044,25026,229,25255,261
2020-12-31,San Joaquin,077,732212,49319,1722,51041,843
2020-12-31,San Luis Obispo,079,281455,12411,270,12681,111
2020-12-31,San Mateo,081,765935,27443,127,27570,259
2020-12-31,Santa Barbara,083,443738,19410,556,19966,184
2020-12-31,Santa Clara,085,1922200,77180,309,77489,876
2020-12-31,Santa Cruz,087,273765,10314,372,10686,107
2020-12-31,Shasta,089,179085,8625,754,9379,105
2020-12-31,Sierra,091,2930,36,6,42,0
2020-12-31,Siskiyou,093,43540,1066,117,1183,10
2020-12-31,Solano,095,438530,21028,209,21237,139
2020-12-31,Sonoma,097,501317,20526,110,20636,202
2020-12-31,Stanislaus,099,539301,37007,3400,40407,637
2020-12-31,Sutter,101,95872,6779,47,6826,71
2020-12-31,Tehama,103,63373,3293,317,3610,43
2020-12-31,Trinity,105,12862,425,58,483,4
2020-12-31,Tulare,107,460477,36522,3990,40512,522
2020-12-31,Tuolumne,109,53932,2967,18,2985,32
2020-12-31,Ventura,111,848112,45820,1737,47557,375
2020-12-31,Yolo,113,214977,9161,68,9229,144
2020-12-31,Yuba,115,75493,4113,38,4151,19
2020-12-30,Alameda,001,1643700,55907,991,56898,650
2020-12-30,Alpine,002,1148,69,0,69,0
2020-12-30,Amador,005,37829,2693,19,2712,25
2020-12-30,Butte,007,227075,8158,980,9138,126
2020-12-30,Calaveras,009,45235,1221,3,1224,28
2020-12-30,Colusa,011,21464,1373,90,1463,9
2020-12-30,Contra Costa,013,1133247,43323,622,43945,438
2020-12-30,Del Norte,015,27424,794,2,796,2
2020-12-30,El Dorado,017,186661,6632,342,6974,45
2020-12-30,Fresno,019,978130,72227,4861,77088,955
2020-12-30,Glenn,021,27897,1658,279,1937,16
2020-12-30,Humboldt,023,135768,1893,7,1900,22
2020-12-30,Imperial,025,180216,23648,1453,25101,515
2020-12-30,Inyo,027,18085,725,8,733,26
2020-12-30,Kern,029,883053,69649,5352,75001,701
2020-12-30,Kings,031,150075,16992,550,17542,134
2020-12-30,Lake,033,64148,2051,0,2051,31
2020-12-30,Lassen,035,31185,4570,52,4622,10
2020-12-30,Los Angeles,037,10098052,831035,22668,853703,12193
2020-12-30,Madera,039,155013,11487,464,11951,152
2020-12-30,Marin,041,260295,1730,27,1757,106
2020-12-30,Mariposa,043,17540,270,2,272,2
2020-12-30,Mendocino,045,87422,2566,21,2587,27
2020-12-30,Merced,047,269075,19919,367,20286,277
2020-12-30,Modoc,049,8938,264,75,339,0
2020-12-30,Mono,051,14174,904,12,916,3
2020-12-30,Monterey,053,433212,29602,716,30318,258
2020-12-30,Napa,055,140530,6254,24,6278,28
2020-12-30,Nevada,057,99092,2871,93,2964,56
2020-12-30,Orange,059,3164182,174477,6663,181140,2644
2020-12-30,Placer,061,380077,15315,626,15941,178
2020-12-30,Plumas,063,18699,489,8,497,4
2020-12-30,Riverside,065,2383286,199554,8947,208501,2444
2020-12-30,Sacramento,067,1510023,68962,650,69612,1051
2020-12-30,San Benito,069,59416,3898,30,3928,29
2020-12-30,San Bernardino,071,2135413,214487,5750,220237,2815
2020-12-30,San Diego,073,3302833,173180,7804,180984,1779
2020-12-30,San Francisco,075,870044,24750,224,24974,254
2020-12-30,San Joaquin,077,732212,48598,1681,50279,834
2020-12-30,San Luis Obispo,079,281455,12142,262,12404,104
2020-12-30,San Mateo,081,765935,27014,123,27137,253
2020-12-30,Santa Barbara,083,443738,19008,535,19543,179
2020-12-30,Santa Clara,085,1922200,75972,305,76277,857
2020-12-30,Santa Cruz,087,273765,10140,363,10503,104
2020-12-30,Shasta,089,179085,8511,740,9251,103
2020-12-30,Sierra,091,2930,36,6,42,0
2020-12-30,Siskiyou,093,43540,1058,109,1167,10
2020-12-30,Solano,095,438530,20645,206,20851,138
2020-12-30,Sonoma,097,501317,20270,110,20380,199
2020-12-30,Stanislaus,099,539301,36544,3325,39869,631
2020-12-30,Sutter,101,95872,6720,45,6765,70
2020-12-30,Tehama,103,63373,3249,313,3562,42
2020-12-30,Trinity,105,12862,424,57,481,4
2020-12-30,Tulare,107,460477,35991,3930,39921,511
2020-12-30,Tuolumne,109,53932,2957,16,2973,32
2020-12-30,Ventura,111,848112,44533,1713,46246,363
2020-12-30,Yolo,113,214977,9053,66,9119,141
2020-12-30,Yuba,115,75493,4045,38,4083,19
2020-12-29,Alameda,001,1643700,54837,956,55793,640
2020-12-29,Alpine,002,1148,69,0,69,0
2020-12-29,Amador,005,37829,2641,18,2659,25
2020-12-29,Butte,007,227075,7987,956,8943,124
2020-12-29,Calaveras,009,45235,1177,2,1179,28
2020-12-29,Colusa,011,21464,1352,85,1437,9
2020-12-29,Contra Costa,013,1133247,42554,596,43150,427
2020-12-29,Del Norte,015,27424,787,2,789,2
2020-12-29,El Dorado,017,186661,6502,329,6831,43
2020-12-29,Fresno,019,978130,70856,4712,75568,933
2020-12-29,Glenn,021,27897,1624,272,1896,16
2020-12-29,Humboldt,023,135768,1845,7,1852,22
2020-12-29,Imperial,025,180216,23433,1371,24804,509
2020-12-29,Inyo,027,18085,707,8,715,25
2020-12-29,Kern,029,883053,68484,5184,73668,686
2020-12-29,Kings,031,150075,16823,538,17361,133
2020-12-29,Lake,033,64148,2020,0,2020,30
2020-12-29,Lassen,035,31185,4555,52,4607,10
2020-12-29,Los Angeles,037,10098052,810820,21846,832666,11952
2020-12-29,Madera,039,155013,11185,451,11636,150
2020-12-29,Marin,041,260295,1604,25,1629,104
2020-12-29,Mariposa,043,17540,262,2,264,2
2020-12-29,Mendocino,045,87422,2523,20,2543,27
2020-12-29,Merced,047,269075,19568,351,19919,276
2020-12-29,Modoc,049,8938,261,75,336,0
2020-12-29,Mono,051,14174,895,12,907,3
2020-12-29,Monterey,053,433212,28951,691,29642,252
2020-12-29,Napa,055,140530,6136,24,6160,27
2020-12-29,Nevada,057,99092,2823,92,2915,56
2020-12-29,Orange,059,3164182,170703,6500,177203,2580
2020-12-29,Placer,061,380077,15102,605,15707,174
2020-12-29,Plumas,063,18699,480,8,488,4
2020-12-29,Riverside,065,2383286,194956,8698,203654,2400
2020-12-29,Sacramento,067,1510023,67911,638,68549,1041
2020-12-29,San Benito,069,59416,3779,29,3808,28
2020-12-29,San Bernardino,071,2135413,209651,5614,215265,2754
2020-12-29,San Diego,073,3302833,168957,7573,176530,1742
2020-12-29,San Francisco,075,870044,24410,217,24627,248
2020-12-29,San Joaquin,077,732212,47657,1628,49285,822
2020-12-29,San Luis Obispo,079,281455,11846,254,12100,101
2020-12-29,San Mateo,081,765935,26472,111,26583,252
2020-12-29,Santa Barbara,083,443738,18539,509,19048,175
2020-12-29,Santa Clara,085,1922200,74471,301,74772,837
2020-12-29,Santa Cruz,087,273765,9874,354,10228,103
2020-12-29,Shasta,089,179085,8407,725,9132,101
2020-12-29,Sierra,091,2930,34,5,39,0
2020-12-29,Siskiyou,093,43540,1043,107,1150,10
2020-12-29,Solano,095,438530,20267,201,20468,137
2020-12-29,Sonoma,097,501317,19939,108,20047,194
2020-12-29,Stanislaus,099,539301,36067,3255,39322,627
2020-12-29,Sutter,101,95872,6653,45,6698,69
2020-12-29,Tehama,103,63373,3179,301,3480,41
2020-12-29,Trinity,105,12862,423,57,480,4
2020-12-29,Tulare,107,460477,35362,3807,39169,503
2020-12-29,Tuolumne,109,53932,2915,16,2931,32
2020-12-29,Ventura,111,848112,43278,1687,44965,352
2020-12-29,Yolo,113,214977,8923,64,8987,141
2020-12-29,Yuba,115,75493,3966,38,4004,18
2020-12-28,Alameda,001,1643700,53795,936,54731,627
2020-12-28,Alpine,002,1148,68,0,68,0
2020-12-28,Amador,005,37829,2571,18,2589,25
2020-12-28,Butte,007,227075,7821,926,8747,122
2020-12-28,Calaveras,009,45235,1154,2,1156,28
2020-12-28,Colusa,011,21464,1326,74,1400,9
2020-12-28,Contra Costa,013,1133247,41612,567,42179,421
2020-12-28,Del Norte,015,27424,778,2,780,2
2020-12-28,El Dorado,017,186661,6346,318,6664,41
2020-12-28,Fresno,019,978130,69588,4562,74150,911
2020-12-28,Glenn,021,27897,1590,260,1850,16
2020-12-28,Humboldt,023,135768,1810,7,1817,20
2020-12-28,Imperial,025,180216,23177,1297,24474,501
2020-12-28,Inyo,027,18085,701,8,709,25
2020-12-28,Kern,029,883053,67418,4984,72402,676
2020-12-28,Kings,031,150075,16606,520,17126,131
2020-12-28,Lake,033,64148,1980,0,1980,29
2020-12-28,Lassen,035,31185,4448,51,4499,10
2020-12-28,Los Angeles,037,10098052,788455,21064,809519,11753
2020-12-28,Madera,039,155013,11012,431,11443,150
2020-12-28,Marin,041,260295,1528,20,1548,103
2020-12-28,Mariposa,043,17540,238,2,240,2
2020-12-28,Mendocino,045,87422,2488,20,2508,27
2020-12-28,Merced,047,269075,19248,333,19581,272
2020-12-28,Modoc,049,8938,256,73,329,0
2020-12-28,Mono,051,14174,891,12,903,3
2020-12-28,Monterey,053,433212,28102,682,28784,242
2020-12-28,Napa,055,140530,6026,24,6050,27
2020-12-28,Nevada,057,99092,2775,88,2863,54
2020-12-28,Orange,059,3164182,166602,6325,172927,2524
2020-12-28,Placer,061,380077,14762,578,15340,174
2020-12-28,Plumas,063,18699,476,8,484,4
2020-12-28,Riverside,065,2383286,190061,8411,198472,2350
2020-12-28,Sacramento,067,1510023,66677,614,67291,1031
2020-12-28,San Benito,069,59416,3710,29,3739,27
2020-12-28,San Bernardino,071,2135413,204559,5501,210060,2690
2020-12-28,San Diego,073,3302833,164212,7391,171603,1692
2020-12-28,San Francisco,075,870044,24050,212,24262,243
2020-12-28,San Joaquin,077,732212,46718,1596,48314,811
2020-12-28,San Luis Obispo,079,281455,11496,250,11746,100
2020-12-28,San Mateo,081,765935,25998,107,26105,247
2020-12-28,Santa Barbara,083,443738,18071,497,18568,171
2020-12-28,Santa Clara,085,1922200,72990,294,73284,816
2020-12-28,Santa Cruz,087,273765,9616,344,9960,101
2020-12-28,Shasta,089,179085,8290,712,9002,101
2020-12-28,Sierra,091,2930,32,4,36,0
2020-12-28,Siskiyou,093,43540,1027,102,1129,10
2020-12-28,Solano,095,438530,19710,194,19904,136
2020-12-28,Sonoma,097,501317,19592,106,19698,190
2020-12-28,Stanislaus,099,539301,35521,3196,38717,621
2020-12-28,Sutter,101,95872,6573,45,6618,68
2020-12-28,Tehama,103,63373,3126,294,3420,40
2020-12-28,Trinity,105,12862,421,57,478,4
2020-12-28,Tulare,107,460477,34713,3706,38419,496
2020-12-28,Tuolumne,109,53932,2898,16,2914,32
2020-12-28,Ventura,111,848112,41608,1642,43250,345
2020-12-28,Yolo,113,214977,8771,63,8834,140
2020-12-28,Yuba,115,75493,3911,37,3948,18
2020-12-27,Alameda,001,1643700,52554,910,53464,615
2020-12-27,Alpine,002,1148,66,0,66,0
2020-12-27,Amador,005,37829,2451,18,2469,25
2020-12-27,Butte,007,227075,7666,888,8554,119
2020-12-27,Calaveras,009,45235,1108,2,1110,28
2020-12-27,Colusa,011,21464,1301,71,1372,9
2020-12-27,Contra Costa,013,1133247,40666,543,41209,416
2020-12-27,Del Norte,015,27424,754,2,756,2
2020-12-27,El Dorado,017,186661,6132,295,6427,38
2020-12-27,Fresno,019,978130,68340,4357,72697,900
2020-12-27,Glenn,021,27897,1562,246,1808,15
2020-12-27,Humboldt,023,135768,1766,7,1773,20
2020-12-27,Imperial,025,180216,22898,1190,24088,492
2020-12-27,Inyo,027,18085,682,7,689,23
2020-12-27,Kern,029,883053,66137,4819,70956,668
2020-12-27,Kings,031,150075,16370,486,16856,131
2020-12-27,Lake,033,64148,1931,0,1931,29
2020-12-27,Lassen,035,31185,4371,44,4415,10
2020-12-27,Los Angeles,037,10098052,766920,20202,787122,11516
2020-12-27,Madera,039,155013,10755,421,11176,145
2020-12-27,Marin,041,260295,1452,19,1471,99
2020-12-27,Mariposa,043,17540,231,2,233,2
2020-12-27,Mendocino,045,87422,2441,20,2461,27
2020-12-27,Merced,047,269075,18889,318,19207,269
2020-12-27,Modoc,049,8938,247,69,316,0
2020-12-27,Mono,051,14174,879,12,891,3
2020-12-27,Monterey,053,433212,27539,665,28204,238
2020-12-27,Napa,055,140530,5892,24,5916,27
2020-12-27,Nevada,057,99092,2739,88,2827,51
2020-12-27,Orange,059,3164182,162200,6137,168337,2471
2020-12-27,Placer,061,380077,14467,546,15013,174
2020-12-27,Plumas,063,18699,470,8,478,4
2020-12-27,Riverside,065,2383286,185146,8111,193257,2297
2020-12-27,Sacramento,067,1510023,65465,592,66057,1016
2020-12-27,San Benito,069,59416,3625,29,3654,26
2020-12-27,San Bernardino,071,2135413,199469,5364,204833,2618
2020-12-27,San Diego,073,3302833,159805,7204,167009,1648
2020-12-27,San Francisco,075,870044,23696,204,23900,238
2020-12-27,San Joaquin,077,732212,45668,1547,47215,802
2020-12-27,San Luis Obispo,079,281455,11088,245,11333,96
2020-12-27,San Mateo,081,765935,25434,104,25538,246
2020-12-27,Santa Barbara,083,443738,17542,470,18012,165
2020-12-27,Santa Clara,085,1922200,71295,288,71583,797
2020-12-27,Santa Cruz,087,273765,9358,336,9694,99
2020-12-27,Shasta,089,179085,8163,690,8853,98
2020-12-27,Sierra,091,2930,32,3,35,0
2020-12-27,Siskiyou,093,43540,1017,97,1114,10
2020-12-27,Solano,095,438530,19229,189,19418,133
2020-12-27,Sonoma,097,501317,19301,105,19406,190
2020-12-27,Stanislaus,099,539301,34909,3113,38022,614
2020-12-27,Sutter,101,95872,6492,43,6535,67
2020-12-27,Tehama,103,63373,3054,278,3332,39
2020-12-27,Trinity,105,12862,414,55,469,4
2020-12-27,Tulare,107,460477,34111,3588,37699,489
2020-12-27,Tuolumne,109,53932,2793,14,2807,32
2020-12-27,Ventura,111,848112,40547,1591,42138,334
2020-12-27,Yolo,113,214977,8581,59,8640,140
2020-12-27,Yuba,115,75493,3848,35,3883,18
2020-12-26,Alameda,001,1643700,51930,897,52827,609
2020-12-26,Alpine,002,1148,66,0,66,0
2020-12-26,Amador,005,37829,2437,18,2455,25
2020-12-26,Butte,007,227075,7572,864,8436,117
2020-12-26,Calaveras,009,45235,1102,2,1104,28
2020-12-26,Colusa,011,21464,1291,71,1362,9
2020-12-26,Contra Costa,013,1133247,40188,526,40714,411
2020-12-26,Del Norte,015,27424,749,2,751,2
2020-12-26,El Dorado,017,186661,6077,291,6368,36
2020-12-26,Fresno,019,978130,67871,4294,72165,882
2020-12-26,Glenn,021,27897,1541,241,1782,15
2020-12-26,Humboldt,023,135768,1728,7,1735,20
2020-12-26,Imperial,025,180216,22803,1138,23941,484
2020-12-26,Inyo,027,18085,667,7,674,23
2020-12-26,Kern,029,883053,65466,4672,70138,665
2020-12-26,Kings,031,150075,16252,482,16734,129
2020-12-26,Lake,033,64148,1891,0,1891,29
2020-12-26,Lassen,035,31185,4350,44,4394,9
2020-12-26,Los Angeles,037,10098052,758339,19718,778057,11254
2020-12-26,Madera,039,155013,10679,409,11088,145
2020-12-26,Marin,041,260295,1430,18,1448,99
2020-12-26,Mariposa,043,17540,230,2,232,2
2020-12-26,Mendocino,045,87422,2395,20,2415,26
2020-12-26,Merced,047,269075,18739,313,19052,265
2020-12-26,Modoc,049,8938,244,69,313,0
2020-12-26,Mono,051,14174,873,12,885,3
2020-12-26,Monterey,053,433212,27401,656,28057,233
2020-12-26,Napa,055,140530,5834,24,5858,26
2020-12-26,Nevada,057,99092,2711,88,2799,51
2020-12-26,Orange,059,3164182,159977,6046,166023,2430
2020-12-26,Placer,061,380077,14295,531,14826,170
2020-12-26,Plumas,063,18699,467,8,475,3
2020-12-26,Riverside,065,2383286,182660,7953,190613,2257
2020-12-26,Sacramento,067,1510023,64840,582,65422,997
2020-12-26,San Benito,069,59416,3552,29,3581,26
2020-12-26,San Bernardino,071,2135413,197788,5282,203070,2564
2020-12-26,San Diego,073,3302833,157280,7057,164337,1621
2020-12-26,San Francisco,075,870044,23455,204,23659,234
2020-12-26,San Joaquin,077,732212,45280,1501,46781,793
2020-12-26,San Luis Obispo,079,281455,11001,240,11241,93
2020-12-26,San Mateo,081,765935,25096,99,25195,245
2020-12-26,Santa Barbara,083,443738,17303,464,17767,160
2020-12-26,Santa Clara,085,1922200,70180,286,70466,771
2020-12-26,Santa Cruz,087,273765,9227,327,9554,95
2020-12-26,Shasta,089,179085,8103,678,8781,95
2020-12-26,Sierra,091,2930,32,3,35,0
2020-12-26,Siskiyou,093,43540,1010,94,1104,10
2020-12-26,Solano,095,438530,18985,189,19174,132
2020-12-26,Sonoma,097,501317,19098,103,19201,188
2020-12-26,Stanislaus,099,539301,34610,3060,37670,607
2020-12-26,Sutter,101,95872,6434,43,6477,66
2020-12-26,Tehama,103,63373,3025,272,3297,39
2020-12-26,Trinity,105,12862,412,54,466,3
2020-12-26,Tulare,107,460477,33801,3525,37326,485
2020-12-26,Tuolumne,109,53932,2782,14,2796,32
2020-12-26,Ventura,111,848112,39582,1561,41143,328
2020-12-26,Yolo,113,214977,8479,57,8536,138
2020-12-26,Yuba,115,75493,3816,35,3851,18
2020-12-25,Alameda,001,1643700,51361,882,52243,600
2020-12-25,Alpine,002,1148,66,0,66,0
2020-12-25,Amador,005,37829,2394,18,2412,25
2020-12-25,Butte,007,227075,7473,845,8318,117
2020-12-25,Calaveras,009,45235,1099,2,1101,28
2020-12-25,Colusa,011,21464,1278,70,1348,9
2020-12-25,Contra Costa,013,1133247,39701,502,40203,402
2020-12-25,Del Norte,015,27424,747,2,749,2
2020-12-25,El Dorado,017,186661,6012,278,6290,36
2020-12-25,Fresno,019,978130,67009,4212,71221,864
2020-12-25,Glenn,021,27897,1525,234,1759,15
2020-12-25,Humboldt,023,135768,1688,7,1695,20
2020-12-25,Imperial,025,180216,22700,1126,23826,476
2020-12-25,Inyo,027,18085,657,7,664,23
2020-12-25,Kern,029,883053,64736,4526,69262,662
2020-12-25,Kings,031,150075,16141,478,16619,127
2020-12-25,Lake,033,64148,1872,0,1872,28
2020-12-25,Lassen,035,31185,4335,44,4379,8
2020-12-25,Los Angeles,037,10098052,744664,19065,763729,11008
2020-12-25,Madera,039,155013,10515,403,10918,145
2020-12-25,Marin,041,260295,1413,17,1430,99
2020-12-25,Mariposa,043,17540,224,2,226,2
2020-12-25,Mendocino,045,87422,2352,20,2372,25
2020-12-25,Merced,047,269075,18578,305,18883,259
2020-12-25,Modoc,049,8938,243,69,312,0
2020-12-25,Mono,051,14174,871,12,883,3
2020-12-25,Monterey,053,433212,27125,647,27772,230
2020-12-25,Napa,055,140530,5757,24,5781,26
2020-12-25,Nevada,057,99092,2685,86,2771,49
2020-12-25,Orange,059,3164182,157282,5855,163137,2380
2020-12-25,Placer,061,380077,14110,509,14619,168
2020-12-25,Plumas,063,18699,460,8,468,3
2020-12-25,Riverside,065,2383286,179379,7642,187021,2207
2020-12-25,Sacramento,067,1510023,64149,557,64706,981
2020-12-25,San Benito,069,59416,3511,27,3538,24
2020-12-25,San Bernardino,071,2135413,195189,5167,200356,2506
2020-12-25,San Diego,073,3302833,154800,6879,161679,1585
2020-12-25,San Francisco,075,870044,23173,199,23372,231
2020-12-25,San Joaquin,077,732212,44980,1448,46428,782
2020-12-25,San Luis Obispo,079,281455,10818,233,11051,90
2020-12-25,San Mateo,081,765935,24774,97,24871,243
2020-12-25,Santa Barbara,083,443738,17079,457,17536,159
2020-12-25,Santa Clara,085,1922200,69043,277,69320,752
2020-12-25,Santa Cruz,087,273765,9077,306,9383,93
2020-12-25,Shasta,089,179085,8029,655,8684,94
2020-12-25,Sierra,091,2930,32,3,35,0
2020-12-25,Siskiyou,093,43540,1004,92,1096,9
2020-12-25,Solano,095,438530,18803,187,18990,132
2020-12-25,Sonoma,097,501317,18922,101,19023,182
2020-12-25,Stanislaus,099,539301,34328,3005,37333,601
2020-12-25,Sutter,101,95872,6374,42,6416,64
2020-12-25,Tehama,103,63373,2977,259,3236,39
2020-12-25,Trinity,105,12862,408,54,462,3
2020-12-25,Tulare,107,460477,33391,3457,36848,478
2020-12-25,Tuolumne,109,53932,2763,14,2777,31
2020-12-25,Ventura,111,848112,38426,1513,39939,318
2020-12-25,Yolo,113,214977,8387,55,8442,138
2020-12-25,Yuba,115,75493,3776,34,3810,18
2020-12-24,Alameda,001,1643700,51004,864,51868,589
2020-12-24,Alpine,002,1148,66,0,66,0
2020-12-24,Amador,005,37829,2381,18,2399,25
2020-12-24,Butte,007,227075,7435,829,8264,116
2020-12-24,Calaveras,009,45235,1096,2,1098,27
2020-12-24,Colusa,011,21464,1273,68,1341,9
2020-12-24,Contra Costa,013,1133247,39449,489,39938,396
2020-12-24,Del Norte,015,27424,746,2,748,2
2020-12-24,El Dorado,017,186661,5986,270,6256,31
2020-12-24,Fresno,019,978130,66787,4198,70985,853
2020-12-24,Glenn,021,27897,1514,226,1740,15
2020-12-24,Humboldt,023,135768,1665,7,1672,17
2020-12-24,Imperial,025,180216,22637,1116,23753,467
2020-12-24,Inyo,027,18085,655,7,662,23
2020-12-24,Kern,029,883053,64448,4513,68961,650
2020-12-24,Kings,031,150075,16101,477,16578,125
2020-12-24,Lake,033,64148,1850,0,1850,28
2020-12-24,Lassen,035,31185,4322,44,4366,8
2020-12-24,Los Angeles,037,10098052,740469,18824,759293,10805
2020-12-24,Madera,039,155013,10466,395,10861,144
2020-12-24,Marin,041,260295,1397,17,1414,97
2020-12-24,Mariposa,043,17540,220,2,222,2
2020-12-24,Mendocino,045,87422,2341,20,2361,25
2020-12-24,Merced,047,269075,18508,301,18809,254
2020-12-24,Modoc,049,8938,243,68,311,0
2020-12-24,Mono,051,14174,869,12,881,3
2020-12-24,Monterey,053,433212,27012,640,27652,227
2020-12-24,Napa,055,140530,5702,24,5726,26
2020-12-24,Nevada,057,99092,2661,86,2747,47
2020-12-24,Orange,059,3164182,155788,5804,161592,2322
2020-12-24,Placer,061,380077,14020,502,14522,165
2020-12-24,Plumas,063,18699,457,8,465,3
2020-12-24,Riverside,065,2383286,178443,7602,186045,2173
2020-12-24,Sacramento,067,1510023,63874,555,64429,966
2020-12-24,San Benito,069,59416,3480,27,3507,24
2020-12-24,San Bernardino,071,2135413,194099,5134,199233,2438
2020-12-24,San Diego,073,3302833,153716,6847,160563,1552
2020-12-24,San Francisco,075,870044,23000,196,23196,224
2020-12-24,San Joaquin,077,732212,44813,1430,46243,771
2020-12-24,San Luis Obispo,079,281455,10749,231,10980,86
2020-12-24,San Mateo,081,765935,24579,97,24676,240
2020-12-24,Santa Barbara,083,443738,16974,449,17423,156
2020-12-24,Santa Clara,085,1922200,68354,270,68624,731
2020-12-24,Santa Cruz,087,273765,8998,294,9292,91
2020-12-24,Shasta,089,179085,7988,638,8626,90
2020-12-24,Sierra,091,2930,29,1,30,0
2020-12-24,Siskiyou,093,43540,999,86,1085,9
2020-12-24,Solano,095,438530,18661,182,18843,130
2020-12-24,Sonoma,097,501317,18821,101,18922,180
2020-12-24,Stanislaus,099,539301,34126,2978,37104,592
2020-12-24,Sutter,101,95872,6333,41,6374,64
2020-12-24,Tehama,103,63373,2959,257,3216,39
2020-12-24,Trinity,105,12862,407,54,461,3
2020-12-24,Tulare,107,460477,33243,3431,36674,469
2020-12-24,Tuolumne,109,53932,2755,14,2769,30
2020-12-24,Ventura,111,848112,38145,1506,39651,309
2020-12-24,Yolo,113,214977,8345,54,8399,138
2020-12-24,Yuba,115,75493,3745,34,3779,18
2020-12-23,Alameda,001,1643700,50427,836,51263,578
2020-12-23,Alpine,002,1148,66,0,66,0
2020-12-23,Amador,005,37829,2312,17,2329,25
2020-12-23,Butte,007,227075,7346,802,8148,113
2020-12-23,Calaveras,009,45235,1087,1,1088,27
2020-12-23,Colusa,011,21464,1262,67,1329,9
2020-12-23,Contra Costa,013,1133247,39054,475,39529,381
2020-12-23,Del Norte,015,27424,738,2,740,2
2020-12-23,El Dorado,017,186661,5911,262,6173,30
2020-12-23,Fresno,019,978130,66175,4132,70307,839
2020-12-23,Glenn,021,27897,1500,222,1722,15
2020-12-23,Humboldt,023,135768,1640,7,1647,16
2020-12-23,Imperial,025,180216,22542,1087,23629,462
2020-12-23,Inyo,027,18085,642,7,649,23
2020-12-23,Kern,029,883053,63929,4422,68351,643
2020-12-23,Kings,031,150075,16024,474,16498,122
2020-12-23,Lake,033,64148,1833,0,1833,28
2020-12-23,Lassen,035,31185,4312,41,4353,8
2020-12-23,Los Angeles,037,10098052,731393,18308,749701,10589
2020-12-23,Madera,039,155013,10309,380,10689,143
2020-12-23,Marin,041,260295,1373,15,1388,97
2020-12-23,Mariposa,043,17540,218,2,220,2
2020-12-23,Mendocino,045,87422,2329,20,2349,25
2020-12-23,Merced,047,269075,18352,293,18645,251
2020-12-23,Modoc,049,8938,239,67,306,0
2020-12-23,Mono,051,14174,866,12,878,3
2020-12-23,Monterey,053,433212,26711,635,27346,222
2020-12-23,Napa,055,140530,5635,24,5659,26
2020-12-23,Nevada,057,99092,2616,85,2701,47
2020-12-23,Orange,059,3164182,153333,5643,158976,2272
2020-12-23,Placer,061,380077,13810,494,14304,159
2020-12-23,Plumas,063,18699,450,8,458,3
2020-12-23,Riverside,065,2383286,176173,7448,183621,2127
2020-12-23,Sacramento,067,1510023,63225,542,63767,953
2020-12-23,San Benito,069,59416,3426,25,3451,24
2020-12-23,San Bernardino,071,2135413,192032,5066,197098,2376
2020-12-23,San Diego,073,3302833,151290,6710,158000,1527
2020-12-23,San Francisco,075,870044,22779,193,22972,216
2020-12-23,San Joaquin,077,732212,44287,1388,45675,761
2020-12-23,San Luis Obispo,079,281455,10607,226,10833,85
2020-12-23,San Mateo,081,765935,24277,95,24372,237
2020-12-23,Santa Barbara,083,443738,16766,424,17190,156
2020-12-23,Santa Clara,085,1922200,67407,265,67672,716
2020-12-23,Santa Cruz,087,273765,8839,276,9115,91
2020-12-23,Shasta,089,179085,7916,632,8548,90
2020-12-23,Sierra,091,2930,27,1,28,0
2020-12-23,Siskiyou,093,43540,978,85,1063,9
2020-12-23,Solano,095,438530,18446,177,18623,129
2020-12-23,Sonoma,097,501317,18616,101,18717,178
2020-12-23,Stanislaus,099,539301,33774,2926,36700,585
2020-12-23,Sutter,101,95872,6266,41,6307,63
2020-12-23,Tehama,103,63373,2941,250,3191,39
2020-12-23,Trinity,105,12862,407,53,460,3
2020-12-23,Tulare,107,460477,32931,3391,36322,459
2020-12-23,Tuolumne,109,53932,2716,14,2730,29
2020-12-23,Ventura,111,848112,37747,1477,39224,303
2020-12-23,Yolo,113,214977,8266,54,8320,136
2020-12-23,Yuba,115,75493,3685,34,3719,17
2020-12-22,Alameda,001,1643700,49541,805,50346,568
2020-12-22,Alpine,002,1148,66,0,66,0
2020-12-22,Amador,005,37829,2301,17,2318,25
2020-12-22,Butte,007,227075,7217,787,8004,110
2020-12-22,Calaveras,009,45235,1060,0,1060,27
2020-12-22,Colusa,011,21464,1239,64,1303,9
2020-12-22,Contra Costa,013,1133247,38429,461,38890,370
2020-12-22,Del Norte,015,27424,728,2,730,2
2020-12-22,El Dorado,017,186661,5788,250,6038,29
2020-12-22,Fresno,019,978130,65141,4030,69171,824
2020-12-22,Glenn,021,27897,1477,211,1688,14
2020-12-22,Humboldt,023,135768,1607,7,1614,16
2020-12-22,Imperial,025,180216,22353,1045,23398,456
2020-12-22,Inyo,027,18085,621,7,628,23
2020-12-22,Kern,029,883053,62976,4287,67263,634
2020-12-22,Kings,031,150075,15882,468,16350,122
2020-12-22,Lake,033,64148,1809,0,1809,27
2020-12-22,Lassen,035,31185,4170,39,4209,7
2020-12-22,Los Angeles,037,10098052,714114,17653,731767,10401
2020-12-22,Madera,039,155013,10195,365,10560,142
2020-12-22,Marin,041,260295,1360,15,1375,97
2020-12-22,Mariposa,043,17540,215,2,217,2
2020-12-22,Mendocino,045,87422,2296,19,2315,25
2020-12-22,Merced,047,269075,18106,288,18394,247
2020-12-22,Modoc,049,8938,231,66,297,0
2020-12-22,Mono,051,14174,860,12,872,3
2020-12-22,Monterey,053,433212,26041,614,26655,216
2020-12-22,Napa,055,140530,5546,24,5570,26
2020-12-22,Nevada,057,99092,2588,84,2672,47
2020-12-22,Orange,059,3164182,149997,5475,155472,2232
2020-12-22,Placer,061,380077,13566,474,14040,155
2020-12-22,Plumas,063,18699,444,8,452,3
2020-12-22,Riverside,065,2383286,172365,7182,179547,2084
2020-12-22,Sacramento,067,1510023,62297,523,62820,941
2020-12-22,San Benito,069,59416,3348,25,3373,24
2020-12-22,San Bernardino,071,2135413,187422,4922,192344,2325
2020-12-22,San Diego,073,3302833,147931,6548,154479,1503
2020-12-22,San Francisco,075,870044,22508,190,22698,213
2020-12-22,San Joaquin,077,732212,43525,1340,44865,750
2020-12-22,San Luis Obispo,079,281455,10261,221,10482,84
2020-12-22,San Mateo,081,765935,23950,79,24029,231
2020-12-22,Santa Barbara,083,443738,16500,414,16914,155
2020-12-22,Santa Clara,085,1922200,66229,258,66487,701
2020-12-22,Santa Cruz,087,273765,8656,250,8906,90
2020-12-22,Shasta,089,179085,7837,615,8452,88
2020-12-22,Sierra,091,2930,27,0,27,0
2020-12-22,Siskiyou,093,43540,972,84,1056,9
2020-12-22,Solano,095,438530,18044,174,18218,128
2020-12-22,Sonoma,097,501317,18297,101,18398,175
2020-12-22,Stanislaus,099,539301,33390,2852,36242,573
2020-12-22,Sutter,101,95872,6207,40,6247,63
2020-12-22,Tehama,103,63373,2892,244,3136,39
2020-12-22,Trinity,105,12862,406,53,459,3
2020-12-22,Tulare,107,460477,32466,3327,35793,453
2020-12-22,Tuolumne,109,53932,2665,14,2679,28
2020-12-22,Ventura,111,848112,36981,1434,38415,292
2020-12-22,Yolo,113,214977,8155,53,8208,136
2020-12-22,Yuba,115,75493,3637,34,3671,17
2020-12-21,Alameda,001,1643700,48639,779,49418,560
2020-12-21,Alpine,002,1148,65,0,65,0
2020-12-21,Amador,005,37829,2224,17,2241,25
2020-12-21,Butte,007,227075,7062,764,7826,106
2020-12-21,Calaveras,009,45235,1030,0,1030,27
2020-12-21,Colusa,011,21464,1213,59,1272,8
2020-12-21,Contra Costa,013,1133247,37679,425,38104,360
2020-12-21,Del Norte,015,27424,713,2,715,2
2020-12-21,El Dorado,017,186661,5643,238,5881,27
2020-12-21,Fresno,019,978130,63990,3888,67878,804
2020-12-21,Glenn,021,27897,1445,203,1648,14
2020-12-21,Humboldt,023,135768,1584,7,1591,16
2020-12-21,Imperial,025,180216,22087,1004,23091,453
2020-12-21,Inyo,027,18085,600,7,607,22
2020-12-21,Kern,029,883053,62087,4153,66240,619
2020-12-21,Kings,031,150075,15632,453,16085,119
2020-12-21,Lake,033,64148,1761,0,1761,26
2020-12-21,Lassen,035,31185,4010,37,4047,6
2020-12-21,Los Angeles,037,10098052,695014,16992,712006,10219
2020-12-21,Madera,039,155013,10005,344,10349,142
2020-12-21,Marin,041,260295,1352,15,1367,96
2020-12-21,Mariposa,043,17540,210,2,212,2
2020-12-21,Mendocino,045,87422,2265,19,2284,25
2020-12-21,Merced,047,269075,17857,273,18130,245
2020-12-21,Modoc,049,8938,217,65,282,0
2020-12-21,Mono,051,14174,848,12,860,3
2020-12-21,Monterey,053,433212,25509,600,26109,210
2020-12-21,Napa,055,140530,5460,24,5484,25
2020-12-21,Nevada,057,99092,2555,84,2639,47
2020-12-21,Orange,059,3164182,146593,5323,151916,2181
2020-12-21,Placer,061,380077,13334,455,13789,147
2020-12-21,Plumas,063,18699,440,8,448,3
2020-12-21,Riverside,065,2383286,168145,6863,175008,2057
2020-12-21,Sacramento,067,1510023,61278,506,61784,928
2020-12-21,San Benito,069,59416,3279,25,3304,21
2020-12-21,San Bernardino,071,2135413,182609,4756,187365,2264
2020-12-21,San Diego,073,3302833,144480,6384,150864,1472
2020-12-21,San Francisco,075,870044,22217,188,22405,208
2020-12-21,San Joaquin,077,732212,42726,1290,44016,734
2020-12-21,San Luis Obispo,079,281455,10072,216,10288,81
2020-12-21,San Mateo,081,765935,23546,76,23622,229
2020-12-21,Santa Barbara,083,443738,16226,409,16635,155
2020-12-21,Santa Clara,085,1922200,65036,246,65282,682
2020-12-21,Santa Cruz,087,273765,8449,237,8686,88
2020-12-21,Shasta,089,179085,7772,605,8377,87
2020-12-21,Sierra,091,2930,24,0,24,0
2020-12-21,Siskiyou,093,43540,965,83,1048,9
2020-12-21,Solano,095,438530,17584,169,17753,124
2020-12-21,Sonoma,097,501317,18024,98,18122,174
2020-12-21,Stanislaus,099,539301,32933,2776,35709,567
2020-12-21,Sutter,101,95872,6112,40,6152,61
2020-12-21,Tehama,103,63373,2827,235,3062,38
2020-12-21,Trinity,105,12862,404,51,455,3
2020-12-21,Tulare,107,460477,31980,3236,35216,445
2020-12-21,Tuolumne,109,53932,2640,12,2652,28
2020-12-21,Ventura,111,848112,35901,1397,37298,278
2020-12-21,Yolo,113,214977,8018,49,8067,136
2020-12-21,Yuba,115,75493,3579,34,3613,16
2020-12-20,Alameda,001,1643700,47755,758,48513,553
2020-12-20,Alpine,002,1148,65,0,65,0
2020-12-20,Amador,005,37829,2166,17,2183,24
2020-12-20,Butte,007,227075,6915,726,7641,106
2020-12-20,Calaveras,009,45235,1007,0,1007,27
2020-12-20,Colusa,011,21464,1184,53,1237,8
2020-12-20,Contra Costa,013,1133247,37078,407,37485,352
2020-12-20,Del Norte,015,27424,691,2,693,2
2020-12-20,El Dorado,017,186661,5518,229,5747,27
2020-12-20,Fresno,019,978130,63004,3753,66757,793
2020-12-20,Glenn,021,27897,1436,196,1632,13
2020-12-20,Humboldt,023,135768,1547,6,1553,16
2020-12-20,Imperial,025,180216,21847,902,22749,448
2020-12-20,Inyo,027,18085,584,7,591,21
2020-12-20,Kern,029,883053,60988,3999,64987,607
2020-12-20,Kings,031,150075,15412,437,15849,116
2020-12-20,Lake,033,64148,1718,0,1718,24
2020-12-20,Lassen,035,31185,3956,35,3991,6
2020-12-20,Los Angeles,037,10098052,676905,16278,693183,10031
2020-12-20,Madera,039,155013,9795,337,10132,138
2020-12-20,Marin,041,260295,1323,15,1338,96
2020-12-20,Mariposa,043,17540,209,2,211,2
2020-12-20,Mendocino,045,87422,2240,19,2259,25
2020-12-20,Merced,047,269075,17557,266,17823,241
2020-12-20,Modoc,049,8938,217,63,280,0
2020-12-20,Mono,051,14174,830,12,842,3
2020-12-20,Monterey,053,433212,25026,562,25588,205
2020-12-20,Napa,055,140530,5339,23,5362,25
2020-12-20,Nevada,057,99092,2509,78,2587,46
2020-12-20,Orange,059,3164182,143103,5175,148278,2139
2020-12-20,Placer,061,380077,13109,437,13546,142
2020-12-20,Plumas,063,18699,432,8,440,2
2020-12-20,Riverside,065,2383286,163940,6576,170516,2025
2020-12-20,Sacramento,067,1510023,60279,486,60765,915
2020-12-20,San Benito,069,59416,3208,24,3232,21
2020-12-20,San Bernardino,071,2135413,177601,4599,182200,2215
2020-12-20,San Diego,073,3302833,140762,6214,146976,1441
2020-12-20,San Francisco,075,870044,21900,185,22085,207
2020-12-20,San Joaquin,077,732212,41878,1230,43108,724
2020-12-20,San Luis Obispo,079,281455,9781,210,9991,79
2020-12-20,San Mateo,081,765935,23112,72,23184,227
2020-12-20,Santa Barbara,083,443738,15904,391,16295,155
2020-12-20,Santa Clara,085,1922200,63640,240,63880,657
2020-12-20,Santa Cruz,087,273765,8239,224,8463,88
2020-12-20,Shasta,089,179085,7658,591,8249,84
2020-12-20,Sierra,091,2930,24,0,24,0
2020-12-20,Siskiyou,093,43540,956,82,1038,8
2020-12-20,Solano,095,438530,17200,158,17358,124
2020-12-20,Sonoma,097,501317,17748,97,17845,174
2020-12-20,Stanislaus,099,539301,32402,2677,35079,560
2020-12-20,Sutter,101,95872,6025,40,6065,59
2020-12-20,Tehama,103,63373,2779,216,2995,38
2020-12-20,Trinity,105,12862,396,50,446,3
2020-12-20,Tulare,107,460477,31463,3143,34606,440
2020-12-20,Tuolumne,109,53932,2532,11,2543,28
2020-12-20,Ventura,111,848112,35200,1365,36565,268
2020-12-20,Yolo,113,214977,7865,46,7911,136
2020-12-20,Yuba,115,75493,3529,32,3561,16
2020-12-19,Alameda,001,1643700,47306,751,48057,547
2020-12-19,Alpine,002,1148,65,0,65,0
2020-12-19,Amador,005,37829,2142,17,2159,23
2020-12-19,Butte,007,227075,6815,704,7519,103
2020-12-19,Calaveras,009,45235,990,0,990,27
2020-12-19,Colusa,011,21464,1176,50,1226,8
2020-12-19,Contra Costa,013,1133247,36748,393,37141,340
2020-12-19,Del Norte,015,27424,689,1,690,2
2020-12-19,El Dorado,017,186661,5451,221,5672,26
2020-12-19,Fresno,019,978130,62679,3687,66366,780
2020-12-19,Glenn,021,27897,1401,195,1596,13
2020-12-19,Humboldt,023,135768,1530,6,1536,15
2020-12-19,Imperial,025,180216,21754,856,22610,444
2020-12-19,Inyo,027,18085,577,7,584,20
2020-12-19,Kern,029,883053,60504,3893,64397,600
2020-12-19,Kings,031,150075,15333,435,15768,114
2020-12-19,Lake,033,64148,1678,0,1678,24
2020-12-19,Lassen,035,31185,3928,35,3963,5
2020-12-19,Los Angeles,037,10098052,669778,15758,685536,9857
2020-12-19,Madera,039,155013,9694,325,10019,137
2020-12-19,Marin,041,260295,1317,15,1332,95
2020-12-19,Mariposa,043,17540,207,2,209,1
2020-12-19,Mendocino,045,87422,2215,19,2234,25
2020-12-19,Merced,047,269075,17418,258,17676,238
2020-12-19,Modoc,049,8938,214,63,277,0
2020-12-19,Mono,051,14174,823,12,835,3
2020-12-19,Monterey,053,433212,24912,557,25469,202
2020-12-19,Napa,055,140530,5277,23,5300,24
2020-12-19,Nevada,057,99092,2487,78,2565,46
2020-12-19,Orange,059,3164182,141175,5027,146202,2109
2020-12-19,Placer,061,380077,12954,431,13385,141
2020-12-19,Plumas,063,18699,429,8,437,1
2020-12-19,Riverside,065,2383286,161952,6345,168297,1988
2020-12-19,Sacramento,067,1510023,59744,472,60216,899
2020-12-19,San Benito,069,59416,3160,23,3183,20
2020-12-19,San Bernardino,071,2135413,176017,4491,180508,2173
2020-12-19,San Diego,073,3302833,138995,6075,145070,1421
2020-12-19,San Francisco,075,870044,21746,185,21931,205
2020-12-19,San Joaquin,077,732212,41474,1182,42656,711
2020-12-19,San Luis Obispo,079,281455,9710,207,9917,76
2020-12-19,San Mateo,081,765935,22903,65,22968,224
2020-12-19,Santa Barbara,083,443738,15748,385,16133,154
2020-12-19,Santa Clara,085,1922200,62790,236,63026,642
2020-12-19,Santa Cruz,087,273765,8133,220,8353,87
2020-12-19,Shasta,089,179085,7606,579,8185,81
2020-12-19,Sierra,091,2930,24,0,24,0
2020-12-19,Siskiyou,093,43540,952,81,1033,8
2020-12-19,Solano,095,438530,17022,155,17177,123
2020-12-19,Sonoma,097,501317,17639,97,17736,173
2020-12-19,Stanislaus,099,539301,32075,2605,34680,553
2020-12-19,Sutter,101,95872,5969,40,6009,58
2020-12-19,Tehama,103,63373,2730,214,2944,38
2020-12-19,Trinity,105,12862,395,50,445,3
2020-12-19,Tulare,107,460477,31224,3077,34301,436
2020-12-19,Tuolumne,109,53932,2518,11,2529,27
2020-12-19,Ventura,111,848112,34919,1335,36254,265
2020-12-19,Yolo,113,214977,7790,45,7835,134
2020-12-19,Yuba,115,75493,3499,32,3531,15
2020-12-18,Alameda,001,1643700,46770,735,47505,534
2020-12-18,Alpine,002,1148,65,0,65,0
2020-12-18,Amador,005,37829,2125,15,2140,23
2020-12-18,Butte,007,227075,6730,679,7409,102
2020-12-18,Calaveras,009,45235,980,0,980,27
2020-12-18,Colusa,011,21464,1167,50,1217,8
2020-12-18,Contra Costa,013,1133247,36456,382,36838,338
2020-12-18,Del Norte,015,27424,684,0,684,2
2020-12-18,El Dorado,017,186661,5389,212,5601,24
2020-12-18,Fresno,019,978130,61853,3626,65479,763
2020-12-18,Glenn,021,27897,1384,190,1574,13
2020-12-18,Humboldt,023,135768,1515,6,1521,15
2020-12-18,Imperial,025,180216,21671,810,22481,437
2020-12-18,Inyo,027,18085,558,7,565,20
2020-12-18,Kern,029,883053,59844,3808,63652,588
2020-12-18,Kings,031,150075,15207,429,15636,112
2020-12-18,Lake,033,64148,1662,0,1662,24
2020-12-18,Lassen,035,31185,3920,35,3955,5
2020-12-18,Los Angeles,037,10098052,657626,15281,672907,9695
2020-12-18,Madera,039,155013,9591,319,9910,135
2020-12-18,Marin,041,260295,1312,15,1327,94
2020-12-18,Mariposa,043,17540,204,2,206,1
2020-12-18,Mendocino,045,87422,2197,19,2216,25
2020-12-18,Merced,047,269075,17337,256,17593,234
2020-12-18,Modoc,049,8938,214,63,277,0
2020-12-18,Mono,051,14174,815,12,827,3
2020-12-18,Monterey,053,433212,24619,552,25171,198
2020-12-18,Napa,055,140530,5228,23,5251,24
2020-12-18,Nevada,057,99092,2471,77,2548,44
2020-12-18,Orange,059,3164182,138743,4878,143621,2077
2020-12-18,Placer,061,380077,12783,423,13206,138
2020-12-18,Plumas,063,18699,423,8,431,1
2020-12-18,Riverside,065,2383286,159110,6083,165193,1951
2020-12-18,Sacramento,067,1510023,59118,456,59574,887
2020-12-18,San Benito,069,59416,3111,23,3134,20
2020-12-18,San Bernardino,071,2135413,173719,4356,178075,2127
2020-12-18,San Diego,073,3302833,136817,5936,142753,1398
2020-12-18,San Francisco,075,870044,21579,179,21758,203
2020-12-18,San Joaquin,077,732212,41117,1153,42270,696
2020-12-18,San Luis Obispo,079,281455,9612,202,9814,74
2020-12-18,San Mateo,081,765935,22591,61,22652,224
2020-12-18,Santa Barbara,083,443738,15607,372,15979,154
2020-12-18,Santa Clara,085,1922200,61893,227,62120,621
2020-12-18,Santa Cruz,087,273765,8014,212,8226,83
2020-12-18,Shasta,089,179085,7568,568,8136,79
2020-12-18,Sierra,091,2930,24,0,24,0
2020-12-18,Siskiyou,093,43540,950,81,1031,7
2020-12-18,Solano,095,438530,16865,151,17016,123
2020-12-18,Sonoma,097,501317,17519,97,17616,170
2020-12-18,Stanislaus,099,539301,31800,2568,34368,544
2020-12-18,Sutter,101,95872,5885,40,5925,53
2020-12-18,Tehama,103,63373,2715,204,2919,38
2020-12-18,Trinity,105,12862,394,50,444,3
2020-12-18,Tulare,107,460477,30932,2999,33931,428
2020-12-18,Tuolumne,109,53932,2507,11,2518,26
2020-12-18,Ventura,111,848112,34415,1292,35707,259
2020-12-18,Yolo,113,214977,7721,44,7765,132
2020-12-18,Yuba,115,75493,3439,32,3471,14
2020-12-17,Alameda,001,1643700,45964,710,46674,526
2020-12-17,Alpine,002,1148,65,0,65,0
2020-12-17,Amador,005,37829,2077,13,2090,23
2020-12-17,Butte,007,227075,6605,659,7264,102
2020-12-17,Calaveras,009,45235,957,0,957,27
2020-12-17,Colusa,011,21464,1156,48,1204,8
2020-12-17,Contra Costa,013,1133247,35923,352,36275,334
2020-12-17,Del Norte,015,27424,678,0,678,2
2020-12-17,El Dorado,017,186661,5243,199,5442,22
2020-12-17,Fresno,019,978130,60991,3499,64490,746
2020-12-17,Glenn,021,27897,1360,183,1543,13
2020-12-17,Humboldt,023,135768,1482,6,1488,15
2020-12-17,Imperial,025,180216,21509,745,22254,435
2020-12-17,Inyo,027,18085,540,6,546,20
2020-12-17,Kern,029,883053,58887,3673,62560,573
2020-12-17,Kings,031,150075,15104,414,15518,110
2020-12-17,Lake,033,64148,1633,0,1633,24
2020-12-17,Lassen,035,31185,3884,35,3919,5
2020-12-17,Los Angeles,037,10098052,641940,14748,656688,9531
2020-12-17,Madera,039,155013,9470,315,9785,133
2020-12-17,Marin,041,260295,1307,14,1321,94
2020-12-17,Mariposa,043,17540,200,2,202,1
2020-12-17,Mendocino,045,87422,2163,19,2182,25
2020-12-17,Merced,047,269075,17075,248,17323,229
2020-12-17,Modoc,049,8938,211,63,274,0
2020-12-17,Mono,051,14174,801,12,813,3
2020-12-17,Monterey,053,433212,24100,537,24637,191
2020-12-17,Napa,055,140530,5116,23,5139,24
2020-12-17,Nevada,057,99092,2430,74,2504,44
2020-12-17,Orange,059,3164182,135376,4746,140122,2044
2020-12-17,Placer,061,380077,12509,409,12918,135
2020-12-17,Plumas,063,18699,414,8,422,1
2020-12-17,Riverside,065,2383286,155237,5869,161106,1924
2020-12-17,Sacramento,067,1510023,58211,434,58645,873
2020-12-17,San Benito,069,59416,3042,22,3064,20
2020-12-17,San Bernardino,071,2135413,169776,4240,174016,2069
2020-12-17,San Diego,073,3302833,134016,5780,139796,1363
2020-12-17,San Francisco,075,870044,21289,174,21463,200
2020-12-17,San Joaquin,077,732212,40389,1119,41508,687
2020-12-17,San Luis Obispo,079,281455,9493,201,9694,70
2020-12-17,San Mateo,081,765935,22221,61,22282,224
2020-12-17,Santa Barbara,083,443738,15374,365,15739,152
2020-12-17,Santa Clara,085,1922200,60703,221,60924,609
2020-12-17,Santa Cruz,087,273765,7858,199,8057,81
2020-12-17,Shasta,089,179085,7492,549,8041,79
2020-12-17,Sierra,091,2930,23,0,23,0
2020-12-17,Siskiyou,093,43540,942,80,1022,7
2020-12-17,Solano,095,438530,16551,148,16699,123
2020-12-17,Sonoma,097,501317,17248,96,17344,166
2020-12-17,Stanislaus,099,539301,31381,2508,33889,537
2020-12-17,Sutter,101,95872,5787,38,5825,51
2020-12-17,Tehama,103,63373,2666,198,2864,36
2020-12-17,Trinity,105,12862,389,50,439,2
2020-12-17,Tulare,107,460477,30531,2919,33450,420
2020-12-17,Tuolumne,109,53932,2214,11,2225,24
2020-12-17,Ventura,111,848112,33805,1256,35061,251
2020-12-17,Yolo,113,214977,7600,43,7643,130
2020-12-17,Yuba,115,75493,3379,31,3410,14
2020-12-16,Alameda,001,1643700,45108,686,45794,515
2020-12-16,Alpine,002,1148,65,0,65,0
2020-12-16,Amador,005,37829,2030,12,2042,23
2020-12-16,Butte,007,227075,6416,632,7048,99
2020-12-16,Calaveras,009,45235,922,0,922,27
2020-12-16,Colusa,011,21464,1143,45,1188,8
2020-12-16,Contra Costa,013,1133247,35364,333,35697,328
2020-12-16,Del Norte,015,27424,676,0,676,2
2020-12-16,El Dorado,017,186661,5122,190,5312,18
2020-12-16,Fresno,019,978130,60037,3403,63440,736
2020-12-16,Glenn,021,27897,1342,172,1514,13
2020-12-16,Humboldt,023,135768,1450,5,1455,15
2020-12-16,Imperial,025,180216,21327,681,22008,432
2020-12-16,Inyo,027,18085,527,6,533,20
2020-12-16,Kern,029,883053,58010,3544,61554,567
2020-12-16,Kings,031,150075,14924,398,15322,110
2020-12-16,Lake,033,64148,1594,0,1594,24
2020-12-16,Lassen,035,31185,3851,34,3885,5
2020-12-16,Los Angeles,037,10098052,625394,14086,639480,9385
2020-12-16,Madera,039,155013,9344,307,9651,132
2020-12-16,Marin,041,260295,1304,14,1318,94
2020-12-16,Mariposa,043,17540,197,2,199,1
2020-12-16,Mendocino,045,87422,2128,19,2147,24
2020-12-16,Merced,047,269075,16793,245,17038,227
2020-12-16,Modoc,049,8938,208,63,271,0
2020-12-16,Mono,051,14174,782,12,794,3
2020-12-16,Monterey,053,433212,23540,526,24066,188
2020-12-16,Napa,055,140530,5018,23,5041,23
2020-12-16,Nevada,057,99092,2394,72,2466,43
2020-12-16,Orange,059,3164182,131896,4580,136476,2007
2020-12-16,Placer,061,380077,12272,388,12660,130
2020-12-16,Plumas,063,18699,405,8,413,1
2020-12-16,Riverside,065,2383286,151121,5624,156745,1905
2020-12-16,Sacramento,067,1510023,57239,409,57648,863
2020-12-16,San Benito,069,59416,2952,22,2974,20
2020-12-16,San Bernardino,071,2135413,165169,4106,169275,2023
2020-12-16,San Diego,073,3302833,130911,5626,136537,1342
2020-12-16,San Francisco,075,870044,21030,174,21204,196
2020-12-16,San Joaquin,077,732212,39566,1079,40645,681
2020-12-16,San Luis Obispo,079,281455,9298,192,9490,70
2020-12-16,San Mateo,081,765935,21896,57,21953,219
2020-12-16,Santa Barbara,083,443738,15122,353,15475,151
2020-12-16,Santa Clara,085,1922200,59451,218,59669,591
2020-12-16,Santa Cruz,087,273765,7670,188,7858,80
2020-12-16,Shasta,089,179085,7419,526,7945,78
2020-12-16,Sierra,091,2930,23,0,23,0
2020-12-16,Siskiyou,093,43540,934,80,1014,7
2020-12-16,Solano,095,438530,16080,144,16224,121
2020-12-16,Sonoma,097,501317,16993,96,17089,166
2020-12-16,Stanislaus,099,539301,30888,2437,33325,534
2020-12-16,Sutter,101,95872,5708,38,5746,50
2020-12-16,Tehama,103,63373,2631,174,2805,36
2020-12-16,Trinity,105,12862,383,50,433,2
2020-12-16,Tulare,107,460477,30104,2829,32933,411
2020-12-16,Tuolumne,109,53932,2171,11,2182,24
2020-12-16,Ventura,111,848112,33032,1214,34246,244
2020-12-16,Yolo,113,214977,7473,42,7515,129
2020-12-16,Yuba,115,75493,3293,30,3323,13
2020-12-15,Alameda,001,1643700,44250,665,44915,512
2020-12-15,Alpine,002,1148,65,0,65,0
2020-12-15,Amador,005,37829,1917,10,1927,22
2020-12-15,Butte,007,227075,6277,605,6882,98
2020-12-15,Calaveras,009,45235,890,0,890,26
2020-12-15,Colusa,011,21464,1130,44,1174,8
2020-12-15,Contra Costa,013,1133247,34711,319,35030,320
2020-12-15,Del Norte,015,27424,669,0,669,2
2020-12-15,El Dorado,017,186661,5014,176,5190,17
2020-12-15,Fresno,019,978130,58665,3269,61934,728
2020-12-15,Glenn,021,27897,1329,156,1485,13
2020-12-15,Humboldt,023,135768,1430,5,1435,14
2020-12-15,Imperial,025,180216,21103,603,21706,430
2020-12-15,Inyo,027,18085,515,6,521,20
2020-12-15,Kern,029,883053,56999,3438,60437,563
2020-12-15,Kings,031,150075,14760,379,15139,108
2020-12-15,Lake,033,64148,1568,0,1568,24
2020-12-15,Lassen,035,31185,3679,33,3712,5
2020-12-15,Los Angeles,037,10098052,608989,13461,622450,9249
2020-12-15,Madera,039,155013,9187,300,9487,131
2020-12-15,Marin,041,260295,1296,14,1310,93
2020-12-15,Mariposa,043,17540,193,2,195,1
2020-12-15,Mendocino,045,87422,2101,19,2120,24
2020-12-15,Merced,047,269075,16521,241,16762,227
2020-12-15,Modoc,049,8938,206,63,269,0
2020-12-15,Mono,051,14174,766,12,778,3
2020-12-15,Monterey,053,433212,22942,465,23407,183
2020-12-15,Napa,055,140530,4915,23,4938,23
2020-12-15,Nevada,057,99092,2361,70,2431,41
2020-12-15,Orange,059,3164182,128262,4431,132693,1975
2020-12-15,Placer,061,380077,12038,366,12404,124
2020-12-15,Plumas,063,18699,400,8,408,1
2020-12-15,Riverside,065,2383286,147069,5349,152418,1879
2020-12-15,Sacramento,067,1510023,56221,396,56617,852
2020-12-15,San Benito,069,59416,2873,21,2894,19
2020-12-15,San Bernardino,071,2135413,160704,3957,164661,1979
2020-12-15,San Diego,073,3302833,127344,5463,132807,1324
2020-12-15,San Francisco,075,870044,20724,171,20895,193
2020-12-15,San Joaquin,077,732212,38644,1045,39689,668
2020-12-15,San Luis Obispo,079,281455,9189,189,9378,69
2020-12-15,San Mateo,081,765935,21487,55,21542,218
2020-12-15,Santa Barbara,083,443738,14895,345,15240,149
2020-12-15,Santa Clara,085,1922200,58023,215,58238,580
2020-12-15,Santa Cruz,087,273765,7483,175,7658,77
2020-12-15,Shasta,089,179085,7360,501,7861,78
2020-12-15,Sierra,091,2930,23,0,23,0
2020-12-15,Siskiyou,093,43540,926,79,1005,7
2020-12-15,Solano,095,438530,15726,144,15870,121
2020-12-15,Sonoma,097,501317,16772,96,16868,164
2020-12-15,Stanislaus,099,539301,30391,2358,32749,526
2020-12-15,Sutter,101,95872,5609,37,5646,46
2020-12-15,Tehama,103,63373,2593,168,2761,36
2020-12-15,Trinity,105,12862,375,48,423,2
2020-12-15,Tulare,107,460477,29604,2742,32346,409
2020-12-15,Tuolumne,109,53932,2141,11,2152,24
2020-12-15,Ventura,111,848112,32410,1167,33577,237
2020-12-15,Yolo,113,214977,7347,40,7387,126
2020-12-15,Yuba,115,75493,3198,29,3227,13
2020-12-14,Alameda,001,1643700,43351,646,43997,505
2020-12-14,Alpine,002,1148,65,0,65,0
2020-12-14,Amador,005,37829,1845,10,1855,20
2020-12-14,Butte,007,227075,6109,589,6698,93
2020-12-14,Calaveras,009,45235,852,0,852,25
2020-12-14,Colusa,011,21464,1106,43,1149,8
2020-12-14,Contra Costa,013,1133247,34020,305,34325,317
2020-12-14,Del Norte,015,27424,663,0,663,2
2020-12-14,El Dorado,017,186661,4858,160,5018,16
2020-12-14,Fresno,019,978130,57639,3095,60734,720
2020-12-14,Glenn,021,27897,1303,148,1451,13
2020-12-14,Humboldt,023,135768,1417,5,1422,13
2020-12-14,Imperial,025,180216,20864,529,21393,427
2020-12-14,Inyo,027,18085,502,6,508,20
2020-12-14,Kern,029,883053,55962,3317,59279,553
2020-12-14,Kings,031,150075,14575,352,14927,108
2020-12-14,Lake,033,64148,1517,0,1517,24
2020-12-14,Lassen,035,31185,3581,30,3611,5
2020-12-14,Los Angeles,037,10098052,591340,12838,604178,9133
2020-12-14,Madera,039,155013,8923,291,9214,131
2020-12-14,Marin,041,260295,1290,14,1304,93
2020-12-14,Mariposa,043,17540,192,2,194,1
2020-12-14,Mendocino,045,87422,2080,19,2099,24
2020-12-14,Merced,047,269075,16133,227,16360,224
2020-12-14,Modoc,049,8938,200,61,261,0
2020-12-14,Mono,051,14174,758,12,770,3
2020-12-14,Monterey,053,433212,22420,459,22879,180
2020-12-14,Napa,055,140530,4822,23,4845,23
2020-12-14,Nevada,057,99092,2324,67,2391,39
2020-12-14,Orange,059,3164182,124379,4295,128674,1951
2020-12-14,Placer,061,380077,11757,355,12112,120
2020-12-14,Plumas,063,18699,388,8,396,1
2020-12-14,Riverside,065,2383286,142946,5087,148033,1862
2020-12-14,Sacramento,067,1510023,55114,371,55485,843
2020-12-14,San Benito,069,59416,2807,20,2827,19
2020-12-14,San Bernardino,071,2135413,156255,3831,160086,1934
2020-12-14,San Diego,073,3302833,123608,5278,128886,1295
2020-12-14,San Francisco,075,870044,20354,169,20523,190
2020-12-14,San Joaquin,077,732212,37809,999,38808,654
2020-12-14,San Luis Obispo,079,281455,8944,185,9129,66
2020-12-14,San Mateo,081,765935,20990,52,21042,210
2020-12-14,Santa Barbara,083,443738,14623,337,14960,148
2020-12-14,Santa Clara,085,1922200,56510,204,56714,560
2020-12-14,Santa Cruz,087,273765,7301,160,7461,74
2020-12-14,Shasta,089,179085,7271,483,7754,77
2020-12-14,Sierra,091,2930,23,0,23,0
2020-12-14,Siskiyou,093,43540,903,73,976,7
2020-12-14,Solano,095,438530,15371,143,15514,118
2020-12-14,Sonoma,097,501317,16465,95,16560,160
2020-12-14,Stanislaus,099,539301,29863,2312,32175,515
2020-12-14,Sutter,101,95872,5506,30,5536,43
2020-12-14,Tehama,103,63373,2551,165,2716,35
2020-12-14,Trinity,105,12862,371,46,417,2
2020-12-14,Tulare,107,460477,29125,2653,31778,402
2020-12-14,Tuolumne,109,53932,2088,11,2099,24
2020-12-14,Ventura,111,848112,31487,1109,32596,233
2020-12-14,Yolo,113,214977,7189,39,7228,123
2020-12-14,Yuba,115,75493,3135,29,3164,13
2020-12-13,Alameda,001,1643700,42150,622,42772,499
2020-12-13,Alpine,002,1148,65,0,65,0
2020-12-13,Amador,005,37829,1789,9,1798,20
2020-12-13,Butte,007,227075,5960,550,6510,92
2020-12-13,Calaveras,009,45235,818,0,818,25
2020-12-13,Colusa,011,21464,1090,40,1130,8
2020-12-13,Contra Costa,013,1133247,33294,299,33593,313
2020-12-13,Del Norte,015,27424,611,0,611,2
2020-12-13,El Dorado,017,186661,4757,151,4908,14
2020-12-13,Fresno,019,978130,56534,2941,59475,705
2020-12-13,Glenn,021,27897,1290,137,1427,12
2020-12-13,Humboldt,023,135768,1394,4,1398,12
2020-12-13,Imperial,025,180216,20581,409,20990,422
2020-12-13,Inyo,027,18085,481,6,487,20
2020-12-13,Kern,029,883053,54933,3161,58094,548
2020-12-13,Kings,031,150075,14295,334,14629,108
2020-12-13,Lake,033,64148,1476,0,1476,23
2020-12-13,Lassen,035,31185,3474,25,3499,5
2020-12-13,Los Angeles,037,10098052,573695,12156,585851,9007
2020-12-13,Madera,039,155013,8738,278,9016,127
2020-12-13,Marin,041,260295,1284,14,1298,93
2020-12-13,Mariposa,043,17540,188,2,190,1
2020-12-13,Mendocino,045,87422,2046,19,2065,24
2020-12-13,Merced,047,269075,15781,224,16005,222
2020-12-13,Modoc,049,8938,190,56,246,0
2020-12-13,Mono,051,14174,742,12,754,3
2020-12-13,Monterey,053,433212,21999,445,22444,177
2020-12-13,Napa,055,140530,4715,23,4738,23
2020-12-13,Nevada,057,99092,2277,65,2342,38
2020-12-13,Orange,059,3164182,120440,4122,124562,1919
2020-12-13,Placer,061,380077,11443,337,11780,118
2020-12-13,Plumas,063,18699,382,8,390,1
2020-12-13,Riverside,065,2383286,138821,4827,143648,1840
2020-12-13,Sacramento,067,1510023,53846,342,54188,830
2020-12-13,San Benito,069,59416,2738,19,2757,19
2020-12-13,San Bernardino,071,2135413,151358,3676,155034,1901
2020-12-13,San Diego,073,3302833,120008,5109,125117,1276
2020-12-13,San Francisco,075,870044,20017,160,20177,189
2020-12-13,San Joaquin,077,732212,37007,959,37966,649
2020-12-13,San Luis Obispo,079,281455,8753,177,8930,64
2020-12-13,San Mateo,081,765935,20499,46,20545,206
2020-12-13,Santa Barbara,083,443738,14354,323,14677,146
2020-12-13,Santa Clara,085,1922200,55104,196,55300,547
2020-12-13,Santa Cruz,087,273765,7054,150,7204,73
2020-12-13,Shasta,089,179085,7196,457,7653,75
2020-12-13,Sierra,091,2930,23,0,23,0
2020-12-13,Siskiyou,093,43540,890,68,958,6
2020-12-13,Solano,095,438530,14936,140,15076,117
2020-12-13,Sonoma,097,501317,16152,94,16246,160
2020-12-13,Stanislaus,099,539301,29306,2261,31567,504
2020-12-13,Sutter,101,95872,5379,26,5405,42
2020-12-13,Tehama,103,63373,2507,150,2657,35
2020-12-13,Trinity,105,12862,365,46,411,2
2020-12-13,Tulare,107,460477,28643,2575,31218,393
2020-12-13,Tuolumne,109,53932,2026,11,2037,24
2020-12-13,Ventura,111,848112,30488,1049,31537,230
2020-12-13,Yolo,113,214977,7002,33,7035,120
2020-12-13,Yuba,115,75493,3072,26,3098,12
2020-12-12,Alameda,001,1643700,41707,603,42310,494
2020-12-12,Alpine,002,1148,65,0,65,0
2020-12-12,Amador,005,37829,1761,8,1769,19
2020-12-12,Butte,007,227075,5887,535,6422,88
2020-12-12,Calaveras,009,45235,808,0,808,24
2020-12-12,Colusa,011,21464,1070,39,1109,8
2020-12-12,Contra Costa,013,1133247,32946,290,33236,312
2020-12-12,Del Norte,015,27424,603,0,603,1
2020-12-12,El Dorado,017,186661,4682,135,4817,13
2020-12-12,Fresno,019,978130,56182,2882,59064,694
2020-12-12,Glenn,021,27897,1282,133,1415,12
2020-12-12,Humboldt,023,135768,1375,4,1379,12
2020-12-12,Imperial,025,180216,20492,354,20846,418
2020-12-12,Inyo,027,18085,475,6,481,19
2020-12-12,Kern,029,883053,54414,3074,57488,539
2020-12-12,Kings,031,150075,14206,330,14536,107
2020-12-12,Lake,033,64148,1460,0,1460,23
2020-12-12,Lassen,035,31185,3451,22,3473,5
2020-12-12,Los Angeles,037,10098052,566875,11669,578544,8888
2020-12-12,Madera,039,155013,8611,275,8886,125
2020-12-12,Marin,041,260295,1279,13,1292,93
2020-12-12,Mariposa,043,17540,187,2,189,1
2020-12-12,Mendocino,045,87422,2010,19,2029,24
2020-12-12,Merced,047,269075,15694,220,15914,219
2020-12-12,Modoc,049,8938,189,53,242,0
2020-12-12,Mono,051,14174,735,12,747,3
2020-12-12,Monterey,053,433212,21886,416,22302,174
2020-12-12,Napa,055,140530,4670,23,4693,22
2020-12-12,Nevada,057,99092,2259,63,2322,37
2020-12-12,Orange,059,3164182,118542,3978,122520,1888
2020-12-12,Placer,061,380077,11278,332,11610,113
2020-12-12,Plumas,063,18699,376,8,384,1
2020-12-12,Riverside,065,2383286,136760,4626,141386,1813
2020-12-12,Sacramento,067,1510023,53264,329,53593,820
2020-12-12,San Benito,069,59416,2683,19,2702,18
2020-12-12,San Bernardino,071,2135413,149725,3574,153299,1869
2020-12-12,San Diego,073,3302833,118387,5012,123399,1260
2020-12-12,San Francisco,075,870044,19820,156,19976,187
2020-12-12,San Joaquin,077,732212,36679,929,37608,642
2020-12-12,San Luis Obispo,079,281455,8654,171,8825,60
2020-12-12,San Mateo,081,765935,20278,45,20323,205
2020-12-12,Santa Barbara,083,443738,14202,315,14517,146
2020-12-12,Santa Clara,085,1922200,54169,193,54362,540
2020-12-12,Santa Cruz,087,273765,6956,141,7097,68
2020-12-12,Shasta,089,179085,7163,439,7602,75
2020-12-12,Sierra,091,2930,23,0,23,0
2020-12-12,Siskiyou,093,43540,888,65,953,6
2020-12-12,Solano,095,438530,14742,133,14875,115
2020-12-12,Sonoma,097,501317,16031,94,16125,160
2020-12-12,Stanislaus,099,539301,29001,2211,31212,499
2020-12-12,Sutter,101,95872,5317,26,5343,38
2020-12-12,Tehama,103,63373,2489,145,2634,34
2020-12-12,Trinity,105,12862,363,44,407,2
2020-12-12,Tulare,107,460477,28377,2516,30893,388
2020-12-12,Tuolumne,109,53932,1982,11,1993,22
2020-12-12,Ventura,111,848112,30043,1016,31059,229
2020-12-12,Yolo,113,214977,6919,31,6950,119
2020-12-12,Yuba,115,75493,3045,25,3070,11
2020-12-11,Alameda,001,1643700,41140,591,41731,487
2020-12-11,Alpine,002,1148,65,0,65,0
2020-12-11,Amador,005,37829,1745,8,1753,19
2020-12-11,Butte,007,227075,5814,517,6331,87
2020-12-11,Calaveras,009,45235,792,0,792,24
2020-12-11,Colusa,011,21464,1060,37,1097,8
2020-12-11,Contra Costa,013,1133247,32515,287,32802,310
2020-12-11,Del Norte,015,27424,595,0,595,1
2020-12-11,El Dorado,017,186661,4601,120,4721,12
2020-12-11,Fresno,019,978130,55170,2816,57986,682
2020-12-11,Glenn,021,27897,1266,129,1395,12
2020-12-11,Humboldt,023,135768,1357,4,1361,10
2020-12-11,Imperial,025,180216,20402,310,20712,413
2020-12-11,Inyo,027,18085,465,6,471,18
2020-12-11,Kern,029,883053,53736,3011,56747,533
2020-12-11,Kings,031,150075,14062,326,14388,106
2020-12-11,Lake,033,64148,1443,0,1443,23
2020-12-11,Lassen,035,31185,3439,21,3460,5
2020-12-11,Los Angeles,037,10098052,555063,11264,566327,8788
2020-12-11,Madera,039,155013,8519,265,8784,125
2020-12-11,Marin,041,260295,1275,13,1288,93
2020-12-11,Mariposa,043,17540,186,2,188,1
2020-12-11,Mendocino,045,87422,1986,19,2005,24
2020-12-11,Merced,047,269075,15575,212,15787,218
2020-12-11,Modoc,049,8938,189,52,241,0
2020-12-11,Mono,051,14174,725,12,737,3
2020-12-11,Monterey,053,433212,21585,411,21996,169
2020-12-11,Napa,055,140530,4615,23,4638,22
2020-12-11,Nevada,057,99092,2242,60,2302,36
2020-12-11,Orange,059,3164182,116219,3877,120096,1873
2020-12-11,Placer,061,380077,11116,316,11432,110
2020-12-11,Plumas,063,18699,368,8,376,0
2020-12-11,Riverside,065,2383286,133686,4408,138094,1802
2020-12-11,Sacramento,067,1510023,52601,321,52922,814
2020-12-11,San Benito,069,59416,2632,19,2651,18
2020-12-11,San Bernardino,071,2135413,147027,3460,150487,1840
2020-12-11,San Diego,073,3302833,116427,4929,121356,1240
2020-12-11,San Francisco,075,870044,19590,155,19745,186
2020-12-11,San Joaquin,077,732212,36330,902,37232,632
2020-12-11,San Luis Obispo,079,281455,8493,169,8662,56
2020-12-11,San Mateo,081,765935,20008,34,20042,201
2020-12-11,Santa Barbara,083,443738,14059,307,14366,146
2020-12-11,Santa Clara,085,1922200,53162,184,53346,530
2020-12-11,Santa Cruz,087,273765,6837,132,6969,64
2020-12-11,Shasta,089,179085,7118,432,7550,75
2020-12-11,Sierra,091,2930,23,0,23,0
2020-12-11,Siskiyou,093,43540,881,62,943,6
2020-12-11,Solano,095,438530,14555,129,14684,115
2020-12-11,Sonoma,097,501317,15864,92,15956,159
2020-12-11,Stanislaus,099,539301,28729,2164,30893,495
2020-12-11,Sutter,101,95872,5254,25,5279,37
2020-12-11,Tehama,103,63373,2458,141,2599,34
2020-12-11,Trinity,105,12862,360,44,404,2
2020-12-11,Tulare,107,460477,28022,2463,30485,380
2020-12-11,Tuolumne,109,53932,1967,11,1978,22
2020-12-11,Ventura,111,848112,29436,994,30430,225
2020-12-11,Yolo,113,214977,6815,30,6845,116
2020-12-11,Yuba,115,75493,2984,23,3007,11
2020-12-10,Alameda,001,1643700,40369,571,40940,482
2020-12-10,Alpine,002,1148,65,0,65,0
2020-12-10,Amador,005,37829,1688,8,1696,19
2020-12-10,Butte,007,227075,5699,494,6193,85
2020-12-10,Calaveras,009,45235,774,0,774,24
2020-12-10,Colusa,011,21464,1037,34,1071,8
2020-12-10,Contra Costa,013,1133247,31837,281,32118,309
2020-12-10,Del Norte,015,27424,584,0,584,1
2020-12-10,El Dorado,017,186661,4483,115,4598,11
2020-12-10,Fresno,019,978130,54191,2676,56867,666
2020-12-10,Glenn,021,27897,1246,120,1366,12
2020-12-10,Humboldt,023,135768,1337,4,1341,10
2020-12-10,Imperial,025,180216,20190,235,20425,412
2020-12-10,Inyo,027,18085,445,6,451,18
2020-12-10,Kern,029,883053,52755,2848,55603,528
2020-12-10,Kings,031,150075,13904,320,14224,106
2020-12-10,Lake,033,64148,1403,0,1403,23
2020-12-10,Lassen,035,31185,3417,17,3434,5
2020-12-10,Los Angeles,037,10098052,541079,10742,551821,8670
2020-12-10,Madera,039,155013,8411,250,8661,124
2020-12-10,Marin,041,260295,1271,12,1283,93
2020-12-10,Mariposa,043,17540,185,2,187,1
2020-12-10,Mendocino,045,87422,1960,16,1976,24
2020-12-10,Merced,047,269075,15327,209,15536,217
2020-12-10,Modoc,049,8938,184,50,234,0
2020-12-10,Mono,051,14174,720,12,732,3
2020-12-10,Monterey,053,433212,21103,401,21504,161
2020-12-10,Napa,055,140530,4529,22,4551,22
2020-12-10,Nevada,057,99092,2206,60,2266,35
2020-12-10,Orange,059,3164182,113115,3719,116834,1851
2020-12-10,Placer,061,380077,10863,299,11162,106
2020-12-10,Plumas,063,18699,357,8,365,0
2020-12-10,Riverside,065,2383286,130002,4141,134143,1784
2020-12-10,Sacramento,067,1510023,51700,300,52000,809
2020-12-10,San Benito,069,59416,2571,18,2589,18
2020-12-10,San Bernardino,071,2135413,142785,3286,146071,1809
2020-12-10,San Diego,073,3302833,113902,4780,118682,1227
2020-12-10,San Francisco,075,870044,19282,148,19430,182
2020-12-10,San Joaquin,077,732212,35696,873,36569,621
2020-12-10,San Luis Obispo,079,281455,8330,158,8488,55
2020-12-10,San Mateo,081,765935,19566,24,19590,199
2020-12-10,Santa Barbara,083,443738,13880,299,14179,146
2020-12-10,Santa Clara,085,1922200,52008,170,52178,519
2020-12-10,Santa Cruz,087,273765,6671,120,6791,63
2020-12-10,Shasta,089,179085,7051,407,7458,75
2020-12-10,Sierra,091,2930,23,0,23,0
2020-12-10,Siskiyou,093,43540,871,61,932,6
2020-12-10,Solano,095,438530,14191,124,14315,115
2020-12-10,Sonoma,097,501317,15609,90,15699,159
2020-12-10,Stanislaus,099,539301,28270,2090,30360,490
2020-12-10,Sutter,101,95872,5124,23,5147,37
2020-12-10,Tehama,103,63373,2414,133,2547,33
2020-12-10,Trinity,105,12862,356,42,398,2
2020-12-10,Tulare,107,460477,27565,2400,29965,375
2020-12-10,Tuolumne,109,53932,1724,11,1735,22
2020-12-10,Ventura,111,848112,28586,950,29536,221
2020-12-10,Yolo,113,214977,6694,29,6723,115
2020-12-10,Yuba,115,75493,2920,22,2942,10
2020-12-09,Alameda,001,1643700,39533,550,40083,480
2020-12-09,Alpine,002,1148,65,0,65,0
2020-12-09,Amador,005,37829,1645,8,1653,19
2020-12-09,Butte,007,227075,5556,475,6031,84
2020-12-09,Calaveras,009,45235,745,0,745,24
2020-12-09,Colusa,011,21464,1022,33,1055,8
2020-12-09,Contra Costa,013,1133247,31129,269,31398,302
2020-12-09,Del Norte,015,27424,576,0,576,1
2020-12-09,El Dorado,017,186661,4348,107,4455,10
2020-12-09,Fresno,019,978130,53189,2523,55712,652
2020-12-09,Glenn,021,27897,1232,114,1346,12
2020-12-09,Humboldt,023,135768,1305,4,1309,10
2020-12-09,Imperial,025,180216,19932,199,20131,408
2020-12-09,Inyo,027,18085,432,6,438,18
2020-12-09,Kern,029,883053,51598,2706,54304,523
2020-12-09,Kings,031,150075,13759,312,14071,106
2020-12-09,Lake,033,64148,1374,0,1374,23
2020-12-09,Lassen,035,31185,3348,15,3363,5
2020-12-09,Los Angeles,037,10098052,527572,10213,537785,8574
2020-12-09,Madera,039,155013,8295,247,8542,123
2020-12-09,Marin,041,260295,1269,11,1280,93
2020-12-09,Mariposa,043,17540,183,2,185,1
2020-12-09,Mendocino,045,87422,1935,15,1950,24
2020-12-09,Merced,047,269075,15076,203,15279,214
2020-12-09,Modoc,049,8938,179,41,220,0
2020-12-09,Mono,051,14174,708,12,720,3
2020-12-09,Monterey,053,433212,20703,393,21096,156
2020-12-09,Napa,055,140530,4444,21,4465,22
2020-12-09,Nevada,057,99092,2153,60,2213,33
2020-12-09,Orange,059,3164182,110010,3551,113561,1831
2020-12-09,Placer,061,380077,10602,285,10887,102
2020-12-09,Plumas,063,18699,349,8,357,0
2020-12-09,Riverside,065,2383286,126300,3940,130240,1762
2020-12-09,Sacramento,067,1510023,50637,275,50912,788
2020-12-09,San Benito,069,59416,2499,16,2515,17
2020-12-09,San Bernardino,071,2135413,138505,3090,141595,1773
2020-12-09,San Diego,073,3302833,110922,4641,115563,1198
2020-12-09,San Francisco,075,870044,18983,147,19130,181
2020-12-09,San Joaquin,077,732212,34882,849,35731,616
2020-12-09,San Luis Obispo,079,281455,8112,150,8262,55
2020-12-09,San Mateo,081,765935,19116,23,19139,196
2020-12-09,Santa Barbara,083,443738,13680,289,13969,144
2020-12-09,Santa Clara,085,1922200,50831,155,50986,510
2020-12-09,Santa Cruz,087,273765,6510,105,6615,62
2020-12-09,Shasta,089,179085,6986,393,7379,73
2020-12-09,Sierra,091,2930,23,0,23,0
2020-12-09,Siskiyou,093,43540,860,60,920,6
2020-12-09,Solano,095,438530,13848,116,13964,115
2020-12-09,Sonoma,097,501317,15352,87,15439,157
2020-12-09,Stanislaus,099,539301,27781,2027,29808,486
2020-12-09,Sutter,101,95872,5005,19,5024,35
2020-12-09,Tehama,103,63373,2378,129,2507,33
2020-12-09,Trinity,105,12862,348,39,387,2
2020-12-09,Tulare,107,460477,26963,2324,29287,373
2020-12-09,Tuolumne,109,53932,1691,11,1702,20
2020-12-09,Ventura,111,848112,27722,908,28630,217
2020-12-09,Yolo,113,214977,6568,27,6595,114
2020-12-09,Yuba,115,75493,2852,21,2873,9
2020-12-08,Alameda,001,1643700,38632,535,39167,476
2020-12-08,Alpine,002,1148,64,0,64,0
2020-12-08,Amador,005,37829,1359,8,1367,18
2020-12-08,Butte,007,227075,5398,433,5831,83
2020-12-08,Calaveras,009,45235,721,0,721,24
2020-12-08,Colusa,011,21464,1006,32,1038,8
2020-12-08,Contra Costa,013,1133247,30434,254,30688,296
2020-12-08,Del Norte,015,27424,562,0,562,1
2020-12-08,El Dorado,017,186661,4224,94,4318,10
2020-12-08,Fresno,019,978130,51923,2368,54291,645
2020-12-08,Glenn,021,27897,1212,106,1318,12
2020-12-08,Humboldt,023,135768,1279,4,1283,10
2020-12-08,Imperial,025,180216,19423,192,19615,402
2020-12-08,Inyo,027,18085,408,6,414,17
2020-12-08,Kern,029,883053,50307,2553,52860,519
2020-12-08,Kings,031,150075,13605,303,13908,106
2020-12-08,Lake,033,64148,1334,0,1334,23
2020-12-08,Lassen,035,31185,3192,15,3207,5
2020-12-08,Los Angeles,037,10098052,514856,9744,524600,8503
2020-12-08,Madera,039,155013,8166,235,8401,121
2020-12-08,Marin,041,260295,1265,11,1276,92
2020-12-08,Mariposa,043,17540,179,2,181,1
2020-12-08,Mendocino,045,87422,1893,15,1908,24
2020-12-08,Merced,047,269075,14757,202,14959,210
2020-12-08,Modoc,049,8938,171,38,209,0
2020-12-08,Mono,051,14174,694,12,706,3
2020-12-08,Monterey,053,433212,20132,386,20518,153
2020-12-08,Napa,055,140530,4358,19,4377,22
2020-12-08,Nevada,057,99092,2099,57,2156,29
2020-12-08,Orange,059,3164182,106786,3388,110174,1814
2020-12-08,Placer,061,380077,10334,280,10614,100
2020-12-08,Plumas,063,18699,339,8,347,0
2020-12-08,Riverside,065,2383286,122931,3763,126694,1736
2020-12-08,Sacramento,067,1510023,49574,261,49835,774
2020-12-08,San Benito,069,59416,2445,16,2461,17
2020-12-08,San Bernardino,071,2135413,134158,2969,137127,1746
2020-12-08,San Diego,073,3302833,107551,4484,112035,1183
2020-12-08,San Francisco,075,870044,18676,145,18821,179
2020-12-08,San Joaquin,077,732212,33988,816,34804,613
2020-12-08,San Luis Obispo,079,281455,7983,139,8122,52
2020-12-08,San Mateo,081,765935,18717,23,18740,196
2020-12-08,Santa Barbara,083,443738,13497,280,13777,144
2020-12-08,Santa Clara,085,1922200,49520,147,49667,502
2020-12-08,Santa Cruz,087,273765,6329,103,6432,60
2020-12-08,Shasta,089,179085,6876,385,7261,72
2020-12-08,Sierra,091,2930,22,0,22,0
2020-12-08,Siskiyou,093,43540,846,58,904,6
2020-12-08,Solano,095,438530,13442,114,13556,115
2020-12-08,Sonoma,097,501317,15093,86,15179,156
2020-12-08,Stanislaus,099,539301,27289,1962,29251,482
2020-12-08,Sutter,101,95872,4909,18,4927,34
2020-12-08,Tehama,103,63373,2304,121,2425,33
2020-12-08,Trinity,105,12862,339,38,377,2
2020-12-08,Tulare,107,460477,26358,2261,28619,366
2020-12-08,Tuolumne,109,53932,1667,11,1678,20
2020-12-08,Ventura,111,848112,27061,866,27927,214
2020-12-08,Yolo,113,214977,6437,27,6464,112
2020-12-08,Yuba,115,75493,2774,21,2795,9
2020-12-07,Alameda,001,1643700,37767,501,38268,468
2020-12-07,Alpine,002,1148,63,0,63,0
2020-12-07,Amador,005,37829,1284,7,1291,18
2020-12-07,Butte,007,227075,5262,412,5674,82
2020-12-07,Calaveras,009,45235,692,0,692,24
2020-12-07,Colusa,011,21464,981,27,1008,8
2020-12-07,Contra Costa,013,1133247,29825,241,30066,293
2020-12-07,Del Norte,015,27424,547,0,547,1
2020-12-07,El Dorado,017,186661,4045,87,4132,9
2020-12-07,Fresno,019,978130,50449,2248,52697,633
2020-12-07,Glenn,021,27897,1193,100,1293,12
2020-12-07,Humboldt,023,135768,1244,4,1248,10
2020-12-07,Imperial,025,180216,19008,182,19190,401
2020-12-07,Inyo,027,18085,392,6,398,16
2020-12-07,Kern,029,883053,49281,2419,51700,515
2020-12-07,Kings,031,150075,13462,295,13757,102
2020-12-07,Lake,033,64148,1307,0,1307,22
2020-12-07,Lassen,035,31185,3095,15,3110,5
2020-12-07,Los Angeles,037,10098052,501181,9325,510506,8438
2020-12-07,Madera,039,155013,7902,230,8132,119
2020-12-07,Marin,041,260295,1265,11,1276,92
2020-12-07,Mariposa,043,17540,176,2,178,1
2020-12-07,Mendocino,045,87422,1857,14,1871,24
2020-12-07,Merced,047,269075,14380,193,14573,210
2020-12-07,Modoc,049,8938,164,35,199,0
2020-12-07,Mono,051,14174,681,12,693,3
2020-12-07,Monterey,053,433212,19652,375,20027,150
2020-12-07,Napa,055,140530,4267,19,4286,22
2020-12-07,Nevada,057,99092,2050,56,2106,27
2020-12-07,Orange,059,3164182,103513,3269,106782,1798
2020-12-07,Placer,061,380077,10009,266,10275,100
2020-12-07,Plumas,063,18699,327,5,332,0
2020-12-07,Riverside,065,2383286,119731,3582,123313,1712
2020-12-07,Sacramento,067,1510023,48479,244,48723,769
2020-12-07,San Benito,069,59416,2395,15,2410,17
2020-12-07,San Bernardino,071,2135413,130207,2854,133061,1713
2020-12-07,San Diego,073,3302833,104762,4303,109065,1168
2020-12-07,San Francisco,075,870044,18380,138,18518,179
2020-12-07,San Joaquin,077,732212,33113,790,33903,609
2020-12-07,San Luis Obispo,079,281455,7801,132,7933,50
2020-12-07,San Mateo,081,765935,18279,22,18301,196
2020-12-07,Santa Barbara,083,443738,13255,270,13525,143
2020-12-07,Santa Clara,085,1922200,48124,138,48262,496
2020-12-07,Santa Cruz,087,273765,6165,96,6261,60
2020-12-07,Shasta,089,179085,6753,370,7123,71
2020-12-07,Sierra,091,2930,20,0,20,0
2020-12-07,Siskiyou,093,43540,820,58,878,6
2020-12-07,Solano,095,438530,13104,110,13214,115
2020-12-07,Sonoma,097,501317,14808,86,14894,156
2020-12-07,Stanislaus,099,539301,26715,1909,28624,477
2020-12-07,Sutter,101,95872,4768,18,4786,33
2020-12-07,Tehama,103,63373,2253,116,2369,33
2020-12-07,Trinity,105,12862,335,38,373,2
2020-12-07,Tulare,107,460477,25810,2202,28012,363
2020-12-07,Tuolumne,109,53932,1582,10,1592,19
2020-12-07,Ventura,111,848112,26473,830,27303,212
2020-12-07,Yolo,113,214977,6277,26,6303,109
2020-12-07,Yuba,115,75493,2707,19,2726,9
2020-12-06,Alameda,001,1643700,36773,481,37254,464
2020-12-06,Alpine,002,1148,59,0,59,0
2020-12-06,Amador,005,37829,1221,6,1227,17
2020-12-06,Butte,007,227075,5109,378,5487,81
2020-12-06,Calaveras,009,45235,672,0,672,24
2020-12-06,Colusa,011,21464,964,23,987,8
2020-12-06,Contra Costa,013,1133247,29219,234,29453,293
2020-12-06,Del Norte,015,27424,491,0,491,1
2020-12-06,El Dorado,017,186661,3908,81,3989,9
2020-12-06,Fresno,019,978130,49496,2132,51628,626
2020-12-06,Glenn,021,27897,1183,96,1279,12
2020-12-06,Humboldt,023,135768,1219,4,1223,10
2020-12-06,Imperial,025,180216,18700,174,18874,399
2020-12-06,Inyo,027,18085,380,6,386,16
2020-12-06,Kern,029,883053,48290,2252,50542,510
2020-12-06,Kings,031,150075,13190,278,13468,101
2020-12-06,Lake,033,64148,1271,0,1271,22
2020-12-06,Lassen,035,31185,2991,13,3004,5
2020-12-06,Los Angeles,037,10098052,487582,8899,496481,8351
2020-12-06,Madera,039,155013,7729,221,7950,119
2020-12-06,Marin,041,260295,1261,11,1272,92
2020-12-06,Mariposa,043,17540,175,2,177,1
2020-12-06,Mendocino,045,87422,1817,14,1831,23
2020-12-06,Merced,047,269075,14026,184,14210,206
2020-12-06,Modoc,049,8938,151,28,179,0
2020-12-06,Mono,051,14174,659,11,670,3
2020-12-06,Monterey,053,433212,19034,365,19399,145
2020-12-06,Napa,055,140530,4155,19,4174,21
2020-12-06,Nevada,057,99092,1991,53,2044,25
2020-12-06,Orange,059,3164182,100441,3141,103582,1776
2020-12-06,Placer,061,380077,9726,247,9973,99
2020-12-06,Plumas,063,18699,314,4,318,0
2020-12-06,Riverside,065,2383286,116638,3361,119999,1694
2020-12-06,Sacramento,067,1510023,47238,230,47468,748
2020-12-06,San Benito,069,59416,2358,15,2373,17
2020-12-06,San Bernardino,071,2135413,126058,2700,128758,1685
2020-12-06,San Diego,073,3302833,101729,4149,105878,1149
2020-12-06,San Francisco,075,870044,18057,131,18188,178
2020-12-06,San Joaquin,077,732212,32268,762,33030,604
2020-12-06,San Luis Obispo,079,281455,7636,127,7763,49
2020-12-06,San Mateo,081,765935,17775,20,17795,195
2020-12-06,Santa Barbara,083,443738,13023,261,13284,142
2020-12-06,Santa Clara,085,1922200,46728,133,46861,485
2020-12-06,Santa Cruz,087,273765,5988,90,6078,57
2020-12-06,Shasta,089,179085,6613,349,6962,71
2020-12-06,Sierra,091,2930,20,0,20,0
2020-12-06,Siskiyou,093,43540,801,56,857,6
2020-12-06,Solano,095,438530,12815,100,12915,115
2020-12-06,Sonoma,097,501317,14519,85,14604,156
2020-12-06,Stanislaus,099,539301,26155,1845,28000,471
2020-12-06,Sutter,101,95872,4652,17,4669,32
2020-12-06,Tehama,103,63373,2195,107,2302,33
2020-12-06,Trinity,105,12862,328,36,364,2
2020-12-06,Tulare,107,460477,25276,2135,27411,362
2020-12-06,Tuolumne,109,53932,1486,10,1496,19
2020-12-06,Ventura,111,848112,25931,804,26735,212
2020-12-06,Yolo,113,214977,6116,22,6138,106
2020-12-06,Yuba,115,75493,2663,18,2681,9
2020-12-05,Alameda,001,1643700,36415,470,36885,456
2020-12-05,Alpine,002,1148,58,0,58,0
2020-12-05,Amador,005,37829,1197,6,1203,17
2020-12-05,Butte,007,227075,5041,359,5400,78
2020-12-05,Calaveras,009,45235,660,0,660,24
2020-12-05,Colusa,011,21464,946,20,966,8
2020-12-05,Contra Costa,013,1133247,28921,226,29147,292
2020-12-05,Del Norte,015,27424,486,0,486,1
2020-12-05,El Dorado,017,186661,3843,76,3919,9
2020-12-05,Fresno,019,978130,49177,2078,51255,611
2020-12-05,Glenn,021,27897,1170,90,1260,12
2020-12-05,Humboldt,023,135768,1186,4,1190,10
2020-12-05,Imperial,025,180216,18526,173,18699,397
2020-12-05,Inyo,027,18085,375,6,381,16
2020-12-05,Kern,029,883053,47827,2167,49994,505
2020-12-05,Kings,031,150075,13109,275,13384,99
2020-12-05,Lake,033,64148,1242,0,1242,22
2020-12-05,Lassen,035,31185,2800,11,2811,5
2020-12-05,Los Angeles,037,10098052,481783,8588,490371,8289
2020-12-05,Madera,039,155013,7635,214,7849,117
2020-12-05,Marin,041,260295,1258,11,1269,91
2020-12-05,Mariposa,043,17540,170,2,172,0
2020-12-05,Mendocino,045,87422,1778,14,1792,23
2020-12-05,Merced,047,269075,13918,173,14091,205
2020-12-05,Modoc,049,8938,151,27,178,0
2020-12-05,Mono,051,14174,654,11,665,3
2020-12-05,Monterey,053,433212,18888,361,19249,142
2020-12-05,Napa,055,140530,4085,19,4104,20
2020-12-05,Nevada,057,99092,1976,51,2027,22
2020-12-05,Orange,059,3164182,98969,3044,102013,1766
2020-12-05,Placer,061,380077,9607,238,9845,99
2020-12-05,Plumas,063,18699,307,1,308,0
2020-12-05,Riverside,065,2383286,115024,3187,118211,1668
2020-12-05,Sacramento,067,1510023,46573,216,46789,738
2020-12-05,San Benito,069,59416,2314,15,2329,17
2020-12-05,San Bernardino,071,2135413,124528,2572,127100,1652
2020-12-05,San Diego,073,3302833,100377,4068,104445,1136
2020-12-05,San Francisco,075,870044,17871,127,17998,178
2020-12-05,San Joaquin,077,732212,32001,730,32731,597
2020-12-05,San Luis Obispo,079,281455,7569,124,7693,48
2020-12-05,San Mateo,081,765935,17518,20,17538,194
2020-12-05,Santa Barbara,083,443738,12923,255,13178,141
2020-12-05,Santa Clara,085,1922200,45968,128,46096,478
2020-12-05,Santa Cruz,087,273765,5915,89,6004,57
2020-12-05,Shasta,089,179085,6552,338,6890,68
2020-12-05,Sierra,091,2930,20,0,20,0
2020-12-05,Siskiyou,093,43540,793,55,848,6
2020-12-05,Solano,095,438530,12644,98,12742,114
2020-12-05,Sonoma,097,501317,14423,85,14508,156
2020-12-05,Stanislaus,099,539301,25836,1810,27646,468
2020-12-05,Sutter,101,95872,4587,17,4604,29
2020-12-05,Tehama,103,63373,2180,105,2285,33
2020-12-05,Trinity,105,12862,327,36,363,2
2020-12-05,Tulare,107,460477,25057,2077,27134,360
2020-12-05,Tuolumne,109,53932,1429,10,1439,17
2020-12-05,Ventura,111,848112,25559,790,26349,210
2020-12-05,Yolo,113,214977,6037,21,6058,105
2020-12-05,Yuba,115,75493,2626,18,2644,9
2020-12-04,Alameda,001,1643700,35865,457,36322,451
2020-12-04,Alpine,002,1148,58,0,58,0
2020-12-04,Amador,005,37829,1183,3,1186,17
2020-12-04,Butte,007,227075,4969,339,5308,74
2020-12-04,Calaveras,009,45235,655,0,655,23
2020-12-04,Colusa,011,21464,932,18,950,8
2020-12-04,Contra Costa,013,1133247,28574,214,28788,288
2020-12-04,Del Norte,015,27424,477,0,477,1
2020-12-04,El Dorado,017,186661,3755,73,3828,9
2020-12-04,Fresno,019,978130,48467,2010,50477,598
2020-12-04,Glenn,021,27897,1164,82,1246,12
2020-12-04,Humboldt,023,135768,1168,4,1172,9
2020-12-04,Imperial,025,180216,18279,173,18452,396
2020-12-04,Inyo,027,18085,366,6,372,16
2020-12-04,Kern,029,883053,47276,2064,49340,504
2020-12-04,Kings,031,150075,13016,269,13285,99
2020-12-04,Lake,033,64148,1212,0,1212,22
2020-12-04,Lassen,035,31185,2793,10,2803,4
2020-12-04,Los Angeles,037,10098052,473161,8300,481461,8221
2020-12-04,Madera,039,155013,7540,211,7751,117
2020-12-04,Marin,041,260295,1258,11,1269,91
2020-12-04,Mariposa,043,17540,170,2,172,0
2020-12-04,Mendocino,045,87422,1759,13,1772,23
2020-12-04,Merced,047,269075,13802,165,13967,202
2020-12-04,Modoc,049,8938,151,27,178,0
2020-12-04,Mono,051,14174,649,11,660,3
2020-12-04,Monterey,053,433212,18676,352,19028,136
2020-12-04,Napa,055,140530,4031,19,4050,20
2020-12-04,Nevada,057,99092,1951,48,1999,20
2020-12-04,Orange,059,3164182,97040,2980,100020,1755
2020-12-04,Placer,061,380077,9483,225,9708,97
2020-12-04,Plumas,063,18699,300,0,300,0
2020-12-04,Riverside,065,2383286,112823,3030,115853,1653
2020-12-04,Sacramento,067,1510023,45808,199,46007,724
2020-12-04,San Benito,069,59416,2281,15,2296,16
2020-12-04,San Bernardino,071,2135413,122255,2464,124719,1619
2020-12-04,San Diego,073,3302833,98893,3981,102874,1125
2020-12-04,San Francisco,075,870044,17681,127,17808,177
2020-12-04,San Joaquin,077,732212,31561,693,32254,589
2020-12-04,San Luis Obispo,079,281455,7485,121,7606,47
2020-12-04,San Mateo,081,765935,17229,19,17248,194
2020-12-04,Santa Barbara,083,443738,12816,249,13065,141
2020-12-04,Santa Clara,085,1922200,45031,122,45153,473
2020-12-04,Santa Cruz,087,273765,5826,87,5913,54
2020-12-04,Shasta,089,179085,6463,329,6792,67
2020-12-04,Sierra,091,2930,19,0,19,0
2020-12-04,Siskiyou,093,43540,786,52,838,5
2020-12-04,Solano,095,438530,12494,95,12589,112
2020-12-04,Sonoma,097,501317,14275,84,14359,155
2020-12-04,Stanislaus,099,539301,25558,1766,27324,460
2020-12-04,Sutter,101,95872,4515,12,4527,28
2020-12-04,Tehama,103,63373,2140,100,2240,32
2020-12-04,Trinity,105,12862,325,36,361,1
2020-12-04,Tulare,107,460477,24764,2005,26769,356
2020-12-04,Tuolumne,109,53932,1398,10,1408,17
2020-12-04,Ventura,111,848112,25182,774,25956,209
2020-12-04,Yolo,113,214977,5964,20,5984,103
2020-12-04,Yuba,115,75493,2582,17,2599,9
2020-12-03,Alameda,001,1643700,35097,440,35537,450
2020-12-03,Alpine,002,1148,57,0,57,0
2020-12-03,Amador,005,37829,1132,3,1135,17
2020-12-03,Butte,007,227075,4874,320,5194,73
2020-12-03,Calaveras,009,45235,634,0,634,22
2020-12-03,Colusa,011,21464,919,17,936,7
2020-12-03,Contra Costa,013,1133247,28066,207,28273,287
2020-12-03,Del Norte,015,27424,471,0,471,1
2020-12-03,El Dorado,017,186661,3629,71,3700,9
2020-12-03,Fresno,019,978130,47712,1937,49649,588
2020-12-03,Glenn,021,27897,1146,74,1220,12
2020-12-03,Humboldt,023,135768,1138,4,1142,9
2020-12-03,Imperial,025,180216,18071,161,18232,393
2020-12-03,Inyo,027,18085,364,6,370,16
2020-12-03,Kern,029,883053,46430,1963,48393,503
2020-12-03,Kings,031,150075,12917,258,13175,96
2020-12-03,Lake,033,64148,1197,0,1197,22
2020-12-03,Lassen,035,31185,2753,9,2762,4
2020-12-03,Los Angeles,037,10098052,463059,7944,471003,8161
2020-12-03,Madera,039,155013,7417,205,7622,116
2020-12-03,Marin,041,260295,1255,10,1265,90
2020-12-03,Mariposa,043,17540,166,2,168,0
2020-12-03,Mendocino,045,87422,1742,10,1752,23
2020-12-03,Merced,047,269075,13552,158,13710,198
2020-12-03,Modoc,049,8938,149,27,176,0
2020-12-03,Mono,051,14174,627,11,638,3
2020-12-03,Monterey,053,433212,18215,343,18558,135
2020-12-03,Napa,055,140530,3917,19,3936,19
2020-12-03,Nevada,057,99092,1873,47,1920,18
2020-12-03,Orange,059,3164182,94506,2912,97418,1746
2020-12-03,Placer,061,380077,9281,209,9490,94
2020-12-03,Plumas,063,18699,285,0,285,0
2020-12-03,Riverside,065,2383286,110060,2871,112931,1631
2020-12-03,Sacramento,067,1510023,44750,186,44936,714
2020-12-03,San Benito,069,59416,2235,15,2250,16
2020-12-03,San Bernardino,071,2135413,118926,2381,121307,1596
2020-12-03,San Diego,073,3302833,97078,3863,100941,1111
2020-12-03,San Francisco,075,870044,17457,126,17583,176
2020-12-03,San Joaquin,077,732212,30841,650,31491,588
2020-12-03,San Luis Obispo,079,281455,7317,120,7437,47
2020-12-03,San Mateo,081,765935,16876,19,16895,192
2020-12-03,Santa Barbara,083,443738,12687,243,12930,140
2020-12-03,Santa Clara,085,1922200,43820,116,43936,469
2020-12-03,Santa Cruz,087,273765,5682,83,5765,51
2020-12-03,Shasta,089,179085,6354,322,6676,66
2020-12-03,Sierra,091,2930,19,0,19,0
2020-12-03,Siskiyou,093,43540,771,49,820,5
2020-12-03,Solano,095,438530,12279,91,12370,112
2020-12-03,Sonoma,097,501317,14033,83,14116,154
2020-12-03,Stanislaus,099,539301,25138,1719,26857,457
2020-12-03,Sutter,101,95872,4431,12,4443,25
2020-12-03,Tehama,103,63373,2088,93,2181,31
2020-12-03,Trinity,105,12862,322,36,358,1
2020-12-03,Tulare,107,460477,24361,1913,26274,354
2020-12-03,Tuolumne,109,53932,1356,10,1366,16
2020-12-03,Ventura,111,848112,24479,761,25240,209
2020-12-03,Yolo,113,214977,5826,20,5846,101
2020-12-03,Yuba,115,75493,2511,16,2527,9
2020-12-02,Alameda,001,1643700,34468,429,34897,446
2020-12-02,Alpine,002,1148,56,0,56,0
2020-12-02,Amador,005,37829,1060,3,1063,16
2020-12-02,Butte,007,227075,4752,310,5062,71
2020-12-02,Calaveras,009,45235,618,0,618,22
2020-12-02,Colusa,011,21464,903,15,918,7
2020-12-02,Contra Costa,013,1133247,27602,195,27797,284
2020-12-02,Del Norte,015,27424,455,0,455,1
2020-12-02,El Dorado,017,186661,3528,66,3594,9
2020-12-02,Fresno,019,978130,46954,1839,48793,577
2020-12-02,Glenn,021,27897,1129,66,1195,12
2020-12-02,Humboldt,023,135768,1112,4,1116,9
2020-12-02,Imperial,025,180216,17649,154,17803,393
2020-12-02,Inyo,027,18085,357,6,363,16
2020-12-02,Kern,029,883053,45532,1868,47400,498
2020-12-02,Kings,031,150075,12564,244,12808,95
2020-12-02,Lake,033,64148,1167,0,1167,22
2020-12-02,Lassen,035,31185,2694,9,2703,4
2020-12-02,Los Angeles,037,10098052,453001,7626,460627,8088
2020-12-02,Madera,039,155013,7292,199,7491,116
2020-12-02,Marin,041,260295,1248,10,1258,90
2020-12-02,Mariposa,043,17540,163,2,165,0
2020-12-02,Mendocino,045,87422,1709,10,1719,23
2020-12-02,Merced,047,269075,13287,150,13437,195
2020-12-02,Modoc,049,8938,146,27,173,0
2020-12-02,Mono,051,14174,618,11,629,3
2020-12-02,Monterey,053,433212,17735,304,18039,134
2020-12-02,Napa,055,140530,3814,18,3832,19
2020-12-02,Nevada,057,99092,1811,46,1857,17
2020-12-02,Orange,059,3164182,92308,2833,95141,1731
2020-12-02,Placer,061,380077,9047,196,9243,91
2020-12-02,Plumas,063,18699,272,0,272,0
2020-12-02,Riverside,065,2383286,107343,2692,110035,1616
2020-12-02,Sacramento,067,1510023,43710,175,43885,708
2020-12-02,San Benito,069,59416,2170,15,2185,16
2020-12-02,San Bernardino,071,2135413,115355,2276,117631,1576
2020-12-02,San Diego,073,3302833,95162,3748,98910,1096
2020-12-02,San Francisco,075,870044,17220,124,17344,176
2020-12-02,San Joaquin,077,732212,30224,627,30851,583
2020-12-02,San Luis Obispo,079,281455,7218,118,7336,45
2020-12-02,San Mateo,081,765935,16513,18,16531,188
2020-12-02,Santa Barbara,083,443738,12536,231,12767,140
2020-12-02,Santa Clara,085,1922200,42697,116,42813,459
2020-12-02,Santa Cruz,087,273765,5550,80,5630,48
2020-12-02,Shasta,089,179085,6230,305,6535,65
2020-12-02,Sierra,091,2930,19,0,19,0
2020-12-02,Siskiyou,093,43540,755,47,802,5
2020-12-02,Solano,095,438530,12032,87,12119,111
2020-12-02,Sonoma,097,501317,13793,82,13875,154
2020-12-02,Stanislaus,099,539301,24635,1663,26298,454
2020-12-02,Sutter,101,95872,4272,12,4284,23
2020-12-02,Tehama,103,63373,2044,78,2122,29
2020-12-02,Trinity,105,12862,313,35,348,1
2020-12-02,Tulare,107,460477,23978,1835,25813,349
2020-12-02,Tuolumne,109,53932,1315,10,1325,16
2020-12-02,Ventura,111,848112,24066,743,24809,208
2020-12-02,Yolo,113,214977,5718,19,5737,100
2020-12-02,Yuba,115,75493,2433,15,2448,9
2020-12-01,Alameda,001,1643700,33775,419,34194,444
2020-12-01,Alpine,002,1148,56,0,56,0
2020-12-01,Amador,005,37829,913,2,915,16
2020-12-01,Butte,007,227075,4646,295,4941,69
2020-12-01,Calaveras,009,45235,600,0,600,22
2020-12-01,Colusa,011,21464,886,15,901,7
2020-12-01,Contra Costa,013,1133247,27030,187,27217,281
2020-12-01,Del Norte,015,27424,427,0,427,1
2020-12-01,El Dorado,017,186661,3384,61,3445,8
2020-12-01,Fresno,019,978130,46051,1763,47814,572
2020-12-01,Glenn,021,27897,1108,62,1170,12
2020-12-01,Humboldt,023,135768,1082,4,1086,9
2020-12-01,Imperial,025,180216,17334,151,17485,390
2020-12-01,Inyo,027,18085,351,6,357,16
2020-12-01,Kern,029,883053,44730,1741,46471,491
2020-12-01,Kings,031,150075,12249,230,12479,94
2020-12-01,Lake,033,64148,1145,0,1145,22
2020-12-01,Lassen,035,31185,2528,8,2536,4
2020-12-01,Los Angeles,037,10098052,442621,7315,449936,8035
2020-12-01,Madera,039,155013,7172,189,7361,115
2020-12-01,Marin,041,260295,1242,10,1252,90
2020-12-01,Mariposa,043,17540,158,2,160,0
2020-12-01,Mendocino,045,87422,1675,10,1685,23
2020-12-01,Merced,047,269075,13043,141,13184,193
2020-12-01,Modoc,049,8938,141,23,164,0
2020-12-01,Mono,051,14174,605,11,616,3
2020-12-01,Monterey,053,433212,17227,293,17520,131
2020-12-01,Napa,055,140530,3730,17,3747,19
2020-12-01,Nevada,057,99092,1749,45,1794,15
2020-12-01,Orange,059,3164182,90204,2744,92948,1725
2020-12-01,Placer,061,380077,8722,189,8911,90
2020-12-01,Plumas,063,18699,260,0,260,0
2020-12-01,Riverside,065,2383286,104532,2532,107064,1607
2020-12-01,Sacramento,067,1510023,42663,172,42835,699
2020-12-01,San Benito,069,59416,2115,15,2130,15
2020-12-01,San Bernardino,071,2135413,111887,2154,114041,1561
2020-12-01,San Diego,073,3302833,92905,3638,96543,1084
2020-12-01,San Francisco,075,870044,16938,121,17059,176
2020-12-01,San Joaquin,077,732212,29423,605,30028,579
2020-12-01,San Luis Obispo,079,281455,7076,113,7189,45
2020-12-01,San Mateo,081,765935,16188,18,16206,186
2020-12-01,Santa Barbara,083,443738,12397,221,12618,139
2020-12-01,Santa Clara,085,1922200,41441,110,41551,451
2020-12-01,Santa Cruz,087,273765,5392,72,5464,48
2020-12-01,Shasta,089,179085,6105,286,6391,64
2020-12-01,Sierra,091,2930,19,0,19,0
2020-12-01,Siskiyou,093,43540,741,43,784,5
2020-12-01,Solano,095,438530,11771,82,11853,109
2020-12-01,Sonoma,097,501317,13589,79,13668,153
2020-12-01,Stanislaus,099,539301,24174,1605,25779,449
2020-12-01,Sutter,101,95872,4130,12,4142,22
2020-12-01,Tehama,103,63373,1978,68,2046,26
2020-12-01,Trinity,105,12862,299,29,328,1
2020-12-01,Tulare,107,460477,23522,1767,25289,346
2020-12-01,Tuolumne,109,53932,1279,8,1287,15
2020-12-01,Ventura,111,848112,23452,721,24173,205
2020-12-01,Yolo,113,214977,5580,19,5599,98
2020-12-01,Yuba,115,75493,2369,14,2383,9
2020-11-30,Alameda,001,1643700,32955,402,33357,444
2020-11-30,Alpine,002,1148,54,0,54,0
2020-11-30,Amador,005,37829,872,2,874,16
2020-11-30,Butte,007,227075,4528,279,4807,69
2020-11-30,Calaveras,009,45235,579,0,579,22
2020-11-30,Colusa,011,21464,859,12,871,7
2020-11-30,Contra Costa,013,1133247,26447,183,26630,280
2020-11-30,Del Norte,015,27424,401,0,401,1
2020-11-30,El Dorado,017,186661,3210,55,3265,7
2020-11-30,Fresno,019,978130,44939,1654,46593,568
2020-11-30,Glenn,021,27897,1085,57,1142,11
2020-11-30,Humboldt,023,135768,1035,4,1039,9
2020-11-30,Imperial,025,180216,17077,130,17207,388
2020-11-30,Inyo,027,18085,345,5,350,16
2020-11-30,Kern,029,883053,43972,1609,45581,487
2020-11-30,Kings,031,150075,12101,215,12316,92
2020-11-30,Lake,033,64148,1111,0,1111,22
2020-11-30,Lassen,035,31185,2436,8,2444,4
2020-11-30,Los Angeles,037,10098052,431939,6992,438931,7982
2020-11-30,Madera,039,155013,7007,175,7182,115
2020-11-30,Marin,041,260295,1241,10,1251,90
2020-11-30,Mariposa,043,17540,151,2,153,0
2020-11-30,Mendocino,045,87422,1647,10,1657,23
2020-11-30,Merced,047,269075,12769,130,12899,191
2020-11-30,Modoc,049,8938,131,23,154,0
2020-11-30,Mono,051,14174,583,11,594,3
2020-11-30,Monterey,053,433212,16797,285,17082,128
2020-11-30,Napa,055,140530,3631,17,3648,18
2020-11-30,Nevada,057,99092,1663,42,1705,14
2020-11-30,Orange,059,3164182,88089,2648,90737,1717
2020-11-30,Placer,061,380077,8425,176,8601,88
2020-11-30,Plumas,063,18699,249,0,249,0
2020-11-30,Riverside,065,2383286,101542,2387,103929,1595
2020-11-30,Sacramento,067,1510023,41581,163,41744,689
2020-11-30,San Benito,069,59416,2068,14,2082,15
2020-11-30,San Bernardino,071,2135413,108156,2042,110198,1545
2020-11-30,San Diego,073,3302833,90542,3511,94053,1077
2020-11-30,San Francisco,075,870044,16640,117,16757,175
2020-11-30,San Joaquin,077,732212,28718,579,29297,576
2020-11-30,San Luis Obispo,079,281455,6942,111,7053,44
2020-11-30,San Mateo,081,765935,15829,18,15847,186
2020-11-30,Santa Barbara,083,443738,12218,213,12431,139
2020-11-30,Santa Clara,085,1922200,40227,109,40336,446
2020-11-30,Santa Cruz,087,273765,5253,69,5322,45
2020-11-30,Shasta,089,179085,5960,258,6218,63
2020-11-30,Sierra,091,2930,19,0,19,0
2020-11-30,Siskiyou,093,43540,732,39,771,4
2020-11-30,Solano,095,438530,11508,77,11585,107
2020-11-30,Sonoma,097,501317,13342,75,13417,152
2020-11-30,Stanislaus,099,539301,23711,1563,25274,445
2020-11-30,Sutter,101,95872,3974,12,3986,21
2020-11-30,Tehama,103,63373,1929,61,1990,26
2020-11-30,Trinity,105,12862,292,29,321,1
2020-11-30,Tulare,107,460477,23132,1674,24806,345
2020-11-30,Tuolumne,109,53932,1235,8,1243,13
2020-11-30,Ventura,111,848112,22698,705,23403,204
2020-11-30,Yolo,113,214977,5462,19,5481,94
2020-11-30,Yuba,115,75493,2310,12,2322,9
2020-11-29,Alameda,001,1643700,32165,379,32544,439
2020-11-29,Alpine,002,1148,51,0,51,0
2020-11-29,Amador,005,37829,721,2,723,16
2020-11-29,Butte,007,227075,4428,263,4691,68
2020-11-29,Calaveras,009,45235,548,0,548,22
2020-11-29,Colusa,011,21464,830,8,838,7
2020-11-29,Contra Costa,013,1133247,25938,177,26115,280
2020-11-29,Del Norte,015,27424,395,0,395,1
2020-11-29,El Dorado,017,186661,3079,53,3132,7
2020-11-29,Fresno,019,978130,43984,1583,45567,562
2020-11-29,Glenn,021,27897,1062,55,1117,11
2020-11-29,Humboldt,023,135768,1007,4,1011,9
2020-11-29,Imperial,025,180216,16843,105,16948,381
2020-11-29,Inyo,027,18085,328,5,333,16
2020-11-29,Kern,029,883053,43209,1460,44669,485
2020-11-29,Kings,031,150075,11950,197,12147,91
2020-11-29,Lake,033,64148,1087,0,1087,22
2020-11-29,Lassen,035,31185,2333,8,2341,4
2020-11-29,Los Angeles,037,10098052,421529,6702,428231,7934
2020-11-29,Madera,039,155013,6864,169,7033,115
2020-11-29,Marin,041,260295,1240,10,1250,90
2020-11-29,Mariposa,043,17540,147,2,149,0
2020-11-29,Mendocino,045,87422,1613,10,1623,23
2020-11-29,Merced,047,269075,12524,122,12646,190
2020-11-29,Modoc,049,8938,127,21,148,0
2020-11-29,Mono,051,14174,560,10,570,3
2020-11-29,Monterey,053,433212,16484,278,16762,124
2020-11-29,Napa,055,140530,3526,16,3542,17
2020-11-29,Nevada,057,99092,1583,40,1623,12
2020-11-29,Orange,059,3164182,86066,2602,88668,1703
2020-11-29,Placer,061,380077,8127,164,8291,87
2020-11-29,Plumas,063,18699,244,0,244,0
2020-11-29,Riverside,065,2383286,99150,2235,101385,1581
2020-11-29,Sacramento,067,1510023,40503,154,40657,682
2020-11-29,San Benito,069,59416,2024,14,2038,15
2020-11-29,San Bernardino,071,2135413,104806,1939,106745,1528
2020-11-29,San Diego,073,3302833,88131,3358,91489,1073
2020-11-29,San Francisco,075,870044,16358,112,16470,173
2020-11-29,San Joaquin,077,732212,27969,573,28542,572
2020-11-29,San Luis Obispo,079,281455,6819,111,6930,43
2020-11-29,San Mateo,081,765935,15497,18,15515,186
2020-11-29,Santa Barbara,083,443738,12064,209,12273,139
2020-11-29,Santa Clara,085,1922200,39015,103,39118,443
2020-11-29,Santa Cruz,087,273765,5093,67,5160,44
2020-11-29,Shasta,089,179085,5788,230,6018,61
2020-11-29,Sierra,091,2930,19,0,19,0
2020-11-29,Siskiyou,093,43540,709,37,746,4
2020-11-29,Solano,095,438530,11275,73,11348,106
2020-11-29,Sonoma,097,501317,13089,71,13160,152
2020-11-29,Stanislaus,099,539301,23215,1529,24744,441
2020-11-29,Sutter,101,95872,3858,12,3870,21
2020-11-29,Tehama,103,63373,1878,47,1925,26
2020-11-29,Trinity,105,12862,289,27,316,1
2020-11-29,Tulare,107,460477,22763,1599,24362,340
2020-11-29,Tuolumne,109,53932,1198,8,1206,13
2020-11-29,Ventura,111,848112,22014,693,22707,203
2020-11-29,Yolo,113,214977,5325,18,5343,92
2020-11-29,Yuba,115,75493,2254,12,2266,9
2020-11-28,Alameda,001,1643700,31855,374,32229,436
2020-11-28,Alpine,002,1148,51,0,51,0
2020-11-28,Amador,005,37829,644,2,646,16
2020-11-28,Butte,007,227075,4370,259,4629,68
2020-11-28,Calaveras,009,45235,542,0,542,22
2020-11-28,Colusa,011,21464,821,6,827,7
2020-11-28,Contra Costa,013,1133247,25606,173,25779,280
2020-11-28,Del Norte,015,27424,385,0,385,1
2020-11-28,El Dorado,017,186661,3011,47,3058,6
2020-11-28,Fresno,019,978130,43637,1545,45182,558
2020-11-28,Glenn,021,27897,1051,51,1102,10
2020-11-28,Humboldt,023,135768,972,4,976,9
2020-11-28,Imperial,025,180216,16774,103,16877,379
2020-11-28,Inyo,027,18085,320,5,325,16
2020-11-28,Kern,029,883053,42846,1372,44218,484
2020-11-28,Kings,031,150075,11885,190,12075,90
2020-11-28,Lake,033,64148,1071,0,1071,22
2020-11-28,Lassen,035,31185,2266,8,2274,4
2020-11-28,Los Angeles,037,10098052,416610,6545,423155,7899
2020-11-28,Madera,039,155013,6761,162,6923,115
2020-11-28,Marin,041,260295,1239,9,1248,90
2020-11-28,Mariposa,043,17540,144,2,146,0
2020-11-28,Mendocino,045,87422,1582,10,1592,23
2020-11-28,Merced,047,269075,12424,116,12540,190
2020-11-28,Modoc,049,8938,124,21,145,0
2020-11-28,Mono,051,14174,554,10,564,3
2020-11-28,Monterey,053,433212,16318,274,16592,122
2020-11-28,Napa,055,140530,3474,16,3490,17
2020-11-28,Nevada,057,99092,1554,38,1592,12
2020-11-28,Orange,059,3164182,84966,2555,87521,1688
2020-11-28,Placer,061,380077,7967,161,8128,84
2020-11-28,Plumas,063,18699,237,0,237,0
2020-11-28,Riverside,065,2383286,97742,2133,99875,1571
2020-11-28,Sacramento,067,1510023,39926,150,40076,674
2020-11-28,San Benito,069,59416,1979,14,1993,14
2020-11-28,San Bernardino,071,2135413,103405,1837,105242,1512
2020-11-28,San Diego,073,3302833,86877,3274,90151,1068
2020-11-28,San Francisco,075,870044,16183,105,16288,172
2020-11-28,San Joaquin,077,732212,27768,558,28326,569
2020-11-28,San Luis Obispo,079,281455,6749,107,6856,43
2020-11-28,San Mateo,081,765935,15307,18,15325,186
2020-11-28,Santa Barbara,083,443738,11962,204,12166,138
2020-11-28,Santa Clara,085,1922200,38264,101,38365,439
2020-11-28,Santa Cruz,087,273765,5017,67,5084,44
2020-11-28,Shasta,089,179085,5711,223,5934,60
2020-11-28,Sierra,091,2930,19,0,19,0
2020-11-28,Siskiyou,093,43540,699,34,733,3
2020-11-28,Solano,095,438530,11153,71,11224,106
2020-11-28,Sonoma,097,501317,12986,62,13048,151
2020-11-28,Stanislaus,099,539301,22976,1495,24471,440
2020-11-28,Sutter,101,95872,3774,12,3786,19
2020-11-28,Tehama,103,63373,1859,43,1902,25
2020-11-28,Trinity,105,12862,286,25,311,1
2020-11-28,Tulare,107,460477,22566,1557,24123,340
2020-11-28,Tuolumne,109,53932,1176,8,1184,12
2020-11-28,Ventura,111,848112,21716,683,22399,200
2020-11-28,Yolo,113,214977,5248,16,5264,90
2020-11-28,Yuba,115,75493,2199,12,2211,9
2020-11-27,Alameda,001,1643700,31411,364,31775,434
2020-11-27,Alpine,002,1148,51,0,51,0
2020-11-27,Amador,005,37829,597,1,598,16
2020-11-27,Butte,007,227075,4329,252,4581,67
2020-11-27,Calaveras,009,45235,533,0,533,22
2020-11-27,Colusa,011,21464,804,4,808,6
2020-11-27,Contra Costa,013,1133247,25345,167,25512,278
2020-11-27,Del Norte,015,27424,379,0,379,1
2020-11-27,El Dorado,017,186661,2940,44,2984,5
2020-11-27,Fresno,019,978130,43232,1489,44721,551
2020-11-27,Glenn,021,27897,1038,46,1084,9
2020-11-27,Humboldt,023,135768,953,3,956,9
2020-11-27,Imperial,025,180216,16706,95,16801,377
2020-11-27,Inyo,027,18085,314,5,319,16
2020-11-27,Kern,029,883053,42423,1302,43725,481
2020-11-27,Kings,031,150075,11800,172,11972,90
2020-11-27,Lake,033,64148,1035,0,1035,22
2020-11-27,Lassen,035,31185,2254,8,2262,4
2020-11-27,Los Angeles,037,10098052,410085,6400,416485,7853
2020-11-27,Madera,039,155013,6689,157,6846,115
2020-11-27,Marin,041,260295,1239,9,1248,90
2020-11-27,Mariposa,043,17540,142,2,144,0
2020-11-27,Mendocino,045,87422,1568,9,1577,23
2020-11-27,Merced,047,269075,12316,109,12425,188
2020-11-27,Modoc,049,8938,123,21,144,0
2020-11-27,Mono,051,14174,550,10,560,3
2020-11-27,Monterey,053,433212,16150,274,16424,121
2020-11-27,Napa,055,140530,3434,16,3450,17
2020-11-27,Nevada,057,99092,1524,36,1560,9
2020-11-27,Orange,059,3164182,83678,2516,86194,1676
2020-11-27,Placer,061,380077,7808,151,7959,82
2020-11-27,Plumas,063,18699,234,0,234,0
2020-11-27,Riverside,065,2383286,96132,1981,98113,1549
2020-11-27,Sacramento,067,1510023,39305,146,39451,668
2020-11-27,San Benito,069,59416,1945,13,1958,13
2020-11-27,San Bernardino,071,2135413,101886,1756,103642,1499
2020-11-27,San Diego,073,3302833,85683,3185,88868,1060
2020-11-27,San Francisco,075,870044,16028,103,16131,171
2020-11-27,San Joaquin,077,732212,27544,538,28082,565
2020-11-27,San Luis Obispo,079,281455,6666,104,6770,41
2020-11-27,San Mateo,081,765935,15105,17,15122,186
2020-11-27,Santa Barbara,083,443738,11869,201,12070,138
2020-11-27,Santa Clara,085,1922200,37589,94,37683,434
2020-11-27,Santa Cruz,087,273765,4946,65,5011,39
2020-11-27,Shasta,089,179085,5634,210,5844,60
2020-11-27,Sierra,091,2930,18,0,18,0
2020-11-27,Siskiyou,093,43540,684,31,715,3
2020-11-27,Solano,095,438530,11034,68,11102,105
2020-11-27,Sonoma,097,501317,12853,60,12913,150
2020-11-27,Stanislaus,099,539301,22747,1466,24213,438
2020-11-27,Sutter,101,95872,3706,12,3718,18
2020-11-27,Tehama,103,63373,1833,39,1872,25
2020-11-27,Trinity,105,12862,282,25,307,1
2020-11-27,Tulare,107,460477,22376,1500,23876,340
2020-11-27,Tuolumne,109,53932,1144,8,1152,11
2020-11-27,Ventura,111,848112,21392,661,22053,199
2020-11-27,Yolo,113,214977,5197,16,5213,89
2020-11-27,Yuba,115,75493,2170,11,2181,9
2020-11-26,Alameda,001,1643700,30996,347,31343,433
2020-11-26,Alpine,002,1148,51,0,51,0
2020-11-26,Amador,005,37829,589,1,590,16
2020-11-26,Butte,007,227075,4266,246,4512,66
2020-11-26,Calaveras,009,45235,506,0,506,22
2020-11-26,Colusa,011,21464,790,4,794,6
2020-11-26,Contra Costa,013,1133247,25012,161,25173,276
2020-11-26,Del Norte,015,27424,368,0,368,1
2020-11-26,El Dorado,017,186661,2859,42,2901,5
2020-11-26,Fresno,019,978130,42827,1444,44271,548
2020-11-26,Glenn,021,27897,1022,44,1066,9
2020-11-26,Humboldt,023,135768,930,2,932,9
2020-11-26,Imperial,025,180216,16591,92,16683,374
2020-11-26,Inyo,027,18085,312,5,317,16
2020-11-26,Kern,029,883053,41973,1242,43215,480
2020-11-26,Kings,031,150075,11745,160,11905,90
2020-11-26,Lake,033,64148,1022,0,1022,22
2020-11-26,Lassen,035,31185,2239,8,2247,4
2020-11-26,Los Angeles,037,10098052,404917,6168,411085,7819
2020-11-26,Madera,039,155013,6610,152,6762,115
2020-11-26,Marin,041,260295,1236,9,1245,90
2020-11-26,Mariposa,043,17540,137,2,139,0
2020-11-26,Mendocino,045,87422,1554,7,1561,23
2020-11-26,Merced,047,269075,12168,107,12275,186
2020-11-26,Modoc,049,8938,121,21,142,0
2020-11-26,Mono,051,14174,542,10,552,3
2020-11-26,Monterey,053,433212,15914,266,16180,120
2020-11-26,Napa,055,140530,3370,16,3386,17
2020-11-26,Nevada,057,99092,1479,36,1515,7
2020-11-26,Orange,059,3164182,82288,2456,84744,1670
2020-11-26,Placer,061,380077,7644,142,7786,80
2020-11-26,Plumas,063,18699,226,0,226,0
2020-11-26,Riverside,065,2383286,94530,1857,96387,1537
2020-11-26,Sacramento,067,1510023,38662,138,38800,656
2020-11-26,San Benito,069,59416,1918,13,1931,13
2020-11-26,San Bernardino,071,2135413,100233,1663,101896,1483
2020-11-26,San Diego,073,3302833,84073,3081,87154,1051
2020-11-26,San Francisco,075,870044,15893,99,15992,171
2020-11-26,San Joaquin,077,732212,27288,526,27814,564
2020-11-26,San Luis Obispo,079,281455,6573,101,6674,39
2020-11-26,San Mateo,081,765935,14916,16,14932,185
2020-11-26,Santa Barbara,083,443738,11788,200,11988,138
2020-11-26,Santa Clara,085,1922200,36943,87,37030,432
2020-11-26,Santa Cruz,087,273765,4813,59,4872,39
2020-11-26,Shasta,089,179085,5551,198,5749,59
2020-11-26,Sierra,091,2930,18,0,18,0
2020-11-26,Siskiyou,093,43540,674,31,705,3
2020-11-26,Solano,095,438530,10889,66,10955,103
2020-11-26,Sonoma,097,501317,12705,58,12763,150
2020-11-26,Stanislaus,099,539301,22515,1426,23941,434
2020-11-26,Sutter,101,95872,3612,11,3623,18
2020-11-26,Tehama,103,63373,1793,36,1829,25
2020-11-26,Trinity,105,12862,278,25,303,1
2020-11-26,Tulare,107,460477,22136,1439,23575,340
2020-11-26,Tuolumne,109,53932,1116,8,1124,11
2020-11-26,Ventura,111,848112,20895,647,21542,199
2020-11-26,Yolo,113,214977,5110,16,5126,89
2020-11-26,Yuba,115,75493,2110,9,2119,9
2020-11-25,Alameda,001,1643700,30781,339,31120,432
2020-11-25,Alpine,002,1148,51,0,51,0
2020-11-25,Amador,005,37829,579,1,580,16
2020-11-25,Butte,007,227075,4235,243,4478,65
2020-11-25,Calaveras,009,45235,503,0,503,22
2020-11-25,Colusa,011,21464,773,4,777,6
2020-11-25,Contra Costa,013,1133247,24856,160,25016,276
2020-11-25,Del Norte,015,27424,367,0,367,1
2020-11-25,El Dorado,017,186661,2823,42,2865,5
2020-11-25,Fresno,019,978130,42594,1422,44016,546
2020-11-25,Glenn,021,27897,1005,42,1047,8
2020-11-25,Humboldt,023,135768,922,2,924,9
2020-11-25,Imperial,025,180216,16519,91,16610,372
2020-11-25,Inyo,027,18085,310,5,315,16
2020-11-25,Kern,029,883053,41817,1225,43042,480
2020-11-25,Kings,031,150075,11710,156,11866,88
2020-11-25,Lake,033,64148,1005,0,1005,22
2020-11-25,Lassen,035,31185,2196,8,2204,4
2020-11-25,Los Angeles,037,10098052,401889,6068,407957,7786
2020-11-25,Madera,039,155013,6587,149,6736,113
2020-11-25,Marin,041,260295,1236,9,1245,90
2020-11-25,Mariposa,043,17540,136,2,138,0
2020-11-25,Mendocino,045,87422,1535,7,1542,22
2020-11-25,Merced,047,269075,12112,107,12219,186
2020-11-25,Modoc,049,8938,121,21,142,0
2020-11-25,Mono,051,14174,537,10,547,3
2020-11-25,Monterey,053,433212,15799,264,16063,119
2020-11-25,Napa,055,140530,3337,16,3353,17
2020-11-25,Nevada,057,99092,1461,34,1495,7
2020-11-25,Orange,059,3164182,81532,2436,83968,1660
2020-11-25,Placer,061,380077,7568,141,7709,78
2020-11-25,Plumas,063,18699,221,0,221,0
2020-11-25,Riverside,065,2383286,93985,1839,95824,1527
2020-11-25,Sacramento,067,1510023,38325,135,38460,650
2020-11-25,San Benito,069,59416,1895,13,1908,13
2020-11-25,San Bernardino,071,2135413,99391,1634,101025,1475
2020-11-25,San Diego,073,3302833,83416,3045,86461,1045
2020-11-25,San Francisco,075,870044,15786,97,15883,171
2020-11-25,San Joaquin,077,732212,27160,514,27674,562
2020-11-25,San Luis Obispo,079,281455,6530,101,6631,39
2020-11-25,San Mateo,081,765935,14801,16,14817,184
2020-11-25,Santa Barbara,083,443738,11738,200,11938,138
2020-11-25,Santa Clara,085,1922200,36494,86,36580,429
2020-11-25,Santa Cruz,087,273765,4760,58,4818,38
2020-11-25,Shasta,089,179085,5505,191,5696,55
2020-11-25,Sierra,091,2930,18,0,18,0
2020-11-25,Siskiyou,093,43540,667,31,698,3
2020-11-25,Solano,095,438530,10784,65,10849,102
2020-11-25,Sonoma,097,501317,12643,57,12700,150
2020-11-25,Stanislaus,099,539301,22383,1399,23782,432
2020-11-25,Sutter,101,95872,3568,11,3579,17
2020-11-25,Tehama,103,63373,1780,30,1810,25
2020-11-25,Trinity,105,12862,276,25,301,0
2020-11-25,Tulare,107,460477,22045,1409,23454,337
2020-11-25,Tuolumne,109,53932,1099,8,1107,11
2020-11-25,Ventura,111,848112,20800,641,21441,197
2020-11-25,Yolo,113,214977,5073,16,5089,88
2020-11-25,Yuba,115,75493,2084,9,2093,9
2020-11-24,Alameda,001,1643700,30305,328,30633,431
2020-11-24,Alpine,002,1148,51,0,51,0
2020-11-24,Amador,005,37829,554,1,555,16
2020-11-24,Butte,007,227075,4149,235,4384,65
2020-11-24,Calaveras,009,45235,497,0,497,22
2020-11-24,Colusa,011,21464,755,4,759,6
2020-11-24,Contra Costa,013,1133247,24504,154,24658,274
2020-11-24,Del Norte,015,27424,358,0,358,1
2020-11-24,El Dorado,017,186661,2718,41,2759,4
2020-11-24,Fresno,019,978130,42191,1347,43538,539
2020-11-24,Glenn,021,27897,987,38,1025,8
2020-11-24,Humboldt,023,135768,903,2,905,9
2020-11-24,Imperial,025,180216,16416,86,16502,371
2020-11-24,Inyo,027,18085,309,5,314,16
2020-11-24,Kern,029,883053,41343,1149,42492,479
2020-11-24,Kings,031,150075,11443,143,11586,88
2020-11-24,Lake,033,64148,988,0,988,22
2020-11-24,Lassen,035,31185,2173,8,2181,4
2020-11-24,Los Angeles,037,10098052,395579,5837,401416,7748
2020-11-24,Madera,039,155013,6504,142,6646,113
2020-11-24,Marin,041,260295,1234,9,1243,90
2020-11-24,Mariposa,043,17540,126,1,127,0
2020-11-24,Mendocino,045,87422,1513,6,1519,22
2020-11-24,Merced,047,269075,11926,102,12028,185
2020-11-24,Modoc,049,8938,117,21,138,0
2020-11-24,Mono,051,14174,533,10,543,3
2020-11-24,Monterey,053,433212,15537,255,15792,116
2020-11-24,Napa,055,140530,3270,16,3286,17
2020-11-24,Nevada,057,99092,1397,32,1429,7
2020-11-24,Orange,059,3164182,80092,2359,82451,1651
2020-11-24,Placer,061,380077,7388,134,7522,77
2020-11-24,Plumas,063,18699,218,0,218,0
2020-11-24,Riverside,065,2383286,92226,1713,93939,1514
2020-11-24,Sacramento,067,1510023,37645,128,37773,638
2020-11-24,San Benito,069,59416,1864,12,1876,13
2020-11-24,San Bernardino,071,2135413,97052,1533,98585,1461
2020-11-24,San Diego,073,3302833,82006,2974,84980,1041
2020-11-24,San Francisco,075,870044,15591,93,15684,171
2020-11-24,San Joaquin,077,732212,26847,487,27334,560
2020-11-24,San Luis Obispo,079,281455,6467,100,6567,39
2020-11-24,San Mateo,081,765935,14592,15,14607,181
2020-11-24,Santa Barbara,083,443738,11632,199,11831,138
2020-11-24,Santa Clara,085,1922200,35706,82,35788,426
2020-11-24,Santa Cruz,087,273765,4647,57,4704,36
2020-11-24,Shasta,089,179085,5405,172,5577,53
2020-11-24,Sierra,091,2930,18,0,18,0
2020-11-24,Siskiyou,093,43540,649,28,677,3
2020-11-24,Solano,095,438530,10612,64,10676,101
2020-11-24,Sonoma,097,501317,12464,54,12518,150
2020-11-24,Stanislaus,099,539301,22141,1356,23497,430
2020-11-24,Sutter,101,95872,3462,11,3473,15
2020-11-24,Tehama,103,63373,1736,25,1761,25
2020-11-24,Trinity,105,12862,269,24,293,0
2020-11-24,Tulare,107,460477,21795,1348,23143,335
2020-11-24,Tuolumne,109,53932,1070,8,1078,11
2020-11-24,Ventura,111,848112,20419,631,21050,197
2020-11-24,Yolo,113,214977,4987,16,5003,85
2020-11-24,Yuba,115,75493,2033,7,2040,9
2020-11-23,Alameda,001,1643700,29888,316,30204,429
2020-11-23,Alpine,002,1148,49,0,49,0
2020-11-23,Amador,005,37829,513,1,514,16
2020-11-23,Butte,007,227075,4083,229,4312,64
2020-11-23,Calaveras,009,45235,481,0,481,22
2020-11-23,Colusa,011,21464,741,4,745,6
2020-11-23,Contra Costa,013,1133247,24235,149,24384,274
2020-11-23,Del Norte,015,27424,336,0,336,1
2020-11-23,El Dorado,017,186661,2598,40,2638,4
2020-11-23,Fresno,019,978130,41741,1286,43027,536
2020-11-23,Glenn,021,27897,961,38,999,7
2020-11-23,Humboldt,023,135768,890,2,892,9
2020-11-23,Imperial,025,180216,16253,81,16334,370
2020-11-23,Inyo,027,18085,302,5,307,16
2020-11-23,Kern,029,883053,40830,1086,41916,477
2020-11-23,Kings,031,150075,11023,137,11160,88
2020-11-23,Lake,033,64148,965,0,965,21
2020-11-23,Lassen,035,31185,2093,7,2100,4
2020-11-23,Los Angeles,037,10098052,389469,5593,395062,7714
2020-11-23,Madera,039,155013,6379,138,6517,112
2020-11-23,Marin,041,260295,1234,9,1243,90
2020-11-23,Mariposa,043,17540,125,1,126,0
2020-11-23,Mendocino,045,87422,1483,6,1489,22
2020-11-23,Merced,047,269075,11742,99,11841,184
2020-11-23,Modoc,049,8938,104,20,124,0
2020-11-23,Mono,051,14174,520,10,530,3
2020-11-23,Monterey,053,433212,15258,249,15507,116
2020-11-23,Napa,055,140530,3203,16,3219,16
2020-11-23,Nevada,057,99092,1308,32,1340,7
2020-11-23,Orange,059,3164182,78686,2315,81001,1646
2020-11-23,Placer,061,380077,7186,133,7319,72
2020-11-23,Plumas,063,18699,214,0,214,0
2020-11-23,Riverside,065,2383286,90449,1649,92098,1506
2020-11-23,Sacramento,067,1510023,37074,122,37196,628
2020-11-23,San Benito,069,59416,1836,11,1847,13
2020-11-23,San Bernardino,071,2135413,94944,1469,96413,1452
2020-11-23,San Diego,073,3302833,80543,2886,83429,1035
2020-11-23,San Francisco,075,870044,15433,91,15524,170
2020-11-23,San Joaquin,077,732212,26497,483,26980,559
2020-11-23,San Luis Obispo,079,281455,6385,98,6483,39
2020-11-23,San Mateo,081,765935,14402,15,14417,179
2020-11-23,Santa Barbara,083,443738,11525,195,11720,138
2020-11-23,Santa Clara,085,1922200,35052,79,35131,421
2020-11-23,Santa Cruz,087,273765,4537,53,4590,35
2020-11-23,Shasta,089,179085,5287,160,5447,51
2020-11-23,Sierra,091,2930,17,0,17,0
2020-11-23,Siskiyou,093,43540,622,28,650,3
2020-11-23,Solano,095,438530,10455,61,10516,101
2020-11-23,Sonoma,097,501317,12291,50,12341,150
2020-11-23,Stanislaus,099,539301,21847,1324,23171,426
2020-11-23,Sutter,101,95872,3325,10,3335,15
2020-11-23,Tehama,103,63373,1687,21,1708,25
2020-11-23,Trinity,105,12862,260,22,282,0
2020-11-23,Tulare,107,460477,21503,1283,22786,334
2020-11-23,Tuolumne,109,53932,1030,8,1038,11
2020-11-23,Ventura,111,848112,20044,618,20662,195
2020-11-23,Yolo,113,214977,4906,15,4921,84
2020-11-23,Yuba,115,75493,1966,7,1973,9
2020-11-22,Alameda,001,1643700,29450,305,29755,429
2020-11-22,Alpine,002,1148,46,0,46,0
2020-11-22,Amador,005,37829,501,1,502,16
2020-11-22,Butte,007,227075,4033,221,4254,64
2020-11-22,Calaveras,009,45235,473,0,473,22
2020-11-22,Colusa,011,21464,723,3,726,6
2020-11-22,Contra Costa,013,1133247,23930,144,24074,272
2020-11-22,Del Norte,015,27424,312,0,312,1
2020-11-22,El Dorado,017,186661,2488,36,2524,4
2020-11-22,Fresno,019,978130,41256,1231,42487,532
2020-11-22,Glenn,021,27897,939,34,973,7
2020-11-22,Humboldt,023,135768,874,2,876,9
2020-11-22,Imperial,025,180216,16049,36,16085,369
2020-11-22,Inyo,027,18085,295,5,300,16
2020-11-22,Kern,029,883053,40251,1053,41304,476
2020-11-22,Kings,031,150075,10924,128,11052,88
2020-11-22,Lake,033,64148,943,0,943,21
2020-11-22,Lassen,035,31185,1928,6,1934,4
2020-11-22,Los Angeles,037,10098052,383181,5352,388533,7675
2020-11-22,Madera,039,155013,6297,127,6424,112
2020-11-22,Marin,041,260295,1233,9,1242,89
2020-11-22,Mariposa,043,17540,124,1,125,0
2020-11-22,Mendocino,045,87422,1459,5,1464,22
2020-11-22,Merced,047,269075,11590,98,11688,182
2020-11-22,Modoc,049,8938,103,19,122,0
2020-11-22,Mono,051,14174,505,10,515,3
2020-11-22,Monterey,053,433212,15017,244,15261,115
2020-11-22,Napa,055,140530,3124,16,3140,16
2020-11-22,Nevada,057,99092,1250,32,1282,7
2020-11-22,Orange,059,3164182,77269,2277,79546,1643
2020-11-22,Placer,061,380077,6959,123,7082,72
2020-11-22,Plumas,063,18699,201,0,201,0
2020-11-22,Riverside,065,2383286,88850,1590,90440,1498
2020-11-22,Sacramento,067,1510023,36340,109,36449,621
2020-11-22,San Benito,069,59416,1807,11,1818,13
2020-11-22,San Bernardino,071,2135413,92605,1399,94004,1440
2020-11-22,San Diego,073,3302833,78806,2811,81617,1030
2020-11-22,San Francisco,075,870044,15263,90,15353,169
2020-11-22,San Joaquin,077,732212,26197,471,26668,557
2020-11-22,San Luis Obispo,079,281455,6278,97,6375,38
2020-11-22,San Mateo,081,765935,14197,15,14212,179
2020-11-22,Santa Barbara,083,443738,11390,190,11580,138
2020-11-22,Santa Clara,085,1922200,34374,77,34451,420
2020-11-22,Santa Cruz,087,273765,4454,46,4500,34
2020-11-22,Shasta,089,179085,5131,142,5273,51
2020-11-22,Sierra,091,2930,17,0,17,0
2020-11-22,Siskiyou,093,43540,591,28,619,3
2020-11-22,Solano,095,438530,10281,57,10338,100
2020-11-22,Sonoma,097,501317,12133,48,12181,149
2020-11-22,Stanislaus,099,539301,21523,1294,22817,425
2020-11-22,Sutter,101,95872,3208,10,3218,14
2020-11-22,Tehama,103,63373,1650,17,1667,25
2020-11-22,Trinity,105,12862,254,22,276,0
2020-11-22,Tulare,107,460477,21249,1217,22466,332
2020-11-22,Tuolumne,109,53932,1003,8,1011,11
2020-11-22,Ventura,111,848112,19683,605,20288,192
2020-11-22,Yolo,113,214977,4806,15,4821,84
2020-11-22,Yuba,115,75493,1914,7,1921,9
2020-11-21,Alameda,001,1643700,29263,303,29566,429
2020-11-21,Alpine,002,1148,46,0,46,0
2020-11-21,Amador,005,37829,487,1,488,16
2020-11-21,Butte,007,227075,3985,218,4203,63
2020-11-21,Calaveras,009,45235,465,0,465,22
2020-11-21,Colusa,011,21464,714,3,717,6
2020-11-21,Contra Costa,013,1133247,23776,142,23918,272
2020-11-21,Del Norte,015,27424,307,0,307,1
2020-11-21,El Dorado,017,186661,2439,35,2474,4
2020-11-21,Fresno,019,978130,41002,1196,42198,529
2020-11-21,Glenn,021,27897,934,32,966,7
2020-11-21,Humboldt,023,135768,864,2,866,9
2020-11-21,Imperial,025,180216,15969,36,16005,366
2020-11-21,Inyo,027,18085,293,5,298,16
2020-11-21,Kern,029,883053,39995,1018,41013,475
2020-11-21,Kings,031,150075,10876,124,11000,87
2020-11-21,Lake,033,64148,930,0,930,21
2020-11-21,Lassen,035,31185,1861,6,1867,4
2020-11-21,Los Angeles,037,10098052,379994,5213,385207,7638
2020-11-21,Madera,039,155013,6259,127,6386,112
2020-11-21,Marin,041,260295,1233,9,1242,89
2020-11-21,Mariposa,043,17540,124,1,125,0
2020-11-21,Mendocino,045,87422,1428,5,1433,22
2020-11-21,Merced,047,269075,11530,97,11627,182
2020-11-21,Modoc,049,8938,99,18,117,0
2020-11-21,Mono,051,14174,500,10,510,3
2020-11-21,Monterey,053,433212,14919,239,15158,115
2020-11-21,Napa,055,140530,3090,16,3106,16
2020-11-21,Nevada,057,99092,1238,31,1269,7
2020-11-21,Orange,059,3164182,76465,2247,78712,1639
2020-11-21,Placer,061,380077,6844,120,6964,72
2020-11-21,Plumas,063,18699,196,0,196,0
2020-11-21,Riverside,065,2383286,88073,1544,89617,1488
2020-11-21,Sacramento,067,1510023,35944,101,36045,611
2020-11-21,San Benito,069,59416,1788,11,1799,13
2020-11-21,San Bernardino,071,2135413,91728,1323,93051,1431
2020-11-21,San Diego,073,3302833,78027,2756,80783,1022
2020-11-21,San Francisco,075,870044,15159,89,15248,169
2020-11-21,San Joaquin,077,732212,26064,456,26520,555
2020-11-21,San Luis Obispo,079,281455,6225,94,6319,38
2020-11-21,San Mateo,081,765935,14096,15,14111,178
2020-11-21,Santa Barbara,083,443738,11338,187,11525,137
2020-11-21,Santa Clara,085,1922200,33990,74,34064,418
2020-11-21,Santa Cruz,087,273765,4397,46,4443,33
2020-11-21,Shasta,089,179085,5058,139,5197,50
2020-11-21,Sierra,091,2930,17,0,17,0
2020-11-21,Siskiyou,093,43540,575,28,603,2
2020-11-21,Solano,095,438530,10191,54,10245,99
2020-11-21,Sonoma,097,501317,12058,47,12105,149
2020-11-21,Stanislaus,099,539301,21380,1270,22650,421
2020-11-21,Sutter,101,95872,3148,9,3157,14
2020-11-21,Tehama,103,63373,1630,16,1646,25
2020-11-21,Trinity,105,12862,251,22,273,0
2020-11-21,Tulare,107,460477,21121,1183,22304,330
2020-11-21,Tuolumne,109,53932,984,8,992,11
2020-11-21,Ventura,111,848112,19520,595,20115,191
2020-11-21,Yolo,113,214977,4732,14,4746,82
2020-11-21,Yuba,115,75493,1882,7,1889,9
2020-11-20,Alameda,001,1643700,29049,296,29345,429
2020-11-20,Alpine,002,1148,46,0,46,0
2020-11-20,Amador,005,37829,483,1,484,16
2020-11-20,Butte,007,227075,3952,214,4166,63
2020-11-20,Calaveras,009,45235,455,0,455,22
2020-11-20,Colusa,011,21464,706,2,708,6
2020-11-20,Contra Costa,013,1133247,23592,138,23730,271
2020-11-20,Del Norte,015,27424,304,0,304,1
2020-11-20,El Dorado,017,186661,2342,33,2375,4
2020-11-20,Fresno,019,978130,40708,1167,41875,526
2020-11-20,Glenn,021,27897,922,30,952,6
2020-11-20,Humboldt,023,135768,855,1,856,9
2020-11-20,Imperial,025,180216,15905,32,15937,366
2020-11-20,Inyo,027,18085,291,5,296,16
2020-11-20,Kern,029,883053,39701,993,40694,473
2020-11-20,Kings,031,150075,10828,123,10951,87
2020-11-20,Lake,033,64148,921,0,921,21
2020-11-20,Lassen,035,31185,1776,5,1781,4
2020-11-20,Los Angeles,037,10098052,376098,5052,381150,7604
2020-11-20,Madera,039,155013,6165,126,6291,110
2020-11-20,Marin,041,260295,1233,9,1242,89
2020-11-20,Mariposa,043,17540,116,1,117,0
2020-11-20,Mendocino,045,87422,1408,5,1413,22
2020-11-20,Merced,047,269075,11452,97,11549,181
2020-11-20,Modoc,049,8938,99,18,117,0
2020-11-20,Mono,051,14174,498,10,508,3
2020-11-20,Monterey,053,433212,14794,230,15024,115
2020-11-20,Napa,055,140530,3060,16,3076,16
2020-11-20,Nevada,057,99092,1220,30,1250,7
2020-11-20,Orange,059,3164182,75629,2210,77839,1635
2020-11-20,Placer,061,380077,6709,105,6814,72
2020-11-20,Plumas,063,18699,194,0,194,0
2020-11-20,Riverside,065,2383286,87061,1484,88545,1482
2020-11-20,Sacramento,067,1510023,35568,94,35662,607
2020-11-20,San Benito,069,59416,1776,11,1787,13
2020-11-20,San Bernardino,071,2135413,90358,1241,91599,1420
2020-11-20,San Diego,073,3302833,77029,2674,79703,1016
2020-11-20,San Francisco,075,870044,15056,88,15144,169
2020-11-20,San Joaquin,077,732212,25911,443,26354,552
2020-11-20,San Luis Obispo,079,281455,6170,91,6261,36
2020-11-20,San Mateo,081,765935,13963,14,13977,177
2020-11-20,Santa Barbara,083,443738,11282,181,11463,136
2020-11-20,Santa Clara,085,1922200,33569,69,33638,415
2020-11-20,Santa Cruz,087,273765,4332,46,4378,32
2020-11-20,Shasta,089,179085,4985,134,5119,49
2020-11-20,Sierra,091,2930,17,0,17,0
2020-11-20,Siskiyou,093,43540,561,27,588,2
2020-11-20,Solano,095,438530,10098,52,10150,98
2020-11-20,Sonoma,097,501317,11974,46,12020,148
2020-11-20,Stanislaus,099,539301,21223,1244,22467,419
2020-11-20,Sutter,101,95872,3098,9,3107,14
2020-11-20,Tehama,103,63373,1613,13,1626,25
2020-11-20,Trinity,105,12862,250,22,272,0
2020-11-20,Tulare,107,460477,20988,1145,22133,326
2020-11-20,Tuolumne,109,53932,945,8,953,11
2020-11-20,Ventura,111,848112,19352,568,19920,190
2020-11-20,Yolo,113,214977,4653,13,4666,82
2020-11-20,Yuba,115,75493,1854,7,1861,9
2020-11-19,Alameda,001,1643700,28703,288,28991,429
2020-11-19,Alpine,002,1148,43,0,43,0
2020-11-19,Amador,005,37829,479,1,480,16
2020-11-19,Butte,007,227075,3903,207,4110,63
2020-11-19,Calaveras,009,45235,444,0,444,22
2020-11-19,Colusa,011,21464,688,2,690,6
2020-11-19,Contra Costa,013,1133247,23321,135,23456,271
2020-11-19,Del Norte,015,27424,296,0,296,1
2020-11-19,El Dorado,017,186661,2268,29,2297,4
2020-11-19,Fresno,019,978130,40258,1110,41368,522
2020-11-19,Glenn,021,27897,900,29,929,6
2020-11-19,Humboldt,023,135768,835,1,836,9
2020-11-19,Imperial,025,180216,15695,32,15727,364
2020-11-19,Inyo,027,18085,289,5,294,16
2020-11-19,Kern,029,883053,39281,951,40232,468
2020-11-19,Kings,031,150075,10680,116,10796,87
2020-11-19,Lake,033,64148,907,0,907,21
2020-11-19,Lassen,035,31185,1659,3,1662,4
2020-11-19,Los Angeles,037,10098052,371069,4889,375958,7580
2020-11-19,Madera,039,155013,6093,118,6211,109
2020-11-19,Marin,041,260295,1230,9,1239,89
2020-11-19,Mariposa,043,17540,109,0,109,0
2020-11-19,Mendocino,045,87422,1387,5,1392,22
2020-11-19,Merced,047,269075,11313,91,11404,180
2020-11-19,Modoc,049,8938,96,18,114,0
2020-11-19,Mono,051,14174,490,10,500,3
2020-11-19,Monterey,053,433212,14580,219,14799,113
2020-11-19,Napa,055,140530,3006,16,3022,16
2020-11-19,Nevada,057,99092,1179,29,1208,7
2020-11-19,Orange,059,3164182,74364,2168,76532,1630
2020-11-19,Placer,061,380077,6518,104,6622,72
2020-11-19,Plumas,063,18699,189,0,189,0
2020-11-19,Riverside,065,2383286,85578,1413,86991,1476
2020-11-19,Sacramento,067,1510023,35054,92,35146,605
2020-11-19,San Benito,069,59416,1753,11,1764,13
2020-11-19,San Bernardino,071,2135413,88460,1163,89623,1409
2020-11-19,San Diego,073,3302833,75779,2570,78349,1012
2020-11-19,San Francisco,075,870044,14900,82,14982,169
2020-11-19,San Joaquin,077,732212,25592,433,26025,551
2020-11-19,San Luis Obispo,079,281455,6093,87,6180,36
2020-11-19,San Mateo,081,765935,13825,14,13839,177
2020-11-19,Santa Barbara,083,443738,11202,178,11380,136
2020-11-19,Santa Clara,085,1922200,33015,68,33083,415
2020-11-19,Santa Cruz,087,273765,4240,44,4284,32
2020-11-19,Shasta,089,179085,4847,124,4971,47
2020-11-19,Sierra,091,2930,17,0,17,0
2020-11-19,Siskiyou,093,43540,536,26,562,1
2020-11-19,Solano,095,438530,9961,48,10009,97
2020-11-19,Sonoma,097,501317,11804,44,11848,147
2020-11-19,Stanislaus,099,539301,20982,1201,22183,418
2020-11-19,Sutter,101,95872,2999,9,3008,14
2020-11-19,Tehama,103,63373,1578,10,1588,23
2020-11-19,Trinity,105,12862,244,22,266,0
2020-11-19,Tulare,107,460477,20767,1082,21849,324
2020-11-19,Tuolumne,109,53932,914,8,922,11
2020-11-19,Ventura,111,848112,18999,555,19554,188
2020-11-19,Yolo,113,214977,4559,13,4572,82
2020-11-19,Yuba,115,75493,1814,7,1821,9
2020-11-18,Alameda,001,1643700,28439,283,28722,428
2020-11-18,Alpine,002,1148,42,0,42,0
2020-11-18,Amador,005,37829,474,1,475,16
2020-11-18,Butte,007,227075,3850,194,4044,63
2020-11-18,Calaveras,009,45235,438,0,438,22
2020-11-18,Colusa,011,21464,675,2,677,6
2020-11-18,Contra Costa,013,1133247,23058,132,23190,270
2020-11-18,Del Norte,015,27424,284,0,284,1
2020-11-18,El Dorado,017,186661,2180,28,2208,4
2020-11-18,Fresno,019,978130,39820,1061,40881,517
2020-11-18,Glenn,021,27897,883,27,910,6
2020-11-18,Humboldt,023,135768,820,1,821,9
2020-11-18,Imperial,025,180216,15465,32,15497,363
2020-11-18,Inyo,027,18085,287,5,292,16
2020-11-18,Kern,029,883053,38891,902,39793,465
2020-11-18,Kings,031,150075,10532,113,10645,87
2020-11-18,Lake,033,64148,895,0,895,21
2020-11-18,Lassen,035,31185,1559,3,1562,4
2020-11-18,Los Angeles,037,10098052,366186,4714,370900,7544
2020-11-18,Madera,039,155013,6006,106,6112,108
2020-11-18,Marin,041,260295,1230,9,1239,89
2020-11-18,Mariposa,043,17540,106,0,106,0
2020-11-18,Mendocino,045,87422,1367,5,1372,22
2020-11-18,Merced,047,269075,11194,90,11284,179
2020-11-18,Modoc,049,8938,93,18,111,0
2020-11-18,Mono,051,14174,485,10,495,2
2020-11-18,Monterey,053,433212,14385,205,14590,112
2020-11-18,Napa,055,140530,2961,16,2977,16
2020-11-18,Nevada,057,99092,1139,27,1166,7
2020-11-18,Orange,059,3164182,73268,2143,75411,1622
2020-11-18,Placer,061,380077,6340,99,6439,70
2020-11-18,Plumas,063,18699,184,0,184,0
2020-11-18,Riverside,065,2383286,84115,1312,85427,1466
2020-11-18,Sacramento,067,1510023,34429,84,34513,601
2020-11-18,San Benito,069,59416,1728,10,1738,13
2020-11-18,San Bernardino,071,2135413,86701,1084,87785,1397
2020-11-18,San Diego,073,3302833,74485,2510,76995,1007
2020-11-18,San Francisco,075,870044,14756,80,14836,169
2020-11-18,San Joaquin,077,732212,25330,419,25749,550
2020-11-18,San Luis Obispo,079,281455,6017,86,6103,36
2020-11-18,San Mateo,081,765935,13672,13,13685,176
2020-11-18,Santa Barbara,083,443738,11123,171,11294,136
2020-11-18,Santa Clara,085,1922200,32549,64,32613,411
2020-11-18,Santa Cruz,087,273765,4151,42,4193,30
2020-11-18,Shasta,089,179085,4714,120,4834,47
2020-11-18,Sierra,091,2930,17,0,17,0
2020-11-18,Siskiyou,093,43540,504,25,529,1
2020-11-18,Solano,095,438530,9829,46,9875,96
2020-11-18,Sonoma,097,501317,11698,41,11739,146
2020-11-18,Stanislaus,099,539301,20740,1177,21917,416
2020-11-18,Sutter,101,95872,2881,9,2890,13
2020-11-18,Tehama,103,63373,1540,10,1550,23
2020-11-18,Trinity,105,12862,230,21,251,0
2020-11-18,Tulare,107,460477,20556,1031,21587,323
2020-11-18,Tuolumne,109,53932,879,8,887,9
2020-11-18,Ventura,111,848112,18674,540,19214,186
2020-11-18,Yolo,113,214977,4486,13,4499,81
2020-11-18,Yuba,115,75493,1760,7,1767,9
2020-11-17,Alameda,001,1643700,28111,272,28383,427
2020-11-17,Alpine,002,1148,40,0,40,0
2020-11-17,Amador,005,37829,463,1,464,16
2020-11-17,Butte,007,227075,3808,183,3991,63
2020-11-17,Calaveras,009,45235,421,0,421,22
2020-11-17,Colusa,011,21464,664,1,665,6
2020-11-17,Contra Costa,013,1133247,22787,127,22914,270
2020-11-17,Del Norte,015,27424,278,0,278,1
2020-11-17,El Dorado,017,186661,2121,28,2149,4
2020-11-17,Fresno,019,978130,39221,1002,40223,513
2020-11-17,Glenn,021,27897,872,26,898,6
2020-11-17,Humboldt,023,135768,798,1,799,9
2020-11-17,Imperial,025,180216,15227,30,15257,362
2020-11-17,Inyo,027,18085,286,5,291,16
2020-11-17,Kern,029,883053,38442,849,39291,462
2020-11-17,Kings,031,150075,10459,105,10564,87
2020-11-17,Lake,033,64148,875,0,875,21
2020-11-17,Lassen,035,31185,1480,3,1483,4
2020-11-17,Los Angeles,037,10098052,361231,4558,365789,7522
2020-11-17,Madera,039,155013,5918,99,6017,108
2020-11-17,Marin,041,260295,1226,9,1235,89
2020-11-17,Mariposa,043,17540,103,0,103,0
2020-11-17,Mendocino,045,87422,1346,5,1351,22
2020-11-17,Merced,047,269075,11053,85,11138,178
2020-11-17,Modoc,049,8938,87,17,104,0
2020-11-17,Mono,051,14174,480,10,490,2
2020-11-17,Monterey,053,433212,14156,195,14351,112
2020-11-17,Napa,055,140530,2907,16,2923,16
2020-11-17,Nevada,057,99092,1098,26,1124,7
2020-11-17,Orange,059,3164182,72117,2117,74234,1615
2020-11-17,Placer,061,380077,6178,93,6271,68
2020-11-17,Plumas,063,18699,176,0,176,0
2020-11-17,Riverside,065,2383286,82729,1221,83950,1463
2020-11-17,Sacramento,067,1510023,33831,80,33911,598
2020-11-17,San Benito,069,59416,1712,4,1716,13
2020-11-17,San Bernardino,071,2135413,84892,995,85887,1387
2020-11-17,San Diego,073,3302833,73232,2454,75686,999
2020-11-17,San Francisco,075,870044,14591,79,14670,168
2020-11-17,San Joaquin,077,732212,25054,399,25453,550
2020-11-17,San Luis Obispo,079,281455,5921,86,6007,36
2020-11-17,San Mateo,081,765935,13512,12,13524,176
2020-11-17,Santa Barbara,083,443738,11038,166,11204,135
2020-11-17,Santa Clara,085,1922200,32001,63,32064,410
2020-11-17,Santa Cruz,087,273765,4065,39,4104,30
2020-11-17,Shasta,089,179085,4556,108,4664,46
2020-11-17,Sierra,091,2930,15,0,15,0
2020-11-17,Siskiyou,093,43540,456,24,480,1
2020-11-17,Solano,095,438530,9684,45,9729,96
2020-11-17,Sonoma,097,501317,11564,40,11604,146
2020-11-17,Stanislaus,099,539301,20517,1150,21667,415
2020-11-17,Sutter,101,95872,2798,8,2806,13
2020-11-17,Tehama,103,63373,1487,10,1497,23
2020-11-17,Trinity,105,12862,213,21,234,0
2020-11-17,Tulare,107,460477,20328,970,21298,320
2020-11-17,Tuolumne,109,53932,840,8,848,9
2020-11-17,Ventura,111,848112,18402,522,18924,184
2020-11-17,Yolo,113,214977,4310,12,4322,80
2020-11-17,Yuba,115,75493,1712,7,1719,9
2020-11-16,Alameda,001,1643700,27764,267,28031,426
2020-11-16,Alpine,002,1148,37,0,37,0
2020-11-16,Amador,005,37829,455,1,456,16
2020-11-16,Butte,007,227075,3769,175,3944,63
2020-11-16,Calaveras,009,45235,413,0,413,22
2020-11-16,Colusa,011,21464,655,1,656,6
2020-11-16,Contra Costa,013,1133247,22521,122,22643,269
2020-11-16,Del Norte,015,27424,271,0,271,1
2020-11-16,El Dorado,017,186661,2061,26,2087,4
2020-11-16,Fresno,019,978130,38731,950,39681,510
2020-11-16,Glenn,021,27897,860,25,885,6
2020-11-16,Humboldt,023,135768,782,1,783,9
2020-11-16,Imperial,025,180216,14979,30,15009,362
2020-11-16,Inyo,027,18085,283,5,288,16
2020-11-16,Kern,029,883053,38047,807,38854,460
2020-11-16,Kings,031,150075,10192,101,10293,87
2020-11-16,Lake,033,64148,864,0,864,21
2020-11-16,Lassen,035,31185,1299,3,1302,3
2020-11-16,Los Angeles,037,10098052,356472,4390,360862,7487
2020-11-16,Madera,039,155013,5833,93,5926,108
2020-11-16,Marin,041,260295,1225,8,1233,89
2020-11-16,Mariposa,043,17540,100,0,100,0
2020-11-16,Mendocino,045,87422,1321,5,1326,22
2020-11-16,Merced,047,269075,10908,82,10990,178
2020-11-16,Modoc,049,8938,85,17,102,0
2020-11-16,Mono,051,14174,478,10,488,2
2020-11-16,Monterey,053,433212,13910,185,14095,112
2020-11-16,Napa,055,140530,2833,16,2849,16
2020-11-16,Nevada,057,99092,1055,24,1079,7
2020-11-16,Orange,059,3164182,71022,2103,73125,1606
2020-11-16,Placer,061,380077,6059,85,6144,67
2020-11-16,Plumas,063,18699,169,0,169,0
2020-11-16,Riverside,065,2383286,81354,1157,82511,1454
2020-11-16,Sacramento,067,1510023,33193,73,33266,595
2020-11-16,San Benito,069,59416,1694,3,1697,13
2020-11-16,San Bernardino,071,2135413,83066,929,83995,1376
2020-11-16,San Diego,073,3302833,71921,2382,74303,994
2020-11-16,San Francisco,075,870044,14433,77,14510,167
2020-11-16,San Joaquin,077,732212,24766,389,25155,549
2020-11-16,San Luis Obispo,079,281455,5818,82,5900,36
2020-11-16,San Mateo,081,765935,13352,12,13364,176
2020-11-16,Santa Barbara,083,443738,10973,162,11135,135
2020-11-16,Santa Clara,085,1922200,31439,62,31501,403
2020-11-16,Santa Cruz,087,273765,3992,39,4031,30
2020-11-16,Shasta,089,179085,4408,103,4511,46
2020-11-16,Sierra,091,2930,15,0,15,0
2020-11-16,Siskiyou,093,43540,429,24,453,1
2020-11-16,Solano,095,438530,9485,45,9530,94
2020-11-16,Sonoma,097,501317,11473,39,11512,143
2020-11-16,Stanislaus,099,539301,20281,1123,21404,413
2020-11-16,Sutter,101,95872,2692,8,2700,13
2020-11-16,Tehama,103,63373,1442,7,1449,23
2020-11-16,Trinity,105,12862,201,21,222,0
2020-11-16,Tulare,107,460477,20150,917,21067,319
2020-11-16,Tuolumne,109,53932,803,8,811,9
2020-11-16,Ventura,111,848112,18064,514,18578,183
2020-11-16,Yolo,113,214977,4215,12,4227,78
2020-11-16,Yuba,115,75493,1676,6,1682,9
2020-11-15,Alameda,001,1643700,27447,262,27709,424
2020-11-15,Alpine,002,1148,35,0,35,0
2020-11-15,Amador,005,37829,443,1,444,16
2020-11-15,Butte,007,227075,3715,166,3881,62
2020-11-15,Calaveras,009,45235,398,0,398,22
2020-11-15,Colusa,011,21464,646,1,647,6
2020-11-15,Contra Costa,013,1133247,22223,121,22344,267
2020-11-15,Del Norte,015,27424,257,0,257,1
2020-11-15,El Dorado,017,186661,1999,25,2024,4
2020-11-15,Fresno,019,978130,38219,912,39131,506
2020-11-15,Glenn,021,27897,848,24,872,6
2020-11-15,Humboldt,023,135768,754,1,755,9
2020-11-15,Imperial,025,180216,14744,30,14774,359
2020-11-15,Inyo,027,18085,273,5,278,16
2020-11-15,Kern,029,883053,37641,772,38413,458
2020-11-15,Kings,031,150075,9999,98,10097,87
2020-11-15,Lake,033,64148,854,0,854,21
2020-11-15,Lassen,035,31185,1252,3,1255,2
2020-11-15,Los Angeles,037,10098052,351423,4223,355646,7461
2020-11-15,Madera,039,155013,5735,87,5822,108
2020-11-15,Marin,041,260295,1223,8,1231,89
2020-11-15,Mariposa,043,17540,97,0,97,0
2020-11-15,Mendocino,045,87422,1302,5,1307,22
2020-11-15,Merced,047,269075,10766,82,10848,177
2020-11-15,Modoc,049,8938,84,17,101,0
2020-11-15,Mono,051,14174,476,10,486,2
2020-11-15,Monterey,053,433212,13714,172,13886,112
2020-11-15,Napa,055,140530,2774,14,2788,16
2020-11-15,Nevada,057,99092,999,24,1023,7
2020-11-15,Orange,059,3164182,69978,2087,72065,1601
2020-11-15,Placer,061,380077,5904,77,5981,66
2020-11-15,Plumas,063,18699,163,0,163,0
2020-11-15,Riverside,065,2383286,80032,1099,81131,1448
2020-11-15,Sacramento,067,1510023,32567,68,32635,589
2020-11-15,San Benito,069,59416,1669,2,1671,13
2020-11-15,San Bernardino,071,2135413,80917,854,81771,1366
2020-11-15,San Diego,073,3302833,70420,2325,72745,985
2020-11-15,San Francisco,075,870044,14257,76,14333,167
2020-11-15,San Joaquin,077,732212,24556,374,24930,547
2020-11-15,San Luis Obispo,079,281455,5697,80,5777,36
2020-11-15,San Mateo,081,765935,13175,12,13187,176
2020-11-15,Santa Barbara,083,443738,10878,160,11038,134
2020-11-15,Santa Clara,085,1922200,30981,61,31042,402
2020-11-15,Santa Cruz,087,273765,3851,38,3889,30
2020-11-15,Shasta,089,179085,4235,94,4329,46
2020-11-15,Sierra,091,2930,15,0,15,0
2020-11-15,Siskiyou,093,43540,410,24,434,1
2020-11-15,Solano,095,438530,9324,42,9366,94
2020-11-15,Sonoma,097,501317,11354,38,11392,143
2020-11-15,Stanislaus,099,539301,20007,1098,21105,408
2020-11-15,Sutter,101,95872,2602,8,2610,12
2020-11-15,Tehama,103,63373,1391,6,1397,21
2020-11-15,Trinity,105,12862,191,19,210,0
2020-11-15,Tulare,107,460477,19933,865,20798,318
2020-11-15,Tuolumne,109,53932,761,8,769,9
2020-11-15,Ventura,111,848112,17790,506,18296,183
2020-11-15,Yolo,113,214977,4112,12,4124,78
2020-11-15,Yuba,115,75493,1635,5,1640,9
2020-11-14,Alameda,001,1643700,27180,260,27440,423
2020-11-14,Alpine,002,1148,35,0,35,0
2020-11-14,Amador,005,37829,434,0,434,16
2020-11-14,Butte,007,227075,3679,153,3832,62
2020-11-14,Calaveras,009,45235,397,0,397,22
2020-11-14,Colusa,011,21464,634,1,635,6
2020-11-14,Contra Costa,013,1133247,22081,114,22195,267
2020-11-14,Del Norte,015,27424,250,0,250,1
2020-11-14,El Dorado,017,186661,1955,25,1980,4
2020-11-14,Fresno,019,978130,37969,876,38845,505
2020-11-14,Glenn,021,27897,839,21,860,6
2020-11-14,Humboldt,023,135768,739,1,740,9
2020-11-14,Imperial,025,180216,14651,29,14680,359
2020-11-14,Inyo,027,18085,272,5,277,16
2020-11-14,Kern,029,883053,37431,753,38184,458
2020-11-14,Kings,031,150075,9964,95,10059,87
2020-11-14,Lake,033,64148,845,0,845,20
2020-11-14,Lassen,035,31185,1238,3,1241,2
2020-11-14,Los Angeles,037,10098052,348713,4117,352830,7438
2020-11-14,Madera,039,155013,5704,85,5789,107
2020-11-14,Marin,041,260295,1223,8,1231,89
2020-11-14,Mariposa,043,17540,96,0,96,0
2020-11-14,Mendocino,045,87422,1286,5,1291,22
2020-11-14,Merced,047,269075,10708,80,10788,177
2020-11-14,Modoc,049,8938,83,16,99,0
2020-11-14,Mono,051,14174,476,10,486,2
2020-11-14,Monterey,053,433212,13618,162,13780,110
2020-11-14,Napa,055,140530,2740,14,2754,16
2020-11-14,Nevada,057,99092,983,24,1007,7
2020-11-14,Orange,059,3164182,69355,2076,71431,1589
2020-11-14,Placer,061,380077,5828,71,5899,64
2020-11-14,Plumas,063,18699,158,0,158,0
2020-11-14,Riverside,065,2383286,79292,1060,80352,1441
2020-11-14,Sacramento,067,1510023,32241,68,32309,584
2020-11-14,San Benito,069,59416,1654,2,1656,13
2020-11-14,San Bernardino,071,2135413,79982,823,80805,1360
2020-11-14,San Diego,073,3302833,69655,2273,71928,980
2020-11-14,San Francisco,075,870044,14170,75,14245,166
2020-11-14,San Joaquin,077,732212,24463,367,24830,545
2020-11-14,San Luis Obispo,079,281455,5634,75,5709,36
2020-11-14,San Mateo,081,765935,13067,12,13079,176
2020-11-14,Santa Barbara,083,443738,10824,158,10982,134
2020-11-14,Santa Clara,085,1922200,30696,59,30755,398
2020-11-14,Santa Cruz,087,273765,3796,38,3834,30
2020-11-14,Shasta,089,179085,4154,92,4246,44
2020-11-14,Sierra,091,2930,15,0,15,0
2020-11-14,Siskiyou,093,43540,397,24,421,1
2020-11-14,Solano,095,438530,9245,42,9287,94
2020-11-14,Sonoma,097,501317,11301,38,11339,143
2020-11-14,Stanislaus,099,539301,19864,1076,20940,406
2020-11-14,Sutter,101,95872,2557,8,2565,12
2020-11-14,Tehama,103,63373,1369,5,1374,21
2020-11-14,Trinity,105,12862,186,19,205,0
2020-11-14,Tulare,107,460477,19840,837,20677,317
2020-11-14,Tuolumne,109,53932,733,8,741,9
2020-11-14,Ventura,111,848112,17644,495,18139,182
2020-11-14,Yolo,113,214977,4068,10,4078,77
2020-11-14,Yuba,115,75493,1606,5,1611,9
2020-11-13,Alameda,001,1643700,26964,255,27219,421
2020-11-13,Alpine,002,1148,35,0,35,0
2020-11-13,Amador,005,37829,431,0,431,16
2020-11-13,Butte,007,227075,3655,144,3799,62
2020-11-13,Calaveras,009,45235,393,0,393,22
2020-11-13,Colusa,011,21464,626,1,627,6
2020-11-13,Contra Costa,013,1133247,21907,114,22021,267
2020-11-13,Del Norte,015,27424,247,0,247,1
2020-11-13,El Dorado,017,186661,1910,24,1934,4
2020-11-13,Fresno,019,978130,37723,862,38585,504
2020-11-13,Glenn,021,27897,825,17,842,6
2020-11-13,Humboldt,023,135768,724,1,725,9
2020-11-13,Imperial,025,180216,14580,28,14608,357
2020-11-13,Inyo,027,18085,271,5,276,16
2020-11-13,Kern,029,883053,37229,736,37965,457
2020-11-13,Kings,031,150075,9905,94,9999,87
2020-11-13,Lake,033,64148,839,0,839,20
2020-11-13,Lassen,035,31185,1229,3,1232,2
2020-11-13,Los Angeles,037,10098052,345583,4015,349598,7421
2020-11-13,Madera,039,155013,5664,84,5748,106
2020-11-13,Marin,041,260295,1222,8,1230,89
2020-11-13,Mariposa,043,17540,94,0,94,0
2020-11-13,Mendocino,045,87422,1274,5,1279,22
2020-11-13,Merced,047,269075,10650,78,10728,175
2020-11-13,Modoc,049,8938,83,14,97,0
2020-11-13,Mono,051,14174,476,9,485,2
2020-11-13,Monterey,053,433212,13423,150,13573,109
2020-11-13,Napa,055,140530,2701,14,2715,16
2020-11-13,Nevada,057,99092,964,24,988,7
2020-11-13,Orange,059,3164182,68755,2056,70811,1583
2020-11-13,Placer,061,380077,5723,65,5788,64
2020-11-13,Plumas,063,18699,152,0,152,0
2020-11-13,Riverside,065,2383286,78554,1031,79585,1427
2020-11-13,Sacramento,067,1510023,31922,64,31986,582
2020-11-13,San Benito,069,59416,1642,1,1643,13
2020-11-13,San Bernardino,071,2135413,78934,802,79736,1353
2020-11-13,San Diego,073,3302833,68808,2235,71043,974
2020-11-13,San Francisco,075,870044,14077,73,14150,165
2020-11-13,San Joaquin,077,732212,24368,361,24729,545
2020-11-13,San Luis Obispo,079,281455,5567,72,5639,36
2020-11-13,San Mateo,081,765935,12974,12,12986,175
2020-11-13,Santa Barbara,083,443738,10772,156,10928,134
2020-11-13,Santa Clara,085,1922200,30368,57,30425,397
2020-11-13,Santa Cruz,087,273765,3722,38,3760,29
2020-11-13,Shasta,089,179085,4070,88,4158,44
2020-11-13,Sierra,091,2930,15,0,15,0
2020-11-13,Siskiyou,093,43540,392,23,415,1
2020-11-13,Solano,095,438530,9155,42,9197,94
2020-11-13,Sonoma,097,501317,11240,36,11276,141
2020-11-13,Stanislaus,099,539301,19738,1049,20787,404
2020-11-13,Sutter,101,95872,2511,7,2518,12
2020-11-13,Tehama,103,63373,1342,5,1347,20
2020-11-13,Trinity,105,12862,184,19,203,0
2020-11-13,Tulare,107,460477,19714,797,20511,316
2020-11-13,Tuolumne,109,53932,700,8,708,9
2020-11-13,Ventura,111,848112,17498,481,17979,181
2020-11-13,Yolo,113,214977,4017,10,4027,77
2020-11-13,Yuba,115,75493,1579,5,1584,9
2020-11-12,Alameda,001,1643700,26697,255,26952,418
2020-11-12,Alpine,002,1148,34,0,34,0
2020-11-12,Amador,005,37829,430,0,430,16
2020-11-12,Butte,007,227075,3606,141,3747,62
2020-11-12,Calaveras,009,45235,388,0,388,22
2020-11-12,Colusa,011,21464,621,1,622,6
2020-11-12,Contra Costa,013,1133247,21698,113,21811,267
2020-11-12,Del Norte,015,27424,239,0,239,1
2020-11-12,El Dorado,017,186661,1864,20,1884,4
2020-11-12,Fresno,019,978130,37374,821,38195,501
2020-11-12,Glenn,021,27897,806,17,823,6
2020-11-12,Humboldt,023,135768,711,1,712,9
2020-11-12,Imperial,025,180216,14415,28,14443,357
2020-11-12,Inyo,027,18085,270,5,275,16
2020-11-12,Kern,029,883053,36965,722,37687,457
2020-11-12,Kings,031,150075,9838,93,9931,87
2020-11-12,Lake,033,64148,830,0,830,19
2020-11-12,Lassen,035,31185,1160,2,1162,1
2020-11-12,Los Angeles,037,10098052,341837,3918,345755,7399
2020-11-12,Madera,039,155013,5629,80,5709,106
2020-11-12,Marin,041,260295,1222,8,1230,89
2020-11-12,Mariposa,043,17540,92,0,92,0
2020-11-12,Mendocino,045,87422,1255,5,1260,22
2020-11-12,Merced,047,269075,10538,74,10612,172
2020-11-12,Modoc,049,8938,83,14,97,0
2020-11-12,Mono,051,14174,475,9,484,2
2020-11-12,Monterey,053,433212,13302,136,13438,107
2020-11-12,Napa,055,140530,2639,14,2653,16
2020-11-12,Nevada,057,99092,942,23,965,7
2020-11-12,Orange,059,3164182,68011,2037,70048,1581
2020-11-12,Placer,061,380077,5614,56,5670,63
2020-11-12,Plumas,063,18699,148,0,148,0
2020-11-12,Riverside,065,2383286,77623,988,78611,1419
2020-11-12,Sacramento,067,1510023,31431,56,31487,578
2020-11-12,San Benito,069,59416,1622,1,1623,13
2020-11-12,San Bernardino,071,2135413,77568,763,78331,1343
2020-11-12,San Diego,073,3302833,67828,2184,70012,966
2020-11-12,San Francisco,075,870044,13978,72,14050,165
2020-11-12,San Joaquin,077,732212,24174,340,24514,543
2020-11-12,San Luis Obispo,079,281455,5503,71,5574,36
2020-11-12,San Mateo,081,765935,12849,11,12860,175
2020-11-12,Santa Barbara,083,443738,10710,151,10861,134
2020-11-12,Santa Clara,085,1922200,29991,56,30047,396
2020-11-12,Santa Cruz,087,273765,3639,36,3675,29
2020-11-12,Shasta,089,179085,3933,77,4010,43
2020-11-12,Sierra,091,2930,15,0,15,0
2020-11-12,Siskiyou,093,43540,375,19,394,1
2020-11-12,Solano,095,438530,9055,41,9096,93
2020-11-12,Sonoma,097,501317,11138,35,11173,141
2020-11-12,Stanislaus,099,539301,19568,1020,20588,402
2020-11-12,Sutter,101,95872,2428,6,2434,12
2020-11-12,Tehama,103,63373,1314,5,1319,20
2020-11-12,Trinity,105,12862,176,18,194,0
2020-11-12,Tulare,107,460477,19601,759,20360,312
2020-11-12,Tuolumne,109,53932,661,8,669,9
2020-11-12,Ventura,111,848112,17248,475,17723,180
2020-11-12,Yolo,113,214977,3974,10,3984,76
2020-11-12,Yuba,115,75493,1544,5,1549,9
2020-11-11,Alameda,001,1643700,26453,253,26706,414
2020-11-11,Alpine,002,1148,29,0,29,0
2020-11-11,Amador,005,37829,423,0,423,16
2020-11-11,Butte,007,227075,3580,126,3706,62
2020-11-11,Calaveras,009,45235,378,0,378,22
2020-11-11,Colusa,011,21464,615,1,616,6
2020-11-11,Contra Costa,013,1133247,21481,111,21592,267
2020-11-11,Del Norte,015,27424,231,0,231,1
2020-11-11,El Dorado,017,186661,1818,19,1837,4
2020-11-11,Fresno,019,978130,37056,786,37842,499
2020-11-11,Glenn,021,27897,790,16,806,6
2020-11-11,Humboldt,023,135768,697,1,698,9
2020-11-11,Imperial,025,180216,14247,26,14273,357
2020-11-11,Inyo,027,18085,268,5,273,16
2020-11-11,Kern,029,883053,36690,705,37395,456
2020-11-11,Kings,031,150075,9732,90,9822,87
2020-11-11,Lake,033,64148,819,0,819,19
2020-11-11,Lassen,035,31185,1135,2,1137,1
2020-11-11,Los Angeles,037,10098052,338466,3836,342302,7379
2020-11-11,Madera,039,155013,5595,79,5674,105
2020-11-11,Marin,041,260295,1222,8,1230,89
2020-11-11,Mariposa,043,17540,92,0,92,0
2020-11-11,Mendocino,045,87422,1243,5,1248,22
2020-11-11,Merced,047,269075,10466,72,10538,168
2020-11-11,Modoc,049,8938,79,13,92,0
2020-11-11,Mono,051,14174,473,9,482,2
2020-11-11,Monterey,053,433212,13159,132,13291,105
2020-11-11,Napa,055,140530,2590,12,2602,16
2020-11-11,Nevada,057,99092,900,23,923,7
2020-11-11,Orange,059,3164182,67372,2013,69385,1576
2020-11-11,Placer,061,380077,5530,48,5578,63
2020-11-11,Plumas,063,18699,146,0,146,0
2020-11-11,Riverside,065,2383286,76721,942,77663,1415
2020-11-11,Sacramento,067,1510023,30974,54,31028,573
2020-11-11,San Benito,069,59416,1608,1,1609,13
2020-11-11,San Bernardino,071,2135413,76282,737,77019,1334
2020-11-11,San Diego,073,3302833,66893,2123,69016,961
2020-11-11,San Francisco,075,870044,13871,71,13942,164
2020-11-11,San Joaquin,077,732212,24014,335,24349,542
2020-11-11,San Luis Obispo,079,281455,5428,68,5496,36
2020-11-11,San Mateo,081,765935,12735,11,12746,175
2020-11-11,Santa Barbara,083,443738,10644,151,10795,134
2020-11-11,Santa Clara,085,1922200,29640,55,29695,395
2020-11-11,Santa Cruz,087,273765,3571,36,3607,29
2020-11-11,Shasta,089,179085,3810,67,3877,42
2020-11-11,Sierra,091,2930,13,0,13,0
2020-11-11,Siskiyou,093,43540,344,16,360,1
2020-11-11,Solano,095,438530,8936,39,8975,93
2020-11-11,Sonoma,097,501317,11064,35,11099,141
2020-11-11,Stanislaus,099,539301,19431,990,20421,399
2020-11-11,Sutter,101,95872,2380,5,2385,12
2020-11-11,Tehama,103,63373,1270,4,1274,20
2020-11-11,Trinity,105,12862,165,18,183,0
2020-11-11,Tulare,107,460477,19471,729,20200,310
2020-11-11,Tuolumne,109,53932,608,7,615,9
2020-11-11,Ventura,111,848112,17033,462,17495,177
2020-11-11,Yolo,113,214977,3923,10,3933,76
2020-11-11,Yuba,115,75493,1529,5,1534,9
2020-11-10,Alameda,001,1643700,26223,250,26473,414
2020-11-10,Alpine,002,1148,29,0,29,0
2020-11-10,Amador,005,37829,417,0,417,16
2020-11-10,Butte,007,227075,3544,122,3666,61
2020-11-10,Calaveras,009,45235,374,0,374,22
2020-11-10,Colusa,011,21464,607,1,608,6
2020-11-10,Contra Costa,013,1133247,21275,109,21384,267
2020-11-10,Del Norte,015,27424,225,0,225,1
2020-11-10,El Dorado,017,186661,1758,19,1777,4
2020-11-10,Fresno,019,978130,36785,750,37535,497
2020-11-10,Glenn,021,27897,782,12,794,5
2020-11-10,Humboldt,023,135768,680,1,681,9
2020-11-10,Imperial,025,180216,14117,26,14143,357
2020-11-10,Inyo,027,18085,267,5,272,16
2020-11-10,Kern,029,883053,36414,686,37100,455
2020-11-10,Kings,031,150075,9685,83,9768,87
2020-11-10,Lake,033,64148,809,0,809,18
2020-11-10,Lassen,035,31185,1120,2,1122,1
2020-11-10,Los Angeles,037,10098052,335213,3721,338934,7366
2020-11-10,Madera,039,155013,5553,73,5626,105
2020-11-10,Marin,041,260295,1222,8,1230,89
2020-11-10,Mariposa,043,17540,90,0,90,0
2020-11-10,Mendocino,045,87422,1235,5,1240,22
2020-11-10,Merced,047,269075,10403,66,10469,168
2020-11-10,Modoc,049,8938,77,13,90,0
2020-11-10,Mono,051,14174,471,9,480,2
2020-11-10,Monterey,053,433212,13024,124,13148,102
2020-11-10,Napa,055,140530,2552,10,2562,16
2020-11-10,Nevada,057,99092,884,23,907,7
2020-11-10,Orange,059,3164182,66818,2003,68821,1571
2020-11-10,Placer,061,380077,5450,47,5497,62
2020-11-10,Plumas,063,18699,142,0,142,0
2020-11-10,Riverside,065,2383286,76079,917,76996,1413
2020-11-10,Sacramento,067,1510023,30568,51,30619,567
2020-11-10,San Benito,069,59416,1593,1,1594,13
2020-11-10,San Bernardino,071,2135413,75113,704,75817,1329
2020-11-10,San Diego,073,3302833,66002,2086,68088,954
2020-11-10,San Francisco,075,870044,13755,71,13826,164
2020-11-10,San Joaquin,077,732212,23849,328,24177,541
2020-11-10,San Luis Obispo,079,281455,5365,65,5430,35
2020-11-10,San Mateo,081,765935,12635,11,12646,175
2020-11-10,Santa Barbara,083,443738,10577,147,10724,134
2020-11-10,Santa Clara,085,1922200,29292,54,29346,393
2020-11-10,Santa Cruz,087,273765,3509,36,3545,29
2020-11-10,Shasta,089,179085,3667,59,3726,41
2020-11-10,Sierra,091,2930,12,0,12,0
2020-11-10,Siskiyou,093,43540,327,15,342,1
2020-11-10,Solano,095,438530,8839,39,8878,93
2020-11-10,Sonoma,097,501317,10977,35,11012,141
2020-11-10,Stanislaus,099,539301,19298,966,20264,396
2020-11-10,Sutter,101,95872,2285,4,2289,12
2020-11-10,Tehama,103,63373,1245,3,1248,20
2020-11-10,Trinity,105,12862,156,16,172,0
2020-11-10,Tulare,107,460477,19356,705,20061,309
2020-11-10,Tuolumne,109,53932,558,7,565,9
2020-11-10,Ventura,111,848112,16850,460,17310,177
2020-11-10,Yolo,113,214977,3862,10,3872,75
2020-11-10,Yuba,115,75493,1506,5,1511,9
2020-11-09,Alameda,001,1643700,25977,246,26223,414
2020-11-09,Alpine,002,1148,27,0,27,0
2020-11-09,Amador,005,37829,408,0,408,16
2020-11-09,Butte,007,227075,3500,114,3614,61
2020-11-09,Calaveras,009,45235,370,0,370,22
2020-11-09,Colusa,011,21464,601,1,602,6
2020-11-09,Contra Costa,013,1133247,21100,107,21207,266
2020-11-09,Del Norte,015,27424,219,0,219,1
2020-11-09,El Dorado,017,186661,1717,19,1736,4
2020-11-09,Fresno,019,978130,36475,710,37185,494
2020-11-09,Glenn,021,27897,776,9,785,4
2020-11-09,Humboldt,023,135768,667,1,668,9
2020-11-09,Imperial,025,180216,13996,25,14021,356
2020-11-09,Inyo,027,18085,267,5,272,16
2020-11-09,Kern,029,883053,36184,650,36834,455
2020-11-09,Kings,031,150075,9615,81,9696,87
2020-11-09,Lake,033,64148,800,0,800,18
2020-11-09,Lassen,035,31185,1024,2,1026,1
2020-11-09,Los Angeles,037,10098052,332117,3645,335762,7349
2020-11-09,Madera,039,155013,5507,70,5577,105
2020-11-09,Marin,041,260295,1222,8,1230,89
2020-11-09,Mariposa,043,17540,90,0,90,0
2020-11-09,Mendocino,045,87422,1223,5,1228,21
2020-11-09,Merced,047,269075,10309,63,10372,168
2020-11-09,Modoc,049,8938,73,12,85,0
2020-11-09,Mono,051,14174,468,9,477,2
2020-11-09,Monterey,053,433212,12877,116,12993,102
2020-11-09,Napa,055,140530,2509,10,2519,15
2020-11-09,Nevada,057,99092,847,22,869,7
2020-11-09,Orange,059,3164182,66175,1990,68165,1565
2020-11-09,Placer,061,380077,5365,36,5401,62
2020-11-09,Plumas,063,18699,135,0,135,0
2020-11-09,Riverside,065,2383286,75297,883,76180,1407
2020-11-09,Sacramento,067,1510023,30096,50,30146,561
2020-11-09,San Benito,069,59416,1584,1,1585,13
2020-11-09,San Bernardino,071,2135413,74059,661,74720,1322
2020-11-09,San Diego,073,3302833,65147,2046,67193,950
2020-11-09,San Francisco,075,870044,13635,68,13703,164
2020-11-09,San Joaquin,077,732212,23684,323,24007,541
2020-11-09,San Luis Obispo,079,281455,5278,63,5341,35
2020-11-09,San Mateo,081,765935,12528,11,12539,175
2020-11-09,Santa Barbara,083,443738,10520,142,10662,134
2020-11-09,Santa Clara,085,1922200,28896,54,28950,392
2020-11-09,Santa Cruz,087,273765,3451,36,3487,28
2020-11-09,Shasta,089,179085,3513,50,3563,41
2020-11-09,Sierra,091,2930,10,0,10,0
2020-11-09,Siskiyou,093,43540,316,13,329,1
2020-11-09,Solano,095,438530,8726,38,8764,93
2020-11-09,Sonoma,097,501317,10869,35,10904,140
2020-11-09,Stanislaus,099,539301,19149,951,20100,395
2020-11-09,Sutter,101,95872,2218,3,2221,12
2020-11-09,Tehama,103,63373,1208,2,1210,20
2020-11-09,Trinity,105,12862,149,16,165,0
2020-11-09,Tulare,107,460477,19234,674,19908,308
2020-11-09,Tuolumne,109,53932,504,6,510,9
2020-11-09,Ventura,111,848112,16648,457,17105,177
2020-11-09,Yolo,113,214977,3801,10,3811,75
2020-11-09,Yuba,115,75493,1473,5,1478,9
2020-11-08,Alameda,001,1643700,25747,246,25993,414
2020-11-08,Alpine,002,1148,24,0,24,0
2020-11-08,Amador,005,37829,401,0,401,16
2020-11-08,Butte,007,227075,3462,106,3568,61
2020-11-08,Calaveras,009,45235,368,0,368,22
2020-11-08,Colusa,011,21464,598,1,599,6
2020-11-08,Contra Costa,013,1133247,20929,105,21034,265
2020-11-08,Del Norte,015,27424,212,0,212,1
2020-11-08,El Dorado,017,186661,1680,19,1699,4
2020-11-08,Fresno,019,978130,36136,672,36808,494
2020-11-08,Glenn,021,27897,770,8,778,4
2020-11-08,Humboldt,023,135768,651,1,652,9
2020-11-08,Imperial,025,180216,13880,25,13905,356
2020-11-08,Inyo,027,18085,264,5,269,16
2020-11-08,Kern,029,883053,35965,632,36597,453
2020-11-08,Kings,031,150075,9482,78,9560,87
2020-11-08,Lake,033,64148,792,0,792,18
2020-11-08,Lassen,035,31185,876,2,878,1
2020-11-08,Los Angeles,037,10098052,328989,3580,332569,7332
2020-11-08,Madera,039,155013,5437,67,5504,105
2020-11-08,Marin,041,260295,1221,8,1229,89
2020-11-08,Mariposa,043,17540,90,0,90,0
2020-11-08,Mendocino,045,87422,1214,5,1219,21
2020-11-08,Merced,047,269075,10246,61,10307,168
2020-11-08,Modoc,049,8938,69,12,81,0
2020-11-08,Mono,051,14174,462,9,471,2
2020-11-08,Monterey,053,433212,12732,106,12838,101
2020-11-08,Napa,055,140530,2470,10,2480,15
2020-11-08,Nevada,057,99092,831,22,853,7
2020-11-08,Orange,059,3164182,65587,1976,67563,1560
2020-11-08,Placer,061,380077,5262,31,5293,62
2020-11-08,Plumas,063,18699,130,0,130,0
2020-11-08,Riverside,065,2383286,74642,842,75484,1401
2020-11-08,Sacramento,067,1510023,29537,47,29584,558
2020-11-08,San Benito,069,59416,1569,1,1570,13
2020-11-08,San Bernardino,071,2135413,72807,622,73429,1319
2020-11-08,San Diego,073,3302833,64302,2002,66304,950
2020-11-08,San Francisco,075,870044,13505,64,13569,162
2020-11-08,San Joaquin,077,732212,23490,319,23809,540
2020-11-08,San Luis Obispo,079,281455,5212,58,5270,35
2020-11-08,San Mateo,081,765935,12410,11,12421,175
2020-11-08,Santa Barbara,083,443738,10450,140,10590,134
2020-11-08,Santa Clara,085,1922200,28522,53,28575,391
2020-11-08,Santa Cruz,087,273765,3394,36,3430,28
2020-11-08,Shasta,089,179085,3377,44,3421,41
2020-11-08,Sierra,091,2930,10,0,10,0
2020-11-08,Siskiyou,093,43540,304,12,316,1
2020-11-08,Solano,095,438530,8605,37,8642,93
2020-11-08,Sonoma,097,501317,10762,35,10797,140
2020-11-08,Stanislaus,099,539301,18975,930,19905,395
2020-11-08,Sutter,101,95872,2160,3,2163,12
2020-11-08,Tehama,103,63373,1182,2,1184,20
2020-11-08,Trinity,105,12862,146,15,161,0
2020-11-08,Tulare,107,460477,19092,645,19737,307
2020-11-08,Tuolumne,109,53932,478,6,484,9
2020-11-08,Ventura,111,848112,16453,449,16902,176
2020-11-08,Yolo,113,214977,3739,10,3749,75
2020-11-08,Yuba,115,75493,1452,5,1457,9
2020-11-07,Alameda,001,1643700,25637,244,25881,412
2020-11-07,Alpine,002,1148,24,0,24,0
2020-11-07,Amador,005,37829,398,0,398,16
2020-11-07,Butte,007,227075,3450,100,3550,61
2020-11-07,Calaveras,009,45235,366,0,366,22
2020-11-07,Colusa,011,21464,598,1,599,6
2020-11-07,Contra Costa,013,1133247,20828,104,20932,262
2020-11-07,Del Norte,015,27424,207,0,207,1
2020-11-07,El Dorado,017,186661,1655,18,1673,4
2020-11-07,Fresno,019,978130,35981,650,36631,492
2020-11-07,Glenn,021,27897,762,8,770,4
2020-11-07,Humboldt,023,135768,640,1,641,9
2020-11-07,Imperial,025,180216,13822,24,13846,356
2020-11-07,Inyo,027,18085,262,5,267,16
2020-11-07,Kern,029,883053,35809,622,36431,452
2020-11-07,Kings,031,150075,9449,72,9521,87
2020-11-07,Lake,033,64148,788,0,788,17
2020-11-07,Lassen,035,31185,860,2,862,1
2020-11-07,Los Angeles,037,10098052,327476,3514,330990,7317
2020-11-07,Madera,039,155013,5414,65,5479,105
2020-11-07,Marin,041,260295,1221,8,1229,89
2020-11-07,Mariposa,043,17540,90,0,90,0
2020-11-07,Mendocino,045,87422,1203,5,1208,21
2020-11-07,Merced,047,269075,10214,57,10271,167
2020-11-07,Modoc,049,8938,69,12,81,0
2020-11-07,Mono,051,14174,459,9,468,2
2020-11-07,Monterey,053,433212,12662,102,12764,101
2020-11-07,Napa,055,140530,2440,9,2449,15
2020-11-07,Nevada,057,99092,814,22,836,7
2020-11-07,Orange,059,3164182,65298,1970,67268,1557
2020-11-07,Placer,061,380077,5199,31,5230,62
2020-11-07,Plumas,063,18699,127,0,127,0
2020-11-07,Riverside,065,2383286,74247,815,75062,1397
2020-11-07,Sacramento,067,1510023,29287,47,29334,554
2020-11-07,San Benito,069,59416,1557,1,1558,13
2020-11-07,San Bernardino,071,2135413,72291,611,72902,1311
2020-11-07,San Diego,073,3302833,63790,1970,65760,946
2020-11-07,San Francisco,075,870044,13444,63,13507,162
2020-11-07,San Joaquin,077,732212,23382,313,23695,539
2020-11-07,San Luis Obispo,079,281455,5163,55,5218,35
2020-11-07,San Mateo,081,765935,12347,11,12358,175
2020-11-07,Santa Barbara,083,443738,10408,138,10546,134
2020-11-07,Santa Clara,085,1922200,28318,52,28370,388
2020-11-07,Santa Cruz,087,273765,3356,36,3392,28
2020-11-07,Shasta,089,179085,3310,42,3352,41
2020-11-07,Sierra,091,2930,10,0,10,0
2020-11-07,Siskiyou,093,43540,300,12,312,1
2020-11-07,Solano,095,438530,8553,37,8590,93
2020-11-07,Sonoma,097,501317,10716,35,10751,138
2020-11-07,Stanislaus,099,539301,18864,914,19778,395
2020-11-07,Sutter,101,95872,2120,3,2123,12
2020-11-07,Tehama,103,63373,1157,2,1159,19
2020-11-07,Trinity,105,12862,146,14,160,0
2020-11-07,Tulare,107,460477,19036,627,19663,307
2020-11-07,Tuolumne,109,53932,466,6,472,9
2020-11-07,Ventura,111,848112,16393,444,16837,176
2020-11-07,Yolo,113,214977,3708,10,3718,74
2020-11-07,Yuba,115,75493,1437,5,1442,9
2020-11-06,Alameda,001,1643700,25505,242,25747,412
2020-11-06,Alpine,002,1148,24,0,24,0
2020-11-06,Amador,005,37829,396,0,396,16
2020-11-06,Butte,007,227075,3425,92,3517,60
2020-11-06,Calaveras,009,45235,365,0,365,22
2020-11-06,Colusa,011,21464,596,1,597,6
2020-11-06,Contra Costa,013,1133247,20681,104,20785,261
2020-11-06,Del Norte,015,27424,204,0,204,1
2020-11-06,El Dorado,017,186661,1629,18,1647,4
2020-11-06,Fresno,019,978130,35793,634,36427,492
2020-11-06,Glenn,021,27897,756,7,763,4
2020-11-06,Humboldt,023,135768,637,1,638,9
2020-11-06,Imperial,025,180216,13768,24,13792,356
2020-11-06,Inyo,027,18085,260,5,265,16
2020-11-06,Kern,029,883053,35645,605,36250,451
2020-11-06,Kings,031,150075,9425,70,9495,87
2020-11-06,Lake,033,64148,787,0,787,17
2020-11-06,Lassen,035,31185,852,2,854,1
2020-11-06,Los Angeles,037,10098052,325506,3462,328968,7304
2020-11-06,Madera,039,155013,5398,64,5462,105
2020-11-06,Marin,041,260295,1220,8,1228,89
2020-11-06,Mariposa,043,17540,89,0,89,0
2020-11-06,Mendocino,045,87422,1198,5,1203,21
2020-11-06,Merced,047,269075,10174,54,10228,167
2020-11-06,Modoc,049,8938,69,12,81,0
2020-11-06,Mono,051,14174,453,9,462,2
2020-11-06,Monterey,053,433212,12545,101,12646,101
2020-11-06,Napa,055,140530,2415,9,2424,15
2020-11-06,Nevada,057,99092,801,21,822,7
2020-11-06,Orange,059,3164182,64995,1960,66955,1557
2020-11-06,Placer,061,380077,5126,31,5157,62
2020-11-06,Plumas,063,18699,122,0,122,0
2020-11-06,Riverside,065,2383286,73797,774,74571,1392
2020-11-06,Sacramento,067,1510023,28996,45,29041,548
2020-11-06,San Benito,069,59416,1548,1,1549,13
2020-11-06,San Bernardino,071,2135413,71694,591,72285,1306
2020-11-06,San Diego,073,3302833,63266,1938,65204,942
2020-11-06,San Francisco,075,870044,13374,62,13436,162
2020-11-06,San Joaquin,077,732212,23297,303,23600,539
2020-11-06,San Luis Obispo,079,281455,5098,49,5147,34
2020-11-06,San Mateo,081,765935,12272,11,12283,174
2020-11-06,Santa Barbara,083,443738,10372,134,10506,132
2020-11-06,Santa Clara,085,1922200,28076,52,28128,387
2020-11-06,Santa Cruz,087,273765,3318,36,3354,28
2020-11-06,Shasta,089,179085,3237,41,3278,41
2020-11-06,Sierra,091,2930,9,0,9,0
2020-11-06,Siskiyou,093,43540,287,11,298,1
2020-11-06,Solano,095,438530,8487,37,8524,92
2020-11-06,Sonoma,097,501317,10666,35,10701,138
2020-11-06,Stanislaus,099,539301,18777,906,19683,393
2020-11-06,Sutter,101,95872,2093,2,2095,12
2020-11-06,Tehama,103,63373,1136,2,1138,19
2020-11-06,Trinity,105,12862,143,14,157,0
2020-11-06,Tulare,107,460477,18972,602,19574,306
2020-11-06,Tuolumne,109,53932,442,6,448,9
2020-11-06,Ventura,111,848112,16307,441,16748,176
2020-11-06,Yolo,113,214977,3679,10,3689,73
2020-11-06,Yuba,115,75493,1424,5,1429,9
2020-11-05,Alameda,001,1643700,25329,242,25571,411
2020-11-05,Alpine,002,1148,24,0,24,0
2020-11-05,Amador,005,37829,393,0,393,16
2020-11-05,Butte,007,227075,3402,86,3488,59
2020-11-05,Calaveras,009,45235,357,0,357,22
2020-11-05,Colusa,011,21464,592,1,593,6
2020-11-05,Contra Costa,013,1133247,20499,101,20600,261
2020-11-05,Del Norte,015,27424,202,0,202,1
2020-11-05,El Dorado,017,186661,1605,18,1623,4
2020-11-05,Fresno,019,978130,35552,610,36162,492
2020-11-05,Glenn,021,27897,736,7,743,3
2020-11-05,Humboldt,023,135768,627,1,628,9
2020-11-05,Imperial,025,180216,13676,23,13699,355
2020-11-05,Inyo,027,18085,259,5,264,16
2020-11-05,Kern,029,883053,35444,592,36036,448
2020-11-05,Kings,031,150075,9270,67,9337,87
2020-11-05,Lake,033,64148,783,0,783,17
2020-11-05,Lassen,035,31185,821,2,823,1
2020-11-05,Los Angeles,037,10098052,323151,3409,326560,7286
2020-11-05,Madera,039,155013,5360,61,5421,105
2020-11-05,Marin,041,260295,1219,8,1227,89
2020-11-05,Mariposa,043,17540,88,0,88,0
2020-11-05,Mendocino,045,87422,1186,5,1191,21
2020-11-05,Merced,047,269075,10122,49,10171,166
2020-11-05,Modoc,049,8938,68,11,79,0
2020-11-05,Mono,051,14174,451,9,460,2
2020-11-05,Monterey,053,433212,12435,97,12532,99
2020-11-05,Napa,055,140530,2388,9,2397,15
2020-11-05,Nevada,057,99092,779,20,799,7
2020-11-05,Orange,059,3164182,64548,1949,66497,1554
2020-11-05,Placer,061,380077,5057,26,5083,61
2020-11-05,Plumas,063,18699,114,0,114,0
2020-11-05,Riverside,065,2383286,73086,718,73804,1389
2020-11-05,Sacramento,067,1510023,28616,44,28660,547
2020-11-05,San Benito,069,59416,1533,1,1534,13
2020-11-05,San Bernardino,071,2135413,70867,579,71446,1298
2020-11-05,San Diego,073,3302833,62640,1912,64552,941
2020-11-05,San Francisco,075,870044,13262,61,13323,162
2020-11-05,San Joaquin,077,732212,23133,299,23432,537
2020-11-05,San Luis Obispo,079,281455,5030,47,5077,34
2020-11-05,San Mateo,081,765935,12178,11,12189,174
2020-11-05,Santa Barbara,083,443738,10328,131,10459,132
2020-11-05,Santa Clara,085,1922200,27811,52,27863,385
2020-11-05,Santa Cruz,087,273765,3280,36,3316,28
2020-11-05,Shasta,089,179085,3147,40,3187,41
2020-11-05,Sierra,091,2930,9,0,9,0
2020-11-05,Siskiyou,093,43540,276,11,287,1
2020-11-05,Solano,095,438530,8404,37,8441,92
2020-11-05,Sonoma,097,501317,10554,34,10588,138
2020-11-05,Stanislaus,099,539301,18663,893,19556,392
2020-11-05,Sutter,101,95872,2061,2,2063,12
2020-11-05,Tehama,103,63373,1115,2,1117,19
2020-11-05,Trinity,105,12862,127,14,141,0
2020-11-05,Tulare,107,460477,18883,576,19459,304
2020-11-05,Tuolumne,109,53932,412,6,418,9
2020-11-05,Ventura,111,848112,16141,430,16571,176
2020-11-05,Yolo,113,214977,3629,10,3639,70
2020-11-05,Yuba,115,75493,1406,5,1411,9
2020-11-04,Alameda,001,1643700,25153,240,25393,410
2020-11-04,Alpine,002,1148,20,0,20,0
2020-11-04,Amador,005,37829,390,0,390,16
2020-11-04,Butte,007,227075,3377,84,3461,59
2020-11-04,Calaveras,009,45235,354,0,354,22
2020-11-04,Colusa,011,21464,590,1,591,6
2020-11-04,Contra Costa,013,1133247,20334,98,20432,261
2020-11-04,Del Norte,015,27424,198,0,198,1
2020-11-04,El Dorado,017,186661,1590,15,1605,4
2020-11-04,Fresno,019,978130,35320,582,35902,492
2020-11-04,Glenn,021,27897,732,6,738,3
2020-11-04,Humboldt,023,135768,618,1,619,9
2020-11-04,Imperial,025,180216,13578,23,13601,355
2020-11-04,Inyo,027,18085,258,5,263,16
2020-11-04,Kern,029,883053,35289,581,35870,447
2020-11-04,Kings,031,150075,9236,65,9301,85
2020-11-04,Lake,033,64148,776,0,776,17
2020-11-04,Lassen,035,31185,816,2,818,1
2020-11-04,Los Angeles,037,10098052,320839,3331,324170,7276
2020-11-04,Madera,039,155013,5340,57,5397,105
2020-11-04,Marin,041,260295,1216,8,1224,89
2020-11-04,Mariposa,043,17540,88,0,88,0
2020-11-04,Mendocino,045,87422,1168,5,1173,21
2020-11-04,Merced,047,269075,10066,47,10113,165
2020-11-04,Modoc,049,8938,59,11,70,0
2020-11-04,Mono,051,14174,448,8,456,2
2020-11-04,Monterey,053,433212,12231,91,12322,97
2020-11-04,Napa,055,140530,2334,9,2343,15
2020-11-04,Nevada,057,99092,760,20,780,7
2020-11-04,Orange,059,3164182,64113,1929,66042,1552
2020-11-04,Placer,061,380077,4981,23,5004,61
2020-11-04,Plumas,063,18699,112,0,112,0
2020-11-04,Riverside,065,2383286,72469,659,73128,1386
2020-11-04,Sacramento,067,1510023,28266,43,28309,546
2020-11-04,San Benito,069,59416,1518,1,1519,13
2020-11-04,San Bernardino,071,2135413,70071,556,70627,1290
2020-11-04,San Diego,073,3302833,61994,1886,63880,936
2020-11-04,San Francisco,075,870044,13179,58,13237,162
2020-11-04,San Joaquin,077,732212,22996,286,23282,536
2020-11-04,San Luis Obispo,079,281455,4963,45,5008,34
2020-11-04,San Mateo,081,765935,12084,11,12095,174
2020-11-04,Santa Barbara,083,443738,10290,130,10420,132
2020-11-04,Santa Clara,085,1922200,27550,52,27602,384
2020-11-04,Santa Cruz,087,273765,3243,36,3279,28
2020-11-04,Shasta,089,179085,3016,35,3051,41
2020-11-04,Sierra,091,2930,9,0,9,0
2020-11-04,Siskiyou,093,43540,267,11,278,1
2020-11-04,Solano,095,438530,8305,37,8342,92
2020-11-04,Sonoma,097,501317,10460,34,10494,138
2020-11-04,Stanislaus,099,539301,18545,878,19423,392
2020-11-04,Sutter,101,95872,2027,2,2029,12
2020-11-04,Tehama,103,63373,1088,2,1090,17
2020-11-04,Trinity,105,12862,123,14,137,0
2020-11-04,Tulare,107,460477,18773,548,19321,304
2020-11-04,Tuolumne,109,53932,388,6,394,9
2020-11-04,Ventura,111,848112,16001,427,16428,176
2020-11-04,Yolo,113,214977,3589,10,3599,70
2020-11-04,Yuba,115,75493,1385,5,1390,9
2020-11-03,Alameda,001,1643700,24969,238,25207,409
2020-11-03,Alpine,002,1148,19,0,19,0
2020-11-03,Amador,005,37829,385,0,385,16
2020-11-03,Butte,007,227075,3354,78,3432,59
2020-11-03,Calaveras,009,45235,350,0,350,22
2020-11-03,Colusa,011,21464,585,1,586,6
2020-11-03,Contra Costa,013,1133247,20179,98,20277,261
2020-11-03,Del Norte,015,27424,197,0,197,1
2020-11-03,El Dorado,017,186661,1568,14,1582,4
2020-11-03,Fresno,019,978130,35057,560,35617,491
2020-11-03,Glenn,021,27897,726,6,732,3
2020-11-03,Humboldt,023,135768,612,1,613,9
2020-11-03,Imperial,025,180216,13488,22,13510,355
2020-11-03,Inyo,027,18085,257,5,262,16
2020-11-03,Kern,029,883053,35098,570,35668,445
2020-11-03,Kings,031,150075,9073,60,9133,85
2020-11-03,Lake,033,64148,766,0,766,17
2020-11-03,Lassen,035,31185,807,2,809,1
2020-11-03,Los Angeles,037,10098052,318382,3264,321646,7264
2020-11-03,Madera,039,155013,5304,56,5360,105
2020-11-03,Marin,041,260295,1216,8,1224,89
2020-11-03,Mariposa,043,17540,87,0,87,0
2020-11-03,Mendocino,045,87422,1153,5,1158,21
2020-11-03,Merced,047,269075,10013,46,10059,164
2020-11-03,Modoc,049,8938,57,9,66,0
2020-11-03,Mono,051,14174,444,8,452,2
2020-11-03,Monterey,053,433212,12162,86,12248,97
2020-11-03,Napa,055,140530,2298,9,2307,15
2020-11-03,Nevada,057,99092,740,19,759,7
2020-11-03,Orange,059,3164182,63683,1916,65599,1548
2020-11-03,Placer,061,380077,4908,23,4931,61
2020-11-03,Plumas,063,18699,109,0,109,0
2020-11-03,Riverside,065,2383286,71850,634,72484,1380
2020-11-03,Sacramento,067,1510023,27885,41,27926,546
2020-11-03,San Benito,069,59416,1508,1,1509,13
2020-11-03,San Bernardino,071,2135413,69260,549,69809,1283
2020-11-03,San Diego,073,3302833,61318,1842,63160,935
2020-11-03,San Francisco,075,870044,13057,58,13115,162
2020-11-03,San Joaquin,077,732212,22861,280,23141,533
2020-11-03,San Luis Obispo,079,281455,4877,43,4920,34
2020-11-03,San Mateo,081,765935,11989,11,12000,173
2020-11-03,Santa Barbara,083,443738,10236,126,10362,132
2020-11-03,Santa Clara,085,1922200,27276,51,27327,378
2020-11-03,Santa Cruz,087,273765,3193,35,3228,28
2020-11-03,Shasta,089,179085,2922,28,2950,41
2020-11-03,Sierra,091,2930,7,0,7,0
2020-11-03,Siskiyou,093,43540,263,11,274,0
2020-11-03,Solano,095,438530,8221,37,8258,92
2020-11-03,Sonoma,097,501317,10358,34,10392,137
2020-11-03,Stanislaus,099,539301,18424,867,19291,391
2020-11-03,Sutter,101,95872,1994,2,1996,12
2020-11-03,Tehama,103,63373,1067,2,1069,17
2020-11-03,Trinity,105,12862,116,13,129,0
2020-11-03,Tulare,107,460477,18667,523,19190,304
2020-11-03,Tuolumne,109,53932,365,6,371,8
2020-11-03,Ventura,111,848112,15874,420,16294,176
2020-11-03,Yolo,113,214977,3537,10,3547,70
2020-11-03,Yuba,115,75493,1372,5,1377,9
2020-11-02,Alameda,001,1643700,24773,236,25009,409
2020-11-02,Alpine,002,1148,16,0,16,0
2020-11-02,Amador,005,37829,377,0,377,16
2020-11-02,Butte,007,227075,3334,74,3408,59
2020-11-02,Calaveras,009,45235,350,0,350,22
2020-11-02,Colusa,011,21464,580,1,581,6
2020-11-02,Contra Costa,013,1133247,20021,97,20118,261
2020-11-02,Del Norte,015,27424,194,0,194,1
2020-11-02,El Dorado,017,186661,1544,14,1558,4
2020-11-02,Fresno,019,978130,34788,543,35331,490
2020-11-02,Glenn,021,27897,720,5,725,3
2020-11-02,Humboldt,023,135768,603,1,604,9
2020-11-02,Imperial,025,180216,13408,21,13429,355
2020-11-02,Inyo,027,18085,254,5,259,16
2020-11-02,Kern,029,883053,34940,560,35500,445
2020-11-02,Kings,031,150075,9043,57,9100,84
2020-11-02,Lake,033,64148,760,0,760,17
2020-11-02,Lassen,035,31185,799,2,801,1
2020-11-02,Los Angeles,037,10098052,316034,3190,319224,7251
2020-11-02,Madera,039,155013,5273,55,5328,105
2020-11-02,Marin,041,260295,1215,8,1223,89
2020-11-02,Mariposa,043,17540,87,0,87,0
2020-11-02,Mendocino,045,87422,1139,5,1144,21
2020-11-02,Merced,047,269075,9943,40,9983,164
2020-11-02,Modoc,049,8938,54,5,59,0
2020-11-02,Mono,051,14174,442,8,450,2
2020-11-02,Monterey,053,433212,12055,83,12138,97
2020-11-02,Napa,055,140530,2256,9,2265,15
2020-11-02,Nevada,057,99092,724,19,743,7
2020-11-02,Orange,059,3164182,63277,1901,65178,1547
2020-11-02,Placer,061,380077,4838,21,4859,61
2020-11-02,Plumas,063,18699,101,0,101,0
2020-11-02,Riverside,065,2383286,71219,593,71812,1376
2020-11-02,Sacramento,067,1510023,27543,39,27582,542
2020-11-02,San Benito,069,59416,1496,1,1497,13
2020-11-02,San Bernardino,071,2135413,68404,538,68942,1281
2020-11-02,San Diego,073,3302833,60595,1797,62392,933
2020-11-02,San Francisco,075,870044,12960,57,13017,162
2020-11-02,San Joaquin,077,732212,22721,272,22993,533
2020-11-02,San Luis Obispo,079,281455,4777,40,4817,34
2020-11-02,San Mateo,081,765935,11880,11,11891,172
2020-11-02,Santa Barbara,083,443738,10195,121,10316,132
2020-11-02,Santa Clara,085,1922200,26989,51,27040,377
2020-11-02,Santa Cruz,087,273765,3151,35,3186,28
2020-11-02,Shasta,089,179085,2819,24,2843,40
2020-11-02,Sierra,091,2930,7,0,7,0
2020-11-02,Siskiyou,093,43540,253,11,264,0
2020-11-02,Solano,095,438530,8103,37,8140,92
2020-11-02,Sonoma,097,501317,10276,33,10309,135
2020-11-02,Stanislaus,099,539301,18328,858,19186,390
2020-11-02,Sutter,101,95872,1970,2,1972,12
2020-11-02,Tehama,103,63373,1044,2,1046,17
2020-11-02,Trinity,105,12862,110,13,123,0
2020-11-02,Tulare,107,460477,18573,503,19076,303
2020-11-02,Tuolumne,109,53932,349,6,355,8
2020-11-02,Ventura,111,848112,15733,406,16139,175
2020-11-02,Yolo,113,214977,3489,10,3499,70
2020-11-02,Yuba,115,75493,1359,5,1364,9
2020-11-01,Alameda,001,1643700,24610,234,24844,408
2020-11-01,Alpine,002,1148,10,0,10,0
2020-11-01,Amador,005,37829,374,0,374,16
2020-11-01,Butte,007,227075,3311,73,3384,59
2020-11-01,Calaveras,009,45235,349,0,349,22
2020-11-01,Colusa,011,21464,578,1,579,6
2020-11-01,Contra Costa,013,1133247,19848,96,19944,261
2020-11-01,Del Norte,015,27424,190,0,190,1
2020-11-01,El Dorado,017,186661,1528,14,1542,4
2020-11-01,Fresno,019,978130,34533,523,35056,489
2020-11-01,Glenn,021,27897,711,3,714,3
2020-11-01,Humboldt,023,135768,595,1,596,9
2020-11-01,Imperial,025,180216,13317,19,13336,354
2020-11-01,Inyo,027,18085,252,5,257,16
2020-11-01,Kern,029,883053,34759,480,35239,445
2020-11-01,Kings,031,150075,9005,56,9061,83
2020-11-01,Lake,033,64148,754,0,754,17
2020-11-01,Lassen,035,31185,799,2,801,1
2020-11-01,Los Angeles,037,10098052,313463,3099,316562,7238
2020-11-01,Madera,039,155013,5226,53,5279,104
2020-11-01,Marin,041,260295,1215,8,1223,89
2020-11-01,Mariposa,043,17540,83,0,83,0
2020-11-01,Mendocino,045,87422,1125,5,1130,21
2020-11-01,Merced,047,269075,9879,40,9919,164
2020-11-01,Modoc,049,8938,53,5,58,0
2020-11-01,Mono,051,14174,413,7,420,2
2020-11-01,Monterey,053,433212,11948,80,12028,97
2020-11-01,Napa,055,140530,2222,9,2231,15
2020-11-01,Nevada,057,99092,708,18,726,7
2020-11-01,Orange,059,3164182,62875,1875,64750,1544
2020-11-01,Placer,061,380077,4770,20,4790,61
2020-11-01,Plumas,063,18699,96,0,96,0
2020-11-01,Riverside,065,2383286,70589,558,71147,1372
2020-11-01,Sacramento,067,1510023,27221,39,27260,539
2020-11-01,San Benito,069,59416,1481,1,1482,13
2020-11-01,San Bernardino,071,2135413,67563,517,68080,1275
2020-11-01,San Diego,073,3302833,59907,1757,61664,930
2020-11-01,San Francisco,075,870044,12837,52,12889,162
2020-11-01,San Joaquin,077,732212,22593,266,22859,530
2020-11-01,San Luis Obispo,079,281455,4697,39,4736,34
2020-11-01,San Mateo,081,765935,11799,11,11810,171
2020-11-01,Santa Barbara,083,443738,10144,105,10249,132
2020-11-01,Santa Clara,085,1922200,26706,51,26757,373
2020-11-01,Santa Cruz,087,273765,3098,35,3133,28
2020-11-01,Shasta,089,179085,2684,23,2707,38
2020-11-01,Sierra,091,2930,7,0,7,0
2020-11-01,Siskiyou,093,43540,248,11,259,0
2020-11-01,Solano,095,438530,8013,37,8050,91
2020-11-01,Sonoma,097,501317,10184,33,10217,133
2020-11-01,Stanislaus,099,539301,18227,839,19066,388
2020-11-01,Sutter,101,95872,1944,1,1945,12
2020-11-01,Tehama,103,63373,1027,2,1029,16
2020-11-01,Trinity,105,12862,108,12,120,0
2020-11-01,Tulare,107,460477,18461,472,18933,302
2020-11-01,Tuolumne,109,53932,328,6,334,8
2020-11-01,Ventura,111,848112,15585,378,15963,174
2020-11-01,Yolo,113,214977,3441,10,3451,67
2020-11-01,Yuba,115,75493,1342,5,1347,9
2020-10-31,Alameda,001,1643700,24494,230,24724,405
2020-10-31,Alpine,002,1148,10,0,10,0
2020-10-31,Amador,005,37829,370,0,370,16
2020-10-31,Butte,007,227075,3298,71,3369,59
2020-10-31,Calaveras,009,45235,349,0,349,22
2020-10-31,Colusa,011,21464,576,1,577,6
2020-10-31,Contra Costa,013,1133247,19743,96,19839,260
2020-10-31,Del Norte,015,27424,189,0,189,1
2020-10-31,El Dorado,017,186661,1519,14,1533,4
2020-10-31,Fresno,019,978130,34396,520,34916,486
2020-10-31,Glenn,021,27897,709,3,712,3
2020-10-31,Humboldt,023,135768,592,1,593,9
2020-10-31,Imperial,025,180216,13275,19,13294,352
2020-10-31,Inyo,027,18085,251,5,256,16
2020-10-31,Kern,029,883053,34656,471,35127,444
2020-10-31,Kings,031,150075,8984,55,9039,83
2020-10-31,Lake,033,64148,750,0,750,17
2020-10-31,Lassen,035,31185,794,2,796,1
2020-10-31,Los Angeles,037,10098052,312084,3061,315145,7220
2020-10-31,Madera,039,155013,5207,50,5257,104
2020-10-31,Marin,041,260295,1214,8,1222,89
2020-10-31,Mariposa,043,17540,83,0,83,0
2020-10-31,Mendocino,045,87422,1117,5,1122,21
2020-10-31,Merced,047,269075,9844,39,9883,163
2020-10-31,Modoc,049,8938,52,4,56,0
2020-10-31,Mono,051,14174,264,6,270,2
2020-10-31,Monterey,053,433212,11880,76,11956,97
2020-10-31,Napa,055,140530,2203,9,2212,15
2020-10-31,Nevada,057,99092,690,18,708,7
2020-10-31,Orange,059,3164182,62616,1857,64473,1541
2020-10-31,Placer,061,380077,4720,19,4739,61
2020-10-31,Plumas,063,18699,95,0,95,0
2020-10-31,Riverside,065,2383286,70232,535,70767,1369
2020-10-31,Sacramento,067,1510023,27022,37,27059,538
2020-10-31,San Benito,069,59416,1474,1,1475,13
2020-10-31,San Bernardino,071,2135413,67137,507,67644,1269
2020-10-31,San Diego,073,3302833,59454,1729,61183,925
2020-10-31,San Francisco,075,870044,12763,51,12814,161
2020-10-31,San Joaquin,077,732212,22518,257,22775,529
2020-10-31,San Luis Obispo,079,281455,4628,36,4664,34
2020-10-31,San Mateo,081,765935,11748,11,11759,171
2020-10-31,Santa Barbara,083,443738,10115,97,10212,132
2020-10-31,Santa Clara,085,1922200,26538,51,26589,369
2020-10-31,Santa Cruz,087,273765,3063,34,3097,28
2020-10-31,Shasta,089,179085,2630,22,2652,38
2020-10-31,Sierra,091,2930,7,0,7,0
2020-10-31,Siskiyou,093,43540,246,11,257,0
2020-10-31,Solano,095,438530,7948,37,7985,91
2020-10-31,Sonoma,097,501317,10131,33,10164,132
2020-10-31,Stanislaus,099,539301,18164,823,18987,386
2020-10-31,Sutter,101,95872,1935,1,1936,12
2020-10-31,Tehama,103,63373,1017,2,1019,15
2020-10-31,Trinity,105,12862,105,12,117,0
2020-10-31,Tulare,107,460477,18412,465,18877,302
2020-10-31,Tuolumne,109,53932,321,6,327,6
2020-10-31,Ventura,111,848112,15501,360,15861,174
2020-10-31,Yolo,113,214977,3406,10,3416,67
2020-10-31,Yuba,115,75493,1326,4,1330,9
2020-10-30,Alameda,001,1643700,24414,228,24642,403
2020-10-30,Alpine,002,1148,10,0,10,0
2020-10-30,Amador,005,37829,370,0,370,16
2020-10-30,Butte,007,227075,3293,71,3364,58
2020-10-30,Calaveras,009,45235,348,0,348,22
2020-10-30,Colusa,011,21464,574,1,575,6
2020-10-30,Contra Costa,013,1133247,19671,96,19767,259
2020-10-30,Del Norte,015,27424,188,0,188,1
2020-10-30,El Dorado,017,186661,1506,14,1520,4
2020-10-30,Fresno,019,978130,34273,512,34785,485
2020-10-30,Glenn,021,27897,703,2,705,3
2020-10-30,Humboldt,023,135768,591,1,592,9
2020-10-30,Imperial,025,180216,13234,19,13253,350
2020-10-30,Inyo,027,18085,250,5,255,16
2020-10-30,Kern,029,883053,34563,470,35033,442
2020-10-30,Kings,031,150075,8974,53,9027,83
2020-10-30,Lake,033,64148,750,0,750,17
2020-10-30,Lassen,035,31185,788,2,790,1
2020-10-30,Los Angeles,037,10098052,310648,3026,313674,7205
2020-10-30,Madera,039,155013,5194,48,5242,104
2020-10-30,Marin,041,260295,1214,8,1222,89
2020-10-30,Mariposa,043,17540,83,0,83,0
2020-10-30,Mendocino,045,87422,1115,5,1120,21
2020-10-30,Merced,047,269075,9812,39,9851,162
2020-10-30,Modoc,049,8938,51,3,54,0
2020-10-30,Mono,051,14174,263,6,269,2
2020-10-30,Monterey,053,433212,11817,71,11888,97
2020-10-30,Napa,055,140530,2185,9,2194,15
2020-10-30,Nevada,057,99092,684,18,702,7
2020-10-30,Orange,059,3164182,62375,1845,64220,1537
2020-10-30,Placer,061,380077,4673,19,4692,61
2020-10-30,Plumas,063,18699,92,0,92,0
2020-10-30,Riverside,065,2383286,69893,515,70408,1362
2020-10-30,Sacramento,067,1510023,26874,37,26911,536
2020-10-30,San Benito,069,59416,1468,1,1469,13
2020-10-30,San Bernardino,071,2135413,66721,504,67225,1264
2020-10-30,San Diego,073,3302833,59049,1707,60756,923
2020-10-30,San Francisco,075,870044,12708,51,12759,161
2020-10-30,San Joaquin,077,732212,22451,251,22702,529
2020-10-30,San Luis Obispo,079,281455,4586,36,4622,34
2020-10-30,San Mateo,081,765935,11689,11,11700,171
2020-10-30,Santa Barbara,083,443738,10092,97,10189,132
2020-10-30,Santa Clara,085,1922200,26390,51,26441,368
2020-10-30,Santa Cruz,087,273765,3045,34,3079,28
2020-10-30,Shasta,089,179085,2586,21,2607,38
2020-10-30,Sierra,091,2930,7,0,7,0
2020-10-30,Siskiyou,093,43540,246,11,257,0
2020-10-30,Solano,095,438530,7887,37,7924,90
2020-10-30,Sonoma,097,501317,10056,33,10089,132
2020-10-30,Stanislaus,099,539301,18116,808,18924,386
2020-10-30,Sutter,101,95872,1922,1,1923,12
2020-10-30,Tehama,103,63373,1013,2,1015,15
2020-10-30,Trinity,105,12862,105,12,117,0
2020-10-30,Tulare,107,460477,18367,451,18818,301
2020-10-30,Tuolumne,109,53932,313,6,319,6
2020-10-30,Ventura,111,848112,15428,349,15777,174
2020-10-30,Yolo,113,214977,3389,10,3399,66
2020-10-30,Yuba,115,75493,1318,4,1322,9
2020-10-29,Alameda,001,1643700,24251,227,24478,403
2020-10-29,Alpine,002,1148,7,0,7,0
2020-10-29,Amador,005,37829,366,0,366,16
2020-10-29,Butte,007,227075,3275,69,3344,58
2020-10-29,Calaveras,009,45235,346,0,346,22
2020-10-29,Colusa,011,21464,570,1,571,6
2020-10-29,Contra Costa,013,1133247,19573,95,19668,259
2020-10-29,Del Norte,015,27424,186,0,186,1
2020-10-29,El Dorado,017,186661,1484,14,1498,4
2020-10-29,Fresno,019,978130,34115,505,34620,484
2020-10-29,Glenn,021,27897,701,2,703,3
2020-10-29,Humboldt,023,135768,586,1,587,9
2020-10-29,Imperial,025,180216,13191,19,13210,350
2020-10-29,Inyo,027,18085,248,5,253,16
2020-10-29,Kern,029,883053,34462,465,34927,442
2020-10-29,Kings,031,150075,8820,52,8872,82
2020-10-29,Lake,033,64148,747,0,747,17
2020-10-29,Lassen,035,31185,787,2,789,1
2020-10-29,Los Angeles,037,10098052,309020,2980,312000,7196
2020-10-29,Madera,039,155013,5163,46,5209,104
2020-10-29,Marin,041,260295,1214,8,1222,89
2020-10-29,Mariposa,043,17540,81,0,81,0
2020-10-29,Mendocino,045,87422,1109,5,1114,21
2020-10-29,Merced,047,269075,9769,39,9808,160
2020-10-29,Modoc,049,8938,49,3,52,0
2020-10-29,Mono,051,14174,256,6,262,2
2020-10-29,Monterey,053,433212,11736,69,11805,96
2020-10-29,Napa,055,140530,2161,9,2170,15
2020-10-29,Nevada,057,99092,677,18,695,7
2020-10-29,Orange,059,3164182,62107,1825,63932,1534
2020-10-29,Placer,061,380077,4628,18,4646,61
2020-10-29,Plumas,063,18699,90,0,90,0
2020-10-29,Riverside,065,2383286,69517,485,70002,1358
2020-10-29,Sacramento,067,1510023,26661,36,26697,535
2020-10-29,San Benito,069,59416,1463,1,1464,13
2020-10-29,San Bernardino,071,2135413,66153,494,66647,1262
2020-10-29,San Diego,073,3302833,58583,1678,60261,920
2020-10-29,San Francisco,075,870044,12630,51,12681,161
2020-10-29,San Joaquin,077,732212,22367,239,22606,529
2020-10-29,San Luis Obispo,079,281455,4555,35,4590,34
2020-10-29,San Mateo,081,765935,11644,11,11655,171
2020-10-29,Santa Barbara,083,443738,10059,95,10154,131
2020-10-29,Santa Clara,085,1922200,26239,51,26290,366
2020-10-29,Santa Cruz,087,273765,3020,34,3054,28
2020-10-29,Shasta,089,179085,2523,21,2544,37
2020-10-29,Sierra,091,2930,6,0,6,0
2020-10-29,Siskiyou,093,43540,230,11,241,0
2020-10-29,Solano,095,438530,7825,37,7862,89
2020-10-29,Sonoma,097,501317,9991,33,10024,129
2020-10-29,Stanislaus,099,539301,18063,787,18850,384
2020-10-29,Sutter,101,95872,1915,1,1916,12
2020-10-29,Tehama,103,63373,995,2,997,14
2020-10-29,Trinity,105,12862,100,11,111,0
2020-10-29,Tulare,107,460477,18289,433,18722,301
2020-10-29,Tuolumne,109,53932,308,6,314,6
2020-10-29,Ventura,111,848112,15337,344,15681,174
2020-10-29,Yolo,113,214977,3360,10,3370,66
2020-10-29,Yuba,115,75493,1307,4,1311,9
2020-10-28,Alameda,001,1643700,24151,226,24377,398
2020-10-28,Alpine,002,1148,6,0,6,0
2020-10-28,Amador,005,37829,363,0,363,16
2020-10-28,Butte,007,227075,3259,66,3325,58
2020-10-28,Calaveras,009,45235,345,0,345,22
2020-10-28,Colusa,011,21464,567,1,568,6
2020-10-28,Contra Costa,013,1133247,19486,94,19580,259
2020-10-28,Del Norte,015,27424,183,0,183,1
2020-10-28,El Dorado,017,186661,1472,14,1486,4
2020-10-28,Fresno,019,978130,33995,499,34494,482
2020-10-28,Glenn,021,27897,697,2,699,3
2020-10-28,Humboldt,023,135768,582,1,583,9
2020-10-28,Imperial,025,180216,13141,19,13160,349
2020-10-28,Inyo,027,18085,248,5,253,16
2020-10-28,Kern,029,883053,34360,447,34807,442
2020-10-28,Kings,031,150075,8798,52,8850,82
2020-10-28,Lake,033,64148,744,0,744,17
2020-10-28,Lassen,035,31185,783,2,785,1
2020-10-28,Los Angeles,037,10098052,307565,2937,310502,7178
2020-10-28,Madera,039,155013,5146,45,5191,104
2020-10-28,Marin,041,260295,1213,8,1221,89
2020-10-28,Mariposa,043,17540,81,0,81,0
2020-10-28,Mendocino,045,87422,1108,5,1113,21
2020-10-28,Merced,047,269075,9737,38,9775,160
2020-10-28,Modoc,049,8938,48,2,50,0
2020-10-28,Mono,051,14174,238,6,244,2
2020-10-28,Monterey,053,433212,11678,67,11745,95
2020-10-28,Napa,055,140530,2135,8,2143,15
2020-10-28,Nevada,057,99092,669,18,687,7
2020-10-28,Orange,059,3164182,61843,1809,63652,1531
2020-10-28,Placer,061,380077,4572,18,4590,59
2020-10-28,Plumas,063,18699,89,0,89,0
2020-10-28,Riverside,065,2383286,69120,461,69581,1355
2020-10-28,Sacramento,067,1510023,26464,35,26499,534
2020-10-28,San Benito,069,59416,1455,1,1456,13
2020-10-28,San Bernardino,071,2135413,65694,485,66179,1253
2020-10-28,San Diego,073,3302833,58200,1649,59849,917
2020-10-28,San Francisco,075,870044,12572,50,12622,161
2020-10-28,San Joaquin,077,732212,22283,228,22511,528
2020-10-28,San Luis Obispo,079,281455,4511,32,4543,34
2020-10-28,San Mateo,081,765935,11577,11,11588,170
2020-10-28,Santa Barbara,083,443738,10036,93,10129,130
2020-10-28,Santa Clara,085,1922200,26095,51,26146,365
2020-10-28,Santa Cruz,087,273765,2989,34,3023,28
2020-10-28,Shasta,089,179085,2443,20,2463,37
2020-10-28,Sierra,091,2930,6,0,6,0
2020-10-28,Siskiyou,093,43540,227,10,237,0
2020-10-28,Solano,095,438530,7766,37,7803,89
2020-10-28,Sonoma,097,501317,9901,28,9929,129
2020-10-28,Stanislaus,099,539301,17998,778,18776,384
2020-10-28,Sutter,101,95872,1906,1,1907,12
2020-10-28,Tehama,103,63373,984,2,986,13
2020-10-28,Trinity,105,12862,93,10,103,0
2020-10-28,Tulare,107,460477,18232,418,18650,300
2020-10-28,Tuolumne,109,53932,304,6,310,5
2020-10-28,Ventura,111,848112,15264,335,15599,174
2020-10-28,Yolo,113,214977,3335,10,3345,65
2020-10-28,Yuba,115,75493,1295,4,1299,9
2020-10-27,Alameda,001,1643700,24036,224,24260,396
2020-10-27,Alpine,002,1148,6,0,6,0
2020-10-27,Amador,005,37829,360,0,360,16
2020-10-27,Butte,007,227075,3243,63,3306,58
2020-10-27,Calaveras,009,45235,343,0,343,22
2020-10-27,Colusa,011,21464,562,1,563,6
2020-10-27,Contra Costa,013,1133247,19380,94,19474,257
2020-10-27,Del Norte,015,27424,180,0,180,1
2020-10-27,El Dorado,017,186661,1459,14,1473,4
2020-10-27,Fresno,019,978130,33877,493,34370,482
2020-10-27,Glenn,021,27897,695,1,696,3
2020-10-27,Humboldt,023,135768,579,1,580,9
2020-10-27,Imperial,025,180216,13092,19,13111,347
2020-10-27,Inyo,027,18085,248,5,253,16
2020-10-27,Kern,029,883053,34243,443,34686,442
2020-10-27,Kings,031,150075,8767,52,8819,82
2020-10-27,Lake,033,64148,741,0,741,16
2020-10-27,Lassen,035,31185,781,2,783,1
2020-10-27,Los Angeles,037,10098052,306177,2908,309085,7165
2020-10-27,Madera,039,155013,5116,44,5160,104
2020-10-27,Marin,041,260295,1212,8,1220,89
2020-10-27,Mariposa,043,17540,80,0,80,0
2020-10-27,Mendocino,045,87422,1102,4,1106,21
2020-10-27,Merced,047,269075,9697,38,9735,160
2020-10-27,Modoc,049,8938,46,2,48,0
2020-10-27,Mono,051,14174,224,6,230,2
2020-10-27,Monterey,053,433212,11622,65,11687,94
2020-10-27,Napa,055,140530,2119,8,2127,15
2020-10-27,Nevada,057,99092,663,18,681,7
2020-10-27,Orange,059,3164182,61573,1793,63366,1529
2020-10-27,Placer,061,380077,4523,16,4539,59
2020-10-27,Plumas,063,18699,86,0,86,0
2020-10-27,Riverside,065,2383286,68767,416,69183,1350
2020-10-27,Sacramento,067,1510023,26277,34,26311,531
2020-10-27,San Benito,069,59416,1450,1,1451,13
2020-10-27,San Bernardino,071,2135413,65232,472,65704,1250
2020-10-27,San Diego,073,3302833,57727,1626,59353,913
2020-10-27,San Francisco,075,870044,12497,49,12546,161
2020-10-27,San Joaquin,077,732212,22192,219,22411,528
2020-10-27,San Luis Obispo,079,281455,4484,28,4512,34
2020-10-27,San Mateo,081,765935,11530,11,11541,170
2020-10-27,Santa Barbara,083,443738,10006,92,10098,130
2020-10-27,Santa Clara,085,1922200,25953,51,26004,365
2020-10-27,Santa Cruz,087,273765,2959,33,2992,28
2020-10-27,Shasta,089,179085,2357,20,2377,37
2020-10-27,Sierra,091,2930,6,0,6,0
2020-10-27,Siskiyou,093,43540,218,10,228,0
2020-10-27,Solano,095,438530,7697,37,7734,88
2020-10-27,Sonoma,097,501317,9834,28,9862,129
2020-10-27,Stanislaus,099,539301,17930,771,18701,384
2020-10-27,Sutter,101,95872,1893,1,1894,12
2020-10-27,Tehama,103,63373,970,2,972,13
2020-10-27,Trinity,105,12862,90,10,100,0
2020-10-27,Tulare,107,460477,18169,395,18564,300
2020-10-27,Tuolumne,109,53932,300,6,306,4
2020-10-27,Ventura,111,848112,15181,328,15509,174
2020-10-27,Yolo,113,214977,3322,10,3332,65
2020-10-27,Yuba,115,75493,1282,4,1286,9
2020-10-26,Alameda,001,1643700,23923,223,24146,396
2020-10-26,Alpine,002,1148,4,0,4,0
2020-10-26,Amador,005,37829,356,0,356,16
2020-10-26,Butte,007,227075,3232,61,3293,58
2020-10-26,Calaveras,009,45235,340,0,340,21
2020-10-26,Colusa,011,21464,560,1,561,6
2020-10-26,Contra Costa,013,1133247,19284,93,19377,257
2020-10-26,Del Norte,015,27424,180,0,180,1
2020-10-26,El Dorado,017,186661,1445,14,1459,4
2020-10-26,Fresno,019,978130,33764,486,34250,481
2020-10-26,Glenn,021,27897,688,1,689,3
2020-10-26,Humboldt,023,135768,571,1,572,9
2020-10-26,Imperial,025,180216,13038,16,13054,346
2020-10-26,Inyo,027,18085,248,5,253,16
2020-10-26,Kern,029,883053,34159,438,34597,441
2020-10-26,Kings,031,150075,8746,50,8796,82
2020-10-26,Lake,033,64148,739,0,739,15
2020-10-26,Lassen,035,31185,778,2,780,1
2020-10-26,Los Angeles,037,10098052,304750,2868,307618,7147
2020-10-26,Madera,039,155013,5095,43,5138,103
2020-10-26,Marin,041,260295,1212,8,1220,89
2020-10-26,Mariposa,043,17540,80,0,80,0
2020-10-26,Mendocino,045,87422,1094,4,1098,21
2020-10-26,Merced,047,269075,9651,37,9688,160
2020-10-26,Modoc,049,8938,44,0,44,0
2020-10-26,Mono,051,14174,218,6,224,2
2020-10-26,Monterey,053,433212,11571,61,11632,91
2020-10-26,Napa,055,140530,2087,8,2095,15
2020-10-26,Nevada,057,99092,656,18,674,7
2020-10-26,Orange,059,3164182,61369,1774,63143,1526
2020-10-26,Placer,061,380077,4481,15,4496,58
2020-10-26,Plumas,063,18699,84,0,84,0
2020-10-26,Riverside,065,2383286,68316,390,68706,1345
2020-10-26,Sacramento,067,1510023,26097,32,26129,528
2020-10-26,San Benito,069,59416,1442,1,1443,13
2020-10-26,San Bernardino,071,2135413,64761,469,65230,1244
2020-10-26,San Diego,073,3302833,57334,1588,58922,911
2020-10-26,San Francisco,075,870044,12437,49,12486,161
2020-10-26,San Joaquin,077,732212,22109,213,22322,528
2020-10-26,San Luis Obispo,079,281455,4458,28,4486,34
2020-10-26,San Mateo,081,765935,11486,11,11497,169
2020-10-26,Santa Barbara,083,443738,9983,92,10075,129
2020-10-26,Santa Clara,085,1922200,25763,50,25813,363
2020-10-26,Santa Cruz,087,273765,2933,33,2966,28
2020-10-26,Shasta,089,179085,2303,20,2323,37
2020-10-26,Sierra,091,2930,6,0,6,0
2020-10-26,Siskiyou,093,43540,210,10,220,0
2020-10-26,Solano,095,438530,7617,37,7654,88
2020-10-26,Sonoma,097,501317,9757,28,9785,129
2020-10-26,Stanislaus,099,539301,17880,761,18641,383
2020-10-26,Sutter,101,95872,1885,1,1886,12
2020-10-26,Tehama,103,63373,950,2,952,13
2020-10-26,Trinity,105,12862,89,10,99,0
2020-10-26,Tulare,107,460477,18092,372,18464,300
2020-10-26,Tuolumne,109,53932,291,6,297,4
2020-10-26,Ventura,111,848112,15112,325,15437,174
2020-10-26,Yolo,113,214977,3303,10,3313,65
2020-10-26,Yuba,115,75493,1266,4,1270,9
2020-10-25,Alameda,001,1643700,23816,223,24039,396
2020-10-25,Alpine,002,1148,3,0,3,0
2020-10-25,Amador,005,37829,345,0,345,16
2020-10-25,Butte,007,227075,3212,61,3273,58
2020-10-25,Calaveras,009,45235,339,0,339,21
2020-10-25,Colusa,011,21464,556,1,557,6
2020-10-25,Contra Costa,013,1133247,19181,93,19274,257
2020-10-25,Del Norte,015,27424,176,0,176,1
2020-10-25,El Dorado,017,186661,1430,14,1444,4
2020-10-25,Fresno,019,978130,33629,473,34102,477
2020-10-25,Glenn,021,27897,685,1,686,3
2020-10-25,Humboldt,023,135768,568,1,569,9
2020-10-25,Imperial,025,180216,12989,16,13005,346
2020-10-25,Inyo,027,18085,245,5,250,16
2020-10-25,Kern,029,883053,34053,434,34487,441
2020-10-25,Kings,031,150075,8713,48,8761,82
2020-10-25,Lake,033,64148,722,0,722,15
2020-10-25,Lassen,035,31185,776,2,778,1
2020-10-25,Los Angeles,037,10098052,303186,2832,306018,7134
2020-10-25,Madera,039,155013,5065,38,5103,103
2020-10-25,Marin,041,260295,1211,8,1219,89
2020-10-25,Mariposa,043,17540,80,0,80,0
2020-10-25,Mendocino,045,87422,1087,4,1091,21
2020-10-25,Merced,047,269075,9581,35,9616,160
2020-10-25,Modoc,049,8938,39,0,39,0
2020-10-25,Mono,051,14174,210,6,216,2
2020-10-25,Monterey,053,433212,11488,56,11544,91
2020-10-25,Napa,055,140530,2057,8,2065,15
2020-10-25,Nevada,057,99092,648,18,666,7
2020-10-25,Orange,059,3164182,61080,1765,62845,1526
2020-10-25,Placer,061,380077,4429,15,4444,58
2020-10-25,Plumas,063,18699,84,0,84,0
2020-10-25,Riverside,065,2383286,67866,374,68240,1342
2020-10-25,Sacramento,067,1510023,25882,30,25912,524
2020-10-25,San Benito,069,59416,1435,1,1436,13
2020-10-25,San Bernardino,071,2135413,64221,457,64678,1240
2020-10-25,San Diego,073,3302833,56871,1556,58427,907
2020-10-25,San Francisco,075,870044,12364,49,12413,161
2020-10-25,San Joaquin,077,732212,22001,204,22205,525
2020-10-25,San Luis Obispo,079,281455,4416,26,4442,34
2020-10-25,San Mateo,081,765935,11441,11,11452,169
2020-10-25,Santa Barbara,083,443738,9964,92,10056,128
2020-10-25,Santa Clara,085,1922200,25575,50,25625,362
2020-10-25,Santa Cruz,087,273765,2906,33,2939,28
2020-10-25,Shasta,089,179085,2239,20,2259,35
2020-10-25,Sierra,091,2930,6,0,6,0
2020-10-25,Siskiyou,093,43540,207,10,217,0
2020-10-25,Solano,095,438530,7539,37,7576,88
2020-10-25,Sonoma,097,501317,9663,27,9690,128
2020-10-25,Stanislaus,099,539301,17823,752,18575,383
2020-10-25,Sutter,101,95872,1867,1,1868,12
2020-10-25,Tehama,103,63373,933,2,935,13
2020-10-25,Trinity,105,12862,85,10,95,0
2020-10-25,Tulare,107,460477,18017,362,18379,300
2020-10-25,Tuolumne,109,53932,286,6,292,4
2020-10-25,Ventura,111,848112,15019,319,15338,173
2020-10-25,Yolo,113,214977,3282,10,3292,65
2020-10-25,Yuba,115,75493,1258,4,1262,9
2020-10-24,Alameda,001,1643700,23745,220,23965,395
2020-10-24,Alpine,002,1148,3,0,3,0
2020-10-24,Amador,005,37829,344,0,344,16
2020-10-24,Butte,007,227075,3203,61,3264,58
2020-10-24,Calaveras,009,45235,337,0,337,21
2020-10-24,Colusa,011,21464,551,1,552,6
2020-10-24,Contra Costa,013,1133247,19115,93,19208,256
2020-10-24,Del Norte,015,27424,175,0,175,1
2020-10-24,El Dorado,017,186661,1414,14,1428,4
2020-10-24,Fresno,019,978130,33568,468,34036,477
2020-10-24,Glenn,021,27897,682,1,683,3
2020-10-24,Humboldt,023,135768,566,1,567,8
2020-10-24,Imperial,025,180216,12962,16,12978,345
2020-10-24,Inyo,027,18085,245,5,250,16
2020-10-24,Kern,029,883053,33995,429,34424,440
2020-10-24,Kings,031,150075,8703,47,8750,82
2020-10-24,Lake,033,64148,717,0,717,14
2020-10-24,Lassen,035,31185,775,2,777,1
2020-10-24,Los Angeles,037,10098052,302366,2810,305176,7117
2020-10-24,Madera,039,155013,5052,37,5089,103
2020-10-24,Marin,041,260295,1210,8,1218,89
2020-10-24,Mariposa,043,17540,80,0,80,0
2020-10-24,Mendocino,045,87422,1075,4,1079,21
2020-10-24,Merced,047,269075,9555,35,9590,160
2020-10-24,Modoc,049,8938,38,0,38,0
2020-10-24,Mono,051,14174,196,6,202,2
2020-10-24,Monterey,053,433212,11419,55,11474,89
2020-10-24,Napa,055,140530,2040,8,2048,15
2020-10-24,Nevada,057,99092,644,18,662,7
2020-10-24,Orange,059,3164182,60925,1755,62680,1522
2020-10-24,Placer,061,380077,4398,15,4413,58
2020-10-24,Plumas,063,18699,78,0,78,0
2020-10-24,Riverside,065,2383286,67658,360,68018,1340
2020-10-24,Sacramento,067,1510023,25801,30,25831,522
2020-10-24,San Benito,069,59416,1430,1,1431,13
2020-10-24,San Bernardino,071,2135413,63982,449,64431,1234
2020-10-24,San Diego,073,3302833,56594,1543,58137,904
2020-10-24,San Francisco,075,870044,12305,48,12353,161
2020-10-24,San Joaquin,077,732212,21948,199,22147,525
2020-10-24,San Luis Obispo,079,281455,4393,25,4418,33
2020-10-24,San Mateo,081,765935,11402,11,11413,169
2020-10-24,Santa Barbara,083,443738,9947,92,10039,128
2020-10-24,Santa Clara,085,1922200,25488,50,25538,361
2020-10-24,Santa Cruz,087,273765,2887,33,2920,28
2020-10-24,Shasta,089,179085,2194,20,2214,35
2020-10-24,Sierra,091,2930,6,0,6,0
2020-10-24,Siskiyou,093,43540,206,10,216,0
2020-10-24,Solano,095,438530,7486,37,7523,88
2020-10-24,Sonoma,097,501317,9629,27,9656,128
2020-10-24,Stanislaus,099,539301,17780,737,18517,383
2020-10-24,Sutter,101,95872,1858,1,1859,12
2020-10-24,Tehama,103,63373,925,2,927,12
2020-10-24,Trinity,105,12862,85,10,95,0
2020-10-24,Tulare,107,460477,17995,350,18345,300
2020-10-24,Tuolumne,109,53932,283,6,289,4
2020-10-24,Ventura,111,848112,14966,318,15284,173
2020-10-24,Yolo,113,214977,3270,10,3280,64
2020-10-24,Yuba,115,75493,1255,4,1259,9
2020-10-23,Alameda,001,1643700,23672,218,23890,394
2020-10-23,Alpine,002,1148,3,0,3,0
2020-10-23,Amador,005,37829,343,0,343,16
2020-10-23,Butte,007,227075,3194,61,3255,58
2020-10-23,Calaveras,009,45235,336,0,336,21
2020-10-23,Colusa,011,21464,551,1,552,6
2020-10-23,Contra Costa,013,1133247,19045,92,19137,256
2020-10-23,Del Norte,015,27424,175,0,175,1
2020-10-23,El Dorado,017,186661,1405,14,1419,4
2020-10-23,Fresno,019,978130,33500,465,33965,477
2020-10-23,Glenn,021,27897,679,1,680,3
2020-10-23,Humboldt,023,135768,564,1,565,8
2020-10-23,Imperial,025,180216,12931,15,12946,344
2020-10-23,Inyo,027,18085,244,5,249,15
2020-10-23,Kern,029,883053,33927,424,34351,440
2020-10-23,Kings,031,150075,8694,47,8741,82
2020-10-23,Lake,033,64148,715,0,715,13
2020-10-23,Lassen,035,31185,774,2,776,1
2020-10-23,Los Angeles,037,10098052,301280,2783,304063,7103
2020-10-23,Madera,039,155013,5047,37,5084,103
2020-10-23,Marin,041,260295,1210,8,1218,89
2020-10-23,Mariposa,043,17540,80,0,80,0
2020-10-23,Mendocino,045,87422,1072,4,1076,21
2020-10-23,Merced,047,269075,9540,35,9575,160
2020-10-23,Modoc,049,8938,38,0,38,0
2020-10-23,Mono,051,14174,194,6,200,2
2020-10-23,Monterey,053,433212,11372,51,11423,88
2020-10-23,Napa,055,140530,2032,8,2040,15
2020-10-23,Nevada,057,99092,641,18,659,7
2020-10-23,Orange,059,3164182,60755,1740,62495,1514
2020-10-23,Placer,061,380077,4351,15,4366,58
2020-10-23,Plumas,063,18699,75,0,75,0
2020-10-23,Riverside,065,2383286,67419,352,67771,1340
2020-10-23,Sacramento,067,1510023,25696,30,25726,519
2020-10-23,San Benito,069,59416,1428,1,1429,13
2020-10-23,San Bernardino,071,2135413,63696,435,64131,1231
2020-10-23,San Diego,073,3302833,56288,1516,57804,901
2020-10-23,San Francisco,075,870044,12274,48,12322,159
2020-10-23,San Joaquin,077,732212,21892,193,22085,525
2020-10-23,San Luis Obispo,079,281455,4368,25,4393,33
2020-10-23,San Mateo,081,765935,11353,11,11364,168
2020-10-23,Santa Barbara,083,443738,9931,92,10023,128
2020-10-23,Santa Clara,085,1922200,25386,50,25436,359
2020-10-23,Santa Cruz,087,273765,2873,33,2906,28
2020-10-23,Shasta,089,179085,2157,19,2176,35
2020-10-23,Sierra,091,2930,6,0,6,0
2020-10-23,Siskiyou,093,43540,202,10,212,0
2020-10-23,Solano,095,438530,7455,37,7492,88
2020-10-23,Sonoma,097,501317,9572,27,9599,127
2020-10-23,Stanislaus,099,539301,17743,730,18473,382
2020-10-23,Sutter,101,95872,1851,1,1852,12
2020-10-23,Tehama,103,63373,916,2,918,11
2020-10-23,Trinity,105,12862,85,10,95,0
2020-10-23,Tulare,107,460477,17950,339,18289,299
2020-10-23,Tuolumne,109,53932,280,6,286,4
2020-10-23,Ventura,111,848112,14937,318,15255,172
2020-10-23,Yolo,113,214977,3258,10,3268,63
2020-10-23,Yuba,115,75493,1251,4,1255,9
2020-10-22,Alameda,001,1643700,23571,218,23789,394
2020-10-22,Alpine,002,1148,3,0,3,0
2020-10-22,Amador,005,37829,339,0,339,16
2020-10-22,Butte,007,227075,3184,59,3243,58
2020-10-22,Calaveras,009,45235,332,0,332,21
2020-10-22,Colusa,011,21464,551,1,552,6
2020-10-22,Contra Costa,013,1133247,18974,92,19066,256
2020-10-22,Del Norte,015,27424,174,0,174,1
2020-10-22,El Dorado,017,186661,1395,14,1409,4
2020-10-22,Fresno,019,978130,33389,457,33846,477
2020-10-22,Glenn,021,27897,672,1,673,3
2020-10-22,Humboldt,023,135768,562,1,563,8
2020-10-22,Imperial,025,180216,12878,15,12893,344
2020-10-22,Inyo,027,18085,241,5,246,15
2020-10-22,Kern,029,883053,33846,421,34267,438
2020-10-22,Kings,031,150075,8443,47,8490,82
2020-10-22,Lake,033,64148,711,0,711,13
2020-10-22,Lassen,035,31185,771,2,773,1
2020-10-22,Los Angeles,037,10098052,299901,2729,302630,7082
2020-10-22,Madera,039,155013,5026,37,5063,103
2020-10-22,Marin,041,260295,1209,8,1217,89
2020-10-22,Mariposa,043,17540,80,0,80,0
2020-10-22,Mendocino,045,87422,1067,4,1071,21
2020-10-22,Merced,047,269075,9504,35,9539,159
2020-10-22,Modoc,049,8938,34,0,34,0
2020-10-22,Mono,051,14174,189,6,195,2
2020-10-22,Monterey,053,433212,11313,48,11361,88
2020-10-22,Napa,055,140530,2017,8,2025,14
2020-10-22,Nevada,057,99092,635,18,653,7
2020-10-22,Orange,059,3164182,60541,1723,62264,1511
2020-10-22,Placer,061,380077,4302,15,4317,58
2020-10-22,Plumas,063,18699,72,0,72,0
2020-10-22,Riverside,065,2383286,67084,334,67418,1338
2020-10-22,Sacramento,067,1510023,25556,30,25586,518
2020-10-22,San Benito,069,59416,1424,1,1425,13
2020-10-22,San Bernardino,071,2135413,63294,420,63714,1225
2020-10-22,San Diego,073,3302833,55901,1497,57398,898
2020-10-22,San Francisco,075,870044,12216,46,12262,159
2020-10-22,San Joaquin,077,732212,21819,187,22006,524
2020-10-22,San Luis Obispo,079,281455,4352,25,4377,32
2020-10-22,San Mateo,081,765935,11297,11,11308,168
2020-10-22,Santa Barbara,083,443738,9898,90,9988,127
2020-10-22,Santa Clara,085,1922200,25232,50,25282,355
2020-10-22,Santa Cruz,087,273765,2855,32,2887,28
2020-10-22,Shasta,089,179085,2111,19,2130,35
2020-10-22,Sierra,091,2930,6,0,6,0
2020-10-22,Siskiyou,093,43540,201,10,211,0
2020-10-22,Solano,095,438530,7409,37,7446,88
2020-10-22,Sonoma,097,501317,9506,26,9532,127
2020-10-22,Stanislaus,099,539301,17690,718,18408,379
2020-10-22,Sutter,101,95872,1837,1,1838,12
2020-10-22,Tehama,103,63373,905,2,907,9
2020-10-22,Trinity,105,12862,84,10,94,0
2020-10-22,Tulare,107,460477,17884,326,18210,299
2020-10-22,Tuolumne,109,53932,277,6,283,4
2020-10-22,Ventura,111,848112,14890,316,15206,172
2020-10-22,Yolo,113,214977,3246,10,3256,63
2020-10-22,Yuba,115,75493,1244,3,1247,9
2020-10-21,Alameda,001,1643700,23483,216,23699,394
2020-10-21,Alpine,002,1148,3,0,3,0
2020-10-21,Amador,005,37829,334,0,334,16
2020-10-21,Butte,007,227075,3172,59,3231,57
2020-10-21,Calaveras,009,45235,331,0,331,21
2020-10-21,Colusa,011,21464,551,1,552,6
2020-10-21,Contra Costa,013,1133247,18900,92,18992,256
2020-10-21,Del Norte,015,27424,174,0,174,1
2020-10-21,El Dorado,017,186661,1383,13,1396,4
2020-10-21,Fresno,019,978130,33290,452,33742,475
2020-10-21,Glenn,021,27897,667,1,668,3
2020-10-21,Humboldt,023,135768,561,1,562,8
2020-10-21,Imperial,025,180216,12821,15,12836,343
2020-10-21,Inyo,027,18085,237,5,242,15
2020-10-21,Kern,029,883053,33771,419,34190,435
2020-10-21,Kings,031,150075,8416,47,8463,82
2020-10-21,Lake,033,64148,710,0,710,13
2020-10-21,Lassen,035,31185,770,2,772,1
2020-10-21,Los Angeles,037,10098052,298560,2687,301247,7068
2020-10-21,Madera,039,155013,5001,37,5038,103
2020-10-21,Marin,041,260295,1209,8,1217,89
2020-10-21,Mariposa,043,17540,80,0,80,0
2020-10-21,Mendocino,045,87422,1065,4,1069,21
2020-10-21,Merced,047,269075,9478,33,9511,159
2020-10-21,Modoc,049,8938,33,0,33,0
2020-10-21,Mono,051,14174,187,6,193,2
2020-10-21,Monterey,053,433212,11275,47,11322,88
2020-10-21,Napa,055,140530,2002,8,2010,14
2020-10-21,Nevada,057,99092,629,18,647,7
2020-10-21,Orange,059,3164182,60329,1714,62043,1505
2020-10-21,Placer,061,380077,4265,15,4280,58
2020-10-21,Plumas,063,18699,69,0,69,0
2020-10-21,Riverside,065,2383286,66788,310,67098,1335
2020-10-21,Sacramento,067,1510023,25362,30,25392,518
2020-10-21,San Benito,069,59416,1423,1,1424,13
2020-10-21,San Bernardino,071,2135413,62884,413,63297,1220
2020-10-21,San Diego,073,3302833,55549,1469,57018,896
2020-10-21,San Francisco,075,870044,12167,45,12212,159
2020-10-21,San Joaquin,077,732212,21743,181,21924,524
2020-10-21,San Luis Obispo,079,281455,4325,23,4348,32
2020-10-21,San Mateo,081,765935,11248,11,11259,168
2020-10-21,Santa Barbara,083,443738,9881,89,9970,127
2020-10-21,Santa Clara,085,1922200,25105,50,25155,353
2020-10-21,Santa Cruz,087,273765,2832,32,2864,28
2020-10-21,Shasta,089,179085,2075,19,2094,35
2020-10-21,Sierra,091,2930,6,0,6,0
2020-10-21,Siskiyou,093,43540,197,10,207,0
2020-10-21,Solano,095,438530,7363,37,7400,87
2020-10-21,Sonoma,097,501317,9426,26,9452,126
2020-10-21,Stanislaus,099,539301,17641,710,18351,378
2020-10-21,Sutter,101,95872,1823,1,1824,12
2020-10-21,Tehama,103,63373,889,2,891,9
2020-10-21,Trinity,105,12862,78,9,87,0
2020-10-21,Tulare,107,460477,17846,312,18158,299
2020-10-21,Tuolumne,109,53932,276,6,282,4
2020-10-21,Ventura,111,848112,14827,313,15140,172
2020-10-21,Yolo,113,214977,3227,10,3237,63
2020-10-21,Yuba,115,75493,1236,3,1239,9
2020-10-20,Alameda,001,1643700,23381,212,23593,393
2020-10-20,Alpine,002,1148,3,0,3,0
2020-10-20,Amador,005,37829,333,0,333,16
2020-10-20,Butte,007,227075,3160,59,3219,57
2020-10-20,Calaveras,009,45235,329,0,329,21
2020-10-20,Colusa,011,21464,548,1,549,6
2020-10-20,Contra Costa,013,1133247,18807,92,18899,256
2020-10-20,Del Norte,015,27424,173,0,173,1
2020-10-20,El Dorado,017,186661,1377,13,1390,4
2020-10-20,Fresno,019,978130,33187,446,33633,473
2020-10-20,Glenn,021,27897,662,1,663,3
2020-10-20,Humboldt,023,135768,557,1,558,8
2020-10-20,Imperial,025,180216,12753,15,12768,343
2020-10-20,Inyo,027,18085,237,5,242,15
2020-10-20,Kern,029,883053,33696,406,34102,434
2020-10-20,Kings,031,150075,8398,46,8444,82
2020-10-20,Lake,033,64148,708,0,708,13
2020-10-20,Lassen,035,31185,769,2,771,1
2020-10-20,Los Angeles,037,10098052,297065,2639,299704,7054
2020-10-20,Madera,039,155013,4984,37,5021,103
2020-10-20,Marin,041,260295,1208,8,1216,88
2020-10-20,Mariposa,043,17540,79,0,79,0
2020-10-20,Mendocino,045,87422,1063,4,1067,21
2020-10-20,Merced,047,269075,9456,33,9489,159
2020-10-20,Modoc,049,8938,32,0,32,0
2020-10-20,Mono,051,14174,187,6,193,2
2020-10-20,Monterey,053,433212,11232,44,11276,87
2020-10-20,Napa,055,140530,1983,8,1991,14
2020-10-20,Nevada,057,99092,619,18,637,7
2020-10-20,Orange,059,3164182,60065,1704,61769,1501
2020-10-20,Placer,061,380077,4227,15,4242,57
2020-10-20,Plumas,063,18699,66,0,66,0
2020-10-20,Riverside,065,2383286,66409,298,66707,1331
2020-10-20,Sacramento,067,1510023,25234,29,25263,518
2020-10-20,San Benito,069,59416,1420,1,1421,13
2020-10-20,San Bernardino,071,2135413,62500,411,62911,1217
2020-10-20,San Diego,073,3302833,55213,1449,56662,896
2020-10-20,San Francisco,075,870044,12120,44,12164,159
2020-10-20,San Joaquin,077,732212,21664,172,21836,524
2020-10-20,San Luis Obispo,079,281455,4307,22,4329,32
2020-10-20,San Mateo,081,765935,11201,11,11212,167
2020-10-20,Santa Barbara,083,443738,9852,87,9939,126
2020-10-20,Santa Clara,085,1922200,24967,50,25017,349
2020-10-20,Santa Cruz,087,273765,2809,32,2841,28
2020-10-20,Shasta,089,179085,2052,19,2071,34
2020-10-20,Sierra,091,2930,6,0,6,0
2020-10-20,Siskiyou,093,43540,189,10,199,0
2020-10-20,Solano,095,438530,7314,37,7351,87
2020-10-20,Sonoma,097,501317,9363,24,9387,125
2020-10-20,Stanislaus,099,539301,17588,706,18294,378
2020-10-20,Sutter,101,95872,1814,1,1815,12
2020-10-20,Tehama,103,63373,874,2,876,9
2020-10-20,Trinity,105,12862,77,9,86,0
2020-10-20,Tulare,107,460477,17779,307,18086,298
2020-10-20,Tuolumne,109,53932,274,6,280,4
2020-10-20,Ventura,111,848112,14763,311,15074,172
2020-10-20,Yolo,113,214977,3204,10,3214,62
2020-10-20,Yuba,115,75493,1226,3,1229,9
2020-10-19,Alameda,001,1643700,23271,211,23482,393
2020-10-19,Alpine,002,1148,3,0,3,0
2020-10-19,Amador,005,37829,327,0,327,16
2020-10-19,Butte,007,227075,3149,59,3208,56
2020-10-19,Calaveras,009,45235,329,0,329,20
2020-10-19,Colusa,011,21464,548,1,549,6
2020-10-19,Contra Costa,013,1133247,18709,92,18801,253
2020-10-19,Del Norte,015,27424,170,0,170,1
2020-10-19,El Dorado,017,186661,1356,13,1369,4
2020-10-19,Fresno,019,978130,33076,440,33516,473
2020-10-19,Glenn,021,27897,657,0,657,3
2020-10-19,Humboldt,023,135768,557,1,558,8
2020-10-19,Imperial,025,180216,12699,14,12713,342
2020-10-19,Inyo,027,18085,236,5,241,15
2020-10-19,Kern,029,883053,33620,403,34023,433
2020-10-19,Kings,031,150075,8380,46,8426,82
2020-10-19,Lake,033,64148,705,0,705,13
2020-10-19,Lassen,035,31185,768,2,770,1
2020-10-19,Los Angeles,037,10098052,295580,2602,298182,7040
2020-10-19,Madera,039,155013,4969,37,5006,103
2020-10-19,Marin,041,260295,1207,8,1215,88
2020-10-19,Mariposa,043,17540,79,0,79,0
2020-10-19,Mendocino,045,87422,1058,4,1062,21
2020-10-19,Merced,047,269075,9431,30,9461,158
2020-10-19,Modoc,049,8938,31,0,31,0
2020-10-19,Mono,051,14174,182,6,188,2
2020-10-19,Monterey,053,433212,11171,44,11215,86
2020-10-19,Napa,055,140530,1971,8,1979,14
2020-10-19,Nevada,057,99092,616,18,634,6
2020-10-19,Orange,059,3164182,59781,1689,61470,1498
2020-10-19,Placer,061,380077,4179,15,4194,57
2020-10-19,Plumas,063,18699,64,0,64,0
2020-10-19,Riverside,065,2383286,65978,282,66260,1330
2020-10-19,Sacramento,067,1510023,25095,29,25124,515
2020-10-19,San Benito,069,59416,1413,1,1414,13
2020-10-19,San Bernardino,071,2135413,62048,399,62447,1215
2020-10-19,San Diego,073,3302833,54827,1424,56251,893
2020-10-19,San Francisco,075,870044,12076,44,12120,158
2020-10-19,San Joaquin,077,732212,21589,164,21753,524
2020-10-19,San Luis Obispo,079,281455,4291,22,4313,32
2020-10-19,San Mateo,081,765935,11155,11,11166,167
2020-10-19,Santa Barbara,083,443738,9816,87,9903,126
2020-10-19,Santa Clara,085,1922200,24817,50,24867,349
2020-10-19,Santa Cruz,087,273765,2792,32,2824,27
2020-10-19,Shasta,089,179085,2008,18,2026,34
2020-10-19,Sierra,091,2930,6,0,6,0
2020-10-19,Siskiyou,093,43540,182,10,192,0
2020-10-19,Solano,095,438530,7273,37,7310,86
2020-10-19,Sonoma,097,501317,9276,24,9300,124
2020-10-19,Stanislaus,099,539301,17537,696,18233,378
2020-10-19,Sutter,101,95872,1809,1,1810,12
2020-10-19,Tehama,103,63373,871,2,873,9
2020-10-19,Trinity,105,12862,75,9,84,0
2020-10-19,Tulare,107,460477,17729,300,18029,295
2020-10-19,Tuolumne,109,53932,272,6,278,4
2020-10-19,Ventura,111,848112,14698,308,15006,171
2020-10-19,Yolo,113,214977,3191,10,3201,62
2020-10-19,Yuba,115,75493,1219,3,1222,9
2020-10-18,Alameda,001,1643700,23167,210,23377,392
2020-10-18,Alpine,002,1148,3,0,3,0
2020-10-18,Amador,005,37829,316,0,316,16
2020-10-18,Butte,007,227075,3136,59,3195,56
2020-10-18,Calaveras,009,45235,328,0,328,20
2020-10-18,Colusa,011,21464,546,1,547,6
2020-10-18,Contra Costa,013,1133247,18611,92,18703,252
2020-10-18,Del Norte,015,27424,170,0,170,1
2020-10-18,El Dorado,017,186661,1347,13,1360,4
2020-10-18,Fresno,019,978130,32946,432,33378,471
2020-10-18,Glenn,021,27897,655,0,655,3
2020-10-18,Humboldt,023,135768,554,1,555,8
2020-10-18,Imperial,025,180216,12636,13,12649,341
2020-10-18,Inyo,027,18085,233,5,238,15
2020-10-18,Kern,029,883053,33547,396,33943,433
2020-10-18,Kings,031,150075,8365,46,8411,82
2020-10-18,Lake,033,64148,698,0,698,13
2020-10-18,Lassen,035,31185,768,2,770,1
2020-10-18,Los Angeles,037,10098052,293869,2561,296430,7023
2020-10-18,Madera,039,155013,4944,37,4981,103
2020-10-18,Marin,041,260295,1206,8,1214,88
2020-10-18,Mariposa,043,17540,79,0,79,0
2020-10-18,Mendocino,045,87422,1056,4,1060,21
2020-10-18,Merced,047,269075,9396,30,9426,158
2020-10-18,Modoc,049,8938,30,0,30,0
2020-10-18,Mono,051,14174,177,6,183,2
2020-10-18,Monterey,053,433212,11118,44,11162,84
2020-10-18,Napa,055,140530,1958,8,1966,14
2020-10-18,Nevada,057,99092,610,18,628,6
2020-10-18,Orange,059,3164182,59484,1672,61156,1495
2020-10-18,Placer,061,380077,4131,15,4146,57
2020-10-18,Plumas,063,18699,62,0,62,0
2020-10-18,Riverside,065,2383286,65665,261,65926,1328
2020-10-18,Sacramento,067,1510023,24940,29,24969,511
2020-10-18,San Benito,069,59416,1406,1,1407,13
2020-10-18,San Bernardino,071,2135413,61549,391,61940,1214
2020-10-18,San Diego,073,3302833,54438,1403,55841,886
2020-10-18,San Francisco,075,870044,12037,44,12081,156
2020-10-18,San Joaquin,077,732212,21506,151,21657,523
2020-10-18,San Luis Obispo,079,281455,4260,20,4280,32
2020-10-18,San Mateo,081,765935,11096,11,11107,167
2020-10-18,Santa Barbara,083,443738,9776,86,9862,126
2020-10-18,Santa Clara,085,1922200,24644,50,24694,347
2020-10-18,Santa Cruz,087,273765,2778,32,2810,26
2020-10-18,Shasta,089,179085,1983,18,2001,34
2020-10-18,Sierra,091,2930,6,0,6,0
2020-10-18,Siskiyou,093,43540,182,10,192,0
2020-10-18,Solano,095,438530,7226,37,7263,85
2020-10-18,Sonoma,097,501317,9199,23,9222,123
2020-10-18,Stanislaus,099,539301,17480,687,18167,376
2020-10-18,Sutter,101,95872,1800,1,1801,12
2020-10-18,Tehama,103,63373,839,2,841,8
2020-10-18,Trinity,105,12862,75,9,84,0
2020-10-18,Tulare,107,460477,17635,291,17926,294
2020-10-18,Tuolumne,109,53932,266,6,272,4
2020-10-18,Ventura,111,848112,14618,307,14925,170
2020-10-18,Yolo,113,214977,3152,10,3162,62
2020-10-18,Yuba,115,75493,1208,3,1211,9
2020-10-17,Alameda,001,1643700,23122,208,23330,392
2020-10-17,Alpine,002,1148,3,0,3,0
2020-10-17,Amador,005,37829,314,0,314,16
2020-10-17,Butte,007,227075,3129,57,3186,56
2020-10-17,Calaveras,009,45235,328,0,328,20
2020-10-17,Colusa,011,21464,545,1,546,6
2020-10-17,Contra Costa,013,1133247,18558,92,18650,251
2020-10-17,Del Norte,015,27424,170,0,170,1
2020-10-17,El Dorado,017,186661,1343,13,1356,4
2020-10-17,Fresno,019,978130,32891,430,33321,470
2020-10-17,Glenn,021,27897,652,0,652,3
2020-10-17,Humboldt,023,135768,551,1,552,8
2020-10-17,Imperial,025,180216,12608,13,12621,341
2020-10-17,Inyo,027,18085,228,5,233,15
2020-10-17,Kern,029,883053,33496,393,33889,431
2020-10-17,Kings,031,150075,8359,45,8404,82
2020-10-17,Lake,033,64148,695,0,695,13
2020-10-17,Lassen,035,31185,768,2,770,1
2020-10-17,Los Angeles,037,10098052,293115,2534,295649,7014
2020-10-17,Madera,039,155013,4938,37,4975,102
2020-10-17,Marin,041,260295,1206,8,1214,88
2020-10-17,Mariposa,043,17540,78,0,78,0
2020-10-17,Mendocino,045,87422,1049,4,1053,21
2020-10-17,Merced,047,269075,9383,30,9413,158
2020-10-17,Modoc,049,8938,30,0,30,0
2020-10-17,Mono,051,14174,176,6,182,2
2020-10-17,Monterey,053,433212,11079,43,11122,83
2020-10-17,Napa,055,140530,1949,8,1957,14
2020-10-17,Nevada,057,99092,609,18,627,6
2020-10-17,Orange,059,3164182,59342,1666,61008,1494
2020-10-17,Placer,061,380077,4104,15,4119,57
2020-10-17,Plumas,063,18699,62,0,62,0
2020-10-17,Riverside,065,2383286,65468,252,65720,1325
2020-10-17,Sacramento,067,1510023,24857,29,24886,509
2020-10-17,San Benito,069,59416,1402,1,1403,13
2020-10-17,San Bernardino,071,2135413,61276,384,61660,1212
2020-10-17,San Diego,073,3302833,54213,1392,55605,882
2020-10-17,San Francisco,075,870044,12010,43,12053,155
2020-10-17,San Joaquin,077,732212,21452,145,21597,520
2020-10-17,San Luis Obispo,079,281455,4245,20,4265,32
2020-10-17,San Mateo,081,765935,11068,11,11079,167
2020-10-17,Santa Barbara,083,443738,9757,84,9841,126
2020-10-17,Santa Clara,085,1922200,24554,50,24604,345
2020-10-17,Santa Cruz,087,273765,2764,32,2796,26
2020-10-17,Shasta,089,179085,1957,18,1975,34
2020-10-17,Sierra,091,2930,6,0,6,0
2020-10-17,Siskiyou,093,43540,181,10,191,0
2020-10-17,Solano,095,438530,7199,37,7236,85
2020-10-17,Sonoma,097,501317,9156,23,9179,123
2020-10-17,Stanislaus,099,539301,17439,678,18117,376
2020-10-17,Sutter,101,95872,1798,1,1799,12
2020-10-17,Tehama,103,63373,823,2,825,8
2020-10-17,Trinity,105,12862,75,9,84,0
2020-10-17,Tulare,107,460477,17605,282,17887,293
2020-10-17,Tuolumne,109,53932,266,6,272,4
2020-10-17,Ventura,111,848112,14573,304,14877,170
2020-10-17,Yolo,113,214977,3137,9,3146,61
2020-10-17,Yuba,115,75493,1203,3,1206,9
2020-10-16,Alameda,001,1643700,23068,208,23276,392
2020-10-16,Alpine,002,1148,3,0,3,0
2020-10-16,Amador,005,37829,314,0,314,16
2020-10-16,Butte,007,227075,3117,57,3174,56
2020-10-16,Calaveras,009,45235,328,0,328,20
2020-10-16,Colusa,011,21464,544,1,545,6
2020-10-16,Contra Costa,013,1133247,18506,92,18598,251
2020-10-16,Del Norte,015,27424,169,0,169,1
2020-10-16,El Dorado,017,186661,1337,13,1350,4
2020-10-16,Fresno,019,978130,32816,429,33245,469
2020-10-16,Glenn,021,27897,647,0,647,3
2020-10-16,Humboldt,023,135768,551,1,552,8
2020-10-16,Imperial,025,180216,12568,13,12581,341
2020-10-16,Inyo,027,18085,224,5,229,15
2020-10-16,Kern,029,883053,33453,391,33844,431
2020-10-16,Kings,031,150075,8350,44,8394,82
2020-10-16,Lake,033,64148,693,0,693,13
2020-10-16,Lassen,035,31185,768,2,770,1
2020-10-16,Los Angeles,037,10098052,292051,2513,294564,7002
2020-10-16,Madera,039,155013,4926,36,4962,101
2020-10-16,Marin,041,260295,1206,8,1214,88
2020-10-16,Mariposa,043,17540,78,0,78,0
2020-10-16,Mendocino,045,87422,1042,4,1046,21
2020-10-16,Merced,047,269075,9366,30,9396,158
2020-10-16,Modoc,049,8938,30,0,30,0
2020-10-16,Mono,051,14174,174,6,180,2
2020-10-16,Monterey,053,433212,11044,43,11087,81
2020-10-16,Napa,055,140530,1940,8,1948,14
2020-10-16,Nevada,057,99092,607,18,625,6
2020-10-16,Orange,059,3164182,59163,1660,60823,1492
2020-10-16,Placer,061,380077,4083,15,4098,57
2020-10-16,Plumas,063,18699,61,0,61,0
2020-10-16,Riverside,065,2383286,65242,251,65493,1324
2020-10-16,Sacramento,067,1510023,24762,29,24791,507
2020-10-16,San Benito,069,59416,1399,1,1400,13
2020-10-16,San Bernardino,071,2135413,61006,384,61390,1209
2020-10-16,San Diego,073,3302833,53971,1378,55349,879
2020-10-16,San Francisco,075,870044,11987,42,12029,155
2020-10-16,San Joaquin,077,732212,21407,144,21551,520
2020-10-16,San Luis Obispo,079,281455,4229,20,4249,32
2020-10-16,San Mateo,081,765935,11042,11,11053,166
2020-10-16,Santa Barbara,083,443738,9738,84,9822,126
2020-10-16,Santa Clara,085,1922200,24466,50,24516,345
2020-10-16,Santa Cruz,087,273765,2751,32,2783,25
2020-10-16,Shasta,089,179085,1935,18,1953,34
2020-10-16,Sierra,091,2930,6,0,6,0
2020-10-16,Siskiyou,093,43540,179,10,189,0
2020-10-16,Solano,095,438530,7176,37,7213,84
2020-10-16,Sonoma,097,501317,9100,23,9123,120
2020-10-16,Stanislaus,099,539301,17405,670,18075,376
2020-10-16,Sutter,101,95872,1790,1,1791,12
2020-10-16,Tehama,103,63373,822,2,824,8
2020-10-16,Trinity,105,12862,75,9,84,0
2020-10-16,Tulare,107,460477,17573,274,17847,293
2020-10-16,Tuolumne,109,53932,264,6,270,4
2020-10-16,Ventura,111,848112,14530,299,14829,168
2020-10-16,Yolo,113,214977,3128,9,3137,61
2020-10-16,Yuba,115,75493,1203,3,1206,9
2020-10-15,Alameda,001,1643700,23000,207,23207,392
2020-10-15,Alpine,002,1148,3,0,3,0
2020-10-15,Amador,005,37829,314,0,314,16
2020-10-15,Butte,007,227075,3105,56,3161,56
2020-10-15,Calaveras,009,45235,327,0,327,20
2020-10-15,Colusa,011,21464,543,1,544,6
2020-10-15,Contra Costa,013,1133247,18438,91,18529,250
2020-10-15,Del Norte,015,27424,169,0,169,1
2020-10-15,El Dorado,017,186661,1332,13,1345,4
2020-10-15,Fresno,019,978130,32716,426,33142,467
2020-10-15,Glenn,021,27897,642,0,642,3
2020-10-15,Humboldt,023,135768,547,1,548,8
2020-10-15,Imperial,025,180216,12527,12,12539,341
2020-10-15,Inyo,027,18085,224,5,229,15
2020-10-15,Kern,029,883053,33372,388,33760,431
2020-10-15,Kings,031,150075,8335,44,8379,82
2020-10-15,Lake,033,64148,691,0,691,13
2020-10-15,Lassen,035,31185,767,2,769,1
2020-10-15,Los Angeles,037,10098052,290766,2480,293246,6981
2020-10-15,Madera,039,155013,4913,35,4948,101
2020-10-15,Marin,041,260295,1206,8,1214,88
2020-10-15,Mariposa,043,17540,78,0,78,0
2020-10-15,Mendocino,045,87422,1036,4,1040,21
2020-10-15,Merced,047,269075,9340,29,9369,158
2020-10-15,Modoc,049,8938,30,0,30,0
2020-10-15,Mono,051,14174,174,6,180,2
2020-10-15,Monterey,053,433212,10977,42,11019,81
2020-10-15,Napa,055,140530,1927,8,1935,14
2020-10-15,Nevada,057,99092,603,18,621,6
2020-10-15,Orange,059,3164182,58947,1648,60595,1491
2020-10-15,Placer,061,380077,4054,15,4069,57
2020-10-15,Plumas,063,18699,58,0,58,0
2020-10-15,Riverside,065,2383286,64910,248,65158,1323
2020-10-15,Sacramento,067,1510023,24646,29,24675,503
2020-10-15,San Benito,069,59416,1396,1,1397,12
2020-10-15,San Bernardino,071,2135413,60667,381,61048,1205
2020-10-15,San Diego,073,3302833,53687,1362,55049,876
2020-10-15,San Francisco,075,870044,11959,39,11998,155
2020-10-15,San Joaquin,077,732212,21336,138,21474,520
2020-10-15,San Luis Obispo,079,281455,4213,20,4233,32
2020-10-15,San Mateo,081,765935,11002,11,11013,165
2020-10-15,Santa Barbara,083,443738,9714,83,9797,125
2020-10-15,Santa Clara,085,1922200,24350,50,24400,345
2020-10-15,Santa Cruz,087,273765,2737,32,2769,25
2020-10-15,Shasta,089,179085,1924,18,1942,34
2020-10-15,Sierra,091,2930,6,0,6,0
2020-10-15,Siskiyou,093,43540,175,10,185,0
2020-10-15,Solano,095,438530,7137,37,7174,84
2020-10-15,Sonoma,097,501317,9008,23,9031,120
2020-10-15,Stanislaus,099,539301,17367,656,18023,376
2020-10-15,Sutter,101,95872,1787,1,1788,12
2020-10-15,Tehama,103,63373,795,2,797,8
2020-10-15,Trinity,105,12862,75,9,84,0
2020-10-15,Tulare,107,460477,17513,259,17772,292
2020-10-15,Tuolumne,109,53932,262,6,268,4
2020-10-15,Ventura,111,848112,14474,294,14768,168
2020-10-15,Yolo,113,214977,3108,9,3117,60
2020-10-15,Yuba,115,75493,1196,3,1199,9
2020-10-14,Alameda,001,1643700,22901,206,23107,391
2020-10-14,Alpine,002,1148,3,0,3,0
2020-10-14,Amador,005,37829,312,0,312,16
2020-10-14,Butte,007,227075,3097,56,3153,56
2020-10-14,Calaveras,009,45235,327,0,327,20
2020-10-14,Colusa,011,21464,543,1,544,6
2020-10-14,Contra Costa,013,1133247,18380,89,18469,250
2020-10-14,Del Norte,015,27424,168,0,168,1
2020-10-14,El Dorado,017,186661,1326,12,1338,4
2020-10-14,Fresno,019,978130,32603,420,33023,466
2020-10-14,Glenn,021,27897,641,0,641,3
2020-10-14,Humboldt,023,135768,544,1,545,7
2020-10-14,Imperial,025,180216,12490,10,12500,341
2020-10-14,Inyo,027,18085,223,4,227,15
2020-10-14,Kern,029,883053,33297,386,33683,431
2020-10-14,Kings,031,150075,8317,44,8361,82
2020-10-14,Lake,033,64148,690,0,690,13
2020-10-14,Lassen,035,31185,765,2,767,1
2020-10-14,Los Angeles,037,10098052,289451,2437,291888,6967
2020-10-14,Madera,039,155013,4898,33,4931,101
2020-10-14,Marin,041,260295,1206,8,1214,88
2020-10-14,Mariposa,043,17540,77,0,77,0
2020-10-14,Mendocino,045,87422,1030,4,1034,21
2020-10-14,Merced,047,269075,9323,28,9351,157
2020-10-14,Modoc,049,8938,30,0,30,0
2020-10-14,Mono,051,14174,174,6,180,2
2020-10-14,Monterey,053,433212,10927,42,10969,80
2020-10-14,Napa,055,140530,1910,8,1918,14
2020-10-14,Nevada,057,99092,601,18,619,6
2020-10-14,Orange,059,3164182,58734,1639,60373,1488
2020-10-14,Placer,061,380077,4031,15,4046,57
2020-10-14,Plumas,063,18699,54,0,54,0
2020-10-14,Riverside,065,2383286,64627,247,64874,1319
2020-10-14,Sacramento,067,1510023,24502,29,24531,502
2020-10-14,San Benito,069,59416,1394,0,1394,12
2020-10-14,San Bernardino,071,2135413,60341,377,60718,1202
2020-10-14,San Diego,073,3302833,53368,1338,54706,873
2020-10-14,San Francisco,075,870044,11927,38,11965,155
2020-10-14,San Joaquin,077,732212,21257,124,21381,520
2020-10-14,San Luis Obispo,079,281455,4190,19,4209,32
2020-10-14,San Mateo,081,765935,10951,11,10962,164
2020-10-14,Santa Barbara,083,443738,9680,83,9763,123
2020-10-14,Santa Clara,085,1922200,24201,50,24251,343
2020-10-14,Santa Cruz,087,273765,2727,32,2759,24
2020-10-14,Shasta,089,179085,1886,18,1904,34
2020-10-14,Sierra,091,2930,6,0,6,0
2020-10-14,Siskiyou,093,43540,175,10,185,0
2020-10-14,Solano,095,438530,7081,37,7118,84
2020-10-14,Sonoma,097,501317,8955,23,8978,119
2020-10-14,Stanislaus,099,539301,17322,653,17975,376
2020-10-14,Sutter,101,95872,1778,1,1779,12
2020-10-14,Tehama,103,63373,784,2,786,8
2020-10-14,Trinity,105,12862,74,9,83,0
2020-10-14,Tulare,107,460477,17450,246,17696,291
2020-10-14,Tuolumne,109,53932,261,6,267,4
2020-10-14,Ventura,111,848112,14420,290,14710,168
2020-10-14,Yolo,113,214977,3090,8,3098,60
2020-10-14,Yuba,115,75493,1188,3,1191,9
2020-10-13,Alameda,001,1643700,22797,204,23001,390
2020-10-13,Alpine,002,1148,3,0,3,0
2020-10-13,Amador,005,37829,310,0,310,16
2020-10-13,Butte,007,227075,3089,56,3145,55
2020-10-13,Calaveras,009,45235,323,0,323,20
2020-10-13,Colusa,011,21464,543,1,544,6
2020-10-13,Contra Costa,013,1133247,18323,89,18412,249
2020-10-13,Del Norte,015,27424,168,0,168,1
2020-10-13,El Dorado,017,186661,1317,12,1329,4
2020-10-13,Fresno,019,978130,32481,416,32897,465
2020-10-13,Glenn,021,27897,640,0,640,3
2020-10-13,Humboldt,023,135768,542,1,543,7
2020-10-13,Imperial,025,180216,12454,10,12464,341
2020-10-13,Inyo,027,18085,220,4,224,15
2020-10-13,Kern,029,883053,33223,384,33607,431
2020-10-13,Kings,031,150075,8308,44,8352,82
2020-10-13,Lake,033,64148,687,0,687,13
2020-10-13,Lassen,035,31185,763,2,765,1
2020-10-13,Los Angeles,037,10098052,288170,2397,290567,6950
2020-10-13,Madera,039,155013,4879,33,4912,100
2020-10-13,Marin,041,260295,1206,8,1214,88
2020-10-13,Mariposa,043,17540,77,0,77,0
2020-10-13,Mendocino,045,87422,1021,4,1025,21
2020-10-13,Merced,047,269075,9309,28,9337,157
2020-10-13,Modoc,049,8938,29,0,29,0
2020-10-13,Mono,051,14174,174,5,179,2
2020-10-13,Monterey,053,433212,10866,41,10907,80
2020-10-13,Napa,055,140530,1901,8,1909,14
2020-10-13,Nevada,057,99092,594,18,612,6
2020-10-13,Orange,059,3164182,58521,1626,60147,1483
2020-10-13,Placer,061,380077,3993,15,4008,57
2020-10-13,Plumas,063,18699,52,0,52,0
2020-10-13,Riverside,065,2383286,64308,245,64553,1317
2020-10-13,Sacramento,067,1510023,24425,29,24454,498
2020-10-13,San Benito,069,59416,1386,0,1386,12
2020-10-13,San Bernardino,071,2135413,60003,375,60378,1198
2020-10-13,San Diego,073,3302833,53075,1321,54396,872
2020-10-13,San Francisco,075,870044,11890,38,11928,154
2020-10-13,San Joaquin,077,732212,21195,120,21315,519
2020-10-13,San Luis Obispo,079,281455,4173,18,4191,32
2020-10-13,San Mateo,081,765935,10908,11,10919,164
2020-10-13,Santa Barbara,083,443738,9648,83,9731,121
2020-10-13,Santa Clara,085,1922200,24073,50,24123,342
2020-10-13,Santa Cruz,087,273765,2709,32,2741,24
2020-10-13,Shasta,089,179085,1862,18,1880,34
2020-10-13,Sierra,091,2930,6,0,6,0
2020-10-13,Siskiyou,093,43540,174,10,184,0
2020-10-13,Solano,095,438530,7046,37,7083,84
2020-10-13,Sonoma,097,501317,8872,23,8895,119
2020-10-13,Stanislaus,099,539301,17277,648,17925,375
2020-10-13,Sutter,101,95872,1769,1,1770,12
2020-10-13,Tehama,103,63373,777,2,779,8
2020-10-13,Trinity,105,12862,70,8,78,0
2020-10-13,Tulare,107,460477,17393,238,17631,291
2020-10-13,Tuolumne,109,53932,259,6,265,4
2020-10-13,Ventura,111,848112,14366,286,14652,167
2020-10-13,Yolo,113,214977,3082,7,3089,60
2020-10-13,Yuba,115,75493,1183,3,1186,9
2020-10-12,Alameda,001,1643700,22718,203,22921,389
2020-10-12,Alpine,002,1148,3,0,3,0
2020-10-12,Amador,005,37829,309,0,309,16
2020-10-12,Butte,007,227075,3082,56,3138,54
2020-10-12,Calaveras,009,45235,323,0,323,20
2020-10-12,Colusa,011,21464,543,1,544,6
2020-10-12,Contra Costa,013,1133247,18249,89,18338,249
2020-10-12,Del Norte,015,27424,168,0,168,1
2020-10-12,El Dorado,017,186661,1314,12,1326,4
2020-10-12,Fresno,019,978130,32349,412,32761,463
2020-10-12,Glenn,021,27897,639,0,639,3
2020-10-12,Humboldt,023,135768,539,1,540,7
2020-10-12,Imperial,025,180216,12416,10,12426,341
2020-10-12,Inyo,027,18085,217,4,221,15
2020-10-12,Kern,029,883053,33130,380,33510,428
2020-10-12,Kings,031,150075,8302,44,8346,81
2020-10-12,Lake,033,64148,681,0,681,13
2020-10-12,Lassen,035,31185,763,2,765,1
2020-10-12,Los Angeles,037,10098052,286950,2370,289320,6930
2020-10-12,Madera,039,155013,4859,33,4892,99
2020-10-12,Marin,041,260295,1204,8,1212,88
2020-10-12,Mariposa,043,17540,77,0,77,0
2020-10-12,Mendocino,045,87422,1015,4,1019,21
2020-10-12,Merced,047,269075,9286,28,9314,156
2020-10-12,Modoc,049,8938,29,0,29,0
2020-10-12,Mono,051,14174,174,5,179,2
2020-10-12,Monterey,053,433212,10800,41,10841,79
2020-10-12,Napa,055,140530,1893,8,1901,14
2020-10-12,Nevada,057,99092,590,18,608,6
2020-10-12,Orange,059,3164182,58292,1616,59908,1483
2020-10-12,Placer,061,380077,3961,14,3975,57
2020-10-12,Plumas,063,18699,52,0,52,0
2020-10-12,Riverside,065,2383286,63997,241,64238,1313
2020-10-12,Sacramento,067,1510023,24320,29,24349,496
2020-10-12,San Benito,069,59416,1383,0,1383,12
2020-10-12,San Bernardino,071,2135413,59627,374,60001,1192
2020-10-12,San Diego,073,3302833,52785,1294,54079,872
2020-10-12,San Francisco,075,870044,11858,38,11896,154
2020-10-12,San Joaquin,077,732212,21132,114,21246,518
2020-10-12,San Luis Obispo,079,281455,4146,18,4164,32
2020-10-12,San Mateo,081,765935,10860,11,10871,163
2020-10-12,Santa Barbara,083,443738,9609,83,9692,121
2020-10-12,Santa Clara,085,1922200,23957,50,24007,342
2020-10-12,Santa Cruz,087,273765,2692,32,2724,24
2020-10-12,Shasta,089,179085,1837,18,1855,33
2020-10-12,Sierra,091,2930,6,0,6,0
2020-10-12,Siskiyou,093,43540,173,10,183,0
2020-10-12,Solano,095,438530,7007,37,7044,84
2020-10-12,Sonoma,097,501317,8800,23,8823,117
2020-10-12,Stanislaus,099,539301,17228,639,17867,375
2020-10-12,Sutter,101,95872,1761,1,1762,12
2020-10-12,Tehama,103,63373,761,2,763,8
2020-10-12,Trinity,105,12862,69,8,77,0
2020-10-12,Tulare,107,460477,17342,231,17573,290
2020-10-12,Tuolumne,109,53932,254,6,260,4
2020-10-12,Ventura,111,848112,14304,282,14586,167
2020-10-12,Yolo,113,214977,3067,7,3074,60
2020-10-12,Yuba,115,75493,1173,3,1176,9
2020-10-11,Alameda,001,1643700,22628,199,22827,388
2020-10-11,Alpine,002,1148,3,0,3,0
2020-10-11,Amador,005,37829,307,0,307,16
2020-10-11,Butte,007,227075,3074,55,3129,54
2020-10-11,Calaveras,009,45235,321,0,321,19
2020-10-11,Colusa,011,21464,541,1,542,6
2020-10-11,Contra Costa,013,1133247,18165,89,18254,249
2020-10-11,Del Norte,015,27424,166,0,166,1
2020-10-11,El Dorado,017,186661,1305,12,1317,4
2020-10-11,Fresno,019,978130,32211,404,32615,463
2020-10-11,Glenn,021,27897,637,0,637,3
2020-10-11,Humboldt,023,135768,538,1,539,7
2020-10-11,Imperial,025,180216,12357,10,12367,340
2020-10-11,Inyo,027,18085,213,4,217,15
2020-10-11,Kern,029,883053,33043,372,33415,428
2020-10-11,Kings,031,150075,8285,43,8328,81
2020-10-11,Lake,033,64148,668,0,668,13
2020-10-11,Lassen,035,31185,762,2,764,1
2020-10-11,Los Angeles,037,10098052,285514,2328,287842,6915
2020-10-11,Madera,039,155013,4831,32,4863,99
2020-10-11,Marin,041,260295,1204,8,1212,88
2020-10-11,Mariposa,043,17540,77,0,77,0
2020-10-11,Mendocino,045,87422,1008,4,1012,21
2020-10-11,Merced,047,269075,9267,28,9295,156
2020-10-11,Modoc,049,8938,29,0,29,0
2020-10-11,Mono,051,14174,174,5,179,2
2020-10-11,Monterey,053,433212,10749,39,10788,78
2020-10-11,Napa,055,140530,1877,8,1885,14
2020-10-11,Nevada,057,99092,588,18,606,6
2020-10-11,Orange,059,3164182,58062,1611,59673,1478
2020-10-11,Placer,061,380077,3940,14,3954,57
2020-10-11,Plumas,063,18699,52,0,52,0
2020-10-11,Riverside,065,2383286,63709,237,63946,1310
2020-10-11,Sacramento,067,1510023,24177,29,24206,496
2020-10-11,San Benito,069,59416,1382,0,1382,12
2020-10-11,San Bernardino,071,2135413,59175,372,59547,1186
2020-10-11,San Diego,073,3302833,52435,1272,53707,869
2020-10-11,San Francisco,075,870044,11815,37,11852,154
2020-10-11,San Joaquin,077,732212,21057,104,21161,518
2020-10-11,San Luis Obispo,079,281455,4129,17,4146,32
2020-10-11,San Mateo,081,765935,10828,11,10839,163
2020-10-11,Santa Barbara,083,443738,9578,82,9660,120
2020-10-11,Santa Clara,085,1922200,23817,49,23866,340
2020-10-11,Santa Cruz,087,273765,2678,32,2710,24
2020-10-11,Shasta,089,179085,1807,17,1824,33
2020-10-11,Sierra,091,2930,6,0,6,0
2020-10-11,Siskiyou,093,43540,172,10,182,0
2020-10-11,Solano,095,438530,6953,37,6990,84
2020-10-11,Sonoma,097,501317,8743,23,8766,117
2020-10-11,Stanislaus,099,539301,17163,623,17786,372
2020-10-11,Sutter,101,95872,1758,1,1759,12
2020-10-11,Tehama,103,63373,737,2,739,8
2020-10-11,Trinity,105,12862,69,8,77,0
2020-10-11,Tulare,107,460477,17278,223,17501,290
2020-10-11,Tuolumne,109,53932,249,6,255,4
2020-10-11,Ventura,111,848112,14243,277,14520,167
2020-10-11,Yolo,113,214977,3037,7,3044,60
2020-10-11,Yuba,115,75493,1162,3,1165,9
2020-10-10,Alameda,001,1643700,22578,198,22776,387
2020-10-10,Alpine,002,1148,3,0,3,0
2020-10-10,Amador,005,37829,306,0,306,16
2020-10-10,Butte,007,227075,3069,54,3123,54
2020-10-10,Calaveras,009,45235,320,0,320,19
2020-10-10,Colusa,011,21464,541,1,542,6
2020-10-10,Contra Costa,013,1133247,18129,88,18217,248
2020-10-10,Del Norte,015,27424,166,0,166,1
2020-10-10,El Dorado,017,186661,1303,12,1315,4
2020-10-10,Fresno,019,978130,32147,402,32549,463
2020-10-10,Glenn,021,27897,637,0,637,3
2020-10-10,Humboldt,023,135768,535,1,536,7
2020-10-10,Imperial,025,180216,12342,10,12352,340
2020-10-10,Inyo,027,18085,210,4,214,15
2020-10-10,Kern,029,883053,33006,372,33378,428
2020-10-10,Kings,031,150075,8281,43,8324,81
2020-10-10,Lake,033,64148,667,0,667,12
2020-10-10,Lassen,035,31185,762,2,764,1
2020-10-10,Los Angeles,037,10098052,284796,2294,287090,6899
2020-10-10,Madera,039,155013,4819,32,4851,99
2020-10-10,Marin,041,260295,1204,8,1212,88
2020-10-10,Mariposa,043,17540,77,0,77,0
2020-10-10,Mendocino,045,87422,1001,4,1005,21
2020-10-10,Merced,047,269075,9261,27,9288,156
2020-10-10,Modoc,049,8938,29,0,29,0
2020-10-10,Mono,051,14174,174,5,179,2
2020-10-10,Monterey,053,433212,10716,39,10755,77
2020-10-10,Napa,055,140530,1870,8,1878,13
2020-10-10,Nevada,057,99092,585,18,603,6
2020-10-10,Orange,059,3164182,57941,1606,59547,1474
2020-10-10,Placer,061,380077,3923,14,3937,57
2020-10-10,Plumas,063,18699,52,0,52,0
2020-10-10,Riverside,065,2383286,63506,235,63741,1307
2020-10-10,Sacramento,067,1510023,24109,29,24138,492
2020-10-10,San Benito,069,59416,1380,0,1380,12
2020-10-10,San Bernardino,071,2135413,59013,370,59383,1182
2020-10-10,San Diego,073,3302833,52205,1254,53459,868
2020-10-10,San Francisco,075,870044,11794,37,11831,153
2020-10-10,San Joaquin,077,732212,21029,100,21129,516
2020-10-10,San Luis Obispo,079,281455,4109,17,4126,32
2020-10-10,San Mateo,081,765935,10791,11,10802,163
2020-10-10,Santa Barbara,083,443738,9567,82,9649,120
2020-10-10,Santa Clara,085,1922200,23726,49,23775,337
2020-10-10,Santa Cruz,087,273765,2664,32,2696,22
2020-10-10,Shasta,089,179085,1790,17,1807,33
2020-10-10,Sierra,091,2930,6,0,6,0
2020-10-10,Siskiyou,093,43540,172,10,182,0
2020-10-10,Solano,095,438530,6927,37,6964,84
2020-10-10,Sonoma,097,501317,8723,23,8746,117
2020-10-10,Stanislaus,099,539301,17128,615,17743,370
2020-10-10,Sutter,101,95872,1755,1,1756,12
2020-10-10,Tehama,103,63373,730,2,732,8
2020-10-10,Trinity,105,12862,69,8,77,0
2020-10-10,Tulare,107,460477,17242,218,17460,290
2020-10-10,Tuolumne,109,53932,249,6,255,4
2020-10-10,Ventura,111,848112,14218,277,14495,167
2020-10-10,Yolo,113,214977,3028,7,3035,60
2020-10-10,Yuba,115,75493,1160,3,1163,9
2020-10-09,Alameda,001,1643700,22530,198,22728,386
2020-10-09,Alpine,002,1148,3,0,3,0
2020-10-09,Amador,005,37829,306,0,306,16
2020-10-09,Butte,007,227075,3066,54,3120,53
2020-10-09,Calaveras,009,45235,318,0,318,19
2020-10-09,Colusa,011,21464,541,1,542,6
2020-10-09,Contra Costa,013,1133247,18078,88,18166,248
2020-10-09,Del Norte,015,27424,165,0,165,1
2020-10-09,El Dorado,017,186661,1299,12,1311,4
2020-10-09,Fresno,019,978130,32073,400,32473,460
2020-10-09,Glenn,021,27897,632,0,632,3
2020-10-09,Humboldt,023,135768,533,1,534,7
2020-10-09,Imperial,025,180216,12316,10,12326,340
2020-10-09,Inyo,027,18085,207,4,211,15
2020-10-09,Kern,029,883053,32962,370,33332,428
2020-10-09,Kings,031,150075,8274,41,8315,81
2020-10-09,Lake,033,64148,657,0,657,11
2020-10-09,Lassen,035,31185,762,2,764,1
2020-10-09,Los Angeles,037,10098052,283661,2270,285931,6890
2020-10-09,Madera,039,155013,4809,32,4841,99
2020-10-09,Marin,041,260295,1204,8,1212,88
2020-10-09,Mariposa,043,17540,77,0,77,0
2020-10-09,Mendocino,045,87422,991,4,995,21
2020-10-09,Merced,047,269075,9246,27,9273,155
2020-10-09,Modoc,049,8938,29,0,29,0
2020-10-09,Mono,051,14174,174,5,179,2
2020-10-09,Monterey,053,433212,10682,39,10721,77
2020-10-09,Napa,055,140530,1860,8,1868,13
2020-10-09,Nevada,057,99092,580,18,598,6
2020-10-09,Orange,059,3164182,57769,1601,59370,1472
2020-10-09,Placer,061,380077,3909,13,3922,57
2020-10-09,Plumas,063,18699,52,0,52,0
2020-10-09,Riverside,065,2383286,63271,234,63505,1302
2020-10-09,Sacramento,067,1510023,24040,29,24069,490
2020-10-09,San Benito,069,59416,1375,0,1375,11
2020-10-09,San Bernardino,071,2135413,58773,368,59141,1177
2020-10-09,San Diego,073,3302833,51929,1243,53172,860
2020-10-09,San Francisco,075,870044,11764,37,11801,150
2020-10-09,San Joaquin,077,732212,20999,92,21091,512
2020-10-09,San Luis Obispo,079,281455,4090,17,4107,32
2020-10-09,San Mateo,081,765935,10763,11,10774,163
2020-10-09,Santa Barbara,083,443738,9539,82,9621,120
2020-10-09,Santa Clara,085,1922200,23624,48,23672,337
2020-10-09,Santa Cruz,087,273765,2655,32,2687,22
2020-10-09,Shasta,089,179085,1764,16,1780,33
2020-10-09,Sierra,091,2930,6,0,6,0
2020-10-09,Siskiyou,093,43540,170,10,180,0
2020-10-09,Solano,095,438530,6888,37,6925,84
2020-10-09,Sonoma,097,501317,8669,23,8692,117
2020-10-09,Stanislaus,099,539301,17103,608,17711,370
2020-10-09,Sutter,101,95872,1751,1,1752,12
2020-10-09,Tehama,103,63373,724,2,726,8
2020-10-09,Trinity,105,12862,69,8,77,0
2020-10-09,Tulare,107,460477,17202,209,17411,287
2020-10-09,Tuolumne,109,53932,246,6,252,4
2020-10-09,Ventura,111,848112,14182,274,14456,166
2020-10-09,Yolo,113,214977,3021,7,3028,59
2020-10-09,Yuba,115,75493,1159,3,1162,9
2020-10-08,Alameda,001,1643700,22449,197,22646,385
2020-10-08,Alpine,002,1148,3,0,3,0
2020-10-08,Amador,005,37829,305,0,305,16
2020-10-08,Butte,007,227075,3056,54,3110,53
2020-10-08,Calaveras,009,45235,317,0,317,19
2020-10-08,Colusa,011,21464,541,1,542,6
2020-10-08,Contra Costa,013,1133247,18018,87,18105,246
2020-10-08,Del Norte,015,27424,165,0,165,1
2020-10-08,El Dorado,017,186661,1298,12,1310,4
2020-10-08,Fresno,019,978130,31969,400,32369,459
2020-10-08,Glenn,021,27897,629,0,629,3
2020-10-08,Humboldt,023,135768,529,1,530,7
2020-10-08,Imperial,025,180216,12276,10,12286,340
2020-10-08,Inyo,027,18085,204,4,208,15
2020-10-08,Kern,029,883053,32904,365,33269,426
2020-10-08,Kings,031,150075,8268,41,8309,81
2020-10-08,Lake,033,64148,652,0,652,11
2020-10-08,Lassen,035,31185,757,2,759,0
2020-10-08,Los Angeles,037,10098052,282458,2230,284688,6877
2020-10-08,Madera,039,155013,4791,32,4823,99
2020-10-08,Marin,041,260295,1204,8,1212,87
2020-10-08,Mariposa,043,17540,77,0,77,0
2020-10-08,Mendocino,045,87422,986,4,990,21
2020-10-08,Merced,047,269075,9225,27,9252,155
2020-10-08,Modoc,049,8938,29,0,29,0
2020-10-08,Mono,051,14174,174,5,179,2
2020-10-08,Monterey,053,433212,10615,39,10654,76
2020-10-08,Napa,055,140530,1845,8,1853,13
2020-10-08,Nevada,057,99092,577,18,595,6
2020-10-08,Orange,059,3164182,57577,1590,59167,1466
2020-10-08,Placer,061,380077,3891,13,3904,57
2020-10-08,Plumas,063,18699,52,0,52,0
2020-10-08,Riverside,065,2383286,63003,233,63236,1300
2020-10-08,Sacramento,067,1510023,23933,29,23962,489
2020-10-08,San Benito,069,59416,1370,0,1370,11
2020-10-08,San Bernardino,071,2135413,58408,367,58775,1176
2020-10-08,San Diego,073,3302833,51649,1211,52860,854
2020-10-08,San Francisco,075,870044,11726,37,11763,146
2020-10-08,San Joaquin,077,732212,20947,87,21034,512
2020-10-08,San Luis Obispo,079,281455,4074,17,4091,32
2020-10-08,San Mateo,081,765935,10731,11,10742,163
2020-10-08,Santa Barbara,083,443738,9511,82,9593,120
2020-10-08,Santa Clara,085,1922200,23522,48,23570,336
2020-10-08,Santa Cruz,087,273765,2643,32,2675,21
2020-10-08,Shasta,089,179085,1730,16,1746,30
2020-10-08,Sierra,091,2930,6,0,6,0
2020-10-08,Siskiyou,093,43540,170,10,180,0
2020-10-08,Solano,095,438530,6864,37,6901,84
2020-10-08,Sonoma,097,501317,8605,23,8628,117
2020-10-08,Stanislaus,099,539301,17057,600,17657,369
2020-10-08,Sutter,101,95872,1751,1,1752,12
2020-10-08,Tehama,103,63373,715,2,717,8
2020-10-08,Trinity,105,12862,68,8,76,0
2020-10-08,Tulare,107,460477,17141,201,17342,287
2020-10-08,Tuolumne,109,53932,245,6,251,4
2020-10-08,Ventura,111,848112,14134,272,14406,165
2020-10-08,Yolo,113,214977,3004,7,3011,59
2020-10-08,Yuba,115,75493,1154,3,1157,9
2020-10-07,Alameda,001,1643700,22372,197,22569,383
2020-10-07,Alpine,002,1148,3,0,3,0
2020-10-07,Amador,005,37829,305,0,305,16
2020-10-07,Butte,007,227075,3045,54,3099,53
2020-10-07,Calaveras,009,45235,315,0,315,19
2020-10-07,Colusa,011,21464,540,0,540,6
2020-10-07,Contra Costa,013,1133247,17948,86,18034,246
2020-10-07,Del Norte,015,27424,164,0,164,1
2020-10-07,El Dorado,017,186661,1290,12,1302,4
2020-10-07,Fresno,019,978130,31848,395,32243,458
2020-10-07,Glenn,021,27897,629,0,629,3
2020-10-07,Humboldt,023,135768,526,1,527,7
2020-10-07,Imperial,025,180216,12239,9,12248,340
2020-10-07,Inyo,027,18085,204,4,208,15
2020-10-07,Kern,029,883053,32831,364,33195,426
2020-10-07,Kings,031,150075,8253,41,8294,81
2020-10-07,Lake,033,64148,651,0,651,11
2020-10-07,Lassen,035,31185,757,2,759,0
2020-10-07,Los Angeles,037,10098052,281274,2198,283472,6855
2020-10-07,Madera,039,155013,4771,32,4803,99
2020-10-07,Marin,041,260295,1203,8,1211,87
2020-10-07,Mariposa,043,17540,77,0,77,0
2020-10-07,Mendocino,045,87422,980,4,984,21
2020-10-07,Merced,047,269075,9189,26,9215,155
2020-10-07,Modoc,049,8938,29,0,29,0
2020-10-07,Mono,051,14174,173,4,177,2
2020-10-07,Monterey,053,433212,10556,39,10595,76
2020-10-07,Napa,055,140530,1832,8,1840,13
2020-10-07,Nevada,057,99092,573,18,591,6
2020-10-07,Orange,059,3164182,57361,1579,58940,1460
2020-10-07,Placer,061,380077,3875,13,3888,56
2020-10-07,Plumas,063,18699,52,0,52,0
2020-10-07,Riverside,065,2383286,62656,229,62885,1299
2020-10-07,Sacramento,067,1510023,23836,29,23865,487
2020-10-07,San Benito,069,59416,1367,0,1367,11
2020-10-07,San Bernardino,071,2135413,58059,366,58425,1173
2020-10-07,San Diego,073,3302833,51333,1187,52520,850
2020-10-07,San Francisco,075,870044,11690,37,11727,143
2020-10-07,San Joaquin,077,732212,20895,80,20975,509
2020-10-07,San Luis Obispo,079,281455,4044,17,4061,32
2020-10-07,San Mateo,081,765935,10688,11,10699,163
2020-10-07,Santa Barbara,083,443738,9485,81,9566,119
2020-10-07,Santa Clara,085,1922200,23394,48,23442,331
2020-10-07,Santa Cruz,087,273765,2631,32,2663,20
2020-10-07,Shasta,089,179085,1687,16,1703,30
2020-10-07,Sierra,091,2930,6,0,6,0
2020-10-07,Siskiyou,093,43540,168,10,178,0
2020-10-07,Solano,095,438530,6829,37,6866,84
2020-10-07,Sonoma,097,501317,8530,22,8552,117
2020-10-07,Stanislaus,099,539301,17022,594,17616,369
2020-10-07,Sutter,101,95872,1748,1,1749,12
2020-10-07,Tehama,103,63373,706,2,708,8
2020-10-07,Trinity,105,12862,64,8,72,0
2020-10-07,Tulare,107,460477,17098,193,17291,287
2020-10-07,Tuolumne,109,53932,245,6,251,4
2020-10-07,Ventura,111,848112,14084,266,14350,165
2020-10-07,Yolo,113,214977,2979,7,2986,59
2020-10-07,Yuba,115,75493,1148,3,1151,9
2020-10-06,Alameda,001,1643700,22281,195,22476,382
2020-10-06,Alpine,002,1148,3,0,3,0
2020-10-06,Amador,005,37829,303,0,303,16
2020-10-06,Butte,007,227075,3038,54,3092,53
2020-10-06,Calaveras,009,45235,315,0,315,19
2020-10-06,Colusa,011,21464,539,0,539,6
2020-10-06,Contra Costa,013,1133247,17869,86,17955,246
2020-10-06,Del Norte,015,27424,164,0,164,1
2020-10-06,El Dorado,017,186661,1286,12,1298,4
2020-10-06,Fresno,019,978130,31705,392,32097,457
2020-10-06,Glenn,021,27897,626,0,626,3
2020-10-06,Humboldt,023,135768,523,1,524,7
2020-10-06,Imperial,025,180216,12201,9,12210,340
2020-10-06,Inyo,027,18085,202,4,206,15
2020-10-06,Kern,029,883053,32755,362,33117,424
2020-10-06,Kings,031,150075,8237,41,8278,81
2020-10-06,Lake,033,64148,645,0,645,11
2020-10-06,Lassen,035,31185,757,2,759,0
2020-10-06,Los Angeles,037,10098052,280036,2149,282185,6835
2020-10-06,Madera,039,155013,4759,32,4791,99
2020-10-06,Marin,041,260295,1203,8,1211,87
2020-10-06,Mariposa,043,17540,77,0,77,0
2020-10-06,Mendocino,045,87422,973,4,977,21
2020-10-06,Merced,047,269075,9152,25,9177,155
2020-10-06,Modoc,049,8938,29,0,29,0
2020-10-06,Mono,051,14174,173,4,177,2
2020-10-06,Monterey,053,433212,10501,37,10538,75
2020-10-06,Napa,055,140530,1826,8,1834,12
2020-10-06,Nevada,057,99092,570,18,588,6
2020-10-06,Orange,059,3164182,57145,1570,58715,1456
2020-10-06,Placer,061,380077,3853,13,3866,56
2020-10-06,Plumas,063,18699,52,0,52,0
2020-10-06,Riverside,065,2383286,62391,227,62618,1291
2020-10-06,Sacramento,067,1510023,23750,29,23779,485
2020-10-06,San Benito,069,59416,1366,0,1366,11
2020-10-06,San Bernardino,071,2135413,57745,361,58106,1164
2020-10-06,San Diego,073,3302833,50996,1170,52166,846
2020-10-06,San Francisco,075,870044,11664,36,11700,143
2020-10-06,San Joaquin,077,732212,20855,77,20932,509
2020-10-06,San Luis Obispo,079,281455,4010,17,4027,32
2020-10-06,San Mateo,081,765935,10656,11,10667,161
2020-10-06,Santa Barbara,083,443738,9456,80,9536,119
2020-10-06,Santa Clara,085,1922200,23299,48,23347,331
2020-10-06,Santa Cruz,087,273765,2609,32,2641,20
2020-10-06,Shasta,089,179085,1647,16,1663,30
2020-10-06,Sierra,091,2930,6,0,6,0
2020-10-06,Siskiyou,093,43540,168,10,178,0
2020-10-06,Solano,095,438530,6783,37,6820,84
2020-10-06,Sonoma,097,501317,8437,22,8459,117
2020-10-06,Stanislaus,099,539301,16977,588,17565,369
2020-10-06,Sutter,101,95872,1746,1,1747,12
2020-10-06,Tehama,103,63373,696,2,698,7
2020-10-06,Trinity,105,12862,64,8,72,0
2020-10-06,Tulare,107,460477,17056,185,17241,287
2020-10-06,Tuolumne,109,53932,244,6,250,4
2020-10-06,Ventura,111,848112,14017,261,14278,165
2020-10-06,Yolo,113,214977,2965,7,2972,59
2020-10-06,Yuba,115,75493,1147,3,1150,9
2020-10-05,Alameda,001,1643700,22193,192,22385,382
2020-10-05,Alpine,002,1148,3,0,3,0
2020-10-05,Amador,005,37829,303,0,303,16
2020-10-05,Butte,007,227075,3028,54,3082,52
2020-10-05,Calaveras,009,45235,315,0,315,19
2020-10-05,Colusa,011,21464,539,0,539,6
2020-10-05,Contra Costa,013,1133247,17792,86,17878,246
2020-10-05,Del Norte,015,27424,161,0,161,1
2020-10-05,El Dorado,017,186661,1282,11,1293,4
2020-10-05,Fresno,019,978130,31588,392,31980,456
2020-10-05,Glenn,021,27897,624,0,624,3
2020-10-05,Humboldt,023,135768,522,1,523,7
2020-10-05,Imperial,025,180216,12160,9,12169,340
2020-10-05,Inyo,027,18085,202,4,206,15
2020-10-05,Kern,029,883053,32676,358,33034,422
2020-10-05,Kings,031,150075,8139,41,8180,81
2020-10-05,Lake,033,64148,641,0,641,11
2020-10-05,Lassen,035,31185,756,2,758,0
2020-10-05,Los Angeles,037,10098052,278939,2112,281051,6818
2020-10-05,Madera,039,155013,4751,30,4781,99
2020-10-05,Marin,041,260295,1202,8,1210,87
2020-10-05,Mariposa,043,17540,77,0,77,0
2020-10-05,Mendocino,045,87422,965,4,969,20
2020-10-05,Merced,047,269075,9132,24,9156,155
2020-10-05,Modoc,049,8938,29,0,29,0
2020-10-05,Mono,051,14174,173,4,177,2
2020-10-05,Monterey,053,433212,10454,37,10491,74
2020-10-05,Napa,055,140530,1815,8,1823,12
2020-10-05,Nevada,057,99092,567,17,584,6
2020-10-05,Orange,059,3164182,56929,1557,58486,1453
2020-10-05,Placer,061,380077,3827,13,3840,56
2020-10-05,Plumas,063,18699,51,0,51,0
2020-10-05,Riverside,065,2383286,62071,223,62294,1289
2020-10-05,Sacramento,067,1510023,23646,29,23675,484
2020-10-05,San Benito,069,59416,1363,0,1363,11
2020-10-05,San Bernardino,071,2135413,57438,360,57798,1158
2020-10-05,San Diego,073,3302833,50660,1146,51806,842
2020-10-05,San Francisco,075,870044,11625,34,11659,143
2020-10-05,San Joaquin,077,732212,20785,74,20859,508
2020-10-05,San Luis Obispo,079,281455,3983,17,4000,32
2020-10-05,San Mateo,081,765935,10629,11,10640,160
2020-10-05,Santa Barbara,083,443738,9434,80,9514,119
2020-10-05,Santa Clara,085,1922200,23182,48,23230,330
2020-10-05,Santa Cruz,087,273765,2597,32,2629,20
2020-10-05,Shasta,089,179085,1615,16,1631,30
2020-10-05,Sierra,091,2930,6,0,6,0
2020-10-05,Siskiyou,093,43540,168,10,178,0
2020-10-05,Solano,095,438530,6745,37,6782,84
2020-10-05,Sonoma,097,501317,8345,22,8367,115
2020-10-05,Stanislaus,099,539301,16941,581,17522,368
2020-10-05,Sutter,101,95872,1738,1,1739,12
2020-10-05,Tehama,103,63373,688,2,690,7
2020-10-05,Trinity,105,12862,62,8,70,0
2020-10-05,Tulare,107,460477,16997,180,17177,284
2020-10-05,Tuolumne,109,53932,241,6,247,4
2020-10-05,Ventura,111,848112,13948,242,14190,164
2020-10-05,Yolo,113,214977,2946,7,2953,59
2020-10-05,Yuba,115,75493,1134,3,1137,9
2020-10-04,Alameda,001,1643700,22097,192,22289,382
2020-10-04,Alpine,002,1148,3,0,3,0
2020-10-04,Amador,005,37829,302,0,302,16
2020-10-04,Butte,007,227075,3014,54,3068,52
2020-10-04,Calaveras,009,45235,315,0,315,18
2020-10-04,Colusa,011,21464,538,0,538,6
2020-10-04,Contra Costa,013,1133247,17728,86,17814,245
2020-10-04,Del Norte,015,27424,157,0,157,1
2020-10-04,El Dorado,017,186661,1278,11,1289,4
2020-10-04,Fresno,019,978130,31463,392,31855,456
2020-10-04,Glenn,021,27897,622,0,622,3
2020-10-04,Humboldt,023,135768,521,1,522,7
2020-10-04,Imperial,025,180216,12121,9,12130,339
2020-10-04,Inyo,027,18085,199,4,203,15
2020-10-04,Kern,029,883053,32601,355,32956,420
2020-10-04,Kings,031,150075,8124,41,8165,81
2020-10-04,Lake,033,64148,627,0,627,11
2020-10-04,Lassen,035,31185,756,2,758,0
2020-10-04,Los Angeles,037,10098052,277551,2066,279617,6802
2020-10-04,Madera,039,155013,4735,30,4765,99
2020-10-04,Marin,041,260295,1202,8,1210,86
2020-10-04,Mariposa,043,17540,77,0,77,0
2020-10-04,Mendocino,045,87422,952,4,956,20
2020-10-04,Merced,047,269075,9107,24,9131,154
2020-10-04,Modoc,049,8938,29,0,29,0
2020-10-04,Mono,051,14174,172,3,175,2
2020-10-04,Monterey,053,433212,10413,36,10449,74
2020-10-04,Napa,055,140530,1803,8,1811,12
2020-10-04,Nevada,057,99092,563,16,579,5
2020-10-04,Orange,059,3164182,56693,1548,58241,1445
2020-10-04,Placer,061,380077,3806,13,3819,55
2020-10-04,Plumas,063,18699,51,0,51,0
2020-10-04,Riverside,065,2383286,61785,219,62004,1286
2020-10-04,Sacramento,067,1510023,23530,29,23559,479
2020-10-04,San Benito,069,59416,1363,0,1363,11
2020-10-04,San Bernardino,071,2135413,56989,358,57347,1155
2020-10-04,San Diego,073,3302833,50293,1121,51414,839
2020-10-04,San Francisco,075,870044,11593,32,11625,141
2020-10-04,San Joaquin,077,732212,20708,68,20776,508
2020-10-04,San Luis Obispo,079,281455,3958,17,3975,32
2020-10-04,San Mateo,081,765935,10569,11,10580,160
2020-10-04,Santa Barbara,083,443738,9408,78,9486,119
2020-10-04,Santa Clara,085,1922200,23045,48,23093,328
2020-10-04,Santa Cruz,087,273765,2581,32,2613,18
2020-10-04,Shasta,089,179085,1517,15,1532,30
2020-10-04,Sierra,091,2930,6,0,6,0
2020-10-04,Siskiyou,093,43540,168,10,178,0
2020-10-04,Solano,095,438530,6694,37,6731,83
2020-10-04,Sonoma,097,501317,8257,22,8279,114
2020-10-04,Stanislaus,099,539301,16891,572,17463,368
2020-10-04,Sutter,101,95872,1735,1,1736,12
2020-10-04,Tehama,103,63373,673,2,675,7
2020-10-04,Trinity,105,12862,61,8,69,0
2020-10-04,Tulare,107,460477,16920,169,17089,283
2020-10-04,Tuolumne,109,53932,239,6,245,4
2020-10-04,Ventura,111,848112,13866,225,14091,164
2020-10-04,Yolo,113,214977,2935,7,2942,59
2020-10-04,Yuba,115,75493,1130,3,1133,9
2020-10-03,Alameda,001,1643700,22051,191,22242,382
2020-10-03,Alpine,002,1148,3,0,3,0
2020-10-03,Amador,005,37829,301,0,301,16
2020-10-03,Butte,007,227075,3008,54,3062,51
2020-10-03,Calaveras,009,45235,315,0,315,18
2020-10-03,Colusa,011,21464,537,0,537,6
2020-10-03,Contra Costa,013,1133247,17678,84,17762,243
2020-10-03,Del Norte,015,27424,153,0,153,1
2020-10-03,El Dorado,017,186661,1271,11,1282,4
2020-10-03,Fresno,019,978130,31403,391,31794,453
2020-10-03,Glenn,021,27897,620,0,620,3
2020-10-03,Humboldt,023,135768,520,1,521,7
2020-10-03,Imperial,025,180216,12098,9,12107,338
2020-10-03,Inyo,027,18085,199,4,203,15
2020-10-03,Kern,029,883053,32551,351,32902,417
2020-10-03,Kings,031,150075,8120,41,8161,81
2020-10-03,Lake,033,64148,617,0,617,11
2020-10-03,Lassen,035,31185,756,2,758,0
2020-10-03,Los Angeles,037,10098052,276844,2037,278881,6784
2020-10-03,Madera,039,155013,4718,30,4748,99
2020-10-03,Marin,041,260295,1202,8,1210,85
2020-10-03,Mariposa,043,17540,77,0,77,0
2020-10-03,Mendocino,045,87422,950,4,954,20
2020-10-03,Merced,047,269075,9094,24,9118,152
2020-10-03,Modoc,049,8938,29,0,29,0
2020-10-03,Mono,051,14174,171,3,174,2
2020-10-03,Monterey,053,433212,10379,33,10412,73
2020-10-03,Napa,055,140530,1799,8,1807,12
2020-10-03,Nevada,057,99092,562,16,578,5
2020-10-03,Orange,059,3164182,56576,1543,58119,1437
2020-10-03,Placer,061,380077,3795,13,3808,55
2020-10-03,Plumas,063,18699,51,0,51,0
2020-10-03,Riverside,065,2383286,61633,217,61850,1283
2020-10-03,Sacramento,067,1510023,23479,29,23508,477
2020-10-03,San Benito,069,59416,1363,0,1363,11
2020-10-03,San Bernardino,071,2135413,56816,355,57171,1150
2020-10-03,San Diego,073,3302833,50062,1104,51166,838
2020-10-03,San Francisco,075,870044,11568,30,11598,136
2020-10-03,San Joaquin,077,732212,20682,68,20750,504
2020-10-03,San Luis Obispo,079,281455,3934,17,3951,32
2020-10-03,San Mateo,081,765935,10542,10,10552,159
2020-10-03,Santa Barbara,083,443738,9395,78,9473,119
2020-10-03,Santa Clara,085,1922200,22965,48,23013,325
2020-10-03,Santa Cruz,087,273765,2573,32,2605,17
2020-10-03,Shasta,089,179085,1489,14,1503,29
2020-10-03,Sierra,091,2930,6,0,6,0
2020-10-03,Siskiyou,093,43540,168,10,178,0
2020-10-03,Solano,095,438530,6668,37,6705,83
2020-10-03,Sonoma,097,501317,8215,22,8237,114
2020-10-03,Stanislaus,099,539301,16858,568,17426,367
2020-10-03,Sutter,101,95872,1731,1,1732,12
2020-10-03,Tehama,103,63373,667,2,669,7
2020-10-03,Trinity,105,12862,61,8,69,0
2020-10-03,Tulare,107,460477,16876,165,17041,283
2020-10-03,Tuolumne,109,53932,238,6,244,4
2020-10-03,Ventura,111,848112,13828,221,14049,164
2020-10-03,Yolo,113,214977,2928,7,2935,58
2020-10-03,Yuba,115,75493,1122,3,1125,9
2020-10-02,Alameda,001,1643700,21997,190,22187,381
2020-10-02,Alpine,002,1148,3,0,3,0
2020-10-02,Amador,005,37829,300,0,300,16
2020-10-02,Butte,007,227075,2998,54,3052,51
2020-10-02,Calaveras,009,45235,314,0,314,18
2020-10-02,Colusa,011,21464,536,0,536,6
2020-10-02,Contra Costa,013,1133247,17635,83,17718,243
2020-10-02,Del Norte,015,27424,152,0,152,1
2020-10-02,El Dorado,017,186661,1264,11,1275,4
2020-10-02,Fresno,019,978130,31321,391,31712,453
2020-10-02,Glenn,021,27897,615,0,615,3
2020-10-02,Humboldt,023,135768,519,1,520,7
2020-10-02,Imperial,025,180216,12076,9,12085,338
2020-10-02,Inyo,027,18085,197,4,201,15
2020-10-02,Kern,029,883053,32499,344,32843,414
2020-10-02,Kings,031,150075,8111,41,8152,81
2020-10-02,Lake,033,64148,611,0,611,11
2020-10-02,Lassen,035,31185,756,2,758,0
2020-10-02,Los Angeles,037,10098052,275943,2011,277954,6772
2020-10-02,Madera,039,155013,4710,30,4740,99
2020-10-02,Marin,041,260295,1202,8,1210,84
2020-10-02,Mariposa,043,17540,77,0,77,0
2020-10-02,Mendocino,045,87422,945,4,949,19
2020-10-02,Merced,047,269075,9084,24,9108,151
2020-10-02,Modoc,049,8938,29,0,29,0
2020-10-02,Mono,051,14174,171,3,174,2
2020-10-02,Monterey,053,433212,10345,33,10378,73
2020-10-02,Napa,055,140530,1793,8,1801,12
2020-10-02,Nevada,057,99092,559,16,575,5
2020-10-02,Orange,059,3164182,56445,1536,57981,1431
2020-10-02,Placer,061,380077,3775,13,3788,55
2020-10-02,Plumas,063,18699,51,0,51,0
2020-10-02,Riverside,065,2383286,61412,214,61626,1280
2020-10-02,Sacramento,067,1510023,23414,29,23443,473
2020-10-02,San Benito,069,59416,1359,0,1359,11
2020-10-02,San Bernardino,071,2135413,56630,355,56985,1146
2020-10-02,San Diego,073,3302833,49810,1088,50898,835
2020-10-02,San Francisco,075,870044,11545,30,11575,136
2020-10-02,San Joaquin,077,732212,20648,67,20715,501
2020-10-02,San Luis Obispo,079,281455,3911,17,3928,31
2020-10-02,San Mateo,081,765935,10501,10,10511,158
2020-10-02,Santa Barbara,083,443738,9372,78,9450,119
2020-10-02,Santa Clara,085,1922200,22879,47,22926,323
2020-10-02,Santa Cruz,087,273765,2556,32,2588,15
2020-10-02,Shasta,089,179085,1454,14,1468,29
2020-10-02,Sierra,091,2930,6,0,6,0
2020-10-02,Siskiyou,093,43540,168,10,178,0
2020-10-02,Solano,095,438530,6638,37,6675,83
2020-10-02,Sonoma,097,501317,8158,22,8180,114
2020-10-02,Stanislaus,099,539301,16817,559,17376,367
2020-10-02,Sutter,101,95872,1730,1,1731,12
2020-10-02,Tehama,103,63373,662,2,664,7
2020-10-02,Trinity,105,12862,61,8,69,0
2020-10-02,Tulare,107,460477,16835,158,16993,283
2020-10-02,Tuolumne,109,53932,236,6,242,4
2020-10-02,Ventura,111,848112,13789,216,14005,164
2020-10-02,Yolo,113,214977,2923,7,2930,58
2020-10-02,Yuba,115,75493,1120,3,1123,8
2020-10-01,Alameda,001,1643700,21936,186,22122,379
2020-10-01,Alpine,002,1148,3,0,3,0
2020-10-01,Amador,005,37829,300,0,300,16
2020-10-01,Butte,007,227075,2990,54,3044,50
2020-10-01,Calaveras,009,45235,314,0,314,18
2020-10-01,Colusa,011,21464,536,0,536,6
2020-10-01,Contra Costa,013,1133247,17571,83,17654,241
2020-10-01,Del Norte,015,27424,147,0,147,1
2020-10-01,El Dorado,017,186661,1260,10,1270,4
2020-10-01,Fresno,019,978130,31241,389,31630,451
2020-10-01,Glenn,021,27897,611,0,611,3
2020-10-01,Humboldt,023,135768,519,1,520,7
2020-10-01,Imperial,025,180216,12034,9,12043,338
2020-10-01,Inyo,027,18085,197,4,201,15
2020-10-01,Kern,029,883053,32436,339,32775,413
2020-10-01,Kings,031,150075,8100,38,8138,81
2020-10-01,Lake,033,64148,605,0,605,10
2020-10-01,Lassen,035,31185,753,2,755,0
2020-10-01,Los Angeles,037,10098052,274895,1979,276874,6761
2020-10-01,Madera,039,155013,4687,30,4717,99
2020-10-01,Marin,041,260295,1202,8,1210,83
2020-10-01,Mariposa,043,17540,77,0,77,0
2020-10-01,Mendocino,045,87422,940,4,944,19
2020-10-01,Merced,047,269075,9059,24,9083,150
2020-10-01,Modoc,049,8938,29,0,29,0
2020-10-01,Mono,051,14174,169,3,172,2
2020-10-01,Monterey,053,433212,10270,33,10303,71
2020-10-01,Napa,055,140530,1785,8,1793,12
2020-10-01,Nevada,057,99092,558,16,574,5
2020-10-01,Orange,059,3164182,56279,1523,57802,1425
2020-10-01,Placer,061,380077,3748,13,3761,54
2020-10-01,Plumas,063,18699,51,0,51,0
2020-10-01,Riverside,065,2383286,61159,208,61367,1277
2020-10-01,Sacramento,067,1510023,23302,28,23330,471
2020-10-01,San Benito,069,59416,1357,0,1357,11
2020-10-01,San Bernardino,071,2135413,56337,352,56689,1141
2020-10-01,San Diego,073,3302833,49528,1068,50596,830
2020-10-01,San Francisco,075,870044,11514,28,11542,134
2020-10-01,San Joaquin,077,732212,20602,64,20666,501
2020-10-01,San Luis Obispo,079,281455,3884,17,3901,31
2020-10-01,San Mateo,081,765935,10456,10,10466,158
2020-10-01,Santa Barbara,083,443738,9332,78,9410,118
2020-10-01,Santa Clara,085,1922200,22778,47,22825,321
2020-10-01,Santa Cruz,087,273765,2541,32,2573,14
2020-10-01,Shasta,089,179085,1403,14,1417,28
2020-10-01,Sierra,091,2930,6,0,6,0
2020-10-01,Siskiyou,093,43540,165,10,175,0
2020-10-01,Solano,095,438530,6600,37,6637,82
2020-10-01,Sonoma,097,501317,8091,22,8113,113
2020-10-01,Stanislaus,099,539301,16784,553,17337,365
2020-10-01,Sutter,101,95872,1725,1,1726,11
2020-10-01,Tehama,103,63373,652,2,654,7
2020-10-01,Trinity,105,12862,61,8,69,0
2020-10-01,Tulare,107,460477,16760,155,16915,283
2020-10-01,Tuolumne,109,53932,236,6,242,4
2020-10-01,Ventura,111,848112,13737,203,13940,164
2020-10-01,Yolo,113,214977,2905,7,2912,58
2020-10-01,Yuba,115,75493,1116,3,1119,8
2020-09-30,Alameda,001,1643700,21858,183,22041,375
2020-09-30,Alpine,002,1148,3,0,3,0
2020-09-30,Amador,005,37829,300,0,300,16
2020-09-30,Butte,007,227075,2982,54,3036,49
2020-09-30,Calaveras,009,45235,313,0,313,18
2020-09-30,Colusa,011,21464,535,0,535,6
2020-09-30,Contra Costa,013,1133247,17503,83,17586,240
2020-09-30,Del Norte,015,27424,146,0,146,1
2020-09-30,El Dorado,017,186661,1248,10,1258,4
2020-09-30,Fresno,019,978130,31151,386,31537,450
2020-09-30,Glenn,021,27897,606,0,606,3
2020-09-30,Humboldt,023,135768,517,1,518,7
2020-09-30,Imperial,025,180216,12009,9,12018,337
2020-09-30,Inyo,027,18085,196,4,200,15
2020-09-30,Kern,029,883053,32360,338,32698,412
2020-09-30,Kings,031,150075,8072,38,8110,81
2020-09-30,Lake,033,64148,599,0,599,10
2020-09-30,Lassen,035,31185,750,2,752,0
2020-09-30,Los Angeles,037,10098052,273673,1947,275620,6748
2020-09-30,Madera,039,155013,4678,30,4708,98
2020-09-30,Marin,041,260295,1202,8,1210,83
2020-09-30,Mariposa,043,17540,77,0,77,0
2020-09-30,Mendocino,045,87422,934,4,938,19
2020-09-30,Merced,047,269075,9039,24,9063,150
2020-09-30,Modoc,049,8938,29,0,29,0
2020-09-30,Mono,051,14174,169,3,172,2
2020-09-30,Monterey,053,433212,10219,32,10251,71
2020-09-30,Napa,055,140530,1771,8,1779,12
2020-09-30,Nevada,057,99092,556,16,572,5
2020-09-30,Orange,059,3164182,56088,1508,57596,1412
2020-09-30,Placer,061,380077,3727,13,3740,54
2020-09-30,Plumas,063,18699,51,0,51,0
2020-09-30,Riverside,065,2383286,60803,204,61007,1272
2020-09-30,Sacramento,067,1510023,23199,28,23227,470
2020-09-30,San Benito,069,59416,1354,0,1354,11
2020-09-30,San Bernardino,071,2135413,56060,351,56411,1138
2020-09-30,San Diego,073,3302833,49224,1047,50271,829
2020-09-30,San Francisco,075,870044,11484,28,11512,129
2020-09-30,San Joaquin,077,732212,20519,62,20581,500
2020-09-30,San Luis Obispo,079,281455,3859,17,3876,31
2020-09-30,San Mateo,081,765935,10414,10,10424,158
2020-09-30,Santa Barbara,083,443738,9306,78,9384,118
2020-09-30,Santa Clara,085,1922200,22673,47,22720,321
2020-09-30,Santa Cruz,087,273765,2528,32,2560,13
2020-09-30,Shasta,089,179085,1347,13,1360,27
2020-09-30,Sierra,091,2930,6,0,6,0
2020-09-30,Siskiyou,093,43540,163,10,173,0
2020-09-30,Solano,095,438530,6558,37,6595,82
2020-09-30,Sonoma,097,501317,8002,22,8024,113
2020-09-30,Stanislaus,099,539301,16737,547,17284,364
2020-09-30,Sutter,101,95872,1709,1,1710,11
2020-09-30,Tehama,103,63373,646,2,648,6
2020-09-30,Trinity,105,12862,58,8,66,0
2020-09-30,Tulare,107,460477,16693,148,16841,281
2020-09-30,Tuolumne,109,53932,234,6,240,4
2020-09-30,Ventura,111,848112,13702,187,13889,164
2020-09-30,Yolo,113,214977,2892,7,2899,58
2020-09-30,Yuba,115,75493,1113,3,1116,8
2020-09-29,Alameda,001,1643700,21783,180,21963,375
2020-09-29,Alpine,002,1148,3,0,3,0
2020-09-29,Amador,005,37829,298,0,298,16
2020-09-29,Butte,007,227075,2968,54,3022,48
2020-09-29,Calaveras,009,45235,311,0,311,18
2020-09-29,Colusa,011,21464,535,0,535,6
2020-09-29,Contra Costa,013,1133247,17447,81,17528,240
2020-09-29,Del Norte,015,27424,142,0,142,1
2020-09-29,El Dorado,017,186661,1239,10,1249,4
2020-09-29,Fresno,019,978130,31054,385,31439,450
2020-09-29,Glenn,021,27897,602,0,602,3
2020-09-29,Humboldt,023,135768,515,1,516,7
2020-09-29,Imperial,025,180216,11974,9,11983,337
2020-09-29,Inyo,027,18085,195,4,199,15
2020-09-29,Kern,029,883053,32305,337,32642,410
2020-09-29,Kings,031,150075,8016,38,8054,79
2020-09-29,Lake,033,64148,597,0,597,10
2020-09-29,Lassen,035,31185,750,2,752,0
2020-09-29,Los Angeles,037,10098052,272458,1919,274377,6734
2020-09-29,Madera,039,155013,4655,30,4685,96
2020-09-29,Marin,041,260295,1202,8,1210,83
2020-09-29,Mariposa,043,17540,77,0,77,0
2020-09-29,Mendocino,045,87422,924,4,928,18
2020-09-29,Merced,047,269075,9026,22,9048,150
2020-09-29,Modoc,049,8938,29,0,29,0
2020-09-29,Mono,051,14174,169,3,172,2
2020-09-29,Monterey,053,433212,10164,30,10194,71
2020-09-29,Napa,055,140530,1768,8,1776,12
2020-09-29,Nevada,057,99092,551,16,567,5
2020-09-29,Orange,059,3164182,55901,1497,57398,1407
2020-09-29,Placer,061,380077,3705,13,3718,54
2020-09-29,Plumas,063,18699,51,0,51,0
2020-09-29,Riverside,065,2383286,60473,197,60670,1272
2020-09-29,Sacramento,067,1510023,23078,27,23105,468
2020-09-29,San Benito,069,59416,1349,0,1349,11
2020-09-29,San Bernardino,071,2135413,55750,350,56100,1136
2020-09-29,San Diego,073,3302833,48947,1024,49971,827
2020-09-29,San Francisco,075,870044,11448,28,11476,129
2020-09-29,San Joaquin,077,732212,20451,60,20511,500
2020-09-29,San Luis Obispo,079,281455,3837,17,3854,31
2020-09-29,San Mateo,081,765935,10367,10,10377,158
2020-09-29,Santa Barbara,083,443738,9286,77,9363,118
2020-09-29,Santa Clara,085,1922200,22537,46,22583,318
2020-09-29,Santa Cruz,087,273765,2513,31,2544,13
2020-09-29,Shasta,089,179085,1286,13,1299,27
2020-09-29,Sierra,091,2930,6,0,6,0
2020-09-29,Siskiyou,093,43540,157,10,167,0
2020-09-29,Solano,095,438530,6524,37,6561,82
2020-09-29,Sonoma,097,501317,7930,22,7952,113
2020-09-29,Stanislaus,099,539301,16707,541,17248,363
2020-09-29,Sutter,101,95872,1703,1,1704,11
2020-09-29,Tehama,103,63373,628,2,630,6
2020-09-29,Trinity,105,12862,56,8,64,0
2020-09-29,Tulare,107,460477,16627,141,16768,280
2020-09-29,Tuolumne,109,53932,234,6,240,4
2020-09-29,Ventura,111,848112,13645,184,13829,164
2020-09-29,Yolo,113,214977,2879,7,2886,57
2020-09-29,Yuba,115,75493,1111,3,1114,8
2020-09-28,Alameda,001,1643700,21696,180,21876,371
2020-09-28,Alpine,002,1148,3,0,3,0
2020-09-28,Amador,005,37829,296,0,296,16
2020-09-28,Butte,007,227075,2953,54,3007,48
2020-09-28,Calaveras,009,45235,311,0,311,18
2020-09-28,Colusa,011,21464,534,0,534,6
2020-09-28,Contra Costa,013,1133247,17384,81,17465,240
2020-09-28,Del Norte,015,27424,142,0,142,1
2020-09-28,El Dorado,017,186661,1232,10,1242,4
2020-09-28,Fresno,019,978130,30974,379,31353,448
2020-09-28,Glenn,021,27897,600,0,600,3
2020-09-28,Humboldt,023,135768,509,1,510,7
2020-09-28,Imperial,025,180216,11939,9,11948,337
2020-09-28,Inyo,027,18085,194,4,198,15
2020-09-28,Kern,029,883053,32240,333,32573,409
2020-09-28,Kings,031,150075,7875,36,7911,79
2020-09-28,Lake,033,64148,593,0,593,10
2020-09-28,Lassen,035,31185,749,2,751,0
2020-09-28,Los Angeles,037,10098052,271351,1889,273240,6723
2020-09-28,Madera,039,155013,4634,30,4664,96
2020-09-28,Marin,041,260295,1202,8,1210,83
2020-09-28,Mariposa,043,17540,77,0,77,0
2020-09-28,Mendocino,045,87422,909,4,913,18
2020-09-28,Merced,047,269075,9006,22,9028,150
2020-09-28,Modoc,049,8938,29,0,29,0
2020-09-28,Mono,051,14174,169,3,172,2
2020-09-28,Monterey,053,433212,10099,28,10127,70
2020-09-28,Napa,055,140530,1756,8,1764,12
2020-09-28,Nevada,057,99092,543,16,559,5
2020-09-28,Orange,059,3164182,55696,1488,57184,1402
2020-09-28,Placer,061,380077,3684,13,3697,54
2020-09-28,Plumas,063,18699,50,0,50,0
2020-09-28,Riverside,065,2383286,60175,188,60363,1268
2020-09-28,Sacramento,067,1510023,22931,27,22958,463
2020-09-28,San Benito,069,59416,1346,0,1346,11
2020-09-28,San Bernardino,071,2135413,55402,350,55752,1133
2020-09-28,San Diego,073,3302833,48629,1004,49633,823
2020-09-28,San Francisco,075,870044,11414,28,11442,128
2020-09-28,San Joaquin,077,732212,20404,59,20463,498
2020-09-28,San Luis Obispo,079,281455,3816,17,3833,31
2020-09-28,San Mateo,081,765935,10317,10,10327,158
2020-09-28,Santa Barbara,083,443738,9268,77,9345,118
2020-09-28,Santa Clara,085,1922200,22420,46,22466,316
2020-09-28,Santa Cruz,087,273765,2503,31,2534,13
2020-09-28,Shasta,089,179085,1232,10,1242,25
2020-09-28,Sierra,091,2930,6,0,6,0
2020-09-28,Siskiyou,093,43540,157,10,167,0
2020-09-28,Solano,095,438530,6487,37,6524,82
2020-09-28,Sonoma,097,501317,7854,22,7876,113
2020-09-28,Stanislaus,099,539301,16668,534,17202,360
2020-09-28,Sutter,101,95872,1696,1,1697,11
2020-09-28,Tehama,103,63373,620,2,622,5
2020-09-28,Trinity,105,12862,56,8,64,0
2020-09-28,Tulare,107,460477,16574,136,16710,279
2020-09-28,Tuolumne,109,53932,234,6,240,4
2020-09-28,Ventura,111,848112,13567,178,13745,163
2020-09-28,Yolo,113,214977,2862,7,2869,57
2020-09-28,Yuba,115,75493,1108,3,1111,8
2020-09-27,Alameda,001,1643700,21614,176,21790,371
2020-09-27,Alpine,002,1148,3,0,3,0
2020-09-27,Amador,005,37829,296,0,296,16
2020-09-27,Butte,007,227075,2942,53,2995,48
2020-09-27,Calaveras,009,45235,310,0,310,18
2020-09-27,Colusa,011,21464,533,0,533,6
2020-09-27,Contra Costa,013,1133247,17283,80,17363,239
2020-09-27,Del Norte,015,27424,142,0,142,1
2020-09-27,El Dorado,017,186661,1217,10,1227,4
2020-09-27,Fresno,019,978130,30869,379,31248,446
2020-09-27,Glenn,021,27897,596,0,596,3
2020-09-27,Humboldt,023,135768,507,1,508,7
2020-09-27,Imperial,025,180216,11905,9,11914,336
2020-09-27,Inyo,027,18085,192,4,196,15
2020-09-27,Kern,029,883053,32121,330,32451,408
2020-09-27,Kings,031,150075,7855,36,7891,79
2020-09-27,Lake,033,64148,589,0,589,10
2020-09-27,Lassen,035,31185,749,2,751,0
2020-09-27,Los Angeles,037,10098052,270171,1870,272041,6702
2020-09-27,Madera,039,155013,4605,30,4635,96
2020-09-27,Marin,041,260295,1202,8,1210,83
2020-09-27,Mariposa,043,17540,77,0,77,0
2020-09-27,Mendocino,045,87422,903,4,907,18
2020-09-27,Merced,047,269075,8977,22,8999,150
2020-09-27,Modoc,049,8938,29,0,29,0
2020-09-27,Mono,051,14174,169,3,172,2
2020-09-27,Monterey,053,433212,10039,27,10066,70
2020-09-27,Napa,055,140530,1751,8,1759,12
2020-09-27,Nevada,057,99092,542,16,558,5
2020-09-27,Orange,059,3164182,55421,1479,56900,1397
2020-09-27,Placer,061,380077,3671,13,3684,53
2020-09-27,Plumas,063,18699,50,0,50,0
2020-09-27,Riverside,065,2383286,59879,180,60059,1266
2020-09-27,Sacramento,067,1510023,22833,27,22860,461
2020-09-27,San Benito,069,59416,1346,0,1346,10
2020-09-27,San Bernardino,071,2135413,54966,350,55316,1128
2020-09-27,San Diego,073,3302833,48285,987,49272,823
2020-09-27,San Francisco,075,870044,11362,28,11390,125
2020-09-27,San Joaquin,077,732212,20345,59,20404,495
2020-09-27,San Luis Obispo,079,281455,3796,17,3813,31
2020-09-27,San Mateo,081,765935,10249,10,10259,157
2020-09-27,Santa Barbara,083,443738,9247,76,9323,117
2020-09-27,Santa Clara,085,1922200,22311,46,22357,314
2020-09-27,Santa Cruz,087,273765,2481,31,2512,13
2020-09-27,Shasta,089,179085,1189,9,1198,24
2020-09-27,Sierra,091,2930,6,0,6,0
2020-09-27,Siskiyou,093,43540,156,10,166,0
2020-09-27,Solano,095,438530,6452,37,6489,81
2020-09-27,Sonoma,097,501317,7773,22,7795,113
2020-09-27,Stanislaus,099,539301,16617,528,17145,360
2020-09-27,Sutter,101,95872,1689,1,1690,11
2020-09-27,Tehama,103,63373,603,2,605,5
2020-09-27,Trinity,105,12862,56,8,64,0
2020-09-27,Tulare,107,460477,16495,127,16622,279
2020-09-27,Tuolumne,109,53932,233,6,239,4
2020-09-27,Ventura,111,848112,13478,169,13647,162
2020-09-27,Yolo,113,214977,2848,7,2855,57
2020-09-27,Yuba,115,75493,1098,3,1101,8
2020-09-26,Alameda,001,1643700,21556,175,21731,371
2020-09-26,Alpine,002,1148,3,0,3,0
2020-09-26,Amador,005,37829,295,0,295,16
2020-09-26,Butte,007,227075,2934,53,2987,48
2020-09-26,Calaveras,009,45235,310,0,310,18
2020-09-26,Colusa,011,21464,533,0,533,6
2020-09-26,Contra Costa,013,1133247,17239,80,17319,239
2020-09-26,Del Norte,015,27424,142,0,142,1
2020-09-26,El Dorado,017,186661,1212,10,1222,4
2020-09-26,Fresno,019,978130,30802,379,31181,445
2020-09-26,Glenn,021,27897,596,0,596,3
2020-09-26,Humboldt,023,135768,507,1,508,7
2020-09-26,Imperial,025,180216,11888,9,11897,336
2020-09-26,Inyo,027,18085,191,4,195,15
2020-09-26,Kern,029,883053,32070,330,32400,408
2020-09-26,Kings,031,150075,7843,36,7879,79
2020-09-26,Lake,033,64148,586,0,586,10
2020-09-26,Lassen,035,31185,749,2,751,0
2020-09-26,Los Angeles,037,10098052,269538,1856,271394,6681
2020-09-26,Madera,039,155013,4589,30,4619,95
2020-09-26,Marin,041,260295,1201,8,1209,83
2020-09-26,Mariposa,043,17540,76,0,76,0
2020-09-26,Mendocino,045,87422,898,4,902,18
2020-09-26,Merced,047,269075,8965,21,8986,149
2020-09-26,Modoc,049,8938,29,0,29,0
2020-09-26,Mono,051,14174,169,3,172,2
2020-09-26,Monterey,053,433212,10012,27,10039,69
2020-09-26,Napa,055,140530,1749,8,1757,12
2020-09-26,Nevada,057,99092,542,16,558,5
2020-09-26,Orange,059,3164182,55282,1473,56755,1388
2020-09-26,Placer,061,380077,3658,13,3671,52
2020-09-26,Plumas,063,18699,49,0,49,0
2020-09-26,Riverside,065,2383286,59744,178,59922,1262
2020-09-26,Sacramento,067,1510023,22775,27,22802,458
2020-09-26,San Benito,069,59416,1344,0,1344,10
2020-09-26,San Bernardino,071,2135413,54833,350,55183,1124
2020-09-26,San Diego,073,3302833,48080,973,49053,820
2020-09-26,San Francisco,075,870044,11333,28,11361,125
2020-09-26,San Joaquin,077,732212,20309,57,20366,493
2020-09-26,San Luis Obispo,079,281455,3780,17,3797,31
2020-09-26,San Mateo,081,765935,10215,10,10225,157
2020-09-26,Santa Barbara,083,443738,9236,76,9312,117
2020-09-26,Santa Clara,085,1922200,22240,45,22285,310
2020-09-26,Santa Cruz,087,273765,2473,31,2504,13
2020-09-26,Shasta,089,179085,1139,8,1147,23
2020-09-26,Sierra,091,2930,6,0,6,0
2020-09-26,Siskiyou,093,43540,155,10,165,0
2020-09-26,Solano,095,438530,6433,37,6470,81
2020-09-26,Sonoma,097,501317,7748,21,7769,113
2020-09-26,Stanislaus,099,539301,16592,520,17112,360
2020-09-26,Sutter,101,95872,1684,1,1685,11
2020-09-26,Tehama,103,63373,591,2,593,5
2020-09-26,Trinity,105,12862,54,8,62,0
2020-09-26,Tulare,107,460477,16470,125,16595,278
2020-09-26,Tuolumne,109,53932,233,6,239,4
2020-09-26,Ventura,111,848112,13443,168,13611,162
2020-09-26,Yolo,113,214977,2846,7,2853,57
2020-09-26,Yuba,115,75493,1094,3,1097,7
2020-09-25,Alameda,001,1643700,21502,175,21677,370
2020-09-25,Alpine,002,1148,3,0,3,0
2020-09-25,Amador,005,37829,295,0,295,16
2020-09-25,Butte,007,227075,2929,53,2982,48
2020-09-25,Calaveras,009,45235,310,0,310,18
2020-09-25,Colusa,011,21464,533,0,533,6
2020-09-25,Contra Costa,013,1133247,17181,80,17261,237
2020-09-25,Del Norte,015,27424,142,0,142,1
2020-09-25,El Dorado,017,186661,1208,10,1218,4
2020-09-25,Fresno,019,978130,30742,378,31120,444
2020-09-25,Glenn,021,27897,594,0,594,3
2020-09-25,Humboldt,023,135768,506,1,507,6
2020-09-25,Imperial,025,180216,11870,9,11879,334
2020-09-25,Inyo,027,18085,189,4,193,15
2020-09-25,Kern,029,883053,32017,328,32345,406
2020-09-25,Kings,031,150075,7838,36,7874,78
2020-09-25,Lake,033,64148,585,0,585,10
2020-09-25,Lassen,035,31185,749,2,751,0
2020-09-25,Los Angeles,037,10098052,268744,1843,270587,6660
2020-09-25,Madera,039,155013,4570,30,4600,95
2020-09-25,Marin,041,260295,1200,8,1208,83
2020-09-25,Mariposa,043,17540,76,0,76,0
2020-09-25,Mendocino,045,87422,883,3,886,18
2020-09-25,Merced,047,269075,8949,21,8970,148
2020-09-25,Modoc,049,8938,29,0,29,0
2020-09-25,Mono,051,14174,169,3,172,2
2020-09-25,Monterey,053,433212,9960,27,9987,69
2020-09-25,Napa,055,140530,1747,8,1755,12
2020-09-25,Nevada,057,99092,540,16,556,5
2020-09-25,Orange,059,3164182,55155,1465,56620,1383
2020-09-25,Placer,061,380077,3647,13,3660,52
2020-09-25,Plumas,063,18699,49,0,49,0
2020-09-25,Riverside,065,2383286,59568,173,59741,1259
2020-09-25,Sacramento,067,1510023,22698,27,22725,452
2020-09-25,San Benito,069,59416,1343,0,1343,10
2020-09-25,San Bernardino,071,2135413,54679,350,55029,1121
2020-09-25,San Diego,073,3302833,47878,957,48835,811
2020-09-25,San Francisco,075,870044,11299,27,11326,125
2020-09-25,San Joaquin,077,732212,20257,57,20314,491
2020-09-25,San Luis Obispo,079,281455,3768,17,3785,31
2020-09-25,San Mateo,081,765935,10179,10,10189,155
2020-09-25,Santa Barbara,083,443738,9212,76,9288,117
2020-09-25,Santa Clara,085,1922200,22175,44,22219,306
2020-09-25,Santa Cruz,087,273765,2461,30,2491,13
2020-09-25,Shasta,089,179085,1105,8,1113,21
2020-09-25,Sierra,091,2930,6,0,6,0
2020-09-25,Siskiyou,093,43540,155,10,165,0
2020-09-25,Solano,095,438530,6417,37,6454,80
2020-09-25,Sonoma,097,501317,7708,21,7729,113
2020-09-25,Stanislaus,099,539301,16574,518,17092,358
2020-09-25,Sutter,101,95872,1681,1,1682,11
2020-09-25,Tehama,103,63373,583,2,585,5
2020-09-25,Trinity,105,12862,54,8,62,0
2020-09-25,Tulare,107,460477,16430,124,16554,277
2020-09-25,Tuolumne,109,53932,233,6,239,4
2020-09-25,Ventura,111,848112,13400,165,13565,160
2020-09-25,Yolo,113,214977,2838,7,2845,57
2020-09-25,Yuba,115,75493,1089,3,1092,7
2020-09-24,Alameda,001,1643700,21427,172,21599,369
2020-09-24,Alpine,002,1148,3,0,3,0
2020-09-24,Amador,005,37829,295,0,295,16
2020-09-24,Butte,007,227075,2918,53,2971,48
2020-09-24,Calaveras,009,45235,310,0,310,18
2020-09-24,Colusa,011,21464,533,0,533,6
2020-09-24,Contra Costa,013,1133247,17098,80,17178,236
2020-09-24,Del Norte,015,27424,138,0,138,1
2020-09-24,El Dorado,017,186661,1199,10,1209,4
2020-09-24,Fresno,019,978130,30636,373,31009,440
2020-09-24,Glenn,021,27897,590,0,590,3
2020-09-24,Humboldt,023,135768,503,1,504,6
2020-09-24,Imperial,025,180216,11846,9,11855,334
2020-09-24,Inyo,027,18085,189,4,193,15
2020-09-24,Kern,029,883053,31954,326,32280,406
2020-09-24,Kings,031,150075,7822,36,7858,78
2020-09-24,Lake,033,64148,576,0,576,10
2020-09-24,Lassen,035,31185,748,2,750,0
2020-09-24,Los Angeles,037,10098052,267702,1826,269528,6643
2020-09-24,Madera,039,155013,4551,30,4581,95
2020-09-24,Marin,041,260295,1200,8,1208,83
2020-09-24,Mariposa,043,17540,76,0,76,0
2020-09-24,Mendocino,045,87422,879,3,882,18
2020-09-24,Merced,047,269075,8919,20,8939,146
2020-09-24,Modoc,049,8938,29,0,29,0
2020-09-24,Mono,051,14174,169,3,172,2
2020-09-24,Monterey,053,433212,9894,25,9919,68
2020-09-24,Napa,055,140530,1735,8,1743,12
2020-09-24,Nevada,057,99092,539,16,555,5
2020-09-24,Orange,059,3164182,54949,1447,56396,1372
2020-09-24,Placer,061,380077,3633,13,3646,51
2020-09-24,Plumas,063,18699,49,0,49,0
2020-09-24,Riverside,065,2383286,59303,167,59470,1257
2020-09-24,Sacramento,067,1510023,22570,26,22596,451
2020-09-24,San Benito,069,59416,1341,0,1341,9
2020-09-24,San Bernardino,071,2135413,54342,349,54691,1116
2020-09-24,San Diego,073,3302833,47609,942,48551,809
2020-09-24,San Francisco,075,870044,11252,27,11279,123
2020-09-24,San Joaquin,077,732212,20219,55,20274,489
2020-09-24,San Luis Obispo,079,281455,3752,17,3769,31
2020-09-24,San Mateo,081,765935,10131,10,10141,155
2020-09-24,Santa Barbara,083,443738,9159,75,9234,116
2020-09-24,Santa Clara,085,1922200,22087,44,22131,306
2020-09-24,Santa Cruz,087,273765,2441,28,2469,12
2020-09-24,Shasta,089,179085,1068,5,1073,21
2020-09-24,Sierra,091,2930,6,0,6,0
2020-09-24,Siskiyou,093,43540,155,10,165,0
2020-09-24,Solano,095,438530,6384,37,6421,80
2020-09-24,Sonoma,097,501317,7627,21,7648,113
2020-09-24,Stanislaus,099,539301,16538,513,17051,358
2020-09-24,Sutter,101,95872,1678,1,1679,11
2020-09-24,Tehama,103,63373,580,2,582,5
2020-09-24,Trinity,105,12862,54,8,62,0
2020-09-24,Tulare,107,460477,16365,123,16488,277
2020-09-24,Tuolumne,109,53932,233,6,239,4
2020-09-24,Ventura,111,848112,13318,164,13482,160
2020-09-24,Yolo,113,214977,2831,7,2838,57
2020-09-24,Yuba,115,75493,1084,3,1087,7
2020-09-23,Alameda,001,1643700,21358,170,21528,366
2020-09-23,Alpine,002,1148,3,0,3,0
2020-09-23,Amador,005,37829,294,0,294,16
2020-09-23,Butte,007,227075,2910,53,2963,47
2020-09-23,Calaveras,009,45235,309,0,309,16
2020-09-23,Colusa,011,21464,532,0,532,6
2020-09-23,Contra Costa,013,1133247,17038,80,17118,234
2020-09-23,Del Norte,015,27424,136,0,136,1
2020-09-23,El Dorado,017,186661,1185,10,1195,4
2020-09-23,Fresno,019,978130,30542,371,30913,437
2020-09-23,Glenn,021,27897,583,0,583,3
2020-09-23,Humboldt,023,135768,499,1,500,5
2020-09-23,Imperial,025,180216,11821,9,11830,332
2020-09-23,Inyo,027,18085,188,4,192,15
2020-09-23,Kern,029,883053,31910,324,32234,406
2020-09-23,Kings,031,150075,7800,36,7836,77
2020-09-23,Lake,033,64148,571,0,571,10
2020-09-23,Lassen,035,31185,748,2,750,0
2020-09-23,Los Angeles,037,10098052,266683,1799,268482,6624
2020-09-23,Madera,039,155013,4536,30,4566,94
2020-09-23,Marin,041,260295,1200,8,1208,83
2020-09-23,Mariposa,043,17540,76,0,76,0
2020-09-23,Mendocino,045,87422,878,2,880,18
2020-09-23,Merced,047,269075,8898,19,8917,145
2020-09-23,Modoc,049,8938,29,0,29,0
2020-09-23,Mono,051,14174,169,3,172,2
2020-09-23,Monterey,053,433212,9825,24,9849,68
2020-09-23,Napa,055,140530,1726,8,1734,12
2020-09-23,Nevada,057,99092,538,16,554,5
2020-09-23,Orange,059,3164182,54721,1439,56160,1368
2020-09-23,Placer,061,380077,3621,13,3634,51
2020-09-23,Plumas,063,18699,49,0,49,0
2020-09-23,Riverside,065,2383286,58997,164,59161,1252
2020-09-23,Sacramento,067,1510023,22494,26,22520,445
2020-09-23,San Benito,069,59416,1335,0,1335,9
2020-09-23,San Bernardino,071,2135413,54049,347,54396,1112
2020-09-23,San Diego,073,3302833,47333,923,48256,806
2020-09-23,San Francisco,075,870044,11203,27,11230,121
2020-09-23,San Joaquin,077,732212,20165,55,20220,488
2020-09-23,San Luis Obispo,079,281455,3734,17,3751,31
2020-09-23,San Mateo,081,765935,10091,10,10101,154
2020-09-23,Santa Barbara,083,443738,9130,75,9205,116
2020-09-23,Santa Clara,085,1922200,21977,41,22018,304
2020-09-23,Santa Cruz,087,273765,2422,28,2450,12
2020-09-23,Shasta,089,179085,1029,4,1033,20
2020-09-23,Sierra,091,2930,6,0,6,0
2020-09-23,Siskiyou,093,43540,155,10,165,0
2020-09-23,Solano,095,438530,6358,37,6395,78
2020-09-23,Sonoma,097,501317,7551,21,7572,113
2020-09-23,Stanislaus,099,539301,16508,510,17018,355
2020-09-23,Sutter,101,95872,1674,1,1675,11
2020-09-23,Tehama,103,63373,574,2,576,5
2020-09-23,Trinity,105,12862,53,8,61,0
2020-09-23,Tulare,107,460477,16300,122,16422,277
2020-09-23,Tuolumne,109,53932,233,6,239,4
2020-09-23,Ventura,111,848112,13262,162,13424,159
2020-09-23,Yolo,113,214977,2813,7,2820,57
2020-09-23,Yuba,115,75493,1082,3,1085,7
2020-09-22,Alameda,001,1643700,21279,168,21447,364
2020-09-22,Alpine,002,1148,2,0,2,0
2020-09-22,Amador,005,37829,293,0,293,16
2020-09-22,Butte,007,227075,2904,53,2957,47
2020-09-22,Calaveras,009,45235,309,0,309,16
2020-09-22,Colusa,011,21464,530,0,530,6
2020-09-22,Contra Costa,013,1133247,16948,80,17028,231
2020-09-22,Del Norte,015,27424,136,0,136,1
2020-09-22,El Dorado,017,186661,1166,10,1176,4
2020-09-22,Fresno,019,978130,30448,368,30816,435
2020-09-22,Glenn,021,27897,580,0,580,3
2020-09-22,Humboldt,023,135768,498,1,499,5
2020-09-22,Imperial,025,180216,11792,9,11801,332
2020-09-22,Inyo,027,18085,188,4,192,15
2020-09-22,Kern,029,883053,31843,317,32160,403
2020-09-22,Kings,031,150075,7743,35,7778,76
2020-09-22,Lake,033,64148,565,0,565,10
2020-09-22,Lassen,035,31185,747,2,749,0
2020-09-22,Los Angeles,037,10098052,265617,1773,267390,6594
2020-09-22,Madera,039,155013,4520,30,4550,93
2020-09-22,Marin,041,260295,1200,8,1208,82
2020-09-22,Mariposa,043,17540,76,0,76,0
2020-09-22,Mendocino,045,87422,858,1,859,18
2020-09-22,Merced,047,269075,8865,19,8884,145
2020-09-22,Modoc,049,8938,29,0,29,0
2020-09-22,Mono,051,14174,168,3,171,2
2020-09-22,Monterey,053,433212,9767,23,9790,67
2020-09-22,Napa,055,140530,1709,8,1717,12
2020-09-22,Nevada,057,99092,538,16,554,5
2020-09-22,Orange,059,3164182,54470,1430,55900,1366
2020-09-22,Placer,061,380077,3609,13,3622,50
2020-09-22,Plumas,063,18699,49,0,49,0
2020-09-22,Riverside,065,2383286,58513,160,58673,1248
2020-09-22,Sacramento,067,1510023,22375,26,22401,442
2020-09-22,San Benito,069,59416,1330,0,1330,9
2020-09-22,San Bernardino,071,2135413,53775,347,54122,1112
2020-09-22,San Diego,073,3302833,47026,904,47930,804
2020-09-22,San Francisco,075,870044,11159,26,11185,120
2020-09-22,San Joaquin,077,732212,20118,54,20172,488
2020-09-22,San Luis Obispo,079,281455,3712,17,3729,31
2020-09-22,San Mateo,081,765935,10053,10,10063,154
2020-09-22,Santa Barbara,083,443738,9100,74,9174,116
2020-09-22,Santa Clara,085,1922200,21858,41,21899,302
2020-09-22,Santa Cruz,087,273765,2398,28,2426,12
2020-09-22,Shasta,089,179085,994,4,998,19
2020-09-22,Sierra,091,2930,6,0,6,0
2020-09-22,Siskiyou,093,43540,155,10,165,0
2020-09-22,Solano,095,438530,6327,37,6364,77
2020-09-22,Sonoma,097,501317,7472,20,7492,113
2020-09-22,Stanislaus,099,539301,16485,503,16988,353
2020-09-22,Sutter,101,95872,1668,1,1669,11
2020-09-22,Tehama,103,63373,566,2,568,4
2020-09-22,Trinity,105,12862,53,8,61,0
2020-09-22,Tulare,107,460477,16233,119,16352,276
2020-09-22,Tuolumne,109,53932,232,6,238,4
2020-09-22,Ventura,111,848112,13210,158,13368,158
2020-09-22,Yolo,113,214977,2806,7,2813,57
2020-09-22,Yuba,115,75493,1073,3,1076,7
2020-09-21,Alameda,001,1643700,21200,167,21367,360
2020-09-21,Alpine,002,1148,2,0,2,0
2020-09-21,Amador,005,37829,291,0,291,16
2020-09-21,Butte,007,227075,2890,53,2943,47
2020-09-21,Calaveras,009,45235,307,0,307,15
2020-09-21,Colusa,011,21464,529,0,529,6
2020-09-21,Contra Costa,013,1133247,16868,80,16948,230
2020-09-21,Del Norte,015,27424,136,0,136,1
2020-09-21,El Dorado,017,186661,1157,10,1167,4
2020-09-21,Fresno,019,978130,30346,361,30707,433
2020-09-21,Glenn,021,27897,576,0,576,3
2020-09-21,Humboldt,023,135768,494,1,495,5
2020-09-21,Imperial,025,180216,11761,9,11770,331
2020-09-21,Inyo,027,18085,187,4,191,15
2020-09-21,Kern,029,883053,31772,315,32087,403
2020-09-21,Kings,031,150075,7630,34,7664,76
2020-09-21,Lake,033,64148,560,0,560,10
2020-09-21,Lassen,035,31185,745,2,747,0
2020-09-21,Los Angeles,037,10098052,264531,1728,266259,6574
2020-09-21,Madera,039,155013,4509,29,4538,93
2020-09-21,Marin,041,260295,1200,8,1208,82
2020-09-21,Mariposa,043,17540,75,0,75,0
2020-09-21,Mendocino,045,87422,843,0,843,18
2020-09-21,Merced,047,269075,8842,19,8861,145
2020-09-21,Modoc,049,8938,29,0,29,0
2020-09-21,Mono,051,14174,168,3,171,2
2020-09-21,Monterey,053,433212,9703,20,9723,67
2020-09-21,Napa,055,140530,1698,8,1706,12
2020-09-21,Nevada,057,99092,536,16,552,5
2020-09-21,Orange,059,3164182,54248,1423,55671,1359
2020-09-21,Placer,061,380077,3599,13,3612,50
2020-09-21,Plumas,063,18699,49,0,49,0
2020-09-21,Riverside,065,2383286,58241,153,58394,1246
2020-09-21,Sacramento,067,1510023,22193,26,22219,438
2020-09-21,San Benito,069,59416,1328,0,1328,9
2020-09-21,San Bernardino,071,2135413,53488,347,53835,1109
2020-09-21,San Diego,073,3302833,46742,883,47625,801
2020-09-21,San Francisco,075,870044,11111,26,11137,117
2020-09-21,San Joaquin,077,732212,20061,54,20115,486
2020-09-21,San Luis Obispo,079,281455,3686,17,3703,31
2020-09-21,San Mateo,081,765935,10001,10,10011,154
2020-09-21,Santa Barbara,083,443738,9072,74,9146,116
2020-09-21,Santa Clara,085,1922200,21758,41,21799,300
2020-09-21,Santa Cruz,087,273765,2382,26,2408,11
2020-09-21,Shasta,089,179085,944,4,948,18
2020-09-21,Sierra,091,2930,6,0,6,0
2020-09-21,Siskiyou,093,43540,155,10,165,0
2020-09-21,Solano,095,438530,6303,37,6340,76
2020-09-21,Sonoma,097,501317,7396,20,7416,112
2020-09-21,Stanislaus,099,539301,16455,503,16958,350
2020-09-21,Sutter,101,95872,1661,1,1662,10
2020-09-21,Tehama,103,63373,547,2,549,4
2020-09-21,Trinity,105,12862,53,8,61,0
2020-09-21,Tulare,107,460477,16160,110,16270,273
2020-09-21,Tuolumne,109,53932,232,6,238,4
2020-09-21,Ventura,111,848112,13126,152,13278,156
2020-09-21,Yolo,113,214977,2800,7,2807,57
2020-09-21,Yuba,115,75493,1069,3,1072,7
2020-09-20,Alameda,001,1643700,21099,164,21263,359
2020-09-20,Alpine,002,1148,2,0,2,0
2020-09-20,Amador,005,37829,290,0,290,16
2020-09-20,Butte,007,227075,2878,53,2931,47
2020-09-20,Calaveras,009,45235,303,0,303,15
2020-09-20,Colusa,011,21464,527,0,527,6
2020-09-20,Contra Costa,013,1133247,16751,79,16830,228
2020-09-20,Del Norte,015,27424,134,0,134,1
2020-09-20,El Dorado,017,186661,1142,10,1152,4
2020-09-20,Fresno,019,978130,30233,356,30589,430
2020-09-20,Glenn,021,27897,572,0,572,3
2020-09-20,Humboldt,023,135768,494,1,495,5
2020-09-20,Imperial,025,180216,11734,8,11742,331
2020-09-20,Inyo,027,18085,187,4,191,15
2020-09-20,Kern,029,883053,31688,311,31999,402
2020-09-20,Kings,031,150075,7583,33,7616,76
2020-09-20,Lake,033,64148,548,0,548,10
2020-09-20,Lassen,035,31185,745,2,747,0
2020-09-20,Los Angeles,037,10098052,263303,1704,265007,6558
2020-09-20,Madera,039,155013,4489,29,4518,92
2020-09-20,Marin,041,260295,1199,8,1207,82
2020-09-20,Mariposa,043,17540,75,0,75,0
2020-09-20,Mendocino,045,87422,831,0,831,18
2020-09-20,Merced,047,269075,8815,19,8834,142
2020-09-20,Modoc,049,8938,27,0,27,0
2020-09-20,Mono,051,14174,167,3,170,2
2020-09-20,Monterey,053,433212,9624,20,9644,67
2020-09-20,Napa,055,140530,1689,8,1697,12
2020-09-20,Nevada,057,99092,533,16,549,5
2020-09-20,Orange,059,3164182,54007,1413,55420,1353
2020-09-20,Placer,061,380077,3585,13,3598,48
2020-09-20,Plumas,063,18699,49,0,49,0
2020-09-20,Riverside,065,2383286,58040,147,58187,1242
2020-09-20,Sacramento,067,1510023,22006,25,22031,436
2020-09-20,San Benito,069,59416,1317,0,1317,9
2020-09-20,San Bernardino,071,2135413,53171,345,53516,1106
2020-09-20,San Diego,073,3302833,46369,854,47223,797
2020-09-20,San Francisco,075,870044,11057,26,11083,117
2020-09-20,San Joaquin,077,732212,19997,47,20044,484
2020-09-20,San Luis Obispo,079,281455,3659,17,3676,31
2020-09-20,San Mateo,081,765935,9935,10,9945,154
2020-09-20,Santa Barbara,083,443738,9036,73,9109,116
2020-09-20,Santa Clara,085,1922200,21639,40,21679,299
2020-09-20,Santa Cruz,087,273765,2362,26,2388,11
2020-09-20,Shasta,089,179085,903,3,906,17
2020-09-20,Sierra,091,2930,6,0,6,0
2020-09-20,Siskiyou,093,43540,155,10,165,0
2020-09-20,Solano,095,438530,6259,37,6296,76
2020-09-20,Sonoma,097,501317,7292,20,7312,112
2020-09-20,Stanislaus,099,539301,16423,496,16919,347
2020-09-20,Sutter,101,95872,1655,1,1656,10
2020-09-20,Tehama,103,63373,534,2,536,4
2020-09-20,Trinity,105,12862,53,8,61,0
2020-09-20,Tulare,107,460477,16074,103,16177,273
2020-09-20,Tuolumne,109,53932,232,6,238,4
2020-09-20,Ventura,111,848112,13060,148,13208,154
2020-09-20,Yolo,113,214977,2792,7,2799,57
2020-09-20,Yuba,115,75493,1062,3,1065,7
2020-09-19,Alameda,001,1643700,21049,161,21210,356
2020-09-19,Alpine,002,1148,2,0,2,0
2020-09-19,Amador,005,37829,290,0,290,16
2020-09-19,Butte,007,227075,2872,53,2925,44
2020-09-19,Calaveras,009,45235,303,0,303,15
2020-09-19,Colusa,011,21464,527,0,527,6
2020-09-19,Contra Costa,013,1133247,16689,79,16768,227
2020-09-19,Del Norte,015,27424,133,0,133,1
2020-09-19,El Dorado,017,186661,1136,9,1145,4
2020-09-19,Fresno,019,978130,30160,356,30516,426
2020-09-19,Glenn,021,27897,569,0,569,3
2020-09-19,Humboldt,023,135768,493,1,494,5
2020-09-19,Imperial,025,180216,11719,8,11727,331
2020-09-19,Inyo,027,18085,187,4,191,15
2020-09-19,Kern,029,883053,31636,308,31944,401
2020-09-19,Kings,031,150075,7577,33,7610,76
2020-09-19,Lake,033,64148,548,0,548,10
2020-09-19,Lassen,035,31185,745,2,747,0
2020-09-19,Los Angeles,037,10098052,262679,1690,264369,6543
2020-09-19,Madera,039,155013,4466,29,4495,92
2020-09-19,Marin,041,260295,1197,7,1204,82
2020-09-19,Mariposa,043,17540,75,0,75,0
2020-09-19,Mendocino,045,87422,828,0,828,18
2020-09-19,Merced,047,269075,8804,18,8822,141
2020-09-19,Modoc,049,8938,27,0,27,0
2020-09-19,Mono,051,14174,167,3,170,2
2020-09-19,Monterey,053,433212,9582,20,9602,67
2020-09-19,Napa,055,140530,1681,8,1689,12
2020-09-19,Nevada,057,99092,531,16,547,4
2020-09-19,Orange,059,3164182,53879,1406,55285,1344
2020-09-19,Placer,061,380077,3576,13,3589,47
2020-09-19,Plumas,063,18699,49,0,49,0
2020-09-19,Riverside,065,2383286,57913,146,58059,1238
2020-09-19,Sacramento,067,1510023,21952,25,21977,433
2020-09-19,San Benito,069,59416,1313,0,1313,9
2020-09-19,San Bernardino,071,2135413,53013,342,53355,1102
2020-09-19,San Diego,073,3302833,46141,831,46972,792
2020-09-19,San Francisco,075,870044,11024,26,11050,116
2020-09-19,San Joaquin,077,732212,19961,47,20008,482
2020-09-19,San Luis Obispo,079,281455,3638,17,3655,29
2020-09-19,San Mateo,081,765935,9904,10,9914,154
2020-09-19,Santa Barbara,083,443738,9016,73,9089,116
2020-09-19,Santa Clara,085,1922200,21550,40,21590,298
2020-09-19,Santa Cruz,087,273765,2348,25,2373,11
2020-09-19,Shasta,089,179085,876,3,879,16
2020-09-19,Sierra,091,2930,6,0,6,0
2020-09-19,Siskiyou,093,43540,155,10,165,0
2020-09-19,Solano,095,438530,6243,37,6280,75
2020-09-19,Sonoma,097,501317,7259,20,7279,110
2020-09-19,Stanislaus,099,539301,16382,489,16871,345
2020-09-19,Sutter,101,95872,1654,1,1655,10
2020-09-19,Tehama,103,63373,529,2,531,4
2020-09-19,Trinity,105,12862,53,8,61,0
2020-09-19,Tulare,107,460477,16026,100,16126,269
2020-09-19,Tuolumne,109,53932,232,6,238,4
2020-09-19,Ventura,111,848112,13028,148,13176,154
2020-09-19,Yolo,113,214977,2784,7,2791,57
2020-09-19,Yuba,115,75493,1055,3,1058,7
2020-09-18,Alameda,001,1643700,20983,155,21138,353
2020-09-18,Alpine,002,1148,2,0,2,0
2020-09-18,Amador,005,37829,290,0,290,16
2020-09-18,Butte,007,227075,2870,53,2923,44
2020-09-18,Calaveras,009,45235,303,0,303,15
2020-09-18,Colusa,011,21464,527,0,527,6
2020-09-18,Contra Costa,013,1133247,16599,79,16678,226
2020-09-18,Del Norte,015,27424,133,0,133,1
2020-09-18,El Dorado,017,186661,1123,9,1132,4
2020-09-18,Fresno,019,978130,30096,356,30452,421
2020-09-18,Glenn,021,27897,566,0,566,3
2020-09-18,Humboldt,023,135768,490,1,491,5
2020-09-18,Imperial,025,180216,11704,8,11712,330
2020-09-18,Inyo,027,18085,187,4,191,15
2020-09-18,Kern,029,883053,31576,305,31881,401
2020-09-18,Kings,031,150075,7567,33,7600,76
2020-09-18,Lake,033,64148,542,0,542,9
2020-09-18,Lassen,035,31185,744,2,746,0
2020-09-18,Los Angeles,037,10098052,261917,1672,263589,6525
2020-09-18,Madera,039,155013,4455,29,4484,91
2020-09-18,Marin,041,260295,1195,7,1202,81
2020-09-18,Mariposa,043,17540,75,0,75,0
2020-09-18,Mendocino,045,87422,820,0,820,18
2020-09-18,Merced,047,269075,8794,17,8811,141
2020-09-18,Modoc,049,8938,27,0,27,0
2020-09-18,Mono,051,14174,165,3,168,2
2020-09-18,Monterey,053,433212,9541,20,9561,66
2020-09-18,Napa,055,140530,1675,8,1683,12
2020-09-18,Nevada,057,99092,528,16,544,4
2020-09-18,Orange,059,3164182,53733,1394,55127,1334
2020-09-18,Placer,061,380077,3565,13,3578,46
2020-09-18,Plumas,063,18699,49,0,49,0
2020-09-18,Riverside,065,2383286,57790,141,57931,1234
2020-09-18,Sacramento,067,1510023,21868,25,21893,430
2020-09-18,San Benito,069,59416,1305,0,1305,9
2020-09-18,San Bernardino,071,2135413,52868,339,53207,1098
2020-09-18,San Diego,073,3302833,45891,826,46717,788
2020-09-18,San Francisco,075,870044,10986,25,11011,116
2020-09-18,San Joaquin,077,732212,19918,46,19964,480
2020-09-18,San Luis Obispo,079,281455,3614,17,3631,29
2020-09-18,San Mateo,081,765935,9864,10,9874,153
2020-09-18,Santa Barbara,083,443738,8995,73,9068,115
2020-09-18,Santa Clara,085,1922200,21453,40,21493,294
2020-09-18,Santa Cruz,087,273765,2328,24,2352,10
2020-09-18,Shasta,089,179085,841,3,844,16
2020-09-18,Sierra,091,2930,6,0,6,0
2020-09-18,Siskiyou,093,43540,154,10,164,0
2020-09-18,Solano,095,438530,6227,37,6264,75
2020-09-18,Sonoma,097,501317,7212,20,7232,109
2020-09-18,Stanislaus,099,539301,16352,483,16835,342
2020-09-18,Sutter,101,95872,1647,1,1648,10
2020-09-18,Tehama,103,63373,529,2,531,4
2020-09-18,Trinity,105,12862,53,7,60,0
2020-09-18,Tulare,107,460477,15993,96,16089,268
2020-09-18,Tuolumne,109,53932,231,6,237,4
2020-09-18,Ventura,111,848112,12967,144,13111,154
2020-09-18,Yolo,113,214977,2778,7,2785,57
2020-09-18,Yuba,115,75493,1051,3,1054,7
2020-09-17,Alameda,001,1643700,20884,155,21039,352
2020-09-17,Alpine,002,1148,2,0,2,0
2020-09-17,Amador,005,37829,288,0,288,16
2020-09-17,Butte,007,227075,2853,53,2906,44
2020-09-17,Calaveras,009,45235,303,0,303,15
2020-09-17,Colusa,011,21464,525,0,525,6
2020-09-17,Contra Costa,013,1133247,16514,79,16593,224
2020-09-17,Del Norte,015,27424,133,0,133,1
2020-09-17,El Dorado,017,186661,1114,9,1123,4
2020-09-17,Fresno,019,978130,29985,351,30336,418
2020-09-17,Glenn,021,27897,565,0,565,3
2020-09-17,Humboldt,023,135768,484,1,485,5
2020-09-17,Imperial,025,180216,11687,8,11695,330
2020-09-17,Inyo,027,18085,187,4,191,15
2020-09-17,Kern,029,883053,31516,298,31814,401
2020-09-17,Kings,031,150075,7496,33,7529,76
2020-09-17,Lake,033,64148,532,0,532,9
2020-09-17,Lassen,035,31185,742,2,744,0
2020-09-17,Los Angeles,037,10098052,260974,1658,262632,6511
2020-09-17,Madera,039,155013,4421,29,4450,91
2020-09-17,Marin,041,260295,1195,7,1202,81
2020-09-17,Mariposa,043,17540,75,0,75,0
2020-09-17,Mendocino,045,87422,809,0,809,18
2020-09-17,Merced,047,269075,8774,17,8791,141
2020-09-17,Modoc,049,8938,27,0,27,0
2020-09-17,Mono,051,14174,165,3,168,2
2020-09-17,Monterey,053,433212,9479,20,9499,65
2020-09-17,Napa,055,140530,1664,8,1672,12
2020-09-17,Nevada,057,99092,526,16,542,4
2020-09-17,Orange,059,3164182,53554,1382,54936,1329
2020-09-17,Placer,061,380077,3545,13,3558,44
2020-09-17,Plumas,063,18699,49,0,49,0
2020-09-17,Riverside,065,2383286,57565,140,57705,1232
2020-09-17,Sacramento,067,1510023,21633,25,21658,424
2020-09-17,San Benito,069,59416,1303,0,1303,9
2020-09-17,San Bernardino,071,2135413,52664,339,53003,1092
2020-09-17,San Diego,073,3302833,45611,814,46425,785
2020-09-17,San Francisco,075,870044,10892,25,10917,114
2020-09-17,San Joaquin,077,732212,19859,46,19905,477
2020-09-17,San Luis Obispo,079,281455,3584,17,3601,29
2020-09-17,San Mateo,081,765935,9822,10,9832,152
2020-09-17,Santa Barbara,083,443738,8971,73,9044,115
2020-09-17,Santa Clara,085,1922200,21336,40,21376,294
2020-09-17,Santa Cruz,087,273765,2312,24,2336,10
2020-09-17,Shasta,089,179085,802,3,805,16
2020-09-17,Sierra,091,2930,6,0,6,0
2020-09-17,Siskiyou,093,43540,154,10,164,0
2020-09-17,Solano,095,438530,6204,37,6241,74
2020-09-17,Sonoma,097,501317,7148,20,7168,107
2020-09-17,Stanislaus,099,539301,16319,479,16798,342
2020-09-17,Sutter,101,95872,1642,1,1643,10
2020-09-17,Tehama,103,63373,516,2,518,4
2020-09-17,Trinity,105,12862,53,7,60,0
2020-09-17,Tulare,107,460477,15941,94,16035,266
2020-09-17,Tuolumne,109,53932,230,6,236,4
2020-09-17,Ventura,111,848112,12880,141,13021,153
2020-09-17,Yolo,113,214977,2769,7,2776,57
2020-09-17,Yuba,115,75493,1047,3,1050,7
2020-09-16,Alameda,001,1643700,20786,153,20939,345
2020-09-16,Alpine,002,1148,2,0,2,0
2020-09-16,Amador,005,37829,288,0,288,16
2020-09-16,Butte,007,227075,2843,52,2895,44
2020-09-16,Calaveras,009,45235,303,0,303,15
2020-09-16,Colusa,011,21464,523,0,523,6
2020-09-16,Contra Costa,013,1133247,16426,79,16505,223
2020-09-16,Del Norte,015,27424,133,0,133,1
2020-09-16,El Dorado,017,186661,1106,8,1114,4
2020-09-16,Fresno,019,978130,29878,349,30227,417
2020-09-16,Glenn,021,27897,563,0,563,3
2020-09-16,Humboldt,023,135768,483,1,484,5
2020-09-16,Imperial,025,180216,11664,8,11672,330
2020-09-16,Inyo,027,18085,186,4,190,15
2020-09-16,Kern,029,883053,31457,297,31754,400
2020-09-16,Kings,031,150075,7471,31,7502,76
2020-09-16,Lake,033,64148,521,0,521,9
2020-09-16,Lassen,035,31185,741,2,743,0
2020-09-16,Los Angeles,037,10098052,259993,1641,261634,6492
2020-09-16,Madera,039,155013,4398,29,4427,91
2020-09-16,Marin,041,260295,1193,7,1200,81
2020-09-16,Mariposa,043,17540,75,0,75,0
2020-09-16,Mendocino,045,87422,800,0,800,18
2020-09-16,Merced,047,269075,8749,15,8764,141
2020-09-16,Modoc,049,8938,27,0,27,0
2020-09-16,Mono,051,14174,165,3,168,2
2020-09-16,Monterey,053,433212,9425,20,9445,65
2020-09-16,Napa,055,140530,1650,8,1658,12
2020-09-16,Nevada,057,99092,521,15,536,4
2020-09-16,Orange,059,3164182,53353,1373,54726,1320
2020-09-16,Placer,061,380077,3527,13,3540,44
2020-09-16,Plumas,063,18699,49,0,49,0
2020-09-16,Riverside,065,2383286,57371,132,57503,1228
2020-09-16,Sacramento,067,1510023,21540,25,21565,419
2020-09-16,San Benito,069,59416,1295,0,1295,9
2020-09-16,San Bernardino,071,2135413,52439,338,52777,1087
2020-09-16,San Diego,073,3302833,45319,793,46112,783
2020-09-16,San Francisco,075,870044,10845,25,10870,112
2020-09-16,San Joaquin,077,732212,19804,45,19849,474
2020-09-16,San Luis Obispo,079,281455,3553,17,3570,29
2020-09-16,San Mateo,081,765935,9757,10,9767,152
2020-09-16,Santa Barbara,083,443738,8938,73,9011,115
2020-09-16,Santa Clara,085,1922200,21217,40,21257,292
2020-09-16,Santa Cruz,087,273765,2271,23,2294,10
2020-09-16,Shasta,089,179085,776,3,779,16
2020-09-16,Sierra,091,2930,6,0,6,0
2020-09-16,Siskiyou,093,43540,153,10,163,0
2020-09-16,Solano,095,438530,6175,37,6212,72
2020-09-16,Sonoma,097,501317,7086,20,7106,107
2020-09-16,Stanislaus,099,539301,16271,471,16742,335
2020-09-16,Sutter,101,95872,1629,1,1630,10
2020-09-16,Tehama,103,63373,508,2,510,4
2020-09-16,Trinity,105,12862,53,7,60,0
2020-09-16,Tulare,107,460477,15897,87,15984,266
2020-09-16,Tuolumne,109,53932,229,6,235,4
2020-09-16,Ventura,111,848112,12809,139,12948,151
2020-09-16,Yolo,113,214977,2762,7,2769,57
2020-09-16,Yuba,115,75493,1045,3,1048,7
2020-09-15,Alameda,001,1643700,20680,150,20830,342
2020-09-15,Alpine,002,1148,2,0,2,0
2020-09-15,Amador,005,37829,287,0,287,16
2020-09-15,Butte,007,227075,2830,50,2880,44
2020-09-15,Calaveras,009,45235,303,0,303,15
2020-09-15,Colusa,011,21464,517,0,517,6
2020-09-15,Contra Costa,013,1133247,16320,77,16397,221
2020-09-15,Del Norte,015,27424,133,0,133,1
2020-09-15,El Dorado,017,186661,1101,8,1109,4
2020-09-15,Fresno,019,978130,29770,344,30114,416
2020-09-15,Glenn,021,27897,562,0,562,3
2020-09-15,Humboldt,023,135768,481,1,482,5
2020-09-15,Imperial,025,180216,11639,8,11647,329
2020-09-15,Inyo,027,18085,186,4,190,15
2020-09-15,Kern,029,883053,31344,294,31638,399
2020-09-15,Kings,031,150075,7313,31,7344,76
2020-09-15,Lake,033,64148,508,0,508,8
2020-09-15,Lassen,035,31185,737,2,739,0
2020-09-15,Los Angeles,037,10098052,258884,1619,260503,6473
2020-09-15,Madera,039,155013,4379,29,4408,91
2020-09-15,Marin,041,260295,1191,7,1198,81
2020-09-15,Mariposa,043,17540,75,0,75,0
2020-09-15,Mendocino,045,87422,782,0,782,18
2020-09-15,Merced,047,269075,8720,15,8735,140
2020-09-15,Modoc,049,8938,26,0,26,0
2020-09-15,Mono,051,14174,165,3,168,2
2020-09-15,Monterey,053,433212,9376,20,9396,65
2020-09-15,Napa,055,140530,1636,8,1644,12
2020-09-15,Nevada,057,99092,516,15,531,4
2020-09-15,Orange,059,3164182,53171,1359,54530,1312
2020-09-15,Placer,061,380077,3503,13,3516,44
2020-09-15,Plumas,063,18699,49,0,49,0
2020-09-15,Riverside,065,2383286,57077,122,57199,1226
2020-09-15,Sacramento,067,1510023,21396,25,21421,415
2020-09-15,San Benito,069,59416,1288,0,1288,9
2020-09-15,San Bernardino,071,2135413,52224,337,52561,1082
2020-09-15,San Diego,073,3302833,45000,773,45773,778
2020-09-15,San Francisco,075,870044,10787,25,10812,111
2020-09-15,San Joaquin,077,732212,19752,45,19797,474
2020-09-15,San Luis Obispo,079,281455,3533,17,3550,28
2020-09-15,San Mateo,081,765935,9688,10,9698,152
2020-09-15,Santa Barbara,083,443738,8913,72,8985,115
2020-09-15,Santa Clara,085,1922200,21084,40,21124,292
2020-09-15,Santa Cruz,087,273765,2245,22,2267,10
2020-09-15,Shasta,089,179085,764,3,767,16
2020-09-15,Sierra,091,2930,6,0,6,0
2020-09-15,Siskiyou,093,43540,153,10,163,0
2020-09-15,Solano,095,438530,6141,37,6178,71
2020-09-15,Sonoma,097,501317,7047,20,7067,107
2020-09-15,Stanislaus,099,539301,16223,469,16692,332
2020-09-15,Sutter,101,95872,1618,1,1619,10
2020-09-15,Tehama,103,63373,496,2,498,4
2020-09-15,Trinity,105,12862,53,7,60,0
2020-09-15,Tulare,107,460477,15820,85,15905,264
2020-09-15,Tuolumne,109,53932,229,6,235,4
2020-09-15,Ventura,111,848112,12756,138,12894,150
2020-09-15,Yolo,113,214977,2758,7,2765,57
2020-09-15,Yuba,115,75493,1039,3,1042,7
2020-09-14,Alameda,001,1643700,20553,149,20702,340
2020-09-14,Alpine,002,1148,2,0,2,0
2020-09-14,Amador,005,37829,285,0,285,16
2020-09-14,Butte,007,227075,2812,50,2862,44
2020-09-14,Calaveras,009,45235,303,0,303,15
2020-09-14,Colusa,011,21464,516,0,516,6
2020-09-14,Contra Costa,013,1133247,16196,76,16272,220
2020-09-14,Del Norte,015,27424,130,0,130,1
2020-09-14,El Dorado,017,186661,1097,8,1105,4
2020-09-14,Fresno,019,978130,29687,341,30028,411
2020-09-14,Glenn,021,27897,554,0,554,3
2020-09-14,Humboldt,023,135768,478,1,479,5
2020-09-14,Imperial,025,180216,11619,8,11627,329
2020-09-14,Inyo,027,18085,186,4,190,15
2020-09-14,Kern,029,883053,31256,293,31549,397
2020-09-14,Kings,031,150075,7232,31,7263,76
2020-09-14,Lake,033,64148,487,0,487,7
2020-09-14,Lassen,035,31185,737,2,739,0
2020-09-14,Los Angeles,037,10098052,257855,1594,259449,6452
2020-09-14,Madera,039,155013,4364,29,4393,90
2020-09-14,Marin,041,260295,1191,7,1198,81
2020-09-14,Mariposa,043,17540,75,0,75,0
2020-09-14,Mendocino,045,87422,765,0,765,18
2020-09-14,Merced,047,269075,8702,15,8717,138
2020-09-14,Modoc,049,8938,26,0,26,0
2020-09-14,Mono,051,14174,165,3,168,2
2020-09-14,Monterey,053,433212,9305,19,9324,65
2020-09-14,Napa,055,140530,1619,8,1627,12
2020-09-14,Nevada,057,99092,511,15,526,4
2020-09-14,Orange,059,3164182,53010,1343,54353,1302
2020-09-14,Placer,061,380077,3481,13,3494,43
2020-09-14,Plumas,063,18699,48,0,48,0
2020-09-14,Riverside,065,2383286,56858,118,56976,1219
2020-09-14,Sacramento,067,1510023,21201,24,21225,411
2020-09-14,San Benito,069,59416,1273,0,1273,9
2020-09-14,San Bernardino,071,2135413,52000,336,52336,1076
2020-09-14,San Diego,073,3302833,44689,753,45442,773
2020-09-14,San Francisco,075,870044,10720,23,10743,111
2020-09-14,San Joaquin,077,732212,19678,44,19722,472
2020-09-14,San Luis Obispo,079,281455,3508,17,3525,28
2020-09-14,San Mateo,081,765935,9627,10,9637,152
2020-09-14,Santa Barbara,083,443738,8887,72,8959,114
2020-09-14,Santa Clara,085,1922200,20896,40,20936,289
2020-09-14,Santa Cruz,087,273765,2223,21,2244,10
2020-09-14,Shasta,089,179085,741,3,744,16
2020-09-14,Sierra,091,2930,6,0,6,0
2020-09-14,Siskiyou,093,43540,152,10,162,0
2020-09-14,Solano,095,438530,6106,37,6143,69
2020-09-14,Sonoma,097,501317,6983,20,7003,105
2020-09-14,Stanislaus,099,539301,16178,466,16644,328
2020-09-14,Sutter,101,95872,1607,1,1608,10
2020-09-14,Tehama,103,63373,494,2,496,3
2020-09-14,Trinity,105,12862,52,7,59,0
2020-09-14,Tulare,107,460477,15751,80,15831,263
2020-09-14,Tuolumne,109,53932,228,6,234,4
2020-09-14,Ventura,111,848112,12654,135,12789,149
2020-09-14,Yolo,113,214977,2747,7,2754,57
2020-09-14,Yuba,115,75493,1031,3,1034,7
2020-09-13,Alameda,001,1643700,20447,146,20593,338
2020-09-13,Alpine,002,1148,2,0,2,0
2020-09-13,Amador,005,37829,282,0,282,16
2020-09-13,Butte,007,227075,2791,50,2841,44
2020-09-13,Calaveras,009,45235,302,0,302,15
2020-09-13,Colusa,011,21464,512,0,512,6
2020-09-13,Contra Costa,013,1133247,16090,76,16166,218
2020-09-13,Del Norte,015,27424,127,0,127,1
2020-09-13,El Dorado,017,186661,1092,8,1100,4
2020-09-13,Fresno,019,978130,29576,332,29908,410
2020-09-13,Glenn,021,27897,550,0,550,3
2020-09-13,Humboldt,023,135768,478,1,479,5
2020-09-13,Imperial,025,180216,11582,7,11589,327
2020-09-13,Inyo,027,18085,186,4,190,15
2020-09-13,Kern,029,883053,31160,287,31447,395
2020-09-13,Kings,031,150075,7213,31,7244,76
2020-09-13,Lake,033,64148,469,0,469,6
2020-09-13,Lassen,035,31185,734,2,736,0
2020-09-13,Los Angeles,037,10098052,256702,1579,258281,6434
2020-09-13,Madera,039,155013,4307,29,4336,89
2020-09-13,Marin,041,260295,1191,7,1198,80
2020-09-13,Mariposa,043,17540,75,0,75,0
2020-09-13,Mendocino,045,87422,758,0,758,18
2020-09-13,Merced,047,269075,8673,15,8688,137
2020-09-13,Modoc,049,8938,26,0,26,0
2020-09-13,Mono,051,14174,165,3,168,2
2020-09-13,Monterey,053,433212,9223,18,9241,64
2020-09-13,Napa,055,140530,1612,8,1620,12
2020-09-13,Nevada,057,99092,503,15,518,4
2020-09-13,Orange,059,3164182,52795,1336,54131,1296
2020-09-13,Placer,061,380077,3452,13,3465,43
2020-09-13,Plumas,063,18699,48,0,48,0
2020-09-13,Riverside,065,2383286,56651,107,56758,1216
2020-09-13,Sacramento,067,1510023,20856,24,20880,407
2020-09-13,San Benito,069,59416,1265,0,1265,9
2020-09-13,San Bernardino,071,2135413,51713,334,52047,1069
2020-09-13,San Diego,073,3302833,44363,719,45082,767
2020-09-13,San Francisco,075,870044,10642,23,10665,111
2020-09-13,San Joaquin,077,732212,19607,43,19650,468
2020-09-13,San Luis Obispo,079,281455,3471,17,3488,26
2020-09-13,San Mateo,081,765935,9566,10,9576,150
2020-09-13,Santa Barbara,083,443738,8850,72,8922,114
2020-09-13,Santa Clara,085,1922200,20757,39,20796,285
2020-09-13,Santa Cruz,087,273765,2189,19,2208,9
2020-09-13,Shasta,089,179085,729,3,732,16
2020-09-13,Sierra,091,2930,6,0,6,0
2020-09-13,Siskiyou,093,43540,152,9,161,0
2020-09-13,Solano,095,438530,6060,37,6097,67
2020-09-13,Sonoma,097,501317,6918,20,6938,104
2020-09-13,Stanislaus,099,539301,16115,454,16569,327
2020-09-13,Sutter,101,95872,1595,1,1596,10
2020-09-13,Tehama,103,63373,490,2,492,3
2020-09-13,Trinity,105,12862,52,7,59,0
2020-09-13,Tulare,107,460477,15680,79,15759,263
2020-09-13,Tuolumne,109,53932,224,6,230,4
2020-09-13,Ventura,111,848112,12546,134,12680,147
2020-09-13,Yolo,113,214977,2735,7,2742,56
2020-09-13,Yuba,115,75493,1026,3,1029,7
2020-09-12,Alameda,001,1643700,20388,146,20534,337
2020-09-12,Alpine,002,1148,2,0,2,0
2020-09-12,Amador,005,37829,281,0,281,16
2020-09-12,Butte,007,227075,2784,49,2833,43
2020-09-12,Calaveras,009,45235,300,0,300,15
2020-09-12,Colusa,011,21464,508,0,508,6
2020-09-12,Contra Costa,013,1133247,16013,75,16088,217
2020-09-12,Del Norte,015,27424,126,0,126,1
2020-09-12,El Dorado,017,186661,1085,8,1093,4
2020-09-12,Fresno,019,978130,29506,332,29838,410
2020-09-12,Glenn,021,27897,549,0,549,3
2020-09-12,Humboldt,023,135768,477,1,478,5
2020-09-12,Imperial,025,180216,11570,7,11577,326
2020-09-12,Inyo,027,18085,186,4,190,14
2020-09-12,Kern,029,883053,31094,287,31381,395
2020-09-12,Kings,031,150075,7203,31,7234,76
2020-09-12,Lake,033,64148,461,0,461,6
2020-09-12,Lassen,035,31185,734,2,736,0
2020-09-12,Los Angeles,037,10098052,256143,1559,257702,6415
2020-09-12,Madera,039,155013,4296,29,4325,89
2020-09-12,Marin,041,260295,1191,7,1198,78
2020-09-12,Mariposa,043,17540,75,0,75,0
2020-09-12,Mendocino,045,87422,755,0,755,17
2020-09-12,Merced,047,269075,8664,15,8679,136
2020-09-12,Modoc,049,8938,25,0,25,0
2020-09-12,Mono,051,14174,165,3,168,2
2020-09-12,Monterey,053,433212,9187,18,9205,64
2020-09-12,Napa,055,140530,1609,8,1617,12
2020-09-12,Nevada,057,99092,502,15,517,4
2020-09-12,Orange,059,3164182,52679,1333,54012,1289
2020-09-12,Placer,061,380077,3435,13,3448,42
2020-09-12,Plumas,063,18699,48,0,48,0
2020-09-12,Riverside,065,2383286,56523,103,56626,1212
2020-09-12,Sacramento,067,1510023,20788,24,20812,401
2020-09-12,San Benito,069,59416,1262,0,1262,9
2020-09-12,San Bernardino,071,2135413,51622,332,51954,1065
2020-09-12,San Diego,073,3302833,44168,710,44878,763
2020-09-12,San Francisco,075,870044,10598,23,10621,111
2020-09-12,San Joaquin,077,732212,19579,43,19622,466
2020-09-12,San Luis Obispo,079,281455,3444,17,3461,26
2020-09-12,San Mateo,081,765935,9521,10,9531,149
2020-09-12,Santa Barbara,083,443738,8836,72,8908,114
2020-09-12,Santa Clara,085,1922200,20670,39,20709,280
2020-09-12,Santa Cruz,087,273765,2177,19,2196,9
2020-09-12,Shasta,089,179085,717,3,720,15
2020-09-12,Sierra,091,2930,6,0,6,0
2020-09-12,Siskiyou,093,43540,152,9,161,0
2020-09-12,Solano,095,438530,6036,37,6073,66
2020-09-12,Sonoma,097,501317,6893,20,6913,103
2020-09-12,Stanislaus,099,539301,16083,451,16534,325
2020-09-12,Sutter,101,95872,1589,1,1590,10
2020-09-12,Tehama,103,63373,487,2,489,3
2020-09-12,Trinity,105,12862,52,7,59,0
2020-09-12,Tulare,107,460477,15635,78,15713,262
2020-09-12,Tuolumne,109,53932,224,6,230,4
2020-09-12,Ventura,111,848112,12495,132,12627,146
2020-09-12,Yolo,113,214977,2728,7,2735,56
2020-09-12,Yuba,115,75493,1022,3,1025,6
2020-09-11,Alameda,001,1643700,20333,145,20478,334
2020-09-11,Alpine,002,1148,2,0,2,0
2020-09-11,Amador,005,37829,281,0,281,16
2020-09-11,Butte,007,227075,2772,49,2821,43
2020-09-11,Calaveras,009,45235,299,0,299,13
2020-09-11,Colusa,011,21464,507,0,507,6
2020-09-11,Contra Costa,013,1133247,15955,72,16027,217
2020-09-11,Del Norte,015,27424,126,0,126,1
2020-09-11,El Dorado,017,186661,1082,8,1090,4
2020-09-11,Fresno,019,978130,29426,331,29757,406
2020-09-11,Glenn,021,27897,544,0,544,3
2020-09-11,Humboldt,023,135768,475,1,476,5
2020-09-11,Imperial,025,180216,11552,7,11559,325
2020-09-11,Inyo,027,18085,186,4,190,14
2020-09-11,Kern,029,883053,31026,286,31312,394
2020-09-11,Kings,031,150075,7186,31,7217,76
2020-09-11,Lake,033,64148,453,0,453,6
2020-09-11,Lassen,035,31185,734,2,736,0
2020-09-11,Los Angeles,037,10098052,255464,1548,257012,6396
2020-09-11,Madera,039,155013,4277,29,4306,89
2020-09-11,Marin,041,260295,1191,7,1198,78
2020-09-11,Mariposa,043,17540,75,0,75,0
2020-09-11,Mendocino,045,87422,744,0,744,17
2020-09-11,Merced,047,269075,8645,14,8659,135
2020-09-11,Modoc,049,8938,25,0,25,0
2020-09-11,Mono,051,14174,165,3,168,2
2020-09-11,Monterey,053,433212,9139,18,9157,63
2020-09-11,Napa,055,140530,1598,8,1606,12
2020-09-11,Nevada,057,99092,495,15,510,4
2020-09-11,Orange,059,3164182,52549,1321,53870,1279
2020-09-11,Placer,061,380077,3420,13,3433,42
2020-09-11,Plumas,063,18699,48,0,48,0
2020-09-11,Riverside,065,2383286,56388,100,56488,1203
2020-09-11,Sacramento,067,1510023,20704,24,20728,396
2020-09-11,San Benito,069,59416,1252,0,1252,9
2020-09-11,San Bernardino,071,2135413,51523,332,51855,1062
2020-09-11,San Diego,073,3302833,43948,704,44652,761
2020-09-11,San Francisco,075,870044,10550,22,10572,110
2020-09-11,San Joaquin,077,732212,19531,43,19574,464
2020-09-11,San Luis Obispo,079,281455,3426,17,3443,26
2020-09-11,San Mateo,081,765935,9479,10,9489,148
2020-09-11,Santa Barbara,083,443738,8803,71,8874,114
2020-09-11,Santa Clara,085,1922200,20582,39,20621,279
2020-09-11,Santa Cruz,087,273765,2160,19,2179,8
2020-09-11,Shasta,089,179085,707,3,710,14
2020-09-11,Sierra,091,2930,6,0,6,0
2020-09-11,Siskiyou,093,43540,151,9,160,0
2020-09-11,Solano,095,438530,6018,37,6055,65
2020-09-11,Sonoma,097,501317,6854,20,6874,102
2020-09-11,Stanislaus,099,539301,16045,448,16493,320
2020-09-11,Sutter,101,95872,1579,1,1580,10
2020-09-11,Tehama,103,63373,484,2,486,3
2020-09-11,Trinity,105,12862,52,7,59,0
2020-09-11,Tulare,107,460477,15602,75,15677,262
2020-09-11,Tuolumne,109,53932,224,6,230,4
2020-09-11,Ventura,111,848112,12441,130,12571,146
2020-09-11,Yolo,113,214977,2718,7,2725,56
2020-09-11,Yuba,115,75493,1014,3,1017,6
2020-09-10,Alameda,001,1643700,20259,145,20404,332
2020-09-10,Alpine,002,1148,2,0,2,0
2020-09-10,Amador,005,37829,280,0,280,16
2020-09-10,Butte,007,227075,2755,49,2804,42
2020-09-10,Calaveras,009,45235,299,0,299,13
2020-09-10,Colusa,011,21464,505,0,505,6
2020-09-10,Contra Costa,013,1133247,15882,72,15954,215
2020-09-10,Del Norte,015,27424,125,0,125,1
2020-09-10,El Dorado,017,186661,1079,8,1087,4
2020-09-10,Fresno,019,978130,29305,331,29636,404
2020-09-10,Glenn,021,27897,534,0,534,3
2020-09-10,Humboldt,023,135768,464,1,465,4
2020-09-10,Imperial,025,180216,11536,7,11543,324
2020-09-10,Inyo,027,18085,185,4,189,14
2020-09-10,Kern,029,883053,30944,282,31226,391
2020-09-10,Kings,031,150075,7156,31,7187,76
2020-09-10,Lake,033,64148,447,0,447,6
2020-09-10,Lassen,035,31185,733,2,735,0
2020-09-10,Los Angeles,037,10098052,254486,1527,256013,6370
2020-09-10,Madera,039,155013,4259,29,4288,88
2020-09-10,Marin,041,260295,1191,7,1198,78
2020-09-10,Mariposa,043,17540,75,0,75,0
2020-09-10,Mendocino,045,87422,734,0,734,17
2020-09-10,Merced,047,269075,8598,14,8612,135
2020-09-10,Modoc,049,8938,25,0,25,0
2020-09-10,Mono,051,14174,165,3,168,2
2020-09-10,Monterey,053,433212,9069,18,9087,63
2020-09-10,Napa,055,140530,1592,8,1600,12
2020-09-10,Nevada,057,99092,491,15,506,4
2020-09-10,Orange,059,3164182,52386,1314,53700,1274
2020-09-10,Placer,061,380077,3400,13,3413,40
2020-09-10,Plumas,063,18699,48,0,48,0
2020-09-10,Riverside,065,2383286,56069,97,56166,1197
2020-09-10,Sacramento,067,1510023,20584,23,20607,392
2020-09-10,San Benito,069,59416,1246,0,1246,9
2020-09-10,San Bernardino,071,2135413,51334,330,51664,1057
2020-09-10,San Diego,073,3302833,43682,677,44359,758
2020-09-10,San Francisco,075,870044,10473,22,10495,109
2020-09-10,San Joaquin,077,732212,19478,43,19521,463
2020-09-10,San Luis Obispo,079,281455,3412,16,3428,26
2020-09-10,San Mateo,081,765935,9433,10,9443,148
2020-09-10,Santa Barbara,083,443738,8758,71,8829,113
2020-09-10,Santa Clara,085,1922200,20467,39,20506,277
2020-09-10,Santa Cruz,087,273765,2145,17,2162,7
2020-09-10,Shasta,089,179085,696,3,699,14
2020-09-10,Sierra,091,2930,6,0,6,0
2020-09-10,Siskiyou,093,43540,151,9,160,0
2020-09-10,Solano,095,438530,5978,37,6015,63
2020-09-10,Sonoma,097,501317,6805,20,6825,101
2020-09-10,Stanislaus,099,539301,15992,443,16435,316
2020-09-10,Sutter,101,95872,1569,1,1570,10
2020-09-10,Tehama,103,63373,477,2,479,3
2020-09-10,Trinity,105,12862,52,7,59,0
2020-09-10,Tulare,107,460477,15549,72,15621,262
2020-09-10,Tuolumne,109,53932,223,6,229,4
2020-09-10,Ventura,111,848112,12347,123,12470,146
2020-09-10,Yolo,113,214977,2713,7,2720,56
2020-09-10,Yuba,115,75493,1008,3,1011,6
2020-09-09,Alameda,001,1643700,20180,144,20324,328
2020-09-09,Alpine,002,1148,2,0,2,0
2020-09-09,Amador,005,37829,279,0,279,16
2020-09-09,Butte,007,227075,2738,49,2787,39
2020-09-09,Calaveras,009,45235,299,0,299,13
2020-09-09,Colusa,011,21464,500,0,500,6
2020-09-09,Contra Costa,013,1133247,15795,72,15867,214
2020-09-09,Del Norte,015,27424,121,0,121,1
2020-09-09,El Dorado,017,186661,1076,8,1084,3
2020-09-09,Fresno,019,978130,29203,326,29529,402
2020-09-09,Glenn,021,27897,531,0,531,3
2020-09-09,Humboldt,023,135768,462,1,463,4
2020-09-09,Imperial,025,180216,11516,7,11523,322
2020-09-09,Inyo,027,18085,184,4,188,14
2020-09-09,Kern,029,883053,30846,279,31125,391
2020-09-09,Kings,031,150075,7138,31,7169,76
2020-09-09,Lake,033,64148,438,0,438,5
2020-09-09,Lassen,035,31185,732,2,734,0
2020-09-09,Los Angeles,037,10098052,253613,1509,255122,6345
2020-09-09,Madera,039,155013,4233,29,4262,87
2020-09-09,Marin,041,260295,1191,7,1198,78
2020-09-09,Mariposa,043,17540,74,0,74,0
2020-09-09,Mendocino,045,87422,726,0,726,17
2020-09-09,Merced,047,269075,8568,14,8582,134
2020-09-09,Modoc,049,8938,24,0,24,0
2020-09-09,Mono,051,14174,165,3,168,2
2020-09-09,Monterey,053,433212,8997,18,9015,63
2020-09-09,Napa,055,140530,1582,8,1590,12
2020-09-09,Nevada,057,99092,487,15,502,4
2020-09-09,Orange,059,3164182,52208,1307,53515,1272
2020-09-09,Placer,061,380077,3379,13,3392,39
2020-09-09,Plumas,063,18699,46,0,46,0
2020-09-09,Riverside,065,2383286,55839,94,55933,1191
2020-09-09,Sacramento,067,1510023,20479,22,20501,391
2020-09-09,San Benito,069,59416,1242,0,1242,9
2020-09-09,San Bernardino,071,2135413,51135,329,51464,1052
2020-09-09,San Diego,073,3302833,43393,665,44058,752
2020-09-09,San Francisco,075,870044,10423,21,10444,105
2020-09-09,San Joaquin,077,732212,19415,42,19457,460
2020-09-09,San Luis Obispo,079,281455,3394,16,3410,26
2020-09-09,San Mateo,081,765935,9373,10,9383,148
2020-09-09,Santa Barbara,083,443738,8715,71,8786,113
2020-09-09,Santa Clara,085,1922200,20336,39,20375,276
2020-09-09,Santa Cruz,087,273765,2122,17,2139,7
2020-09-09,Shasta,089,179085,684,3,687,14
2020-09-09,Sierra,091,2930,6,0,6,0
2020-09-09,Siskiyou,093,43540,149,9,158,0
2020-09-09,Solano,095,438530,5946,37,5983,62
2020-09-09,Sonoma,097,501317,6738,20,6758,101
2020-09-09,Stanislaus,099,539301,15952,432,16384,314
2020-09-09,Sutter,101,95872,1561,1,1562,10
2020-09-09,Tehama,103,63373,474,2,476,3
2020-09-09,Trinity,105,12862,52,7,59,0
2020-09-09,Tulare,107,460477,15499,67,15566,262
2020-09-09,Tuolumne,109,53932,222,5,227,4
2020-09-09,Ventura,111,848112,12256,120,12376,146
2020-09-09,Yolo,113,214977,2702,7,2709,56
2020-09-09,Yuba,115,75493,1003,3,1006,6
2020-09-08,Alameda,001,1643700,20071,144,20215,325
2020-09-08,Alpine,002,1148,2,0,2,0
2020-09-08,Amador,005,37829,279,0,279,16
2020-09-08,Butte,007,227075,2720,49,2769,39
2020-09-08,Calaveras,009,45235,297,0,297,13
2020-09-08,Colusa,011,21464,498,0,498,6
2020-09-08,Contra Costa,013,1133247,15664,69,15733,213
2020-09-08,Del Norte,015,27424,121,0,121,1
2020-09-08,El Dorado,017,186661,1073,8,1081,3
2020-09-08,Fresno,019,978130,29085,322,29407,400
2020-09-08,Glenn,021,27897,527,0,527,3
2020-09-08,Humboldt,023,135768,460,1,461,4
2020-09-08,Imperial,025,180216,11500,7,11507,321
2020-09-08,Inyo,027,18085,184,4,188,14
2020-09-08,Kern,029,883053,30761,276,31037,388
2020-09-08,Kings,031,150075,7100,31,7131,75
2020-09-08,Lake,033,64148,428,0,428,5
2020-09-08,Lassen,035,31185,732,2,734,0
2020-09-08,Los Angeles,037,10098052,252680,1481,254161,6316
2020-09-08,Madera,039,155013,4209,29,4238,87
2020-09-08,Marin,041,260295,1191,7,1198,77
2020-09-08,Mariposa,043,17540,74,0,74,0
2020-09-08,Mendocino,045,87422,719,0,719,17
2020-09-08,Merced,047,269075,8544,14,8558,131
2020-09-08,Modoc,049,8938,24,0,24,0
2020-09-08,Mono,051,14174,165,3,168,2
2020-09-08,Monterey,053,433212,8912,18,8930,62
2020-09-08,Napa,055,140530,1578,8,1586,12
2020-09-08,Nevada,057,99092,487,15,502,4
2020-09-08,Orange,059,3164182,52066,1303,53369,1270
2020-09-08,Placer,061,380077,3365,13,3378,38
2020-09-08,Plumas,063,18699,46,0,46,0
2020-09-08,Riverside,065,2383286,55625,91,55716,1180
2020-09-08,Sacramento,067,1510023,20244,21,20265,388
2020-09-08,San Benito,069,59416,1235,0,1235,9
2020-09-08,San Bernardino,071,2135413,50946,327,51273,1047
2020-09-08,San Diego,073,3302833,43077,653,43730,749
2020-09-08,San Francisco,075,870044,10349,21,10370,103
2020-09-08,San Joaquin,077,732212,19337,42,19379,457
2020-09-08,San Luis Obispo,079,281455,3379,16,3395,26
2020-09-08,San Mateo,081,765935,9297,10,9307,148
2020-09-08,Santa Barbara,083,443738,8681,70,8751,113
2020-09-08,Santa Clara,085,1922200,20159,39,20198,276
2020-09-08,Santa Cruz,087,273765,2094,17,2111,7
2020-09-08,Shasta,089,179085,676,3,679,14
2020-09-08,Sierra,091,2930,6,0,6,0
2020-09-08,Siskiyou,093,43540,147,9,156,0
2020-09-08,Solano,095,438530,5909,37,5946,61
2020-09-08,Sonoma,097,501317,6669,20,6689,100
2020-09-08,Stanislaus,099,539301,15888,420,16308,308
2020-09-08,Sutter,101,95872,1545,1,1546,10
2020-09-08,Tehama,103,63373,470,2,472,3
2020-09-08,Trinity,105,12862,51,7,58,0
2020-09-08,Tulare,107,460477,15419,66,15485,262
2020-09-08,Tuolumne,109,53932,221,5,226,4
2020-09-08,Ventura,111,848112,12187,117,12304,145
2020-09-08,Yolo,113,214977,2692,7,2699,56
2020-09-08,Yuba,115,75493,991,3,994,6
2020-09-07,Alameda,001,1643700,19950,138,20088,323
2020-09-07,Alpine,002,1148,2,0,2,0
2020-09-07,Amador,005,37829,279,0,279,16
2020-09-07,Butte,007,227075,2687,48,2735,39
2020-09-07,Calaveras,009,45235,287,0,287,12
2020-09-07,Colusa,011,21464,497,0,497,6
2020-09-07,Contra Costa,013,1133247,15549,66,15615,212
2020-09-07,Del Norte,015,27424,121,0,121,1
2020-09-07,El Dorado,017,186661,1062,8,1070,3
2020-09-07,Fresno,019,978130,28990,319,29309,397
2020-09-07,Glenn,021,27897,522,0,522,3
2020-09-07,Humboldt,023,135768,451,1,452,4
2020-09-07,Imperial,025,180216,11469,7,11476,321
2020-09-07,Inyo,027,18085,184,4,188,14
2020-09-07,Kern,029,883053,30640,271,30911,386
2020-09-07,Kings,031,150075,6976,31,7007,75
2020-09-07,Lake,033,64148,405,0,405,5
2020-09-07,Lassen,035,31185,732,2,734,0
2020-09-07,Los Angeles,037,10098052,251632,1460,253092,6285
2020-09-07,Madera,039,155013,4178,28,4206,85
2020-09-07,Marin,041,260295,1186,7,1193,77
2020-09-07,Mariposa,043,17540,74,0,74,0
2020-09-07,Mendocino,045,87422,711,0,711,17
2020-09-07,Merced,047,269075,8497,14,8511,129
2020-09-07,Modoc,049,8938,23,0,23,0
2020-09-07,Mono,051,14174,165,3,168,2
2020-09-07,Monterey,053,433212,8833,18,8851,62
2020-09-07,Napa,055,140530,1566,8,1574,12
2020-09-07,Nevada,057,99092,485,15,500,4
2020-09-07,Orange,059,3164182,51892,1299,53191,1265
2020-09-07,Placer,061,380077,3335,12,3347,37
2020-09-07,Plumas,063,18699,45,0,45,0
2020-09-07,Riverside,065,2383286,55350,85,55435,1175
2020-09-07,Sacramento,067,1510023,20002,20,20022,382
2020-09-07,San Benito,069,59416,1229,0,1229,9
2020-09-07,San Bernardino,071,2135413,50718,325,51043,1042
2020-09-07,San Diego,073,3302833,42677,626,43303,747
2020-09-07,San Francisco,075,870044,10298,20,10318,102
2020-09-07,San Joaquin,077,732212,19255,40,19295,455
2020-09-07,San Luis Obispo,079,281455,3342,16,3358,26
2020-09-07,San Mateo,081,765935,9215,10,9225,148
2020-09-07,Santa Barbara,083,443738,8637,70,8707,112
2020-09-07,Santa Clara,085,1922200,20003,38,20041,272
2020-09-07,Santa Cruz,087,273765,2066,17,2083,7
2020-09-07,Shasta,089,179085,666,3,669,14
2020-09-07,Sierra,091,2930,6,0,6,0
2020-09-07,Siskiyou,093,43540,146,9,155,0
2020-09-07,Solano,095,438530,5844,37,5881,61
2020-09-07,Sonoma,097,501317,6603,20,6623,99
2020-09-07,Stanislaus,099,539301,15823,408,16231,308
2020-09-07,Sutter,101,95872,1528,1,1529,10
2020-09-07,Tehama,103,63373,466,2,468,3
2020-09-07,Trinity,105,12862,51,7,58,0
2020-09-07,Tulare,107,460477,15312,64,15376,261
2020-09-07,Tuolumne,109,53932,220,5,225,3
2020-09-07,Ventura,111,848112,12092,114,12206,145
2020-09-07,Yolo,113,214977,2675,6,2681,56
2020-09-07,Yuba,115,75493,975,3,978,6
2020-09-06,Alameda,001,1643700,19892,136,20028,321
2020-09-06,Alpine,002,1148,2,0,2,0
2020-09-06,Amador,005,37829,277,0,277,16
2020-09-06,Butte,007,227075,2678,48,2726,39
2020-09-06,Calaveras,009,45235,287,0,287,11
2020-09-06,Colusa,011,21464,493,0,493,6
2020-09-06,Contra Costa,013,1133247,15468,65,15533,209
2020-09-06,Del Norte,015,27424,121,0,121,1
2020-09-06,El Dorado,017,186661,1060,8,1068,3
2020-09-06,Fresno,019,978130,28927,317,29244,394
2020-09-06,Glenn,021,27897,516,0,516,3
2020-09-06,Humboldt,023,135768,448,1,449,4
2020-09-06,Imperial,025,180216,11452,7,11459,320
2020-09-06,Inyo,027,18085,184,4,188,14
2020-09-06,Kern,029,883053,30585,267,30852,383
2020-09-06,Kings,031,150075,6956,30,6986,75
2020-09-06,Lake,033,64148,402,0,402,4
2020-09-06,Lassen,035,31185,732,2,734,0
2020-09-06,Los Angeles,037,10098052,251000,1446,252446,6257
2020-09-06,Madera,039,155013,4134,28,4162,83
2020-09-06,Marin,041,260295,1185,7,1192,77
2020-09-06,Mariposa,043,17540,74,0,74,0
2020-09-06,Mendocino,045,87422,710,0,710,17
2020-09-06,Merced,047,269075,8477,14,8491,127
2020-09-06,Modoc,049,8938,23,0,23,0
2020-09-06,Mono,051,14174,164,3,167,2
2020-09-06,Monterey,053,433212,8793,17,8810,62
2020-09-06,Napa,055,140530,1562,6,1568,12
2020-09-06,Nevada,057,99092,485,14,499,4
2020-09-06,Orange,059,3164182,51779,1295,53074,1263
2020-09-06,Placer,061,380077,3318,12,3330,37
2020-09-06,Plumas,063,18699,44,0,44,0
2020-09-06,Riverside,065,2383286,55233,83,55316,1174
2020-09-06,Sacramento,067,1510023,19906,20,19926,382
2020-09-06,San Benito,069,59416,1227,0,1227,8
2020-09-06,San Bernardino,071,2135413,50611,325,50936,1039
2020-09-06,San Diego,073,3302833,42429,620,43049,744
2020-09-06,San Francisco,075,870044,10224,20,10244,101
2020-09-06,San Joaquin,077,732212,19206,40,19246,450
2020-09-06,San Luis Obispo,079,281455,3331,16,3347,26
2020-09-06,San Mateo,081,765935,9162,10,9172,148
2020-09-06,Santa Barbara,083,443738,8608,70,8678,111
2020-09-06,Santa Clara,085,1922200,19901,38,19939,272
2020-09-06,Santa Cruz,087,273765,2059,17,2076,7
2020-09-06,Shasta,089,179085,660,3,663,14
2020-09-06,Sierra,091,2930,6,0,6,0
2020-09-06,Siskiyou,093,43540,146,9,155,0
2020-09-06,Solano,095,438530,5818,37,5855,61
2020-09-06,Sonoma,097,501317,6574,20,6594,96
2020-09-06,Stanislaus,099,539301,15779,404,16183,306
2020-09-06,Sutter,101,95872,1515,1,1516,10
2020-09-06,Tehama,103,63373,465,2,467,3
2020-09-06,Trinity,105,12862,50,7,57,0
2020-09-06,Tulare,107,460477,15269,63,15332,261
2020-09-06,Tuolumne,109,53932,217,5,222,3
2020-09-06,Ventura,111,848112,12047,114,12161,142
2020-09-06,Yolo,113,214977,2661,6,2667,56
2020-09-06,Yuba,115,75493,966,3,969,6
2020-09-05,Alameda,001,1643700,19846,134,19980,316
2020-09-05,Alpine,002,1148,2,0,2,0
2020-09-05,Amador,005,37829,277,0,277,16
2020-09-05,Butte,007,227075,2662,47,2709,39
2020-09-05,Calaveras,009,45235,287,0,287,11
2020-09-05,Colusa,011,21464,489,0,489,6
2020-09-05,Contra Costa,013,1133247,15391,63,15454,208
2020-09-05,Del Norte,015,27424,121,0,121,1
2020-09-05,El Dorado,017,186661,1060,8,1068,3
2020-09-05,Fresno,019,978130,28860,317,29177,391
2020-09-05,Glenn,021,27897,515,0,515,3
2020-09-05,Humboldt,023,135768,446,1,447,4
2020-09-05,Imperial,025,180216,11435,7,11442,320
2020-09-05,Inyo,027,18085,184,4,188,14
2020-09-05,Kern,029,883053,30525,263,30788,382
2020-09-05,Kings,031,150075,6947,30,6977,75
2020-09-05,Lake,033,64148,399,0,399,4
2020-09-05,Lassen,035,31185,732,2,734,0
2020-09-05,Los Angeles,037,10098052,250465,1434,251899,6234
2020-09-05,Madera,039,155013,4094,28,4122,83
2020-09-05,Marin,041,260295,1185,7,1192,77
2020-09-05,Mariposa,043,17540,74,0,74,0
2020-09-05,Mendocino,045,87422,709,0,709,17
2020-09-05,Merced,047,269075,8453,12,8465,127
2020-09-05,Modoc,049,8938,23,0,23,0
2020-09-05,Mono,051,14174,164,3,167,2
2020-09-05,Monterey,053,433212,8763,17,8780,62
2020-09-05,Napa,055,140530,1556,6,1562,12
2020-09-05,Nevada,057,99092,482,14,496,4
2020-09-05,Orange,059,3164182,51678,1290,52968,1254
2020-09-05,Placer,061,380077,3308,12,3320,37
2020-09-05,Plumas,063,18699,44,0,44,0
2020-09-05,Riverside,065,2383286,55127,83,55210,1170
2020-09-05,Sacramento,067,1510023,19816,20,19836,379
2020-09-05,San Benito,069,59416,1225,0,1225,8
2020-09-05,San Bernardino,071,2135413,50535,324,50859,1031
2020-09-05,San Diego,073,3302833,42236,608,42844,739
2020-09-05,San Francisco,075,870044,10191,19,10210,100
2020-09-05,San Joaquin,077,732212,19177,40,19217,449
2020-09-05,San Luis Obispo,079,281455,3320,16,3336,26
2020-09-05,San Mateo,081,765935,9117,10,9127,147
2020-09-05,Santa Barbara,083,443738,8592,70,8662,110
2020-09-05,Santa Clara,085,1922200,19820,38,19858,268
2020-09-05,Santa Cruz,087,273765,2051,17,2068,7
2020-09-05,Shasta,089,179085,659,3,662,14
2020-09-05,Sierra,091,2930,6,0,6,0
2020-09-05,Siskiyou,093,43540,145,9,154,0
2020-09-05,Solano,095,438530,5806,37,5843,60
2020-09-05,Sonoma,097,501317,6541,20,6561,94
2020-09-05,Stanislaus,099,539301,15731,400,16131,304
2020-09-05,Sutter,101,95872,1508,1,1509,10
2020-09-05,Tehama,103,63373,464,2,466,2
2020-09-05,Trinity,105,12862,50,7,57,0
2020-09-05,Tulare,107,460477,15211,61,15272,261
2020-09-05,Tuolumne,109,53932,217,5,222,3
2020-09-05,Ventura,111,848112,12004,114,12118,139
2020-09-05,Yolo,113,214977,2651,6,2657,56
2020-09-05,Yuba,115,75493,960,3,963,5
2020-09-04,Alameda,001,1643700,19777,133,19910,311
2020-09-04,Alpine,002,1148,2,0,2,0
2020-09-04,Amador,005,37829,276,0,276,16
2020-09-04,Butte,007,227075,2639,47,2686,38
2020-09-04,Calaveras,009,45235,285,0,285,11
2020-09-04,Colusa,011,21464,487,0,487,6
2020-09-04,Contra Costa,013,1133247,15308,62,15370,207
2020-09-04,Del Norte,015,27424,121,0,121,1
2020-09-04,El Dorado,017,186661,1056,8,1064,3
2020-09-04,Fresno,019,978130,28754,316,29070,389
2020-09-04,Glenn,021,27897,507,0,507,3
2020-09-04,Humboldt,023,135768,441,1,442,4
2020-09-04,Imperial,025,180216,11426,7,11433,320
2020-09-04,Inyo,027,18085,184,4,188,14
2020-09-04,Kern,029,883053,30457,260,30717,378
2020-09-04,Kings,031,150075,6934,30,6964,75
2020-09-04,Lake,033,64148,399,0,399,4
2020-09-04,Lassen,035,31185,732,2,734,0
2020-09-04,Los Angeles,037,10098052,249896,1415,251311,6211
2020-09-04,Madera,039,155013,4081,28,4109,83
2020-09-04,Marin,041,260295,1185,7,1192,77
2020-09-04,Mariposa,043,17540,74,0,74,0
2020-09-04,Mendocino,045,87422,707,0,707,17
2020-09-04,Merced,047,269075,8434,12,8446,126
2020-09-04,Modoc,049,8938,23,0,23,0
2020-09-04,Mono,051,14174,164,3,167,2
2020-09-04,Monterey,053,433212,8718,17,8735,61
2020-09-04,Napa,055,140530,1547,6,1553,12
2020-09-04,Nevada,057,99092,479,14,493,4
2020-09-04,Orange,059,3164182,51554,1283,52837,1245
2020-09-04,Placer,061,380077,3296,12,3308,36
2020-09-04,Plumas,063,18699,44,0,44,0
2020-09-04,Riverside,065,2383286,55014,78,55092,1163
2020-09-04,Sacramento,067,1510023,19728,20,19748,374
2020-09-04,San Benito,069,59416,1216,0,1216,8
2020-09-04,San Bernardino,071,2135413,50442,322,50764,1028
2020-09-04,San Diego,073,3302833,42006,599,42605,734
2020-09-04,San Francisco,075,870044,10151,18,10169,97
2020-09-04,San Joaquin,077,732212,19123,40,19163,445
2020-09-04,San Luis Obispo,079,281455,3305,15,3320,26
2020-09-04,San Mateo,081,765935,9073,10,9083,147
2020-09-04,Santa Barbara,083,443738,8562,70,8632,109
2020-09-04,Santa Clara,085,1922200,19710,38,19748,267
2020-09-04,Santa Cruz,087,273765,2034,16,2050,7
2020-09-04,Shasta,089,179085,656,3,659,14
2020-09-04,Sierra,091,2930,6,0,6,0
2020-09-04,Siskiyou,093,43540,145,9,154,0
2020-09-04,Solano,095,438530,5793,37,5830,60
2020-09-04,Sonoma,097,501317,6486,20,6506,91
2020-09-04,Stanislaus,099,539301,15698,391,16089,303
2020-09-04,Sutter,101,95872,1492,1,1493,10
2020-09-04,Tehama,103,63373,460,2,462,2
2020-09-04,Trinity,105,12862,50,7,57,0
2020-09-04,Tulare,107,460477,15183,58,15241,259
2020-09-04,Tuolumne,109,53932,217,5,222,2
2020-09-04,Ventura,111,848112,11962,114,12076,138
2020-09-04,Yolo,113,214977,2637,6,2643,56
2020-09-04,Yuba,115,75493,955,3,958,5
2020-09-03,Alameda,001,1643700,19674,133,19807,308
2020-09-03,Alpine,002,1148,2,0,2,0
2020-09-03,Amador,005,37829,276,0,276,16
2020-09-03,Butte,007,227075,2595,47,2642,37
2020-09-03,Calaveras,009,45235,284,0,284,10
2020-09-03,Colusa,011,21464,485,0,485,6
2020-09-03,Contra Costa,013,1133247,15201,59,15260,204
2020-09-03,Del Norte,015,27424,118,0,118,1
2020-09-03,El Dorado,017,186661,1052,8,1060,3
2020-09-03,Fresno,019,978130,28635,311,28946,384
2020-09-03,Glenn,021,27897,503,0,503,3
2020-09-03,Humboldt,023,135768,436,1,437,4
2020-09-03,Imperial,025,180216,11405,7,11412,320
2020-09-03,Inyo,027,18085,182,4,186,14
2020-09-03,Kern,029,883053,30365,246,30611,373
2020-09-03,Kings,031,150075,6854,30,6884,75
2020-09-03,Lake,033,64148,390,0,390,4
2020-09-03,Lassen,035,31185,732,2,734,0
2020-09-03,Los Angeles,037,10098052,249033,1395,250428,6180
2020-09-03,Madera,039,155013,4062,28,4090,83
2020-09-03,Marin,041,260295,1184,7,1191,76
2020-09-03,Mariposa,043,17540,74,0,74,0
2020-09-03,Mendocino,045,87422,698,0,698,17
2020-09-03,Merced,047,269075,8392,12,8404,126
2020-09-03,Modoc,049,8938,23,0,23,0
2020-09-03,Mono,051,14174,163,3,166,2
2020-09-03,Monterey,053,433212,8664,17,8681,60
2020-09-03,Napa,055,140530,1540,6,1546,12
2020-09-03,Nevada,057,99092,476,14,490,4
2020-09-03,Orange,059,3164182,51367,1269,52636,1238
2020-09-03,Placer,061,380077,3278,12,3290,36
2020-09-03,Plumas,063,18699,44,0,44,0
2020-09-03,Riverside,065,2383286,54834,74,54908,1160
2020-09-03,Sacramento,067,1510023,19600,19,19619,372
2020-09-03,San Benito,069,59416,1205,0,1205,7
2020-09-03,San Bernardino,071,2135413,50276,321,50597,1025
2020-09-03,San Diego,073,3302833,41692,583,42275,731
2020-09-03,San Francisco,075,870044,10086,16,10102,97
2020-09-03,San Joaquin,077,732212,19045,40,19085,443
2020-09-03,San Luis Obispo,079,281455,3288,15,3303,25
2020-09-03,San Mateo,081,765935,8999,10,9009,147
2020-09-03,Santa Barbara,083,443738,8515,70,8585,108
2020-09-03,Santa Clara,085,1922200,19529,38,19567,265
2020-09-03,Santa Cruz,087,273765,2019,16,2035,7
2020-09-03,Shasta,089,179085,651,3,654,14
2020-09-03,Sierra,091,2930,6,0,6,0
2020-09-03,Siskiyou,093,43540,145,9,154,0
2020-09-03,Solano,095,438530,5773,36,5809,60
2020-09-03,Sonoma,097,501317,6419,20,6439,88
2020-09-03,Stanislaus,099,539301,15646,387,16033,300
2020-09-03,Sutter,101,95872,1482,1,1483,10
2020-09-03,Tehama,103,63373,456,2,458,2
2020-09-03,Trinity,105,12862,48,7,55,0
2020-09-03,Tulare,107,460477,15117,57,15174,256
2020-09-03,Tuolumne,109,53932,217,5,222,2
2020-09-03,Ventura,111,848112,11844,111,11955,137
2020-09-03,Yolo,113,214977,2621,6,2627,56
2020-09-03,Yuba,115,75493,948,3,951,5
2020-09-02,Alameda,001,1643700,19556,130,19686,305
2020-09-02,Alpine,002,1148,2,0,2,0
2020-09-02,Amador,005,37829,276,0,276,16
2020-09-02,Butte,007,227075,2549,47,2596,37
2020-09-02,Calaveras,009,45235,283,0,283,10
2020-09-02,Colusa,011,21464,481,0,481,6
2020-09-02,Contra Costa,013,1133247,15111,57,15168,203
2020-09-02,Del Norte,015,27424,117,0,117,1
2020-09-02,El Dorado,017,186661,1048,7,1055,3
2020-09-02,Fresno,019,978130,28487,308,28795,382
2020-09-02,Glenn,021,27897,498,0,498,3
2020-09-02,Humboldt,023,135768,433,1,434,4
2020-09-02,Imperial,025,180216,11389,7,11396,318
2020-09-02,Inyo,027,18085,182,4,186,14
2020-09-02,Kern,029,883053,30273,240,30513,371
2020-09-02,Kings,031,150075,6769,30,6799,75
2020-09-02,Lake,033,64148,386,0,386,4
2020-09-02,Lassen,035,31185,730,2,732,0
2020-09-02,Los Angeles,037,10098052,248102,1367,249469,6155
2020-09-02,Madera,039,155013,4042,28,4070,82
2020-09-02,Marin,041,260295,1184,7,1191,76
2020-09-02,Mariposa,043,17540,74,0,74,0
2020-09-02,Mendocino,045,87422,688,0,688,17
2020-09-02,Merced,047,269075,8365,11,8376,126
2020-09-02,Modoc,049,8938,22,0,22,0
2020-09-02,Mono,051,14174,163,3,166,2
2020-09-02,Monterey,053,433212,8600,17,8617,60
2020-09-02,Napa,055,140530,1528,6,1534,12
2020-09-02,Nevada,057,99092,470,13,483,4
2020-09-02,Orange,059,3164182,51186,1259,52445,1232
2020-09-02,Placer,061,380077,3253,11,3264,34
2020-09-02,Plumas,063,18699,44,0,44,0
2020-09-02,Riverside,065,2383286,54632,71,54703,1155
2020-09-02,Sacramento,067,1510023,19365,18,19383,366
2020-09-02,San Benito,069,59416,1192,0,1192,7
2020-09-02,San Bernardino,071,2135413,50113,318,50431,1017
2020-09-02,San Diego,073,3302833,41372,569,41941,729
2020-09-02,San Francisco,075,870044,10017,16,10033,95
2020-09-02,San Joaquin,077,732212,18964,39,19003,439
2020-09-02,San Luis Obispo,079,281455,3262,14,3276,25
2020-09-02,San Mateo,081,765935,8942,10,8952,146
2020-09-02,Santa Barbara,083,443738,8460,69,8529,108
2020-09-02,Santa Clara,085,1922200,19373,38,19411,264
2020-09-02,Santa Cruz,087,273765,1996,16,2012,7
2020-09-02,Shasta,089,179085,650,3,653,14
2020-09-02,Sierra,091,2930,6,0,6,0
2020-09-02,Siskiyou,093,43540,144,9,153,0
2020-09-02,Solano,095,438530,5745,36,5781,59
2020-09-02,Sonoma,097,501317,6358,20,6378,86
2020-09-02,Stanislaus,099,539301,15576,380,15956,298
2020-09-02,Sutter,101,95872,1467,1,1468,10
2020-09-02,Tehama,103,63373,453,2,455,2
2020-09-02,Trinity,105,12862,48,7,55,0
2020-09-02,Tulare,107,460477,15051,57,15108,256
2020-09-02,Tuolumne,109,53932,217,5,222,2
2020-09-02,Ventura,111,848112,11757,110,11867,135
2020-09-02,Yolo,113,214977,2599,6,2605,56
2020-09-02,Yuba,115,75493,941,3,944,5
2020-09-01,Alameda,001,1643700,19418,127,19545,301
2020-09-01,Alpine,002,1148,2,0,2,0
2020-09-01,Amador,005,37829,275,0,275,16
2020-09-01,Butte,007,227075,2492,47,2539,35
2020-09-01,Calaveras,009,45235,275,0,275,10
2020-09-01,Colusa,011,21464,476,0,476,6
2020-09-01,Contra Costa,013,1133247,15018,55,15073,202
2020-09-01,Del Norte,015,27424,116,0,116,1
2020-09-01,El Dorado,017,186661,1040,7,1047,2
2020-09-01,Fresno,019,978130,28343,306,28649,380
2020-09-01,Glenn,021,27897,491,0,491,3
2020-09-01,Humboldt,023,135768,427,1,428,4
2020-09-01,Imperial,025,180216,11363,7,11370,318
2020-09-01,Inyo,027,18085,182,4,186,14
2020-09-01,Kern,029,883053,30182,235,30417,367
2020-09-01,Kings,031,150075,6738,30,6768,74
2020-09-01,Lake,033,64148,383,0,383,4
2020-09-01,Lassen,035,31185,727,2,729,0
2020-09-01,Los Angeles,037,10098052,247012,1344,248356,6130
2020-09-01,Madera,039,155013,4013,27,4040,82
2020-09-01,Marin,041,260295,1184,7,1191,76
2020-09-01,Mariposa,043,17540,73,0,73,0
2020-09-01,Mendocino,045,87422,673,0,673,17
2020-09-01,Merced,047,269075,8312,11,8323,125
2020-09-01,Modoc,049,8938,20,0,20,0
2020-09-01,Mono,051,14174,163,3,166,2
2020-09-01,Monterey,053,433212,8494,17,8511,60
2020-09-01,Napa,055,140530,1513,6,1519,12
2020-09-01,Nevada,057,99092,464,13,477,4
2020-09-01,Orange,059,3164182,51022,1240,52262,1229
2020-09-01,Placer,061,380077,3231,11,3242,34
2020-09-01,Plumas,063,18699,44,0,44,0
2020-09-01,Riverside,065,2383286,54415,70,54485,1154
2020-09-01,Sacramento,067,1510023,19181,17,19198,359
2020-09-01,San Benito,069,59416,1180,0,1180,7
2020-09-01,San Bernardino,071,2135413,49906,317,50223,1011
2020-09-01,San Diego,073,3302833,41014,531,41545,727
2020-09-01,San Francisco,075,870044,9948,16,9964,95
2020-09-01,San Joaquin,077,732212,18883,38,18921,432
2020-09-01,San Luis Obispo,079,281455,3236,14,3250,25
2020-09-01,San Mateo,081,765935,8862,10,8872,145
2020-09-01,Santa Barbara,083,443738,8410,68,8478,106
2020-09-01,Santa Clara,085,1922200,19194,38,19232,263
2020-09-01,Santa Cruz,087,273765,1972,16,1988,7
2020-09-01,Shasta,089,179085,642,3,645,14
2020-09-01,Sierra,091,2930,6,0,6,0
2020-09-01,Siskiyou,093,43540,141,8,149,0
2020-09-01,Solano,095,438530,5719,36,5755,59
2020-09-01,Sonoma,097,501317,6269,20,6289,84
2020-09-01,Stanislaus,099,539301,15500,370,15870,296
2020-09-01,Sutter,101,95872,1456,1,1457,10
2020-09-01,Tehama,103,63373,450,2,452,2
2020-09-01,Trinity,105,12862,47,6,53,0
2020-09-01,Tulare,107,460477,14967,57,15024,252
2020-09-01,Tuolumne,109,53932,211,5,216,2
2020-09-01,Ventura,111,848112,11679,105,11784,132
2020-09-01,Yolo,113,214977,2583,6,2589,56
2020-09-01,Yuba,115,75493,932,3,935,5
2020-08-31,Alameda,001,1643700,19271,127,19398,298
2020-08-31,Alpine,002,1148,2,0,2,0
2020-08-31,Amador,005,37829,275,0,275,16
2020-08-31,Butte,007,227075,2428,47,2475,33
2020-08-31,Calaveras,009,45235,270,0,270,9
2020-08-31,Colusa,011,21464,475,0,475,6
2020-08-31,Contra Costa,013,1133247,14892,52,14944,201
2020-08-31,Del Norte,015,27424,116,0,116,1
2020-08-31,El Dorado,017,186661,1033,7,1040,2
2020-08-31,Fresno,019,978130,28125,300,28425,376
2020-08-31,Glenn,021,27897,479,0,479,3
2020-08-31,Humboldt,023,135768,425,1,426,4
2020-08-31,Imperial,025,180216,11332,7,11339,316
2020-08-31,Inyo,027,18085,181,4,185,14
2020-08-31,Kern,029,883053,30084,234,30318,363
2020-08-31,Kings,031,150075,6471,30,6501,74
2020-08-31,Lake,033,64148,367,0,367,3
2020-08-31,Lassen,035,31185,724,2,726,0
2020-08-31,Los Angeles,037,10098052,245905,1316,247221,6101
2020-08-31,Madera,039,155013,3990,26,4016,82
2020-08-31,Marin,041,260295,1182,7,1189,75
2020-08-31,Mariposa,043,17540,73,0,73,0
2020-08-31,Mendocino,045,87422,661,0,661,17
2020-08-31,Merced,047,269075,8264,11,8275,123
2020-08-31,Modoc,049,8938,18,0,18,0
2020-08-31,Mono,051,14174,163,3,166,2
2020-08-31,Monterey,053,433212,8387,17,8404,59
2020-08-31,Napa,055,140530,1505,6,1511,12
2020-08-31,Nevada,057,99092,462,13,475,4
2020-08-31,Orange,059,3164182,50823,1212,52035,1219
2020-08-31,Placer,061,380077,3182,11,3193,34
2020-08-31,Plumas,063,18699,43,0,43,0
2020-08-31,Riverside,065,2383286,54193,68,54261,1147
2020-08-31,Sacramento,067,1510023,18940,17,18957,352
2020-08-31,San Benito,069,59416,1164,0,1164,7
2020-08-31,San Bernardino,071,2135413,49694,316,50010,1002
2020-08-31,San Diego,073,3302833,40647,498,41145,727
2020-08-31,San Francisco,075,870044,9869,13,9882,94
2020-08-31,San Joaquin,077,732212,18796,37,18833,429
2020-08-31,San Luis Obispo,079,281455,3213,13,3226,25
2020-08-31,San Mateo,081,765935,8792,10,8802,145
2020-08-31,Santa Barbara,083,443738,8365,68,8433,105
2020-08-31,Santa Clara,085,1922200,19006,38,19044,260
2020-08-31,Santa Cruz,087,273765,1947,16,1963,7
2020-08-31,Shasta,089,179085,637,3,640,14
2020-08-31,Sierra,091,2930,6,0,6,0
2020-08-31,Siskiyou,093,43540,140,8,148,0
2020-08-31,Solano,095,438530,5687,35,5722,58
2020-08-31,Sonoma,097,501317,6182,20,6202,82
2020-08-31,Stanislaus,099,539301,15426,361,15787,294
2020-08-31,Sutter,101,95872,1441,1,1442,10
2020-08-31,Tehama,103,63373,447,2,449,2
2020-08-31,Trinity,105,12862,47,6,53,0
2020-08-31,Tulare,107,460477,14880,55,14935,250
2020-08-31,Tuolumne,109,53932,211,5,216,2
2020-08-31,Ventura,111,848112,11591,104,11695,131
2020-08-31,Yolo,113,214977,2565,5,2570,56
2020-08-31,Yuba,115,75493,918,3,921,5
2020-08-30,Alameda,001,1643700,19146,125,19271,298
2020-08-30,Alpine,002,1148,2,0,2,0
2020-08-30,Amador,005,37829,274,0,274,16
2020-08-30,Butte,007,227075,2348,47,2395,31
2020-08-30,Calaveras,009,45235,261,0,261,7
2020-08-30,Colusa,011,21464,474,0,474,6
2020-08-30,Contra Costa,013,1133247,14754,52,14806,201
2020-08-30,Del Norte,015,27424,115,0,115,1
2020-08-30,El Dorado,017,186661,1023,7,1030,2
2020-08-30,Fresno,019,978130,27999,299,28298,374
2020-08-30,Glenn,021,27897,472,0,472,3
2020-08-30,Humboldt,023,135768,414,1,415,4
2020-08-30,Imperial,025,180216,11313,7,11320,316
2020-08-30,Inyo,027,18085,181,4,185,14
2020-08-30,Kern,029,883053,29991,234,30225,359
2020-08-30,Kings,031,150075,6425,30,6455,74
2020-08-30,Lake,033,64148,362,0,362,3
2020-08-30,Lassen,035,31185,722,2,724,0
2020-08-30,Los Angeles,037,10098052,244767,1284,246051,6070
2020-08-30,Madera,039,155013,3962,26,3988,81
2020-08-30,Marin,041,260295,1181,7,1188,75
2020-08-30,Mariposa,043,17540,73,0,73,0
2020-08-30,Mendocino,045,87422,655,0,655,17
2020-08-30,Merced,047,269075,8194,11,8205,121
2020-08-30,Modoc,049,8938,13,0,13,0
2020-08-30,Mono,051,14174,163,3,166,2
2020-08-30,Monterey,053,433212,8303,17,8320,59
2020-08-30,Napa,055,140530,1493,6,1499,12
2020-08-30,Nevada,057,99092,459,13,472,4
2020-08-30,Orange,059,3164182,50626,1198,51824,1209
2020-08-30,Placer,061,380077,3149,11,3160,34
2020-08-30,Plumas,063,18699,42,0,42,0
2020-08-30,Riverside,065,2383286,54014,67,54081,1142
2020-08-30,Sacramento,067,1510023,18763,17,18780,347
2020-08-30,San Benito,069,59416,1154,0,1154,7
2020-08-30,San Bernardino,071,2135413,49437,316,49753,1000
2020-08-30,San Diego,073,3302833,40249,477,40726,719
2020-08-30,San Francisco,075,870044,9772,10,9782,92
2020-08-30,San Joaquin,077,732212,18679,36,18715,426
2020-08-30,San Luis Obispo,079,281455,3188,13,3201,25
2020-08-30,San Mateo,081,765935,8715,10,8725,145
2020-08-30,Santa Barbara,083,443738,8306,68,8374,104
2020-08-30,Santa Clara,085,1922200,18832,38,18870,259
2020-08-30,Santa Cruz,087,273765,1921,16,1937,7
2020-08-30,Shasta,089,179085,634,3,637,14
2020-08-30,Sierra,091,2930,6,0,6,0
2020-08-30,Siskiyou,093,43540,138,8,146,0
2020-08-30,Solano,095,438530,5644,35,5679,58
2020-08-30,Sonoma,097,501317,6122,20,6142,79
2020-08-30,Stanislaus,099,539301,15354,352,15706,293
2020-08-30,Sutter,101,95872,1420,1,1421,10
2020-08-30,Tehama,103,63373,437,2,439,2
2020-08-30,Trinity,105,12862,47,6,53,0
2020-08-30,Tulare,107,460477,14785,54,14839,250
2020-08-30,Tuolumne,109,53932,207,5,212,2
2020-08-30,Ventura,111,848112,11478,99,11577,130
2020-08-30,Yolo,113,214977,2537,4,2541,56
2020-08-30,Yuba,115,75493,904,3,907,5
2020-08-29,Alameda,001,1643700,19079,125,19204,291
2020-08-29,Alpine,002,1148,2,0,2,0
2020-08-29,Amador,005,37829,274,0,274,16
2020-08-29,Butte,007,227075,2317,47,2364,31
2020-08-29,Calaveras,009,45235,257,0,257,6
2020-08-29,Colusa,011,21464,471,0,471,6
2020-08-29,Contra Costa,013,1133247,14681,51,14732,198
2020-08-29,Del Norte,015,27424,115,0,115,1
2020-08-29,El Dorado,017,186661,1020,7,1027,2
2020-08-29,Fresno,019,978130,27944,299,28243,368
2020-08-29,Glenn,021,27897,466,0,466,3
2020-08-29,Humboldt,023,135768,411,1,412,4
2020-08-29,Imperial,025,180216,11298,7,11305,315
2020-08-29,Inyo,027,18085,181,4,185,14
2020-08-29,Kern,029,883053,29951,233,30184,353
2020-08-29,Kings,031,150075,6410,30,6440,74
2020-08-29,Lake,033,64148,361,0,361,3
2020-08-29,Lassen,035,31185,722,2,724,0
2020-08-29,Los Angeles,037,10098052,244138,1271,245409,6037
2020-08-29,Madera,039,155013,3953,25,3978,80
2020-08-29,Marin,041,260295,1181,7,1188,74
2020-08-29,Mariposa,043,17540,73,0,73,0
2020-08-29,Mendocino,045,87422,651,0,651,17
2020-08-29,Merced,047,269075,8165,11,8176,121
2020-08-29,Modoc,049,8938,13,0,13,0
2020-08-29,Mono,051,14174,163,3,166,2
2020-08-29,Monterey,053,433212,8258,17,8275,57
2020-08-29,Napa,055,140530,1490,6,1496,12
2020-08-29,Nevada,057,99092,459,13,472,4
2020-08-29,Orange,059,3164182,50515,1188,51703,1203
2020-08-29,Placer,061,380077,3132,11,3143,34
2020-08-29,Plumas,063,18699,41,0,41,0
2020-08-29,Riverside,065,2383286,53902,65,53967,1132
2020-08-29,Sacramento,067,1510023,18692,17,18709,341
2020-08-29,San Benito,069,59416,1145,0,1145,7
2020-08-29,San Bernardino,071,2135413,49322,316,49638,993
2020-08-29,San Diego,073,3302833,39983,459,40442,714
2020-08-29,San Francisco,075,870044,9744,9,9753,92
2020-08-29,San Joaquin,077,732212,18635,36,18671,423
2020-08-29,San Luis Obispo,079,281455,3163,13,3176,24
2020-08-29,San Mateo,081,765935,8673,10,8683,144
2020-08-29,Santa Barbara,083,443738,8279,67,8346,104
2020-08-29,Santa Clara,085,1922200,18732,37,18769,256
2020-08-29,Santa Cruz,087,273765,1909,16,1925,7
2020-08-29,Shasta,089,179085,626,3,629,14
2020-08-29,Sierra,091,2930,6,0,6,0
2020-08-29,Siskiyou,093,43540,138,8,146,0
2020-08-29,Solano,095,438530,5623,35,5658,57
2020-08-29,Sonoma,097,501317,6087,20,6107,78
2020-08-29,Stanislaus,099,539301,15305,342,15647,291
2020-08-29,Sutter,101,95872,1415,1,1416,10
2020-08-29,Tehama,103,63373,436,2,438,2
2020-08-29,Trinity,105,12862,46,6,52,0
2020-08-29,Tulare,107,460477,14747,53,14800,249
2020-08-29,Tuolumne,109,53932,207,5,212,2
2020-08-29,Ventura,111,848112,11436,99,11535,128
2020-08-29,Yolo,113,214977,2519,4,2523,56
2020-08-29,Yuba,115,75493,895,3,898,5
2020-08-28,Alameda,001,1643700,18996,124,19120,285
2020-08-28,Alpine,002,1148,2,0,2,0
2020-08-28,Amador,005,37829,274,0,274,16
2020-08-28,Butte,007,227075,2287,47,2334,31
2020-08-28,Calaveras,009,45235,255,0,255,5
2020-08-28,Colusa,011,21464,470,0,470,6
2020-08-28,Contra Costa,013,1133247,14610,50,14660,193
2020-08-28,Del Norte,015,27424,115,0,115,1
2020-08-28,El Dorado,017,186661,1014,7,1021,2
2020-08-28,Fresno,019,978130,27809,299,28108,361
2020-08-28,Glenn,021,27897,459,0,459,3
2020-08-28,Humboldt,023,135768,407,1,408,4
2020-08-28,Imperial,025,180216,11284,7,11291,314
2020-08-28,Inyo,027,18085,180,4,184,14
2020-08-28,Kern,029,883053,29903,233,30136,347
2020-08-28,Kings,031,150075,6403,29,6432,73
2020-08-28,Lake,033,64148,356,0,356,3
2020-08-28,Lassen,035,31185,722,2,724,0
2020-08-28,Los Angeles,037,10098052,243325,1246,244571,6003
2020-08-28,Madera,039,155013,3934,25,3959,80
2020-08-28,Marin,041,260295,1181,7,1188,74
2020-08-28,Mariposa,043,17540,73,0,73,0
2020-08-28,Mendocino,045,87422,646,0,646,17
2020-08-28,Merced,047,269075,8134,11,8145,121
2020-08-28,Modoc,049,8938,13,0,13,0
2020-08-28,Mono,051,14174,163,3,166,2
2020-08-28,Monterey,053,433212,8201,17,8218,55
2020-08-28,Napa,055,140530,1482,5,1487,12
2020-08-28,Nevada,057,99092,458,13,471,4
2020-08-28,Orange,059,3164182,50415,1173,51588,1199
2020-08-28,Placer,061,380077,3122,11,3133,34
2020-08-28,Plumas,063,18699,41,0,41,0
2020-08-28,Riverside,065,2383286,53771,61,53832,1123
2020-08-28,Sacramento,067,1510023,18594,17,18611,333
2020-08-28,San Benito,069,59416,1129,0,1129,7
2020-08-28,San Bernardino,071,2135413,49203,312,49515,984
2020-08-28,San Diego,073,3302833,39753,444,40197,710
2020-08-28,San Francisco,075,870044,9692,9,9701,91
2020-08-28,San Joaquin,077,732212,18582,35,18617,419
2020-08-28,San Luis Obispo,079,281455,3146,13,3159,23
2020-08-28,San Mateo,081,765935,8627,9,8636,142
2020-08-28,Santa Barbara,083,443738,8247,67,8314,102
2020-08-28,Santa Clara,085,1922200,18605,37,18642,255
2020-08-28,Santa Cruz,087,273765,1897,16,1913,7
2020-08-28,Shasta,089,179085,622,3,625,14
2020-08-28,Sierra,091,2930,6,0,6,0
2020-08-28,Siskiyou,093,43540,136,8,144,0
2020-08-28,Solano,095,438530,5604,35,5639,57
2020-08-28,Sonoma,097,501317,6055,19,6074,75
2020-08-28,Stanislaus,099,539301,15262,338,15600,286
2020-08-28,Sutter,101,95872,1405,1,1406,10
2020-08-28,Tehama,103,63373,431,2,433,2
2020-08-28,Trinity,105,12862,46,6,52,0
2020-08-28,Tulare,107,460477,14702,53,14755,248
2020-08-28,Tuolumne,109,53932,207,5,212,2
2020-08-28,Ventura,111,848112,11400,97,11497,127
2020-08-28,Yolo,113,214977,2510,4,2514,56
2020-08-28,Yuba,115,75493,886,3,889,5
2020-08-27,Alameda,001,1643700,18851,121,18972,281
2020-08-27,Alpine,002,1148,2,0,2,0
2020-08-27,Amador,005,37829,273,0,273,15
2020-08-27,Butte,007,227075,2221,46,2267,31
2020-08-27,Calaveras,009,45235,250,0,250,4
2020-08-27,Colusa,011,21464,468,0,468,6
2020-08-27,Contra Costa,013,1133247,14510,49,14559,192
2020-08-27,Del Norte,015,27424,115,0,115,1
2020-08-27,El Dorado,017,186661,1010,7,1017,2
2020-08-27,Fresno,019,978130,27629,294,27923,355
2020-08-27,Glenn,021,27897,451,0,451,3
2020-08-27,Humboldt,023,135768,399,1,400,4
2020-08-27,Imperial,025,180216,11257,7,11264,314
2020-08-27,Inyo,027,18085,180,3,183,13
2020-08-27,Kern,029,883053,29832,224,30056,341
2020-08-27,Kings,031,150075,6381,29,6410,73
2020-08-27,Lake,033,64148,354,0,354,3
2020-08-27,Lassen,035,31185,722,2,724,0
2020-08-27,Los Angeles,037,10098052,242324,1231,243555,5979
2020-08-27,Madera,039,155013,3908,25,3933,80
2020-08-27,Marin,041,260295,1180,7,1187,74
2020-08-27,Mariposa,043,17540,73,0,73,0
2020-08-27,Mendocino,045,87422,637,0,637,17
2020-08-27,Merced,047,269075,8085,11,8096,121
2020-08-27,Modoc,049,8938,11,0,11,0
2020-08-27,Mono,051,14174,163,3,166,2
2020-08-27,Monterey,053,433212,8107,17,8124,55
2020-08-27,Napa,055,140530,1476,5,1481,12
2020-08-27,Nevada,057,99092,455,13,468,4
2020-08-27,Orange,059,3164182,50258,1162,51420,1190
2020-08-27,Placer,061,380077,3091,11,3102,32
2020-08-27,Plumas,063,18699,40,0,40,0
2020-08-27,Riverside,065,2383286,53561,58,53619,1116
2020-08-27,Sacramento,067,1510023,18396,17,18413,328
2020-08-27,San Benito,069,59416,1113,0,1113,7
2020-08-27,San Bernardino,071,2135413,48980,306,49286,979
2020-08-27,San Diego,073,3302833,39482,424,39906,710
2020-08-27,San Francisco,075,870044,9626,9,9635,91
2020-08-27,San Joaquin,077,732212,18502,35,18537,414
2020-08-27,San Luis Obispo,079,281455,3121,13,3134,23
2020-08-27,San Mateo,081,765935,8518,9,8527,142
2020-08-27,Santa Barbara,083,443738,8209,67,8276,102
2020-08-27,Santa Clara,085,1922200,18419,37,18456,252
2020-08-27,Santa Cruz,087,273765,1880,16,1896,7
2020-08-27,Shasta,089,179085,616,3,619,14
2020-08-27,Sierra,091,2930,6,0,6,0
2020-08-27,Siskiyou,093,43540,136,8,144,0
2020-08-27,Solano,095,438530,5566,35,5601,57
2020-08-27,Sonoma,097,501317,5956,19,5975,74
2020-08-27,Stanislaus,099,539301,15181,335,15516,284
2020-08-27,Sutter,101,95872,1385,1,1386,10
2020-08-27,Tehama,103,63373,427,2,429,2
2020-08-27,Trinity,105,12862,46,6,52,0
2020-08-27,Tulare,107,460477,14611,53,14664,247
2020-08-27,Tuolumne,109,53932,202,5,207,2
2020-08-27,Ventura,111,848112,11337,93,11430,124
2020-08-27,Yolo,113,214977,2486,4,2490,56
2020-08-27,Yuba,115,75493,875,3,878,5
2020-08-26,Alameda,001,1643700,18688,121,18809,276
2020-08-26,Alpine,002,1148,2,0,2,0
2020-08-26,Amador,005,37829,273,0,273,15
2020-08-26,Butte,007,227075,2152,44,2196,31
2020-08-26,Calaveras,009,45235,242,0,242,3
2020-08-26,Colusa,011,21464,462,0,462,6
2020-08-26,Contra Costa,013,1133247,14373,49,14422,188
2020-08-26,Del Norte,015,27424,114,0,114,1
2020-08-26,El Dorado,017,186661,1008,7,1015,2
2020-08-26,Fresno,019,978130,27482,292,27774,353
2020-08-26,Glenn,021,27897,449,0,449,3
2020-08-26,Humboldt,023,135768,387,1,388,4
2020-08-26,Imperial,025,180216,11235,7,11242,314
2020-08-26,Inyo,027,18085,177,3,180,13
2020-08-26,Kern,029,883053,29693,221,29914,337
2020-08-26,Kings,031,150075,6360,29,6389,72
2020-08-26,Lake,033,64148,349,0,349,3
2020-08-26,Lassen,035,31185,722,2,724,0
2020-08-26,Los Angeles,037,10098052,241314,1201,242515,5947
2020-08-26,Madera,039,155013,3879,25,3904,80
2020-08-26,Marin,041,260295,1180,7,1187,74
2020-08-26,Mariposa,043,17540,73,0,73,0
2020-08-26,Mendocino,045,87422,626,0,626,17
2020-08-26,Merced,047,269075,8048,11,8059,121
2020-08-26,Modoc,049,8938,8,0,8,0
2020-08-26,Mono,051,14174,163,3,166,2
2020-08-26,Monterey,053,433212,8014,17,8031,52
2020-08-26,Napa,055,140530,1463,5,1468,12
2020-08-26,Nevada,057,99092,452,13,465,4
2020-08-26,Orange,059,3164182,50074,1146,51220,1178
2020-08-26,Placer,061,380077,3068,9,3077,32
2020-08-26,Plumas,063,18699,39,0,39,0
2020-08-26,Riverside,065,2383286,53320,58,53378,1106
2020-08-26,Sacramento,067,1510023,18233,17,18250,325
2020-08-26,San Benito,069,59416,1098,0,1098,6
2020-08-26,San Bernardino,071,2135413,48773,302,49075,973
2020-08-26,San Diego,073,3302833,39144,397,39541,703
2020-08-26,San Francisco,075,870044,9552,9,9561,90
2020-08-26,San Joaquin,077,732212,18413,34,18447,409
2020-08-26,San Luis Obispo,079,281455,3093,13,3106,22
2020-08-26,San Mateo,081,765935,8451,9,8460,140
2020-08-26,Santa Barbara,083,443738,8175,67,8242,102
2020-08-26,Santa Clara,085,1922200,18242,37,18279,252
2020-08-26,Santa Cruz,087,273765,1869,16,1885,7
2020-08-26,Shasta,089,179085,611,3,614,14
2020-08-26,Sierra,091,2930,6,0,6,0
2020-08-26,Siskiyou,093,43540,133,8,141,0
2020-08-26,Solano,095,438530,5542,34,5576,55
2020-08-26,Sonoma,097,501317,5884,19,5903,73
2020-08-26,Stanislaus,099,539301,15104,329,15433,275
2020-08-26,Sutter,101,95872,1367,1,1368,10
2020-08-26,Tehama,103,63373,424,2,426,2
2020-08-26,Trinity,105,12862,45,6,51,0
2020-08-26,Tulare,107,460477,14544,53,14597,243
2020-08-26,Tuolumne,109,53932,201,5,206,2
2020-08-26,Ventura,111,848112,11265,86,11351,123
2020-08-26,Yolo,113,214977,2465,4,2469,56
2020-08-26,Yuba,115,75493,860,3,863,5
2020-08-25,Alameda,001,1643700,18531,121,18652,272
2020-08-25,Alpine,002,1148,2,0,2,0
2020-08-25,Amador,005,37829,273,0,273,15
2020-08-25,Butte,007,227075,2085,43,2128,30
2020-08-25,Calaveras,009,45235,240,0,240,3
2020-08-25,Colusa,011,21464,455,0,455,6
2020-08-25,Contra Costa,013,1133247,14235,48,14283,186
2020-08-25,Del Norte,015,27424,113,0,113,1
2020-08-25,El Dorado,017,186661,1005,7,1012,2
2020-08-25,Fresno,019,978130,27295,291,27586,350
2020-08-25,Glenn,021,27897,446,0,446,3
2020-08-25,Humboldt,023,135768,382,1,383,4
2020-08-25,Imperial,025,180216,11207,7,11214,313
2020-08-25,Inyo,027,18085,175,3,178,12
2020-08-25,Kern,029,883053,29556,221,29777,333
2020-08-25,Kings,031,150075,6203,29,6232,72
2020-08-25,Lake,033,64148,344,0,344,3
2020-08-25,Lassen,035,31185,721,2,723,0
2020-08-25,Los Angeles,037,10098052,240017,1153,241170,5920
2020-08-25,Madera,039,155013,3864,24,3888,80
2020-08-25,Marin,041,260295,1178,7,1185,71
2020-08-25,Mariposa,043,17540,73,0,73,0
2020-08-25,Mendocino,045,87422,618,0,618,16
2020-08-25,Merced,047,269075,7980,10,7990,121
2020-08-25,Modoc,049,8938,8,0,8,0
2020-08-25,Mono,051,14174,163,3,166,2
2020-08-25,Monterey,053,433212,7933,17,7950,52
2020-08-25,Napa,055,140530,1456,5,1461,12
2020-08-25,Nevada,057,99092,448,13,461,4
2020-08-25,Orange,059,3164182,49880,1130,51010,1169
2020-08-25,Placer,061,380077,3049,6,3055,32
2020-08-25,Plumas,063,18699,39,0,39,0
2020-08-25,Riverside,065,2383286,53089,58,53147,1102
2020-08-25,Sacramento,067,1510023,18079,17,18096,319
2020-08-25,San Benito,069,59416,1082,0,1082,6
2020-08-25,San Bernardino,071,2135413,48538,299,48837,969
2020-08-25,San Diego,073,3302833,38865,375,39240,699
2020-08-25,San Francisco,075,870044,9475,9,9484,89
2020-08-25,San Joaquin,077,732212,18285,34,18319,405
2020-08-25,San Luis Obispo,079,281455,3034,12,3046,22
2020-08-25,San Mateo,081,765935,8391,8,8399,140
2020-08-25,Santa Barbara,083,443738,8123,67,8190,102
2020-08-25,Santa Clara,085,1922200,18073,37,18110,246
2020-08-25,Santa Cruz,087,273765,1850,16,1866,7
2020-08-25,Shasta,089,179085,607,3,610,14
2020-08-25,Sierra,091,2930,6,0,6,0
2020-08-25,Siskiyou,093,43540,132,8,140,0
2020-08-25,Solano,095,438530,5481,34,5515,55
2020-08-25,Sonoma,097,501317,5803,19,5822,70
2020-08-25,Stanislaus,099,539301,14996,318,15314,270
2020-08-25,Sutter,101,95872,1350,1,1351,9
2020-08-25,Tehama,103,63373,421,2,423,2
2020-08-25,Trinity,105,12862,44,6,50,0
2020-08-25,Tulare,107,460477,14440,52,14492,243
2020-08-25,Tuolumne,109,53932,199,5,204,2
2020-08-25,Ventura,111,848112,11180,81,11261,122
2020-08-25,Yolo,113,214977,2452,4,2456,54
2020-08-25,Yuba,115,75493,850,3,853,5
2020-08-24,Alameda,001,1643700,18336,120,18456,271
2020-08-24,Alpine,002,1148,2,0,2,0
2020-08-24,Amador,005,37829,271,0,271,15
2020-08-24,Butte,007,227075,2002,43,2045,29
2020-08-24,Calaveras,009,45235,231,0,231,3
2020-08-24,Colusa,011,21464,451,0,451,6
2020-08-24,Contra Costa,013,1133247,14118,46,14164,184
2020-08-24,Del Norte,015,27424,113,0,113,1
2020-08-24,El Dorado,017,186661,997,7,1004,2
2020-08-24,Fresno,019,978130,27106,284,27390,342
2020-08-24,Glenn,021,27897,444,0,444,3
2020-08-24,Humboldt,023,135768,378,1,379,4
2020-08-24,Imperial,025,180216,11174,7,11181,313
2020-08-24,Inyo,027,18085,171,3,174,12
2020-08-24,Kern,029,883053,29458,215,29673,328
2020-08-24,Kings,031,150075,6115,29,6144,72
2020-08-24,Lake,033,64148,329,0,329,3
2020-08-24,Lassen,035,31185,721,2,723,0
2020-08-24,Los Angeles,037,10098052,238652,1137,239789,5887
2020-08-24,Madera,039,155013,3836,24,3860,79
2020-08-24,Marin,041,260295,1170,7,1177,70
2020-08-24,Mariposa,043,17540,71,0,71,0
2020-08-24,Mendocino,045,87422,603,0,603,16
2020-08-24,Merced,047,269075,7901,10,7911,118
2020-08-24,Modoc,049,8938,8,0,8,0
2020-08-24,Mono,051,14174,163,3,166,2
2020-08-24,Monterey,053,433212,7824,16,7840,52
2020-08-24,Napa,055,140530,1443,5,1448,12
2020-08-24,Nevada,057,99092,443,13,456,4
2020-08-24,Orange,059,3164182,49687,1121,50808,1156
2020-08-24,Placer,061,380077,3002,6,3008,32
2020-08-24,Plumas,063,18699,39,0,39,0
2020-08-24,Riverside,065,2383286,52811,58,52869,1099
2020-08-24,Sacramento,067,1510023,17883,16,17899,311
2020-08-24,San Benito,069,59416,1061,0,1061,6
2020-08-24,San Bernardino,071,2135413,48275,297,48572,964
2020-08-24,San Diego,073,3302833,38577,347,38924,694
2020-08-24,San Francisco,075,870044,9392,9,9401,89
2020-08-24,San Joaquin,077,732212,18144,33,18177,399
2020-08-24,San Luis Obispo,079,281455,3006,12,3018,22
2020-08-24,San Mateo,081,765935,8324,8,8332,140
2020-08-24,Santa Barbara,083,443738,8082,67,8149,102
2020-08-24,Santa Clara,085,1922200,17869,37,17906,245
2020-08-24,Santa Cruz,087,273765,1830,15,1845,7
2020-08-24,Shasta,089,179085,605,3,608,13
2020-08-24,Sierra,091,2930,6,0,6,0
2020-08-24,Siskiyou,093,43540,128,8,136,0
2020-08-24,Solano,095,438530,5432,32,5464,55
2020-08-24,Sonoma,097,501317,5695,19,5714,67
2020-08-24,Stanislaus,099,539301,14898,304,15202,266
2020-08-24,Sutter,101,95872,1331,1,1332,8
2020-08-24,Tehama,103,63373,416,2,418,2
2020-08-24,Trinity,105,12862,44,6,50,0
2020-08-24,Tulare,107,460477,14332,51,14383,241
2020-08-24,Tuolumne,109,53932,198,5,203,2
2020-08-24,Ventura,111,848112,11100,77,11177,122
2020-08-24,Yolo,113,214977,2418,4,2422,53
2020-08-24,Yuba,115,75493,833,3,836,5
2020-08-23,Alameda,001,1643700,18113,119,18232,262
2020-08-23,Alpine,002,1148,2,0,2,0
2020-08-23,Amador,005,37829,268,0,268,15
2020-08-23,Butte,007,227075,1886,43,1929,28
2020-08-23,Calaveras,009,45235,222,0,222,3
2020-08-23,Colusa,011,21464,444,0,444,6
2020-08-23,Contra Costa,013,1133247,13956,46,14002,183
2020-08-23,Del Norte,015,27424,113,0,113,1
2020-08-23,El Dorado,017,186661,984,7,991,2
2020-08-23,Fresno,019,978130,26902,281,27183,336
2020-08-23,Glenn,021,27897,437,0,437,3
2020-08-23,Humboldt,023,135768,376,1,377,4
2020-08-23,Imperial,025,180216,11145,7,11152,313
2020-08-23,Inyo,027,18085,168,3,171,11
2020-08-23,Kern,029,883053,29309,210,29519,327
2020-08-23,Kings,031,150075,6072,29,6101,72
2020-08-23,Lake,033,64148,325,0,325,3
2020-08-23,Lassen,035,31185,720,2,722,0
2020-08-23,Los Angeles,037,10098052,237050,1070,238120,5860
2020-08-23,Madera,039,155013,3805,23,3828,78
2020-08-23,Marin,041,260295,1169,7,1176,70
2020-08-23,Mariposa,043,17540,71,0,71,0
2020-08-23,Mendocino,045,87422,599,0,599,16
2020-08-23,Merced,047,269075,7829,8,7837,112
2020-08-23,Modoc,049,8938,7,0,7,0
2020-08-23,Mono,051,14174,163,3,166,2
2020-08-23,Monterey,053,433212,7734,16,7750,52
2020-08-23,Napa,055,140530,1431,5,1436,12
2020-08-23,Nevada,057,99092,438,13,451,4
2020-08-23,Orange,059,3164182,49449,1109,50558,1144
2020-08-23,Placer,061,380077,2963,6,2969,32
2020-08-23,Plumas,063,18699,39,0,39,0
2020-08-23,Riverside,065,2383286,52541,56,52597,1090
2020-08-23,Sacramento,067,1510023,17660,15,17675,304
2020-08-23,San Benito,069,59416,1048,0,1048,6
2020-08-23,San Bernardino,071,2135413,48007,287,48294,956
2020-08-23,San Diego,073,3302833,38256,320,38576,692
2020-08-23,San Francisco,075,870044,9298,8,9306,89
2020-08-23,San Joaquin,077,732212,18011,32,18043,396
2020-08-23,San Luis Obispo,079,281455,2964,12,2976,22
2020-08-23,San Mateo,081,765935,8229,8,8237,139
2020-08-23,Santa Barbara,083,443738,8014,67,8081,100
2020-08-23,Santa Clara,085,1922200,17673,35,17708,241
2020-08-23,Santa Cruz,087,273765,1804,15,1819,7
2020-08-23,Shasta,089,179085,600,3,603,13
2020-08-23,Sierra,091,2930,6,0,6,0
2020-08-23,Siskiyou,093,43540,123,8,131,0
2020-08-23,Solano,095,438530,5374,30,5404,55
2020-08-23,Sonoma,097,501317,5607,19,5626,67
2020-08-23,Stanislaus,099,539301,14763,281,15044,263
2020-08-23,Sutter,101,95872,1309,1,1310,8
2020-08-23,Tehama,103,63373,406,2,408,2
2020-08-23,Trinity,105,12862,44,6,50,0
2020-08-23,Tulare,107,460477,14200,48,14248,240
2020-08-23,Tuolumne,109,53932,195,5,200,2
2020-08-23,Ventura,111,848112,10999,73,11072,119
2020-08-23,Yolo,113,214977,2390,4,2394,53
2020-08-23,Yuba,115,75493,812,3,815,5
2020-08-22,Alameda,001,1643700,18019,118,18137,260
2020-08-22,Alpine,002,1148,2,0,2,0
2020-08-22,Amador,005,37829,267,0,267,15
2020-08-22,Butte,007,227075,1835,43,1878,27
2020-08-22,Calaveras,009,45235,218,0,218,3
2020-08-22,Colusa,011,21464,440,0,440,6
2020-08-22,Contra Costa,013,1133247,13869,46,13915,183
2020-08-22,Del Norte,015,27424,112,0,112,1
2020-08-22,El Dorado,017,186661,982,7,989,2
2020-08-22,Fresno,019,978130,26804,280,27084,332
2020-08-22,Glenn,021,27897,436,0,436,3
2020-08-22,Humboldt,023,135768,366,1,367,4
2020-08-22,Imperial,025,180216,11137,7,11144,313
2020-08-22,Inyo,027,18085,168,3,171,10
2020-08-22,Kern,029,883053,29255,210,29465,321
2020-08-22,Kings,031,150075,6063,29,6092,69
2020-08-22,Lake,033,64148,323,0,323,3
2020-08-22,Lassen,035,31185,720,2,722,0
2020-08-22,Los Angeles,037,10098052,236389,1054,237443,5830
2020-08-22,Madera,039,155013,3786,23,3809,74
2020-08-22,Marin,041,260295,1168,7,1175,70
2020-08-22,Mariposa,043,17540,71,0,71,0
2020-08-22,Mendocino,045,87422,596,0,596,16
2020-08-22,Merced,047,269075,7800,8,7808,110
2020-08-22,Modoc,049,8938,7,0,7,0
2020-08-22,Mono,051,14174,163,3,166,2
2020-08-22,Monterey,053,433212,7686,16,7702,51
2020-08-22,Napa,055,140530,1426,5,1431,12
2020-08-22,Nevada,057,99092,438,13,451,4
2020-08-22,Orange,059,3164182,49308,1103,50411,1143
2020-08-22,Placer,061,380077,2949,6,2955,32
2020-08-22,Plumas,063,18699,39,0,39,0
2020-08-22,Riverside,065,2383286,52393,55,52448,1082
2020-08-22,Sacramento,067,1510023,17548,15,17563,302
2020-08-22,San Benito,069,59416,1032,0,1032,6
2020-08-22,San Bernardino,071,2135413,47878,283,48161,945
2020-08-22,San Diego,073,3302833,38073,309,38382,689
2020-08-22,San Francisco,075,870044,9238,8,9246,89
2020-08-22,San Joaquin,077,732212,17955,32,17987,388
2020-08-22,San Luis Obispo,079,281455,2938,12,2950,22
2020-08-22,San Mateo,081,765935,8182,8,8190,138
2020-08-22,Santa Barbara,083,443738,7988,67,8055,98
2020-08-22,Santa Clara,085,1922200,17565,35,17600,239
2020-08-22,Santa Cruz,087,273765,1788,14,1802,7
2020-08-22,Shasta,089,179085,598,3,601,13
2020-08-22,Sierra,091,2930,6,0,6,0
2020-08-22,Siskiyou,093,43540,123,8,131,0
2020-08-22,Solano,095,438530,5344,29,5373,54
2020-08-22,Sonoma,097,501317,5562,19,5581,66
2020-08-22,Stanislaus,099,539301,14713,264,14977,254
2020-08-22,Sutter,101,95872,1302,1,1303,8
2020-08-22,Tehama,103,63373,405,2,407,2
2020-08-22,Trinity,105,12862,44,6,50,0
2020-08-22,Tulare,107,460477,14133,48,14181,240
2020-08-22,Tuolumne,109,53932,193,5,198,2
2020-08-22,Ventura,111,848112,10944,71,11015,116
2020-08-22,Yolo,113,214977,2374,4,2378,53
2020-08-22,Yuba,115,75493,800,3,803,5
2020-08-21,Alameda,001,1643700,17927,118,18045,256
2020-08-21,Alpine,002,1148,2,0,2,0
2020-08-21,Amador,005,37829,266,0,266,15
2020-08-21,Butte,007,227075,1796,43,1839,26
2020-08-21,Calaveras,009,45235,218,0,218,3
2020-08-21,Colusa,011,21464,438,0,438,6
2020-08-21,Contra Costa,013,1133247,13779,45,13824,182
2020-08-21,Del Norte,015,27424,112,0,112,1
2020-08-21,El Dorado,017,186661,978,7,985,2
2020-08-21,Fresno,019,978130,26634,279,26913,324
2020-08-21,Glenn,021,27897,432,0,432,3
2020-08-21,Humboldt,023,135768,363,1,364,4
2020-08-21,Imperial,025,180216,11121,7,11128,312
2020-08-21,Inyo,027,18085,168,3,171,10
2020-08-21,Kern,029,883053,29196,208,29404,315
2020-08-21,Kings,031,150075,6041,29,6070,68
2020-08-21,Lake,033,64148,321,0,321,3
2020-08-21,Lassen,035,31185,720,2,722,0
2020-08-21,Los Angeles,037,10098052,235513,1035,236548,5788
2020-08-21,Madera,039,155013,3756,23,3779,70
2020-08-21,Marin,041,260295,1168,7,1175,70
2020-08-21,Mariposa,043,17540,71,0,71,0
2020-08-21,Mendocino,045,87422,586,0,586,16
2020-08-21,Merced,047,269075,7770,8,7778,104
2020-08-21,Modoc,049,8938,7,0,7,0
2020-08-21,Mono,051,14174,163,3,166,2
2020-08-21,Monterey,053,433212,7614,16,7630,51
2020-08-21,Napa,055,140530,1417,5,1422,12
2020-08-21,Nevada,057,99092,437,13,450,4
2020-08-21,Orange,059,3164182,49167,1094,50261,1133
2020-08-21,Placer,061,380077,2933,6,2939,32
2020-08-21,Plumas,063,18699,39,0,39,0
2020-08-21,Riverside,065,2383286,52198,55,52253,1077
2020-08-21,Sacramento,067,1510023,17425,15,17440,293
2020-08-21,San Benito,069,59416,1022,0,1022,6
2020-08-21,San Bernardino,071,2135413,47759,279,48038,940
2020-08-21,San Diego,073,3302833,37869,292,38161,686
2020-08-21,San Francisco,075,870044,9188,8,9196,89
2020-08-21,San Joaquin,077,732212,17873,30,17903,386
2020-08-21,San Luis Obispo,079,281455,2915,12,2927,22
2020-08-21,San Mateo,081,765935,8125,8,8133,138
2020-08-21,Santa Barbara,083,443738,7947,67,8014,97
2020-08-21,Santa Clara,085,1922200,17414,35,17449,237
2020-08-21,Santa Cruz,087,273765,1776,14,1790,7
2020-08-21,Shasta,089,179085,598,3,601,13
2020-08-21,Sierra,091,2930,6,0,6,0
2020-08-21,Siskiyou,093,43540,123,6,129,0
2020-08-21,Solano,095,438530,5321,28,5349,54
2020-08-21,Sonoma,097,501317,5492,19,5511,66
2020-08-21,Stanislaus,099,539301,14644,250,14894,249
2020-08-21,Sutter,101,95872,1289,1,1290,7
2020-08-21,Tehama,103,63373,403,2,405,2
2020-08-21,Trinity,105,12862,44,6,50,0
2020-08-21,Tulare,107,460477,14062,47,14109,238
2020-08-21,Tuolumne,109,53932,185,5,190,2
2020-08-21,Ventura,111,848112,10879,69,10948,116
2020-08-21,Yolo,113,214977,2359,4,2363,53
2020-08-21,Yuba,115,75493,796,3,799,5
2020-08-20,Alameda,001,1643700,17767,118,17885,253
2020-08-20,Alpine,002,1148,2,0,2,0
2020-08-20,Amador,005,37829,264,0,264,15
2020-08-20,Butte,007,227075,1747,43,1790,26
2020-08-20,Calaveras,009,45235,215,0,215,3
2020-08-20,Colusa,011,21464,436,0,436,5
2020-08-20,Contra Costa,013,1133247,13652,44,13696,179
2020-08-20,Del Norte,015,27424,112,0,112,1
2020-08-20,El Dorado,017,186661,974,7,981,2
2020-08-20,Fresno,019,978130,26452,274,26726,317
2020-08-20,Glenn,021,27897,427,0,427,3
2020-08-20,Humboldt,023,135768,358,1,359,4
2020-08-20,Imperial,025,180216,11102,7,11109,311
2020-08-20,Inyo,027,18085,167,3,170,10
2020-08-20,Kern,029,883053,29028,197,29225,311
2020-08-20,Kings,031,150075,6001,28,6029,67
2020-08-20,Lake,033,64148,316,0,316,3
2020-08-20,Lassen,035,31185,719,2,721,0
2020-08-20,Los Angeles,037,10098052,234278,1016,235294,5753
2020-08-20,Madera,039,155013,3730,23,3753,70
2020-08-20,Marin,041,260295,1168,7,1175,69
2020-08-20,Mariposa,043,17540,71,0,71,0
2020-08-20,Mendocino,045,87422,576,0,576,15
2020-08-20,Merced,047,269075,7700,8,7708,102
2020-08-20,Modoc,049,8938,7,0,7,0
2020-08-20,Mono,051,14174,163,3,166,2
2020-08-20,Monterey,053,433212,7543,16,7559,49
2020-08-20,Napa,055,140530,1411,5,1416,12
2020-08-20,Nevada,057,99092,436,13,449,4
2020-08-20,Orange,059,3164182,48940,1084,50024,1124
2020-08-20,Placer,061,380077,2917,6,2923,32
2020-08-20,Plumas,063,18699,39,0,39,0
2020-08-20,Riverside,065,2383286,51979,54,52033,1069
2020-08-20,Sacramento,067,1510023,17182,15,17197,287
2020-08-20,San Benito,069,59416,1009,0,1009,6
2020-08-20,San Bernardino,071,2135413,47503,275,47778,931
2020-08-20,San Diego,073,3302833,37649,274,37923,684
2020-08-20,San Francisco,075,870044,9102,8,9110,88
2020-08-20,San Joaquin,077,732212,17782,30,17812,385
2020-08-20,San Luis Obispo,079,281455,2895,12,2907,22
2020-08-20,San Mateo,081,765935,8060,8,8068,138
2020-08-20,Santa Barbara,083,443738,7909,67,7976,95
2020-08-20,Santa Clara,085,1922200,17242,35,17277,234
2020-08-20,Santa Cruz,087,273765,1763,14,1777,7
2020-08-20,Shasta,089,179085,597,3,600,13
2020-08-20,Sierra,091,2930,6,0,6,0
2020-08-20,Siskiyou,093,43540,122,1,123,0
2020-08-20,Solano,095,438530,5276,28,5304,51
2020-08-20,Sonoma,097,501317,5415,19,5434,64
2020-08-20,Stanislaus,099,539301,14548,241,14789,245
2020-08-20,Sutter,101,95872,1265,1,1266,7
2020-08-20,Tehama,103,63373,398,2,400,2
2020-08-20,Trinity,105,12862,44,6,50,0
2020-08-20,Tulare,107,460477,13954,46,14000,237
2020-08-20,Tuolumne,109,53932,181,5,186,2
2020-08-20,Ventura,111,848112,10766,68,10834,113
2020-08-20,Yolo,113,214977,2337,4,2341,51
2020-08-20,Yuba,115,75493,779,3,782,4
2020-08-19,Alameda,001,1643700,17609,117,17726,249
2020-08-19,Alpine,002,1148,2,0,2,0
2020-08-19,Amador,005,37829,263,0,263,15
2020-08-19,Butte,007,227075,1704,43,1747,25
2020-08-19,Calaveras,009,45235,213,0,213,3
2020-08-19,Colusa,011,21464,435,0,435,5
2020-08-19,Contra Costa,013,1133247,13539,43,13582,177
2020-08-19,Del Norte,015,27424,112,0,112,1
2020-08-19,El Dorado,017,186661,968,7,975,2
2020-08-19,Fresno,019,978130,26263,265,26528,314
2020-08-19,Glenn,021,27897,425,0,425,3
2020-08-19,Humboldt,023,135768,355,1,356,4
2020-08-19,Imperial,025,180216,11074,7,11081,309
2020-08-19,Inyo,027,18085,165,3,168,10
2020-08-19,Kern,029,883053,28911,193,29104,307
2020-08-19,Kings,031,150075,5828,26,5854,67
2020-08-19,Lake,033,64148,313,0,313,3
2020-08-19,Lassen,035,31185,711,2,713,0
2020-08-19,Los Angeles,037,10098052,233001,976,233977,5715
2020-08-19,Madera,039,155013,3696,21,3717,70
2020-08-19,Marin,041,260295,1168,7,1175,69
2020-08-19,Mariposa,043,17540,71,0,71,0
2020-08-19,Mendocino,045,87422,559,0,559,14
2020-08-19,Merced,047,269075,7603,5,7608,102
2020-08-19,Modoc,049,8938,7,0,7,0
2020-08-19,Mono,051,14174,163,3,166,2
2020-08-19,Monterey,053,433212,7443,16,7459,49
2020-08-19,Napa,055,140530,1405,5,1410,12
2020-08-19,Nevada,057,99092,429,13,442,3
2020-08-19,Orange,059,3164182,48735,1081,49816,1116
2020-08-19,Placer,061,380077,2895,6,2901,31
2020-08-19,Plumas,063,18699,39,0,39,0
2020-08-19,Riverside,065,2383286,51729,54,51783,1063
2020-08-19,Sacramento,067,1510023,17002,15,17017,277
2020-08-19,San Benito,069,59416,992,0,992,6
2020-08-19,San Bernardino,071,2135413,47207,269,47476,924
2020-08-19,San Diego,073,3302833,37399,259,37658,681
2020-08-19,San Francisco,075,870044,9038,8,9046,86
2020-08-19,San Joaquin,077,732212,17660,29,17689,381
2020-08-19,San Luis Obispo,079,281455,2855,12,2867,22
2020-08-19,San Mateo,081,765935,7991,8,7999,137
2020-08-19,Santa Barbara,083,443738,7860,67,7927,94
2020-08-19,Santa Clara,085,1922200,17097,35,17132,232
2020-08-19,Santa Cruz,087,273765,1737,14,1751,7
2020-08-19,Shasta,089,179085,593,3,596,13
2020-08-19,Sierra,091,2930,6,0,6,0
2020-08-19,Siskiyou,093,43540,121,1,122,0
2020-08-19,Solano,095,438530,5235,28,5263,50
2020-08-19,Sonoma,097,501317,5332,19,5351,63
2020-08-19,Stanislaus,099,539301,14445,219,14664,244
2020-08-19,Sutter,101,95872,1231,1,1232,7
2020-08-19,Tehama,103,63373,392,2,394,2
2020-08-19,Trinity,105,12862,43,6,49,0
2020-08-19,Tulare,107,460477,13856,46,13902,236
2020-08-19,Tuolumne,109,53932,178,5,183,2
2020-08-19,Ventura,111,848112,10674,66,10740,112
2020-08-19,Yolo,113,214977,2315,4,2319,50
2020-08-19,Yuba,115,75493,767,3,770,4
2020-08-18,Alameda,001,1643700,17431,115,17546,244
2020-08-18,Alpine,002,1148,2,0,2,0
2020-08-18,Amador,005,37829,262,0,262,15
2020-08-18,Butte,007,227075,1671,43,1714,24
2020-08-18,Calaveras,009,45235,210,0,210,3
2020-08-18,Colusa,011,21464,434,0,434,5
2020-08-18,Contra Costa,013,1133247,13418,41,13459,175
2020-08-18,Del Norte,015,27424,111,0,111,1
2020-08-18,El Dorado,017,186661,963,7,970,2
2020-08-18,Fresno,019,978130,26041,259,26300,310
2020-08-18,Glenn,021,27897,425,0,425,3
2020-08-18,Humboldt,023,135768,353,1,354,4
2020-08-18,Imperial,025,180216,11040,7,11047,307
2020-08-18,Inyo,027,18085,164,3,167,10
2020-08-18,Kern,029,883053,28758,189,28947,302
2020-08-18,Kings,031,150075,5793,25,5818,66
2020-08-18,Lake,033,64148,310,0,310,2
2020-08-18,Lassen,035,31185,711,2,713,0
2020-08-18,Los Angeles,037,10098052,231734,940,232674,5671
2020-08-18,Madera,039,155013,3668,21,3689,69
2020-08-18,Marin,041,260295,1167,7,1174,69
2020-08-18,Mariposa,043,17540,71,0,71,0
2020-08-18,Mendocino,045,87422,550,0,550,13
2020-08-18,Merced,047,269075,7558,5,7563,100
2020-08-18,Modoc,049,8938,7,0,7,0
2020-08-18,Mono,051,14174,162,3,165,2
2020-08-18,Monterey,053,433212,7351,15,7366,48
2020-08-18,Napa,055,140530,1401,5,1406,12
2020-08-18,Nevada,057,99092,422,13,435,3
2020-08-18,Orange,059,3164182,48510,1067,49577,1105
2020-08-18,Placer,061,380077,2869,5,2874,30
2020-08-18,Plumas,063,18699,39,0,39,0
2020-08-18,Riverside,065,2383286,51397,54,51451,1052
2020-08-18,Sacramento,067,1510023,16772,14,16786,271
2020-08-18,San Benito,069,59416,972,0,972,6
2020-08-18,San Bernardino,071,2135413,46926,263,47189,917
2020-08-18,San Diego,073,3302833,37106,227,37333,675
2020-08-18,San Francisco,075,870044,8953,8,8961,86
2020-08-18,San Joaquin,077,732212,17546,28,17574,375
2020-08-18,San Luis Obispo,079,281455,2830,11,2841,22
2020-08-18,San Mateo,081,765935,7930,8,7938,137
2020-08-18,Santa Barbara,083,443738,7818,67,7885,93
2020-08-18,Santa Clara,085,1922200,16928,34,16962,227
2020-08-18,Santa Cruz,087,273765,1724,14,1738,7
2020-08-18,Shasta,089,179085,589,3,592,13
2020-08-18,Sierra,091,2930,6,0,6,0
2020-08-18,Siskiyou,093,43540,120,1,121,0
2020-08-18,Solano,095,438530,5208,28,5236,50
2020-08-18,Sonoma,097,501317,5262,19,5281,61
2020-08-18,Stanislaus,099,539301,14347,203,14550,238
2020-08-18,Sutter,101,95872,1212,1,1213,7
2020-08-18,Tehama,103,63373,382,2,384,2
2020-08-18,Trinity,105,12862,41,6,47,0
2020-08-18,Tulare,107,460477,13725,43,13768,234
2020-08-18,Tuolumne,109,53932,175,5,180,2
2020-08-18,Ventura,111,848112,10584,61,10645,110
2020-08-18,Yolo,113,214977,2293,4,2297,49
2020-08-18,Yuba,115,75493,759,3,762,4
2020-08-17,Alameda,001,1643700,17238,114,17352,240
2020-08-17,Alpine,002,1148,2,0,2,0
2020-08-17,Amador,005,37829,262,0,262,13
2020-08-17,Butte,007,227075,1626,43,1669,23
2020-08-17,Calaveras,009,45235,206,0,206,3
2020-08-17,Colusa,011,21464,431,0,431,5
2020-08-17,Contra Costa,013,1133247,13281,41,13322,171
2020-08-17,Del Norte,015,27424,107,0,107,1
2020-08-17,El Dorado,017,186661,960,7,967,2
2020-08-17,Fresno,019,978130,25834,252,26086,307
2020-08-17,Glenn,021,27897,424,0,424,3
2020-08-17,Humboldt,023,135768,349,1,350,4
2020-08-17,Imperial,025,180216,10999,7,11006,304
2020-08-17,Inyo,027,18085,156,3,159,9
2020-08-17,Kern,029,883053,28611,179,28790,297
2020-08-17,Kings,031,150075,5755,25,5780,66
2020-08-17,Lake,033,64148,305,0,305,2
2020-08-17,Lassen,035,31185,711,2,713,0
2020-08-17,Los Angeles,037,10098052,230215,896,231111,5641
2020-08-17,Madera,039,155013,3625,20,3645,69
2020-08-17,Marin,041,260295,1167,6,1173,69
2020-08-17,Mariposa,043,17540,71,0,71,0
2020-08-17,Mendocino,045,87422,532,0,532,11
2020-08-17,Merced,047,269075,7464,5,7469,99
2020-08-17,Modoc,049,8938,7,0,7,0
2020-08-17,Mono,051,14174,162,3,165,2
2020-08-17,Monterey,053,433212,7251,15,7266,46
2020-08-17,Napa,055,140530,1380,5,1385,12
2020-08-17,Nevada,057,99092,417,13,430,3
2020-08-17,Orange,059,3164182,48300,1054,49354,1094
2020-08-17,Placer,061,380077,2844,5,2849,30
2020-08-17,Plumas,063,18699,39,0,39,0
2020-08-17,Riverside,065,2383286,51063,52,51115,1043
2020-08-17,Sacramento,067,1510023,16552,14,16566,269
2020-08-17,San Benito,069,59416,957,0,957,5
2020-08-17,San Bernardino,071,2135413,46582,254,46836,905
2020-08-17,San Diego,073,3302833,36840,213,37053,672
2020-08-17,San Francisco,075,870044,8882,8,8890,85
2020-08-17,San Joaquin,077,732212,17384,27,17411,369
2020-08-17,San Luis Obispo,079,281455,2797,11,2808,22
2020-08-17,San Mateo,081,765935,7873,7,7880,136
2020-08-17,Santa Barbara,083,443738,7776,67,7843,92
2020-08-17,Santa Clara,085,1922200,16703,34,16737,225
2020-08-17,Santa Cruz,087,273765,1708,13,1721,7
2020-08-17,Shasta,089,179085,583,3,586,13
2020-08-17,Sierra,091,2930,6,0,6,0
2020-08-17,Siskiyou,093,43540,119,0,119,0
2020-08-17,Solano,095,438530,5151,28,5179,49
2020-08-17,Sonoma,097,501317,5172,17,5189,60
2020-08-17,Stanislaus,099,539301,14222,196,14418,232
2020-08-17,Sutter,101,95872,1196,1,1197,7
2020-08-17,Tehama,103,63373,372,2,374,2
2020-08-17,Trinity,105,12862,41,6,47,0
2020-08-17,Tulare,107,460477,13613,42,13655,230
2020-08-17,Tuolumne,109,53932,172,5,177,2
2020-08-17,Ventura,111,848112,10461,56,10517,107
2020-08-17,Yolo,113,214977,2266,4,2270,49
2020-08-17,Yuba,115,75493,744,3,747,4
2020-08-16,Alameda,001,1643700,16947,114,17061,237
2020-08-16,Alpine,002,1148,2,0,2,0
2020-08-16,Amador,005,37829,259,0,259,13
2020-08-16,Butte,007,227075,1588,43,1631,22
2020-08-16,Calaveras,009,45235,199,0,199,2
2020-08-16,Colusa,011,21464,429,0,429,5
2020-08-16,Contra Costa,013,1133247,13095,41,13136,169
2020-08-16,Del Norte,015,27424,103,0,103,1
2020-08-16,El Dorado,017,186661,948,7,955,2
2020-08-16,Fresno,019,978130,25611,247,25858,297
2020-08-16,Glenn,021,27897,422,0,422,3
2020-08-16,Humboldt,023,135768,347,1,348,4
2020-08-16,Imperial,025,180216,10955,7,10962,304
2020-08-16,Inyo,027,18085,149,2,151,9
2020-08-16,Kern,029,883053,28412,171,28583,296
2020-08-16,Kings,031,150075,5724,25,5749,66
2020-08-16,Lake,033,64148,301,0,301,2
2020-08-16,Lassen,035,31185,711,2,713,0
2020-08-16,Los Angeles,037,10098052,228645,867,229512,5601
2020-08-16,Madera,039,155013,3580,20,3600,69
2020-08-16,Marin,041,260295,1167,6,1173,69
2020-08-16,Mariposa,043,17540,71,0,71,0
2020-08-16,Mendocino,045,87422,524,0,524,10
2020-08-16,Merced,047,269075,7388,4,7392,99
2020-08-16,Modoc,049,8938,7,0,7,0
2020-08-16,Mono,051,14174,162,3,165,1
2020-08-16,Monterey,053,433212,7153,14,7167,46
2020-08-16,Napa,055,140530,1362,3,1365,12
2020-08-16,Nevada,057,99092,408,13,421,2
2020-08-16,Orange,059,3164182,48050,1043,49093,1078
2020-08-16,Placer,061,380077,2815,4,2819,30
2020-08-16,Plumas,063,18699,39,0,39,0
2020-08-16,Riverside,065,2383286,50732,51,50783,1039
2020-08-16,Sacramento,067,1510023,16312,14,16326,258
2020-08-16,San Benito,069,59416,928,0,928,5
2020-08-16,San Bernardino,071,2135413,46159,246,46405,899
2020-08-16,San Diego,073,3302833,36576,198,36774,670
2020-08-16,San Francisco,075,870044,8795,8,8803,85
2020-08-16,San Joaquin,077,732212,17183,27,17210,366
2020-08-16,San Luis Obispo,079,281455,2768,11,2779,22
2020-08-16,San Mateo,081,765935,7799,7,7806,135
2020-08-16,Santa Barbara,083,443738,7727,67,7794,92
2020-08-16,Santa Clara,085,1922200,16503,34,16537,224
2020-08-16,Santa Cruz,087,273765,1681,12,1693,7
2020-08-16,Shasta,089,179085,576,3,579,13
2020-08-16,Sierra,091,2930,6,0,6,0
2020-08-16,Siskiyou,093,43540,118,0,118,0
2020-08-16,Solano,095,438530,5091,28,5119,49
2020-08-16,Sonoma,097,501317,5068,17,5085,56
2020-08-16,Stanislaus,099,539301,14064,186,14250,229
2020-08-16,Sutter,101,95872,1178,1,1179,7
2020-08-16,Tehama,103,63373,363,2,365,1
2020-08-16,Trinity,105,12862,38,6,44,0
2020-08-16,Tulare,107,460477,13481,39,13520,226
2020-08-16,Tuolumne,109,53932,172,5,177,2
2020-08-16,Ventura,111,848112,10352,51,10403,107
2020-08-16,Yolo,113,214977,2247,4,2251,49
2020-08-16,Yuba,115,75493,735,2,737,4
2020-08-15,Alameda,001,1643700,16870,114,16984,237
2020-08-15,Alpine,002,1148,2,0,2,0
2020-08-15,Amador,005,37829,259,0,259,12
2020-08-15,Butte,007,227075,1567,43,1610,22
2020-08-15,Calaveras,009,45235,197,0,197,2
2020-08-15,Colusa,011,21464,428,0,428,5
2020-08-15,Contra Costa,013,1133247,12999,41,13040,169
2020-08-15,Del Norte,015,27424,103,0,103,1
2020-08-15,El Dorado,017,186661,943,7,950,2
2020-08-15,Fresno,019,978130,25496,245,25741,292
2020-08-15,Glenn,021,27897,422,0,422,3
2020-08-15,Humboldt,023,135768,346,1,347,4
2020-08-15,Imperial,025,180216,10935,7,10942,303
2020-08-15,Inyo,027,18085,149,2,151,8
2020-08-15,Kern,029,883053,28324,171,28495,294
2020-08-15,Kings,031,150075,5706,25,5731,66
2020-08-15,Lake,033,64148,299,0,299,2
2020-08-15,Lassen,035,31185,711,2,713,0
2020-08-15,Los Angeles,037,10098052,227894,857,228751,5562
2020-08-15,Madera,039,155013,3530,20,3550,67
2020-08-15,Marin,041,260295,1167,6,1173,69
2020-08-15,Mariposa,043,17540,71,0,71,0
2020-08-15,Mendocino,045,87422,520,0,520,10
2020-08-15,Merced,047,269075,7352,4,7356,95
2020-08-15,Modoc,049,8938,7,0,7,0
2020-08-15,Mono,051,14174,162,3,165,1
2020-08-15,Monterey,053,433212,7108,14,7122,44
2020-08-15,Napa,055,140530,1352,3,1355,12
2020-08-15,Nevada,057,99092,408,13,421,2
2020-08-15,Orange,059,3164182,47937,1032,48969,1067
2020-08-15,Placer,061,380077,2794,4,2798,29
2020-08-15,Plumas,063,18699,39,0,39,0
2020-08-15,Riverside,065,2383286,50581,51,50632,1027
2020-08-15,Sacramento,067,1510023,16202,14,16216,249
2020-08-15,San Benito,069,59416,915,0,915,5
2020-08-15,San Bernardino,071,2135413,46007,244,46251,885
2020-08-15,San Diego,073,3302833,36410,184,36594,667
2020-08-15,San Francisco,075,870044,8733,8,8741,85
2020-08-15,San Joaquin,077,732212,17109,27,17136,358
2020-08-15,San Luis Obispo,079,281455,2751,11,2762,22
2020-08-15,San Mateo,081,765935,7762,7,7769,134
2020-08-15,Santa Barbara,083,443738,7699,67,7766,91
2020-08-15,Santa Clara,085,1922200,16407,34,16441,221
2020-08-15,Santa Cruz,087,273765,1660,12,1672,7
2020-08-15,Shasta,089,179085,573,3,576,13
2020-08-15,Sierra,091,2930,6,0,6,0
2020-08-15,Siskiyou,093,43540,117,0,117,0
2020-08-15,Solano,095,438530,5069,28,5097,48
2020-08-15,Sonoma,097,501317,5013,17,5030,55
2020-08-15,Stanislaus,099,539301,14000,185,14185,225
2020-08-15,Sutter,101,95872,1167,1,1168,7
2020-08-15,Tehama,103,63373,362,2,364,1
2020-08-15,Trinity,105,12862,36,6,42,0
2020-08-15,Tulare,107,460477,13442,39,13481,223
2020-08-15,Tuolumne,109,53932,172,5,177,2
2020-08-15,Ventura,111,848112,10293,49,10342,105
2020-08-15,Yolo,113,214977,2235,4,2239,49
2020-08-15,Yuba,115,75493,731,2,733,4
2020-08-14,Alameda,001,1643700,16730,114,16844,232
2020-08-14,Alpine,002,1148,2,0,2,0
2020-08-14,Amador,005,37829,259,0,259,11
2020-08-14,Butte,007,227075,1559,43,1602,21
2020-08-14,Calaveras,009,45235,193,0,193,2
2020-08-14,Colusa,011,21464,426,0,426,5
2020-08-14,Contra Costa,013,1133247,12888,41,12929,168
2020-08-14,Del Norte,015,27424,103,0,103,0
2020-08-14,El Dorado,017,186661,935,7,942,2
2020-08-14,Fresno,019,978130,25360,245,25605,287
2020-08-14,Glenn,021,27897,420,0,420,3
2020-08-14,Humboldt,023,135768,340,1,341,4
2020-08-14,Imperial,025,180216,10911,7,10918,303
2020-08-14,Inyo,027,18085,148,2,150,6
2020-08-14,Kern,029,883053,28220,170,28390,286
2020-08-14,Kings,031,150075,5692,25,5717,66
2020-08-14,Lake,033,64148,290,0,290,2
2020-08-14,Lassen,035,31185,711,2,713,0
2020-08-14,Los Angeles,037,10098052,226720,841,227561,5525
2020-08-14,Madera,039,155013,3500,20,3520,65
2020-08-14,Marin,041,260295,1167,6,1173,68
2020-08-14,Mariposa,043,17540,70,0,70,0
2020-08-14,Mendocino,045,87422,511,0,511,10
2020-08-14,Merced,047,269075,7322,4,7326,93
2020-08-14,Modoc,049,8938,7,0,7,0
2020-08-14,Mono,051,14174,162,3,165,1
2020-08-14,Monterey,053,433212,7057,14,7071,44
2020-08-14,Napa,055,140530,1342,3,1345,12
2020-08-14,Nevada,057,99092,404,13,417,1
2020-08-14,Orange,059,3164182,47787,1020,48807,1054
2020-08-14,Placer,061,380077,2775,4,2779,29
2020-08-14,Plumas,063,18699,38,0,38,0
2020-08-14,Riverside,065,2383286,50351,51,50402,1017
2020-08-14,Sacramento,067,1510023,16053,14,16067,244
2020-08-14,San Benito,069,59416,898,0,898,5
2020-08-14,San Bernardino,071,2135413,45820,241,46061,881
2020-08-14,San Diego,073,3302833,36216,177,36393,659
2020-08-14,San Francisco,075,870044,8675,8,8683,83
2020-08-14,San Joaquin,077,732212,17009,27,17036,356
2020-08-14,San Luis Obispo,079,281455,2736,11,2747,21
2020-08-14,San Mateo,081,765935,7703,7,7710,134
2020-08-14,Santa Barbara,083,443738,7649,67,7716,89
2020-08-14,Santa Clara,085,1922200,16237,33,16270,219
2020-08-14,Santa Cruz,087,273765,1638,11,1649,7
2020-08-14,Shasta,089,179085,568,3,571,13
2020-08-14,Sierra,091,2930,6,0,6,0
2020-08-14,Siskiyou,093,43540,117,0,117,0
2020-08-14,Solano,095,438530,5048,28,5076,47
2020-08-14,Sonoma,097,501317,4954,14,4968,54
2020-08-14,Stanislaus,099,539301,13922,181,14103,219
2020-08-14,Sutter,101,95872,1159,1,1160,7
2020-08-14,Tehama,103,63373,357,2,359,1
2020-08-14,Trinity,105,12862,36,6,42,0
2020-08-14,Tulare,107,460477,13365,39,13404,221
2020-08-14,Tuolumne,109,53932,171,5,176,2
2020-08-14,Ventura,111,848112,10218,49,10267,104
2020-08-14,Yolo,113,214977,2221,4,2225,49
2020-08-14,Yuba,115,75493,715,2,717,4
2020-08-13,Alameda,001,1643700,16449,114,16563,230
2020-08-13,Alpine,002,1148,2,0,2,0
2020-08-13,Amador,005,37829,259,0,259,11
2020-08-13,Butte,007,227075,1535,43,1578,21
2020-08-13,Calaveras,009,45235,191,0,191,2
2020-08-13,Colusa,011,21464,426,0,426,5
2020-08-13,Contra Costa,013,1133247,12733,40,12773,168
2020-08-13,Del Norte,015,27424,102,0,102,0
2020-08-13,El Dorado,017,186661,930,7,937,2
2020-08-13,Fresno,019,978130,25135,239,25374,284
2020-08-13,Glenn,021,27897,416,0,416,3
2020-08-13,Humboldt,023,135768,332,1,333,4
2020-08-13,Imperial,025,180216,10881,7,10888,301
2020-08-13,Inyo,027,18085,144,2,146,6
2020-08-13,Kern,029,883053,28053,167,28220,283
2020-08-13,Kings,031,150075,5657,25,5682,64
2020-08-13,Lake,033,64148,285,0,285,2
2020-08-13,Lassen,035,31185,711,2,713,0
2020-08-13,Los Angeles,037,10098052,225340,819,226159,5491
2020-08-13,Madera,039,155013,3456,19,3475,61
2020-08-13,Marin,041,260295,1167,6,1173,68
2020-08-13,Mariposa,043,17540,69,0,69,0
2020-08-13,Mendocino,045,87422,506,0,506,10
2020-08-13,Merced,047,269075,7217,4,7221,92
2020-08-13,Modoc,049,8938,7,0,7,0
2020-08-13,Mono,051,14174,162,3,165,1
2020-08-13,Monterey,053,433212,6974,14,6988,41
2020-08-13,Napa,055,140530,1333,3,1336,12
2020-08-13,Nevada,057,99092,400,13,413,1
2020-08-13,Orange,059,3164182,47548,1008,48556,1038
2020-08-13,Placer,061,380077,2752,4,2756,28
2020-08-13,Plumas,063,18699,38,0,38,0
2020-08-13,Riverside,065,2383286,50055,51,50106,1006
2020-08-13,Sacramento,067,1510023,15849,14,15863,239
2020-08-13,San Benito,069,59416,869,0,869,4
2020-08-13,San Bernardino,071,2135413,45423,234,45657,869
2020-08-13,San Diego,073,3302833,35980,159,36139,651
2020-08-13,San Francisco,075,870044,8581,8,8589,82
2020-08-13,San Joaquin,077,732212,16853,26,16879,352
2020-08-13,San Luis Obispo,079,281455,2714,11,2725,21
2020-08-13,San Mateo,081,765935,7641,7,7648,134
2020-08-13,Santa Barbara,083,443738,7604,66,7670,89
2020-08-13,Santa Clara,085,1922200,16015,33,16048,218
2020-08-13,Santa Cruz,087,273765,1613,11,1624,7
2020-08-13,Shasta,089,179085,563,3,566,13
2020-08-13,Sierra,091,2930,6,0,6,0
2020-08-13,Siskiyou,093,43540,117,0,117,0
2020-08-13,Solano,095,438530,5011,28,5039,46
2020-08-13,Sonoma,097,501317,4880,14,4894,52
2020-08-13,Stanislaus,099,539301,13793,165,13958,215
2020-08-13,Sutter,101,95872,1138,1,1139,7
2020-08-13,Tehama,103,63373,348,2,350,1
2020-08-13,Trinity,105,12862,35,6,41,0
2020-08-13,Tulare,107,460477,13221,36,13257,221
2020-08-13,Tuolumne,109,53932,170,5,175,2
2020-08-13,Ventura,111,848112,10129,49,10178,103
2020-08-13,Yolo,113,214977,2194,4,2198,49
2020-08-13,Yuba,115,75493,699,2,701,4
2020-08-12,Alameda,001,1643700,16236,114,16350,230
2020-08-12,Alpine,002,1148,2,0,2,0
2020-08-12,Amador,005,37829,256,0,256,11
2020-08-12,Butte,007,227075,1506,43,1549,21
2020-08-12,Calaveras,009,45235,188,0,188,2
2020-08-12,Colusa,011,21464,421,0,421,5
2020-08-12,Contra Costa,013,1133247,12588,39,12627,166
2020-08-12,Del Norte,015,27424,101,0,101,0
2020-08-12,El Dorado,017,186661,912,7,919,2
2020-08-12,Fresno,019,978130,24904,233,25137,277
2020-08-12,Glenn,021,27897,413,0,413,3
2020-08-12,Humboldt,023,135768,325,1,326,4
2020-08-12,Imperial,025,180216,10858,7,10865,300
2020-08-12,Inyo,027,18085,127,2,129,6
2020-08-12,Kern,029,883053,27861,165,28026,279
2020-08-12,Kings,031,150075,5618,25,5643,64
2020-08-12,Lake,033,64148,283,0,283,2
2020-08-12,Lassen,035,31185,710,2,712,0
2020-08-12,Los Angeles,037,10098052,223942,803,224745,5460
2020-08-12,Madera,039,155013,3422,17,3439,61
2020-08-12,Marin,041,260295,1167,6,1173,67
2020-08-12,Mariposa,043,17540,69,0,69,0
2020-08-12,Mendocino,045,87422,487,0,487,10
2020-08-12,Merced,047,269075,7159,4,7163,90
2020-08-12,Modoc,049,8938,7,0,7,0
2020-08-12,Mono,051,14174,161,3,164,1
2020-08-12,Monterey,053,433212,6870,14,6884,41
2020-08-12,Napa,055,140530,1323,3,1326,12
2020-08-12,Nevada,057,99092,395,13,408,1
2020-08-12,Orange,059,3164182,47297,984,48281,1022
2020-08-12,Placer,061,380077,2720,4,2724,26
2020-08-12,Plumas,063,18699,38,0,38,0
2020-08-12,Riverside,065,2383286,49707,51,49758,999
2020-08-12,Sacramento,067,1510023,15637,14,15651,233
2020-08-12,San Benito,069,59416,856,0,856,4
2020-08-12,San Bernardino,071,2135413,45080,225,45305,853
2020-08-12,San Diego,073,3302833,35771,139,35910,647
2020-08-12,San Francisco,075,870044,8498,8,8506,81
2020-08-12,San Joaquin,077,732212,16705,26,16731,347
2020-08-12,San Luis Obispo,079,281455,2689,11,2700,20
2020-08-12,San Mateo,081,765935,7562,7,7569,134
2020-08-12,Santa Barbara,083,443738,7544,64,7608,88
2020-08-12,Santa Clara,085,1922200,15840,33,15873,215
2020-08-12,Santa Cruz,087,273765,1584,10,1594,7
2020-08-12,Shasta,089,179085,559,3,562,13
2020-08-12,Sierra,091,2930,5,0,5,0
2020-08-12,Siskiyou,093,43540,116,0,116,0
2020-08-12,Solano,095,438530,4966,28,4994,46
2020-08-12,Sonoma,097,501317,4806,14,4820,49
2020-08-12,Stanislaus,099,539301,13653,158,13811,213
2020-08-12,Sutter,101,95872,1114,1,1115,7
2020-08-12,Tehama,103,63373,338,2,340,1
2020-08-12,Trinity,105,12862,34,6,40,0
2020-08-12,Tulare,107,460477,13093,36,13129,220
2020-08-12,Tuolumne,109,53932,169,5,174,2
2020-08-12,Ventura,111,848112,10042,49,10091,101
2020-08-12,Yolo,113,214977,2170,4,2174,47
2020-08-12,Yuba,115,75493,677,1,678,4
2020-08-11,Alameda,001,1643700,15975,111,16086,227
2020-08-11,Alpine,002,1148,2,0,2,0
2020-08-11,Amador,005,37829,250,0,250,10
2020-08-11,Butte,007,227075,1478,43,1521,19
2020-08-11,Calaveras,009,45235,186,0,186,2
2020-08-11,Colusa,011,21464,416,0,416,5
2020-08-11,Contra Costa,013,1133247,12400,37,12437,166
2020-08-11,Del Norte,015,27424,100,0,100,0
2020-08-11,El Dorado,017,186661,905,6,911,2
2020-08-11,Fresno,019,978130,24583,230,24813,273
2020-08-11,Glenn,021,27897,411,0,411,3
2020-08-11,Humboldt,023,135768,320,1,321,4
2020-08-11,Imperial,025,180216,10804,7,10811,298
2020-08-11,Inyo,027,18085,122,2,124,6
2020-08-11,Kern,029,883053,27526,163,27689,273
2020-08-11,Kings,031,150075,5427,25,5452,63
2020-08-11,Lake,033,64148,280,0,280,2
2020-08-11,Lassen,035,31185,704,2,706,0
2020-08-11,Los Angeles,037,10098052,222442,780,223222,5425
2020-08-11,Madera,039,155013,3368,17,3385,61
2020-08-11,Marin,041,260295,1166,5,1171,64
2020-08-11,Mariposa,043,17540,68,0,68,0
2020-08-11,Mendocino,045,87422,477,0,477,10
2020-08-11,Merced,047,269075,7065,3,7068,88
2020-08-11,Modoc,049,8938,7,0,7,0
2020-08-11,Mono,051,14174,161,3,164,1
2020-08-11,Monterey,053,433212,6761,14,6775,40
2020-08-11,Napa,055,140530,1312,2,1314,12
2020-08-11,Nevada,057,99092,392,13,405,1
2020-08-11,Orange,059,3164182,47077,963,48040,1011
2020-08-11,Placer,061,380077,2688,4,2692,26
2020-08-11,Plumas,063,18699,38,0,38,0
2020-08-11,Riverside,065,2383286,49350,51,49401,992
2020-08-11,Sacramento,067,1510023,15346,14,15360,231
2020-08-11,San Benito,069,59416,844,0,844,4
2020-08-11,San Bernardino,071,2135413,44740,218,44958,843
2020-08-11,San Diego,073,3302833,35504,120,35624,644
2020-08-11,San Francisco,075,870044,8402,8,8410,80
2020-08-11,San Joaquin,077,732212,16527,21,16548,344
2020-08-11,San Luis Obispo,079,281455,2632,11,2643,20
2020-08-11,San Mateo,081,765935,7488,7,7495,134
2020-08-11,Santa Barbara,083,443738,7495,64,7559,84
2020-08-11,Santa Clara,085,1922200,15619,33,15652,214
2020-08-11,Santa Cruz,087,273765,1561,10,1571,6
2020-08-11,Shasta,089,179085,555,3,558,13
2020-08-11,Sierra,091,2930,5,0,5,0
2020-08-11,Siskiyou,093,43540,116,0,116,0
2020-08-11,Solano,095,438530,4918,27,4945,45
2020-08-11,Sonoma,097,501317,4711,14,4725,48
2020-08-11,Stanislaus,099,539301,13549,146,13695,209
2020-08-11,Sutter,101,95872,1092,1,1093,7
2020-08-11,Tehama,103,63373,334,2,336,1
2020-08-11,Trinity,105,12862,34,6,40,0
2020-08-11,Tulare,107,460477,12968,35,13003,218
2020-08-11,Tuolumne,109,53932,165,5,170,2
2020-08-11,Ventura,111,848112,9974,48,10022,101
2020-08-11,Yolo,113,214977,2148,4,2152,47
2020-08-11,Yuba,115,75493,666,1,667,4
2020-08-10,Alameda,001,1643700,15735,109,15844,224
2020-08-10,Alpine,002,1148,2,0,2,0
2020-08-10,Amador,005,37829,249,0,249,10
2020-08-10,Butte,007,227075,1454,41,1495,18
2020-08-10,Calaveras,009,45235,175,0,175,2
2020-08-10,Colusa,011,21464,414,0,414,5
2020-08-10,Contra Costa,013,1133247,12246,35,12281,164
2020-08-10,Del Norte,015,27424,98,0,98,0
2020-08-10,El Dorado,017,186661,893,6,899,2
2020-08-10,Fresno,019,978130,24301,230,24531,263
2020-08-10,Glenn,021,27897,408,0,408,3
2020-08-10,Humboldt,023,135768,314,1,315,4
2020-08-10,Imperial,025,180216,10759,7,10766,297
2020-08-10,Inyo,027,18085,122,2,124,5
2020-08-10,Kern,029,883053,27300,162,27462,268
2020-08-10,Kings,031,150075,5321,25,5346,62
2020-08-10,Lake,033,64148,273,0,273,2
2020-08-10,Lassen,035,31185,704,2,706,0
2020-08-10,Los Angeles,037,10098052,220864,762,221626,5379
2020-08-10,Madera,039,155013,3335,17,3352,60
2020-08-10,Marin,041,260295,1159,5,1164,64
2020-08-10,Mariposa,043,17540,68,0,68,0
2020-08-10,Mendocino,045,87422,453,0,453,10
2020-08-10,Merced,047,269075,6979,3,6982,88
2020-08-10,Modoc,049,8938,7,0,7,0
2020-08-10,Mono,051,14174,161,3,164,1
2020-08-10,Monterey,053,433212,6651,14,6665,38
2020-08-10,Napa,055,140530,1294,2,1296,11
2020-08-10,Nevada,057,99092,384,13,397,1
2020-08-10,Orange,059,3164182,46807,945,47752,997
2020-08-10,Placer,061,380077,2649,4,2653,25
2020-08-10,Plumas,063,18699,38,0,38,0
2020-08-10,Riverside,065,2383286,48965,50,49015,982
2020-08-10,Sacramento,067,1510023,15035,14,15049,226
2020-08-10,San Benito,069,59416,831,0,831,4
2020-08-10,San Bernardino,071,2135413,44364,209,44573,829
2020-08-10,San Diego,073,3302833,35238,104,35342,638
2020-08-10,San Francisco,075,870044,8312,7,8319,80
2020-08-10,San Joaquin,077,732212,16343,21,16364,335
2020-08-10,San Luis Obispo,079,281455,2533,11,2544,19
2020-08-10,San Mateo,081,765935,7411,7,7418,134
2020-08-10,Santa Barbara,083,443738,7440,64,7504,79
2020-08-10,Santa Clara,085,1922200,15359,32,15391,212
2020-08-10,Santa Cruz,087,273765,1541,9,1550,6
2020-08-10,Shasta,089,179085,551,3,554,13
2020-08-10,Sierra,091,2930,5,0,5,0
2020-08-10,Siskiyou,093,43540,113,0,113,0
2020-08-10,Solano,095,438530,4858,27,4885,45
2020-08-10,Sonoma,097,501317,4540,10,4550,45
2020-08-10,Stanislaus,099,539301,13366,130,13496,199
2020-08-10,Sutter,101,95872,1067,1,1068,7
2020-08-10,Tehama,103,63373,327,2,329,1
2020-08-10,Trinity,105,12862,31,6,37,0
2020-08-10,Tulare,107,460477,12795,33,12828,216
2020-08-10,Tuolumne,109,53932,165,4,169,2
2020-08-10,Ventura,111,848112,9890,47,9937,101
2020-08-10,Yolo,113,214977,2125,4,2129,47
2020-08-10,Yuba,115,75493,649,1,650,4
2020-08-09,Alameda,001,1643700,15454,107,15561,220
2020-08-09,Alpine,002,1148,2,0,2,0
2020-08-09,Amador,005,37829,244,0,244,10
2020-08-09,Butte,007,227075,1411,41,1452,17
2020-08-09,Calaveras,009,45235,170,0,170,2
2020-08-09,Colusa,011,21464,410,0,410,5
2020-08-09,Contra Costa,013,1133247,12018,34,12052,159
2020-08-09,Del Norte,015,27424,98,0,98,0
2020-08-09,El Dorado,017,186661,885,6,891,2
2020-08-09,Fresno,019,978130,23991,226,24217,250
2020-08-09,Glenn,021,27897,406,0,406,3
2020-08-09,Humboldt,023,135768,308,1,309,4
2020-08-09,Imperial,025,180216,10716,6,10722,296
2020-08-09,Inyo,027,18085,117,1,118,4
2020-08-09,Kern,029,883053,27044,162,27206,262
2020-08-09,Kings,031,150075,5278,24,5302,62
2020-08-09,Lake,033,64148,266,0,266,2
2020-08-09,Lassen,035,31185,698,2,700,0
2020-08-09,Los Angeles,037,10098052,218803,740,219543,5333
2020-08-09,Madera,039,155013,3277,13,3290,59
2020-08-09,Marin,041,260295,1159,5,1164,63
2020-08-09,Mariposa,043,17540,66,0,66,0
2020-08-09,Mendocino,045,87422,443,0,443,10
2020-08-09,Merced,047,269075,6874,2,6876,85
2020-08-09,Modoc,049,8938,7,0,7,0
2020-08-09,Mono,051,14174,160,3,163,1
2020-08-09,Monterey,053,433212,6527,14,6541,36
2020-08-09,Napa,055,140530,1275,2,1277,11
2020-08-09,Nevada,057,99092,376,13,389,1
2020-08-09,Orange,059,3164182,46508,930,47438,984
2020-08-09,Placer,061,380077,2620,4,2624,23
2020-08-09,Plumas,063,18699,38,0,38,0
2020-08-09,Riverside,065,2383286,48618,50,48668,973
2020-08-09,Sacramento,067,1510023,14756,14,14770,224
2020-08-09,San Benito,069,59416,812,0,812,4
2020-08-09,San Bernardino,071,2135413,43886,209,44095,821
2020-08-09,San Diego,073,3302833,34947,93,35040,636
2020-08-09,San Francisco,075,870044,8197,7,8204,78
2020-08-09,San Joaquin,077,732212,16138,20,16158,327
2020-08-09,San Luis Obispo,079,281455,2497,11,2508,18
2020-08-09,San Mateo,081,765935,7316,7,7323,134
2020-08-09,Santa Barbara,083,443738,7352,64,7416,79
2020-08-09,Santa Clara,085,1922200,15089,32,15121,212
2020-08-09,Santa Cruz,087,273765,1517,9,1526,6
2020-08-09,Shasta,089,179085,547,3,550,13
2020-08-09,Sierra,091,2930,5,0,5,0
2020-08-09,Siskiyou,093,43540,112,0,112,0
2020-08-09,Solano,095,438530,4805,26,4831,44
2020-08-09,Sonoma,097,501317,4404,8,4412,45
2020-08-09,Stanislaus,099,539301,13158,117,13275,194
2020-08-09,Sutter,101,95872,1033,1,1034,7
2020-08-09,Tehama,103,63373,319,2,321,1
2020-08-09,Trinity,105,12862,31,6,37,0
2020-08-09,Tulare,107,460477,12605,30,12635,213
2020-08-09,Tuolumne,109,53932,161,4,165,2
2020-08-09,Ventura,111,848112,9742,46,9788,100
2020-08-09,Yolo,113,214977,2094,4,2098,47
2020-08-09,Yuba,115,75493,629,1,630,4
2020-08-08,Alameda,001,1643700,15344,107,15451,219
2020-08-08,Alpine,002,1148,2,0,2,0
2020-08-08,Amador,005,37829,244,0,244,8
2020-08-08,Butte,007,227075,1393,41,1434,16
2020-08-08,Calaveras,009,45235,169,0,169,2
2020-08-08,Colusa,011,21464,409,0,409,5
2020-08-08,Contra Costa,013,1133247,11909,34,11943,156
2020-08-08,Del Norte,015,27424,97,0,97,0
2020-08-08,El Dorado,017,186661,878,6,884,2
2020-08-08,Fresno,019,978130,23853,224,24077,243
2020-08-08,Glenn,021,27897,406,0,406,3
2020-08-08,Humboldt,023,135768,305,1,306,4
2020-08-08,Imperial,025,180216,10701,6,10707,296
2020-08-08,Inyo,027,18085,113,1,114,4
2020-08-08,Kern,029,883053,26930,162,27092,258
2020-08-08,Kings,031,150075,5264,24,5288,61
2020-08-08,Lake,033,64148,264,0,264,2
2020-08-08,Lassen,035,31185,698,2,700,0
2020-08-08,Los Angeles,037,10098052,217920,729,218649,5293
2020-08-08,Madera,039,155013,3246,13,3259,59
2020-08-08,Marin,041,260295,1157,5,1162,61
2020-08-08,Mariposa,043,17540,65,0,65,0
2020-08-08,Mendocino,045,87422,441,0,441,10
2020-08-08,Merced,047,269075,6832,2,6834,84
2020-08-08,Modoc,049,8938,7,0,7,0
2020-08-08,Mono,051,14174,160,3,163,1
2020-08-08,Monterey,053,433212,6469,14,6483,36
2020-08-08,Napa,055,140530,1267,2,1269,11
2020-08-08,Nevada,057,99092,374,13,387,1
2020-08-08,Orange,059,3164182,46379,921,47300,966
2020-08-08,Placer,061,380077,2604,4,2608,21
2020-08-08,Plumas,063,18699,38,0,38,0
2020-08-08,Riverside,065,2383286,48413,50,48463,962
2020-08-08,Sacramento,067,1510023,14626,14,14640,216
2020-08-08,San Benito,069,59416,804,0,804,4
2020-08-08,San Bernardino,071,2135413,43692,208,43900,814
2020-08-08,San Diego,073,3302833,34758,84,34842,633
2020-08-08,San Francisco,075,870044,8131,7,8138,77
2020-08-08,San Joaquin,077,732212,16058,19,16077,319
2020-08-08,San Luis Obispo,079,281455,2474,11,2485,18
2020-08-08,San Mateo,081,765935,7258,7,7265,133
2020-08-08,Santa Barbara,083,443738,7314,64,7378,79
2020-08-08,Santa Clara,085,1922200,14937,32,14969,211
2020-08-08,Santa Cruz,087,273765,1503,9,1512,6
2020-08-08,Shasta,089,179085,545,3,548,13
2020-08-08,Sierra,091,2930,5,0,5,0
2020-08-08,Siskiyou,093,43540,112,0,112,0
2020-08-08,Solano,095,438530,4784,25,4809,44
2020-08-08,Sonoma,097,501317,4373,8,4381,42
2020-08-08,Stanislaus,099,539301,13083,112,13195,192
2020-08-08,Sutter,101,95872,1023,1,1024,7
2020-08-08,Tehama,103,63373,318,2,320,1
2020-08-08,Trinity,105,12862,31,6,37,0
2020-08-08,Tulare,107,460477,12530,30,12560,213
2020-08-08,Tuolumne,109,53932,161,4,165,2
2020-08-08,Ventura,111,848112,9687,45,9732,100
2020-08-08,Yolo,113,214977,2081,4,2085,46
2020-08-08,Yuba,115,75493,620,1,621,4
2020-08-07,Alameda,001,1643700,15234,107,15341,216
2020-08-07,Alpine,002,1148,2,0,2,0
2020-08-07,Amador,005,37829,242,0,242,6
2020-08-07,Butte,007,227075,1375,41,1416,15
2020-08-07,Calaveras,009,45235,169,0,169,2
2020-08-07,Colusa,011,21464,408,0,408,5
2020-08-07,Contra Costa,013,1133247,11761,34,11795,152
2020-08-07,Del Norte,015,27424,97,0,97,0
2020-08-07,El Dorado,017,186661,873,6,879,2
2020-08-07,Fresno,019,978130,23693,224,23917,240
2020-08-07,Glenn,021,27897,405,0,405,3
2020-08-07,Humboldt,023,135768,301,1,302,4
2020-08-07,Imperial,025,180216,10676,6,10682,294
2020-08-07,Inyo,027,18085,112,1,113,2
2020-08-07,Kern,029,883053,26804,160,26964,254
2020-08-07,Kings,031,150075,5247,24,5271,61
2020-08-07,Lake,033,64148,262,0,262,2
2020-08-07,Lassen,035,31185,697,2,699,0
2020-08-07,Los Angeles,037,10098052,216453,718,217171,5256
2020-08-07,Madera,039,155013,3214,13,3227,57
2020-08-07,Marin,041,260295,1156,5,1161,61
2020-08-07,Mariposa,043,17540,65,0,65,0
2020-08-07,Mendocino,045,87422,427,0,427,10
2020-08-07,Merced,047,269075,6789,2,6791,82
2020-08-07,Modoc,049,8938,7,0,7,0
2020-08-07,Mono,051,14174,160,3,163,1
2020-08-07,Monterey,053,433212,6394,14,6408,35
2020-08-07,Napa,055,140530,1262,2,1264,11
2020-08-07,Nevada,057,99092,371,13,384,1
2020-08-07,Orange,059,3164182,46167,904,47071,955
2020-08-07,Placer,061,380077,2586,4,2590,20
2020-08-07,Plumas,063,18699,38,0,38,0
2020-08-07,Riverside,065,2383286,48149,49,48198,947
2020-08-07,Sacramento,067,1510023,14481,14,14495,207
2020-08-07,San Benito,069,59416,798,0,798,4
2020-08-07,San Bernardino,071,2135413,43445,207,43652,804
2020-08-07,San Diego,073,3302833,34573,81,34654,629
2020-08-07,San Francisco,075,870044,8053,7,8060,77
2020-08-07,San Joaquin,077,732212,15971,19,15990,312
2020-08-07,San Luis Obispo,079,281455,2443,11,2454,18
2020-08-07,San Mateo,081,765935,7198,7,7205,132
2020-08-07,Santa Barbara,083,443738,7263,64,7327,79
2020-08-07,Santa Clara,085,1922200,14738,32,14770,211
2020-08-07,Santa Cruz,087,273765,1485,9,1494,6
2020-08-07,Shasta,089,179085,540,3,543,12
2020-08-07,Sierra,091,2930,5,0,5,0
2020-08-07,Siskiyou,093,43540,109,0,109,0
2020-08-07,Solano,095,438530,4752,24,4776,44
2020-08-07,Sonoma,097,501317,4307,8,4315,42
2020-08-07,Stanislaus,099,539301,12961,102,13063,186
2020-08-07,Sutter,101,95872,1019,1,1020,7
2020-08-07,Tehama,103,63373,314,2,316,1
2020-08-07,Trinity,105,12862,30,6,36,0
2020-08-07,Tulare,107,460477,12453,30,12483,210
2020-08-07,Tuolumne,109,53932,160,4,164,2
2020-08-07,Ventura,111,848112,9627,43,9670,99
2020-08-07,Yolo,113,214977,2054,4,2058,45
2020-08-07,Yuba,115,75493,615,1,616,4
2020-08-06,Alameda,001,1643700,15012,106,15118,213
2020-08-06,Alpine,002,1148,2,0,2,0
2020-08-06,Amador,005,37829,228,0,228,5
2020-08-06,Butte,007,227075,1356,41,1397,14
2020-08-06,Calaveras,009,45235,167,0,167,2
2020-08-06,Colusa,011,21464,405,0,405,5
2020-08-06,Contra Costa,013,1133247,11567,33,11600,148
2020-08-06,Del Norte,015,27424,97,0,97,0
2020-08-06,El Dorado,017,186661,862,6,868,2
2020-08-06,Fresno,019,978130,23398,217,23615,234
2020-08-06,Glenn,021,27897,400,0,400,3
2020-08-06,Humboldt,023,135768,296,1,297,4
2020-08-06,Imperial,025,180216,10633,6,10639,294
2020-08-06,Inyo,027,18085,104,1,105,2
2020-08-06,Kern,029,883053,26568,159,26727,248
2020-08-06,Kings,031,150075,5185,23,5208,60
2020-08-06,Lake,033,64148,259,0,259,2
2020-08-06,Lassen,035,31185,695,2,697,0
2020-08-06,Los Angeles,037,10098052,214380,702,215082,5222
2020-08-06,Madera,039,155013,3166,12,3178,54
2020-08-06,Marin,041,260295,1156,5,1161,61
2020-08-06,Mariposa,043,17540,64,0,64,0
2020-08-06,Mendocino,045,87422,413,0,413,10
2020-08-06,Merced,047,269075,6694,2,6696,77
2020-08-06,Modoc,049,8938,7,0,7,0
2020-08-06,Mono,051,14174,159,3,162,1
2020-08-06,Monterey,053,433212,6285,13,6298,34
2020-08-06,Napa,055,140530,1248,2,1250,11
2020-08-06,Nevada,057,99092,366,13,379,1
2020-08-06,Orange,059,3164182,45875,899,46774,942
2020-08-06,Placer,061,380077,2560,4,2564,20
2020-08-06,Plumas,063,18699,37,0,37,0
2020-08-06,Riverside,065,2383286,47755,49,47804,935
2020-08-06,Sacramento,067,1510023,14253,14,14267,202
2020-08-06,San Benito,069,59416,790,0,790,4
2020-08-06,San Bernardino,071,2135413,43040,205,43245,789
2020-08-06,San Diego,073,3302833,34306,74,34380,626
2020-08-06,San Francisco,075,870044,7960,6,7966,75
2020-08-06,San Joaquin,077,732212,15812,19,15831,305
2020-08-06,San Luis Obispo,079,281455,2419,10,2429,18
2020-08-06,San Mateo,081,765935,7098,7,7105,132
2020-08-06,Santa Barbara,083,443738,7203,64,7267,76
2020-08-06,Santa Clara,085,1922200,14509,32,14541,211
2020-08-06,Santa Cruz,087,273765,1464,9,1473,6
2020-08-06,Shasta,089,179085,531,3,534,12
2020-08-06,Sierra,091,2930,5,0,5,0
2020-08-06,Siskiyou,093,43540,109,0,109,0
2020-08-06,Solano,095,438530,4708,24,4732,43
2020-08-06,Sonoma,097,501317,4243,8,4251,39
2020-08-06,Stanislaus,099,539301,12811,86,12897,182
2020-08-06,Sutter,101,95872,988,1,989,7
2020-08-06,Tehama,103,63373,311,2,313,1
2020-08-06,Trinity,105,12862,27,6,33,0
2020-08-06,Tulare,107,460477,12293,30,12323,208
2020-08-06,Tuolumne,109,53932,159,4,163,2
2020-08-06,Ventura,111,848112,9512,40,9552,99
2020-08-06,Yolo,113,214977,2030,4,2034,45
2020-08-06,Yuba,115,75493,606,0,606,4
2020-08-05,Alameda,001,1643700,14796,106,14902,210
2020-08-05,Alpine,002,1148,2,0,2,0
2020-08-05,Amador,005,37829,218,0,218,4
2020-08-05,Butte,007,227075,1323,39,1362,14
2020-08-05,Calaveras,009,45235,164,0,164,2
2020-08-05,Colusa,011,21464,401,0,401,5
2020-08-05,Contra Costa,013,1133247,11398,33,11431,148
2020-08-05,Del Norte,015,27424,96,0,96,0
2020-08-05,El Dorado,017,186661,854,6,860,2
2020-08-05,Fresno,019,978130,23154,212,23366,232
2020-08-05,Glenn,021,27897,397,0,397,3
2020-08-05,Humboldt,023,135768,294,1,295,4
2020-08-05,Imperial,025,180216,10598,6,10604,294
2020-08-05,Inyo,027,18085,102,1,103,1
2020-08-05,Kern,029,883053,26380,154,26534,246
2020-08-05,Kings,031,150075,5140,22,5162,60
2020-08-05,Lake,033,64148,252,0,252,2
2020-08-05,Lassen,035,31185,648,2,650,0
2020-08-05,Los Angeles,037,10098052,212459,682,213141,5185
2020-08-05,Madera,039,155013,3124,12,3136,52
2020-08-05,Marin,041,260295,1151,5,1156,60
2020-08-05,Mariposa,043,17540,64,0,64,0
2020-08-05,Mendocino,045,87422,401,0,401,10
2020-08-05,Merced,047,269075,6563,2,6565,76
2020-08-05,Modoc,049,8938,7,0,7,0
2020-08-05,Mono,051,14174,159,3,162,1
2020-08-05,Monterey,053,433212,6170,13,6183,33
2020-08-05,Napa,055,140530,1236,2,1238,11
2020-08-05,Nevada,057,99092,357,13,370,1
2020-08-05,Orange,059,3164182,45566,891,46457,924
2020-08-05,Placer,061,380077,2519,4,2523,20
2020-08-05,Plumas,063,18699,36,0,36,0
2020-08-05,Riverside,065,2383286,47361,47,47408,924
2020-08-05,Sacramento,067,1510023,14035,13,14048,197
2020-08-05,San Benito,069,59416,781,0,781,4
2020-08-05,San Bernardino,071,2135413,42578,200,42778,780
2020-08-05,San Diego,073,3302833,34082,58,34140,621
2020-08-05,San Francisco,075,870044,7867,6,7873,75
2020-08-05,San Joaquin,077,732212,15651,19,15670,299
2020-08-05,San Luis Obispo,079,281455,2395,10,2405,16
2020-08-05,San Mateo,081,765935,7003,7,7010,132
2020-08-05,Santa Barbara,083,443738,7143,64,7207,74
2020-08-05,Santa Clara,085,1922200,14275,32,14307,211
2020-08-05,Santa Cruz,087,273765,1444,7,1451,6
2020-08-05,Shasta,089,179085,525,3,528,12
2020-08-05,Sierra,091,2930,5,0,5,0
2020-08-05,Siskiyou,093,43540,105,0,105,0
2020-08-05,Solano,095,438530,4657,23,4680,43
2020-08-05,Sonoma,097,501317,4160,8,4168,37
2020-08-05,Stanislaus,099,539301,12652,81,12733,179
2020-08-05,Sutter,101,95872,977,1,978,6
2020-08-05,Tehama,103,63373,308,2,310,1
2020-08-05,Trinity,105,12862,27,6,33,0
2020-08-05,Tulare,107,460477,12152,30,12182,206
2020-08-05,Tuolumne,109,53932,159,4,163,2
2020-08-05,Ventura,111,848112,9396,36,9432,98
2020-08-05,Yolo,113,214977,2002,4,2006,45
2020-08-05,Yuba,115,75493,589,0,589,4
2020-08-04,Alameda,001,1643700,14579,105,14684,208
2020-08-04,Alpine,002,1148,2,0,2,0
2020-08-04,Amador,005,37829,203,0,203,2
2020-08-04,Butte,007,227075,1299,38,1337,14
2020-08-04,Calaveras,009,45235,160,0,160,2
2020-08-04,Colusa,011,21464,396,0,396,5
2020-08-04,Contra Costa,013,1133247,11231,33,11264,145
2020-08-04,Del Norte,015,27424,94,0,94,0
2020-08-04,El Dorado,017,186661,844,6,850,1
2020-08-04,Fresno,019,978130,22868,205,23073,225
2020-08-04,Glenn,021,27897,396,0,396,2
2020-08-04,Humboldt,023,135768,284,1,285,4
2020-08-04,Imperial,025,180216,10561,6,10567,292
2020-08-04,Inyo,027,18085,88,1,89,1
2020-08-04,Kern,029,883053,26097,154,26251,240
2020-08-04,Kings,031,150075,5075,22,5097,58
2020-08-04,Lake,033,64148,252,0,252,2
2020-08-04,Lassen,035,31185,645,2,647,0
2020-08-04,Los Angeles,037,10098052,210518,656,211174,5150
2020-08-04,Madera,039,155013,3081,8,3089,46
2020-08-04,Marin,041,260295,1149,5,1154,58
2020-08-04,Mariposa,043,17540,64,0,64,0
2020-08-04,Mendocino,045,87422,376,0,376,10
2020-08-04,Merced,047,269075,6453,2,6455,75
2020-08-04,Modoc,049,8938,7,0,7,0
2020-08-04,Mono,051,14174,158,2,160,1
2020-08-04,Monterey,053,433212,6056,13,6069,32
2020-08-04,Napa,055,140530,1223,0,1223,10
2020-08-04,Nevada,057,99092,356,13,369,1
2020-08-04,Orange,059,3164182,45190,885,46075,910
2020-08-04,Placer,061,380077,2482,4,2486,20
2020-08-04,Plumas,063,18699,36,0,36,0
2020-08-04,Riverside,065,2383286,46974,46,47020,914
2020-08-04,Sacramento,067,1510023,13816,13,13829,194
2020-08-04,San Benito,069,59416,765,0,765,4
2020-08-04,San Bernardino,071,2135413,42028,195,42223,766
2020-08-04,San Diego,073,3302833,33789,46,33835,615
2020-08-04,San Francisco,075,870044,7779,6,7785,74
2020-08-04,San Joaquin,077,732212,15523,16,15539,290
2020-08-04,San Luis Obispo,079,281455,2365,10,2375,15
2020-08-04,San Mateo,081,765935,6897,7,6904,130
2020-08-04,Santa Barbara,083,443738,7083,64,7147,74
2020-08-04,Santa Clara,085,1922200,13973,31,14004,210
2020-08-04,Santa Cruz,087,273765,1425,7,1432,6
2020-08-04,Shasta,089,179085,519,3,522,12
2020-08-04,Sierra,091,2930,5,0,5,0
2020-08-04,Siskiyou,093,43540,103,0,103,0
2020-08-04,Solano,095,438530,4586,23,4609,41
2020-08-04,Sonoma,097,501317,4093,8,4101,37
2020-08-04,Stanislaus,099,539301,12483,74,12557,174
2020-08-04,Sutter,101,95872,963,1,964,6
2020-08-04,Tehama,103,63373,301,2,303,1
2020-08-04,Trinity,105,12862,27,6,33,0
2020-08-04,Tulare,107,460477,11972,30,12002,200
2020-08-04,Tuolumne,109,53932,158,4,162,2
2020-08-04,Ventura,111,848112,9282,34,9316,97
2020-08-04,Yolo,113,214977,1976,4,1980,43
2020-08-04,Yuba,115,75493,574,0,574,4
2020-08-03,Alameda,001,1643700,14399,102,14501,204
2020-08-03,Alpine,002,1148,2,0,2,0
2020-08-03,Amador,005,37829,199,0,199,2
2020-08-03,Butte,007,227075,1253,35,1288,14
2020-08-03,Calaveras,009,45235,157,0,157,2
2020-08-03,Colusa,011,21464,392,0,392,5
2020-08-03,Contra Costa,013,1133247,11034,30,11064,144
2020-08-03,Del Norte,015,27424,90,0,90,0
2020-08-03,El Dorado,017,186661,833,6,839,1
2020-08-03,Fresno,019,978130,22574,199,22773,221
2020-08-03,Glenn,021,27897,389,0,389,2
2020-08-03,Humboldt,023,135768,277,1,278,4
2020-08-03,Imperial,025,180216,10506,6,10512,291
2020-08-03,Inyo,027,18085,85,1,86,1
2020-08-03,Kern,029,883053,25731,147,25878,233
2020-08-03,Kings,031,150075,4963,21,4984,58
2020-08-03,Lake,033,64148,245,0,245,1
2020-08-03,Lassen,035,31185,645,2,647,0
2020-08-03,Los Angeles,037,10098052,208481,628,209109,5097
2020-08-03,Madera,039,155013,3032,7,3039,45
2020-08-03,Marin,041,260295,1144,5,1149,57
2020-08-03,Mariposa,043,17540,63,0,63,0
2020-08-03,Mendocino,045,87422,353,0,353,9
2020-08-03,Merced,047,269075,6335,2,6337,64
2020-08-03,Modoc,049,8938,7,0,7,0
2020-08-03,Mono,051,14174,158,2,160,1
2020-08-03,Monterey,053,433212,5905,10,5915,32
2020-08-03,Napa,055,140530,1209,0,1209,10
2020-08-03,Nevada,057,99092,352,13,365,1
2020-08-03,Orange,059,3164182,44796,875,45671,897
2020-08-03,Placer,061,380077,2426,3,2429,19
2020-08-03,Plumas,063,18699,36,0,36,0
2020-08-03,Riverside,065,2383286,46506,46,46552,904
2020-08-03,Sacramento,067,1510023,13621,13,13634,184
2020-08-03,San Benito,069,59416,753,0,753,4
2020-08-03,San Bernardino,071,2135413,41504,189,41693,750
2020-08-03,San Diego,073,3302833,33475,36,33511,612
2020-08-03,San Francisco,075,870044,7685,6,7691,74
2020-08-03,San Joaquin,077,732212,15326,15,15341,282
2020-08-03,San Luis Obispo,079,281455,2323,8,2331,15
2020-08-03,San Mateo,081,765935,6816,7,6823,130
2020-08-03,Santa Barbara,083,443738,7039,64,7103,74
2020-08-03,Santa Clara,085,1922200,13696,31,13727,207
2020-08-03,Santa Cruz,087,273765,1405,7,1412,4
2020-08-03,Shasta,089,179085,512,3,515,12
2020-08-03,Sierra,091,2930,5,0,5,0
2020-08-03,Siskiyou,093,43540,99,0,99,0
2020-08-03,Solano,095,438530,4517,22,4539,41
2020-08-03,Sonoma,097,501317,3991,7,3998,36
2020-08-03,Stanislaus,099,539301,12274,66,12340,170
2020-08-03,Sutter,101,95872,939,1,940,6
2020-08-03,Tehama,103,63373,293,2,295,1
2020-08-03,Trinity,105,12862,27,6,33,0
2020-08-03,Tulare,107,460477,11788,30,11818,196
2020-08-03,Tuolumne,109,53932,158,4,162,2
2020-08-03,Ventura,111,848112,9191,31,9222,96
2020-08-03,Yolo,113,214977,1941,3,1944,43
2020-08-03,Yuba,115,75493,550,0,550,4
2020-08-02,Alameda,001,1643700,14152,90,14242,201
2020-08-02,Alpine,002,1148,2,0,2,0
2020-08-02,Amador,005,37829,194,0,194,1
2020-08-02,Butte,007,227075,1218,34,1252,12
2020-08-02,Calaveras,009,45235,154,0,154,2
2020-08-02,Colusa,011,21464,387,0,387,5
2020-08-02,Contra Costa,013,1133247,10794,30,10824,139
2020-08-02,Del Norte,015,27424,89,0,89,0
2020-08-02,El Dorado,017,186661,823,6,829,1
2020-08-02,Fresno,019,978130,22299,193,22492,215
2020-08-02,Glenn,021,27897,388,0,388,1
2020-08-02,Humboldt,023,135768,272,1,273,4
2020-08-02,Imperial,025,180216,10443,6,10449,286
2020-08-02,Inyo,027,18085,84,1,85,1
2020-08-02,Kern,029,883053,25433,145,25578,224
2020-08-02,Kings,031,150075,4901,20,4921,58
2020-08-02,Lake,033,64148,240,0,240,1
2020-08-02,Lassen,035,31185,645,2,647,0
2020-08-02,Los Angeles,037,10098052,206388,610,206998,5055
2020-08-02,Madera,039,155013,2966,5,2971,41
2020-08-02,Marin,041,260295,1139,5,1144,56
2020-08-02,Mariposa,043,17540,61,0,61,0
2020-08-02,Mendocino,045,87422,343,0,343,9
2020-08-02,Merced,047,269075,6192,2,6194,63
2020-08-02,Modoc,049,8938,7,0,7,0
2020-08-02,Mono,051,14174,151,2,153,1
2020-08-02,Monterey,053,433212,5779,10,5789,32
2020-08-02,Napa,055,140530,1195,0,1195,9
2020-08-02,Nevada,057,99092,349,13,362,1
2020-08-02,Orange,059,3164182,44417,864,45281,877
2020-08-02,Placer,061,380077,2387,3,2390,19
2020-08-02,Plumas,063,18699,36,0,36,0
2020-08-02,Riverside,065,2383286,46073,45,46118,884
2020-08-02,Sacramento,067,1510023,13342,13,13355,175
2020-08-02,San Benito,069,59416,739,0,739,4
2020-08-02,San Bernardino,071,2135413,40902,185,41087,739
2020-08-02,San Diego,073,3302833,33135,27,33162,607
2020-08-02,San Francisco,075,870044,7567,6,7573,73
2020-08-02,San Joaquin,077,732212,15045,13,15058,268
2020-08-02,San Luis Obispo,079,281455,2260,8,2268,15
2020-08-02,San Mateo,081,765935,6701,7,6708,130
2020-08-02,Santa Barbara,083,443738,6949,64,7013,72
2020-08-02,Santa Clara,085,1922200,13476,31,13507,204
2020-08-02,Santa Cruz,087,273765,1385,7,1392,4
2020-08-02,Shasta,089,179085,508,3,511,11
2020-08-02,Sierra,091,2930,4,0,4,0
2020-08-02,Siskiyou,093,43540,99,0,99,0
2020-08-02,Solano,095,438530,4458,22,4480,40
2020-08-02,Sonoma,097,501317,3906,7,3913,35
2020-08-02,Stanislaus,099,539301,12059,61,12120,167
2020-08-02,Sutter,101,95872,904,1,905,6
2020-08-02,Tehama,103,63373,287,2,289,1
2020-08-02,Trinity,105,12862,27,6,33,0
2020-08-02,Tulare,107,460477,11579,30,11609,194
2020-08-02,Tuolumne,109,53932,155,4,159,2
2020-08-02,Ventura,111,848112,9044,31,9075,93
2020-08-02,Yolo,113,214977,1916,3,1919,43
2020-08-02,Yuba,115,75493,530,0,530,4
2020-08-01,Alameda,001,1643700,14040,90,14130,200
2020-08-01,Alpine,002,1148,2,0,2,0
2020-08-01,Amador,005,37829,190,0,190,1
2020-08-01,Butte,007,227075,1204,34,1238,11
2020-08-01,Calaveras,009,45235,150,0,150,1
2020-08-01,Colusa,011,21464,386,0,386,5
2020-08-01,Contra Costa,013,1133247,10663,29,10692,138
2020-08-01,Del Norte,015,27424,89,0,89,0
2020-08-01,El Dorado,017,186661,820,6,826,1
2020-08-01,Fresno,019,978130,22162,193,22355,208
2020-08-01,Glenn,021,27897,387,0,387,1
2020-08-01,Humboldt,023,135768,271,1,272,4
2020-08-01,Imperial,025,180216,10407,6,10413,284
2020-08-01,Inyo,027,18085,82,1,83,1
2020-08-01,Kern,029,883053,25275,141,25416,218
2020-08-01,Kings,031,150075,4875,20,4895,58
2020-08-01,Lake,033,64148,238,0,238,1
2020-08-01,Lassen,035,31185,644,2,646,0
2020-08-01,Los Angeles,037,10098052,205496,583,206079,5014
2020-08-01,Madera,039,155013,2927,5,2932,41
2020-08-01,Marin,041,260295,1139,5,1144,55
2020-08-01,Mariposa,043,17540,61,0,61,0
2020-08-01,Mendocino,045,87422,336,0,336,9
2020-08-01,Merced,047,269075,6144,2,6146,60
2020-08-01,Modoc,049,8938,7,0,7,0
2020-08-01,Mono,051,14174,150,2,152,1
2020-08-01,Monterey,053,433212,5712,9,5721,28
2020-08-01,Napa,055,140530,1186,0,1186,9
2020-08-01,Nevada,057,99092,345,13,358,1
2020-08-01,Orange,059,3164182,44191,858,45049,865
2020-08-01,Placer,061,380077,2353,3,2356,18
2020-08-01,Plumas,063,18699,35,0,35,0
2020-08-01,Riverside,065,2383286,45861,43,45904,872
2020-08-01,Sacramento,067,1510023,13191,13,13204,172
2020-08-01,San Benito,069,59416,728,0,728,4
2020-08-01,San Bernardino,071,2135413,40666,184,40850,726
2020-08-01,San Diego,073,3302833,32918,19,32937,603
2020-08-01,San Francisco,075,870044,7506,6,7512,73
2020-08-01,San Joaquin,077,732212,14970,12,14982,257
2020-08-01,San Luis Obispo,079,281455,2231,8,2239,15
2020-08-01,San Mateo,081,765935,6647,7,6654,130
2020-08-01,Santa Barbara,083,443738,6909,64,6973,71
2020-08-01,Santa Clara,085,1922200,13325,30,13355,202
2020-08-01,Santa Cruz,087,273765,1369,7,1376,4
2020-08-01,Shasta,089,179085,503,3,506,11
2020-08-01,Sierra,091,2930,3,0,3,0
2020-08-01,Siskiyou,093,43540,99,0,99,0
2020-08-01,Solano,095,438530,4424,21,4445,40
2020-08-01,Sonoma,097,501317,3860,7,3867,34
2020-08-01,Stanislaus,099,539301,11941,54,11995,161
2020-08-01,Sutter,101,95872,900,1,901,6
2020-08-01,Tehama,103,63373,284,2,286,1
2020-08-01,Trinity,105,12862,27,6,33,0
2020-08-01,Tulare,107,460477,11510,30,11540,194
2020-08-01,Tuolumne,109,53932,155,4,159,2
2020-08-01,Ventura,111,848112,8998,31,9029,91
2020-08-01,Yolo,113,214977,1906,3,1909,43
2020-08-01,Yuba,115,75493,525,0,525,4
2020-07-31,Alameda,001,1643700,13911,90,14001,197
2020-07-31,Alpine,002,1148,2,0,2,0
2020-07-31,Amador,005,37829,189,0,189,1
2020-07-31,Butte,007,227075,1181,34,1215,11
2020-07-31,Calaveras,009,45235,150,0,150,1
2020-07-31,Colusa,011,21464,376,0,376,4
2020-07-31,Contra Costa,013,1133247,10516,28,10544,137
2020-07-31,Del Norte,015,27424,88,0,88,0
2020-07-31,El Dorado,017,186661,809,6,815,1
2020-07-31,Fresno,019,978130,21942,193,22135,204
2020-07-31,Glenn,021,27897,380,0,380,1
2020-07-31,Humboldt,023,135768,264,1,265,4
2020-07-31,Imperial,025,180216,10375,5,10380,282
2020-07-31,Inyo,027,18085,72,1,73,1
2020-07-31,Kern,029,883053,25034,137,25171,212
2020-07-31,Kings,031,150075,4847,20,4867,58
2020-07-31,Lake,033,64148,237,0,237,1
2020-07-31,Lassen,035,31185,639,2,641,0
2020-07-31,Los Angeles,037,10098052,203897,570,204467,4968
2020-07-31,Madera,039,155013,2880,5,2885,38
2020-07-31,Marin,041,260295,1139,4,1143,55
2020-07-31,Mariposa,043,17540,61,0,61,0
2020-07-31,Mendocino,045,87422,321,0,321,9
2020-07-31,Merced,047,269075,6061,2,6063,58
2020-07-31,Modoc,049,8938,6,0,6,0
2020-07-31,Mono,051,14174,149,2,151,1
2020-07-31,Monterey,053,433212,5620,9,5629,28
2020-07-31,Napa,055,140530,1174,0,1174,9
2020-07-31,Nevada,057,99092,343,13,356,1
2020-07-31,Orange,059,3164182,43891,841,44732,849
2020-07-31,Placer,061,380077,2328,3,2331,17
2020-07-31,Plumas,063,18699,34,0,34,0
2020-07-31,Riverside,065,2383286,45471,42,45513,859
2020-07-31,Sacramento,067,1510023,13013,13,13026,168
2020-07-31,San Benito,069,59416,720,0,720,4
2020-07-31,San Bernardino,071,2135413,40336,182,40518,715
2020-07-31,San Diego,073,3302833,32684,11,32695,598
2020-07-31,San Francisco,075,870044,7406,6,7412,70
2020-07-31,San Joaquin,077,732212,14830,12,14842,251
2020-07-31,San Luis Obispo,079,281455,2162,8,2170,15
2020-07-31,San Mateo,081,765935,6575,7,6582,129
2020-07-31,Santa Barbara,083,443738,6842,64,6906,70
2020-07-31,Santa Clara,085,1922200,13104,30,13134,200
2020-07-31,Santa Cruz,087,273765,1346,7,1353,4
2020-07-31,Shasta,089,179085,493,3,496,11
2020-07-31,Sierra,091,2930,3,0,3,0
2020-07-31,Siskiyou,093,43540,97,0,97,0
2020-07-31,Solano,095,438530,4376,20,4396,40
2020-07-31,Sonoma,097,501317,3802,7,3809,33
2020-07-31,Stanislaus,099,539301,11835,49,11884,159
2020-07-31,Sutter,101,95872,895,1,896,6
2020-07-31,Tehama,103,63373,281,2,283,1
2020-07-31,Trinity,105,12862,27,6,33,0
2020-07-31,Tulare,107,460477,11389,30,11419,191
2020-07-31,Tuolumne,109,53932,155,4,159,2
2020-07-31,Ventura,111,848112,8923,31,8954,90
2020-07-31,Yolo,113,214977,1880,3,1883,43
2020-07-31,Yuba,115,75493,516,0,516,4
2020-07-30,Alameda,001,1643700,13706,52,13758,195
2020-07-30,Alpine,002,1148,2,0,2,0
2020-07-30,Amador,005,37829,171,0,171,0
2020-07-30,Butte,007,227075,1165,34,1199,9
2020-07-30,Calaveras,009,45235,146,0,146,1
2020-07-30,Colusa,011,21464,373,0,373,4
2020-07-30,Contra Costa,013,1133247,10332,27,10359,134
2020-07-30,Del Norte,015,27424,88,0,88,0
2020-07-30,El Dorado,017,186661,802,6,808,1
2020-07-30,Fresno,019,978130,21610,187,21797,197
2020-07-30,Glenn,021,27897,373,0,373,1
2020-07-30,Humboldt,023,135768,262,1,263,4
2020-07-30,Imperial,025,180216,10315,5,10320,282
2020-07-30,Inyo,027,18085,68,1,69,1
2020-07-30,Kern,029,883053,24741,133,24874,202
2020-07-30,Kings,031,150075,4743,20,4763,57
2020-07-30,Lake,033,64148,231,0,231,1
2020-07-30,Lassen,035,31185,636,2,638,0
2020-07-30,Los Angeles,037,10098052,201869,540,202409,4927
2020-07-30,Madera,039,155013,2810,5,2815,34
2020-07-30,Marin,041,260295,1136,3,1139,54
2020-07-30,Mariposa,043,17540,61,0,61,0
2020-07-30,Mendocino,045,87422,314,0,314,9
2020-07-30,Merced,047,269075,5898,2,5900,56
2020-07-30,Modoc,049,8938,6,0,6,0
2020-07-30,Mono,051,14174,148,2,150,1
2020-07-30,Monterey,053,433212,5508,9,5517,28
2020-07-30,Napa,055,140530,1157,0,1157,9
2020-07-30,Nevada,057,99092,338,13,351,1
2020-07-30,Orange,059,3164182,43476,817,44293,829
2020-07-30,Placer,061,380077,2277,3,2280,16
2020-07-30,Plumas,063,18699,33,0,33,0
2020-07-30,Riverside,065,2383286,44930,42,44972,847
2020-07-30,Sacramento,067,1510023,12794,13,12807,162
2020-07-30,San Benito,069,59416,707,0,707,4
2020-07-30,San Bernardino,071,2135413,39812,182,39994,707
2020-07-30,San Diego,073,3302833,32337,9,32346,593
2020-07-30,San Francisco,075,870044,7305,6,7311,70
2020-07-30,San Joaquin,077,732212,14634,12,14646,240
2020-07-30,San Luis Obispo,079,281455,2126,8,2134,15
2020-07-30,San Mateo,081,765935,6480,7,6487,128
2020-07-30,Santa Barbara,083,443738,6762,64,6826,69
2020-07-30,Santa Clara,085,1922200,12871,29,12900,199
2020-07-30,Santa Cruz,087,273765,1318,7,1325,4
2020-07-30,Shasta,089,179085,489,3,492,11
2020-07-30,Sierra,091,2930,3,0,3,0
2020-07-30,Siskiyou,093,43540,96,0,96,0
2020-07-30,Solano,095,438530,4325,20,4345,40
2020-07-30,Sonoma,097,501317,3731,7,3738,31
2020-07-30,Stanislaus,099,539301,11622,41,11663,157
2020-07-30,Sutter,101,95872,876,1,877,6
2020-07-30,Tehama,103,63373,278,2,280,1
2020-07-30,Trinity,105,12862,26,6,32,0
2020-07-30,Tulare,107,460477,11260,30,11290,191
2020-07-30,Tuolumne,109,53932,154,4,158,2
2020-07-30,Ventura,111,848112,8811,29,8840,88
2020-07-30,Yolo,113,214977,1860,3,1863,43
2020-07-30,Yuba,115,75493,503,0,503,4
2020-07-29,Alameda,001,1643700,13485,47,13532,193
2020-07-29,Alpine,002,1148,2,0,2,0
2020-07-29,Amador,005,37829,163,0,163,0
2020-07-29,Butte,007,227075,1139,32,1171,9
2020-07-29,Calaveras,009,45235,139,0,139,1
2020-07-29,Colusa,011,21464,369,0,369,4
2020-07-29,Contra Costa,013,1133247,10128,27,10155,131
2020-07-29,Del Norte,015,27424,88,0,88,0
2020-07-29,El Dorado,017,186661,792,6,798,1
2020-07-29,Fresno,019,978130,21318,187,21505,189
2020-07-29,Glenn,021,27897,366,0,366,1
2020-07-29,Humboldt,023,135768,259,1,260,4
2020-07-29,Imperial,025,180216,10267,5,10272,281
2020-07-29,Inyo,027,18085,63,1,64,1
2020-07-29,Kern,029,883053,24402,130,24532,196
2020-07-29,Kings,031,150075,4695,20,4715,56
2020-07-29,Lake,033,64148,229,0,229,1
2020-07-29,Lassen,035,31185,621,2,623,0
2020-07-29,Los Angeles,037,10098052,199844,523,200367,4884
2020-07-29,Madera,039,155013,2756,5,2761,34
2020-07-29,Marin,041,260295,1130,3,1133,53
2020-07-29,Mariposa,043,17540,60,0,60,0
2020-07-29,Mendocino,045,87422,306,0,306,8
2020-07-29,Merced,047,269075,5758,2,5760,50
2020-07-29,Modoc,049,8938,5,0,5,0
2020-07-29,Mono,051,14174,145,2,147,1
2020-07-29,Monterey,053,433212,5408,9,5417,27
2020-07-29,Napa,055,140530,1129,0,1129,8
2020-07-29,Nevada,057,99092,334,13,347,1
2020-07-29,Orange,059,3164182,43041,806,43847,814
2020-07-29,Placer,061,380077,2245,3,2248,16
2020-07-29,Plumas,063,18699,33,0,33,0
2020-07-29,Riverside,065,2383286,44339,42,44381,830
2020-07-29,Sacramento,067,1510023,12548,13,12561,161
2020-07-29,San Benito,069,59416,692,0,692,4
2020-07-29,San Bernardino,071,2135413,39323,171,39494,696
2020-07-29,San Diego,073,3302833,32012,8,32020,590
2020-07-29,San Francisco,075,870044,7211,6,7217,70
2020-07-29,San Joaquin,077,732212,14385,9,14394,234
2020-07-29,San Luis Obispo,079,281455,2105,8,2113,14
2020-07-29,San Mateo,081,765935,6392,7,6399,128
2020-07-29,Santa Barbara,083,443738,6695,64,6759,67
2020-07-29,Santa Clara,085,1922200,12665,29,12694,196
2020-07-29,Santa Cruz,087,273765,1294,7,1301,4
2020-07-29,Shasta,089,179085,477,3,480,11
2020-07-29,Sierra,091,2930,2,0,2,0
2020-07-29,Siskiyou,093,43540,94,0,94,0
2020-07-29,Solano,095,438530,4271,20,4291,40
2020-07-29,Sonoma,097,501317,3653,7,3660,29
2020-07-29,Stanislaus,099,539301,11401,35,11436,151
2020-07-29,Sutter,101,95872,848,1,849,6
2020-07-29,Tehama,103,63373,274,2,276,1
2020-07-29,Trinity,105,12862,26,6,32,0
2020-07-29,Tulare,107,460477,11089,30,11119,186
2020-07-29,Tuolumne,109,53932,154,4,158,2
2020-07-29,Ventura,111,848112,8706,29,8735,87
2020-07-29,Yolo,113,214977,1834,3,1837,43
2020-07-29,Yuba,115,75493,487,0,487,4
2020-07-28,Alameda,001,1643700,13255,46,13301,187
2020-07-28,Alpine,002,1148,2,0,2,0
2020-07-28,Amador,005,37829,153,0,153,0
2020-07-28,Butte,007,227075,1104,32,1136,9
2020-07-28,Calaveras,009,45235,138,0,138,1
2020-07-28,Colusa,011,21464,363,0,363,4
2020-07-28,Contra Costa,013,1133247,9907,27,9934,124
2020-07-28,Del Norte,015,27424,87,0,87,0
2020-07-28,El Dorado,017,186661,777,6,783,1
2020-07-28,Fresno,019,978130,20983,181,21164,187
2020-07-28,Glenn,021,27897,364,0,364,1
2020-07-28,Humboldt,023,135768,258,1,259,4
2020-07-28,Imperial,025,180216,10231,5,10236,277
2020-07-28,Inyo,027,18085,61,1,62,1
2020-07-28,Kern,029,883053,24039,124,24163,190
2020-07-28,Kings,031,150075,4649,20,4669,54
2020-07-28,Lake,033,64148,225,0,225,1
2020-07-28,Lassen,035,31185,615,2,617,0
2020-07-28,Los Angeles,037,10098052,197612,502,198114,4842
2020-07-28,Madera,039,155013,2690,5,2695,33
2020-07-28,Marin,041,260295,1119,3,1122,51
2020-07-28,Mariposa,043,17540,58,0,58,0
2020-07-28,Mendocino,045,87422,295,0,295,6
2020-07-28,Merced,047,269075,5612,2,5614,46
2020-07-28,Modoc,049,8938,4,0,4,0
2020-07-28,Mono,051,14174,144,2,146,1
2020-07-28,Monterey,053,433212,5288,9,5297,27
2020-07-28,Napa,055,140530,1107,0,1107,8
2020-07-28,Nevada,057,99092,329,13,342,1
2020-07-28,Orange,059,3164182,42583,792,43375,809
2020-07-28,Placer,061,380077,2209,3,2212,16
2020-07-28,Plumas,063,18699,33,0,33,0
2020-07-28,Riverside,065,2383286,43738,41,43779,815
2020-07-28,Sacramento,067,1510023,12289,12,12301,154
2020-07-28,San Benito,069,59416,682,0,682,4
2020-07-28,San Bernardino,071,2135413,38800,167,38967,676
2020-07-28,San Diego,073,3302833,31662,6,31668,583
2020-07-28,San Francisco,075,870044,7098,6,7104,69
2020-07-28,San Joaquin,077,732212,14103,6,14109,227
2020-07-28,San Luis Obispo,079,281455,2072,8,2080,13
2020-07-28,San Mateo,081,765935,6319,7,6326,127
2020-07-28,Santa Barbara,083,443738,6631,62,6693,66
2020-07-28,Santa Clara,085,1922200,12431,29,12460,196
2020-07-28,Santa Cruz,087,273765,1267,7,1274,4
2020-07-28,Shasta,089,179085,465,3,468,11
2020-07-28,Sierra,091,2930,2,0,2,0
2020-07-28,Siskiyou,093,43540,90,0,90,0
2020-07-28,Solano,095,438530,4224,19,4243,38
2020-07-28,Sonoma,097,501317,3578,7,3585,27
2020-07-28,Stanislaus,099,539301,11179,27,11206,145
2020-07-28,Sutter,101,95872,811,0,811,6
2020-07-28,Tehama,103,63373,269,2,271,1
2020-07-28,Trinity,105,12862,26,6,32,0
2020-07-28,Tulare,107,460477,10902,30,10932,183
2020-07-28,Tuolumne,109,53932,153,4,157,2
2020-07-28,Ventura,111,848112,8580,28,8608,87
2020-07-28,Yolo,113,214977,1806,3,1809,42
2020-07-28,Yuba,115,75493,470,0,470,4
2020-07-27,Alameda,001,1643700,13027,43,13070,186
2020-07-27,Alpine,002,1148,2,0,2,0
2020-07-27,Amador,005,37829,148,0,148,0
2020-07-27,Butte,007,227075,1077,32,1109,8
2020-07-27,Calaveras,009,45235,134,0,134,1
2020-07-27,Colusa,011,21464,356,0,356,4
2020-07-27,Contra Costa,013,1133247,9684,27,9711,121
2020-07-27,Del Norte,015,27424,86,0,86,0
2020-07-27,El Dorado,017,186661,765,6,771,1
2020-07-27,Fresno,019,978130,20634,175,20809,182
2020-07-27,Glenn,021,27897,362,0,362,1
2020-07-27,Humboldt,023,135768,253,1,254,4
2020-07-27,Imperial,025,180216,10181,5,10186,275
2020-07-27,Inyo,027,18085,61,1,62,1
2020-07-27,Kern,029,883053,23537,118,23655,188
2020-07-27,Kings,031,150075,4400,20,4420,52
2020-07-27,Lake,033,64148,221,0,221,1
2020-07-27,Lassen,035,31185,615,2,617,0
2020-07-27,Los Angeles,037,10098052,195186,484,195670,4806
2020-07-27,Madera,039,155013,2625,5,2630,32
2020-07-27,Marin,041,260295,1093,3,1096,51
2020-07-27,Mariposa,043,17540,58,0,58,0
2020-07-27,Mendocino,045,87422,281,0,281,6
2020-07-27,Merced,047,269075,5471,2,5473,42
2020-07-27,Modoc,049,8938,3,0,3,0
2020-07-27,Mono,051,14174,140,2,142,1
2020-07-27,Monterey,053,433212,5099,9,5108,26
2020-07-27,Napa,055,140530,1092,0,1092,8
2020-07-27,Nevada,057,99092,325,13,338,1
2020-07-27,Orange,059,3164182,42143,776,42919,796
2020-07-27,Placer,061,380077,2159,3,2162,16
2020-07-27,Plumas,063,18699,33,0,33,0
2020-07-27,Riverside,065,2383286,43059,41,43100,804
2020-07-27,Sacramento,067,1510023,11996,12,12008,153
2020-07-27,San Benito,069,59416,667,0,667,3
2020-07-27,San Bernardino,071,2135413,38208,157,38365,665
2020-07-27,San Diego,073,3302833,31288,5,31293,579
2020-07-27,San Francisco,075,870044,7011,6,7017,66
2020-07-27,San Joaquin,077,732212,13815,6,13821,218
2020-07-27,San Luis Obispo,079,281455,2026,8,2034,13
2020-07-27,San Mateo,081,765935,6210,7,6217,127
2020-07-27,Santa Barbara,083,443738,6552,60,6612,66
2020-07-27,Santa Clara,085,1922200,12162,28,12190,192
2020-07-27,Santa Cruz,087,273765,1243,7,1250,4
2020-07-27,Shasta,089,179085,458,3,461,11
2020-07-27,Sierra,091,2930,2,0,2,0
2020-07-27,Siskiyou,093,43540,88,0,88,0
2020-07-27,Solano,095,438530,4157,18,4175,37
2020-07-27,Sonoma,097,501317,3487,7,3494,25
2020-07-27,Stanislaus,099,539301,10954,19,10973,142
2020-07-27,Sutter,101,95872,785,0,785,6
2020-07-27,Tehama,103,63373,261,2,263,1
2020-07-27,Trinity,105,12862,26,6,32,0
2020-07-27,Tulare,107,460477,10684,30,10714,181
2020-07-27,Tuolumne,109,53932,150,4,154,2
2020-07-27,Ventura,111,848112,8452,27,8479,85
2020-07-27,Yolo,113,214977,1761,3,1764,41
2020-07-27,Yuba,115,75493,450,0,450,3
2020-07-26,Alameda,001,1643700,12788,42,12830,182
2020-07-26,Alpine,002,1148,2,0,2,0
2020-07-26,Amador,005,37829,142,0,142,0
2020-07-26,Butte,007,227075,1040,31,1071,8
2020-07-26,Calaveras,009,45235,131,0,131,1
2020-07-26,Colusa,011,21464,347,0,347,3
2020-07-26,Contra Costa,013,1133247,9446,27,9473,118
2020-07-26,Del Norte,015,27424,84,0,84,0
2020-07-26,El Dorado,017,186661,747,6,753,1
2020-07-26,Fresno,019,978130,20244,167,20411,175
2020-07-26,Glenn,021,27897,354,0,354,1
2020-07-26,Humboldt,023,135768,247,1,248,4
2020-07-26,Imperial,025,180216,10109,5,10114,273
2020-07-26,Inyo,027,18085,56,1,57,1
2020-07-26,Kern,029,883053,23012,115,23127,183
2020-07-26,Kings,031,150075,4341,20,4361,49
2020-07-26,Lake,033,64148,213,0,213,1
2020-07-26,Lassen,035,31185,574,2,576,0
2020-07-26,Los Angeles,037,10098052,192619,466,193085,4761
2020-07-26,Madera,039,155013,2538,5,2543,30
2020-07-26,Marin,041,260295,1091,3,1094,50
2020-07-26,Mariposa,043,17540,56,0,56,0
2020-07-26,Mendocino,045,87422,272,0,272,6
2020-07-26,Merced,047,269075,5291,2,5293,42
2020-07-26,Modoc,049,8938,3,0,3,0
2020-07-26,Mono,051,14174,136,2,138,1
2020-07-26,Monterey,053,433212,4933,9,4942,26
2020-07-26,Napa,055,140530,1073,0,1073,8
2020-07-26,Nevada,057,99092,322,13,335,1
2020-07-26,Orange,059,3164182,41618,745,42363,781
2020-07-26,Placer,061,380077,2095,3,2098,16
2020-07-26,Plumas,063,18699,33,0,33,0
2020-07-26,Riverside,065,2383286,42499,41,42540,792
2020-07-26,Sacramento,067,1510023,11690,12,11702,150
2020-07-26,San Benito,069,59416,655,0,655,3
2020-07-26,San Bernardino,071,2135413,37567,149,37716,652
2020-07-26,San Diego,073,3302833,30892,4,30896,575
2020-07-26,San Francisco,075,870044,6905,6,6911,65
2020-07-26,San Joaquin,077,732212,13523,6,13529,210
2020-07-26,San Luis Obispo,079,281455,1984,8,1992,11
2020-07-26,San Mateo,081,765935,6105,7,6112,127
2020-07-26,Santa Barbara,083,443738,6451,60,6511,65
2020-07-26,Santa Clara,085,1922200,11933,28,11961,192
2020-07-26,Santa Cruz,087,273765,1216,7,1223,4
2020-07-26,Shasta,089,179085,451,3,454,11
2020-07-26,Sierra,091,2930,2,0,2,0
2020-07-26,Siskiyou,093,43540,86,0,86,0
2020-07-26,Solano,095,438530,4078,16,4094,37
2020-07-26,Sonoma,097,501317,3398,6,3404,23
2020-07-26,Stanislaus,099,539301,10691,18,10709,132
2020-07-26,Sutter,101,95872,771,0,771,5
2020-07-26,Tehama,103,63373,254,2,256,1
2020-07-26,Trinity,105,12862,26,6,32,0
2020-07-26,Tulare,107,460477,10478,30,10508,181
2020-07-26,Tuolumne,109,53932,145,4,149,1
2020-07-26,Ventura,111,848112,8245,27,8272,83
2020-07-26,Yolo,113,214977,1730,3,1733,40
2020-07-26,Yuba,115,75493,431,0,431,3
2020-07-25,Alameda,001,1643700,12691,40,12731,182
2020-07-25,Alpine,002,1148,2,0,2,0
2020-07-25,Amador,005,37829,139,0,139,0
2020-07-25,Butte,007,227075,1031,31,1062,6
2020-07-25,Calaveras,009,45235,128,0,128,1
2020-07-25,Colusa,011,21464,340,0,340,3
2020-07-25,Contra Costa,013,1133247,9304,27,9331,118
2020-07-25,Del Norte,015,27424,84,0,84,0
2020-07-25,El Dorado,017,186661,736,6,742,1
2020-07-25,Fresno,019,978130,20057,167,20224,167
2020-07-25,Glenn,021,27897,352,0,352,1
2020-07-25,Humboldt,023,135768,244,1,245,4
2020-07-25,Imperial,025,180216,10083,5,10088,272
2020-07-25,Inyo,027,18085,55,1,56,1
2020-07-25,Kern,029,883053,22794,114,22908,178
2020-07-25,Kings,031,150075,4324,20,4344,48
2020-07-25,Lake,033,64148,211,0,211,1
2020-07-25,Lassen,035,31185,574,2,576,0
2020-07-25,Los Angeles,037,10098052,191484,460,191944,4713
2020-07-25,Madera,039,155013,2506,5,2511,27
2020-07-25,Marin,041,260295,1090,3,1093,46
2020-07-25,Mariposa,043,17540,55,0,55,0
2020-07-25,Mendocino,045,87422,266,0,266,6
2020-07-25,Merced,047,269075,5212,2,5214,40
2020-07-25,Modoc,049,8938,3,0,3,0
2020-07-25,Mono,051,14174,136,2,138,1
2020-07-25,Monterey,053,433212,4856,9,4865,25
2020-07-25,Napa,055,140530,1060,0,1060,8
2020-07-25,Nevada,057,99092,320,13,333,1
2020-07-25,Orange,059,3164182,41399,724,42123,770
2020-07-25,Placer,061,380077,2079,3,2082,15
2020-07-25,Plumas,063,18699,33,0,33,0
2020-07-25,Riverside,065,2383286,42230,41,42271,779
2020-07-25,Sacramento,067,1510023,11544,11,11555,148
2020-07-25,San Benito,069,59416,639,0,639,3
2020-07-25,San Bernardino,071,2135413,37289,146,37435,642
2020-07-25,San Diego,073,3302833,30631,3,30634,568
2020-07-25,San Francisco,075,870044,6847,6,6853,64
2020-07-25,San Joaquin,077,732212,13397,5,13402,199
2020-07-25,San Luis Obispo,079,281455,1964,7,1971,11
2020-07-25,San Mateo,081,765935,6042,7,6049,127
2020-07-25,Santa Barbara,083,443738,6416,60,6476,64
2020-07-25,Santa Clara,085,1922200,11799,28,11827,191
2020-07-25,Santa Cruz,087,273765,1199,7,1206,4
2020-07-25,Shasta,089,179085,446,1,447,11
2020-07-25,Sierra,091,2930,2,0,2,0
2020-07-25,Siskiyou,093,43540,84,0,84,0
2020-07-25,Solano,095,438530,4038,14,4052,36
2020-07-25,Sonoma,097,501317,3359,6,3365,22
2020-07-25,Stanislaus,099,539301,10588,14,10602,129
2020-07-25,Sutter,101,95872,752,0,752,4
2020-07-25,Tehama,103,63373,253,2,255,1
2020-07-25,Trinity,105,12862,26,6,32,0
2020-07-25,Tulare,107,460477,10378,30,10408,178
2020-07-25,Tuolumne,109,53932,144,4,148,0
2020-07-25,Ventura,111,848112,8172,27,8199,83
2020-07-25,Yolo,113,214977,1714,3,1717,40
2020-07-25,Yuba,115,75493,425,0,425,3
2020-07-24,Alameda,001,1643700,12550,37,12587,179
2020-07-24,Alpine,002,1148,2,0,2,0
2020-07-24,Amador,005,37829,137,0,137,0
2020-07-24,Butte,007,227075,1019,31,1050,6
2020-07-24,Calaveras,009,45235,124,0,124,1
2020-07-24,Colusa,011,21464,337,0,337,3
2020-07-24,Contra Costa,013,1133247,9158,27,9185,116
2020-07-24,Del Norte,015,27424,84,0,84,0
2020-07-24,El Dorado,017,186661,714,6,720,1
2020-07-24,Fresno,019,978130,19832,167,19999,159
2020-07-24,Glenn,021,27897,349,0,349,1
2020-07-24,Humboldt,023,135768,241,1,242,4
2020-07-24,Imperial,025,180216,10061,5,10066,268
2020-07-24,Inyo,027,18085,55,1,56,1
2020-07-24,Kern,029,883053,22553,114,22667,172
2020-07-24,Kings,031,150075,4294,20,4314,48
2020-07-24,Lake,033,64148,209,0,209,1
2020-07-24,Lassen,035,31185,574,2,576,0
2020-07-24,Los Angeles,037,10098052,189459,449,189908,4664
2020-07-24,Madera,039,155013,2473,5,2478,25
2020-07-24,Marin,041,260295,1090,3,1093,44
2020-07-24,Mariposa,043,17540,55,0,55,0
2020-07-24,Mendocino,045,87422,259,0,259,6
2020-07-24,Merced,047,269075,5127,2,5129,38
2020-07-24,Modoc,049,8938,3,0,3,0
2020-07-24,Mono,051,14174,135,2,137,1
2020-07-24,Monterey,053,433212,4784,9,4793,24
2020-07-24,Napa,055,140530,1047,0,1047,8
2020-07-24,Nevada,057,99092,317,13,330,1
2020-07-24,Orange,059,3164182,41112,708,41820,759
2020-07-24,Placer,061,380077,2048,3,2051,14
2020-07-24,Plumas,063,18699,33,0,33,0
2020-07-24,Riverside,065,2383286,41806,40,41846,766
2020-07-24,Sacramento,067,1510023,11356,11,11367,140
2020-07-24,San Benito,069,59416,632,0,632,3
2020-07-24,San Bernardino,071,2135413,36918,141,37059,615
2020-07-24,San Diego,073,3302833,30331,3,30334,560
2020-07-24,San Francisco,075,870044,6753,6,6759,64
2020-07-24,San Joaquin,077,732212,13248,5,13253,190
2020-07-24,San Luis Obispo,079,281455,1940,7,1947,10
2020-07-24,San Mateo,081,765935,5979,7,5986,127
2020-07-24,Santa Barbara,083,443738,6363,58,6421,60
2020-07-24,Santa Clara,085,1922200,11634,28,11662,189
2020-07-24,Santa Cruz,087,273765,1179,7,1186,4
2020-07-24,Shasta,089,179085,438,1,439,11
2020-07-24,Sierra,091,2930,2,0,2,0
2020-07-24,Siskiyou,093,43540,84,0,84,0
2020-07-24,Solano,095,438530,4002,11,4013,36
2020-07-24,Sonoma,097,501317,3307,6,3313,21
2020-07-24,Stanislaus,099,539301,10416,12,10428,126
2020-07-24,Sutter,101,95872,741,0,741,4
2020-07-24,Tehama,103,63373,245,2,247,1
2020-07-24,Trinity,105,12862,25,6,31,0
2020-07-24,Tulare,107,460477,10284,28,10312,174
2020-07-24,Tuolumne,109,53932,140,4,144,0
2020-07-24,Ventura,111,848112,8087,27,8114,81
2020-07-24,Yolo,113,214977,1700,3,1703,39
2020-07-24,Yuba,115,75493,410,0,410,3
2020-07-23,Alameda,001,1643700,12307,37,12344,178
2020-07-23,Alpine,002,1148,2,0,2,0
2020-07-23,Amador,005,37829,120,0,120,0
2020-07-23,Butte,007,227075,1004,30,1034,6
2020-07-23,Calaveras,009,45235,117,0,117,1
2020-07-23,Colusa,011,21464,329,0,329,3
2020-07-23,Contra Costa,013,1133247,8959,25,8984,116
2020-07-23,Del Norte,015,27424,84,0,84,0
2020-07-23,El Dorado,017,186661,703,6,709,1
2020-07-23,Fresno,019,978130,19474,164,19638,153
2020-07-23,Glenn,021,27897,344,0,344,1
2020-07-23,Humboldt,023,135768,240,1,241,4
2020-07-23,Imperial,025,180216,10010,5,10015,267
2020-07-23,Inyo,027,18085,53,1,54,1
2020-07-23,Kern,029,883053,22146,110,22256,167
2020-07-23,Kings,031,150075,4182,20,4202,47
2020-07-23,Lake,033,64148,200,0,200,1
2020-07-23,Lassen,035,31185,571,2,573,0
2020-07-23,Los Angeles,037,10098052,186908,424,187332,4623
2020-07-23,Madera,039,155013,2407,4,2411,25
2020-07-23,Marin,041,260295,1087,3,1090,41
2020-07-23,Mariposa,043,17540,55,0,55,0
2020-07-23,Mendocino,045,87422,249,0,249,4
2020-07-23,Merced,047,269075,4970,2,4972,35
2020-07-23,Modoc,049,8938,3,0,3,0
2020-07-23,Mono,051,14174,131,2,133,1
2020-07-23,Monterey,053,433212,4667,9,4676,23
2020-07-23,Napa,055,140530,1023,0,1023,8
2020-07-23,Nevada,057,99092,314,13,327,1
2020-07-23,Orange,059,3164182,40616,678,41294,742
2020-07-23,Placer,061,380077,2004,3,2007,13
2020-07-23,Plumas,063,18699,32,0,32,0
2020-07-23,Riverside,065,2383286,41201,40,41241,751
2020-07-23,Sacramento,067,1510023,11123,11,11134,136
2020-07-23,San Benito,069,59416,618,0,618,3
2020-07-23,San Bernardino,071,2135413,36399,135,36534,604
2020-07-23,San Diego,073,3302833,29957,3,29960,555
2020-07-23,San Francisco,075,870044,6652,6,6658,64
2020-07-23,San Joaquin,077,732212,13029,5,13034,184
2020-07-23,San Luis Obispo,079,281455,1911,7,1918,9
2020-07-23,San Mateo,081,765935,5874,7,5881,127
2020-07-23,Santa Barbara,083,443738,6290,58,6348,58
2020-07-23,Santa Clara,085,1922200,11415,28,11443,188
2020-07-23,Santa Cruz,087,273765,1143,7,1150,4
2020-07-23,Shasta,089,179085,427,1,428,11
2020-07-23,Sierra,091,2930,2,0,2,0
2020-07-23,Siskiyou,093,43540,82,0,82,0
2020-07-23,Solano,095,438530,3938,9,3947,36
2020-07-23,Sonoma,097,501317,3231,6,3237,21
2020-07-23,Stanislaus,099,539301,10174,12,10186,117
2020-07-23,Sutter,101,95872,708,0,708,4
2020-07-23,Tehama,103,63373,239,2,241,1
2020-07-23,Trinity,105,12862,24,6,30,0
2020-07-23,Tulare,107,460477,10095,28,10123,173
2020-07-23,Tuolumne,109,53932,140,4,144,0
2020-07-23,Ventura,111,848112,7963,27,7990,81
2020-07-23,Yolo,113,214977,1682,3,1685,38
2020-07-23,Yuba,115,75493,390,0,390,3
2020-07-22,Alameda,001,1643700,12090,36,12126,175
2020-07-22,Alpine,002,1148,2,0,2,0
2020-07-22,Amador,005,37829,118,0,118,0
2020-07-22,Butte,007,227075,968,30,998,6
2020-07-22,Calaveras,009,45235,117,0,117,1
2020-07-22,Colusa,011,21464,322,0,322,2
2020-07-22,Contra Costa,013,1133247,8733,25,8758,112
2020-07-22,Del Norte,015,27424,84,0,84,0
2020-07-22,El Dorado,017,186661,690,6,696,1
2020-07-22,Fresno,019,978130,19110,158,19268,149
2020-07-22,Glenn,021,27897,338,0,338,1
2020-07-22,Humboldt,023,135768,238,1,239,4
2020-07-22,Imperial,025,180216,9951,5,9956,265
2020-07-22,Inyo,027,18085,49,1,50,1
2020-07-22,Kern,029,883053,21714,102,21816,163
2020-07-22,Kings,031,150075,4126,20,4146,45
2020-07-22,Lake,033,64148,197,0,197,1
2020-07-22,Lassen,035,31185,568,2,570,0
2020-07-22,Los Angeles,037,10098052,184258,403,184661,4582
2020-07-22,Madera,039,155013,2332,4,2336,23
2020-07-22,Marin,041,260295,1063,3,1066,41
2020-07-22,Mariposa,043,17540,55,0,55,0
2020-07-22,Mendocino,045,87422,242,0,242,4
2020-07-22,Merced,047,269075,4834,2,4836,35
2020-07-22,Modoc,049,8938,3,0,3,0
2020-07-22,Mono,051,14174,128,2,130,1
2020-07-22,Monterey,053,433212,4566,9,4575,23
2020-07-22,Napa,055,140530,1001,0,1001,8
2020-07-22,Nevada,057,99092,308,12,320,1
2020-07-22,Orange,059,3164182,40117,669,40786,731
2020-07-22,Placer,061,380077,1948,3,1951,13
2020-07-22,Plumas,063,18699,31,0,31,0
2020-07-22,Riverside,065,2383286,40565,40,40605,739
2020-07-22,Sacramento,067,1510023,10861,11,10872,133
2020-07-22,San Benito,069,59416,604,0,604,3
2020-07-22,San Bernardino,071,2135413,35877,124,36001,582
2020-07-22,San Diego,073,3302833,29569,2,29571,548
2020-07-22,San Francisco,075,870044,6548,5,6553,63
2020-07-22,San Joaquin,077,732212,12751,5,12756,178
2020-07-22,San Luis Obispo,079,281455,1865,7,1872,9
2020-07-22,San Mateo,081,765935,5785,7,5792,127
2020-07-22,Santa Barbara,083,443738,6206,56,6262,57
2020-07-22,Santa Clara,085,1922200,11172,28,11200,185
2020-07-22,Santa Cruz,087,273765,1119,7,1126,4
2020-07-22,Shasta,089,179085,417,1,418,11
2020-07-22,Sierra,091,2930,1,0,1,0
2020-07-22,Siskiyou,093,43540,81,0,81,0
2020-07-22,Solano,095,438530,3877,8,3885,36
2020-07-22,Sonoma,097,501317,3154,6,3160,19
2020-07-22,Stanislaus,099,539301,10003,12,10015,113
2020-07-22,Sutter,101,95872,684,0,684,4
2020-07-22,Tehama,103,63373,231,2,233,1
2020-07-22,Trinity,105,12862,23,6,29,0
2020-07-22,Tulare,107,460477,9862,28,9890,171
2020-07-22,Tuolumne,109,53932,136,4,140,0
2020-07-22,Ventura,111,848112,7835,25,7860,79
2020-07-22,Yolo,113,214977,1640,3,1643,37
2020-07-22,Yuba,115,75493,375,0,375,3
2020-07-21,Alameda,001,1643700,11876,36,11912,174
2020-07-21,Alpine,002,1148,2,0,2,0
2020-07-21,Amador,005,37829,113,0,113,0
2020-07-21,Butte,007,227075,923,29,952,6
2020-07-21,Calaveras,009,45235,111,0,111,1
2020-07-21,Colusa,011,21464,298,0,298,2
2020-07-21,Contra Costa,013,1133247,8491,25,8516,111
2020-07-21,Del Norte,015,27424,84,0,84,0
2020-07-21,El Dorado,017,186661,682,6,688,1
2020-07-21,Fresno,019,978130,18710,152,18862,144
2020-07-21,Glenn,021,27897,331,0,331,1
2020-07-21,Humboldt,023,135768,236,1,237,4
2020-07-21,Imperial,025,180216,9900,5,9905,261
2020-07-21,Inyo,027,18085,48,1,49,1
2020-07-21,Kern,029,883053,21292,96,21388,158
2020-07-21,Kings,031,150075,4061,19,4080,45
2020-07-21,Lake,033,64148,197,0,197,1
2020-07-21,Lassen,035,31185,566,2,568,0
2020-07-21,Los Angeles,037,10098052,181270,379,181649,4530
2020-07-21,Madera,039,155013,2267,3,2270,21
2020-07-21,Marin,041,260295,1057,3,1060,40
2020-07-21,Mariposa,043,17540,54,0,54,0
2020-07-21,Mendocino,045,87422,231,0,231,3
2020-07-21,Merced,047,269075,4647,2,4649,31
2020-07-21,Modoc,049,8938,3,0,3,0
2020-07-21,Mono,051,14174,124,2,126,1
2020-07-21,Monterey,053,433212,4434,8,4442,20
2020-07-21,Napa,055,140530,974,0,974,7
2020-07-21,Nevada,057,99092,306,10,316,1
2020-07-21,Orange,059,3164182,39621,637,40258,718
2020-07-21,Placer,061,380077,1907,3,1910,13
2020-07-21,Plumas,063,18699,31,0,31,0
2020-07-21,Riverside,065,2383286,39863,40,39903,728
2020-07-21,Sacramento,067,1510023,10589,10,10599,129
2020-07-21,San Benito,069,59416,593,0,593,3
2020-07-21,San Bernardino,071,2135413,35230,117,35347,568
2020-07-21,San Diego,073,3302833,29120,2,29122,541
2020-07-21,San Francisco,075,870044,6439,5,6444,62
2020-07-21,San Joaquin,077,732212,12423,5,12428,171
2020-07-21,San Luis Obispo,079,281455,1816,7,1823,7
2020-07-21,San Mateo,081,765935,5693,7,5700,127
2020-07-21,Santa Barbara,083,443738,6126,55,6181,57
2020-07-21,Santa Clara,085,1922200,10909,28,10937,184
2020-07-21,Santa Cruz,087,273765,1086,7,1093,4
2020-07-21,Shasta,089,179085,409,1,410,11
2020-07-21,Sierra,091,2930,1,0,1,0
2020-07-21,Siskiyou,093,43540,81,0,81,0
2020-07-21,Solano,095,438530,3805,8,3813,36
2020-07-21,Sonoma,097,501317,3097,6,3103,19
2020-07-21,Stanislaus,099,539301,9740,12,9752,110
2020-07-21,Sutter,101,95872,668,0,668,4
2020-07-21,Tehama,103,63373,221,2,223,1
2020-07-21,Trinity,105,12862,23,6,29,0
2020-07-21,Tulare,107,460477,9660,28,9688,171
2020-07-21,Tuolumne,109,53932,134,4,138,0
2020-07-21,Ventura,111,848112,7703,25,7728,77
2020-07-21,Yolo,113,214977,1586,3,1589,37
2020-07-21,Yuba,115,75493,369,0,369,3
2020-07-20,Alameda,001,1643700,11625,35,11660,172
2020-07-20,Alpine,002,1148,2,0,2,0
2020-07-20,Amador,005,37829,110,0,110,0
2020-07-20,Butte,007,227075,886,29,915,6
2020-07-20,Calaveras,009,45235,108,0,108,1
2020-07-20,Colusa,011,21464,287,0,287,2
2020-07-20,Contra Costa,013,1133247,8283,25,8308,110
2020-07-20,Del Norte,015,27424,84,0,84,0
2020-07-20,El Dorado,017,186661,659,6,665,1
2020-07-20,Fresno,019,978130,18264,151,18415,139
2020-07-20,Glenn,021,27897,323,0,323,1
2020-07-20,Humboldt,023,135768,229,1,230,4
2020-07-20,Imperial,025,180216,9859,5,9864,256
2020-07-20,Inyo,027,18085,46,1,47,1
2020-07-20,Kern,029,883053,20782,92,20874,156
2020-07-20,Kings,031,150075,4011,19,4030,45
2020-07-20,Lake,033,64148,194,0,194,1
2020-07-20,Lassen,035,31185,564,2,566,0
2020-07-20,Los Angeles,037,10098052,178307,352,178659,4484
2020-07-20,Madera,039,155013,2192,3,2195,19
2020-07-20,Marin,041,260295,1026,3,1029,40
2020-07-20,Mariposa,043,17540,53,0,53,0
2020-07-20,Mendocino,045,87422,218,0,218,3
2020-07-20,Merced,047,269075,4472,2,4474,30
2020-07-20,Modoc,049,8938,3,0,3,0
2020-07-20,Mono,051,14174,118,2,120,1
2020-07-20,Monterey,053,433212,4328,8,4336,20
2020-07-20,Napa,055,140530,939,0,939,7
2020-07-20,Nevada,057,99092,298,10,308,1
2020-07-20,Orange,059,3164182,39011,607,39618,703
2020-07-20,Placer,061,380077,1856,3,1859,13
2020-07-20,Plumas,063,18699,30,0,30,0
2020-07-20,Riverside,065,2383286,39031,40,39071,720
2020-07-20,Sacramento,067,1510023,10261,10,10271,125
2020-07-20,San Benito,069,59416,575,0,575,3
2020-07-20,San Bernardino,071,2135413,34422,113,34535,552
2020-07-20,San Diego,073,3302833,28678,2,28680,536
2020-07-20,San Francisco,075,870044,6318,5,6323,61
2020-07-20,San Joaquin,077,732212,12067,5,12072,160
2020-07-20,San Luis Obispo,079,281455,1774,7,1781,7
2020-07-20,San Mateo,081,765935,5593,7,5600,126
2020-07-20,Santa Barbara,083,443738,6016,53,6069,56
2020-07-20,Santa Clara,085,1922200,10677,27,10704,183
2020-07-20,Santa Cruz,087,273765,1054,7,1061,4
2020-07-20,Shasta,089,179085,394,1,395,10
2020-07-20,Sierra,091,2930,1,0,1,0
2020-07-20,Siskiyou,093,43540,77,0,77,0
2020-07-20,Solano,095,438530,3722,8,3730,36
2020-07-20,Sonoma,097,501317,2991,6,2997,17
2020-07-20,Stanislaus,099,539301,9456,12,9468,107
2020-07-20,Sutter,101,95872,635,0,635,4
2020-07-20,Tehama,103,63373,211,2,213,1
2020-07-20,Trinity,105,12862,23,6,29,0
2020-07-20,Tulare,107,460477,9426,28,9454,171
2020-07-20,Tuolumne,109,53932,133,4,137,0
2020-07-20,Ventura,111,848112,7569,25,7594,74
2020-07-20,Yolo,113,214977,1545,3,1548,36
2020-07-20,Yuba,115,75493,349,0,349,3
2020-07-19,Alameda,001,1643700,11385,29,11414,172
2020-07-19,Alpine,002,1148,2,0,2,0
2020-07-19,Amador,005,37829,103,0,103,0
2020-07-19,Butte,007,227075,861,25,886,6
2020-07-19,Calaveras,009,45235,106,0,106,1
2020-07-19,Colusa,011,21464,279,0,279,0
2020-07-19,Contra Costa,013,1133247,7992,23,8015,110
2020-07-19,Del Norte,015,27424,83,0,83,0
2020-07-19,El Dorado,017,186661,641,6,647,1
2020-07-19,Fresno,019,978130,17740,139,17879,135
2020-07-19,Glenn,021,27897,309,0,309,1
2020-07-19,Humboldt,023,135768,221,1,222,4
2020-07-19,Imperial,025,180216,9768,5,9773,249
2020-07-19,Inyo,027,18085,42,1,43,1
2020-07-19,Kern,029,883053,20165,84,20249,150
2020-07-19,Kings,031,150075,3925,19,3944,44
2020-07-19,Lake,033,64148,189,0,189,1
2020-07-19,Lassen,035,31185,545,2,547,0
2020-07-19,Los Angeles,037,10098052,174861,329,175190,4442
2020-07-19,Madera,039,155013,2115,3,2118,18
2020-07-19,Marin,041,260295,1026,3,1029,39
2020-07-19,Mariposa,043,17540,49,0,49,0
2020-07-19,Mendocino,045,87422,213,0,213,3
2020-07-19,Merced,047,269075,4259,2,4261,30
2020-07-19,Modoc,049,8938,3,0,3,0
2020-07-19,Mono,051,14174,107,2,109,1
2020-07-19,Monterey,053,433212,4209,8,4217,20
2020-07-19,Napa,055,140530,911,0,911,7
2020-07-19,Nevada,057,99092,292,10,302,1
2020-07-19,Orange,059,3164182,38447,594,39041,692
2020-07-19,Placer,061,380077,1809,3,1812,11
2020-07-19,Plumas,063,18699,30,0,30,0
2020-07-19,Riverside,065,2383286,38326,40,38366,703
2020-07-19,Sacramento,067,1510023,9868,10,9878,121
2020-07-19,San Benito,069,59416,559,0,559,3
2020-07-19,San Bernardino,071,2135413,33649,101,33750,534
2020-07-19,San Diego,073,3302833,28177,2,28179,528
2020-07-19,San Francisco,075,870044,6172,5,6177,61
2020-07-19,San Joaquin,077,732212,11660,5,11665,151
2020-07-19,San Luis Obispo,079,281455,1730,7,1737,7
2020-07-19,San Mateo,081,765935,5489,7,5496,126
2020-07-19,Santa Barbara,083,443738,5914,50,5964,52
2020-07-19,Santa Clara,085,1922200,10432,27,10459,182
2020-07-19,Santa Cruz,087,273765,1010,7,1017,4
2020-07-19,Shasta,089,179085,381,1,382,10
2020-07-19,Sierra,091,2930,1,0,1,0
2020-07-19,Siskiyou,093,43540,75,0,75,0
2020-07-19,Solano,095,438530,3617,8,3625,34
2020-07-19,Sonoma,097,501317,2891,6,2897,17
2020-07-19,Stanislaus,099,539301,9160,12,9172,104
2020-07-19,Sutter,101,95872,604,0,604,4
2020-07-19,Tehama,103,63373,207,2,209,1
2020-07-19,Trinity,105,12862,23,6,29,0
2020-07-19,Tulare,107,460477,9178,28,9206,170
2020-07-19,Tuolumne,109,53932,128,4,132,0
2020-07-19,Ventura,111,848112,7379,25,7404,73
2020-07-19,Yolo,113,214977,1505,3,1508,34
2020-07-19,Yuba,115,75493,329,0,329,3
2020-07-18,Alameda,001,1643700,11248,28,11276,171
2020-07-18,Alpine,002,1148,2,0,2,0
2020-07-18,Amador,005,37829,99,0,99,0
2020-07-18,Butte,007,227075,852,24,876,6
2020-07-18,Calaveras,009,45235,102,0,102,1
2020-07-18,Colusa,011,21464,274,0,274,0
2020-07-18,Contra Costa,013,1133247,7857,23,7880,110
2020-07-18,Del Norte,015,27424,83,0,83,0
2020-07-18,El Dorado,017,186661,638,6,644,1
2020-07-18,Fresno,019,978130,17491,137,17628,133
2020-07-18,Glenn,021,27897,303,0,303,1
2020-07-18,Humboldt,023,135768,218,1,219,4
2020-07-18,Imperial,025,180216,9738,5,9743,245
2020-07-18,Inyo,027,18085,42,1,43,1
2020-07-18,Kern,029,883053,19862,81,19943,148
2020-07-18,Kings,031,150075,3885,18,3903,43
2020-07-18,Lake,033,64148,186,0,186,1
2020-07-18,Lassen,035,31185,544,2,546,0
2020-07-18,Los Angeles,037,10098052,173415,319,173734,4403
2020-07-18,Madera,039,155013,2069,3,2072,18
2020-07-18,Marin,041,260295,1026,3,1029,36
2020-07-18,Mariposa,043,17540,49,0,49,0
2020-07-18,Mendocino,045,87422,207,0,207,3
2020-07-18,Merced,047,269075,4143,2,4145,28
2020-07-18,Modoc,049,8938,3,0,3,0
2020-07-18,Mono,051,14174,105,2,107,1
2020-07-18,Monterey,053,433212,4141,8,4149,19
2020-07-18,Napa,055,140530,900,0,900,7
2020-07-18,Nevada,057,99092,288,9,297,1
2020-07-18,Orange,059,3164182,38128,574,38702,677
2020-07-18,Placer,061,380077,1786,3,1789,11
2020-07-18,Plumas,063,18699,30,0,30,0
2020-07-18,Riverside,065,2383286,37972,39,38011,691
2020-07-18,Sacramento,067,1510023,9623,10,9633,114
2020-07-18,San Benito,069,59416,544,0,544,3
2020-07-18,San Bernardino,071,2135413,33189,94,33283,520
2020-07-18,San Diego,073,3302833,27874,2,27876,524
2020-07-18,San Francisco,075,870044,6070,5,6075,61
2020-07-18,San Joaquin,077,732212,11447,5,11452,139
2020-07-18,San Luis Obispo,079,281455,1695,7,1702,7
2020-07-18,San Mateo,081,765935,5429,7,5436,126
2020-07-18,Santa Barbara,083,443738,5854,48,5902,52
2020-07-18,Santa Clara,085,1922200,10283,26,10309,181
2020-07-18,Santa Cruz,087,273765,993,7,1000,4
2020-07-18,Shasta,089,179085,372,1,373,10
2020-07-18,Sierra,091,2930,1,0,1,0
2020-07-18,Siskiyou,093,43540,71,0,71,0
2020-07-18,Solano,095,438530,3576,8,3584,32
2020-07-18,Sonoma,097,501317,2839,6,2845,17
2020-07-18,Stanislaus,099,539301,9025,12,9037,101
2020-07-18,Sutter,101,95872,598,0,598,4
2020-07-18,Tehama,103,63373,202,2,204,1
2020-07-18,Trinity,105,12862,23,6,29,0
2020-07-18,Tulare,107,460477,9087,27,9114,170
2020-07-18,Tuolumne,109,53932,125,4,129,0
2020-07-18,Ventura,111,848112,7297,25,7322,72
2020-07-18,Yolo,113,214977,1477,3,1480,33
2020-07-18,Yuba,115,75493,318,0,318,3
2020-07-17,Alameda,001,1643700,11107,27,11134,171
2020-07-17,Alpine,002,1148,2,0,2,0
2020-07-17,Amador,005,37829,97,0,97,0
2020-07-17,Butte,007,227075,838,24,862,4
2020-07-17,Calaveras,009,45235,99,0,99,0
2020-07-17,Colusa,011,21464,272,0,272,0
2020-07-17,Contra Costa,013,1133247,7709,23,7732,107
2020-07-17,Del Norte,015,27424,82,0,82,0
2020-07-17,El Dorado,017,186661,622,6,628,1
2020-07-17,Fresno,019,978130,17195,137,17332,129
2020-07-17,Glenn,021,27897,296,0,296,1
2020-07-17,Humboldt,023,135768,217,1,218,4
2020-07-17,Imperial,025,180216,9716,5,9721,243
2020-07-17,Inyo,027,18085,42,1,43,1
2020-07-17,Kern,029,883053,19542,80,19622,141
2020-07-17,Kings,031,150075,3846,18,3864,42
2020-07-17,Lake,033,64148,184,0,184,1
2020-07-17,Lassen,035,31185,525,2,527,0
2020-07-17,Los Angeles,037,10098052,171042,306,171348,4371
2020-07-17,Madera,039,155013,2025,3,2028,17
2020-07-17,Marin,041,260295,1025,3,1028,36
2020-07-17,Mariposa,043,17540,47,0,47,0
2020-07-17,Mendocino,045,87422,199,0,199,2
2020-07-17,Merced,047,269075,4068,2,4070,24
2020-07-17,Modoc,049,8938,2,0,2,0
2020-07-17,Mono,051,14174,100,2,102,1
2020-07-17,Monterey,053,433212,4012,8,4020,18
2020-07-17,Napa,055,140530,886,0,886,5
2020-07-17,Nevada,057,99092,281,9,290,1
2020-07-17,Orange,059,3164182,37665,541,38206,664
2020-07-17,Placer,061,380077,1757,3,1760,11
2020-07-17,Plumas,063,18699,27,0,27,0
2020-07-17,Riverside,065,2383286,37372,39,37411,676
2020-07-17,Sacramento,067,1510023,9379,10,9389,111
2020-07-17,San Benito,069,59416,529,0,529,3
2020-07-17,San Bernardino,071,2135413,32670,91,32761,512
2020-07-17,San Diego,073,3302833,27486,2,27488,519
2020-07-17,San Francisco,075,870044,5976,5,5981,60
2020-07-17,San Joaquin,077,732212,11203,5,11208,134
2020-07-17,San Luis Obispo,079,281455,1658,7,1665,7
2020-07-17,San Mateo,081,765935,5332,7,5339,126
2020-07-17,Santa Barbara,083,443738,5782,47,5829,50
2020-07-17,Santa Clara,085,1922200,10065,26,10091,179
2020-07-17,Santa Cruz,087,273765,971,7,978,3
2020-07-17,Shasta,089,179085,360,1,361,10
2020-07-17,Sierra,091,2930,1,0,1,0
2020-07-17,Siskiyou,093,43540,70,0,70,0
2020-07-17,Solano,095,438530,3527,8,3535,31
2020-07-17,Sonoma,097,501317,2790,6,2796,15
2020-07-17,Stanislaus,099,539301,8851,12,8863,94
2020-07-17,Sutter,101,95872,585,0,585,4
2020-07-17,Tehama,103,63373,198,2,200,1
2020-07-17,Trinity,105,12862,23,6,29,0
2020-07-17,Tulare,107,460477,8951,27,8978,169
2020-07-17,Tuolumne,109,53932,124,4,128,0
2020-07-17,Ventura,111,848112,7214,25,7239,71
2020-07-17,Yolo,113,214977,1453,3,1456,32
2020-07-17,Yuba,115,75493,308,0,308,3
2020-07-16,Alameda,001,1643700,10874,22,10896,166
2020-07-16,Alpine,002,1148,2,0,2,0
2020-07-16,Amador,005,37829,94,0,94,0
2020-07-16,Butte,007,227075,802,23,825,4
2020-07-16,Calaveras,009,45235,97,0,97,0
2020-07-16,Colusa,011,21464,263,0,263,0
2020-07-16,Contra Costa,013,1133247,7497,17,7514,101
2020-07-16,Del Norte,015,27424,82,0,82,0
2020-07-16,El Dorado,017,186661,605,6,611,0
2020-07-16,Fresno,019,978130,16682,128,16810,125
2020-07-16,Glenn,021,27897,287,0,287,1
2020-07-16,Humboldt,023,135768,215,1,216,4
2020-07-16,Imperial,025,180216,9623,5,9628,240
2020-07-16,Inyo,027,18085,42,1,43,1
2020-07-16,Kern,029,883053,19020,78,19098,138
2020-07-16,Kings,031,150075,3680,18,3698,41
2020-07-16,Lake,033,64148,179,0,179,1
2020-07-16,Lassen,035,31185,524,2,526,0
2020-07-16,Los Angeles,037,10098052,167819,281,168100,4333
2020-07-16,Madera,039,155013,1961,3,1964,17
2020-07-16,Marin,041,260295,1013,3,1016,36
2020-07-16,Mariposa,043,17540,45,0,45,0
2020-07-16,Mendocino,045,87422,194,0,194,2
2020-07-16,Merced,047,269075,3904,2,3906,22
2020-07-16,Modoc,049,8938,1,0,1,0
2020-07-16,Mono,051,14174,97,2,99,1
2020-07-16,Monterey,053,433212,3907,7,3914,18
2020-07-16,Napa,055,140530,857,0,857,5
2020-07-16,Nevada,057,99092,278,9,287,1
2020-07-16,Orange,059,3164182,36962,505,37467,654
2020-07-16,Placer,061,380077,1709,3,1712,11
2020-07-16,Plumas,063,18699,25,0,25,0
2020-07-16,Riverside,065,2383286,36625,37,36662,670
2020-07-16,Sacramento,067,1510023,9066,9,9075,109
2020-07-16,San Benito,069,59416,512,0,512,3
2020-07-16,San Bernardino,071,2135413,31809,73,31882,492
2020-07-16,San Diego,073,3302833,26999,2,27001,514
2020-07-16,San Francisco,075,870044,5835,5,5840,59
2020-07-16,San Joaquin,077,732212,10840,5,10845,129
2020-07-16,San Luis Obispo,079,281455,1614,7,1621,6
2020-07-16,San Mateo,081,765935,5228,7,5235,126
2020-07-16,Santa Barbara,083,443738,5687,46,5733,50
2020-07-16,Santa Clara,085,1922200,9785,24,9809,178
2020-07-16,Santa Cruz,087,273765,930,7,937,3
2020-07-16,Shasta,089,179085,345,1,346,10
2020-07-16,Sierra,091,2930,1,0,1,0
2020-07-16,Siskiyou,093,43540,67,0,67,0
2020-07-16,Solano,095,438530,3433,8,3441,30
2020-07-16,Sonoma,097,501317,2700,6,2706,15
2020-07-16,Stanislaus,099,539301,8568,11,8579,89
2020-07-16,Sutter,101,95872,569,0,569,4
2020-07-16,Tehama,103,63373,188,2,190,1
2020-07-16,Trinity,105,12862,23,5,28,0
2020-07-16,Tulare,107,460477,8737,26,8763,168
2020-07-16,Tuolumne,109,53932,117,4,121,0
2020-07-16,Ventura,111,848112,7052,25,7077,70
2020-07-16,Yolo,113,214977,1411,3,1414,32
2020-07-16,Yuba,115,75493,290,0,290,3
2020-07-15,Alameda,001,1643700,10669,17,10686,164
2020-07-15,Alpine,002,1148,2,0,2,0
2020-07-15,Amador,005,37829,73,0,73,0
2020-07-15,Butte,007,227075,760,23,783,4
2020-07-15,Calaveras,009,45235,97,0,97,0
2020-07-15,Colusa,011,21464,258,0,258,0
2020-07-15,Contra Costa,013,1133247,7266,17,7283,100
2020-07-15,Del Norte,015,27424,81,0,81,0
2020-07-15,El Dorado,017,186661,581,6,587,0
2020-07-15,Fresno,019,978130,16210,122,16332,121
2020-07-15,Glenn,021,27897,278,0,278,1
2020-07-15,Humboldt,023,135768,213,1,214,4
2020-07-15,Imperial,025,180216,9556,5,9561,239
2020-07-15,Inyo,027,18085,42,1,43,1
2020-07-15,Kern,029,883053,18400,74,18474,136
2020-07-15,Kings,031,150075,3618,18,3636,41
2020-07-15,Lake,033,64148,177,0,177,1
2020-07-15,Lassen,035,31185,520,2,522,0
2020-07-15,Los Angeles,037,10098052,164352,266,164618,4285
2020-07-15,Madera,039,155013,1892,3,1895,16
2020-07-15,Marin,041,260295,1007,3,1010,35
2020-07-15,Mariposa,043,17540,45,0,45,0
2020-07-15,Mendocino,045,87422,191,0,191,1
2020-07-15,Merced,047,269075,3761,2,3763,19
2020-07-15,Modoc,049,8938,1,0,1,0
2020-07-15,Mono,051,14174,95,2,97,1
2020-07-15,Monterey,053,433212,3795,7,3802,18
2020-07-15,Napa,055,140530,831,0,831,5
2020-07-15,Nevada,057,99092,274,7,281,1
2020-07-15,Orange,059,3164182,36163,471,36634,640
2020-07-15,Placer,061,380077,1651,3,1654,11
2020-07-15,Plumas,063,18699,25,0,25,0
2020-07-15,Riverside,065,2383286,35843,35,35878,662
2020-07-15,Sacramento,067,1510023,8686,9,8695,108
2020-07-15,San Benito,069,59416,503,0,503,3
2020-07-15,San Bernardino,071,2135413,31019,57,31076,479
2020-07-15,San Diego,073,3302833,26532,2,26534,505
2020-07-15,San Francisco,075,870044,5721,5,5726,58
2020-07-15,San Joaquin,077,732212,10409,4,10413,124
2020-07-15,San Luis Obispo,079,281455,1571,7,1578,6
2020-07-15,San Mateo,081,765935,5115,7,5122,125
2020-07-15,Santa Barbara,083,443738,5573,46,5619,49
2020-07-15,Santa Clara,085,1922200,9482,24,9506,176
2020-07-15,Santa Cruz,087,273765,894,6,900,3
2020-07-15,Shasta,089,179085,336,1,337,9
2020-07-15,Sierra,091,2930,1,0,1,0
2020-07-15,Siskiyou,093,43540,66,0,66,0
2020-07-15,Solano,095,438530,3338,8,3346,30
2020-07-15,Sonoma,097,501317,2601,6,2607,15
2020-07-15,Stanislaus,099,539301,8271,11,8282,83
2020-07-15,Sutter,101,95872,543,0,543,4
2020-07-15,Tehama,103,63373,180,2,182,1
2020-07-15,Trinity,105,12862,22,5,27,0
2020-07-15,Tulare,107,460477,8525,26,8551,168
2020-07-15,Tuolumne,109,53932,110,4,114,0
2020-07-15,Ventura,111,848112,6875,25,6900,67
2020-07-15,Yolo,113,214977,1377,3,1380,32
2020-07-15,Yuba,115,75493,278,0,278,3
2020-07-14,Alameda,001,1643700,10328,11,10339,163
2020-07-14,Alpine,002,1148,2,0,2,0
2020-07-14,Amador,005,37829,69,0,69,0
2020-07-14,Butte,007,227075,714,23,737,4
2020-07-14,Calaveras,009,45235,95,0,95,0
2020-07-14,Colusa,011,21464,248,0,248,0
2020-07-14,Contra Costa,013,1133247,7029,15,7044,98
2020-07-14,Del Norte,015,27424,80,0,80,0
2020-07-14,El Dorado,017,186661,566,6,572,0
2020-07-14,Fresno,019,978130,15786,117,15903,120
2020-07-14,Glenn,021,27897,268,0,268,1
2020-07-14,Humboldt,023,135768,210,1,211,4
2020-07-14,Imperial,025,180216,9431,5,9436,236
2020-07-14,Inyo,027,18085,42,1,43,1
2020-07-14,Kern,029,883053,17641,61,17702,132
2020-07-14,Kings,031,150075,3551,17,3568,41
2020-07-14,Lake,033,64148,171,0,171,1
2020-07-14,Lassen,035,31185,503,2,505,0
2020-07-14,Los Angeles,037,10098052,161220,237,161457,4245
2020-07-14,Madera,039,155013,1818,3,1821,13
2020-07-14,Marin,041,260295,987,3,990,32
2020-07-14,Mariposa,043,17540,41,0,41,0
2020-07-14,Mendocino,045,87422,183,0,183,1
2020-07-14,Merced,047,269075,3576,2,3578,17
2020-07-14,Modoc,049,8938,1,0,1,0
2020-07-14,Mono,051,14174,85,2,87,1
2020-07-14,Monterey,053,433212,3682,7,3689,18
2020-07-14,Napa,055,140530,775,0,775,5
2020-07-14,Nevada,057,99092,257,6,263,1
2020-07-14,Orange,059,3164182,35281,423,35704,624
2020-07-14,Placer,061,380077,1593,3,1596,11
2020-07-14,Plumas,063,18699,24,0,24,0
2020-07-14,Riverside,065,2383286,35086,34,35120,646
2020-07-14,Sacramento,067,1510023,8332,9,8341,105
2020-07-14,San Benito,069,59416,484,0,484,3
2020-07-14,San Bernardino,071,2135413,30167,47,30214,462
2020-07-14,San Diego,073,3302833,25912,2,25914,496
2020-07-14,San Francisco,075,870044,5570,4,5574,57
2020-07-14,San Joaquin,077,732212,9982,4,9986,120
2020-07-14,San Luis Obispo,079,281455,1533,7,1540,6
2020-07-14,San Mateo,081,765935,5022,7,5029,124
2020-07-14,Santa Barbara,083,443738,5449,44,5493,47
2020-07-14,Santa Clara,085,1922200,9154,21,9175,175
2020-07-14,Santa Cruz,087,273765,855,6,861,3
2020-07-14,Shasta,089,179085,327,1,328,8
2020-07-14,Sierra,091,2930,1,0,1,0
2020-07-14,Siskiyou,093,43540,65,0,65,0
2020-07-14,Solano,095,438530,3239,7,3246,30
2020-07-14,Sonoma,097,501317,2508,6,2514,15
2020-07-14,Stanislaus,099,539301,7896,10,7906,81
2020-07-14,Sutter,101,95872,524,0,524,4
2020-07-14,Tehama,103,63373,168,2,170,1
2020-07-14,Trinity,105,12862,21,5,26,0
2020-07-14,Tulare,107,460477,8279,26,8305,166
2020-07-14,Tuolumne,109,53932,105,4,109,0
2020-07-14,Ventura,111,848112,6714,25,6739,67
2020-07-14,Yolo,113,214977,1330,3,1333,32
2020-07-14,Yuba,115,75493,261,0,261,3
2020-07-13,Alameda,001,1643700,10024,11,10035,160
2020-07-13,Alpine,002,1148,2,0,2,0
2020-07-13,Amador,005,37829,65,0,65,0
2020-07-13,Butte,007,227075,678,23,701,4
2020-07-13,Calaveras,009,45235,87,0,87,0
2020-07-13,Colusa,011,21464,242,0,242,0
2020-07-13,Contra Costa,013,1133247,6757,13,6770,98
2020-07-13,Del Norte,015,27424,74,0,74,0
2020-07-13,El Dorado,017,186661,535,6,541,0
2020-07-13,Fresno,019,978130,15356,112,15468,116
2020-07-13,Glenn,021,27897,261,0,261,0
2020-07-13,Humboldt,023,135768,205,1,206,4
2020-07-13,Imperial,025,180216,9345,5,9350,231
2020-07-13,Inyo,027,18085,41,1,42,1
2020-07-13,Kern,029,883053,16956,55,17011,130
2020-07-13,Kings,031,150075,3500,17,3517,41
2020-07-13,Lake,033,64148,166,0,166,1
2020-07-13,Lassen,035,31185,498,2,500,0
2020-07-13,Los Angeles,037,10098052,157986,223,158209,4195
2020-07-13,Madera,039,155013,1749,3,1752,12
2020-07-13,Marin,041,260295,961,3,964,32
2020-07-13,Mariposa,043,17540,40,0,40,0
2020-07-13,Mendocino,045,87422,179,0,179,1
2020-07-13,Merced,047,269075,3424,2,3426,15
2020-07-13,Modoc,049,8938,1,0,1,0
2020-07-13,Mono,051,14174,81,1,82,1
2020-07-13,Monterey,053,433212,3559,5,3564,18
2020-07-13,Napa,055,140530,739,0,739,5
2020-07-13,Nevada,057,99092,243,6,249,1
2020-07-13,Orange,059,3164182,34415,391,34806,616
2020-07-13,Placer,061,380077,1548,3,1551,11
2020-07-13,Plumas,063,18699,22,0,22,0
2020-07-13,Riverside,065,2383286,34159,32,34191,634
2020-07-13,Sacramento,067,1510023,8035,9,8044,104
2020-07-13,San Benito,069,59416,471,0,471,3
2020-07-13,San Bernardino,071,2135413,29293,40,29333,450
2020-07-13,San Diego,073,3302833,25345,2,25347,488
2020-07-13,San Francisco,075,870044,5443,3,5446,56
2020-07-13,San Joaquin,077,732212,9566,4,9570,113
2020-07-13,San Luis Obispo,079,281455,1502,7,1509,5
2020-07-13,San Mateo,081,765935,4891,7,4898,123
2020-07-13,Santa Barbara,083,443738,5335,43,5378,45
2020-07-13,Santa Clara,085,1922200,8829,20,8849,173
2020-07-13,Santa Cruz,087,273765,817,6,823,3
2020-07-13,Shasta,089,179085,316,1,317,8
2020-07-13,Sierra,091,2930,1,0,1,0
2020-07-13,Siskiyou,093,43540,61,0,61,0
2020-07-13,Solano,095,438530,3127,7,3134,30
2020-07-13,Sonoma,097,501317,2397,6,2403,14
2020-07-13,Stanislaus,099,539301,7593,9,7602,79
2020-07-13,Sutter,101,95872,486,0,486,4
2020-07-13,Tehama,103,63373,155,2,157,1
2020-07-13,Trinity,105,12862,21,5,26,0
2020-07-13,Tulare,107,460477,8018,24,8042,164
2020-07-13,Tuolumne,109,53932,97,4,101,0
2020-07-13,Ventura,111,848112,6524,22,6546,66
2020-07-13,Yolo,113,214977,1285,3,1288,29
2020-07-13,Yuba,115,75493,246,0,246,3
2020-07-12,Alameda,001,1643700,9754,11,9765,159
2020-07-12,Alpine,002,1148,2,0,2,0
2020-07-12,Amador,005,37829,55,0,55,0
2020-07-12,Butte,007,227075,627,22,649,4
2020-07-12,Calaveras,009,45235,87,0,87,0
2020-07-12,Colusa,011,21464,208,0,208,0
2020-07-12,Contra Costa,013,1133247,6489,11,6500,98
2020-07-12,Del Norte,015,27424,63,0,63,0
2020-07-12,El Dorado,017,186661,513,6,519,0
2020-07-12,Fresno,019,978130,14933,107,15040,114
2020-07-12,Glenn,021,27897,248,0,248,0
2020-07-12,Humboldt,023,135768,201,1,202,4
2020-07-12,Imperial,025,180216,9231,5,9236,226
2020-07-12,Inyo,027,18085,39,1,40,1
2020-07-12,Kern,029,883053,16213,51,16264,123
2020-07-12,Kings,031,150075,3438,17,3455,40
2020-07-12,Lake,033,64148,157,0,157,1
2020-07-12,Lassen,035,31185,491,2,493,0
2020-07-12,Los Angeles,037,10098052,154561,196,154757,4137
2020-07-12,Madera,039,155013,1693,3,1696,12
2020-07-12,Marin,041,260295,952,3,955,29
2020-07-12,Mariposa,043,17540,39,0,39,0
2020-07-12,Mendocino,045,87422,160,0,160,1
2020-07-12,Merced,047,269075,3286,2,3288,15
2020-07-12,Modoc,049,8938,1,0,1,0
2020-07-12,Mono,051,14174,71,1,72,1
2020-07-12,Monterey,053,433212,3444,5,3449,18
2020-07-12,Napa,055,140530,708,0,708,4
2020-07-12,Nevada,057,99092,233,6,239,1
2020-07-12,Orange,059,3164182,33536,382,33918,605
2020-07-12,Placer,061,380077,1491,3,1494,11
2020-07-12,Plumas,063,18699,21,0,21,0
2020-07-12,Riverside,065,2383286,33401,31,33432,626
2020-07-12,Sacramento,067,1510023,7723,7,7730,102
2020-07-12,San Benito,069,59416,456,0,456,3
2020-07-12,San Bernardino,071,2135413,28381,36,28417,434
2020-07-12,San Diego,073,3302833,24715,2,24717,476
2020-07-12,San Francisco,075,870044,5294,3,5297,55
2020-07-12,San Joaquin,077,732212,9203,4,9207,104
2020-07-12,San Luis Obispo,079,281455,1455,7,1462,5
2020-07-12,San Mateo,081,765935,4773,7,4780,122
2020-07-12,Santa Barbara,083,443738,5205,42,5247,45
2020-07-12,Santa Clara,085,1922200,8590,19,8609,172
2020-07-12,Santa Cruz,087,273765,775,5,780,3
2020-07-12,Shasta,089,179085,310,1,311,8
2020-07-12,Sierra,091,2930,1,0,1,0
2020-07-12,Siskiyou,093,43540,59,0,59,0
2020-07-12,Solano,095,438530,3002,7,3009,28
2020-07-12,Sonoma,097,501317,2303,6,2309,13
2020-07-12,Stanislaus,099,539301,7289,9,7298,79
2020-07-12,Sutter,101,95872,468,0,468,4
2020-07-12,Tehama,103,63373,148,2,150,1
2020-07-12,Trinity,105,12862,21,5,26,0
2020-07-12,Tulare,107,460477,7762,23,7785,162
2020-07-12,Tuolumne,109,53932,90,4,94,0
2020-07-12,Ventura,111,848112,6308,21,6329,65
2020-07-12,Yolo,113,214977,1244,3,1247,29
2020-07-12,Yuba,115,75493,235,0,235,3
2020-07-11,Alameda,001,1643700,9651,11,9662,157
2020-07-11,Alpine,002,1148,2,0,2,0
2020-07-11,Amador,005,37829,51,0,51,0
2020-07-11,Butte,007,227075,611,22,633,4
2020-07-11,Calaveras,009,45235,84,0,84,0
2020-07-11,Colusa,011,21464,203,0,203,0
2020-07-11,Contra Costa,013,1133247,6374,11,6385,98
2020-07-11,Del Norte,015,27424,63,0,63,0
2020-07-11,El Dorado,017,186661,502,6,508,0
2020-07-11,Fresno,019,978130,14672,104,14776,112
2020-07-11,Glenn,021,27897,240,0,240,0
2020-07-11,Humboldt,023,135768,200,1,201,4
2020-07-11,Imperial,025,180216,9191,5,9196,218
2020-07-11,Inyo,027,18085,39,1,40,1
2020-07-11,Kern,029,883053,15856,50,15906,121
2020-07-11,Kings,031,150075,3411,17,3428,40
2020-07-11,Lake,033,64148,156,0,156,1
2020-07-11,Lassen,035,31185,490,2,492,0
2020-07-11,Los Angeles,037,10098052,152843,186,153029,4107
2020-07-11,Madera,039,155013,1652,3,1655,10
2020-07-11,Marin,041,260295,951,3,954,28
2020-07-11,Mariposa,043,17540,39,0,39,0
2020-07-11,Mendocino,045,87422,156,0,156,1
2020-07-11,Merced,047,269075,3204,2,3206,15
2020-07-11,Modoc,049,8938,1,0,1,0
2020-07-11,Mono,051,14174,68,1,69,1
2020-07-11,Monterey,053,433212,3355,5,3360,18
2020-07-11,Napa,055,140530,696,0,696,4
2020-07-11,Nevada,057,99092,224,5,229,1
2020-07-11,Orange,059,3164182,33159,368,33527,595
2020-07-11,Placer,061,380077,1457,3,1460,11
2020-07-11,Plumas,063,18699,21,0,21,0
2020-07-11,Riverside,065,2383286,33010,31,33041,620
2020-07-11,Sacramento,067,1510023,7549,7,7556,97
2020-07-11,San Benito,069,59416,441,0,441,3
2020-07-11,San Bernardino,071,2135413,27944,34,27978,423
2020-07-11,San Diego,073,3302833,24323,2,24325,467
2020-07-11,San Francisco,075,870044,5198,2,5200,54
2020-07-11,San Joaquin,077,732212,9025,4,9029,97
2020-07-11,San Luis Obispo,079,281455,1407,7,1414,5
2020-07-11,San Mateo,081,765935,4705,7,4712,121
2020-07-11,Santa Barbara,083,443738,5136,41,5177,44
2020-07-11,Santa Clara,085,1922200,8430,19,8449,171
2020-07-11,Santa Cruz,087,273765,744,5,749,3
2020-07-11,Shasta,089,179085,303,1,304,8
2020-07-11,Sierra,091,2930,1,0,1,0
2020-07-11,Siskiyou,093,43540,59,0,59,0
2020-07-11,Solano,095,438530,2961,7,2968,28
2020-07-11,Sonoma,097,501317,2265,6,2271,13
2020-07-11,Stanislaus,099,539301,7149,9,7158,76
2020-07-11,Sutter,101,95872,452,0,452,4
2020-07-11,Tehama,103,63373,146,2,148,1
2020-07-11,Trinity,105,12862,21,5,26,0
2020-07-11,Tulare,107,460477,7656,23,7679,159
2020-07-11,Tuolumne,109,53932,87,4,91,0
2020-07-11,Ventura,111,848112,6212,20,6232,63
2020-07-11,Yolo,113,214977,1215,3,1218,28
2020-07-11,Yuba,115,75493,225,0,225,3
2020-07-10,Alameda,001,1643700,9494,11,9505,154
2020-07-10,Alpine,002,1148,2,0,2,0
2020-07-10,Amador,005,37829,47,0,47,0
2020-07-10,Butte,007,227075,600,22,622,4
2020-07-10,Calaveras,009,45235,84,0,84,0
2020-07-10,Colusa,011,21464,197,0,197,0
2020-07-10,Contra Costa,013,1133247,6235,11,6246,97
2020-07-10,Del Norte,015,27424,63,0,63,0
2020-07-10,El Dorado,017,186661,484,6,490,0
2020-07-10,Fresno,019,978130,14340,101,14441,109
2020-07-10,Glenn,021,27897,235,0,235,0
2020-07-10,Humboldt,023,135768,199,1,200,4
2020-07-10,Imperial,025,180216,9142,4,9146,211
2020-07-10,Inyo,027,18085,39,1,40,1
2020-07-10,Kern,029,883053,15424,49,15473,118
2020-07-10,Kings,031,150075,3375,17,3392,39
2020-07-10,Lake,033,64148,149,0,149,1
2020-07-10,Lassen,035,31185,489,2,491,0
2020-07-10,Los Angeles,037,10098052,150420,180,150600,4073
2020-07-10,Madera,039,155013,1606,3,1609,10
2020-07-10,Marin,041,260295,947,3,950,26
2020-07-10,Mariposa,043,17540,38,0,38,0
2020-07-10,Mendocino,045,87422,148,0,148,1
2020-07-10,Merced,047,269075,3118,2,3120,14
2020-07-10,Modoc,049,8938,1,0,1,0
2020-07-10,Mono,051,14174,67,1,68,1
2020-07-10,Monterey,053,433212,3277,5,3282,18
2020-07-10,Napa,055,140530,685,0,685,4
2020-07-10,Nevada,057,99092,219,5,224,1
2020-07-10,Orange,059,3164182,32573,365,32938,578
2020-07-10,Placer,061,380077,1415,3,1418,11
2020-07-10,Plumas,063,18699,19,0,19,0
2020-07-10,Riverside,065,2383286,32492,31,32523,606
2020-07-10,Sacramento,067,1510023,7294,7,7301,95
2020-07-10,San Benito,069,59416,432,0,432,3
2020-07-10,San Bernardino,071,2135413,27420,31,27451,418
2020-07-10,San Diego,073,3302833,23939,2,23941,459
2020-07-10,San Francisco,075,870044,5107,2,5109,54
2020-07-10,San Joaquin,077,732212,8792,4,8796,94
2020-07-10,San Luis Obispo,079,281455,1369,7,1376,4
2020-07-10,San Mateo,081,765935,4640,7,4647,121
2020-07-10,Santa Barbara,083,443738,5039,40,5079,44
2020-07-10,Santa Clara,085,1922200,8206,19,8225,171
2020-07-10,Santa Cruz,087,273765,716,5,721,3
2020-07-10,Shasta,089,179085,299,1,300,8
2020-07-10,Sierra,091,2930,1,0,1,0
2020-07-10,Siskiyou,093,43540,59,0,59,0
2020-07-10,Solano,095,438530,2914,7,2921,28
2020-07-10,Sonoma,097,501317,2218,5,2223,12
2020-07-10,Stanislaus,099,539301,6979,9,6988,74
2020-07-10,Sutter,101,95872,445,0,445,4
2020-07-10,Tehama,103,63373,145,2,147,1
2020-07-10,Trinity,105,12862,21,5,26,0
2020-07-10,Tulare,107,460477,7519,23,7542,152
2020-07-10,Tuolumne,109,53932,86,4,90,0
2020-07-10,Ventura,111,848112,6098,20,6118,61
2020-07-10,Yolo,113,214977,1191,3,1194,28
2020-07-10,Yuba,115,75493,211,0,211,3
2020-07-09,Alameda,001,1643700,9265,11,9276,151
2020-07-09,Alpine,002,1148,2,0,2,0
2020-07-09,Amador,005,37829,44,0,44,0
2020-07-09,Butte,007,227075,568,21,589,4
2020-07-09,Calaveras,009,45235,83,0,83,0
2020-07-09,Colusa,011,21464,189,0,189,0
2020-07-09,Contra Costa,013,1133247,5994,11,6005,96
2020-07-09,Del Norte,015,27424,63,0,63,0
2020-07-09,El Dorado,017,186661,459,5,464,0
2020-07-09,Fresno,019,978130,13887,98,13985,106
2020-07-09,Glenn,021,27897,225,0,225,0
2020-07-09,Humboldt,023,135768,196,1,197,4
2020-07-09,Imperial,025,180216,9043,4,9047,207
2020-07-09,Inyo,027,18085,37,1,38,1
2020-07-09,Kern,029,883053,14778,47,14825,114
2020-07-09,Kings,031,150075,3312,17,3329,39
2020-07-09,Lake,033,64148,146,0,146,1
2020-07-09,Lassen,035,31185,433,2,435,0
2020-07-09,Los Angeles,037,10098052,147161,158,147319,4030
2020-07-09,Madera,039,155013,1529,3,1532,10
2020-07-09,Marin,041,260295,879,2,881,25
2020-07-09,Mariposa,043,17540,38,0,38,0
2020-07-09,Mendocino,045,87422,144,0,144,1
2020-07-09,Merced,047,269075,2973,2,2975,14
2020-07-09,Modoc,049,8938,1,0,1,0
2020-07-09,Mono,051,14174,63,1,64,1
2020-07-09,Monterey,053,433212,3152,5,3157,18
2020-07-09,Napa,055,140530,668,0,668,4
2020-07-09,Nevada,057,99092,213,5,218,1
2020-07-09,Orange,059,3164182,31599,347,31946,570
2020-07-09,Placer,061,380077,1373,3,1376,11
2020-07-09,Plumas,063,18699,19,0,19,0
2020-07-09,Riverside,065,2383286,31599,30,31629,589
2020-07-09,Sacramento,067,1510023,6967,7,6974,94
2020-07-09,San Benito,069,59416,416,0,416,3
2020-07-09,San Bernardino,071,2135413,26550,25,26575,412
2020-07-09,San Diego,073,3302833,23347,2,23349,450
2020-07-09,San Francisco,075,870044,4975,2,4977,54
2020-07-09,San Joaquin,077,732212,8433,4,8437,89
2020-07-09,San Luis Obispo,079,281455,1328,7,1335,4
2020-07-09,San Mateo,081,765935,4514,7,4521,121
2020-07-09,Santa Barbara,083,443738,4907,40,4947,44
2020-07-09,Santa Clara,085,1922200,7945,19,7964,171
2020-07-09,Santa Cruz,087,273765,689,5,694,3
2020-07-09,Shasta,089,179085,293,1,294,8
2020-07-09,Sierra,091,2930,1,0,1,0
2020-07-09,Siskiyou,093,43540,55,0,55,0
2020-07-09,Solano,095,438530,2816,7,2823,28
2020-07-09,Sonoma,097,501317,2132,5,2137,11
2020-07-09,Stanislaus,099,539301,6664,8,6672,72
2020-07-09,Sutter,101,95872,428,0,428,4
2020-07-09,Tehama,103,63373,140,2,142,1
2020-07-09,Trinity,105,12862,21,5,26,0
2020-07-09,Tulare,107,460477,7300,22,7322,150
2020-07-09,Tuolumne,109,53932,85,4,89,0
2020-07-09,Ventura,111,848112,5930,20,5950,57
2020-07-09,Yolo,113,214977,1143,3,1146,28
2020-07-09,Yuba,115,75493,194,0,194,3
2020-07-08,Alameda,001,1643700,8973,11,8984,149
2020-07-08,Alpine,002,1148,2,0,2,0
2020-07-08,Amador,005,37829,41,0,41,0
2020-07-08,Butte,007,227075,531,21,552,4
2020-07-08,Calaveras,009,45235,78,0,78,0
2020-07-08,Colusa,011,21464,176,0,176,0
2020-07-08,Contra Costa,013,1133247,5748,9,5757,94
2020-07-08,Del Norte,015,27424,61,0,61,0
2020-07-08,El Dorado,017,186661,437,5,442,0
2020-07-08,Fresno,019,978130,13471,92,13563,105
2020-07-08,Glenn,021,27897,214,0,214,0
2020-07-08,Humboldt,023,135768,193,1,194,4
2020-07-08,Imperial,025,180216,8956,4,8960,198
2020-07-08,Inyo,027,18085,37,1,38,1
2020-07-08,Kern,029,883053,14200,45,14245,111
2020-07-08,Kings,031,150075,3253,14,3267,39
2020-07-08,Lake,033,64148,139,0,139,1
2020-07-08,Lassen,035,31185,337,2,339,0
2020-07-08,Los Angeles,037,10098052,143955,130,144085,3994
2020-07-08,Madera,039,155013,1459,3,1462,10
2020-07-08,Marin,041,260295,846,2,848,24
2020-07-08,Mariposa,043,17540,38,0,38,0
2020-07-08,Mendocino,045,87422,131,0,131,1
2020-07-08,Merced,047,269075,2845,2,2847,13
2020-07-08,Modoc,049,8938,1,0,1,0
2020-07-08,Mono,051,14174,60,0,60,1
2020-07-08,Monterey,053,433212,3034,4,3038,18
2020-07-08,Napa,055,140530,646,0,646,4
2020-07-08,Nevada,057,99092,204,5,209,1
2020-07-08,Orange,059,3164182,30644,342,30986,562
2020-07-08,Placer,061,380077,1326,3,1329,11
2020-07-08,Plumas,063,18699,19,0,19,0
2020-07-08,Riverside,065,2383286,30635,29,30664,586
2020-07-08,Sacramento,067,1510023,6678,7,6685,91
2020-07-08,San Benito,069,59416,399,0,399,3
2020-07-08,San Bernardino,071,2135413,25696,21,25717,405
2020-07-08,San Diego,073,3302833,22777,2,22779,447
2020-07-08,San Francisco,075,870044,4886,2,4888,54
2020-07-08,San Joaquin,077,732212,8090,4,8094,87
2020-07-08,San Luis Obispo,079,281455,1276,7,1283,4
2020-07-08,San Mateo,081,765935,4394,7,4401,121
2020-07-08,Santa Barbara,083,443738,4788,40,4828,43
2020-07-08,Santa Clara,085,1922200,7712,19,7731,166
2020-07-08,Santa Cruz,087,273765,656,4,660,3
2020-07-08,Shasta,089,179085,284,1,285,8
2020-07-08,Sierra,091,2930,1,0,1,0
2020-07-08,Siskiyou,093,43540,55,0,55,0
2020-07-08,Solano,095,438530,2700,7,2707,28
2020-07-08,Sonoma,097,501317,2056,5,2061,11
2020-07-08,Stanislaus,099,539301,6364,8,6372,67
2020-07-08,Sutter,101,95872,403,0,403,4
2020-07-08,Tehama,103,63373,134,2,136,1
2020-07-08,Trinity,105,12862,20,5,25,0
2020-07-08,Tulare,107,460477,7108,17,7125,149
2020-07-08,Tuolumne,109,53932,81,4,85,0
2020-07-08,Ventura,111,848112,5765,20,5785,56
2020-07-08,Yolo,113,214977,1099,3,1102,28
2020-07-08,Yuba,115,75493,181,0,181,3
2020-07-07,Alameda,001,1643700,8653,10,8663,147
2020-07-07,Alpine,002,1148,2,0,2,0
2020-07-07,Amador,005,37829,41,0,41,0
2020-07-07,Butte,007,227075,488,21,509,4
2020-07-07,Calaveras,009,45235,76,0,76,0
2020-07-07,Colusa,011,21464,143,0,143,0
2020-07-07,Contra Costa,013,1133247,5509,8,5517,94
2020-07-07,Del Norte,015,27424,61,0,61,0
2020-07-07,El Dorado,017,186661,417,5,422,0
2020-07-07,Fresno,019,978130,13016,92,13108,102
2020-07-07,Glenn,021,27897,205,0,205,0
2020-07-07,Humboldt,023,135768,190,1,191,4
2020-07-07,Imperial,025,180216,8858,4,8862,196
2020-07-07,Inyo,027,18085,36,1,37,1
2020-07-07,Kern,029,883053,13501,41,13542,110
2020-07-07,Kings,031,150075,3190,13,3203,39
2020-07-07,Lake,033,64148,129,0,129,1
2020-07-07,Lassen,035,31185,266,2,268,0
2020-07-07,Los Angeles,037,10098052,140376,123,140499,3955
2020-07-07,Madera,039,155013,1415,3,1418,9
2020-07-07,Marin,041,260295,837,2,839,24
2020-07-07,Mariposa,043,17540,38,0,38,0
2020-07-07,Mendocino,045,87422,123,0,123,1
2020-07-07,Merced,047,269075,2671,2,2673,13
2020-07-07,Modoc,049,8938,1,0,1,0
2020-07-07,Mono,051,14174,59,0,59,1
2020-07-07,Monterey,053,433212,2891,4,2895,18
2020-07-07,Napa,055,140530,627,0,627,4
2020-07-07,Nevada,057,99092,198,5,203,1
2020-07-07,Orange,059,3164182,29624,329,29953,547
2020-07-07,Placer,061,380077,1285,3,1288,11
2020-07-07,Plumas,063,18699,17,0,17,0
2020-07-07,Riverside,065,2383286,29620,29,29649,570
2020-07-07,Sacramento,067,1510023,6336,7,6343,90
2020-07-07,San Benito,069,59416,381,0,381,3
2020-07-07,San Bernardino,071,2135413,24826,19,24845,399
2020-07-07,San Diego,073,3302833,22058,2,22060,437
2020-07-07,San Francisco,075,870044,4794,1,4795,54
2020-07-07,San Joaquin,077,732212,7748,4,7752,84
2020-07-07,San Luis Obispo,079,281455,1215,7,1222,2
2020-07-07,San Mateo,081,765935,4279,7,4286,121
2020-07-07,Santa Barbara,083,443738,4660,39,4699,42
2020-07-07,Santa Clara,085,1922200,7443,19,7462,166
2020-07-07,Santa Cruz,087,273765,622,3,625,3
2020-07-07,Shasta,089,179085,271,1,272,8
2020-07-07,Sierra,091,2930,1,0,1,0
2020-07-07,Siskiyou,093,43540,54,0,54,0
2020-07-07,Solano,095,438530,2587,7,2594,27
2020-07-07,Sonoma,097,501317,1986,5,1991,11
2020-07-07,Stanislaus,099,539301,6026,8,6034,66
2020-07-07,Sutter,101,95872,377,0,377,4
2020-07-07,Tehama,103,63373,125,2,127,1
2020-07-07,Trinity,105,12862,20,5,25,0
2020-07-07,Tulare,107,460477,6929,16,6945,149
2020-07-07,Tuolumne,109,53932,75,4,79,0
2020-07-07,Ventura,111,848112,5596,18,5614,55
2020-07-07,Yolo,113,214977,1031,3,1034,27
2020-07-07,Yuba,115,75493,161,0,161,2
2020-07-06,Alameda,001,1643700,8418,10,8428,145
2020-07-06,Alpine,002,1148,1,0,1,0
2020-07-06,Amador,005,37829,39,0,39,0
2020-07-06,Butte,007,227075,432,18,450,4
2020-07-06,Calaveras,009,45235,73,0,73,0
2020-07-06,Colusa,011,21464,134,0,134,0
2020-07-06,Contra Costa,013,1133247,5281,7,5288,93
2020-07-06,Del Norte,015,27424,60,0,60,0
2020-07-06,El Dorado,017,186661,402,4,406,0
2020-07-06,Fresno,019,978130,12545,86,12631,100
2020-07-06,Glenn,021,27897,197,0,197,0
2020-07-06,Humboldt,023,135768,188,1,189,4
2020-07-06,Imperial,025,180216,8740,4,8744,192
2020-07-06,Inyo,027,18085,36,1,37,1
2020-07-06,Kern,029,883053,12695,40,12735,107
2020-07-06,Kings,031,150075,3139,9,3148,38
2020-07-06,Lake,033,64148,122,0,122,1
2020-07-06,Lassen,035,31185,264,2,266,0
2020-07-06,Los Angeles,037,10098052,136776,110,136886,3921
2020-07-06,Madera,039,155013,1345,3,1348,9
2020-07-06,Marin,041,260295,669,2,671,23
2020-07-06,Mariposa,043,17540,36,0,36,0
2020-07-06,Mendocino,045,87422,106,0,106,1
2020-07-06,Merced,047,269075,2513,2,2515,12
2020-07-06,Modoc,049,8938,1,0,1,0
2020-07-06,Mono,051,14174,58,0,58,1
2020-07-06,Monterey,053,433212,2802,4,2806,18
2020-07-06,Napa,055,140530,609,0,609,4
2020-07-06,Nevada,057,99092,192,5,197,1
2020-07-06,Orange,059,3164182,28559,292,28851,532
2020-07-06,Placer,061,380077,1222,3,1225,11
2020-07-06,Plumas,063,18699,17,0,17,0
2020-07-06,Riverside,065,2383286,28565,28,28593,558
2020-07-06,Sacramento,067,1510023,5985,7,5992,87
2020-07-06,San Benito,069,59416,366,0,366,3
2020-07-06,San Bernardino,071,2135413,23973,16,23989,392
2020-07-06,San Diego,073,3302833,21326,2,21328,435
2020-07-06,San Francisco,075,870044,4673,1,4674,54
2020-07-06,San Joaquin,077,732212,7377,4,7381,79
2020-07-06,San Luis Obispo,079,281455,1157,7,1164,2
2020-07-06,San Mateo,081,765935,4187,6,4193,121
2020-07-06,Santa Barbara,083,443738,4523,38,4561,41
2020-07-06,Santa Clara,085,1922200,7171,19,7190,164
2020-07-06,Santa Cruz,087,273765,600,2,602,3
2020-07-06,Shasta,089,179085,261,1,262,8
2020-07-06,Sierra,091,2930,1,0,1,0
2020-07-06,Siskiyou,093,43540,50,0,50,0
2020-07-06,Solano,095,438530,2451,7,2458,26
2020-07-06,Sonoma,097,501317,1922,5,1927,11
2020-07-06,Stanislaus,099,539301,5624,8,5632,64
2020-07-06,Sutter,101,95872,350,0,350,3
2020-07-06,Tehama,103,63373,122,2,124,1
2020-07-06,Trinity,105,12862,19,5,24,0
2020-07-06,Tulare,107,460477,6724,14,6738,149
2020-07-06,Tuolumne,109,53932,72,4,76,0
2020-07-06,Ventura,111,848112,5403,18,5421,54
2020-07-06,Yolo,113,214977,975,3,978,26
2020-07-06,Yuba,115,75493,147,0,147,2
2020-07-05,Alameda,001,1643700,8169,10,8179,145
2020-07-05,Alpine,002,1148,1,0,1,0
2020-07-05,Amador,005,37829,37,0,37,0
2020-07-05,Butte,007,227075,397,18,415,3
2020-07-05,Calaveras,009,45235,69,0,69,0
2020-07-05,Colusa,011,21464,124,0,124,0
2020-07-05,Contra Costa,013,1133247,5033,6,5039,91
2020-07-05,Del Norte,015,27424,60,0,60,0
2020-07-05,El Dorado,017,186661,384,4,388,0
2020-07-05,Fresno,019,978130,11979,85,12064,99
2020-07-05,Glenn,021,27897,194,0,194,0
2020-07-05,Humboldt,023,135768,184,1,185,4
2020-07-05,Imperial,025,180216,8603,4,8607,185
2020-07-05,Inyo,027,18085,35,1,36,1
2020-07-05,Kern,029,883053,11987,40,12027,103
2020-07-05,Kings,031,150075,3056,8,3064,38
2020-07-05,Lake,033,64148,122,0,122,1
2020-07-05,Lassen,035,31185,258,2,260,0
2020-07-05,Los Angeles,037,10098052,133545,104,133649,3885
2020-07-05,Madera,039,155013,1268,3,1271,9
2020-07-05,Marin,041,260295,539,2,541,22
2020-07-05,Mariposa,043,17540,36,0,36,0
2020-07-05,Mendocino,045,87422,103,0,103,1
2020-07-05,Merced,047,269075,2366,2,2368,12
2020-07-05,Modoc,049,8938,1,0,1,0
2020-07-05,Mono,051,14174,54,0,54,1
2020-07-05,Monterey,053,433212,2699,4,2703,16
2020-07-05,Napa,055,140530,579,0,579,4
2020-07-05,Nevada,057,99092,186,5,191,1
2020-07-05,Orange,059,3164182,27611,279,27890,520
2020-07-05,Placer,061,380077,1165,3,1168,11
2020-07-05,Plumas,063,18699,16,0,16,0
2020-07-05,Riverside,065,2383286,27707,28,27735,547
2020-07-05,Sacramento,067,1510023,5670,6,5676,87
2020-07-05,San Benito,069,59416,348,0,348,3
2020-07-05,San Bernardino,071,2135413,23094,16,23110,370
2020-07-05,San Diego,073,3302833,20635,2,20637,430
2020-07-05,San Francisco,075,870044,4556,1,4557,53
2020-07-05,San Joaquin,077,732212,7058,4,7062,75
2020-07-05,San Luis Obispo,079,281455,1078,7,1085,2
2020-07-05,San Mateo,081,765935,4077,6,4083,121
2020-07-05,Santa Barbara,083,443738,4376,35,4411,39
2020-07-05,Santa Clara,085,1922200,6875,19,6894,162
2020-07-05,Santa Cruz,087,273765,582,0,582,3
2020-07-05,Shasta,089,179085,255,1,256,8
2020-07-05,Sierra,091,2930,1,0,1,0
2020-07-05,Siskiyou,093,43540,46,0,46,0
2020-07-05,Solano,095,438530,2330,7,2337,25
2020-07-05,Sonoma,097,501317,1841,5,1846,9
2020-07-05,Stanislaus,099,539301,5294,7,5301,64
2020-07-05,Sutter,101,95872,322,0,322,3
2020-07-05,Tehama,103,63373,120,2,122,1
2020-07-05,Trinity,105,12862,19,5,24,0
2020-07-05,Tulare,107,460477,6465,12,6477,148
2020-07-05,Tuolumne,109,53932,67,3,70,0
2020-07-05,Ventura,111,848112,5200,18,5218,54
2020-07-05,Yolo,113,214977,935,3,938,26
2020-07-05,Yuba,115,75493,137,0,137,2
2020-07-04,Alameda,001,1643700,8057,10,8067,145
2020-07-04,Alpine,002,1148,1,0,1,0
2020-07-04,Amador,005,37829,36,0,36,0
2020-07-04,Butte,007,227075,379,18,397,3
2020-07-04,Calaveras,009,45235,69,0,69,0
2020-07-04,Colusa,011,21464,123,0,123,0
2020-07-04,Contra Costa,013,1133247,4887,6,4893,89
2020-07-04,Del Norte,015,27424,60,0,60,0
2020-07-04,El Dorado,017,186661,365,4,369,0
2020-07-04,Fresno,019,978130,11662,83,11745,98
2020-07-04,Glenn,021,27897,187,0,187,0
2020-07-04,Humboldt,023,135768,177,1,178,4
2020-07-04,Imperial,025,180216,8553,4,8557,183
2020-07-04,Inyo,027,18085,35,1,36,1
2020-07-04,Kern,029,883053,11683,40,11723,100
2020-07-04,Kings,031,150075,3013,8,3021,38
2020-07-04,Lake,033,64148,115,0,115,1
2020-07-04,Lassen,035,31185,258,2,260,0
2020-07-04,Los Angeles,037,10098052,131729,93,131822,3841
2020-07-04,Madera,039,155013,1222,3,1225,9
2020-07-04,Marin,041,260295,533,2,535,21
2020-07-04,Mariposa,043,17540,36,0,36,0
2020-07-04,Mendocino,045,87422,103,0,103,1
2020-07-04,Merced,047,269075,2267,2,2269,12
2020-07-04,Modoc,049,8938,1,0,1,0
2020-07-04,Mono,051,14174,54,0,54,1
2020-07-04,Monterey,053,433212,2619,4,2623,16
2020-07-04,Napa,055,140530,570,0,570,4
2020-07-04,Nevada,057,99092,183,5,188,1
2020-07-04,Orange,059,3164182,27175,266,27441,509
2020-07-04,Placer,061,380077,1130,3,1133,11
2020-07-04,Plumas,063,18699,16,0,16,0
2020-07-04,Riverside,065,2383286,27341,28,27369,540
2020-07-04,Sacramento,067,1510023,5499,6,5505,85
2020-07-04,San Benito,069,59416,335,0,335,3
2020-07-04,San Bernardino,071,2135413,22668,14,22682,363
2020-07-04,San Diego,073,3302833,20175,2,20177,426
2020-07-04,San Francisco,075,870044,4464,1,4465,52
2020-07-04,San Joaquin,077,732212,6846,4,6850,71
2020-07-04,San Luis Obispo,079,281455,1038,7,1045,2
2020-07-04,San Mateo,081,765935,4014,6,4020,121
2020-07-04,Santa Barbara,083,443738,4301,33,4334,38
2020-07-04,Santa Clara,085,1922200,6684,18,6702,159
2020-07-04,Santa Cruz,087,273765,572,0,572,3
2020-07-04,Shasta,089,179085,252,1,253,8
2020-07-04,Sierra,091,2930,1,0,1,0
2020-07-04,Siskiyou,093,43540,39,0,39,0
2020-07-04,Solano,095,438530,2293,7,2300,25
2020-07-04,Sonoma,097,501317,1815,5,1820,9
2020-07-04,Stanislaus,099,539301,5136,7,5143,64
2020-07-04,Sutter,101,95872,303,0,303,3
2020-07-04,Tehama,103,63373,117,2,119,1
2020-07-04,Trinity,105,12862,19,5,24,0
2020-07-04,Tulare,107,460477,6353,12,6365,145
2020-07-04,Tuolumne,109,53932,63,3,66,0
2020-07-04,Ventura,111,848112,5076,18,5094,54
2020-07-04,Yolo,113,214977,910,3,913,26
2020-07-04,Yuba,115,75493,130,0,130,2
2020-07-03,Alameda,001,1643700,7936,10,7946,144
2020-07-03,Alpine,002,1148,1,0,1,0
2020-07-03,Amador,005,37829,36,0,36,0
2020-07-03,Butte,007,227075,367,18,385,3
2020-07-03,Calaveras,009,45235,69,0,69,0
2020-07-03,Colusa,011,21464,117,0,117,0
2020-07-03,Contra Costa,013,1133247,4751,6,4757,86
2020-07-03,Del Norte,015,27424,60,0,60,0
2020-07-03,El Dorado,017,186661,353,4,357,0
2020-07-03,Fresno,019,978130,11357,81,11438,98
2020-07-03,Glenn,021,27897,182,0,182,0
2020-07-03,Humboldt,023,135768,173,1,174,4
2020-07-03,Imperial,025,180216,8506,4,8510,180
2020-07-03,Inyo,027,18085,35,1,36,1
2020-07-03,Kern,029,883053,11421,40,11461,98
2020-07-03,Kings,031,150075,2977,8,2985,37
2020-07-03,Lake,033,64148,108,0,108,1
2020-07-03,Lassen,035,31185,258,2,260,0
2020-07-03,Los Angeles,037,10098052,130216,89,130305,3811
2020-07-03,Madera,039,155013,1178,3,1181,9
2020-07-03,Marin,041,260295,530,2,532,19
2020-07-03,Mariposa,043,17540,36,0,36,0
2020-07-03,Mendocino,045,87422,102,0,102,1
2020-07-03,Merced,047,269075,2199,2,2201,12
2020-07-03,Modoc,049,8938,1,0,1,0
2020-07-03,Mono,051,14174,54,0,54,1
2020-07-03,Monterey,053,433212,2549,4,2553,16
2020-07-03,Napa,055,140530,552,0,552,4
2020-07-03,Nevada,057,99092,182,5,187,1
2020-07-03,Orange,059,3164182,26784,258,27042,498
2020-07-03,Placer,061,380077,1103,3,1106,11
2020-07-03,Plumas,063,18699,16,0,16,0
2020-07-03,Riverside,065,2383286,27035,28,27063,533
2020-07-03,Sacramento,067,1510023,5365,6,5371,84
2020-07-03,San Benito,069,59416,328,0,328,3
2020-07-03,San Bernardino,071,2135413,22280,14,22294,356
2020-07-03,San Diego,073,3302833,19720,2,19722,422
2020-07-03,San Francisco,075,870044,4418,1,4419,52
2020-07-03,San Joaquin,077,732212,6708,3,6711,71
2020-07-03,San Luis Obispo,079,281455,1003,7,1010,2
2020-07-03,San Mateo,081,765935,3957,6,3963,121
2020-07-03,Santa Barbara,083,443738,4214,32,4246,36
2020-07-03,Santa Clara,085,1922200,6572,18,6590,157
2020-07-03,Santa Cruz,087,273765,558,0,558,3
2020-07-03,Shasta,089,179085,244,1,245,7
2020-07-03,Sierra,091,2930,1,0,1,0
2020-07-03,Siskiyou,093,43540,36,0,36,0
2020-07-03,Solano,095,438530,2249,6,2255,25
2020-07-03,Sonoma,097,501317,1767,5,1772,8
2020-07-03,Stanislaus,099,539301,5012,7,5019,63
2020-07-03,Sutter,101,95872,293,0,293,3
2020-07-03,Tehama,103,63373,115,2,117,1
2020-07-03,Trinity,105,12862,19,5,24,0
2020-07-03,Tulare,107,460477,6238,12,6250,140
2020-07-03,Tuolumne,109,53932,61,3,64,0
2020-07-03,Ventura,111,848112,4980,18,4998,54
2020-07-03,Yolo,113,214977,876,3,879,26
2020-07-03,Yuba,115,75493,125,0,125,1
2020-07-02,Alameda,001,1643700,7810,10,7820,143
2020-07-02,Alpine,002,1148,1,0,1,0
2020-07-02,Amador,005,37829,35,0,35,0
2020-07-02,Butte,007,227075,350,18,368,3
2020-07-02,Calaveras,009,45235,64,0,64,0
2020-07-02,Colusa,011,21464,109,0,109,0
2020-07-02,Contra Costa,013,1133247,4569,6,4575,85
2020-07-02,Del Norte,015,27424,59,0,59,0
2020-07-02,El Dorado,017,186661,342,4,346,0
2020-07-02,Fresno,019,978130,10896,81,10977,97
2020-07-02,Glenn,021,27897,176,0,176,0
2020-07-02,Humboldt,023,135768,169,1,170,4
2020-07-02,Imperial,025,180216,8404,4,8408,176
2020-07-02,Inyo,027,18085,35,1,36,1
2020-07-02,Kern,029,883053,10886,38,10924,95
2020-07-02,Kings,031,150075,2926,8,2934,35
2020-07-02,Lake,033,64148,104,0,104,1
2020-07-02,Lassen,035,31185,256,2,258,0
2020-07-02,Los Angeles,037,10098052,128199,66,128265,3778
2020-07-02,Madera,039,155013,1110,3,1113,7
2020-07-02,Marin,041,260295,502,2,504,17
2020-07-02,Mariposa,043,17540,35,0,35,0
2020-07-02,Mendocino,045,87422,98,0,98,1
2020-07-02,Merced,047,269075,2096,2,2098,12
2020-07-02,Modoc,049,8938,1,0,1,0
2020-07-02,Mono,051,14174,54,0,54,1
2020-07-02,Monterey,053,433212,2489,4,2493,16
2020-07-02,Napa,055,140530,535,0,535,4
2020-07-02,Nevada,057,99092,176,4,180,1
2020-07-02,Orange,059,3164182,26016,245,26261,489
2020-07-02,Placer,061,380077,1079,3,1082,11
2020-07-02,Plumas,063,18699,15,0,15,0
2020-07-02,Riverside,065,2383286,26461,28,26489,526
2020-07-02,Sacramento,067,1510023,5138,6,5144,82
2020-07-02,San Benito,069,59416,320,0,320,3
2020-07-02,San Bernardino,071,2135413,21744,14,21758,348
2020-07-02,San Diego,073,3302833,19254,2,19256,417
2020-07-02,San Francisco,075,870044,4323,1,4324,52
2020-07-02,San Joaquin,077,732212,6361,3,6364,68
2020-07-02,San Luis Obispo,079,281455,958,7,965,2
2020-07-02,San Mateo,081,765935,3877,6,3883,119
2020-07-02,Santa Barbara,083,443738,4114,30,4144,36
2020-07-02,Santa Clara,085,1922200,6445,18,6463,156
2020-07-02,Santa Cruz,087,273765,535,0,535,3
2020-07-02,Shasta,089,179085,241,1,242,7
2020-07-02,Sierra,091,2930,1,0,1,0
2020-07-02,Siskiyou,093,43540,36,0,36,0
2020-07-02,Solano,095,438530,2166,6,2172,24
2020-07-02,Sonoma,097,501317,1709,5,1714,8
2020-07-02,Stanislaus,099,539301,4840,7,4847,61
2020-07-02,Sutter,101,95872,282,0,282,3
2020-07-02,Tehama,103,63373,113,2,115,1
2020-07-02,Trinity,105,12862,19,5,24,0
2020-07-02,Tulare,107,460477,6071,11,6082,136
2020-07-02,Tuolumne,109,53932,58,2,60,0
2020-07-02,Ventura,111,848112,4824,18,4842,54
2020-07-02,Yolo,113,214977,844,3,847,26
2020-07-02,Yuba,115,75493,115,0,115,1
2020-07-01,Alameda,001,1643700,7592,10,7602,139
2020-07-01,Alpine,002,1148,1,0,1,0
2020-07-01,Amador,005,37829,34,0,34,0
2020-07-01,Butte,007,227075,325,18,343,3
2020-07-01,Calaveras,009,45235,62,0,62,0
2020-07-01,Colusa,011,21464,103,0,103,0
2020-07-01,Contra Costa,013,1133247,4356,6,4362,83
2020-07-01,Del Norte,015,27424,59,0,59,0
2020-07-01,El Dorado,017,186661,315,4,319,0
2020-07-01,Fresno,019,978130,10462,78,10540,91
2020-07-01,Glenn,021,27897,170,0,170,0
2020-07-01,Humboldt,023,135768,164,0,164,4
2020-07-01,Imperial,025,180216,8307,4,8311,170
2020-07-01,Inyo,027,18085,34,1,35,1
2020-07-01,Kern,029,883053,10252,37,10289,93
2020-07-01,Kings,031,150075,2858,8,2866,33
2020-07-01,Lake,033,64148,103,0,103,1
2020-07-01,Lassen,035,31185,255,2,257,0
2020-07-01,Los Angeles,037,10098052,125001,57,125058,3734
2020-07-01,Madera,039,155013,1069,3,1072,7
2020-07-01,Marin,041,260295,444,2,446,17
2020-07-01,Mariposa,043,17540,35,0,35,0
2020-07-01,Mendocino,045,87422,94,0,94,1
2020-07-01,Merced,047,269075,1998,2,2000,12
2020-07-01,Modoc,049,8938,1,0,1,0
2020-07-01,Mono,051,14174,51,0,51,1
2020-07-01,Monterey,053,433212,2381,3,2384,15
2020-07-01,Napa,055,140530,512,0,512,4
2020-07-01,Nevada,057,99092,166,4,170,1
2020-07-01,Orange,059,3164182,25123,224,25347,481
2020-07-01,Placer,061,380077,1032,3,1035,11
2020-07-01,Plumas,063,18699,13,0,13,0
2020-07-01,Riverside,065,2383286,25618,27,25645,517
2020-07-01,Sacramento,067,1510023,4883,6,4889,81
2020-07-01,San Benito,069,59416,311,0,311,3
2020-07-01,San Bernardino,071,2135413,20850,11,20861,344
2020-07-01,San Diego,073,3302833,18686,2,18688,406
2020-07-01,San Francisco,075,870044,4230,1,4231,52
2020-07-01,San Joaquin,077,732212,6003,3,6006,65
2020-07-01,San Luis Obispo,079,281455,931,7,938,2
2020-07-01,San Mateo,081,765935,3815,6,3821,119
2020-07-01,Santa Barbara,083,443738,3994,29,4023,36
2020-07-01,Santa Clara,085,1922200,6259,17,6276,155
2020-07-01,Santa Cruz,087,273765,511,0,511,3
2020-07-01,Shasta,089,179085,236,1,237,7
2020-07-01,Sierra,091,2930,1,0,1,0
2020-07-01,Siskiyou,093,43540,36,0,36,0
2020-07-01,Solano,095,438530,2074,6,2080,24
2020-07-01,Sonoma,097,501317,1614,5,1619,7
2020-07-01,Stanislaus,099,539301,4562,7,4569,61
2020-07-01,Sutter,101,95872,269,0,269,3
2020-07-01,Tehama,103,63373,106,2,108,1
2020-07-01,Trinity,105,12862,19,4,23,0
2020-07-01,Tulare,107,460477,5895,11,5906,134
2020-07-01,Tuolumne,109,53932,55,2,57,0
2020-07-01,Ventura,111,848112,4682,16,4698,53
2020-07-01,Yolo,113,214977,793,3,796,26
2020-07-01,Yuba,115,75493,110,0,110,1
2020-06-30,Alameda,001,1643700,7345,8,7353,139
2020-06-30,Alpine,002,1148,1,0,1,0
2020-06-30,Amador,005,37829,34,0,34,0
2020-06-30,Butte,007,227075,308,17,325,3
2020-06-30,Calaveras,009,45235,58,0,58,0
2020-06-30,Colusa,011,21464,94,0,94,0
2020-06-30,Contra Costa,013,1133247,4145,6,4151,81
2020-06-30,Del Norte,015,27424,59,0,59,0
2020-06-30,El Dorado,017,186661,302,4,306,0
2020-06-30,Fresno,019,978130,10018,73,10091,89
2020-06-30,Glenn,021,27897,165,0,165,0
2020-06-30,Humboldt,023,135768,160,0,160,4
2020-06-30,Imperial,025,180216,8208,4,8212,168
2020-06-30,Inyo,027,18085,34,1,35,1
2020-06-30,Kern,029,883053,9605,34,9639,88
2020-06-30,Kings,031,150075,2809,5,2814,33
2020-06-30,Lake,033,64148,95,0,95,0
2020-06-30,Lassen,035,31185,248,2,250,0
2020-06-30,Los Angeles,037,10098052,121418,54,121472,3702
2020-06-30,Madera,039,155013,1012,3,1015,7
2020-06-30,Marin,041,260295,441,2,443,17
2020-06-30,Mariposa,043,17540,34,0,34,0
2020-06-30,Mendocino,045,87422,90,0,90,0
2020-06-30,Merced,047,269075,1861,2,1863,12
2020-06-30,Modoc,049,8938,1,0,1,0
2020-06-30,Mono,051,14174,49,0,49,1
2020-06-30,Monterey,053,433212,2284,3,2287,15
2020-06-30,Napa,055,140530,487,0,487,4
2020-06-30,Nevada,057,99092,158,4,162,1
2020-06-30,Orange,059,3164182,24185,214,24399,471
2020-06-30,Placer,061,380077,1005,3,1008,11
2020-06-30,Plumas,063,18699,12,0,12,0
2020-06-30,Riverside,065,2383286,24900,26,24926,508
2020-06-30,Sacramento,067,1510023,4594,6,4600,80
2020-06-30,San Benito,069,59416,300,0,300,3
2020-06-30,San Bernardino,071,2135413,19868,10,19878,340
2020-06-30,San Diego,073,3302833,17981,2,17983,398
2020-06-30,San Francisco,075,870044,4125,1,4126,52
2020-06-30,San Joaquin,077,732212,5629,3,5632,65
2020-06-30,San Luis Obispo,079,281455,891,7,898,2
2020-06-30,San Mateo,081,765935,3737,6,3743,118
2020-06-30,Santa Barbara,083,443738,3878,29,3907,35
2020-06-30,Santa Clara,085,1922200,6056,17,6073,155
2020-06-30,Santa Cruz,087,273765,485,0,485,3
2020-06-30,Shasta,089,179085,220,1,221,7
2020-06-30,Sierra,091,2930,1,0,1,0
2020-06-30,Siskiyou,093,43540,35,0,35,0
2020-06-30,Solano,095,438530,1982,6,1988,24
2020-06-30,Sonoma,097,501317,1551,5,1556,6
2020-06-30,Stanislaus,099,539301,4265,7,4272,58
2020-06-30,Sutter,101,95872,246,0,246,3
2020-06-30,Tehama,103,63373,104,2,106,1
2020-06-30,Trinity,105,12862,19,4,23,0
2020-06-30,Tulare,107,460477,5686,11,5697,131
2020-06-30,Tuolumne,109,53932,51,2,53,0
2020-06-30,Ventura,111,848112,4548,16,4564,53
2020-06-30,Yolo,113,214977,755,3,758,26
2020-06-30,Yuba,115,75493,106,0,106,1
2020-06-29,Alameda,001,1643700,7137,8,7145,138
2020-06-29,Alpine,002,1148,1,0,1,0
2020-06-29,Amador,005,37829,31,0,31,0
2020-06-29,Butte,007,227075,287,17,304,2
2020-06-29,Calaveras,009,45235,56,0,56,0
2020-06-29,Colusa,011,21464,89,0,89,0
2020-06-29,Contra Costa,013,1133247,3981,5,3986,79
2020-06-29,Del Norte,015,27424,59,0,59,0
2020-06-29,El Dorado,017,186661,288,2,290,0
2020-06-29,Fresno,019,978130,9670,71,9741,88
2020-06-29,Glenn,021,27897,156,0,156,0
2020-06-29,Humboldt,023,135768,159,0,159,4
2020-06-29,Imperial,025,180216,8079,4,8083,165
2020-06-29,Inyo,027,18085,33,0,33,1
2020-06-29,Kern,029,883053,8942,32,8974,85
2020-06-29,Kings,031,150075,2744,5,2749,32
2020-06-29,Lake,033,64148,88,0,88,0
2020-06-29,Lassen,035,31185,240,2,242,0
2020-06-29,Los Angeles,037,10098052,118382,48,118430,3664
2020-06-29,Madera,039,155013,955,3,958,5
2020-06-29,Marin,041,260295,438,2,440,17
2020-06-29,Mariposa,043,17540,32,0,32,0
2020-06-29,Mendocino,045,87422,87,0,87,0
2020-06-29,Merced,047,269075,1752,1,1753,12
2020-06-29,Modoc,049,8938,1,0,1,0
2020-06-29,Mono,051,14174,47,0,47,1
2020-06-29,Monterey,053,433212,2212,3,2215,15
2020-06-29,Napa,055,140530,465,0,465,4
2020-06-29,Nevada,057,99092,155,3,158,1
2020-06-29,Orange,059,3164182,23186,198,23384,457
2020-06-29,Placer,061,380077,969,3,972,11
2020-06-29,Plumas,063,18699,12,0,12,0
2020-06-29,Riverside,065,2383286,23866,26,23892,501
2020-06-29,Sacramento,067,1510023,4307,6,4313,78
2020-06-29,San Benito,069,59416,285,0,285,3
2020-06-29,San Bernardino,071,2135413,18905,10,18915,332
2020-06-29,San Diego,073,3302833,17403,2,17405,393
2020-06-29,San Francisco,075,870044,4048,1,4049,52
2020-06-29,San Joaquin,077,732212,5271,3,5274,63
2020-06-29,San Luis Obispo,079,281455,857,7,864,1
2020-06-29,San Mateo,081,765935,3683,6,3689,118
2020-06-29,Santa Barbara,083,443738,3769,28,3797,35
2020-06-29,Santa Clara,085,1922200,5886,17,5903,155
2020-06-29,Santa Cruz,087,273765,467,0,467,3
2020-06-29,Shasta,089,179085,212,1,213,5
2020-06-29,Sierra,091,2930,1,0,1,0
2020-06-29,Siskiyou,093,43540,35,0,35,0
2020-06-29,Solano,095,438530,1879,6,1885,23
2020-06-29,Sonoma,097,501317,1479,5,1484,6
2020-06-29,Stanislaus,099,539301,4060,6,4066,58
2020-06-29,Sutter,101,95872,224,0,224,3
2020-06-29,Tehama,103,63373,100,2,102,1
2020-06-29,Trinity,105,12862,18,4,22,0
2020-06-29,Tulare,107,460477,5532,10,5542,130
2020-06-29,Tuolumne,109,53932,47,2,49,0
2020-06-29,Ventura,111,848112,4401,16,4417,53
2020-06-29,Yolo,113,214977,722,3,725,25
2020-06-29,Yuba,115,75493,93,0,93,1
2020-06-28,Alameda,001,1643700,6876,8,6884,138
2020-06-28,Alpine,002,1148,1,0,1,0
2020-06-28,Amador,005,37829,29,0,29,0
2020-06-28,Butte,007,227075,268,16,284,2
2020-06-28,Calaveras,009,45235,51,0,51,0
2020-06-28,Colusa,011,21464,74,0,74,0
2020-06-28,Contra Costa,013,1133247,3791,4,3795,79
2020-06-28,Del Norte,015,27424,58,0,58,0
2020-06-28,El Dorado,017,186661,276,2,278,0
2020-06-28,Fresno,019,978130,9307,71,9378,85
2020-06-28,Glenn,021,27897,148,0,148,0
2020-06-28,Humboldt,023,135768,156,0,156,4
2020-06-28,Imperial,025,180216,7888,4,7892,163
2020-06-28,Inyo,027,18085,33,0,33,1
2020-06-28,Kern,029,883053,8391,29,8420,84
2020-06-28,Kings,031,150075,2684,5,2689,29
2020-06-28,Lake,033,64148,84,0,84,0
2020-06-28,Lassen,035,31185,240,2,242,0
2020-06-28,Los Angeles,037,10098052,115178,44,115222,3628
2020-06-28,Madera,039,155013,907,3,910,5
2020-06-28,Marin,041,260295,393,2,395,16
2020-06-28,Mariposa,043,17540,32,0,32,0
2020-06-28,Mendocino,045,87422,85,0,85,0
2020-06-28,Merced,047,269075,1638,1,1639,12
2020-06-28,Modoc,049,8938,1,0,1,0
2020-06-28,Mono,051,14174,47,0,47,1
2020-06-28,Monterey,053,433212,2130,3,2133,14
2020-06-28,Napa,055,140530,431,0,431,4
2020-06-28,Nevada,057,99092,144,3,147,1
2020-06-28,Orange,059,3164182,22204,180,22384,448
2020-06-28,Placer,061,380077,930,3,933,11
2020-06-28,Plumas,063,18699,11,0,11,0
2020-06-28,Riverside,065,2383286,23037,25,23062,492
2020-06-28,Sacramento,067,1510023,4079,6,4085,77
2020-06-28,San Benito,069,59416,274,0,274,3
2020-06-28,San Bernardino,071,2135413,18153,9,18162,319
2020-06-28,San Diego,073,3302833,16857,2,16859,388
2020-06-28,San Francisco,075,870044,3970,1,3971,52
2020-06-28,San Joaquin,077,732212,4934,3,4937,62
2020-06-28,San Luis Obispo,079,281455,818,6,824,1
2020-06-28,San Mateo,081,765935,3606,5,3611,118
2020-06-28,Santa Barbara,083,443738,3624,28,3652,34
2020-06-28,Santa Clara,085,1922200,5724,17,5741,153
2020-06-28,Santa Cruz,087,273765,444,0,444,3
2020-06-28,Shasta,089,179085,199,0,199,5
2020-06-28,Sierra,091,2930,1,0,1,0
2020-06-28,Siskiyou,093,43540,35,0,35,0
2020-06-28,Solano,095,438530,1804,6,1810,23
2020-06-28,Sonoma,097,501317,1425,5,1430,5
2020-06-28,Stanislaus,099,539301,3854,6,3860,56
2020-06-28,Sutter,101,95872,198,0,198,3
2020-06-28,Tehama,103,63373,93,2,95,1
2020-06-28,Trinity,105,12862,17,4,21,0
2020-06-28,Tulare,107,460477,5364,10,5374,128
2020-06-28,Tuolumne,109,53932,42,2,44,0
2020-06-28,Ventura,111,848112,4243,16,4259,50
2020-06-28,Yolo,113,214977,687,3,690,25
2020-06-28,Yuba,115,75493,89,0,89,1
2020-06-27,Alameda,001,1643700,6780,8,6788,136
2020-06-27,Alpine,002,1148,1,0,1,0
2020-06-27,Amador,005,37829,27,0,27,0
2020-06-27,Butte,007,227075,260,15,275,2
2020-06-27,Calaveras,009,45235,49,0,49,0
2020-06-27,Colusa,011,21464,68,0,68,0
2020-06-27,Contra Costa,013,1133247,3697,3,3700,77
2020-06-27,Del Norte,015,27424,58,0,58,0
2020-06-27,El Dorado,017,186661,270,2,272,0
2020-06-27,Fresno,019,978130,9060,71,9131,84
2020-06-27,Glenn,021,27897,144,0,144,0
2020-06-27,Humboldt,023,135768,154,0,154,4
2020-06-27,Imperial,025,180216,7827,4,7831,157
2020-06-27,Inyo,027,18085,33,0,33,1
2020-06-27,Kern,029,883053,8128,28,8156,82
2020-06-27,Kings,031,150075,2658,5,2663,27
2020-06-27,Lake,033,64148,81,0,81,0
2020-06-27,Lassen,035,31185,240,2,242,0
2020-06-27,Los Angeles,037,10098052,113436,41,113477,3586
2020-06-27,Madera,039,155013,864,2,866,5
2020-06-27,Marin,041,260295,391,2,393,16
2020-06-27,Mariposa,043,17540,31,0,31,0
2020-06-27,Mendocino,045,87422,85,0,85,0
2020-06-27,Merced,047,269075,1578,0,1578,12
2020-06-27,Modoc,049,8938,1,0,1,0
2020-06-27,Mono,051,14174,46,0,46,1
2020-06-27,Monterey,053,433212,2066,3,2069,14
2020-06-27,Napa,055,140530,421,0,421,4
2020-06-27,Nevada,057,99092,140,2,142,1
2020-06-27,Orange,059,3164182,21693,175,21868,432
2020-06-27,Placer,061,380077,909,3,912,11
2020-06-27,Plumas,063,18699,11,0,11,0
2020-06-27,Riverside,065,2383286,22647,25,22672,486
2020-06-27,Sacramento,067,1510023,3962,6,3968,76
2020-06-27,San Benito,069,59416,267,0,267,3
2020-06-27,San Bernardino,071,2135413,17778,9,17787,313
2020-06-27,San Diego,073,3302833,16492,2,16494,386
2020-06-27,San Francisco,075,870044,3915,1,3916,52
2020-06-27,San Joaquin,077,732212,4768,3,4771,62
2020-06-27,San Luis Obispo,079,281455,795,6,801,1
2020-06-27,San Mateo,081,765935,3549,5,3554,117
2020-06-27,Santa Barbara,083,443738,3552,28,3580,34
2020-06-27,Santa Clara,085,1922200,5618,17,5635,153
2020-06-27,Santa Cruz,087,273765,437,0,437,3
2020-06-27,Shasta,089,179085,193,0,193,5
2020-06-27,Sierra,091,2930,1,0,1,0
2020-06-27,Siskiyou,093,43540,35,0,35,0
2020-06-27,Solano,095,438530,1771,6,1777,23
2020-06-27,Sonoma,097,501317,1392,5,1397,4
2020-06-27,Stanislaus,099,539301,3754,6,3760,53
2020-06-27,Sutter,101,95872,191,0,191,3
2020-06-27,Tehama,103,63373,90,2,92,1
2020-06-27,Trinity,105,12862,17,4,21,0
2020-06-27,Tulare,107,460477,5267,10,5277,127
2020-06-27,Tuolumne,109,53932,41,2,43,0
2020-06-27,Ventura,111,848112,4144,16,4160,49
2020-06-27,Yolo,113,214977,663,3,666,25
2020-06-27,Yuba,115,75493,81,0,81,1
2020-06-26,Alameda,001,1643700,6694,7,6701,136
2020-06-26,Alpine,002,1148,1,0,1,0
2020-06-26,Amador,005,37829,26,0,26,0
2020-06-26,Butte,007,227075,245,15,260,2
2020-06-26,Calaveras,009,45235,47,0,47,0
2020-06-26,Colusa,011,21464,63,0,63,0
2020-06-26,Contra Costa,013,1133247,3584,3,3587,76
2020-06-26,Del Norte,015,27424,57,0,57,0
2020-06-26,El Dorado,017,186661,262,2,264,0
2020-06-26,Fresno,019,978130,8835,71,8906,82
2020-06-26,Glenn,021,27897,137,0,137,0
2020-06-26,Humboldt,023,135768,152,0,152,4
2020-06-26,Imperial,025,180216,7764,4,7768,153
2020-06-26,Inyo,027,18085,32,0,32,1
2020-06-26,Kern,029,883053,7798,28,7826,77
2020-06-26,Kings,031,150075,2626,4,2630,24
2020-06-26,Lake,033,64148,80,0,80,0
2020-06-26,Lassen,035,31185,239,2,241,0
2020-06-26,Los Angeles,037,10098052,111273,41,111314,3560
2020-06-26,Madera,039,155013,832,2,834,5
2020-06-26,Marin,041,260295,390,2,392,16
2020-06-26,Mariposa,043,17540,30,0,30,0
2020-06-26,Mendocino,045,87422,82,0,82,0
2020-06-26,Merced,047,269075,1531,0,1531,12
2020-06-26,Modoc,049,8938,1,0,1,0
2020-06-26,Mono,051,14174,45,0,45,1
2020-06-26,Monterey,053,433212,2014,3,2017,14
2020-06-26,Napa,055,140530,411,0,411,4
2020-06-26,Nevada,057,99092,136,1,137,1
2020-06-26,Orange,059,3164182,21014,172,21186,427
2020-06-26,Placer,061,380077,880,3,883,11
2020-06-26,Plumas,063,18699,11,0,11,0
2020-06-26,Riverside,065,2383286,22184,25,22209,478
2020-06-26,Sacramento,067,1510023,3797,6,3803,76
2020-06-26,San Benito,069,59416,263,0,263,3
2020-06-26,San Bernardino,071,2135413,17400,9,17409,309
2020-06-26,San Diego,073,3302833,16127,2,16129,382
2020-06-26,San Francisco,075,870044,3860,1,3861,52
2020-06-26,San Joaquin,077,732212,4554,3,4557,62
2020-06-26,San Luis Obispo,079,281455,780,6,786,1
2020-06-26,San Mateo,081,765935,3497,5,3502,117
2020-06-26,Santa Barbara,083,443738,3462,26,3488,34
2020-06-26,Santa Clara,085,1922200,5518,17,5535,153
2020-06-26,Santa Cruz,087,273765,430,0,430,3
2020-06-26,Shasta,089,179085,186,0,186,5
2020-06-26,Sierra,091,2930,1,0,1,0
2020-06-26,Siskiyou,093,43540,34,0,34,0
2020-06-26,Solano,095,438530,1729,6,1735,22
2020-06-26,Sonoma,097,501317,1361,5,1366,4
2020-06-26,Stanislaus,099,539301,3641,6,3647,52
2020-06-26,Sutter,101,95872,184,0,184,3
2020-06-26,Tehama,103,63373,87,2,89,1
2020-06-26,Trinity,105,12862,17,4,21,0
2020-06-26,Tulare,107,460477,5178,10,5188,126
2020-06-26,Tuolumne,109,53932,39,2,41,0
2020-06-26,Ventura,111,848112,4058,16,4074,48
2020-06-26,Yolo,113,214977,640,3,643,25
2020-06-26,Yuba,115,75493,75,0,75,1
2020-06-25,Alameda,001,1643700,6505,7,6512,134
2020-06-25,Alpine,002,1148,1,0,1,0
2020-06-25,Amador,005,37829,25,0,25,0
2020-06-25,Butte,007,227075,240,15,255,2
2020-06-25,Calaveras,009,45235,42,0,42,0
2020-06-25,Colusa,011,21464,53,0,53,0
2020-06-25,Contra Costa,013,1133247,3398,3,3401,76
2020-06-25,Del Norte,015,27424,55,0,55,0
2020-06-25,El Dorado,017,186661,254,2,256,0
2020-06-25,Fresno,019,978130,8522,70,8592,82
2020-06-25,Glenn,021,27897,132,0,132,0
2020-06-25,Humboldt,023,135768,151,0,151,4
2020-06-25,Imperial,025,180216,7635,4,7639,152
2020-06-25,Inyo,027,18085,29,0,29,1
2020-06-25,Kern,029,883053,7374,25,7399,74
2020-06-25,Kings,031,150075,2574,4,2578,22
2020-06-25,Lake,033,64148,79,0,79,0
2020-06-25,Lassen,035,31185,233,2,235,0
2020-06-25,Los Angeles,037,10098052,108505,41,108546,3527
2020-06-25,Madera,039,155013,788,2,790,5
2020-06-25,Marin,041,260295,387,2,389,16
2020-06-25,Mariposa,043,17540,29,0,29,0
2020-06-25,Mendocino,045,87422,79,0,79,0
2020-06-25,Merced,047,269075,1443,0,1443,11
2020-06-25,Modoc,049,8938,1,0,1,0
2020-06-25,Mono,051,14174,44,0,44,1
2020-06-25,Monterey,053,433212,1926,3,1929,13
2020-06-25,Napa,055,140530,393,0,393,4
2020-06-25,Nevada,057,99092,128,1,129,1
2020-06-25,Orange,059,3164182,20087,170,20257,419
2020-06-25,Placer,061,380077,826,3,829,11
2020-06-25,Plumas,063,18699,10,0,10,0
2020-06-25,Riverside,065,2383286,21429,25,21454,471
2020-06-25,Sacramento,067,1510023,3574,6,3580,76
2020-06-25,San Benito,069,59416,255,0,255,3
2020-06-25,San Bernardino,071,2135413,16649,9,16658,299
2020-06-25,San Diego,073,3302833,15588,2,15590,380
2020-06-25,San Francisco,075,870044,3794,1,3795,52
2020-06-25,San Joaquin,077,732212,4282,3,4285,61
2020-06-25,San Luis Obispo,079,281455,748,6,754,1
2020-06-25,San Mateo,081,765935,3429,4,3433,115
2020-06-25,Santa Barbara,083,443738,3357,25,3382,33
2020-06-25,Santa Clara,085,1922200,5368,17,5385,153
2020-06-25,Santa Cruz,087,273765,418,0,418,3
2020-06-25,Shasta,089,179085,176,0,176,5
2020-06-25,Sierra,091,2930,1,0,1,0
2020-06-25,Siskiyou,093,43540,33,0,33,0
2020-06-25,Solano,095,438530,1675,6,1681,22
2020-06-25,Sonoma,097,501317,1312,4,1316,4
2020-06-25,Stanislaus,099,539301,3429,6,3435,48
2020-06-25,Sutter,101,95872,172,0,172,3
2020-06-25,Tehama,103,63373,83,2,85,1
2020-06-25,Trinity,105,12862,17,4,21,0
2020-06-25,Tulare,107,460477,5047,10,5057,122
2020-06-25,Tuolumne,109,53932,38,1,39,0
2020-06-25,Ventura,111,848112,3876,15,3891,48
2020-06-25,Yolo,113,214977,611,3,614,24
2020-06-25,Yuba,115,75493,64,0,64,1
2020-06-24,Alameda,001,1643700,6343,7,6350,134
2020-06-24,Alpine,002,1148,1,0,1,0
2020-06-24,Amador,005,37829,23,0,23,0
2020-06-24,Butte,007,227075,224,14,238,2
2020-06-24,Calaveras,009,45235,40,0,40,0
2020-06-24,Colusa,011,21464,44,0,44,0
2020-06-24,Contra Costa,013,1133247,3243,3,3246,74
2020-06-24,Del Norte,015,27424,49,0,49,0
2020-06-24,El Dorado,017,186661,238,2,240,0
2020-06-24,Fresno,019,978130,8191,70,8261,82
2020-06-24,Glenn,021,27897,124,0,124,0
2020-06-24,Humboldt,023,135768,151,0,151,4
2020-06-24,Imperial,025,180216,7517,4,7521,149
2020-06-24,Inyo,027,18085,29,0,29,1
2020-06-24,Kern,029,883053,6981,23,7004,73
2020-06-24,Kings,031,150075,2510,4,2514,21
2020-06-24,Lake,033,64148,66,0,66,0
2020-06-24,Lassen,035,31185,232,2,234,0
2020-06-24,Los Angeles,037,10098052,105745,41,105786,3499
2020-06-24,Madera,039,155013,766,2,768,5
2020-06-24,Marin,041,260295,343,2,345,16
2020-06-24,Mariposa,043,17540,28,0,28,0
2020-06-24,Mendocino,045,87422,79,0,79,0
2020-06-24,Merced,047,269075,1356,0,1356,11
2020-06-24,Modoc,049,8938,1,0,1,0
2020-06-24,Mono,051,14174,42,0,42,1
2020-06-24,Monterey,053,433212,1850,3,1853,13
2020-06-24,Napa,055,140530,376,0,376,4
2020-06-24,Nevada,057,99092,122,1,123,1
2020-06-24,Orange,059,3164182,19089,152,19241,411
2020-06-24,Placer,061,380077,787,3,790,10
2020-06-24,Plumas,063,18699,10,0,10,0
2020-06-24,Riverside,065,2383286,20581,25,20606,463
2020-06-24,Sacramento,067,1510023,3370,5,3375,76
2020-06-24,San Benito,069,59416,251,0,251,3
2020-06-24,San Bernardino,071,2135413,15835,9,15844,294
2020-06-24,San Diego,073,3302833,15085,2,15087,377
2020-06-24,San Francisco,075,870044,3731,1,3732,52
2020-06-24,San Joaquin,077,732212,4061,3,4064,60
2020-06-24,San Luis Obispo,079,281455,717,5,722,1
2020-06-24,San Mateo,081,765935,3372,4,3376,114
2020-06-24,Santa Barbara,083,443738,3238,23,3261,31
2020-06-24,Santa Clara,085,1922200,5237,17,5254,152
2020-06-24,Santa Cruz,087,273765,406,0,406,3
2020-06-24,Shasta,089,179085,168,0,168,5
2020-06-24,Sierra,091,2930,1,0,1,0
2020-06-24,Siskiyou,093,43540,32,0,32,0
2020-06-24,Solano,095,438530,1586,5,1591,22
2020-06-24,Sonoma,097,501317,1263,4,1267,4
2020-06-24,Stanislaus,099,539301,3250,6,3256,47
2020-06-24,Sutter,101,95872,159,0,159,3
2020-06-24,Tehama,103,63373,81,2,83,1
2020-06-24,Trinity,105,12862,16,3,19,0
2020-06-24,Tulare,107,460477,4892,10,4902,119
2020-06-24,Tuolumne,109,53932,33,1,34,0
2020-06-24,Ventura,111,848112,3535,15,3550,47
2020-06-24,Yolo,113,214977,576,3,579,24
2020-06-24,Yuba,115,75493,58,0,58,1
2020-06-23,Alameda,001,1643700,6163,7,6170,133
2020-06-23,Alpine,002,1148,1,0,1,0
2020-06-23,Amador,005,37829,22,0,22,0
2020-06-23,Butte,007,227075,206,14,220,1
2020-06-23,Calaveras,009,45235,40,0,40,0
2020-06-23,Colusa,011,21464,40,0,40,0
2020-06-23,Contra Costa,013,1133247,3116,3,3119,73
2020-06-23,Del Norte,015,27424,48,0,48,0
2020-06-23,El Dorado,017,186661,229,2,231,0
2020-06-23,Fresno,019,978130,7542,68,7610,80
2020-06-23,Glenn,021,27897,120,0,120,0
2020-06-23,Humboldt,023,135768,151,0,151,4
2020-06-23,Imperial,025,180216,7353,4,7357,144
2020-06-23,Inyo,027,18085,29,0,29,1
2020-06-23,Kern,029,883053,6614,20,6634,70
2020-06-23,Kings,031,150075,2445,4,2449,21
2020-06-23,Lake,033,64148,60,0,60,0
2020-06-23,Lassen,035,31185,228,2,230,0
2020-06-23,Los Angeles,037,10098052,102801,40,102841,3458
2020-06-23,Madera,039,155013,727,2,729,5
2020-06-23,Marin,041,260295,329,2,331,15
2020-06-23,Mariposa,043,17540,26,0,26,0
2020-06-23,Mendocino,045,87422,78,0,78,0
2020-06-23,Merced,047,269075,1260,0,1260,11
2020-06-23,Modoc,049,8938,1,0,1,0
2020-06-23,Mono,051,14174,42,0,42,1
2020-06-23,Monterey,053,433212,1780,3,1783,13
2020-06-23,Napa,055,140530,361,0,361,4
2020-06-23,Nevada,057,99092,116,1,117,1
2020-06-23,Orange,059,3164182,18112,149,18261,396
2020-06-23,Placer,061,380077,761,3,764,10
2020-06-23,Plumas,063,18699,9,0,9,0
2020-06-23,Riverside,065,2383286,19562,25,19587,458
2020-06-23,Sacramento,067,1510023,3191,5,3196,75
2020-06-23,San Benito,069,59416,237,0,237,3
2020-06-23,San Bernardino,071,2135413,15053,9,15062,288
2020-06-23,San Diego,073,3302833,14565,2,14567,373
2020-06-23,San Francisco,075,870044,3658,1,3659,52
2020-06-23,San Joaquin,077,732212,3802,3,3805,59
2020-06-23,San Luis Obispo,079,281455,686,5,691,1
2020-06-23,San Mateo,081,765935,3307,4,3311,113
2020-06-23,Santa Barbara,083,443738,3143,23,3166,31
2020-06-23,Santa Clara,085,1922200,5092,17,5109,151
2020-06-23,Santa Cruz,087,273765,396,0,396,3
2020-06-23,Shasta,089,179085,159,0,159,5
2020-06-23,Sierra,091,2930,1,0,1,0
2020-06-23,Siskiyou,093,43540,30,0,30,0
2020-06-23,Solano,095,438530,1528,4,1532,22
2020-06-23,Sonoma,097,501317,1210,4,1214,4
2020-06-23,Stanislaus,099,539301,3073,6,3079,45
2020-06-23,Sutter,101,95872,149,0,149,3
2020-06-23,Tehama,103,63373,79,2,81,1
2020-06-23,Trinity,105,12862,16,3,19,0
2020-06-23,Tulare,107,460477,4770,10,4780,119
2020-06-23,Tuolumne,109,53932,28,0,28,0
2020-06-23,Ventura,111,848112,3375,14,3389,46
2020-06-23,Yolo,113,214977,549,0,549,24
2020-06-23,Yuba,115,75493,55,0,55,1
2020-06-22,Alameda,001,1643700,6012,7,6019,131
2020-06-22,Alpine,002,1148,1,0,1,0
2020-06-22,Amador,005,37829,19,0,19,0
2020-06-22,Butte,007,227075,187,14,201,1
2020-06-22,Calaveras,009,45235,38,0,38,0
2020-06-22,Colusa,011,21464,37,0,37,0
2020-06-22,Contra Costa,013,1133247,2975,3,2978,72
2020-06-22,Del Norte,015,27424,48,0,48,0
2020-06-22,El Dorado,017,186661,220,2,222,0
2020-06-22,Fresno,019,978130,7011,68,7079,80
2020-06-22,Glenn,021,27897,111,0,111,0
2020-06-22,Humboldt,023,135768,148,0,148,4
2020-06-22,Imperial,025,180216,7191,4,7195,142
2020-06-22,Inyo,027,18085,29,0,29,1
2020-06-22,Kern,029,883053,6262,18,6280,69
2020-06-22,Kings,031,150075,2396,4,2400,20
2020-06-22,Lake,033,64148,54,0,54,0
2020-06-22,Lassen,035,31185,118,2,120,0
2020-06-22,Los Angeles,037,10098052,99902,39,99941,3435
2020-06-22,Madera,039,155013,702,2,704,5
2020-06-22,Marin,041,260295,324,2,326,15
2020-06-22,Mariposa,043,17540,25,0,25,0
2020-06-22,Mendocino,045,87422,73,0,73,0
2020-06-22,Merced,047,269075,1171,0,1171,9
2020-06-22,Modoc,049,8938,1,0,1,0
2020-06-22,Mono,051,14174,42,0,42,1
2020-06-22,Monterey,053,433212,1719,3,1722,13
2020-06-22,Napa,055,140530,337,0,337,4
2020-06-22,Nevada,057,99092,111,1,112,1
2020-06-22,Orange,059,3164182,17176,146,17322,388
2020-06-22,Placer,061,380077,735,3,738,10
2020-06-22,Plumas,063,18699,7,0,7,0
2020-06-22,Riverside,065,2383286,18590,25,18615,453
2020-06-22,Sacramento,067,1510023,2975,4,2979,73
2020-06-22,San Benito,069,59416,228,0,228,3
2020-06-22,San Bernardino,071,2135413,14280,9,14289,284
2020-06-22,San Diego,073,3302833,14073,2,14075,366
2020-06-22,San Francisco,075,870044,3565,1,3566,52
2020-06-22,San Joaquin,077,732212,3554,3,3557,58
2020-06-22,San Luis Obispo,079,281455,653,5,658,1
2020-06-22,San Mateo,081,765935,3233,3,3236,111
2020-06-22,Santa Barbara,083,443738,3051,23,3074,29
2020-06-22,Santa Clara,085,1922200,4930,17,4947,149
2020-06-22,Santa Cruz,087,273765,383,0,383,3
2020-06-22,Shasta,089,179085,156,0,156,5
2020-06-22,Sierra,091,2930,1,0,1,0
2020-06-22,Siskiyou,093,43540,30,0,30,0
2020-06-22,Solano,095,438530,1450,3,1453,22
2020-06-22,Sonoma,097,501317,1166,2,1168,4
2020-06-22,Stanislaus,099,539301,2888,6,2894,44
2020-06-22,Sutter,101,95872,140,0,140,3
2020-06-22,Tehama,103,63373,75,2,77,1
2020-06-22,Trinity,105,12862,16,3,19,0
2020-06-22,Tulare,107,460477,4633,10,4643,118
2020-06-22,Tuolumne,109,53932,19,0,19,0
2020-06-22,Ventura,111,848112,3227,14,3241,46
2020-06-22,Yolo,113,214977,523,0,523,24
2020-06-22,Yuba,115,75493,50,0,50,1
2020-06-21,Alameda,001,1643700,5818,7,5825,130
2020-06-21,Alpine,002,1148,1,0,1,0
2020-06-21,Amador,005,37829,14,0,14,0
2020-06-21,Butte,007,227075,173,14,187,1
2020-06-21,Calaveras,009,45235,38,0,38,0
2020-06-21,Colusa,011,21464,29,0,29,0
2020-06-21,Contra Costa,013,1133247,2848,3,2851,69
2020-06-21,Del Norte,015,27424,47,0,47,0
2020-06-21,El Dorado,017,186661,211,2,213,0
2020-06-21,Fresno,019,978130,6440,67,6507,79
2020-06-21,Glenn,021,27897,102,0,102,0
2020-06-21,Humboldt,023,135768,143,0,143,4
2020-06-21,Imperial,025,180216,7008,4,7012,139
2020-06-21,Inyo,027,18085,27,0,27,1
2020-06-21,Kern,029,883053,5970,16,5986,68
2020-06-21,Kings,031,150075,2332,4,2336,19
2020-06-21,Lake,033,64148,49,0,49,0
2020-06-21,Lassen,035,31185,25,2,27,0
2020-06-21,Los Angeles,037,10098052,97011,38,97049,3404
2020-06-21,Madera,039,155013,668,2,670,5
2020-06-21,Marin,041,260295,298,2,300,15
2020-06-21,Mariposa,043,17540,22,0,22,0
2020-06-21,Mendocino,045,87422,70,0,70,0
2020-06-21,Merced,047,269075,1075,0,1075,9
2020-06-21,Modoc,049,8938,1,0,1,0
2020-06-21,Mono,051,14174,42,0,42,1
2020-06-21,Monterey,053,433212,1646,3,1649,13
2020-06-21,Napa,055,140530,322,0,322,4
2020-06-21,Nevada,057,99092,108,1,109,1
2020-06-21,Orange,059,3164182,16338,143,16481,374
2020-06-21,Placer,061,380077,695,3,698,10
2020-06-21,Plumas,063,18699,7,0,7,0
2020-06-21,Riverside,065,2383286,17883,24,17907,446
2020-06-21,Sacramento,067,1510023,2774,3,2777,72
2020-06-21,San Benito,069,59416,214,0,214,3
2020-06-21,San Bernardino,071,2135413,13505,8,13513,282
2020-06-21,San Diego,073,3302833,13527,2,13529,363
2020-06-21,San Francisco,075,870044,3459,1,3460,52
2020-06-21,San Joaquin,077,732212,3318,3,3321,55
2020-06-21,San Luis Obispo,079,281455,627,5,632,1
2020-06-21,San Mateo,081,765935,3175,3,3178,111
2020-06-21,Santa Barbara,083,443738,2944,22,2966,28
2020-06-21,Santa Clara,085,1922200,4793,17,4810,149
2020-06-21,Santa Cruz,087,273765,373,0,373,3
2020-06-21,Shasta,089,179085,146,0,146,5
2020-06-21,Sierra,091,2930,1,0,1,0
2020-06-21,Siskiyou,093,43540,30,0,30,0
2020-06-21,Solano,095,438530,1348,3,1351,22
2020-06-21,Sonoma,097,501317,1116,2,1118,4
2020-06-21,Stanislaus,099,539301,2702,6,2708,43
2020-06-21,Sutter,101,95872,132,0,132,3
2020-06-21,Tehama,103,63373,64,2,66,1
2020-06-21,Trinity,105,12862,15,3,18,0
2020-06-21,Tulare,107,460477,4464,10,4474,118
2020-06-21,Tuolumne,109,53932,17,0,17,0
2020-06-21,Ventura,111,848112,3049,14,3063,46
2020-06-21,Yolo,113,214977,491,0,491,24
2020-06-21,Yuba,115,75493,46,0,46,1
2020-06-20,Alameda,001,1643700,5757,7,5764,128
2020-06-20,Alpine,002,1148,1,0,1,0
2020-06-20,Amador,005,37829,14,0,14,0
2020-06-20,Butte,007,227075,166,14,180,1
2020-06-20,Calaveras,009,45235,38,0,38,0
2020-06-20,Colusa,011,21464,26,0,26,0
2020-06-20,Contra Costa,013,1133247,2789,3,2792,66
2020-06-20,Del Norte,015,27424,47,0,47,0
2020-06-20,El Dorado,017,186661,206,2,208,0
2020-06-20,Fresno,019,978130,6315,64,6379,78
2020-06-20,Glenn,021,27897,97,0,97,0
2020-06-20,Humboldt,023,135768,143,0,143,4
2020-06-20,Imperial,025,180216,6928,4,6932,139
2020-06-20,Inyo,027,18085,27,0,27,1
2020-06-20,Kern,029,883053,5805,16,5821,66
2020-06-20,Kings,031,150075,2308,4,2312,18
2020-06-20,Lake,033,64148,49,0,49,0
2020-06-20,Lassen,035,31185,24,2,26,0
2020-06-20,Los Angeles,037,10098052,95437,37,95474,3372
2020-06-20,Madera,039,155013,635,2,637,4
2020-06-20,Marin,041,260295,298,2,300,15
2020-06-20,Mariposa,043,17540,22,0,22,0
2020-06-20,Mendocino,045,87422,69,0,69,0
2020-06-20,Merced,047,269075,1037,0,1037,9
2020-06-20,Modoc,049,8938,1,0,1,0
2020-06-20,Mono,051,14174,42,0,42,1
2020-06-20,Monterey,053,433212,1610,3,1613,13
2020-06-20,Napa,055,140530,313,0,313,4
2020-06-20,Nevada,057,99092,105,1,106,1
2020-06-20,Orange,059,3164182,15987,139,16126,368
2020-06-20,Placer,061,380077,670,3,673,9
2020-06-20,Plumas,063,18699,6,0,6,0
2020-06-20,Riverside,065,2383286,17583,24,17607,441
2020-06-20,Sacramento,067,1510023,2703,3,2706,71
2020-06-20,San Benito,069,59416,210,0,210,3
2020-06-20,San Bernardino,071,2135413,13141,8,13149,279
2020-06-20,San Diego,073,3302833,13204,2,13206,360
2020-06-20,San Francisco,075,870044,3415,1,3416,52
2020-06-20,San Joaquin,077,732212,3236,3,3239,54
2020-06-20,San Luis Obispo,079,281455,613,5,618,1
2020-06-20,San Mateo,081,765935,3127,3,3130,110
2020-06-20,Santa Barbara,083,443738,2887,21,2908,26
2020-06-20,Santa Clara,085,1922200,4719,17,4736,149
2020-06-20,Santa Cruz,087,273765,371,0,371,3
2020-06-20,Shasta,089,179085,140,0,140,5
2020-06-20,Sierra,091,2930,1,0,1,0
2020-06-20,Siskiyou,093,43540,29,0,29,0
2020-06-20,Solano,095,438530,1324,3,1327,22
2020-06-20,Sonoma,097,501317,1080,2,1082,3
2020-06-20,Stanislaus,099,539301,2594,6,2600,43
2020-06-20,Sutter,101,95872,130,0,130,3
2020-06-20,Tehama,103,63373,62,2,64,1
2020-06-20,Trinity,105,12862,15,3,18,0
2020-06-20,Tulare,107,460477,4391,10,4401,114
2020-06-20,Tuolumne,109,53932,14,0,14,0
2020-06-20,Ventura,111,848112,2983,14,2997,44
2020-06-20,Yolo,113,214977,475,0,475,24
2020-06-20,Yuba,115,75493,44,0,44,1
2020-06-19,Alameda,001,1643700,5684,7,5691,126
2020-06-19,Alpine,002,1148,1,0,1,0
2020-06-19,Amador,005,37829,14,0,14,0
2020-06-19,Butte,007,227075,161,14,175,1
2020-06-19,Calaveras,009,45235,37,0,37,0
2020-06-19,Colusa,011,21464,24,0,24,0
2020-06-19,Contra Costa,013,1133247,2709,3,2712,64
2020-06-19,Del Norte,015,27424,47,0,47,0
2020-06-19,El Dorado,017,186661,198,2,200,0
2020-06-19,Fresno,019,978130,6152,63,6215,78
2020-06-19,Glenn,021,27897,91,0,91,0
2020-06-19,Humboldt,023,135768,141,0,141,4
2020-06-19,Imperial,025,180216,6836,4,6840,137
2020-06-19,Inyo,027,18085,27,0,27,1
2020-06-19,Kern,029,883053,5582,15,5597,64
2020-06-19,Kings,031,150075,2287,4,2291,13
2020-06-19,Lake,033,64148,46,0,46,0
2020-06-19,Lassen,035,31185,23,2,25,0
2020-06-19,Los Angeles,037,10098052,93448,36,93484,3332
2020-06-19,Madera,039,155013,616,2,618,4
2020-06-19,Marin,041,260295,298,2,300,15
2020-06-19,Mariposa,043,17540,21,0,21,0
2020-06-19,Mendocino,045,87422,68,0,68,0
2020-06-19,Merced,047,269075,992,0,992,8
2020-06-19,Modoc,049,8938,1,0,1,0
2020-06-19,Mono,051,14174,42,0,42,1
2020-06-19,Monterey,053,433212,1581,3,1584,13
2020-06-19,Napa,055,140530,303,0,303,4
2020-06-19,Nevada,057,99092,102,1,103,1
2020-06-19,Orange,059,3164182,15453,132,15585,362
2020-06-19,Placer,061,380077,652,3,655,9
2020-06-19,Plumas,063,18699,6,0,6,0
2020-06-19,Riverside,065,2383286,17178,24,17202,437
2020-06-19,Sacramento,067,1510023,2620,3,2623,68
2020-06-19,San Benito,069,59416,209,0,209,3
2020-06-19,San Bernardino,071,2135413,12736,7,12743,276
2020-06-19,San Diego,073,3302833,12841,2,12843,358
2020-06-19,San Francisco,075,870044,3360,1,3361,52
2020-06-19,San Joaquin,077,732212,3113,3,3116,53
2020-06-19,San Luis Obispo,079,281455,597,5,602,1
2020-06-19,San Mateo,081,765935,3088,3,3091,109
2020-06-19,Santa Barbara,083,443738,2814,19,2833,26
2020-06-19,Santa Clara,085,1922200,4646,17,4663,148
2020-06-19,Santa Cruz,087,273765,361,0,361,3
2020-06-19,Shasta,089,179085,137,0,137,5
2020-06-19,Sierra,091,2930,1,0,1,0
2020-06-19,Siskiyou,093,43540,29,0,29,0
2020-06-19,Solano,095,438530,1286,3,1289,22
2020-06-19,Sonoma,097,501317,1053,2,1055,3
2020-06-19,Stanislaus,099,539301,2484,6,2490,42
2020-06-19,Sutter,101,95872,129,0,129,3
2020-06-19,Tehama,103,63373,61,2,63,1
2020-06-19,Trinity,105,12862,15,3,18,0
2020-06-19,Tulare,107,460477,4321,10,4331,112
2020-06-19,Tuolumne,109,53932,13,0,13,0
2020-06-19,Ventura,111,848112,2899,14,2913,43
2020-06-19,Yolo,113,214977,456,0,456,24
2020-06-19,Yuba,115,75493,43,0,43,1
2020-06-18,Alameda,001,1643700,5555,7,5562,125
2020-06-18,Alpine,002,1148,1,0,1,0
2020-06-18,Amador,005,37829,13,0,13,0
2020-06-18,Butte,007,227075,156,14,170,1
2020-06-18,Calaveras,009,45235,37,0,37,0
2020-06-18,Colusa,011,21464,20,0,20,0
2020-06-18,Contra Costa,013,1133247,2602,3,2605,58
2020-06-18,Del Norte,015,27424,47,0,47,0
2020-06-18,El Dorado,017,186661,194,2,196,0
2020-06-18,Fresno,019,978130,5886,62,5948,77
2020-06-18,Glenn,021,27897,82,0,82,0
2020-06-18,Humboldt,023,135768,140,0,140,4
2020-06-18,Imperial,025,180216,6686,4,6690,134
2020-06-18,Inyo,027,18085,26,0,26,1
2020-06-18,Kern,029,883053,5364,14,5378,64
2020-06-18,Kings,031,150075,2228,4,2232,12
2020-06-18,Lake,033,64148,45,0,45,0
2020-06-18,Lassen,035,31185,22,2,24,0
2020-06-18,Los Angeles,037,10098052,91178,36,91214,3294
2020-06-18,Madera,039,155013,581,2,583,4
2020-06-18,Marin,041,260295,296,2,298,15
2020-06-18,Mariposa,043,17540,19,0,19,0
2020-06-18,Mendocino,045,87422,64,0,64,0
2020-06-18,Merced,047,269075,941,0,941,8
2020-06-18,Modoc,049,8938,1,0,1,0
2020-06-18,Mono,051,14174,42,0,42,1
2020-06-18,Monterey,053,433212,1513,3,1516,13
2020-06-18,Napa,055,140530,288,0,288,4
2020-06-18,Nevada,057,99092,98,1,99,1
2020-06-18,Orange,059,3164182,14796,113,14909,350
2020-06-18,Placer,061,380077,629,3,632,9
2020-06-18,Plumas,063,18699,6,0,6,0
2020-06-18,Riverside,065,2383286,16561,24,16585,431
2020-06-18,Sacramento,067,1510023,2504,3,2507,68
2020-06-18,San Benito,069,59416,203,0,203,3
2020-06-18,San Bernardino,071,2135413,12096,7,12103,273
2020-06-18,San Diego,073,3302833,12419,2,12421,357
2020-06-18,San Francisco,075,870044,3311,1,3312,52
2020-06-18,San Joaquin,077,732212,2961,3,2964,53
2020-06-18,San Luis Obispo,079,281455,576,5,581,1
2020-06-18,San Mateo,081,765935,3049,3,3052,109
2020-06-18,Santa Barbara,083,443738,2740,19,2759,24
2020-06-18,Santa Clara,085,1922200,4543,17,4560,147
2020-06-18,Santa Cruz,087,273765,344,0,344,3
2020-06-18,Shasta,089,179085,126,0,126,5
2020-06-18,Sierra,091,2930,1,0,1,0
2020-06-18,Siskiyou,093,43540,29,0,29,0
2020-06-18,Solano,095,438530,1248,3,1251,22
2020-06-18,Sonoma,097,501317,1011,2,1013,3
2020-06-18,Stanislaus,099,539301,2351,6,2357,42
2020-06-18,Sutter,101,95872,125,0,125,3
2020-06-18,Tehama,103,63373,56,2,58,1
2020-06-18,Trinity,105,12862,15,3,18,0
2020-06-18,Tulare,107,460477,4198,10,4208,109
2020-06-18,Tuolumne,109,53932,12,0,12,0
2020-06-18,Ventura,111,848112,2773,14,2787,40
2020-06-18,Yolo,113,214977,423,0,423,24
2020-06-18,Yuba,115,75493,42,0,42,1
2020-06-17,Alameda,001,1643700,5432,7,5439,122
2020-06-17,Alpine,002,1148,1,0,1,0
2020-06-17,Amador,005,37829,12,0,12,0
2020-06-17,Butte,007,227075,147,14,161,1
2020-06-17,Calaveras,009,45235,37,0,37,0
2020-06-17,Colusa,011,21464,19,0,19,0
2020-06-17,Contra Costa,013,1133247,2506,3,2509,58
2020-06-17,Del Norte,015,27424,47,0,47,0
2020-06-17,El Dorado,017,186661,187,2,189,0
2020-06-17,Fresno,019,978130,5660,61,5721,77
2020-06-17,Glenn,021,27897,75,0,75,0
2020-06-17,Humboldt,023,135768,138,0,138,4
2020-06-17,Imperial,025,180216,6511,4,6515,130
2020-06-17,Inyo,027,18085,25,0,25,1
2020-06-17,Kern,029,883053,5163,14,5177,62
2020-06-17,Kings,031,150075,2198,4,2202,11
2020-06-17,Lake,033,64148,44,0,44,0
2020-06-17,Lassen,035,31185,18,2,20,0
2020-06-17,Los Angeles,037,10098052,88870,35,88905,3263
2020-06-17,Madera,039,155013,559,2,561,4
2020-06-17,Marin,041,260295,292,2,294,15
2020-06-17,Mariposa,043,17540,18,0,18,0
2020-06-17,Mendocino,045,87422,62,0,62,0
2020-06-17,Merced,047,269075,868,0,868,8
2020-06-17,Modoc,049,8938,1,0,1,0
2020-06-17,Mono,051,14174,42,0,42,1
2020-06-17,Monterey,053,433212,1461,3,1464,13
2020-06-17,Napa,055,140530,273,0,273,4
2020-06-17,Nevada,057,99092,94,1,95,1
2020-06-17,Orange,059,3164182,14185,107,14292,341
2020-06-17,Placer,061,380077,609,3,612,9
2020-06-17,Plumas,063,18699,6,0,6,0
2020-06-17,Riverside,065,2383286,15925,24,15949,427
2020-06-17,Sacramento,067,1510023,2397,3,2400,68
2020-06-17,San Benito,069,59416,198,0,198,3
2020-06-17,San Bernardino,071,2135413,11547,7,11554,272
2020-06-17,San Diego,073,3302833,12040,2,12042,351
2020-06-17,San Francisco,075,870044,3272,1,3273,51
2020-06-17,San Joaquin,077,732212,2788,3,2791,51
2020-06-17,San Luis Obispo,079,281455,557,5,562,1
2020-06-17,San Mateo,081,765935,3002,3,3005,109
2020-06-17,Santa Barbara,083,443738,2668,17,2685,23
2020-06-17,Santa Clara,085,1922200,4450,16,4466,147
2020-06-17,Santa Cruz,087,273765,338,0,338,3
2020-06-17,Shasta,089,179085,124,0,124,5
2020-06-17,Sierra,091,2930,1,0,1,0
2020-06-17,Siskiyou,093,43540,28,0,28,0
2020-06-17,Solano,095,438530,1198,3,1201,22
2020-06-17,Sonoma,097,501317,986,2,988,3
2020-06-17,Stanislaus,099,539301,2227,6,2233,41
2020-06-17,Sutter,101,95872,119,0,119,3
2020-06-17,Tehama,103,63373,41,2,43,1
2020-06-17,Trinity,105,12862,14,3,17,0
2020-06-17,Tulare,107,460477,4088,10,4098,108
2020-06-17,Tuolumne,109,53932,12,0,12,0
2020-06-17,Ventura,111,848112,2673,14,2687,40
2020-06-17,Yolo,113,214977,403,0,403,24
2020-06-17,Yuba,115,75493,41,0,41,1
2020-06-16,Alameda,001,1643700,5314,7,5321,122
2020-06-16,Alpine,002,1148,1,0,1,0
2020-06-16,Amador,005,37829,12,0,12,0
2020-06-16,Butte,007,227075,143,14,157,1
2020-06-16,Calaveras,009,45235,34,0,34,0
2020-06-16,Colusa,011,21464,16,0,16,0
2020-06-16,Contra Costa,013,1133247,2414,2,2416,57
2020-06-16,Del Norte,015,27424,47,0,47,0
2020-06-16,El Dorado,017,186661,181,2,183,0
2020-06-16,Fresno,019,978130,5421,59,5480,76
2020-06-16,Glenn,021,27897,71,0,71,0
2020-06-16,Humboldt,023,135768,135,0,135,4
2020-06-16,Imperial,025,180216,6348,4,6352,125
2020-06-16,Inyo,027,18085,25,0,25,1
2020-06-16,Kern,029,883053,4939,14,4953,61
2020-06-16,Kings,031,150075,2152,4,2156,9
2020-06-16,Lake,033,64148,44,0,44,0
2020-06-16,Lassen,035,31185,15,2,17,0
2020-06-16,Los Angeles,037,10098052,86549,35,86584,3222
2020-06-16,Madera,039,155013,533,2,535,4
2020-06-16,Marin,041,260295,292,2,294,15
2020-06-16,Mariposa,043,17540,18,0,18,0
2020-06-16,Mendocino,045,87422,61,0,61,0
2020-06-16,Merced,047,269075,822,0,822,8
2020-06-16,Modoc,049,8938,1,0,1,0
2020-06-16,Mono,051,14174,42,0,42,1
2020-06-16,Monterey,053,433212,1413,3,1416,13
2020-06-16,Napa,055,140530,258,0,258,4
2020-06-16,Nevada,057,99092,91,1,92,1
2020-06-16,Orange,059,3164182,13600,101,13701,337
2020-06-16,Placer,061,380077,577,3,580,9
2020-06-16,Plumas,063,18699,6,0,6,0
2020-06-16,Riverside,065,2383286,15250,24,15274,423
2020-06-16,Sacramento,067,1510023,2287,3,2290,68
2020-06-16,San Benito,069,59416,190,0,190,3
2020-06-16,San Bernardino,071,2135413,11003,7,11010,269
2020-06-16,San Diego,073,3302833,11678,1,11679,348
2020-06-16,San Francisco,075,870044,3221,1,3222,51
2020-06-16,San Joaquin,077,732212,2635,3,2638,50
2020-06-16,San Luis Obispo,079,281455,533,5,538,1
2020-06-16,San Mateo,081,765935,2948,3,2951,108
2020-06-16,Santa Barbara,083,443738,2601,17,2618,23
2020-06-16,Santa Clara,085,1922200,4339,15,4354,147
2020-06-16,Santa Cruz,087,273765,322,0,322,3
2020-06-16,Shasta,089,179085,115,0,115,5
2020-06-16,Sierra,091,2930,1,0,1,0
2020-06-16,Siskiyou,093,43540,27,0,27,0
2020-06-16,Solano,095,438530,1108,3,1111,22
2020-06-16,Sonoma,097,501317,954,2,956,3
2020-06-16,Stanislaus,099,539301,2073,6,2079,40
2020-06-16,Sutter,101,95872,112,0,112,3
2020-06-16,Tehama,103,63373,37,2,39,1
2020-06-16,Trinity,105,12862,14,3,17,0
2020-06-16,Tulare,107,460477,3970,10,3980,107
2020-06-16,Tuolumne,109,53932,12,0,12,0
2020-06-16,Ventura,111,848112,2573,14,2587,40
2020-06-16,Yolo,113,214977,380,0,380,24
2020-06-16,Yuba,115,75493,39,0,39,1
2020-06-15,Alameda,001,1643700,5187,7,5194,120
2020-06-15,Alpine,002,1148,1,0,1,0
2020-06-15,Amador,005,37829,12,0,12,0
2020-06-15,Butte,007,227075,135,13,148,1
2020-06-15,Calaveras,009,45235,34,0,34,0
2020-06-15,Colusa,011,21464,14,0,14,0
2020-06-15,Contra Costa,013,1133247,2338,2,2340,54
2020-06-15,Del Norte,015,27424,47,0,47,0
2020-06-15,El Dorado,017,186661,171,2,173,0
2020-06-15,Fresno,019,978130,5206,58,5264,74
2020-06-15,Glenn,021,27897,66,0,66,0
2020-06-15,Humboldt,023,135768,133,0,133,4
2020-06-15,Imperial,025,180216,6174,4,6178,117
2020-06-15,Inyo,027,18085,25,0,25,1
2020-06-15,Kern,029,883053,4716,14,4730,60
2020-06-15,Kings,031,150075,2076,4,2080,9
2020-06-15,Lake,033,64148,44,0,44,0
2020-06-15,Lassen,035,31185,15,2,17,0
2020-06-15,Los Angeles,037,10098052,84362,35,84397,3197
2020-06-15,Madera,039,155013,511,2,513,4
2020-06-15,Marin,041,260295,286,2,288,15
2020-06-15,Mariposa,043,17540,18,0,18,0
2020-06-15,Mendocino,045,87422,52,0,52,0
2020-06-15,Merced,047,269075,775,0,775,8
2020-06-15,Modoc,049,8938,1,0,1,0
2020-06-15,Mono,051,14174,42,0,42,1
2020-06-15,Monterey,053,433212,1347,3,1350,13
2020-06-15,Napa,055,140530,250,0,250,3
2020-06-15,Nevada,057,99092,85,1,86,1
2020-06-15,Orange,059,3164182,13032,93,13125,332
2020-06-15,Placer,061,380077,555,3,558,9
2020-06-15,Plumas,063,18699,6,0,6,0
2020-06-15,Riverside,065,2383286,14631,23,14654,417
2020-06-15,Sacramento,067,1510023,2171,3,2174,68
2020-06-15,San Benito,069,59416,184,0,184,3
2020-06-15,San Bernardino,071,2135413,10500,7,10507,269
2020-06-15,San Diego,073,3302833,11338,1,11339,346
2020-06-15,San Francisco,075,870044,3177,1,3178,51
2020-06-15,San Joaquin,077,732212,2499,3,2502,50
2020-06-15,San Luis Obispo,079,281455,518,5,523,1
2020-06-15,San Mateo,081,765935,2901,3,2904,108
2020-06-15,Santa Barbara,083,443738,2533,17,2550,22
2020-06-15,Santa Clara,085,1922200,4239,15,4254,147
2020-06-15,Santa Cruz,087,273765,311,0,311,3
2020-06-15,Shasta,089,179085,109,0,109,5
2020-06-15,Sierra,091,2930,1,0,1,0
2020-06-15,Siskiyou,093,43540,26,0,26,0
2020-06-15,Solano,095,438530,1048,3,1051,22
2020-06-15,Sonoma,097,501317,925,2,927,3
2020-06-15,Stanislaus,099,539301,1956,6,1962,40
2020-06-15,Sutter,101,95872,102,0,102,3
2020-06-15,Tehama,103,63373,37,2,39,1
2020-06-15,Trinity,105,12862,13,3,16,0
2020-06-15,Tulare,107,460477,3856,10,3866,104
2020-06-15,Tuolumne,109,53932,11,0,11,0
2020-06-15,Ventura,111,848112,2492,14,2506,39
2020-06-15,Yolo,113,214977,360,0,360,24
2020-06-15,Yuba,115,75493,39,0,39,1
2020-06-14,Alameda,001,1643700,5040,7,5047,117
2020-06-14,Alpine,002,1148,1,0,1,0
2020-06-14,Amador,005,37829,12,0,12,0
2020-06-14,Butte,007,227075,127,13,140,1
2020-06-14,Calaveras,009,45235,33,0,33,0
2020-06-14,Colusa,011,21464,13,0,13,0
2020-06-14,Contra Costa,013,1133247,2270,2,2272,54
2020-06-14,Del Norte,015,27424,47,0,47,0
2020-06-14,El Dorado,017,186661,167,2,169,0
2020-06-14,Fresno,019,978130,5021,57,5078,72
2020-06-14,Glenn,021,27897,51,0,51,0
2020-06-14,Humboldt,023,135768,129,0,129,4
2020-06-14,Imperial,025,180216,5943,4,5947,114
2020-06-14,Inyo,027,18085,24,0,24,1
2020-06-14,Kern,029,883053,4505,14,4519,58
2020-06-14,Kings,031,150075,2025,3,2028,8
2020-06-14,Lake,033,64148,41,0,41,0
2020-06-14,Lassen,035,31185,15,2,17,0
2020-06-14,Los Angeles,037,10098052,82043,33,82076,3163
2020-06-14,Madera,039,155013,492,2,494,4
2020-06-14,Marin,041,260295,274,2,276,14
2020-06-14,Mariposa,043,17540,18,0,18,0
2020-06-14,Mendocino,045,87422,49,0,49,0
2020-06-14,Merced,047,269075,723,0,723,8
2020-06-14,Modoc,049,8938,1,0,1,0
2020-06-14,Mono,051,14174,42,0,42,1
2020-06-14,Monterey,053,433212,1286,3,1289,13
2020-06-14,Napa,055,140530,228,0,228,3
2020-06-14,Nevada,057,99092,81,1,82,1
2020-06-14,Orange,059,3164182,12601,89,12690,325
2020-06-14,Placer,061,380077,529,3,532,9
2020-06-14,Plumas,063,18699,5,0,5,0
2020-06-14,Riverside,065,2383286,14188,23,14211,414
2020-06-14,Sacramento,067,1510023,2084,3,2087,68
2020-06-14,San Benito,069,59416,173,0,173,3
2020-06-14,San Bernardino,071,2135413,9961,7,9968,266
2020-06-14,San Diego,073,3302833,10963,1,10964,344
2020-06-14,San Francisco,075,870044,3137,1,3138,51
2020-06-14,San Joaquin,077,732212,2348,3,2351,49
2020-06-14,San Luis Obispo,079,281455,503,5,508,1
2020-06-14,San Mateo,081,765935,2843,3,2846,105
2020-06-14,Santa Barbara,083,443738,2456,17,2473,21
2020-06-14,Santa Clara,085,1922200,4144,15,4159,147
2020-06-14,Santa Cruz,087,273765,297,0,297,2
2020-06-14,Shasta,089,179085,103,0,103,5
2020-06-14,Sierra,091,2930,1,0,1,0
2020-06-14,Siskiyou,093,43540,25,0,25,0
2020-06-14,Solano,095,438530,999,3,1002,22
2020-06-14,Sonoma,097,501317,897,2,899,3
2020-06-14,Stanislaus,099,539301,1807,6,1813,40
2020-06-14,Sutter,101,95872,97,0,97,3
2020-06-14,Tehama,103,63373,34,2,36,1
2020-06-14,Trinity,105,12862,13,3,16,0
2020-06-14,Tulare,107,460477,3722,10,3732,103
2020-06-14,Tuolumne,109,53932,11,0,11,0
2020-06-14,Ventura,111,848112,2393,13,2406,39
2020-06-14,Yolo,113,214977,344,0,344,24
2020-06-14,Yuba,115,75493,38,0,38,1
2020-06-13,Alameda,001,1643700,4976,7,4983,117
2020-06-13,Alpine,002,1148,1,0,1,0
2020-06-13,Amador,005,37829,11,0,11,0
2020-06-13,Butte,007,227075,118,13,131,1
2020-06-13,Calaveras,009,45235,31,0,31,0
2020-06-13,Colusa,011,21464,12,0,12,0
2020-06-13,Contra Costa,013,1133247,2234,2,2236,53
2020-06-13,Del Norte,015,27424,47,0,47,0
2020-06-13,El Dorado,017,186661,163,2,165,0
2020-06-13,Fresno,019,978130,4923,57,4980,69
2020-06-13,Glenn,021,27897,49,0,49,0
2020-06-13,Humboldt,023,135768,128,0,128,4
2020-06-13,Imperial,025,180216,5870,4,5874,111
2020-06-13,Inyo,027,18085,24,0,24,1
2020-06-13,Kern,029,883053,4396,14,4410,58
2020-06-13,Kings,031,150075,2005,3,2008,6
2020-06-13,Lake,033,64148,40,0,40,0
2020-06-13,Lassen,035,31185,15,2,17,0
2020-06-13,Los Angeles,037,10098052,81002,33,81035,3133
2020-06-13,Madera,039,155013,488,2,490,4
2020-06-13,Marin,041,260295,267,2,269,14
2020-06-13,Mariposa,043,17540,18,0,18,0
2020-06-13,Mendocino,045,87422,49,0,49,0
2020-06-13,Merced,047,269075,704,0,704,7
2020-06-13,Modoc,049,8938,1,0,1,0
2020-06-13,Mono,051,14174,42,0,42,1
2020-06-13,Monterey,053,433212,1248,3,1251,13
2020-06-13,Napa,055,140530,225,0,225,3
2020-06-13,Nevada,057,99092,79,1,80,1
2020-06-13,Orange,059,3164182,12356,86,12442,319
2020-06-13,Placer,061,380077,512,3,515,9
2020-06-13,Plumas,063,18699,5,0,5,0
2020-06-13,Riverside,065,2383286,13909,23,13932,405
2020-06-13,Sacramento,067,1510023,2029,3,2032,67
2020-06-13,San Benito,069,59416,166,0,166,3
2020-06-13,San Bernardino,071,2135413,9738,7,9745,262
2020-06-13,San Diego,073,3302833,10791,1,10792,342
2020-06-13,San Francisco,075,870044,3117,1,3118,51
2020-06-13,San Joaquin,077,732212,2267,3,2270,49
2020-06-13,San Luis Obispo,079,281455,492,5,497,1
2020-06-13,San Mateo,081,765935,2820,3,2823,105
2020-06-13,Santa Barbara,083,443738,2398,17,2415,21
2020-06-13,Santa Clara,085,1922200,4101,15,4116,147
2020-06-13,Santa Cruz,087,273765,291,0,291,2
2020-06-13,Shasta,089,179085,101,0,101,5
2020-06-13,Sierra,091,2930,1,0,1,0
2020-06-13,Siskiyou,093,43540,25,0,25,0
2020-06-13,Solano,095,438530,971,3,974,22
2020-06-13,Sonoma,097,501317,882,2,884,3
2020-06-13,Stanislaus,099,539301,1750,6,1756,39
2020-06-13,Sutter,101,95872,96,0,96,2
2020-06-13,Tehama,103,63373,33,2,35,1
2020-06-13,Trinity,105,12862,13,3,16,0
2020-06-13,Tulare,107,460477,3690,10,3700,102
2020-06-13,Tuolumne,109,53932,10,0,10,0
2020-06-13,Ventura,111,848112,2347,13,2360,39
2020-06-13,Yolo,113,214977,324,0,324,24
2020-06-13,Yuba,115,75493,38,0,38,1
2020-06-12,Alameda,001,1643700,4903,7,4910,117
2020-06-12,Alpine,002,1148,1,0,1,0
2020-06-12,Amador,005,37829,11,0,11,0
2020-06-12,Butte,007,227075,114,12,126,1
2020-06-12,Calaveras,009,45235,28,0,28,0
2020-06-12,Colusa,011,21464,12,0,12,0
2020-06-12,Contra Costa,013,1133247,2197,2,2199,52
2020-06-12,Del Norte,015,27424,47,0,47,0
2020-06-12,El Dorado,017,186661,163,2,165,0
2020-06-12,Fresno,019,978130,4787,57,4844,67
2020-06-12,Glenn,021,27897,46,0,46,0
2020-06-12,Humboldt,023,135768,126,0,126,4
2020-06-12,Imperial,025,180216,5786,4,5790,104
2020-06-12,Inyo,027,18085,24,0,24,1
2020-06-12,Kern,029,883053,4279,14,4293,56
2020-06-12,Kings,031,150075,1992,3,1995,6
2020-06-12,Lake,033,64148,39,0,39,0
2020-06-12,Lassen,035,31185,15,2,17,0
2020-06-12,Los Angeles,037,10098052,79596,33,79629,3101
2020-06-12,Madera,039,155013,463,2,465,3
2020-06-12,Marin,041,260295,267,2,269,14
2020-06-12,Mariposa,043,17540,18,0,18,0
2020-06-12,Mendocino,045,87422,49,0,49,0
2020-06-12,Merced,047,269075,671,0,671,7
2020-06-12,Modoc,049,8938,1,0,1,0
2020-06-12,Mono,051,14174,39,0,39,1
2020-06-12,Monterey,053,433212,1207,2,1209,12
2020-06-12,Napa,055,140530,222,0,222,3
2020-06-12,Nevada,057,99092,73,1,74,1
2020-06-12,Orange,059,3164182,12050,85,12135,313
2020-06-12,Placer,061,380077,495,3,498,9
2020-06-12,Plumas,063,18699,5,0,5,0
2020-06-12,Riverside,065,2383286,13572,23,13595,397
2020-06-12,Sacramento,067,1510023,1974,3,1977,67
2020-06-12,San Benito,069,59416,159,0,159,3
2020-06-12,San Bernardino,071,2135413,9469,7,9476,258
2020-06-12,San Diego,073,3302833,10621,1,10622,338
2020-06-12,San Francisco,075,870044,3083,1,3084,50
2020-06-12,San Joaquin,077,732212,2187,3,2190,47
2020-06-12,San Luis Obispo,079,281455,476,5,481,1
2020-06-12,San Mateo,081,765935,2785,3,2788,105
2020-06-12,Santa Barbara,083,443738,2344,17,2361,20
2020-06-12,Santa Clara,085,1922200,4057,15,4072,147
2020-06-12,Santa Cruz,087,273765,283,0,283,2
2020-06-12,Shasta,089,179085,94,0,94,5
2020-06-12,Sierra,091,2930,1,0,1,0
2020-06-12,Siskiyou,093,43540,25,0,25,0
2020-06-12,Solano,095,438530,957,3,960,22
2020-06-12,Sonoma,097,501317,863,2,865,3
2020-06-12,Stanislaus,099,539301,1691,6,1697,39
2020-06-12,Sutter,101,95872,95,0,95,2
2020-06-12,Tehama,103,63373,32,2,34,1
2020-06-12,Trinity,105,12862,13,3,16,0
2020-06-12,Tulare,107,460477,3636,10,3646,100
2020-06-12,Tuolumne,109,53932,10,0,10,0
2020-06-12,Ventura,111,848112,2295,13,2308,39
2020-06-12,Yolo,113,214977,312,0,312,24
2020-06-12,Yuba,115,75493,36,0,36,1
2020-06-11,Alameda,001,1643700,4774,6,4780,116
2020-06-11,Alpine,002,1148,1,0,1,0
2020-06-11,Amador,005,37829,10,0,10,0
2020-06-11,Butte,007,227075,108,12,120,1
2020-06-11,Calaveras,009,45235,27,0,27,0
2020-06-11,Colusa,011,21464,12,0,12,0
2020-06-11,Contra Costa,013,1133247,2144,2,2146,52
2020-06-11,Del Norte,015,27424,47,0,47,0
2020-06-11,El Dorado,017,186661,155,2,157,0
2020-06-11,Fresno,019,978130,4635,57,4692,66
2020-06-11,Glenn,021,27897,42,0,42,0
2020-06-11,Humboldt,023,135768,122,0,122,4
2020-06-11,Imperial,025,180216,5628,4,5632,100
2020-06-11,Inyo,027,18085,22,0,22,1
2020-06-11,Kern,029,883053,4127,12,4139,55
2020-06-11,Kings,031,150075,1959,3,1962,6
2020-06-11,Lake,033,64148,39,0,39,0
2020-06-11,Lassen,035,31185,15,2,17,0
2020-06-11,Los Angeles,037,10098052,77930,32,77962,3068
2020-06-11,Madera,039,155013,445,2,447,3
2020-06-11,Marin,041,260295,262,2,264,14
2020-06-11,Mariposa,043,17540,18,0,18,0
2020-06-11,Mendocino,045,87422,40,0,40,0
2020-06-11,Merced,047,269075,631,0,631,7
2020-06-11,Modoc,049,8938,1,0,1,0
2020-06-11,Mono,051,14174,39,0,39,1
2020-06-11,Monterey,053,433212,1160,2,1162,12
2020-06-11,Napa,055,140530,213,0,213,3
2020-06-11,Nevada,057,99092,67,1,68,1
2020-06-11,Orange,059,3164182,11741,84,11825,304
2020-06-11,Placer,061,380077,476,3,479,9
2020-06-11,Plumas,063,18699,5,0,5,0
2020-06-11,Riverside,065,2383286,13219,23,13242,393
2020-06-11,Sacramento,067,1510023,1926,3,1929,66
2020-06-11,San Benito,069,59416,153,0,153,3
2020-06-11,San Bernardino,071,2135413,9172,7,9179,256
2020-06-11,San Diego,073,3302833,10391,0,10391,335
2020-06-11,San Francisco,075,870044,3054,1,3055,49
2020-06-11,San Joaquin,077,732212,2075,3,2078,47
2020-06-11,San Luis Obispo,079,281455,462,5,467,1
2020-06-11,San Mateo,081,765935,2747,3,2750,103
2020-06-11,Santa Barbara,083,443738,2283,17,2300,17
2020-06-11,Santa Clara,085,1922200,3990,15,4005,146
2020-06-11,Santa Cruz,087,273765,279,0,279,2
2020-06-11,Shasta,089,179085,87,0,87,5
2020-06-11,Sierra,091,2930,1,0,1,0
2020-06-11,Siskiyou,093,43540,25,0,25,0
2020-06-11,Solano,095,438530,931,3,934,22
2020-06-11,Sonoma,097,501317,841,2,843,3
2020-06-11,Stanislaus,099,539301,1600,6,1606,39
2020-06-11,Sutter,101,95872,92,0,92,2
2020-06-11,Tehama,103,63373,27,2,29,1
2020-06-11,Trinity,105,12862,11,3,14,0
2020-06-11,Tulare,107,460477,3537,10,3547,97
2020-06-11,Tuolumne,109,53932,10,0,10,0
2020-06-11,Ventura,111,848112,2218,12,2230,39
2020-06-11,Yolo,113,214977,304,0,304,24
2020-06-11,Yuba,115,75493,36,0,36,1
2020-06-10,Alameda,001,1643700,4674,6,4680,115
2020-06-10,Alpine,002,1148,1,0,1,0
2020-06-10,Amador,005,37829,10,0,10,0
2020-06-10,Butte,007,227075,104,12,116,1
2020-06-10,Calaveras,009,45235,27,0,27,0
2020-06-10,Colusa,011,21464,11,0,11,0
2020-06-10,Contra Costa,013,1133247,2100,2,2102,52
2020-06-10,Del Norte,015,27424,47,0,47,0
2020-06-10,El Dorado,017,186661,152,2,154,0
2020-06-10,Fresno,019,978130,4460,57,4517,65
2020-06-10,Glenn,021,27897,39,0,39,0
2020-06-10,Humboldt,023,135768,118,0,118,4
2020-06-10,Imperial,025,180216,5481,4,5485,97
2020-06-10,Inyo,027,18085,22,0,22,1
2020-06-10,Kern,029,883053,4002,11,4013,54
2020-06-10,Kings,031,150075,1913,2,1915,6
2020-06-10,Lake,033,64148,39,0,39,0
2020-06-10,Lassen,035,31185,15,2,17,0
2020-06-10,Los Angeles,037,10098052,76415,32,76447,3041
2020-06-10,Madera,039,155013,431,1,432,3
2020-06-10,Marin,041,260295,256,2,258,14
2020-06-10,Mariposa,043,17540,17,0,17,0
2020-06-10,Mendocino,045,87422,39,0,39,0
2020-06-10,Merced,047,269075,606,0,606,7
2020-06-10,Modoc,049,8938,1,0,1,0
2020-06-10,Mono,051,14174,39,0,39,1
2020-06-10,Monterey,053,433212,1106,2,1108,12
2020-06-10,Napa,055,140530,210,0,210,3
2020-06-10,Nevada,057,99092,65,1,66,1
2020-06-10,Orange,059,3164182,11464,80,11544,298
2020-06-10,Placer,061,380077,451,3,454,9
2020-06-10,Plumas,063,18699,5,0,5,0
2020-06-10,Riverside,065,2383286,12896,23,12919,386
2020-06-10,Sacramento,067,1510023,1887,2,1889,66
2020-06-10,San Benito,069,59416,144,0,144,3
2020-06-10,San Bernardino,071,2135413,8879,7,8886,252
2020-06-10,San Diego,073,3302833,10227,0,10227,330
2020-06-10,San Francisco,075,870044,3029,1,3030,49
2020-06-10,San Joaquin,077,732212,1946,3,1949,47
2020-06-10,San Luis Obispo,079,281455,442,5,447,1
2020-06-10,San Mateo,081,765935,2707,3,2710,102
2020-06-10,Santa Barbara,083,443738,2227,17,2244,16
2020-06-10,Santa Clara,085,1922200,3939,15,3954,146
2020-06-10,Santa Cruz,087,273765,275,0,275,2
2020-06-10,Shasta,089,179085,82,0,82,5
2020-06-10,Sierra,091,2930,1,0,1,0
2020-06-10,Siskiyou,093,43540,25,0,25,0
2020-06-10,Solano,095,438530,894,3,897,22
2020-06-10,Sonoma,097,501317,823,2,825,3
2020-06-10,Stanislaus,099,539301,1510,6,1516,38
2020-06-10,Sutter,101,95872,91,0,91,2
2020-06-10,Tehama,103,63373,25,2,27,1
2020-06-10,Trinity,105,12862,11,3,14,0
2020-06-10,Tulare,107,460477,3444,10,3454,95
2020-06-10,Tuolumne,109,53932,10,0,10,0
2020-06-10,Ventura,111,848112,2172,11,2183,39
2020-06-10,Yolo,113,214977,296,0,296,24
2020-06-10,Yuba,115,75493,35,0,35,1
2020-06-09,Alameda,001,1643700,4563,6,4569,113
2020-06-09,Alpine,002,1148,1,0,1,0
2020-06-09,Amador,005,37829,10,0,10,0
2020-06-09,Butte,007,227075,103,11,114,1
2020-06-09,Calaveras,009,45235,27,0,27,0
2020-06-09,Colusa,011,21464,10,0,10,0
2020-06-09,Contra Costa,013,1133247,2059,2,2061,51
2020-06-09,Del Norte,015,27424,47,0,47,0
2020-06-09,El Dorado,017,186661,142,2,144,0
2020-06-09,Fresno,019,978130,4309,57,4366,63
2020-06-09,Glenn,021,27897,38,0,38,0
2020-06-09,Humboldt,023,135768,116,0,116,4
2020-06-09,Imperial,025,180216,5332,4,5336,90
2020-06-09,Inyo,027,18085,22,0,22,1
2020-06-09,Kern,029,883053,3874,11,3885,53
2020-06-09,Kings,031,150075,1881,2,1883,6
2020-06-09,Lake,033,64148,39,0,39,0
2020-06-09,Lassen,035,31185,15,2,17,0
2020-06-09,Los Angeles,037,10098052,74758,32,74790,3014
2020-06-09,Madera,039,155013,416,1,417,3
2020-06-09,Marin,041,260295,252,2,254,14
2020-06-09,Mariposa,043,17540,17,0,17,0
2020-06-09,Mendocino,045,87422,35,0,35,0
2020-06-09,Merced,047,269075,574,0,574,7
2020-06-09,Modoc,049,8938,1,0,1,0
2020-06-09,Mono,051,14174,39,0,39,1
2020-06-09,Monterey,053,433212,1065,2,1067,12
2020-06-09,Napa,055,140530,200,0,200,3
2020-06-09,Nevada,057,99092,57,1,58,1
2020-06-09,Orange,059,3164182,11220,78,11298,291
2020-06-09,Placer,061,380077,438,3,441,9
2020-06-09,Plumas,063,18699,5,0,5,0
2020-06-09,Riverside,065,2383286,12518,23,12541,383
2020-06-09,Sacramento,067,1510023,1832,2,1834,66
2020-06-09,San Benito,069,59416,138,0,138,3
2020-06-09,San Bernardino,071,2135413,8556,6,8562,249
2020-06-09,San Diego,073,3302833,10042,0,10042,327
2020-06-09,San Francisco,075,870044,3004,1,3005,49
2020-06-09,San Joaquin,077,732212,1840,3,1843,45
2020-06-09,San Luis Obispo,079,281455,429,4,433,1
2020-06-09,San Mateo,081,765935,2676,3,2679,102
2020-06-09,Santa Barbara,083,443738,2171,17,2188,16
2020-06-09,Santa Clara,085,1922200,3871,14,3885,145
2020-06-09,Santa Cruz,087,273765,269,0,269,2
2020-06-09,Shasta,089,179085,78,0,78,5
2020-06-09,Sierra,091,2930,1,0,1,0
2020-06-09,Siskiyou,093,43540,20,0,20,0
2020-06-09,Solano,095,438530,859,3,862,22
2020-06-09,Sonoma,097,501317,800,2,802,3
2020-06-09,Stanislaus,099,539301,1409,6,1415,37
2020-06-09,Sutter,101,95872,88,0,88,2
2020-06-09,Tehama,103,63373,25,2,27,1
2020-06-09,Trinity,105,12862,10,3,13,0
2020-06-09,Tulare,107,460477,3378,10,3388,95
2020-06-09,Tuolumne,109,53932,10,0,10,0
2020-06-09,Ventura,111,848112,2106,11,2117,37
2020-06-09,Yolo,113,214977,285,0,285,24
2020-06-09,Yuba,115,75493,34,0,34,1
2020-06-08,Alameda,001,1643700,4482,6,4488,111
2020-06-08,Alpine,002,1148,1,0,1,0
2020-06-08,Amador,005,37829,10,0,10,0
2020-06-08,Butte,007,227075,99,11,110,1
2020-06-08,Calaveras,009,45235,27,0,27,0
2020-06-08,Colusa,011,21464,9,0,9,0
2020-06-08,Contra Costa,013,1133247,2016,2,2018,50
2020-06-08,Del Norte,015,27424,47,0,47,0
2020-06-08,El Dorado,017,186661,138,1,139,0
2020-06-08,Fresno,019,978130,4186,56,4242,61
2020-06-08,Glenn,021,27897,36,0,36,0
2020-06-08,Humboldt,023,135768,116,0,116,4
2020-06-08,Imperial,025,180216,5180,4,5184,88
2020-06-08,Inyo,027,18085,22,0,22,1
2020-06-08,Kern,029,883053,3743,10,3753,53
2020-06-08,Kings,031,150075,1805,2,1807,6
2020-06-08,Lake,033,64148,39,0,39,0
2020-06-08,Lassen,035,31185,15,2,17,0
2020-06-08,Los Angeles,037,10098052,73298,32,73330,2972
2020-06-08,Madera,039,155013,386,1,387,3
2020-06-08,Marin,041,260295,234,2,236,14
2020-06-08,Mariposa,043,17540,16,0,16,0
2020-06-08,Mendocino,045,87422,33,0,33,0
2020-06-08,Merced,047,269075,540,0,540,7
2020-06-08,Modoc,049,8938,1,0,1,0
2020-06-08,Mono,051,14174,39,0,39,1
2020-06-08,Monterey,053,433212,1014,2,1016,12
2020-06-08,Napa,055,140530,184,0,184,3
2020-06-08,Nevada,057,99092,56,1,57,1
2020-06-08,Orange,059,3164182,10968,76,11044,281
2020-06-08,Placer,061,380077,421,3,424,9
2020-06-08,Plumas,063,18699,5,0,5,0
2020-06-08,Riverside,065,2383286,12148,23,12171,378
2020-06-08,Sacramento,067,1510023,1782,2,1784,66
2020-06-08,San Benito,069,59416,131,0,131,3
2020-06-08,San Bernardino,071,2135413,8237,6,8243,244
2020-06-08,San Diego,073,3302833,9885,0,9885,324
2020-06-08,San Francisco,075,870044,2977,1,2978,49
2020-06-08,San Joaquin,077,732212,1733,3,1736,45
2020-06-08,San Luis Obispo,079,281455,423,4,427,1
2020-06-08,San Mateo,081,765935,2645,2,2647,102
2020-06-08,Santa Barbara,083,443738,2116,15,2131,16
2020-06-08,Santa Clara,085,1922200,3825,14,3839,144
2020-06-08,Santa Cruz,087,273765,268,0,268,2
2020-06-08,Shasta,089,179085,74,0,74,5
2020-06-08,Sierra,091,2930,1,0,1,0
2020-06-08,Siskiyou,093,43540,20,0,20,0
2020-06-08,Solano,095,438530,832,3,835,22
2020-06-08,Sonoma,097,501317,784,2,786,3
2020-06-08,Stanislaus,099,539301,1326,6,1332,36
2020-06-08,Sutter,101,95872,81,0,81,2
2020-06-08,Tehama,103,63373,19,2,21,1
2020-06-08,Trinity,105,12862,10,3,13,0
2020-06-08,Tulare,107,460477,3295,10,3305,94
2020-06-08,Tuolumne,109,53932,9,0,9,0
2020-06-08,Ventura,111,848112,2048,11,2059,36
2020-06-08,Yolo,113,214977,274,0,274,24
2020-06-08,Yuba,115,75493,32,0,32,1
2020-06-07,Alameda,001,1643700,4369,6,4375,110
2020-06-07,Alpine,002,1148,1,0,1,0
2020-06-07,Amador,005,37829,10,0,10,0
2020-06-07,Butte,007,227075,97,9,106,1
2020-06-07,Calaveras,009,45235,25,0,25,0
2020-06-07,Colusa,011,21464,9,0,9,0
2020-06-07,Contra Costa,013,1133247,1965,1,1966,48
2020-06-07,Del Norte,015,27424,45,0,45,0
2020-06-07,El Dorado,017,186661,138,1,139,0
2020-06-07,Fresno,019,978130,4057,56,4113,59
2020-06-07,Glenn,021,27897,29,0,29,0
2020-06-07,Humboldt,023,135768,116,0,116,4
2020-06-07,Imperial,025,180216,5031,4,5035,84
2020-06-07,Inyo,027,18085,22,0,22,1
2020-06-07,Kern,029,883053,3612,10,3622,52
2020-06-07,Kings,031,150075,1756,2,1758,6
2020-06-07,Lake,033,64148,36,0,36,0
2020-06-07,Lassen,035,31185,14,2,16,0
2020-06-07,Los Angeles,037,10098052,71587,32,71619,2933
2020-06-07,Madera,039,155013,369,1,370,3
2020-06-07,Marin,041,260295,231,2,233,14
2020-06-07,Mariposa,043,17540,16,0,16,0
2020-06-07,Mendocino,045,87422,33,0,33,0
2020-06-07,Merced,047,269075,510,0,510,7
2020-06-07,Modoc,049,8938,1,0,1,0
2020-06-07,Mono,051,14174,39,0,39,1
2020-06-07,Monterey,053,433212,968,2,970,12
2020-06-07,Napa,055,140530,176,0,176,3
2020-06-07,Nevada,057,99092,55,1,56,1
2020-06-07,Orange,059,3164182,10709,74,10783,270
2020-06-07,Placer,061,380077,400,2,402,9
2020-06-07,Plumas,063,18699,5,0,5,0
2020-06-07,Riverside,065,2383286,11852,23,11875,373
2020-06-07,Sacramento,067,1510023,1734,2,1736,65
2020-06-07,San Benito,069,59416,128,0,128,3
2020-06-07,San Bernardino,071,2135413,7951,6,7957,241
2020-06-07,San Diego,073,3302833,9706,0,9706,321
2020-06-07,San Francisco,075,870044,2933,0,2933,49
2020-06-07,San Joaquin,077,732212,1632,3,1635,43
2020-06-07,San Luis Obispo,079,281455,413,4,417,1
2020-06-07,San Mateo,081,765935,2618,2,2620,101
2020-06-07,Santa Barbara,083,443738,2061,15,2076,16
2020-06-07,Santa Clara,085,1922200,3773,14,3787,144
2020-06-07,Santa Cruz,087,273765,260,0,260,2
2020-06-07,Shasta,089,179085,73,0,73,5
2020-06-07,Sierra,091,2930,1,0,1,0
2020-06-07,Siskiyou,093,43540,20,0,20,0
2020-06-07,Solano,095,438530,809,3,812,22
2020-06-07,Sonoma,097,501317,753,2,755,3
2020-06-07,Stanislaus,099,539301,1246,5,1251,35
2020-06-07,Sutter,101,95872,73,0,73,2
2020-06-07,Tehama,103,63373,16,2,18,1
2020-06-07,Trinity,105,12862,8,3,11,0
2020-06-07,Tulare,107,460477,3173,10,3183,93
2020-06-07,Tuolumne,109,53932,9,0,9,0
2020-06-07,Ventura,111,848112,1982,11,1993,33
2020-06-07,Yolo,113,214977,264,0,264,24
2020-06-07,Yuba,115,75493,32,0,32,1
2020-06-06,Alameda,001,1643700,4324,6,4330,109
2020-06-06,Alpine,002,1148,1,0,1,0
2020-06-06,Amador,005,37829,10,0,10,0
2020-06-06,Butte,007,227075,96,9,105,1
2020-06-06,Calaveras,009,45235,23,0,23,0
2020-06-06,Colusa,011,21464,9,0,9,0
2020-06-06,Contra Costa,013,1133247,1944,1,1945,47
2020-06-06,Del Norte,015,27424,45,0,45,0
2020-06-06,El Dorado,017,186661,133,1,134,0
2020-06-06,Fresno,019,978130,4001,56,4057,57
2020-06-06,Glenn,021,27897,27,0,27,0
2020-06-06,Humboldt,023,135768,116,0,116,4
2020-06-06,Imperial,025,180216,4956,4,4960,82
2020-06-06,Inyo,027,18085,22,0,22,1
2020-06-06,Kern,029,883053,3541,10,3551,51
2020-06-06,Kings,031,150075,1737,2,1739,6
2020-06-06,Lake,033,64148,36,0,36,0
2020-06-06,Lassen,035,31185,14,2,16,0
2020-06-06,Los Angeles,037,10098052,70832,32,70864,2895
2020-06-06,Madera,039,155013,360,1,361,3
2020-06-06,Marin,041,260295,229,2,231,14
2020-06-06,Mariposa,043,17540,16,0,16,0
2020-06-06,Mendocino,045,87422,33,0,33,0
2020-06-06,Merced,047,269075,508,0,508,7
2020-06-06,Modoc,049,8938,1,0,1,0
2020-06-06,Mono,051,14174,39,0,39,1
2020-06-06,Monterey,053,433212,944,2,946,11
2020-06-06,Napa,055,140530,170,0,170,3
2020-06-06,Nevada,057,99092,54,1,55,1
2020-06-06,Orange,059,3164182,10549,73,10622,260
2020-06-06,Placer,061,380077,388,2,390,9
2020-06-06,Plumas,063,18699,5,0,5,0
2020-06-06,Riverside,065,2383286,11674,23,11697,369
2020-06-06,Sacramento,067,1510023,1711,2,1713,64
2020-06-06,San Benito,069,59416,118,0,118,3
2020-06-06,San Bernardino,071,2135413,7802,6,7808,241
2020-06-06,San Diego,073,3302833,9585,0,9585,317
2020-06-06,San Francisco,075,870044,2918,0,2918,49
2020-06-06,San Joaquin,077,732212,1592,3,1595,41
2020-06-06,San Luis Obispo,079,281455,407,4,411,1
2020-06-06,San Mateo,081,765935,2603,2,2605,101
2020-06-06,Santa Barbara,083,443738,2022,15,2037,16
2020-06-06,Santa Clara,085,1922200,3732,14,3746,144
2020-06-06,Santa Cruz,087,273765,258,0,258,2
2020-06-06,Shasta,089,179085,73,0,73,5
2020-06-06,Sierra,091,2930,1,0,1,0
2020-06-06,Siskiyou,093,43540,18,0,18,0
2020-06-06,Solano,095,438530,794,3,797,22
2020-06-06,Sonoma,097,501317,741,2,743,3
2020-06-06,Stanislaus,099,539301,1212,5,1217,35
2020-06-06,Sutter,101,95872,73,0,73,2
2020-06-06,Tehama,103,63373,15,2,17,1
2020-06-06,Trinity,105,12862,8,2,10,0
2020-06-06,Tulare,107,460477,3140,10,3150,93
2020-06-06,Tuolumne,109,53932,9,0,9,0
2020-06-06,Ventura,111,848112,1958,11,1969,33
2020-06-06,Yolo,113,214977,262,0,262,24
2020-06-06,Yuba,115,75493,32,0,32,1
2020-06-05,Alameda,001,1643700,4273,6,4279,108
2020-06-05,Alpine,002,1148,1,0,1,0
2020-06-05,Amador,005,37829,10,0,10,0
2020-06-05,Butte,007,227075,93,9,102,1
2020-06-05,Calaveras,009,45235,22,0,22,0
2020-06-05,Colusa,011,21464,9,0,9,0
2020-06-05,Contra Costa,013,1133247,1929,1,1930,44
2020-06-05,Del Norte,015,27424,45,0,45,0
2020-06-05,El Dorado,017,186661,131,1,132,0
2020-06-05,Fresno,019,978130,3937,55,3992,57
2020-06-05,Glenn,021,27897,25,0,25,0
2020-06-05,Humboldt,023,135768,115,0,115,4
2020-06-05,Imperial,025,180216,4848,4,4852,81
2020-06-05,Inyo,027,18085,22,0,22,1
2020-06-05,Kern,029,883053,3452,10,3462,51
2020-06-05,Kings,031,150075,1722,2,1724,6
2020-06-05,Lake,033,64148,35,0,35,0
2020-06-05,Lassen,035,31185,13,2,15,0
2020-06-05,Los Angeles,037,10098052,69681,30,69711,2857
2020-06-05,Madera,039,155013,338,1,339,3
2020-06-05,Marin,041,260295,222,2,224,14
2020-06-05,Mariposa,043,17540,16,0,16,0
2020-06-05,Mendocino,045,87422,33,0,33,0
2020-06-05,Merced,047,269075,505,0,505,7
2020-06-05,Modoc,049,8938,1,0,1,0
2020-06-05,Mono,051,14174,39,0,39,1
2020-06-05,Monterey,053,433212,912,2,914,11
2020-06-05,Napa,055,140530,167,0,167,3
2020-06-05,Nevada,057,99092,54,1,55,1
2020-06-05,Orange,059,3164182,10353,72,10425,256
2020-06-05,Placer,061,380077,378,2,380,9
2020-06-05,Plumas,063,18699,5,0,5,0
2020-06-05,Riverside,065,2383286,11415,23,11438,362
2020-06-05,Sacramento,067,1510023,1689,2,1691,63
2020-06-05,San Benito,069,59416,116,0,116,3
2020-06-05,San Bernardino,071,2135413,7620,5,7625,238
2020-06-05,San Diego,073,3302833,9470,0,9470,314
2020-06-05,San Francisco,075,870044,2900,0,2900,49
2020-06-05,San Joaquin,077,732212,1513,3,1516,40
2020-06-05,San Luis Obispo,079,281455,400,4,404,1
2020-06-05,San Mateo,081,765935,2578,2,2580,100
2020-06-05,Santa Barbara,083,443738,1991,15,2006,16
2020-06-05,Santa Clara,085,1922200,3697,14,3711,144
2020-06-05,Santa Cruz,087,273765,255,0,255,2
2020-06-05,Shasta,089,179085,72,0,72,5
2020-06-05,Sierra,091,2930,1,0,1,0
2020-06-05,Siskiyou,093,43540,16,0,16,0
2020-06-05,Solano,095,438530,787,3,790,22
2020-06-05,Sonoma,097,501317,720,2,722,3
2020-06-05,Stanislaus,099,539301,1179,5,1184,34
2020-06-05,Sutter,101,95872,73,0,73,2
2020-06-05,Tehama,103,63373,15,2,17,1
2020-06-05,Trinity,105,12862,8,2,10,0
2020-06-05,Tulare,107,460477,3091,10,3101,92
2020-06-05,Tuolumne,109,53932,9,0,9,0
2020-06-05,Ventura,111,848112,1925,11,1936,33
2020-06-05,Yolo,113,214977,261,0,261,24
2020-06-05,Yuba,115,75493,32,0,32,1
2020-06-04,Alameda,001,1643700,4174,6,4180,107
2020-06-04,Alpine,002,1148,1,0,1,0
2020-06-04,Amador,005,37829,10,0,10,0
2020-06-04,Butte,007,227075,89,8,97,1
2020-06-04,Calaveras,009,45235,22,0,22,0
2020-06-04,Colusa,011,21464,9,0,9,0
2020-06-04,Contra Costa,013,1133247,1872,1,1873,44
2020-06-04,Del Norte,015,27424,45,0,45,0
2020-06-04,El Dorado,017,186661,129,1,130,0
2020-06-04,Fresno,019,978130,3833,54,3887,55
2020-06-04,Glenn,021,27897,22,0,22,0
2020-06-04,Humboldt,023,135768,115,0,115,4
2020-06-04,Imperial,025,180216,4666,4,4670,76
2020-06-04,Inyo,027,18085,22,0,22,1
2020-06-04,Kern,029,883053,3336,10,3346,50
2020-06-04,Kings,031,150075,1653,2,1655,6
2020-06-04,Lake,033,64148,34,0,34,0
2020-06-04,Lassen,035,31185,11,2,13,0
2020-06-04,Los Angeles,037,10098052,68216,30,68246,2816
2020-06-04,Madera,039,155013,330,1,331,3
2020-06-04,Marin,041,260295,206,2,208,14
2020-06-04,Mariposa,043,17540,16,0,16,0
2020-06-04,Mendocino,045,87422,33,0,33,0
2020-06-04,Merced,047,269075,495,0,495,7
2020-06-04,Modoc,049,8938,1,0,1,0
2020-06-04,Mono,051,14174,39,0,39,1
2020-06-04,Monterey,053,433212,877,1,878,11
2020-06-04,Napa,055,140530,163,0,163,3
2020-06-04,Nevada,057,99092,53,1,54,1
2020-06-04,Orange,059,3164182,10099,71,10170,250
2020-06-04,Placer,061,380077,362,2,364,9
2020-06-04,Plumas,063,18699,4,0,4,0
2020-06-04,Riverside,065,2383286,11138,23,11161,359
2020-06-04,Sacramento,067,1510023,1660,2,1662,63
2020-06-04,San Benito,069,59416,114,0,114,2
2020-06-04,San Bernardino,071,2135413,7351,5,7356,238
2020-06-04,San Diego,073,3302833,9307,0,9307,311
2020-06-04,San Francisco,075,870044,2867,0,2867,48
2020-06-04,San Joaquin,077,732212,1451,3,1454,40
2020-06-04,San Luis Obispo,079,281455,389,4,393,1
2020-06-04,San Mateo,081,765935,2551,2,2553,100
2020-06-04,Santa Barbara,083,443738,1960,14,1974,16
2020-06-04,Santa Clara,085,1922200,3662,14,3676,143
2020-06-04,Santa Cruz,087,273765,249,0,249,2
2020-06-04,Shasta,089,179085,66,0,66,5
2020-06-04,Sierra,091,2930,1,0,1,0
2020-06-04,Siskiyou,093,43540,15,0,15,0
2020-06-04,Solano,095,438530,770,3,773,22
2020-06-04,Sonoma,097,501317,701,1,702,3
2020-06-04,Stanislaus,099,539301,1103,5,1108,33
2020-06-04,Sutter,101,95872,68,0,68,2
2020-06-04,Tehama,103,63373,14,1,15,1
2020-06-04,Trinity,105,12862,8,2,10,0
2020-06-04,Tulare,107,460477,2974,10,2984,92
2020-06-04,Tuolumne,109,53932,8,0,8,0
2020-06-04,Ventura,111,848112,1881,10,1891,33
2020-06-04,Yolo,113,214977,256,0,256,24
2020-06-04,Yuba,115,75493,31,0,31,1
2020-06-03,Alameda,001,1643700,4115,5,4120,107
2020-06-03,Alpine,002,1148,1,0,1,0
2020-06-03,Amador,005,37829,10,0,10,0
2020-06-03,Butte,007,227075,87,8,95,1
2020-06-03,Calaveras,009,45235,21,0,21,0
2020-06-03,Colusa,011,21464,9,0,9,0
2020-06-03,Contra Costa,013,1133247,1824,1,1825,43
2020-06-03,Del Norte,015,27424,45,0,45,0
2020-06-03,El Dorado,017,186661,126,1,127,0
2020-06-03,Fresno,019,978130,3734,53,3787,55
2020-06-03,Glenn,021,27897,22,0,22,0
2020-06-03,Humboldt,023,135768,115,0,115,4
2020-06-03,Imperial,025,180216,4493,4,4497,72
2020-06-03,Inyo,027,18085,22,0,22,1
2020-06-03,Kern,029,883053,3240,9,3249,50
2020-06-03,Kings,031,150075,1592,2,1594,6
2020-06-03,Lake,033,64148,32,0,32,0
2020-06-03,Lassen,035,31185,11,2,13,0
2020-06-03,Los Angeles,037,10098052,66617,30,66647,2768
2020-06-03,Madera,039,155013,322,1,323,3
2020-06-03,Marin,041,260295,202,2,204,14
2020-06-03,Mariposa,043,17540,16,0,16,0
2020-06-03,Mendocino,045,87422,32,0,32,0
2020-06-03,Merced,047,269075,483,0,483,7
2020-06-03,Modoc,049,8938,1,0,1,0
2020-06-03,Mono,051,14174,39,0,39,1
2020-06-03,Monterey,053,433212,849,1,850,11
2020-06-03,Napa,055,140530,162,0,162,3
2020-06-03,Nevada,057,99092,52,1,53,1
2020-06-03,Orange,059,3164182,9874,70,9944,245
2020-06-03,Placer,061,380077,342,2,344,9
2020-06-03,Plumas,063,18699,4,0,4,0
2020-06-03,Riverside,065,2383286,10864,23,10887,355
2020-06-03,Sacramento,067,1510023,1631,2,1633,62
2020-06-03,San Benito,069,59416,108,0,108,2
2020-06-03,San Bernardino,071,2135413,7128,5,7133,235
2020-06-03,San Diego,073,3302833,9159,0,9159,307
2020-06-03,San Francisco,075,870044,2836,0,2836,48
2020-06-03,San Joaquin,077,732212,1386,3,1389,39
2020-06-03,San Luis Obispo,079,281455,384,4,388,1
2020-06-03,San Mateo,081,765935,2523,2,2525,99
2020-06-03,Santa Barbara,083,443738,1926,13,1939,15
2020-06-03,Santa Clara,085,1922200,3620,14,3634,143
2020-06-03,Santa Cruz,087,273765,243,0,243,2
2020-06-03,Shasta,089,179085,63,0,63,5
2020-06-03,Sierra,091,2930,1,0,1,0
2020-06-03,Siskiyou,093,43540,14,0,14,0
2020-06-03,Solano,095,438530,741,2,743,21
2020-06-03,Sonoma,097,501317,689,1,690,3
2020-06-03,Stanislaus,099,539301,1063,5,1068,33
2020-06-03,Sutter,101,95872,60,0,60,2
2020-06-03,Tehama,103,63373,14,1,15,1
2020-06-03,Trinity,105,12862,8,2,10,0
2020-06-03,Tulare,107,460477,2905,10,2915,92
2020-06-03,Tuolumne,109,53932,6,0,6,0
2020-06-03,Ventura,111,848112,1814,10,1824,33
2020-06-03,Yolo,113,214977,252,0,252,24
2020-06-03,Yuba,115,75493,31,0,31,1
2020-06-02,Alameda,001,1643700,4039,5,4044,106
2020-06-02,Alpine,002,1148,1,0,1,0
2020-06-02,Amador,005,37829,10,0,10,0
2020-06-02,Butte,007,227075,83,7,90,1
2020-06-02,Calaveras,009,45235,21,0,21,0
2020-06-02,Colusa,011,21464,9,0,9,0
2020-06-02,Contra Costa,013,1133247,1792,1,1793,43
2020-06-02,Del Norte,015,27424,45,0,45,0
2020-06-02,El Dorado,017,186661,125,1,126,0
2020-06-02,Fresno,019,978130,3620,53,3673,52
2020-06-02,Glenn,021,27897,21,0,21,0
2020-06-02,Humboldt,023,135768,115,0,115,4
2020-06-02,Imperial,025,180216,4300,4,4304,66
2020-06-02,Inyo,027,18085,20,0,20,1
2020-06-02,Kern,029,883053,3141,7,3148,47
2020-06-02,Kings,031,150075,1564,2,1566,6
2020-06-02,Lake,033,64148,32,0,32,0
2020-06-02,Lassen,035,31185,10,2,12,0
2020-06-02,Los Angeles,037,10098052,65215,30,65245,2722
2020-06-02,Madera,039,155013,301,1,302,3
2020-06-02,Marin,041,260295,192,2,194,14
2020-06-02,Mariposa,043,17540,16,0,16,0
2020-06-02,Mendocino,045,87422,32,0,32,0
2020-06-02,Merced,047,269075,467,0,467,7
2020-06-02,Modoc,049,8938,1,0,1,0
2020-06-02,Mono,051,14174,39,0,39,1
2020-06-02,Monterey,053,433212,819,1,820,11
2020-06-02,Napa,055,140530,153,0,153,3
2020-06-02,Nevada,057,99092,51,1,52,1
2020-06-02,Orange,059,3164182,9671,69,9740,241
2020-06-02,Placer,061,380077,328,2,330,9
2020-06-02,Plumas,063,18699,4,0,4,0
2020-06-02,Riverside,065,2383286,10568,22,10590,348
2020-06-02,Sacramento,067,1510023,1602,2,1604,62
2020-06-02,San Benito,069,59416,107,0,107,2
2020-06-02,San Bernardino,071,2135413,6921,5,6926,230
2020-06-02,San Diego,073,3302833,9013,0,9013,305
2020-06-02,San Francisco,075,870044,2801,0,2801,48
2020-06-02,San Joaquin,077,732212,1320,3,1323,39
2020-06-02,San Luis Obispo,079,281455,379,4,383,1
2020-06-02,San Mateo,081,765935,2488,2,2490,95
2020-06-02,Santa Barbara,083,443738,1886,13,1899,14
2020-06-02,Santa Clara,085,1922200,3570,14,3584,143
2020-06-02,Santa Cruz,087,273765,238,0,238,2
2020-06-02,Shasta,089,179085,62,0,62,4
2020-06-02,Sierra,091,2930,1,0,1,0
2020-06-02,Siskiyou,093,43540,13,0,13,0
2020-06-02,Solano,095,438530,726,1,727,20
2020-06-02,Sonoma,097,501317,678,1,679,3
2020-06-02,Stanislaus,099,539301,1004,5,1009,31
2020-06-02,Sutter,101,95872,57,0,57,2
2020-06-02,Tehama,103,63373,14,1,15,1
2020-06-02,Trinity,105,12862,8,2,10,0
2020-06-02,Tulare,107,460477,2825,10,2835,92
2020-06-02,Tuolumne,109,53932,6,0,6,0
2020-06-02,Ventura,111,848112,1761,10,1771,33
2020-06-02,Yolo,113,214977,250,0,250,24
2020-06-02,Yuba,115,75493,31,0,31,1
2020-06-01,Alameda,001,1643700,3973,5,3978,106
2020-06-01,Alpine,002,1148,1,0,1,0
2020-06-01,Amador,005,37829,10,0,10,0
2020-06-01,Butte,007,227075,82,6,88,1
2020-06-01,Calaveras,009,45235,21,0,21,0
2020-06-01,Colusa,011,21464,9,0,9,0
2020-06-01,Contra Costa,013,1133247,1756,1,1757,42
2020-06-01,Del Norte,015,27424,45,0,45,0
2020-06-01,El Dorado,017,186661,123,1,124,0
2020-06-01,Fresno,019,978130,3525,51,3576,51
2020-06-01,Glenn,021,27897,21,0,21,0
2020-06-01,Humboldt,023,135768,115,0,115,4
2020-06-01,Imperial,025,180216,4078,4,4082,61
2020-06-01,Inyo,027,18085,20,0,20,1
2020-06-01,Kern,029,883053,3058,7,3065,46
2020-06-01,Kings,031,150075,1296,2,1298,6
2020-06-01,Lake,033,64148,32,0,32,0
2020-06-01,Lassen,035,31185,10,2,12,0
2020-06-01,Los Angeles,037,10098052,63741,29,63770,2689
2020-06-01,Madera,039,155013,289,1,290,3
2020-06-01,Marin,041,260295,183,2,185,13
2020-06-01,Mariposa,043,17540,16,0,16,0
2020-06-01,Mendocino,045,87422,32,0,32,0
2020-06-01,Merced,047,269075,450,0,450,7
2020-06-01,Modoc,049,8938,1,0,1,0
2020-06-01,Mono,051,14174,39,0,39,1
2020-06-01,Monterey,053,433212,795,1,796,11
2020-06-01,Napa,055,140530,150,0,150,3
2020-06-01,Nevada,057,99092,51,1,52,1
2020-06-01,Orange,059,3164182,9474,68,9542,232
2020-06-01,Placer,061,380077,316,2,318,9
2020-06-01,Plumas,063,18699,4,0,4,0
2020-06-01,Riverside,065,2383286,10116,21,10137,345
2020-06-01,Sacramento,067,1510023,1563,2,1565,62
2020-06-01,San Benito,069,59416,104,0,104,2
2020-06-01,San Bernardino,071,2135413,6715,5,6720,228
2020-06-01,San Diego,073,3302833,8833,0,8833,301
2020-06-01,San Francisco,075,870044,2764,0,2764,48
2020-06-01,San Joaquin,077,732212,1255,3,1258,39
2020-06-01,San Luis Obispo,079,281455,375,4,379,1
2020-06-01,San Mateo,081,765935,2458,2,2460,94
2020-06-01,Santa Barbara,083,443738,1852,12,1864,14
2020-06-01,Santa Clara,085,1922200,3532,13,3545,142
2020-06-01,Santa Cruz,087,273765,234,0,234,2
2020-06-01,Shasta,089,179085,62,0,62,4
2020-06-01,Sierra,091,2930,1,0,1,0
2020-06-01,Siskiyou,093,43540,13,0,13,0
2020-06-01,Solano,095,438530,702,1,703,20
2020-06-01,Sonoma,097,501317,662,1,663,3
2020-06-01,Stanislaus,099,539301,967,5,972,30
2020-06-01,Sutter,101,95872,52,0,52,2
2020-06-01,Tehama,103,63373,11,1,12,1
2020-06-01,Trinity,105,12862,7,2,9,0
2020-06-01,Tulare,107,460477,2710,10,2720,90
2020-06-01,Tuolumne,109,53932,5,0,5,0
2020-06-01,Ventura,111,848112,1708,10,1718,33
2020-06-01,Yolo,113,214977,247,0,247,24
2020-06-01,Yuba,115,75493,30,0,30,1
2020-05-31,Alameda,001,1643700,3868,5,3873,104
2020-05-31,Alpine,002,1148,1,0,1,0
2020-05-31,Amador,005,37829,10,0,10,0
2020-05-31,Butte,007,227075,80,6,86,1
2020-05-31,Calaveras,009,45235,18,0,18,0
2020-05-31,Colusa,011,21464,9,0,9,0
2020-05-31,Contra Costa,013,1133247,1722,1,1723,42
2020-05-31,Del Norte,015,27424,45,0,45,0
2020-05-31,El Dorado,017,186661,119,1,120,0
2020-05-31,Fresno,019,978130,3361,46,3407,51
2020-05-31,Glenn,021,27897,20,0,20,0
2020-05-31,Humboldt,023,135768,113,0,113,3
2020-05-31,Imperial,025,180216,3810,4,3814,58
2020-05-31,Inyo,027,18085,20,0,20,1
2020-05-31,Kern,029,883053,2923,7,2930,45
2020-05-31,Kings,031,150075,1260,2,1262,5
2020-05-31,Lake,033,64148,32,0,32,0
2020-05-31,Lassen,035,31185,10,2,12,0
2020-05-31,Los Angeles,037,10098052,62446,29,62475,2645
2020-05-31,Madera,039,155013,271,1,272,2
2020-05-31,Marin,041,260295,179,2,181,13
2020-05-31,Mariposa,043,17540,16,0,16,0
2020-05-31,Mendocino,045,87422,32,0,32,0
2020-05-31,Merced,047,269075,417,0,417,7
2020-05-31,Modoc,049,8938,0,0,0,0
2020-05-31,Mono,051,14174,39,0,39,1
2020-05-31,Monterey,053,433212,721,1,722,11
2020-05-31,Napa,055,140530,148,0,148,3
2020-05-31,Nevada,057,99092,50,1,51,1
2020-05-31,Orange,059,3164182,9262,67,9329,220
2020-05-31,Placer,061,380077,294,2,296,9
2020-05-31,Plumas,063,18699,4,0,4,0
2020-05-31,Riverside,065,2383286,9860,21,9881,343
2020-05-31,Sacramento,067,1510023,1532,2,1534,62
2020-05-31,San Benito,069,59416,98,0,98,2
2020-05-31,San Bernardino,071,2135413,6447,5,6452,227
2020-05-31,San Diego,073,3302833,8639,0,8639,296
2020-05-31,San Francisco,075,870044,2728,0,2728,48
2020-05-31,San Joaquin,077,732212,1190,3,1193,39
2020-05-31,San Luis Obispo,079,281455,365,4,369,1
2020-05-31,San Mateo,081,765935,2412,2,2414,92
2020-05-31,Santa Barbara,083,443738,1801,11,1812,12
2020-05-31,Santa Clara,085,1922200,3488,13,3501,141
2020-05-31,Santa Cruz,087,273765,231,0,231,2
2020-05-31,Shasta,089,179085,60,0,60,4
2020-05-31,Sierra,091,2930,1,0,1,0
2020-05-31,Siskiyou,093,43540,12,0,12,0
2020-05-31,Solano,095,438530,676,1,677,20
2020-05-31,Sonoma,097,501317,642,1,643,3
2020-05-31,Stanislaus,099,539301,913,5,918,30
2020-05-31,Sutter,101,95872,50,0,50,2
2020-05-31,Tehama,103,63373,10,1,11,1
2020-05-31,Trinity,105,12862,7,2,9,0
2020-05-31,Tulare,107,460477,2637,10,2647,90
2020-05-31,Tuolumne,109,53932,5,0,5,0
2020-05-31,Ventura,111,848112,1647,10,1657,33
2020-05-31,Yolo,113,214977,241,0,241,24
2020-05-31,Yuba,115,75493,30,0,30,1
2020-05-30,Alameda,001,1643700,3842,5,3847,103
2020-05-30,Alpine,002,1148,1,0,1,0
2020-05-30,Amador,005,37829,10,0,10,0
2020-05-30,Butte,007,227075,79,6,85,0
2020-05-30,Calaveras,009,45235,17,0,17,0
2020-05-30,Colusa,011,21464,8,0,8,0
2020-05-30,Contra Costa,013,1133247,1706,1,1707,42
2020-05-30,Del Norte,015,27424,45,0,45,0
2020-05-30,El Dorado,017,186661,118,1,119,0
2020-05-30,Fresno,019,978130,3300,45,3345,47
2020-05-30,Glenn,021,27897,19,0,19,0
2020-05-30,Humboldt,023,135768,112,0,112,3
2020-05-30,Imperial,025,180216,3720,4,3724,58
2020-05-30,Inyo,027,18085,20,0,20,1
2020-05-30,Kern,029,883053,2854,7,2861,42
2020-05-30,Kings,031,150075,1246,2,1248,4
2020-05-30,Lake,033,64148,31,0,31,0
2020-05-30,Lassen,035,31185,10,2,12,0
2020-05-30,Los Angeles,037,10098052,61911,29,61940,2611
2020-05-30,Madera,039,155013,266,1,267,2
2020-05-30,Marin,041,260295,179,2,181,12
2020-05-30,Mariposa,043,17540,16,0,16,0
2020-05-30,Mendocino,045,87422,32,0,32,0
2020-05-30,Merced,047,269075,413,0,413,7
2020-05-30,Modoc,049,8938,0,0,0,0
2020-05-30,Mono,051,14174,39,0,39,1
2020-05-30,Monterey,053,433212,705,1,706,11
2020-05-30,Napa,055,140530,146,0,146,3
2020-05-30,Nevada,057,99092,50,1,51,1
2020-05-30,Orange,059,3164182,9105,66,9171,212
2020-05-30,Placer,061,380077,286,1,287,9
2020-05-30,Plumas,063,18699,4,0,4,0
2020-05-30,Riverside,065,2383286,9716,21,9737,341
2020-05-30,Sacramento,067,1510023,1521,2,1523,62
2020-05-30,San Benito,069,59416,97,0,97,2
2020-05-30,San Bernardino,071,2135413,6338,5,6343,225
2020-05-30,San Diego,073,3302833,8546,0,8546,290
2020-05-30,San Francisco,075,870044,2703,0,2703,47
2020-05-30,San Joaquin,077,732212,1152,3,1155,39
2020-05-30,San Luis Obispo,079,281455,360,4,364,1
2020-05-30,San Mateo,081,765935,2388,2,2390,91
2020-05-30,Santa Barbara,083,443738,1782,11,1793,12
2020-05-30,Santa Clara,085,1922200,3472,13,3485,139
2020-05-30,Santa Cruz,087,273765,231,0,231,2
2020-05-30,Shasta,089,179085,60,0,60,4
2020-05-30,Sierra,091,2930,1,0,1,0
2020-05-30,Siskiyou,093,43540,11,0,11,0
2020-05-30,Solano,095,438530,669,1,670,20
2020-05-30,Sonoma,097,501317,632,1,633,3
2020-05-30,Stanislaus,099,539301,896,5,901,30
2020-05-30,Sutter,101,95872,49,0,49,2
2020-05-30,Tehama,103,63373,10,1,11,1
2020-05-30,Trinity,105,12862,7,2,9,0
2020-05-30,Tulare,107,460477,2600,10,2610,90
2020-05-30,Tuolumne,109,53932,5,0,5,0
2020-05-30,Ventura,111,848112,1630,10,1640,33
2020-05-30,Yolo,113,214977,237,0,237,24
2020-05-30,Yuba,115,75493,30,0,30,1
2020-05-29,Alameda,001,1643700,3807,5,3812,101
2020-05-29,Alpine,002,1148,1,0,1,0
2020-05-29,Amador,005,37829,10,0,10,0
2020-05-29,Butte,007,227075,74,6,80,0
2020-05-29,Calaveras,009,45235,17,0,17,0
2020-05-29,Colusa,011,21464,8,0,8,0
2020-05-29,Contra Costa,013,1133247,1690,1,1691,41
2020-05-29,Del Norte,015,27424,45,0,45,0
2020-05-29,El Dorado,017,186661,117,1,118,0
2020-05-29,Fresno,019,978130,3250,45,3295,47
2020-05-29,Glenn,021,27897,19,0,19,0
2020-05-29,Humboldt,023,135768,111,0,111,3
2020-05-29,Imperial,025,180216,3602,4,3606,57
2020-05-29,Inyo,027,18085,20,0,20,1
2020-05-29,Kern,029,883053,2796,7,2803,41
2020-05-29,Kings,031,150075,1235,2,1237,3
2020-05-29,Lake,033,64148,30,0,30,0
2020-05-29,Lassen,035,31185,10,2,12,0
2020-05-29,Los Angeles,037,10098052,60955,29,60984,2571
2020-05-29,Madera,039,155013,251,1,252,2
2020-05-29,Marin,041,260295,174,2,176,11
2020-05-29,Mariposa,043,17540,16,0,16,0
2020-05-29,Mendocino,045,87422,30,0,30,0
2020-05-29,Merced,047,269075,403,0,403,7
2020-05-29,Modoc,049,8938,0,0,0,0
2020-05-29,Mono,051,14174,38,0,38,1
2020-05-29,Monterey,053,433212,675,1,676,11
2020-05-29,Napa,055,140530,143,0,143,3
2020-05-29,Nevada,057,99092,50,1,51,1
2020-05-29,Orange,059,3164182,8918,63,8981,206
2020-05-29,Placer,061,380077,264,1,265,9
2020-05-29,Plumas,063,18699,4,0,4,0
2020-05-29,Riverside,065,2383286,9530,21,9551,337
2020-05-29,Sacramento,067,1510023,1498,2,1500,61
2020-05-29,San Benito,069,59416,97,0,97,2
2020-05-29,San Bernardino,071,2135413,6230,5,6235,220
2020-05-29,San Diego,073,3302833,8423,0,8423,289
2020-05-29,San Francisco,075,870044,2679,0,2679,47
2020-05-29,San Joaquin,077,732212,1115,3,1118,39
2020-05-29,San Luis Obispo,079,281455,356,4,360,1
2020-05-29,San Mateo,081,765935,2372,2,2374,91
2020-05-29,Santa Barbara,083,443738,1754,11,1765,12
2020-05-29,Santa Clara,085,1922200,3444,13,3457,139
2020-05-29,Santa Cruz,087,273765,228,0,228,2
2020-05-29,Shasta,089,179085,60,0,60,4
2020-05-29,Sierra,091,2930,1,0,1,0
2020-05-29,Siskiyou,093,43540,11,0,11,0
2020-05-29,Solano,095,438530,660,1,661,20
2020-05-29,Sonoma,097,501317,621,1,622,3
2020-05-29,Stanislaus,099,539301,866,5,871,29
2020-05-29,Sutter,101,95872,47,0,47,2
2020-05-29,Tehama,103,63373,9,1,10,1
2020-05-29,Trinity,105,12862,7,2,9,0
2020-05-29,Tulare,107,460477,2562,10,2572,89
2020-05-29,Tuolumne,109,53932,5,0,5,0
2020-05-29,Ventura,111,848112,1606,10,1616,33
2020-05-29,Yolo,113,214977,233,0,233,24
2020-05-29,Yuba,115,75493,29,0,29,1
2020-05-28,Alameda,001,1643700,3708,5,3713,100
2020-05-28,Alpine,002,1148,1,0,1,0
2020-05-28,Amador,005,37829,10,0,10,0
2020-05-28,Butte,007,227075,73,6,79,0
2020-05-28,Calaveras,009,45235,16,0,16,0
2020-05-28,Colusa,011,21464,8,0,8,0
2020-05-28,Contra Costa,013,1133247,1651,1,1652,39
2020-05-28,Del Norte,015,27424,45,0,45,0
2020-05-28,El Dorado,017,186661,114,1,115,0
2020-05-28,Fresno,019,978130,3170,44,3214,44
2020-05-28,Glenn,021,27897,18,0,18,0
2020-05-28,Humboldt,023,135768,110,0,110,3
2020-05-28,Imperial,025,180216,3406,4,3410,56
2020-05-28,Inyo,027,18085,20,0,20,1
2020-05-28,Kern,029,883053,2718,7,2725,41
2020-05-28,Kings,031,150075,898,2,900,3
2020-05-28,Lake,033,64148,29,0,29,0
2020-05-28,Lassen,035,31185,10,2,12,0
2020-05-28,Los Angeles,037,10098052,59379,29,59408,2534
2020-05-28,Madera,039,155013,233,1,234,2
2020-05-28,Marin,041,260295,156,2,158,11
2020-05-28,Mariposa,043,17540,16,0,16,0
2020-05-28,Mendocino,045,87422,28,0,28,0
2020-05-28,Merced,047,269075,394,0,394,7
2020-05-28,Modoc,049,8938,0,0,0,0
2020-05-28,Mono,051,14174,38,0,38,1
2020-05-28,Monterey,053,433212,643,1,644,11
2020-05-28,Napa,055,140530,140,0,140,3
2020-05-28,Nevada,057,99092,45,1,46,1
2020-05-28,Orange,059,3164182,8723,63,8786,200
2020-05-28,Placer,061,380077,257,1,258,9
2020-05-28,Plumas,063,18699,4,0,4,0
2020-05-28,Riverside,065,2383286,9126,20,9146,336
2020-05-28,Sacramento,067,1510023,1478,2,1480,60
2020-05-28,San Benito,069,59416,96,0,96,2
2020-05-28,San Bernardino,071,2135413,6065,5,6070,218
2020-05-28,San Diego,073,3302833,8266,0,8266,286
2020-05-28,San Francisco,075,870044,2645,0,2645,46
2020-05-28,San Joaquin,077,732212,1080,3,1083,39
2020-05-28,San Luis Obispo,079,281455,353,4,357,1
2020-05-28,San Mateo,081,765935,2345,2,2347,90
2020-05-28,Santa Barbara,083,443738,1726,10,1736,12
2020-05-28,Santa Clara,085,1922200,3404,13,3417,139
2020-05-28,Santa Cruz,087,273765,227,0,227,2
2020-05-28,Shasta,089,179085,58,0,58,4
2020-05-28,Sierra,091,2930,1,0,1,0
2020-05-28,Siskiyou,093,43540,9,0,9,0
2020-05-28,Solano,095,438530,643,1,644,20
2020-05-28,Sonoma,097,501317,599,1,600,3
2020-05-28,Stanislaus,099,539301,825,5,830,29
2020-05-28,Sutter,101,95872,47,0,47,2
2020-05-28,Tehama,103,63373,9,1,10,1
2020-05-28,Trinity,105,12862,6,2,8,0
2020-05-28,Tulare,107,460477,2526,10,2536,87
2020-05-28,Tuolumne,109,53932,5,0,5,0
2020-05-28,Ventura,111,848112,1573,10,1583,33
2020-05-28,Yolo,113,214977,230,0,230,24
2020-05-28,Yuba,115,75493,28,0,28,1
2020-05-27,Alameda,001,1643700,3625,5,3630,99
2020-05-27,Alpine,002,1148,1,0,1,0
2020-05-27,Amador,005,37829,10,0,10,0
2020-05-27,Butte,007,227075,70,5,75,0
2020-05-27,Calaveras,009,45235,15,0,15,0
2020-05-27,Colusa,011,21464,8,0,8,0
2020-05-27,Contra Costa,013,1133247,1611,1,1612,38
2020-05-27,Del Norte,015,27424,45,0,45,0
2020-05-27,El Dorado,017,186661,113,1,114,0
2020-05-27,Fresno,019,978130,3080,44,3124,43
2020-05-27,Glenn,021,27897,18,0,18,0
2020-05-27,Humboldt,023,135768,110,0,110,3
2020-05-27,Imperial,025,180216,3227,4,3231,51
2020-05-27,Inyo,027,18085,20,0,20,1
2020-05-27,Kern,029,883053,2653,7,2660,41
2020-05-27,Kings,031,150075,871,2,873,3
2020-05-27,Lake,033,64148,29,0,29,0
2020-05-27,Lassen,035,31185,10,2,12,0
2020-05-27,Los Angeles,037,10098052,58008,29,58037,2501
2020-05-27,Madera,039,155013,224,1,225,2
2020-05-27,Marin,041,260295,145,2,147,11
2020-05-27,Mariposa,043,17540,16,0,16,0
2020-05-27,Mendocino,045,87422,27,0,27,0
2020-05-27,Merced,047,269075,388,0,388,7
2020-05-27,Modoc,049,8938,0,0,0,0
2020-05-27,Mono,051,14174,38,0,38,1
2020-05-27,Monterey,053,433212,603,1,604,11
2020-05-27,Napa,055,140530,135,0,135,3
2020-05-27,Nevada,057,99092,44,1,45,1
2020-05-27,Orange,059,3164182,8568,63,8631,192
2020-05-27,Placer,061,380077,238,0,238,9
2020-05-27,Plumas,063,18699,4,0,4,0
2020-05-27,Riverside,065,2383286,8747,20,8767,330
2020-05-27,Sacramento,067,1510023,1450,2,1452,60
2020-05-27,San Benito,069,59416,93,0,93,2
2020-05-27,San Bernardino,071,2135413,5881,5,5886,212
2020-05-27,San Diego,073,3302833,8115,0,8115,282
2020-05-27,San Francisco,075,870044,2616,0,2616,46
2020-05-27,San Joaquin,077,732212,1039,3,1042,38
2020-05-27,San Luis Obispo,079,281455,348,4,352,1
2020-05-27,San Mateo,081,765935,2305,2,2307,90
2020-05-27,Santa Barbara,083,443738,1711,10,1721,12
2020-05-27,Santa Clara,085,1922200,3371,13,3384,137
2020-05-27,Santa Cruz,087,273765,223,0,223,2
2020-05-27,Shasta,089,179085,55,0,55,4
2020-05-27,Sierra,091,2930,1,0,1,0
2020-05-27,Siskiyou,093,43540,9,0,9,0
2020-05-27,Solano,095,438530,623,1,624,20
2020-05-27,Sonoma,097,501317,585,1,586,3
2020-05-27,Stanislaus,099,539301,800,5,805,29
2020-05-27,Sutter,101,95872,46,0,46,2
2020-05-27,Tehama,103,63373,9,1,10,1
2020-05-27,Trinity,105,12862,6,2,8,0
2020-05-27,Tulare,107,460477,2474,10,2484,87
2020-05-27,Tuolumne,109,53932,5,0,5,0
2020-05-27,Ventura,111,848112,1548,10,1558,33
2020-05-27,Yolo,113,214977,229,0,229,23
2020-05-27,Yuba,115,75493,28,0,28,1
2020-05-26,Alameda,001,1643700,3530,5,3535,99
2020-05-26,Alpine,002,1148,1,0,1,0
2020-05-26,Amador,005,37829,10,0,10,0
2020-05-26,Butte,007,227075,68,4,72,0
2020-05-26,Calaveras,009,45235,15,0,15,0
2020-05-26,Colusa,011,21464,8,0,8,0
2020-05-26,Contra Costa,013,1133247,1575,1,1576,38
2020-05-26,Del Norte,015,27424,44,0,44,0
2020-05-26,El Dorado,017,186661,109,1,110,0
2020-05-26,Fresno,019,978130,2992,44,3036,43
2020-05-26,Glenn,021,27897,16,0,16,0
2020-05-26,Humboldt,023,135768,108,0,108,2
2020-05-26,Imperial,025,180216,3014,4,3018,47
2020-05-26,Inyo,027,18085,20,0,20,1
2020-05-26,Kern,029,883053,2575,7,2582,40
2020-05-26,Kings,031,150075,803,1,804,3
2020-05-26,Lake,033,64148,27,0,27,0
2020-05-26,Lassen,035,31185,9,2,11,0
2020-05-26,Los Angeles,037,10098052,56542,29,56571,2447
2020-05-26,Madera,039,155013,209,1,210,2
2020-05-26,Marin,041,260295,143,2,145,11
2020-05-26,Mariposa,043,17540,16,0,16,0
2020-05-26,Mendocino,045,87422,25,0,25,0
2020-05-26,Merced,047,269075,377,0,377,7
2020-05-26,Modoc,049,8938,0,0,0,0
2020-05-26,Mono,051,14174,37,0,37,1
2020-05-26,Monterey,053,433212,575,1,576,11
2020-05-26,Napa,055,140530,130,0,130,3
2020-05-26,Nevada,057,99092,43,1,44,1
2020-05-26,Orange,059,3164182,8299,62,8361,190
2020-05-26,Placer,061,380077,233,0,233,9
2020-05-26,Plumas,063,18699,4,0,4,0
2020-05-26,Riverside,065,2383286,8300,20,8320,326
2020-05-26,Sacramento,067,1510023,1424,2,1426,60
2020-05-26,San Benito,069,59416,88,0,88,2
2020-05-26,San Bernardino,071,2135413,5713,5,5718,206
2020-05-26,San Diego,073,3302833,7972,0,7972,279
2020-05-26,San Francisco,075,870044,2583,0,2583,46
2020-05-26,San Joaquin,077,732212,992,3,995,38
2020-05-26,San Luis Obispo,079,281455,346,4,350,1
2020-05-26,San Mateo,081,765935,2267,2,2269,90
2020-05-26,Santa Barbara,083,443738,1694,9,1703,12
2020-05-26,Santa Clara,085,1922200,3339,13,3352,137
2020-05-26,Santa Cruz,087,273765,221,0,221,2
2020-05-26,Shasta,089,179085,55,0,55,4
2020-05-26,Sierra,091,2930,1,0,1,0
2020-05-26,Siskiyou,093,43540,8,0,8,0
2020-05-26,Solano,095,438530,604,1,605,19
2020-05-26,Sonoma,097,501317,577,0,577,3
2020-05-26,Stanislaus,099,539301,780,5,785,28
2020-05-26,Sutter,101,95872,45,0,45,2
2020-05-26,Tehama,103,63373,8,1,9,1
2020-05-26,Trinity,105,12862,6,2,8,0
2020-05-26,Tulare,107,460477,2418,10,2428,85
2020-05-26,Tuolumne,109,53932,5,0,5,0
2020-05-26,Ventura,111,848112,1511,8,1519,31
2020-05-26,Yolo,113,214977,223,0,223,23
2020-05-26,Yuba,115,75493,27,0,27,1
2020-05-25,Alameda,001,1643700,3436,5,3441,99
2020-05-25,Alpine,002,1148,1,0,1,0
2020-05-25,Amador,005,37829,10,0,10,0
2020-05-25,Butte,007,227075,65,4,69,0
2020-05-25,Calaveras,009,45235,15,0,15,0
2020-05-25,Colusa,011,21464,7,0,7,0
2020-05-25,Contra Costa,013,1133247,1543,1,1544,38
2020-05-25,Del Norte,015,27424,44,0,44,0
2020-05-25,El Dorado,017,186661,101,1,102,0
2020-05-25,Fresno,019,978130,2889,42,2931,41
2020-05-25,Glenn,021,27897,16,0,16,0
2020-05-25,Humboldt,023,135768,107,0,107,2
2020-05-25,Imperial,025,180216,2808,4,2812,44
2020-05-25,Inyo,027,18085,19,0,19,1
2020-05-25,Kern,029,883053,2504,7,2511,39
2020-05-25,Kings,031,150075,773,1,774,2
2020-05-25,Lake,033,64148,25,0,25,0
2020-05-25,Lassen,035,31185,9,2,11,0
2020-05-25,Los Angeles,037,10098052,54729,28,54757,2404
2020-05-25,Madera,039,155013,196,1,197,2
2020-05-25,Marin,041,260295,140,2,142,11
2020-05-25,Mariposa,043,17540,16,0,16,0
2020-05-25,Mendocino,045,87422,22,0,22,0
2020-05-25,Merced,047,269075,371,0,371,7
2020-05-25,Modoc,049,8938,0,0,0,0
2020-05-25,Mono,051,14174,37,0,37,1
2020-05-25,Monterey,053,433212,545,1,546,10
2020-05-25,Napa,055,140530,130,0,130,3
2020-05-25,Nevada,057,99092,43,1,44,1
2020-05-25,Orange,059,3164182,8076,61,8137,180
2020-05-25,Placer,061,380077,229,0,229,9
2020-05-25,Plumas,063,18699,4,0,4,0
2020-05-25,Riverside,065,2383286,8069,20,8089,320
2020-05-25,Sacramento,067,1510023,1404,1,1405,60
2020-05-25,San Benito,069,59416,87,0,87,2
2020-05-25,San Bernardino,071,2135413,5523,4,5527,203
2020-05-25,San Diego,073,3302833,7796,0,7796,273
2020-05-25,San Francisco,075,870044,2546,0,2546,45
2020-05-25,San Joaquin,077,732212,966,3,969,37
2020-05-25,San Luis Obispo,079,281455,343,4,347,1
2020-05-25,San Mateo,081,765935,2230,2,2232,90
2020-05-25,Santa Barbara,083,443738,1684,9,1693,12
2020-05-25,Santa Clara,085,1922200,3306,13,3319,137
2020-05-25,Santa Cruz,087,273765,219,0,219,2
2020-05-25,Shasta,089,179085,54,0,54,4
2020-05-25,Sierra,091,2930,1,0,1,0
2020-05-25,Siskiyou,093,43540,8,0,8,0
2020-05-25,Solano,095,438530,589,1,590,19
2020-05-25,Sonoma,097,501317,565,0,565,3
2020-05-25,Stanislaus,099,539301,750,5,755,27
2020-05-25,Sutter,101,95872,45,0,45,2
2020-05-25,Tehama,103,63373,7,1,8,1
2020-05-25,Trinity,105,12862,6,2,8,0
2020-05-25,Tulare,107,460477,2354,10,2364,83
2020-05-25,Tuolumne,109,53932,5,0,5,0
2020-05-25,Ventura,111,848112,1470,8,1478,31
2020-05-25,Yolo,113,214977,221,0,221,23
2020-05-25,Yuba,115,75493,26,0,26,1
2020-05-24,Alameda,001,1643700,3363,5,3368,98
2020-05-24,Alpine,002,1148,1,0,1,0
2020-05-24,Amador,005,37829,10,0,10,0
2020-05-24,Butte,007,227075,63,4,67,0
2020-05-24,Calaveras,009,45235,15,0,15,0
2020-05-24,Colusa,011,21464,7,0,7,0
2020-05-24,Contra Costa,013,1133247,1515,1,1516,38
2020-05-24,Del Norte,015,27424,43,0,43,0
2020-05-24,El Dorado,017,186661,100,1,101,0
2020-05-24,Fresno,019,978130,2822,41,2863,39
2020-05-24,Glenn,021,27897,15,0,15,0
2020-05-24,Humboldt,023,135768,107,0,107,2
2020-05-24,Imperial,025,180216,2682,4,2686,43
2020-05-24,Inyo,027,18085,19,0,19,1
2020-05-24,Kern,029,883053,2431,6,2437,36
2020-05-24,Kings,031,150075,762,1,763,2
2020-05-24,Lake,033,64148,24,0,24,0
2020-05-24,Lassen,035,31185,8,2,10,0
2020-05-24,Los Angeles,037,10098052,53713,28,53741,2372
2020-05-24,Madera,039,155013,190,1,191,2
2020-05-24,Marin,041,260295,139,2,141,11
2020-05-24,Mariposa,043,17540,16,0,16,0
2020-05-24,Mendocino,045,87422,21,0,21,0
2020-05-24,Merced,047,269075,370,0,370,7
2020-05-24,Modoc,049,8938,0,0,0,0
2020-05-24,Mono,051,14174,37,0,37,1
2020-05-24,Monterey,053,433212,517,1,518,10
2020-05-24,Napa,055,140530,128,0,128,3
2020-05-24,Nevada,057,99092,43,1,44,1
2020-05-24,Orange,059,3164182,7922,60,7982,175
2020-05-24,Placer,061,380077,221,0,221,9
2020-05-24,Plumas,063,18699,4,0,4,0
2020-05-24,Riverside,065,2383286,7928,20,7948,316
2020-05-24,Sacramento,067,1510023,1388,1,1389,59
2020-05-24,San Benito,069,59416,86,0,86,2
2020-05-24,San Bernardino,071,2135413,5415,4,5419,200
2020-05-24,San Diego,073,3302833,7653,0,7653,269
2020-05-24,San Francisco,075,870044,2523,0,2523,45
2020-05-24,San Joaquin,077,732212,947,3,950,37
2020-05-24,San Luis Obispo,079,281455,341,4,345,1
2020-05-24,San Mateo,081,765935,2195,2,2197,90
2020-05-24,Santa Barbara,083,443738,1672,9,1681,12
2020-05-24,Santa Clara,085,1922200,3286,13,3299,136
2020-05-24,Santa Cruz,087,273765,216,0,216,2
2020-05-24,Shasta,089,179085,53,0,53,4
2020-05-24,Sierra,091,2930,1,0,1,0
2020-05-24,Siskiyou,093,43540,7,0,7,0
2020-05-24,Solano,095,438530,581,0,581,19
2020-05-24,Sonoma,097,501317,554,0,554,3
2020-05-24,Stanislaus,099,539301,730,5,735,27
2020-05-24,Sutter,101,95872,45,0,45,2
2020-05-24,Tehama,103,63373,5,1,6,1
2020-05-24,Trinity,105,12862,6,2,8,0
2020-05-24,Tulare,107,460477,2308,10,2318,82
2020-05-24,Tuolumne,109,53932,5,0,5,0
2020-05-24,Ventura,111,848112,1458,8,1466,31
2020-05-24,Yolo,113,214977,219,0,219,22
2020-05-24,Yuba,115,75493,26,0,26,1
2020-05-23,Alameda,001,1643700,3322,5,3327,97
2020-05-23,Alpine,002,1148,1,0,1,0
2020-05-23,Amador,005,37829,10,0,10,0
2020-05-23,Butte,007,227075,62,4,66,0
2020-05-23,Calaveras,009,45235,15,0,15,0
2020-05-23,Colusa,011,21464,7,0,7,0
2020-05-23,Contra Costa,013,1133247,1504,1,1505,38
2020-05-23,Del Norte,015,27424,43,0,43,0
2020-05-23,El Dorado,017,186661,100,1,101,0
2020-05-23,Fresno,019,978130,2802,41,2843,39
2020-05-23,Glenn,021,27897,15,0,15,0
2020-05-23,Humboldt,023,135768,105,0,105,2
2020-05-23,Imperial,025,180216,2594,4,2598,37
2020-05-23,Inyo,027,18085,19,0,19,1
2020-05-23,Kern,029,883053,2388,6,2394,34
2020-05-23,Kings,031,150075,758,1,759,2
2020-05-23,Lake,033,64148,23,0,23,0
2020-05-23,Lassen,035,31185,8,2,10,0
2020-05-23,Los Angeles,037,10098052,53168,28,53196,2330
2020-05-23,Madera,039,155013,186,1,187,2
2020-05-23,Marin,041,260295,139,1,140,11
2020-05-23,Mariposa,043,17540,16,0,16,0
2020-05-23,Mendocino,045,87422,21,0,21,0
2020-05-23,Merced,047,269075,365,0,365,6
2020-05-23,Modoc,049,8938,0,0,0,0
2020-05-23,Mono,051,14174,36,0,36,1
2020-05-23,Monterey,053,433212,503,1,504,10
2020-05-23,Napa,055,140530,124,0,124,3
2020-05-23,Nevada,057,99092,43,1,44,1
2020-05-23,Orange,059,3164182,7763,59,7822,171
2020-05-23,Placer,061,380077,215,0,215,9
2020-05-23,Plumas,063,18699,4,0,4,0
2020-05-23,Riverside,065,2383286,7837,20,7857,309
2020-05-23,Sacramento,067,1510023,1372,1,1373,58
2020-05-23,San Benito,069,59416,81,0,81,2
2020-05-23,San Bernardino,071,2135413,5321,4,5325,197
2020-05-23,San Diego,073,3302833,7562,0,7562,263
2020-05-23,San Francisco,075,870044,2504,0,2504,45
2020-05-23,San Joaquin,077,732212,932,3,935,35
2020-05-23,San Luis Obispo,079,281455,337,4,341,1
2020-05-23,San Mateo,081,765935,2167,2,2169,90
2020-05-23,Santa Barbara,083,443738,1664,9,1673,12
2020-05-23,Santa Clara,085,1922200,3272,12,3284,136
2020-05-23,Santa Cruz,087,273765,214,0,214,2
2020-05-23,Shasta,089,179085,53,0,53,4
2020-05-23,Sierra,091,2930,1,0,1,0
2020-05-23,Siskiyou,093,43540,7,0,7,0
2020-05-23,Solano,095,438530,575,0,575,19
2020-05-23,Sonoma,097,501317,540,0,540,3
2020-05-23,Stanislaus,099,539301,722,5,727,27
2020-05-23,Sutter,101,95872,44,0,44,2
2020-05-23,Tehama,103,63373,5,1,6,1
2020-05-23,Trinity,105,12862,6,2,8,0
2020-05-23,Tulare,107,460477,2287,10,2297,80
2020-05-23,Tuolumne,109,53932,5,0,5,0
2020-05-23,Ventura,111,848112,1438,8,1446,31
2020-05-23,Yolo,113,214977,218,0,218,22
2020-05-23,Yuba,115,75493,26,0,26,1
2020-05-22,Alameda,001,1643700,3268,5,3273,96
2020-05-22,Alpine,002,1148,1,0,1,0
2020-05-22,Amador,005,37829,10,0,10,0
2020-05-22,Butte,007,227075,60,4,64,0
2020-05-22,Calaveras,009,45235,15,0,15,0
2020-05-22,Colusa,011,21464,7,0,7,0
2020-05-22,Contra Costa,013,1133247,1492,1,1493,38
2020-05-22,Del Norte,015,27424,41,0,41,0
2020-05-22,El Dorado,017,186661,97,1,98,0
2020-05-22,Fresno,019,978130,2743,40,2783,37
2020-05-22,Glenn,021,27897,15,0,15,0
2020-05-22,Humboldt,023,135768,105,0,105,2
2020-05-22,Imperial,025,180216,2492,4,2496,34
2020-05-22,Inyo,027,18085,19,0,19,1
2020-05-22,Kern,029,883053,2339,6,2345,33
2020-05-22,Kings,031,150075,755,1,756,2
2020-05-22,Lake,033,64148,22,0,22,0
2020-05-22,Lassen,035,31185,6,2,8,0
2020-05-22,Los Angeles,037,10098052,52371,28,52399,2293
2020-05-22,Madera,039,155013,182,1,183,2
2020-05-22,Marin,041,260295,137,1,138,11
2020-05-22,Mariposa,043,17540,16,0,16,0
2020-05-22,Mendocino,045,87422,20,0,20,0
2020-05-22,Merced,047,269075,359,0,359,6
2020-05-22,Modoc,049,8938,0,0,0,0
2020-05-22,Mono,051,14174,36,0,36,1
2020-05-22,Monterey,053,433212,492,1,493,10
2020-05-22,Napa,055,140530,122,0,122,3
2020-05-22,Nevada,057,99092,42,1,43,1
2020-05-22,Orange,059,3164182,7566,57,7623,163
2020-05-22,Placer,061,380077,215,0,215,9
2020-05-22,Plumas,063,18699,4,0,4,0
2020-05-22,Riverside,065,2383286,7722,20,7742,304
2020-05-22,Sacramento,067,1510023,1356,1,1357,58
2020-05-22,San Benito,069,59416,80,0,80,2
2020-05-22,San Bernardino,071,2135413,5246,4,5250,190
2020-05-22,San Diego,073,3302833,7476,0,7476,260
2020-05-22,San Francisco,075,870044,2486,0,2486,45
2020-05-22,San Joaquin,077,732212,919,3,922,35
2020-05-22,San Luis Obispo,079,281455,336,4,340,1
2020-05-22,San Mateo,081,765935,2148,2,2150,87
2020-05-22,Santa Barbara,083,443738,1654,9,1663,12
2020-05-22,Santa Clara,085,1922200,3252,12,3264,136
2020-05-22,Santa Cruz,087,273765,211,0,211,2
2020-05-22,Shasta,089,179085,53,0,53,4
2020-05-22,Sierra,091,2930,1,0,1,0
2020-05-22,Siskiyou,093,43540,7,0,7,0
2020-05-22,Solano,095,438530,572,0,572,18
2020-05-22,Sonoma,097,501317,536,0,536,3
2020-05-22,Stanislaus,099,539301,712,5,717,27
2020-05-22,Sutter,101,95872,44,0,44,2
2020-05-22,Tehama,103,63373,5,0,5,1
2020-05-22,Trinity,105,12862,6,2,8,0
2020-05-22,Tulare,107,460477,2257,10,2267,80
2020-05-22,Tuolumne,109,53932,5,0,5,0
2020-05-22,Ventura,111,848112,1420,8,1428,31
2020-05-22,Yolo,113,214977,216,0,216,22
2020-05-22,Yuba,115,75493,26,0,26,1
2020-05-21,Alameda,001,1643700,3202,5,3207,95
2020-05-21,Alpine,002,1148,1,0,1,0
2020-05-21,Amador,005,37829,10,0,10,0
2020-05-21,Butte,007,227075,59,4,63,0
2020-05-21,Calaveras,009,45235,15,0,15,0
2020-05-21,Colusa,011,21464,7,0,7,0
2020-05-21,Contra Costa,013,1133247,1456,1,1457,38
2020-05-21,Del Norte,015,27424,38,0,38,0
2020-05-21,El Dorado,017,186661,95,1,96,0
2020-05-21,Fresno,019,978130,2652,39,2691,34
2020-05-21,Glenn,021,27897,14,0,14,0
2020-05-21,Humboldt,023,135768,104,0,104,2
2020-05-21,Imperial,025,180216,2332,4,2336,31
2020-05-21,Inyo,027,18085,19,0,19,1
2020-05-21,Kern,029,883053,2263,5,2268,32
2020-05-21,Kings,031,150075,734,1,735,2
2020-05-21,Lake,033,64148,17,0,17,0
2020-05-21,Lassen,035,31185,6,2,8,0
2020-05-21,Los Angeles,037,10098052,51331,28,51359,2243
2020-05-21,Madera,039,155013,179,1,180,2
2020-05-21,Marin,041,260295,130,1,131,11
2020-05-21,Mariposa,043,17540,16,0,16,0
2020-05-21,Mendocino,045,87422,20,0,20,0
2020-05-21,Merced,047,269075,351,0,351,6
2020-05-21,Modoc,049,8938,0,0,0,0
2020-05-21,Mono,051,14174,36,0,36,1
2020-05-21,Monterey,053,433212,481,1,482,10
2020-05-21,Napa,055,140530,120,0,120,3
2020-05-21,Nevada,057,99092,42,1,43,1
2020-05-21,Orange,059,3164182,7363,57,7420,158
2020-05-21,Placer,061,380077,208,0,208,9
2020-05-21,Plumas,063,18699,4,0,4,0
2020-05-21,Riverside,065,2383286,7535,20,7555,299
2020-05-21,Sacramento,067,1510023,1343,1,1344,58
2020-05-21,San Benito,069,59416,77,0,77,2
2020-05-21,San Bernardino,071,2135413,5099,4,5103,186
2020-05-21,San Diego,073,3302833,7340,0,7340,255
2020-05-21,San Francisco,075,870044,2462,0,2462,45
2020-05-21,San Joaquin,077,732212,883,3,886,34
2020-05-21,San Luis Obispo,079,281455,336,3,339,1
2020-05-21,San Mateo,081,765935,2112,2,2114,86
2020-05-21,Santa Barbara,083,443738,1639,9,1648,12
2020-05-21,Santa Clara,085,1922200,3230,12,3242,136
2020-05-21,Santa Cruz,087,273765,203,0,203,2
2020-05-21,Shasta,089,179085,51,0,51,4
2020-05-21,Sierra,091,2930,1,0,1,0
2020-05-21,Siskiyou,093,43540,7,0,7,0
2020-05-21,Solano,095,438530,563,0,563,18
2020-05-21,Sonoma,097,501317,518,0,518,3
2020-05-21,Stanislaus,099,539301,700,5,705,27
2020-05-21,Sutter,101,95872,43,0,43,2
2020-05-21,Tehama,103,63373,4,0,4,1
2020-05-21,Trinity,105,12862,5,2,7,0
2020-05-21,Tulare,107,460477,2207,8,2215,79
2020-05-21,Tuolumne,109,53932,3,0,3,0
2020-05-21,Ventura,111,848112,1371,8,1379,31
2020-05-21,Yolo,113,214977,213,0,213,22
2020-05-21,Yuba,115,75493,26,0,26,1
2020-05-20,Alameda,001,1643700,3129,5,3134,94
2020-05-20,Alpine,002,1148,1,0,1,0
2020-05-20,Amador,005,37829,10,0,10,0
2020-05-20,Butte,007,227075,56,4,60,0
2020-05-20,Calaveras,009,45235,15,0,15,0
2020-05-20,Colusa,011,21464,7,0,7,0
2020-05-20,Contra Costa,013,1133247,1426,1,1427,38
2020-05-20,Del Norte,015,27424,31,0,31,0
2020-05-20,El Dorado,017,186661,94,1,95,0
2020-05-20,Fresno,019,978130,2579,38,2617,34
2020-05-20,Glenn,021,27897,13,0,13,0
2020-05-20,Humboldt,023,135768,101,0,101,2
2020-05-20,Imperial,025,180216,2216,4,2220,30
2020-05-20,Inyo,027,18085,19,0,19,1
2020-05-20,Kern,029,883053,2200,4,2204,31
2020-05-20,Kings,031,150075,590,1,591,2
2020-05-20,Lake,033,64148,17,0,17,0
2020-05-20,Lassen,035,31185,5,2,7,0
2020-05-20,Los Angeles,037,10098052,50341,28,50369,2212
2020-05-20,Madera,039,155013,177,1,178,2
2020-05-20,Marin,041,260295,117,1,118,11
2020-05-20,Mariposa,043,17540,16,0,16,0
2020-05-20,Mendocino,045,87422,20,0,20,0
2020-05-20,Merced,047,269075,346,0,346,6
2020-05-20,Modoc,049,8938,0,0,0,0
2020-05-20,Mono,051,14174,36,0,36,1
2020-05-20,Monterey,053,433212,467,1,468,10
2020-05-20,Napa,055,140530,113,0,113,3
2020-05-20,Nevada,057,99092,42,1,43,1
2020-05-20,Orange,059,3164182,7155,55,7210,152
2020-05-20,Placer,061,380077,206,0,206,9
2020-05-20,Plumas,063,18699,4,0,4,0
2020-05-20,Riverside,065,2383286,7392,20,7412,294
2020-05-20,Sacramento,067,1510023,1333,1,1334,58
2020-05-20,San Benito,069,59416,76,0,76,2
2020-05-20,San Bernardino,071,2135413,4971,4,4975,183
2020-05-20,San Diego,073,3302833,7223,0,7223,251
2020-05-20,San Francisco,075,870044,2439,0,2439,45
2020-05-20,San Joaquin,077,732212,847,3,850,34
2020-05-20,San Luis Obispo,079,281455,329,3,332,1
2020-05-20,San Mateo,081,765935,2059,2,2061,86
2020-05-20,Santa Barbara,083,443738,1620,9,1629,11
2020-05-20,Santa Clara,085,1922200,3209,11,3220,135
2020-05-20,Santa Cruz,087,273765,200,0,200,2
2020-05-20,Shasta,089,179085,51,0,51,4
2020-05-20,Sierra,091,2930,1,0,1,0
2020-05-20,Siskiyou,093,43540,7,0,7,0
2020-05-20,Solano,095,438530,558,0,558,17
2020-05-20,Sonoma,097,501317,509,0,509,3
2020-05-20,Stanislaus,099,539301,684,4,688,27
2020-05-20,Sutter,101,95872,43,0,43,2
2020-05-20,Tehama,103,63373,4,0,4,1
2020-05-20,Trinity,105,12862,4,1,5,0
2020-05-20,Tulare,107,460477,2166,8,2174,77
2020-05-20,Tuolumne,109,53932,3,0,3,0
2020-05-20,Ventura,111,848112,1335,8,1343,29
2020-05-20,Yolo,113,214977,210,0,210,22
2020-05-20,Yuba,115,75493,26,0,26,1
2020-05-19,Alameda,001,1643700,3053,3,3056,94
2020-05-19,Alpine,002,1148,1,0,1,0
2020-05-19,Amador,005,37829,10,0,10,0
2020-05-19,Butte,007,227075,54,4,58,0
2020-05-19,Calaveras,009,45235,15,0,15,0
2020-05-19,Colusa,011,21464,5,0,5,0
2020-05-19,Contra Costa,013,1133247,1402,1,1403,38
2020-05-19,Del Norte,015,27424,28,0,28,0
2020-05-19,El Dorado,017,186661,91,0,91,0
2020-05-19,Fresno,019,978130,2467,37,2504,34
2020-05-19,Glenn,021,27897,13,0,13,0
2020-05-19,Humboldt,023,135768,101,0,101,2
2020-05-19,Imperial,025,180216,2054,4,2058,27
2020-05-19,Inyo,027,18085,19,0,19,1
2020-05-19,Kern,029,883053,2102,4,2106,29
2020-05-19,Kings,031,150075,579,1,580,2
2020-05-19,Lake,033,64148,14,0,14,0
2020-05-19,Lassen,035,31185,5,2,7,0
2020-05-19,Los Angeles,037,10098052,49137,28,49165,2180
2020-05-19,Madera,039,155013,173,1,174,2
2020-05-19,Marin,041,260295,102,1,103,11
2020-05-19,Mariposa,043,17540,16,0,16,0
2020-05-19,Mendocino,045,87422,20,0,20,0
2020-05-19,Merced,047,269075,338,0,338,6
2020-05-19,Modoc,049,8938,0,0,0,0
2020-05-19,Mono,051,14174,36,0,36,1
2020-05-19,Monterey,053,433212,455,1,456,10
2020-05-19,Napa,055,140530,112,0,112,3
2020-05-19,Nevada,057,99092,42,1,43,1
2020-05-19,Orange,059,3164182,6961,53,7014,143
2020-05-19,Placer,061,380077,204,0,204,8
2020-05-19,Plumas,063,18699,4,0,4,0
2020-05-19,Riverside,065,2383286,7232,19,7251,288
2020-05-19,Sacramento,067,1510023,1319,1,1320,58
2020-05-19,San Benito,069,59416,74,0,74,2
2020-05-19,San Bernardino,071,2135413,4821,4,4825,180
2020-05-19,San Diego,073,3302833,7079,0,7079,247
2020-05-19,San Francisco,075,870044,2405,0,2405,45
2020-05-19,San Joaquin,077,732212,825,3,828,33
2020-05-19,San Luis Obispo,079,281455,329,3,332,1
2020-05-19,San Mateo,081,765935,2018,2,2020,82
2020-05-19,Santa Barbara,083,443738,1606,9,1615,11
2020-05-19,Santa Clara,085,1922200,3159,11,3170,135
2020-05-19,Santa Cruz,087,273765,189,0,189,2
2020-05-19,Shasta,089,179085,51,0,51,4
2020-05-19,Sierra,091,2930,0,0,0,0
2020-05-19,Siskiyou,093,43540,7,0,7,0
2020-05-19,Solano,095,438530,544,0,544,15
2020-05-19,Sonoma,097,501317,498,0,498,3
2020-05-19,Stanislaus,099,539301,670,4,674,25
2020-05-19,Sutter,101,95872,43,0,43,2
2020-05-19,Tehama,103,63373,4,0,4,1
2020-05-19,Trinity,105,12862,3,0,3,0
2020-05-19,Tulare,107,460477,2118,8,2126,75
2020-05-19,Tuolumne,109,53932,3,0,3,0
2020-05-19,Ventura,111,848112,1294,7,1301,28
2020-05-19,Yolo,113,214977,208,0,208,22
2020-05-19,Yuba,115,75493,26,0,26,1
2020-05-18,Alameda,001,1643700,2980,3,2983,94
2020-05-18,Alpine,002,1148,1,0,1,0
2020-05-18,Amador,005,37829,10,0,10,0
2020-05-18,Butte,007,227075,52,4,56,0
2020-05-18,Calaveras,009,45235,15,0,15,0
2020-05-18,Colusa,011,21464,5,0,5,0
2020-05-18,Contra Costa,013,1133247,1371,1,1372,37
2020-05-18,Del Norte,015,27424,23,0,23,0
2020-05-18,El Dorado,017,186661,89,0,89,0
2020-05-18,Fresno,019,978130,2392,36,2428,31
2020-05-18,Glenn,021,27897,13,0,13,0
2020-05-18,Humboldt,023,135768,101,0,101,2
2020-05-18,Imperial,025,180216,1901,4,1905,27
2020-05-18,Inyo,027,18085,19,0,19,1
2020-05-18,Kern,029,883053,2053,4,2057,28
2020-05-18,Kings,031,150075,548,1,549,2
2020-05-18,Lake,033,64148,13,0,13,0
2020-05-18,Lassen,035,31185,5,2,7,0
2020-05-18,Los Angeles,037,10098052,48111,28,48139,2130
2020-05-18,Madera,039,155013,167,1,168,2
2020-05-18,Marin,041,260295,98,1,99,11
2020-05-18,Mariposa,043,17540,16,0,16,0
2020-05-18,Mendocino,045,87422,15,0,15,0
2020-05-18,Merced,047,269075,329,0,329,6
2020-05-18,Modoc,049,8938,0,0,0,0
2020-05-18,Mono,051,14174,36,0,36,1
2020-05-18,Monterey,053,433212,444,1,445,9
2020-05-18,Napa,055,140530,108,0,108,3
2020-05-18,Nevada,057,99092,42,1,43,1
2020-05-18,Orange,059,3164182,6771,51,6822,141
2020-05-18,Placer,061,380077,202,0,202,8
2020-05-18,Plumas,063,18699,4,0,4,0
2020-05-18,Riverside,065,2383286,7032,18,7050,283
2020-05-18,Sacramento,067,1510023,1313,0,1313,58
2020-05-18,San Benito,069,59416,72,0,72,2
2020-05-18,San Bernardino,071,2135413,4674,4,4678,176
2020-05-18,San Diego,073,3302833,6946,0,6946,243
2020-05-18,San Francisco,075,870044,2382,0,2382,45
2020-05-18,San Joaquin,077,732212,813,3,816,33
2020-05-18,San Luis Obispo,079,281455,325,3,328,1
2020-05-18,San Mateo,081,765935,1980,2,1982,81
2020-05-18,Santa Barbara,083,443738,1595,9,1604,11
2020-05-18,Santa Clara,085,1922200,3126,11,3137,135
2020-05-18,Santa Cruz,087,273765,187,0,187,2
2020-05-18,Shasta,089,179085,50,0,50,4
2020-05-18,Sierra,091,2930,0,0,0,0
2020-05-18,Siskiyou,093,43540,7,0,7,0
2020-05-18,Solano,095,438530,533,0,533,14
2020-05-18,Sonoma,097,501317,480,0,480,3
2020-05-18,Stanislaus,099,539301,658,4,662,25
2020-05-18,Sutter,101,95872,43,0,43,2
2020-05-18,Tehama,103,63373,4,0,4,1
2020-05-18,Trinity,105,12862,3,0,3,0
2020-05-18,Tulare,107,460477,2074,8,2082,74
2020-05-18,Tuolumne,109,53932,3,0,3,0
2020-05-18,Ventura,111,848112,1271,6,1277,28
2020-05-18,Yolo,113,214977,203,0,203,22
2020-05-18,Yuba,115,75493,26,0,26,1
2020-05-17,Alameda,001,1643700,2885,3,2888,93
2020-05-17,Alpine,002,1148,1,0,1,0
2020-05-17,Amador,005,37829,10,0,10,0
2020-05-17,Butte,007,227075,51,4,55,0
2020-05-17,Calaveras,009,45235,15,0,15,0
2020-05-17,Colusa,011,21464,3,0,3,0
2020-05-17,Contra Costa,013,1133247,1332,1,1333,37
2020-05-17,Del Norte,015,27424,23,0,23,0
2020-05-17,El Dorado,017,186661,89,0,89,0
2020-05-17,Fresno,019,978130,2287,33,2320,29
2020-05-17,Glenn,021,27897,13,0,13,0
2020-05-17,Humboldt,023,135768,94,0,94,1
2020-05-17,Imperial,025,180216,1753,4,1757,27
2020-05-17,Inyo,027,18085,19,0,19,1
2020-05-17,Kern,029,883053,1975,3,1978,27
2020-05-17,Kings,031,150075,501,1,502,2
2020-05-17,Lake,033,64148,13,0,13,0
2020-05-17,Lassen,035,31185,5,2,7,0
2020-05-17,Los Angeles,037,10098052,46870,28,46898,2079
2020-05-17,Madera,039,155013,165,1,166,2
2020-05-17,Marin,041,260295,92,1,93,11
2020-05-17,Mariposa,043,17540,15,0,15,0
2020-05-17,Mendocino,045,87422,14,0,14,0
2020-05-17,Merced,047,269075,319,0,319,6
2020-05-17,Modoc,049,8938,0,0,0,0
2020-05-17,Mono,051,14174,36,0,36,1
2020-05-17,Monterey,053,433212,424,1,425,9
2020-05-17,Napa,055,140530,105,0,105,3
2020-05-17,Nevada,057,99092,42,1,43,1
2020-05-17,Orange,059,3164182,6591,50,6641,132
2020-05-17,Placer,061,380077,197,0,197,8
2020-05-17,Plumas,063,18699,4,0,4,0
2020-05-17,Riverside,065,2383286,6858,18,6876,276
2020-05-17,Sacramento,067,1510023,1302,0,1302,58
2020-05-17,San Benito,069,59416,71,0,71,2
2020-05-17,San Bernardino,071,2135413,4524,4,4528,173
2020-05-17,San Diego,073,3302833,6814,0,6814,234
2020-05-17,San Francisco,075,870044,2355,0,2355,45
2020-05-17,San Joaquin,077,732212,783,3,786,33
2020-05-17,San Luis Obispo,079,281455,323,3,326,1
2020-05-17,San Mateo,081,765935,1943,2,1945,79
2020-05-17,Santa Barbara,083,443738,1576,9,1585,11
2020-05-17,Santa Clara,085,1922200,3088,11,3099,135
2020-05-17,Santa Cruz,087,273765,176,0,176,2
2020-05-17,Shasta,089,179085,49,0,49,4
2020-05-17,Sierra,091,2930,0,0,0,0
2020-05-17,Siskiyou,093,43540,7,0,7,0
2020-05-17,Solano,095,438530,521,0,521,14
2020-05-17,Sonoma,097,501317,459,0,459,3
2020-05-17,Stanislaus,099,539301,647,4,651,24
2020-05-17,Sutter,101,95872,42,0,42,2
2020-05-17,Tehama,103,63373,3,0,3,1
2020-05-17,Trinity,105,12862,2,0,2,0
2020-05-17,Tulare,107,460477,1998,7,2005,71
2020-05-17,Tuolumne,109,53932,3,0,3,0
2020-05-17,Ventura,111,848112,1226,6,1232,28
2020-05-17,Yolo,113,214977,201,0,201,22
2020-05-17,Yuba,115,75493,26,0,26,1
2020-05-16,Alameda,001,1643700,2835,3,2838,92
2020-05-16,Alpine,002,1148,1,0,1,0
2020-05-16,Amador,005,37829,10,0,10,0
2020-05-16,Butte,007,227075,46,4,50,0
2020-05-16,Calaveras,009,45235,15,0,15,0
2020-05-16,Colusa,011,21464,3,0,3,0
2020-05-16,Contra Costa,013,1133247,1314,1,1315,37
2020-05-16,Del Norte,015,27424,19,0,19,0
2020-05-16,El Dorado,017,186661,89,0,89,0
2020-05-16,Fresno,019,978130,2231,33,2264,27
2020-05-16,Glenn,021,27897,13,0,13,0
2020-05-16,Humboldt,023,135768,92,0,92,0
2020-05-16,Imperial,025,180216,1688,4,1692,26
2020-05-16,Inyo,027,18085,19,0,19,1
2020-05-16,Kern,029,883053,1939,3,1942,27
2020-05-16,Kings,031,150075,491,1,492,2
2020-05-16,Lake,033,64148,13,0,13,0
2020-05-16,Lassen,035,31185,4,2,6,0
2020-05-16,Los Angeles,037,10098052,46296,28,46324,2034
2020-05-16,Madera,039,155013,163,1,164,2
2020-05-16,Marin,041,260295,90,1,91,11
2020-05-16,Mariposa,043,17540,15,0,15,0
2020-05-16,Mendocino,045,87422,14,0,14,0
2020-05-16,Merced,047,269075,317,0,317,6
2020-05-16,Modoc,049,8938,0,0,0,0
2020-05-16,Mono,051,14174,36,0,36,1
2020-05-16,Monterey,053,433212,409,1,410,9
2020-05-16,Napa,055,140530,105,0,105,3
2020-05-16,Nevada,057,99092,42,1,43,1
2020-05-16,Orange,059,3164182,6515,49,6564,125
2020-05-16,Placer,061,380077,195,0,195,8
2020-05-16,Plumas,063,18699,4,0,4,0
2020-05-16,Riverside,065,2383286,6773,18,6791,271
2020-05-16,Sacramento,067,1510023,1295,0,1295,58
2020-05-16,San Benito,069,59416,66,0,66,2
2020-05-16,San Bernardino,071,2135413,4452,4,4456,170
2020-05-16,San Diego,073,3302833,6728,0,6728,230
2020-05-16,San Francisco,075,870044,2332,0,2332,43
2020-05-16,San Joaquin,077,732212,775,3,778,33
2020-05-16,San Luis Obispo,079,281455,322,3,325,1
2020-05-16,San Mateo,081,765935,1928,2,1930,78
2020-05-16,Santa Barbara,083,443738,1565,9,1574,11
2020-05-16,Santa Clara,085,1922200,3070,11,3081,135
2020-05-16,Santa Cruz,087,273765,173,0,173,2
2020-05-16,Shasta,089,179085,49,0,49,4
2020-05-16,Sierra,091,2930,0,0,0,0
2020-05-16,Siskiyou,093,43540,7,0,7,0
2020-05-16,Solano,095,438530,516,0,516,14
2020-05-16,Sonoma,097,501317,446,0,446,3
2020-05-16,Stanislaus,099,539301,638,4,642,24
2020-05-16,Sutter,101,95872,42,0,42,2
2020-05-16,Tehama,103,63373,3,0,3,1
2020-05-16,Trinity,105,12862,2,0,2,0
2020-05-16,Tulare,107,460477,1980,7,1987,71
2020-05-16,Tuolumne,109,53932,3,0,3,0
2020-05-16,Ventura,111,848112,1200,6,1206,27
2020-05-16,Yolo,113,214977,200,0,200,22
2020-05-16,Yuba,115,75493,26,0,26,1
2020-05-15,Alameda,001,1643700,2801,3,2804,90
2020-05-15,Alpine,002,1148,1,0,1,0
2020-05-15,Amador,005,37829,10,0,10,0
2020-05-15,Butte,007,227075,44,4,48,0
2020-05-15,Calaveras,009,45235,14,0,14,0
2020-05-15,Colusa,011,21464,3,0,3,0
2020-05-15,Contra Costa,013,1133247,1296,1,1297,35
2020-05-15,Del Norte,015,27424,14,0,14,0
2020-05-15,El Dorado,017,186661,89,0,89,0
2020-05-15,Fresno,019,978130,2165,33,2198,27
2020-05-15,Glenn,021,27897,13,0,13,0
2020-05-15,Humboldt,023,135768,91,0,91,0
2020-05-15,Imperial,025,180216,1603,0,1603,24
2020-05-15,Inyo,027,18085,19,0,19,1
2020-05-15,Kern,029,883053,1883,3,1886,27
2020-05-15,Kings,031,150075,488,1,489,2
2020-05-15,Lake,033,64148,13,0,13,0
2020-05-15,Lassen,035,31185,4,2,6,0
2020-05-15,Los Angeles,037,10098052,45508,28,45536,1978
2020-05-15,Madera,039,155013,162,1,163,2
2020-05-15,Marin,041,260295,84,1,85,11
2020-05-15,Mariposa,043,17540,15,0,15,0
2020-05-15,Mendocino,045,87422,14,0,14,0
2020-05-15,Merced,047,269075,313,0,313,6
2020-05-15,Modoc,049,8938,0,0,0,0
2020-05-15,Mono,051,14174,36,0,36,1
2020-05-15,Monterey,053,433212,403,1,404,9
2020-05-15,Napa,055,140530,105,0,105,3
2020-05-15,Nevada,057,99092,42,1,43,1
2020-05-15,Orange,059,3164182,6343,49,6392,123
2020-05-15,Placer,061,380077,193,0,193,8
2020-05-15,Plumas,063,18699,4,0,4,0
2020-05-15,Riverside,065,2383286,6659,18,6677,263
2020-05-15,Sacramento,067,1510023,1285,0,1285,58
2020-05-15,San Benito,069,59416,63,0,63,2
2020-05-15,San Bernardino,071,2135413,4374,4,4378,168
2020-05-15,San Diego,073,3302833,6621,0,6621,221
2020-05-15,San Francisco,075,870044,2316,0,2316,43
2020-05-15,San Joaquin,077,732212,769,3,772,32
2020-05-15,San Luis Obispo,079,281455,320,3,323,1
2020-05-15,San Mateo,081,765935,1906,2,1908,78
2020-05-15,Santa Barbara,083,443738,1556,8,1564,11
2020-05-15,Santa Clara,085,1922200,3027,10,3037,134
2020-05-15,Santa Cruz,087,273765,172,0,172,2
2020-05-15,Shasta,089,179085,48,0,48,4
2020-05-15,Sierra,091,2930,0,0,0,0
2020-05-15,Siskiyou,093,43540,6,0,6,0
2020-05-15,Solano,095,438530,512,0,512,14
2020-05-15,Sonoma,097,501317,438,0,438,3
2020-05-15,Stanislaus,099,539301,631,4,635,24
2020-05-15,Sutter,101,95872,41,0,41,2
2020-05-15,Tehama,103,63373,3,0,3,1
2020-05-15,Trinity,105,12862,2,0,2,0
2020-05-15,Tulare,107,460477,1952,7,1959,66
2020-05-15,Tuolumne,109,53932,3,0,3,0
2020-05-15,Ventura,111,848112,1182,5,1187,26
2020-05-15,Yolo,113,214977,199,0,199,22
2020-05-15,Yuba,115,75493,26,0,26,1
2020-05-14,Alameda,001,1643700,2709,3,2712,88
2020-05-14,Alpine,002,1148,1,0,1,0
2020-05-14,Amador,005,37829,10,0,10,0
2020-05-14,Butte,007,227075,42,4,46,0
2020-05-14,Calaveras,009,45235,14,0,14,0
2020-05-14,Colusa,011,21464,3,0,3,0
2020-05-14,Contra Costa,013,1133247,1269,1,1270,34
2020-05-14,Del Norte,015,27424,14,0,14,0
2020-05-14,El Dorado,017,186661,80,0,80,0
2020-05-14,Fresno,019,978130,2105,29,2134,25
2020-05-14,Glenn,021,27897,12,0,12,0
2020-05-14,Humboldt,023,135768,89,0,89,0
2020-05-14,Imperial,025,180216,1487,0,1487,22
2020-05-14,Inyo,027,18085,19,0,19,1
2020-05-14,Kern,029,883053,1841,3,1844,26
2020-05-14,Kings,031,150075,472,1,473,2
2020-05-14,Lake,033,64148,13,0,13,0
2020-05-14,Lassen,035,31185,4,2,6,0
2020-05-14,Los Angeles,037,10098052,44336,28,44364,1931
2020-05-14,Madera,039,155013,153,1,154,2
2020-05-14,Marin,041,260295,79,1,80,11
2020-05-14,Mariposa,043,17540,15,0,15,0
2020-05-14,Mendocino,045,87422,13,0,13,0
2020-05-14,Merced,047,269075,303,0,303,5
2020-05-14,Modoc,049,8938,0,0,0,0
2020-05-14,Mono,051,14174,36,0,36,1
2020-05-14,Monterey,053,433212,393,1,394,9
2020-05-14,Napa,055,140530,103,0,103,3
2020-05-14,Nevada,057,99092,41,1,42,1
2020-05-14,Orange,059,3164182,6169,47,6216,119
2020-05-14,Placer,061,380077,193,0,193,8
2020-05-14,Plumas,063,18699,4,0,4,0
2020-05-14,Riverside,065,2383286,6475,18,6493,260
2020-05-14,Sacramento,067,1510023,1273,0,1273,58
2020-05-14,San Benito,069,59416,61,0,61,2
2020-05-14,San Bernardino,071,2135413,4195,4,4199,165
2020-05-14,San Diego,073,3302833,6486,0,6486,218
2020-05-14,San Francisco,075,870044,2283,0,2283,42
2020-05-14,San Joaquin,077,732212,754,3,757,32
2020-05-14,San Luis Obispo,079,281455,317,3,320,1
2020-05-14,San Mateo,081,765935,1874,2,1876,77
2020-05-14,Santa Barbara,083,443738,1544,8,1552,11
2020-05-14,Santa Clara,085,1922200,3004,10,3014,133
2020-05-14,Santa Cruz,087,273765,170,0,170,2
2020-05-14,Shasta,089,179085,48,0,48,4
2020-05-14,Sierra,091,2930,0,0,0,0
2020-05-14,Siskiyou,093,43540,6,0,6,0
2020-05-14,Solano,095,438530,503,0,503,14
2020-05-14,Sonoma,097,501317,421,0,421,3
2020-05-14,Stanislaus,099,539301,612,4,616,24
2020-05-14,Sutter,101,95872,41,0,41,2
2020-05-14,Tehama,103,63373,3,0,3,1
2020-05-14,Trinity,105,12862,2,0,2,0
2020-05-14,Tulare,107,460477,1913,7,1920,64
2020-05-14,Tuolumne,109,53932,3,0,3,0
2020-05-14,Ventura,111,848112,1151,5,1156,25
2020-05-14,Yolo,113,214977,199,0,199,22
2020-05-14,Yuba,115,75493,26,0,26,1
2020-05-13,Alameda,001,1643700,2651,3,2654,87
2020-05-13,Alpine,002,1148,1,0,1,0
2020-05-13,Amador,005,37829,10,0,10,0
2020-05-13,Butte,007,227075,42,4,46,0
2020-05-13,Calaveras,009,45235,14,0,14,0
2020-05-13,Colusa,011,21464,3,0,3,0
2020-05-13,Contra Costa,013,1133247,1247,1,1248,34
2020-05-13,Del Norte,015,27424,13,0,13,0
2020-05-13,El Dorado,017,186661,79,0,79,0
2020-05-13,Fresno,019,978130,2006,29,2035,23
2020-05-13,Glenn,021,27897,11,0,11,0
2020-05-13,Humboldt,023,135768,83,0,83,0
2020-05-13,Imperial,025,180216,1417,0,1417,20
2020-05-13,Inyo,027,18085,19,0,19,1
2020-05-13,Kern,029,883053,1795,3,1798,24
2020-05-13,Kings,031,150075,458,1,459,1
2020-05-13,Lake,033,64148,13,0,13,0
2020-05-13,Lassen,035,31185,4,2,6,0
2020-05-13,Los Angeles,037,10098052,43024,28,43052,1897
2020-05-13,Madera,039,155013,144,1,145,2
2020-05-13,Marin,041,260295,69,1,70,11
2020-05-13,Mariposa,043,17540,15,0,15,0
2020-05-13,Mendocino,045,87422,13,0,13,0
2020-05-13,Merced,047,269075,299,0,299,4
2020-05-13,Modoc,049,8938,0,0,0,0
2020-05-13,Mono,051,14174,35,0,35,1
2020-05-13,Monterey,053,433212,383,1,384,7
2020-05-13,Napa,055,140530,103,0,103,3
2020-05-13,Nevada,057,99092,41,1,42,1
2020-05-13,Orange,059,3164182,5923,45,5968,113
2020-05-13,Placer,061,380077,192,0,192,8
2020-05-13,Plumas,063,18699,4,0,4,0
2020-05-13,Riverside,065,2383286,6352,18,6370,251
2020-05-13,Sacramento,067,1510023,1258,0,1258,58
2020-05-13,San Benito,069,59416,61,0,61,2
2020-05-13,San Bernardino,071,2135413,3939,3,3942,162
2020-05-13,San Diego,073,3302833,6350,0,6350,214
2020-05-13,San Francisco,075,870044,2255,0,2255,42
2020-05-13,San Joaquin,077,732212,733,3,736,31
2020-05-13,San Luis Obispo,079,281455,315,3,318,1
2020-05-13,San Mateo,081,765935,1842,2,1844,74
2020-05-13,Santa Barbara,083,443738,1533,8,1541,11
2020-05-13,Santa Clara,085,1922200,2984,10,2994,132
2020-05-13,Santa Cruz,087,273765,166,0,166,2
2020-05-13,Shasta,089,179085,48,0,48,4
2020-05-13,Sierra,091,2930,0,0,0,0
2020-05-13,Siskiyou,093,43540,6,0,6,0
2020-05-13,Solano,095,438530,490,0,490,13
2020-05-13,Sonoma,097,501317,411,0,411,3
2020-05-13,Stanislaus,099,539301,603,4,607,24
2020-05-13,Sutter,101,95872,41,0,41,2
2020-05-13,Tehama,103,63373,3,0,3,1
2020-05-13,Trinity,105,12862,2,0,2,0
2020-05-13,Tulare,107,460477,1880,7,1887,62
2020-05-13,Tuolumne,109,53932,3,0,3,0
2020-05-13,Ventura,111,848112,1120,5,1125,25
2020-05-13,Yolo,113,214977,197,0,197,22
2020-05-13,Yuba,115,75493,24,0,24,1
2020-05-12,Alameda,001,1643700,2587,3,2590,86
2020-05-12,Alpine,002,1148,1,0,1,0
2020-05-12,Amador,005,37829,10,0,10,0
2020-05-12,Butte,007,227075,40,4,44,0
2020-05-12,Calaveras,009,45235,13,0,13,0
2020-05-12,Colusa,011,21464,3,0,3,0
2020-05-12,Contra Costa,013,1133247,1216,1,1217,34
2020-05-12,Del Norte,015,27424,10,0,10,0
2020-05-12,El Dorado,017,186661,76,0,76,0
2020-05-12,Fresno,019,978130,1922,27,1949,21
2020-05-12,Glenn,021,27897,10,0,10,0
2020-05-12,Humboldt,023,135768,80,0,80,0
2020-05-12,Imperial,025,180216,1287,0,1287,20
2020-05-12,Inyo,027,18085,19,0,19,1
2020-05-12,Kern,029,883053,1754,3,1757,23
2020-05-12,Kings,031,150075,437,1,438,1
2020-05-12,Lake,033,64148,13,0,13,0
2020-05-12,Lassen,035,31185,4,2,6,0
2020-05-12,Los Angeles,037,10098052,42031,27,42058,1851
2020-05-12,Madera,039,155013,138,1,139,2
2020-05-12,Marin,041,260295,65,1,66,11
2020-05-12,Mariposa,043,17540,15,0,15,0
2020-05-12,Mendocino,045,87422,13,0,13,0
2020-05-12,Merced,047,269075,286,0,286,4
2020-05-12,Modoc,049,8938,0,0,0,0
2020-05-12,Mono,051,14174,35,0,35,1
2020-05-12,Monterey,053,433212,376,1,377,7
2020-05-12,Napa,055,140530,100,0,100,3
2020-05-12,Nevada,057,99092,41,1,42,1
2020-05-12,Orange,059,3164182,5741,43,5784,111
2020-05-12,Placer,061,380077,191,0,191,8
2020-05-12,Plumas,063,18699,4,0,4,0
2020-05-12,Riverside,065,2383286,6229,18,6247,246
2020-05-12,Sacramento,067,1510023,1238,0,1238,57
2020-05-12,San Benito,069,59416,61,0,61,2
2020-05-12,San Bernardino,071,2135413,3787,3,3790,157
2020-05-12,San Diego,073,3302833,6206,0,6206,211
2020-05-12,San Francisco,075,870044,2220,0,2220,42
2020-05-12,San Joaquin,077,732212,718,3,721,31
2020-05-12,San Luis Obispo,079,281455,312,3,315,1
2020-05-12,San Mateo,081,765935,1816,2,1818,73
2020-05-12,Santa Barbara,083,443738,1502,8,1510,11
2020-05-12,Santa Clara,085,1922200,2953,10,2963,131
2020-05-12,Santa Cruz,087,273765,164,0,164,2
2020-05-12,Shasta,089,179085,47,0,47,4
2020-05-12,Sierra,091,2930,0,0,0,0
2020-05-12,Siskiyou,093,43540,6,0,6,0
2020-05-12,Solano,095,438530,481,0,481,11
2020-05-12,Sonoma,097,501317,388,0,388,3
2020-05-12,Stanislaus,099,539301,596,4,600,23
2020-05-12,Sutter,101,95872,41,0,41,2
2020-05-12,Tehama,103,63373,3,0,3,1
2020-05-12,Trinity,105,12862,2,0,2,0
2020-05-12,Tulare,107,460477,1848,7,1855,59
2020-05-12,Tuolumne,109,53932,3,0,3,0
2020-05-12,Ventura,111,848112,1064,5,1069,24
2020-05-12,Yolo,113,214977,196,0,196,22
2020-05-12,Yuba,115,75493,24,0,24,1
2020-05-11,Alameda,001,1643700,2537,3,2540,83
2020-05-11,Alpine,002,1148,1,0,1,0
2020-05-11,Amador,005,37829,10,0,10,0
2020-05-11,Butte,007,227075,39,4,43,0
2020-05-11,Calaveras,009,45235,13,0,13,0
2020-05-11,Colusa,011,21464,3,0,3,0
2020-05-11,Contra Costa,013,1133247,1202,1,1203,34
2020-05-11,Del Norte,015,27424,8,0,8,0
2020-05-11,El Dorado,017,186661,76,0,76,0
2020-05-11,Fresno,019,978130,1831,26,1857,19
2020-05-11,Glenn,021,27897,10,0,10,0
2020-05-11,Humboldt,023,135768,77,0,77,0
2020-05-11,Imperial,025,180216,1181,0,1181,20
2020-05-11,Inyo,027,18085,19,0,19,1
2020-05-11,Kern,029,883053,1702,3,1705,21
2020-05-11,Kings,031,150075,414,0,414,1
2020-05-11,Lake,033,64148,12,0,12,0
2020-05-11,Lassen,035,31185,4,2,6,0
2020-05-11,Los Angeles,037,10098052,40848,27,40875,1801
2020-05-11,Madera,039,155013,129,1,130,2
2020-05-11,Marin,041,260295,57,1,58,11
2020-05-11,Mariposa,043,17540,15,0,15,0
2020-05-11,Mendocino,045,87422,13,0,13,0
2020-05-11,Merced,047,269075,269,0,269,4
2020-05-11,Modoc,049,8938,0,0,0,0
2020-05-11,Mono,051,14174,35,0,35,1
2020-05-11,Monterey,053,433212,373,1,374,7
2020-05-11,Napa,055,140530,94,0,94,3
2020-05-11,Nevada,057,99092,41,1,42,1
2020-05-11,Orange,059,3164182,5526,37,5563,111
2020-05-11,Placer,061,380077,191,0,191,8
2020-05-11,Plumas,063,18699,4,0,4,0
2020-05-11,Riverside,065,2383286,6071,17,6088,236
2020-05-11,Sacramento,067,1510023,1223,0,1223,55
2020-05-11,San Benito,069,59416,59,0,59,2
2020-05-11,San Bernardino,071,2135413,3676,3,3679,156
2020-05-11,San Diego,073,3302833,6053,0,6053,203
2020-05-11,San Francisco,075,870044,2174,0,2174,41
2020-05-11,San Joaquin,077,732212,708,3,711,31
2020-05-11,San Luis Obispo,079,281455,310,3,313,1
2020-05-11,San Mateo,081,765935,1790,2,1792,72
2020-05-11,Santa Barbara,083,443738,1491,7,1498,11
2020-05-11,Santa Clara,085,1922200,2936,10,2946,130
2020-05-11,Santa Cruz,087,273765,161,0,161,2
2020-05-11,Shasta,089,179085,47,0,47,4
2020-05-11,Sierra,091,2930,0,0,0,0
2020-05-11,Siskiyou,093,43540,6,0,6,0
2020-05-11,Solano,095,438530,474,0,474,11
2020-05-11,Sonoma,097,501317,378,0,378,3
2020-05-11,Stanislaus,099,539301,586,4,590,22
2020-05-11,Sutter,101,95872,40,0,40,2
2020-05-11,Tehama,103,63373,3,0,3,1
2020-05-11,Trinity,105,12862,2,0,2,0
2020-05-11,Tulare,107,460477,1799,7,1806,58
2020-05-11,Tuolumne,109,53932,3,0,3,0
2020-05-11,Ventura,111,848112,1003,4,1007,23
2020-05-11,Yolo,113,214977,196,0,196,22
2020-05-11,Yuba,115,75493,24,0,24,1
2020-05-10,Alameda,001,1643700,2460,3,2463,81
2020-05-10,Alpine,002,1148,1,0,1,0
2020-05-10,Amador,005,37829,10,0,10,0
2020-05-10,Butte,007,227075,34,4,38,0
2020-05-10,Calaveras,009,45235,13,0,13,0
2020-05-10,Colusa,011,21464,3,0,3,0
2020-05-10,Contra Costa,013,1133247,1188,0,1188,34
2020-05-10,Del Norte,015,27424,7,0,7,0
2020-05-10,El Dorado,017,186661,76,0,76,0
2020-05-10,Fresno,019,978130,1745,26,1771,18
2020-05-10,Glenn,021,27897,10,0,10,0
2020-05-10,Humboldt,023,135768,73,0,73,0
2020-05-10,Imperial,025,180216,1087,0,1087,19
2020-05-10,Inyo,027,18085,19,0,19,1
2020-05-10,Kern,029,883053,1651,2,1653,21
2020-05-10,Kings,031,150075,401,0,401,1
2020-05-10,Lake,033,64148,12,0,12,0
2020-05-10,Lassen,035,31185,4,2,6,0
2020-05-10,Los Angeles,037,10098052,39589,27,39616,1768
2020-05-10,Madera,039,155013,127,1,128,2
2020-05-10,Marin,041,260295,53,1,54,11
2020-05-10,Mariposa,043,17540,15,0,15,0
2020-05-10,Mendocino,045,87422,12,0,12,0
2020-05-10,Merced,047,269075,253,0,253,3
2020-05-10,Modoc,049,8938,0,0,0,0
2020-05-10,Mono,051,14174,35,0,35,1
2020-05-10,Monterey,053,433212,359,1,360,7
2020-05-10,Napa,055,140530,88,0,88,3
2020-05-10,Nevada,057,99092,41,1,42,1
2020-05-10,Orange,059,3164182,5383,37,5420,107
2020-05-10,Placer,061,380077,190,0,190,8
2020-05-10,Plumas,063,18699,4,0,4,0
2020-05-10,Riverside,065,2383286,5949,17,5966,230
2020-05-10,Sacramento,067,1510023,1207,0,1207,55
2020-05-10,San Benito,069,59416,59,0,59,2
2020-05-10,San Bernardino,071,2135413,3578,3,3581,151
2020-05-10,San Diego,073,3302833,5901,0,5901,197
2020-05-10,San Francisco,075,870044,2156,0,2156,41
2020-05-10,San Joaquin,077,732212,693,3,696,31
2020-05-10,San Luis Obispo,079,281455,307,3,310,1
2020-05-10,San Mateo,081,765935,1768,2,1770,72
2020-05-10,Santa Barbara,083,443738,1480,7,1487,11
2020-05-10,Santa Clara,085,1922200,2909,10,2919,128
2020-05-10,Santa Cruz,087,273765,160,0,160,2
2020-05-10,Shasta,089,179085,47,0,47,4
2020-05-10,Sierra,091,2930,0,0,0,0
2020-05-10,Siskiyou,093,43540,5,0,5,0
2020-05-10,Solano,095,438530,462,0,462,10
2020-05-10,Sonoma,097,501317,368,0,368,3
2020-05-10,Stanislaus,099,539301,579,4,583,21
2020-05-10,Sutter,101,95872,37,0,37,2
2020-05-10,Tehama,103,63373,3,0,3,1
2020-05-10,Trinity,105,12862,2,0,2,0
2020-05-10,Tulare,107,460477,1728,7,1735,56
2020-05-10,Tuolumne,109,53932,3,0,3,0
2020-05-10,Ventura,111,848112,945,2,947,22
2020-05-10,Yolo,113,214977,196,0,196,21
2020-05-10,Yuba,115,75493,23,0,23,1
2020-05-09,Alameda,001,1643700,2417,3,2420,80
2020-05-09,Alpine,002,1148,1,0,1,0
2020-05-09,Amador,005,37829,9,0,9,0
2020-05-09,Butte,007,227075,33,4,37,0
2020-05-09,Calaveras,009,45235,13,0,13,0
2020-05-09,Colusa,011,21464,3,0,3,0
2020-05-09,Contra Costa,013,1133247,1174,0,1174,33
2020-05-09,Del Norte,015,27424,7,0,7,0
2020-05-09,El Dorado,017,186661,73,0,73,0
2020-05-09,Fresno,019,978130,1707,25,1732,16
2020-05-09,Glenn,021,27897,9,0,9,0
2020-05-09,Humboldt,023,135768,71,0,71,0
2020-05-09,Imperial,025,180216,1030,0,1030,17
2020-05-09,Inyo,027,18085,19,0,19,1
2020-05-09,Kern,029,883053,1615,1,1616,19
2020-05-09,Kings,031,150075,396,0,396,1
2020-05-09,Lake,033,64148,12,0,12,0
2020-05-09,Lassen,035,31185,4,2,6,0
2020-05-09,Los Angeles,037,10098052,38968,27,38995,1733
2020-05-09,Madera,039,155013,126,1,127,2
2020-05-09,Marin,041,260295,53,1,54,11
2020-05-09,Mariposa,043,17540,15,0,15,0
2020-05-09,Mendocino,045,87422,12,0,12,0
2020-05-09,Merced,047,269075,249,0,249,3
2020-05-09,Modoc,049,8938,0,0,0,0
2020-05-09,Mono,051,14174,35,0,35,1
2020-05-09,Monterey,053,433212,352,0,352,7
2020-05-09,Napa,055,140530,87,0,87,2
2020-05-09,Nevada,057,99092,41,1,42,1
2020-05-09,Orange,059,3164182,5299,37,5336,105
2020-05-09,Placer,061,380077,189,0,189,8
2020-05-09,Plumas,063,18699,4,0,4,0
2020-05-09,Riverside,065,2383286,5854,17,5871,220
2020-05-09,Sacramento,067,1510023,1203,0,1203,54
2020-05-09,San Benito,069,59416,58,0,58,2
2020-05-09,San Bernardino,071,2135413,3522,3,3525,146
2020-05-09,San Diego,073,3302833,5789,0,5789,191
2020-05-09,San Francisco,075,870044,2141,0,2141,41
2020-05-09,San Joaquin,077,732212,684,3,687,31
2020-05-09,San Luis Obispo,079,281455,303,3,306,1
2020-05-09,San Mateo,081,765935,1749,2,1751,72
2020-05-09,Santa Barbara,083,443738,1472,7,1479,11
2020-05-09,Santa Clara,085,1922200,2895,10,2905,128
2020-05-09,Santa Cruz,087,273765,159,0,159,2
2020-05-09,Shasta,089,179085,47,0,47,4
2020-05-09,Sierra,091,2930,0,0,0,0
2020-05-09,Siskiyou,093,43540,5,0,5,0
2020-05-09,Solano,095,438530,456,0,456,9
2020-05-09,Sonoma,097,501317,364,0,364,3
2020-05-09,Stanislaus,099,539301,571,4,575,20
2020-05-09,Sutter,101,95872,37,0,37,2
2020-05-09,Tehama,103,63373,2,0,2,1
2020-05-09,Trinity,105,12862,2,0,2,0
2020-05-09,Tulare,107,460477,1700,7,1707,54
2020-05-09,Tuolumne,109,53932,3,0,3,0
2020-05-09,Ventura,111,848112,924,2,926,20
2020-05-09,Yolo,113,214977,196,0,196,21
2020-05-09,Yuba,115,75493,23,0,23,1
2020-05-08,Alameda,001,1643700,2374,3,2377,79
2020-05-08,Alpine,002,1148,1,0,1,0
2020-05-08,Amador,005,37829,9,0,9,0
2020-05-08,Butte,007,227075,33,4,37,0
2020-05-08,Calaveras,009,45235,13,0,13,0
2020-05-08,Colusa,011,21464,3,0,3,0
2020-05-08,Contra Costa,013,1133247,1162,0,1162,33
2020-05-08,Del Norte,015,27424,7,0,7,0
2020-05-08,El Dorado,017,186661,72,0,72,0
2020-05-08,Fresno,019,978130,1666,23,1689,16
2020-05-08,Glenn,021,27897,8,0,8,0
2020-05-08,Humboldt,023,135768,68,0,68,0
2020-05-08,Imperial,025,180216,984,0,984,17
2020-05-08,Inyo,027,18085,19,0,19,1
2020-05-08,Kern,029,883053,1584,1,1585,19
2020-05-08,Kings,031,150075,387,0,387,1
2020-05-08,Lake,033,64148,12,0,12,0
2020-05-08,Lassen,035,31185,4,2,6,0
2020-05-08,Los Angeles,037,10098052,38234,27,38261,1677
2020-05-08,Madera,039,155013,123,1,124,2
2020-05-08,Marin,041,260295,53,1,54,11
2020-05-08,Mariposa,043,17540,15,0,15,0
2020-05-08,Mendocino,045,87422,12,0,12,0
2020-05-08,Merced,047,269075,248,0,248,3
2020-05-08,Modoc,049,8938,0,0,0,0
2020-05-08,Mono,051,14174,32,0,32,1
2020-05-08,Monterey,053,433212,344,0,344,7
2020-05-08,Napa,055,140530,86,0,86,2
2020-05-08,Nevada,057,99092,41,1,42,1
2020-05-08,Orange,059,3164182,5151,37,5188,98
2020-05-08,Placer,061,380077,187,0,187,8
2020-05-08,Plumas,063,18699,4,0,4,0
2020-05-08,Riverside,065,2383286,5754,16,5770,217
2020-05-08,Sacramento,067,1510023,1198,0,1198,53
2020-05-08,San Benito,069,59416,58,0,58,2
2020-05-08,San Bernardino,071,2135413,3474,3,3477,141
2020-05-08,San Diego,073,3302833,5682,0,5682,183
2020-05-08,San Francisco,075,870044,2123,0,2123,39
2020-05-08,San Joaquin,077,732212,677,3,680,31
2020-05-08,San Luis Obispo,079,281455,300,3,303,1
2020-05-08,San Mateo,081,765935,1664,2,1666,72
2020-05-08,Santa Barbara,083,443738,1463,5,1468,11
2020-05-08,Santa Clara,085,1922200,2872,10,2882,127
2020-05-08,Santa Cruz,087,273765,155,0,155,2
2020-05-08,Shasta,089,179085,47,0,47,4
2020-05-08,Sierra,091,2930,0,0,0,0
2020-05-08,Siskiyou,093,43540,5,0,5,0
2020-05-08,Solano,095,438530,451,0,451,9
2020-05-08,Sonoma,097,501317,359,0,359,3
2020-05-08,Stanislaus,099,539301,557,4,561,19
2020-05-08,Sutter,101,95872,37,0,37,2
2020-05-08,Tehama,103,63373,2,0,2,1
2020-05-08,Trinity,105,12862,2,0,2,0
2020-05-08,Tulare,107,460477,1655,6,1661,52
2020-05-08,Tuolumne,109,53932,3,0,3,0
2020-05-08,Ventura,111,848112,906,2,908,20
2020-05-08,Yolo,113,214977,195,0,195,21
2020-05-08,Yuba,115,75493,22,0,22,1
2020-05-07,Alameda,001,1643700,2314,3,2317,77
2020-05-07,Alpine,002,1148,1,0,1,0
2020-05-07,Amador,005,37829,9,0,9,0
2020-05-07,Butte,007,227075,33,3,36,0
2020-05-07,Calaveras,009,45235,13,0,13,0
2020-05-07,Colusa,011,21464,3,0,3,0
2020-05-07,Contra Costa,013,1133247,1148,0,1148,31
2020-05-07,Del Norte,015,27424,6,0,6,0
2020-05-07,El Dorado,017,186661,71,0,71,0
2020-05-07,Fresno,019,978130,1581,22,1603,15
2020-05-07,Glenn,021,27897,8,0,8,0
2020-05-07,Humboldt,023,135768,67,0,67,0
2020-05-07,Imperial,025,180216,920,0,920,15
2020-05-07,Inyo,027,18085,19,0,19,1
2020-05-07,Kern,029,883053,1540,1,1541,18
2020-05-07,Kings,031,150075,364,0,364,1
2020-05-07,Lake,033,64148,11,0,11,0
2020-05-07,Lassen,035,31185,4,2,6,0
2020-05-07,Los Angeles,037,10098052,37113,26,37139,1626
2020-05-07,Madera,039,155013,119,1,120,2
2020-05-07,Marin,041,260295,51,1,52,11
2020-05-07,Mariposa,043,17540,15,0,15,0
2020-05-07,Mendocino,045,87422,12,0,12,0
2020-05-07,Merced,047,269075,236,0,236,3
2020-05-07,Modoc,049,8938,0,0,0,0
2020-05-07,Mono,051,14174,32,0,32,1
2020-05-07,Monterey,053,433212,336,0,336,7
2020-05-07,Napa,055,140530,86,0,86,2
2020-05-07,Nevada,057,99092,41,1,42,1
2020-05-07,Orange,059,3164182,4966,36,5002,96
2020-05-07,Placer,061,380077,187,0,187,8
2020-05-07,Plumas,063,18699,4,0,4,0
2020-05-07,Riverside,065,2383286,5638,16,5654,211
2020-05-07,Sacramento,067,1510023,1192,0,1192,52
2020-05-07,San Benito,069,59416,58,0,58,2
2020-05-07,San Bernardino,071,2135413,3382,3,3385,138
2020-05-07,San Diego,073,3302833,5525,0,5525,182
2020-05-07,San Francisco,075,870044,2092,0,2092,36
2020-05-07,San Joaquin,077,732212,664,3,667,30
2020-05-07,San Luis Obispo,079,281455,289,3,292,1
2020-05-07,San Mateo,081,765935,1642,2,1644,70
2020-05-07,Santa Barbara,083,443738,1436,4,1440,11
2020-05-07,Santa Clara,085,1922200,2834,10,2844,126
2020-05-07,Santa Cruz,087,273765,152,0,152,2
2020-05-07,Shasta,089,179085,46,0,46,4
2020-05-07,Sierra,091,2930,0,0,0,0
2020-05-07,Siskiyou,093,43540,5,0,5,0
2020-05-07,Solano,095,438530,443,0,443,8
2020-05-07,Sonoma,097,501317,347,0,347,3
2020-05-07,Stanislaus,099,539301,548,4,552,18
2020-05-07,Sutter,101,95872,37,0,37,2
2020-05-07,Tehama,103,63373,2,0,2,1
2020-05-07,Trinity,105,12862,2,0,2,0
2020-05-07,Tulare,107,460477,1587,6,1593,50
2020-05-07,Tuolumne,109,53932,3,0,3,0
2020-05-07,Ventura,111,848112,882,1,883,19
2020-05-07,Yolo,113,214977,194,0,194,21
2020-05-07,Yuba,115,75493,22,0,22,1
2020-05-06,Alameda,001,1643700,2276,3,2279,76
2020-05-06,Alpine,002,1148,1,0,1,0
2020-05-06,Amador,005,37829,9,0,9,0
2020-05-06,Butte,007,227075,32,3,35,0
2020-05-06,Calaveras,009,45235,13,0,13,0
2020-05-06,Colusa,011,21464,3,0,3,0
2020-05-06,Contra Costa,013,1133247,1127,0,1127,31
2020-05-06,Del Norte,015,27424,6,0,6,0
2020-05-06,El Dorado,017,186661,69,0,69,0
2020-05-06,Fresno,019,978130,1518,20,1538,14
2020-05-06,Glenn,021,27897,8,0,8,0
2020-05-06,Humboldt,023,135768,66,0,66,0
2020-05-06,Imperial,025,180216,853,0,853,15
2020-05-06,Inyo,027,18085,19,0,19,1
2020-05-06,Kern,029,883053,1484,1,1485,17
2020-05-06,Kings,031,150075,346,0,346,1
2020-05-06,Lake,033,64148,11,0,11,0
2020-05-06,Lassen,035,31185,4,2,6,0
2020-05-06,Los Angeles,037,10098052,36112,26,36138,1575
2020-05-06,Madera,039,155013,117,1,118,2
2020-05-06,Marin,041,260295,48,1,49,11
2020-05-06,Mariposa,043,17540,15,0,15,0
2020-05-06,Mendocino,045,87422,12,0,12,0
2020-05-06,Merced,047,269075,229,0,229,3
2020-05-06,Modoc,049,8938,0,0,0,0
2020-05-06,Mono,051,14174,32,0,32,1
2020-05-06,Monterey,053,433212,328,0,328,7
2020-05-06,Napa,055,140530,85,0,85,2
2020-05-06,Nevada,057,99092,41,1,42,1
2020-05-06,Orange,059,3164182,4782,35,4817,89
2020-05-06,Placer,061,380077,184,0,184,8
2020-05-06,Plumas,063,18699,4,0,4,0
2020-05-06,Riverside,065,2383286,5494,16,5510,203
2020-05-06,Sacramento,067,1510023,1186,0,1186,52
2020-05-06,San Benito,069,59416,57,0,57,2
2020-05-06,San Bernardino,071,2135413,3260,2,3262,132
2020-05-06,San Diego,073,3302833,5392,0,5392,175
2020-05-06,San Francisco,075,870044,2067,0,2067,36
2020-05-06,San Joaquin,077,732212,651,3,654,30
2020-05-06,San Luis Obispo,079,281455,285,3,288,1
2020-05-06,San Mateo,081,765935,1611,2,1613,69
2020-05-06,Santa Barbara,083,443738,1395,3,1398,11
2020-05-06,Santa Clara,085,1922200,2817,9,2826,126
2020-05-06,Santa Cruz,087,273765,149,0,149,2
2020-05-06,Shasta,089,179085,45,0,45,4
2020-05-06,Sierra,091,2930,0,0,0,0
2020-05-06,Siskiyou,093,43540,5,0,5,0
2020-05-06,Solano,095,438530,431,0,431,8
2020-05-06,Sonoma,097,501317,331,0,331,3
2020-05-06,Stanislaus,099,539301,532,4,536,18
2020-05-06,Sutter,101,95872,37,0,37,2
2020-05-06,Tehama,103,63373,2,0,2,1
2020-05-06,Trinity,105,12862,2,0,2,0
2020-05-06,Tulare,107,460477,1539,6,1545,49
2020-05-06,Tuolumne,109,53932,3,0,3,0
2020-05-06,Ventura,111,848112,855,1,856,19
2020-05-06,Yolo,113,214977,193,0,193,21
2020-05-06,Yuba,115,75493,22,0,22,1
2020-05-05,Alameda,001,1643700,2233,3,2236,74
2020-05-05,Alpine,002,1148,1,0,1,0
2020-05-05,Amador,005,37829,9,0,9,0
2020-05-05,Butte,007,227075,31,3,34,0
2020-05-05,Calaveras,009,45235,13,0,13,0
2020-05-05,Colusa,011,21464,3,0,3,0
2020-05-05,Contra Costa,013,1133247,1109,0,1109,30
2020-05-05,Del Norte,015,27424,6,0,6,0
2020-05-05,El Dorado,017,186661,67,0,67,0
2020-05-05,Fresno,019,978130,1445,18,1463,13
2020-05-05,Glenn,021,27897,8,0,8,0
2020-05-05,Humboldt,023,135768,63,0,63,0
2020-05-05,Imperial,025,180216,797,0,797,13
2020-05-05,Inyo,027,18085,19,0,19,1
2020-05-05,Kern,029,883053,1432,1,1433,16
2020-05-05,Kings,031,150075,328,0,328,1
2020-05-05,Lake,033,64148,10,0,10,0
2020-05-05,Lassen,035,31185,4,2,6,0
2020-05-05,Los Angeles,037,10098052,35044,26,35070,1521
2020-05-05,Madera,039,155013,113,1,114,2
2020-05-05,Marin,041,260295,43,1,44,11
2020-05-05,Mariposa,043,17540,15,0,15,0
2020-05-05,Mendocino,045,87422,12,0,12,0
2020-05-05,Merced,047,269075,224,0,224,3
2020-05-05,Modoc,049,8938,0,0,0,0
2020-05-05,Mono,051,14174,32,0,32,1
2020-05-05,Monterey,053,433212,314,0,314,7
2020-05-05,Napa,055,140530,85,0,85,2
2020-05-05,Nevada,057,99092,41,1,42,1
2020-05-05,Orange,059,3164182,4658,35,4693,82
2020-05-05,Placer,061,380077,184,0,184,8
2020-05-05,Plumas,063,18699,4,0,4,0
2020-05-05,Riverside,065,2383286,5384,16,5400,199
2020-05-05,Sacramento,067,1510023,1179,0,1179,49
2020-05-05,San Benito,069,59416,56,0,56,2
2020-05-05,San Bernardino,071,2135413,3167,2,3169,127
2020-05-05,San Diego,073,3302833,5249,0,5249,171
2020-05-05,San Francisco,075,870044,2032,0,2032,36
2020-05-05,San Joaquin,077,732212,642,3,645,28
2020-05-05,San Luis Obispo,079,281455,283,3,286,1
2020-05-05,San Mateo,081,765935,1579,2,1581,65
2020-05-05,Santa Barbara,083,443738,1174,3,1177,10
2020-05-05,Santa Clara,085,1922200,2771,8,2779,124
2020-05-05,Santa Cruz,087,273765,146,0,146,2
2020-05-05,Shasta,089,179085,44,0,44,4
2020-05-05,Sierra,091,2930,0,0,0,0
2020-05-05,Siskiyou,093,43540,5,0,5,0
2020-05-05,Solano,095,438530,416,0,416,7
2020-05-05,Sonoma,097,501317,328,0,328,3
2020-05-05,Stanislaus,099,539301,520,4,524,15
2020-05-05,Sutter,101,95872,36,0,36,2
2020-05-05,Tehama,103,63373,2,0,2,1
2020-05-05,Trinity,105,12862,2,0,2,0
2020-05-05,Tulare,107,460477,1441,6,1447,48
2020-05-05,Tuolumne,109,53932,3,0,3,0
2020-05-05,Ventura,111,848112,831,1,832,19
2020-05-05,Yolo,113,214977,191,0,191,21
2020-05-05,Yuba,115,75493,22,0,22,1
2020-05-04,Alameda,001,1643700,2175,2,2177,73
2020-05-04,Alpine,002,1148,1,0,1,0
2020-05-04,Amador,005,37829,8,0,8,0
2020-05-04,Butte,007,227075,30,2,32,0
2020-05-04,Calaveras,009,45235,13,0,13,0
2020-05-04,Colusa,011,21464,3,0,3,0
2020-05-04,Contra Costa,013,1133247,1091,0,1091,30
2020-05-04,Del Norte,015,27424,5,0,5,0
2020-05-04,El Dorado,017,186661,66,0,66,0
2020-05-04,Fresno,019,978130,1375,17,1392,12
2020-05-04,Glenn,021,27897,8,0,8,0
2020-05-04,Humboldt,023,135768,61,0,61,0
2020-05-04,Imperial,025,180216,746,0,746,13
2020-05-04,Inyo,027,18085,19,0,19,1
2020-05-04,Kern,029,883053,1390,1,1391,15
2020-05-04,Kings,031,150075,311,0,311,1
2020-05-04,Lake,033,64148,9,0,9,0
2020-05-04,Lassen,035,31185,3,2,5,0
2020-05-04,Los Angeles,037,10098052,33761,24,33785,1482
2020-05-04,Madera,039,155013,110,1,111,2
2020-05-04,Marin,041,260295,40,1,41,11
2020-05-04,Mariposa,043,17540,15,0,15,0
2020-05-04,Mendocino,045,87422,12,0,12,0
2020-05-04,Merced,047,269075,224,0,224,3
2020-05-04,Modoc,049,8938,0,0,0,0
2020-05-04,Mono,051,14174,32,0,32,1
2020-05-04,Monterey,053,433212,303,0,303,7
2020-05-04,Napa,055,140530,85,0,85,2
2020-05-04,Nevada,057,99092,41,1,42,1
2020-05-04,Orange,059,3164182,4520,32,4552,79
2020-05-04,Placer,061,380077,182,0,182,8
2020-05-04,Plumas,063,18699,4,0,4,0
2020-05-04,Riverside,065,2383286,5290,16,5306,195
2020-05-04,Sacramento,067,1510023,1169,0,1169,47
2020-05-04,San Benito,069,59416,54,0,54,2
2020-05-04,San Bernardino,071,2135413,3027,2,3029,124
2020-05-04,San Diego,073,3302833,5108,0,5108,165
2020-05-04,San Francisco,075,870044,1994,0,1994,36
2020-05-04,San Joaquin,077,732212,628,3,631,27
2020-05-04,San Luis Obispo,079,281455,280,3,283,1
2020-05-04,San Mateo,081,765935,1554,2,1556,65
2020-05-04,Santa Barbara,083,443738,927,3,930,9
2020-05-04,Santa Clara,085,1922200,2756,8,2764,124
2020-05-04,Santa Cruz,087,273765,145,0,145,2
2020-05-04,Shasta,089,179085,42,0,42,4
2020-05-04,Sierra,091,2930,0,0,0,0
2020-05-04,Siskiyou,093,43540,5,0,5,0
2020-05-04,Solano,095,438530,402,0,402,6
2020-05-04,Sonoma,097,501317,314,0,314,3
2020-05-04,Stanislaus,099,539301,514,4,518,14
2020-05-04,Sutter,101,95872,33,0,33,2
2020-05-04,Tehama,103,63373,2,0,2,1
2020-05-04,Trinity,105,12862,1,0,1,0
2020-05-04,Tulare,107,460477,1362,6,1368,45
2020-05-04,Tuolumne,109,53932,3,0,3,0
2020-05-04,Ventura,111,848112,810,1,811,19
2020-05-04,Yolo,113,214977,190,0,190,21
2020-05-04,Yuba,115,75493,19,0,19,1
2020-05-03,Alameda,001,1643700,2117,2,2119,73
2020-05-03,Alpine,002,1148,1,0,1,0
2020-05-03,Amador,005,37829,8,0,8,0
2020-05-03,Butte,007,227075,29,2,31,0
2020-05-03,Calaveras,009,45235,13,0,13,0
2020-05-03,Colusa,011,21464,3,0,3,0
2020-05-03,Contra Costa,013,1133247,1075,0,1075,30
2020-05-03,Del Norte,015,27424,5,0,5,0
2020-05-03,El Dorado,017,186661,64,0,64,0
2020-05-03,Fresno,019,978130,1282,14,1296,12
2020-05-03,Glenn,021,27897,7,0,7,0
2020-05-03,Humboldt,023,135768,60,0,60,0
2020-05-03,Imperial,025,180216,690,0,690,12
2020-05-03,Inyo,027,18085,19,0,19,1
2020-05-03,Kern,029,883053,1335,1,1336,15
2020-05-03,Kings,031,150075,291,0,291,1
2020-05-03,Lake,033,64148,9,0,9,0
2020-05-03,Lassen,035,31185,3,2,5,0
2020-05-03,Los Angeles,037,10098052,32804,23,32827,1434
2020-05-03,Madera,039,155013,103,1,104,2
2020-05-03,Marin,041,260295,37,1,38,11
2020-05-03,Mariposa,043,17540,15,0,15,0
2020-05-03,Mendocino,045,87422,12,0,12,0
2020-05-03,Merced,047,269075,217,0,217,3
2020-05-03,Modoc,049,8938,0,0,0,0
2020-05-03,Mono,051,14174,32,0,32,1
2020-05-03,Monterey,053,433212,294,0,294,7
2020-05-03,Napa,055,140530,85,0,85,2
2020-05-03,Nevada,057,99092,41,1,42,1
2020-05-03,Orange,059,3164182,4346,31,4377,76
2020-05-03,Placer,061,380077,182,0,182,8
2020-05-03,Plumas,063,18699,4,0,4,0
2020-05-03,Riverside,065,2383286,5185,16,5201,186
2020-05-03,Sacramento,067,1510023,1160,0,1160,47
2020-05-03,San Benito,069,59416,54,0,54,2
2020-05-03,San Bernardino,071,2135413,2967,2,2969,121
2020-05-03,San Diego,073,3302833,4971,0,4971,160
2020-05-03,San Francisco,075,870044,1965,0,1965,36
2020-05-03,San Joaquin,077,732212,621,3,624,27
2020-05-03,San Luis Obispo,079,281455,277,3,280,1
2020-05-03,San Mateo,081,765935,1526,2,1528,65
2020-05-03,Santa Barbara,083,443738,568,3,571,8
2020-05-03,Santa Clara,085,1922200,2719,8,2727,120
2020-05-03,Santa Cruz,087,273765,145,0,145,2
2020-05-03,Shasta,089,179085,40,0,40,4
2020-05-03,Sierra,091,2930,0,0,0,0
2020-05-03,Siskiyou,093,43540,5,0,5,0
2020-05-03,Solano,095,438530,392,0,392,6
2020-05-03,Sonoma,097,501317,305,0,305,3
2020-05-03,Stanislaus,099,539301,486,4,490,14
2020-05-03,Sutter,101,95872,31,0,31,2
2020-05-03,Tehama,103,63373,2,0,2,1
2020-05-03,Trinity,105,12862,1,0,1,0
2020-05-03,Tulare,107,460477,1283,6,1289,44
2020-05-03,Tuolumne,109,53932,3,0,3,0
2020-05-03,Ventura,111,848112,776,1,777,19
2020-05-03,Yolo,113,214977,189,0,189,20
2020-05-03,Yuba,115,75493,19,0,19,1
2020-05-02,Alameda,001,1643700,2080,2,2082,71
2020-05-02,Alpine,002,1148,1,0,1,0
2020-05-02,Amador,005,37829,8,0,8,0
2020-05-02,Butte,007,227075,29,2,31,0
2020-05-02,Calaveras,009,45235,13,0,13,0
2020-05-02,Colusa,011,21464,3,0,3,0
2020-05-02,Contra Costa,013,1133247,1057,0,1057,30
2020-05-02,Del Norte,015,27424,5,0,5,0
2020-05-02,El Dorado,017,186661,64,0,64,0
2020-05-02,Fresno,019,978130,1257,13,1270,12
2020-05-02,Glenn,021,27897,7,0,7,0
2020-05-02,Humboldt,023,135768,60,0,60,0
2020-05-02,Imperial,025,180216,663,0,663,11
2020-05-02,Inyo,027,18085,19,0,19,1
2020-05-02,Kern,029,883053,1309,1,1310,14
2020-05-02,Kings,031,150075,288,0,288,1
2020-05-02,Lake,033,64148,9,0,9,0
2020-05-02,Lassen,035,31185,3,2,5,0
2020-05-02,Los Angeles,037,10098052,32274,23,32297,1390
2020-05-02,Madera,039,155013,103,1,104,2
2020-05-02,Marin,041,260295,36,1,37,11
2020-05-02,Mariposa,043,17540,15,0,15,0
2020-05-02,Mendocino,045,87422,12,0,12,0
2020-05-02,Merced,047,269075,212,0,212,3
2020-05-02,Modoc,049,8938,0,0,0,0
2020-05-02,Mono,051,14174,32,0,32,1
2020-05-02,Monterey,053,433212,288,0,288,7
2020-05-02,Napa,055,140530,85,0,85,2
2020-05-02,Nevada,057,99092,41,1,42,1
2020-05-02,Orange,059,3164182,4232,31,4263,73
2020-05-02,Placer,061,380077,180,0,180,8
2020-05-02,Plumas,063,18699,4,0,4,0
2020-05-02,Riverside,065,2383286,5119,16,5135,183
2020-05-02,Sacramento,067,1510023,1157,0,1157,46
2020-05-02,San Benito,069,59416,54,0,54,2
2020-05-02,San Bernardino,071,2135413,2928,2,2930,120
2020-05-02,San Diego,073,3302833,4869,0,4869,152
2020-05-02,San Francisco,075,870044,1942,0,1942,36
2020-05-02,San Joaquin,077,732212,613,3,616,27
2020-05-02,San Luis Obispo,079,281455,271,3,274,1
2020-05-02,San Mateo,081,765935,1510,2,1512,63
2020-05-02,Santa Barbara,083,443738,560,3,563,8
2020-05-02,Santa Clara,085,1922200,2709,8,2717,118
2020-05-02,Santa Cruz,087,273765,144,0,144,2
2020-05-02,Shasta,089,179085,40,0,40,4
2020-05-02,Sierra,091,2930,0,0,0,0
2020-05-02,Siskiyou,093,43540,5,0,5,0
2020-05-02,Solano,095,438530,385,0,385,6
2020-05-02,Sonoma,097,501317,302,0,302,3
2020-05-02,Stanislaus,099,539301,478,4,482,14
2020-05-02,Sutter,101,95872,31,0,31,2
2020-05-02,Tehama,103,63373,2,0,2,1
2020-05-02,Trinity,105,12862,1,0,1,0
2020-05-02,Tulare,107,460477,1240,6,1246,43
2020-05-02,Tuolumne,109,53932,3,0,3,0
2020-05-02,Ventura,111,848112,762,1,763,19
2020-05-02,Yolo,113,214977,189,0,189,19
2020-05-02,Yuba,115,75493,19,0,19,1
2020-05-01,Alameda,001,1643700,2042,2,2044,69
2020-05-01,Alpine,002,1148,1,0,1,0
2020-05-01,Amador,005,37829,8,0,8,0
2020-05-01,Butte,007,227075,29,2,31,0
2020-05-01,Calaveras,009,45235,13,0,13,0
2020-05-01,Colusa,011,21464,3,0,3,0
2020-05-01,Contra Costa,013,1133247,1043,0,1043,29
2020-05-01,Del Norte,015,27424,5,0,5,0
2020-05-01,El Dorado,017,186661,64,0,64,0
2020-05-01,Fresno,019,978130,1226,13,1239,12
2020-05-01,Glenn,021,27897,7,0,7,0
2020-05-01,Humboldt,023,135768,60,0,60,0
2020-05-01,Imperial,025,180216,626,0,626,10
2020-05-01,Inyo,027,18085,19,0,19,1
2020-05-01,Kern,029,883053,1282,1,1283,12
2020-05-01,Kings,031,150075,271,0,271,1
2020-05-01,Lake,033,64148,9,0,9,0
2020-05-01,Lassen,035,31185,3,2,5,0
2020-05-01,Los Angeles,037,10098052,31518,23,31541,1340
2020-05-01,Madera,039,155013,99,1,100,2
2020-05-01,Marin,041,260295,36,1,37,11
2020-05-01,Mariposa,043,17540,15,0,15,0
2020-05-01,Mendocino,045,87422,12,0,12,0
2020-05-01,Merced,047,269075,209,0,209,3
2020-05-01,Modoc,049,8938,0,0,0,0
2020-05-01,Mono,051,14174,32,0,32,1
2020-05-01,Monterey,053,433212,284,0,284,6
2020-05-01,Napa,055,140530,85,0,85,2
2020-05-01,Nevada,057,99092,41,1,42,1
2020-05-01,Orange,059,3164182,4155,29,4184,68
2020-05-01,Placer,061,380077,179,0,179,8
2020-05-01,Plumas,063,18699,4,0,4,0
2020-05-01,Riverside,065,2383286,5055,16,5071,177
2020-05-01,Sacramento,067,1510023,1152,0,1152,46
2020-05-01,San Benito,069,59416,54,0,54,2
2020-05-01,San Bernardino,071,2135413,2873,2,2875,111
2020-05-01,San Diego,073,3302833,4778,0,4778,145
2020-05-01,San Francisco,075,870044,1898,0,1898,36
2020-05-01,San Joaquin,077,732212,609,3,612,26
2020-05-01,San Luis Obispo,079,281455,268,3,271,1
2020-05-01,San Mateo,081,765935,1488,2,1490,59
2020-05-01,Santa Barbara,083,443738,554,2,556,8
2020-05-01,Santa Clara,085,1922200,2697,8,2705,115
2020-05-01,Santa Cruz,087,273765,144,0,144,2
2020-05-01,Shasta,089,179085,40,0,40,4
2020-05-01,Sierra,091,2930,0,0,0,0
2020-05-01,Siskiyou,093,43540,5,0,5,0
2020-05-01,Solano,095,438530,377,0,377,6
2020-05-01,Sonoma,097,501317,299,0,299,2
2020-05-01,Stanislaus,099,539301,473,4,477,12
2020-05-01,Sutter,101,95872,31,0,31,2
2020-05-01,Tehama,103,63373,2,0,2,1
2020-05-01,Trinity,105,12862,1,0,1,0
2020-05-01,Tulare,107,460477,1196,6,1202,42
2020-05-01,Tuolumne,109,53932,3,0,3,0
2020-05-01,Ventura,111,848112,749,1,750,19
2020-05-01,Yolo,113,214977,189,0,189,19
2020-05-01,Yuba,115,75493,19,0,19,1
2020-04-30,Alameda,001,1643700,1982,2,1984,68
2020-04-30,Alpine,002,1148,1,0,1,0
2020-04-30,Amador,005,37829,8,0,8,0
2020-04-30,Butte,007,227075,29,2,31,0
2020-04-30,Calaveras,009,45235,13,0,13,0
2020-04-30,Colusa,011,21464,3,0,3,0
2020-04-30,Contra Costa,013,1133247,1021,0,1021,29
2020-04-30,Del Norte,015,27424,4,0,4,0
2020-04-30,El Dorado,017,186661,64,0,64,0
2020-04-30,Fresno,019,978130,1161,10,1171,11
2020-04-30,Glenn,021,27897,7,0,7,0
2020-04-30,Humboldt,023,135768,60,0,60,0
2020-04-30,Imperial,025,180216,578,0,578,10
2020-04-30,Inyo,027,18085,19,0,19,1
2020-04-30,Kern,029,883053,1250,1,1251,11
2020-04-30,Kings,031,150075,259,0,259,1
2020-04-30,Lake,033,64148,9,0,9,0
2020-04-30,Lassen,035,31185,3,2,5,0
2020-04-30,Los Angeles,037,10098052,30509,23,30532,1299
2020-04-30,Madera,039,155013,88,1,89,2
2020-04-30,Marin,041,260295,36,1,37,11
2020-04-30,Mariposa,043,17540,15,0,15,0
2020-04-30,Mendocino,045,87422,12,0,12,0
2020-04-30,Merced,047,269075,202,0,202,3
2020-04-30,Modoc,049,8938,0,0,0,0
2020-04-30,Mono,051,14174,31,0,31,1
2020-04-30,Monterey,053,433212,274,0,274,5
2020-04-30,Napa,055,140530,83,0,83,2
2020-04-30,Nevada,057,99092,41,1,42,1
2020-04-30,Orange,059,3164182,3933,27,3960,62
2020-04-30,Placer,061,380077,178,0,178,8
2020-04-30,Plumas,063,18699,4,0,4,0
2020-04-30,Riverside,065,2383286,4955,15,4970,170
2020-04-30,Sacramento,067,1510023,1146,0,1146,44
2020-04-30,San Benito,069,59416,54,0,54,2
2020-04-30,San Bernardino,071,2135413,2671,2,2673,104
2020-04-30,San Diego,073,3302833,4607,0,4607,144
2020-04-30,San Francisco,075,870044,1864,0,1864,35
2020-04-30,San Joaquin,077,732212,601,3,604,26
2020-04-30,San Luis Obispo,079,281455,265,3,268,1
2020-04-30,San Mateo,081,765935,1458,2,1460,58
2020-04-30,Santa Barbara,083,443738,542,2,544,8
2020-04-30,Santa Clara,085,1922200,2657,8,2665,113
2020-04-30,Santa Cruz,087,273765,143,0,143,2
2020-04-30,Shasta,089,179085,39,0,39,4
2020-04-30,Sierra,091,2930,0,0,0,0
2020-04-30,Siskiyou,093,43540,5,0,5,0
2020-04-30,Solano,095,438530,367,0,367,5
2020-04-30,Sonoma,097,501317,290,0,290,2
2020-04-30,Stanislaus,099,539301,466,4,470,12
2020-04-30,Sutter,101,95872,31,0,31,2
2020-04-30,Tehama,103,63373,1,0,1,1
2020-04-30,Trinity,105,12862,1,0,1,0
2020-04-30,Tulare,107,460477,1130,6,1136,41
2020-04-30,Tuolumne,109,53932,3,0,3,0
2020-04-30,Ventura,111,848112,721,1,722,19
2020-04-30,Yolo,113,214977,188,0,188,19
2020-04-30,Yuba,115,75493,19,0,19,1
2020-04-29,Alameda,001,1643700,1924,2,1926,68
2020-04-29,Alpine,002,1148,1,0,1,0
2020-04-29,Amador,005,37829,8,0,8,0
2020-04-29,Butte,007,227075,29,2,31,0
2020-04-29,Calaveras,009,45235,13,0,13,0
2020-04-29,Colusa,011,21464,3,0,3,0
2020-04-29,Contra Costa,013,1133247,1002,0,1002,29
2020-04-29,Del Norte,015,27424,4,0,4,0
2020-04-29,El Dorado,017,186661,62,0,62,0
2020-04-29,Fresno,019,978130,1109,10,1119,11
2020-04-29,Glenn,021,27897,7,0,7,0
2020-04-29,Humboldt,023,135768,60,0,60,0
2020-04-29,Imperial,025,180216,548,0,548,10
2020-04-29,Inyo,027,18085,19,0,19,1
2020-04-29,Kern,029,883053,1207,1,1208,8
2020-04-29,Kings,031,150075,240,0,240,1
2020-04-29,Lake,033,64148,9,0,9,0
2020-04-29,Lassen,035,31185,3,2,5,0
2020-04-29,Los Angeles,037,10098052,29532,22,29554,1247
2020-04-29,Madera,039,155013,86,1,87,2
2020-04-29,Marin,041,260295,35,1,36,11
2020-04-29,Mariposa,043,17540,15,0,15,0
2020-04-29,Mendocino,045,87422,12,0,12,0
2020-04-29,Merced,047,269075,195,0,195,3
2020-04-29,Modoc,049,8938,0,0,0,0
2020-04-29,Mono,051,14174,31,0,31,1
2020-04-29,Monterey,053,433212,266,0,266,5
2020-04-29,Napa,055,140530,81,0,81,2
2020-04-29,Nevada,057,99092,41,1,42,1
2020-04-29,Orange,059,3164182,3799,26,3825,60
2020-04-29,Placer,061,380077,176,0,176,8
2020-04-29,Plumas,063,18699,4,0,4,0
2020-04-29,Riverside,065,2383286,4878,15,4893,163
2020-04-29,Sacramento,067,1510023,1124,0,1124,42
2020-04-29,San Benito,069,59416,54,0,54,2
2020-04-29,San Bernardino,071,2135413,2584,1,2585,103
2020-04-29,San Diego,073,3302833,4465,0,4465,139
2020-04-29,San Francisco,075,870044,1836,0,1836,34
2020-04-29,San Joaquin,077,732212,593,3,596,26
2020-04-29,San Luis Obispo,079,281455,263,3,266,1
2020-04-29,San Mateo,081,765935,1432,2,1434,58
2020-04-29,Santa Barbara,083,443738,529,2,531,8
2020-04-29,Santa Clara,085,1922200,2630,8,2638,110
2020-04-29,Santa Cruz,087,273765,142,0,142,2
2020-04-29,Shasta,089,179085,38,0,38,4
2020-04-29,Sierra,091,2930,0,0,0,0
2020-04-29,Siskiyou,093,43540,5,0,5,0
2020-04-29,Solano,095,438530,330,0,330,5
2020-04-29,Sonoma,097,501317,282,0,282,2
2020-04-29,Stanislaus,099,539301,453,4,457,11
2020-04-29,Sutter,101,95872,31,0,31,2
2020-04-29,Tehama,103,63373,1,0,1,1
2020-04-29,Trinity,105,12862,1,0,1,0
2020-04-29,Tulare,107,460477,1057,5,1062,41
2020-04-29,Tuolumne,109,53932,3,0,3,0
2020-04-29,Ventura,111,848112,697,1,698,19
2020-04-29,Yolo,113,214977,185,0,185,17
2020-04-29,Yuba,115,75493,19,0,19,1
2020-04-28,Alameda,001,1643700,1867,2,1869,66
2020-04-28,Alpine,002,1148,1,0,1,0
2020-04-28,Amador,005,37829,8,0,8,0
2020-04-28,Butte,007,227075,29,2,31,0
2020-04-28,Calaveras,009,45235,13,0,13,0
2020-04-28,Colusa,011,21464,3,0,3,0
2020-04-28,Contra Costa,013,1133247,995,0,995,29
2020-04-28,Del Norte,015,27424,4,0,4,0
2020-04-28,El Dorado,017,186661,61,0,61,0
2020-04-28,Fresno,019,978130,1059,9,1068,9
2020-04-28,Glenn,021,27897,5,0,5,0
2020-04-28,Humboldt,023,135768,59,0,59,0
2020-04-28,Imperial,025,180216,515,0,515,10
2020-04-28,Inyo,027,18085,19,0,19,1
2020-04-28,Kern,029,883053,1164,1,1165,7
2020-04-28,Kings,031,150075,227,0,227,1
2020-04-28,Lake,033,64148,9,0,9,0
2020-04-28,Lassen,035,31185,3,2,5,0
2020-04-28,Los Angeles,037,10098052,28469,22,28491,1201
2020-04-28,Madera,039,155013,86,1,87,2
2020-04-28,Marin,041,260295,35,1,36,11
2020-04-28,Mariposa,043,17540,15,0,15,0
2020-04-28,Mendocino,045,87422,12,0,12,0
2020-04-28,Merced,047,269075,188,0,188,3
2020-04-28,Modoc,049,8938,0,0,0,0
2020-04-28,Mono,051,14174,31,0,31,1
2020-04-28,Monterey,053,433212,260,0,260,5
2020-04-28,Napa,055,140530,80,0,80,2
2020-04-28,Nevada,057,99092,41,1,42,1
2020-04-28,Orange,059,3164182,3636,25,3661,56
2020-04-28,Placer,061,380077,166,0,166,8
2020-04-28,Plumas,063,18699,4,0,4,0
2020-04-28,Riverside,065,2383286,4783,15,4798,157
2020-04-28,Sacramento,067,1510023,1109,0,1109,42
2020-04-28,San Benito,069,59416,52,0,52,2
2020-04-28,San Bernardino,071,2135413,2507,1,2508,101
2020-04-28,San Diego,073,3302833,4335,0,4335,136
2020-04-28,San Francisco,075,870044,1801,0,1801,31
2020-04-28,San Joaquin,077,732212,587,3,590,26
2020-04-28,San Luis Obispo,079,281455,255,3,258,1
2020-04-28,San Mateo,081,765935,1419,2,1421,56
2020-04-28,Santa Barbara,083,443738,524,2,526,8
2020-04-28,Santa Clara,085,1922200,2596,8,2604,109
2020-04-28,Santa Cruz,087,273765,142,0,142,2
2020-04-28,Shasta,089,179085,38,0,38,4
2020-04-28,Sierra,091,2930,0,0,0,0
2020-04-28,Siskiyou,093,43540,5,0,5,0
2020-04-28,Solano,095,438530,310,0,310,5
2020-04-28,Sonoma,097,501317,279,0,279,2
2020-04-28,Stanislaus,099,539301,437,4,441,10
2020-04-28,Sutter,101,95872,31,0,31,2
2020-04-28,Tehama,103,63373,1,0,1,1
2020-04-28,Trinity,105,12862,1,0,1,0
2020-04-28,Tulare,107,460477,960,5,965,38
2020-04-28,Tuolumne,109,53932,3,0,3,0
2020-04-28,Ventura,111,848112,677,1,678,18
2020-04-28,Yolo,113,214977,185,0,185,17
2020-04-28,Yuba,115,75493,19,0,19,1
2020-04-27,Alameda,001,1643700,1807,2,1809,65
2020-04-27,Alpine,002,1148,1,0,1,0
2020-04-27,Amador,005,37829,8,0,8,0
2020-04-27,Butte,007,227075,28,2,30,0
2020-04-27,Calaveras,009,45235,13,0,13,0
2020-04-27,Colusa,011,21464,3,0,3,0
2020-04-27,Contra Costa,013,1133247,983,0,983,29
2020-04-27,Del Norte,015,27424,4,0,4,0
2020-04-27,El Dorado,017,186661,60,0,60,0
2020-04-27,Fresno,019,978130,957,8,965,8
2020-04-27,Glenn,021,27897,5,0,5,0
2020-04-27,Humboldt,023,135768,59,0,59,0
2020-04-27,Imperial,025,180216,485,0,485,9
2020-04-27,Inyo,027,18085,19,0,19,1
2020-04-27,Kern,029,883053,1125,1,1126,5
2020-04-27,Kings,031,150075,204,0,204,1
2020-04-27,Lake,033,64148,8,0,8,0
2020-04-27,Lassen,035,31185,3,2,5,0
2020-04-27,Los Angeles,037,10098052,27449,22,27471,1143
2020-04-27,Madera,039,155013,84,1,85,2
2020-04-27,Marin,041,260295,35,1,36,11
2020-04-27,Mariposa,043,17540,14,0,14,0
2020-04-27,Mendocino,045,87422,12,0,12,0
2020-04-27,Merced,047,269075,185,0,185,3
2020-04-27,Modoc,049,8938,0,0,0,0
2020-04-27,Mono,051,14174,31,0,31,1
2020-04-27,Monterey,053,433212,253,0,253,5
2020-04-27,Napa,055,140530,77,0,77,2
2020-04-27,Nevada,057,99092,41,1,42,1
2020-04-27,Orange,059,3164182,3467,25,3492,52
2020-04-27,Placer,061,380077,166,0,166,8
2020-04-27,Plumas,063,18699,4,0,4,0
2020-04-27,Riverside,065,2383286,4660,15,4675,152
2020-04-27,Sacramento,067,1510023,1094,0,1094,41
2020-04-27,San Benito,069,59416,50,0,50,2
2020-04-27,San Bernardino,071,2135413,2393,1,2394,99
2020-04-27,San Diego,073,3302833,4209,0,4209,131
2020-04-27,San Francisco,075,870044,1747,0,1747,30
2020-04-27,San Joaquin,077,732212,581,3,584,26
2020-04-27,San Luis Obispo,079,281455,247,3,250,1
2020-04-27,San Mateo,081,765935,1397,2,1399,55
2020-04-27,Santa Barbara,083,443738,516,2,518,7
2020-04-27,Santa Clara,085,1922200,2571,7,2578,107
2020-04-27,Santa Cruz,087,273765,142,0,142,2
2020-04-27,Shasta,089,179085,38,0,38,4
2020-04-27,Sierra,091,2930,0,0,0,0
2020-04-27,Siskiyou,093,43540,5,0,5,0
2020-04-27,Solano,095,438530,310,0,310,4
2020-04-27,Sonoma,097,501317,270,0,270,2
2020-04-27,Stanislaus,099,539301,421,4,425,7
2020-04-27,Sutter,101,95872,29,0,29,2
2020-04-27,Tehama,103,63373,1,0,1,1
2020-04-27,Trinity,105,12862,1,0,1,0
2020-04-27,Tulare,107,460477,889,5,894,36
2020-04-27,Tuolumne,109,53932,3,0,3,0
2020-04-27,Ventura,111,848112,658,1,659,16
2020-04-27,Yolo,113,214977,182,0,182,17
2020-04-27,Yuba,115,75493,19,0,19,1
2020-04-26,Alameda,001,1643700,1746,2,1748,63
2020-04-26,Alpine,002,1148,1,0,1,0
2020-04-26,Amador,005,37829,8,0,8,0
2020-04-26,Butte,007,227075,28,2,30,0
2020-04-26,Calaveras,009,45235,13,0,13,0
2020-04-26,Colusa,011,21464,3,0,3,0
2020-04-26,Contra Costa,013,1133247,967,0,967,29
2020-04-26,Del Norte,015,27424,3,0,3,0
2020-04-26,El Dorado,017,186661,58,0,58,0
2020-04-26,Fresno,019,978130,863,7,870,8
2020-04-26,Glenn,021,27897,5,0,5,0
2020-04-26,Humboldt,023,135768,59,0,59,0
2020-04-26,Imperial,025,180216,450,0,450,9
2020-04-26,Inyo,027,18085,19,0,19,1
2020-04-26,Kern,029,883053,1075,1,1076,5
2020-04-26,Kings,031,150075,179,0,179,1
2020-04-26,Lake,033,64148,8,0,8,0
2020-04-26,Lassen,035,31185,3,2,5,0
2020-04-26,Los Angeles,037,10098052,26294,22,26316,1101
2020-04-26,Madera,039,155013,82,1,83,2
2020-04-26,Marin,041,260295,35,1,36,10
2020-04-26,Mariposa,043,17540,14,0,14,0
2020-04-26,Mendocino,045,87422,12,0,12,0
2020-04-26,Merced,047,269075,169,0,169,3
2020-04-26,Modoc,049,8938,0,0,0,0
2020-04-26,Mono,051,14174,31,0,31,1
2020-04-26,Monterey,053,433212,246,0,246,4
2020-04-26,Napa,055,140530,76,0,76,2
2020-04-26,Nevada,057,99092,41,1,42,1
2020-04-26,Orange,059,3164182,3302,25,3327,51
2020-04-26,Placer,061,380077,165,0,165,8
2020-04-26,Plumas,063,18699,4,0,4,0
2020-04-26,Riverside,065,2383286,4517,15,4532,149
2020-04-26,Sacramento,067,1510023,1085,0,1085,41
2020-04-26,San Benito,069,59416,50,0,50,2
2020-04-26,San Bernardino,071,2135413,2297,1,2298,96
2020-04-26,San Diego,073,3302833,4067,0,4067,124
2020-04-26,San Francisco,075,870044,1708,0,1708,30
2020-04-26,San Joaquin,077,732212,573,3,576,26
2020-04-26,San Luis Obispo,079,281455,244,3,247,1
2020-04-26,San Mateo,081,765935,1371,2,1373,55
2020-04-26,Santa Barbara,083,443738,509,2,511,7
2020-04-26,Santa Clara,085,1922200,2548,6,2554,105
2020-04-26,Santa Cruz,087,273765,142,0,142,2
2020-04-26,Shasta,089,179085,35,0,35,4
2020-04-26,Sierra,091,2930,0,0,0,0
2020-04-26,Siskiyou,093,43540,5,0,5,0
2020-04-26,Solano,095,438530,301,0,301,4
2020-04-26,Sonoma,097,501317,259,0,259,2
2020-04-26,Stanislaus,099,539301,406,4,410,6
2020-04-26,Sutter,101,95872,29,0,29,2
2020-04-26,Tehama,103,63373,1,0,1,1
2020-04-26,Trinity,105,12862,1,0,1,0
2020-04-26,Tulare,107,460477,830,5,835,34
2020-04-26,Tuolumne,109,53932,3,0,3,0
2020-04-26,Ventura,111,848112,640,1,641,16
2020-04-26,Yolo,113,214977,181,0,181,15
2020-04-26,Yuba,115,75493,18,0,18,1
2020-04-25,Alameda,001,1643700,1721,2,1723,62
2020-04-25,Alpine,002,1148,1,0,1,0
2020-04-25,Amador,005,37829,8,0,8,0
2020-04-25,Butte,007,227075,27,2,29,0
2020-04-25,Calaveras,009,45235,13,0,13,0
2020-04-25,Colusa,011,21464,3,0,3,0
2020-04-25,Contra Costa,013,1133247,953,0,953,27
2020-04-25,Del Norte,015,27424,2,0,2,0
2020-04-25,El Dorado,017,186661,57,0,57,0
2020-04-25,Fresno,019,978130,831,6,837,7
2020-04-25,Glenn,021,27897,5,0,5,0
2020-04-25,Humboldt,023,135768,59,0,59,0
2020-04-25,Imperial,025,180216,433,0,433,9
2020-04-25,Inyo,027,18085,19,0,19,1
2020-04-25,Kern,029,883053,1044,1,1045,4
2020-04-25,Kings,031,150075,167,0,167,1
2020-04-25,Lake,033,64148,6,0,6,0
2020-04-25,Lassen,035,31185,3,2,5,0
2020-04-25,Los Angeles,037,10098052,25661,22,25683,1055
2020-04-25,Madera,039,155013,79,1,80,2
2020-04-25,Marin,041,260295,35,1,36,10
2020-04-25,Mariposa,043,17540,14,0,14,0
2020-04-25,Mendocino,045,87422,11,0,11,0
2020-04-25,Merced,047,269075,167,0,167,3
2020-04-25,Modoc,049,8938,0,0,0,0
2020-04-25,Mono,051,14174,31,0,31,1
2020-04-25,Monterey,053,433212,244,0,244,4
2020-04-25,Napa,055,140530,76,0,76,2
2020-04-25,Nevada,057,99092,41,1,42,1
2020-04-25,Orange,059,3164182,3194,25,3219,48
2020-04-25,Placer,061,380077,165,0,165,8
2020-04-25,Plumas,063,18699,4,0,4,0
2020-04-25,Riverside,065,2383286,4427,15,4442,142
2020-04-25,Sacramento,067,1510023,1083,0,1083,40
2020-04-25,San Benito,069,59416,50,0,50,2
2020-04-25,San Bernardino,071,2135413,2251,1,2252,96
2020-04-25,San Diego,073,3302833,3966,0,3966,121
2020-04-25,San Francisco,075,870044,1683,0,1683,30
2020-04-25,San Joaquin,077,732212,566,3,569,26
2020-04-25,San Luis Obispo,079,281455,243,3,246,1
2020-04-25,San Mateo,081,765935,1353,2,1355,55
2020-04-25,Santa Barbara,083,443738,502,2,504,7
2020-04-25,Santa Clara,085,1922200,2526,5,2531,102
2020-04-25,Santa Cruz,087,273765,142,0,142,2
2020-04-25,Shasta,089,179085,35,0,35,4
2020-04-25,Sierra,091,2930,0,0,0,0
2020-04-25,Siskiyou,093,43540,5,0,5,0
2020-04-25,Solano,095,438530,297,0,297,4
2020-04-25,Sonoma,097,501317,254,0,254,2
2020-04-25,Stanislaus,099,539301,398,4,402,5
2020-04-25,Sutter,101,95872,29,0,29,2
2020-04-25,Tehama,103,63373,1,0,1,1
2020-04-25,Trinity,105,12862,0,0,0,0
2020-04-25,Tulare,107,460477,797,5,802,33
2020-04-25,Tuolumne,109,53932,3,0,3,0
2020-04-25,Ventura,111,848112,626,1,627,16
2020-04-25,Yolo,113,214977,181,0,181,14
2020-04-25,Yuba,115,75493,17,0,17,1
2020-04-24,Alameda,001,1643700,1690,2,1692,62
2020-04-24,Alpine,002,1148,1,0,1,0
2020-04-24,Amador,005,37829,8,0,8,0
2020-04-24,Butte,007,227075,26,2,28,0
2020-04-24,Calaveras,009,45235,13,0,13,0
2020-04-24,Colusa,011,21464,3,0,3,0
2020-04-24,Contra Costa,013,1133247,944,0,944,26
2020-04-24,Del Norte,015,27424,2,0,2,0
2020-04-24,El Dorado,017,186661,56,0,56,0
2020-04-24,Fresno,019,978130,808,6,814,7
2020-04-24,Glenn,021,27897,5,0,5,0
2020-04-24,Humboldt,023,135768,59,0,59,0
2020-04-24,Imperial,025,180216,416,0,416,9
2020-04-24,Inyo,027,18085,19,0,19,1
2020-04-24,Kern,029,883053,1020,1,1021,4
2020-04-24,Kings,031,150075,138,0,138,1
2020-04-24,Lake,033,64148,6,0,6,0
2020-04-24,Lassen,035,31185,3,2,5,0
2020-04-24,Los Angeles,037,10098052,24731,22,24753,1011
2020-04-24,Madera,039,155013,79,1,80,2
2020-04-24,Marin,041,260295,35,1,36,10
2020-04-24,Mariposa,043,17540,8,0,8,0
2020-04-24,Mendocino,045,87422,11,0,11,0
2020-04-24,Merced,047,269075,164,0,164,3
2020-04-24,Modoc,049,8938,0,0,0,0
2020-04-24,Mono,051,14174,30,0,30,1
2020-04-24,Monterey,053,433212,237,0,237,4
2020-04-24,Napa,055,140530,75,0,75,2
2020-04-24,Nevada,057,99092,41,1,42,1
2020-04-24,Orange,059,3164182,3087,25,3112,48
2020-04-24,Placer,061,380077,163,0,163,8
2020-04-24,Plumas,063,18699,4,0,4,0
2020-04-24,Riverside,065,2383286,4346,15,4361,128
2020-04-24,Sacramento,067,1510023,1077,0,1077,40
2020-04-24,San Benito,069,59416,50,0,50,2
2020-04-24,San Bernardino,071,2135413,2216,1,2217,96
2020-04-24,San Diego,073,3302833,3855,0,3855,118
2020-04-24,San Francisco,075,870044,1625,0,1625,29
2020-04-24,San Joaquin,077,732212,559,3,562,25
2020-04-24,San Luis Obispo,079,281455,240,3,243,1
2020-04-24,San Mateo,081,765935,1330,2,1332,53
2020-04-24,Santa Barbara,083,443738,496,2,498,7
2020-04-24,Santa Clara,085,1922200,2484,5,2489,101
2020-04-24,Santa Cruz,087,273765,138,0,138,2
2020-04-24,Shasta,089,179085,35,0,35,4
2020-04-24,Sierra,091,2930,0,0,0,0
2020-04-24,Siskiyou,093,43540,5,0,5,0
2020-04-24,Solano,095,438530,294,0,294,4
2020-04-24,Sonoma,097,501317,250,0,250,2
2020-04-24,Stanislaus,099,539301,395,4,399,5
2020-04-24,Sutter,101,95872,28,0,28,2
2020-04-24,Tehama,103,63373,1,0,1,1
2020-04-24,Trinity,105,12862,0,0,0,0
2020-04-24,Tulare,107,460477,769,5,774,33
2020-04-24,Tuolumne,109,53932,3,0,3,0
2020-04-24,Ventura,111,848112,616,1,617,15
2020-04-24,Yolo,113,214977,180,0,180,14
2020-04-24,Yuba,115,75493,16,0,16,1
2020-04-23,Alameda,001,1643700,1652,2,1654,60
2020-04-23,Alpine,002,1148,1,0,1,0
2020-04-23,Amador,005,37829,8,0,8,0
2020-04-23,Butte,007,227075,26,2,28,0
2020-04-23,Calaveras,009,45235,13,0,13,0
2020-04-23,Colusa,011,21464,3,0,3,0
2020-04-23,Contra Costa,013,1133247,923,0,923,25
2020-04-23,Del Norte,015,27424,2,0,2,0
2020-04-23,El Dorado,017,186661,55,0,55,0
2020-04-23,Fresno,019,978130,771,6,777,7
2020-04-23,Glenn,021,27897,5,0,5,0
2020-04-23,Humboldt,023,135768,59,0,59,0
2020-04-23,Imperial,025,180216,397,0,397,9
2020-04-23,Inyo,027,18085,19,0,19,0
2020-04-23,Kern,029,883053,972,1,973,4
2020-04-23,Kings,031,150075,123,0,123,1
2020-04-23,Lake,033,64148,6,0,6,0
2020-04-23,Lassen,035,31185,3,2,5,0
2020-04-23,Los Angeles,037,10098052,23669,21,23690,966
2020-04-23,Madera,039,155013,77,1,78,2
2020-04-23,Marin,041,260295,35,1,36,10
2020-04-23,Mariposa,043,17540,7,0,7,0
2020-04-23,Mendocino,045,87422,9,0,9,0
2020-04-23,Merced,047,269075,160,0,160,3
2020-04-23,Modoc,049,8938,0,0,0,0
2020-04-23,Mono,051,14174,30,0,30,1
2020-04-23,Monterey,053,433212,233,0,233,4
2020-04-23,Napa,055,140530,68,0,68,2
2020-04-23,Nevada,057,99092,41,1,42,1
2020-04-23,Orange,059,3164182,2908,24,2932,47
2020-04-23,Placer,061,380077,160,0,160,8
2020-04-23,Plumas,063,18699,4,0,4,0
2020-04-23,Riverside,065,2383286,4232,14,4246,120
2020-04-23,Sacramento,067,1510023,1065,0,1065,40
2020-04-23,San Benito,069,59416,47,0,47,2
2020-04-23,San Bernardino,071,2135413,2151,1,2152,89
2020-04-23,San Diego,073,3302833,3694,0,3694,115
2020-04-23,San Francisco,075,870044,1600,0,1600,29
2020-04-23,San Joaquin,077,732212,549,3,552,23
2020-04-23,San Luis Obispo,079,281455,236,3,239,1
2020-04-23,San Mateo,081,765935,1291,2,1293,48
2020-04-23,Santa Barbara,083,443738,490,2,492,6
2020-04-23,Santa Clara,085,1922200,2449,5,2454,100
2020-04-23,Santa Cruz,087,273765,137,0,137,2
2020-04-23,Shasta,089,179085,35,0,35,4
2020-04-23,Sierra,091,2930,0,0,0,0
2020-04-23,Siskiyou,093,43540,5,0,5,0
2020-04-23,Solano,095,438530,275,0,275,4
2020-04-23,Sonoma,097,501317,238,0,238,2
2020-04-23,Stanislaus,099,539301,391,4,395,5
2020-04-23,Sutter,101,95872,28,0,28,2
2020-04-23,Tehama,103,63373,1,0,1,1
2020-04-23,Trinity,105,12862,0,0,0,0
2020-04-23,Tulare,107,460477,740,5,745,31
2020-04-23,Tuolumne,109,53932,3,0,3,0
2020-04-23,Ventura,111,848112,602,1,603,15
2020-04-23,Yolo,113,214977,177,0,177,13
2020-04-23,Yuba,115,75493,16,0,16,1
2020-04-22,Alameda,001,1643700,1603,2,1605,58
2020-04-22,Alpine,002,1148,1,0,1,0
2020-04-22,Amador,005,37829,8,0,8,0
2020-04-22,Butte,007,227075,25,2,27,0
2020-04-22,Calaveras,009,45235,13,0,13,0
2020-04-22,Colusa,011,21464,3,0,3,0
2020-04-22,Contra Costa,013,1133247,908,0,908,24
2020-04-22,Del Norte,015,27424,2,0,2,0
2020-04-22,El Dorado,017,186661,55,0,55,0
2020-04-22,Fresno,019,978130,731,6,737,7
2020-04-22,Glenn,021,27897,5,0,5,0
2020-04-22,Humboldt,023,135768,59,0,59,0
2020-04-22,Imperial,025,180216,387,0,387,7
2020-04-22,Inyo,027,18085,19,0,19,0
2020-04-22,Kern,029,883053,950,1,951,4
2020-04-22,Kings,031,150075,102,0,102,1
2020-04-22,Lake,033,64148,6,0,6,0
2020-04-22,Lassen,035,31185,3,2,5,0
2020-04-22,Los Angeles,037,10098052,22643,21,22664,913
2020-04-22,Madera,039,155013,75,1,76,2
2020-04-22,Marin,041,260295,35,1,36,10
2020-04-22,Mariposa,043,17540,6,0,6,0
2020-04-22,Mendocino,045,87422,6,0,6,0
2020-04-22,Merced,047,269075,146,0,146,3
2020-04-22,Modoc,049,8938,0,0,0,0
2020-04-22,Mono,051,14174,29,0,29,1
2020-04-22,Monterey,053,433212,226,0,226,4
2020-04-22,Napa,055,140530,67,0,67,2
2020-04-22,Nevada,057,99092,41,1,42,1
2020-04-22,Orange,059,3164182,2814,23,2837,43
2020-04-22,Placer,061,380077,158,0,158,8
2020-04-22,Plumas,063,18699,4,0,4,0
2020-04-22,Riverside,065,2383286,4128,14,4142,117
2020-04-22,Sacramento,067,1510023,1060,0,1060,40
2020-04-22,San Benito,069,59416,46,0,46,2
2020-04-22,San Bernardino,071,2135413,2088,1,2089,85
2020-04-22,San Diego,073,3302833,3566,0,3566,106
2020-04-22,San Francisco,075,870044,1563,0,1563,28
2020-04-22,San Joaquin,077,732212,538,3,541,21
2020-04-22,San Luis Obispo,079,281455,227,3,230,1
2020-04-22,San Mateo,081,765935,1268,2,1270,43
2020-04-22,Santa Barbara,083,443738,485,2,487,5
2020-04-22,Santa Clara,085,1922200,2433,5,2438,99
2020-04-22,Santa Cruz,087,273765,133,0,133,2
2020-04-22,Shasta,089,179085,34,0,34,4
2020-04-22,Sierra,091,2930,0,0,0,0
2020-04-22,Siskiyou,093,43540,5,0,5,0
2020-04-22,Solano,095,438530,254,0,254,4
2020-04-22,Sonoma,097,501317,235,0,235,2
2020-04-22,Stanislaus,099,539301,334,4,338,5
2020-04-22,Sutter,101,95872,28,0,28,2
2020-04-22,Tehama,103,63373,1,0,1,1
2020-04-22,Trinity,105,12862,0,0,0,0
2020-04-22,Tulare,107,460477,706,5,711,30
2020-04-22,Tuolumne,109,53932,3,0,3,0
2020-04-22,Ventura,111,848112,591,1,592,15
2020-04-22,Yolo,113,214977,176,0,176,13
2020-04-22,Yuba,115,75493,16,0,16,1
2020-04-21,Alameda,001,1643700,1573,2,1575,56
2020-04-21,Alpine,002,1148,1,0,1,0
2020-04-21,Amador,005,37829,8,0,8,0
2020-04-21,Butte,007,227075,24,2,26,0
2020-04-21,Calaveras,009,45235,12,0,12,0
2020-04-21,Colusa,011,21464,3,0,3,0
2020-04-21,Contra Costa,013,1133247,894,0,894,24
2020-04-21,Del Norte,015,27424,2,0,2,0
2020-04-21,El Dorado,017,186661,54,0,54,0
2020-04-21,Fresno,019,978130,697,6,703,7
2020-04-21,Glenn,021,27897,5,0,5,0
2020-04-21,Humboldt,023,135768,58,0,58,0
2020-04-21,Imperial,025,180216,366,0,366,7
2020-04-21,Inyo,027,18085,19,0,19,0
2020-04-21,Kern,029,883053,908,1,909,4
2020-04-21,Kings,031,150075,88,0,88,1
2020-04-21,Lake,033,64148,6,0,6,0
2020-04-21,Lassen,035,31185,3,2,5,0
2020-04-21,Los Angeles,037,10098052,21780,21,21801,862
2020-04-21,Madera,039,155013,75,1,76,2
2020-04-21,Marin,041,260295,34,1,35,9
2020-04-21,Mariposa,043,17540,5,0,5,0
2020-04-21,Mendocino,045,87422,6,0,6,0
2020-04-21,Merced,047,269075,142,0,142,3
2020-04-21,Modoc,049,8938,0,0,0,0
2020-04-21,Mono,051,14174,29,0,29,1
2020-04-21,Monterey,053,433212,223,0,223,4
2020-04-21,Napa,055,140530,66,0,66,2
2020-04-21,Nevada,057,99092,41,1,42,1
2020-04-21,Orange,059,3164182,2691,22,2713,41
2020-04-21,Placer,061,380077,156,0,156,8
2020-04-21,Plumas,063,18699,4,0,4,0
2020-04-21,Riverside,065,2383286,3995,14,4009,110
2020-04-21,Sacramento,067,1510023,1050,0,1050,37
2020-04-21,San Benito,069,59416,44,0,44,2
2020-04-21,San Bernardino,071,2135413,2028,1,2029,81
2020-04-21,San Diego,073,3302833,3410,0,3410,105
2020-04-21,San Francisco,075,870044,1533,0,1533,27
2020-04-21,San Joaquin,077,732212,528,3,531,21
2020-04-21,San Luis Obispo,079,281455,219,3,222,1
2020-04-21,San Mateo,081,765935,1222,2,1224,43
2020-04-21,Santa Barbara,083,443738,476,2,478,5
2020-04-21,Santa Clara,085,1922200,2383,5,2388,96
2020-04-21,Santa Cruz,087,273765,131,0,131,2
2020-04-21,Shasta,089,179085,33,0,33,3
2020-04-21,Sierra,091,2930,0,0,0,0
2020-04-21,Siskiyou,093,43540,5,0,5,0
2020-04-21,Solano,095,438530,246,0,246,3
2020-04-21,Sonoma,097,501317,225,0,225,2
2020-04-21,Stanislaus,099,539301,315,4,319,4
2020-04-21,Sutter,101,95872,28,0,28,2
2020-04-21,Tehama,103,63373,1,0,1,1
2020-04-21,Trinity,105,12862,0,0,0,0
2020-04-21,Tulare,107,460477,669,5,674,25
2020-04-21,Tuolumne,109,53932,3,0,3,0
2020-04-21,Ventura,111,848112,579,1,580,15
2020-04-21,Yolo,113,214977,174,0,174,12
2020-04-21,Yuba,115,75493,16,0,16,1
2020-04-20,Alameda,001,1643700,1540,2,1542,55
2020-04-20,Alpine,002,1148,1,0,1,0
2020-04-20,Amador,005,37829,8,0,8,0
2020-04-20,Butte,007,227075,23,2,25,0
2020-04-20,Calaveras,009,45235,12,0,12,0
2020-04-20,Colusa,011,21464,3,0,3,0
2020-04-20,Contra Costa,013,1133247,884,0,884,24
2020-04-20,Del Norte,015,27424,2,0,2,0
2020-04-20,El Dorado,017,186661,54,0,54,0
2020-04-20,Fresno,019,978130,679,6,685,7
2020-04-20,Glenn,021,27897,4,0,4,0
2020-04-20,Humboldt,023,135768,58,0,58,0
2020-04-20,Imperial,025,180216,347,0,347,6
2020-04-20,Inyo,027,18085,19,0,19,0
2020-04-20,Kern,029,883053,876,1,877,4
2020-04-20,Kings,031,150075,77,0,77,1
2020-04-20,Lake,033,64148,6,0,6,0
2020-04-20,Lassen,035,31185,3,2,5,0
2020-04-20,Los Angeles,037,10098052,20869,20,20889,819
2020-04-20,Madera,039,155013,74,1,75,2
2020-04-20,Marin,041,260295,33,1,34,9
2020-04-20,Mariposa,043,17540,5,0,5,0
2020-04-20,Mendocino,045,87422,6,0,6,0
2020-04-20,Merced,047,269075,135,0,135,3
2020-04-20,Modoc,049,8938,0,0,0,0
2020-04-20,Mono,051,14174,29,0,29,1
2020-04-20,Monterey,053,433212,214,0,214,4
2020-04-20,Napa,055,140530,66,0,66,2
2020-04-20,Nevada,057,99092,41,1,42,1
2020-04-20,Orange,059,3164182,2607,22,2629,37
2020-04-20,Placer,061,380077,155,0,155,8
2020-04-20,Plumas,063,18699,4,0,4,0
2020-04-20,Riverside,065,2383286,3870,14,3884,101
2020-04-20,Sacramento,067,1510023,1040,0,1040,35
2020-04-20,San Benito,069,59416,44,0,44,2
2020-04-20,San Bernardino,071,2135413,1941,1,1942,80
2020-04-20,San Diego,073,3302833,3268,0,3268,102
2020-04-20,San Francisco,075,870044,1501,0,1501,27
2020-04-20,San Joaquin,077,732212,524,3,527,20
2020-04-20,San Luis Obispo,079,281455,205,3,208,1
2020-04-20,San Mateo,081,765935,1199,2,1201,42
2020-04-20,Santa Barbara,083,443738,469,2,471,5
2020-04-20,Santa Clara,085,1922200,2352,5,2357,93
2020-04-20,Santa Cruz,087,273765,129,0,129,2
2020-04-20,Shasta,089,179085,33,0,33,3
2020-04-20,Sierra,091,2930,0,0,0,0
2020-04-20,Siskiyou,093,43540,5,0,5,0
2020-04-20,Solano,095,438530,243,0,243,3
2020-04-20,Sonoma,097,501317,217,0,217,2
2020-04-20,Stanislaus,099,539301,301,4,305,4
2020-04-20,Sutter,101,95872,27,0,27,2
2020-04-20,Tehama,103,63373,1,0,1,1
2020-04-20,Trinity,105,12862,0,0,0,0
2020-04-20,Tulare,107,460477,659,5,664,22
2020-04-20,Tuolumne,109,53932,3,0,3,0
2020-04-20,Ventura,111,848112,565,1,566,15
2020-04-20,Yolo,113,214977,173,0,173,12
2020-04-20,Yuba,115,75493,16,0,16,1
2020-04-19,Alameda,001,1643700,1490,2,1492,53
2020-04-19,Alpine,002,1148,1,0,1,0
2020-04-19,Amador,005,37829,7,0,7,0
2020-04-19,Butte,007,227075,22,2,24,0
2020-04-19,Calaveras,009,45235,12,0,12,0
2020-04-19,Colusa,011,21464,3,0,3,0
2020-04-19,Contra Costa,013,1133247,868,0,868,23
2020-04-19,Del Norte,015,27424,2,0,2,0
2020-04-19,El Dorado,017,186661,54,0,54,0
2020-04-19,Fresno,019,978130,643,6,649,7
2020-04-19,Glenn,021,27897,4,0,4,0
2020-04-19,Humboldt,023,135768,58,0,58,0
2020-04-19,Imperial,025,180216,319,0,319,5
2020-04-19,Inyo,027,18085,19,0,19,0
2020-04-19,Kern,029,883053,851,1,852,3
2020-04-19,Kings,031,150075,67,0,67,1
2020-04-19,Lake,033,64148,6,0,6,0
2020-04-19,Lassen,035,31185,3,2,5,0
2020-04-19,Los Angeles,037,10098052,19862,20,19882,768
2020-04-19,Madera,039,155013,72,1,73,2
2020-04-19,Marin,041,260295,33,1,34,9
2020-04-19,Mariposa,043,17540,2,0,2,0
2020-04-19,Mendocino,045,87422,6,0,6,0
2020-04-19,Merced,047,269075,130,0,130,3
2020-04-19,Modoc,049,8938,0,0,0,0
2020-04-19,Mono,051,14174,29,0,29,1
2020-04-19,Monterey,053,433212,205,0,205,4
2020-04-19,Napa,055,140530,64,0,64,2
2020-04-19,Nevada,057,99092,40,1,41,1
2020-04-19,Orange,059,3164182,2510,21,2531,37
2020-04-19,Placer,061,380077,154,0,154,8
2020-04-19,Plumas,063,18699,4,0,4,0
2020-04-19,Riverside,065,2383286,3727,14,3741,96
2020-04-19,Sacramento,067,1510023,1013,0,1013,34
2020-04-19,San Benito,069,59416,42,0,42,2
2020-04-19,San Bernardino,071,2135413,1878,1,1879,73
2020-04-19,San Diego,073,3302833,3101,0,3101,96
2020-04-19,San Francisco,075,870044,1468,0,1468,27
2020-04-19,San Joaquin,077,732212,506,3,509,18
2020-04-19,San Luis Obispo,079,281455,200,3,203,1
2020-04-19,San Mateo,081,765935,1163,2,1165,42
2020-04-19,Santa Barbara,083,443738,462,2,464,4
2020-04-19,Santa Clara,085,1922200,2307,5,2312,88
2020-04-19,Santa Cruz,087,273765,126,0,126,2
2020-04-19,Shasta,089,179085,31,0,31,3
2020-04-19,Sierra,091,2930,0,0,0,0
2020-04-19,Siskiyou,093,43540,5,0,5,0
2020-04-19,Solano,095,438530,233,0,233,2
2020-04-19,Sonoma,097,501317,211,0,211,2
2020-04-19,Stanislaus,099,539301,293,4,297,4
2020-04-19,Sutter,101,95872,26,0,26,2
2020-04-19,Tehama,103,63373,1,0,1,1
2020-04-19,Trinity,105,12862,0,0,0,0
2020-04-19,Tulare,107,460477,613,5,618,22
2020-04-19,Tuolumne,109,53932,3,0,3,0
2020-04-19,Ventura,111,848112,557,1,558,13
2020-04-19,Yolo,113,214977,173,0,173,11
2020-04-19,Yuba,115,75493,16,0,16,1
2020-04-18,Alameda,001,1643700,1465,2,1467,52
2020-04-18,Alpine,002,1148,1,0,1,0
2020-04-18,Amador,005,37829,7,0,7,0
2020-04-18,Butte,007,227075,21,2,23,0
2020-04-18,Calaveras,009,45235,12,0,12,0
2020-04-18,Colusa,011,21464,3,0,3,0
2020-04-18,Contra Costa,013,1133247,856,0,856,23
2020-04-18,Del Norte,015,27424,2,0,2,0
2020-04-18,El Dorado,017,186661,54,0,54,0
2020-04-18,Fresno,019,978130,622,6,628,7
2020-04-18,Glenn,021,27897,4,0,4,0
2020-04-18,Humboldt,023,135768,58,0,58,0
2020-04-18,Imperial,025,180216,309,0,309,4
2020-04-18,Inyo,027,18085,19,0,19,0
2020-04-18,Kern,029,883053,829,1,830,3
2020-04-18,Kings,031,150075,66,0,66,1
2020-04-18,Lake,033,64148,6,0,6,0
2020-04-18,Lassen,035,31185,3,2,5,0
2020-04-18,Los Angeles,037,10098052,19333,20,19353,729
2020-04-18,Madera,039,155013,71,1,72,2
2020-04-18,Marin,041,260295,33,1,34,9
2020-04-18,Mariposa,043,17540,2,0,2,0
2020-04-18,Mendocino,045,87422,6,0,6,0
2020-04-18,Merced,047,269075,128,0,128,3
2020-04-18,Modoc,049,8938,0,0,0,0
2020-04-18,Mono,051,14174,29,0,29,1
2020-04-18,Monterey,053,433212,201,0,201,4
2020-04-18,Napa,055,140530,64,0,64,2
2020-04-18,Nevada,057,99092,39,1,40,1
2020-04-18,Orange,059,3164182,2445,20,2465,36
2020-04-18,Placer,061,380077,152,0,152,8
2020-04-18,Plumas,063,18699,4,0,4,0
2020-04-18,Riverside,065,2383286,3652,14,3666,91
2020-04-18,Sacramento,067,1510023,1001,0,1001,33
2020-04-18,San Benito,069,59416,42,0,42,2
2020-04-18,San Bernardino,071,2135413,1833,1,1834,68
2020-04-18,San Diego,073,3302833,2999,0,2999,89
2020-04-18,San Francisco,075,870044,1429,0,1429,26
2020-04-18,San Joaquin,077,732212,497,3,500,18
2020-04-18,San Luis Obispo,079,281455,196,3,199,1
2020-04-18,San Mateo,081,765935,1141,2,1143,41
2020-04-18,Santa Barbara,083,443738,456,2,458,4
2020-04-18,Santa Clara,085,1922200,2274,5,2279,86
2020-04-18,Santa Cruz,087,273765,124,0,124,2
2020-04-18,Shasta,089,179085,31,0,31,3
2020-04-18,Sierra,091,2930,0,0,0,0
2020-04-18,Siskiyou,093,43540,5,0,5,0
2020-04-18,Solano,095,438530,229,0,229,2
2020-04-18,Sonoma,097,501317,207,0,207,2
2020-04-18,Stanislaus,099,539301,285,4,289,4
2020-04-18,Sutter,101,95872,26,0,26,2
2020-04-18,Tehama,103,63373,1,0,1,1
2020-04-18,Trinity,105,12862,0,0,0,0
2020-04-18,Tulare,107,460477,602,5,607,20
2020-04-18,Tuolumne,109,53932,3,0,3,0
2020-04-18,Ventura,111,848112,549,1,550,13
2020-04-18,Yolo,113,214977,171,0,171,10
2020-04-18,Yuba,115,75493,16,0,16,1
2020-04-17,Alameda,001,1643700,1410,1,1411,49
2020-04-17,Alpine,002,1148,1,0,1,0
2020-04-17,Amador,005,37829,7,0,7,0
2020-04-17,Butte,007,227075,21,2,23,0
2020-04-17,Calaveras,009,45235,12,0,12,0
2020-04-17,Colusa,011,21464,3,0,3,0
2020-04-17,Contra Costa,013,1133247,845,0,845,21
2020-04-17,Del Norte,015,27424,2,0,2,0
2020-04-17,El Dorado,017,186661,54,0,54,0
2020-04-17,Fresno,019,978130,600,6,606,7
2020-04-17,Glenn,021,27897,4,0,4,0
2020-04-17,Humboldt,023,135768,57,0,57,0
2020-04-17,Imperial,025,180216,300,0,300,4
2020-04-17,Inyo,027,18085,19,0,19,0
2020-04-17,Kern,029,883053,809,1,810,3
2020-04-17,Kings,031,150075,64,0,64,1
2020-04-17,Lake,033,64148,6,0,6,0
2020-04-17,Lassen,035,31185,3,2,5,0
2020-04-17,Los Angeles,037,10098052,18693,20,18713,687
2020-04-17,Madera,039,155013,71,1,72,2
2020-04-17,Marin,041,260295,32,1,33,9
2020-04-17,Mariposa,043,17540,1,0,1,0
2020-04-17,Mendocino,045,87422,6,0,6,0
2020-04-17,Merced,047,269075,127,0,127,3
2020-04-17,Modoc,049,8938,0,0,0,0
2020-04-17,Mono,051,14174,29,0,29,1
2020-04-17,Monterey,053,433212,196,0,196,3
2020-04-17,Napa,055,140530,62,0,62,2
2020-04-17,Nevada,057,99092,38,1,39,1
2020-04-17,Orange,059,3164182,2394,20,2414,35
2020-04-17,Placer,061,380077,152,0,152,8
2020-04-17,Plumas,063,18699,4,0,4,0
2020-04-17,Riverside,065,2383286,3525,14,3539,86
2020-04-17,Sacramento,067,1510023,994,0,994,32
2020-04-17,San Benito,069,59416,42,0,42,2
2020-04-17,San Bernardino,071,2135413,1794,1,1795,67
2020-04-17,San Diego,073,3302833,2909,0,2909,82
2020-04-17,San Francisco,075,870044,1404,0,1404,25
2020-04-17,San Joaquin,077,732212,486,3,489,18
2020-04-17,San Luis Obispo,079,281455,189,3,192,1
2020-04-17,San Mateo,081,765935,1125,2,1127,40
2020-04-17,Santa Barbara,083,443738,451,2,453,4
2020-04-17,Santa Clara,085,1922200,2238,5,2243,82
2020-04-17,Santa Cruz,087,273765,123,0,123,2
2020-04-17,Shasta,089,179085,31,0,31,3
2020-04-17,Sierra,091,2930,0,0,0,0
2020-04-17,Siskiyou,093,43540,5,0,5,0
2020-04-17,Solano,095,438530,228,0,228,2
2020-04-17,Sonoma,097,501317,204,0,204,2
2020-04-17,Stanislaus,099,539301,283,4,287,4
2020-04-17,Sutter,101,95872,26,0,26,2
2020-04-17,Tehama,103,63373,1,0,1,1
2020-04-17,Trinity,105,12862,0,0,0,0
2020-04-17,Tulare,107,460477,595,5,600,20
2020-04-17,Tuolumne,109,53932,3,0,3,0
2020-04-17,Ventura,111,848112,544,1,545,13
2020-04-17,Yolo,113,214977,170,0,170,10
2020-04-17,Yuba,115,75493,16,0,16,1
2020-04-16,Alameda,001,1643700,1377,1,1378,45
2020-04-16,Alpine,002,1148,1,0,1,0
2020-04-16,Amador,005,37829,7,0,7,0
2020-04-16,Butte,007,227075,20,2,22,0
2020-04-16,Calaveras,009,45235,12,0,12,0
2020-04-16,Colusa,011,21464,3,0,3,0
2020-04-16,Contra Costa,013,1133247,831,0,831,21
2020-04-16,Del Norte,015,27424,2,0,2,0
2020-04-16,El Dorado,017,186661,53,0,53,0
2020-04-16,Fresno,019,978130,570,6,576,7
2020-04-16,Glenn,021,27897,4,0,4,0
2020-04-16,Humboldt,023,135768,57,0,57,0
2020-04-16,Imperial,025,180216,285,0,285,3
2020-04-16,Inyo,027,18085,17,0,17,0
2020-04-16,Kern,029,883053,782,1,783,3
2020-04-16,Kings,031,150075,60,0,60,1
2020-04-16,Lake,033,64148,6,0,6,0
2020-04-16,Lassen,035,31185,3,2,5,0
2020-04-16,Los Angeles,037,10098052,17802,20,17822,645
2020-04-16,Madera,039,155013,69,1,70,2
2020-04-16,Marin,041,260295,32,1,33,9
2020-04-16,Mariposa,043,17540,1,0,1,0
2020-04-16,Mendocino,045,87422,6,0,6,0
2020-04-16,Merced,047,269075,121,0,121,3
2020-04-16,Modoc,049,8938,0,0,0,0
2020-04-16,Mono,051,14174,29,0,29,1
2020-04-16,Monterey,053,433212,193,0,193,3
2020-04-16,Napa,055,140530,59,0,59,2
2020-04-16,Nevada,057,99092,38,1,39,1
2020-04-16,Orange,059,3164182,2329,19,2348,34
2020-04-16,Placer,061,380077,150,0,150,8
2020-04-16,Plumas,063,18699,4,0,4,0
2020-04-16,Riverside,065,2383286,3405,14,3419,80
2020-04-16,Sacramento,067,1510023,986,0,986,32
2020-04-16,San Benito,069,59416,42,0,42,2
2020-04-16,San Bernardino,071,2135413,1713,0,1713,63
2020-04-16,San Diego,073,3302833,2801,0,2801,75
2020-04-16,San Francisco,075,870044,1360,0,1360,25
2020-04-16,San Joaquin,077,732212,471,3,474,18
2020-04-16,San Luis Obispo,079,281455,185,3,188,1
2020-04-16,San Mateo,081,765935,1096,2,1098,40
2020-04-16,Santa Barbara,083,443738,440,2,442,3
2020-04-16,Santa Clara,085,1922200,2201,5,2206,77
2020-04-16,Santa Cruz,087,273765,121,0,121,2
2020-04-16,Shasta,089,179085,31,0,31,3
2020-04-16,Sierra,091,2930,0,0,0,0
2020-04-16,Siskiyou,093,43540,5,0,5,0
2020-04-16,Solano,095,438530,225,0,225,2
2020-04-16,Sonoma,097,501317,199,0,199,2
2020-04-16,Stanislaus,099,539301,280,4,284,4
2020-04-16,Sutter,101,95872,25,0,25,2
2020-04-16,Tehama,103,63373,1,0,1,1
2020-04-16,Trinity,105,12862,0,0,0,0
2020-04-16,Tulare,107,460477,578,5,583,18
2020-04-16,Tuolumne,109,53932,3,0,3,0
2020-04-16,Ventura,111,848112,532,1,533,13
2020-04-16,Yolo,113,214977,168,0,168,9
2020-04-16,Yuba,115,75493,15,0,15,1
2020-04-15,Alameda,001,1643700,1327,1,1328,45
2020-04-15,Alpine,002,1148,1,0,1,0
2020-04-15,Amador,005,37829,7,0,7,0
2020-04-15,Butte,007,227075,20,2,22,0
2020-04-15,Calaveras,009,45235,11,0,11,0
2020-04-15,Colusa,011,21464,3,0,3,0
2020-04-15,Contra Costa,013,1133247,809,0,809,19
2020-04-15,Del Norte,015,27424,2,0,2,0
2020-04-15,El Dorado,017,186661,51,0,51,0
2020-04-15,Fresno,019,978130,544,6,550,7
2020-04-15,Glenn,021,27897,4,0,4,0
2020-04-15,Humboldt,023,135768,57,0,57,0
2020-04-15,Imperial,025,180216,259,0,259,3
2020-04-15,Inyo,027,18085,17,0,17,0
2020-04-15,Kern,029,883053,760,1,761,3
2020-04-15,Kings,031,150075,56,0,56,1
2020-04-15,Lake,033,64148,6,0,6,0
2020-04-15,Lassen,035,31185,3,2,5,0
2020-04-15,Los Angeles,037,10098052,16979,18,16997,581
2020-04-15,Madera,039,155013,69,1,70,2
2020-04-15,Marin,041,260295,32,1,33,9
2020-04-15,Mariposa,043,17540,0,0,0,0
2020-04-15,Mendocino,045,87422,5,0,5,0
2020-04-15,Merced,047,269075,119,0,119,3
2020-04-15,Modoc,049,8938,0,0,0,0
2020-04-15,Mono,051,14174,29,0,29,1
2020-04-15,Monterey,053,433212,185,0,185,3
2020-04-15,Napa,055,140530,56,0,56,2
2020-04-15,Nevada,057,99092,37,1,38,1
2020-04-15,Orange,059,3164182,2226,19,2245,31
2020-04-15,Placer,061,380077,149,0,149,7
2020-04-15,Plumas,063,18699,4,0,4,0
2020-04-15,Riverside,065,2383286,3210,14,3224,74
2020-04-15,Sacramento,067,1510023,977,0,977,32
2020-04-15,San Benito,069,59416,42,0,42,2
2020-04-15,San Bernardino,071,2135413,1643,0,1643,55
2020-04-15,San Diego,073,3302833,2713,0,2713,70
2020-04-15,San Francisco,075,870044,1324,0,1324,24
2020-04-15,San Joaquin,077,732212,463,3,466,18
2020-04-15,San Luis Obispo,079,281455,177,3,180,1
2020-04-15,San Mateo,081,765935,1047,2,1049,36
2020-04-15,Santa Barbara,083,443738,424,2,426,3
2020-04-15,Santa Clara,085,1922200,2162,5,2167,74
2020-04-15,Santa Cruz,087,273765,117,0,117,2
2020-04-15,Shasta,089,179085,31,0,31,3
2020-04-15,Sierra,091,2930,0,0,0,0
2020-04-15,Siskiyou,093,43540,5,0,5,0
2020-04-15,Solano,095,438530,220,0,220,2
2020-04-15,Sonoma,097,501317,197,0,197,2
2020-04-15,Stanislaus,099,539301,273,4,277,4
2020-04-15,Sutter,101,95872,25,0,25,2
2020-04-15,Tehama,103,63373,1,0,1,1
2020-04-15,Trinity,105,12862,0,0,0,0
2020-04-15,Tulare,107,460477,560,5,565,17
2020-04-15,Tuolumne,109,53932,3,0,3,0
2020-04-15,Ventura,111,848112,517,1,518,13
2020-04-15,Yolo,113,214977,161,0,161,8
2020-04-15,Yuba,115,75493,15,0,15,1
2020-04-14,Alameda,001,1643700,1282,1,1283,44
2020-04-14,Alpine,002,1148,1,0,1,0
2020-04-14,Amador,005,37829,7,0,7,0
2020-04-14,Butte,007,227075,20,2,22,0
2020-04-14,Calaveras,009,45235,11,0,11,0
2020-04-14,Colusa,011,21464,3,0,3,0
2020-04-14,Contra Costa,013,1133247,797,0,797,16
2020-04-14,Del Norte,015,27424,2,0,2,0
2020-04-14,El Dorado,017,186661,51,0,51,0
2020-04-14,Fresno,019,978130,521,6,527,7
2020-04-14,Glenn,021,27897,4,0,4,0
2020-04-14,Humboldt,023,135768,57,0,57,0
2020-04-14,Imperial,025,180216,239,0,239,3
2020-04-14,Inyo,027,18085,17,0,17,0
2020-04-14,Kern,029,883053,736,1,737,3
2020-04-14,Kings,031,150075,55,0,55,1
2020-04-14,Lake,033,64148,6,0,6,0
2020-04-14,Lassen,035,31185,3,2,5,0
2020-04-14,Los Angeles,037,10098052,16086,17,16103,544
2020-04-14,Madera,039,155013,68,1,69,2
2020-04-14,Marin,041,260295,32,1,33,9
2020-04-14,Mariposa,043,17540,0,0,0,0
2020-04-14,Mendocino,045,87422,5,0,5,0
2020-04-14,Merced,047,269075,112,0,112,3
2020-04-14,Modoc,049,8938,0,0,0,0
2020-04-14,Mono,051,14174,29,0,29,1
2020-04-14,Monterey,053,433212,180,0,180,3
2020-04-14,Napa,055,140530,56,0,56,2
2020-04-14,Nevada,057,99092,37,1,38,1
2020-04-14,Orange,059,3164182,2126,19,2145,28
2020-04-14,Placer,061,380077,148,0,148,7
2020-04-14,Plumas,063,18699,4,0,4,0
2020-04-14,Riverside,065,2383286,3075,14,3089,65
2020-04-14,Sacramento,067,1510023,968,0,968,32
2020-04-14,San Benito,069,59416,39,0,39,2
2020-04-14,San Bernardino,071,2135413,1588,0,1588,52
2020-04-14,San Diego,073,3302833,2618,0,2618,65
2020-04-14,San Francisco,075,870044,1270,0,1270,23
2020-04-14,San Joaquin,077,732212,453,3,456,18
2020-04-14,San Luis Obispo,079,281455,174,3,177,1
2020-04-14,San Mateo,081,765935,1013,2,1015,36
2020-04-14,Santa Barbara,083,443738,400,2,402,3
2020-04-14,Santa Clara,085,1922200,2129,5,2134,70
2020-04-14,Santa Cruz,087,273765,109,0,109,2
2020-04-14,Shasta,089,179085,31,0,31,3
2020-04-14,Sierra,091,2930,0,0,0,0
2020-04-14,Siskiyou,093,43540,5,0,5,0
2020-04-14,Solano,095,438530,217,0,217,2
2020-04-14,Sonoma,097,501317,193,0,193,2
2020-04-14,Stanislaus,099,539301,260,4,264,4
2020-04-14,Sutter,101,95872,24,0,24,2
2020-04-14,Tehama,103,63373,1,0,1,1
2020-04-14,Trinity,105,12862,0,0,0,0
2020-04-14,Tulare,107,460477,536,5,541,16
2020-04-14,Tuolumne,109,53932,3,0,3,0
2020-04-14,Ventura,111,848112,504,1,505,13
2020-04-14,Yolo,113,214977,158,0,158,7
2020-04-14,Yuba,115,75493,14,0,14,1
2020-04-13,Alameda,001,1643700,1244,1,1245,40
2020-04-13,Alpine,002,1148,1,0,1,0
2020-04-13,Amador,005,37829,7,0,7,0
2020-04-13,Butte,007,227075,19,2,21,0
2020-04-13,Calaveras,009,45235,10,0,10,0
2020-04-13,Colusa,011,21464,3,0,3,0
2020-04-13,Contra Costa,013,1133247,781,0,781,14
2020-04-13,Del Norte,015,27424,2,0,2,0
2020-04-13,El Dorado,017,186661,49,0,49,0
2020-04-13,Fresno,019,978130,499,5,504,7
2020-04-13,Glenn,021,27897,4,0,4,0
2020-04-13,Humboldt,023,135768,57,0,57,0
2020-04-13,Imperial,025,180216,221,0,221,3
2020-04-13,Inyo,027,18085,17,0,17,0
2020-04-13,Kern,029,883053,711,1,712,3
2020-04-13,Kings,031,150075,51,0,51,1
2020-04-13,Lake,033,64148,6,0,6,0
2020-04-13,Lassen,035,31185,3,2,5,0
2020-04-13,Los Angeles,037,10098052,15365,17,15382,493
2020-04-13,Madera,039,155013,66,1,67,2
2020-04-13,Marin,041,260295,32,1,33,9
2020-04-13,Mariposa,043,17540,0,0,0,0
2020-04-13,Mendocino,045,87422,5,0,5,0
2020-04-13,Merced,047,269075,111,0,111,3
2020-04-13,Modoc,049,8938,0,0,0,0
2020-04-13,Mono,051,14174,29,0,29,1
2020-04-13,Monterey,053,433212,173,0,173,3
2020-04-13,Napa,055,140530,55,0,55,2
2020-04-13,Nevada,057,99092,37,1,38,1
2020-04-13,Orange,059,3164182,2054,19,2073,26
2020-04-13,Placer,061,380077,147,0,147,5
2020-04-13,Plumas,063,18699,4,0,4,0
2020-04-13,Riverside,065,2383286,2934,13,2947,60
2020-04-13,Sacramento,067,1510023,956,0,956,32
2020-04-13,San Benito,069,59416,38,0,38,2
2020-04-13,San Bernardino,071,2135413,1513,0,1513,46
2020-04-13,San Diego,073,3302833,2535,0,2535,61
2020-04-13,San Francisco,075,870044,1232,0,1232,20
2020-04-13,San Joaquin,077,732212,438,3,441,18
2020-04-13,San Luis Obispo,079,281455,169,3,172,1
2020-04-13,San Mateo,081,765935,973,2,975,34
2020-04-13,Santa Barbara,083,443738,381,1,382,2
2020-04-13,Santa Clara,085,1922200,2083,5,2088,68
2020-04-13,Santa Cruz,087,273765,103,0,103,1
2020-04-13,Shasta,089,179085,30,0,30,3
2020-04-13,Sierra,091,2930,0,0,0,0
2020-04-13,Siskiyou,093,43540,5,0,5,0
2020-04-13,Solano,095,438530,213,0,213,2
2020-04-13,Sonoma,097,501317,186,0,186,2
2020-04-13,Stanislaus,099,539301,254,4,258,4
2020-04-13,Sutter,101,95872,24,0,24,2
2020-04-13,Tehama,103,63373,1,0,1,1
2020-04-13,Trinity,105,12862,0,0,0,0
2020-04-13,Tulare,107,460477,500,5,505,14
2020-04-13,Tuolumne,109,53932,3,0,3,0
2020-04-13,Ventura,111,848112,483,0,483,13
2020-04-13,Yolo,113,214977,152,0,152,5
2020-04-13,Yuba,115,75493,14,0,14,1
2020-04-12,Alameda,001,1643700,1201,1,1202,37
2020-04-12,Alpine,002,1148,1,0,1,0
2020-04-12,Amador,005,37829,7,0,7,0
2020-04-12,Butte,007,227075,19,2,21,0
2020-04-12,Calaveras,009,45235,10,0,10,0
2020-04-12,Colusa,011,21464,3,0,3,0
2020-04-12,Contra Costa,013,1133247,768,0,768,13
2020-04-12,Del Norte,015,27424,2,0,2,0
2020-04-12,El Dorado,017,186661,49,0,49,0
2020-04-12,Fresno,019,978130,470,5,475,7
2020-04-12,Glenn,021,27897,4,0,4,0
2020-04-12,Humboldt,023,135768,57,0,57,0
2020-04-12,Imperial,025,180216,198,0,198,3
2020-04-12,Inyo,027,18085,15,0,15,0
2020-04-12,Kern,029,883053,679,0,679,3
2020-04-12,Kings,031,150075,49,0,49,1
2020-04-12,Lake,033,64148,6,0,6,0
2020-04-12,Lassen,035,31185,3,2,5,0
2020-04-12,Los Angeles,037,10098052,14645,17,14662,449
2020-04-12,Madera,039,155013,65,1,66,2
2020-04-12,Marin,041,260295,30,1,31,9
2020-04-12,Mariposa,043,17540,0,0,0,0
2020-04-12,Mendocino,045,87422,5,0,5,0
2020-04-12,Merced,047,269075,107,0,107,3
2020-04-12,Modoc,049,8938,0,0,0,0
2020-04-12,Mono,051,14174,29,0,29,1
2020-04-12,Monterey,053,433212,159,0,159,3
2020-04-12,Napa,055,140530,53,0,53,2
2020-04-12,Nevada,057,99092,37,1,38,1
2020-04-12,Orange,059,3164182,1994,18,2012,23
2020-04-12,Placer,061,380077,146,0,146,5
2020-04-12,Plumas,063,18699,4,0,4,0
2020-04-12,Riverside,065,2383286,2752,13,2765,53
2020-04-12,Sacramento,067,1510023,919,0,919,29
2020-04-12,San Benito,069,59416,36,0,36,2
2020-04-12,San Bernardino,071,2135413,1437,0,1437,42
2020-04-12,San Diego,073,3302833,2445,0,2445,55
2020-04-12,San Francisco,075,870044,1205,0,1205,19
2020-04-12,San Joaquin,077,732212,420,3,423,17
2020-04-12,San Luis Obispo,079,281455,166,2,168,1
2020-04-12,San Mateo,081,765935,947,2,949,33
2020-04-12,Santa Barbara,083,443738,362,1,363,2
2020-04-12,Santa Clara,085,1922200,2055,5,2060,67
2020-04-12,Santa Cruz,087,273765,102,0,102,1
2020-04-12,Shasta,089,179085,30,0,30,3
2020-04-12,Sierra,091,2930,0,0,0,0
2020-04-12,Siskiyou,093,43540,5,0,5,0
2020-04-12,Solano,095,438530,207,0,207,2
2020-04-12,Sonoma,097,501317,183,0,183,2
2020-04-12,Stanislaus,099,539301,246,4,250,2
2020-04-12,Sutter,101,95872,23,0,23,2
2020-04-12,Tehama,103,63373,1,0,1,0
2020-04-12,Trinity,105,12862,0,0,0,0
2020-04-12,Tulare,107,460477,488,5,493,14
2020-04-12,Tuolumne,109,53932,3,0,3,0
2020-04-12,Ventura,111,848112,473,0,473,13
2020-04-12,Yolo,113,214977,138,0,138,4
2020-04-12,Yuba,115,75493,14,0,14,1
2020-04-11,Alameda,001,1643700,1159,1,1160,33
2020-04-11,Alpine,002,1148,1,0,1,0
2020-04-11,Amador,005,37829,7,0,7,0
2020-04-11,Butte,007,227075,19,2,21,0
2020-04-11,Calaveras,009,45235,10,0,10,0
2020-04-11,Colusa,011,21464,3,0,3,0
2020-04-11,Contra Costa,013,1133247,759,0,759,13
2020-04-11,Del Norte,015,27424,2,0,2,0
2020-04-11,El Dorado,017,186661,48,0,48,0
2020-04-11,Fresno,019,978130,460,5,465,7
2020-04-11,Glenn,021,27897,4,0,4,0
2020-04-11,Humboldt,023,135768,57,0,57,0
2020-04-11,Imperial,025,180216,188,0,188,3
2020-04-11,Inyo,027,18085,15,0,15,0
2020-04-11,Kern,029,883053,651,0,651,3
2020-04-11,Kings,031,150075,46,0,46,1
2020-04-11,Lake,033,64148,6,0,6,0
2020-04-11,Lassen,035,31185,3,2,5,0
2020-04-11,Los Angeles,037,10098052,14169,17,14186,407
2020-04-11,Madera,039,155013,64,1,65,2
2020-04-11,Marin,041,260295,29,1,30,9
2020-04-11,Mariposa,043,17540,0,0,0,0
2020-04-11,Mendocino,045,87422,5,0,5,0
2020-04-11,Merced,047,269075,104,0,104,3
2020-04-11,Modoc,049,8938,0,0,0,0
2020-04-11,Mono,051,14174,29,0,29,1
2020-04-11,Monterey,053,433212,153,0,153,3
2020-04-11,Napa,055,140530,53,0,53,2
2020-04-11,Nevada,057,99092,37,1,38,1
2020-04-11,Orange,059,3164182,1932,18,1950,23
2020-04-11,Placer,061,380077,146,0,146,4
2020-04-11,Plumas,063,18699,4,0,4,0
2020-04-11,Riverside,065,2383286,2673,13,2686,50
2020-04-11,Sacramento,067,1510023,908,0,908,29
2020-04-11,San Benito,069,59416,36,0,36,2
2020-04-11,San Bernardino,071,2135413,1401,0,1401,37
2020-04-11,San Diego,073,3302833,2379,0,2379,50
2020-04-11,San Francisco,075,870044,1183,0,1183,19
2020-04-11,San Joaquin,077,732212,415,3,418,17
2020-04-11,San Luis Obispo,079,281455,166,1,167,1
2020-04-11,San Mateo,081,765935,935,2,937,31
2020-04-11,Santa Barbara,083,443738,354,1,355,2
2020-04-11,Santa Clara,085,1922200,1996,5,2001,61
2020-04-11,Santa Cruz,087,273765,102,0,102,1
2020-04-11,Shasta,089,179085,30,0,30,3
2020-04-11,Sierra,091,2930,0,0,0,0
2020-04-11,Siskiyou,093,43540,5,0,5,0
2020-04-11,Solano,095,438530,203,0,203,2
2020-04-11,Sonoma,097,501317,181,0,181,2
2020-04-11,Stanislaus,099,539301,238,3,241,2
2020-04-11,Sutter,101,95872,23,0,23,2
2020-04-11,Tehama,103,63373,1,0,1,0
2020-04-11,Trinity,105,12862,0,0,0,0
2020-04-11,Tulare,107,460477,466,5,471,14
2020-04-11,Tuolumne,109,53932,3,0,3,0
2020-04-11,Ventura,111,848112,463,0,463,13
2020-04-11,Yolo,113,214977,135,0,135,4
2020-04-11,Yuba,115,75493,14,0,14,1
2020-04-10,Alameda,001,1643700,1118,1,1119,30
2020-04-10,Alpine,002,1148,1,0,1,0
2020-04-10,Amador,005,37829,7,0,7,0
2020-04-10,Butte,007,227075,19,2,21,0
2020-04-10,Calaveras,009,45235,10,0,10,0
2020-04-10,Colusa,011,21464,3,0,3,0
2020-04-10,Contra Costa,013,1133247,746,0,746,12
2020-04-10,Del Norte,015,27424,2,0,2,0
2020-04-10,El Dorado,017,186661,48,0,48,0
2020-04-10,Fresno,019,978130,453,4,457,6
2020-04-10,Glenn,021,27897,4,0,4,0
2020-04-10,Humboldt,023,135768,57,0,57,0
2020-04-10,Imperial,025,180216,181,0,181,3
2020-04-10,Inyo,027,18085,13,0,13,0
2020-04-10,Kern,029,883053,627,0,627,3
2020-04-10,Kings,031,150075,43,0,43,0
2020-04-10,Lake,033,64148,6,0,6,0
2020-04-10,Lassen,035,31185,3,2,5,0
2020-04-10,Los Angeles,037,10098052,13651,14,13665,376
2020-04-10,Madera,039,155013,63,1,64,2
2020-04-10,Marin,041,260295,29,1,30,9
2020-04-10,Mariposa,043,17540,0,0,0,0
2020-04-10,Mendocino,045,87422,5,0,5,0
2020-04-10,Merced,047,269075,102,0,102,3
2020-04-10,Modoc,049,8938,0,0,0,0
2020-04-10,Mono,051,14174,29,0,29,1
2020-04-10,Monterey,053,433212,142,0,142,3
2020-04-10,Napa,055,140530,50,0,50,2
2020-04-10,Nevada,057,99092,37,1,38,1
2020-04-10,Orange,059,3164182,1885,18,1903,23
2020-04-10,Placer,061,380077,145,0,145,4
2020-04-10,Plumas,063,18699,4,0,4,0
2020-04-10,Riverside,065,2383286,2607,13,2620,48
2020-04-10,Sacramento,067,1510023,899,0,899,28
2020-04-10,San Benito,069,59416,36,0,36,2
2020-04-10,San Bernardino,071,2135413,1353,0,1353,34
2020-04-10,San Diego,073,3302833,2319,0,2319,49
2020-04-10,San Francisco,075,870044,1152,0,1152,18
2020-04-10,San Joaquin,077,732212,403,3,406,16
2020-04-10,San Luis Obispo,079,281455,166,1,167,1
2020-04-10,San Mateo,081,765935,919,2,921,30
2020-04-10,Santa Barbara,083,443738,346,1,347,2
2020-04-10,Santa Clara,085,1922200,1944,5,1949,56
2020-04-10,Santa Cruz,087,273765,101,0,101,1
2020-04-10,Shasta,089,179085,30,0,30,3
2020-04-10,Sierra,091,2930,0,0,0,0
2020-04-10,Siskiyou,093,43540,5,0,5,0
2020-04-10,Solano,095,438530,200,0,200,2
2020-04-10,Sonoma,097,501317,180,0,180,2
2020-04-10,Stanislaus,099,539301,231,3,234,1
2020-04-10,Sutter,101,95872,23,0,23,2
2020-04-10,Tehama,103,63373,1,0,1,0
2020-04-10,Trinity,105,12862,0,0,0,0
2020-04-10,Tulare,107,460477,424,5,429,13
2020-04-10,Tuolumne,109,53932,3,0,3,0
2020-04-10,Ventura,111,848112,454,0,454,13
2020-04-10,Yolo,113,214977,133,0,133,4
2020-04-10,Yuba,115,75493,14,0,14,1
2020-04-09,Alameda,001,1643700,1068,1,1069,28
2020-04-09,Alpine,002,1148,1,0,1,0
2020-04-09,Amador,005,37829,7,0,7,0
2020-04-09,Butte,007,227075,19,2,21,0
2020-04-09,Calaveras,009,45235,10,0,10,0
2020-04-09,Colusa,011,21464,3,0,3,0
2020-04-09,Contra Costa,013,1133247,703,0,703,10
2020-04-09,Del Norte,015,27424,2,0,2,0
2020-04-09,El Dorado,017,186661,47,0,47,0
2020-04-09,Fresno,019,978130,427,4,431,5
2020-04-09,Glenn,021,27897,4,0,4,0
2020-04-09,Humboldt,023,135768,57,0,57,0
2020-04-09,Imperial,025,180216,160,0,160,3
2020-04-09,Inyo,027,18085,12,0,12,0
2020-04-09,Kern,029,883053,591,0,591,3
2020-04-09,Kings,031,150075,40,0,40,0
2020-04-09,Lake,033,64148,5,0,5,0
2020-04-09,Lassen,035,31185,3,2,5,0
2020-04-09,Los Angeles,037,10098052,13022,14,13036,343
2020-04-09,Madera,039,155013,63,1,64,2
2020-04-09,Marin,041,260295,29,1,30,9
2020-04-09,Mariposa,043,17540,0,0,0,0
2020-04-09,Mendocino,045,87422,5,0,5,0
2020-04-09,Merced,047,269075,98,0,98,3
2020-04-09,Modoc,049,8938,0,0,0,0
2020-04-09,Mono,051,14174,29,0,29,1
2020-04-09,Monterey,053,433212,124,0,124,3
2020-04-09,Napa,055,140530,46,0,46,2
2020-04-09,Nevada,057,99092,36,1,37,1
2020-04-09,Orange,059,3164182,1811,18,1829,20
2020-04-09,Placer,061,380077,144,0,144,4
2020-04-09,Plumas,063,18699,4,0,4,0
2020-04-09,Riverside,065,2383286,2464,13,2477,44
2020-04-09,Sacramento,067,1510023,876,0,876,26
2020-04-09,San Benito,069,59416,36,0,36,2
2020-04-09,San Bernardino,071,2135413,1284,0,1284,29
2020-04-09,San Diego,073,3302833,2223,0,2223,48
2020-04-09,San Francisco,075,870044,1132,0,1132,16
2020-04-09,San Joaquin,077,732212,382,3,385,16
2020-04-09,San Luis Obispo,079,281455,158,1,159,1
2020-04-09,San Mateo,081,765935,903,2,905,29
2020-04-09,Santa Barbara,083,443738,336,1,337,2
2020-04-09,Santa Clara,085,1922200,1874,5,1879,55
2020-04-09,Santa Cruz,087,273765,101,0,101,1
2020-04-09,Shasta,089,179085,30,0,30,3
2020-04-09,Sierra,091,2930,0,0,0,0
2020-04-09,Siskiyou,093,43540,5,0,5,0
2020-04-09,Solano,095,438530,190,0,190,2
2020-04-09,Sonoma,097,501317,176,0,176,1
2020-04-09,Stanislaus,099,539301,219,3,222,0
2020-04-09,Sutter,101,95872,23,0,23,2
2020-04-09,Tehama,103,63373,1,0,1,0
2020-04-09,Trinity,105,12862,0,0,0,0
2020-04-09,Tulare,107,460477,395,5,400,11
2020-04-09,Tuolumne,109,53932,3,0,3,0
2020-04-09,Ventura,111,848112,435,0,435,12
2020-04-09,Yolo,113,214977,124,0,124,4
2020-04-09,Yuba,115,75493,14,0,14,1
2020-04-08,Alameda,001,1643700,1026,1,1027,26
2020-04-08,Alpine,002,1148,1,0,1,0
2020-04-08,Amador,005,37829,7,0,7,0
2020-04-08,Butte,007,227075,18,2,20,0
2020-04-08,Calaveras,009,45235,10,0,10,0
2020-04-08,Colusa,011,21464,3,0,3,0
2020-04-08,Contra Costa,013,1133247,690,0,690,9
2020-04-08,Del Norte,015,27424,2,0,2,0
2020-04-08,El Dorado,017,186661,47,0,47,0
2020-04-08,Fresno,019,978130,407,4,411,5
2020-04-08,Glenn,021,27897,4,0,4,0
2020-04-08,Humboldt,023,135768,57,0,57,0
2020-04-08,Imperial,025,180216,149,0,149,3
2020-04-08,Inyo,027,18085,12,0,12,0
2020-04-08,Kern,029,883053,550,0,550,3
2020-04-08,Kings,031,150075,40,0,40,0
2020-04-08,Lake,033,64148,5,0,5,0
2020-04-08,Lassen,035,31185,3,2,5,0
2020-04-08,Los Angeles,037,10098052,12424,14,12438,302
2020-04-08,Madera,039,155013,62,1,63,2
2020-04-08,Marin,041,260295,28,1,29,9
2020-04-08,Mariposa,043,17540,0,0,0,0
2020-04-08,Mendocino,045,87422,5,0,5,0
2020-04-08,Merced,047,269075,87,0,87,3
2020-04-08,Modoc,049,8938,0,0,0,0
2020-04-08,Mono,051,14174,29,0,29,1
2020-04-08,Monterey,053,433212,115,0,115,3
2020-04-08,Napa,055,140530,44,0,44,2
2020-04-08,Nevada,057,99092,36,1,37,1
2020-04-08,Orange,059,3164182,1748,18,1766,20
2020-04-08,Placer,061,380077,144,0,144,4
2020-04-08,Plumas,063,18699,4,0,4,0
2020-04-08,Riverside,065,2383286,2307,13,2320,42
2020-04-08,Sacramento,067,1510023,842,0,842,25
2020-04-08,San Benito,069,59416,36,0,36,2
2020-04-08,San Bernardino,071,2135413,1227,0,1227,28
2020-04-08,San Diego,073,3302833,2149,0,2149,47
2020-04-08,San Francisco,075,870044,1065,0,1065,16
2020-04-08,San Joaquin,077,732212,365,3,368,16
2020-04-08,San Luis Obispo,079,281455,156,1,157,1
2020-04-08,San Mateo,081,765935,888,2,890,29
2020-04-08,Santa Barbara,083,443738,319,1,320,2
2020-04-08,Santa Clara,085,1922200,1829,5,1834,51
2020-04-08,Santa Cruz,087,273765,100,0,100,1
2020-04-08,Shasta,089,179085,30,0,30,3
2020-04-08,Sierra,091,2930,0,0,0,0
2020-04-08,Siskiyou,093,43540,5,0,5,0
2020-04-08,Solano,095,438530,176,0,176,2
2020-04-08,Sonoma,097,501317,170,0,170,1
2020-04-08,Stanislaus,099,539301,203,3,206,0
2020-04-08,Sutter,101,95872,22,0,22,2
2020-04-08,Tehama,103,63373,1,0,1,0
2020-04-08,Trinity,105,12862,0,0,0,0
2020-04-08,Tulare,107,460477,364,5,369,9
2020-04-08,Tuolumne,109,53932,3,0,3,0
2020-04-08,Ventura,111,848112,426,0,426,9
2020-04-08,Yolo,113,214977,107,0,107,4
2020-04-08,Yuba,115,75493,14,0,14,0
2020-04-07,Alameda,001,1643700,991,1,992,23
2020-04-07,Alpine,002,1148,1,0,1,0
2020-04-07,Amador,005,37829,7,0,7,0
2020-04-07,Butte,007,227075,17,2,19,0
2020-04-07,Calaveras,009,45235,9,0,9,0
2020-04-07,Colusa,011,21464,3,0,3,0
2020-04-07,Contra Costa,013,1133247,670,0,670,8
2020-04-07,Del Norte,015,27424,2,0,2,0
2020-04-07,El Dorado,017,186661,46,0,46,0
2020-04-07,Fresno,019,978130,393,4,397,3
2020-04-07,Glenn,021,27897,4,0,4,0
2020-04-07,Humboldt,023,135768,56,0,56,0
2020-04-07,Imperial,025,180216,130,0,130,3
2020-04-07,Inyo,027,18085,12,0,12,0
2020-04-07,Kern,029,883053,507,0,507,2
2020-04-07,Kings,031,150075,37,0,37,0
2020-04-07,Lake,033,64148,4,0,4,0
2020-04-07,Lassen,035,31185,3,2,5,0
2020-04-07,Los Angeles,037,10098052,11773,14,11787,261
2020-04-07,Madera,039,155013,60,0,60,2
2020-04-07,Marin,041,260295,28,1,29,9
2020-04-07,Mariposa,043,17540,0,0,0,0
2020-04-07,Mendocino,045,87422,5,0,5,0
2020-04-07,Merced,047,269075,79,0,79,2
2020-04-07,Modoc,049,8938,0,0,0,0
2020-04-07,Mono,051,14174,28,0,28,1
2020-04-07,Monterey,053,433212,106,0,106,3
2020-04-07,Napa,055,140530,42,0,42,2
2020-04-07,Nevada,057,99092,36,1,37,1
2020-04-07,Orange,059,3164182,1701,16,1717,18
2020-04-07,Placer,061,380077,139,0,139,4
2020-04-07,Plumas,063,18699,4,0,4,0
2020-04-07,Riverside,065,2383286,2150,13,2163,40
2020-04-07,Sacramento,067,1510023,812,0,812,23
2020-04-07,San Benito,069,59416,36,0,36,2
2020-04-07,San Bernardino,071,2135413,1160,0,1160,27
2020-04-07,San Diego,073,3302833,2072,0,2072,44
2020-04-07,San Francisco,075,870044,1005,0,1005,15
2020-04-07,San Joaquin,077,732212,347,3,350,15
2020-04-07,San Luis Obispo,079,281455,149,1,150,1
2020-04-07,San Mateo,081,765935,867,2,869,28
2020-04-07,Santa Barbara,083,443738,305,1,306,2
2020-04-07,Santa Clara,085,1922200,1760,4,1764,49
2020-04-07,Santa Cruz,087,273765,100,0,100,1
2020-04-07,Shasta,089,179085,29,0,29,3
2020-04-07,Sierra,091,2930,0,0,0,0
2020-04-07,Siskiyou,093,43540,5,0,5,0
2020-04-07,Solano,095,438530,171,0,171,2
2020-04-07,Sonoma,097,501317,167,0,167,1
2020-04-07,Stanislaus,099,539301,186,3,189,0
2020-04-07,Sutter,101,95872,22,0,22,2
2020-04-07,Tehama,103,63373,1,0,1,0
2020-04-07,Trinity,105,12862,0,0,0,0
2020-04-07,Tulare,107,460477,335,5,340,9
2020-04-07,Tuolumne,109,53932,3,0,3,0
2020-04-07,Ventura,111,848112,409,0,409,9
2020-04-07,Yolo,113,214977,100,0,100,4
2020-04-07,Yuba,115,75493,14,0,14,0
2020-04-06,Alameda,001,1643700,960,1,961,20
2020-04-06,Alpine,002,1148,1,0,1,0
2020-04-06,Amador,005,37829,6,0,6,0
2020-04-06,Butte,007,227075,16,2,18,0
2020-04-06,Calaveras,009,45235,9,0,9,0
2020-04-06,Colusa,011,21464,3,0,3,0
2020-04-06,Contra Costa,013,1133247,645,0,645,7
2020-04-06,Del Norte,015,27424,2,0,2,0
2020-04-06,El Dorado,017,186661,44,0,44,0
2020-04-06,Fresno,019,978130,371,4,375,3
2020-04-06,Glenn,021,27897,4,0,4,0
2020-04-06,Humboldt,023,135768,55,0,55,0
2020-04-06,Imperial,025,180216,123,0,123,3
2020-04-06,Inyo,027,18085,11,0,11,0
2020-04-06,Kern,029,883053,470,0,470,2
2020-04-06,Kings,031,150075,37,0,37,0
2020-04-06,Lake,033,64148,4,0,4,0
2020-04-06,Lassen,035,31185,3,2,5,0
2020-04-06,Los Angeles,037,10098052,11043,14,11057,232
2020-04-06,Madera,039,155013,58,0,58,2
2020-04-06,Marin,041,260295,28,1,29,8
2020-04-06,Mariposa,043,17540,0,0,0,0
2020-04-06,Mendocino,045,87422,5,0,5,0
2020-04-06,Merced,047,269075,74,0,74,1
2020-04-06,Modoc,049,8938,0,0,0,0
2020-04-06,Mono,051,14174,28,0,28,1
2020-04-06,Monterey,053,433212,101,0,101,2
2020-04-06,Napa,055,140530,42,0,42,2
2020-04-06,Nevada,057,99092,36,1,37,1
2020-04-06,Orange,059,3164182,1657,15,1672,17
2020-04-06,Placer,061,380077,139,0,139,4
2020-04-06,Plumas,063,18699,4,0,4,0
2020-04-06,Riverside,065,2383286,2024,13,2037,33
2020-04-06,Sacramento,067,1510023,782,0,782,22
2020-04-06,San Benito,069,59416,34,0,34,2
2020-04-06,San Bernardino,071,2135413,1101,0,1101,24
2020-04-06,San Diego,073,3302833,1990,0,1990,39
2020-04-06,San Francisco,075,870044,965,0,965,14
2020-04-06,San Joaquin,077,732212,332,3,335,14
2020-04-06,San Luis Obispo,079,281455,147,1,148,1
2020-04-06,San Mateo,081,765935,849,2,851,25
2020-04-06,Santa Barbara,083,443738,296,1,297,2
2020-04-06,Santa Clara,085,1922200,1707,4,1711,48
2020-04-06,Santa Cruz,087,273765,98,0,98,1
2020-04-06,Shasta,089,179085,29,0,29,3
2020-04-06,Sierra,091,2930,0,0,0,0
2020-04-06,Siskiyou,093,43540,4,0,4,0
2020-04-06,Solano,095,438530,164,0,164,2
2020-04-06,Sonoma,097,501317,166,0,166,1
2020-04-06,Stanislaus,099,539301,170,3,173,0
2020-04-06,Sutter,101,95872,22,0,22,2
2020-04-06,Tehama,103,63373,1,0,1,0
2020-04-06,Trinity,105,12862,0,0,0,0
2020-04-06,Tulare,107,460477,319,5,324,7
2020-04-06,Tuolumne,109,53932,3,0,3,0
2020-04-06,Ventura,111,848112,391,0,391,8
2020-04-06,Yolo,113,214977,96,0,96,4
2020-04-06,Yuba,115,75493,14,0,14,0
2020-04-05,Alameda,001,1643700,918,1,919,18
2020-04-05,Alpine,002,1148,1,0,1,0
2020-04-05,Amador,005,37829,6,0,6,0
2020-04-05,Butte,007,227075,16,2,18,0
2020-04-05,Calaveras,009,45235,9,0,9,0
2020-04-05,Colusa,011,21464,3,0,3,0
2020-04-05,Contra Costa,013,1133247,628,0,628,7
2020-04-05,Del Norte,015,27424,2,0,2,0
2020-04-05,El Dorado,017,186661,42,0,42,0
2020-04-05,Fresno,019,978130,337,4,341,3
2020-04-05,Glenn,021,27897,4,0,4,0
2020-04-05,Humboldt,023,135768,55,0,55,0
2020-04-05,Imperial,025,180216,115,0,115,3
2020-04-05,Inyo,027,18085,11,0,11,0
2020-04-05,Kern,029,883053,415,0,415,2
2020-04-05,Kings,031,150075,36,0,36,0
2020-04-05,Lake,033,64148,4,0,4,0
2020-04-05,Lassen,035,31185,3,2,5,0
2020-04-05,Los Angeles,037,10098052,10476,14,10490,215
2020-04-05,Madera,039,155013,57,0,57,2
2020-04-05,Marin,041,260295,28,1,29,8
2020-04-05,Mariposa,043,17540,0,0,0,0
2020-04-05,Mendocino,045,87422,5,0,5,0
2020-04-05,Merced,047,269075,67,0,67,1
2020-04-05,Modoc,049,8938,0,0,0,0
2020-04-05,Mono,051,14174,28,0,28,1
2020-04-05,Monterey,053,433212,94,0,94,2
2020-04-05,Napa,055,140530,40,0,40,2
2020-04-05,Nevada,057,99092,36,1,37,1
2020-04-05,Orange,059,3164182,1601,15,1616,17
2020-04-05,Placer,061,380077,136,0,136,3
2020-04-05,Plumas,063,18699,3,0,3,0
2020-04-05,Riverside,065,2383286,1894,13,1907,32
2020-04-05,Sacramento,067,1510023,751,0,751,20
2020-04-05,San Benito,069,59416,34,0,34,2
2020-04-05,San Bernardino,071,2135413,1028,0,1028,21
2020-04-05,San Diego,073,3302833,1908,0,1908,36
2020-04-05,San Francisco,075,870044,918,0,918,13
2020-04-05,San Joaquin,077,732212,317,3,320,12
2020-04-05,San Luis Obispo,079,281455,145,1,146,1
2020-04-05,San Mateo,081,765935,829,2,831,24
2020-04-05,Santa Barbara,083,443738,280,1,281,2
2020-04-05,Santa Clara,085,1922200,1660,4,1664,47
2020-04-05,Santa Cruz,087,273765,98,0,98,1
2020-04-05,Shasta,089,179085,28,0,28,3
2020-04-05,Sierra,091,2930,0,0,0,0
2020-04-05,Siskiyou,093,43540,4,0,4,0
2020-04-05,Solano,095,438530,160,0,160,2
2020-04-05,Sonoma,097,501317,164,0,164,1
2020-04-05,Stanislaus,099,539301,156,3,159,0
2020-04-05,Sutter,101,95872,22,0,22,2
2020-04-05,Tehama,103,63373,1,0,1,0
2020-04-05,Trinity,105,12862,0,0,0,0
2020-04-05,Tulare,107,460477,282,5,287,6
2020-04-05,Tuolumne,109,53932,3,0,3,0
2020-04-05,Ventura,111,848112,377,0,377,8
2020-04-05,Yolo,113,214977,77,0,77,3
2020-04-05,Yuba,115,75493,14,0,14,0
2020-04-04,Alameda,001,1643700,895,1,896,16
2020-04-04,Alpine,002,1148,1,0,1,0
2020-04-04,Amador,005,37829,5,0,5,0
2020-04-04,Butte,007,227075,16,2,18,0
2020-04-04,Calaveras,009,45235,9,0,9,0
2020-04-04,Colusa,011,21464,3,0,3,0
2020-04-04,Contra Costa,013,1133247,620,0,620,6
2020-04-04,Del Norte,015,27424,2,0,2,0
2020-04-04,El Dorado,017,186661,42,0,42,0
2020-04-04,Fresno,019,978130,327,4,331,2
2020-04-04,Glenn,021,27897,4,0,4,0
2020-04-04,Humboldt,023,135768,55,0,55,0
2020-04-04,Imperial,025,180216,114,0,114,2
2020-04-04,Inyo,027,18085,11,0,11,0
2020-04-04,Kern,029,883053,385,0,385,2
2020-04-04,Kings,031,150075,36,0,36,0
2020-04-04,Lake,033,64148,4,0,4,0
2020-04-04,Lassen,035,31185,3,2,5,0
2020-04-04,Los Angeles,037,10098052,9861,14,9875,189
2020-04-04,Madera,039,155013,55,0,55,2
2020-04-04,Marin,041,260295,28,0,28,8
2020-04-04,Mariposa,043,17540,0,0,0,0
2020-04-04,Mendocino,045,87422,5,0,5,0
2020-04-04,Merced,047,269075,64,0,64,0
2020-04-04,Modoc,049,8938,0,0,0,0
2020-04-04,Mono,051,14174,28,0,28,1
2020-04-04,Monterey,053,433212,91,0,91,2
2020-04-04,Napa,055,140530,40,0,40,2
2020-04-04,Nevada,057,99092,36,1,37,1
2020-04-04,Orange,059,3164182,1559,14,1573,16
2020-04-04,Placer,061,380077,135,0,135,3
2020-04-04,Plumas,063,18699,3,0,3,0
2020-04-04,Riverside,065,2383286,1793,13,1806,31
2020-04-04,Sacramento,067,1510023,733,0,733,18
2020-04-04,San Benito,069,59416,34,0,34,2
2020-04-04,San Bernardino,071,2135413,980,0,980,17
2020-04-04,San Diego,073,3302833,1860,0,1860,26
2020-04-04,San Francisco,075,870044,880,0,880,12
2020-04-04,San Joaquin,077,732212,294,3,297,12
2020-04-04,San Luis Obispo,079,281455,145,1,146,1
2020-04-04,San Mateo,081,765935,817,2,819,22
2020-04-04,Santa Barbara,083,443738,271,1,272,2
2020-04-04,Santa Clara,085,1922200,1608,4,1612,45
2020-04-04,Santa Cruz,087,273765,98,0,98,1
2020-04-04,Shasta,089,179085,27,0,27,3
2020-04-04,Sierra,091,2930,0,0,0,0
2020-04-04,Siskiyou,093,43540,4,0,4,0
2020-04-04,Solano,095,438530,154,0,154,2
2020-04-04,Sonoma,097,501317,161,0,161,1
2020-04-04,Stanislaus,099,539301,145,3,148,0
2020-04-04,Sutter,101,95872,22,0,22,1
2020-04-04,Tehama,103,63373,1,0,1,0
2020-04-04,Trinity,105,12862,0,0,0,0
2020-04-04,Tulare,107,460477,268,5,273,5
2020-04-04,Tuolumne,109,53932,3,0,3,0
2020-04-04,Ventura,111,848112,364,0,364,8
2020-04-04,Yolo,113,214977,75,0,75,3
2020-04-04,Yuba,115,75493,13,0,13,0
2020-04-03,Alameda,001,1643700,859,1,860,15
2020-04-03,Alpine,002,1148,1,0,1,0
2020-04-03,Amador,005,37829,5,0,5,0
2020-04-03,Butte,007,227075,16,2,18,0
2020-04-03,Calaveras,009,45235,9,0,9,0
2020-04-03,Colusa,011,21464,3,0,3,0
2020-04-03,Contra Costa,013,1133247,597,0,597,6
2020-04-03,Del Norte,015,27424,2,0,2,0
2020-04-03,El Dorado,017,186661,40,0,40,0
2020-04-03,Fresno,019,978130,315,4,319,2
2020-04-03,Glenn,021,27897,4,0,4,0
2020-04-03,Humboldt,023,135768,55,0,55,0
2020-04-03,Imperial,025,180216,105,0,105,1
2020-04-03,Inyo,027,18085,11,0,11,0
2020-04-03,Kern,029,883053,359,0,359,2
2020-04-03,Kings,031,150075,34,0,34,0
2020-04-03,Lake,033,64148,3,0,3,0
2020-04-03,Lassen,035,31185,3,2,5,0
2020-04-03,Los Angeles,037,10098052,9247,14,9261,168
2020-04-03,Madera,039,155013,54,0,54,2
2020-04-03,Marin,041,260295,28,0,28,7
2020-04-03,Mariposa,043,17540,0,0,0,0
2020-04-03,Mendocino,045,87422,5,0,5,0
2020-04-03,Merced,047,269075,60,0,60,0
2020-04-03,Modoc,049,8938,0,0,0,0
2020-04-03,Mono,051,14174,28,0,28,1
2020-04-03,Monterey,053,433212,88,0,88,2
2020-04-03,Napa,055,140530,39,0,39,2
2020-04-03,Nevada,057,99092,36,1,37,1
2020-04-03,Orange,059,3164182,1520,14,1534,16
2020-04-03,Placer,061,380077,131,0,131,2
2020-04-03,Plumas,063,18699,3,0,3,0
2020-04-03,Riverside,065,2383286,1713,13,1726,31
2020-04-03,Sacramento,067,1510023,712,0,712,15
2020-04-03,San Benito,069,59416,34,0,34,2
2020-04-03,San Bernardino,071,2135413,935,0,935,16
2020-04-03,San Diego,073,3302833,1799,0,1799,24
2020-04-03,San Francisco,075,870044,856,0,856,12
2020-04-03,San Joaquin,077,732212,282,3,285,12
2020-04-03,San Luis Obispo,079,281455,144,1,145,0
2020-04-03,San Mateo,081,765935,800,2,802,22
2020-04-03,Santa Barbara,083,443738,260,1,261,1
2020-04-03,Santa Clara,085,1922200,1572,4,1576,43
2020-04-03,Santa Cruz,087,273765,98,0,98,1
2020-04-03,Shasta,089,179085,27,0,27,2
2020-04-03,Sierra,091,2930,0,0,0,0
2020-04-03,Siskiyou,093,43540,4,0,4,0
2020-04-03,Solano,095,438530,146,0,146,1
2020-04-03,Sonoma,097,501317,161,0,161,1
2020-04-03,Stanislaus,099,539301,139,3,142,0
2020-04-03,Sutter,101,95872,22,0,22,1
2020-04-03,Tehama,103,63373,1,0,1,0
2020-04-03,Trinity,105,12862,0,0,0,0
2020-04-03,Tulare,107,460477,254,5,259,5
2020-04-03,Tuolumne,109,53932,3,0,3,0
2020-04-03,Ventura,111,848112,354,0,354,8
2020-04-03,Yolo,113,214977,74,0,74,3
2020-04-03,Yuba,115,75493,13,0,13,0
2020-04-02,Alameda,001,1643700,808,1,809,14
2020-04-02,Alpine,002,1148,1,0,1,0
2020-04-02,Amador,005,37829,5,0,5,0
2020-04-02,Butte,007,227075,16,1,17,0
2020-04-02,Calaveras,009,45235,7,0,7,0
2020-04-02,Colusa,011,21464,3,0,3,0
2020-04-02,Contra Costa,013,1133247,567,0,567,4
2020-04-02,Del Norte,015,27424,2,0,2,0
2020-04-02,El Dorado,017,186661,38,0,38,0
2020-04-02,Fresno,019,978130,299,4,303,1
2020-04-02,Glenn,021,27897,3,0,3,0
2020-04-02,Humboldt,023,135768,51,0,51,0
2020-04-02,Imperial,025,180216,101,0,101,1
2020-04-02,Inyo,027,18085,10,0,10,0
2020-04-02,Kern,029,883053,332,0,332,1
2020-04-02,Kings,031,150075,34,0,34,0
2020-04-02,Lake,033,64148,3,0,3,0
2020-04-02,Lassen,035,31185,3,2,5,0
2020-04-02,Los Angeles,037,10098052,8420,14,8434,142
2020-04-02,Madera,039,155013,52,0,52,2
2020-04-02,Marin,041,260295,28,0,28,7
2020-04-02,Mariposa,043,17540,0,0,0,0
2020-04-02,Mendocino,045,87422,5,0,5,0
2020-04-02,Merced,047,269075,55,0,55,0
2020-04-02,Modoc,049,8938,0,0,0,0
2020-04-02,Mono,051,14174,28,0,28,1
2020-04-02,Monterey,053,433212,86,0,86,2
2020-04-02,Napa,055,140530,39,0,39,2
2020-04-02,Nevada,057,99092,35,1,36,0
2020-04-02,Orange,059,3164182,1468,13,1481,14
2020-04-02,Placer,061,380077,130,0,130,2
2020-04-02,Plumas,063,18699,3,0,3,0
2020-04-02,Riverside,065,2383286,1596,13,1609,27
2020-04-02,Sacramento,067,1510023,694,0,694,12
2020-04-02,San Benito,069,59416,32,0,32,1
2020-04-02,San Bernardino,071,2135413,880,0,880,15
2020-04-02,San Diego,073,3302833,1732,0,1732,22
2020-04-02,San Francisco,075,870044,830,0,830,12
2020-04-02,San Joaquin,077,732212,263,3,266,11
2020-04-02,San Luis Obispo,079,281455,139,1,140,0
2020-04-02,San Mateo,081,765935,779,2,781,19
2020-04-02,Santa Barbara,083,443738,249,1,250,1
2020-04-02,Santa Clara,085,1922200,1521,4,1525,42
2020-04-02,Santa Cruz,087,273765,96,0,96,1
2020-04-02,Shasta,089,179085,26,0,26,1
2020-04-02,Sierra,091,2930,0,0,0,0
2020-04-02,Siskiyou,093,43540,4,0,4,0
2020-04-02,Solano,095,438530,136,0,136,1
2020-04-02,Sonoma,097,501317,157,0,157,1
2020-04-02,Stanislaus,099,539301,128,3,131,0
2020-04-02,Sutter,101,95872,21,0,21,1
2020-04-02,Tehama,103,63373,1,0,1,0
2020-04-02,Trinity,105,12862,0,0,0,0
2020-04-02,Tulare,107,460477,220,5,225,4
2020-04-02,Tuolumne,109,53932,3,0,3,0
2020-04-02,Ventura,111,848112,336,0,336,8
2020-04-02,Yolo,113,214977,72,0,72,2
2020-04-02,Yuba,115,75493,10,0,10,0
2020-04-01,Alameda,001,1643700,781,1,782,13
2020-04-01,Alpine,002,1148,1,0,1,0
2020-04-01,Amador,005,37829,5,0,5,0
2020-04-01,Butte,007,227075,16,1,17,0
2020-04-01,Calaveras,009,45235,6,0,6,0
2020-04-01,Colusa,011,21464,3,0,3,0
2020-04-01,Contra Costa,013,1133247,524,0,524,3
2020-04-01,Del Norte,015,27424,2,0,2,0
2020-04-01,El Dorado,017,186661,37,0,37,0
2020-04-01,Fresno,019,978130,277,3,280,1
2020-04-01,Glenn,021,27897,3,0,3,0
2020-04-01,Humboldt,023,135768,51,0,51,0
2020-04-01,Imperial,025,180216,95,0,95,1
2020-04-01,Inyo,027,18085,10,0,10,0
2020-04-01,Kern,029,883053,305,0,305,1
2020-04-01,Kings,031,150075,32,0,32,0
2020-04-01,Lake,033,64148,3,0,3,0
2020-04-01,Lassen,035,31185,3,2,5,0
2020-04-01,Los Angeles,037,10098052,7772,14,7786,118
2020-04-01,Madera,039,155013,50,0,50,1
2020-04-01,Marin,041,260295,27,0,27,6
2020-04-01,Mariposa,043,17540,0,0,0,0
2020-04-01,Mendocino,045,87422,5,0,5,0
2020-04-01,Merced,047,269075,53,0,53,0
2020-04-01,Modoc,049,8938,0,0,0,0
2020-04-01,Mono,051,14174,28,0,28,1
2020-04-01,Monterey,053,433212,85,0,85,2
2020-04-01,Napa,055,140530,36,0,36,1
2020-04-01,Nevada,057,99092,35,1,36,0
2020-04-01,Orange,059,3164182,1416,13,1429,13
2020-04-01,Placer,061,380077,128,0,128,2
2020-04-01,Plumas,063,18699,3,0,3,0
2020-04-01,Riverside,065,2383286,1428,12,1440,20
2020-04-01,Sacramento,067,1510023,661,0,661,11
2020-04-01,San Benito,069,59416,29,0,29,1
2020-04-01,San Bernardino,071,2135413,831,0,831,11
2020-04-01,San Diego,073,3302833,1662,0,1662,17
2020-04-01,San Francisco,075,870044,802,0,802,12
2020-04-01,San Joaquin,077,732212,251,3,254,10
2020-04-01,San Luis Obispo,079,281455,133,1,134,0
2020-04-01,San Mateo,081,765935,761,2,763,16
2020-04-01,Santa Barbara,083,443738,236,1,237,1
2020-04-01,Santa Clara,085,1922200,1479,4,1483,40
2020-04-01,Santa Cruz,087,273765,91,0,91,1
2020-04-01,Shasta,089,179085,25,0,25,1
2020-04-01,Sierra,091,2930,0,0,0,0
2020-04-01,Siskiyou,093,43540,4,0,4,0
2020-04-01,Solano,095,438530,131,0,131,1
2020-04-01,Sonoma,097,501317,153,0,153,1
2020-04-01,Stanislaus,099,539301,117,3,120,0
2020-04-01,Sutter,101,95872,21,0,21,1
2020-04-01,Tehama,103,63373,1,0,1,0
2020-04-01,Trinity,105,12862,0,0,0,0
2020-04-01,Tulare,107,460477,182,5,187,3
2020-04-01,Tuolumne,109,53932,3,0,3,0
2020-04-01,Ventura,111,848112,323,0,323,7
2020-04-01,Yolo,113,214977,67,0,67,1
2020-04-01,Yuba,115,75493,9,0,9,0
2020-03-31,Alameda,001,1643700,715,1,716,11
2020-03-31,Alpine,002,1148,1,0,1,0
2020-03-31,Amador,005,37829,5,0,5,0
2020-03-31,Butte,007,227075,16,1,17,0
2020-03-31,Calaveras,009,45235,6,0,6,0
2020-03-31,Colusa,011,21464,3,0,3,0
2020-03-31,Contra Costa,013,1133247,499,0,499,3
2020-03-31,Del Norte,015,27424,1,0,1,0
2020-03-31,El Dorado,017,186661,33,0,33,0
2020-03-31,Fresno,019,978130,252,3,255,0
2020-03-31,Glenn,021,27897,3,0,3,0
2020-03-31,Humboldt,023,135768,51,0,51,0
2020-03-31,Imperial,025,180216,89,0,89,1
2020-03-31,Inyo,027,18085,10,0,10,0
2020-03-31,Kern,029,883053,281,0,281,1
2020-03-31,Kings,031,150075,30,0,30,0
2020-03-31,Lake,033,64148,1,0,1,0
2020-03-31,Lassen,035,31185,3,2,5,0
2020-03-31,Los Angeles,037,10098052,7108,14,7122,98
2020-03-31,Madera,039,155013,49,0,49,1
2020-03-31,Marin,041,260295,26,0,26,5
2020-03-31,Mariposa,043,17540,0,0,0,0
2020-03-31,Mendocino,045,87422,5,0,5,0
2020-03-31,Merced,047,269075,44,0,44,0
2020-03-31,Modoc,049,8938,0,0,0,0
2020-03-31,Mono,051,14174,26,0,26,1
2020-03-31,Monterey,053,433212,83,0,83,2
2020-03-31,Napa,055,140530,35,0,35,1
2020-03-31,Nevada,057,99092,35,1,36,0
2020-03-31,Orange,059,3164182,1346,13,1359,12
2020-03-31,Placer,061,380077,121,0,121,2
2020-03-31,Plumas,063,18699,1,0,1,0
2020-03-31,Riverside,065,2383286,1284,12,1296,19
2020-03-31,Sacramento,067,1510023,609,0,609,10
2020-03-31,San Benito,069,59416,29,0,29,1
2020-03-31,San Bernardino,071,2135413,746,0,746,10
2020-03-31,San Diego,073,3302833,1580,0,1580,16
2020-03-31,San Francisco,075,870044,767,0,767,9
2020-03-31,San Joaquin,077,732212,235,3,238,9
2020-03-31,San Luis Obispo,079,281455,129,1,130,0
2020-03-31,San Mateo,081,765935,742,2,744,15
2020-03-31,Santa Barbara,083,443738,221,1,222,0
2020-03-31,Santa Clara,085,1922200,1429,4,1433,37
2020-03-31,Santa Cruz,087,273765,84,0,84,1
2020-03-31,Shasta,089,179085,22,0,22,1
2020-03-31,Sierra,091,2930,0,0,0,0
2020-03-31,Siskiyou,093,43540,4,0,4,0
2020-03-31,Solano,095,438530,117,0,117,1
2020-03-31,Sonoma,097,501317,148,0,148,1
2020-03-31,Stanislaus,099,539301,102,3,105,0
2020-03-31,Sutter,101,95872,21,0,21,1
2020-03-31,Tehama,103,63373,1,0,1,0
2020-03-31,Trinity,105,12862,0,0,0,0
2020-03-31,Tulare,107,460477,159,4,163,2
2020-03-31,Tuolumne,109,53932,3,0,3,0
2020-03-31,Ventura,111,848112,312,0,312,5
2020-03-31,Yolo,113,214977,60,0,60,1
2020-03-31,Yuba,115,75493,9,0,9,0
2020-03-30,Alameda,001,1643700,676,1,677,10
2020-03-30,Alpine,002,1148,1,0,1,0
2020-03-30,Amador,005,37829,5,0,5,0
2020-03-30,Butte,007,227075,15,1,16,0
2020-03-30,Calaveras,009,45235,6,0,6,0
2020-03-30,Colusa,011,21464,3,0,3,0
2020-03-30,Contra Costa,013,1133247,473,0,473,3
2020-03-30,Del Norte,015,27424,0,0,0,0
2020-03-30,El Dorado,017,186661,33,0,33,0
2020-03-30,Fresno,019,978130,227,3,230,0
2020-03-30,Glenn,021,27897,3,0,3,0
2020-03-30,Humboldt,023,135768,49,0,49,0
2020-03-30,Imperial,025,180216,86,0,86,0
2020-03-30,Inyo,027,18085,10,0,10,0
2020-03-30,Kern,029,883053,248,0,248,1
2020-03-30,Kings,031,150075,30,0,30,0
2020-03-30,Lake,033,64148,1,0,1,0
2020-03-30,Lassen,035,31185,3,1,4,0
2020-03-30,Los Angeles,037,10098052,6446,14,6460,81
2020-03-30,Madera,039,155013,48,0,48,1
2020-03-30,Marin,041,260295,25,0,25,5
2020-03-30,Mariposa,043,17540,0,0,0,0
2020-03-30,Mendocino,045,87422,5,0,5,0
2020-03-30,Merced,047,269075,40,0,40,0
2020-03-30,Modoc,049,8938,0,0,0,0
2020-03-30,Mono,051,14174,26,0,26,0
2020-03-30,Monterey,053,433212,78,0,78,2
2020-03-30,Napa,055,140530,34,0,34,0
2020-03-30,Nevada,057,99092,34,1,35,0
2020-03-30,Orange,059,3164182,1281,13,1294,8
2020-03-30,Placer,061,380077,118,0,118,2
2020-03-30,Plumas,063,18699,1,0,1,0
2020-03-30,Riverside,065,2383286,1203,12,1215,14
2020-03-30,Sacramento,067,1510023,585,0,585,10
2020-03-30,San Benito,069,59416,29,0,29,1
2020-03-30,San Bernardino,071,2135413,702,0,702,9
2020-03-30,San Diego,073,3302833,1510,0,1510,11
2020-03-30,San Francisco,075,870044,727,0,727,8
2020-03-30,San Joaquin,077,732212,228,3,231,8
2020-03-30,San Luis Obispo,079,281455,126,1,127,0
2020-03-30,San Mateo,081,765935,717,2,719,14
2020-03-30,Santa Barbara,083,443738,212,1,213,0
2020-03-30,Santa Clara,085,1922200,1398,3,1401,36
2020-03-30,Santa Cruz,087,273765,81,0,81,1
2020-03-30,Shasta,089,179085,21,0,21,1
2020-03-30,Sierra,091,2930,0,0,0,0
2020-03-30,Siskiyou,093,43540,4,0,4,0
2020-03-30,Solano,095,438530,111,0,111,0
2020-03-30,Sonoma,097,501317,145,0,145,1
2020-03-30,Stanislaus,099,539301,95,3,98,0
2020-03-30,Sutter,101,95872,20,0,20,1
2020-03-30,Tehama,103,63373,1,0,1,0
2020-03-30,Trinity,105,12862,0,0,0,0
2020-03-30,Tulare,107,460477,147,3,150,1
2020-03-30,Tuolumne,109,53932,3,0,3,0
2020-03-30,Ventura,111,848112,301,0,301,5
2020-03-30,Yolo,113,214977,57,0,57,1
2020-03-30,Yuba,115,75493,8,0,8,0
2020-03-29,Alameda,001,1643700,642,1,643,10
2020-03-29,Alpine,002,1148,1,0,1,0
2020-03-29,Amador,005,37829,5,0,5,0
2020-03-29,Butte,007,227075,15,1,16,0
2020-03-29,Calaveras,009,45235,6,0,6,0
2020-03-29,Colusa,011,21464,3,0,3,0
2020-03-29,Contra Costa,013,1133247,443,0,443,3
2020-03-29,Del Norte,015,27424,0,0,0,0
2020-03-29,El Dorado,017,186661,32,0,32,0
2020-03-29,Fresno,019,978130,203,3,206,0
2020-03-29,Glenn,021,27897,2,0,2,0
2020-03-29,Humboldt,023,135768,46,0,46,0
2020-03-29,Imperial,025,180216,79,0,79,0
2020-03-29,Inyo,027,18085,9,0,9,0
2020-03-29,Kern,029,883053,230,0,230,1
2020-03-29,Kings,031,150075,27,0,27,0
2020-03-29,Lake,033,64148,0,0,0,0
2020-03-29,Lassen,035,31185,3,1,4,0
2020-03-29,Los Angeles,037,10098052,5796,13,5809,70
2020-03-29,Madera,039,155013,43,0,43,1
2020-03-29,Marin,041,260295,25,0,25,4
2020-03-29,Mariposa,043,17540,0,0,0,0
2020-03-29,Mendocino,045,87422,5,0,5,0
2020-03-29,Merced,047,269075,37,0,37,0
2020-03-29,Modoc,049,8938,0,0,0,0
2020-03-29,Mono,051,14174,26,0,26,0
2020-03-29,Monterey,053,433212,73,0,73,1
2020-03-29,Napa,055,140530,32,0,32,0
2020-03-29,Nevada,057,99092,32,1,33,0
2020-03-29,Orange,059,3164182,1208,13,1221,7
2020-03-29,Placer,061,380077,117,0,117,2
2020-03-29,Plumas,063,18699,1,0,1,0
2020-03-29,Riverside,065,2383286,1079,12,1091,10
2020-03-29,Sacramento,067,1510023,545,0,545,9
2020-03-29,San Benito,069,59416,28,0,28,1
2020-03-29,San Bernardino,071,2135413,650,0,650,7
2020-03-29,San Diego,073,3302833,1438,0,1438,9
2020-03-29,San Francisco,075,870044,683,0,683,7
2020-03-29,San Joaquin,077,732212,219,3,222,7
2020-03-29,San Luis Obispo,079,281455,119,0,119,0
2020-03-29,San Mateo,081,765935,692,2,694,12
2020-03-29,Santa Barbara,083,443738,204,1,205,0
2020-03-29,Santa Clara,085,1922200,1341,3,1344,34
2020-03-29,Santa Cruz,087,273765,81,0,81,1
2020-03-29,Shasta,089,179085,20,0,20,1
2020-03-29,Sierra,091,2930,0,0,0,0
2020-03-29,Siskiyou,093,43540,4,0,4,0
2020-03-29,Solano,095,438530,103,0,103,0
2020-03-29,Sonoma,097,501317,143,0,143,1
2020-03-29,Stanislaus,099,539301,90,3,93,0
2020-03-29,Sutter,101,95872,17,0,17,1
2020-03-29,Tehama,103,63373,1,0,1,0
2020-03-29,Trinity,105,12862,0,0,0,0
2020-03-29,Tulare,107,460477,122,3,125,1
2020-03-29,Tuolumne,109,53932,2,0,2,0
2020-03-29,Ventura,111,848112,274,0,274,5
2020-03-29,Yolo,113,214977,52,0,52,1
2020-03-29,Yuba,115,75493,8,0,8,0
2020-03-28,Alameda,001,1643700,615,1,616,10
2020-03-28,Alpine,002,1148,1,0,1,0
2020-03-28,Amador,005,37829,5,0,5,0
2020-03-28,Butte,007,227075,15,1,16,0
2020-03-28,Calaveras,009,45235,6,0,6,0
2020-03-28,Colusa,011,21464,3,0,3,0
2020-03-28,Contra Costa,013,1133247,420,0,420,3
2020-03-28,Del Norte,015,27424,0,0,0,0
2020-03-28,El Dorado,017,186661,31,0,31,0
2020-03-28,Fresno,019,978130,193,3,196,0
2020-03-28,Glenn,021,27897,2,0,2,0
2020-03-28,Humboldt,023,135768,46,0,46,0
2020-03-28,Imperial,025,180216,74,0,74,0
2020-03-28,Inyo,027,18085,9,0,9,0
2020-03-28,Kern,029,883053,213,0,213,1
2020-03-28,Kings,031,150075,26,0,26,0
2020-03-28,Lake,033,64148,0,0,0,0
2020-03-28,Lassen,035,31185,3,1,4,0
2020-03-28,Los Angeles,037,10098052,5411,12,5423,54
2020-03-28,Madera,039,155013,43,0,43,1
2020-03-28,Marin,041,260295,25,0,25,3
2020-03-28,Mariposa,043,17540,0,0,0,0
2020-03-28,Mendocino,045,87422,5,0,5,0
2020-03-28,Merced,047,269075,36,0,36,0
2020-03-28,Modoc,049,8938,0,0,0,0
2020-03-28,Mono,051,14174,24,0,24,0
2020-03-28,Monterey,053,433212,72,0,72,1
2020-03-28,Napa,055,140530,27,0,27,0
2020-03-28,Nevada,057,99092,32,1,33,0
2020-03-28,Orange,059,3164182,1172,13,1185,7
2020-03-28,Placer,061,380077,112,0,112,2
2020-03-28,Plumas,063,18699,1,0,1,0
2020-03-28,Riverside,065,2383286,1011,12,1023,10
2020-03-28,Sacramento,067,1510023,527,0,527,8
2020-03-28,San Benito,069,59416,28,0,28,1
2020-03-28,San Bernardino,071,2135413,603,0,603,6
2020-03-28,San Diego,073,3302833,1379,0,1379,9
2020-03-28,San Francisco,075,870044,659,0,659,7
2020-03-28,San Joaquin,077,732212,212,3,215,6
2020-03-28,San Luis Obispo,079,281455,117,0,117,0
2020-03-28,San Mateo,081,765935,672,2,674,11
2020-03-28,Santa Barbara,083,443738,194,1,195,0
2020-03-28,Santa Clara,085,1922200,1322,3,1325,32
2020-03-28,Santa Cruz,087,273765,80,0,80,1
2020-03-28,Shasta,089,179085,20,0,20,1
2020-03-28,Sierra,091,2930,0,0,0,0
2020-03-28,Siskiyou,093,43540,4,0,4,0
2020-03-28,Solano,095,438530,99,0,99,0
2020-03-28,Sonoma,097,501317,141,0,141,1
2020-03-28,Stanislaus,099,539301,85,3,88,0
2020-03-28,Sutter,101,95872,17,0,17,0
2020-03-28,Tehama,103,63373,1,0,1,0
2020-03-28,Trinity,105,12862,0,0,0,0
2020-03-28,Tulare,107,460477,114,3,117,1
2020-03-28,Tuolumne,109,53932,2,0,2,0
2020-03-28,Ventura,111,848112,270,0,270,4
2020-03-28,Yolo,113,214977,51,0,51,1
2020-03-28,Yuba,115,75493,8,0,8,0
2020-03-27,Alameda,001,1643700,596,1,597,7
2020-03-27,Alpine,002,1148,1,0,1,0
2020-03-27,Amador,005,37829,4,0,4,0
2020-03-27,Butte,007,227075,13,1,14,0
2020-03-27,Calaveras,009,45235,6,0,6,0
2020-03-27,Colusa,011,21464,3,0,3,0
2020-03-27,Contra Costa,013,1133247,399,0,399,3
2020-03-27,Del Norte,015,27424,0,0,0,0
2020-03-27,El Dorado,017,186661,29,0,29,0
2020-03-27,Fresno,019,978130,181,2,183,0
2020-03-27,Glenn,021,27897,2,0,2,0
2020-03-27,Humboldt,023,135768,42,0,42,0
2020-03-27,Imperial,025,180216,69,0,69,0
2020-03-27,Inyo,027,18085,9,0,9,0
2020-03-27,Kern,029,883053,200,0,200,1
2020-03-27,Kings,031,150075,25,0,25,0
2020-03-27,Lake,033,64148,0,0,0,0
2020-03-27,Lassen,035,31185,3,1,4,0
2020-03-27,Los Angeles,037,10098052,5003,12,5015,45
2020-03-27,Madera,039,155013,41,0,41,1
2020-03-27,Marin,041,260295,25,0,25,2
2020-03-27,Mariposa,043,17540,0,0,0,0
2020-03-27,Mendocino,045,87422,5,0,5,0
2020-03-27,Merced,047,269075,35,0,35,0
2020-03-27,Modoc,049,8938,0,0,0,0
2020-03-27,Mono,051,14174,24,0,24,0
2020-03-27,Monterey,053,433212,69,0,69,1
2020-03-27,Napa,055,140530,27,0,27,0
2020-03-27,Nevada,057,99092,32,1,33,0
2020-03-27,Orange,059,3164182,1122,13,1135,4
2020-03-27,Placer,061,380077,109,0,109,1
2020-03-27,Plumas,063,18699,0,0,0,0
2020-03-27,Riverside,065,2383286,955,12,967,8
2020-03-27,Sacramento,067,1510023,504,0,504,8
2020-03-27,San Benito,069,59416,27,0,27,1
2020-03-27,San Bernardino,071,2135413,513,0,513,5
2020-03-27,San Diego,073,3302833,1322,0,1322,8
2020-03-27,San Francisco,075,870044,634,0,634,7
2020-03-27,San Joaquin,077,732212,201,3,204,5
2020-03-27,San Luis Obispo,079,281455,115,0,115,0
2020-03-27,San Mateo,081,765935,646,2,648,11
2020-03-27,Santa Barbara,083,443738,180,1,181,0
2020-03-27,Santa Clara,085,1922200,1284,3,1287,30
2020-03-27,Santa Cruz,087,273765,79,0,79,0
2020-03-27,Shasta,089,179085,17,0,17,1
2020-03-27,Sierra,091,2930,0,0,0,0
2020-03-27,Siskiyou,093,43540,4,0,4,0
2020-03-27,Solano,095,438530,93,0,93,0
2020-03-27,Sonoma,097,501317,133,0,133,1
2020-03-27,Stanislaus,099,539301,83,3,86,0
2020-03-27,Sutter,101,95872,16,0,16,0
2020-03-27,Tehama,103,63373,1,0,1,0
2020-03-27,Trinity,105,12862,0,0,0,0
2020-03-27,Tulare,107,460477,106,3,109,0
2020-03-27,Tuolumne,109,53932,2,0,2,0
2020-03-27,Ventura,111,848112,261,0,261,4
2020-03-27,Yolo,113,214977,50,0,50,1
2020-03-27,Yuba,115,75493,7,0,7,0
2020-03-26,Alameda,001,1643700,556,1,557,5
2020-03-26,Alpine,002,1148,1,0,1,0
2020-03-26,Amador,005,37829,4,0,4,0
2020-03-26,Butte,007,227075,13,1,14,0
2020-03-26,Calaveras,009,45235,6,0,6,0
2020-03-26,Colusa,011,21464,3,0,3,0
2020-03-26,Contra Costa,013,1133247,388,0,388,3
2020-03-26,Del Norte,015,27424,0,0,0,0
2020-03-26,El Dorado,017,186661,27,0,27,0
2020-03-26,Fresno,019,978130,172,2,174,0
2020-03-26,Glenn,021,27897,2,0,2,0
2020-03-26,Humboldt,023,135768,38,0,38,0
2020-03-26,Imperial,025,180216,65,0,65,0
2020-03-26,Inyo,027,18085,8,0,8,0
2020-03-26,Kern,029,883053,184,0,184,0
2020-03-26,Kings,031,150075,25,0,25,0
2020-03-26,Lake,033,64148,0,0,0,0
2020-03-26,Lassen,035,31185,3,1,4,0
2020-03-26,Los Angeles,037,10098052,4596,12,4608,36
2020-03-26,Madera,039,155013,39,0,39,1
2020-03-26,Marin,041,260295,25,0,25,0
2020-03-26,Mariposa,043,17540,0,0,0,0
2020-03-26,Mendocino,045,87422,4,0,4,0
2020-03-26,Merced,047,269075,32,0,32,0
2020-03-26,Modoc,049,8938,0,0,0,0
2020-03-26,Mono,051,14174,23,0,23,0
2020-03-26,Monterey,053,433212,66,0,66,1
2020-03-26,Napa,055,140530,26,0,26,0
2020-03-26,Nevada,057,99092,32,1,33,0
2020-03-26,Orange,059,3164182,1060,11,1071,3
2020-03-26,Placer,061,380077,106,0,106,1
2020-03-26,Plumas,063,18699,0,0,0,0
2020-03-26,Riverside,065,2383286,884,12,896,8
2020-03-26,Sacramento,067,1510023,471,0,471,8
2020-03-26,San Benito,069,59416,27,0,27,1
2020-03-26,San Bernardino,071,2135413,447,0,447,5
2020-03-26,San Diego,073,3302833,1255,0,1255,8
2020-03-26,San Francisco,075,870044,607,0,607,5
2020-03-26,San Joaquin,077,732212,190,3,193,5
2020-03-26,San Luis Obispo,079,281455,110,0,110,0
2020-03-26,San Mateo,081,765935,612,2,614,9
2020-03-26,Santa Barbara,083,443738,167,1,168,0
2020-03-26,Santa Clara,085,1922200,1239,2,1241,29
2020-03-26,Santa Cruz,087,273765,75,0,75,0
2020-03-26,Shasta,089,179085,17,0,17,1
2020-03-26,Sierra,091,2930,0,0,0,0
2020-03-26,Siskiyou,093,43540,4,0,4,0
2020-03-26,Solano,095,438530,85,0,85,0
2020-03-26,Sonoma,097,501317,128,0,128,1
2020-03-26,Stanislaus,099,539301,81,3,84,0
2020-03-26,Sutter,101,95872,12,0,12,0
2020-03-26,Tehama,103,63373,1,0,1,0
2020-03-26,Trinity,105,12862,0,0,0,0
2020-03-26,Tulare,107,460477,97,3,100,0
2020-03-26,Tuolumne,109,53932,2,0,2,0
2020-03-26,Ventura,111,848112,245,0,245,2
2020-03-26,Yolo,113,214977,46,0,46,1
2020-03-26,Yuba,115,75493,7,0,7,0
2020-03-25,Alameda,001,1643700,535,1,536,4
2020-03-25,Alpine,002,1148,1,0,1,0
2020-03-25,Amador,005,37829,4,0,4,0
2020-03-25,Butte,007,227075,13,1,14,0
2020-03-25,Calaveras,009,45235,6,0,6,0
2020-03-25,Colusa,011,21464,2,0,2,0
2020-03-25,Contra Costa,013,1133247,374,0,374,3
2020-03-25,Del Norte,015,27424,0,0,0,0
2020-03-25,El Dorado,017,186661,27,0,27,0
2020-03-25,Fresno,019,978130,152,2,154,0
2020-03-25,Glenn,021,27897,2,0,2,0
2020-03-25,Humboldt,023,135768,35,0,35,0
2020-03-25,Imperial,025,180216,57,0,57,0
2020-03-25,Inyo,027,18085,5,0,5,0
2020-03-25,Kern,029,883053,164,0,164,0
2020-03-25,Kings,031,150075,23,0,23,0
2020-03-25,Lake,033,64148,0,0,0,0
2020-03-25,Lassen,035,31185,3,1,4,0
2020-03-25,Los Angeles,037,10098052,4196,12,4208,32
2020-03-25,Madera,039,155013,37,0,37,0
2020-03-25,Marin,041,260295,24,0,24,0
2020-03-25,Mariposa,043,17540,0,0,0,0
2020-03-25,Mendocino,045,87422,3,0,3,0
2020-03-25,Merced,047,269075,29,0,29,0
2020-03-25,Modoc,049,8938,0,0,0,0
2020-03-25,Mono,051,14174,22,0,22,0
2020-03-25,Monterey,053,433212,63,0,63,1
2020-03-25,Napa,055,140530,26,0,26,0
2020-03-25,Nevada,057,99092,31,1,32,0
2020-03-25,Orange,059,3164182,1002,9,1011,2
2020-03-25,Placer,061,380077,100,0,100,1
2020-03-25,Plumas,063,18699,0,0,0,0
2020-03-25,Riverside,065,2383286,813,12,825,8
2020-03-25,Sacramento,067,1510023,445,0,445,7
2020-03-25,San Benito,069,59416,26,0,26,1
2020-03-25,San Bernardino,071,2135413,408,0,408,4
2020-03-25,San Diego,073,3302833,1193,0,1193,7
2020-03-25,San Francisco,075,870044,566,0,566,2
2020-03-25,San Joaquin,077,732212,177,3,180,4
2020-03-25,San Luis Obispo,079,281455,105,0,105,0
2020-03-25,San Mateo,081,765935,577,2,579,8
2020-03-25,Santa Barbara,083,443738,157,1,158,0
2020-03-25,Santa Clara,085,1922200,1195,2,1197,29
2020-03-25,Santa Cruz,087,273765,72,0,72,0
2020-03-25,Shasta,089,179085,16,0,16,1
2020-03-25,Sierra,091,2930,0,0,0,0
2020-03-25,Siskiyou,093,43540,4,0,4,0
2020-03-25,Solano,095,438530,80,0,80,0
2020-03-25,Sonoma,097,501317,123,0,123,1
2020-03-25,Stanislaus,099,539301,74,3,77,0
2020-03-25,Sutter,101,95872,9,0,9,0
2020-03-25,Tehama,103,63373,1,0,1,0
2020-03-25,Trinity,105,12862,0,0,0,0
2020-03-25,Tulare,107,460477,87,3,90,0
2020-03-25,Tuolumne,109,53932,2,0,2,0
2020-03-25,Ventura,111,848112,229,0,229,2
2020-03-25,Yolo,113,214977,44,0,44,1
2020-03-25,Yuba,115,75493,7,0,7,0
2020-03-24,Alameda,001,1643700,503,1,504,2
2020-03-24,Alpine,002,1148,1,0,1,0
2020-03-24,Amador,005,37829,2,0,2,0
2020-03-24,Butte,007,227075,12,1,13,0
2020-03-24,Calaveras,009,45235,5,0,5,0
2020-03-24,Colusa,011,21464,2,0,2,0
2020-03-24,Contra Costa,013,1133247,361,0,361,2
2020-03-24,Del Norte,015,27424,0,0,0,0
2020-03-24,El Dorado,017,186661,27,0,27,0
2020-03-24,Fresno,019,978130,133,2,135,0
2020-03-24,Glenn,021,27897,2,0,2,0
2020-03-24,Humboldt,023,135768,33,0,33,0
2020-03-24,Imperial,025,180216,54,0,54,0
2020-03-24,Inyo,027,18085,5,0,5,0
2020-03-24,Kern,029,883053,144,0,144,0
2020-03-24,Kings,031,150075,22,0,22,0
2020-03-24,Lake,033,64148,0,0,0,0
2020-03-24,Lassen,035,31185,3,1,4,0
2020-03-24,Los Angeles,037,10098052,3752,12,3764,25
2020-03-24,Madera,039,155013,36,0,36,0
2020-03-24,Marin,041,260295,21,0,21,0
2020-03-24,Mariposa,043,17540,0,0,0,0
2020-03-24,Mendocino,045,87422,3,0,3,0
2020-03-24,Merced,047,269075,26,0,26,0
2020-03-24,Modoc,049,8938,0,0,0,0
2020-03-24,Mono,051,14174,21,0,21,0
2020-03-24,Monterey,053,433212,59,0,59,1
2020-03-24,Napa,055,140530,23,0,23,0
2020-03-24,Nevada,057,99092,30,1,31,0
2020-03-24,Orange,059,3164182,940,9,949,2
2020-03-24,Placer,061,380077,93,0,93,1
2020-03-24,Plumas,063,18699,0,0,0,0
2020-03-24,Riverside,065,2383286,746,12,758,8
2020-03-24,Sacramento,067,1510023,426,0,426,7
2020-03-24,San Benito,069,59416,25,0,25,1
2020-03-24,San Bernardino,071,2135413,364,0,364,4
2020-03-24,San Diego,073,3302833,1126,0,1126,6
2020-03-24,San Francisco,075,870044,534,0,534,2
2020-03-24,San Joaquin,077,732212,166,3,169,4
2020-03-24,San Luis Obispo,079,281455,102,0,102,0
2020-03-24,San Mateo,081,765935,536,2,538,7
2020-03-24,Santa Barbara,083,443738,151,1,152,0
2020-03-24,Santa Clara,085,1922200,1126,2,1128,22
2020-03-24,Santa Cruz,087,273765,67,0,67,0
2020-03-24,Shasta,089,179085,15,0,15,1
2020-03-24,Sierra,091,2930,0,0,0,0
2020-03-24,Siskiyou,093,43540,4,0,4,0
2020-03-24,Solano,095,438530,78,0,78,0
2020-03-24,Sonoma,097,501317,116,0,116,1
2020-03-24,Stanislaus,099,539301,65,3,68,0
2020-03-24,Sutter,101,95872,9,0,9,0
2020-03-24,Tehama,103,63373,1,0,1,0
2020-03-24,Trinity,105,12862,0,0,0,0
2020-03-24,Tulare,107,460477,77,3,80,0
2020-03-24,Tuolumne,109,53932,2,0,2,0
2020-03-24,Ventura,111,848112,213,0,213,1
2020-03-24,Yolo,113,214977,40,0,40,1
2020-03-24,Yuba,115,75493,7,0,7,0
2020-03-23,Alameda,001,1643700,471,1,472,2
2020-03-23,Alpine,002,1148,1,0,1,0
2020-03-23,Amador,005,37829,2,0,2,0
2020-03-23,Butte,007,227075,12,0,12,0
2020-03-23,Calaveras,009,45235,5,0,5,0
2020-03-23,Colusa,011,21464,1,0,1,0
2020-03-23,Contra Costa,013,1133247,341,0,341,2
2020-03-23,Del Norte,015,27424,0,0,0,0
2020-03-23,El Dorado,017,186661,26,0,26,0
2020-03-23,Fresno,019,978130,123,2,125,0
2020-03-23,Glenn,021,27897,2,0,2,0
2020-03-23,Humboldt,023,135768,31,0,31,0
2020-03-23,Imperial,025,180216,50,0,50,0
2020-03-23,Inyo,027,18085,3,0,3,0
2020-03-23,Kern,029,883053,130,0,130,0
2020-03-23,Kings,031,150075,22,0,22,0
2020-03-23,Lake,033,64148,0,0,0,0
2020-03-23,Lassen,035,31185,3,1,4,0
2020-03-23,Los Angeles,037,10098052,3444,11,3455,22
2020-03-23,Madera,039,155013,36,0,36,0
2020-03-23,Marin,041,260295,19,0,19,0
2020-03-23,Mariposa,043,17540,0,0,0,0
2020-03-23,Mendocino,045,87422,3,0,3,0
2020-03-23,Merced,047,269075,19,0,19,0
2020-03-23,Modoc,049,8938,0,0,0,0
2020-03-23,Mono,051,14174,19,0,19,0
2020-03-23,Monterey,053,433212,54,0,54,1
2020-03-23,Napa,055,140530,21,0,21,0
2020-03-23,Nevada,057,99092,27,1,28,0
2020-03-23,Orange,059,3164182,885,7,892,2
2020-03-23,Placer,061,380077,90,0,90,1
2020-03-23,Plumas,063,18699,0,0,0,0
2020-03-23,Riverside,065,2383286,703,12,715,6
2020-03-23,Sacramento,067,1510023,393,0,393,7
2020-03-23,San Benito,069,59416,24,0,24,1
2020-03-23,San Bernardino,071,2135413,334,0,334,2
2020-03-23,San Diego,073,3302833,1067,0,1067,2
2020-03-23,San Francisco,075,870044,505,0,505,1
2020-03-23,San Joaquin,077,732212,154,3,157,3
2020-03-23,San Luis Obispo,079,281455,96,0,96,0
2020-03-23,San Mateo,081,765935,497,2,499,4
2020-03-23,Santa Barbara,083,443738,133,1,134,0
2020-03-23,Santa Clara,085,1922200,1077,2,1079,21
2020-03-23,Santa Cruz,087,273765,65,0,65,0
2020-03-23,Shasta,089,179085,13,0,13,0
2020-03-23,Sierra,091,2930,0,0,0,0
2020-03-23,Siskiyou,093,43540,4,0,4,0
2020-03-23,Solano,095,438530,74,0,74,0
2020-03-23,Sonoma,097,501317,104,0,104,1
2020-03-23,Stanislaus,099,539301,57,3,60,0
2020-03-23,Sutter,101,95872,9,0,9,0
2020-03-23,Tehama,103,63373,1,0,1,0
2020-03-23,Trinity,105,12862,0,0,0,0
2020-03-23,Tulare,107,460477,68,3,71,0
2020-03-23,Tuolumne,109,53932,2,0,2,0
2020-03-23,Ventura,111,848112,196,0,196,1
2020-03-23,Yolo,113,214977,39,0,39,1
2020-03-23,Yuba,115,75493,7,0,7,0
2020-03-22,Alameda,001,1643700,432,1,433,2
2020-03-22,Alpine,002,1148,1,0,1,0
2020-03-22,Amador,005,37829,2,0,2,0
2020-03-22,Butte,007,227075,8,0,8,0
2020-03-22,Calaveras,009,45235,4,0,4,0
2020-03-22,Colusa,011,21464,1,0,1,0
2020-03-22,Contra Costa,013,1133247,314,0,314,2
2020-03-22,Del Norte,015,27424,0,0,0,0
2020-03-22,El Dorado,017,186661,24,0,24,0
2020-03-22,Fresno,019,978130,103,2,105,0
2020-03-22,Glenn,021,27897,2,0,2,0
2020-03-22,Humboldt,023,135768,28,0,28,0
2020-03-22,Imperial,025,180216,48,0,48,0
2020-03-22,Inyo,027,18085,1,0,1,0
2020-03-22,Kern,029,883053,114,0,114,0
2020-03-22,Kings,031,150075,19,0,19,0
2020-03-22,Lake,033,64148,0,0,0,0
2020-03-22,Lassen,035,31185,3,1,4,0
2020-03-22,Los Angeles,037,10098052,3114,11,3125,15
2020-03-22,Madera,039,155013,33,0,33,0
2020-03-22,Marin,041,260295,18,0,18,0
2020-03-22,Mariposa,043,17540,0,0,0,0
2020-03-22,Mendocino,045,87422,3,0,3,0
2020-03-22,Merced,047,269075,16,0,16,0
2020-03-22,Modoc,049,8938,0,0,0,0
2020-03-22,Mono,051,14174,14,0,14,0
2020-03-22,Monterey,053,433212,51,0,51,1
2020-03-22,Napa,055,140530,17,0,17,0
2020-03-22,Nevada,057,99092,23,1,24,0
2020-03-22,Orange,059,3164182,812,4,816,2
2020-03-22,Placer,061,380077,88,0,88,1
2020-03-22,Plumas,063,18699,0,0,0,0
2020-03-22,Riverside,065,2383286,613,8,621,6
2020-03-22,Sacramento,067,1510023,361,0,361,5
2020-03-22,San Benito,069,59416,19,0,19,1
2020-03-22,San Bernardino,071,2135413,290,0,290,1
2020-03-22,San Diego,073,3302833,979,0,979,2
2020-03-22,San Francisco,075,870044,468,0,468,1
2020-03-22,San Joaquin,077,732212,140,3,143,3
2020-03-22,San Luis Obispo,079,281455,89,0,89,0
2020-03-22,San Mateo,081,765935,464,2,466,1
2020-03-22,Santa Barbara,083,443738,119,1,120,0
2020-03-22,Santa Clara,085,1922200,1013,2,1015,16
2020-03-22,Santa Cruz,087,273765,64,0,64,0
2020-03-22,Shasta,089,179085,13,0,13,0
2020-03-22,Sierra,091,2930,0,0,0,0
2020-03-22,Siskiyou,093,43540,4,0,4,0
2020-03-22,Solano,095,438530,65,0,65,0
2020-03-22,Sonoma,097,501317,99,0,99,1
2020-03-22,Stanislaus,099,539301,51,3,54,0
2020-03-22,Sutter,101,95872,8,0,8,0
2020-03-22,Tehama,103,63373,0,0,0,0
2020-03-22,Trinity,105,12862,0,0,0,0
2020-03-22,Tulare,107,460477,62,3,65,0
2020-03-22,Tuolumne,109,53932,2,0,2,0
2020-03-22,Ventura,111,848112,174,0,174,1
2020-03-22,Yolo,113,214977,33,0,33,1
2020-03-22,Yuba,115,75493,7,0,7,0
2020-03-21,Alameda,001,1643700,408,1,409,0
2020-03-21,Alpine,002,1148,1,0,1,0
2020-03-21,Amador,005,37829,2,0,2,0
2020-03-21,Butte,007,227075,7,0,7,0
2020-03-21,Calaveras,009,45235,4,0,4,0
2020-03-21,Colusa,011,21464,1,0,1,0
2020-03-21,Contra Costa,013,1133247,303,0,303,0
2020-03-21,Del Norte,015,27424,0,0,0,0
2020-03-21,El Dorado,017,186661,21,0,21,0
2020-03-21,Fresno,019,978130,99,2,101,0
2020-03-21,Glenn,021,27897,2,0,2,0
2020-03-21,Humboldt,023,135768,25,0,25,0
2020-03-21,Imperial,025,180216,44,0,44,0
2020-03-21,Inyo,027,18085,1,0,1,0
2020-03-21,Kern,029,883053,108,0,108,0
2020-03-21,Kings,031,150075,19,0,19,0
2020-03-21,Lake,033,64148,0,0,0,0
2020-03-21,Lassen,035,31185,3,1,4,0
2020-03-21,Los Angeles,037,10098052,2838,11,2849,11
2020-03-21,Madera,039,155013,33,0,33,0
2020-03-21,Marin,041,260295,16,0,16,0
2020-03-21,Mariposa,043,17540,0,0,0,0
2020-03-21,Mendocino,045,87422,3,0,3,0
2020-03-21,Merced,047,269075,12,0,12,0
2020-03-21,Modoc,049,8938,0,0,0,0
2020-03-21,Mono,051,14174,14,0,14,0
2020-03-21,Monterey,053,433212,48,0,48,1
2020-03-21,Napa,055,140530,17,0,17,0
2020-03-21,Nevada,057,99092,23,1,24,0
2020-03-21,Orange,059,3164182,763,4,767,1
2020-03-21,Placer,061,380077,78,0,78,1
2020-03-21,Plumas,063,18699,0,0,0,0
2020-03-21,Riverside,065,2383286,566,8,574,6
2020-03-21,Sacramento,067,1510023,334,0,334,5
2020-03-21,San Benito,069,59416,17,0,17,1
2020-03-21,San Bernardino,071,2135413,270,0,270,1
2020-03-21,San Diego,073,3302833,901,0,901,1
2020-03-21,San Francisco,075,870044,432,0,432,1
2020-03-21,San Joaquin,077,732212,131,3,134,3
2020-03-21,San Luis Obispo,079,281455,84,0,84,0
2020-03-21,San Mateo,081,765935,426,2,428,1
2020-03-21,Santa Barbara,083,443738,109,1,110,0
2020-03-21,Santa Clara,085,1922200,951,2,953,14
2020-03-21,Santa Cruz,087,273765,62,0,62,0
2020-03-21,Shasta,089,179085,12,0,12,0
2020-03-21,Sierra,091,2930,0,0,0,0
2020-03-21,Siskiyou,093,43540,4,0,4,0
2020-03-21,Solano,095,438530,63,0,63,0
2020-03-21,Sonoma,097,501317,98,0,98,1
2020-03-21,Stanislaus,099,539301,45,3,48,0
2020-03-21,Sutter,101,95872,7,0,7,0
2020-03-21,Tehama,103,63373,0,0,0,0
2020-03-21,Trinity,105,12862,0,0,0,0
2020-03-21,Tulare,107,460477,54,3,57,0
2020-03-21,Tuolumne,109,53932,2,0,2,0
2020-03-21,Ventura,111,848112,166,0,166,0
2020-03-21,Yolo,113,214977,33,0,33,0
2020-03-21,Yuba,115,75493,7,0,7,0
2020-03-20,Alameda,001,1643700,387,1,388,0
2020-03-20,Alpine,002,1148,1,0,1,0
2020-03-20,Amador,005,37829,1,0,1,0
2020-03-20,Butte,007,227075,7,0,7,0
2020-03-20,Calaveras,009,45235,4,0,4,0
2020-03-20,Colusa,011,21464,1,0,1,0
2020-03-20,Contra Costa,013,1133247,273,0,273,0
2020-03-20,Del Norte,015,27424,0,0,0,0
2020-03-20,El Dorado,017,186661,20,0,20,0
2020-03-20,Fresno,019,978130,96,2,98,0
2020-03-20,Glenn,021,27897,1,0,1,0
2020-03-20,Humboldt,023,135768,25,0,25,0
2020-03-20,Imperial,025,180216,43,0,43,0
2020-03-20,Inyo,027,18085,0,0,0,0
2020-03-20,Kern,029,883053,93,0,93,0
2020-03-20,Kings,031,150075,18,0,18,0
2020-03-20,Lake,033,64148,0,0,0,0
2020-03-20,Lassen,035,31185,3,1,4,0
2020-03-20,Los Angeles,037,10098052,2610,10,2620,7
2020-03-20,Madera,039,155013,32,0,32,0
2020-03-20,Marin,041,260295,14,0,14,0
2020-03-20,Mariposa,043,17540,0,0,0,0
2020-03-20,Mendocino,045,87422,3,0,3,0
2020-03-20,Merced,047,269075,10,0,10,0
2020-03-20,Modoc,049,8938,0,0,0,0
2020-03-20,Mono,051,14174,14,0,14,0
2020-03-20,Monterey,053,433212,47,0,47,1
2020-03-20,Napa,055,140530,16,0,16,0
2020-03-20,Nevada,057,99092,20,1,21,0
2020-03-20,Orange,059,3164182,716,4,720,1
2020-03-20,Placer,061,380077,72,0,72,1
2020-03-20,Plumas,063,18699,0,0,0,0
2020-03-20,Riverside,065,2383286,507,8,515,5
2020-03-20,Sacramento,067,1510023,313,0,313,3
2020-03-20,San Benito,069,59416,17,0,17,1
2020-03-20,San Bernardino,071,2135413,243,0,243,1
2020-03-20,San Diego,073,3302833,849,0,849,0
2020-03-20,San Francisco,075,870044,399,0,399,1
2020-03-20,San Joaquin,077,732212,116,3,119,3
2020-03-20,San Luis Obispo,079,281455,80,0,80,0
2020-03-20,San Mateo,081,765935,396,2,398,1
2020-03-20,Santa Barbara,083,443738,97,1,98,0
2020-03-20,Santa Clara,085,1922200,915,2,917,12
2020-03-20,Santa Cruz,087,273765,60,0,60,0
2020-03-20,Shasta,089,179085,11,0,11,0
2020-03-20,Sierra,091,2930,0,0,0,0
2020-03-20,Siskiyou,093,43540,4,0,4,0
2020-03-20,Solano,095,438530,59,0,59,0
2020-03-20,Sonoma,097,501317,90,0,90,1
2020-03-20,Stanislaus,099,539301,39,3,42,0
2020-03-20,Sutter,101,95872,7,0,7,0
2020-03-20,Tehama,103,63373,0,0,0,0
2020-03-20,Trinity,105,12862,0,0,0,0
2020-03-20,Tulare,107,460477,50,3,53,0
2020-03-20,Tuolumne,109,53932,2,0,2,0
2020-03-20,Ventura,111,848112,156,0,156,0
2020-03-20,Yolo,113,214977,31,0,31,0
2020-03-20,Yuba,115,75493,6,0,6,0
2020-03-19,Alameda,001,1643700,351,1,352,0
2020-03-19,Alpine,002,1148,1,0,1,0
2020-03-19,Amador,005,37829,1,0,1,0
2020-03-19,Butte,007,227075,5,0,5,0
2020-03-19,Calaveras,009,45235,4,0,4,0
2020-03-19,Colusa,011,21464,0,0,0,0
2020-03-19,Contra Costa,013,1133247,257,0,257,0
2020-03-19,Del Norte,015,27424,0,0,0,0
2020-03-19,El Dorado,017,186661,18,0,18,0
2020-03-19,Fresno,019,978130,87,2,89,0
2020-03-19,Glenn,021,27897,1,0,1,0
2020-03-19,Humboldt,023,135768,23,0,23,0
2020-03-19,Imperial,025,180216,36,0,36,0
2020-03-19,Inyo,027,18085,0,0,0,0
2020-03-19,Kern,029,883053,81,0,81,0
2020-03-19,Kings,031,150075,14,0,14,0
2020-03-19,Lake,033,64148,0,0,0,0
2020-03-19,Lassen,035,31185,2,1,3,0
2020-03-19,Los Angeles,037,10098052,2320,10,2330,4
2020-03-19,Madera,039,155013,31,0,31,0
2020-03-19,Marin,041,260295,12,0,12,0
2020-03-19,Mariposa,043,17540,0,0,0,0
2020-03-19,Mendocino,045,87422,2,0,2,0
2020-03-19,Merced,047,269075,9,0,9,0
2020-03-19,Modoc,049,8938,0,0,0,0
2020-03-19,Mono,051,14174,12,0,12,0
2020-03-19,Monterey,053,433212,39,0,39,0
2020-03-19,Napa,055,140530,14,0,14,0
2020-03-19,Nevada,057,99092,18,1,19,0
2020-03-19,Orange,059,3164182,635,4,639,1
2020-03-19,Placer,061,380077,64,0,64,1
2020-03-19,Plumas,063,18699,0,0,0,0
2020-03-19,Riverside,065,2383286,396,6,402,5
2020-03-19,Sacramento,067,1510023,280,0,280,3
2020-03-19,San Benito,069,59416,14,0,14,1
2020-03-19,San Bernardino,071,2135413,213,0,213,1
2020-03-19,San Diego,073,3302833,766,0,766,0
2020-03-19,San Francisco,075,870044,363,0,363,1
2020-03-19,San Joaquin,077,732212,102,3,105,3
2020-03-19,San Luis Obispo,079,281455,77,0,77,0
2020-03-19,San Mateo,081,765935,361,2,363,1
2020-03-19,Santa Barbara,083,443738,85,0,85,0
2020-03-19,Santa Clara,085,1922200,848,2,850,10
2020-03-19,Santa Cruz,087,273765,57,0,57,0
2020-03-19,Shasta,089,179085,10,0,10,0
2020-03-19,Sierra,091,2930,0,0,0,0
2020-03-19,Siskiyou,093,43540,3,0,3,0
2020-03-19,Solano,095,438530,55,0,55,0
2020-03-19,Sonoma,097,501317,87,0,87,0
2020-03-19,Stanislaus,099,539301,38,3,41,0
2020-03-19,Sutter,101,95872,7,0,7,0
2020-03-19,Tehama,103,63373,0,0,0,0
2020-03-19,Trinity,105,12862,0,0,0,0
2020-03-19,Tulare,107,460477,44,3,47,0
2020-03-19,Tuolumne,109,53932,2,0,2,0
2020-03-19,Ventura,111,848112,134,0,134,0
2020-03-19,Yolo,113,214977,27,0,27,0
2020-03-19,Yuba,115,75493,5,0,5,0
2020-03-18,Alameda,001,1643700,322,1,323,0
2020-03-18,Alpine,002,1148,1,0,1,0
2020-03-18,Amador,005,37829,1,0,1,0
2020-03-18,Butte,007,227075,4,0,4,0
2020-03-18,Calaveras,009,45235,4,0,4,0
2020-03-18,Colusa,011,21464,0,0,0,0
2020-03-18,Contra Costa,013,1133247,235,0,235,0
2020-03-18,Del Norte,015,27424,0,0,0,0
2020-03-18,El Dorado,017,186661,17,0,17,0
2020-03-18,Fresno,019,978130,78,1,79,0
2020-03-18,Glenn,021,27897,1,0,1,0
2020-03-18,Humboldt,023,135768,19,0,19,0
2020-03-18,Imperial,025,180216,30,0,30,0
2020-03-18,Inyo,027,18085,0,0,0,0
2020-03-18,Kern,029,883053,66,0,66,0
2020-03-18,Kings,031,150075,12,0,12,0
2020-03-18,Lake,033,64148,0,0,0,0
2020-03-18,Lassen,035,31185,1,1,2,0
2020-03-18,Los Angeles,037,10098052,2075,10,2085,0
2020-03-18,Madera,039,155013,30,0,30,0
2020-03-18,Marin,041,260295,12,0,12,0
2020-03-18,Mariposa,043,17540,0,0,0,0
2020-03-18,Mendocino,045,87422,2,0,2,0
2020-03-18,Merced,047,269075,9,0,9,0
2020-03-18,Modoc,049,8938,0,0,0,0
2020-03-18,Mono,051,14174,11,0,11,0
2020-03-18,Monterey,053,433212,31,0,31,0
2020-03-18,Napa,055,140530,11,0,11,0
2020-03-18,Nevada,057,99092,16,1,17,0
2020-03-18,Orange,059,3164182,577,4,581,0
2020-03-18,Placer,061,380077,57,0,57,1
2020-03-18,Plumas,063,18699,0,0,0,0
2020-03-18,Riverside,065,2383286,333,5,338,4
2020-03-18,Sacramento,067,1510023,257,0,257,3
2020-03-18,San Benito,069,59416,13,0,13,1
2020-03-18,San Bernardino,071,2135413,191,0,191,1
2020-03-18,San Diego,073,3302833,681,0,681,0
2020-03-18,San Francisco,075,870044,344,0,344,1
2020-03-18,San Joaquin,077,732212,90,3,93,2
2020-03-18,San Luis Obispo,079,281455,70,0,70,0
2020-03-18,San Mateo,081,765935,340,2,342,1
2020-03-18,Santa Barbara,083,443738,77,0,77,0
2020-03-18,Santa Clara,085,1922200,797,2,799,10
2020-03-18,Santa Cruz,087,273765,55,0,55,0
2020-03-18,Shasta,089,179085,9,0,9,0
2020-03-18,Sierra,091,2930,0,0,0,0
2020-03-18,Siskiyou,093,43540,3,0,3,0
2020-03-18,Solano,095,438530,51,0,51,0
2020-03-18,Sonoma,097,501317,78,0,78,0
2020-03-18,Stanislaus,099,539301,34,2,36,0
2020-03-18,Sutter,101,95872,5,0,5,0
2020-03-18,Tehama,103,63373,0,0,0,0
2020-03-18,Trinity,105,12862,0,0,0,0
2020-03-18,Tulare,107,460477,34,3,37,0
2020-03-18,Tuolumne,109,53932,2,0,2,0
2020-03-18,Ventura,111,848112,115,0,115,0
2020-03-18,Yolo,113,214977,24,0,24,0
2020-03-18,Yuba,115,75493,4,0,4,0
2020-03-17,Alameda,001,1643700,290,0,290,0
2020-03-17,Alpine,002,1148,0,0,0,0
2020-03-17,Amador,005,37829,1,0,1,0
2020-03-17,Butte,007,227075,4,0,4,0
2020-03-17,Calaveras,009,45235,4,0,4,0
2020-03-17,Colusa,011,21464,0,0,0,0
2020-03-17,Contra Costa,013,1133247,213,0,213,0
2020-03-17,Del Norte,015,27424,0,0,0,0
2020-03-17,El Dorado,017,186661,16,0,16,0
2020-03-17,Fresno,019,978130,68,1,69,0
2020-03-17,Glenn,021,27897,1,0,1,0
2020-03-17,Humboldt,023,135768,17,0,17,0
2020-03-17,Imperial,025,180216,24,0,24,0
2020-03-17,Inyo,027,18085,0,0,0,0
2020-03-17,Kern,029,883053,52,0,52,0
2020-03-17,Kings,031,150075,9,0,9,0
2020-03-17,Lake,033,64148,0,0,0,0
2020-03-17,Lassen,035,31185,1,1,2,0
2020-03-17,Los Angeles,037,10098052,1866,10,1876,0
2020-03-17,Madera,039,155013,22,0,22,0
2020-03-17,Marin,041,260295,11,0,11,0
2020-03-17,Mariposa,043,17540,0,0,0,0
2020-03-17,Mendocino,045,87422,2,0,2,0
2020-03-17,Merced,047,269075,9,0,9,0
2020-03-17,Modoc,049,8938,0,0,0,0
2020-03-17,Mono,051,14174,9,0,9,0
2020-03-17,Monterey,053,433212,29,0,29,0
2020-03-17,Napa,055,140530,8,0,8,0
2020-03-17,Nevada,057,99092,15,1,16,0
2020-03-17,Orange,059,3164182,499,3,502,0
2020-03-17,Placer,061,380077,47,0,47,1
2020-03-17,Plumas,063,18699,0,0,0,0
2020-03-17,Riverside,065,2383286,271,5,276,4
2020-03-17,Sacramento,067,1510023,237,0,237,3
2020-03-17,San Benito,069,59416,12,0,12,1
2020-03-17,San Bernardino,071,2135413,163,0,163,1
2020-03-17,San Diego,073,3302833,614,0,614,0
2020-03-17,San Francisco,075,870044,317,0,317,1
2020-03-17,San Joaquin,077,732212,84,3,87,2
2020-03-17,San Luis Obispo,079,281455,62,0,62,0
2020-03-17,San Mateo,081,765935,308,2,310,1
2020-03-17,Santa Barbara,083,443738,65,0,65,0
2020-03-17,Santa Clara,085,1922200,739,2,741,10
2020-03-17,Santa Cruz,087,273765,52,0,52,0
2020-03-17,Shasta,089,179085,5,0,5,0
2020-03-17,Sierra,091,2930,0,0,0,0
2020-03-17,Siskiyou,093,43540,3,0,3,0
2020-03-17,Solano,095,438530,48,0,48,0
2020-03-17,Sonoma,097,501317,70,0,70,0
2020-03-17,Stanislaus,099,539301,31,2,33,0
2020-03-17,Sutter,101,95872,5,0,5,0
2020-03-17,Tehama,103,63373,0,0,0,0
2020-03-17,Trinity,105,12862,0,0,0,0
2020-03-17,Tulare,107,460477,29,3,32,0
2020-03-17,Tuolumne,109,53932,2,0,2,0
2020-03-17,Ventura,111,848112,98,0,98,0
2020-03-17,Yolo,113,214977,20,0,20,0
2020-03-17,Yuba,115,75493,4,0,4,0
2020-03-16,Alameda,001,1643700,261,0,261,0
2020-03-16,Alpine,002,1148,0,0,0,0
2020-03-16,Amador,005,37829,1,0,1,0
2020-03-16,Butte,007,227075,3,0,3,0
2020-03-16,Calaveras,009,45235,4,0,4,0
2020-03-16,Colusa,011,21464,0,0,0,0
2020-03-16,Contra Costa,013,1133247,189,0,189,0
2020-03-16,Del Norte,015,27424,0,0,0,0
2020-03-16,El Dorado,017,186661,15,0,15,0
2020-03-16,Fresno,019,978130,53,1,54,0
2020-03-16,Glenn,021,27897,0,0,0,0
2020-03-16,Humboldt,023,135768,13,0,13,0
2020-03-16,Imperial,025,180216,19,0,19,0
2020-03-16,Inyo,027,18085,0,0,0,0
2020-03-16,Kern,029,883053,43,0,43,0
2020-03-16,Kings,031,150075,8,0,8,0
2020-03-16,Lake,033,64148,0,0,0,0
2020-03-16,Lassen,035,31185,1,0,1,0
2020-03-16,Los Angeles,037,10098052,1628,10,1638,0
2020-03-16,Madera,039,155013,21,0,21,0
2020-03-16,Marin,041,260295,10,0,10,0
2020-03-16,Mariposa,043,17540,0,0,0,0
2020-03-16,Mendocino,045,87422,2,0,2,0
2020-03-16,Merced,047,269075,7,0,7,0
2020-03-16,Modoc,049,8938,0,0,0,0
2020-03-16,Mono,051,14174,7,0,7,0
2020-03-16,Monterey,053,433212,28,0,28,0
2020-03-16,Napa,055,140530,7,0,7,0
2020-03-16,Nevada,057,99092,11,1,12,0
2020-03-16,Orange,059,3164182,416,3,419,0
2020-03-16,Placer,061,380077,39,0,39,1
2020-03-16,Plumas,063,18699,0,0,0,0
2020-03-16,Riverside,065,2383286,235,5,240,4
2020-03-16,Sacramento,067,1510023,210,0,210,2
2020-03-16,San Benito,069,59416,8,0,8,1
2020-03-16,San Bernardino,071,2135413,143,0,143,1
2020-03-16,San Diego,073,3302833,523,0,523,0
2020-03-16,San Francisco,075,870044,279,0,279,0
2020-03-16,San Joaquin,077,732212,74,3,77,1
2020-03-16,San Luis Obispo,079,281455,55,0,55,0
2020-03-16,San Mateo,081,765935,269,2,271,1
2020-03-16,Santa Barbara,083,443738,55,0,55,0
2020-03-16,Santa Clara,085,1922200,659,1,660,7
2020-03-16,Santa Cruz,087,273765,45,0,45,0
2020-03-16,Shasta,089,179085,5,0,5,0
2020-03-16,Sierra,091,2930,0,0,0,0
2020-03-16,Siskiyou,093,43540,2,0,2,0
2020-03-16,Solano,095,438530,43,0,43,0
2020-03-16,Sonoma,097,501317,62,0,62,0
2020-03-16,Stanislaus,099,539301,27,2,29,0
2020-03-16,Sutter,101,95872,3,0,3,0
2020-03-16,Tehama,103,63373,0,0,0,0
2020-03-16,Trinity,105,12862,0,0,0,0
2020-03-16,Tulare,107,460477,25,3,28,0
2020-03-16,Tuolumne,109,53932,2,0,2,0
2020-03-16,Ventura,111,848112,88,0,88,0
2020-03-16,Yolo,113,214977,18,0,18,0
2020-03-16,Yuba,115,75493,3,0,3,0
2020-03-15,Alameda,001,1643700,214,0,214,0
2020-03-15,Alpine,002,1148,0,0,0,0
2020-03-15,Amador,005,37829,1,0,1,0
2020-03-15,Butte,007,227075,3,0,3,0
2020-03-15,Calaveras,009,45235,2,0,2,0
2020-03-15,Colusa,011,21464,0,0,0,0
2020-03-15,Contra Costa,013,1133247,164,0,164,0
2020-03-15,Del Norte,015,27424,0,0,0,0
2020-03-15,El Dorado,017,186661,14,0,14,0
2020-03-15,Fresno,019,978130,33,1,34,0
2020-03-15,Glenn,021,27897,0,0,0,0
2020-03-15,Humboldt,023,135768,11,0,11,0
2020-03-15,Imperial,025,180216,14,0,14,0
2020-03-15,Inyo,027,18085,0,0,0,0
2020-03-15,Kern,029,883053,37,0,37,0
2020-03-15,Kings,031,150075,8,0,8,0
2020-03-15,Lake,033,64148,0,0,0,0
2020-03-15,Lassen,035,31185,1,0,1,0
2020-03-15,Los Angeles,037,10098052,1380,10,1390,0
2020-03-15,Madera,039,155013,20,0,20,0
2020-03-15,Marin,041,260295,10,0,10,0
2020-03-15,Mariposa,043,17540,0,0,0,0
2020-03-15,Mendocino,045,87422,2,0,2,0
2020-03-15,Merced,047,269075,4,0,4,0
2020-03-15,Modoc,049,8938,0,0,0,0
2020-03-15,Mono,051,14174,6,0,6,0
2020-03-15,Monterey,053,433212,21,0,21,0
2020-03-15,Napa,055,140530,7,0,7,0
2020-03-15,Nevada,057,99092,11,1,12,0
2020-03-15,Orange,059,3164182,348,1,349,0
2020-03-15,Placer,061,380077,33,0,33,1
2020-03-15,Plumas,063,18699,0,0,0,0
2020-03-15,Riverside,065,2383286,183,5,188,1
2020-03-15,Sacramento,067,1510023,174,0,174,2
2020-03-15,San Benito,069,59416,8,0,8,0
2020-03-15,San Bernardino,071,2135413,121,0,121,1
2020-03-15,San Diego,073,3302833,436,0,436,0
2020-03-15,San Francisco,075,870044,221,0,221,0
2020-03-15,San Joaquin,077,732212,63,3,66,0
2020-03-15,San Luis Obispo,079,281455,45,0,45,0
2020-03-15,San Mateo,081,765935,235,1,236,1
2020-03-15,Santa Barbara,083,443738,46,0,46,0
2020-03-15,Santa Clara,085,1922200,587,1,588,7
2020-03-15,Santa Cruz,087,273765,38,0,38,0
2020-03-15,Shasta,089,179085,5,0,5,0
2020-03-15,Sierra,091,2930,0,0,0,0
2020-03-15,Siskiyou,093,43540,2,0,2,0
2020-03-15,Solano,095,438530,42,0,42,0
2020-03-15,Sonoma,097,501317,53,0,53,0
2020-03-15,Stanislaus,099,539301,26,2,28,0
2020-03-15,Sutter,101,95872,2,0,2,0
2020-03-15,Tehama,103,63373,0,0,0,0
2020-03-15,Trinity,105,12862,0,0,0,0
2020-03-15,Tulare,107,460477,19,3,22,0
2020-03-15,Tuolumne,109,53932,1,0,1,0
2020-03-15,Ventura,111,848112,77,0,77,0
2020-03-15,Yolo,113,214977,15,0,15,0
2020-03-15,Yuba,115,75493,2,0,2,0
2020-03-14,Alameda,001,1643700,195,0,195,0
2020-03-14,Alpine,002,1148,0,0,0,0
2020-03-14,Amador,005,37829,1,0,1,0
2020-03-14,Butte,007,227075,2,0,2,0
2020-03-14,Calaveras,009,45235,2,0,2,0
2020-03-14,Colusa,011,21464,0,0,0,0
2020-03-14,Contra Costa,013,1133247,142,0,142,0
2020-03-14,Del Norte,015,27424,0,0,0,0
2020-03-14,El Dorado,017,186661,12,0,12,0
2020-03-14,Fresno,019,978130,25,1,26,0
2020-03-14,Glenn,021,27897,0,0,0,0
2020-03-14,Humboldt,023,135768,7,0,7,0
2020-03-14,Imperial,025,180216,10,0,10,0
2020-03-14,Inyo,027,18085,0,0,0,0
2020-03-14,Kern,029,883053,32,0,32,0
2020-03-14,Kings,031,150075,8,0,8,0
2020-03-14,Lake,033,64148,0,0,0,0
2020-03-14,Lassen,035,31185,1,0,1,0
2020-03-14,Los Angeles,037,10098052,1198,10,1208,0
2020-03-14,Madera,039,155013,19,0,19,0
2020-03-14,Marin,041,260295,10,0,10,0
2020-03-14,Mariposa,043,17540,0,0,0,0
2020-03-14,Mendocino,045,87422,2,0,2,0
2020-03-14,Merced,047,269075,4,0,4,0
2020-03-14,Modoc,049,8938,0,0,0,0
2020-03-14,Mono,051,14174,5,0,5,0
2020-03-14,Monterey,053,433212,15,0,15,0
2020-03-14,Napa,055,140530,5,0,5,0
2020-03-14,Nevada,057,99092,8,1,9,0
2020-03-14,Orange,059,3164182,309,0,309,0
2020-03-14,Placer,061,380077,29,0,29,1
2020-03-14,Plumas,063,18699,0,0,0,0
2020-03-14,Riverside,065,2383286,163,5,168,1
2020-03-14,Sacramento,067,1510023,152,0,152,1
2020-03-14,San Benito,069,59416,8,0,8,0
2020-03-14,San Bernardino,071,2135413,102,0,102,1
2020-03-14,San Diego,073,3302833,361,0,361,0
2020-03-14,San Francisco,075,870044,200,0,200,0
2020-03-14,San Joaquin,077,732212,54,3,57,0
2020-03-14,San Luis Obispo,079,281455,40,0,40,0
2020-03-14,San Mateo,081,765935,212,1,213,1
2020-03-14,Santa Barbara,083,443738,37,0,37,0
2020-03-14,Santa Clara,085,1922200,532,1,533,6
2020-03-14,Santa Cruz,087,273765,33,0,33,0
2020-03-14,Shasta,089,179085,5,0,5,0
2020-03-14,Sierra,091,2930,0,0,0,0
2020-03-14,Siskiyou,093,43540,1,0,1,0
2020-03-14,Solano,095,438530,40,0,40,0
2020-03-14,Sonoma,097,501317,40,0,40,0
2020-03-14,Stanislaus,099,539301,22,2,24,0
2020-03-14,Sutter,101,95872,2,0,2,0
2020-03-14,Tehama,103,63373,0,0,0,0
2020-03-14,Trinity,105,12862,0,0,0,0
2020-03-14,Tulare,107,460477,17,2,19,0
2020-03-14,Tuolumne,109,53932,1,0,1,0
2020-03-14,Ventura,111,848112,68,0,68,0
2020-03-14,Yolo,113,214977,15,0,15,0
2020-03-14,Yuba,115,75493,1,0,1,0
2020-03-13,Alameda,001,1643700,176,0,176,0
2020-03-13,Alpine,002,1148,0,0,0,0
2020-03-13,Amador,005,37829,1,0,1,0
2020-03-13,Butte,007,227075,0,0,0,0
2020-03-13,Calaveras,009,45235,2,0,2,0
2020-03-13,Colusa,011,21464,0,0,0,0
2020-03-13,Contra Costa,013,1133247,128,0,128,0
2020-03-13,Del Norte,015,27424,0,0,0,0
2020-03-13,El Dorado,017,186661,11,0,11,0
2020-03-13,Fresno,019,978130,20,1,21,0
2020-03-13,Glenn,021,27897,0,0,0,0
2020-03-13,Humboldt,023,135768,7,0,7,0
2020-03-13,Imperial,025,180216,9,0,9,0
2020-03-13,Inyo,027,18085,0,0,0,0
2020-03-13,Kern,029,883053,27,0,27,0
2020-03-13,Kings,031,150075,7,0,7,0
2020-03-13,Lake,033,64148,0,0,0,0
2020-03-13,Lassen,035,31185,1,0,1,0
2020-03-13,Los Angeles,037,10098052,1041,8,1049,0
2020-03-13,Madera,039,155013,18,0,18,0
2020-03-13,Marin,041,260295,10,0,10,0
2020-03-13,Mariposa,043,17540,0,0,0,0
2020-03-13,Mendocino,045,87422,2,0,2,0
2020-03-13,Merced,047,269075,2,0,2,0
2020-03-13,Modoc,049,8938,0,0,0,0
2020-03-13,Mono,051,14174,3,0,3,0
2020-03-13,Monterey,053,433212,10,0,10,0
2020-03-13,Napa,055,140530,3,0,3,0
2020-03-13,Nevada,057,99092,7,1,8,0
2020-03-13,Orange,059,3164182,269,0,269,0
2020-03-13,Placer,061,380077,27,0,27,1
2020-03-13,Plumas,063,18699,0,0,0,0
2020-03-13,Riverside,065,2383286,133,4,137,1
2020-03-13,Sacramento,067,1510023,130,0,130,1
2020-03-13,San Benito,069,59416,6,0,6,0
2020-03-13,San Bernardino,071,2135413,96,0,96,1
2020-03-13,San Diego,073,3302833,311,0,311,0
2020-03-13,San Francisco,075,870044,185,0,185,0
2020-03-13,San Joaquin,077,732212,50,3,53,0
2020-03-13,San Luis Obispo,079,281455,33,0,33,0
2020-03-13,San Mateo,081,765935,191,1,192,0
2020-03-13,Santa Barbara,083,443738,33,0,33,0
2020-03-13,Santa Clara,085,1922200,470,1,471,6
2020-03-13,Santa Cruz,087,273765,32,0,32,0
2020-03-13,Shasta,089,179085,3,0,3,0
2020-03-13,Sierra,091,2930,0,0,0,0
2020-03-13,Siskiyou,093,43540,0,0,0,0
2020-03-13,Solano,095,438530,39,0,39,0
2020-03-13,Sonoma,097,501317,39,0,39,0
2020-03-13,Stanislaus,099,539301,17,2,19,0
2020-03-13,Sutter,101,95872,2,0,2,0
2020-03-13,Tehama,103,63373,0,0,0,0
2020-03-13,Trinity,105,12862,0,0,0,0
2020-03-13,Tulare,107,460477,14,2,16,0
2020-03-13,Tuolumne,109,53932,1,0,1,0
2020-03-13,Ventura,111,848112,54,0,54,0
2020-03-13,Yolo,113,214977,14,0,14,0
2020-03-13,Yuba,115,75493,1,0,1,0
2020-03-12,Alameda,001,1643700,151,0,151,0
2020-03-12,Alpine,002,1148,0,0,0,0
2020-03-12,Amador,005,37829,1,0,1,0
2020-03-12,Butte,007,227075,0,0,0,0
2020-03-12,Calaveras,009,45235,2,0,2,0
2020-03-12,Colusa,011,21464,0,0,0,0
2020-03-12,Contra Costa,013,1133247,110,0,110,0
2020-03-12,Del Norte,015,27424,0,0,0,0
2020-03-12,El Dorado,017,186661,9,0,9,0
2020-03-12,Fresno,019,978130,12,1,13,0
2020-03-12,Glenn,021,27897,0,0,0,0
2020-03-12,Humboldt,023,135768,6,0,6,0
2020-03-12,Imperial,025,180216,8,0,8,0
2020-03-12,Inyo,027,18085,0,0,0,0
2020-03-12,Kern,029,883053,18,0,18,0
2020-03-12,Kings,031,150075,4,0,4,0
2020-03-12,Lake,033,64148,0,0,0,0
2020-03-12,Lassen,035,31185,1,0,1,0
2020-03-12,Los Angeles,037,10098052,877,8,885,0
2020-03-12,Madera,039,155013,15,0,15,0
2020-03-12,Marin,041,260295,7,0,7,0
2020-03-12,Mariposa,043,17540,0,0,0,0
2020-03-12,Mendocino,045,87422,2,0,2,0
2020-03-12,Merced,047,269075,2,0,2,0
2020-03-12,Modoc,049,8938,0,0,0,0
2020-03-12,Mono,051,14174,3,0,3,0
2020-03-12,Monterey,053,433212,8,0,8,0
2020-03-12,Napa,055,140530,3,0,3,0
2020-03-12,Nevada,057,99092,4,1,5,0
2020-03-12,Orange,059,3164182,232,0,232,0
2020-03-12,Placer,061,380077,23,0,23,1
2020-03-12,Plumas,063,18699,0,0,0,0
2020-03-12,Riverside,065,2383286,107,2,109,1
2020-03-12,Sacramento,067,1510023,106,0,106,1
2020-03-12,San Benito,069,59416,5,0,5,0
2020-03-12,San Bernardino,071,2135413,80,0,80,1
2020-03-12,San Diego,073,3302833,256,0,256,0
2020-03-12,San Francisco,075,870044,159,0,159,0
2020-03-12,San Joaquin,077,732212,44,3,47,0
2020-03-12,San Luis Obispo,079,281455,26,0,26,0
2020-03-12,San Mateo,081,765935,157,1,158,0
2020-03-12,Santa Barbara,083,443738,22,0,22,0
2020-03-12,Santa Clara,085,1922200,412,1,413,5
2020-03-12,Santa Cruz,087,273765,29,0,29,0
2020-03-12,Shasta,089,179085,2,0,2,0
2020-03-12,Sierra,091,2930,0,0,0,0
2020-03-12,Siskiyou,093,43540,0,0,0,0
2020-03-12,Solano,095,438530,34,0,34,0
2020-03-12,Sonoma,097,501317,34,0,34,0
2020-03-12,Stanislaus,099,539301,15,2,17,0
2020-03-12,Sutter,101,95872,0,0,0,0
2020-03-12,Tehama,103,63373,0,0,0,0
2020-03-12,Trinity,105,12862,0,0,0,0
2020-03-12,Tulare,107,460477,12,1,13,0
2020-03-12,Tuolumne,109,53932,1,0,1,0
2020-03-12,Ventura,111,848112,45,0,45,0
2020-03-12,Yolo,113,214977,13,0,13,0
2020-03-12,Yuba,115,75493,1,0,1,0
2020-03-11,Alameda,001,1643700,121,0,121,0
2020-03-11,Alpine,002,1148,0,0,0,0
2020-03-11,Amador,005,37829,1,0,1,0
2020-03-11,Butte,007,227075,0,0,0,0
2020-03-11,Calaveras,009,45235,2,0,2,0
2020-03-11,Colusa,011,21464,0,0,0,0
2020-03-11,Contra Costa,013,1133247,94,0,94,0
2020-03-11,Del Norte,015,27424,0,0,0,0
2020-03-11,El Dorado,017,186661,8,0,8,0
2020-03-11,Fresno,019,978130,9,1,10,0
2020-03-11,Glenn,021,27897,0,0,0,0
2020-03-11,Humboldt,023,135768,6,0,6,0
2020-03-11,Imperial,025,180216,6,0,6,0
2020-03-11,Inyo,027,18085,0,0,0,0
2020-03-11,Kern,029,883053,16,0,16,0
2020-03-11,Kings,031,150075,2,0,2,0
2020-03-11,Lake,033,64148,0,0,0,0
2020-03-11,Lassen,035,31185,1,0,1,0
2020-03-11,Los Angeles,037,10098052,704,8,712,0
2020-03-11,Madera,039,155013,12,0,12,0
2020-03-11,Marin,041,260295,7,0,7,0
2020-03-11,Mariposa,043,17540,0,0,0,0
2020-03-11,Mendocino,045,87422,1,0,1,0
2020-03-11,Merced,047,269075,2,0,2,0
2020-03-11,Modoc,049,8938,0,0,0,0
2020-03-11,Mono,051,14174,3,0,3,0
2020-03-11,Monterey,053,433212,7,0,7,0
2020-03-11,Napa,055,140530,2,0,2,0
2020-03-11,Nevada,057,99092,4,1,5,0
2020-03-11,Orange,059,3164182,203,0,203,0
2020-03-11,Placer,061,380077,18,0,18,1
2020-03-11,Plumas,063,18699,0,0,0,0
2020-03-11,Riverside,065,2383286,81,1,82,1
2020-03-11,Sacramento,067,1510023,88,0,88,1
2020-03-11,San Benito,069,59416,5,0,5,0
2020-03-11,San Bernardino,071,2135413,73,0,73,1
2020-03-11,San Diego,073,3302833,206,0,206,0
2020-03-11,San Francisco,075,870044,127,0,127,0
2020-03-11,San Joaquin,077,732212,33,3,36,0
2020-03-11,San Luis Obispo,079,281455,23,0,23,0
2020-03-11,San Mateo,081,765935,139,0,139,0
2020-03-11,Santa Barbara,083,443738,13,0,13,0
2020-03-11,Santa Clara,085,1922200,371,1,372,5
2020-03-11,Santa Cruz,087,273765,26,0,26,0
2020-03-11,Shasta,089,179085,2,0,2,0
2020-03-11,Sierra,091,2930,0,0,0,0
2020-03-11,Siskiyou,093,43540,0,0,0,0
2020-03-11,Solano,095,438530,29,0,29,0
2020-03-11,Sonoma,097,501317,30,0,30,0
2020-03-11,Stanislaus,099,539301,15,2,17,0
2020-03-11,Sutter,101,95872,0,0,0,0
2020-03-11,Tehama,103,63373,0,0,0,0
2020-03-11,Trinity,105,12862,0,0,0,0
2020-03-11,Tulare,107,460477,10,1,11,0
2020-03-11,Tuolumne,109,53932,1,0,1,0
2020-03-11,Ventura,111,848112,37,0,37,0
2020-03-11,Yolo,113,214977,9,0,9,0
2020-03-11,Yuba,115,75493,1,0,1,0
2020-03-10,Alameda,001,1643700,101,0,101,0
2020-03-10,Alpine,002,1148,0,0,0,0
2020-03-10,Amador,005,37829,1,0,1,0
2020-03-10,Butte,007,227075,0,0,0,0
2020-03-10,Calaveras,009,45235,2,0,2,0
2020-03-10,Colusa,011,21464,0,0,0,0
2020-03-10,Contra Costa,013,1133247,84,0,84,0
2020-03-10,Del Norte,015,27424,0,0,0,0
2020-03-10,El Dorado,017,186661,7,0,7,0
2020-03-10,Fresno,019,978130,7,1,8,0
2020-03-10,Glenn,021,27897,0,0,0,0
2020-03-10,Humboldt,023,135768,6,0,6,0
2020-03-10,Imperial,025,180216,5,0,5,0
2020-03-10,Inyo,027,18085,0,0,0,0
2020-03-10,Kern,029,883053,11,0,11,0
2020-03-10,Kings,031,150075,2,0,2,0
2020-03-10,Lake,033,64148,0,0,0,0
2020-03-10,Lassen,035,31185,1,0,1,0
2020-03-10,Los Angeles,037,10098052,568,8,576,0
2020-03-10,Madera,039,155013,7,0,7,0
2020-03-10,Marin,041,260295,7,0,7,0
2020-03-10,Mariposa,043,17540,0,0,0,0
2020-03-10,Mendocino,045,87422,0,0,0,0
2020-03-10,Merced,047,269075,2,0,2,0
2020-03-10,Modoc,049,8938,0,0,0,0
2020-03-10,Mono,051,14174,3,0,3,0
2020-03-10,Monterey,053,433212,5,0,5,0
2020-03-10,Napa,055,140530,2,0,2,0
2020-03-10,Nevada,057,99092,3,1,4,0
2020-03-10,Orange,059,3164182,183,0,183,0
2020-03-10,Placer,061,380077,14,0,14,1
2020-03-10,Plumas,063,18699,0,0,0,0
2020-03-10,Riverside,065,2383286,59,1,60,0
2020-03-10,Sacramento,067,1510023,79,0,79,1
2020-03-10,San Benito,069,59416,5,0,5,0
2020-03-10,San Bernardino,071,2135413,65,0,65,1
2020-03-10,San Diego,073,3302833,163,0,163,0
2020-03-10,San Francisco,075,870044,94,0,94,0
2020-03-10,San Joaquin,077,732212,30,3,33,0
2020-03-10,San Luis Obispo,079,281455,15,0,15,0
2020-03-10,San Mateo,081,765935,123,0,123,0
2020-03-10,Santa Barbara,083,443738,10,0,10,0
2020-03-10,Santa Clara,085,1922200,322,1,323,5
2020-03-10,Santa Cruz,087,273765,22,0,22,0
2020-03-10,Shasta,089,179085,2,0,2,0
2020-03-10,Sierra,091,2930,0,0,0,0
2020-03-10,Siskiyou,093,43540,0,0,0,0
2020-03-10,Solano,095,438530,27,0,27,0
2020-03-10,Sonoma,097,501317,27,0,27,0
2020-03-10,Stanislaus,099,539301,11,2,13,0
2020-03-10,Sutter,101,95872,0,0,0,0
2020-03-10,Tehama,103,63373,0,0,0,0
2020-03-10,Trinity,105,12862,0,0,0,0
2020-03-10,Tulare,107,460477,9,1,10,0
2020-03-10,Tuolumne,109,53932,1,0,1,0
2020-03-10,Ventura,111,848112,29,0,29,0
2020-03-10,Yolo,113,214977,6,0,6,0
2020-03-10,Yuba,115,75493,1,0,1,0
2020-03-09,Alameda,001,1643700,73,0,73,0
2020-03-09,Alpine,002,1148,0,0,0,0
2020-03-09,Amador,005,37829,0,0,0,0
2020-03-09,Butte,007,227075,0,0,0,0
2020-03-09,Calaveras,009,45235,2,0,2,0
2020-03-09,Colusa,011,21464,0,0,0,0
2020-03-09,Contra Costa,013,1133247,72,0,72,0
2020-03-09,Del Norte,015,27424,0,0,0,0
2020-03-09,El Dorado,017,186661,5,0,5,0
2020-03-09,Fresno,019,978130,7,1,8,0
2020-03-09,Glenn,021,27897,0,0,0,0
2020-03-09,Humboldt,023,135768,5,0,5,0
2020-03-09,Imperial,025,180216,5,0,5,0
2020-03-09,Inyo,027,18085,0,0,0,0
2020-03-09,Kern,029,883053,8,0,8,0
2020-03-09,Kings,031,150075,1,0,1,0
2020-03-09,Lake,033,64148,0,0,0,0
2020-03-09,Lassen,035,31185,1,0,1,0
2020-03-09,Los Angeles,037,10098052,464,7,471,0
2020-03-09,Madera,039,155013,7,0,7,0
2020-03-09,Marin,041,260295,7,0,7,0
2020-03-09,Mariposa,043,17540,0,0,0,0
2020-03-09,Mendocino,045,87422,0,0,0,0
2020-03-09,Merced,047,269075,2,0,2,0
2020-03-09,Modoc,049,8938,0,0,0,0
2020-03-09,Mono,051,14174,3,0,3,0
2020-03-09,Monterey,053,433212,3,0,3,0
2020-03-09,Napa,055,140530,2,0,2,0
2020-03-09,Nevada,057,99092,2,1,3,0
2020-03-09,Orange,059,3164182,155,0,155,0
2020-03-09,Placer,061,380077,12,0,12,1
2020-03-09,Plumas,063,18699,0,0,0,0
2020-03-09,Riverside,065,2383286,49,1,50,0
2020-03-09,Sacramento,067,1510023,75,0,75,1
2020-03-09,San Benito,069,59416,3,0,3,0
2020-03-09,San Bernardino,071,2135413,54,0,54,1
2020-03-09,San Diego,073,3302833,124,0,124,0
2020-03-09,San Francisco,075,870044,72,0,72,0
2020-03-09,San Joaquin,077,732212,21,3,24,0
2020-03-09,San Luis Obispo,079,281455,15,0,15,0
2020-03-09,San Mateo,081,765935,109,0,109,0
2020-03-09,Santa Barbara,083,443738,8,0,8,0
2020-03-09,Santa Clara,085,1922200,278,1,279,5
2020-03-09,Santa Cruz,087,273765,19,0,19,0
2020-03-09,Shasta,089,179085,2,0,2,0
2020-03-09,Sierra,091,2930,0,0,0,0
2020-03-09,Siskiyou,093,43540,0,0,0,0
2020-03-09,Solano,095,438530,25,0,25,0
2020-03-09,Sonoma,097,501317,22,0,22,0
2020-03-09,Stanislaus,099,539301,11,2,13,0
2020-03-09,Sutter,101,95872,0,0,0,0
2020-03-09,Tehama,103,63373,0,0,0,0
2020-03-09,Trinity,105,12862,0,0,0,0
2020-03-09,Tulare,107,460477,9,1,10,0
2020-03-09,Tuolumne,109,53932,1,0,1,0
2020-03-09,Ventura,111,848112,25,0,25,0
2020-03-09,Yolo,113,214977,5,0,5,0
2020-03-09,Yuba,115,75493,0,0,0,0
2020-03-08,Alameda,001,1643700,48,0,48,0
2020-03-08,Alpine,002,1148,0,0,0,0
2020-03-08,Amador,005,37829,0,0,0,0
2020-03-08,Butte,007,227075,0,0,0,0
2020-03-08,Calaveras,009,45235,2,0,2,0
2020-03-08,Colusa,011,21464,0,0,0,0
2020-03-08,Contra Costa,013,1133247,58,0,58,0
2020-03-08,Del Norte,015,27424,0,0,0,0
2020-03-08,El Dorado,017,186661,5,0,5,0
2020-03-08,Fresno,019,978130,5,1,6,0
2020-03-08,Glenn,021,27897,0,0,0,0
2020-03-08,Humboldt,023,135768,5,0,5,0
2020-03-08,Imperial,025,180216,5,0,5,0
2020-03-08,Inyo,027,18085,0,0,0,0
2020-03-08,Kern,029,883053,8,0,8,0
2020-03-08,Kings,031,150075,0,0,0,0
2020-03-08,Lake,033,64148,0,0,0,0
2020-03-08,Lassen,035,31185,0,0,0,0
2020-03-08,Los Angeles,037,10098052,369,7,376,0
2020-03-08,Madera,039,155013,7,0,7,0
2020-03-08,Marin,041,260295,7,0,7,0
2020-03-08,Mariposa,043,17540,0,0,0,0
2020-03-08,Mendocino,045,87422,0,0,0,0
2020-03-08,Merced,047,269075,2,0,2,0
2020-03-08,Modoc,049,8938,0,0,0,0
2020-03-08,Mono,051,14174,3,0,3,0
2020-03-08,Monterey,053,433212,3,0,3,0
2020-03-08,Napa,055,140530,2,0,2,0
2020-03-08,Nevada,057,99092,1,1,2,0
2020-03-08,Orange,059,3164182,130,0,130,0
2020-03-08,Placer,061,380077,11,0,11,1
2020-03-08,Plumas,063,18699,0,0,0,0
2020-03-08,Riverside,065,2383286,41,1,42,0
2020-03-08,Sacramento,067,1510023,65,0,65,0
2020-03-08,San Benito,069,59416,3,0,3,0
2020-03-08,San Bernardino,071,2135413,43,0,43,1
2020-03-08,San Diego,073,3302833,90,0,90,0
2020-03-08,San Francisco,075,870044,53,0,53,0
2020-03-08,San Joaquin,077,732212,18,3,21,0
2020-03-08,San Luis Obispo,079,281455,9,0,9,0
2020-03-08,San Mateo,081,765935,96,0,96,0
2020-03-08,Santa Barbara,083,443738,5,0,5,0
2020-03-08,Santa Clara,085,1922200,236,1,237,3
2020-03-08,Santa Cruz,087,273765,17,0,17,0
2020-03-08,Shasta,089,179085,2,0,2,0
2020-03-08,Sierra,091,2930,0,0,0,0
2020-03-08,Siskiyou,093,43540,0,0,0,0
2020-03-08,Solano,095,438530,24,0,24,0
2020-03-08,Sonoma,097,501317,17,0,17,0
2020-03-08,Stanislaus,099,539301,10,2,12,0
2020-03-08,Sutter,101,95872,0,0,0,0
2020-03-08,Tehama,103,63373,0,0,0,0
2020-03-08,Trinity,105,12862,0,0,0,0
2020-03-08,Tulare,107,460477,9,0,9,0
2020-03-08,Tuolumne,109,53932,1,0,1,0
2020-03-08,Ventura,111,848112,21,0,21,0
2020-03-08,Yolo,113,214977,2,0,2,0
2020-03-08,Yuba,115,75493,0,0,0,0
2020-03-07,Alameda,001,1643700,43,0,43,0
2020-03-07,Alpine,002,1148,0,0,0,0
2020-03-07,Amador,005,37829,0,0,0,0
2020-03-07,Butte,007,227075,0,0,0,0
2020-03-07,Calaveras,009,45235,2,0,2,0
2020-03-07,Colusa,011,21464,0,0,0,0
2020-03-07,Contra Costa,013,1133247,55,0,55,0
2020-03-07,Del Norte,015,27424,0,0,0,0
2020-03-07,El Dorado,017,186661,4,0,4,0
2020-03-07,Fresno,019,978130,4,1,5,0
2020-03-07,Glenn,021,27897,0,0,0,0
2020-03-07,Humboldt,023,135768,5,0,5,0
2020-03-07,Imperial,025,180216,4,0,4,0
2020-03-07,Inyo,027,18085,0,0,0,0
2020-03-07,Kern,029,883053,7,0,7,0
2020-03-07,Kings,031,150075,0,0,0,0
2020-03-07,Lake,033,64148,0,0,0,0
2020-03-07,Lassen,035,31185,0,0,0,0
2020-03-07,Los Angeles,037,10098052,318,7,325,0
2020-03-07,Madera,039,155013,6,0,6,0
2020-03-07,Marin,041,260295,7,0,7,0
2020-03-07,Mariposa,043,17540,0,0,0,0
2020-03-07,Mendocino,045,87422,0,0,0,0
2020-03-07,Merced,047,269075,2,0,2,0
2020-03-07,Modoc,049,8938,0,0,0,0
2020-03-07,Mono,051,14174,3,0,3,0
2020-03-07,Monterey,053,433212,3,0,3,0
2020-03-07,Napa,055,140530,1,0,1,0
2020-03-07,Nevada,057,99092,1,1,2,0
2020-03-07,Orange,059,3164182,122,0,122,0
2020-03-07,Placer,061,380077,11,0,11,1
2020-03-07,Plumas,063,18699,0,0,0,0
2020-03-07,Riverside,065,2383286,31,1,32,0
2020-03-07,Sacramento,067,1510023,52,0,52,0
2020-03-07,San Benito,069,59416,3,0,3,0
2020-03-07,San Bernardino,071,2135413,41,0,41,1
2020-03-07,San Diego,073,3302833,72,0,72,0
2020-03-07,San Francisco,075,870044,47,0,47,0
2020-03-07,San Joaquin,077,732212,16,3,19,0
2020-03-07,San Luis Obispo,079,281455,6,0,6,0
2020-03-07,San Mateo,081,765935,86,0,86,0
2020-03-07,Santa Barbara,083,443738,5,0,5,0
2020-03-07,Santa Clara,085,1922200,206,1,207,3
2020-03-07,Santa Cruz,087,273765,17,0,17,0
2020-03-07,Shasta,089,179085,2,0,2,0
2020-03-07,Sierra,091,2930,0,0,0,0
2020-03-07,Siskiyou,093,43540,0,0,0,0
2020-03-07,Solano,095,438530,23,0,23,0
2020-03-07,Sonoma,097,501317,13,0,13,0
2020-03-07,Stanislaus,099,539301,9,2,11,0
2020-03-07,Sutter,101,95872,0,0,0,0
2020-03-07,Tehama,103,63373,0,0,0,0
2020-03-07,Trinity,105,12862,0,0,0,0
2020-03-07,Tulare,107,460477,6,0,6,0
2020-03-07,Tuolumne,109,53932,1,0,1,0
2020-03-07,Ventura,111,848112,18,0,18,0
2020-03-07,Yolo,113,214977,2,0,2,0
2020-03-07,Yuba,115,75493,0,0,0,0
2020-03-06,Alameda,001,1643700,41,0,41,0
2020-03-06,Alpine,002,1148,0,0,0,0
2020-03-06,Amador,005,37829,0,0,0,0
2020-03-06,Butte,007,227075,0,0,0,0
2020-03-06,Calaveras,009,45235,2,0,2,0
2020-03-06,Colusa,011,21464,0,0,0,0
2020-03-06,Contra Costa,013,1133247,46,0,46,0
2020-03-06,Del Norte,015,27424,0,0,0,0
2020-03-06,El Dorado,017,186661,3,0,3,0
2020-03-06,Fresno,019,978130,3,1,4,0
2020-03-06,Glenn,021,27897,0,0,0,0
2020-03-06,Humboldt,023,135768,4,0,4,0
2020-03-06,Imperial,025,180216,3,0,3,0
2020-03-06,Inyo,027,18085,0,0,0,0
2020-03-06,Kern,029,883053,6,0,6,0
2020-03-06,Kings,031,150075,0,0,0,0
2020-03-06,Lake,033,64148,0,0,0,0
2020-03-06,Lassen,035,31185,0,0,0,0
2020-03-06,Los Angeles,037,10098052,275,7,282,0
2020-03-06,Madera,039,155013,5,0,5,0
2020-03-06,Marin,041,260295,6,0,6,0
2020-03-06,Mariposa,043,17540,0,0,0,0
2020-03-06,Mendocino,045,87422,0,0,0,0
2020-03-06,Merced,047,269075,2,0,2,0
2020-03-06,Modoc,049,8938,0,0,0,0
2020-03-06,Mono,051,14174,1,0,1,0
2020-03-06,Monterey,053,433212,3,0,3,0
2020-03-06,Napa,055,140530,1,0,1,0
2020-03-06,Nevada,057,99092,1,1,2,0
2020-03-06,Orange,059,3164182,96,0,96,0
2020-03-06,Placer,061,380077,10,0,10,1
2020-03-06,Plumas,063,18699,0,0,0,0
2020-03-06,Riverside,065,2383286,30,1,31,0
2020-03-06,Sacramento,067,1510023,43,0,43,0
2020-03-06,San Benito,069,59416,3,0,3,0
2020-03-06,San Bernardino,071,2135413,39,0,39,1
2020-03-06,San Diego,073,3302833,59,0,59,0
2020-03-06,San Francisco,075,870044,41,0,41,0
2020-03-06,San Joaquin,077,732212,13,3,16,0
2020-03-06,San Luis Obispo,079,281455,4,0,4,0
2020-03-06,San Mateo,081,765935,78,0,78,0
2020-03-06,Santa Barbara,083,443738,3,0,3,0
2020-03-06,Santa Clara,085,1922200,188,1,189,3
2020-03-06,Santa Cruz,087,273765,15,0,15,0
2020-03-06,Shasta,089,179085,2,0,2,0
2020-03-06,Sierra,091,2930,0,0,0,0
2020-03-06,Siskiyou,093,43540,0,0,0,0
2020-03-06,Solano,095,438530,22,0,22,0
2020-03-06,Sonoma,097,501317,13,0,13,0
2020-03-06,Stanislaus,099,539301,5,2,7,0
2020-03-06,Sutter,101,95872,0,0,0,0
2020-03-06,Tehama,103,63373,0,0,0,0
2020-03-06,Trinity,105,12862,0,0,0,0
2020-03-06,Tulare,107,460477,6,0,6,0
2020-03-06,Tuolumne,109,53932,1,0,1,0
2020-03-06,Ventura,111,848112,15,0,15,0
2020-03-06,Yolo,113,214977,2,0,2,0
2020-03-06,Yuba,115,75493,0,0,0,0
2020-03-05,Alameda,001,1643700,35,0,35,0
2020-03-05,Alpine,002,1148,0,0,0,0
2020-03-05,Amador,005,37829,0,0,0,0
2020-03-05,Butte,007,227075,0,0,0,0
2020-03-05,Calaveras,009,45235,2,0,2,0
2020-03-05,Colusa,011,21464,0,0,0,0
2020-03-05,Contra Costa,013,1133247,39,0,39,0
2020-03-05,Del Norte,015,27424,0,0,0,0
2020-03-05,El Dorado,017,186661,1,0,1,0
2020-03-05,Fresno,019,978130,3,1,4,0
2020-03-05,Glenn,021,27897,0,0,0,0
2020-03-05,Humboldt,023,135768,4,0,4,0
2020-03-05,Imperial,025,180216,2,0,2,0
2020-03-05,Inyo,027,18085,0,0,0,0
2020-03-05,Kern,029,883053,6,0,6,0
2020-03-05,Kings,031,150075,0,0,0,0
2020-03-05,Lake,033,64148,0,0,0,0
2020-03-05,Lassen,035,31185,0,0,0,0
2020-03-05,Los Angeles,037,10098052,228,7,235,0
2020-03-05,Madera,039,155013,5,0,5,0
2020-03-05,Marin,041,260295,6,0,6,0
2020-03-05,Mariposa,043,17540,0,0,0,0
2020-03-05,Mendocino,045,87422,0,0,0,0
2020-03-05,Merced,047,269075,2,0,2,0
2020-03-05,Modoc,049,8938,0,0,0,0
2020-03-05,Mono,051,14174,1,0,1,0
2020-03-05,Monterey,053,433212,3,0,3,0
2020-03-05,Napa,055,140530,1,0,1,0
2020-03-05,Nevada,057,99092,0,1,1,0
2020-03-05,Orange,059,3164182,81,0,81,0
2020-03-05,Placer,061,380077,10,0,10,1
2020-03-05,Plumas,063,18699,0,0,0,0
2020-03-05,Riverside,065,2383286,27,1,28,0
2020-03-05,Sacramento,067,1510023,37,0,37,0
2020-03-05,San Benito,069,59416,1,0,1,0
2020-03-05,San Bernardino,071,2135413,34,0,34,1
2020-03-05,San Diego,073,3302833,52,0,52,0
2020-03-05,San Francisco,075,870044,31,0,31,0
2020-03-05,San Joaquin,077,732212,10,3,13,0
2020-03-05,San Luis Obispo,079,281455,4,0,4,0
2020-03-05,San Mateo,081,765935,65,0,65,0
2020-03-05,Santa Barbara,083,443738,2,0,2,0
2020-03-05,Santa Clara,085,1922200,164,1,165,2
2020-03-05,Santa Cruz,087,273765,13,0,13,0
2020-03-05,Shasta,089,179085,2,0,2,0
2020-03-05,Sierra,091,2930,0,0,0,0
2020-03-05,Siskiyou,093,43540,0,0,0,0
2020-03-05,Solano,095,438530,22,0,22,0
2020-03-05,Sonoma,097,501317,12,0,12,0
2020-03-05,Stanislaus,099,539301,4,2,6,0
2020-03-05,Sutter,101,95872,0,0,0,0
2020-03-05,Tehama,103,63373,0,0,0,0
2020-03-05,Trinity,105,12862,0,0,0,0
2020-03-05,Tulare,107,460477,6,0,6,0
2020-03-05,Tuolumne,109,53932,1,0,1,0
2020-03-05,Ventura,111,848112,13,0,13,0
2020-03-05,Yolo,113,214977,2,0,2,0
2020-03-05,Yuba,115,75493,0,0,0,0
2020-03-04,Alameda,001,1643700,31,0,31,0
2020-03-04,Alpine,002,1148,0,0,0,0
2020-03-04,Amador,005,37829,0,0,0,0
2020-03-04,Butte,007,227075,0,0,0,0
2020-03-04,Calaveras,009,45235,0,0,0,0
2020-03-04,Colusa,011,21464,0,0,0,0
2020-03-04,Contra Costa,013,1133247,34,0,34,0
2020-03-04,Del Norte,015,27424,0,0,0,0
2020-03-04,El Dorado,017,186661,1,0,1,0
2020-03-04,Fresno,019,978130,3,1,4,0
2020-03-04,Glenn,021,27897,0,0,0,0
2020-03-04,Humboldt,023,135768,1,0,1,0
2020-03-04,Imperial,025,180216,2,0,2,0
2020-03-04,Inyo,027,18085,0,0,0,0
2020-03-04,Kern,029,883053,6,0,6,0
2020-03-04,Kings,031,150075,0,0,0,0
2020-03-04,Lake,033,64148,0,0,0,0
2020-03-04,Lassen,035,31185,0,0,0,0
2020-03-04,Los Angeles,037,10098052,192,7,199,0
2020-03-04,Madera,039,155013,5,0,5,0
2020-03-04,Marin,041,260295,6,0,6,0
2020-03-04,Mariposa,043,17540,0,0,0,0
2020-03-04,Mendocino,045,87422,0,0,0,0
2020-03-04,Merced,047,269075,2,0,2,0
2020-03-04,Modoc,049,8938,0,0,0,0
2020-03-04,Mono,051,14174,1,0,1,0
2020-03-04,Monterey,053,433212,3,0,3,0
2020-03-04,Napa,055,140530,1,0,1,0
2020-03-04,Nevada,057,99092,0,1,1,0
2020-03-04,Orange,059,3164182,78,0,78,0
2020-03-04,Placer,061,380077,9,0,9,1
2020-03-04,Plumas,063,18699,0,0,0,0
2020-03-04,Riverside,065,2383286,23,1,24,0
2020-03-04,Sacramento,067,1510023,32,0,32,0
2020-03-04,San Benito,069,59416,1,0,1,0
2020-03-04,San Bernardino,071,2135413,31,0,31,1
2020-03-04,San Diego,073,3302833,39,0,39,0
2020-03-04,San Francisco,075,870044,26,0,26,0
2020-03-04,San Joaquin,077,732212,9,3,12,0
2020-03-04,San Luis Obispo,079,281455,4,0,4,0
2020-03-04,San Mateo,081,765935,60,0,60,0
2020-03-04,Santa Barbara,083,443738,2,0,2,0
2020-03-04,Santa Clara,085,1922200,147,1,148,2
2020-03-04,Santa Cruz,087,273765,13,0,13,0
2020-03-04,Shasta,089,179085,2,0,2,0
2020-03-04,Sierra,091,2930,0,0,0,0
2020-03-04,Siskiyou,093,43540,0,0,0,0
2020-03-04,Solano,095,438530,21,0,21,0
2020-03-04,Sonoma,097,501317,11,0,11,0
2020-03-04,Stanislaus,099,539301,4,2,6,0
2020-03-04,Sutter,101,95872,0,0,0,0
2020-03-04,Tehama,103,63373,0,0,0,0
2020-03-04,Trinity,105,12862,0,0,0,0
2020-03-04,Tulare,107,460477,6,0,6,0
2020-03-04,Tuolumne,109,53932,0,0,0,0
2020-03-04,Ventura,111,848112,12,0,12,0
2020-03-04,Yolo,113,214977,2,0,2,0
2020-03-04,Yuba,115,75493,0,0,0,0
2020-03-03,Alameda,001,1643700,25,0,25,0
2020-03-03,Alpine,002,1148,0,0,0,0
2020-03-03,Amador,005,37829,0,0,0,0
2020-03-03,Butte,007,227075,0,0,0,0
2020-03-03,Calaveras,009,45235,0,0,0,0
2020-03-03,Colusa,011,21464,0,0,0,0
2020-03-03,Contra Costa,013,1133247,30,0,30,0
2020-03-03,Del Norte,015,27424,0,0,0,0
2020-03-03,El Dorado,017,186661,1,0,1,0
2020-03-03,Fresno,019,978130,2,1,3,0
2020-03-03,Glenn,021,27897,0,0,0,0
2020-03-03,Humboldt,023,135768,1,0,1,0
2020-03-03,Imperial,025,180216,2,0,2,0
2020-03-03,Inyo,027,18085,0,0,0,0
2020-03-03,Kern,029,883053,4,0,4,0
2020-03-03,Kings,031,150075,0,0,0,0
2020-03-03,Lake,033,64148,0,0,0,0
2020-03-03,Lassen,035,31185,0,0,0,0
2020-03-03,Los Angeles,037,10098052,173,7,180,0
2020-03-03,Madera,039,155013,4,0,4,0
2020-03-03,Marin,041,260295,5,0,5,0
2020-03-03,Mariposa,043,17540,0,0,0,0
2020-03-03,Mendocino,045,87422,0,0,0,0
2020-03-03,Merced,047,269075,2,0,2,0
2020-03-03,Modoc,049,8938,0,0,0,0
2020-03-03,Mono,051,14174,1,0,1,0
2020-03-03,Monterey,053,433212,2,0,2,0
2020-03-03,Napa,055,140530,1,0,1,0
2020-03-03,Nevada,057,99092,0,1,1,0
2020-03-03,Orange,059,3164182,70,0,70,0
2020-03-03,Placer,061,380077,8,0,8,0
2020-03-03,Plumas,063,18699,0,0,0,0
2020-03-03,Riverside,065,2383286,20,1,21,0
2020-03-03,Sacramento,067,1510023,31,0,31,0
2020-03-03,San Benito,069,59416,1,0,1,0
2020-03-03,San Bernardino,071,2135413,28,0,28,1
2020-03-03,San Diego,073,3302833,32,0,32,0
2020-03-03,San Francisco,075,870044,24,0,24,0
2020-03-03,San Joaquin,077,732212,8,3,11,0
2020-03-03,San Luis Obispo,079,281455,2,0,2,0
2020-03-03,San Mateo,081,765935,53,0,53,0
2020-03-03,Santa Barbara,083,443738,1,0,1,0
2020-03-03,Santa Clara,085,1922200,132,1,133,2
2020-03-03,Santa Cruz,087,273765,10,0,10,0
2020-03-03,Shasta,089,179085,2,0,2,0
2020-03-03,Sierra,091,2930,0,0,0,0
2020-03-03,Siskiyou,093,43540,0,0,0,0
2020-03-03,Solano,095,438530,20,0,20,0
2020-03-03,Sonoma,097,501317,11,0,11,0
2020-03-03,Stanislaus,099,539301,4,2,6,0
2020-03-03,Sutter,101,95872,0,0,0,0
2020-03-03,Tehama,103,63373,0,0,0,0
2020-03-03,Trinity,105,12862,0,0,0,0
2020-03-03,Tulare,107,460477,6,0,6,0
2020-03-03,Tuolumne,109,53932,0,0,0,0
2020-03-03,Ventura,111,848112,11,0,11,0
2020-03-03,Yolo,113,214977,1,0,1,0
2020-03-03,Yuba,115,75493,0,0,0,0
2020-03-02,Alameda,001,1643700,22,0,22,0
2020-03-02,Alpine,002,1148,0,0,0,0
2020-03-02,Amador,005,37829,0,0,0,0
2020-03-02,Butte,007,227075,0,0,0,0
2020-03-02,Calaveras,009,45235,0,0,0,0
2020-03-02,Colusa,011,21464,0,0,0,0
2020-03-02,Contra Costa,013,1133247,27,0,27,0
2020-03-02,Del Norte,015,27424,0,0,0,0
2020-03-02,El Dorado,017,186661,1,0,1,0
2020-03-02,Fresno,019,978130,2,1,3,0
2020-03-02,Glenn,021,27897,0,0,0,0
2020-03-02,Humboldt,023,135768,1,0,1,0
2020-03-02,Imperial,025,180216,2,0,2,0
2020-03-02,Inyo,027,18085,0,0,0,0
2020-03-02,Kern,029,883053,4,0,4,0
2020-03-02,Kings,031,150075,0,0,0,0
2020-03-02,Lake,033,64148,0,0,0,0
2020-03-02,Lassen,035,31185,0,0,0,0
2020-03-02,Los Angeles,037,10098052,158,7,165,0
2020-03-02,Madera,039,155013,4,0,4,0
2020-03-02,Marin,041,260295,5,0,5,0
2020-03-02,Mariposa,043,17540,0,0,0,0
2020-03-02,Mendocino,045,87422,0,0,0,0
2020-03-02,Merced,047,269075,1,0,1,0
2020-03-02,Modoc,049,8938,0,0,0,0
2020-03-02,Mono,051,14174,1,0,1,0
2020-03-02,Monterey,053,433212,2,0,2,0
2020-03-02,Napa,055,140530,1,0,1,0
2020-03-02,Nevada,057,99092,0,1,1,0
2020-03-02,Orange,059,3164182,65,0,65,0
2020-03-02,Placer,061,380077,8,0,8,0
2020-03-02,Plumas,063,18699,0,0,0,0
2020-03-02,Riverside,065,2383286,19,1,20,0
2020-03-02,Sacramento,067,1510023,25,0,25,0
2020-03-02,San Benito,069,59416,1,0,1,0
2020-03-02,San Bernardino,071,2135413,28,0,28,1
2020-03-02,San Diego,073,3302833,26,0,26,0
2020-03-02,San Francisco,075,870044,17,0,17,0
2020-03-02,San Joaquin,077,732212,7,3,10,0
2020-03-02,San Luis Obispo,079,281455,2,0,2,0
2020-03-02,San Mateo,081,765935,44,0,44,0
2020-03-02,Santa Barbara,083,443738,1,0,1,0
2020-03-02,Santa Clara,085,1922200,110,1,111,2
2020-03-02,Santa Cruz,087,273765,9,0,9,0
2020-03-02,Shasta,089,179085,2,0,2,0
2020-03-02,Sierra,091,2930,0,0,0,0
2020-03-02,Siskiyou,093,43540,0,0,0,0
2020-03-02,Solano,095,438530,19,0,19,0
2020-03-02,Sonoma,097,501317,10,0,10,0
2020-03-02,Stanislaus,099,539301,2,2,4,0
2020-03-02,Sutter,101,95872,0,0,0,0
2020-03-02,Tehama,103,63373,0,0,0,0
2020-03-02,Trinity,105,12862,0,0,0,0
2020-03-02,Tulare,107,460477,6,0,6,0
2020-03-02,Tuolumne,109,53932,0,0,0,0
2020-03-02,Ventura,111,848112,10,0,10,0
2020-03-02,Yolo,113,214977,1,0,1,0
2020-03-02,Yuba,115,75493,0,0,0,0
2020-03-01,Alameda,001,1643700,21,0,21,0
2020-03-01,Alpine,002,1148,0,0,0,0
2020-03-01,Amador,005,37829,0,0,0,0
2020-03-01,Butte,007,227075,0,0,0,0
2020-03-01,Calaveras,009,45235,0,0,0,0
2020-03-01,Colusa,011,21464,0,0,0,0
2020-03-01,Contra Costa,013,1133247,24,0,24,0
2020-03-01,Del Norte,015,27424,0,0,0,0
2020-03-01,El Dorado,017,186661,1,0,1,0
2020-03-01,Fresno,019,978130,1,1,2,0
2020-03-01,Glenn,021,27897,0,0,0,0
2020-03-01,Humboldt,023,135768,1,0,1,0
2020-03-01,Imperial,025,180216,2,0,2,0
2020-03-01,Inyo,027,18085,0,0,0,0
2020-03-01,Kern,029,883053,2,0,2,0
2020-03-01,Kings,031,150075,0,0,0,0
2020-03-01,Lake,033,64148,0,0,0,0
2020-03-01,Lassen,035,31185,0,0,0,0
2020-03-01,Los Angeles,037,10098052,139,7,146,0
2020-03-01,Madera,039,155013,2,0,2,0
2020-03-01,Marin,041,260295,4,0,4,0
2020-03-01,Mariposa,043,17540,0,0,0,0
2020-03-01,Mendocino,045,87422,0,0,0,0
2020-03-01,Merced,047,269075,1,0,1,0
2020-03-01,Modoc,049,8938,0,0,0,0
2020-03-01,Mono,051,14174,1,0,1,0
2020-03-01,Monterey,053,433212,1,0,1,0
2020-03-01,Napa,055,140530,1,0,1,0
2020-03-01,Nevada,057,99092,0,1,1,0
2020-03-01,Orange,059,3164182,62,0,62,0
2020-03-01,Placer,061,380077,8,0,8,0
2020-03-01,Plumas,063,18699,0,0,0,0
2020-03-01,Riverside,065,2383286,18,1,19,0
2020-03-01,Sacramento,067,1510023,21,0,21,0
2020-03-01,San Benito,069,59416,0,0,0,0
2020-03-01,San Bernardino,071,2135413,27,0,27,1
2020-03-01,San Diego,073,3302833,19,0,19,0
2020-03-01,San Francisco,075,870044,13,0,13,0
2020-03-01,San Joaquin,077,732212,7,3,10,0
2020-03-01,San Luis Obispo,079,281455,2,0,2,0
2020-03-01,San Mateo,081,765935,36,0,36,0
2020-03-01,Santa Barbara,083,443738,1,0,1,0
2020-03-01,Santa Clara,085,1922200,97,1,98,2
2020-03-01,Santa Cruz,087,273765,8,0,8,0
2020-03-01,Shasta,089,179085,2,0,2,0
2020-03-01,Sierra,091,2930,0,0,0,0
2020-03-01,Siskiyou,093,43540,0,0,0,0
2020-03-01,Solano,095,438530,19,0,19,0
2020-03-01,Sonoma,097,501317,9,0,9,0
2020-03-01,Stanislaus,099,539301,2,2,4,0
2020-03-01,Sutter,101,95872,0,0,0,0
2020-03-01,Tehama,103,63373,0,0,0,0
2020-03-01,Trinity,105,12862,0,0,0,0
2020-03-01,Tulare,107,460477,6,0,6,0
2020-03-01,Tuolumne,109,53932,0,0,0,0
2020-03-01,Ventura,111,848112,8,0,8,0
2020-03-01,Yolo,113,214977,1,0,1,0
2020-03-01,Yuba,115,75493,0,0,0,0
2020-02-29,Alameda,001,1643700,17,0,17,0
2020-02-29,Alpine,002,1148,0,0,0,0
2020-02-29,Amador,005,37829,0,0,0,0
2020-02-29,Butte,007,227075,0,0,0,0
2020-02-29,Calaveras,009,45235,0,0,0,0
2020-02-29,Colusa,011,21464,0,0,0,0
2020-02-29,Contra Costa,013,1133247,20,0,20,0
2020-02-29,Del Norte,015,27424,0,0,0,0
2020-02-29,El Dorado,017,186661,1,0,1,0
2020-02-29,Fresno,019,978130,1,0,1,0
2020-02-29,Glenn,021,27897,0,0,0,0
2020-02-29,Humboldt,023,135768,1,0,1,0
2020-02-29,Imperial,025,180216,1,0,1,0
2020-02-29,Inyo,027,18085,0,0,0,0
2020-02-29,Kern,029,883053,2,0,2,0
2020-02-29,Kings,031,150075,0,0,0,0
2020-02-29,Lake,033,64148,0,0,0,0
2020-02-29,Lassen,035,31185,0,0,0,0
2020-02-29,Los Angeles,037,10098052,111,7,118,0
2020-02-29,Madera,039,155013,2,0,2,0
2020-02-29,Marin,041,260295,4,0,4,0
2020-02-29,Mariposa,043,17540,0,0,0,0
2020-02-29,Mendocino,045,87422,0,0,0,0
2020-02-29,Merced,047,269075,1,0,1,0
2020-02-29,Modoc,049,8938,0,0,0,0
2020-02-29,Mono,051,14174,1,0,1,0
2020-02-29,Monterey,053,433212,1,0,1,0
2020-02-29,Napa,055,140530,1,0,1,0
2020-02-29,Nevada,057,99092,0,1,1,0
2020-02-29,Orange,059,3164182,57,0,57,0
2020-02-29,Placer,061,380077,7,0,7,0
2020-02-29,Plumas,063,18699,0,0,0,0
2020-02-29,Riverside,065,2383286,15,1,16,0
2020-02-29,Sacramento,067,1510023,16,0,16,0
2020-02-29,San Benito,069,59416,0,0,0,0
2020-02-29,San Bernardino,071,2135413,25,0,25,1
2020-02-29,San Diego,073,3302833,14,0,14,0
2020-02-29,San Francisco,075,870044,12,0,12,0
2020-02-29,San Joaquin,077,732212,6,3,9,0
2020-02-29,San Luis Obispo,079,281455,2,0,2,0
2020-02-29,San Mateo,081,765935,29,0,29,0
2020-02-29,Santa Barbara,083,443738,0,0,0,0
2020-02-29,Santa Clara,085,1922200,75,1,76,2
2020-02-29,Santa Cruz,087,273765,8,0,8,0
2020-02-29,Shasta,089,179085,2,0,2,0
2020-02-29,Sierra,091,2930,0,0,0,0
2020-02-29,Siskiyou,093,43540,0,0,0,0
2020-02-29,Solano,095,438530,18,0,18,0
2020-02-29,Sonoma,097,501317,6,0,6,0
2020-02-29,Stanislaus,099,539301,2,2,4,0
2020-02-29,Sutter,101,95872,0,0,0,0
2020-02-29,Tehama,103,63373,0,0,0,0
2020-02-29,Trinity,105,12862,0,0,0,0
2020-02-29,Tulare,107,460477,4,0,4,0
2020-02-29,Tuolumne,109,53932,0,0,0,0
2020-02-29,Ventura,111,848112,6,0,6,0
2020-02-29,Yolo,113,214977,1,0,1,0
2020-02-29,Yuba,115,75493,0,0,0,0
2020-02-28,Alameda,001,1643700,15,0,15,0
2020-02-28,Alpine,002,1148,0,0,0,0
2020-02-28,Amador,005,37829,0,0,0,0
2020-02-28,Butte,007,227075,0,0,0,0
2020-02-28,Calaveras,009,45235,0,0,0,0
2020-02-28,Colusa,011,21464,0,0,0,0
2020-02-28,Contra Costa,013,1133247,20,0,20,0
2020-02-28,Del Norte,015,27424,0,0,0,0
2020-02-28,El Dorado,017,186661,0,0,0,0
2020-02-28,Fresno,019,978130,1,0,1,0
2020-02-28,Glenn,021,27897,0,0,0,0
2020-02-28,Humboldt,023,135768,1,0,1,0
2020-02-28,Imperial,025,180216,1,0,1,0
2020-02-28,Inyo,027,18085,0,0,0,0
2020-02-28,Kern,029,883053,2,0,2,0
2020-02-28,Kings,031,150075,0,0,0,0
2020-02-28,Lake,033,64148,0,0,0,0
2020-02-28,Lassen,035,31185,0,0,0,0
2020-02-28,Los Angeles,037,10098052,103,7,110,0
2020-02-28,Madera,039,155013,2,0,2,0
2020-02-28,Marin,041,260295,2,0,2,0
2020-02-28,Mariposa,043,17540,0,0,0,0
2020-02-28,Mendocino,045,87422,0,0,0,0
2020-02-28,Merced,047,269075,1,0,1,0
2020-02-28,Modoc,049,8938,0,0,0,0
2020-02-28,Mono,051,14174,0,0,0,0
2020-02-28,Monterey,053,433212,1,0,1,0
2020-02-28,Napa,055,140530,1,0,1,0
2020-02-28,Nevada,057,99092,0,1,1,0
2020-02-28,Orange,059,3164182,55,0,55,0
2020-02-28,Placer,061,380077,7,0,7,0
2020-02-28,Plumas,063,18699,0,0,0,0
2020-02-28,Riverside,065,2383286,13,1,14,0
2020-02-28,Sacramento,067,1510023,10,0,10,0
2020-02-28,San Benito,069,59416,0,0,0,0
2020-02-28,San Bernardino,071,2135413,25,0,25,1
2020-02-28,San Diego,073,3302833,11,0,11,0
2020-02-28,San Francisco,075,870044,10,0,10,0
2020-02-28,San Joaquin,077,732212,6,3,9,0
2020-02-28,San Luis Obispo,079,281455,2,0,2,0
2020-02-28,San Mateo,081,765935,24,0,24,0
2020-02-28,Santa Barbara,083,443738,0,0,0,0
2020-02-28,Santa Clara,085,1922200,70,1,71,2
2020-02-28,Santa Cruz,087,273765,8,0,8,0
2020-02-28,Shasta,089,179085,2,0,2,0
2020-02-28,Sierra,091,2930,0,0,0,0
2020-02-28,Siskiyou,093,43540,0,0,0,0
2020-02-28,Solano,095,438530,17,0,17,0
2020-02-28,Sonoma,097,501317,6,0,6,0
2020-02-28,Stanislaus,099,539301,2,2,4,0
2020-02-28,Sutter,101,95872,0,0,0,0
2020-02-28,Tehama,103,63373,0,0,0,0
2020-02-28,Trinity,105,12862,0,0,0,0
2020-02-28,Tulare,107,460477,3,0,3,0
2020-02-28,Tuolumne,109,53932,0,0,0,0
2020-02-28,Ventura,111,848112,6,0,6,0
2020-02-28,Yolo,113,214977,1,0,1,0
2020-02-28,Yuba,115,75493,0,0,0,0
2020-02-27,Alameda,001,1643700,14,0,14,0
2020-02-27,Alpine,002,1148,0,0,0,0
2020-02-27,Amador,005,37829,0,0,0,0
2020-02-27,Butte,007,227075,0,0,0,0
2020-02-27,Calaveras,009,45235,0,0,0,0
2020-02-27,Colusa,011,21464,0,0,0,0
2020-02-27,Contra Costa,013,1133247,14,0,14,0
2020-02-27,Del Norte,015,27424,0,0,0,0
2020-02-27,El Dorado,017,186661,0,0,0,0
2020-02-27,Fresno,019,978130,1,0,1,0
2020-02-27,Glenn,021,27897,0,0,0,0
2020-02-27,Humboldt,023,135768,1,0,1,0
2020-02-27,Imperial,025,180216,1,0,1,0
2020-02-27,Inyo,027,18085,0,0,0,0
2020-02-27,Kern,029,883053,2,0,2,0
2020-02-27,Kings,031,150075,0,0,0,0
2020-02-27,Lake,033,64148,0,0,0,0
2020-02-27,Lassen,035,31185,0,0,0,0
2020-02-27,Los Angeles,037,10098052,95,7,102,0
2020-02-27,Madera,039,155013,2,0,2,0
2020-02-27,Marin,041,260295,1,0,1,0
2020-02-27,Mariposa,043,17540,0,0,0,0
2020-02-27,Mendocino,045,87422,0,0,0,0
2020-02-27,Merced,047,269075,1,0,1,0
2020-02-27,Modoc,049,8938,0,0,0,0
2020-02-27,Mono,051,14174,0,0,0,0
2020-02-27,Monterey,053,433212,1,0,1,0
2020-02-27,Napa,055,140530,1,0,1,0
2020-02-27,Nevada,057,99092,0,1,1,0
2020-02-27,Orange,059,3164182,49,0,49,0
2020-02-27,Placer,061,380077,6,0,6,0
2020-02-27,Plumas,063,18699,0,0,0,0
2020-02-27,Riverside,065,2383286,12,1,13,0
2020-02-27,Sacramento,067,1510023,10,0,10,0
2020-02-27,San Benito,069,59416,0,0,0,0
2020-02-27,San Bernardino,071,2135413,25,0,25,1
2020-02-27,San Diego,073,3302833,10,0,10,0
2020-02-27,San Francisco,075,870044,9,0,9,0
2020-02-27,San Joaquin,077,732212,5,3,8,0
2020-02-27,San Luis Obispo,079,281455,2,0,2,0
2020-02-27,San Mateo,081,765935,20,0,20,0
2020-02-27,Santa Barbara,083,443738,0,0,0,0
2020-02-27,Santa Clara,085,1922200,59,1,60,2
2020-02-27,Santa Cruz,087,273765,6,0,6,0
2020-02-27,Shasta,089,179085,0,0,0,0
2020-02-27,Sierra,091,2930,0,0,0,0
2020-02-27,Siskiyou,093,43540,0,0,0,0
2020-02-27,Solano,095,438530,17,0,17,0
2020-02-27,Sonoma,097,501317,5,0,5,0
2020-02-27,Stanislaus,099,539301,2,2,4,0
2020-02-27,Sutter,101,95872,0,0,0,0
2020-02-27,Tehama,103,63373,0,0,0,0
2020-02-27,Trinity,105,12862,0,0,0,0
2020-02-27,Tulare,107,460477,3,0,3,0
2020-02-27,Tuolumne,109,53932,0,0,0,0
2020-02-27,Ventura,111,848112,4,0,4,0
2020-02-27,Yolo,113,214977,1,0,1,0
2020-02-27,Yuba,115,75493,0,0,0,0
2020-02-26,Alameda,001,1643700,14,0,14,0
2020-02-26,Alpine,002,1148,0,0,0,0
2020-02-26,Amador,005,37829,0,0,0,0
2020-02-26,Butte,007,227075,0,0,0,0
2020-02-26,Calaveras,009,45235,0,0,0,0
2020-02-26,Colusa,011,21464,0,0,0,0
2020-02-26,Contra Costa,013,1133247,13,0,13,0
2020-02-26,Del Norte,015,27424,0,0,0,0
2020-02-26,El Dorado,017,186661,0,0,0,0
2020-02-26,Fresno,019,978130,1,0,1,0
2020-02-26,Glenn,021,27897,0,0,0,0
2020-02-26,Humboldt,023,135768,1,0,1,0
2020-02-26,Imperial,025,180216,1,0,1,0
2020-02-26,Inyo,027,18085,0,0,0,0
2020-02-26,Kern,029,883053,2,0,2,0
2020-02-26,Kings,031,150075,0,0,0,0
2020-02-26,Lake,033,64148,0,0,0,0
2020-02-26,Lassen,035,31185,0,0,0,0
2020-02-26,Los Angeles,037,10098052,89,7,96,0
2020-02-26,Madera,039,155013,2,0,2,0
2020-02-26,Marin,041,260295,1,0,1,0
2020-02-26,Mariposa,043,17540,0,0,0,0
2020-02-26,Mendocino,045,87422,0,0,0,0
2020-02-26,Merced,047,269075,1,0,1,0
2020-02-26,Modoc,049,8938,0,0,0,0
2020-02-26,Mono,051,14174,0,0,0,0
2020-02-26,Monterey,053,433212,1,0,1,0
2020-02-26,Napa,055,140530,0,0,0,0
2020-02-26,Nevada,057,99092,0,1,1,0
2020-02-26,Orange,059,3164182,48,0,48,0
2020-02-26,Placer,061,380077,5,0,5,0
2020-02-26,Plumas,063,18699,0,0,0,0
2020-02-26,Riverside,065,2383286,10,1,11,0
2020-02-26,Sacramento,067,1510023,10,0,10,0
2020-02-26,San Benito,069,59416,0,0,0,0
2020-02-26,San Bernardino,071,2135413,23,0,23,1
2020-02-26,San Diego,073,3302833,9,0,9,0
2020-02-26,San Francisco,075,870044,9,0,9,0
2020-02-26,San Joaquin,077,732212,5,3,8,0
2020-02-26,San Luis Obispo,079,281455,2,0,2,0
2020-02-26,San Mateo,081,765935,18,0,18,0
2020-02-26,Santa Barbara,083,443738,0,0,0,0
2020-02-26,Santa Clara,085,1922200,50,1,51,2
2020-02-26,Santa Cruz,087,273765,6,0,6,0
2020-02-26,Shasta,089,179085,0,0,0,0
2020-02-26,Sierra,091,2930,0,0,0,0
2020-02-26,Siskiyou,093,43540,0,0,0,0
2020-02-26,Solano,095,438530,17,0,17,0
2020-02-26,Sonoma,097,501317,5,0,5,0
2020-02-26,Stanislaus,099,539301,2,2,4,0
2020-02-26,Sutter,101,95872,0,0,0,0
2020-02-26,Tehama,103,63373,0,0,0,0
2020-02-26,Trinity,105,12862,0,0,0,0
2020-02-26,Tulare,107,460477,3,0,3,0
2020-02-26,Tuolumne,109,53932,0,0,0,0
2020-02-26,Ventura,111,848112,4,0,4,0
2020-02-26,Yolo,113,214977,1,0,1,0
2020-02-26,Yuba,115,75493,0,0,0,0
2020-02-25,Alameda,001,1643700,14,0,14,0
2020-02-25,Alpine,002,1148,0,0,0,0
2020-02-25,Amador,005,37829,0,0,0,0
2020-02-25,Butte,007,227075,0,0,0,0
2020-02-25,Calaveras,009,45235,0,0,0,0
2020-02-25,Colusa,011,21464,0,0,0,0
2020-02-25,Contra Costa,013,1133247,11,0,11,0
2020-02-25,Del Norte,015,27424,0,0,0,0
2020-02-25,El Dorado,017,186661,0,0,0,0
2020-02-25,Fresno,019,978130,1,0,1,0
2020-02-25,Glenn,021,27897,0,0,0,0
2020-02-25,Humboldt,023,135768,1,0,1,0
2020-02-25,Imperial,025,180216,1,0,1,0
2020-02-25,Inyo,027,18085,0,0,0,0
2020-02-25,Kern,029,883053,2,0,2,0
2020-02-25,Kings,031,150075,0,0,0,0
2020-02-25,Lake,033,64148,0,0,0,0
2020-02-25,Lassen,035,31185,0,0,0,0
2020-02-25,Los Angeles,037,10098052,77,6,83,0
2020-02-25,Madera,039,155013,2,0,2,0
2020-02-25,Marin,041,260295,1,0,1,0
2020-02-25,Mariposa,043,17540,0,0,0,0
2020-02-25,Mendocino,045,87422,0,0,0,0
2020-02-25,Merced,047,269075,0,0,0,0
2020-02-25,Modoc,049,8938,0,0,0,0
2020-02-25,Mono,051,14174,0,0,0,0
2020-02-25,Monterey,053,433212,1,0,1,0
2020-02-25,Napa,055,140530,0,0,0,0
2020-02-25,Nevada,057,99092,0,1,1,0
2020-02-25,Orange,059,3164182,47,0,47,0
2020-02-25,Placer,061,380077,5,0,5,0
2020-02-25,Plumas,063,18699,0,0,0,0
2020-02-25,Riverside,065,2383286,10,1,11,0
2020-02-25,Sacramento,067,1510023,8,0,8,0
2020-02-25,San Benito,069,59416,0,0,0,0
2020-02-25,San Bernardino,071,2135413,21,0,21,1
2020-02-25,San Diego,073,3302833,5,0,5,0
2020-02-25,San Francisco,075,870044,7,0,7,0
2020-02-25,San Joaquin,077,732212,5,2,7,0
2020-02-25,San Luis Obispo,079,281455,2,0,2,0
2020-02-25,San Mateo,081,765935,17,0,17,0
2020-02-25,Santa Barbara,083,443738,0,0,0,0
2020-02-25,Santa Clara,085,1922200,40,1,41,2
2020-02-25,Santa Cruz,087,273765,5,0,5,0
2020-02-25,Shasta,089,179085,0,0,0,0
2020-02-25,Sierra,091,2930,0,0,0,0
2020-02-25,Siskiyou,093,43540,0,0,0,0
2020-02-25,Solano,095,438530,16,0,16,0
2020-02-25,Sonoma,097,501317,5,0,5,0
2020-02-25,Stanislaus,099,539301,2,2,4,0
2020-02-25,Sutter,101,95872,0,0,0,0
2020-02-25,Tehama,103,63373,0,0,0,0
2020-02-25,Trinity,105,12862,0,0,0,0
2020-02-25,Tulare,107,460477,3,0,3,0
2020-02-25,Tuolumne,109,53932,0,0,0,0
2020-02-25,Ventura,111,848112,4,0,4,0
2020-02-25,Yolo,113,214977,1,0,1,0
2020-02-25,Yuba,115,75493,0,0,0,0
2020-02-24,Alameda,001,1643700,14,0,14,0
2020-02-24,Alpine,002,1148,0,0,0,0
2020-02-24,Amador,005,37829,0,0,0,0
2020-02-24,Butte,007,227075,0,0,0,0
2020-02-24,Calaveras,009,45235,0,0,0,0
2020-02-24,Colusa,011,21464,0,0,0,0
2020-02-24,Contra Costa,013,1133247,9,0,9,0
2020-02-24,Del Norte,015,27424,0,0,0,0
2020-02-24,El Dorado,017,186661,0,0,0,0
2020-02-24,Fresno,019,978130,1,0,1,0
2020-02-24,Glenn,021,27897,0,0,0,0
2020-02-24,Humboldt,023,135768,1,0,1,0
2020-02-24,Imperial,025,180216,1,0,1,0
2020-02-24,Inyo,027,18085,0,0,0,0
2020-02-24,Kern,029,883053,2,0,2,0
2020-02-24,Kings,031,150075,0,0,0,0
2020-02-24,Lake,033,64148,0,0,0,0
2020-02-24,Lassen,035,31185,0,0,0,0
2020-02-24,Los Angeles,037,10098052,71,6,77,0
2020-02-24,Madera,039,155013,1,0,1,0
2020-02-24,Marin,041,260295,1,0,1,0
2020-02-24,Mariposa,043,17540,0,0,0,0
2020-02-24,Mendocino,045,87422,0,0,0,0
2020-02-24,Merced,047,269075,0,0,0,0
2020-02-24,Modoc,049,8938,0,0,0,0
2020-02-24,Mono,051,14174,0,0,0,0
2020-02-24,Monterey,053,433212,1,0,1,0
2020-02-24,Napa,055,140530,0,0,0,0
2020-02-24,Nevada,057,99092,0,1,1,0
2020-02-24,Orange,059,3164182,45,0,45,0
2020-02-24,Placer,061,380077,3,0,3,0
2020-02-24,Plumas,063,18699,0,0,0,0
2020-02-24,Riverside,065,2383286,9,1,10,0
2020-02-24,Sacramento,067,1510023,7,0,7,0
2020-02-24,San Benito,069,59416,0,0,0,0
2020-02-24,San Bernardino,071,2135413,21,0,21,1
2020-02-24,San Diego,073,3302833,5,0,5,0
2020-02-24,San Francisco,075,870044,6,0,6,0
2020-02-24,San Joaquin,077,732212,5,1,6,0
2020-02-24,San Luis Obispo,079,281455,2,0,2,0
2020-02-24,San Mateo,081,765935,13,0,13,0
2020-02-24,Santa Barbara,083,443738,0,0,0,0
2020-02-24,Santa Clara,085,1922200,38,1,39,2
2020-02-24,Santa Cruz,087,273765,5,0,5,0
2020-02-24,Shasta,089,179085,0,0,0,0
2020-02-24,Sierra,091,2930,0,0,0,0
2020-02-24,Siskiyou,093,43540,0,0,0,0
2020-02-24,Solano,095,438530,13,0,13,0
2020-02-24,Sonoma,097,501317,5,0,5,0
2020-02-24,Stanislaus,099,539301,2,2,4,0
2020-02-24,Sutter,101,95872,0,0,0,0
2020-02-24,Tehama,103,63373,0,0,0,0
2020-02-24,Trinity,105,12862,0,0,0,0
2020-02-24,Tulare,107,460477,3,0,3,0
2020-02-24,Tuolumne,109,53932,0,0,0,0
2020-02-24,Ventura,111,848112,4,0,4,0
2020-02-24,Yolo,113,214977,1,0,1,0
2020-02-24,Yuba,115,75493,0,0,0,0
2020-02-23,Alameda,001,1643700,12,0,12,0
2020-02-23,Alpine,002,1148,0,0,0,0
2020-02-23,Amador,005,37829,0,0,0,0
2020-02-23,Butte,007,227075,0,0,0,0
2020-02-23,Calaveras,009,45235,0,0,0,0
2020-02-23,Colusa,011,21464,0,0,0,0
2020-02-23,Contra Costa,013,1133247,6,0,6,0
2020-02-23,Del Norte,015,27424,0,0,0,0
2020-02-23,El Dorado,017,186661,0,0,0,0
2020-02-23,Fresno,019,978130,1,0,1,0
2020-02-23,Glenn,021,27897,0,0,0,0
2020-02-23,Humboldt,023,135768,1,0,1,0
2020-02-23,Imperial,025,180216,1,0,1,0
2020-02-23,Inyo,027,18085,0,0,0,0
2020-02-23,Kern,029,883053,2,0,2,0
2020-02-23,Kings,031,150075,0,0,0,0
2020-02-23,Lake,033,64148,0,0,0,0
2020-02-23,Lassen,035,31185,0,0,0,0
2020-02-23,Los Angeles,037,10098052,63,6,69,0
2020-02-23,Madera,039,155013,1,0,1,0
2020-02-23,Marin,041,260295,1,0,1,0
2020-02-23,Mariposa,043,17540,0,0,0,0
2020-02-23,Mendocino,045,87422,0,0,0,0
2020-02-23,Merced,047,269075,0,0,0,0
2020-02-23,Modoc,049,8938,0,0,0,0
2020-02-23,Mono,051,14174,0,0,0,0
2020-02-23,Monterey,053,433212,1,0,1,0
2020-02-23,Napa,055,140530,0,0,0,0
2020-02-23,Nevada,057,99092,0,1,1,0
2020-02-23,Orange,059,3164182,45,0,45,0
2020-02-23,Placer,061,380077,3,0,3,0
2020-02-23,Plumas,063,18699,0,0,0,0
2020-02-23,Riverside,065,2383286,9,0,9,0
2020-02-23,Sacramento,067,1510023,6,0,6,0
2020-02-23,San Benito,069,59416,0,0,0,0
2020-02-23,San Bernardino,071,2135413,20,0,20,1
2020-02-23,San Diego,073,3302833,4,0,4,0
2020-02-23,San Francisco,075,870044,5,0,5,0
2020-02-23,San Joaquin,077,732212,4,1,5,0
2020-02-23,San Luis Obispo,079,281455,2,0,2,0
2020-02-23,San Mateo,081,765935,10,0,10,0
2020-02-23,Santa Barbara,083,443738,0,0,0,0
2020-02-23,Santa Clara,085,1922200,26,1,27,2
2020-02-23,Santa Cruz,087,273765,2,0,2,0
2020-02-23,Shasta,089,179085,0,0,0,0
2020-02-23,Sierra,091,2930,0,0,0,0
2020-02-23,Siskiyou,093,43540,0,0,0,0
2020-02-23,Solano,095,438530,11,0,11,0
2020-02-23,Sonoma,097,501317,5,0,5,0
2020-02-23,Stanislaus,099,539301,2,2,4,0
2020-02-23,Sutter,101,95872,0,0,0,0
2020-02-23,Tehama,103,63373,0,0,0,0
2020-02-23,Trinity,105,12862,0,0,0,0
2020-02-23,Tulare,107,460477,2,0,2,0
2020-02-23,Tuolumne,109,53932,0,0,0,0
2020-02-23,Ventura,111,848112,4,0,4,0
2020-02-23,Yolo,113,214977,1,0,1,0
2020-02-23,Yuba,115,75493,0,0,0,0
2020-02-22,Alameda,001,1643700,11,0,11,0
2020-02-22,Alpine,002,1148,0,0,0,0
2020-02-22,Amador,005,37829,0,0,0,0
2020-02-22,Butte,007,227075,0,0,0,0
2020-02-22,Calaveras,009,45235,0,0,0,0
2020-02-22,Colusa,011,21464,0,0,0,0
2020-02-22,Contra Costa,013,1133247,5,0,5,0
2020-02-22,Del Norte,015,27424,0,0,0,0
2020-02-22,El Dorado,017,186661,0,0,0,0
2020-02-22,Fresno,019,978130,1,0,1,0
2020-02-22,Glenn,021,27897,0,0,0,0
2020-02-22,Humboldt,023,135768,1,0,1,0
2020-02-22,Imperial,025,180216,0,0,0,0
2020-02-22,Inyo,027,18085,0,0,0,0
2020-02-22,Kern,029,883053,2,0,2,0
2020-02-22,Kings,031,150075,0,0,0,0
2020-02-22,Lake,033,64148,0,0,0,0
2020-02-22,Lassen,035,31185,0,0,0,0
2020-02-22,Los Angeles,037,10098052,61,6,67,0
2020-02-22,Madera,039,155013,0,0,0,0
2020-02-22,Marin,041,260295,1,0,1,0
2020-02-22,Mariposa,043,17540,0,0,0,0
2020-02-22,Mendocino,045,87422,0,0,0,0
2020-02-22,Merced,047,269075,0,0,0,0
2020-02-22,Modoc,049,8938,0,0,0,0
2020-02-22,Mono,051,14174,0,0,0,0
2020-02-22,Monterey,053,433212,1,0,1,0
2020-02-22,Napa,055,140530,0,0,0,0
2020-02-22,Nevada,057,99092,0,1,1,0
2020-02-22,Orange,059,3164182,44,0,44,0
2020-02-22,Placer,061,380077,3,0,3,0
2020-02-22,Plumas,063,18699,0,0,0,0
2020-02-22,Riverside,065,2383286,9,0,9,0
2020-02-22,Sacramento,067,1510023,6,0,6,0
2020-02-22,San Benito,069,59416,0,0,0,0
2020-02-22,San Bernardino,071,2135413,18,0,18,1
2020-02-22,San Diego,073,3302833,3,0,3,0
2020-02-22,San Francisco,075,870044,3,0,3,0
2020-02-22,San Joaquin,077,732212,4,1,5,0
2020-02-22,San Luis Obispo,079,281455,2,0,2,0
2020-02-22,San Mateo,081,765935,8,0,8,0
2020-02-22,Santa Barbara,083,443738,0,0,0,0
2020-02-22,Santa Clara,085,1922200,23,1,24,2
2020-02-22,Santa Cruz,087,273765,2,0,2,0
2020-02-22,Shasta,089,179085,0,0,0,0
2020-02-22,Sierra,091,2930,0,0,0,0
2020-02-22,Siskiyou,093,43540,0,0,0,0
2020-02-22,Solano,095,438530,11,0,11,0
2020-02-22,Sonoma,097,501317,4,0,4,0
2020-02-22,Stanislaus,099,539301,2,2,4,0
2020-02-22,Sutter,101,95872,0,0,0,0
2020-02-22,Tehama,103,63373,0,0,0,0
2020-02-22,Trinity,105,12862,0,0,0,0
2020-02-22,Tulare,107,460477,2,0,2,0
2020-02-22,Tuolumne,109,53932,0,0,0,0
2020-02-22,Ventura,111,848112,4,0,4,0
2020-02-22,Yolo,113,214977,0,0,0,0
2020-02-22,Yuba,115,75493,0,0,0,0
2020-02-21,Alameda,001,1643700,10,0,10,0
2020-02-21,Alpine,002,1148,0,0,0,0
2020-02-21,Amador,005,37829,0,0,0,0
2020-02-21,Butte,007,227075,0,0,0,0
2020-02-21,Calaveras,009,45235,0,0,0,0
2020-02-21,Colusa,011,21464,0,0,0,0
2020-02-21,Contra Costa,013,1133247,4,0,4,0
2020-02-21,Del Norte,015,27424,0,0,0,0
2020-02-21,El Dorado,017,186661,0,0,0,0
2020-02-21,Fresno,019,978130,1,0,1,0
2020-02-21,Glenn,021,27897,0,0,0,0
2020-02-21,Humboldt,023,135768,1,0,1,0
2020-02-21,Imperial,025,180216,0,0,0,0
2020-02-21,Inyo,027,18085,0,0,0,0
2020-02-21,Kern,029,883053,2,0,2,0
2020-02-21,Kings,031,150075,0,0,0,0
2020-02-21,Lake,033,64148,0,0,0,0
2020-02-21,Lassen,035,31185,0,0,0,0
2020-02-21,Los Angeles,037,10098052,57,6,63,0
2020-02-21,Madera,039,155013,0,0,0,0
2020-02-21,Marin,041,260295,1,0,1,0
2020-02-21,Mariposa,043,17540,0,0,0,0
2020-02-21,Mendocino,045,87422,0,0,0,0
2020-02-21,Merced,047,269075,0,0,0,0
2020-02-21,Modoc,049,8938,0,0,0,0
2020-02-21,Mono,051,14174,0,0,0,0
2020-02-21,Monterey,053,433212,1,0,1,0
2020-02-21,Napa,055,140530,0,0,0,0
2020-02-21,Nevada,057,99092,0,1,1,0
2020-02-21,Orange,059,3164182,42,0,42,0
2020-02-21,Placer,061,380077,2,0,2,0
2020-02-21,Plumas,063,18699,0,0,0,0
2020-02-21,Riverside,065,2383286,9,0,9,0
2020-02-21,Sacramento,067,1510023,5,0,5,0
2020-02-21,San Benito,069,59416,0,0,0,0
2020-02-21,San Bernardino,071,2135413,17,0,17,1
2020-02-21,San Diego,073,3302833,3,0,3,0
2020-02-21,San Francisco,075,870044,3,0,3,0
2020-02-21,San Joaquin,077,732212,2,1,3,0
2020-02-21,San Luis Obispo,079,281455,2,0,2,0
2020-02-21,San Mateo,081,765935,8,0,8,0
2020-02-21,Santa Barbara,083,443738,0,0,0,0
2020-02-21,Santa Clara,085,1922200,21,1,22,2
2020-02-21,Santa Cruz,087,273765,2,0,2,0
2020-02-21,Shasta,089,179085,0,0,0,0
2020-02-21,Sierra,091,2930,0,0,0,0
2020-02-21,Siskiyou,093,43540,0,0,0,0
2020-02-21,Solano,095,438530,10,0,10,0
2020-02-21,Sonoma,097,501317,3,0,3,0
2020-02-21,Stanislaus,099,539301,2,2,4,0
2020-02-21,Sutter,101,95872,0,0,0,0
2020-02-21,Tehama,103,63373,0,0,0,0
2020-02-21,Trinity,105,12862,0,0,0,0
2020-02-21,Tulare,107,460477,2,0,2,0
2020-02-21,Tuolumne,109,53932,0,0,0,0
2020-02-21,Ventura,111,848112,4,0,4,0
2020-02-21,Yolo,113,214977,0,0,0,0
2020-02-21,Yuba,115,75493,0,0,0,0
2020-02-20,Alameda,001,1643700,8,0,8,0
2020-02-20,Alpine,002,1148,0,0,0,0
2020-02-20,Amador,005,37829,0,0,0,0
2020-02-20,Butte,007,227075,0,0,0,0
2020-02-20,Calaveras,009,45235,0,0,0,0
2020-02-20,Colusa,011,21464,0,0,0,0
2020-02-20,Contra Costa,013,1133247,3,0,3,0
2020-02-20,Del Norte,015,27424,0,0,0,0
2020-02-20,El Dorado,017,186661,0,0,0,0
2020-02-20,Fresno,019,978130,1,0,1,0
2020-02-20,Glenn,021,27897,0,0,0,0
2020-02-20,Humboldt,023,135768,1,0,1,0
2020-02-20,Imperial,025,180216,0,0,0,0
2020-02-20,Inyo,027,18085,0,0,0,0
2020-02-20,Kern,029,883053,2,0,2,0
2020-02-20,Kings,031,150075,0,0,0,0
2020-02-20,Lake,033,64148,0,0,0,0
2020-02-20,Lassen,035,31185,0,0,0,0
2020-02-20,Los Angeles,037,10098052,56,5,61,0
2020-02-20,Madera,039,155013,0,0,0,0
2020-02-20,Marin,041,260295,0,0,0,0
2020-02-20,Mariposa,043,17540,0,0,0,0
2020-02-20,Mendocino,045,87422,0,0,0,0
2020-02-20,Merced,047,269075,0,0,0,0
2020-02-20,Modoc,049,8938,0,0,0,0
2020-02-20,Mono,051,14174,0,0,0,0
2020-02-20,Monterey,053,433212,1,0,1,0
2020-02-20,Napa,055,140530,0,0,0,0
2020-02-20,Nevada,057,99092,0,1,1,0
2020-02-20,Orange,059,3164182,42,0,42,0
2020-02-20,Placer,061,380077,2,0,2,0
2020-02-20,Plumas,063,18699,0,0,0,0
2020-02-20,Riverside,065,2383286,7,0,7,0
2020-02-20,Sacramento,067,1510023,2,0,2,0
2020-02-20,San Benito,069,59416,0,0,0,0
2020-02-20,San Bernardino,071,2135413,15,0,15,0
2020-02-20,San Diego,073,3302833,3,0,3,0
2020-02-20,San Francisco,075,870044,3,0,3,0
2020-02-20,San Joaquin,077,732212,2,1,3,0
2020-02-20,San Luis Obispo,079,281455,2,0,2,0
2020-02-20,San Mateo,081,765935,7,0,7,0
2020-02-20,Santa Barbara,083,443738,0,0,0,0
2020-02-20,Santa Clara,085,1922200,17,1,18,2
2020-02-20,Santa Cruz,087,273765,2,0,2,0
2020-02-20,Shasta,089,179085,0,0,0,0
2020-02-20,Sierra,091,2930,0,0,0,0
2020-02-20,Siskiyou,093,43540,0,0,0,0
2020-02-20,Solano,095,438530,8,0,8,0
2020-02-20,Sonoma,097,501317,2,0,2,0
2020-02-20,Stanislaus,099,539301,2,2,4,0
2020-02-20,Sutter,101,95872,0,0,0,0
2020-02-20,Tehama,103,63373,0,0,0,0
2020-02-20,Trinity,105,12862,0,0,0,0
2020-02-20,Tulare,107,460477,2,0,2,0
2020-02-20,Tuolumne,109,53932,0,0,0,0
2020-02-20,Ventura,111,848112,4,0,4,0
2020-02-20,Yolo,113,214977,0,0,0,0
2020-02-20,Yuba,115,75493,0,0,0,0
2020-02-19,Alameda,001,1643700,7,0,7,0
2020-02-19,Alpine,002,1148,0,0,0,0
2020-02-19,Amador,005,37829,0,0,0,0
2020-02-19,Butte,007,227075,0,0,0,0
2020-02-19,Calaveras,009,45235,0,0,0,0
2020-02-19,Colusa,011,21464,0,0,0,0
2020-02-19,Contra Costa,013,1133247,3,0,3,0
2020-02-19,Del Norte,015,27424,0,0,0,0
2020-02-19,El Dorado,017,186661,0,0,0,0
2020-02-19,Fresno,019,978130,1,0,1,0
2020-02-19,Glenn,021,27897,0,0,0,0
2020-02-19,Humboldt,023,135768,1,0,1,0
2020-02-19,Imperial,025,180216,0,0,0,0
2020-02-19,Inyo,027,18085,0,0,0,0
2020-02-19,Kern,029,883053,2,0,2,0
2020-02-19,Kings,031,150075,0,0,0,0
2020-02-19,Lake,033,64148,0,0,0,0
2020-02-19,Lassen,035,31185,0,0,0,0
2020-02-19,Los Angeles,037,10098052,54,5,59,0
2020-02-19,Madera,039,155013,0,0,0,0
2020-02-19,Marin,041,260295,0,0,0,0
2020-02-19,Mariposa,043,17540,0,0,0,0
2020-02-19,Mendocino,045,87422,0,0,0,0
2020-02-19,Merced,047,269075,0,0,0,0
2020-02-19,Modoc,049,8938,0,0,0,0
2020-02-19,Mono,051,14174,0,0,0,0
2020-02-19,Monterey,053,433212,1,0,1,0
2020-02-19,Napa,055,140530,0,0,0,0
2020-02-19,Nevada,057,99092,0,1,1,0
2020-02-19,Orange,059,3164182,41,0,41,0
2020-02-19,Placer,061,380077,2,0,2,0
2020-02-19,Plumas,063,18699,0,0,0,0
2020-02-19,Riverside,065,2383286,5,0,5,0
2020-02-19,Sacramento,067,1510023,2,0,2,0
2020-02-19,San Benito,069,59416,0,0,0,0
2020-02-19,San Bernardino,071,2135413,14,0,14,0
2020-02-19,San Diego,073,3302833,2,0,2,0
2020-02-19,San Francisco,075,870044,2,0,2,0
2020-02-19,San Joaquin,077,732212,2,1,3,0
2020-02-19,San Luis Obispo,079,281455,2,0,2,0
2020-02-19,San Mateo,081,765935,6,0,6,0
2020-02-19,Santa Barbara,083,443738,0,0,0,0
2020-02-19,Santa Clara,085,1922200,15,1,16,2
2020-02-19,Santa Cruz,087,273765,0,0,0,0
2020-02-19,Shasta,089,179085,0,0,0,0
2020-02-19,Sierra,091,2930,0,0,0,0
2020-02-19,Siskiyou,093,43540,0,0,0,0
2020-02-19,Solano,095,438530,5,0,5,0
2020-02-19,Sonoma,097,501317,2,0,2,0
2020-02-19,Stanislaus,099,539301,1,2,3,0
2020-02-19,Sutter,101,95872,0,0,0,0
2020-02-19,Tehama,103,63373,0,0,0,0
2020-02-19,Trinity,105,12862,0,0,0,0
2020-02-19,Tulare,107,460477,2,0,2,0
2020-02-19,Tuolumne,109,53932,0,0,0,0
2020-02-19,Ventura,111,848112,2,0,2,0
2020-02-19,Yolo,113,214977,0,0,0,0
2020-02-19,Yuba,115,75493,0,0,0,0
2020-02-18,Alameda,001,1643700,7,0,7,0
2020-02-18,Alpine,002,1148,0,0,0,0
2020-02-18,Amador,005,37829,0,0,0,0
2020-02-18,Butte,007,227075,0,0,0,0
2020-02-18,Calaveras,009,45235,0,0,0,0
2020-02-18,Colusa,011,21464,0,0,0,0
2020-02-18,Contra Costa,013,1133247,3,0,3,0
2020-02-18,Del Norte,015,27424,0,0,0,0
2020-02-18,El Dorado,017,186661,0,0,0,0
2020-02-18,Fresno,019,978130,0,0,0,0
2020-02-18,Glenn,021,27897,0,0,0,0
2020-02-18,Humboldt,023,135768,1,0,1,0
2020-02-18,Imperial,025,180216,0,0,0,0
2020-02-18,Inyo,027,18085,0,0,0,0
2020-02-18,Kern,029,883053,2,0,2,0
2020-02-18,Kings,031,150075,0,0,0,0
2020-02-18,Lake,033,64148,0,0,0,0
2020-02-18,Lassen,035,31185,0,0,0,0
2020-02-18,Los Angeles,037,10098052,51,4,55,0
2020-02-18,Madera,039,155013,0,0,0,0
2020-02-18,Marin,041,260295,0,0,0,0
2020-02-18,Mariposa,043,17540,0,0,0,0
2020-02-18,Mendocino,045,87422,0,0,0,0
2020-02-18,Merced,047,269075,0,0,0,0
2020-02-18,Modoc,049,8938,0,0,0,0
2020-02-18,Mono,051,14174,0,0,0,0
2020-02-18,Monterey,053,433212,1,0,1,0
2020-02-18,Napa,055,140530,0,0,0,0
2020-02-18,Nevada,057,99092,0,1,1,0
2020-02-18,Orange,059,3164182,40,0,40,0
2020-02-18,Placer,061,380077,0,0,0,0
2020-02-18,Plumas,063,18699,0,0,0,0
2020-02-18,Riverside,065,2383286,5,0,5,0
2020-02-18,Sacramento,067,1510023,2,0,2,0
2020-02-18,San Benito,069,59416,0,0,0,0
2020-02-18,San Bernardino,071,2135413,13,0,13,0
2020-02-18,San Diego,073,3302833,2,0,2,0
2020-02-18,San Francisco,075,870044,2,0,2,0
2020-02-18,San Joaquin,077,732212,1,1,2,0
2020-02-18,San Luis Obispo,079,281455,2,0,2,0
2020-02-18,San Mateo,081,765935,5,0,5,0
2020-02-18,Santa Barbara,083,443738,0,0,0,0
2020-02-18,Santa Clara,085,1922200,14,1,15,2
2020-02-18,Santa Cruz,087,273765,0,0,0,0
2020-02-18,Shasta,089,179085,0,0,0,0
2020-02-18,Sierra,091,2930,0,0,0,0
2020-02-18,Siskiyou,093,43540,0,0,0,0
2020-02-18,Solano,095,438530,5,0,5,0
2020-02-18,Sonoma,097,501317,1,0,1,0
2020-02-18,Stanislaus,099,539301,1,2,3,0
2020-02-18,Sutter,101,95872,0,0,0,0
2020-02-18,Tehama,103,63373,0,0,0,0
2020-02-18,Trinity,105,12862,0,0,0,0
2020-02-18,Tulare,107,460477,2,0,2,0
2020-02-18,Tuolumne,109,53932,0,0,0,0
2020-02-18,Ventura,111,848112,2,0,2,0
2020-02-18,Yolo,113,214977,0,0,0,0
2020-02-18,Yuba,115,75493,0,0,0,0
2020-02-17,Alameda,001,1643700,7,0,7,0
2020-02-17,Alpine,002,1148,0,0,0,0
2020-02-17,Amador,005,37829,0,0,0,0
2020-02-17,Butte,007,227075,0,0,0,0
2020-02-17,Calaveras,009,45235,0,0,0,0
2020-02-17,Colusa,011,21464,0,0,0,0
2020-02-17,Contra Costa,013,1133247,3,0,3,0
2020-02-17,Del Norte,015,27424,0,0,0,0
2020-02-17,El Dorado,017,186661,0,0,0,0
2020-02-17,Fresno,019,978130,0,0,0,0
2020-02-17,Glenn,021,27897,0,0,0,0
2020-02-17,Humboldt,023,135768,1,0,1,0
2020-02-17,Imperial,025,180216,0,0,0,0
2020-02-17,Inyo,027,18085,0,0,0,0
2020-02-17,Kern,029,883053,2,0,2,0
2020-02-17,Kings,031,150075,0,0,0,0
2020-02-17,Lake,033,64148,0,0,0,0
2020-02-17,Lassen,035,31185,0,0,0,0
2020-02-17,Los Angeles,037,10098052,48,4,52,0
2020-02-17,Madera,039,155013,0,0,0,0
2020-02-17,Marin,041,260295,0,0,0,0
2020-02-17,Mariposa,043,17540,0,0,0,0
2020-02-17,Mendocino,045,87422,0,0,0,0
2020-02-17,Merced,047,269075,0,0,0,0
2020-02-17,Modoc,049,8938,0,0,0,0
2020-02-17,Mono,051,14174,0,0,0,0
2020-02-17,Monterey,053,433212,1,0,1,0
2020-02-17,Napa,055,140530,0,0,0,0
2020-02-17,Nevada,057,99092,0,1,1,0
2020-02-17,Orange,059,3164182,40,0,40,0
2020-02-17,Placer,061,380077,0,0,0,0
2020-02-17,Plumas,063,18699,0,0,0,0
2020-02-17,Riverside,065,2383286,5,0,5,0
2020-02-17,Sacramento,067,1510023,2,0,2,0
2020-02-17,San Benito,069,59416,0,0,0,0
2020-02-17,San Bernardino,071,2135413,11,0,11,0
2020-02-17,San Diego,073,3302833,2,0,2,0
2020-02-17,San Francisco,075,870044,2,0,2,0
2020-02-17,San Joaquin,077,732212,1,1,2,0
2020-02-17,San Luis Obispo,079,281455,1,0,1,0
2020-02-17,San Mateo,081,765935,5,0,5,0
2020-02-17,Santa Barbara,083,443738,0,0,0,0
2020-02-17,Santa Clara,085,1922200,12,1,13,2
2020-02-17,Santa Cruz,087,273765,0,0,0,0
2020-02-17,Shasta,089,179085,0,0,0,0
2020-02-17,Sierra,091,2930,0,0,0,0
2020-02-17,Siskiyou,093,43540,0,0,0,0
2020-02-17,Solano,095,438530,3,0,3,0
2020-02-17,Sonoma,097,501317,1,0,1,0
2020-02-17,Stanislaus,099,539301,1,2,3,0
2020-02-17,Sutter,101,95872,0,0,0,0
2020-02-17,Tehama,103,63373,0,0,0,0
2020-02-17,Trinity,105,12862,0,0,0,0
2020-02-17,Tulare,107,460477,2,0,2,0
2020-02-17,Tuolumne,109,53932,0,0,0,0
2020-02-17,Ventura,111,848112,2,0,2,0
2020-02-17,Yolo,113,214977,0,0,0,0
2020-02-17,Yuba,115,75493,0,0,0,0
2020-02-16,Alameda,001,1643700,6,0,6,0
2020-02-16,Alpine,002,1148,0,0,0,0
2020-02-16,Amador,005,37829,0,0,0,0
2020-02-16,Butte,007,227075,0,0,0,0
2020-02-16,Calaveras,009,45235,0,0,0,0
2020-02-16,Colusa,011,21464,0,0,0,0
2020-02-16,Contra Costa,013,1133247,3,0,3,0
2020-02-16,Del Norte,015,27424,0,0,0,0
2020-02-16,El Dorado,017,186661,0,0,0,0
2020-02-16,Fresno,019,978130,0,0,0,0
2020-02-16,Glenn,021,27897,0,0,0,0
2020-02-16,Humboldt,023,135768,1,0,1,0
2020-02-16,Imperial,025,180216,0,0,0,0
2020-02-16,Inyo,027,18085,0,0,0,0
2020-02-16,Kern,029,883053,2,0,2,0
2020-02-16,Kings,031,150075,0,0,0,0
2020-02-16,Lake,033,64148,0,0,0,0
2020-02-16,Lassen,035,31185,0,0,0,0
2020-02-16,Los Angeles,037,10098052,43,4,47,0
2020-02-16,Madera,039,155013,0,0,0,0
2020-02-16,Marin,041,260295,0,0,0,0
2020-02-16,Mariposa,043,17540,0,0,0,0
2020-02-16,Mendocino,045,87422,0,0,0,0
2020-02-16,Merced,047,269075,0,0,0,0
2020-02-16,Modoc,049,8938,0,0,0,0
2020-02-16,Mono,051,14174,0,0,0,0
2020-02-16,Monterey,053,433212,1,0,1,0
2020-02-16,Napa,055,140530,0,0,0,0
2020-02-16,Nevada,057,99092,0,0,0,0
2020-02-16,Orange,059,3164182,39,0,39,0
2020-02-16,Placer,061,380077,0,0,0,0
2020-02-16,Plumas,063,18699,0,0,0,0
2020-02-16,Riverside,065,2383286,5,0,5,0
2020-02-16,Sacramento,067,1510023,2,0,2,0
2020-02-16,San Benito,069,59416,0,0,0,0
2020-02-16,San Bernardino,071,2135413,10,0,10,0
2020-02-16,San Diego,073,3302833,2,0,2,0
2020-02-16,San Francisco,075,870044,2,0,2,0
2020-02-16,San Joaquin,077,732212,1,1,2,0
2020-02-16,San Luis Obispo,079,281455,1,0,1,0
2020-02-16,San Mateo,081,765935,4,0,4,0
2020-02-16,Santa Barbara,083,443738,0,0,0,0
2020-02-16,Santa Clara,085,1922200,10,1,11,1
2020-02-16,Santa Cruz,087,273765,0,0,0,0
2020-02-16,Shasta,089,179085,0,0,0,0
2020-02-16,Sierra,091,2930,0,0,0,0
2020-02-16,Siskiyou,093,43540,0,0,0,0
2020-02-16,Solano,095,438530,1,0,1,0
2020-02-16,Sonoma,097,501317,1,0,1,0
2020-02-16,Stanislaus,099,539301,1,2,3,0
2020-02-16,Sutter,101,95872,0,0,0,0
2020-02-16,Tehama,103,63373,0,0,0,0
2020-02-16,Trinity,105,12862,0,0,0,0
2020-02-16,Tulare,107,460477,2,0,2,0
2020-02-16,Tuolumne,109,53932,0,0,0,0
2020-02-16,Ventura,111,848112,2,0,2,0
2020-02-16,Yolo,113,214977,0,0,0,0
2020-02-16,Yuba,115,75493,0,0,0,0
2020-02-15,Alameda,001,1643700,6,0,6,0
2020-02-15,Alpine,002,1148,0,0,0,0
2020-02-15,Amador,005,37829,0,0,0,0
2020-02-15,Butte,007,227075,0,0,0,0
2020-02-15,Calaveras,009,45235,0,0,0,0
2020-02-15,Colusa,011,21464,0,0,0,0
2020-02-15,Contra Costa,013,1133247,3,0,3,0
2020-02-15,Del Norte,015,27424,0,0,0,0
2020-02-15,El Dorado,017,186661,0,0,0,0
2020-02-15,Fresno,019,978130,0,0,0,0
2020-02-15,Glenn,021,27897,0,0,0,0
2020-02-15,Humboldt,023,135768,1,0,1,0
2020-02-15,Imperial,025,180216,0,0,0,0
2020-02-15,Inyo,027,18085,0,0,0,0
2020-02-15,Kern,029,883053,2,0,2,0
2020-02-15,Kings,031,150075,0,0,0,0
2020-02-15,Lake,033,64148,0,0,0,0
2020-02-15,Lassen,035,31185,0,0,0,0
2020-02-15,Los Angeles,037,10098052,40,4,44,0
2020-02-15,Madera,039,155013,0,0,0,0
2020-02-15,Marin,041,260295,0,0,0,0
2020-02-15,Mariposa,043,17540,0,0,0,0
2020-02-15,Mendocino,045,87422,0,0,0,0
2020-02-15,Merced,047,269075,0,0,0,0
2020-02-15,Modoc,049,8938,0,0,0,0
2020-02-15,Mono,051,14174,0,0,0,0
2020-02-15,Monterey,053,433212,1,0,1,0
2020-02-15,Napa,055,140530,0,0,0,0
2020-02-15,Nevada,057,99092,0,0,0,0
2020-02-15,Orange,059,3164182,38,0,38,0
2020-02-15,Placer,061,380077,0,0,0,0
2020-02-15,Plumas,063,18699,0,0,0,0
2020-02-15,Riverside,065,2383286,4,0,4,0
2020-02-15,Sacramento,067,1510023,2,0,2,0
2020-02-15,San Benito,069,59416,0,0,0,0
2020-02-15,San Bernardino,071,2135413,9,0,9,0
2020-02-15,San Diego,073,3302833,2,0,2,0
2020-02-15,San Francisco,075,870044,2,0,2,0
2020-02-15,San Joaquin,077,732212,1,1,2,0
2020-02-15,San Luis Obispo,079,281455,1,0,1,0
2020-02-15,San Mateo,081,765935,4,0,4,0
2020-02-15,Santa Barbara,083,443738,0,0,0,0
2020-02-15,Santa Clara,085,1922200,10,1,11,1
2020-02-15,Santa Cruz,087,273765,0,0,0,0
2020-02-15,Shasta,089,179085,0,0,0,0
2020-02-15,Sierra,091,2930,0,0,0,0
2020-02-15,Siskiyou,093,43540,0,0,0,0
2020-02-15,Solano,095,438530,1,0,1,0
2020-02-15,Sonoma,097,501317,0,0,0,0
2020-02-15,Stanislaus,099,539301,1,2,3,0
2020-02-15,Sutter,101,95872,0,0,0,0
2020-02-15,Tehama,103,63373,0,0,0,0
2020-02-15,Trinity,105,12862,0,0,0,0
2020-02-15,Tulare,107,460477,2,0,2,0
2020-02-15,Tuolumne,109,53932,0,0,0,0
2020-02-15,Ventura,111,848112,2,0,2,0
2020-02-15,Yolo,113,214977,0,0,0,0
2020-02-15,Yuba,115,75493,0,0,0,0
2020-02-14,Alameda,001,1643700,5,0,5,0
2020-02-14,Alpine,002,1148,0,0,0,0
2020-02-14,Amador,005,37829,0,0,0,0
2020-02-14,Butte,007,227075,0,0,0,0
2020-02-14,Calaveras,009,45235,0,0,0,0
2020-02-14,Colusa,011,21464,0,0,0,0
2020-02-14,Contra Costa,013,1133247,3,0,3,0
2020-02-14,Del Norte,015,27424,0,0,0,0
2020-02-14,El Dorado,017,186661,0,0,0,0
2020-02-14,Fresno,019,978130,0,0,0,0
2020-02-14,Glenn,021,27897,0,0,0,0
2020-02-14,Humboldt,023,135768,1,0,1,0
2020-02-14,Imperial,025,180216,0,0,0,0
2020-02-14,Inyo,027,18085,0,0,0,0
2020-02-14,Kern,029,883053,2,0,2,0
2020-02-14,Kings,031,150075,0,0,0,0
2020-02-14,Lake,033,64148,0,0,0,0
2020-02-14,Lassen,035,31185,0,0,0,0
2020-02-14,Los Angeles,037,10098052,35,4,39,0
2020-02-14,Madera,039,155013,0,0,0,0
2020-02-14,Marin,041,260295,0,0,0,0
2020-02-14,Mariposa,043,17540,0,0,0,0
2020-02-14,Mendocino,045,87422,0,0,0,0
2020-02-14,Merced,047,269075,0,0,0,0
2020-02-14,Modoc,049,8938,0,0,0,0
2020-02-14,Mono,051,14174,0,0,0,0
2020-02-14,Monterey,053,433212,1,0,1,0
2020-02-14,Napa,055,140530,0,0,0,0
2020-02-14,Nevada,057,99092,0,0,0,0
2020-02-14,Orange,059,3164182,38,0,38,0
2020-02-14,Placer,061,380077,0,0,0,0
2020-02-14,Plumas,063,18699,0,0,0,0
2020-02-14,Riverside,065,2383286,4,0,4,0
2020-02-14,Sacramento,067,1510023,1,0,1,0
2020-02-14,San Benito,069,59416,0,0,0,0
2020-02-14,San Bernardino,071,2135413,9,0,9,0
2020-02-14,San Diego,073,3302833,1,0,1,0
2020-02-14,San Francisco,075,870044,2,0,2,0
2020-02-14,San Joaquin,077,732212,1,1,2,0
2020-02-14,San Luis Obispo,079,281455,0,0,0,0
2020-02-14,San Mateo,081,765935,3,0,3,0
2020-02-14,Santa Barbara,083,443738,0,0,0,0
2020-02-14,Santa Clara,085,1922200,8,1,9,1
2020-02-14,Santa Cruz,087,273765,0,0,0,0
2020-02-14,Shasta,089,179085,0,0,0,0
2020-02-14,Sierra,091,2930,0,0,0,0
2020-02-14,Siskiyou,093,43540,0,0,0,0
2020-02-14,Solano,095,438530,1,0,1,0
2020-02-14,Sonoma,097,501317,0,0,0,0
2020-02-14,Stanislaus,099,539301,1,2,3,0
2020-02-14,Sutter,101,95872,0,0,0,0
2020-02-14,Tehama,103,63373,0,0,0,0
2020-02-14,Trinity,105,12862,0,0,0,0
2020-02-14,Tulare,107,460477,2,0,2,0
2020-02-14,Tuolumne,109,53932,0,0,0,0
2020-02-14,Ventura,111,848112,2,0,2,0
2020-02-14,Yolo,113,214977,0,0,0,0
2020-02-14,Yuba,115,75493,0,0,0,0
2020-02-13,Alameda,001,1643700,5,0,5,0
2020-02-13,Alpine,002,1148,0,0,0,0
2020-02-13,Amador,005,37829,0,0,0,0
2020-02-13,Butte,007,227075,0,0,0,0
2020-02-13,Calaveras,009,45235,0,0,0,0
2020-02-13,Colusa,011,21464,0,0,0,0
2020-02-13,Contra Costa,013,1133247,3,0,3,0
2020-02-13,Del Norte,015,27424,0,0,0,0
2020-02-13,El Dorado,017,186661,0,0,0,0
2020-02-13,Fresno,019,978130,0,0,0,0
2020-02-13,Glenn,021,27897,0,0,0,0
2020-02-13,Humboldt,023,135768,1,0,1,0
2020-02-13,Imperial,025,180216,0,0,0,0
2020-02-13,Inyo,027,18085,0,0,0,0
2020-02-13,Kern,029,883053,2,0,2,0
2020-02-13,Kings,031,150075,0,0,0,0
2020-02-13,Lake,033,64148,0,0,0,0
2020-02-13,Lassen,035,31185,0,0,0,0
2020-02-13,Los Angeles,037,10098052,32,3,35,0
2020-02-13,Madera,039,155013,0,0,0,0
2020-02-13,Marin,041,260295,0,0,0,0
2020-02-13,Mariposa,043,17540,0,0,0,0
2020-02-13,Mendocino,045,87422,0,0,0,0
2020-02-13,Merced,047,269075,0,0,0,0
2020-02-13,Modoc,049,8938,0,0,0,0
2020-02-13,Mono,051,14174,0,0,0,0
2020-02-13,Monterey,053,433212,1,0,1,0
2020-02-13,Napa,055,140530,0,0,0,0
2020-02-13,Nevada,057,99092,0,0,0,0
2020-02-13,Orange,059,3164182,37,0,37,0
2020-02-13,Placer,061,380077,0,0,0,0
2020-02-13,Plumas,063,18699,0,0,0,0
2020-02-13,Riverside,065,2383286,4,0,4,0
2020-02-13,Sacramento,067,1510023,1,0,1,0
2020-02-13,San Benito,069,59416,0,0,0,0
2020-02-13,San Bernardino,071,2135413,8,0,8,0
2020-02-13,San Diego,073,3302833,0,0,0,0
2020-02-13,San Francisco,075,870044,2,0,2,0
2020-02-13,San Joaquin,077,732212,1,1,2,0
2020-02-13,San Luis Obispo,079,281455,0,0,0,0
2020-02-13,San Mateo,081,765935,2,0,2,0
2020-02-13,Santa Barbara,083,443738,0,0,0,0
2020-02-13,Santa Clara,085,1922200,7,0,7,1
2020-02-13,Santa Cruz,087,273765,0,0,0,0
2020-02-13,Shasta,089,179085,0,0,0,0
2020-02-13,Sierra,091,2930,0,0,0,0
2020-02-13,Siskiyou,093,43540,0,0,0,0
2020-02-13,Solano,095,438530,0,0,0,0
2020-02-13,Sonoma,097,501317,0,0,0,0
2020-02-13,Stanislaus,099,539301,1,1,2,0
2020-02-13,Sutter,101,95872,0,0,0,0
2020-02-13,Tehama,103,63373,0,0,0,0
2020-02-13,Trinity,105,12862,0,0,0,0
2020-02-13,Tulare,107,460477,2,0,2,0
2020-02-13,Tuolumne,109,53932,0,0,0,0
2020-02-13,Ventura,111,848112,2,0,2,0
2020-02-13,Yolo,113,214977,0,0,0,0
2020-02-13,Yuba,115,75493,0,0,0,0
2020-02-12,Alameda,001,1643700,5,0,5,0
2020-02-12,Alpine,002,1148,0,0,0,0
2020-02-12,Amador,005,37829,0,0,0,0
2020-02-12,Butte,007,227075,0,0,0,0
2020-02-12,Calaveras,009,45235,0,0,0,0
2020-02-12,Colusa,011,21464,0,0,0,0
2020-02-12,Contra Costa,013,1133247,3,0,3,0
2020-02-12,Del Norte,015,27424,0,0,0,0
2020-02-12,El Dorado,017,186661,0,0,0,0
2020-02-12,Fresno,019,978130,0,0,0,0
2020-02-12,Glenn,021,27897,0,0,0,0
2020-02-12,Humboldt,023,135768,1,0,1,0
2020-02-12,Imperial,025,180216,0,0,0,0
2020-02-12,Inyo,027,18085,0,0,0,0
2020-02-12,Kern,029,883053,2,0,2,0
2020-02-12,Kings,031,150075,0,0,0,0
2020-02-12,Lake,033,64148,0,0,0,0
2020-02-12,Lassen,035,31185,0,0,0,0
2020-02-12,Los Angeles,037,10098052,31,3,34,0
2020-02-12,Madera,039,155013,0,0,0,0
2020-02-12,Marin,041,260295,0,0,0,0
2020-02-12,Mariposa,043,17540,0,0,0,0
2020-02-12,Mendocino,045,87422,0,0,0,0
2020-02-12,Merced,047,269075,0,0,0,0
2020-02-12,Modoc,049,8938,0,0,0,0
2020-02-12,Mono,051,14174,0,0,0,0
2020-02-12,Monterey,053,433212,1,0,1,0
2020-02-12,Napa,055,140530,0,0,0,0
2020-02-12,Nevada,057,99092,0,0,0,0
2020-02-12,Orange,059,3164182,37,0,37,0
2020-02-12,Placer,061,380077,0,0,0,0
2020-02-12,Plumas,063,18699,0,0,0,0
2020-02-12,Riverside,065,2383286,4,0,4,0
2020-02-12,Sacramento,067,1510023,1,0,1,0
2020-02-12,San Benito,069,59416,0,0,0,0
2020-02-12,San Bernardino,071,2135413,8,0,8,0
2020-02-12,San Diego,073,3302833,0,0,0,0
2020-02-12,San Francisco,075,870044,2,0,2,0
2020-02-12,San Joaquin,077,732212,1,1,2,0
2020-02-12,San Luis Obispo,079,281455,0,0,0,0
2020-02-12,San Mateo,081,765935,2,0,2,0
2020-02-12,Santa Barbara,083,443738,0,0,0,0
2020-02-12,Santa Clara,085,1922200,6,0,6,1
2020-02-12,Santa Cruz,087,273765,0,0,0,0
2020-02-12,Shasta,089,179085,0,0,0,0
2020-02-12,Sierra,091,2930,0,0,0,0
2020-02-12,Siskiyou,093,43540,0,0,0,0
2020-02-12,Solano,095,438530,0,0,0,0
2020-02-12,Sonoma,097,501317,0,0,0,0
2020-02-12,Stanislaus,099,539301,1,1,2,0
2020-02-12,Sutter,101,95872,0,0,0,0
2020-02-12,Tehama,103,63373,0,0,0,0
2020-02-12,Trinity,105,12862,0,0,0,0
2020-02-12,Tulare,107,460477,2,0,2,0
2020-02-12,Tuolumne,109,53932,0,0,0,0
2020-02-12,Ventura,111,848112,2,0,2,0
2020-02-12,Yolo,113,214977,0,0,0,0
2020-02-12,Yuba,115,75493,0,0,0,0
2020-02-11,Alameda,001,1643700,5,0,5,0
2020-02-11,Alpine,002,1148,0,0,0,0
2020-02-11,Amador,005,37829,0,0,0,0
2020-02-11,Butte,007,227075,0,0,0,0
2020-02-11,Calaveras,009,45235,0,0,0,0
2020-02-11,Colusa,011,21464,0,0,0,0
2020-02-11,Contra Costa,013,1133247,3,0,3,0
2020-02-11,Del Norte,015,27424,0,0,0,0
2020-02-11,El Dorado,017,186661,0,0,0,0
2020-02-11,Fresno,019,978130,0,0,0,0
2020-02-11,Glenn,021,27897,0,0,0,0
2020-02-11,Humboldt,023,135768,1,0,1,0
2020-02-11,Imperial,025,180216,0,0,0,0
2020-02-11,Inyo,027,18085,0,0,0,0
2020-02-11,Kern,029,883053,2,0,2,0
2020-02-11,Kings,031,150075,0,0,0,0
2020-02-11,Lake,033,64148,0,0,0,0
2020-02-11,Lassen,035,31185,0,0,0,0
2020-02-11,Los Angeles,037,10098052,31,3,34,0
2020-02-11,Madera,039,155013,0,0,0,0
2020-02-11,Marin,041,260295,0,0,0,0
2020-02-11,Mariposa,043,17540,0,0,0,0
2020-02-11,Mendocino,045,87422,0,0,0,0
2020-02-11,Merced,047,269075,0,0,0,0
2020-02-11,Modoc,049,8938,0,0,0,0
2020-02-11,Mono,051,14174,0,0,0,0
2020-02-11,Monterey,053,433212,1,0,1,0
2020-02-11,Napa,055,140530,0,0,0,0
2020-02-11,Nevada,057,99092,0,0,0,0
2020-02-11,Orange,059,3164182,36,0,36,0
2020-02-11,Placer,061,380077,0,0,0,0
2020-02-11,Plumas,063,18699,0,0,0,0
2020-02-11,Riverside,065,2383286,4,0,4,0
2020-02-11,Sacramento,067,1510023,1,0,1,0
2020-02-11,San Benito,069,59416,0,0,0,0
2020-02-11,San Bernardino,071,2135413,8,0,8,0
2020-02-11,San Diego,073,3302833,0,0,0,0
2020-02-11,San Francisco,075,870044,2,0,2,0
2020-02-11,San Joaquin,077,732212,0,1,1,0
2020-02-11,San Luis Obispo,079,281455,0,0,0,0
2020-02-11,San Mateo,081,765935,2,0,2,0
2020-02-11,Santa Barbara,083,443738,0,0,0,0
2020-02-11,Santa Clara,085,1922200,5,0,5,1
2020-02-11,Santa Cruz,087,273765,0,0,0,0
2020-02-11,Shasta,089,179085,0,0,0,0
2020-02-11,Sierra,091,2930,0,0,0,0
2020-02-11,Siskiyou,093,43540,0,0,0,0
2020-02-11,Solano,095,438530,0,0,0,0
2020-02-11,Sonoma,097,501317,0,0,0,0
2020-02-11,Stanislaus,099,539301,1,1,2,0
2020-02-11,Sutter,101,95872,0,0,0,0
2020-02-11,Tehama,103,63373,0,0,0,0
2020-02-11,Trinity,105,12862,0,0,0,0
2020-02-11,Tulare,107,460477,2,0,2,0
2020-02-11,Tuolumne,109,53932,0,0,0,0
2020-02-11,Ventura,111,848112,2,0,2,0
2020-02-11,Yolo,113,214977,0,0,0,0
2020-02-11,Yuba,115,75493,0,0,0,0
2020-02-10,Alameda,001,1643700,5,0,5,0
2020-02-10,Alpine,002,1148,0,0,0,0
2020-02-10,Amador,005,37829,0,0,0,0
2020-02-10,Butte,007,227075,0,0,0,0
2020-02-10,Calaveras,009,45235,0,0,0,0
2020-02-10,Colusa,011,21464,0,0,0,0
2020-02-10,Contra Costa,013,1133247,3,0,3,0
2020-02-10,Del Norte,015,27424,0,0,0,0
2020-02-10,El Dorado,017,186661,0,0,0,0
2020-02-10,Fresno,019,978130,0,0,0,0
2020-02-10,Glenn,021,27897,0,0,0,0
2020-02-10,Humboldt,023,135768,0,0,0,0
2020-02-10,Imperial,025,180216,0,0,0,0
2020-02-10,Inyo,027,18085,0,0,0,0
2020-02-10,Kern,029,883053,2,0,2,0
2020-02-10,Kings,031,150075,0,0,0,0
2020-02-10,Lake,033,64148,0,0,0,0
2020-02-10,Lassen,035,31185,0,0,0,0
2020-02-10,Los Angeles,037,10098052,29,3,32,0
2020-02-10,Madera,039,155013,0,0,0,0
2020-02-10,Marin,041,260295,0,0,0,0
2020-02-10,Mariposa,043,17540,0,0,0,0
2020-02-10,Mendocino,045,87422,0,0,0,0
2020-02-10,Merced,047,269075,0,0,0,0
2020-02-10,Modoc,049,8938,0,0,0,0
2020-02-10,Mono,051,14174,0,0,0,0
2020-02-10,Monterey,053,433212,1,0,1,0
2020-02-10,Napa,055,140530,0,0,0,0
2020-02-10,Nevada,057,99092,0,0,0,0
2020-02-10,Orange,059,3164182,36,0,36,0
2020-02-10,Placer,061,380077,0,0,0,0
2020-02-10,Plumas,063,18699,0,0,0,0
2020-02-10,Riverside,065,2383286,4,0,4,0
2020-02-10,Sacramento,067,1510023,1,0,1,0
2020-02-10,San Benito,069,59416,0,0,0,0
2020-02-10,San Bernardino,071,2135413,7,0,7,0
2020-02-10,San Diego,073,3302833,0,0,0,0
2020-02-10,San Francisco,075,870044,2,0,2,0
2020-02-10,San Joaquin,077,732212,0,1,1,0
2020-02-10,San Luis Obispo,079,281455,0,0,0,0
2020-02-10,San Mateo,081,765935,2,0,2,0
2020-02-10,Santa Barbara,083,443738,0,0,0,0
2020-02-10,Santa Clara,085,1922200,5,0,5,1
2020-02-10,Santa Cruz,087,273765,0,0,0,0
2020-02-10,Shasta,089,179085,0,0,0,0
2020-02-10,Sierra,091,2930,0,0,0,0
2020-02-10,Siskiyou,093,43540,0,0,0,0
2020-02-10,Solano,095,438530,0,0,0,0
2020-02-10,Sonoma,097,501317,0,0,0,0
2020-02-10,Stanislaus,099,539301,1,0,1,0
2020-02-10,Sutter,101,95872,0,0,0,0
2020-02-10,Tehama,103,63373,0,0,0,0
2020-02-10,Trinity,105,12862,0,0,0,0
2020-02-10,Tulare,107,460477,2,0,2,0
2020-02-10,Tuolumne,109,53932,0,0,0,0
2020-02-10,Ventura,111,848112,2,0,2,0
2020-02-10,Yolo,113,214977,0,0,0,0
2020-02-10,Yuba,115,75493,0,0,0,0
2020-02-09,Alameda,001,1643700,5,0,5,0
2020-02-09,Alpine,002,1148,0,0,0,0
2020-02-09,Amador,005,37829,0,0,0,0
2020-02-09,Butte,007,227075,0,0,0,0
2020-02-09,Calaveras,009,45235,0,0,0,0
2020-02-09,Colusa,011,21464,0,0,0,0
2020-02-09,Contra Costa,013,1133247,3,0,3,0
2020-02-09,Del Norte,015,27424,0,0,0,0
2020-02-09,El Dorado,017,186661,0,0,0,0
2020-02-09,Fresno,019,978130,0,0,0,0
2020-02-09,Glenn,021,27897,0,0,0,0
2020-02-09,Humboldt,023,135768,0,0,0,0
2020-02-09,Imperial,025,180216,0,0,0,0
2020-02-09,Inyo,027,18085,0,0,0,0
2020-02-09,Kern,029,883053,2,0,2,0
2020-02-09,Kings,031,150075,0,0,0,0
2020-02-09,Lake,033,64148,0,0,0,0
2020-02-09,Lassen,035,31185,0,0,0,0
2020-02-09,Los Angeles,037,10098052,28,3,31,0
2020-02-09,Madera,039,155013,0,0,0,0
2020-02-09,Marin,041,260295,0,0,0,0
2020-02-09,Mariposa,043,17540,0,0,0,0
2020-02-09,Mendocino,045,87422,0,0,0,0
2020-02-09,Merced,047,269075,0,0,0,0
2020-02-09,Modoc,049,8938,0,0,0,0
2020-02-09,Mono,051,14174,0,0,0,0
2020-02-09,Monterey,053,433212,1,0,1,0
2020-02-09,Napa,055,140530,0,0,0,0
2020-02-09,Nevada,057,99092,0,0,0,0
2020-02-09,Orange,059,3164182,36,0,36,0
2020-02-09,Placer,061,380077,0,0,0,0
2020-02-09,Plumas,063,18699,0,0,0,0
2020-02-09,Riverside,065,2383286,4,0,4,0
2020-02-09,Sacramento,067,1510023,0,0,0,0
2020-02-09,San Benito,069,59416,0,0,0,0
2020-02-09,San Bernardino,071,2135413,7,0,7,0
2020-02-09,San Diego,073,3302833,0,0,0,0
2020-02-09,San Francisco,075,870044,1,0,1,0
2020-02-09,San Joaquin,077,732212,0,1,1,0
2020-02-09,San Luis Obispo,079,281455,0,0,0,0
2020-02-09,San Mateo,081,765935,2,0,2,0
2020-02-09,Santa Barbara,083,443738,0,0,0,0
2020-02-09,Santa Clara,085,1922200,4,0,4,1
2020-02-09,Santa Cruz,087,273765,0,0,0,0
2020-02-09,Shasta,089,179085,0,0,0,0
2020-02-09,Sierra,091,2930,0,0,0,0
2020-02-09,Siskiyou,093,43540,0,0,0,0
2020-02-09,Solano,095,438530,0,0,0,0
2020-02-09,Sonoma,097,501317,0,0,0,0
2020-02-09,Stanislaus,099,539301,0,0,0,0
2020-02-09,Sutter,101,95872,0,0,0,0
2020-02-09,Tehama,103,63373,0,0,0,0
2020-02-09,Trinity,105,12862,0,0,0,0
2020-02-09,Tulare,107,460477,2,0,2,0
2020-02-09,Tuolumne,109,53932,0,0,0,0
2020-02-09,Ventura,111,848112,1,0,1,0
2020-02-09,Yolo,113,214977,0,0,0,0
2020-02-09,Yuba,115,75493,0,0,0,0
2020-02-08,Alameda,001,1643700,4,0,4,0
2020-02-08,Alpine,002,1148,0,0,0,0
2020-02-08,Amador,005,37829,0,0,0,0
2020-02-08,Butte,007,227075,0,0,0,0
2020-02-08,Calaveras,009,45235,0,0,0,0
2020-02-08,Colusa,011,21464,0,0,0,0
2020-02-08,Contra Costa,013,1133247,2,0,2,0
2020-02-08,Del Norte,015,27424,0,0,0,0
2020-02-08,El Dorado,017,186661,0,0,0,0
2020-02-08,Fresno,019,978130,0,0,0,0
2020-02-08,Glenn,021,27897,0,0,0,0
2020-02-08,Humboldt,023,135768,0,0,0,0
2020-02-08,Imperial,025,180216,0,0,0,0
2020-02-08,Inyo,027,18085,0,0,0,0
2020-02-08,Kern,029,883053,2,0,2,0
2020-02-08,Kings,031,150075,0,0,0,0
2020-02-08,Lake,033,64148,0,0,0,0
2020-02-08,Lassen,035,31185,0,0,0,0
2020-02-08,Los Angeles,037,10098052,25,1,26,0
2020-02-08,Madera,039,155013,0,0,0,0
2020-02-08,Marin,041,260295,0,0,0,0
2020-02-08,Mariposa,043,17540,0,0,0,0
2020-02-08,Mendocino,045,87422,0,0,0,0
2020-02-08,Merced,047,269075,0,0,0,0
2020-02-08,Modoc,049,8938,0,0,0,0
2020-02-08,Mono,051,14174,0,0,0,0
2020-02-08,Monterey,053,433212,1,0,1,0
2020-02-08,Napa,055,140530,0,0,0,0
2020-02-08,Nevada,057,99092,0,0,0,0
2020-02-08,Orange,059,3164182,36,0,36,0
2020-02-08,Placer,061,380077,0,0,0,0
2020-02-08,Plumas,063,18699,0,0,0,0
2020-02-08,Riverside,065,2383286,4,0,4,0
2020-02-08,Sacramento,067,1510023,0,0,0,0
2020-02-08,San Benito,069,59416,0,0,0,0
2020-02-08,San Bernardino,071,2135413,7,0,7,0
2020-02-08,San Diego,073,3302833,0,0,0,0
2020-02-08,San Francisco,075,870044,1,0,1,0
2020-02-08,San Joaquin,077,732212,0,1,1,0
2020-02-08,San Luis Obispo,079,281455,0,0,0,0
2020-02-08,San Mateo,081,765935,2,0,2,0
2020-02-08,Santa Barbara,083,443738,0,0,0,0
2020-02-08,Santa Clara,085,1922200,4,0,4,1
2020-02-08,Santa Cruz,087,273765,0,0,0,0
2020-02-08,Shasta,089,179085,0,0,0,0
2020-02-08,Sierra,091,2930,0,0,0,0
2020-02-08,Siskiyou,093,43540,0,0,0,0
2020-02-08,Solano,095,438530,0,0,0,0
2020-02-08,Sonoma,097,501317,0,0,0,0
2020-02-08,Stanislaus,099,539301,0,0,0,0
2020-02-08,Sutter,101,95872,0,0,0,0
2020-02-08,Tehama,103,63373,0,0,0,0
2020-02-08,Trinity,105,12862,0,0,0,0
2020-02-08,Tulare,107,460477,2,0,2,0
2020-02-08,Tuolumne,109,53932,0,0,0,0
2020-02-08,Ventura,111,848112,1,0,1,0
2020-02-08,Yolo,113,214977,0,0,0,0
2020-02-08,Yuba,115,75493,0,0,0,0
2020-02-07,Alameda,001,1643700,4,0,4,0
2020-02-07,Alpine,002,1148,0,0,0,0
2020-02-07,Amador,005,37829,0,0,0,0
2020-02-07,Butte,007,227075,0,0,0,0
2020-02-07,Calaveras,009,45235,0,0,0,0
2020-02-07,Colusa,011,21464,0,0,0,0
2020-02-07,Contra Costa,013,1133247,2,0,2,0
2020-02-07,Del Norte,015,27424,0,0,0,0
2020-02-07,El Dorado,017,186661,0,0,0,0
2020-02-07,Fresno,019,978130,0,0,0,0
2020-02-07,Glenn,021,27897,0,0,0,0
2020-02-07,Humboldt,023,135768,0,0,0,0
2020-02-07,Imperial,025,180216,0,0,0,0
2020-02-07,Inyo,027,18085,0,0,0,0
2020-02-07,Kern,029,883053,2,0,2,0
2020-02-07,Kings,031,150075,0,0,0,0
2020-02-07,Lake,033,64148,0,0,0,0
2020-02-07,Lassen,035,31185,0,0,0,0
2020-02-07,Los Angeles,037,10098052,24,0,24,0
2020-02-07,Madera,039,155013,0,0,0,0
2020-02-07,Marin,041,260295,0,0,0,0
2020-02-07,Mariposa,043,17540,0,0,0,0
2020-02-07,Mendocino,045,87422,0,0,0,0
2020-02-07,Merced,047,269075,0,0,0,0
2020-02-07,Modoc,049,8938,0,0,0,0
2020-02-07,Mono,051,14174,0,0,0,0
2020-02-07,Monterey,053,433212,1,0,1,0
2020-02-07,Napa,055,140530,0,0,0,0
2020-02-07,Nevada,057,99092,0,0,0,0
2020-02-07,Orange,059,3164182,34,0,34,0
2020-02-07,Placer,061,380077,0,0,0,0
2020-02-07,Plumas,063,18699,0,0,0,0
2020-02-07,Riverside,065,2383286,4,0,4,0
2020-02-07,Sacramento,067,1510023,0,0,0,0
2020-02-07,San Benito,069,59416,0,0,0,0
2020-02-07,San Bernardino,071,2135413,4,0,4,0
2020-02-07,San Diego,073,3302833,0,0,0,0
2020-02-07,San Francisco,075,870044,1,0,1,0
2020-02-07,San Joaquin,077,732212,0,1,1,0
2020-02-07,San Luis Obispo,079,281455,0,0,0,0
2020-02-07,San Mateo,081,765935,1,0,1,0
2020-02-07,Santa Barbara,083,443738,0,0,0,0
2020-02-07,Santa Clara,085,1922200,4,0,4,1
2020-02-07,Santa Cruz,087,273765,0,0,0,0
2020-02-07,Shasta,089,179085,0,0,0,0
2020-02-07,Sierra,091,2930,0,0,0,0
2020-02-07,Siskiyou,093,43540,0,0,0,0
2020-02-07,Solano,095,438530,0,0,0,0
2020-02-07,Sonoma,097,501317,0,0,0,0
2020-02-07,Stanislaus,099,539301,0,0,0,0
2020-02-07,Sutter,101,95872,0,0,0,0
2020-02-07,Tehama,103,63373,0,0,0,0
2020-02-07,Trinity,105,12862,0,0,0,0
2020-02-07,Tulare,107,460477,2,0,2,0
2020-02-07,Tuolumne,109,53932,0,0,0,0
2020-02-07,Ventura,111,848112,1,0,1,0
2020-02-07,Yolo,113,214977,0,0,0,0
2020-02-07,Yuba,115,75493,0,0,0,0
2020-02-06,Alameda,001,1643700,4,0,4,0
2020-02-06,Alpine,002,1148,0,0,0,0
2020-02-06,Amador,005,37829,0,0,0,0
2020-02-06,Butte,007,227075,0,0,0,0
2020-02-06,Calaveras,009,45235,0,0,0,0
2020-02-06,Colusa,011,21464,0,0,0,0
2020-02-06,Contra Costa,013,1133247,2,0,2,0
2020-02-06,Del Norte,015,27424,0,0,0,0
2020-02-06,El Dorado,017,186661,0,0,0,0
2020-02-06,Fresno,019,978130,0,0,0,0
2020-02-06,Glenn,021,27897,0,0,0,0
2020-02-06,Humboldt,023,135768,0,0,0,0
2020-02-06,Imperial,025,180216,0,0,0,0
2020-02-06,Inyo,027,18085,0,0,0,0
2020-02-06,Kern,029,883053,2,0,2,0
2020-02-06,Kings,031,150075,0,0,0,0
2020-02-06,Lake,033,64148,0,0,0,0
2020-02-06,Lassen,035,31185,0,0,0,0
2020-02-06,Los Angeles,037,10098052,23,0,23,0
2020-02-06,Madera,039,155013,0,0,0,0
2020-02-06,Marin,041,260295,0,0,0,0
2020-02-06,Mariposa,043,17540,0,0,0,0
2020-02-06,Mendocino,045,87422,0,0,0,0
2020-02-06,Merced,047,269075,0,0,0,0
2020-02-06,Modoc,049,8938,0,0,0,0
2020-02-06,Mono,051,14174,0,0,0,0
2020-02-06,Monterey,053,433212,1,0,1,0
2020-02-06,Napa,055,140530,0,0,0,0
2020-02-06,Nevada,057,99092,0,0,0,0
2020-02-06,Orange,059,3164182,4,0,4,0
2020-02-06,Placer,061,380077,0,0,0,0
2020-02-06,Plumas,063,18699,0,0,0,0
2020-02-06,Riverside,065,2383286,4,0,4,0
2020-02-06,Sacramento,067,1510023,0,0,0,0
2020-02-06,San Benito,069,59416,0,0,0,0
2020-02-06,San Bernardino,071,2135413,4,0,4,0
2020-02-06,San Diego,073,3302833,0,0,0,0
2020-02-06,San Francisco,075,870044,1,0,1,0
2020-02-06,San Joaquin,077,732212,0,1,1,0
2020-02-06,San Luis Obispo,079,281455,0,0,0,0
2020-02-06,San Mateo,081,765935,1,0,1,0
2020-02-06,Santa Barbara,083,443738,0,0,0,0
2020-02-06,Santa Clara,085,1922200,4,0,4,1
2020-02-06,Santa Cruz,087,273765,0,0,0,0
2020-02-06,Shasta,089,179085,0,0,0,0
2020-02-06,Sierra,091,2930,0,0,0,0
2020-02-06,Siskiyou,093,43540,0,0,0,0
2020-02-06,Solano,095,438530,0,0,0,0
2020-02-06,Sonoma,097,501317,0,0,0,0
2020-02-06,Stanislaus,099,539301,0,0,0,0
2020-02-06,Sutter,101,95872,0,0,0,0
2020-02-06,Tehama,103,63373,0,0,0,0
2020-02-06,Trinity,105,12862,0,0,0,0
2020-02-06,Tulare,107,460477,2,0,2,0
2020-02-06,Tuolumne,109,53932,0,0,0,0
2020-02-06,Ventura,111,848112,1,0,1,0
2020-02-06,Yolo,113,214977,0,0,0,0
2020-02-06,Yuba,115,75493,0,0,0,0
2020-02-05,Alameda,001,1643700,3,0,3,0
2020-02-05,Alpine,002,1148,0,0,0,0
2020-02-05,Amador,005,37829,0,0,0,0
2020-02-05,Butte,007,227075,0,0,0,0
2020-02-05,Calaveras,009,45235,0,0,0,0
2020-02-05,Colusa,011,21464,0,0,0,0
2020-02-05,Contra Costa,013,1133247,2,0,2,0
2020-02-05,Del Norte,015,27424,0,0,0,0
2020-02-05,El Dorado,017,186661,0,0,0,0
2020-02-05,Fresno,019,978130,0,0,0,0
2020-02-05,Glenn,021,27897,0,0,0,0
2020-02-05,Humboldt,023,135768,0,0,0,0
2020-02-05,Imperial,025,180216,0,0,0,0
2020-02-05,Inyo,027,18085,0,0,0,0
2020-02-05,Kern,029,883053,1,0,1,0
2020-02-05,Kings,031,150075,0,0,0,0
2020-02-05,Lake,033,64148,0,0,0,0
2020-02-05,Lassen,035,31185,0,0,0,0
2020-02-05,Los Angeles,037,10098052,23,0,23,0
2020-02-05,Madera,039,155013,0,0,0,0
2020-02-05,Marin,041,260295,0,0,0,0
2020-02-05,Mariposa,043,17540,0,0,0,0
2020-02-05,Mendocino,045,87422,0,0,0,0
2020-02-05,Merced,047,269075,0,0,0,0
2020-02-05,Modoc,049,8938,0,0,0,0
2020-02-05,Mono,051,14174,0,0,0,0
2020-02-05,Monterey,053,433212,1,0,1,0
2020-02-05,Napa,055,140530,0,0,0,0
2020-02-05,Nevada,057,99092,0,0,0,0
2020-02-05,Orange,059,3164182,3,0,3,0
2020-02-05,Placer,061,380077,0,0,0,0
2020-02-05,Plumas,063,18699,0,0,0,0
2020-02-05,Riverside,065,2383286,4,0,4,0
2020-02-05,Sacramento,067,1510023,0,0,0,0
2020-02-05,San Benito,069,59416,0,0,0,0
2020-02-05,San Bernardino,071,2135413,4,0,4,0
2020-02-05,San Diego,073,3302833,0,0,0,0
2020-02-05,San Francisco,075,870044,1,0,1,0
2020-02-05,San Joaquin,077,732212,0,1,1,0
2020-02-05,San Luis Obispo,079,281455,0,0,0,0
2020-02-05,San Mateo,081,765935,1,0,1,0
2020-02-05,Santa Barbara,083,443738,0,0,0,0
2020-02-05,Santa Clara,085,1922200,2,0,2,0
2020-02-05,Santa Cruz,087,273765,0,0,0,0
2020-02-05,Shasta,089,179085,0,0,0,0
2020-02-05,Sierra,091,2930,0,0,0,0
2020-02-05,Siskiyou,093,43540,0,0,0,0
2020-02-05,Solano,095,438530,0,0,0,0
2020-02-05,Sonoma,097,501317,0,0,0,0
2020-02-05,Stanislaus,099,539301,0,0,0,0
2020-02-05,Sutter,101,95872,0,0,0,0
2020-02-05,Tehama,103,63373,0,0,0,0
2020-02-05,Trinity,105,12862,0,0,0,0
2020-02-05,Tulare,107,460477,2,0,2,0
2020-02-05,Tuolumne,109,53932,0,0,0,0
2020-02-05,Ventura,111,848112,0,0,0,0
2020-02-05,Yolo,113,214977,0,0,0,0
2020-02-05,Yuba,115,75493,0,0,0,0
2020-02-04,Alameda,001,1643700,3,0,3,0
2020-02-04,Alpine,002,1148,0,0,0,0
2020-02-04,Amador,005,37829,0,0,0,0
2020-02-04,Butte,007,227075,0,0,0,0
2020-02-04,Calaveras,009,45235,0,0,0,0
2020-02-04,Colusa,011,21464,0,0,0,0
2020-02-04,Contra Costa,013,1133247,2,0,2,0
2020-02-04,Del Norte,015,27424,0,0,0,0
2020-02-04,El Dorado,017,186661,0,0,0,0
2020-02-04,Fresno,019,978130,0,0,0,0
2020-02-04,Glenn,021,27897,0,0,0,0
2020-02-04,Humboldt,023,135768,0,0,0,0
2020-02-04,Imperial,025,180216,0,0,0,0
2020-02-04,Inyo,027,18085,0,0,0,0
2020-02-04,Kern,029,883053,0,0,0,0
2020-02-04,Kings,031,150075,0,0,0,0
2020-02-04,Lake,033,64148,0,0,0,0
2020-02-04,Lassen,035,31185,0,0,0,0
2020-02-04,Los Angeles,037,10098052,23,0,23,0
2020-02-04,Madera,039,155013,0,0,0,0
2020-02-04,Marin,041,260295,0,0,0,0
2020-02-04,Mariposa,043,17540,0,0,0,0
2020-02-04,Mendocino,045,87422,0,0,0,0
2020-02-04,Merced,047,269075,0,0,0,0
2020-02-04,Modoc,049,8938,0,0,0,0
2020-02-04,Mono,051,14174,0,0,0,0
2020-02-04,Monterey,053,433212,1,0,1,0
2020-02-04,Napa,055,140530,0,0,0,0
2020-02-04,Nevada,057,99092,0,0,0,0
2020-02-04,Orange,059,3164182,3,0,3,0
2020-02-04,Placer,061,380077,0,0,0,0
2020-02-04,Plumas,063,18699,0,0,0,0
2020-02-04,Riverside,065,2383286,4,0,4,0
2020-02-04,Sacramento,067,1510023,0,0,0,0
2020-02-04,San Benito,069,59416,0,0,0,0
2020-02-04,San Bernardino,071,2135413,3,0,3,0
2020-02-04,San Diego,073,3302833,0,0,0,0
2020-02-04,San Francisco,075,870044,1,0,1,0
2020-02-04,San Joaquin,077,732212,0,1,1,0
2020-02-04,San Luis Obispo,079,281455,0,0,0,0
2020-02-04,San Mateo,081,765935,0,0,0,0
2020-02-04,Santa Barbara,083,443738,0,0,0,0
2020-02-04,Santa Clara,085,1922200,2,0,2,0
2020-02-04,Santa Cruz,087,273765,0,0,0,0
2020-02-04,Shasta,089,179085,0,0,0,0
2020-02-04,Sierra,091,2930,0,0,0,0
2020-02-04,Siskiyou,093,43540,0,0,0,0
2020-02-04,Solano,095,438530,0,0,0,0
2020-02-04,Sonoma,097,501317,0,0,0,0
2020-02-04,Stanislaus,099,539301,0,0,0,0
2020-02-04,Sutter,101,95872,0,0,0,0
2020-02-04,Tehama,103,63373,0,0,0,0
2020-02-04,Trinity,105,12862,0,0,0,0
2020-02-04,Tulare,107,460477,2,0,2,0
2020-02-04,Tuolumne,109,53932,0,0,0,0
2020-02-04,Ventura,111,848112,0,0,0,0
2020-02-04,Yolo,113,214977,0,0,0,0
2020-02-04,Yuba,115,75493,0,0,0,0
2020-02-03,Alameda,001,1643700,3,0,3,0
2020-02-03,Alpine,002,1148,0,0,0,0
2020-02-03,Amador,005,37829,0,0,0,0
2020-02-03,Butte,007,227075,0,0,0,0
2020-02-03,Calaveras,009,45235,0,0,0,0
2020-02-03,Colusa,011,21464,0,0,0,0
2020-02-03,Contra Costa,013,1133247,2,0,2,0
2020-02-03,Del Norte,015,27424,0,0,0,0
2020-02-03,El Dorado,017,186661,0,0,0,0
2020-02-03,Fresno,019,978130,0,0,0,0
2020-02-03,Glenn,021,27897,0,0,0,0
2020-02-03,Humboldt,023,135768,0,0,0,0
2020-02-03,Imperial,025,180216,0,0,0,0
2020-02-03,Inyo,027,18085,0,0,0,0
2020-02-03,Kern,029,883053,0,0,0,0
2020-02-03,Kings,031,150075,0,0,0,0
2020-02-03,Lake,033,64148,0,0,0,0
2020-02-03,Lassen,035,31185,0,0,0,0
2020-02-03,Los Angeles,037,10098052,22,0,22,0
2020-02-03,Madera,039,155013,0,0,0,0
2020-02-03,Marin,041,260295,0,0,0,0
2020-02-03,Mariposa,043,17540,0,0,0,0
2020-02-03,Mendocino,045,87422,0,0,0,0
2020-02-03,Merced,047,269075,0,0,0,0
2020-02-03,Modoc,049,8938,0,0,0,0
2020-02-03,Mono,051,14174,0,0,0,0
2020-02-03,Monterey,053,433212,1,0,1,0
2020-02-03,Napa,055,140530,0,0,0,0
2020-02-03,Nevada,057,99092,0,0,0,0
2020-02-03,Orange,059,3164182,1,0,1,0
2020-02-03,Placer,061,380077,0,0,0,0
2020-02-03,Plumas,063,18699,0,0,0,0
2020-02-03,Riverside,065,2383286,4,0,4,0
2020-02-03,Sacramento,067,1510023,0,0,0,0
2020-02-03,San Benito,069,59416,0,0,0,0
2020-02-03,San Bernardino,071,2135413,3,0,3,0
2020-02-03,San Diego,073,3302833,0,0,0,0
2020-02-03,San Francisco,075,870044,1,0,1,0
2020-02-03,San Joaquin,077,732212,0,1,1,0
2020-02-03,San Luis Obispo,079,281455,0,0,0,0
2020-02-03,San Mateo,081,765935,0,0,0,0
2020-02-03,Santa Barbara,083,443738,0,0,0,0
2020-02-03,Santa Clara,085,1922200,2,0,2,0
2020-02-03,Santa Cruz,087,273765,0,0,0,0
2020-02-03,Shasta,089,179085,0,0,0,0
2020-02-03,Sierra,091,2930,0,0,0,0
2020-02-03,Siskiyou,093,43540,0,0,0,0
2020-02-03,Solano,095,438530,0,0,0,0
2020-02-03,Sonoma,097,501317,0,0,0,0
2020-02-03,Stanislaus,099,539301,0,0,0,0
2020-02-03,Sutter,101,95872,0,0,0,0
2020-02-03,Tehama,103,63373,0,0,0,0
2020-02-03,Trinity,105,12862,0,0,0,0
2020-02-03,Tulare,107,460477,2,0,2,0
2020-02-03,Tuolumne,109,53932,0,0,0,0
2020-02-03,Ventura,111,848112,0,0,0,0
2020-02-03,Yolo,113,214977,0,0,0,0
2020-02-03,Yuba,115,75493,0,0,0,0
2020-02-02,Alameda,001,1643700,3,0,3,0
2020-02-02,Alpine,002,1148,0,0,0,0
2020-02-02,Amador,005,37829,0,0,0,0
2020-02-02,Butte,007,227075,0,0,0,0
2020-02-02,Calaveras,009,45235,0,0,0,0
2020-02-02,Colusa,011,21464,0,0,0,0
2020-02-02,Contra Costa,013,1133247,1,0,1,0
2020-02-02,Del Norte,015,27424,0,0,0,0
2020-02-02,El Dorado,017,186661,0,0,0,0
2020-02-02,Fresno,019,978130,0,0,0,0
2020-02-02,Glenn,021,27897,0,0,0,0
2020-02-02,Humboldt,023,135768,0,0,0,0
2020-02-02,Imperial,025,180216,0,0,0,0
2020-02-02,Inyo,027,18085,0,0,0,0
2020-02-02,Kern,029,883053,0,0,0,0
2020-02-02,Kings,031,150075,0,0,0,0
2020-02-02,Lake,033,64148,0,0,0,0
2020-02-02,Lassen,035,31185,0,0,0,0
2020-02-02,Los Angeles,037,10098052,18,0,18,0
2020-02-02,Madera,039,155013,0,0,0,0
2020-02-02,Marin,041,260295,0,0,0,0
2020-02-02,Mariposa,043,17540,0,0,0,0
2020-02-02,Mendocino,045,87422,0,0,0,0
2020-02-02,Merced,047,269075,0,0,0,0
2020-02-02,Modoc,049,8938,0,0,0,0
2020-02-02,Mono,051,14174,0,0,0,0
2020-02-02,Monterey,053,433212,1,0,1,0
2020-02-02,Napa,055,140530,0,0,0,0
2020-02-02,Nevada,057,99092,0,0,0,0
2020-02-02,Orange,059,3164182,1,0,1,0
2020-02-02,Placer,061,380077,0,0,0,0
2020-02-02,Plumas,063,18699,0,0,0,0
2020-02-02,Riverside,065,2383286,3,0,3,0
2020-02-02,Sacramento,067,1510023,0,0,0,0
2020-02-02,San Benito,069,59416,0,0,0,0
2020-02-02,San Bernardino,071,2135413,2,0,2,0
2020-02-02,San Diego,073,3302833,0,0,0,0
2020-02-02,San Francisco,075,870044,1,0,1,0
2020-02-02,San Joaquin,077,732212,0,1,1,0
2020-02-02,San Luis Obispo,079,281455,0,0,0,0
2020-02-02,San Mateo,081,765935,0,0,0,0
2020-02-02,Santa Barbara,083,443738,0,0,0,0
2020-02-02,Santa Clara,085,1922200,2,0,2,0
2020-02-02,Santa Cruz,087,273765,0,0,0,0
2020-02-02,Shasta,089,179085,0,0,0,0
2020-02-02,Sierra,091,2930,0,0,0,0
2020-02-02,Siskiyou,093,43540,0,0,0,0
2020-02-02,Solano,095,438530,0,0,0,0
2020-02-02,Sonoma,097,501317,0,0,0,0
2020-02-02,Stanislaus,099,539301,0,0,0,0
2020-02-02,Sutter,101,95872,0,0,0,0
2020-02-02,Tehama,103,63373,0,0,0,0
2020-02-02,Trinity,105,12862,0,0,0,0
2020-02-02,Tulare,107,460477,2,0,2,0
2020-02-02,Tuolumne,109,53932,0,0,0,0
2020-02-02,Ventura,111,848112,0,0,0,0
2020-02-02,Yolo,113,214977,0,0,0,0
2020-02-02,Yuba,115,75493,0,0,0,0
2020-02-01,Alameda,001,1643700,3,0,3,0
2020-02-01,Alpine,002,1148,0,0,0,0
2020-02-01,Amador,005,37829,0,0,0,0
2020-02-01,Butte,007,227075,0,0,0,0
2020-02-01,Calaveras,009,45235,0,0,0,0
2020-02-01,Colusa,011,21464,0,0,0,0
2020-02-01,Contra Costa,013,1133247,0,0,0,0
2020-02-01,Del Norte,015,27424,0,0,0,0
2020-02-01,El Dorado,017,186661,0,0,0,0
2020-02-01,Fresno,019,978130,0,0,0,0
2020-02-01,Glenn,021,27897,0,0,0,0
2020-02-01,Humboldt,023,135768,0,0,0,0
2020-02-01,Imperial,025,180216,0,0,0,0
2020-02-01,Inyo,027,18085,0,0,0,0
2020-02-01,Kern,029,883053,0,0,0,0
2020-02-01,Kings,031,150075,0,0,0,0
2020-02-01,Lake,033,64148,0,0,0,0
2020-02-01,Lassen,035,31185,0,0,0,0
2020-02-01,Los Angeles,037,10098052,14,0,14,0
2020-02-01,Madera,039,155013,0,0,0,0
2020-02-01,Marin,041,260295,0,0,0,0
2020-02-01,Mariposa,043,17540,0,0,0,0
2020-02-01,Mendocino,045,87422,0,0,0,0
2020-02-01,Merced,047,269075,0,0,0,0
2020-02-01,Modoc,049,8938,0,0,0,0
2020-02-01,Mono,051,14174,0,0,0,0
2020-02-01,Monterey,053,433212,0,0,0,0
2020-02-01,Napa,055,140530,0,0,0,0
2020-02-01,Nevada,057,99092,0,0,0,0
2020-02-01,Orange,059,3164182,1,0,1,0
2020-02-01,Placer,061,380077,0,0,0,0
2020-02-01,Plumas,063,18699,0,0,0,0
2020-02-01,Riverside,065,2383286,2,0,2,0
2020-02-01,Sacramento,067,1510023,0,0,0,0
2020-02-01,San Benito,069,59416,0,0,0,0
2020-02-01,San Bernardino,071,2135413,1,0,1,0
2020-02-01,San Diego,073,3302833,0,0,0,0
2020-02-01,San Francisco,075,870044,1,0,1,0
2020-02-01,San Joaquin,077,732212,0,1,1,0
2020-02-01,San Luis Obispo,079,281455,0,0,0,0
2020-02-01,San Mateo,081,765935,0,0,0,0
2020-02-01,Santa Barbara,083,443738,0,0,0,0
2020-02-01,Santa Clara,085,1922200,2,0,2,0
2020-02-01,Santa Cruz,087,273765,0,0,0,0
2020-02-01,Shasta,089,179085,0,0,0,0
2020-02-01,Sierra,091,2930,0,0,0,0
2020-02-01,Siskiyou,093,43540,0,0,0,0
2020-02-01,Solano,095,438530,0,0,0,0
2020-02-01,Sonoma,097,501317,0,0,0,0
2020-02-01,Stanislaus,099,539301,0,0,0,0
2020-02-01,Sutter,101,95872,0,0,0,0
2020-02-01,Tehama,103,63373,0,0,0,0
2020-02-01,Trinity,105,12862,0,0,0,0
2020-02-01,Tulare,107,460477,1,0,1,0
2020-02-01,Tuolumne,109,53932,0,0,0,0
2020-02-01,Ventura,111,848112,0,0,0,0
2020-02-01,Yolo,113,214977,0,0,0,0
2020-02-01,Yuba,115,75493,0,0,0,0
