date,county,fips,population,confirmed_cases,reported_cases,probable_cases,reported_and_probable_cases,reported_deaths
2021-10-28,Alameda,001,1643700,118622,118632,2910,121542,1419
2021-10-28,Alpine,003,1148,105,105,0,105,0
2021-10-28,Amador,005,37829,5479,5480,62,5542,64
2021-10-28,Butte,007,227075,20516,20516,3781,24297,277
2021-10-28,Calaveras,009,45235,3992,3992,54,4046,82
2021-10-28,Colusa,011,21464,2483,2484,636,3120,19
2021-10-28,Contra Costa,013,1133247,98560,98562,2195,100757,1024
2021-10-28,Del Norte,015,27424,3574,3574,48,3622,42
2021-10-28,El Dorado,017,186661,15752,15752,1709,17461,154
2021-10-28,Fresno,019,978130,136901,136901,12035,148936,2131
2021-10-28,Glenn,021,27897,3442,3442,1000,4442,33
2021-10-28,Humboldt,023,135768,8869,8871,553,9424,105
2021-10-28,Imperial,025,180216,33154,33156,3303,36459,766
2021-10-28,Inyo,027,18085,2249,2249,36,2285,41
2021-10-28,Kern,029,883053,124888,124892,21728,146620,1653
2021-10-28,Kings,031,150075,31576,31578,2043,33621,337
2021-10-28,Lake,033,64148,6610,6610,146,6756,106
2021-10-28,Lassen,035,31185,6719,6719,368,7087,42
2021-10-28,Los Angeles,037,10098052,1424065,1424257,56526,1480783,26625
2021-10-28,Madera,039,155013,22522,22524,1955,24479,283
2021-10-28,Marin,041,260295,17375,17380,447,17827,247
2021-10-28,Mariposa,043,17540,1228,1228,36,1264,5
2021-10-28,Mendocino,045,87422,7338,7338,486,7824,84
2021-10-28,Merced,047,269075,41426,41428,1667,43095,586
2021-10-28,Modoc,049,8938,513,513,185,698,5
2021-10-28,Mono,051,14174,1684,1684,19,1703,3
2021-10-28,Monterey,053,433212,47649,47649,3538,51187,588
2021-10-28,Napa,055,140530,12862,12863,108,12971,101
2021-10-28,Nevada,057,99092,9010,9015,310,9325,91
2021-10-28,Orange,059,3164182,304119,304120,15027,319147,5588
2021-10-28,Placer,061,380077,36400,36400,3675,40075,434
2021-10-28,Plumas,063,18699,1695,1695,39,1734,7
2021-10-28,Riverside,065,2383286,357590,357645,17065,374710,5088
2021-10-28,Sacramento,067,1510023,157123,157125,4697,161822,2233
2021-10-28,San Benito,069,59416,7360,7362,175,7537,71
2021-10-28,San Bernardino,071,2135413,350031,350076,11183,361259,5777
2021-10-28,San Diego,073,3302833,370006,370006,21465,391471,4213
2021-10-28,San Francisco,075,870044,52154,52161,2651,54812,661
2021-10-28,San Joaquin,077,732212,98306,98314,5412,103726,1768
2021-10-28,San Luis Obispo,079,281455,29042,29053,1238,30291,341
2021-10-28,San Mateo,081,765935,53076,53083,1496,54579,571
2021-10-28,Santa Barbara,083,443738,43972,43972,1677,45649,528
2021-10-28,Santa Clara,085,1922200,145249,145262,1297,146559,1903
2021-10-28,Santa Cruz,087,273765,20134,20134,1077,21211,221
2021-10-28,Shasta,089,179085,20878,20878,3645,24523,332
2021-10-28,Sierra,091,2930,175,175,22,197,0
2021-10-28,Siskiyou,093,43540,3257,3257,1315,4572,46
2021-10-28,Solano,095,438530,45135,45146,1214,46360,346
2021-10-28,Sonoma,097,501317,40915,40924,529,41453,393
2021-10-28,Stanislaus,099,539301,77852,77871,8789,86660,1191
2021-10-28,Sutter,101,95872,13768,13773,335,14108,178
2021-10-28,Tehama,103,63373,8306,8307,1493,9800,114
2021-10-28,Trinity,105,12862,708,708,187,895,11
2021-10-28,Tulare,107,460477,66745,66745,15222,81967,995
2021-10-28,Tuolumne,109,53932,7050,7050,80,7130,90
2021-10-28,Ventura,111,848112,97178,97182,4392,101574,1174
2021-10-28,Yolo,113,214977,19568,19568,1141,20709,250
2021-10-28,Yuba,115,75493,9967,9969,294,10263,82
2021-10-27,Alameda,001,1643700,118622,118487,2910,121397,1414
2021-10-27,Alpine,003,1148,105,105,0,105,0
2021-10-27,Amador,005,37829,5479,5470,62,5532,64
2021-10-27,Butte,007,227075,20516,20446,3781,24227,274
2021-10-27,Calaveras,009,45235,3992,3970,54,4024,82
2021-10-27,Colusa,011,21464,2483,2480,636,3116,18
2021-10-27,Contra Costa,013,1133247,98560,98442,2195,100637,1018
2021-10-27,Del Norte,015,27424,3574,3571,48,3619,42
2021-10-27,El Dorado,017,186661,15752,15723,1709,17432,154
2021-10-27,Fresno,019,978130,136901,136447,12035,148482,2128
2021-10-27,Glenn,021,27897,3442,3435,1000,4435,33
2021-10-27,Humboldt,023,135768,8869,8851,553,9404,105
2021-10-27,Imperial,025,180216,33154,33068,3303,36371,766
2021-10-27,Inyo,027,18085,2249,2236,36,2272,41
2021-10-27,Kern,029,883053,124888,124557,21728,146285,1647
2021-10-27,Kings,031,150075,31576,31437,2043,33480,335
2021-10-27,Lake,033,64148,6610,6589,146,6735,105
2021-10-27,Lassen,035,31185,6719,6706,368,7074,42
2021-10-27,Los Angeles,037,10098052,1424065,1422615,56526,1479141,26604
2021-10-27,Madera,039,155013,22522,22413,1955,24368,283
2021-10-27,Marin,041,260295,17375,17362,447,17809,247
2021-10-27,Mariposa,043,17540,1228,1228,36,1264,5
2021-10-27,Mendocino,045,87422,7338,7321,486,7807,84
2021-10-27,Merced,047,269075,41426,41310,1667,42977,583
2021-10-27,Modoc,049,8938,513,513,185,698,5
2021-10-27,Mono,051,14174,1684,1682,19,1701,3
2021-10-27,Monterey,053,433212,47649,47610,3538,51148,588
2021-10-27,Napa,055,140530,12862,12856,108,12964,101
2021-10-27,Nevada,057,99092,9010,8987,310,9297,90
2021-10-27,Orange,059,3164182,304119,303825,15027,318852,5584
2021-10-27,Placer,061,380077,36400,36296,3675,39971,434
2021-10-27,Plumas,063,18699,1695,1686,39,1725,7
2021-10-27,Riverside,065,2383286,357590,357152,17065,374217,5081
2021-10-27,Sacramento,067,1510023,157123,156830,4697,161527,2230
2021-10-27,San Benito,069,59416,7360,7337,175,7512,71
2021-10-27,San Bernardino,071,2135413,350031,349624,11183,360807,5770
2021-10-27,San Diego,073,3302833,370006,369579,21465,391044,4207
2021-10-27,San Francisco,075,870044,52154,52108,2651,54759,655
2021-10-27,San Joaquin,077,732212,98306,98168,5412,103580,1753
2021-10-27,San Luis Obispo,079,281455,29042,29002,1238,30240,341
2021-10-27,San Mateo,081,765935,53076,53032,1496,54528,571
2021-10-27,Santa Barbara,083,443738,43972,43901,1677,45578,527
2021-10-27,Santa Clara,085,1922200,145249,145081,1297,146378,1902
2021-10-27,Santa Cruz,087,273765,20134,20091,1077,21168,221
2021-10-27,Shasta,089,179085,20878,20813,3645,24458,331
2021-10-27,Sierra,091,2930,175,176,22,198,0
2021-10-27,Siskiyou,093,43540,3257,3256,1315,4571,46
2021-10-27,Solano,095,438530,45135,45089,1214,46303,346
2021-10-27,Sonoma,097,501317,40915,40829,529,41358,393
2021-10-27,Stanislaus,099,539301,77852,77687,8789,86476,1191
2021-10-27,Sutter,101,95872,13768,13754,335,14089,177
2021-10-27,Tehama,103,63373,8306,8265,1493,9758,113
2021-10-27,Trinity,105,12862,708,706,187,893,11
2021-10-27,Tulare,107,460477,66745,66568,15222,81790,991
2021-10-27,Tuolumne,109,53932,7050,7009,80,7089,90
2021-10-27,Ventura,111,848112,97178,97108,4392,101500,1172
2021-10-27,Yolo,113,214977,19568,19517,1141,20658,250
2021-10-27,Yuba,115,75493,9967,9945,294,10239,82
2021-10-26,Alameda,001,1643700,118616,118360,2910,121270,1407
2021-10-26,Alpine,003,1148,105,105,0,105,0
2021-10-26,Amador,005,37829,5478,5465,62,5527,64
2021-10-26,Butte,007,227075,20506,20387,3781,24168,274
2021-10-26,Calaveras,009,45235,3990,3966,54,4020,81
2021-10-26,Colusa,011,21464,2480,2478,636,3114,18
2021-10-26,Contra Costa,013,1133247,98554,98352,2195,100547,1017
2021-10-26,Del Norte,015,27424,3573,3563,48,3611,42
2021-10-26,El Dorado,017,186661,15748,15690,1709,17399,153
2021-10-26,Fresno,019,978130,136867,136211,12035,148246,2122
2021-10-26,Glenn,021,27897,3440,3431,1000,4431,33
2021-10-26,Humboldt,023,135768,8866,8830,553,9383,105
2021-10-26,Imperial,025,180216,33119,33012,3303,36315,766
2021-10-26,Inyo,027,18085,2237,2200,36,2236,41
2021-10-26,Kern,029,883053,124857,124351,21728,146079,1645
2021-10-26,Kings,031,150075,31559,31382,2043,33425,336
2021-10-26,Lake,033,64148,6605,6584,146,6730,105
2021-10-26,Lassen,035,31185,6715,6689,368,7057,42
2021-10-26,Los Angeles,037,10098052,1423974,1421795,56526,1478321,26599
2021-10-26,Madera,039,155013,22517,22363,1955,24318,283
2021-10-26,Marin,041,260295,17371,17354,447,17801,244
2021-10-26,Mariposa,043,17540,1228,1225,36,1261,5
2021-10-26,Mendocino,045,87422,7334,7308,486,7794,83
2021-10-26,Merced,047,269075,41420,41267,1667,42934,583
2021-10-26,Modoc,049,8938,513,513,185,698,5
2021-10-26,Mono,051,14174,1683,1680,19,1699,3
2021-10-26,Monterey,053,433212,47639,47572,3538,51110,588
2021-10-26,Napa,055,140530,12861,12849,108,12957,101
2021-10-26,Nevada,057,99092,9009,8971,310,9281,90
2021-10-26,Orange,059,3164182,304078,303533,15027,318560,5580
2021-10-26,Placer,061,380077,36393,36245,3675,39920,434
2021-10-26,Plumas,063,18699,1691,1645,39,1684,7
2021-10-26,Riverside,065,2383286,357562,356775,17065,373840,5068
2021-10-26,Sacramento,067,1510023,157099,156643,4697,161340,2228
2021-10-26,San Benito,069,59416,7355,7325,175,7500,71
2021-10-26,San Bernardino,071,2135413,350000,349346,11183,360529,5764
2021-10-26,San Diego,073,3302833,369964,369043,21465,390508,4198
2021-10-26,San Francisco,075,870044,52147,52063,2651,54714,655
2021-10-26,San Joaquin,077,732212,98289,98036,5412,103448,1748
2021-10-26,San Luis Obispo,079,281455,29039,28928,1238,30166,337
2021-10-26,San Mateo,081,765935,53073,52974,1496,54470,571
2021-10-26,Santa Barbara,083,443738,43955,43835,1677,45512,525
2021-10-26,Santa Clara,085,1922200,145238,144932,1297,146229,1903
2021-10-26,Santa Cruz,087,273765,20131,20067,1077,21144,221
2021-10-26,Shasta,089,179085,20874,20725,3645,24370,330
2021-10-26,Sierra,091,2930,175,169,22,191,0
2021-10-26,Siskiyou,093,43540,3257,3254,1315,4569,46
2021-10-26,Solano,095,438530,45133,45044,1214,46258,344
2021-10-26,Sonoma,097,501317,40910,40794,529,41323,393
2021-10-26,Stanislaus,099,539301,77835,77552,8789,86341,1157
2021-10-26,Sutter,101,95872,13761,13739,335,14074,176
2021-10-26,Tehama,103,63373,8305,8247,1493,9740,112
2021-10-26,Trinity,105,12862,708,705,187,892,11
2021-10-26,Tulare,107,460477,66715,66476,15222,81698,991
2021-10-26,Tuolumne,109,53932,7039,6995,80,7075,90
2021-10-26,Ventura,111,848112,97165,97014,4392,101406,1170
2021-10-26,Yolo,113,214977,19567,19490,1141,20631,248
2021-10-26,Yuba,115,75493,9956,9927,294,10221,82
2021-10-25,Alameda,001,1643700,118528,118319,2909,121228,1404
2021-10-25,Alpine,003,1148,105,105,0,105,0
2021-10-25,Amador,005,37829,5474,5455,62,5517,64
2021-10-25,Butte,007,227075,20462,20331,3781,24112,273
2021-10-25,Calaveras,009,45235,3977,3942,54,3996,82
2021-10-25,Colusa,011,21464,2479,2471,635,3106,18
2021-10-25,Contra Costa,013,1133247,98490,98267,2195,100462,1017
2021-10-25,Del Norte,015,27424,3568,3562,48,3610,42
2021-10-25,El Dorado,017,186661,15729,15663,1708,17371,149
2021-10-25,Fresno,019,978130,136661,135974,12035,148009,2112
2021-10-25,Glenn,021,27897,3438,3421,1000,4421,33
2021-10-25,Humboldt,023,135768,8855,8825,553,9378,105
2021-10-25,Imperial,025,180216,33070,32968,3303,36271,766
2021-10-25,Inyo,027,18085,2223,2183,36,2219,41
2021-10-25,Kern,029,883053,124775,124078,21726,145804,1649
2021-10-25,Kings,031,150075,31536,31329,2038,33367,335
2021-10-25,Lake,033,64148,6603,6571,146,6717,105
2021-10-25,Lassen,035,31185,6712,6688,368,7056,42
2021-10-25,Los Angeles,037,10098052,1423579,1421061,56508,1477569,26579
2021-10-25,Madera,039,155013,22472,22325,1955,24280,281
2021-10-25,Marin,041,260295,17364,17334,446,17780,244
2021-10-25,Mariposa,043,17540,1227,1220,36,1256,5
2021-10-25,Mendocino,045,87422,7330,7296,486,7782,82
2021-10-25,Merced,047,269075,41386,41207,1665,42872,583
2021-10-25,Modoc,049,8938,513,512,183,695,5
2021-10-25,Mono,051,14174,1679,1677,19,1696,3
2021-10-25,Monterey,053,433212,47614,47547,3538,51085,587
2021-10-25,Napa,055,140530,12857,12841,108,12949,100
2021-10-25,Nevada,057,99092,9007,8958,310,9268,90
2021-10-25,Orange,059,3164182,303927,303279,15027,318306,5574
2021-10-25,Placer,061,380077,36356,36153,3675,39828,431
2021-10-25,Plumas,063,18699,1679,1641,39,1680,7
2021-10-25,Riverside,065,2383286,357385,356381,17059,373440,5056
2021-10-25,Sacramento,067,1510023,156977,156516,4697,161213,2235
2021-10-25,San Benito,069,59416,7347,7314,175,7489,71
2021-10-25,San Bernardino,071,2135413,349792,349075,11181,360256,5748
2021-10-25,San Diego,073,3302833,369705,368386,21455,389841,4196
2021-10-25,San Francisco,075,870044,52122,52041,2651,54692,649
2021-10-25,San Joaquin,077,732212,98203,97980,5407,103387,1740
2021-10-25,San Luis Obispo,079,281455,29014,28907,1236,30143,336
2021-10-25,San Mateo,081,765935,53033,52927,1496,54423,571
2021-10-25,Santa Barbara,083,443738,43905,43775,1677,45452,525
2021-10-25,Santa Clara,085,1922200,145124,144895,1297,146192,1901
2021-10-25,Santa Cruz,087,273765,20113,20053,1077,21130,221
2021-10-25,Shasta,089,179085,20851,20666,3641,24307,326
2021-10-25,Sierra,091,2930,175,168,22,190,0
2021-10-25,Siskiyou,093,43540,3256,3248,1310,4558,46
2021-10-25,Solano,095,438530,45109,45022,1214,46236,344
2021-10-25,Sonoma,097,501317,40890,40746,528,41274,393
2021-10-25,Stanislaus,099,539301,77789,77452,8788,86240,1145
2021-10-25,Sutter,101,95872,13748,13721,334,14055,176
2021-10-25,Tehama,103,63373,8299,8224,1492,9716,111
2021-10-25,Trinity,105,12862,708,699,187,886,11
2021-10-25,Tulare,107,460477,66646,66357,15222,81579,986
2021-10-25,Tuolumne,109,53932,7031,6952,80,7032,90
2021-10-25,Ventura,111,848112,97118,96932,4392,101324,1167
2021-10-25,Yolo,113,214977,19541,19457,1141,20598,248
2021-10-25,Yuba,115,75493,9944,9924,294,10218,82
2021-10-24,Alameda,001,1643700,118415,117816,2903,120719,1397
2021-10-24,Alpine,003,1148,105,105,0,105,0
2021-10-24,Amador,005,37829,5463,5412,62,5474,64
2021-10-24,Butte,007,227075,20391,20101,3769,23870,273
2021-10-24,Calaveras,009,45235,3966,3865,52,3917,81
2021-10-24,Colusa,011,21464,2478,2458,633,3091,18
2021-10-24,Contra Costa,013,1133247,98387,97855,2195,100050,1008
2021-10-24,Del Norte,015,27424,3566,3540,48,3588,42
2021-10-24,El Dorado,017,186661,15697,15540,1706,17246,149
2021-10-24,Fresno,019,978130,136296,134466,12009,146475,2094
2021-10-24,Glenn,021,27897,3427,3399,999,4398,33
2021-10-24,Humboldt,023,135768,8833,8753,547,9300,105
2021-10-24,Imperial,025,180216,33013,32777,3301,36078,766
2021-10-24,Inyo,027,18085,2201,2108,36,2144,41
2021-10-24,Kern,029,883053,124560,122939,21720,144659,1636
2021-10-24,Kings,031,150075,31400,30942,2018,32960,325
2021-10-24,Lake,033,64148,6587,6501,145,6646,105
2021-10-24,Lassen,035,31185,6703,6632,364,6996,27
2021-10-24,Los Angeles,037,10098052,1422709,1415919,56442,1472361,26527
2021-10-24,Madera,039,155013,22389,22062,1944,24006,281
2021-10-24,Marin,041,260295,17353,17264,445,17709,244
2021-10-24,Mariposa,043,17540,1226,1184,36,1220,5
2021-10-24,Mendocino,045,87422,7310,7220,473,7693,82
2021-10-24,Merced,047,269075,41263,40808,1665,42473,581
2021-10-24,Modoc,049,8938,513,507,183,690,5
2021-10-24,Mono,051,14174,1677,1655,19,1674,3
2021-10-24,Monterey,053,433212,47575,47456,3528,50984,586
2021-10-24,Napa,055,140530,12851,12789,108,12897,100
2021-10-24,Nevada,057,99092,8972,8861,307,9168,90
2021-10-24,Orange,059,3164182,303642,302237,15008,317245,5546
2021-10-24,Placer,061,380077,36254,35822,3670,39492,426
2021-10-24,Plumas,063,18699,1662,1623,38,1661,7
2021-10-24,Riverside,065,2383286,356966,354688,17034,371722,5041
2021-10-24,Sacramento,067,1510023,156668,155125,4633,159758,2232
2021-10-24,San Benito,069,59416,7328,7280,175,7455,71
2021-10-24,San Bernardino,071,2135413,349442,347681,11169,358850,5688
2021-10-24,San Diego,073,3302833,369298,366085,21415,387500,4183
2021-10-24,San Francisco,075,870044,52071,51820,2648,54468,649
2021-10-24,San Joaquin,077,732212,98064,97440,5403,102843,1721
2021-10-24,San Luis Obispo,079,281455,28942,28755,1230,29985,333
2021-10-24,San Mateo,081,765935,52977,52719,1496,54215,571
2021-10-24,Santa Barbara,083,443738,43857,43552,1675,45227,523
2021-10-24,Santa Clara,085,1922200,144962,144276,1293,145569,1897
2021-10-24,Santa Cruz,087,273765,20090,19967,1075,21042,221
2021-10-24,Shasta,089,179085,20755,20386,3633,24019,321
2021-10-24,Sierra,091,2930,175,168,20,188,0
2021-10-24,Siskiyou,093,43540,3253,3231,1307,4538,46
2021-10-24,Solano,095,438530,45057,44861,1210,46071,341
2021-10-24,Sonoma,097,501317,40800,40476,528,41004,393
2021-10-24,Stanislaus,099,539301,77602,76812,8776,85588,1145
2021-10-24,Sutter,101,95872,13736,13616,329,13945,175
2021-10-24,Tehama,103,63373,8251,8105,1487,9592,110
2021-10-24,Trinity,105,12862,708,696,184,880,11
2021-10-24,Tulare,107,460477,66500,65585,15132,80717,978
2021-10-24,Tuolumne,109,53932,6994,6840,77,6917,90
2021-10-24,Ventura,111,848112,97019,96664,4391,101055,1167
2021-10-24,Yolo,113,214977,19495,19280,1140,20420,248
2021-10-24,Yuba,115,75493,9930,9838,290,10128,82
2021-10-23,Alameda,001,1643700,118376,117816,2900,120716,1397
2021-10-23,Alpine,003,1148,105,105,0,105,0
2021-10-23,Amador,005,37829,5462,5412,62,5474,64
2021-10-23,Butte,007,227075,20367,20101,3765,23866,273
2021-10-23,Calaveras,009,45235,3961,3865,52,3917,81
2021-10-23,Colusa,011,21464,2477,2458,633,3091,18
2021-10-23,Contra Costa,013,1133247,98360,97855,2191,100046,1008
2021-10-23,Del Norte,015,27424,3566,3540,48,3588,42
2021-10-23,El Dorado,017,186661,15685,15540,1704,17244,149
2021-10-23,Fresno,019,978130,136174,134466,12004,146470,2094
2021-10-23,Glenn,021,27897,3426,3399,999,4398,33
2021-10-23,Humboldt,023,135768,8826,8753,546,9299,105
2021-10-23,Imperial,025,180216,32992,32777,3301,36078,766
2021-10-23,Inyo,027,18085,2199,2108,36,2144,41
2021-10-23,Kern,029,883053,124433,122939,21707,144646,1636
2021-10-23,Kings,031,150075,31370,30942,2018,32960,325
2021-10-23,Lake,033,64148,6586,6501,145,6646,105
2021-10-23,Lassen,035,31185,6700,6632,364,6996,27
2021-10-23,Los Angeles,037,10098052,1422269,1415919,56393,1472312,26527
2021-10-23,Madera,039,155013,22364,22062,1936,23998,281
2021-10-23,Marin,041,260295,17346,17264,444,17708,244
2021-10-23,Mariposa,043,17540,1226,1184,36,1220,5
2021-10-23,Mendocino,045,87422,7310,7220,472,7692,82
2021-10-23,Merced,047,269075,41237,40808,1663,42471,581
2021-10-23,Modoc,049,8938,513,507,183,690,5
2021-10-23,Mono,051,14174,1676,1655,19,1674,3
2021-10-23,Monterey,053,433212,47566,47456,3527,50983,586
2021-10-23,Napa,055,140530,12850,12789,108,12897,100
2021-10-23,Nevada,057,99092,8966,8861,307,9168,90
2021-10-23,Orange,059,3164182,303463,302237,14990,317227,5546
2021-10-23,Placer,061,380077,36214,35822,3668,39490,426
2021-10-23,Plumas,063,18699,1662,1623,38,1661,7
2021-10-23,Riverside,065,2383286,356734,354688,17033,371721,5041
2021-10-23,Sacramento,067,1510023,156570,155125,4625,159750,2232
2021-10-23,San Benito,069,59416,7317,7280,175,7455,71
2021-10-23,San Bernardino,071,2135413,349310,347681,11158,358839,5688
2021-10-23,San Diego,073,3302833,369079,366085,21400,387485,4183
2021-10-23,San Francisco,075,870044,52064,51820,2648,54468,649
2021-10-23,San Joaquin,077,732212,98031,97440,5396,102836,1721
2021-10-23,San Luis Obispo,079,281455,28927,28755,1229,29984,333
2021-10-23,San Mateo,081,765935,52966,52719,1496,54215,571
2021-10-23,Santa Barbara,083,443738,43839,43552,1674,45226,523
2021-10-23,Santa Clara,085,1922200,144934,144276,1290,145566,1897
2021-10-23,Santa Cruz,087,273765,20081,19967,1075,21042,221
2021-10-23,Shasta,089,179085,20739,20386,3627,24013,321
2021-10-23,Sierra,091,2930,175,168,20,188,0
2021-10-23,Siskiyou,093,43540,3251,3231,1306,4537,46
2021-10-23,Solano,095,438530,45049,44861,1210,46071,341
2021-10-23,Sonoma,097,501317,40791,40476,528,41004,393
2021-10-23,Stanislaus,099,539301,77548,76812,8768,85580,1145
2021-10-23,Sutter,101,95872,13730,13616,329,13945,175
2021-10-23,Tehama,103,63373,8243,8105,1487,9592,110
2021-10-23,Trinity,105,12862,707,696,184,880,11
2021-10-23,Tulare,107,460477,66443,65585,15106,80691,978
2021-10-23,Tuolumne,109,53932,6987,6840,77,6917,90
2021-10-23,Ventura,111,848112,96971,96664,4390,101054,1167
2021-10-23,Yolo,113,214977,19480,19280,1136,20416,248
2021-10-23,Yuba,115,75493,9927,9838,290,10128,82
2021-10-22,Alameda,001,1643700,118315,117816,2899,120715,1397
2021-10-22,Alpine,003,1148,105,105,0,105,0
2021-10-22,Amador,005,37829,5456,5412,62,5474,64
2021-10-22,Butte,007,227075,20341,20101,3765,23866,273
2021-10-22,Calaveras,009,45235,3957,3865,52,3917,81
2021-10-22,Colusa,011,21464,2476,2458,633,3091,18
2021-10-22,Contra Costa,013,1133247,98275,97855,2191,100046,1008
2021-10-22,Del Norte,015,27424,3563,3540,48,3588,42
2021-10-22,El Dorado,017,186661,15677,15540,1704,17244,149
2021-10-22,Fresno,019,978130,135976,134466,12001,146467,2094
2021-10-22,Glenn,021,27897,3416,3399,999,4398,33
2021-10-22,Humboldt,023,135768,8819,8753,546,9299,105
2021-10-22,Imperial,025,180216,32975,32777,3299,36076,766
2021-10-22,Inyo,027,18085,2191,2108,36,2144,41
2021-10-22,Kern,029,883053,124268,122939,21692,144631,1636
2021-10-22,Kings,031,150075,31354,30942,2017,32959,325
2021-10-22,Lake,033,64148,6584,6501,145,6646,105
2021-10-22,Lassen,035,31185,6694,6632,364,6996,27
2021-10-22,Los Angeles,037,10098052,1421771,1415919,56344,1472263,26527
2021-10-22,Madera,039,155013,22346,22062,1928,23990,281
2021-10-22,Marin,041,260295,17339,17264,443,17707,244
2021-10-22,Mariposa,043,17540,1224,1184,36,1220,5
2021-10-22,Mendocino,045,87422,7299,7220,472,7692,82
2021-10-22,Merced,047,269075,41210,40808,1661,42469,581
2021-10-22,Modoc,049,8938,513,507,183,690,5
2021-10-22,Mono,051,14174,1676,1655,19,1674,3
2021-10-22,Monterey,053,433212,47559,47456,3520,50976,586
2021-10-22,Napa,055,140530,12848,12789,108,12897,100
2021-10-22,Nevada,057,99092,8956,8861,307,9168,90
2021-10-22,Orange,059,3164182,303310,302237,14980,317217,5546
2021-10-22,Placer,061,380077,36188,35822,3662,39484,426
2021-10-22,Plumas,063,18699,1660,1623,38,1661,7
2021-10-22,Riverside,065,2383286,356467,354688,17029,371717,5041
2021-10-22,Sacramento,067,1510023,156396,155125,4620,159745,2232
2021-10-22,San Benito,069,59416,7313,7280,175,7455,71
2021-10-22,San Bernardino,071,2135413,349158,347681,11146,358827,5688
2021-10-22,San Diego,073,3302833,368779,366085,21387,387472,4183
2021-10-22,San Francisco,075,870044,52041,51820,2644,54464,649
2021-10-22,San Joaquin,077,732212,97994,97440,5390,102830,1721
2021-10-22,San Luis Obispo,079,281455,28911,28755,1229,29984,333
2021-10-22,San Mateo,081,765935,52938,52719,1494,54213,571
2021-10-22,Santa Barbara,083,443738,43810,43552,1674,45226,523
2021-10-22,Santa Clara,085,1922200,144861,144276,1287,145563,1897
2021-10-22,Santa Cruz,087,273765,20069,19967,1075,21042,221
2021-10-22,Shasta,089,179085,20716,20386,3625,24011,321
2021-10-22,Sierra,091,2930,175,168,20,188,0
2021-10-22,Siskiyou,093,43540,3250,3231,1306,4537,46
2021-10-22,Solano,095,438530,45035,44861,1209,46070,341
2021-10-22,Sonoma,097,501317,40757,40476,527,41003,393
2021-10-22,Stanislaus,099,539301,77487,76812,8754,85566,1145
2021-10-22,Sutter,101,95872,13721,13616,329,13945,175
2021-10-22,Tehama,103,63373,8231,8105,1478,9583,110
2021-10-22,Trinity,105,12862,706,696,184,880,11
2021-10-22,Tulare,107,460477,66395,65585,15068,80653,978
2021-10-22,Tuolumne,109,53932,6969,6840,77,6917,90
2021-10-22,Ventura,111,848112,96922,96664,4385,101049,1167
2021-10-22,Yolo,113,214977,19459,19280,1131,20411,248
2021-10-22,Yuba,115,75493,9921,9838,289,10127,82
2021-10-21,Alameda,001,1643700,118216,117816,2897,120713,1397
2021-10-21,Alpine,003,1148,105,105,0,105,0
2021-10-21,Amador,005,37829,5451,5412,61,5473,64
2021-10-21,Butte,007,227075,20264,20101,3755,23856,273
2021-10-21,Calaveras,009,45235,3940,3865,51,3916,81
2021-10-21,Colusa,011,21464,2473,2458,629,3087,18
2021-10-21,Contra Costa,013,1133247,98180,97855,2185,100040,1008
2021-10-21,Del Norte,015,27424,3558,3540,47,3587,42
2021-10-21,El Dorado,017,186661,15660,15540,1700,17240,149
2021-10-21,Fresno,019,978130,135647,134466,11967,146433,2094
2021-10-21,Glenn,021,27897,3413,3399,995,4394,33
2021-10-21,Humboldt,023,135768,8807,8753,539,9292,105
2021-10-21,Imperial,025,180216,32942,32777,3292,36069,766
2021-10-21,Inyo,027,18085,2175,2108,36,2144,41
2021-10-21,Kern,029,883053,124073,122939,21648,144587,1636
2021-10-21,Kings,031,150075,31276,30942,2013,32955,325
2021-10-21,Lake,033,64148,6573,6501,144,6645,105
2021-10-21,Lassen,035,31185,6689,6632,363,6995,27
2021-10-21,Los Angeles,037,10098052,1420949,1415919,56296,1472215,26527
2021-10-21,Madera,039,155013,22292,22062,1919,23981,281
2021-10-21,Marin,041,260295,17326,17264,443,17707,244
2021-10-21,Mariposa,043,17540,1219,1184,35,1219,5
2021-10-21,Mendocino,045,87422,7284,7220,463,7683,82
2021-10-21,Merced,047,269075,41117,40808,1656,42464,581
2021-10-21,Modoc,049,8938,513,507,183,690,5
2021-10-21,Mono,051,14174,1671,1655,18,1673,3
2021-10-21,Monterey,053,433212,47545,47456,3512,50968,586
2021-10-21,Napa,055,140530,12838,12789,108,12897,100
2021-10-21,Nevada,057,99092,8941,8861,305,9166,90
2021-10-21,Orange,059,3164182,303117,302237,14960,317197,5546
2021-10-21,Placer,061,380077,36125,35822,3647,39469,426
2021-10-21,Plumas,063,18699,1651,1623,38,1661,7
2021-10-21,Riverside,065,2383286,356076,354688,17018,371706,5041
2021-10-21,Sacramento,067,1510023,156041,155125,4597,159722,2232
2021-10-21,San Benito,069,59416,7306,7280,173,7453,71
2021-10-21,San Bernardino,071,2135413,348915,347681,11111,358792,5688
2021-10-21,San Diego,073,3302833,368354,366085,21372,387457,4183
2021-10-21,San Francisco,075,870044,52000,51820,2643,54463,649
2021-10-21,San Joaquin,077,732212,97879,97440,5381,102821,1721
2021-10-21,San Luis Obispo,079,281455,28882,28755,1226,29981,333
2021-10-21,San Mateo,081,765935,52903,52719,1492,54211,571
2021-10-21,Santa Barbara,083,443738,43758,43552,1671,45223,523
2021-10-21,Santa Clara,085,1922200,144741,144276,1287,145563,1897
2021-10-21,Santa Cruz,087,273765,20053,19967,1075,21042,221
2021-10-21,Shasta,089,179085,20664,20386,3612,23998,321
2021-10-21,Sierra,091,2930,174,168,20,188,0
2021-10-21,Siskiyou,093,43540,3248,3231,1304,4535,46
2021-10-21,Solano,095,438530,44998,44861,1207,46068,341
2021-10-21,Sonoma,097,501317,40705,40476,526,41002,393
2021-10-21,Stanislaus,099,539301,77347,76812,8744,85556,1145
2021-10-21,Sutter,101,95872,13697,13616,326,13942,175
2021-10-21,Tehama,103,63373,8207,8105,1472,9577,110
2021-10-21,Trinity,105,12862,703,696,184,880,11
2021-10-21,Tulare,107,460477,66240,65585,15014,80599,978
2021-10-21,Tuolumne,109,53932,6952,6840,77,6917,90
2021-10-21,Ventura,111,848112,96840,96664,4384,101048,1167
2021-10-21,Yolo,113,214977,19411,19280,1128,20408,248
2021-10-21,Yuba,115,75493,9901,9838,288,10126,82
2021-10-20,Alameda,001,1643700,118108,117654,2895,120549,1390
2021-10-20,Alpine,003,1148,105,103,0,103,0
2021-10-20,Amador,005,37829,5443,5379,61,5440,64
2021-10-20,Butte,007,227075,20212,20021,3741,23762,270
2021-10-20,Calaveras,009,45235,3925,3844,50,3894,81
2021-10-20,Colusa,011,21464,2470,2454,629,3083,18
2021-10-20,Contra Costa,013,1133247,98086,97721,2178,99899,1008
2021-10-20,Del Norte,015,27424,3556,3536,47,3583,42
2021-10-20,El Dorado,017,186661,15632,15502,1697,17199,149
2021-10-20,Fresno,019,978130,135244,134025,11942,145967,2084
2021-10-20,Glenn,021,27897,3404,3382,993,4375,33
2021-10-20,Humboldt,023,135768,8792,8727,536,9263,105
2021-10-20,Imperial,025,180216,32882,32705,3289,35994,766
2021-10-20,Inyo,027,18085,2159,2077,35,2112,40
2021-10-20,Kern,029,883053,123820,122630,21569,144199,1623
2021-10-20,Kings,031,150075,31220,30805,2006,32811,322
2021-10-20,Lake,033,64148,6555,6475,144,6619,104
2021-10-20,Lassen,035,31185,6682,6622,363,6985,27
2021-10-20,Los Angeles,037,10098052,1420058,1414931,56226,1471157,26506
2021-10-20,Madera,039,155013,22230,21983,1910,23893,281
2021-10-20,Marin,041,260295,17306,17250,442,17692,244
2021-10-20,Mariposa,043,17540,1211,1174,35,1209,5
2021-10-20,Mendocino,045,87422,7269,7189,460,7649,82
2021-10-20,Merced,047,269075,41027,40685,1647,42332,581
2021-10-20,Modoc,049,8938,513,504,183,687,5
2021-10-20,Mono,051,14174,1669,1653,18,1671,3
2021-10-20,Monterey,053,433212,47526,47430,3499,50929,587
2021-10-20,Napa,055,140530,12830,12773,108,12881,100
2021-10-20,Nevada,057,99092,8921,8836,305,9141,90
2021-10-20,Orange,059,3164182,302889,301957,14952,316909,5534
2021-10-20,Placer,061,380077,36058,35729,3644,39373,425
2021-10-20,Plumas,063,18699,1640,1604,38,1642,7
2021-10-20,Riverside,065,2383286,355669,354311,17003,371314,5030
2021-10-20,Sacramento,067,1510023,155690,154822,4570,159392,2222
2021-10-20,San Benito,069,59416,7303,7275,173,7448,71
2021-10-20,San Bernardino,071,2135413,348604,347217,11081,358298,5663
2021-10-20,San Diego,073,3302833,367923,365698,21358,387056,4178
2021-10-20,San Francisco,075,870044,51956,51755,2641,54396,646
2021-10-20,San Joaquin,077,732212,97753,97246,5376,102622,1721
2021-10-20,San Luis Obispo,079,281455,28849,28727,1223,29950,332
2021-10-20,San Mateo,081,765935,52853,52663,1477,54140,571
2021-10-20,Santa Barbara,083,443738,43713,43489,1670,45159,523
2021-10-20,Santa Clara,085,1922200,144635,144124,1284,145408,1896
2021-10-20,Santa Cruz,087,273765,20045,19951,1075,21026,219
2021-10-20,Shasta,089,179085,20612,20313,3584,23897,320
2021-10-20,Sierra,091,2930,174,168,20,188,0
2021-10-20,Siskiyou,093,43540,3248,3224,1300,4524,46
2021-10-20,Solano,095,438530,44970,44819,1205,46024,341
2021-10-20,Sonoma,097,501317,40667,40404,525,40929,393
2021-10-20,Stanislaus,099,539301,77208,76631,8729,85360,1145
2021-10-20,Sutter,101,95872,13680,13592,325,13917,175
2021-10-20,Tehama,103,63373,8175,8081,1465,9546,110
2021-10-20,Trinity,105,12862,702,693,184,877,11
2021-10-20,Tulare,107,460477,66086,65413,14962,80375,967
2021-10-20,Tuolumne,109,53932,6938,6803,77,6880,89
2021-10-20,Ventura,111,848112,96759,96610,4379,100989,1166
2021-10-20,Yolo,113,214977,19369,19236,1127,20363,248
2021-10-20,Yuba,115,75493,9888,9808,288,10096,82
2021-10-19,Alameda,001,1643700,118022,117542,2889,120431,1383
2021-10-19,Alpine,003,1148,105,103,0,103,0
2021-10-19,Amador,005,37829,5432,5367,61,5428,64
2021-10-19,Butte,007,227075,20158,19974,3736,23710,268
2021-10-19,Calaveras,009,45235,3911,3826,49,3875,80
2021-10-19,Colusa,011,21464,2468,2447,627,3074,18
2021-10-19,Contra Costa,013,1133247,97998,97613,2173,99786,1004
2021-10-19,Del Norte,015,27424,3550,3531,47,3578,42
2021-10-19,El Dorado,017,186661,15610,15478,1691,17169,149
2021-10-19,Fresno,019,978130,134897,133813,11920,145733,2073
2021-10-19,Glenn,021,27897,3404,3380,988,4368,33
2021-10-19,Humboldt,023,135768,8771,8714,535,9249,105
2021-10-19,Imperial,025,180216,32818,32632,3287,35919,764
2021-10-19,Inyo,027,18085,2130,2045,35,2080,40
2021-10-19,Kern,029,883053,123552,122391,21445,143836,1613
2021-10-19,Kings,031,150075,31142,30757,2000,32757,322
2021-10-19,Lake,033,64148,6545,6465,144,6609,104
2021-10-19,Lassen,035,31185,6674,6612,360,6972,27
2021-10-19,Los Angeles,037,10098052,1419052,1413882,56154,1470036,26473
2021-10-19,Madera,039,155013,22178,21950,1906,23856,281
2021-10-19,Marin,041,260295,17296,17241,440,17681,244
2021-10-19,Mariposa,043,17540,1205,1171,33,1204,5
2021-10-19,Mendocino,045,87422,7252,7172,456,7628,82
2021-10-19,Merced,047,269075,40927,40628,1633,42261,580
2021-10-19,Modoc,049,8938,511,502,183,685,5
2021-10-19,Mono,051,14174,1665,1651,18,1669,3
2021-10-19,Monterey,053,433212,47499,47412,3483,50895,583
2021-10-19,Napa,055,140530,12826,12769,108,12877,100
2021-10-19,Nevada,057,99092,8905,8829,305,9134,90
2021-10-19,Orange,059,3164182,302686,301700,14924,316624,5527
2021-10-19,Placer,061,380077,35957,35663,3633,39296,422
2021-10-19,Plumas,063,18699,1622,1586,38,1624,8
2021-10-19,Riverside,065,2383286,355308,353891,16997,370888,5020
2021-10-19,Sacramento,067,1510023,155337,154570,4540,159110,2227
2021-10-19,San Benito,069,59416,7287,7264,173,7437,71
2021-10-19,San Bernardino,071,2135413,348319,346814,11050,357864,5627
2021-10-19,San Diego,073,3302833,367401,365285,21329,386614,4170
2021-10-19,San Francisco,075,870044,51902,51704,2639,54343,645
2021-10-19,San Joaquin,077,732212,97600,97105,5361,102466,1721
2021-10-19,San Luis Obispo,079,281455,28814,28670,1222,29892,332
2021-10-19,San Mateo,081,765935,52810,52617,1470,54087,571
2021-10-19,Santa Barbara,083,443738,43657,43413,1667,45080,522
2021-10-19,Santa Clara,085,1922200,144491,143989,1279,145268,1898
2021-10-19,Santa Cruz,087,273765,20025,19895,1074,20969,218
2021-10-19,Shasta,089,179085,20540,20209,3574,23783,319
2021-10-19,Sierra,091,2930,172,168,20,188,0
2021-10-19,Siskiyou,093,43540,3241,3216,1296,4512,46
2021-10-19,Solano,095,438530,44936,44782,1201,45983,341
2021-10-19,Sonoma,097,501317,40614,40379,525,40904,392
2021-10-19,Stanislaus,099,539301,77096,76526,8716,85242,1145
2021-10-19,Sutter,101,95872,13660,13569,324,13893,174
2021-10-19,Tehama,103,63373,8147,8057,1451,9508,108
2021-10-19,Trinity,105,12862,702,691,184,875,11
2021-10-19,Tulare,107,460477,65928,65253,14898,80151,958
2021-10-19,Tuolumne,109,53932,6910,6782,77,6859,89
2021-10-19,Ventura,111,848112,96688,96539,4376,100915,1166
2021-10-19,Yolo,113,214977,19331,19206,1124,20330,248
2021-10-19,Yuba,115,75493,9874,9796,286,10082,82
2021-10-18,Alameda,001,1643700,117904,117506,2882,120388,1381
2021-10-18,Alpine,003,1148,105,103,0,103,0
2021-10-18,Amador,005,37829,5421,5345,61,5406,64
2021-10-18,Butte,007,227075,20121,19921,3725,23646,265
2021-10-18,Calaveras,009,45235,3889,3819,48,3867,80
2021-10-18,Colusa,011,21464,2468,2444,625,3069,18
2021-10-18,Contra Costa,013,1133247,97893,97585,2170,99755,995
2021-10-18,Del Norte,015,27424,3544,3529,47,3576,41
2021-10-18,El Dorado,017,186661,15584,15452,1686,17138,149
2021-10-18,Fresno,019,978130,134527,133688,11883,145571,2063
2021-10-18,Glenn,021,27897,3397,3370,982,4352,32
2021-10-18,Humboldt,023,135768,8758,8699,527,9226,104
2021-10-18,Imperial,025,180216,32732,32558,3287,35845,764
2021-10-18,Inyo,027,18085,2115,2020,35,2055,40
2021-10-18,Kern,029,883053,123297,122231,21347,143578,1605
2021-10-18,Kings,031,150075,31031,30698,1986,32684,320
2021-10-18,Lake,033,64148,6531,6455,143,6598,104
2021-10-18,Lassen,035,31185,6659,6607,357,6964,26
2021-10-18,Los Angeles,037,10098052,1418091,1413291,56073,1469364,26446
2021-10-18,Madera,039,155013,22130,21909,1898,23807,277
2021-10-18,Marin,041,260295,17278,17232,439,17671,244
2021-10-18,Mariposa,043,17540,1197,1160,33,1193,5
2021-10-18,Mendocino,045,87422,7237,7156,447,7603,82
2021-10-18,Merced,047,269075,40824,40573,1624,42197,579
2021-10-18,Modoc,049,8938,511,498,183,681,5
2021-10-18,Mono,051,14174,1655,1648,17,1665,3
2021-10-18,Monterey,053,433212,47485,47389,3477,50866,583
2021-10-18,Napa,055,140530,12814,12762,108,12870,100
2021-10-18,Nevada,057,99092,8887,8816,305,9121,90
2021-10-18,Orange,059,3164182,302422,301573,14898,316471,5524
2021-10-18,Placer,061,380077,35892,35598,3630,39228,420
2021-10-18,Plumas,063,18699,1616,1579,38,1617,6
2021-10-18,Riverside,065,2383286,354941,353699,16985,370684,5008
2021-10-18,Sacramento,067,1510023,154971,154428,4505,158933,2203
2021-10-18,San Benito,069,59416,7275,7253,172,7425,71
2021-10-18,San Bernardino,071,2135413,347928,346742,11033,357775,5606
2021-10-18,San Diego,073,3302833,366884,364948,21299,386247,4169
2021-10-18,San Francisco,075,870044,51843,51671,2630,54301,644
2021-10-18,San Joaquin,077,732212,97442,97041,5349,102390,1721
2021-10-18,San Luis Obispo,079,281455,28778,28644,1218,29862,331
2021-10-18,San Mateo,081,765935,52750,52594,1467,54061,571
2021-10-18,Santa Barbara,083,443738,43605,43386,1665,45051,522
2021-10-18,Santa Clara,085,1922200,144348,143891,1270,145161,1895
2021-10-18,Santa Cruz,087,273765,20011,19876,1073,20949,218
2021-10-18,Shasta,089,179085,20449,20146,3557,23703,313
2021-10-18,Sierra,091,2930,172,166,20,186,0
2021-10-18,Siskiyou,093,43540,3238,3210,1288,4498,42
2021-10-18,Solano,095,438530,44898,44758,1199,45957,339
2021-10-18,Sonoma,097,501317,40568,40349,520,40869,392
2021-10-18,Stanislaus,099,539301,76940,76466,8703,85169,1145
2021-10-18,Sutter,101,95872,13629,13557,322,13879,172
2021-10-18,Tehama,103,63373,8108,8042,1437,9479,107
2021-10-18,Trinity,105,12862,701,688,184,872,11
2021-10-18,Tulare,107,460477,65763,65171,14836,80007,958
2021-10-18,Tuolumne,109,53932,6885,6755,76,6831,89
2021-10-18,Ventura,111,848112,96601,96506,4374,100880,1165
2021-10-18,Yolo,113,214977,19297,19197,1122,20319,248
2021-10-18,Yuba,115,75493,9852,9782,283,10065,82
2021-10-17,Alameda,001,1643700,117781,117423,2880,120303,1376
2021-10-17,Alpine,003,1148,103,103,0,103,0
2021-10-17,Amador,005,37829,5402,5341,61,5402,64
2021-10-17,Butte,007,227075,20046,19897,3716,23613,265
2021-10-17,Calaveras,009,45235,3876,3805,48,3853,80
2021-10-17,Colusa,011,21464,2461,2442,620,3062,18
2021-10-17,Contra Costa,013,1133247,97776,97485,2160,99645,995
2021-10-17,Del Norte,015,27424,3539,3526,47,3573,41
2021-10-17,El Dorado,017,186661,15534,15438,1682,17120,149
2021-10-17,Fresno,019,978130,134089,133429,11852,145281,2063
2021-10-17,Glenn,021,27897,3381,3364,981,4345,32
2021-10-17,Humboldt,023,135768,8739,8690,524,9214,104
2021-10-17,Imperial,025,180216,32651,32520,3282,35802,764
2021-10-17,Inyo,027,18085,2089,2000,35,2035,40
2021-10-17,Kern,029,883053,122997,122085,21245,143330,1603
2021-10-17,Kings,031,150075,30930,30636,1976,32612,315
2021-10-17,Lake,033,64148,6519,6437,142,6579,104
2021-10-17,Lassen,035,31185,6649,6605,352,6957,26
2021-10-17,Los Angeles,037,10098052,1416841,1412371,55993,1468364,26443
2021-10-17,Madera,039,155013,22078,21869,1889,23758,277
2021-10-17,Marin,041,260295,17260,17211,439,17650,243
2021-10-17,Mariposa,043,17540,1192,1150,33,1183,5
2021-10-17,Mendocino,045,87422,7213,7148,440,7588,82
2021-10-17,Merced,047,269075,40716,40531,1610,42141,579
2021-10-17,Modoc,049,8938,508,498,181,679,5
2021-10-17,Mono,051,14174,1654,1640,16,1656,3
2021-10-17,Monterey,053,433212,47455,47369,3463,50832,583
2021-10-17,Napa,055,140530,12802,12753,105,12858,100
2021-10-17,Nevada,057,99092,8873,8794,305,9099,90
2021-10-17,Orange,059,3164182,302148,301414,14873,316287,5524
2021-10-17,Placer,061,380077,35803,35559,3616,39175,420
2021-10-17,Plumas,063,18699,1587,1571,35,1606,6
2021-10-17,Riverside,065,2383286,354516,353500,16972,370472,5008
2021-10-17,Sacramento,067,1510023,154520,154080,4484,158564,2213
2021-10-17,San Benito,069,59416,7266,7250,171,7421,71
2021-10-17,San Bernardino,071,2135413,347548,346524,11011,357535,5597
2021-10-17,San Diego,073,3302833,366347,364675,21276,385951,4163
2021-10-17,San Francisco,075,870044,51777,51625,2621,54246,644
2021-10-17,San Joaquin,077,732212,97276,96950,5339,102289,1721
2021-10-17,San Luis Obispo,079,281455,28730,28604,1211,29815,331
2021-10-17,San Mateo,081,765935,52713,52541,1458,53999,571
2021-10-17,Santa Barbara,083,443738,43546,43344,1663,45007,522
2021-10-17,Santa Clara,085,1922200,144190,143768,1262,145030,1895
2021-10-17,Santa Cruz,087,273765,19984,19861,1070,20931,218
2021-10-17,Shasta,089,179085,20377,20116,3538,23654,312
2021-10-17,Sierra,091,2930,170,165,20,185,0
2021-10-17,Siskiyou,093,43540,3231,3204,1286,4490,42
2021-10-17,Solano,095,438530,44861,44722,1198,45920,340
2021-10-17,Sonoma,097,501317,40505,40306,519,40825,392
2021-10-17,Stanislaus,099,539301,76751,76354,8693,85047,1145
2021-10-17,Sutter,101,95872,13613,13543,320,13863,172
2021-10-17,Tehama,103,63373,8073,8015,1419,9434,107
2021-10-17,Trinity,105,12862,697,686,184,870,11
2021-10-17,Tulare,107,460477,65607,65057,14769,79826,958
2021-10-17,Tuolumne,109,53932,6857,6735,76,6811,89
2021-10-17,Ventura,111,848112,96511,96458,4370,100828,1165
2021-10-17,Yolo,113,214977,19260,19171,1112,20283,248
2021-10-17,Yuba,115,75493,9827,9771,279,10050,82
2021-10-16,Alameda,001,1643700,117713,117027,2880,119907,1365
2021-10-16,Alpine,003,1148,103,102,0,102,0
2021-10-16,Amador,005,37829,5398,5310,61,5371,64
2021-10-16,Butte,007,227075,20023,19612,3710,23322,260
2021-10-16,Calaveras,009,45235,3871,3771,48,3819,80
2021-10-16,Colusa,011,21464,2460,2431,618,3049,18
2021-10-16,Contra Costa,013,1133247,97697,97107,2159,99266,982
2021-10-16,Del Norte,015,27424,3536,3516,47,3563,41
2021-10-16,El Dorado,017,186661,15517,15315,1680,16995,149
2021-10-16,Fresno,019,978130,133976,132433,11847,144280,2051
2021-10-16,Glenn,021,27897,3379,3331,981,4312,26
2021-10-16,Humboldt,023,135768,8725,8621,518,9139,104
2021-10-16,Imperial,025,180216,32638,32368,3281,35649,764
2021-10-16,Inyo,027,18085,2075,1932,35,1967,39
2021-10-16,Kern,029,883053,122870,121354,21165,142519,1590
2021-10-16,Kings,031,150075,30886,30418,1973,32391,314
2021-10-16,Lake,033,64148,6509,6378,141,6519,104
2021-10-16,Lassen,035,31185,6641,6559,348,6907,26
2021-10-16,Los Angeles,037,10098052,1416264,1409418,55936,1465354,26398
2021-10-16,Madera,039,155013,22047,21707,1886,23593,277
2021-10-16,Marin,041,260295,17253,17148,439,17587,243
2021-10-16,Mariposa,043,17540,1190,1096,33,1129,5
2021-10-16,Mendocino,045,87422,7203,7099,440,7539,82
2021-10-16,Merced,047,269075,40693,40265,1609,41874,577
2021-10-16,Modoc,049,8938,505,492,181,673,5
2021-10-16,Mono,051,14174,1653,1628,16,1644,3
2021-10-16,Monterey,053,433212,47442,47293,3453,50746,582
2021-10-16,Napa,055,140530,12791,12706,105,12811,100
2021-10-16,Nevada,057,99092,8857,8739,305,9044,90
2021-10-16,Orange,059,3164182,301990,300722,14855,315577,5509
2021-10-16,Placer,061,380077,35725,35343,3609,38952,412
2021-10-16,Plumas,063,18699,1586,1542,34,1576,6
2021-10-16,Riverside,065,2383286,354282,352435,16960,369395,4990
2021-10-16,Sacramento,067,1510023,154317,153264,4481,157745,2192
2021-10-16,San Benito,069,59416,7253,7210,170,7380,71
2021-10-16,San Bernardino,071,2135413,347364,345418,11003,356421,5566
2021-10-16,San Diego,073,3302833,366052,363109,21263,384372,4151
2021-10-16,San Francisco,075,870044,51734,51436,2618,54054,645
2021-10-16,San Joaquin,077,732212,97219,96507,5337,101844,1708
2021-10-16,San Luis Obispo,079,281455,28706,28460,1210,29670,329
2021-10-16,San Mateo,081,765935,52676,52399,1451,53850,569
2021-10-16,Santa Barbara,083,443738,43511,43175,1662,44837,521
2021-10-16,Santa Clara,085,1922200,144095,143282,1257,144539,1890
2021-10-16,Santa Cruz,087,273765,19968,19794,1069,20863,218
2021-10-16,Shasta,089,179085,20338,19932,3527,23459,309
2021-10-16,Sierra,091,2930,168,160,20,180,0
2021-10-16,Siskiyou,093,43540,3229,3173,1281,4454,42
2021-10-16,Solano,095,438530,44840,44585,1195,45780,334
2021-10-16,Sonoma,097,501317,40467,40195,519,40714,390
2021-10-16,Stanislaus,099,539301,76674,75868,8685,84553,1142
2021-10-16,Sutter,101,95872,13594,13471,319,13790,169
2021-10-16,Tehama,103,63373,8062,7907,1416,9323,104
2021-10-16,Trinity,105,12862,697,679,184,863,11
2021-10-16,Tulare,107,460477,65494,64489,14745,79234,951
2021-10-16,Tuolumne,109,53932,6826,6666,76,6742,89
2021-10-16,Ventura,111,848112,96483,96181,4365,100546,1164
2021-10-16,Yolo,113,214977,19237,19078,1107,20185,247
2021-10-16,Yuba,115,75493,9807,9705,277,9982,82
2021-10-15,Alameda,001,1643700,117648,117027,2877,119904,1365
2021-10-15,Alpine,003,1148,103,102,0,102,0
2021-10-15,Amador,005,37829,5376,5310,61,5371,64
2021-10-15,Butte,007,227075,19991,19612,3705,23317,260
2021-10-15,Calaveras,009,45235,3866,3771,48,3819,80
2021-10-15,Colusa,011,21464,2458,2431,614,3045,18
2021-10-15,Contra Costa,013,1133247,97618,97107,2157,99264,982
2021-10-15,Del Norte,015,27424,3534,3516,47,3563,41
2021-10-15,El Dorado,017,186661,15497,15315,1675,16990,149
2021-10-15,Fresno,019,978130,133757,132433,11844,144277,2051
2021-10-15,Glenn,021,27897,3375,3331,980,4311,26
2021-10-15,Humboldt,023,135768,8717,8621,516,9137,104
2021-10-15,Imperial,025,180216,32593,32368,3278,35646,764
2021-10-15,Inyo,027,18085,2059,1932,35,1967,39
2021-10-15,Kern,029,883053,122747,121354,21093,142447,1590
2021-10-15,Kings,031,150075,30836,30418,1969,32387,314
2021-10-15,Lake,033,64148,6503,6378,141,6519,104
2021-10-15,Lassen,035,31185,6634,6559,347,6906,26
2021-10-15,Los Angeles,037,10098052,1415631,1409418,55890,1465308,26398
2021-10-15,Madera,039,155013,22013,21707,1882,23589,277
2021-10-15,Marin,041,260295,17242,17148,439,17587,243
2021-10-15,Mariposa,043,17540,1182,1096,33,1129,5
2021-10-15,Mendocino,045,87422,7189,7099,440,7539,82
2021-10-15,Merced,047,269075,40667,40265,1606,41871,577
2021-10-15,Modoc,049,8938,504,492,181,673,5
2021-10-15,Mono,051,14174,1650,1628,16,1644,3
2021-10-15,Monterey,053,433212,47421,47293,3448,50741,582
2021-10-15,Napa,055,140530,12787,12706,105,12811,100
2021-10-15,Nevada,057,99092,8844,8739,305,9044,90
2021-10-15,Orange,059,3164182,301836,300722,14845,315567,5509
2021-10-15,Placer,061,380077,35677,35343,3604,38947,412
2021-10-15,Plumas,063,18699,1585,1542,34,1576,6
2021-10-15,Riverside,065,2383286,354060,352435,16956,369391,4990
2021-10-15,Sacramento,067,1510023,154128,153264,4476,157740,2192
2021-10-15,San Benito,069,59416,7250,7210,170,7380,71
2021-10-15,San Bernardino,071,2135413,347141,345418,11001,356419,5566
2021-10-15,San Diego,073,3302833,365711,363109,21239,384348,4151
2021-10-15,San Francisco,075,870044,51695,51436,2612,54048,645
2021-10-15,San Joaquin,077,732212,97146,96507,5330,101837,1708
2021-10-15,San Luis Obispo,079,281455,28687,28460,1208,29668,329
2021-10-15,San Mateo,081,765935,52642,52399,1445,53844,569
2021-10-15,Santa Barbara,083,443738,43475,43175,1662,44837,521
2021-10-15,Santa Clara,085,1922200,143981,143282,1253,144535,1890
2021-10-15,Santa Cruz,087,273765,19957,19794,1069,20863,218
2021-10-15,Shasta,089,179085,20292,19932,3518,23450,309
2021-10-15,Sierra,091,2930,167,160,20,180,0
2021-10-15,Siskiyou,093,43540,3228,3173,1279,4452,42
2021-10-15,Solano,095,438530,44814,44585,1195,45780,334
2021-10-15,Sonoma,097,501317,40431,40195,518,40713,390
2021-10-15,Stanislaus,099,539301,76601,75868,8673,84541,1142
2021-10-15,Sutter,101,95872,13577,13471,317,13788,169
2021-10-15,Tehama,103,63373,8049,7907,1411,9318,104
2021-10-15,Trinity,105,12862,697,679,184,863,11
2021-10-15,Tulare,107,460477,65423,64489,14706,79195,951
2021-10-15,Tuolumne,109,53932,6805,6666,74,6740,89
2021-10-15,Ventura,111,848112,96442,96181,4361,100542,1164
2021-10-15,Yolo,113,214977,19224,19078,1103,20181,247
2021-10-15,Yuba,115,75493,9796,9705,277,9982,82
2021-10-14,Alameda,001,1643700,117548,117027,2873,119900,1365
2021-10-14,Alpine,003,1148,103,102,0,102,0
2021-10-14,Amador,005,37829,5366,5310,61,5371,64
2021-10-14,Butte,007,227075,19938,19612,3700,23312,260
2021-10-14,Calaveras,009,45235,3854,3771,47,3818,80
2021-10-14,Colusa,011,21464,2456,2431,612,3043,18
2021-10-14,Contra Costa,013,1133247,97489,97107,2151,99258,982
2021-10-14,Del Norte,015,27424,3528,3516,47,3563,41
2021-10-14,El Dorado,017,186661,15461,15315,1671,16986,149
2021-10-14,Fresno,019,978130,133492,132433,11819,144252,2051
2021-10-14,Glenn,021,27897,3372,3331,979,4310,26
2021-10-14,Humboldt,023,135768,8700,8621,513,9134,104
2021-10-14,Imperial,025,180216,32529,32368,3271,35639,764
2021-10-14,Inyo,027,18085,2041,1932,35,1967,39
2021-10-14,Kern,029,883053,122497,121354,20994,142348,1590
2021-10-14,Kings,031,150075,30770,30418,1961,32379,314
2021-10-14,Lake,033,64148,6485,6378,140,6518,104
2021-10-14,Lassen,035,31185,6628,6559,346,6905,26
2021-10-14,Los Angeles,037,10098052,1414657,1409418,55834,1465252,26398
2021-10-14,Madera,039,155013,21959,21707,1877,23584,277
2021-10-14,Marin,041,260295,17237,17148,437,17585,243
2021-10-14,Mariposa,043,17540,1170,1096,32,1128,5
2021-10-14,Mendocino,045,87422,7178,7099,439,7538,82
2021-10-14,Merced,047,269075,40589,40265,1595,41860,577
2021-10-14,Modoc,049,8938,504,492,181,673,5
2021-10-14,Mono,051,14174,1644,1628,16,1644,3
2021-10-14,Monterey,053,433212,47397,47293,3441,50734,582
2021-10-14,Napa,055,140530,12772,12706,105,12811,100
2021-10-14,Nevada,057,99092,8818,8739,303,9042,90
2021-10-14,Orange,059,3164182,301646,300722,14829,315551,5509
2021-10-14,Placer,061,380077,35618,35343,3591,38934,412
2021-10-14,Plumas,063,18699,1572,1542,34,1576,6
2021-10-14,Riverside,065,2383286,353676,352435,16947,369382,4990
2021-10-14,Sacramento,067,1510023,153867,153264,4455,157719,2192
2021-10-14,San Benito,069,59416,7239,7210,170,7380,71
2021-10-14,San Bernardino,071,2135413,346787,345418,10994,356412,5566
2021-10-14,San Diego,073,3302833,365287,363109,21210,384319,4151
2021-10-14,San Francisco,075,870044,51645,51436,2607,54043,645
2021-10-14,San Joaquin,077,732212,97018,96507,5320,101827,1708
2021-10-14,San Luis Obispo,079,281455,28646,28460,1205,29665,329
2021-10-14,San Mateo,081,765935,52600,52399,1442,53841,569
2021-10-14,Santa Barbara,083,443738,43422,43175,1657,44832,521
2021-10-14,Santa Clara,085,1922200,143845,143282,1251,144533,1890
2021-10-14,Santa Cruz,087,273765,19935,19794,1069,20863,218
2021-10-14,Shasta,089,179085,20240,19932,3505,23437,309
2021-10-14,Sierra,091,2930,167,160,20,180,0
2021-10-14,Siskiyou,093,43540,3225,3173,1271,4444,42
2021-10-14,Solano,095,438530,44767,44585,1189,45774,334
2021-10-14,Sonoma,097,501317,40387,40195,516,40711,390
2021-10-14,Stanislaus,099,539301,76460,75868,8663,84531,1142
2021-10-14,Sutter,101,95872,13557,13471,316,13787,169
2021-10-14,Tehama,103,63373,8015,7907,1400,9307,104
2021-10-14,Trinity,105,12862,697,679,183,862,11
2021-10-14,Tulare,107,460477,65258,64489,14666,79155,951
2021-10-14,Tuolumne,109,53932,6777,6666,73,6739,89
2021-10-14,Ventura,111,848112,96380,96181,4354,100535,1164
2021-10-14,Yolo,113,214977,19195,19078,1096,20174,247
2021-10-14,Yuba,115,75493,9782,9705,268,9973,82
2021-10-13,Alameda,001,1643700,117451,116914,2868,119782,1360
2021-10-13,Alpine,003,1148,103,102,0,102,0
2021-10-13,Amador,005,37829,5355,5305,61,5366,63
2021-10-13,Butte,007,227075,19872,19546,3697,23243,257
2021-10-13,Calaveras,009,45235,3837,3756,45,3801,79
2021-10-13,Colusa,011,21464,2449,2430,608,3038,18
2021-10-13,Contra Costa,013,1133247,97374,96975,2150,99125,969
2021-10-13,Del Norte,015,27424,3523,3512,47,3559,39
2021-10-13,El Dorado,017,186661,15439,15302,1665,16967,149
2021-10-13,Fresno,019,978130,133183,132055,11797,143852,2048
2021-10-13,Glenn,021,27897,3358,3327,976,4303,26
2021-10-13,Humboldt,023,135768,8691,8604,505,9109,102
2021-10-13,Imperial,025,180216,32481,32317,3270,35587,762
2021-10-13,Inyo,027,18085,2004,1907,35,1942,39
2021-10-13,Kern,029,883053,122266,120956,20896,141852,1586
2021-10-13,Kings,031,150075,30690,30246,1954,32200,312
2021-10-13,Lake,033,64148,6465,6371,140,6511,103
2021-10-13,Lassen,035,31185,6618,6535,340,6875,25
2021-10-13,Los Angeles,037,10098052,1413627,1408384,55779,1464163,26379
2021-10-13,Madera,039,155013,21910,21609,1861,23470,277
2021-10-13,Marin,041,260295,17213,17137,436,17573,243
2021-10-13,Mariposa,043,17540,1155,1090,32,1122,5
2021-10-13,Mendocino,045,87422,7164,7088,431,7519,82
2021-10-13,Merced,047,269075,40504,40164,1582,41746,577
2021-10-13,Modoc,049,8938,502,490,179,669,5
2021-10-13,Mono,051,14174,1642,1612,16,1628,3
2021-10-13,Monterey,053,433212,47380,47273,3434,50707,582
2021-10-13,Napa,055,140530,12762,12695,103,12798,100
2021-10-13,Nevada,057,99092,8796,8725,303,9028,90
2021-10-13,Orange,059,3164182,301461,300468,14813,315281,5503
2021-10-13,Placer,061,380077,35554,35254,3580,38834,412
2021-10-13,Plumas,063,18699,1553,1514,34,1548,6
2021-10-13,Riverside,065,2383286,353359,352044,16934,368978,4978
2021-10-13,Sacramento,067,1510023,153626,153141,4430,157571,2182
2021-10-13,San Benito,069,59416,7233,7196,169,7365,71
2021-10-13,San Bernardino,071,2135413,346479,344951,10977,355928,5562
2021-10-13,San Diego,073,3302833,364860,362564,21189,383753,4141
2021-10-13,San Francisco,075,870044,51605,51379,2603,53982,644
2021-10-13,San Joaquin,077,732212,96880,96343,5314,101657,1696
2021-10-13,San Luis Obispo,079,281455,28609,28397,1202,29599,330
2021-10-13,San Mateo,081,765935,52550,52352,1438,53790,569
2021-10-13,Santa Barbara,083,443738,43372,43109,1657,44766,518
2021-10-13,Santa Clara,085,1922200,143714,143064,1249,144313,1886
2021-10-13,Santa Cruz,087,273765,19910,19763,1068,20831,217
2021-10-13,Shasta,089,179085,20178,19802,3478,23280,307
2021-10-13,Sierra,091,2930,167,155,20,175,0
2021-10-13,Siskiyou,093,43540,3217,3173,1270,4443,42
2021-10-13,Solano,095,438530,44729,44558,1187,45745,334
2021-10-13,Sonoma,097,501317,40336,40122,516,40638,390
2021-10-13,Stanislaus,099,539301,76319,75698,8654,84352,1136
2021-10-13,Sutter,101,95872,13527,13458,314,13772,169
2021-10-13,Tehama,103,63373,7978,7849,1396,9245,103
2021-10-13,Trinity,105,12862,694,677,183,860,11
2021-10-13,Tulare,107,460477,65081,64297,14614,78911,945
2021-10-13,Tuolumne,109,53932,6765,6644,72,6716,89
2021-10-13,Ventura,111,848112,96306,96099,4349,100448,1162
2021-10-13,Yolo,113,214977,19166,19023,1093,20116,247
2021-10-13,Yuba,115,75493,9761,9690,252,9942,80
2021-10-12,Alameda,001,1643700,117346,116813,2864,119677,1357
2021-10-12,Alpine,003,1148,103,102,0,102,0
2021-10-12,Amador,005,37829,5345,5301,61,5362,63
2021-10-12,Butte,007,227075,19806,19506,3685,23191,256
2021-10-12,Calaveras,009,45235,3822,3750,45,3795,75
2021-10-12,Colusa,011,21464,2445,2428,606,3034,18
2021-10-12,Contra Costa,013,1133247,97262,96894,2141,99035,960
2021-10-12,Del Norte,015,27424,3518,3511,46,3557,39
2021-10-12,El Dorado,017,186661,15406,15287,1664,16951,148
2021-10-12,Fresno,019,978130,132840,131848,11770,143618,2042
2021-10-12,Glenn,021,27897,3349,3321,973,4294,26
2021-10-12,Humboldt,023,135768,8666,8587,498,9085,102
2021-10-12,Imperial,025,180216,32428,32267,3268,35535,762
2021-10-12,Inyo,027,18085,1973,1889,35,1924,39
2021-10-12,Kern,029,883053,121991,120826,20786,141612,1580
2021-10-12,Kings,031,150075,30621,30200,1942,32142,312
2021-10-12,Lake,033,64148,6451,6372,140,6512,97
2021-10-12,Lassen,035,31185,6610,6526,337,6863,25
2021-10-12,Los Angeles,037,10098052,1412574,1407462,55728,1463190,26362
2021-10-12,Madera,039,155013,21841,21574,1854,23428,277
2021-10-12,Marin,041,260295,17190,17126,436,17562,242
2021-10-12,Mariposa,043,17540,1140,1088,31,1119,5
2021-10-12,Mendocino,045,87422,7135,7077,429,7506,82
2021-10-12,Merced,047,269075,40427,40113,1577,41690,567
2021-10-12,Modoc,049,8938,497,485,178,663,5
2021-10-12,Mono,051,14174,1637,1608,16,1624,3
2021-10-12,Monterey,053,433212,47353,47254,3425,50679,582
2021-10-12,Napa,055,140530,12750,12671,103,12774,97
2021-10-12,Nevada,057,99092,8784,8720,302,9022,89
2021-10-12,Orange,059,3164182,301212,300256,14790,315046,5499
2021-10-12,Placer,061,380077,35495,35214,3574,38788,404
2021-10-12,Plumas,063,18699,1531,1488,33,1521,6
2021-10-12,Riverside,065,2383286,353039,351771,16920,368691,4973
2021-10-12,Sacramento,067,1510023,153340,152935,4397,157332,2170
2021-10-12,San Benito,069,59416,7220,7193,169,7362,71
2021-10-12,San Bernardino,071,2135413,346169,344788,10968,355756,5563
2021-10-12,San Diego,073,3302833,364351,362256,21161,383417,4137
2021-10-12,San Francisco,075,870044,51544,51301,2601,53902,643
2021-10-12,San Joaquin,077,732212,96745,96237,5309,101546,1690
2021-10-12,San Luis Obispo,079,281455,28561,28379,1201,29580,327
2021-10-12,San Mateo,081,765935,52505,52328,1435,53763,569
2021-10-12,Santa Barbara,083,443738,43313,43076,1657,44733,515
2021-10-12,Santa Clara,085,1922200,143562,142954,1248,144202,1882
2021-10-12,Santa Cruz,087,273765,19885,19757,1068,20825,218
2021-10-12,Shasta,089,179085,20112,19731,3450,23181,304
2021-10-12,Sierra,091,2930,167,153,20,173,0
2021-10-12,Siskiyou,093,43540,3206,3166,1263,4429,42
2021-10-12,Solano,095,438530,44687,44516,1183,45699,329
2021-10-12,Sonoma,097,501317,40294,40105,516,40621,390
2021-10-12,Stanislaus,099,539301,76169,75589,8639,84228,1126
2021-10-12,Sutter,101,95872,13504,13436,310,13746,168
2021-10-12,Tehama,103,63373,7948,7820,1392,9212,103
2021-10-12,Trinity,105,12862,691,676,183,859,11
2021-10-12,Tulare,107,460477,64910,64216,14554,78770,944
2021-10-12,Tuolumne,109,53932,6748,6637,71,6708,89
2021-10-12,Ventura,111,848112,96199,96022,4347,100369,1160
2021-10-12,Yolo,113,214977,19139,18987,1086,20073,247
2021-10-12,Yuba,115,75493,9747,9676,248,9924,70
2021-10-11,Alameda,001,1643700,117214,116759,2863,119622,1358
2021-10-11,Alpine,003,1148,102,102,0,102,0
2021-10-11,Amador,005,37829,5335,5286,61,5347,62
2021-10-11,Butte,007,227075,19748,19452,3680,23132,253
2021-10-11,Calaveras,009,45235,3802,3750,45,3795,75
2021-10-11,Colusa,011,21464,2441,2427,599,3026,18
2021-10-11,Contra Costa,013,1133247,97130,96832,2136,98968,960
2021-10-11,Del Norte,015,27424,3515,3510,42,3552,39
2021-10-11,El Dorado,017,186661,15380,15273,1659,16932,146
2021-10-11,Fresno,019,978130,132524,131703,11747,143450,2036
2021-10-11,Glenn,021,27897,3334,3308,972,4280,26
2021-10-11,Humboldt,023,135768,8641,8571,491,9062,101
2021-10-11,Imperial,025,180216,32379,32207,3263,35470,762
2021-10-11,Inyo,027,18085,1951,1862,34,1896,39
2021-10-11,Kern,029,883053,121762,120684,20695,141379,1575
2021-10-11,Kings,031,150075,30532,30180,1932,32112,309
2021-10-11,Lake,033,64148,6435,6361,136,6497,97
2021-10-11,Lassen,035,31185,6591,6499,334,6833,25
2021-10-11,Los Angeles,037,10098052,1411546,1406826,55674,1462500,26346
2021-10-11,Madera,039,155013,21788,21555,1838,23393,272
2021-10-11,Marin,041,260295,17172,17121,432,17553,242
2021-10-11,Mariposa,043,17540,1112,1083,31,1114,5
2021-10-11,Mendocino,045,87422,7120,7064,425,7489,82
2021-10-11,Merced,047,269075,40306,40064,1553,41617,566
2021-10-11,Modoc,049,8938,494,482,175,657,5
2021-10-11,Mono,051,14174,1624,1604,16,1620,3
2021-10-11,Monterey,053,433212,47325,47241,3419,50660,580
2021-10-11,Napa,055,140530,12728,12654,101,12755,96
2021-10-11,Nevada,057,99092,8762,8716,301,9017,90
2021-10-11,Orange,059,3164182,300992,299941,14764,314705,5499
2021-10-11,Placer,061,380077,35427,35173,3555,38728,404
2021-10-11,Plumas,063,18699,1513,1469,31,1500,6
2021-10-11,Riverside,065,2383286,352707,351444,16915,368359,4973
2021-10-11,Sacramento,067,1510023,153053,152681,4367,157048,2169
2021-10-11,San Benito,069,59416,7199,7184,167,7351,71
2021-10-11,San Bernardino,071,2135413,345793,344594,10962,355556,5549
2021-10-11,San Diego,073,3302833,363847,361712,21128,382840,4124
2021-10-11,San Francisco,075,870044,51473,51275,2595,53870,643
2021-10-11,San Joaquin,077,732212,96593,96152,5298,101450,1681
2021-10-11,San Luis Obispo,079,281455,28514,28355,1196,29551,327
2021-10-11,San Mateo,081,765935,52458,52298,1435,53733,569
2021-10-11,Santa Barbara,083,443738,43268,43018,1656,44674,515
2021-10-11,Santa Clara,085,1922200,143405,142836,1245,144081,1882
2021-10-11,Santa Cruz,087,273765,19860,19745,1068,20813,217
2021-10-11,Shasta,089,179085,20031,19662,3431,23093,295
2021-10-11,Sierra,091,2930,162,147,19,166,0
2021-10-11,Siskiyou,093,43540,3198,3159,1258,4417,42
2021-10-11,Solano,095,438530,44640,44474,1180,45654,329
2021-10-11,Sonoma,097,501317,40248,40067,516,40583,390
2021-10-11,Stanislaus,099,539301,75996,75478,8621,84099,1118
2021-10-11,Sutter,101,95872,13485,13427,308,13735,165
2021-10-11,Tehama,103,63373,7907,7795,1381,9176,102
2021-10-11,Trinity,105,12862,686,675,181,856,11
2021-10-11,Tulare,107,460477,64734,64094,14486,78580,942
2021-10-11,Tuolumne,109,53932,6711,6602,71,6673,89
2021-10-11,Ventura,111,848112,96096,95876,4339,100215,1160
2021-10-11,Yolo,113,214977,19092,18977,1083,20060,247
2021-10-11,Yuba,115,75493,9731,9657,235,9892,69
2021-10-10,Alameda,001,1643700,117100,116679,2861,119540,1358
2021-10-10,Alpine,003,1148,102,102,0,102,0
2021-10-10,Amador,005,37829,5320,5278,61,5339,62
2021-10-10,Butte,007,227075,19688,19430,3666,23096,253
2021-10-10,Calaveras,009,45235,3790,3747,45,3792,75
2021-10-10,Colusa,011,21464,2440,2425,598,3023,18
2021-10-10,Contra Costa,013,1133247,97032,96760,2131,98891,960
2021-10-10,Del Norte,015,27424,3511,3507,42,3549,39
2021-10-10,El Dorado,017,186661,15350,15250,1653,16903,146
2021-10-10,Fresno,019,978130,132190,131434,11726,143160,2035
2021-10-10,Glenn,021,27897,3332,3297,970,4267,26
2021-10-10,Humboldt,023,135768,8621,8554,487,9041,101
2021-10-10,Imperial,025,180216,32304,32167,3262,35429,762
2021-10-10,Inyo,027,18085,1930,1857,34,1891,39
2021-10-10,Kern,029,883053,121443,120552,20597,141149,1573
2021-10-10,Kings,031,150075,30447,30122,1921,32043,308
2021-10-10,Lake,033,64148,6420,6349,135,6484,97
2021-10-10,Lassen,035,31185,6571,6495,333,6828,26
2021-10-10,Los Angeles,037,10098052,1410393,1406034,55596,1461630,26338
2021-10-10,Madera,039,155013,21745,21486,1829,23315,272
2021-10-10,Marin,041,260295,17157,17112,432,17544,242
2021-10-10,Mariposa,043,17540,1110,1074,31,1105,5
2021-10-10,Mendocino,045,87422,7105,7060,417,7477,81
2021-10-10,Merced,047,269075,40230,40036,1535,41571,566
2021-10-10,Modoc,049,8938,494,482,175,657,5
2021-10-10,Mono,051,14174,1623,1596,16,1612,3
2021-10-10,Monterey,053,433212,47303,47228,3414,50642,580
2021-10-10,Napa,055,140530,12707,12641,99,12740,96
2021-10-10,Nevada,057,99092,8750,8689,301,8990,90
2021-10-10,Orange,059,3164182,300727,299787,14737,314524,5499
2021-10-10,Placer,061,380077,35336,35128,3543,38671,404
2021-10-10,Plumas,063,18699,1494,1468,29,1497,6
2021-10-10,Riverside,065,2383286,352348,351248,16895,368143,4973
2021-10-10,Sacramento,067,1510023,152794,152405,4351,156756,2178
2021-10-10,San Benito,069,59416,7195,7180,164,7344,71
2021-10-10,San Bernardino,071,2135413,345498,344423,10953,355376,5551
2021-10-10,San Diego,073,3302833,363340,361038,21074,382112,4113
2021-10-10,San Francisco,075,870044,51429,51216,2591,53807,643
2021-10-10,San Joaquin,077,732212,96425,96084,5279,101363,1681
2021-10-10,San Luis Obispo,079,281455,28475,28343,1196,29539,326
2021-10-10,San Mateo,081,765935,52417,52273,1434,53707,569
2021-10-10,Santa Barbara,083,443738,43230,42987,1654,44641,515
2021-10-10,Santa Clara,085,1922200,143241,142768,1240,144008,1881
2021-10-10,Santa Cruz,087,273765,19842,19727,1068,20795,217
2021-10-10,Shasta,089,179085,19941,19635,3417,23052,296
2021-10-10,Sierra,091,2930,160,147,19,166,0
2021-10-10,Siskiyou,093,43540,3186,3155,1250,4405,42
2021-10-10,Solano,095,438530,44583,44431,1180,45611,329
2021-10-10,Sonoma,097,501317,40198,40027,516,40543,390
2021-10-10,Stanislaus,099,539301,75820,75403,8609,84012,1118
2021-10-10,Sutter,101,95872,13463,13412,303,13715,165
2021-10-10,Tehama,103,63373,7868,7764,1371,9135,102
2021-10-10,Trinity,105,12862,685,669,180,849,11
2021-10-10,Tulare,107,460477,64565,63930,14434,78364,940
2021-10-10,Tuolumne,109,53932,6688,6580,71,6651,89
2021-10-10,Ventura,111,848112,96012,95829,4337,100166,1160
2021-10-10,Yolo,113,214977,19062,18952,1078,20030,247
2021-10-10,Yuba,115,75493,9714,9641,231,9872,69
2021-10-09,Alameda,001,1643700,117011,116253,2860,119113,1356
2021-10-09,Alpine,003,1148,102,102,0,102,0
2021-10-09,Amador,005,37829,5318,5237,60,5297,62
2021-10-09,Butte,007,227075,19660,19277,3664,22941,250
2021-10-09,Calaveras,009,45235,3785,3716,45,3761,75
2021-10-09,Colusa,011,21464,2436,2419,597,3016,18
2021-10-09,Contra Costa,013,1133247,96969,96378,2124,98502,958
2021-10-09,Del Norte,015,27424,3510,3495,42,3537,39
2021-10-09,El Dorado,017,186661,15333,15153,1649,16802,144
2021-10-09,Fresno,019,978130,132083,130508,11714,142222,2018
2021-10-09,Glenn,021,27897,3328,3277,969,4246,26
2021-10-09,Humboldt,023,135768,8608,8448,484,8932,97
2021-10-09,Imperial,025,180216,32271,31989,3260,35249,760
2021-10-09,Inyo,027,18085,1921,1808,34,1842,39
2021-10-09,Kern,029,883053,121309,119795,20571,140366,1559
2021-10-09,Kings,031,150075,30401,29894,1918,31812,308
2021-10-09,Lake,033,64148,6403,6283,133,6416,97
2021-10-09,Lassen,035,31185,6566,6442,332,6774,25
2021-10-09,Los Angeles,037,10098052,1409867,1402810,55555,1458365,26280
2021-10-09,Madera,039,155013,21714,21313,1817,23130,271
2021-10-09,Marin,041,260295,17151,17049,430,17479,242
2021-10-09,Mariposa,043,17540,1105,1042,31,1073,5
2021-10-09,Mendocino,045,87422,7098,7011,417,7428,82
2021-10-09,Merced,047,269075,40194,39784,1535,41319,565
2021-10-09,Modoc,049,8938,492,477,174,651,5
2021-10-09,Mono,051,14174,1623,1577,16,1593,3
2021-10-09,Monterey,053,433212,47290,47168,3410,50578,577
2021-10-09,Napa,055,140530,12703,12586,99,12685,96
2021-10-09,Nevada,057,99092,8740,8613,300,8913,90
2021-10-09,Orange,059,3164182,300559,299089,14718,313807,5457
2021-10-09,Placer,061,380077,35299,34877,3537,38414,393
2021-10-09,Plumas,063,18699,1487,1418,29,1447,6
2021-10-09,Riverside,065,2383286,352099,350082,16878,366960,4965
2021-10-09,Sacramento,067,1510023,152585,151566,4336,155902,2160
2021-10-09,San Benito,069,59416,7187,7123,164,7287,71
2021-10-09,San Bernardino,071,2135413,345318,343452,10950,354402,5556
2021-10-09,San Diego,073,3302833,363042,359909,21067,380976,4111
2021-10-09,San Francisco,075,870044,51386,50960,2584,53544,643
2021-10-09,San Joaquin,077,732212,96362,95606,5273,100879,1669
2021-10-09,San Luis Obispo,079,281455,28458,28197,1194,29391,324
2021-10-09,San Mateo,081,765935,52386,52121,1432,53553,569
2021-10-09,Santa Barbara,083,443738,43203,42735,1654,44389,514
2021-10-09,Santa Clara,085,1922200,143120,142298,1236,143534,1873
2021-10-09,Santa Cruz,087,273765,19833,19635,1067,20702,217
2021-10-09,Shasta,089,179085,19901,19437,3412,22849,290
2021-10-09,Sierra,091,2930,157,141,19,160,0
2021-10-09,Siskiyou,093,43540,3184,3124,1249,4373,42
2021-10-09,Solano,095,438530,44565,44265,1179,45444,329
2021-10-09,Sonoma,097,501317,40159,39848,516,40364,387
2021-10-09,Stanislaus,099,539301,75734,74899,8603,83502,1114
2021-10-09,Sutter,101,95872,13454,13314,301,13615,165
2021-10-09,Tehama,103,63373,7857,7670,1365,9035,99
2021-10-09,Trinity,105,12862,685,660,179,839,11
2021-10-09,Tulare,107,460477,64458,63398,14413,77811,932
2021-10-09,Tuolumne,109,53932,6669,6521,71,6592,89
2021-10-09,Ventura,111,848112,95956,95542,4334,99876,1158
2021-10-09,Yolo,113,214977,19042,18850,1075,19925,247
2021-10-09,Yuba,115,75493,9702,9551,229,9780,69
2021-10-08,Alameda,001,1643700,116933,116253,2856,119109,1356
2021-10-08,Alpine,003,1148,102,102,0,102,0
2021-10-08,Amador,005,37829,5305,5237,60,5297,62
2021-10-08,Butte,007,227075,19632,19277,3660,22937,250
2021-10-08,Calaveras,009,45235,3780,3716,45,3761,75
2021-10-08,Colusa,011,21464,2434,2419,597,3016,18
2021-10-08,Contra Costa,013,1133247,96924,96378,2119,98497,958
2021-10-08,Del Norte,015,27424,3509,3495,42,3537,39
2021-10-08,El Dorado,017,186661,15314,15153,1646,16799,144
2021-10-08,Fresno,019,978130,131899,130508,11700,142208,2018
2021-10-08,Glenn,021,27897,3318,3277,968,4245,26
2021-10-08,Humboldt,023,135768,8597,8448,481,8929,97
2021-10-08,Imperial,025,180216,32242,31989,3256,35245,760
2021-10-08,Inyo,027,18085,1903,1808,34,1842,39
2021-10-08,Kern,029,883053,121174,119795,20531,140326,1559
2021-10-08,Kings,031,150075,30307,29894,1917,31811,308
2021-10-08,Lake,033,64148,6396,6283,133,6416,97
2021-10-08,Lassen,035,31185,6553,6442,328,6770,25
2021-10-08,Los Angeles,037,10098052,1409197,1402810,55515,1458325,26280
2021-10-08,Madera,039,155013,21658,21313,1810,23123,271
2021-10-08,Marin,041,260295,17140,17049,429,17478,242
2021-10-08,Mariposa,043,17540,1098,1042,29,1071,5
2021-10-08,Mendocino,045,87422,7085,7011,417,7428,82
2021-10-08,Merced,047,269075,40164,39784,1532,41316,565
2021-10-08,Modoc,049,8938,490,477,174,651,5
2021-10-08,Mono,051,14174,1621,1577,16,1593,3
2021-10-08,Monterey,053,433212,47267,47168,3405,50573,577
2021-10-08,Napa,055,140530,12687,12586,99,12685,96
2021-10-08,Nevada,057,99092,8729,8613,300,8913,90
2021-10-08,Orange,059,3164182,300414,299089,14701,313790,5457
2021-10-08,Placer,061,380077,35261,34877,3529,38406,393
2021-10-08,Plumas,063,18699,1479,1418,29,1447,6
2021-10-08,Riverside,065,2383286,351832,350082,16866,366948,4965
2021-10-08,Sacramento,067,1510023,152419,151566,4326,155892,2160
2021-10-08,San Benito,069,59416,7183,7123,162,7285,71
2021-10-08,San Bernardino,071,2135413,345118,343452,10945,354397,5556
2021-10-08,San Diego,073,3302833,362720,359909,21045,380954,4111
2021-10-08,San Francisco,075,870044,51342,50960,2576,53536,643
2021-10-08,San Joaquin,077,732212,96294,95606,5265,100871,1669
2021-10-08,San Luis Obispo,079,281455,28431,28197,1193,29390,324
2021-10-08,San Mateo,081,765935,52362,52121,1431,53552,569
2021-10-08,Santa Barbara,083,443738,43170,42735,1652,44387,514
2021-10-08,Santa Clara,085,1922200,143011,142298,1233,143531,1873
2021-10-08,Santa Cruz,087,273765,19819,19635,1067,20702,217
2021-10-08,Shasta,089,179085,19860,19437,3408,22845,290
2021-10-08,Sierra,091,2930,155,141,17,158,0
2021-10-08,Siskiyou,093,43540,3178,3124,1248,4372,42
2021-10-08,Solano,095,438530,44529,44265,1178,45443,329
2021-10-08,Sonoma,097,501317,40126,39848,516,40364,387
2021-10-08,Stanislaus,099,539301,75665,74899,8596,83495,1114
2021-10-08,Sutter,101,95872,13441,13314,298,13612,165
2021-10-08,Tehama,103,63373,7841,7670,1361,9031,99
2021-10-08,Trinity,105,12862,684,660,179,839,11
2021-10-08,Tulare,107,460477,64342,63398,14379,77777,932
2021-10-08,Tuolumne,109,53932,6646,6521,71,6592,89
2021-10-08,Ventura,111,848112,95911,95542,4329,99871,1158
2021-10-08,Yolo,113,214977,19028,18850,1071,19921,247
2021-10-08,Yuba,115,75493,9681,9551,228,9779,69
2021-10-07,Alameda,001,1643700,116820,116253,2853,119106,1356
2021-10-07,Alpine,003,1148,102,102,0,102,0
2021-10-07,Amador,005,37829,5299,5237,60,5297,62
2021-10-07,Butte,007,227075,19582,19277,3649,22926,250
2021-10-07,Calaveras,009,45235,3769,3716,45,3761,75
2021-10-07,Colusa,011,21464,2432,2419,590,3009,18
2021-10-07,Contra Costa,013,1133247,96804,96378,2115,98493,958
2021-10-07,Del Norte,015,27424,3505,3495,42,3537,39
2021-10-07,El Dorado,017,186661,15278,15153,1642,16795,144
2021-10-07,Fresno,019,978130,131621,130508,11679,142187,2018
2021-10-07,Glenn,021,27897,3311,3277,965,4242,26
2021-10-07,Humboldt,023,135768,8573,8448,476,8924,97
2021-10-07,Imperial,025,180216,32168,31989,3243,35232,760
2021-10-07,Inyo,027,18085,1884,1808,34,1842,39
2021-10-07,Kern,029,883053,120951,119795,20467,140262,1559
2021-10-07,Kings,031,150075,30244,29894,1911,31805,308
2021-10-07,Lake,033,64148,6385,6283,133,6416,97
2021-10-07,Lassen,035,31185,6535,6442,326,6768,25
2021-10-07,Los Angeles,037,10098052,1408237,1402810,55465,1458275,26280
2021-10-07,Madera,039,155013,21588,21313,1795,23108,271
2021-10-07,Marin,041,260295,17122,17049,429,17478,242
2021-10-07,Mariposa,043,17540,1090,1042,29,1071,5
2021-10-07,Mendocino,045,87422,7075,7011,413,7424,82
2021-10-07,Merced,047,269075,40099,39784,1517,41301,565
2021-10-07,Modoc,049,8938,487,477,173,650,5
2021-10-07,Mono,051,14174,1613,1577,16,1593,3
2021-10-07,Monterey,053,433212,47247,47168,3392,50560,577
2021-10-07,Napa,055,140530,12672,12586,99,12685,96
2021-10-07,Nevada,057,99092,8701,8613,300,8913,90
2021-10-07,Orange,059,3164182,300193,299089,14688,313777,5457
2021-10-07,Placer,061,380077,35197,34877,3522,38399,393
2021-10-07,Plumas,063,18699,1466,1418,29,1447,6
2021-10-07,Riverside,065,2383286,351504,350082,16854,366936,4965
2021-10-07,Sacramento,067,1510023,152138,151566,4297,155863,2160
2021-10-07,San Benito,069,59416,7166,7123,160,7283,71
2021-10-07,San Bernardino,071,2135413,344849,343452,10940,354392,5556
2021-10-07,San Diego,073,3302833,362329,359909,21024,380933,4111
2021-10-07,San Francisco,075,870044,51273,50960,2572,53532,643
2021-10-07,San Joaquin,077,732212,96144,95606,5256,100862,1669
2021-10-07,San Luis Obispo,079,281455,28383,28197,1191,29388,324
2021-10-07,San Mateo,081,765935,52325,52121,1428,53549,569
2021-10-07,Santa Barbara,083,443738,43103,42735,1646,44381,514
2021-10-07,Santa Clara,085,1922200,142865,142298,1227,143525,1873
2021-10-07,Santa Cruz,087,273765,19800,19635,1066,20701,217
2021-10-07,Shasta,089,179085,19784,19437,3393,22830,290
2021-10-07,Sierra,091,2930,155,141,17,158,0
2021-10-07,Siskiyou,093,43540,3176,3124,1242,4366,42
2021-10-07,Solano,095,438530,44489,44265,1174,45439,329
2021-10-07,Sonoma,097,501317,40089,39848,515,40363,387
2021-10-07,Stanislaus,099,539301,75507,74899,8571,83470,1114
2021-10-07,Sutter,101,95872,13419,13314,295,13609,165
2021-10-07,Tehama,103,63373,7807,7670,1357,9027,99
2021-10-07,Trinity,105,12862,682,660,179,839,11
2021-10-07,Tulare,107,460477,64181,63398,14341,77739,932
2021-10-07,Tuolumne,109,53932,6625,6521,71,6592,89
2021-10-07,Ventura,111,848112,95828,95542,4326,99868,1158
2021-10-07,Yolo,113,214977,18995,18850,1066,19916,247
2021-10-07,Yuba,115,75493,9655,9551,221,9772,69
2021-10-06,Alameda,001,1643700,116686,116058,2848,118906,1353
2021-10-06,Alpine,003,1148,102,102,0,102,0
2021-10-06,Amador,005,37829,5296,5205,60,5265,62
2021-10-06,Butte,007,227075,19520,19208,3641,22849,247
2021-10-06,Calaveras,009,45235,3760,3669,45,3714,75
2021-10-06,Colusa,011,21464,2430,2414,583,2997,18
2021-10-06,Contra Costa,013,1133247,96678,96184,2112,98296,953
2021-10-06,Del Norte,015,27424,3503,3490,39,3529,39
2021-10-06,El Dorado,017,186661,15253,15078,1641,16719,140
2021-10-06,Fresno,019,978130,131332,130074,11650,141724,2008
2021-10-06,Glenn,021,27897,3301,3270,962,4232,26
2021-10-06,Humboldt,023,135768,8560,8416,469,8885,94
2021-10-06,Imperial,025,180216,32111,31930,3233,35163,760
2021-10-06,Inyo,027,18085,1869,1806,34,1840,39
2021-10-06,Kern,029,883053,120697,119491,20376,139867,1552
2021-10-06,Kings,031,150075,30182,29785,1901,31686,308
2021-10-06,Lake,033,64148,6372,6271,133,6404,97
2021-10-06,Lassen,035,31185,6517,6429,325,6754,25
2021-10-06,Los Angeles,037,10098052,1407248,1401675,55421,1457096,26252
2021-10-06,Madera,039,155013,21532,21230,1787,23017,269
2021-10-06,Marin,041,260295,17113,17042,428,17470,242
2021-10-06,Mariposa,043,17540,1083,1036,29,1065,5
2021-10-06,Mendocino,045,87422,7066,6986,412,7398,81
2021-10-06,Merced,047,269075,40019,39666,1508,41174,563
2021-10-06,Modoc,049,8938,487,477,171,648,5
2021-10-06,Mono,051,14174,1601,1568,16,1584,3
2021-10-06,Monterey,053,433212,47216,47136,3386,50522,577
2021-10-06,Napa,055,140530,12648,12552,98,12650,96
2021-10-06,Nevada,057,99092,8685,8582,299,8881,90
2021-10-06,Orange,059,3164182,299965,298785,14675,313460,5448
2021-10-06,Placer,061,380077,35146,34764,3515,38279,390
2021-10-06,Plumas,063,18699,1445,1383,29,1412,6
2021-10-06,Riverside,065,2383286,351153,349645,16832,366477,4953
2021-10-06,Sacramento,067,1510023,151888,151164,4268,155432,2141
2021-10-06,San Benito,069,59416,7151,7108,160,7268,69
2021-10-06,San Bernardino,071,2135413,344559,343022,10933,353955,5551
2021-10-06,San Diego,073,3302833,361842,359564,20996,380560,4104
2021-10-06,San Francisco,075,870044,51210,50894,2568,53462,641
2021-10-06,San Joaquin,077,732212,96011,95418,5244,100662,1658
2021-10-06,San Luis Obispo,079,281455,28335,28170,1185,29355,323
2021-10-06,San Mateo,081,765935,52280,52056,1419,53475,569
2021-10-06,Santa Barbara,083,443738,43020,42687,1644,44331,513
2021-10-06,Santa Clara,085,1922200,142717,142124,1223,143347,1872
2021-10-06,Santa Cruz,087,273765,19771,19604,1064,20668,217
2021-10-06,Shasta,089,179085,19714,19325,3380,22705,287
2021-10-06,Sierra,091,2930,153,138,17,155,0
2021-10-06,Siskiyou,093,43540,3166,3116,1235,4351,42
2021-10-06,Solano,095,438530,44456,44185,1173,45358,328
2021-10-06,Sonoma,097,501317,40040,39787,515,40302,383
2021-10-06,Stanislaus,099,539301,75365,74699,8560,83259,1114
2021-10-06,Sutter,101,95872,13399,13284,292,13576,164
2021-10-06,Tehama,103,63373,7771,7629,1352,8981,99
2021-10-06,Trinity,105,12862,679,656,179,835,11
2021-10-06,Tulare,107,460477,64008,63198,14284,77482,926
2021-10-06,Tuolumne,109,53932,6600,6486,71,6557,89
2021-10-06,Ventura,111,848112,95739,95449,4320,99769,1158
2021-10-06,Yolo,113,214977,18963,18815,1061,19876,247
2021-10-06,Yuba,115,75493,9632,9520,220,9740,69
2021-10-05,Alameda,001,1643700,116548,115968,2842,118810,1350
2021-10-05,Alpine,003,1148,102,102,0,102,0
2021-10-05,Amador,005,37829,5275,5194,59,5253,61
2021-10-05,Butte,007,227075,19472,19137,3631,22768,246
2021-10-05,Calaveras,009,45235,3744,3657,45,3702,73
2021-10-05,Colusa,011,21464,2423,2414,582,2996,18
2021-10-05,Contra Costa,013,1133247,96565,96108,2103,98211,941
2021-10-05,Del Norte,015,27424,3501,3485,38,3523,39
2021-10-05,El Dorado,017,186661,15213,15052,1638,16690,140
2021-10-05,Fresno,019,978130,130989,129957,11620,141577,1987
2021-10-05,Glenn,021,27897,3293,3270,958,4228,26
2021-10-05,Humboldt,023,135768,8528,8398,465,8863,94
2021-10-05,Imperial,025,180216,32061,31909,3228,35137,759
2021-10-05,Inyo,027,18085,1852,1800,34,1834,39
2021-10-05,Kern,029,883053,120433,119260,20278,139538,1540
2021-10-05,Kings,031,150075,30109,29749,1894,31643,301
2021-10-05,Lake,033,64148,6352,6264,132,6396,97
2021-10-05,Lassen,035,31185,6498,6417,323,6740,25
2021-10-05,Los Angeles,037,10098052,1406096,1400300,55369,1455669,26223
2021-10-05,Madera,039,155013,21476,21183,1775,22958,269
2021-10-05,Marin,041,260295,17101,17024,428,17452,242
2021-10-05,Mariposa,043,17540,1064,1033,26,1059,5
2021-10-05,Mendocino,045,87422,7048,6972,405,7377,79
2021-10-05,Merced,047,269075,39953,39608,1500,41108,562
2021-10-05,Modoc,049,8938,483,475,170,645,5
2021-10-05,Mono,051,14174,1595,1565,16,1581,3
2021-10-05,Monterey,053,433212,47203,47087,3372,50459,573
2021-10-05,Napa,055,140530,12624,12533,98,12631,96
2021-10-05,Nevada,057,99092,8656,8576,299,8875,90
2021-10-05,Orange,059,3164182,299696,298589,14644,313233,5441
2021-10-05,Placer,061,380077,35068,34728,3508,38236,382
2021-10-05,Plumas,063,18699,1420,1357,29,1386,6
2021-10-05,Riverside,065,2383286,350793,349365,16817,366182,4942
2021-10-05,Sacramento,067,1510023,151627,151111,4237,155348,2126
2021-10-05,San Benito,069,59416,7132,7103,158,7261,69
2021-10-05,San Bernardino,071,2135413,344229,342711,10926,353637,5557
2021-10-05,San Diego,073,3302833,361270,359194,20969,380163,4092
2021-10-05,San Francisco,075,870044,51119,50826,2563,53389,641
2021-10-05,San Joaquin,077,732212,95861,95276,5217,100493,1651
2021-10-05,San Luis Obispo,079,281455,28291,28113,1183,29296,324
2021-10-05,San Mateo,081,765935,52238,52008,1418,53426,569
2021-10-05,Santa Barbara,083,443738,42943,42595,1639,44234,511
2021-10-05,Santa Clara,085,1922200,142561,141971,1218,143189,1873
2021-10-05,Santa Cruz,087,273765,19730,19582,1063,20645,216
2021-10-05,Shasta,089,179085,19647,19285,3366,22651,286
2021-10-05,Sierra,091,2930,149,136,17,153,0
2021-10-05,Siskiyou,093,43540,3153,3107,1235,4342,42
2021-10-05,Solano,095,438530,44388,44149,1171,45320,325
2021-10-05,Sonoma,097,501317,39987,39756,510,40266,383
2021-10-05,Stanislaus,099,539301,75203,74599,8544,83143,1114
2021-10-05,Sutter,101,95872,13371,13270,291,13561,164
2021-10-05,Tehama,103,63373,7741,7607,1345,8952,98
2021-10-05,Trinity,105,12862,676,655,179,834,11
2021-10-05,Tulare,107,460477,63805,63093,14230,77323,920
2021-10-05,Tuolumne,109,53932,6585,6473,70,6543,89
2021-10-05,Ventura,111,848112,95635,95351,4319,99670,1155
2021-10-05,Yolo,113,214977,18930,18782,1055,19837,245
2021-10-05,Yuba,115,75493,9600,9504,217,9721,69
2021-10-04,Alameda,001,1643700,116392,115845,2839,118684,1347
2021-10-04,Alpine,003,1148,102,102,0,102,0
2021-10-04,Amador,005,37829,5265,5163,58,5221,61
2021-10-04,Butte,007,227075,19395,19081,3620,22701,245
2021-10-04,Calaveras,009,45235,3734,3641,45,3686,73
2021-10-04,Colusa,011,21464,2422,2414,581,2995,18
2021-10-04,Contra Costa,013,1133247,96427,95958,2099,98057,937
2021-10-04,Del Norte,015,27424,3499,3485,34,3519,39
2021-10-04,El Dorado,017,186661,15167,15031,1631,16662,138
2021-10-04,Fresno,019,978130,130695,129665,11602,141267,1978
2021-10-04,Glenn,021,27897,3284,3270,952,4222,26
2021-10-04,Humboldt,023,135768,8494,8355,457,8812,94
2021-10-04,Imperial,025,180216,32012,31866,3221,35087,757
2021-10-04,Inyo,027,18085,1840,1792,31,1823,39
2021-10-04,Kern,029,883053,120153,118984,20150,139134,1531
2021-10-04,Kings,031,150075,30018,29702,1890,31592,303
2021-10-04,Lake,033,64148,6340,6248,132,6380,97
2021-10-04,Lassen,035,31185,6484,6405,323,6728,25
2021-10-04,Los Angeles,037,10098052,1404972,1399604,55313,1454917,26186
2021-10-04,Madera,039,155013,21412,21126,1765,22891,266
2021-10-04,Marin,041,260295,17085,17008,427,17435,242
2021-10-04,Mariposa,043,17540,1052,1024,26,1050,5
2021-10-04,Mendocino,045,87422,7031,6947,401,7348,79
2021-10-04,Merced,047,269075,39839,39565,1483,41048,558
2021-10-04,Modoc,049,8938,480,473,170,643,5
2021-10-04,Mono,051,14174,1585,1561,16,1577,3
2021-10-04,Monterey,053,433212,47185,47058,3364,50422,571
2021-10-04,Napa,055,140530,12599,12506,98,12604,96
2021-10-04,Nevada,057,99092,8636,8563,298,8861,90
2021-10-04,Orange,059,3164182,299412,298165,14612,312777,5438
2021-10-04,Placer,061,380077,34985,34630,3481,38111,379
2021-10-04,Plumas,063,18699,1396,1329,29,1358,6
2021-10-04,Riverside,065,2383286,350412,348828,16807,365635,4923
2021-10-04,Sacramento,067,1510023,151311,150887,4211,155098,2115
2021-10-04,San Benito,069,59416,7120,7099,158,7257,69
2021-10-04,San Bernardino,071,2135413,343879,342418,10912,353330,5551
2021-10-04,San Diego,073,3302833,360710,358525,20935,379460,4090
2021-10-04,San Francisco,075,870044,51023,50798,2558,53356,638
2021-10-04,San Joaquin,077,732212,95669,95198,5196,100394,1649
2021-10-04,San Luis Obispo,079,281455,28247,28090,1177,29267,323
2021-10-04,San Mateo,081,765935,52186,51958,1411,53369,569
2021-10-04,Santa Barbara,083,443738,42864,42585,1638,44223,511
2021-10-04,Santa Clara,085,1922200,142421,141840,1213,143053,1869
2021-10-04,Santa Cruz,087,273765,19702,19559,1062,20621,216
2021-10-04,Shasta,089,179085,19548,19170,3353,22523,279
2021-10-04,Sierra,091,2930,142,136,16,152,0
2021-10-04,Siskiyou,093,43540,3144,3103,1220,4323,42
2021-10-04,Solano,095,438530,44333,44092,1169,45261,322
2021-10-04,Sonoma,097,501317,39927,39720,509,40229,381
2021-10-04,Stanislaus,099,539301,75049,74444,8525,82969,1106
2021-10-04,Sutter,101,95872,13345,13261,290,13551,164
2021-10-04,Tehama,103,63373,7702,7585,1339,8924,95
2021-10-04,Trinity,105,12862,675,649,178,827,11
2021-10-04,Tulare,107,460477,63619,62957,14162,77119,920
2021-10-04,Tuolumne,109,53932,6559,6442,70,6512,89
2021-10-04,Ventura,111,848112,95549,95170,4313,99483,1153
2021-10-04,Yolo,113,214977,18887,18761,1051,19812,242
2021-10-04,Yuba,115,75493,9563,9481,215,9696,68
2021-10-03,Alameda,001,1643700,116247,115751,2832,118583,1349
2021-10-03,Alpine,003,1148,102,102,0,102,0
2021-10-03,Amador,005,37829,5247,5160,56,5216,61
2021-10-03,Butte,007,227075,19321,19066,3604,22670,245
2021-10-03,Calaveras,009,45235,3717,3632,45,3677,73
2021-10-03,Colusa,011,21464,2421,2413,578,2991,18
2021-10-03,Contra Costa,013,1133247,96300,95890,2091,97981,937
2021-10-03,Del Norte,015,27424,3493,3483,33,3516,39
2021-10-03,El Dorado,017,186661,15110,15014,1625,16639,139
2021-10-03,Fresno,019,978130,130346,129365,11572,140937,1978
2021-10-03,Glenn,021,27897,3273,3266,944,4210,26
2021-10-03,Humboldt,023,135768,8449,8352,453,8805,94
2021-10-03,Imperial,025,180216,31945,31844,3213,35057,757
2021-10-03,Inyo,027,18085,1820,1788,30,1818,39
2021-10-03,Kern,029,883053,119848,118851,20030,138881,1535
2021-10-03,Kings,031,150075,29922,29623,1882,31505,300
2021-10-03,Lake,033,64148,6314,6239,132,6371,97
2021-10-03,Lassen,035,31185,6462,6400,321,6721,25
2021-10-03,Los Angeles,037,10098052,1403701,1398790,55258,1454048,26179
2021-10-03,Madera,039,155013,21340,21066,1756,22822,266
2021-10-03,Marin,041,260295,17062,16995,423,17418,242
2021-10-03,Mariposa,043,17540,1045,1011,26,1037,5
2021-10-03,Mendocino,045,87422,7010,6939,392,7331,79
2021-10-03,Merced,047,269075,39729,39516,1467,40983,558
2021-10-03,Modoc,049,8938,479,472,169,641,5
2021-10-03,Mono,051,14174,1574,1554,16,1570,3
2021-10-03,Monterey,053,433212,47166,47049,3349,50398,571
2021-10-03,Napa,055,140530,12571,12489,96,12585,96
2021-10-03,Nevada,057,99092,8602,8545,298,8843,90
2021-10-03,Orange,059,3164182,299134,298027,14595,312622,5447
2021-10-03,Placer,061,380077,34852,34596,3465,38061,379
2021-10-03,Plumas,063,18699,1371,1328,29,1357,6
2021-10-03,Riverside,065,2383286,349984,348593,16788,365381,4924
2021-10-03,Sacramento,067,1510023,151025,150664,4180,154844,2120
2021-10-03,San Benito,069,59416,7111,7095,158,7253,69
2021-10-03,San Bernardino,071,2135413,343478,342302,10905,353207,5555
2021-10-03,San Diego,073,3302833,360133,358153,20897,379050,4081
2021-10-03,San Francisco,075,870044,50938,50733,2552,53285,638
2021-10-03,San Joaquin,077,732212,95485,95133,5189,100322,1649
2021-10-03,San Luis Obispo,079,281455,28183,28065,1172,29237,325
2021-10-03,San Mateo,081,765935,52133,51923,1400,53323,569
2021-10-03,Santa Barbara,083,443738,42772,42550,1630,44180,511
2021-10-03,Santa Clara,085,1922200,142252,141737,1206,142943,1869
2021-10-03,Santa Cruz,087,273765,19664,19548,1059,20607,216
2021-10-03,Shasta,089,179085,19445,19132,3323,22455,279
2021-10-03,Sierra,091,2930,139,136,16,152,0
2021-10-03,Siskiyou,093,43540,3130,3096,1209,4305,42
2021-10-03,Solano,095,438530,44275,44051,1166,45217,322
2021-10-03,Sonoma,097,501317,39863,39679,509,40188,381
2021-10-03,Stanislaus,099,539301,74861,74366,8507,82873,1106
2021-10-03,Sutter,101,95872,13331,13248,286,13534,164
2021-10-03,Tehama,103,63373,7657,7564,1332,8896,94
2021-10-03,Trinity,105,12862,671,647,176,823,11
2021-10-03,Tulare,107,460477,63428,62860,14088,76948,924
2021-10-03,Tuolumne,109,53932,6530,6430,68,6498,89
2021-10-03,Ventura,111,848112,95439,95108,4310,99418,1153
2021-10-03,Yolo,113,214977,18855,18720,1044,19764,242
2021-10-03,Yuba,115,75493,9545,9462,214,9676,68
2021-10-02,Alameda,001,1643700,116147,115185,2829,118014,1343
2021-10-02,Alpine,003,1148,102,102,0,102,0
2021-10-02,Amador,005,37829,5238,5105,56,5161,61
2021-10-02,Butte,007,227075,19291,18911,3597,22508,243
2021-10-02,Calaveras,009,45235,3711,3585,45,3630,72
2021-10-02,Colusa,011,21464,2421,2403,575,2978,18
2021-10-02,Contra Costa,013,1133247,96229,95369,2088,97457,933
2021-10-02,Del Norte,015,27424,3488,3468,33,3501,39
2021-10-02,El Dorado,017,186661,15085,14887,1624,16511,136
2021-10-02,Fresno,019,978130,130201,128450,11561,140011,1964
2021-10-02,Glenn,021,27897,3273,3234,944,4178,26
2021-10-02,Humboldt,023,135768,8431,8244,452,8696,94
2021-10-02,Imperial,025,180216,31912,31674,3209,34883,757
2021-10-02,Inyo,027,18085,1811,1746,30,1776,39
2021-10-02,Kern,029,883053,119717,117962,19948,137910,1524
2021-10-02,Kings,031,150075,29871,29339,1879,31218,301
2021-10-02,Lake,033,64148,6304,6191,132,6323,97
2021-10-02,Lassen,035,31185,6457,6360,321,6681,25
2021-10-02,Los Angeles,037,10098052,1403133,1395070,55222,1450292,26126
2021-10-02,Madera,039,155013,21315,20931,1747,22678,266
2021-10-02,Marin,041,260295,17057,16936,421,17357,242
2021-10-02,Mariposa,043,17540,1044,967,26,993,5
2021-10-02,Mendocino,045,87422,7000,6869,392,7261,78
2021-10-02,Merced,047,269075,39704,39196,1464,40660,552
2021-10-02,Modoc,049,8938,477,468,169,637,5
2021-10-02,Mono,051,14174,1572,1540,16,1556,3
2021-10-02,Monterey,053,433212,47122,46964,3340,50304,571
2021-10-02,Napa,055,140530,12561,12433,96,12529,96
2021-10-02,Nevada,057,99092,8591,8474,297,8771,87
2021-10-02,Orange,059,3164182,298974,297307,14575,311882,5435
2021-10-02,Placer,061,380077,34786,34377,3456,37833,381
2021-10-02,Plumas,063,18699,1364,1298,29,1327,6
2021-10-02,Riverside,065,2383286,349748,347227,16776,364003,4895
2021-10-02,Sacramento,067,1510023,150852,149897,4172,154069,2099
2021-10-02,San Benito,069,59416,7104,7055,158,7213,69
2021-10-02,San Bernardino,071,2135413,343296,341212,10856,352068,5540
2021-10-02,San Diego,073,3302833,359823,356454,20873,377327,4078
2021-10-02,San Francisco,075,870044,50891,50393,2544,52937,634
2021-10-02,San Joaquin,077,732212,95423,94599,5183,99782,1646
2021-10-02,San Luis Obispo,079,281455,28160,27915,1172,29087,323
2021-10-02,San Mateo,081,765935,52095,51767,1396,53163,573
2021-10-02,Santa Barbara,083,443738,42732,42423,1630,44053,508
2021-10-02,Santa Clara,085,1922200,142141,141231,1204,142435,1862
2021-10-02,Santa Cruz,087,273765,19646,19461,1059,20520,214
2021-10-02,Shasta,089,179085,19400,18912,3315,22227,270
2021-10-02,Sierra,091,2930,138,131,16,147,0
2021-10-02,Siskiyou,093,43540,3129,3053,1206,4259,42
2021-10-02,Solano,095,438530,44230,43800,1165,44965,321
2021-10-02,Sonoma,097,501317,39829,39497,508,40005,382
2021-10-02,Stanislaus,099,539301,74774,73859,8498,82357,1099
2021-10-02,Sutter,101,95872,13322,13160,285,13445,160
2021-10-02,Tehama,103,63373,7643,7453,1332,8785,93
2021-10-02,Trinity,105,12862,668,625,176,801,10
2021-10-02,Tulare,107,460477,63353,62247,14061,76308,908
2021-10-02,Tuolumne,109,53932,6516,6369,68,6437,89
2021-10-02,Ventura,111,848112,95378,94854,4306,99160,1148
2021-10-02,Yolo,113,214977,18830,18640,1040,19680,242
2021-10-02,Yuba,115,75493,9526,9370,213,9583,66
2021-10-01,Alameda,001,1643700,116076,115185,2824,118009,1343
2021-10-01,Alpine,003,1148,102,102,0,102,0
2021-10-01,Amador,005,37829,5218,5105,56,5161,61
2021-10-01,Butte,007,227075,19256,18911,3590,22501,243
2021-10-01,Calaveras,009,45235,3701,3585,45,3630,72
2021-10-01,Colusa,011,21464,2419,2403,575,2978,18
2021-10-01,Contra Costa,013,1133247,96133,95369,2085,97454,933
2021-10-01,Del Norte,015,27424,3485,3468,32,3500,39
2021-10-01,El Dorado,017,186661,15068,14887,1620,16507,136
2021-10-01,Fresno,019,978130,130029,128450,11552,140002,1964
2021-10-01,Glenn,021,27897,3273,3234,942,4176,26
2021-10-01,Humboldt,023,135768,8415,8244,451,8695,94
2021-10-01,Imperial,025,180216,31894,31674,3201,34875,757
2021-10-01,Inyo,027,18085,1802,1746,30,1776,39
2021-10-01,Kern,029,883053,119569,117962,19889,137851,1524
2021-10-01,Kings,031,150075,29838,29339,1873,31212,301
2021-10-01,Lake,033,64148,6294,6191,132,6323,97
2021-10-01,Lassen,035,31185,6446,6360,319,6679,25
2021-10-01,Los Angeles,037,10098052,1402411,1395070,55175,1450245,26126
2021-10-01,Madera,039,155013,21267,20931,1737,22668,266
2021-10-01,Marin,041,260295,17042,16936,420,17356,242
2021-10-01,Mariposa,043,17540,1037,967,26,993,5
2021-10-01,Mendocino,045,87422,6988,6869,392,7261,78
2021-10-01,Merced,047,269075,39665,39196,1455,40651,552
2021-10-01,Modoc,049,8938,476,468,169,637,5
2021-10-01,Mono,051,14174,1570,1540,16,1556,3
2021-10-01,Monterey,053,433212,47103,46964,3335,50299,571
2021-10-01,Napa,055,140530,12551,12433,95,12528,96
2021-10-01,Nevada,057,99092,8577,8474,296,8770,87
2021-10-01,Orange,059,3164182,298792,297307,14558,311865,5435
2021-10-01,Placer,061,380077,34750,34377,3452,37829,381
2021-10-01,Plumas,063,18699,1359,1298,29,1327,6
2021-10-01,Riverside,065,2383286,349456,347227,16769,363996,4895
2021-10-01,Sacramento,067,1510023,150703,149897,4162,154059,2099
2021-10-01,San Benito,069,59416,7102,7055,156,7211,69
2021-10-01,San Bernardino,071,2135413,343104,341212,10852,352064,5540
2021-10-01,San Diego,073,3302833,359464,356454,20851,377305,4078
2021-10-01,San Francisco,075,870044,50848,50393,2542,52935,634
2021-10-01,San Joaquin,077,732212,95355,94599,5180,99779,1646
2021-10-01,San Luis Obispo,079,281455,28138,27915,1170,29085,323
2021-10-01,San Mateo,081,765935,52061,51767,1388,53155,573
2021-10-01,Santa Barbara,083,443738,42697,42423,1630,44053,508
2021-10-01,Santa Clara,085,1922200,142050,141231,1202,142433,1862
2021-10-01,Santa Cruz,087,273765,19627,19461,1058,20519,214
2021-10-01,Shasta,089,179085,19347,18912,3307,22219,270
2021-10-01,Sierra,091,2930,138,131,16,147,0
2021-10-01,Siskiyou,093,43540,3128,3053,1203,4256,42
2021-10-01,Solano,095,438530,44178,43800,1159,44959,321
2021-10-01,Sonoma,097,501317,39797,39497,507,40004,382
2021-10-01,Stanislaus,099,539301,74693,73859,8486,82345,1099
2021-10-01,Sutter,101,95872,13306,13160,283,13443,160
2021-10-01,Tehama,103,63373,7634,7453,1330,8783,93
2021-10-01,Trinity,105,12862,666,625,176,801,10
2021-10-01,Tulare,107,460477,63252,62247,14025,76272,908
2021-10-01,Tuolumne,109,53932,6499,6369,68,6437,89
2021-10-01,Ventura,111,848112,95320,94854,4299,99153,1148
2021-10-01,Yolo,113,214977,18806,18640,1037,19677,242
2021-10-01,Yuba,115,75493,9504,9370,213,9583,66
2021-09-30,Alameda,001,1643700,115935,115185,2821,118006,1343
2021-09-30,Alpine,003,1148,102,102,0,102,0
2021-09-30,Amador,005,37829,5206,5105,56,5161,61
2021-09-30,Butte,007,227075,19209,18911,3582,22493,243
2021-09-30,Calaveras,009,45235,3686,3585,45,3630,72
2021-09-30,Colusa,011,21464,2416,2403,574,2977,18
2021-09-30,Contra Costa,013,1133247,96032,95369,2081,97450,933
2021-09-30,Del Norte,015,27424,3481,3468,29,3497,39
2021-09-30,El Dorado,017,186661,15043,14887,1612,16499,136
2021-09-30,Fresno,019,978130,129779,128450,11526,139976,1964
2021-09-30,Glenn,021,27897,3262,3234,942,4176,26
2021-09-30,Humboldt,023,135768,8383,8244,447,8691,94
2021-09-30,Imperial,025,180216,31844,31674,3199,34873,757
2021-09-30,Inyo,027,18085,1792,1746,30,1776,39
2021-09-30,Kern,029,883053,119328,117962,19809,137771,1524
2021-09-30,Kings,031,150075,29752,29339,1869,31208,301
2021-09-30,Lake,033,64148,6277,6191,132,6323,97
2021-09-30,Lassen,035,31185,6434,6360,319,6679,25
2021-09-30,Los Angeles,037,10098052,1401254,1395070,55112,1450182,26126
2021-09-30,Madera,039,155013,21187,20931,1721,22652,266
2021-09-30,Marin,041,260295,17022,16936,419,17355,242
2021-09-30,Mariposa,043,17540,1015,967,26,993,5
2021-09-30,Mendocino,045,87422,6979,6869,383,7252,78
2021-09-30,Merced,047,269075,39568,39196,1452,40648,552
2021-09-30,Modoc,049,8938,476,468,168,636,5
2021-09-30,Mono,051,14174,1561,1540,16,1556,3
2021-09-30,Monterey,053,433212,47086,46964,3311,50275,571
2021-09-30,Napa,055,140530,12531,12433,95,12528,96
2021-09-30,Nevada,057,99092,8560,8474,296,8770,87
2021-09-30,Orange,059,3164182,298528,297307,14525,311832,5435
2021-09-30,Placer,061,380077,34699,34377,3431,37808,381
2021-09-30,Plumas,063,18699,1342,1298,29,1327,6
2021-09-30,Riverside,065,2383286,349028,347227,16747,363974,4895
2021-09-30,Sacramento,067,1510023,150447,149897,4138,154035,2099
2021-09-30,San Benito,069,59416,7096,7055,156,7211,69
2021-09-30,San Bernardino,071,2135413,342797,341212,10836,352048,5540
2021-09-30,San Diego,073,3302833,358983,356454,20824,377278,4078
2021-09-30,San Francisco,075,870044,50775,50393,2538,52931,634
2021-09-30,San Joaquin,077,732212,95225,94599,5173,99772,1646
2021-09-30,San Luis Obispo,079,281455,28091,27915,1167,29082,323
2021-09-30,San Mateo,081,765935,52017,51767,1385,53152,573
2021-09-30,Santa Barbara,083,443738,42645,42423,1629,44052,508
2021-09-30,Santa Clara,085,1922200,141908,141231,1200,142431,1862
2021-09-30,Santa Cruz,087,273765,19589,19461,1056,20517,214
2021-09-30,Shasta,089,179085,19283,18912,3292,22204,270
2021-09-30,Sierra,091,2930,137,131,16,147,0
2021-09-30,Siskiyou,093,43540,3120,3053,1198,4251,42
2021-09-30,Solano,095,438530,44130,43800,1156,44956,321
2021-09-30,Sonoma,097,501317,39748,39497,507,40004,382
2021-09-30,Stanislaus,099,539301,74538,73859,8468,82327,1099
2021-09-30,Sutter,101,95872,13285,13160,283,13443,160
2021-09-30,Tehama,103,63373,7594,7453,1319,8772,93
2021-09-30,Trinity,105,12862,662,625,176,801,10
2021-09-30,Tulare,107,460477,63085,62247,13962,76209,908
2021-09-30,Tuolumne,109,53932,6476,6369,68,6437,89
2021-09-30,Ventura,111,848112,95228,94854,4293,99147,1148
2021-09-30,Yolo,113,214977,18766,18640,1033,19673,242
2021-09-30,Yuba,115,75493,9482,9370,212,9582,66
2021-09-29,Alameda,001,1643700,115794,114998,2817,117815,1339
2021-09-29,Alpine,003,1148,102,101,0,101,0
2021-09-29,Amador,005,37829,5184,5058,56,5114,61
2021-09-29,Butte,007,227075,19154,18835,3576,22411,242
2021-09-29,Calaveras,009,45235,3668,3553,44,3597,72
2021-09-29,Colusa,011,21464,2415,2401,574,2975,18
2021-09-29,Contra Costa,013,1133247,95919,95213,2074,97287,929
2021-09-29,Del Norte,015,27424,3475,3467,29,3496,39
2021-09-29,El Dorado,017,186661,15014,14834,1605,16439,136
2021-09-29,Fresno,019,978130,129488,128068,11510,139578,1957
2021-09-29,Glenn,021,27897,3255,3213,940,4153,26
2021-09-29,Humboldt,023,135768,8360,8203,446,8649,94
2021-09-29,Imperial,025,180216,31777,31600,3193,34793,757
2021-09-29,Inyo,027,18085,1782,1740,29,1769,39
2021-09-29,Kern,029,883053,119094,117605,19734,137339,1513
2021-09-29,Kings,031,150075,29667,29195,1854,31049,299
2021-09-29,Lake,033,64148,6260,6164,132,6296,97
2021-09-29,Lassen,035,31185,6421,6347,319,6666,25
2021-09-29,Los Angeles,037,10098052,1400055,1393617,55041,1448658,26098
2021-09-29,Madera,039,155013,21143,20818,1706,22524,266
2021-09-29,Marin,041,260295,17005,16921,417,17338,242
2021-09-29,Mariposa,043,17540,1002,963,26,989,5
2021-09-29,Mendocino,045,87422,6967,6821,375,7196,78
2021-09-29,Merced,047,269075,39475,39026,1439,40465,552
2021-09-29,Modoc,049,8938,474,468,168,636,5
2021-09-29,Mono,051,14174,1560,1527,16,1543,3
2021-09-29,Monterey,053,433212,47056,46917,3291,50208,571
2021-09-29,Napa,055,140530,12512,12416,91,12507,96
2021-09-29,Nevada,057,99092,8547,8434,296,8730,87
2021-09-29,Orange,059,3164182,298271,296936,14491,311427,5429
2021-09-29,Placer,061,380077,34637,34271,3408,37679,379
2021-09-29,Plumas,063,18699,1324,1289,29,1318,6
2021-09-29,Riverside,065,2383286,348588,346558,16735,363293,4886
2021-09-29,Sacramento,067,1510023,150201,149686,4126,153812,2099
2021-09-29,San Benito,069,59416,7085,7039,156,7195,69
2021-09-29,San Bernardino,071,2135413,342478,340672,10823,351495,5539
2021-09-29,San Diego,073,3302833,358500,355899,20793,376692,4066
2021-09-29,San Francisco,075,870044,50690,50286,2535,52821,629
2021-09-29,San Joaquin,077,732212,95070,94356,5156,99512,1645
2021-09-29,San Luis Obispo,079,281455,28045,27800,1162,28962,323
2021-09-29,San Mateo,081,765935,51961,51673,1379,53052,573
2021-09-29,Santa Barbara,083,443738,42573,42328,1626,43954,507
2021-09-29,Santa Clara,085,1922200,141776,141036,1198,142234,1861
2021-09-29,Santa Cruz,087,273765,19572,19425,1054,20479,214
2021-09-29,Shasta,089,179085,19218,18805,3281,22086,271
2021-09-29,Sierra,091,2930,133,130,16,146,0
2021-09-29,Siskiyou,093,43540,3108,3043,1191,4234,42
2021-09-29,Solano,095,438530,44076,43724,1149,44873,321
2021-09-29,Sonoma,097,501317,39689,39426,505,39931,370
2021-09-29,Stanislaus,099,539301,74410,73634,8455,82089,1096
2021-09-29,Sutter,101,95872,13258,13135,280,13415,155
2021-09-29,Tehama,103,63373,7560,7409,1304,8713,88
2021-09-29,Trinity,105,12862,659,616,176,792,10
2021-09-29,Tulare,107,460477,62916,62046,13900,75946,908
2021-09-29,Tuolumne,109,53932,6459,6336,67,6403,89
2021-09-29,Ventura,111,848112,95139,94753,4289,99042,1144
2021-09-29,Yolo,113,214977,18734,18587,1029,19616,239
2021-09-29,Yuba,115,75493,9451,9351,208,9559,66
2021-09-28,Alameda,001,1643700,115637,114869,2812,117681,1333
2021-09-28,Alpine,003,1148,102,101,0,101,0
2021-09-28,Amador,005,37829,5162,5049,56,5105,61
2021-09-28,Butte,007,227075,19103,18764,3563,22327,241
2021-09-28,Calaveras,009,45235,3648,3530,44,3574,72
2021-09-28,Colusa,011,21464,2412,2399,572,2971,18
2021-09-28,Contra Costa,013,1133247,95778,95115,2069,97184,929
2021-09-28,Del Norte,015,27424,3473,3462,29,3491,39
2021-09-28,El Dorado,017,186661,14967,14793,1601,16394,133
2021-09-28,Fresno,019,978130,129144,127877,11482,139359,1948
2021-09-28,Glenn,021,27897,3249,3205,939,4144,26
2021-09-28,Humboldt,023,135768,8318,8159,444,8603,91
2021-09-28,Imperial,025,180216,31733,31543,3190,34733,757
2021-09-28,Inyo,027,18085,1768,1708,28,1736,39
2021-09-28,Kern,029,883053,118828,117420,19637,137057,1506
2021-09-28,Kings,031,150075,29570,29141,1844,30985,295
2021-09-28,Lake,033,64148,6245,6155,132,6287,95
2021-09-28,Lassen,035,31185,6417,6340,315,6655,25
2021-09-28,Los Angeles,037,10098052,1398786,1392445,54971,1447416,26068
2021-09-28,Madera,039,155013,21090,20764,1692,22456,266
2021-09-28,Marin,041,260295,16987,16887,415,17302,242
2021-09-28,Mariposa,043,17540,997,952,26,978,5
2021-09-28,Mendocino,045,87422,6946,6804,373,7177,78
2021-09-28,Merced,047,269075,39385,38953,1425,40378,551
2021-09-28,Modoc,049,8938,473,467,168,635,5
2021-09-28,Mono,051,14174,1550,1527,16,1543,3
2021-09-28,Monterey,053,433212,47026,46859,3277,50136,571
2021-09-28,Napa,055,140530,12496,12388,90,12478,96
2021-09-28,Nevada,057,99092,8524,8409,295,8704,84
2021-09-28,Orange,059,3164182,298032,296596,14463,311059,5421
2021-09-28,Placer,061,380077,34574,34187,3390,37577,370
2021-09-28,Plumas,063,18699,1313,1276,28,1304,6
2021-09-28,Riverside,065,2383286,348129,346096,16712,362808,4874
2021-09-28,Sacramento,067,1510023,149923,149310,4096,153406,2086
2021-09-28,San Benito,069,59416,7068,7028,155,7183,69
2021-09-28,San Bernardino,071,2135413,342125,340342,10804,351146,5540
2021-09-28,San Diego,073,3302833,357952,355373,20762,376135,4054
2021-09-28,San Francisco,075,870044,50593,50234,2529,52763,627
2021-09-28,San Joaquin,077,732212,94919,94194,5147,99341,1639
2021-09-28,San Luis Obispo,079,281455,28010,27755,1157,28912,321
2021-09-28,San Mateo,081,765935,51922,51620,1374,52994,571
2021-09-28,Santa Barbara,083,443738,42502,42226,1622,43848,506
2021-09-28,Santa Clara,085,1922200,141614,140886,1189,142075,1858
2021-09-28,Santa Cruz,087,273765,19531,19324,1053,20377,214
2021-09-28,Shasta,089,179085,19160,18701,3267,21968,267
2021-09-28,Sierra,091,2930,132,130,15,145,0
2021-09-28,Siskiyou,093,43540,3096,3032,1187,4219,42
2021-09-28,Solano,095,438530,44005,43652,1146,44798,316
2021-09-28,Sonoma,097,501317,39645,39395,504,39899,370
2021-09-28,Stanislaus,099,539301,74242,73528,8441,81969,1094
2021-09-28,Sutter,101,95872,13239,13102,276,13378,155
2021-09-28,Tehama,103,63373,7539,7382,1288,8670,88
2021-09-28,Trinity,105,12862,656,613,176,789,10
2021-09-28,Tulare,107,460477,62758,61916,13841,75757,905
2021-09-28,Tuolumne,109,53932,6433,6308,67,6375,89
2021-09-28,Ventura,111,848112,95021,94632,4286,98918,1143
2021-09-28,Yolo,113,214977,18708,18564,1026,19590,239
2021-09-28,Yuba,115,75493,9433,9323,207,9530,66
2021-09-27,Alameda,001,1643700,115452,114731,2805,117536,1327
2021-09-27,Alpine,003,1148,102,101,0,101,0
2021-09-27,Amador,005,37829,5148,5017,56,5073,59
2021-09-27,Butte,007,227075,19043,18687,3547,22234,239
2021-09-27,Calaveras,009,45235,3628,3514,43,3557,70
2021-09-27,Colusa,011,21464,2411,2393,571,2964,18
2021-09-27,Contra Costa,013,1133247,95647,94979,2061,97040,924
2021-09-27,Del Norte,015,27424,3471,3468,27,3495,37
2021-09-27,El Dorado,017,186661,14930,14764,1594,16358,132
2021-09-27,Fresno,019,978130,128828,127475,11451,138926,1942
2021-09-27,Glenn,021,27897,3235,3189,935,4124,26
2021-09-27,Humboldt,023,135768,8278,8118,444,8562,91
2021-09-27,Imperial,025,180216,31668,31491,3183,34674,756
2021-09-27,Inyo,027,18085,1756,1698,28,1726,39
2021-09-27,Kern,029,883053,118555,117064,19538,136602,1503
2021-09-27,Kings,031,150075,29472,28998,1831,30829,297
2021-09-27,Lake,033,64148,6226,6126,132,6258,95
2021-09-27,Lassen,035,31185,6402,6327,311,6638,25
2021-09-27,Los Angeles,037,10098052,1397496,1391538,54900,1446438,26040
2021-09-27,Madera,039,155013,21025,20691,1684,22375,262
2021-09-27,Marin,041,260295,16965,16861,415,17276,242
2021-09-27,Mariposa,043,17540,987,931,26,957,5
2021-09-27,Mendocino,045,87422,6922,6761,366,7127,74
2021-09-27,Merced,047,269075,39289,38840,1419,40259,548
2021-09-27,Modoc,049,8938,472,465,166,631,5
2021-09-27,Mono,051,14174,1535,1525,16,1541,3
2021-09-27,Monterey,053,433212,46987,46811,3264,50075,571
2021-09-27,Napa,055,140530,12472,12354,89,12443,95
2021-09-27,Nevada,057,99092,8501,8379,292,8671,84
2021-09-27,Orange,059,3164182,297726,296334,14434,310768,5409
2021-09-27,Placer,061,380077,34488,34087,3386,37473,370
2021-09-27,Plumas,063,18699,1303,1269,28,1297,6
2021-09-27,Riverside,065,2383286,347686,345529,16702,362231,4864
2021-09-27,Sacramento,067,1510023,149607,149096,4077,153173,2076
2021-09-27,San Benito,069,59416,7051,7017,155,7172,67
2021-09-27,San Bernardino,071,2135413,341722,339952,10784,350736,5544
2021-09-27,San Diego,073,3302833,357302,354755,20735,375490,4054
2021-09-27,San Francisco,075,870044,50511,50157,2526,52683,622
2021-09-27,San Joaquin,077,732212,94737,94085,5144,99229,1633
2021-09-27,San Luis Obispo,079,281455,27957,27674,1154,28828,320
2021-09-27,San Mateo,081,765935,51858,51552,1365,52917,571
2021-09-27,Santa Barbara,083,443738,42436,42012,1618,43630,505
2021-09-27,Santa Clara,085,1922200,141436,140802,1180,141982,1853
2021-09-27,Santa Cruz,087,273765,19507,19292,1052,20344,214
2021-09-27,Shasta,089,179085,19080,18599,3240,21839,267
2021-09-27,Sierra,091,2930,132,128,15,143,0
2021-09-27,Siskiyou,093,43540,3083,3015,1182,4197,42
2021-09-27,Solano,095,438530,43934,43582,1141,44723,314
2021-09-27,Sonoma,097,501317,39595,39347,504,39851,370
2021-09-27,Stanislaus,099,539301,74086,73370,8422,81792,1091
2021-09-27,Sutter,101,95872,13209,13082,272,13354,155
2021-09-27,Tehama,103,63373,7498,7345,1277,8622,88
2021-09-27,Trinity,105,12862,645,605,175,780,9
2021-09-27,Tulare,107,460477,62560,61708,13769,75477,904
2021-09-27,Tuolumne,109,53932,6415,6264,67,6331,89
2021-09-27,Ventura,111,848112,94899,94477,4282,98759,1138
2021-09-27,Yolo,113,214977,18677,18524,1025,19549,239
2021-09-27,Yuba,115,75493,9396,9292,203,9495,64
2021-09-26,Alameda,001,1643700,115258,114601,2800,117401,1326
2021-09-26,Alpine,003,1148,101,101,0,101,0
2021-09-26,Amador,005,37829,5116,5001,55,5056,59
2021-09-26,Butte,007,227075,18966,18634,3531,22165,238
2021-09-26,Calaveras,009,45235,3606,3505,43,3548,70
2021-09-26,Colusa,011,21464,2405,2392,568,2960,18
2021-09-26,Contra Costa,013,1133247,95476,94877,2049,96926,924
2021-09-26,Del Norte,015,27424,3465,3466,26,3492,37
2021-09-26,El Dorado,017,186661,14889,14738,1586,16324,132
2021-09-26,Fresno,019,978130,128478,127235,11417,138652,1939
2021-09-26,Glenn,021,27897,3222,3182,935,4117,26
2021-09-26,Humboldt,023,135768,8243,8098,443,8541,91
2021-09-26,Imperial,025,180216,31606,31462,3182,34644,756
2021-09-26,Inyo,027,18085,1741,1685,28,1713,39
2021-09-26,Kern,029,883053,118222,116927,19425,136352,1502
2021-09-26,Kings,031,150075,29369,28930,1819,30749,293
2021-09-26,Lake,033,64148,6210,6113,132,6245,95
2021-09-26,Lassen,035,31185,6392,6319,306,6625,25
2021-09-26,Los Angeles,037,10098052,1396047,1390577,54827,1445404,26035
2021-09-26,Madera,039,155013,20951,20629,1663,22292,262
2021-09-26,Marin,041,260295,16942,16860,415,17275,242
2021-09-26,Mariposa,043,17540,982,929,26,955,5
2021-09-26,Mendocino,045,87422,6890,6744,351,7095,74
2021-09-26,Merced,047,269075,39124,38717,1414,40131,548
2021-09-26,Modoc,049,8938,472,465,165,630,5
2021-09-26,Mono,051,14174,1533,1516,16,1532,3
2021-09-26,Monterey,053,433212,46941,46792,3250,50042,571
2021-09-26,Napa,055,140530,12448,12340,88,12428,95
2021-09-26,Nevada,057,99092,8471,8356,290,8646,84
2021-09-26,Orange,059,3164182,297405,296085,14406,310491,5409
2021-09-26,Placer,061,380077,34394,34043,3376,37419,370
2021-09-26,Plumas,063,18699,1283,1268,28,1296,6
2021-09-26,Riverside,065,2383286,347159,345257,16688,361945,4864
2021-09-26,Sacramento,067,1510023,149199,148745,4058,152803,2071
2021-09-26,San Benito,069,59416,7034,7012,154,7166,67
2021-09-26,San Bernardino,071,2135413,341268,339771,10770,350541,5545
2021-09-26,San Diego,073,3302833,356673,354414,20690,375104,4051
2021-09-26,San Francisco,075,870044,50388,50092,2516,52608,622
2021-09-26,San Joaquin,077,732212,94537,93935,5132,99067,1633
2021-09-26,San Luis Obispo,079,281455,27886,27624,1149,28773,319
2021-09-26,San Mateo,081,765935,51803,51496,1351,52847,571
2021-09-26,Santa Barbara,083,443738,42350,41946,1614,43560,505
2021-09-26,Santa Clara,085,1922200,141240,140667,1175,141842,1852
2021-09-26,Santa Cruz,087,273765,19483,19279,1052,20331,214
2021-09-26,Shasta,089,179085,18970,18566,3216,21782,266
2021-09-26,Sierra,091,2930,132,128,15,143,0
2021-09-26,Siskiyou,093,43540,3069,2998,1172,4170,42
2021-09-26,Solano,095,438530,43868,43537,1140,44677,314
2021-09-26,Sonoma,097,501317,39538,39302,504,39806,370
2021-09-26,Stanislaus,099,539301,73884,73243,8395,81638,1091
2021-09-26,Sutter,101,95872,13173,13045,271,13316,155
2021-09-26,Tehama,103,63373,7441,7323,1268,8591,88
2021-09-26,Trinity,105,12862,642,591,175,766,9
2021-09-26,Tulare,107,460477,62341,61560,13690,75250,904
2021-09-26,Tuolumne,109,53932,6388,6236,65,6301,89
2021-09-26,Ventura,111,848112,94788,94391,4276,98667,1138
2021-09-26,Yolo,113,214977,18642,18496,1017,19513,239
2021-09-26,Yuba,115,75493,9368,9275,203,9478,64
2021-09-25,Alameda,001,1643700,115182,114014,2796,116810,1324
2021-09-25,Alpine,003,1148,101,101,0,101,0
2021-09-25,Amador,005,37829,5103,4934,54,4988,59
2021-09-25,Butte,007,227075,18937,18396,3522,21918,236
2021-09-25,Calaveras,009,45235,3602,3461,43,3504,70
2021-09-25,Colusa,011,21464,2403,2387,566,2953,16
2021-09-25,Contra Costa,013,1133247,95405,94337,2045,96382,924
2021-09-25,Del Norte,015,27424,3464,3404,26,3430,35
2021-09-25,El Dorado,017,186661,14866,14641,1582,16223,130
2021-09-25,Fresno,019,978130,128336,126299,11406,137705,1927
2021-09-25,Glenn,021,27897,3220,3144,934,4078,25
2021-09-25,Humboldt,023,135768,8226,8014,441,8455,88
2021-09-25,Imperial,025,180216,31579,31280,3182,34462,755
2021-09-25,Inyo,027,18085,1733,1657,28,1685,39
2021-09-25,Kern,029,883053,118070,116021,19354,135375,1485
2021-09-25,Kings,031,150075,29319,28636,1816,30452,293
2021-09-25,Lake,033,64148,6205,6046,130,6176,92
2021-09-25,Lassen,035,31185,6380,6248,305,6553,25
2021-09-25,Los Angeles,037,10098052,1395355,1386417,54785,1441202,25964
2021-09-25,Madera,039,155013,20926,20432,1657,22089,262
2021-09-25,Marin,041,260295,16933,16802,413,17215,242
2021-09-25,Mariposa,043,17540,977,906,26,932,5
2021-09-25,Mendocino,045,87422,6871,6657,350,7007,74
2021-09-25,Merced,047,269075,39079,38393,1412,39805,546
2021-09-25,Modoc,049,8938,472,460,165,625,5
2021-09-25,Mono,051,14174,1532,1501,16,1517,3
2021-09-25,Monterey,053,433212,46916,46653,3243,49896,567
2021-09-25,Napa,055,140530,12429,12266,88,12354,95
2021-09-25,Nevada,057,99092,8454,8285,290,8575,84
2021-09-25,Orange,059,3164182,297232,294514,14389,308903,5374
2021-09-25,Placer,061,380077,34329,33764,3373,37137,367
2021-09-25,Plumas,063,18699,1280,1238,28,1266,6
2021-09-25,Riverside,065,2383286,346839,343463,16680,360143,4843
2021-09-25,Sacramento,067,1510023,149023,147728,4047,151775,2049
2021-09-25,San Benito,069,59416,7029,6965,154,7119,67
2021-09-25,San Bernardino,071,2135413,341037,338413,10756,349169,5540
2021-09-25,San Diego,073,3302833,356325,352017,20664,372681,4039
2021-09-25,San Francisco,075,870044,50344,49840,2515,52355,615
2021-09-25,San Joaquin,077,732212,94452,93273,5131,98404,1628
2021-09-25,San Luis Obispo,079,281455,27848,27447,1145,28592,318
2021-09-25,San Mateo,081,765935,51751,51266,1340,52606,568
2021-09-25,Santa Barbara,083,443738,42292,41728,1614,43342,505
2021-09-25,Santa Clara,085,1922200,141135,140023,1172,141195,1844
2021-09-25,Santa Cruz,087,273765,19467,19200,1050,20250,214
2021-09-25,Shasta,089,179085,18921,18256,3207,21463,262
2021-09-25,Sierra,091,2930,131,127,15,142,0
2021-09-25,Siskiyou,093,43540,3062,2956,1162,4118,41
2021-09-25,Solano,095,438530,43827,43331,1137,44468,312
2021-09-25,Sonoma,097,501317,39500,39112,504,39616,369
2021-09-25,Stanislaus,099,539301,73774,72628,8381,81009,1091
2021-09-25,Sutter,101,95872,13155,12976,268,13244,154
2021-09-25,Tehama,103,63373,7429,7200,1267,8467,86
2021-09-25,Trinity,105,12862,642,576,175,751,9
2021-09-25,Tulare,107,460477,62259,60909,13640,74549,898
2021-09-25,Tuolumne,109,53932,6378,6168,65,6233,89
2021-09-25,Ventura,111,848112,94724,94059,4272,98331,1129
2021-09-25,Yolo,113,214977,18620,18393,1016,19409,239
2021-09-25,Yuba,115,75493,9348,9191,203,9394,61
2021-09-24,Alameda,001,1643700,115079,114014,2792,116806,1324
2021-09-24,Alpine,003,1148,101,101,0,101,0
2021-09-24,Amador,005,37829,5073,4934,54,4988,59
2021-09-24,Butte,007,227075,18887,18396,3511,21907,236
2021-09-24,Calaveras,009,45235,3595,3461,42,3503,70
2021-09-24,Colusa,011,21464,2400,2387,565,2952,16
2021-09-24,Contra Costa,013,1133247,95297,94337,2041,96378,924
2021-09-24,Del Norte,015,27424,3461,3404,26,3430,35
2021-09-24,El Dorado,017,186661,14850,14641,1578,16219,130
2021-09-24,Fresno,019,978130,128139,126299,11395,137694,1927
2021-09-24,Glenn,021,27897,3215,3144,934,4078,25
2021-09-24,Humboldt,023,135768,8207,8014,438,8452,88
2021-09-24,Imperial,025,180216,31540,31280,3180,34460,755
2021-09-24,Inyo,027,18085,1724,1657,28,1685,39
2021-09-24,Kern,029,883053,117933,116021,19288,135309,1485
2021-09-24,Kings,031,150075,29277,28636,1811,30447,293
2021-09-24,Lake,033,64148,6197,6046,130,6176,92
2021-09-24,Lassen,035,31185,6372,6248,304,6552,25
2021-09-24,Los Angeles,037,10098052,1394495,1386417,54740,1441157,25964
2021-09-24,Madera,039,155013,20896,20432,1649,22081,262
2021-09-24,Marin,041,260295,16919,16802,412,17214,242
2021-09-24,Mariposa,043,17540,965,906,26,932,5
2021-09-24,Mendocino,045,87422,6858,6657,350,7007,74
2021-09-24,Merced,047,269075,39036,38393,1411,39804,546
2021-09-24,Modoc,049,8938,472,460,164,624,5
2021-09-24,Mono,051,14174,1529,1501,16,1517,3
2021-09-24,Monterey,053,433212,46901,46653,3231,49884,567
2021-09-24,Napa,055,140530,12410,12266,88,12354,95
2021-09-24,Nevada,057,99092,8439,8285,288,8573,84
2021-09-24,Orange,059,3164182,297037,294514,14371,308885,5374
2021-09-24,Placer,061,380077,34277,33764,3360,37124,367
2021-09-24,Plumas,063,18699,1276,1238,28,1266,6
2021-09-24,Riverside,065,2383286,346505,343463,16671,360134,4843
2021-09-24,Sacramento,067,1510023,148833,147728,4042,151770,2049
2021-09-24,San Benito,069,59416,7023,6965,154,7119,67
2021-09-24,San Bernardino,071,2135413,340773,338413,10747,349160,5540
2021-09-24,San Diego,073,3302833,355971,352017,20649,372666,4039
2021-09-24,San Francisco,075,870044,50282,49840,2507,52347,615
2021-09-24,San Joaquin,077,732212,94340,93273,5129,98402,1628
2021-09-24,San Luis Obispo,079,281455,27817,27447,1140,28587,318
2021-09-24,San Mateo,081,765935,51698,51266,1333,52599,568
2021-09-24,Santa Barbara,083,443738,42253,41728,1613,43341,505
2021-09-24,Santa Clara,085,1922200,141025,140023,1171,141194,1844
2021-09-24,Santa Cruz,087,273765,19444,19200,1049,20249,214
2021-09-24,Shasta,089,179085,18869,18256,3193,21449,262
2021-09-24,Sierra,091,2930,130,127,15,142,0
2021-09-24,Siskiyou,093,43540,3053,2956,1156,4112,41
2021-09-24,Solano,095,438530,43790,43331,1135,44466,312
2021-09-24,Sonoma,097,501317,39468,39112,504,39616,369
2021-09-24,Stanislaus,099,539301,73661,72628,8366,80994,1091
2021-09-24,Sutter,101,95872,13136,12976,267,13243,154
2021-09-24,Tehama,103,63373,7417,7200,1264,8464,86
2021-09-24,Trinity,105,12862,639,576,174,750,9
2021-09-24,Tulare,107,460477,62168,60909,13595,74504,898
2021-09-24,Tuolumne,109,53932,6349,6168,65,6233,89
2021-09-24,Ventura,111,848112,94646,94059,4266,98325,1129
2021-09-24,Yolo,113,214977,18588,18393,1013,19406,239
2021-09-24,Yuba,115,75493,9329,9191,203,9394,61
2021-09-23,Alameda,001,1643700,114927,114014,2787,116801,1324
2021-09-23,Alpine,003,1148,101,101,0,101,0
2021-09-23,Amador,005,37829,5060,4934,54,4988,59
2021-09-23,Butte,007,227075,18825,18396,3486,21882,236
2021-09-23,Calaveras,009,45235,3574,3461,42,3503,70
2021-09-23,Colusa,011,21464,2398,2387,563,2950,16
2021-09-23,Contra Costa,013,1133247,95156,94337,2033,96370,924
2021-09-23,Del Norte,015,27424,3452,3404,25,3429,35
2021-09-23,El Dorado,017,186661,14824,14641,1572,16213,130
2021-09-23,Fresno,019,978130,127845,126299,11383,137682,1927
2021-09-23,Glenn,021,27897,3200,3144,931,4075,25
2021-09-23,Humboldt,023,135768,8183,8014,437,8451,88
2021-09-23,Imperial,025,180216,31507,31280,3180,34460,755
2021-09-23,Inyo,027,18085,1710,1657,28,1685,39
2021-09-23,Kern,029,883053,117676,116021,19207,135228,1485
2021-09-23,Kings,031,150075,29172,28636,1801,30437,293
2021-09-23,Lake,033,64148,6187,6046,130,6176,92
2021-09-23,Lassen,035,31185,6363,6248,299,6547,25
2021-09-23,Los Angeles,037,10098052,1393313,1386417,54676,1441093,25964
2021-09-23,Madera,039,155013,20814,20432,1645,22077,262
2021-09-23,Marin,041,260295,16904,16802,411,17213,242
2021-09-23,Mariposa,043,17540,952,906,26,932,5
2021-09-23,Mendocino,045,87422,6837,6657,348,7005,74
2021-09-23,Merced,047,269075,38935,38393,1405,39798,546
2021-09-23,Modoc,049,8938,471,460,164,624,5
2021-09-23,Mono,051,14174,1527,1501,16,1517,3
2021-09-23,Monterey,053,433212,46862,46653,3211,49864,567
2021-09-23,Napa,055,140530,12393,12266,88,12354,95
2021-09-23,Nevada,057,99092,8413,8285,288,8573,84
2021-09-23,Orange,059,3164182,296743,294514,14349,308863,5374
2021-09-23,Placer,061,380077,34206,33764,3353,37117,367
2021-09-23,Plumas,063,18699,1259,1238,28,1266,6
2021-09-23,Riverside,065,2383286,346053,343463,16663,360126,4843
2021-09-23,Sacramento,067,1510023,148492,147728,4018,151746,2049
2021-09-23,San Benito,069,59416,7012,6965,154,7119,67
2021-09-23,San Bernardino,071,2135413,340412,338413,10730,349143,5540
2021-09-23,San Diego,073,3302833,355511,352017,20610,372627,4039
2021-09-23,San Francisco,075,870044,50211,49840,2503,52343,615
2021-09-23,San Joaquin,077,732212,94176,93273,5118,98391,1628
2021-09-23,San Luis Obispo,079,281455,27774,27447,1138,28585,318
2021-09-23,San Mateo,081,765935,51632,51266,1324,52590,568
2021-09-23,Santa Barbara,083,443738,42174,41728,1610,43338,505
2021-09-23,Santa Clara,085,1922200,140879,140023,1163,141186,1844
2021-09-23,Santa Cruz,087,273765,19413,19200,1049,20249,214
2021-09-23,Shasta,089,179085,18786,18256,3176,21432,262
2021-09-23,Sierra,091,2930,130,127,15,142,0
2021-09-23,Siskiyou,093,43540,3049,2956,1144,4100,41
2021-09-23,Solano,095,438530,43724,43331,1132,44463,312
2021-09-23,Sonoma,097,501317,39410,39112,501,39613,369
2021-09-23,Stanislaus,099,539301,73506,72628,8333,80961,1091
2021-09-23,Sutter,101,95872,13107,12976,267,13243,154
2021-09-23,Tehama,103,63373,7380,7200,1258,8458,86
2021-09-23,Trinity,105,12862,625,576,173,749,9
2021-09-23,Tulare,107,460477,61994,60909,13538,74447,898
2021-09-23,Tuolumne,109,53932,6324,6168,64,6232,89
2021-09-23,Ventura,111,848112,94545,94059,4258,98317,1129
2021-09-23,Yolo,113,214977,18559,18393,1008,19401,239
2021-09-23,Yuba,115,75493,9301,9191,202,9393,61
2021-09-22,Alameda,001,1643700,114772,113862,2783,116645,1322
2021-09-22,Alpine,003,1148,101,100,0,100,0
2021-09-22,Amador,005,37829,5044,4915,54,4969,59
2021-09-22,Butte,007,227075,18766,18337,3471,21808,235
2021-09-22,Calaveras,009,45235,3558,3448,42,3490,70
2021-09-22,Colusa,011,21464,2393,2384,562,2946,16
2021-09-22,Contra Costa,013,1133247,94975,94209,2023,96232,924
2021-09-22,Del Norte,015,27424,3441,3386,25,3411,35
2021-09-22,El Dorado,017,186661,14789,14605,1565,16170,127
2021-09-22,Fresno,019,978130,127591,126006,11372,137378,1908
2021-09-22,Glenn,021,27897,3194,3138,930,4068,25
2021-09-22,Humboldt,023,135768,8160,7998,429,8427,80
2021-09-22,Imperial,025,180216,31455,31243,3173,34416,755
2021-09-22,Inyo,027,18085,1700,1651,28,1679,39
2021-09-22,Kern,029,883053,117434,115757,19084,134841,1477
2021-09-22,Kings,031,150075,29090,28589,1795,30384,292
2021-09-22,Lake,033,64148,6174,6035,130,6165,93
2021-09-22,Lassen,035,31185,6344,6209,295,6504,25
2021-09-22,Los Angeles,037,10098052,1392001,1384719,54615,1439334,25930
2021-09-22,Madera,039,155013,20757,20382,1637,22019,262
2021-09-22,Marin,041,260295,16894,16782,408,17190,242
2021-09-22,Mariposa,043,17540,946,901,26,927,5
2021-09-22,Mendocino,045,87422,6810,6624,342,6966,70
2021-09-22,Merced,047,269075,38800,38305,1402,39707,541
2021-09-22,Modoc,049,8938,468,458,164,622,5
2021-09-22,Mono,051,14174,1518,1496,15,1511,3
2021-09-22,Monterey,053,433212,46818,46615,3198,49813,566
2021-09-22,Napa,055,140530,12370,12248,87,12335,95
2021-09-22,Nevada,057,99092,8391,8273,287,8560,84
2021-09-22,Orange,059,3164182,296481,294214,14336,308550,5366
2021-09-22,Placer,061,380077,34117,33661,3340,37001,367
2021-09-22,Plumas,063,18699,1245,1230,28,1258,6
2021-09-22,Riverside,065,2383286,345519,342946,16639,359585,4830
2021-09-22,Sacramento,067,1510023,148185,147533,3988,151521,2043
2021-09-22,San Benito,069,59416,7001,6961,152,7113,67
2021-09-22,San Bernardino,071,2135413,340016,337938,10722,348660,5528
2021-09-22,San Diego,073,3302833,355048,351132,20589,371721,4027
2021-09-22,San Francisco,075,870044,50127,49734,2498,52232,610
2021-09-22,San Joaquin,077,732212,93949,93010,5094,98104,1626
2021-09-22,San Luis Obispo,079,281455,27726,27398,1135,28533,315
2021-09-22,San Mateo,081,765935,51565,51197,1314,52511,568
2021-09-22,Santa Barbara,083,443738,42111,41678,1609,43287,504
2021-09-22,Santa Clara,085,1922200,140718,139803,1156,140959,1844
2021-09-22,Santa Cruz,087,273765,19375,19177,1049,20226,214
2021-09-22,Shasta,089,179085,18699,18153,3164,21317,260
2021-09-22,Sierra,091,2930,130,127,15,142,0
2021-09-22,Siskiyou,093,43540,3032,2947,1135,4082,41
2021-09-22,Solano,095,438530,43663,43269,1131,44400,312
2021-09-22,Sonoma,097,501317,39357,39063,500,39563,369
2021-09-22,Stanislaus,099,539301,73341,72355,8312,80667,1091
2021-09-22,Sutter,101,95872,13087,12960,264,13224,153
2021-09-22,Tehama,103,63373,7353,7173,1252,8425,86
2021-09-22,Trinity,105,12862,624,572,173,745,9
2021-09-22,Tulare,107,460477,61785,60776,13464,74240,896
2021-09-22,Tuolumne,109,53932,6303,6155,63,6218,89
2021-09-22,Ventura,111,848112,94442,93978,4251,98229,1122
2021-09-22,Yolo,113,214977,18520,18342,1000,19342,239
2021-09-22,Yuba,115,75493,9272,9169,197,9366,61
2021-09-21,Alameda,001,1643700,114625,113765,2783,116548,1321
2021-09-21,Alpine,003,1148,101,100,0,100,0
2021-09-21,Amador,005,37829,5022,4897,54,4951,59
2021-09-21,Butte,007,227075,18672,18229,3431,21660,232
2021-09-21,Calaveras,009,45235,3540,3437,42,3479,70
2021-09-21,Colusa,011,21464,2390,2378,561,2939,16
2021-09-21,Contra Costa,013,1133247,94783,94101,2007,96108,924
2021-09-21,Del Norte,015,27424,3431,3378,25,3403,34
2021-09-21,El Dorado,017,186661,14759,14578,1558,16136,127
2021-09-21,Fresno,019,978130,127240,125789,11358,137147,1892
2021-09-21,Glenn,021,27897,3186,3134,922,4056,25
2021-09-21,Humboldt,023,135768,8128,7955,424,8379,80
2021-09-21,Imperial,025,180216,31396,31185,3172,34357,755
2021-09-21,Inyo,027,18085,1690,1646,28,1674,39
2021-09-21,Kern,029,883053,117142,115534,18969,134503,1467
2021-09-21,Kings,031,150075,29002,28545,1787,30332,291
2021-09-21,Lake,033,64148,6152,6013,130,6143,90
2021-09-21,Lassen,035,31185,6326,6159,291,6450,25
2021-09-21,Los Angeles,037,10098052,1390567,1383277,54553,1437830,25893
2021-09-21,Madera,039,155013,20696,20317,1625,21942,262
2021-09-21,Marin,041,260295,16879,16748,407,17155,242
2021-09-21,Mariposa,043,17540,941,894,25,919,5
2021-09-21,Mendocino,045,87422,6769,6580,331,6911,68
2021-09-21,Merced,047,269075,38671,38225,1398,39623,539
2021-09-21,Modoc,049,8938,465,458,164,622,5
2021-09-21,Mono,051,14174,1516,1495,13,1508,3
2021-09-21,Monterey,053,433212,46758,46583,3180,49763,565
2021-09-21,Napa,055,140530,12349,12238,87,12325,95
2021-09-21,Nevada,057,99092,8365,8259,284,8543,84
2021-09-21,Orange,059,3164182,296159,293898,14306,308204,5357
2021-09-21,Placer,061,380077,34017,33609,3329,36938,365
2021-09-21,Plumas,063,18699,1242,1225,28,1253,5
2021-09-21,Riverside,065,2383286,344956,342460,16613,359073,4817
2021-09-21,Sacramento,067,1510023,147796,147378,3955,151333,2027
2021-09-21,San Benito,069,59416,6990,6950,151,7101,67
2021-09-21,San Bernardino,071,2135413,339575,337387,10704,348091,5520
2021-09-21,San Diego,073,3302833,354432,350265,20564,370829,4021
2021-09-21,San Francisco,075,870044,50035,49653,2493,52146,609
2021-09-21,San Joaquin,077,732212,93717,92762,5083,97845,1621
2021-09-21,San Luis Obispo,079,281455,27669,27318,1131,28449,314
2021-09-21,San Mateo,081,765935,51502,51136,1306,52442,568
2021-09-21,Santa Barbara,083,443738,42044,41644,1604,43248,503
2021-09-21,Santa Clara,085,1922200,140507,139657,1152,140809,1843
2021-09-21,Santa Cruz,087,273765,19346,19140,1048,20188,212
2021-09-21,Shasta,089,179085,18573,18027,3141,21168,258
2021-09-21,Sierra,091,2930,130,127,15,142,0
2021-09-21,Siskiyou,093,43540,3020,2927,1120,4047,36
2021-09-21,Solano,095,438530,43593,43220,1131,44351,311
2021-09-21,Sonoma,097,501317,39305,39042,500,39542,369
2021-09-21,Stanislaus,099,539301,73157,72211,8290,80501,1091
2021-09-21,Sutter,101,95872,13064,12930,261,13191,153
2021-09-21,Tehama,103,63373,7307,7151,1248,8399,85
2021-09-21,Trinity,105,12862,613,572,171,743,9
2021-09-21,Tulare,107,460477,61569,60607,13403,74010,896
2021-09-21,Tuolumne,109,53932,6272,6139,63,6202,89
2021-09-21,Ventura,111,848112,94338,93818,4245,98063,1120
2021-09-21,Yolo,113,214977,18483,18313,996,19309,239
2021-09-21,Yuba,115,75493,9244,9135,197,9332,61
2021-09-20,Alameda,001,1643700,114447,113637,2779,116416,1320
2021-09-20,Alpine,003,1148,101,100,0,100,0
2021-09-20,Amador,005,37829,5004,4883,53,4936,59
2021-09-20,Butte,007,227075,18590,18135,3418,21553,231
2021-09-20,Calaveras,009,45235,3518,3395,41,3436,66
2021-09-20,Colusa,011,21464,2388,2376,558,2934,16
2021-09-20,Contra Costa,013,1133247,94635,93919,2001,95920,924
2021-09-20,Del Norte,015,27424,3423,3374,24,3398,34
2021-09-20,El Dorado,017,186661,14725,14545,1547,16092,127
2021-09-20,Fresno,019,978130,126829,125287,11340,136627,1889
2021-09-20,Glenn,021,27897,3175,3112,919,4031,25
2021-09-20,Humboldt,023,135768,8092,7938,419,8357,80
2021-09-20,Imperial,025,180216,31313,31146,3171,34317,755
2021-09-20,Inyo,027,18085,1682,1641,27,1668,39
2021-09-20,Kern,029,883053,116800,115271,18835,134106,1459
2021-09-20,Kings,031,150075,28914,28471,1781,30252,285
2021-09-20,Lake,033,64148,6138,5984,129,6113,87
2021-09-20,Lassen,035,31185,6297,6132,290,6422,25
2021-09-20,Los Angeles,037,10098052,1389074,1382206,54467,1436673,25858
2021-09-20,Madera,039,155013,20645,20203,1617,21820,257
2021-09-20,Marin,041,260295,16855,16732,405,17137,242
2021-09-20,Mariposa,043,17540,930,887,25,912,5
2021-09-20,Mendocino,045,87422,6735,6568,326,6894,67
2021-09-20,Merced,047,269075,38562,38144,1388,39532,536
2021-09-20,Modoc,049,8938,464,457,162,619,5
2021-09-20,Mono,051,14174,1511,1480,13,1493,3
2021-09-20,Monterey,053,433212,46725,46506,3154,49660,565
2021-09-20,Napa,055,140530,12324,12209,86,12295,95
2021-09-20,Nevada,057,99092,8345,8228,283,8511,84
2021-09-20,Orange,059,3164182,295822,293642,14285,307927,5354
2021-09-20,Placer,061,380077,33926,33531,3314,36845,364
2021-09-20,Plumas,063,18699,1235,1211,28,1239,5
2021-09-20,Riverside,065,2383286,344456,341961,16598,358559,4802
2021-09-20,Sacramento,067,1510023,147427,147016,3922,150938,2016
2021-09-20,San Benito,069,59416,6981,6947,150,7097,67
2021-09-20,San Bernardino,071,2135413,339185,337059,10689,347748,5507
2021-09-20,San Diego,073,3302833,353755,349579,20527,370106,4009
2021-09-20,San Francisco,075,870044,49934,49559,2487,52046,605
2021-09-20,San Joaquin,077,732212,93474,92614,5075,97689,1615
2021-09-20,San Luis Obispo,079,281455,27595,27259,1122,28381,313
2021-09-20,San Mateo,081,765935,51426,51100,1296,52396,567
2021-09-20,Santa Barbara,083,443738,41953,41589,1600,43189,500
2021-09-20,Santa Clara,085,1922200,140307,139578,1150,140728,1841
2021-09-20,Santa Cruz,087,273765,19314,19121,1048,20169,211
2021-09-20,Shasta,089,179085,18478,17893,3112,21005,258
2021-09-20,Sierra,091,2930,128,126,15,141,0
2021-09-20,Siskiyou,093,43540,3000,2902,1106,4008,35
2021-09-20,Solano,095,438530,43527,43152,1124,44276,312
2021-09-20,Sonoma,097,501317,39262,38991,500,39491,369
2021-09-20,Stanislaus,099,539301,72955,72031,8271,80302,1091
2021-09-20,Sutter,101,95872,13029,12896,256,13152,153
2021-09-20,Tehama,103,63373,7270,7121,1236,8357,84
2021-09-20,Trinity,105,12862,607,568,170,738,7
2021-09-20,Tulare,107,460477,61366,60302,13347,73649,896
2021-09-20,Tuolumne,109,53932,6247,6113,62,6175,89
2021-09-20,Ventura,111,848112,94227,93700,4239,97939,1120
2021-09-20,Yolo,113,214977,18439,18287,994,19281,239
2021-09-20,Yuba,115,75493,9208,9107,195,9302,61
2021-09-19,Alameda,001,1643700,114241,113446,2775,116221,1320
2021-09-19,Alpine,003,1148,100,100,0,100,0
2021-09-19,Amador,005,37829,4965,4875,52,4927,59
2021-09-19,Butte,007,227075,18497,18063,3394,21457,230
2021-09-19,Calaveras,009,45235,3493,3390,38,3428,66
2021-09-19,Colusa,011,21464,2386,2375,556,2931,16
2021-09-19,Contra Costa,013,1133247,94451,93788,1991,95779,924
2021-09-19,Del Norte,015,27424,3396,3344,23,3367,34
2021-09-19,El Dorado,017,186661,14672,14512,1541,16053,127
2021-09-19,Fresno,019,978130,126428,124985,11312,136297,1888
2021-09-19,Glenn,021,27897,3165,3102,914,4016,25
2021-09-19,Humboldt,023,135768,8047,7914,417,8331,80
2021-09-19,Imperial,025,180216,31244,31122,3167,34289,755
2021-09-19,Inyo,027,18085,1673,1639,27,1666,39
2021-09-19,Kern,029,883053,116488,115074,18729,133803,1459
2021-09-19,Kings,031,150075,28789,28416,1772,30188,284
2021-09-19,Lake,033,64148,6107,5962,129,6091,87
2021-09-19,Lassen,035,31185,6280,6129,284,6413,25
2021-09-19,Los Angeles,037,10098052,1387185,1381200,54309,1435509,25852
2021-09-19,Madera,039,155013,20567,20161,1605,21766,257
2021-09-19,Marin,041,260295,16826,16711,403,17114,242
2021-09-19,Mariposa,043,17540,922,881,25,906,5
2021-09-19,Mendocino,045,87422,6690,6538,320,6858,67
2021-09-19,Merced,047,269075,38405,38068,1380,39448,535
2021-09-19,Modoc,049,8938,461,457,160,617,5
2021-09-19,Mono,051,14174,1507,1480,13,1493,3
2021-09-19,Monterey,053,433212,46683,46486,3141,49627,565
2021-09-19,Napa,055,140530,12303,12190,84,12274,95
2021-09-19,Nevada,057,99092,8317,8203,281,8484,84
2021-09-19,Orange,059,3164182,295462,293258,14265,307523,5354
2021-09-19,Placer,061,380077,33813,33406,3296,36702,364
2021-09-19,Plumas,063,18699,1222,1211,28,1239,5
2021-09-19,Riverside,065,2383286,343864,341566,16588,358154,4804
2021-09-19,Sacramento,067,1510023,147073,146603,3875,150478,2012
2021-09-19,San Benito,069,59416,6962,6942,150,7092,67
2021-09-19,San Bernardino,071,2135413,338701,336688,10677,347365,5506
2021-09-19,San Diego,073,3302833,353040,349225,20492,369717,4006
2021-09-19,San Francisco,075,870044,49826,49458,2479,51937,605
2021-09-19,San Joaquin,077,732212,93178,92467,5065,97532,1615
2021-09-19,San Luis Obispo,079,281455,27494,27208,1113,28321,313
2021-09-19,San Mateo,081,765935,51341,51028,1281,52309,567
2021-09-19,Santa Barbara,083,443738,41853,41512,1600,43112,500
2021-09-19,Santa Clara,085,1922200,140121,139410,1145,140555,1841
2021-09-19,Santa Cruz,087,273765,19276,19096,1048,20144,211
2021-09-19,Shasta,089,179085,18364,17813,3077,20890,258
2021-09-19,Sierra,091,2930,127,126,15,141,0
2021-09-19,Siskiyou,093,43540,2975,2882,1097,3979,35
2021-09-19,Solano,095,438530,43442,43056,1119,44175,312
2021-09-19,Sonoma,097,501317,39191,38956,496,39452,369
2021-09-19,Stanislaus,099,539301,72709,71830,8248,80078,1091
2021-09-19,Sutter,101,95872,13002,12868,249,13117,153
2021-09-19,Tehama,103,63373,7212,7081,1224,8305,84
2021-09-19,Trinity,105,12862,596,562,168,730,7
2021-09-19,Tulare,107,460477,61108,60160,13253,73413,896
2021-09-19,Tuolumne,109,53932,6206,6097,62,6159,89
2021-09-19,Ventura,111,848112,94069,93491,4232,97723,1120
2021-09-19,Yolo,113,214977,18390,18238,988,19226,239
2021-09-19,Yuba,115,75493,9182,9087,194,9281,61
2021-09-18,Alameda,001,1643700,114144,113300,2774,116074,1320
2021-09-18,Alpine,003,1148,100,100,0,100,0
2021-09-18,Amador,005,37829,4955,4850,52,4902,59
2021-09-18,Butte,007,227075,18462,17961,3379,21340,230
2021-09-18,Calaveras,009,45235,3487,3361,37,3398,66
2021-09-18,Colusa,011,21464,2386,2373,555,2928,16
2021-09-18,Contra Costa,013,1133247,94361,93656,1988,95644,924
2021-09-18,Del Norte,015,27424,3388,3326,21,3347,34
2021-09-18,El Dorado,017,186661,14648,14472,1537,16009,127
2021-09-18,Fresno,019,978130,126286,124771,11298,136069,1889
2021-09-18,Glenn,021,27897,3160,3086,913,3999,25
2021-09-18,Humboldt,023,135768,8034,7881,415,8296,80
2021-09-18,Imperial,025,180216,31221,31096,3166,34262,755
2021-09-18,Inyo,027,18085,1667,1636,27,1663,39
2021-09-18,Kern,029,883053,116335,114781,18664,133445,1459
2021-09-18,Kings,031,150075,28740,28330,1767,30097,285
2021-09-18,Lake,033,64148,6090,5936,129,6065,87
2021-09-18,Lassen,035,31185,6270,6121,281,6402,25
2021-09-18,Los Angeles,037,10098052,1386431,1379880,54257,1434137,25849
2021-09-18,Madera,039,155013,20525,20126,1596,21722,257
2021-09-18,Marin,041,260295,16809,16685,402,17087,242
2021-09-18,Mariposa,043,17540,919,871,25,896,5
2021-09-18,Mendocino,045,87422,6669,6523,320,6843,67
2021-09-18,Merced,047,269075,38369,37977,1375,39352,535
2021-09-18,Modoc,049,8938,461,457,159,616,5
2021-09-18,Mono,051,14174,1505,1480,13,1493,3
2021-09-18,Monterey,053,433212,46651,46466,3132,49598,565
2021-09-18,Napa,055,140530,12291,12168,84,12252,95
2021-09-18,Nevada,057,99092,8300,8183,281,8464,84
2021-09-18,Orange,059,3164182,295270,293005,14251,307256,5354
2021-09-18,Placer,061,380077,33742,33309,3293,36602,364
2021-09-18,Plumas,063,18699,1222,1204,28,1232,5
2021-09-18,Riverside,065,2383286,343478,341136,16575,357711,4802
2021-09-18,Sacramento,067,1510023,146890,146162,3866,150028,2016
2021-09-18,San Benito,069,59416,6957,6937,150,7087,67
2021-09-18,San Bernardino,071,2135413,338433,336380,10664,347044,5501
2021-09-18,San Diego,073,3302833,352641,348848,20481,369329,4006
2021-09-18,San Francisco,075,870044,49764,49359,2473,51832,605
2021-09-18,San Joaquin,077,732212,93071,92242,5056,97298,1615
2021-09-18,San Luis Obispo,079,281455,27457,27181,1110,28291,313
2021-09-18,San Mateo,081,765935,51292,50961,1277,52238,567
2021-09-18,Santa Barbara,083,443738,41790,41465,1600,43065,500
2021-09-18,Santa Clara,085,1922200,140001,139233,1142,140375,1841
2021-09-18,Santa Cruz,087,273765,19256,19079,1048,20127,211
2021-09-18,Shasta,089,179085,18301,17777,3059,20836,258
2021-09-18,Sierra,091,2930,126,125,15,140,0
2021-09-18,Siskiyou,093,43540,2972,2875,1091,3966,35
2021-09-18,Solano,095,438530,43402,42966,1116,44082,312
2021-09-18,Sonoma,097,501317,39158,38891,494,39385,369
2021-09-18,Stanislaus,099,539301,72562,71587,8223,79810,1091
2021-09-18,Sutter,101,95872,12988,12829,249,13078,153
2021-09-18,Tehama,103,63373,7198,7055,1216,8271,84
2021-09-18,Trinity,105,12862,594,561,168,729,7
2021-09-18,Tulare,107,460477,61034,60003,13199,73202,896
2021-09-18,Tuolumne,109,53932,6191,6069,62,6131,89
2021-09-18,Ventura,111,848112,94001,93424,4227,97651,1120
2021-09-18,Yolo,113,214977,18363,18213,982,19195,239
2021-09-18,Yuba,115,75493,9168,9061,193,9254,61
2021-09-17,Alameda,001,1643700,114023,113070,2772,115842,1320
2021-09-17,Alpine,003,1148,100,99,0,99,0
2021-09-17,Amador,005,37829,4939,4835,51,4886,58
2021-09-17,Butte,007,227075,18411,17870,3369,21239,230
2021-09-17,Calaveras,009,45235,3475,3338,36,3374,66
2021-09-17,Colusa,011,21464,2384,2369,550,2919,16
2021-09-17,Contra Costa,013,1133247,94260,93485,1985,95470,924
2021-09-17,Del Norte,015,27424,3383,3311,19,3330,34
2021-09-17,El Dorado,017,186661,14629,14421,1535,15956,127
2021-09-17,Fresno,019,978130,126069,124296,11290,135586,1882
2021-09-17,Glenn,021,27897,3145,3072,911,3983,25
2021-09-17,Humboldt,023,135768,8013,7850,415,8265,80
2021-09-17,Imperial,025,180216,31194,31031,3165,34196,755
2021-09-17,Inyo,027,18085,1659,1634,27,1661,39
2021-09-17,Kern,029,883053,116144,114303,18567,132870,1456
2021-09-17,Kings,031,150075,28675,28240,1765,30005,281
2021-09-17,Lake,033,64148,6077,5915,129,6044,87
2021-09-17,Lassen,035,31185,6255,6080,279,6359,25
2021-09-17,Los Angeles,037,10098052,1385466,1377905,54185,1432090,25820
2021-09-17,Madera,039,155013,20474,20040,1586,21626,257
2021-09-17,Marin,041,260295,16796,16658,400,17058,242
2021-09-17,Mariposa,043,17540,917,869,25,894,5
2021-09-17,Mendocino,045,87422,6650,6498,320,6818,67
2021-09-17,Merced,047,269075,38330,37803,1374,39177,533
2021-09-17,Modoc,049,8938,461,456,159,615,5
2021-09-17,Mono,051,14174,1501,1457,13,1470,3
2021-09-17,Monterey,053,433212,46631,46421,3128,49549,564
2021-09-17,Napa,055,140530,12270,12153,84,12237,95
2021-09-17,Nevada,057,99092,8285,8157,281,8438,84
2021-09-17,Orange,059,3164182,295061,292685,14234,306919,5346
2021-09-17,Placer,061,380077,33680,33188,3282,36470,362
2021-09-17,Plumas,063,18699,1218,1192,27,1219,5
2021-09-17,Riverside,065,2383286,343074,340445,16565,357010,4792
2021-09-17,Sacramento,067,1510023,146692,145985,3855,149840,1999
2021-09-17,San Benito,069,59416,6954,6929,150,7079,67
2021-09-17,San Bernardino,071,2135413,338081,335810,10657,346467,5488
2021-09-17,San Diego,073,3302833,352208,348098,20464,368562,4002
2021-09-17,San Francisco,075,870044,49714,49249,2466,51715,605
2021-09-17,San Joaquin,077,732212,92937,91977,5049,97026,1610
2021-09-17,San Luis Obispo,079,281455,27424,27102,1099,28201,311
2021-09-17,San Mateo,081,765935,51243,50854,1271,52125,564
2021-09-17,Santa Barbara,083,443738,41728,41354,1600,42954,498
2021-09-17,Santa Clara,085,1922200,139854,138939,1141,140080,1838
2021-09-17,Santa Cruz,087,273765,19231,19039,1048,20087,211
2021-09-17,Shasta,089,179085,18230,17617,3046,20663,254
2021-09-17,Sierra,091,2930,126,124,15,139,0
2021-09-17,Siskiyou,093,43540,2958,2852,1090,3942,35
2021-09-17,Solano,095,438530,43340,42898,1112,44010,312
2021-09-17,Sonoma,097,501317,39120,38808,493,39301,369
2021-09-17,Stanislaus,099,539301,72456,71408,8205,79613,1091
2021-09-17,Sutter,101,95872,12971,12799,247,13046,153
2021-09-17,Tehama,103,63373,7174,7020,1206,8226,84
2021-09-17,Trinity,105,12862,589,556,167,723,7
2021-09-17,Tulare,107,460477,60921,59689,13164,72853,895
2021-09-17,Tuolumne,109,53932,6173,6047,61,6108,89
2021-09-17,Ventura,111,848112,93889,93273,4224,97497,1116
2021-09-17,Yolo,113,214977,18332,18177,978,19155,239
2021-09-17,Yuba,115,75493,9141,9019,192,9211,61
2021-09-16,Alameda,001,1643700,113846,112770,2769,115539,1318
2021-09-16,Alpine,003,1148,100,99,0,99,0
2021-09-16,Amador,005,37829,4919,4819,51,4870,58
2021-09-16,Butte,007,227075,18337,17750,3352,21102,230
2021-09-16,Calaveras,009,45235,3441,3313,36,3349,66
2021-09-16,Colusa,011,21464,2382,2363,548,2911,16
2021-09-16,Contra Costa,013,1133247,94091,93213,1975,95188,917
2021-09-16,Del Norte,015,27424,3365,3285,19,3304,34
2021-09-16,El Dorado,017,186661,14589,14372,1527,15899,127
2021-09-16,Fresno,019,978130,125716,123853,11260,135113,1868
2021-09-16,Glenn,021,27897,3134,3068,909,3977,24
2021-09-16,Humboldt,023,135768,7979,7809,405,8214,80
2021-09-16,Imperial,025,180216,31152,30966,3156,34122,753
2021-09-16,Inyo,027,18085,1657,1623,27,1650,39
2021-09-16,Kern,029,883053,115874,113828,18499,132327,1448
2021-09-16,Kings,031,150075,28589,28114,1756,29870,280
2021-09-16,Lake,033,64148,6053,5890,126,6016,87
2021-09-16,Lassen,035,31185,6221,6028,272,6300,25
2021-09-16,Los Angeles,037,10098052,1384092,1376277,54117,1430394,25796
2021-09-16,Madera,039,155013,20398,19974,1580,21554,257
2021-09-16,Marin,041,260295,16769,16625,399,17024,242
2021-09-16,Mariposa,043,17540,911,849,25,874,6
2021-09-16,Mendocino,045,87422,6618,6445,311,6756,67
2021-09-16,Merced,047,269075,38222,37675,1371,39046,532
2021-09-16,Modoc,049,8938,459,455,159,614,5
2021-09-16,Mono,051,14174,1492,1449,13,1462,3
2021-09-16,Monterey,053,433212,46584,46342,3114,49456,562
2021-09-16,Napa,055,140530,12245,12115,80,12195,95
2021-09-16,Nevada,057,99092,8257,8121,280,8401,84
2021-09-16,Orange,059,3164182,294724,292183,14216,306399,5340
2021-09-16,Placer,061,380077,33583,33037,3260,36297,354
2021-09-16,Plumas,063,18699,1208,1178,27,1205,5
2021-09-16,Riverside,065,2383286,342544,339770,16551,356321,4786
2021-09-16,Sacramento,067,1510023,146332,145754,3822,149576,1996
2021-09-16,San Benito,069,59416,6941,6913,149,7062,67
2021-09-16,San Bernardino,071,2135413,337659,335129,10651,345780,5474
2021-09-16,San Diego,073,3302833,351581,347472,20430,367902,3994
2021-09-16,San Francisco,075,870044,49630,49133,2456,51589,605
2021-09-16,San Joaquin,077,732212,92706,91650,5003,96653,1608
2021-09-16,San Luis Obispo,079,281455,27352,27044,1095,28139,310
2021-09-16,San Mateo,081,765935,51183,50773,1254,52027,564
2021-09-16,Santa Barbara,083,443738,41663,41272,1597,42869,497
2021-09-16,Santa Clara,085,1922200,139704,138685,1137,139822,1835
2021-09-16,Santa Cruz,087,273765,19203,19011,1048,20059,211
2021-09-16,Shasta,089,179085,18108,17438,3011,20449,251
2021-09-16,Sierra,091,2930,126,123,15,138,0
2021-09-16,Siskiyou,093,43540,2940,2819,1082,3901,35
2021-09-16,Solano,095,438530,43270,42792,1106,43898,312
2021-09-16,Sonoma,097,501317,39057,38707,492,39199,369
2021-09-16,Stanislaus,099,539301,72222,71105,8189,79294,1091
2021-09-16,Sutter,101,95872,12927,12729,241,12970,152
2021-09-16,Tehama,103,63373,7135,6953,1195,8148,83
2021-09-16,Trinity,105,12862,586,547,166,713,7
2021-09-16,Tulare,107,460477,60698,59459,13089,72548,894
2021-09-16,Tuolumne,109,53932,6153,5999,60,6059,89
2021-09-16,Ventura,111,848112,93749,93087,4222,97309,1110
2021-09-16,Yolo,113,214977,18300,18135,976,19111,239
2021-09-16,Yuba,115,75493,9107,8981,189,9170,61
2021-09-15,Alameda,001,1643700,113676,112498,2761,115259,1317
2021-09-15,Alpine,003,1148,100,99,0,99,0
2021-09-15,Amador,005,37829,4911,4792,51,4843,58
2021-09-15,Butte,007,227075,18239,17664,3331,20995,228
2021-09-15,Calaveras,009,45235,3408,3293,34,3327,66
2021-09-15,Colusa,011,21464,2380,2352,545,2897,16
2021-09-15,Contra Costa,013,1133247,93911,92989,1963,94952,913
2021-09-15,Del Norte,015,27424,3352,3271,17,3288,34
2021-09-15,El Dorado,017,186661,14564,14309,1519,15828,127
2021-09-15,Fresno,019,978130,125338,123370,11225,134595,1867
2021-09-15,Glenn,021,27897,3121,3051,905,3956,20
2021-09-15,Humboldt,023,135768,7944,7754,400,8154,52
2021-09-15,Imperial,025,180216,31098,30891,3153,34044,753
2021-09-15,Inyo,027,18085,1653,1614,27,1641,39
2021-09-15,Kern,029,883053,115527,113546,18398,131944,1434
2021-09-15,Kings,031,150075,28510,27991,1746,29737,279
2021-09-15,Lake,033,64148,6021,5852,125,5977,85
2021-09-15,Lassen,035,31185,6161,6018,267,6285,25
2021-09-15,Los Angeles,037,10098052,1382602,1374307,54042,1428349,25767
2021-09-15,Madera,039,155013,20324,19880,1574,21454,257
2021-09-15,Marin,041,260295,16734,16592,394,16986,242
2021-09-15,Mariposa,043,17540,900,843,25,868,5
2021-09-15,Mendocino,045,87422,6587,6399,306,6705,66
2021-09-15,Merced,047,269075,38105,37508,1369,38877,529
2021-09-15,Modoc,049,8938,459,454,159,613,5
2021-09-15,Mono,051,14174,1488,1445,13,1458,3
2021-09-15,Monterey,053,433212,46519,46317,3097,49414,562
2021-09-15,Napa,055,140530,12224,12082,80,12162,95
2021-09-15,Nevada,057,99092,8234,8081,277,8358,84
2021-09-15,Orange,059,3164182,294401,291834,14201,306035,5328
2021-09-15,Placer,061,380077,33472,32860,3238,36098,352
2021-09-15,Plumas,063,18699,1199,1164,26,1190,5
2021-09-15,Riverside,065,2383286,341963,339077,16527,355604,4769
2021-09-15,Sacramento,067,1510023,145912,145202,3787,148989,1981
2021-09-15,San Benito,069,59416,6938,6902,149,7051,67
2021-09-15,San Bernardino,071,2135413,337198,334556,10637,345193,5470
2021-09-15,San Diego,073,3302833,350949,346933,20404,367337,3983
2021-09-15,San Francisco,075,870044,49522,48999,2450,51449,605
2021-09-15,San Joaquin,077,732212,92435,91322,4960,96282,1607
2021-09-15,San Luis Obispo,079,281455,27269,26943,1089,28032,306
2021-09-15,San Mateo,081,765935,51106,50691,1248,51939,564
2021-09-15,Santa Barbara,083,443738,41563,41077,1593,42670,497
2021-09-15,Santa Clara,085,1922200,139531,138410,1132,139542,1833
2021-09-15,Santa Cruz,087,273765,19165,18984,1046,20030,210
2021-09-15,Shasta,089,179085,17999,17317,2988,20305,250
2021-09-15,Sierra,091,2930,126,123,15,138,0
2021-09-15,Siskiyou,093,43540,2921,2804,1050,3854,35
2021-09-15,Solano,095,438530,43198,42682,1101,43783,312
2021-09-15,Sonoma,097,501317,38999,38629,492,39121,369
2021-09-15,Stanislaus,099,539301,72002,70852,8168,79020,1091
2021-09-15,Sutter,101,95872,12894,12699,236,12935,151
2021-09-15,Tehama,103,63373,7095,6894,1185,8079,79
2021-09-15,Trinity,105,12862,584,541,164,705,7
2021-09-15,Tulare,107,460477,60442,59149,13025,72174,890
2021-09-15,Tuolumne,109,53932,6127,5969,60,6029,89
2021-09-15,Ventura,111,848112,93609,92960,4217,97177,1109
2021-09-15,Yolo,113,214977,18267,18064,968,19032,239
2021-09-15,Yuba,115,75493,9073,8953,189,9142,61
2021-09-14,Alameda,001,1643700,113470,112329,2755,115084,1316
2021-09-14,Alpine,003,1148,100,98,0,98,0
2021-09-14,Amador,005,37829,4891,4790,51,4841,57
2021-09-14,Butte,007,227075,18107,17516,3307,20823,226
2021-09-14,Calaveras,009,45235,3385,3280,31,3311,66
2021-09-14,Colusa,011,21464,2376,2344,541,2885,16
2021-09-14,Contra Costa,013,1133247,93715,92822,1954,94776,908
2021-09-14,Del Norte,015,27424,3336,3252,16,3268,32
2021-09-14,El Dorado,017,186661,14512,14247,1511,15758,123
2021-09-14,Fresno,019,978130,124865,123151,11186,134337,1856
2021-09-14,Glenn,021,27897,3101,3045,900,3945,20
2021-09-14,Humboldt,023,135768,7910,7717,395,8112,52
2021-09-14,Imperial,025,180216,31046,30845,3150,33995,752
2021-09-14,Inyo,027,18085,1644,1605,27,1632,39
2021-09-14,Kern,029,883053,115149,113250,18272,131522,1428
2021-09-14,Kings,031,150075,28434,27955,1736,29691,278
2021-09-14,Lake,033,64148,5989,5845,125,5970,83
2021-09-14,Lassen,035,31185,6147,5977,262,6239,25
2021-09-14,Los Angeles,037,10098052,1380766,1372831,53957,1426788,25729
2021-09-14,Madera,039,155013,20242,19800,1567,21367,254
2021-09-14,Marin,041,260295,16707,16584,392,16976,242
2021-09-14,Mariposa,043,17540,889,834,24,858,5
2021-09-14,Mendocino,045,87422,6552,6372,294,6666,65
2021-09-14,Merced,047,269075,37954,37430,1366,38796,526
2021-09-14,Modoc,049,8938,458,453,159,612,5
2021-09-14,Mono,051,14174,1476,1440,13,1453,4
2021-09-14,Monterey,053,433212,46489,46224,3072,49296,558
2021-09-14,Napa,055,140530,12191,12070,79,12149,91
2021-09-14,Nevada,057,99092,8200,8056,277,8333,83
2021-09-14,Orange,059,3164182,294018,291423,14180,305603,5319
2021-09-14,Placer,061,380077,33344,32735,3217,35952,350
2021-09-14,Plumas,063,18699,1193,1148,26,1174,5
2021-09-14,Riverside,065,2383286,341322,338534,16496,355030,4748
2021-09-14,Sacramento,067,1510023,145546,145051,3735,148786,1977
2021-09-14,San Benito,069,59416,6929,6887,148,7035,64
2021-09-14,San Bernardino,071,2135413,336702,333968,10612,344580,5465
2021-09-14,San Diego,073,3302833,350278,346204,20359,366563,3966
2021-09-14,San Francisco,075,870044,49400,48998,2435,51433,603
2021-09-14,San Joaquin,077,732212,92198,91128,4952,96080,1596
2021-09-14,San Luis Obispo,079,281455,27197,26845,1084,27929,304
2021-09-14,San Mateo,081,765935,51016,50602,1236,51838,564
2021-09-14,Santa Barbara,083,443738,41469,40783,1584,42367,495
2021-09-14,Santa Clara,085,1922200,139302,138321,1128,139449,1828
2021-09-14,Santa Cruz,087,273765,19125,18965,1044,20009,210
2021-09-14,Shasta,089,179085,17869,17152,2968,20120,246
2021-09-14,Sierra,091,2930,126,123,15,138,0
2021-09-14,Siskiyou,093,43540,2896,2756,1033,3789,35
2021-09-14,Solano,095,438530,43116,42599,1098,43697,307
2021-09-14,Sonoma,097,501317,38931,38595,488,39083,369
2021-09-14,Stanislaus,099,539301,71744,70697,8142,78839,1091
2021-09-14,Sutter,101,95872,12852,12670,229,12899,149
2021-09-14,Tehama,103,63373,7041,6859,1174,8033,80
2021-09-14,Trinity,105,12862,578,538,163,701,7
2021-09-14,Tulare,107,460477,60193,58961,12955,71916,888
2021-09-14,Tuolumne,109,53932,6105,5951,59,6010,89
2021-09-14,Ventura,111,848112,93430,92841,4201,97042,1107
2021-09-14,Yolo,113,214977,18223,18039,963,19002,239
2021-09-14,Yuba,115,75493,9037,8928,189,9117,61
2021-09-13,Alameda,001,1643700,113254,112159,2750,114909,1309
2021-09-13,Alpine,003,1148,99,98,0,98,0
2021-09-13,Amador,005,37829,4873,4761,51,4812,56
2021-09-13,Butte,007,227075,17983,17393,3288,20681,225
2021-09-13,Calaveras,009,45235,3355,3253,29,3282,65
2021-09-13,Colusa,011,21464,2366,2346,536,2882,16
2021-09-13,Contra Costa,013,1133247,93471,92658,1949,94607,908
2021-09-13,Del Norte,015,27424,3301,3232,16,3248,28
2021-09-13,El Dorado,017,186661,14452,14194,1502,15696,119
2021-09-13,Fresno,019,978130,124396,122650,11141,133791,1853
2021-09-13,Glenn,021,27897,3094,3026,891,3917,20
2021-09-13,Humboldt,023,135768,7879,7659,392,8051,52
2021-09-13,Imperial,025,180216,30994,30802,3148,33950,751
2021-09-13,Inyo,027,18085,1637,1602,27,1629,39
2021-09-13,Kern,029,883053,114767,112930,18145,131075,1424
2021-09-13,Kings,031,150075,28325,27858,1724,29582,275
2021-09-13,Lake,033,64148,5967,5809,125,5934,82
2021-09-13,Lassen,035,31185,6111,5953,261,6214,25
2021-09-13,Los Angeles,037,10098052,1378931,1371423,53888,1425311,25703
2021-09-13,Madera,039,155013,20171,19735,1560,21295,252
2021-09-13,Marin,041,260295,16672,16557,391,16948,242
2021-09-13,Mariposa,043,17540,875,825,24,849,5
2021-09-13,Mendocino,045,87422,6519,6323,284,6607,61
2021-09-13,Merced,047,269075,37811,37291,1362,38653,521
2021-09-13,Modoc,049,8938,457,451,159,610,5
2021-09-13,Mono,051,14174,1470,1435,13,1448,3
2021-09-13,Monterey,053,433212,46408,46188,3050,49238,558
2021-09-13,Napa,055,140530,12173,12039,79,12118,91
2021-09-13,Nevada,057,99092,8174,8021,275,8296,83
2021-09-13,Orange,059,3164182,293601,291128,14167,305295,5312
2021-09-13,Placer,061,380077,33181,32617,3200,35817,343
2021-09-13,Plumas,063,18699,1180,1142,26,1168,5
2021-09-13,Riverside,065,2383286,340679,337876,16478,354354,4731
2021-09-13,Sacramento,067,1510023,145062,144537,3701,148238,1956
2021-09-13,San Benito,069,59416,6913,6867,147,7014,64
2021-09-13,San Bernardino,071,2135413,336216,333613,10588,344201,5441
2021-09-13,San Diego,073,3302833,349486,345647,20309,365956,3961
2021-09-13,San Francisco,075,870044,49272,48914,2428,51342,603
2021-09-13,San Joaquin,077,732212,91915,90966,4906,95872,1581
2021-09-13,San Luis Obispo,079,281455,27100,26805,1081,27886,300
2021-09-13,San Mateo,081,765935,50937,50525,1222,51747,564
2021-09-13,Santa Barbara,083,443738,41353,40661,1577,42238,494
2021-09-13,Santa Clara,085,1922200,139062,138152,1123,139275,1820
2021-09-13,Santa Cruz,087,273765,19085,18917,1043,19960,210
2021-09-13,Shasta,089,179085,17742,17033,2927,19960,243
2021-09-13,Sierra,091,2930,126,123,15,138,0
2021-09-13,Siskiyou,093,43540,2881,2745,1021,3766,35
2021-09-13,Solano,095,438530,43018,42501,1094,43595,306
2021-09-13,Sonoma,097,501317,38864,38513,485,38998,368
2021-09-13,Stanislaus,099,539301,71494,70477,8102,78579,1091
2021-09-13,Sutter,101,95872,12794,12624,225,12849,145
2021-09-13,Tehama,103,63373,6978,6803,1162,7965,79
2021-09-13,Trinity,105,12862,576,533,161,694,7
2021-09-13,Tulare,107,460477,59908,58768,12888,71656,887
2021-09-13,Tuolumne,109,53932,6075,5909,59,5968,89
2021-09-13,Ventura,111,848112,93279,92679,4193,96872,1107
2021-09-13,Yolo,113,214977,18182,17974,958,18932,239
2021-09-13,Yuba,115,75493,8992,8884,188,9072,61
2021-09-12,Alameda,001,1643700,112991,111961,2746,114707,1309
2021-09-12,Alpine,003,1148,99,98,0,98,0
2021-09-12,Amador,005,37829,4852,4752,51,4803,56
2021-09-12,Butte,007,227075,17842,17257,3241,20498,221
2021-09-12,Calaveras,009,45235,3323,3236,25,3261,65
2021-09-12,Colusa,011,21464,2364,2344,535,2879,16
2021-09-12,Contra Costa,013,1133247,93205,92498,1937,94435,908
2021-09-12,Del Norte,015,27424,3268,3200,16,3216,28
2021-09-12,El Dorado,017,186661,14380,14167,1485,15652,119
2021-09-12,Fresno,019,978130,123882,122407,11101,133508,1853
2021-09-12,Glenn,021,27897,3074,3016,884,3900,20
2021-09-12,Humboldt,023,135768,7809,7636,381,8017,52
2021-09-12,Imperial,025,180216,30932,30790,3142,33932,751
2021-09-12,Inyo,027,18085,1627,1596,27,1623,39
2021-09-12,Kern,029,883053,114360,112602,17982,130584,1424
2021-09-12,Kings,031,150075,28215,27764,1707,29471,274
2021-09-12,Lake,033,64148,5927,5781,123,5904,82
2021-09-12,Lassen,035,31185,6074,5943,250,6193,25
2021-09-12,Los Angeles,037,10098052,1376887,1365968,53805,1419773,25630
2021-09-12,Madera,039,155013,20084,19691,1550,21241,252
2021-09-12,Marin,041,260295,16649,16526,391,16917,242
2021-09-12,Mariposa,043,17540,864,811,24,835,5
2021-09-12,Mendocino,045,87422,6478,6283,276,6559,61
2021-09-12,Merced,047,269075,37646,37172,1351,38523,521
2021-09-12,Modoc,049,8938,457,451,158,609,5
2021-09-12,Mono,051,14174,1460,1431,13,1444,3
2021-09-12,Monterey,053,433212,46328,46167,3022,49189,558
2021-09-12,Napa,055,140530,12143,12011,79,12090,91
2021-09-12,Nevada,057,99092,8135,7987,272,8259,83
2021-09-12,Orange,059,3164182,293147,290718,14143,304861,5312
2021-09-12,Placer,061,380077,33031,32520,3174,35694,343
2021-09-12,Plumas,063,18699,1160,1138,26,1164,5
2021-09-12,Riverside,065,2383286,339995,337332,16445,353777,4731
2021-09-12,Sacramento,067,1510023,144562,144030,3660,147690,1959
2021-09-12,San Benito,069,59416,6893,6852,146,6998,64
2021-09-12,San Bernardino,071,2135413,335609,333049,10574,343623,5439
2021-09-12,San Diego,073,3302833,348662,345058,20237,365295,3942
2021-09-12,San Francisco,075,870044,49161,48819,2420,51239,603
2021-09-12,San Joaquin,077,732212,91585,90730,4890,95620,1581
2021-09-12,San Luis Obispo,079,281455,26983,26729,1068,27797,299
2021-09-12,San Mateo,081,765935,50841,50432,1208,51640,564
2021-09-12,Santa Barbara,083,443738,41247,40600,1570,42170,494
2021-09-12,Santa Clara,085,1922200,138814,137899,1119,139018,1820
2021-09-12,Santa Cruz,087,273765,19053,18892,1042,19934,210
2021-09-12,Shasta,089,179085,17580,16957,2868,19825,243
2021-09-12,Sierra,091,2930,126,123,15,138,0
2021-09-12,Siskiyou,093,43540,2854,2730,1006,3736,35
2021-09-12,Solano,095,438530,42914,42409,1089,43498,306
2021-09-12,Sonoma,097,501317,38789,38456,483,38939,368
2021-09-12,Stanislaus,099,539301,71197,70184,8064,78248,1091
2021-09-12,Sutter,101,95872,12752,12589,219,12808,145
2021-09-12,Tehama,103,63373,6908,6732,1148,7880,79
2021-09-12,Trinity,105,12862,572,529,159,688,7
2021-09-12,Tulare,107,460477,59555,58582,12823,71405,887
2021-09-12,Tuolumne,109,53932,6042,5888,59,5947,89
2021-09-12,Ventura,111,848112,93161,92496,4187,96683,1107
2021-09-12,Yolo,113,214977,18117,17943,950,18893,239
2021-09-12,Yuba,115,75493,8955,8842,188,9030,61
2021-09-11,Alameda,001,1643700,112865,111715,2744,114459,1309
2021-09-11,Alpine,003,1148,99,98,0,98,0
2021-09-11,Amador,005,37829,4839,4728,50,4778,56
2021-09-11,Butte,007,227075,17763,17218,3214,20432,221
2021-09-11,Calaveras,009,45235,3320,3208,24,3232,65
2021-09-11,Colusa,011,21464,2363,2338,532,2870,16
2021-09-11,Contra Costa,013,1133247,93086,92269,1932,94201,908
2021-09-11,Del Norte,015,27424,3253,3184,16,3200,28
2021-09-11,El Dorado,017,186661,14361,14117,1478,15595,119
2021-09-11,Fresno,019,978130,123704,122224,11078,133302,1853
2021-09-11,Glenn,021,27897,3070,3007,882,3889,20
2021-09-11,Humboldt,023,135768,7787,7615,378,7993,52
2021-09-11,Imperial,025,180216,30907,30760,3138,33898,751
2021-09-11,Inyo,027,18085,1624,1590,27,1617,39
2021-09-11,Kern,029,883053,114115,112205,17861,130066,1424
2021-09-11,Kings,031,150075,28166,27631,1701,29332,275
2021-09-11,Lake,033,64148,5907,5761,123,5884,82
2021-09-11,Lassen,035,31185,6060,5930,246,6176,25
2021-09-11,Los Angeles,037,10098052,1375938,1365831,53741,1419572,25630
2021-09-11,Madera,039,155013,20031,19648,1544,21192,252
2021-09-11,Marin,041,260295,16621,16496,390,16886,242
2021-09-11,Mariposa,043,17540,859,799,24,823,5
2021-09-11,Mendocino,045,87422,6454,6257,276,6533,61
2021-09-11,Merced,047,269075,37596,37042,1348,38390,521
2021-09-11,Modoc,049,8938,457,449,158,607,5
2021-09-11,Mono,051,14174,1456,1431,13,1444,3
2021-09-11,Monterey,053,433212,46297,46140,3014,49154,558
2021-09-11,Napa,055,140530,12120,11991,79,12070,91
2021-09-11,Nevada,057,99092,8120,7967,272,8239,83
2021-09-11,Orange,059,3164182,292851,290429,14126,304555,5306
2021-09-11,Placer,061,380077,32948,32414,3163,35577,344
2021-09-11,Plumas,063,18699,1157,1112,25,1137,5
2021-09-11,Riverside,065,2383286,339558,336585,16431,353016,4731
2021-09-11,Sacramento,067,1510023,144269,143557,3646,147203,1955
2021-09-11,San Benito,069,59416,6880,6844,146,6990,64
2021-09-11,San Bernardino,071,2135413,335267,332512,10563,343075,5430
2021-09-11,San Diego,073,3302833,348171,344355,20214,364569,3942
2021-09-11,San Francisco,075,870044,49105,48660,2414,51074,603
2021-09-11,San Joaquin,077,732212,91445,90482,4887,95369,1581
2021-09-11,San Luis Obispo,079,281455,26937,26651,1067,27718,299
2021-09-11,San Mateo,081,765935,50777,50341,1206,51547,564
2021-09-11,Santa Barbara,083,443738,41173,40451,1570,42021,494
2021-09-11,Santa Clara,085,1922200,138666,137659,1116,138775,1820
2021-09-11,Santa Cruz,087,273765,19024,18865,1042,19907,210
2021-09-11,Shasta,089,179085,17490,16877,2846,19723,243
2021-09-11,Sierra,091,2930,126,123,15,138,0
2021-09-11,Siskiyou,093,43540,2837,2717,1003,3720,35
2021-09-11,Solano,095,438530,42864,42344,1086,43430,306
2021-09-11,Sonoma,097,501317,38742,38399,481,38880,368
2021-09-11,Stanislaus,099,539301,71073,69974,8048,78022,1091
2021-09-11,Sutter,101,95872,12726,12538,216,12754,145
2021-09-11,Tehama,103,63373,6891,6703,1143,7846,79
2021-09-11,Trinity,105,12862,565,526,159,685,7
2021-09-11,Tulare,107,460477,59444,58321,12775,71096,889
2021-09-11,Tuolumne,109,53932,6023,5879,56,5935,89
2021-09-11,Ventura,111,848112,93081,92328,4182,96510,1107
2021-09-11,Yolo,113,214977,18092,17906,945,18851,239
2021-09-11,Yuba,115,75493,8930,8813,188,9001,61
2021-09-10,Alameda,001,1643700,112674,111386,2743,114129,1306
2021-09-10,Alpine,003,1148,98,97,0,97,0
2021-09-10,Amador,005,37829,4827,4706,50,4756,56
2021-09-10,Butte,007,227075,17688,17051,3199,20250,222
2021-09-10,Calaveras,009,45235,3314,3183,24,3207,65
2021-09-10,Colusa,011,21464,2359,2327,529,2856,16
2021-09-10,Contra Costa,013,1133247,92967,92024,1930,93954,908
2021-09-10,Del Norte,015,27424,3238,3128,15,3143,28
2021-09-10,El Dorado,017,186661,14331,14051,1473,15524,119
2021-09-10,Fresno,019,978130,123382,121659,11060,132719,1846
2021-09-10,Glenn,021,27897,3065,2977,882,3859,20
2021-09-10,Humboldt,023,135768,7754,7543,374,7917,52
2021-09-10,Imperial,025,180216,30883,30716,3136,33852,751
2021-09-10,Inyo,027,18085,1620,1590,27,1617,39
2021-09-10,Kern,029,883053,113861,111832,17742,129574,1419
2021-09-10,Kings,031,150075,28093,27473,1693,29166,274
2021-09-10,Lake,033,64148,5891,5713,121,5834,79
2021-09-10,Lassen,035,31185,6052,5914,243,6157,25
2021-09-10,Los Angeles,037,10098052,1374734,1365709,53673,1419382,25630
2021-09-10,Madera,039,155013,19985,19520,1540,21060,252
2021-09-10,Marin,041,260295,16602,16458,387,16845,242
2021-09-10,Mariposa,043,17540,854,795,24,819,5
2021-09-10,Mendocino,045,87422,6423,6184,275,6459,61
2021-09-10,Merced,047,269075,37545,36884,1347,38231,521
2021-09-10,Modoc,049,8938,457,448,158,606,5
2021-09-10,Mono,051,14174,1453,1422,13,1435,3
2021-09-10,Monterey,053,433212,46269,46084,2995,49079,557
2021-09-10,Napa,055,140530,12096,11948,79,12027,90
2021-09-10,Nevada,057,99092,8102,7932,271,8203,83
2021-09-10,Orange,059,3164182,292548,290022,14117,304139,5302
2021-09-10,Placer,061,380077,32850,32264,3149,35413,343
2021-09-10,Plumas,063,18699,1154,1111,25,1136,5
2021-09-10,Riverside,065,2383286,339083,335988,16424,352412,4720
2021-09-10,Sacramento,067,1510023,143925,143244,3636,146880,1950
2021-09-10,San Benito,069,59416,6876,6824,146,6970,64
2021-09-10,San Bernardino,071,2135413,334848,331894,10553,342447,5422
2021-09-10,San Diego,073,3302833,347608,343173,20172,363345,3941
2021-09-10,San Francisco,075,870044,49028,48518,2405,50923,602
2021-09-10,San Joaquin,077,732212,91271,90208,4880,95088,1573
2021-09-10,San Luis Obispo,079,281455,26904,26526,1065,27591,299
2021-09-10,San Mateo,081,765935,50720,50251,1200,51451,564
2021-09-10,Santa Barbara,083,443738,41120,40321,1567,41888,492
2021-09-10,Santa Clara,085,1922200,138487,137337,1115,138452,1817
2021-09-10,Santa Cruz,087,273765,19005,18785,1041,19826,210
2021-09-10,Shasta,089,179085,17396,16667,2818,19485,242
2021-09-10,Sierra,091,2930,126,117,15,132,0
2021-09-10,Siskiyou,093,43540,2825,2702,999,3701,35
2021-09-10,Solano,095,438530,42791,42230,1078,43308,305
2021-09-10,Sonoma,097,501317,38685,38271,480,38751,368
2021-09-10,Stanislaus,099,539301,70914,69617,8025,77642,1091
2021-09-10,Sutter,101,95872,12692,12468,216,12684,145
2021-09-10,Tehama,103,63373,6860,6652,1138,7790,77
2021-09-10,Trinity,105,12862,561,524,159,683,7
2021-09-10,Tulare,107,460477,59300,57930,12729,70659,883
2021-09-10,Tuolumne,109,53932,6006,5842,55,5897,89
2021-09-10,Ventura,111,848112,92994,92145,4177,96322,1104
2021-09-10,Yolo,113,214977,18069,17825,940,18765,239
2021-09-10,Yuba,115,75493,8912,8760,187,8947,62
2021-09-09,Alameda,001,1643700,112459,111014,2735,113749,1306
2021-09-09,Alpine,003,1148,98,94,0,94,0
2021-09-09,Amador,005,37829,4806,4698,49,4747,56
2021-09-09,Butte,007,227075,17542,16874,3173,20047,221
2021-09-09,Calaveras,009,45235,3280,3165,24,3189,65
2021-09-09,Colusa,011,21464,2352,2321,527,2848,16
2021-09-09,Contra Costa,013,1133247,92759,91687,1925,93612,904
2021-09-09,Del Norte,015,27424,3215,3102,15,3117,28
2021-09-09,El Dorado,017,186661,14274,13970,1463,15433,119
2021-09-09,Fresno,019,978130,122909,121040,11031,132071,1838
2021-09-09,Glenn,021,27897,3052,2947,875,3822,20
2021-09-09,Humboldt,023,135768,7705,7471,367,7838,52
2021-09-09,Imperial,025,180216,30846,30661,3133,33794,751
2021-09-09,Inyo,027,18085,1613,1586,27,1613,39
2021-09-09,Kern,029,883053,113511,111390,17582,128972,1414
2021-09-09,Kings,031,150075,27993,27282,1682,28964,273
2021-09-09,Lake,033,64148,5867,5638,119,5757,79
2021-09-09,Lassen,035,31185,6004,5860,237,6097,25
2021-09-09,Los Angeles,037,10098052,1372882,1363735,53595,1417330,25583
2021-09-09,Madera,039,155013,19912,19401,1528,20929,252
2021-09-09,Marin,041,260295,16578,16416,384,16800,242
2021-09-09,Mariposa,043,17540,840,779,23,802,5
2021-09-09,Mendocino,045,87422,6391,6089,266,6355,61
2021-09-09,Merced,047,269075,37392,36634,1336,37970,516
2021-09-09,Modoc,049,8938,457,448,158,606,5
2021-09-09,Mono,051,14174,1447,1420,13,1433,3
2021-09-09,Monterey,053,433212,46228,45991,2971,48962,556
2021-09-09,Napa,055,140530,12065,11878,79,11957,90
2021-09-09,Nevada,057,99092,8064,7855,271,8126,82
2021-09-09,Orange,059,3164182,292144,289109,14090,303199,5299
2021-09-09,Placer,061,380077,32732,32048,3133,35181,342
2021-09-09,Plumas,063,18699,1143,1098,24,1122,5
2021-09-09,Riverside,065,2383286,338446,334774,16406,351180,4701
2021-09-09,Sacramento,067,1510023,143442,142728,3589,146317,1929
2021-09-09,San Benito,069,59416,6866,6820,145,6965,64
2021-09-09,San Bernardino,071,2135413,334285,331040,10541,341581,5417
2021-09-09,San Diego,073,3302833,346880,342149,20115,362264,3929
2021-09-09,San Francisco,075,870044,48918,48404,2392,50796,597
2021-09-09,San Joaquin,077,732212,91000,89874,4847,94721,1570
2021-09-09,San Luis Obispo,079,281455,26822,26472,1062,27534,296
2021-09-09,San Mateo,081,765935,50608,50143,1188,51331,561
2021-09-09,Santa Barbara,083,443738,41015,40180,1562,41742,490
2021-09-09,Santa Clara,085,1922200,138269,137017,1111,138128,1816
2021-09-09,Santa Cruz,087,273765,18959,18728,1041,19769,210
2021-09-09,Shasta,089,179085,17250,16401,2775,19176,238
2021-09-09,Sierra,091,2930,126,115,15,130,0
2021-09-09,Siskiyou,093,43540,2803,2683,984,3667,35
2021-09-09,Solano,095,438530,42683,42081,1074,43155,303
2021-09-09,Sonoma,097,501317,38618,38171,479,38650,360
2021-09-09,Stanislaus,099,539301,70626,69178,7997,77175,1074
2021-09-09,Sutter,101,95872,12637,12396,214,12610,144
2021-09-09,Tehama,103,63373,6796,6554,1131,7685,75
2021-09-09,Trinity,105,12862,555,523,157,680,6
2021-09-09,Tulare,107,460477,59055,57564,12669,70233,879
2021-09-09,Tuolumne,109,53932,5978,5802,54,5856,89
2021-09-09,Ventura,111,848112,92851,91610,4168,95778,1098
2021-09-09,Yolo,113,214977,18014,17724,937,18661,239
2021-09-09,Yuba,115,75493,8866,8707,184,8891,55
2021-09-08,Alameda,001,1643700,112201,110781,2731,113512,1305
2021-09-08,Alpine,003,1148,98,94,0,94,0
2021-09-08,Amador,005,37829,4794,4693,49,4742,56
2021-09-08,Butte,007,227075,17408,16775,3155,19930,220
2021-09-08,Calaveras,009,45235,3261,3157,24,3181,63
2021-09-08,Colusa,011,21464,2350,2308,525,2833,16
2021-09-08,Contra Costa,013,1133247,92489,91471,1920,93391,900
2021-09-08,Del Norte,015,27424,3191,3085,15,3100,25
2021-09-08,El Dorado,017,186661,14195,13928,1441,15369,119
2021-09-08,Fresno,019,978130,122419,120644,10983,131627,1831
2021-09-08,Glenn,021,27897,3033,2942,863,3805,20
2021-09-08,Humboldt,023,135768,7662,7438,358,7796,52
2021-09-08,Imperial,025,180216,30813,30609,3120,33729,751
2021-09-08,Inyo,027,18085,1602,1580,27,1607,39
2021-09-08,Kern,029,883053,113116,110933,17441,128374,1409
2021-09-08,Kings,031,150075,27864,27235,1667,28902,267
2021-09-08,Lake,033,64148,5836,5618,117,5735,79
2021-09-08,Lassen,035,31185,5986,5848,229,6077,25
2021-09-08,Los Angeles,037,10098052,1370823,1362029,53501,1415530,25533
2021-09-08,Madera,039,155013,19852,19352,1515,20867,252
2021-09-08,Marin,041,260295,16550,16386,383,16769,242
2021-09-08,Mariposa,043,17540,828,777,22,799,5
2021-09-08,Mendocino,045,87422,6346,6069,257,6326,61
2021-09-08,Merced,047,269075,37233,36500,1325,37825,516
2021-09-08,Modoc,049,8938,457,448,158,606,5
2021-09-08,Mono,051,14174,1444,1418,13,1431,3
2021-09-08,Monterey,053,433212,46190,45959,2953,48912,554
2021-09-08,Napa,055,140530,12030,11842,77,11919,90
2021-09-08,Nevada,057,99092,8028,7843,270,8113,82
2021-09-08,Orange,059,3164182,291747,288511,14071,302582,5290
2021-09-08,Placer,061,380077,32594,31852,3116,34968,337
2021-09-08,Plumas,063,18699,1139,1072,23,1095,5
2021-09-08,Riverside,065,2383286,337689,334037,16378,350415,4683
2021-09-08,Sacramento,067,1510023,142972,142448,3539,145987,1921
2021-09-08,San Benito,069,59416,6849,6800,144,6944,64
2021-09-08,San Bernardino,071,2135413,333685,330279,10524,340803,5411
2021-09-08,San Diego,073,3302833,345944,341437,20068,361505,3926
2021-09-08,San Francisco,075,870044,48778,48263,2389,50652,589
2021-09-08,San Joaquin,077,732212,90727,89631,4815,94446,1561
2021-09-08,San Luis Obispo,079,281455,26729,26303,1057,27360,294
2021-09-08,San Mateo,081,765935,50511,50051,1185,51236,561
2021-09-08,Santa Barbara,083,443738,40905,40000,1557,41557,490
2021-09-08,Santa Clara,085,1922200,138049,136836,1105,137941,1810
2021-09-08,Santa Cruz,087,273765,18921,18699,1041,19740,210
2021-09-08,Shasta,089,179085,17094,16227,2731,18958,234
2021-09-08,Sierra,091,2930,126,113,15,128,0
2021-09-08,Siskiyou,093,43540,2771,2643,973,3616,35
2021-09-08,Solano,095,438530,42593,41971,1071,43042,302
2021-09-08,Sonoma,097,501317,38536,38075,478,38553,360
2021-09-08,Stanislaus,099,539301,70381,68945,7960,76905,1074
2021-09-08,Sutter,101,95872,12572,12349,211,12560,144
2021-09-08,Tehama,103,63373,6725,6520,1113,7633,75
2021-09-08,Trinity,105,12862,552,520,153,673,6
2021-09-08,Tulare,107,460477,58729,57425,12612,70037,876
2021-09-08,Tuolumne,109,53932,5946,5783,52,5835,89
2021-09-08,Ventura,111,848112,92701,91345,4150,95495,1096
2021-09-08,Yolo,113,214977,17934,17680,932,18612,239
2021-09-08,Yuba,115,75493,8824,8675,182,8857,55
2021-09-07,Alameda,001,1643700,111900,110550,2724,113274,1301
2021-09-07,Alpine,003,1148,97,94,0,94,0
2021-09-07,Amador,005,37829,4767,4679,49,4728,53
2021-09-07,Butte,007,227075,17252,16723,3122,19845,220
2021-09-07,Calaveras,009,45235,3219,3140,22,3162,63
2021-09-07,Colusa,011,21464,2339,2306,524,2830,16
2021-09-07,Contra Costa,013,1133247,92229,91167,1914,93081,891
2021-09-07,Del Norte,015,27424,3178,3081,15,3096,24
2021-09-07,El Dorado,017,186661,14125,13892,1425,15317,119
2021-09-07,Fresno,019,978130,121873,120268,10930,131198,1828
2021-09-07,Glenn,021,27897,3013,2937,855,3792,20
2021-09-07,Humboldt,023,135768,7604,7397,341,7738,52
2021-09-07,Imperial,025,180216,30774,30584,3112,33696,751
2021-09-07,Inyo,027,18085,1596,1579,26,1605,39
2021-09-07,Kern,029,883053,112687,110674,17275,127949,1408
2021-09-07,Kings,031,150075,27739,27169,1649,28818,267
2021-09-07,Lake,033,64148,5794,5597,109,5706,78
2021-09-07,Lassen,035,31185,5968,5842,223,6065,21
2021-09-07,Los Angeles,037,10098052,1368615,1360407,53401,1413808,25486
2021-09-07,Madera,039,155013,19765,19316,1509,20825,249
2021-09-07,Marin,041,260295,16512,16363,383,16746,242
2021-09-07,Mariposa,043,17540,813,771,22,793,5
2021-09-07,Mendocino,045,87422,6290,6036,246,6282,61
2021-09-07,Merced,047,269075,37060,36400,1320,37720,513
2021-09-07,Modoc,049,8938,455,449,158,607,5
2021-09-07,Mono,051,14174,1435,1416,13,1429,3
2021-09-07,Monterey,053,433212,46124,45911,2921,48832,543
2021-09-07,Napa,055,140530,11989,11814,77,11891,90
2021-09-07,Nevada,057,99092,8000,7829,270,8099,82
2021-09-07,Orange,059,3164182,291320,288225,14044,302269,5274
2021-09-07,Placer,061,380077,32443,31710,3087,34797,337
2021-09-07,Plumas,063,18699,1121,1071,23,1094,5
2021-09-07,Riverside,065,2383286,336901,333390,16359,349749,4666
2021-09-07,Sacramento,067,1510023,142428,142364,3492,145856,1905
2021-09-07,San Benito,069,59416,6831,6786,144,6930,64
2021-09-07,San Bernardino,071,2135413,332947,329962,10497,340459,5407
2021-09-07,San Diego,073,3302833,344936,340709,20004,360713,3922
2021-09-07,San Francisco,075,870044,48641,48175,2381,50556,589
2021-09-07,San Joaquin,077,732212,90396,89468,4801,94269,1548
2021-09-07,San Luis Obispo,079,281455,26611,26253,1048,27301,287
2021-09-07,San Mateo,081,765935,50423,49913,1179,51092,561
2021-09-07,Santa Barbara,083,443738,40780,39957,1552,41509,489
2021-09-07,Santa Clara,085,1922200,137771,136631,1098,137729,1807
2021-09-07,Santa Cruz,087,273765,18872,18669,1038,19707,210
2021-09-07,Shasta,089,179085,16939,16096,2678,18774,226
2021-09-07,Sierra,091,2930,126,111,15,126,0
2021-09-07,Siskiyou,093,43540,2746,2607,955,3562,34
2021-09-07,Solano,095,438530,42474,41862,1067,42929,300
2021-09-07,Sonoma,097,501317,38452,38013,475,38488,358
2021-09-07,Stanislaus,099,539301,70094,68831,7937,76768,1074
2021-09-07,Sutter,101,95872,12498,12310,205,12515,138
2021-09-07,Tehama,103,63373,6664,6482,1092,7574,74
2021-09-07,Trinity,105,12862,547,517,153,670,6
2021-09-07,Tulare,107,460477,58377,57228,12530,69758,874
2021-09-07,Tuolumne,109,53932,5909,5759,52,5811,88
2021-09-07,Ventura,111,848112,92491,91246,4143,95389,1093
2021-09-07,Yolo,113,214977,17865,17653,927,18580,235
2021-09-07,Yuba,115,75493,8781,8642,177,8819,55
2021-09-06,Alameda,001,1643700,111592,110357,2715,113072,1301
2021-09-06,Alpine,003,1148,95,94,0,94,0
2021-09-06,Amador,005,37829,4751,4648,48,4696,53
2021-09-06,Butte,007,227075,17060,16588,3078,19666,218
2021-09-06,Calaveras,009,45235,3201,3122,22,3144,63
2021-09-06,Colusa,011,21464,2332,2306,519,2825,16
2021-09-06,Contra Costa,013,1133247,91935,90971,1904,92875,891
2021-09-06,Del Norte,015,27424,3138,3037,14,3051,24
2021-09-06,El Dorado,017,186661,14057,13848,1408,15256,119
2021-09-06,Fresno,019,978130,121305,119738,10871,130609,1828
2021-09-06,Glenn,021,27897,2980,2912,840,3752,20
2021-09-06,Humboldt,023,135768,7529,7320,323,7643,52
2021-09-06,Imperial,025,180216,30711,30576,3107,33683,751
2021-09-06,Inyo,027,18085,1590,1578,11,1589,39
2021-09-06,Kern,029,883053,112180,110347,17084,127431,1408
2021-09-06,Kings,031,150075,27597,27094,1631,28725,264
2021-09-06,Lake,033,64148,5731,5548,102,5650,78
2021-09-06,Lassen,035,31185,5942,5822,212,6034,21
2021-09-06,Los Angeles,037,10098052,1366264,1359348,53280,1412628,25477
2021-09-06,Madera,039,155013,19662,19191,1491,20682,249
2021-09-06,Marin,041,260295,16472,16356,383,16739,242
2021-09-06,Mariposa,043,17540,801,764,22,786,5
2021-09-06,Mendocino,045,87422,6223,5984,232,6216,61
2021-09-06,Merced,047,269075,36846,36300,1311,37611,513
2021-09-06,Modoc,049,8938,452,449,158,607,5
2021-09-06,Mono,051,14174,1432,1416,13,1429,3
2021-09-06,Monterey,053,433212,46060,45833,2876,48709,541
2021-09-06,Napa,055,140530,11946,11792,76,11868,90
2021-09-06,Nevada,057,99092,7952,7748,268,8016,82
2021-09-06,Orange,059,3164182,290830,287948,13991,301939,5274
2021-09-06,Placer,061,380077,32267,31595,3047,34642,337
2021-09-06,Plumas,063,18699,1098,1068,21,1089,5
2021-09-06,Riverside,065,2383286,336086,333052,16338,349390,4666
2021-09-06,Sacramento,067,1510023,141794,141730,3422,145152,1905
2021-09-06,San Benito,069,59416,6808,6777,141,6918,64
2021-09-06,San Bernardino,071,2135413,332064,329693,10466,340159,5398
2021-09-06,San Diego,073,3302833,343923,340222,19908,360130,3922
2021-09-06,San Francisco,075,870044,48507,48120,2375,50495,589
2021-09-06,San Joaquin,077,732212,90062,89293,4779,94072,1548
2021-09-06,San Luis Obispo,079,281455,26483,26183,1045,27228,286
2021-09-06,San Mateo,081,765935,50312,49859,1162,51021,561
2021-09-06,Santa Barbara,083,443738,40650,39876,1543,41419,489
2021-09-06,Santa Clara,085,1922200,137486,136458,1095,137553,1807
2021-09-06,Santa Cruz,087,273765,18819,18615,1035,19650,210
2021-09-06,Shasta,089,179085,16761,15985,2623,18608,226
2021-09-06,Sierra,091,2930,126,109,15,124,0
2021-09-06,Siskiyou,093,43540,2703,2595,920,3515,34
2021-09-06,Solano,095,438530,42335,41774,1061,42835,300
2021-09-06,Sonoma,097,501317,38337,37929,474,38403,358
2021-09-06,Stanislaus,099,539301,69720,68596,7889,76485,1074
2021-09-06,Sutter,101,95872,12436,12238,196,12434,138
2021-09-06,Tehama,103,63373,6589,6413,1063,7476,74
2021-09-06,Trinity,105,12862,544,515,151,666,6
2021-09-06,Tulare,107,460477,58024,57068,12449,69517,874
2021-09-06,Tuolumne,109,53932,5874,5697,52,5749,88
2021-09-06,Ventura,111,848112,92317,91132,4133,95265,1093
2021-09-06,Yolo,113,214977,17782,17576,921,18497,235
2021-09-06,Yuba,115,75493,8731,8584,173,8757,55
2021-09-05,Alameda,001,1643700,111402,110173,2712,112885,1301
2021-09-05,Alpine,003,1148,95,94,0,94,0
2021-09-05,Amador,005,37829,4739,4642,48,4690,53
2021-09-05,Butte,007,227075,16971,16504,3050,19554,218
2021-09-05,Calaveras,009,45235,3194,3106,22,3128,63
2021-09-05,Colusa,011,21464,2324,2305,517,2822,16
2021-09-05,Contra Costa,013,1133247,91751,90862,1898,92760,891
2021-09-05,Del Norte,015,27424,3118,3023,14,3037,24
2021-09-05,El Dorado,017,186661,14028,13827,1394,15221,119
2021-09-05,Fresno,019,978130,121007,119384,10836,130220,1828
2021-09-05,Glenn,021,27897,2972,2899,837,3736,20
2021-09-05,Humboldt,023,135768,7496,7312,320,7632,52
2021-09-05,Imperial,025,180216,30682,30548,3105,33653,751
2021-09-05,Inyo,027,18085,1587,1572,11,1583,39
2021-09-05,Kern,029,883053,111884,110073,16919,126992,1408
2021-09-05,Kings,031,150075,27521,26989,1627,28616,264
2021-09-05,Lake,033,64148,5712,5525,102,5627,78
2021-09-05,Lassen,035,31185,5921,5820,208,6028,21
2021-09-05,Los Angeles,037,10098052,1364993,1357748,53202,1410950,25465
2021-09-05,Madera,039,155013,19619,19155,1482,20637,249
2021-09-05,Marin,041,260295,16453,16342,382,16724,242
2021-09-05,Mariposa,043,17540,797,761,22,783,5
2021-09-05,Mendocino,045,87422,6189,5965,232,6197,61
2021-09-05,Merced,047,269075,36770,36243,1310,37553,513
2021-09-05,Modoc,049,8938,452,447,158,605,5
2021-09-05,Mono,051,14174,1432,1416,13,1429,3
2021-09-05,Monterey,053,433212,46036,45795,2863,48658,540
2021-09-05,Napa,055,140530,11921,11770,76,11846,90
2021-09-05,Nevada,057,99092,7930,7722,267,7989,82
2021-09-05,Orange,059,3164182,290542,287614,13976,301590,5274
2021-09-05,Placer,061,380077,32137,31487,3033,34520,337
2021-09-05,Plumas,063,18699,1093,1067,21,1088,5
2021-09-05,Riverside,065,2383286,335635,332604,16327,348931,4654
2021-09-05,Sacramento,067,1510023,141364,141276,3401,144677,1905
2021-09-05,San Benito,069,59416,6807,6764,141,6905,64
2021-09-05,San Bernardino,071,2135413,331682,329062,10449,339511,5392
2021-09-05,San Diego,073,3302833,343364,339427,19872,359299,3914
2021-09-05,San Francisco,075,870044,48430,48035,2370,50405,589
2021-09-05,San Joaquin,077,732212,89899,89121,4766,93887,1548
2021-09-05,San Luis Obispo,079,281455,26435,26098,1044,27142,285
2021-09-05,San Mateo,081,765935,50248,49809,1156,50965,561
2021-09-05,Santa Barbara,083,443738,40584,39762,1541,41303,489
2021-09-05,Santa Clara,085,1922200,137280,136146,1093,137239,1807
2021-09-05,Santa Cruz,087,273765,18800,18588,1033,19621,210
2021-09-05,Shasta,089,179085,16679,15960,2597,18557,226
2021-09-05,Sierra,091,2930,125,109,15,124,0
2021-09-05,Siskiyou,093,43540,2687,2585,905,3490,34
2021-09-05,Solano,095,438530,42242,41687,1056,42743,300
2021-09-05,Sonoma,097,501317,38256,37881,473,38354,358
2021-09-05,Stanislaus,099,539301,69570,68434,7865,76299,1074
2021-09-05,Sutter,101,95872,12406,12179,190,12369,138
2021-09-05,Tehama,103,63373,6571,6400,1060,7460,74
2021-09-05,Trinity,105,12862,537,505,150,655,6
2021-09-05,Tulare,107,460477,57857,56915,12404,69319,874
2021-09-05,Tuolumne,109,53932,5862,5688,52,5740,88
2021-09-05,Ventura,111,848112,92182,91004,4129,95133,1093
2021-09-05,Yolo,113,214977,17747,17557,915,18472,235
2021-09-05,Yuba,115,75493,8706,8521,171,8692,55
2021-09-04,Alameda,001,1643700,111278,109944,2705,112649,1301
2021-09-04,Alpine,003,1148,95,94,0,94,0
2021-09-04,Amador,005,37829,4721,4637,47,4684,53
2021-09-04,Butte,007,227075,16914,16403,3033,19436,218
2021-09-04,Calaveras,009,45235,3183,3087,21,3108,63
2021-09-04,Colusa,011,21464,2322,2301,517,2818,16
2021-09-04,Contra Costa,013,1133247,91639,90623,1895,92518,891
2021-09-04,Del Norte,015,27424,3107,2984,14,2998,24
2021-09-04,El Dorado,017,186661,14002,13782,1386,15168,119
2021-09-04,Fresno,019,978130,120816,119033,10820,129853,1828
2021-09-04,Glenn,021,27897,2967,2878,833,3711,20
2021-09-04,Humboldt,023,135768,7465,7298,314,7612,52
2021-09-04,Imperial,025,180216,30659,30526,3103,33629,751
2021-09-04,Inyo,027,18085,1585,1571,11,1582,39
2021-09-04,Kern,029,883053,111640,109751,16788,126539,1408
2021-09-04,Kings,031,150075,27433,26896,1621,28517,263
2021-09-04,Lake,033,64148,5694,5507,102,5609,78
2021-09-04,Lassen,035,31185,5906,5814,200,6014,21
2021-09-04,Los Angeles,037,10098052,1364053,1355634,53138,1408772,25454
2021-09-04,Madera,039,155013,19586,19112,1476,20588,249
2021-09-04,Marin,041,260295,16437,16319,381,16700,242
2021-09-04,Mariposa,043,17540,792,759,22,781,5
2021-09-04,Mendocino,045,87422,6153,5933,232,6165,61
2021-09-04,Merced,047,269075,36725,36083,1307,37390,513
2021-09-04,Modoc,049,8938,452,447,158,605,5
2021-09-04,Mono,051,14174,1432,1417,13,1430,3
2021-09-04,Monterey,053,433212,46014,45756,2850,48606,540
2021-09-04,Napa,055,140530,11896,11760,74,11834,90
2021-09-04,Nevada,057,99092,7915,7691,266,7957,82
2021-09-04,Orange,059,3164182,290279,287244,13956,301200,5274
2021-09-04,Placer,061,380077,32032,31374,3015,34389,337
2021-09-04,Plumas,063,18699,1088,1067,21,1088,5
2021-09-04,Riverside,065,2383286,335165,331958,16315,348273,4654
2021-09-04,Sacramento,067,1510023,141070,140735,3391,144126,1896
2021-09-04,San Benito,069,59416,6798,6758,141,6899,64
2021-09-04,San Bernardino,071,2135413,331350,328425,10436,338861,5393
2021-09-04,San Diego,073,3302833,342931,338748,19850,358598,3914
2021-09-04,San Francisco,075,870044,48359,47937,2357,50294,589
2021-09-04,San Joaquin,077,732212,89787,88846,4760,93606,1548
2021-09-04,San Luis Obispo,079,281455,26404,26020,1044,27064,285
2021-09-04,San Mateo,081,765935,50198,49721,1147,50868,560
2021-09-04,Santa Barbara,083,443738,40518,39667,1539,41206,489
2021-09-04,Santa Clara,085,1922200,137095,135845,1090,136935,1806
2021-09-04,Santa Cruz,087,273765,18782,18579,1029,19608,210
2021-09-04,Shasta,089,179085,16600,15924,2571,18495,226
2021-09-04,Sierra,091,2930,123,108,15,123,0
2021-09-04,Siskiyou,093,43540,2662,2563,893,3456,34
2021-09-04,Solano,095,438530,42169,41614,1054,42668,300
2021-09-04,Sonoma,097,501317,38223,37809,473,38282,358
2021-09-04,Stanislaus,099,539301,69412,68210,7841,76051,1074
2021-09-04,Sutter,101,95872,12365,12137,189,12326,138
2021-09-04,Tehama,103,63373,6556,6367,1044,7411,74
2021-09-04,Trinity,105,12862,535,497,150,647,6
2021-09-04,Tulare,107,460477,57750,56719,12361,69080,874
2021-09-04,Tuolumne,109,53932,5844,5667,50,5717,88
2021-09-04,Ventura,111,848112,92047,90904,4126,95030,1090
2021-09-04,Yolo,113,214977,17713,17522,911,18433,235
2021-09-04,Yuba,115,75493,8678,8475,170,8645,55
2021-09-03,Alameda,001,1643700,111137,109636,2704,112340,1301
2021-09-03,Alpine,003,1148,95,94,0,94,0
2021-09-03,Amador,005,37829,4699,4614,47,4661,53
2021-09-03,Butte,007,227075,16825,16259,3008,19267,215
2021-09-03,Calaveras,009,45235,3173,3069,21,3090,63
2021-09-03,Colusa,011,21464,2317,2295,516,2811,16
2021-09-03,Contra Costa,013,1133247,91488,90299,1892,92191,886
2021-09-03,Del Norte,015,27424,3079,2943,13,2956,24
2021-09-03,El Dorado,017,186661,13969,13710,1382,15092,119
2021-09-03,Fresno,019,978130,120486,118508,10806,129314,1822
2021-09-03,Glenn,021,27897,2961,2867,826,3693,20
2021-09-03,Humboldt,023,135768,7441,7194,309,7503,52
2021-09-03,Imperial,025,180216,30636,30475,3098,33573,751
2021-09-03,Inyo,027,18085,1580,1567,11,1578,39
2021-09-03,Kern,029,883053,111427,109296,16672,125968,1407
2021-09-03,Kings,031,150075,27350,26753,1616,28369,263
2021-09-03,Lake,033,64148,5674,5479,100,5579,78
2021-09-03,Lassen,035,31185,5889,5789,195,5984,21
2021-09-03,Los Angeles,037,10098052,1362728,1351185,53071,1404256,25384
2021-09-03,Madera,039,155013,19504,19021,1468,20489,247
2021-09-03,Marin,041,260295,16415,16293,380,16673,242
2021-09-03,Mariposa,043,17540,784,753,22,775,5
2021-09-03,Mendocino,045,87422,6118,5891,231,6122,61
2021-09-03,Merced,047,269075,36671,35941,1298,37239,512
2021-09-03,Modoc,049,8938,452,445,158,603,5
2021-09-03,Mono,051,14174,1431,1410,13,1423,3
2021-09-03,Monterey,053,433212,45987,45707,2835,48542,540
2021-09-03,Napa,055,140530,11875,11733,74,11807,89
2021-09-03,Nevada,057,99092,7884,7632,265,7897,82
2021-09-03,Orange,059,3164182,289955,286818,13928,300746,5253
2021-09-03,Placer,061,380077,31928,31238,2990,34228,335
2021-09-03,Plumas,063,18699,1081,1057,21,1078,5
2021-09-03,Riverside,065,2383286,334634,331011,16299,347310,4653
2021-09-03,Sacramento,067,1510023,140711,139982,3373,143355,1886
2021-09-03,San Benito,069,59416,6792,6746,141,6887,64
2021-09-03,San Bernardino,071,2135413,330939,327599,10426,338025,5381
2021-09-03,San Diego,073,3302833,342307,337627,19819,357446,3911
2021-09-03,San Francisco,075,870044,48286,47822,2348,50170,589
2021-09-03,San Joaquin,077,732212,89639,88366,4754,93120,1540
2021-09-03,San Luis Obispo,079,281455,26330,25917,1042,26959,283
2021-09-03,San Mateo,081,765935,50117,49617,1131,50748,560
2021-09-03,Santa Barbara,083,443738,40452,39507,1536,41043,489
2021-09-03,Santa Clara,085,1922200,136891,135522,1086,136608,1801
2021-09-03,Santa Cruz,087,273765,18757,18532,1029,19561,210
2021-09-03,Shasta,089,179085,16526,15778,2546,18324,226
2021-09-03,Sierra,091,2930,121,105,15,120,0
2021-09-03,Siskiyou,093,43540,2650,2529,879,3408,34
2021-09-03,Solano,095,438530,42094,41457,1051,42508,300
2021-09-03,Sonoma,097,501317,38161,37699,473,38172,358
2021-09-03,Stanislaus,099,539301,69236,67887,7814,75701,1074
2021-09-03,Sutter,101,95872,12326,12073,188,12261,139
2021-09-03,Tehama,103,63373,6524,6334,1036,7370,72
2021-09-03,Trinity,105,12862,534,490,145,635,6
2021-09-03,Tulare,107,460477,57622,56401,12308,68709,872
2021-09-03,Tuolumne,109,53932,5802,5630,50,5680,88
2021-09-03,Ventura,111,848112,91913,90742,4122,94864,1088
2021-09-03,Yolo,113,214977,17690,17446,905,18351,235
2021-09-03,Yuba,115,75493,8647,8412,169,8581,55
2021-09-02,Alameda,001,1643700,110881,109377,2700,112077,1301
2021-09-02,Alpine,003,1148,94,92,0,92,0
2021-09-02,Amador,005,37829,4683,4606,47,4653,53
2021-09-02,Butte,007,227075,16703,16154,2987,19141,215
2021-09-02,Calaveras,009,45235,3162,3042,20,3062,62
2021-09-02,Colusa,011,21464,2314,2290,514,2804,16
2021-09-02,Contra Costa,013,1133247,91308,90038,1884,91922,886
2021-09-02,Del Norte,015,27424,3049,2891,13,2904,24
2021-09-02,El Dorado,017,186661,13912,13641,1354,14995,119
2021-09-02,Fresno,019,978130,120001,117974,10769,128743,1804
2021-09-02,Glenn,021,27897,2938,2855,821,3676,20
2021-09-02,Humboldt,023,135768,7394,7141,297,7438,52
2021-09-02,Imperial,025,180216,30593,30449,3094,33543,751
2021-09-02,Inyo,027,18085,1575,1564,10,1574,39
2021-09-02,Kern,029,883053,111016,108930,16524,125454,1404
2021-09-02,Kings,031,150075,27258,26638,1606,28244,263
2021-09-02,Lake,033,64148,5644,5432,95,5527,78
2021-09-02,Lassen,035,31185,5875,5747,188,5935,21
2021-09-02,Los Angeles,037,10098052,1360885,1351105,52976,1404081,25382
2021-09-02,Madera,039,155013,19413,18937,1452,20389,247
2021-09-02,Marin,041,260295,16402,16244,378,16622,242
2021-09-02,Mariposa,043,17540,778,745,19,764,5
2021-09-02,Mendocino,045,87422,6075,5848,228,6076,61
2021-09-02,Merced,047,269075,36511,35820,1291,37111,508
2021-09-02,Modoc,049,8938,452,437,158,595,5
2021-09-02,Mono,051,14174,1431,1409,13,1422,3
2021-09-02,Monterey,053,433212,45935,45648,2808,48456,539
2021-09-02,Napa,055,140530,11846,11684,74,11758,88
2021-09-02,Nevada,057,99092,7832,7575,264,7839,82
2021-09-02,Orange,059,3164182,289500,286326,13900,300226,5240
2021-09-02,Placer,061,380077,31790,31067,2960,34027,330
2021-09-02,Plumas,063,18699,1070,1045,20,1065,5
2021-09-02,Riverside,065,2383286,333921,330190,16273,346463,4644
2021-09-02,Sacramento,067,1510023,140135,139274,3333,142607,1882
2021-09-02,San Benito,069,59416,6787,6734,140,6874,64
2021-09-02,San Bernardino,071,2135413,330330,326940,10351,337291,5369
2021-09-02,San Diego,073,3302833,341343,336382,19768,356150,3909
2021-09-02,San Francisco,075,870044,48179,47674,2342,50016,587
2021-09-02,San Joaquin,077,732212,89370,88056,4731,92787,1540
2021-09-02,San Luis Obispo,079,281455,26247,25851,1037,26888,283
2021-09-02,San Mateo,081,765935,50028,49490,1118,50608,558
2021-09-02,Santa Barbara,083,443738,40362,39386,1522,40908,486
2021-09-02,Santa Clara,085,1922200,136593,135216,1081,136297,1799
2021-09-02,Santa Cruz,087,273765,18724,18473,1027,19500,210
2021-09-02,Shasta,089,179085,16388,15670,2515,18185,224
2021-09-02,Sierra,091,2930,121,105,15,120,0
2021-09-02,Siskiyou,093,43540,2631,2513,849,3362,34
2021-09-02,Solano,095,438530,41988,41293,1048,42341,294
2021-09-02,Sonoma,097,501317,38084,37558,473,38031,352
2021-09-02,Stanislaus,099,539301,68985,67576,7792,75368,1074
2021-09-02,Sutter,101,95872,12256,11995,184,12179,138
2021-09-02,Tehama,103,63373,6464,6265,1016,7281,72
2021-09-02,Trinity,105,12862,530,484,143,627,6
2021-09-02,Tulare,107,460477,57398,56105,12253,68358,872
2021-09-02,Tuolumne,109,53932,5747,5578,50,5628,88
2021-09-02,Ventura,111,848112,91731,90610,4118,94728,1084
2021-09-02,Yolo,113,214977,17622,17357,894,18251,235
2021-09-02,Yuba,115,75493,8588,8363,169,8532,55
2021-09-01,Alameda,001,1643700,110612,109075,2695,111770,1299
2021-09-01,Alpine,003,1148,94,92,0,92,0
2021-09-01,Amador,005,37829,4667,4599,46,4645,53
2021-09-01,Butte,007,227075,16590,16046,2962,19008,215
2021-09-01,Calaveras,009,45235,3147,3023,20,3043,59
2021-09-01,Colusa,011,21464,2310,2281,514,2795,16
2021-09-01,Contra Costa,013,1133247,91081,89834,1873,91707,877
2021-09-01,Del Norte,015,27424,3017,2860,13,2873,24
2021-09-01,El Dorado,017,186661,13859,13577,1326,14903,119
2021-09-01,Fresno,019,978130,119514,117492,10718,128210,1800
2021-09-01,Glenn,021,27897,2911,2846,811,3657,20
2021-09-01,Humboldt,023,135768,7346,7090,290,7380,52
2021-09-01,Imperial,025,180216,30556,30393,3090,33483,750
2021-09-01,Inyo,027,18085,1572,1561,8,1569,39
2021-09-01,Kern,029,883053,110595,108449,16379,124828,1400
2021-09-01,Kings,031,150075,27146,26443,1594,28037,263
2021-09-01,Lake,033,64148,5602,5396,90,5486,77
2021-09-01,Lassen,035,31185,5853,5731,184,5915,21
2021-09-01,Los Angeles,037,10098052,1358679,1348589,52863,1401452,25341
2021-09-01,Madera,039,155013,19335,18852,1438,20290,247
2021-09-01,Marin,041,260295,16381,16224,373,16597,240
2021-09-01,Mariposa,043,17540,770,735,19,754,5
2021-09-01,Mendocino,045,87422,6035,5821,223,6044,59
2021-09-01,Merced,047,269075,36334,35686,1282,36968,500
2021-09-01,Modoc,049,8938,447,436,156,592,5
2021-09-01,Mono,051,14174,1431,1400,13,1413,3
2021-09-01,Monterey,053,433212,45866,45590,2782,48372,539
2021-09-01,Napa,055,140530,11815,11653,74,11727,88
2021-09-01,Nevada,057,99092,7779,7508,263,7771,82
2021-09-01,Orange,059,3164182,289032,285840,13861,299701,5233
2021-09-01,Placer,061,380077,31637,30902,2946,33848,330
2021-09-01,Plumas,063,18699,1064,1033,20,1053,5
2021-09-01,Riverside,065,2383286,333109,329388,16240,345628,4634
2021-09-01,Sacramento,067,1510023,139525,138499,3287,141786,1875
2021-09-01,San Benito,069,59416,6770,6716,140,6856,64
2021-09-01,San Bernardino,071,2135413,329684,326250,10320,336570,5364
2021-09-01,San Diego,073,3302833,340304,335302,19720,355022,3908
2021-09-01,San Francisco,075,870044,48073,47538,2332,49870,584
2021-09-01,San Joaquin,077,732212,89050,87640,4711,92351,1540
2021-09-01,San Luis Obispo,079,281455,26151,25691,1032,26723,283
2021-09-01,San Mateo,081,765935,49923,49394,1104,50498,558
2021-09-01,Santa Barbara,083,443738,40245,39263,1505,40768,483
2021-09-01,Santa Clara,085,1922200,136331,134855,1076,135931,1796
2021-09-01,Santa Cruz,087,273765,18677,18453,1025,19478,210
2021-09-01,Shasta,089,179085,16256,15552,2472,18024,221
2021-09-01,Sierra,091,2930,120,98,15,113,0
2021-09-01,Siskiyou,093,43540,2603,2482,826,3308,34
2021-09-01,Solano,095,438530,41844,41194,1043,42237,293
2021-09-01,Sonoma,097,501317,37989,37454,472,37926,352
2021-09-01,Stanislaus,099,539301,68694,67287,7762,75049,1075
2021-09-01,Sutter,101,95872,12192,11945,177,12122,136
2021-09-01,Tehama,103,63373,6436,6228,1001,7229,72
2021-09-01,Trinity,105,12862,529,482,140,622,5
2021-09-01,Tulare,107,460477,57116,55768,12216,67984,870
2021-09-01,Tuolumne,109,53932,5707,5553,50,5603,88
2021-09-01,Ventura,111,848112,91517,90471,4102,94573,1089
2021-09-01,Yolo,113,214977,17569,17264,887,18151,235
2021-09-01,Yuba,115,75493,8526,8308,169,8477,55
2021-08-31,Alameda,001,1643700,110303,108837,2688,111525,1297
2021-08-31,Alpine,003,1148,92,92,0,92,0
2021-08-31,Amador,005,37829,4646,4555,46,4601,53
2021-08-31,Butte,007,227075,16453,15896,2922,18818,216
2021-08-31,Calaveras,009,45235,3109,3008,20,3028,59
2021-08-31,Colusa,011,21464,2309,2275,512,2787,16
2021-08-31,Contra Costa,013,1133247,90789,89546,1862,91408,871
2021-08-31,Del Norte,015,27424,2980,2830,13,2843,19
2021-08-31,El Dorado,017,186661,13788,13539,1308,14847,119
2021-08-31,Fresno,019,978130,118944,117155,10652,127807,1801
2021-08-31,Glenn,021,27897,2895,2829,797,3626,20
2021-08-31,Humboldt,023,135768,7270,7030,276,7306,52
2021-08-31,Imperial,025,180216,30520,30348,3082,33430,750
2021-08-31,Inyo,027,18085,1568,1550,8,1558,39
2021-08-31,Kern,029,883053,110095,108151,16196,124347,1393
2021-08-31,Kings,031,150075,27007,26405,1579,27984,260
2021-08-31,Lake,033,64148,5559,5359,87,5446,74
2021-08-31,Lassen,035,31185,5827,5702,181,5883,21
2021-08-31,Los Angeles,037,10098052,1356191,1346686,52781,1399467,25303
2021-08-31,Madera,039,155013,19244,18811,1422,20233,247
2021-08-31,Marin,041,260295,16352,16215,370,16585,240
2021-08-31,Mariposa,043,17540,761,732,19,751,5
2021-08-31,Mendocino,045,87422,5994,5777,221,5998,59
2021-08-31,Merced,047,269075,36165,35512,1277,36789,498
2021-08-31,Modoc,049,8938,446,436,156,592,5
2021-08-31,Mono,051,14174,1415,1398,13,1411,3
2021-08-31,Monterey,053,433212,45802,45550,2749,48299,539
2021-08-31,Napa,055,140530,11768,11618,74,11692,88
2021-08-31,Nevada,057,99092,7713,7460,263,7723,82
2021-08-31,Orange,059,3164182,288439,285310,13825,299135,5229
2021-08-31,Placer,061,380077,31446,30745,2907,33652,325
2021-08-31,Plumas,063,18699,1061,1018,19,1037,5
2021-08-31,Riverside,065,2383286,332137,328556,16207,344763,4627
2021-08-31,Sacramento,067,1510023,138861,137879,3249,141128,1863
2021-08-31,San Benito,069,59416,6758,6694,138,6832,64
2021-08-31,San Bernardino,071,2135413,328948,325446,10301,335747,5350
2021-08-31,San Diego,073,3302833,339036,334377,19672,354049,3888
2021-08-31,San Francisco,075,870044,47933,47440,2309,49749,581
2021-08-31,San Joaquin,077,732212,88610,87365,4696,92061,1540
2021-08-31,San Luis Obispo,079,281455,26026,25518,1028,26546,282
2021-08-31,San Mateo,081,765935,49818,49299,1097,50396,556
2021-08-31,Santa Barbara,083,443738,40099,39091,1497,40588,481
2021-08-31,Santa Clara,085,1922200,135984,134637,1072,135709,1793
2021-08-31,Santa Cruz,087,273765,18636,18419,1022,19441,210
2021-08-31,Shasta,089,179085,16103,15368,2444,17812,220
2021-08-31,Sierra,091,2930,117,95,15,110,0
2021-08-31,Siskiyou,093,43540,2586,2435,811,3246,33
2021-08-31,Solano,095,438530,41712,41067,1036,42103,289
2021-08-31,Sonoma,097,501317,37895,37379,471,37850,352
2021-08-31,Stanislaus,099,539301,68330,67004,7728,74732,1075
2021-08-31,Sutter,101,95872,12125,11901,173,12074,136
2021-08-31,Tehama,103,63373,6388,6169,971,7140,72
2021-08-31,Trinity,105,12862,523,480,139,619,3
2021-08-31,Tulare,107,460477,56782,55567,12143,67710,870
2021-08-31,Tuolumne,109,53932,5671,5516,50,5566,88
2021-08-31,Ventura,111,848112,91301,90292,4089,94381,1081
2021-08-31,Yolo,113,214977,17492,17205,878,18083,234
2021-08-31,Yuba,115,75493,8473,8253,169,8422,54
2021-08-30,Alameda,001,1643700,109974,107734,2677,110411,1296
2021-08-30,Alpine,003,1148,92,92,0,92,0
2021-08-30,Amador,005,37829,4635,4507,46,4553,53
2021-08-30,Butte,007,227075,16302,15719,2889,18608,214
2021-08-30,Calaveras,009,45235,3090,2975,20,2995,59
2021-08-30,Colusa,011,21464,2301,2271,508,2779,16
2021-08-30,Contra Costa,013,1133247,90531,87679,1851,89530,872
2021-08-30,Del Norte,015,27424,2938,2796,12,2808,11
2021-08-30,El Dorado,017,186661,13719,13217,1291,14508,119
2021-08-30,Fresno,019,978130,118382,115867,10592,126459,1790
2021-08-30,Glenn,021,27897,2884,2804,794,3598,20
2021-08-30,Humboldt,023,135768,7216,6930,269,7199,52
2021-08-30,Imperial,025,180216,30482,30311,3077,33388,750
2021-08-30,Inyo,027,18085,1563,1544,8,1552,39
2021-08-30,Kern,029,883053,109622,107615,16026,123641,1389
2021-08-30,Kings,031,150075,26892,26236,1563,27799,259
2021-08-30,Lake,033,64148,5525,5323,83,5406,74
2021-08-30,Lassen,035,31185,5805,5667,175,5842,21
2021-08-30,Los Angeles,037,10098052,1353748,1344949,52690,1397639,25269
2021-08-30,Madera,039,155013,19163,18622,1405,20027,247
2021-08-30,Marin,041,260295,16321,16160,370,16530,240
2021-08-30,Mariposa,043,17540,755,715,18,733,5
2021-08-30,Mendocino,045,87422,5962,5721,217,5938,55
2021-08-30,Merced,047,269075,36035,35335,1275,36610,497
2021-08-30,Modoc,049,8938,444,436,155,591,5
2021-08-30,Mono,051,14174,1415,1390,13,1403,3
2021-08-30,Monterey,053,433212,45749,45463,2723,48186,539
2021-08-30,Napa,055,140530,11718,11579,72,11651,87
2021-08-30,Nevada,057,99092,7654,7356,261,7617,82
2021-08-30,Orange,059,3164182,287869,284750,13774,298524,5223
2021-08-30,Placer,061,380077,31288,29825,2882,32707,319
2021-08-30,Plumas,063,18699,1045,998,19,1017,5
2021-08-30,Riverside,065,2383286,331241,327593,16177,343770,4623
2021-08-30,Sacramento,067,1510023,138210,134571,3199,137770,1847
2021-08-30,San Benito,069,59416,6749,6663,138,6801,64
2021-08-30,San Bernardino,071,2135413,328270,324870,10271,335141,5348
2021-08-30,San Diego,073,3302833,337755,333011,19601,352612,3885
2021-08-30,San Francisco,075,870044,47797,46966,2291,49257,581
2021-08-30,San Joaquin,077,732212,88282,86203,4680,90883,1528
2021-08-30,San Luis Obispo,079,281455,25902,25422,1021,26443,280
2021-08-30,San Mateo,081,765935,49701,48839,1080,49919,554
2021-08-30,Santa Barbara,083,443738,39952,38998,1491,40489,481
2021-08-30,Santa Clara,085,1922200,135661,133281,1064,134345,1789
2021-08-30,Santa Cruz,087,273765,18581,18326,1018,19344,210
2021-08-30,Shasta,089,179085,15973,15238,2400,17638,217
2021-08-30,Sierra,091,2930,115,91,15,106,0
2021-08-30,Siskiyou,093,43540,2573,2411,801,3212,33
2021-08-30,Solano,095,438530,41572,39986,1032,41018,290
2021-08-30,Sonoma,097,501317,37792,36764,471,37235,352
2021-08-30,Stanislaus,099,539301,67987,66173,7699,73872,1074
2021-08-30,Sutter,101,95872,12054,11791,166,11957,136
2021-08-30,Tehama,103,63373,6307,6085,945,7030,71
2021-08-30,Trinity,105,12862,513,468,136,604,3
2021-08-30,Tulare,107,460477,56473,55140,12064,67204,870
2021-08-30,Tuolumne,109,53932,5625,5492,50,5542,74
2021-08-30,Ventura,111,848112,91085,90149,4079,94228,1082
2021-08-30,Yolo,113,214977,17430,17071,874,17945,231
2021-08-30,Yuba,115,75493,8400,8129,168,8297,54
2021-08-29,Alameda,001,1643700,109635,107494,2662,110156,1296
2021-08-29,Alpine,003,1148,92,92,0,92,0
2021-08-29,Amador,005,37829,4621,4501,46,4547,53
2021-08-29,Butte,007,227075,16139,15602,2848,18450,214
2021-08-29,Calaveras,009,45235,3054,2970,20,2990,59
2021-08-29,Colusa,011,21464,2291,2260,502,2762,16
2021-08-29,Contra Costa,013,1133247,90235,87439,1847,89286,872
2021-08-29,Del Norte,015,27424,2896,2752,12,2764,11
2021-08-29,El Dorado,017,186661,13666,13166,1280,14446,119
2021-08-29,Fresno,019,978130,117792,115502,10545,126047,1790
2021-08-29,Glenn,021,27897,2868,2778,788,3566,20
2021-08-29,Humboldt,023,135768,7172,6922,254,7176,52
2021-08-29,Imperial,025,180216,30421,30293,3067,33360,750
2021-08-29,Inyo,027,18085,1553,1543,7,1550,39
2021-08-29,Kern,029,883053,109180,107324,15851,123175,1389
2021-08-29,Kings,031,150075,26740,26143,1548,27691,259
2021-08-29,Lake,033,64148,5485,5293,73,5366,74
2021-08-29,Lassen,035,31185,5782,5666,171,5837,21
2021-08-29,Los Angeles,037,10098052,1351005,1342541,52571,1395112,25263
2021-08-29,Madera,039,155013,19077,18594,1389,19983,247
2021-08-29,Marin,041,260295,16291,16134,367,16501,240
2021-08-29,Mariposa,043,17540,749,709,17,726,5
2021-08-29,Mendocino,045,87422,5905,5689,204,5893,55
2021-08-29,Merced,047,269075,35797,35250,1263,36513,497
2021-08-29,Modoc,049,8938,441,436,155,591,5
2021-08-29,Mono,051,14174,1409,1387,13,1400,3
2021-08-29,Monterey,053,433212,45666,45424,2678,48102,539
2021-08-29,Napa,055,140530,11687,11552,72,11624,87
2021-08-29,Nevada,057,99092,7598,7294,260,7554,82
2021-08-29,Orange,059,3164182,287258,284432,13736,298168,5223
2021-08-29,Placer,061,380077,31115,29674,2841,32515,319
2021-08-29,Plumas,063,18699,1036,996,19,1015,5
2021-08-29,Riverside,065,2383286,330384,326987,16155,343142,4623
2021-08-29,Sacramento,067,1510023,137469,133981,3148,137129,1843
2021-08-29,San Benito,069,59416,6722,6646,138,6784,64
2021-08-29,San Bernardino,071,2135413,327485,324266,10236,334502,5347
2021-08-29,San Diego,073,3302833,336645,332014,19509,351523,3880
2021-08-29,San Francisco,075,870044,47666,46885,2274,49159,581
2021-08-29,San Joaquin,077,732212,87839,85922,4664,90586,1528
2021-08-29,San Luis Obispo,079,281455,25706,25288,1016,26304,280
2021-08-29,San Mateo,081,765935,49594,48737,1070,49807,554
2021-08-29,Santa Barbara,083,443738,39787,38900,1487,40387,481
2021-08-29,Santa Clara,085,1922200,135310,132979,1059,134038,1789
2021-08-29,Santa Cruz,087,273765,18534,18285,1016,19301,210
2021-08-29,Shasta,089,179085,15818,15198,2373,17571,217
2021-08-29,Sierra,091,2930,113,91,15,106,0
2021-08-29,Siskiyou,093,43540,2528,2407,780,3187,33
2021-08-29,Solano,095,438530,41426,39887,1027,40914,290
2021-08-29,Sonoma,097,501317,37656,36650,467,37117,352
2021-08-29,Stanislaus,099,539301,67639,65956,7665,73621,1074
2021-08-29,Sutter,101,95872,11996,11719,159,11878,136
2021-08-29,Tehama,103,63373,6239,6040,921,6961,71
2021-08-29,Trinity,105,12862,511,468,132,600,3
2021-08-29,Tulare,107,460477,56139,54974,11979,66953,870
2021-08-29,Tuolumne,109,53932,5600,5478,49,5527,74
2021-08-29,Ventura,111,848112,90829,90114,4070,94184,1082
2021-08-29,Yolo,113,214977,17334,17015,862,17877,231
2021-08-29,Yuba,115,75493,8336,8042,168,8210,54
2021-08-28,Alameda,001,1643700,109475,107007,2653,109660,1296
2021-08-28,Alpine,003,1148,92,92,0,92,0
2021-08-28,Amador,005,37829,4602,4484,46,4530,53
2021-08-28,Butte,007,227075,16081,15487,2819,18306,214
2021-08-28,Calaveras,009,45235,3046,2926,20,2946,59
2021-08-28,Colusa,011,21464,2287,2252,500,2752,16
2021-08-28,Contra Costa,013,1133247,90025,86938,1844,88782,872
2021-08-28,Del Norte,015,27424,2870,2734,11,2745,11
2021-08-28,El Dorado,017,186661,13627,13089,1274,14363,119
2021-08-28,Fresno,019,978130,117553,115079,10521,125600,1792
2021-08-28,Glenn,021,27897,2861,2773,781,3554,20
2021-08-28,Humboldt,023,135768,7137,6887,249,7136,52
2021-08-28,Imperial,025,180216,30395,30260,3063,33323,750
2021-08-28,Inyo,027,18085,1551,1539,7,1546,39
2021-08-28,Kern,029,883053,108945,107012,15705,122717,1389
2021-08-28,Kings,031,150075,26673,26059,1545,27604,257
2021-08-28,Lake,033,64148,5463,5267,69,5336,74
2021-08-28,Lassen,035,31185,5767,5665,170,5835,21
2021-08-28,Los Angeles,037,10098052,1349807,1337097,52494,1389591,25234
2021-08-28,Madera,039,155013,19027,18553,1374,19927,247
2021-08-28,Marin,041,260295,16276,16106,367,16473,240
2021-08-28,Mariposa,043,17540,747,704,17,721,5
2021-08-28,Mendocino,045,87422,5880,5658,204,5862,55
2021-08-28,Merced,047,269075,35746,35108,1259,36367,497
2021-08-28,Modoc,049,8938,441,436,154,590,5
2021-08-28,Mono,051,14174,1406,1385,13,1398,3
2021-08-28,Monterey,053,433212,45630,45394,2667,48061,539
2021-08-28,Napa,055,140530,11664,11512,71,11583,88
2021-08-28,Nevada,057,99092,7574,7238,258,7496,82
2021-08-28,Orange,059,3164182,286900,283953,13706,297659,5222
2021-08-28,Placer,061,380077,31004,29428,2828,32256,319
2021-08-28,Plumas,063,18699,1030,991,19,1010,5
2021-08-28,Riverside,065,2383286,329796,326222,16144,342366,4623
2021-08-28,Sacramento,067,1510023,137081,132985,3132,136117,1844
2021-08-28,San Benito,069,59416,6715,6636,138,6774,64
2021-08-28,San Bernardino,071,2135413,327042,323672,10227,333899,5348
2021-08-28,San Diego,073,3302833,336061,331330,19475,350805,3880
2021-08-28,San Francisco,075,870044,47592,46654,2267,48921,581
2021-08-28,San Joaquin,077,732212,87675,85481,4658,90139,1527
2021-08-28,San Luis Obispo,079,281455,25640,25138,1011,26149,280
2021-08-28,San Mateo,081,765935,49524,48575,1062,49637,554
2021-08-28,Santa Barbara,083,443738,39716,38780,1486,40266,481
2021-08-28,Santa Clara,085,1922200,135103,132488,1057,133545,1789
2021-08-28,Santa Cruz,087,273765,18517,18240,1013,19253,210
2021-08-28,Shasta,089,179085,15715,15147,2354,17501,217
2021-08-28,Sierra,091,2930,109,91,15,106,0
2021-08-28,Siskiyou,093,43540,2521,2402,768,3170,33
2021-08-28,Solano,095,438530,41377,39610,1026,40636,290
2021-08-28,Sonoma,097,501317,37583,36466,465,36931,352
2021-08-28,Stanislaus,099,539301,67478,65670,7647,73317,1074
2021-08-28,Sutter,101,95872,11975,11669,158,11827,136
2021-08-28,Tehama,103,63373,6215,6004,908,6912,71
2021-08-28,Trinity,105,12862,507,463,131,594,3
2021-08-28,Tulare,107,460477,56011,54746,11933,66679,870
2021-08-28,Tuolumne,109,53932,5584,5469,49,5518,74
2021-08-28,Ventura,111,848112,90710,89934,4068,94002,1081
2021-08-28,Yolo,113,214977,17300,16907,854,17761,231
2021-08-28,Yuba,115,75493,8303,7985,167,8152,55
2021-08-27,Alameda,001,1643700,109270,106622,2650,109272,1296
2021-08-27,Alpine,003,1148,92,92,0,92,0
2021-08-27,Amador,005,37829,4586,4458,45,4503,53
2021-08-27,Butte,007,227075,16002,15277,2799,18076,214
2021-08-27,Calaveras,009,45235,3032,2903,20,2923,59
2021-08-27,Colusa,011,21464,2281,2240,498,2738,16
2021-08-27,Contra Costa,013,1133247,89829,86386,1842,88228,872
2021-08-27,Del Norte,015,27424,2838,2695,11,2706,11
2021-08-27,El Dorado,017,186661,13588,12968,1270,14238,119
2021-08-27,Fresno,019,978130,117119,114481,10506,124987,1774
2021-08-27,Glenn,021,27897,2846,2754,772,3526,20
2021-08-27,Humboldt,023,135768,7105,6782,245,7027,52
2021-08-27,Imperial,025,180216,30375,30201,3060,33261,750
2021-08-27,Inyo,027,18085,1550,1529,6,1535,39
2021-08-27,Kern,029,883053,108652,106570,15594,122164,1385
2021-08-27,Kings,031,150075,26594,25957,1543,27500,257
2021-08-27,Lake,033,64148,5439,5228,67,5295,74
2021-08-27,Lassen,035,31185,5752,5646,165,5811,21
2021-08-27,Los Angeles,037,10098052,1348300,1337006,52428,1389434,25230
2021-08-27,Madera,039,155013,18971,18476,1361,19837,247
2021-08-27,Marin,041,260295,16260,16055,365,16420,240
2021-08-27,Mariposa,043,17540,741,690,17,707,5
2021-08-27,Mendocino,045,87422,5849,5602,203,5805,55
2021-08-27,Merced,047,269075,35692,34906,1255,36161,495
2021-08-27,Modoc,049,8938,441,434,154,588,5
2021-08-27,Mono,051,14174,1397,1385,13,1398,3
2021-08-27,Monterey,053,433212,45591,45337,2650,47987,539
2021-08-27,Napa,055,140530,11630,11460,71,11531,87
2021-08-27,Nevada,057,99092,7534,7169,256,7425,82
2021-08-27,Orange,059,3164182,286539,283407,13673,297080,5206
2021-08-27,Placer,061,380077,30874,29157,2807,31964,320
2021-08-27,Plumas,063,18699,1024,984,19,1003,5
2021-08-27,Riverside,065,2383286,329279,325379,16130,341509,4622
2021-08-27,Sacramento,067,1510023,136646,131921,3119,135040,1838
2021-08-27,San Benito,069,59416,6709,6622,138,6760,64
2021-08-27,San Bernardino,071,2135413,326516,322893,10209,333102,5342
2021-08-27,San Diego,073,3302833,335276,330162,19421,349583,3877
2021-08-27,San Francisco,075,870044,47519,46456,2246,48702,581
2021-08-27,San Joaquin,077,732212,87493,84949,4645,89594,1524
2021-08-27,San Luis Obispo,079,281455,25592,24952,1008,25960,280
2021-08-27,San Mateo,081,765935,49452,48424,1054,49478,553
2021-08-27,Santa Barbara,083,443738,39624,38675,1483,40158,480
2021-08-27,Santa Clara,085,1922200,134874,132011,1055,133066,1783
2021-08-27,Santa Cruz,087,273765,18478,18163,1009,19172,210
2021-08-27,Shasta,089,179085,15634,14996,2338,17334,217
2021-08-27,Sierra,091,2930,108,91,15,106,0
2021-08-27,Siskiyou,093,43540,2506,2358,754,3112,33
2021-08-27,Solano,095,438530,41288,39347,1022,40369,287
2021-08-27,Sonoma,097,501317,37510,36326,464,36790,342
2021-08-27,Stanislaus,099,539301,67269,65167,7616,72783,1061
2021-08-27,Sutter,101,95872,11929,11590,156,11746,135
2021-08-27,Tehama,103,63373,6185,5964,894,6858,71
2021-08-27,Trinity,105,12862,507,458,130,588,3
2021-08-27,Tulare,107,460477,55875,54443,11887,66330,870
2021-08-27,Tuolumne,109,53932,5552,5438,49,5487,74
2021-08-27,Ventura,111,848112,90582,89774,4063,93837,1076
2021-08-27,Yolo,113,214977,17261,16805,849,17654,231
2021-08-27,Yuba,115,75493,8246,7926,167,8093,54
2021-08-26,Alameda,001,1643700,108991,106146,2639,108785,1296
2021-08-26,Alpine,003,1148,92,92,0,92,0
2021-08-26,Amador,005,37829,4571,4442,44,4486,53
2021-08-26,Butte,007,227075,15868,15159,2763,17922,214
2021-08-26,Calaveras,009,45235,3023,2873,20,2893,59
2021-08-26,Colusa,011,21464,2275,2234,494,2728,16
2021-08-26,Contra Costa,013,1133247,89471,85808,1835,87643,866
2021-08-26,Del Norte,015,27424,2802,2625,11,2636,8
2021-08-26,El Dorado,017,186661,13522,12863,1255,14118,118
2021-08-26,Fresno,019,978130,116619,113854,10468,124322,1770
2021-08-26,Glenn,021,27897,2828,2740,764,3504,20
2021-08-26,Humboldt,023,135768,7047,6695,235,6930,53
2021-08-26,Imperial,025,180216,30326,30121,3052,33173,748
2021-08-26,Inyo,027,18085,1540,1521,5,1526,39
2021-08-26,Kern,029,883053,108227,106051,15446,121497,1380
2021-08-26,Kings,031,150075,26470,25838,1535,27373,260
2021-08-26,Lake,033,64148,5393,5196,64,5260,74
2021-08-26,Lassen,035,31185,5741,5626,163,5789,21
2021-08-26,Los Angeles,037,10098052,1346058,1334372,52326,1386698,25199
2021-08-26,Madera,039,155013,18901,18393,1349,19742,247
2021-08-26,Marin,041,260295,16231,15983,362,16345,240
2021-08-26,Mariposa,043,17540,731,677,17,694,5
2021-08-26,Mendocino,045,87422,5813,5533,198,5731,55
2021-08-26,Merced,047,269075,35525,34755,1240,35995,495
2021-08-26,Modoc,049,8938,441,433,154,587,5
2021-08-26,Mono,051,14174,1395,1385,13,1398,3
2021-08-26,Monterey,053,433212,45536,45265,2622,47887,539
2021-08-26,Napa,055,140530,11608,11394,70,11464,87
2021-08-26,Nevada,057,99092,7476,7086,254,7340,80
2021-08-26,Orange,059,3164182,286051,282814,13655,296469,5200
2021-08-26,Placer,061,380077,30706,28898,2782,31680,319
2021-08-26,Plumas,063,18699,1017,971,18,989,5
2021-08-26,Riverside,065,2383286,328489,324486,16108,340594,4615
2021-08-26,Sacramento,067,1510023,136106,130977,3075,134052,1827
2021-08-26,San Benito,069,59416,6700,6604,138,6742,64
2021-08-26,San Bernardino,071,2135413,325861,322100,10186,332286,5339
2021-08-26,San Diego,073,3302833,334248,328276,19356,347632,3869
2021-08-26,San Francisco,075,870044,47397,46288,2236,48524,581
2021-08-26,San Joaquin,077,732212,87118,84429,4629,89058,1513
2021-08-26,San Luis Obispo,079,281455,25444,24831,1002,25833,278
2021-08-26,San Mateo,081,765935,49332,48263,1045,49308,553
2021-08-26,Santa Barbara,083,443738,39541,38566,1482,40048,479
2021-08-26,Santa Clara,085,1922200,134549,131443,1050,132493,1782
2021-08-26,Santa Cruz,087,273765,18418,18072,1007,19079,210
2021-08-26,Shasta,089,179085,15511,14891,2310,17201,217
2021-08-26,Sierra,091,2930,106,90,15,105,0
2021-08-26,Siskiyou,093,43540,2485,2342,739,3081,33
2021-08-26,Solano,095,438530,41142,39027,1014,40041,286
2021-08-26,Sonoma,097,501317,37420,36102,464,36566,337
2021-08-26,Stanislaus,099,539301,66951,64785,7591,72376,1061
2021-08-26,Sutter,101,95872,11869,11499,153,11652,135
2021-08-26,Tehama,103,63373,6128,5913,881,6794,68
2021-08-26,Trinity,105,12862,502,450,128,578,3
2021-08-26,Tulare,107,460477,55620,54157,11834,65991,870
2021-08-26,Tuolumne,109,53932,5532,5387,49,5436,74
2021-08-26,Ventura,111,848112,90397,89595,4054,93649,1080
2021-08-26,Yolo,113,214977,17197,16727,838,17565,231
2021-08-26,Yuba,115,75493,8173,7834,165,7999,54
2021-08-25,Alameda,001,1643700,108665,105636,2631,108267,1296
2021-08-25,Alpine,003,1148,92,92,0,92,0
2021-08-25,Amador,005,37829,4556,4415,44,4459,53
2021-08-25,Butte,007,227075,15764,15039,2722,17761,214
2021-08-25,Calaveras,009,45235,3003,2851,20,2871,59
2021-08-25,Colusa,011,21464,2269,2227,485,2712,16
2021-08-25,Contra Costa,013,1133247,89090,85322,1829,87151,863
2021-08-25,Del Norte,015,27424,2758,2573,11,2584,8
2021-08-25,El Dorado,017,186661,13464,12787,1239,14026,118
2021-08-25,Fresno,019,978130,116084,113384,10427,123811,1761
2021-08-25,Glenn,021,27897,2807,2728,752,3480,20
2021-08-25,Humboldt,023,135768,6982,6653,225,6878,52
2021-08-25,Imperial,025,180216,30289,30085,3047,33132,748
2021-08-25,Inyo,027,18085,1536,1518,5,1523,39
2021-08-25,Kern,029,883053,107800,105687,15286,120973,1379
2021-08-25,Kings,031,150075,26362,25676,1528,27204,258
2021-08-25,Lake,033,64148,5363,5163,61,5224,74
2021-08-25,Lassen,035,31185,5726,5583,162,5745,21
2021-08-25,Los Angeles,037,10098052,1343471,1331400,52238,1383638,25170
2021-08-25,Madera,039,155013,18836,18311,1332,19643,247
2021-08-25,Marin,041,260295,16209,15938,357,16295,240
2021-08-25,Mariposa,043,17540,725,676,17,693,5
2021-08-25,Mendocino,045,87422,5779,5486,193,5679,53
2021-08-25,Merced,047,269075,35387,34600,1235,35835,492
2021-08-25,Modoc,049,8938,441,433,154,587,5
2021-08-25,Mono,051,14174,1391,1382,13,1395,3
2021-08-25,Monterey,053,433212,45474,45196,2595,47791,539
2021-08-25,Napa,055,140530,11574,11348,69,11417,87
2021-08-25,Nevada,057,99092,7410,7000,253,7253,77
2021-08-25,Orange,059,3164182,285532,282061,13624,295685,5193
2021-08-25,Placer,061,380077,30537,28740,2750,31490,319
2021-08-25,Plumas,063,18699,1001,962,18,980,5
2021-08-25,Riverside,065,2383286,327647,323548,16086,339634,4610
2021-08-25,Sacramento,067,1510023,135401,130046,3034,133080,1827
2021-08-25,San Benito,069,59416,6679,6587,137,6724,64
2021-08-25,San Bernardino,071,2135413,325169,321228,10167,331395,5337
2021-08-25,San Diego,073,3302833,332970,327166,19283,346449,3859
2021-08-25,San Francisco,075,870044,47252,46107,2226,48333,578
2021-08-25,San Joaquin,077,732212,86741,84002,4617,88619,1510
2021-08-25,San Luis Obispo,079,281455,25252,24607,999,25606,276
2021-08-25,San Mateo,081,765935,49224,48153,1027,49180,553
2021-08-25,Santa Barbara,083,443738,39413,38450,1482,39932,479
2021-08-25,Santa Clara,085,1922200,134179,130995,1047,132042,1783
2021-08-25,Santa Cruz,087,273765,18358,17987,1004,18991,210
2021-08-25,Shasta,089,179085,15383,14752,2276,17028,217
2021-08-25,Sierra,091,2930,103,90,15,105,0
2021-08-25,Siskiyou,093,43540,2440,2322,719,3041,33
2021-08-25,Solano,095,438530,40979,38848,1003,39851,286
2021-08-25,Sonoma,097,501317,37297,35986,461,36447,336
2021-08-25,Stanislaus,099,539301,66660,64441,7557,71998,1061
2021-08-25,Sutter,101,95872,11801,11451,149,11600,134
2021-08-25,Tehama,103,63373,6069,5861,864,6725,68
2021-08-25,Trinity,105,12862,496,450,127,577,3
2021-08-25,Tulare,107,460477,55336,53877,11765,65642,866
2021-08-25,Tuolumne,109,53932,5506,5354,49,5403,74
2021-08-25,Ventura,111,848112,90215,89379,4041,93420,1068
2021-08-25,Yolo,113,214977,17133,16667,828,17495,231
2021-08-25,Yuba,115,75493,8107,7771,164,7935,54
2021-08-24,Alameda,001,1643700,108327,105319,2620,107939,1296
2021-08-24,Alpine,003,1148,92,92,0,92,0
2021-08-24,Amador,005,37829,4537,4380,44,4424,50
2021-08-24,Butte,007,227075,15612,14964,2687,17651,214
2021-08-24,Calaveras,009,45235,2962,2811,20,2831,59
2021-08-24,Colusa,011,21464,2261,2221,481,2702,16
2021-08-24,Contra Costa,013,1133247,88730,84963,1823,86786,857
2021-08-24,Del Norte,015,27424,2731,2543,11,2554,8
2021-08-24,El Dorado,017,186661,13390,12732,1223,13955,118
2021-08-24,Fresno,019,978130,115479,113024,10381,123405,1761
2021-08-24,Glenn,021,27897,2793,2717,744,3461,20
2021-08-24,Humboldt,023,135768,6920,6585,212,6797,52
2021-08-24,Imperial,025,180216,30228,30045,3041,33086,748
2021-08-24,Inyo,027,18085,1531,1512,5,1517,39
2021-08-24,Kern,029,883053,107340,105399,15115,120514,1375
2021-08-24,Kings,031,150075,26240,25629,1512,27141,258
2021-08-24,Lake,033,64148,5328,5135,61,5196,72
2021-08-24,Lassen,035,31185,5711,5576,160,5736,21
2021-08-24,Los Angeles,037,10098052,1340627,1328777,52135,1380912,25135
2021-08-24,Madera,039,155013,18761,18251,1315,19566,247
2021-08-24,Marin,041,260295,16173,15900,354,16254,240
2021-08-24,Mariposa,043,17540,718,670,17,687,5
2021-08-24,Mendocino,045,87422,5736,5416,186,5602,52
2021-08-24,Merced,047,269075,35218,34490,1226,35716,491
2021-08-24,Modoc,049,8938,441,432,154,586,5
2021-08-24,Mono,051,14174,1389,1382,13,1395,3
2021-08-24,Monterey,053,433212,45422,45126,2564,47690,539
2021-08-24,Napa,055,140530,11542,11299,67,11366,85
2021-08-24,Nevada,057,99092,7342,6981,249,7230,77
2021-08-24,Orange,059,3164182,284936,281461,13598,295059,5187
2021-08-24,Placer,061,380077,30334,28618,2708,31326,318
2021-08-24,Plumas,063,18699,991,953,18,971,5
2021-08-24,Riverside,065,2383286,326775,322620,16054,338674,4605
2021-08-24,Sacramento,067,1510023,134736,129542,2981,132523,1812
2021-08-24,San Benito,069,59416,6666,6576,137,6713,64
2021-08-24,San Bernardino,071,2135413,324416,320300,10137,330437,5328
2021-08-24,San Diego,073,3302833,331505,325823,19187,345010,3851
2021-08-24,San Francisco,075,870044,47082,46010,2207,48217,574
2021-08-24,San Joaquin,077,732212,86303,83684,4578,88262,1508
2021-08-24,San Luis Obispo,079,281455,25077,24443,988,25431,274
2021-08-24,San Mateo,081,765935,49088,48050,1014,49064,553
2021-08-24,Santa Barbara,083,443738,39285,38307,1481,39788,478
2021-08-24,Santa Clara,085,1922200,133751,130763,1042,131805,1779
2021-08-24,Santa Cruz,087,273765,18285,17928,997,18925,209
2021-08-24,Shasta,089,179085,15275,14664,2244,16908,217
2021-08-24,Sierra,091,2930,101,90,15,105,0
2021-08-24,Siskiyou,093,43540,2420,2294,704,2998,33
2021-08-24,Solano,095,438530,40774,38724,991,39715,283
2021-08-24,Sonoma,097,501317,37170,35849,459,36308,336
2021-08-24,Stanislaus,099,539301,66303,64195,7511,71706,1058
2021-08-24,Sutter,101,95872,11734,11384,146,11530,134
2021-08-24,Tehama,103,63373,6023,5826,849,6675,67
2021-08-24,Trinity,105,12862,486,446,119,565,3
2021-08-24,Tulare,107,460477,54985,53702,11675,65377,856
2021-08-24,Tuolumne,109,53932,5475,5287,49,5336,74
2021-08-24,Ventura,111,848112,90031,89167,4030,93197,1068
2021-08-24,Yolo,113,214977,17059,16492,815,17307,231
2021-08-24,Yuba,115,75493,8023,7723,162,7885,54
2021-08-23,Alameda,001,1643700,107921,104922,2607,107529,1294
2021-08-23,Alpine,003,1148,92,91,0,91,0
2021-08-23,Amador,005,37829,4523,4369,44,4413,50
2021-08-23,Butte,007,227075,15468,14847,2653,17500,211
2021-08-23,Calaveras,009,45235,2927,2803,20,2823,59
2021-08-23,Colusa,011,21464,2257,2206,478,2684,16
2021-08-23,Contra Costa,013,1133247,88353,84651,1817,86468,857
2021-08-23,Del Norte,015,27424,2685,2499,11,2510,8
2021-08-23,El Dorado,017,186661,13288,12684,1201,13885,118
2021-08-23,Fresno,019,978130,114920,112445,10341,122786,1759
2021-08-23,Glenn,021,27897,2775,2696,737,3433,20
2021-08-23,Humboldt,023,135768,6847,6498,196,6694,52
2021-08-23,Imperial,025,180216,30177,30011,3038,33049,748
2021-08-23,Inyo,027,18085,1524,1509,5,1514,39
2021-08-23,Kern,029,883053,106889,104995,14956,119951,1375
2021-08-23,Kings,031,150075,26109,25465,1505,26970,257
2021-08-23,Lake,033,64148,5289,5099,59,5158,69
2021-08-23,Lassen,035,31185,5699,5562,160,5722,21
2021-08-23,Los Angeles,037,10098052,1337695,1326412,52006,1378418,25096
2021-08-23,Madera,039,155013,18676,18155,1302,19457,246
2021-08-23,Marin,041,260295,16125,15856,350,16206,240
2021-08-23,Mariposa,043,17540,708,645,17,662,5
2021-08-23,Mendocino,045,87422,5669,5374,179,5553,51
2021-08-23,Merced,047,269075,35035,34322,1221,35543,488
2021-08-23,Modoc,049,8938,438,431,153,584,6
2021-08-23,Mono,051,14174,1387,1384,13,1397,3
2021-08-23,Monterey,053,433212,45345,45047,2531,47578,538
2021-08-23,Napa,055,140530,11504,11257,67,11324,85
2021-08-23,Nevada,057,99092,7263,6930,247,7177,77
2021-08-23,Orange,059,3164182,284304,280891,13565,294456,5181
2021-08-23,Placer,061,380077,30138,28540,2670,31210,314
2021-08-23,Plumas,063,18699,981,934,18,952,5
2021-08-23,Riverside,065,2383286,325863,321650,16028,337678,4598
2021-08-23,Sacramento,067,1510023,133968,128969,2909,131878,1807
2021-08-23,San Benito,069,59416,6648,6562,135,6697,64
2021-08-23,San Bernardino,071,2135413,323615,319577,10096,329673,5324
2021-08-23,San Diego,073,3302833,330049,324536,19084,343620,3848
2021-08-23,San Francisco,075,870044,46935,45945,2191,48136,573
2021-08-23,San Joaquin,077,732212,85879,83466,4561,88027,1499
2021-08-23,San Luis Obispo,079,281455,24895,24317,986,25303,274
2021-08-23,San Mateo,081,765935,48956,47935,1004,48939,553
2021-08-23,Santa Barbara,083,443738,39108,38181,1479,39660,478
2021-08-23,Santa Clara,085,1922200,133354,130489,1037,131526,1778
2021-08-23,Santa Cruz,087,273765,18229,17871,994,18865,209
2021-08-23,Shasta,089,179085,15150,14537,2204,16741,216
2021-08-23,Sierra,091,2930,101,90,15,105,0
2021-08-23,Siskiyou,093,43540,2399,2274,683,2957,33
2021-08-23,Solano,095,438530,40626,38612,983,39595,283
2021-08-23,Sonoma,097,501317,37051,35769,457,36226,336
2021-08-23,Stanislaus,099,539301,65949,63922,7472,71394,1058
2021-08-23,Sutter,101,95872,11646,11314,138,11452,133
2021-08-23,Tehama,103,63373,5970,5805,831,6636,67
2021-08-23,Trinity,105,12862,483,435,116,551,3
2021-08-23,Tulare,107,460477,54680,53370,11601,64971,856
2021-08-23,Tuolumne,109,53932,5433,5240,49,5289,73
2021-08-23,Ventura,111,848112,89812,88960,4018,92978,1063
2021-08-23,Yolo,113,214977,16973,16445,799,17244,226
2021-08-23,Yuba,115,75493,7951,7653,160,7813,54
2021-08-22,Alameda,001,1643700,107476,104539,2567,107106,1294
2021-08-22,Alpine,003,1148,92,91,0,91,0
2021-08-22,Amador,005,37829,4494,4349,44,4393,50
2021-08-22,Butte,007,227075,15330,14791,2615,17406,211
2021-08-22,Calaveras,009,45235,2886,2771,20,2791,59
2021-08-22,Colusa,011,21464,2249,2201,472,2673,16
2021-08-22,Contra Costa,013,1133247,87814,84371,1802,86173,857
2021-08-22,Del Norte,015,27424,2630,2455,11,2466,8
2021-08-22,El Dorado,017,186661,13183,12629,1181,13810,118
2021-08-22,Fresno,019,978130,114322,112057,10283,122340,1759
2021-08-22,Glenn,021,27897,2754,2678,722,3400,20
2021-08-22,Humboldt,023,135768,6770,6483,179,6662,52
2021-08-22,Imperial,025,180216,30119,29993,3034,33027,748
2021-08-22,Inyo,027,18085,1518,1505,5,1510,39
2021-08-22,Kern,029,883053,106365,104691,14798,119489,1375
2021-08-22,Kings,031,150075,25955,25391,1486,26877,257
2021-08-22,Lake,033,64148,5243,5069,56,5125,69
2021-08-22,Lassen,035,31185,5667,5556,155,5711,21
2021-08-22,Los Angeles,037,10098052,1334403,1324151,51875,1376026,25089
2021-08-22,Madera,039,155013,18558,18120,1291,19411,246
2021-08-22,Marin,041,260295,16073,15822,343,16165,240
2021-08-22,Mariposa,043,17540,698,638,15,653,5
2021-08-22,Mendocino,045,87422,5611,5336,179,5515,51
2021-08-22,Merced,047,269075,34832,34234,1212,35446,488
2021-08-22,Modoc,049,8938,437,431,153,584,6
2021-08-22,Mono,051,14174,1386,1378,13,1391,3
2021-08-22,Monterey,053,433212,45258,45017,2505,47522,538
2021-08-22,Napa,055,140530,11460,11231,67,11298,85
2021-08-22,Nevada,057,99092,7189,6864,245,7109,77
2021-08-22,Orange,059,3164182,283620,280390,13521,293911,5181
2021-08-22,Placer,061,380077,29929,28395,2632,31027,314
2021-08-22,Plumas,063,18699,958,923,17,940,5
2021-08-22,Riverside,065,2383286,324842,320836,15978,336814,4594
2021-08-22,Sacramento,067,1510023,133194,128231,2863,131094,1802
2021-08-22,San Benito,069,59416,6632,6550,135,6685,64
2021-08-22,San Bernardino,071,2135413,322647,318839,10060,328899,5324
2021-08-22,San Diego,073,3302833,328722,323591,18979,342570,3848
2021-08-22,San Francisco,075,870044,46776,45831,2173,48004,573
2021-08-22,San Joaquin,077,732212,85427,83121,4550,87671,1498
2021-08-22,San Luis Obispo,079,281455,24690,24250,979,25229,274
2021-08-22,San Mateo,081,765935,48814,47821,968,48789,553
2021-08-22,Santa Barbara,083,443738,38931,38099,1470,39569,478
2021-08-22,Santa Clara,085,1922200,132937,130189,1030,131219,1778
2021-08-22,Santa Cruz,087,273765,18168,17823,989,18812,209
2021-08-22,Shasta,089,179085,15012,14478,2169,16647,216
2021-08-22,Sierra,091,2930,101,87,15,102,0
2021-08-22,Siskiyou,093,43540,2370,2261,665,2926,33
2021-08-22,Solano,095,438530,40433,38489,970,39459,283
2021-08-22,Sonoma,097,501317,36896,35676,455,36131,336
2021-08-22,Stanislaus,099,539301,65588,63683,7397,71080,1058
2021-08-22,Sutter,101,95872,11564,11251,134,11385,133
2021-08-22,Tehama,103,63373,5926,5791,811,6602,67
2021-08-22,Trinity,105,12862,476,433,114,547,3
2021-08-22,Tulare,107,460477,54362,53220,11513,64733,856
2021-08-22,Tuolumne,109,53932,5391,5214,49,5263,73
2021-08-22,Ventura,111,848112,89603,88791,4001,92792,1063
2021-08-22,Yolo,113,214977,16872,16374,789,17163,226
2021-08-22,Yuba,115,75493,7878,7626,159,7785,54
2021-08-21,Alameda,001,1643700,107281,104281,2559,106840,1294
2021-08-21,Alpine,003,1148,92,91,0,91,0
2021-08-21,Amador,005,37829,4484,4338,42,4380,50
2021-08-21,Butte,007,227075,15262,14714,2593,17307,211
2021-08-21,Calaveras,009,45235,2873,2744,20,2764,59
2021-08-21,Colusa,011,21464,2244,2192,467,2659,16
2021-08-21,Contra Costa,013,1133247,87559,84136,1796,85932,857
2021-08-21,Del Norte,015,27424,2608,2409,11,2420,8
2021-08-21,El Dorado,017,186661,13139,12590,1177,13767,118
2021-08-21,Fresno,019,978130,114128,111765,10274,122039,1759
2021-08-21,Glenn,021,27897,2744,2654,714,3368,20
2021-08-21,Humboldt,023,135768,6734,6446,171,6617,52
2021-08-21,Imperial,025,180216,30076,29976,3031,33007,748
2021-08-21,Inyo,027,18085,1515,1500,5,1505,39
2021-08-21,Kern,029,883053,106109,104443,14672,119115,1375
2021-08-21,Kings,031,150075,25882,25313,1481,26794,257
2021-08-21,Lake,033,64148,5223,5055,54,5109,69
2021-08-21,Lassen,035,31185,5653,5553,155,5708,21
2021-08-21,Los Angeles,037,10098052,1333123,1321308,51784,1373092,25080
2021-08-21,Madera,039,155013,18521,18067,1285,19352,246
2021-08-21,Marin,041,260295,16039,15775,341,16116,240
2021-08-21,Mariposa,043,17540,688,634,15,649,5
2021-08-21,Mendocino,045,87422,5566,5307,178,5485,51
2021-08-21,Merced,047,269075,34728,34148,1207,35355,488
2021-08-21,Modoc,049,8938,437,430,153,583,6
2021-08-21,Mono,051,14174,1386,1378,13,1391,3
2021-08-21,Monterey,053,433212,45220,44969,2490,47459,538
2021-08-21,Napa,055,140530,11425,11211,67,11278,85
2021-08-21,Nevada,057,99092,7145,6810,244,7054,77
2021-08-21,Orange,059,3164182,283174,279855,13489,293344,5181
2021-08-21,Placer,061,380077,29793,28289,2607,30896,314
2021-08-21,Plumas,063,18699,956,916,16,932,5
2021-08-21,Riverside,065,2383286,324263,320086,15964,336050,4594
2021-08-21,Sacramento,067,1510023,132697,127751,2851,130602,1809
2021-08-21,San Benito,069,59416,6622,6542,134,6676,64
2021-08-21,San Bernardino,071,2135413,322197,318293,10040,328333,5324
2021-08-21,San Diego,073,3302833,328057,322620,18939,341559,3848
2021-08-21,San Francisco,075,870044,46682,45637,2158,47795,573
2021-08-21,San Joaquin,077,732212,85216,82825,4545,87370,1498
2021-08-21,San Luis Obispo,079,281455,24635,24169,979,25148,273
2021-08-21,San Mateo,081,765935,48723,47685,962,48647,553
2021-08-21,Santa Barbara,083,443738,38851,37951,1466,39417,478
2021-08-21,Santa Clara,085,1922200,132672,129911,1026,130937,1778
2021-08-21,Santa Cruz,087,273765,18131,17763,984,18747,209
2021-08-21,Shasta,089,179085,14938,14417,2155,16572,217
2021-08-21,Sierra,091,2930,96,85,15,100,0
2021-08-21,Siskiyou,093,43540,2357,2246,653,2899,33
2021-08-21,Solano,095,438530,40325,38423,960,39383,281
2021-08-21,Sonoma,097,501317,36810,35582,454,36036,336
2021-08-21,Stanislaus,099,539301,65395,63512,7378,70890,1058
2021-08-21,Sutter,101,95872,11520,11204,132,11336,133
2021-08-21,Tehama,103,63373,5901,5757,804,6561,67
2021-08-21,Trinity,105,12862,471,431,112,543,3
2021-08-21,Tulare,107,460477,54218,53045,11468,64513,857
2021-08-21,Tuolumne,109,53932,5360,5193,49,5242,73
2021-08-21,Ventura,111,848112,89458,88558,3986,92544,1063
2021-08-21,Yolo,113,214977,16826,16322,783,17105,226
2021-08-21,Yuba,115,75493,7832,7580,158,7738,54
2021-08-20,Alameda,001,1643700,107036,103812,2549,106361,1294
2021-08-20,Alpine,003,1148,92,91,0,91,0
2021-08-20,Amador,005,37829,4458,4323,42,4365,50
2021-08-20,Butte,007,227075,15190,14617,2571,17188,211
2021-08-20,Calaveras,009,45235,2858,2717,20,2737,59
2021-08-20,Colusa,011,21464,2239,2178,465,2643,16
2021-08-20,Contra Costa,013,1133247,87286,83721,1789,85510,857
2021-08-20,Del Norte,015,27424,2576,2316,11,2327,8
2021-08-20,El Dorado,017,186661,13100,12495,1169,13664,118
2021-08-20,Fresno,019,978130,113778,111315,10255,121570,1759
2021-08-20,Glenn,021,27897,2737,2642,709,3351,20
2021-08-20,Humboldt,023,135768,6683,6349,166,6515,52
2021-08-20,Imperial,025,180216,30053,29934,3031,32965,747
2021-08-20,Inyo,027,18085,1509,1495,5,1500,39
2021-08-20,Kern,029,883053,105826,104048,14540,118588,1373
2021-08-20,Kings,031,150075,25818,25241,1478,26719,256
2021-08-20,Lake,033,64148,5208,5024,51,5075,69
2021-08-20,Lassen,035,31185,5633,5539,155,5694,21
2021-08-20,Los Angeles,037,10098052,1331259,1317541,51683,1369224,25049
2021-08-20,Madera,039,155013,18474,18018,1269,19287,246
2021-08-20,Marin,041,260295,16021,15727,337,16064,240
2021-08-20,Mariposa,043,17540,683,630,15,645,5
2021-08-20,Mendocino,045,87422,5521,5241,176,5417,51
2021-08-20,Merced,047,269075,34662,34035,1200,35235,486
2021-08-20,Modoc,049,8938,437,429,153,582,6
2021-08-20,Mono,051,14174,1385,1368,13,1381,3
2021-08-20,Monterey,053,433212,45190,44890,2476,47366,538
2021-08-20,Napa,055,140530,11393,11152,67,11219,83
2021-08-20,Nevada,057,99092,7104,6753,237,6990,77
2021-08-20,Orange,059,3164182,282737,279193,13467,292660,5179
2021-08-20,Placer,061,380077,29695,28156,2579,30735,313
2021-08-20,Plumas,063,18699,949,908,16,924,5
2021-08-20,Riverside,065,2383286,323568,319072,15933,335005,4594
2021-08-20,Sacramento,067,1510023,132219,127226,2833,130059,1797
2021-08-20,San Benito,069,59416,6608,6508,134,6642,64
2021-08-20,San Bernardino,071,2135413,321586,317372,10011,327383,5322
2021-08-20,San Diego,073,3302833,327153,321102,18871,339973,3846
2021-08-20,San Francisco,075,870044,46593,45432,2138,47570,573
2021-08-20,San Joaquin,077,732212,84990,82419,4534,86953,1496
2021-08-20,San Luis Obispo,079,281455,24558,23986,975,24961,273
2021-08-20,San Mateo,081,765935,48614,47561,951,48512,551
2021-08-20,Santa Barbara,083,443738,38767,37794,1460,39254,477
2021-08-20,Santa Clara,085,1922200,132391,129510,1021,130531,1774
2021-08-20,Santa Cruz,087,273765,18091,17701,981,18682,209
2021-08-20,Shasta,089,179085,14859,14277,2136,16413,215
2021-08-20,Sierra,091,2930,94,83,15,98,0
2021-08-20,Siskiyou,093,43540,2341,2226,648,2874,33
2021-08-20,Solano,095,438530,40185,38214,949,39163,277
2021-08-20,Sonoma,097,501317,36741,35416,453,35869,336
2021-08-20,Stanislaus,099,539301,65193,63219,7356,70575,1047
2021-08-20,Sutter,101,95872,11464,11136,131,11267,133
2021-08-20,Tehama,103,63373,5885,5730,792,6522,66
2021-08-20,Trinity,105,12862,471,422,111,533,3
2021-08-20,Tulare,107,460477,54085,52855,11425,64280,856
2021-08-20,Tuolumne,109,53932,5336,5153,48,5201,73
2021-08-20,Ventura,111,848112,89291,88285,3983,92268,1061
2021-08-20,Yolo,113,214977,16773,16236,777,17013,225
2021-08-20,Yuba,115,75493,7792,7523,158,7681,54
2021-08-19,Alameda,001,1643700,106585,103276,2524,105800,1294
2021-08-19,Alpine,003,1148,92,91,0,91,0
2021-08-19,Amador,005,37829,4451,4317,41,4358,50
2021-08-19,Butte,007,227075,15057,14518,2541,17059,211
2021-08-19,Calaveras,009,45235,2839,2673,20,2693,59
2021-08-19,Colusa,011,21464,2230,2167,461,2628,16
2021-08-19,Contra Costa,013,1133247,86850,83296,1775,85071,852
2021-08-19,Del Norte,015,27424,2528,2257,11,2268,8
2021-08-19,El Dorado,017,186661,13016,12410,1148,13558,118
2021-08-19,Fresno,019,978130,113341,110947,10219,121166,1759
2021-08-19,Glenn,021,27897,2718,2629,702,3331,20
2021-08-19,Humboldt,023,135768,6622,6246,160,6406,52
2021-08-19,Imperial,025,180216,30007,29865,3025,32890,747
2021-08-19,Inyo,027,18085,1502,1494,5,1499,39
2021-08-19,Kern,029,883053,105432,103731,14396,118127,1371
2021-08-19,Kings,031,150075,25687,25128,1464,26592,256
2021-08-19,Lake,033,64148,5178,4991,47,5038,69
2021-08-19,Lassen,035,31185,5615,5520,154,5674,21
2021-08-19,Los Angeles,037,10098052,1328296,1314453,51537,1365990,25020
2021-08-19,Madera,039,155013,18410,17947,1257,19204,246
2021-08-19,Marin,041,260295,15988,15672,333,16005,240
2021-08-19,Mariposa,043,17540,669,618,15,633,5
2021-08-19,Mendocino,045,87422,5488,5167,174,5341,51
2021-08-19,Merced,047,269075,34527,33851,1186,35037,486
2021-08-19,Modoc,049,8938,437,427,153,580,6
2021-08-19,Mono,051,14174,1381,1349,13,1362,3
2021-08-19,Monterey,053,433212,45127,44821,2456,47277,538
2021-08-19,Napa,055,140530,11341,11104,67,11171,83
2021-08-19,Nevada,057,99092,7040,6695,235,6930,77
2021-08-19,Orange,059,3164182,282109,278562,13415,291977,5172
2021-08-19,Placer,061,380077,29515,27953,2561,30514,313
2021-08-19,Plumas,063,18699,939,896,16,912,5
2021-08-19,Riverside,065,2383286,322543,318056,15901,333957,4589
2021-08-19,Sacramento,067,1510023,131526,126720,2796,129516,1801
2021-08-19,San Benito,069,59416,6590,6493,132,6625,64
2021-08-19,San Bernardino,071,2135413,320762,316398,9987,326385,5318
2021-08-19,San Diego,073,3302833,325888,319582,18781,338363,3839
2021-08-19,San Francisco,075,870044,46435,45220,2120,47340,571
2021-08-19,San Joaquin,077,732212,84549,82047,4501,86548,1491
2021-08-19,San Luis Obispo,079,281455,24418,23878,968,24846,271
2021-08-19,San Mateo,081,765935,48481,47431,941,48372,551
2021-08-19,Santa Barbara,083,443738,38626,37693,1456,39149,477
2021-08-19,Santa Clara,085,1922200,132001,129133,1014,130147,1774
2021-08-19,Santa Cruz,087,273765,18027,17644,974,18618,209
2021-08-19,Shasta,089,179085,14735,14200,2113,16313,214
2021-08-19,Sierra,091,2930,90,83,15,98,0
2021-08-19,Siskiyou,093,43540,2327,2218,635,2853,33
2021-08-19,Solano,095,438530,40033,38025,938,38963,273
2021-08-19,Sonoma,097,501317,36653,35233,452,35685,336
2021-08-19,Stanislaus,099,539301,64838,62928,7308,70236,1047
2021-08-19,Sutter,101,95872,11383,11057,129,11186,133
2021-08-19,Tehama,103,63373,5849,5683,764,6447,66
2021-08-19,Trinity,105,12862,467,414,109,523,3
2021-08-19,Tulare,107,460477,53854,52685,11361,64046,856
2021-08-19,Tuolumne,109,53932,5300,5112,47,5159,64
2021-08-19,Ventura,111,848112,89089,88073,3968,92041,1060
2021-08-19,Yolo,113,214977,16690,16153,768,16921,225
2021-08-19,Yuba,115,75493,7741,7458,157,7615,51
2021-08-18,Alameda,001,1643700,106181,102696,2493,105189,1294
2021-08-18,Alpine,003,1148,91,91,0,91,0
2021-08-18,Amador,005,37829,4434,4279,40,4319,50
2021-08-18,Butte,007,227075,14947,14426,2515,16941,208
2021-08-18,Calaveras,009,45235,2797,2643,19,2662,59
2021-08-18,Colusa,011,21464,2223,2160,457,2617,16
2021-08-18,Contra Costa,013,1133247,86356,82767,1769,84536,851
2021-08-18,Del Norte,015,27424,2471,2219,11,2230,8
2021-08-18,El Dorado,017,186661,12931,12306,1133,13439,118
2021-08-18,Fresno,019,978130,112889,110523,10176,120699,1759
2021-08-18,Glenn,021,27897,2691,2623,695,3318,20
2021-08-18,Humboldt,023,135768,6551,6195,154,6349,52
2021-08-18,Imperial,025,180216,29975,29821,3022,32843,746
2021-08-18,Inyo,027,18085,1499,1494,5,1499,39
2021-08-18,Kern,029,883053,105085,103440,14299,117739,1370
2021-08-18,Kings,031,150075,25578,24984,1457,26441,256
2021-08-18,Lake,033,64148,5137,4957,46,5003,69
2021-08-18,Lassen,035,31185,5596,5506,153,5659,21
2021-08-18,Los Angeles,037,10098052,1325165,1311477,51403,1362880,24984
2021-08-18,Madera,039,155013,18353,17871,1250,19121,246
2021-08-18,Marin,041,260295,15950,15610,330,15940,240
2021-08-18,Mariposa,043,17540,657,615,15,630,5
2021-08-18,Mendocino,045,87422,5437,5129,171,5300,51
2021-08-18,Merced,047,269075,34362,33708,1177,34885,484
2021-08-18,Modoc,049,8938,437,427,152,579,6
2021-08-18,Mono,051,14174,1378,1344,13,1357,3
2021-08-18,Monterey,053,433212,45057,44735,2426,47161,532
2021-08-18,Napa,055,140530,11303,11060,66,11126,83
2021-08-18,Nevada,057,99092,6974,6633,235,6868,76
2021-08-18,Orange,059,3164182,281469,277795,13359,291154,5168
2021-08-18,Placer,061,380077,29294,27741,2531,30272,312
2021-08-18,Plumas,063,18699,930,874,16,890,5
2021-08-18,Riverside,065,2383286,321544,317107,15866,332973,4585
2021-08-18,Sacramento,067,1510023,130768,125599,2761,128360,1781
2021-08-18,San Benito,069,59416,6579,6481,131,6612,64
2021-08-18,San Bernardino,071,2135413,319962,315477,9968,325445,5304
2021-08-18,San Diego,073,3302833,324547,318152,18715,336867,3834
2021-08-18,San Francisco,075,870044,46238,44957,2104,47061,568
2021-08-18,San Joaquin,077,732212,84105,81601,4479,86080,1491
2021-08-18,San Luis Obispo,079,281455,24270,23726,957,24683,270
2021-08-18,San Mateo,081,765935,48321,47255,929,48184,551
2021-08-18,Santa Barbara,083,443738,38495,37599,1449,39048,475
2021-08-18,Santa Clara,085,1922200,131638,128563,1010,129573,1773
2021-08-18,Santa Cruz,087,273765,17973,17566,969,18535,209
2021-08-18,Shasta,089,179085,14636,14087,2094,16181,213
2021-08-18,Sierra,091,2930,89,83,15,98,0
2021-08-18,Siskiyou,093,43540,2298,2204,623,2827,33
2021-08-18,Solano,095,438530,39830,37812,926,38738,271
2021-08-18,Sonoma,097,501317,36510,35063,451,35514,333
2021-08-18,Stanislaus,099,539301,64489,62613,7273,69886,1047
2021-08-18,Sutter,101,95872,11311,11004,124,11128,130
2021-08-18,Tehama,103,63373,5813,5653,754,6407,66
2021-08-18,Trinity,105,12862,460,409,107,516,3
2021-08-18,Tulare,107,460477,53613,52486,11291,63777,856
2021-08-18,Tuolumne,109,53932,5264,5081,47,5128,64
2021-08-18,Ventura,111,848112,88858,87835,3957,91792,1055
2021-08-18,Yolo,113,214977,16609,16047,748,16795,225
2021-08-18,Yuba,115,75493,7676,7391,157,7548,51
2021-08-17,Alameda,001,1643700,105766,102379,2479,104858,1290
2021-08-17,Alpine,003,1148,91,91,0,91,0
2021-08-17,Amador,005,37829,4405,4266,40,4306,50
2021-08-17,Butte,007,227075,14842,14357,2479,16836,206
2021-08-17,Calaveras,009,45235,2756,2624,19,2643,59
2021-08-17,Colusa,011,21464,2214,2156,453,2609,16
2021-08-17,Contra Costa,013,1133247,85909,82482,1759,84241,848
2021-08-17,Del Norte,015,27424,2419,2188,11,2199,8
2021-08-17,El Dorado,017,186661,12844,12242,1118,13360,118
2021-08-17,Fresno,019,978130,112411,110263,10122,120385,1755
2021-08-17,Glenn,021,27897,2677,2608,687,3295,20
2021-08-17,Humboldt,023,135768,6472,6155,151,6306,52
2021-08-17,Imperial,025,180216,29924,29768,3018,32786,746
2021-08-17,Inyo,027,18085,1496,1492,5,1497,39
2021-08-17,Kern,029,883053,104692,103048,14172,117220,1367
2021-08-17,Kings,031,150075,25470,24930,1446,26376,254
2021-08-17,Lake,033,64148,5094,4930,40,4970,68
2021-08-17,Lassen,035,31185,5579,5499,151,5650,21
2021-08-17,Los Angeles,037,10098052,1321636,1307999,51269,1359268,24952
2021-08-17,Madera,039,155013,18279,17838,1230,19068,246
2021-08-17,Marin,041,260295,15895,15570,330,15900,240
2021-08-17,Mariposa,043,17540,649,609,14,623,5
2021-08-17,Mendocino,045,87422,5382,5097,171,5268,51
2021-08-17,Merced,047,269075,34214,33508,1166,34674,482
2021-08-17,Modoc,049,8938,434,424,150,574,6
2021-08-17,Mono,051,14174,1372,1341,13,1354,3
2021-08-17,Monterey,053,433212,44980,44672,2410,47082,528
2021-08-17,Napa,055,140530,11262,11007,65,11072,83
2021-08-17,Nevada,057,99092,6900,6605,233,6838,75
2021-08-17,Orange,059,3164182,280833,277121,13323,290444,5164
2021-08-17,Placer,061,380077,29082,27634,2501,30135,312
2021-08-17,Plumas,063,18699,919,860,16,876,5
2021-08-17,Riverside,065,2383286,320528,316051,15828,331879,4582
2021-08-17,Sacramento,067,1510023,129985,125151,2719,127870,1774
2021-08-17,San Benito,069,59416,6560,6470,131,6601,64
2021-08-17,San Bernardino,071,2135413,319030,314402,9925,324327,5302
2021-08-17,San Diego,073,3302833,322932,317058,18619,335677,3824
2021-08-17,San Francisco,075,870044,46043,44820,2093,46913,567
2021-08-17,San Joaquin,077,732212,83637,81300,4460,85760,1489
2021-08-17,San Luis Obispo,079,281455,24111,23556,954,24510,268
2021-08-17,San Mateo,081,765935,48177,47127,911,48038,551
2021-08-17,Santa Barbara,083,443738,38341,37478,1442,38920,475
2021-08-17,Santa Clara,085,1922200,131236,128354,1005,129359,1773
2021-08-17,Santa Cruz,087,273765,17887,17528,967,18495,209
2021-08-17,Shasta,089,179085,14508,14012,2076,16088,214
2021-08-17,Sierra,091,2930,88,82,15,97,0
2021-08-17,Siskiyou,093,43540,2283,2183,609,2792,33
2021-08-17,Solano,095,438530,39617,37662,916,38578,269
2021-08-17,Sonoma,097,501317,36361,34943,447,35390,333
2021-08-17,Stanislaus,099,539301,64139,62385,7215,69600,1047
2021-08-17,Sutter,101,95872,11239,10973,124,11097,130
2021-08-17,Tehama,103,63373,5780,5612,732,6344,66
2021-08-17,Trinity,105,12862,455,406,104,510,3
2021-08-17,Tulare,107,460477,53345,52362,11223,63585,856
2021-08-17,Tuolumne,109,53932,5221,5042,46,5088,64
2021-08-17,Ventura,111,848112,88618,87601,3936,91537,1053
2021-08-17,Yolo,113,214977,16520,15975,733,16708,225
2021-08-17,Yuba,115,75493,7606,7355,157,7512,51
2021-08-16,Alameda,001,1643700,105268,102052,2466,104518,1287
2021-08-16,Alpine,003,1148,91,91,0,91,0
2021-08-16,Amador,005,37829,4395,4235,40,4275,50
2021-08-16,Butte,007,227075,14724,14283,2446,16729,206
2021-08-16,Calaveras,009,45235,2695,2609,19,2628,57
2021-08-16,Colusa,011,21464,2203,2147,449,2596,16
2021-08-16,Contra Costa,013,1133247,85369,82070,1749,83819,848
2021-08-16,Del Norte,015,27424,2348,2125,11,2136,8
2021-08-16,El Dorado,017,186661,12743,12139,1104,13243,118
2021-08-16,Fresno,019,978130,111912,109623,10080,119703,1753
2021-08-16,Glenn,021,27897,2658,2593,681,3274,20
2021-08-16,Humboldt,023,135768,6402,6064,128,6192,52
2021-08-16,Imperial,025,180216,29886,29737,3003,32740,746
2021-08-16,Inyo,027,18085,1493,1490,5,1495,39
2021-08-16,Kern,029,883053,104322,102690,14047,116737,1367
2021-08-16,Kings,031,150075,25370,24817,1436,26253,254
2021-08-16,Lake,033,64148,5067,4898,39,4937,68
2021-08-16,Lassen,035,31185,5562,5481,143,5624,21
2021-08-16,Los Angeles,037,10098052,1318252,1305330,51116,1356446,24923
2021-08-16,Madera,039,155013,18204,17756,1211,18967,246
2021-08-16,Marin,041,260295,15835,15497,329,15826,239
2021-08-16,Mariposa,043,17540,632,597,14,611,5
2021-08-16,Mendocino,045,87422,5326,5037,169,5206,49
2021-08-16,Merced,047,269075,34007,33364,1160,34524,481
2021-08-16,Modoc,049,8938,432,421,149,570,5
2021-08-16,Mono,051,14174,1363,1339,13,1352,3
2021-08-16,Monterey,053,433212,44919,44595,2381,46976,527
2021-08-16,Napa,055,140530,11233,10946,65,11011,83
2021-08-16,Nevada,057,99092,6844,6535,232,6767,74
2021-08-16,Orange,059,3164182,280045,275985,13275,289260,5161
2021-08-16,Placer,061,380077,28903,27384,2467,29851,306
2021-08-16,Plumas,063,18699,909,851,16,867,5
2021-08-16,Riverside,065,2383286,319439,314774,15793,330567,4582
2021-08-16,Sacramento,067,1510023,129190,124554,2676,127230,1762
2021-08-16,San Benito,069,59416,6536,6452,131,6583,64
2021-08-16,San Bernardino,071,2135413,318072,313617,9899,323516,5301
2021-08-16,San Diego,073,3302833,321329,315348,18483,333831,3824
2021-08-16,San Francisco,075,870044,45846,44681,2076,46757,567
2021-08-16,San Joaquin,077,732212,83139,81087,4442,85529,1488
2021-08-16,San Luis Obispo,079,281455,23962,23452,945,24397,265
2021-08-16,San Mateo,081,765935,48013,47024,890,47914,548
2021-08-16,Santa Barbara,083,443738,38174,37358,1437,38795,475
2021-08-16,Santa Clara,085,1922200,130773,127978,999,128977,1773
2021-08-16,Santa Cruz,087,273765,17826,17491,960,18451,209
2021-08-16,Shasta,089,179085,14419,13862,2057,15919,211
2021-08-16,Sierra,091,2930,85,82,15,97,0
2021-08-16,Siskiyou,093,43540,2266,2169,589,2758,33
2021-08-16,Solano,095,438530,39345,37436,902,38338,263
2021-08-16,Sonoma,097,501317,36190,34844,445,35289,333
2021-08-16,Stanislaus,099,539301,63777,62033,7163,69196,1039
2021-08-16,Sutter,101,95872,11170,10902,123,11025,130
2021-08-16,Tehama,103,63373,5717,5565,727,6292,66
2021-08-16,Trinity,105,12862,449,400,103,503,3
2021-08-16,Tulare,107,460477,53104,52162,11148,63310,856
2021-08-16,Tuolumne,109,53932,5182,4984,45,5029,64
2021-08-16,Ventura,111,848112,88367,86954,3918,90872,1052
2021-08-16,Yolo,113,214977,16423,15922,725,16647,225
2021-08-16,Yuba,115,75493,7522,7314,156,7470,51
2021-08-15,Alameda,001,1643700,104781,101660,2450,104110,1287
2021-08-15,Alpine,003,1148,91,91,0,91,0
2021-08-15,Amador,005,37829,4368,4231,40,4271,49
2021-08-15,Butte,007,227075,14599,14263,2422,16685,206
2021-08-15,Calaveras,009,45235,2648,2599,19,2618,57
2021-08-15,Colusa,011,21464,2192,2140,439,2579,16
2021-08-15,Contra Costa,013,1133247,84889,81781,1732,83513,848
2021-08-15,Del Norte,015,27424,2281,2060,11,2071,8
2021-08-15,El Dorado,017,186661,12609,12057,1087,13144,118
2021-08-15,Fresno,019,978130,111439,109382,10021,119403,1753
2021-08-15,Glenn,021,27897,2634,2592,669,3261,20
2021-08-15,Humboldt,023,135768,6329,6024,121,6145,52
2021-08-15,Imperial,025,180216,29822,29711,2996,32707,746
2021-08-15,Inyo,027,18085,1492,1489,5,1494,39
2021-08-15,Kern,029,883053,103881,102524,13932,116456,1367
2021-08-15,Kings,031,150075,25223,24736,1426,26162,254
2021-08-15,Lake,033,64148,5008,4886,38,4924,68
2021-08-15,Lassen,035,31185,5546,5482,141,5623,21
2021-08-15,Los Angeles,037,10098052,1314733,1302882,50940,1353822,24918
2021-08-15,Madera,039,155013,18116,17714,1199,18913,246
2021-08-15,Marin,041,260295,15777,15461,327,15788,239
2021-08-15,Mariposa,043,17540,625,591,14,605,5
2021-08-15,Mendocino,045,87422,5269,5022,163,5185,49
2021-08-15,Merced,047,269075,33763,33305,1149,34454,481
2021-08-15,Modoc,049,8938,430,421,149,570,5
2021-08-15,Mono,051,14174,1355,1334,13,1347,3
2021-08-15,Monterey,053,433212,44807,44567,2349,46916,527
2021-08-15,Napa,055,140530,11178,10919,65,10984,83
2021-08-15,Nevada,057,99092,6759,6486,232,6718,74
2021-08-15,Orange,059,3164182,279272,275447,13238,288685,5161
2021-08-15,Placer,061,380077,28680,27220,2418,29638,306
2021-08-15,Plumas,063,18699,898,850,16,866,5
2021-08-15,Riverside,065,2383286,318303,314133,15761,329894,4582
2021-08-15,Sacramento,067,1510023,128385,123924,2643,126567,1761
2021-08-15,San Benito,069,59416,6518,6446,130,6576,64
2021-08-15,San Bernardino,071,2135413,316993,313120,9869,322989,5301
2021-08-15,San Diego,073,3302833,319847,314247,18368,332615,3824
2021-08-15,San Francisco,075,870044,45623,44531,2053,46584,567
2021-08-15,San Joaquin,077,732212,82655,80832,4413,85245,1488
2021-08-15,San Luis Obispo,079,281455,23766,23404,935,24339,265
2021-08-15,San Mateo,081,765935,47851,46897,868,47765,548
2021-08-15,Santa Barbara,083,443738,38006,37276,1430,38706,475
2021-08-15,Santa Clara,085,1922200,130340,127715,993,128708,1773
2021-08-15,Santa Cruz,087,273765,17757,17440,952,18392,209
2021-08-15,Shasta,089,179085,14316,13835,2031,15866,211
2021-08-15,Sierra,091,2930,84,82,14,96,0
2021-08-15,Siskiyou,093,43540,2245,2169,575,2744,33
2021-08-15,Solano,095,438530,39106,37320,891,38211,263
2021-08-15,Sonoma,097,501317,35997,34706,437,35143,333
2021-08-15,Stanislaus,099,539301,63387,61795,7086,68881,1039
2021-08-15,Sutter,101,95872,11079,10863,123,10986,130
2021-08-15,Tehama,103,63373,5668,5550,721,6271,66
2021-08-15,Trinity,105,12862,446,400,101,501,3
2021-08-15,Tulare,107,460477,52848,52046,11087,63133,856
2021-08-15,Tuolumne,109,53932,5144,4934,44,4978,64
2021-08-15,Ventura,111,848112,88057,86797,3904,90701,1052
2021-08-15,Yolo,113,214977,16329,15873,714,16587,225
2021-08-15,Yuba,115,75493,7445,7265,155,7420,51
2021-08-14,Alameda,001,1643700,104573,101305,2447,103752,1287
2021-08-14,Alpine,003,1148,91,91,0,91,0
2021-08-14,Amador,005,37829,4350,4206,40,4246,49
2021-08-14,Butte,007,227075,14562,14192,2406,16598,206
2021-08-14,Calaveras,009,45235,2643,2579,19,2598,57
2021-08-14,Colusa,011,21464,2182,2134,435,2569,16
2021-08-14,Contra Costa,013,1133247,84640,81458,1724,83182,848
2021-08-14,Del Norte,015,27424,2254,2015,11,2026,8
2021-08-14,El Dorado,017,186661,12573,12019,1078,13097,118
2021-08-14,Fresno,019,978130,111280,109056,10005,119061,1753
2021-08-14,Glenn,021,27897,2623,2583,667,3250,20
2021-08-14,Humboldt,023,135768,6276,5998,117,6115,52
2021-08-14,Imperial,025,180216,29794,29671,2996,32667,746
2021-08-14,Inyo,027,18085,1490,1487,5,1492,39
2021-08-14,Kern,029,883053,103688,102306,13834,116140,1367
2021-08-14,Kings,031,150075,25129,24647,1417,26064,254
2021-08-14,Lake,033,64148,4991,4850,37,4887,68
2021-08-14,Lassen,035,31185,5539,5475,140,5615,21
2021-08-14,Los Angeles,037,10098052,1312976,1299346,50800,1350146,24911
2021-08-14,Madera,039,155013,18069,17691,1195,18886,246
2021-08-14,Marin,041,260295,15743,15441,326,15767,239
2021-08-14,Mariposa,043,17540,621,584,14,598,5
2021-08-14,Mendocino,045,87422,5233,4977,160,5137,49
2021-08-14,Merced,047,269075,33699,33234,1143,34377,481
2021-08-14,Modoc,049,8938,430,421,149,570,5
2021-08-14,Mono,051,14174,1353,1332,13,1345,3
2021-08-14,Monterey,053,433212,44768,44514,2341,46855,527
2021-08-14,Napa,055,140530,11148,10878,64,10942,83
2021-08-14,Nevada,057,99092,6724,6419,231,6650,74
2021-08-14,Orange,059,3164182,278840,274732,13210,287942,5161
2021-08-14,Placer,061,380077,28534,27115,2393,29508,306
2021-08-14,Plumas,063,18699,889,849,16,865,5
2021-08-14,Riverside,065,2383286,317591,313264,15739,329003,4582
2021-08-14,Sacramento,067,1510023,127899,123438,2625,126063,1758
2021-08-14,San Benito,069,59416,6505,6428,130,6558,64
2021-08-14,San Bernardino,071,2135413,316445,312142,9848,321990,5301
2021-08-14,San Diego,073,3302833,319175,313589,18300,331889,3824
2021-08-14,San Francisco,075,870044,45497,44353,2032,46385,567
2021-08-14,San Joaquin,077,732212,82439,80585,4398,84983,1488
2021-08-14,San Luis Obispo,079,281455,23707,23328,932,24260,265
2021-08-14,San Mateo,081,765935,47744,46792,856,47648,548
2021-08-14,Santa Barbara,083,443738,37913,37118,1426,38544,475
2021-08-14,Santa Clara,085,1922200,130060,127432,990,128422,1772
2021-08-14,Santa Cruz,087,273765,17718,17384,951,18335,209
2021-08-14,Shasta,089,179085,14239,13813,2010,15823,211
2021-08-14,Sierra,091,2930,84,81,14,95,0
2021-08-14,Siskiyou,093,43540,2235,2160,565,2725,33
2021-08-14,Solano,095,438530,39019,37237,879,38116,263
2021-08-14,Sonoma,097,501317,35874,34606,435,35041,333
2021-08-14,Stanislaus,099,539301,63198,61564,7041,68605,1039
2021-08-14,Sutter,101,95872,11034,10808,122,10930,130
2021-08-14,Tehama,103,63373,5644,5530,717,6247,66
2021-08-14,Trinity,105,12862,441,399,101,500,3
2021-08-14,Tulare,107,460477,52714,51951,11040,62991,856
2021-08-14,Tuolumne,109,53932,5109,4924,44,4968,64
2021-08-14,Ventura,111,848112,87902,86569,3884,90453,1052
2021-08-14,Yolo,113,214977,16284,15815,704,16519,225
2021-08-14,Yuba,115,75493,7396,7223,155,7378,51
2021-08-13,Alameda,001,1643700,104279,100930,2437,103367,1284
2021-08-13,Alpine,003,1148,91,91,0,91,0
2021-08-13,Amador,005,37829,4322,4169,40,4209,49
2021-08-13,Butte,007,227075,14491,14100,2390,16490,206
2021-08-13,Calaveras,009,45235,2634,2564,19,2583,57
2021-08-13,Colusa,011,21464,2175,2123,430,2553,16
2021-08-13,Contra Costa,013,1133247,84328,81046,1716,82762,848
2021-08-13,Del Norte,015,27424,2213,1973,11,1984,8
2021-08-13,El Dorado,017,186661,12534,11951,1065,13016,118
2021-08-13,Fresno,019,978130,110993,108638,9986,118624,1753
2021-08-13,Glenn,021,27897,2612,2574,665,3239,20
2021-08-13,Humboldt,023,135768,6229,5882,113,5995,52
2021-08-13,Imperial,025,180216,29766,29654,2995,32649,745
2021-08-13,Inyo,027,18085,1489,1484,5,1489,39
2021-08-13,Kern,029,883053,103479,102029,13725,115754,1364
2021-08-13,Kings,031,150075,25045,24531,1409,25940,253
2021-08-13,Lake,033,64148,4968,4811,36,4847,68
2021-08-13,Lassen,035,31185,5531,5455,139,5594,21
2021-08-13,Los Angeles,037,10098052,1310673,1295406,50664,1346070,24891
2021-08-13,Madera,039,155013,18020,17614,1188,18802,246
2021-08-13,Marin,041,260295,15713,15380,326,15706,239
2021-08-13,Mariposa,043,17540,615,577,14,591,5
2021-08-13,Mendocino,045,87422,5186,4924,158,5082,49
2021-08-13,Merced,047,269075,33651,33111,1138,34249,480
2021-08-13,Modoc,049,8938,429,421,148,569,5
2021-08-13,Mono,051,14174,1350,1331,13,1344,3
2021-08-13,Monterey,053,433212,44715,44450,2333,46783,527
2021-08-13,Napa,055,140530,11112,10830,64,10894,83
2021-08-13,Nevada,057,99092,6684,6356,230,6586,74
2021-08-13,Orange,059,3164182,278347,274004,13161,287165,5159
2021-08-13,Placer,061,380077,28435,26987,2364,29351,306
2021-08-13,Plumas,063,18699,875,842,16,858,5
2021-08-13,Riverside,065,2383286,316855,312408,15714,328122,4581
2021-08-13,Sacramento,067,1510023,127436,122868,2596,125464,1758
2021-08-13,San Benito,069,59416,6499,6422,128,6550,64
2021-08-13,San Bernardino,071,2135413,315782,311378,9829,321207,5301
2021-08-13,San Diego,073,3302833,318129,312293,18220,330513,3821
2021-08-13,San Francisco,075,870044,45362,44196,2007,46203,567
2021-08-13,San Joaquin,077,732212,82224,80232,4383,84615,1481
2021-08-13,San Luis Obispo,079,281455,23646,23226,929,24155,265
2021-08-13,San Mateo,081,765935,47636,46660,847,47507,548
2021-08-13,Santa Barbara,083,443738,37830,37023,1422,38445,474
2021-08-13,Santa Clara,085,1922200,129772,126958,985,127943,1769
2021-08-13,Santa Cruz,087,273765,17679,17332,944,18276,209
2021-08-13,Shasta,089,179085,14174,13698,1996,15694,211
2021-08-13,Sierra,091,2930,83,81,14,95,0
2021-08-13,Siskiyou,093,43540,2226,2147,561,2708,33
2021-08-13,Solano,095,438530,38888,37104,871,37975,264
2021-08-13,Sonoma,097,501317,35769,34464,435,34899,333
2021-08-13,Stanislaus,099,539301,63016,61294,6999,68293,1039
2021-08-13,Sutter,101,95872,10990,10751,121,10872,130
2021-08-13,Tehama,103,63373,5620,5496,715,6211,66
2021-08-13,Trinity,105,12862,438,392,101,493,3
2021-08-13,Tulare,107,460477,52610,51770,10964,62734,856
2021-08-13,Tuolumne,109,53932,5076,4899,44,4943,64
2021-08-13,Ventura,111,848112,87740,86368,3870,90238,1052
2021-08-13,Yolo,113,214977,16231,15761,694,16455,225
2021-08-13,Yuba,115,75493,7359,7184,155,7339,51
2021-08-12,Alameda,001,1643700,103784,100472,2424,102896,1284
2021-08-12,Alpine,003,1148,91,91,0,91,0
2021-08-12,Amador,005,37829,4292,4161,39,4200,49
2021-08-12,Butte,007,227075,14414,14006,2371,16377,206
2021-08-12,Calaveras,009,45235,2614,2531,19,2550,57
2021-08-12,Colusa,011,21464,2170,2111,429,2540,17
2021-08-12,Contra Costa,013,1133247,83848,80738,1707,82445,846
2021-08-12,Del Norte,015,27424,2141,1923,11,1934,8
2021-08-12,El Dorado,017,186661,12420,11880,1057,12937,118
2021-08-12,Fresno,019,978130,110576,108193,9931,118124,1753
2021-08-12,Glenn,021,27897,2604,2559,658,3217,20
2021-08-12,Humboldt,023,135768,6160,5845,109,5954,52
2021-08-12,Imperial,025,180216,29709,29585,2989,32574,745
2021-08-12,Inyo,027,18085,1487,1483,5,1488,39
2021-08-12,Kern,029,883053,103194,101698,13642,115340,1364
2021-08-12,Kings,031,150075,24946,24423,1399,25822,252
2021-08-12,Lake,033,64148,4943,4774,35,4809,68
2021-08-12,Lassen,035,31185,5510,5428,138,5566,21
2021-08-12,Los Angeles,037,10098052,1307498,1291875,50527,1342402,24874
2021-08-12,Madera,039,155013,17956,17564,1180,18744,246
2021-08-12,Marin,041,260295,15664,15277,322,15599,239
2021-08-12,Mariposa,043,17540,606,568,13,581,5
2021-08-12,Mendocino,045,87422,5156,4873,152,5025,49
2021-08-12,Merced,047,269075,33527,32960,1131,34091,480
2021-08-12,Modoc,049,8938,428,423,148,571,5
2021-08-12,Mono,051,14174,1346,1325,13,1338,3
2021-08-12,Monterey,053,433212,44650,44383,2305,46688,527
2021-08-12,Napa,055,140530,11063,10780,63,10843,83
2021-08-12,Nevada,057,99092,6623,6283,230,6513,74
2021-08-12,Orange,059,3164182,277671,273167,13103,286270,5158
2021-08-12,Placer,061,380077,28231,26856,2340,29196,306
2021-08-12,Plumas,063,18699,867,829,16,845,5
2021-08-12,Riverside,065,2383286,315850,311304,15680,326984,4575
2021-08-12,Sacramento,067,1510023,126674,122222,2564,124786,1758
2021-08-12,San Benito,069,59416,6483,6398,125,6523,64
2021-08-12,San Bernardino,071,2135413,314914,310420,9798,320218,5297
2021-08-12,San Diego,073,3302833,316752,310596,18135,328731,3821
2021-08-12,San Francisco,075,870044,45159,43774,1990,45764,564
2021-08-12,San Joaquin,077,732212,81832,79945,4359,84304,1479
2021-08-12,San Luis Obispo,079,281455,23548,23101,915,24016,264
2021-08-12,San Mateo,081,765935,47503,46435,832,47267,548
2021-08-12,Santa Barbara,083,443738,37696,36881,1411,38292,473
2021-08-12,Santa Clara,085,1922200,129321,126614,979,127593,1769
2021-08-12,Santa Cruz,087,273765,17616,17261,942,18203,209
2021-08-12,Shasta,089,179085,14087,13621,1970,15591,211
2021-08-12,Sierra,091,2930,83,81,14,95,0
2021-08-12,Siskiyou,093,43540,2219,2134,551,2685,33
2021-08-12,Solano,095,438530,38663,36980,863,37843,262
2021-08-12,Sonoma,097,501317,35621,34299,432,34731,333
2021-08-12,Stanislaus,099,539301,62740,61026,6939,67965,1039
2021-08-12,Sutter,101,95872,10929,10695,119,10814,130
2021-08-12,Tehama,103,63373,5592,5462,705,6167,66
2021-08-12,Trinity,105,12862,434,386,100,486,3
2021-08-12,Tulare,107,460477,52465,51632,10912,62544,856
2021-08-12,Tuolumne,109,53932,5029,4845,42,4887,64
2021-08-12,Ventura,111,848112,87505,86106,3846,89952,1052
2021-08-12,Yolo,113,214977,16160,15686,681,16367,224
2021-08-12,Yuba,115,75493,7311,7128,154,7282,51
2021-08-11,Alameda,001,1643700,103253,100040,2419,102459,1281
2021-08-11,Alpine,003,1148,91,91,0,91,0
2021-08-11,Amador,005,37829,4268,4127,39,4166,49
2021-08-11,Butte,007,227075,14309,13905,2346,16251,206
2021-08-11,Calaveras,009,45235,2591,2505,19,2524,57
2021-08-11,Colusa,011,21464,2160,2101,427,2528,16
2021-08-11,Contra Costa,013,1133247,83351,80275,1693,81968,843
2021-08-11,Del Norte,015,27424,2083,1893,11,1904,8
2021-08-11,El Dorado,017,186661,12307,11799,1045,12844,119
2021-08-11,Fresno,019,978130,110118,107773,9888,117661,1751
2021-08-11,Glenn,021,27897,2596,2547,651,3198,20
2021-08-11,Humboldt,023,135768,6113,5765,108,5873,52
2021-08-11,Imperial,025,180216,29666,29565,2985,32550,745
2021-08-11,Inyo,027,18085,1487,1483,5,1488,39
2021-08-11,Kern,029,883053,102883,101448,13528,114976,1363
2021-08-11,Kings,031,150075,24833,24304,1390,25694,250
2021-08-11,Lake,033,64148,4906,4713,34,4747,68
2021-08-11,Lassen,035,31185,5501,5408,136,5544,21
2021-08-11,Los Angeles,037,10098052,1304207,1288238,50333,1338571,24851
2021-08-11,Madera,039,155013,17906,17511,1170,18681,245
2021-08-11,Marin,041,260295,15615,15235,322,15557,239
2021-08-11,Mariposa,043,17540,596,554,12,566,5
2021-08-11,Mendocino,045,87422,5087,4796,144,4940,49
2021-08-11,Merced,047,269075,33394,32802,1126,33928,479
2021-08-11,Modoc,049,8938,428,421,148,569,5
2021-08-11,Mono,051,14174,1342,1320,13,1333,3
2021-08-11,Monterey,053,433212,44560,44314,2278,46592,527
2021-08-11,Napa,055,140530,11022,10732,63,10795,83
2021-08-11,Nevada,057,99092,6569,6172,227,6399,74
2021-08-11,Orange,059,3164182,276827,272212,13065,285277,5155
2021-08-11,Placer,061,380077,28019,26687,2314,29001,305
2021-08-11,Plumas,063,18699,860,824,16,840,5
2021-08-11,Riverside,065,2383286,314867,310265,15636,325901,4570
2021-08-11,Sacramento,067,1510023,125875,121603,2520,124123,1757
2021-08-11,San Benito,069,59416,6470,6381,125,6506,64
2021-08-11,San Bernardino,071,2135413,314024,309498,9776,319274,5296
2021-08-11,San Diego,073,3302833,315276,309406,18036,327442,3818
2021-08-11,San Francisco,075,870044,44939,43555,1980,45535,564
2021-08-11,San Joaquin,077,732212,81430,79641,4335,83976,1478
2021-08-11,San Luis Obispo,079,281455,23445,22920,909,23829,264
2021-08-11,San Mateo,081,765935,47349,46300,818,47118,548
2021-08-11,Santa Barbara,083,443738,37535,36699,1401,38100,472
2021-08-11,Santa Clara,085,1922200,128841,126301,970,127271,1769
2021-08-11,Santa Cruz,087,273765,17550,17191,939,18130,209
2021-08-11,Shasta,089,179085,14014,13546,1954,15500,211
2021-08-11,Sierra,091,2930,82,81,14,95,0
2021-08-11,Siskiyou,093,43540,2205,2124,544,2668,33
2021-08-11,Solano,095,438530,38436,36862,849,37711,262
2021-08-11,Sonoma,097,501317,35445,34188,427,34615,333
2021-08-11,Stanislaus,099,539301,62398,60767,6909,67676,1037
2021-08-11,Sutter,101,95872,10858,10628,119,10747,130
2021-08-11,Tehama,103,63373,5563,5410,688,6098,66
2021-08-11,Trinity,105,12862,432,385,100,485,3
2021-08-11,Tulare,107,460477,52299,51464,10864,62328,854
2021-08-11,Tuolumne,109,53932,4997,4794,42,4836,64
2021-08-11,Ventura,111,848112,87254,85863,3824,89687,1051
2021-08-11,Yolo,113,214977,16087,15593,667,16260,218
2021-08-11,Yuba,115,75493,7252,7063,153,7216,53
2021-08-10,Alameda,001,1643700,102769,99771,2410,102181,1281
2021-08-10,Alpine,003,1148,91,91,0,91,0
2021-08-10,Amador,005,37829,4252,4093,39,4132,49
2021-08-10,Butte,007,227075,14225,13853,2324,16177,205
2021-08-10,Calaveras,009,45235,2568,2491,17,2508,57
2021-08-10,Colusa,011,21464,2147,2088,418,2506,16
2021-08-10,Contra Costa,013,1133247,82813,80018,1683,81701,840
2021-08-10,Del Norte,015,27424,2040,1870,11,1881,8
2021-08-10,El Dorado,017,186661,12208,11734,1035,12769,117
2021-08-10,Fresno,019,978130,109668,107616,9837,117453,1747
2021-08-10,Glenn,021,27897,2583,2538,644,3182,20
2021-08-10,Humboldt,023,135768,6059,5718,105,5823,52
2021-08-10,Imperial,025,180216,29630,29522,2979,32501,745
2021-08-10,Inyo,027,18085,1487,1482,5,1487,39
2021-08-10,Kern,029,883053,102561,101254,13425,114679,1359
2021-08-10,Kings,031,150075,24705,24252,1374,25626,251
2021-08-10,Lake,033,64148,4866,4700,33,4733,67
2021-08-10,Lassen,035,31185,5483,5401,136,5537,21
2021-08-10,Los Angeles,037,10098052,1300492,1285140,50162,1335302,24821
2021-08-10,Madera,039,155013,17834,17481,1160,18641,245
2021-08-10,Marin,041,260295,15568,15194,322,15516,239
2021-08-10,Mariposa,043,17540,583,550,12,562,5
2021-08-10,Mendocino,045,87422,5042,4775,141,4916,49
2021-08-10,Merced,047,269075,33247,32721,1118,33839,477
2021-08-10,Modoc,049,8938,427,421,148,569,5
2021-08-10,Mono,051,14174,1337,1320,13,1333,3
2021-08-10,Monterey,053,433212,44510,44259,2252,46511,527
2021-08-10,Napa,055,140530,10966,10703,62,10765,83
2021-08-10,Nevada,057,99092,6503,6151,226,6377,73
2021-08-10,Orange,059,3164182,275964,271688,13016,284704,5155
2021-08-10,Placer,061,380077,27798,26561,2270,28831,305
2021-08-10,Plumas,063,18699,851,816,16,832,5
2021-08-10,Riverside,065,2383286,313756,309529,15610,325139,4564
2021-08-10,Sacramento,067,1510023,125024,121159,2491,123650,1755
2021-08-10,San Benito,069,59416,6456,6371,125,6496,64
2021-08-10,San Bernardino,071,2135413,313103,308672,9759,318431,5295
2021-08-10,San Diego,073,3302833,313620,308288,17959,326247,3815
2021-08-10,San Francisco,075,870044,44698,43389,1951,45340,564
2021-08-10,San Joaquin,077,732212,81038,79391,4319,83710,1478
2021-08-10,San Luis Obispo,079,281455,23319,22776,907,23683,264
2021-08-10,San Mateo,081,765935,47188,46184,800,46984,548
2021-08-10,Santa Barbara,083,443738,37371,36574,1394,37968,472
2021-08-10,Santa Clara,085,1922200,128381,126019,961,126980,1770
2021-08-10,Santa Cruz,087,273765,17467,17142,937,18079,209
2021-08-10,Shasta,089,179085,13937,13461,1929,15390,211
2021-08-10,Sierra,091,2930,82,76,14,90,0
2021-08-10,Siskiyou,093,43540,2197,2088,536,2624,33
2021-08-10,Solano,095,438530,38200,36767,840,37607,262
2021-08-10,Sonoma,097,501317,35300,34054,424,34478,333
2021-08-10,Stanislaus,099,539301,62051,60605,6872,67477,1037
2021-08-10,Sutter,101,95872,10793,10569,119,10688,130
2021-08-10,Tehama,103,63373,5534,5392,683,6075,66
2021-08-10,Trinity,105,12862,432,384,100,484,3
2021-08-10,Tulare,107,460477,52137,51390,10812,62202,854
2021-08-10,Tuolumne,109,53932,4969,4780,41,4821,64
2021-08-10,Ventura,111,848112,86968,85714,3803,89517,1051
2021-08-10,Yolo,113,214977,16002,15568,655,16223,218
2021-08-10,Yuba,115,75493,7202,7028,153,7181,50
2021-08-09,Alameda,001,1643700,102217,99496,2406,101902,1276
2021-08-09,Alpine,003,1148,91,91,0,91,0
2021-08-09,Amador,005,37829,4226,4078,39,4117,48
2021-08-09,Butte,007,227075,14130,13813,2292,16105,205
2021-08-09,Calaveras,009,45235,2539,2472,17,2489,57
2021-08-09,Colusa,011,21464,2137,2075,410,2485,16
2021-08-09,Contra Costa,013,1133247,82269,79740,1672,81412,840
2021-08-09,Del Norte,015,27424,1972,1848,11,1859,8
2021-08-09,El Dorado,017,186661,12102,11672,1021,12693,117
2021-08-09,Fresno,019,978130,109177,107310,9809,117119,1747
2021-08-09,Glenn,021,27897,2572,2532,634,3166,20
2021-08-09,Humboldt,023,135768,5969,5632,103,5735,52
2021-08-09,Imperial,025,180216,29586,29512,2975,32487,745
2021-08-09,Inyo,027,18085,1487,1481,5,1486,39
2021-08-09,Kern,029,883053,102252,101069,13337,114406,1359
2021-08-09,Kings,031,150075,24599,24155,1358,25513,250
2021-08-09,Lake,033,64148,4831,4670,31,4701,66
2021-08-09,Lassen,035,31185,5461,5393,135,5528,21
2021-08-09,Los Angeles,037,10098052,1296501,1282891,49965,1332856,24798
2021-08-09,Madera,039,155013,17775,17429,1142,18571,245
2021-08-09,Marin,041,260295,15515,15154,321,15475,239
2021-08-09,Mariposa,043,17540,570,545,12,557,5
2021-08-09,Mendocino,045,87422,4991,4732,133,4865,49
2021-08-09,Merced,047,269075,33101,32666,1113,33779,477
2021-08-09,Modoc,049,8938,427,419,148,567,5
2021-08-09,Mono,051,14174,1334,1337,13,1350,3
2021-08-09,Monterey,053,433212,44446,44190,2227,46417,527
2021-08-09,Napa,055,140530,10919,10679,62,10741,83
2021-08-09,Nevada,057,99092,6433,6088,225,6313,73
2021-08-09,Orange,059,3164182,274943,271036,12964,284000,5153
2021-08-09,Placer,061,380077,27579,26457,2237,28694,305
2021-08-09,Plumas,063,18699,835,803,16,819,5
2021-08-09,Riverside,065,2383286,312680,308678,15590,324268,4562
2021-08-09,Sacramento,067,1510023,124204,120812,2467,123279,1748
2021-08-09,San Benito,069,59416,6436,6359,123,6482,63
2021-08-09,San Bernardino,071,2135413,312120,308038,9736,317774,5295
2021-08-09,San Diego,073,3302833,311952,306855,17865,324720,3811
2021-08-09,San Francisco,075,870044,44459,43261,1931,45192,564
2021-08-09,San Joaquin,077,732212,80656,79198,4302,83500,1469
2021-08-09,San Luis Obispo,079,281455,23182,22695,898,23593,264
2021-08-09,San Mateo,081,765935,47035,46040,780,46820,548
2021-08-09,Santa Barbara,083,443738,37188,36474,1387,37861,470
2021-08-09,Santa Clara,085,1922200,127877,125791,950,126741,2187
2021-08-09,Santa Cruz,087,273765,17406,17082,937,18019,209
2021-08-09,Shasta,089,179085,13820,13397,1918,15315,210
2021-08-09,Sierra,091,2930,81,75,14,89,0
2021-08-09,Siskiyou,093,43540,2186,2047,518,2565,32
2021-08-09,Solano,095,438530,37935,36653,837,37490,262
2021-08-09,Sonoma,097,501317,35119,33933,422,34355,333
2021-08-09,Stanislaus,099,539301,61772,60410,6828,67238,1037
2021-08-09,Sutter,101,95872,10745,10525,116,10641,129
2021-08-09,Tehama,103,63373,5491,5373,681,6054,66
2021-08-09,Trinity,105,12862,431,378,99,477,3
2021-08-09,Tulare,107,460477,51979,51274,10746,62020,854
2021-08-09,Tuolumne,109,53932,4927,4745,41,4786,64
2021-08-09,Ventura,111,848112,86697,85514,3793,89307,1047
2021-08-09,Yolo,113,214977,15924,15521,634,16155,218
2021-08-09,Yuba,115,75493,7145,6994,153,7147,50
2021-08-08,Alameda,001,1643700,101662,99135,2398,101533,1276
2021-08-08,Alpine,003,1148,91,91,0,91,0
2021-08-08,Amador,005,37829,4192,4057,38,4095,48
2021-08-08,Butte,007,227075,14044,13791,2273,16064,205
2021-08-08,Calaveras,009,45235,2506,2462,17,2479,57
2021-08-08,Colusa,011,21464,2120,2070,403,2473,16
2021-08-08,Contra Costa,013,1133247,81745,79454,1665,81119,840
2021-08-08,Del Norte,015,27424,1926,1810,11,1821,8
2021-08-08,El Dorado,017,186661,11986,11631,1010,12641,117
2021-08-08,Fresno,019,978130,108740,107078,9776,116854,1747
2021-08-08,Glenn,021,27897,2562,2527,629,3156,20
2021-08-08,Humboldt,023,135768,5878,5571,103,5674,52
2021-08-08,Imperial,025,180216,29562,29485,2965,32450,745
2021-08-08,Inyo,027,18085,1487,1481,5,1486,39
2021-08-08,Kern,029,883053,101934,100909,13223,114132,1359
2021-08-08,Kings,031,150075,24486,24095,1349,25444,250
2021-08-08,Lake,033,64148,4782,4636,30,4666,66
2021-08-08,Lassen,035,31185,5446,5391,134,5525,21
2021-08-08,Los Angeles,037,10098052,1292272,1279982,49776,1329758,24793
2021-08-08,Madera,039,155013,17699,17398,1125,18523,245
2021-08-08,Marin,041,260295,15466,15124,319,15443,239
2021-08-08,Mariposa,043,17540,566,538,12,550,5
2021-08-08,Mendocino,045,87422,4929,4702,119,4821,49
2021-08-08,Merced,047,269075,32955,32634,1103,33737,477
2021-08-08,Modoc,049,8938,426,419,147,566,5
2021-08-08,Mono,051,14174,1330,1336,13,1349,3
2021-08-08,Monterey,053,433212,44385,44171,2206,46377,527
2021-08-08,Napa,055,140530,10883,10668,62,10730,83
2021-08-08,Nevada,057,99092,6348,6009,223,6232,73
2021-08-08,Orange,059,3164182,274041,270532,12924,283456,5153
2021-08-08,Placer,061,380077,27372,26332,2195,28527,305
2021-08-08,Plumas,063,18699,826,803,16,819,5
2021-08-08,Riverside,065,2383286,311562,308042,15565,323607,4562
2021-08-08,Sacramento,067,1510023,123378,120109,2455,122564,1744
2021-08-08,San Benito,069,59416,6419,6350,122,6472,63
2021-08-08,San Bernardino,071,2135413,310974,307378,9705,317083,5295
2021-08-08,San Diego,073,3302833,310604,305983,17771,323754,3811
2021-08-08,San Francisco,075,870044,44205,43098,1905,45003,564
2021-08-08,San Joaquin,077,732212,80208,79002,4286,83288,1469
2021-08-08,San Luis Obispo,079,281455,23008,22668,890,23558,263
2021-08-08,San Mateo,081,765935,46858,45927,765,46692,548
2021-08-08,Santa Barbara,083,443738,37012,36417,1380,37797,470
2021-08-08,Santa Clara,085,1922200,127427,125553,944,126497,2187
2021-08-08,Santa Cruz,087,273765,17332,17035,931,17966,209
2021-08-08,Shasta,089,179085,13735,13381,1907,15288,210
2021-08-08,Sierra,091,2930,81,74,14,88,0
2021-08-08,Siskiyou,093,43540,2170,2041,513,2554,32
2021-08-08,Solano,095,438530,37705,36551,835,37386,262
2021-08-08,Sonoma,097,501317,34873,33805,421,34226,333
2021-08-08,Stanislaus,099,539301,61431,60269,6784,67053,1037
2021-08-08,Sutter,101,95872,10685,10481,115,10596,129
2021-08-08,Tehama,103,63373,5453,5359,678,6037,66
2021-08-08,Trinity,105,12862,426,378,99,477,3
2021-08-08,Tulare,107,460477,51798,51220,10686,61906,854
2021-08-08,Tuolumne,109,53932,4888,4731,41,4772,64
2021-08-08,Ventura,111,848112,86408,85382,3783,89165,1047
2021-08-08,Yolo,113,214977,15833,15477,627,16104,218
2021-08-08,Yuba,115,75493,7106,6967,153,7120,50
2021-08-07,Alameda,001,1643700,101417,98812,2393,101205,1276
2021-08-07,Alpine,003,1148,91,91,0,91,0
2021-08-07,Amador,005,37829,4175,4041,37,4078,48
2021-08-07,Butte,007,227075,13993,13714,2261,15975,205
2021-08-07,Calaveras,009,45235,2496,2446,17,2463,57
2021-08-07,Colusa,011,21464,2115,2067,394,2461,16
2021-08-07,Contra Costa,013,1133247,81450,79168,1661,80829,840
2021-08-07,Del Norte,015,27424,1894,1791,11,1802,8
2021-08-07,El Dorado,017,186661,11936,11575,1000,12575,117
2021-08-07,Fresno,019,978130,108541,106861,9753,116614,1747
2021-08-07,Glenn,021,27897,2556,2515,627,3142,20
2021-08-07,Humboldt,023,135768,5828,5510,100,5610,52
2021-08-07,Imperial,025,180216,29543,29470,2965,32435,745
2021-08-07,Inyo,027,18085,1485,1476,5,1481,39
2021-08-07,Kern,029,883053,101778,100693,13167,113860,1359
2021-08-07,Kings,031,150075,24428,24048,1343,25391,250
2021-08-07,Lake,033,64148,4761,4613,30,4643,66
2021-08-07,Lassen,035,31185,5442,5386,134,5520,21
2021-08-07,Los Angeles,037,10098052,1290278,1276853,49618,1326471,24786
2021-08-07,Madera,039,155013,17668,17366,1119,18485,245
2021-08-07,Marin,041,260295,15433,15085,317,15402,239
2021-08-07,Mariposa,043,17540,563,530,12,542,5
2021-08-07,Mendocino,045,87422,4892,4690,117,4807,49
2021-08-07,Merced,047,269075,32891,32569,1101,33670,477
2021-08-07,Modoc,049,8938,426,419,147,566,5
2021-08-07,Mono,051,14174,1328,1329,13,1342,3
2021-08-07,Monterey,053,433212,44337,44124,2197,46321,527
2021-08-07,Napa,055,140530,10862,10658,61,10719,83
2021-08-07,Nevada,057,99092,6298,5967,221,6188,73
2021-08-07,Orange,059,3164182,273459,269900,12892,282792,5153
2021-08-07,Placer,061,380077,27191,26244,2186,28430,305
2021-08-07,Plumas,063,18699,822,801,16,817,5
2021-08-07,Riverside,065,2383286,310891,307326,15556,322882,4562
2021-08-07,Sacramento,067,1510023,122886,119636,2450,122086,1744
2021-08-07,San Benito,069,59416,6409,6332,122,6454,63
2021-08-07,San Bernardino,071,2135413,310385,306663,9687,316350,5295
2021-08-07,San Diego,073,3302833,309853,304974,17733,322707,3811
2021-08-07,San Francisco,075,870044,44046,42926,1878,44804,564
2021-08-07,San Joaquin,077,732212,80044,78769,4272,83041,1469
2021-08-07,San Luis Obispo,079,281455,22942,22579,889,23468,263
2021-08-07,San Mateo,081,765935,46741,45804,754,46558,548
2021-08-07,Santa Barbara,083,443738,36916,36303,1374,37677,470
2021-08-07,Santa Clara,085,1922200,127157,125196,938,126134,2188
2021-08-07,Santa Cruz,087,273765,17290,16994,929,17923,209
2021-08-07,Shasta,089,179085,13680,13361,1899,15260,210
2021-08-07,Sierra,091,2930,81,74,14,88,0
2021-08-07,Siskiyou,093,43540,2158,2039,511,2550,32
2021-08-07,Solano,095,438530,37589,36458,827,37285,262
2021-08-07,Sonoma,097,501317,34751,33716,421,34137,333
2021-08-07,Stanislaus,099,539301,61245,60093,6760,66853,1037
2021-08-07,Sutter,101,95872,10648,10447,115,10562,129
2021-08-07,Tehama,103,63373,5443,5343,673,6016,66
2021-08-07,Trinity,105,12862,422,377,98,475,3
2021-08-07,Tulare,107,460477,51712,51133,10648,61781,854
2021-08-07,Tuolumne,109,53932,4858,4721,41,4762,64
2021-08-07,Ventura,111,848112,86230,85232,3767,88999,1047
2021-08-07,Yolo,113,214977,15792,15423,619,16042,218
2021-08-07,Yuba,115,75493,7082,6937,151,7088,50
2021-08-06,Alameda,001,1643700,101091,98487,2386,100873,1275
2021-08-06,Alpine,003,1148,91,91,0,91,0
2021-08-06,Amador,005,37829,4154,4002,37,4039,48
2021-08-06,Butte,007,227075,13946,13626,2249,15875,205
2021-08-06,Calaveras,009,45235,2486,2419,17,2436,57
2021-08-06,Colusa,011,21464,2109,2045,388,2433,16
2021-08-06,Contra Costa,013,1133247,81156,78796,1655,80451,840
2021-08-06,Del Norte,015,27424,1869,1755,11,1766,8
2021-08-06,El Dorado,017,186661,11888,11498,988,12486,117
2021-08-06,Fresno,019,978130,108281,106542,9727,116269,1747
2021-08-06,Glenn,021,27897,2541,2504,625,3129,20
2021-08-06,Humboldt,023,135768,5777,5421,97,5518,52
2021-08-06,Imperial,025,180216,29532,29404,2961,32365,745
2021-08-06,Inyo,027,18085,1482,1471,5,1476,39
2021-08-06,Kern,029,883053,101601,100427,13081,113508,1359
2021-08-06,Kings,031,150075,24371,23974,1339,25313,250
2021-08-06,Lake,033,64148,4738,4557,30,4587,66
2021-08-06,Lassen,035,31185,5422,5368,132,5500,21
2021-08-06,Los Angeles,037,10098052,1287801,1273081,49465,1322546,24772
2021-08-06,Madera,039,155013,17630,17324,1110,18434,245
2021-08-06,Marin,041,260295,15401,15051,317,15368,239
2021-08-06,Mariposa,043,17540,554,511,12,523,5
2021-08-06,Mendocino,045,87422,4851,4649,116,4765,49
2021-08-06,Merced,047,269075,32831,32456,1098,33554,477
2021-08-06,Modoc,049,8938,426,419,147,566,5
2021-08-06,Mono,051,14174,1326,1328,13,1341,3
2021-08-06,Monterey,053,433212,44279,44058,2174,46232,527
2021-08-06,Napa,055,140530,10835,10620,61,10681,83
2021-08-06,Nevada,057,99092,6242,5874,221,6095,73
2021-08-06,Orange,059,3164182,272900,269077,12875,281952,5151
2021-08-06,Placer,061,380077,27065,26086,2163,28249,305
2021-08-06,Plumas,063,18699,813,795,16,811,5
2021-08-06,Riverside,065,2383286,310181,306304,15545,321849,4562
2021-08-06,Sacramento,067,1510023,122412,119169,2430,121599,1740
2021-08-06,San Benito,069,59416,6392,6315,122,6437,63
2021-08-06,San Bernardino,071,2135413,309686,305806,9678,315484,5286
2021-08-06,San Diego,073,3302833,308822,303691,17683,321374,3810
2021-08-06,San Francisco,075,870044,43894,42659,1855,44514,565
2021-08-06,San Joaquin,077,732212,79897,78405,4259,82664,1469
2021-08-06,San Luis Obispo,079,281455,22876,22472,884,23356,263
2021-08-06,San Mateo,081,765935,46609,45665,739,46404,548
2021-08-06,Santa Barbara,083,443738,36827,36208,1369,37577,470
2021-08-06,Santa Clara,085,1922200,126867,124767,933,125700,2185
2021-08-06,Santa Cruz,087,273765,17248,16924,925,17849,207
2021-08-06,Shasta,089,179085,13614,13284,1893,15177,210
2021-08-06,Sierra,091,2930,81,73,14,87,0
2021-08-06,Siskiyou,093,43540,2148,2030,507,2537,32
2021-08-06,Solano,095,438530,37480,36351,818,37169,262
2021-08-06,Sonoma,097,501317,34664,33594,420,34014,333
2021-08-06,Stanislaus,099,539301,61093,59854,6738,66592,1037
2021-08-06,Sutter,101,95872,10605,10391,115,10506,128
2021-08-06,Tehama,103,63373,5420,5325,672,5997,66
2021-08-06,Trinity,105,12862,421,371,97,468,3
2021-08-06,Tulare,107,460477,51614,51018,10599,61617,854
2021-08-06,Tuolumne,109,53932,4831,4674,41,4715,64
2021-08-06,Ventura,111,848112,86062,85046,3755,88801,1047
2021-08-06,Yolo,113,214977,15740,15299,612,15911,218
2021-08-06,Yuba,115,75493,7059,6904,151,7055,50
2021-08-05,Alameda,001,1643700,100599,98052,2381,100433,1275
2021-08-05,Alpine,003,1148,91,91,0,91,0
2021-08-05,Amador,005,37829,4134,3992,37,4029,48
2021-08-05,Butte,007,227075,13891,13564,2227,15791,206
2021-08-05,Calaveras,009,45235,2468,2397,17,2414,57
2021-08-05,Colusa,011,21464,2097,2036,384,2420,16
2021-08-05,Contra Costa,013,1133247,80729,78514,1647,80161,840
2021-08-05,Del Norte,015,27424,1842,1731,11,1742,8
2021-08-05,El Dorado,017,186661,11803,11408,977,12385,117
2021-08-05,Fresno,019,978130,107912,106219,9691,115910,1747
2021-08-05,Glenn,021,27897,2536,2494,622,3116,20
2021-08-05,Humboldt,023,135768,5703,5328,96,5424,52
2021-08-05,Imperial,025,180216,29501,29383,2957,32340,745
2021-08-05,Inyo,027,18085,1478,1468,5,1473,38
2021-08-05,Kern,029,883053,101379,100091,12997,113088,1358
2021-08-05,Kings,031,150075,24287,23906,1334,25240,249
2021-08-05,Lake,033,64148,4699,4490,28,4518,66
2021-08-05,Lassen,035,31185,5414,5344,132,5476,21
2021-08-05,Los Angeles,037,10098052,1284599,1269445,49334,1318779,24756
2021-08-05,Madera,039,155013,17590,17301,1102,18403,245
2021-08-05,Marin,041,260295,15358,15005,313,15318,239
2021-08-05,Mariposa,043,17540,543,504,11,515,5
2021-08-05,Mendocino,045,87422,4808,4597,107,4704,49
2021-08-05,Merced,047,269075,32764,32381,1087,33468,477
2021-08-05,Modoc,049,8938,425,418,147,565,5
2021-08-05,Mono,051,14174,1316,1309,13,1322,3
2021-08-05,Monterey,053,433212,44227,43992,2153,46145,527
2021-08-05,Napa,055,140530,10799,10591,59,10650,83
2021-08-05,Nevada,057,99092,6161,5778,218,5996,73
2021-08-05,Orange,059,3164182,272128,268329,12854,281183,5149
2021-08-05,Placer,061,380077,26869,25965,2134,28099,305
2021-08-05,Plumas,063,18699,807,787,15,802,5
2021-08-05,Riverside,065,2383286,309266,305415,15516,320931,4562
2021-08-05,Sacramento,067,1510023,121703,118590,2419,121009,1739
2021-08-05,San Benito,069,59416,6374,6305,122,6427,63
2021-08-05,San Bernardino,071,2135413,308853,304956,9657,314613,5284
2021-08-05,San Diego,073,3302833,307546,302220,17606,319826,3806
2021-08-05,San Francisco,075,870044,43688,42301,1842,44143,564
2021-08-05,San Joaquin,077,732212,79537,78151,4243,82394,1468
2021-08-05,San Luis Obispo,079,281455,22763,22362,879,23241,263
2021-08-05,San Mateo,081,765935,46449,45554,726,46280,548
2021-08-05,Santa Barbara,083,443738,36722,36112,1366,37478,470
2021-08-05,Santa Clara,085,1922200,126536,124490,932,125422,2185
2021-08-05,Santa Cruz,087,273765,17205,16867,922,17789,207
2021-08-05,Shasta,089,179085,13557,13217,1884,15101,210
2021-08-05,Sierra,091,2930,76,73,14,87,0
2021-08-05,Siskiyou,093,43540,2127,2024,497,2521,32
2021-08-05,Solano,095,438530,37306,36250,811,37061,262
2021-08-05,Sonoma,097,501317,34528,33455,419,33874,330
2021-08-05,Stanislaus,099,539301,60847,59692,6699,66391,1037
2021-08-05,Sutter,101,95872,10550,10349,115,10464,127
2021-08-05,Tehama,103,63373,5402,5305,668,5973,66
2021-08-05,Trinity,105,12862,415,367,97,464,3
2021-08-05,Tulare,107,460477,51499,50889,10540,61429,854
2021-08-05,Tuolumne,109,53932,4801,4619,41,4660,64
2021-08-05,Ventura,111,848112,85810,84837,3741,88578,1047
2021-08-05,Yolo,113,214977,15679,15250,601,15851,218
2021-08-05,Yuba,115,75493,7016,6872,149,7021,50
2021-08-04,Alameda,001,1643700,100096,97477,2370,99847,1274
2021-08-04,Alpine,003,1148,91,91,0,91,0
2021-08-04,Amador,005,37829,4104,3962,36,3998,48
2021-08-04,Butte,007,227075,13826,13509,2209,15718,205
2021-08-04,Calaveras,009,45235,2445,2374,17,2391,57
2021-08-04,Colusa,011,21464,2085,2025,378,2403,16
2021-08-04,Contra Costa,013,1133247,80214,77966,1641,79607,840
2021-08-04,Del Norte,015,27424,1819,1701,11,1712,8
2021-08-04,El Dorado,017,186661,11725,11319,966,12285,117
2021-08-04,Fresno,019,978130,107548,105899,9654,115553,1747
2021-08-04,Glenn,021,27897,2529,2487,622,3109,20
2021-08-04,Humboldt,023,135768,5627,5271,95,5366,52
2021-08-04,Imperial,025,180216,29453,29375,2955,32330,745
2021-08-04,Inyo,027,18085,1477,1465,5,1470,38
2021-08-04,Kern,029,883053,101129,99868,12912,112780,1358
2021-08-04,Kings,031,150075,24217,23840,1326,25166,250
2021-08-04,Lake,033,64148,4668,4423,22,4445,65
2021-08-04,Lassen,035,31185,5405,5340,132,5472,21
2021-08-04,Los Angeles,037,10098052,1281135,1265788,49170,1314958,24737
2021-08-04,Madera,039,155013,17555,17251,1095,18346,245
2021-08-04,Marin,041,260295,15311,14950,312,15262,239
2021-08-04,Mariposa,043,17540,528,497,11,508,5
2021-08-04,Mendocino,045,87422,4784,4560,103,4663,49
2021-08-04,Merced,047,269075,32626,32274,1084,33358,476
2021-08-04,Modoc,049,8938,425,416,147,563,5
2021-08-04,Mono,051,14174,1313,1307,13,1320,3
2021-08-04,Monterey,053,433212,44168,43926,2136,46062,526
2021-08-04,Napa,055,140530,10761,10544,59,10603,82
2021-08-04,Nevada,057,99092,6096,5702,217,5919,73
2021-08-04,Orange,059,3164182,271265,267199,12813,280012,5146
2021-08-04,Placer,061,380077,26658,25688,2114,27802,305
2021-08-04,Plumas,063,18699,800,784,15,799,5
2021-08-04,Riverside,065,2383286,308341,304272,15490,319762,4562
2021-08-04,Sacramento,067,1510023,120959,117882,2390,120272,1736
2021-08-04,San Benito,069,59416,6359,6300,122,6422,63
2021-08-04,San Bernardino,071,2135413,308000,304164,9639,313803,5285
2021-08-04,San Diego,073,3302833,306026,301100,17546,318646,3805
2021-08-04,San Francisco,075,870044,43439,41913,1825,43738,562
2021-08-04,San Joaquin,077,732212,79184,77846,4231,82077,1466
2021-08-04,San Luis Obispo,079,281455,22656,22245,873,23118,262
2021-08-04,San Mateo,081,765935,46283,45392,718,46110,548
2021-08-04,Santa Barbara,083,443738,36595,36013,1357,37370,470
2021-08-04,Santa Clara,085,1922200,126145,124127,925,125052,2183
2021-08-04,Santa Cruz,087,273765,17143,16820,915,17735,208
2021-08-04,Shasta,089,179085,13505,13134,1873,15007,211
2021-08-04,Sierra,091,2930,76,73,14,87,0
2021-08-04,Siskiyou,093,43540,2107,2010,492,2502,32
2021-08-04,Solano,095,438530,37110,36025,802,36827,262
2021-08-04,Sonoma,097,501317,34357,33311,417,33728,330
2021-08-04,Stanislaus,099,539301,60607,59396,6670,66066,1037
2021-08-04,Sutter,101,95872,10513,10294,115,10409,127
2021-08-04,Tehama,103,63373,5376,5281,664,5945,66
2021-08-04,Trinity,105,12862,413,362,94,456,3
2021-08-04,Tulare,107,460477,51391,50797,10494,61291,855
2021-08-04,Tuolumne,109,53932,4776,4584,41,4625,64
2021-08-04,Ventura,111,848112,85556,84406,3718,88124,1047
2021-08-04,Yolo,113,214977,15602,15189,588,15777,215
2021-08-04,Yuba,115,75493,6976,6827,148,6975,50
2021-08-03,Alameda,001,1643700,99640,97275,2365,99640,1270
2021-08-03,Alpine,003,1148,91,91,0,91,0
2021-08-03,Amador,005,37829,4069,3953,36,3989,48
2021-08-03,Butte,007,227075,13761,13468,2194,15662,205
2021-08-03,Calaveras,009,45235,2421,2356,17,2373,57
2021-08-03,Colusa,011,21464,2072,2023,372,2395,16
2021-08-03,Contra Costa,013,1133247,79730,77739,1635,79374,836
2021-08-03,Del Norte,015,27424,1788,1691,10,1701,8
2021-08-03,El Dorado,017,186661,11635,11255,957,12212,117
2021-08-03,Fresno,019,978130,107189,105732,9622,115354,1746
2021-08-03,Glenn,021,27897,2522,2481,618,3099,20
2021-08-03,Humboldt,023,135768,5562,5199,90,5289,52
2021-08-03,Imperial,025,180216,29431,29333,2948,32281,745
2021-08-03,Inyo,027,18085,1474,1459,5,1464,38
2021-08-03,Kern,029,883053,100868,99708,12833,112541,1358
2021-08-03,Kings,031,150075,24129,23780,1319,25099,249
2021-08-03,Lake,033,64148,4612,4408,18,4426,66
2021-08-03,Lassen,035,31185,5395,5341,132,5473,21
2021-08-03,Los Angeles,037,10098052,1277416,1262678,48992,1311670,24721
2021-08-03,Madera,039,155013,17516,17220,1079,18299,245
2021-08-03,Marin,041,260295,15262,14906,309,15215,243
2021-08-03,Mariposa,043,17540,517,495,11,506,5
2021-08-03,Mendocino,045,87422,4735,4546,101,4647,49
2021-08-03,Merced,047,269075,32543,32197,1082,33279,476
2021-08-03,Modoc,049,8938,425,416,147,563,5
2021-08-03,Mono,051,14174,1307,1303,13,1316,3
2021-08-03,Monterey,053,433212,44108,43872,2120,45992,525
2021-08-03,Napa,055,140530,10718,10527,58,10585,82
2021-08-03,Nevada,057,99092,6015,5685,216,5901,73
2021-08-03,Orange,059,3164182,270527,266649,12782,279431,5146
2021-08-03,Placer,061,380077,26460,25624,2089,27713,305
2021-08-03,Plumas,063,18699,794,779,15,794,5
2021-08-03,Riverside,065,2383286,307418,303499,15463,318962,4562
2021-08-03,Sacramento,067,1510023,120244,117591,2368,119959,1732
2021-08-03,San Benito,069,59416,6343,6284,121,6405,63
2021-08-03,San Bernardino,071,2135413,307083,303386,9619,313005,5265
2021-08-03,San Diego,073,3302833,304578,300189,17446,317635,3803
2021-08-03,San Francisco,075,870044,43160,41758,1800,43558,562
2021-08-03,San Joaquin,077,732212,78837,77615,4212,81827,1461
2021-08-03,San Luis Obispo,079,281455,22521,22166,867,23033,264
2021-08-03,San Mateo,081,765935,46104,45255,698,45953,548
2021-08-03,Santa Barbara,083,443738,36476,35912,1351,37263,469
2021-08-03,Santa Clara,085,1922200,125724,123914,919,124833,2183
2021-08-03,Santa Cruz,087,273765,17076,16778,912,17690,207
2021-08-03,Shasta,089,179085,13431,13091,1863,14954,211
2021-08-03,Sierra,091,2930,76,72,14,86,0
2021-08-03,Siskiyou,093,43540,2096,1998,487,2485,32
2021-08-03,Solano,095,438530,36900,35953,790,36743,261
2021-08-03,Sonoma,097,501317,34174,33243,416,33659,330
2021-08-03,Stanislaus,099,539301,60375,59282,6651,65933,1037
2021-08-03,Sutter,101,95872,10473,10263,115,10378,127
2021-08-03,Tehama,103,63373,5351,5269,659,5928,66
2021-08-03,Trinity,105,12862,409,361,91,452,3
2021-08-03,Tulare,107,460477,51296,50729,10447,61176,854
2021-08-03,Tuolumne,109,53932,4741,4563,41,4604,64
2021-08-03,Ventura,111,848112,85316,84270,3695,87965,1046
2021-08-03,Yolo,113,214977,15514,15149,573,15722,215
2021-08-03,Yuba,115,75493,6940,6781,148,6929,50
2021-08-02,Alameda,001,1643700,99082,96954,2360,99314,1270
2021-08-02,Alpine,003,1148,91,91,0,91,0
2021-08-02,Amador,005,37829,4049,3927,36,3963,48
2021-08-02,Butte,007,227075,13684,13442,2175,15617,205
2021-08-02,Calaveras,009,45235,2391,2347,17,2364,57
2021-08-02,Colusa,011,21464,2060,2019,369,2388,16
2021-08-02,Contra Costa,013,1133247,79223,77516,1620,79136,836
2021-08-02,Del Norte,015,27424,1760,1653,10,1663,8
2021-08-02,El Dorado,017,186661,11530,11226,943,12169,116
2021-08-02,Fresno,019,978130,106847,105471,9585,115056,1744
2021-08-02,Glenn,021,27897,2514,2477,616,3093,20
2021-08-02,Humboldt,023,135768,5477,5161,88,5249,52
2021-08-02,Imperial,025,180216,29397,29302,2945,32247,743
2021-08-02,Inyo,027,18085,1468,1455,5,1460,38
2021-08-02,Kern,029,883053,100613,99556,12738,112294,1357
2021-08-02,Kings,031,150075,24060,23722,1312,25034,249
2021-08-02,Lake,033,64148,4570,4375,18,4393,66
2021-08-02,Lassen,035,31185,5373,5338,130,5468,21
2021-08-02,Los Angeles,037,10098052,1273709,1260807,48779,1309586,24705
2021-08-02,Madera,039,155013,17473,17158,1065,18223,245
2021-08-02,Marin,041,260295,15219,14859,307,15166,239
2021-08-02,Mariposa,043,17540,508,490,11,501,5
2021-08-02,Mendocino,045,87422,4695,4512,98,4610,49
2021-08-02,Merced,047,269075,32445,32163,1078,33241,474
2021-08-02,Modoc,049,8938,425,415,147,562,5
2021-08-02,Mono,051,14174,1303,1296,13,1309,3
2021-08-02,Monterey,053,433212,44050,43842,2110,45952,525
2021-08-02,Napa,055,140530,10675,10490,55,10545,82
2021-08-02,Nevada,057,99092,5944,5611,215,5826,73
2021-08-02,Orange,059,3164182,269618,266050,12736,278786,5146
2021-08-02,Placer,061,380077,26315,25516,2053,27569,306
2021-08-02,Plumas,063,18699,787,762,15,777,5
2021-08-02,Riverside,065,2383286,306483,302756,15447,318203,4562
2021-08-02,Sacramento,067,1510023,119542,117183,2347,119530,1728
2021-08-02,San Benito,069,59416,6324,6276,120,6396,63
2021-08-02,San Bernardino,071,2135413,306209,303000,9585,312585,5253
2021-08-02,San Diego,073,3302833,303086,299021,17377,316398,3798
2021-08-02,San Francisco,075,870044,42868,41553,1772,43325,562
2021-08-02,San Joaquin,077,732212,78498,77447,4185,81632,1461
2021-08-02,San Luis Obispo,079,281455,22428,22093,862,22955,261
2021-08-02,San Mateo,081,765935,45939,45154,675,45829,548
2021-08-02,Santa Barbara,083,443738,36339,35851,1345,37196,469
2021-08-02,Santa Clara,085,1922200,125254,123655,911,124566,2183
2021-08-02,Santa Cruz,087,273765,17019,16746,908,17654,207
2021-08-02,Shasta,089,179085,13368,13049,1849,14898,212
2021-08-02,Sierra,091,2930,76,71,14,85,0
2021-08-02,Siskiyou,093,43540,2085,1992,473,2465,31
2021-08-02,Solano,095,438530,36657,35852,781,36633,260
2021-08-02,Sonoma,097,501317,33947,33132,411,33543,330
2021-08-02,Stanislaus,099,539301,60142,59160,6636,65796,1037
2021-08-02,Sutter,101,95872,10427,10220,115,10335,127
2021-08-02,Tehama,103,63373,5327,5260,655,5915,66
2021-08-02,Trinity,105,12862,404,359,90,449,3
2021-08-02,Tulare,107,460477,51195,50640,10373,61013,854
2021-08-02,Tuolumne,109,53932,4675,4524,41,4565,64
2021-08-02,Ventura,111,848112,85132,84143,3672,87815,1044
2021-08-02,Yolo,113,214977,15416,15072,554,15626,215
2021-08-02,Yuba,115,75493,6898,6743,148,6891,50
2021-08-01,Alameda,001,1643700,98547,96775,2355,99130,1270
2021-08-01,Alpine,003,1148,91,91,0,91,0
2021-08-01,Amador,005,37829,4012,3923,35,3958,48
2021-08-01,Butte,007,227075,13604,13406,2158,15564,205
2021-08-01,Calaveras,009,45235,2366,2341,17,2358,57
2021-08-01,Colusa,011,21464,2049,2014,367,2381,16
2021-08-01,Contra Costa,013,1133247,78788,77360,1612,78972,836
2021-08-01,Del Norte,015,27424,1730,1642,10,1652,8
2021-08-01,El Dorado,017,186661,11429,11189,933,12122,116
2021-08-01,Fresno,019,978130,106521,105339,9539,114878,1744
2021-08-01,Glenn,021,27897,2508,2476,614,3090,20
2021-08-01,Humboldt,023,135768,5401,5118,84,5202,52
2021-08-01,Imperial,025,180216,29362,29297,2941,32238,743
2021-08-01,Inyo,027,18085,1466,1454,5,1459,38
2021-08-01,Kern,029,883053,100338,99396,12661,112057,1357
2021-08-01,Kings,031,150075,23972,23700,1306,25006,249
2021-08-01,Lake,033,64148,4491,4356,18,4374,66
2021-08-01,Lassen,035,31185,5361,5336,128,5464,21
2021-08-01,Los Angeles,037,10098052,1270039,1258461,48549,1307010,24700
2021-08-01,Madera,039,155013,17416,17146,1060,18206,245
2021-08-01,Marin,041,260295,15146,14844,306,15150,239
2021-08-01,Mariposa,043,17540,501,482,11,493,5
2021-08-01,Mendocino,045,87422,4649,4476,94,4570,49
2021-08-01,Merced,047,269075,32357,32144,1074,33218,474
2021-08-01,Modoc,049,8938,424,413,147,560,5
2021-08-01,Mono,051,14174,1300,1294,13,1307,3
2021-08-01,Monterey,053,433212,44004,43808,2095,45903,525
2021-08-01,Napa,055,140530,10629,10473,53,10526,82
2021-08-01,Nevada,057,99092,5860,5561,214,5775,73
2021-08-01,Orange,059,3164182,268821,265467,12692,278159,5146
2021-08-01,Placer,061,380077,26101,25464,2023,27487,306
2021-08-01,Plumas,063,18699,781,761,15,776,5
2021-08-01,Riverside,065,2383286,305555,302256,15428,317684,4562
2021-08-01,Sacramento,067,1510023,118822,116923,2330,119253,1727
2021-08-01,San Benito,069,59416,6307,6271,120,6391,63
2021-08-01,San Bernardino,071,2135413,305278,302542,9574,312116,5248
2021-08-01,San Diego,073,3302833,301891,298002,17319,315321,3798
2021-08-01,San Francisco,075,870044,42531,41432,1758,43190,562
2021-08-01,San Joaquin,077,732212,78132,77338,4159,81497,1461
2021-08-01,San Luis Obispo,079,281455,22325,22083,857,22940,261
2021-08-01,San Mateo,081,765935,45768,45036,659,45695,548
2021-08-01,Santa Barbara,083,443738,36219,35809,1341,37150,469
2021-08-01,Santa Clara,085,1922200,124844,123511,902,124413,2183
2021-08-01,Santa Cruz,087,273765,16943,16709,898,17607,207
2021-08-01,Shasta,089,179085,13297,13036,1840,14876,212
2021-08-01,Sierra,091,2930,74,71,14,85,0
2021-08-01,Siskiyou,093,43540,2079,1989,467,2456,31
2021-08-01,Solano,095,438530,36440,35800,774,36574,260
2021-08-01,Sonoma,097,501317,33755,33076,408,33484,330
2021-08-01,Stanislaus,099,539301,59903,59078,6615,65693,1037
2021-08-01,Sutter,101,95872,10372,10198,112,10310,127
2021-08-01,Tehama,103,63373,5311,5252,650,5902,66
2021-08-01,Trinity,105,12862,401,359,89,448,3
2021-08-01,Tulare,107,460477,51040,50600,10309,60909,854
2021-08-01,Tuolumne,109,53932,4637,4489,41,4530,64
2021-08-01,Ventura,111,848112,84905,84040,3657,87697,1044
2021-08-01,Yolo,113,214977,15345,15042,544,15586,215
2021-08-01,Yuba,115,75493,6860,6721,148,6869,50
2021-07-31,Alameda,001,1643700,98228,95279,2349,97628,1265
2021-07-31,Alpine,003,1148,91,89,0,89,0
2021-07-31,Amador,005,37829,3992,3877,35,3912,48
2021-07-31,Butte,007,227075,13572,13235,2137,15372,205
2021-07-31,Calaveras,009,45235,2359,2294,17,2311,57
2021-07-31,Colusa,011,21464,2043,2006,365,2371,16
2021-07-31,Contra Costa,013,1133247,78509,75866,1610,77476,832
2021-07-31,Del Norte,015,27424,1707,1576,10,1586,8
2021-07-31,El Dorado,017,186661,11376,11017,927,11944,116
2021-07-31,Fresno,019,978130,106363,104639,9524,114163,1744
2021-07-31,Glenn,021,27897,2503,2465,610,3075,20
2021-07-31,Humboldt,023,135768,5346,4978,83,5061,52
2021-07-31,Imperial,025,180216,29345,29164,2938,32102,743
2021-07-31,Inyo,027,18085,1463,1442,5,1447,38
2021-07-31,Kern,029,883053,100175,98903,12600,111503,1357
2021-07-31,Kings,031,150075,23920,23548,1301,24849,248
2021-07-31,Lake,033,64148,4467,4238,17,4255,66
2021-07-31,Lassen,035,31185,5355,5320,128,5448,21
2021-07-31,Los Angeles,037,10098052,1267858,1248545,48396,1296941,24691
2021-07-31,Madera,039,155013,17383,17058,1054,18112,245
2021-07-31,Marin,041,260295,15102,14701,305,15006,239
2021-07-31,Mariposa,043,17540,492,470,11,481,5
2021-07-31,Mendocino,045,87422,4624,4400,91,4491,49
2021-07-31,Merced,047,269075,32310,31959,1068,33027,474
2021-07-31,Modoc,049,8938,424,413,147,560,5
2021-07-31,Mono,051,14174,1299,1287,13,1300,3
2021-07-31,Monterey,053,433212,43967,43720,2086,45806,525
2021-07-31,Napa,055,140530,10609,10401,52,10453,82
2021-07-31,Nevada,057,99092,5821,5373,213,5586,72
2021-07-31,Orange,059,3164182,268253,263446,12670,276116,5144
2021-07-31,Placer,061,380077,25966,25104,2016,27120,306
2021-07-31,Plumas,063,18699,778,743,15,758,5
2021-07-31,Riverside,065,2383286,304939,300315,15419,315734,4554
2021-07-31,Sacramento,067,1510023,118425,115259,2324,117583,1720
2021-07-31,San Benito,069,59416,6296,6251,120,6371,63
2021-07-31,San Bernardino,071,2135413,304710,300726,9571,310297,5240
2021-07-31,San Diego,073,3302833,301214,295054,17283,312337,3798
2021-07-31,San Francisco,075,870044,42315,40412,1732,42144,562
2021-07-31,San Joaquin,077,732212,77967,76575,4147,80722,1443
2021-07-31,San Luis Obispo,079,281455,22270,21922,855,22777,260
2021-07-31,San Mateo,081,765935,45620,44622,647,45269,548
2021-07-31,Santa Barbara,083,443738,36140,35531,1339,36870,467
2021-07-31,Santa Clara,085,1922200,124588,122614,900,123514,2099
2021-07-31,Santa Cruz,087,273765,16904,16576,897,17473,207
2021-07-31,Shasta,089,179085,13261,12918,1832,14750,212
2021-07-31,Sierra,091,2930,74,68,14,82,0
2021-07-31,Siskiyou,093,43540,2070,1976,461,2437,31
2021-07-31,Solano,095,438530,36341,35340,768,36108,263
2021-07-31,Sonoma,097,501317,33630,32601,408,33009,329
2021-07-31,Stanislaus,099,539301,59744,58586,6594,65180,1035
2021-07-31,Sutter,101,95872,10337,10068,111,10179,127
2021-07-31,Tehama,103,63373,5296,5216,647,5863,66
2021-07-31,Trinity,105,12862,400,354,88,442,3
2021-07-31,Tulare,107,460477,50957,50409,10251,60660,854
2021-07-31,Tuolumne,109,53932,4598,4362,41,4403,64
2021-07-31,Ventura,111,848112,84746,83509,3640,87149,1044
2021-07-31,Yolo,113,214977,15298,14863,532,15395,215
2021-07-31,Yuba,115,75493,6837,6615,147,6762,50
2021-07-30,Alameda,001,1643700,97896,95279,2344,97623,1265
2021-07-30,Alpine,003,1148,91,89,0,89,0
2021-07-30,Amador,005,37829,3969,3877,35,3912,48
2021-07-30,Butte,007,227075,13517,13235,2124,15359,205
2021-07-30,Calaveras,009,45235,2354,2294,17,2311,57
2021-07-30,Colusa,011,21464,2039,2006,363,2369,16
2021-07-30,Contra Costa,013,1133247,78267,75866,1606,77472,832
2021-07-30,Del Norte,015,27424,1689,1576,10,1586,8
2021-07-30,El Dorado,017,186661,11344,11017,920,11937,116
2021-07-30,Fresno,019,978130,106168,104639,9512,114151,1744
2021-07-30,Glenn,021,27897,2498,2465,609,3074,20
2021-07-30,Humboldt,023,135768,5282,4978,80,5058,52
2021-07-30,Imperial,025,180216,29331,29164,2935,32099,743
2021-07-30,Inyo,027,18085,1462,1442,5,1447,38
2021-07-30,Kern,029,883053,100051,98903,12551,111454,1357
2021-07-30,Kings,031,150075,23879,23548,1297,24845,248
2021-07-30,Lake,033,64148,4439,4238,17,4255,66
2021-07-30,Lassen,035,31185,5351,5320,128,5448,21
2021-07-30,Los Angeles,037,10098052,1265547,1248545,48239,1296784,24691
2021-07-30,Madera,039,155013,17342,17058,1050,18108,245
2021-07-30,Marin,041,260295,15068,14701,305,15006,239
2021-07-30,Mariposa,043,17540,489,470,11,481,5
2021-07-30,Mendocino,045,87422,4594,4400,90,4490,49
2021-07-30,Merced,047,269075,32270,31959,1063,33022,474
2021-07-30,Modoc,049,8938,422,413,147,560,5
2021-07-30,Mono,051,14174,1293,1287,13,1300,3
2021-07-30,Monterey,053,433212,43935,43720,2076,45796,525
2021-07-30,Napa,055,140530,10587,10401,51,10452,82
2021-07-30,Nevada,057,99092,5764,5373,213,5586,72
2021-07-30,Orange,059,3164182,267626,263446,12641,276087,5144
2021-07-30,Placer,061,380077,25878,25104,1998,27102,306
2021-07-30,Plumas,063,18699,773,743,15,758,5
2021-07-30,Riverside,065,2383286,304302,300315,15408,315723,4554
2021-07-30,Sacramento,067,1510023,117982,115259,2320,117579,1720
2021-07-30,San Benito,069,59416,6289,6251,120,6371,63
2021-07-30,San Bernardino,071,2135413,304199,300726,9565,310291,5240
2021-07-30,San Diego,073,3302833,300442,295054,17225,312279,3798
2021-07-30,San Francisco,075,870044,42102,40412,1716,42128,562
2021-07-30,San Joaquin,077,732212,77814,76575,4141,80716,1443
2021-07-30,San Luis Obispo,079,281455,22234,21922,851,22773,260
2021-07-30,San Mateo,081,765935,45497,44622,631,45253,548
2021-07-30,Santa Barbara,083,443738,36072,35531,1333,36864,467
2021-07-30,Santa Clara,085,1922200,124363,122614,898,123512,2099
2021-07-30,Santa Cruz,087,273765,16878,16576,895,17471,207
2021-07-30,Shasta,089,179085,13214,12918,1832,14750,212
2021-07-30,Sierra,091,2930,73,68,14,82,0
2021-07-30,Siskiyou,093,43540,2061,1976,460,2436,31
2021-07-30,Solano,095,438530,36251,35340,752,36092,263
2021-07-30,Sonoma,097,501317,33536,32601,408,33009,329
2021-07-30,Stanislaus,099,539301,59599,58586,6574,65160,1035
2021-07-30,Sutter,101,95872,10301,10068,111,10179,127
2021-07-30,Tehama,103,63373,5285,5216,647,5863,66
2021-07-30,Trinity,105,12862,400,354,88,442,3
2021-07-30,Tulare,107,460477,50914,50409,10214,60623,854
2021-07-30,Tuolumne,109,53932,4580,4362,41,4403,64
2021-07-30,Ventura,111,848112,84584,83509,3623,87132,1044
2021-07-30,Yolo,113,214977,15237,14863,528,15391,215
2021-07-30,Yuba,115,75493,6801,6615,146,6761,50
2021-07-29,Alameda,001,1643700,97469,95279,2339,97618,1265
2021-07-29,Alpine,003,1148,91,89,0,89,0
2021-07-29,Amador,005,37829,3950,3877,35,3912,48
2021-07-29,Butte,007,227075,13469,13235,2116,15351,205
2021-07-29,Calaveras,009,45235,2334,2294,17,2311,57
2021-07-29,Colusa,011,21464,2032,2006,363,2369,16
2021-07-29,Contra Costa,013,1133247,77829,75866,1602,77468,832
2021-07-29,Del Norte,015,27424,1665,1576,10,1586,8
2021-07-29,El Dorado,017,186661,11278,11017,908,11925,116
2021-07-29,Fresno,019,978130,105906,104639,9484,114123,1744
2021-07-29,Glenn,021,27897,2488,2465,608,3073,20
2021-07-29,Humboldt,023,135768,5221,4978,78,5056,52
2021-07-29,Imperial,025,180216,29285,29164,2933,32097,743
2021-07-29,Inyo,027,18085,1458,1442,5,1447,38
2021-07-29,Kern,029,883053,99844,98903,12473,111376,1357
2021-07-29,Kings,031,150075,23836,23548,1292,24840,248
2021-07-29,Lake,033,64148,4404,4238,17,4255,66
2021-07-29,Lassen,035,31185,5343,5320,125,5445,21
2021-07-29,Los Angeles,037,10098052,1262474,1248545,48047,1296592,24691
2021-07-29,Madera,039,155013,17297,17058,1045,18103,245
2021-07-29,Marin,041,260295,15024,14701,305,15006,239
2021-07-29,Mariposa,043,17540,485,470,11,481,5
2021-07-29,Mendocino,045,87422,4571,4400,88,4488,49
2021-07-29,Merced,047,269075,32215,31959,1063,33022,474
2021-07-29,Modoc,049,8938,422,413,147,560,5
2021-07-29,Mono,051,14174,1291,1287,13,1300,3
2021-07-29,Monterey,053,433212,43886,43720,2065,45785,525
2021-07-29,Napa,055,140530,10555,10401,49,10450,82
2021-07-29,Nevada,057,99092,5712,5373,212,5585,72
2021-07-29,Orange,059,3164182,266921,263446,12608,276054,5144
2021-07-29,Placer,061,380077,25756,25104,1982,27086,306
2021-07-29,Plumas,063,18699,765,743,15,758,5
2021-07-29,Riverside,065,2383286,303598,300315,15384,315699,4554
2021-07-29,Sacramento,067,1510023,117428,115259,2306,117565,1720
2021-07-29,San Benito,069,59416,6278,6251,120,6371,63
2021-07-29,San Bernardino,071,2135413,303561,300726,9555,310281,5240
2021-07-29,San Diego,073,3302833,299381,295054,17165,312219,3798
2021-07-29,San Francisco,075,870044,41857,40412,1692,42104,562
2021-07-29,San Joaquin,077,732212,77558,76575,4133,80708,1443
2021-07-29,San Luis Obispo,079,281455,22180,21922,849,22771,260
2021-07-29,San Mateo,081,765935,45370,44622,621,45243,548
2021-07-29,Santa Barbara,083,443738,35987,35531,1331,36862,467
2021-07-29,Santa Clara,085,1922200,124066,122614,894,123508,2099
2021-07-29,Santa Cruz,087,273765,16825,16576,893,17469,207
2021-07-29,Shasta,089,179085,13161,12918,1823,14741,212
2021-07-29,Sierra,091,2930,73,68,14,82,0
2021-07-29,Siskiyou,093,43540,2056,1976,458,2434,31
2021-07-29,Solano,095,438530,36096,35340,742,36082,263
2021-07-29,Sonoma,097,501317,33362,32601,406,33007,329
2021-07-29,Stanislaus,099,539301,59425,58586,6556,65142,1035
2021-07-29,Sutter,101,95872,10255,10068,110,10178,127
2021-07-29,Tehama,103,63373,5273,5216,641,5857,66
2021-07-29,Trinity,105,12862,398,354,87,441,3
2021-07-29,Tulare,107,460477,50826,50409,10172,60581,854
2021-07-29,Tuolumne,109,53932,4542,4362,40,4402,64
2021-07-29,Ventura,111,848112,84416,83509,3616,87125,1044
2021-07-29,Yolo,113,214977,15170,14863,515,15378,215
2021-07-29,Yuba,115,75493,6753,6615,145,6760,50
2021-07-28,Alameda,001,1643700,97007,94965,2332,97297,1262
2021-07-28,Alpine,003,1148,91,89,0,89,0
2021-07-28,Amador,005,37829,3936,3870,35,3905,48
2021-07-28,Butte,007,227075,13413,13184,2103,15287,205
2021-07-28,Calaveras,009,45235,2319,2289,17,2306,57
2021-07-28,Colusa,011,21464,2028,2001,362,2363,16
2021-07-28,Contra Costa,013,1133247,77345,75487,1594,77081,832
2021-07-28,Del Norte,015,27424,1634,1545,10,1555,8
2021-07-28,El Dorado,017,186661,11231,10967,898,11865,116
2021-07-28,Fresno,019,978130,105660,104458,9464,113922,1744
2021-07-28,Glenn,021,27897,2484,2464,605,3069,20
2021-07-28,Humboldt,023,135768,5170,4946,77,5023,52
2021-07-28,Imperial,025,180216,29238,29096,2933,32029,743
2021-07-28,Inyo,027,18085,1452,1439,4,1443,38
2021-07-28,Kern,029,883053,99691,98781,12423,111204,1352
2021-07-28,Kings,031,150075,23772,23503,1282,24785,248
2021-07-28,Lake,033,64148,4358,4191,15,4206,65
2021-07-28,Lassen,035,31185,5335,5318,125,5443,21
2021-07-28,Los Angeles,037,10098052,1259325,1245485,47873,1293358,24673
2021-07-28,Madera,039,155013,17256,17024,1039,18063,245
2021-07-28,Marin,041,260295,14970,14652,305,14957,239
2021-07-28,Mariposa,043,17540,478,469,11,480,5
2021-07-28,Mendocino,045,87422,4543,4377,88,4465,49
2021-07-28,Merced,047,269075,32151,31886,1059,32945,474
2021-07-28,Modoc,049,8938,420,413,147,560,5
2021-07-28,Mono,051,14174,1291,1286,13,1299,3
2021-07-28,Monterey,053,433212,43839,43668,2055,45723,524
2021-07-28,Napa,055,140530,10515,10376,47,10423,82
2021-07-28,Nevada,057,99092,5657,5320,212,5532,72
2021-07-28,Orange,059,3164182,266132,262735,12576,275311,5143
2021-07-28,Placer,061,380077,25611,24978,1966,26944,306
2021-07-28,Plumas,063,18699,760,754,15,769,5
2021-07-28,Riverside,065,2383286,302830,299611,15364,314975,4554
2021-07-28,Sacramento,067,1510023,116784,114665,2284,116949,1714
2021-07-28,San Benito,069,59416,6267,6236,120,6356,63
2021-07-28,San Bernardino,071,2135413,302931,300121,9542,309663,5236
2021-07-28,San Diego,073,3302833,298098,294176,17099,311275,3798
2021-07-28,San Francisco,075,870044,41522,40144,1665,41809,561
2021-07-28,San Joaquin,077,732212,77309,76312,4102,80414,1443
2021-07-28,San Luis Obispo,079,281455,22120,21865,848,22713,260
2021-07-28,San Mateo,081,765935,45222,44477,611,45088,547
2021-07-28,Santa Barbara,083,443738,35912,35431,1326,36757,467
2021-07-28,Santa Clara,085,1922200,123805,122345,892,123237,2099
2021-07-28,Santa Cruz,087,273765,16787,16551,892,17443,207
2021-07-28,Shasta,089,179085,13116,12882,1812,14694,212
2021-07-28,Sierra,091,2930,69,67,14,81,0
2021-07-28,Siskiyou,093,43540,2047,1971,455,2426,31
2021-07-28,Solano,095,438530,35928,35204,734,35938,262
2021-07-28,Sonoma,097,501317,33219,32434,403,32837,328
2021-07-28,Stanislaus,099,539301,59226,58427,6543,64970,1035
2021-07-28,Sutter,101,95872,10223,10033,109,10142,126
2021-07-28,Tehama,103,63373,5261,5209,638,5847,66
2021-07-28,Trinity,105,12862,397,352,87,439,3
2021-07-28,Tulare,107,460477,50738,50363,10123,60486,854
2021-07-28,Tuolumne,109,53932,4504,4313,40,4353,64
2021-07-28,Ventura,111,848112,84221,83360,3600,86960,1043
2021-07-28,Yolo,113,214977,15100,14801,508,15309,215
2021-07-28,Yuba,115,75493,6720,6591,145,6736,51
2021-07-27,Alameda,001,1643700,96602,94682,2323,97005,1256
2021-07-27,Alpine,003,1148,91,89,0,89,0
2021-07-27,Amador,005,37829,3920,3861,35,3896,48
2021-07-27,Butte,007,227075,13365,13127,2092,15219,205
2021-07-27,Calaveras,009,45235,2307,2280,17,2297,57
2021-07-27,Colusa,011,21464,2020,1999,361,2360,16
2021-07-27,Contra Costa,013,1133247,76856,75227,1590,76817,830
2021-07-27,Del Norte,015,27424,1614,1538,10,1548,8
2021-07-27,El Dorado,017,186661,11171,10941,888,11829,116
2021-07-27,Fresno,019,978130,105369,104288,9439,113727,1746
2021-07-27,Glenn,021,27897,2476,2460,603,3063,20
2021-07-27,Humboldt,023,135768,5116,4925,76,5001,52
2021-07-27,Imperial,025,180216,29193,29048,2932,31980,743
2021-07-27,Inyo,027,18085,1450,1430,4,1434,38
2021-07-27,Kern,029,883053,99523,98724,12365,111089,1352
2021-07-27,Kings,031,150075,23716,23463,1271,24734,248
2021-07-27,Lake,033,64148,4319,4157,15,4172,65
2021-07-27,Lassen,035,31185,5329,5315,125,5440,21
2021-07-27,Los Angeles,037,10098052,1255899,1243336,47696,1291032,24658
2021-07-27,Madera,039,155013,17204,16998,1033,18031,245
2021-07-27,Marin,041,260295,14922,14631,302,14933,239
2021-07-27,Mariposa,043,17540,475,468,11,479,5
2021-07-27,Mendocino,045,87422,4519,4371,88,4459,49
2021-07-27,Merced,047,269075,32085,31825,1055,32880,473
2021-07-27,Modoc,049,8938,419,413,147,560,5
2021-07-27,Mono,051,14174,1287,1288,13,1301,3
2021-07-27,Monterey,053,433212,43799,43646,2044,45690,523
2021-07-27,Napa,055,140530,10485,10354,47,10401,82
2021-07-27,Nevada,057,99092,5579,5305,210,5515,72
2021-07-27,Orange,059,3164182,265392,262193,12551,274744,5143
2021-07-27,Placer,061,380077,25450,24916,1940,26856,306
2021-07-27,Plumas,063,18699,757,752,15,767,5
2021-07-27,Riverside,065,2383286,302099,299160,15345,314505,4554
2021-07-27,Sacramento,067,1510023,116181,114413,2274,116687,1710
2021-07-27,San Benito,069,59416,6258,6229,120,6349,63
2021-07-27,San Bernardino,071,2135413,302224,299593,9520,309113,5236
2021-07-27,San Diego,073,3302833,297005,293408,17026,310434,3798
2021-07-27,San Francisco,075,870044,41163,39939,1645,41584,561
2021-07-27,San Joaquin,077,732212,77049,76166,4081,80247,1442
2021-07-27,San Luis Obispo,079,281455,22065,21803,839,22642,260
2021-07-27,San Mateo,081,765935,45072,44378,606,44984,547
2021-07-27,Santa Barbara,083,443738,35813,35355,1324,36679,467
2021-07-27,Santa Clara,085,1922200,123512,122154,890,123044,2099
2021-07-27,Santa Cruz,087,273765,16741,16523,891,17414,207
2021-07-27,Shasta,089,179085,13066,12846,1799,14645,212
2021-07-27,Sierra,091,2930,69,65,14,79,0
2021-07-27,Siskiyou,093,43540,2042,1964,452,2416,31
2021-07-27,Solano,095,438530,35802,35093,724,35817,261
2021-07-27,Sonoma,097,501317,33075,32367,401,32768,328
2021-07-27,Stanislaus,099,539301,59055,58333,6528,64861,1033
2021-07-27,Sutter,101,95872,10182,9998,109,10107,115
2021-07-27,Tehama,103,63373,5240,5192,636,5828,66
2021-07-27,Trinity,105,12862,396,351,87,438,3
2021-07-27,Tulare,107,460477,50672,50324,10091,60415,854
2021-07-27,Tuolumne,109,53932,4452,4282,40,4322,64
2021-07-27,Ventura,111,848112,84015,83189,3587,86776,1043
2021-07-27,Yolo,113,214977,15027,14759,502,15261,215
2021-07-27,Yuba,115,75493,6698,6564,143,6707,51
2021-07-26,Alameda,001,1643700,96150,94436,2315,96751,1259
2021-07-26,Alpine,003,1148,91,89,0,89,0
2021-07-26,Amador,005,37829,3910,3854,35,3889,48
2021-07-26,Butte,007,227075,13312,13082,2079,15161,203
2021-07-26,Calaveras,009,45235,2302,2276,17,2293,57
2021-07-26,Colusa,011,21464,2013,1996,359,2355,16
2021-07-26,Contra Costa,013,1133247,76356,74854,1583,76437,830
2021-07-26,Del Norte,015,27424,1594,1530,10,1540,8
2021-07-26,El Dorado,017,186661,11109,10899,885,11784,116
2021-07-26,Fresno,019,978130,105167,104143,9416,113559,1742
2021-07-26,Glenn,021,27897,2474,2461,602,3063,20
2021-07-26,Humboldt,023,135768,5077,4906,74,4980,52
2021-07-26,Imperial,025,180216,29153,29034,2932,31966,743
2021-07-26,Inyo,027,18085,1445,1429,4,1433,38
2021-07-26,Kern,029,883053,99357,98633,12300,110933,1351
2021-07-26,Kings,031,150075,23667,23426,1267,24693,247
2021-07-26,Lake,033,64148,4298,4133,15,4148,65
2021-07-26,Lassen,035,31185,5324,5314,125,5439,21
2021-07-26,Los Angeles,037,10098052,1252589,1241527,47524,1289051,24647
2021-07-26,Madera,039,155013,17177,16971,1024,17995,245
2021-07-26,Marin,041,260295,14865,14579,301,14880,239
2021-07-26,Mariposa,043,17540,474,467,11,478,5
2021-07-26,Mendocino,045,87422,4499,4354,88,4442,49
2021-07-26,Merced,047,269075,32001,31774,1053,32827,473
2021-07-26,Modoc,049,8938,419,413,147,560,5
2021-07-26,Mono,051,14174,1285,1286,13,1299,3
2021-07-26,Monterey,053,433212,43756,43595,2030,45625,521
2021-07-26,Napa,055,140530,10462,10332,47,10379,82
2021-07-26,Nevada,057,99092,5492,5280,210,5490,72
2021-07-26,Orange,059,3164182,264757,261803,12530,274333,5142
2021-07-26,Placer,061,380077,25317,24842,1919,26761,304
2021-07-26,Plumas,063,18699,753,750,15,765,5
2021-07-26,Riverside,065,2383286,301407,298626,15329,313955,4553
2021-07-26,Sacramento,067,1510023,115594,113986,2256,116242,1705
2021-07-26,San Benito,069,59416,6252,6222,120,6342,63
2021-07-26,San Bernardino,071,2135413,301607,299238,9506,308744,5237
2021-07-26,San Diego,073,3302833,295892,292688,16952,309640,3793
2021-07-26,San Francisco,075,870044,40810,39800,1615,41415,561
2021-07-26,San Joaquin,077,732212,76814,76033,4077,80110,1440
2021-07-26,San Luis Obispo,079,281455,22016,21752,836,22588,260
2021-07-26,San Mateo,081,765935,44926,44297,595,44892,547
2021-07-26,Santa Barbara,083,443738,35741,35311,1312,36623,467
2021-07-26,Santa Clara,085,1922200,123200,121978,881,122859,2099
2021-07-26,Santa Cruz,087,273765,16702,16493,888,17381,207
2021-07-26,Shasta,089,179085,13017,12819,1786,14605,211
2021-07-26,Sierra,091,2930,68,65,14,79,0
2021-07-26,Siskiyou,093,43540,2039,1962,450,2412,31
2021-07-26,Solano,095,438530,35653,34990,716,35706,259
2021-07-26,Sonoma,097,501317,32939,32283,399,32682,328
2021-07-26,Stanislaus,099,539301,58910,58219,6513,64732,1033
2021-07-26,Sutter,101,95872,10142,9963,106,10069,115
2021-07-26,Tehama,103,63373,5230,5183,632,5815,66
2021-07-26,Trinity,105,12862,396,351,86,437,3
2021-07-26,Tulare,107,460477,50609,50265,10057,60322,854
2021-07-26,Tuolumne,109,53932,4422,4271,40,4311,64
2021-07-26,Ventura,111,848112,83843,83072,3571,86643,1041
2021-07-26,Yolo,113,214977,14968,14727,489,15216,215
2021-07-26,Yuba,115,75493,6664,6538,142,6680,51
2021-07-25,Alameda,001,1643700,95662,94146,2309,96455,1259
2021-07-25,Alpine,003,1148,89,89,0,89,0
2021-07-25,Amador,005,37829,3895,3848,35,3883,48
2021-07-25,Butte,007,227075,13273,13074,2068,15142,203
2021-07-25,Calaveras,009,45235,2291,2275,17,2292,57
2021-07-25,Colusa,011,21464,2004,1996,355,2351,16
2021-07-25,Contra Costa,013,1133247,75871,74634,1569,76203,830
2021-07-25,Del Norte,015,27424,1574,1526,10,1536,8
2021-07-25,El Dorado,017,186661,11051,10878,882,11760,116
2021-07-25,Fresno,019,978130,104926,104019,9400,113419,1742
2021-07-25,Glenn,021,27897,2465,2461,600,3061,20
2021-07-25,Humboldt,023,135768,5018,4892,72,4964,52
2021-07-25,Imperial,025,180216,29117,29037,2932,31969,743
2021-07-25,Inyo,027,18085,1440,1427,4,1431,38
2021-07-25,Kern,029,883053,99186,98503,12227,110730,1351
2021-07-25,Kings,031,150075,23614,23396,1263,24659,247
2021-07-25,Lake,033,64148,4245,4109,14,4123,65
2021-07-25,Lassen,035,31185,5320,5314,125,5439,21
2021-07-25,Los Angeles,037,10098052,1249201,1239596,47345,1286941,24643
2021-07-25,Madera,039,155013,17140,16947,1017,17964,245
2021-07-25,Marin,041,260295,14814,14558,298,14856,239
2021-07-25,Mariposa,043,17540,471,465,11,476,5
2021-07-25,Mendocino,045,87422,4469,4335,86,4421,49
2021-07-25,Merced,047,269075,31929,31760,1052,32812,473
2021-07-25,Modoc,049,8938,419,413,147,560,5
2021-07-25,Mono,051,14174,1283,1286,13,1299,3
2021-07-25,Monterey,053,433212,43717,43590,2022,45612,521
2021-07-25,Napa,055,140530,10425,10316,46,10362,82
2021-07-25,Nevada,057,99092,5427,5256,207,5463,72
2021-07-25,Orange,059,3164182,264056,261351,12505,273856,5142
2021-07-25,Placer,061,380077,25198,24755,1898,26653,304
2021-07-25,Plumas,063,18699,751,750,15,765,5
2021-07-25,Riverside,065,2383286,300641,298181,15313,313494,4553
2021-07-25,Sacramento,067,1510023,115052,113611,2238,115849,1704
2021-07-25,San Benito,069,59416,6245,6217,120,6337,63
2021-07-25,San Bernardino,071,2135413,300953,298982,9500,308482,5237
2021-07-25,San Diego,073,3302833,294820,290626,16883,307509,3793
2021-07-25,San Francisco,075,870044,40472,39663,1588,41251,561
2021-07-25,San Joaquin,077,732212,76560,75926,4057,79983,1440
2021-07-25,San Luis Obispo,079,281455,21945,21741,833,22574,260
2021-07-25,San Mateo,081,765935,44763,44189,589,44778,547
2021-07-25,Santa Barbara,083,443738,35664,35261,1309,36570,467
2021-07-25,Santa Clara,085,1922200,122870,121800,875,122675,2099
2021-07-25,Santa Cruz,087,273765,16655,16474,887,17361,207
2021-07-25,Shasta,089,179085,12970,12815,1781,14596,211
2021-07-25,Sierra,091,2930,68,65,14,79,0
2021-07-25,Siskiyou,093,43540,2031,1963,447,2410,31
2021-07-25,Solano,095,438530,35467,34863,713,35576,259
2021-07-25,Sonoma,097,501317,32813,32202,396,32598,328
2021-07-25,Stanislaus,099,539301,58743,58154,6508,64662,1033
2021-07-25,Sutter,101,95872,10088,9937,104,10041,115
2021-07-25,Tehama,103,63373,5214,5181,631,5812,66
2021-07-25,Trinity,105,12862,394,351,84,435,3
2021-07-25,Tulare,107,460477,50533,50221,10017,60238,854
2021-07-25,Tuolumne,109,53932,4370,4267,40,4307,64
2021-07-25,Ventura,111,848112,83629,82986,3549,86535,1041
2021-07-25,Yolo,113,214977,14909,14693,474,15167,215
2021-07-25,Yuba,115,75493,6632,6519,142,6661,51
2021-07-24,Alameda,001,1643700,95384,93170,2303,95473,1259
2021-07-24,Alpine,003,1148,89,89,0,89,0
2021-07-24,Amador,005,37829,3886,3816,35,3851,48
2021-07-24,Butte,007,227075,13244,12982,2066,15048,203
2021-07-24,Calaveras,009,45235,2287,2267,17,2284,57
2021-07-24,Colusa,011,21464,2003,1992,353,2345,16
2021-07-24,Contra Costa,013,1133247,75646,73682,1566,75248,830
2021-07-24,Del Norte,015,27424,1563,1497,10,1507,8
2021-07-24,El Dorado,017,186661,11017,10773,879,11652,116
2021-07-24,Fresno,019,978130,104808,103637,9391,113028,1736
2021-07-24,Glenn,021,27897,2464,2457,600,3057,20
2021-07-24,Humboldt,023,135768,4984,4780,71,4851,52
2021-07-24,Imperial,025,180216,29097,28996,2932,31928,742
2021-07-24,Inyo,027,18085,1437,1424,4,1428,38
2021-07-24,Kern,029,883053,99107,98261,12205,110466,1350
2021-07-24,Kings,031,150075,23583,23304,1260,24564,246
2021-07-24,Lake,033,64148,4222,3963,14,3977,64
2021-07-24,Lassen,035,31185,5319,5311,125,5436,21
2021-07-24,Los Angeles,037,10098052,1247443,1232164,47223,1279387,24623
2021-07-24,Madera,039,155013,17116,16885,1015,17900,245
2021-07-24,Marin,041,260295,14776,14454,298,14752,238
2021-07-24,Mariposa,043,17540,471,453,11,464,5
2021-07-24,Mendocino,045,87422,4444,4293,86,4379,49
2021-07-24,Merced,047,269075,31907,31661,1051,32712,473
2021-07-24,Modoc,049,8938,419,413,147,560,5
2021-07-24,Mono,051,14174,1281,1284,13,1297,3
2021-07-24,Monterey,053,433212,43692,43525,2015,45540,521
2021-07-24,Napa,055,140530,10409,10230,46,10276,81
2021-07-24,Nevada,057,99092,5394,5183,207,5390,72
2021-07-24,Orange,059,3164182,263591,259973,12492,272465,5141
2021-07-24,Placer,061,380077,25114,24530,1893,26423,303
2021-07-24,Plumas,063,18699,750,737,15,752,4
2021-07-24,Riverside,065,2383286,300173,296912,15303,312215,4552
2021-07-24,Sacramento,067,1510023,114742,112438,2233,114671,1698
2021-07-24,San Benito,069,59416,6241,6200,119,6319,63
2021-07-24,San Bernardino,071,2135413,300561,297899,9491,307390,5236
2021-07-24,San Diego,073,3302833,294354,289368,16856,306224,3788
2021-07-24,San Francisco,075,870044,40310,38954,1571,40525,561
2021-07-24,San Joaquin,077,732212,76433,75461,4046,79507,1436
2021-07-24,San Luis Obispo,079,281455,21914,21616,831,22447,260
2021-07-24,San Mateo,081,765935,44645,43880,583,44463,542
2021-07-24,Santa Barbara,083,443738,35606,35071,1304,36375,465
2021-07-24,Santa Clara,085,1922200,122658,121092,874,121966,2099
2021-07-24,Santa Cruz,087,273765,16633,16416,887,17303,207
2021-07-24,Shasta,089,179085,12942,12759,1778,14537,211
2021-07-24,Sierra,091,2930,67,64,14,78,0
2021-07-24,Siskiyou,093,43540,2031,1951,447,2398,31
2021-07-24,Solano,095,438530,35375,34499,704,35203,259
2021-07-24,Sonoma,097,501317,32689,31928,394,32322,327
2021-07-24,Stanislaus,099,539301,58651,57879,6495,64374,1030
2021-07-24,Sutter,101,95872,10061,9890,104,9994,115
2021-07-24,Tehama,103,63373,5207,5166,629,5795,65
2021-07-24,Trinity,105,12862,394,345,84,429,3
2021-07-24,Tulare,107,460477,50490,50104,9999,60103,854
2021-07-24,Tuolumne,109,53932,4344,4216,40,4256,64
2021-07-24,Ventura,111,848112,83502,82687,3532,86219,1041
2021-07-24,Yolo,113,214977,14873,14557,471,15028,214
2021-07-24,Yuba,115,75493,6613,6449,142,6591,51
2021-07-23,Alameda,001,1643700,95129,93170,2297,95467,1259
2021-07-23,Alpine,003,1148,89,89,0,89,0
2021-07-23,Amador,005,37829,3879,3816,35,3851,48
2021-07-23,Butte,007,227075,13215,12982,2058,15040,203
2021-07-23,Calaveras,009,45235,2285,2267,17,2284,57
2021-07-23,Colusa,011,21464,2002,1992,353,2345,16
2021-07-23,Contra Costa,013,1133247,75389,73682,1556,75238,830
2021-07-23,Del Norte,015,27424,1555,1497,10,1507,8
2021-07-23,El Dorado,017,186661,10989,10773,875,11648,116
2021-07-23,Fresno,019,978130,104678,103637,9381,113018,1736
2021-07-23,Glenn,021,27897,2462,2457,597,3054,20
2021-07-23,Humboldt,023,135768,4964,4780,69,4849,52
2021-07-23,Imperial,025,180216,29085,28996,2932,31928,742
2021-07-23,Inyo,027,18085,1434,1424,4,1428,38
2021-07-23,Kern,029,883053,99024,98261,12179,110440,1350
2021-07-23,Kings,031,150075,23552,23304,1257,24561,246
2021-07-23,Lake,033,64148,4192,3963,14,3977,64
2021-07-23,Lassen,035,31185,5317,5311,125,5436,21
2021-07-23,Los Angeles,037,10098052,1245524,1232164,47135,1279299,24623
2021-07-23,Madera,039,155013,17086,16885,1011,17896,245
2021-07-23,Marin,041,260295,14739,14454,296,14750,238
2021-07-23,Mariposa,043,17540,468,453,11,464,5
2021-07-23,Mendocino,045,87422,4431,4293,86,4379,49
2021-07-23,Merced,047,269075,31881,31661,1051,32712,473
2021-07-23,Modoc,049,8938,419,413,147,560,5
2021-07-23,Mono,051,14174,1280,1284,13,1297,3
2021-07-23,Monterey,053,433212,43667,43525,2015,45540,521
2021-07-23,Napa,055,140530,10388,10230,46,10276,81
2021-07-23,Nevada,057,99092,5349,5183,207,5390,72
2021-07-23,Orange,059,3164182,263138,259973,12470,272443,5141
2021-07-23,Placer,061,380077,25032,24530,1877,26407,303
2021-07-23,Plumas,063,18699,748,737,15,752,4
2021-07-23,Riverside,065,2383286,299708,296912,15291,312203,4552
2021-07-23,Sacramento,067,1510023,114388,112438,2231,114669,1698
2021-07-23,San Benito,069,59416,6235,6200,119,6319,63
2021-07-23,San Bernardino,071,2135413,300179,297899,9482,307381,5236
2021-07-23,San Diego,073,3302833,293756,289368,16808,306176,3788
2021-07-23,San Francisco,075,870044,40130,38954,1556,40510,561
2021-07-23,San Joaquin,077,732212,76333,75461,4031,79492,1436
2021-07-23,San Luis Obispo,079,281455,21877,21616,830,22446,260
2021-07-23,San Mateo,081,765935,44539,43880,578,44458,542
2021-07-23,Santa Barbara,083,443738,35542,35071,1303,36374,465
2021-07-23,Santa Clara,085,1922200,122440,121092,870,121962,2099
2021-07-23,Santa Cruz,087,273765,16609,16416,886,17302,207
2021-07-23,Shasta,089,179085,12915,12759,1775,14534,211
2021-07-23,Sierra,091,2930,67,64,14,78,0
2021-07-23,Siskiyou,093,43540,2029,1951,447,2398,31
2021-07-23,Solano,095,438530,35282,34499,700,35199,259
2021-07-23,Sonoma,097,501317,32596,31928,393,32321,327
2021-07-23,Stanislaus,099,539301,58570,57879,6485,64364,1030
2021-07-23,Sutter,101,95872,10032,9890,104,9994,115
2021-07-23,Tehama,103,63373,5198,5166,629,5795,65
2021-07-23,Trinity,105,12862,393,345,83,428,3
2021-07-23,Tulare,107,460477,50445,50104,9973,60077,854
2021-07-23,Tuolumne,109,53932,4322,4216,40,4256,64
2021-07-23,Ventura,111,848112,83340,82687,3514,86201,1041
2021-07-23,Yolo,113,214977,14834,14557,464,15021,214
2021-07-23,Yuba,115,75493,6587,6449,141,6590,51
2021-07-22,Alameda,001,1643700,94765,93170,2291,95461,1259
2021-07-22,Alpine,003,1148,89,89,0,89,0
2021-07-22,Amador,005,37829,3870,3816,35,3851,48
2021-07-22,Butte,007,227075,13181,12982,2049,15031,203
2021-07-22,Calaveras,009,45235,2282,2267,17,2284,57
2021-07-22,Colusa,011,21464,2000,1992,351,2343,16
2021-07-22,Contra Costa,013,1133247,75053,73682,1552,75234,830
2021-07-22,Del Norte,015,27424,1539,1497,10,1507,8
2021-07-22,El Dorado,017,186661,10955,10773,867,11640,116
2021-07-22,Fresno,019,978130,104548,103637,9371,113008,1736
2021-07-22,Glenn,021,27897,2459,2457,596,3053,20
2021-07-22,Humboldt,023,135768,4933,4780,66,4846,52
2021-07-22,Imperial,025,180216,29055,28996,2932,31928,742
2021-07-22,Inyo,027,18085,1432,1424,4,1428,38
2021-07-22,Kern,029,883053,98912,98261,12134,110395,1350
2021-07-22,Kings,031,150075,23513,23304,1255,24559,246
2021-07-22,Lake,033,64148,4141,3963,14,3977,64
2021-07-22,Lassen,035,31185,5314,5311,125,5436,21
2021-07-22,Los Angeles,037,10098052,1243136,1232164,46973,1279137,24623
2021-07-22,Madera,039,155013,17051,16885,1009,17894,245
2021-07-22,Marin,041,260295,14698,14454,295,14749,238
2021-07-22,Mariposa,043,17540,461,453,11,464,5
2021-07-22,Mendocino,045,87422,4418,4293,85,4378,49
2021-07-22,Merced,047,269075,31839,31661,1049,32710,473
2021-07-22,Modoc,049,8938,419,413,147,560,5
2021-07-22,Mono,051,14174,1279,1284,13,1297,3
2021-07-22,Monterey,053,433212,43638,43525,2009,45534,521
2021-07-22,Napa,055,140530,10370,10230,46,10276,81
2021-07-22,Nevada,057,99092,5323,5183,206,5389,72
2021-07-22,Orange,059,3164182,262587,259973,12461,272434,5141
2021-07-22,Placer,061,380077,24938,24530,1865,26395,303
2021-07-22,Plumas,063,18699,747,737,15,752,4
2021-07-22,Riverside,065,2383286,299199,296912,15270,312182,4552
2021-07-22,Sacramento,067,1510023,113964,112438,2222,114660,1698
2021-07-22,San Benito,069,59416,6227,6200,119,6319,63
2021-07-22,San Bernardino,071,2135413,299780,297899,9466,307365,5236
2021-07-22,San Diego,073,3302833,293040,289368,16748,306116,3788
2021-07-22,San Francisco,075,870044,39918,38954,1543,40497,561
2021-07-22,San Joaquin,077,732212,76191,75461,4017,79478,1436
2021-07-22,San Luis Obispo,079,281455,21841,21616,826,22442,260
2021-07-22,San Mateo,081,765935,44427,43880,573,44453,542
2021-07-22,Santa Barbara,083,443738,35481,35071,1301,36372,465
2021-07-22,Santa Clara,085,1922200,122198,121092,867,121959,2099
2021-07-22,Santa Cruz,087,273765,16572,16416,886,17302,207
2021-07-22,Shasta,089,179085,12891,12759,1771,14530,211
2021-07-22,Sierra,091,2930,65,64,14,78,0
2021-07-22,Siskiyou,093,43540,2026,1951,447,2398,31
2021-07-22,Solano,095,438530,35134,34499,693,35192,259
2021-07-22,Sonoma,097,501317,32487,31928,391,32319,327
2021-07-22,Stanislaus,099,539301,58442,57879,6473,64352,1030
2021-07-22,Sutter,101,95872,10011,9890,104,9994,115
2021-07-22,Tehama,103,63373,5192,5166,629,5795,65
2021-07-22,Trinity,105,12862,393,345,83,428,3
2021-07-22,Tulare,107,460477,50402,50104,9945,60049,854
2021-07-22,Tuolumne,109,53932,4310,4216,40,4256,64
2021-07-22,Ventura,111,848112,83205,82687,3501,86188,1041
2021-07-22,Yolo,113,214977,14797,14557,463,15020,214
2021-07-22,Yuba,115,75493,6556,6449,138,6587,51
2021-07-21,Alameda,001,1643700,94437,92840,2287,95127,1256
2021-07-21,Alpine,003,1148,89,89,0,89,0
2021-07-21,Amador,005,37829,3857,3813,35,3848,48
2021-07-21,Butte,007,227075,13140,12939,2044,14983,203
2021-07-21,Calaveras,009,45235,2281,2257,17,2274,57
2021-07-21,Colusa,011,21464,1996,1988,350,2338,16
2021-07-21,Contra Costa,013,1133247,74788,73320,1543,74863,827
2021-07-21,Del Norte,015,27424,1529,1492,10,1502,8
2021-07-21,El Dorado,017,186661,10920,10742,863,11605,116
2021-07-21,Fresno,019,978130,104403,103504,9361,112865,1736
2021-07-21,Glenn,021,27897,2457,2455,595,3050,20
2021-07-21,Humboldt,023,135768,4902,4763,64,4827,52
2021-07-21,Imperial,025,180216,29043,28964,2929,31893,742
2021-07-21,Inyo,027,18085,1432,1423,4,1427,38
2021-07-21,Kern,029,883053,98796,98152,12091,110243,1350
2021-07-21,Kings,031,150075,23485,23270,1251,24521,246
2021-07-21,Lake,033,64148,4076,3896,14,3910,64
2021-07-21,Lassen,035,31185,5311,5310,125,5435,21
2021-07-21,Los Angeles,037,10098052,1240663,1229598,46847,1276445,24609
2021-07-21,Madera,039,155013,17031,16858,1006,17864,245
2021-07-21,Marin,041,260295,14649,14427,295,14722,238
2021-07-21,Mariposa,043,17540,457,449,11,460,5
2021-07-21,Mendocino,045,87422,4400,4274,85,4359,49
2021-07-21,Merced,047,269075,31800,31607,1044,32651,473
2021-07-21,Modoc,049,8938,419,413,147,560,5
2021-07-21,Mono,051,14174,1276,1282,13,1295,3
2021-07-21,Monterey,053,433212,43608,43502,2005,45507,515
2021-07-21,Napa,055,140530,10345,10209,46,10255,81
2021-07-21,Nevada,057,99092,5288,5152,206,5358,72
2021-07-21,Orange,059,3164182,262040,259615,12429,272044,5139
2021-07-21,Placer,061,380077,24828,24441,1854,26295,303
2021-07-21,Plumas,063,18699,747,736,15,751,4
2021-07-21,Riverside,065,2383286,298687,296419,15253,311672,4552
2021-07-21,Sacramento,067,1510023,113553,112043,2211,114254,1696
2021-07-21,San Benito,069,59416,6217,6196,119,6315,63
2021-07-21,San Bernardino,071,2135413,299328,297519,9458,306977,5230
2021-07-21,San Diego,073,3302833,292194,288682,16684,305366,3787
2021-07-21,San Francisco,075,870044,39693,38699,1538,40237,559
2021-07-21,San Joaquin,077,732212,76002,75288,4005,79293,1434
2021-07-21,San Luis Obispo,079,281455,21805,21579,823,22402,260
2021-07-21,San Mateo,081,765935,44335,43755,569,44324,542
2021-07-21,Santa Barbara,083,443738,35424,34998,1283,36281,465
2021-07-21,Santa Clara,085,1922200,121988,120838,865,121703,2099
2021-07-21,Santa Cruz,087,273765,16538,16407,886,17293,207
2021-07-21,Shasta,089,179085,12859,12751,1767,14518,211
2021-07-21,Sierra,091,2930,65,64,14,78,0
2021-07-21,Siskiyou,093,43540,2024,1943,445,2388,31
2021-07-21,Solano,095,438530,34979,34374,688,35062,258
2021-07-21,Sonoma,097,501317,32371,31789,391,32180,327
2021-07-21,Stanislaus,099,539301,58340,57774,6464,64238,1028
2021-07-21,Sutter,101,95872,9987,9862,104,9966,113
2021-07-21,Tehama,103,63373,5188,5161,629,5790,65
2021-07-21,Trinity,105,12862,392,345,82,427,3
2021-07-21,Tulare,107,460477,50343,50066,9918,59984,854
2021-07-21,Tuolumne,109,53932,4273,4156,40,4196,64
2021-07-21,Ventura,111,848112,83083,82573,3489,86062,1041
2021-07-21,Yolo,113,214977,14756,14525,462,14987,213
2021-07-21,Yuba,115,75493,6528,6425,138,6563,52
2021-07-20,Alameda,001,1643700,94058,92625,2274,94899,1256
2021-07-20,Alpine,003,1148,89,89,0,89,0
2021-07-20,Amador,005,37829,3846,3807,35,3842,48
2021-07-20,Butte,007,227075,13103,12916,2039,14955,203
2021-07-20,Calaveras,009,45235,2278,2249,17,2266,57
2021-07-20,Colusa,011,21464,1996,1985,350,2335,16
2021-07-20,Contra Costa,013,1133247,74503,73143,1524,74667,825
2021-07-20,Del Norte,015,27424,1519,1490,10,1500,8
2021-07-20,El Dorado,017,186661,10878,10727,858,11585,116
2021-07-20,Fresno,019,978130,104267,103438,9341,112779,1736
2021-07-20,Glenn,021,27897,2457,2453,595,3048,20
2021-07-20,Humboldt,023,135768,4857,4735,62,4797,52
2021-07-20,Imperial,025,180216,29023,28933,2929,31862,742
2021-07-20,Inyo,027,18085,1428,1420,4,1424,36
2021-07-20,Kern,029,883053,98688,98082,12062,110144,1350
2021-07-20,Kings,031,150075,23444,23254,1247,24501,246
2021-07-20,Lake,033,64148,4051,3871,14,3885,64
2021-07-20,Lassen,035,31185,5311,5306,125,5431,21
2021-07-20,Los Angeles,037,10098052,1237894,1227404,46688,1274092,24603
2021-07-20,Madera,039,155013,17010,16856,1002,17858,245
2021-07-20,Marin,041,260295,14614,14396,292,14688,234
2021-07-20,Mariposa,043,17540,456,448,11,459,5
2021-07-20,Mendocino,045,87422,4383,4259,85,4344,49
2021-07-20,Merced,047,269075,31761,31578,1037,32615,473
2021-07-20,Modoc,049,8938,419,413,147,560,5
2021-07-20,Mono,051,14174,1272,1281,13,1294,3
2021-07-20,Monterey,053,433212,43577,43481,2002,45483,515
2021-07-20,Napa,055,140530,10322,10191,46,10237,81
2021-07-20,Nevada,057,99092,5269,5148,205,5353,72
2021-07-20,Orange,059,3164182,261492,259303,12398,271701,5139
2021-07-20,Placer,061,380077,24741,24408,1828,26236,303
2021-07-20,Plumas,063,18699,745,736,15,751,4
2021-07-20,Riverside,065,2383286,298152,296118,15239,311357,4543
2021-07-20,Sacramento,067,1510023,113116,111796,2181,113977,1695
2021-07-20,San Benito,069,59416,6210,6196,119,6315,63
2021-07-20,San Bernardino,071,2135413,298909,297222,9433,306655,5231
2021-07-20,San Diego,073,3302833,291277,288209,16587,304796,3786
2021-07-20,San Francisco,075,870044,39436,38536,1527,40063,558
2021-07-20,San Joaquin,077,732212,75830,75198,3992,79190,1433
2021-07-20,San Luis Obispo,079,281455,21760,21556,822,22378,259
2021-07-20,San Mateo,081,765935,44219,43670,567,44237,542
2021-07-20,Santa Barbara,083,443738,35354,34935,1276,36211,462
2021-07-20,Santa Clara,085,1922200,121731,120704,863,121567,2098
2021-07-20,Santa Cruz,087,273765,16509,16399,886,17285,207
2021-07-20,Shasta,089,179085,12833,12734,1762,14496,211
2021-07-20,Sierra,091,2930,65,64,14,78,0
2021-07-20,Siskiyou,093,43540,2020,1931,444,2375,31
2021-07-20,Solano,095,438530,34852,34337,681,35018,258
2021-07-20,Sonoma,097,501317,32252,31763,390,32153,326
2021-07-20,Stanislaus,099,539301,58224,57706,6458,64164,1028
2021-07-20,Sutter,101,95872,9961,9854,101,9955,114
2021-07-20,Tehama,103,63373,5186,5153,629,5782,65
2021-07-20,Trinity,105,12862,390,344,81,425,3
2021-07-20,Tulare,107,460477,50302,50047,9900,59947,854
2021-07-20,Tuolumne,109,53932,4254,4156,40,4196,64
2021-07-20,Ventura,111,848112,82930,82504,3472,85976,1041
2021-07-20,Yolo,113,214977,14693,14495,459,14954,213
2021-07-20,Yuba,115,75493,6503,6393,135,6528,52
2021-07-19,Alameda,001,1643700,93684,92357,2258,94615,1256
2021-07-19,Alpine,003,1148,89,89,0,89,0
2021-07-19,Amador,005,37829,3842,3802,35,3837,48
2021-07-19,Butte,007,227075,13060,12901,2033,14934,202
2021-07-19,Calaveras,009,45235,2277,2245,17,2262,57
2021-07-19,Colusa,011,21464,1994,1981,349,2330,16
2021-07-19,Contra Costa,013,1133247,74193,72935,1503,74438,825
2021-07-19,Del Norte,015,27424,1507,1484,10,1494,8
2021-07-19,El Dorado,017,186661,10848,10703,850,11553,114
2021-07-19,Fresno,019,978130,104141,103350,9324,112674,1731
2021-07-19,Glenn,021,27897,2457,2452,594,3046,20
2021-07-19,Humboldt,023,135768,4827,4719,60,4779,52
2021-07-19,Imperial,025,180216,28996,28888,2929,31817,742
2021-07-19,Inyo,027,18085,1427,1417,4,1421,36
2021-07-19,Kern,029,883053,98578,97999,12026,110025,1349
2021-07-19,Kings,031,150075,23412,23221,1241,24462,246
2021-07-19,Lake,033,64148,4015,3848,14,3862,64
2021-07-19,Lassen,035,31185,5310,5305,125,5430,21
2021-07-19,Los Angeles,037,10098052,1235315,1225946,46499,1272445,24600
2021-07-19,Madera,039,155013,16987,16846,999,17845,244
2021-07-19,Marin,041,260295,14579,14369,289,14658,234
2021-07-19,Mariposa,043,17540,450,447,11,458,5
2021-07-19,Mendocino,045,87422,4365,4251,85,4336,49
2021-07-19,Merced,047,269075,31697,31565,1030,32595,472
2021-07-19,Modoc,049,8938,419,413,147,560,5
2021-07-19,Mono,051,14174,1270,1280,13,1293,3
2021-07-19,Monterey,053,433212,43554,43436,2001,45437,515
2021-07-19,Napa,055,140530,10297,10180,44,10224,81
2021-07-19,Nevada,057,99092,5241,5133,204,5337,72
2021-07-19,Orange,059,3164182,260977,258927,12365,271292,5138
2021-07-19,Placer,061,380077,24642,24359,1806,26165,303
2021-07-19,Plumas,063,18699,745,730,15,745,4
2021-07-19,Riverside,065,2383286,297662,295736,15201,310937,4543
2021-07-19,Sacramento,067,1510023,112758,111470,2155,113625,1696
2021-07-19,San Benito,069,59416,6207,6193,119,6312,63
2021-07-19,San Bernardino,071,2135413,298543,296929,9413,306342,5235
2021-07-19,San Diego,073,3302833,290389,287695,16486,304181,3786
2021-07-19,San Francisco,075,870044,39167,38463,1513,39976,560
2021-07-19,San Joaquin,077,732212,75664,75086,3986,79072,1431
2021-07-19,San Luis Obispo,079,281455,21715,21531,818,22349,259
2021-07-19,San Mateo,081,765935,44074,43563,558,44121,542
2021-07-19,Santa Barbara,083,443738,35282,34904,1273,36177,461
2021-07-19,Santa Clara,085,1922200,121473,120554,862,121416,2098
2021-07-19,Santa Cruz,087,273765,16493,16387,886,17273,207
2021-07-19,Shasta,089,179085,12815,12723,1760,14483,209
2021-07-19,Sierra,091,2930,64,64,14,78,0
2021-07-19,Siskiyou,093,43540,2015,1927,442,2369,31
2021-07-19,Solano,095,438530,34682,34262,670,34932,261
2021-07-19,Sonoma,097,501317,32129,31713,389,32102,325
2021-07-19,Stanislaus,099,539301,58123,57644,6447,64091,1027
2021-07-19,Sutter,101,95872,9945,9834,101,9935,114
2021-07-19,Tehama,103,63373,5179,5152,627,5779,65
2021-07-19,Trinity,105,12862,390,344,80,424,3
2021-07-19,Tulare,107,460477,50257,49994,9882,59876,855
2021-07-19,Tuolumne,109,53932,4244,4151,40,4191,64
2021-07-19,Ventura,111,848112,82834,82409,3450,85859,1041
2021-07-19,Yolo,113,214977,14662,14439,457,14896,213
2021-07-19,Yuba,115,75493,6479,6370,135,6505,52
2021-07-18,Alameda,001,1643700,93331,92162,2244,94406,1256
2021-07-18,Alpine,003,1148,89,89,0,89,0
2021-07-18,Amador,005,37829,3831,3799,35,3834,48
2021-07-18,Butte,007,227075,13019,12888,2027,14915,202
2021-07-18,Calaveras,009,45235,2276,2243,17,2260,57
2021-07-18,Colusa,011,21464,1994,1981,348,2329,16
2021-07-18,Contra Costa,013,1133247,73879,72849,1485,74334,825
2021-07-18,Del Norte,015,27424,1498,1482,10,1492,8
2021-07-18,El Dorado,017,186661,10810,10687,842,11529,114
2021-07-18,Fresno,019,978130,103989,103298,9305,112603,1731
2021-07-18,Glenn,021,27897,2456,2452,593,3045,20
2021-07-18,Humboldt,023,135768,4791,4714,60,4774,52
2021-07-18,Imperial,025,180216,28960,28877,2928,31805,742
2021-07-18,Inyo,027,18085,1423,1417,4,1421,36
2021-07-18,Kern,029,883053,98452,97963,11984,109947,1349
2021-07-18,Kings,031,150075,23391,23203,1237,24440,246
2021-07-18,Lake,033,64148,3979,3825,14,3839,64
2021-07-18,Lassen,035,31185,5310,5305,125,5430,21
2021-07-18,Los Angeles,037,10098052,1232652,1224691,46316,1271007,24598
2021-07-18,Madera,039,155013,16962,16838,995,17833,244
2021-07-18,Marin,041,260295,14543,14358,287,14645,234
2021-07-18,Mariposa,043,17540,449,447,11,458,5
2021-07-18,Mendocino,045,87422,4345,4246,85,4331,49
2021-07-18,Merced,047,269075,31666,31537,1028,32565,471
2021-07-18,Modoc,049,8938,419,413,147,560,5
2021-07-18,Mono,051,14174,1269,1280,13,1293,3
2021-07-18,Monterey,053,433212,43536,43422,1992,45414,515
2021-07-18,Napa,055,140530,10280,10174,41,10215,81
2021-07-18,Nevada,057,99092,5215,5124,204,5328,72
2021-07-18,Orange,059,3164182,260493,258724,12335,271059,5138
2021-07-18,Placer,061,380077,24577,24313,1779,26092,303
2021-07-18,Plumas,063,18699,745,730,15,745,4
2021-07-18,Riverside,065,2383286,297172,295522,15160,310682,4543
2021-07-18,Sacramento,067,1510023,112329,111255,2124,113379,1696
2021-07-18,San Benito,069,59416,6199,6191,119,6310,63
2021-07-18,San Bernardino,071,2135413,298061,296739,9397,306136,5233
2021-07-18,San Diego,073,3302833,289574,286287,16403,302690,3786
2021-07-18,San Francisco,075,870044,38936,38367,1501,39868,560
2021-07-18,San Joaquin,077,732212,75490,74997,3973,78970,1431
2021-07-18,San Luis Obispo,079,281455,21679,21527,815,22342,259
2021-07-18,San Mateo,081,765935,43960,43506,552,44058,542
2021-07-18,Santa Barbara,083,443738,35217,34880,1271,36151,461
2021-07-18,Santa Clara,085,1922200,121260,120438,854,121292,2098
2021-07-18,Santa Cruz,087,273765,16461,16372,885,17257,207
2021-07-18,Shasta,089,179085,12790,12714,1756,14470,209
2021-07-18,Sierra,091,2930,64,64,14,78,0
2021-07-18,Siskiyou,093,43540,2009,1927,437,2364,31
2021-07-18,Solano,095,438530,34563,34215,666,34881,261
2021-07-18,Sonoma,097,501317,32025,31675,388,32063,325
2021-07-18,Stanislaus,099,539301,58012,57600,6422,64022,1028
2021-07-18,Sutter,101,95872,9913,9826,100,9926,114
2021-07-18,Tehama,103,63373,5176,5150,626,5776,65
2021-07-18,Trinity,105,12862,390,344,80,424,3
2021-07-18,Tulare,107,460477,50205,49985,9859,59844,855
2021-07-18,Tuolumne,109,53932,4226,4149,40,4189,64
2021-07-18,Ventura,111,848112,82722,82361,3424,85785,1041
2021-07-18,Yolo,113,214977,14605,14425,451,14876,213
2021-07-18,Yuba,115,75493,6438,6357,135,6492,52
2021-07-17,Alameda,001,1643700,93111,91346,2232,93578,1255
2021-07-17,Alpine,003,1148,89,89,0,89,0
2021-07-17,Amador,005,37829,3822,3785,35,3820,48
2021-07-17,Butte,007,227075,13005,12824,2022,14846,202
2021-07-17,Calaveras,009,45235,2270,2237,17,2254,57
2021-07-17,Colusa,011,21464,1991,1976,348,2324,16
2021-07-17,Contra Costa,013,1133247,73699,72254,1471,73725,824
2021-07-17,Del Norte,015,27424,1490,1475,10,1485,8
2021-07-17,El Dorado,017,186661,10783,10622,838,11460,114
2021-07-17,Fresno,019,978130,103917,103055,9292,112347,1730
2021-07-17,Glenn,021,27897,2455,2451,593,3044,20
2021-07-17,Humboldt,023,135768,4778,4654,59,4713,52
2021-07-17,Imperial,025,180216,28944,28840,2928,31768,742
2021-07-17,Inyo,027,18085,1423,1416,4,1420,36
2021-07-17,Kern,029,883053,98396,97796,11947,109743,1348
2021-07-17,Kings,031,150075,23370,23163,1236,24399,246
2021-07-17,Lake,033,64148,3954,3760,14,3774,64
2021-07-17,Lassen,035,31185,5310,5302,125,5427,21
2021-07-17,Los Angeles,037,10098052,1231148,1219733,46167,1265900,24582
2021-07-17,Madera,039,155013,16954,16804,995,17799,240
2021-07-17,Marin,041,260295,14525,14297,285,14582,234
2021-07-17,Mariposa,043,17540,449,445,11,456,5
2021-07-17,Mendocino,045,87422,4333,4209,85,4294,49
2021-07-17,Merced,047,269075,31645,31451,1024,32475,471
2021-07-17,Modoc,049,8938,419,412,147,559,5
2021-07-17,Mono,051,14174,1267,1277,13,1290,3
2021-07-17,Monterey,053,433212,43514,43367,1986,45353,515
2021-07-17,Napa,055,140530,10264,10129,41,10170,81
2021-07-17,Nevada,057,99092,5200,5066,204,5270,72
2021-07-17,Orange,059,3164182,260185,257805,12295,270100,5136
2021-07-17,Placer,061,380077,24510,24169,1765,25934,303
2021-07-17,Plumas,063,18699,740,721,15,736,4
2021-07-17,Riverside,065,2383286,296865,294751,15128,309879,4542
2021-07-17,Sacramento,067,1510023,112095,110432,2102,112534,1694
2021-07-17,San Benito,069,59416,6193,6181,119,6300,63
2021-07-17,San Bernardino,071,2135413,297831,296048,9378,305426,5218
2021-07-17,San Diego,073,3302833,289168,285698,16336,302034,3786
2021-07-17,San Francisco,075,870044,38816,37978,1497,39475,560
2021-07-17,San Joaquin,077,732212,75404,74695,3965,78660,1430
2021-07-17,San Luis Obispo,079,281455,21652,21462,815,22277,258
2021-07-17,San Mateo,081,765935,43890,43324,550,43874,542
2021-07-17,Santa Barbara,083,443738,35177,34769,1269,36038,461
2021-07-17,Santa Clara,085,1922200,121088,119980,851,120831,2097
2021-07-17,Santa Cruz,087,273765,16454,16337,885,17222,207
2021-07-17,Shasta,089,179085,12775,12683,1751,14434,210
2021-07-17,Sierra,091,2930,64,62,14,76,0
2021-07-17,Siskiyou,093,43540,2004,1922,434,2356,29
2021-07-17,Solano,095,438530,34499,34015,658,34673,263
2021-07-17,Sonoma,097,501317,31958,31536,387,31923,322
2021-07-17,Stanislaus,099,539301,57934,57400,6408,63808,1028
2021-07-17,Sutter,101,95872,9903,9778,100,9878,114
2021-07-17,Tehama,103,63373,5173,5145,626,5771,64
2021-07-17,Trinity,105,12862,389,341,80,421,3
2021-07-17,Tulare,107,460477,50184,49937,9847,59784,854
2021-07-17,Tuolumne,109,53932,4216,4131,40,4171,64
2021-07-17,Ventura,111,848112,82655,82125,3412,85537,1041
2021-07-17,Yolo,113,214977,14576,14356,443,14799,213
2021-07-17,Yuba,115,75493,6427,6309,135,6444,52
2021-07-16,Alameda,001,1643700,92876,91346,2220,93566,1255
2021-07-16,Alpine,003,1148,89,89,0,89,0
2021-07-16,Amador,005,37829,3819,3785,35,3820,48
2021-07-16,Butte,007,227075,12980,12824,2019,14843,202
2021-07-16,Calaveras,009,45235,2270,2237,17,2254,57
2021-07-16,Colusa,011,21464,1989,1976,347,2323,16
2021-07-16,Contra Costa,013,1133247,73512,72254,1466,73720,824
2021-07-16,Del Norte,015,27424,1488,1475,10,1485,8
2021-07-16,El Dorado,017,186661,10764,10622,837,11459,114
2021-07-16,Fresno,019,978130,103865,103055,9273,112328,1730
2021-07-16,Glenn,021,27897,2455,2451,593,3044,20
2021-07-16,Humboldt,023,135768,4756,4654,59,4713,52
2021-07-16,Imperial,025,180216,28932,28840,2928,31768,742
2021-07-16,Inyo,027,18085,1421,1416,4,1420,36
2021-07-16,Kern,029,883053,98334,97796,11906,109702,1348
2021-07-16,Kings,031,150075,23347,23163,1233,24396,246
2021-07-16,Lake,033,64148,3927,3760,14,3774,64
2021-07-16,Lassen,035,31185,5309,5302,125,5427,21
2021-07-16,Los Angeles,037,10098052,1229660,1219733,46019,1265752,24582
2021-07-16,Madera,039,155013,16936,16804,995,17799,240
2021-07-16,Marin,041,260295,14501,14297,282,14579,234
2021-07-16,Mariposa,043,17540,449,445,11,456,5
2021-07-16,Mendocino,045,87422,4324,4209,84,4293,49
2021-07-16,Merced,047,269075,31623,31451,1022,32473,471
2021-07-16,Modoc,049,8938,419,412,147,559,5
2021-07-16,Mono,051,14174,1266,1277,13,1290,3
2021-07-16,Monterey,053,433212,43492,43367,1985,45352,515
2021-07-16,Napa,055,140530,10240,10129,40,10169,81
2021-07-16,Nevada,057,99092,5190,5066,204,5270,72
2021-07-16,Orange,059,3164182,259912,257805,12255,270060,5136
2021-07-16,Placer,061,380077,24457,24169,1760,25929,303
2021-07-16,Plumas,063,18699,739,721,15,736,4
2021-07-16,Riverside,065,2383286,296589,294751,15102,309853,4542
2021-07-16,Sacramento,067,1510023,111881,110432,2089,112521,1694
2021-07-16,San Benito,069,59416,6191,6181,119,6300,63
2021-07-16,San Bernardino,071,2135413,297560,296048,9361,305409,5218
2021-07-16,San Diego,073,3302833,288722,285698,16289,301987,3786
2021-07-16,San Francisco,075,870044,38698,37978,1492,39470,560
2021-07-16,San Joaquin,077,732212,75310,74695,3962,78657,1430
2021-07-16,San Luis Obispo,079,281455,21635,21462,815,22277,258
2021-07-16,San Mateo,081,765935,43838,43324,548,43872,542
2021-07-16,Santa Barbara,083,443738,35139,34769,1269,36038,461
2021-07-16,Santa Clara,085,1922200,120940,119980,843,120823,2097
2021-07-16,Santa Cruz,087,273765,16441,16337,885,17222,207
2021-07-16,Shasta,089,179085,12765,12683,1750,14433,210
2021-07-16,Sierra,091,2930,64,62,14,76,0
2021-07-16,Siskiyou,093,43540,2002,1922,432,2354,29
2021-07-16,Solano,095,438530,34435,34015,650,34665,263
2021-07-16,Sonoma,097,501317,31906,31536,384,31920,322
2021-07-16,Stanislaus,099,539301,57886,57400,6396,63796,1028
2021-07-16,Sutter,101,95872,9891,9778,100,9878,114
2021-07-16,Tehama,103,63373,5171,5145,626,5771,64
2021-07-16,Trinity,105,12862,389,341,79,420,3
2021-07-16,Tulare,107,460477,50160,49937,9837,59774,854
2021-07-16,Tuolumne,109,53932,4210,4131,40,4171,64
2021-07-16,Ventura,111,848112,82591,82125,3405,85530,1041
2021-07-16,Yolo,113,214977,14550,14356,439,14795,213
2021-07-16,Yuba,115,75493,6405,6309,134,6443,52
2021-07-15,Alameda,001,1643700,92580,91346,2211,93557,1255
2021-07-15,Alpine,003,1148,89,89,0,89,0
2021-07-15,Amador,005,37829,3816,3785,35,3820,48
2021-07-15,Butte,007,227075,12954,12824,2017,14841,202
2021-07-15,Calaveras,009,45235,2268,2237,17,2254,57
2021-07-15,Colusa,011,21464,1988,1976,346,2322,16
2021-07-15,Contra Costa,013,1133247,73298,72254,1458,73712,824
2021-07-15,Del Norte,015,27424,1485,1475,10,1485,8
2021-07-15,El Dorado,017,186661,10737,10622,835,11457,114
2021-07-15,Fresno,019,978130,103769,103055,9252,112307,1730
2021-07-15,Glenn,021,27897,2455,2451,593,3044,20
2021-07-15,Humboldt,023,135768,4738,4654,58,4712,52
2021-07-15,Imperial,025,180216,28909,28840,2928,31768,742
2021-07-15,Inyo,027,18085,1421,1416,4,1420,36
2021-07-15,Kern,029,883053,98264,97796,11878,109674,1348
2021-07-15,Kings,031,150075,23310,23163,1230,24393,246
2021-07-15,Lake,033,64148,3888,3760,14,3774,64
2021-07-15,Lassen,035,31185,5308,5302,125,5427,21
2021-07-15,Los Angeles,037,10098052,1227694,1219733,45854,1265587,24582
2021-07-15,Madera,039,155013,16914,16804,991,17795,240
2021-07-15,Marin,041,260295,14477,14297,282,14579,234
2021-07-15,Mariposa,043,17540,449,445,11,456,5
2021-07-15,Mendocino,045,87422,4316,4209,83,4292,49
2021-07-15,Merced,047,269075,31593,31451,1022,32473,471
2021-07-15,Modoc,049,8938,419,412,147,559,5
2021-07-15,Mono,051,14174,1266,1277,13,1290,3
2021-07-15,Monterey,053,433212,43463,43367,1982,45349,515
2021-07-15,Napa,055,140530,10215,10129,39,10168,81
2021-07-15,Nevada,057,99092,5172,5066,203,5269,72
2021-07-15,Orange,059,3164182,259560,257805,12223,270028,5136
2021-07-15,Placer,061,380077,24398,24169,1743,25912,303
2021-07-15,Plumas,063,18699,738,721,15,736,4
2021-07-15,Riverside,065,2383286,296268,294751,15086,309837,4542
2021-07-15,Sacramento,067,1510023,111580,110432,2072,112504,1694
2021-07-15,San Benito,069,59416,6189,6181,119,6300,63
2021-07-15,San Bernardino,071,2135413,297252,296048,9346,305394,5218
2021-07-15,San Diego,073,3302833,288090,285698,16212,301910,3786
2021-07-15,San Francisco,075,870044,38548,37978,1483,39461,560
2021-07-15,San Joaquin,077,732212,75194,74695,3957,78652,1430
2021-07-15,San Luis Obispo,079,281455,21602,21462,815,22277,258
2021-07-15,San Mateo,081,765935,43734,43324,544,43868,542
2021-07-15,Santa Barbara,083,443738,35086,34769,1268,36037,461
2021-07-15,Santa Clara,085,1922200,120818,119980,840,120820,2097
2021-07-15,Santa Cruz,087,273765,16428,16337,885,17222,207
2021-07-15,Shasta,089,179085,12757,12683,1745,14428,210
2021-07-15,Sierra,091,2930,64,62,14,76,0
2021-07-15,Siskiyou,093,43540,2001,1922,432,2354,29
2021-07-15,Solano,095,438530,34361,34015,644,34659,263
2021-07-15,Sonoma,097,501317,31844,31536,384,31920,322
2021-07-15,Stanislaus,099,539301,57818,57400,6383,63783,1028
2021-07-15,Sutter,101,95872,9871,9778,100,9878,114
2021-07-15,Tehama,103,63373,5165,5145,625,5770,64
2021-07-15,Trinity,105,12862,389,341,79,420,3
2021-07-15,Tulare,107,460477,50139,49937,9820,59757,854
2021-07-15,Tuolumne,109,53932,4198,4131,40,4171,64
2021-07-15,Ventura,111,848112,82514,82125,3400,85525,1041
2021-07-15,Yolo,113,214977,14524,14356,438,14794,213
2021-07-15,Yuba,115,75493,6390,6309,134,6443,52
2021-07-14,Alameda,001,1643700,92321,91092,2192,93284,1255
2021-07-14,Alpine,003,1148,89,89,0,89,0
2021-07-14,Amador,005,37829,3808,3784,35,3819,48
2021-07-14,Butte,007,227075,12927,12813,2010,14823,202
2021-07-14,Calaveras,009,45235,2260,2234,17,2251,57
2021-07-14,Colusa,011,21464,1985,1974,346,2320,16
2021-07-14,Contra Costa,013,1133247,73073,72091,1445,73536,823
2021-07-14,Del Norte,015,27424,1484,1472,10,1482,8
2021-07-14,El Dorado,017,186661,10711,10598,832,11430,114
2021-07-14,Fresno,019,978130,103690,102966,9241,112207,1728
2021-07-14,Glenn,021,27897,2455,2449,593,3042,20
2021-07-14,Humboldt,023,135768,4715,4644,56,4700,52
2021-07-14,Imperial,025,180216,28879,28822,2928,31750,742
2021-07-14,Inyo,027,18085,1420,1415,4,1419,36
2021-07-14,Kern,029,883053,98201,97736,11852,109588,1346
2021-07-14,Kings,031,150075,23297,23142,1230,24372,246
2021-07-14,Lake,033,64148,3855,3739,14,3753,63
2021-07-14,Lassen,035,31185,5307,5298,125,5423,21
2021-07-14,Los Angeles,037,10098052,1225692,1218265,45706,1263971,24578
2021-07-14,Madera,039,155013,16902,16786,989,17775,240
2021-07-14,Marin,041,260295,14443,14269,280,14549,233
2021-07-14,Mariposa,043,17540,447,445,11,456,5
2021-07-14,Mendocino,045,87422,4303,4193,83,4276,49
2021-07-14,Merced,047,269075,31556,31412,1019,32431,471
2021-07-14,Modoc,049,8938,419,412,147,559,4
2021-07-14,Mono,051,14174,1266,1278,13,1291,3
2021-07-14,Monterey,053,433212,43439,43347,1980,45327,504
2021-07-14,Napa,055,140530,10193,10121,39,10160,81
2021-07-14,Nevada,057,99092,5153,5058,203,5261,72
2021-07-14,Orange,059,3164182,259242,257558,12193,269751,5137
2021-07-14,Placer,061,380077,24347,24125,1731,25856,303
2021-07-14,Plumas,063,18699,731,719,15,734,4
2021-07-14,Riverside,065,2383286,295943,294511,15069,309580,4542
2021-07-14,Sacramento,067,1510023,111253,110193,2049,112242,1688
2021-07-14,San Benito,069,59416,6186,6177,119,6296,63
2021-07-14,San Bernardino,071,2135413,296954,295820,9331,305151,5193
2021-07-14,San Diego,073,3302833,287523,285269,16130,301399,3786
2021-07-14,San Francisco,075,870044,38408,37836,1476,39312,559
2021-07-14,San Joaquin,077,732212,75103,74599,3948,78547,1416
2021-07-14,San Luis Obispo,079,281455,21580,21444,813,22257,258
2021-07-14,San Mateo,081,765935,43637,43249,540,43789,542
2021-07-14,Santa Barbara,083,443738,35046,34719,1266,35985,461
2021-07-14,Santa Clara,085,1922200,120668,119844,837,120681,2098
2021-07-14,Santa Cruz,087,273765,16414,16326,885,17211,207
2021-07-14,Shasta,089,179085,12737,12669,1742,14411,209
2021-07-14,Sierra,091,2930,64,62,14,76,0
2021-07-14,Siskiyou,093,43540,1994,1922,429,2351,29
2021-07-14,Solano,095,438530,34289,33948,644,34592,268
2021-07-14,Sonoma,097,501317,31792,31470,384,31854,322
2021-07-14,Stanislaus,099,539301,57743,57340,6371,63711,1028
2021-07-14,Sutter,101,95872,9848,9766,100,9866,114
2021-07-14,Tehama,103,63373,5163,5142,625,5767,64
2021-07-14,Trinity,105,12862,389,341,79,420,3
2021-07-14,Tulare,107,460477,50123,49908,9805,59713,853
2021-07-14,Tuolumne,109,53932,4195,4128,39,4167,64
2021-07-14,Ventura,111,848112,82421,82041,3388,85429,1040
2021-07-14,Yolo,113,214977,14491,14332,435,14767,213
2021-07-14,Yuba,115,75493,6372,6294,134,6428,52
2021-07-13,Alameda,001,1643700,92053,90874,2181,93055,1255
2021-07-13,Alpine,003,1148,89,89,0,89,0
2021-07-13,Amador,005,37829,3801,3783,35,3818,48
2021-07-13,Butte,007,227075,12914,12802,2008,14810,202
2021-07-13,Calaveras,009,45235,2256,2230,17,2247,57
2021-07-13,Colusa,011,21464,1983,1972,342,2314,16
2021-07-13,Contra Costa,013,1133247,72849,71963,1436,73399,823
2021-07-13,Del Norte,015,27424,1482,1471,10,1481,8
2021-07-13,El Dorado,017,186661,10693,10581,829,11410,114
2021-07-13,Fresno,019,978130,103614,102909,9232,112141,1727
2021-07-13,Glenn,021,27897,2453,2448,593,3041,20
2021-07-13,Humboldt,023,135768,4700,4634,56,4690,51
2021-07-13,Imperial,025,180216,28868,28792,2928,31720,741
2021-07-13,Inyo,027,18085,1419,1415,4,1419,36
2021-07-13,Kern,029,883053,98113,97698,11812,109510,1346
2021-07-13,Kings,031,150075,23279,23132,1230,24362,246
2021-07-13,Lake,033,64148,3828,3719,13,3732,63
2021-07-13,Lassen,035,31185,5305,5292,125,5417,21
2021-07-13,Los Angeles,037,10098052,1223854,1217184,45532,1262716,24569
2021-07-13,Madera,039,155013,16893,16773,985,17758,240
2021-07-13,Marin,041,260295,14414,14254,279,14533,233
2021-07-13,Mariposa,043,17540,446,443,11,454,5
2021-07-13,Mendocino,045,87422,4296,4185,83,4268,49
2021-07-13,Merced,047,269075,31535,31379,1016,32395,471
2021-07-13,Modoc,049,8938,419,411,147,558,4
2021-07-13,Mono,051,14174,1265,1277,13,1290,3
2021-07-13,Monterey,053,433212,43421,43333,1976,45309,504
2021-07-13,Napa,055,140530,10172,10118,39,10157,81
2021-07-13,Nevada,057,99092,5128,5053,203,5256,72
2021-07-13,Orange,059,3164182,258910,257339,12163,269502,5136
2021-07-13,Placer,061,380077,24300,24091,1718,25809,303
2021-07-13,Plumas,063,18699,730,716,15,731,4
2021-07-13,Riverside,065,2383286,295621,294302,15042,309344,4541
2021-07-13,Sacramento,067,1510023,110948,109990,2027,112017,1687
2021-07-13,San Benito,069,59416,6184,6173,119,6292,63
2021-07-13,San Bernardino,071,2135413,296677,295596,9309,304905,5183
2021-07-13,San Diego,073,3302833,286981,284997,16051,301048,3785
2021-07-13,San Francisco,075,870044,38264,37725,1469,39194,559
2021-07-13,San Joaquin,077,732212,74987,74500,3944,78444,1417
2021-07-13,San Luis Obispo,079,281455,21554,21423,810,22233,258
2021-07-13,San Mateo,081,765935,43569,43180,539,43719,542
2021-07-13,Santa Barbara,083,443738,34997,34679,1263,35942,461
2021-07-13,Santa Clara,085,1922200,120513,119727,833,120560,2098
2021-07-13,Santa Cruz,087,273765,16405,16315,883,17198,207
2021-07-13,Shasta,089,179085,12724,12659,1735,14394,209
2021-07-13,Sierra,091,2930,64,62,14,76,0
2021-07-13,Siskiyou,093,43540,1993,1916,427,2343,29
2021-07-13,Solano,095,438530,34227,33918,638,34556,268
2021-07-13,Sonoma,097,501317,31733,31431,384,31815,322
2021-07-13,Stanislaus,099,539301,57675,57282,6357,63639,1028
2021-07-13,Sutter,101,95872,9830,9752,99,9851,114
2021-07-13,Tehama,103,63373,5156,5144,625,5769,64
2021-07-13,Trinity,105,12862,389,341,78,419,3
2021-07-13,Tulare,107,460477,50099,49891,9789,59680,853
2021-07-13,Tuolumne,109,53932,4187,4122,38,4160,64
2021-07-13,Ventura,111,848112,82338,81982,3362,85344,1040
2021-07-13,Yolo,113,214977,14463,14320,428,14748,213
2021-07-13,Yuba,115,75493,6356,6279,134,6413,52
2021-07-12,Alameda,001,1643700,91796,90720,2172,92892,1254
2021-07-12,Alpine,003,1148,89,89,0,89,0
2021-07-12,Amador,005,37829,3794,3781,35,3816,47
2021-07-12,Butte,007,227075,12894,12796,2006,14802,202
2021-07-12,Calaveras,009,45235,2253,2228,17,2245,57
2021-07-12,Colusa,011,21464,1979,1971,341,2312,16
2021-07-12,Contra Costa,013,1133247,72648,71833,1431,73264,823
2021-07-12,Del Norte,015,27424,1479,1469,10,1479,8
2021-07-12,El Dorado,017,186661,10664,10569,827,11396,114
2021-07-12,Fresno,019,978130,103521,102853,9220,112073,1728
2021-07-12,Glenn,021,27897,2453,2446,593,3039,20
2021-07-12,Humboldt,023,135768,4684,4621,56,4677,51
2021-07-12,Imperial,025,180216,28838,28789,2928,31717,741
2021-07-12,Inyo,027,18085,1419,1415,4,1419,36
2021-07-12,Kern,029,883053,98044,97660,11787,109447,1346
2021-07-12,Kings,031,150075,23259,23124,1228,24352,246
2021-07-12,Lake,033,64148,3807,3706,13,3719,63
2021-07-12,Lassen,035,31185,5304,5292,125,5417,21
2021-07-12,Los Angeles,037,10098052,1222079,1216230,45387,1261617,24559
2021-07-12,Madera,039,155013,16882,16772,985,17757,240
2021-07-12,Marin,041,260295,14389,14238,278,14516,233
2021-07-12,Mariposa,043,17540,446,442,11,453,5
2021-07-12,Mendocino,045,87422,4285,4175,83,4258,49
2021-07-12,Merced,047,269075,31504,31374,1015,32389,471
2021-07-12,Modoc,049,8938,418,411,147,558,4
2021-07-12,Mono,051,14174,1263,1275,13,1288,3
2021-07-12,Monterey,053,433212,43400,43315,1972,45287,504
2021-07-12,Napa,055,140530,10154,10104,38,10142,81
2021-07-12,Nevada,057,99092,5105,5046,203,5249,72
2021-07-12,Orange,059,3164182,258558,257171,12138,269309,5136
2021-07-12,Placer,061,380077,24251,24052,1712,25764,302
2021-07-12,Plumas,063,18699,730,716,15,731,4
2021-07-12,Riverside,065,2383286,295313,294108,15012,309120,4541
2021-07-12,Sacramento,067,1510023,110731,109849,2005,111854,1685
2021-07-12,San Benito,069,59416,6181,6166,119,6285,63
2021-07-12,San Bernardino,071,2135413,296408,295447,9295,304742,5171
2021-07-12,San Diego,073,3302833,286517,284648,15975,300623,3785
2021-07-12,San Francisco,075,870044,38117,37656,1465,39121,559
2021-07-12,San Joaquin,077,732212,74892,74424,3934,78358,1415
2021-07-12,San Luis Obispo,079,281455,21535,21408,809,22217,258
2021-07-12,San Mateo,081,765935,43476,43138,532,43670,542
2021-07-12,Santa Barbara,083,443738,34955,34664,1261,35925,461
2021-07-12,Santa Clara,085,1922200,120349,119634,830,120464,2098
2021-07-12,Santa Cruz,087,273765,16380,16310,882,17192,207
2021-07-12,Shasta,089,179085,12716,12648,1732,14380,208
2021-07-12,Sierra,091,2930,64,62,14,76,0
2021-07-12,Siskiyou,093,43540,1988,1916,422,2338,29
2021-07-12,Solano,095,438530,34141,33859,629,34488,268
2021-07-12,Sonoma,097,501317,31685,31377,383,31760,322
2021-07-12,Stanislaus,099,539301,57602,57243,6350,63593,1028
2021-07-12,Sutter,101,95872,9813,9736,98,9834,114
2021-07-12,Tehama,103,63373,5151,5138,624,5762,63
2021-07-12,Trinity,105,12862,385,340,76,416,3
2021-07-12,Tulare,107,460477,50072,49882,9775,59657,853
2021-07-12,Tuolumne,109,53932,4183,4116,38,4154,64
2021-07-12,Ventura,111,848112,82238,81919,3340,85259,1040
2021-07-12,Yolo,113,214977,14434,14303,424,14727,213
2021-07-12,Yuba,115,75493,6341,6266,134,6400,52
2021-07-11,Alameda,001,1643700,91468,90597,2157,92754,1254
2021-07-11,Alpine,003,1148,89,89,0,89,0
2021-07-11,Amador,005,37829,3792,3779,35,3814,47
2021-07-11,Butte,007,227075,12874,12794,1999,14793,202
2021-07-11,Calaveras,009,45235,2245,2226,16,2242,57
2021-07-11,Colusa,011,21464,1979,1971,340,2311,16
2021-07-11,Contra Costa,013,1133247,72438,71744,1424,73168,823
2021-07-11,Del Norte,015,27424,1475,1467,9,1476,8
2021-07-11,El Dorado,017,186661,10635,10554,825,11379,114
2021-07-11,Fresno,019,978130,103426,102813,9201,112014,1728
2021-07-11,Glenn,021,27897,2452,2446,593,3039,20
2021-07-11,Humboldt,023,135768,4671,4611,55,4666,51
2021-07-11,Imperial,025,180216,28820,28787,2927,31714,741
2021-07-11,Inyo,027,18085,1417,1415,4,1419,36
2021-07-11,Kern,029,883053,97971,97637,11771,109408,1346
2021-07-11,Kings,031,150075,23228,23116,1225,24341,246
2021-07-11,Lake,033,64148,3776,3699,13,3712,63
2021-07-11,Lassen,035,31185,5301,5291,125,5416,21
2021-07-11,Los Angeles,037,10098052,1220341,1215182,45225,1260407,24558
2021-07-11,Madera,039,155013,16864,16766,984,17750,240
2021-07-11,Marin,041,260295,14363,14231,278,14509,233
2021-07-11,Mariposa,043,17540,445,442,11,453,5
2021-07-11,Mendocino,045,87422,4265,4167,83,4250,49
2021-07-11,Merced,047,269075,31480,31366,1010,32376,471
2021-07-11,Modoc,049,8938,417,411,147,558,4
2021-07-11,Mono,051,14174,1263,1275,13,1288,3
2021-07-11,Monterey,053,433212,43382,43307,1967,45274,504
2021-07-11,Napa,055,140530,10150,10100,38,10138,81
2021-07-11,Nevada,057,99092,5094,5035,202,5237,72
2021-07-11,Orange,059,3164182,258246,257009,12110,269119,5136
2021-07-11,Placer,061,380077,24195,24017,1700,25717,302
2021-07-11,Plumas,063,18699,730,716,15,731,4
2021-07-11,Riverside,065,2383286,295050,293969,14994,308963,4541
2021-07-11,Sacramento,067,1510023,110459,109696,1995,111691,1685
2021-07-11,San Benito,069,59416,6176,6163,119,6282,63
2021-07-11,San Bernardino,071,2135413,296107,295342,9271,304613,5167
2021-07-11,San Diego,073,3302833,286104,283819,15890,299709,3784
2021-07-11,San Francisco,075,870044,37990,37596,1459,39055,559
2021-07-11,San Joaquin,077,732212,74777,74376,3917,78293,1415
2021-07-11,San Luis Obispo,079,281455,21501,21403,808,22211,258
2021-07-11,San Mateo,081,765935,43396,43107,525,43632,542
2021-07-11,Santa Barbara,083,443738,34909,34646,1261,35907,461
2021-07-11,Santa Clara,085,1922200,120195,119549,829,120378,2098
2021-07-11,Santa Cruz,087,273765,16364,16303,882,17185,207
2021-07-11,Shasta,089,179085,12699,12647,1730,14377,208
2021-07-11,Sierra,091,2930,64,62,14,76,0
2021-07-11,Siskiyou,093,43540,1984,1915,420,2335,29
2021-07-11,Solano,095,438530,34063,33837,625,34462,268
2021-07-11,Sonoma,097,501317,31602,31352,383,31735,322
2021-07-11,Stanislaus,099,539301,57529,57230,6338,63568,1028
2021-07-11,Sutter,101,95872,9799,9728,98,9826,114
2021-07-11,Tehama,103,63373,5148,5138,624,5762,63
2021-07-11,Trinity,105,12862,384,340,76,416,3
2021-07-11,Tulare,107,460477,50048,49877,9755,59632,853
2021-07-11,Tuolumne,109,53932,4177,4116,38,4154,64
2021-07-11,Ventura,111,848112,82166,81875,3320,85195,1040
2021-07-11,Yolo,113,214977,14410,14285,416,14701,213
2021-07-11,Yuba,115,75493,6331,6260,134,6394,52
2021-07-10,Alameda,001,1643700,91318,90090,2154,92244,1252
2021-07-10,Alpine,003,1148,89,89,0,89,0
2021-07-10,Amador,005,37829,3786,3773,35,3808,47
2021-07-10,Butte,007,227075,12863,12764,1996,14760,202
2021-07-10,Calaveras,009,45235,2244,2214,16,2230,57
2021-07-10,Colusa,011,21464,1977,1969,340,2309,16
2021-07-10,Contra Costa,013,1133247,72339,71376,1423,72799,821
2021-07-10,Del Norte,015,27424,1473,1451,9,1460,8
2021-07-10,El Dorado,017,186661,10619,10508,821,11329,114
2021-07-10,Fresno,019,978130,103393,102675,9194,111869,1730
2021-07-10,Glenn,021,27897,2449,2440,592,3032,20
2021-07-10,Humboldt,023,135768,4662,4574,55,4629,51
2021-07-10,Imperial,025,180216,28807,28729,2927,31656,741
2021-07-10,Inyo,027,18085,1416,1415,4,1419,36
2021-07-10,Kern,029,883053,97932,97538,11753,109291,1346
2021-07-10,Kings,031,150075,23221,23090,1224,24314,246
2021-07-10,Lake,033,64148,3759,3667,13,3680,63
2021-07-10,Lassen,035,31185,5301,5290,125,5415,21
2021-07-10,Los Angeles,037,10098052,1219327,1212043,45120,1257163,24542
2021-07-10,Madera,039,155013,16858,16744,981,17725,241
2021-07-10,Marin,041,260295,14349,14194,278,14472,233
2021-07-10,Mariposa,043,17540,445,442,11,453,5
2021-07-10,Mendocino,045,87422,4258,4153,82,4235,49
2021-07-10,Merced,047,269075,31467,31328,1010,32338,470
2021-07-10,Modoc,049,8938,417,410,147,557,4
2021-07-10,Mono,051,14174,1263,1275,13,1288,3
2021-07-10,Monterey,053,433212,43368,43251,1965,45216,499
2021-07-10,Napa,055,140530,10138,10077,38,10115,81
2021-07-10,Nevada,057,99092,5085,5000,202,5202,72
2021-07-10,Orange,059,3164182,258074,256438,12095,268533,5135
2021-07-10,Placer,061,380077,24164,23916,1690,25606,302
2021-07-10,Plumas,063,18699,729,717,15,732,4
2021-07-10,Riverside,065,2383286,294864,293474,14980,308454,4541
2021-07-10,Sacramento,067,1510023,110307,109091,1990,111081,1682
2021-07-10,San Benito,069,59416,6171,6141,119,6260,63
2021-07-10,San Bernardino,071,2135413,295917,294932,9259,304191,5117
2021-07-10,San Diego,073,3302833,285814,283577,15837,299414,3783
2021-07-10,San Francisco,075,870044,37907,37338,1454,38792,559
2021-07-10,San Joaquin,077,732212,74720,74150,3911,78061,1412
2021-07-10,San Luis Obispo,079,281455,21490,21375,807,22182,258
2021-07-10,San Mateo,081,765935,43346,42948,523,43471,542
2021-07-10,Santa Barbara,083,443738,34883,34595,1261,35856,460
2021-07-10,Santa Clara,085,1922200,120092,119330,826,120156,2094
2021-07-10,Santa Cruz,087,273765,16357,16286,882,17168,207
2021-07-10,Shasta,089,179085,12686,12623,1725,14348,206
2021-07-10,Sierra,091,2930,64,61,14,75,0
2021-07-10,Siskiyou,093,43540,1982,1909,417,2326,29
2021-07-10,Solano,095,438530,34023,33678,619,34297,268
2021-07-10,Sonoma,097,501317,31550,31231,383,31614,317
2021-07-10,Stanislaus,099,539301,57488,57104,6328,63432,1026
2021-07-10,Sutter,101,95872,9786,9692,98,9790,114
2021-07-10,Tehama,103,63373,5145,5131,624,5755,63
2021-07-10,Trinity,105,12862,384,341,76,417,3
2021-07-10,Tulare,107,460477,50038,49850,9749,59599,853
2021-07-10,Tuolumne,109,53932,4175,4114,38,4152,64
2021-07-10,Ventura,111,848112,82121,81713,3302,85015,1039
2021-07-10,Yolo,113,214977,14389,14250,413,14663,213
2021-07-10,Yuba,115,75493,6321,6238,134,6372,52
2021-07-09,Alameda,001,1643700,91167,90090,2148,92238,1252
2021-07-09,Alpine,003,1148,89,89,0,89,0
2021-07-09,Amador,005,37829,3785,3773,35,3808,47
2021-07-09,Butte,007,227075,12852,12764,1994,14758,202
2021-07-09,Calaveras,009,45235,2242,2214,16,2230,57
2021-07-09,Colusa,011,21464,1976,1969,340,2309,16
2021-07-09,Contra Costa,013,1133247,72214,71376,1422,72798,821
2021-07-09,Del Norte,015,27424,1469,1451,9,1460,8
2021-07-09,El Dorado,017,186661,10604,10508,820,11328,114
2021-07-09,Fresno,019,978130,103337,102675,9187,111862,1730
2021-07-09,Glenn,021,27897,2448,2440,590,3030,20
2021-07-09,Humboldt,023,135768,4643,4574,55,4629,51
2021-07-09,Imperial,025,180216,28799,28729,2926,31655,741
2021-07-09,Inyo,027,18085,1415,1415,4,1419,36
2021-07-09,Kern,029,883053,97894,97538,11741,109279,1346
2021-07-09,Kings,031,150075,23211,23090,1223,24313,246
2021-07-09,Lake,033,64148,3745,3667,13,3680,63
2021-07-09,Lassen,035,31185,5299,5290,124,5414,21
2021-07-09,Los Angeles,037,10098052,1218327,1212043,45043,1257086,24542
2021-07-09,Madera,039,155013,16849,16744,980,17724,241
2021-07-09,Marin,041,260295,14329,14194,276,14470,233
2021-07-09,Mariposa,043,17540,445,442,11,453,5
2021-07-09,Mendocino,045,87422,4251,4153,82,4235,49
2021-07-09,Merced,047,269075,31452,31328,1010,32338,470
2021-07-09,Modoc,049,8938,417,410,147,557,4
2021-07-09,Mono,051,14174,1263,1275,13,1288,3
2021-07-09,Monterey,053,433212,43359,43251,1965,45216,499
2021-07-09,Napa,055,140530,10131,10077,38,10115,81
2021-07-09,Nevada,057,99092,5076,5000,202,5202,72
2021-07-09,Orange,059,3164182,257871,256438,12080,268518,5135
2021-07-09,Placer,061,380077,24142,23916,1684,25600,302
2021-07-09,Plumas,063,18699,727,717,15,732,4
2021-07-09,Riverside,065,2383286,294677,293474,14966,308440,4541
2021-07-09,Sacramento,067,1510023,110155,109091,1982,111073,1682
2021-07-09,San Benito,069,59416,6169,6141,119,6260,63
2021-07-09,San Bernardino,071,2135413,295767,294932,9252,304184,5117
2021-07-09,San Diego,073,3302833,285528,283577,15789,299366,3783
2021-07-09,San Francisco,075,870044,37829,37338,1447,38785,559
2021-07-09,San Joaquin,077,732212,74648,74150,3903,78053,1412
2021-07-09,San Luis Obispo,079,281455,21478,21375,807,22182,258
2021-07-09,San Mateo,081,765935,43300,42948,519,43467,542
2021-07-09,Santa Barbara,083,443738,34863,34595,1260,35855,460
2021-07-09,Santa Clara,085,1922200,119981,119330,826,120156,2094
2021-07-09,Santa Cruz,087,273765,16354,16286,882,17168,207
2021-07-09,Shasta,089,179085,12680,12623,1720,14343,206
2021-07-09,Sierra,091,2930,64,61,14,75,0
2021-07-09,Siskiyou,093,43540,1980,1909,416,2325,29
2021-07-09,Solano,095,438530,33988,33678,615,34293,268
2021-07-09,Sonoma,097,501317,31514,31231,383,31614,317
2021-07-09,Stanislaus,099,539301,57446,57104,6326,63430,1026
2021-07-09,Sutter,101,95872,9777,9692,98,9790,114
2021-07-09,Tehama,103,63373,5143,5131,624,5755,63
2021-07-09,Trinity,105,12862,383,341,73,414,3
2021-07-09,Tulare,107,460477,50025,49850,9743,59593,853
2021-07-09,Tuolumne,109,53932,4172,4114,38,4152,64
2021-07-09,Ventura,111,848112,82066,81713,3293,85006,1039
2021-07-09,Yolo,113,214977,14374,14250,409,14659,213
2021-07-09,Yuba,115,75493,6308,6238,134,6372,52
2021-07-08,Alameda,001,1643700,90957,90090,2143,92233,1252
2021-07-08,Alpine,003,1148,89,89,0,89,0
2021-07-08,Amador,005,37829,3783,3773,35,3808,47
2021-07-08,Butte,007,227075,12839,12764,1991,14755,202
2021-07-08,Calaveras,009,45235,2237,2214,15,2229,57
2021-07-08,Colusa,011,21464,1976,1969,340,2309,16
2021-07-08,Contra Costa,013,1133247,72086,71376,1417,72793,821
2021-07-08,Del Norte,015,27424,1467,1451,9,1460,8
2021-07-08,El Dorado,017,186661,10587,10508,815,11323,114
2021-07-08,Fresno,019,978130,103277,102675,9175,111850,1730
2021-07-08,Glenn,021,27897,2448,2440,590,3030,20
2021-07-08,Humboldt,023,135768,4628,4574,54,4628,51
2021-07-08,Imperial,025,180216,28786,28729,2925,31654,741
2021-07-08,Inyo,027,18085,1415,1415,4,1419,36
2021-07-08,Kern,029,883053,97850,97538,11723,109261,1346
2021-07-08,Kings,031,150075,23202,23090,1223,24313,246
2021-07-08,Lake,033,64148,3731,3667,13,3680,63
2021-07-08,Lassen,035,31185,5296,5290,124,5414,21
2021-07-08,Los Angeles,037,10098052,1217120,1212043,44945,1256988,24542
2021-07-08,Madera,039,155013,16834,16744,980,17724,241
2021-07-08,Marin,041,260295,14314,14194,276,14470,233
2021-07-08,Mariposa,043,17540,444,442,11,453,5
2021-07-08,Mendocino,045,87422,4248,4153,82,4235,49
2021-07-08,Merced,047,269075,31438,31328,1008,32336,470
2021-07-08,Modoc,049,8938,417,410,147,557,4
2021-07-08,Mono,051,14174,1263,1275,13,1288,3
2021-07-08,Monterey,053,433212,43339,43251,1959,45210,499
2021-07-08,Napa,055,140530,10127,10077,38,10115,81
2021-07-08,Nevada,057,99092,5070,5000,202,5202,72
2021-07-08,Orange,059,3164182,257679,256438,12059,268497,5135
2021-07-08,Placer,061,380077,24104,23916,1676,25592,302
2021-07-08,Plumas,063,18699,726,717,15,732,4
2021-07-08,Riverside,065,2383286,294476,293474,14950,308424,4541
2021-07-08,Sacramento,067,1510023,109937,109091,1975,111066,1682
2021-07-08,San Benito,069,59416,6166,6141,119,6260,63
2021-07-08,San Bernardino,071,2135413,295594,294932,9243,304175,5117
2021-07-08,San Diego,073,3302833,285200,283577,15741,299318,3783
2021-07-08,San Francisco,075,870044,37751,37338,1442,38780,559
2021-07-08,San Joaquin,077,732212,74560,74150,3892,78042,1412
2021-07-08,San Luis Obispo,079,281455,21466,21375,804,22179,258
2021-07-08,San Mateo,081,765935,43250,42948,518,43466,542
2021-07-08,Santa Barbara,083,443738,34837,34595,1258,35853,460
2021-07-08,Santa Clara,085,1922200,119888,119330,825,120155,2094
2021-07-08,Santa Cruz,087,273765,16348,16286,882,17168,207
2021-07-08,Shasta,089,179085,12674,12623,1716,14339,206
2021-07-08,Sierra,091,2930,64,61,14,75,0
2021-07-08,Siskiyou,093,43540,1975,1909,413,2322,29
2021-07-08,Solano,095,438530,33936,33678,607,34285,268
2021-07-08,Sonoma,097,501317,31483,31231,382,31613,317
2021-07-08,Stanislaus,099,539301,57412,57104,6321,63425,1026
2021-07-08,Sutter,101,95872,9762,9692,96,9788,114
2021-07-08,Tehama,103,63373,5140,5131,623,5754,63
2021-07-08,Trinity,105,12862,383,341,73,414,3
2021-07-08,Tulare,107,460477,50008,49850,9734,59584,853
2021-07-08,Tuolumne,109,53932,4170,4114,38,4152,64
2021-07-08,Ventura,111,848112,82002,81713,3276,84989,1039
2021-07-08,Yolo,113,214977,14356,14250,407,14657,213
2021-07-08,Yuba,115,75493,6300,6238,134,6372,52
2021-07-07,Alameda,001,1643700,90773,89995,2137,92132,1253
2021-07-07,Alpine,003,1148,89,89,0,89,0
2021-07-07,Amador,005,37829,3778,3770,35,3805,47
2021-07-07,Butte,007,227075,12826,12750,1986,14736,202
2021-07-07,Calaveras,009,45235,2233,2212,15,2227,57
2021-07-07,Colusa,011,21464,1972,1969,340,2309,16
2021-07-07,Contra Costa,013,1133247,71941,71308,1415,72723,821
2021-07-07,Del Norte,015,27424,1462,1446,9,1455,8
2021-07-07,El Dorado,017,186661,10567,10494,813,11307,114
2021-07-07,Fresno,019,978130,103227,102639,9168,111807,1729
2021-07-07,Glenn,021,27897,2448,2441,590,3031,20
2021-07-07,Humboldt,023,135768,4614,4566,54,4620,51
2021-07-07,Imperial,025,180216,28779,28701,2925,31626,740
2021-07-07,Inyo,027,18085,1414,1415,4,1419,36
2021-07-07,Kern,029,883053,97808,97507,11707,109214,1348
2021-07-07,Kings,031,150075,23189,23085,1220,24305,245
2021-07-07,Lake,033,64148,3712,3660,13,3673,63
2021-07-07,Lassen,035,31185,5296,5286,124,5410,21
2021-07-07,Los Angeles,037,10098052,1215949,1211316,44834,1256150,24531
2021-07-07,Madera,039,155013,16824,16733,978,17711,241
2021-07-07,Marin,041,260295,14294,14183,275,14458,233
2021-07-07,Mariposa,043,17540,442,442,11,453,5
2021-07-07,Mendocino,045,87422,4239,4145,82,4227,49
2021-07-07,Merced,047,269075,31423,31317,1008,32325,470
2021-07-07,Modoc,049,8938,417,410,147,557,4
2021-07-07,Mono,051,14174,1262,1274,13,1287,3
2021-07-07,Monterey,053,433212,43315,43233,1957,45190,494
2021-07-07,Napa,055,140530,10116,10078,38,10116,81
2021-07-07,Nevada,057,99092,5063,4996,202,5198,72
2021-07-07,Orange,059,3164182,257452,256301,12036,268337,5132
2021-07-07,Placer,061,380077,24066,23901,1666,25567,302
2021-07-07,Plumas,063,18699,726,710,15,725,4
2021-07-07,Riverside,065,2383286,294262,293331,14939,308270,4538
2021-07-07,Sacramento,067,1510023,109750,108954,1967,110921,1682
2021-07-07,San Benito,069,59416,6161,6137,119,6256,63
2021-07-07,San Bernardino,071,2135413,295427,294787,9236,304023,5087
2021-07-07,San Diego,073,3302833,284882,283377,15701,299078,3782
2021-07-07,San Francisco,075,870044,37659,37284,1439,38723,558
2021-07-07,San Joaquin,077,732212,74484,74095,3876,77971,1410
2021-07-07,San Luis Obispo,079,281455,21457,21360,802,22162,258
2021-07-07,San Mateo,081,765935,43195,42908,515,43423,542
2021-07-07,Santa Barbara,083,443738,34811,34582,1258,35840,460
2021-07-07,Santa Clara,085,1922200,119790,119250,824,120074,2094
2021-07-07,Santa Cruz,087,273765,16339,16279,881,17160,207
2021-07-07,Shasta,089,179085,12666,12613,1713,14326,206
2021-07-07,Sierra,091,2930,64,60,14,74,0
2021-07-07,Siskiyou,093,43540,1969,1908,409,2317,29
2021-07-07,Solano,095,438530,33888,33659,600,34259,268
2021-07-07,Sonoma,097,501317,31436,31172,382,31554,316
2021-07-07,Stanislaus,099,539301,57367,57102,6316,63418,1028
2021-07-07,Sutter,101,95872,9752,9683,96,9779,114
2021-07-07,Tehama,103,63373,5139,5129,623,5752,63
2021-07-07,Trinity,105,12862,383,341,73,414,3
2021-07-07,Tulare,107,460477,50004,49835,9725,59560,853
2021-07-07,Tuolumne,109,53932,4166,4115,37,4152,64
2021-07-07,Ventura,111,848112,81959,81608,3261,84869,1036
2021-07-07,Yolo,113,214977,14346,14236,404,14640,213
2021-07-07,Yuba,115,75493,6284,6233,134,6367,51
2021-07-06,Alameda,001,1643700,90578,89918,2128,92046,1253
2021-07-06,Alpine,003,1148,89,89,0,89,0
2021-07-06,Amador,005,37829,3777,3768,34,3802,47
2021-07-06,Butte,007,227075,12813,12744,1983,14727,201
2021-07-06,Calaveras,009,45235,2233,2211,15,2226,55
2021-07-06,Colusa,011,21464,1971,1967,337,2304,16
2021-07-06,Contra Costa,013,1133247,71812,71262,1413,72675,820
2021-07-06,Del Norte,015,27424,1458,1445,9,1454,8
2021-07-06,El Dorado,017,186661,10549,10484,812,11296,113
2021-07-06,Fresno,019,978130,103175,102616,9157,111773,1727
2021-07-06,Glenn,021,27897,2447,2438,590,3028,20
2021-07-06,Humboldt,023,135768,4600,4565,53,4618,49
2021-07-06,Imperial,025,180216,28764,28693,2923,31616,739
2021-07-06,Inyo,027,18085,1414,1412,4,1416,36
2021-07-06,Kern,029,883053,97767,97491,11696,109187,1346
2021-07-06,Kings,031,150075,23181,23077,1219,24296,245
2021-07-06,Lake,033,64148,3702,3659,13,3672,63
2021-07-06,Lassen,035,31185,5295,5288,123,5411,21
2021-07-06,Los Angeles,037,10098052,1214740,1210965,44734,1255699,24525
2021-07-06,Madera,039,155013,16813,16730,978,17708,241
2021-07-06,Marin,041,260295,14280,14181,275,14456,233
2021-07-06,Mariposa,043,17540,442,442,11,453,5
2021-07-06,Mendocino,045,87422,4232,4143,82,4225,49
2021-07-06,Merced,047,269075,31406,31317,1007,32324,470
2021-07-06,Modoc,049,8938,417,411,147,558,4
2021-07-06,Mono,051,14174,1260,1274,13,1287,3
2021-07-06,Monterey,053,433212,43293,43224,1956,45180,494
2021-07-06,Napa,055,140530,10105,10081,38,10119,81
2021-07-06,Nevada,057,99092,5054,4988,202,5190,72
2021-07-06,Orange,059,3164182,257211,256227,12019,268246,5129
2021-07-06,Placer,061,380077,24026,23876,1660,25536,302
2021-07-06,Plumas,063,18699,725,708,15,723,4
2021-07-06,Riverside,065,2383286,294056,293227,14920,308147,4539
2021-07-06,Sacramento,067,1510023,109541,108850,1959,110809,1679
2021-07-06,San Benito,069,59416,6157,6137,119,6256,63
2021-07-06,San Bernardino,071,2135413,295252,294712,9223,303935,5056
2021-07-06,San Diego,073,3302833,284527,283278,15642,298920,3782
2021-07-06,San Francisco,075,870044,37543,37251,1436,38687,558
2021-07-06,San Joaquin,077,732212,74415,74019,3864,77883,1410
2021-07-06,San Luis Obispo,079,281455,21440,21354,801,22155,257
2021-07-06,San Mateo,081,765935,43120,42895,515,43410,541
2021-07-06,Santa Barbara,083,443738,34793,34572,1256,35828,460
2021-07-06,Santa Clara,085,1922200,119672,119194,821,120015,2095
2021-07-06,Santa Cruz,087,273765,16334,16274,880,17154,207
2021-07-06,Shasta,089,179085,12656,12606,1711,14317,205
2021-07-06,Sierra,091,2930,63,60,14,74,0
2021-07-06,Siskiyou,093,43540,1966,1905,405,2310,29
2021-07-06,Solano,095,438530,33838,33619,597,34216,268
2021-07-06,Sonoma,097,501317,31372,31130,381,31511,316
2021-07-06,Stanislaus,099,539301,57305,57120,6304,63424,1029
2021-07-06,Sutter,101,95872,9743,9674,95,9769,114
2021-07-06,Tehama,103,63373,5136,5126,622,5748,63
2021-07-06,Trinity,105,12862,383,341,73,414,3
2021-07-06,Tulare,107,460477,49989,49826,9714,59540,853
2021-07-06,Tuolumne,109,53932,4164,4113,37,4150,64
2021-07-06,Ventura,111,848112,81919,81534,3235,84769,1033
2021-07-06,Yolo,113,214977,14325,14227,399,14626,213
2021-07-06,Yuba,115,75493,6273,6231,134,6365,51
2021-07-05,Alameda,001,1643700,90401,89892,2122,92014,1253
2021-07-05,Alpine,003,1148,89,89,0,89,0
2021-07-05,Amador,005,37829,3775,3768,34,3802,47
2021-07-05,Butte,007,227075,12805,12740,1973,14713,201
2021-07-05,Calaveras,009,45235,2231,2211,15,2226,55
2021-07-05,Colusa,011,21464,1969,1966,336,2302,16
2021-07-05,Contra Costa,013,1133247,71686,71235,1413,72648,820
2021-07-05,Del Norte,015,27424,1454,1446,9,1455,8
2021-07-05,El Dorado,017,186661,10524,10481,812,11293,113
2021-07-05,Fresno,019,978130,103118,102592,9139,111731,1727
2021-07-05,Glenn,021,27897,2444,2438,589,3027,20
2021-07-05,Humboldt,023,135768,4586,4563,53,4616,49
2021-07-05,Imperial,025,180216,28746,28689,2923,31612,739
2021-07-05,Inyo,027,18085,1414,1412,4,1416,36
2021-07-05,Kern,029,883053,97719,97479,11675,109154,1346
2021-07-05,Kings,031,150075,23173,23065,1216,24281,245
2021-07-05,Lake,033,64148,3684,3645,13,3658,63
2021-07-05,Lassen,035,31185,5292,5288,122,5410,21
2021-07-05,Los Angeles,037,10098052,1213562,1210653,44627,1255280,24522
2021-07-05,Madera,039,155013,16803,16722,977,17699,241
2021-07-05,Marin,041,260295,14258,14178,275,14453,233
2021-07-05,Mariposa,043,17540,442,441,11,452,5
2021-07-05,Mendocino,045,87422,4227,4139,82,4221,49
2021-07-05,Merced,047,269075,31386,31312,1007,32319,470
2021-07-05,Modoc,049,8938,417,410,147,557,4
2021-07-05,Mono,051,14174,1260,1273,13,1286,3
2021-07-05,Monterey,053,433212,43273,43218,1951,45169,494
2021-07-05,Napa,055,140530,10099,10074,38,10112,81
2021-07-05,Nevada,057,99092,5036,4980,201,5181,72
2021-07-05,Orange,059,3164182,257009,256173,12000,268173,5129
2021-07-05,Placer,061,380077,23980,23867,1652,25519,302
2021-07-05,Plumas,063,18699,724,708,15,723,4
2021-07-05,Riverside,065,2383286,293863,293193,14907,308100,4539
2021-07-05,Sacramento,067,1510023,109361,108758,1950,110708,1679
2021-07-05,San Benito,069,59416,6150,6137,119,6256,63
2021-07-05,San Bernardino,071,2135413,295092,294647,9216,303863,5037
2021-07-05,San Diego,073,3302833,284167,282834,15597,298431,3782
2021-07-05,San Francisco,075,870044,37456,37237,1431,38668,558
2021-07-05,San Joaquin,077,732212,74345,73999,3858,77857,1410
2021-07-05,San Luis Obispo,079,281455,21427,21351,800,22151,257
2021-07-05,San Mateo,081,765935,43068,42876,512,43388,541
2021-07-05,Santa Barbara,083,443738,34773,34569,1256,35825,460
2021-07-05,Santa Clara,085,1922200,119568,119184,819,120003,2095
2021-07-05,Santa Cruz,087,273765,16324,16273,879,17152,208
2021-07-05,Shasta,089,179085,12647,12603,1709,14312,205
2021-07-05,Sierra,091,2930,63,60,14,74,0
2021-07-05,Siskiyou,093,43540,1965,1904,403,2307,29
2021-07-05,Solano,095,438530,33769,33612,591,34203,268
2021-07-05,Sonoma,097,501317,31319,31116,380,31496,316
2021-07-05,Stanislaus,099,539301,57269,57109,6294,63403,1029
2021-07-05,Sutter,101,95872,9731,9667,95,9762,114
2021-07-05,Tehama,103,63373,5135,5125,622,5747,63
2021-07-05,Trinity,105,12862,382,341,72,413,3
2021-07-05,Tulare,107,460477,49971,49818,9711,59529,853
2021-07-05,Tuolumne,109,53932,4160,4112,37,4149,64
2021-07-05,Ventura,111,848112,81870,81519,3214,84733,1033
2021-07-05,Yolo,113,214977,14307,14225,390,14615,213
2021-07-05,Yuba,115,75493,6265,6223,134,6357,51
2021-07-04,Alameda,001,1643700,90234,89683,2118,91801,1253
2021-07-04,Alpine,003,1148,89,89,0,89,0
2021-07-04,Amador,005,37829,3774,3758,34,3792,46
2021-07-04,Butte,007,227075,12795,12684,1973,14657,201
2021-07-04,Calaveras,009,45235,2231,2200,15,2215,55
2021-07-04,Colusa,011,21464,1969,1969,336,2305,15
2021-07-04,Contra Costa,013,1133247,71580,70941,1408,72349,818
2021-07-04,Del Norte,015,27424,1451,1439,9,1448,8
2021-07-04,El Dorado,017,186661,10515,10433,811,11244,113
2021-07-04,Fresno,019,978130,103074,102512,9120,111632,1727
2021-07-04,Glenn,021,27897,2442,2442,588,3030,20
2021-07-04,Humboldt,023,135768,4578,4530,53,4583,49
2021-07-04,Imperial,025,180216,28740,28661,2923,31584,739
2021-07-04,Inyo,027,18085,1414,1412,4,1416,35
2021-07-04,Kern,029,883053,97701,97421,11665,109086,1347
2021-07-04,Kings,031,150075,23166,23051,1216,24267,245
2021-07-04,Lake,033,64148,3674,3623,13,3636,62
2021-07-04,Lassen,035,31185,5291,5277,122,5399,20
2021-07-04,Los Angeles,037,10098052,1212718,1208705,44533,1253238,24506
2021-07-04,Madera,039,155013,16791,16696,975,17671,240
2021-07-04,Marin,041,260295,14243,14143,275,14418,233
2021-07-04,Mariposa,043,17540,442,441,11,452,5
2021-07-04,Mendocino,045,87422,4217,4122,82,4204,49
2021-07-04,Merced,047,269075,31375,31297,1007,32304,469
2021-07-04,Modoc,049,8938,417,410,147,557,4
2021-07-04,Mono,051,14174,1260,1275,13,1288,3
2021-07-04,Monterey,053,433212,43257,43212,1950,45162,492
2021-07-04,Napa,055,140530,10091,10045,37,10082,81
2021-07-04,Nevada,057,99092,5027,4966,201,5167,72
2021-07-04,Orange,059,3164182,256834,255823,11979,267802,5126
2021-07-04,Placer,061,380077,23943,23764,1645,25409,299
2021-07-04,Plumas,063,18699,724,707,15,722,4
2021-07-04,Riverside,065,2383286,293705,293260,14899,308159,4536
2021-07-04,Sacramento,067,1510023,109196,108257,1945,110202,1676
2021-07-04,San Benito,069,59416,6143,6108,119,6227,63
2021-07-04,San Bernardino,071,2135413,294925,294294,9209,303503,5003
2021-07-04,San Diego,073,3302833,283943,282692,15559,298251,3780
2021-07-04,San Francisco,075,870044,37401,37107,1425,38532,558
2021-07-04,San Joaquin,077,732212,74279,73841,3850,77691,1409
2021-07-04,San Luis Obispo,079,281455,21421,21330,799,22129,256
2021-07-04,San Mateo,081,765935,43034,42691,512,43203,541
2021-07-04,Santa Barbara,083,443738,34751,34526,1255,35781,456
2021-07-04,Santa Clara,085,1922200,119478,118966,818,119784,2090
2021-07-04,Santa Cruz,087,273765,16313,16254,879,17133,208
2021-07-04,Shasta,089,179085,12643,12582,1708,14290,204
2021-07-04,Sierra,091,2930,62,60,14,74,0
2021-07-04,Siskiyou,093,43540,1961,1899,402,2301,29
2021-07-04,Solano,095,438530,33728,33486,589,34075,268
2021-07-04,Sonoma,097,501317,31289,31000,379,31379,316
2021-07-04,Stanislaus,099,539301,57246,57018,6288,63306,1018
2021-07-04,Sutter,101,95872,9720,9644,95,9739,114
2021-07-04,Tehama,103,63373,5131,5124,622,5746,63
2021-07-04,Trinity,105,12862,381,341,72,413,3
2021-07-04,Tulare,107,460477,49961,49789,9708,59497,853
2021-07-04,Tuolumne,109,53932,4152,4113,37,4150,64
2021-07-04,Ventura,111,848112,81813,81425,3203,84628,1033
2021-07-04,Yolo,113,214977,14288,14188,387,14575,213
2021-07-04,Yuba,115,75493,6257,6197,134,6331,51
2021-07-03,Alameda,001,1643700,90150,89683,2110,91793,1253
2021-07-03,Alpine,003,1148,89,89,0,89,0
2021-07-03,Amador,005,37829,3774,3758,34,3792,46
2021-07-03,Butte,007,227075,12791,12684,1972,14656,201
2021-07-03,Calaveras,009,45235,2230,2200,15,2215,55
2021-07-03,Colusa,011,21464,1969,1969,335,2304,15
2021-07-03,Contra Costa,013,1133247,71521,70941,1405,72346,818
2021-07-03,Del Norte,015,27424,1448,1439,9,1448,8
2021-07-03,El Dorado,017,186661,10508,10433,809,11242,113
2021-07-03,Fresno,019,978130,103049,102512,9111,111623,1727
2021-07-03,Glenn,021,27897,2442,2442,588,3030,20
2021-07-03,Humboldt,023,135768,4573,4530,53,4583,49
2021-07-03,Imperial,025,180216,28730,28661,2923,31584,739
2021-07-03,Inyo,027,18085,1414,1412,4,1416,35
2021-07-03,Kern,029,883053,97681,97421,11657,109078,1347
2021-07-03,Kings,031,150075,23166,23051,1215,24266,245
2021-07-03,Lake,033,64148,3664,3623,13,3636,62
2021-07-03,Lassen,035,31185,5290,5277,122,5399,20
2021-07-03,Los Angeles,037,10098052,1212292,1208705,44503,1253208,24506
2021-07-03,Madera,039,155013,16782,16696,972,17668,240
2021-07-03,Marin,041,260295,14239,14143,275,14418,233
2021-07-03,Mariposa,043,17540,442,441,11,452,5
2021-07-03,Mendocino,045,87422,4216,4122,82,4204,49
2021-07-03,Merced,047,269075,31362,31297,1006,32303,469
2021-07-03,Modoc,049,8938,416,410,147,557,4
2021-07-03,Mono,051,14174,1259,1275,13,1288,3
2021-07-03,Monterey,053,433212,43245,43212,1947,45159,492
2021-07-03,Napa,055,140530,10086,10045,37,10082,81
2021-07-03,Nevada,057,99092,5013,4966,201,5167,72
2021-07-03,Orange,059,3164182,256750,255823,11972,267795,5126
2021-07-03,Placer,061,380077,23924,23764,1642,25406,299
2021-07-03,Plumas,063,18699,724,707,15,722,4
2021-07-03,Riverside,065,2383286,293613,293260,14895,308155,4536
2021-07-03,Sacramento,067,1510023,109121,108257,1942,110199,1676
2021-07-03,San Benito,069,59416,6136,6108,119,6227,63
2021-07-03,San Bernardino,071,2135413,294835,294294,9206,303500,5003
2021-07-03,San Diego,073,3302833,283812,282692,15540,298232,3780
2021-07-03,San Francisco,075,870044,37360,37107,1422,38529,558
2021-07-03,San Joaquin,077,732212,74244,73841,3844,77685,1409
2021-07-03,San Luis Obispo,079,281455,21409,21330,799,22129,256
2021-07-03,San Mateo,081,765935,43009,42691,511,43202,541
2021-07-03,Santa Barbara,083,443738,34742,34526,1254,35780,456
2021-07-03,Santa Clara,085,1922200,119431,118966,818,119784,2090
2021-07-03,Santa Cruz,087,273765,16306,16254,879,17133,208
2021-07-03,Shasta,089,179085,12639,12582,1706,14288,204
2021-07-03,Sierra,091,2930,62,60,14,74,0
2021-07-03,Siskiyou,093,43540,1960,1899,401,2300,29
2021-07-03,Solano,095,438530,33686,33486,589,34075,268
2021-07-03,Sonoma,097,501317,31255,31000,379,31379,316
2021-07-03,Stanislaus,099,539301,57232,57018,6280,63298,1018
2021-07-03,Sutter,101,95872,9710,9644,95,9739,114
2021-07-03,Tehama,103,63373,5129,5124,622,5746,63
2021-07-03,Trinity,105,12862,381,341,72,413,3
2021-07-03,Tulare,107,460477,49955,49789,9702,59491,853
2021-07-03,Tuolumne,109,53932,4151,4113,37,4150,64
2021-07-03,Ventura,111,848112,81783,81425,3195,84620,1033
2021-07-03,Yolo,113,214977,14278,14188,384,14572,213
2021-07-03,Yuba,115,75493,6251,6197,134,6331,51
2021-07-02,Alameda,001,1643700,90068,89683,2109,91792,1253
2021-07-02,Alpine,003,1148,89,89,0,89,0
2021-07-02,Amador,005,37829,3772,3758,34,3792,46
2021-07-02,Butte,007,227075,12784,12684,1972,14656,201
2021-07-02,Calaveras,009,45235,2229,2200,15,2215,55
2021-07-02,Colusa,011,21464,1968,1969,334,2303,15
2021-07-02,Contra Costa,013,1133247,71452,70941,1401,72342,818
2021-07-02,Del Norte,015,27424,1448,1439,9,1448,8
2021-07-02,El Dorado,017,186661,10500,10433,809,11242,113
2021-07-02,Fresno,019,978130,103020,102512,9105,111617,1727
2021-07-02,Glenn,021,27897,2441,2442,587,3029,20
2021-07-02,Humboldt,023,135768,4570,4530,52,4582,49
2021-07-02,Imperial,025,180216,28724,28661,2922,31583,739
2021-07-02,Inyo,027,18085,1414,1412,4,1416,35
2021-07-02,Kern,029,883053,97663,97421,11648,109069,1347
2021-07-02,Kings,031,150075,23156,23051,1215,24266,245
2021-07-02,Lake,033,64148,3658,3623,13,3636,62
2021-07-02,Lassen,035,31185,5290,5277,122,5399,20
2021-07-02,Los Angeles,037,10098052,1211818,1208705,44464,1253169,24506
2021-07-02,Madera,039,155013,16773,16696,971,17667,240
2021-07-02,Marin,041,260295,14234,14143,275,14418,233
2021-07-02,Mariposa,043,17540,442,441,11,452,5
2021-07-02,Mendocino,045,87422,4212,4122,81,4203,49
2021-07-02,Merced,047,269075,31353,31297,1006,32303,469
2021-07-02,Modoc,049,8938,416,410,147,557,4
2021-07-02,Mono,051,14174,1258,1275,13,1288,3
2021-07-02,Monterey,053,433212,43237,43212,1946,45158,492
2021-07-02,Napa,055,140530,10081,10045,37,10082,81
2021-07-02,Nevada,057,99092,5004,4966,201,5167,72
2021-07-02,Orange,059,3164182,256637,255823,11965,267788,5126
2021-07-02,Placer,061,380077,23907,23764,1635,25399,299
2021-07-02,Plumas,063,18699,724,707,15,722,4
2021-07-02,Riverside,065,2383286,293516,293260,14890,308150,4536
2021-07-02,Sacramento,067,1510023,109040,108257,1941,110198,1676
2021-07-02,San Benito,069,59416,6133,6108,119,6227,63
2021-07-02,San Bernardino,071,2135413,294749,294294,9204,303498,5003
2021-07-02,San Diego,073,3302833,283667,282692,15514,298206,3780
2021-07-02,San Francisco,075,870044,37312,37107,1420,38527,558
2021-07-02,San Joaquin,077,732212,74212,73841,3838,77679,1409
2021-07-02,San Luis Obispo,079,281455,21403,21330,798,22128,256
2021-07-02,San Mateo,081,765935,42973,42691,511,43202,541
2021-07-02,Santa Barbara,083,443738,34733,34526,1254,35780,456
2021-07-02,Santa Clara,085,1922200,119353,118966,818,119784,2090
2021-07-02,Santa Cruz,087,273765,16302,16254,879,17133,208
2021-07-02,Shasta,089,179085,12635,12582,1706,14288,204
2021-07-02,Sierra,091,2930,61,60,14,74,0
2021-07-02,Siskiyou,093,43540,1957,1899,400,2299,29
2021-07-02,Solano,095,438530,33661,33486,589,34075,268
2021-07-02,Sonoma,097,501317,31232,31000,379,31379,316
2021-07-02,Stanislaus,099,539301,57210,57018,6279,63297,1018
2021-07-02,Sutter,101,95872,9705,9644,95,9739,114
2021-07-02,Tehama,103,63373,5127,5124,620,5744,63
2021-07-02,Trinity,105,12862,381,341,72,413,3
2021-07-02,Tulare,107,460477,49945,49789,9694,59483,853
2021-07-02,Tuolumne,109,53932,4148,4113,37,4150,64
2021-07-02,Ventura,111,848112,81740,81425,3187,84612,1033
2021-07-02,Yolo,113,214977,14263,14188,382,14570,213
2021-07-02,Yuba,115,75493,6243,6197,134,6331,51
2021-07-01,Alameda,001,1643700,89963,89683,2107,91790,1253
2021-07-01,Alpine,003,1148,89,89,0,89,0
2021-07-01,Amador,005,37829,3771,3758,34,3792,46
2021-07-01,Butte,007,227075,12772,12684,1970,14654,201
2021-07-01,Calaveras,009,45235,2227,2200,15,2215,55
2021-07-01,Colusa,011,21464,1968,1969,332,2301,15
2021-07-01,Contra Costa,013,1133247,71381,70941,1400,72341,818
2021-07-01,Del Norte,015,27424,1447,1439,9,1448,8
2021-07-01,El Dorado,017,186661,10488,10433,809,11242,113
2021-07-01,Fresno,019,978130,102981,102512,9100,111612,1727
2021-07-01,Glenn,021,27897,2441,2442,587,3029,20
2021-07-01,Humboldt,023,135768,4568,4530,52,4582,49
2021-07-01,Imperial,025,180216,28707,28661,2922,31583,739
2021-07-01,Inyo,027,18085,1414,1412,4,1416,35
2021-07-01,Kern,029,883053,97637,97421,11637,109058,1347
2021-07-01,Kings,031,150075,23142,23051,1215,24266,245
2021-07-01,Lake,033,64148,3655,3623,13,3636,62
2021-07-01,Lassen,035,31185,5288,5277,122,5399,20
2021-07-01,Los Angeles,037,10098052,1211221,1208705,44408,1253113,24506
2021-07-01,Madera,039,155013,16764,16696,970,17666,240
2021-07-01,Marin,041,260295,14230,14143,275,14418,233
2021-07-01,Mariposa,043,17540,442,441,11,452,5
2021-07-01,Mendocino,045,87422,4208,4122,80,4202,49
2021-07-01,Merced,047,269075,31347,31297,1006,32303,469
2021-07-01,Modoc,049,8938,416,410,147,557,4
2021-07-01,Mono,051,14174,1257,1275,13,1288,3
2021-07-01,Monterey,053,433212,43229,43212,1942,45154,492
2021-07-01,Napa,055,140530,10074,10045,37,10082,81
2021-07-01,Nevada,057,99092,4999,4966,201,5167,72
2021-07-01,Orange,059,3164182,256519,255823,11945,267768,5126
2021-07-01,Placer,061,380077,23889,23764,1632,25396,299
2021-07-01,Plumas,063,18699,721,707,13,720,4
2021-07-01,Riverside,065,2383286,293407,293260,14882,308142,4536
2021-07-01,Sacramento,067,1510023,108919,108257,1934,110191,1676
2021-07-01,San Benito,069,59416,6129,6108,119,6227,63
2021-07-01,San Bernardino,071,2135413,294630,294294,9198,303492,5003
2021-07-01,San Diego,073,3302833,283489,282692,15477,298169,3780
2021-07-01,San Francisco,075,870044,37276,37107,1418,38525,558
2021-07-01,San Joaquin,077,732212,74161,73841,3834,77675,1409
2021-07-01,San Luis Obispo,079,281455,21388,21330,797,22127,256
2021-07-01,San Mateo,081,765935,42945,42691,510,43201,541
2021-07-01,Santa Barbara,083,443738,34722,34526,1254,35780,456
2021-07-01,Santa Clara,085,1922200,119304,118966,818,119784,2090
2021-07-01,Santa Cruz,087,273765,16298,16254,878,17132,208
2021-07-01,Shasta,089,179085,12627,12582,1705,14287,204
2021-07-01,Sierra,091,2930,61,60,14,74,0
2021-07-01,Siskiyou,093,43540,1957,1899,400,2299,29
2021-07-01,Solano,095,438530,33620,33486,588,34074,268
2021-07-01,Sonoma,097,501317,31187,31000,379,31379,316
2021-07-01,Stanislaus,099,539301,57187,57018,6275,63293,1018
2021-07-01,Sutter,101,95872,9696,9644,95,9739,114
2021-07-01,Tehama,103,63373,5127,5124,619,5743,63
2021-07-01,Trinity,105,12862,381,341,72,413,3
2021-07-01,Tulare,107,460477,49936,49789,9687,59476,853
2021-07-01,Tuolumne,109,53932,4141,4113,37,4150,64
2021-07-01,Ventura,111,848112,81709,81425,3176,84601,1033
2021-07-01,Yolo,113,214977,14248,14188,380,14568,213
2021-07-01,Yuba,115,75493,6236,6197,134,6331,51
2021-06-30,Alameda,001,1643700,89878,89597,2102,91699,1256
2021-06-30,Alpine,003,1148,89,89,0,89,0
2021-06-30,Amador,005,37829,3769,3756,34,3790,46
2021-06-30,Butte,007,227075,12765,12676,1961,14637,201
2021-06-30,Calaveras,009,45235,2222,2198,15,2213,55
2021-06-30,Colusa,011,21464,1966,1967,329,2296,15
2021-06-30,Contra Costa,013,1133247,71317,70869,1397,72266,818
2021-06-30,Del Norte,015,27424,1442,1435,9,1444,8
2021-06-30,El Dorado,017,186661,10469,10420,809,11229,113
2021-06-30,Fresno,019,978130,102945,102490,9097,111587,1727
2021-06-30,Glenn,021,27897,2439,2440,587,3027,20
2021-06-30,Humboldt,023,135768,4552,4522,50,4572,49
2021-06-30,Imperial,025,180216,28699,28651,2922,31573,739
2021-06-30,Inyo,027,18085,1414,1409,4,1413,35
2021-06-30,Kern,029,883053,97599,97267,11625,108892,1348
2021-06-30,Kings,031,150075,23137,23038,1214,24252,245
2021-06-30,Lake,033,64148,3642,3601,13,3614,56
2021-06-30,Lassen,035,31185,5283,5269,122,5391,20
2021-06-30,Los Angeles,037,10098052,1210554,1208246,44363,1252609,24499
2021-06-30,Madera,039,155013,16757,16688,968,17656,240
2021-06-30,Marin,041,260295,14222,14133,273,14406,232
2021-06-30,Mariposa,043,17540,441,441,11,452,5
2021-06-30,Mendocino,045,87422,4198,4115,80,4195,49
2021-06-30,Merced,047,269075,31337,31286,1006,32292,469
2021-06-30,Modoc,049,8938,416,410,147,557,4
2021-06-30,Mono,051,14174,1257,1275,13,1288,3
2021-06-30,Monterey,053,433212,43224,43209,1940,45149,492
2021-06-30,Napa,055,140530,10066,10039,37,10076,81
2021-06-30,Nevada,057,99092,4988,4958,201,5159,72
2021-06-30,Orange,059,3164182,256391,255764,11935,267699,5125
2021-06-30,Placer,061,380077,23865,23721,1628,25349,299
2021-06-30,Plumas,063,18699,721,705,13,718,4
2021-06-30,Riverside,065,2383286,293295,293280,14870,308150,4535
2021-06-30,Sacramento,067,1510023,108782,108137,1929,110066,1676
2021-06-30,San Benito,069,59416,6125,6105,119,6224,63
2021-06-30,San Bernardino,071,2135413,294469,294211,9193,303404,4975
2021-06-30,San Diego,073,3302833,283353,282583,15449,298032,3780
2021-06-30,San Francisco,075,870044,37227,37065,1413,38478,558
2021-06-30,San Joaquin,077,732212,74100,73777,3832,77609,1409
2021-06-30,San Luis Obispo,079,281455,21375,21326,796,22122,256
2021-06-30,San Mateo,081,765935,42908,42599,509,43108,537
2021-06-30,Santa Barbara,083,443738,34706,34521,1254,35775,456
2021-06-30,Santa Clara,085,1922200,119257,118930,815,119745,2090
2021-06-30,Santa Cruz,087,273765,16292,16250,878,17128,208
2021-06-30,Shasta,089,179085,12621,12564,1705,14269,204
2021-06-30,Sierra,091,2930,61,60,14,74,0
2021-06-30,Siskiyou,093,43540,1955,1900,397,2297,29
2021-06-30,Solano,095,438530,33582,33453,586,34039,268
2021-06-30,Sonoma,097,501317,31157,30947,379,31326,316
2021-06-30,Stanislaus,099,539301,57165,56997,6274,63271,1018
2021-06-30,Sutter,101,95872,9686,9638,95,9733,114
2021-06-30,Tehama,103,63373,5125,5124,619,5743,63
2021-06-30,Trinity,105,12862,381,341,72,413,3
2021-06-30,Tulare,107,460477,49925,49764,9676,59440,853
2021-06-30,Tuolumne,109,53932,4138,4112,37,4149,64
2021-06-30,Ventura,111,848112,81666,81392,3171,84563,1032
2021-06-30,Yolo,113,214977,14242,14178,377,14555,213
2021-06-30,Yuba,115,75493,6228,6191,134,6325,51
2021-06-29,Alameda,001,1643700,89775,89519,2101,91620,1257
2021-06-29,Alpine,003,1148,89,89,0,89,0
2021-06-29,Amador,005,37829,3765,3754,34,3788,46
2021-06-29,Butte,007,227075,12757,12669,1961,14630,201
2021-06-29,Calaveras,009,45235,2215,2198,15,2213,55
2021-06-29,Colusa,011,21464,1964,1967,329,2296,15
2021-06-29,Contra Costa,013,1133247,71243,70775,1397,72172,817
2021-06-29,Del Norte,015,27424,1441,1435,9,1444,8
2021-06-29,El Dorado,017,186661,10456,10403,805,11208,113
2021-06-29,Fresno,019,978130,102912,102464,9094,111558,1725
2021-06-29,Glenn,021,27897,2438,2439,587,3026,20
2021-06-29,Humboldt,023,135768,4548,4514,49,4563,49
2021-06-29,Imperial,025,180216,28690,28645,2921,31566,737
2021-06-29,Inyo,027,18085,1414,1408,4,1412,35
2021-06-29,Kern,029,883053,97578,97173,11619,108792,1347
2021-06-29,Kings,031,150075,23128,23035,1213,24248,245
2021-06-29,Lake,033,64148,3636,3594,13,3607,56
2021-06-29,Lassen,035,31185,5276,5268,122,5390,20
2021-06-29,Los Angeles,037,10098052,1209951,1207895,44328,1252223,24498
2021-06-29,Madera,039,155013,16753,16680,967,17647,240
2021-06-29,Marin,041,260295,14210,14127,273,14400,232
2021-06-29,Mariposa,043,17540,441,441,11,452,5
2021-06-29,Mendocino,045,87422,4195,4107,79,4186,49
2021-06-29,Merced,047,269075,31325,31277,1006,32283,469
2021-06-29,Modoc,049,8938,415,408,147,555,3
2021-06-29,Mono,051,14174,1257,1275,13,1288,3
2021-06-29,Monterey,053,433212,43214,43196,1938,45134,471
2021-06-29,Napa,055,140530,10060,10033,37,10070,81
2021-06-29,Nevada,057,99092,4981,4952,201,5153,72
2021-06-29,Orange,059,3164182,256293,255686,11920,267606,5124
2021-06-29,Placer,061,380077,23846,23693,1626,25319,299
2021-06-29,Plumas,063,18699,721,704,13,717,4
2021-06-29,Riverside,065,2383286,293196,292962,14863,307825,4524
2021-06-29,Sacramento,067,1510023,108629,108067,1926,109993,1677
2021-06-29,San Benito,069,59416,6114,6099,119,6218,63
2021-06-29,San Bernardino,071,2135413,294361,294118,9191,303309,4940
2021-06-29,San Diego,073,3302833,283199,282499,15422,297921,3780
2021-06-29,San Francisco,075,870044,37189,37041,1410,38451,558
2021-06-29,San Joaquin,077,732212,74052,73724,3829,77553,1409
2021-06-29,San Luis Obispo,079,281455,21365,21324,795,22119,256
2021-06-29,San Mateo,081,765935,42876,42540,507,43047,540
2021-06-29,Santa Barbara,083,443738,34696,34507,1253,35760,455
2021-06-29,Santa Clara,085,1922200,119202,118893,814,119707,2090
2021-06-29,Santa Cruz,087,273765,16286,16249,878,17127,208
2021-06-29,Shasta,089,179085,12609,12564,1704,14268,204
2021-06-29,Sierra,091,2930,61,59,14,73,0
2021-06-29,Siskiyou,093,43540,1952,1897,393,2290,29
2021-06-29,Solano,095,438530,33549,33440,584,34024,268
2021-06-29,Sonoma,097,501317,31115,30950,377,31327,316
2021-06-29,Stanislaus,099,539301,57137,56980,6267,63247,1018
2021-06-29,Sutter,101,95872,9675,9634,95,9729,114
2021-06-29,Tehama,103,63373,5125,5124,619,5743,63
2021-06-29,Trinity,105,12862,381,341,72,413,3
2021-06-29,Tulare,107,460477,49912,49751,9671,59422,852
2021-06-29,Tuolumne,109,53932,4136,4111,37,4148,64
2021-06-29,Ventura,111,848112,81628,81363,3165,84528,1032
2021-06-29,Yolo,113,214977,14230,14171,376,14547,213
2021-06-29,Yuba,115,75493,6218,6188,134,6322,51
2021-06-28,Alameda,001,1643700,89682,89638,2099,91737,1259
2021-06-28,Alpine,003,1148,89,89,0,89,0
2021-06-28,Amador,005,37829,3764,3753,34,3787,46
2021-06-28,Butte,007,227075,12748,12697,1959,14656,198
2021-06-28,Calaveras,009,45235,2212,2203,15,2218,55
2021-06-28,Colusa,011,21464,1963,1974,328,2302,15
2021-06-28,Contra Costa,013,1133247,71169,70807,1395,72202,816
2021-06-28,Del Norte,015,27424,1441,1436,9,1445,8
2021-06-28,El Dorado,017,186661,10446,10422,801,11223,115
2021-06-28,Fresno,019,978130,102882,103121,9092,112213,1727
2021-06-28,Glenn,021,27897,2438,2439,587,3026,20
2021-06-28,Humboldt,023,135768,4541,4520,48,4568,49
2021-06-28,Imperial,025,180216,28682,28981,2920,31901,741
2021-06-28,Inyo,027,18085,1411,1407,4,1411,35
2021-06-28,Kern,029,883053,97559,97252,11614,108866,1348
2021-06-28,Kings,031,150075,23122,23134,1213,24347,246
2021-06-28,Lake,033,64148,3628,3591,13,3604,56
2021-06-28,Lassen,035,31185,5274,5268,122,5390,20
2021-06-28,Los Angeles,037,10098052,1209436,1207714,44290,1252004,24496
2021-06-28,Madera,039,155013,16743,16683,966,17649,240
2021-06-28,Marin,041,260295,14195,14186,273,14459,232
2021-06-28,Mariposa,043,17540,441,440,11,451,5
2021-06-28,Mendocino,045,87422,4186,4102,78,4180,49
2021-06-28,Merced,047,269075,31313,31277,1006,32283,469
2021-06-28,Modoc,049,8938,415,411,146,557,3
2021-06-28,Mono,051,14174,1257,1276,13,1289,3
2021-06-28,Monterey,053,433212,43210,43202,1937,45139,462
2021-06-28,Napa,055,140530,10051,10050,36,10086,81
2021-06-28,Nevada,057,99092,4977,4951,201,5152,72
2021-06-28,Orange,059,3164182,256204,255755,11906,267661,5123
2021-06-28,Placer,061,380077,23826,23756,1621,25377,299
2021-06-28,Plumas,063,18699,719,704,13,717,4
2021-06-28,Riverside,065,2383286,293071,292647,14850,307497,4507
2021-06-28,Sacramento,067,1510023,108497,108342,1921,110263,1675
2021-06-28,San Benito,069,59416,6112,6101,119,6220,63
2021-06-28,San Bernardino,071,2135413,294259,294151,9186,303337,4928
2021-06-28,San Diego,073,3302833,283036,282417,15393,297810,3780
2021-06-28,San Francisco,075,870044,37153,37372,1408,38780,559
2021-06-28,San Joaquin,077,732212,74004,73973,3824,77797,1411
2021-06-28,San Luis Obispo,079,281455,21361,21340,794,22134,256
2021-06-28,San Mateo,081,765935,42843,42927,506,43433,540
2021-06-28,Santa Barbara,083,443738,34689,34534,1251,35785,455
2021-06-28,Santa Clara,085,1922200,119138,120377,813,121190,2103
2021-06-28,Santa Cruz,087,273765,16281,16245,878,17123,208
2021-06-28,Shasta,089,179085,12605,12642,1702,14344,203
2021-06-28,Sierra,091,2930,61,58,14,72,0
2021-06-28,Siskiyou,093,43540,1951,1896,393,2289,29
2021-06-28,Solano,095,438530,33513,33524,582,34106,267
2021-06-28,Sonoma,097,501317,31078,31137,376,31513,315
2021-06-28,Stanislaus,099,539301,57118,57047,6263,63310,1018
2021-06-28,Sutter,101,95872,9671,9682,95,9777,114
2021-06-28,Tehama,103,63373,5123,5122,619,5741,63
2021-06-28,Trinity,105,12862,381,341,72,413,3
2021-06-28,Tulare,107,460477,49903,49751,9666,59417,850
2021-06-28,Tuolumne,109,53932,4129,4121,37,4158,64
2021-06-28,Ventura,111,848112,81571,81393,3160,84553,1032
2021-06-28,Yolo,113,214977,14221,14199,373,14572,213
2021-06-28,Yuba,115,75493,6213,6207,134,6341,51
2021-06-27,Alameda,001,1643700,89596,89611,2095,91706,1259
2021-06-27,Alpine,003,1148,89,89,0,89,0
2021-06-27,Amador,005,37829,3763,3752,34,3786,46
2021-06-27,Butte,007,227075,12739,12696,1958,14654,198
2021-06-27,Calaveras,009,45235,2211,2203,15,2218,55
2021-06-27,Colusa,011,21464,1963,1974,328,2302,15
2021-06-27,Contra Costa,013,1133247,71083,70762,1391,72153,816
2021-06-27,Del Norte,015,27424,1438,1436,9,1445,8
2021-06-27,El Dorado,017,186661,10434,10418,798,11216,115
2021-06-27,Fresno,019,978130,102853,103110,9090,112200,1727
2021-06-27,Glenn,021,27897,2437,2439,586,3025,20
2021-06-27,Humboldt,023,135768,4529,4513,45,4558,49
2021-06-27,Imperial,025,180216,28668,28987,2920,31907,741
2021-06-27,Inyo,027,18085,1411,1407,4,1411,35
2021-06-27,Kern,029,883053,97534,97249,11607,108856,1348
2021-06-27,Kings,031,150075,23112,23132,1213,24345,246
2021-06-27,Lake,033,64148,3621,3581,13,3594,56
2021-06-27,Lassen,035,31185,5273,5265,122,5387,20
2021-06-27,Los Angeles,037,10098052,1208892,1207461,44250,1251711,24493
2021-06-27,Madera,039,155013,16735,16680,966,17646,240
2021-06-27,Marin,041,260295,14186,14182,273,14455,232
2021-06-27,Mariposa,043,17540,441,440,11,451,5
2021-06-27,Mendocino,045,87422,4179,4100,78,4178,49
2021-06-27,Merced,047,269075,31301,31266,1006,32272,469
2021-06-27,Modoc,049,8938,415,411,146,557,3
2021-06-27,Mono,051,14174,1257,1279,13,1292,3
2021-06-27,Monterey,053,433212,43197,43199,1937,45136,462
2021-06-27,Napa,055,140530,10045,10046,36,10082,81
2021-06-27,Nevada,057,99092,4971,4946,201,5147,72
2021-06-27,Orange,059,3164182,256091,255710,11895,267605,5123
2021-06-27,Placer,061,380077,23793,23731,1618,25349,299
2021-06-27,Plumas,063,18699,719,704,13,717,4
2021-06-27,Riverside,065,2383286,292968,292641,14844,307485,4507
2021-06-27,Sacramento,067,1510023,108364,108279,1917,110196,1675
2021-06-27,San Benito,069,59416,6106,6101,119,6220,63
2021-06-27,San Bernardino,071,2135413,294148,294115,9184,303299,4927
2021-06-27,San Diego,073,3302833,282896,282359,15367,297726,3780
2021-06-27,San Francisco,075,870044,37116,37360,1407,38767,559
2021-06-27,San Joaquin,077,732212,73968,73960,3822,77782,1411
2021-06-27,San Luis Obispo,079,281455,21354,21340,793,22133,256
2021-06-27,San Mateo,081,765935,42814,42925,503,43428,539
2021-06-27,Santa Barbara,083,443738,34675,34533,1248,35781,455
2021-06-27,Santa Clara,085,1922200,119086,120352,811,121163,2103
2021-06-27,Santa Cruz,087,273765,16272,16241,878,17119,208
2021-06-27,Shasta,089,179085,12599,12640,1701,14341,203
2021-06-27,Sierra,091,2930,61,58,14,72,0
2021-06-27,Siskiyou,093,43540,1949,1896,392,2288,29
2021-06-27,Solano,095,438530,33485,33516,582,34098,267
2021-06-27,Sonoma,097,501317,31040,31129,376,31505,315
2021-06-27,Stanislaus,099,539301,57071,57021,6260,63281,1018
2021-06-27,Sutter,101,95872,9665,9678,95,9773,114
2021-06-27,Tehama,103,63373,5119,5122,619,5741,63
2021-06-27,Trinity,105,12862,381,341,71,412,3
2021-06-27,Tulare,107,460477,49890,49749,9659,59408,850
2021-06-27,Tuolumne,109,53932,4127,4121,37,4158,64
2021-06-27,Ventura,111,848112,81537,81361,3151,84512,1032
2021-06-27,Yolo,113,214977,14206,14194,369,14563,213
2021-06-27,Yuba,115,75493,6207,6205,134,6339,51
2021-06-26,Alameda,001,1643700,89539,89560,2093,91653,1259
2021-06-26,Alpine,003,1148,89,89,0,89,0
2021-06-26,Amador,005,37829,3763,3748,34,3782,46
2021-06-26,Butte,007,227075,12735,12693,1955,14648,198
2021-06-26,Calaveras,009,45235,2209,2202,15,2217,55
2021-06-26,Colusa,011,21464,1963,1973,328,2301,15
2021-06-26,Contra Costa,013,1133247,71040,70712,1390,72102,816
2021-06-26,Del Norte,015,27424,1437,1432,9,1441,8
2021-06-26,El Dorado,017,186661,10426,10414,797,11211,115
2021-06-26,Fresno,019,978130,102833,103091,9088,112179,1727
2021-06-26,Glenn,021,27897,2435,2441,586,3027,20
2021-06-26,Humboldt,023,135768,4526,4509,45,4554,49
2021-06-26,Imperial,025,180216,28664,28970,2920,31890,741
2021-06-26,Inyo,027,18085,1411,1407,4,1411,35
2021-06-26,Kern,029,883053,97508,97239,11598,108837,1348
2021-06-26,Kings,031,150075,23108,23128,1212,24340,246
2021-06-26,Lake,033,64148,3610,3576,13,3589,56
2021-06-26,Lassen,035,31185,5270,5263,122,5385,20
2021-06-26,Los Angeles,037,10098052,1208590,1207198,44214,1251412,24490
2021-06-26,Madera,039,155013,16728,16679,965,17644,240
2021-06-26,Marin,041,260295,14177,14180,273,14453,232
2021-06-26,Mariposa,043,17540,441,440,11,451,5
2021-06-26,Mendocino,045,87422,4177,4096,78,4174,49
2021-06-26,Merced,047,269075,31295,31259,1005,32264,469
2021-06-26,Modoc,049,8938,415,411,146,557,3
2021-06-26,Mono,051,14174,1257,1279,13,1292,3
2021-06-26,Monterey,053,433212,43194,43192,1937,45129,462
2021-06-26,Napa,055,140530,10039,10043,36,10079,81
2021-06-26,Nevada,057,99092,4966,4939,201,5140,72
2021-06-26,Orange,059,3164182,256015,255640,11888,267528,5123
2021-06-26,Placer,061,380077,23779,23702,1616,25318,299
2021-06-26,Plumas,063,18699,719,704,13,717,4
2021-06-26,Riverside,065,2383286,292911,292480,14838,307318,4505
2021-06-26,Sacramento,067,1510023,108293,108179,1915,110094,1675
2021-06-26,San Benito,069,59416,6102,6100,119,6219,63
2021-06-26,San Bernardino,071,2135413,294054,294034,9179,303213,4928
2021-06-26,San Diego,073,3302833,282811,282263,15349,297612,3780
2021-06-26,San Francisco,075,870044,37084,37348,1406,38754,559
2021-06-26,San Joaquin,077,732212,73939,73928,3821,77749,1411
2021-06-26,San Luis Obispo,079,281455,21353,21330,792,22122,256
2021-06-26,San Mateo,081,765935,42793,42898,503,43401,539
2021-06-26,Santa Barbara,083,443738,34666,34525,1248,35773,455
2021-06-26,Santa Clara,085,1922200,119053,120321,811,121132,2103
2021-06-26,Santa Cruz,087,273765,16269,16239,878,17117,208
2021-06-26,Shasta,089,179085,12595,12635,1697,14332,203
2021-06-26,Sierra,091,2930,61,58,14,72,0
2021-06-26,Siskiyou,093,43540,1948,1896,391,2287,29
2021-06-26,Solano,095,438530,33467,33489,580,34069,267
2021-06-26,Sonoma,097,501317,31013,31088,376,31464,315
2021-06-26,Stanislaus,099,539301,57050,57006,6258,63264,1018
2021-06-26,Sutter,101,95872,9664,9669,95,9764,114
2021-06-26,Tehama,103,63373,5119,5119,619,5738,63
2021-06-26,Trinity,105,12862,381,341,71,412,3
2021-06-26,Tulare,107,460477,49884,49745,9659,59404,850
2021-06-26,Tuolumne,109,53932,4127,4121,37,4158,64
2021-06-26,Ventura,111,848112,81513,81352,3150,84502,1032
2021-06-26,Yolo,113,214977,14197,14184,369,14553,213
2021-06-26,Yuba,115,75493,6204,6200,134,6334,51
2021-06-25,Alameda,001,1643700,89473,89453,2090,91543,1271
2021-06-25,Alpine,003,1148,89,89,0,89,0
2021-06-25,Amador,005,37829,3762,3746,34,3780,46
2021-06-25,Butte,007,227075,12730,12682,1952,14634,198
2021-06-25,Calaveras,009,45235,2208,2201,15,2216,55
2021-06-25,Colusa,011,21464,1963,1972,328,2300,15
2021-06-25,Contra Costa,013,1133247,71004,70659,1390,72049,815
2021-06-25,Del Norte,015,27424,1437,1426,9,1435,8
2021-06-25,El Dorado,017,186661,10418,10406,794,11200,115
2021-06-25,Fresno,019,978130,102816,103073,9084,112157,1727
2021-06-25,Glenn,021,27897,2435,2441,586,3027,20
2021-06-25,Humboldt,023,135768,4520,4503,43,4546,49
2021-06-25,Imperial,025,180216,28661,28968,2920,31888,740
2021-06-25,Inyo,027,18085,1410,1406,4,1410,35
2021-06-25,Kern,029,883053,97489,97182,11594,108776,1347
2021-06-25,Kings,031,150075,23102,23118,1212,24330,246
2021-06-25,Lake,033,64148,3604,3571,13,3584,56
2021-06-25,Lassen,035,31185,5269,5259,122,5381,20
2021-06-25,Los Angeles,037,10098052,1208314,1206909,44196,1251105,24483
2021-06-25,Madera,039,155013,16725,16670,965,17635,240
2021-06-25,Marin,041,260295,14174,14179,273,14452,232
2021-06-25,Mariposa,043,17540,441,440,11,451,5
2021-06-25,Mendocino,045,87422,4174,4089,78,4167,49
2021-06-25,Merced,047,269075,31287,31256,1005,32261,467
2021-06-25,Modoc,049,8938,415,411,146,557,3
2021-06-25,Mono,051,14174,1257,1279,13,1292,3
2021-06-25,Monterey,053,433212,43189,43184,1936,45120,462
2021-06-25,Napa,055,140530,10034,10037,36,10073,81
2021-06-25,Nevada,057,99092,4963,4932,201,5133,72
2021-06-25,Orange,059,3164182,255945,255574,11885,267459,5119
2021-06-25,Placer,061,380077,23760,23672,1615,25287,299
2021-06-25,Plumas,063,18699,719,702,12,714,4
2021-06-25,Riverside,065,2383286,292844,291663,14832,306495,4490
2021-06-25,Sacramento,067,1510023,108219,108034,1912,109946,1673
2021-06-25,San Benito,069,59416,6098,6098,119,6217,63
2021-06-25,San Bernardino,071,2135413,293999,293941,9177,303118,4911
2021-06-25,San Diego,073,3302833,282751,282157,15336,297493,3779
2021-06-25,San Francisco,075,870044,37061,37338,1405,38743,559
2021-06-25,San Joaquin,077,732212,73906,73860,3819,77679,1410
2021-06-25,San Luis Obispo,079,281455,21350,21325,791,22116,256
2021-06-25,San Mateo,081,765935,42775,42849,503,43352,537
2021-06-25,Santa Barbara,083,443738,34658,34518,1247,35765,454
2021-06-25,Santa Clara,085,1922200,119033,120272,811,121083,2103
2021-06-25,Santa Cruz,087,273765,16266,16230,876,17106,208
2021-06-25,Shasta,089,179085,12585,12633,1696,14329,202
2021-06-25,Sierra,091,2930,61,58,14,72,0
2021-06-25,Siskiyou,093,43540,1947,1894,391,2285,29
2021-06-25,Solano,095,438530,33447,33449,580,34029,267
2021-06-25,Sonoma,097,501317,30990,31043,376,31419,314
2021-06-25,Stanislaus,099,539301,57031,56973,6251,63224,1018
2021-06-25,Sutter,101,95872,9657,9664,95,9759,114
2021-06-25,Tehama,103,63373,5118,5119,619,5738,63
2021-06-25,Trinity,105,12862,381,338,71,409,3
2021-06-25,Tulare,107,460477,49878,49731,9655,59386,850
2021-06-25,Tuolumne,109,53932,4126,4121,37,4158,64
2021-06-25,Ventura,111,848112,81484,81342,3144,84486,1032
2021-06-25,Yolo,113,214977,14191,14172,369,14541,213
2021-06-25,Yuba,115,75493,6200,6195,134,6329,51
2021-06-24,Alameda,001,1643700,89402,89358,2086,91444,1268
2021-06-24,Alpine,003,1148,89,89,0,89,0
2021-06-24,Amador,005,37829,3758,3745,34,3779,46
2021-06-24,Butte,007,227075,12724,12673,1950,14623,198
2021-06-24,Calaveras,009,45235,2205,2202,15,2217,55
2021-06-24,Colusa,011,21464,1962,1972,328,2300,15
2021-06-24,Contra Costa,013,1133247,70945,70590,1390,71980,813
2021-06-24,Del Norte,015,27424,1436,1421,9,1430,8
2021-06-24,El Dorado,017,186661,10411,10402,794,11196,115
2021-06-24,Fresno,019,978130,102796,103061,9081,112142,1727
2021-06-24,Glenn,021,27897,2434,2439,586,3025,20
2021-06-24,Humboldt,023,135768,4515,4493,43,4536,49
2021-06-24,Imperial,025,180216,28658,28981,2920,31901,740
2021-06-24,Inyo,027,18085,1409,1406,4,1410,35
2021-06-24,Kern,029,883053,97470,97129,11581,108710,1346
2021-06-24,Kings,031,150075,23098,23114,1210,24324,246
2021-06-24,Lake,033,64148,3598,3571,13,3584,56
2021-06-24,Lassen,035,31185,5268,5258,122,5380,20
2021-06-24,Los Angeles,037,10098052,1207991,1206590,44172,1250762,24480
2021-06-24,Madera,039,155013,16714,16662,965,17627,240
2021-06-24,Marin,041,260295,14170,14180,273,14453,232
2021-06-24,Mariposa,043,17540,441,440,11,451,5
2021-06-24,Mendocino,045,87422,4166,4085,78,4163,49
2021-06-24,Merced,047,269075,31276,31248,1005,32253,466
2021-06-24,Modoc,049,8938,415,411,146,557,3
2021-06-24,Mono,051,14174,1257,1276,13,1289,3
2021-06-24,Monterey,053,433212,43182,43180,1936,45116,451
2021-06-24,Napa,055,140530,10032,10036,36,10072,80
2021-06-24,Nevada,057,99092,4961,4927,201,5128,72
2021-06-24,Orange,059,3164182,255881,255520,11877,267397,5117
2021-06-24,Placer,061,380077,23735,23659,1613,25272,299
2021-06-24,Plumas,063,18699,718,702,12,714,4
2021-06-24,Riverside,065,2383286,292764,291067,14821,305888,4473
2021-06-24,Sacramento,067,1510023,108131,107965,1910,109875,1672
2021-06-24,San Benito,069,59416,6095,6098,119,6217,63
2021-06-24,San Bernardino,071,2135413,293932,293895,9172,303067,4898
2021-06-24,San Diego,073,3302833,282646,282053,15324,297377,3778
2021-06-24,San Francisco,075,870044,37039,37320,1403,38723,559
2021-06-24,San Joaquin,077,732212,73858,73814,3819,77633,1408
2021-06-24,San Luis Obispo,079,281455,21344,21326,791,22117,256
2021-06-24,San Mateo,081,765935,42749,42814,502,43316,542
2021-06-24,Santa Barbara,083,443738,34652,34512,1246,35758,454
2021-06-24,Santa Clara,085,1922200,119003,120274,810,121084,2103
2021-06-24,Santa Cruz,087,273765,16265,16227,876,17103,208
2021-06-24,Shasta,089,179085,12580,12629,1692,14321,202
2021-06-24,Sierra,091,2930,61,58,14,72,0
2021-06-24,Siskiyou,093,43540,1947,1892,391,2283,28
2021-06-24,Solano,095,438530,33425,33432,578,34010,267
2021-06-24,Sonoma,097,501317,30961,31020,376,31396,314
2021-06-24,Stanislaus,099,539301,56999,56946,6251,63197,1018
2021-06-24,Sutter,101,95872,9650,9660,95,9755,113
2021-06-24,Tehama,103,63373,5115,5115,619,5734,63
2021-06-24,Trinity,105,12862,380,338,71,409,3
2021-06-24,Tulare,107,460477,49868,49730,9652,59382,850
2021-06-24,Tuolumne,109,53932,4124,4120,37,4157,64
2021-06-24,Ventura,111,848112,81456,81332,3143,84475,1032
2021-06-24,Yolo,113,214977,14183,14169,365,14534,213
2021-06-24,Yuba,115,75493,6195,6195,134,6329,51
2021-06-23,Alameda,001,1643700,89330,89338,2085,91423,1266
2021-06-23,Alpine,003,1148,89,88,0,88,0
2021-06-23,Amador,005,37829,3756,3743,34,3777,46
2021-06-23,Butte,007,227075,12717,12666,1950,14616,198
2021-06-23,Calaveras,009,45235,2204,2199,15,2214,55
2021-06-23,Colusa,011,21464,1961,1972,328,2300,15
2021-06-23,Contra Costa,013,1133247,70880,70526,1389,71915,813
2021-06-23,Del Norte,015,27424,1432,1418,9,1427,8
2021-06-23,El Dorado,017,186661,10402,10395,791,11186,115
2021-06-23,Fresno,019,978130,102767,103020,9079,112099,1724
2021-06-23,Glenn,021,27897,2434,2437,585,3022,20
2021-06-23,Humboldt,023,135768,4506,4490,43,4533,48
2021-06-23,Imperial,025,180216,28651,28908,2920,31828,740
2021-06-23,Inyo,027,18085,1409,1406,4,1410,35
2021-06-23,Kern,029,883053,97443,97078,11567,108645,1345
2021-06-23,Kings,031,150075,23091,23105,1208,24313,245
2021-06-23,Lake,033,64148,3589,3566,13,3579,53
2021-06-23,Lassen,035,31185,5265,5257,122,5379,20
2021-06-23,Los Angeles,037,10098052,1207654,1206358,44161,1250519,24472
2021-06-23,Madera,039,155013,16709,16660,965,17625,240
2021-06-23,Marin,041,260295,14164,14177,273,14450,230
2021-06-23,Mariposa,043,17540,441,439,11,450,5
2021-06-23,Mendocino,045,87422,4162,4078,78,4156,49
2021-06-23,Merced,047,269075,31267,31260,1005,32265,465
2021-06-23,Modoc,049,8938,413,407,146,553,3
2021-06-23,Mono,051,14174,1257,1279,13,1292,3
2021-06-23,Monterey,053,433212,43173,43166,1936,45102,439
2021-06-23,Napa,055,140530,10023,10032,36,10068,80
2021-06-23,Nevada,057,99092,4958,4924,201,5125,72
2021-06-23,Orange,059,3164182,255816,255479,11869,267348,5116
2021-06-23,Placer,061,380077,23706,23630,1607,25237,299
2021-06-23,Plumas,063,18699,717,701,12,713,4
2021-06-23,Riverside,065,2383286,292681,290343,14819,305162,4462
2021-06-23,Sacramento,067,1510023,108038,107868,1905,109773,1671
2021-06-23,San Benito,069,59416,6091,6097,119,6216,63
2021-06-23,San Bernardino,071,2135413,293853,293816,9167,302983,4886
2021-06-23,San Diego,073,3302833,282546,281937,15303,297240,3777
2021-06-23,San Francisco,075,870044,37015,37304,1402,38706,559
2021-06-23,San Joaquin,077,732212,73819,73764,3817,77581,1405
2021-06-23,San Luis Obispo,079,281455,21340,21323,790,22113,257
2021-06-23,San Mateo,081,765935,42733,42756,502,43258,542
2021-06-23,Santa Barbara,083,443738,34642,34505,1246,35751,454
2021-06-23,Santa Clara,085,1922200,118974,120233,810,121043,2098
2021-06-23,Santa Cruz,087,273765,16261,16215,876,17091,209
2021-06-23,Shasta,089,179085,12573,12604,1690,14294,202
2021-06-23,Sierra,091,2930,61,57,14,71,0
2021-06-23,Siskiyou,093,43540,1945,1892,391,2283,28
2021-06-23,Solano,095,438530,33381,33408,578,33986,267
2021-06-23,Sonoma,097,501317,30921,30959,374,31333,314
2021-06-23,Stanislaus,099,539301,56966,56926,6250,63176,1017
2021-06-23,Sutter,101,95872,9644,9653,95,9748,113
2021-06-23,Tehama,103,63373,5115,5119,618,5737,63
2021-06-23,Trinity,105,12862,380,338,71,409,3
2021-06-23,Tulare,107,460477,49862,49711,9647,59358,850
2021-06-23,Tuolumne,109,53932,4121,4120,37,4157,64
2021-06-23,Ventura,111,848112,81433,81312,3140,84452,1032
2021-06-23,Yolo,113,214977,14173,14161,365,14526,212
2021-06-23,Yuba,115,75493,6192,6190,134,6324,51
2021-06-22,Alameda,001,1643700,89262,89308,2085,91393,1263
2021-06-22,Alpine,003,1148,89,88,0,88,0
2021-06-22,Amador,005,37829,3753,3743,34,3777,46
2021-06-22,Butte,007,227075,12713,12662,1948,14610,198
2021-06-22,Calaveras,009,45235,2203,2198,15,2213,55
2021-06-22,Colusa,011,21464,1960,1971,328,2299,15
2021-06-22,Contra Costa,013,1133247,70824,70480,1388,71868,813
2021-06-22,Del Norte,015,27424,1429,1417,9,1426,8
2021-06-22,El Dorado,017,186661,10397,10380,790,11170,113
2021-06-22,Fresno,019,978130,102748,102996,9075,112071,1724
2021-06-22,Glenn,021,27897,2433,2435,583,3018,19
2021-06-22,Humboldt,023,135768,4496,4483,43,4526,42
2021-06-22,Imperial,025,180216,28646,28880,2920,31800,740
2021-06-22,Inyo,027,18085,1409,1405,4,1409,35
2021-06-22,Kern,029,883053,97430,97013,11563,108576,1342
2021-06-22,Kings,031,150075,23083,23098,1207,24305,245
2021-06-22,Lake,033,64148,3587,3564,13,3577,45
2021-06-22,Lassen,035,31185,5260,5254,122,5376,20
2021-06-22,Los Angeles,037,10098052,1207341,1206146,44149,1250295,24461
2021-06-22,Madera,039,155013,16704,16652,965,17617,240
2021-06-22,Marin,041,260295,14162,14174,273,14447,230
2021-06-22,Mariposa,043,17540,441,439,11,450,5
2021-06-22,Mendocino,045,87422,4156,4072,78,4150,49
2021-06-22,Merced,047,269075,31256,31267,1005,32272,464
2021-06-22,Modoc,049,8938,412,405,145,550,3
2021-06-22,Mono,051,14174,1257,1277,13,1290,3
2021-06-22,Monterey,053,433212,43170,43162,1935,45097,427
2021-06-22,Napa,055,140530,10018,10029,36,10065,80
2021-06-22,Nevada,057,99092,4952,4923,201,5124,72
2021-06-22,Orange,059,3164182,255749,255452,11858,267310,5114
2021-06-22,Placer,061,380077,23685,23603,1607,25210,299
2021-06-22,Plumas,063,18699,717,697,12,709,4
2021-06-22,Riverside,065,2383286,292620,289839,14815,304654,4456
2021-06-22,Sacramento,067,1510023,107937,107801,1900,109701,1670
2021-06-22,San Benito,069,59416,6090,6098,119,6217,63
2021-06-22,San Bernardino,071,2135413,293775,293770,9161,302931,4873
2021-06-22,San Diego,073,3302833,282442,281867,15280,297147,3771
2021-06-22,San Francisco,075,870044,37001,37287,1402,38689,556
2021-06-22,San Joaquin,077,732212,73789,73723,3816,77539,1405
2021-06-22,San Luis Obispo,079,281455,21337,21321,789,22110,257
2021-06-22,San Mateo,081,765935,42719,42725,496,43221,542
2021-06-22,Santa Barbara,083,443738,34631,34500,1245,35745,454
2021-06-22,Santa Clara,085,1922200,118942,120194,810,121004,2095
2021-06-22,Santa Cruz,087,273765,16256,16218,876,17094,209
2021-06-22,Shasta,089,179085,12563,12616,1686,14302,202
2021-06-22,Sierra,091,2930,60,57,14,71,0
2021-06-22,Siskiyou,093,43540,1945,1892,391,2283,28
2021-06-22,Solano,095,438530,33363,33397,577,33974,267
2021-06-22,Sonoma,097,501317,30881,30933,374,31307,314
2021-06-22,Stanislaus,099,539301,56946,56915,6248,63163,1017
2021-06-22,Sutter,101,95872,9637,9649,95,9744,113
2021-06-22,Tehama,103,63373,5113,5118,617,5735,63
2021-06-22,Trinity,105,12862,378,337,71,408,3
2021-06-22,Tulare,107,460477,49854,49706,9642,59348,850
2021-06-22,Tuolumne,109,53932,4119,4119,37,4156,64
2021-06-22,Ventura,111,848112,81419,81300,3139,84439,1032
2021-06-22,Yolo,113,214977,14168,14157,363,14520,212
2021-06-22,Yuba,115,75493,6188,6181,134,6315,51
2021-06-21,Alameda,001,1643700,89202,89281,2084,91365,1262
2021-06-21,Alpine,003,1148,89,88,0,88,0
2021-06-21,Amador,005,37829,3747,3742,34,3776,46
2021-06-21,Butte,007,227075,12707,12668,1946,14614,195
2021-06-21,Calaveras,009,45235,2202,2194,15,2209,55
2021-06-21,Colusa,011,21464,1959,1970,327,2297,15
2021-06-21,Contra Costa,013,1133247,70753,70439,1386,71825,813
2021-06-21,Del Norte,015,27424,1425,1416,9,1425,8
2021-06-21,El Dorado,017,186661,10391,10375,789,11164,113
2021-06-21,Fresno,019,978130,102729,102971,9072,112043,1724
2021-06-21,Glenn,021,27897,2432,2433,583,3016,19
2021-06-21,Humboldt,023,135768,4487,4478,42,4520,42
2021-06-21,Imperial,025,180216,28642,28855,2920,31775,740
2021-06-21,Inyo,027,18085,1408,1405,4,1409,35
2021-06-21,Kern,029,883053,97401,96995,11554,108549,1342
2021-06-21,Kings,031,150075,23076,23091,1204,24295,245
2021-06-21,Lake,033,64148,3581,3563,13,3576,45
2021-06-21,Lassen,035,31185,5258,5233,122,5355,19
2021-06-21,Los Angeles,037,10098052,1207054,1205994,44124,1250118,24459
2021-06-21,Madera,039,155013,16695,16647,964,17611,240
2021-06-21,Marin,041,260295,14158,14173,273,14446,230
2021-06-21,Mariposa,043,17540,441,439,11,450,5
2021-06-21,Mendocino,045,87422,4153,4085,78,4163,49
2021-06-21,Merced,047,269075,31246,31264,1004,32268,465
2021-06-21,Modoc,049,8938,412,405,145,550,3
2021-06-21,Mono,051,14174,1257,1277,13,1290,3
2021-06-21,Monterey,053,433212,43167,43157,1935,45092,427
2021-06-21,Napa,055,140530,10014,10028,36,10064,80
2021-06-21,Nevada,057,99092,4948,4921,201,5122,72
2021-06-21,Orange,059,3164182,255679,255400,11850,267250,5113
2021-06-21,Placer,061,380077,23660,23577,1607,25184,298
2021-06-21,Plumas,063,18699,715,697,12,709,4
2021-06-21,Riverside,065,2383286,292546,289797,14810,304607,4456
2021-06-21,Sacramento,067,1510023,107826,107757,1899,109656,1669
2021-06-21,San Benito,069,59416,6086,6098,119,6217,63
2021-06-21,San Bernardino,071,2135413,293689,293736,9156,302892,4850
2021-06-21,San Diego,073,3302833,282336,281811,15260,297071,3771
2021-06-21,San Francisco,075,870044,36985,37275,1401,38676,556
2021-06-21,San Joaquin,077,732212,73748,73687,3815,77502,1405
2021-06-21,San Luis Obispo,079,281455,21328,21316,789,22105,257
2021-06-21,San Mateo,081,765935,42702,42685,495,43180,542
2021-06-21,Santa Barbara,083,443738,34626,34492,1245,35737,455
2021-06-21,Santa Clara,085,1922200,118909,120192,809,121001,2093
2021-06-21,Santa Cruz,087,273765,16254,16212,876,17088,208
2021-06-21,Shasta,089,179085,12550,12617,1683,14300,201
2021-06-21,Sierra,091,2930,60,57,14,71,0
2021-06-21,Siskiyou,093,43540,1945,1892,391,2283,27
2021-06-21,Solano,095,438530,33340,33383,575,33958,266
2021-06-21,Sonoma,097,501317,30860,30912,374,31286,314
2021-06-21,Stanislaus,099,539301,56916,56891,6243,63134,1017
2021-06-21,Sutter,101,95872,9636,9649,95,9744,113
2021-06-21,Tehama,103,63373,5113,5115,616,5731,63
2021-06-21,Trinity,105,12862,378,337,71,408,3
2021-06-21,Tulare,107,460477,49844,49689,9637,59326,849
2021-06-21,Tuolumne,109,53932,4115,4119,37,4156,63
2021-06-21,Ventura,111,848112,81391,81291,3135,84426,1031
2021-06-21,Yolo,113,214977,14162,14165,363,14528,212
2021-06-21,Yuba,115,75493,6187,6172,134,6306,51
2021-06-20,Alameda,001,1643700,89139,89255,2084,91339,1263
2021-06-20,Alpine,003,1148,89,88,0,88,0
2021-06-20,Amador,005,37829,3744,3740,34,3774,46
2021-06-20,Butte,007,227075,12700,12668,1945,14613,194
2021-06-20,Calaveras,009,45235,2200,2193,15,2208,55
2021-06-20,Colusa,011,21464,1959,1970,327,2297,15
2021-06-20,Contra Costa,013,1133247,70697,70401,1384,71785,813
2021-06-20,Del Norte,015,27424,1421,1416,9,1425,8
2021-06-20,El Dorado,017,186661,10377,10372,787,11159,113
2021-06-20,Fresno,019,978130,102689,102947,9068,112015,1724
2021-06-20,Glenn,021,27897,2432,2434,583,3017,19
2021-06-20,Humboldt,023,135768,4481,4472,42,4514,42
2021-06-20,Imperial,025,180216,28633,28855,2920,31775,740
2021-06-20,Inyo,027,18085,1407,1405,4,1409,35
2021-06-20,Kern,029,883053,97380,96985,11543,108528,1342
2021-06-20,Kings,031,150075,23071,23088,1202,24290,245
2021-06-20,Lake,033,64148,3579,3563,13,3576,45
2021-06-20,Lassen,035,31185,5255,5230,122,5352,19
2021-06-20,Los Angeles,037,10098052,1206758,1205874,44114,1249988,24456
2021-06-20,Madera,039,155013,16687,16638,962,17600,240
2021-06-20,Marin,041,260295,14155,14166,273,14439,230
2021-06-20,Mariposa,043,17540,439,439,11,450,5
2021-06-20,Mendocino,045,87422,4146,4080,78,4158,49
2021-06-20,Merced,047,269075,31233,31265,1004,32269,465
2021-06-20,Modoc,049,8938,412,405,145,550,3
2021-06-20,Mono,051,14174,1257,1275,13,1288,3
2021-06-20,Monterey,053,433212,43158,43156,1934,45090,427
2021-06-20,Napa,055,140530,10007,10026,35,10061,80
2021-06-20,Nevada,057,99092,4941,4919,201,5120,72
2021-06-20,Orange,059,3164182,255617,255377,11838,267215,5113
2021-06-20,Placer,061,380077,23627,23562,1603,25165,298
2021-06-20,Plumas,063,18699,714,697,12,709,4
2021-06-20,Riverside,065,2383286,292471,289770,14800,304570,4456
2021-06-20,Sacramento,067,1510023,107718,107700,1896,109596,1669
2021-06-20,San Benito,069,59416,6086,6098,119,6217,63
2021-06-20,San Bernardino,071,2135413,293591,293713,9152,302865,4845
2021-06-20,San Diego,073,3302833,282230,281750,15238,296988,3771
2021-06-20,San Francisco,075,870044,36963,37269,1401,38670,556
2021-06-20,San Joaquin,077,732212,73705,73676,3807,77483,1405
2021-06-20,San Luis Obispo,079,281455,21326,21313,789,22102,257
2021-06-20,San Mateo,081,765935,42673,42681,495,43176,542
2021-06-20,Santa Barbara,083,443738,34617,34487,1245,35732,455
2021-06-20,Santa Clara,085,1922200,118874,120163,809,120972,2093
2021-06-20,Santa Cruz,087,273765,16247,16210,876,17086,208
2021-06-20,Shasta,089,179085,12545,12617,1681,14298,201
2021-06-20,Sierra,091,2930,60,57,14,71,0
2021-06-20,Siskiyou,093,43540,1944,1891,391,2282,27
2021-06-20,Solano,095,438530,33318,33361,573,33934,266
2021-06-20,Sonoma,097,501317,30814,30884,370,31254,314
2021-06-20,Stanislaus,099,539301,56881,56868,6242,63110,1017
2021-06-20,Sutter,101,95872,9633,9645,95,9740,113
2021-06-20,Tehama,103,63373,5109,5115,616,5731,63
2021-06-20,Trinity,105,12862,378,337,71,408,3
2021-06-20,Tulare,107,460477,49835,49685,9635,59320,849
2021-06-20,Tuolumne,109,53932,4112,4117,37,4154,63
2021-06-20,Ventura,111,848112,81375,81282,3133,84415,1031
2021-06-20,Yolo,113,214977,14155,14160,363,14523,212
2021-06-20,Yuba,115,75493,6180,6167,134,6301,51
2021-06-19,Alameda,001,1643700,89106,89202,2084,91286,1263
2021-06-19,Alpine,003,1148,89,88,0,88,0
2021-06-19,Amador,005,37829,3742,3739,34,3773,46
2021-06-19,Butte,007,227075,12696,12659,1945,14604,194
2021-06-19,Calaveras,009,45235,2200,2192,15,2207,55
2021-06-19,Colusa,011,21464,1959,1969,327,2296,15
2021-06-19,Contra Costa,013,1133247,70666,70334,1383,71717,813
2021-06-19,Del Norte,015,27424,1420,1416,9,1425,8
2021-06-19,El Dorado,017,186661,10376,10363,786,11149,113
2021-06-19,Fresno,019,978130,102676,102922,9065,111987,1724
2021-06-19,Glenn,021,27897,2431,2434,582,3016,19
2021-06-19,Humboldt,023,135768,4470,4463,42,4505,42
2021-06-19,Imperial,025,180216,28632,28813,2920,31733,740
2021-06-19,Inyo,027,18085,1407,1405,4,1409,35
2021-06-19,Kern,029,883053,97364,96966,11539,108505,1342
2021-06-19,Kings,031,150075,23068,23086,1202,24288,245
2021-06-19,Lake,033,64148,3575,3563,13,3576,45
2021-06-19,Lassen,035,31185,5254,5225,122,5347,19
2021-06-19,Los Angeles,037,10098052,1206561,1205602,44099,1249701,24454
2021-06-19,Madera,039,155013,16685,16632,962,17594,240
2021-06-19,Marin,041,260295,14147,14152,273,14425,230
2021-06-19,Mariposa,043,17540,439,439,11,450,5
2021-06-19,Mendocino,045,87422,4140,4077,78,4155,49
2021-06-19,Merced,047,269075,31231,31256,1004,32260,465
2021-06-19,Modoc,049,8938,411,402,145,547,3
2021-06-19,Mono,051,14174,1257,1275,13,1288,3
2021-06-19,Monterey,053,433212,43152,43153,1934,45087,427
2021-06-19,Napa,055,140530,10003,10025,35,10060,80
2021-06-19,Nevada,057,99092,4936,4910,201,5111,72
2021-06-19,Orange,059,3164182,255572,255329,11834,267163,5112
2021-06-19,Placer,061,380077,23612,23537,1600,25137,298
2021-06-19,Plumas,063,18699,713,697,12,709,4
2021-06-19,Riverside,065,2383286,292425,289720,14800,304520,4456
2021-06-19,Sacramento,067,1510023,107674,107631,1893,109524,1669
2021-06-19,San Benito,069,59416,6085,6098,119,6217,63
2021-06-19,San Bernardino,071,2135413,293547,293673,9149,302822,4844
2021-06-19,San Diego,073,3302833,282170,281682,15224,296906,3771
2021-06-19,San Francisco,075,870044,36951,37256,1400,38656,556
2021-06-19,San Joaquin,077,732212,73689,73652,3803,77455,1405
2021-06-19,San Luis Obispo,079,281455,21324,21308,789,22097,257
2021-06-19,San Mateo,081,765935,42655,42646,493,43139,542
2021-06-19,Santa Barbara,083,443738,34615,34472,1245,35717,455
2021-06-19,Santa Clara,085,1922200,118851,120110,808,120918,2093
2021-06-19,Santa Cruz,087,273765,16243,16206,876,17082,208
2021-06-19,Shasta,089,179085,12543,12615,1680,14295,201
2021-06-19,Sierra,091,2930,60,57,14,71,0
2021-06-19,Siskiyou,093,43540,1944,1891,390,2281,27
2021-06-19,Solano,095,438530,33308,33341,572,33913,266
2021-06-19,Sonoma,097,501317,30773,30841,369,31210,314
2021-06-19,Stanislaus,099,539301,56862,56847,6239,63086,1017
2021-06-19,Sutter,101,95872,9630,9645,95,9740,113
2021-06-19,Tehama,103,63373,5108,5115,616,5731,63
2021-06-19,Trinity,105,12862,378,337,71,408,3
2021-06-19,Tulare,107,460477,49828,49681,9630,59311,849
2021-06-19,Tuolumne,109,53932,4112,4117,37,4154,63
2021-06-19,Ventura,111,848112,81362,81270,3132,84402,1031
2021-06-19,Yolo,113,214977,14151,14156,362,14518,212
2021-06-19,Yuba,115,75493,6179,6157,134,6291,51
2021-06-18,Alameda,001,1643700,89069,89123,2084,91207,1263
2021-06-18,Alpine,003,1148,89,88,0,88,0
2021-06-18,Amador,005,37829,3742,3739,34,3773,46
2021-06-18,Butte,007,227075,12693,12653,1942,14595,194
2021-06-18,Calaveras,009,45235,2200,2191,15,2206,55
2021-06-18,Colusa,011,21464,1958,1969,327,2296,15
2021-06-18,Contra Costa,013,1133247,70624,70271,1381,71652,813
2021-06-18,Del Norte,015,27424,1420,1415,9,1424,8
2021-06-18,El Dorado,017,186661,10374,10348,784,11132,113
2021-06-18,Fresno,019,978130,102660,102894,9063,111957,1722
2021-06-18,Glenn,021,27897,2430,2430,582,3012,19
2021-06-18,Humboldt,023,135768,4462,4450,42,4492,42
2021-06-18,Imperial,025,180216,28630,28809,2920,31729,740
2021-06-18,Inyo,027,18085,1407,1405,4,1409,35
2021-06-18,Kern,029,883053,97353,96948,11533,108481,1341
2021-06-18,Kings,031,150075,23063,23082,1202,24284,245
2021-06-18,Lake,033,64148,3571,3563,13,3576,45
2021-06-18,Lassen,035,31185,5253,5224,122,5346,19
2021-06-18,Los Angeles,037,10098052,1206406,1205472,44081,1249553,24451
2021-06-18,Madera,039,155013,16679,16625,962,17587,241
2021-06-18,Marin,041,260295,14144,14147,273,14420,230
2021-06-18,Mariposa,043,17540,439,439,11,450,5
2021-06-18,Mendocino,045,87422,4135,4068,78,4146,49
2021-06-18,Merced,047,269075,31229,31262,1004,32266,464
2021-06-18,Modoc,049,8938,411,402,145,547,3
2021-06-18,Mono,051,14174,1256,1275,12,1287,3
2021-06-18,Monterey,053,433212,43149,43148,1934,45082,427
2021-06-18,Napa,055,140530,9999,10021,35,10056,80
2021-06-18,Nevada,057,99092,4928,4903,201,5104,72
2021-06-18,Orange,059,3164182,255536,255274,11831,267105,5108
2021-06-18,Placer,061,380077,23603,23500,1597,25097,298
2021-06-18,Plumas,063,18699,713,697,12,709,4
2021-06-18,Riverside,065,2383286,292377,289676,14799,304475,4457
2021-06-18,Sacramento,067,1510023,107627,107570,1893,109463,1669
2021-06-18,San Benito,069,59416,6084,6097,119,6216,63
2021-06-18,San Bernardino,071,2135413,293503,293629,9144,302773,4826
2021-06-18,San Diego,073,3302833,282094,281608,15213,296821,3771
2021-06-18,San Francisco,075,870044,36942,37246,1400,38646,556
2021-06-18,San Joaquin,077,732212,73671,73623,3801,77424,1403
2021-06-18,San Luis Obispo,079,281455,21320,21301,788,22089,257
2021-06-18,San Mateo,081,765935,42644,42630,492,43122,542
2021-06-18,Santa Barbara,083,443738,34605,34469,1245,35714,455
2021-06-18,Santa Clara,085,1922200,118830,120081,807,120888,2093
2021-06-18,Santa Cruz,087,273765,16239,16202,876,17078,208
2021-06-18,Shasta,089,179085,12539,12607,1678,14285,201
2021-06-18,Sierra,091,2930,59,57,14,71,0
2021-06-18,Siskiyou,093,43540,1944,1890,390,2280,27
2021-06-18,Solano,095,438530,33294,33323,572,33895,266
2021-06-18,Sonoma,097,501317,30756,30816,367,31183,313
2021-06-18,Stanislaus,099,539301,56847,56803,6237,63040,1012
2021-06-18,Sutter,101,95872,9627,9643,95,9738,113
2021-06-18,Tehama,103,63373,5106,5114,616,5730,63
2021-06-18,Trinity,105,12862,378,337,70,407,3
2021-06-18,Tulare,107,460477,49826,49664,9623,59287,849
2021-06-18,Tuolumne,109,53932,4110,4116,37,4153,63
2021-06-18,Ventura,111,848112,81352,81256,3128,84384,1031
2021-06-18,Yolo,113,214977,14148,14148,360,14508,212
2021-06-18,Yuba,115,75493,6173,6150,134,6284,51
2021-06-17,Alameda,001,1643700,89023,89087,2084,91171,1262
2021-06-17,Alpine,003,1148,89,88,0,88,0
2021-06-17,Amador,005,37829,3740,3731,34,3765,46
2021-06-17,Butte,007,227075,12683,12644,1941,14585,194
2021-06-17,Calaveras,009,45235,2199,2189,15,2204,55
2021-06-17,Colusa,011,21464,1957,1969,327,2296,15
2021-06-17,Contra Costa,013,1133247,70585,70190,1378,71568,810
2021-06-17,Del Norte,015,27424,1418,1413,9,1422,8
2021-06-17,El Dorado,017,186661,10364,10341,784,11125,113
2021-06-17,Fresno,019,978130,102634,102867,9059,111926,1722
2021-06-17,Glenn,021,27897,2430,2430,582,3012,19
2021-06-17,Humboldt,023,135768,4453,4438,42,4480,42
2021-06-17,Imperial,025,180216,28622,28801,2920,31721,741
2021-06-17,Inyo,027,18085,1407,1405,4,1409,35
2021-06-17,Kern,029,883053,97339,96840,11526,108366,1340
2021-06-17,Kings,031,150075,23059,23078,1201,24279,245
2021-06-17,Lake,033,64148,3568,3563,9,3572,45
2021-06-17,Lassen,035,31185,5249,5223,122,5345,19
2021-06-17,Los Angeles,037,10098052,1206196,1205301,44051,1249352,24444
2021-06-17,Madera,039,155013,16674,16618,962,17580,241
2021-06-17,Marin,041,260295,14144,14141,273,14414,229
2021-06-17,Mariposa,043,17540,439,439,11,450,5
2021-06-17,Mendocino,045,87422,4128,4054,78,4132,49
2021-06-17,Merced,047,269075,31224,31262,1004,32266,464
2021-06-17,Modoc,049,8938,410,401,145,546,3
2021-06-17,Mono,051,14174,1255,1275,12,1287,3
2021-06-17,Monterey,053,433212,43142,43140,1934,45074,416
2021-06-17,Napa,055,140530,9999,10014,35,10049,80
2021-06-17,Nevada,057,99092,4924,4898,201,5099,72
2021-06-17,Orange,059,3164182,255492,255240,11819,267059,5109
2021-06-17,Placer,061,380077,23587,23461,1595,25056,298
2021-06-17,Plumas,063,18699,712,697,12,709,4
2021-06-17,Riverside,065,2383286,292324,289627,14796,304423,4458
2021-06-17,Sacramento,067,1510023,107563,107492,1891,109383,1666
2021-06-17,San Benito,069,59416,6084,6097,119,6216,63
2021-06-17,San Bernardino,071,2135413,293466,293560,9144,302704,4811
2021-06-17,San Diego,073,3302833,282017,281531,15199,296730,3771
2021-06-17,San Francisco,075,870044,36931,37243,1399,38642,556
2021-06-17,San Joaquin,077,732212,73648,73560,3796,77356,1403
2021-06-17,San Luis Obispo,079,281455,21318,21297,788,22085,257
2021-06-17,San Mateo,081,765935,42638,42615,492,43107,542
2021-06-17,Santa Barbara,083,443738,34599,34466,1245,35711,453
2021-06-17,Santa Clara,085,1922200,118805,120032,806,120838,2093
2021-06-17,Santa Cruz,087,273765,16235,16197,876,17073,208
2021-06-17,Shasta,089,179085,12531,12597,1678,14275,201
2021-06-17,Sierra,091,2930,59,56,14,70,0
2021-06-17,Siskiyou,093,43540,1943,1889,390,2279,27
2021-06-17,Solano,095,438530,33274,33296,570,33866,266
2021-06-17,Sonoma,097,501317,30725,30793,367,31160,323
2021-06-17,Stanislaus,099,539301,56816,56752,6231,62983,1012
2021-06-17,Sutter,101,95872,9624,9629,95,9724,113
2021-06-17,Tehama,103,63373,5105,5112,614,5726,63
2021-06-17,Trinity,105,12862,377,337,70,407,3
2021-06-17,Tulare,107,460477,49821,49649,9615,59264,849
2021-06-17,Tuolumne,109,53932,4109,4116,37,4153,63
2021-06-17,Ventura,111,848112,81343,81248,3125,84373,1030
2021-06-17,Yolo,113,214977,14140,14141,360,14501,212
2021-06-17,Yuba,115,75493,6164,6140,134,6274,51
2021-06-16,Alameda,001,1643700,88972,89045,2080,91125,1265
2021-06-16,Alpine,003,1148,89,88,0,88,0
2021-06-16,Amador,005,37829,3739,3730,34,3764,46
2021-06-16,Butte,007,227075,12681,12635,1939,14574,194
2021-06-16,Calaveras,009,45235,2197,2188,15,2203,55
2021-06-16,Colusa,011,21464,1957,1967,327,2294,15
2021-06-16,Contra Costa,013,1133247,70533,70136,1377,71513,810
2021-06-16,Del Norte,015,27424,1415,1413,9,1422,8
2021-06-16,El Dorado,017,186661,10358,10334,783,11117,113
2021-06-16,Fresno,019,978130,102604,102842,9055,111897,1722
2021-06-16,Glenn,021,27897,2430,2430,582,3012,19
2021-06-16,Humboldt,023,135768,4444,4427,41,4468,42
2021-06-16,Imperial,025,180216,28619,28796,2920,31716,741
2021-06-16,Inyo,027,18085,1406,1405,4,1409,35
2021-06-16,Kern,029,883053,97318,96789,11517,108306,1339
2021-06-16,Kings,031,150075,23058,23072,1200,24272,245
2021-06-16,Lake,033,64148,3568,3562,9,3571,45
2021-06-16,Lassen,035,31185,5246,5216,122,5338,19
2021-06-16,Los Angeles,037,10098052,1205973,1205102,44039,1249141,24439
2021-06-16,Madera,039,155013,16670,16603,962,17565,240
2021-06-16,Marin,041,260295,14142,14137,273,14410,229
2021-06-16,Mariposa,043,17540,439,437,11,448,5
2021-06-16,Mendocino,045,87422,4120,4041,78,4119,49
2021-06-16,Merced,047,269075,31216,31250,1004,32254,463
2021-06-16,Modoc,049,8938,409,383,144,527,3
2021-06-16,Mono,051,14174,1255,1275,12,1287,3
2021-06-16,Monterey,053,433212,43139,43122,1934,45056,416
2021-06-16,Napa,055,140530,9995,10011,35,10046,80
2021-06-16,Nevada,057,99092,4919,4894,201,5095,72
2021-06-16,Orange,059,3164182,255443,255188,11812,267000,5109
2021-06-16,Placer,061,380077,23577,23425,1591,25016,298
2021-06-16,Plumas,063,18699,712,697,12,709,4
2021-06-16,Riverside,065,2383286,292264,289539,14794,304333,4457
2021-06-16,Sacramento,067,1510023,107492,107422,1887,109309,1665
2021-06-16,San Benito,069,59416,6084,6090,119,6209,63
2021-06-16,San Bernardino,071,2135413,293418,293499,9142,302641,4797
2021-06-16,San Diego,073,3302833,281939,281423,15186,296609,3770
2021-06-16,San Francisco,075,870044,36918,37222,1397,38619,555
2021-06-16,San Joaquin,077,732212,73611,73530,3792,77322,1399
2021-06-16,San Luis Obispo,079,281455,21313,21294,788,22082,257
2021-06-16,San Mateo,081,765935,42622,42601,492,43093,542
2021-06-16,Santa Barbara,083,443738,34593,34459,1245,35704,460
2021-06-16,Santa Clara,085,1922200,118773,119982,806,120788,2087
2021-06-16,Santa Cruz,087,273765,16232,16187,876,17063,208
2021-06-16,Shasta,089,179085,12526,12592,1677,14269,200
2021-06-16,Sierra,091,2930,59,56,14,70,0
2021-06-16,Siskiyou,093,43540,1942,1886,390,2276,26
2021-06-16,Solano,095,438530,33246,33276,570,33846,266
2021-06-16,Sonoma,097,501317,30689,30741,367,31108,323
2021-06-16,Stanislaus,099,539301,56785,56738,6229,62967,984
2021-06-16,Sutter,101,95872,9620,9620,95,9715,113
2021-06-16,Tehama,103,63373,5103,5106,614,5720,63
2021-06-16,Trinity,105,12862,376,332,70,402,3
2021-06-16,Tulare,107,460477,49816,49578,9611,59189,849
2021-06-16,Tuolumne,109,53932,4109,4110,37,4147,63
2021-06-16,Ventura,111,848112,81329,81229,3123,84352,1029
2021-06-16,Yolo,113,214977,14131,14135,359,14494,212
2021-06-16,Yuba,115,75493,6154,6134,134,6268,51
2021-06-15,Alameda,001,1643700,88930,89008,2080,91088,1262
2021-06-15,Alpine,003,1148,89,88,0,88,0
2021-06-15,Amador,005,37829,3736,3723,34,3757,46
2021-06-15,Butte,007,227075,12673,12620,1938,14558,194
2021-06-15,Calaveras,009,45235,2196,2188,15,2203,55
2021-06-15,Colusa,011,21464,1957,1967,325,2292,15
2021-06-15,Contra Costa,013,1133247,70471,70101,1377,71478,810
2021-06-15,Del Norte,015,27424,1414,1411,9,1420,8
2021-06-15,El Dorado,017,186661,10349,10330,783,11113,113
2021-06-15,Fresno,019,978130,102573,102828,9054,111882,1722
2021-06-15,Glenn,021,27897,2429,2426,582,3008,19
2021-06-15,Humboldt,023,135768,4435,4414,40,4454,42
2021-06-15,Imperial,025,180216,28613,28789,2920,31709,741
2021-06-15,Inyo,027,18085,1406,1405,4,1409,35
2021-06-15,Kern,029,883053,97290,96782,11508,108290,1338
2021-06-15,Kings,031,150075,23052,23070,1198,24268,245
2021-06-15,Lake,033,64148,3567,3559,9,3568,45
2021-06-15,Lassen,035,31185,5245,5211,122,5333,19
2021-06-15,Los Angeles,037,10098052,1205745,1204926,44030,1248956,24435
2021-06-15,Madera,039,155013,16663,16600,961,17561,240
2021-06-15,Marin,041,260295,14134,14135,273,14408,229
2021-06-15,Mariposa,043,17540,439,437,11,448,5
2021-06-15,Mendocino,045,87422,4113,4034,78,4112,49
2021-06-15,Merced,047,269075,31210,31244,1004,32248,461
2021-06-15,Modoc,049,8938,408,383,144,527,3
2021-06-15,Mono,051,14174,1255,1275,12,1287,3
2021-06-15,Monterey,053,433212,43133,43118,1934,45052,416
2021-06-15,Napa,055,140530,9993,10010,35,10045,80
2021-06-15,Nevada,057,99092,4916,4888,201,5089,72
2021-06-15,Orange,059,3164182,255406,255127,11803,266930,5105
2021-06-15,Placer,061,380077,23555,23396,1590,24986,298
2021-06-15,Plumas,063,18699,711,697,12,709,4
2021-06-15,Riverside,065,2383286,292207,289508,14790,304298,4455
2021-06-15,Sacramento,067,1510023,107418,107370,1880,109250,1662
2021-06-15,San Benito,069,59416,6083,6089,119,6208,63
2021-06-15,San Bernardino,071,2135413,293368,293463,9138,302601,4790
2021-06-15,San Diego,073,3302833,281855,281375,15171,296546,3770
2021-06-15,San Francisco,075,870044,36909,37210,1396,38606,555
2021-06-15,San Joaquin,077,732212,73572,73494,3788,77282,1399
2021-06-15,San Luis Obispo,079,281455,21308,21293,787,22080,257
2021-06-15,San Mateo,081,765935,42609,42593,492,43085,543
2021-06-15,Santa Barbara,083,443738,34588,34451,1245,35696,460
2021-06-15,Santa Clara,085,1922200,118735,119963,806,120769,2086
2021-06-15,Santa Cruz,087,273765,16225,16180,876,17056,208
2021-06-15,Shasta,089,179085,12520,12583,1677,14260,201
2021-06-15,Sierra,091,2930,58,55,14,69,0
2021-06-15,Siskiyou,093,43540,1941,1887,390,2277,26
2021-06-15,Solano,095,438530,33227,33264,570,33834,266
2021-06-15,Sonoma,097,501317,30650,30707,366,31073,323
2021-06-15,Stanislaus,099,539301,56756,56724,6226,62950,979
2021-06-15,Sutter,101,95872,9611,9616,95,9711,113
2021-06-15,Tehama,103,63373,5101,5102,614,5716,63
2021-06-15,Trinity,105,12862,375,332,70,402,3
2021-06-15,Tulare,107,460477,49810,49561,9607,59168,848
2021-06-15,Tuolumne,109,53932,4109,4111,37,4148,63
2021-06-15,Ventura,111,848112,81318,81215,3120,84335,1029
2021-06-15,Yolo,113,214977,14127,14127,357,14484,212
2021-06-15,Yuba,115,75493,6143,6130,134,6264,51
2021-06-14,Alameda,001,1643700,88880,88966,2079,91045,1264
2021-06-14,Alpine,003,1148,89,88,0,88,0
2021-06-14,Amador,005,37829,3735,3722,34,3756,46
2021-06-14,Butte,007,227075,12662,12613,1934,14547,194
2021-06-14,Calaveras,009,45235,2194,2190,15,2205,55
2021-06-14,Colusa,011,21464,1956,1966,325,2291,15
2021-06-14,Contra Costa,013,1133247,70418,70069,1375,71444,810
2021-06-14,Del Norte,015,27424,1414,1411,9,1420,8
2021-06-14,El Dorado,017,186661,10340,10327,782,11109,113
2021-06-14,Fresno,019,978130,102551,102812,9053,111865,1719
2021-06-14,Glenn,021,27897,2429,2426,582,3008,19
2021-06-14,Humboldt,023,135768,4427,4407,39,4446,42
2021-06-14,Imperial,025,180216,28601,28836,2920,31756,741
2021-06-14,Inyo,027,18085,1405,1405,4,1409,35
2021-06-14,Kern,029,883053,97271,96760,11497,108257,1337
2021-06-14,Kings,031,150075,23050,23071,1196,24267,245
2021-06-14,Lake,033,64148,3566,3557,9,3566,45
2021-06-14,Lassen,035,31185,5242,5209,121,5330,19
2021-06-14,Los Angeles,037,10098052,1205513,1204748,44020,1248768,24434
2021-06-14,Madera,039,155013,16658,16597,960,17557,240
2021-06-14,Marin,041,260295,14132,14133,273,14406,229
2021-06-14,Mariposa,043,17540,438,437,11,448,5
2021-06-14,Mendocino,045,87422,4107,4028,78,4106,49
2021-06-14,Merced,047,269075,31201,31241,1003,32244,461
2021-06-14,Modoc,049,8938,399,382,142,524,3
2021-06-14,Mono,051,14174,1255,1275,12,1287,3
2021-06-14,Monterey,053,433212,43130,43110,1934,45044,415
2021-06-14,Napa,055,140530,9989,10000,35,10035,80
2021-06-14,Nevada,057,99092,4909,4885,201,5086,72
2021-06-14,Orange,059,3164182,255368,255069,11799,266868,5103
2021-06-14,Placer,061,380077,23530,23379,1589,24968,298
2021-06-14,Plumas,063,18699,711,696,12,708,4
2021-06-14,Riverside,065,2383286,292156,289476,14788,304264,4453
2021-06-14,Sacramento,067,1510023,107366,107334,1874,109208,1661
2021-06-14,San Benito,069,59416,6083,6087,119,6206,63
2021-06-14,San Bernardino,071,2135413,293312,293446,9134,302580,4790
2021-06-14,San Diego,073,3302833,281750,281314,15151,296465,3770
2021-06-14,San Francisco,075,870044,36896,37206,1396,38602,555
2021-06-14,San Joaquin,077,732212,73543,73453,3788,77241,1398
2021-06-14,San Luis Obispo,079,281455,21306,21302,787,22089,256
2021-06-14,San Mateo,081,765935,42595,42619,491,43110,543
2021-06-14,Santa Barbara,083,443738,34585,34449,1245,35694,460
2021-06-14,Santa Clara,085,1922200,118704,119957,805,120762,2085
2021-06-14,Santa Cruz,087,273765,16223,16175,876,17051,208
2021-06-14,Shasta,089,179085,12510,12561,1674,14235,201
2021-06-14,Sierra,091,2930,57,55,14,69,0
2021-06-14,Siskiyou,093,43540,1941,1886,390,2276,26
2021-06-14,Solano,095,438530,33209,33243,569,33812,266
2021-06-14,Sonoma,097,501317,30618,30679,365,31044,323
2021-06-14,Stanislaus,099,539301,56719,56689,6225,62914,975
2021-06-14,Sutter,101,95872,9608,9607,95,9702,112
2021-06-14,Tehama,103,63373,5099,5102,614,5716,63
2021-06-14,Trinity,105,12862,375,332,70,402,3
2021-06-14,Tulare,107,460477,49806,49538,9603,59141,848
2021-06-14,Tuolumne,109,53932,4106,4108,37,4145,63
2021-06-14,Ventura,111,848112,81308,81209,3120,84329,1028
2021-06-14,Yolo,113,214977,14119,14123,357,14480,212
2021-06-14,Yuba,115,75493,6136,6127,134,6261,50
2021-06-13,Alameda,001,1643700,88824,88947,2077,91024,1264
2021-06-13,Alpine,003,1148,88,88,0,88,0
2021-06-13,Amador,005,37829,3731,3721,34,3755,46
2021-06-13,Butte,007,227075,12651,12586,1931,14517,194
2021-06-13,Calaveras,009,45235,2194,2189,15,2204,55
2021-06-13,Colusa,011,21464,1956,1965,324,2289,15
2021-06-13,Contra Costa,013,1133247,70364,70040,1373,71413,810
2021-06-13,Del Norte,015,27424,1412,1412,9,1421,8
2021-06-13,El Dorado,017,186661,10331,10324,782,11106,113
2021-06-13,Fresno,019,978130,102521,102795,9048,111843,1719
2021-06-13,Glenn,021,27897,2428,2425,580,3005,19
2021-06-13,Humboldt,023,135768,4414,4401,39,4440,42
2021-06-13,Imperial,025,180216,28592,28800,2920,31720,741
2021-06-13,Inyo,027,18085,1405,1405,4,1409,35
2021-06-13,Kern,029,883053,97248,96743,11484,108227,1337
2021-06-13,Kings,031,150075,23045,23069,1195,24264,245
2021-06-13,Lake,033,64148,3566,3556,9,3565,45
2021-06-13,Lassen,035,31185,5237,5209,121,5330,19
2021-06-13,Los Angeles,037,10098052,1205253,1204614,44007,1248621,24433
2021-06-13,Madera,039,155013,16644,16590,960,17550,240
2021-06-13,Marin,041,260295,14126,14126,273,14399,229
2021-06-13,Mariposa,043,17540,438,434,11,445,5
2021-06-13,Mendocino,045,87422,4100,4026,78,4104,49
2021-06-13,Merced,047,269075,31194,31240,1003,32243,461
2021-06-13,Modoc,049,8938,397,382,140,522,3
2021-06-13,Mono,051,14174,1255,1275,12,1287,3
2021-06-13,Monterey,053,433212,43122,43108,1934,45042,415
2021-06-13,Napa,055,140530,9983,9995,35,10030,80
2021-06-13,Nevada,057,99092,4904,4883,201,5084,72
2021-06-13,Orange,059,3164182,255315,255043,11797,266840,5103
2021-06-13,Placer,061,380077,23503,23365,1587,24952,295
2021-06-13,Plumas,063,18699,710,696,12,708,4
2021-06-13,Riverside,065,2383286,292089,289447,14785,304232,4453
2021-06-13,Sacramento,067,1510023,107292,107289,1871,109160,1658
2021-06-13,San Benito,069,59416,6083,6086,119,6205,63
2021-06-13,San Bernardino,071,2135413,293263,293416,9128,302544,4788
2021-06-13,San Diego,073,3302833,281671,281268,15135,296403,3770
2021-06-13,San Francisco,075,870044,36885,37197,1396,38593,555
2021-06-13,San Joaquin,077,732212,73512,73438,3786,77224,1398
2021-06-13,San Luis Obispo,079,281455,21300,21298,786,22084,256
2021-06-13,San Mateo,081,765935,42581,42611,491,43102,542
2021-06-13,Santa Barbara,083,443738,34574,34449,1244,35693,460
2021-06-13,Santa Clara,085,1922200,118680,119946,805,120751,2085
2021-06-13,Santa Cruz,087,273765,16216,16172,876,17048,208
2021-06-13,Shasta,089,179085,12501,12560,1673,14233,201
2021-06-13,Sierra,091,2930,57,55,14,69,0
2021-06-13,Siskiyou,093,43540,1940,1885,390,2275,26
2021-06-13,Solano,095,438530,33187,33234,569,33803,266
2021-06-13,Sonoma,097,501317,30583,30663,363,31026,323
2021-06-13,Stanislaus,099,539301,56692,56671,6224,62895,975
2021-06-13,Sutter,101,95872,9601,9603,95,9698,112
2021-06-13,Tehama,103,63373,5097,5100,614,5714,63
2021-06-13,Trinity,105,12862,374,332,70,402,3
2021-06-13,Tulare,107,460477,49797,49537,9598,59135,848
2021-06-13,Tuolumne,109,53932,4104,4107,36,4143,63
2021-06-13,Ventura,111,848112,81294,81201,3120,84321,1028
2021-06-13,Yolo,113,214977,14112,14120,355,14475,212
2021-06-13,Yuba,115,75493,6129,6125,134,6259,50
2021-06-12,Alameda,001,1643700,88795,88901,2077,90978,1271
2021-06-12,Alpine,003,1148,88,88,0,88,0
2021-06-12,Amador,005,37829,3730,3721,34,3755,46
2021-06-12,Butte,007,227075,12647,12576,1931,14507,194
2021-06-12,Calaveras,009,45235,2194,2189,15,2204,55
2021-06-12,Colusa,011,21464,1956,1965,324,2289,15
2021-06-12,Contra Costa,013,1133247,70333,69989,1370,71359,810
2021-06-12,Del Norte,015,27424,1412,1412,9,1421,8
2021-06-12,El Dorado,017,186661,10326,10320,781,11101,113
2021-06-12,Fresno,019,978130,102511,102783,9047,111830,1720
2021-06-12,Glenn,021,27897,2426,2425,580,3005,19
2021-06-12,Humboldt,023,135768,4406,4396,39,4435,42
2021-06-12,Imperial,025,180216,28589,28799,2920,31719,741
2021-06-12,Inyo,027,18085,1405,1405,4,1409,35
2021-06-12,Kern,029,883053,97233,96731,11480,108211,1337
2021-06-12,Kings,031,150075,23043,23067,1195,24262,245
2021-06-12,Lake,033,64148,3565,3552,9,3561,45
2021-06-12,Lassen,035,31185,5237,5208,121,5329,19
2021-06-12,Los Angeles,037,10098052,1205117,1204439,43999,1248438,24434
2021-06-12,Madera,039,155013,16640,16586,960,17546,240
2021-06-12,Marin,041,260295,14123,14121,273,14394,229
2021-06-12,Mariposa,043,17540,438,434,11,445,5
2021-06-12,Mendocino,045,87422,4097,4024,78,4102,49
2021-06-12,Merced,047,269075,31191,31236,1003,32239,461
2021-06-12,Modoc,049,8938,396,382,140,522,3
2021-06-12,Mono,051,14174,1255,1275,12,1287,3
2021-06-12,Monterey,053,433212,43117,43103,1934,45037,415
2021-06-12,Napa,055,140530,9979,9986,35,10021,80
2021-06-12,Nevada,057,99092,4898,4878,201,5079,72
2021-06-12,Orange,059,3164182,255286,255004,11795,266799,5103
2021-06-12,Placer,061,380077,23485,23345,1587,24932,295
2021-06-12,Plumas,063,18699,710,696,12,708,4
2021-06-12,Riverside,065,2383286,292047,289413,14782,304195,4453
2021-06-12,Sacramento,067,1510023,107232,107199,1868,109067,1658
2021-06-12,San Benito,069,59416,6081,6083,119,6202,63
2021-06-12,San Bernardino,071,2135413,293229,293375,9126,302501,4788
2021-06-12,San Diego,073,3302833,281614,281203,15126,296329,3770
2021-06-12,San Francisco,075,870044,36875,37189,1396,38585,555
2021-06-12,San Joaquin,077,732212,73493,73413,3785,77198,1398
2021-06-12,San Luis Obispo,079,281455,21297,21293,786,22079,256
2021-06-12,San Mateo,081,765935,42576,42604,491,43095,542
2021-06-12,Santa Barbara,083,443738,34570,34450,1244,35694,460
2021-06-12,Santa Clara,085,1922200,118640,119894,805,120699,2085
2021-06-12,Santa Cruz,087,273765,16208,16170,876,17046,208
2021-06-12,Shasta,089,179085,12498,12556,1672,14228,201
2021-06-12,Sierra,091,2930,57,55,14,69,0
2021-06-12,Siskiyou,093,43540,1939,1884,390,2274,25
2021-06-12,Solano,095,438530,33178,33219,569,33788,266
2021-06-12,Sonoma,097,501317,30555,30647,362,31009,323
2021-06-12,Stanislaus,099,539301,56675,56649,6223,62872,974
2021-06-12,Sutter,101,95872,9597,9603,95,9698,112
2021-06-12,Tehama,103,63373,5097,5099,613,5712,63
2021-06-12,Trinity,105,12862,374,332,70,402,3
2021-06-12,Tulare,107,460477,49792,49533,9591,59124,848
2021-06-12,Tuolumne,109,53932,4103,4105,36,4141,63
2021-06-12,Ventura,111,848112,81282,81197,3120,84317,1028
2021-06-12,Yolo,113,214977,14109,14118,353,14471,212
2021-06-12,Yuba,115,75493,6124,6120,134,6254,50
2021-06-11,Alameda,001,1643700,88767,88844,2077,90921,1278
2021-06-11,Alpine,003,1148,88,88,0,88,0
2021-06-11,Amador,005,37829,3730,3710,34,3744,46
2021-06-11,Butte,007,227075,12643,12576,1929,14505,194
2021-06-11,Calaveras,009,45235,2194,2188,15,2203,55
2021-06-11,Colusa,011,21464,1955,1964,324,2288,15
2021-06-11,Contra Costa,013,1133247,70300,69940,1368,71308,808
2021-06-11,Del Norte,015,27424,1412,1409,9,1418,8
2021-06-11,El Dorado,017,186661,10323,10316,781,11097,113
2021-06-11,Fresno,019,978130,102493,102770,9046,111816,1720
2021-06-11,Glenn,021,27897,2426,2425,580,3005,19
2021-06-11,Humboldt,023,135768,4402,4389,39,4428,42
2021-06-11,Imperial,025,180216,28584,28793,2920,31713,741
2021-06-11,Inyo,027,18085,1405,1405,4,1409,35
2021-06-11,Kern,029,883053,97221,96718,11476,108194,1340
2021-06-11,Kings,031,150075,23039,23069,1194,24263,245
2021-06-11,Lake,033,64148,3564,3550,9,3559,45
2021-06-11,Lassen,035,31185,5236,5204,121,5325,18
2021-06-11,Los Angeles,037,10098052,1204971,1204259,43985,1248244,24434
2021-06-11,Madera,039,155013,16637,16582,960,17542,240
2021-06-11,Marin,041,260295,14120,14116,273,14389,229
2021-06-11,Mariposa,043,17540,438,434,11,445,5
2021-06-11,Mendocino,045,87422,4094,4022,78,4100,49
2021-06-11,Merced,047,269075,31186,31231,1003,32234,461
2021-06-11,Modoc,049,8938,396,382,139,521,3
2021-06-11,Mono,051,14174,1255,1274,12,1286,3
2021-06-11,Monterey,053,433212,43113,43097,1934,45031,415
2021-06-11,Napa,055,140530,9976,9977,35,10012,80
2021-06-11,Nevada,057,99092,4896,4873,201,5074,72
2021-06-11,Orange,059,3164182,255260,254975,11791,266766,5101
2021-06-11,Placer,061,380077,23480,23330,1587,24917,294
2021-06-11,Plumas,063,18699,710,696,12,708,4
2021-06-11,Riverside,065,2383286,292009,289376,14779,304155,4451
2021-06-11,Sacramento,067,1510023,107172,107119,1867,108986,1659
2021-06-11,San Benito,069,59416,6080,6082,119,6201,63
2021-06-11,San Bernardino,071,2135413,293193,293335,9122,302457,4788
2021-06-11,San Diego,073,3302833,281574,281144,15119,296263,3768
2021-06-11,San Francisco,075,870044,36870,37177,1396,38573,555
2021-06-11,San Joaquin,077,732212,73476,73347,3782,77129,1397
2021-06-11,San Luis Obispo,079,281455,21296,21288,786,22074,256
2021-06-11,San Mateo,081,765935,42562,42585,491,43076,542
2021-06-11,Santa Barbara,083,443738,34567,34438,1244,35682,460
2021-06-11,Santa Clara,085,1922200,118621,119860,805,120665,2083
2021-06-11,Santa Cruz,087,273765,16200,16164,876,17040,208
2021-06-11,Shasta,089,179085,12490,12550,1670,14220,201
2021-06-11,Sierra,091,2930,57,55,14,69,0
2021-06-11,Siskiyou,093,43540,1938,1882,390,2272,25
2021-06-11,Solano,095,438530,33158,33179,568,33747,266
2021-06-11,Sonoma,097,501317,30537,30624,362,30986,323
2021-06-11,Stanislaus,099,539301,56649,56617,6219,62836,974
2021-06-11,Sutter,101,95872,9594,9600,94,9694,112
2021-06-11,Tehama,103,63373,5096,5099,613,5712,63
2021-06-11,Trinity,105,12862,374,331,70,401,3
2021-06-11,Tulare,107,460477,49786,49516,9590,59106,848
2021-06-11,Tuolumne,109,53932,4100,4104,36,4140,63
2021-06-11,Ventura,111,848112,81272,81189,3120,84309,1026
2021-06-11,Yolo,113,214977,14102,14111,349,14460,212
2021-06-11,Yuba,115,75493,6120,6113,134,6247,50
2021-06-10,Alameda,001,1643700,88722,88806,2076,90882,1275
2021-06-10,Alpine,003,1148,88,88,0,88,0
2021-06-10,Amador,005,37829,3726,3709,34,3743,46
2021-06-10,Butte,007,227075,12626,12565,1929,14494,194
2021-06-10,Calaveras,009,45235,2194,2188,15,2203,55
2021-06-10,Colusa,011,21464,1953,1964,324,2288,15
2021-06-10,Contra Costa,013,1133247,70246,69876,1368,71244,807
2021-06-10,Del Norte,015,27424,1412,1405,9,1414,8
2021-06-10,El Dorado,017,186661,10316,10314,777,11091,113
2021-06-10,Fresno,019,978130,102468,102724,9045,111769,1717
2021-06-10,Glenn,021,27897,2426,2425,580,3005,19
2021-06-10,Humboldt,023,135768,4394,4384,39,4423,42
2021-06-10,Imperial,025,180216,28578,28779,2920,31699,739
2021-06-10,Inyo,027,18085,1405,1405,4,1409,35
2021-06-10,Kern,029,883053,97207,96706,11471,108177,1336
2021-06-10,Kings,031,150075,23038,23067,1194,24261,245
2021-06-10,Lake,033,64148,3559,3550,9,3559,45
2021-06-10,Lassen,035,31185,5234,5201,121,5322,18
2021-06-10,Los Angeles,037,10098052,1204808,1204110,43968,1248078,24440
2021-06-10,Madera,039,155013,16630,16581,960,17541,240
2021-06-10,Marin,041,260295,14117,14118,273,14391,229
2021-06-10,Mariposa,043,17540,436,434,11,445,5
2021-06-10,Mendocino,045,87422,4089,4016,78,4094,48
2021-06-10,Merced,047,269075,31178,31231,1000,32231,461
2021-06-10,Modoc,049,8938,395,381,139,520,3
2021-06-10,Mono,051,14174,1254,1274,12,1286,3
2021-06-10,Monterey,053,433212,43107,43090,1934,45024,415
2021-06-10,Napa,055,140530,9975,9974,35,10009,80
2021-06-10,Nevada,057,99092,4891,4866,201,5067,72
2021-06-10,Orange,059,3164182,255232,254950,11784,266734,5097
2021-06-10,Placer,061,380077,23466,23296,1587,24883,293
2021-06-10,Plumas,063,18699,710,696,12,708,4
2021-06-10,Riverside,065,2383286,291968,289335,14773,304108,4450
2021-06-10,Sacramento,067,1510023,107110,107049,1867,108916,1658
2021-06-10,San Benito,069,59416,6080,6079,119,6198,63
2021-06-10,San Bernardino,071,2135413,293152,293281,9119,302400,4782
2021-06-10,San Diego,073,3302833,281516,281052,15102,296154,3766
2021-06-10,San Francisco,075,870044,36860,37159,1394,38553,552
2021-06-10,San Joaquin,077,732212,73442,73276,3781,77057,1393
2021-06-10,San Luis Obispo,079,281455,21293,21280,786,22066,256
2021-06-10,San Mateo,081,765935,42555,42562,491,43053,666
2021-06-10,Santa Barbara,083,443738,34563,34434,1244,35678,460
2021-06-10,Santa Clara,085,1922200,118586,119832,804,120636,2075
2021-06-10,Santa Cruz,087,273765,16199,16159,876,17035,208
2021-06-10,Shasta,089,179085,12480,12536,1669,14205,201
2021-06-10,Sierra,091,2930,56,55,14,69,0
2021-06-10,Siskiyou,093,43540,1938,1881,390,2271,25
2021-06-10,Solano,095,438530,33141,33150,567,33717,265
2021-06-10,Sonoma,097,501317,30501,30571,360,30931,323
2021-06-10,Stanislaus,099,539301,56628,56588,6215,62803,974
2021-06-10,Sutter,101,95872,9587,9594,94,9688,112
2021-06-10,Tehama,103,63373,5096,5096,613,5709,63
2021-06-10,Trinity,105,12862,374,331,70,401,3
2021-06-10,Tulare,107,460477,49778,49503,9590,59093,848
2021-06-10,Tuolumne,109,53932,4100,4100,36,4136,63
2021-06-10,Ventura,111,848112,81261,81172,3119,84291,1026
2021-06-10,Yolo,113,214977,14099,14107,349,14456,212
2021-06-10,Yuba,115,75493,6116,6112,134,6246,50
2021-06-09,Alameda,001,1643700,88676,88762,2074,90836,1271
2021-06-09,Alpine,003,1148,88,88,0,88,0
2021-06-09,Amador,005,37829,3722,3706,34,3740,46
2021-06-09,Butte,007,227075,12620,12555,1927,14482,194
2021-06-09,Calaveras,009,45235,2192,2184,15,2199,55
2021-06-09,Colusa,011,21464,1953,1962,323,2285,15
2021-06-09,Contra Costa,013,1133247,70209,69829,1367,71196,803
2021-06-09,Del Norte,015,27424,1409,1403,9,1412,8
2021-06-09,El Dorado,017,186661,10313,10312,776,11088,113
2021-06-09,Fresno,019,978130,102449,102690,9040,111730,1717
2021-06-09,Glenn,021,27897,2425,2424,580,3004,19
2021-06-09,Humboldt,023,135768,4389,4379,38,4417,42
2021-06-09,Imperial,025,180216,28575,28754,2920,31674,739
2021-06-09,Inyo,027,18085,1405,1405,4,1409,35
2021-06-09,Kern,029,883053,97194,96697,11461,108158,1328
2021-06-09,Kings,031,150075,23036,23061,1194,24255,245
2021-06-09,Lake,033,64148,3556,3541,9,3550,45
2021-06-09,Lassen,035,31185,5233,5200,121,5321,18
2021-06-09,Los Angeles,037,10098052,1204624,1203955,43957,1247912,24432
2021-06-09,Madera,039,155013,16625,16580,960,17540,240
2021-06-09,Marin,041,260295,14112,14114,273,14387,229
2021-06-09,Mariposa,043,17540,436,434,11,445,5
2021-06-09,Mendocino,045,87422,4083,4008,78,4086,47
2021-06-09,Merced,047,269075,31174,31225,1000,32225,461
2021-06-09,Modoc,049,8938,393,377,138,515,3
2021-06-09,Mono,051,14174,1254,1274,12,1286,3
2021-06-09,Monterey,053,433212,43100,43082,1934,45016,415
2021-06-09,Napa,055,140530,9969,9971,35,10006,80
2021-06-09,Nevada,057,99092,4881,4863,200,5063,72
2021-06-09,Orange,059,3164182,255188,254893,11780,266673,5080
2021-06-09,Placer,061,380077,23448,23237,1587,24824,293
2021-06-09,Plumas,063,18699,709,697,12,709,4
2021-06-09,Riverside,065,2383286,291924,289299,14771,304070,4450
2021-06-09,Sacramento,067,1510023,107047,106971,1864,108835,1657
2021-06-09,San Benito,069,59416,6076,6078,119,6197,63
2021-06-09,San Bernardino,071,2135413,293111,293222,9119,302341,4782
2021-06-09,San Diego,073,3302833,281451,280941,15090,296031,3765
2021-06-09,San Francisco,075,870044,36847,37143,1393,38536,552
2021-06-09,San Joaquin,077,732212,73417,73232,3780,77012,1392
2021-06-09,San Luis Obispo,079,281455,21292,21259,786,22045,256
2021-06-09,San Mateo,081,765935,42539,42502,490,42992,666
2021-06-09,Santa Barbara,083,443738,34552,34422,1244,35666,460
2021-06-09,Santa Clara,085,1922200,118548,119793,803,120596,2068
2021-06-09,Santa Cruz,087,273765,16196,16155,876,17031,208
2021-06-09,Shasta,089,179085,12470,12521,1667,14188,201
2021-06-09,Sierra,091,2930,55,55,14,69,0
2021-06-09,Siskiyou,093,43540,1937,1871,390,2261,25
2021-06-09,Solano,095,438530,33125,33137,566,33703,264
2021-06-09,Sonoma,097,501317,30479,30540,360,30900,323
2021-06-09,Stanislaus,099,539301,56608,56560,6212,62772,974
2021-06-09,Sutter,101,95872,9578,9586,93,9679,111
2021-06-09,Tehama,103,63373,5095,5093,613,5706,63
2021-06-09,Trinity,105,12862,373,331,70,401,3
2021-06-09,Tulare,107,460477,49774,49496,9588,59084,847
2021-06-09,Tuolumne,109,53932,4097,4100,36,4136,63
2021-06-09,Ventura,111,848112,81251,81154,3118,84272,1026
2021-06-09,Yolo,113,214977,14097,14102,348,14450,212
2021-06-09,Yuba,115,75493,6112,6109,134,6243,50
2021-06-08,Alameda,001,1643700,88628,88731,2074,90805,1267
2021-06-08,Alpine,003,1148,88,88,0,88,0
2021-06-08,Amador,005,37829,3721,3704,34,3738,46
2021-06-08,Butte,007,227075,12614,12540,1924,14464,194
2021-06-08,Calaveras,009,45235,2191,2181,15,2196,55
2021-06-08,Colusa,011,21464,1953,1961,323,2284,15
2021-06-08,Contra Costa,013,1133247,70160,69762,1366,71128,803
2021-06-08,Del Norte,015,27424,1407,1402,9,1411,8
2021-06-08,El Dorado,017,186661,10308,10306,774,11080,113
2021-06-08,Fresno,019,978130,102424,102680,9038,111718,1717
2021-06-08,Glenn,021,27897,2424,2423,580,3003,19
2021-06-08,Humboldt,023,135768,4384,4363,38,4401,42
2021-06-08,Imperial,025,180216,28566,28752,2920,31672,738
2021-06-08,Inyo,027,18085,1405,1405,4,1409,35
2021-06-08,Kern,029,883053,97175,96671,11454,108125,1325
2021-06-08,Kings,031,150075,23035,23036,1194,24230,245
2021-06-08,Lake,033,64148,3555,3540,9,3549,45
2021-06-08,Lassen,035,31185,5233,5200,121,5321,18
2021-06-08,Los Angeles,037,10098052,1204431,1203794,43945,1247739,24426
2021-06-08,Madera,039,155013,16619,16579,959,17538,240
2021-06-08,Marin,041,260295,14110,14111,272,14383,229
2021-06-08,Mariposa,043,17540,436,434,11,445,5
2021-06-08,Mendocino,045,87422,4076,4002,78,4080,47
2021-06-08,Merced,047,269075,31166,31225,1000,32225,461
2021-06-08,Modoc,049,8938,387,377,137,514,3
2021-06-08,Mono,051,14174,1254,1274,12,1286,3
2021-06-08,Monterey,053,433212,43094,43078,1933,45011,415
2021-06-08,Napa,055,140530,9965,9962,35,9997,80
2021-06-08,Nevada,057,99092,4876,4861,200,5061,72
2021-06-08,Orange,059,3164182,255148,254852,11773,266625,5078
2021-06-08,Placer,061,380077,23430,23209,1583,24792,293
2021-06-08,Plumas,063,18699,709,692,12,704,4
2021-06-08,Riverside,065,2383286,291890,289268,14762,304030,4452
2021-06-08,Sacramento,067,1510023,106986,106901,1861,108762,1654
2021-06-08,San Benito,069,59416,6074,6076,119,6195,63
2021-06-08,San Bernardino,071,2135413,293063,293186,9115,302301,4778
2021-06-08,San Diego,073,3302833,281389,280879,15081,295960,3764
2021-06-08,San Francisco,075,870044,36832,37134,1392,38526,552
2021-06-08,San Joaquin,077,732212,73373,73186,3775,76961,1390
2021-06-08,San Luis Obispo,079,281455,21286,21251,785,22036,255
2021-06-08,San Mateo,081,765935,42526,42488,490,42978,663
2021-06-08,Santa Barbara,083,443738,34548,34418,1244,35662,459
2021-06-08,Santa Clara,085,1922200,118529,119770,802,120572,2068
2021-06-08,Santa Cruz,087,273765,16193,16160,876,17036,208
2021-06-08,Shasta,089,179085,12455,12498,1667,14165,201
2021-06-08,Sierra,091,2930,55,55,14,69,0
2021-06-08,Siskiyou,093,43540,1935,1870,388,2258,21
2021-06-08,Solano,095,438530,33104,33130,566,33696,259
2021-06-08,Sonoma,097,501317,30452,30523,358,30881,323
2021-06-08,Stanislaus,099,539301,56581,56548,6210,62758,973
2021-06-08,Sutter,101,95872,9575,9581,93,9674,111
2021-06-08,Tehama,103,63373,5092,5093,613,5706,63
2021-06-08,Trinity,105,12862,373,330,69,399,3
2021-06-08,Tulare,107,460477,49763,49485,9582,59067,847
2021-06-08,Tuolumne,109,53932,4094,4099,36,4135,63
2021-06-08,Ventura,111,848112,81235,81142,3117,84259,1026
2021-06-08,Yolo,113,214977,14092,14099,347,14446,212
2021-06-08,Yuba,115,75493,6110,6103,134,6237,50
2021-06-07,Alameda,001,1643700,88570,88688,2074,90762,1267
2021-06-07,Alpine,003,1148,88,88,0,88,0
2021-06-07,Amador,005,37829,3711,3697,34,3731,46
2021-06-07,Butte,007,227075,12607,12533,1923,14456,194
2021-06-07,Calaveras,009,45235,2190,2181,15,2196,55
2021-06-07,Colusa,011,21464,1952,1960,323,2283,15
2021-06-07,Contra Costa,013,1133247,70104,69718,1365,71083,817
2021-06-07,Del Norte,015,27424,1407,1401,9,1410,8
2021-06-07,El Dorado,017,186661,10303,10305,774,11079,113
2021-06-07,Fresno,019,978130,102395,102659,9031,111690,1717
2021-06-07,Glenn,021,27897,2424,2423,580,3003,19
2021-06-07,Humboldt,023,135768,4376,4354,38,4392,42
2021-06-07,Imperial,025,180216,28564,28754,2920,31674,738
2021-06-07,Inyo,027,18085,1405,1404,4,1408,35
2021-06-07,Kern,029,883053,97159,96645,11447,108092,1324
2021-06-07,Kings,031,150075,23031,23023,1194,24217,244
2021-06-07,Lake,033,64148,3553,3540,9,3549,45
2021-06-07,Lassen,035,31185,5228,5198,121,5319,18
2021-06-07,Los Angeles,037,10098052,1204210,1203664,43930,1247594,24413
2021-06-07,Madera,039,155013,16612,16572,959,17531,240
2021-06-07,Marin,041,260295,14106,14108,271,14379,229
2021-06-07,Mariposa,043,17540,436,434,11,445,5
2021-06-07,Mendocino,045,87422,4070,3998,78,4076,47
2021-06-07,Merced,047,269075,31154,31212,999,32211,459
2021-06-07,Modoc,049,8938,386,375,134,509,3
2021-06-07,Mono,051,14174,1254,1275,12,1287,3
2021-06-07,Monterey,053,433212,43087,43077,1933,45010,415
2021-06-07,Napa,055,140530,9957,9962,35,9997,80
2021-06-07,Nevada,057,99092,4874,4860,200,5060,72
2021-06-07,Orange,059,3164182,255108,254808,11766,266574,5073
2021-06-07,Placer,061,380077,23412,23176,1581,24757,293
2021-06-07,Plumas,063,18699,709,692,12,704,4
2021-06-07,Riverside,065,2383286,291847,289232,14759,303991,4451
2021-06-07,Sacramento,067,1510023,106907,106841,1857,108698,1655
2021-06-07,San Benito,069,59416,6073,6074,119,6193,63
2021-06-07,San Bernardino,071,2135413,293024,293129,9114,302243,4775
2021-06-07,San Diego,073,3302833,281307,280808,15068,295876,3764
2021-06-07,San Francisco,075,870044,36816,37122,1392,38514,552
2021-06-07,San Joaquin,077,732212,73328,73130,3768,76898,1388
2021-06-07,San Luis Obispo,079,281455,21273,21252,785,22037,255
2021-06-07,San Mateo,081,765935,42510,42479,490,42969,664
2021-06-07,Santa Barbara,083,443738,34542,34407,1244,35651,459
2021-06-07,Santa Clara,085,1922200,118502,119743,802,120545,2066
2021-06-07,Santa Cruz,087,273765,16191,16159,876,17035,208
2021-06-07,Shasta,089,179085,12441,12483,1662,14145,200
2021-06-07,Sierra,091,2930,55,55,14,69,0
2021-06-07,Siskiyou,093,43540,1935,1869,388,2257,21
2021-06-07,Solano,095,438530,33082,33124,565,33689,258
2021-06-07,Sonoma,097,501317,30416,30504,357,30861,323
2021-06-07,Stanislaus,099,539301,56548,56521,6207,62728,972
2021-06-07,Sutter,101,95872,9571,9571,93,9664,111
2021-06-07,Tehama,103,63373,5088,5092,613,5705,63
2021-06-07,Trinity,105,12862,373,329,69,398,3
2021-06-07,Tulare,107,460477,49757,49471,9582,59053,847
2021-06-07,Tuolumne,109,53932,4093,4098,36,4134,63
2021-06-07,Ventura,111,848112,81218,81137,3116,84253,1025
2021-06-07,Yolo,113,214977,14087,14097,346,14443,211
2021-06-07,Yuba,115,75493,6108,6099,131,6230,49
2021-06-06,Alameda,001,1643700,88531,88636,2073,90709,1267
2021-06-06,Alpine,003,1148,88,88,0,88,0
2021-06-06,Amador,005,37829,3708,3696,34,3730,46
2021-06-06,Butte,007,227075,12596,12527,1922,14449,194
2021-06-06,Calaveras,009,45235,2189,2181,15,2196,55
2021-06-06,Colusa,011,21464,1950,1959,323,2282,15
2021-06-06,Contra Costa,013,1133247,70039,69659,1363,71022,817
2021-06-06,Del Norte,015,27424,1402,1401,8,1409,8
2021-06-06,El Dorado,017,186661,10296,10294,774,11068,113
2021-06-06,Fresno,019,978130,102362,102642,9028,111670,1717
2021-06-06,Glenn,021,27897,2423,2423,580,3003,19
2021-06-06,Humboldt,023,135768,4365,4353,38,4391,42
2021-06-06,Imperial,025,180216,28558,28762,2920,31682,738
2021-06-06,Inyo,027,18085,1404,1404,4,1408,35
2021-06-06,Kern,029,883053,97141,96623,11440,108063,1324
2021-06-06,Kings,031,150075,23025,23021,1194,24215,244
2021-06-06,Lake,033,64148,3553,3535,9,3544,45
2021-06-06,Lassen,035,31185,5226,5191,121,5312,18
2021-06-06,Los Angeles,037,10098052,1204013,1203539,43918,1247457,24410
2021-06-06,Madera,039,155013,16606,16567,959,17526,240
2021-06-06,Marin,041,260295,14100,14106,270,14376,229
2021-06-06,Mariposa,043,17540,435,435,11,446,5
2021-06-06,Mendocino,045,87422,4066,3993,78,4071,47
2021-06-06,Merced,047,269075,31146,31215,999,32214,459
2021-06-06,Modoc,049,8938,386,375,133,508,3
2021-06-06,Mono,051,14174,1254,1275,12,1287,3
2021-06-06,Monterey,053,433212,43082,43078,1933,45011,415
2021-06-06,Napa,055,140530,9951,9963,35,9998,80
2021-06-06,Nevada,057,99092,4867,4854,199,5053,72
2021-06-06,Orange,059,3164182,255074,254782,11761,266543,5073
2021-06-06,Placer,061,380077,23387,23156,1578,24734,293
2021-06-06,Plumas,063,18699,709,692,12,704,4
2021-06-06,Riverside,065,2383286,291813,289201,14754,303955,4451
2021-06-06,Sacramento,067,1510023,106821,106749,1856,108605,1655
2021-06-06,San Benito,069,59416,6067,6074,119,6193,63
2021-06-06,San Bernardino,071,2135413,292972,293117,9105,302222,4773
2021-06-06,San Diego,073,3302833,281227,280743,15051,295794,3764
2021-06-06,San Francisco,075,870044,36804,37118,1391,38509,552
2021-06-06,San Joaquin,077,732212,73296,73105,3764,76869,1388
2021-06-06,San Luis Obispo,079,281455,21270,21246,785,22031,255
2021-06-06,San Mateo,081,765935,42493,42457,490,42947,664
2021-06-06,Santa Barbara,083,443738,34538,34403,1243,35646,459
2021-06-06,Santa Clara,085,1922200,118480,119711,802,120513,2066
2021-06-06,Santa Cruz,087,273765,16190,16158,876,17034,208
2021-06-06,Shasta,089,179085,12426,12478,1658,14136,200
2021-06-06,Sierra,091,2930,55,55,14,69,0
2021-06-06,Siskiyou,093,43540,1932,1869,388,2257,21
2021-06-06,Solano,095,438530,33055,33093,565,33658,258
2021-06-06,Sonoma,097,501317,30385,30478,356,30834,323
2021-06-06,Stanislaus,099,539301,56505,56486,6204,62690,972
2021-06-06,Sutter,101,95872,9564,9567,93,9660,111
2021-06-06,Tehama,103,63373,5084,5092,612,5704,63
2021-06-06,Trinity,105,12862,373,328,69,397,3
2021-06-06,Tulare,107,460477,49750,49466,9576,59042,847
2021-06-06,Tuolumne,109,53932,4091,4097,36,4133,63
2021-06-06,Ventura,111,848112,81207,81130,3113,84243,1025
2021-06-06,Yolo,113,214977,14079,14089,345,14434,210
2021-06-06,Yuba,115,75493,6100,6096,131,6227,49
2021-06-05,Alameda,001,1643700,88500,88612,2072,90684,1268
2021-06-05,Alpine,003,1148,88,88,0,88,0
2021-06-05,Amador,005,37829,3708,3694,34,3728,46
2021-06-05,Butte,007,227075,12590,12514,1921,14435,194
2021-06-05,Calaveras,009,45235,2189,2181,15,2196,55
2021-06-05,Colusa,011,21464,1950,1959,323,2282,15
2021-06-05,Contra Costa,013,1133247,70010,69601,1363,70964,817
2021-06-05,Del Norte,015,27424,1402,1400,8,1408,8
2021-06-05,El Dorado,017,186661,10294,10288,773,11061,113
2021-06-05,Fresno,019,978130,102353,102626,9028,111654,1717
2021-06-05,Glenn,021,27897,2422,2423,580,3003,19
2021-06-05,Humboldt,023,135768,4360,4346,38,4384,42
2021-06-05,Imperial,025,180216,28555,28764,2920,31684,738
2021-06-05,Inyo,027,18085,1404,1405,4,1409,35
2021-06-05,Kern,029,883053,97129,96597,11435,108032,1324
2021-06-05,Kings,031,150075,23022,23017,1194,24211,244
2021-06-05,Lake,033,64148,3550,3534,9,3543,45
2021-06-05,Lassen,035,31185,5225,5191,121,5312,18
2021-06-05,Los Angeles,037,10098052,1203887,1203338,43908,1247246,24411
2021-06-05,Madera,039,155013,16602,16563,959,17522,240
2021-06-05,Marin,041,260295,14098,14101,270,14371,229
2021-06-05,Mariposa,043,17540,435,435,11,446,5
2021-06-05,Mendocino,045,87422,4063,3989,78,4067,47
2021-06-05,Merced,047,269075,31144,31212,999,32211,459
2021-06-05,Modoc,049,8938,386,375,132,507,3
2021-06-05,Mono,051,14174,1254,1274,12,1286,3
2021-06-05,Monterey,053,433212,43078,43071,1932,45003,415
2021-06-05,Napa,055,140530,9946,9960,35,9995,80
2021-06-05,Nevada,057,99092,4865,4849,199,5048,72
2021-06-05,Orange,059,3164182,255050,254752,11758,266510,5069
2021-06-05,Placer,061,380077,23372,23133,1577,24710,293
2021-06-05,Plumas,063,18699,709,692,12,704,4
2021-06-05,Riverside,065,2383286,291778,289157,14750,303907,4451
2021-06-05,Sacramento,067,1510023,106770,106688,1853,108541,1655
2021-06-05,San Benito,069,59416,6065,6074,119,6193,63
2021-06-05,San Bernardino,071,2135413,292939,293081,9103,302184,4772
2021-06-05,San Diego,073,3302833,281186,280676,15038,295714,3764
2021-06-05,San Francisco,075,870044,36795,37111,1391,38502,552
2021-06-05,San Joaquin,077,732212,73280,73078,3757,76835,1388
2021-06-05,San Luis Obispo,079,281455,21267,21236,785,22021,255
2021-06-05,San Mateo,081,765935,42483,42433,490,42923,664
2021-06-05,Santa Barbara,083,443738,34535,34399,1242,35641,459
2021-06-05,Santa Clara,085,1922200,118458,119676,800,120476,2066
2021-06-05,Santa Cruz,087,273765,16190,16154,876,17030,208
2021-06-05,Shasta,089,179085,12417,12472,1657,14129,200
2021-06-05,Sierra,091,2930,55,55,14,69,0
2021-06-05,Siskiyou,093,43540,1932,1867,388,2255,21
2021-06-05,Solano,095,438530,33040,33074,565,33639,257
2021-06-05,Sonoma,097,501317,30358,30450,354,30804,323
2021-06-05,Stanislaus,099,539301,56484,56463,6202,62665,973
2021-06-05,Sutter,101,95872,9561,9559,93,9652,111
2021-06-05,Tehama,103,63373,5083,5092,611,5703,63
2021-06-05,Trinity,105,12862,373,328,69,397,3
2021-06-05,Tulare,107,460477,49744,49463,9576,59039,847
2021-06-05,Tuolumne,109,53932,4089,4098,36,4134,63
2021-06-05,Ventura,111,848112,81198,81119,3111,84230,1025
2021-06-05,Yolo,113,214977,14077,14088,345,14433,210
2021-06-05,Yuba,115,75493,6099,6087,131,6218,49
2021-06-04,Alameda,001,1643700,88473,88585,2070,90655,1263
2021-06-04,Alpine,003,1148,88,88,0,88,0
2021-06-04,Amador,005,37829,3708,3690,34,3724,46
2021-06-04,Butte,007,227075,12579,12494,1918,14412,193
2021-06-04,Calaveras,009,45235,2189,2179,15,2194,55
2021-06-04,Colusa,011,21464,1950,1959,323,2282,15
2021-06-04,Contra Costa,013,1133247,69975,69540,1360,70900,816
2021-06-04,Del Norte,015,27424,1402,1398,8,1406,8
2021-06-04,El Dorado,017,186661,10290,10284,771,11055,112
2021-06-04,Fresno,019,978130,102337,102601,9028,111629,1712
2021-06-04,Glenn,021,27897,2422,2423,579,3002,19
2021-06-04,Humboldt,023,135768,4355,4327,38,4365,42
2021-06-04,Imperial,025,180216,28551,28753,2920,31673,738
2021-06-04,Inyo,027,18085,1404,1404,4,1408,35
2021-06-04,Kern,029,883053,97111,96573,11433,108006,1327
2021-06-04,Kings,031,150075,23022,23002,1194,24196,244
2021-06-04,Lake,033,64148,3548,3528,9,3537,45
2021-06-04,Lassen,035,31185,5225,5180,121,5301,18
2021-06-04,Los Angeles,037,10098052,1203766,1203106,43898,1247004,24400
2021-06-04,Madera,039,155013,16600,16557,959,17516,240
2021-06-04,Marin,041,260295,14097,14099,269,14368,229
2021-06-04,Mariposa,043,17540,435,435,11,446,5
2021-06-04,Mendocino,045,87422,4054,3983,78,4061,47
2021-06-04,Merced,047,269075,31139,31204,998,32202,459
2021-06-04,Modoc,049,8938,384,375,132,507,3
2021-06-04,Mono,051,14174,1254,1275,12,1287,3
2021-06-04,Monterey,053,433212,43074,43068,1932,45000,415
2021-06-04,Napa,055,140530,9942,9958,35,9993,80
2021-06-04,Nevada,057,99092,4861,4844,199,5043,72
2021-06-04,Orange,059,3164182,255014,254730,11755,266485,5059
2021-06-04,Placer,061,380077,23357,23110,1576,24686,293
2021-06-04,Plumas,063,18699,709,691,12,703,4
2021-06-04,Riverside,065,2383286,291752,289098,14746,303844,4452
2021-06-04,Sacramento,067,1510023,106718,106616,1851,108467,1654
2021-06-04,San Benito,069,59416,6063,6073,119,6192,63
2021-06-04,San Bernardino,071,2135413,292915,293056,9101,302157,4768
2021-06-04,San Diego,073,3302833,281144,280556,15031,295587,3763
2021-06-04,San Francisco,075,870044,36790,37079,1390,38469,551
2021-06-04,San Joaquin,077,732212,73261,73039,3755,76794,1388
2021-06-04,San Luis Obispo,079,281455,21264,21234,784,22018,255
2021-06-04,San Mateo,081,765935,42471,42413,490,42903,478
2021-06-04,Santa Barbara,083,443738,34529,34402,1241,35643,459
2021-06-04,Santa Clara,085,1922200,118429,119619,800,120419,2065
2021-06-04,Santa Cruz,087,273765,16188,16150,876,17026,207
2021-06-04,Shasta,089,179085,12411,12458,1652,14110,200
2021-06-04,Sierra,091,2930,55,55,14,69,0
2021-06-04,Siskiyou,093,43540,1931,1865,388,2253,21
2021-06-04,Solano,095,438530,33029,33058,565,33623,256
2021-06-04,Sonoma,097,501317,30337,30411,354,30765,323
2021-06-04,Stanislaus,099,539301,56461,56442,6199,62641,973
2021-06-04,Sutter,101,95872,9556,9554,93,9647,111
2021-06-04,Tehama,103,63373,5078,5090,611,5701,63
2021-06-04,Trinity,105,12862,373,328,69,397,3
2021-06-04,Tulare,107,460477,49735,49452,9574,59026,847
2021-06-04,Tuolumne,109,53932,4088,4095,36,4131,63
2021-06-04,Ventura,111,848112,81191,81104,3109,84213,1023
2021-06-04,Yolo,113,214977,14075,14083,345,14428,210
2021-06-04,Yuba,115,75493,6096,6084,131,6215,49
2021-06-03,Alameda,001,1643700,88435,88555,2067,90622,1257
2021-06-03,Alpine,003,1148,88,88,0,88,0
2021-06-03,Amador,005,37829,3700,3688,34,3722,46
2021-06-03,Butte,007,227075,12575,12478,1917,14395,193
2021-06-03,Calaveras,009,45235,2189,2179,15,2194,55
2021-06-03,Colusa,011,21464,1950,1957,323,2280,15
2021-06-03,Contra Costa,013,1133247,69921,69500,1355,70855,816
2021-06-03,Del Norte,015,27424,1400,1397,8,1405,8
2021-06-03,El Dorado,017,186661,10284,10284,768,11052,112
2021-06-03,Fresno,019,978130,102321,102566,9028,111594,1709
2021-06-03,Glenn,021,27897,2422,2421,579,3000,19
2021-06-03,Humboldt,023,135768,4347,4314,38,4352,42
2021-06-03,Imperial,025,180216,28539,28737,2920,31657,738
2021-06-03,Inyo,027,18085,1404,1404,4,1408,35
2021-06-03,Kern,029,883053,97084,96507,11419,107926,1326
2021-06-03,Kings,031,150075,23018,22982,1194,24176,244
2021-06-03,Lake,033,64148,3546,3526,9,3535,45
2021-06-03,Lassen,035,31185,5216,5177,121,5298,12
2021-06-03,Los Angeles,037,10098052,1203592,1202923,43890,1246813,24386
2021-06-03,Madera,039,155013,16594,16554,959,17513,240
2021-06-03,Marin,041,260295,14092,14095,269,14364,230
2021-06-03,Mariposa,043,17540,435,435,11,446,5
2021-06-03,Mendocino,045,87422,4047,3978,78,4056,47
2021-06-03,Merced,047,269075,31135,31199,998,32197,459
2021-06-03,Modoc,049,8938,383,376,131,507,3
2021-06-03,Mono,051,14174,1254,1275,12,1287,3
2021-06-03,Monterey,053,433212,43071,43063,1932,44995,415
2021-06-03,Napa,055,140530,9935,9957,35,9992,81
2021-06-03,Nevada,057,99092,4857,4837,199,5036,72
2021-06-03,Orange,059,3164182,254986,254676,11745,266421,5056
2021-06-03,Placer,061,380077,23348,23100,1575,24675,293
2021-06-03,Plumas,063,18699,709,691,12,703,4
2021-06-03,Riverside,065,2383286,291698,289035,14742,303777,4447
2021-06-03,Sacramento,067,1510023,106640,106526,1849,108375,1654
2021-06-03,San Benito,069,59416,6063,6073,119,6192,63
2021-06-03,San Bernardino,071,2135413,292885,293021,9100,302121,4762
2021-06-03,San Diego,073,3302833,281081,280430,15021,295451,3761
2021-06-03,San Francisco,075,870044,36784,37072,1390,38462,551
2021-06-03,San Joaquin,077,732212,73233,72989,3751,76740,1388
2021-06-03,San Luis Obispo,079,281455,21259,21224,784,22008,255
2021-06-03,San Mateo,081,765935,42458,42396,490,42886,467
2021-06-03,Santa Barbara,083,443738,34526,34391,1241,35632,459
2021-06-03,Santa Clara,085,1922200,118407,119592,798,120390,2058
2021-06-03,Santa Cruz,087,273765,16186,16144,876,17020,207
2021-06-03,Shasta,089,179085,12396,12441,1649,14090,199
2021-06-03,Sierra,091,2930,55,55,14,69,0
2021-06-03,Siskiyou,093,43540,1931,1862,387,2249,21
2021-06-03,Solano,095,438530,33015,33019,565,33584,256
2021-06-03,Sonoma,097,501317,30315,30383,353,30736,322
2021-06-03,Stanislaus,099,539301,56431,56401,6192,62593,973
2021-06-03,Sutter,101,95872,9547,9539,93,9632,111
2021-06-03,Tehama,103,63373,5078,5087,611,5698,63
2021-06-03,Trinity,105,12862,373,328,69,397,3
2021-06-03,Tulare,107,460477,49732,49442,9570,59012,848
2021-06-03,Tuolumne,109,53932,4086,4095,36,4131,63
2021-06-03,Ventura,111,848112,81179,81078,3107,84185,1023
2021-06-03,Yolo,113,214977,14071,14078,342,14420,210
2021-06-03,Yuba,115,75493,6089,6077,131,6208,49
2021-06-02,Alameda,001,1643700,88390,88525,2065,90590,1254
2021-06-02,Alpine,003,1148,88,88,0,88,0
2021-06-02,Amador,005,37829,3698,3687,34,3721,46
2021-06-02,Butte,007,227075,12555,12432,1914,14346,193
2021-06-02,Calaveras,009,45235,2187,2174,14,2188,55
2021-06-02,Colusa,011,21464,1949,1957,323,2280,15
2021-06-02,Contra Costa,013,1133247,69870,69455,1353,70808,814
2021-06-02,Del Norte,015,27424,1398,1395,8,1403,8
2021-06-02,El Dorado,017,186661,10280,10275,768,11043,110
2021-06-02,Fresno,019,978130,102298,102547,9025,111572,1707
2021-06-02,Glenn,021,27897,2422,2421,579,3000,19
2021-06-02,Humboldt,023,135768,4332,4302,38,4340,42
2021-06-02,Imperial,025,180216,28534,28737,2918,31655,738
2021-06-02,Inyo,027,18085,1403,1403,4,1407,35
2021-06-02,Kern,029,883053,97058,96481,11410,107891,1326
2021-06-02,Kings,031,150075,23016,22981,1194,24175,244
2021-06-02,Lake,033,64148,3541,3522,9,3531,45
2021-06-02,Lassen,035,31185,5215,5177,121,5298,6
2021-06-02,Los Angeles,037,10098052,1203391,1202760,43881,1246641,24375
2021-06-02,Madera,039,155013,16586,16550,959,17509,240
2021-06-02,Marin,041,260295,14090,14091,269,14360,229
2021-06-02,Mariposa,043,17540,435,434,11,445,5
2021-06-02,Mendocino,045,87422,4041,3970,78,4048,47
2021-06-02,Merced,047,269075,31122,31195,997,32192,458
2021-06-02,Modoc,049,8938,382,375,130,505,3
2021-06-02,Mono,051,14174,1254,1275,12,1287,3
2021-06-02,Monterey,053,433212,43069,43056,1932,44988,380
2021-06-02,Napa,055,140530,9934,9953,35,9988,82
2021-06-02,Nevada,057,99092,4854,4833,199,5032,72
2021-06-02,Orange,059,3164182,254941,254637,11741,266378,5055
2021-06-02,Placer,061,380077,23327,23058,1573,24631,293
2021-06-02,Plumas,063,18699,709,690,12,702,4
2021-06-02,Riverside,065,2383286,291643,289012,14732,303744,4445
2021-06-02,Sacramento,067,1510023,106576,106435,1842,108277,1649
2021-06-02,San Benito,069,59416,6062,6073,119,6192,63
2021-06-02,San Bernardino,071,2135413,292837,293004,9095,302099,4760
2021-06-02,San Diego,073,3302833,281001,280347,15000,295347,3760
2021-06-02,San Francisco,075,870044,36764,37050,1389,38439,550
2021-06-02,San Joaquin,077,732212,73202,72893,3748,76641,1387
2021-06-02,San Luis Obispo,079,281455,21252,21214,783,21997,255
2021-06-02,San Mateo,081,765935,42448,42383,489,42872,464
2021-06-02,Santa Barbara,083,443738,34519,34381,1241,35622,456
2021-06-02,Santa Clara,085,1922200,118379,119553,797,120350,2058
2021-06-02,Santa Cruz,087,273765,16183,16144,876,17020,207
2021-06-02,Shasta,089,179085,12378,12426,1646,14072,199
2021-06-02,Sierra,091,2930,55,55,14,69,0
2021-06-02,Siskiyou,093,43540,1931,1861,385,2246,21
2021-06-02,Solano,095,438530,33003,33007,564,33571,256
2021-06-02,Sonoma,097,501317,30296,30359,348,30707,322
2021-06-02,Stanislaus,099,539301,56402,56377,6187,62564,973
2021-06-02,Sutter,101,95872,9544,9533,93,9626,111
2021-06-02,Tehama,103,63373,5075,5081,611,5692,63
2021-06-02,Trinity,105,12862,371,328,69,397,3
2021-06-02,Tulare,107,460477,49724,49434,9566,59000,846
2021-06-02,Tuolumne,109,53932,4086,4095,36,4131,63
2021-06-02,Ventura,111,848112,81154,81033,3107,84140,1020
2021-06-02,Yolo,113,214977,14068,14074,341,14415,210
2021-06-02,Yuba,115,75493,6083,6072,131,6203,48
2021-06-01,Alameda,001,1643700,88357,88472,2063,90535,1253
2021-06-01,Alpine,003,1148,88,88,0,88,0
2021-06-01,Amador,005,37829,3696,3687,34,3721,46
2021-06-01,Butte,007,227075,12541,12427,1913,14340,193
2021-06-01,Calaveras,009,45235,2185,2173,14,2187,55
2021-06-01,Colusa,011,21464,1948,1955,322,2277,15
2021-06-01,Contra Costa,013,1133247,69813,69404,1353,70757,813
2021-06-01,Del Norte,015,27424,1397,1394,8,1402,8
2021-06-01,El Dorado,017,186661,10274,10271,768,11039,110
2021-06-01,Fresno,019,978130,102274,102534,9022,111556,1706
2021-06-01,Glenn,021,27897,2422,2422,579,3001,18
2021-06-01,Humboldt,023,135768,4322,4299,38,4337,42
2021-06-01,Imperial,025,180216,28530,28722,2917,31639,736
2021-06-01,Inyo,027,18085,1403,1403,4,1407,35
2021-06-01,Kern,029,883053,97031,96477,11402,107879,1319
2021-06-01,Kings,031,150075,23012,22977,1194,24171,244
2021-06-01,Lake,033,64148,3540,3523,9,3532,45
2021-06-01,Lassen,035,31185,5208,5172,121,5293,6
2021-06-01,Los Angeles,037,10098052,1203158,1202673,43868,1246541,24367
2021-06-01,Madera,039,155013,16577,16549,958,17507,240
2021-06-01,Marin,041,260295,14088,14081,269,14350,229
2021-06-01,Mariposa,043,17540,435,431,11,442,5
2021-06-01,Mendocino,045,87422,4034,3966,78,4044,47
2021-06-01,Merced,047,269075,31113,31195,997,32192,456
2021-06-01,Modoc,049,8938,381,375,130,505,3
2021-06-01,Mono,051,14174,1254,1275,12,1287,3
2021-06-01,Monterey,053,433212,43063,43051,1932,44983,379
2021-06-01,Napa,055,140530,9932,9949,35,9984,82
2021-06-01,Nevada,057,99092,4849,4825,199,5024,72
2021-06-01,Orange,059,3164182,254906,254603,11733,266336,5051
2021-06-01,Placer,061,380077,23297,23021,1571,24592,293
2021-06-01,Plumas,063,18699,708,690,12,702,4
2021-06-01,Riverside,065,2383286,291592,288996,14726,303722,4442
2021-06-01,Sacramento,067,1510023,106504,106330,1840,108170,1644
2021-06-01,San Benito,069,59416,6061,6073,118,6191,63
2021-06-01,San Bernardino,071,2135413,292813,292990,9093,302083,4758
2021-06-01,San Diego,073,3302833,280897,280305,14984,295289,3756
2021-06-01,San Francisco,075,870044,36748,37031,1389,38420,550
2021-06-01,San Joaquin,077,732212,73170,72858,3746,76604,1383
2021-06-01,San Luis Obispo,079,281455,21247,21217,783,22000,256
2021-06-01,San Mateo,081,765935,42431,42383,488,42871,462
2021-06-01,Santa Barbara,083,443738,34516,34374,1241,35615,456
2021-06-01,Santa Clara,085,1922200,118351,119528,797,120325,2057
2021-06-01,Santa Cruz,087,273765,16179,16143,875,17018,207
2021-06-01,Shasta,089,179085,12369,12409,1641,14050,199
2021-06-01,Sierra,091,2930,55,55,14,69,0
2021-06-01,Siskiyou,093,43540,1925,1860,384,2244,21
2021-06-01,Solano,095,438530,32978,32974,563,33537,256
2021-06-01,Sonoma,097,501317,30257,30324,347,30671,322
2021-06-01,Stanislaus,099,539301,56378,56348,6185,62533,973
2021-06-01,Sutter,101,95872,9537,9528,93,9621,111
2021-06-01,Tehama,103,63373,5073,5079,611,5690,63
2021-06-01,Trinity,105,12862,370,328,68,396,3
2021-06-01,Tulare,107,460477,49716,49419,9562,58981,845
2021-06-01,Tuolumne,109,53932,4086,4094,36,4130,63
2021-06-01,Ventura,111,848112,81138,81018,3106,84124,1021
2021-06-01,Yolo,113,214977,14063,14067,340,14407,210
2021-06-01,Yuba,115,75493,6079,6067,131,6198,48
2021-05-31,Alameda,001,1643700,88320,88458,2059,90517,1253
2021-05-31,Alpine,003,1148,88,88,0,88,0
2021-05-31,Amador,005,37829,3690,3687,34,3721,46
2021-05-31,Butte,007,227075,12528,12429,1913,14342,193
2021-05-31,Calaveras,009,45235,2184,2171,14,2185,55
2021-05-31,Colusa,011,21464,1948,1956,321,2277,15
2021-05-31,Contra Costa,013,1133247,69776,69390,1351,70741,813
2021-05-31,Del Norte,015,27424,1394,1394,8,1402,8
2021-05-31,El Dorado,017,186661,10268,10271,766,11037,110
2021-05-31,Fresno,019,978130,102238,102507,9021,111528,1706
2021-05-31,Glenn,021,27897,2421,2422,578,3000,18
2021-05-31,Humboldt,023,135768,4310,4295,38,4333,42
2021-05-31,Imperial,025,180216,28524,28732,2914,31646,736
2021-05-31,Inyo,027,18085,1402,1403,4,1407,35
2021-05-31,Kern,029,883053,96995,96457,11393,107850,1319
2021-05-31,Kings,031,150075,23008,22977,1194,24171,244
2021-05-31,Lake,033,64148,3535,3523,9,3532,45
2021-05-31,Lassen,035,31185,5206,5172,120,5292,6
2021-05-31,Los Angeles,037,10098052,1202917,1202567,43860,1246427,24364
2021-05-31,Madera,039,155013,16576,16543,957,17500,240
2021-05-31,Marin,041,260295,14086,14080,268,14348,229
2021-05-31,Mariposa,043,17540,435,430,11,441,5
2021-05-31,Mendocino,045,87422,4025,3961,78,4039,47
2021-05-31,Merced,047,269075,31108,31194,997,32191,456
2021-05-31,Modoc,049,8938,380,374,130,504,3
2021-05-31,Mono,051,14174,1254,1275,12,1287,3
2021-05-31,Monterey,053,433212,43059,43051,1932,44983,379
2021-05-31,Napa,055,140530,9925,9948,35,9983,82
2021-05-31,Nevada,057,99092,4839,4823,198,5021,72
2021-05-31,Orange,059,3164182,254879,254572,11726,266298,5051
2021-05-31,Placer,061,380077,23270,23019,1566,24585,293
2021-05-31,Plumas,063,18699,707,690,12,702,4
2021-05-31,Riverside,065,2383286,291535,288970,14714,303684,4442
2021-05-31,Sacramento,067,1510023,106407,106278,1834,108112,1644
2021-05-31,San Benito,069,59416,6061,6072,118,6190,63
2021-05-31,San Bernardino,071,2135413,292765,292973,9092,302065,4758
2021-05-31,San Diego,073,3302833,280793,280254,14972,295226,3756
2021-05-31,San Francisco,075,870044,36733,37022,1388,38410,550
2021-05-31,San Joaquin,077,732212,73123,72856,3739,76595,1383
2021-05-31,San Luis Obispo,079,281455,21239,21215,783,21998,256
2021-05-31,San Mateo,081,765935,42415,42389,488,42877,442
2021-05-31,Santa Barbara,083,443738,34503,34369,1239,35608,456
2021-05-31,Santa Clara,085,1922200,118307,119515,797,120312,2057
2021-05-31,Santa Cruz,087,273765,16176,16139,875,17014,207
2021-05-31,Shasta,089,179085,12353,12408,1638,14046,199
2021-05-31,Sierra,091,2930,55,55,14,69,0
2021-05-31,Siskiyou,093,43540,1924,1856,383,2239,21
2021-05-31,Solano,095,438530,32927,32973,563,33536,256
2021-05-31,Sonoma,097,501317,30214,30314,347,30661,322
2021-05-31,Stanislaus,099,539301,56327,56335,6182,62517,973
2021-05-31,Sutter,101,95872,9518,9523,93,9616,111
2021-05-31,Tehama,103,63373,5071,5076,610,5686,63
2021-05-31,Trinity,105,12862,370,328,68,396,3
2021-05-31,Tulare,107,460477,49705,49404,9557,58961,845
2021-05-31,Tuolumne,109,53932,4084,4095,36,4131,63
2021-05-31,Ventura,111,848112,81123,81017,3103,84120,1021
2021-05-31,Yolo,113,214977,14059,14064,340,14404,210
2021-05-31,Yuba,115,75493,6073,6063,128,6191,48
2021-05-30,Alameda,001,1643700,88295,88429,2059,90488,1253
2021-05-30,Alpine,003,1148,88,88,0,88,0
2021-05-30,Amador,005,37829,3686,3685,34,3719,46
2021-05-30,Butte,007,227075,12518,12427,1911,14338,190
2021-05-30,Calaveras,009,45235,2180,2166,14,2180,55
2021-05-30,Colusa,011,21464,1948,1954,321,2275,15
2021-05-30,Contra Costa,013,1133247,69742,69381,1349,70730,813
2021-05-30,Del Norte,015,27424,1393,1393,8,1401,8
2021-05-30,El Dorado,017,186661,10265,10271,766,11037,110
2021-05-30,Fresno,019,978130,102221,102499,9017,111516,1706
2021-05-30,Glenn,021,27897,2421,2422,577,2999,18
2021-05-30,Humboldt,023,135768,4301,4291,38,4329,42
2021-05-30,Imperial,025,180216,28519,28732,2913,31645,736
2021-05-30,Inyo,027,18085,1402,1403,4,1407,35
2021-05-30,Kern,029,883053,96979,96443,11390,107833,1319
2021-05-30,Kings,031,150075,23007,22974,1193,24167,244
2021-05-30,Lake,033,64148,3535,3517,9,3526,45
2021-05-30,Lassen,035,31185,5204,5171,120,5291,6
2021-05-30,Los Angeles,037,10098052,1202813,1202425,43853,1246278,24360
2021-05-30,Madera,039,155013,16572,16538,957,17495,240
2021-05-30,Marin,041,260295,14082,14083,267,14350,229
2021-05-30,Mariposa,043,17540,435,430,11,441,5
2021-05-30,Mendocino,045,87422,4018,3955,78,4033,47
2021-05-30,Merced,047,269075,31104,31189,996,32185,456
2021-05-30,Modoc,049,8938,380,374,130,504,3
2021-05-30,Mono,051,14174,1254,1275,12,1287,3
2021-05-30,Monterey,053,433212,43056,43049,1932,44981,379
2021-05-30,Napa,055,140530,9924,9948,35,9983,82
2021-05-30,Nevada,057,99092,4833,4818,198,5016,72
2021-05-30,Orange,059,3164182,254855,254559,11725,266284,5051
2021-05-30,Placer,061,380077,23264,23016,1566,24582,293
2021-05-30,Plumas,063,18699,705,690,12,702,4
2021-05-30,Riverside,065,2383286,291514,288961,14712,303673,4442
2021-05-30,Sacramento,067,1510023,106362,106252,1832,108084,1644
2021-05-30,San Benito,069,59416,6061,6072,118,6190,63
2021-05-30,San Bernardino,071,2135413,292739,292981,9091,302072,4758
2021-05-30,San Diego,073,3302833,280737,280209,14967,295176,3756
2021-05-30,San Francisco,075,870044,36715,37016,1387,38403,550
2021-05-30,San Joaquin,077,732212,73106,72853,3738,76591,1383
2021-05-30,San Luis Obispo,079,281455,21231,21211,782,21993,256
2021-05-30,San Mateo,081,765935,42407,42386,488,42874,439
2021-05-30,Santa Barbara,083,443738,34499,34369,1238,35607,456
2021-05-30,Santa Clara,085,1922200,118285,119510,793,120303,2057
2021-05-30,Santa Cruz,087,273765,16174,16140,875,17015,207
2021-05-30,Shasta,089,179085,12351,12408,1635,14043,199
2021-05-30,Sierra,091,2930,55,55,14,69,0
2021-05-30,Siskiyou,093,43540,1924,1856,383,2239,21
2021-05-30,Solano,095,438530,32916,32952,562,33514,256
2021-05-30,Sonoma,097,501317,30198,30310,345,30655,322
2021-05-30,Stanislaus,099,539301,56308,56323,6181,62504,973
2021-05-30,Sutter,101,95872,9517,9519,92,9611,111
2021-05-30,Tehama,103,63373,5071,5073,610,5683,63
2021-05-30,Trinity,105,12862,370,328,68,396,3
2021-05-30,Tulare,107,460477,49698,49397,9548,58945,845
2021-05-30,Tuolumne,109,53932,4084,4094,36,4130,63
2021-05-30,Ventura,111,848112,81120,81012,3101,84113,1021
2021-05-30,Yolo,113,214977,14054,14059,339,14398,210
2021-05-30,Yuba,115,75493,6066,6063,127,6190,48
2021-05-29,Alameda,001,1643700,88272,88433,2057,90490,1253
2021-05-29,Alpine,003,1148,88,88,0,88,0
2021-05-29,Amador,005,37829,3685,3683,34,3717,46
2021-05-29,Butte,007,227075,12512,12425,1911,14336,190
2021-05-29,Calaveras,009,45235,2179,2166,14,2180,55
2021-05-29,Colusa,011,21464,1945,1954,321,2275,15
2021-05-29,Contra Costa,013,1133247,69709,69351,1349,70700,813
2021-05-29,Del Norte,015,27424,1393,1391,8,1399,8
2021-05-29,El Dorado,017,186661,10264,10269,764,11033,110
2021-05-29,Fresno,019,978130,102209,102470,9014,111484,1706
2021-05-29,Glenn,021,27897,2421,2422,576,2998,18
2021-05-29,Humboldt,023,135768,4295,4283,38,4321,42
2021-05-29,Imperial,025,180216,28516,28729,2912,31641,736
2021-05-29,Inyo,027,18085,1402,1404,4,1408,35
2021-05-29,Kern,029,883053,96969,96424,11376,107800,1319
2021-05-29,Kings,031,150075,23006,22970,1192,24162,244
2021-05-29,Lake,033,64148,3535,3515,9,3524,45
2021-05-29,Lassen,035,31185,5204,5171,120,5291,6
2021-05-29,Los Angeles,037,10098052,1202690,1202264,43850,1246114,24359
2021-05-29,Madera,039,155013,16570,16535,957,17492,240
2021-05-29,Marin,041,260295,14078,14071,266,14337,229
2021-05-29,Mariposa,043,17540,434,428,11,439,5
2021-05-29,Mendocino,045,87422,4012,3952,78,4030,47
2021-05-29,Merced,047,269075,31093,31187,996,32183,456
2021-05-29,Modoc,049,8938,380,374,130,504,3
2021-05-29,Mono,051,14174,1254,1275,12,1287,3
2021-05-29,Monterey,053,433212,43054,43042,1932,44974,379
2021-05-29,Napa,055,140530,9921,9948,35,9983,82
2021-05-29,Nevada,057,99092,4832,4816,198,5014,72
2021-05-29,Orange,059,3164182,254833,254537,11715,266252,5049
2021-05-29,Placer,061,380077,23250,23009,1565,24574,293
2021-05-29,Plumas,063,18699,705,689,12,701,4
2021-05-29,Riverside,065,2383286,291494,288908,14711,303619,4442
2021-05-29,Sacramento,067,1510023,106333,106218,1831,108049,1643
2021-05-29,San Benito,069,59416,6060,6072,118,6190,63
2021-05-29,San Bernardino,071,2135413,292707,292961,9090,302051,4757
2021-05-29,San Diego,073,3302833,280678,280151,14962,295113,3756
2021-05-29,San Francisco,075,870044,36706,37008,1387,38395,550
2021-05-29,San Joaquin,077,732212,73090,72827,3736,76563,1383
2021-05-29,San Luis Obispo,079,281455,21229,21201,782,21983,256
2021-05-29,San Mateo,081,765935,42400,42375,487,42862,439
2021-05-29,Santa Barbara,083,443738,34495,34367,1238,35605,456
2021-05-29,Santa Clara,085,1922200,118261,119498,792,120290,2056
2021-05-29,Santa Cruz,087,273765,16173,16137,875,17012,207
2021-05-29,Shasta,089,179085,12343,12401,1634,14035,199
2021-05-29,Sierra,091,2930,55,55,14,69,0
2021-05-29,Siskiyou,093,43540,1919,1856,383,2239,21
2021-05-29,Solano,095,438530,32907,32917,562,33479,256
2021-05-29,Sonoma,097,501317,30175,30298,344,30642,322
2021-05-29,Stanislaus,099,539301,56288,56305,6179,62484,974
2021-05-29,Sutter,101,95872,9513,9516,92,9608,111
2021-05-29,Tehama,103,63373,5070,5070,610,5680,63
2021-05-29,Trinity,105,12862,370,328,68,396,3
2021-05-29,Tulare,107,460477,49688,49392,9544,58936,845
2021-05-29,Tuolumne,109,53932,4084,4093,36,4129,63
2021-05-29,Ventura,111,848112,81112,81008,3101,84109,1021
2021-05-29,Yolo,113,214977,14053,14055,339,14394,210
2021-05-29,Yuba,115,75493,6066,6059,127,6186,48
2021-05-28,Alameda,001,1643700,88248,88391,2053,90444,1261
2021-05-28,Alpine,003,1148,88,88,0,88,0
2021-05-28,Amador,005,37829,3685,3680,34,3714,46
2021-05-28,Butte,007,227075,12509,12407,1910,14317,190
2021-05-28,Calaveras,009,45235,2178,2165,14,2179,55
2021-05-28,Colusa,011,21464,1945,1954,319,2273,15
2021-05-28,Contra Costa,013,1133247,69673,69290,1348,70638,813
2021-05-28,Del Norte,015,27424,1392,1390,8,1398,8
2021-05-28,El Dorado,017,186661,10261,10265,764,11029,110
2021-05-28,Fresno,019,978130,102194,102437,9014,111451,1705
2021-05-28,Glenn,021,27897,2421,2419,576,2995,18
2021-05-28,Humboldt,023,135768,4289,4265,38,4303,42
2021-05-28,Imperial,025,180216,28513,28722,2912,31634,736
2021-05-28,Inyo,027,18085,1402,1404,4,1408,35
2021-05-28,Kern,029,883053,96952,96396,11368,107764,1320
2021-05-28,Kings,031,150075,23004,22962,1192,24154,244
2021-05-28,Lake,033,64148,3533,3515,9,3524,45
2021-05-28,Lassen,035,31185,5204,5169,120,5289,6
2021-05-28,Los Angeles,037,10098052,1202582,1202103,43838,1245941,24357
2021-05-28,Madera,039,155013,16568,16530,957,17487,240
2021-05-28,Marin,041,260295,14077,14063,265,14328,229
2021-05-28,Mariposa,043,17540,434,428,11,439,5
2021-05-28,Mendocino,045,87422,4007,3947,78,4025,47
2021-05-28,Merced,047,269075,31090,31176,996,32172,455
2021-05-28,Modoc,049,8938,380,374,130,504,3
2021-05-28,Mono,051,14174,1254,1274,12,1286,3
2021-05-28,Monterey,053,433212,43053,43036,1932,44968,379
2021-05-28,Napa,055,140530,9921,9941,35,9976,82
2021-05-28,Nevada,057,99092,4830,4813,198,5011,71
2021-05-28,Orange,059,3164182,254815,254494,11713,266207,5047
2021-05-28,Placer,061,380077,23240,22987,1563,24550,293
2021-05-28,Plumas,063,18699,703,688,12,700,4
2021-05-28,Riverside,065,2383286,291472,288872,14709,303581,4442
2021-05-28,Sacramento,067,1510023,106275,106131,1830,107961,1642
2021-05-28,San Benito,069,59416,6060,6074,118,6192,63
2021-05-28,San Bernardino,071,2135413,292684,292905,9090,301995,4757
2021-05-28,San Diego,073,3302833,280616,280043,14951,294994,3756
2021-05-28,San Francisco,075,870044,36700,36987,1387,38374,546
2021-05-28,San Joaquin,077,732212,73060,72793,3734,76527,1383
2021-05-28,San Luis Obispo,079,281455,21225,21190,780,21970,256
2021-05-28,San Mateo,081,765935,42394,42364,487,42851,439
2021-05-28,Santa Barbara,083,443738,34494,34371,1237,35608,455
2021-05-28,Santa Clara,085,1922200,118237,119462,792,120254,2056
2021-05-28,Santa Cruz,087,273765,16172,16129,875,17004,207
2021-05-28,Shasta,089,179085,12334,12383,1632,14015,198
2021-05-28,Sierra,091,2930,55,54,14,68,0
2021-05-28,Siskiyou,093,43540,1917,1850,383,2233,19
2021-05-28,Solano,095,438530,32892,32892,562,33454,256
2021-05-28,Sonoma,097,501317,30156,30270,344,30614,321
2021-05-28,Stanislaus,099,539301,56265,56278,6176,62454,974
2021-05-28,Sutter,101,95872,9509,9511,92,9603,111
2021-05-28,Tehama,103,63373,5064,5064,610,5674,63
2021-05-28,Trinity,105,12862,370,328,68,396,3
2021-05-28,Tulare,107,460477,49683,49375,9534,58909,846
2021-05-28,Tuolumne,109,53932,4084,4090,36,4126,63
2021-05-28,Ventura,111,848112,81101,80985,3100,84085,1021
2021-05-28,Yolo,113,214977,14049,14050,338,14388,210
2021-05-28,Yuba,115,75493,6064,6050,126,6176,48
2021-05-27,Alameda,001,1643700,88212,88342,2052,90394,1274
2021-05-27,Alpine,003,1148,88,88,0,88,0
2021-05-27,Amador,005,37829,3683,3680,34,3714,46
2021-05-27,Butte,007,227075,12504,12401,1909,14310,190
2021-05-27,Calaveras,009,45235,2177,2163,14,2177,55
2021-05-27,Colusa,011,21464,1942,1952,319,2271,15
2021-05-27,Contra Costa,013,1133247,69631,69245,1346,70591,813
2021-05-27,Del Norte,015,27424,1392,1388,8,1396,8
2021-05-27,El Dorado,017,186661,10260,10248,764,11012,112
2021-05-27,Fresno,019,978130,102178,102413,9011,111424,1704
2021-05-27,Glenn,021,27897,2421,2415,576,2991,18
2021-05-27,Humboldt,023,135768,4281,4260,38,4298,42
2021-05-27,Imperial,025,180216,28502,28728,2912,31640,736
2021-05-27,Inyo,027,18085,1402,1404,4,1408,35
2021-05-27,Kern,029,883053,96936,96364,11360,107724,1322
2021-05-27,Kings,031,150075,23001,22953,1192,24145,245
2021-05-27,Lake,033,64148,3528,3509,9,3518,45
2021-05-27,Lassen,035,31185,5203,5170,119,5289,6
2021-05-27,Los Angeles,037,10098052,1202421,1201927,43822,1245749,24348
2021-05-27,Madera,039,155013,16559,16527,957,17484,240
2021-05-27,Marin,041,260295,14073,14061,265,14326,229
2021-05-27,Mariposa,043,17540,432,427,11,438,5
2021-05-27,Mendocino,045,87422,4001,3945,78,4023,47
2021-05-27,Merced,047,269075,31078,31161,996,32157,455
2021-05-27,Modoc,049,8938,379,374,130,504,3
2021-05-27,Mono,051,14174,1254,1276,12,1288,3
2021-05-27,Monterey,053,433212,43047,43032,1932,44964,379
2021-05-27,Napa,055,140530,9920,9934,35,9969,82
2021-05-27,Nevada,057,99092,4826,4807,196,5003,71
2021-05-27,Orange,059,3164182,254778,254438,11708,266146,5059
2021-05-27,Placer,061,380077,23231,22966,1563,24529,293
2021-05-27,Plumas,063,18699,703,687,12,699,4
2021-05-27,Riverside,065,2383286,291437,288835,14704,303539,4443
2021-05-27,Sacramento,067,1510023,106201,106015,1828,107843,1642
2021-05-27,San Benito,069,59416,6059,6074,118,6192,63
2021-05-27,San Bernardino,071,2135413,292647,292755,9088,301843,4756
2021-05-27,San Diego,073,3302833,280542,279960,14937,294897,3756
2021-05-27,San Francisco,075,870044,36695,36980,1383,38363,546
2021-05-27,San Joaquin,077,732212,73028,72714,3730,76444,1388
2021-05-27,San Luis Obispo,079,281455,21222,21171,780,21951,256
2021-05-27,San Mateo,081,765935,42385,42345,487,42832,436
2021-05-27,Santa Barbara,083,443738,34490,34355,1237,35592,456
2021-05-27,Santa Clara,085,1922200,118218,119452,792,120244,2053
2021-05-27,Santa Cruz,087,273765,16169,16134,875,17009,207
2021-05-27,Shasta,089,179085,12323,12380,1632,14012,202
2021-05-27,Sierra,091,2930,55,54,14,68,0
2021-05-27,Siskiyou,093,43540,1914,1846,383,2229,18
2021-05-27,Solano,095,438530,32851,32855,561,33416,257
2021-05-27,Sonoma,097,501317,30129,30253,340,30593,321
2021-05-27,Stanislaus,099,539301,56237,56207,6175,62382,974
2021-05-27,Sutter,101,95872,9505,9501,92,9593,111
2021-05-27,Tehama,103,63373,5061,5064,609,5673,63
2021-05-27,Trinity,105,12862,370,328,68,396,3
2021-05-27,Tulare,107,460477,49669,49366,9525,58891,840
2021-05-27,Tuolumne,109,53932,4083,4090,36,4126,66
2021-05-27,Ventura,111,848112,81088,80965,3097,84062,1023
2021-05-27,Yolo,113,214977,14046,14036,337,14373,213
2021-05-27,Yuba,115,75493,6059,6040,125,6165,48
2021-05-26,Alameda,001,1643700,88183,88297,2052,90349,1266
2021-05-26,Alpine,003,1148,88,88,0,88,0
2021-05-26,Amador,005,37829,3683,3679,34,3713,46
2021-05-26,Butte,007,227075,12495,12332,1908,14240,190
2021-05-26,Calaveras,009,45235,2175,2154,14,2168,55
2021-05-26,Colusa,011,21464,1941,1952,319,2271,15
2021-05-26,Contra Costa,013,1133247,69594,69210,1346,70556,812
2021-05-26,Del Norte,015,27424,1392,1386,7,1393,8
2021-05-26,El Dorado,017,186661,10256,10242,763,11005,112
2021-05-26,Fresno,019,978130,102146,102374,9006,111380,1702
2021-05-26,Glenn,021,27897,2420,2415,576,2991,18
2021-05-26,Humboldt,023,135768,4276,4246,38,4284,42
2021-05-26,Imperial,025,180216,28497,28712,2910,31622,734
2021-05-26,Inyo,027,18085,1402,1403,4,1407,36
2021-05-26,Kern,029,883053,96911,96343,11352,107695,1320
2021-05-26,Kings,031,150075,22997,22950,1191,24141,245
2021-05-26,Lake,033,64148,3527,3508,9,3517,45
2021-05-26,Lassen,035,31185,5202,5164,119,5283,6
2021-05-26,Los Angeles,037,10098052,1202257,1198100,43804,1241904,24221
2021-05-26,Madera,039,155013,16557,16520,957,17477,240
2021-05-26,Marin,041,260295,14070,14061,264,14325,227
2021-05-26,Mariposa,043,17540,432,427,11,438,5
2021-05-26,Mendocino,045,87422,3995,3938,78,4016,47
2021-05-26,Merced,047,269075,31069,31139,996,32135,455
2021-05-26,Modoc,049,8938,379,371,129,500,3
2021-05-26,Mono,051,14174,1254,1274,12,1286,3
2021-05-26,Monterey,053,433212,43041,43018,1931,44949,379
2021-05-26,Napa,055,140530,9913,9932,33,9965,82
2021-05-26,Nevada,057,99092,4821,4803,196,4999,70
2021-05-26,Orange,059,3164182,254743,254368,11704,266072,5058
2021-05-26,Placer,061,380077,23207,22940,1563,24503,293
2021-05-26,Plumas,063,18699,702,685,12,697,4
2021-05-26,Riverside,065,2383286,291391,288782,14697,303479,4443
2021-05-26,Sacramento,067,1510023,106115,105919,1824,107743,1637
2021-05-26,San Benito,069,59416,6059,6074,118,6192,63
2021-05-26,San Bernardino,071,2135413,292612,292662,9087,301749,4755
2021-05-26,San Diego,073,3302833,280467,279859,14927,294786,3755
2021-05-26,San Francisco,075,870044,36683,36954,1383,38337,546
2021-05-26,San Joaquin,077,732212,72987,72681,3727,76408,1388
2021-05-26,San Luis Obispo,079,281455,21217,21163,780,21943,256
2021-05-26,San Mateo,081,765935,42376,42331,486,42817,436
2021-05-26,Santa Barbara,083,443738,34481,34348,1237,35585,459
2021-05-26,Santa Clara,085,1922200,118190,119421,791,120212,2031
2021-05-26,Santa Cruz,087,273765,16168,16139,875,17014,207
2021-05-26,Shasta,089,179085,12309,12357,1629,13986,202
2021-05-26,Sierra,091,2930,55,54,14,68,0
2021-05-26,Siskiyou,093,43540,1912,1847,381,2228,18
2021-05-26,Solano,095,438530,32815,32831,561,33392,257
2021-05-26,Sonoma,097,501317,30103,30230,340,30570,321
2021-05-26,Stanislaus,099,539301,56215,56193,6172,62365,974
2021-05-26,Sutter,101,95872,9500,9495,92,9587,112
2021-05-26,Tehama,103,63373,5060,5054,606,5660,63
2021-05-26,Trinity,105,12862,370,328,68,396,3
2021-05-26,Tulare,107,460477,49662,49352,9521,58873,839
2021-05-26,Tuolumne,109,53932,4079,4088,35,4123,66
2021-05-26,Ventura,111,848112,81065,80944,3095,84039,1023
2021-05-26,Yolo,113,214977,14043,14025,337,14362,213
2021-05-26,Yuba,115,75493,6054,6036,125,6161,49
2021-05-25,Alameda,001,1643700,88154,88237,2052,90289,1263
2021-05-25,Alpine,003,1148,88,88,0,88,0
2021-05-25,Amador,005,37829,3678,3676,34,3710,46
2021-05-25,Butte,007,227075,12484,12295,1907,14202,189
2021-05-25,Calaveras,009,45235,2173,2148,14,2162,55
2021-05-25,Colusa,011,21464,1940,1949,319,2268,15
2021-05-25,Contra Costa,013,1133247,69541,69167,1341,70508,809
2021-05-25,Del Norte,015,27424,1392,1385,7,1392,8
2021-05-25,El Dorado,017,186661,10249,10240,762,11002,112
2021-05-25,Fresno,019,978130,102124,102329,9006,111335,1701
2021-05-25,Glenn,021,27897,2419,2414,575,2989,17
2021-05-25,Humboldt,023,135768,4269,4231,36,4267,42
2021-05-25,Imperial,025,180216,28490,28586,2910,31496,735
2021-05-25,Inyo,027,18085,1402,1402,4,1406,36
2021-05-25,Kern,029,883053,96880,96319,11338,107657,1319
2021-05-25,Kings,031,150075,22991,22944,1190,24134,245
2021-05-25,Lake,033,64148,3526,3508,9,3517,44
2021-05-25,Lassen,035,31185,5198,5164,119,5283,6
2021-05-25,Los Angeles,037,10098052,1202083,1197940,43785,1241725,24212
2021-05-25,Madera,039,155013,16551,16519,956,17475,240
2021-05-25,Marin,041,260295,14064,14053,264,14317,227
2021-05-25,Mariposa,043,17540,431,427,11,438,5
2021-05-25,Mendocino,045,87422,3990,3928,78,4006,47
2021-05-25,Merced,047,269075,31048,31132,996,32128,455
2021-05-25,Modoc,049,8938,378,367,129,496,3
2021-05-25,Mono,051,14174,1254,1274,12,1286,3
2021-05-25,Monterey,053,433212,43037,43012,1930,44942,379
2021-05-25,Napa,055,140530,9911,9926,33,9959,82
2021-05-25,Nevada,057,99092,4815,4795,196,4991,70
2021-05-25,Orange,059,3164182,254714,254321,11703,266024,5057
2021-05-25,Placer,061,380077,23196,22920,1561,24481,292
2021-05-25,Plumas,063,18699,702,684,12,696,4
2021-05-25,Riverside,065,2383286,291352,288725,14694,303419,4443
2021-05-25,Sacramento,067,1510023,106034,105828,1820,107648,1633
2021-05-25,San Benito,069,59416,6059,6073,118,6191,63
2021-05-25,San Bernardino,071,2135413,292553,292485,9086,301571,4755
2021-05-25,San Diego,073,3302833,280388,279786,14922,294708,3753
2021-05-25,San Francisco,075,870044,36660,36939,1383,38322,546
2021-05-25,San Joaquin,077,732212,72947,72628,3723,76351,1387
2021-05-25,San Luis Obispo,079,281455,21214,21153,780,21933,256
2021-05-25,San Mateo,081,765935,42366,42268,486,42754,435
2021-05-25,Santa Barbara,083,443738,34478,34337,1237,35574,459
2021-05-25,Santa Clara,085,1922200,118165,119393,790,120183,2032
2021-05-25,Santa Cruz,087,273765,16163,16141,875,17016,207
2021-05-25,Shasta,089,179085,12299,12328,1626,13954,202
2021-05-25,Sierra,091,2930,54,54,14,68,0
2021-05-25,Siskiyou,093,43540,1911,1845,380,2225,18
2021-05-25,Solano,095,438530,32797,32817,560,33377,256
2021-05-25,Sonoma,097,501317,30074,30207,339,30546,321
2021-05-25,Stanislaus,099,539301,56178,56168,6170,62338,974
2021-05-25,Sutter,101,95872,9496,9495,92,9587,112
2021-05-25,Tehama,103,63373,5058,5048,605,5653,63
2021-05-25,Trinity,105,12862,370,328,67,395,3
2021-05-25,Tulare,107,460477,49652,49326,9513,58839,838
2021-05-25,Tuolumne,109,53932,4079,4084,35,4119,66
2021-05-25,Ventura,111,848112,81047,80905,3095,84000,1022
2021-05-25,Yolo,113,214977,14036,14018,335,14353,213
2021-05-25,Yuba,115,75493,6047,6028,125,6153,49
2021-05-24,Alameda,001,1643700,88092,88182,2051,90233,1263
2021-05-24,Alpine,003,1148,88,88,0,88,0
2021-05-24,Amador,005,37829,3676,3675,34,3709,46
2021-05-24,Butte,007,227075,12471,12279,1904,14183,189
2021-05-24,Calaveras,009,45235,2172,2146,14,2160,54
2021-05-24,Colusa,011,21464,1940,1949,319,2268,15
2021-05-24,Contra Costa,013,1133247,69502,69107,1337,70444,809
2021-05-24,Del Norte,015,27424,1391,1384,7,1391,8
2021-05-24,El Dorado,017,186661,10239,10227,761,10988,112
2021-05-24,Fresno,019,978130,102084,102289,9004,111293,1698
2021-05-24,Glenn,021,27897,2419,2413,575,2988,17
2021-05-24,Humboldt,023,135768,4262,4225,36,4261,42
2021-05-24,Imperial,025,180216,28488,28575,2910,31485,735
2021-05-24,Inyo,027,18085,1402,1402,4,1406,36
2021-05-24,Kern,029,883053,96853,96296,11333,107629,1319
2021-05-24,Kings,031,150075,22987,22940,1190,24130,246
2021-05-24,Lake,033,64148,3524,3506,9,3515,43
2021-05-24,Lassen,035,31185,5194,5163,119,5282,6
2021-05-24,Los Angeles,037,10098052,1201910,1197782,43770,1241552,24201
2021-05-24,Madera,039,155013,16548,16513,955,17468,239
2021-05-24,Marin,041,260295,14062,14051,264,14315,227
2021-05-24,Mariposa,043,17540,430,427,11,438,5
2021-05-24,Mendocino,045,87422,3988,3919,78,3997,47
2021-05-24,Merced,047,269075,31038,31128,995,32123,455
2021-05-24,Modoc,049,8938,378,366,128,494,3
2021-05-24,Mono,051,14174,1254,1270,12,1282,3
2021-05-24,Monterey,053,433212,43032,43005,1929,44934,379
2021-05-24,Napa,055,140530,9911,9924,33,9957,82
2021-05-24,Nevada,057,99092,4812,4790,196,4986,70
2021-05-24,Orange,059,3164182,254680,254287,11693,265980,5056
2021-05-24,Placer,061,380077,23176,22895,1560,24455,292
2021-05-24,Plumas,063,18699,701,683,12,695,4
2021-05-24,Riverside,065,2383286,291299,288669,14683,303352,4442
2021-05-24,Sacramento,067,1510023,105919,105716,1819,107535,1632
2021-05-24,San Benito,069,59416,6059,6072,118,6190,63
2021-05-24,San Bernardino,071,2135413,292515,292343,9085,301428,4747
2021-05-24,San Diego,073,3302833,280279,279715,14912,294627,3749
2021-05-24,San Francisco,075,870044,36641,36934,1382,38316,547
2021-05-24,San Joaquin,077,732212,72915,72586,3722,76308,1371
2021-05-24,San Luis Obispo,079,281455,21196,21146,779,21925,256
2021-05-24,San Mateo,081,765935,42356,42249,486,42735,433
2021-05-24,Santa Barbara,083,443738,34473,34322,1237,35559,459
2021-05-24,Santa Clara,085,1922200,118133,119358,790,120148,2030
2021-05-24,Santa Cruz,087,273765,16158,16135,875,17010,207
2021-05-24,Shasta,089,179085,12283,12315,1623,13938,201
2021-05-24,Sierra,091,2930,54,54,14,68,0
2021-05-24,Siskiyou,093,43540,1908,1840,380,2220,17
2021-05-24,Solano,095,438530,32773,32792,559,33351,254
2021-05-24,Sonoma,097,501317,30059,30187,339,30526,321
2021-05-24,Stanislaus,099,539301,56144,56128,6166,62294,974
2021-05-24,Sutter,101,95872,9490,9486,92,9578,113
2021-05-24,Tehama,103,63373,5055,5043,603,5646,63
2021-05-24,Trinity,105,12862,370,328,67,395,3
2021-05-24,Tulare,107,460477,49645,49318,9509,58827,838
2021-05-24,Tuolumne,109,53932,4079,4083,35,4118,65
2021-05-24,Ventura,111,848112,81034,80876,3093,83969,1022
2021-05-24,Yolo,113,214977,14019,14012,332,14344,213
2021-05-24,Yuba,115,75493,6038,6022,125,6147,49
2021-05-23,Alameda,001,1643700,88021,88157,2048,90205,1263
2021-05-23,Alpine,003,1148,88,88,0,88,0
2021-05-23,Amador,005,37829,3675,3673,34,3707,46
2021-05-23,Butte,007,227075,12457,12271,1903,14174,189
2021-05-23,Calaveras,009,45235,2162,2144,14,2158,54
2021-05-23,Colusa,011,21464,1940,1949,317,2266,15
2021-05-23,Contra Costa,013,1133247,69457,69075,1335,70410,809
2021-05-23,Del Norte,015,27424,1387,1383,7,1390,8
2021-05-23,El Dorado,017,186661,10233,10222,761,10983,112
2021-05-23,Fresno,019,978130,102040,102270,8999,111269,1698
2021-05-23,Glenn,021,27897,2417,2413,575,2988,17
2021-05-23,Humboldt,023,135768,4244,4216,36,4252,42
2021-05-23,Imperial,025,180216,28482,28569,2909,31478,735
2021-05-23,Inyo,027,18085,1402,1402,4,1406,36
2021-05-23,Kern,029,883053,96831,96282,11324,107606,1319
2021-05-23,Kings,031,150075,22974,22939,1188,24127,246
2021-05-23,Lake,033,64148,3521,3504,9,3513,43
2021-05-23,Lassen,035,31185,5190,5163,118,5281,6
2021-05-23,Los Angeles,037,10098052,1201728,1197633,43756,1241389,24197
2021-05-23,Madera,039,155013,16543,16504,954,17458,239
2021-05-23,Marin,041,260295,14053,14048,264,14312,227
2021-05-23,Mariposa,043,17540,430,427,11,438,5
2021-05-23,Mendocino,045,87422,3982,3913,77,3990,47
2021-05-23,Merced,047,269075,31028,31118,995,32113,455
2021-05-23,Modoc,049,8938,374,366,128,494,3
2021-05-23,Mono,051,14174,1253,1270,12,1282,3
2021-05-23,Monterey,053,433212,43022,43003,1929,44932,379
2021-05-23,Napa,055,140530,9907,9923,33,9956,82
2021-05-23,Nevada,057,99092,4802,4790,196,4986,70
2021-05-23,Orange,059,3164182,254642,254277,11686,265963,5050
2021-05-23,Placer,061,380077,23157,22888,1560,24448,292
2021-05-23,Plumas,063,18699,700,683,12,695,4
2021-05-23,Riverside,065,2383286,291232,288641,14679,303320,4442
2021-05-23,Sacramento,067,1510023,105801,105663,1817,107480,1632
2021-05-23,San Benito,069,59416,6058,6072,118,6190,63
2021-05-23,San Bernardino,071,2135413,292465,292327,9083,301410,4747
2021-05-23,San Diego,073,3302833,280189,279690,14901,294591,3751
2021-05-23,San Francisco,075,870044,36630,36927,1381,38308,547
2021-05-23,San Joaquin,077,732212,72866,72571,3720,76291,1371
2021-05-23,San Luis Obispo,079,281455,21186,21141,778,21919,256
2021-05-23,San Mateo,081,765935,42339,42248,486,42734,433
2021-05-23,Santa Barbara,083,443738,34466,34319,1237,35556,459
2021-05-23,Santa Clara,085,1922200,118109,119333,790,120123,2030
2021-05-23,Santa Cruz,087,273765,16155,16130,875,17005,207
2021-05-23,Shasta,089,179085,12266,12313,1620,13933,201
2021-05-23,Sierra,091,2930,54,54,14,68,0
2021-05-23,Siskiyou,093,43540,1903,1826,373,2199,17
2021-05-23,Solano,095,438530,32755,32780,558,33338,254
2021-05-23,Sonoma,097,501317,30030,30168,338,30506,321
2021-05-23,Stanislaus,099,539301,56093,56104,6163,62267,974
2021-05-23,Sutter,101,95872,9481,9479,92,9571,113
2021-05-23,Tehama,103,63373,5048,5041,601,5642,63
2021-05-23,Trinity,105,12862,370,328,67,395,3
2021-05-23,Tulare,107,460477,49631,49310,9505,58815,838
2021-05-23,Tuolumne,109,53932,4076,4081,35,4116,65
2021-05-23,Ventura,111,848112,81004,80872,3092,83964,1022
2021-05-23,Yolo,113,214977,14007,14004,329,14333,213
2021-05-23,Yuba,115,75493,6033,6017,125,6142,49
2021-05-22,Alameda,001,1643700,87996,88101,2047,90148,1263
2021-05-22,Alpine,003,1148,88,88,0,88,0
2021-05-22,Amador,005,37829,3674,3672,34,3706,46
2021-05-22,Butte,007,227075,12445,12265,1902,14167,189
2021-05-22,Calaveras,009,45235,2160,2141,14,2155,54
2021-05-22,Colusa,011,21464,1936,1949,316,2265,15
2021-05-22,Contra Costa,013,1133247,69424,69004,1334,70338,809
2021-05-22,Del Norte,015,27424,1386,1381,7,1388,8
2021-05-22,El Dorado,017,186661,10228,10215,761,10976,112
2021-05-22,Fresno,019,978130,102026,102238,8997,111235,1698
2021-05-22,Glenn,021,27897,2417,2412,575,2987,17
2021-05-22,Humboldt,023,135768,4235,4194,35,4229,42
2021-05-22,Imperial,025,180216,28473,28574,2909,31483,735
2021-05-22,Inyo,027,18085,1402,1402,4,1406,36
2021-05-22,Kern,029,883053,96819,96260,11317,107577,1319
2021-05-22,Kings,031,150075,22974,22936,1188,24124,246
2021-05-22,Lake,033,64148,3518,3502,9,3511,43
2021-05-22,Lassen,035,31185,5190,5163,118,5281,6
2021-05-22,Los Angeles,037,10098052,1201623,1197454,43747,1241201,24192
2021-05-22,Madera,039,155013,16540,16503,954,17457,239
2021-05-22,Marin,041,260295,14050,14043,264,14307,227
2021-05-22,Mariposa,043,17540,430,427,11,438,5
2021-05-22,Mendocino,045,87422,3976,3908,77,3985,47
2021-05-22,Merced,047,269075,31018,31099,995,32094,455
2021-05-22,Modoc,049,8938,374,366,128,494,3
2021-05-22,Mono,051,14174,1251,1270,12,1282,3
2021-05-22,Monterey,053,433212,43016,42998,1929,44927,379
2021-05-22,Napa,055,140530,9905,9918,33,9951,82
2021-05-22,Nevada,057,99092,4795,4787,195,4982,70
2021-05-22,Orange,059,3164182,254621,254238,11680,265918,5048
2021-05-22,Placer,061,380077,23143,22865,1559,24424,292
2021-05-22,Plumas,063,18699,699,683,12,695,4
2021-05-22,Riverside,065,2383286,291202,288580,14678,303258,4442
2021-05-22,Sacramento,067,1510023,105727,105551,1814,107365,1632
2021-05-22,San Benito,069,59416,6058,6071,118,6189,63
2021-05-22,San Bernardino,071,2135413,292440,292292,9083,301375,4747
2021-05-22,San Diego,073,3302833,280130,279614,14893,294507,3751
2021-05-22,San Francisco,075,870044,36620,36906,1379,38285,547
2021-05-22,San Joaquin,077,732212,72844,72528,3717,76245,1371
2021-05-22,San Luis Obispo,079,281455,21178,21134,777,21911,256
2021-05-22,San Mateo,081,765935,42329,42218,486,42704,433
2021-05-22,Santa Barbara,083,443738,34462,34313,1236,35549,459
2021-05-22,Santa Clara,085,1922200,118086,119292,790,120082,2030
2021-05-22,Santa Cruz,087,273765,16155,16125,875,17000,207
2021-05-22,Shasta,089,179085,12260,12307,1617,13924,201
2021-05-22,Sierra,091,2930,54,54,14,68,0
2021-05-22,Siskiyou,093,43540,1902,1824,372,2196,17
2021-05-22,Solano,095,438530,32742,32753,558,33311,254
2021-05-22,Sonoma,097,501317,30017,30154,338,30492,321
2021-05-22,Stanislaus,099,539301,56068,56069,6161,62230,974
2021-05-22,Sutter,101,95872,9476,9476,92,9568,113
2021-05-22,Tehama,103,63373,5047,5036,601,5637,63
2021-05-22,Trinity,105,12862,370,328,67,395,3
2021-05-22,Tulare,107,460477,49625,49299,9500,58799,838
2021-05-22,Tuolumne,109,53932,4076,4078,35,4113,65
2021-05-22,Ventura,111,848112,81000,80859,3092,83951,1022
2021-05-22,Yolo,113,214977,14005,13997,329,14326,213
2021-05-22,Yuba,115,75493,6030,6010,125,6135,49
2021-05-21,Alameda,001,1643700,87969,88041,2046,90087,1263
2021-05-21,Alpine,003,1148,88,88,0,88,0
2021-05-21,Amador,005,37829,3671,3672,34,3706,46
2021-05-21,Butte,007,227075,12438,12236,1900,14136,188
2021-05-21,Calaveras,009,45235,2158,2138,14,2152,54
2021-05-21,Colusa,011,21464,1936,1947,316,2263,15
2021-05-21,Contra Costa,013,1133247,69381,68965,1333,70298,810
2021-05-21,Del Norte,015,27424,1385,1376,7,1383,8
2021-05-21,El Dorado,017,186661,10224,10204,761,10965,112
2021-05-21,Fresno,019,978130,101998,102189,8995,111184,1698
2021-05-21,Glenn,021,27897,2417,2408,575,2983,17
2021-05-21,Humboldt,023,135768,4228,4175,35,4210,42
2021-05-21,Imperial,025,180216,28466,28572,2908,31480,732
2021-05-21,Inyo,027,18085,1402,1402,4,1406,36
2021-05-21,Kern,029,883053,96805,96233,11310,107543,1318
2021-05-21,Kings,031,150075,22974,22927,1188,24115,246
2021-05-21,Lake,033,64148,3516,3500,9,3509,43
2021-05-21,Lassen,035,31185,5189,5161,118,5279,6
2021-05-21,Los Angeles,037,10098052,1201513,1197263,43738,1241001,24180
2021-05-21,Madera,039,155013,16539,16500,953,17453,238
2021-05-21,Marin,041,260295,14045,14042,264,14306,227
2021-05-21,Mariposa,043,17540,429,427,11,438,5
2021-05-21,Mendocino,045,87422,3970,3897,77,3974,47
2021-05-21,Merced,047,269075,31010,31076,995,32071,455
2021-05-21,Modoc,049,8938,374,365,128,493,3
2021-05-21,Mono,051,14174,1251,1269,12,1281,3
2021-05-21,Monterey,053,433212,43014,42995,1929,44924,379
2021-05-21,Napa,055,140530,9901,9913,33,9946,82
2021-05-21,Nevada,057,99092,4794,4779,195,4974,70
2021-05-21,Orange,059,3164182,254602,254171,11677,265848,5042
2021-05-21,Placer,061,380077,23135,22853,1559,24412,292
2021-05-21,Plumas,063,18699,699,683,11,694,4
2021-05-21,Riverside,065,2383286,291175,288499,14671,303170,4442
2021-05-21,Sacramento,067,1510023,105660,105476,1811,107287,1632
2021-05-21,San Benito,069,59416,6058,6068,118,6186,63
2021-05-21,San Bernardino,071,2135413,292409,292205,9080,301285,4744
2021-05-21,San Diego,073,3302833,280059,279554,14883,294437,3748
2021-05-21,San Francisco,075,870044,36614,36879,1379,38258,546
2021-05-21,San Joaquin,077,732212,72825,72467,3715,76182,1371
2021-05-21,San Luis Obispo,079,281455,21172,21128,774,21902,256
2021-05-21,San Mateo,081,765935,42316,42163,485,42648,432
2021-05-21,Santa Barbara,083,443738,34457,34302,1236,35538,459
2021-05-21,Santa Clara,085,1922200,118059,119247,790,120037,2029
2021-05-21,Santa Cruz,087,273765,16151,16120,875,16995,207
2021-05-21,Shasta,089,179085,12243,12289,1615,13904,201
2021-05-21,Sierra,091,2930,54,54,14,68,0
2021-05-21,Siskiyou,093,43540,1901,1815,372,2187,16
2021-05-21,Solano,095,438530,32727,32742,558,33300,254
2021-05-21,Sonoma,097,501317,30004,30126,338,30464,321
2021-05-21,Stanislaus,099,539301,56037,56036,6159,62195,975
2021-05-21,Sutter,101,95872,9474,9470,92,9562,113
2021-05-21,Tehama,103,63373,5041,5030,601,5631,63
2021-05-21,Trinity,105,12862,370,329,66,395,3
2021-05-21,Tulare,107,460477,49620,49271,9498,58769,838
2021-05-21,Tuolumne,109,53932,4074,4079,35,4114,65
2021-05-21,Ventura,111,848112,80992,80821,3089,83910,1021
2021-05-21,Yolo,113,214977,13998,13983,329,14312,213
2021-05-21,Yuba,115,75493,6024,6006,125,6131,49
2021-05-20,Alameda,001,1643700,87922,87975,2045,90020,1264
2021-05-20,Alpine,003,1148,88,88,0,88,0
2021-05-20,Amador,005,37829,3670,3671,34,3705,46
2021-05-20,Butte,007,227075,12431,12220,1897,14117,188
2021-05-20,Calaveras,009,45235,2154,2138,14,2152,54
2021-05-20,Colusa,011,21464,1935,1946,314,2260,15
2021-05-20,Contra Costa,013,1133247,69336,68913,1331,70244,809
2021-05-20,Del Norte,015,27424,1385,1373,7,1380,8
2021-05-20,El Dorado,017,186661,10215,10188,761,10949,112
2021-05-20,Fresno,019,978130,101977,102135,8993,111128,1696
2021-05-20,Glenn,021,27897,2414,2406,575,2981,17
2021-05-20,Humboldt,023,135768,4211,4162,35,4197,42
2021-05-20,Imperial,025,180216,28461,28551,2908,31459,732
2021-05-20,Inyo,027,18085,1402,1402,4,1406,36
2021-05-20,Kern,029,883053,96784,96204,11303,107507,1317
2021-05-20,Kings,031,150075,22972,22922,1188,24110,246
2021-05-20,Lake,033,64148,3513,3500,9,3509,43
2021-05-20,Lassen,035,31185,5187,5160,117,5277,6
2021-05-20,Los Angeles,037,10098052,1201359,1197073,43727,1240800,24168
2021-05-20,Madera,039,155013,16533,16499,951,17450,238
2021-05-20,Marin,041,260295,14041,14036,263,14299,227
2021-05-20,Mariposa,043,17540,429,426,11,437,5
2021-05-20,Mendocino,045,87422,3963,3897,77,3974,47
2021-05-20,Merced,047,269075,30997,31046,994,32040,454
2021-05-20,Modoc,049,8938,374,365,128,493,3
2021-05-20,Mono,051,14174,1250,1269,12,1281,3
2021-05-20,Monterey,053,433212,43008,42984,1928,44912,379
2021-05-20,Napa,055,140530,9898,9913,33,9946,82
2021-05-20,Nevada,057,99092,4793,4775,195,4970,70
2021-05-20,Orange,059,3164182,254558,254127,11674,265801,5038
2021-05-20,Placer,061,380077,23123,22823,1557,24380,292
2021-05-20,Plumas,063,18699,697,682,11,693,4
2021-05-20,Riverside,065,2383286,291130,288453,14666,303119,4442
2021-05-20,Sacramento,067,1510023,105565,105414,1807,107221,1629
2021-05-20,San Benito,069,59416,6057,6067,118,6185,63
2021-05-20,San Bernardino,071,2135413,292363,292153,9079,301232,4728
2021-05-20,San Diego,073,3302833,279971,279490,14871,294361,3749
2021-05-20,San Francisco,075,870044,36605,36860,1379,38239,546
2021-05-20,San Joaquin,077,732212,72787,72388,3714,76102,1371
2021-05-20,San Luis Obispo,079,281455,21160,21095,772,21867,256
2021-05-20,San Mateo,081,765935,42302,42152,483,42635,432
2021-05-20,Santa Barbara,083,443738,34453,34293,1236,35529,459
2021-05-20,Santa Clara,085,1922200,118038,119222,790,120012,2029
2021-05-20,Santa Cruz,087,273765,16146,16119,875,16994,207
2021-05-20,Shasta,089,179085,12231,12266,1611,13877,200
2021-05-20,Sierra,091,2930,54,54,14,68,0
2021-05-20,Siskiyou,093,43540,1894,1811,371,2182,16
2021-05-20,Solano,095,438530,32712,32725,558,33283,253
2021-05-20,Sonoma,097,501317,29987,30107,337,30444,321
2021-05-20,Stanislaus,099,539301,56006,55979,6157,62136,970
2021-05-20,Sutter,101,95872,9470,9467,92,9559,113
2021-05-20,Tehama,103,63373,5039,5029,601,5630,63
2021-05-20,Trinity,105,12862,370,329,65,394,3
2021-05-20,Tulare,107,460477,49609,49217,9495,58712,837
2021-05-20,Tuolumne,109,53932,4073,4077,35,4112,65
2021-05-20,Ventura,111,848112,80981,80800,3089,83889,1019
2021-05-20,Yolo,113,214977,13993,13973,329,14302,211
2021-05-20,Yuba,115,75493,6015,6002,125,6127,49
2021-05-19,Alameda,001,1643700,87881,87889,2043,89932,1260
2021-05-19,Alpine,003,1148,88,88,0,88,0
2021-05-19,Amador,005,37829,3670,3669,34,3703,46
2021-05-19,Butte,007,227075,12421,12198,1897,14095,188
2021-05-19,Calaveras,009,45235,2150,2132,14,2146,54
2021-05-19,Colusa,011,21464,1935,1945,312,2257,15
2021-05-19,Contra Costa,013,1133247,69289,68836,1331,70167,808
2021-05-19,Del Norte,015,27424,1383,1371,7,1378,8
2021-05-19,El Dorado,017,186661,10210,10179,760,10939,112
2021-05-19,Fresno,019,978130,101948,102085,8989,111074,1693
2021-05-19,Glenn,021,27897,2414,2404,575,2979,17
2021-05-19,Humboldt,023,135768,4201,4143,35,4178,42
2021-05-19,Imperial,025,180216,28452,28550,2908,31458,732
2021-05-19,Inyo,027,18085,1402,1402,4,1406,36
2021-05-19,Kern,029,883053,96757,96173,11295,107468,1316
2021-05-19,Kings,031,150075,22966,22919,1188,24107,246
2021-05-19,Lake,033,64148,3513,3497,9,3506,43
2021-05-19,Lassen,035,31185,5186,5157,117,5274,6
2021-05-19,Los Angeles,037,10098052,1201166,1196856,43712,1240568,24143
2021-05-19,Madera,039,155013,16530,16496,951,17447,238
2021-05-19,Marin,041,260295,14037,14033,261,14294,227
2021-05-19,Mariposa,043,17540,429,425,11,436,5
2021-05-19,Mendocino,045,87422,3959,3886,77,3963,47
2021-05-19,Merced,047,269075,30981,31044,994,32038,452
2021-05-19,Modoc,049,8938,374,364,126,490,3
2021-05-19,Mono,051,14174,1250,1266,12,1278,3
2021-05-19,Monterey,053,433212,43003,42973,1927,44900,379
2021-05-19,Napa,055,140530,9895,9906,33,9939,82
2021-05-19,Nevada,057,99092,4791,4769,195,4964,70
2021-05-19,Orange,059,3164182,254522,254087,11664,265751,5035
2021-05-19,Placer,061,380077,23105,22784,1551,24335,291
2021-05-19,Plumas,063,18699,697,682,11,693,4
2021-05-19,Riverside,065,2383286,291085,288398,14664,303062,4442
2021-05-19,Sacramento,067,1510023,105488,105225,1806,107031,1629
2021-05-19,San Benito,069,59416,6056,6064,118,6182,63
2021-05-19,San Bernardino,071,2135413,292319,292078,9076,301154,4725
2021-05-19,San Diego,073,3302833,279887,279345,14850,294195,3746
2021-05-19,San Francisco,075,870044,36592,36835,1378,38213,546
2021-05-19,San Joaquin,077,732212,72744,72338,3709,76047,1369
2021-05-19,San Luis Obispo,079,281455,21152,21085,771,21856,256
2021-05-19,San Mateo,081,765935,42295,42126,483,42609,429
2021-05-19,Santa Barbara,083,443738,34445,34292,1236,35528,459
2021-05-19,Santa Clara,085,1922200,117999,119176,789,119965,2015
2021-05-19,Santa Cruz,087,273765,16142,16121,874,16995,207
2021-05-19,Shasta,089,179085,12213,12233,1607,13840,200
2021-05-19,Sierra,091,2930,54,54,14,68,0
2021-05-19,Siskiyou,093,43540,1891,1803,370,2173,16
2021-05-19,Solano,095,438530,32685,32678,556,33234,253
2021-05-19,Sonoma,097,501317,29972,30080,337,30417,321
2021-05-19,Stanislaus,099,539301,55984,55912,6152,62064,967
2021-05-19,Sutter,101,95872,9463,9459,91,9550,113
2021-05-19,Tehama,103,63373,5031,5026,598,5624,63
2021-05-19,Trinity,105,12862,370,329,65,394,3
2021-05-19,Tulare,107,460477,49597,49163,9490,58653,837
2021-05-19,Tuolumne,109,53932,4073,4074,35,4109,64
2021-05-19,Ventura,111,848112,80965,80747,3088,83835,1019
2021-05-19,Yolo,113,214977,13987,13961,328,14289,211
2021-05-19,Yuba,115,75493,6011,5993,125,6118,49
2021-05-18,Alameda,001,1643700,87808,87816,2043,89859,1254
2021-05-18,Alpine,003,1148,88,88,0,88,0
2021-05-18,Amador,005,37829,3670,3669,34,3703,46
2021-05-18,Butte,007,227075,12409,12164,1894,14058,191
2021-05-18,Calaveras,009,45235,2146,2131,14,2145,54
2021-05-18,Colusa,011,21464,1935,1943,312,2255,14
2021-05-18,Contra Costa,013,1133247,69232,68750,1330,70080,808
2021-05-18,Del Norte,015,27424,1380,1371,7,1378,8
2021-05-18,El Dorado,017,186661,10199,10169,759,10928,112
2021-05-18,Fresno,019,978130,101912,102056,8986,111042,1690
2021-05-18,Glenn,021,27897,2408,2403,574,2977,17
2021-05-18,Humboldt,023,135768,4182,4132,35,4167,42
2021-05-18,Imperial,025,180216,28446,28538,2906,31444,730
2021-05-18,Inyo,027,18085,1402,1401,4,1405,36
2021-05-18,Kern,029,883053,96723,96128,11281,107409,1315
2021-05-18,Kings,031,150075,22960,22916,1188,24104,247
2021-05-18,Lake,033,64148,3511,3495,9,3504,43
2021-05-18,Lassen,035,31185,5185,5157,116,5273,6
2021-05-18,Los Angeles,037,10098052,1200989,1196668,43699,1240367,24133
2021-05-18,Madera,039,155013,16519,16491,951,17442,238
2021-05-18,Marin,041,260295,14034,14026,261,14287,227
2021-05-18,Mariposa,043,17540,429,424,11,435,5
2021-05-18,Mendocino,045,87422,3948,3877,76,3953,47
2021-05-18,Merced,047,269075,30963,31036,994,32030,452
2021-05-18,Modoc,049,8938,373,364,126,490,3
2021-05-18,Mono,051,14174,1249,1265,12,1277,3
2021-05-18,Monterey,053,433212,42997,43001,1927,44928,379
2021-05-18,Napa,055,140530,9895,9905,33,9938,82
2021-05-18,Nevada,057,99092,4784,4762,195,4957,70
2021-05-18,Orange,059,3164182,254482,254041,11654,265695,5031
2021-05-18,Placer,061,380077,23073,22726,1547,24273,291
2021-05-18,Plumas,063,18699,697,682,11,693,4
2021-05-18,Riverside,065,2383286,291033,288354,14657,303011,4438
2021-05-18,Sacramento,067,1510023,105389,105083,1804,106887,1629
2021-05-18,San Benito,069,59416,6055,6065,118,6183,63
2021-05-18,San Bernardino,071,2135413,292268,292014,9071,301085,4722
2021-05-18,San Diego,073,3302833,279779,279254,14841,294095,3742
2021-05-18,San Francisco,075,870044,36572,36818,1378,38196,546
2021-05-18,San Joaquin,077,732212,72698,72282,3705,75987,1368
2021-05-18,San Luis Obispo,079,281455,21142,21080,769,21849,256
2021-05-18,San Mateo,081,765935,42283,42099,482,42581,428
2021-05-18,Santa Barbara,083,443738,34436,34278,1236,35514,459
2021-05-18,Santa Clara,085,1922200,117972,119171,789,119960,2014
2021-05-18,Santa Cruz,087,273765,16134,16137,874,17011,207
2021-05-18,Shasta,089,179085,12195,12197,1601,13798,200
2021-05-18,Sierra,091,2930,54,54,14,68,0
2021-05-18,Siskiyou,093,43540,1890,1799,370,2169,16
2021-05-18,Solano,095,438530,32660,32644,556,33200,253
2021-05-18,Sonoma,097,501317,29952,30054,336,30390,321
2021-05-18,Stanislaus,099,539301,55946,55860,6152,62012,959
2021-05-18,Sutter,101,95872,9455,9453,91,9544,113
2021-05-18,Tehama,103,63373,5027,5020,595,5615,63
2021-05-18,Trinity,105,12862,370,329,64,393,3
2021-05-18,Tulare,107,460477,49589,49142,9485,58627,836
2021-05-18,Tuolumne,109,53932,4071,4073,35,4108,64
2021-05-18,Ventura,111,848112,80950,80726,3085,83811,1017
2021-05-18,Yolo,113,214977,13980,13951,327,14278,211
2021-05-18,Yuba,115,75493,6007,5989,124,6113,49
2021-05-17,Alameda,001,1643700,87756,87766,2040,89806,1253
2021-05-17,Alpine,003,1148,88,88,0,88,0
2021-05-17,Amador,005,37829,3667,3668,34,3702,46
2021-05-17,Butte,007,227075,12401,12144,1894,14038,192
2021-05-17,Calaveras,009,45235,2146,2131,14,2145,53
2021-05-17,Colusa,011,21464,1935,1943,312,2255,14
2021-05-17,Contra Costa,013,1133247,69177,68720,1329,70049,805
2021-05-17,Del Norte,015,27424,1375,1369,7,1376,8
2021-05-17,El Dorado,017,186661,10182,10163,759,10922,112
2021-05-17,Fresno,019,978130,101869,102013,8979,110992,1690
2021-05-17,Glenn,021,27897,2408,2401,574,2975,17
2021-05-17,Humboldt,023,135768,4171,4112,35,4147,42
2021-05-17,Imperial,025,180216,28441,28533,2903,31436,729
2021-05-17,Inyo,027,18085,1402,1401,4,1405,36
2021-05-17,Kern,029,883053,96694,96095,11264,107359,1315
2021-05-17,Kings,031,150075,22957,22918,1188,24106,246
2021-05-17,Lake,033,64148,3506,3489,9,3498,43
2021-05-17,Lassen,035,31185,5182,5156,115,5271,6
2021-05-17,Los Angeles,037,10098052,1200816,1196556,43693,1240249,24123
2021-05-17,Madera,039,155013,16515,16486,951,17437,238
2021-05-17,Marin,041,260295,14028,14021,261,14282,227
2021-05-17,Mariposa,043,17540,428,423,11,434,5
2021-05-17,Mendocino,045,87422,3939,3868,76,3944,46
2021-05-17,Merced,047,269075,30948,31031,994,32025,450
2021-05-17,Modoc,049,8938,372,362,126,488,3
2021-05-17,Mono,051,14174,1245,1265,12,1277,3
2021-05-17,Monterey,053,433212,42990,42995,1927,44922,379
2021-05-17,Napa,055,140530,9894,9894,33,9927,82
2021-05-17,Nevada,057,99092,4780,4761,194,4955,70
2021-05-17,Orange,059,3164182,254437,253993,11647,265640,5031
2021-05-17,Placer,061,380077,23048,22706,1540,24246,289
2021-05-17,Plumas,063,18699,697,682,11,693,4
2021-05-17,Riverside,065,2383286,290968,288304,14653,302957,4433
2021-05-17,Sacramento,067,1510023,105283,105035,1802,106837,1629
2021-05-17,San Benito,069,59416,6052,6067,118,6185,63
2021-05-17,San Bernardino,071,2135413,292220,291989,9064,301053,4724
2021-05-17,San Diego,073,3302833,279647,279146,14819,293965,3742
2021-05-17,San Francisco,075,870044,36560,36816,1376,38192,546
2021-05-17,San Joaquin,077,732212,72660,72234,3702,75936,1359
2021-05-17,San Luis Obispo,079,281455,21133,21079,767,21846,256
2021-05-17,San Mateo,081,765935,42255,42083,482,42565,428
2021-05-17,Santa Barbara,083,443738,34429,34275,1236,35511,459
2021-05-17,Santa Clara,085,1922200,117935,119116,787,119903,2015
2021-05-17,Santa Cruz,087,273765,16131,16151,874,17025,206
2021-05-17,Shasta,089,179085,12173,12163,1600,13763,200
2021-05-17,Sierra,091,2930,54,54,14,68,0
2021-05-17,Siskiyou,093,43540,1881,1795,367,2162,15
2021-05-17,Solano,095,438530,32642,32627,556,33183,253
2021-05-17,Sonoma,097,501317,29931,30043,335,30378,321
2021-05-17,Stanislaus,099,539301,55895,55839,6145,61984,951
2021-05-17,Sutter,101,95872,9448,9447,91,9538,113
2021-05-17,Tehama,103,63373,5024,5016,594,5610,63
2021-05-17,Trinity,105,12862,370,328,64,392,3
2021-05-17,Tulare,107,460477,49567,49107,9478,58585,836
2021-05-17,Tuolumne,109,53932,4071,4071,35,4106,64
2021-05-17,Ventura,111,848112,80930,80699,3085,83784,1017
2021-05-17,Yolo,113,214977,13974,13941,327,14268,211
2021-05-17,Yuba,115,75493,5999,5987,124,6111,49
2021-05-16,Alameda,001,1643700,87693,87743,2040,89783,1253
2021-05-16,Alpine,003,1148,88,88,0,88,0
2021-05-16,Amador,005,37829,3666,3667,34,3701,46
2021-05-16,Butte,007,227075,12387,12140,1894,14034,192
2021-05-16,Calaveras,009,45235,2144,2129,14,2143,53
2021-05-16,Colusa,011,21464,1933,1943,312,2255,14
2021-05-16,Contra Costa,013,1133247,69109,68694,1326,70020,805
2021-05-16,Del Norte,015,27424,1372,1365,7,1372,8
2021-05-16,El Dorado,017,186661,10166,10159,758,10917,112
2021-05-16,Fresno,019,978130,101825,101987,8973,110960,1690
2021-05-16,Glenn,021,27897,2408,2401,573,2974,17
2021-05-16,Humboldt,023,135768,4156,4104,35,4139,42
2021-05-16,Imperial,025,180216,28430,28516,2902,31418,729
2021-05-16,Inyo,027,18085,1402,1401,4,1405,36
2021-05-16,Kern,029,883053,96661,96083,11243,107326,1315
2021-05-16,Kings,031,150075,22953,22918,1185,24103,246
2021-05-16,Lake,033,64148,3503,3489,9,3498,43
2021-05-16,Lassen,035,31185,5181,5156,115,5271,6
2021-05-16,Los Angeles,037,10098052,1200598,1196397,43676,1240073,24120
2021-05-16,Madera,039,155013,16511,16483,948,17431,238
2021-05-16,Marin,041,260295,14025,14015,261,14276,227
2021-05-16,Mariposa,043,17540,428,423,11,434,5
2021-05-16,Mendocino,045,87422,3929,3863,76,3939,46
2021-05-16,Merced,047,269075,30925,31023,994,32017,450
2021-05-16,Modoc,049,8938,372,362,126,488,3
2021-05-16,Mono,051,14174,1245,1265,12,1277,3
2021-05-16,Monterey,053,433212,42985,42991,1927,44918,379
2021-05-16,Napa,055,140530,9891,9891,33,9924,82
2021-05-16,Nevada,057,99092,4776,4755,194,4949,70
2021-05-16,Orange,059,3164182,254404,253962,11644,265606,5031
2021-05-16,Placer,061,380077,23016,22696,1534,24230,289
2021-05-16,Plumas,063,18699,696,682,11,693,4
2021-05-16,Riverside,065,2383286,290896,288259,14643,302902,4433
2021-05-16,Sacramento,067,1510023,105169,105013,1800,106813,1628
2021-05-16,San Benito,069,59416,6051,6067,117,6184,63
2021-05-16,San Bernardino,071,2135413,292146,291940,9062,301002,4724
2021-05-16,San Diego,073,3302833,279529,279099,14806,293905,3742
2021-05-16,San Francisco,075,870044,36539,36808,1375,38183,546
2021-05-16,San Joaquin,077,732212,72612,72218,3697,75915,1359
2021-05-16,San Luis Obispo,079,281455,21126,21072,766,21838,256
2021-05-16,San Mateo,081,765935,42244,42063,481,42544,428
2021-05-16,Santa Barbara,083,443738,34422,34270,1236,35506,459
2021-05-16,Santa Clara,085,1922200,117906,119098,786,119884,2015
2021-05-16,Santa Cruz,087,273765,16129,16143,874,17017,206
2021-05-16,Shasta,089,179085,12157,12156,1596,13752,200
2021-05-16,Sierra,091,2930,54,54,14,68,0
2021-05-16,Siskiyou,093,43540,1877,1790,366,2156,15
2021-05-16,Solano,095,438530,32608,32619,554,33173,253
2021-05-16,Sonoma,097,501317,29912,30033,335,30368,321
2021-05-16,Stanislaus,099,539301,55840,55814,6133,61947,951
2021-05-16,Sutter,101,95872,9441,9445,91,9536,113
2021-05-16,Tehama,103,63373,5020,5013,593,5606,63
2021-05-16,Trinity,105,12862,370,328,64,392,3
2021-05-16,Tulare,107,460477,49551,49091,9474,58565,837
2021-05-16,Tuolumne,109,53932,4067,4070,35,4105,64
2021-05-16,Ventura,111,848112,80899,80689,3085,83774,1017
2021-05-16,Yolo,113,214977,13959,13938,327,14265,211
2021-05-16,Yuba,115,75493,5996,5987,124,6111,49
2021-05-15,Alameda,001,1643700,87667,87677,2039,89716,1252
2021-05-15,Alpine,003,1148,88,88,0,88,0
2021-05-15,Amador,005,37829,3666,3666,34,3700,46
2021-05-15,Butte,007,227075,12380,12095,1893,13988,192
2021-05-15,Calaveras,009,45235,2143,2126,14,2140,53
2021-05-15,Colusa,011,21464,1933,1941,310,2251,14
2021-05-15,Contra Costa,013,1133247,69063,68658,1326,69984,805
2021-05-15,Del Norte,015,27424,1367,1359,7,1366,8
2021-05-15,El Dorado,017,186661,10154,10156,757,10913,112
2021-05-15,Fresno,019,978130,101790,101957,8970,110927,1690
2021-05-15,Glenn,021,27897,2408,2400,573,2973,17
2021-05-15,Humboldt,023,135768,4146,4080,35,4115,42
2021-05-15,Imperial,025,180216,28427,28504,2901,31405,729
2021-05-15,Inyo,027,18085,1402,1402,4,1406,36
2021-05-15,Kern,029,883053,96648,96061,11227,107288,1315
2021-05-15,Kings,031,150075,22952,22913,1185,24098,246
2021-05-15,Lake,033,64148,3502,3485,9,3494,43
2021-05-15,Lassen,035,31185,5178,5156,114,5270,6
2021-05-15,Los Angeles,037,10098052,1200477,1196255,43662,1239917,24115
2021-05-15,Madera,039,155013,16508,16482,948,17430,238
2021-05-15,Marin,041,260295,14021,14012,261,14273,227
2021-05-15,Mariposa,043,17540,428,423,11,434,5
2021-05-15,Mendocino,045,87422,3926,3861,76,3937,46
2021-05-15,Merced,047,269075,30904,31012,994,32006,450
2021-05-15,Modoc,049,8938,372,362,126,488,3
2021-05-15,Mono,051,14174,1245,1265,12,1277,3
2021-05-15,Monterey,053,433212,42981,42982,1927,44909,379
2021-05-15,Napa,055,140530,9888,9887,33,9920,82
2021-05-15,Nevada,057,99092,4775,4755,194,4949,70
2021-05-15,Orange,059,3164182,254377,253919,11637,265556,5030
2021-05-15,Placer,061,380077,22995,22688,1534,24222,289
2021-05-15,Plumas,063,18699,696,681,11,692,4
2021-05-15,Riverside,065,2383286,290854,288203,14638,302841,4433
2021-05-15,Sacramento,067,1510023,105096,104929,1797,106726,1628
2021-05-15,San Benito,069,59416,6051,6066,117,6183,63
2021-05-15,San Bernardino,071,2135413,292104,291892,9060,300952,4724
2021-05-15,San Diego,073,3302833,279458,278991,14791,293782,3737
2021-05-15,San Francisco,075,870044,36523,36795,1373,38168,546
2021-05-15,San Joaquin,077,732212,72586,72197,3695,75892,1359
2021-05-15,San Luis Obispo,079,281455,21123,21061,765,21826,256
2021-05-15,San Mateo,081,765935,42228,42059,481,42540,428
2021-05-15,Santa Barbara,083,443738,34415,34259,1236,35495,459
2021-05-15,Santa Clara,085,1922200,117886,119060,786,119846,2016
2021-05-15,Santa Cruz,087,273765,16125,16137,874,17011,206
2021-05-15,Shasta,089,179085,12145,12152,1593,13745,200
2021-05-15,Sierra,091,2930,54,54,14,68,0
2021-05-15,Siskiyou,093,43540,1871,1788,364,2152,15
2021-05-15,Solano,095,438530,32599,32604,553,33157,253
2021-05-15,Sonoma,097,501317,29893,30020,335,30355,321
2021-05-15,Stanislaus,099,539301,55808,55795,6126,61921,952
2021-05-15,Sutter,101,95872,9439,9436,91,9527,113
2021-05-15,Tehama,103,63373,5016,5012,591,5603,63
2021-05-15,Trinity,105,12862,370,328,64,392,3
2021-05-15,Tulare,107,460477,49542,49080,9469,58549,837
2021-05-15,Tuolumne,109,53932,4065,4064,35,4099,63
2021-05-15,Ventura,111,848112,80888,80662,3085,83747,1017
2021-05-15,Yolo,113,214977,13952,13932,326,14258,211
2021-05-15,Yuba,115,75493,5993,5979,124,6103,49
2021-05-14,Alameda,001,1643700,87633,87621,2037,89658,1249
2021-05-14,Alpine,003,1148,88,88,0,88,0
2021-05-14,Amador,005,37829,3666,3665,34,3699,46
2021-05-14,Butte,007,227075,12371,12076,1890,13966,192
2021-05-14,Calaveras,009,45235,2139,2121,14,2135,53
2021-05-14,Colusa,011,21464,1932,1940,309,2249,14
2021-05-14,Contra Costa,013,1133247,69021,68589,1324,69913,806
2021-05-14,Del Norte,015,27424,1367,1355,7,1362,8
2021-05-14,El Dorado,017,186661,10147,10143,756,10899,113
2021-05-14,Fresno,019,978130,101761,101917,8964,110881,1688
2021-05-14,Glenn,021,27897,2407,2398,573,2971,17
2021-05-14,Humboldt,023,135768,4138,4050,35,4085,37
2021-05-14,Imperial,025,180216,28420,28485,2900,31385,728
2021-05-14,Inyo,027,18085,1402,1400,4,1404,36
2021-05-14,Kern,029,883053,96618,96033,11218,107251,1311
2021-05-14,Kings,031,150075,22951,22910,1185,24095,246
2021-05-14,Lake,033,64148,3498,3483,9,3492,43
2021-05-14,Lassen,035,31185,5178,5154,114,5268,6
2021-05-14,Los Angeles,037,10098052,1200344,1196038,43657,1239695,24101
2021-05-14,Madera,039,155013,16505,16474,948,17422,238
2021-05-14,Marin,041,260295,14017,14010,261,14271,227
2021-05-14,Mariposa,043,17540,428,422,11,433,5
2021-05-14,Mendocino,045,87422,3924,3855,76,3931,46
2021-05-14,Merced,047,269075,30894,31010,994,32004,450
2021-05-14,Modoc,049,8938,372,362,126,488,3
2021-05-14,Mono,051,14174,1244,1265,12,1277,3
2021-05-14,Monterey,053,433212,42976,42973,1927,44900,380
2021-05-14,Napa,055,140530,9885,9883,33,9916,82
2021-05-14,Nevada,057,99092,4770,4745,194,4939,70
2021-05-14,Orange,059,3164182,254344,253855,11630,265485,5028
2021-05-14,Placer,061,380077,22976,22660,1528,24188,287
2021-05-14,Plumas,063,18699,695,680,11,691,4
2021-05-14,Riverside,065,2383286,290804,288140,14635,302775,4433
2021-05-14,Sacramento,067,1510023,105008,104828,1796,106624,1627
2021-05-14,San Benito,069,59416,6051,6064,117,6181,63
2021-05-14,San Bernardino,071,2135413,292056,291834,9060,300894,4721
2021-05-14,San Diego,073,3302833,279386,278853,14779,293632,3732
2021-05-14,San Francisco,075,870044,36514,36771,1369,38140,545
2021-05-14,San Joaquin,077,732212,72553,72160,3688,75848,1359
2021-05-14,San Luis Obispo,079,281455,21120,21051,764,21815,256
2021-05-14,San Mateo,081,765935,42217,42041,481,42522,428
2021-05-14,Santa Barbara,083,443738,34405,34243,1236,35479,456
2021-05-14,Santa Clara,085,1922200,117857,119006,786,119792,2014
2021-05-14,Santa Cruz,087,273765,16120,16130,874,17004,207
2021-05-14,Shasta,089,179085,12139,12130,1588,13718,200
2021-05-14,Sierra,091,2930,54,54,14,68,0
2021-05-14,Siskiyou,093,43540,1864,1779,363,2142,14
2021-05-14,Solano,095,438530,32579,32585,552,33137,252
2021-05-14,Sonoma,097,501317,29875,30007,335,30342,321
2021-05-14,Stanislaus,099,539301,55772,55752,6120,61872,950
2021-05-14,Sutter,101,95872,9430,9433,89,9522,113
2021-05-14,Tehama,103,63373,5009,5005,591,5596,63
2021-05-14,Trinity,105,12862,370,328,64,392,3
2021-05-14,Tulare,107,460477,49526,49060,9463,58523,836
2021-05-14,Tuolumne,109,53932,4065,4060,35,4095,63
2021-05-14,Ventura,111,848112,80874,80628,3085,83713,1014
2021-05-14,Yolo,113,214977,13947,13922,322,14244,210
2021-05-14,Yuba,115,75493,5989,5970,124,6094,47
2021-05-13,Alameda,001,1643700,87588,87557,2036,89593,1250
2021-05-13,Alpine,003,1148,88,88,0,88,0
2021-05-13,Amador,005,37829,3666,3662,34,3696,46
2021-05-13,Butte,007,227075,12358,12051,1889,13940,196
2021-05-13,Calaveras,009,45235,2139,2120,14,2134,53
2021-05-13,Colusa,011,21464,1931,1939,305,2244,14
2021-05-13,Contra Costa,013,1133247,68973,68522,1323,69845,806
2021-05-13,Del Norte,015,27424,1365,1354,7,1361,8
2021-05-13,El Dorado,017,186661,10145,10133,756,10889,112
2021-05-13,Fresno,019,978130,101732,101862,8963,110825,1687
2021-05-13,Glenn,021,27897,2406,2395,573,2968,17
2021-05-13,Humboldt,023,135768,4120,4027,35,4062,37
2021-05-13,Imperial,025,180216,28405,28468,2898,31366,729
2021-05-13,Inyo,027,18085,1402,1400,4,1404,36
2021-05-13,Kern,029,883053,96595,95996,11199,107195,1311
2021-05-13,Kings,031,150075,22950,22904,1185,24089,246
2021-05-13,Lake,033,64148,3496,3479,9,3488,43
2021-05-13,Lassen,035,31185,5178,5152,113,5265,6
2021-05-13,Los Angeles,037,10098052,1200155,1195504,43643,1239147,24083
2021-05-13,Madera,039,155013,16498,16467,948,17415,238
2021-05-13,Marin,041,260295,14012,14004,259,14263,227
2021-05-13,Mariposa,043,17540,428,422,11,433,5
2021-05-13,Mendocino,045,87422,3920,3846,76,3922,46
2021-05-13,Merced,047,269075,30886,30989,994,31983,450
2021-05-13,Modoc,049,8938,372,362,126,488,3
2021-05-13,Mono,051,14174,1244,1265,12,1277,3
2021-05-13,Monterey,053,433212,42962,42966,1926,44892,380
2021-05-13,Napa,055,140530,9878,9877,33,9910,82
2021-05-13,Nevada,057,99092,4766,4743,193,4936,70
2021-05-13,Orange,059,3164182,254301,253778,11628,265406,5026
2021-05-13,Placer,061,380077,22951,22668,1521,24189,288
2021-05-13,Plumas,063,18699,695,680,11,691,4
2021-05-13,Riverside,065,2383286,290744,288067,14632,302699,4433
2021-05-13,Sacramento,067,1510023,104923,104711,1793,106504,1626
2021-05-13,San Benito,069,59416,6049,6062,117,6179,63
2021-05-13,San Bernardino,071,2135413,291991,291765,9060,300825,4722
2021-05-13,San Diego,073,3302833,279272,278592,14762,293354,3729
2021-05-13,San Francisco,075,870044,36490,36741,1367,38108,544
2021-05-13,San Joaquin,077,732212,72511,72096,3684,75780,1357
2021-05-13,San Luis Obispo,079,281455,21105,21043,763,21806,255
2021-05-13,San Mateo,081,765935,42200,42059,481,42540,426
2021-05-13,Santa Barbara,083,443738,34393,34242,1236,35478,456
2021-05-13,Santa Clara,085,1922200,117831,118952,786,119738,2013
2021-05-13,Santa Cruz,087,273765,16114,16129,874,17003,208
2021-05-13,Shasta,089,179085,12119,12111,1584,13695,200
2021-05-13,Sierra,091,2930,54,54,14,68,0
2021-05-13,Siskiyou,093,43540,1857,1769,360,2129,14
2021-05-13,Solano,095,438530,32566,32548,550,33098,252
2021-05-13,Sonoma,097,501317,29850,29991,335,30326,321
2021-05-13,Stanislaus,099,539301,55735,55678,6114,61792,949
2021-05-13,Sutter,101,95872,9426,9431,87,9518,112
2021-05-13,Tehama,103,63373,5004,4997,591,5588,63
2021-05-13,Trinity,105,12862,370,327,63,390,3
2021-05-13,Tulare,107,460477,49501,49032,9454,58486,837
2021-05-13,Tuolumne,109,53932,4064,4059,35,4094,63
2021-05-13,Ventura,111,848112,80844,80615,3084,83699,1012
2021-05-13,Yolo,113,214977,13938,13914,320,14234,210
2021-05-13,Yuba,115,75493,5980,5962,124,6086,47
2021-05-12,Alameda,001,1643700,87554,87482,2034,89516,1261
2021-05-12,Alpine,003,1148,88,88,0,88,0
2021-05-12,Amador,005,37829,3666,3658,34,3692,46
2021-05-12,Butte,007,227075,12348,12026,1889,13915,199
2021-05-12,Calaveras,009,45235,2136,2119,14,2133,53
2021-05-12,Colusa,011,21464,1929,1939,304,2243,14
2021-05-12,Contra Costa,013,1133247,68914,68462,1317,69779,805
2021-05-12,Del Norte,015,27424,1363,1352,7,1359,8
2021-05-12,El Dorado,017,186661,10136,10123,756,10879,112
2021-05-12,Fresno,019,978130,101684,101838,8952,110790,1688
2021-05-12,Glenn,021,27897,2403,2391,573,2964,17
2021-05-12,Humboldt,023,135768,4092,3982,35,4017,37
2021-05-12,Imperial,025,180216,28387,28443,2895,31338,726
2021-05-12,Inyo,027,18085,1402,1400,4,1404,36
2021-05-12,Kern,029,883053,96559,95955,11192,107147,1310
2021-05-12,Kings,031,150075,22948,22896,1185,24081,246
2021-05-12,Lake,033,64148,3494,3476,9,3485,43
2021-05-12,Lassen,035,31185,5176,5151,113,5264,6
2021-05-12,Los Angeles,037,10098052,1199975,1195318,43626,1238944,24067
2021-05-12,Madera,039,155013,16493,16462,947,17409,238
2021-05-12,Marin,041,260295,14007,13997,259,14256,227
2021-05-12,Mariposa,043,17540,428,422,11,433,5
2021-05-12,Mendocino,045,87422,3910,3836,76,3912,46
2021-05-12,Merced,047,269075,30870,30941,994,31935,450
2021-05-12,Modoc,049,8938,371,362,126,488,3
2021-05-12,Mono,051,14174,1244,1265,12,1277,3
2021-05-12,Monterey,053,433212,42950,42950,1925,44875,380
2021-05-12,Napa,055,140530,9872,9870,33,9903,82
2021-05-12,Nevada,057,99092,4762,4738,193,4931,70
2021-05-12,Orange,059,3164182,254250,253587,11625,265212,5024
2021-05-12,Placer,061,380077,22933,22652,1514,24166,288
2021-05-12,Plumas,063,18699,695,681,11,692,4
2021-05-12,Riverside,065,2383286,290675,287830,14627,302457,4431
2021-05-12,Sacramento,067,1510023,104826,104592,1792,106384,1621
2021-05-12,San Benito,069,59416,6049,6062,117,6179,63
2021-05-12,San Bernardino,071,2135413,291946,291505,9055,300560,4715
2021-05-12,San Diego,073,3302833,279168,278402,14741,293143,3729
2021-05-12,San Francisco,075,870044,36471,36720,1366,38086,544
2021-05-12,San Joaquin,077,732212,72457,72043,3680,75723,1356
2021-05-12,San Luis Obispo,079,281455,21095,21021,763,21784,255
2021-05-12,San Mateo,081,765935,42191,42038,479,42517,426
2021-05-12,Santa Barbara,083,443738,34386,34218,1236,35454,456
2021-05-12,Santa Clara,085,1922200,117788,118897,786,119683,2005
2021-05-12,Santa Cruz,087,273765,16108,16123,874,16997,207
2021-05-12,Shasta,089,179085,12099,12092,1582,13674,200
2021-05-12,Sierra,091,2930,54,54,14,68,0
2021-05-12,Siskiyou,093,43540,1853,1760,358,2118,13
2021-05-12,Solano,095,438530,32542,32519,550,33069,252
2021-05-12,Sonoma,097,501317,29838,29976,335,30311,320
2021-05-12,Stanislaus,099,539301,55696,55632,6105,61737,919
2021-05-12,Sutter,101,95872,9423,9427,87,9514,112
2021-05-12,Tehama,103,63373,5000,4989,591,5580,62
2021-05-12,Trinity,105,12862,370,327,63,390,3
2021-05-12,Tulare,107,460477,49485,49001,9446,58447,838
2021-05-12,Tuolumne,109,53932,4063,4056,35,4091,63
2021-05-12,Ventura,111,848112,80825,80577,3084,83661,1010
2021-05-12,Yolo,113,214977,13931,13910,319,14229,210
2021-05-12,Yuba,115,75493,5977,5956,124,6080,47
2021-05-11,Alameda,001,1643700,87490,87413,2030,89443,1290
2021-05-11,Alpine,003,1148,88,88,0,88,0
2021-05-11,Amador,005,37829,3664,3657,34,3691,46
2021-05-11,Butte,007,227075,12333,12008,1886,13894,199
2021-05-11,Calaveras,009,45235,2136,2118,14,2132,52
2021-05-11,Colusa,011,21464,1928,1939,304,2243,14
2021-05-11,Contra Costa,013,1133247,68854,68406,1316,69722,806
2021-05-11,Del Norte,015,27424,1361,1347,7,1354,8
2021-05-11,El Dorado,017,186661,10130,10108,755,10863,112
2021-05-11,Fresno,019,978130,101639,101792,8945,110737,1686
2021-05-11,Glenn,021,27897,2402,2387,572,2959,17
2021-05-11,Humboldt,023,135768,4071,3964,34,3998,37
2021-05-11,Imperial,025,180216,28379,28413,2891,31304,722
2021-05-11,Inyo,027,18085,1401,1402,4,1406,36
2021-05-11,Kern,029,883053,96533,95938,11178,107116,1310
2021-05-11,Kings,031,150075,22940,22887,1185,24072,246
2021-05-11,Lake,033,64148,3494,3473,9,3482,43
2021-05-11,Lassen,035,31185,5174,5148,113,5261,6
2021-05-11,Los Angeles,037,10098052,1199740,1195100,43613,1238713,24048
2021-05-11,Madera,039,155013,16490,16459,947,17406,238
2021-05-11,Marin,041,260295,14000,13987,259,14246,227
2021-05-11,Mariposa,043,17540,428,421,11,432,5
2021-05-11,Mendocino,045,87422,3902,3821,76,3897,46
2021-05-11,Merced,047,269075,30861,30893,994,31887,449
2021-05-11,Modoc,049,8938,371,362,125,487,3
2021-05-11,Mono,051,14174,1244,1265,12,1277,3
2021-05-11,Monterey,053,433212,42942,42934,1924,44858,380
2021-05-11,Napa,055,140530,9865,9870,33,9903,81
2021-05-11,Nevada,057,99092,4758,4737,193,4930,70
2021-05-11,Orange,059,3164182,254187,253545,11617,265162,5017
2021-05-11,Placer,061,380077,22912,22615,1510,24125,287
2021-05-11,Plumas,063,18699,693,679,11,690,4
2021-05-11,Riverside,065,2383286,290615,287757,14622,302379,4429
2021-05-11,Sacramento,067,1510023,104729,104496,1789,106285,1616
2021-05-11,San Benito,069,59416,6046,6058,117,6175,63
2021-05-11,San Bernardino,071,2135413,291886,291421,9053,300474,4707
2021-05-11,San Diego,073,3302833,279033,278308,14722,293030,3725
2021-05-11,San Francisco,075,870044,36451,36707,1366,38073,543
2021-05-11,San Joaquin,077,732212,72409,71999,3677,75676,1356
2021-05-11,San Luis Obispo,079,281455,21088,21008,761,21769,255
2021-05-11,San Mateo,081,765935,42172,41985,478,42463,425
2021-05-11,Santa Barbara,083,443738,34377,34207,1236,35443,456
2021-05-11,Santa Clara,085,1922200,117742,118857,785,119642,2005
2021-05-11,Santa Cruz,087,273765,16104,16113,874,16987,206
2021-05-11,Shasta,089,179085,12076,12050,1576,13626,200
2021-05-11,Sierra,091,2930,54,54,14,68,0
2021-05-11,Siskiyou,093,43540,1844,1756,356,2112,13
2021-05-11,Solano,095,438530,32525,32499,548,33047,250
2021-05-11,Sonoma,097,501317,29823,29966,335,30301,318
2021-05-11,Stanislaus,099,539301,55647,55589,6101,61690,909
2021-05-11,Sutter,101,95872,9416,9417,87,9504,112
2021-05-11,Tehama,103,63373,4996,4985,590,5575,62
2021-05-11,Trinity,105,12862,370,327,62,389,3
2021-05-11,Tulare,107,460477,49459,48974,9431,58405,837
2021-05-11,Tuolumne,109,53932,4062,4056,35,4091,63
2021-05-11,Ventura,111,848112,80801,80544,3081,83625,1008
2021-05-11,Yolo,113,214977,13918,13902,316,14218,210
2021-05-11,Yuba,115,75493,5968,5950,124,6074,46
2021-05-10,Alameda,001,1643700,87419,87366,2029,89395,1284
2021-05-10,Alpine,003,1148,88,88,0,88,0
2021-05-10,Amador,005,37829,3663,3657,34,3691,46
2021-05-10,Butte,007,227075,12318,11993,1880,13873,199
2021-05-10,Calaveras,009,45235,2129,2118,14,2132,52
2021-05-10,Colusa,011,21464,1928,1939,304,2243,14
2021-05-10,Contra Costa,013,1133247,68791,68357,1316,69673,806
2021-05-10,Del Norte,015,27424,1358,1339,7,1346,8
2021-05-10,El Dorado,017,186661,10116,10093,755,10848,113
2021-05-10,Fresno,019,978130,101608,101755,8939,110694,1682
2021-05-10,Glenn,021,27897,2401,2384,570,2954,17
2021-05-10,Humboldt,023,135768,4041,3961,34,3995,36
2021-05-10,Imperial,025,180216,28365,28397,2887,31284,722
2021-05-10,Inyo,027,18085,1401,1401,4,1405,36
2021-05-10,Kern,029,883053,96490,95920,11164,107084,1310
2021-05-10,Kings,031,150075,22929,22884,1184,24068,246
2021-05-10,Lake,033,64148,3486,3471,9,3480,43
2021-05-10,Lassen,035,31185,5171,5148,112,5260,5
2021-05-10,Los Angeles,037,10098052,1199486,1194976,43595,1238571,24030
2021-05-10,Madera,039,155013,16480,16450,947,17397,238
2021-05-10,Marin,041,260295,13997,13981,259,14240,228
2021-05-10,Mariposa,043,17540,427,420,11,431,5
2021-05-10,Mendocino,045,87422,3896,3818,76,3894,46
2021-05-10,Merced,047,269075,30851,30880,994,31874,448
2021-05-10,Modoc,049,8938,371,361,125,486,3
2021-05-10,Mono,051,14174,1244,1265,12,1277,3
2021-05-10,Monterey,053,433212,42936,42927,1919,44846,380
2021-05-10,Napa,055,140530,9863,9860,33,9893,81
2021-05-10,Nevada,057,99092,4751,4735,193,4928,70
2021-05-10,Orange,059,3164182,254135,253484,11611,265095,5008
2021-05-10,Placer,061,380077,22891,22590,1507,24097,286
2021-05-10,Plumas,063,18699,692,679,11,690,4
2021-05-10,Riverside,065,2383286,290549,287689,14616,302305,4427
2021-05-10,Sacramento,067,1510023,104616,104378,1784,106162,1613
2021-05-10,San Benito,069,59416,6045,6058,117,6175,63
2021-05-10,San Bernardino,071,2135413,291835,291360,9052,300412,4707
2021-05-10,San Diego,073,3302833,278868,278183,14695,292878,3725
2021-05-10,San Francisco,075,870044,36432,36683,1366,38049,543
2021-05-10,San Joaquin,077,732212,72372,71954,3662,75616,1356
2021-05-10,San Luis Obispo,079,281455,21070,20993,760,21753,256
2021-05-10,San Mateo,081,765935,42153,41926,478,42404,424
2021-05-10,Santa Barbara,083,443738,34370,34201,1236,35437,456
2021-05-10,Santa Clara,085,1922200,117684,118822,784,119606,2003
2021-05-10,Santa Cruz,087,273765,16098,16114,874,16988,206
2021-05-10,Shasta,089,179085,12062,12036,1572,13608,200
2021-05-10,Sierra,091,2930,54,54,14,68,0
2021-05-10,Siskiyou,093,43540,1834,1752,354,2106,13
2021-05-10,Solano,095,438530,32505,32466,546,33012,250
2021-05-10,Sonoma,097,501317,29808,29955,334,30289,318
2021-05-10,Stanislaus,099,539301,55572,55541,6095,61636,898
2021-05-10,Sutter,101,95872,9410,9412,87,9499,111
2021-05-10,Tehama,103,63373,4992,4980,590,5570,62
2021-05-10,Trinity,105,12862,370,327,60,387,3
2021-05-10,Tulare,107,460477,49435,48956,9425,58381,837
2021-05-10,Tuolumne,109,53932,4058,4054,35,4089,63
2021-05-10,Ventura,111,848112,80785,80501,3079,83580,1008
2021-05-10,Yolo,113,214977,13906,13898,314,14212,209
2021-05-10,Yuba,115,75493,5966,5942,124,6066,46
2021-05-09,Alameda,001,1643700,87348,87292,2026,89318,1284
2021-05-09,Alpine,003,1148,88,88,0,88,0
2021-05-09,Amador,005,37829,3661,3655,34,3689,46
2021-05-09,Butte,007,227075,12299,11985,1876,13861,199
2021-05-09,Calaveras,009,45235,2128,2116,14,2130,52
2021-05-09,Colusa,011,21464,1927,1940,304,2244,14
2021-05-09,Contra Costa,013,1133247,68727,68302,1314,69616,806
2021-05-09,Del Norte,015,27424,1351,1338,7,1345,8
2021-05-09,El Dorado,017,186661,10102,10089,752,10841,113
2021-05-09,Fresno,019,978130,101570,101729,8930,110659,1682
2021-05-09,Glenn,021,27897,2394,2382,567,2949,17
2021-05-09,Humboldt,023,135768,4021,3950,34,3984,36
2021-05-09,Imperial,025,180216,28342,28388,2880,31268,722
2021-05-09,Inyo,027,18085,1401,1401,3,1404,36
2021-05-09,Kern,029,883053,96462,95903,11153,107056,1310
2021-05-09,Kings,031,150075,22920,22878,1184,24062,246
2021-05-09,Lake,033,64148,3482,3471,9,3480,43
2021-05-09,Lassen,035,31185,5169,5147,112,5259,5
2021-05-09,Los Angeles,037,10098052,1199228,1194820,43580,1238400,24026
2021-05-09,Madera,039,155013,16471,16444,941,17385,238
2021-05-09,Marin,041,260295,13986,13979,258,14237,228
2021-05-09,Mariposa,043,17540,424,420,11,431,5
2021-05-09,Mendocino,045,87422,3886,3814,76,3890,46
2021-05-09,Merced,047,269075,30828,30883,994,31877,448
2021-05-09,Modoc,049,8938,371,360,125,485,3
2021-05-09,Mono,051,14174,1244,1264,12,1276,3
2021-05-09,Monterey,053,433212,42919,42918,1919,44837,380
2021-05-09,Napa,055,140530,9852,9857,33,9890,81
2021-05-09,Nevada,057,99092,4744,4727,193,4920,70
2021-05-09,Orange,059,3164182,254083,253451,11603,265054,5008
2021-05-09,Placer,061,380077,22865,22566,1504,24070,286
2021-05-09,Plumas,063,18699,691,679,11,690,4
2021-05-09,Riverside,065,2383286,290471,287644,14610,302254,4427
2021-05-09,Sacramento,067,1510023,104471,104309,1777,106086,1612
2021-05-09,San Benito,069,59416,6043,6056,117,6173,63
2021-05-09,San Bernardino,071,2135413,291754,291337,9046,300383,4707
2021-05-09,San Diego,073,3302833,278701,277950,14673,292623,3725
2021-05-09,San Francisco,075,870044,36406,36669,1364,38033,543
2021-05-09,San Joaquin,077,732212,72328,71927,3661,75588,1356
2021-05-09,San Luis Obispo,079,281455,21060,20999,760,21759,256
2021-05-09,San Mateo,081,765935,42124,41903,478,42381,424
2021-05-09,Santa Barbara,083,443738,34357,34196,1235,35431,456
2021-05-09,Santa Clara,085,1922200,117630,118798,783,119581,2003
2021-05-09,Santa Cruz,087,273765,16092,16094,874,16968,206
2021-05-09,Shasta,089,179085,12032,12034,1567,13601,200
2021-05-09,Sierra,091,2930,54,54,14,68,0
2021-05-09,Siskiyou,093,43540,1828,1741,351,2092,13
2021-05-09,Solano,095,438530,32466,32434,543,32977,250
2021-05-09,Sonoma,097,501317,29793,29953,333,30286,318
2021-05-09,Stanislaus,099,539301,55505,55511,6091,61602,898
2021-05-09,Sutter,101,95872,9404,9413,87,9500,111
2021-05-09,Tehama,103,63373,4987,4979,590,5569,62
2021-05-09,Trinity,105,12862,370,327,60,387,3
2021-05-09,Tulare,107,460477,49408,48948,9420,58368,837
2021-05-09,Tuolumne,109,53932,4057,4053,35,4088,63
2021-05-09,Ventura,111,848112,80770,80487,3078,83565,1008
2021-05-09,Yolo,113,214977,13895,13897,313,14210,209
2021-05-09,Yuba,115,75493,5960,5934,124,6058,46
2021-05-08,Alameda,001,1643700,87306,87213,2022,89235,1284
2021-05-08,Alpine,003,1148,88,88,0,88,0
2021-05-08,Amador,005,37829,3659,3652,34,3686,46
2021-05-08,Butte,007,227075,12287,11962,1875,13837,199
2021-05-08,Calaveras,009,45235,2127,2114,14,2128,52
2021-05-08,Colusa,011,21464,1927,1939,304,2243,14
2021-05-08,Contra Costa,013,1133247,68694,68223,1312,69535,803
2021-05-08,Del Norte,015,27424,1348,1335,7,1342,8
2021-05-08,El Dorado,017,186661,10088,10079,752,10831,113
2021-05-08,Fresno,019,978130,101535,101676,8925,110601,1682
2021-05-08,Glenn,021,27897,2392,2382,565,2947,17
2021-05-08,Humboldt,023,135768,4005,3939,34,3973,36
2021-05-08,Imperial,025,180216,28334,28373,2880,31253,721
2021-05-08,Inyo,027,18085,1401,1402,3,1405,36
2021-05-08,Kern,029,883053,96438,95880,11140,107020,1310
2021-05-08,Kings,031,150075,22917,22872,1183,24055,246
2021-05-08,Lake,033,64148,3481,3470,9,3479,43
2021-05-08,Lassen,035,31185,5168,5145,112,5257,5
2021-05-08,Los Angeles,037,10098052,1199080,1194584,43564,1238148,24022
2021-05-08,Madera,039,155013,16467,16442,941,17383,238
2021-05-08,Marin,041,260295,13983,13974,257,14231,228
2021-05-08,Mariposa,043,17540,424,420,11,431,5
2021-05-08,Mendocino,045,87422,3881,3810,75,3885,46
2021-05-08,Merced,047,269075,30819,30876,994,31870,448
2021-05-08,Modoc,049,8938,371,360,124,484,3
2021-05-08,Mono,051,14174,1244,1262,12,1274,3
2021-05-08,Monterey,053,433212,42914,42914,1918,44832,380
2021-05-08,Napa,055,140530,9845,9853,33,9886,81
2021-05-08,Nevada,057,99092,4741,4716,193,4909,70
2021-05-08,Orange,059,3164182,254047,253412,11600,265012,5006
2021-05-08,Placer,061,380077,22847,22547,1502,24049,286
2021-05-08,Plumas,063,18699,690,679,11,690,4
2021-05-08,Riverside,065,2383286,290429,287574,14608,302182,4427
2021-05-08,Sacramento,067,1510023,104387,104208,1773,105981,1610
2021-05-08,San Benito,069,59416,6042,6048,117,6165,63
2021-05-08,San Bernardino,071,2135413,291710,291296,9046,300342,4707
2021-05-08,San Diego,073,3302833,278617,277760,14655,292415,3725
2021-05-08,San Francisco,075,870044,36383,36642,1364,38006,543
2021-05-08,San Joaquin,077,732212,72299,71869,3652,75521,1356
2021-05-08,San Luis Obispo,079,281455,21049,20992,760,21752,256
2021-05-08,San Mateo,081,765935,42113,41871,478,42349,424
2021-05-08,Santa Barbara,083,443738,34344,34185,1235,35420,456
2021-05-08,Santa Clara,085,1922200,117599,118751,783,119534,2003
2021-05-08,Santa Cruz,087,273765,16089,16089,874,16963,206
2021-05-08,Shasta,089,179085,12022,12030,1563,13593,200
2021-05-08,Sierra,091,2930,54,54,14,68,0
2021-05-08,Siskiyou,093,43540,1827,1741,347,2088,13
2021-05-08,Solano,095,438530,32441,32395,541,32936,249
2021-05-08,Sonoma,097,501317,29780,29942,333,30275,318
2021-05-08,Stanislaus,099,539301,55472,55467,6087,61554,898
2021-05-08,Sutter,101,95872,9401,9413,87,9500,111
2021-05-08,Tehama,103,63373,4985,4977,590,5567,62
2021-05-08,Trinity,105,12862,370,327,60,387,3
2021-05-08,Tulare,107,460477,49394,48929,9410,58339,837
2021-05-08,Tuolumne,109,53932,4056,4050,35,4085,63
2021-05-08,Ventura,111,848112,80759,80481,3075,83556,1008
2021-05-08,Yolo,113,214977,13892,13894,312,14206,209
2021-05-08,Yuba,115,75493,5952,5928,124,6052,46
2021-05-07,Alameda,001,1643700,87255,87128,2021,89149,1280
2021-05-07,Alpine,003,1148,88,88,0,88,0
2021-05-07,Amador,005,37829,3656,3651,34,3685,46
2021-05-07,Butte,007,227075,12269,11943,1870,13813,199
2021-05-07,Calaveras,009,45235,2125,2114,14,2128,52
2021-05-07,Colusa,011,21464,1927,1937,304,2241,14
2021-05-07,Contra Costa,013,1133247,68648,68156,1310,69466,804
2021-05-07,Del Norte,015,27424,1343,1329,7,1336,8
2021-05-07,El Dorado,017,186661,10075,10065,750,10815,112
2021-05-07,Fresno,019,978130,101503,101625,8924,110549,1684
2021-05-07,Glenn,021,27897,2389,2381,564,2945,17
2021-05-07,Humboldt,023,135768,3990,3919,34,3953,36
2021-05-07,Imperial,025,180216,28326,28352,2879,31231,721
2021-05-07,Inyo,027,18085,1401,1402,3,1405,36
2021-05-07,Kern,029,883053,96425,95839,11128,106967,1308
2021-05-07,Kings,031,150075,22916,22857,1182,24039,246
2021-05-07,Lake,033,64148,3479,3467,9,3476,43
2021-05-07,Lassen,035,31185,5167,5144,111,5255,5
2021-05-07,Los Angeles,037,10098052,1198910,1194294,43554,1237848,24008
2021-05-07,Madera,039,155013,16462,16439,941,17380,238
2021-05-07,Marin,041,260295,13979,13968,257,14225,228
2021-05-07,Mariposa,043,17540,423,419,11,430,5
2021-05-07,Mendocino,045,87422,3875,3805,75,3880,46
2021-05-07,Merced,047,269075,30816,30862,994,31856,446
2021-05-07,Modoc,049,8938,371,360,124,484,3
2021-05-07,Mono,051,14174,1243,1261,12,1273,3
2021-05-07,Monterey,053,433212,42908,42909,1916,44825,380
2021-05-07,Napa,055,140530,9844,9849,33,9882,81
2021-05-07,Nevada,057,99092,4737,4704,193,4897,70
2021-05-07,Orange,059,3164182,254010,253338,11590,264928,5000
2021-05-07,Placer,061,380077,22827,22524,1499,24023,286
2021-05-07,Plumas,063,18699,690,678,11,689,4
2021-05-07,Riverside,065,2383286,290372,287479,14607,302086,4426
2021-05-07,Sacramento,067,1510023,104314,104068,1768,105836,1609
2021-05-07,San Benito,069,59416,6041,6048,117,6165,63
2021-05-07,San Bernardino,071,2135413,291667,291185,9041,300226,4697
2021-05-07,San Diego,073,3302833,278533,277534,14640,292174,3718
2021-05-07,San Francisco,075,870044,36370,36616,1363,37979,543
2021-05-07,San Joaquin,077,732212,72259,71804,3650,75454,1351
2021-05-07,San Luis Obispo,079,281455,21042,20979,760,21739,256
2021-05-07,San Mateo,081,765935,42097,41844,478,42322,424
2021-05-07,Santa Barbara,083,443738,34334,34166,1235,35401,453
2021-05-07,Santa Clara,085,1922200,117566,118691,782,119473,2002
2021-05-07,Santa Cruz,087,273765,16086,16074,874,16948,206
2021-05-07,Shasta,089,179085,12000,12005,1561,13566,200
2021-05-07,Sierra,091,2930,54,54,14,68,0
2021-05-07,Siskiyou,093,43540,1824,1723,347,2070,13
2021-05-07,Solano,095,438530,32414,32352,539,32891,249
2021-05-07,Sonoma,097,501317,29762,29925,331,30256,318
2021-05-07,Stanislaus,099,539301,55431,55407,6081,61488,896
2021-05-07,Sutter,101,95872,9401,9407,86,9493,111
2021-05-07,Tehama,103,63373,4978,4974,590,5564,57
2021-05-07,Trinity,105,12862,370,327,60,387,3
2021-05-07,Tulare,107,460477,49377,48913,9405,58318,837
2021-05-07,Tuolumne,109,53932,4054,4048,35,4083,63
2021-05-07,Ventura,111,848112,80735,80444,3075,83519,1008
2021-05-07,Yolo,113,214977,13887,13875,311,14186,209
2021-05-07,Yuba,115,75493,5942,5910,124,6034,46
2021-05-06,Alameda,001,1643700,87177,87028,2017,89045,1278
2021-05-06,Alpine,003,1148,88,88,0,88,0
2021-05-06,Amador,005,37829,3654,3650,34,3684,46
2021-05-06,Butte,007,227075,12249,11929,1865,13794,198
2021-05-06,Calaveras,009,45235,2124,2111,14,2125,52
2021-05-06,Colusa,011,21464,1927,1935,304,2239,14
2021-05-06,Contra Costa,013,1133247,68593,68076,1307,69383,802
2021-05-06,Del Norte,015,27424,1335,1324,7,1331,6
2021-05-06,El Dorado,017,186661,10068,10048,750,10798,112
2021-05-06,Fresno,019,978130,101462,101536,8918,110454,1680
2021-05-06,Glenn,021,27897,2388,2380,563,2943,17
2021-05-06,Humboldt,023,135768,3966,3898,33,3931,36
2021-05-06,Imperial,025,180216,28315,28311,2878,31189,720
2021-05-06,Inyo,027,18085,1401,1401,3,1404,36
2021-05-06,Kern,029,883053,96400,95801,11111,106912,1307
2021-05-06,Kings,031,150075,22909,22848,1181,24029,246
2021-05-06,Lake,033,64148,3478,3465,9,3474,43
2021-05-06,Lassen,035,31185,5166,5143,111,5254,1
2021-05-06,Los Angeles,037,10098052,1198670,1193954,43537,1237491,23991
2021-05-06,Madera,039,155013,16454,16430,941,17371,238
2021-05-06,Marin,041,260295,13975,13956,257,14213,228
2021-05-06,Mariposa,043,17540,422,419,11,430,5
2021-05-06,Mendocino,045,87422,3864,3802,75,3877,46
2021-05-06,Merced,047,269075,30801,30863,993,31856,444
2021-05-06,Modoc,049,8938,371,360,124,484,3
2021-05-06,Mono,051,14174,1241,1261,12,1273,3
2021-05-06,Monterey,053,433212,42893,42899,1916,44815,379
2021-05-06,Napa,055,140530,9838,9843,33,9876,81
2021-05-06,Nevada,057,99092,4736,4687,193,4880,70
2021-05-06,Orange,059,3164182,253943,253286,11583,264869,4991
2021-05-06,Placer,061,380077,22806,22493,1499,23992,286
2021-05-06,Plumas,063,18699,690,678,11,689,4
2021-05-06,Riverside,065,2383286,290299,287399,14602,302001,4422
2021-05-06,Sacramento,067,1510023,104199,103956,1765,105721,1609
2021-05-06,San Benito,069,59416,6040,6045,117,6162,63
2021-05-06,San Bernardino,071,2135413,291596,291085,9040,300125,4683
2021-05-06,San Diego,073,3302833,278409,277324,14617,291941,3716
2021-05-06,San Francisco,075,870044,36355,36599,1363,37962,543
2021-05-06,San Joaquin,077,732212,72204,71729,3647,75376,1350
2021-05-06,San Luis Obispo,079,281455,21030,20965,758,21723,256
2021-05-06,San Mateo,081,765935,42079,41802,477,42279,424
2021-05-06,Santa Barbara,083,443738,34321,34152,1235,35387,453
2021-05-06,Santa Clara,085,1922200,117525,118591,782,119373,2001
2021-05-06,Santa Cruz,087,273765,16079,16050,874,16924,206
2021-05-06,Shasta,089,179085,11978,11983,1555,13538,199
2021-05-06,Sierra,091,2930,54,54,14,68,0
2021-05-06,Siskiyou,093,43540,1815,1711,345,2056,12
2021-05-06,Solano,095,438530,32388,32320,531,32851,249
2021-05-06,Sonoma,097,501317,29754,29911,331,30242,318
2021-05-06,Stanislaus,099,539301,55375,55323,6078,61401,834
2021-05-06,Sutter,101,95872,9395,9396,86,9482,111
2021-05-06,Tehama,103,63373,4973,4970,590,5560,53
2021-05-06,Trinity,105,12862,370,327,60,387,3
2021-05-06,Tulare,107,460477,49354,48890,9390,58280,836
2021-05-06,Tuolumne,109,53932,4050,4047,35,4082,63
2021-05-06,Ventura,111,848112,80704,80411,3072,83483,1005
2021-05-06,Yolo,113,214977,13879,13871,307,14178,209
2021-05-06,Yuba,115,75493,5930,5901,124,6025,46
2021-05-05,Alameda,001,1643700,87116,86950,2015,88965,1278
2021-05-05,Alpine,003,1148,88,88,0,88,0
2021-05-05,Amador,005,37829,3651,3650,34,3684,46
2021-05-05,Butte,007,227075,12231,11907,1862,13769,198
2021-05-05,Calaveras,009,45235,2120,2103,14,2117,52
2021-05-05,Colusa,011,21464,1926,1933,304,2237,14
2021-05-05,Contra Costa,013,1133247,68528,67997,1302,69299,803
2021-05-05,Del Norte,015,27424,1332,1317,7,1324,6
2021-05-05,El Dorado,017,186661,10057,10020,749,10769,111
2021-05-05,Fresno,019,978130,101413,101491,8909,110400,1680
2021-05-05,Glenn,021,27897,2385,2380,562,2942,17
2021-05-05,Humboldt,023,135768,3947,3886,32,3918,36
2021-05-05,Imperial,025,180216,28274,28295,2871,31166,720
2021-05-05,Inyo,027,18085,1400,1401,3,1404,36
2021-05-05,Kern,029,883053,96358,95753,11106,106859,1304
2021-05-05,Kings,031,150075,22903,22840,1180,24020,246
2021-05-05,Lake,033,64148,3475,3458,9,3467,43
2021-05-05,Lassen,035,31185,5166,5143,110,5253,1
2021-05-05,Los Angeles,037,10098052,1198405,1193608,43524,1237132,23977
2021-05-05,Madera,039,155013,16452,16423,941,17364,235
2021-05-05,Marin,041,260295,13967,13950,256,14206,228
2021-05-05,Mariposa,043,17540,422,418,11,429,5
2021-05-05,Mendocino,045,87422,3860,3799,75,3874,46
2021-05-05,Merced,047,269075,30780,30844,993,31837,444
2021-05-05,Modoc,049,8938,370,361,123,484,3
2021-05-05,Mono,051,14174,1241,1260,12,1272,3
2021-05-05,Monterey,053,433212,42880,42870,1913,44783,379
2021-05-05,Napa,055,140530,9832,9833,33,9866,81
2021-05-05,Nevada,057,99092,4733,4666,193,4859,70
2021-05-05,Orange,059,3164182,253888,253237,11578,264815,4978
2021-05-05,Placer,061,380077,22774,22362,1495,23857,287
2021-05-05,Plumas,063,18699,690,677,11,688,4
2021-05-05,Riverside,065,2383286,290210,287353,14592,301945,4414
2021-05-05,Sacramento,067,1510023,104109,103476,1760,105236,1607
2021-05-05,San Benito,069,59416,6031,6046,117,6163,63
2021-05-05,San Bernardino,071,2135413,291523,291008,9036,300044,4677
2021-05-05,San Diego,073,3302833,278272,277098,14597,291695,3716
2021-05-05,San Francisco,075,870044,36340,36577,1362,37939,543
2021-05-05,San Joaquin,077,732212,72152,71638,3644,75282,1345
2021-05-05,San Luis Obispo,079,281455,21022,20958,758,21716,256
2021-05-05,San Mateo,081,765935,42048,41755,476,42231,415
2021-05-05,Santa Barbara,083,443738,34307,34139,1234,35373,453
2021-05-05,Santa Clara,085,1922200,117495,118482,778,119260,1992
2021-05-05,Santa Cruz,087,273765,16073,16013,874,16887,207
2021-05-05,Shasta,089,179085,11962,11939,1551,13490,200
2021-05-05,Sierra,091,2930,54,54,14,68,0
2021-05-05,Siskiyou,093,43540,1798,1706,337,2043,11
2021-05-05,Solano,095,438530,32353,32250,529,32779,249
2021-05-05,Sonoma,097,501317,29741,29879,331,30210,318
2021-05-05,Stanislaus,099,539301,55317,55231,6076,61307,807
2021-05-05,Sutter,101,95872,9389,9387,86,9473,111
2021-05-05,Tehama,103,63373,4970,4968,590,5558,53
2021-05-05,Trinity,105,12862,370,326,60,386,3
2021-05-05,Tulare,107,460477,49332,48875,9381,58256,835
2021-05-05,Tuolumne,109,53932,4047,4040,35,4075,63
2021-05-05,Ventura,111,848112,80675,80372,3068,83440,1005
2021-05-05,Yolo,113,214977,13875,13846,305,14151,209
2021-05-05,Yuba,115,75493,5920,5895,123,6018,44
2021-05-04,Alameda,001,1643700,87024,86894,2015,88909,1277
2021-05-04,Alpine,003,1148,88,88,0,88,0
2021-05-04,Amador,005,37829,3651,3650,34,3684,46
2021-05-04,Butte,007,227075,12207,11883,1860,13743,198
2021-05-04,Calaveras,009,45235,2115,2100,14,2114,52
2021-05-04,Colusa,011,21464,1925,1933,304,2237,14
2021-05-04,Contra Costa,013,1133247,68450,67931,1298,69229,799
2021-05-04,Del Norte,015,27424,1332,1314,7,1321,6
2021-05-04,El Dorado,017,186661,10046,10009,745,10754,110
2021-05-04,Fresno,019,978130,101359,101451,8902,110353,1677
2021-05-04,Glenn,021,27897,2382,2379,559,2938,17
2021-05-04,Humboldt,023,135768,3921,3877,32,3909,36
2021-05-04,Imperial,025,180216,28254,28276,2867,31143,720
2021-05-04,Inyo,027,18085,1400,1399,3,1402,36
2021-05-04,Kern,029,883053,96324,95720,11088,106808,1301
2021-05-04,Kings,031,150075,22889,22822,1177,23999,246
2021-05-04,Lake,033,64148,3474,3454,9,3463,43
2021-05-04,Lassen,035,31185,5165,5142,110,5252,1
2021-05-04,Los Angeles,037,10098052,1198116,1193453,43512,1236965,23957
2021-05-04,Madera,039,155013,16451,16418,941,17359,235
2021-05-04,Marin,041,260295,13960,13935,256,14191,228
2021-05-04,Mariposa,043,17540,422,418,11,429,5
2021-05-04,Mendocino,045,87422,3855,3794,75,3869,46
2021-05-04,Merced,047,269075,30763,30829,993,31822,444
2021-05-04,Modoc,049,8938,369,360,122,482,3
2021-05-04,Mono,051,14174,1241,1260,12,1272,3
2021-05-04,Monterey,053,433212,42868,42845,1912,44757,380
2021-05-04,Napa,055,140530,9823,9824,33,9857,81
2021-05-04,Nevada,057,99092,4726,4656,193,4849,70
2021-05-04,Orange,059,3164182,253821,253177,11568,264745,4977
2021-05-04,Placer,061,380077,22745,22326,1492,23818,287
2021-05-04,Plumas,063,18699,689,675,11,686,4
2021-05-04,Riverside,065,2383286,290127,287285,14585,301870,4411
2021-05-04,Sacramento,067,1510023,103980,103383,1755,105138,1604
2021-05-04,San Benito,069,59416,6030,6039,117,6156,63
2021-05-04,San Bernardino,071,2135413,291445,290934,9029,299963,4668
2021-05-04,San Diego,073,3302833,278106,276879,14580,291459,3713
2021-05-04,San Francisco,075,870044,36322,36550,1362,37912,541
2021-05-04,San Joaquin,077,732212,72091,71582,3640,75222,1342
2021-05-04,San Luis Obispo,079,281455,21017,20923,756,21679,255
2021-05-04,San Mateo,081,765935,42022,41708,476,42184,415
2021-05-04,Santa Barbara,083,443738,34291,34131,1234,35365,453
2021-05-04,Santa Clara,085,1922200,117432,118431,777,119208,1988
2021-05-04,Santa Cruz,087,273765,16067,16005,874,16879,207
2021-05-04,Shasta,089,179085,11942,11923,1545,13468,198
2021-05-04,Sierra,091,2930,54,54,14,68,0
2021-05-04,Siskiyou,093,43540,1791,1694,335,2029,11
2021-05-04,Solano,095,438530,32312,32220,527,32747,249
2021-05-04,Sonoma,097,501317,29721,29867,330,30197,318
2021-05-04,Stanislaus,099,539301,55262,55165,6073,61238,807
2021-05-04,Sutter,101,95872,9384,9375,86,9461,111
2021-05-04,Tehama,103,63373,4968,4959,589,5548,53
2021-05-04,Trinity,105,12862,370,326,60,386,3
2021-05-04,Tulare,107,460477,49306,48857,9371,58228,835
2021-05-04,Tuolumne,109,53932,4045,4041,35,4076,61
2021-05-04,Ventura,111,848112,80646,80351,3066,83417,1005
2021-05-04,Yolo,113,214977,13862,13820,303,14123,208
2021-05-04,Yuba,115,75493,5914,5891,123,6014,44
2021-05-03,Alameda,001,1643700,86947,86845,2009,88854,1272
2021-05-03,Alpine,003,1148,88,88,0,88,0
2021-05-03,Amador,005,37829,3651,3651,34,3685,46
2021-05-03,Butte,007,227075,12197,11864,1857,13721,198
2021-05-03,Calaveras,009,45235,2114,2099,14,2113,50
2021-05-03,Colusa,011,21464,1924,1931,302,2233,14
2021-05-03,Contra Costa,013,1133247,68391,67895,1294,69189,799
2021-05-03,Del Norte,015,27424,1327,1306,6,1312,6
2021-05-03,El Dorado,017,186661,10028,9984,740,10724,110
2021-05-03,Fresno,019,978130,101306,101405,8891,110296,1678
2021-05-03,Glenn,021,27897,2382,2375,558,2933,17
2021-05-03,Humboldt,023,135768,3906,3865,32,3897,36
2021-05-03,Imperial,025,180216,28232,28280,2864,31144,720
2021-05-03,Inyo,027,18085,1399,1398,3,1401,36
2021-05-03,Kern,029,883053,96288,95693,11075,106768,1299
2021-05-03,Kings,031,150075,22880,22821,1177,23998,246
2021-05-03,Lake,033,64148,3472,3446,9,3455,43
2021-05-03,Lassen,035,31185,5164,5142,110,5252,1
2021-05-03,Los Angeles,037,10098052,1197852,1193261,43483,1236744,23942
2021-05-03,Madera,039,155013,16447,16414,940,17354,235
2021-05-03,Marin,041,260295,13954,13927,256,14183,228
2021-05-03,Mariposa,043,17540,422,418,11,429,5
2021-05-03,Mendocino,045,87422,3848,3792,75,3867,46
2021-05-03,Merced,047,269075,30752,30814,991,31805,444
2021-05-03,Modoc,049,8938,369,360,122,482,3
2021-05-03,Mono,051,14174,1241,1259,12,1271,3
2021-05-03,Monterey,053,433212,42858,42837,1910,44747,380
2021-05-03,Napa,055,140530,9818,9815,33,9848,81
2021-05-03,Nevada,057,99092,4718,4650,193,4843,70
2021-05-03,Orange,059,3164182,253762,253107,11559,264666,4968
2021-05-03,Placer,061,380077,22714,22289,1486,23775,287
2021-05-03,Plumas,063,18699,688,675,11,686,4
2021-05-03,Riverside,065,2383286,290055,287233,14584,301817,4412
2021-05-03,Sacramento,067,1510023,103827,103303,1746,105049,1602
2021-05-03,San Benito,069,59416,6029,6038,117,6155,63
2021-05-03,San Bernardino,071,2135413,291377,290886,9026,299912,4659
2021-05-03,San Diego,073,3302833,277943,276693,14555,291248,3712
2021-05-03,San Francisco,075,870044,36297,36538,1361,37899,541
2021-05-03,San Joaquin,077,732212,72040,71504,3637,75141,1325
2021-05-03,San Luis Obispo,079,281455,21001,20915,753,21668,254
2021-05-03,San Mateo,081,765935,41999,41689,475,42164,413
2021-05-03,Santa Barbara,083,443738,34279,34119,1234,35353,453
2021-05-03,Santa Clara,085,1922200,117378,118373,776,119149,1988
2021-05-03,Santa Cruz,087,273765,16064,16000,874,16874,207
2021-05-03,Shasta,089,179085,11919,11890,1540,13430,197
2021-05-03,Sierra,091,2930,54,54,14,68,0
2021-05-03,Siskiyou,093,43540,1785,1683,329,2012,11
2021-05-03,Solano,095,438530,32271,32201,526,32727,249
2021-05-03,Sonoma,097,501317,29709,29855,327,30182,318
2021-05-03,Stanislaus,099,539301,55198,55116,6062,61178,774
2021-05-03,Sutter,101,95872,9372,9370,86,9456,111
2021-05-03,Tehama,103,63373,4959,4952,589,5541,53
2021-05-03,Trinity,105,12862,370,326,60,386,3
2021-05-03,Tulare,107,460477,49289,48844,9361,58205,835
2021-05-03,Tuolumne,109,53932,4044,4038,35,4073,61
2021-05-03,Ventura,111,848112,80624,80291,3066,83357,1005
2021-05-03,Yolo,113,214977,13849,13809,301,14110,208
2021-05-03,Yuba,115,75493,5909,5880,123,6003,44
2021-05-02,Alameda,001,1643700,86862,86784,2008,88792,1272
2021-05-02,Alpine,003,1148,88,88,0,88,0
2021-05-02,Amador,005,37829,3651,3650,34,3684,46
2021-05-02,Butte,007,227075,12173,11859,1854,13713,198
2021-05-02,Calaveras,009,45235,2110,2098,14,2112,50
2021-05-02,Colusa,011,21464,1923,1931,301,2232,14
2021-05-02,Contra Costa,013,1133247,68305,67843,1291,69134,800
2021-05-02,Del Norte,015,27424,1320,1305,6,1311,6
2021-05-02,El Dorado,017,186661,10013,9962,739,10701,110
2021-05-02,Fresno,019,978130,101235,101372,8882,110254,1678
2021-05-02,Glenn,021,27897,2381,2374,556,2930,17
2021-05-02,Humboldt,023,135768,3894,3858,31,3889,36
2021-05-02,Imperial,025,180216,28198,28275,2855,31130,721
2021-05-02,Inyo,027,18085,1397,1398,3,1401,36
2021-05-02,Kern,029,883053,96230,95668,11068,106736,1299
2021-05-02,Kings,031,150075,22862,22816,1176,23992,246
2021-05-02,Lake,033,64148,3470,3443,9,3452,43
2021-05-02,Lassen,035,31185,5163,5142,109,5251,1
2021-05-02,Los Angeles,037,10098052,1197506,1193056,43459,1236515,23943
2021-05-02,Madera,039,155013,16441,16410,940,17350,235
2021-05-02,Marin,041,260295,13944,13917,256,14173,228
2021-05-02,Mariposa,043,17540,422,419,11,430,5
2021-05-02,Mendocino,045,87422,3843,3787,75,3862,46
2021-05-02,Merced,047,269075,30730,30793,989,31782,444
2021-05-02,Modoc,049,8938,369,360,122,482,3
2021-05-02,Mono,051,14174,1240,1259,12,1271,3
2021-05-02,Monterey,053,433212,42845,42837,1908,44745,380
2021-05-02,Napa,055,140530,9814,9805,33,9838,81
2021-05-02,Nevada,057,99092,4702,4635,193,4828,70
2021-05-02,Orange,059,3164182,253687,253025,11546,264571,4968
2021-05-02,Placer,061,380077,22685,22264,1483,23747,287
2021-05-02,Plumas,063,18699,688,675,11,686,4
2021-05-02,Riverside,065,2383286,289956,287197,14574,301771,4412
2021-05-02,Sacramento,067,1510023,103692,103153,1739,104892,1602
2021-05-02,San Benito,069,59416,6024,6037,117,6154,63
2021-05-02,San Bernardino,071,2135413,291278,290859,9024,299883,4655
2021-05-02,San Diego,073,3302833,277747,276521,14528,291049,3712
2021-05-02,San Francisco,075,870044,36271,36522,1361,37883,541
2021-05-02,San Joaquin,077,732212,71976,71447,3630,75077,1325
2021-05-02,San Luis Obispo,079,281455,20981,20910,752,21662,254
2021-05-02,San Mateo,081,765935,41983,41656,474,42130,412
2021-05-02,Santa Barbara,083,443738,34265,34106,1234,35340,453
2021-05-02,Santa Clara,085,1922200,117304,118321,776,119097,1988
2021-05-02,Santa Cruz,087,273765,16059,15995,873,16868,207
2021-05-02,Shasta,089,179085,11903,11885,1532,13417,197
2021-05-02,Sierra,091,2930,54,54,14,68,0
2021-05-02,Siskiyou,093,43540,1774,1661,328,1989,11
2021-05-02,Solano,095,438530,32232,32151,522,32673,249
2021-05-02,Sonoma,097,501317,29686,29842,327,30169,318
2021-05-02,Stanislaus,099,539301,55125,55057,6055,61112,774
2021-05-02,Sutter,101,95872,9365,9363,86,9449,111
2021-05-02,Tehama,103,63373,4954,4950,587,5537,53
2021-05-02,Trinity,105,12862,370,326,60,386,3
2021-05-02,Tulare,107,460477,49271,48834,9353,58187,835
2021-05-02,Tuolumne,109,53932,4041,4038,35,4073,61
2021-05-02,Ventura,111,848112,80587,80284,3065,83349,1005
2021-05-02,Yolo,113,214977,13837,13799,300,14099,208
2021-05-02,Yuba,115,75493,5899,5879,123,6002,44
2021-05-01,Alameda,001,1643700,86818,86704,2005,88709,1270
2021-05-01,Alpine,003,1148,88,88,0,88,0
2021-05-01,Amador,005,37829,3651,3650,34,3684,46
2021-05-01,Butte,007,227075,12159,11845,1849,13694,198
2021-05-01,Calaveras,009,45235,2108,2096,14,2110,50
2021-05-01,Colusa,011,21464,1922,1931,301,2232,14
2021-05-01,Contra Costa,013,1133247,68253,67779,1288,69067,800
2021-05-01,Del Norte,015,27424,1319,1292,6,1298,6
2021-05-01,El Dorado,017,186661,9999,9944,737,10681,110
2021-05-01,Fresno,019,978130,101190,101326,8876,110202,1678
2021-05-01,Glenn,021,27897,2378,2369,555,2924,17
2021-05-01,Humboldt,023,135768,3880,3845,31,3876,36
2021-05-01,Imperial,025,180216,28191,28262,2855,31117,721
2021-05-01,Inyo,027,18085,1397,1397,3,1400,36
2021-05-01,Kern,029,883053,96203,95645,11056,106701,1299
2021-05-01,Kings,031,150075,22860,22797,1174,23971,246
2021-05-01,Lake,033,64148,3468,3441,9,3450,43
2021-05-01,Lassen,035,31185,5161,5142,109,5251,1
2021-05-01,Los Angeles,037,10098052,1197339,1192781,43444,1236225,23946
2021-05-01,Madera,039,155013,16437,16408,940,17348,235
2021-05-01,Marin,041,260295,13937,13902,256,14158,228
2021-05-01,Mariposa,043,17540,422,418,11,429,5
2021-05-01,Mendocino,045,87422,3841,3782,75,3857,46
2021-05-01,Merced,047,269075,30712,30771,989,31760,444
2021-05-01,Modoc,049,8938,369,361,122,483,3
2021-05-01,Mono,051,14174,1240,1258,12,1270,3
2021-05-01,Monterey,053,433212,42839,42828,1908,44736,379
2021-05-01,Napa,055,140530,9811,9800,33,9833,81
2021-05-01,Nevada,057,99092,4697,4625,193,4818,70
2021-05-01,Orange,059,3164182,253644,252969,11535,264504,4964
2021-05-01,Placer,061,380077,22659,22240,1481,23721,287
2021-05-01,Plumas,063,18699,687,675,11,686,4
2021-05-01,Riverside,065,2383286,289917,287129,14572,301701,4412
2021-05-01,Sacramento,067,1510023,103613,103043,1738,104781,1602
2021-05-01,San Benito,069,59416,6021,6030,117,6147,63
2021-05-01,San Bernardino,071,2135413,291236,290802,9023,299825,4652
2021-05-01,San Diego,073,3302833,277623,276367,14507,290874,3706
2021-05-01,San Francisco,075,870044,36256,36496,1361,37857,541
2021-05-01,San Joaquin,077,732212,71928,71389,3628,75017,1325
2021-05-01,San Luis Obispo,079,281455,20976,20896,752,21648,254
2021-05-01,San Mateo,081,765935,41954,41617,473,42090,411
2021-05-01,Santa Barbara,083,443738,34260,34085,1233,35318,453
2021-05-01,Santa Clara,085,1922200,117253,118265,774,119039,1988
2021-05-01,Santa Cruz,087,273765,16056,15984,873,16857,207
2021-05-01,Shasta,089,179085,11883,11878,1524,13402,197
2021-05-01,Sierra,091,2930,54,53,14,67,0
2021-05-01,Siskiyou,093,43540,1766,1653,327,1980,11
2021-05-01,Solano,095,438530,32202,32124,514,32638,249
2021-05-01,Sonoma,097,501317,29683,29835,327,30162,318
2021-05-01,Stanislaus,099,539301,55090,55005,6049,61054,774
2021-05-01,Sutter,101,95872,9362,9358,86,9444,110
2021-05-01,Tehama,103,63373,4953,4950,586,5536,53
2021-05-01,Trinity,105,12862,370,326,59,385,3
2021-05-01,Tulare,107,460477,49264,48818,9347,58165,835
2021-05-01,Tuolumne,109,53932,4035,4035,35,4070,61
2021-05-01,Ventura,111,848112,80569,80268,3065,83333,1005
2021-05-01,Yolo,113,214977,13830,13784,298,14082,208
2021-05-01,Yuba,115,75493,5897,5875,123,5998,44
2021-04-30,Alameda,001,1643700,86756,86602,2002,88604,1268
2021-04-30,Alpine,003,1148,88,88,0,88,0
2021-04-30,Amador,005,37829,3649,3650,34,3684,46
2021-04-30,Butte,007,227075,12140,11812,1845,13657,197
2021-04-30,Calaveras,009,45235,2107,2087,14,2101,50
2021-04-30,Colusa,011,21464,1922,1931,300,2231,14
2021-04-30,Contra Costa,013,1133247,68205,67684,1285,68969,800
2021-04-30,Del Norte,015,27424,1307,1276,6,1282,6
2021-04-30,El Dorado,017,186661,9985,9906,737,10643,110
2021-04-30,Fresno,019,978130,101144,101263,8872,110135,1670
2021-04-30,Glenn,021,27897,2377,2369,555,2924,17
2021-04-30,Humboldt,023,135768,3867,3834,31,3865,36
2021-04-30,Imperial,025,180216,28182,28244,2852,31096,721
2021-04-30,Inyo,027,18085,1397,1397,3,1400,36
2021-04-30,Kern,029,883053,96187,95605,11051,106656,1298
2021-04-30,Kings,031,150075,22857,22793,1173,23966,246
2021-04-30,Lake,033,64148,3464,3440,9,3449,43
2021-04-30,Lassen,035,31185,5160,5140,109,5249,1
2021-04-30,Los Angeles,037,10098052,1197132,1192393,43430,1235823,23919
2021-04-30,Madera,039,155013,16431,16395,940,17335,235
2021-04-30,Marin,041,260295,13929,13895,254,14149,228
2021-04-30,Mariposa,043,17540,422,417,11,428,5
2021-04-30,Mendocino,045,87422,3837,3777,75,3852,46
2021-04-30,Merced,047,269075,30699,30740,988,31728,444
2021-04-30,Modoc,049,8938,368,360,122,482,3
2021-04-30,Mono,051,14174,1240,1258,12,1270,3
2021-04-30,Monterey,053,433212,42825,42810,1907,44717,379
2021-04-30,Napa,055,140530,9807,9792,33,9825,81
2021-04-30,Nevada,057,99092,4689,4608,193,4801,70
2021-04-30,Orange,059,3164182,253589,252883,11529,264412,4956
2021-04-30,Placer,061,380077,22640,22190,1477,23667,287
2021-04-30,Plumas,063,18699,687,677,11,688,4
2021-04-30,Riverside,065,2383286,289863,287030,14565,301595,4412
2021-04-30,Sacramento,067,1510023,103512,102864,1734,104598,1596
2021-04-30,San Benito,069,59416,6017,6024,116,6140,63
2021-04-30,San Bernardino,071,2135413,291175,290704,9022,299726,4640
2021-04-30,San Diego,073,3302833,277529,276157,14496,290653,3702
2021-04-30,San Francisco,075,870044,36245,36453,1360,37813,538
2021-04-30,San Joaquin,077,732212,71877,71311,3625,74936,1306
2021-04-30,San Luis Obispo,079,281455,20970,20884,752,21636,255
2021-04-30,San Mateo,081,765935,41939,41583,472,42055,380
2021-04-30,Santa Barbara,083,443738,34247,34061,1233,35294,451
2021-04-30,Santa Clara,085,1922200,117195,118170,770,118940,1988
2021-04-30,Santa Cruz,087,273765,16051,15975,873,16848,207
2021-04-30,Shasta,089,179085,11862,11848,1521,13369,197
2021-04-30,Sierra,091,2930,54,53,14,67,0
2021-04-30,Siskiyou,093,43540,1755,1628,324,1952,11
2021-04-30,Solano,095,438530,32170,32050,511,32561,249
2021-04-30,Sonoma,097,501317,29673,29816,325,30141,318
2021-04-30,Stanislaus,099,539301,55039,54938,6046,60984,774
2021-04-30,Sutter,101,95872,9360,9353,86,9439,110
2021-04-30,Tehama,103,63373,4951,4944,586,5530,53
2021-04-30,Trinity,105,12862,370,326,59,385,3
2021-04-30,Tulare,107,460477,49255,48797,9330,58127,836
2021-04-30,Tuolumne,109,53932,4034,4033,35,4068,61
2021-04-30,Ventura,111,848112,80529,80232,3060,83292,1004
2021-04-30,Yolo,113,214977,13817,13756,298,14054,208
2021-04-30,Yuba,115,75493,5889,5870,123,5993,44
2021-04-29,Alameda,001,1643700,86691,86490,1999,88489,1263
2021-04-29,Alpine,003,1148,88,88,0,88,0
2021-04-29,Amador,005,37829,3649,3649,34,3683,46
2021-04-29,Butte,007,227075,12125,11787,1843,13630,196
2021-04-29,Calaveras,009,45235,2104,2082,14,2096,50
2021-04-29,Colusa,011,21464,1922,1929,300,2229,14
2021-04-29,Contra Costa,013,1133247,68150,67606,1282,68888,795
2021-04-29,Del Norte,015,27424,1303,1271,6,1277,6
2021-04-29,El Dorado,017,186661,9966,9884,734,10618,107
2021-04-29,Fresno,019,978130,101090,101189,8861,110050,1667
2021-04-29,Glenn,021,27897,2374,2369,555,2924,17
2021-04-29,Humboldt,023,135768,3853,3815,31,3846,36
2021-04-29,Imperial,025,180216,28170,28235,2851,31086,720
2021-04-29,Inyo,027,18085,1397,1396,3,1399,36
2021-04-29,Kern,029,883053,96154,95547,11047,106594,1295
2021-04-29,Kings,031,150075,22847,22777,1168,23945,245
2021-04-29,Lake,033,64148,3456,3438,9,3447,43
2021-04-29,Lassen,035,31185,5160,5140,109,5249,1
2021-04-29,Los Angeles,037,10098052,1196857,1192068,43409,1235477,23899
2021-04-29,Madera,039,155013,16426,16383,939,17322,235
2021-04-29,Marin,041,260295,13925,13884,246,14130,228
2021-04-29,Mariposa,043,17540,421,416,11,427,5
2021-04-29,Mendocino,045,87422,3831,3774,75,3849,46
2021-04-29,Merced,047,269075,30679,30706,988,31694,444
2021-04-29,Modoc,049,8938,368,360,122,482,3
2021-04-29,Mono,051,14174,1238,1259,12,1271,3
2021-04-29,Monterey,053,433212,42809,42797,1906,44703,379
2021-04-29,Napa,055,140530,9793,9789,33,9822,81
2021-04-29,Nevada,057,99092,4678,4590,193,4783,70
2021-04-29,Orange,059,3164182,253520,252823,11514,264337,4934
2021-04-29,Placer,061,380077,22615,22161,1475,23636,286
2021-04-29,Plumas,063,18699,686,676,11,687,4
2021-04-29,Riverside,065,2383286,289796,286947,14562,301509,4409
2021-04-29,Sacramento,067,1510023,103380,102686,1724,104410,1593
2021-04-29,San Benito,069,59416,6016,6023,116,6139,63
2021-04-29,San Bernardino,071,2135413,291103,290606,9017,299623,4609
2021-04-29,San Diego,073,3302833,277380,275961,14479,290440,3700
2021-04-29,San Francisco,075,870044,36219,36412,1360,37772,537
2021-04-29,San Joaquin,077,732212,71811,71225,3620,74845,1301
2021-04-29,San Luis Obispo,079,281455,20959,20876,752,21628,255
2021-04-29,San Mateo,081,765935,41911,41538,471,42009,358
2021-04-29,Santa Barbara,083,443738,34231,34039,1231,35270,448
2021-04-29,Santa Clara,085,1922200,117140,118082,768,118850,1984
2021-04-29,Santa Cruz,087,273765,16045,15961,873,16834,205
2021-04-29,Shasta,089,179085,11832,11836,1512,13348,193
2021-04-29,Sierra,091,2930,54,53,14,67,0
2021-04-29,Siskiyou,093,43540,1746,1615,321,1936,11
2021-04-29,Solano,095,438530,32130,32002,506,32508,248
2021-04-29,Sonoma,097,501317,29658,29785,322,30107,318
2021-04-29,Stanislaus,099,539301,54972,54836,6041,60877,774
2021-04-29,Sutter,101,95872,9353,9346,86,9432,110
2021-04-29,Tehama,103,63373,4943,4939,586,5525,53
2021-04-29,Trinity,105,12862,370,326,59,385,3
2021-04-29,Tulare,107,460477,49239,48785,9317,58102,832
2021-04-29,Tuolumne,109,53932,4033,4030,35,4065,58
2021-04-29,Ventura,111,848112,80495,80188,3058,83246,1002
2021-04-29,Yolo,113,214977,13797,13745,297,14042,205
2021-04-29,Yuba,115,75493,5879,5865,123,5988,44
2021-04-28,Alameda,001,1643700,86619,86390,1995,88385,1260
2021-04-28,Alpine,003,1148,88,88,0,88,0
2021-04-28,Amador,005,37829,3649,3646,34,3680,46
2021-04-28,Butte,007,227075,12105,11762,1838,13600,196
2021-04-28,Calaveras,009,45235,2100,2078,13,2091,50
2021-04-28,Colusa,011,21464,1919,1927,299,2226,14
2021-04-28,Contra Costa,013,1133247,68090,67539,1281,68820,795
2021-04-28,Del Norte,015,27424,1295,1267,6,1273,6
2021-04-28,El Dorado,017,186661,9942,9873,734,10607,107
2021-04-28,Fresno,019,978130,101043,101161,8850,110011,1666
2021-04-28,Glenn,021,27897,2371,2368,555,2923,17
2021-04-28,Humboldt,023,135768,3837,3796,31,3827,36
2021-04-28,Imperial,025,180216,28156,28177,2850,31027,720
2021-04-28,Inyo,027,18085,1397,1396,2,1398,36
2021-04-28,Kern,029,883053,96124,95494,11038,106532,1295
2021-04-28,Kings,031,150075,22836,22767,1165,23932,245
2021-04-28,Lake,033,64148,3453,3433,9,3442,43
2021-04-28,Lassen,035,31185,5160,5138,109,5247,1
2021-04-28,Los Angeles,037,10098052,1196562,1191729,43382,1235111,23858
2021-04-28,Madera,039,155013,16422,16372,939,17311,235
2021-04-28,Marin,041,260295,13914,13866,246,14112,227
2021-04-28,Mariposa,043,17540,418,415,11,426,5
2021-04-28,Mendocino,045,87422,3825,3770,73,3843,46
2021-04-28,Merced,047,269075,30660,30649,988,31637,443
2021-04-28,Modoc,049,8938,368,360,122,482,3
2021-04-28,Mono,051,14174,1238,1258,12,1270,3
2021-04-28,Monterey,053,433212,42804,42776,1906,44682,379
2021-04-28,Napa,055,140530,9782,9777,33,9810,81
2021-04-28,Nevada,057,99092,4659,4570,193,4763,70
2021-04-28,Orange,059,3164182,253442,252747,11499,264246,4931
2021-04-28,Placer,061,380077,22588,22115,1474,23589,285
2021-04-28,Plumas,063,18699,686,676,11,687,4
2021-04-28,Riverside,065,2383286,289740,286868,14557,301425,4407
2021-04-28,Sacramento,067,1510023,103257,102613,1720,104333,1591
2021-04-28,San Benito,069,59416,6014,6021,116,6137,63
2021-04-28,San Bernardino,071,2135413,291027,290548,9006,299554,4582
2021-04-28,San Diego,073,3302833,277225,275821,14465,290286,3698
2021-04-28,San Francisco,075,870044,36190,36382,1359,37741,534
2021-04-28,San Joaquin,077,732212,71731,71171,3612,74783,1301
2021-04-28,San Luis Obispo,079,281455,20951,20851,752,21603,255
2021-04-28,San Mateo,081,765935,41886,41498,469,41967,358
2021-04-28,Santa Barbara,083,443738,34217,34003,1231,35234,448
2021-04-28,Santa Clara,085,1922200,117071,117997,765,118762,1969
2021-04-28,Santa Cruz,087,273765,16041,15943,872,16815,205
2021-04-28,Shasta,089,179085,11817,11815,1504,13319,192
2021-04-28,Sierra,091,2930,54,51,14,65,0
2021-04-28,Siskiyou,093,43540,1733,1603,319,1922,11
2021-04-28,Solano,095,438530,32098,31982,502,32484,248
2021-04-28,Sonoma,097,501317,29644,29773,318,30091,318
2021-04-28,Stanislaus,099,539301,54917,54745,6037,60782,774
2021-04-28,Sutter,101,95872,9348,9343,86,9429,110
2021-04-28,Tehama,103,63373,4937,4930,585,5515,53
2021-04-28,Trinity,105,12862,370,326,59,385,3
2021-04-28,Tulare,107,460477,49222,48754,9301,58055,832
2021-04-28,Tuolumne,109,53932,4030,4029,35,4064,58
2021-04-28,Ventura,111,848112,80460,80172,3056,83228,1000
2021-04-28,Yolo,113,214977,13782,13721,296,14017,205
2021-04-28,Yuba,115,75493,5873,5857,123,5980,44
2021-04-27,Alameda,001,1643700,86522,86301,1990,88291,1260
2021-04-27,Alpine,003,1148,88,88,0,88,0
2021-04-27,Amador,005,37829,3649,3645,34,3679,46
2021-04-27,Butte,007,227075,12080,11738,1832,13570,196
2021-04-27,Calaveras,009,45235,2097,2076,13,2089,50
2021-04-27,Colusa,011,21464,1918,1926,299,2225,14
2021-04-27,Contra Costa,013,1133247,68021,67470,1277,68747,791
2021-04-27,Del Norte,015,27424,1283,1266,6,1272,6
2021-04-27,El Dorado,017,186661,9913,9866,731,10597,106
2021-04-27,Fresno,019,978130,100980,101138,8838,109976,1663
2021-04-27,Glenn,021,27897,2371,2368,555,2923,17
2021-04-27,Humboldt,023,135768,3825,3780,31,3811,35
2021-04-27,Imperial,025,180216,28140,28149,2844,30993,720
2021-04-27,Inyo,027,18085,1397,1396,2,1398,36
2021-04-27,Kern,029,883053,96069,95466,11025,106491,1295
2021-04-27,Kings,031,150075,22822,22759,1162,23921,244
2021-04-27,Lake,033,64148,3452,3431,9,3440,43
2021-04-27,Lassen,035,31185,5160,5137,109,5246,1
2021-04-27,Los Angeles,037,10098052,1196243,1191504,43351,1234855,23825
2021-04-27,Madera,039,155013,16415,16365,939,17304,235
2021-04-27,Marin,041,260295,13893,13855,245,14100,227
2021-04-27,Mariposa,043,17540,417,413,11,424,5
2021-04-27,Mendocino,045,87422,3821,3765,73,3838,46
2021-04-27,Merced,047,269075,30620,30620,988,31608,443
2021-04-27,Modoc,049,8938,367,360,122,482,3
2021-04-27,Mono,051,14174,1238,1257,12,1269,3
2021-04-27,Monterey,053,433212,42786,42752,1903,44655,379
2021-04-27,Napa,055,140530,9775,9774,33,9807,81
2021-04-27,Nevada,057,99092,4644,4557,193,4750,70
2021-04-27,Orange,059,3164182,253374,252667,11493,264160,4925
2021-04-27,Placer,061,380077,22557,22050,1471,23521,285
2021-04-27,Plumas,063,18699,685,675,11,686,4
2021-04-27,Riverside,065,2383286,289667,286820,14552,301372,4405
2021-04-27,Sacramento,067,1510023,103130,102595,1710,104305,1589
2021-04-27,San Benito,069,59416,6009,6016,116,6132,63
2021-04-27,San Bernardino,071,2135413,290959,290461,9001,299462,4575
2021-04-27,San Diego,073,3302833,277069,275685,14445,290130,3692
2021-04-27,San Francisco,075,870044,36162,36358,1358,37716,533
2021-04-27,San Joaquin,077,732212,71678,71104,3606,74710,1301
2021-04-27,San Luis Obispo,079,281455,20944,20841,752,21593,255
2021-04-27,San Mateo,081,765935,41851,41474,468,41942,358
2021-04-27,Santa Barbara,083,443738,34193,33973,1230,35203,448
2021-04-27,Santa Clara,085,1922200,117021,117945,764,118709,1969
2021-04-27,Santa Cruz,087,273765,16034,15905,871,16776,205
2021-04-27,Shasta,089,179085,11790,11802,1497,13299,192
2021-04-27,Sierra,091,2930,54,51,14,65,0
2021-04-27,Siskiyou,093,43540,1718,1597,318,1915,11
2021-04-27,Solano,095,438530,32050,31964,501,32465,248
2021-04-27,Sonoma,097,501317,29626,29761,317,30078,318
2021-04-27,Stanislaus,099,539301,54847,54695,6029,60724,752
2021-04-27,Sutter,101,95872,9343,9342,86,9428,110
2021-04-27,Tehama,103,63373,4934,4922,581,5503,53
2021-04-27,Trinity,105,12862,370,326,59,385,3
2021-04-27,Tulare,107,460477,49206,48744,9291,58035,832
2021-04-27,Tuolumne,109,53932,4027,4028,35,4063,58
2021-04-27,Ventura,111,848112,80431,80152,3054,83206,1000
2021-04-27,Yolo,113,214977,13769,13697,294,13991,205
2021-04-27,Yuba,115,75493,5873,5853,123,5976,44
2021-04-26,Alameda,001,1643700,86431,86230,1986,88216,1256
2021-04-26,Alpine,003,1148,88,88,0,88,0
2021-04-26,Amador,005,37829,3648,3645,34,3679,46
2021-04-26,Butte,007,227075,12056,11720,1828,13548,196
2021-04-26,Calaveras,009,45235,2088,2074,13,2087,50
2021-04-26,Colusa,011,21464,1918,1925,298,2223,14
2021-04-26,Contra Costa,013,1133247,67953,67392,1273,68665,789
2021-04-26,Del Norte,015,27424,1274,1263,6,1269,6
2021-04-26,El Dorado,017,186661,9892,9849,730,10579,106
2021-04-26,Fresno,019,978130,100925,101099,8825,109924,1662
2021-04-26,Glenn,021,27897,2369,2367,555,2922,17
2021-04-26,Humboldt,023,135768,3815,3764,30,3794,35
2021-04-26,Imperial,025,180216,28127,28148,2841,30989,720
2021-04-26,Inyo,027,18085,1396,1396,2,1398,36
2021-04-26,Kern,029,883053,96043,95429,11018,106447,1295
2021-04-26,Kings,031,150075,22819,22756,1159,23915,244
2021-04-26,Lake,033,64148,3447,3428,9,3437,43
2021-04-26,Lassen,035,31185,5160,5138,109,5247,1
2021-04-26,Los Angeles,037,10098052,1195920,1191253,43330,1234583,23802
2021-04-26,Madera,039,155013,16403,16353,938,17291,231
2021-04-26,Marin,041,260295,13878,13849,245,14094,227
2021-04-26,Mariposa,043,17540,416,410,11,421,5
2021-04-26,Mendocino,045,87422,3819,3757,73,3830,46
2021-04-26,Merced,047,269075,30603,30611,985,31596,443
2021-04-26,Modoc,049,8938,367,360,122,482,3
2021-04-26,Mono,051,14174,1238,1258,12,1270,3
2021-04-26,Monterey,053,433212,42770,42740,1902,44642,379
2021-04-26,Napa,055,140530,9763,9769,33,9802,79
2021-04-26,Nevada,057,99092,4623,4548,193,4741,70
2021-04-26,Orange,059,3164182,253289,252592,11482,264074,4919
2021-04-26,Placer,061,380077,22528,22032,1466,23498,285
2021-04-26,Plumas,063,18699,685,670,11,681,4
2021-04-26,Riverside,065,2383286,289607,286724,14543,301267,4401
2021-04-26,Sacramento,067,1510023,102958,102459,1696,104155,1587
2021-04-26,San Benito,069,59416,6007,6013,116,6129,63
2021-04-26,San Bernardino,071,2135413,290909,290394,8999,299393,4572
2021-04-26,San Diego,073,3302833,276895,275541,14417,289958,3692
2021-04-26,San Francisco,075,870044,36135,36330,1356,37686,532
2021-04-26,San Joaquin,077,732212,71612,71050,3598,74648,1301
2021-04-26,San Luis Obispo,079,281455,20936,20830,751,21581,255
2021-04-26,San Mateo,081,765935,41821,41457,468,41925,357
2021-04-26,Santa Barbara,083,443738,34162,33948,1230,35178,448
2021-04-26,Santa Clara,085,1922200,116922,117874,760,118634,1968
2021-04-26,Santa Cruz,087,273765,16025,15877,871,16748,205
2021-04-26,Shasta,089,179085,11773,11787,1490,13277,192
2021-04-26,Sierra,091,2930,53,51,14,65,0
2021-04-26,Siskiyou,093,43540,1708,1592,314,1906,11
2021-04-26,Solano,095,438530,32005,31913,499,32412,247
2021-04-26,Sonoma,097,501317,29603,29755,315,30070,318
2021-04-26,Stanislaus,099,539301,54757,54638,6023,60661,744
2021-04-26,Sutter,101,95872,9338,9328,86,9414,110
2021-04-26,Tehama,103,63373,4929,4920,578,5498,53
2021-04-26,Trinity,105,12862,370,326,59,385,3
2021-04-26,Tulare,107,460477,49186,48735,9282,58017,831
2021-04-26,Tuolumne,109,53932,4026,4024,35,4059,58
2021-04-26,Ventura,111,848112,80406,80137,3051,83188,999
2021-04-26,Yolo,113,214977,13749,13684,291,13975,205
2021-04-26,Yuba,115,75493,5871,5851,123,5974,44
2021-04-25,Alameda,001,1643700,86324,86162,1979,88141,1256
2021-04-25,Alpine,003,1148,88,87,0,87,0
2021-04-25,Amador,005,37829,3647,3643,34,3677,46
2021-04-25,Butte,007,227075,12027,11709,1821,13530,196
2021-04-25,Calaveras,009,45235,2082,2072,12,2084,50
2021-04-25,Colusa,011,21464,1917,1924,298,2222,14
2021-04-25,Contra Costa,013,1133247,67861,67316,1272,68588,789
2021-04-25,Del Norte,015,27424,1268,1259,6,1265,6
2021-04-25,El Dorado,017,186661,9876,9837,728,10565,106
2021-04-25,Fresno,019,978130,100867,101061,8812,109873,1662
2021-04-25,Glenn,021,27897,2369,2366,555,2921,17
2021-04-25,Humboldt,023,135768,3802,3751,30,3781,35
2021-04-25,Imperial,025,180216,28102,28136,2837,30973,720
2021-04-25,Inyo,027,18085,1396,1396,2,1398,36
2021-04-25,Kern,029,883053,95980,95398,11004,106402,1295
2021-04-25,Kings,031,150075,22805,22755,1157,23912,244
2021-04-25,Lake,033,64148,3445,3427,9,3436,43
2021-04-25,Lassen,035,31185,5158,5138,109,5247,1
2021-04-25,Los Angeles,037,10098052,1195589,1190970,43308,1234278,23799
2021-04-25,Madera,039,155013,16391,16346,938,17284,231
2021-04-25,Marin,041,260295,13869,13852,245,14097,227
2021-04-25,Mariposa,043,17540,416,410,11,421,5
2021-04-25,Mendocino,045,87422,3812,3757,73,3830,46
2021-04-25,Merced,047,269075,30568,30586,985,31571,443
2021-04-25,Modoc,049,8938,367,360,122,482,3
2021-04-25,Mono,051,14174,1238,1257,12,1269,3
2021-04-25,Monterey,053,433212,42757,42737,1900,44637,379
2021-04-25,Napa,055,140530,9758,9762,33,9795,79
2021-04-25,Nevada,057,99092,4611,4536,193,4729,70
2021-04-25,Orange,059,3164182,253211,252531,11475,264006,4919
2021-04-25,Placer,061,380077,22481,22011,1458,23469,285
2021-04-25,Plumas,063,18699,684,670,11,681,4
2021-04-25,Riverside,065,2383286,289514,286651,14537,301188,4401
2021-04-25,Sacramento,067,1510023,102789,102319,1686,104005,1587
2021-04-25,San Benito,069,59416,6005,6014,115,6129,63
2021-04-25,San Bernardino,071,2135413,290834,290357,8991,299348,4571
2021-04-25,San Diego,073,3302833,276682,275412,14384,289796,3692
2021-04-25,San Francisco,075,870044,36105,36310,1356,37666,532
2021-04-25,San Joaquin,077,732212,71517,70987,3588,74575,1301
2021-04-25,San Luis Obispo,079,281455,20917,20820,749,21569,255
2021-04-25,San Mateo,081,765935,41787,41465,467,41932,356
2021-04-25,Santa Barbara,083,443738,34136,33931,1230,35161,448
2021-04-25,Santa Clara,085,1922200,116843,117778,758,118536,1968
2021-04-25,Santa Cruz,087,273765,16019,15868,869,16737,205
2021-04-25,Shasta,089,179085,11750,11784,1485,13269,192
2021-04-25,Sierra,091,2930,53,51,14,65,0
2021-04-25,Siskiyou,093,43540,1697,1580,312,1892,11
2021-04-25,Solano,095,438530,31958,31864,491,32355,247
2021-04-25,Sonoma,097,501317,29585,29756,315,30071,318
2021-04-25,Stanislaus,099,539301,54662,54543,6014,60557,744
2021-04-25,Sutter,101,95872,9332,9326,86,9412,110
2021-04-25,Tehama,103,63373,4925,4916,576,5492,53
2021-04-25,Trinity,105,12862,370,326,59,385,3
2021-04-25,Tulare,107,460477,49171,48728,9268,57996,831
2021-04-25,Tuolumne,109,53932,4024,4022,35,4057,58
2021-04-25,Ventura,111,848112,80382,80110,3051,83161,999
2021-04-25,Yolo,113,214977,13727,13667,289,13956,205
2021-04-25,Yuba,115,75493,5868,5849,122,5971,44
2021-04-24,Alameda,001,1643700,86270,86016,1977,87993,1257
2021-04-24,Alpine,003,1148,88,86,0,86,0
2021-04-24,Amador,005,37829,3646,3640,34,3674,46
2021-04-24,Butte,007,227075,12011,11678,1819,13497,196
2021-04-24,Calaveras,009,45235,2079,2067,12,2079,50
2021-04-24,Colusa,011,21464,1916,1921,298,2219,14
2021-04-24,Contra Costa,013,1133247,67792,67222,1270,68492,789
2021-04-24,Del Norte,015,27424,1263,1255,6,1261,6
2021-04-24,El Dorado,017,186661,9865,9814,727,10541,106
2021-04-24,Fresno,019,978130,100836,100991,8806,109797,1662
2021-04-24,Glenn,021,27897,2369,2363,555,2918,17
2021-04-24,Humboldt,023,135768,3788,3722,30,3752,35
2021-04-24,Imperial,025,180216,28095,28124,2836,30960,720
2021-04-24,Inyo,027,18085,1395,1396,2,1398,36
2021-04-24,Kern,029,883053,95962,95365,10993,106358,1295
2021-04-24,Kings,031,150075,22802,22749,1157,23906,244
2021-04-24,Lake,033,64148,3444,3426,9,3435,43
2021-04-24,Lassen,035,31185,5157,5137,109,5246,1
2021-04-24,Los Angeles,037,10098052,1195367,1190603,43288,1233891,23802
2021-04-24,Madera,039,155013,16388,16338,938,17276,231
2021-04-24,Marin,041,260295,13861,13847,245,14092,227
2021-04-24,Mariposa,043,17540,416,409,11,420,5
2021-04-24,Mendocino,045,87422,3810,3754,72,3826,46
2021-04-24,Merced,047,269075,30548,30559,985,31544,443
2021-04-24,Modoc,049,8938,367,360,122,482,3
2021-04-24,Mono,051,14174,1238,1256,12,1268,3
2021-04-24,Monterey,053,433212,42745,42727,1899,44626,379
2021-04-24,Napa,055,140530,9752,9756,33,9789,79
2021-04-24,Nevada,057,99092,4604,4522,193,4715,70
2021-04-24,Orange,059,3164182,253167,252441,11470,263911,4910
2021-04-24,Placer,061,380077,22469,21983,1457,23440,285
2021-04-24,Plumas,063,18699,683,670,11,681,4
2021-04-24,Riverside,065,2383286,289446,286552,14533,301085,4400
2021-04-24,Sacramento,067,1510023,102705,102179,1679,103858,1587
2021-04-24,San Benito,069,59416,6003,6007,115,6122,63
2021-04-24,San Bernardino,071,2135413,290786,290264,8989,299253,4568
2021-04-24,San Diego,073,3302833,276578,275252,14364,289616,3688
2021-04-24,San Francisco,075,870044,36076,36285,1352,37637,532
2021-04-24,San Joaquin,077,732212,71474,70911,3584,74495,1301
2021-04-24,San Luis Obispo,079,281455,20907,20797,748,21545,255
2021-04-24,San Mateo,081,765935,41774,41424,465,41889,355
2021-04-24,Santa Barbara,083,443738,34121,33911,1229,35140,448
2021-04-24,Santa Clara,085,1922200,116788,117674,756,118430,1968
2021-04-24,Santa Cruz,087,273765,16011,15840,869,16709,205
2021-04-24,Shasta,089,179085,11732,11770,1482,13252,192
2021-04-24,Sierra,091,2930,53,51,14,65,0
2021-04-24,Siskiyou,093,43540,1687,1574,311,1885,11
2021-04-24,Solano,095,438530,31935,31821,489,32310,247
2021-04-24,Sonoma,097,501317,29583,29739,315,30054,318
2021-04-24,Stanislaus,099,539301,54613,54455,6011,60466,744
2021-04-24,Sutter,101,95872,9329,9316,86,9402,110
2021-04-24,Tehama,103,63373,4920,4907,576,5483,53
2021-04-24,Trinity,105,12862,370,326,59,385,3
2021-04-24,Tulare,107,460477,49160,48705,9258,57963,830
2021-04-24,Tuolumne,109,53932,4020,4020,35,4055,58
2021-04-24,Ventura,111,848112,80369,80097,3049,83146,999
2021-04-24,Yolo,113,214977,13716,13653,289,13942,205
2021-04-24,Yuba,115,75493,5866,5837,122,5959,44
2021-04-23,Alameda,001,1643700,86199,85935,1975,87910,1256
2021-04-23,Alpine,003,1148,87,86,0,86,0
2021-04-23,Amador,005,37829,3645,3637,34,3671,46
2021-04-23,Butte,007,227075,11990,11672,1814,13486,196
2021-04-23,Calaveras,009,45235,2077,2064,12,2076,50
2021-04-23,Colusa,011,21464,1915,1921,298,2219,14
2021-04-23,Contra Costa,013,1133247,67738,67164,1266,68430,785
2021-04-23,Del Norte,015,27424,1262,1254,6,1260,6
2021-04-23,El Dorado,017,186661,9848,9788,724,10512,106
2021-04-23,Fresno,019,978130,100796,100928,8799,109727,1662
2021-04-23,Glenn,021,27897,2369,2361,554,2915,17
2021-04-23,Humboldt,023,135768,3777,3698,30,3728,35
2021-04-23,Imperial,025,180216,28080,28108,2835,30943,720
2021-04-23,Inyo,027,18085,1395,1395,2,1397,36
2021-04-23,Kern,029,883053,95937,95330,10988,106318,1295
2021-04-23,Kings,031,150075,22799,22735,1157,23892,244
2021-04-23,Lake,033,64148,3442,3425,9,3434,43
2021-04-23,Lassen,035,31185,5157,5141,109,5250,1
2021-04-23,Los Angeles,037,10098052,1195105,1190264,43262,1233526,23785
2021-04-23,Madera,039,155013,16379,16328,938,17266,231
2021-04-23,Marin,041,260295,13856,13838,245,14083,227
2021-04-23,Mariposa,043,17540,415,405,11,416,5
2021-04-23,Mendocino,045,87422,3808,3745,71,3816,46
2021-04-23,Merced,047,269075,30530,30530,985,31515,443
2021-04-23,Modoc,049,8938,367,360,122,482,3
2021-04-23,Mono,051,14174,1236,1256,12,1268,3
2021-04-23,Monterey,053,433212,42739,42722,1899,44621,377
2021-04-23,Napa,055,140530,9746,9752,33,9785,79
2021-04-23,Nevada,057,99092,4595,4510,193,4703,70
2021-04-23,Orange,059,3164182,253124,252399,11463,263862,4904
2021-04-23,Placer,061,380077,22446,21959,1456,23415,282
2021-04-23,Plumas,063,18699,682,670,11,681,4
2021-04-23,Riverside,065,2383286,289389,286456,14528,300984,4399
2021-04-23,Sacramento,067,1510023,102618,102041,1676,103717,1586
2021-04-23,San Benito,069,59416,6001,6005,115,6120,63
2021-04-23,San Bernardino,071,2135413,290736,290189,8987,299176,4568
2021-04-23,San Diego,073,3302833,276439,275097,14341,289438,3684
2021-04-23,San Francisco,075,870044,36059,36252,1351,37603,532
2021-04-23,San Joaquin,077,732212,71418,70840,3581,74421,1295
2021-04-23,San Luis Obispo,079,281455,20898,20781,747,21528,255
2021-04-23,San Mateo,081,765935,41747,41386,465,41851,355
2021-04-23,Santa Barbara,083,443738,34111,33895,1227,35122,447
2021-04-23,Santa Clara,085,1922200,116727,117593,755,118348,1965
2021-04-23,Santa Cruz,087,273765,16004,15802,869,16671,205
2021-04-23,Shasta,089,179085,11725,11759,1481,13240,192
2021-04-23,Sierra,091,2930,53,51,14,65,0
2021-04-23,Siskiyou,093,43540,1675,1567,309,1876,11
2021-04-23,Solano,095,438530,31903,31784,485,32269,247
2021-04-23,Sonoma,097,501317,29570,29727,315,30042,318
2021-04-23,Stanislaus,099,539301,54550,54391,6003,60394,744
2021-04-23,Sutter,101,95872,9327,9312,86,9398,110
2021-04-23,Tehama,103,63373,4917,4906,576,5482,53
2021-04-23,Trinity,105,12862,370,326,59,385,3
2021-04-23,Tulare,107,460477,49143,48694,9250,57944,829
2021-04-23,Tuolumne,109,53932,4019,4020,35,4055,58
2021-04-23,Ventura,111,848112,80350,80095,3049,83144,996
2021-04-23,Yolo,113,214977,13705,13647,288,13935,205
2021-04-23,Yuba,115,75493,5863,5828,122,5950,44
2021-04-22,Alameda,001,1643700,86107,85829,1974,87803,1253
2021-04-22,Alpine,003,1148,87,86,0,86,0
2021-04-22,Amador,005,37829,3644,3633,34,3667,46
2021-04-22,Butte,007,227075,11976,11656,1811,13467,196
2021-04-22,Calaveras,009,45235,2075,2059,12,2071,50
2021-04-22,Colusa,011,21464,1913,1920,296,2216,14
2021-04-22,Contra Costa,013,1133247,67667,67029,1260,68289,782
2021-04-22,Del Norte,015,27424,1257,1252,6,1258,6
2021-04-22,El Dorado,017,186661,9837,9773,721,10494,106
2021-04-22,Fresno,019,978130,100752,100864,8788,109652,1657
2021-04-22,Glenn,021,27897,2368,2361,554,2915,17
2021-04-22,Humboldt,023,135768,3768,3680,30,3710,35
2021-04-22,Imperial,025,180216,28058,28096,2832,30928,720
2021-04-22,Inyo,027,18085,1394,1394,2,1396,36
2021-04-22,Kern,029,883053,95894,95292,10973,106265,1299
2021-04-22,Kings,031,150075,22789,22725,1157,23882,243
2021-04-22,Lake,033,64148,3440,3423,9,3432,43
2021-04-22,Lassen,035,31185,5157,5155,109,5264,1
2021-04-22,Los Angeles,037,10098052,1194788,1189878,43239,1233117,23762
2021-04-22,Madera,039,155013,16360,16316,938,17254,231
2021-04-22,Marin,041,260295,13848,13832,245,14077,227
2021-04-22,Mariposa,043,17540,414,403,11,414,5
2021-04-22,Mendocino,045,87422,3802,3729,71,3800,46
2021-04-22,Merced,047,269075,30495,30490,984,31474,443
2021-04-22,Modoc,049,8938,367,360,122,482,3
2021-04-22,Mono,051,14174,1236,1254,12,1266,3
2021-04-22,Monterey,053,433212,42732,42708,1897,44605,377
2021-04-22,Napa,055,140530,9736,9734,33,9767,79
2021-04-22,Nevada,057,99092,4586,4504,191,4695,70
2021-04-22,Orange,059,3164182,253053,252307,11451,263758,4898
2021-04-22,Placer,061,380077,22416,21916,1452,23368,282
2021-04-22,Plumas,063,18699,681,670,11,681,4
2021-04-22,Riverside,065,2383286,289296,286362,14519,300881,4398
2021-04-22,Sacramento,067,1510023,102469,101870,1666,103536,1585
2021-04-22,San Benito,069,59416,5997,5998,115,6113,63
2021-04-22,San Bernardino,071,2135413,290666,290125,8979,299104,4571
2021-04-22,San Diego,073,3302833,276273,275913,14319,290232,3684
2021-04-22,San Francisco,075,870044,36037,36218,1348,37566,532
2021-04-22,San Joaquin,077,732212,71359,70751,3575,74326,1295
2021-04-22,San Luis Obispo,079,281455,20884,20761,747,21508,255
2021-04-22,San Mateo,081,765935,41720,41345,463,41808,355
2021-04-22,Santa Barbara,083,443738,34088,33870,1226,35096,446
2021-04-22,Santa Clara,085,1922200,116639,117457,751,118208,1954
2021-04-22,Santa Cruz,087,273765,16001,15737,868,16605,205
2021-04-22,Shasta,089,179085,11710,11738,1478,13216,192
2021-04-22,Sierra,091,2930,53,51,14,65,0
2021-04-22,Siskiyou,093,43540,1671,1564,308,1872,11
2021-04-22,Solano,095,438530,31857,31731,482,32213,247
2021-04-22,Sonoma,097,501317,29555,29705,311,30016,318
2021-04-22,Stanislaus,099,539301,54477,54313,5997,60310,744
2021-04-22,Sutter,101,95872,9323,9302,86,9388,110
2021-04-22,Tehama,103,63373,4911,4896,572,5468,53
2021-04-22,Trinity,105,12862,370,326,59,385,3
2021-04-22,Tulare,107,460477,49124,48669,9240,57909,828
2021-04-22,Tuolumne,109,53932,4015,4020,35,4055,58
2021-04-22,Ventura,111,848112,80325,80073,3047,83120,996
2021-04-22,Yolo,113,214977,13684,13616,288,13904,205
2021-04-22,Yuba,115,75493,5852,5825,122,5947,44
2021-04-21,Alameda,001,1643700,86026,85762,1972,87734,1249
2021-04-21,Alpine,003,1148,87,86,0,86,0
2021-04-21,Amador,005,37829,3641,3632,34,3666,46
2021-04-21,Butte,007,227075,11956,11643,1809,13452,196
2021-04-21,Calaveras,009,45235,2064,2057,12,2069,50
2021-04-21,Colusa,011,21464,1911,1920,295,2215,14
2021-04-21,Contra Costa,013,1133247,67601,66981,1259,68240,782
2021-04-21,Del Norte,015,27424,1253,1252,6,1258,6
2021-04-21,El Dorado,017,186661,9820,9760,719,10479,106
2021-04-21,Fresno,019,978130,100696,100838,8782,109620,1654
2021-04-21,Glenn,021,27897,2367,2361,554,2915,17
2021-04-21,Humboldt,023,135768,3748,3642,30,3672,35
2021-04-21,Imperial,025,180216,28046,28052,2831,30883,719
2021-04-21,Inyo,027,18085,1394,1392,2,1394,36
2021-04-21,Kern,029,883053,95849,95257,10963,106220,1297
2021-04-21,Kings,031,150075,22782,22713,1156,23869,243
2021-04-21,Lake,033,64148,3437,3421,9,3430,43
2021-04-21,Lassen,035,31185,5156,5156,109,5265,1
2021-04-21,Los Angeles,037,10098052,1194452,1189530,43215,1232745,23729
2021-04-21,Madera,039,155013,16355,16309,938,17247,231
2021-04-21,Marin,041,260295,13833,13822,245,14067,227
2021-04-21,Mariposa,043,17540,413,402,11,413,5
2021-04-21,Mendocino,045,87422,3800,3729,71,3800,46
2021-04-21,Merced,047,269075,30474,30471,983,31454,442
2021-04-21,Modoc,049,8938,367,360,122,482,3
2021-04-21,Mono,051,14174,1236,1254,12,1266,3
2021-04-21,Monterey,053,433212,42717,42699,1895,44594,377
2021-04-21,Napa,055,140530,9730,9727,33,9760,79
2021-04-21,Nevada,057,99092,4572,4499,191,4690,70
2021-04-21,Orange,059,3164182,252978,252243,11438,263681,4889
2021-04-21,Placer,061,380077,22386,21896,1447,23343,282
2021-04-21,Plumas,063,18699,681,670,11,681,4
2021-04-21,Riverside,065,2383286,289204,286299,14512,300811,4388
2021-04-21,Sacramento,067,1510023,102343,101803,1660,103463,1579
2021-04-21,San Benito,069,59416,5994,5998,115,6113,63
2021-04-21,San Bernardino,071,2135413,290592,290049,8977,299026,4572
2021-04-21,San Diego,073,3302833,276065,275632,14281,289913,3681
2021-04-21,San Francisco,075,870044,36017,36194,1347,37541,529
2021-04-21,San Joaquin,077,732212,71305,70687,3564,74251,1295
2021-04-21,San Luis Obispo,079,281455,20869,20724,746,21470,255
2021-04-21,San Mateo,081,765935,41688,41318,462,41780,355
2021-04-21,Santa Barbara,083,443738,34069,33830,1225,35055,445
2021-04-21,Santa Clara,085,1922200,116563,117318,745,118063,1946
2021-04-21,Santa Cruz,087,273765,15992,15698,868,16566,204
2021-04-21,Shasta,089,179085,11691,11722,1476,13198,192
2021-04-21,Sierra,091,2930,53,51,14,65,0
2021-04-21,Siskiyou,093,43540,1664,1557,308,1865,11
2021-04-21,Solano,095,438530,31818,31712,481,32193,244
2021-04-21,Sonoma,097,501317,29543,29697,309,30006,318
2021-04-21,Stanislaus,099,539301,54416,54290,5991,60281,742
2021-04-21,Sutter,101,95872,9315,9297,86,9383,110
2021-04-21,Tehama,103,63373,4904,4893,571,5464,53
2021-04-21,Trinity,105,12862,370,326,59,385,3
2021-04-21,Tulare,107,460477,49109,48653,9227,57880,828
2021-04-21,Tuolumne,109,53932,4012,4019,35,4054,58
2021-04-21,Ventura,111,848112,80293,80039,3044,83083,996
2021-04-21,Yolo,113,214977,13664,13606,287,13893,200
2021-04-21,Yuba,115,75493,5845,5822,121,5943,44
2021-04-20,Alameda,001,1643700,85932,85652,1970,87622,1248
2021-04-20,Alpine,003,1148,86,85,0,85,0
2021-04-20,Amador,005,37829,3640,3631,34,3665,46
2021-04-20,Butte,007,227075,11938,11619,1807,13426,196
2021-04-20,Calaveras,009,45235,2062,2053,12,2065,50
2021-04-20,Colusa,011,21464,1911,1915,294,2209,14
2021-04-20,Contra Costa,013,1133247,67517,66889,1256,68145,782
2021-04-20,Del Norte,015,27424,1252,1250,6,1256,6
2021-04-20,El Dorado,017,186661,9792,9743,717,10460,106
2021-04-20,Fresno,019,978130,100638,100768,8772,109540,1650
2021-04-20,Glenn,021,27897,2365,2359,553,2912,17
2021-04-20,Humboldt,023,135768,3727,3612,30,3642,35
2021-04-20,Imperial,025,180216,28027,28024,2828,30852,719
2021-04-20,Inyo,027,18085,1394,1393,2,1395,36
2021-04-20,Kern,029,883053,95813,95223,10946,106169,1295
2021-04-20,Kings,031,150075,22776,22693,1153,23846,243
2021-04-20,Lake,033,64148,3435,3418,9,3427,43
2021-04-20,Lassen,035,31185,5156,5155,109,5264,1
2021-04-20,Los Angeles,037,10098052,1194109,1189256,43185,1232441,23694
2021-04-20,Madera,039,155013,16349,16301,938,17239,231
2021-04-20,Marin,041,260295,13819,13807,245,14052,227
2021-04-20,Mariposa,043,17540,412,402,11,413,5
2021-04-20,Mendocino,045,87422,3799,3726,71,3797,46
2021-04-20,Merced,047,269075,30446,30439,983,31422,441
2021-04-20,Modoc,049,8938,367,359,122,481,3
2021-04-20,Mono,051,14174,1235,1254,12,1266,3
2021-04-20,Monterey,053,433212,42706,42663,1892,44555,363
2021-04-20,Napa,055,140530,9726,9711,33,9744,79
2021-04-20,Nevada,057,99092,4555,4485,190,4675,70
2021-04-20,Orange,059,3164182,252889,252134,11427,263561,4887
2021-04-20,Placer,061,380077,22352,21846,1443,23289,282
2021-04-20,Plumas,063,18699,680,670,11,681,4
2021-04-20,Riverside,065,2383286,289111,286194,14506,300700,4388
2021-04-20,Sacramento,067,1510023,102205,101629,1652,103281,1574
2021-04-20,San Benito,069,59416,5991,5988,115,6103,63
2021-04-20,San Bernardino,071,2135413,290512,289905,8974,298879,4569
2021-04-20,San Diego,073,3302833,275835,275369,14248,289617,3674
2021-04-20,San Francisco,075,870044,35998,36117,1346,37463,529
2021-04-20,San Joaquin,077,732212,71232,70590,3555,74145,1289
2021-04-20,San Luis Obispo,079,281455,20846,20691,738,21429,254
2021-04-20,San Mateo,081,765935,41657,41251,462,41713,355
2021-04-20,Santa Barbara,083,443738,34051,33803,1225,35028,445
2021-04-20,Santa Clara,085,1922200,116466,117228,740,117968,1944
2021-04-20,Santa Cruz,087,273765,15980,15647,868,16515,204
2021-04-20,Shasta,089,179085,11675,11677,1473,13150,189
2021-04-20,Sierra,091,2930,53,51,14,65,0
2021-04-20,Siskiyou,093,43540,1656,1551,307,1858,10
2021-04-20,Solano,095,438530,31763,31673,477,32150,243
2021-04-20,Sonoma,097,501317,29534,29676,307,29983,311
2021-04-20,Stanislaus,099,539301,54351,54236,5978,60214,735
2021-04-20,Sutter,101,95872,9311,9279,86,9365,109
2021-04-20,Tehama,103,63373,4899,4887,570,5457,52
2021-04-20,Trinity,105,12862,370,326,59,385,3
2021-04-20,Tulare,107,460477,49089,48650,9216,57866,831
2021-04-20,Tuolumne,109,53932,4012,4014,35,4049,58
2021-04-20,Ventura,111,848112,80265,80018,3042,83060,995
2021-04-20,Yolo,113,214977,13645,13581,285,13866,200
2021-04-20,Yuba,115,75493,5835,5814,121,5935,44
2021-04-19,Alameda,001,1643700,85810,85583,1967,87550,1247
2021-04-19,Alpine,003,1148,86,85,0,85,0
2021-04-19,Amador,005,37829,3639,3629,34,3663,46
2021-04-19,Butte,007,227075,11919,11601,1802,13403,196
2021-04-19,Calaveras,009,45235,2059,2050,12,2062,50
2021-04-19,Colusa,011,21464,1911,1913,293,2206,14
2021-04-19,Contra Costa,013,1133247,67440,66833,1253,68086,782
2021-04-19,Del Norte,015,27424,1250,1247,6,1253,6
2021-04-19,El Dorado,017,186661,9776,9726,712,10438,106
2021-04-19,Fresno,019,978130,100570,100702,8760,109462,1646
2021-04-19,Glenn,021,27897,2365,2358,552,2910,17
2021-04-19,Humboldt,023,135768,3707,3602,28,3630,35
2021-04-19,Imperial,025,180216,28006,27995,2828,30823,719
2021-04-19,Inyo,027,18085,1394,1392,2,1394,36
2021-04-19,Kern,029,883053,95784,95162,10931,106093,1290
2021-04-19,Kings,031,150075,22760,22688,1153,23841,243
2021-04-19,Lake,033,64148,3434,3416,9,3425,43
2021-04-19,Lassen,035,31185,5155,5156,109,5265,1
2021-04-19,Los Angeles,037,10098052,1193733,1188945,43158,1232103,23666
2021-04-19,Madera,039,155013,16338,16289,937,17226,231
2021-04-19,Marin,041,260295,13808,13804,244,14048,226
2021-04-19,Mariposa,043,17540,411,401,11,412,5
2021-04-19,Mendocino,045,87422,3797,3722,71,3793,46
2021-04-19,Merced,047,269075,30417,30422,982,31404,441
2021-04-19,Modoc,049,8938,367,359,122,481,3
2021-04-19,Mono,051,14174,1234,1254,12,1266,3
2021-04-19,Monterey,053,433212,42693,42642,1887,44529,356
2021-04-19,Napa,055,140530,9718,9680,33,9713,79
2021-04-19,Nevada,057,99092,4539,4477,190,4667,70
2021-04-19,Orange,059,3164182,252771,252013,11413,263426,4883
2021-04-19,Placer,061,380077,22329,21814,1439,23253,282
2021-04-19,Plumas,063,18699,680,665,11,676,4
2021-04-19,Riverside,065,2383286,289019,286087,14496,300583,4371
2021-04-19,Sacramento,067,1510023,102072,101482,1640,103122,1572
2021-04-19,San Benito,069,59416,5983,5989,115,6104,63
2021-04-19,San Bernardino,071,2135413,290428,289738,8968,298706,4561
2021-04-19,San Diego,073,3302833,275587,275113,14215,289328,3674
2021-04-19,San Francisco,075,870044,35963,36094,1343,37437,529
2021-04-19,San Joaquin,077,732212,71153,70514,3547,74061,1289
2021-04-19,San Luis Obispo,079,281455,20820,20669,732,21401,254
2021-04-19,San Mateo,081,765935,41624,41226,461,41687,355
2021-04-19,Santa Barbara,083,443738,34037,33786,1225,35011,446
2021-04-19,Santa Clara,085,1922200,116355,117099,736,117835,1944
2021-04-19,Santa Cruz,087,273765,15968,15600,868,16468,204
2021-04-19,Shasta,089,179085,11660,11662,1465,13127,189
2021-04-19,Sierra,091,2930,53,51,14,65,0
2021-04-19,Siskiyou,093,43540,1646,1544,307,1851,10
2021-04-19,Solano,095,438530,31725,31643,472,32115,239
2021-04-19,Sonoma,097,501317,29515,29667,307,29974,311
2021-04-19,Stanislaus,099,539301,54275,54179,5974,60153,728
2021-04-19,Sutter,101,95872,9300,9269,86,9355,109
2021-04-19,Tehama,103,63373,4894,4878,570,5448,52
2021-04-19,Trinity,105,12862,370,326,59,385,3
2021-04-19,Tulare,107,460477,49073,48630,9203,57833,831
2021-04-19,Tuolumne,109,53932,4011,4010,35,4045,58
2021-04-19,Ventura,111,848112,80239,80000,3040,83040,996
2021-04-19,Yolo,113,214977,13633,13572,282,13854,200
2021-04-19,Yuba,115,75493,5828,5804,120,5924,44
2021-04-18,Alameda,001,1643700,85696,85481,1960,87441,1247
2021-04-18,Alpine,003,1148,86,85,0,85,0
2021-04-18,Amador,005,37829,3636,3627,34,3661,46
2021-04-18,Butte,007,227075,11901,11591,1797,13388,196
2021-04-18,Calaveras,009,45235,2055,2047,12,2059,50
2021-04-18,Colusa,011,21464,1907,1912,292,2204,14
2021-04-18,Contra Costa,013,1133247,67336,66750,1248,67998,782
2021-04-18,Del Norte,015,27424,1250,1240,6,1246,6
2021-04-18,El Dorado,017,186661,9753,9710,710,10420,106
2021-04-18,Fresno,019,978130,100513,100621,8754,109375,1646
2021-04-18,Glenn,021,27897,2360,2358,552,2910,17
2021-04-18,Humboldt,023,135768,3679,3590,28,3618,35
2021-04-18,Imperial,025,180216,27991,27991,2823,30814,719
2021-04-18,Inyo,027,18085,1393,1392,2,1394,36
2021-04-18,Kern,029,883053,95750,95129,10914,106043,1290
2021-04-18,Kings,031,150075,22751,22685,1153,23838,243
2021-04-18,Lake,033,64148,3433,3413,9,3422,43
2021-04-18,Lassen,035,31185,5152,5156,109,5265,1
2021-04-18,Los Angeles,037,10098052,1193282,1188620,43132,1231752,23648
2021-04-18,Madera,039,155013,16327,16277,936,17213,231
2021-04-18,Marin,041,260295,13801,13801,243,14044,226
2021-04-18,Mariposa,043,17540,410,400,10,410,5
2021-04-18,Mendocino,045,87422,3794,3722,71,3793,46
2021-04-18,Merced,047,269075,30380,30405,980,31385,441
2021-04-18,Modoc,049,8938,367,359,122,481,3
2021-04-18,Mono,051,14174,1234,1254,12,1266,3
2021-04-18,Monterey,053,433212,42681,42638,1886,44524,356
2021-04-18,Napa,055,140530,9702,9674,33,9707,79
2021-04-18,Nevada,057,99092,4524,4464,190,4654,70
2021-04-18,Orange,059,3164182,252656,251940,11405,263345,4883
2021-04-18,Placer,061,380077,22286,21783,1432,23215,282
2021-04-18,Plumas,063,18699,679,665,11,676,4
2021-04-18,Riverside,065,2383286,288930,286043,14491,300534,4371
2021-04-18,Sacramento,067,1510023,101896,101354,1634,102988,1572
2021-04-18,San Benito,069,59416,5981,5989,115,6104,63
2021-04-18,San Bernardino,071,2135413,290335,289691,8959,298650,4556
2021-04-18,San Diego,073,3302833,275308,274961,14180,289141,3674
2021-04-18,San Francisco,075,870044,35928,36073,1339,37412,525
2021-04-18,San Joaquin,077,732212,71072,70466,3538,74004,1289
2021-04-18,San Luis Obispo,079,281455,20799,20656,725,21381,254
2021-04-18,San Mateo,081,765935,41595,41201,460,41661,352
2021-04-18,Santa Barbara,083,443738,34003,33769,1224,34993,446
2021-04-18,Santa Clara,085,1922200,116228,116996,721,117717,1944
2021-04-18,Santa Cruz,087,273765,15958,15580,867,16447,204
2021-04-18,Shasta,089,179085,11639,11658,1462,13120,189
2021-04-18,Sierra,091,2930,53,51,14,65,0
2021-04-18,Siskiyou,093,43540,1635,1538,305,1843,10
2021-04-18,Solano,095,438530,31675,31606,471,32077,239
2021-04-18,Sonoma,097,501317,29499,29660,305,29965,311
2021-04-18,Stanislaus,099,539301,54195,54132,5965,60097,728
2021-04-18,Sutter,101,95872,9286,9261,86,9347,109
2021-04-18,Tehama,103,63373,4885,4877,569,5446,52
2021-04-18,Trinity,105,12862,370,326,59,385,3
2021-04-18,Tulare,107,460477,49061,48618,9197,57815,829
2021-04-18,Tuolumne,109,53932,4010,4008,34,4042,58
2021-04-18,Ventura,111,848112,80209,79984,3036,83020,996
2021-04-18,Yolo,113,214977,13621,13562,280,13842,200
2021-04-18,Yuba,115,75493,5821,5804,120,5924,44
2021-04-17,Alameda,001,1643700,85623,85367,1956,87323,1247
2021-04-17,Alpine,003,1148,86,85,0,85,0
2021-04-17,Amador,005,37829,3634,3625,34,3659,46
2021-04-17,Butte,007,227075,11881,11573,1793,13366,196
2021-04-17,Calaveras,009,45235,2052,2045,12,2057,50
2021-04-17,Colusa,011,21464,1907,1912,292,2204,14
2021-04-17,Contra Costa,013,1133247,67288,66657,1240,67897,782
2021-04-17,Del Norte,015,27424,1250,1238,6,1244,6
2021-04-17,El Dorado,017,186661,9738,9692,707,10399,106
2021-04-17,Fresno,019,978130,100481,100562,8747,109309,1646
2021-04-17,Glenn,021,27897,2360,2357,552,2909,17
2021-04-17,Humboldt,023,135768,3656,3579,28,3607,35
2021-04-17,Imperial,025,180216,27980,27987,2822,30809,719
2021-04-17,Inyo,027,18085,1390,1392,2,1394,36
2021-04-17,Kern,029,883053,95732,95102,10911,106013,1290
2021-04-17,Kings,031,150075,22746,22678,1152,23830,243
2021-04-17,Lake,033,64148,3432,3409,9,3418,43
2021-04-17,Lassen,035,31185,5152,5154,109,5263,1
2021-04-17,Los Angeles,037,10098052,1193027,1188262,43099,1231361,23653
2021-04-17,Madera,039,155013,16323,16260,935,17195,231
2021-04-17,Marin,041,260295,13797,13797,242,14039,226
2021-04-17,Mariposa,043,17540,409,398,10,408,5
2021-04-17,Mendocino,045,87422,3791,3721,71,3792,46
2021-04-17,Merced,047,269075,30365,30392,978,31370,441
2021-04-17,Modoc,049,8938,367,357,122,479,3
2021-04-17,Mono,051,14174,1234,1253,12,1265,3
2021-04-17,Monterey,053,433212,42672,42630,1884,44514,356
2021-04-17,Napa,055,140530,9698,9666,33,9699,79
2021-04-17,Nevada,057,99092,4516,4457,190,4647,70
2021-04-17,Orange,059,3164182,252587,251873,11393,263266,4878
2021-04-17,Placer,061,380077,22264,21736,1427,23163,282
2021-04-17,Plumas,063,18699,678,666,11,677,4
2021-04-17,Riverside,065,2383286,288861,285963,14483,300446,4371
2021-04-17,Sacramento,067,1510023,101786,101172,1622,102794,1572
2021-04-17,San Benito,069,59416,5975,5986,115,6101,63
2021-04-17,San Bernardino,071,2135413,290280,289624,8956,298580,4555
2021-04-17,San Diego,073,3302833,275161,274812,14146,288958,3674
2021-04-17,San Francisco,075,870044,35907,36032,1336,37368,523
2021-04-17,San Joaquin,077,732212,71033,70372,3527,73899,1288
2021-04-17,San Luis Obispo,079,281455,20788,20642,720,21362,254
2021-04-17,San Mateo,081,765935,41572,41157,460,41617,352
2021-04-17,Santa Barbara,083,443738,33972,33738,1222,34960,446
2021-04-17,Santa Clara,085,1922200,116137,116887,718,117605,1944
2021-04-17,Santa Cruz,087,273765,15952,15571,867,16438,204
2021-04-17,Shasta,089,179085,11624,11647,1461,13108,189
2021-04-17,Sierra,091,2930,53,51,14,65,0
2021-04-17,Siskiyou,093,43540,1630,1539,304,1843,10
2021-04-17,Solano,095,438530,31644,31541,468,32009,239
2021-04-17,Sonoma,097,501317,29492,29637,305,29942,311
2021-04-17,Stanislaus,099,539301,54158,54058,5960,60018,728
2021-04-17,Sutter,101,95872,9280,9252,86,9338,109
2021-04-17,Tehama,103,63373,4879,4875,568,5443,52
2021-04-17,Trinity,105,12862,370,326,59,385,3
2021-04-17,Tulare,107,460477,49049,48603,9193,57796,829
2021-04-17,Tuolumne,109,53932,4008,4005,34,4039,58
2021-04-17,Ventura,111,848112,80189,79964,3036,83000,996
2021-04-17,Yolo,113,214977,13611,13580,280,13860,200
2021-04-17,Yuba,115,75493,5816,5802,119,5921,44
2021-04-16,Alameda,001,1643700,85543,85243,1954,87197,1245
2021-04-16,Alpine,003,1148,86,85,0,85,0
2021-04-16,Amador,005,37829,3629,3621,34,3655,46
2021-04-16,Butte,007,227075,11869,11549,1791,13340,196
2021-04-16,Calaveras,009,45235,2050,2042,12,2054,50
2021-04-16,Colusa,011,21464,1905,1911,292,2203,14
2021-04-16,Contra Costa,013,1133247,67233,66569,1237,67806,782
2021-04-16,Del Norte,015,27424,1249,1237,6,1243,6
2021-04-16,El Dorado,017,186661,9718,9665,703,10368,106
2021-04-16,Fresno,019,978130,100432,100500,8740,109240,1643
2021-04-16,Glenn,021,27897,2360,2355,552,2907,17
2021-04-16,Humboldt,023,135768,3635,3570,27,3597,35
2021-04-16,Imperial,025,180216,27970,27962,2821,30783,719
2021-04-16,Inyo,027,18085,1390,1392,2,1394,36
2021-04-16,Kern,029,883053,95703,95066,10908,105974,1288
2021-04-16,Kings,031,150075,22743,22667,1150,23817,243
2021-04-16,Lake,033,64148,3426,3406,9,3415,43
2021-04-16,Lassen,035,31185,5151,5155,109,5264,1
2021-04-16,Los Angeles,037,10098052,1192729,1187818,43060,1230878,23627
2021-04-16,Madera,039,155013,16318,16250,933,17183,231
2021-04-16,Marin,041,260295,13794,13788,242,14030,226
2021-04-16,Mariposa,043,17540,408,396,9,405,5
2021-04-16,Mendocino,045,87422,3789,3719,71,3790,46
2021-04-16,Merced,047,269075,30350,30355,978,31333,438
2021-04-16,Modoc,049,8938,367,355,122,477,3
2021-04-16,Mono,051,14174,1234,1253,12,1265,3
2021-04-16,Monterey,053,433212,42661,42620,1882,44502,351
2021-04-16,Napa,055,140530,9690,9653,33,9686,79
2021-04-16,Nevada,057,99092,4507,4443,190,4633,70
2021-04-16,Orange,059,3164182,252524,251770,11384,263154,4873
2021-04-16,Placer,061,380077,22236,21680,1421,23101,282
2021-04-16,Plumas,063,18699,677,665,11,676,4
2021-04-16,Riverside,065,2383286,288785,285818,14481,300299,4369
2021-04-16,Sacramento,067,1510023,101687,100993,1617,102610,1572
2021-04-16,San Benito,069,59416,5973,5982,115,6097,63
2021-04-16,San Bernardino,071,2135413,290233,289424,8954,298378,4550
2021-04-16,San Diego,073,3302833,275007,274567,14128,288695,3662
2021-04-16,San Francisco,075,870044,35882,35993,1332,37325,517
2021-04-16,San Joaquin,077,732212,70967,70280,3518,73798,1288
2021-04-16,San Luis Obispo,079,281455,20776,20623,719,21342,253
2021-04-16,San Mateo,081,765935,41543,41107,459,41566,352
2021-04-16,Santa Barbara,083,443738,33954,33703,1222,34925,446
2021-04-16,Santa Clara,085,1922200,116037,116693,715,117408,1941
2021-04-16,Santa Cruz,087,273765,15950,15539,867,16406,204
2021-04-16,Shasta,089,179085,11612,11623,1459,13082,189
2021-04-16,Sierra,091,2930,53,51,14,65,0
2021-04-16,Siskiyou,093,43540,1626,1530,302,1832,10
2021-04-16,Solano,095,438530,31605,31470,465,31935,239
2021-04-16,Sonoma,097,501317,29481,29617,305,29922,311
2021-04-16,Stanislaus,099,539301,54110,53983,5958,59941,728
2021-04-16,Sutter,101,95872,9274,9247,86,9333,109
2021-04-16,Tehama,103,63373,4878,4866,568,5434,52
2021-04-16,Trinity,105,12862,370,326,59,385,3
2021-04-16,Tulare,107,460477,49038,48583,9190,57773,830
2021-04-16,Tuolumne,109,53932,4005,4005,34,4039,58
2021-04-16,Ventura,111,848112,80164,79942,3031,82973,994
2021-04-16,Yolo,113,214977,13598,13559,278,13837,198
2021-04-16,Yuba,115,75493,5813,5795,118,5913,44
2021-04-15,Alameda,001,1643700,85436,85089,1952,87041,1246
2021-04-15,Alpine,003,1148,86,85,0,85,0
2021-04-15,Amador,005,37829,3628,3616,34,3650,46
2021-04-15,Butte,007,227075,11854,11529,1787,13316,196
2021-04-15,Calaveras,009,45235,2049,2039,12,2051,50
2021-04-15,Colusa,011,21464,1903,1909,291,2200,14
2021-04-15,Contra Costa,013,1133247,67159,66480,1233,67713,781
2021-04-15,Del Norte,015,27424,1242,1235,6,1241,6
2021-04-15,El Dorado,017,186661,9705,9639,701,10340,106
2021-04-15,Fresno,019,978130,100373,100431,8733,109164,1642
2021-04-15,Glenn,021,27897,2360,2354,552,2906,17
2021-04-15,Humboldt,023,135768,3613,3561,27,3588,35
2021-04-15,Imperial,025,180216,27942,27920,2818,30738,718
2021-04-15,Inyo,027,18085,1390,1393,2,1395,36
2021-04-15,Kern,029,883053,95672,94989,10893,105882,1289
2021-04-15,Kings,031,150075,22729,22648,1150,23798,242
2021-04-15,Lake,033,64148,3425,3399,9,3408,43
2021-04-15,Lassen,035,31185,5150,5152,109,5261,1
2021-04-15,Los Angeles,037,10098052,1192336,1187274,43020,1230294,23598
2021-04-15,Madera,039,155013,16303,16234,933,17167,231
2021-04-15,Marin,041,260295,13790,13783,241,14024,226
2021-04-15,Mariposa,043,17540,406,395,9,404,5
2021-04-15,Mendocino,045,87422,3788,3714,71,3785,46
2021-04-15,Merced,047,269075,30324,30325,977,31302,437
2021-04-15,Modoc,049,8938,367,355,122,477,3
2021-04-15,Mono,051,14174,1233,1253,12,1265,3
2021-04-15,Monterey,053,433212,42651,42604,1880,44484,347
2021-04-15,Napa,055,140530,9682,9645,33,9678,79
2021-04-15,Nevada,057,99092,4495,4434,189,4623,70
2021-04-15,Orange,059,3164182,252429,251679,11371,263050,4857
2021-04-15,Placer,061,380077,22207,21614,1414,23028,281
2021-04-15,Plumas,063,18699,675,665,11,676,4
2021-04-15,Riverside,065,2383286,288685,285698,14474,300172,4363
2021-04-15,Sacramento,067,1510023,101559,100782,1603,102385,1570
2021-04-15,San Benito,069,59416,5970,5969,114,6083,63
2021-04-15,San Bernardino,071,2135413,290146,289288,8946,298234,4544
2021-04-15,San Diego,073,3302833,274761,274250,14069,288319,3653
2021-04-15,San Francisco,075,870044,35864,35947,1329,37276,510
2021-04-15,San Joaquin,077,732212,70886,70189,3510,73699,1288
2021-04-15,San Luis Obispo,079,281455,20760,20591,716,21307,253
2021-04-15,San Mateo,081,765935,41504,41050,458,41508,352
2021-04-15,Santa Barbara,083,443738,33936,33672,1218,34890,446
2021-04-15,Santa Clara,085,1922200,115931,116602,711,117313,1927
2021-04-15,Santa Cruz,087,273765,15940,15509,867,16376,203
2021-04-15,Shasta,089,179085,11598,11597,1455,13052,191
2021-04-15,Sierra,091,2930,53,51,14,65,0
2021-04-15,Siskiyou,093,43540,1620,1524,302,1826,10
2021-04-15,Solano,095,438530,31567,31394,464,31858,239
2021-04-15,Sonoma,097,501317,29467,29587,305,29892,311
2021-04-15,Stanislaus,099,539301,54056,53918,5950,59868,728
2021-04-15,Sutter,101,95872,9267,9237,86,9323,109
2021-04-15,Tehama,103,63373,4876,4854,567,5421,52
2021-04-15,Trinity,105,12862,370,326,59,385,3
2021-04-15,Tulare,107,460477,49017,48556,9190,57746,829
2021-04-15,Tuolumne,109,53932,4005,4003,34,4037,57
2021-04-15,Ventura,111,848112,80145,79917,3029,82946,989
2021-04-15,Yolo,113,214977,13579,13547,276,13823,198
2021-04-15,Yuba,115,75493,5810,5788,118,5906,44
2021-04-14,Alameda,001,1643700,85338,85009,1951,86960,1247
2021-04-14,Alpine,003,1148,86,85,0,85,0
2021-04-14,Amador,005,37829,3627,3613,34,3647,46
2021-04-14,Butte,007,227075,11841,11513,1786,13299,196
2021-04-14,Calaveras,009,45235,2047,2037,12,2049,50
2021-04-14,Colusa,011,21464,1903,1905,291,2196,14
2021-04-14,Contra Costa,013,1133247,67073,66400,1227,67627,781
2021-04-14,Del Norte,015,27424,1242,1228,6,1234,6
2021-04-14,El Dorado,017,186661,9690,9625,696,10321,106
2021-04-14,Fresno,019,978130,100316,100376,8720,109096,1640
2021-04-14,Glenn,021,27897,2360,2353,552,2905,17
2021-04-14,Humboldt,023,135768,3592,3551,26,3577,35
2021-04-14,Imperial,025,180216,27921,27907,2815,30722,718
2021-04-14,Inyo,027,18085,1390,1392,2,1394,36
2021-04-14,Kern,029,883053,95647,94947,10886,105833,1287
2021-04-14,Kings,031,150075,22720,22641,1148,23789,243
2021-04-14,Lake,033,64148,3420,3396,9,3405,43
2021-04-14,Lassen,035,31185,5149,5151,109,5260,1
2021-04-14,Los Angeles,037,10098052,1191941,1186821,42970,1229791,23579
2021-04-14,Madera,039,155013,16294,16218,933,17151,231
2021-04-14,Marin,041,260295,13788,13768,240,14008,226
2021-04-14,Mariposa,043,17540,405,394,9,403,5
2021-04-14,Mendocino,045,87422,3783,3711,71,3782,46
2021-04-14,Merced,047,269075,30306,30296,977,31273,436
2021-04-14,Modoc,049,8938,367,355,122,477,3
2021-04-14,Mono,051,14174,1233,1252,12,1264,3
2021-04-14,Monterey,053,433212,42635,42595,1876,44471,347
2021-04-14,Napa,055,140530,9671,9643,33,9676,79
2021-04-14,Nevada,057,99092,4488,4421,189,4610,70
2021-04-14,Orange,059,3164182,252323,251568,11351,262919,4849
2021-04-14,Placer,061,380077,22174,21575,1413,22988,280
2021-04-14,Plumas,063,18699,675,665,11,676,4
2021-04-14,Riverside,065,2383286,288577,285583,14468,300051,4358
2021-04-14,Sacramento,067,1510023,101386,100645,1589,102234,1570
2021-04-14,San Benito,069,59416,5968,5960,114,6074,62
2021-04-14,San Bernardino,071,2135413,290079,289078,8943,298021,4523
2021-04-14,San Diego,073,3302833,274550,273969,14040,288009,3648
2021-04-14,San Francisco,075,870044,35826,35898,1328,37226,510
2021-04-14,San Joaquin,077,732212,70816,70095,3504,73599,1288
2021-04-14,San Luis Obispo,079,281455,20737,20561,706,21267,253
2021-04-14,San Mateo,081,765935,41464,40982,455,41437,352
2021-04-14,Santa Barbara,083,443738,33907,33650,1218,34868,445
2021-04-14,Santa Clara,085,1922200,115814,116488,708,117196,1922
2021-04-14,Santa Cruz,087,273765,15930,15481,867,16348,203
2021-04-14,Shasta,089,179085,11572,11581,1453,13034,190
2021-04-14,Sierra,091,2930,53,51,14,65,0
2021-04-14,Siskiyou,093,43540,1612,1518,301,1819,10
2021-04-14,Solano,095,438530,31515,31357,456,31813,239
2021-04-14,Sonoma,097,501317,29459,29572,303,29875,311
2021-04-14,Stanislaus,099,539301,53985,53836,5941,59777,727
2021-04-14,Sutter,101,95872,9259,9230,86,9316,106
2021-04-14,Tehama,103,63373,4871,4853,565,5418,52
2021-04-14,Trinity,105,12862,370,326,59,385,3
2021-04-14,Tulare,107,460477,48991,48527,9187,57714,827
2021-04-14,Tuolumne,109,53932,4004,3997,34,4031,57
2021-04-14,Ventura,111,848112,80109,79891,3027,82918,986
2021-04-14,Yolo,113,214977,13563,13530,274,13804,198
2021-04-14,Yuba,115,75493,5808,5778,118,5896,44
2021-04-13,Alameda,001,1643700,85232,84921,1946,86867,1239
2021-04-13,Alpine,003,1148,86,85,0,85,0
2021-04-13,Amador,005,37829,3624,3609,34,3643,46
2021-04-13,Butte,007,227075,11823,11497,1783,13280,196
2021-04-13,Calaveras,009,45235,2044,2035,12,2047,50
2021-04-13,Colusa,011,21464,1901,1905,289,2194,14
2021-04-13,Contra Costa,013,1133247,66983,66304,1227,67531,778
2021-04-13,Del Norte,015,27424,1237,1221,6,1227,6
2021-04-13,El Dorado,017,186661,9664,9609,694,10303,106
2021-04-13,Fresno,019,978130,100236,100357,8714,109071,1636
2021-04-13,Glenn,021,27897,2359,2351,552,2903,17
2021-04-13,Humboldt,023,135768,3575,3540,26,3566,35
2021-04-13,Imperial,025,180216,27903,27887,2806,30693,718
2021-04-13,Inyo,027,18085,1390,1391,2,1393,36
2021-04-13,Kern,029,883053,95603,94908,10874,105782,1285
2021-04-13,Kings,031,150075,22704,22636,1147,23783,243
2021-04-13,Lake,033,64148,3417,3390,9,3399,43
2021-04-13,Lassen,035,31185,5148,5147,109,5256,1
2021-04-13,Los Angeles,037,10098052,1191491,1186482,42924,1229406,23526
2021-04-13,Madera,039,155013,16284,16207,931,17138,231
2021-04-13,Marin,041,260295,13780,13760,239,13999,224
2021-04-13,Mariposa,043,17540,404,394,6,400,5
2021-04-13,Mendocino,045,87422,3777,3702,71,3773,46
2021-04-13,Merced,047,269075,30275,30276,975,31251,435
2021-04-13,Modoc,049,8938,367,355,122,477,3
2021-04-13,Mono,051,14174,1233,1251,12,1263,3
2021-04-13,Monterey,053,433212,42624,42577,1876,44453,347
2021-04-13,Napa,055,140530,9661,9627,33,9660,79
2021-04-13,Nevada,057,99092,4476,4415,189,4604,69
2021-04-13,Orange,059,3164182,252227,251491,11333,262824,4836
2021-04-13,Placer,061,380077,22137,21534,1410,22944,280
2021-04-13,Plumas,063,18699,674,665,11,676,4
2021-04-13,Riverside,065,2383286,288460,285505,14461,299966,4348
2021-04-13,Sacramento,067,1510023,101211,100551,1584,102135,1569
2021-04-13,San Benito,069,59416,5965,5946,114,6060,62
2021-04-13,San Bernardino,071,2135413,289964,288929,8937,297866,4521
2021-04-13,San Diego,073,3302833,274296,273709,14005,287714,3623
2021-04-13,San Francisco,075,870044,35790,35869,1324,37193,506
2021-04-13,San Joaquin,077,732212,70708,70034,3496,73530,1288
2021-04-13,San Luis Obispo,079,281455,20710,20536,696,21232,253
2021-04-13,San Mateo,081,765935,41419,40955,455,41410,353
2021-04-13,Santa Barbara,083,443738,33885,33613,1215,34828,444
2021-04-13,Santa Clara,085,1922200,115685,116363,706,117069,1923
2021-04-13,Santa Cruz,087,273765,15923,15449,867,16316,203
2021-04-13,Shasta,089,179085,11552,11536,1450,12986,189
2021-04-13,Sierra,091,2930,53,51,14,65,0
2021-04-13,Siskiyou,093,43540,1604,1511,297,1808,10
2021-04-13,Solano,095,438530,31467,31335,452,31787,239
2021-04-13,Sonoma,097,501317,29451,29544,302,29846,311
2021-04-13,Stanislaus,099,539301,53913,53797,5931,59728,722
2021-04-13,Sutter,101,95872,9255,9226,86,9312,106
2021-04-13,Tehama,103,63373,4864,4850,562,5412,52
2021-04-13,Trinity,105,12862,370,326,59,385,3
2021-04-13,Tulare,107,460477,48979,48511,9183,57694,825
2021-04-13,Tuolumne,109,53932,4002,3995,34,4029,57
2021-04-13,Ventura,111,848112,80077,79854,3025,82879,986
2021-04-13,Yolo,113,214977,13551,13516,273,13789,198
2021-04-13,Yuba,115,75493,5799,5776,118,5894,44
2021-04-12,Alameda,001,1643700,85129,84817,1944,86761,1238
2021-04-12,Alpine,003,1148,86,85,0,85,0
2021-04-12,Amador,005,37829,3623,3607,34,3641,46
2021-04-12,Butte,007,227075,11808,11488,1779,13267,193
2021-04-12,Calaveras,009,45235,2042,2033,12,2045,50
2021-04-12,Colusa,011,21464,1899,1904,287,2191,14
2021-04-12,Contra Costa,013,1133247,66902,66176,1227,67403,777
2021-04-12,Del Norte,015,27424,1234,1216,6,1222,6
2021-04-12,El Dorado,017,186661,9647,9588,692,10280,106
2021-04-12,Fresno,019,978130,100175,100277,8690,108967,1633
2021-04-12,Glenn,021,27897,2358,2349,552,2901,17
2021-04-12,Humboldt,023,135768,3561,3533,25,3558,35
2021-04-12,Imperial,025,180216,27873,27851,2801,30652,717
2021-04-12,Inyo,027,18085,1390,1390,2,1392,36
2021-04-12,Kern,029,883053,95568,94861,10862,105723,1283
2021-04-12,Kings,031,150075,22696,22621,1146,23767,241
2021-04-12,Lake,033,64148,3413,3380,9,3389,43
2021-04-12,Lassen,035,31185,5147,5147,109,5256,1
2021-04-12,Los Angeles,037,10098052,1190996,1186145,42882,1229027,23505
2021-04-12,Madera,039,155013,16273,16174,929,17103,231
2021-04-12,Marin,041,260295,13768,13751,236,13987,224
2021-04-12,Mariposa,043,17540,403,394,6,400,5
2021-04-12,Mendocino,045,87422,3776,3699,71,3770,46
2021-04-12,Merced,047,269075,30243,30261,973,31234,435
2021-04-12,Modoc,049,8938,365,352,122,474,3
2021-04-12,Mono,051,14174,1233,1251,12,1263,3
2021-04-12,Monterey,053,433212,42610,42555,1874,44429,346
2021-04-12,Napa,055,140530,9647,9603,33,9636,80
2021-04-12,Nevada,057,99092,4465,4408,189,4597,69
2021-04-12,Orange,059,3164182,252141,251350,11312,262662,4826
2021-04-12,Placer,061,380077,22088,21475,1405,22880,278
2021-04-12,Plumas,063,18699,672,666,11,677,4
2021-04-12,Riverside,065,2383286,288353,285361,14455,299816,4336
2021-04-12,Sacramento,067,1510023,101038,100394,1579,101973,1566
2021-04-12,San Benito,069,59416,5957,5942,113,6055,62
2021-04-12,San Bernardino,071,2135413,289857,288736,8925,297661,4493
2021-04-12,San Diego,073,3302833,274037,273431,13976,287407,3621
2021-04-12,San Francisco,075,870044,35757,35841,1322,37163,506
2021-04-12,San Joaquin,077,732212,70637,69968,3487,73455,1288
2021-04-12,San Luis Obispo,079,281455,20666,20515,682,21197,253
2021-04-12,San Mateo,081,765935,41377,40920,451,41371,353
2021-04-12,Santa Barbara,083,443738,33854,33606,1215,34821,444
2021-04-12,Santa Clara,085,1922200,115557,116252,704,116956,1923
2021-04-12,Santa Cruz,087,273765,15904,15406,867,16273,203
2021-04-12,Shasta,089,179085,11535,11509,1446,12955,189
2021-04-12,Sierra,091,2930,53,51,14,65,0
2021-04-12,Siskiyou,093,43540,1593,1511,295,1806,7
2021-04-12,Solano,095,438530,31426,31305,449,31754,238
2021-04-12,Sonoma,097,501317,29423,29500,302,29802,310
2021-04-12,Stanislaus,099,539301,53848,53722,5924,59646,707
2021-04-12,Sutter,101,95872,9244,9221,86,9307,106
2021-04-12,Tehama,103,63373,4855,4834,558,5392,52
2021-04-12,Trinity,105,12862,370,324,59,383,3
2021-04-12,Tulare,107,460477,48959,48495,9173,57668,824
2021-04-12,Tuolumne,109,53932,3998,3993,34,4027,57
2021-04-12,Ventura,111,848112,80044,79818,3023,82841,985
2021-04-12,Yolo,113,214977,13537,13510,272,13782,198
2021-04-12,Yuba,115,75493,5793,5773,118,5891,43
2021-04-11,Alameda,001,1643700,84992,84756,1939,86695,1238
2021-04-11,Alpine,003,1148,86,85,0,85,0
2021-04-11,Amador,005,37829,3621,3605,34,3639,46
2021-04-11,Butte,007,227075,11773,11487,1776,13263,193
2021-04-11,Calaveras,009,45235,2037,2036,12,2048,50
2021-04-11,Colusa,011,21464,1898,1904,286,2190,14
2021-04-11,Contra Costa,013,1133247,66793,66107,1224,67331,777
2021-04-11,Del Norte,015,27424,1228,1214,6,1220,6
2021-04-11,El Dorado,017,186661,9633,9575,689,10264,106
2021-04-11,Fresno,019,978130,100109,100230,8678,108908,1633
2021-04-11,Glenn,021,27897,2354,2348,551,2899,17
2021-04-11,Humboldt,023,135768,3552,3523,25,3548,35
2021-04-11,Imperial,025,180216,27849,27841,2799,30640,717
2021-04-11,Inyo,027,18085,1390,1390,2,1392,36
2021-04-11,Kern,029,883053,95510,94830,10853,105683,1283
2021-04-11,Kings,031,150075,22687,22618,1143,23761,241
2021-04-11,Lake,033,64148,3409,3377,9,3386,43
2021-04-11,Lassen,035,31185,5143,5147,109,5256,1
2021-04-11,Los Angeles,037,10098052,1190487,1185757,42838,1228595,23503
2021-04-11,Madera,039,155013,16255,16166,927,17093,231
2021-04-11,Marin,041,260295,13762,13741,234,13975,226
2021-04-11,Mariposa,043,17540,403,394,6,400,5
2021-04-11,Mendocino,045,87422,3774,3696,71,3767,46
2021-04-11,Merced,047,269075,30205,30249,972,31221,435
2021-04-11,Modoc,049,8938,364,352,120,472,3
2021-04-11,Mono,051,14174,1232,1250,12,1262,3
2021-04-11,Monterey,053,433212,42603,42547,1867,44414,346
2021-04-11,Napa,055,140530,9636,9592,33,9625,80
2021-04-11,Nevada,057,99092,4451,4394,189,4583,69
2021-04-11,Orange,059,3164182,252016,251233,11299,262532,4826
2021-04-11,Placer,061,380077,22031,21458,1400,22858,278
2021-04-11,Plumas,063,18699,672,666,11,677,4
2021-04-11,Riverside,065,2383286,288225,285269,14444,299713,4336
2021-04-11,Sacramento,067,1510023,100869,100296,1566,101862,1566
2021-04-11,San Benito,069,59416,5949,5941,112,6053,62
2021-04-11,San Bernardino,071,2135413,289746,288686,8918,297604,4492
2021-04-11,San Diego,073,3302833,273740,273287,13918,287205,3621
2021-04-11,San Francisco,075,870044,35721,35815,1319,37134,498
2021-04-11,San Joaquin,077,732212,70549,69939,3476,73415,1288
2021-04-11,San Luis Obispo,079,281455,20640,20501,679,21180,253
2021-04-11,San Mateo,081,765935,41319,40901,450,41351,353
2021-04-11,Santa Barbara,083,443738,33820,33591,1214,34805,444
2021-04-11,Santa Clara,085,1922200,115422,116161,701,116862,1923
2021-04-11,Santa Cruz,087,273765,15892,15382,867,16249,203
2021-04-11,Shasta,089,179085,11491,11504,1445,12949,189
2021-04-11,Sierra,091,2930,53,51,14,65,0
2021-04-11,Siskiyou,093,43540,1587,1509,291,1800,7
2021-04-11,Solano,095,438530,31374,31268,445,31713,238
2021-04-11,Sonoma,097,501317,29397,29496,298,29794,310
2021-04-11,Stanislaus,099,539301,53766,53683,5914,59597,707
2021-04-11,Sutter,101,95872,9235,9222,86,9308,106
2021-04-11,Tehama,103,63373,4852,4832,556,5388,52
2021-04-11,Trinity,105,12862,370,324,59,383,3
2021-04-11,Tulare,107,460477,48945,48479,9166,57645,824
2021-04-11,Tuolumne,109,53932,3996,3993,34,4027,57
2021-04-11,Ventura,111,848112,79998,79800,3016,82816,985
2021-04-11,Yolo,113,214977,13516,13496,270,13766,198
2021-04-11,Yuba,115,75493,5783,5768,118,5886,43
2021-04-10,Alameda,001,1643700,84927,84626,1939,86565,1238
2021-04-10,Alpine,003,1148,86,85,0,85,0
2021-04-10,Amador,005,37829,3619,3603,34,3637,46
2021-04-10,Butte,007,227075,11762,11482,1775,13257,193
2021-04-10,Calaveras,009,45235,2037,2032,12,2044,50
2021-04-10,Colusa,011,21464,1898,1902,286,2188,14
2021-04-10,Contra Costa,013,1133247,66732,66001,1221,67222,778
2021-04-10,Del Norte,015,27424,1225,1212,6,1218,6
2021-04-10,El Dorado,017,186661,9621,9549,686,10235,106
2021-04-10,Fresno,019,978130,100076,100135,8671,108806,1633
2021-04-10,Glenn,021,27897,2354,2343,551,2894,17
2021-04-10,Humboldt,023,135768,3542,3508,25,3533,35
2021-04-10,Imperial,025,180216,27835,27816,2799,30615,717
2021-04-10,Inyo,027,18085,1390,1387,2,1389,36
2021-04-10,Kern,029,883053,95496,94802,10847,105649,1284
2021-04-10,Kings,031,150075,22683,22614,1141,23755,241
2021-04-10,Lake,033,64148,3404,3368,9,3377,43
2021-04-10,Lassen,035,31185,5143,5146,108,5254,1
2021-04-10,Los Angeles,037,10098052,1190217,1185246,42818,1228064,23493
2021-04-10,Madera,039,155013,16247,16143,926,17069,231
2021-04-10,Marin,041,260295,13757,13731,234,13965,226
2021-04-10,Mariposa,043,17540,400,393,6,399,5
2021-04-10,Mendocino,045,87422,3772,3696,71,3767,46
2021-04-10,Merced,047,269075,30185,30225,971,31196,435
2021-04-10,Modoc,049,8938,364,352,120,472,3
2021-04-10,Mono,051,14174,1232,1249,12,1261,3
2021-04-10,Monterey,053,433212,42592,42527,1866,44393,346
2021-04-10,Napa,055,140530,9629,9569,33,9602,79
2021-04-10,Nevada,057,99092,4444,4379,189,4568,69
2021-04-10,Orange,059,3164182,251923,251139,11291,262430,4818
2021-04-10,Placer,061,380077,22000,21402,1394,22796,278
2021-04-10,Plumas,063,18699,672,666,11,677,4
2021-04-10,Riverside,065,2383286,288146,285082,14436,299518,4336
2021-04-10,Sacramento,067,1510023,100767,100048,1564,101612,1566
2021-04-10,San Benito,069,59416,5938,5932,111,6043,62
2021-04-10,San Bernardino,071,2135413,289682,288590,8911,297501,4489
2021-04-10,San Diego,073,3302833,273524,273058,13899,286957,3613
2021-04-10,San Francisco,075,870044,35691,35774,1315,37089,498
2021-04-10,San Joaquin,077,732212,70514,69852,3466,73318,1288
2021-04-10,San Luis Obispo,079,281455,20625,20461,677,21138,253
2021-04-10,San Mateo,081,765935,41286,40878,450,41328,350
2021-04-10,Santa Barbara,083,443738,33792,33541,1212,34753,444
2021-04-10,Santa Clara,085,1922200,115326,116015,700,116715,1923
2021-04-10,Santa Cruz,087,273765,15886,15360,867,16227,203
2021-04-10,Shasta,089,179085,11483,11492,1441,12933,189
2021-04-10,Sierra,091,2930,53,51,14,65,0
2021-04-10,Siskiyou,093,43540,1584,1512,291,1803,7
2021-04-10,Solano,095,438530,31340,31218,441,31659,238
2021-04-10,Sonoma,097,501317,29382,29469,297,29766,310
2021-04-10,Stanislaus,099,539301,53732,53596,5907,59503,707
2021-04-10,Sutter,101,95872,9233,9214,86,9300,106
2021-04-10,Tehama,103,63373,4850,4820,554,5374,52
2021-04-10,Trinity,105,12862,370,324,59,383,3
2021-04-10,Tulare,107,460477,48936,48470,9160,57630,824
2021-04-10,Tuolumne,109,53932,3993,3991,34,4025,57
2021-04-10,Ventura,111,848112,79970,79758,3014,82772,985
2021-04-10,Yolo,113,214977,13507,13494,269,13763,198
2021-04-10,Yuba,115,75493,5780,5757,117,5874,43
2021-04-09,Alameda,001,1643700,84854,84404,1931,86335,1237
2021-04-09,Alpine,003,1148,86,85,0,85,0
2021-04-09,Amador,005,37829,3618,3600,34,3634,46
2021-04-09,Butte,007,227075,11752,11454,1774,13228,193
2021-04-09,Calaveras,009,45235,2036,2028,12,2040,50
2021-04-09,Colusa,011,21464,1898,1898,286,2184,14
2021-04-09,Contra Costa,013,1133247,66639,65857,1215,67072,777
2021-04-09,Del Norte,015,27424,1224,1207,6,1213,6
2021-04-09,El Dorado,017,186661,9598,9528,682,10210,106
2021-04-09,Fresno,019,978130,100042,100027,8666,108693,1630
2021-04-09,Glenn,021,27897,2354,2337,551,2888,17
2021-04-09,Humboldt,023,135768,3532,3496,25,3521,35
2021-04-09,Imperial,025,180216,27820,27764,2797,30561,717
2021-04-09,Inyo,027,18085,1389,1386,2,1388,36
2021-04-09,Kern,029,883053,95458,94675,10845,105520,1282
2021-04-09,Kings,031,150075,22674,22595,1138,23733,242
2021-04-09,Lake,033,64148,3400,3362,9,3371,43
2021-04-09,Lassen,035,31185,5143,5140,108,5248,1
2021-04-09,Los Angeles,037,10098052,1189852,1184501,42786,1227287,23458
2021-04-09,Madera,039,155013,16244,16118,926,17044,231
2021-04-09,Marin,041,260295,13750,13721,234,13955,226
2021-04-09,Mariposa,043,17540,400,393,6,399,5
2021-04-09,Mendocino,045,87422,3770,3693,71,3764,46
2021-04-09,Merced,047,269075,30156,30179,970,31149,435
2021-04-09,Modoc,049,8938,363,352,120,472,3
2021-04-09,Mono,051,14174,1232,1247,12,1259,3
2021-04-09,Monterey,053,433212,42583,42481,1862,44343,344
2021-04-09,Napa,055,140530,9610,9574,33,9607,80
2021-04-09,Nevada,057,99092,4436,4373,189,4562,69
2021-04-09,Orange,059,3164182,251849,250852,11286,262138,4813
2021-04-09,Placer,061,380077,21969,21327,1386,22713,278
2021-04-09,Plumas,063,18699,671,666,11,677,4
2021-04-09,Riverside,065,2383286,288063,284562,14430,298992,4325
2021-04-09,Sacramento,067,1510023,100612,99722,1556,101278,1564
2021-04-09,San Benito,069,59416,5933,5925,110,6035,62
2021-04-09,San Bernardino,071,2135413,289613,288000,8908,296908,4467
2021-04-09,San Diego,073,3302833,273326,272697,13857,286554,3600
2021-04-09,San Francisco,075,870044,35649,35716,1310,37026,497
2021-04-09,San Joaquin,077,732212,70451,69675,3454,73129,1281
2021-04-09,San Luis Obispo,079,281455,20612,20427,676,21103,252
2021-04-09,San Mateo,081,765935,41251,40800,449,41249,350
2021-04-09,Santa Barbara,083,443738,33769,33424,1209,34633,444
2021-04-09,Santa Clara,085,1922200,115242,115749,698,116447,1923
2021-04-09,Santa Cruz,087,273765,15881,15331,867,16198,203
2021-04-09,Shasta,089,179085,11473,11478,1438,12916,188
2021-04-09,Sierra,091,2930,53,51,14,65,0
2021-04-09,Siskiyou,093,43540,1581,1510,290,1800,7
2021-04-09,Solano,095,438530,31307,31166,436,31602,238
2021-04-09,Sonoma,097,501317,29369,29433,297,29730,310
2021-04-09,Stanislaus,099,539301,53677,53504,5898,59402,705
2021-04-09,Sutter,101,95872,9226,9201,86,9287,106
2021-04-09,Tehama,103,63373,4844,4806,554,5360,52
2021-04-09,Trinity,105,12862,369,324,59,383,3
2021-04-09,Tulare,107,460477,48932,48430,9154,57584,824
2021-04-09,Tuolumne,109,53932,3992,3986,34,4020,57
2021-04-09,Ventura,111,848112,79942,79698,3014,82712,987
2021-04-09,Yolo,113,214977,13496,13478,267,13745,198
2021-04-09,Yuba,115,75493,5773,5754,117,5871,43
2021-04-08,Alameda,001,1643700,84752,84213,1927,86140,1232
2021-04-08,Alpine,003,1148,86,85,0,85,0
2021-04-08,Amador,005,37829,3614,3595,34,3629,46
2021-04-08,Butte,007,227075,11741,11414,1773,13187,193
2021-04-08,Calaveras,009,45235,2034,2027,12,2039,50
2021-04-08,Colusa,011,21464,1897,1897,286,2183,14
2021-04-08,Contra Costa,013,1133247,66530,65706,1212,66918,775
2021-04-08,Del Norte,015,27424,1218,1201,6,1207,6
2021-04-08,El Dorado,017,186661,9582,9513,676,10189,106
2021-04-08,Fresno,019,978130,99979,99935,8659,108594,1627
2021-04-08,Glenn,021,27897,2352,2337,551,2888,17
2021-04-08,Humboldt,023,135768,3522,3486,25,3511,35
2021-04-08,Imperial,025,180216,27793,27744,2794,30538,713
2021-04-08,Inyo,027,18085,1388,1386,2,1388,36
2021-04-08,Kern,029,883053,95413,94493,10832,105325,1281
2021-04-08,Kings,031,150075,22668,22589,1135,23724,243
2021-04-08,Lake,033,64148,3393,3360,9,3369,43
2021-04-08,Lassen,035,31185,5142,5136,108,5244,1
2021-04-08,Los Angeles,037,10098052,1189354,1184443,42747,1227190,23416
2021-04-08,Madera,039,155013,16232,16103,926,17029,231
2021-04-08,Marin,041,260295,13743,13704,234,13938,226
2021-04-08,Mariposa,043,17540,399,393,6,399,5
2021-04-08,Mendocino,045,87422,3768,3690,71,3761,45
2021-04-08,Merced,047,269075,30134,30163,970,31133,430
2021-04-08,Modoc,049,8938,363,352,120,472,3
2021-04-08,Mono,051,14174,1230,1247,12,1259,3
2021-04-08,Monterey,053,433212,42562,42437,1857,44294,342
2021-04-08,Napa,055,140530,9593,9569,33,9602,80
2021-04-08,Nevada,057,99092,4425,4367,189,4556,69
2021-04-08,Orange,059,3164182,251742,250529,11270,261799,4797
2021-04-08,Placer,061,380077,21929,21258,1377,22635,277
2021-04-08,Plumas,063,18699,671,665,11,676,4
2021-04-08,Riverside,065,2383286,287952,283853,14425,298278,4296
2021-04-08,Sacramento,067,1510023,100470,99319,1544,100863,1561
2021-04-08,San Benito,069,59416,5930,5914,108,6022,62
2021-04-08,San Bernardino,071,2135413,289515,287190,8905,296095,4445
2021-04-08,San Diego,073,3302833,273097,272495,13821,286316,3592
2021-04-08,San Francisco,075,870044,35626,35657,1309,36966,494
2021-04-08,San Joaquin,077,732212,70381,69479,3448,72927,1279
2021-04-08,San Luis Obispo,079,281455,20593,20402,673,21075,252
2021-04-08,San Mateo,081,765935,41211,40749,449,41198,350
2021-04-08,Santa Barbara,083,443738,33745,33309,1208,34517,444
2021-04-08,Santa Clara,085,1922200,115136,115487,697,116184,1905
2021-04-08,Santa Cruz,087,273765,15875,15296,867,16163,203
2021-04-08,Shasta,089,179085,11463,11466,1434,12900,186
2021-04-08,Sierra,091,2930,53,51,14,65,0
2021-04-08,Siskiyou,093,43540,1578,1511,290,1801,7
2021-04-08,Solano,095,438530,31258,31120,436,31556,238
2021-04-08,Sonoma,097,501317,29349,29410,296,29706,310
2021-04-08,Stanislaus,099,539301,53599,53401,5888,59289,706
2021-04-08,Sutter,101,95872,9222,9195,86,9281,106
2021-04-08,Tehama,103,63373,4840,4802,554,5356,52
2021-04-08,Trinity,105,12862,369,324,59,383,3
2021-04-08,Tulare,107,460477,48919,48409,9143,57552,821
2021-04-08,Tuolumne,109,53932,3992,3986,34,4020,57
2021-04-08,Ventura,111,848112,79905,79626,3010,82636,986
2021-04-08,Yolo,113,214977,13487,13468,266,13734,198
2021-04-08,Yuba,115,75493,5769,5743,117,5860,43
2021-04-07,Alameda,001,1643700,84668,84130,1923,86053,1224
2021-04-07,Alpine,003,1148,86,85,0,85,0
2021-04-07,Amador,005,37829,3611,3590,34,3624,46
2021-04-07,Butte,007,227075,11737,11405,1770,13175,193
2021-04-07,Calaveras,009,45235,2030,2022,12,2034,50
2021-04-07,Colusa,011,21464,1893,1894,285,2179,14
2021-04-07,Contra Costa,013,1133247,66444,65619,1211,66830,775
2021-04-07,Del Norte,015,27424,1216,1198,6,1204,6
2021-04-07,El Dorado,017,186661,9561,9500,671,10171,106
2021-04-07,Fresno,019,978130,99914,99865,8649,108514,1627
2021-04-07,Glenn,021,27897,2349,2337,550,2887,17
2021-04-07,Humboldt,023,135768,3510,3484,25,3509,35
2021-04-07,Imperial,025,180216,27769,27704,2788,30492,713
2021-04-07,Inyo,027,18085,1387,1386,2,1388,36
2021-04-07,Kern,029,883053,95377,94456,10817,105273,1275
2021-04-07,Kings,031,150075,22666,22589,1135,23724,243
2021-04-07,Lake,033,64148,3391,3358,9,3367,43
2021-04-07,Lassen,035,31185,5142,5137,108,5245,1
2021-04-07,Los Angeles,037,10098052,1188922,1183862,42722,1226584,23372
2021-04-07,Madera,039,155013,16213,16090,925,17015,231
2021-04-07,Marin,041,260295,13732,13688,232,13920,225
2021-04-07,Mariposa,043,17540,398,391,6,397,5
2021-04-07,Mendocino,045,87422,3767,3691,71,3762,45
2021-04-07,Merced,047,269075,30110,30132,966,31098,430
2021-04-07,Modoc,049,8938,363,351,120,471,3
2021-04-07,Mono,051,14174,1230,1246,12,1258,3
2021-04-07,Monterey,053,433212,42544,42427,1856,44283,341
2021-04-07,Napa,055,140530,9579,9556,33,9589,80
2021-04-07,Nevada,057,99092,4419,4364,189,4553,69
2021-04-07,Orange,059,3164182,251620,250378,11246,261624,4778
2021-04-07,Placer,061,380077,21883,21227,1369,22596,276
2021-04-07,Plumas,063,18699,671,665,11,676,4
2021-04-07,Riverside,065,2383286,287842,283749,14415,298164,4285
2021-04-07,Sacramento,067,1510023,100304,99202,1538,100740,1544
2021-04-07,San Benito,069,59416,5925,5912,107,6019,62
2021-04-07,San Bernardino,071,2135413,289395,286978,8900,295878,4433
2021-04-07,San Diego,073,3302833,272872,272195,13792,285987,3588
2021-04-07,San Francisco,075,870044,35586,35618,1305,36923,493
2021-04-07,San Joaquin,077,732212,70312,69375,3443,72818,1278
2021-04-07,San Luis Obispo,079,281455,20567,20373,670,21043,252
2021-04-07,San Mateo,081,765935,41167,40693,449,41142,350
2021-04-07,Santa Barbara,083,443738,33720,33289,1205,34494,444
2021-04-07,Santa Clara,085,1922200,115006,115311,695,116006,1900
2021-04-07,Santa Cruz,087,273765,15865,15275,866,16141,203
2021-04-07,Shasta,089,179085,11451,11456,1429,12885,184
2021-04-07,Sierra,091,2930,53,51,14,65,0
2021-04-07,Siskiyou,093,43540,1572,1512,289,1801,7
2021-04-07,Solano,095,438530,31208,31097,435,31532,238
2021-04-07,Sonoma,097,501317,29331,29394,295,29689,310
2021-04-07,Stanislaus,099,539301,53531,53344,5878,59222,686
2021-04-07,Sutter,101,95872,9219,9188,86,9274,106
2021-04-07,Tehama,103,63373,4833,4802,551,5353,52
2021-04-07,Trinity,105,12862,369,322,59,381,3
2021-04-07,Tulare,107,460477,48906,48386,9131,57517,820
2021-04-07,Tuolumne,109,53932,3990,3982,34,4016,57
2021-04-07,Ventura,111,848112,79871,79595,3008,82603,986
2021-04-07,Yolo,113,214977,13471,13450,264,13714,198
2021-04-07,Yuba,115,75493,5765,5737,117,5854,43
2021-04-06,Alameda,001,1643700,84556,84091,1918,86009,1223
2021-04-06,Alpine,003,1148,86,85,0,85,0
2021-04-06,Amador,005,37829,3610,3587,34,3621,45
2021-04-06,Butte,007,227075,11722,11396,1769,13165,193
2021-04-06,Calaveras,009,45235,2027,2021,12,2033,50
2021-04-06,Colusa,011,21464,1891,1894,283,2177,14
2021-04-06,Contra Costa,013,1133247,66367,65575,1210,66785,774
2021-04-06,Del Norte,015,27424,1211,1197,6,1203,6
2021-04-06,El Dorado,017,186661,9532,9489,669,10158,106
2021-04-06,Fresno,019,978130,99850,99814,8643,108457,1626
2021-04-06,Glenn,021,27897,2348,2335,550,2885,17
2021-04-06,Humboldt,023,135768,3501,3477,25,3502,35
2021-04-06,Imperial,025,180216,27736,27661,2778,30439,713
2021-04-06,Inyo,027,18085,1387,1379,2,1381,36
2021-04-06,Kern,029,883053,95333,94422,10811,105233,1259
2021-04-06,Kings,031,150075,22660,22587,1135,23722,240
2021-04-06,Lake,033,64148,3388,3358,9,3367,43
2021-04-06,Lassen,035,31185,5140,5137,108,5245,1
2021-04-06,Los Angeles,037,10098052,1188417,1183499,42677,1226176,23323
2021-04-06,Madera,039,155013,16194,16085,920,17005,230
2021-04-06,Marin,041,260295,13723,13675,229,13904,224
2021-04-06,Mariposa,043,17540,398,390,6,396,5
2021-04-06,Mendocino,045,87422,3765,3686,71,3757,45
2021-04-06,Merced,047,269075,30081,30100,961,31061,430
2021-04-06,Modoc,049,8938,362,351,120,471,3
2021-04-06,Mono,051,14174,1230,1246,12,1258,3
2021-04-06,Monterey,053,433212,42535,42412,1855,44267,341
2021-04-06,Napa,055,140530,9560,9509,33,9542,78
2021-04-06,Nevada,057,99092,4409,4356,187,4543,69
2021-04-06,Orange,059,3164182,251513,250304,11231,261535,4771
2021-04-06,Placer,061,380077,21836,21184,1366,22550,276
2021-04-06,Plumas,063,18699,671,665,11,676,4
2021-04-06,Riverside,065,2383286,287665,283622,14404,298026,4264
2021-04-06,Sacramento,067,1510023,100096,99110,1529,100639,1537
2021-04-06,San Benito,069,59416,5916,5907,107,6014,62
2021-04-06,San Bernardino,071,2135413,289284,286792,8890,295682,4428
2021-04-06,San Diego,073,3302833,272610,271867,13764,285631,3585
2021-04-06,San Francisco,075,870044,35543,35572,1305,36877,488
2021-04-06,San Joaquin,077,732212,70229,69316,3430,72746,1278
2021-04-06,San Luis Obispo,079,281455,20546,20350,666,21016,252
2021-04-06,San Mateo,081,765935,41119,40649,448,41097,350
2021-04-06,Santa Barbara,083,443738,33702,33257,1204,34461,443
2021-04-06,Santa Clara,085,1922200,114836,115184,693,115877,1900
2021-04-06,Santa Cruz,087,273765,15855,15252,866,16118,203
2021-04-06,Shasta,089,179085,11430,11443,1427,12870,184
2021-04-06,Sierra,091,2930,53,51,14,65,0
2021-04-06,Siskiyou,093,43540,1568,1510,286,1796,7
2021-04-06,Solano,095,438530,31161,31078,434,31512,237
2021-04-06,Sonoma,097,501317,29306,29386,293,29679,311
2021-04-06,Stanislaus,099,539301,53474,53304,5872,59176,686
2021-04-06,Sutter,101,95872,9209,9179,86,9265,106
2021-04-06,Tehama,103,63373,4824,4798,551,5349,52
2021-04-06,Trinity,105,12862,369,321,59,380,3
2021-04-06,Tulare,107,460477,48863,48372,9127,57499,819
2021-04-06,Tuolumne,109,53932,3990,3981,34,4015,57
2021-04-06,Ventura,111,848112,79834,79556,3006,82562,983
2021-04-06,Yolo,113,214977,13458,13443,263,13706,198
2021-04-06,Yuba,115,75493,5761,5733,116,5849,43
2021-04-05,Alameda,001,1643700,84438,84007,1913,85920,1219
2021-04-05,Alpine,003,1148,86,85,0,85,0
2021-04-05,Amador,005,37829,3607,3584,34,3618,45
2021-04-05,Butte,007,227075,11707,11384,1767,13151,193
2021-04-05,Calaveras,009,45235,2023,2019,12,2031,50
2021-04-05,Colusa,011,21464,1891,1894,282,2176,14
2021-04-05,Contra Costa,013,1133247,66301,65457,1208,66665,774
2021-04-05,Del Norte,015,27424,1209,1189,6,1195,6
2021-04-05,El Dorado,017,186661,9517,9463,669,10132,106
2021-04-05,Fresno,019,978130,99763,99755,8634,108389,1622
2021-04-05,Glenn,021,27897,2347,2335,550,2885,17
2021-04-05,Humboldt,023,135768,3492,3475,25,3500,35
2021-04-05,Imperial,025,180216,27705,27604,2772,30376,710
2021-04-05,Inyo,027,18085,1384,1377,2,1379,36
2021-04-05,Kern,029,883053,95279,94401,10785,105186,1249
2021-04-05,Kings,031,150075,22656,22580,1135,23715,239
2021-04-05,Lake,033,64148,3380,3359,9,3368,43
2021-04-05,Lassen,035,31185,5140,5138,107,5245,1
2021-04-05,Los Angeles,037,10098052,1187884,1183200,42625,1225825,23302
2021-04-05,Madera,039,155013,16180,16065,919,16984,230
2021-04-05,Marin,041,260295,13709,13666,225,13891,221
2021-04-05,Mariposa,043,17540,398,390,6,396,5
2021-04-05,Mendocino,045,87422,3763,3687,71,3758,45
2021-04-05,Merced,047,269075,30054,30068,960,31028,427
2021-04-05,Modoc,049,8938,360,346,120,466,3
2021-04-05,Mono,051,14174,1230,1246,12,1258,3
2021-04-05,Monterey,053,433212,42522,42396,1851,44247,341
2021-04-05,Napa,055,140530,9537,9492,33,9525,78
2021-04-05,Nevada,057,99092,4398,4346,187,4533,69
2021-04-05,Orange,059,3164182,251399,250177,11207,261384,4759
2021-04-05,Placer,061,380077,21790,21133,1358,22491,276
2021-04-05,Plumas,063,18699,671,666,11,677,4
2021-04-05,Riverside,065,2383286,287533,283549,14392,297941,4237
2021-04-05,Sacramento,067,1510023,99935,98908,1521,100429,1533
2021-04-05,San Benito,069,59416,5910,5904,107,6011,61
2021-04-05,San Bernardino,071,2135413,289173,286597,8887,295484,4425
2021-04-05,San Diego,073,3302833,272362,271655,13723,285378,3583
2021-04-05,San Francisco,075,870044,35512,35538,1305,36843,488
2021-04-05,San Joaquin,077,732212,70142,69214,3420,72634,1268
2021-04-05,San Luis Obispo,079,281455,20509,20333,666,20999,252
2021-04-05,San Mateo,081,765935,41076,40609,447,41056,350
2021-04-05,Santa Barbara,083,443738,33669,33235,1204,34439,443
2021-04-05,Santa Clara,085,1922200,114671,115091,690,115781,1893
2021-04-05,Santa Cruz,087,273765,15848,15228,866,16094,201
2021-04-05,Shasta,089,179085,11411,11435,1422,12857,184
2021-04-05,Sierra,091,2930,53,50,14,64,0
2021-04-05,Siskiyou,093,43540,1565,1509,284,1793,7
2021-04-05,Solano,095,438530,31121,31026,432,31458,237
2021-04-05,Sonoma,097,501317,29274,29361,291,29652,311
2021-04-05,Stanislaus,099,539301,53394,53238,5869,59107,686
2021-04-05,Sutter,101,95872,9202,9169,86,9255,106
2021-04-05,Tehama,103,63373,4818,4794,551,5345,52
2021-04-05,Trinity,105,12862,368,321,59,380,3
2021-04-05,Tulare,107,460477,48851,48356,9120,57476,818
2021-04-05,Tuolumne,109,53932,3989,3980,34,4014,57
2021-04-05,Ventura,111,848112,79804,79549,3002,82551,983
2021-04-05,Yolo,113,214977,13444,13427,262,13689,198
2021-04-05,Yuba,115,75493,5756,5728,115,5843,43
2021-04-04,Alameda,001,1643700,84319,83951,1908,85859,1219
2021-04-04,Alpine,003,1148,86,85,0,85,0
2021-04-04,Amador,005,37829,3601,3582,34,3616,45
2021-04-04,Butte,007,227075,11692,11375,1766,13141,193
2021-04-04,Calaveras,009,45235,2019,2020,12,2032,50
2021-04-04,Colusa,011,21464,1890,1893,282,2175,14
2021-04-04,Contra Costa,013,1133247,66195,65408,1203,66611,774
2021-04-04,Del Norte,015,27424,1201,1186,6,1192,6
2021-04-04,El Dorado,017,186661,9498,9455,665,10120,106
2021-04-04,Fresno,019,978130,99689,99702,8621,108323,1622
2021-04-04,Glenn,021,27897,2344,2335,549,2884,17
2021-04-04,Humboldt,023,135768,3481,3472,25,3497,35
2021-04-04,Imperial,025,180216,27649,27588,2770,30358,710
2021-04-04,Inyo,027,18085,1380,1377,2,1379,36
2021-04-04,Kern,029,883053,95238,94388,10761,105149,1247
2021-04-04,Kings,031,150075,22654,22580,1134,23714,239
2021-04-04,Lake,033,64148,3374,3355,8,3363,43
2021-04-04,Lassen,035,31185,5139,5138,107,5245,1
2021-04-04,Los Angeles,037,10098052,1187345,1182872,42577,1225449,23301
2021-04-04,Madera,039,155013,16154,16052,915,16967,230
2021-04-04,Marin,041,260295,13696,13663,224,13887,221
2021-04-04,Mariposa,043,17540,398,390,6,396,5
2021-04-04,Mendocino,045,87422,3760,3684,71,3755,45
2021-04-04,Merced,047,269075,30011,30048,957,31005,427
2021-04-04,Modoc,049,8938,360,346,120,466,3
2021-04-04,Mono,051,14174,1229,1245,12,1257,3
2021-04-04,Monterey,053,433212,42505,42391,1850,44241,341
2021-04-04,Napa,055,140530,9525,9486,33,9519,78
2021-04-04,Nevada,057,99092,4386,4337,186,4523,69
2021-04-04,Orange,059,3164182,251263,250117,11192,261309,4759
2021-04-04,Placer,061,380077,21745,21104,1339,22443,276
2021-04-04,Plumas,063,18699,671,666,11,677,4
2021-04-04,Riverside,065,2383286,287410,283537,14388,297925,4237
2021-04-04,Sacramento,067,1510023,99735,98821,1513,100334,1531
2021-04-04,San Benito,069,59416,5900,5901,103,6004,61
2021-04-04,San Bernardino,071,2135413,289032,286561,8879,295440,4423
2021-04-04,San Diego,073,3302833,272051,271528,13681,285209,3583
2021-04-04,San Francisco,075,870044,35458,35525,1302,36827,488
2021-04-04,San Joaquin,077,732212,70041,69147,3408,72555,1268
2021-04-04,San Luis Obispo,079,281455,20477,20328,658,20986,252
2021-04-04,San Mateo,081,765935,41033,40587,444,41031,350
2021-04-04,Santa Barbara,083,443738,33633,33213,1204,34417,443
2021-04-04,Santa Clara,085,1922200,114505,114976,683,115659,1893
2021-04-04,Santa Cruz,087,273765,15839,15219,866,16085,201
2021-04-04,Shasta,089,179085,11385,11433,1421,12854,184
2021-04-04,Sierra,091,2930,53,50,14,64,0
2021-04-04,Siskiyou,093,43540,1562,1509,280,1789,7
2021-04-04,Solano,095,438530,31074,31002,430,31432,237
2021-04-04,Sonoma,097,501317,29242,29340,289,29629,311
2021-04-04,Stanislaus,099,539301,53301,53181,5861,59042,686
2021-04-04,Sutter,101,95872,9195,9164,86,9250,106
2021-04-04,Tehama,103,63373,4806,4792,550,5342,52
2021-04-04,Trinity,105,12862,366,321,59,380,3
2021-04-04,Tulare,107,460477,48836,48343,9112,57455,818
2021-04-04,Tuolumne,109,53932,3981,3980,34,4014,57
2021-04-04,Ventura,111,848112,79761,79526,3001,82527,983
2021-04-04,Yolo,113,214977,13423,13425,261,13686,198
2021-04-04,Yuba,115,75493,5749,5722,115,5837,43
2021-04-03,Alameda,001,1643700,84251,83861,1906,85767,1218
2021-04-03,Alpine,003,1148,86,85,0,85,0
2021-04-03,Amador,005,37829,3598,3577,34,3611,45
2021-04-03,Butte,007,227075,11688,11359,1762,13121,193
2021-04-03,Calaveras,009,45235,2017,2019,12,2031,50
2021-04-03,Colusa,011,21464,1890,1891,282,2173,14
2021-04-03,Contra Costa,013,1133247,66123,65338,1203,66541,774
2021-04-03,Del Norte,015,27424,1196,1183,6,1189,6
2021-04-03,El Dorado,017,186661,9489,9448,664,10112,106
2021-04-03,Fresno,019,978130,99632,99602,8616,108218,1622
2021-04-03,Glenn,021,27897,2344,2334,548,2882,17
2021-04-03,Humboldt,023,135768,3479,3467,25,3492,35
2021-04-03,Imperial,025,180216,27634,27572,2766,30338,710
2021-04-03,Inyo,027,18085,1379,1376,2,1378,36
2021-04-03,Kern,029,883053,95215,94369,10743,105112,1243
2021-04-03,Kings,031,150075,22652,22580,1134,23714,239
2021-04-03,Lake,033,64148,3373,3350,8,3358,43
2021-04-03,Lassen,035,31185,5138,5136,107,5243,1
2021-04-03,Los Angeles,037,10098052,1187047,1182402,42558,1224960,23301
2021-04-03,Madera,039,155013,16145,16051,913,16964,230
2021-04-03,Marin,041,260295,13688,13658,223,13881,221
2021-04-03,Mariposa,043,17540,398,390,5,395,5
2021-04-03,Mendocino,045,87422,3759,3684,71,3755,45
2021-04-03,Merced,047,269075,29996,30031,957,30988,427
2021-04-03,Modoc,049,8938,360,346,120,466,3
2021-04-03,Mono,051,14174,1229,1245,12,1257,3
2021-04-03,Monterey,053,433212,42492,42376,1848,44224,341
2021-04-03,Napa,055,140530,9516,9473,33,9506,78
2021-04-03,Nevada,057,99092,4382,4323,186,4509,69
2021-04-03,Orange,059,3164182,251184,249982,11173,261155,4755
2021-04-03,Placer,061,380077,21714,21060,1335,22395,276
2021-04-03,Plumas,063,18699,671,666,11,677,4
2021-04-03,Riverside,065,2383286,287333,283423,14385,297808,4237
2021-04-03,Sacramento,067,1510023,99627,98660,1507,100167,1531
2021-04-03,San Benito,069,59416,5897,5893,102,5995,61
2021-04-03,San Bernardino,071,2135413,288967,286473,8873,295346,4422
2021-04-03,San Diego,073,3302833,271882,271335,13664,284999,3571
2021-04-03,San Francisco,075,870044,35440,35488,1300,36788,489
2021-04-03,San Joaquin,077,732212,70000,69100,3392,72492,1268
2021-04-03,San Luis Obispo,079,281455,20458,20301,658,20959,252
2021-04-03,San Mateo,081,765935,41008,40560,444,41004,350
2021-04-03,Santa Barbara,083,443738,33607,33172,1203,34375,443
2021-04-03,Santa Clara,085,1922200,114396,114865,681,115546,1893
2021-04-03,Santa Cruz,087,273765,15832,15205,866,16071,201
2021-04-03,Shasta,089,179085,11377,11418,1421,12839,184
2021-04-03,Sierra,091,2930,53,50,14,64,0
2021-04-03,Siskiyou,093,43540,1561,1509,280,1789,7
2021-04-03,Solano,095,438530,31053,30970,427,31397,237
2021-04-03,Sonoma,097,501317,29226,29315,288,29603,311
2021-04-03,Stanislaus,099,539301,53266,53137,5855,58992,686
2021-04-03,Sutter,101,95872,9189,9158,86,9244,106
2021-04-03,Tehama,103,63373,4799,4788,550,5338,52
2021-04-03,Trinity,105,12862,366,321,59,380,3
2021-04-03,Tulare,107,460477,48826,48327,9108,57435,818
2021-04-03,Tuolumne,109,53932,3981,3980,34,4014,57
2021-04-03,Ventura,111,848112,79740,79489,2999,82488,983
2021-04-03,Yolo,113,214977,13417,13414,261,13675,198
2021-04-03,Yuba,115,75493,5743,5716,115,5831,43
2021-04-02,Alameda,001,1643700,84178,83776,1901,85677,1217
2021-04-02,Alpine,003,1148,86,85,0,85,0
2021-04-02,Amador,005,37829,3594,3573,33,3606,45
2021-04-02,Butte,007,227075,11679,11350,1762,13112,193
2021-04-02,Calaveras,009,45235,2017,2010,12,2022,50
2021-04-02,Colusa,011,21464,1890,1891,282,2173,14
2021-04-02,Contra Costa,013,1133247,66059,65299,1202,66501,774
2021-04-02,Del Norte,015,27424,1193,1174,6,1180,6
2021-04-02,El Dorado,017,186661,9476,9437,661,10098,106
2021-04-02,Fresno,019,978130,99578,99551,8605,108156,1620
2021-04-02,Glenn,021,27897,2344,2331,548,2879,17
2021-04-02,Humboldt,023,135768,3475,3465,25,3490,35
2021-04-02,Imperial,025,180216,27623,27553,2758,30311,710
2021-04-02,Inyo,027,18085,1379,1377,2,1379,36
2021-04-02,Kern,029,883053,95198,94348,10739,105087,1233
2021-04-02,Kings,031,150075,22652,22571,1131,23702,239
2021-04-02,Lake,033,64148,3371,3348,8,3356,43
2021-04-02,Lassen,035,31185,5138,5134,107,5241,1
2021-04-02,Los Angeles,037,10098052,1186738,1181682,42534,1224216,23264
2021-04-02,Madera,039,155013,16136,16036,912,16948,230
2021-04-02,Marin,041,260295,13680,13649,223,13872,221
2021-04-02,Mariposa,043,17540,396,390,5,395,5
2021-04-02,Mendocino,045,87422,3756,3682,71,3753,45
2021-04-02,Merced,047,269075,29972,29998,957,30955,426
2021-04-02,Modoc,049,8938,357,346,120,466,3
2021-04-02,Mono,051,14174,1229,1246,12,1258,3
2021-04-02,Monterey,053,433212,42482,42359,1845,44204,341
2021-04-02,Napa,055,140530,9501,9453,33,9486,78
2021-04-02,Nevada,057,99092,4378,4323,186,4509,69
2021-04-02,Orange,059,3164182,251088,249891,11159,261050,4748
2021-04-02,Placer,061,380077,21679,21035,1328,22363,275
2021-04-02,Plumas,063,18699,671,666,11,677,4
2021-04-02,Riverside,065,2383286,287249,283328,14377,297705,4213
2021-04-02,Sacramento,067,1510023,99520,98648,1500,100148,1527
2021-04-02,San Benito,069,59416,5895,5888,100,5988,61
2021-04-02,San Bernardino,071,2135413,288894,286308,8869,295177,4417
2021-04-02,San Diego,073,3302833,271695,271036,13638,284674,3568
2021-04-02,San Francisco,075,870044,35406,35451,1297,36748,488
2021-04-02,San Joaquin,077,732212,69936,68996,3376,72372,1268
2021-04-02,San Luis Obispo,079,281455,20441,20271,657,20928,252
2021-04-02,San Mateo,081,765935,40966,40514,444,40958,350
2021-04-02,Santa Barbara,083,443738,33579,33145,1203,34348,443
2021-04-02,Santa Clara,085,1922200,114285,114777,679,115456,1882
2021-04-02,Santa Cruz,087,273765,15824,15216,866,16082,202
2021-04-02,Shasta,089,179085,11372,11377,1413,12790,181
2021-04-02,Sierra,091,2930,53,50,14,64,0
2021-04-02,Siskiyou,093,43540,1561,1508,279,1787,7
2021-04-02,Solano,095,438530,31024,30951,424,31375,237
2021-04-02,Sonoma,097,501317,29205,29288,287,29575,311
2021-04-02,Stanislaus,099,539301,53222,53073,5848,58921,687
2021-04-02,Sutter,101,95872,9181,9131,86,9217,106
2021-04-02,Tehama,103,63373,4792,4775,549,5324,52
2021-04-02,Trinity,105,12862,366,320,59,379,3
2021-04-02,Tulare,107,460477,48820,48306,9102,57408,818
2021-04-02,Tuolumne,109,53932,3978,3980,34,4014,57
2021-04-02,Ventura,111,848112,79712,79434,2997,82431,982
2021-04-02,Yolo,113,214977,13407,13381,261,13642,197
2021-04-02,Yuba,115,75493,5740,5709,115,5824,44
2021-04-01,Alameda,001,1643700,84096,83574,1896,85470,1216
2021-04-01,Alpine,003,1148,86,85,0,85,0
2021-04-01,Amador,005,37829,3590,3558,33,3591,45
2021-04-01,Butte,007,227075,11661,11328,1760,13088,193
2021-04-01,Calaveras,009,45235,2016,2006,12,2018,50
2021-04-01,Colusa,011,21464,1887,1890,282,2172,14
2021-04-01,Contra Costa,013,1133247,65999,65176,1200,66376,771
2021-04-01,Del Norte,015,27424,1188,1138,6,1144,6
2021-04-01,El Dorado,017,186661,9467,9393,657,10050,106
2021-04-01,Fresno,019,978130,99526,99317,8597,107914,1616
2021-04-01,Glenn,021,27897,2344,2322,547,2869,17
2021-04-01,Humboldt,023,135768,3471,3464,25,3489,35
2021-04-01,Imperial,025,180216,27593,27520,2752,30272,710
2021-04-01,Inyo,027,18085,1378,1374,2,1376,36
2021-04-01,Kern,029,883053,95164,94244,10725,104969,1233
2021-04-01,Kings,031,150075,22645,22560,1130,23690,239
2021-04-01,Lake,033,64148,3366,3337,8,3345,43
2021-04-01,Lassen,035,31185,5137,5132,107,5239,1
2021-04-01,Los Angeles,037,10098052,1186251,1181101,42507,1223608,23220
2021-04-01,Madera,039,155013,16120,16023,912,16935,230
2021-04-01,Marin,041,260295,13670,13635,223,13858,221
2021-04-01,Mariposa,043,17540,394,389,5,394,5
2021-04-01,Mendocino,045,87422,3756,3680,71,3751,45
2021-04-01,Merced,047,269075,29938,29820,957,30777,425
2021-04-01,Modoc,049,8938,356,346,120,466,3
2021-04-01,Mono,051,14174,1229,1245,12,1257,3
2021-04-01,Monterey,053,433212,42474,42324,1843,44167,339
2021-04-01,Napa,055,140530,9489,9410,33,9443,78
2021-04-01,Nevada,057,99092,4368,4288,185,4473,68
2021-04-01,Orange,059,3164182,250969,249617,11141,260758,4742
2021-04-01,Placer,061,380077,21642,20909,1316,22225,274
2021-04-01,Plumas,063,18699,671,664,11,675,4
2021-04-01,Riverside,065,2383286,287147,283128,14375,297503,4193
2021-04-01,Sacramento,067,1510023,99377,97952,1486,99438,1521
2021-04-01,San Benito,069,59416,5887,5878,99,5977,61
2021-04-01,San Bernardino,071,2135413,288778,286086,8861,294947,4404
2021-04-01,San Diego,073,3302833,271471,270540,13607,284147,3555
2021-04-01,San Francisco,075,870044,35386,35386,1293,36679,488
2021-04-01,San Joaquin,077,732212,69854,68802,3368,72170,1262
2021-04-01,San Luis Obispo,079,281455,20413,20235,656,20891,252
2021-04-01,San Mateo,081,765935,40925,40454,444,40898,350
2021-04-01,Santa Barbara,083,443738,33534,33096,1198,34294,443
2021-04-01,Santa Clara,085,1922200,114172,114606,678,115284,1874
2021-04-01,Santa Cruz,087,273765,15809,15271,866,16137,202
2021-04-01,Shasta,089,179085,11357,11355,1407,12762,181
2021-04-01,Sierra,091,2930,53,50,14,64,0
2021-04-01,Siskiyou,093,43540,1559,1507,278,1785,7
2021-04-01,Solano,095,438530,30991,30850,421,31271,237
2021-04-01,Sonoma,097,501317,29174,29241,280,29521,311
2021-04-01,Stanislaus,099,539301,53159,52825,5842,58667,687
2021-04-01,Sutter,101,95872,9169,9105,86,9191,106
2021-04-01,Tehama,103,63373,4786,4764,546,5310,52
2021-04-01,Trinity,105,12862,366,319,59,378,3
2021-04-01,Tulare,107,460477,48797,48279,9092,57371,817
2021-04-01,Tuolumne,109,53932,3977,3978,34,4012,57
2021-04-01,Ventura,111,848112,79688,79369,2996,82365,977
2021-04-01,Yolo,113,214977,13394,13342,261,13603,197
2021-04-01,Yuba,115,75493,5735,5694,115,5809,44
2021-03-31,Alameda,001,1643700,84014,83475,1891,85366,1215
2021-03-31,Alpine,003,1148,86,85,0,85,0
2021-03-31,Amador,005,37829,3587,3556,33,3589,45
2021-03-31,Butte,007,227075,11651,11321,1757,13078,193
2021-03-31,Calaveras,009,45235,2012,2005,12,2017,50
2021-03-31,Colusa,011,21464,1887,1890,282,2172,14
2021-03-31,Contra Costa,013,1133247,65914,65109,1199,66308,769
2021-03-31,Del Norte,015,27424,1179,1129,6,1135,6
2021-03-31,El Dorado,017,186661,9450,9390,657,10047,106
2021-03-31,Fresno,019,978130,99436,99240,8581,107821,1616
2021-03-31,Glenn,021,27897,2339,2318,545,2863,17
2021-03-31,Humboldt,023,135768,3465,3460,25,3485,35
2021-03-31,Imperial,025,180216,27573,27506,2751,30257,710
2021-03-31,Inyo,027,18085,1375,1373,2,1375,35
2021-03-31,Kern,029,883053,95123,94205,10716,104921,1229
2021-03-31,Kings,031,150075,22642,22540,1130,23670,239
2021-03-31,Lake,033,64148,3362,3332,8,3340,43
2021-03-31,Lassen,035,31185,5133,5132,107,5239,1
2021-03-31,Los Angeles,037,10098052,1185790,1180538,42465,1223003,23171
2021-03-31,Madera,039,155013,16106,16015,910,16925,229
2021-03-31,Marin,041,260295,13659,13624,223,13847,221
2021-03-31,Mariposa,043,17540,394,389,5,394,5
2021-03-31,Mendocino,045,87422,3750,3675,71,3746,45
2021-03-31,Merced,047,269075,29909,29780,957,30737,423
2021-03-31,Modoc,049,8938,356,346,120,466,3
2021-03-31,Mono,051,14174,1229,1245,12,1257,3
2021-03-31,Monterey,053,433212,42457,42309,1841,44150,338
2021-03-31,Napa,055,140530,9471,9401,33,9434,78
2021-03-31,Nevada,057,99092,4362,4283,185,4468,68
2021-03-31,Orange,059,3164182,250858,249518,11126,260644,4731
2021-03-31,Placer,061,380077,21592,20885,1308,22193,271
2021-03-31,Plumas,063,18699,670,663,11,674,4
2021-03-31,Riverside,065,2383286,287048,283006,14364,297370,4171
2021-03-31,Sacramento,067,1510023,99200,97760,1478,99238,1519
2021-03-31,San Benito,069,59416,5877,5875,99,5974,61
2021-03-31,San Bernardino,071,2135413,288682,285916,8858,294774,4356
2021-03-31,San Diego,073,3302833,271240,270288,13572,283860,3555
2021-03-31,San Francisco,075,870044,35342,35347,1291,36638,474
2021-03-31,San Joaquin,077,732212,69766,68685,3351,72036,1259
2021-03-31,San Luis Obispo,079,281455,20392,20215,655,20870,251
2021-03-31,San Mateo,081,765935,40895,40423,444,40867,350
2021-03-31,Santa Barbara,083,443738,33503,33052,1196,34248,443
2021-03-31,Santa Clara,085,1922200,114045,114499,678,115177,1874
2021-03-31,Santa Cruz,087,273765,15797,15295,865,16160,201
2021-03-31,Shasta,089,179085,11345,11327,1399,12726,179
2021-03-31,Sierra,091,2930,53,50,14,64,0
2021-03-31,Siskiyou,093,43540,1558,1505,278,1783,7
2021-03-31,Solano,095,438530,30945,30824,420,31244,235
2021-03-31,Sonoma,097,501317,29147,29216,280,29496,311
2021-03-31,Stanislaus,099,539301,53091,52782,5830,58612,687
2021-03-31,Sutter,101,95872,9158,9111,86,9197,106
2021-03-31,Tehama,103,63373,4781,4762,543,5305,52
2021-03-31,Trinity,105,12862,366,319,59,378,3
2021-03-31,Tulare,107,460477,48778,48261,9075,57336,816
2021-03-31,Tuolumne,109,53932,3977,3976,34,4010,57
2021-03-31,Ventura,111,848112,79656,79326,2992,82318,969
2021-03-31,Yolo,113,214977,13376,13359,260,13619,197
2021-03-31,Yuba,115,75493,5728,5686,115,5801,44
2021-03-30,Alameda,001,1643700,83914,83395,1888,85283,1211
2021-03-30,Alpine,003,1148,86,85,0,85,0
2021-03-30,Amador,005,37829,3584,3551,33,3584,45
2021-03-30,Butte,007,227075,11638,11296,1754,13050,193
2021-03-30,Calaveras,009,45235,2008,1997,12,2009,50
2021-03-30,Colusa,011,21464,1886,1890,281,2171,14
2021-03-30,Contra Costa,013,1133247,65826,65041,1197,66238,767
2021-03-30,Del Norte,015,27424,1171,1118,5,1123,6
2021-03-30,El Dorado,017,186661,9431,9381,654,10035,105
2021-03-30,Fresno,019,978130,99373,99156,8569,107725,1609
2021-03-30,Glenn,021,27897,2338,2310,544,2854,17
2021-03-30,Humboldt,023,135768,3462,3461,25,3486,35
2021-03-30,Imperial,025,180216,27544,27471,2749,30220,706
2021-03-30,Inyo,027,18085,1375,1374,2,1376,35
2021-03-30,Kern,029,883053,95082,94151,10707,104858,1221
2021-03-30,Kings,031,150075,22638,22530,1128,23658,238
2021-03-30,Lake,033,64148,3356,3330,8,3338,43
2021-03-30,Lassen,035,31185,5133,5132,107,5239,1
2021-03-30,Los Angeles,037,10098052,1185300,1180044,42440,1222484,23136
2021-03-30,Madera,039,155013,16096,16003,907,16910,229
2021-03-30,Marin,041,260295,13650,13611,215,13826,221
2021-03-30,Mariposa,043,17540,394,388,5,393,5
2021-03-30,Mendocino,045,87422,3748,3670,71,3741,45
2021-03-30,Merced,047,269075,29873,29731,957,30688,423
2021-03-30,Modoc,049,8938,355,346,120,466,3
2021-03-30,Mono,051,14174,1228,1245,12,1257,3
2021-03-30,Monterey,053,433212,42431,42308,1838,44146,338
2021-03-30,Napa,055,140530,9456,9391,33,9424,78
2021-03-30,Nevada,057,99092,4350,4266,184,4450,68
2021-03-30,Orange,059,3164182,250730,249412,11098,260510,4727
2021-03-30,Placer,061,380077,21552,20866,1301,22167,271
2021-03-30,Plumas,063,18699,670,661,11,672,4
2021-03-30,Riverside,065,2383286,286930,282930,14355,297285,4154
2021-03-30,Sacramento,067,1510023,99064,97718,1474,99192,1516
2021-03-30,San Benito,069,59416,5871,5870,99,5969,61
2021-03-30,San Bernardino,071,2135413,288575,285758,8849,294607,4343
2021-03-30,San Diego,073,3302833,271003,269998,13534,283532,3555
2021-03-30,San Francisco,075,870044,35292,35325,1290,36615,474
2021-03-30,San Joaquin,077,732212,69679,68613,3340,71953,1232
2021-03-30,San Luis Obispo,079,281455,20372,20194,655,20849,251
2021-03-30,San Mateo,081,765935,40850,40377,444,40821,349
2021-03-30,Santa Barbara,083,443738,33478,33016,1196,34212,441
2021-03-30,Santa Clara,085,1922200,113922,114413,677,115090,1873
2021-03-30,Santa Cruz,087,273765,15791,15278,865,16143,201
2021-03-30,Shasta,089,179085,11337,11316,1398,12714,184
2021-03-30,Sierra,091,2930,53,50,14,64,0
2021-03-30,Siskiyou,093,43540,1557,1501,278,1779,7
2021-03-30,Solano,095,438530,30916,30802,419,31221,232
2021-03-30,Sonoma,097,501317,29116,29198,280,29478,311
2021-03-30,Stanislaus,099,539301,53013,52690,5822,58512,677
2021-03-30,Sutter,101,95872,9154,9107,85,9192,106
2021-03-30,Tehama,103,63373,4772,4748,542,5290,52
2021-03-30,Trinity,105,12862,366,316,59,375,3
2021-03-30,Tulare,107,460477,48765,48249,9065,57314,815
2021-03-30,Tuolumne,109,53932,3972,3972,34,4006,57
2021-03-30,Ventura,111,848112,79612,79282,2989,82271,958
2021-03-30,Yolo,113,214977,13363,13353,260,13613,195
2021-03-30,Yuba,115,75493,5717,5679,109,5788,42
2021-03-29,Alameda,001,1643700,83813,83338,1887,85225,1211
2021-03-29,Alpine,003,1148,86,85,0,85,0
2021-03-29,Amador,005,37829,3578,3549,33,3582,45
2021-03-29,Butte,007,227075,11629,11291,1751,13042,191
2021-03-29,Calaveras,009,45235,2004,1998,12,2010,50
2021-03-29,Colusa,011,21464,1886,1889,280,2169,14
2021-03-29,Contra Costa,013,1133247,65758,64971,1196,66167,767
2021-03-29,Del Norte,015,27424,1166,1116,4,1120,6
2021-03-29,El Dorado,017,186661,9411,9374,648,10022,105
2021-03-29,Fresno,019,978130,99290,99085,8557,107642,1606
2021-03-29,Glenn,021,27897,2332,2310,544,2854,17
2021-03-29,Humboldt,023,135768,3457,3459,25,3484,34
2021-03-29,Imperial,025,180216,27524,27442,2745,30187,704
2021-03-29,Inyo,027,18085,1375,1372,2,1374,35
2021-03-29,Kern,029,883053,95034,94098,10687,104785,1220
2021-03-29,Kings,031,150075,22626,22522,1127,23649,238
2021-03-29,Lake,033,64148,3353,3325,8,3333,43
2021-03-29,Lassen,035,31185,5133,5131,107,5238,1
2021-03-29,Los Angeles,037,10098052,1184809,1179736,42399,1222135,23108
2021-03-29,Madera,039,155013,16076,15987,905,16892,210
2021-03-29,Marin,041,260295,13638,13600,211,13811,220
2021-03-29,Mariposa,043,17540,393,388,5,393,5
2021-03-29,Mendocino,045,87422,3745,3667,71,3738,45
2021-03-29,Merced,047,269075,29849,29699,957,30656,422
2021-03-29,Modoc,049,8938,354,344,120,464,3
2021-03-29,Mono,051,14174,1227,1243,12,1255,3
2021-03-29,Monterey,053,433212,42415,42305,1833,44138,337
2021-03-29,Napa,055,140530,9440,9379,33,9412,78
2021-03-29,Nevada,057,99092,4343,4258,184,4442,68
2021-03-29,Orange,059,3164182,250618,249295,11086,260381,4713
2021-03-29,Placer,061,380077,21517,20827,1294,22121,267
2021-03-29,Plumas,063,18699,669,660,11,671,4
2021-03-29,Riverside,065,2383286,286841,282867,14353,297220,4133
2021-03-29,Sacramento,067,1510023,98871,97577,1466,99043,1514
2021-03-29,San Benito,069,59416,5864,5865,99,5964,61
2021-03-29,San Bernardino,071,2135413,288477,285615,8845,294460,4335
2021-03-29,San Diego,073,3302833,270737,269771,13508,283279,3547
2021-03-29,San Francisco,075,870044,35258,35291,1286,36577,474
2021-03-29,San Joaquin,077,732212,69593,68537,3326,71863,1211
2021-03-29,San Luis Obispo,079,281455,20337,20176,653,20829,250
2021-03-29,San Mateo,081,765935,40808,40357,443,40800,348
2021-03-29,Santa Barbara,083,443738,33444,32983,1195,34178,439
2021-03-29,Santa Clara,085,1922200,113816,114335,672,115007,1871
2021-03-29,Santa Cruz,087,273765,15780,15249,864,16113,201
2021-03-29,Shasta,089,179085,11319,11313,1396,12709,183
2021-03-29,Sierra,091,2930,53,50,14,64,0
2021-03-29,Siskiyou,093,43540,1556,1497,277,1774,6
2021-03-29,Solano,095,438530,30877,30762,417,31179,232
2021-03-29,Sonoma,097,501317,29093,29184,277,29461,310
2021-03-29,Stanislaus,099,539301,52929,52614,5814,58428,677
2021-03-29,Sutter,101,95872,9147,9105,85,9190,106
2021-03-29,Tehama,103,63373,4764,4742,541,5283,52
2021-03-29,Trinity,105,12862,366,314,59,373,3
2021-03-29,Tulare,107,460477,48738,48226,9054,57280,815
2021-03-29,Tuolumne,109,53932,3970,3969,34,4003,57
2021-03-29,Ventura,111,848112,79571,79252,2988,82240,956
2021-03-29,Yolo,113,214977,13345,13346,260,13606,195
2021-03-29,Yuba,115,75493,5710,5671,108,5779,42
2021-03-28,Alameda,001,1643700,83691,83239,1885,85124,1212
2021-03-28,Alpine,003,1148,86,85,0,85,0
2021-03-28,Amador,005,37829,3574,3541,33,3574,45
2021-03-28,Butte,007,227075,11616,11285,1749,13034,191
2021-03-28,Calaveras,009,45235,2001,1995,12,2007,50
2021-03-28,Colusa,011,21464,1885,1889,280,2169,14
2021-03-28,Contra Costa,013,1133247,65684,64878,1192,66070,767
2021-03-28,Del Norte,015,27424,1159,1107,2,1109,6
2021-03-28,El Dorado,017,186661,9396,9371,646,10017,105
2021-03-28,Fresno,019,978130,99208,99004,8545,107549,1606
2021-03-28,Glenn,021,27897,2329,2309,542,2851,17
2021-03-28,Humboldt,023,135768,3454,3452,24,3476,34
2021-03-28,Imperial,025,180216,27497,27426,2742,30168,704
2021-03-28,Inyo,027,18085,1374,1372,2,1374,35
2021-03-28,Kern,029,883053,94991,94084,10675,104759,1219
2021-03-28,Kings,031,150075,22622,22514,1123,23637,238
2021-03-28,Lake,033,64148,3348,3320,8,3328,43
2021-03-28,Lassen,035,31185,5133,5131,106,5237,1
2021-03-28,Los Angeles,037,10098052,1184260,1179316,42337,1221653,23101
2021-03-28,Madera,039,155013,16061,15973,904,16877,210
2021-03-28,Marin,041,260295,13625,13594,209,13803,221
2021-03-28,Mariposa,043,17540,393,388,5,393,5
2021-03-28,Mendocino,045,87422,3743,3666,71,3737,45
2021-03-28,Merced,047,269075,29792,29679,957,30636,422
2021-03-28,Modoc,049,8938,354,344,120,464,3
2021-03-28,Mono,051,14174,1226,1242,12,1254,3
2021-03-28,Monterey,053,433212,42392,42294,1829,44123,337
2021-03-28,Napa,055,140530,9426,9368,33,9401,78
2021-03-28,Nevada,057,99092,4329,4239,184,4423,68
2021-03-28,Orange,059,3164182,250465,249238,11075,260313,4713
2021-03-28,Placer,061,380077,21474,20796,1287,22083,267
2021-03-28,Plumas,063,18699,667,657,11,668,4
2021-03-28,Riverside,065,2383286,286739,282811,14345,297156,4132
2021-03-28,Sacramento,067,1510023,98697,97425,1460,98885,1514
2021-03-28,San Benito,069,59416,5859,5862,99,5961,61
2021-03-28,San Bernardino,071,2135413,288359,285570,8835,294405,4332
2021-03-28,San Diego,073,3302833,270464,269476,13480,282956,3547
2021-03-28,San Francisco,075,870044,35211,35286,1282,36568,474
2021-03-28,San Joaquin,077,732212,69468,68459,3306,71765,1211
2021-03-28,San Luis Obispo,079,281455,20302,20172,650,20822,250
2021-03-28,San Mateo,081,765935,40763,40305,442,40747,348
2021-03-28,Santa Barbara,083,443738,33405,32953,1194,34147,439
2021-03-28,Santa Clara,085,1922200,113717,114232,668,114900,1871
2021-03-28,Santa Cruz,087,273765,15766,15238,863,16101,201
2021-03-28,Shasta,089,179085,11293,11308,1385,12693,183
2021-03-28,Sierra,091,2930,53,50,14,64,0
2021-03-28,Siskiyou,093,43540,1556,1497,276,1773,6
2021-03-28,Solano,095,438530,30840,30719,415,31134,232
2021-03-28,Sonoma,097,501317,29058,29161,274,29435,310
2021-03-28,Stanislaus,099,539301,52842,52567,5799,58366,678
2021-03-28,Sutter,101,95872,9138,9094,85,9179,106
2021-03-28,Tehama,103,63373,4754,4740,537,5277,52
2021-03-28,Trinity,105,12862,364,314,58,372,3
2021-03-28,Tulare,107,460477,48709,48218,9048,57266,815
2021-03-28,Tuolumne,109,53932,3968,3969,33,4002,57
2021-03-28,Ventura,111,848112,79519,79222,2983,82205,956
2021-03-28,Yolo,113,214977,13327,13325,259,13584,194
2021-03-28,Yuba,115,75493,5706,5662,108,5770,42
2021-03-27,Alameda,001,1643700,83619,83169,1881,85050,1211
2021-03-27,Alpine,003,1148,86,85,0,85,0
2021-03-27,Amador,005,37829,3569,3538,33,3571,45
2021-03-27,Butte,007,227075,11609,11278,1748,13026,191
2021-03-27,Calaveras,009,45235,2001,1992,12,2004,50
2021-03-27,Colusa,011,21464,1885,1889,280,2169,14
2021-03-27,Contra Costa,013,1133247,65615,64804,1189,65993,767
2021-03-27,Del Norte,015,27424,1149,1104,2,1106,6
2021-03-27,El Dorado,017,186661,9382,9367,646,10013,105
2021-03-27,Fresno,019,978130,99156,98901,8540,107441,1606
2021-03-27,Glenn,021,27897,2328,2308,542,2850,17
2021-03-27,Humboldt,023,135768,3449,3442,24,3466,34
2021-03-27,Imperial,025,180216,27485,27406,2739,30145,704
2021-03-27,Inyo,027,18085,1372,1372,2,1374,35
2021-03-27,Kern,029,883053,94973,94041,10661,104702,1217
2021-03-27,Kings,031,150075,22619,22502,1123,23625,238
2021-03-27,Lake,033,64148,3346,3317,8,3325,43
2021-03-27,Lassen,035,31185,5133,5129,106,5235,1
2021-03-27,Los Angeles,037,10098052,1183947,1178831,42308,1221139,23103
2021-03-27,Madera,039,155013,16054,15968,902,16870,210
2021-03-27,Marin,041,260295,13620,13579,209,13788,222
2021-03-27,Mariposa,043,17540,393,386,5,391,5
2021-03-27,Mendocino,045,87422,3742,3666,71,3737,45
2021-03-27,Merced,047,269075,29759,29647,955,30602,422
2021-03-27,Modoc,049,8938,354,344,120,464,3
2021-03-27,Mono,051,14174,1224,1241,12,1253,3
2021-03-27,Monterey,053,433212,42382,42271,1829,44100,337
2021-03-27,Napa,055,140530,9414,9360,33,9393,78
2021-03-27,Nevada,057,99092,4319,4231,184,4415,68
2021-03-27,Orange,059,3164182,250371,249160,11059,260219,4698
2021-03-27,Placer,061,380077,21454,20717,1280,21997,267
2021-03-27,Plumas,063,18699,666,655,11,666,4
2021-03-27,Riverside,065,2383286,286677,282707,14337,297044,4132
2021-03-27,Sacramento,067,1510023,98607,97247,1458,98705,1513
2021-03-27,San Benito,069,59416,5857,5862,97,5959,61
2021-03-27,San Bernardino,071,2135413,288297,285480,8833,294313,4325
2021-03-27,San Diego,073,3302833,270294,269271,13458,282729,3540
2021-03-27,San Francisco,075,870044,35187,35244,1280,36524,474
2021-03-27,San Joaquin,077,732212,69408,68365,3297,71662,1211
2021-03-27,San Luis Obispo,079,281455,20291,20153,647,20800,250
2021-03-27,San Mateo,081,765935,40740,40264,442,40706,348
2021-03-27,Santa Barbara,083,443738,33382,32921,1194,34115,439
2021-03-27,Santa Clara,085,1922200,113620,114124,666,114790,1871
2021-03-27,Santa Cruz,087,273765,15760,15215,863,16078,201
2021-03-27,Shasta,089,179085,11282,11288,1383,12671,183
2021-03-27,Sierra,091,2930,53,50,14,64,0
2021-03-27,Siskiyou,093,43540,1556,1497,276,1773,6
2021-03-27,Solano,095,438530,30812,30669,414,31083,232
2021-03-27,Sonoma,097,501317,29043,29133,272,29405,310
2021-03-27,Stanislaus,099,539301,52778,52497,5791,58288,678
2021-03-27,Sutter,101,95872,9130,9093,85,9178,106
2021-03-27,Tehama,103,63373,4748,4738,535,5273,52
2021-03-27,Trinity,105,12862,364,313,58,371,3
2021-03-27,Tulare,107,460477,48693,48203,9040,57243,813
2021-03-27,Tuolumne,109,53932,3965,3968,33,4001,57
2021-03-27,Ventura,111,848112,79492,79184,2981,82165,956
2021-03-27,Yolo,113,214977,13322,13317,258,13575,194
2021-03-27,Yuba,115,75493,5704,5657,108,5765,42
2021-03-26,Alameda,001,1643700,83557,83043,1879,84922,1208
2021-03-26,Alpine,003,1148,86,85,0,85,0
2021-03-26,Amador,005,37829,3564,3532,33,3565,45
2021-03-26,Butte,007,227075,11599,11278,1748,13026,191
2021-03-26,Calaveras,009,45235,2000,1989,12,2001,50
2021-03-26,Colusa,011,21464,1885,1889,280,2169,14
2021-03-26,Contra Costa,013,1133247,65555,64699,1187,65886,761
2021-03-26,Del Norte,015,27424,1146,1101,2,1103,6
2021-03-26,El Dorado,017,186661,9377,9353,646,9999,105
2021-03-26,Fresno,019,978130,99096,98731,8528,107259,1601
2021-03-26,Glenn,021,27897,2328,2307,541,2848,17
2021-03-26,Humboldt,023,135768,3447,3431,24,3455,34
2021-03-26,Imperial,025,180216,27461,27374,2739,30113,701
2021-03-26,Inyo,027,18085,1371,1369,2,1371,35
2021-03-26,Kern,029,883053,94947,93949,10655,104604,1211
2021-03-26,Kings,031,150075,22611,22493,1121,23614,239
2021-03-26,Lake,033,64148,3345,3314,8,3322,43
2021-03-26,Lassen,035,31185,5132,5131,106,5237,1
2021-03-26,Los Angeles,037,10098052,1183612,1178213,42293,1220506,23080
2021-03-26,Madera,039,155013,16044,15952,902,16854,210
2021-03-26,Marin,041,260295,13614,13553,204,13757,221
2021-03-26,Mariposa,043,17540,393,386,5,391,5
2021-03-26,Mendocino,045,87422,3741,3664,71,3735,45
2021-03-26,Merced,047,269075,29736,29613,953,30566,419
2021-03-26,Modoc,049,8938,354,344,120,464,3
2021-03-26,Mono,051,14174,1223,1236,12,1248,3
2021-03-26,Monterey,053,433212,42369,42241,1825,44066,338
2021-03-26,Napa,055,140530,9404,9349,33,9382,78
2021-03-26,Nevada,057,99092,4299,4222,184,4406,83
2021-03-26,Orange,059,3164182,250308,248995,11045,260040,4671
2021-03-26,Placer,061,380077,21428,20679,1278,21957,259
2021-03-26,Plumas,063,18699,665,654,11,665,4
2021-03-26,Riverside,065,2383286,286599,282602,14331,296933,4109
2021-03-26,Sacramento,067,1510023,98507,97040,1453,98493,1509
2021-03-26,San Benito,069,59416,5854,5855,97,5952,61
2021-03-26,San Bernardino,071,2135413,288242,285313,8830,294143,4288
2021-03-26,San Diego,073,3302833,270116,269045,13432,282477,3525
2021-03-26,San Francisco,075,870044,35162,35186,1280,36466,472
2021-03-26,San Joaquin,077,732212,69346,68249,3292,71541,1202
2021-03-26,San Luis Obispo,079,281455,20278,20118,647,20765,250
2021-03-26,San Mateo,081,765935,40705,40199,442,40641,348
2021-03-26,Santa Barbara,083,443738,33352,32895,1194,34089,439
2021-03-26,Santa Clara,085,1922200,113522,113959,665,114624,1868
2021-03-26,Santa Cruz,087,273765,15746,15199,862,16061,201
2021-03-26,Shasta,089,179085,11273,11276,1377,12653,182
2021-03-26,Sierra,091,2930,53,50,14,64,0
2021-03-26,Siskiyou,093,43540,1556,1493,275,1768,6
2021-03-26,Solano,095,438530,30787,30640,414,31054,205
2021-03-26,Sonoma,097,501317,29027,29101,269,29370,310
2021-03-26,Stanislaus,099,539301,52710,52420,5787,58207,678
2021-03-26,Sutter,101,95872,9128,9082,85,9167,104
2021-03-26,Tehama,103,63373,4747,4722,534,5256,51
2021-03-26,Trinity,105,12862,364,311,58,369,3
2021-03-26,Tulare,107,460477,48679,48179,9031,57210,813
2021-03-26,Tuolumne,109,53932,3964,3965,33,3998,57
2021-03-26,Ventura,111,848112,79459,79122,2979,82101,953
2021-03-26,Yolo,113,214977,13314,13299,256,13555,194
2021-03-26,Yuba,115,75493,5694,5653,108,5761,42
2021-03-25,Alameda,001,1643700,83459,82945,1877,84822,1206
2021-03-25,Alpine,003,1148,86,84,0,84,0
2021-03-25,Amador,005,37829,3562,3530,33,3563,45
2021-03-25,Butte,007,227075,11589,11270,1748,13018,188
2021-03-25,Calaveras,009,45235,1995,1982,12,1994,50
2021-03-25,Colusa,011,21464,1885,1888,280,2168,14
2021-03-25,Contra Costa,013,1133247,65488,64606,1183,65789,757
2021-03-25,Del Norte,015,27424,1140,1095,2,1097,6
2021-03-25,El Dorado,017,186661,9367,9331,646,9977,105
2021-03-25,Fresno,019,978130,98980,98602,8513,107115,1593
2021-03-25,Glenn,021,27897,2327,2302,540,2842,17
2021-03-25,Humboldt,023,135768,3442,3423,24,3447,34
2021-03-25,Imperial,025,180216,27445,27352,2738,30090,699
2021-03-25,Inyo,027,18085,1371,1369,2,1371,35
2021-03-25,Kern,029,883053,94915,93857,10650,104507,1206
2021-03-25,Kings,031,150075,22600,22472,1121,23593,237
2021-03-25,Lake,033,64148,3340,3312,8,3320,43
2021-03-25,Lassen,035,31185,5132,5129,106,5235,1
2021-03-25,Los Angeles,037,10098052,1183185,1177490,42255,1219745,23051
2021-03-25,Madera,039,155013,16025,15937,900,16837,210
2021-03-25,Marin,041,260295,13605,13538,201,13739,219
2021-03-25,Mariposa,043,17540,393,386,5,391,5
2021-03-25,Mendocino,045,87422,3740,3664,71,3735,45
2021-03-25,Merced,047,269075,29702,29576,944,30520,416
2021-03-25,Modoc,049,8938,354,343,120,463,3
2021-03-25,Mono,051,14174,1223,1235,12,1247,3
2021-03-25,Monterey,053,433212,42348,42220,1820,44040,336
2021-03-25,Napa,055,140530,9385,9321,33,9354,78
2021-03-25,Nevada,057,99092,4281,4202,182,4384,84
2021-03-25,Orange,059,3164182,250195,248871,11024,259895,4655
2021-03-25,Placer,061,380077,21389,20639,1271,21910,252
2021-03-25,Plumas,063,18699,665,654,11,665,4
2021-03-25,Riverside,065,2383286,286502,282492,14320,296812,4078
2021-03-25,Sacramento,067,1510023,98363,96823,1450,98273,1505
2021-03-25,San Benito,069,59416,5851,5850,97,5947,61
2021-03-25,San Bernardino,071,2135413,288161,285134,8825,293959,4222
2021-03-25,San Diego,073,3302833,269889,268623,13401,282024,3520
2021-03-25,San Francisco,075,870044,35123,35154,1278,36432,468
2021-03-25,San Joaquin,077,732212,69250,68089,3243,71332,1196
2021-03-25,San Luis Obispo,079,281455,20261,20076,646,20722,250
2021-03-25,San Mateo,081,765935,40665,40147,442,40589,348
2021-03-25,Santa Barbara,083,443738,33325,32857,1194,34051,439
2021-03-25,Santa Clara,085,1922200,113419,113877,663,114540,1868
2021-03-25,Santa Cruz,087,273765,15725,15170,862,16032,201
2021-03-25,Shasta,089,179085,11256,11262,1375,12637,181
2021-03-25,Sierra,091,2930,53,50,14,64,0
2021-03-25,Siskiyou,093,43540,1554,1491,274,1765,6
2021-03-25,Solano,095,438530,30727,30583,412,30995,193
2021-03-25,Sonoma,097,501317,28993,29060,265,29325,310
2021-03-25,Stanislaus,099,539301,52643,52321,5780,58101,678
2021-03-25,Sutter,101,95872,9119,9069,85,9154,104
2021-03-25,Tehama,103,63373,4745,4719,533,5252,52
2021-03-25,Trinity,105,12862,364,310,58,368,3
2021-03-25,Tulare,107,460477,48654,48148,9018,57166,811
2021-03-25,Tuolumne,109,53932,3963,3962,33,3995,57
2021-03-25,Ventura,111,848112,79419,79045,2975,82020,952
2021-03-25,Yolo,113,214977,13307,13287,256,13543,194
2021-03-25,Yuba,115,75493,5688,5647,102,5749,42
2021-03-24,Alameda,001,1643700,83364,82871,1874,84745,1199
2021-03-24,Alpine,003,1148,86,84,0,84,0
2021-03-24,Amador,005,37829,3556,3529,33,3562,45
2021-03-24,Butte,007,227075,11579,11252,1744,12996,187
2021-03-24,Calaveras,009,45235,1991,1975,12,1987,50
2021-03-24,Colusa,011,21464,1885,1886,279,2165,14
2021-03-24,Contra Costa,013,1133247,65408,64539,1182,65721,755
2021-03-24,Del Norte,015,27424,1135,1087,2,1089,6
2021-03-24,El Dorado,017,186661,9361,9319,645,9964,105
2021-03-24,Fresno,019,978130,98891,98437,8498,106935,1585
2021-03-24,Glenn,021,27897,2326,2297,539,2836,17
2021-03-24,Humboldt,023,135768,3439,3414,24,3438,34
2021-03-24,Imperial,025,180216,27436,27325,2738,30063,699
2021-03-24,Inyo,027,18085,1371,1368,2,1370,35
2021-03-24,Kern,029,883053,94867,93800,10641,104441,1198
2021-03-24,Kings,031,150075,22585,22456,1119,23575,237
2021-03-24,Lake,033,64148,3336,3307,8,3315,43
2021-03-24,Lassen,035,31185,5130,5130,105,5235,1
2021-03-24,Los Angeles,037,10098052,1182713,1177015,42218,1219233,22993
2021-03-24,Madera,039,155013,16016,15918,899,16817,210
2021-03-24,Marin,041,260295,13592,13526,199,13725,219
2021-03-24,Mariposa,043,17540,393,384,5,389,5
2021-03-24,Mendocino,045,87422,3737,3660,71,3731,45
2021-03-24,Merced,047,269075,29661,29525,944,30469,415
2021-03-24,Modoc,049,8938,353,341,120,461,3
2021-03-24,Mono,051,14174,1222,1243,12,1255,3
2021-03-24,Monterey,053,433212,42326,42201,1817,44018,335
2021-03-24,Napa,055,140530,9365,9310,33,9343,78
2021-03-24,Nevada,057,99092,4267,4191,181,4372,85
2021-03-24,Orange,059,3164182,250079,248775,11005,259780,4638
2021-03-24,Placer,061,380077,21359,20606,1263,21869,250
2021-03-24,Plumas,063,18699,663,652,11,663,4
2021-03-24,Riverside,065,2383286,286419,282410,14318,296728,4058
2021-03-24,Sacramento,067,1510023,98189,96628,1438,98066,1500
2021-03-24,San Benito,069,59416,5850,5847,97,5944,61
2021-03-24,San Bernardino,071,2135413,288076,284983,8823,293806,4170
2021-03-24,San Diego,073,3302833,269674,268413,13373,281786,3509
2021-03-24,San Francisco,075,870044,35095,35103,1275,36378,462
2021-03-24,San Joaquin,077,732212,69179,67978,3231,71209,1196
2021-03-24,San Luis Obispo,079,281455,20231,20021,645,20666,250
2021-03-24,San Mateo,081,765935,40615,40083,442,40525,348
2021-03-24,Santa Barbara,083,443738,33298,32810,1194,34004,438
2021-03-24,Santa Clara,085,1922200,113305,113757,659,114416,1851
2021-03-24,Santa Cruz,087,273765,15712,15138,860,15998,202
2021-03-24,Shasta,089,179085,11237,11243,1373,12616,181
2021-03-24,Sierra,091,2930,53,50,14,64,0
2021-03-24,Siskiyou,093,43540,1552,1490,274,1764,6
2021-03-24,Solano,095,438530,30690,30552,411,30963,178
2021-03-24,Sonoma,097,501317,28974,29034,260,29294,310
2021-03-24,Stanislaus,099,539301,52567,52259,5772,58031,677
2021-03-24,Sutter,101,95872,9103,9049,85,9134,104
2021-03-24,Tehama,103,63373,4739,4719,532,5251,49
2021-03-24,Trinity,105,12862,363,310,58,368,3
2021-03-24,Tulare,107,460477,48644,48109,9005,57114,808
2021-03-24,Tuolumne,109,53932,3962,3961,33,3994,57
2021-03-24,Ventura,111,848112,79367,78993,2968,81961,944
2021-03-24,Yolo,113,214977,13296,13269,256,13525,194
2021-03-24,Yuba,115,75493,5682,5634,99,5733,42
2021-03-23,Alameda,001,1643700,83261,82799,1870,84669,1190
2021-03-23,Alpine,003,1148,86,84,0,84,0
2021-03-23,Amador,005,37829,3550,3524,33,3557,45
2021-03-23,Butte,007,227075,11568,11227,1743,12970,187
2021-03-23,Calaveras,009,45235,1991,1971,12,1983,50
2021-03-23,Colusa,011,21464,1883,1885,278,2163,14
2021-03-23,Contra Costa,013,1133247,65309,64491,1181,65672,750
2021-03-23,Del Norte,015,27424,1130,1082,2,1084,6
2021-03-23,El Dorado,017,186661,9351,9318,643,9961,105
2021-03-23,Fresno,019,978130,98780,98362,8473,106835,1575
2021-03-23,Glenn,021,27897,2321,2293,537,2830,17
2021-03-23,Humboldt,023,135768,3430,3405,24,3429,34
2021-03-23,Imperial,025,180216,27428,27320,2738,30058,699
2021-03-23,Inyo,027,18085,1369,1364,2,1366,35
2021-03-23,Kern,029,883053,94760,93728,10634,104362,1191
2021-03-23,Kings,031,150075,22574,22439,1117,23556,237
2021-03-23,Lake,033,64148,3334,3294,8,3302,43
2021-03-23,Lassen,035,31185,5130,5130,105,5235,1
2021-03-23,Los Angeles,037,10098052,1182201,1176572,42178,1218750,22904
2021-03-23,Madera,039,155013,16000,15908,898,16806,210
2021-03-23,Marin,041,260295,13569,13514,197,13711,221
2021-03-23,Mariposa,043,17540,392,384,5,389,5
2021-03-23,Mendocino,045,87422,3735,3652,71,3723,45
2021-03-23,Merced,047,269075,29629,29485,944,30429,415
2021-03-23,Modoc,049,8938,352,342,120,462,3
2021-03-23,Mono,051,14174,1221,1263,12,1275,3
2021-03-23,Monterey,053,433212,42315,42180,1815,43995,335
2021-03-23,Napa,055,140530,9340,9299,33,9332,78
2021-03-23,Nevada,057,99092,4248,4179,180,4359,89
2021-03-23,Orange,059,3164182,249953,248661,10986,259647,4626
2021-03-23,Placer,061,380077,21324,20567,1259,21826,248
2021-03-23,Plumas,063,18699,663,652,11,663,4
2021-03-23,Riverside,065,2383286,286325,282317,14310,296627,4035
2021-03-23,Sacramento,067,1510023,97997,96521,1433,97954,1496
2021-03-23,San Benito,069,59416,5845,5845,96,5941,61
2021-03-23,San Bernardino,071,2135413,287994,284875,8815,293690,4134
2021-03-23,San Diego,073,3302833,269429,268156,13341,281497,3498
2021-03-23,San Francisco,075,870044,35038,35071,1268,36339,462
2021-03-23,San Joaquin,077,732212,69083,67903,3213,71116,1182
2021-03-23,San Luis Obispo,079,281455,20191,20009,644,20653,250
2021-03-23,San Mateo,081,765935,40558,40032,441,40473,348
2021-03-23,Santa Barbara,083,443738,33260,32771,1193,33964,438
2021-03-23,Santa Clara,085,1922200,113188,113645,656,114301,1848
2021-03-23,Santa Cruz,087,273765,15697,15106,860,15966,201
2021-03-23,Shasta,089,179085,11224,11234,1372,12606,175
2021-03-23,Sierra,091,2930,53,50,14,64,0
2021-03-23,Siskiyou,093,43540,1547,1485,272,1757,6
2021-03-23,Solano,095,438530,30649,30524,410,30934,178
2021-03-23,Sonoma,097,501317,28938,29020,258,29278,310
2021-03-23,Stanislaus,099,539301,52467,52148,5764,57912,677
2021-03-23,Sutter,101,95872,9095,9039,85,9124,104
2021-03-23,Tehama,103,63373,4728,4707,531,5238,46
2021-03-23,Trinity,105,12862,363,310,58,368,3
2021-03-23,Tulare,107,460477,48617,48095,8988,57083,808
2021-03-23,Tuolumne,109,53932,3959,3957,33,3990,57
2021-03-23,Ventura,111,848112,79306,78930,2965,81895,932
2021-03-23,Yolo,113,214977,13285,13255,256,13511,194
2021-03-23,Yuba,115,75493,5677,5628,99,5727,42
2021-03-22,Alameda,001,1643700,83169,82748,1864,84612,1189
2021-03-22,Alpine,003,1148,85,83,0,83,0
2021-03-22,Amador,005,37829,3542,3522,33,3555,44
2021-03-22,Butte,007,227075,11559,11211,1741,12952,185
2021-03-22,Calaveras,009,45235,1988,1963,12,1975,49
2021-03-22,Colusa,011,21464,1882,1885,277,2162,13
2021-03-22,Contra Costa,013,1133247,65214,64432,1179,65611,740
2021-03-22,Del Norte,015,27424,1124,1082,2,1084,6
2021-03-22,El Dorado,017,186661,9335,9310,640,9950,105
2021-03-22,Fresno,019,978130,98684,98276,8459,106735,1556
2021-03-22,Glenn,021,27897,2313,2291,537,2828,17
2021-03-22,Humboldt,023,135768,3425,3403,24,3427,34
2021-03-22,Imperial,025,180216,27413,27302,2734,30036,699
2021-03-22,Inyo,027,18085,1366,1363,2,1365,35
2021-03-22,Kern,029,883053,94690,93675,10617,104292,1178
2021-03-22,Kings,031,150075,22561,22433,1112,23545,236
2021-03-22,Lake,033,64148,3333,3290,8,3298,43
2021-03-22,Lassen,035,31185,5128,5129,105,5234,1
2021-03-22,Los Angeles,037,10098052,1181696,1176205,42143,1218348,22843
2021-03-22,Madera,039,155013,15985,15904,898,16802,210
2021-03-22,Marin,041,260295,13560,13501,196,13697,221
2021-03-22,Mariposa,043,17540,391,381,5,386,5
2021-03-22,Mendocino,045,87422,3733,3653,71,3724,45
2021-03-22,Merced,047,269075,29586,29468,941,30409,413
2021-03-22,Modoc,049,8938,350,342,120,462,3
2021-03-22,Mono,051,14174,1216,1263,12,1275,3
2021-03-22,Monterey,053,433212,42298,42161,1813,43974,335
2021-03-22,Napa,055,140530,9329,9288,33,9321,77
2021-03-22,Nevada,057,99092,4238,4174,175,4349,89
2021-03-22,Orange,059,3164182,249803,248517,10951,259468,4599
2021-03-22,Placer,061,380077,21288,20543,1254,21797,242
2021-03-22,Plumas,063,18699,663,652,11,663,4
2021-03-22,Riverside,065,2383286,286232,282242,14299,296541,4009
2021-03-22,Sacramento,067,1510023,97820,96385,1423,97808,1493
2021-03-22,San Benito,069,59416,5842,5844,95,5939,61
2021-03-22,San Bernardino,071,2135413,287907,284771,8802,293573,4107
2021-03-22,San Diego,073,3302833,269218,267913,13321,281234,3494
2021-03-22,San Francisco,075,870044,34996,35040,1264,36304,462
2021-03-22,San Joaquin,077,732212,68992,67815,3194,71009,1182
2021-03-22,San Luis Obispo,079,281455,20167,20000,643,20643,250
2021-03-22,San Mateo,081,765935,40508,40024,439,40463,348
2021-03-22,Santa Barbara,083,443738,33215,32756,1190,33946,437
2021-03-22,Santa Clara,085,1922200,113069,113575,656,114231,1845
2021-03-22,Santa Cruz,087,273765,15685,15077,859,15936,201
2021-03-22,Shasta,089,179085,11210,11218,1371,12589,150
2021-03-22,Sierra,091,2930,53,50,14,64,0
2021-03-22,Siskiyou,093,43540,1546,1487,271,1758,5
2021-03-22,Solano,095,438530,30610,30490,406,30896,171
2021-03-22,Sonoma,097,501317,28909,29010,254,29264,310
2021-03-22,Stanislaus,099,539301,52383,52083,5759,57842,677
2021-03-22,Sutter,101,95872,9082,9024,85,9109,104
2021-03-22,Tehama,103,63373,4720,4704,531,5235,45
2021-03-22,Trinity,105,12862,363,310,58,368,3
2021-03-22,Tulare,107,460477,48602,48074,8967,57041,807
2021-03-22,Tuolumne,109,53932,3956,3954,33,3987,57
2021-03-22,Ventura,111,848112,79258,78890,2962,81852,927
2021-03-22,Yolo,113,214977,13273,13243,255,13498,190
2021-03-22,Yuba,115,75493,5666,5627,97,5724,42
2021-03-21,Alameda,001,1643700,83081,82684,1861,84545,1187
2021-03-21,Alpine,003,1148,85,83,0,83,0
2021-03-21,Amador,005,37829,3538,3519,33,3552,44
2021-03-21,Butte,007,227075,11543,11208,1735,12943,185
2021-03-21,Calaveras,009,45235,1985,1962,12,1974,49
2021-03-21,Colusa,011,21464,1882,1885,277,2162,13
2021-03-21,Contra Costa,013,1133247,65132,64382,1175,65557,740
2021-03-21,Del Norte,015,27424,1109,1076,2,1078,6
2021-03-21,El Dorado,017,186661,9325,9302,635,9937,105
2021-03-21,Fresno,019,978130,98572,98211,8435,106646,1556
2021-03-21,Glenn,021,27897,2310,2288,536,2824,17
2021-03-21,Humboldt,023,135768,3420,3402,24,3426,34
2021-03-21,Imperial,025,180216,27396,27267,2725,29992,699
2021-03-21,Inyo,027,18085,1366,1363,2,1365,35
2021-03-21,Kern,029,883053,94626,93649,10606,104255,1170
2021-03-21,Kings,031,150075,22544,22422,1111,23533,236
2021-03-21,Lake,033,64148,3329,3286,8,3294,43
2021-03-21,Lassen,035,31185,5128,5129,105,5234,1
2021-03-21,Los Angeles,037,10098052,1181173,1175684,42092,1217776,22834
2021-03-21,Madera,039,155013,15966,15895,896,16791,210
2021-03-21,Marin,041,260295,13544,13495,195,13690,220
2021-03-21,Mariposa,043,17540,391,381,5,386,5
2021-03-21,Mendocino,045,87422,3730,3651,71,3722,45
2021-03-21,Merced,047,269075,29526,29446,935,30381,413
2021-03-21,Modoc,049,8938,350,341,120,461,3
2021-03-21,Mono,051,14174,1211,1263,12,1275,3
2021-03-21,Monterey,053,433212,42273,42153,1810,43963,335
2021-03-21,Napa,055,140530,9309,9282,33,9315,77
2021-03-21,Nevada,057,99092,4225,4169,175,4344,89
2021-03-21,Orange,059,3164182,249671,248442,10923,259365,4598
2021-03-21,Placer,061,380077,21252,20520,1246,21766,242
2021-03-21,Plumas,063,18699,663,653,11,664,4
2021-03-21,Riverside,065,2383286,286127,282187,14287,296474,4009
2021-03-21,Sacramento,067,1510023,97625,96269,1415,97684,1489
2021-03-21,San Benito,069,59416,5836,5842,95,5937,61
2021-03-21,San Bernardino,071,2135413,287819,284732,8795,293527,4094
2021-03-21,San Diego,073,3302833,268958,267724,13295,281019,3494
2021-03-21,San Francisco,075,870044,34949,35012,1257,36269,460
2021-03-21,San Joaquin,077,732212,68870,67729,3176,70905,1182
2021-03-21,San Luis Obispo,079,281455,20135,19979,641,20620,250
2021-03-21,San Mateo,081,765935,40463,39988,438,40426,344
2021-03-21,Santa Barbara,083,443738,33176,32743,1188,33931,437
2021-03-21,Santa Clara,085,1922200,112940,113487,653,114140,1840
2021-03-21,Santa Cruz,087,273765,15678,15064,859,15923,199
2021-03-21,Shasta,089,179085,11190,11215,1370,12585,150
2021-03-21,Sierra,091,2930,53,50,14,64,0
2021-03-21,Siskiyou,093,43540,1546,1486,270,1756,5
2021-03-21,Solano,095,438530,30570,30474,403,30877,171
2021-03-21,Sonoma,097,501317,28880,28986,253,29239,310
2021-03-21,Stanislaus,099,539301,52293,52014,5758,57772,677
2021-03-21,Sutter,101,95872,9069,9021,85,9106,104
2021-03-21,Tehama,103,63373,4716,4701,531,5232,45
2021-03-21,Trinity,105,12862,361,310,58,368,3
2021-03-21,Tulare,107,460477,48586,48060,8955,57015,807
2021-03-21,Tuolumne,109,53932,3954,3953,33,3986,57
2021-03-21,Ventura,111,848112,79194,78863,2957,81820,927
2021-03-21,Yolo,113,214977,13252,13235,255,13490,190
2021-03-21,Yuba,115,75493,5656,5624,97,5721,42
2021-03-20,Alameda,001,1643700,83012,82614,1859,84473,1178
2021-03-20,Alpine,003,1148,85,83,0,83,0
2021-03-20,Amador,005,37829,3536,3518,33,3551,44
2021-03-20,Butte,007,227075,11537,11199,1733,12932,185
2021-03-20,Calaveras,009,45235,1981,1961,12,1973,49
2021-03-20,Colusa,011,21464,1882,1883,277,2160,12
2021-03-20,Contra Costa,013,1133247,65072,64313,1175,65488,713
2021-03-20,Del Norte,015,27424,1108,1075,2,1077,6
2021-03-20,El Dorado,017,186661,9319,9290,635,9925,105
2021-03-20,Fresno,019,978130,98512,98112,8428,106540,1532
2021-03-20,Glenn,021,27897,2309,2288,534,2822,17
2021-03-20,Humboldt,023,135768,3413,3399,24,3423,33
2021-03-20,Imperial,025,180216,27390,27239,2723,29962,695
2021-03-20,Inyo,027,18085,1366,1362,2,1364,35
2021-03-20,Kern,029,883053,94597,93606,10601,104207,1155
2021-03-20,Kings,031,150075,22539,22415,1110,23525,236
2021-03-20,Lake,033,64148,3325,3280,8,3288,43
2021-03-20,Lassen,035,31185,5128,5128,105,5233,1
2021-03-20,Los Angeles,037,10098052,1180878,1175290,42064,1217354,22810
2021-03-20,Madera,039,155013,15958,15891,895,16786,210
2021-03-20,Marin,041,260295,13532,13470,191,13661,220
2021-03-20,Mariposa,043,17540,390,381,5,386,5
2021-03-20,Mendocino,045,87422,3729,3639,71,3710,43
2021-03-20,Merced,047,269075,29495,29411,932,30343,412
2021-03-20,Modoc,049,8938,349,341,120,461,3
2021-03-20,Mono,051,14174,1211,1256,12,1268,3
2021-03-20,Monterey,053,433212,42264,42146,1809,43955,334
2021-03-20,Napa,055,140530,9301,9274,33,9307,77
2021-03-20,Nevada,057,99092,4214,4164,174,4338,89
2021-03-20,Orange,059,3164182,249590,248348,10910,259258,4522
2021-03-20,Placer,061,380077,21230,20505,1244,21749,242
2021-03-20,Plumas,063,18699,660,652,11,663,4
2021-03-20,Riverside,065,2383286,286054,282081,14283,296364,4000
2021-03-20,Sacramento,067,1510023,97515,96126,1411,97537,1488
2021-03-20,San Benito,069,59416,5832,5840,95,5935,61
2021-03-20,San Bernardino,071,2135413,287754,284690,8791,293481,3965
2021-03-20,San Diego,073,3302833,268787,267532,13288,280820,3493
2021-03-20,San Francisco,075,870044,34926,34968,1250,36218,453
2021-03-20,San Joaquin,077,732212,68829,67662,3169,70831,1161
2021-03-20,San Luis Obispo,079,281455,20119,19951,635,20586,250
2021-03-20,San Mateo,081,765935,40429,39958,437,40395,344
2021-03-20,Santa Barbara,083,443738,33152,32723,1187,33910,434
2021-03-20,Santa Clara,085,1922200,112848,113384,652,114036,1799
2021-03-20,Santa Cruz,087,273765,15662,15053,859,15912,199
2021-03-20,Shasta,089,179085,11184,11211,1370,12581,147
2021-03-20,Sierra,091,2930,53,50,14,64,0
2021-03-20,Siskiyou,093,43540,1546,1483,270,1753,5
2021-03-20,Solano,095,438530,30540,30439,403,30842,170
2021-03-20,Sonoma,097,501317,28865,28962,252,29214,309
2021-03-20,Stanislaus,099,539301,52237,51925,5750,57675,673
2021-03-20,Sutter,101,95872,9061,9014,85,9099,103
2021-03-20,Tehama,103,63373,4711,4696,529,5225,33
2021-03-20,Trinity,105,12862,360,310,58,368,3
2021-03-20,Tulare,107,460477,48571,48030,8938,56968,804
2021-03-20,Tuolumne,109,53932,3951,3950,33,3983,57
2021-03-20,Ventura,111,848112,79157,78818,2955,81773,922
2021-03-20,Yolo,113,214977,13248,13226,255,13481,190
2021-03-20,Yuba,115,75493,5653,5621,96,5717,42
2021-03-19,Alameda,001,1643700,82939,82499,1857,84356,1187
2021-03-19,Alpine,003,1148,84,82,0,82,0
2021-03-19,Amador,005,37829,3533,3515,33,3548,44
2021-03-19,Butte,007,227075,11528,11191,1730,12921,185
2021-03-19,Calaveras,009,45235,1980,1957,12,1969,49
2021-03-19,Colusa,011,21464,1881,1883,277,2160,12
2021-03-19,Contra Costa,013,1133247,65013,64195,1172,65367,737
2021-03-19,Del Norte,015,27424,1102,1071,0,1071,6
2021-03-19,El Dorado,017,186661,9310,9274,635,9909,105
2021-03-19,Fresno,019,978130,98430,97969,8413,106382,1527
2021-03-19,Glenn,021,27897,2309,2282,534,2816,17
2021-03-19,Humboldt,023,135768,3404,3388,24,3412,33
2021-03-19,Imperial,025,180216,27379,27218,2718,29936,695
2021-03-19,Inyo,027,18085,1364,1356,2,1358,35
2021-03-19,Kern,029,883053,94564,93534,10588,104122,1152
2021-03-19,Kings,031,150075,22530,22369,1107,23476,235
2021-03-19,Lake,033,64148,3319,3262,8,3270,43
2021-03-19,Lassen,035,31185,5128,5126,105,5231,1
2021-03-19,Los Angeles,037,10098052,1180543,1174818,42048,1216866,22752
2021-03-19,Madera,039,155013,15951,15877,894,16771,210
2021-03-19,Marin,041,260295,13520,13441,191,13632,220
2021-03-19,Mariposa,043,17540,389,380,5,385,5
2021-03-19,Mendocino,045,87422,3728,3639,71,3710,45
2021-03-19,Merced,047,269075,29466,29376,931,30307,412
2021-03-19,Modoc,049,8938,349,341,120,461,3
2021-03-19,Mono,051,14174,1209,1244,12,1256,3
2021-03-19,Monterey,053,433212,42255,42125,1807,43932,335
2021-03-19,Napa,055,140530,9289,9256,33,9289,77
2021-03-19,Nevada,057,99092,4203,4156,174,4330,88
2021-03-19,Orange,059,3164182,249491,248146,10897,259043,4501
2021-03-19,Placer,061,380077,21212,20451,1242,21693,242
2021-03-19,Plumas,063,18699,660,650,11,661,4
2021-03-19,Riverside,065,2383286,285972,281937,14278,296215,3989
2021-03-19,Sacramento,067,1510023,97413,95934,1408,97342,1486
2021-03-19,San Benito,069,59416,5832,5845,95,5940,61
2021-03-19,San Bernardino,071,2135413,287682,284501,8789,293290,4017
2021-03-19,San Diego,073,3302833,268652,267173,13278,280451,3491
2021-03-19,San Francisco,075,870044,34880,34936,1247,36183,461
2021-03-19,San Joaquin,077,732212,68759,67515,3155,70670,1180
2021-03-19,San Luis Obispo,079,281455,20099,19913,633,20546,249
2021-03-19,San Mateo,081,765935,40405,39893,437,40330,344
2021-03-19,Santa Barbara,083,443738,33123,32685,1186,33871,435
2021-03-19,Santa Clara,085,1922200,112774,113232,651,113883,1797
2021-03-19,Santa Cruz,087,273765,15655,15026,859,15885,199
2021-03-19,Shasta,089,179085,11177,11104,1368,12472,103
2021-03-19,Sierra,091,2930,52,49,14,63,0
2021-03-19,Siskiyou,093,43540,1546,1480,269,1749,5
2021-03-19,Solano,095,438530,30510,30395,401,30796,172
2021-03-19,Sonoma,097,501317,28844,28932,250,29182,292
2021-03-19,Stanislaus,099,539301,52179,51755,5747,57502,679
2021-03-19,Sutter,101,95872,9059,9005,85,9090,103
2021-03-19,Tehama,103,63373,4703,4685,529,5214,33
2021-03-19,Trinity,105,12862,360,310,58,368,3
2021-03-19,Tulare,107,460477,48548,47989,8915,56904,805
2021-03-19,Tuolumne,109,53932,3948,3946,33,3979,57
2021-03-19,Ventura,111,848112,79119,78753,2950,81703,920
2021-03-19,Yolo,113,214977,13240,13197,255,13452,189
2021-03-19,Yuba,115,75493,5650,5615,95,5710,42
2021-03-18,Alameda,001,1643700,82855,82419,1854,84273,1189
2021-03-18,Alpine,003,1148,84,82,0,82,0
2021-03-18,Amador,005,37829,3529,3513,33,3546,44
2021-03-18,Butte,007,227075,11517,11179,1728,12907,185
2021-03-18,Calaveras,009,45235,1978,1954,12,1966,49
2021-03-18,Colusa,011,21464,1881,1882,277,2159,12
2021-03-18,Contra Costa,013,1133247,64940,64103,1169,65272,739
2021-03-18,Del Norte,015,27424,1093,1059,0,1059,6
2021-03-18,El Dorado,017,186661,9297,9261,634,9895,105
2021-03-18,Fresno,019,978130,98335,97856,8398,106254,1527
2021-03-18,Glenn,021,27897,2305,2275,533,2808,17
2021-03-18,Humboldt,023,135768,3396,3381,24,3405,34
2021-03-18,Imperial,025,180216,27363,27190,2712,29902,695
2021-03-18,Inyo,027,18085,1361,1354,2,1356,35
2021-03-18,Kern,029,883053,94507,93458,10574,104032,1158
2021-03-18,Kings,031,150075,22523,22354,1106,23460,235
2021-03-18,Lake,033,64148,3316,3260,8,3268,43
2021-03-18,Lassen,035,31185,5127,5126,105,5231,1
2021-03-18,Los Angeles,037,10098052,1180114,1174205,42017,1216222,22689
2021-03-18,Madera,039,155013,15939,15860,892,16752,211
2021-03-18,Marin,041,260295,13502,13435,190,13625,219
2021-03-18,Mariposa,043,17540,387,380,5,385,5
2021-03-18,Mendocino,045,87422,3718,3630,71,3701,45
2021-03-18,Merced,047,269075,29431,29317,931,30248,410
2021-03-18,Modoc,049,8938,349,341,120,461,3
2021-03-18,Mono,051,14174,1205,1215,12,1227,3
2021-03-18,Monterey,053,433212,42241,42105,1807,43912,335
2021-03-18,Napa,055,140530,9280,9243,33,9276,77
2021-03-18,Nevada,057,99092,4196,4154,174,4328,74
2021-03-18,Orange,059,3164182,249388,248050,10884,258934,4514
2021-03-18,Placer,061,380077,21179,20421,1239,21660,243
2021-03-18,Plumas,063,18699,658,648,11,659,4
2021-03-18,Riverside,065,2383286,285893,281789,14271,296060,3957
2021-03-18,Sacramento,067,1510023,97262,95819,1404,97223,1481
2021-03-18,San Benito,069,59416,5830,5842,95,5937,61
2021-03-18,San Bernardino,071,2135413,287603,284294,8759,293053,4076
2021-03-18,San Diego,073,3302833,268500,266752,13268,280020,3478
2021-03-18,San Francisco,075,870044,34842,34904,1246,36150,461
2021-03-18,San Joaquin,077,732212,68659,67301,3143,70444,1169
2021-03-18,San Luis Obispo,079,281455,20070,19894,632,20526,249
2021-03-18,San Mateo,081,765935,40364,39874,437,40311,344
2021-03-18,Santa Barbara,083,443738,33081,32640,1186,33826,434
2021-03-18,Santa Clara,085,1922200,112657,113119,647,113766,1808
2021-03-18,Santa Cruz,087,273765,15645,14998,859,15857,198
2021-03-18,Shasta,089,179085,11163,11059,1366,12425,100
2021-03-18,Sierra,091,2930,52,49,14,63,0
2021-03-18,Siskiyou,093,43540,1543,1480,268,1748,5
2021-03-18,Solano,095,438530,30468,30352,398,30750,172
2021-03-18,Sonoma,097,501317,28822,28915,248,29163,292
2021-03-18,Stanislaus,099,539301,52107,51615,5743,57358,682
2021-03-18,Sutter,101,95872,9047,8999,85,9084,103
2021-03-18,Tehama,103,63373,4697,4683,528,5211,35
2021-03-18,Trinity,105,12862,360,310,58,368,3
2021-03-18,Tulare,107,460477,48529,47964,8900,56864,805
2021-03-18,Tuolumne,109,53932,3948,3942,33,3975,57
2021-03-18,Ventura,111,848112,79063,78697,2950,81647,918
2021-03-18,Yolo,113,214977,13227,13183,255,13438,191
2021-03-18,Yuba,115,75493,5646,5612,95,5707,42
2021-03-17,Alameda,001,1643700,82779,82353,1848,84201,1185
2021-03-17,Alpine,003,1148,84,82,0,82,0
2021-03-17,Amador,005,37829,3527,3511,33,3544,44
2021-03-17,Butte,007,227075,11508,11170,1726,12896,185
2021-03-17,Calaveras,009,45235,1977,1946,12,1958,49
2021-03-17,Colusa,011,21464,1880,1882,277,2159,12
2021-03-17,Contra Costa,013,1133247,64870,64026,1168,65194,737
2021-03-17,Del Norte,015,27424,1089,1053,0,1053,6
2021-03-17,El Dorado,017,186661,9287,9252,634,9886,105
2021-03-17,Fresno,019,978130,98225,97727,8379,106106,1507
2021-03-17,Glenn,021,27897,2298,2269,532,2801,17
2021-03-17,Humboldt,023,135768,3388,3365,24,3389,33
2021-03-17,Imperial,025,180216,27346,27168,2710,29878,691
2021-03-17,Inyo,027,18085,1359,1351,2,1353,35
2021-03-17,Kern,029,883053,94451,93392,10561,103953,1149
2021-03-17,Kings,031,150075,22507,22336,1105,23441,233
2021-03-17,Lake,033,64148,3309,3251,8,3259,43
2021-03-17,Lassen,035,31185,5126,5125,105,5230,1
2021-03-17,Los Angeles,037,10098052,1179667,1173416,41983,1215399,22602
2021-03-17,Madera,039,155013,15932,15835,891,16726,214
2021-03-17,Marin,041,260295,13484,13428,189,13617,218
2021-03-17,Mariposa,043,17540,387,379,5,384,5
2021-03-17,Mendocino,045,87422,3714,3625,71,3696,44
2021-03-17,Merced,047,269075,29403,29250,927,30177,408
2021-03-17,Modoc,049,8938,349,341,120,461,3
2021-03-17,Mono,051,14174,1203,1212,12,1224,3
2021-03-17,Monterey,053,433212,42222,42061,1804,43865,334
2021-03-17,Napa,055,140530,9265,9219,33,9252,76
2021-03-17,Nevada,057,99092,4186,4145,174,4319,74
2021-03-17,Orange,059,3164182,249270,247943,10856,258799,4502
2021-03-17,Placer,061,380077,21152,20369,1237,21606,243
2021-03-17,Plumas,063,18699,657,645,11,656,4
2021-03-17,Riverside,065,2383286,285781,281649,14263,295912,3925
2021-03-17,Sacramento,067,1510023,97135,95650,1398,97048,1477
2021-03-17,San Benito,069,59416,5827,5841,95,5936,61
2021-03-17,San Bernardino,071,2135413,287488,284170,8754,292924,4049
2021-03-17,San Diego,073,3302833,268289,266313,13250,279563,3470
2021-03-17,San Francisco,075,870044,34807,34873,1245,36118,457
2021-03-17,San Joaquin,077,732212,68577,67093,3127,70220,1164
2021-03-17,San Luis Obispo,079,281455,20047,19858,628,20486,249
2021-03-17,San Mateo,081,765935,40334,39838,436,40274,344
2021-03-17,Santa Barbara,083,443738,33061,32585,1185,33770,433
2021-03-17,Santa Clara,085,1922200,112564,112983,646,113629,1805
2021-03-17,Santa Cruz,087,273765,15637,14967,859,15826,199
2021-03-17,Shasta,089,179085,11158,11045,1363,12408,100
2021-03-17,Sierra,091,2930,52,49,14,63,0
2021-03-17,Siskiyou,093,43540,1542,1479,266,1745,5
2021-03-17,Solano,095,438530,30442,30320,396,30716,171
2021-03-17,Sonoma,097,501317,28798,28877,247,29124,292
2021-03-17,Stanislaus,099,539301,52034,51524,5736,57260,682
2021-03-17,Sutter,101,95872,9037,8982,85,9067,103
2021-03-17,Tehama,103,63373,4691,4670,528,5198,34
2021-03-17,Trinity,105,12862,360,308,58,366,3
2021-03-17,Tulare,107,460477,48509,47929,8890,56819,805
2021-03-17,Tuolumne,109,53932,3945,3938,33,3971,57
2021-03-17,Ventura,111,848112,79008,78648,2947,81595,916
2021-03-17,Yolo,113,214977,13212,13169,254,13423,190
2021-03-17,Yuba,115,75493,5643,5603,95,5698,42
2021-03-16,Alameda,001,1643700,82664,82259,1846,84105,1177
2021-03-16,Alpine,003,1148,84,82,0,82,0
2021-03-16,Amador,005,37829,3525,3510,33,3543,44
2021-03-16,Butte,007,227075,11496,11154,1725,12879,184
2021-03-16,Calaveras,009,45235,1972,1945,12,1957,49
2021-03-16,Colusa,011,21464,1879,1882,277,2159,12
2021-03-16,Contra Costa,013,1133247,64789,63951,1164,65115,736
2021-03-16,Del Norte,015,27424,1081,1048,0,1048,6
2021-03-16,El Dorado,017,186661,9271,9249,634,9883,105
2021-03-16,Fresno,019,978130,98092,97638,8354,105992,1498
2021-03-16,Glenn,021,27897,2290,2267,528,2795,17
2021-03-16,Humboldt,023,135768,3384,3351,24,3375,33
2021-03-16,Imperial,025,180216,27335,27143,2708,29851,689
2021-03-16,Inyo,027,18085,1358,1346,2,1348,35
2021-03-16,Kern,029,883053,94386,93340,10545,103885,1144
2021-03-16,Kings,031,150075,22471,22320,1104,23424,233
2021-03-16,Lake,033,64148,3301,3246,8,3254,43
2021-03-16,Lassen,035,31185,5125,5126,105,5231,1
2021-03-16,Los Angeles,037,10098052,1179137,1172676,41943,1214619,22527
2021-03-16,Madera,039,155013,15916,15822,889,16711,214
2021-03-16,Marin,041,260295,13466,13419,189,13608,218
2021-03-16,Mariposa,043,17540,384,379,5,384,5
2021-03-16,Mendocino,045,87422,3709,3623,71,3694,44
2021-03-16,Merced,047,269075,29350,29198,926,30124,407
2021-03-16,Modoc,049,8938,349,341,120,461,3
2021-03-16,Mono,051,14174,1202,1207,12,1219,3
2021-03-16,Monterey,053,433212,42203,42023,1804,43827,334
2021-03-16,Napa,055,140530,9255,9209,33,9242,75
2021-03-16,Nevada,057,99092,4177,4132,173,4305,67
2021-03-16,Orange,059,3164182,249135,247843,10836,258679,4479
2021-03-16,Placer,061,380077,21119,20339,1232,21571,240
2021-03-16,Plumas,063,18699,656,643,11,654,4
2021-03-16,Riverside,065,2383286,285675,281540,14251,295791,3893
2021-03-16,Sacramento,067,1510023,96993,95522,1394,96916,1466
2021-03-16,San Benito,069,59416,5822,5831,95,5926,61
2021-03-16,San Bernardino,071,2135413,287359,283980,8746,292726,4032
2021-03-16,San Diego,073,3302833,268057,265903,13237,279140,3462
2021-03-16,San Francisco,075,870044,34778,34833,1240,36073,456
2021-03-16,San Joaquin,077,732212,68475,66856,3114,69970,1163
2021-03-16,San Luis Obispo,079,281455,20018,19832,626,20458,248
2021-03-16,San Mateo,081,765935,40300,39806,435,40241,344
2021-03-16,Santa Barbara,083,443738,33029,32556,1184,33740,433
2021-03-16,Santa Clara,085,1922200,112446,112845,643,113488,1797
2021-03-16,Santa Cruz,087,273765,15631,14926,859,15785,199
2021-03-16,Shasta,089,179085,11142,11035,1360,12395,100
2021-03-16,Sierra,091,2930,51,49,14,63,0
2021-03-16,Siskiyou,093,43540,1538,1477,266,1743,5
2021-03-16,Solano,095,438530,30408,30298,395,30693,171
2021-03-16,Sonoma,097,501317,28766,28850,245,29095,291
2021-03-16,Stanislaus,099,539301,51954,51410,5729,57139,683
2021-03-16,Sutter,101,95872,9029,8970,85,9055,102
2021-03-16,Tehama,103,63373,4687,4660,527,5187,34
2021-03-16,Trinity,105,12862,360,308,57,365,3
2021-03-16,Tulare,107,460477,48461,47895,8882,56777,803
2021-03-16,Tuolumne,109,53932,3942,3938,33,3971,57
2021-03-16,Ventura,111,848112,78941,78671,2940,81611,916
2021-03-16,Yolo,113,214977,13197,13162,254,13416,190
2021-03-16,Yuba,115,75493,5640,5596,94,5690,42
2021-03-15,Alameda,001,1643700,82576,82159,1846,84005,1167
2021-03-15,Alpine,003,1148,84,82,0,82,0
2021-03-15,Amador,005,37829,3524,3506,33,3539,44
2021-03-15,Butte,007,227075,11483,11141,1721,12862,185
2021-03-15,Calaveras,009,45235,1968,1941,12,1953,49
2021-03-15,Colusa,011,21464,1879,1883,277,2160,12
2021-03-15,Contra Costa,013,1133247,64727,63847,1163,65010,732
2021-03-15,Del Norte,015,27424,1078,1048,0,1048,6
2021-03-15,El Dorado,017,186661,9265,9235,633,9868,103
2021-03-15,Fresno,019,978130,97966,97520,8338,105858,1496
2021-03-15,Glenn,021,27897,2285,2261,525,2786,15
2021-03-15,Humboldt,023,135768,3378,3337,24,3361,32
2021-03-15,Imperial,025,180216,27314,27122,2706,29828,684
2021-03-15,Inyo,027,18085,1358,1346,2,1348,35
2021-03-15,Kern,029,883053,94326,93266,10538,103804,1141
2021-03-15,Kings,031,150075,22454,22294,1099,23393,233
2021-03-15,Lake,033,64148,3289,3237,8,3245,43
2021-03-15,Lassen,035,31185,5125,5125,105,5230,1
2021-03-15,Los Angeles,037,10098052,1178578,1172445,41902,1214347,22477
2021-03-15,Madera,039,155013,15905,15806,887,16693,214
2021-03-15,Marin,041,260295,13460,13408,188,13596,218
2021-03-15,Mariposa,043,17540,384,376,5,381,5
2021-03-15,Mendocino,045,87422,3705,3615,71,3686,44
2021-03-15,Merced,047,269075,29310,29169,925,30094,407
2021-03-15,Modoc,049,8938,349,340,120,460,3
2021-03-15,Mono,051,14174,1201,1206,12,1218,3
2021-03-15,Monterey,053,433212,42175,42011,1801,43812,333
2021-03-15,Napa,055,140530,9244,9196,33,9229,75
2021-03-15,Nevada,057,99092,4172,4123,172,4295,66
2021-03-15,Orange,059,3164182,249023,247697,10816,258513,4481
2021-03-15,Placer,061,380077,21096,20308,1232,21540,238
2021-03-15,Plumas,063,18699,656,642,11,653,4
2021-03-15,Riverside,065,2383286,285532,281367,14239,295606,3856
2021-03-15,Sacramento,067,1510023,96839,95414,1388,96802,1463
2021-03-15,San Benito,069,59416,5819,5831,95,5926,61
2021-03-15,San Bernardino,071,2135413,287266,283815,8738,292553,4004
2021-03-15,San Diego,073,3302833,267806,265646,13221,278867,3452
2021-03-15,San Francisco,075,870044,34742,34820,1236,36056,456
2021-03-15,San Joaquin,077,732212,68371,66622,3101,69723,1140
2021-03-15,San Luis Obispo,079,281455,19988,19813,621,20434,247
2021-03-15,San Mateo,081,765935,40247,39765,435,40200,344
2021-03-15,Santa Barbara,083,443738,33007,32529,1181,33710,431
2021-03-15,Santa Clara,085,1922200,112345,112729,641,113370,1798
2021-03-15,Santa Cruz,087,273765,15625,14899,857,15756,200
2021-03-15,Shasta,089,179085,11126,11019,1355,12374,92
2021-03-15,Sierra,091,2930,51,49,14,63,0
2021-03-15,Siskiyou,093,43540,1538,1475,266,1741,5
2021-03-15,Solano,095,438530,30379,30258,394,30652,171
2021-03-15,Sonoma,097,501317,28748,28814,242,29056,285
2021-03-15,Stanislaus,099,539301,51876,51357,5722,57079,683
2021-03-15,Sutter,101,95872,9023,8962,85,9047,102
2021-03-15,Tehama,103,63373,4677,4650,526,5176,34
2021-03-15,Trinity,105,12862,360,308,57,365,3
2021-03-15,Tulare,107,460477,48431,47857,8867,56724,800
2021-03-15,Tuolumne,109,53932,3940,3937,32,3969,57
2021-03-15,Ventura,111,848112,78887,78626,2939,81565,910
2021-03-15,Yolo,113,214977,13178,13131,252,13383,190
2021-03-15,Yuba,115,75493,5635,5585,93,5678,42
2021-03-14,Alameda,001,1643700,82490,82116,1843,83959,1168
2021-03-14,Alpine,003,1148,84,82,0,82,0
2021-03-14,Amador,005,37829,3519,3504,33,3537,44
2021-03-14,Butte,007,227075,11470,11140,1717,12857,185
2021-03-14,Calaveras,009,45235,1964,1939,12,1951,49
2021-03-14,Colusa,011,21464,1879,1883,277,2160,12
2021-03-14,Contra Costa,013,1133247,64623,63808,1161,64969,731
2021-03-14,Del Norte,015,27424,1064,1048,0,1048,6
2021-03-14,El Dorado,017,186661,9255,9231,633,9864,103
2021-03-14,Fresno,019,978130,97859,97461,8319,105780,1496
2021-03-14,Glenn,021,27897,2280,2260,522,2782,15
2021-03-14,Humboldt,023,135768,3364,3335,24,3359,32
2021-03-14,Imperial,025,180216,27296,27122,2702,29824,685
2021-03-14,Inyo,027,18085,1354,1346,2,1348,35
2021-03-14,Kern,029,883053,94246,93252,10517,103769,1141
2021-03-14,Kings,031,150075,22436,22292,1096,23388,232
2021-03-14,Lake,033,64148,3284,3237,8,3245,43
2021-03-14,Lassen,035,31185,5123,5125,105,5230,1
2021-03-14,Los Angeles,037,10098052,1178011,1172100,41863,1213963,22476
2021-03-14,Madera,039,155013,15880,15804,887,16691,214
2021-03-14,Marin,041,260295,13444,13405,186,13591,218
2021-03-14,Mariposa,043,17540,382,376,5,381,5
2021-03-14,Mendocino,045,87422,3700,3613,71,3684,44
2021-03-14,Merced,047,269075,29242,29149,921,30070,407
2021-03-14,Modoc,049,8938,349,340,120,460,3
2021-03-14,Mono,051,14174,1195,1206,12,1218,3
2021-03-14,Monterey,053,433212,42153,42007,1797,43804,333
2021-03-14,Napa,055,140530,9226,9194,33,9227,75
2021-03-14,Nevada,057,99092,4166,4122,170,4292,66
2021-03-14,Orange,059,3164182,248888,247656,10794,258450,4460
2021-03-14,Placer,061,380077,21063,20288,1224,21512,238
2021-03-14,Plumas,063,18699,654,642,11,653,4
2021-03-14,Riverside,065,2383286,285380,281332,14230,295562,3845
2021-03-14,Sacramento,067,1510023,96662,95343,1383,96726,1462
2021-03-14,San Benito,069,59416,5810,5829,95,5924,61
2021-03-14,San Bernardino,071,2135413,287143,283791,8727,292518,3996
2021-03-14,San Diego,073,3302833,267571,265468,13208,278676,3452
2021-03-14,San Francisco,075,870044,34704,34810,1232,36042,455
2021-03-14,San Joaquin,077,732212,68243,66563,3084,69647,1140
2021-03-14,San Luis Obispo,079,281455,19960,19806,619,20425,247
2021-03-14,San Mateo,081,765935,40208,39744,435,40179,342
2021-03-14,Santa Barbara,083,443738,32963,32514,1179,33693,431
2021-03-14,Santa Clara,085,1922200,112217,112648,640,113288,1796
2021-03-14,Santa Cruz,087,273765,15608,14887,855,15742,200
2021-03-14,Shasta,089,179085,11110,11019,1348,12367,92
2021-03-14,Sierra,091,2930,51,49,14,63,0
2021-03-14,Siskiyou,093,43540,1534,1473,265,1738,5
2021-03-14,Solano,095,438530,30347,30230,389,30619,171
2021-03-14,Sonoma,097,501317,28714,28798,238,29036,284
2021-03-14,Stanislaus,099,539301,51756,51306,5713,57019,690
2021-03-14,Sutter,101,95872,9007,8958,85,9043,102
2021-03-14,Tehama,103,63373,4665,4650,525,5175,34
2021-03-14,Trinity,105,12862,359,308,56,364,3
2021-03-14,Tulare,107,460477,48398,47845,8846,56691,800
2021-03-14,Tuolumne,109,53932,3938,3937,32,3969,57
2021-03-14,Ventura,111,848112,78834,78611,2933,81544,910
2021-03-14,Yolo,113,214977,13156,13128,248,13376,189
2021-03-14,Yuba,115,75493,5625,5583,93,5676,42
2021-03-13,Alameda,001,1643700,82430,82010,1843,83853,1168
2021-03-13,Alpine,003,1148,84,82,0,82,0
2021-03-13,Amador,005,37829,3516,3504,33,3537,44
2021-03-13,Butte,007,227075,11460,11131,1716,12847,185
2021-03-13,Calaveras,009,45235,1960,1939,12,1951,49
2021-03-13,Colusa,011,21464,1879,1882,277,2159,12
2021-03-13,Contra Costa,013,1133247,64563,63689,1161,64850,731
2021-03-13,Del Norte,015,27424,1060,1041,0,1041,6
2021-03-13,El Dorado,017,186661,9247,9221,633,9854,103
2021-03-13,Fresno,019,978130,97800,97324,8299,105623,1495
2021-03-13,Glenn,021,27897,2279,2260,521,2781,15
2021-03-13,Humboldt,023,135768,3357,3325,24,3349,32
2021-03-13,Imperial,025,180216,27291,27099,2697,29796,677
2021-03-13,Inyo,027,18085,1353,1344,2,1346,35
2021-03-13,Kern,029,883053,94207,93197,10510,103707,1140
2021-03-13,Kings,031,150075,22420,22265,1095,23360,232
2021-03-13,Lake,033,64148,3277,3234,7,3241,43
2021-03-13,Lassen,035,31185,5123,5125,105,5230,1
2021-03-13,Los Angeles,037,10098052,1177696,1171505,41819,1213324,22451
2021-03-13,Madera,039,155013,15868,15780,887,16667,214
2021-03-13,Marin,041,260295,13438,13391,184,13575,218
2021-03-13,Mariposa,043,17540,381,376,5,381,5
2021-03-13,Mendocino,045,87422,3696,3611,71,3682,44
2021-03-13,Merced,047,269075,29211,29106,921,30027,406
2021-03-13,Modoc,049,8938,349,340,119,459,3
2021-03-13,Mono,051,14174,1195,1207,12,1219,3
2021-03-13,Monterey,053,433212,42143,41989,1795,43784,332
2021-03-13,Napa,055,140530,9220,9190,33,9223,75
2021-03-13,Nevada,057,99092,4159,4111,169,4280,66
2021-03-13,Orange,059,3164182,248808,247514,10778,258292,4423
2021-03-13,Placer,061,380077,21043,20238,1221,21459,239
2021-03-13,Plumas,063,18699,652,642,11,653,4
2021-03-13,Riverside,065,2383286,285293,281191,14222,295413,3848
2021-03-13,Sacramento,067,1510023,96576,95192,1381,96573,1461
2021-03-13,San Benito,069,59416,5807,5823,95,5918,61
2021-03-13,San Bernardino,071,2135413,287090,283727,8721,292448,3972
2021-03-13,San Diego,073,3302833,267416,265270,13194,278464,3444
2021-03-13,San Francisco,075,870044,34687,34784,1223,36007,455
2021-03-13,San Joaquin,077,732212,68187,66480,3062,69542,1141
2021-03-13,San Luis Obispo,079,281455,19942,19789,618,20407,247
2021-03-13,San Mateo,081,765935,40181,39689,434,40123,341
2021-03-13,Santa Barbara,083,443738,32938,32486,1178,33664,431
2021-03-13,Santa Clara,085,1922200,112132,112531,639,113170,1790
2021-03-13,Santa Cruz,087,273765,15601,14875,855,15730,199
2021-03-13,Shasta,089,179085,11102,11021,1345,12366,108
2021-03-13,Sierra,091,2930,50,49,14,63,0
2021-03-13,Siskiyou,093,43540,1533,1470,265,1735,5
2021-03-13,Solano,095,438530,30330,30198,389,30587,171
2021-03-13,Sonoma,097,501317,28694,28762,234,28996,285
2021-03-13,Stanislaus,099,539301,51706,51257,5708,56965,695
2021-03-13,Sutter,101,95872,9000,8948,85,9033,102
2021-03-13,Tehama,103,63373,4663,4647,525,5172,33
2021-03-13,Trinity,105,12862,359,306,56,362,3
2021-03-13,Tulare,107,460477,48373,47818,8837,56655,798
2021-03-13,Tuolumne,109,53932,3935,3937,32,3969,57
2021-03-13,Ventura,111,848112,78785,78693,2933,81626,906
2021-03-13,Yolo,113,214977,13148,13087,247,13334,189
2021-03-13,Yuba,115,75493,5624,5577,93,5670,42
2021-03-12,Alameda,001,1643700,82352,81898,1842,83740,1164
2021-03-12,Alpine,003,1148,84,82,0,82,0
2021-03-12,Amador,005,37829,3513,3503,33,3536,44
2021-03-12,Butte,007,227075,11450,11126,1714,12840,184
2021-03-12,Calaveras,009,45235,1958,1916,12,1928,49
2021-03-12,Colusa,011,21464,1879,1883,277,2160,12
2021-03-12,Contra Costa,013,1133247,64488,63583,1160,64743,728
2021-03-12,Del Norte,015,27424,1054,1033,0,1033,6
2021-03-12,El Dorado,017,186661,9238,9219,633,9852,103
2021-03-12,Fresno,019,978130,97704,97185,8287,105472,1489
2021-03-12,Glenn,021,27897,2278,2258,520,2778,15
2021-03-12,Humboldt,023,135768,3352,3315,24,3339,32
2021-03-12,Imperial,025,180216,27280,27071,2695,29766,677
2021-03-12,Inyo,027,18085,1351,1339,2,1341,35
2021-03-12,Kern,029,883053,94172,93142,10494,103636,1132
2021-03-12,Kings,031,150075,22401,22233,1095,23328,232
2021-03-12,Lake,033,64148,3271,3226,6,3232,43
2021-03-12,Lassen,035,31185,5123,5125,104,5229,1
2021-03-12,Los Angeles,037,10098052,1177300,1170860,41802,1212662,22409
2021-03-12,Madera,039,155013,15856,15761,884,16645,214
2021-03-12,Marin,041,260295,13431,13375,184,13559,218
2021-03-12,Mariposa,043,17540,379,376,5,381,5
2021-03-12,Mendocino,045,87422,3693,3605,71,3676,43
2021-03-12,Merced,047,269075,29180,29064,921,29985,403
2021-03-12,Modoc,049,8938,349,340,119,459,3
2021-03-12,Mono,051,14174,1194,1206,12,1218,3
2021-03-12,Monterey,053,433212,42129,41964,1790,43754,329
2021-03-12,Napa,055,140530,9211,9180,33,9213,75
2021-03-12,Nevada,057,99092,4149,4101,169,4270,66
2021-03-12,Orange,059,3164182,248716,247388,10767,258155,4401
2021-03-12,Placer,061,380077,21010,20210,1216,21426,239
2021-03-12,Plumas,063,18699,651,641,11,652,4
2021-03-12,Riverside,065,2383286,285195,281037,14214,295251,3854
2021-03-12,Sacramento,067,1510023,96453,95061,1374,96435,1460
2021-03-12,San Benito,069,59416,5804,5817,95,5912,61
2021-03-12,San Bernardino,071,2135413,287032,283558,8716,292274,3917
2021-03-12,San Diego,073,3302833,267253,264886,13186,278072,3434
2021-03-12,San Francisco,075,870044,34666,34758,1220,35978,452
2021-03-12,San Joaquin,077,732212,68117,66482,3052,69534,1144
2021-03-12,San Luis Obispo,079,281455,19928,19769,616,20385,247
2021-03-12,San Mateo,081,765935,40145,39638,432,40070,341
2021-03-12,Santa Barbara,083,443738,32915,32457,1175,33632,429
2021-03-12,Santa Clara,085,1922200,112038,112396,638,113034,1766
2021-03-12,Santa Cruz,087,273765,15589,14846,853,15699,195
2021-03-12,Shasta,089,179085,11094,11143,1343,12486,153
2021-03-12,Sierra,091,2930,50,49,14,63,0
2021-03-12,Siskiyou,093,43540,1533,1468,264,1732,5
2021-03-12,Solano,095,438530,30311,30180,388,30568,171
2021-03-12,Sonoma,097,501317,28667,28714,234,28948,285
2021-03-12,Stanislaus,099,539301,51648,51146,5701,56847,701
2021-03-12,Sutter,101,95872,8994,8940,85,9025,101
2021-03-12,Tehama,103,63373,4659,4638,524,5162,33
2021-03-12,Trinity,105,12862,358,306,55,361,3
2021-03-12,Tulare,107,460477,48349,47772,8830,56602,798
2021-03-12,Tuolumne,109,53932,3934,3936,32,3968,57
2021-03-12,Ventura,111,848112,78742,78698,2929,81627,899
2021-03-12,Yolo,113,214977,13138,13061,240,13301,189
2021-03-12,Yuba,115,75493,5617,5563,92,5655,42
2021-03-11,Alameda,001,1643700,82259,81809,1837,83646,1164
2021-03-11,Alpine,003,1148,84,78,0,78,0
2021-03-11,Amador,005,37829,3512,3498,33,3531,42
2021-03-11,Butte,007,227075,11439,11110,1712,12822,185
2021-03-11,Calaveras,009,45235,1955,1915,12,1927,49
2021-03-11,Colusa,011,21464,1879,1883,277,2160,12
2021-03-11,Contra Costa,013,1133247,64415,63469,1158,64627,728
2021-03-11,Del Norte,015,27424,1049,1027,0,1027,6
2021-03-11,El Dorado,017,186661,9224,9211,633,9844,101
2021-03-11,Fresno,019,978130,97589,97026,8259,105285,1481
2021-03-11,Glenn,021,27897,2275,2255,520,2775,15
2021-03-11,Humboldt,023,135768,3335,3302,24,3326,32
2021-03-11,Imperial,025,180216,27273,27045,2691,29736,675
2021-03-11,Inyo,027,18085,1346,1335,2,1337,35
2021-03-11,Kern,029,883053,94117,93052,10455,103507,1121
2021-03-11,Kings,031,150075,22386,22183,1092,23275,230
2021-03-11,Lake,033,64148,3267,3214,6,3220,42
2021-03-11,Lassen,035,31185,5122,5124,104,5228,1
2021-03-11,Los Angeles,037,10098052,1176771,1170111,41768,1211879,22316
2021-03-11,Madera,039,155013,15845,15725,882,16607,214
2021-03-11,Marin,041,260295,13419,13356,183,13539,217
2021-03-11,Mariposa,043,17540,379,376,5,381,5
2021-03-11,Mendocino,045,87422,3686,3604,71,3675,42
2021-03-11,Merced,047,269075,29131,29001,920,29921,401
2021-03-11,Modoc,049,8938,349,340,119,459,3
2021-03-11,Mono,051,14174,1193,1206,12,1218,3
2021-03-11,Monterey,053,433212,42106,41936,1784,43720,329
2021-03-11,Napa,055,140530,9198,9173,33,9206,75
2021-03-11,Nevada,057,99092,4137,4085,167,4252,66
2021-03-11,Orange,059,3164182,248578,247217,10751,257968,4373
2021-03-11,Placer,061,380077,20967,20178,1212,21390,239
2021-03-11,Plumas,063,18699,650,640,11,651,4
2021-03-11,Riverside,065,2383286,285030,280881,14201,295082,3842
2021-03-11,Sacramento,067,1510023,96313,94912,1371,96283,1455
2021-03-11,San Benito,069,59416,5801,5816,95,5911,61
2021-03-11,San Bernardino,071,2135413,286936,283312,8710,292022,3869
2021-03-11,San Diego,073,3302833,267089,264524,13170,277694,3422
2021-03-11,San Francisco,075,870044,34630,34722,1214,35936,452
2021-03-11,San Joaquin,077,732212,68005,66522,3044,69566,1157
2021-03-11,San Luis Obispo,079,281455,19903,19748,615,20363,247
2021-03-11,San Mateo,081,765935,40107,39590,431,40021,341
2021-03-11,Santa Barbara,083,443738,32888,32408,1172,33580,430
2021-03-11,Santa Clara,085,1922200,111908,112246,635,112881,1765
2021-03-11,Santa Cruz,087,273765,15577,14812,852,15664,193
2021-03-11,Shasta,089,179085,11084,11139,1338,12477,158
2021-03-11,Sierra,091,2930,50,48,14,62,0
2021-03-11,Siskiyou,093,43540,1530,1466,264,1730,5
2021-03-11,Solano,095,438530,30284,30138,387,30525,171
2021-03-11,Sonoma,097,501317,28638,28677,234,28911,285
2021-03-11,Stanislaus,099,539301,51564,51038,5693,56731,707
2021-03-11,Sutter,101,95872,8988,8933,85,9018,101
2021-03-11,Tehama,103,63373,4650,4632,523,5155,33
2021-03-11,Trinity,105,12862,357,304,54,358,3
2021-03-11,Tulare,107,460477,48313,47709,8818,56527,797
2021-03-11,Tuolumne,109,53932,3932,3934,32,3966,57
2021-03-11,Ventura,111,848112,78692,78697,2925,81622,889
2021-03-11,Yolo,113,214977,13120,13041,238,13279,190
2021-03-11,Yuba,115,75493,5613,5553,92,5645,42
2021-03-10,Alameda,001,1643700,82151,81701,1831,83532,1160
2021-03-10,Alpine,003,1148,83,78,0,78,0
2021-03-10,Amador,005,37829,3510,3496,33,3529,42
2021-03-10,Butte,007,227075,11428,11096,1712,12808,185
2021-03-10,Calaveras,009,45235,1951,1913,12,1925,48
2021-03-10,Colusa,011,21464,1879,1882,277,2159,12
2021-03-10,Contra Costa,013,1133247,64316,63372,1154,64526,725
2021-03-10,Del Norte,015,27424,1047,1020,0,1020,5
2021-03-10,El Dorado,017,186661,9212,9203,633,9836,100
2021-03-10,Fresno,019,978130,97484,96866,8242,105108,1471
2021-03-10,Glenn,021,27897,2272,2253,518,2771,15
2021-03-10,Humboldt,023,135768,3325,3296,23,3319,32
2021-03-10,Imperial,025,180216,27258,27051,2691,29742,675
2021-03-10,Inyo,027,18085,1346,1328,2,1330,35
2021-03-10,Kern,029,883053,94051,92965,10432,103397,1102
2021-03-10,Kings,031,150075,22367,22166,1090,23256,226
2021-03-10,Lake,033,64148,3257,3207,6,3213,42
2021-03-10,Lassen,035,31185,5122,5120,104,5224,1
2021-03-10,Los Angeles,037,10098052,1176228,1169079,41738,1210817,22199
2021-03-10,Madera,039,155013,15824,15705,879,16584,212
2021-03-10,Marin,041,260295,13409,13348,182,13530,216
2021-03-10,Mariposa,043,17540,379,376,5,381,5
2021-03-10,Mendocino,045,87422,3681,3602,71,3673,42
2021-03-10,Merced,047,269075,29094,28927,918,29845,401
2021-03-10,Modoc,049,8938,348,338,119,457,3
2021-03-10,Mono,051,14174,1190,1204,12,1216,3
2021-03-10,Monterey,053,433212,42084,41920,1780,43700,329
2021-03-10,Napa,055,140530,9189,9165,33,9198,75
2021-03-10,Nevada,057,99092,4133,4074,167,4241,66
2021-03-10,Orange,059,3164182,248434,247075,10731,257806,4342
2021-03-10,Placer,061,380077,20932,20144,1206,21350,239
2021-03-10,Plumas,063,18699,649,639,11,650,4
2021-03-10,Riverside,065,2383286,284893,280708,14187,294895,3822
2021-03-10,Sacramento,067,1510023,96183,94796,1365,96161,1452
2021-03-10,San Benito,069,59416,5792,5811,95,5906,61
2021-03-10,San Bernardino,071,2135413,286847,283140,8703,291843,3841
2021-03-10,San Diego,073,3302833,266868,264094,13158,277252,3413
2021-03-10,San Francisco,075,870044,34596,34688,1205,35893,450
2021-03-10,San Joaquin,077,732212,67904,66483,3026,69509,1156
2021-03-10,San Luis Obispo,079,281455,19879,19710,611,20321,247
2021-03-10,San Mateo,081,765935,40083,39571,431,40002,338
2021-03-10,Santa Barbara,083,443738,32861,32356,1169,33525,429
2021-03-10,Santa Clara,085,1922200,111802,112103,631,112734,1759
2021-03-10,Santa Cruz,087,273765,15562,14790,851,15641,192
2021-03-10,Shasta,089,179085,11074,11125,1335,12460,155
2021-03-10,Sierra,091,2930,50,48,14,62,0
2021-03-10,Siskiyou,093,43540,1528,1458,264,1722,5
2021-03-10,Solano,095,438530,30254,30111,386,30497,170
2021-03-10,Sonoma,097,501317,28603,28638,233,28871,286
2021-03-10,Stanislaus,099,539301,51475,50968,5679,56647,706
2021-03-10,Sutter,101,95872,8977,8918,85,9003,101
2021-03-10,Tehama,103,63373,4640,4623,523,5146,33
2021-03-10,Trinity,105,12862,357,304,54,358,3
2021-03-10,Tulare,107,460477,48265,47659,8799,56458,793
2021-03-10,Tuolumne,109,53932,3931,3931,32,3963,57
2021-03-10,Ventura,111,848112,78615,78609,2923,81532,878
2021-03-10,Yolo,113,214977,13097,13021,237,13258,189
2021-03-10,Yuba,115,75493,5599,5545,91,5636,42
2021-03-09,Alameda,001,1643700,82066,81618,1831,83449,1151
2021-03-09,Alpine,003,1148,83,78,0,78,0
2021-03-09,Amador,005,37829,3508,3494,33,3527,42
2021-03-09,Butte,007,227075,11415,11092,1710,12802,185
2021-03-09,Calaveras,009,45235,1949,1913,12,1925,48
2021-03-09,Colusa,011,21464,1879,1880,277,2157,11
2021-03-09,Contra Costa,013,1133247,64223,63314,1152,64466,723
2021-03-09,Del Norte,015,27424,1039,1017,0,1017,5
2021-03-09,El Dorado,017,186661,9205,9198,633,9831,98
2021-03-09,Fresno,019,978130,97365,96744,8216,104960,1463
2021-03-09,Glenn,021,27897,2268,2251,516,2767,15
2021-03-09,Humboldt,023,135768,3313,3288,22,3310,32
2021-03-09,Imperial,025,180216,27249,27045,2687,29732,675
2021-03-09,Inyo,027,18085,1344,1324,2,1326,35
2021-03-09,Kern,029,883053,93972,92924,10414,103338,1088
2021-03-09,Kings,031,150075,22342,22143,1088,23231,226
2021-03-09,Lake,033,64148,3251,3202,6,3208,42
2021-03-09,Lassen,035,31185,5122,5120,104,5224,1
2021-03-09,Los Angeles,037,10098052,1175636,1167967,41702,1209669,22080
2021-03-09,Madera,039,155013,15813,15701,877,16578,211
2021-03-09,Marin,041,260295,13391,13335,180,13515,214
2021-03-09,Mariposa,043,17540,379,376,5,381,5
2021-03-09,Mendocino,045,87422,3677,3595,71,3666,42
2021-03-09,Merced,047,269075,29033,28876,917,29793,399
2021-03-09,Modoc,049,8938,348,338,118,456,3
2021-03-09,Mono,051,14174,1189,1203,12,1215,3
2021-03-09,Monterey,053,433212,42066,41894,1771,43665,329
2021-03-09,Napa,055,140530,9175,9155,33,9188,75
2021-03-09,Nevada,057,99092,4125,4062,167,4229,66
2021-03-09,Orange,059,3164182,248292,246989,10710,257699,4310
2021-03-09,Placer,061,380077,20889,20122,1202,21324,239
2021-03-09,Plumas,063,18699,646,639,11,650,4
2021-03-09,Riverside,065,2383286,284765,280562,14181,294743,3821
2021-03-09,Sacramento,067,1510023,96015,94720,1359,96079,1442
2021-03-09,San Benito,069,59416,5788,5800,95,5895,61
2021-03-09,San Bernardino,071,2135413,286733,282971,8696,291667,3823
2021-03-09,San Diego,073,3302833,266635,263745,13137,276882,3405
2021-03-09,San Francisco,075,870044,34566,34654,1201,35855,450
2021-03-09,San Joaquin,077,732212,67776,66383,3016,69399,1150
2021-03-09,San Luis Obispo,079,281455,19861,19672,604,20276,245
2021-03-09,San Mateo,081,765935,40036,39535,429,39964,336
2021-03-09,Santa Barbara,083,443738,32820,32314,1167,33481,428
2021-03-09,Santa Clara,085,1922200,111691,111963,626,112589,1756
2021-03-09,Santa Cruz,087,273765,15541,14764,849,15613,188
2021-03-09,Shasta,089,179085,11068,11113,1329,12442,155
2021-03-09,Sierra,091,2930,50,48,14,62,0
2021-03-09,Siskiyou,093,43540,1524,1447,262,1709,5
2021-03-09,Solano,095,438530,30218,30090,384,30474,169
2021-03-09,Sonoma,097,501317,28553,28601,230,28831,284
2021-03-09,Stanislaus,099,539301,51381,50884,5670,56554,703
2021-03-09,Sutter,101,95872,8964,8914,85,8999,101
2021-03-09,Tehama,103,63373,4632,4620,522,5142,33
2021-03-09,Trinity,105,12862,357,304,54,358,3
2021-03-09,Tulare,107,460477,48239,47637,8776,56413,792
2021-03-09,Tuolumne,109,53932,3929,3929,32,3961,56
2021-03-09,Ventura,111,848112,78545,78526,2920,81446,863
2021-03-09,Yolo,113,214977,13086,13015,236,13251,189
2021-03-09,Yuba,115,75493,5592,5539,91,5630,42
2021-03-08,Alameda,001,1643700,81952,81543,1830,83373,1142
2021-03-08,Alpine,003,1148,83,78,0,78,0
2021-03-08,Amador,005,37829,3505,3490,33,3523,42
2021-03-08,Butte,007,227075,11400,11082,1709,12791,185
2021-03-08,Calaveras,009,45235,1948,1909,12,1921,48
2021-03-08,Colusa,011,21464,1879,1877,277,2154,11
2021-03-08,Contra Costa,013,1133247,64130,63240,1152,64392,719
2021-03-08,Del Norte,015,27424,1034,1012,0,1012,5
2021-03-08,El Dorado,017,186661,9202,9188,632,9820,97
2021-03-08,Fresno,019,978130,97270,96665,8192,104857,1442
2021-03-08,Glenn,021,27897,2267,2249,516,2765,15
2021-03-08,Humboldt,023,135768,3299,3278,22,3300,31
2021-03-08,Imperial,025,180216,27242,27033,2684,29717,663
2021-03-08,Inyo,027,18085,1342,1320,2,1322,35
2021-03-08,Kern,029,883053,93905,92857,10393,103250,1087
2021-03-08,Kings,031,150075,22321,22130,1085,23215,226
2021-03-08,Lake,033,64148,3239,3195,6,3201,42
2021-03-08,Lassen,035,31185,5122,5119,104,5223,1
2021-03-08,Los Angeles,037,10098052,1175021,1163409,41668,1205077,21868
2021-03-08,Madera,039,155013,15803,15691,875,16566,211
2021-03-08,Marin,041,260295,13371,13328,178,13506,214
2021-03-08,Mariposa,043,17540,379,376,5,381,5
2021-03-08,Mendocino,045,87422,3675,3590,70,3660,42
2021-03-08,Merced,047,269075,28972,28841,916,29757,398
2021-03-08,Modoc,049,8938,348,338,118,456,3
2021-03-08,Mono,051,14174,1188,1200,12,1212,3
2021-03-08,Monterey,053,433212,42045,41863,1770,43633,328
2021-03-08,Napa,055,140530,9172,9146,33,9179,75
2021-03-08,Nevada,057,99092,4117,4059,167,4226,66
2021-03-08,Orange,059,3164182,248121,246900,10678,257578,4243
2021-03-08,Placer,061,380077,20855,20102,1191,21293,239
2021-03-08,Plumas,063,18699,645,635,11,646,4
2021-03-08,Riverside,065,2383286,284625,280463,14172,294635,3783
2021-03-08,Sacramento,067,1510023,95843,94654,1354,96008,1438
2021-03-08,San Benito,069,59416,5785,5797,95,5892,61
2021-03-08,San Bernardino,071,2135413,286627,282894,8688,291582,3811
2021-03-08,San Diego,073,3302833,266394,263272,13122,276394,3390
2021-03-08,San Francisco,075,870044,34539,34634,1197,35831,446
2021-03-08,San Joaquin,077,732212,67661,66307,3007,69314,1139
2021-03-08,San Luis Obispo,079,281455,19821,19656,600,20256,245
2021-03-08,San Mateo,081,765935,39987,39492,427,39919,335
2021-03-08,Santa Barbara,083,443738,32788,32293,1167,33460,427
2021-03-08,Santa Clara,085,1922200,111564,111882,624,112506,1756
2021-03-08,Santa Cruz,087,273765,15521,14729,849,15578,188
2021-03-08,Shasta,089,179085,11060,11088,1324,12412,155
2021-03-08,Sierra,091,2930,50,48,14,62,0
2021-03-08,Siskiyou,093,43540,1523,1440,262,1702,5
2021-03-08,Solano,095,438530,30178,30068,382,30450,169
2021-03-08,Sonoma,097,501317,28509,28571,229,28800,284
2021-03-08,Stanislaus,099,539301,51301,50825,5665,56490,690
2021-03-08,Sutter,101,95872,8961,8905,85,8990,100
2021-03-08,Tehama,103,63373,4629,4615,521,5136,33
2021-03-08,Trinity,105,12862,356,302,54,356,3
2021-03-08,Tulare,107,460477,48201,47587,8749,56336,791
2021-03-08,Tuolumne,109,53932,3928,3921,32,3953,56
2021-03-08,Ventura,111,848112,78474,78526,2912,81438,852
2021-03-08,Yolo,113,214977,13063,13000,235,13235,189
2021-03-08,Yuba,115,75493,5582,5530,91,5621,42
2021-03-07,Alameda,001,1643700,81833,81413,1829,83242,1145
2021-03-07,Alpine,003,1148,83,78,0,78,0
2021-03-07,Amador,005,37829,3502,3489,33,3522,42
2021-03-07,Butte,007,227075,11385,11075,1708,12783,185
2021-03-07,Calaveras,009,45235,1947,1906,12,1918,48
2021-03-07,Colusa,011,21464,1878,1876,277,2153,11
2021-03-07,Contra Costa,013,1133247,64033,63148,1149,64297,719
2021-03-07,Del Norte,015,27424,1029,1010,0,1010,5
2021-03-07,El Dorado,017,186661,9200,9184,631,9815,97
2021-03-07,Fresno,019,978130,97096,96549,8167,104716,1442
2021-03-07,Glenn,021,27897,2265,2244,516,2760,15
2021-03-07,Humboldt,023,135768,3289,3274,22,3296,31
2021-03-07,Imperial,025,180216,27233,27019,2682,29701,658
2021-03-07,Inyo,027,18085,1339,1320,2,1322,35
2021-03-07,Kern,029,883053,93819,92746,10362,103108,1086
2021-03-07,Kings,031,150075,22301,22103,1083,23186,224
2021-03-07,Lake,033,64148,3233,3192,6,3198,42
2021-03-07,Lassen,035,31185,5121,5119,104,5223,1
2021-03-07,Los Angeles,037,10098052,1174302,1162749,41628,1204377,21857
2021-03-07,Madera,039,155013,15784,15675,875,16550,211
2021-03-07,Marin,041,260295,13363,13313,176,13489,214
2021-03-07,Mariposa,043,17540,378,376,5,381,5
2021-03-07,Mendocino,045,87422,3672,3581,70,3651,42
2021-03-07,Merced,047,269075,28900,28829,912,29741,399
2021-03-07,Modoc,049,8938,348,338,118,456,3
2021-03-07,Mono,051,14174,1186,1199,12,1211,3
2021-03-07,Monterey,053,433212,42024,41858,1767,43625,328
2021-03-07,Napa,055,140530,9162,9137,33,9170,75
2021-03-07,Nevada,057,99092,4103,4052,166,4218,66
2021-03-07,Orange,059,3164182,247932,246771,10651,257422,4218
2021-03-07,Placer,061,380077,20816,20070,1187,21257,239
2021-03-07,Plumas,063,18699,644,635,11,646,4
2021-03-07,Riverside,065,2383286,284480,280379,14162,294541,3779
2021-03-07,Sacramento,067,1510023,95666,94513,1346,95859,1437
2021-03-07,San Benito,069,59416,5778,5795,95,5890,61
2021-03-07,San Bernardino,071,2135413,286477,282860,8682,291542,3810
2021-03-07,San Diego,073,3302833,266112,262965,13098,276063,3390
2021-03-07,San Francisco,075,870044,34505,34594,1192,35786,445
2021-03-07,San Joaquin,077,732212,67526,66252,2993,69245,1139
2021-03-07,San Luis Obispo,079,281455,19783,19614,598,20212,245
2021-03-07,San Mateo,081,765935,39947,39436,424,39860,329
2021-03-07,Santa Barbara,083,443738,32741,32218,1166,33384,425
2021-03-07,Santa Clara,085,1922200,111418,111745,620,112365,1752
2021-03-07,Santa Cruz,087,273765,15499,14715,848,15563,189
2021-03-07,Shasta,089,179085,11047,11083,1316,12399,156
2021-03-07,Sierra,091,2930,49,48,14,62,0
2021-03-07,Siskiyou,093,43540,1520,1435,258,1693,5
2021-03-07,Solano,095,438530,30141,30027,382,30409,169
2021-03-07,Sonoma,097,501317,28460,28533,227,28760,284
2021-03-07,Stanislaus,099,539301,51169,50783,5647,56430,699
2021-03-07,Sutter,101,95872,8951,8900,85,8985,100
2021-03-07,Tehama,103,63373,4619,4614,518,5132,33
2021-03-07,Trinity,105,12862,356,302,54,356,3
2021-03-07,Tulare,107,460477,48144,47569,8716,56285,790
2021-03-07,Tuolumne,109,53932,3927,3922,32,3954,56
2021-03-07,Ventura,111,848112,78376,78487,2908,81395,851
2021-03-07,Yolo,113,214977,13044,12988,235,13223,189
2021-03-07,Yuba,115,75493,5578,5516,91,5607,42
2021-03-06,Alameda,001,1643700,81779,81310,1828,83138,1143
2021-03-06,Alpine,003,1148,83,78,0,78,0
2021-03-06,Amador,005,37829,3498,3487,33,3520,42
2021-03-06,Butte,007,227075,11381,11065,1707,12772,185
2021-03-06,Calaveras,009,45235,1943,1904,12,1916,48
2021-03-06,Colusa,011,21464,1876,1874,277,2151,11
2021-03-06,Contra Costa,013,1133247,63972,63040,1145,64185,719
2021-03-06,Del Norte,015,27424,1024,1000,0,1000,5
2021-03-06,El Dorado,017,186661,9196,9166,631,9797,97
2021-03-06,Fresno,019,978130,97005,96366,8152,104518,1440
2021-03-06,Glenn,021,27897,2265,2241,516,2757,15
2021-03-06,Humboldt,023,135768,3279,3260,22,3282,31
2021-03-06,Imperial,025,180216,27229,27009,2677,29686,658
2021-03-06,Inyo,027,18085,1336,1312,2,1314,35
2021-03-06,Kern,029,883053,93773,92684,10341,103025,1082
2021-03-06,Kings,031,150075,22284,22094,1083,23177,224
2021-03-06,Lake,033,64148,3231,3189,6,3195,42
2021-03-06,Lassen,035,31185,5121,5119,104,5223,1
2021-03-06,Los Angeles,037,10098052,1173869,1161745,41596,1203341,21843
2021-03-06,Madera,039,155013,15775,15646,873,16519,211
2021-03-06,Marin,041,260295,13354,13289,176,13465,213
2021-03-06,Mariposa,043,17540,378,376,5,381,5
2021-03-06,Mendocino,045,87422,3670,3579,70,3649,42
2021-03-06,Merced,047,269075,28858,28771,912,29683,399
2021-03-06,Modoc,049,8938,347,338,118,456,3
2021-03-06,Mono,051,14174,1185,1198,12,1210,3
2021-03-06,Monterey,053,433212,42019,41838,1764,43602,327
2021-03-06,Napa,055,140530,9154,9129,33,9162,75
2021-03-06,Nevada,057,99092,4097,4044,166,4210,66
2021-03-06,Orange,059,3164182,247841,246634,10637,257271,4165
2021-03-06,Placer,061,380077,20793,20030,1185,21215,239
2021-03-06,Plumas,063,18699,644,634,11,645,4
2021-03-06,Riverside,065,2383286,284389,280225,14153,294378,3781
2021-03-06,Sacramento,067,1510023,95578,94332,1337,95669,1436
2021-03-06,San Benito,069,59416,5773,5793,95,5888,61
2021-03-06,San Bernardino,071,2135413,286393,282737,8680,291417,3791
2021-03-06,San Diego,073,3302833,265925,262778,13081,275859,3385
2021-03-06,San Francisco,075,870044,34475,34560,1187,35747,435
2021-03-06,San Joaquin,077,732212,67452,66162,2982,69144,1138
2021-03-06,San Luis Obispo,079,281455,19764,19592,595,20187,245
2021-03-06,San Mateo,081,765935,39923,39384,424,39808,329
2021-03-06,Santa Barbara,083,443738,32710,32176,1165,33341,424
2021-03-06,Santa Clara,085,1922200,111322,111570,618,112188,1749
2021-03-06,Santa Cruz,087,273765,15488,14701,848,15549,188
2021-03-06,Shasta,089,179085,11038,11076,1314,12390,158
2021-03-06,Sierra,091,2930,49,48,14,62,0
2021-03-06,Siskiyou,093,43540,1518,1432,258,1690,5
2021-03-06,Solano,095,438530,30112,30000,381,30381,169
2021-03-06,Sonoma,097,501317,28437,28484,225,28709,284
2021-03-06,Stanislaus,099,539301,51100,50691,5640,56331,711
2021-03-06,Sutter,101,95872,8945,8887,85,8972,100
2021-03-06,Tehama,103,63373,4619,4610,516,5126,33
2021-03-06,Trinity,105,12862,356,302,54,356,3
2021-03-06,Tulare,107,460477,48113,47515,8686,56201,789
2021-03-06,Tuolumne,109,53932,3925,3920,32,3952,56
2021-03-06,Ventura,111,848112,78321,78439,2907,81346,848
2021-03-06,Yolo,113,214977,13038,12951,235,13186,189
2021-03-06,Yuba,115,75493,5569,5504,91,5595,42
2021-03-05,Alameda,001,1643700,81692,81215,1826,83041,1141
2021-03-05,Alpine,003,1148,83,78,0,78,0
2021-03-05,Amador,005,37829,3497,3484,33,3517,42
2021-03-05,Butte,007,227075,11370,11050,1706,12756,185
2021-03-05,Calaveras,009,45235,1939,1902,12,1914,48
2021-03-05,Colusa,011,21464,1876,1874,277,2151,11
2021-03-05,Contra Costa,013,1133247,63892,62886,1142,64028,711
2021-03-05,Del Norte,015,27424,1020,995,0,995,5
2021-03-05,El Dorado,017,186661,9191,9150,630,9780,97
2021-03-05,Fresno,019,978130,96899,96184,8131,104315,1432
2021-03-05,Glenn,021,27897,2260,2241,516,2757,15
2021-03-05,Humboldt,023,135768,3272,3234,22,3256,31
2021-03-05,Imperial,025,180216,27219,26970,2668,29638,651
2021-03-05,Inyo,027,18085,1332,1309,2,1311,35
2021-03-05,Kern,029,883053,93735,92601,10327,102928,1076
2021-03-05,Kings,031,150075,22267,22063,1081,23144,224
2021-03-05,Lake,033,64148,3229,3185,6,3191,42
2021-03-05,Lassen,035,31185,5121,5117,102,5219,1
2021-03-05,Los Angeles,037,10098052,1173384,1160688,41562,1202250,21745
2021-03-05,Madera,039,155013,15765,15624,871,16495,211
2021-03-05,Marin,041,260295,13341,13275,175,13450,215
2021-03-05,Mariposa,043,17540,378,375,5,380,4
2021-03-05,Mendocino,045,87422,3667,3577,70,3647,42
2021-03-05,Merced,047,269075,28824,28734,911,29645,399
2021-03-05,Modoc,049,8938,347,337,118,455,3
2021-03-05,Mono,051,14174,1184,1197,12,1209,3
2021-03-05,Monterey,053,433212,42006,41802,1764,43566,325
2021-03-05,Napa,055,140530,9146,9109,33,9142,75
2021-03-05,Nevada,057,99092,4093,4033,166,4199,66
2021-03-05,Orange,059,3164182,247727,246489,10624,257113,4108
2021-03-05,Placer,061,380077,20767,19973,1181,21154,239
2021-03-05,Plumas,063,18699,644,635,11,646,4
2021-03-05,Riverside,065,2383286,284279,280075,14147,294222,3781
2021-03-05,Sacramento,067,1510023,95479,94182,1330,95512,1430
2021-03-05,San Benito,069,59416,5770,5790,95,5885,61
2021-03-05,San Bernardino,071,2135413,286300,282640,8676,291316,3774
2021-03-05,San Diego,073,3302833,265693,262357,13064,275421,3371
2021-03-05,San Francisco,075,870044,34435,34526,1183,35709,430
2021-03-05,San Joaquin,077,732212,67374,66041,2971,69012,1133
2021-03-05,San Luis Obispo,079,281455,19742,19557,593,20150,244
2021-03-05,San Mateo,081,765935,39891,39305,424,39729,326
2021-03-05,Santa Barbara,083,443738,32675,32139,1160,33299,424
2021-03-05,Santa Clara,085,1922200,111226,111384,618,112002,1745
2021-03-05,Santa Cruz,087,273765,15477,14694,848,15542,188
2021-03-05,Shasta,089,179085,11026,11062,1308,12370,148
2021-03-05,Sierra,091,2930,49,48,14,62,0
2021-03-05,Siskiyou,093,43540,1514,1429,257,1686,5
2021-03-05,Solano,095,438530,30095,29951,379,30330,168
2021-03-05,Sonoma,097,501317,28411,28417,225,28642,279
2021-03-05,Stanislaus,099,539301,51049,50606,5630,56236,721
2021-03-05,Sutter,101,95872,8938,8876,85,8961,100
2021-03-05,Tehama,103,63373,4610,4606,516,5122,33
2021-03-05,Trinity,105,12862,356,302,54,356,3
2021-03-05,Tulare,107,460477,48086,47469,8665,56134,789
2021-03-05,Tuolumne,109,53932,3923,3917,32,3949,56
2021-03-05,Ventura,111,848112,78254,78368,2905,81273,839
2021-03-05,Yolo,113,214977,13026,12920,234,13154,188
2021-03-05,Yuba,115,75493,5557,5496,91,5587,42
2021-03-04,Alameda,001,1643700,81580,81115,1826,82941,1136
2021-03-04,Alpine,003,1148,83,78,0,78,0
2021-03-04,Amador,005,37829,3496,3480,33,3513,42
2021-03-04,Butte,007,227075,11363,11033,1705,12738,185
2021-03-04,Calaveras,009,45235,1938,1896,12,1908,48
2021-03-04,Colusa,011,21464,1874,1873,272,2145,11
2021-03-04,Contra Costa,013,1133247,63794,62789,1139,63928,708
2021-03-04,Del Norte,015,27424,1012,989,0,989,5
2021-03-04,El Dorado,017,186661,9176,9133,630,9763,97
2021-03-04,Fresno,019,978130,96738,96023,8113,104136,1422
2021-03-04,Glenn,021,27897,2256,2236,513,2749,15
2021-03-04,Humboldt,023,135768,3259,3212,22,3234,31
2021-03-04,Imperial,025,180216,27208,26946,2664,29610,646
2021-03-04,Inyo,027,18085,1329,1300,2,1302,35
2021-03-04,Kern,029,883053,93648,92525,10307,102832,1070
2021-03-04,Kings,031,150075,22242,22025,1078,23103,224
2021-03-04,Lake,033,64148,3221,3181,6,3187,42
2021-03-04,Lassen,035,31185,5121,5116,102,5218,1
2021-03-04,Los Angeles,037,10098052,1172774,1159405,41512,1200917,21610
2021-03-04,Madera,039,155013,15731,15596,867,16463,208
2021-03-04,Marin,041,260295,13324,13240,172,13412,215
2021-03-04,Mariposa,043,17540,378,376,5,381,4
2021-03-04,Mendocino,045,87422,3664,3569,70,3639,42
2021-03-04,Merced,047,269075,28774,28671,909,29580,396
2021-03-04,Modoc,049,8938,346,336,118,454,3
2021-03-04,Mono,051,14174,1184,1197,12,1209,3
2021-03-04,Monterey,053,433212,41986,41771,1761,43532,325
2021-03-04,Napa,055,140530,9138,9094,33,9127,74
2021-03-04,Nevada,057,99092,4083,4020,166,4186,66
2021-03-04,Orange,059,3164182,247573,246354,10606,256960,4096
2021-03-04,Placer,061,380077,20735,19900,1175,21075,239
2021-03-04,Plumas,063,18699,644,634,11,645,4
2021-03-04,Riverside,065,2383286,284153,279871,14134,294005,3766
2021-03-04,Sacramento,067,1510023,95346,93982,1327,95309,1426
2021-03-04,San Benito,069,59416,5770,5781,95,5876,61
2021-03-04,San Bernardino,071,2135413,286170,282407,8672,291079,3757
2021-03-04,San Diego,073,3302833,265434,261858,13020,274878,3359
2021-03-04,San Francisco,075,870044,34401,34480,1180,35660,426
2021-03-04,San Joaquin,077,732212,67281,65931,2961,68892,1129
2021-03-04,San Luis Obispo,079,281455,19704,19520,591,20111,243
2021-03-04,San Mateo,081,765935,39847,39225,423,39648,322
2021-03-04,Santa Barbara,083,443738,32638,32090,1159,33249,423
2021-03-04,Santa Clara,085,1922200,111093,111194,615,111809,1723
2021-03-04,Santa Cruz,087,273765,15458,14669,848,15517,186
2021-03-04,Shasta,089,179085,11023,11050,1299,12349,150
2021-03-04,Sierra,091,2930,49,48,14,62,0
2021-03-04,Siskiyou,093,43540,1508,1427,257,1684,5
2021-03-04,Solano,095,438530,30068,29905,378,30283,168
2021-03-04,Sonoma,097,501317,28356,28379,224,28603,279
2021-03-04,Stanislaus,099,539301,50960,50521,5622,56143,731
2021-03-04,Sutter,101,95872,8926,8849,85,8934,100
2021-03-04,Tehama,103,63373,4604,4604,516,5120,33
2021-03-04,Trinity,105,12862,356,302,54,356,3
2021-03-04,Tulare,107,460477,48042,47398,8639,56037,784
2021-03-04,Tuolumne,109,53932,3917,3916,32,3948,56
2021-03-04,Ventura,111,848112,78167,78184,2903,81087,831
2021-03-04,Yolo,113,214977,13006,12895,234,13129,189
2021-03-04,Yuba,115,75493,5545,5483,91,5574,41
2021-03-03,Alameda,001,1643700,81460,80972,1824,82796,1127
2021-03-03,Alpine,003,1148,83,77,0,77,0
2021-03-03,Amador,005,37829,3494,3478,32,3510,42
2021-03-03,Butte,007,227075,11356,11014,1704,12718,184
2021-03-03,Calaveras,009,45235,1935,1893,12,1905,48
2021-03-03,Colusa,011,21464,1873,1873,272,2145,11
2021-03-03,Contra Costa,013,1133247,63696,62668,1136,63804,708
2021-03-03,Del Norte,015,27424,1009,988,0,988,5
2021-03-03,El Dorado,017,186661,9166,9121,630,9751,97
2021-03-03,Fresno,019,978130,96594,95893,8095,103988,1415
2021-03-03,Glenn,021,27897,2256,2233,513,2746,15
2021-03-03,Humboldt,023,135768,3247,3196,22,3218,30
2021-03-03,Imperial,025,180216,27190,26939,2659,29598,640
2021-03-03,Inyo,027,18085,1321,1294,2,1296,35
2021-03-03,Kern,029,883053,93574,92434,10289,102723,1063
2021-03-03,Kings,031,150075,22226,22009,1077,23086,223
2021-03-03,Lake,033,64148,3214,3175,6,3181,40
2021-03-03,Lassen,035,31185,5121,5115,102,5217,1
2021-03-03,Los Angeles,037,10098052,1172137,1157911,41469,1199380,21500
2021-03-03,Madera,039,155013,15712,15553,861,16414,203
2021-03-03,Marin,041,260295,13311,13216,172,13388,214
2021-03-03,Mariposa,043,17540,377,376,5,381,4
2021-03-03,Mendocino,045,87422,3656,3564,70,3634,42
2021-03-03,Merced,047,269075,28721,28625,909,29534,393
2021-03-03,Modoc,049,8938,346,333,117,450,3
2021-03-03,Mono,051,14174,1184,1191,12,1203,3
2021-03-03,Monterey,053,433212,41953,41731,1758,43489,325
2021-03-03,Napa,055,140530,9130,9090,33,9123,72
2021-03-03,Nevada,057,99092,4073,4009,166,4175,66
2021-03-03,Orange,059,3164182,247429,246120,10590,256710,4072
2021-03-03,Placer,061,380077,20709,19851,1172,21023,239
2021-03-03,Plumas,063,18699,643,631,11,642,4
2021-03-03,Riverside,065,2383286,284024,279626,14129,293755,3735
2021-03-03,Sacramento,067,1510023,95187,93819,1318,95137,1419
2021-03-03,San Benito,069,59416,5769,5774,95,5869,61
2021-03-03,San Bernardino,071,2135413,286029,282138,8665,290803,3664
2021-03-03,San Diego,073,3302833,265172,261350,12989,274339,3342
2021-03-03,San Francisco,075,870044,34370,34443,1177,35620,426
2021-03-03,San Joaquin,077,732212,67170,65855,2954,68809,1115
2021-03-03,San Luis Obispo,079,281455,19679,19479,587,20066,241
2021-03-03,San Mateo,081,765935,39801,39189,422,39611,319
2021-03-03,Santa Barbara,083,443738,32601,32027,1159,33186,421
2021-03-03,Santa Clara,085,1922200,110938,110991,613,111604,1720
2021-03-03,Santa Cruz,087,273765,15447,14645,848,15493,185
2021-03-03,Shasta,089,179085,11013,11023,1292,12315,150
2021-03-03,Sierra,091,2930,49,48,14,62,0
2021-03-03,Siskiyou,093,43540,1506,1424,257,1681,5
2021-03-03,Solano,095,438530,30032,29866,377,30243,167
2021-03-03,Sonoma,097,501317,28316,28307,223,28530,279
2021-03-03,Stanislaus,099,539301,50883,50438,5614,56052,730
2021-03-03,Sutter,101,95872,8917,8840,85,8925,99
2021-03-03,Tehama,103,63373,4601,4601,516,5117,32
2021-03-03,Trinity,105,12862,356,302,54,356,3
2021-03-03,Tulare,107,460477,47992,47348,8608,55956,778
2021-03-03,Tuolumne,109,53932,3915,3914,31,3945,56
2021-03-03,Ventura,111,848112,78084,78057,2897,80954,822
2021-03-03,Yolo,113,214977,12993,12890,234,13124,189
2021-03-03,Yuba,115,75493,5532,5479,91,5570,41
2021-03-02,Alameda,001,1643700,81342,80904,1822,82726,1116
2021-03-02,Alpine,003,1148,83,77,0,77,0
2021-03-02,Amador,005,37829,3492,3474,32,3506,42
2021-03-02,Butte,007,227075,11347,11007,1702,12709,182
2021-03-02,Calaveras,009,45235,1928,1890,12,1902,48
2021-03-02,Colusa,011,21464,1873,1872,271,2143,11
2021-03-02,Contra Costa,013,1133247,63585,62557,1131,63688,694
2021-03-02,Del Norte,015,27424,1002,983,0,983,5
2021-03-02,El Dorado,017,186661,9158,9116,630,9746,98
2021-03-02,Fresno,019,978130,96450,95785,8067,103852,1410
2021-03-02,Glenn,021,27897,2250,2232,512,2744,15
2021-03-02,Humboldt,023,135768,3228,3184,22,3206,30
2021-03-02,Imperial,025,180216,27180,26926,2657,29583,637
2021-03-02,Inyo,027,18085,1317,1292,2,1294,35
2021-03-02,Kern,029,883053,93469,92313,10260,102573,1046
2021-03-02,Kings,031,150075,22174,21999,1075,23074,217
2021-03-02,Lake,033,64148,3208,3169,6,3175,40
2021-03-02,Lassen,035,31185,5116,5115,101,5216,1
2021-03-02,Los Angeles,037,10098052,1171499,1156826,41421,1198247,21395
2021-03-02,Madera,039,155013,15692,15523,859,16382,194
2021-03-02,Marin,041,260295,13288,13186,171,13357,214
2021-03-02,Mariposa,043,17540,377,376,5,381,4
2021-03-02,Mendocino,045,87422,3653,3562,69,3631,41
2021-03-02,Merced,047,269075,28664,28598,909,29507,389
2021-03-02,Modoc,049,8938,346,332,117,449,3
2021-03-02,Mono,051,14174,1183,1191,12,1203,3
2021-03-02,Monterey,053,433212,41926,41716,1756,43472,325
2021-03-02,Napa,055,140530,9118,9080,33,9113,71
2021-03-02,Nevada,057,99092,4064,3983,164,4147,66
2021-03-02,Orange,059,3164182,247283,246004,10574,256578,4037
2021-03-02,Placer,061,380077,20654,19828,1169,20997,239
2021-03-02,Plumas,063,18699,641,628,11,639,4
2021-03-02,Riverside,065,2383286,283858,279486,14121,293607,3721
2021-03-02,Sacramento,067,1510023,95020,93690,1317,95007,1411
2021-03-02,San Benito,069,59416,5762,5770,95,5865,60
2021-03-02,San Bernardino,071,2135413,285897,281919,8658,290577,3604
2021-03-02,San Diego,073,3302833,264928,260998,12967,273965,3317
2021-03-02,San Francisco,075,870044,34329,34387,1173,35560,424
2021-03-02,San Joaquin,077,732212,67063,65769,2934,68703,1111
2021-03-02,San Luis Obispo,079,281455,19647,19452,586,20038,241
2021-03-02,San Mateo,081,765935,39749,39148,421,39569,317
2021-03-02,Santa Barbara,083,443738,32553,31964,1155,33119,416
2021-03-02,Santa Clara,085,1922200,110760,110832,612,111444,1706
2021-03-02,Santa Cruz,087,273765,15433,14611,846,15457,185
2021-03-02,Shasta,089,179085,10999,11012,1281,12293,149
2021-03-02,Sierra,091,2930,49,48,14,62,0
2021-03-02,Siskiyou,093,43540,1502,1412,255,1667,5
2021-03-02,Solano,095,438530,29999,29827,375,30202,167
2021-03-02,Sonoma,097,501317,28262,28261,223,28484,279
2021-03-02,Stanislaus,099,539301,50796,50359,5600,55959,724
2021-03-02,Sutter,101,95872,8908,8832,85,8917,99
2021-03-02,Tehama,103,63373,4599,4597,516,5113,32
2021-03-02,Trinity,105,12862,356,301,54,355,3
2021-03-02,Tulare,107,460477,47935,47326,8583,55909,783
2021-03-02,Tuolumne,109,53932,3911,3908,31,3939,53
2021-03-02,Ventura,111,848112,77993,77952,2893,80845,780
2021-03-02,Yolo,113,214977,12976,12867,234,13101,189
2021-03-02,Yuba,115,75493,5524,5475,91,5566,41
2021-03-01,Alameda,001,1643700,81216,80805,1820,82625,1105
2021-03-01,Alpine,003,1148,81,77,0,77,0
2021-03-01,Amador,005,37829,3489,3469,32,3501,42
2021-03-01,Butte,007,227075,11331,10981,1697,12678,180
2021-03-01,Calaveras,009,45235,1922,1885,12,1897,46
2021-03-01,Colusa,011,21464,1872,1871,271,2142,11
2021-03-01,Contra Costa,013,1133247,63476,62458,1130,63588,694
2021-03-01,Del Norte,015,27424,997,982,0,982,5
2021-03-01,El Dorado,017,186661,9134,9085,630,9715,98
2021-03-01,Fresno,019,978130,96313,95677,8045,103722,1405
2021-03-01,Glenn,021,27897,2245,2232,511,2743,15
2021-03-01,Humboldt,023,135768,3209,3179,22,3201,30
2021-03-01,Imperial,025,180216,27170,26913,2649,29562,636
2021-03-01,Inyo,027,18085,1314,1285,2,1287,35
2021-03-01,Kern,029,883053,93382,92219,10233,102452,1041
2021-03-01,Kings,031,150075,22157,21988,1069,23057,217
2021-03-01,Lake,033,64148,3203,3164,6,3170,40
2021-03-01,Lassen,035,31185,5114,5111,101,5212,1
2021-03-01,Los Angeles,037,10098052,1170849,1155984,41376,1197360,21293
2021-03-01,Madera,039,155013,15663,15505,848,16353,194
2021-03-01,Marin,041,260295,13262,13161,170,13331,214
2021-03-01,Mariposa,043,17540,377,375,5,380,4
2021-03-01,Mendocino,045,87422,3646,3561,69,3630,41
2021-03-01,Merced,047,269075,28619,28575,905,29480,385
2021-03-01,Modoc,049,8938,343,331,116,447,3
2021-03-01,Mono,051,14174,1182,1192,12,1204,3
2021-03-01,Monterey,053,433212,41901,41697,1754,43451,324
2021-03-01,Napa,055,140530,9109,9056,33,9089,70
2021-03-01,Nevada,057,99092,4045,3979,164,4143,66
2021-03-01,Orange,059,3164182,247092,245852,10560,256412,3976
2021-03-01,Placer,061,380077,20616,19803,1166,20969,239
2021-03-01,Plumas,063,18699,641,628,11,639,4
2021-03-01,Riverside,065,2383286,283643,279323,14113,293436,3680
2021-03-01,Sacramento,067,1510023,94875,93546,1315,94861,1401
2021-03-01,San Benito,069,59416,5757,5772,95,5867,57
2021-03-01,San Bernardino,071,2135413,285753,281685,8654,290339,3603
2021-03-01,San Diego,073,3302833,264613,260622,12934,273556,3303
2021-03-01,San Francisco,075,870044,34285,34318,1165,35483,424
2021-03-01,San Joaquin,077,732212,66956,65699,2921,68620,1097
2021-03-01,San Luis Obispo,079,281455,19625,19429,584,20013,239
2021-03-01,San Mateo,081,765935,39697,39096,420,39516,314
2021-03-01,Santa Barbara,083,443738,32511,31909,1154,33063,413
2021-03-01,Santa Clara,085,1922200,110602,110684,609,111293,1704
2021-03-01,Santa Cruz,087,273765,15414,14575,845,15420,185
2021-03-01,Shasta,089,179085,10987,10990,1278,12268,149
2021-03-01,Sierra,091,2930,49,48,14,62,0
2021-03-01,Siskiyou,093,43540,1498,1408,253,1661,5
2021-03-01,Solano,095,438530,29956,29779,374,30153,166
2021-03-01,Sonoma,097,501317,28214,28222,221,28443,278
2021-03-01,Stanislaus,099,539301,50722,50293,5593,55886,722
2021-03-01,Sutter,101,95872,8896,8825,85,8910,99
2021-03-01,Tehama,103,63373,4595,4595,516,5111,32
2021-03-01,Trinity,105,12862,356,298,53,351,3
2021-03-01,Tulare,107,460477,47898,47275,8548,55823,781
2021-03-01,Tuolumne,109,53932,3908,3907,31,3938,53
2021-03-01,Ventura,111,848112,77911,77849,2892,80741,775
2021-03-01,Yolo,113,214977,12959,12854,232,13086,188
2021-03-01,Yuba,115,75493,5512,5466,91,5557,41
2021-02-28,Alameda,001,1643700,81093,80727,1818,82545,1105
2021-02-28,Alpine,003,1148,81,77,0,77,0
2021-02-28,Amador,005,37829,3484,3466,31,3497,42
2021-02-28,Butte,007,227075,11316,10970,1697,12667,180
2021-02-28,Calaveras,009,45235,1916,1881,12,1893,46
2021-02-28,Colusa,011,21464,1872,1871,270,2141,11
2021-02-28,Contra Costa,013,1133247,63349,62386,1125,63511,694
2021-02-28,Del Norte,015,27424,995,981,0,981,5
2021-02-28,El Dorado,017,186661,9123,9082,630,9712,98
2021-02-28,Fresno,019,978130,96134,95548,8010,103558,1405
2021-02-28,Glenn,021,27897,2243,2230,509,2739,15
2021-02-28,Humboldt,023,135768,3186,3179,22,3201,30
2021-02-28,Imperial,025,180216,27144,26909,2642,29551,636
2021-02-28,Inyo,027,18085,1309,1282,2,1284,35
2021-02-28,Kern,029,883053,93268,92169,10211,102380,1012
2021-02-28,Kings,031,150075,22136,21967,1068,23035,217
2021-02-28,Lake,033,64148,3198,3164,6,3170,40
2021-02-28,Lassen,035,31185,5113,5106,101,5207,1
2021-02-28,Los Angeles,037,10098052,1170073,1155141,41312,1196453,21261
2021-02-28,Madera,039,155013,15621,15496,845,16341,199
2021-02-28,Marin,041,260295,13239,13152,168,13320,214
2021-02-28,Mariposa,043,17540,377,374,5,379,4
2021-02-28,Mendocino,045,87422,3640,3558,69,3627,41
2021-02-28,Merced,047,269075,28556,28546,904,29450,384
2021-02-28,Modoc,049,8938,343,331,116,447,3
2021-02-28,Mono,051,14174,1179,1192,12,1204,3
2021-02-28,Monterey,053,433212,41869,41683,1753,43436,323
2021-02-28,Napa,055,140530,9090,9053,33,9086,70
2021-02-28,Nevada,057,99092,4032,3972,164,4136,66
2021-02-28,Orange,059,3164182,246893,245706,10552,256258,3970
2021-02-28,Placer,061,380077,20570,19775,1164,20939,239
2021-02-28,Plumas,063,18699,641,628,11,639,4
2021-02-28,Riverside,065,2383286,283423,279214,14102,293316,3661
2021-02-28,Sacramento,067,1510023,94691,93463,1310,94773,1398
2021-02-28,San Benito,069,59416,5746,5772,95,5867,57
2021-02-28,San Bernardino,071,2135413,285617,281620,8641,290261,3595
2021-02-28,San Diego,073,3302833,264317,260353,12900,273253,3303
2021-02-28,San Francisco,075,870044,34244,34291,1158,35449,417
2021-02-28,San Joaquin,077,732212,66848,65662,2912,68574,1097
2021-02-28,San Luis Obispo,079,281455,19590,19422,581,20003,237
2021-02-28,San Mateo,081,765935,39644,39059,419,39478,314
2021-02-28,Santa Barbara,083,443738,32459,31877,1154,33031,413
2021-02-28,Santa Clara,085,1922200,110404,110556,606,111162,1704
2021-02-28,Santa Cruz,087,273765,15385,14571,842,15413,185
2021-02-28,Shasta,089,179085,10966,10990,1274,12264,149
2021-02-28,Sierra,091,2930,49,48,14,62,0
2021-02-28,Siskiyou,093,43540,1490,1408,252,1660,5
2021-02-28,Solano,095,438530,29900,29758,369,30127,166
2021-02-28,Sonoma,097,501317,28151,28193,220,28413,279
2021-02-28,Stanislaus,099,539301,50632,50228,5579,55807,728
2021-02-28,Sutter,101,95872,8881,8825,85,8910,99
2021-02-28,Tehama,103,63373,4588,4590,516,5106,32
2021-02-28,Trinity,105,12862,356,298,53,351,3
2021-02-28,Tulare,107,460477,47836,47258,8517,55775,780
2021-02-28,Tuolumne,109,53932,3903,3905,31,3936,53
2021-02-28,Ventura,111,848112,77800,77749,2889,80638,775
2021-02-28,Yolo,113,214977,12937,12851,232,13083,188
2021-02-28,Yuba,115,75493,5502,5461,91,5552,41
2021-02-27,Alameda,001,1643700,81019,80565,1816,82381,1108
2021-02-27,Alpine,003,1148,81,77,0,77,0
2021-02-27,Amador,005,37829,3482,3463,31,3494,42
2021-02-27,Butte,007,227075,11304,10962,1697,12659,180
2021-02-27,Calaveras,009,45235,1914,1875,12,1887,46
2021-02-27,Colusa,011,21464,1871,1869,270,2139,11
2021-02-27,Contra Costa,013,1133247,63278,62248,1122,63370,693
2021-02-27,Del Norte,015,27424,993,978,0,978,5
2021-02-27,El Dorado,017,186661,9119,9072,630,9702,98
2021-02-27,Fresno,019,978130,96061,95393,7996,103389,1400
2021-02-27,Glenn,021,27897,2243,2225,508,2733,15
2021-02-27,Humboldt,023,135768,3180,3167,22,3189,30
2021-02-27,Imperial,025,180216,27136,26903,2641,29544,633
2021-02-27,Inyo,027,18085,1306,1275,2,1277,35
2021-02-27,Kern,029,883053,93208,92053,10196,102249,996
2021-02-27,Kings,031,150075,22126,21955,1065,23020,216
2021-02-27,Lake,033,64148,3195,3156,6,3162,40
2021-02-27,Lassen,035,31185,5113,5106,101,5207,1
2021-02-27,Los Angeles,037,10098052,1169568,1154275,41282,1195557,21158
2021-02-27,Madera,039,155013,15604,15467,844,16311,199
2021-02-27,Marin,041,260295,13215,13134,168,13302,214
2021-02-27,Mariposa,043,17540,377,374,5,379,4
2021-02-27,Mendocino,045,87422,3637,3555,69,3624,41
2021-02-27,Merced,047,269075,28515,28501,895,29396,384
2021-02-27,Modoc,049,8938,343,331,115,446,3
2021-02-27,Mono,051,14174,1177,1191,12,1203,3
2021-02-27,Monterey,053,433212,41860,41665,1753,43418,322
2021-02-27,Napa,055,140530,9079,9038,33,9071,71
2021-02-27,Nevada,057,99092,4026,3960,164,4124,66
2021-02-27,Orange,059,3164182,246767,245542,10540,256082,3960
2021-02-27,Placer,061,380077,20534,19726,1161,20887,239
2021-02-27,Plumas,063,18699,641,628,11,639,4
2021-02-27,Riverside,065,2383286,283314,279048,14092,293140,3663
2021-02-27,Sacramento,067,1510023,94609,93281,1299,94580,1396
2021-02-27,San Benito,069,59416,5745,5767,94,5861,57
2021-02-27,San Bernardino,071,2135413,285539,281471,8634,290105,3527
2021-02-27,San Diego,073,3302833,264128,260091,12862,272953,3284
2021-02-27,San Francisco,075,870044,34211,34260,1155,35415,413
2021-02-27,San Joaquin,077,732212,66802,65578,2910,68488,1100
2021-02-27,San Luis Obispo,079,281455,19569,19411,580,19991,237
2021-02-27,San Mateo,081,765935,39603,38998,418,39416,313
2021-02-27,Santa Barbara,083,443738,32425,31805,1153,32958,411
2021-02-27,Santa Clara,085,1922200,110257,110361,604,110965,1703
2021-02-27,Santa Cruz,087,273765,15376,14552,841,15393,185
2021-02-27,Shasta,089,179085,10960,10985,1270,12255,149
2021-02-27,Sierra,091,2930,49,48,14,62,0
2021-02-27,Siskiyou,093,43540,1488,1407,251,1658,5
2021-02-27,Solano,095,438530,29872,29718,368,30086,165
2021-02-27,Sonoma,097,501317,28107,28141,214,28355,281
2021-02-27,Stanislaus,099,539301,50578,50147,5569,55716,733
2021-02-27,Sutter,101,95872,8876,8820,85,8905,99
2021-02-27,Tehama,103,63373,4585,4584,516,5100,32
2021-02-27,Trinity,105,12862,356,298,53,351,3
2021-02-27,Tulare,107,460477,47800,47209,8490,55699,770
2021-02-27,Tuolumne,109,53932,3900,3899,31,3930,53
2021-02-27,Ventura,111,848112,77728,77623,2886,80509,771
2021-02-27,Yolo,113,214977,12925,12834,232,13066,188
2021-02-27,Yuba,115,75493,5499,5450,91,5541,39
2021-02-26,Alameda,001,1643700,80923,80387,1811,82198,1106
2021-02-26,Alpine,003,1148,81,77,0,77,0
2021-02-26,Amador,005,37829,3476,3457,31,3488,42
2021-02-26,Butte,007,227075,11294,10941,1696,12637,180
2021-02-26,Calaveras,009,45235,1913,1873,12,1885,46
2021-02-26,Colusa,011,21464,1871,1865,270,2135,11
2021-02-26,Contra Costa,013,1133247,63196,62114,1122,63236,685
2021-02-26,Del Norte,015,27424,989,968,0,968,5
2021-02-26,El Dorado,017,186661,9114,9038,628,9666,98
2021-02-26,Fresno,019,978130,95958,95202,7988,103190,1391
2021-02-26,Glenn,021,27897,2240,2220,508,2728,15
2021-02-26,Humboldt,023,135768,3174,3152,22,3174,30
2021-02-26,Imperial,025,180216,27128,26888,2639,29527,631
2021-02-26,Inyo,027,18085,1304,1271,2,1273,34
2021-02-26,Kern,029,883053,93129,91884,10180,102064,997
2021-02-26,Kings,031,150075,22110,21917,1062,22979,216
2021-02-26,Lake,033,64148,3190,3153,6,3159,40
2021-02-26,Lassen,035,31185,5113,5102,101,5203,1
2021-02-26,Los Angeles,037,10098052,1168999,1153131,41219,1194350,21070
2021-02-26,Madera,039,155013,15588,15436,842,16278,199
2021-02-26,Marin,041,260295,13201,13091,168,13259,214
2021-02-26,Mariposa,043,17540,377,375,5,380,4
2021-02-26,Mendocino,045,87422,3632,3549,69,3618,41
2021-02-26,Merced,047,269075,28483,28455,894,29349,382
2021-02-26,Modoc,049,8938,342,330,115,445,3
2021-02-26,Mono,051,14174,1175,1191,12,1203,3
2021-02-26,Monterey,053,433212,41834,41607,1753,43360,322
2021-02-26,Napa,055,140530,9073,9014,33,9047,70
2021-02-26,Nevada,057,99092,4015,3952,164,4116,66
2021-02-26,Orange,059,3164182,246627,245278,10530,255808,3918
2021-02-26,Placer,061,380077,20508,19712,1155,20867,239
2021-02-26,Plumas,063,18699,641,628,11,639,4
2021-02-26,Riverside,065,2383286,283170,278772,14086,292858,3653
2021-02-26,Sacramento,067,1510023,94486,93180,1296,94476,1390
2021-02-26,San Benito,069,59416,5744,5759,94,5853,57
2021-02-26,San Bernardino,071,2135413,285440,281132,8632,289764,3461
2021-02-26,San Diego,073,3302833,263901,259641,12841,272482,3271
2021-02-26,San Francisco,075,870044,34181,34213,1150,35363,413
2021-02-26,San Joaquin,077,732212,66721,65492,2904,68396,1070
2021-02-26,San Luis Obispo,079,281455,19553,19359,578,19937,234
2021-02-26,San Mateo,081,765935,39557,38922,418,39340,313
2021-02-26,Santa Barbara,083,443738,32382,31724,1152,32876,410
2021-02-26,Santa Clara,085,1922200,110127,110168,602,110770,1700
2021-02-26,Santa Cruz,087,273765,15364,14528,840,15368,185
2021-02-26,Shasta,089,179085,10954,10972,1260,12232,149
2021-02-26,Sierra,091,2930,49,47,14,61,0
2021-02-26,Siskiyou,093,43540,1488,1401,251,1652,5
2021-02-26,Solano,095,438530,29838,29651,367,30018,165
2021-02-26,Sonoma,097,501317,28079,28063,213,28276,280
2021-02-26,Stanislaus,099,539301,50522,50054,5561,55615,737
2021-02-26,Sutter,101,95872,8867,8806,85,8891,99
2021-02-26,Tehama,103,63373,4583,4581,516,5097,32
2021-02-26,Trinity,105,12862,355,298,53,351,3
2021-02-26,Tulare,107,460477,47765,47135,8459,55594,770
2021-02-26,Tuolumne,109,53932,3899,3896,31,3927,53
2021-02-26,Ventura,111,848112,77628,77534,2884,80418,765
2021-02-26,Yolo,113,214977,12918,12816,232,13048,188
2021-02-26,Yuba,115,75493,5494,5438,91,5529,39
2021-02-25,Alameda,001,1643700,80802,80181,1810,81991,1093
2021-02-25,Alpine,003,1148,81,77,0,77,0
2021-02-25,Amador,005,37829,3473,3448,31,3479,41
2021-02-25,Butte,007,227075,11273,10922,1691,12613,178
2021-02-25,Calaveras,009,45235,1905,1868,12,1880,46
2021-02-25,Colusa,011,21464,1868,1863,269,2132,11
2021-02-25,Contra Costa,013,1133247,63094,61910,1122,63032,686
2021-02-25,Del Norte,015,27424,979,966,0,966,5
2021-02-25,El Dorado,017,186661,9098,9012,628,9640,98
2021-02-25,Fresno,019,978130,95815,95015,7966,102981,1377
2021-02-25,Glenn,021,27897,2237,2219,507,2726,15
2021-02-25,Humboldt,023,135768,3167,3129,21,3150,30
2021-02-25,Imperial,025,180216,27122,26855,2635,29490,628
2021-02-25,Inyo,027,18085,1298,1264,2,1266,33
2021-02-25,Kern,029,883053,93014,91735,10154,101889,992
2021-02-25,Kings,031,150075,22101,21900,1059,22959,216
2021-02-25,Lake,033,64148,3181,3141,6,3147,40
2021-02-25,Lassen,035,31185,5112,5097,99,5196,1
2021-02-25,Los Angeles,037,10098052,1168262,1151846,41159,1193005,20931
2021-02-25,Madera,039,155013,15553,15414,838,16252,194
2021-02-25,Marin,041,260295,13177,13067,168,13235,214
2021-02-25,Mariposa,043,17540,377,375,5,380,4
2021-02-25,Mendocino,045,87422,3627,3542,69,3611,41
2021-02-25,Merced,047,269075,28433,28383,893,29276,382
2021-02-25,Modoc,049,8938,342,329,115,444,3
2021-02-25,Mono,051,14174,1174,1190,12,1202,3
2021-02-25,Monterey,053,433212,41809,41564,1748,43312,321
2021-02-25,Napa,055,140530,9047,8998,33,9031,70
2021-02-25,Nevada,057,99092,3998,3940,163,4103,66
2021-02-25,Orange,059,3164182,246453,245000,10520,255520,3882
2021-02-25,Placer,061,380077,20467,19661,1153,20814,239
2021-02-25,Plumas,063,18699,641,626,11,637,4
2021-02-25,Riverside,065,2383286,282985,278544,14062,292606,3646
2021-02-25,Sacramento,067,1510023,94327,92961,1283,94244,1386
2021-02-25,San Benito,069,59416,5739,5752,94,5846,58
2021-02-25,San Bernardino,071,2135413,285309,280946,8623,289569,3409
2021-02-25,San Diego,073,3302833,263606,258979,12811,271790,3260
2021-02-25,San Francisco,075,870044,34139,34138,1147,35285,408
2021-02-25,San Joaquin,077,732212,66638,65389,2892,68281,1047
2021-02-25,San Luis Obispo,079,281455,19532,19335,576,19911,234
2021-02-25,San Mateo,081,765935,39511,38872,418,39290,300
2021-02-25,Santa Barbara,083,443738,32306,31631,1151,32782,408
2021-02-25,Santa Clara,085,1922200,109963,109923,601,110524,1677
2021-02-25,Santa Cruz,087,273765,15346,14492,838,15330,185
2021-02-25,Shasta,089,179085,10942,10947,1255,12202,148
2021-02-25,Sierra,091,2930,49,47,14,61,0
2021-02-25,Siskiyou,093,43540,1484,1390,248,1638,4
2021-02-25,Solano,095,438530,29806,29616,367,29983,161
2021-02-25,Sonoma,097,501317,28025,28004,210,28214,278
2021-02-25,Stanislaus,099,539301,50433,49964,5550,55514,738
2021-02-25,Sutter,101,95872,8853,8789,84,8873,99
2021-02-25,Tehama,103,63373,4579,4578,514,5092,32
2021-02-25,Trinity,105,12862,355,297,53,350,3
2021-02-25,Tulare,107,460477,47717,47052,8431,55483,765
2021-02-25,Tuolumne,109,53932,3896,3894,31,3925,53
2021-02-25,Ventura,111,848112,77523,77395,2878,80273,751
2021-02-25,Yolo,113,214977,12901,12787,232,13019,188
2021-02-25,Yuba,115,75493,5486,5429,91,5520,39
2021-02-24,Alameda,001,1643700,80679,80070,1806,81876,1082
2021-02-24,Alpine,003,1148,80,77,0,77,0
2021-02-24,Amador,005,37829,3468,3444,31,3475,41
2021-02-24,Butte,007,227075,11261,10915,1687,12602,178
2021-02-24,Calaveras,009,45235,1902,1864,12,1876,31
2021-02-24,Colusa,011,21464,1866,1863,269,2132,11
2021-02-24,Contra Costa,013,1133247,62986,61776,1122,62898,663
2021-02-24,Del Norte,015,27424,978,960,0,960,5
2021-02-24,El Dorado,017,186661,9086,8993,628,9621,98
2021-02-24,Fresno,019,978130,95669,94794,7949,102743,1369
2021-02-24,Glenn,021,27897,2235,2210,507,2717,14
2021-02-24,Humboldt,023,135768,3155,3123,21,3144,29
2021-02-24,Imperial,025,180216,27107,26843,2631,29474,596
2021-02-24,Inyo,027,18085,1293,1253,2,1255,32
2021-02-24,Kern,029,883053,92881,91525,10138,101663,992
2021-02-24,Kings,031,150075,22078,21871,1055,22926,216
2021-02-24,Lake,033,64148,3174,3134,6,3140,40
2021-02-24,Lassen,035,31185,5108,5095,98,5193,1
2021-02-24,Los Angeles,037,10098052,1167508,1150322,41109,1191431,20817
2021-02-24,Madera,039,155013,15526,15390,838,16228,194
2021-02-24,Marin,041,260295,13154,13044,167,13211,214
2021-02-24,Mariposa,043,17540,377,374,5,379,4
2021-02-24,Mendocino,045,87422,3620,3540,69,3609,41
2021-02-24,Merced,047,269075,28394,28295,890,29185,383
2021-02-24,Modoc,049,8938,341,329,115,444,3
2021-02-24,Mono,051,14174,1172,1189,12,1201,3
2021-02-24,Monterey,053,433212,41783,41495,1746,43241,320
2021-02-24,Napa,055,140530,9030,8976,32,9008,70
2021-02-24,Nevada,057,99092,3988,3927,163,4090,66
2021-02-24,Orange,059,3164182,246238,244743,10506,255249,3835
2021-02-24,Placer,061,380077,20429,19648,1147,20795,239
2021-02-24,Plumas,063,18699,639,626,11,637,4
2021-02-24,Riverside,065,2383286,282764,278293,14052,292345,3603
2021-02-24,Sacramento,067,1510023,94174,92742,1278,94020,1375
2021-02-24,San Benito,069,59416,5738,5743,94,5837,57
2021-02-24,San Bernardino,071,2135413,285159,280583,8619,289202,3360
2021-02-24,San Diego,073,3302833,263313,258460,12795,271255,3230
2021-02-24,San Francisco,075,870044,34094,34061,1143,35204,406
2021-02-24,San Joaquin,077,732212,66528,65274,2889,68163,1019
2021-02-24,San Luis Obispo,079,281455,19509,19309,574,19883,233
2021-02-24,San Mateo,081,765935,39474,38763,417,39180,300
2021-02-24,Santa Barbara,083,443738,32255,31563,1148,32711,405
2021-02-24,Santa Clara,085,1922200,109811,109671,600,110271,1674
2021-02-24,Santa Cruz,087,273765,15325,14458,838,15296,185
2021-02-24,Shasta,089,179085,10927,10922,1252,12174,148
2021-02-24,Sierra,091,2930,49,47,14,61,0
2021-02-24,Siskiyou,093,43540,1477,1385,244,1629,4
2021-02-24,Solano,095,438530,29767,29577,364,29941,158
2021-02-24,Sonoma,097,501317,27960,27954,206,28160,278
2021-02-24,Stanislaus,099,539301,50364,49851,5541,55392,732
2021-02-24,Sutter,101,95872,8843,8778,84,8862,99
2021-02-24,Tehama,103,63373,4575,4566,514,5080,31
2021-02-24,Trinity,105,12862,355,294,52,346,3
2021-02-24,Tulare,107,460477,47663,46976,8401,55377,759
2021-02-24,Tuolumne,109,53932,3893,3887,31,3918,53
2021-02-24,Ventura,111,848112,77416,77238,2876,80114,718
2021-02-24,Yolo,113,214977,12888,12760,228,12988,188
2021-02-24,Yuba,115,75493,5475,5425,89,5514,39
2021-02-23,Alameda,001,1643700,80541,79948,1802,81750,1070
2021-02-23,Alpine,003,1148,79,77,0,77,0
2021-02-23,Amador,005,37829,3466,3440,31,3471,41
2021-02-23,Butte,007,227075,11246,10887,1683,12570,176
2021-02-23,Calaveras,009,45235,1901,1863,12,1875,21
2021-02-23,Colusa,011,21464,1863,1862,269,2131,11
2021-02-23,Contra Costa,013,1133247,62852,61613,1120,62733,661
2021-02-23,Del Norte,015,27424,976,953,0,953,3
2021-02-23,El Dorado,017,186661,9073,8969,628,9597,96
2021-02-23,Fresno,019,978130,95508,94741,7935,102676,1356
2021-02-23,Glenn,021,27897,2233,2209,507,2716,14
2021-02-23,Humboldt,023,135768,3138,3108,21,3129,29
2021-02-23,Imperial,025,180216,27087,26816,2626,29442,591
2021-02-23,Inyo,027,18085,1289,1250,2,1252,32
2021-02-23,Kern,029,883053,92744,91390,10109,101499,982
2021-02-23,Kings,031,150075,22063,21839,1051,22890,216
2021-02-23,Lake,033,64148,3166,3121,6,3127,40
2021-02-23,Lassen,035,31185,5105,5092,98,5190,1
2021-02-23,Los Angeles,037,10098052,1166646,1148965,41052,1190017,19887
2021-02-23,Madera,039,155013,15512,15352,832,16184,193
2021-02-23,Marin,041,260295,13134,13015,166,13181,214
2021-02-23,Mariposa,043,17540,377,374,5,379,4
2021-02-23,Mendocino,045,87422,3618,3540,68,3608,41
2021-02-23,Merced,047,269075,28306,28209,889,29098,381
2021-02-23,Modoc,049,8938,340,328,114,442,3
2021-02-23,Mono,051,14174,1172,1189,12,1201,3
2021-02-23,Monterey,053,433212,41742,41439,1740,43179,317
2021-02-23,Napa,055,140530,9019,8967,32,8999,70
2021-02-23,Nevada,057,99092,3980,3912,163,4075,66
2021-02-23,Orange,059,3164182,246042,244566,10489,255055,3843
2021-02-23,Placer,061,380077,20403,19608,1143,20751,238
2021-02-23,Plumas,063,18699,638,626,11,637,4
2021-02-23,Riverside,065,2383286,282532,278075,14039,292114,3599
2021-02-23,Sacramento,067,1510023,94017,92632,1272,93904,1370
2021-02-23,San Benito,069,59416,5732,5731,93,5824,57
2021-02-23,San Bernardino,071,2135413,284971,280279,8612,288891,3283
2021-02-23,San Diego,073,3302833,262938,257802,12764,270566,3218
2021-02-23,San Francisco,075,870044,34045,33994,1142,35136,405
2021-02-23,San Joaquin,077,732212,66430,65141,2881,68022,1004
2021-02-23,San Luis Obispo,079,281455,19480,19233,573,19806,230
2021-02-23,San Mateo,081,765935,39413,38662,417,39079,299
2021-02-23,Santa Barbara,083,443738,32202,31483,1146,32629,402
2021-02-23,Santa Clara,085,1922200,109615,109449,596,110045,1661
2021-02-23,Santa Cruz,087,273765,15298,14435,834,15269,178
2021-02-23,Shasta,089,179085,10915,10903,1248,12151,146
2021-02-23,Sierra,091,2930,49,47,14,61,0
2021-02-23,Siskiyou,093,43540,1472,1380,242,1622,4
2021-02-23,Solano,095,438530,29727,29545,361,29906,154
2021-02-23,Sonoma,097,501317,27917,27882,203,28085,278
2021-02-23,Stanislaus,099,539301,50288,49749,5523,55272,722
2021-02-23,Sutter,101,95872,8830,8766,84,8850,98
2021-02-23,Tehama,103,63373,4571,4556,513,5069,30
2021-02-23,Trinity,105,12862,355,292,51,343,3
2021-02-23,Tulare,107,460477,47584,46937,8365,55302,757
2021-02-23,Tuolumne,109,53932,3889,3864,31,3895,53
2021-02-23,Ventura,111,848112,77300,77093,2867,79960,689
2021-02-23,Yolo,113,214977,12859,12729,228,12957,188
2021-02-23,Yuba,115,75493,5462,5417,88,5505,38
2021-02-22,Alameda,001,1643700,80389,79796,1799,81595,1062
2021-02-22,Alpine,003,1148,79,77,0,77,0
2021-02-22,Amador,005,37829,3461,3438,31,3469,39
2021-02-22,Butte,007,227075,11234,10855,1677,12532,176
2021-02-22,Calaveras,009,45235,1898,1862,12,1874,21
2021-02-22,Colusa,011,21464,1863,1860,269,2129,11
2021-02-22,Contra Costa,013,1133247,62717,61478,1118,62596,661
2021-02-22,Del Norte,015,27424,975,948,0,948,3
2021-02-22,El Dorado,017,186661,9056,8940,628,9568,96
2021-02-22,Fresno,019,978130,95348,94584,7917,102501,1351
2021-02-22,Glenn,021,27897,2227,2207,505,2712,14
2021-02-22,Humboldt,023,135768,3126,3095,21,3116,29
2021-02-22,Imperial,025,180216,27064,26778,2618,29396,590
2021-02-22,Inyo,027,18085,1284,1248,2,1250,32
2021-02-22,Kern,029,883053,92629,91201,10086,101287,982
2021-02-22,Kings,031,150075,22042,21801,1048,22849,214
2021-02-22,Lake,033,64148,3160,3107,6,3113,40
2021-02-22,Lassen,035,31185,5105,5088,97,5185,1
2021-02-22,Los Angeles,037,10098052,1165775,1147541,40994,1188535,19730
2021-02-22,Madera,039,155013,15487,15325,828,16153,193
2021-02-22,Marin,041,260295,13110,12991,163,13154,213
2021-02-22,Mariposa,043,17540,376,374,5,379,4
2021-02-22,Mendocino,045,87422,3612,3535,68,3603,41
2021-02-22,Merced,047,269075,28238,28166,887,29053,379
2021-02-22,Modoc,049,8938,340,329,114,443,3
2021-02-22,Mono,051,14174,1168,1189,12,1201,3
2021-02-22,Monterey,053,433212,41691,41397,1733,43130,311
2021-02-22,Napa,055,140530,8992,8950,32,8982,69
2021-02-22,Nevada,057,99092,3971,3900,161,4061,66
2021-02-22,Orange,059,3164182,245805,244118,10471,254589,3843
2021-02-22,Placer,061,380077,20366,19587,1135,20722,238
2021-02-22,Plumas,063,18699,638,625,11,636,4
2021-02-22,Riverside,065,2383286,282273,277730,14030,291760,3567
2021-02-22,Sacramento,067,1510023,93851,92476,1262,93738,1359
2021-02-22,San Benito,069,59416,5730,5723,93,5816,57
2021-02-22,San Bernardino,071,2135413,284791,279984,8599,288583,3259
2021-02-22,San Diego,073,3302833,262529,257348,12730,270078,3189
2021-02-22,San Francisco,075,870044,33986,33947,1136,35083,405
2021-02-22,San Joaquin,077,732212,66329,65060,2868,67928,1001
2021-02-22,San Luis Obispo,079,281455,19443,19198,571,19769,229
2021-02-22,San Mateo,081,765935,39356,38542,414,38956,282
2021-02-22,Santa Barbara,083,443738,32137,31421,1143,32564,399
2021-02-22,Santa Clara,085,1922200,109404,109213,584,109797,1655
2021-02-22,Santa Cruz,087,273765,15272,14417,834,15251,176
2021-02-22,Shasta,089,179085,10900,10872,1243,12115,145
2021-02-22,Sierra,091,2930,49,47,14,61,0
2021-02-22,Siskiyou,093,43540,1466,1373,241,1614,4
2021-02-22,Solano,095,438530,29688,29508,360,29868,150
2021-02-22,Sonoma,097,501317,27872,27845,202,28047,278
2021-02-22,Stanislaus,099,539301,50184,49630,5502,55132,722
2021-02-22,Sutter,101,95872,8822,8698,84,8782,98
2021-02-22,Tehama,103,63373,4562,4550,513,5063,30
2021-02-22,Trinity,105,12862,355,287,50,337,3
2021-02-22,Tulare,107,460477,47523,46879,8332,55211,751
2021-02-22,Tuolumne,109,53932,3885,3856,31,3887,53
2021-02-22,Ventura,111,848112,77173,76947,2861,79808,677
2021-02-22,Yolo,113,214977,12833,12689,227,12916,183
2021-02-22,Yuba,115,75493,5459,5404,87,5491,38
2021-02-21,Alameda,001,1643700,80191,79649,1794,81443,1061
2021-02-21,Alpine,003,1148,79,77,0,77,0
2021-02-21,Amador,005,37829,3453,3435,31,3466,39
2021-02-21,Butte,007,227075,11211,10855,1675,12530,176
2021-02-21,Calaveras,009,45235,1897,1860,12,1872,21
2021-02-21,Colusa,011,21464,1862,1860,265,2125,11
2021-02-21,Contra Costa,013,1133247,62552,61364,1115,62479,661
2021-02-21,Del Norte,015,27424,969,942,0,942,3
2021-02-21,El Dorado,017,186661,9038,8927,627,9554,96
2021-02-21,Fresno,019,978130,95208,94374,7898,102272,1349
2021-02-21,Glenn,021,27897,2225,2201,503,2704,14
2021-02-21,Humboldt,023,135768,3114,3096,21,3117,29
2021-02-21,Imperial,025,180216,27045,26779,2614,29393,590
2021-02-21,Inyo,027,18085,1278,1232,2,1234,32
2021-02-21,Kern,029,883053,92504,91141,10047,101188,980
2021-02-21,Kings,031,150075,22008,21784,1045,22829,213
2021-02-21,Lake,033,64148,3152,3100,6,3106,40
2021-02-21,Lassen,035,31185,5097,5077,97,5174,1
2021-02-21,Los Angeles,037,10098052,1164748,1146756,40939,1187695,19711
2021-02-21,Madera,039,155013,15456,15298,825,16123,192
2021-02-21,Marin,041,260295,13080,12968,163,13131,212
2021-02-21,Mariposa,043,17540,376,373,5,378,4
2021-02-21,Mendocino,045,87422,3607,3535,68,3603,41
2021-02-21,Merced,047,269075,28148,28106,875,28981,379
2021-02-21,Modoc,049,8938,337,329,114,443,3
2021-02-21,Mono,051,14174,1168,1189,12,1201,3
2021-02-21,Monterey,053,433212,41636,41373,1722,43095,309
2021-02-21,Napa,055,140530,8977,8929,32,8961,69
2021-02-21,Nevada,057,99092,3958,3895,161,4056,66
2021-02-21,Orange,059,3164182,245508,243985,10451,254436,3801
2021-02-21,Placer,061,380077,20329,19553,1131,20684,238
2021-02-21,Plumas,063,18699,638,625,11,636,4
2021-02-21,Riverside,065,2383286,282042,277555,14017,291572,3564
2021-02-21,Sacramento,067,1510023,93639,92288,1248,93536,1354
2021-02-21,San Benito,069,59416,5720,5716,90,5806,57
2021-02-21,San Bernardino,071,2135413,284545,279870,8585,288455,3247
2021-02-21,San Diego,073,3302833,262095,257027,12684,269711,3190
2021-02-21,San Francisco,075,870044,33921,33891,1132,35023,405
2021-02-21,San Joaquin,077,732212,66180,64997,2855,67852,1001
2021-02-21,San Luis Obispo,079,281455,19411,19178,569,19747,229
2021-02-21,San Mateo,081,765935,39295,38448,410,38858,282
2021-02-21,Santa Barbara,083,443738,32075,31374,1140,32514,399
2021-02-21,Santa Clara,085,1922200,109179,108992,574,109566,1654
2021-02-21,Santa Cruz,087,273765,15248,14401,833,15234,176
2021-02-21,Shasta,089,179085,10885,10867,1238,12105,145
2021-02-21,Sierra,091,2930,49,47,14,61,0
2021-02-21,Siskiyou,093,43540,1460,1371,241,1612,4
2021-02-21,Solano,095,438530,29631,29471,359,29830,150
2021-02-21,Sonoma,097,501317,27806,27793,194,27987,278
2021-02-21,Stanislaus,099,539301,50060,49527,5485,55012,726
2021-02-21,Sutter,101,95872,8804,8687,83,8770,97
2021-02-21,Tehama,103,63373,4550,4547,513,5060,30
2021-02-21,Trinity,105,12862,353,286,50,336,3
2021-02-21,Tulare,107,460477,47456,46830,8295,55125,749
2021-02-21,Tuolumne,109,53932,3871,3828,31,3859,53
2021-02-21,Ventura,111,848112,77025,76862,2847,79709,677
2021-02-21,Yolo,113,214977,12802,12670,227,12897,183
2021-02-21,Yuba,115,75493,5451,5396,86,5482,38
2021-02-20,Alameda,001,1643700,80098,79496,1790,81286,1055
2021-02-20,Alpine,003,1148,79,77,0,77,0
2021-02-20,Amador,005,37829,3451,3432,31,3463,39
2021-02-20,Butte,007,227075,11203,10838,1673,12511,176
2021-02-20,Calaveras,009,45235,1896,1858,12,1870,21
2021-02-20,Colusa,011,21464,1861,1858,265,2123,11
2021-02-20,Contra Costa,013,1133247,62463,61205,1113,62318,663
2021-02-20,Del Norte,015,27424,965,937,0,937,3
2021-02-20,El Dorado,017,186661,9027,8911,627,9538,96
2021-02-20,Fresno,019,978130,95125,94234,7880,102114,1341
2021-02-20,Glenn,021,27897,2222,2199,502,2701,14
2021-02-20,Humboldt,023,135768,3106,3073,21,3094,29
2021-02-20,Imperial,025,180216,27037,26771,2614,29385,590
2021-02-20,Inyo,027,18085,1274,1226,2,1228,32
2021-02-20,Kern,029,883053,92433,91025,10013,101038,968
2021-02-20,Kings,031,150075,21990,21773,1044,22817,212
2021-02-20,Lake,033,64148,3145,3089,6,3095,40
2021-02-20,Lassen,035,31185,5095,5067,97,5164,1
2021-02-20,Los Angeles,037,10098052,1164186,1145594,40895,1186489,19630
2021-02-20,Madera,039,155013,15436,15274,824,16098,191
2021-02-20,Marin,041,260295,13059,12945,161,13106,211
2021-02-20,Mariposa,043,17540,376,372,5,377,4
2021-02-20,Mendocino,045,87422,3605,3533,68,3601,40
2021-02-20,Merced,047,269075,28103,28066,873,28939,379
2021-02-20,Modoc,049,8938,337,328,114,442,3
2021-02-20,Mono,051,14174,1167,1187,12,1199,3
2021-02-20,Monterey,053,433212,41616,41313,1720,43033,309
2021-02-20,Napa,055,140530,8968,8910,32,8942,69
2021-02-20,Nevada,057,99092,3948,3887,160,4047,66
2021-02-20,Orange,059,3164182,245342,243761,10435,254196,3755
2021-02-20,Placer,061,380077,20288,19509,1127,20636,236
2021-02-20,Plumas,063,18699,638,626,11,637,4
2021-02-20,Riverside,065,2383286,281891,277267,14005,291272,3559
2021-02-20,Sacramento,067,1510023,93514,92057,1246,93303,1352
2021-02-20,San Benito,069,59416,5708,5709,90,5799,57
2021-02-20,San Bernardino,071,2135413,284444,279608,8580,288188,3203
2021-02-20,San Diego,073,3302833,261853,256510,12655,269165,3188
2021-02-20,San Francisco,075,870044,33878,33820,1123,34943,399
2021-02-20,San Joaquin,077,732212,66108,64916,2850,67766,1001
2021-02-20,San Luis Obispo,079,281455,19388,19138,567,19705,229
2021-02-20,San Mateo,081,765935,39251,38371,409,38780,282
2021-02-20,Santa Barbara,083,443738,32041,31289,1138,32427,396
2021-02-20,Santa Clara,085,1922200,109003,108728,571,109299,1649
2021-02-20,Santa Cruz,087,273765,15237,14378,831,15209,176
2021-02-20,Shasta,089,179085,10871,10850,1233,12083,146
2021-02-20,Sierra,091,2930,49,47,14,61,0
2021-02-20,Siskiyou,093,43540,1457,1366,241,1607,4
2021-02-20,Solano,095,438530,29616,29440,357,29797,150
2021-02-20,Sonoma,097,501317,27777,27703,191,27894,278
2021-02-20,Stanislaus,099,539301,50005,49445,5472,54917,733
2021-02-20,Sutter,101,95872,8798,8681,83,8764,97
2021-02-20,Tehama,103,63373,4549,4545,513,5058,30
2021-02-20,Trinity,105,12862,352,285,49,334,3
2021-02-20,Tulare,107,460477,47420,46769,8273,55042,739
2021-02-20,Tuolumne,109,53932,3866,3823,31,3854,53
2021-02-20,Ventura,111,848112,76929,76757,2844,79601,671
2021-02-20,Yolo,113,214977,12788,12639,226,12865,183
2021-02-20,Yuba,115,75493,5448,5386,86,5472,38
2021-02-19,Alameda,001,1643700,79991,79318,1786,81104,1047
2021-02-19,Alpine,003,1148,79,77,0,77,0
2021-02-19,Amador,005,37829,3447,3427,31,3458,39
2021-02-19,Butte,007,227075,11193,10823,1668,12491,176
2021-02-19,Calaveras,009,45235,1895,1856,12,1868,21
2021-02-19,Colusa,011,21464,1861,1858,265,2123,11
2021-02-19,Contra Costa,013,1133247,62355,61017,1111,62128,651
2021-02-19,Del Norte,015,27424,960,932,0,932,2
2021-02-19,El Dorado,017,186661,9018,8882,626,9508,96
2021-02-19,Fresno,019,978130,94997,93973,7861,101834,1330
2021-02-19,Glenn,021,27897,2217,2199,501,2700,14
2021-02-19,Humboldt,023,135768,3094,3037,21,3058,29
2021-02-19,Imperial,025,180216,27032,26751,2611,29362,589
2021-02-19,Inyo,027,18085,1269,1212,2,1214,32
2021-02-19,Kern,029,883053,92364,90807,9970,100777,963
2021-02-19,Kings,031,150075,21976,21724,1041,22765,211
2021-02-19,Lake,033,64148,3139,3078,6,3084,40
2021-02-19,Lassen,035,31185,5094,5057,97,5154,1
2021-02-19,Los Angeles,037,10098052,1163440,1143828,40851,1184679,19498
2021-02-19,Madera,039,155013,15419,15222,822,16044,188
2021-02-19,Marin,041,260295,13035,12919,159,13078,210
2021-02-19,Mariposa,043,17540,376,371,5,376,4
2021-02-19,Mendocino,045,87422,3603,3526,68,3594,39
2021-02-19,Merced,047,269075,28072,27985,870,28855,376
2021-02-19,Modoc,049,8938,337,328,114,442,3
2021-02-19,Mono,051,14174,1167,1186,12,1198,3
2021-02-19,Monterey,053,433212,41587,41209,1716,42925,309
2021-02-19,Napa,055,140530,8957,8899,32,8931,69
2021-02-19,Nevada,057,99092,3942,3863,160,4023,66
2021-02-19,Orange,059,3164182,245163,243397,10421,253818,3715
2021-02-19,Placer,061,380077,20266,19457,1127,20584,236
2021-02-19,Plumas,063,18699,636,624,11,635,4
2021-02-19,Riverside,065,2383286,281720,276941,13988,290929,3541
2021-02-19,Sacramento,067,1510023,93393,91815,1242,93057,1351
2021-02-19,San Benito,069,59416,5703,5699,90,5789,57
2021-02-19,San Bernardino,071,2135413,284318,279209,8574,287783,3117
2021-02-19,San Diego,073,3302833,261563,255799,12632,268431,3169
2021-02-19,San Francisco,075,870044,33830,33746,1117,34863,387
2021-02-19,San Joaquin,077,732212,66037,64774,2841,67615,988
2021-02-19,San Luis Obispo,079,281455,19358,19061,565,19626,230
2021-02-19,San Mateo,081,765935,39193,38256,407,38663,282
2021-02-19,Santa Barbara,083,443738,31977,31204,1137,32341,392
2021-02-19,Santa Clara,085,1922200,108790,108400,569,108969,1634
2021-02-19,Santa Cruz,087,273765,15222,14354,831,15185,176
2021-02-19,Shasta,089,179085,10859,10833,1230,12063,140
2021-02-19,Sierra,091,2930,49,47,14,61,0
2021-02-19,Siskiyou,093,43540,1453,1363,239,1602,4
2021-02-19,Solano,095,438530,29585,29383,356,29739,150
2021-02-19,Sonoma,097,501317,27729,27595,189,27784,280
2021-02-19,Stanislaus,099,539301,49944,49282,5456,54738,739
2021-02-19,Sutter,101,95872,8788,8665,83,8748,96
2021-02-19,Tehama,103,63373,4547,4535,513,5048,30
2021-02-19,Trinity,105,12862,351,282,46,328,3
2021-02-19,Tulare,107,460477,47376,46662,8245,54907,736
2021-02-19,Tuolumne,109,53932,3860,3817,30,3847,52
2021-02-19,Ventura,111,848112,76849,76582,2841,79423,667
2021-02-19,Yolo,113,214977,12772,12606,226,12832,183
2021-02-19,Yuba,115,75493,5438,5376,86,5462,38
2021-02-18,Alameda,001,1643700,79844,79111,1779,80890,1012
2021-02-18,Alpine,003,1148,79,77,0,77,0
2021-02-18,Amador,005,37829,3443,3417,30,3447,38
2021-02-18,Butte,007,227075,11174,10791,1665,12456,175
2021-02-18,Calaveras,009,45235,1890,1873,12,1885,21
2021-02-18,Colusa,011,21464,1859,1856,263,2119,11
2021-02-18,Contra Costa,013,1133247,62244,60868,1110,61978,640
2021-02-18,Del Norte,015,27424,955,929,0,929,2
2021-02-18,El Dorado,017,186661,9004,8850,625,9475,94
2021-02-18,Fresno,019,978130,94828,93734,7834,101568,1323
2021-02-18,Glenn,021,27897,2211,2195,501,2696,14
2021-02-18,Humboldt,023,135768,3082,3023,21,3044,29
2021-02-18,Imperial,025,180216,27006,26731,2606,29337,591
2021-02-18,Inyo,027,18085,1265,1213,1,1214,32
2021-02-18,Kern,029,883053,92207,90655,9940,100595,961
2021-02-18,Kings,031,150075,21955,21648,1039,22687,211
2021-02-18,Lake,033,64148,3131,3066,6,3072,40
2021-02-18,Lassen,035,31185,5085,5052,97,5149,1
2021-02-18,Los Angeles,037,10098052,1162485,1141930,40782,1182712,19358
2021-02-18,Madera,039,155013,15398,15175,817,15992,188
2021-02-18,Marin,041,260295,13021,12895,159,13054,209
2021-02-18,Mariposa,043,17540,375,369,5,374,4
2021-02-18,Mendocino,045,87422,3600,3519,67,3586,39
2021-02-18,Merced,047,269075,28022,27870,864,28734,372
2021-02-18,Modoc,049,8938,335,327,113,440,3
2021-02-18,Mono,051,14174,1167,1182,12,1194,3
2021-02-18,Monterey,053,433212,41524,41091,1707,42798,307
2021-02-18,Napa,055,140530,8940,8877,32,8909,68
2021-02-18,Nevada,057,99092,3933,3836,159,3995,66
2021-02-18,Orange,059,3164182,244945,243098,10402,253500,3673
2021-02-18,Placer,061,380077,20240,19429,1126,20555,232
2021-02-18,Plumas,063,18699,636,624,11,635,4
2021-02-18,Riverside,065,2383286,281441,276595,13967,290562,3510
2021-02-18,Sacramento,067,1510023,93230,91476,1236,92712,1334
2021-02-18,San Benito,069,59416,5700,5697,89,5786,58
2021-02-18,San Bernardino,071,2135413,284108,278887,8560,287447,3066
2021-02-18,San Diego,073,3302833,261210,254987,12609,267596,3135
2021-02-18,San Francisco,075,870044,33772,33650,1114,34764,386
2021-02-18,San Joaquin,077,732212,65952,64634,2830,67464,982
2021-02-18,San Luis Obispo,079,281455,19316,18987,562,19549,230
2021-02-18,San Mateo,081,765935,39131,38185,403,38588,282
2021-02-18,Santa Barbara,083,443738,31898,31054,1129,32183,387
2021-02-18,Santa Clara,085,1922200,108564,108210,566,108776,1605
2021-02-18,Santa Cruz,087,273765,15196,14314,831,15145,176
2021-02-18,Shasta,089,179085,10839,10811,1227,12038,139
2021-02-18,Sierra,091,2930,48,47,14,61,0
2021-02-18,Siskiyou,093,43540,1448,1359,238,1597,4
2021-02-18,Solano,095,438530,29558,29349,355,29704,150
2021-02-18,Sonoma,097,501317,27661,27512,188,27700,281
2021-02-18,Stanislaus,099,539301,49847,49150,5441,54591,738
2021-02-18,Sutter,101,95872,8780,8654,83,8737,96
2021-02-18,Tehama,103,63373,4544,4528,512,5040,30
2021-02-18,Trinity,105,12862,350,282,46,328,3
2021-02-18,Tulare,107,460477,47317,46591,8203,54794,728
2021-02-18,Tuolumne,109,53932,3823,3811,30,3841,52
2021-02-18,Ventura,111,848112,76718,76442,2831,79273,659
2021-02-18,Yolo,113,214977,12745,12549,223,12772,183
2021-02-18,Yuba,115,75493,5421,5358,86,5444,38
2021-02-17,Alameda,001,1643700,79682,78895,1777,80672,1002
2021-02-17,Alpine,003,1148,79,77,0,77,0
2021-02-17,Amador,005,37829,3439,3415,30,3445,38
2021-02-17,Butte,007,227075,11156,10770,1662,12432,174
2021-02-17,Calaveras,009,45235,1890,1876,12,1888,21
2021-02-17,Colusa,011,21464,1856,1854,263,2117,10
2021-02-17,Contra Costa,013,1133247,62103,60723,1107,61830,635
2021-02-17,Del Norte,015,27424,949,920,0,920,2
2021-02-17,El Dorado,017,186661,8992,8847,625,9472,94
2021-02-17,Fresno,019,978130,94690,93555,7807,101362,1307
2021-02-17,Glenn,021,27897,2211,2189,500,2689,14
2021-02-17,Humboldt,023,135768,3067,3006,21,3027,29
2021-02-17,Imperial,025,180216,26991,26726,2604,29330,580
2021-02-17,Inyo,027,18085,1257,1197,1,1198,32
2021-02-17,Kern,029,883053,92088,90454,9893,100347,962
2021-02-17,Kings,031,150075,21918,21617,1035,22652,211
2021-02-17,Lake,033,64148,3120,3057,2,3059,38
2021-02-17,Lassen,035,31185,5080,5052,96,5148,1
2021-02-17,Los Angeles,037,10098052,1161439,1139786,40715,1180501,19213
2021-02-17,Madera,039,155013,15372,15135,808,15943,177
2021-02-17,Marin,041,260295,12995,12881,159,13040,207
2021-02-17,Mariposa,043,17540,375,368,4,372,4
2021-02-17,Mendocino,045,87422,3598,3494,66,3560,39
2021-02-17,Merced,047,269075,27968,27824,855,28679,372
2021-02-17,Modoc,049,8938,335,327,113,440,3
2021-02-17,Mono,051,14174,1167,1180,12,1192,3
2021-02-17,Monterey,053,433212,41470,41014,1695,42709,304
2021-02-17,Napa,055,140530,8926,8865,32,8897,68
2021-02-17,Nevada,057,99092,3914,3822,156,3978,52
2021-02-17,Orange,059,3164182,244679,242716,10368,253084,3626
2021-02-17,Placer,061,380077,20207,19405,1121,20526,230
2021-02-17,Plumas,063,18699,635,623,11,634,4
2021-02-17,Riverside,065,2383286,281166,276289,13944,290233,3491
2021-02-17,Sacramento,067,1510023,93075,91309,1229,92538,1326
2021-02-17,San Benito,069,59416,5694,5661,89,5750,57
2021-02-17,San Bernardino,071,2135413,283904,278461,8540,287001,3020
2021-02-17,San Diego,073,3302833,260834,254177,12588,266765,3099
2021-02-17,San Francisco,075,870044,33695,33558,1109,34667,379
2021-02-17,San Joaquin,077,732212,65852,64556,2823,67379,979
2021-02-17,San Luis Obispo,079,281455,19271,18964,562,19526,230
2021-02-17,San Mateo,081,765935,39066,38124,401,38525,282
2021-02-17,Santa Barbara,083,443738,31831,30927,1128,32055,384
2021-02-17,Santa Clara,085,1922200,108332,107949,564,108513,1592
2021-02-17,Santa Cruz,087,273765,15163,14268,828,15096,174
2021-02-17,Shasta,089,179085,10819,10770,1226,11996,139
2021-02-17,Sierra,091,2930,48,47,14,61,0
2021-02-17,Siskiyou,093,43540,1442,1352,235,1587,4
2021-02-17,Solano,095,438530,29503,29288,355,29643,149
2021-02-17,Sonoma,097,501317,27588,27408,183,27591,281
2021-02-17,Stanislaus,099,539301,49738,49050,5424,54474,730
2021-02-17,Sutter,101,95872,8770,8681,83,8764,95
2021-02-17,Tehama,103,63373,4540,4511,511,5022,30
2021-02-17,Trinity,105,12862,350,277,44,321,3
2021-02-17,Tulare,107,460477,47256,46495,8172,54667,726
2021-02-17,Tuolumne,109,53932,3814,3806,30,3836,49
2021-02-17,Ventura,111,848112,76593,76234,2824,79058,646
2021-02-17,Yolo,113,214977,12728,12506,221,12727,182
2021-02-17,Yuba,115,75493,5412,5345,86,5431,38
2021-02-16,Alameda,001,1643700,79508,78756,1773,80529,997
2021-02-16,Alpine,003,1148,79,76,0,76,0
2021-02-16,Amador,005,37829,3432,3413,30,3443,39
2021-02-16,Butte,007,227075,11130,10748,1659,12407,164
2021-02-16,Calaveras,009,45235,1888,1872,12,1884,21
2021-02-16,Colusa,011,21464,1853,1852,261,2113,10
2021-02-16,Contra Costa,013,1133247,61955,60564,1102,61666,631
2021-02-16,Del Norte,015,27424,941,913,0,913,2
2021-02-16,El Dorado,017,186661,8982,8836,624,9460,94
2021-02-16,Fresno,019,978130,94528,93363,7776,101139,1293
2021-02-16,Glenn,021,27897,2202,2189,495,2684,14
2021-02-16,Humboldt,023,135768,3043,2994,21,3015,29
2021-02-16,Imperial,025,180216,26978,26711,2600,29311,580
2021-02-16,Inyo,027,18085,1249,1191,1,1192,32
2021-02-16,Kern,029,883053,91956,90267,9860,100127,959
2021-02-16,Kings,031,150075,21872,21583,1031,22614,206
2021-02-16,Lake,033,64148,3111,3041,2,3043,38
2021-02-16,Lassen,035,31185,5068,5047,96,5143,1
2021-02-16,Los Angeles,037,10098052,1160195,1138262,40651,1178913,19044
2021-02-16,Madera,039,155013,15333,15120,804,15924,172
2021-02-16,Marin,041,260295,12971,12832,159,12991,205
2021-02-16,Mariposa,043,17540,375,367,4,371,4
2021-02-16,Mendocino,045,87422,3594,3489,66,3555,39
2021-02-16,Merced,047,269075,27896,27724,848,28572,368
2021-02-16,Modoc,049,8938,335,326,113,439,3
2021-02-16,Mono,051,14174,1167,1180,12,1192,3
2021-02-16,Monterey,053,433212,41396,40962,1686,42648,303
2021-02-16,Napa,055,140530,8913,8854,32,8886,66
2021-02-16,Nevada,057,99092,3901,3774,155,3929,47
2021-02-16,Orange,059,3164182,244357,242382,10352,252734,3612
2021-02-16,Placer,061,380077,20175,19367,1118,20485,230
2021-02-16,Plumas,063,18699,635,619,11,630,4
2021-02-16,Riverside,065,2383286,280865,275954,13921,289875,3471
2021-02-16,Sacramento,067,1510023,92819,91246,1222,92468,1305
2021-02-16,San Benito,069,59416,5686,5659,88,5747,56
2021-02-16,San Bernardino,071,2135413,283681,277947,8529,286476,2978
2021-02-16,San Diego,073,3302833,260371,253638,12550,266188,3042
2021-02-16,San Francisco,075,870044,33625,33491,1104,34595,373
2021-02-16,San Joaquin,077,732212,65732,64448,2819,67267,979
2021-02-16,San Luis Obispo,079,281455,19226,18925,559,19484,229
2021-02-16,San Mateo,081,765935,39007,38041,399,38440,277
2021-02-16,Santa Barbara,083,443738,31758,30865,1124,31989,378
2021-02-16,Santa Clara,085,1922200,108079,107754,561,108315,1591
2021-02-16,Santa Cruz,087,273765,15144,14256,826,15082,174
2021-02-16,Shasta,089,179085,10803,10736,1224,11960,139
2021-02-16,Sierra,091,2930,48,47,14,61,0
2021-02-16,Siskiyou,093,43540,1438,1351,235,1586,4
2021-02-16,Solano,095,438530,29463,29246,354,29600,148
2021-02-16,Sonoma,097,501317,27525,27380,177,27557,279
2021-02-16,Stanislaus,099,539301,49620,48927,5407,54334,716
2021-02-16,Sutter,101,95872,8747,8671,83,8754,95
2021-02-16,Tehama,103,63373,4531,4501,510,5011,30
2021-02-16,Trinity,105,12862,346,275,44,319,3
2021-02-16,Tulare,107,460477,47192,46444,8126,54570,716
2021-02-16,Tuolumne,109,53932,3812,3796,30,3826,49
2021-02-16,Ventura,111,848112,76448,76043,2820,78863,631
2021-02-16,Yolo,113,214977,12697,12457,221,12678,175
2021-02-16,Yuba,115,75493,5405,5332,85,5417,38
2021-02-15,Alameda,001,1643700,79308,78647,1762,80409,996
2021-02-15,Alpine,003,1148,79,76,0,76,0
2021-02-15,Amador,005,37829,3428,3409,30,3439,39
2021-02-15,Butte,007,227075,11112,10723,1655,12378,155
2021-02-15,Calaveras,009,45235,1885,1871,12,1883,21
2021-02-15,Colusa,011,21464,1853,1849,257,2106,10
2021-02-15,Contra Costa,013,1133247,61780,60444,1095,61539,631
2021-02-15,Del Norte,015,27424,937,913,0,913,2
2021-02-15,El Dorado,017,186661,8965,8816,624,9440,94
2021-02-15,Fresno,019,978130,94328,93231,7738,100969,1288
2021-02-15,Glenn,021,27897,2199,2185,492,2677,14
2021-02-15,Humboldt,023,135768,3036,2997,21,3018,29
2021-02-15,Imperial,025,180216,26960,26700,2595,29295,580
2021-02-15,Inyo,027,18085,1230,1184,1,1185,32
2021-02-15,Kern,029,883053,91812,90181,9827,100008,959
2021-02-15,Kings,031,150075,21827,21574,1027,22601,205
2021-02-15,Lake,033,64148,3097,3030,1,3031,38
2021-02-15,Lassen,035,31185,5066,5047,95,5142,1
2021-02-15,Los Angeles,037,10098052,1158807,1137164,40587,1177751,18925
2021-02-15,Madera,039,155013,15302,15108,803,15911,106
2021-02-15,Marin,041,260295,12951,12810,156,12966,203
2021-02-15,Mariposa,043,17540,373,367,4,371,4
2021-02-15,Mendocino,045,87422,3582,3481,66,3547,39
2021-02-15,Merced,047,269075,27821,27656,841,28497,368
2021-02-15,Modoc,049,8938,335,326,113,439,3
2021-02-15,Mono,051,14174,1164,1178,12,1190,3
2021-02-15,Monterey,053,433212,41335,40911,1672,42583,302
2021-02-15,Napa,055,140530,8899,8837,32,8869,57
2021-02-15,Nevada,057,99092,3884,3767,154,3921,47
2021-02-15,Orange,059,3164182,244038,242176,10325,252501,3586
2021-02-15,Placer,061,380077,20148,19361,1117,20478,230
2021-02-15,Plumas,063,18699,635,620,11,631,4
2021-02-15,Riverside,065,2383286,280519,275771,13906,289677,3468
2021-02-15,Sacramento,067,1510023,92492,91091,1217,92308,1304
2021-02-15,San Benito,069,59416,5677,5649,88,5737,56
2021-02-15,San Bernardino,071,2135413,283427,277869,8521,286390,2945
2021-02-15,San Diego,073,3302833,259859,252940,12518,265458,3037
2021-02-15,San Francisco,075,870044,33552,33454,1096,34550,373
2021-02-15,San Joaquin,077,732212,65567,64382,2812,67194,979
2021-02-15,San Luis Obispo,079,281455,19173,18891,557,19448,227
2021-02-15,San Mateo,081,765935,38930,37969,396,38365,277
2021-02-15,Santa Barbara,083,443738,31657,30810,1121,31931,378
2021-02-15,Santa Clara,085,1922200,107845,107630,559,108189,1588
2021-02-15,Santa Cruz,087,273765,15112,14239,823,15062,175
2021-02-15,Shasta,089,179085,10783,10730,1219,11949,139
2021-02-15,Sierra,091,2930,48,47,14,61,0
2021-02-15,Siskiyou,093,43540,1430,1345,234,1579,4
2021-02-15,Solano,095,438530,29408,29225,354,29579,148
2021-02-15,Sonoma,097,501317,27438,27359,173,27532,276
2021-02-15,Stanislaus,099,539301,49496,48808,5393,54201,716
2021-02-15,Sutter,101,95872,8732,8652,83,8735,95
2021-02-15,Tehama,103,63373,4520,4492,508,5000,30
2021-02-15,Trinity,105,12862,345,274,44,318,3
2021-02-15,Tulare,107,460477,47119,46344,8085,54429,715
2021-02-15,Tuolumne,109,53932,3802,3794,30,3824,49
2021-02-15,Ventura,111,848112,76292,75889,2817,78706,629
2021-02-15,Yolo,113,214977,12661,12412,214,12626,175
2021-02-15,Yuba,115,75493,5388,5320,84,5404,38
2021-02-14,Alameda,001,1643700,79151,78442,1761,80203,995
2021-02-14,Alpine,003,1148,79,76,0,76,0
2021-02-14,Amador,005,37829,3423,3398,30,3428,39
2021-02-14,Butte,007,227075,11088,10717,1650,12367,155
2021-02-14,Calaveras,009,45235,1882,1866,12,1878,21
2021-02-14,Colusa,011,21464,1849,1845,254,2099,10
2021-02-14,Contra Costa,013,1133247,61632,60272,1092,61364,631
2021-02-14,Del Norte,015,27424,933,911,0,911,2
2021-02-14,El Dorado,017,186661,8935,8790,622,9412,94
2021-02-14,Fresno,019,978130,94159,93065,7713,100778,1287
2021-02-14,Glenn,021,27897,2197,2184,492,2676,14
2021-02-14,Humboldt,023,135768,3023,2992,21,3013,29
2021-02-14,Imperial,025,180216,26952,26696,2594,29290,580
2021-02-14,Inyo,027,18085,1224,1177,1,1178,32
2021-02-14,Kern,029,883053,91654,90038,9772,99810,959
2021-02-14,Kings,031,150075,21801,21538,1025,22563,205
2021-02-14,Lake,033,64148,3088,3030,1,3031,38
2021-02-14,Lassen,035,31185,5062,5037,95,5132,1
2021-02-14,Los Angeles,037,10098052,1157470,1135450,40499,1175949,18898
2021-02-14,Madera,039,155013,15270,15089,799,15888,106
2021-02-14,Marin,041,260295,12927,12784,156,12940,201
2021-02-14,Mariposa,043,17540,373,365,4,369,4
2021-02-14,Mendocino,045,87422,3577,3475,66,3541,39
2021-02-14,Merced,047,269075,27744,27601,835,28436,368
2021-02-14,Modoc,049,8938,335,326,113,439,3
2021-02-14,Mono,051,14174,1163,1180,12,1192,3
2021-02-14,Monterey,053,433212,41285,40842,1668,42510,302
2021-02-14,Napa,055,140530,8879,8826,32,8858,57
2021-02-14,Nevada,057,99092,3868,3761,154,3915,47
2021-02-14,Orange,059,3164182,243731,241859,10304,252163,3564
2021-02-14,Placer,061,380077,20110,19313,1112,20425,230
2021-02-14,Plumas,063,18699,634,620,11,631,4
2021-02-14,Riverside,065,2383286,280205,275518,13885,289403,3471
2021-02-14,Sacramento,067,1510023,92285,90856,1213,92069,1304
2021-02-14,San Benito,069,59416,5669,5641,87,5728,56
2021-02-14,San Bernardino,071,2135413,283109,277664,8502,286166,2929
2021-02-14,San Diego,073,3302833,259367,252247,12470,264717,3037
2021-02-14,San Francisco,075,870044,33480,33374,1086,34460,372
2021-02-14,San Joaquin,077,732212,65468,64243,2798,67041,979
2021-02-14,San Luis Obispo,079,281455,19135,18868,554,19422,225
2021-02-14,San Mateo,081,765935,38846,37859,396,38255,277
2021-02-14,Santa Barbara,083,443738,31565,30744,1117,31861,377
2021-02-14,Santa Clara,085,1922200,107645,107412,555,107967,1582
2021-02-14,Santa Cruz,087,273765,15084,14225,818,15043,175
2021-02-14,Shasta,089,179085,10753,10720,1213,11933,139
2021-02-14,Sierra,091,2930,48,47,14,61,0
2021-02-14,Siskiyou,093,43540,1426,1340,234,1574,4
2021-02-14,Solano,095,438530,29370,29150,350,29500,148
2021-02-14,Sonoma,097,501317,27361,27266,171,27437,276
2021-02-14,Stanislaus,099,539301,49390,48672,5377,54049,716
2021-02-14,Sutter,101,95872,8709,8642,83,8725,95
2021-02-14,Tehama,103,63373,4512,4490,506,4996,30
2021-02-14,Trinity,105,12862,345,272,44,316,3
2021-02-14,Tulare,107,460477,47044,46263,8030,54293,715
2021-02-14,Tuolumne,109,53932,3801,3764,30,3794,49
2021-02-14,Ventura,111,848112,76117,75742,2806,78548,629
2021-02-14,Yolo,113,214977,12632,12399,213,12612,175
2021-02-14,Yuba,115,75493,5378,5314,84,5398,38
2021-02-13,Alameda,001,1643700,79033,78246,1758,80004,995
2021-02-13,Alpine,003,1148,79,76,0,76,0
2021-02-13,Amador,005,37829,3420,3387,30,3417,38
2021-02-13,Butte,007,227075,11072,10699,1649,12348,155
2021-02-13,Calaveras,009,45235,1878,1863,12,1875,21
2021-02-13,Colusa,011,21464,1849,1837,254,2091,10
2021-02-13,Contra Costa,013,1133247,61512,60100,1092,61192,629
2021-02-13,Del Norte,015,27424,931,908,0,908,2
2021-02-13,El Dorado,017,186661,8924,8758,621,9379,93
2021-02-13,Fresno,019,978130,94047,92807,7689,100496,1287
2021-02-13,Glenn,021,27897,2196,2182,492,2674,14
2021-02-13,Humboldt,023,135768,3010,2974,20,2994,29
2021-02-13,Imperial,025,180216,26945,26680,2592,29272,580
2021-02-13,Inyo,027,18085,1220,1168,1,1169,32
2021-02-13,Kern,029,883053,91566,89915,9746,99661,957
2021-02-13,Kings,031,150075,21786,21513,1023,22536,205
2021-02-13,Lake,033,64148,3082,3025,1,3026,37
2021-02-13,Lassen,035,31185,5059,5028,95,5123,1
2021-02-13,Los Angeles,037,10098052,1156613,1133752,40449,1174201,18822
2021-02-13,Madera,039,155013,15261,15053,794,15847,106
2021-02-13,Marin,041,260295,12906,12757,156,12913,201
2021-02-13,Mariposa,043,17540,373,365,4,369,4
2021-02-13,Mendocino,045,87422,3567,3466,66,3532,38
2021-02-13,Merced,047,269075,27700,27541,832,28373,368
2021-02-13,Modoc,049,8938,335,325,113,438,3
2021-02-13,Mono,051,14174,1163,1176,12,1188,3
2021-02-13,Monterey,053,433212,41254,40731,1666,42397,301
2021-02-13,Napa,055,140530,8870,8809,32,8841,57
2021-02-13,Nevada,057,99092,3859,3742,153,3895,47
2021-02-13,Orange,059,3164182,243527,241545,10283,251828,3520
2021-02-13,Placer,061,380077,20090,19214,1112,20326,230
2021-02-13,Plumas,063,18699,634,616,11,627,4
2021-02-13,Riverside,065,2383286,279977,275276,13875,289151,3462
2021-02-13,Sacramento,067,1510023,92117,90401,1210,91611,1302
2021-02-13,San Benito,069,59416,5655,5633,87,5720,56
2021-02-13,San Bernardino,071,2135413,282957,277405,8490,285895,2899
2021-02-13,San Diego,073,3302833,259037,251679,12458,264137,3009
2021-02-13,San Francisco,075,870044,33431,33291,1075,34366,364
2021-02-13,San Joaquin,077,732212,65400,64105,2788,66893,977
2021-02-13,San Luis Obispo,079,281455,19107,18803,548,19351,225
2021-02-13,San Mateo,081,765935,38793,37745,396,38141,277
2021-02-13,Santa Barbara,083,443738,31514,30594,1115,31709,374
2021-02-13,Santa Clara,085,1922200,107460,107125,551,107676,1570
2021-02-13,Santa Cruz,087,273765,15057,14198,817,15015,173
2021-02-13,Shasta,089,179085,10741,10713,1208,11921,139
2021-02-13,Sierra,091,2930,48,47,14,61,0
2021-02-13,Siskiyou,093,43540,1423,1336,234,1570,4
2021-02-13,Solano,095,438530,29334,29084,350,29434,148
2021-02-13,Sonoma,097,501317,27315,27157,169,27326,276
2021-02-13,Stanislaus,099,539301,49321,48568,5371,53939,697
2021-02-13,Sutter,101,95872,8697,8626,83,8709,94
2021-02-13,Tehama,103,63373,4503,4484,505,4989,30
2021-02-13,Trinity,105,12862,344,272,43,315,3
2021-02-13,Tulare,107,460477,47000,46162,7993,54155,709
2021-02-13,Tuolumne,109,53932,3800,3752,30,3782,49
2021-02-13,Ventura,111,848112,75980,75481,2800,78281,618
2021-02-13,Yolo,113,214977,12620,12374,212,12586,175
2021-02-13,Yuba,115,75493,5370,5289,84,5373,38
2021-02-12,Alameda,001,1643700,78898,77958,1752,79710,974
2021-02-12,Alpine,003,1148,79,76,0,76,0
2021-02-12,Amador,005,37829,3416,3381,30,3411,38
2021-02-12,Butte,007,227075,11057,10655,1642,12297,155
2021-02-12,Calaveras,009,45235,1875,1860,12,1872,21
2021-02-12,Colusa,011,21464,1849,1836,254,2090,10
2021-02-12,Contra Costa,013,1133247,61362,59878,1088,60966,620
2021-02-12,Del Norte,015,27424,921,901,0,901,2
2021-02-12,El Dorado,017,186661,8908,8725,618,9343,92
2021-02-12,Fresno,019,978130,93894,92520,7668,100188,1273
2021-02-12,Glenn,021,27897,2193,2175,492,2667,14
2021-02-12,Humboldt,023,135768,3002,2961,20,2981,29
2021-02-12,Imperial,025,180216,26936,26646,2590,29236,585
2021-02-12,Inyo,027,18085,1214,1156,1,1157,32
2021-02-12,Kern,029,883053,91456,89532,9710,99242,949
2021-02-12,Kings,031,150075,21755,21462,1017,22479,202
2021-02-12,Lake,033,64148,3078,3012,1,3013,36
2021-02-12,Lassen,035,31185,5057,5015,95,5110,1
2021-02-12,Los Angeles,037,10098052,1155410,1131185,40378,1171563,18637
2021-02-12,Madera,039,155013,15234,15022,791,15813,106
2021-02-12,Marin,041,260295,12880,12720,156,12876,200
2021-02-12,Mariposa,043,17540,372,365,4,369,4
2021-02-12,Mendocino,045,87422,3565,3447,66,3513,38
2021-02-12,Merced,047,269075,27649,27453,829,28282,367
2021-02-12,Modoc,049,8938,335,324,113,437,3
2021-02-12,Mono,051,14174,1162,1172,12,1184,3
2021-02-12,Monterey,053,433212,41207,40633,1657,42290,297
2021-02-12,Napa,055,140530,8858,8785,32,8817,55
2021-02-12,Nevada,057,99092,3854,3728,153,3881,47
2021-02-12,Orange,059,3164182,243289,241075,10267,251342,3505
2021-02-12,Placer,061,380077,20050,19174,1107,20281,230
2021-02-12,Plumas,063,18699,633,614,11,625,4
2021-02-12,Riverside,065,2383286,279703,274792,13857,288649,3438
2021-02-12,Sacramento,067,1510023,91913,90252,1209,91461,1295
2021-02-12,San Benito,069,59416,5639,5622,86,5708,56
2021-02-12,San Bernardino,071,2135413,282765,276890,8478,285368,2827
2021-02-12,San Diego,073,3302833,258655,250788,12432,263220,2979
2021-02-12,San Francisco,075,870044,33371,33179,1071,34250,359
2021-02-12,San Joaquin,077,732212,65306,63966,2780,66746,975
2021-02-12,San Luis Obispo,079,281455,19066,18687,547,19234,224
2021-02-12,San Mateo,081,765935,38721,37560,396,37956,254
2021-02-12,Santa Barbara,083,443738,31443,30454,1110,31564,372
2021-02-12,Santa Clara,085,1922200,107291,106759,548,107307,1543
2021-02-12,Santa Cruz,087,273765,15037,14147,817,14964,170
2021-02-12,Shasta,089,179085,10723,10693,1198,11891,142
2021-02-12,Sierra,091,2930,47,45,14,59,0
2021-02-12,Siskiyou,093,43540,1419,1324,231,1555,4
2021-02-12,Solano,095,438530,29302,28996,347,29343,147
2021-02-12,Sonoma,097,501317,27259,27064,165,27229,275
2021-02-12,Stanislaus,099,539301,49238,48418,5346,53764,697
2021-02-12,Sutter,101,95872,8683,8609,83,8692,93
2021-02-12,Tehama,103,63373,4495,4470,504,4974,27
2021-02-12,Trinity,105,12862,344,269,43,312,3
2021-02-12,Tulare,107,460477,46922,46016,7966,53982,710
2021-02-12,Tuolumne,109,53932,3798,3736,29,3765,49
2021-02-12,Ventura,111,848112,75813,75210,2792,78002,605
2021-02-12,Yolo,113,214977,12600,12340,212,12552,175
2021-02-12,Yuba,115,75493,5362,5274,84,5358,38
2021-02-11,Alameda,001,1643700,78670,77564,1747,79311,960
2021-02-11,Alpine,003,1148,78,76,0,76,0
2021-02-11,Amador,005,37829,3412,3368,30,3398,35
2021-02-11,Butte,007,227075,11033,10624,1640,12264,155
2021-02-11,Calaveras,009,45235,1872,1856,12,1868,21
2021-02-11,Colusa,011,21464,1844,1823,252,2075,10
2021-02-11,Contra Costa,013,1133247,61195,59633,1084,60717,605
2021-02-11,Del Norte,015,27424,916,894,0,894,2
2021-02-11,El Dorado,017,186661,8887,8698,618,9316,92
2021-02-11,Fresno,019,978130,93741,92168,7642,99810,1255
2021-02-11,Glenn,021,27897,2191,2166,490,2656,14
2021-02-11,Humboldt,023,135768,2989,2954,19,2973,29
2021-02-11,Imperial,025,180216,26913,26545,2588,29133,578
2021-02-11,Inyo,027,18085,1205,1144,1,1145,32
2021-02-11,Kern,029,883053,91269,89224,9663,98887,941
2021-02-11,Kings,031,150075,21725,21373,1014,22387,202
2021-02-11,Lake,033,64148,3068,3002,1,3003,36
2021-02-11,Lassen,035,31185,5046,5004,92,5096,1
2021-02-11,Los Angeles,037,10098052,1153783,1128437,40306,1168743,18500
2021-02-11,Madera,039,155013,15213,14984,789,15773,106
2021-02-11,Marin,041,260295,12843,12682,156,12838,200
2021-02-11,Mariposa,043,17540,372,361,4,365,4
2021-02-11,Mendocino,045,87422,3558,3420,66,3486,38
2021-02-11,Merced,047,269075,27584,27325,825,28150,363
2021-02-11,Modoc,049,8938,334,317,113,430,3
2021-02-11,Mono,051,14174,1158,1173,12,1185,3
2021-02-11,Monterey,053,433212,41099,40469,1650,42119,295
2021-02-11,Napa,055,140530,8837,8777,32,8809,55
2021-02-11,Nevada,057,99092,3838,3720,153,3873,47
2021-02-11,Orange,059,3164182,242925,240590,10243,250833,3476
2021-02-11,Placer,061,380077,20010,19118,1106,20224,224
2021-02-11,Plumas,063,18699,632,592,11,603,4
2021-02-11,Riverside,065,2383286,279338,274313,13842,288155,3394
2021-02-11,Sacramento,067,1510023,91667,89988,1203,91191,1286
2021-02-11,San Benito,069,59416,5630,5609,86,5695,56
2021-02-11,San Bernardino,071,2135413,282448,276349,8464,284813,2774
2021-02-11,San Diego,073,3302833,258104,249971,12398,262369,2955
2021-02-11,San Francisco,075,870044,33288,33076,1059,34135,356
2021-02-11,San Joaquin,077,732212,65136,63719,2769,66488,971
2021-02-11,San Luis Obispo,079,281455,19001,18615,543,19158,219
2021-02-11,San Mateo,081,765935,38631,37439,393,37832,253
2021-02-11,Santa Barbara,083,443738,31350,30375,1105,31480,370
2021-02-11,Santa Clara,085,1922200,107035,106392,542,106934,1507
2021-02-11,Santa Cruz,087,273765,15015,14088,811,14899,165
2021-02-11,Shasta,089,179085,10699,10672,1194,11866,140
2021-02-11,Sierra,091,2930,47,45,14,59,0
2021-02-11,Siskiyou,093,43540,1404,1320,231,1551,4
2021-02-11,Solano,095,438530,29250,28885,347,29232,138
2021-02-11,Sonoma,097,501317,27176,26971,162,27133,272
2021-02-11,Stanislaus,099,539301,49094,48205,5335,53540,697
2021-02-11,Sutter,101,95872,8669,8590,82,8672,93
2021-02-11,Tehama,103,63373,4489,4463,504,4967,26
2021-02-11,Trinity,105,12862,344,269,43,312,3
2021-02-11,Tulare,107,460477,46830,45897,7921,53818,706
2021-02-11,Tuolumne,109,53932,3761,3716,29,3745,48
2021-02-11,Ventura,111,848112,75612,74959,2783,77742,590
2021-02-11,Yolo,113,214977,12577,12303,210,12513,173
2021-02-11,Yuba,115,75493,5348,5261,82,5343,38
2021-02-10,Alameda,001,1643700,78466,77344,1745,79089,944
2021-02-10,Alpine,003,1148,78,76,0,76,0
2021-02-10,Amador,005,37829,3400,3348,30,3378,35
2021-02-10,Butte,007,227075,11007,10594,1639,12233,155
2021-02-10,Calaveras,009,45235,1870,1850,12,1862,21
2021-02-10,Colusa,011,21464,1837,1815,250,2065,10
2021-02-10,Contra Costa,013,1133247,61023,59488,1082,60570,590
2021-02-10,Del Norte,015,27424,910,888,0,888,2
2021-02-10,El Dorado,017,186661,8857,8682,614,9296,87
2021-02-10,Fresno,019,978130,93568,91876,7616,99492,1247
2021-02-10,Glenn,021,27897,2189,2160,488,2648,14
2021-02-10,Humboldt,023,135768,2981,2924,19,2943,29
2021-02-10,Imperial,025,180216,26873,26522,2585,29107,578
2021-02-10,Inyo,027,18085,1193,1138,1,1139,30
2021-02-10,Kern,029,883053,91065,88933,9606,98539,926
2021-02-10,Kings,031,150075,21683,21294,1010,22304,197
2021-02-10,Lake,033,64148,3055,2975,1,2976,36
2021-02-10,Lassen,035,31185,5042,4993,92,5085,1
2021-02-10,Los Angeles,037,10098052,1152044,1125437,40172,1165609,18338
2021-02-10,Madera,039,155013,15175,14925,787,15712,105
2021-02-10,Marin,041,260295,12806,12651,156,12807,199
2021-02-10,Mariposa,043,17540,370,360,4,364,4
2021-02-10,Mendocino,045,87422,3543,3395,66,3461,38
2021-02-10,Merced,047,269075,27502,27246,814,28060,359
2021-02-10,Modoc,049,8938,333,315,111,426,3
2021-02-10,Mono,051,14174,1154,1170,12,1182,3
2021-02-10,Monterey,053,433212,41020,40366,1636,42002,288
2021-02-10,Napa,055,140530,8818,8769,32,8801,55
2021-02-10,Nevada,057,99092,3823,3693,151,3844,47
2021-02-10,Orange,059,3164182,242507,239974,10211,250185,3439
2021-02-10,Placer,061,380077,19970,19062,1101,20163,220
2021-02-10,Plumas,063,18699,629,589,11,600,2
2021-02-10,Riverside,065,2383286,278925,273721,13832,287553,3374
2021-02-10,Sacramento,067,1510023,91419,89653,1198,90851,1275
2021-02-10,San Benito,069,59416,5616,5591,86,5677,55
2021-02-10,San Bernardino,071,2135413,282090,275616,8446,284062,2696
2021-02-10,San Diego,073,3302833,257523,248858,12360,261218,2904
2021-02-10,San Francisco,075,870044,33206,32955,1056,34011,351
2021-02-10,San Joaquin,077,732212,64995,63484,2755,66239,954
2021-02-10,San Luis Obispo,079,281455,18922,18549,541,19090,216
2021-02-10,San Mateo,081,765935,38541,37323,393,37716,245
2021-02-10,Santa Barbara,083,443738,31261,30216,1100,31316,359
2021-02-10,Santa Clara,085,1922200,106797,106048,539,106587,1489
2021-02-10,Santa Cruz,087,273765,14980,14007,808,14815,165
2021-02-10,Shasta,089,179085,10675,10645,1191,11836,142
2021-02-10,Sierra,091,2930,47,45,14,59,0
2021-02-10,Siskiyou,093,43540,1399,1314,230,1544,4
2021-02-10,Solano,095,438530,29176,28835,345,29180,137
2021-02-10,Sonoma,097,501317,27085,26881,160,27041,271
2021-02-10,Stanislaus,099,539301,48980,48016,5317,53333,696
2021-02-10,Sutter,101,95872,8652,8571,82,8653,93
2021-02-10,Tehama,103,63373,4481,4445,504,4949,23
2021-02-10,Trinity,105,12862,342,268,43,311,3
2021-02-10,Tulare,107,460477,46715,45782,7881,53663,696
2021-02-10,Tuolumne,109,53932,3753,3691,29,3720,48
2021-02-10,Ventura,111,848112,75386,74651,2765,77416,580
2021-02-10,Yolo,113,214977,12551,12276,209,12485,174
2021-02-10,Yuba,115,75493,5330,5241,82,5323,38
2021-02-09,Alameda,001,1643700,78201,77018,1742,78760,936
2021-02-09,Alpine,003,1148,78,76,0,76,0
2021-02-09,Amador,005,37829,3392,3347,30,3377,35
2021-02-09,Butte,007,227075,10979,10563,1637,12200,153
2021-02-09,Calaveras,009,45235,1864,1847,12,1859,21
2021-02-09,Colusa,011,21464,1828,1812,245,2057,10
2021-02-09,Contra Costa,013,1133247,60835,59307,1076,60383,583
2021-02-09,Del Norte,015,27424,904,886,0,886,2
2021-02-09,El Dorado,017,186661,8831,8663,613,9276,87
2021-02-09,Fresno,019,978130,93333,91730,7582,99312,1211
2021-02-09,Glenn,021,27897,2185,2156,487,2643,14
2021-02-09,Humboldt,023,135768,2973,2904,19,2923,29
2021-02-09,Imperial,025,180216,26845,26509,2582,29091,568
2021-02-09,Inyo,027,18085,1185,1137,1,1138,30
2021-02-09,Kern,029,883053,90818,88684,9558,98242,920
2021-02-09,Kings,031,150075,21642,21275,1008,22283,196
2021-02-09,Lake,033,64148,3044,2955,1,2956,36
2021-02-09,Lassen,035,31185,5035,4983,92,5075,1
2021-02-09,Los Angeles,037,10098052,1150082,1122745,40082,1162827,18198
2021-02-09,Madera,039,155013,15155,14912,784,15696,105
2021-02-09,Marin,041,260295,12773,12623,155,12778,197
2021-02-09,Mariposa,043,17540,368,355,4,359,4
2021-02-09,Mendocino,045,87422,3525,3369,66,3435,38
2021-02-09,Merced,047,269075,27404,27166,809,27975,354
2021-02-09,Modoc,049,8938,332,316,111,427,3
2021-02-09,Mono,051,14174,1153,1167,12,1179,3
2021-02-09,Monterey,053,433212,40911,40279,1625,41904,285
2021-02-09,Napa,055,140530,8805,8749,32,8781,55
2021-02-09,Nevada,057,99092,3807,3687,151,3838,44
2021-02-09,Orange,059,3164182,242092,239169,10178,249347,3406
2021-02-09,Placer,061,380077,19907,19008,1093,20101,220
2021-02-09,Plumas,063,18699,629,584,11,595,2
2021-02-09,Riverside,065,2383286,278438,273465,13817,287282,3334
2021-02-09,Sacramento,067,1510023,91109,89378,1195,90573,1265
2021-02-09,San Benito,069,59416,5604,5566,85,5651,54
2021-02-09,San Bernardino,071,2135413,281716,274998,8432,283430,2613
2021-02-09,San Diego,073,3302833,256867,248048,12316,260364,2853
2021-02-09,San Francisco,075,870044,33127,32782,1046,33828,349
2021-02-09,San Joaquin,077,732212,64821,63341,2750,66091,937
2021-02-09,San Luis Obispo,079,281455,18863,18489,540,19029,216
2021-02-09,San Mateo,081,765935,38411,37227,392,37619,235
2021-02-09,Santa Barbara,083,443738,31151,30118,1093,31211,351
2021-02-09,Santa Clara,085,1922200,106490,105762,536,106298,1463
2021-02-09,Santa Cruz,087,273765,14930,13958,803,14761,162
2021-02-09,Shasta,089,179085,10649,10595,1189,11784,139
2021-02-09,Sierra,091,2930,47,44,14,58,0
2021-02-09,Siskiyou,093,43540,1392,1306,227,1533,4
2021-02-09,Solano,095,438530,29100,28769,341,29110,131
2021-02-09,Sonoma,097,501317,26993,26826,158,26984,267
2021-02-09,Stanislaus,099,539301,48819,47906,5301,53207,679
2021-02-09,Sutter,101,95872,8635,8541,82,8623,92
2021-02-09,Tehama,103,63373,4474,4416,502,4918,22
2021-02-09,Trinity,105,12862,342,266,43,309,3
2021-02-09,Tulare,107,460477,46584,45704,7823,53527,686
2021-02-09,Tuolumne,109,53932,3733,3673,29,3702,48
2021-02-09,Ventura,111,848112,75136,74333,2757,77090,567
2021-02-09,Yolo,113,214977,12508,12220,208,12428,174
2021-02-09,Yuba,115,75493,5321,5235,82,5317,35
2021-02-08,Alameda,001,1643700,77934,76735,1737,78472,924
2021-02-08,Alpine,003,1148,78,73,0,73,0
2021-02-08,Amador,005,37829,3385,3344,29,3373,33
2021-02-08,Butte,007,227075,10956,10524,1634,12158,152
2021-02-08,Calaveras,009,45235,1859,1840,12,1852,21
2021-02-08,Colusa,011,21464,1820,1802,241,2043,10
2021-02-08,Contra Costa,013,1133247,60627,59039,1074,60113,567
2021-02-08,Del Norte,015,27424,901,885,0,885,2
2021-02-08,El Dorado,017,186661,8800,8627,611,9238,86
2021-02-08,Fresno,019,978130,93125,91430,7554,98984,1207
2021-02-08,Glenn,021,27897,2178,2148,485,2633,14
2021-02-08,Humboldt,023,135768,2965,2902,19,2921,29
2021-02-08,Imperial,025,180216,26826,26526,2580,29106,567
2021-02-08,Inyo,027,18085,1172,1126,1,1127,30
2021-02-08,Kern,029,883053,90603,88380,9499,97879,920
2021-02-08,Kings,031,150075,21580,21232,1005,22237,195
2021-02-08,Lake,033,64148,3025,2949,1,2950,36
2021-02-08,Lassen,035,31185,5022,4976,92,5068,1
2021-02-08,Los Angeles,037,10098052,1147994,1120179,39959,1160138,17977
2021-02-08,Madera,039,155013,15119,14887,777,15664,93
2021-02-08,Marin,041,260295,12744,12591,155,12746,194
2021-02-08,Mariposa,043,17540,368,355,4,359,4
2021-02-08,Mendocino,045,87422,3511,3355,66,3421,38
2021-02-08,Merced,047,269075,27320,27082,804,27886,346
2021-02-08,Modoc,049,8938,330,318,111,429,3
2021-02-08,Mono,051,14174,1153,1165,12,1177,3
2021-02-08,Monterey,053,433212,40788,40186,1606,41792,283
2021-02-08,Napa,055,140530,8790,8719,32,8751,55
2021-02-08,Nevada,057,99092,3795,3671,151,3822,44
2021-02-08,Orange,059,3164182,241624,238715,10154,248869,3361
2021-02-08,Placer,061,380077,19864,18944,1086,20030,211
2021-02-08,Plumas,063,18699,628,584,11,595,2
2021-02-08,Riverside,065,2383286,277879,272904,13793,286697,3301
2021-02-08,Sacramento,067,1510023,90821,89267,1192,90459,1247
2021-02-08,San Benito,069,59416,5599,5553,84,5637,52
2021-02-08,San Bernardino,071,2135413,281317,274661,8426,283087,2587
2021-02-08,San Diego,073,3302833,256125,247259,12275,259534,2821
2021-02-08,San Francisco,075,870044,33032,32679,1038,33717,348
2021-02-08,San Joaquin,077,732212,64660,63148,2740,65888,929
2021-02-08,San Luis Obispo,079,281455,18806,18421,535,18956,214
2021-02-08,San Mateo,081,765935,38302,37084,392,37476,232
2021-02-08,Santa Barbara,083,443738,31038,29978,1086,31064,340
2021-02-08,Santa Clara,085,1922200,106165,105413,528,105941,1456
2021-02-08,Santa Cruz,087,273765,14891,13921,796,14717,161
2021-02-08,Shasta,089,179085,10623,10574,1183,11757,137
2021-02-08,Sierra,091,2930,47,44,14,58,0
2021-02-08,Siskiyou,093,43540,1389,1303,227,1530,4
2021-02-08,Solano,095,438530,29037,28644,339,28983,130
2021-02-08,Sonoma,097,501317,26905,26760,157,26917,259
2021-02-08,Stanislaus,099,539301,48667,47704,5272,52976,679
2021-02-08,Sutter,101,95872,8616,8526,82,8608,92
2021-02-08,Tehama,103,63373,4459,4403,500,4903,22
2021-02-08,Trinity,105,12862,340,266,43,309,3
2021-02-08,Tulare,107,460477,46478,45617,7782,53399,673
2021-02-08,Tuolumne,109,53932,3725,3647,29,3676,48
2021-02-08,Ventura,111,848112,74879,74068,2751,76819,565
2021-02-08,Yolo,113,214977,12476,12169,207,12376,162
2021-02-08,Yuba,115,75493,5305,5215,82,5297,35
2021-02-07,Alameda,001,1643700,77631,76500,1728,78228,924
2021-02-07,Alpine,003,1148,75,72,0,72,0
2021-02-07,Amador,005,37829,3364,3343,29,3372,33
2021-02-07,Butte,007,227075,10923,10513,1624,12137,152
2021-02-07,Calaveras,009,45235,1851,1837,12,1849,21
2021-02-07,Colusa,011,21464,1809,1795,239,2034,10
2021-02-07,Contra Costa,013,1133247,60391,58836,1068,59904,566
2021-02-07,Del Norte,015,27424,897,881,0,881,2
2021-02-07,El Dorado,017,186661,8771,8596,609,9205,86
2021-02-07,Fresno,019,978130,92897,91184,7514,98698,1207
2021-02-07,Glenn,021,27897,2174,2141,481,2622,14
2021-02-07,Humboldt,023,135768,2944,2895,19,2914,28
2021-02-07,Imperial,025,180216,26800,26518,2573,29091,567
2021-02-07,Inyo,027,18085,1161,1124,1,1125,27
2021-02-07,Kern,029,883053,90358,88146,9442,97588,920
2021-02-07,Kings,031,150075,21520,21180,1002,22182,192
2021-02-07,Lake,033,64148,3009,2940,1,2941,36
2021-02-07,Lassen,035,31185,5011,4973,92,5065,1
2021-02-07,Los Angeles,037,10098052,1145249,1117551,39826,1157377,17889
2021-02-07,Madera,039,155013,15085,14850,773,15623,93
2021-02-07,Marin,041,260295,12710,12571,153,12724,194
2021-02-07,Mariposa,043,17540,367,355,4,359,4
2021-02-07,Mendocino,045,87422,3494,3348,66,3414,38
2021-02-07,Merced,047,269075,27209,26977,792,27769,346
2021-02-07,Modoc,049,8938,330,317,107,424,3
2021-02-07,Mono,051,14174,1150,1165,12,1177,3
2021-02-07,Monterey,053,433212,40652,40113,1585,41698,283
2021-02-07,Napa,055,140530,8767,8701,32,8733,55
2021-02-07,Nevada,057,99092,3784,3643,151,3794,44
2021-02-07,Orange,059,3164182,241026,238155,10122,248277,3336
2021-02-07,Placer,061,380077,19816,18903,1073,19976,211
2021-02-07,Plumas,063,18699,628,584,11,595,2
2021-02-07,Riverside,065,2383286,277367,272301,13771,286072,3267
2021-02-07,Sacramento,067,1510023,90488,88919,1183,90102,1246
2021-02-07,San Benito,069,59416,5580,5548,83,5631,52
2021-02-07,San Bernardino,071,2135413,280732,274316,8403,282719,2587
2021-02-07,San Diego,073,3302833,255339,246561,12211,258772,2821
2021-02-07,San Francisco,075,870044,32912,32609,1026,33635,348
2021-02-07,San Joaquin,077,732212,64389,63051,2724,65775,929
2021-02-07,San Luis Obispo,079,281455,18734,18349,528,18877,214
2021-02-07,San Mateo,081,765935,38168,36984,390,37374,232
2021-02-07,Santa Barbara,083,443738,30902,29815,1075,30890,340
2021-02-07,Santa Clara,085,1922200,105825,105118,518,105636,1450
2021-02-07,Santa Cruz,087,273765,14837,13887,792,14679,161
2021-02-07,Shasta,089,179085,10603,10570,1175,11745,137
2021-02-07,Sierra,091,2930,47,43,14,57,0
2021-02-07,Siskiyou,093,43540,1382,1295,225,1520,4
2021-02-07,Solano,095,438530,28927,28567,338,28905,130
2021-02-07,Sonoma,097,501317,26800,26684,153,26837,257
2021-02-07,Stanislaus,099,539301,48476,47551,5240,52791,679
2021-02-07,Sutter,101,95872,8589,8515,82,8597,92
2021-02-07,Tehama,103,63373,4445,4396,498,4894,22
2021-02-07,Trinity,105,12862,337,264,41,305,3
2021-02-07,Tulare,107,460477,46357,45520,7702,53222,671
2021-02-07,Tuolumne,109,53932,3701,3619,28,3647,48
2021-02-07,Ventura,111,848112,74571,73759,2738,76497,561
2021-02-07,Yolo,113,214977,12431,12135,207,12342,162
2021-02-07,Yuba,115,75493,5290,5198,80,5278,35
2021-02-06,Alameda,001,1643700,77473,76170,1717,77887,922
2021-02-06,Alpine,003,1148,75,72,0,72,0
2021-02-06,Amador,005,37829,3358,3306,29,3335,33
2021-02-06,Butte,007,227075,10906,10480,1620,12100,150
2021-02-06,Calaveras,009,45235,1849,1832,12,1844,21
2021-02-06,Colusa,011,21464,1807,1791,238,2029,10
2021-02-06,Contra Costa,013,1133247,60245,58567,1062,59629,566
2021-02-06,Del Norte,015,27424,893,879,0,879,2
2021-02-06,El Dorado,017,186661,8764,8575,605,9180,86
2021-02-06,Fresno,019,978130,92785,90944,7492,98436,1207
2021-02-06,Glenn,021,27897,2173,2136,479,2615,14
2021-02-06,Humboldt,023,135768,2933,2880,19,2899,28
2021-02-06,Imperial,025,180216,26790,26514,2572,29086,567
2021-02-06,Inyo,027,18085,1158,1113,1,1114,27
2021-02-06,Kern,029,883053,90207,87919,9395,97314,912
2021-02-06,Kings,031,150075,21490,21156,1002,22158,190
2021-02-06,Lake,033,64148,3004,2920,1,2921,34
2021-02-06,Lassen,035,31185,5007,4964,91,5055,1
2021-02-06,Los Angeles,037,10098052,1143900,1114718,39724,1154442,17793
2021-02-06,Madera,039,155013,15064,14807,771,15578,93
2021-02-06,Marin,041,260295,12691,12531,152,12683,194
2021-02-06,Mariposa,043,17540,366,355,3,358,4
2021-02-06,Mendocino,045,87422,3476,3316,65,3381,38
2021-02-06,Merced,047,269075,27124,26881,784,27665,346
2021-02-06,Modoc,049,8938,330,313,107,420,3
2021-02-06,Mono,051,14174,1149,1159,12,1171,3
2021-02-06,Monterey,053,433212,40596,39995,1577,41572,282
2021-02-06,Napa,055,140530,8754,8639,32,8671,55
2021-02-06,Nevada,057,99092,3772,3624,151,3775,43
2021-02-06,Orange,059,3164182,240665,237391,10086,247477,3293
2021-02-06,Placer,061,380077,19779,18836,1070,19906,211
2021-02-06,Plumas,063,18699,628,584,11,595,2
2021-02-06,Riverside,065,2383286,277008,271741,13751,285492,3243
2021-02-06,Sacramento,067,1510023,90270,88532,1174,89706,1237
2021-02-06,San Benito,069,59416,5562,5516,83,5599,52
2021-02-06,San Bernardino,071,2135413,280428,273718,8380,282098,2564
2021-02-06,San Diego,073,3302833,254843,245331,12176,257507,2812
2021-02-06,San Francisco,075,870044,32840,32437,1015,33452,346
2021-02-06,San Joaquin,077,732212,64312,62840,2711,65551,906
2021-02-06,San Luis Obispo,079,281455,18692,18284,524,18808,214
2021-02-06,San Mateo,081,765935,38100,36824,387,37211,232
2021-02-06,Santa Barbara,083,443738,30827,29645,1073,30718,337
2021-02-06,Santa Clara,085,1922200,105604,104639,513,105152,1439
2021-02-06,Santa Cruz,087,273765,14806,13845,788,14633,161
2021-02-06,Shasta,089,179085,10592,10561,1173,11734,137
2021-02-06,Sierra,091,2930,47,43,14,57,0
2021-02-06,Siskiyou,093,43540,1379,1289,224,1513,4
2021-02-06,Solano,095,438530,28891,28446,337,28783,129
2021-02-06,Sonoma,097,501317,26764,26564,151,26715,257
2021-02-06,Stanislaus,099,539301,48378,47325,5224,52549,679
2021-02-06,Sutter,101,95872,8581,8485,82,8567,92
2021-02-06,Tehama,103,63373,4438,4380,496,4876,22
2021-02-06,Trinity,105,12862,337,263,41,304,3
2021-02-06,Tulare,107,460477,46292,45349,7652,53001,664
2021-02-06,Tuolumne,109,53932,3694,3612,28,3640,48
2021-02-06,Ventura,111,848112,74391,73431,2732,76163,552
2021-02-06,Yolo,113,214977,12408,12061,207,12268,161
2021-02-06,Yuba,115,75493,5280,5177,79,5256,35
2021-02-05,Alameda,001,1643700,77247,75716,1714,77430,916
2021-02-05,Alpine,003,1148,75,72,0,72,0
2021-02-05,Amador,005,37829,3353,3299,28,3327,33
2021-02-05,Butte,007,227075,10888,10421,1614,12035,150
2021-02-05,Calaveras,009,45235,1844,1818,12,1830,21
2021-02-05,Colusa,011,21464,1803,1785,238,2023,10
2021-02-05,Contra Costa,013,1133247,60084,58195,1060,59255,560
2021-02-05,Del Norte,015,27424,892,874,0,874,2
2021-02-05,El Dorado,017,186661,8744,8527,603,9130,86
2021-02-05,Fresno,019,978130,92583,90513,7471,97984,1194
2021-02-05,Glenn,021,27897,2167,2122,474,2596,14
2021-02-05,Humboldt,023,135768,2923,2857,19,2876,28
2021-02-05,Imperial,025,180216,26771,26474,2572,29046,557
2021-02-05,Inyo,027,18085,1154,1104,1,1105,27
2021-02-05,Kern,029,883053,90038,87470,9328,96798,906
2021-02-05,Kings,031,150075,21453,21021,998,22019,190
2021-02-05,Lake,033,64148,2992,2906,1,2907,33
2021-02-05,Lassen,035,31185,5003,4936,91,5027,1
2021-02-05,Los Angeles,037,10098052,1141811,1110384,39582,1149966,17608
2021-02-05,Madera,039,155013,15030,14752,766,15518,95
2021-02-05,Marin,041,260295,12656,12479,152,12631,193
2021-02-05,Mariposa,043,17540,366,352,3,355,4
2021-02-05,Mendocino,045,87422,3462,3272,65,3337,38
2021-02-05,Merced,047,269075,27064,26760,783,27543,345
2021-02-05,Modoc,049,8938,330,312,107,419,3
2021-02-05,Mono,051,14174,1148,1157,12,1169,3
2021-02-05,Monterey,053,433212,40532,39840,1566,41406,281
2021-02-05,Napa,055,140530,8740,8598,32,8630,55
2021-02-05,Nevada,057,99092,3769,3607,151,3758,43
2021-02-05,Orange,059,3164182,240243,236335,10057,246392,3260
2021-02-05,Placer,061,380077,19744,18756,1068,19824,211
2021-02-05,Plumas,063,18699,626,578,11,589,2
2021-02-05,Riverside,065,2383286,276602,270666,13732,284398,3235
2021-02-05,Sacramento,067,1510023,90091,87992,1167,89159,1231
2021-02-05,San Benito,069,59416,5551,5502,83,5585,51
2021-02-05,San Bernardino,071,2135413,280090,272938,8362,281300,2495
2021-02-05,San Diego,073,3302833,254267,244066,12141,256207,2777
2021-02-05,San Francisco,075,870044,32751,32229,1003,33232,337
2021-02-05,San Joaquin,077,732212,64164,62565,2703,65268,902
2021-02-05,San Luis Obispo,079,281455,18631,18152,520,18672,213
2021-02-05,San Mateo,081,765935,38015,36582,386,36968,227
2021-02-05,Santa Barbara,083,443738,30734,29455,1058,30513,334
2021-02-05,Santa Clara,085,1922200,105355,104112,511,104623,1421
2021-02-05,Santa Cruz,087,273765,14785,13776,786,14562,161
2021-02-05,Shasta,089,179085,10576,10507,1166,11673,136
2021-02-05,Sierra,091,2930,47,42,14,56,0
2021-02-05,Siskiyou,093,43540,1372,1276,222,1498,4
2021-02-05,Solano,095,438530,28841,28283,337,28620,127
2021-02-05,Sonoma,097,501317,26696,26423,148,26571,252
2021-02-05,Stanislaus,099,539301,48236,47024,5206,52230,678
2021-02-05,Sutter,101,95872,8561,8443,82,8525,92
2021-02-05,Tehama,103,63373,4430,4355,496,4851,22
2021-02-05,Trinity,105,12862,336,260,41,301,3
2021-02-05,Tulare,107,460477,46216,45138,7601,52739,663
2021-02-05,Tuolumne,109,53932,3668,3595,28,3623,45
2021-02-05,Ventura,111,848112,74146,72953,2721,75674,546
2021-02-05,Yolo,113,214977,12389,12025,202,12227,162
2021-02-05,Yuba,115,75493,5263,5145,79,5224,35
2021-02-04,Alameda,001,1643700,76962,75422,1708,77130,899
2021-02-04,Alpine,003,1148,74,72,0,72,0
2021-02-04,Amador,005,37829,3350,3288,28,3316,33
2021-02-04,Butte,007,227075,10856,10386,1604,11990,147
2021-02-04,Calaveras,009,45235,1844,1808,12,1820,21
2021-02-04,Colusa,011,21464,1799,1777,236,2013,10
2021-02-04,Contra Costa,013,1133247,59894,57991,1056,59047,550
2021-02-04,Del Norte,015,27424,886,870,0,870,2
2021-02-04,El Dorado,017,186661,8718,8490,600,9090,86
2021-02-04,Fresno,019,978130,92369,90126,7444,97570,1114
2021-02-04,Glenn,021,27897,2163,2102,474,2576,14
2021-02-04,Humboldt,023,135768,2913,2827,19,2846,28
2021-02-04,Imperial,025,180216,26725,26411,2569,28980,556
2021-02-04,Inyo,027,18085,1142,1084,1,1085,27
2021-02-04,Kern,029,883053,89766,87156,9249,96405,898
2021-02-04,Kings,031,150075,21403,20918,990,21908,187
2021-02-04,Lake,033,64148,2980,2882,1,2883,34
2021-02-04,Lassen,035,31185,5000,4927,91,5018,1
2021-02-04,Los Angeles,037,10098052,1139024,1106323,39451,1145774,17396
2021-02-04,Madera,039,155013,15001,14706,762,15468,95
2021-02-04,Marin,041,260295,12620,12431,152,12583,192
2021-02-04,Mariposa,043,17540,366,348,3,351,4
2021-02-04,Mendocino,045,87422,3444,3240,63,3303,38
2021-02-04,Merced,047,269075,26971,26629,780,27409,345
2021-02-04,Modoc,049,8938,330,309,107,416,3
2021-02-04,Mono,051,14174,1146,1153,12,1165,3
2021-02-04,Monterey,053,433212,40424,39619,1548,41167,279
2021-02-04,Napa,055,140530,8711,8573,32,8605,55
2021-02-04,Nevada,057,99092,3749,3590,150,3740,37
2021-02-04,Orange,059,3164182,239601,235677,10015,245692,3238
2021-02-04,Placer,061,380077,19684,18711,1059,19770,210
2021-02-04,Plumas,063,18699,623,562,11,573,2
2021-02-04,Riverside,065,2383286,275863,269851,13692,283543,3230
2021-02-04,Sacramento,067,1510023,89788,87658,1155,88813,1222
2021-02-04,San Benito,069,59416,5537,5488,82,5570,51
2021-02-04,San Bernardino,071,2135413,279541,272223,8342,280565,2409
2021-02-04,San Diego,073,3302833,253479,242613,12075,254688,2738
2021-02-04,San Francisco,075,870044,32638,32116,994,33110,326
2021-02-04,San Joaquin,077,732212,63938,62374,2695,65069,883
2021-02-04,San Luis Obispo,079,281455,18565,18058,517,18575,211
2021-02-04,San Mateo,081,765935,37895,36437,383,36820,226
2021-02-04,Santa Barbara,083,443738,30602,29344,1040,30384,322
2021-02-04,Santa Clara,085,1922200,105006,103781,508,104289,1404
2021-02-04,Santa Cruz,087,273765,14752,13713,778,14491,156
2021-02-04,Shasta,089,179085,10549,10466,1161,11627,131
2021-02-04,Sierra,091,2930,47,42,14,56,0
2021-02-04,Siskiyou,093,43540,1363,1273,222,1495,4
2021-02-04,Solano,095,438530,28738,28192,336,28528,120
2021-02-04,Sonoma,097,501317,26614,26276,144,26420,249
2021-02-04,Stanislaus,099,539301,48075,46822,5184,52006,678
2021-02-04,Sutter,101,95872,8541,8401,82,8483,92
2021-02-04,Tehama,103,63373,4414,4327,496,4823,21
2021-02-04,Trinity,105,12862,335,260,40,300,3
2021-02-04,Tulare,107,460477,46092,44983,7534,52517,656
2021-02-04,Tuolumne,109,53932,3628,3585,28,3613,45
2021-02-04,Ventura,111,848112,73814,72595,2708,75303,537
2021-02-04,Yolo,113,214977,12355,11982,201,12183,161
2021-02-04,Yuba,115,75493,5237,5135,79,5214,34
2021-02-03,Alameda,001,1643700,76628,74968,1704,76672,880
2021-02-03,Alpine,003,1148,74,72,0,72,0
2021-02-03,Amador,005,37829,3346,3281,28,3309,33
2021-02-03,Butte,007,227075,10820,10355,1597,11952,144
2021-02-03,Calaveras,009,45235,1834,1799,11,1810,21
2021-02-03,Colusa,011,21464,1794,1773,235,2008,10
2021-02-03,Contra Costa,013,1133247,59655,57762,1044,58806,537
2021-02-03,Del Norte,015,27424,881,869,0,869,2
2021-02-03,El Dorado,017,186661,8698,8428,599,9027,86
2021-02-03,Fresno,019,978130,92149,89748,7404,97152,1015
2021-02-03,Glenn,021,27897,2154,2098,472,2570,14
2021-02-03,Humboldt,023,135768,2903,2800,19,2819,27
2021-02-03,Imperial,025,180216,26691,26363,2563,28926,547
2021-02-03,Inyo,027,18085,1132,1071,1,1072,27
2021-02-03,Kern,029,883053,89524,86771,9208,95979,877
2021-02-03,Kings,031,150075,21344,20831,986,21817,172
2021-02-03,Lake,033,64148,2963,2869,1,2870,33
2021-02-03,Lassen,035,31185,4989,4910,91,5001,1
2021-02-03,Los Angeles,037,10098052,1135959,1101890,39318,1141208,17163
2021-02-03,Madera,039,155013,14963,14605,760,15365,94
2021-02-03,Marin,041,260295,12586,12406,152,12558,190
2021-02-03,Mariposa,043,17540,365,347,3,350,4
2021-02-03,Mendocino,045,87422,3418,3236,62,3298,38
2021-02-03,Merced,047,269075,26855,26520,775,27295,343
2021-02-03,Modoc,049,8938,329,308,107,415,3
2021-02-03,Mono,051,14174,1139,1146,12,1158,3
2021-02-03,Monterey,053,433212,40296,39500,1530,41030,279
2021-02-03,Napa,055,140530,8676,8534,32,8566,54
2021-02-03,Nevada,057,99092,3735,3572,150,3722,35
2021-02-03,Orange,059,3164182,238858,234738,9983,244721,3189
2021-02-03,Placer,061,380077,19628,18646,1057,19703,210
2021-02-03,Plumas,063,18699,623,559,11,570,2
2021-02-03,Riverside,065,2383286,275139,269019,13660,282679,3195
2021-02-03,Sacramento,067,1510023,89465,87415,1150,88565,1212
2021-02-03,San Benito,069,59416,5519,5463,79,5542,51
2021-02-03,San Bernardino,071,2135413,279060,271477,8317,279794,2308
2021-02-03,San Diego,073,3302833,252578,241015,12028,253043,2683
2021-02-03,San Francisco,075,870044,32508,31983,989,32972,325
2021-02-03,San Joaquin,077,732212,63713,61976,2684,64660,880
2021-02-03,San Luis Obispo,079,281455,18488,17922,514,18436,206
2021-02-03,San Mateo,081,765935,37757,36227,379,36606,225
2021-02-03,Santa Barbara,083,443738,30456,29121,1030,30151,315
2021-02-03,Santa Clara,085,1922200,104691,103278,504,103782,1364
2021-02-03,Santa Cruz,087,273765,14698,13611,770,14381,154
2021-02-03,Shasta,089,179085,10506,10422,1156,11578,130
2021-02-03,Sierra,091,2930,47,42,14,56,0
2021-02-03,Siskiyou,093,43540,1352,1268,221,1489,4
2021-02-03,Solano,095,438530,28616,28057,336,28393,119
2021-02-03,Sonoma,097,501317,26531,26155,143,26298,248
2021-02-03,Stanislaus,099,539301,47901,46598,5164,51762,662
2021-02-03,Sutter,101,95872,8516,8379,82,8461,90
2021-02-03,Tehama,103,63373,4392,4309,493,4802,21
2021-02-03,Trinity,105,12862,335,260,39,299,3
2021-02-03,Tulare,107,460477,45925,44838,7473,52311,640
2021-02-03,Tuolumne,109,53932,3617,3568,28,3596,45
2021-02-03,Ventura,111,848112,73478,72124,2696,74820,526
2021-02-03,Yolo,113,214977,12331,11933,200,12133,161
2021-02-03,Yuba,115,75493,5219,5124,79,5203,34
2021-02-02,Alameda,001,1643700,76283,74642,1689,76331,869
2021-02-02,Alpine,003,1148,74,72,0,72,0
2021-02-02,Amador,005,37829,3315,3275,28,3303,33
2021-02-02,Butte,007,227075,10793,10307,1589,11896,141
2021-02-02,Calaveras,009,45235,1826,1786,11,1797,21
2021-02-02,Colusa,011,21464,1786,1769,230,1999,9
2021-02-02,Contra Costa,013,1133247,59376,57551,1039,58590,536
2021-02-02,Del Norte,015,27424,875,868,0,868,2
2021-02-02,El Dorado,017,186661,8658,8405,599,9004,84
2021-02-02,Fresno,019,978130,91848,89542,7369,96911,1009
2021-02-02,Glenn,021,27897,2143,2090,468,2558,14
2021-02-02,Humboldt,023,135768,2892,2784,19,2803,25
2021-02-02,Imperial,025,180216,26640,26317,2558,28875,535
2021-02-02,Inyo,027,18085,1129,1074,1,1075,27
2021-02-02,Kern,029,883053,89223,86485,9131,95616,867
2021-02-02,Kings,031,150075,21267,20785,977,21762,172
2021-02-02,Lake,033,64148,2943,2857,1,2858,33
2021-02-02,Lassen,035,31185,4982,4908,91,4999,1
2021-02-02,Los Angeles,037,10098052,1132590,1097573,39148,1136721,16913
2021-02-02,Madera,039,155013,14913,14595,755,15350,94
2021-02-02,Marin,041,260295,12557,12367,152,12519,189
2021-02-02,Mariposa,043,17540,362,345,3,348,4
2021-02-02,Mendocino,045,87422,3385,3210,62,3272,38
2021-02-02,Merced,047,269075,26759,26427,767,27194,340
2021-02-02,Modoc,049,8938,324,306,107,413,3
2021-02-02,Mono,051,14174,1137,1147,12,1159,3
2021-02-02,Monterey,053,433212,40161,39371,1516,40887,278
2021-02-02,Napa,055,140530,8647,8505,32,8537,53
2021-02-02,Nevada,057,99092,3720,3548,150,3698,20
2021-02-02,Orange,059,3164182,238060,233783,9947,243730,3152
2021-02-02,Placer,061,380077,19569,18615,1053,19668,205
2021-02-02,Plumas,063,18699,623,560,11,571,2
2021-02-02,Riverside,065,2383286,274303,267901,13626,281527,3169
2021-02-02,Sacramento,067,1510023,89173,87107,1139,88246,1202
2021-02-02,San Benito,069,59416,5505,5444,78,5522,50
2021-02-02,San Bernardino,071,2135413,278388,270486,8285,278771,2244
2021-02-02,San Diego,073,3302833,251541,240047,11942,251989,2629
2021-02-02,San Francisco,075,870044,32352,31788,978,32766,324
2021-02-02,San Joaquin,077,732212,63494,61708,2669,64377,878
2021-02-02,San Luis Obispo,079,281455,18394,17811,512,18323,201
2021-02-02,San Mateo,081,765935,37593,36004,373,36377,225
2021-02-02,Santa Barbara,083,443738,30287,28951,1023,29974,304
2021-02-02,Santa Clara,085,1922200,104228,102872,499,103371,1349
2021-02-02,Santa Cruz,087,273765,14639,13572,766,14338,150
2021-02-02,Shasta,089,179085,10481,10371,1144,11515,128
2021-02-02,Sierra,091,2930,47,42,14,56,0
2021-02-02,Siskiyou,093,43540,1345,1252,218,1470,4
2021-02-02,Solano,095,438530,28520,27963,332,28295,118
2021-02-02,Sonoma,097,501317,26414,26054,143,26197,247
2021-02-02,Stanislaus,099,539301,47682,46306,5131,51437,641
2021-02-02,Sutter,101,95872,8493,8340,82,8422,89
2021-02-02,Tehama,103,63373,4379,4289,491,4780,21
2021-02-02,Trinity,105,12862,335,260,39,299,3
2021-02-02,Tulare,107,460477,45771,44720,7405,52125,625
2021-02-02,Tuolumne,109,53932,3605,3548,28,3576,39
2021-02-02,Ventura,111,848112,73060,71557,2686,74243,514
2021-02-02,Yolo,113,214977,12284,11886,193,12079,158
2021-02-02,Yuba,115,75493,5201,5111,79,5190,34
2021-02-01,Alameda,001,1643700,75928,74374,1683,76057,858
2021-02-01,Alpine,003,1148,74,72,0,72,0
2021-02-01,Amador,005,37829,3304,3234,28,3262,32
2021-02-01,Butte,007,227075,10751,10263,1585,11848,141
2021-02-01,Calaveras,009,45235,1818,1785,11,1796,21
2021-02-01,Colusa,011,21464,1781,1763,221,1984,9
2021-02-01,Contra Costa,013,1133247,59131,57324,1038,58362,531
2021-02-01,Del Norte,015,27424,872,865,0,865,2
2021-02-01,El Dorado,017,186661,8619,8337,599,8936,83
2021-02-01,Fresno,019,978130,91519,89272,7331,96603,994
2021-02-01,Glenn,021,27897,2128,2086,460,2546,14
2021-02-01,Humboldt,023,135768,2870,2773,18,2791,25
2021-02-01,Imperial,025,180216,26597,26224,2556,28780,530
2021-02-01,Inyo,027,18085,1119,1072,1,1073,27
2021-02-01,Kern,029,883053,88828,86170,9060,95230,862
2021-02-01,Kings,031,150075,21177,20746,968,21714,172
2021-02-01,Lake,033,64148,2927,2843,1,2844,33
2021-02-01,Lassen,035,31185,4962,4907,91,4998,1
2021-02-01,Los Angeles,037,10098052,1128784,1094341,38970,1133311,16695
2021-02-01,Madera,039,155013,14878,14572,752,15324,94
2021-02-01,Marin,041,260295,12519,12341,151,12492,188
2021-02-01,Mariposa,043,17540,360,344,3,347,4
2021-02-01,Mendocino,045,87422,3352,3192,62,3254,37
2021-02-01,Merced,047,269075,26633,26282,758,27040,337
2021-02-01,Modoc,049,8938,318,303,103,406,1
2021-02-01,Mono,051,14174,1134,1145,12,1157,3
2021-02-01,Monterey,053,433212,39980,39196,1494,40690,278
2021-02-01,Napa,055,140530,8615,8449,32,8481,52
2021-02-01,Nevada,057,99092,3703,3535,149,3684,20
2021-02-01,Orange,059,3164182,237151,233155,9901,243056,3100
2021-02-01,Placer,061,380077,19502,18574,1046,19620,204
2021-02-01,Plumas,063,18699,621,554,11,565,2
2021-02-01,Riverside,065,2383286,273395,267025,13588,280613,3092
2021-02-01,Sacramento,067,1510023,88776,86856,1127,87983,1193
2021-02-01,San Benito,069,59416,5487,5432,78,5510,48
2021-02-01,San Bernardino,071,2135413,277699,270012,8242,278254,2172
2021-02-01,San Diego,073,3302833,250319,239121,11866,250987,2619
2021-02-01,San Francisco,075,870044,32219,31703,966,32669,324
2021-02-01,San Joaquin,077,732212,63290,61542,2658,64200,877
2021-02-01,San Luis Obispo,079,281455,18276,17690,504,18194,199
2021-02-01,San Mateo,081,765935,37444,35843,373,36216,220
2021-02-01,Santa Barbara,083,443738,30118,28837,1015,29852,297
2021-02-01,Santa Clara,085,1922200,103813,102462,498,102960,1343
2021-02-01,Santa Cruz,087,273765,14586,13524,764,14288,149
2021-02-01,Shasta,089,179085,10456,10329,1138,11467,112
2021-02-01,Sierra,091,2930,47,42,14,56,0
2021-02-01,Siskiyou,093,43540,1338,1238,215,1453,4
2021-02-01,Solano,095,438530,28415,27844,331,28175,117
2021-02-01,Sonoma,097,501317,26325,26011,142,26153,243
2021-02-01,Stanislaus,099,539301,47424,46112,5103,51215,642
2021-02-01,Sutter,101,95872,8453,8313,82,8395,89
2021-02-01,Tehama,103,63373,4355,4263,491,4754,21
2021-02-01,Trinity,105,12862,333,260,39,299,3
2021-02-01,Tulare,107,460477,45627,44569,7323,51892,618
2021-02-01,Tuolumne,109,53932,3597,3534,28,3562,39
2021-02-01,Ventura,111,848112,72653,71104,2670,73774,502
2021-02-01,Yolo,113,214977,12240,11824,185,12009,151
2021-02-01,Yuba,115,75493,5188,5084,78,5162,33
2021-01-31,Alameda,001,1643700,75500,73979,1675,75654,857
2021-01-31,Alpine,003,1148,74,72,0,72,0
2021-01-31,Amador,005,37829,3294,3212,26,3238,32
2021-01-31,Butte,007,227075,10709,10215,1574,11789,140
2021-01-31,Calaveras,009,45235,1796,1778,11,1789,21
2021-01-31,Colusa,011,21464,1774,1754,216,1970,9
2021-01-31,Contra Costa,013,1133247,58800,57079,1038,58117,531
2021-01-31,Del Norte,015,27424,870,865,0,865,2
2021-01-31,El Dorado,017,186661,8583,8317,596,8913,83
2021-01-31,Fresno,019,978130,91206,88852,7279,96131,994
2021-01-31,Glenn,021,27897,2117,2083,459,2542,14
2021-01-31,Humboldt,023,135768,2854,2767,18,2785,25
2021-01-31,Imperial,025,180216,26526,26206,2546,28752,530
2021-01-31,Inyo,027,18085,1106,1072,1,1073,27
2021-01-31,Kern,029,883053,88334,85872,8971,94843,861
2021-01-31,Kings,031,150075,21094,20709,955,21664,172
2021-01-31,Lake,033,64148,2906,2826,1,2827,33
2021-01-31,Lassen,035,31185,4946,4900,91,4991,1
2021-01-31,Los Angeles,037,10098052,1124181,1090304,38758,1129062,16609
2021-01-31,Madera,039,155013,14824,14496,744,15240,94
2021-01-31,Marin,041,260295,12472,12297,147,12444,185
2021-01-31,Mariposa,043,17540,358,344,3,347,4
2021-01-31,Mendocino,045,87422,3329,3181,61,3242,37
2021-01-31,Merced,047,269075,26489,26222,753,26975,337
2021-01-31,Modoc,049,8938,315,304,101,405,1
2021-01-31,Mono,051,14174,1131,1146,12,1158,3
2021-01-31,Monterey,053,433212,39801,39035,1466,40501,278
2021-01-31,Napa,055,140530,8573,8404,32,8436,52
2021-01-31,Nevada,057,99092,3681,3518,147,3665,20
2021-01-31,Orange,059,3164182,236137,232347,9860,242207,3053
2021-01-31,Placer,061,380077,19428,18506,1034,19540,204
2021-01-31,Plumas,063,18699,620,554,11,565,2
2021-01-31,Riverside,065,2383286,272425,266145,13540,279685,3074
2021-01-31,Sacramento,067,1510023,88335,86560,1111,87671,1186
2021-01-31,San Benito,069,59416,5465,5425,76,5501,48
2021-01-31,San Bernardino,071,2135413,276661,269533,8209,277742,2156
2021-01-31,San Diego,073,3302833,249006,238039,11752,249791,2619
2021-01-31,San Francisco,075,870044,32032,31563,954,32517,323
2021-01-31,San Joaquin,077,732212,62886,61379,2648,64027,877
2021-01-31,San Luis Obispo,079,281455,18142,17615,499,18114,199
2021-01-31,San Mateo,081,765935,37253,35659,370,36029,219
2021-01-31,Santa Barbara,083,443738,29879,28570,1006,29576,297
2021-01-31,Santa Clara,085,1922200,103264,101986,489,102475,1330
2021-01-31,Santa Cruz,087,273765,14491,13469,750,14219,149
2021-01-31,Shasta,089,179085,10411,10313,1129,11442,112
2021-01-31,Sierra,091,2930,46,43,14,57,0
2021-01-31,Siskiyou,093,43540,1328,1238,215,1453,4
2021-01-31,Solano,095,438530,28285,27678,331,28009,118
2021-01-31,Sonoma,097,501317,26224,25925,141,26066,243
2021-01-31,Stanislaus,099,539301,47141,45971,5062,51033,642
2021-01-31,Sutter,101,95872,8408,8289,82,8371,89
2021-01-31,Tehama,103,63373,4335,4256,490,4746,21
2021-01-31,Trinity,105,12862,331,260,39,299,3
2021-01-31,Tulare,107,460477,45460,44440,7241,51681,618
2021-01-31,Tuolumne,109,53932,3558,3519,28,3547,39
2021-01-31,Ventura,111,848112,72058,70635,2657,73292,502
2021-01-31,Yolo,113,214977,12179,11771,179,11950,151
2021-01-31,Yuba,115,75493,5168,5071,77,5148,33
2021-01-30,Alameda,001,1643700,75297,73622,1670,75292,850
2021-01-30,Alpine,003,1148,74,72,0,72,0
2021-01-30,Amador,005,37829,3290,3181,26,3207,32
2021-01-30,Butte,007,227075,10674,10177,1565,11742,139
2021-01-30,Calaveras,009,45235,1784,1763,11,1774,21
2021-01-30,Colusa,011,21464,1772,1748,216,1964,9
2021-01-30,Contra Costa,013,1133247,58615,56763,1034,57797,531
2021-01-30,Del Norte,015,27424,869,865,0,865,2
2021-01-30,El Dorado,017,186661,8563,8299,595,8894,83
2021-01-30,Fresno,019,978130,91029,88476,7259,95735,964
2021-01-30,Glenn,021,27897,2114,2074,457,2531,14
2021-01-30,Humboldt,023,135768,2843,2742,18,2760,24
2021-01-30,Imperial,025,180216,26505,26160,2545,28705,530
2021-01-30,Inyo,027,18085,1102,1068,1,1069,27
2021-01-30,Kern,029,883053,88133,85572,8905,94477,848
2021-01-30,Kings,031,150075,21024,20605,949,21554,169
2021-01-30,Lake,033,64148,2900,2809,1,2810,33
2021-01-30,Lassen,035,31185,4943,4890,91,4981,1
2021-01-30,Los Angeles,037,10098052,1121817,1084763,38611,1123374,16484
2021-01-30,Madera,039,155013,14782,14443,739,15182,94
2021-01-30,Marin,041,260295,12444,12225,146,12371,185
2021-01-30,Mariposa,043,17540,356,344,3,347,4
2021-01-30,Mendocino,045,87422,3315,3153,60,3213,36
2021-01-30,Merced,047,269075,26414,26078,752,26830,335
2021-01-30,Modoc,049,8938,315,303,101,404,1
2021-01-30,Mono,051,14174,1131,1143,12,1155,3
2021-01-30,Monterey,053,433212,39740,38847,1463,40310,277
2021-01-30,Napa,055,140530,8557,8342,32,8374,52
2021-01-30,Nevada,057,99092,3662,3499,147,3646,20
2021-01-30,Orange,059,3164182,235593,231358,9821,241179,3013
2021-01-30,Placer,061,380077,19377,18430,1028,19458,205
2021-01-30,Plumas,063,18699,618,554,11,565,2
2021-01-30,Riverside,065,2383286,271835,265137,13507,278644,3061
2021-01-30,Sacramento,067,1510023,88141,86388,1105,87493,1184
2021-01-30,San Benito,069,59416,5447,5401,75,5476,48
2021-01-30,San Bernardino,071,2135413,276248,268660,8190,276850,2122
2021-01-30,San Diego,073,3302833,248248,236765,11710,248475,2603
2021-01-30,San Francisco,075,870044,31932,31427,950,32377,316
2021-01-30,San Joaquin,077,732212,62752,61120,2638,63758,864
2021-01-30,San Luis Obispo,079,281455,18064,17522,496,18018,198
2021-01-30,San Mateo,081,765935,37114,35451,369,35820,219
2021-01-30,Santa Barbara,083,443738,29738,28342,1002,29344,296
2021-01-30,Santa Clara,085,1922200,102914,101471,486,101957,1307
2021-01-30,Santa Cruz,087,273765,14451,13383,749,14132,149
2021-01-30,Shasta,089,179085,10393,10283,1125,11408,112
2021-01-30,Sierra,091,2930,46,43,14,57,0
2021-01-30,Siskiyou,093,43540,1326,1236,213,1449,4
2021-01-30,Solano,095,438530,28202,27511,329,27840,118
2021-01-30,Sonoma,097,501317,26174,25810,138,25948,243
2021-01-30,Stanislaus,099,539301,47012,45697,5038,50735,642
2021-01-30,Sutter,101,95872,8392,8226,82,8308,87
2021-01-30,Tehama,103,63373,4321,4229,489,4718,21
2021-01-30,Trinity,105,12862,331,259,39,298,3
2021-01-30,Tulare,107,460477,45326,44203,7203,51406,615
2021-01-30,Tuolumne,109,53932,3554,3508,28,3536,36
2021-01-30,Ventura,111,848112,71747,69931,2640,72571,493
2021-01-30,Yolo,113,214977,12166,11698,177,11875,151
2021-01-30,Yuba,115,75493,5158,5042,76,5118,33
2021-01-29,Alameda,001,1643700,75019,73210,1663,74873,841
2021-01-29,Alpine,003,1148,74,72,0,72,0
2021-01-29,Amador,005,37829,3278,3134,25,3159,32
2021-01-29,Butte,007,227075,10643,10122,1555,11677,138
2021-01-29,Calaveras,009,45235,1777,1757,11,1768,21
2021-01-29,Colusa,011,21464,1768,1734,215,1949,8
2021-01-29,Contra Costa,013,1133247,58441,56318,1032,57350,529
2021-01-29,Del Norte,015,27424,868,865,0,865,2
2021-01-29,El Dorado,017,186661,8546,8231,594,8825,83
2021-01-29,Fresno,019,978130,90816,87936,7220,95156,962
2021-01-29,Glenn,021,27897,2109,2061,456,2517,14
2021-01-29,Humboldt,023,135768,2830,2707,18,2725,24
2021-01-29,Imperial,025,180216,26490,26045,2542,28587,521
2021-01-29,Inyo,027,18085,1090,1048,1,1049,27
2021-01-29,Kern,029,883053,87908,85044,8852,93896,836
2021-01-29,Kings,031,150075,20985,20466,944,21410,169
2021-01-29,Lake,033,64148,2891,2792,1,2793,32
2021-01-29,Lassen,035,31185,4940,4874,91,4965,1
2021-01-29,Los Angeles,037,10098052,1118353,1078329,38454,1116783,16190
2021-01-29,Madera,039,155013,14731,14377,739,15116,94
2021-01-29,Marin,041,260295,12401,12145,145,12290,185
2021-01-29,Mariposa,043,17540,355,342,3,345,4
2021-01-29,Mendocino,045,87422,3306,3131,59,3190,36
2021-01-29,Merced,047,269075,26339,25865,748,26613,334
2021-01-29,Modoc,049,8938,314,297,101,398,1
2021-01-29,Mono,051,14174,1129,1139,12,1151,3
2021-01-29,Monterey,053,433212,39619,38539,1454,39993,277
2021-01-29,Napa,055,140530,8525,8276,32,8308,52
2021-01-29,Nevada,057,99092,3653,3487,146,3633,20
2021-01-29,Orange,059,3164182,234913,229917,9782,239699,2967
2021-01-29,Placer,061,380077,19321,18367,1024,19391,203
2021-01-29,Plumas,063,18699,617,548,11,559,2
2021-01-29,Riverside,065,2383286,271044,263504,13472,276976,3008
2021-01-29,Sacramento,067,1510023,87887,86320,1101,87421,1169
2021-01-29,San Benito,069,59416,5439,5386,75,5461,48
2021-01-29,San Bernardino,071,2135413,275734,267490,8148,275638,2095
2021-01-29,San Diego,073,3302833,247307,234637,11631,246268,2571
2021-01-29,San Francisco,075,870044,31792,31294,941,32235,307
2021-01-29,San Joaquin,077,732212,62604,60899,2623,63522,858
2021-01-29,San Luis Obispo,079,281455,18004,17440,491,17931,193
2021-01-29,San Mateo,081,765935,36981,35223,366,35589,218
2021-01-29,Santa Barbara,083,443738,29608,28105,996,29101,291
2021-01-29,Santa Clara,085,1922200,102548,101010,484,101494,1273
2021-01-29,Santa Cruz,087,273765,14398,13311,746,14057,148
2021-01-29,Shasta,089,179085,10376,10220,1121,11341,112
2021-01-29,Sierra,091,2930,46,43,14,57,0
2021-01-29,Siskiyou,093,43540,1325,1227,213,1440,4
2021-01-29,Solano,095,438530,28116,27352,326,27678,116
2021-01-29,Sonoma,097,501317,26111,25710,137,25847,243
2021-01-29,Stanislaus,099,539301,46863,45466,5018,50484,642
2021-01-29,Sutter,101,95872,8373,8181,82,8263,87
2021-01-29,Tehama,103,63373,4308,4191,487,4678,20
2021-01-29,Trinity,105,12862,331,260,39,299,3
2021-01-29,Tulare,107,460477,45221,43925,7161,51086,606
2021-01-29,Tuolumne,109,53932,3544,3483,28,3511,36
2021-01-29,Ventura,111,848112,71323,69511,2626,72137,484
2021-01-29,Yolo,113,214977,12129,11612,176,11788,151
2021-01-29,Yuba,115,75493,5142,5018,76,5094,32
2021-01-28,Alameda,001,1643700,74582,72758,1655,74413,833
2021-01-28,Alpine,003,1148,74,72,0,72,0
2021-01-28,Amador,005,37829,3241,3124,25,3149,31
2021-01-28,Butte,007,227075,10602,10037,1544,11581,138
2021-01-28,Calaveras,009,45235,1763,1747,10,1757,21
2021-01-28,Colusa,011,21464,1761,1731,211,1942,8
2021-01-28,Contra Costa,013,1133247,58197,55999,1022,57021,525
2021-01-28,Del Norte,015,27424,867,862,0,862,2
2021-01-28,El Dorado,017,186661,8533,8198,589,8787,79
2021-01-28,Fresno,019,978130,90529,87401,7169,94570,949
2021-01-28,Glenn,021,27897,2104,2043,447,2490,14
2021-01-28,Humboldt,023,135768,2813,2686,18,2704,24
2021-01-28,Imperial,025,180216,26446,25984,2535,28519,517
2021-01-28,Inyo,027,18085,1085,1039,1,1040,27
2021-01-28,Kern,029,883053,87581,84708,8765,93473,817
2021-01-28,Kings,031,150075,20926,20328,939,21267,167
2021-01-28,Lake,033,64148,2876,2772,1,2773,32
2021-01-28,Lassen,035,31185,4934,4865,91,4956,1
2021-01-28,Los Angeles,037,10098052,1114471,1072412,38253,1110665,15967
2021-01-28,Madera,039,155013,14675,14301,735,15036,94
2021-01-28,Marin,041,260295,12348,12079,144,12223,183
2021-01-28,Mariposa,043,17540,355,334,3,337,4
2021-01-28,Mendocino,045,87422,3289,3110,59,3169,36
2021-01-28,Merced,047,269075,26215,25620,739,26359,328
2021-01-28,Modoc,049,8938,313,297,101,398,0
2021-01-28,Mono,051,14174,1127,1131,12,1143,3
2021-01-28,Monterey,053,433212,39416,38312,1436,39748,274
2021-01-28,Napa,055,140530,8477,8233,32,8265,50
2021-01-28,Nevada,057,99092,3638,3452,145,3597,19
2021-01-28,Orange,059,3164182,233936,228636,9751,238387,2860
2021-01-28,Placer,061,380077,19252,18246,1021,19267,198
2021-01-28,Plumas,063,18699,616,547,11,558,2
2021-01-28,Riverside,065,2383286,270281,262342,13422,275764,2981
2021-01-28,Sacramento,067,1510023,87521,85698,1090,86788,1149
2021-01-28,San Benito,069,59416,5421,5344,74,5418,47
2021-01-28,San Bernardino,071,2135413,275040,266456,8126,274582,2057
2021-01-28,San Diego,073,3302833,246158,232967,11542,244509,2534
2021-01-28,San Francisco,075,870044,31654,31193,925,32118,290
2021-01-28,San Joaquin,077,732212,62339,60627,2607,63234,854
2021-01-28,San Luis Obispo,079,281455,17905,17279,489,17768,189
2021-01-28,San Mateo,081,765935,36812,34931,350,35281,218
2021-01-28,Santa Barbara,083,443738,29389,27674,983,28657,284
2021-01-28,Santa Clara,085,1922200,102083,100470,481,100951,1219
2021-01-28,Santa Cruz,087,273765,14309,13188,740,13928,145
2021-01-28,Shasta,089,179085,10342,10176,1113,11289,110
2021-01-28,Sierra,091,2930,46,43,14,57,0
2021-01-28,Siskiyou,093,43540,1318,1218,211,1429,4
2021-01-28,Solano,095,438530,27956,27163,325,27488,114
2021-01-28,Sonoma,097,501317,26018,25564,137,25701,236
2021-01-28,Stanislaus,099,539301,46645,45162,4993,50155,640
2021-01-28,Sutter,101,95872,8325,8136,82,8218,85
2021-01-28,Tehama,103,63373,4289,4163,484,4647,20
2021-01-28,Trinity,105,12862,329,260,39,299,3
2021-01-28,Tulare,107,460477,45065,43742,7080,50822,595
2021-01-28,Tuolumne,109,53932,3530,3472,28,3500,32
2021-01-28,Ventura,111,848112,70813,68896,2607,71503,475
2021-01-28,Yolo,113,214977,12087,11500,171,11671,151
2021-01-28,Yuba,115,75493,5126,4994,75,5069,32
2021-01-27,Alameda,001,1643700,74150,72188,1646,73834,815
2021-01-27,Alpine,003,1148,74,72,0,72,0
2021-01-27,Amador,005,37829,3225,3116,25,3141,31
2021-01-27,Butte,007,227075,10563,9988,1532,11520,138
2021-01-27,Calaveras,009,45235,1754,1737,10,1747,21
2021-01-27,Colusa,011,21464,1755,1724,209,1933,8
2021-01-27,Contra Costa,013,1133247,57898,55578,1019,56597,507
2021-01-27,Del Norte,015,27424,866,859,0,859,2
2021-01-27,El Dorado,017,186661,8508,8141,588,8729,76
2021-01-27,Fresno,019,978130,90235,86886,7127,94013,938
2021-01-27,Glenn,021,27897,2101,2042,445,2487,14
2021-01-27,Humboldt,023,135768,2791,2630,18,2648,24
2021-01-27,Imperial,025,180216,26392,25861,2522,28383,504
2021-01-27,Inyo,027,18085,1081,1023,1,1024,27
2021-01-27,Kern,029,883053,87269,84244,8695,92939,809
2021-01-27,Kings,031,150075,20820,20211,931,21142,167
2021-01-27,Lake,033,64148,2856,2750,1,2751,32
2021-01-27,Lassen,035,31185,4928,4851,91,4942,1
2021-01-27,Los Angeles,037,10098052,1109712,1066569,38035,1104604,15757
2021-01-27,Madera,039,155013,14635,14194,730,14924,86
2021-01-27,Marin,041,260295,12311,12028,143,12171,180
2021-01-27,Mariposa,043,17540,355,333,3,336,4
2021-01-27,Mendocino,045,87422,3269,3095,59,3154,36
2021-01-27,Merced,047,269075,26056,25439,728,26167,315
2021-01-27,Modoc,049,8938,313,297,98,395,0
2021-01-27,Mono,051,14174,1125,1131,12,1143,3
2021-01-27,Monterey,053,433212,39214,38139,1417,39556,268
2021-01-27,Napa,055,140530,8405,8187,32,8219,46
2021-01-27,Nevada,057,99092,3616,3431,145,3576,18
2021-01-27,Orange,059,3164182,232814,227110,9696,236806,2832
2021-01-27,Placer,061,380077,19181,18106,1010,19116,198
2021-01-27,Plumas,063,18699,616,544,11,555,2
2021-01-27,Riverside,065,2383286,269110,260796,13369,274165,2931
2021-01-27,Sacramento,067,1510023,87155,85428,1079,86507,1142
2021-01-27,San Benito,069,59416,5406,5284,74,5358,47
2021-01-27,San Bernardino,071,2135413,274190,265153,8097,273250,2019
2021-01-27,San Diego,073,3302833,244829,231478,11437,242915,2465
2021-01-27,San Francisco,075,870044,31512,31082,918,32000,287
2021-01-27,San Joaquin,077,732212,62070,60131,2583,62714,853
2021-01-27,San Luis Obispo,079,281455,17798,17119,485,17604,188
2021-01-27,San Mateo,081,765935,36659,34619,346,34965,216
2021-01-27,Santa Barbara,083,443738,29215,27435,977,28412,282
2021-01-27,Santa Clara,085,1922200,101680,99732,477,100209,1184
2021-01-27,Santa Cruz,087,273765,14239,13111,737,13848,143
2021-01-27,Shasta,089,179085,10308,10106,1107,11213,105
2021-01-27,Sierra,091,2930,46,44,14,58,0
2021-01-27,Siskiyou,093,43540,1312,1214,208,1422,4
2021-01-27,Solano,095,438530,27779,26982,318,27300,112
2021-01-27,Sonoma,097,501317,25920,25361,137,25498,237
2021-01-27,Stanislaus,099,539301,46460,44874,4965,49839,624
2021-01-27,Sutter,101,95872,8282,8093,82,8175,83
2021-01-27,Tehama,103,63373,4264,4133,480,4613,20
2021-01-27,Trinity,105,12862,329,260,39,299,3
2021-01-27,Tulare,107,460477,44880,43462,7005,50467,583
2021-01-27,Tuolumne,109,53932,3520,3464,28,3492,32
2021-01-27,Ventura,111,848112,70340,68291,2582,70873,468
2021-01-27,Yolo,113,214977,12040,11427,167,11594,151
2021-01-27,Yuba,115,75493,5110,4968,75,5043,32
2021-01-26,Alameda,001,1643700,73767,71851,1628,73479,789
2021-01-26,Alpine,003,1148,74,72,0,72,0
2021-01-26,Amador,005,37829,3214,3113,25,3138,31
2021-01-26,Butte,007,227075,10521,9943,1526,11469,136
2021-01-26,Calaveras,009,45235,1745,1723,10,1733,21
2021-01-26,Colusa,011,21464,1748,1719,206,1925,8
2021-01-26,Contra Costa,013,1133247,57617,55337,1011,56348,491
2021-01-26,Del Norte,015,27424,865,856,0,856,2
2021-01-26,El Dorado,017,186661,8483,8115,585,8700,71
2021-01-26,Fresno,019,978130,89879,86673,7082,93755,923
2021-01-26,Glenn,021,27897,2091,2034,441,2475,13
2021-01-26,Humboldt,023,135768,2769,2612,17,2629,24
2021-01-26,Imperial,025,180216,26322,25812,2507,28319,498
2021-01-26,Inyo,027,18085,1074,1018,1,1019,27
2021-01-26,Kern,029,883053,86844,83868,8616,92484,790
2021-01-26,Kings,031,150075,20762,20156,926,21082,159
2021-01-26,Lake,033,64148,2847,2748,1,2749,32
2021-01-26,Lassen,035,31185,4922,4844,91,4935,1
2021-01-26,Los Angeles,037,10098052,1104465,1060492,37818,1098310,15458
2021-01-26,Madera,039,155013,14578,14130,724,14854,86
2021-01-26,Marin,041,260295,12266,11993,141,12134,179
2021-01-26,Mariposa,043,17540,353,332,3,335,3
2021-01-26,Mendocino,045,87422,3243,3076,58,3134,36
2021-01-26,Merced,047,269075,25916,25359,721,26080,309
2021-01-26,Modoc,049,8938,306,291,97,388,0
2021-01-26,Mono,051,14174,1124,1120,12,1132,3
2021-01-26,Monterey,053,433212,39016,37963,1396,39359,255
2021-01-26,Napa,055,140530,8348,8145,32,8177,43
2021-01-26,Nevada,057,99092,3609,3410,144,3554,18
2021-01-26,Orange,059,3164182,231686,225987,9651,235638,2760
2021-01-26,Placer,061,380077,19107,18016,1008,19024,193
2021-01-26,Plumas,063,18699,614,536,11,547,2
2021-01-26,Riverside,065,2383286,267779,259399,13307,272706,2898
2021-01-26,Sacramento,067,1510023,86801,85062,1072,86134,1127
2021-01-26,San Benito,069,59416,5392,5251,73,5324,45
2021-01-26,San Bernardino,071,2135413,273202,263736,8052,271788,1970
2021-01-26,San Diego,073,3302833,243338,230063,11336,241399,2421
2021-01-26,San Francisco,075,870044,31382,30874,897,31771,286
2021-01-26,San Joaquin,077,732212,61816,59889,2566,62455,847
2021-01-26,San Luis Obispo,079,281455,17717,17016,482,17498,186
2021-01-26,San Mateo,081,765935,36464,34441,335,34776,213
2021-01-26,Santa Barbara,083,443738,29043,27321,965,28286,273
2021-01-26,Santa Clara,085,1922200,101204,99215,472,99687,1171
2021-01-26,Santa Cruz,087,273765,14174,13045,731,13776,134
2021-01-26,Shasta,089,179085,10273,10036,1099,11135,103
2021-01-26,Sierra,091,2930,46,43,14,57,0
2021-01-26,Siskiyou,093,43540,1298,1208,206,1414,4
2021-01-26,Solano,095,438530,27623,26858,312,27170,110
2021-01-26,Sonoma,097,501317,25799,25273,135,25408,236
2021-01-26,Stanislaus,099,539301,46277,44703,4922,49625,599
2021-01-26,Sutter,101,95872,8240,8067,82,8149,83
2021-01-26,Tehama,103,63373,4233,4115,480,4595,20
2021-01-26,Trinity,105,12862,329,260,39,299,3
2021-01-26,Tulare,107,460477,44679,43394,6933,50327,579
2021-01-26,Tuolumne,109,53932,3510,3451,28,3479,30
2021-01-26,Ventura,111,848112,69809,67526,2555,70081,448
2021-01-26,Yolo,113,214977,11995,11361,164,11525,148
2021-01-26,Yuba,115,75493,5085,4944,73,5017,31
2021-01-25,Alameda,001,1643700,73327,71255,1618,72873,780
2021-01-25,Alpine,003,1148,74,72,0,72,0
2021-01-25,Amador,005,37829,3174,3074,25,3099,30
2021-01-25,Butte,007,227075,10455,9865,1518,11383,133
2021-01-25,Calaveras,009,45235,1730,1713,10,1723,21
2021-01-25,Colusa,011,21464,1736,1709,202,1911,8
2021-01-25,Contra Costa,013,1133247,57255,54989,1004,55993,488
2021-01-25,Del Norte,015,27424,864,855,0,855,2
2021-01-25,El Dorado,017,186661,8459,8060,585,8645,66
2021-01-25,Fresno,019,978130,89510,86336,7049,93385,913
2021-01-25,Glenn,021,27897,2080,2028,441,2469,13
2021-01-25,Humboldt,023,135768,2735,2587,17,2604,24
2021-01-25,Imperial,025,180216,26272,25745,2498,28243,491
2021-01-25,Inyo,027,18085,1068,1015,1,1016,27
2021-01-25,Kern,029,883053,86453,83401,8523,91924,787
2021-01-25,Kings,031,150075,20642,20067,922,20989,159
2021-01-25,Lake,033,64148,2828,2729,1,2730,32
2021-01-25,Lassen,035,31185,4896,4835,91,4926,1
2021-01-25,Los Angeles,037,10098052,1098542,1055181,37584,1092765,15163
2021-01-25,Madera,039,155013,14524,14068,720,14788,86
2021-01-25,Marin,041,260295,12213,11923,137,12060,177
2021-01-25,Mariposa,043,17540,350,331,3,334,3
2021-01-25,Mendocino,045,87422,3232,3054,58,3112,35
2021-01-25,Merced,047,269075,25777,25181,712,25893,305
2021-01-25,Modoc,049,8938,305,288,93,381,0
2021-01-25,Mono,051,14174,1121,1114,11,1125,3
2021-01-25,Monterey,053,433212,38759,37726,1375,39101,255
2021-01-25,Napa,055,140530,8314,8057,31,8088,43
2021-01-25,Nevada,057,99092,3595,3365,144,3509,18
2021-01-25,Orange,059,3164182,230485,225105,9610,234715,2696
2021-01-25,Placer,061,380077,19014,17936,993,18929,193
2021-01-25,Plumas,063,18699,611,533,11,544,2
2021-01-25,Riverside,065,2383286,266100,258082,13252,271334,2789
2021-01-25,Sacramento,067,1510023,86349,84653,1064,85717,1118
2021-01-25,San Benito,069,59416,5355,5238,72,5310,43
2021-01-25,San Bernardino,071,2135413,272252,263174,8014,271188,1947
2021-01-25,San Diego,073,3302833,241729,228630,11265,239895,2375
2021-01-25,San Francisco,075,870044,31234,30734,874,31608,288
2021-01-25,San Joaquin,077,732212,61522,59291,2536,61827,838
2021-01-25,San Luis Obispo,079,281455,17582,16868,477,17345,179
2021-01-25,San Mateo,081,765935,36230,34187,328,34515,213
2021-01-25,Santa Barbara,083,443738,28813,27065,954,28019,269
2021-01-25,Santa Clara,085,1922200,100633,98647,464,99111,1143
2021-01-25,Santa Cruz,087,273765,14087,12973,725,13698,133
2021-01-25,Shasta,089,179085,10232,9991,1088,11079,103
2021-01-25,Sierra,091,2930,46,42,14,56,0
2021-01-25,Siskiyou,093,43540,1290,1205,203,1408,4
2021-01-25,Solano,095,438530,27454,26648,311,26959,109
2021-01-25,Sonoma,097,501317,25688,25160,133,25293,233
2021-01-25,Stanislaus,099,539301,46034,44293,4879,49172,599
2021-01-25,Sutter,101,95872,8197,8023,82,8105,83
2021-01-25,Tehama,103,63373,4205,4082,476,4558,20
2021-01-25,Trinity,105,12862,329,262,39,301,3
2021-01-25,Tulare,107,460477,44465,43124,6826,49950,578
2021-01-25,Tuolumne,109,53932,3501,3422,28,3450,29
2021-01-25,Ventura,111,848112,69166,66910,2537,69447,439
2021-01-25,Yolo,113,214977,11908,11276,162,11438,140
2021-01-25,Yuba,115,75493,5061,4900,71,4971,31
2021-01-24,Alameda,001,1643700,72820,70823,1606,72429,780
2021-01-24,Alpine,003,1148,74,72,0,72,0
2021-01-24,Amador,005,37829,3141,3054,25,3079,30
2021-01-24,Butte,007,227075,10371,9820,1499,11319,133
2021-01-24,Calaveras,009,45235,1717,1704,10,1714,21
2021-01-24,Colusa,011,21464,1725,1689,196,1885,8
2021-01-24,Contra Costa,013,1133247,56866,54694,991,55685,488
2021-01-24,Del Norte,015,27424,859,855,0,855,2
2021-01-24,El Dorado,017,186661,8425,8003,581,8584,66
2021-01-24,Fresno,019,978130,89073,85808,7009,92817,911
2021-01-24,Glenn,021,27897,2073,2026,439,2465,13
2021-01-24,Humboldt,023,135768,2696,2562,17,2579,24
2021-01-24,Imperial,025,180216,26178,25707,2469,28176,488
2021-01-24,Inyo,027,18085,1052,1007,1,1008,27
2021-01-24,Kern,029,883053,86014,83125,8410,91535,785
2021-01-24,Kings,031,150075,20516,19988,904,20892,159
2021-01-24,Lake,033,64148,2810,2724,0,2724,32
2021-01-24,Lassen,035,31185,4885,4828,88,4916,1
2021-01-24,Los Angeles,037,10098052,1092182,1048757,37264,1086021,15119
2021-01-24,Madera,039,155013,14432,14000,714,14714,86
2021-01-24,Marin,041,260295,12147,11872,135,12007,177
2021-01-24,Mariposa,043,17540,346,322,3,325,3
2021-01-24,Mendocino,045,87422,3211,3037,57,3094,33
2021-01-24,Merced,047,269075,25564,25047,704,25751,305
2021-01-24,Modoc,049,8938,305,285,93,378,0
2021-01-24,Mono,051,14174,1114,1113,11,1124,3
2021-01-24,Monterey,053,433212,38487,37527,1342,38869,254
2021-01-24,Napa,055,140530,8272,8005,31,8036,43
2021-01-24,Nevada,057,99092,3553,3349,142,3491,18
2021-01-24,Orange,059,3164182,229057,223853,9544,233397,2632
2021-01-24,Placer,061,380077,18903,17839,972,18811,193
2021-01-24,Plumas,063,18699,608,532,11,543,2
2021-01-24,Riverside,065,2383286,264500,256767,13173,269940,2761
2021-01-24,Sacramento,067,1510023,85775,84110,1057,85167,1112
2021-01-24,San Benito,069,59416,5313,5223,69,5292,43
2021-01-24,San Bernardino,071,2135413,270933,262370,7956,270326,1935
2021-01-24,San Diego,073,3302833,240039,227193,11133,238326,2375
2021-01-24,San Francisco,075,870044,31045,30559,851,31410,275
2021-01-24,San Joaquin,077,732212,61098,59021,2520,61541,838
2021-01-24,San Luis Obispo,079,281455,17461,16758,474,17232,179
2021-01-24,San Mateo,081,765935,35986,33956,323,34279,213
2021-01-24,Santa Barbara,083,443738,28500,26735,944,27679,269
2021-01-24,Santa Clara,085,1922200,99981,98103,460,98563,1109
2021-01-24,Santa Cruz,087,273765,14002,12905,716,13621,133
2021-01-24,Shasta,089,179085,10161,9978,1079,11057,103
2021-01-24,Sierra,091,2930,45,42,14,56,0
2021-01-24,Siskiyou,093,43540,1283,1195,203,1398,4
2021-01-24,Solano,095,438530,27266,26515,307,26822,109
2021-01-24,Sonoma,097,501317,25498,25045,132,25177,233
2021-01-24,Stanislaus,099,539301,45724,44031,4820,48851,599
2021-01-24,Sutter,101,95872,8129,7980,81,8061,83
2021-01-24,Tehama,103,63373,4165,4062,468,4530,20
2021-01-24,Trinity,105,12862,329,262,39,301,3
2021-01-24,Tulare,107,460477,44253,43006,6727,49733,577
2021-01-24,Tuolumne,109,53932,3491,3416,28,3444,29
2021-01-24,Ventura,111,848112,68450,66347,2512,68859,439
2021-01-24,Yolo,113,214977,11823,11210,158,11368,140
2021-01-24,Yuba,115,75493,5021,4875,70,4945,31
2021-01-23,Alameda,001,1643700,72577,70080,1597,71677,780
2021-01-23,Alpine,003,1148,74,72,0,72,0
2021-01-23,Amador,005,37829,3138,3049,25,3074,30
2021-01-23,Butte,007,227075,10341,9757,1494,11251,133
2021-01-23,Calaveras,009,45235,1715,1695,10,1705,21
2021-01-23,Colusa,011,21464,1721,1672,195,1867,8
2021-01-23,Contra Costa,013,1133247,56655,54162,983,55145,487
2021-01-23,Del Norte,015,27424,858,855,0,855,2
2021-01-23,El Dorado,017,186661,8409,7984,579,8563,66
2021-01-23,Fresno,019,978130,88890,85274,6978,92252,910
2021-01-23,Glenn,021,27897,2070,2015,435,2450,13
2021-01-23,Humboldt,023,135768,2677,2493,16,2509,23
2021-01-23,Imperial,025,180216,26147,25581,2460,28041,487
2021-01-23,Inyo,027,18085,1043,987,1,988,27
2021-01-23,Kern,029,883053,85772,82602,8334,90936,783
2021-01-23,Kings,031,150075,20472,19904,902,20806,159
2021-01-23,Lake,033,64148,2802,2673,0,2673,32
2021-01-23,Lassen,035,31185,4884,4816,85,4901,1
2021-01-23,Los Angeles,037,10098052,1088984,1040961,37095,1078056,15034
2021-01-23,Madera,039,155013,14396,13858,712,14570,86
2021-01-23,Marin,041,260295,12091,11796,133,11929,177
2021-01-23,Mariposa,043,17540,346,323,3,326,3
2021-01-23,Mendocino,045,87422,3197,2991,57,3048,32
2021-01-23,Merced,047,269075,25472,24787,690,25477,303
2021-01-23,Modoc,049,8938,305,285,93,378,0
2021-01-23,Mono,051,14174,1112,1111,11,1122,3
2021-01-23,Monterey,053,433212,38405,37165,1337,38502,253
2021-01-23,Napa,055,140530,8247,7893,31,7924,43
2021-01-23,Nevada,057,99092,3542,3332,141,3473,18
2021-01-23,Orange,059,3164182,228290,221722,9501,231223,2618
2021-01-23,Placer,061,380077,18854,17617,967,18584,193
2021-01-23,Plumas,063,18699,607,528,11,539,2
2021-01-23,Riverside,065,2383286,263626,253636,13117,266753,2733
2021-01-23,Sacramento,067,1510023,85548,83408,1054,84462,1108
2021-01-23,San Benito,069,59416,5289,5166,68,5234,43
2021-01-23,San Bernardino,071,2135413,270391,260381,7922,268303,1922
2021-01-23,San Diego,073,3302833,238981,225556,11061,236617,2344
2021-01-23,San Francisco,075,870044,30940,30308,821,31129,268
2021-01-23,San Joaquin,077,732212,60976,58164,2508,60672,836
2021-01-23,San Luis Obispo,079,281455,17398,16652,471,17123,176
2021-01-23,San Mateo,081,765935,35809,33696,312,34008,213
2021-01-23,Santa Barbara,083,443738,28319,26234,935,27169,264
2021-01-23,Santa Clara,085,1922200,99626,97189,459,97648,1086
2021-01-23,Santa Cruz,087,273765,13944,12771,713,13484,127
2021-01-23,Shasta,089,179085,10131,9951,1078,11029,103
2021-01-23,Sierra,091,2930,45,41,14,55,0
2021-01-23,Siskiyou,093,43540,1273,1190,202,1392,4
2021-01-23,Solano,095,438530,27172,26261,305,26566,107
2021-01-23,Sonoma,097,501317,25422,24790,132,24922,232
2021-01-23,Stanislaus,099,539301,45562,43723,4790,48513,599
2021-01-23,Sutter,101,95872,8111,7943,80,8023,80
2021-01-23,Tehama,103,63373,4146,4006,467,4473,20
2021-01-23,Trinity,105,12862,329,262,39,301,3
2021-01-23,Tulare,107,460477,44105,42661,6662,49323,575
2021-01-23,Tuolumne,109,53932,3484,3407,28,3435,29
2021-01-23,Ventura,111,848112,68004,65581,2487,68068,438
2021-01-23,Yolo,113,214977,11781,11087,154,11241,141
2021-01-23,Yuba,115,75493,5010,4831,68,4899,30
2021-01-22,Alameda,001,1643700,72251,69693,1591,71284,751
2021-01-22,Alpine,003,1148,74,71,0,71,0
2021-01-22,Amador,005,37829,3133,3042,25,3067,30
2021-01-22,Butte,007,227075,10292,9711,1481,11192,133
2021-01-22,Calaveras,009,45235,1708,1672,10,1682,21
2021-01-22,Colusa,011,21464,1719,1668,195,1863,7
2021-01-22,Contra Costa,013,1133247,56415,53887,977,54864,485
2021-01-22,Del Norte,015,27424,857,852,0,852,2
2021-01-22,El Dorado,017,186661,8376,7877,576,8453,64
2021-01-22,Fresno,019,978130,88553,84744,6947,91691,892
2021-01-22,Glenn,021,27897,2066,1985,430,2415,13
2021-01-22,Humboldt,023,135768,2653,2452,16,2468,23
2021-01-22,Imperial,025,180216,26112,25562,2445,28007,474
2021-01-22,Inyo,027,18085,1032,961,1,962,26
2021-01-22,Kern,029,883053,85476,82101,8259,90360,771
2021-01-22,Kings,031,150075,20396,19760,898,20658,159
2021-01-22,Lake,033,64148,2790,2681,0,2681,32
2021-01-22,Lassen,035,31185,4876,4765,84,4849,1
2021-01-22,Los Angeles,037,10098052,1084552,1031177,36894,1068071,14777
2021-01-22,Madera,039,155013,14335,13781,711,14492,86
2021-01-22,Marin,041,260295,12054,11769,131,11900,177
2021-01-22,Mariposa,043,17540,346,323,3,326,3
2021-01-22,Mendocino,045,87422,3172,2994,56,3050,32
2021-01-22,Merced,047,269075,25349,24616,682,25298,290
2021-01-22,Modoc,049,8938,305,285,93,378,0
2021-01-22,Mono,051,14174,1112,1108,11,1119,3
2021-01-22,Monterey,053,433212,38251,36909,1331,38240,253
2021-01-22,Napa,055,140530,8201,7828,31,7859,40
2021-01-22,Nevada,057,99092,3517,3296,140,3436,18
2021-01-22,Orange,059,3164182,227343,220384,9452,229836,2542
2021-01-22,Placer,061,380077,18799,17636,952,18588,193
2021-01-22,Plumas,063,18699,605,522,11,533,2
2021-01-22,Riverside,065,2383286,262503,252440,13049,265489,2710
2021-01-22,Sacramento,067,1510023,85218,82861,1046,83907,1094
2021-01-22,San Benito,069,59416,5264,5143,68,5211,43
2021-01-22,San Bernardino,071,2135413,269569,259121,7887,267008,1849
2021-01-22,San Diego,073,3302833,237742,222576,10996,233572,2301
2021-01-22,San Francisco,075,870044,30829,30027,800,30827,266
2021-01-22,San Joaquin,077,732212,60794,58485,2495,60980,812
2021-01-22,San Luis Obispo,079,281455,17309,16336,468,16804,172
2021-01-22,San Mateo,081,765935,35589,33401,309,33710,211
2021-01-22,Santa Barbara,083,443738,28119,25989,924,26913,256
2021-01-22,Santa Clara,085,1922200,99186,96435,456,96891,1062
2021-01-22,Santa Cruz,087,273765,13887,12687,708,13395,123
2021-01-22,Shasta,089,179085,10112,9866,1076,10942,103
2021-01-22,Sierra,091,2930,45,40,14,54,0
2021-01-22,Siskiyou,093,43540,1269,1182,200,1382,4
2021-01-22,Solano,095,438530,27083,26048,303,26351,107
2021-01-22,Sonoma,097,501317,25343,24659,132,24791,232
2021-01-22,Stanislaus,099,539301,45407,43489,4753,48242,599
2021-01-22,Sutter,101,95872,8085,7878,80,7958,80
2021-01-22,Tehama,103,63373,4127,3993,466,4459,19
2021-01-22,Trinity,105,12862,328,263,39,302,3
2021-01-22,Tulare,107,460477,43928,42307,6589,48896,573
2021-01-22,Tuolumne,109,53932,3455,3379,28,3407,29
2021-01-22,Ventura,111,848112,67498,64404,2470,66874,426
2021-01-22,Yolo,113,214977,11747,11014,146,11160,141
2021-01-22,Yuba,115,75493,4986,4789,66,4855,29
2021-01-21,Alameda,001,1643700,71810,69314,1574,70888,739
2021-01-21,Alpine,003,1148,74,71,0,71,0
2021-01-21,Amador,005,37829,3111,3038,25,3063,29
2021-01-21,Butte,007,227075,10221,9643,1474,11117,130
2021-01-21,Calaveras,009,45235,1699,1647,10,1657,21
2021-01-21,Colusa,011,21464,1712,1662,192,1854,7
2021-01-21,Contra Costa,013,1133247,56002,53595,963,54558,478
2021-01-21,Del Norte,015,27424,855,850,0,850,2
2021-01-21,El Dorado,017,186661,8327,7823,573,8396,58
2021-01-21,Fresno,019,978130,88149,84137,6907,91044,889
2021-01-21,Glenn,021,27897,2057,1964,426,2390,13
2021-01-21,Humboldt,023,135768,2631,2423,16,2439,23
2021-01-21,Imperial,025,180216,26022,25509,2428,27937,463
2021-01-21,Inyo,027,18085,1023,946,1,947,26
2021-01-21,Kern,029,883053,85064,81328,8138,89466,769
2021-01-21,Kings,031,150075,20326,19633,879,20512,158
2021-01-21,Lake,033,64148,2774,2669,0,2669,32
2021-01-21,Lassen,035,31185,4870,4763,84,4847,1
2021-01-21,Los Angeles,037,10098052,1077923,1023055,36556,1059611,14537
2021-01-21,Madera,039,155013,14268,13664,703,14367,86
2021-01-21,Marin,041,260295,11997,11732,129,11861,173
2021-01-21,Mariposa,043,17540,342,322,3,325,3
2021-01-21,Mendocino,045,87422,3149,2967,54,3021,32
2021-01-21,Merced,047,269075,25194,24426,676,25102,245
2021-01-21,Modoc,049,8938,302,284,92,376,0
2021-01-21,Mono,051,14174,1107,1104,11,1115,3
2021-01-21,Monterey,053,433212,37971,36149,1320,37469,253
2021-01-21,Napa,055,140530,8137,7774,31,7805,40
2021-01-21,Nevada,057,99092,3488,3274,139,3413,18
2021-01-21,Orange,059,3164182,225967,218867,9395,228262,2540
2021-01-21,Placer,061,380077,18715,17553,948,18501,190
2021-01-21,Plumas,063,18699,601,518,11,529,2
2021-01-21,Riverside,065,2383286,260788,251007,12967,263974,2676
2021-01-21,Sacramento,067,1510023,84739,82303,1026,83329,1084
2021-01-21,San Benito,069,59416,5231,5100,62,5162,43
2021-01-21,San Bernardino,071,2135413,268221,257754,7819,265573,1832
2021-01-21,San Diego,073,3302833,235967,219729,10889,230618,2222
2021-01-21,San Francisco,075,870044,30653,29801,766,30567,266
2021-01-21,San Joaquin,077,732212,60485,58270,2474,60744,806
2021-01-21,San Luis Obispo,079,281455,17223,16153,460,16613,169
2021-01-21,San Mateo,081,765935,35343,33156,295,33451,210
2021-01-21,Santa Barbara,083,443738,27836,25654,910,26564,253
2021-01-21,Santa Clara,085,1922200,98564,96028,448,96476,1062
2021-01-21,Santa Cruz,087,273765,13803,12548,698,13246,119
2021-01-21,Shasta,089,179085,10070,9795,1059,10854,98
2021-01-21,Sierra,091,2930,45,40,14,54,0
2021-01-21,Siskiyou,093,43540,1266,1178,197,1375,4
2021-01-21,Solano,095,438530,26902,25885,299,26184,106
2021-01-21,Sonoma,097,501317,25201,24440,130,24570,230
2021-01-21,Stanislaus,099,539301,45103,43223,4707,47930,599
2021-01-21,Sutter,101,95872,8051,7822,80,7902,80
2021-01-21,Tehama,103,63373,4092,3938,466,4404,19
2021-01-21,Trinity,105,12862,328,261,39,300,3
2021-01-21,Tulare,107,460477,43723,42082,6507,48589,569
2021-01-21,Tuolumne,109,53932,3445,3365,28,3393,29
2021-01-21,Ventura,111,848112,66806,63995,2448,66443,420
2021-01-21,Yolo,113,214977,11656,10940,138,11078,141
2021-01-21,Yuba,115,75493,4954,4757,65,4822,29
2021-01-20,Alameda,001,1643700,71288,68785,1559,70344,702
2021-01-20,Alpine,003,1148,74,71,0,71,0
2021-01-20,Amador,005,37829,3080,3036,25,3061,29
2021-01-20,Butte,007,227075,10164,9582,1463,11045,130
2021-01-20,Calaveras,009,45235,1679,1637,9,1646,21
2021-01-20,Colusa,011,21464,1696,1630,187,1817,7
2021-01-20,Contra Costa,013,1133247,55547,53108,957,54065,461
2021-01-20,Del Norte,015,27424,854,848,0,848,2
2021-01-20,El Dorado,017,186661,8281,7785,569,8354,53
2021-01-20,Fresno,019,978130,87728,83591,6854,90445,872
2021-01-20,Glenn,021,27897,2039,1955,423,2378,13
2021-01-20,Humboldt,023,135768,2588,2390,16,2406,22
2021-01-20,Imperial,025,180216,25954,25380,2390,27770,461
2021-01-20,Inyo,027,18085,1013,901,1,902,26
2021-01-20,Kern,029,883053,84614,80701,8031,88732,754
2021-01-20,Kings,031,150075,20237,19522,870,20392,146
2021-01-20,Lake,033,64148,2751,2646,0,2646,31
2021-01-20,Lassen,035,31185,4862,4758,82,4840,1
2021-01-20,Los Angeles,037,10098052,1070454,1015608,36261,1051869,14299
2021-01-20,Madera,039,155013,14203,13585,698,14283,86
2021-01-20,Marin,041,260295,11943,11684,127,11811,171
2021-01-20,Mariposa,043,17540,340,322,3,325,3
2021-01-20,Mendocino,045,87422,3134,2957,54,3011,32
2021-01-20,Merced,047,269075,25020,24220,655,24875,243
2021-01-20,Modoc,049,8938,301,282,92,374,0
2021-01-20,Mono,051,14174,1100,1105,10,1115,3
2021-01-20,Monterey,053,433212,37655,35960,1297,37257,249
2021-01-20,Napa,055,140530,8068,7731,30,7761,40
2021-01-20,Nevada,057,99092,3456,3238,139,3377,18
2021-01-20,Orange,059,3164182,224430,216893,9329,226222,2500
2021-01-20,Placer,061,380077,18612,17455,929,18384,186
2021-01-20,Plumas,063,18699,599,512,11,523,2
2021-01-20,Riverside,065,2383286,258780,248686,12879,261565,2615
2021-01-20,Sacramento,067,1510023,84174,81687,1015,82702,1072
2021-01-20,San Benito,069,59416,5201,5036,61,5097,35
2021-01-20,San Bernardino,071,2135413,266862,255921,7766,263687,1801
2021-01-20,San Diego,073,3302833,234114,218553,10787,229340,2174
2021-01-20,San Francisco,075,870044,30457,29665,745,30410,262
2021-01-20,San Joaquin,077,732212,60082,58025,2465,60490,783
2021-01-20,San Luis Obispo,079,281455,17041,15936,451,16387,164
2021-01-20,San Mateo,081,765935,35119,32929,294,33223,210
2021-01-20,Santa Barbara,083,443738,27522,25312,897,26209,248
2021-01-20,Santa Clara,085,1922200,97884,94995,447,95442,1040
2021-01-20,Santa Cruz,087,273765,13697,12460,684,13144,107
2021-01-20,Shasta,089,179085,10018,9697,1048,10745,98
2021-01-20,Sierra,091,2930,45,40,14,54,0
2021-01-20,Siskiyou,093,43540,1260,1163,196,1359,4
2021-01-20,Solano,095,438530,26708,25659,295,25954,106
2021-01-20,Sonoma,097,501317,25054,24262,128,24390,223
2021-01-20,Stanislaus,099,539301,44813,42955,4660,47615,585
2021-01-20,Sutter,101,95872,7999,7772,78,7850,80
2021-01-20,Tehama,103,63373,4067,3892,465,4357,19
2021-01-20,Trinity,105,12862,328,260,39,299,3
2021-01-20,Tulare,107,460477,43471,41799,6408,48207,559
2021-01-20,Tuolumne,109,53932,3431,3355,27,3382,29
2021-01-20,Ventura,111,848112,65850,63413,2419,65832,395
2021-01-20,Yolo,113,214977,11585,10852,135,10987,141
2021-01-20,Yuba,115,75493,4927,4729,65,4794,29
2021-01-19,Alameda,001,1643700,70624,68434,1549,69983,680
2021-01-19,Alpine,003,1148,74,71,0,71,0
2021-01-19,Amador,005,37829,3071,3024,25,3049,28
2021-01-19,Butte,007,227075,10099,9528,1449,10977,129
2021-01-19,Calaveras,009,45235,1662,1621,8,1629,21
2021-01-19,Colusa,011,21464,1674,1617,179,1796,7
2021-01-19,Contra Costa,013,1133247,55051,52730,944,53674,448
2021-01-19,Del Norte,015,27424,853,843,0,843,2
2021-01-19,El Dorado,017,186661,8220,7743,561,8304,47
2021-01-19,Fresno,019,978130,87211,83200,6802,90002,857
2021-01-19,Glenn,021,27897,2028,1948,417,2365,13
2021-01-19,Humboldt,023,135768,2564,2359,13,2372,22
2021-01-19,Imperial,025,180216,25875,25333,2372,27705,452
2021-01-19,Inyo,027,18085,1006,891,1,892,26
2021-01-19,Kern,029,883053,84027,80272,7924,88196,742
2021-01-19,Kings,031,150075,20098,19375,858,20233,143
2021-01-19,Lake,033,64148,2737,2625,0,2625,31
2021-01-19,Lassen,035,31185,4855,4753,82,4835,1
2021-01-19,Los Angeles,037,10098052,1061810,1010375,35975,1046350,14014
2021-01-19,Madera,039,155013,14086,13528,690,14218,86
2021-01-19,Marin,041,260295,11885,11654,123,11777,169
2021-01-19,Mariposa,043,17540,340,322,3,325,3
2021-01-19,Mendocino,045,87422,3117,2930,54,2984,32
2021-01-19,Merced,047,269075,24806,24108,649,24757,242
2021-01-19,Modoc,049,8938,300,281,92,373,0
2021-01-19,Mono,051,14174,1099,1106,10,1116,3
2021-01-19,Monterey,053,433212,37328,35840,1273,37113,248
2021-01-19,Napa,055,140530,8009,7672,30,7702,38
2021-01-19,Nevada,057,99092,3438,3216,137,3353,18
2021-01-19,Orange,059,3164182,222693,215244,9260,224504,2468
2021-01-19,Placer,061,380077,18512,17348,919,18267,182
2021-01-19,Plumas,063,18699,592,509,11,520,2
2021-01-19,Riverside,065,2383286,256721,246248,12800,259048,2585
2021-01-19,Sacramento,067,1510023,83642,81183,995,82178,1053
2021-01-19,San Benito,069,59416,5155,4988,60,5048,35
2021-01-19,San Bernardino,071,2135413,265105,253651,7706,261357,1777
2021-01-19,San Diego,073,3302833,231695,216833,10690,227523,2109
2021-01-19,San Francisco,075,870044,30240,29502,712,30214,261
2021-01-19,San Joaquin,077,732212,59700,57655,2450,60105,782
2021-01-19,San Luis Obispo,079,281455,16778,15855,448,16303,161
2021-01-19,San Mateo,081,765935,34835,32730,282,33012,208
2021-01-19,Santa Barbara,083,443738,27142,24991,878,25869,236
2021-01-19,Santa Clara,085,1922200,97099,94483,445,94928,1010
2021-01-19,Santa Cruz,087,273765,13582,12410,674,13084,106
2021-01-19,Shasta,089,179085,9982,9614,1038,10652,93
2021-01-19,Sierra,091,2930,45,40,12,52,0
2021-01-19,Siskiyou,093,43540,1252,1149,195,1344,4
2021-01-19,Solano,095,438530,26461,25520,295,25815,106
2021-01-19,Sonoma,097,501317,24875,24133,126,24259,223
2021-01-19,Stanislaus,099,539301,44462,42723,4602,47325,561
2021-01-19,Sutter,101,95872,7948,7709,72,7781,80
2021-01-19,Tehama,103,63373,4033,3876,463,4339,19
2021-01-19,Trinity,105,12862,327,260,39,299,3
2021-01-19,Tulare,107,460477,43197,41559,6306,47865,549
2021-01-19,Tuolumne,109,53932,3404,3328,27,3355,29
2021-01-19,Ventura,111,848112,65173,62656,2392,65048,383
2021-01-19,Yolo,113,214977,11502,10789,135,10924,134
2021-01-19,Yuba,115,75493,4893,4695,64,4759,29
2021-01-18,Alameda,001,1643700,69942,67938,1531,69469,680
2021-01-18,Alpine,003,1148,74,71,0,71,0
2021-01-18,Amador,005,37829,3057,3016,25,3041,28
2021-01-18,Butte,007,227075,10012,9474,1436,10910,129
2021-01-18,Calaveras,009,45235,1640,1617,7,1624,21
2021-01-18,Colusa,011,21464,1657,1608,174,1782,7
2021-01-18,Contra Costa,013,1133247,54531,52323,936,53259,448
2021-01-18,Del Norte,015,27424,852,840,0,840,2
2021-01-18,El Dorado,017,186661,8151,7707,559,8266,47
2021-01-18,Fresno,019,978130,86602,82485,6733,89218,857
2021-01-18,Glenn,021,27897,2011,1935,413,2348,13
2021-01-18,Humboldt,023,135768,2526,2343,13,2356,22
2021-01-18,Imperial,025,180216,25807,25317,2345,27662,452
2021-01-18,Inyo,027,18085,994,872,1,873,26
2021-01-18,Kern,029,883053,83388,79930,7831,87761,740
2021-01-18,Kings,031,150075,19930,19267,845,20112,141
2021-01-18,Lake,033,64148,2719,2591,0,2591,30
2021-01-18,Lassen,035,31185,4819,4749,81,4830,1
2021-01-18,Los Angeles,037,10098052,1052333,1002614,35675,1038289,13828
2021-01-18,Madera,039,155013,13972,13443,682,14125,85
2021-01-18,Marin,041,260295,11835,11607,121,11728,165
2021-01-18,Mariposa,043,17540,337,320,2,322,3
2021-01-18,Mendocino,045,87422,3094,2919,54,2973,31
2021-01-18,Merced,047,269075,24562,23927,632,24559,242
2021-01-18,Modoc,049,8938,297,281,89,370,0
2021-01-18,Mono,051,14174,1096,1101,10,1111,3
2021-01-18,Monterey,053,433212,36855,35549,1255,36804,247
2021-01-18,Napa,055,140530,7935,7601,30,7631,38
2021-01-18,Nevada,057,99092,3400,3199,136,3335,17
2021-01-18,Orange,059,3164182,220784,213866,9200,223066,2405
2021-01-18,Placer,061,380077,18395,17263,909,18172,182
2021-01-18,Plumas,063,18699,588,506,11,517,2
2021-01-18,Riverside,065,2383286,254446,244151,12708,256859,2568
2021-01-18,Sacramento,067,1510023,82966,80546,979,81525,1046
2021-01-18,San Benito,069,59416,5104,4963,58,5021,35
2021-01-18,San Bernardino,071,2135413,263310,252808,7648,260456,1775
2021-01-18,San Diego,073,3302833,229053,214335,10561,224896,2103
2021-01-18,San Francisco,075,870044,30034,29321,688,30009,259
2021-01-18,San Joaquin,077,732212,59177,57405,2427,59832,782
2021-01-18,San Luis Obispo,079,281455,16591,15742,438,16180,158
2021-01-18,San Mateo,081,765935,34519,32515,263,32778,208
2021-01-18,Santa Barbara,083,443738,26769,24638,864,25502,235
2021-01-18,Santa Clara,085,1922200,96200,93688,441,94129,992
2021-01-18,Santa Cruz,087,273765,13450,12298,661,12959,106
2021-01-18,Shasta,089,179085,9944,9600,1026,10626,92
2021-01-18,Sierra,091,2930,44,40,12,52,0
2021-01-18,Siskiyou,093,43540,1240,1144,193,1337,4
2021-01-18,Solano,095,438530,26175,25344,290,25634,105
2021-01-18,Sonoma,097,501317,24604,24068,125,24193,223
2021-01-18,Stanislaus,099,539301,44105,42413,4552,46965,562
2021-01-18,Sutter,101,95872,7891,7680,69,7749,78
2021-01-18,Tehama,103,63373,3985,3854,456,4310,19
2021-01-18,Trinity,105,12862,327,260,39,299,3
2021-01-18,Tulare,107,460477,42911,41196,6187,47383,549
2021-01-18,Tuolumne,109,53932,3381,3318,26,3344,28
2021-01-18,Ventura,111,848112,64744,61859,2369,64228,379
2021-01-18,Yolo,113,214977,11369,10620,132,10752,134
2021-01-18,Yuba,115,75493,4865,4671,62,4733,29
2021-01-17,Alameda,001,1643700,69368,67375,1511,68886,676
2021-01-17,Alpine,003,1148,74,71,0,71,0
2021-01-17,Amador,005,37829,3050,3001,25,3026,28
2021-01-17,Butte,007,227075,9940,9411,1414,10825,129
2021-01-17,Calaveras,009,45235,1627,1608,7,1615,21
2021-01-17,Colusa,011,21464,1644,1588,168,1756,7
2021-01-17,Contra Costa,013,1133247,54039,51932,929,52861,447
2021-01-17,Del Norte,015,27424,852,838,0,838,2
2021-01-17,El Dorado,017,186661,8095,7659,546,8205,47
2021-01-17,Fresno,019,978130,86048,82039,6656,88695,857
2021-01-17,Glenn,021,27897,1999,1924,408,2332,9
2021-01-17,Humboldt,023,135768,2488,2322,11,2333,22
2021-01-17,Imperial,025,180216,25737,25253,2300,27553,451
2021-01-17,Inyo,027,18085,988,864,1,865,26
2021-01-17,Kern,029,883053,82840,79489,7745,87234,738
2021-01-17,Kings,031,150075,19794,19201,831,20032,131
2021-01-17,Lake,033,64148,2701,2572,0,2572,30
2021-01-17,Lassen,035,31185,4811,4740,80,4820,1
2021-01-17,Los Angeles,037,10098052,1045736,993028,35246,1028274,13741
2021-01-17,Madera,039,155013,13880,13328,676,14004,85
2021-01-17,Marin,041,260295,11783,11552,119,11671,164
2021-01-17,Mariposa,043,17540,337,319,2,321,3
2021-01-17,Mendocino,045,87422,3066,2912,53,2965,31
2021-01-17,Merced,047,269075,24345,23800,619,24419,242
2021-01-17,Modoc,049,8938,296,279,89,368,0
2021-01-17,Mono,051,14174,1090,1091,9,1100,3
2021-01-17,Monterey,053,433212,36623,35340,1230,36570,244
2021-01-17,Napa,055,140530,7879,7521,30,7551,38
2021-01-17,Nevada,057,99092,3375,3176,134,3310,17
2021-01-17,Orange,059,3164182,218788,212389,9121,221510,2359
2021-01-17,Placer,061,380077,18275,17194,893,18087,181
2021-01-17,Plumas,063,18699,587,505,10,515,2
2021-01-17,Riverside,065,2383286,252359,242206,12583,254789,2534
2021-01-17,Sacramento,067,1510023,82373,80154,965,81119,1045
2021-01-17,San Benito,069,59416,5066,4941,58,4999,35
2021-01-17,San Bernardino,071,2135413,261177,251487,7558,259045,1775
2021-01-17,San Diego,073,3302833,226860,211785,10455,222240,2103
2021-01-17,San Francisco,075,870044,29845,29139,649,29788,255
2021-01-17,San Joaquin,077,732212,58811,57094,2411,59505,780
2021-01-17,San Luis Obispo,079,281455,16469,15658,429,16087,157
2021-01-17,San Mateo,081,765935,34267,32186,238,32424,208
2021-01-17,Santa Barbara,083,443738,26322,24401,848,25249,235
2021-01-17,Santa Clara,085,1922200,95441,92752,439,93191,976
2021-01-17,Santa Cruz,087,273765,13338,12196,658,12854,106
2021-01-17,Shasta,089,179085,9886,9588,1018,10606,92
2021-01-17,Sierra,091,2930,44,38,11,49,0
2021-01-17,Siskiyou,093,43540,1233,1136,190,1326,4
2021-01-17,Solano,095,438530,25944,25216,288,25504,105
2021-01-17,Sonoma,097,501317,24447,23871,125,23996,223
2021-01-17,Stanislaus,099,539301,43788,42221,4500,46721,562
2021-01-17,Sutter,101,95872,7828,7604,67,7671,77
2021-01-17,Tehama,103,63373,3956,3837,451,4288,18
2021-01-17,Trinity,105,12862,327,261,39,300,3
2021-01-17,Tulare,107,460477,42626,41016,6059,47075,549
2021-01-17,Tuolumne,109,53932,3364,3287,26,3313,27
2021-01-17,Ventura,111,848112,63901,61257,2322,63579,376
2021-01-17,Yolo,113,214977,11268,10519,131,10650,134
2021-01-17,Yuba,115,75493,4814,4640,60,4700,28
2021-01-16,Alameda,001,1643700,69062,66583,1497,68080,673
2021-01-16,Alpine,003,1148,74,71,0,71,0
2021-01-16,Amador,005,37829,3047,2986,25,3011,28
2021-01-16,Butte,007,227075,9910,9359,1394,10753,129
2021-01-16,Calaveras,009,45235,1613,1596,7,1603,21
2021-01-16,Colusa,011,21464,1632,1578,168,1746,7
2021-01-16,Contra Costa,013,1133247,53779,51363,920,52283,443
2021-01-16,Del Norte,015,27424,847,833,0,833,2
2021-01-16,El Dorado,017,186661,8073,7575,545,8120,47
2021-01-16,Fresno,019,978130,85777,81294,6603,87897,846
2021-01-16,Glenn,021,27897,1995,1894,404,2298,9
2021-01-16,Humboldt,023,135768,2468,2294,9,2303,22
2021-01-16,Imperial,025,180216,25704,25140,2292,27432,451
2021-01-16,Inyo,027,18085,984,845,1,846,25
2021-01-16,Kern,029,883053,82477,78865,7689,86554,733
2021-01-16,Kings,031,150075,19738,19072,828,19900,131
2021-01-16,Lake,033,64148,2692,2504,0,2504,30
2021-01-16,Lassen,035,31185,4801,4719,80,4799,1
2021-01-16,Los Angeles,037,10098052,1041672,982684,34997,1017681,13654
2021-01-16,Madera,039,155013,13816,13193,672,13865,85
2021-01-16,Marin,041,260295,11740,11482,119,11601,164
2021-01-16,Mariposa,043,17540,336,317,2,319,3
2021-01-16,Mendocino,045,87422,3052,2890,51,2941,31
2021-01-16,Merced,047,269075,24256,23478,607,24085,242
2021-01-16,Modoc,049,8938,296,278,89,367,0
2021-01-16,Mono,051,14174,1089,1079,9,1088,3
2021-01-16,Monterey,053,433212,36526,34972,1212,36184,243
2021-01-16,Napa,055,140530,7840,7356,30,7386,39
2021-01-16,Nevada,057,99092,3342,3144,134,3278,17
2021-01-16,Orange,059,3164182,217754,210111,9061,219172,2312
2021-01-16,Placer,061,380077,18216,16995,891,17886,177
2021-01-16,Plumas,063,18699,585,502,10,512,2
2021-01-16,Riverside,065,2383286,251011,239412,12461,251873,2506
2021-01-16,Sacramento,067,1510023,82000,79122,947,80069,1033
2021-01-16,San Benito,069,59416,5030,4875,58,4933,35
2021-01-16,San Bernardino,071,2135413,260415,249401,7492,256893,1755
2021-01-16,San Diego,073,3302833,225564,209895,10360,220255,2065
2021-01-16,San Francisco,075,870044,29719,28853,617,29470,244
2021-01-16,San Joaquin,077,732212,58570,56642,2378,59020,776
2021-01-16,San Luis Obispo,079,281455,16369,15466,427,15893,152
2021-01-16,San Mateo,081,765935,34102,31805,232,32037,208
2021-01-16,Santa Barbara,083,443738,26128,24088,840,24928,229
2021-01-16,Santa Clara,085,1922200,94979,91584,432,92016,954
2021-01-16,Santa Cruz,087,273765,13279,12026,656,12682,106
2021-01-16,Shasta,089,179085,9853,9547,1014,10561,92
2021-01-16,Sierra,091,2930,43,38,11,49,0
2021-01-16,Siskiyou,093,43540,1228,1124,190,1314,4
2021-01-16,Solano,095,438530,25839,24732,281,25013,103
2021-01-16,Sonoma,097,501317,24363,23607,124,23731,223
2021-01-16,Stanislaus,099,539301,43599,41809,4450,46259,562
2021-01-16,Sutter,101,95872,7796,7560,67,7627,76
2021-01-16,Tehama,103,63373,3943,3783,451,4234,18
2021-01-16,Trinity,105,12862,327,261,39,300,3
2021-01-16,Tulare,107,460477,42440,40655,5983,46638,542
2021-01-16,Tuolumne,109,53932,3357,3269,26,3295,27
2021-01-16,Ventura,111,848112,63349,60368,2292,62660,369
2021-01-16,Yolo,113,214977,11219,10406,130,10536,134
2021-01-16,Yuba,115,75493,4783,4602,60,4662,27
2021-01-15,Alameda,001,1643700,68641,65416,1487,66903,672
2021-01-15,Alpine,003,1148,74,71,0,71,0
2021-01-15,Amador,005,37829,3040,2953,25,2978,28
2021-01-15,Butte,007,227075,9872,9233,1376,10609,129
2021-01-15,Calaveras,009,45235,1606,1538,7,1545,21
2021-01-15,Colusa,011,21464,1621,1541,164,1705,7
2021-01-15,Contra Costa,013,1133247,53452,50408,913,51321,428
2021-01-15,Del Norte,015,27424,843,828,0,828,2
2021-01-15,El Dorado,017,186661,8025,7439,536,7975,47
2021-01-15,Fresno,019,978130,85239,79950,6569,86519,832
2021-01-15,Glenn,021,27897,1990,1824,402,2226,9
2021-01-15,Humboldt,023,135768,2441,2218,8,2226,22
2021-01-15,Imperial,025,180216,25670,24944,2286,27230,446
2021-01-15,Inyo,027,18085,966,814,1,815,25
2021-01-15,Kern,029,883053,82068,77873,7624,85497,719
2021-01-15,Kings,031,150075,19631,18661,820,19481,131
2021-01-15,Lake,033,64148,2664,2434,0,2434,28
2021-01-15,Lassen,035,31185,4790,4693,78,4771,1
2021-01-15,Los Angeles,037,10098052,1034658,968979,34694,1003673,13404
2021-01-15,Madera,039,155013,13727,12883,669,13552,85
2021-01-15,Marin,041,260295,11690,11310,119,11429,160
2021-01-15,Mariposa,043,17540,334,307,2,309,3
2021-01-15,Mendocino,045,87422,3041,2835,51,2886,31
2021-01-15,Merced,047,269075,24143,23060,603,23663,239
2021-01-15,Modoc,049,8938,296,278,87,365,0
2021-01-15,Mono,051,14174,1086,1057,9,1066,3
2021-01-15,Monterey,053,433212,36317,34460,1152,35612,243
2021-01-15,Napa,055,140530,7778,7231,30,7261,38
2021-01-15,Nevada,057,99092,3329,3099,130,3229,17
2021-01-15,Orange,059,3164182,216391,207129,9008,216137,2254
2021-01-15,Placer,061,380077,18115,16712,881,17593,173
2021-01-15,Plumas,063,18699,582,499,10,509,2
2021-01-15,Riverside,065,2383286,249179,235235,12382,247617,2458
2021-01-15,Sacramento,067,1510023,81582,80279,939,81218,1023
2021-01-15,San Benito,069,59416,4986,4766,56,4822,35
2021-01-15,San Bernardino,071,2135413,259264,246182,7434,253616,1726
2021-01-15,San Diego,073,3302833,223816,206868,10295,217163,2037
2021-01-15,San Francisco,075,870044,29549,28574,595,29169,242
2021-01-15,San Joaquin,077,732212,58340,55885,2363,58248,748
2021-01-15,San Luis Obispo,079,281455,16235,15129,422,15551,148
2021-01-15,San Mateo,081,765935,33857,31291,228,31519,208
2021-01-15,Santa Barbara,083,443738,25853,23487,828,24315,226
2021-01-15,Santa Clara,085,1922200,94329,90103,427,90530,942
2021-01-15,Santa Cruz,087,273765,13170,11776,641,12417,105
2021-01-15,Shasta,089,179085,9814,9459,1006,10465,91
2021-01-15,Sierra,091,2930,42,36,10,46,0
2021-01-15,Siskiyou,093,43540,1224,1119,189,1308,4
2021-01-15,Solano,095,438530,25690,24222,278,24500,103
2021-01-15,Sonoma,097,501317,24231,23204,123,23327,222
2021-01-15,Stanislaus,099,539301,43356,41178,4412,45590,562
2021-01-15,Sutter,101,95872,7749,7484,66,7550,75
2021-01-15,Tehama,103,63373,3922,3714,450,4164,17
2021-01-15,Trinity,105,12862,327,262,39,301,3
2021-01-15,Tulare,107,460477,42189,39951,5898,45849,535
2021-01-15,Tuolumne,109,53932,3341,3231,26,3257,27
2021-01-15,Ventura,111,848112,62605,59061,2258,61319,353
2021-01-15,Yolo,113,214977,11161,10240,129,10369,134
2021-01-15,Yuba,115,75493,4762,4549,60,4609,27
2021-01-14,Alameda,001,1643700,68006,64364,1472,65836,686
2021-01-14,Alpine,003,1148,74,71,0,71,0
2021-01-14,Amador,005,37829,3034,2940,25,2965,28
2021-01-14,Butte,007,227075,9788,9127,1354,10481,129
2021-01-14,Calaveras,009,45235,1589,1513,7,1520,21
2021-01-14,Colusa,011,21464,1606,1535,161,1696,7
2021-01-14,Contra Costa,013,1133247,52896,49545,898,50443,415
2021-01-14,Del Norte,015,27424,837,821,0,821,2
2021-01-14,El Dorado,017,186661,7952,7321,527,7848,45
2021-01-14,Fresno,019,978130,84606,79033,6494,85527,814
2021-01-14,Glenn,021,27897,1977,1798,397,2195,9
2021-01-14,Humboldt,023,135768,2398,2169,8,2177,22
2021-01-14,Imperial,025,180216,25564,24882,2247,27129,447
2021-01-14,Inyo,027,18085,959,790,1,791,25
2021-01-14,Kern,029,883053,81403,77070,7520,84590,705
2021-01-14,Kings,031,150075,19502,18405,814,19219,108
2021-01-14,Lake,033,64148,2622,2378,0,2378,27
2021-01-14,Lassen,035,31185,4780,4673,76,4749,1
2021-01-14,Los Angeles,037,10098052,1024680,954652,34294,988946,13147
2021-01-14,Madera,039,155013,13610,12742,658,13400,85
2021-01-14,Marin,041,260295,11615,11155,118,11273,159
2021-01-14,Mariposa,043,17540,331,302,2,304,3
2021-01-14,Mendocino,045,87422,3027,2801,49,2850,31
2021-01-14,Merced,047,269075,23915,22780,593,23373,239
2021-01-14,Modoc,049,8938,296,273,87,360,0
2021-01-14,Mono,051,14174,1078,1020,9,1029,3
2021-01-14,Monterey,053,433212,35910,34105,1134,35239,242
2021-01-14,Napa,055,140530,7693,7117,30,7147,38
2021-01-14,Nevada,057,99092,3302,3075,128,3203,17
2021-01-14,Orange,059,3164182,214472,204442,8917,213359,2162
2021-01-14,Placer,061,380077,17954,16488,873,17361,169
2021-01-14,Plumas,063,18699,574,496,10,506,2
2021-01-14,Riverside,065,2383286,246561,231684,12278,243962,2357
2021-01-14,Sacramento,067,1510023,80945,79137,914,80051,1007
2021-01-14,San Benito,069,59416,4952,4678,55,4733,35
2021-01-14,San Bernardino,071,2135413,257305,243379,7358,250737,1750
2021-01-14,San Diego,073,3302833,221426,204173,10175,214348,2005
2021-01-14,San Francisco,075,870044,29307,28200,542,28742,238
2021-01-14,San Joaquin,077,732212,57828,55058,2348,57406,739
2021-01-14,San Luis Obispo,079,281455,16076,14851,412,15263,146
2021-01-14,San Mateo,081,765935,33489,30694,219,30913,208
2021-01-14,Santa Barbara,083,443738,25446,23126,801,23927,219
2021-01-14,Santa Clara,085,1922200,93438,88505,420,88925,910
2021-01-14,Santa Cruz,087,273765,13023,11583,625,12208,109
2021-01-14,Shasta,089,179085,9766,9334,989,10323,90
2021-01-14,Sierra,091,2930,42,35,9,44,0
2021-01-14,Siskiyou,093,43540,1213,1108,186,1294,3
2021-01-14,Solano,095,438530,25429,23782,274,24056,103
2021-01-14,Sonoma,097,501317,23995,22910,123,23033,202
2021-01-14,Stanislaus,099,539301,43037,40597,4370,44967,574
2021-01-14,Sutter,101,95872,7690,7416,63,7479,74
2021-01-14,Tehama,103,63373,3892,3664,446,4110,17
2021-01-14,Trinity,105,12862,327,261,38,299,3
2021-01-14,Tulare,107,460477,41808,39565,5785,45350,533
2021-01-14,Tuolumne,109,53932,3320,3215,26,3241,28
2021-01-14,Ventura,111,848112,61733,57941,2220,60161,347
2021-01-14,Yolo,113,214977,11050,10097,123,10220,135
2021-01-14,Yuba,115,75493,4730,4496,60,4556,27
2021-01-13,Alameda,001,1643700,67259,63568,1453,65021,690
2021-01-13,Alpine,003,1148,74,71,0,71,0
2021-01-13,Amador,005,37829,3020,2914,25,2939,26
2021-01-13,Butte,007,227075,9709,9013,1339,10352,126
2021-01-13,Calaveras,009,45235,1567,1493,7,1500,21
2021-01-13,Colusa,011,21464,1594,1524,156,1680,7
2021-01-13,Contra Costa,013,1133247,52320,48877,884,49761,403
2021-01-13,Del Norte,015,27424,833,820,0,820,2
2021-01-13,El Dorado,017,186661,7859,7247,519,7766,43
2021-01-13,Fresno,019,978130,83900,78278,6441,84719,804
2021-01-13,Glenn,021,27897,1963,1792,389,2181,9
2021-01-13,Humboldt,023,135768,2366,2114,8,2122,22
2021-01-13,Imperial,025,180216,25440,24717,2214,26931,463
2021-01-13,Inyo,027,18085,947,785,1,786,25
2021-01-13,Kern,029,883053,80739,76049,7429,83478,704
2021-01-13,Kings,031,150075,19337,18121,788,18909,108
2021-01-13,Lake,033,64148,2577,2305,0,2305,27
2021-01-13,Lassen,035,31185,4773,4663,75,4738,1
2021-01-13,Los Angeles,037,10098052,1013947,937985,33863,971848,12873
2021-01-13,Madera,039,155013,13486,12570,652,13222,85
2021-01-13,Marin,041,260295,11558,11039,118,11157,161
2021-01-13,Mariposa,043,17540,329,304,2,306,3
2021-01-13,Mendocino,045,87422,3007,2790,49,2839,31
2021-01-13,Merced,047,269075,23675,22497,581,23078,241
2021-01-13,Modoc,049,8938,295,274,84,358,0
2021-01-13,Mono,051,14174,1074,1017,9,1026,3
2021-01-13,Monterey,053,433212,35493,33748,1109,34857,241
2021-01-13,Napa,055,140530,7579,7028,30,7058,36
2021-01-13,Nevada,057,99092,3279,3037,124,3161,17
2021-01-13,Orange,059,3164182,212395,201158,8848,210006,2172
2021-01-13,Placer,061,380077,17828,16272,859,17131,172
2021-01-13,Plumas,063,18699,572,490,10,500,2
2021-01-13,Riverside,065,2383286,243437,228192,12153,240345,2278
2021-01-13,Sacramento,067,1510023,80291,78268,907,79175,996
2021-01-13,San Benito,069,59416,4897,4583,54,4637,35
2021-01-13,San Bernardino,071,2135413,254933,240191,7282,247473,1759
2021-01-13,San Diego,073,3302833,218813,201578,10072,211650,1952
2021-01-13,San Francisco,075,870044,29068,27863,518,28381,238
2021-01-13,San Joaquin,077,732212,57203,54373,2316,56689,738
2021-01-13,San Luis Obispo,079,281455,15923,14625,401,15026,140
2021-01-13,San Mateo,081,765935,33147,30195,217,30412,207
2021-01-13,Santa Barbara,083,443738,25016,22714,775,23489,216
2021-01-13,Santa Clara,085,1922200,92463,87187,417,87604,911
2021-01-13,Santa Cruz,087,273765,12850,11423,611,12034,110
2021-01-13,Shasta,089,179085,9703,9180,974,10154,93
2021-01-13,Sierra,091,2930,42,33,9,42,0
2021-01-13,Siskiyou,093,43540,1207,1102,182,1284,3
2021-01-13,Solano,095,438530,25150,23503,273,23776,105
2021-01-13,Sonoma,097,501317,23748,22610,122,22732,206
2021-01-13,Stanislaus,099,539301,42640,40167,4314,44481,574
2021-01-13,Sutter,101,95872,7644,7350,62,7412,73
2021-01-13,Tehama,103,63373,3843,3589,441,4030,17
2021-01-13,Trinity,105,12862,327,260,38,298,3
2021-01-13,Tulare,107,460477,41402,39129,5677,44806,522
2021-01-13,Tuolumne,109,53932,3306,3196,26,3222,28
2021-01-13,Ventura,111,848112,60720,56453,2182,58635,338
2021-01-13,Yolo,113,214977,10949,9933,119,10052,135
2021-01-13,Yuba,115,75493,4688,4448,57,4505,27
2021-01-12,Alameda,001,1643700,66450,62642,1433,64075,677
2021-01-12,Alpine,003,1148,74,71,0,71,0
2021-01-12,Amador,005,37829,3003,2897,25,2922,26
2021-01-12,Butte,007,227075,9625,8883,1318,10201,124
2021-01-12,Calaveras,009,45235,1530,1475,7,1482,21
2021-01-12,Colusa,011,21464,1582,1510,152,1662,7
2021-01-12,Contra Costa,013,1133247,51674,48242,868,49110,399
2021-01-12,Del Norte,015,27424,829,816,0,816,2
2021-01-12,El Dorado,017,186661,7776,7156,508,7664,41
2021-01-12,Fresno,019,978130,83035,77651,6371,84022,796
2021-01-12,Glenn,021,27897,1935,1781,383,2164,9
2021-01-12,Humboldt,023,135768,2312,2077,7,2084,22
2021-01-12,Imperial,025,180216,25353,24566,2171,26737,457
2021-01-12,Inyo,027,18085,930,773,1,774,25
2021-01-12,Kern,029,883053,80038,75320,7326,82646,689
2021-01-12,Kings,031,150075,19129,18072,775,18847,108
2021-01-12,Lake,033,64148,2529,2260,0,2260,27
2021-01-12,Lassen,035,31185,4751,4659,73,4732,1
2021-01-12,Los Angeles,037,10098052,1002328,926295,33437,959732,12610
2021-01-12,Madera,039,155013,13345,12485,644,13129,85
2021-01-12,Marin,041,260295,11449,10960,118,11078,157
2021-01-12,Mariposa,043,17540,327,302,2,304,3
2021-01-12,Mendocino,045,87422,2987,2762,45,2807,31
2021-01-12,Merced,047,269075,23425,22172,558,22730,239
2021-01-12,Modoc,049,8938,293,274,84,358,0
2021-01-12,Mono,051,14174,1065,1008,9,1017,3
2021-01-12,Monterey,053,433212,34994,33381,1087,34468,240
2021-01-12,Napa,055,140530,7496,6936,30,6966,36
2021-01-12,Nevada,057,99092,3251,3014,122,3136,17
2021-01-12,Orange,059,3164182,210107,198260,8760,207020,2142
2021-01-12,Placer,061,380077,17647,16087,853,16940,163
2021-01-12,Plumas,063,18699,566,483,10,493,2
2021-01-12,Riverside,065,2383286,240321,225580,12008,237588,2266
2021-01-12,Sacramento,067,1510023,79547,77201,898,78099,985
2021-01-12,San Benito,069,59416,4830,4515,54,4569,35
2021-01-12,San Bernardino,071,2135413,252364,237008,7207,244215,1739
2021-01-12,San Diego,073,3302833,215903,198317,9954,208271,1898
2021-01-12,San Francisco,075,870044,28792,27531,482,28013,238
2021-01-12,San Joaquin,077,732212,56554,53630,2285,55915,725
2021-01-12,San Luis Obispo,079,281455,15677,14367,393,14760,132
2021-01-12,San Mateo,081,765935,32756,29747,205,29952,206
2021-01-12,Santa Barbara,083,443738,24607,22182,747,22929,209
2021-01-12,Santa Clara,085,1922200,91402,86075,408,86483,904
2021-01-12,Santa Cruz,087,273765,12635,11267,594,11861,110
2021-01-12,Shasta,089,179085,9630,9086,961,10047,84
2021-01-12,Sierra,091,2930,40,33,8,41,0
2021-01-12,Siskiyou,093,43540,1197,1091,176,1267,3
2021-01-12,Solano,095,438530,24847,23160,268,23428,102
2021-01-12,Sonoma,097,501317,23445,22403,122,22525,205
2021-01-12,Stanislaus,099,539301,42189,39615,4278,43893,571
2021-01-12,Sutter,101,95872,7581,7276,61,7337,73
2021-01-12,Tehama,103,63373,3808,3567,437,4004,17
2021-01-12,Trinity,105,12862,327,258,38,296,3
2021-01-12,Tulare,107,460477,40950,38797,5555,44352,509
2021-01-12,Tuolumne,109,53932,3272,3178,26,3204,28
2021-01-12,Ventura,111,848112,59748,55342,2149,57491,324
2021-01-12,Yolo,113,214977,10813,9857,108,9965,133
2021-01-12,Yuba,115,75493,4648,4389,57,4446,27
2021-01-11,Alameda,001,1643700,65598,61949,1415,63364,652
2021-01-11,Alpine,003,1148,74,70,0,70,0
2021-01-11,Amador,005,37829,2989,2867,25,2892,24
2021-01-11,Butte,007,227075,9513,8757,1300,10057,119
2021-01-11,Calaveras,009,45235,1511,1460,7,1467,21
2021-01-11,Colusa,011,21464,1564,1494,148,1642,7
2021-01-11,Contra Costa,013,1133247,51001,47728,858,48586,398
2021-01-11,Del Norte,015,27424,825,810,0,810,2
2021-01-11,El Dorado,017,186661,7683,6987,499,7486,36
2021-01-11,Fresno,019,978130,82159,76581,6291,82872,775
2021-01-11,Glenn,021,27897,1906,1763,374,2137,9
2021-01-11,Humboldt,023,135768,2272,2069,7,2076,22
2021-01-11,Imperial,025,180216,25239,24418,2135,26553,453
2021-01-11,Inyo,027,18085,912,763,1,764,25
2021-01-11,Kern,029,883053,79186,74489,7222,81711,682
2021-01-11,Kings,031,150075,18865,17909,767,18676,108
2021-01-11,Lake,033,64148,2479,2205,0,2205,26
2021-01-11,Lassen,035,31185,4728,4647,72,4719,1
2021-01-11,Los Angeles,037,10098052,989176,914434,32944,947378,12304
2021-01-11,Madera,039,155013,13212,12366,633,12999,85
2021-01-11,Marin,041,260295,11353,10814,115,10929,156
2021-01-11,Mariposa,043,17540,320,296,2,298,3
2021-01-11,Mendocino,045,87422,2960,2728,45,2773,31
2021-01-11,Merced,047,269075,23101,21884,544,22428,238
2021-01-11,Modoc,049,8938,292,271,83,354,0
2021-01-11,Mono,051,14174,1059,1006,9,1015,3
2021-01-11,Monterey,053,433212,34459,32858,1023,33881,239
2021-01-11,Napa,055,140530,7394,6822,30,6852,36
2021-01-11,Nevada,057,99092,3224,2980,122,3102,17
2021-01-11,Orange,059,3164182,207542,196340,8657,204997,2113
2021-01-11,Placer,061,380077,17467,15919,840,16759,163
2021-01-11,Plumas,063,18699,562,477,10,487,2
2021-01-11,Riverside,065,2383286,236827,222907,11851,234758,2222
2021-01-11,Sacramento,067,1510023,78628,76009,881,76890,974
2021-01-11,San Benito,069,59416,4753,4482,47,4529,34
2021-01-11,San Bernardino,071,2135413,249538,235543,7105,242648,1739
2021-01-11,San Diego,073,3302833,212638,194793,9794,204587,1857
2021-01-11,San Francisco,075,870044,28521,27264,458,27722,238
2021-01-11,San Joaquin,077,732212,55942,53002,2255,55257,725
2021-01-11,San Luis Obispo,079,281455,15307,14213,385,14598,126
2021-01-11,San Mateo,081,765935,32315,29355,192,29547,206
2021-01-11,Santa Barbara,083,443738,24170,21740,730,22470,200
2021-01-11,Santa Clara,085,1922200,90203,84851,399,85250,877
2021-01-11,Santa Cruz,087,273765,12458,11093,567,11660,106
2021-01-11,Shasta,089,179085,9532,8977,947,9924,81
2021-01-11,Sierra,091,2930,39,33,8,41,0
2021-01-11,Siskiyou,093,43540,1189,1087,173,1260,3
2021-01-11,Solano,095,438530,24527,22893,263,23156,101
2021-01-11,Sonoma,097,501317,23198,22191,122,22313,205
2021-01-11,Stanislaus,099,539301,41699,39149,4224,43373,571
2021-01-11,Sutter,101,95872,7524,7204,60,7264,71
2021-01-11,Tehama,103,63373,3744,3524,414,3938,17
2021-01-11,Trinity,105,12862,327,256,38,294,2
2021-01-11,Tulare,107,460477,40551,38380,5463,43843,497
2021-01-11,Tuolumne,109,53932,3261,3165,26,3191,27
2021-01-11,Ventura,111,848112,58613,54202,2123,56325,320
2021-01-11,Yolo,113,214977,10599,9699,106,9805,129
2021-01-11,Yuba,115,75493,4610,4349,50,4399,27
2021-01-10,Alameda,001,1643700,64627,61111,1386,62497,650
2021-01-10,Alpine,003,1148,74,70,0,70,0
2021-01-10,Amador,005,37829,2965,2861,25,2886,24
2021-01-10,Butte,007,227075,9396,8665,1273,9938,119
2021-01-10,Calaveras,009,45235,1486,1449,7,1456,21
2021-01-10,Colusa,011,21464,1540,1478,146,1624,7
2021-01-10,Contra Costa,013,1133247,50214,47109,840,47949,398
2021-01-10,Del Norte,015,27424,822,809,0,809,2
2021-01-10,El Dorado,017,186661,7596,6904,481,7385,36
2021-01-10,Fresno,019,978130,81347,75621,6169,81790,775
2021-01-10,Glenn,021,27897,1882,1746,366,2112,9
2021-01-10,Humboldt,023,135768,2210,2049,7,2056,22
2021-01-10,Imperial,025,180216,25079,24233,2080,26313,453
2021-01-10,Inyo,027,18085,884,748,1,749,25
2021-01-10,Kern,029,883053,78362,73712,7087,80799,679
2021-01-10,Kings,031,150075,18647,17812,759,18571,108
2021-01-10,Lake,033,64148,2428,2174,0,2174,26
2021-01-10,Lassen,035,31185,4706,4642,71,4713,1
2021-01-10,Los Angeles,037,10098052,974643,901783,32285,934068,12170
2021-01-10,Madera,039,155013,13025,12179,618,12797,85
2021-01-10,Marin,041,260295,11234,10737,113,10850,155
2021-01-10,Mariposa,043,17540,320,291,2,293,3
2021-01-10,Mendocino,045,87422,2929,2706,42,2748,31
2021-01-10,Merced,047,269075,22826,21691,534,22225,238
2021-01-10,Modoc,049,8938,292,271,81,352,0
2021-01-10,Mono,051,14174,1042,965,9,974,3
2021-01-10,Monterey,053,433212,34019,32571,991,33562,237
2021-01-10,Napa,055,140530,7290,6687,28,6715,36
2021-01-10,Nevada,057,99092,3205,2959,118,3077,17
2021-01-10,Orange,059,3164182,204790,193766,8534,202300,2104
2021-01-10,Placer,061,380077,17291,15779,818,16597,163
2021-01-10,Plumas,063,18699,552,477,10,487,2
2021-01-10,Riverside,065,2383286,233487,219486,11658,231144,2216
2021-01-10,Sacramento,067,1510023,77673,75394,851,76245,965
2021-01-10,San Benito,069,59416,4659,4434,46,4480,34
2021-01-10,San Bernardino,071,2135413,245937,232171,7001,239172,1736
2021-01-10,San Diego,073,3302833,208984,191886,9628,201514,1857
2021-01-10,San Francisco,075,870044,28140,27054,422,27476,238
2021-01-10,San Joaquin,077,732212,55080,52535,2222,54757,725
2021-01-10,San Luis Obispo,079,281455,14979,13968,371,14339,122
2021-01-10,San Mateo,081,765935,31826,28972,177,29149,206
2021-01-10,Santa Barbara,083,443738,23628,21290,705,21995,200
2021-01-10,Santa Clara,085,1922200,89026,83779,388,84167,858
2021-01-10,Santa Cruz,087,273765,12247,10951,543,11494,106
2021-01-10,Shasta,089,179085,9422,8936,930,9866,81
2021-01-10,Sierra,091,2930,38,32,8,40,0
2021-01-10,Siskiyou,093,43540,1183,1075,170,1245,3
2021-01-10,Solano,095,438530,24127,22621,260,22881,101
2021-01-10,Sonoma,097,501317,22925,21925,122,22047,204
2021-01-10,Stanislaus,099,539301,41139,38809,4141,42950,571
2021-01-10,Sutter,101,95872,7463,7133,57,7190,71
2021-01-10,Tehama,103,63373,3672,3504,401,3905,17
2021-01-10,Trinity,105,12862,327,253,37,290,2
2021-01-10,Tulare,107,460477,40139,38012,5326,43338,497
2021-01-10,Tuolumne,109,53932,3227,3143,25,3168,27
2021-01-10,Ventura,111,848112,57346,53095,2077,55172,319
2021-01-10,Yolo,113,214977,10451,9610,105,9715,129
2021-01-10,Yuba,115,75493,4558,4300,47,4347,27
2021-01-09,Alameda,001,1643700,64121,60125,1368,61493,649
2021-01-09,Alpine,003,1148,74,70,0,70,0
2021-01-09,Amador,005,37829,2958,2809,25,2834,24
2021-01-09,Butte,007,227075,9315,8552,1249,9801,118
2021-01-09,Calaveras,009,45235,1476,1425,7,1432,21
2021-01-09,Colusa,011,21464,1534,1468,145,1613,7
2021-01-09,Contra Costa,013,1133247,49868,46406,825,47231,393
2021-01-09,Del Norte,015,27424,820,802,0,802,2
2021-01-09,El Dorado,017,186661,7564,6800,478,7278,36
2021-01-09,Fresno,019,978130,80940,74816,6127,80943,773
2021-01-09,Glenn,021,27897,1867,1707,361,2068,9
2021-01-09,Humboldt,023,135768,2192,2026,7,2033,22
2021-01-09,Imperial,025,180216,25012,24028,2065,26093,448
2021-01-09,Inyo,027,18085,874,734,1,735,25
2021-01-09,Kern,029,883053,77904,73015,7006,80021,677
2021-01-09,Kings,031,150075,18552,17679,755,18434,108
2021-01-09,Lake,033,64148,2394,2144,0,2144,26
2021-01-09,Lassen,035,31185,4694,4613,70,4683,1
2021-01-09,Los Angeles,037,10098052,969119,887949,31824,919773,12011
2021-01-09,Madera,039,155013,12940,12063,613,12676,85
2021-01-09,Marin,041,260295,11170,10634,112,10746,154
2021-01-09,Mariposa,043,17540,317,287,2,289,3
2021-01-09,Mendocino,045,87422,2911,2664,42,2706,31
2021-01-09,Merced,047,269075,22685,21357,524,21881,237
2021-01-09,Modoc,049,8938,292,271,80,351,0
2021-01-09,Mono,051,14174,1037,964,9,973,3
2021-01-09,Monterey,053,433212,33876,31948,982,32930,235
2021-01-09,Napa,055,140530,7220,6594,25,6619,36
2021-01-09,Nevada,057,99092,3183,2932,115,3047,17
2021-01-09,Orange,059,3164182,203293,191004,8442,199446,2034
2021-01-09,Placer,061,380077,17191,15609,816,16425,162
2021-01-09,Plumas,063,18699,550,477,10,487,2
2021-01-09,Riverside,065,2383286,231783,216076,11510,227586,2201
2021-01-09,Sacramento,067,1510023,77149,74482,846,75328,953
2021-01-09,San Benito,069,59416,4610,4335,46,4381,34
2021-01-09,San Bernardino,071,2135413,244758,228857,6931,235788,1714
2021-01-09,San Diego,073,3302833,207292,188598,9508,198106,1824
2021-01-09,San Francisco,075,870044,27966,26708,377,27085,235
2021-01-09,San Joaquin,077,732212,54734,51927,2201,54128,724
2021-01-09,San Luis Obispo,079,281455,14856,13647,360,14007,121
2021-01-09,San Mateo,081,765935,31529,28512,170,28682,205
2021-01-09,Santa Barbara,083,443738,23420,20971,696,21667,197
2021-01-09,Santa Clara,085,1922200,88185,82269,376,82645,808
2021-01-09,Santa Cruz,087,273765,12151,10717,538,11255,107
2021-01-09,Shasta,089,179085,9389,8893,926,9819,81
2021-01-09,Sierra,091,2930,36,32,8,40,0
2021-01-09,Siskiyou,093,43540,1180,1062,166,1228,3
2021-01-09,Solano,095,438530,23972,22226,259,22485,101
2021-01-09,Sonoma,097,501317,22804,21393,122,21515,202
2021-01-09,Stanislaus,099,539301,40847,38403,4099,42502,567
2021-01-09,Sutter,101,95872,7427,7072,56,7128,69
2021-01-09,Tehama,103,63373,3643,3451,389,3840,15
2021-01-09,Trinity,105,12862,327,252,37,289,2
2021-01-09,Tulare,107,460477,39897,37684,5252,42936,496
2021-01-09,Tuolumne,109,53932,3219,3117,24,3141,26
2021-01-09,Ventura,111,848112,56519,51988,2050,54038,306
2021-01-09,Yolo,113,214977,10380,9524,102,9626,129
2021-01-09,Yuba,115,75493,4530,4265,47,4312,27
2021-01-08,Alameda,001,1643700,63583,59172,1357,60529,646
2021-01-08,Alpine,003,1148,74,70,0,70,0
2021-01-08,Amador,005,37829,2951,2792,25,2817,24
2021-01-08,Butte,007,227075,9256,8430,1233,9663,115
2021-01-08,Calaveras,009,45235,1463,1385,7,1392,21
2021-01-08,Colusa,011,21464,1521,1448,144,1592,7
2021-01-08,Contra Costa,013,1133247,49341,45667,821,46488,381
2021-01-08,Del Norte,015,27424,818,795,0,795,2
2021-01-08,El Dorado,017,186661,7494,6690,466,7156,36
2021-01-08,Fresno,019,978130,80127,73689,6063,79752,771
2021-01-08,Glenn,021,27897,1851,1680,357,2037,9
2021-01-08,Humboldt,023,135768,2168,1988,7,1995,22
2021-01-08,Imperial,025,180216,24945,23751,2050,25801,446
2021-01-08,Inyo,027,18085,860,682,1,683,24
2021-01-08,Kern,029,883053,77344,71978,6933,78911,674
2021-01-08,Kings,031,150075,18424,17441,750,18191,108
2021-01-08,Lake,033,64148,2367,2098,0,2098,26
2021-01-08,Lassen,035,31185,4686,4598,68,4666,1
2021-01-08,Los Angeles,037,10098052,958362,871188,31369,902557,11796
2021-01-08,Madera,039,155013,12789,11846,604,12450,85
2021-01-08,Marin,041,260295,11075,10531,111,10642,153
2021-01-08,Mariposa,043,17540,316,273,2,275,3
2021-01-08,Mendocino,045,87422,2892,2634,39,2673,31
2021-01-08,Merced,047,269075,22490,20862,519,21381,236
2021-01-08,Modoc,049,8938,292,266,80,346,0
2021-01-08,Mono,051,14174,1027,951,9,960,3
2021-01-08,Monterey,053,433212,33611,31543,969,32512,224
2021-01-08,Napa,055,140530,7150,6544,25,6569,32
2021-01-08,Nevada,057,99092,3161,2888,115,3003,17
2021-01-08,Orange,059,3164182,201302,186608,8355,194963,1991
2021-01-08,Placer,061,380077,17064,15401,809,16210,161
2021-01-08,Plumas,063,18699,544,465,10,475,2
2021-01-08,Riverside,065,2383286,229425,212122,11372,223494,2184
2021-01-08,Sacramento,067,1510023,76573,73245,840,74085,939
2021-01-08,San Benito,069,59416,4572,4225,45,4270,33
2021-01-08,San Bernardino,071,2135413,242873,224267,6858,231125,1703
2021-01-08,San Diego,073,3302833,204757,185060,9414,194474,1771
2021-01-08,San Francisco,075,870044,27719,26378,352,26730,207
2021-01-08,San Joaquin,077,732212,54396,50990,2170,53160,710
2021-01-08,San Luis Obispo,079,281455,14723,13286,346,13632,119
2021-01-08,San Mateo,081,765935,31179,28072,167,28239,204
2021-01-08,Santa Barbara,083,443738,23142,20461,687,21148,189
2021-01-08,Santa Clara,085,1922200,87161,80561,373,80934,789
2021-01-08,Santa Cruz,087,273765,12012,10486,528,11014,106
2021-01-08,Shasta,089,179085,9339,8772,911,9683,81
2021-01-08,Sierra,091,2930,36,31,8,39,0
2021-01-08,Siskiyou,093,43540,1177,1027,165,1192,3
2021-01-08,Solano,095,438530,23804,21832,259,22091,100
2021-01-08,Sonoma,097,501317,22665,21178,122,21300,201
2021-01-08,Stanislaus,099,539301,40546,37858,4062,41920,566
2021-01-08,Sutter,101,95872,7377,6982,56,7038,68
2021-01-08,Tehama,103,63373,3620,3406,384,3790,15
2021-01-08,Trinity,105,12862,327,247,37,284,2
2021-01-08,Tulare,107,460477,39633,36946,5135,42081,491
2021-01-08,Tuolumne,109,53932,3210,3099,24,3123,19
2021-01-08,Ventura,111,848112,55656,50553,2025,52578,294
2021-01-08,Yolo,113,214977,10292,9391,98,9489,129
2021-01-08,Yuba,115,75493,4488,4195,46,4241,26
2021-01-07,Alameda,001,1643700,62655,57921,1329,59250,632
2021-01-07,Alpine,003,1148,72,70,0,70,0
2021-01-07,Amador,005,37829,2938,2740,24,2764,24
2021-01-07,Butte,007,227075,9160,8278,1204,9482,112
2021-01-07,Calaveras,009,45235,1446,1342,6,1348,21
2021-01-07,Colusa,011,21464,1509,1420,137,1557,7
2021-01-07,Contra Costa,013,1133247,48564,44756,804,45560,376
2021-01-07,Del Norte,015,27424,816,791,0,791,2
2021-01-07,El Dorado,017,186661,7395,6545,452,6997,36
2021-01-07,Fresno,019,978130,79174,72557,5957,78514,765
2021-01-07,Glenn,021,27897,1835,1639,348,1987,9
2021-01-07,Humboldt,023,135768,2141,1954,7,1961,22
2021-01-07,Imperial,025,180216,24752,23608,1998,25606,431
2021-01-07,Inyo,027,18085,847,656,1,657,20
2021-01-07,Kern,029,883053,76490,70953,6780,77733,660
2021-01-07,Kings,031,150075,18296,17238,741,17979,108
2021-01-07,Lake,033,64148,2312,2054,0,2054,26
2021-01-07,Lassen,035,31185,4681,4581,66,4647,1
2021-01-07,Los Angeles,037,10098052,943504,853187,30806,883993,11480
2021-01-07,Madera,039,155013,12633,11644,592,12236,76
2021-01-07,Marin,041,260295,10984,10364,109,10473,153
2021-01-07,Mariposa,043,17540,314,264,2,266,3
2021-01-07,Mendocino,045,87422,2837,2585,35,2620,30
2021-01-07,Merced,047,269075,22169,20510,504,21014,234
2021-01-07,Modoc,049,8938,292,265,80,345,0
2021-01-07,Mono,051,14174,1016,905,9,914,3
2021-01-07,Monterey,053,433212,33082,30903,947,31850,222
2021-01-07,Napa,055,140530,7040,6408,25,6433,32
2021-01-07,Nevada,057,99092,3127,2847,110,2957,17
2021-01-07,Orange,059,3164182,198470,181922,8251,190173,1974
2021-01-07,Placer,061,380077,16881,15155,779,15934,144
2021-01-07,Plumas,063,18699,542,454,10,464,2
2021-01-07,Riverside,065,2383286,226094,208177,11182,219359,2156
2021-01-07,Sacramento,067,1510023,75668,72342,819,73161,919
2021-01-07,San Benito,069,59416,4510,4112,41,4153,33
2021-01-07,San Bernardino,071,2135413,239341,219691,6773,226464,1666
2021-01-07,San Diego,073,3302833,201453,180510,9235,189745,1738
2021-01-07,San Francisco,075,870044,27385,25885,335,26220,202
2021-01-07,San Joaquin,077,732212,53711,50156,2138,52294,689
2021-01-07,San Luis Obispo,079,281455,14485,12810,332,13142,118
2021-01-07,San Mateo,081,765935,30668,27494,163,27657,201
2021-01-07,Santa Barbara,083,443738,22724,19931,673,20604,187
2021-01-07,Santa Clara,085,1922200,85942,78808,369,79177,775
2021-01-07,Santa Cruz,087,273765,11803,10228,521,10749,104
2021-01-07,Shasta,089,179085,9252,8612,903,9515,81
2021-01-07,Sierra,091,2930,36,31,8,39,0
2021-01-07,Siskiyou,093,43540,1172,1010,163,1173,3
2021-01-07,Solano,095,438530,23410,21384,255,21639,100
2021-01-07,Sonoma,097,501317,22404,20857,121,20978,200
2021-01-07,Stanislaus,099,539301,40121,37296,4010,41306,553
2021-01-07,Sutter,101,95872,7318,6890,55,6945,65
2021-01-07,Tehama,103,63373,3596,3330,377,3707,15
2021-01-07,Trinity,105,12862,327,247,37,284,2
2021-01-07,Tulare,107,460477,39230,36397,4991,41388,482
2021-01-07,Tuolumne,109,53932,3190,3068,23,3091,14
2021-01-07,Ventura,111,848112,54496,49083,1996,51079,288
2021-01-07,Yolo,113,214977,10154,9207,96,9303,128
2021-01-07,Yuba,115,75493,4446,4128,46,4174,25
2021-01-06,Alameda,001,1643700,61793,57081,1299,58380,616
2021-01-06,Alpine,003,1148,72,70,0,70,0
2021-01-06,Amador,005,37829,2917,2717,23,2740,24
2021-01-06,Butte,007,227075,9048,8147,1185,9332,110
2021-01-06,Calaveras,009,45235,1421,1321,6,1327,21
2021-01-06,Colusa,011,21464,1489,1385,131,1516,7
2021-01-06,Contra Costa,013,1133247,47762,44054,786,44840,358
2021-01-06,Del Norte,015,27424,810,780,0,780,2
2021-01-06,El Dorado,017,186661,7284,6397,439,6836,35
2021-01-06,Fresno,019,978130,78335,71404,5854,77258,752
2021-01-06,Glenn,021,27897,1811,1622,342,1964,9
2021-01-06,Humboldt,023,135768,2115,1912,7,1919,22
2021-01-06,Imperial,025,180216,24499,23400,1956,25356,431
2021-01-06,Inyo,027,18085,831,630,1,631,20
2021-01-06,Kern,029,883053,75551,69893,6642,76535,646
2021-01-06,Kings,031,150075,18102,17019,718,17737,108
2021-01-06,Lake,033,64148,2274,2033,0,2033,26
2021-01-06,Lassen,035,31185,4669,4560,62,4622,1
2021-01-06,Los Angeles,037,10098052,927616,835052,30079,865131,11285
2021-01-06,Madera,039,155013,12499,11407,586,11993,67
2021-01-06,Marin,041,260295,10857,10282,108,10390,153
2021-01-06,Mariposa,043,17540,311,259,2,261,3
2021-01-06,Mendocino,045,87422,2807,2561,35,2596,30
2021-01-06,Merced,047,269075,21826,20258,488,20746,232
2021-01-06,Modoc,049,8938,292,263,80,343,0
2021-01-06,Mono,051,14174,985,905,9,914,3
2021-01-06,Monterey,053,433212,32493,30387,910,31297,222
2021-01-06,Napa,055,140530,6910,6342,25,6367,32
2021-01-06,Nevada,057,99092,3107,2805,110,2915,15
2021-01-06,Orange,059,3164182,195025,177686,8107,185793,1935
2021-01-06,Placer,061,380077,16695,14940,760,15700,134
2021-01-06,Plumas,063,18699,534,445,10,455,2
2021-01-06,Riverside,065,2383286,222087,203714,10963,214677,2121
2021-01-06,Sacramento,067,1510023,74649,71572,802,72374,909
2021-01-06,San Benito,069,59416,4433,4031,40,4071,32
2021-01-06,San Bernardino,071,2135413,235637,215286,6658,221944,1634
2021-01-06,San Diego,073,3302833,197958,176660,9066,185726,1691
2021-01-06,San Francisco,075,870044,27014,25424,325,25749,199
2021-01-06,San Joaquin,077,732212,52950,49286,2095,51381,673
2021-01-06,San Luis Obispo,079,281455,14093,12305,325,12630,115
2021-01-06,San Mateo,081,765935,30245,27050,160,27210,200
2021-01-06,Santa Barbara,083,443738,22244,19453,661,20114,177
2021-01-06,Santa Clara,085,1922200,84539,77485,362,77847,746
2021-01-06,Santa Cruz,087,273765,11585,9954,501,10455,97
2021-01-06,Shasta,089,179085,9181,8482,896,9378,78
2021-01-06,Sierra,091,2930,35,31,8,39,0
2021-01-06,Siskiyou,093,43540,1160,998,159,1157,3
2021-01-06,Solano,095,438530,23023,21102,252,21354,99
2021-01-06,Sonoma,097,501317,22099,20558,121,20679,196
2021-01-06,Stanislaus,099,539301,39526,36751,3947,40698,553
2021-01-06,Sutter,101,95872,7236,6839,54,6893,59
2021-01-06,Tehama,103,63373,3569,3306,371,3677,15
2021-01-06,Trinity,105,12862,327,246,37,283,2
2021-01-06,Tulare,107,460477,38668,35882,4880,40762,465
2021-01-06,Tuolumne,109,53932,3170,3008,23,3031,14
2021-01-06,Ventura,111,848112,53252,47428,1971,49399,280
2021-01-06,Yolo,113,214977,9993,9083,93,9176,127
2021-01-06,Yuba,115,75493,4399,4097,46,4143,25
2021-01-05,Alameda,001,1643700,60640,56432,1263,57695,602
2021-01-05,Alpine,003,1148,72,70,0,70,0
2021-01-05,Amador,005,37829,2877,2695,23,2718,24
2021-01-05,Butte,007,227075,8909,8008,1158,9166,107
2021-01-05,Calaveras,009,45235,1372,1292,6,1298,21
2021-01-05,Colusa,011,21464,1464,1376,125,1501,7
2021-01-05,Contra Costa,013,1133247,46880,43442,775,44217,353
2021-01-05,Del Norte,015,27424,803,770,0,770,2
2021-01-05,El Dorado,017,186661,7166,6270,418,6688,32
2021-01-05,Fresno,019,978130,77115,70971,5759,76730,741
2021-01-05,Glenn,021,27897,1786,1608,330,1938,9
2021-01-05,Humboldt,023,135768,2078,1884,7,1891,22
2021-01-05,Imperial,025,180216,24336,23165,1907,25072,421
2021-01-05,Inyo,027,18085,817,627,1,628,20
2021-01-05,Kern,029,883053,74480,68257,6496,74753,624
2021-01-05,Kings,031,150075,17904,16860,694,17554,108
2021-01-05,Lake,033,64148,2226,2015,0,2015,25
2021-01-05,Lassen,035,31185,4655,4554,58,4612,1
2021-01-05,Los Angeles,037,10098052,908951,823783,29386,853169,11028
2021-01-05,Madera,039,155013,12323,11359,573,11932,67
2021-01-05,Marin,041,260295,10707,10214,106,10320,151
2021-01-05,Mariposa,043,17540,305,257,2,259,3
2021-01-05,Mendocino,045,87422,2772,2501,35,2536,30
2021-01-05,Merced,047,269075,21476,20051,475,20526,230
2021-01-05,Modoc,049,8938,292,254,80,334,0
2021-01-05,Mono,051,14174,979,896,9,905,3
2021-01-05,Monterey,053,433212,31921,30045,872,30917,213
2021-01-05,Napa,055,140530,6823,6264,25,6289,29
2021-01-05,Nevada,057,99092,3079,2781,109,2890,15
2021-01-05,Orange,059,3164182,191385,174869,7908,182777,1918
2021-01-05,Placer,061,380077,16464,14723,736,15459,133
2021-01-05,Plumas,063,18699,527,428,10,438,2
2021-01-05,Riverside,065,2383286,217973,200439,10760,211199,2069
2021-01-05,Sacramento,067,1510023,73718,70677,774,71451,888
2021-01-05,San Benito,069,59416,4330,3961,38,3999,28
2021-01-05,San Bernardino,071,2135413,231711,212522,6541,219063,1615
2021-01-05,San Diego,073,3302833,193822,172845,8857,181702,1654
2021-01-05,San Francisco,075,870044,26648,24989,306,25295,196
2021-01-05,San Joaquin,077,732212,52077,48969,2052,51021,663
2021-01-05,San Luis Obispo,079,281455,13693,12027,315,12342,106
2021-01-05,San Mateo,081,765935,29760,26486,158,26644,198
2021-01-05,Santa Barbara,083,443738,21811,19063,650,19713,172
2021-01-05,Santa Clara,085,1922200,83005,76355,348,76703,729
2021-01-05,Santa Cruz,087,273765,11313,9753,476,10229,93
2021-01-05,Shasta,089,179085,9075,8345,876,9221,73
2021-01-05,Sierra,091,2930,35,31,8,39,0
2021-01-05,Siskiyou,093,43540,1148,985,157,1142,3
2021-01-05,Solano,095,438530,22617,20860,247,21107,97
2021-01-05,Sonoma,097,501317,21735,20247,120,20367,194
2021-01-05,Stanislaus,099,539301,38984,36363,3899,40262,553
2021-01-05,Sutter,101,95872,7137,6769,53,6822,59
2021-01-05,Tehama,103,63373,3512,3255,366,3621,9
2021-01-05,Trinity,105,12862,327,246,37,283,2
2021-01-05,Tulare,107,460477,38054,35585,4738,40323,455
2021-01-05,Tuolumne,109,53932,3146,2996,18,3014,13
2021-01-05,Ventura,111,848112,52005,46456,1948,48404,264
2021-01-05,Yolo,113,214977,9819,8980,92,9072,127
2021-01-05,Yuba,115,75493,4341,4053,45,4098,21
2021-01-04,Alameda,001,1643700,59396,55899,1229,57128,583
2021-01-04,Alpine,003,1148,72,68,0,68,0
2021-01-04,Amador,005,37829,2837,2596,23,2619,24
2021-01-04,Butte,007,227075,8751,7893,1134,9027,105
2021-01-04,Calaveras,009,45235,1331,1276,5,1281,21
2021-01-04,Colusa,011,21464,1439,1368,111,1479,7
2021-01-04,Contra Costa,013,1133247,46028,43019,749,43768,353
2021-01-04,Del Norte,015,27424,794,770,0,770,2
2021-01-04,El Dorado,017,186661,7032,6152,402,6554,27
2021-01-04,Fresno,019,978130,75854,69871,5657,75528,726
2021-01-04,Glenn,021,27897,1755,1590,322,1912,9
2021-01-04,Humboldt,023,135768,2042,1845,7,1852,22
2021-01-04,Imperial,025,180216,24185,23035,1852,24887,420
2021-01-04,Inyo,027,18085,790,623,1,624,20
2021-01-04,Kern,029,883053,73405,67418,6290,73708,623
2021-01-04,Kings,031,150075,17633,16801,667,17468,108
2021-01-04,Lake,033,64148,2184,1984,0,1984,25
2021-01-04,Lassen,035,31185,4633,4550,57,4607,1
2021-01-04,Los Angeles,037,10098052,888933,813022,28471,841493,10790
2021-01-04,Madera,039,155013,12102,11204,551,11755,67
2021-01-04,Marin,041,260295,10572,10115,103,10218,151
2021-01-04,Mariposa,043,17540,299,253,2,255,3
2021-01-04,Mendocino,045,87422,2732,2460,31,2491,28
2021-01-04,Merced,047,269075,21062,19804,456,20260,230
2021-01-04,Modoc,049,8938,276,250,78,328,0
2021-01-04,Mono,051,14174,968,895,9,904,3
2021-01-04,Monterey,053,433212,31268,29659,849,30508,212
2021-01-04,Napa,055,140530,6682,6187,25,6212,29
2021-01-04,Nevada,057,99092,3042,2765,104,2869,15
2021-01-04,Orange,059,3164182,187503,172458,7776,180234,1918
2021-01-04,Placer,061,380077,16190,14622,722,15344,133
2021-01-04,Plumas,063,18699,517,419,10,429,1
2021-01-04,Riverside,065,2383286,213500,196809,10545,207354,2066
2021-01-04,Sacramento,067,1510023,72659,70164,764,70928,870
2021-01-04,San Benito,069,59416,4217,3914,38,3952,28
2021-01-04,San Bernardino,071,2135413,227504,210868,6376,217244,1615
2021-01-04,San Diego,073,3302833,189254,171031,8663,179694,1598
2021-01-04,San Francisco,075,870044,26263,24753,299,25052,191
2021-01-04,San Joaquin,077,732212,51177,48644,2010,50654,661
2021-01-04,San Luis Obispo,079,281455,13204,11945,307,12252,96
2021-01-04,San Mateo,081,765935,29198,26150,153,26303,198
2021-01-04,Santa Barbara,083,443738,21295,18735,617,19352,165
2021-01-04,Santa Clara,085,1922200,81252,75297,341,75638,727
2021-01-04,Santa Cruz,087,273765,11026,9680,459,10139,85
2021-01-04,Shasta,089,179085,8970,8224,860,9084,72
2021-01-04,Sierra,091,2930,34,30,8,38,0
2021-01-04,Siskiyou,093,43540,1132,980,152,1132,3
2021-01-04,Solano,095,438530,22112,20588,240,20828,97
2021-01-04,Sonoma,097,501317,21392,20210,119,20329,194
2021-01-04,Stanislaus,099,539301,38423,36141,3841,39982,553
2021-01-04,Sutter,101,95872,7039,6712,52,6764,56
2021-01-04,Tehama,103,63373,3439,3190,360,3550,9
2021-01-04,Trinity,105,12862,324,245,37,282,2
2021-01-04,Tulare,107,460477,37496,35060,4630,39690,455
2021-01-04,Tuolumne,109,53932,3121,2987,18,3005,13
2021-01-04,Ventura,111,848112,50504,45014,1929,46943,255
2021-01-04,Yolo,113,214977,9623,8834,86,8920,121
2021-01-04,Yuba,115,75493,4282,4023,45,4068,21
2021-01-03,Alameda,001,1643700,58162,55082,1198,56280,580
2021-01-03,Alpine,003,1148,70,68,0,68,0
2021-01-03,Amador,005,37829,2773,2565,23,2588,24
2021-01-03,Butte,007,227075,8561,7837,1079,8916,105
2021-01-03,Calaveras,009,45235,1295,1249,3,1252,21
2021-01-03,Colusa,011,21464,1410,1337,105,1442,7
2021-01-03,Contra Costa,013,1133247,45136,42432,724,43156,352
2021-01-03,Del Norte,015,27424,782,768,0,768,2
2021-01-03,El Dorado,017,186661,6904,6034,385,6419,27
2021-01-03,Fresno,019,978130,74711,69326,5531,74857,719
2021-01-03,Glenn,021,27897,1730,1581,311,1892,9
2021-01-03,Humboldt,023,135768,2005,1833,7,1840,21
2021-01-03,Imperial,025,180216,23933,22951,1766,24717,419
2021-01-03,Inyo,027,18085,773,615,1,616,20
2021-01-03,Kern,029,883053,72153,66895,6107,73002,609
2021-01-03,Kings,031,150075,17366,16593,633,17226,108
2021-01-03,Lake,033,64148,2131,1976,0,1976,24
2021-01-03,Lassen,035,31185,4600,4531,56,4587,1
2021-01-03,Los Angeles,037,10098052,867029,792168,27364,819532,10633
2021-01-03,Madera,039,155013,11877,11152,527,11679,67
2021-01-03,Marin,041,260295,10422,10034,98,10132,150
2021-01-03,Mariposa,043,17540,292,248,2,250,3
2021-01-03,Mendocino,045,87422,2692,2445,30,2475,24
2021-01-03,Merced,047,269075,20592,19600,429,20029,230
2021-01-03,Modoc,049,8938,272,245,77,322,0
2021-01-03,Mono,051,14174,943,893,9,902,3
2021-01-03,Monterey,053,433212,30679,29357,812,30169,191
2021-01-03,Napa,055,140530,6581,6094,25,6119,29
2021-01-03,Nevada,057,99092,2983,2742,101,2843,15
2021-01-03,Orange,059,3164182,183330,169881,7580,177461,1919
2021-01-03,Placer,061,380077,15943,14319,697,15016,133
2021-01-03,Plumas,063,18699,504,416,10,426,1
2021-01-03,Riverside,065,2383286,208723,195048,10267,205315,2005
2021-01-03,Sacramento,067,1510023,71458,68558,743,69301,859
2021-01-03,San Benito,069,59416,4118,3882,37,3919,28
2021-01-03,San Bernardino,071,2135413,222219,208294,6196,214490,1592
2021-01-03,San Diego,073,3302833,183999,168018,8440,176458,1592
2021-01-03,San Francisco,075,870044,25765,24588,281,24869,193
2021-01-03,San Joaquin,077,732212,50076,47899,1947,49846,661
2021-01-03,San Luis Obispo,079,281455,12735,11636,297,11933,95
2021-01-03,San Mateo,081,765935,28606,25770,147,25917,196
2021-01-03,Santa Barbara,083,443738,20578,18267,600,18867,164
2021-01-03,Santa Clara,085,1922200,79699,74534,335,74869,720
2021-01-03,Santa Cruz,087,273765,10726,9528,440,9968,84
2021-01-03,Shasta,089,179085,8844,8192,818,9010,72
2021-01-03,Sierra,091,2930,34,30,8,38,0
2021-01-03,Siskiyou,093,43540,1099,976,143,1119,3
2021-01-03,Solano,095,438530,21579,20105,235,20340,97
2021-01-03,Sonoma,097,501317,21002,19982,115,20097,193
2021-01-03,Stanislaus,099,539301,37735,35762,3758,39520,553
2021-01-03,Sutter,101,95872,6941,6664,51,6715,53
2021-01-03,Tehama,103,63373,3379,3176,351,3527,9
2021-01-03,Trinity,105,12862,321,243,36,279,2
2021-01-03,Tulare,107,460477,36942,34747,4483,39230,455
2021-01-03,Tuolumne,109,53932,3059,2978,15,2993,13
2021-01-03,Ventura,111,848112,48680,43748,1911,45659,254
2021-01-03,Yolo,113,214977,9463,8674,82,8756,121
2021-01-03,Yuba,115,75493,4228,3966,44,4010,20
2021-01-02,Alameda,001,1643700,57552,54518,1168,55686,581
2021-01-02,Alpine,003,1148,70,68,0,68,0
2021-01-02,Amador,005,37829,2754,2540,23,2563,24
2021-01-02,Butte,007,227075,8453,7750,1058,8808,105
2021-01-02,Calaveras,009,45235,1276,1230,3,1233,21
2021-01-02,Colusa,011,21464,1400,1332,104,1436,7
2021-01-02,Contra Costa,013,1133247,44614,41993,712,42705,352
2021-01-02,Del Norte,015,27424,780,764,0,764,2
2021-01-02,El Dorado,017,186661,6849,5959,381,6340,27
2021-01-02,Fresno,019,978130,74177,68740,5415,74155,717
2021-01-02,Glenn,021,27897,1715,1546,310,1856,9
2021-01-02,Humboldt,023,135768,1981,1815,7,1822,21
2021-01-02,Imperial,025,180216,23855,22867,1726,24593,420
2021-01-02,Inyo,027,18085,760,609,1,610,20
2021-01-02,Kern,029,883053,71437,66457,5997,72454,610
2021-01-02,Kings,031,150075,17274,16515,629,17144,108
2021-01-02,Lake,033,64148,2095,1925,0,1925,24
2021-01-02,Lassen,035,31185,4589,4457,55,4512,1
2021-01-02,Los Angeles,037,10098052,858761,791892,26625,818517,10633
2021-01-02,Madera,039,155013,11768,11039,515,11554,67
2021-01-02,Marin,041,260295,10377,9924,95,10019,151
2021-01-02,Mariposa,043,17540,285,243,2,245,3
2021-01-02,Mendocino,045,87422,2650,2428,29,2457,24
2021-01-02,Merced,047,269075,20451,19395,412,19807,230
2021-01-02,Modoc,049,8938,271,245,77,322,0
2021-01-02,Mono,051,14174,933,884,9,893,3
2021-01-02,Monterey,053,433212,30472,28991,801,29792,191
2021-01-02,Napa,055,140530,6522,5994,25,6019,29
2021-01-02,Nevada,057,99092,2956,2706,97,2803,15
2021-01-02,Orange,059,3164182,181148,168457,7426,175883,1918
2021-01-02,Placer,061,380077,15769,14182,687,14869,133
2021-01-02,Plumas,063,18699,501,413,10,423,1
2021-01-02,Riverside,065,2383286,206172,192069,10030,202099,2008
2021-01-02,Sacramento,067,1510023,70816,67810,728,68538,858
2021-01-02,San Benito,069,59416,4038,3829,37,3866,28
2021-01-02,San Bernardino,071,2135413,220606,206939,6062,213001,1597
2021-01-02,San Diego,073,3302833,181407,164498,8251,172749,1592
2021-01-02,San Francisco,075,870044,25505,24414,274,24688,194
2021-01-02,San Joaquin,077,732212,49712,47310,1915,49225,662
2021-01-02,San Luis Obispo,079,281455,12601,11467,292,11759,95
2021-01-02,San Mateo,081,765935,28270,25483,139,25622,196
2021-01-02,Santa Barbara,083,443738,20293,18135,597,18732,164
2021-01-02,Santa Clara,085,1922200,78531,73662,328,73990,720
2021-01-02,Santa Cruz,087,273765,10575,9340,431,9771,85
2021-01-02,Shasta,089,179085,8778,8154,806,8960,72
2021-01-02,Sierra,091,2930,34,28,8,36,0
2021-01-02,Siskiyou,093,43540,1088,949,141,1090,3
2021-01-02,Solano,095,438530,21382,19805,225,20030,97
2021-01-02,Sonoma,097,501317,20844,19761,115,19876,194
2021-01-02,Stanislaus,099,539301,37422,35431,3689,39120,553
2021-01-02,Sutter,101,95872,6886,6621,51,6672,53
2021-01-02,Tehama,103,63373,3354,3146,347,3493,9
2021-01-02,Trinity,105,12862,318,243,36,279,2
2021-01-02,Tulare,107,460477,36625,34479,4413,38892,455
2021-01-02,Tuolumne,109,53932,3045,2942,13,2955,13
2021-01-02,Ventura,111,848112,47530,43397,1876,45273,254
2021-01-02,Yolo,113,214977,9369,8571,80,8651,122
2021-01-02,Yuba,115,75493,4190,3930,43,3973,21
2021-01-01,Alameda,001,1643700,56907,53518,1151,54669,579
2021-01-01,Alpine,003,1148,70,68,0,68,0
2021-01-01,Amador,005,37829,2728,2513,21,2534,24
2021-01-01,Butte,007,227075,8352,7589,1033,8622,105
2021-01-01,Calaveras,009,45235,1261,1186,3,1189,21
2021-01-01,Colusa,011,21464,1391,1314,102,1416,7
2021-01-01,Contra Costa,013,1133247,44140,41412,690,42102,351
2021-01-01,Del Norte,015,27424,774,758,0,758,2
2021-01-01,El Dorado,017,186661,6760,5832,370,6202,27
2021-01-01,Fresno,019,978130,73108,67484,5327,72811,717
2021-01-01,Glenn,021,27897,1699,1520,307,1827,9
2021-01-01,Humboldt,023,135768,1943,1783,7,1790,21
2021-01-01,Imperial,025,180216,23771,22715,1674,24389,418
2021-01-01,Inyo,027,18085,736,606,1,607,20
2021-01-01,Kern,029,883053,70614,65571,5885,71456,609
2021-01-01,Kings,031,150075,17091,16358,623,16981,108
2021-01-01,Lake,033,64148,2065,1888,0,1888,24
2021-01-01,Lassen,035,31185,4583,4377,55,4432,1
2021-01-01,Los Angeles,037,10098052,844640,775578,25895,801473,10515
2021-01-01,Madera,039,155013,11609,10752,506,11258,66
2021-01-01,Marin,041,260295,10270,9821,95,9916,148
2021-01-01,Mariposa,043,17540,277,236,2,238,3
2021-01-01,Mendocino,045,87422,2596,2400,29,2429,24
2021-01-01,Merced,047,269075,20267,19118,396,19514,229
2021-01-01,Modoc,049,8938,271,241,77,318,0
2021-01-01,Mono,051,14174,915,884,9,893,3
2021-01-01,Monterey,053,433212,30242,28465,793,29258,191
2021-01-01,Napa,055,140530,6436,5899,25,5924,28
2021-01-01,Nevada,057,99092,2932,2663,97,2760,15
2021-01-01,Orange,059,3164182,178362,165440,7275,172715,1893
2021-01-01,Placer,061,380077,15605,13987,669,14656,133
2021-01-01,Plumas,063,18699,496,412,10,422,1
2021-01-01,Riverside,065,2383286,203011,188674,9757,198431,1990
2021-01-01,Sacramento,067,1510023,70215,66956,710,67666,848
2021-01-01,San Benito,069,59416,4002,3773,37,3810,28
2021-01-01,San Bernardino,071,2135413,217789,203651,5923,209574,1590
2021-01-01,San Diego,073,3302833,178346,160071,8076,168147,1592
2021-01-01,San Francisco,075,870044,25230,24145,262,24407,187
2021-01-01,San Joaquin,077,732212,49431,46640,1867,48507,657
2021-01-01,San Luis Obispo,079,281455,12379,11160,284,11444,94
2021-01-01,San Mateo,081,765935,27822,25041,135,25176,194
2021-01-01,Santa Barbara,083,443738,19974,17759,587,18346,164
2021-01-01,Santa Clara,085,1922200,77264,71904,323,72227,680
2021-01-01,Santa Cruz,087,273765,10397,9146,419,9565,84
2021-01-01,Shasta,089,179085,8696,8102,789,8891,72
2021-01-01,Sierra,091,2930,34,26,8,34,0
2021-01-01,Siskiyou,093,43540,1074,944,136,1080,3
2021-01-01,Solano,095,438530,21170,19393,223,19616,97
2021-01-01,Sonoma,097,501317,20654,19513,115,19628,189
2021-01-01,Stanislaus,099,539301,37146,34978,3621,38599,553
2021-01-01,Sutter,101,95872,6830,6553,50,6603,52
2021-01-01,Tehama,103,63373,3298,3079,338,3417,9
2021-01-01,Trinity,105,12862,318,243,36,279,2
2021-01-01,Tulare,107,460477,36221,33994,4311,38305,454
2021-01-01,Tuolumne,109,53932,3029,2909,13,2922,13
2021-01-01,Ventura,111,848112,46037,42026,1848,43874,253
2021-01-01,Yolo,113,214977,9257,8461,78,8539,120
2021-01-01,Yuba,115,75493,4131,3845,42,3887,19
2020-12-31,Alameda,001,1643700,56384,52475,1119,53594,579
2020-12-31,Alpine,003,1148,70,66,0,66,0
2020-12-31,Amador,005,37829,2714,2493,21,2514,24
2020-12-31,Butte,007,227075,8279,7405,1014,8419,105
2020-12-31,Calaveras,009,45235,1249,1161,3,1164,21
2020-12-31,Colusa,011,21464,1383,1301,99,1400,7
2020-12-31,Contra Costa,013,1133247,43768,40512,675,41187,336
2020-12-31,Del Norte,015,27424,773,748,0,748,2
2020-12-31,El Dorado,017,186661,6708,5662,361,6023,26
2020-12-31,Fresno,019,978130,72684,66442,5263,71705,711
2020-12-31,Glenn,021,27897,1679,1484,302,1786,9
2020-12-31,Humboldt,023,135768,1926,1713,7,1720,21
2020-12-31,Imperial,025,180216,23707,22494,1658,24152,417
2020-12-31,Inyo,027,18085,728,591,1,592,20
2020-12-31,Kern,029,883053,70149,64904,5790,70694,609
2020-12-31,Kings,031,150075,17016,16077,615,16692,108
2020-12-31,Lake,033,64148,2053,1848,0,1848,23
2020-12-31,Lassen,035,31185,4577,4340,54,4394,1
2020-12-31,Los Angeles,037,10098052,839364,755844,25401,781245,10320
2020-12-31,Madera,039,155013,11542,10609,495,11104,64
2020-12-31,Marin,041,260295,10229,9731,94,9825,148
2020-12-31,Mariposa,043,17540,275,217,2,219,3
2020-12-31,Mendocino,045,87422,2581,2367,25,2392,24
2020-12-31,Merced,047,269075,20180,18808,386,19194,226
2020-12-31,Modoc,049,8938,271,238,77,315,0
2020-12-31,Mono,051,14174,908,868,9,877,3
2020-12-31,Monterey,053,433212,30054,27720,781,28501,188
2020-12-31,Napa,055,140530,6373,5801,25,5826,28
2020-12-31,Nevada,057,99092,2909,2619,95,2714,15
2020-12-31,Orange,059,3164182,176483,161586,7139,168725,1866
2020-12-31,Placer,061,380077,15455,13708,666,14374,126
2020-12-31,Plumas,063,18699,491,401,9,410,1
2020-12-31,Riverside,065,2383286,201489,184193,9617,193810,1958
2020-12-31,Sacramento,067,1510023,69698,65817,698,66515,830
2020-12-31,San Benito,069,59416,3980,3673,37,3710,28
2020-12-31,San Bernardino,071,2135413,216231,199115,5850,204965,1586
2020-12-31,San Diego,073,3302833,176584,155593,7983,163576,1534
2020-12-31,San Francisco,075,870044,25005,23740,254,23994,183
2020-12-31,San Joaquin,077,732212,49127,45764,1826,47590,646
2020-12-31,San Luis Obispo,079,281455,12269,10846,284,11130,89
2020-12-31,San Mateo,081,765935,27492,24570,129,24699,192
2020-12-31,Santa Barbara,083,443738,19732,17434,580,18014,161
2020-12-31,Santa Clara,085,1922200,76498,70032,318,70350,665
2020-12-31,Santa Cruz,087,273765,10281,8909,406,9315,84
2020-12-31,Shasta,089,179085,8631,7996,779,8775,69
2020-12-31,Sierra,091,2930,34,26,8,34,0
2020-12-31,Siskiyou,093,43540,1058,940,133,1073,3
2020-12-31,Solano,095,438530,20942,18942,222,19164,97
2020-12-31,Sonoma,097,501317,20537,19129,114,19243,188
2020-12-31,Stanislaus,099,539301,36851,34398,3565,37963,552
2020-12-31,Sutter,101,95872,6800,6432,49,6481,51
2020-12-31,Tehama,103,63373,3269,3036,337,3373,9
2020-12-31,Trinity,105,12862,317,241,36,277,2
2020-12-31,Tulare,107,460477,36060,33412,4257,37669,446
2020-12-31,Tuolumne,109,53932,3021,2902,13,2915,12
2020-12-31,Ventura,111,848112,45531,40854,1830,42684,251
2020-12-31,Yolo,113,214977,9173,8295,77,8372,117
2020-12-31,Yuba,115,75493,4092,3799,41,3840,18
2020-12-30,Alameda,001,1643700,55624,50158,1068,51226,573
2020-12-30,Alpine,003,1148,70,66,0,66,0
2020-12-30,Amador,005,37829,2694,2418,20,2438,24
2020-12-30,Butte,007,227075,8119,7140,997,8137,103
2020-12-30,Calaveras,009,45235,1224,1135,3,1138,21
2020-12-30,Colusa,011,21464,1367,1289,93,1382,7
2020-12-30,Contra Costa,013,1133247,43185,39601,663,40264,337
2020-12-30,Del Norte,015,27424,768,726,0,726,2
2020-12-30,El Dorado,017,186661,6609,5595,349,5944,27
2020-12-30,Fresno,019,978130,71843,65566,5099,70665,711
2020-12-30,Glenn,021,27897,1650,1471,289,1760,9
2020-12-30,Humboldt,023,135768,1892,1654,7,1661,22
2020-12-30,Imperial,025,180216,23540,22098,1580,23678,412
2020-12-30,Inyo,027,18085,721,572,1,573,20
2020-12-30,Kern,029,883053,69428,63292,5639,68931,604
2020-12-30,Kings,031,150075,16897,15862,607,16469,108
2020-12-30,Lake,033,64148,2030,1731,0,1731,23
2020-12-30,Lassen,035,31185,4568,4300,54,4354,1
2020-12-30,Los Angeles,037,10098052,828536,741907,24672,766579,10046
2020-12-30,Madera,039,155013,11433,10249,484,10733,65
2020-12-30,Marin,041,260295,10142,9569,87,9656,148
2020-12-30,Mariposa,043,17540,271,214,2,216,3
2020-12-30,Mendocino,045,87422,2563,2291,22,2313,24
2020-12-30,Merced,047,269075,19888,18519,376,18895,225
2020-12-30,Modoc,049,8938,268,234,77,311,0
2020-12-30,Mono,051,14174,905,868,9,877,3
2020-12-30,Monterey,053,433212,29447,26977,758,27735,186
2020-12-30,Napa,055,140530,6267,5754,25,5779,28
2020-12-30,Nevada,057,99092,2874,2595,93,2688,15
2020-12-30,Orange,059,3164182,173826,153951,6945,160896,1863
2020-12-30,Placer,061,380077,15203,13540,654,14194,127
2020-12-30,Plumas,063,18699,486,397,9,406,1
2020-12-30,Riverside,065,2383286,198579,176402,9421,185823,1919
2020-12-30,Sacramento,067,1510023,68827,64119,680,64799,847
2020-12-30,San Benito,069,59416,3899,3464,33,3497,29
2020-12-30,San Bernardino,071,2135413,213656,192648,5761,198409,1591
2020-12-30,San Diego,073,3302833,172952,152510,7808,160318,1472
2020-12-30,San Francisco,075,870044,24714,23099,248,23347,182
2020-12-30,San Joaquin,077,732212,48440,44465,1783,46248,634
2020-12-30,San Luis Obispo,079,281455,12001,10542,276,10818,89
2020-12-30,San Mateo,081,765935,27060,24150,125,24275,190
2020-12-30,Santa Barbara,083,443738,19341,16895,556,17451,161
2020-12-30,Santa Clara,085,1922200,75232,67218,314,67532,661
2020-12-30,Santa Cruz,087,273765,10087,8787,396,9183,86
2020-12-30,Shasta,089,179085,8519,7818,765,8583,69
2020-12-30,Sierra,091,2930,34,25,8,33,0
2020-12-30,Siskiyou,093,43540,1051,913,123,1036,3
2020-12-30,Solano,095,438530,20546,18300,219,18519,96
2020-12-30,Sonoma,097,501317,20278,18947,114,19061,191
2020-12-30,Stanislaus,099,539301,36371,33730,3490,37220,526
2020-12-30,Sutter,101,95872,6739,6328,48,6376,51
2020-12-30,Tehama,103,63373,3225,2969,333,3302,9
2020-12-30,Trinity,105,12862,316,231,36,267,2
2020-12-30,Tulare,107,460477,35509,32413,4192,36605,430
2020-12-30,Tuolumne,109,53932,3008,2772,11,2783,12
2020-12-30,Ventura,111,848112,44244,39039,1805,40844,251
2020-12-30,Yolo,113,214977,9066,8067,74,8141,117
2020-12-30,Yuba,115,75493,4024,3612,41,3653,18
2020-12-29,Alameda,001,1643700,54566,50946,1032,51978,552
2020-12-29,Alpine,003,1148,70,65,0,65,0
2020-12-29,Amador,005,37829,2642,2388,19,2407,23
2020-12-29,Butte,007,227075,7948,7178,973,8151,98
2020-12-29,Calaveras,009,45235,1179,1111,2,1113,21
2020-12-29,Colusa,011,21464,1346,1272,88,1360,7
2020-12-29,Contra Costa,013,1133247,42382,39225,632,39857,325
2020-12-29,Del Norte,015,27424,761,724,0,724,2
2020-12-29,El Dorado,017,186661,6481,5551,334,5885,22
2020-12-29,Fresno,019,978130,70474,65149,4938,70087,688
2020-12-29,Glenn,021,27897,1616,1454,282,1736,9
2020-12-29,Humboldt,023,135768,1846,1616,7,1623,19
2020-12-29,Imperial,025,180216,23332,22105,1490,23595,407
2020-12-29,Inyo,027,18085,704,571,1,572,19
2020-12-29,Kern,029,883053,68269,63096,5461,68557,589
2020-12-29,Kings,031,150075,16728,15777,595,16372,108
2020-12-29,Lake,033,64148,1998,1805,0,1805,22
2020-12-29,Lassen,035,31185,4553,4288,54,4342,1
2020-12-29,Los Angeles,037,10098052,808412,731907,23767,755674,9786
2020-12-29,Madera,039,155013,11119,10251,468,10719,64
2020-12-29,Marin,041,260295,9990,9595,84,9679,146
2020-12-29,Mariposa,043,17540,263,212,2,214,3
2020-12-29,Mendocino,045,87422,2520,2249,21,2270,24
2020-12-29,Merced,047,269075,19538,18464,361,18825,221
2020-12-29,Modoc,049,8938,265,232,77,309,0
2020-12-29,Mono,051,14174,896,868,9,877,3
2020-12-29,Monterey,053,433212,28812,26894,730,27624,185
2020-12-29,Napa,055,140530,6147,5663,25,5688,28
2020-12-29,Nevada,057,99092,2826,2550,92,2642,15
2020-12-29,Orange,059,3164182,170036,154411,6771,161182,1839
2020-12-29,Placer,061,380077,14966,13392,631,14023,126
2020-12-29,Plumas,063,18699,477,395,9,404,1
2020-12-29,Riverside,065,2383286,194016,177624,9155,186779,1904
2020-12-29,Sacramento,067,1510023,67790,65078,665,65743,820
2020-12-29,San Benito,069,59416,3780,3474,32,3506,25
2020-12-29,San Bernardino,071,2135413,208837,190476,5620,196096,1557
2020-12-29,San Diego,073,3302833,168731,150062,7577,157639,1435
2020-12-29,San Francisco,075,870044,24377,22996,239,23235,178
2020-12-29,San Joaquin,077,732212,47525,44699,1727,46426,622
2020-12-29,San Luis Obispo,079,281455,11707,10387,268,10655,80
2020-12-29,San Mateo,081,765935,26517,23773,112,23885,189
2020-12-29,Santa Barbara,083,443738,18879,16797,530,17327,155
2020-12-29,Santa Clara,085,1922200,73686,67581,311,67892,621
2020-12-29,Santa Cruz,087,273765,9817,8492,387,8879,84
2020-12-29,Shasta,089,179085,8414,7782,750,8532,65
2020-12-29,Sierra,091,2930,32,24,7,31,0
2020-12-29,Siskiyou,093,43540,1036,926,121,1047,3
2020-12-29,Solano,095,438530,20165,18412,214,18626,96
2020-12-29,Sonoma,097,501317,19941,18790,112,18902,187
2020-12-29,Stanislaus,099,539301,35873,33775,3426,37201,508
2020-12-29,Sutter,101,95872,6671,6302,48,6350,50
2020-12-29,Tehama,103,63373,3158,2962,318,3280,9
2020-12-29,Trinity,105,12862,316,241,36,277,2
2020-12-29,Tulare,107,460477,34851,32545,4060,36605,419
2020-12-29,Tuolumne,109,53932,2966,2797,11,2808,12
2020-12-29,Ventura,111,848112,42991,38669,1777,40446,235
2020-12-29,Yolo,113,214977,8937,8124,72,8196,111
2020-12-29,Yuba,115,75493,3944,3723,41,3764,18
2020-12-28,Alameda,001,1643700,53531,50405,1009,51414,551
2020-12-28,Alpine,003,1148,69,65,0,65,0
2020-12-28,Amador,005,37829,2572,2255,19,2274,23
2020-12-28,Butte,007,227075,7782,7053,943,7996,86
2020-12-28,Calaveras,009,45235,1157,1102,2,1104,21
2020-12-28,Colusa,011,21464,1322,1255,73,1328,7
2020-12-28,Contra Costa,013,1133247,41451,38872,605,39477,324
2020-12-28,Del Norte,015,27424,751,718,0,718,2
2020-12-28,El Dorado,017,186661,6324,5441,322,5763,18
2020-12-28,Fresno,019,978130,69208,64274,4781,69055,679
2020-12-28,Glenn,021,27897,1582,1435,270,1705,9
2020-12-28,Humboldt,023,135768,1811,1579,7,1586,19
2020-12-28,Imperial,025,180216,23071,22003,1413,23416,405
2020-12-28,Inyo,027,18085,697,569,1,570,19
2020-12-28,Kern,029,883053,67208,62392,5252,67644,579
2020-12-28,Kings,031,150075,16512,15733,577,16310,108
2020-12-28,Lake,033,64148,1956,1785,0,1785,22
2020-12-28,Lassen,035,31185,4446,4284,53,4337,1
2020-12-28,Los Angeles,037,10098052,786143,720699,22916,743615,9544
2020-12-28,Madera,039,155013,10945,10123,445,10568,64
2020-12-28,Marin,041,260295,9881,9546,77,9623,145
2020-12-28,Mariposa,043,17540,239,211,2,213,3
2020-12-28,Mendocino,045,87422,2485,2214,21,2235,23
2020-12-28,Merced,047,269075,19217,18245,343,18588,213
2020-12-28,Modoc,049,8938,260,220,76,296,0
2020-12-28,Mono,051,14174,892,848,9,857,3
2020-12-28,Monterey,053,433212,27979,26529,717,27246,182
2020-12-28,Napa,055,140530,6038,5576,25,5601,26
2020-12-28,Nevada,057,99092,2779,2532,87,2619,15
2020-12-28,Orange,059,3164182,165933,152089,6588,158677,1839
2020-12-28,Placer,061,380077,14625,13234,603,13837,126
2020-12-28,Plumas,063,18699,473,391,9,400,0
2020-12-28,Riverside,065,2383286,189177,174029,8846,182875,1855
2020-12-28,Sacramento,067,1510023,66562,64322,640,64962,813
2020-12-28,San Benito,069,59416,3709,3429,31,3460,24
2020-12-28,San Bernardino,071,2135413,203749,188919,5498,194417,1552
2020-12-28,San Diego,073,3302833,163993,147528,7393,154921,1404
2020-12-28,San Francisco,075,870044,24016,22726,233,22959,178
2020-12-28,San Joaquin,077,732212,46590,44172,1695,45867,618
2020-12-28,San Luis Obispo,079,281455,11357,10260,263,10523,76
2020-12-28,San Mateo,081,765935,26044,23467,109,23576,189
2020-12-28,Santa Barbara,083,443738,18421,16579,516,17095,155
2020-12-28,Santa Clara,085,1922200,72197,66418,304,66722,619
2020-12-28,Santa Cruz,087,273765,9549,8310,377,8687,81
2020-12-28,Shasta,089,179085,8295,7688,737,8425,65
2020-12-28,Sierra,091,2930,29,24,7,31,0
2020-12-28,Siskiyou,093,43540,1021,915,115,1030,3
2020-12-28,Solano,095,438530,19591,18171,208,18379,96
2020-12-28,Sonoma,097,501317,19595,18667,110,18777,185
2020-12-28,Stanislaus,099,539301,35328,33473,3360,36833,507
2020-12-28,Sutter,101,95872,6588,6253,48,6301,49
2020-12-28,Tehama,103,63373,3105,2934,309,3243,9
2020-12-28,Trinity,105,12862,314,240,36,276,2
2020-12-28,Tulare,107,460477,34169,32010,3948,35958,404
2020-12-28,Tuolumne,109,53932,2950,2777,11,2788,12
2020-12-28,Ventura,111,848112,41324,37151,1727,38878,230
2020-12-28,Yolo,113,214977,8782,8031,71,8102,111
2020-12-28,Yuba,115,75493,3882,3679,40,3719,18
2020-12-27,Alameda,001,1643700,52291,49764,980,50744,551
2020-12-27,Alpine,003,1148,67,65,0,65,0
2020-12-27,Amador,005,37829,2451,2218,19,2237,23
2020-12-27,Butte,007,227075,7628,7016,906,7922,86
2020-12-27,Calaveras,009,45235,1111,1097,2,1099,21
2020-12-27,Colusa,011,21464,1297,1253,70,1323,7
2020-12-27,Contra Costa,013,1133247,40530,38428,575,39003,324
2020-12-27,Del Norte,015,27424,728,712,0,712,2
2020-12-27,El Dorado,017,186661,6111,5388,296,5684,18
2020-12-27,Fresno,019,978130,67966,63811,4566,68377,679
2020-12-27,Glenn,021,27897,1556,1434,255,1689,9
2020-12-27,Humboldt,023,135768,1768,1575,7,1582,17
2020-12-27,Imperial,025,180216,22787,21934,1294,23228,405
2020-12-27,Inyo,027,18085,675,565,1,566,18
2020-12-27,Kern,029,883053,65937,61914,5080,66994,568
2020-12-27,Kings,031,150075,16276,15593,541,16134,108
2020-12-27,Lake,033,64148,1902,1769,0,1769,22
2020-12-27,Lassen,035,31185,4369,4230,46,4276,1
2020-12-27,Los Angeles,037,10098052,764744,707260,21970,729230,9476
2020-12-27,Madera,039,155013,10687,10005,435,10440,64
2020-12-27,Marin,041,260295,9759,9477,71,9548,144
2020-12-27,Mariposa,043,17540,232,208,2,210,3
2020-12-27,Mendocino,045,87422,2437,2209,21,2230,23
2020-12-27,Merced,047,269075,18849,18075,327,18402,213
2020-12-27,Modoc,049,8938,251,221,72,293,0
2020-12-27,Mono,051,14174,873,849,9,858,3
2020-12-27,Monterey,053,433212,27438,26322,700,27022,181
2020-12-27,Napa,055,140530,5903,5496,25,5521,26
2020-12-27,Nevada,057,99092,2743,2519,87,2606,15
2020-12-27,Orange,059,3164182,161547,149276,6393,155669,1839
2020-12-27,Placer,061,380077,14337,13017,570,13587,126
2020-12-27,Plumas,063,18699,467,390,9,399,0
2020-12-27,Riverside,065,2383286,184334,171995,8528,180523,1836
2020-12-27,Sacramento,067,1510023,65360,63416,614,64030,811
2020-12-27,San Benito,069,59416,3623,3394,31,3425,24
2020-12-27,San Bernardino,071,2135413,198693,186776,5351,192127,1551
2020-12-27,San Diego,073,3302833,159588,145777,7206,152983,1402
2020-12-27,San Francisco,075,870044,23667,22514,224,22738,178
2020-12-27,San Joaquin,077,732212,45553,43529,1642,45171,618
2020-12-27,San Luis Obispo,079,281455,10950,10154,258,10412,76
2020-12-27,San Mateo,081,765935,25478,23136,105,23241,187
2020-12-27,Santa Barbara,083,443738,17903,16364,487,16851,155
2020-12-27,Santa Clara,085,1922200,70577,65288,298,65586,619
2020-12-27,Santa Cruz,087,273765,9281,8234,368,8602,81
2020-12-27,Shasta,089,179085,8171,7671,713,8384,65
2020-12-27,Sierra,091,2930,29,24,6,30,0
2020-12-27,Siskiyou,093,43540,1010,914,110,1024,3
2020-12-27,Solano,095,438530,19098,17840,202,18042,96
2020-12-27,Sonoma,097,501317,19306,18487,109,18596,185
2020-12-27,Stanislaus,099,539301,34728,33076,3264,36340,506
2020-12-27,Sutter,101,95872,6506,6218,46,6264,48
2020-12-27,Tehama,103,63373,3034,2922,291,3213,9
2020-12-27,Trinity,105,12862,310,240,34,274,2
2020-12-27,Tulare,107,460477,33574,31864,3826,35690,400
2020-12-27,Tuolumne,109,53932,2843,2750,9,2759,12
2020-12-27,Ventura,111,848112,40264,36661,1672,38333,230
2020-12-27,Yolo,113,214977,8591,7919,65,7984,111
2020-12-27,Yuba,115,75493,3820,3665,38,3703,18
2020-12-26,Alameda,001,1643700,51685,49084,967,50051,551
2020-12-26,Alpine,003,1148,67,65,0,65,0
2020-12-26,Amador,005,37829,2437,2189,19,2208,23
2020-12-26,Butte,007,227075,7534,6968,884,7852,86
2020-12-26,Calaveras,009,45235,1105,1084,2,1086,21
2020-12-26,Colusa,011,21464,1287,1240,70,1310,7
2020-12-26,Contra Costa,013,1133247,40068,38008,561,38569,324
2020-12-26,Del Norte,015,27424,722,709,0,709,2
2020-12-26,El Dorado,017,186661,6056,5279,292,5571,18
2020-12-26,Fresno,019,978130,67499,63080,4501,67581,679
2020-12-26,Glenn,021,27897,1535,1413,249,1662,9
2020-12-26,Humboldt,023,135768,1730,1545,7,1552,17
2020-12-26,Imperial,025,180216,22698,21734,1241,22975,405
2020-12-26,Inyo,027,18085,662,554,1,555,18
2020-12-26,Kern,029,883053,65274,61174,4920,66094,564
2020-12-26,Kings,031,150075,16158,15517,536,16053,108
2020-12-26,Lake,033,64148,1859,1710,0,1710,22
2020-12-26,Lassen,035,31185,4348,3981,46,4027,1
2020-12-26,Los Angeles,037,10098052,756239,694149,21431,715580,9424
2020-12-26,Madera,039,155013,10613,9908,421,10329,64
2020-12-26,Marin,041,260295,9723,9413,70,9483,143
2020-12-26,Mariposa,043,17540,231,206,2,208,3
2020-12-26,Mendocino,045,87422,2391,2194,21,2215,23
2020-12-26,Merced,047,269075,18692,17890,322,18212,213
2020-12-26,Modoc,049,8938,248,222,72,294,0
2020-12-26,Mono,051,14174,867,850,9,859,3
2020-12-26,Monterey,053,433212,27305,26010,691,26701,182
2020-12-26,Napa,055,140530,5845,5427,25,5452,26
2020-12-26,Nevada,057,99092,2715,2480,87,2567,15
2020-12-26,Orange,059,3164182,159353,147304,6296,153600,1838
2020-12-26,Placer,061,380077,14171,12816,554,13370,122
2020-12-26,Plumas,063,18699,464,381,9,390,0
2020-12-26,Riverside,065,2383286,181879,169360,8362,177722,1834
2020-12-26,Sacramento,067,1510023,64738,62435,604,63039,807
2020-12-26,San Benito,069,59416,3550,3330,31,3361,24
2020-12-26,San Bernardino,071,2135413,197054,185111,5263,190374,1551
2020-12-26,San Diego,073,3302833,157066,142644,7058,149702,1402
2020-12-26,San Francisco,075,870044,23434,22319,223,22542,177
2020-12-26,San Joaquin,077,732212,45167,42887,1593,44480,618
2020-12-26,San Luis Obispo,079,281455,10864,9945,252,10197,76
2020-12-26,San Mateo,081,765935,25140,22908,99,23007,187
2020-12-26,Santa Barbara,083,443738,17666,16159,481,16640,155
2020-12-26,Santa Clara,085,1922200,69515,64185,295,64480,618
2020-12-26,Santa Cruz,087,273765,9157,8113,358,8471,81
2020-12-26,Shasta,089,179085,8112,7641,700,8341,65
2020-12-26,Sierra,091,2930,29,24,6,30,0
2020-12-26,Siskiyou,093,43540,1004,909,105,1014,2
2020-12-26,Solano,095,438530,18858,17528,202,17730,96
2020-12-26,Sonoma,097,501317,19105,18261,107,18368,184
2020-12-26,Stanislaus,099,539301,34438,32678,3213,35891,505
2020-12-26,Sutter,101,95872,6447,6121,46,6167,48
2020-12-26,Tehama,103,63373,3007,2884,286,3170,9
2020-12-26,Trinity,105,12862,310,237,33,270,2
2020-12-26,Tulare,107,460477,33277,31665,3772,35437,398
2020-12-26,Tuolumne,109,53932,2832,2703,9,2712,12
2020-12-26,Ventura,111,848112,39303,36064,1637,37701,230
2020-12-26,Yolo,113,214977,8489,7785,62,7847,111
2020-12-26,Yuba,115,75493,3793,3599,38,3637,18
2020-12-25,Alameda,001,1643700,51126,48365,952,49317,542
2020-12-25,Alpine,003,1148,67,64,0,64,0
2020-12-25,Amador,005,37829,2394,2172,19,2191,23
2020-12-25,Butte,007,227075,7437,6873,863,7736,85
2020-12-25,Calaveras,009,45235,1102,1062,2,1064,21
2020-12-25,Colusa,011,21464,1275,1219,69,1288,7
2020-12-25,Contra Costa,013,1133247,39596,37480,535,38015,324
2020-12-25,Del Norte,015,27424,719,692,0,692,2
2020-12-25,El Dorado,017,186661,5992,5170,277,5447,16
2020-12-25,Fresno,019,978130,66641,62251,4413,66664,679
2020-12-25,Glenn,021,27897,1520,1390,241,1631,9
2020-12-25,Humboldt,023,135768,1692,1532,7,1539,16
2020-12-25,Imperial,025,180216,22608,21646,1229,22875,405
2020-12-25,Inyo,027,18085,653,546,1,547,18
2020-12-25,Kern,029,883053,64551,60417,4768,65185,562
2020-12-25,Kings,031,150075,16048,15460,531,15991,108
2020-12-25,Lake,033,64148,1839,1669,0,1669,20
2020-12-25,Lassen,035,31185,4333,3926,46,3972,1
2020-12-25,Los Angeles,037,10098052,742631,665600,20721,686321,9292
2020-12-25,Madera,039,155013,10443,9770,413,10183,64
2020-12-25,Marin,041,260295,9675,9375,67,9442,143
2020-12-25,Mariposa,043,17540,225,203,2,205,3
2020-12-25,Mendocino,045,87422,2349,2176,21,2197,23
2020-12-25,Merced,047,269075,18532,17726,315,18041,213
2020-12-25,Modoc,049,8938,247,221,72,293,0
2020-12-25,Mono,051,14174,865,843,9,852,3
2020-12-25,Monterey,053,433212,27034,25788,682,26470,182
2020-12-25,Napa,055,140530,5765,5351,25,5376,26
2020-12-25,Nevada,057,99092,2689,2458,85,2543,15
2020-12-25,Orange,059,3164182,156674,144542,6097,150639,1814
2020-12-25,Placer,061,380077,13990,12660,531,13191,122
2020-12-25,Plumas,063,18699,457,381,9,390,0
2020-12-25,Riverside,065,2383286,178618,166690,8033,174723,1825
2020-12-25,Sacramento,067,1510023,64044,61630,577,62207,796
2020-12-25,San Benito,069,59416,3512,3281,29,3310,24
2020-12-25,San Bernardino,071,2135413,194417,181812,5142,186954,1546
2020-12-25,San Diego,073,3302833,154586,139958,6881,146839,1402
2020-12-25,San Francisco,075,870044,23158,22130,218,22348,175
2020-12-25,San Joaquin,077,732212,44863,42089,1534,43623,614
2020-12-25,San Luis Obispo,079,281455,10681,9749,245,9994,76
2020-12-25,San Mateo,081,765935,24817,22568,96,22664,187
2020-12-25,Santa Barbara,083,443738,17442,15936,473,16409,155
2020-12-25,Santa Clara,085,1922200,68400,63173,286,63459,612
2020-12-25,Santa Cruz,087,273765,9016,8018,334,8352,81
2020-12-25,Shasta,089,179085,8039,7612,677,8289,65
2020-12-25,Sierra,091,2930,29,24,5,29,0
2020-12-25,Siskiyou,093,43540,998,905,102,1007,2
2020-12-25,Solano,095,438530,18688,17280,200,17480,96
2020-12-25,Sonoma,097,501317,18928,18035,105,18140,184
2020-12-25,Stanislaus,099,539301,34148,32290,3164,35454,498
2020-12-25,Sutter,101,95872,6388,6051,45,6096,47
2020-12-25,Tehama,103,63373,2962,2839,272,3111,9
2020-12-25,Trinity,105,12862,307,236,33,269,2
2020-12-25,Tulare,107,460477,32894,31323,3704,35027,398
2020-12-25,Tuolumne,109,53932,2813,2674,9,2683,12
2020-12-25,Ventura,111,848112,38149,35514,1586,37100,230
2020-12-25,Yolo,113,214977,8392,7700,60,7760,111
2020-12-25,Yuba,115,75493,3758,3549,37,3586,17
2020-12-24,Alameda,001,1643700,50798,47527,931,48458,541
2020-12-24,Alpine,003,1148,67,64,0,64,0
2020-12-24,Amador,005,37829,2382,2145,19,2164,23
2020-12-24,Butte,007,227075,7399,6716,848,7564,84
2020-12-24,Calaveras,009,45235,1099,1032,2,1034,21
2020-12-24,Colusa,011,21464,1270,1188,68,1256,7
2020-12-24,Contra Costa,013,1133247,39351,36623,523,37146,311
2020-12-24,Del Norte,015,27424,719,678,0,678,2
2020-12-24,El Dorado,017,186661,5966,5042,269,5311,16
2020-12-24,Fresno,019,978130,66418,61435,4399,65834,663
2020-12-24,Glenn,021,27897,1509,1363,233,1596,9
2020-12-24,Humboldt,023,135768,1669,1516,7,1523,16
2020-12-24,Imperial,025,180216,22559,21545,1220,22765,402
2020-12-24,Inyo,027,18085,651,532,1,533,17
2020-12-24,Kern,029,883053,64264,59601,4755,64356,556
2020-12-24,Kings,031,150075,16008,15211,530,15741,108
2020-12-24,Lake,033,64148,1824,1629,0,1629,20
2020-12-24,Lassen,035,31185,4320,3894,46,3940,1
2020-12-24,Los Angeles,037,10098052,738486,664840,20451,685291,9288
2020-12-24,Madera,039,155013,10405,9547,406,9953,63
2020-12-24,Marin,041,260295,9642,9287,67,9354,143
2020-12-24,Mariposa,043,17540,221,197,2,199,3
2020-12-24,Mendocino,045,87422,2339,2150,21,2171,23
2020-12-24,Merced,047,269075,18461,17485,311,17796,212
2020-12-24,Modoc,049,8938,247,220,71,291,0
2020-12-24,Mono,051,14174,863,817,9,826,3
2020-12-24,Monterey,053,433212,26930,25131,675,25806,180
2020-12-24,Napa,055,140530,5711,5265,25,5290,26
2020-12-24,Nevada,057,99092,2665,2429,85,2514,15
2020-12-24,Orange,059,3164182,155197,141205,6045,147250,1775
2020-12-24,Placer,061,380077,13912,12457,524,12981,121
2020-12-24,Plumas,063,18699,454,376,9,385,0
2020-12-24,Riverside,065,2383286,177701,162435,7994,170429,1816
2020-12-24,Sacramento,067,1510023,63769,60596,575,61171,788
2020-12-24,San Benito,069,59416,3482,3183,29,3212,24
2020-12-24,San Bernardino,071,2135413,193409,176866,5107,181973,1533
2020-12-24,San Diego,073,3302833,153504,136952,6849,143801,1382
2020-12-24,San Francisco,075,870044,22993,21830,215,22045,175
2020-12-24,San Joaquin,077,732212,44703,41324,1515,42839,611
2020-12-24,San Luis Obispo,079,281455,10612,9504,243,9747,77
2020-12-24,San Mateo,081,765935,24620,22093,96,22189,186
2020-12-24,Santa Barbara,083,443738,17338,15644,465,16109,153
2020-12-24,Santa Clara,085,1922200,67798,61742,279,62021,591
2020-12-24,Santa Cruz,087,273765,8945,7856,322,8178,82
2020-12-24,Shasta,089,179085,7999,7540,659,8199,65
2020-12-24,Sierra,091,2930,27,23,2,25,0
2020-12-24,Siskiyou,093,43540,994,900,95,995,2
2020-12-24,Solano,095,438530,18547,16872,195,17067,96
2020-12-24,Sonoma,097,501317,18830,17710,105,17815,183
2020-12-24,Stanislaus,099,539301,33954,31848,3139,34987,498
2020-12-24,Sutter,101,95872,6347,5960,44,6004,47
2020-12-24,Tehama,103,63373,2946,2779,272,3051,9
2020-12-24,Trinity,105,12862,306,235,33,268,2
2020-12-24,Tulare,107,460477,32779,30827,3677,34504,390
2020-12-24,Tuolumne,109,53932,2805,2653,9,2662,12
2020-12-24,Ventura,111,848112,37871,34400,1579,35979,224
2020-12-24,Yolo,113,214977,8351,7566,60,7626,113
2020-12-24,Yuba,115,75493,3733,3483,37,3520,16
2020-12-23,Alameda,001,1643700,50233,46753,903,47656,537
2020-12-23,Alpine,003,1148,67,64,0,64,0
2020-12-23,Amador,005,37829,2314,2108,18,2126,23
2020-12-23,Butte,007,227075,7313,6588,820,7408,84
2020-12-23,Calaveras,009,45235,1091,1002,1,1003,21
2020-12-23,Colusa,011,21464,1259,1167,68,1235,7
2020-12-23,Contra Costa,013,1133247,38953,36190,509,36699,311
2020-12-23,Del Norte,015,27424,712,670,0,670,2
2020-12-23,El Dorado,017,186661,5892,4967,260,5227,14
2020-12-23,Fresno,019,978130,65812,60488,4331,64819,654
2020-12-23,Glenn,021,27897,1495,1349,229,1578,9
2020-12-23,Humboldt,023,135768,1644,1458,7,1465,16
2020-12-23,Imperial,025,180216,22465,21323,1190,22513,399
2020-12-23,Inyo,027,18085,639,517,1,518,17
2020-12-23,Kern,029,883053,63752,58656,4656,63312,549
2020-12-23,Kings,031,150075,15930,14923,527,15450,105
2020-12-23,Lake,033,64148,1810,1595,0,1595,20
2020-12-23,Lassen,035,31185,4310,3865,43,3908,1
2020-12-23,Los Angeles,037,10098052,729497,651958,19879,671837,9146
2020-12-23,Madera,039,155013,10248,9371,392,9763,63
2020-12-23,Marin,041,260295,9584,9199,64,9263,142
2020-12-23,Mariposa,043,17540,219,194,2,196,3
2020-12-23,Mendocino,045,87422,2327,2121,21,2142,23
2020-12-23,Merced,047,269075,18305,17250,304,17554,203
2020-12-23,Modoc,049,8938,243,197,70,267,0
2020-12-23,Mono,051,14174,861,814,9,823,3
2020-12-23,Monterey,053,433212,26632,24856,669,25525,176
2020-12-23,Napa,055,140530,5643,5172,25,5197,25
2020-12-23,Nevada,057,99092,2620,2406,84,2490,15
2020-12-23,Orange,059,3164182,152754,138050,5873,143923,1771
2020-12-23,Placer,061,380077,13706,12213,516,12729,111
2020-12-23,Plumas,063,18699,447,369,9,378,0
2020-12-23,Riverside,065,2383286,175459,158110,7826,165936,1790
2020-12-23,Sacramento,067,1510023,63124,59661,560,60221,779
2020-12-23,San Benito,069,59416,3427,3073,27,3100,24
2020-12-23,San Bernardino,071,2135413,191379,172888,5038,177926,1509
2020-12-23,San Diego,073,3302833,151082,134695,6712,141407,1350
2020-12-23,San Francisco,075,870044,22770,21498,212,21710,174
2020-12-23,San Joaquin,077,732212,44179,35664,1473,37137,602
2020-12-23,San Luis Obispo,079,281455,10471,9267,237,9504,74
2020-12-23,San Mateo,081,765935,24317,21780,94,21874,186
2020-12-23,Santa Barbara,083,443738,17131,15399,435,15834,152
2020-12-23,Santa Clara,085,1922200,66893,60455,274,60729,579
2020-12-23,Santa Cruz,087,273765,8785,7637,304,7941,75
2020-12-23,Shasta,089,179085,7926,7487,652,8139,66
2020-12-23,Sierra,091,2930,27,23,0,23,0
2020-12-23,Siskiyou,093,43540,974,891,92,983,2
2020-12-23,Solano,095,438530,18340,16626,190,16816,95
2020-12-23,Sonoma,097,501317,18626,17397,105,17502,182
2020-12-23,Stanislaus,099,539301,33612,31492,3083,34575,499
2020-12-23,Sutter,101,95872,6281,5871,44,5915,46
2020-12-23,Tehama,103,63373,2926,2737,268,3005,9
2020-12-23,Trinity,105,12862,306,234,33,267,2
2020-12-23,Tulare,107,460477,32485,30315,3635,33950,385
2020-12-23,Tuolumne,109,53932,2765,2540,9,2549,12
2020-12-23,Ventura,111,848112,37482,33377,1545,34922,216
2020-12-23,Yolo,113,214977,8273,7508,58,7566,112
2020-12-23,Yuba,115,75493,3682,3438,36,3474,14
2020-12-22,Alameda,001,1643700,49348,45751,870,46621,534
2020-12-22,Alpine,003,1148,67,64,0,64,0
2020-12-22,Amador,005,37829,2303,1839,18,1857,23
2020-12-22,Butte,007,227075,7186,6467,803,7270,85
2020-12-22,Calaveras,009,45235,1064,988,0,988,21
2020-12-22,Colusa,011,21464,1236,1150,64,1214,7
2020-12-22,Contra Costa,013,1133247,38330,35681,496,36177,301
2020-12-22,Del Norte,015,27424,706,666,0,666,2
2020-12-22,El Dorado,017,186661,5771,4885,246,5131,12
2020-12-22,Fresno,019,978130,64785,59640,4218,63858,640
2020-12-22,Glenn,021,27897,1472,1337,218,1555,9
2020-12-22,Humboldt,023,135768,1610,1440,7,1447,16
2020-12-22,Imperial,025,180216,22277,21128,1146,22274,398
2020-12-22,Inyo,027,18085,618,506,1,507,17
2020-12-22,Kern,029,883053,62809,57816,4509,62325,547
2020-12-22,Kings,031,150075,15791,14855,520,15375,102
2020-12-22,Lake,033,64148,1786,1569,0,1569,20
2020-12-22,Lassen,035,31185,4168,3848,41,3889,1
2020-12-22,Los Angeles,037,10098052,712313,635931,19148,655079,9013
2020-12-22,Madera,039,155013,10130,9187,376,9563,63
2020-12-22,Marin,041,260295,9521,9115,63,9178,142
2020-12-22,Mariposa,043,17540,216,194,2,196,3
2020-12-22,Mendocino,045,87422,2294,2092,21,2113,23
2020-12-22,Merced,047,269075,18060,17012,300,17312,201
2020-12-22,Modoc,049,8938,235,182,69,251,0
2020-12-22,Mono,051,14174,851,786,9,795,3
2020-12-22,Monterey,053,433212,25969,24152,648,24800,176
2020-12-22,Napa,055,140530,5556,5059,25,5084,23
2020-12-22,Nevada,057,99092,2593,2367,83,2450,14
2020-12-22,Orange,059,3164182,149416,134850,5697,140547,1774
2020-12-22,Placer,061,380077,13475,11943,495,12438,105
2020-12-22,Plumas,063,18699,441,360,9,369,0
2020-12-22,Riverside,065,2383286,171676,155059,7544,162603,1777
2020-12-22,Sacramento,067,1510023,62199,57966,540,58506,772
2020-12-22,San Benito,069,59416,3350,2998,27,3025,24
2020-12-22,San Bernardino,071,2135413,186816,169266,4884,174150,1500
2020-12-22,San Diego,073,3302833,147730,132097,6551,138648,1311
2020-12-22,San Francisco,075,870044,22501,21232,208,21440,174
2020-12-22,San Joaquin,077,732212,43426,39423,1425,40848,592
2020-12-22,San Luis Obispo,079,281455,10128,9174,232,9406,69
2020-12-22,San Mateo,081,765935,23989,21382,78,21460,186
2020-12-22,Santa Barbara,083,443738,16870,15189,425,15614,150
2020-12-22,Santa Clara,085,1922200,65727,59192,267,59459,569
2020-12-22,Santa Cruz,087,273765,8607,7471,277,7748,72
2020-12-22,Shasta,089,179085,7847,7371,635,8006,64
2020-12-22,Sierra,091,2930,27,23,0,23,0
2020-12-22,Siskiyou,093,43540,969,880,89,969,2
2020-12-22,Solano,095,438530,17936,16229,187,16416,95
2020-12-22,Sonoma,097,501317,18308,17216,105,17321,180
2020-12-22,Stanislaus,099,539301,33235,30914,3008,33922,499
2020-12-22,Sutter,101,95872,6220,5791,43,5834,46
2020-12-22,Tehama,103,63373,2879,2688,260,2948,9
2020-12-22,Trinity,105,12862,306,231,33,264,2
2020-12-22,Tulare,107,460477,32022,30025,3563,33588,377
2020-12-22,Tuolumne,109,53932,2710,2526,9,2535,12
2020-12-22,Ventura,111,848112,36721,32488,1498,33986,213
2020-12-22,Yolo,113,214977,8160,7388,57,7445,113
2020-12-22,Yuba,115,75493,3632,3379,36,3415,14
2020-12-21,Alameda,001,1643700,48448,44756,841,45597,518
2020-12-21,Alpine,003,1148,66,64,0,64,0
2020-12-21,Amador,005,37829,2226,1815,18,1833,23
2020-12-21,Butte,007,227075,7031,6335,779,7114,81
2020-12-21,Calaveras,009,45235,1034,963,0,963,21
2020-12-21,Colusa,011,21464,1209,1135,59,1194,7
2020-12-21,Contra Costa,013,1133247,37583,35207,459,35666,300
2020-12-21,Del Norte,015,27424,695,660,0,660,2
2020-12-21,El Dorado,017,186661,5625,4805,232,5037,10
2020-12-21,Fresno,019,978130,63639,58568,4066,62634,634
2020-12-21,Glenn,021,27897,1440,1323,210,1533,9
2020-12-21,Humboldt,023,135768,1586,1419,7,1426,16
2020-12-21,Imperial,025,180216,22007,20994,1102,22096,395
2020-12-21,Inyo,027,18085,597,482,1,483,17
2020-12-21,Kern,029,883053,61920,56836,4369,61205,541
2020-12-21,Kings,031,150075,15542,14760,504,15264,100
2020-12-21,Lake,033,64148,1732,1538,0,1538,20
2020-12-21,Lassen,035,31185,4008,3798,39,3837,1
2020-12-21,Los Angeles,037,10098052,693315,624129,18430,642559,8918
2020-12-21,Madera,039,155013,9936,9069,356,9425,63
2020-12-21,Marin,041,260295,9452,9035,63,9098,142
2020-12-21,Mariposa,043,17540,211,186,2,188,3
2020-12-21,Mendocino,045,87422,2264,2066,20,2086,23
2020-12-21,Merced,047,269075,17813,16710,283,16993,198
2020-12-21,Modoc,049,8938,221,181,68,249,0
2020-12-21,Mono,051,14174,839,781,9,790,3
2020-12-21,Monterey,053,433212,25437,23673,634,24307,174
2020-12-21,Napa,055,140530,5468,4952,25,4977,23
2020-12-21,Nevada,057,99092,2560,2337,83,2420,13
2020-12-21,Orange,059,3164182,146015,130444,5538,135982,1772
2020-12-21,Placer,061,380077,13250,11715,475,12190,105
2020-12-21,Plumas,063,18699,437,353,9,362,0
2020-12-21,Riverside,065,2383286,167481,151713,7200,158913,1743
2020-12-21,Sacramento,067,1510023,61183,57064,523,57587,759
2020-12-21,San Benito,069,59416,3281,2921,27,2948,22
2020-12-21,San Bernardino,071,2135413,182046,165086,4708,169794,1476
2020-12-21,San Diego,073,3302833,144284,129716,6385,136101,1284
2020-12-21,San Francisco,075,870044,22219,21086,204,21290,174
2020-12-21,San Joaquin,077,732212,42631,38811,1372,40183,586
2020-12-21,San Luis Obispo,079,281455,9940,9006,227,9233,64
2020-12-21,San Mateo,081,765935,23583,21035,74,21109,185
2020-12-21,Santa Barbara,083,443738,16599,14988,420,15408,149
2020-12-21,Santa Clara,085,1922200,64535,57699,255,57954,570
2020-12-21,Santa Cruz,087,273765,8394,7315,263,7578,69
2020-12-21,Shasta,089,179085,7782,7299,625,7924,64
2020-12-21,Sierra,091,2930,24,23,0,23,0
2020-12-21,Siskiyou,093,43540,961,878,88,966,2
2020-12-21,Solano,095,438530,17465,15878,182,16060,95
2020-12-21,Sonoma,097,501317,18033,17075,101,17176,176
2020-12-21,Stanislaus,099,539301,32779,30437,2933,33370,499
2020-12-21,Sutter,101,95872,6124,5708,43,5751,46
2020-12-21,Tehama,103,63373,2812,2656,252,2908,9
2020-12-21,Trinity,105,12862,304,226,32,258,2
2020-12-21,Tulare,107,460477,31535,29482,3469,32951,373
2020-12-21,Tuolumne,109,53932,2685,2423,7,2430,12
2020-12-21,Ventura,111,848112,35640,31759,1461,33220,212
2020-12-21,Yolo,113,214977,8013,7266,53,7319,109
2020-12-21,Yuba,115,75493,3573,3329,36,3365,14
2020-12-20,Alameda,001,1643700,47567,44004,819,44823,516
2020-12-20,Alpine,003,1148,66,64,0,64,0
2020-12-20,Amador,005,37829,2168,1771,17,1788,23
2020-12-20,Butte,007,227075,6885,6228,741,6969,81
2020-12-20,Calaveras,009,45235,1010,926,0,926,21
2020-12-20,Colusa,011,21464,1182,1121,51,1172,7
2020-12-20,Contra Costa,013,1133247,36997,34798,440,35238,301
2020-12-20,Del Norte,015,27424,673,652,0,652,2
2020-12-20,El Dorado,017,186661,5498,4697,223,4920,10
2020-12-20,Fresno,019,978130,62658,57616,3923,61539,634
2020-12-20,Glenn,021,27897,1431,1295,203,1498,9
2020-12-20,Humboldt,023,135768,1549,1386,6,1392,15
2020-12-20,Imperial,025,180216,21764,20882,995,21877,395
2020-12-20,Inyo,027,18085,583,476,1,477,17
2020-12-20,Kern,029,883053,60823,55983,4210,60193,540
2020-12-20,Kings,031,150075,15324,14629,484,15113,100
2020-12-20,Lake,033,64148,1686,1463,0,1463,20
2020-12-20,Lassen,035,31185,3954,3669,37,3706,1
2020-12-20,Los Angeles,037,10098052,675321,612975,17651,630626,8862
2020-12-20,Madera,039,155013,9726,8871,347,9218,63
2020-12-20,Marin,041,260295,9355,8948,59,9007,142
2020-12-20,Mariposa,043,17540,210,179,2,181,3
2020-12-20,Mendocino,045,87422,2239,2033,20,2053,23
2020-12-20,Merced,047,269075,17496,16435,276,16711,198
2020-12-20,Modoc,049,8938,221,181,66,247,0
2020-12-20,Mono,051,14174,818,774,9,783,3
2020-12-20,Monterey,053,433212,24963,23250,590,23840,173
2020-12-20,Napa,055,140530,5346,4865,23,4888,23
2020-12-20,Nevada,057,99092,2514,2289,77,2366,13
2020-12-20,Orange,059,3164182,142527,128780,5385,134165,1763
2020-12-20,Placer,061,380077,13018,11496,456,11952,105
2020-12-20,Plumas,063,18699,429,347,9,356,0
2020-12-20,Riverside,065,2383286,163298,148714,6899,155613,1742
2020-12-20,Sacramento,067,1510023,60188,56017,504,56521,755
2020-12-20,San Benito,069,59416,3209,2885,26,2911,21
2020-12-20,San Bernardino,071,2135413,177088,162810,4545,167355,1458
2020-12-20,San Diego,073,3302833,140571,126465,6215,132680,1280
2020-12-20,San Francisco,075,870044,21904,20937,200,21137,174
2020-12-20,San Joaquin,077,732212,41795,38268,1307,39575,587
2020-12-20,San Luis Obispo,079,281455,9647,8881,220,9101,63
2020-12-20,San Mateo,081,765935,23147,20764,70,20834,185
2020-12-20,Santa Barbara,083,443738,16284,14817,399,15216,148
2020-12-20,Santa Clara,085,1922200,63133,56860,249,57109,566
2020-12-20,Santa Cruz,087,273765,8189,7178,250,7428,69
2020-12-20,Shasta,089,179085,7667,7256,611,7867,64
2020-12-20,Sierra,091,2930,24,22,0,22,0
2020-12-20,Siskiyou,093,43540,951,870,87,957,2
2020-12-20,Solano,095,438530,17087,15533,171,15704,95
2020-12-20,Sonoma,097,501317,17758,16802,100,16902,175
2020-12-20,Stanislaus,099,539301,32258,29995,2829,32824,498
2020-12-20,Sutter,101,95872,6037,5601,43,5644,43
2020-12-20,Tehama,103,63373,2764,2602,232,2834,9
2020-12-20,Trinity,105,12862,299,221,31,252,2
2020-12-20,Tulare,107,460477,31021,29078,3368,32446,373
2020-12-20,Tuolumne,109,53932,2573,2152,6,2158,12
2020-12-20,Ventura,111,848112,34937,31335,1426,32761,210
2020-12-20,Yolo,113,214977,7859,7121,50,7171,109
2020-12-20,Yuba,115,75493,3525,3254,34,3288,12
2020-12-19,Alameda,001,1643700,47123,43109,812,43921,516
2020-12-19,Alpine,003,1148,66,64,0,64,0
2020-12-19,Amador,005,37829,2144,1754,17,1771,23
2020-12-19,Butte,007,227075,6785,6118,717,6835,81
2020-12-19,Calaveras,009,45235,993,900,0,900,21
2020-12-19,Colusa,011,21464,1174,1096,49,1145,7
2020-12-19,Contra Costa,013,1133247,36687,34321,424,34745,301
2020-12-19,Del Norte,015,27424,671,641,0,641,2
2020-12-19,El Dorado,017,186661,5432,4588,214,4802,10
2020-12-19,Fresno,019,978130,62337,55428,3853,59281,634
2020-12-19,Glenn,021,27897,1396,1286,202,1488,9
2020-12-19,Humboldt,023,135768,1532,1357,6,1363,15
2020-12-19,Imperial,025,180216,21677,20711,944,21655,395
2020-12-19,Inyo,027,18085,576,475,1,476,17
2020-12-19,Kern,029,883053,60342,55118,4098,59216,540
2020-12-19,Kings,031,150075,15245,14474,482,14956,100
2020-12-19,Lake,033,64148,1652,1438,0,1438,20
2020-12-19,Lassen,035,31185,3926,3595,37,3632,1
2020-12-19,Los Angeles,037,10098052,668284,599888,17095,616983,8804
2020-12-19,Madera,039,155013,9635,8717,335,9052,63
2020-12-19,Marin,041,260295,9316,8864,59,8923,142
2020-12-19,Mariposa,043,17540,208,177,2,179,3
2020-12-19,Mendocino,045,87422,2214,2008,20,2028,23
2020-12-19,Merced,047,269075,17358,16230,267,16497,198
2020-12-19,Modoc,049,8938,218,181,66,247,0
2020-12-19,Mono,051,14174,814,766,9,775,3
2020-12-19,Monterey,053,433212,24852,22799,584,23383,172
2020-12-19,Napa,055,140530,5284,4772,23,4795,23
2020-12-19,Nevada,057,99092,2492,2260,77,2337,13
2020-12-19,Orange,059,3164182,140611,125574,5228,130802,1733
2020-12-19,Placer,061,380077,12865,11246,450,11696,105
2020-12-19,Plumas,063,18699,426,343,9,352,0
2020-12-19,Riverside,065,2383286,161332,146703,6656,153359,1737
2020-12-19,Sacramento,067,1510023,59657,55169,489,55658,746
2020-12-19,San Benito,069,59416,3163,2820,25,2845,21
2020-12-19,San Bernardino,071,2135413,175540,159883,4433,164316,1433
2020-12-19,San Diego,073,3302833,138805,122972,6076,129048,1280
2020-12-19,San Francisco,075,870044,21754,20643,199,20842,174
2020-12-19,San Joaquin,077,732212,41397,37340,1252,38592,586
2020-12-19,San Luis Obispo,079,281455,9577,8788,217,9005,63
2020-12-19,San Mateo,081,765935,22937,20393,63,20456,182
2020-12-19,Santa Barbara,083,443738,16129,14667,391,15058,148
2020-12-19,Santa Clara,085,1922200,62324,55540,244,55784,558
2020-12-19,Santa Cruz,087,273765,8087,7054,244,7298,68
2020-12-19,Shasta,089,179085,7614,7221,599,7820,63
2020-12-19,Sierra,091,2930,24,23,0,23,0
2020-12-19,Siskiyou,093,43540,948,853,86,939,2
2020-12-19,Solano,095,438530,16921,15204,167,15371,95
2020-12-19,Sonoma,097,501317,17650,16553,100,16653,175
2020-12-19,Stanislaus,099,539301,31939,29555,2756,32311,498
2020-12-19,Sutter,101,95872,5979,5506,43,5549,41
2020-12-19,Tehama,103,63373,2713,2574,229,2803,9
2020-12-19,Trinity,105,12862,299,219,31,250,2
2020-12-19,Tulare,107,460477,30803,28734,3299,32033,375
2020-12-19,Tuolumne,109,53932,2560,2107,6,2113,12
2020-12-19,Ventura,111,848112,34657,30843,1396,32239,209
2020-12-19,Yolo,113,214977,7790,7025,49,7074,109
2020-12-19,Yuba,115,75493,3493,3168,34,3202,11
2020-12-18,Alameda,001,1643700,46587,42196,795,42991,515
2020-12-18,Alpine,003,1148,66,64,0,64,0
2020-12-18,Amador,005,37829,2127,1727,15,1742,20
2020-12-18,Butte,007,227075,6701,5891,690,6581,81
2020-12-18,Calaveras,009,45235,983,870,0,870,21
2020-12-18,Colusa,011,21464,1165,1068,49,1117,7
2020-12-18,Contra Costa,013,1133247,36406,33610,410,34020,300
2020-12-18,Del Norte,015,27424,666,627,0,627,2
2020-12-18,El Dorado,017,186661,5371,4494,203,4697,10
2020-12-18,Fresno,019,978130,61511,52643,3789,56432,613
2020-12-18,Glenn,021,27897,1380,1264,196,1460,9
2020-12-18,Humboldt,023,135768,1517,1331,6,1337,15
2020-12-18,Imperial,025,180216,21599,20430,897,21327,393
2020-12-18,Inyo,027,18085,556,454,1,455,17
2020-12-18,Kern,029,883053,59685,54220,4012,58232,533
2020-12-18,Kings,031,150075,15119,14284,476,14760,98
2020-12-18,Lake,033,64148,1641,1397,0,1397,20
2020-12-18,Lassen,035,31185,3918,3486,37,3523,1
2020-12-18,Los Angeles,037,10098052,656207,586413,16572,602985,8744
2020-12-18,Madera,039,155013,9533,8609,330,8939,63
2020-12-18,Marin,041,260295,9233,8799,59,8858,142
2020-12-18,Mariposa,043,17540,205,176,2,178,3
2020-12-18,Mendocino,045,87422,2196,1977,20,1997,24
2020-12-18,Merced,047,269075,17277,15956,264,16220,195
2020-12-18,Modoc,049,8938,218,179,66,245,0
2020-12-18,Mono,051,14174,808,731,9,740,3
2020-12-18,Monterey,053,433212,24560,22336,578,22914,165
2020-12-18,Napa,055,140530,5236,4688,23,4711,23
2020-12-18,Nevada,057,99092,2475,2220,76,2296,13
2020-12-18,Orange,059,3164182,138182,121681,5069,126750,1725
2020-12-18,Placer,061,380077,12701,10995,441,11436,104
2020-12-18,Plumas,063,18699,420,336,9,345,0
2020-12-18,Riverside,065,2383286,158512,142375,6381,148756,1733
2020-12-18,Sacramento,067,1510023,59029,53980,471,54451,736
2020-12-18,San Benito,069,59416,3115,2744,25,2769,21
2020-12-18,San Bernardino,071,2135413,173246,154272,4298,158570,1430
2020-12-18,San Diego,073,3302833,136631,120463,5936,126399,1253
2020-12-18,San Francisco,075,870044,21587,20315,193,20508,173
2020-12-18,San Joaquin,077,732212,41041,36484,1218,37702,559
2020-12-18,San Luis Obispo,079,281455,9478,8598,212,8810,62
2020-12-18,San Mateo,081,765935,22622,19971,59,20030,182
2020-12-18,Santa Barbara,083,443738,15989,14361,378,14739,148
2020-12-18,Santa Clara,085,1922200,61457,53992,231,54223,539
2020-12-18,Santa Cruz,087,273765,7972,6838,236,7074,68
2020-12-18,Shasta,089,179085,7578,7114,587,7701,62
2020-12-18,Sierra,091,2930,24,23,0,23,0
2020-12-18,Siskiyou,093,43540,946,840,86,926,2
2020-12-18,Solano,095,438530,16769,14667,163,14830,95
2020-12-18,Sonoma,097,501317,17530,16261,100,16361,173
2020-12-18,Stanislaus,099,539301,31670,28967,2717,31684,490
2020-12-18,Sutter,101,95872,5895,5399,43,5442,39
2020-12-18,Tehama,103,63373,2696,2523,220,2743,9
2020-12-18,Trinity,105,12862,298,215,31,246,2
2020-12-18,Tulare,107,460477,30537,28322,3213,31535,370
2020-12-18,Tuolumne,109,53932,2549,2067,6,2073,12
2020-12-18,Ventura,111,848112,34156,29907,1352,31259,209
2020-12-18,Yolo,113,214977,7722,6901,48,6949,109
2020-12-18,Yuba,115,75493,3435,3097,34,3131,11
2020-12-17,Alameda,001,1643700,45786,41548,762,42310,508
2020-12-17,Alpine,003,1148,66,64,0,64,0
2020-12-17,Amador,005,37829,2079,1703,13,1716,19
2020-12-17,Butte,007,227075,6577,5746,670,6416,78
2020-12-17,Calaveras,009,45235,960,848,0,848,21
2020-12-17,Colusa,011,21464,1154,1053,47,1100,7
2020-12-17,Contra Costa,013,1133247,35885,33006,375,33381,293
2020-12-17,Del Norte,015,27424,661,583,0,583,1
2020-12-17,El Dorado,017,186661,5227,4327,190,4517,9
2020-12-17,Fresno,019,978130,60653,49918,3660,53578,597
2020-12-17,Glenn,021,27897,1356,1244,189,1433,9
2020-12-17,Humboldt,023,135768,1484,1322,6,1328,14
2020-12-17,Imperial,025,180216,21440,20208,820,21028,391
2020-12-17,Inyo,027,18085,538,450,1,451,16
2020-12-17,Kern,029,883053,58736,53683,3871,57554,526
2020-12-17,Kings,031,150075,15020,14057,460,14517,98
2020-12-17,Lake,033,64148,1616,1374,0,1374,20
2020-12-17,Lassen,035,31185,3882,3417,37,3454,1
2020-12-17,Los Angeles,037,10098052,640632,571093,15984,587077,8657
2020-12-17,Madera,039,155013,9417,8465,325,8790,62
2020-12-17,Marin,041,260295,9176,8721,56,8777,142
2020-12-17,Mariposa,043,17540,201,172,2,174,3
2020-12-17,Mendocino,045,87422,2162,1942,20,1962,23
2020-12-17,Merced,047,269075,17014,15648,256,15904,192
2020-12-17,Modoc,049,8938,215,179,66,245,0
2020-12-17,Mono,051,14174,799,718,9,727,3
2020-12-17,Monterey,053,433212,24041,21951,563,22514,163
2020-12-17,Napa,055,140530,5124,4612,23,4635,23
2020-12-17,Nevada,057,99092,2434,2173,73,2246,13
2020-12-17,Orange,059,3164182,134815,118367,4933,123300,1725
2020-12-17,Placer,061,380077,12433,10756,427,11183,99
2020-12-17,Plumas,063,18699,411,324,9,333,0
2020-12-17,Riverside,065,2383286,154659,139325,6157,145482,1696
2020-12-17,Sacramento,067,1510023,58127,53189,448,53637,721
2020-12-17,San Benito,069,59416,3046,2645,24,2669,20
2020-12-17,San Bernardino,071,2135413,169329,149838,4173,154011,1425
2020-12-17,San Diego,073,3302833,133837,116852,5781,122633,1239
2020-12-17,San Francisco,075,870044,21298,19939,188,20127,170
2020-12-17,San Joaquin,077,732212,40313,35894,1181,37075,554
2020-12-17,San Luis Obispo,079,281455,9358,8365,210,8575,59
2020-12-17,San Mateo,081,765935,22249,19647,59,19706,181
2020-12-17,Santa Barbara,083,443738,15756,14207,371,14578,147
2020-12-17,Santa Clara,085,1922200,60289,52559,224,52783,527
2020-12-17,Santa Cruz,087,273765,7817,6687,221,6908,64
2020-12-17,Shasta,089,179085,7500,7000,568,7568,62
2020-12-17,Sierra,091,2930,23,23,0,23,0
2020-12-17,Siskiyou,093,43540,939,827,85,912,2
2020-12-17,Solano,095,438530,16462,14361,161,14522,96
2020-12-17,Sonoma,097,501317,17258,15993,99,16092,171
2020-12-17,Stanislaus,099,539301,31247,28582,2656,31238,489
2020-12-17,Sutter,101,95872,5796,5309,42,5351,39
2020-12-17,Tehama,103,63373,2648,2480,214,2694,9
2020-12-17,Trinity,105,12862,294,213,31,244,2
2020-12-17,Tulare,107,460477,30144,27852,3132,30984,358
2020-12-17,Tuolumne,109,53932,2238,1992,6,1998,11
2020-12-17,Ventura,111,848112,33548,29404,1314,30718,208
2020-12-17,Yolo,113,214977,7598,6800,47,6847,105
2020-12-17,Yuba,115,75493,3376,3035,32,3067,12
2020-12-16,Alameda,001,1643700,44932,40751,734,41485,497
2020-12-16,Alpine,003,1148,66,64,0,64,0
2020-12-16,Amador,005,37829,2032,1693,12,1705,19
2020-12-16,Butte,007,227075,6388,5659,640,6299,76
2020-12-16,Calaveras,009,45235,925,821,0,821,21
2020-12-16,Colusa,011,21464,1141,1038,42,1080,7
2020-12-16,Contra Costa,013,1133247,35329,32429,353,32782,293
2020-12-16,Del Norte,015,27424,659,575,0,575,1
2020-12-16,El Dorado,017,186661,5106,4237,179,4416,9
2020-12-16,Fresno,019,978130,59699,49173,3556,52729,584
2020-12-16,Glenn,021,27897,1338,1236,178,1414,9
2020-12-16,Humboldt,023,135768,1452,1308,5,1313,12
2020-12-16,Imperial,025,180216,21261,19980,748,20728,388
2020-12-16,Inyo,027,18085,525,444,1,445,16
2020-12-16,Kern,029,883053,57864,52896,3734,56630,522
2020-12-16,Kings,031,150075,14841,13734,442,14176,99
2020-12-16,Lake,033,64148,1576,1363,0,1363,20
2020-12-16,Lassen,035,31185,3849,3396,36,3432,1
2020-12-16,Los Angeles,037,10098052,624172,557907,15279,573186,8561
2020-12-16,Madera,039,155013,9292,8278,317,8595,62
2020-12-16,Marin,041,260295,9106,8641,56,8697,142
2020-12-16,Mariposa,043,17540,198,175,2,177,3
2020-12-16,Mendocino,045,87422,2127,1929,20,1949,23
2020-12-16,Merced,047,269075,16727,15443,252,15695,190
2020-12-16,Modoc,049,8938,212,178,66,244,0
2020-12-16,Mono,051,14174,782,702,9,711,3
2020-12-16,Monterey,053,433212,23484,21107,552,21659,163
2020-12-16,Napa,055,140530,5026,4544,23,4567,23
2020-12-16,Nevada,057,99092,2398,2149,71,2220,13
2020-12-16,Orange,059,3164182,131350,115260,4753,120013,1712
2020-12-16,Placer,061,380077,12202,10554,405,10959,96
2020-12-16,Plumas,063,18699,402,319,9,328,0
2020-12-16,Riverside,065,2383286,150548,135751,5899,141650,1664
2020-12-16,Sacramento,067,1510023,57155,52166,422,52588,715
2020-12-16,San Benito,069,59416,2956,2582,24,2606,20
2020-12-16,San Bernardino,071,2135413,164727,143565,4034,147599,1403
2020-12-16,San Diego,073,3302833,130737,114248,5628,119876,1217
2020-12-16,San Francisco,075,870044,21040,19624,187,19811,170
2020-12-16,San Joaquin,077,732212,39490,35010,1140,36150,547
2020-12-16,San Luis Obispo,079,281455,9163,8252,201,8453,58
2020-12-16,San Mateo,081,765935,21923,19292,55,19347,179
2020-12-16,Santa Barbara,083,443738,15514,13966,358,14324,144
2020-12-16,Santa Clara,085,1922200,59049,51502,221,51723,523
2020-12-16,Santa Cruz,087,273765,7632,6536,209,6745,63
2020-12-16,Shasta,089,179085,7428,6914,546,7460,62
2020-12-16,Sierra,091,2930,23,23,0,23,0
2020-12-16,Siskiyou,093,43540,931,818,85,903,2
2020-12-16,Solano,095,438530,15997,14157,156,14313,96
2020-12-16,Sonoma,097,501317,17002,15768,99,15867,170
2020-12-16,Stanislaus,099,539301,30744,28279,2582,30861,489
2020-12-16,Sutter,101,95872,5716,5223,42,5265,39
2020-12-16,Tehama,103,63373,2617,2441,188,2629,9
2020-12-16,Trinity,105,12862,289,212,31,243,2
2020-12-16,Tulare,107,460477,29731,27500,3026,30526,352
2020-12-16,Tuolumne,109,53932,2192,1941,6,1947,11
2020-12-16,Ventura,111,848112,32776,28566,1269,29835,203
2020-12-16,Yolo,113,214977,7469,6649,46,6695,103
2020-12-16,Yuba,115,75493,3290,2980,31,3011,11
2020-12-15,Alameda,001,1643700,44076,40026,711,40737,492
2020-12-15,Alpine,003,1148,66,64,0,64,0
2020-12-15,Amador,005,37829,1919,1669,10,1679,19
2020-12-15,Butte,007,227075,6252,5565,608,6173,75
2020-12-15,Calaveras,009,45235,893,799,0,799,21
2020-12-15,Colusa,011,21464,1128,1026,41,1067,7
2020-12-15,Contra Costa,013,1133247,34676,31423,337,31760,281
2020-12-15,Del Norte,015,27424,648,564,0,564,1
2020-12-15,El Dorado,017,186661,5000,4113,163,4276,9
2020-12-15,Fresno,019,978130,58333,47316,3417,50733,574
2020-12-15,Glenn,021,27897,1325,1207,161,1368,9
2020-12-15,Humboldt,023,135768,1432,1276,5,1281,12
2020-12-15,Imperial,025,180216,21043,19756,666,20422,380
2020-12-15,Inyo,027,18085,512,394,1,395,16
2020-12-15,Kern,029,883053,56852,52002,3629,55631,511
2020-12-15,Kings,031,150075,14677,13652,423,14075,97
2020-12-15,Lake,033,64148,1551,1341,0,1341,21
2020-12-15,Lassen,035,31185,3677,3378,35,3413,1
2020-12-15,Los Angeles,037,10098052,607874,536258,14604,550862,8429
2020-12-15,Madera,039,155013,9136,8118,308,8426,60
2020-12-15,Marin,041,260295,8999,8528,54,8582,141
2020-12-15,Mariposa,043,17540,194,171,2,173,3
2020-12-15,Mendocino,045,87422,2100,1883,20,1903,24
2020-12-15,Merced,047,269075,16424,15120,248,15368,190
2020-12-15,Modoc,049,8938,210,179,66,245,0
2020-12-15,Mono,051,14174,766,702,9,711,3
2020-12-15,Monterey,053,433212,22885,19905,489,20394,161
2020-12-15,Napa,055,140530,4922,4440,23,4463,23
2020-12-15,Nevada,057,99092,2365,2117,69,2186,11
2020-12-15,Orange,059,3164182,127696,112893,4596,117489,1689
2020-12-15,Placer,061,380077,11973,10301,383,10684,95
2020-12-15,Plumas,063,18699,397,313,9,322,0
2020-12-15,Riverside,065,2383286,146499,131822,5611,137433,1624
2020-12-15,Sacramento,067,1510023,56140,51076,409,51485,703
2020-12-15,San Benito,069,59416,2876,2520,23,2543,19
2020-12-15,San Bernardino,071,2135413,160286,137548,3870,141418,1351
2020-12-15,San Diego,073,3302833,127176,111441,5465,116906,1194
2020-12-15,San Francisco,075,870044,20731,19283,184,19467,171
2020-12-15,San Joaquin,077,732212,38566,33849,1103,34952,537
2020-12-15,San Luis Obispo,079,281455,9054,8074,198,8272,55
2020-12-15,San Mateo,081,765935,21512,18907,53,18960,178
2020-12-15,Santa Barbara,083,443738,15294,13782,349,14131,144
2020-12-15,Santa Clara,085,1922200,57615,50311,217,50528,505
2020-12-15,Santa Cruz,087,273765,7448,6361,193,6554,59
2020-12-15,Shasta,089,179085,7371,6794,520,7314,54
2020-12-15,Sierra,091,2930,23,23,0,23,0
2020-12-15,Siskiyou,093,43540,922,812,84,896,2
2020-12-15,Solano,095,438530,15648,13796,156,13952,95
2020-12-15,Sonoma,097,501317,16780,15406,99,15505,167
2020-12-15,Stanislaus,099,539301,30234,27823,2495,30318,485
2020-12-15,Sutter,101,95872,5619,5080,41,5121,36
2020-12-15,Tehama,103,63373,2580,2392,183,2575,9
2020-12-15,Trinity,105,12862,283,213,29,242,1
2020-12-15,Tulare,107,460477,29236,27026,2935,29961,342
2020-12-15,Tuolumne,109,53932,2161,1874,6,1880,8
2020-12-15,Ventura,111,848112,32155,27936,1221,29157,201
2020-12-15,Yolo,113,214977,7346,6531,44,6575,104
2020-12-15,Yuba,115,75493,3196,2891,30,2921,11
2020-12-14,Alameda,001,1643700,43183,39252,691,39943,487
2020-12-14,Alpine,003,1148,66,63,0,63,0
2020-12-14,Amador,005,37829,1847,1609,10,1619,19
2020-12-14,Butte,007,227075,6084,5202,591,5793,75
2020-12-14,Calaveras,009,45235,855,718,0,718,21
2020-12-14,Colusa,011,21464,1104,949,40,989,7
2020-12-14,Contra Costa,013,1133247,33978,30594,322,30916,281
2020-12-14,Del Norte,015,27424,642,560,0,560,1
2020-12-14,El Dorado,017,186661,4844,4018,147,4165,9
2020-12-14,Fresno,019,978130,57315,44726,3230,47956,560
2020-12-14,Glenn,021,27897,1299,1186,153,1339,9
2020-12-14,Humboldt,023,135768,1419,1256,5,1261,9
2020-12-14,Imperial,025,180216,20807,19608,584,20192,379
2020-12-14,Inyo,027,18085,498,382,1,383,16
2020-12-14,Kern,029,883053,55821,50538,3502,54040,510
2020-12-14,Kings,031,150075,14494,13491,394,13885,97
2020-12-14,Lake,033,64148,1500,1301,0,1301,21
2020-12-14,Lassen,035,31185,3578,2905,32,2937,1
2020-12-14,Los Angeles,037,10098052,590318,524668,13937,538605,8340
2020-12-14,Madera,039,155013,8864,8011,299,8310,60
2020-12-14,Marin,041,260295,8914,8475,52,8527,141
2020-12-14,Mariposa,043,17540,193,171,2,173,3
2020-12-14,Mendocino,045,87422,2079,1845,20,1865,24
2020-12-14,Merced,047,269075,16022,14572,234,14806,189
2020-12-14,Modoc,049,8938,204,180,64,244,0
2020-12-14,Mono,051,14174,758,685,9,694,3
2020-12-14,Monterey,053,433212,22367,19154,482,19636,155
2020-12-14,Napa,055,140530,4829,4289,23,4312,22
2020-12-14,Nevada,057,99092,2326,2070,66,2136,11
2020-12-14,Orange,059,3164182,123821,108602,4455,113057,1688
2020-12-14,Placer,061,380077,11689,9551,372,9923,95
2020-12-14,Plumas,063,18699,385,309,9,318,0
2020-12-14,Riverside,065,2383286,142387,123715,5341,129056,1588
2020-12-14,Sacramento,067,1510023,55032,50304,383,50687,691
2020-12-14,San Benito,069,59416,2809,2467,22,2489,19
2020-12-14,San Bernardino,071,2135413,155865,129151,3732,132883,1347
2020-12-14,San Diego,073,3302833,123445,109578,5281,114859,1162
2020-12-14,San Francisco,075,870044,20355,18904,182,19086,171
2020-12-14,San Joaquin,077,732212,37726,32522,1054,33576,534
2020-12-14,San Luis Obispo,079,281455,8807,7791,192,7983,52
2020-12-14,San Mateo,081,765935,21012,18361,51,18412,178
2020-12-14,Santa Barbara,083,443738,15025,13587,342,13929,144
2020-12-14,Santa Clara,085,1922200,56054,49180,205,49385,502
2020-12-14,Santa Cruz,087,273765,7262,6049,177,6226,54
2020-12-14,Shasta,089,179085,7283,6665,502,7167,54
2020-12-14,Sierra,091,2930,23,21,0,21,0
2020-12-14,Siskiyou,093,43540,899,764,78,842,2
2020-12-14,Solano,095,438530,15284,13352,154,13506,93
2020-12-14,Sonoma,097,501317,16473,14807,98,14905,167
2020-12-14,Stanislaus,099,539301,29703,27311,2444,29755,485
2020-12-14,Sutter,101,95872,5509,5001,34,5035,35
2020-12-14,Tehama,103,63373,2533,2344,180,2524,9
2020-12-14,Trinity,105,12862,280,205,27,232,1
2020-12-14,Tulare,107,460477,28764,25735,2838,28573,341
2020-12-14,Tuolumne,109,53932,2104,1647,6,1653,8
2020-12-14,Ventura,111,848112,31235,27436,1158,28594,202
2020-12-14,Yolo,113,214977,7185,6389,43,6432,95
2020-12-14,Yuba,115,75493,3134,2851,30,2881,11
2020-12-13,Alameda,001,1643700,41991,38064,664,38728,486
2020-12-13,Alpine,003,1148,66,63,0,63,0
2020-12-13,Amador,005,37829,1791,1457,9,1466,19
2020-12-13,Butte,007,227075,5935,5103,546,5649,75
2020-12-13,Calaveras,009,45235,819,710,0,710,21
2020-12-13,Colusa,011,21464,1088,945,36,981,7
2020-12-13,Contra Costa,013,1133247,33250,29667,314,29981,281
2020-12-13,Del Norte,015,27424,589,542,0,542,1
2020-12-13,El Dorado,017,186661,4745,3770,135,3905,9
2020-12-13,Fresno,019,978130,56213,44114,3062,47176,559
2020-12-13,Glenn,021,27897,1286,1171,142,1313,9
2020-12-13,Humboldt,023,135768,1396,1238,4,1242,9
2020-12-13,Imperial,025,180216,20524,19472,444,19916,379
2020-12-13,Inyo,027,18085,477,380,1,381,16
2020-12-13,Kern,029,883053,54800,49051,3341,52392,510
2020-12-13,Kings,031,150075,14217,13357,373,13730,97
2020-12-13,Lake,033,64148,1457,1271,0,1271,21
2020-12-13,Lassen,035,31185,3471,2867,27,2894,1
2020-12-13,Los Angeles,037,10098052,572791,517472,13189,530661,8294
2020-12-13,Madera,039,155013,8680,7909,284,8193,60
2020-12-13,Marin,041,260295,8793,8409,52,8461,141
2020-12-13,Mariposa,043,17540,189,167,2,169,3
2020-12-13,Mendocino,045,87422,2045,1793,20,1813,24
2020-12-13,Merced,047,269075,15673,14384,231,14615,189
2020-12-13,Modoc,049,8938,192,179,58,237,0
2020-12-13,Mono,051,14174,742,675,9,684,3
2020-12-13,Monterey,053,433212,21945,18913,466,19379,153
2020-12-13,Napa,055,140530,4723,4194,23,4217,22
2020-12-13,Nevada,057,99092,2275,2030,64,2094,11
2020-12-13,Orange,059,3164182,119907,104768,4269,109037,1688
2020-12-13,Placer,061,380077,11381,9405,354,9759,95
2020-12-13,Plumas,063,18699,379,291,9,300,0
2020-12-13,Riverside,065,2383286,138273,119691,5063,124754,1581
2020-12-13,Sacramento,067,1510023,53771,49480,352,49832,682
2020-12-13,San Benito,069,59416,2737,2408,21,2429,19
2020-12-13,San Bernardino,071,2135413,150985,126718,3562,130280,1333
2020-12-13,San Diego,073,3302833,119850,107372,5112,112484,1162
2020-12-13,San Francisco,075,870044,20011,18686,172,18858,167
2020-12-13,San Joaquin,077,732212,36924,32170,1012,33182,534
2020-12-13,San Luis Obispo,079,281455,8615,7625,184,7809,52
2020-12-13,San Mateo,081,765935,20522,18090,45,18135,177
2020-12-13,Santa Barbara,083,443738,14761,13249,325,13574,144
2020-12-13,Santa Clara,085,1922200,54627,47920,196,48116,499
2020-12-13,Santa Cruz,087,273765,7014,5986,166,6152,54
2020-12-13,Shasta,089,179085,7209,6647,476,7123,54
2020-12-13,Sierra,091,2930,23,21,0,21,0
2020-12-13,Siskiyou,093,43540,887,762,73,835,2
2020-12-13,Solano,095,438530,14845,13276,151,13427,93
2020-12-13,Sonoma,097,501317,16158,14495,97,14592,167
2020-12-13,Stanislaus,099,539301,29142,26569,2377,28946,485
2020-12-13,Sutter,101,95872,5382,4798,29,4827,34
2020-12-13,Tehama,103,63373,2489,2325,163,2488,9
2020-12-13,Trinity,105,12862,276,204,26,230,1
2020-12-13,Tulare,107,460477,28273,25496,2744,28240,340
2020-12-13,Tuolumne,109,53932,2041,1611,6,1617,8
2020-12-13,Ventura,111,848112,30236,26588,1092,27680,202
2020-12-13,Yolo,113,214977,7003,6265,36,6301,95
2020-12-13,Yuba,115,75493,3069,2754,27,2781,11
2020-12-12,Alameda,001,1643700,41556,37027,643,37670,486
2020-12-12,Alpine,003,1148,66,63,0,63,0
2020-12-12,Amador,005,37829,1763,1236,8,1244,19
2020-12-12,Butte,007,227075,5863,4972,532,5504,73
2020-12-12,Calaveras,009,45235,809,708,0,708,21
2020-12-12,Colusa,011,21464,1068,945,34,979,7
2020-12-12,Contra Costa,013,1133247,32907,29506,304,29810,281
2020-12-12,Del Norte,015,27424,581,529,0,529,1
2020-12-12,El Dorado,017,186661,4670,3706,117,3823,9
2020-12-12,Fresno,019,978130,55863,43756,3001,46757,559
2020-12-12,Glenn,021,27897,1278,1143,138,1281,8
2020-12-12,Humboldt,023,135768,1377,1208,4,1212,9
2020-12-12,Imperial,025,180216,20442,18947,384,19331,379
2020-12-12,Inyo,027,18085,473,380,1,381,16
2020-12-12,Kern,029,883053,54285,48194,3249,51443,507
2020-12-12,Kings,031,150075,14130,13205,368,13573,96
2020-12-12,Lake,033,64148,1441,1232,0,1232,21
2020-12-12,Lassen,035,31185,3449,2866,23,2889,1
2020-12-12,Los Angeles,037,10098052,566044,504317,12653,516970,8269
2020-12-12,Madera,039,155013,8557,7765,281,8046,59
2020-12-12,Marin,041,260295,8737,8363,51,8414,141
2020-12-12,Mariposa,043,17540,188,164,2,166,3
2020-12-12,Mendocino,045,87422,2009,1771,20,1791,24
2020-12-12,Merced,047,269075,15583,14181,227,14408,188
2020-12-12,Modoc,049,8938,191,169,55,224,0
2020-12-12,Mono,051,14174,735,640,9,649,3
2020-12-12,Monterey,053,433212,21834,18596,437,19033,151
2020-12-12,Napa,055,140530,4679,4113,23,4136,22
2020-12-12,Nevada,057,99092,2257,1981,62,2043,10
2020-12-12,Orange,059,3164182,118038,100468,4111,104579,1674
2020-12-12,Placer,061,380077,11226,9390,348,9738,95
2020-12-12,Plumas,063,18699,373,291,9,300,0
2020-12-12,Riverside,065,2383286,136227,118335,4845,123180,1579
2020-12-12,Sacramento,067,1510023,53190,48319,337,48656,673
2020-12-12,San Benito,069,59416,2681,2355,21,2376,19
2020-12-12,San Bernardino,071,2135413,149367,125741,3450,129191,1321
2020-12-12,San Diego,073,3302833,118230,104958,5015,109973,1151
2020-12-12,San Francisco,075,870044,19822,18413,168,18581,167
2020-12-12,San Joaquin,077,732212,36599,32200,979,33179,534
2020-12-12,San Luis Obispo,079,281455,8520,7462,175,7637,50
2020-12-12,San Mateo,081,765935,20301,17574,44,17618,177
2020-12-12,Santa Barbara,083,443738,14609,13174,317,13491,144
2020-12-12,Santa Clara,085,1922200,53673,45892,193,46085,498
2020-12-12,Santa Cruz,087,273765,6915,5905,156,6061,54
2020-12-12,Shasta,089,179085,7174,6551,458,7009,54
2020-12-12,Sierra,091,2930,23,21,0,21,0
2020-12-12,Siskiyou,093,43540,885,762,70,832,2
2020-12-12,Solano,095,438530,14648,12748,144,12892,93
2020-12-12,Sonoma,097,501317,16038,14466,97,14563,166
2020-12-12,Stanislaus,099,539301,28841,26246,2320,28566,483
2020-12-12,Sutter,101,95872,5320,4717,29,4746,32
2020-12-12,Tehama,103,63373,2473,2252,157,2409,9
2020-12-12,Trinity,105,12862,274,204,24,228,1
2020-12-12,Tulare,107,460477,28012,25333,2684,28017,341
2020-12-12,Tuolumne,109,53932,1998,1536,6,1542,8
2020-12-12,Ventura,111,848112,29792,25955,1059,27014,202
2020-12-12,Yolo,113,214977,6921,6116,34,6150,95
2020-12-12,Yuba,115,75493,3042,2692,26,2718,10
2020-12-11,Alameda,001,1643700,40987,36281,631,36912,482
2020-12-11,Alpine,003,1148,66,63,0,63,0
2020-12-11,Amador,005,37829,1747,1213,8,1221,19
2020-12-11,Butte,007,227075,5792,4941,511,5452,73
2020-12-11,Calaveras,009,45235,793,697,0,697,21
2020-12-11,Colusa,011,21464,1058,923,32,955,7
2020-12-11,Contra Costa,013,1133247,32478,29036,300,29336,282
2020-12-11,Del Norte,015,27424,575,505,0,505,1
2020-12-11,El Dorado,017,186661,4589,3669,102,3771,9
2020-12-11,Fresno,019,978130,54854,43071,2934,46005,550
2020-12-11,Glenn,021,27897,1262,1135,133,1268,8
2020-12-11,Humboldt,023,135768,1359,1190,4,1194,9
2020-12-11,Imperial,025,180216,20355,18599,336,18935,377
2020-12-11,Inyo,027,18085,461,372,1,373,16
2020-12-11,Kern,029,883053,53612,47664,3183,50847,502
2020-12-11,Kings,031,150075,13987,13118,362,13480,94
2020-12-11,Lake,033,64148,1429,1205,0,1205,21
2020-12-11,Lassen,035,31185,3437,2790,22,2812,1
2020-12-11,Los Angeles,037,10098052,554286,493592,12222,505814,8198
2020-12-11,Madera,039,155013,8467,7648,271,7919,59
2020-12-11,Marin,041,260295,8641,8317,50,8367,141
2020-12-11,Mariposa,043,17540,187,164,2,166,3
2020-12-11,Mendocino,045,87422,1986,1769,20,1789,24
2020-12-11,Merced,047,269075,15464,14038,219,14257,186
2020-12-11,Modoc,049,8938,191,168,54,222,0
2020-12-11,Mono,051,14174,726,631,9,640,3
2020-12-11,Monterey,053,433212,21533,18421,432,18853,150
2020-12-11,Napa,055,140530,4623,4054,23,4077,22
2020-12-11,Nevada,057,99092,2240,1959,59,2018,10
2020-12-11,Orange,059,3164182,115739,98357,4005,102362,1656
2020-12-11,Placer,061,380077,11068,8904,332,9236,93
2020-12-11,Plumas,063,18699,365,286,9,295,0
2020-12-11,Riverside,065,2383286,133176,115329,4613,119942,1573
2020-12-11,Sacramento,067,1510023,52525,47468,328,47796,669
2020-12-11,San Benito,069,59416,2630,2319,21,2340,19
2020-12-11,San Bernardino,071,2135413,146688,123092,3324,126416,1313
2020-12-11,San Diego,073,3302833,116273,102468,4932,107400,1137
2020-12-11,San Francisco,075,870044,19592,18246,167,18413,165
2020-12-11,San Joaquin,077,732212,36256,32044,950,32994,534
2020-12-11,San Luis Obispo,079,281455,8360,7415,172,7587,49
2020-12-11,San Mateo,081,765935,20029,17240,33,17273,177
2020-12-11,Santa Barbara,083,443738,14467,12997,309,13306,144
2020-12-11,Santa Clara,085,1922200,52666,45101,183,45284,494
2020-12-11,Santa Cruz,087,273765,6803,5764,145,5909,50
2020-12-11,Shasta,089,179085,7129,6459,451,6910,54
2020-12-11,Sierra,091,2930,23,19,0,19,0
2020-12-11,Siskiyou,093,43540,878,753,67,820,2
2020-12-11,Solano,095,438530,14462,12554,140,12694,92
2020-12-11,Sonoma,097,501317,15872,14298,94,14392,166
2020-12-11,Stanislaus,099,539301,28575,25928,2274,28202,464
2020-12-11,Sutter,101,95872,5256,4600,28,4628,30
2020-12-11,Tehama,103,63373,2444,2232,153,2385,9
2020-12-11,Trinity,105,12862,272,204,23,227,1
2020-12-11,Tulare,107,460477,27656,24953,2634,27587,338
2020-12-11,Tuolumne,109,53932,1983,1510,6,1516,8
2020-12-11,Ventura,111,848112,29187,24999,1036,26035,202
2020-12-11,Yolo,113,214977,6816,6006,32,6038,95
2020-12-11,Yuba,115,75493,2981,2649,25,2674,10
2020-12-10,Alameda,001,1643700,40218,35686,609,36295,477
2020-12-10,Alpine,003,1148,66,63,0,63,0
2020-12-10,Amador,005,37829,1690,1191,8,1199,18
2020-12-10,Butte,007,227075,5676,4863,484,5347,72
2020-12-10,Calaveras,009,45235,774,684,0,684,21
2020-12-10,Colusa,011,21464,1035,909,27,936,7
2020-12-10,Contra Costa,013,1133247,31796,28413,294,28707,276
2020-12-10,Del Norte,015,27424,566,501,0,501,1
2020-12-10,El Dorado,017,186661,4470,3557,97,3654,9
2020-12-10,Fresno,019,978130,53877,42461,2787,45248,540
2020-12-10,Glenn,021,27897,1242,1126,124,1250,8
2020-12-10,Humboldt,023,135768,1339,1140,4,1144,9
2020-12-10,Imperial,025,180216,20141,18333,255,18588,370
2020-12-10,Inyo,027,18085,440,365,1,366,15
2020-12-10,Kern,029,883053,52633,47176,3013,50189,499
2020-12-10,Kings,031,150075,13836,12993,356,13349,92
2020-12-10,Lake,033,64148,1388,1167,0,1167,21
2020-12-10,Lassen,035,31185,3415,2764,18,2782,0
2020-12-10,Los Angeles,037,10098052,540375,480354,11666,492020,8149
2020-12-10,Madera,039,155013,8362,7445,256,7701,59
2020-12-10,Marin,041,260295,8595,8245,49,8294,140
2020-12-10,Mariposa,043,17540,186,160,2,162,3
2020-12-10,Mendocino,045,87422,1960,1748,17,1765,24
2020-12-10,Merced,047,269075,15218,13756,216,13972,186
2020-12-10,Modoc,049,8938,186,165,52,217,0
2020-12-10,Mono,051,14174,720,601,9,610,3
2020-12-10,Monterey,053,433212,21056,18266,422,18688,145
2020-12-10,Napa,055,140530,4537,3974,22,3996,22
2020-12-10,Nevada,057,99092,2203,1919,59,1978,10
2020-12-10,Orange,059,3164182,112657,95297,3832,99129,1651
2020-12-10,Placer,061,380077,10819,8906,313,9219,90
2020-12-10,Plumas,063,18699,354,281,9,290,0
2020-12-10,Riverside,065,2383286,129505,112794,4334,117128,1552
2020-12-10,Sacramento,067,1510023,51631,46471,307,46778,664
2020-12-10,San Benito,069,59416,2571,2268,20,2288,19
2020-12-10,San Bernardino,071,2135413,142481,120186,3135,123321,1306
2020-12-10,San Diego,073,3302833,113749,99601,4783,104384,1114
2020-12-10,San Francisco,075,870044,19278,17945,159,18104,164
2020-12-10,San Joaquin,077,732212,35624,31228,919,32147,534
2020-12-10,San Luis Obispo,079,281455,8197,7245,161,7406,49
2020-12-10,San Mateo,081,765935,19586,16701,23,16724,177
2020-12-10,Santa Barbara,083,443738,14291,12788,299,13087,143
2020-12-10,Santa Clara,085,1922200,51530,43939,167,44106,491
2020-12-10,Santa Cruz,087,273765,6630,5645,131,5776,48
2020-12-10,Shasta,089,179085,7060,6312,425,6737,53
2020-12-10,Sierra,091,2930,23,18,0,18,0
2020-12-10,Siskiyou,093,43540,868,712,66,778,2
2020-12-10,Solano,095,438530,14095,12017,134,12151,90
2020-12-10,Sonoma,097,501317,15617,14282,93,14375,167
2020-12-10,Stanislaus,099,539301,28107,25582,2204,27786,464
2020-12-10,Sutter,101,95872,5125,4528,26,4554,27
2020-12-10,Tehama,103,63373,2396,2190,142,2332,9
2020-12-10,Trinity,105,12862,269,202,22,224,1
2020-12-10,Tulare,107,460477,27208,24506,2568,27074,337
2020-12-10,Tuolumne,109,53932,1724,1451,6,1457,8
2020-12-10,Ventura,111,848112,28335,24075,992,25067,202
2020-12-10,Yolo,113,214977,6696,5896,31,5927,95
2020-12-10,Yuba,115,75493,2917,2604,24,2628,10
2020-12-09,Alameda,001,1643700,39375,35047,587,35634,470
2020-12-09,Alpine,003,1148,66,58,0,58,0
2020-12-09,Amador,005,37829,1647,1121,8,1129,19
2020-12-09,Butte,007,227075,5535,4733,461,5194,70
2020-12-09,Calaveras,009,45235,747,670,0,670,21
2020-12-09,Colusa,011,21464,1020,896,26,922,7
2020-12-09,Contra Costa,013,1133247,31092,28308,282,28590,273
2020-12-09,Del Norte,015,27424,552,481,0,481,2
2020-12-09,El Dorado,017,186661,4334,3449,89,3538,8
2020-12-09,Fresno,019,978130,52881,41954,2628,44582,533
2020-12-09,Glenn,021,27897,1228,1107,118,1225,8
2020-12-09,Humboldt,023,135768,1307,1086,4,1090,10
2020-12-09,Imperial,025,180216,19884,17757,217,17974,368
2020-12-09,Inyo,027,18085,427,356,1,357,15
2020-12-09,Kern,029,883053,51478,46379,2865,49244,494
2020-12-09,Kings,031,150075,13691,12716,347,13063,92
2020-12-09,Lake,033,64148,1361,1158,0,1158,20
2020-12-09,Lassen,035,31185,3346,2331,16,2347,0
2020-12-09,Los Angeles,037,10098052,526951,467971,11092,479063,8075
2020-12-09,Madera,039,155013,8250,7216,251,7467,59
2020-12-09,Marin,041,260295,8536,8182,48,8230,138
2020-12-09,Mariposa,043,17540,184,154,2,156,3
2020-12-09,Mendocino,045,87422,1934,1703,16,1719,24
2020-12-09,Merced,047,269075,14980,13588,208,13796,183
2020-12-09,Modoc,049,8938,181,146,43,189,0
2020-12-09,Mono,051,14174,705,601,9,610,3
2020-12-09,Monterey,053,433212,20661,17891,413,18304,143
2020-12-09,Napa,055,140530,4452,3858,21,3879,21
2020-12-09,Nevada,057,99092,2150,1864,59,1923,10
2020-12-09,Orange,059,3164182,109573,93763,3658,97421,1629
2020-12-09,Placer,061,380077,10557,8588,299,8887,85
2020-12-09,Plumas,063,18699,346,271,9,280,0
2020-12-09,Riverside,065,2383286,125821,110376,4122,114498,1543
2020-12-09,Sacramento,067,1510023,50571,45284,280,45564,659
2020-12-09,San Benito,069,59416,2492,2217,17,2234,19
2020-12-09,San Bernardino,071,2135413,138219,114516,2929,117445,1305
2020-12-09,San Diego,073,3302833,110772,97551,4645,102196,1103
2020-12-09,San Francisco,075,870044,18976,17628,158,17786,163
2020-12-09,San Joaquin,077,732212,34802,30539,893,31432,531
2020-12-09,San Luis Obispo,079,281455,7979,7105,153,7258,47
2020-12-09,San Mateo,081,765935,19134,16422,22,16444,175
2020-12-09,Santa Barbara,083,443738,14090,12630,290,12920,142
2020-12-09,Santa Clara,085,1922200,50386,42912,151,43063,489
2020-12-09,Santa Cruz,087,273765,6472,5527,115,5642,47
2020-12-09,Shasta,089,179085,6995,6105,411,6516,52
2020-12-09,Sierra,091,2930,23,18,0,18,0
2020-12-09,Siskiyou,093,43540,857,713,65,778,2
2020-12-09,Solano,095,438530,13749,11862,125,11987,90
2020-12-09,Sonoma,097,501317,15361,13994,90,14084,164
2020-12-09,Stanislaus,099,539301,27609,25157,2142,27299,463
2020-12-09,Sutter,101,95872,5012,4418,22,4440,24
2020-12-09,Tehama,103,63373,2361,2102,139,2241,9
2020-12-09,Trinity,105,12862,261,199,21,220,0
2020-12-09,Tulare,107,460477,26612,24124,2485,26609,334
2020-12-09,Tuolumne,109,53932,1683,1319,6,1325,8
2020-12-09,Ventura,111,848112,27475,23830,948,24778,201
2020-12-09,Yolo,113,214977,6569,5760,29,5789,95
2020-12-09,Yuba,115,75493,2849,2513,23,2536,10
2020-12-08,Alameda,001,1643700,38479,34373,570,34943,469
2020-12-08,Alpine,003,1148,65,53,0,53,0
2020-12-08,Amador,005,37829,1361,1043,8,1051,17
2020-12-08,Butte,007,227075,5379,4651,417,5068,70
2020-12-08,Calaveras,009,45235,722,657,0,657,21
2020-12-08,Colusa,011,21464,1003,875,25,900,6
2020-12-08,Contra Costa,013,1133247,30391,27926,265,28191,270
2020-12-08,Del Norte,015,27424,537,465,0,465,2
2020-12-08,El Dorado,017,186661,4210,3296,77,3373,8
2020-12-08,Fresno,019,978130,51627,41574,2459,44033,529
2020-12-08,Glenn,021,27897,1208,1094,110,1204,8
2020-12-08,Humboldt,023,135768,1281,1059,4,1063,10
2020-12-08,Imperial,025,180216,19367,17568,208,17776,363
2020-12-08,Inyo,027,18085,404,333,1,334,15
2020-12-08,Kern,029,883053,50187,45116,2706,47822,487
2020-12-08,Kings,031,150075,13538,12623,337,12960,90
2020-12-08,Lake,033,64148,1320,1127,0,1127,20
2020-12-08,Lassen,035,31185,3190,2165,16,2181,0
2020-12-08,Los Angeles,037,10098052,514304,459738,10590,470328,8004
2020-12-08,Madera,039,155013,8118,7082,238,7320,59
2020-12-08,Marin,041,260295,8454,8099,47,8146,137
2020-12-08,Mariposa,043,17540,180,150,2,152,2
2020-12-08,Mendocino,045,87422,1892,1666,16,1682,23
2020-12-08,Merced,047,269075,14672,13380,207,13587,181
2020-12-08,Modoc,049,8938,173,138,40,178,0
2020-12-08,Mono,051,14174,686,597,9,606,3
2020-12-08,Monterey,053,433212,20094,17752,406,18158,134
2020-12-08,Napa,055,140530,4364,3778,20,3798,22
2020-12-08,Nevada,057,99092,2096,1809,56,1865,11
2020-12-08,Orange,059,3164182,106366,91406,3487,94893,1629
2020-12-08,Placer,061,380077,10290,8224,293,8517,82
2020-12-08,Plumas,063,18699,336,258,9,267,0
2020-12-08,Riverside,065,2383286,122484,107620,3934,111554,1514
2020-12-08,Sacramento,067,1510023,49504,44635,262,44897,649
2020-12-08,San Benito,069,59416,2436,2180,17,2197,18
2020-12-08,San Bernardino,071,2135413,133878,110676,2801,113477,1301
2020-12-08,San Diego,073,3302833,107402,95447,4488,99935,1088
2020-12-08,San Francisco,075,870044,18667,17384,154,17538,162
2020-12-08,San Joaquin,077,732212,33910,30225,860,31085,530
2020-12-08,San Luis Obispo,079,281455,7850,6903,142,7045,45
2020-12-08,San Mateo,081,765935,18736,16305,22,16327,175
2020-12-08,Santa Barbara,083,443738,13906,12516,280,12796,141
2020-12-08,Santa Clara,085,1922200,49080,41309,140,41449,484
2020-12-08,Santa Cruz,087,273765,6295,5374,111,5485,45
2020-12-08,Shasta,089,179085,6886,5946,403,6349,50
2020-12-08,Sierra,091,2930,22,18,0,18,0
2020-12-08,Siskiyou,093,43540,843,704,63,767,2
2020-12-08,Solano,095,438530,13346,11669,123,11792,89
2020-12-08,Sonoma,097,501317,15100,13601,89,13690,164
2020-12-08,Stanislaus,099,539301,27125,24793,2077,26870,461
2020-12-08,Sutter,101,95872,4914,4342,21,4363,24
2020-12-08,Tehama,103,63373,2278,2057,129,2186,9
2020-12-08,Trinity,105,12862,256,198,20,218,0
2020-12-08,Tulare,107,460477,26016,23607,2419,26026,330
2020-12-08,Tuolumne,109,53932,1654,1264,6,1270,7
2020-12-08,Ventura,111,848112,26813,23665,904,24569,195
2020-12-08,Yolo,113,214977,6438,5560,29,5589,90
2020-12-08,Yuba,115,75493,2773,2477,23,2500,10
2020-12-07,Alameda,001,1643700,37617,33887,534,34421,466
2020-12-07,Alpine,003,1148,64,53,0,53,0
2020-12-07,Amador,005,37829,1286,993,7,1000,17
2020-12-07,Butte,007,227075,5243,4604,395,4999,67
2020-12-07,Calaveras,009,45235,690,606,0,606,21
2020-12-07,Colusa,011,21464,978,825,23,848,6
2020-12-07,Contra Costa,013,1133247,29778,27307,252,27559,270
2020-12-07,Del Norte,015,27424,525,424,0,424,2
2020-12-07,El Dorado,017,186661,4030,3275,70,3345,8
2020-12-07,Fresno,019,978130,50160,41098,2331,43429,526
2020-12-07,Glenn,021,27897,1189,1085,104,1189,8
2020-12-07,Humboldt,023,135768,1246,1023,4,1027,9
2020-12-07,Imperial,025,180216,18947,17234,196,17430,364
2020-12-07,Inyo,027,18085,389,333,1,334,15
2020-12-07,Kern,029,883053,49168,44409,2561,46970,486
2020-12-07,Kings,031,150075,13398,12412,324,12736,90
2020-12-07,Lake,033,64148,1291,1090,0,1090,20
2020-12-07,Lassen,035,31185,3093,2167,16,2183,0
2020-12-07,Los Angeles,037,10098052,500684,451052,10123,461175,7937
2020-12-07,Madera,039,155013,7854,6935,232,7167,59
2020-12-07,Marin,041,260295,8397,8049,46,8095,136
2020-12-07,Mariposa,043,17540,177,146,2,148,2
2020-12-07,Mendocino,045,87422,1857,1638,14,1652,23
2020-12-07,Merced,047,269075,14312,13250,197,13447,179
2020-12-07,Modoc,049,8938,166,128,37,165,0
2020-12-07,Mono,051,14174,676,590,9,599,3
2020-12-07,Monterey,053,433212,19613,17746,394,18140,132
2020-12-07,Napa,055,140530,4273,3684,20,3704,21
2020-12-07,Nevada,057,99092,2047,1777,55,1832,11
2020-12-07,Orange,059,3164182,103107,89793,3369,93162,1628
2020-12-07,Placer,061,380077,9966,7911,279,8190,82
2020-12-07,Plumas,063,18699,325,256,5,261,0
2020-12-07,Riverside,065,2383286,119298,102363,3741,106104,1491
2020-12-07,Sacramento,067,1510023,48412,43419,244,43663,638
2020-12-07,San Benito,069,59416,2385,2165,16,2181,18
2020-12-07,San Bernardino,071,2135413,129942,108161,2673,110834,1295
2020-12-07,San Diego,073,3302833,104614,94171,4307,98478,1062
2020-12-07,San Francisco,075,870044,18377,17220,146,17366,161
2020-12-07,San Joaquin,077,732212,33035,28188,833,29021,530
2020-12-07,San Luis Obispo,079,281455,7668,6782,135,6917,45
2020-12-07,San Mateo,081,765935,18296,16029,21,16050,175
2020-12-07,Santa Barbara,083,443738,13665,12362,269,12631,141
2020-12-07,Santa Clara,085,1922200,47698,40621,130,40751,484
2020-12-07,Santa Cruz,087,273765,6131,5152,104,5256,41
2020-12-07,Shasta,089,179085,6763,5742,388,6130,50
2020-12-07,Sierra,091,2930,20,18,0,18,0
2020-12-07,Siskiyou,093,43540,817,652,62,714,2
2020-12-07,Solano,095,438530,13007,11354,119,11473,89
2020-12-07,Sonoma,097,501317,14813,13376,89,13465,164
2020-12-07,Stanislaus,099,539301,26571,24479,2023,26502,454
2020-12-07,Sutter,101,95872,4773,4106,21,4127,24
2020-12-07,Tehama,103,63373,2226,2030,123,2153,9
2020-12-07,Trinity,105,12862,253,194,20,214,0
2020-12-07,Tulare,107,460477,25494,22760,2357,25117,328
2020-12-07,Tuolumne,109,53932,1571,1256,5,1261,7
2020-12-07,Ventura,111,848112,26229,23354,867,24221,191
2020-12-07,Yolo,113,214977,6276,5537,28,5565,90
2020-12-07,Yuba,115,75493,2704,2428,21,2449,10
2020-12-06,Alameda,001,1643700,36647,33477,511,33988,465
2020-12-06,Alpine,003,1148,60,53,0,53,0
2020-12-06,Amador,005,37829,1223,952,6,958,17
2020-12-06,Butte,007,227075,5093,4527,359,4886,67
2020-12-06,Calaveras,009,45235,671,606,0,606,21
2020-12-06,Colusa,011,21464,961,824,20,844,6
2020-12-06,Contra Costa,013,1133247,29172,26566,244,26810,270
2020-12-06,Del Norte,015,27424,488,414,0,414,2
2020-12-06,El Dorado,017,186661,3893,3086,65,3151,8
2020-12-06,Fresno,019,978130,49213,40869,2212,43081,526
2020-12-06,Glenn,021,27897,1179,1067,100,1167,8
2020-12-06,Humboldt,023,135768,1221,1004,4,1008,9
2020-12-06,Imperial,025,180216,18635,16922,186,17108,364
2020-12-06,Inyo,027,18085,376,333,1,334,15
2020-12-06,Kern,029,883053,48185,43899,2382,46281,486
2020-12-06,Kings,031,150075,13129,12056,306,12362,90
2020-12-06,Lake,033,64148,1252,1075,0,1075,20
2020-12-06,Lassen,035,31185,2989,2168,14,2182,0
2020-12-06,Los Angeles,037,10098052,487154,443230,9650,452880,7910
2020-12-06,Madera,039,155013,7683,6826,224,7050,59
2020-12-06,Marin,041,260295,8318,8013,44,8057,136
2020-12-06,Mariposa,043,17540,176,144,2,146,2
2020-12-06,Mendocino,045,87422,1816,1614,14,1628,23
2020-12-06,Merced,047,269075,13977,12928,188,13116,179
2020-12-06,Modoc,049,8938,153,125,29,154,0
2020-12-06,Mono,051,14174,654,586,8,594,3
2020-12-06,Monterey,053,433212,18995,17426,384,17810,130
2020-12-06,Napa,055,140530,4161,3644,20,3664,21
2020-12-06,Nevada,057,99092,1988,1710,52,1762,10
2020-12-06,Orange,059,3164182,100048,87737,3234,90971,1627
2020-12-06,Placer,061,380077,9693,7837,257,8094,82
2020-12-06,Plumas,063,18699,312,254,4,258,0
2020-12-06,Riverside,065,2383286,116223,100088,3506,103594,1482
2020-12-06,Sacramento,067,1510023,47170,42808,229,43037,638
2020-12-06,San Benito,069,59416,2348,2135,16,2151,18
2020-12-06,San Bernardino,071,2135413,125815,106927,2509,109436,1286
2020-12-06,San Diego,073,3302833,101584,92173,4153,96326,1062
2020-12-06,San Francisco,075,870044,18055,17107,138,17245,161
2020-12-06,San Joaquin,077,732212,32205,28188,805,28993,530
2020-12-06,San Luis Obispo,079,281455,7501,6723,131,6854,45
2020-12-06,San Mateo,081,765935,17792,15855,18,15873,175
2020-12-06,Santa Barbara,083,443738,13435,12252,261,12513,141
2020-12-06,Santa Clara,085,1922200,46324,39112,124,39236,482
2020-12-06,Santa Cruz,087,273765,5959,5069,98,5167,40
2020-12-06,Shasta,089,179085,6622,5743,366,6109,49
2020-12-06,Sierra,091,2930,20,17,0,17,0
2020-12-06,Siskiyou,093,43540,799,652,60,712,2
2020-12-06,Solano,095,438530,12719,11354,109,11463,88
2020-12-06,Sonoma,097,501317,14523,13238,88,13326,164
2020-12-06,Stanislaus,099,539301,26020,24036,1957,25993,454
2020-12-06,Sutter,101,95872,4659,4009,20,4029,21
2020-12-06,Tehama,103,63373,2170,1982,112,2094,9
2020-12-06,Trinity,105,12862,247,181,18,199,0
2020-12-06,Tulare,107,460477,24975,22756,2285,25041,327
2020-12-06,Tuolumne,109,53932,1474,1210,5,1215,7
2020-12-06,Ventura,111,848112,25686,23035,840,23875,191
2020-12-06,Yolo,113,214977,6116,5465,23,5488,90
2020-12-06,Yuba,115,75493,2660,2340,20,2360,10
2020-12-05,Alameda,001,1643700,36289,32781,500,33281,465
2020-12-05,Alpine,003,1148,59,53,0,53,0
2020-12-05,Amador,005,37829,1199,847,6,853,17
2020-12-05,Butte,007,227075,5024,4455,340,4795,66
2020-12-05,Calaveras,009,45235,660,606,0,606,21
2020-12-05,Colusa,011,21464,944,825,17,842,6
2020-12-05,Contra Costa,013,1133247,28879,26217,237,26454,270
2020-12-05,Del Norte,015,27424,482,408,0,408,2
2020-12-05,El Dorado,017,186661,3829,3061,60,3121,8
2020-12-05,Fresno,019,978130,48893,40568,2156,42724,525
2020-12-05,Glenn,021,27897,1166,1056,94,1150,8
2020-12-05,Humboldt,023,135768,1188,979,4,983,9
2020-12-05,Imperial,025,180216,18473,16544,184,16728,362
2020-12-05,Inyo,027,18085,371,332,1,333,15
2020-12-05,Kern,029,883053,47726,43332,2291,45623,484
2020-12-05,Kings,031,150075,13050,11898,303,12201,90
2020-12-05,Lake,033,64148,1227,1069,0,1069,20
2020-12-05,Lassen,035,31185,2798,2168,12,2180,0
2020-12-05,Los Angeles,037,10098052,481383,433120,9308,442428,7888
2020-12-05,Madera,039,155013,7594,6619,217,6836,59
2020-12-05,Marin,041,260295,8292,7961,44,8005,136
2020-12-05,Mariposa,043,17540,171,143,2,145,2
2020-12-05,Mendocino,045,87422,1777,1585,14,1599,23
2020-12-05,Merced,047,269075,13872,12747,177,12924,180
2020-12-05,Modoc,049,8938,153,118,28,146,0
2020-12-05,Mono,051,14174,649,554,8,562,3
2020-12-05,Monterey,053,433212,18849,17077,380,17457,127
2020-12-05,Napa,055,140530,4091,3565,20,3585,21
2020-12-05,Nevada,057,99092,1974,1642,50,1692,10
2020-12-05,Orange,059,3164182,98591,85735,3138,88873,1612
2020-12-05,Placer,061,380077,9574,7811,248,8059,78
2020-12-05,Plumas,063,18699,305,246,1,247,0
2020-12-05,Riverside,065,2383286,114625,98612,3317,101929,1477
2020-12-05,Sacramento,067,1510023,46506,41878,214,42092,625
2020-12-05,San Benito,069,59416,2307,2073,16,2089,18
2020-12-05,San Bernardino,071,2135413,124299,105382,2371,107753,1283
2020-12-05,San Diego,073,3302833,100235,90470,4072,94542,1055
2020-12-05,San Francisco,075,870044,17871,16786,134,16920,161
2020-12-05,San Joaquin,077,732212,31946,28105,770,28875,523
2020-12-05,San Luis Obispo,079,281455,7434,6623,128,6751,44
2020-12-05,San Mateo,081,765935,17535,15512,18,15530,175
2020-12-05,Santa Barbara,083,443738,13335,12107,255,12362,141
2020-12-05,Santa Clara,085,1922200,45589,38339,119,38458,474
2020-12-05,Santa Cruz,087,273765,5885,4997,96,5093,40
2020-12-05,Shasta,089,179085,6561,5653,355,6008,49
2020-12-05,Sierra,091,2930,20,17,0,17,0
2020-12-05,Siskiyou,093,43540,791,649,59,708,2
2020-12-05,Solano,095,438530,12550,11351,107,11458,87
2020-12-05,Sonoma,097,501317,14427,13137,88,13225,164
2020-12-05,Stanislaus,099,539301,25715,23662,1921,25583,454
2020-12-05,Sutter,101,95872,4592,3937,20,3957,20
2020-12-05,Tehama,103,63373,2156,1926,110,2036,9
2020-12-05,Trinity,105,12862,246,177,18,195,0
2020-12-05,Tulare,107,460477,24765,22660,2223,24883,324
2020-12-05,Tuolumne,109,53932,1418,1180,5,1185,7
2020-12-05,Ventura,111,848112,25318,22710,824,23534,191
2020-12-05,Yolo,113,214977,6038,5351,22,5373,90
2020-12-05,Yuba,115,75493,2624,2275,20,2295,10
2020-12-04,Alameda,001,1643700,35739,31871,487,32358,465
2020-12-04,Alpine,003,1148,59,53,0,53,0
2020-12-04,Amador,005,37829,1185,766,3,769,16
2020-12-04,Butte,007,227075,4953,4336,318,4654,65
2020-12-04,Calaveras,009,45235,655,585,0,585,21
2020-12-04,Colusa,011,21464,930,790,16,806,6
2020-12-04,Contra Costa,013,1133247,28538,25705,225,25930,264
2020-12-04,Del Norte,015,27424,471,401,0,401,2
2020-12-04,El Dorado,017,186661,3741,2933,57,2990,7
2020-12-04,Fresno,019,978130,48185,40108,2087,42195,522
2020-12-04,Glenn,021,27897,1160,1017,86,1103,8
2020-12-04,Humboldt,023,135768,1170,960,4,964,9
2020-12-04,Imperial,025,180216,18230,16484,184,16668,362
2020-12-04,Inyo,027,18085,363,324,1,325,15
2020-12-04,Kern,029,883053,47178,42497,2185,44682,485
2020-12-04,Kings,031,150075,12957,11767,297,12064,88
2020-12-04,Lake,033,64148,1199,1018,0,1018,20
2020-12-04,Lassen,035,31185,2791,2167,10,2177,0
2020-12-04,Los Angeles,037,10098052,472797,424164,8996,433160,7845
2020-12-04,Madera,039,155013,7505,6479,214,6693,58
2020-12-04,Marin,041,260295,8242,7896,42,7938,136
2020-12-04,Mariposa,043,17540,171,136,2,138,2
2020-12-04,Mendocino,045,87422,1758,1563,13,1576,23
2020-12-04,Merced,047,269075,13757,12474,169,12643,177
2020-12-04,Modoc,049,8938,153,115,28,143,0
2020-12-04,Mono,051,14174,644,549,8,557,3
2020-12-04,Monterey,053,433212,18644,16737,371,17108,127
2020-12-04,Napa,055,140530,4038,3432,20,3452,19
2020-12-04,Nevada,057,99092,1949,1560,47,1607,10
2020-12-04,Orange,059,3164182,96674,83738,3069,86807,1597
2020-12-04,Placer,061,380077,9443,7461,234,7695,76
2020-12-04,Plumas,063,18699,298,232,0,232,0
2020-12-04,Riverside,065,2383286,112435,95255,3154,98409,1475
2020-12-04,Sacramento,067,1510023,45745,41061,197,41258,618
2020-12-04,San Benito,069,59416,2279,2006,16,2022,17
2020-12-04,San Bernardino,071,2135413,122033,102418,2260,104678,1290
2020-12-04,San Diego,073,3302833,98753,88183,3986,92169,1047
2020-12-04,San Francisco,075,870044,17682,16499,133,16632,161
2020-12-04,San Joaquin,077,732212,31510,27806,732,28538,522
2020-12-04,San Luis Obispo,079,281455,7349,6473,125,6598,42
2020-12-04,San Mateo,081,765935,17247,15112,17,15129,173
2020-12-04,Santa Barbara,083,443738,13229,11947,247,12194,141
2020-12-04,Santa Clara,085,1922200,44671,37465,113,37578,468
2020-12-04,Santa Cruz,087,273765,5800,4985,94,5079,32
2020-12-04,Shasta,089,179085,6473,5439,345,5784,49
2020-12-04,Sierra,091,2930,19,17,0,17,0
2020-12-04,Siskiyou,093,43540,784,639,56,695,2
2020-12-04,Solano,095,438530,12404,11037,104,11141,87
2020-12-04,Sonoma,097,501317,14279,12962,87,13049,164
2020-12-04,Stanislaus,099,539301,25450,23206,1875,25081,448
2020-12-04,Sutter,101,95872,4520,3791,15,3806,20
2020-12-04,Tehama,103,63373,2117,1876,104,1980,9
2020-12-04,Trinity,105,12862,244,172,18,190,0
2020-12-04,Tulare,107,460477,24484,22273,2148,24421,322
2020-12-04,Tuolumne,109,53932,1387,1134,5,1139,7
2020-12-04,Ventura,111,848112,24942,22024,806,22830,189
2020-12-04,Yolo,113,214977,5964,5294,21,5315,87
2020-12-04,Yuba,115,75493,2581,2225,19,2244,10
2020-12-03,Alameda,001,1643700,34981,31184,468,31652,465
2020-12-03,Alpine,003,1148,58,53,0,53,0
2020-12-03,Amador,005,37829,1134,653,3,656,16
2020-12-03,Butte,007,227075,4859,4305,297,4602,65
2020-12-03,Calaveras,009,45235,636,572,0,572,21
2020-12-03,Colusa,011,21464,917,774,16,790,6
2020-12-03,Contra Costa,013,1133247,28040,25464,217,25681,265
2020-12-03,Del Norte,015,27424,467,388,0,388,2
2020-12-03,El Dorado,017,186661,3615,2740,55,2795,6
2020-12-03,Fresno,019,978130,47438,39680,2012,41692,516
2020-12-03,Glenn,021,27897,1143,997,77,1074,8
2020-12-03,Humboldt,023,135768,1140,923,4,927,9
2020-12-03,Imperial,025,180216,18025,16436,173,16609,359
2020-12-03,Inyo,027,18085,360,321,1,322,15
2020-12-03,Kern,029,883053,46337,42062,2079,44141,483
2020-12-03,Kings,031,150075,12858,11658,284,11942,87
2020-12-03,Lake,033,64148,1185,991,0,991,20
2020-12-03,Lassen,035,31185,2751,2128,9,2137,0
2020-12-03,Los Angeles,037,10098052,462729,415805,8615,424420,7787
2020-12-03,Madera,039,155013,7384,6398,210,6608,58
2020-12-03,Marin,041,260295,8183,7861,38,7899,136
2020-12-03,Mariposa,043,17540,167,132,2,134,2
2020-12-03,Mendocino,045,87422,1742,1547,9,1556,23
2020-12-03,Merced,047,269075,13511,12310,161,12471,177
2020-12-03,Modoc,049,8938,151,114,28,142,0
2020-12-03,Mono,051,14174,623,527,8,535,3
2020-12-03,Monterey,053,433212,18182,16218,360,16578,125
2020-12-03,Napa,055,140530,3925,3360,20,3380,19
2020-12-03,Nevada,057,99092,1872,1472,46,1518,10
2020-12-03,Orange,059,3164182,94160,82187,2996,85183,1591
2020-12-03,Placer,061,380077,9246,7270,218,7488,73
2020-12-03,Plumas,063,18699,284,223,0,223,0
2020-12-03,Riverside,065,2383286,109689,92489,2980,95469,1461
2020-12-03,Sacramento,067,1510023,44697,40280,184,40464,614
2020-12-03,San Benito,069,59416,2235,1967,16,1983,16
2020-12-03,San Bernardino,071,2135413,118715,100787,2171,102958,1283
2020-12-03,San Diego,073,3302833,96945,86144,3868,90012,1040
2020-12-03,San Francisco,075,870044,17460,16236,132,16368,161
2020-12-03,San Joaquin,077,732212,30790,27239,683,27922,522
2020-12-03,San Luis Obispo,079,281455,7181,6388,124,6512,42
2020-12-03,San Mateo,081,765935,16896,14909,16,14925,173
2020-12-03,Santa Barbara,083,443738,13101,11829,241,12070,141
2020-12-03,Santa Clara,085,1922200,43475,36621,107,36728,465
2020-12-03,Santa Cruz,087,273765,5658,4850,90,4940,28
2020-12-03,Shasta,089,179085,6364,5330,338,5668,48
2020-12-03,Sierra,091,2930,19,17,0,17,0
2020-12-03,Siskiyou,093,43540,769,629,53,682,2
2020-12-03,Solano,095,438530,12193,10857,101,10958,87
2020-12-03,Sonoma,097,501317,14035,12772,86,12858,164
2020-12-03,Stanislaus,099,539301,25045,22821,1822,24643,447
2020-12-03,Sutter,101,95872,4437,3727,14,3741,20
2020-12-03,Tehama,103,63373,2066,1832,95,1927,9
2020-12-03,Trinity,105,12862,242,166,18,184,0
2020-12-03,Tulare,107,460477,24089,21993,2052,24045,321
2020-12-03,Tuolumne,109,53932,1346,1105,5,1110,7
2020-12-03,Ventura,111,848112,24239,21555,791,22346,187
2020-12-03,Yolo,113,214977,5826,5069,21,5090,87
2020-12-03,Yuba,115,75493,2512,2182,17,2199,10
2020-12-02,Alameda,001,1643700,34359,30697,456,31153,463
2020-12-02,Alpine,003,1148,57,52,0,52,0
2020-12-02,Amador,005,37829,1062,585,3,588,16
2020-12-02,Butte,007,227075,4737,4243,287,4530,65
2020-12-02,Calaveras,009,45235,620,553,0,553,21
2020-12-02,Colusa,011,21464,901,756,15,771,6
2020-12-02,Contra Costa,013,1133247,27583,25147,204,25351,264
2020-12-02,Del Norte,015,27424,453,384,0,384,2
2020-12-02,El Dorado,017,186661,3515,2638,49,2687,5
2020-12-02,Fresno,019,978130,46693,39324,1902,41226,507
2020-12-02,Glenn,021,27897,1126,995,69,1064,7
2020-12-02,Humboldt,023,135768,1114,899,4,903,9
2020-12-02,Imperial,025,180216,17601,16360,164,16524,356
2020-12-02,Inyo,027,18085,353,314,1,315,15
2020-12-02,Kern,029,883053,45447,41660,1974,43634,479
2020-12-02,Kings,031,150075,12505,11531,270,11801,86
2020-12-02,Lake,033,64148,1156,971,0,971,20
2020-12-02,Lassen,035,31185,2692,2115,9,2124,0
2020-12-02,Los Angeles,037,10098052,452715,408289,8256,416545,7739
2020-12-02,Madera,039,155013,7261,6370,202,6572,57
2020-12-02,Marin,041,260295,8137,7819,36,7855,136
2020-12-02,Mariposa,043,17540,164,131,2,133,2
2020-12-02,Mendocino,045,87422,1709,1524,9,1533,23
2020-12-02,Merced,047,269075,13269,12168,154,12322,173
2020-12-02,Modoc,049,8938,148,113,28,141,0
2020-12-02,Mono,051,14174,614,520,8,528,3
2020-12-02,Monterey,053,433212,17705,16064,321,16385,121
2020-12-02,Napa,055,140530,3822,3298,19,3317,19
2020-12-02,Nevada,057,99092,1810,1430,45,1475,9
2020-12-02,Orange,059,3164182,91968,81046,2915,83961,1569
2020-12-02,Placer,061,380077,9012,6941,203,7144,73
2020-12-02,Plumas,063,18699,271,218,0,218,0
2020-12-02,Riverside,065,2383286,106978,90089,2791,92880,1451
2020-12-02,Sacramento,067,1510023,43667,39334,173,39507,597
2020-12-02,San Benito,069,59416,2171,1921,16,1937,16
2020-12-02,San Bernardino,071,2135413,115162,98567,2053,100620,1240
2020-12-02,San Diego,073,3302833,95031,84640,3754,88394,1035
2020-12-02,San Francisco,075,870044,17222,16058,130,16188,157
2020-12-02,San Joaquin,077,732212,30169,26740,659,27399,519
2020-12-02,San Luis Obispo,079,281455,7083,6324,121,6445,42
2020-12-02,San Mateo,081,765935,16534,14757,15,14772,170
2020-12-02,Santa Barbara,083,443738,12950,11705,228,11933,140
2020-12-02,Santa Clara,085,1922200,42359,35878,106,35984,458
2020-12-02,Santa Cruz,087,273765,5526,4766,87,4853,27
2020-12-02,Shasta,089,179085,6240,5188,321,5509,47
2020-12-02,Sierra,091,2930,19,17,0,17,0
2020-12-02,Siskiyou,093,43540,753,624,51,675,1
2020-12-02,Solano,095,438530,11948,10701,96,10797,87
2020-12-02,Sonoma,097,501317,13795,12635,85,12720,163
2020-12-02,Stanislaus,099,539301,24550,22615,1762,24377,448
2020-12-02,Sutter,101,95872,4276,3604,14,3618,18
2020-12-02,Tehama,103,63373,2023,1800,79,1879,9
2020-12-02,Trinity,105,12862,235,165,18,183,0
2020-12-02,Tulare,107,460477,23713,21789,1965,23754,321
2020-12-02,Tuolumne,109,53932,1306,1076,5,1081,7
2020-12-02,Ventura,111,848112,23831,21208,772,21980,186
2020-12-02,Yolo,113,214977,5715,5053,20,5073,87
2020-12-02,Yuba,115,75493,2435,2119,16,2135,10
2020-12-01,Alameda,001,1643700,33673,30252,444,30696,460
2020-12-01,Alpine,003,1148,57,41,0,41,0
2020-12-01,Amador,005,37829,915,575,2,577,16
2020-12-01,Butte,007,227075,4633,4177,271,4448,65
2020-12-01,Calaveras,009,45235,602,544,0,544,21
2020-12-01,Colusa,011,21464,884,747,15,762,6
2020-12-01,Contra Costa,013,1133247,27010,24788,196,24984,264
2020-12-01,Del Norte,015,27424,425,357,0,357,2
2020-12-01,El Dorado,017,186661,3370,2542,44,2586,4
2020-12-01,Fresno,019,978130,45795,39004,1818,40822,505
2020-12-01,Glenn,021,27897,1105,989,65,1054,7
2020-12-01,Humboldt,023,135768,1083,886,4,890,9
2020-12-01,Imperial,025,180216,17288,16278,161,16439,356
2020-12-01,Inyo,027,18085,346,304,1,305,15
2020-12-01,Kern,029,883053,44648,41345,1838,43183,478
2020-12-01,Kings,031,150075,12192,11415,254,11669,86
2020-12-01,Lake,033,64148,1138,969,0,969,19
2020-12-01,Lassen,035,31185,2526,2047,8,2055,0
2020-12-01,Los Angeles,037,10098052,442376,403266,7914,411180,7704
2020-12-01,Madera,039,155013,7145,6270,193,6463,57
2020-12-01,Marin,041,260295,8067,7787,35,7822,136
2020-12-01,Mariposa,043,17540,159,128,2,130,2
2020-12-01,Mendocino,045,87422,1675,1497,9,1506,23
2020-12-01,Merced,047,269075,13026,12032,145,12177,172
2020-12-01,Modoc,049,8938,143,113,24,137,0
2020-12-01,Mono,051,14174,604,520,8,528,3
2020-12-01,Monterey,053,433212,17198,15835,311,16146,121
2020-12-01,Napa,055,140530,3738,3124,18,3142,19
2020-12-01,Nevada,057,99092,1748,1411,44,1455,9
2020-12-01,Orange,059,3164182,89872,79468,2824,82292,1567
2020-12-01,Placer,061,380077,8687,6794,196,6990,72
2020-12-01,Plumas,063,18699,259,201,0,201,0
2020-12-01,Riverside,065,2383286,104183,88530,2623,91153,1448
2020-12-01,Sacramento,067,1510023,42620,38966,168,39134,589
2020-12-01,San Benito,069,59416,2116,1888,16,1904,15
2020-12-01,San Bernardino,071,2135413,111695,95854,1923,97777,1220
2020-12-01,San Diego,073,3302833,92774,83423,3644,87067,1019
2020-12-01,San Francisco,075,870044,16941,15797,126,15923,157
2020-12-01,San Joaquin,077,732212,29367,26432,637,27069,514
2020-12-01,San Luis Obispo,079,281455,6943,6264,116,6380,40
2020-12-01,San Mateo,081,765935,16209,14495,15,14510,170
2020-12-01,Santa Barbara,083,443738,12810,11611,218,11829,140
2020-12-01,Santa Clara,085,1922200,41103,35397,101,35498,452
2020-12-01,Santa Cruz,087,273765,5370,4638,79,4717,27
2020-12-01,Shasta,089,179085,6112,5077,299,5376,47
2020-12-01,Sierra,091,2930,19,17,0,17,0
2020-12-01,Siskiyou,093,43540,739,608,47,655,1
2020-12-01,Solano,095,438530,11690,10604,90,10694,87
2020-12-01,Sonoma,097,501317,13590,12491,82,12573,163
2020-12-01,Stanislaus,099,539301,24095,22351,1704,24055,447
2020-12-01,Sutter,101,95872,4135,3538,14,3552,17
2020-12-01,Tehama,103,63373,1964,1773,70,1843,9
2020-12-01,Trinity,105,12862,225,165,17,182,0
2020-12-01,Tulare,107,460477,23261,21645,1890,23535,319
2020-12-01,Tuolumne,109,53932,1270,1052,2,1054,7
2020-12-01,Ventura,111,848112,23218,20604,750,21354,186
2020-12-01,Yolo,113,214977,5575,4928,20,4948,86
2020-12-01,Yuba,115,75493,2369,2088,15,2103,10
2020-11-30,Alameda,001,1643700,32857,29972,426,30398,457
2020-11-30,Alpine,003,1148,55,41,0,41,0
2020-11-30,Amador,005,37829,874,559,2,561,16
2020-11-30,Butte,007,227075,4516,4148,254,4402,65
2020-11-30,Calaveras,009,45235,580,478,0,478,21
2020-11-30,Colusa,011,21464,857,737,11,748,6
2020-11-30,Contra Costa,013,1133247,26434,24365,192,24557,264
2020-11-30,Del Norte,015,27424,402,339,0,339,2
2020-11-30,El Dorado,017,186661,3196,2488,39,2527,4
2020-11-30,Fresno,019,978130,44689,38712,1698,40410,500
2020-11-30,Glenn,021,27897,1082,954,60,1014,5
2020-11-30,Humboldt,023,135768,1036,870,4,874,9
2020-11-30,Imperial,025,180216,17036,16212,136,16348,356
2020-11-30,Inyo,027,18085,341,304,1,305,15
2020-11-30,Kern,029,883053,43892,40941,1695,42636,473
2020-11-30,Kings,031,150075,12046,11346,237,11583,85
2020-11-30,Lake,033,64148,1107,939,0,939,18
2020-11-30,Lassen,035,31185,2433,1793,8,1801,0
2020-11-30,Los Angeles,037,10098052,431730,396202,7566,403768,7658
2020-11-30,Madera,039,155013,6977,6210,179,6389,57
2020-11-30,Marin,041,260295,8025,7764,34,7798,136
2020-11-30,Mariposa,043,17540,152,123,2,125,2
2020-11-30,Mendocino,045,87422,1648,1482,9,1491,23
2020-11-30,Merced,047,269075,12752,11913,134,12047,172
2020-11-30,Modoc,049,8938,133,113,24,137,0
2020-11-30,Mono,051,14174,582,519,8,527,3
2020-11-30,Monterey,053,433212,16769,15837,303,16140,119
2020-11-30,Napa,055,140530,3639,3091,17,3108,18
2020-11-30,Nevada,057,99092,1661,1347,41,1388,9
2020-11-30,Orange,059,3164182,87767,78711,2726,81437,1568
2020-11-30,Placer,061,380077,8390,6575,183,6758,72
2020-11-30,Plumas,063,18699,248,192,0,192,0
2020-11-30,Riverside,065,2383286,101197,87722,2468,90190,1446
2020-11-30,Sacramento,067,1510023,41542,37834,160,37994,586
2020-11-30,San Benito,069,59416,2067,1875,15,1890,15
2020-11-30,San Bernardino,071,2135413,107970,92704,1804,94508,1220
2020-11-30,San Diego,073,3302833,90414,82045,3517,85562,997
2020-11-30,San Francisco,075,870044,16643,15638,123,15761,157
2020-11-30,San Joaquin,077,732212,28663,25742,610,26352,509
2020-11-30,San Luis Obispo,079,281455,6808,6224,114,6338,36
2020-11-30,San Mateo,081,765935,15848,14276,15,14291,170
2020-11-30,Santa Barbara,083,443738,12632,11572,211,11783,140
2020-11-30,Santa Clara,085,1922200,39896,35019,100,35119,451
2020-11-30,Santa Cruz,087,273765,5231,4558,75,4633,26
2020-11-30,Shasta,089,179085,5971,4933,265,5198,44
2020-11-30,Sierra,091,2930,19,16,0,16,0
2020-11-30,Siskiyou,093,43540,730,605,43,648,1
2020-11-30,Solano,095,438530,11428,10392,85,10477,87
2020-11-30,Sonoma,097,501317,13344,12232,78,12310,163
2020-11-30,Stanislaus,099,539301,23637,22110,1658,23768,446
2020-11-30,Sutter,101,95872,3979,3430,13,3443,16
2020-11-30,Tehama,103,63373,1916,1724,64,1788,9
2020-11-30,Trinity,105,12862,219,162,17,179,0
2020-11-30,Tulare,107,460477,22877,20833,1793,22626,319
2020-11-30,Tuolumne,109,53932,1225,1027,2,1029,7
2020-11-30,Ventura,111,848112,22459,20308,734,21042,180
2020-11-30,Yolo,113,214977,5463,4894,20,4914,81
2020-11-30,Yuba,115,75493,2308,2028,13,2041,10
2020-11-29,Alameda,001,1643700,32072,29918,404,30322,457
2020-11-29,Alpine,003,1148,52,41,0,41,0
2020-11-29,Amador,005,37829,723,548,2,550,16
2020-11-29,Butte,007,227075,4418,4008,232,4240,65
2020-11-29,Calaveras,009,45235,548,478,0,478,21
2020-11-29,Colusa,011,21464,828,723,7,730,6
2020-11-29,Contra Costa,013,1133247,25931,24165,186,24351,264
2020-11-29,Del Norte,015,27424,396,339,0,339,2
2020-11-29,El Dorado,017,186661,3066,2447,38,2485,4
2020-11-29,Fresno,019,978130,43741,38568,1622,40190,500
2020-11-29,Glenn,021,27897,1059,951,58,1009,4
2020-11-29,Humboldt,023,135768,1007,856,4,860,9
2020-11-29,Imperial,025,180216,16810,16138,107,16245,356
2020-11-29,Inyo,027,18085,326,289,1,290,15
2020-11-29,Kern,029,883053,43134,40596,1544,42140,473
2020-11-29,Kings,031,150075,11898,11247,217,11464,85
2020-11-29,Lake,033,64148,1083,927,0,927,18
2020-11-29,Lassen,035,31185,2330,1793,8,1801,0
2020-11-29,Los Angeles,037,10098052,421360,391162,7247,398409,7642
2020-11-29,Madera,039,155013,6834,6184,173,6357,57
2020-11-29,Marin,041,260295,7959,7739,32,7771,135
2020-11-29,Mariposa,043,17540,148,123,2,125,2
2020-11-29,Mendocino,045,87422,1614,1473,9,1482,23
2020-11-29,Merced,047,269075,12513,11773,125,11898,172
2020-11-29,Modoc,049,8938,129,105,22,127,0
2020-11-29,Mono,051,14174,559,515,8,523,3
2020-11-29,Monterey,053,433212,16458,15621,296,15917,119
2020-11-29,Napa,055,140530,3534,3090,16,3106,18
2020-11-29,Nevada,057,99092,1580,1311,39,1350,9
2020-11-29,Orange,059,3164182,85747,78057,2677,80734,1567
2020-11-29,Placer,061,380077,8101,6535,169,6704,72
2020-11-29,Plumas,063,18699,243,191,0,191,0
2020-11-29,Riverside,065,2383286,98816,87383,2312,89695,1442
2020-11-29,Sacramento,067,1510023,40465,37415,152,37567,585
2020-11-29,San Benito,069,59416,2023,1860,15,1875,15
2020-11-29,San Bernardino,071,2135413,104632,92052,1699,93751,1223
2020-11-29,San Diego,073,3302833,88003,81086,3364,84450,997
2020-11-29,San Francisco,075,870044,16363,15571,116,15687,153
2020-11-29,San Joaquin,077,732212,27922,25740,604,26344,509
2020-11-29,San Luis Obispo,079,281455,6686,6145,114,6259,36
2020-11-29,San Mateo,081,765935,15514,14177,15,14192,169
2020-11-29,Santa Barbara,083,443738,12478,11520,207,11727,140
2020-11-29,Santa Clara,085,1922200,38690,34234,94,34328,451
2020-11-29,Santa Cruz,087,273765,5072,4490,73,4563,26
2020-11-29,Shasta,089,179085,5799,4935,234,5169,43
2020-11-29,Sierra,091,2930,19,16,0,16,0
2020-11-29,Siskiyou,093,43540,707,590,41,631,1
2020-11-29,Solano,095,438530,11196,10393,81,10474,87
2020-11-29,Sonoma,097,501317,13091,12052,74,12126,163
2020-11-29,Stanislaus,099,539301,23145,21701,1618,23319,446
2020-11-29,Sutter,101,95872,3862,3297,13,3310,16
2020-11-29,Tehama,103,63373,1865,1710,48,1758,9
2020-11-29,Trinity,105,12862,216,159,16,175,0
2020-11-29,Tulare,107,460477,22518,20793,1708,22501,319
2020-11-29,Tuolumne,109,53932,1189,988,2,990,7
2020-11-29,Ventura,111,848112,21775,19952,721,20673,179
2020-11-29,Yolo,113,214977,5325,4830,19,4849,80
2020-11-29,Yuba,115,75493,2252,1959,13,1972,10
2020-11-28,Alameda,001,1643700,31763,29368,399,29767,456
2020-11-28,Alpine,003,1148,52,41,0,41,0
2020-11-28,Amador,005,37829,646,536,2,538,16
2020-11-28,Butte,007,227075,4360,3894,228,4122,65
2020-11-28,Calaveras,009,45235,544,478,0,478,21
2020-11-28,Colusa,011,21464,819,711,5,716,6
2020-11-28,Contra Costa,013,1133247,25598,23798,182,23980,264
2020-11-28,Del Norte,015,27424,386,328,0,328,2
2020-11-28,El Dorado,017,186661,2998,2415,32,2447,4
2020-11-28,Fresno,019,978130,43397,38288,1581,39869,500
2020-11-28,Glenn,021,27897,1048,925,54,979,4
2020-11-28,Humboldt,023,135768,972,844,4,848,9
2020-11-28,Imperial,025,180216,16746,16019,105,16124,356
2020-11-28,Inyo,027,18085,318,289,1,290,15
2020-11-28,Kern,029,883053,42773,40255,1455,41710,473
2020-11-28,Kings,031,150075,11834,11070,208,11278,85
2020-11-28,Lake,033,64148,1068,920,0,920,18
2020-11-28,Lassen,035,31185,2263,1714,8,1722,0
2020-11-28,Los Angeles,037,10098052,416453,386194,7085,393279,7625
2020-11-28,Madera,039,155013,6732,6119,166,6285,57
2020-11-28,Marin,041,260295,7930,7696,28,7724,135
2020-11-28,Mariposa,043,17540,145,120,2,122,2
2020-11-28,Mendocino,045,87422,1583,1458,9,1467,22
2020-11-28,Merced,047,269075,12416,11688,118,11806,172
2020-11-28,Modoc,049,8938,126,103,22,125,0
2020-11-28,Mono,051,14174,553,505,8,513,3
2020-11-28,Monterey,053,433212,16292,15328,292,15620,118
2020-11-28,Napa,055,140530,3483,3033,15,3048,18
2020-11-28,Nevada,057,99092,1552,1272,37,1309,9
2020-11-28,Orange,059,3164182,84651,76882,2629,79511,1568
2020-11-28,Placer,061,380077,7941,6497,166,6663,70
2020-11-28,Plumas,063,18699,236,188,0,188,0
2020-11-28,Riverside,065,2383286,97414,86854,2205,89059,1440
2020-11-28,Sacramento,067,1510023,39884,36905,148,37053,580
2020-11-28,San Benito,069,59416,1977,1835,15,1850,15
2020-11-28,San Bernardino,071,2135413,103239,91183,1595,92778,1224
2020-11-28,San Diego,073,3302833,86750,80020,3280,83300,997
2020-11-28,San Francisco,075,870044,16186,15450,108,15558,153
2020-11-28,San Joaquin,077,732212,27726,25742,589,26331,509
2020-11-28,San Luis Obispo,079,281455,6616,6106,110,6216,36
2020-11-28,San Mateo,081,765935,15324,14040,15,14055,169
2020-11-28,Santa Barbara,083,443738,12376,11481,202,11683,140
2020-11-28,Santa Clara,085,1922200,37944,33701,92,33793,449
2020-11-28,Santa Cruz,087,273765,4995,4426,73,4499,26
2020-11-28,Shasta,089,179085,5721,4882,227,5109,43
2020-11-28,Sierra,091,2930,19,16,0,16,0
2020-11-28,Siskiyou,093,43540,697,558,38,596,1
2020-11-28,Solano,095,438530,11077,10252,79,10331,87
2020-11-28,Sonoma,097,501317,12988,12008,64,12072,162
2020-11-28,Stanislaus,099,539301,22910,21574,1580,23154,446
2020-11-28,Sutter,101,95872,3778,3244,13,3257,15
2020-11-28,Tehama,103,63373,1849,1678,44,1722,9
2020-11-28,Trinity,105,12862,214,157,14,171,0
2020-11-28,Tulare,107,460477,22329,20701,1660,22361,319
2020-11-28,Tuolumne,109,53932,1167,976,2,978,7
2020-11-28,Ventura,111,848112,21477,19510,711,20221,179
2020-11-28,Yolo,113,214977,5251,4739,17,4756,80
2020-11-28,Yuba,115,75493,2199,1912,13,1925,10
2020-11-27,Alameda,001,1643700,31325,29064,388,29452,450
2020-11-27,Alpine,003,1148,52,41,0,41,0
2020-11-27,Amador,005,37829,599,498,1,499,16
2020-11-27,Butte,007,227075,4319,3894,222,4116,65
2020-11-27,Calaveras,009,45235,535,478,0,478,21
2020-11-27,Colusa,011,21464,802,694,3,697,6
2020-11-27,Contra Costa,013,1133247,25339,23463,176,23639,264
2020-11-27,Del Norte,015,27424,380,307,0,307,2
2020-11-27,El Dorado,017,186661,2926,2238,29,2267,4
2020-11-27,Fresno,019,978130,42991,37994,1521,39515,500
2020-11-27,Glenn,021,27897,1035,891,49,940,4
2020-11-27,Humboldt,023,135768,953,795,3,798,9
2020-11-27,Imperial,025,180216,16678,15960,96,16056,356
2020-11-27,Inyo,027,18085,312,289,1,290,15
2020-11-27,Kern,029,883053,42355,39707,1379,41086,473
2020-11-27,Kings,031,150075,11748,10667,190,10857,85
2020-11-27,Lake,033,64148,1032,909,0,909,18
2020-11-27,Lassen,035,31185,2251,1714,8,1722,0
2020-11-27,Los Angeles,037,10098052,409957,382740,6918,389658,7606
2020-11-27,Madera,039,155013,6660,6050,160,6210,57
2020-11-27,Marin,041,260295,7887,7660,28,7688,135
2020-11-27,Mariposa,043,17540,143,118,2,120,2
2020-11-27,Mendocino,045,87422,1568,1387,8,1395,22
2020-11-27,Merced,047,269075,12310,11550,111,11661,172
2020-11-27,Modoc,049,8938,125,100,22,122,0
2020-11-27,Mono,051,14174,549,498,8,506,3
2020-11-27,Monterey,053,433212,16125,14753,292,15045,113
2020-11-27,Napa,055,140530,3443,2988,15,3003,18
2020-11-27,Nevada,057,99092,1522,1184,35,1219,9
2020-11-27,Orange,059,3164182,83365,75151,2589,77740,1568
2020-11-27,Placer,061,380077,7783,6283,156,6439,68
2020-11-27,Plumas,063,18699,233,188,0,188,0
2020-11-27,Riverside,065,2383286,95813,85769,2044,87813,1440
2020-11-27,Sacramento,067,1510023,39263,36579,144,36723,579
2020-11-27,San Benito,069,59416,1943,1805,14,1819,15
2020-11-27,San Bernardino,071,2135413,101733,90254,1510,91764,1224
2020-11-27,San Diego,073,3302833,85557,78161,3192,81353,996
2020-11-27,San Francisco,075,870044,16030,15377,106,15483,153
2020-11-27,San Joaquin,077,732212,27506,25741,568,26309,509
2020-11-27,San Luis Obispo,079,281455,6533,6039,107,6146,36
2020-11-27,San Mateo,081,765935,15122,13872,14,13886,169
2020-11-27,Santa Barbara,083,443738,12283,11340,199,11539,140
2020-11-27,Santa Clara,085,1922200,37268,32935,85,33020,449
2020-11-27,Santa Cruz,087,273765,4924,4358,71,4429,26
2020-11-27,Shasta,089,179085,5644,4710,214,4924,43
2020-11-27,Sierra,091,2930,18,16,0,16,0
2020-11-27,Siskiyou,093,43540,682,554,35,589,1
2020-11-27,Solano,095,438530,10958,10044,76,10120,87
2020-11-27,Sonoma,097,501317,12856,11924,62,11986,162
2020-11-27,Stanislaus,099,539301,22684,21185,1549,22734,446
2020-11-27,Sutter,101,95872,3712,3101,12,3113,15
2020-11-27,Tehama,103,63373,1821,1649,40,1689,9
2020-11-27,Trinity,105,12862,210,151,14,165,0
2020-11-27,Tulare,107,460477,22143,20634,1601,22235,319
2020-11-27,Tuolumne,109,53932,1135,881,2,883,7
2020-11-27,Ventura,111,848112,21155,19379,689,20068,179
2020-11-27,Yolo,113,214977,5202,4737,17,4754,79
2020-11-27,Yuba,115,75493,2170,1864,12,1876,10
2020-11-26,Alameda,001,1643700,30913,28797,369,29166,447
2020-11-26,Alpine,003,1148,52,41,0,41,0
2020-11-26,Amador,005,37829,591,488,1,489,16
2020-11-26,Butte,007,227075,4256,3894,216,4110,65
2020-11-26,Calaveras,009,45235,507,478,0,478,21
2020-11-26,Colusa,011,21464,788,694,3,697,6
2020-11-26,Contra Costa,013,1133247,25004,23468,170,23638,264
2020-11-26,Del Norte,015,27424,369,307,0,307,2
2020-11-26,El Dorado,017,186661,2845,2217,27,2244,4
2020-11-26,Fresno,019,978130,42589,37724,1474,39198,500
2020-11-26,Glenn,021,27897,1020,892,46,938,4
2020-11-26,Humboldt,023,135768,931,795,2,797,9
2020-11-26,Imperial,025,180216,16570,15722,91,15813,355
2020-11-26,Inyo,027,18085,311,289,1,290,15
2020-11-26,Kern,029,883053,41918,39123,1307,40430,471
2020-11-26,Kings,031,150075,11693,10475,177,10652,85
2020-11-26,Lake,033,64148,1019,890,0,890,18
2020-11-26,Lassen,035,31185,2236,1714,8,1722,0
2020-11-26,Los Angeles,037,10098052,404823,378340,6668,385008,7581
2020-11-26,Madera,039,155013,6586,6003,154,6157,57
2020-11-26,Marin,041,260295,7850,7610,28,7638,135
2020-11-26,Mariposa,043,17540,138,116,2,118,2
2020-11-26,Mendocino,045,87422,1554,1387,6,1393,22
2020-11-26,Merced,047,269075,12162,11440,109,11549,172
2020-11-26,Modoc,049,8938,123,100,22,122,0
2020-11-26,Mono,051,14174,541,485,8,493,2
2020-11-26,Monterey,053,433212,15889,14750,284,15034,113
2020-11-26,Napa,055,140530,3379,2988,15,3003,18
2020-11-26,Nevada,057,99092,1476,1184,35,1219,9
2020-11-26,Orange,059,3164182,82004,74264,2522,76786,1563
2020-11-26,Placer,061,380077,7617,6278,147,6425,68
2020-11-26,Plumas,063,18699,225,188,0,188,0
2020-11-26,Riverside,065,2383286,94224,85774,1910,87684,1440
2020-11-26,Sacramento,067,1510023,38620,35854,136,35990,580
2020-11-26,San Benito,069,59416,1916,1769,14,1783,15
2020-11-26,San Bernardino,071,2135413,100091,89727,1414,91141,1223
2020-11-26,San Diego,073,3302833,83947,76359,3088,79447,996
2020-11-26,San Francisco,075,870044,15893,15156,103,15259,153
2020-11-26,San Joaquin,077,732212,27253,25738,554,26292,509
2020-11-26,San Luis Obispo,079,281455,6440,5964,104,6068,36
2020-11-26,San Mateo,081,765935,14935,13715,12,13727,169
2020-11-26,Santa Barbara,083,443738,12202,11277,198,11475,139
2020-11-26,Santa Clara,085,1922200,36627,32411,76,32487,446
2020-11-26,Santa Cruz,087,273765,4794,4269,65,4334,26
2020-11-26,Shasta,089,179085,5563,4712,202,4914,43
2020-11-26,Sierra,091,2930,18,15,0,15,0
2020-11-26,Siskiyou,093,43540,672,526,34,560,1
2020-11-26,Solano,095,438530,10815,9941,74,10015,87
2020-11-26,Sonoma,097,501317,12708,11922,60,11982,162
2020-11-26,Stanislaus,099,539301,22456,21186,1505,22691,445
2020-11-26,Sutter,101,95872,3618,3101,11,3112,15
2020-11-26,Tehama,103,63373,1780,1612,36,1648,9
2020-11-26,Trinity,105,12862,206,139,14,153,0
2020-11-26,Tulare,107,460477,21909,20649,1532,22181,319
2020-11-26,Tuolumne,109,53932,1107,871,2,873,7
2020-11-26,Ventura,111,848112,20659,19058,674,19732,179
2020-11-26,Yolo,113,214977,5115,4566,17,4583,76
2020-11-26,Yuba,115,75493,2112,1865,10,1875,10
2020-11-25,Alameda,001,1643700,30697,28378,361,28739,447
2020-11-25,Alpine,003,1148,52,41,0,41,0
2020-11-25,Amador,005,37829,581,484,1,485,16
2020-11-25,Butte,007,227075,4226,3848,213,4061,64
2020-11-25,Calaveras,009,45235,504,475,0,475,21
2020-11-25,Colusa,011,21464,771,693,3,696,6
2020-11-25,Contra Costa,013,1133247,24849,23307,169,23476,263
2020-11-25,Del Norte,015,27424,368,304,0,304,2
2020-11-25,El Dorado,017,186661,2809,2154,27,2181,4
2020-11-25,Fresno,019,978130,42357,37349,1452,38801,494
2020-11-25,Glenn,021,27897,1003,891,44,935,4
2020-11-25,Humboldt,023,135768,923,777,2,779,9
2020-11-25,Imperial,025,180216,16500,15640,89,15729,355
2020-11-25,Inyo,027,18085,309,289,1,290,15
2020-11-25,Kern,029,883053,41762,38878,1288,40166,467
2020-11-25,Kings,031,150075,11658,10417,173,10590,85
2020-11-25,Lake,033,64148,1002,878,0,878,18
2020-11-25,Lassen,035,31185,2194,1701,8,1709,0
2020-11-25,Los Angeles,037,10098052,401804,373919,6556,380475,7545
2020-11-25,Madera,039,155013,6564,5989,151,6140,57
2020-11-25,Marin,041,260295,7823,7601,27,7628,135
2020-11-25,Mariposa,043,17540,137,114,2,116,2
2020-11-25,Mendocino,045,87422,1535,1373,6,1379,22
2020-11-25,Merced,047,269075,12104,11346,109,11455,172
2020-11-25,Modoc,049,8938,123,96,22,118,0
2020-11-25,Mono,051,14174,536,487,8,495,2
2020-11-25,Monterey,053,433212,15772,14695,282,14977,113
2020-11-25,Napa,055,140530,3346,2945,15,2960,17
2020-11-25,Nevada,057,99092,1458,1170,33,1203,9
2020-11-25,Orange,059,3164182,81252,73014,2502,75516,1551
2020-11-25,Placer,061,380077,7542,6221,146,6367,68
2020-11-25,Plumas,063,18699,220,183,0,183,0
2020-11-25,Riverside,065,2383286,93687,85077,1888,86965,1438
2020-11-25,Sacramento,067,1510023,38280,35687,133,35820,574
2020-11-25,San Benito,069,59416,1894,1764,14,1778,15
2020-11-25,San Bernardino,071,2135413,99253,88469,1384,89853,1225
2020-11-25,San Diego,073,3302833,83294,75307,3051,78358,988
2020-11-25,San Francisco,075,870044,15788,15053,101,15154,153
2020-11-25,San Joaquin,077,732212,27128,25556,541,26097,515
2020-11-25,San Luis Obispo,079,281455,6397,5913,103,6016,34
2020-11-25,San Mateo,081,765935,14820,13614,12,13626,170
2020-11-25,Santa Barbara,083,443738,12152,11183,198,11381,138
2020-11-25,Santa Clara,085,1922200,36180,32032,75,32107,442
2020-11-25,Santa Cruz,087,273765,4743,4202,63,4265,25
2020-11-25,Shasta,089,179085,5517,4588,195,4783,43
2020-11-25,Sierra,091,2930,18,15,0,15,0
2020-11-25,Siskiyou,093,43540,665,499,34,533,1
2020-11-25,Solano,095,438530,10710,9832,73,9905,87
2020-11-25,Sonoma,097,501317,12645,11775,59,11834,162
2020-11-25,Stanislaus,099,539301,22327,21022,1476,22498,445
2020-11-25,Sutter,101,95872,3574,3064,11,3075,14
2020-11-25,Tehama,103,63373,1768,1587,32,1619,9
2020-11-25,Trinity,105,12862,204,135,14,149,0
2020-11-25,Tulare,107,460477,21819,20528,1500,22028,318
2020-11-25,Tuolumne,109,53932,1090,842,2,844,7
2020-11-25,Ventura,111,848112,20566,18914,668,19582,179
2020-11-25,Yolo,113,214977,5079,4527,17,4544,76
2020-11-25,Yuba,115,75493,2086,1840,10,1850,10
2020-11-24,Alameda,001,1643700,30219,28030,350,28380,444
2020-11-24,Alpine,003,1148,52,41,0,41,0
2020-11-24,Amador,005,37829,556,470,1,471,16
2020-11-24,Butte,007,227075,4140,3798,205,4003,63
2020-11-24,Calaveras,009,45235,497,466,0,466,21
2020-11-24,Colusa,011,21464,753,682,3,685,6
2020-11-24,Contra Costa,013,1133247,24496,23072,163,23235,259
2020-11-24,Del Norte,015,27424,358,298,0,298,2
2020-11-24,El Dorado,017,186661,2704,2005,26,2031,4
2020-11-24,Fresno,019,978130,41955,37021,1373,38394,493
2020-11-24,Glenn,021,27897,985,883,40,923,4
2020-11-24,Humboldt,023,135768,904,774,2,776,9
2020-11-24,Imperial,025,180216,16398,15600,82,15682,355
2020-11-24,Inyo,027,18085,308,282,1,283,15
2020-11-24,Kern,029,883053,41291,38551,1209,39760,465
2020-11-24,Kings,031,150075,11391,10338,160,10498,85
2020-11-24,Lake,033,64148,986,872,0,872,18
2020-11-24,Lassen,035,31185,2172,1657,8,1665,0
2020-11-24,Los Angeles,037,10098052,395500,370008,6315,376323,7501
2020-11-24,Madera,039,155013,6481,5881,144,6025,57
2020-11-24,Marin,041,260295,7776,7591,27,7618,135
2020-11-24,Mariposa,043,17540,127,114,1,115,2
2020-11-24,Mendocino,045,87422,1513,1346,5,1351,22
2020-11-24,Merced,047,269075,11915,11268,104,11372,171
2020-11-24,Modoc,049,8938,119,91,22,113,0
2020-11-24,Mono,051,14174,532,483,8,491,2
2020-11-24,Monterey,053,433212,15514,14354,270,14624,113
2020-11-24,Napa,055,140530,3280,2904,15,2919,17
2020-11-24,Nevada,057,99092,1395,1156,30,1186,9
2020-11-24,Orange,059,3164182,79810,71975,2417,74392,1547
2020-11-24,Placer,061,380077,7361,6147,139,6286,67
2020-11-24,Plumas,063,18699,217,180,0,180,0
2020-11-24,Riverside,065,2383286,91937,83685,1755,85440,1420
2020-11-24,Sacramento,067,1510023,37601,35097,126,35223,568
2020-11-24,San Benito,069,59416,1863,1740,13,1753,15
2020-11-24,San Bernardino,071,2135413,96924,86645,1277,87922,1226
2020-11-24,San Diego,073,3302833,81888,74363,2980,77343,984
2020-11-24,San Francisco,075,870044,15593,14874,98,14972,153
2020-11-24,San Joaquin,077,732212,26814,25318,510,25828,517
2020-11-24,San Luis Obispo,079,281455,6334,5805,102,5907,34
2020-11-24,San Mateo,081,765935,14611,13558,11,13569,170
2020-11-24,Santa Barbara,083,443738,12046,11154,196,11350,138
2020-11-24,Santa Clara,085,1922200,35393,31564,71,31635,438
2020-11-24,Santa Cruz,087,273765,4631,4132,62,4194,25
2020-11-24,Shasta,089,179085,5417,4410,176,4586,43
2020-11-24,Sierra,091,2930,18,15,0,15,0
2020-11-24,Siskiyou,093,43540,647,473,31,504,1
2020-11-24,Solano,095,438530,10539,9716,72,9788,86
2020-11-24,Sonoma,097,501317,12465,11644,56,11700,162
2020-11-24,Stanislaus,099,539301,22086,20830,1432,22262,438
2020-11-24,Sutter,101,95872,3469,2974,11,2985,14
2020-11-24,Tehama,103,63373,1718,1565,27,1592,9
2020-11-24,Trinity,105,12862,198,129,14,143,0
2020-11-24,Tulare,107,460477,21573,20319,1434,21753,315
2020-11-24,Tuolumne,109,53932,1061,832,2,834,7
2020-11-24,Ventura,111,848112,20185,18637,656,19293,179
2020-11-24,Yolo,113,214977,4995,4420,17,4437,76
2020-11-24,Yuba,115,75493,2035,1804,8,1812,10
2020-11-23,Alameda,001,1643700,29807,27718,337,28055,444
2020-11-23,Alpine,003,1148,50,41,0,41,0
2020-11-23,Amador,005,37829,515,457,1,458,16
2020-11-23,Butte,007,227075,4076,3765,199,3964,61
2020-11-23,Calaveras,009,45235,480,434,0,434,21
2020-11-23,Colusa,011,21464,739,662,3,665,6
2020-11-23,Contra Costa,013,1133247,24225,22674,157,22831,260
2020-11-23,Del Norte,015,27424,336,296,0,296,2
2020-11-23,El Dorado,017,186661,2584,2005,25,2030,4
2020-11-23,Fresno,019,978130,41509,36688,1311,37999,488
2020-11-23,Glenn,021,27897,959,853,40,893,4
2020-11-23,Humboldt,023,135768,891,746,2,748,9
2020-11-23,Imperial,025,180216,16228,15104,76,15180,355
2020-11-23,Inyo,027,18085,301,279,1,280,15
2020-11-23,Kern,029,883053,40780,38245,1144,39389,463
2020-11-23,Kings,031,150075,10972,10204,152,10356,85
2020-11-23,Lake,033,64148,963,840,0,840,18
2020-11-23,Lassen,035,31185,2092,1271,7,1278,0
2020-11-23,Los Angeles,037,10098052,389417,366374,6057,372431,7447
2020-11-23,Madera,039,155013,6356,5787,139,5926,56
2020-11-23,Marin,041,260295,7734,7543,27,7570,135
2020-11-23,Mariposa,043,17540,126,97,1,98,2
2020-11-23,Mendocino,045,87422,1483,1330,5,1335,22
2020-11-23,Merced,047,269075,11728,11148,101,11249,169
2020-11-23,Modoc,049,8938,105,91,21,112,0
2020-11-23,Mono,051,14174,519,480,8,488,2
2020-11-23,Monterey,053,433212,15236,14265,263,14528,112
2020-11-23,Napa,055,140530,3214,2811,14,2825,17
2020-11-23,Nevada,057,99092,1306,1087,30,1117,9
2020-11-23,Orange,059,3164182,78408,71074,2369,73443,1546
2020-11-23,Placer,061,380077,7156,5999,138,6137,66
2020-11-23,Plumas,063,18699,213,172,0,172,0
2020-11-23,Riverside,065,2383286,90158,82175,1693,83868,1415
2020-11-23,Sacramento,067,1510023,37041,34141,117,34258,556
2020-11-23,San Benito,069,59416,1835,1729,12,1741,15
2020-11-23,San Bernardino,071,2135413,94819,84387,1213,85600,1224
2020-11-23,San Diego,073,3302833,80426,72817,2892,75709,968
2020-11-23,San Francisco,075,870044,15434,14646,96,14742,153
2020-11-23,San Joaquin,077,732212,26465,24622,506,25128,517
2020-11-23,San Luis Obispo,079,281455,6252,5772,100,5872,34
2020-11-23,San Mateo,081,765935,14419,13364,11,13375,170
2020-11-23,Santa Barbara,083,443738,11938,10944,192,11136,137
2020-11-23,Santa Clara,085,1922200,34743,31064,67,31131,435
2020-11-23,Santa Cruz,087,273765,4522,4003,57,4060,25
2020-11-23,Shasta,089,179085,5300,4100,163,4263,43
2020-11-23,Sierra,091,2930,17,15,0,15,0
2020-11-23,Siskiyou,093,43540,620,460,30,490,0
2020-11-23,Solano,095,438530,10382,9394,69,9463,86
2020-11-23,Sonoma,097,501317,12292,11507,52,11559,160
2020-11-23,Stanislaus,099,539301,21795,20487,1399,21886,436
2020-11-23,Sutter,101,95872,3331,2840,10,2850,14
2020-11-23,Tehama,103,63373,1670,1526,24,1550,9
2020-11-23,Trinity,105,12862,192,120,12,132,0
2020-11-23,Tulare,107,460477,21286,19818,1360,21178,315
2020-11-23,Tuolumne,109,53932,1021,774,2,776,7
2020-11-23,Ventura,111,848112,19810,18480,644,19124,179
2020-11-23,Yolo,113,214977,4915,4265,16,4281,75
2020-11-23,Yuba,115,75493,1968,1702,8,1710,10
2020-11-22,Alameda,001,1643700,29373,27472,325,27797,444
2020-11-22,Alpine,003,1148,47,41,0,41,0
2020-11-22,Amador,005,37829,503,450,1,451,16
2020-11-22,Butte,007,227075,4027,3712,189,3901,61
2020-11-22,Calaveras,009,45235,468,434,0,434,21
2020-11-22,Colusa,011,21464,721,642,2,644,6
2020-11-22,Contra Costa,013,1133247,23920,22407,152,22559,260
2020-11-22,Del Norte,015,27424,312,271,0,271,2
2020-11-22,El Dorado,017,186661,2474,1917,22,1939,4
2020-11-22,Fresno,019,978130,41029,36315,1252,37567,488
2020-11-22,Glenn,021,27897,939,832,34,866,4
2020-11-22,Humboldt,023,135768,875,729,2,731,9
2020-11-22,Imperial,025,180216,16023,15109,30,15139,355
2020-11-22,Inyo,027,18085,294,279,1,280,15
2020-11-22,Kern,029,883053,40203,37904,1107,39011,463
2020-11-22,Kings,031,150075,10871,10035,143,10178,85
2020-11-22,Lake,033,64148,941,834,0,834,18
2020-11-22,Lassen,035,31185,1927,1211,6,1217,0
2020-11-22,Los Angeles,037,10098052,383147,360341,5796,366137,7438
2020-11-22,Madera,039,155013,6276,5745,128,5873,56
2020-11-22,Marin,041,260295,7699,7506,26,7532,135
2020-11-22,Mariposa,043,17540,125,95,1,96,2
2020-11-22,Mendocino,045,87422,1459,1285,3,1288,22
2020-11-22,Merced,047,269075,11579,10939,101,11040,169
2020-11-22,Modoc,049,8938,104,87,19,106,0
2020-11-22,Mono,051,14174,504,481,8,489,2
2020-11-22,Monterey,053,433212,14995,13887,257,14144,111
2020-11-22,Napa,055,140530,3133,2778,14,2792,17
2020-11-22,Nevada,057,99092,1248,1052,30,1082,9
2020-11-22,Orange,059,3164182,76998,69913,2329,72242,1546
2020-11-22,Placer,061,380077,6936,5880,127,6007,66
2020-11-22,Plumas,063,18699,200,172,0,172,0
2020-11-22,Riverside,065,2383286,88571,81565,1630,83195,1409
2020-11-22,Sacramento,067,1510023,36309,33421,104,33525,555
2020-11-22,San Benito,069,59416,1806,1704,12,1716,15
2020-11-22,San Bernardino,071,2135413,92479,83505,1138,84643,1224
2020-11-22,San Diego,073,3302833,78690,71649,2817,74466,968
2020-11-22,San Francisco,075,870044,15263,14515,95,14610,153
2020-11-22,San Joaquin,077,732212,26169,24619,493,25112,517
2020-11-22,San Luis Obispo,079,281455,6150,5664,99,5763,34
2020-11-22,San Mateo,081,765935,14215,13228,11,13239,170
2020-11-22,Santa Barbara,083,443738,11803,10946,186,11132,137
2020-11-22,Santa Clara,085,1922200,34066,30633,65,30698,434
2020-11-22,Santa Cruz,087,273765,4440,3896,50,3946,25
2020-11-22,Shasta,089,179085,5143,4100,144,4244,43
2020-11-22,Sierra,091,2930,17,13,0,13,0
2020-11-22,Siskiyou,093,43540,588,411,30,441,0
2020-11-22,Solano,095,438530,10212,9363,65,9428,86
2020-11-22,Sonoma,097,501317,12134,11415,50,11465,159
2020-11-22,Stanislaus,099,539301,21471,20223,1365,21588,436
2020-11-22,Sutter,101,95872,3213,2677,10,2687,13
2020-11-22,Tehama,103,63373,1636,1457,19,1476,9
2020-11-22,Trinity,105,12862,188,114,12,126,0
2020-11-22,Tulare,107,460477,21038,19818,1287,21105,314
2020-11-22,Tuolumne,109,53932,995,689,2,691,7
2020-11-22,Ventura,111,848112,19449,18105,632,18737,179
2020-11-22,Yolo,113,214977,4815,4206,16,4222,75
2020-11-22,Yuba,115,75493,1915,1672,8,1680,10
2020-11-21,Alameda,001,1643700,29189,27424,323,27747,444
2020-11-21,Alpine,003,1148,47,41,0,41,0
2020-11-21,Amador,005,37829,489,450,1,451,16
2020-11-21,Butte,007,227075,3979,3664,186,3850,61
2020-11-21,Calaveras,009,45235,462,434,0,434,21
2020-11-21,Colusa,011,21464,712,642,2,644,6
2020-11-21,Contra Costa,013,1133247,23766,22338,150,22488,260
2020-11-21,Del Norte,015,27424,307,271,0,271,2
2020-11-21,El Dorado,017,186661,2425,1900,21,1921,4
2020-11-21,Fresno,019,978130,40774,35973,1219,37192,482
2020-11-21,Glenn,021,27897,934,829,32,861,4
2020-11-21,Humboldt,023,135768,865,728,2,730,9
2020-11-21,Imperial,025,180216,15945,15053,30,15083,355
2020-11-21,Inyo,027,18085,292,283,1,284,15
2020-11-21,Kern,029,883053,39953,37403,1069,38472,463
2020-11-21,Kings,031,150075,10823,10019,139,10158,85
2020-11-21,Lake,033,64148,928,832,0,832,18
2020-11-21,Lassen,035,31185,1859,1211,6,1217,0
2020-11-21,Los Angeles,037,10098052,379985,357754,5642,363396,7428
2020-11-21,Madera,039,155013,6239,5706,128,5834,56
2020-11-21,Marin,041,260295,7676,7488,25,7513,134
2020-11-21,Mariposa,043,17540,125,92,1,93,2
2020-11-21,Mendocino,045,87422,1428,1282,3,1285,22
2020-11-21,Merced,047,269075,11518,10849,100,10949,169
2020-11-21,Modoc,049,8938,100,87,18,105,0
2020-11-21,Mono,051,14174,499,469,8,477,2
2020-11-21,Monterey,053,433212,14897,13886,251,14137,110
2020-11-21,Napa,055,140530,3099,2757,14,2771,17
2020-11-21,Nevada,057,99092,1236,1018,29,1047,9
2020-11-21,Orange,059,3164182,76195,69021,2298,71319,1543
2020-11-21,Placer,061,380077,6826,5778,124,5902,65
2020-11-21,Plumas,063,18699,195,172,0,172,0
2020-11-21,Riverside,065,2383286,87799,80676,1581,82257,1407
2020-11-21,Sacramento,067,1510023,35917,33133,96,33229,548
2020-11-21,San Benito,069,59416,1787,1691,12,1703,15
2020-11-21,San Bernardino,071,2135413,91608,83206,1057,84263,1222
2020-11-21,San Diego,073,3302833,77911,70711,2762,73473,966
2020-11-21,San Francisco,075,870044,15160,14445,94,14539,153
2020-11-21,San Joaquin,077,732212,26037,24620,477,25097,517
2020-11-21,San Luis Obispo,079,281455,6098,5618,96,5714,34
2020-11-21,San Mateo,081,765935,14113,13138,11,13149,170
2020-11-21,Santa Barbara,083,443738,11752,10922,183,11105,137
2020-11-21,Santa Clara,085,1922200,33683,30377,62,30439,433
2020-11-21,Santa Cruz,087,273765,4384,3898,49,3947,25
2020-11-21,Shasta,089,179085,5070,4095,141,4236,42
2020-11-21,Sierra,091,2930,17,13,0,13,0
2020-11-21,Siskiyou,093,43540,572,403,30,433,0
2020-11-21,Solano,095,438530,10123,9290,61,9351,86
2020-11-21,Sonoma,097,501317,12059,11394,48,11442,158
2020-11-21,Stanislaus,099,539301,21328,20111,1340,21451,435
2020-11-21,Sutter,101,95872,3153,2615,9,2624,13
2020-11-21,Tehama,103,63373,1616,1435,18,1453,9
2020-11-21,Trinity,105,12862,185,110,11,121,0
2020-11-21,Tulare,107,460477,20912,19752,1253,21005,313
2020-11-21,Tuolumne,109,53932,976,690,2,692,7
2020-11-21,Ventura,111,848112,19286,18040,622,18662,177
2020-11-21,Yolo,113,214977,4739,4147,15,4162,75
2020-11-21,Yuba,115,75493,1883,1643,8,1651,10
2020-11-20,Alameda,001,1643700,28978,27221,315,27536,444
2020-11-20,Alpine,003,1148,47,20,0,20,0
2020-11-20,Amador,005,37829,485,446,1,447,16
2020-11-20,Butte,007,227075,3947,3618,182,3800,60
2020-11-20,Calaveras,009,45235,450,424,0,424,21
2020-11-20,Colusa,011,21464,704,631,1,632,6
2020-11-20,Contra Costa,013,1133247,23580,22116,145,22261,260
2020-11-20,Del Norte,015,27424,303,264,0,264,2
2020-11-20,El Dorado,017,186661,2330,1868,19,1887,4
2020-11-20,Fresno,019,978130,40483,35635,1186,36821,480
2020-11-20,Glenn,021,27897,922,826,30,856,4
2020-11-20,Humboldt,023,135768,856,714,1,715,9
2020-11-20,Imperial,025,180216,15883,14864,26,14890,353
2020-11-20,Inyo,027,18085,290,262,1,263,15
2020-11-20,Kern,029,883053,39661,37143,1043,38186,462
2020-11-20,Kings,031,150075,10776,9903,137,10040,85
2020-11-20,Lake,033,64148,919,820,0,820,18
2020-11-20,Lassen,035,31185,1774,1212,5,1217,0
2020-11-20,Los Angeles,037,10098052,376106,353554,5475,359029,7398
2020-11-20,Madera,039,155013,6147,5635,126,5761,54
2020-11-20,Marin,041,260295,7652,7467,24,7491,134
2020-11-20,Mariposa,043,17540,117,89,1,90,2
2020-11-20,Mendocino,045,87422,1408,1269,3,1272,22
2020-11-20,Merced,047,269075,11432,10729,100,10829,167
2020-11-20,Modoc,049,8938,100,83,18,101,0
2020-11-20,Mono,051,14174,497,469,8,477,2
2020-11-20,Monterey,053,433212,14772,13738,242,13980,110
2020-11-20,Napa,055,140530,3069,2718,14,2732,17
2020-11-20,Nevada,057,99092,1218,990,28,1018,9
2020-11-20,Orange,059,3164182,75364,68212,2257,70469,1532
2020-11-20,Placer,061,380077,6695,5687,108,5795,66
2020-11-20,Plumas,063,18699,193,163,0,163,0
2020-11-20,Riverside,065,2383286,86792,79613,1513,81126,1405
2020-11-20,Sacramento,067,1510023,35536,32832,86,32918,549
2020-11-20,San Benito,069,59416,1775,1668,12,1680,15
2020-11-20,San Bernardino,071,2135413,90244,81203,973,82176,1220
2020-11-20,San Diego,073,3302833,76913,69233,2680,71913,960
2020-11-20,San Francisco,075,870044,15056,14327,93,14420,153
2020-11-20,San Joaquin,077,732212,25885,24460,463,24923,515
2020-11-20,San Luis Obispo,079,281455,6044,5524,93,5617,34
2020-11-20,San Mateo,081,765935,13980,12980,10,12990,169
2020-11-20,Santa Barbara,083,443738,11695,10825,177,11002,136
2020-11-20,Santa Clara,085,1922200,33262,30002,56,30058,431
2020-11-20,Santa Cruz,087,273765,4317,3815,49,3864,25
2020-11-20,Shasta,089,179085,4996,3861,136,3997,42
2020-11-20,Sierra,091,2930,17,12,0,12,0
2020-11-20,Siskiyou,093,43540,559,387,29,416,0
2020-11-20,Solano,095,438530,10032,9216,58,9274,85
2020-11-20,Sonoma,097,501317,11975,11316,47,11363,158
2020-11-20,Stanislaus,099,539301,21174,19889,1313,21202,433
2020-11-20,Sutter,101,95872,3103,2580,9,2589,13
2020-11-20,Tehama,103,63373,1602,1410,14,1424,9
2020-11-20,Trinity,105,12862,184,102,11,113,0
2020-11-20,Tulare,107,460477,20781,19568,1212,20780,311
2020-11-20,Tuolumne,109,53932,937,662,2,664,7
2020-11-20,Ventura,111,848112,19119,17741,594,18335,175
2020-11-20,Yolo,113,214977,4661,4081,14,4095,74
2020-11-20,Yuba,115,75493,1855,1611,8,1619,10
2020-11-19,Alameda,001,1643700,28633,26971,306,27277,441
2020-11-19,Alpine,003,1148,44,20,0,20,0
2020-11-19,Amador,005,37829,481,436,1,437,16
2020-11-19,Butte,007,227075,3898,3576,175,3751,60
2020-11-19,Calaveras,009,45235,440,417,0,417,21
2020-11-19,Colusa,011,21464,686,621,1,622,6
2020-11-19,Contra Costa,013,1133247,23309,21886,142,22028,259
2020-11-19,Del Norte,015,27424,295,251,0,251,2
2020-11-19,El Dorado,017,186661,2256,1825,18,1843,4
2020-11-19,Fresno,019,978130,40038,35278,1126,36404,478
2020-11-19,Glenn,021,27897,900,806,29,835,4
2020-11-19,Humboldt,023,135768,836,693,1,694,9
2020-11-19,Imperial,025,180216,15673,14507,26,14533,349
2020-11-19,Inyo,027,18085,288,262,1,263,15
2020-11-19,Kern,029,883053,39242,36779,999,37778,459
2020-11-19,Kings,031,150075,10629,9763,129,9892,85
2020-11-19,Lake,033,64148,905,809,0,809,18
2020-11-19,Lassen,035,31185,1657,1201,3,1204,0
2020-11-19,Los Angeles,037,10098052,371097,349493,5297,354790,7365
2020-11-19,Madera,039,155013,6075,5540,119,5659,54
2020-11-19,Marin,041,260295,7621,7451,24,7475,134
2020-11-19,Mariposa,043,17540,110,88,0,88,2
2020-11-19,Mendocino,045,87422,1387,1237,3,1240,23
2020-11-19,Merced,047,269075,11291,10634,94,10728,167
2020-11-19,Modoc,049,8938,97,82,18,100,0
2020-11-19,Mono,051,14174,489,468,8,476,2
2020-11-19,Monterey,053,433212,14557,13369,231,13600,108
2020-11-19,Napa,055,140530,3015,2641,14,2655,17
2020-11-19,Nevada,057,99092,1177,945,27,972,9
2020-11-19,Orange,059,3164182,74101,66998,2210,69208,1530
2020-11-19,Placer,061,380077,6505,5612,107,5719,65
2020-11-19,Plumas,063,18699,188,158,0,158,0
2020-11-19,Riverside,065,2383286,85322,78535,1441,79976,1402
2020-11-19,Sacramento,067,1510023,35019,32367,84,32451,546
2020-11-19,San Benito,069,59416,1752,1643,12,1655,15
2020-11-19,San Bernardino,071,2135413,88354,79244,889,80133,1215
2020-11-19,San Diego,073,3302833,75665,68142,2576,70718,952
2020-11-19,San Francisco,075,870044,14899,14178,87,14265,153
2020-11-19,San Joaquin,077,732212,25566,24270,451,24721,516
2020-11-19,San Luis Obispo,079,281455,5968,5410,90,5500,34
2020-11-19,San Mateo,081,765935,13842,12714,10,12724,169
2020-11-19,Santa Barbara,083,443738,11615,10741,174,10915,136
2020-11-19,Santa Clara,085,1922200,32703,29630,55,29685,424
2020-11-19,Santa Cruz,087,273765,4226,3679,47,3726,25
2020-11-19,Shasta,089,179085,4859,3685,125,3810,42
2020-11-19,Sierra,091,2930,17,11,0,11,0
2020-11-19,Siskiyou,093,43540,534,360,28,388,0
2020-11-19,Solano,095,438530,9895,9093,54,9147,84
2020-11-19,Sonoma,097,501317,11805,11205,45,11250,156
2020-11-19,Stanislaus,099,539301,20932,19736,1271,21007,433
2020-11-19,Sutter,101,95872,3006,2509,9,2518,13
2020-11-19,Tehama,103,63373,1569,1373,11,1384,9
2020-11-19,Trinity,105,12862,178,97,11,108,0
2020-11-19,Tulare,107,460477,20560,19384,1145,20529,304
2020-11-19,Tuolumne,109,53932,905,602,2,604,7
2020-11-19,Ventura,111,848112,18766,17300,581,17881,174
2020-11-19,Yolo,113,214977,4566,3973,14,3987,72
2020-11-19,Yuba,115,75493,1815,1568,8,1576,10
2020-11-18,Alameda,001,1643700,28371,26610,301,26911,440
2020-11-18,Alpine,003,1148,43,16,0,16,0
2020-11-18,Amador,005,37829,476,430,1,431,16
2020-11-18,Butte,007,227075,3845,3537,162,3699,59
2020-11-18,Calaveras,009,45235,434,409,0,409,21
2020-11-18,Colusa,011,21464,673,611,1,612,6
2020-11-18,Contra Costa,013,1133247,23042,21685,138,21823,258
2020-11-18,Del Norte,015,27424,281,240,0,240,2
2020-11-18,El Dorado,017,186661,2169,1799,17,1816,4
2020-11-18,Fresno,019,978130,39601,34997,1072,36069,474
2020-11-18,Glenn,021,27897,884,803,27,830,4
2020-11-18,Humboldt,023,135768,822,690,1,691,9
2020-11-18,Imperial,025,180216,15451,14428,26,14454,348
2020-11-18,Inyo,027,18085,286,262,1,263,15
2020-11-18,Kern,029,883053,38856,36537,946,37483,456
2020-11-18,Kings,031,150075,10481,9696,126,9822,85
2020-11-18,Lake,033,64148,892,802,0,802,18
2020-11-18,Lassen,035,31185,1557,1124,3,1127,0
2020-11-18,Los Angeles,037,10098052,366239,344675,5104,349779,7338
2020-11-18,Madera,039,155013,5988,5519,107,5626,54
2020-11-18,Marin,041,260295,7597,7435,24,7459,134
2020-11-18,Mariposa,043,17540,107,88,0,88,2
2020-11-18,Mendocino,045,87422,1367,1237,3,1240,23
2020-11-18,Merced,047,269075,11176,10536,92,10628,166
2020-11-18,Modoc,049,8938,94,77,18,95,0
2020-11-18,Mono,051,14174,484,468,8,476,2
2020-11-18,Monterey,053,433212,14365,13340,216,13556,108
2020-11-18,Napa,055,140530,2968,2607,14,2621,17
2020-11-18,Nevada,057,99092,1138,933,25,958,9
2020-11-18,Orange,059,3164182,73008,66381,2186,68567,1521
2020-11-18,Placer,061,380077,6329,5543,102,5645,64
2020-11-18,Plumas,063,18699,183,143,0,143,0
2020-11-18,Riverside,065,2383286,83858,77739,1339,79078,1387
2020-11-18,Sacramento,067,1510023,34394,31816,76,31892,541
2020-11-18,San Benito,069,59416,1727,1632,11,1643,15
2020-11-18,San Bernardino,071,2135413,86599,77400,806,78206,1206
2020-11-18,San Diego,073,3302833,74373,67243,2516,69759,945
2020-11-18,San Francisco,075,870044,14755,14057,85,14142,153
2020-11-18,San Joaquin,077,732212,25299,24146,436,24582,517
2020-11-18,San Luis Obispo,079,281455,5893,5322,89,5411,34
2020-11-18,San Mateo,081,765935,13689,12631,9,12640,169
2020-11-18,Santa Barbara,083,443738,11536,10684,167,10851,136
2020-11-18,Santa Clara,085,1922200,32238,29285,50,29335,421
2020-11-18,Santa Cruz,087,273765,4134,3618,45,3663,25
2020-11-18,Shasta,089,179085,4723,3547,121,3668,42
2020-11-18,Sierra,091,2930,17,11,0,11,0
2020-11-18,Siskiyou,093,43540,502,351,27,378,0
2020-11-18,Solano,095,438530,9763,8994,52,9046,84
2020-11-18,Sonoma,097,501317,11698,11129,42,11171,155
2020-11-18,Stanislaus,099,539301,20690,19609,1246,20855,431
2020-11-18,Sutter,101,95872,2888,2442,9,2451,13
2020-11-18,Tehama,103,63373,1530,1338,11,1349,8
2020-11-18,Trinity,105,12862,167,95,11,106,0
2020-11-18,Tulare,107,460477,20354,19286,1090,20376,306
2020-11-18,Tuolumne,109,53932,869,590,2,592,7
2020-11-18,Ventura,111,848112,18441,17169,567,17736,173
2020-11-18,Yolo,113,214977,4492,3929,14,3943,71
2020-11-18,Yuba,115,75493,1761,1540,8,1548,10
2020-11-17,Alameda,001,1643700,28047,26425,291,26716,439
2020-11-17,Alpine,003,1148,41,12,0,12,0
2020-11-17,Amador,005,37829,465,423,1,424,16
2020-11-17,Butte,007,227075,3803,3500,152,3652,59
2020-11-17,Calaveras,009,45235,419,405,0,405,21
2020-11-17,Colusa,011,21464,662,606,0,606,6
2020-11-17,Contra Costa,013,1133247,22769,21557,133,21690,256
2020-11-17,Del Norte,015,27424,276,233,0,233,2
2020-11-17,El Dorado,017,186661,2110,1758,17,1775,4
2020-11-17,Fresno,019,978130,39006,34765,1011,35776,472
2020-11-17,Glenn,021,27897,873,795,26,821,4
2020-11-17,Humboldt,023,135768,800,685,1,686,9
2020-11-17,Imperial,025,180216,15216,14204,25,14229,346
2020-11-17,Inyo,027,18085,285,263,1,264,15
2020-11-17,Kern,029,883053,38406,36164,892,37056,455
2020-11-17,Kings,031,150075,10408,9653,119,9772,85
2020-11-17,Lake,033,64148,872,792,0,792,18
2020-11-17,Lassen,035,31185,1478,1124,3,1127,0
2020-11-17,Los Angeles,037,10098052,361299,340933,4936,345869,7302
2020-11-17,Madera,039,155013,5899,5485,100,5585,54
2020-11-17,Marin,041,260295,7565,7404,23,7427,134
2020-11-17,Mariposa,043,17540,104,87,0,87,2
2020-11-17,Mendocino,045,87422,1346,1216,3,1219,23
2020-11-17,Merced,047,269075,11032,10457,86,10543,162
2020-11-17,Modoc,049,8938,88,71,17,88,0
2020-11-17,Mono,051,14174,479,459,8,467,2
2020-11-17,Monterey,053,433212,14137,13220,206,13426,108
2020-11-17,Napa,055,140530,2914,2568,14,2582,17
2020-11-17,Nevada,057,99092,1097,918,24,942,9
2020-11-17,Orange,059,3164182,71861,65757,2155,67912,1519
2020-11-17,Placer,061,380077,6168,5435,96,5531,63
2020-11-17,Plumas,063,18699,175,142,0,142,0
2020-11-17,Riverside,065,2383286,82481,77079,1246,78325,1379
2020-11-17,Sacramento,067,1510023,33800,31341,72,31413,538
2020-11-17,San Benito,069,59416,1712,1611,4,1615,15
2020-11-17,San Bernardino,071,2135413,84788,76134,714,76848,1188
2020-11-17,San Diego,073,3302833,73121,66321,2460,68781,933
2020-11-17,San Francisco,075,870044,14589,13952,84,14036,153
2020-11-17,San Joaquin,077,732212,25027,23997,417,24414,516
2020-11-17,San Luis Obispo,079,281455,5798,5235,89,5324,34
2020-11-17,San Mateo,081,765935,13527,12491,8,12499,169
2020-11-17,Santa Barbara,083,443738,11449,10597,161,10758,136
2020-11-17,Santa Clara,085,1922200,31690,29013,49,29062,419
2020-11-17,Santa Cruz,087,273765,4050,3548,42,3590,25
2020-11-17,Shasta,089,179085,4563,3457,108,3565,40
2020-11-17,Sierra,091,2930,15,11,0,11,0
2020-11-17,Siskiyou,093,43540,454,333,26,359,0
2020-11-17,Solano,095,438530,9618,8905,51,8956,84
2020-11-17,Sonoma,097,501317,11564,11084,40,11124,155
2020-11-17,Stanislaus,099,539301,20467,19466,1217,20683,425
2020-11-17,Sutter,101,95872,2805,2370,8,2378,12
2020-11-17,Tehama,103,63373,1480,1290,11,1301,7
2020-11-17,Trinity,105,12862,154,83,11,94,0
2020-11-17,Tulare,107,460477,20136,19176,1025,20201,305
2020-11-17,Tuolumne,109,53932,831,568,2,570,7
2020-11-17,Ventura,111,848112,18168,16797,548,17345,173
2020-11-17,Yolo,113,214977,4315,3887,13,3900,70
2020-11-17,Yuba,115,75493,1713,1519,8,1527,10
2020-11-16,Alameda,001,1643700,27700,26063,286,26349,436
2020-11-16,Alpine,003,1148,38,12,0,12,0
2020-11-16,Amador,005,37829,457,414,1,415,16
2020-11-16,Butte,007,227075,3764,3490,143,3633,58
2020-11-16,Calaveras,009,45235,412,402,0,402,21
2020-11-16,Colusa,011,21464,653,601,0,601,6
2020-11-16,Contra Costa,013,1133247,22502,21386,128,21514,256
2020-11-16,Del Norte,015,27424,269,225,0,225,2
2020-11-16,El Dorado,017,186661,2049,1694,15,1709,4
2020-11-16,Fresno,019,978130,38521,34593,954,35547,471
2020-11-16,Glenn,021,27897,861,786,25,811,4
2020-11-16,Humboldt,023,135768,782,660,1,661,9
2020-11-16,Imperial,025,180216,14969,14111,25,14136,346
2020-11-16,Inyo,027,18085,282,263,1,264,15
2020-11-16,Kern,029,883053,38014,36049,848,36897,455
2020-11-16,Kings,031,150075,10142,9569,115,9684,85
2020-11-16,Lake,033,64148,860,784,0,784,18
2020-11-16,Lassen,035,31185,1297,1124,3,1127,0
2020-11-16,Los Angeles,037,10098052,356572,338778,4745,343523,7277
2020-11-16,Madera,039,155013,5813,5433,93,5526,54
2020-11-16,Marin,041,260295,7536,7359,23,7382,134
2020-11-16,Mariposa,043,17540,101,86,0,86,2
2020-11-16,Mendocino,045,87422,1321,1209,3,1212,23
2020-11-16,Merced,047,269075,10894,10399,82,10481,162
2020-11-16,Modoc,049,8938,86,71,17,88,0
2020-11-16,Mono,051,14174,477,453,8,461,2
2020-11-16,Monterey,053,433212,13894,13089,193,13282,107
2020-11-16,Napa,055,140530,2838,2536,14,2550,17
2020-11-16,Nevada,057,99092,1054,889,22,911,9
2020-11-16,Orange,059,3164182,70765,65396,2140,67536,1519
2020-11-16,Placer,061,380077,6048,5387,87,5474,63
2020-11-16,Plumas,063,18699,168,127,0,127,0
2020-11-16,Riverside,065,2383286,81113,76449,1178,77627,1379
2020-11-16,Sacramento,067,1510023,33160,30954,65,31019,534
2020-11-16,San Benito,069,59416,1694,1603,3,1606,15
2020-11-16,San Bernardino,071,2135413,82964,74401,642,75043,1186
2020-11-16,San Diego,073,3302833,71813,65603,2388,67991,926
2020-11-16,San Francisco,075,870044,14430,13847,81,13928,153
2020-11-16,San Joaquin,077,732212,24740,23515,407,23922,513
2020-11-16,San Luis Obispo,079,281455,5694,5161,84,5245,34
2020-11-16,San Mateo,081,765935,13367,12398,8,12406,169
2020-11-16,Santa Barbara,083,443738,11385,10565,157,10722,135
2020-11-16,Santa Clara,085,1922200,31123,28673,47,28720,419
2020-11-16,Santa Cruz,087,273765,3977,3520,42,3562,25
2020-11-16,Shasta,089,179085,4413,3284,103,3387,37
2020-11-16,Sierra,091,2930,15,11,0,11,0
2020-11-16,Siskiyou,093,43540,427,294,26,320,0
2020-11-16,Solano,095,438530,9420,8827,51,8878,84
2020-11-16,Sonoma,097,501317,11473,10961,39,11000,155
2020-11-16,Stanislaus,099,539301,20231,19333,1189,20522,425
2020-11-16,Sutter,101,95872,2698,2322,8,2330,12
2020-11-16,Tehama,103,63373,1435,1261,7,1268,7
2020-11-16,Trinity,105,12862,146,67,11,78,0
2020-11-16,Tulare,107,460477,19960,18891,968,19859,305
2020-11-16,Tuolumne,109,53932,795,543,2,545,7
2020-11-16,Ventura,111,848112,17830,16691,540,17231,172
2020-11-16,Yolo,113,214977,4218,3858,13,3871,70
2020-11-16,Yuba,115,75493,1677,1500,7,1507,10
2020-11-15,Alameda,001,1643700,27380,25879,280,26159,436
2020-11-15,Alpine,003,1148,36,12,0,12,0
2020-11-15,Amador,005,37829,445,409,1,410,16
2020-11-15,Butte,007,227075,3711,3452,133,3585,58
2020-11-15,Calaveras,009,45235,399,386,0,386,21
2020-11-15,Colusa,011,21464,644,601,0,601,6
2020-11-15,Contra Costa,013,1133247,22203,21179,127,21306,256
2020-11-15,Del Norte,015,27424,253,224,0,224,2
2020-11-15,El Dorado,017,186661,1987,1683,14,1697,4
2020-11-15,Fresno,019,978130,38013,34297,914,35211,471
2020-11-15,Glenn,021,27897,849,783,24,807,4
2020-11-15,Humboldt,023,135768,754,653,1,654,9
2020-11-15,Imperial,025,180216,14732,13940,25,13965,346
2020-11-15,Inyo,027,18085,272,263,1,264,15
2020-11-15,Kern,029,883053,37611,35911,811,36722,455
2020-11-15,Kings,031,150075,9949,9533,111,9644,85
2020-11-15,Lake,033,64148,851,777,0,777,17
2020-11-15,Lassen,035,31185,1250,1124,3,1127,0
2020-11-15,Los Angeles,037,10098052,351540,336035,4564,340599,7271
2020-11-15,Madera,039,155013,5716,5391,87,5478,54
2020-11-15,Marin,041,260295,7510,7347,23,7370,133
2020-11-15,Mariposa,043,17540,98,86,0,86,2
2020-11-15,Mendocino,045,87422,1302,1197,3,1200,22
2020-11-15,Merced,047,269075,10760,10350,82,10432,162
2020-11-15,Modoc,049,8938,85,68,17,85,0
2020-11-15,Mono,051,14174,475,453,8,461,2
2020-11-15,Monterey,053,433212,13697,12999,180,13179,107
2020-11-15,Napa,055,140530,2779,2509,12,2521,17
2020-11-15,Nevada,057,99092,999,859,22,881,9
2020-11-15,Orange,059,3164182,69726,65008,2121,67129,1519
2020-11-15,Placer,061,380077,5894,5330,79,5409,63
2020-11-15,Plumas,063,18699,162,127,0,127,0
2020-11-15,Riverside,065,2383286,79794,75531,1117,76648,1374
2020-11-15,Sacramento,067,1510023,32535,30601,61,30662,534
2020-11-15,San Benito,069,59416,1669,1589,2,1591,15
2020-11-15,San Bernardino,071,2135413,80822,73769,559,74328,1185
2020-11-15,San Diego,073,3302833,70314,64770,2331,67101,926
2020-11-15,San Francisco,075,870044,14253,13757,80,13837,153
2020-11-15,San Joaquin,077,732212,24531,23516,391,23907,513
2020-11-15,San Luis Obispo,079,281455,5571,5120,81,5201,34
2020-11-15,San Mateo,081,765935,13190,12348,8,12356,169
2020-11-15,Santa Barbara,083,443738,11290,10516,155,10671,135
2020-11-15,Santa Clara,085,1922200,30669,28289,46,28335,418
2020-11-15,Santa Cruz,087,273765,3839,3439,41,3480,25
2020-11-15,Shasta,089,179085,4239,3290,94,3384,37
2020-11-15,Sierra,091,2930,15,11,0,11,0
2020-11-15,Siskiyou,093,43540,408,294,26,320,0
2020-11-15,Solano,095,438530,9259,8713,48,8761,84
2020-11-15,Sonoma,097,501317,11353,10833,38,10871,154
2020-11-15,Stanislaus,099,539301,19960,19228,1162,20390,425
2020-11-15,Sutter,101,95872,2609,2230,8,2238,12
2020-11-15,Tehama,103,63373,1384,1222,6,1228,7
2020-11-15,Trinity,105,12862,138,67,10,77,0
2020-11-15,Tulare,107,460477,19743,18891,913,19804,305
2020-11-15,Tuolumne,109,53932,754,486,2,488,7
2020-11-15,Ventura,111,848112,17556,16564,532,17096,172
2020-11-15,Yolo,113,214977,4115,3819,12,3831,67
2020-11-15,Yuba,115,75493,1636,1470,6,1476,10
2020-11-14,Alameda,001,1643700,27114,25714,277,25991,435
2020-11-14,Alpine,003,1148,36,12,0,12,0
2020-11-14,Amador,005,37829,436,404,0,404,16
2020-11-14,Butte,007,227075,3675,3434,119,3553,58
2020-11-14,Calaveras,009,45235,398,386,0,386,21
2020-11-14,Colusa,011,21464,632,601,0,601,6
2020-11-14,Contra Costa,013,1133247,22064,20975,120,21095,256
2020-11-14,Del Norte,015,27424,247,219,0,219,2
2020-11-14,El Dorado,017,186661,1943,1648,14,1662,4
2020-11-14,Fresno,019,978130,37763,33969,879,34848,471
2020-11-14,Glenn,021,27897,840,772,21,793,3
2020-11-14,Humboldt,023,135768,739,643,1,644,9
2020-11-14,Imperial,025,180216,14639,13932,24,13956,346
2020-11-14,Inyo,027,18085,271,263,1,264,15
2020-11-14,Kern,029,883053,37401,35626,792,36418,454
2020-11-14,Kings,031,150075,9914,9490,108,9598,85
2020-11-14,Lake,033,64148,842,773,0,773,17
2020-11-14,Lassen,035,31185,1236,833,3,836,0
2020-11-14,Los Angeles,037,10098052,348840,333021,4450,337471,7269
2020-11-14,Madera,039,155013,5686,5371,85,5456,54
2020-11-14,Marin,041,260295,7494,7325,23,7348,133
2020-11-14,Mariposa,043,17540,97,86,0,86,2
2020-11-14,Mendocino,045,87422,1286,1181,3,1184,22
2020-11-14,Merced,047,269075,10704,10286,80,10366,161
2020-11-14,Modoc,049,8938,84,64,16,80,0
2020-11-14,Mono,051,14174,475,453,8,461,2
2020-11-14,Monterey,053,433212,13601,12854,170,13024,105
2020-11-14,Napa,055,140530,2745,2473,12,2485,17
2020-11-14,Nevada,057,99092,983,835,22,857,9
2020-11-14,Orange,059,3164182,69106,64340,2108,66448,1517
2020-11-14,Placer,061,380077,5818,5215,73,5288,63
2020-11-14,Plumas,063,18699,157,128,0,128,0
2020-11-14,Riverside,065,2383286,79056,74910,1076,75986,1373
2020-11-14,Sacramento,067,1510023,32209,30298,60,30358,532
2020-11-14,San Benito,069,59416,1654,1573,2,1575,15
2020-11-14,San Bernardino,071,2135413,79890,72868,526,73394,1184
2020-11-14,San Diego,073,3302833,69549,63715,2279,65994,926
2020-11-14,San Francisco,075,870044,14166,13661,79,13740,153
2020-11-14,San Joaquin,077,732212,24440,23516,383,23899,511
2020-11-14,San Luis Obispo,079,281455,5508,5073,75,5148,34
2020-11-14,San Mateo,081,765935,13082,12293,8,12301,169
2020-11-14,Santa Barbara,083,443738,11236,10482,153,10635,135
2020-11-14,Santa Clara,085,1922200,30384,27962,44,28006,416
2020-11-14,Santa Cruz,087,273765,3784,3402,41,3443,25
2020-11-14,Shasta,089,179085,4154,3195,92,3287,37
2020-11-14,Sierra,091,2930,15,11,0,11,0
2020-11-14,Siskiyou,093,43540,395,292,26,318,0
2020-11-14,Solano,095,438530,9179,8655,47,8702,84
2020-11-14,Sonoma,097,501317,11300,10769,38,10807,154
2020-11-14,Stanislaus,099,539301,19818,19068,1140,20208,424
2020-11-14,Sutter,101,95872,2565,2182,8,2190,12
2020-11-14,Tehama,103,63373,1363,1206,5,1211,7
2020-11-14,Trinity,105,12862,133,67,10,77,0
2020-11-14,Tulare,107,460477,19649,18853,884,19737,305
2020-11-14,Tuolumne,109,53932,726,448,2,450,7
2020-11-14,Ventura,111,848112,17411,16297,520,16817,172
2020-11-14,Yolo,113,214977,4073,3765,10,3775,65
2020-11-14,Yuba,115,75493,1607,1453,6,1459,10
2020-11-13,Alameda,001,1643700,26898,25515,272,25787,434
2020-11-13,Alpine,003,1148,36,12,0,12,0
2020-11-13,Amador,005,37829,433,397,0,397,16
2020-11-13,Butte,007,227075,3651,3402,110,3512,58
2020-11-13,Calaveras,009,45235,394,378,0,378,21
2020-11-13,Colusa,011,21464,624,598,0,598,6
2020-11-13,Contra Costa,013,1133247,21892,20799,120,20919,256
2020-11-13,Del Norte,015,27424,245,208,0,208,2
2020-11-13,El Dorado,017,186661,1898,1611,13,1624,4
2020-11-13,Fresno,019,978130,37516,33693,865,34558,470
2020-11-13,Glenn,021,27897,826,755,17,772,3
2020-11-13,Humboldt,023,135768,724,638,1,639,9
2020-11-13,Imperial,025,180216,14569,13790,23,13813,341
2020-11-13,Inyo,027,18085,270,262,1,263,15
2020-11-13,Kern,029,883053,37200,35431,775,36206,453
2020-11-13,Kings,031,150075,9855,9428,107,9535,85
2020-11-13,Lake,033,64148,836,770,0,770,17
2020-11-13,Lassen,035,31185,1227,832,3,835,0
2020-11-13,Los Angeles,037,10098052,345720,329364,4336,333700,7248
2020-11-13,Madera,039,155013,5646,5340,84,5424,54
2020-11-13,Marin,041,260295,7481,7307,22,7329,133
2020-11-13,Mariposa,043,17540,95,86,0,86,2
2020-11-13,Mendocino,045,87422,1274,1173,3,1176,22
2020-11-13,Merced,047,269075,10649,10185,77,10262,159
2020-11-13,Modoc,049,8938,84,63,14,77,0
2020-11-13,Mono,051,14174,475,448,7,455,2
2020-11-13,Monterey,053,433212,13406,12681,158,12839,104
2020-11-13,Napa,055,140530,2706,2440,12,2452,17
2020-11-13,Nevada,057,99092,964,798,22,820,9
2020-11-13,Orange,059,3164182,68506,63804,2089,65893,1514
2020-11-13,Placer,061,380077,5713,5122,67,5189,63
2020-11-13,Plumas,063,18699,151,125,0,125,0
2020-11-13,Riverside,065,2383286,78319,74138,1048,75186,1372
2020-11-13,Sacramento,067,1510023,31892,29787,55,29842,524
2020-11-13,San Benito,069,59416,1642,1553,1,1554,15
2020-11-13,San Bernardino,071,2135413,78844,71895,504,72399,1184
2020-11-13,San Diego,073,3302833,68702,62978,2241,65219,921
2020-11-13,San Francisco,075,870044,14073,13516,77,13593,146
2020-11-13,San Joaquin,077,732212,24345,23314,376,23690,510
2020-11-13,San Luis Obispo,079,281455,5441,4960,72,5032,34
2020-11-13,San Mateo,081,765935,12989,12182,8,12190,169
2020-11-13,Santa Barbara,083,443738,11184,10405,151,10556,134
2020-11-13,Santa Clara,085,1922200,30057,27609,42,27651,415
2020-11-13,Santa Cruz,087,273765,3711,3343,41,3384,25
2020-11-13,Shasta,089,179085,4069,2983,88,3071,37
2020-11-13,Sierra,091,2930,15,11,0,11,0
2020-11-13,Siskiyou,093,43540,390,280,25,305,0
2020-11-13,Solano,095,438530,9088,8525,47,8572,84
2020-11-13,Sonoma,097,501317,11239,10685,36,10721,151
2020-11-13,Stanislaus,099,539301,19695,18936,1110,20046,422
2020-11-13,Sutter,101,95872,2519,2121,7,2128,12
2020-11-13,Tehama,103,63373,1335,1167,5,1172,7
2020-11-13,Trinity,105,12862,131,64,10,74,0
2020-11-13,Tulare,107,460477,19527,18714,841,19555,305
2020-11-13,Tuolumne,109,53932,693,427,2,429,7
2020-11-13,Ventura,111,848112,17266,16172,505,16677,171
2020-11-13,Yolo,113,214977,4022,3716,10,3726,65
2020-11-13,Yuba,115,75493,1580,1435,6,1441,10
2020-11-12,Alameda,001,1643700,26631,25345,272,25617,432
2020-11-12,Alpine,003,1148,35,12,0,12,0
2020-11-12,Amador,005,37829,432,392,0,392,16
2020-11-12,Butte,007,227075,3602,3347,107,3454,58
2020-11-12,Calaveras,009,45235,389,373,0,373,21
2020-11-12,Colusa,011,21464,619,591,0,591,6
2020-11-12,Contra Costa,013,1133247,21684,20619,118,20737,255
2020-11-12,Del Norte,015,27424,238,203,0,203,2
2020-11-12,El Dorado,017,186661,1852,1573,9,1582,4
2020-11-12,Fresno,019,978130,37171,33459,822,34281,468
2020-11-12,Glenn,021,27897,807,727,17,744,3
2020-11-12,Humboldt,023,135768,711,625,1,626,9
2020-11-12,Imperial,025,180216,14404,13619,23,13642,341
2020-11-12,Inyo,027,18085,269,255,1,256,15
2020-11-12,Kern,029,883053,36936,35207,758,35965,451
2020-11-12,Kings,031,150075,9789,9335,105,9440,85
2020-11-12,Lake,033,64148,827,764,0,764,17
2020-11-12,Lassen,035,31185,1158,832,2,834,0
2020-11-12,Los Angeles,037,10098052,341984,327001,4233,331234,7223
2020-11-12,Madera,039,155013,5611,5273,79,5352,54
2020-11-12,Marin,041,260295,7452,7268,22,7290,133
2020-11-12,Mariposa,043,17540,93,84,0,84,2
2020-11-12,Mendocino,045,87422,1255,1142,3,1145,22
2020-11-12,Merced,047,269075,10535,10107,74,10181,158
2020-11-12,Modoc,049,8938,84,63,14,77,0
2020-11-12,Mono,051,14174,474,442,7,449,2
2020-11-12,Monterey,053,433212,13285,12489,144,12633,100
2020-11-12,Napa,055,140530,2644,2398,12,2410,16
2020-11-12,Nevada,057,99092,941,780,21,801,9
2020-11-12,Orange,059,3164182,67761,63232,2069,65301,1514
2020-11-12,Placer,061,380077,5603,5044,57,5101,62
2020-11-12,Plumas,063,18699,147,121,0,121,0
2020-11-12,Riverside,065,2383286,77393,73381,1002,74383,1362
2020-11-12,Sacramento,067,1510023,31403,29459,48,29507,520
2020-11-12,San Benito,069,59416,1622,1525,1,1526,15
2020-11-12,San Bernardino,071,2135413,77479,70758,465,71223,1183
2020-11-12,San Diego,073,3302833,67723,62336,2190,64526,918
2020-11-12,San Francisco,075,870044,13974,13289,76,13365,146
2020-11-12,San Joaquin,077,732212,24151,23002,355,23357,509
2020-11-12,San Luis Obispo,079,281455,5377,4898,71,4969,33
2020-11-12,San Mateo,081,765935,12866,12086,7,12093,169
2020-11-12,Santa Barbara,083,443738,11122,10325,145,10470,134
2020-11-12,Santa Clara,085,1922200,29682,27261,41,27302,414
2020-11-12,Santa Cruz,087,273765,3628,3317,39,3356,25
2020-11-12,Shasta,089,179085,3931,2825,77,2902,37
2020-11-12,Sierra,091,2930,15,11,0,11,0
2020-11-12,Siskiyou,093,43540,373,275,20,295,0
2020-11-12,Solano,095,438530,8988,8417,46,8463,85
2020-11-12,Sonoma,097,501317,11137,10602,35,10637,151
2020-11-12,Stanislaus,099,539301,19530,18787,1078,19865,422
2020-11-12,Sutter,101,95872,2435,2075,7,2082,12
2020-11-12,Tehama,103,63373,1308,1117,5,1122,7
2020-11-12,Trinity,105,12862,124,62,10,72,0
2020-11-12,Tulare,107,460477,19415,18545,804,19349,305
2020-11-12,Tuolumne,109,53932,654,353,2,355,7
2020-11-12,Ventura,111,848112,17017,16013,498,16511,158
2020-11-12,Yolo,113,214977,3978,3646,10,3656,63
2020-11-12,Yuba,115,75493,1545,1410,6,1416,10
2020-11-11,Alameda,001,1643700,26389,25140,270,25410,429
2020-11-11,Alpine,003,1148,30,12,0,12,0
2020-11-11,Amador,005,37829,425,389,0,389,16
2020-11-11,Butte,007,227075,3577,3348,93,3441,58
2020-11-11,Calaveras,009,45235,379,373,0,373,21
2020-11-11,Colusa,011,21464,613,591,0,591,6
2020-11-11,Contra Costa,013,1133247,21465,20452,116,20568,255
2020-11-11,Del Norte,015,27424,231,203,0,203,2
2020-11-11,El Dorado,017,186661,1806,1564,8,1572,4
2020-11-11,Fresno,019,978130,36852,33287,788,34075,468
2020-11-11,Glenn,021,27897,791,722,16,738,3
2020-11-11,Humboldt,023,135768,697,623,1,624,9
2020-11-11,Imperial,025,180216,14233,13623,21,13644,340
2020-11-11,Inyo,027,18085,267,255,1,256,15
2020-11-11,Kern,029,883053,36663,35014,740,35754,449
2020-11-11,Kings,031,150075,9683,9263,102,9365,85
2020-11-11,Lake,033,64148,817,763,0,763,17
2020-11-11,Lassen,035,31185,1133,831,2,833,0
2020-11-11,Los Angeles,037,10098052,338628,324567,4140,328707,7220
2020-11-11,Madera,039,155013,5577,5248,76,5324,54
2020-11-11,Marin,041,260295,7429,7268,22,7290,133
2020-11-11,Mariposa,043,17540,93,84,0,84,2
2020-11-11,Mendocino,045,87422,1243,1142,3,1145,22
2020-11-11,Merced,047,269075,10464,10074,72,10146,157
2020-11-11,Modoc,049,8938,80,62,13,75,0
2020-11-11,Mono,051,14174,472,443,7,450,2
2020-11-11,Monterey,053,433212,13143,12417,140,12557,100
2020-11-11,Napa,055,140530,2595,2365,9,2374,15
2020-11-11,Nevada,057,99092,899,741,21,762,9
2020-11-11,Orange,059,3164182,67124,62929,2046,64975,1506
2020-11-11,Placer,061,380077,5520,4981,49,5030,60
2020-11-11,Plumas,063,18699,145,111,0,111,0
2020-11-11,Riverside,065,2383286,76492,72953,955,73908,1361
2020-11-11,Sacramento,067,1510023,30949,28968,46,29014,520
2020-11-11,San Benito,069,59416,1608,1512,1,1513,15
2020-11-11,San Bernardino,071,2135413,76195,70374,436,70810,1182
2020-11-11,San Diego,073,3302833,66788,61746,2129,63875,918
2020-11-11,San Francisco,075,870044,13866,13287,74,13361,146
2020-11-11,San Joaquin,077,732212,23992,23001,349,23350,509
2020-11-11,San Luis Obispo,079,281455,5302,4832,68,4900,33
2020-11-11,San Mateo,081,765935,12751,12008,7,12015,169
2020-11-11,Santa Barbara,083,443738,11057,10278,145,10423,134
2020-11-11,Santa Clara,085,1922200,29328,27075,40,27115,413
2020-11-11,Santa Cruz,087,273765,3560,3247,39,3286,25
2020-11-11,Shasta,089,179085,3808,2766,67,2833,36
2020-11-11,Sierra,091,2930,13,11,0,11,0
2020-11-11,Siskiyou,093,43540,342,261,17,278,0
2020-11-11,Solano,095,438530,8871,8353,43,8396,85
2020-11-11,Sonoma,097,501317,11063,10498,35,10533,150
2020-11-11,Stanislaus,099,539301,19392,18671,1046,19717,422
2020-11-11,Sutter,101,95872,2387,2049,6,2055,12
2020-11-11,Tehama,103,63373,1266,1105,4,1109,7
2020-11-11,Trinity,105,12862,115,62,10,72,0
2020-11-11,Tulare,107,460477,19285,18500,773,19273,305
2020-11-11,Tuolumne,109,53932,598,354,2,356,7
2020-11-11,Ventura,111,848112,16802,15801,484,16285,158
2020-11-11,Yolo,113,214977,3927,3606,10,3616,63
2020-11-11,Yuba,115,75493,1530,1400,6,1406,10
2020-11-10,Alameda,001,1643700,26159,25008,267,25275,424
2020-11-10,Alpine,003,1148,30,9,0,9,0
2020-11-10,Amador,005,37829,419,384,0,384,16
2020-11-10,Butte,007,227075,3541,3327,89,3416,58
2020-11-10,Calaveras,009,45235,374,367,0,367,21
2020-11-10,Colusa,011,21464,606,590,0,590,6
2020-11-10,Contra Costa,013,1133247,21259,20326,113,20439,255
2020-11-10,Del Norte,015,27424,225,196,0,196,2
2020-11-10,El Dorado,017,186661,1745,1551,8,1559,4
2020-11-10,Fresno,019,978130,36584,33024,750,33774,465
2020-11-10,Glenn,021,27897,783,719,12,731,3
2020-11-10,Humboldt,023,135768,680,610,1,611,9
2020-11-10,Imperial,025,180216,14103,13570,21,13591,338
2020-11-10,Inyo,027,18085,266,252,1,253,14
2020-11-10,Kern,029,883053,36386,34858,721,35579,448
2020-11-10,Kings,031,150075,9636,9236,95,9331,85
2020-11-10,Lake,033,64148,807,762,0,762,16
2020-11-10,Lassen,035,31185,1118,830,2,832,0
2020-11-10,Los Angeles,037,10098052,335383,322569,4020,326589,7205
2020-11-10,Madera,039,155013,5535,5229,70,5299,54
2020-11-10,Marin,041,260295,7410,7259,22,7281,133
2020-11-10,Mariposa,043,17540,91,84,0,84,2
2020-11-10,Mendocino,045,87422,1235,1137,3,1140,22
2020-11-10,Merced,047,269075,10402,9992,66,10058,157
2020-11-10,Modoc,049,8938,78,61,13,74,0
2020-11-10,Mono,051,14174,470,443,7,450,2
2020-11-10,Monterey,053,433212,13005,12335,132,12467,100
2020-11-10,Napa,055,140530,2557,2341,7,2348,15
2020-11-10,Nevada,057,99092,883,734,21,755,9
2020-11-10,Orange,059,3164182,66575,62597,2035,64632,1504
2020-11-10,Placer,061,380077,5440,4902,48,4950,60
2020-11-10,Plumas,063,18699,141,108,0,108,0
2020-11-10,Riverside,065,2383286,75851,72316,929,73245,1359
2020-11-10,Sacramento,067,1510023,30540,28677,43,28720,519
2020-11-10,San Benito,069,59416,1593,1508,1,1509,15
2020-11-10,San Bernardino,071,2135413,75026,69666,401,70067,1182
2020-11-10,San Diego,073,3302833,65897,61085,2092,63177,915
2020-11-10,San Francisco,075,870044,13749,13210,74,13284,146
2020-11-10,San Joaquin,077,732212,23828,22865,342,23207,508
2020-11-10,San Luis Obispo,079,281455,5240,4780,64,4844,33
2020-11-10,San Mateo,081,765935,12650,11939,7,11946,169
2020-11-10,Santa Barbara,083,443738,10990,10252,141,10393,134
2020-11-10,Santa Clara,085,1922200,28987,26917,38,26955,409
2020-11-10,Santa Cruz,087,273765,3496,3221,39,3260,25
2020-11-10,Shasta,089,179085,3666,2686,59,2745,36
2020-11-10,Sierra,091,2930,12,10,0,10,0
2020-11-10,Siskiyou,093,43540,326,263,16,279,0
2020-11-10,Solano,095,438530,8773,8299,43,8342,85
2020-11-10,Sonoma,097,501317,10976,10414,35,10449,150
2020-11-10,Stanislaus,099,539301,19258,18592,1022,19614,420
2020-11-10,Sutter,101,95872,2292,2035,5,2040,12
2020-11-10,Tehama,103,63373,1240,1099,3,1102,7
2020-11-10,Trinity,105,12862,106,62,9,71,0
2020-11-10,Tulare,107,460477,19171,18430,749,19179,305
2020-11-10,Tuolumne,109,53932,550,353,2,355,7
2020-11-10,Ventura,111,848112,16619,15625,482,16107,158
2020-11-10,Yolo,113,214977,3865,3573,10,3583,63
2020-11-10,Yuba,115,75493,1507,1392,6,1398,10
2020-11-09,Alameda,001,1643700,25910,24899,263,25162,424
2020-11-09,Alpine,003,1148,28,6,0,6,0
2020-11-09,Amador,005,37829,410,380,0,380,16
2020-11-09,Butte,007,227075,3496,3301,80,3381,57
2020-11-09,Calaveras,009,45235,370,360,0,360,21
2020-11-09,Colusa,011,21464,600,583,0,583,6
2020-11-09,Contra Costa,013,1133247,21086,20193,111,20304,255
2020-11-09,Del Norte,015,27424,219,195,0,195,2
2020-11-09,El Dorado,017,186661,1704,1515,8,1523,4
2020-11-09,Fresno,019,978130,36275,32755,706,33461,465
2020-11-09,Glenn,021,27897,777,714,9,723,3
2020-11-09,Humboldt,023,135768,667,607,1,608,9
2020-11-09,Imperial,025,180216,13986,13508,20,13528,338
2020-11-09,Inyo,027,18085,266,252,1,253,14
2020-11-09,Kern,029,883053,36158,34764,682,35446,448
2020-11-09,Kings,031,150075,9566,9141,93,9234,84
2020-11-09,Lake,033,64148,798,755,0,755,16
2020-11-09,Lassen,035,31185,1022,799,2,801,0
2020-11-09,Los Angeles,037,10098052,332292,320370,3939,324309,7180
2020-11-09,Madera,039,155013,5489,5209,67,5276,54
2020-11-09,Marin,041,260295,7384,7237,21,7258,131
2020-11-09,Mariposa,043,17540,91,84,0,84,2
2020-11-09,Mendocino,045,87422,1223,1132,3,1135,22
2020-11-09,Merced,047,269075,10299,9922,63,9985,157
2020-11-09,Modoc,049,8938,74,54,12,66,0
2020-11-09,Mono,051,14174,467,352,7,359,2
2020-11-09,Monterey,053,433212,12859,12148,124,12272,98
2020-11-09,Napa,055,140530,2514,2309,7,2316,15
2020-11-09,Nevada,057,99092,846,729,20,749,9
2020-11-09,Orange,059,3164182,65935,62335,2023,64358,1501
2020-11-09,Placer,061,380077,5356,4843,36,4879,60
2020-11-09,Plumas,063,18699,134,102,0,102,0
2020-11-09,Riverside,065,2383286,75070,72059,895,72954,1346
2020-11-09,Sacramento,067,1510023,30068,28200,43,28243,516
2020-11-09,San Benito,069,59416,1584,1506,1,1507,15
2020-11-09,San Bernardino,071,2135413,73975,69015,360,69375,1182
2020-11-09,San Diego,073,3302833,65042,60572,2052,62624,908
2020-11-09,San Francisco,075,870044,13630,12984,71,13055,146
2020-11-09,San Joaquin,077,732212,23663,22512,337,22849,505
2020-11-09,San Luis Obispo,079,281455,5156,4746,61,4807,32
2020-11-09,San Mateo,081,765935,12543,11857,7,11864,169
2020-11-09,Santa Barbara,083,443738,10933,10214,135,10349,134
2020-11-09,Santa Clara,085,1922200,28592,26693,38,26731,409
2020-11-09,Santa Cruz,087,273765,3438,3194,39,3233,25
2020-11-09,Shasta,089,179085,3511,2581,50,2631,36
2020-11-09,Sierra,091,2930,10,10,0,10,0
2020-11-09,Siskiyou,093,43540,315,257,14,271,0
2020-11-09,Solano,095,438530,8657,8254,42,8296,85
2020-11-09,Sonoma,097,501317,10868,10310,35,10345,150
2020-11-09,Stanislaus,099,539301,19108,18482,1003,19485,418
2020-11-09,Sutter,101,95872,2224,2010,4,2014,12
2020-11-09,Tehama,103,63373,1204,1071,2,1073,7
2020-11-09,Trinity,105,12862,102,46,9,55,0
2020-11-09,Tulare,107,460477,19051,18272,717,18989,304
2020-11-09,Tuolumne,109,53932,496,346,2,348,7
2020-11-09,Ventura,111,848112,16417,15568,479,16047,156
2020-11-09,Yolo,113,214977,3805,3522,9,3531,62
2020-11-09,Yuba,115,75493,1474,1380,6,1386,10
2020-11-08,Alameda,001,1643700,25682,24731,263,24994,424
2020-11-08,Alpine,003,1148,25,6,0,6,0
2020-11-08,Amador,005,37829,403,376,0,376,16
2020-11-08,Butte,007,227075,3458,3285,74,3359,57
2020-11-08,Calaveras,009,45235,368,360,0,360,21
2020-11-08,Colusa,011,21464,597,583,0,583,6
2020-11-08,Contra Costa,013,1133247,20915,20031,109,20140,254
2020-11-08,Del Norte,015,27424,210,195,0,195,2
2020-11-08,El Dorado,017,186661,1666,1502,8,1510,4
2020-11-08,Fresno,019,978130,35942,32619,668,33287,465
2020-11-08,Glenn,021,27897,771,707,8,715,3
2020-11-08,Humboldt,023,135768,651,605,1,606,9
2020-11-08,Imperial,025,180216,13870,13428,20,13448,338
2020-11-08,Inyo,027,18085,262,252,1,253,14
2020-11-08,Kern,029,883053,35940,34644,664,35308,448
2020-11-08,Kings,031,150075,9433,9026,90,9116,84
2020-11-08,Lake,033,64148,790,754,0,754,16
2020-11-08,Lassen,035,31185,874,799,2,801,0
2020-11-08,Los Angeles,037,10098052,329172,318960,3865,322825,7176
2020-11-08,Madera,039,155013,5421,5196,64,5260,54
2020-11-08,Marin,041,260295,7364,7227,21,7248,131
2020-11-08,Mariposa,043,17540,91,83,0,83,2
2020-11-08,Mendocino,045,87422,1214,1129,3,1132,22
2020-11-08,Merced,047,269075,10224,9885,61,9946,157
2020-11-08,Modoc,049,8938,70,54,12,66,0
2020-11-08,Mono,051,14174,461,352,7,359,2
2020-11-08,Monterey,053,433212,12715,12122,112,12234,98
2020-11-08,Napa,055,140530,2474,2274,7,2281,15
2020-11-08,Nevada,057,99092,830,715,20,735,9
2020-11-08,Orange,059,3164182,65348,62034,2009,64043,1501
2020-11-08,Placer,061,380077,5255,4800,31,4831,60
2020-11-08,Plumas,063,18699,129,102,0,102,0
2020-11-08,Riverside,065,2383286,74419,71442,851,72293,1345
2020-11-08,Sacramento,067,1510023,29507,28059,39,28098,515
2020-11-08,San Benito,069,59416,1569,1496,1,1497,15
2020-11-08,San Bernardino,071,2135413,72734,68412,318,68730,1182
2020-11-08,San Diego,073,3302833,64197,60199,2008,62207,908
2020-11-08,San Francisco,075,870044,13499,12985,66,13051,146
2020-11-08,San Joaquin,077,732212,23471,22514,332,22846,505
2020-11-08,San Luis Obispo,079,281455,5090,4698,56,4754,32
2020-11-08,San Mateo,081,765935,12424,11783,7,11790,169
2020-11-08,Santa Barbara,083,443738,10863,10180,133,10313,134
2020-11-08,Santa Clara,085,1922200,28218,26442,37,26479,410
2020-11-08,Santa Cruz,087,273765,3381,3134,39,3173,25
2020-11-08,Shasta,089,179085,3375,2582,44,2626,36
2020-11-08,Sierra,091,2930,10,7,0,7,0
2020-11-08,Siskiyou,093,43540,303,246,13,259,0
2020-11-08,Solano,095,438530,8536,8132,41,8173,85
2020-11-08,Sonoma,097,501317,10761,10229,35,10264,149
2020-11-08,Stanislaus,099,539301,18936,18413,980,19393,418
2020-11-08,Sutter,101,95872,2167,1980,4,1984,12
2020-11-08,Tehama,103,63373,1180,1054,2,1056,7
2020-11-08,Trinity,105,12862,99,46,9,55,0
2020-11-08,Tulare,107,460477,18911,18272,684,18956,304
2020-11-08,Tuolumne,109,53932,469,341,2,343,7
2020-11-08,Ventura,111,848112,16222,15504,471,15975,156
2020-11-08,Yolo,113,214977,3742,3492,9,3501,61
2020-11-08,Yuba,115,75493,1453,1369,6,1375,10
2020-11-07,Alameda,001,1643700,25572,24578,261,24839,424
2020-11-07,Alpine,003,1148,25,6,0,6,0
2020-11-07,Amador,005,37829,400,375,0,375,16
2020-11-07,Butte,007,227075,3446,3277,69,3346,57
2020-11-07,Calaveras,009,45235,366,360,0,360,21
2020-11-07,Colusa,011,21464,597,583,0,583,6
2020-11-07,Contra Costa,013,1133247,20813,19943,108,20051,254
2020-11-07,Del Norte,015,27424,206,194,0,194,2
2020-11-07,El Dorado,017,186661,1641,1495,7,1502,4
2020-11-07,Fresno,019,978130,35789,32497,646,33143,465
2020-11-07,Glenn,021,27897,763,707,8,715,3
2020-11-07,Humboldt,023,135768,640,590,1,591,9
2020-11-07,Imperial,025,180216,13812,13388,19,13407,338
2020-11-07,Inyo,027,18085,260,252,1,253,14
2020-11-07,Kern,029,883053,35786,34513,653,35166,448
2020-11-07,Kings,031,150075,9400,9005,84,9089,84
2020-11-07,Lake,033,64148,786,751,0,751,16
2020-11-07,Lassen,035,31185,858,799,2,801,0
2020-11-07,Los Angeles,037,10098052,327671,316756,3790,320546,7174
2020-11-07,Madera,039,155013,5399,5177,62,5239,54
2020-11-07,Marin,041,260295,7353,7215,21,7236,131
2020-11-07,Mariposa,043,17540,91,81,0,81,2
2020-11-07,Mendocino,045,87422,1204,1118,3,1121,22
2020-11-07,Merced,047,269075,10192,9855,57,9912,157
2020-11-07,Modoc,049,8938,70,51,12,63,0
2020-11-07,Mono,051,14174,458,352,7,359,2
2020-11-07,Monterey,053,433212,12646,12030,108,12138,98
2020-11-07,Napa,055,140530,2444,2260,6,2266,15
2020-11-07,Nevada,057,99092,814,710,20,730,9
2020-11-07,Orange,059,3164182,65062,62038,2002,64040,1505
2020-11-07,Placer,061,380077,5193,4745,31,4776,60
2020-11-07,Plumas,063,18699,127,94,0,94,0
2020-11-07,Riverside,065,2383286,74026,71153,821,71974,1345
2020-11-07,Sacramento,067,1510023,29257,27773,39,27812,515
2020-11-07,San Benito,069,59416,1557,1489,1,1490,15
2020-11-07,San Bernardino,071,2135413,72219,67935,307,68242,1182
2020-11-07,San Diego,073,3302833,63685,59682,1976,61658,909
2020-11-07,San Francisco,075,870044,13438,12980,65,13045,146
2020-11-07,San Joaquin,077,732212,23363,22517,325,22842,505
2020-11-07,San Luis Obispo,079,281455,5041,4668,53,4721,32
2020-11-07,San Mateo,081,765935,12361,11711,7,11718,169
2020-11-07,Santa Barbara,083,443738,10821,10157,131,10288,134
2020-11-07,Santa Clara,085,1922200,28013,26244,36,26280,410
2020-11-07,Santa Cruz,087,273765,3343,3130,39,3169,25
2020-11-07,Shasta,089,179085,3306,2547,42,2589,36
2020-11-07,Sierra,091,2930,10,7,0,7,0
2020-11-07,Siskiyou,093,43540,299,241,13,254,0
2020-11-07,Solano,095,438530,8484,8066,41,8107,85
2020-11-07,Sonoma,097,501317,10715,10200,35,10235,149
2020-11-07,Stanislaus,099,539301,18828,18386,962,19348,418
2020-11-07,Sutter,101,95872,2127,1973,4,1977,12
2020-11-07,Tehama,103,63373,1156,1043,2,1045,7
2020-11-07,Trinity,105,12862,99,42,8,50,0
2020-11-07,Tulare,107,460477,18856,18229,666,18895,304
2020-11-07,Tuolumne,109,53932,458,327,2,329,7
2020-11-07,Ventura,111,848112,16162,15364,466,15830,156
2020-11-07,Yolo,113,214977,3711,3486,9,3495,61
2020-11-07,Yuba,115,75493,1438,1349,6,1355,10
2020-11-06,Alameda,001,1643700,25440,24389,259,24648,420
2020-11-06,Alpine,003,1148,25,6,0,6,0
2020-11-06,Amador,005,37829,398,369,0,369,16
2020-11-06,Butte,007,227075,3421,3254,61,3315,57
2020-11-06,Calaveras,009,45235,365,359,0,359,21
2020-11-06,Colusa,011,21464,595,580,0,580,6
2020-11-06,Contra Costa,013,1133247,20664,19744,108,19852,252
2020-11-06,Del Norte,015,27424,203,194,0,194,2
2020-11-06,El Dorado,017,186661,1615,1475,7,1482,4
2020-11-06,Fresno,019,978130,35601,32278,629,32907,460
2020-11-06,Glenn,021,27897,757,707,7,714,3
2020-11-06,Humboldt,023,135768,637,587,1,588,9
2020-11-06,Imperial,025,180216,13759,13230,19,13249,338
2020-11-06,Inyo,027,18085,258,246,1,247,14
2020-11-06,Kern,029,883053,35623,34360,634,34994,443
2020-11-06,Kings,031,150075,9377,8883,81,8964,83
2020-11-06,Lake,033,64148,785,741,0,741,16
2020-11-06,Lassen,035,31185,850,794,2,796,0
2020-11-06,Los Angeles,037,10098052,325703,314356,3734,318090,7160
2020-11-06,Madera,039,155013,5383,5136,61,5197,54
2020-11-06,Marin,041,260295,7332,7184,21,7205,131
2020-11-06,Mariposa,043,17540,90,79,0,79,2
2020-11-06,Mendocino,045,87422,1199,1113,3,1116,22
2020-11-06,Merced,047,269075,10153,9778,53,9831,157
2020-11-06,Modoc,049,8938,70,48,12,60,0
2020-11-06,Mono,051,14174,453,308,7,315,1
2020-11-06,Monterey,053,433212,12529,11914,107,12021,96
2020-11-06,Napa,055,140530,2419,2189,6,2195,15
2020-11-06,Nevada,057,99092,801,692,19,711,9
2020-11-06,Orange,059,3164182,64759,61049,1993,63042,1494
2020-11-06,Placer,061,380077,5118,4680,31,4711,60
2020-11-06,Plumas,063,18699,122,90,0,90,0
2020-11-06,Riverside,065,2383286,73579,70409,777,71186,1341
2020-11-06,Sacramento,067,1510023,28967,27489,37,27526,514
2020-11-06,San Benito,069,59416,1548,1479,1,1480,15
2020-11-06,San Bernardino,071,2135413,71624,66740,286,67026,1179
2020-11-06,San Diego,073,3302833,63162,59143,1944,61087,907
2020-11-06,San Francisco,075,870044,13369,12825,63,12888,146
2020-11-06,San Joaquin,077,732212,23277,22424,315,22739,502
2020-11-06,San Luis Obispo,079,281455,4977,4531,47,4578,32
2020-11-06,San Mateo,081,765935,12286,11587,7,11594,168
2020-11-06,Santa Barbara,083,443738,10785,10118,126,10244,133
2020-11-06,Santa Clara,085,1922200,27770,25831,36,25867,402
2020-11-06,Santa Cruz,087,273765,3306,3063,39,3102,25
2020-11-06,Shasta,089,179085,3234,2475,40,2515,35
2020-11-06,Sierra,091,2930,9,7,0,7,0
2020-11-06,Siskiyou,093,43540,286,237,12,249,0
2020-11-06,Solano,095,438530,8419,7959,41,8000,85
2020-11-06,Sonoma,097,501317,10665,10142,35,10177,149
2020-11-06,Stanislaus,099,539301,18740,18250,953,19203,417
2020-11-06,Sutter,101,95872,2100,1937,2,1939,12
2020-11-06,Tehama,103,63373,1135,1024,2,1026,6
2020-11-06,Trinity,105,12862,96,41,8,49,0
2020-11-06,Tulare,107,460477,18794,18136,639,18775,300
2020-11-06,Tuolumne,109,53932,437,316,2,318,5
2020-11-06,Ventura,111,848112,16076,15222,463,15685,154
2020-11-06,Yolo,113,214977,3682,3420,9,3429,62
2020-11-06,Yuba,115,75493,1425,1335,6,1341,10
2020-11-05,Alameda,001,1643700,25262,24270,259,24529,420
2020-11-05,Alpine,003,1148,25,6,0,6,0
2020-11-05,Amador,005,37829,395,363,0,363,16
2020-11-05,Butte,007,227075,3398,3239,55,3294,57
2020-11-05,Calaveras,009,45235,358,333,0,333,19
2020-11-05,Colusa,011,21464,591,574,0,574,6
2020-11-05,Contra Costa,013,1133247,20482,19656,106,19762,252
2020-11-05,Del Norte,015,27424,201,192,0,192,2
2020-11-05,El Dorado,017,186661,1591,1466,7,1473,4
2020-11-05,Fresno,019,978130,35365,32056,606,32662,460
2020-11-05,Glenn,021,27897,737,702,7,709,3
2020-11-05,Humboldt,023,135768,626,581,1,582,9
2020-11-05,Imperial,025,180216,13667,13178,18,13196,337
2020-11-05,Inyo,027,18085,258,247,1,248,14
2020-11-05,Kern,029,883053,35423,34232,620,34852,443
2020-11-05,Kings,031,150075,9222,8846,78,8924,83
2020-11-05,Lake,033,64148,781,739,0,739,16
2020-11-05,Lassen,035,31185,819,782,2,784,0
2020-11-05,Los Angeles,037,10098052,323352,312381,3678,316059,7146
2020-11-05,Madera,039,155013,5344,5129,58,5187,54
2020-11-05,Marin,041,260295,7310,7171,21,7192,131
2020-11-05,Mariposa,043,17540,89,79,0,79,2
2020-11-05,Mendocino,045,87422,1187,1112,3,1115,22
2020-11-05,Merced,047,269075,10094,9753,48,9801,155
2020-11-05,Modoc,049,8938,69,47,11,58,0
2020-11-05,Mono,051,14174,451,307,7,314,1
2020-11-05,Monterey,053,433212,12421,11784,103,11887,96
2020-11-05,Napa,055,140530,2392,2158,6,2164,15
2020-11-05,Nevada,057,99092,779,687,18,705,9
2020-11-05,Orange,059,3164182,64313,60740,1983,62723,1484
2020-11-05,Placer,061,380077,5051,4627,26,4653,60
2020-11-05,Plumas,063,18699,114,90,0,90,0
2020-11-05,Riverside,065,2383286,72869,70094,717,70811,1338
2020-11-05,Sacramento,067,1510023,28584,27232,36,27268,512
2020-11-05,San Benito,069,59416,1533,1477,1,1478,15
2020-11-05,San Bernardino,071,2135413,70799,66407,271,66678,1174
2020-11-05,San Diego,073,3302833,62536,58659,1918,60577,904
2020-11-05,San Francisco,075,870044,13257,12726,62,12788,146
2020-11-05,San Joaquin,077,732212,23114,22318,310,22628,502
2020-11-05,San Luis Obispo,079,281455,4909,4459,45,4504,32
2020-11-05,San Mateo,081,765935,12192,11535,7,11542,168
2020-11-05,Santa Barbara,083,443738,10740,10080,122,10202,133
2020-11-05,Santa Clara,085,1922200,27502,25651,36,25687,402
2020-11-05,Santa Cruz,087,273765,3268,3023,39,3062,25
2020-11-05,Shasta,089,179085,3144,2401,39,2440,34
2020-11-05,Sierra,091,2930,9,6,0,6,0
2020-11-05,Siskiyou,093,43540,275,228,12,240,0
2020-11-05,Solano,095,438530,8336,7842,41,7883,85
2020-11-05,Sonoma,097,501317,10553,10064,34,10098,145
2020-11-05,Stanislaus,099,539301,18626,18194,940,19134,417
2020-11-05,Sutter,101,95872,2068,1925,2,1927,12
2020-11-05,Tehama,103,63373,1113,1015,2,1017,6
2020-11-05,Trinity,105,12862,82,41,8,49,0
2020-11-05,Tulare,107,460477,18709,18049,607,18656,301
2020-11-05,Tuolumne,109,53932,408,312,2,314,5
2020-11-05,Ventura,111,848112,15910,15113,452,15565,155
2020-11-05,Yolo,113,214977,3632,3391,9,3400,61
2020-11-05,Yuba,115,75493,1407,1322,6,1328,10
2020-11-04,Alameda,001,1643700,25084,24172,257,24429,418
2020-11-04,Alpine,003,1148,21,5,0,5,0
2020-11-04,Amador,005,37829,392,362,0,362,16
2020-11-04,Butte,007,227075,3372,3218,52,3270,57
2020-11-04,Calaveras,009,45235,355,290,0,290,19
2020-11-04,Colusa,011,21464,589,571,0,571,6
2020-11-04,Contra Costa,013,1133247,20316,19472,102,19574,251
2020-11-04,Del Norte,015,27424,197,188,0,188,2
2020-11-04,El Dorado,017,186661,1576,1448,4,1452,4
2020-11-04,Fresno,019,978130,35135,31952,577,32529,457
2020-11-04,Glenn,021,27897,733,701,6,707,3
2020-11-04,Humboldt,023,135768,617,571,1,572,9
2020-11-04,Imperial,025,180216,13569,13087,18,13105,335
2020-11-04,Inyo,027,18085,257,247,1,248,14
2020-11-04,Kern,029,883053,35269,34027,608,34635,439
2020-11-04,Kings,031,150075,9188,8817,76,8893,83
2020-11-04,Lake,033,64148,774,735,0,735,16
2020-11-04,Lassen,035,31185,814,781,2,783,0
2020-11-04,Los Angeles,037,10098052,321051,310456,3589,314045,7124
2020-11-04,Madera,039,155013,5324,5083,54,5137,54
2020-11-04,Marin,041,260295,7298,7157,21,7178,131
2020-11-04,Mariposa,043,17540,89,79,0,79,2
2020-11-04,Mendocino,045,87422,1169,1089,3,1092,22
2020-11-04,Merced,047,269075,10044,9717,46,9763,153
2020-11-04,Modoc,049,8938,59,47,11,58,0
2020-11-04,Mono,051,14174,448,237,6,243,1
2020-11-04,Monterey,053,433212,12217,11743,96,11839,96
2020-11-04,Napa,055,140530,2338,2133,6,2139,15
2020-11-04,Nevada,057,99092,760,675,18,693,9
2020-11-04,Orange,059,3164182,63880,60463,1959,62422,1483
2020-11-04,Placer,061,380077,4973,4526,23,4549,60
2020-11-04,Plumas,063,18699,112,88,0,88,0
2020-11-04,Riverside,065,2383286,72254,69562,656,70218,1335
2020-11-04,Sacramento,067,1510023,28236,27005,35,27040,510
2020-11-04,San Benito,069,59416,1518,1464,1,1465,15
2020-11-04,San Bernardino,071,2135413,70004,65891,246,66137,1169
2020-11-04,San Diego,073,3302833,61891,58126,1892,60018,904
2020-11-04,San Francisco,075,870044,13173,12649,59,12708,146
2020-11-04,San Joaquin,077,732212,22977,22197,297,22494,500
2020-11-04,San Luis Obispo,079,281455,4842,4389,43,4432,32
2020-11-04,San Mateo,081,765935,12097,11456,7,11463,168
2020-11-04,Santa Barbara,083,443738,10702,10026,121,10147,132
2020-11-04,Santa Clara,085,1922200,27239,25487,36,25523,393
2020-11-04,Santa Cruz,087,273765,3231,2997,39,3036,25
2020-11-04,Shasta,089,179085,3013,2321,34,2355,34
2020-11-04,Sierra,091,2930,9,6,0,6,0
2020-11-04,Siskiyou,093,43540,266,222,12,234,0
2020-11-04,Solano,095,438530,8237,7733,41,7774,85
2020-11-04,Sonoma,097,501317,10459,9965,34,9999,142
2020-11-04,Stanislaus,099,539301,18510,18114,924,19038,416
2020-11-04,Sutter,101,95872,2034,1916,2,1918,12
2020-11-04,Tehama,103,63373,1089,997,2,999,6
2020-11-04,Trinity,105,12862,80,37,8,45,0
2020-11-04,Tulare,107,460477,18601,17952,579,18531,298
2020-11-04,Tuolumne,109,53932,386,310,2,312,5
2020-11-04,Ventura,111,848112,15770,14936,448,15384,155
2020-11-04,Yolo,113,214977,3591,3361,9,3370,62
2020-11-04,Yuba,115,75493,1386,1312,6,1318,10
2020-11-03,Alameda,001,1643700,24900,24055,255,24310,418
2020-11-03,Alpine,003,1148,20,4,0,4,0
2020-11-03,Amador,005,37829,387,361,0,361,16
2020-11-03,Butte,007,227075,3349,3211,46,3257,57
2020-11-03,Calaveras,009,45235,351,287,0,287,19
2020-11-03,Colusa,011,21464,584,572,0,572,6
2020-11-03,Contra Costa,013,1133247,20161,19416,102,19518,250
2020-11-03,Del Norte,015,27424,196,187,0,187,2
2020-11-03,El Dorado,017,186661,1554,1445,3,1448,4
2020-11-03,Fresno,019,978130,34869,31856,553,32409,457
2020-11-03,Glenn,021,27897,727,698,6,704,3
2020-11-03,Humboldt,023,135768,611,570,1,571,8
2020-11-03,Imperial,025,180216,13480,13044,17,13061,335
2020-11-03,Inyo,027,18085,256,244,1,245,14
2020-11-03,Kern,029,883053,35079,33957,596,34553,439
2020-11-03,Kings,031,150075,9025,8783,71,8854,83
2020-11-03,Lake,033,64148,764,732,0,732,16
2020-11-03,Lassen,035,31185,805,782,2,784,0
2020-11-03,Los Angeles,037,10098052,318601,308812,3514,312326,7104
2020-11-03,Madera,039,155013,5287,5058,53,5111,54
2020-11-03,Marin,041,260295,7278,7147,20,7167,131
2020-11-03,Mariposa,043,17540,88,79,0,79,2
2020-11-03,Mendocino,045,87422,1154,1084,3,1087,22
2020-11-03,Merced,047,269075,9991,9713,45,9758,153
2020-11-03,Modoc,049,8938,57,47,9,56,0
2020-11-03,Mono,051,14174,444,210,6,216,1
2020-11-03,Monterey,053,433212,12149,11703,89,11792,94
2020-11-03,Napa,055,140530,2302,2130,6,2136,15
2020-11-03,Nevada,057,99092,740,670,17,687,9
2020-11-03,Orange,059,3164182,63452,60283,1948,62231,1477
2020-11-03,Placer,061,380077,4899,4514,23,4537,60
2020-11-03,Plumas,063,18699,109,86,0,86,0
2020-11-03,Riverside,065,2383286,71638,69300,628,69928,1325
2020-11-03,Sacramento,067,1510023,27854,26841,34,26875,510
2020-11-03,San Benito,069,59416,1508,1463,1,1464,15
2020-11-03,San Bernardino,071,2135413,69196,65320,240,65560,1159
2020-11-03,San Diego,073,3302833,61215,57722,1848,59570,901
2020-11-03,San Francisco,075,870044,13050,12585,58,12643,146
2020-11-03,San Joaquin,077,732212,22843,22109,291,22400,500
2020-11-03,San Luis Obispo,079,281455,4759,4371,41,4412,32
2020-11-03,San Mateo,081,765935,12003,11406,7,11413,162
2020-11-03,Santa Barbara,083,443738,10648,10008,115,10123,132
2020-11-03,Santa Clara,085,1922200,26964,25386,35,25421,393
2020-11-03,Santa Cruz,087,273765,3181,2980,38,3018,25
2020-11-03,Shasta,089,179085,2918,2288,28,2316,33
2020-11-03,Sierra,091,2930,7,6,0,6,0
2020-11-03,Siskiyou,093,43540,262,219,11,230,0
2020-11-03,Solano,095,438530,8154,7691,41,7732,85
2020-11-03,Sonoma,097,501317,10357,9906,34,9940,142
2020-11-03,Stanislaus,099,539301,18391,18080,911,18991,416
2020-11-03,Sutter,101,95872,2001,1914,2,1916,12
2020-11-03,Tehama,103,63373,1068,988,2,990,6
2020-11-03,Trinity,105,12862,74,36,7,43,0
2020-11-03,Tulare,107,460477,18498,17890,551,18441,297
2020-11-03,Tuolumne,109,53932,363,302,2,304,5
2020-11-03,Ventura,111,848112,15643,14816,441,15257,155
2020-11-03,Yolo,113,214977,3540,3343,9,3352,61
2020-11-03,Yuba,115,75493,1373,1295,6,1301,10
2020-11-02,Alameda,001,1643700,24704,23991,252,24243,419
2020-11-02,Alpine,003,1148,17,4,0,4,0
2020-11-02,Amador,005,37829,379,357,0,357,16
2020-11-02,Butte,007,227075,3329,3198,43,3241,57
2020-11-02,Calaveras,009,45235,351,282,0,282,18
2020-11-02,Colusa,011,21464,579,571,0,571,6
2020-11-02,Contra Costa,013,1133247,20007,19339,101,19440,250
2020-11-02,Del Norte,015,27424,193,175,0,175,2
2020-11-02,El Dorado,017,186661,1530,1405,3,1408,4
2020-11-02,Fresno,019,978130,34602,31738,536,32274,451
2020-11-02,Glenn,021,27897,721,692,5,697,3
2020-11-02,Humboldt,023,135768,602,569,1,570,8
2020-11-02,Imperial,025,180216,13400,13004,16,13020,334
2020-11-02,Inyo,027,18085,253,243,1,244,14
2020-11-02,Kern,029,883053,34922,33834,586,34420,437
2020-11-02,Kings,031,150075,8995,8654,68,8722,82
2020-11-02,Lake,033,64148,758,728,0,728,17
2020-11-02,Lassen,035,31185,797,782,2,784,0
2020-11-02,Los Angeles,037,10098052,316257,307620,3433,311053,7079
2020-11-02,Madera,039,155013,5257,5033,52,5085,54
2020-11-02,Marin,041,260295,7260,7132,19,7151,125
2020-11-02,Mariposa,043,17540,88,79,0,79,2
2020-11-02,Mendocino,045,87422,1140,1076,3,1079,21
2020-11-02,Merced,047,269075,9929,9664,39,9703,152
2020-11-02,Modoc,049,8938,54,45,5,50,0
2020-11-02,Mono,051,14174,442,211,6,217,1
2020-11-02,Monterey,053,433212,12042,11602,86,11688,93
2020-11-02,Napa,055,140530,2260,2081,6,2087,15
2020-11-02,Nevada,057,99092,724,656,17,673,9
2020-11-02,Orange,059,3164182,63049,59996,1930,61926,1474
2020-11-02,Placer,061,380077,4830,4461,21,4482,60
2020-11-02,Plumas,063,18699,101,86,0,86,0
2020-11-02,Riverside,065,2383286,71007,68833,587,69420,1321
2020-11-02,Sacramento,067,1510023,27514,26676,32,26708,508
2020-11-02,San Benito,069,59416,1496,1459,1,1460,15
2020-11-02,San Bernardino,071,2135413,68340,64629,233,64862,1157
2020-11-02,San Diego,073,3302833,60492,57429,1803,59232,891
2020-11-02,San Francisco,075,870044,12953,12436,57,12493,145
2020-11-02,San Joaquin,077,732212,22704,21919,282,22201,500
2020-11-02,San Luis Obispo,079,281455,4658,4303,38,4341,31
2020-11-02,San Mateo,081,765935,11894,11328,7,11335,161
2020-11-02,Santa Barbara,083,443738,10607,9985,110,10095,130
2020-11-02,Santa Clara,085,1922200,26675,25222,35,25257,387
2020-11-02,Santa Cruz,087,273765,3139,2943,38,2981,25
2020-11-02,Shasta,089,179085,2813,2174,24,2198,33
2020-11-02,Sierra,091,2930,7,6,0,6,0
2020-11-02,Siskiyou,093,43540,252,216,11,227,0
2020-11-02,Solano,095,438530,8036,7665,41,7706,84
2020-11-02,Sonoma,097,501317,10273,9796,33,9829,140
2020-11-02,Stanislaus,099,539301,18295,18005,902,18907,412
2020-11-02,Sutter,101,95872,1977,1895,2,1897,12
2020-11-02,Tehama,103,63373,1045,971,2,973,6
2020-11-02,Trinity,105,12862,70,30,7,37,0
2020-11-02,Tulare,107,460477,18407,17774,529,18303,299
2020-11-02,Tuolumne,109,53932,343,302,2,304,5
2020-11-02,Ventura,111,848112,15508,14767,421,15188,156
2020-11-02,Yolo,113,214977,3491,3318,9,3327,61
2020-11-02,Yuba,115,75493,1360,1280,6,1286,10
2020-11-01,Alameda,001,1643700,24542,23892,250,24142,419
2020-11-01,Alpine,003,1148,11,4,0,4,0
2020-11-01,Amador,005,37829,376,352,0,352,16
2020-11-01,Butte,007,227075,3306,3185,41,3226,57
2020-11-01,Calaveras,009,45235,350,282,0,282,18
2020-11-01,Colusa,011,21464,577,567,0,567,6
2020-11-01,Contra Costa,013,1133247,19833,19246,100,19346,250
2020-11-01,Del Norte,015,27424,189,175,0,175,2
2020-11-01,El Dorado,017,186661,1514,1394,3,1397,4
2020-11-01,Fresno,019,978130,34348,31613,518,32131,451
2020-11-01,Glenn,021,27897,712,688,3,691,3
2020-11-01,Humboldt,023,135768,594,568,1,569,8
2020-11-01,Imperial,025,180216,13309,12969,14,12983,334
2020-11-01,Inyo,027,18085,251,241,1,242,14
2020-11-01,Kern,029,883053,34742,33760,474,34234,437
2020-11-01,Kings,031,150075,8957,8641,67,8708,82
2020-11-01,Lake,033,64148,752,727,0,727,17
2020-11-01,Lassen,035,31185,797,782,2,784,0
2020-11-01,Los Angeles,037,10098052,313697,306217,3334,309551,7077
2020-11-01,Madera,039,155013,5210,5019,50,5069,54
2020-11-01,Marin,041,260295,7243,7124,19,7143,125
2020-11-01,Mariposa,043,17540,84,79,0,79,2
2020-11-01,Mendocino,045,87422,1127,1074,3,1077,21
2020-11-01,Merced,047,269075,9868,9626,39,9665,152
2020-11-01,Modoc,049,8938,53,45,5,50,0
2020-11-01,Mono,051,14174,412,211,5,216,1
2020-11-01,Monterey,053,433212,11934,11587,83,11670,93
2020-11-01,Napa,055,140530,2226,2067,6,2073,15
2020-11-01,Nevada,057,99092,708,646,16,662,9
2020-11-01,Orange,059,3164182,62647,59733,1902,61635,1475
2020-11-01,Placer,061,380077,4765,4422,20,4442,58
2020-11-01,Plumas,063,18699,96,86,0,86,0
2020-11-01,Riverside,065,2383286,70378,68493,551,69044,1319
2020-11-01,Sacramento,067,1510023,27196,26442,32,26474,508
2020-11-01,San Benito,069,59416,1481,1451,1,1452,15
2020-11-01,San Bernardino,071,2135413,67499,64339,213,64552,1157
2020-11-01,San Diego,073,3302833,59804,57122,1763,58885,891
2020-11-01,San Francisco,075,870044,12831,12436,52,12488,145
2020-11-01,San Joaquin,077,732212,22576,21919,275,22194,500
2020-11-01,San Luis Obispo,079,281455,4578,4303,37,4340,31
2020-11-01,San Mateo,081,765935,11814,11280,7,11287,160
2020-11-01,Santa Barbara,083,443738,10556,9969,94,10063,130
2020-11-01,Santa Clara,085,1922200,26398,25090,35,25125,386
2020-11-01,Santa Cruz,087,273765,3086,2921,38,2959,25
2020-11-01,Shasta,089,179085,2677,2172,23,2195,33
2020-11-01,Sierra,091,2930,7,6,0,6,0
2020-11-01,Siskiyou,093,43540,247,205,11,216,0
2020-11-01,Solano,095,438530,7946,7591,41,7632,84
2020-11-01,Sonoma,097,501317,10181,9688,33,9721,140
2020-11-01,Stanislaus,099,539301,18194,17961,882,18843,412
2020-11-01,Sutter,101,95872,1951,1888,1,1889,12
2020-11-01,Tehama,103,63373,1028,965,2,967,5
2020-11-01,Trinity,105,12862,68,30,6,36,0
2020-11-01,Tulare,107,460477,18295,17774,498,18272,299
2020-11-01,Tuolumne,109,53932,321,295,2,297,5
2020-11-01,Ventura,111,848112,15362,14686,386,15072,156
2020-11-01,Yolo,113,214977,3442,3303,9,3312,60
2020-11-01,Yuba,115,75493,1343,1273,6,1279,10
2020-10-31,Alameda,001,1643700,24427,23780,246,24026,416
2020-10-31,Alpine,003,1148,11,4,0,4,0
2020-10-31,Amador,005,37829,372,347,0,347,16
2020-10-31,Butte,007,227075,3293,3172,39,3211,57
2020-10-31,Calaveras,009,45235,350,280,0,280,18
2020-10-31,Colusa,011,21464,575,555,0,555,6
2020-10-31,Contra Costa,013,1133247,19727,19161,100,19261,249
2020-10-31,Del Norte,015,27424,188,175,0,175,2
2020-10-31,El Dorado,017,186661,1505,1390,3,1393,4
2020-10-31,Fresno,019,978130,34212,31558,514,32072,451
2020-10-31,Glenn,021,27897,710,678,3,681,3
2020-10-31,Humboldt,023,135768,591,561,1,562,8
2020-10-31,Imperial,025,180216,13267,12912,14,12926,334
2020-10-31,Inyo,027,18085,250,241,1,242,14
2020-10-31,Kern,029,883053,34639,33666,464,34130,437
2020-10-31,Kings,031,150075,8936,8612,65,8677,82
2020-10-31,Lake,033,64148,748,724,0,724,16
2020-10-31,Lassen,035,31185,792,782,2,784,0
2020-10-31,Los Angeles,037,10098052,312328,304704,3289,307993,7073
2020-10-31,Madera,039,155013,5193,5013,47,5060,54
2020-10-31,Marin,041,260295,7227,7112,19,7131,125
2020-10-31,Mariposa,043,17540,84,79,0,79,2
2020-10-31,Mendocino,045,87422,1119,1066,3,1069,21
2020-10-31,Merced,047,269075,9835,9597,38,9635,151
2020-10-31,Modoc,049,8938,52,34,4,38,0
2020-10-31,Mono,051,14174,263,194,4,198,1
2020-10-31,Monterey,053,433212,11866,11539,79,11618,93
2020-10-31,Napa,055,140530,2207,2040,6,2046,15
2020-10-31,Nevada,057,99092,690,644,16,660,9
2020-10-31,Orange,059,3164182,62388,59488,1884,61372,1473
2020-10-31,Placer,061,380077,4715,4374,19,4393,58
2020-10-31,Plumas,063,18699,95,85,0,85,0
2020-10-31,Riverside,065,2383286,70022,68178,528,68706,1319
2020-10-31,Sacramento,067,1510023,26996,26316,30,26346,507
2020-10-31,San Benito,069,59416,1474,1448,1,1449,15
2020-10-31,San Bernardino,071,2135413,67074,64016,203,64219,1157
2020-10-31,San Diego,073,3302833,59351,56769,1735,58504,891
2020-10-31,San Francisco,075,870044,12757,12438,51,12489,145
2020-10-31,San Joaquin,077,732212,22501,21918,266,22184,500
2020-10-31,San Luis Obispo,079,281455,4509,4285,34,4319,31
2020-10-31,San Mateo,081,765935,11762,11253,7,11260,160
2020-10-31,Santa Barbara,083,443738,10528,9957,86,10043,130
2020-10-31,Santa Clara,085,1922200,26230,24957,35,24992,379
2020-10-31,Santa Cruz,087,273765,3051,2895,37,2932,25
2020-10-31,Shasta,089,179085,2627,2122,22,2144,33
2020-10-31,Sierra,091,2930,7,6,0,6,0
2020-10-31,Siskiyou,093,43540,245,200,11,211,0
2020-10-31,Solano,095,438530,7882,7545,41,7586,84
2020-10-31,Sonoma,097,501317,10128,9648,33,9681,140
2020-10-31,Stanislaus,099,539301,18132,17920,865,18785,412
2020-10-31,Sutter,101,95872,1942,1876,1,1877,12
2020-10-31,Tehama,103,63373,1018,953,2,955,5
2020-10-31,Trinity,105,12862,65,30,6,36,0
2020-10-31,Tulare,107,460477,18246,17758,490,18248,299
2020-10-31,Tuolumne,109,53932,315,290,2,292,5
2020-10-31,Ventura,111,848112,15279,14635,367,15002,155
2020-10-31,Yolo,113,214977,3407,3290,9,3299,60
2020-10-31,Yuba,115,75493,1327,1260,5,1265,10
2020-10-30,Alameda,001,1643700,24348,23676,243,23919,401
2020-10-30,Alpine,003,1148,11,4,0,4,0
2020-10-30,Amador,005,37829,372,344,0,344,16
2020-10-30,Butte,007,227075,3288,3160,39,3199,57
2020-10-30,Calaveras,009,45235,349,279,0,279,18
2020-10-30,Colusa,011,21464,573,554,0,554,6
2020-10-30,Contra Costa,013,1133247,19655,19074,100,19174,249
2020-10-30,Del Norte,015,27424,187,175,0,175,2
2020-10-30,El Dorado,017,186661,1492,1386,3,1389,4
2020-10-30,Fresno,019,978130,34092,31409,506,31915,446
2020-10-30,Glenn,021,27897,704,674,2,676,3
2020-10-30,Humboldt,023,135768,590,561,1,562,7
2020-10-30,Imperial,025,180216,13226,12853,14,12867,334
2020-10-30,Inyo,027,18085,249,241,1,242,14
2020-10-30,Kern,029,883053,34546,33583,463,34046,437
2020-10-30,Kings,031,150075,8926,8564,63,8627,82
2020-10-30,Lake,033,64148,748,720,0,720,16
2020-10-30,Lassen,035,31185,786,777,2,779,0
2020-10-30,Los Angeles,037,10098052,310895,303425,3250,306675,7060
2020-10-30,Madera,039,155013,5181,4991,45,5036,54
2020-10-30,Marin,041,260295,7207,7097,19,7116,125
2020-10-30,Mariposa,043,17540,84,78,0,78,2
2020-10-30,Mendocino,045,87422,1117,1062,3,1065,21
2020-10-30,Merced,047,269075,9803,9539,38,9577,150
2020-10-30,Modoc,049,8938,51,34,3,37,0
2020-10-30,Mono,051,14174,262,193,4,197,1
2020-10-30,Monterey,053,433212,11804,11491,73,11564,92
2020-10-30,Napa,055,140530,2189,2028,6,2034,15
2020-10-30,Nevada,057,99092,684,634,16,650,9
2020-10-30,Orange,059,3164182,62147,59334,1871,61205,1469
2020-10-30,Placer,061,380077,4668,4335,19,4354,58
2020-10-30,Plumas,063,18699,92,80,0,80,0
2020-10-30,Riverside,065,2383286,69681,67752,508,68260,1317
2020-10-30,Sacramento,067,1510023,26849,26147,30,26177,505
2020-10-30,San Benito,069,59416,1468,1440,1,1441,15
2020-10-30,San Bernardino,071,2135413,66658,63512,202,63714,1156
2020-10-30,San Diego,073,3302833,58946,56387,1713,58100,888
2020-10-30,San Francisco,075,870044,12702,12384,51,12435,145
2020-10-30,San Joaquin,077,732212,22435,21849,259,22108,500
2020-10-30,San Luis Obispo,079,281455,4466,4256,34,4290,31
2020-10-30,San Mateo,081,765935,11703,11207,7,11214,159
2020-10-30,Santa Barbara,083,443738,10505,9937,86,10023,128
2020-10-30,Santa Clara,085,1922200,26081,24811,35,24846,378
2020-10-30,Santa Cruz,087,273765,3033,2874,37,2911,25
2020-10-30,Shasta,089,179085,2583,2048,21,2069,32
2020-10-30,Sierra,091,2930,7,6,0,6,0
2020-10-30,Siskiyou,093,43540,245,192,11,203,0
2020-10-30,Solano,095,438530,7821,7497,41,7538,84
2020-10-30,Sonoma,097,501317,10054,9602,32,9634,140
2020-10-30,Stanislaus,099,539301,18085,17861,848,18709,410
2020-10-30,Sutter,101,95872,1929,1860,1,1861,12
2020-10-30,Tehama,103,63373,1014,932,2,934,5
2020-10-30,Trinity,105,12862,65,29,6,35,0
2020-10-30,Tulare,107,460477,18203,17682,472,18154,299
2020-10-30,Tuolumne,109,53932,308,286,2,288,4
2020-10-30,Ventura,111,848112,15208,14578,352,14930,154
2020-10-30,Yolo,113,214977,3390,3263,9,3272,60
2020-10-30,Yuba,115,75493,1319,1256,5,1261,10
2020-10-29,Alameda,001,1643700,24185,23530,242,23772,401
2020-10-29,Alpine,003,1148,8,4,0,4,0
2020-10-29,Amador,005,37829,368,338,0,338,16
2020-10-29,Butte,007,227075,3270,3143,38,3181,57
2020-10-29,Calaveras,009,45235,347,278,0,278,13
2020-10-29,Colusa,011,21464,569,552,0,552,6
2020-10-29,Contra Costa,013,1133247,19556,18933,99,19032,249
2020-10-29,Del Norte,015,27424,185,174,0,174,2
2020-10-29,El Dorado,017,186661,1470,1370,3,1373,4
2020-10-29,Fresno,019,978130,33937,31321,498,31819,445
2020-10-29,Glenn,021,27897,702,673,2,675,3
2020-10-29,Humboldt,023,135768,585,559,1,560,7
2020-10-29,Imperial,025,180216,13182,12769,14,12783,334
2020-10-29,Inyo,027,18085,247,238,1,239,14
2020-10-29,Kern,029,883053,34444,33460,458,33918,437
2020-10-29,Kings,031,150075,8772,8502,62,8564,82
2020-10-29,Lake,033,64148,745,702,0,702,16
2020-10-29,Lassen,035,31185,785,772,2,774,0
2020-10-29,Los Angeles,037,10098052,309275,302246,3197,305443,7046
2020-10-29,Madera,039,155013,5152,4970,43,5013,53
2020-10-29,Marin,041,260295,7193,7083,19,7102,125
2020-10-29,Mariposa,043,17540,82,78,0,78,2
2020-10-29,Mendocino,045,87422,1111,1058,3,1061,21
2020-10-29,Merced,047,269075,9750,9496,38,9534,150
2020-10-29,Modoc,049,8938,49,31,3,34,0
2020-10-29,Mono,051,14174,255,176,4,180,1
2020-10-29,Monterey,053,433212,11723,11425,71,11496,92
2020-10-29,Napa,055,140530,2165,2009,6,2015,15
2020-10-29,Nevada,057,99092,677,632,16,648,9
2020-10-29,Orange,059,3164182,61879,59046,1851,60897,1464
2020-10-29,Placer,061,380077,4623,4270,17,4287,58
2020-10-29,Plumas,063,18699,90,69,0,69,0
2020-10-29,Riverside,065,2383286,69304,67268,479,67747,1304
2020-10-29,Sacramento,067,1510023,26637,25978,29,26007,507
2020-10-29,San Benito,069,59416,1463,1431,1,1432,15
2020-10-29,San Bernardino,071,2135413,66090,62968,192,63160,1150
2020-10-29,San Diego,073,3302833,58482,55916,1684,57600,885
2020-10-29,San Francisco,075,870044,12623,12312,51,12363,145
2020-10-29,San Joaquin,077,732212,22352,21736,246,21982,498
2020-10-29,San Luis Obispo,079,281455,4436,4223,32,4255,31
2020-10-29,San Mateo,081,765935,11657,11145,7,11152,157
2020-10-29,Santa Barbara,083,443738,10472,9902,84,9986,128
2020-10-29,Santa Clara,085,1922200,25929,24614,35,24649,377
2020-10-29,Santa Cruz,087,273765,3008,2850,37,2887,24
2020-10-29,Shasta,089,179085,2520,2008,21,2029,32
2020-10-29,Sierra,091,2930,6,6,0,6,0
2020-10-29,Siskiyou,093,43540,229,185,11,196,0
2020-10-29,Solano,095,438530,7758,7453,41,7494,78
2020-10-29,Sonoma,097,501317,9990,9533,32,9565,140
2020-10-29,Stanislaus,099,539301,18032,17790,826,18616,410
2020-10-29,Sutter,101,95872,1921,1852,1,1853,12
2020-10-29,Tehama,103,63373,996,925,2,927,5
2020-10-29,Trinity,105,12862,60,28,6,34,0
2020-10-29,Tulare,107,460477,18126,17627,452,18079,299
2020-10-29,Tuolumne,109,53932,303,279,2,281,4
2020-10-29,Ventura,111,848112,15118,14486,347,14833,154
2020-10-29,Yolo,113,214977,3361,3246,9,3255,60
2020-10-29,Yuba,115,75493,1308,1248,5,1253,10
2020-10-28,Alameda,001,1643700,24085,23468,241,23709,400
2020-10-28,Alpine,003,1148,7,4,0,4,0
2020-10-28,Amador,005,37829,365,337,0,337,16
2020-10-28,Butte,007,227075,3254,3134,35,3169,56
2020-10-28,Calaveras,009,45235,346,278,0,278,13
2020-10-28,Colusa,011,21464,566,551,0,551,6
2020-10-28,Contra Costa,013,1133247,19469,18828,98,18926,246
2020-10-28,Del Norte,015,27424,182,173,0,173,2
2020-10-28,El Dorado,017,186661,1458,1363,3,1366,4
2020-10-28,Fresno,019,978130,33818,31195,492,31687,444
2020-10-28,Glenn,021,27897,698,673,2,675,3
2020-10-28,Humboldt,023,135768,581,559,1,560,7
2020-10-28,Imperial,025,180216,13133,12730,14,12744,333
2020-10-28,Inyo,027,18085,247,238,1,239,14
2020-10-28,Kern,029,883053,34342,33424,439,33863,436
2020-10-28,Kings,031,150075,8750,8486,61,8547,82
2020-10-28,Lake,033,64148,742,700,0,700,15
2020-10-28,Lassen,035,31185,781,771,2,773,0
2020-10-28,Los Angeles,037,10098052,307817,300726,3155,303881,7031
2020-10-28,Madera,039,155013,5136,4954,42,4996,53
2020-10-28,Marin,041,260295,7182,7079,19,7098,126
2020-10-28,Mariposa,043,17540,82,78,0,78,2
2020-10-28,Mendocino,045,87422,1110,1037,3,1040,20
2020-10-28,Merced,047,269075,9724,9480,37,9517,150
2020-10-28,Modoc,049,8938,48,31,2,33,0
2020-10-28,Mono,051,14174,237,176,4,180,1
2020-10-28,Monterey,053,433212,11665,11330,69,11399,89
2020-10-28,Napa,055,140530,2139,1998,5,2003,15
2020-10-28,Nevada,057,99092,669,629,16,645,9
2020-10-28,Orange,059,3164182,61616,58801,1834,60635,1459
2020-10-28,Placer,061,380077,4567,4236,17,4253,57
2020-10-28,Plumas,063,18699,89,67,0,67,0
2020-10-28,Riverside,065,2383286,68906,67003,455,67458,1302
2020-10-28,Sacramento,067,1510023,26440,25838,28,25866,506
2020-10-28,San Benito,069,59416,1455,1429,1,1430,15
2020-10-28,San Bernardino,071,2135413,65631,62778,186,62964,1154
2020-10-28,San Diego,073,3302833,58099,55556,1655,57211,881
2020-10-28,San Francisco,075,870044,12565,12261,50,12311,145
2020-10-28,San Joaquin,077,732212,22269,21707,234,21941,498
2020-10-28,San Luis Obispo,079,281455,4395,4197,29,4226,31
2020-10-28,San Mateo,081,765935,11593,11101,7,11108,157
2020-10-28,Santa Barbara,083,443738,10448,9872,82,9954,127
2020-10-28,Santa Clara,085,1922200,25785,24503,35,24538,375
2020-10-28,Santa Cruz,087,273765,2977,2836,37,2873,24
2020-10-28,Shasta,089,179085,2440,1996,20,2016,31
2020-10-28,Sierra,091,2930,6,6,0,6,0
2020-10-28,Siskiyou,093,43540,226,182,10,192,0
2020-10-28,Solano,095,438530,7699,7362,41,7403,77
2020-10-28,Sonoma,097,501317,9899,9457,27,9484,140
2020-10-28,Stanislaus,099,539301,17967,17765,817,18582,409
2020-10-28,Sutter,101,95872,1912,1840,1,1841,12
2020-10-28,Tehama,103,63373,985,921,2,923,5
2020-10-28,Trinity,105,12862,55,28,6,34,0
2020-10-28,Tulare,107,460477,18070,17569,434,18003,297
2020-10-28,Tuolumne,109,53932,300,277,2,279,4
2020-10-28,Ventura,111,848112,15045,14409,338,14747,153
2020-10-28,Yolo,113,214977,3337,3230,9,3239,60
2020-10-28,Yuba,115,75493,1296,1245,5,1250,10
2020-10-27,Alameda,001,1643700,23974,23365,238,23603,400
2020-10-27,Alpine,003,1148,7,3,0,3,0
2020-10-27,Amador,005,37829,362,335,0,335,16
2020-10-27,Butte,007,227075,3238,3107,32,3139,56
2020-10-27,Calaveras,009,45235,344,277,0,277,13
2020-10-27,Colusa,011,21464,561,549,0,549,6
2020-10-27,Contra Costa,013,1133247,19364,18766,98,18864,246
2020-10-27,Del Norte,015,27424,179,173,0,173,2
2020-10-27,El Dorado,017,186661,1445,1351,3,1354,4
2020-10-27,Fresno,019,978130,33701,31096,487,31583,442
2020-10-27,Glenn,021,27897,696,667,1,668,3
2020-10-27,Humboldt,023,135768,578,559,1,560,7
2020-10-27,Imperial,025,180216,13084,12680,14,12694,333
2020-10-27,Inyo,027,18085,247,231,1,232,14
2020-10-27,Kern,029,883053,34225,33328,435,33763,436
2020-10-27,Kings,031,150075,8719,8411,61,8472,83
2020-10-27,Lake,033,64148,739,700,0,700,15
2020-10-27,Lassen,035,31185,779,764,2,766,0
2020-10-27,Los Angeles,037,10098052,306437,299438,3124,302562,7008
2020-10-27,Madera,039,155013,5106,4942,41,4983,53
2020-10-27,Marin,041,260295,7166,7070,19,7089,126
2020-10-27,Mariposa,043,17540,81,78,0,78,2
2020-10-27,Mendocino,045,87422,1103,1033,2,1035,20
2020-10-27,Merced,047,269075,9684,9449,37,9486,150
2020-10-27,Modoc,049,8938,46,31,2,33,0
2020-10-27,Mono,051,14174,223,169,4,173,1
2020-10-27,Monterey,053,433212,11609,11261,67,11328,88
2020-10-27,Napa,055,140530,2123,1979,5,1984,15
2020-10-27,Nevada,057,99092,663,622,16,638,8
2020-10-27,Orange,059,3164182,61346,58550,1817,60367,1448
2020-10-27,Placer,061,380077,4519,4197,15,4212,57
2020-10-27,Plumas,063,18699,86,63,0,63,0
2020-10-27,Riverside,065,2383286,68553,66699,410,67109,1299
2020-10-27,Sacramento,067,1510023,26254,25701,27,25728,501
2020-10-27,San Benito,069,59416,1450,1428,1,1429,15
2020-10-27,San Bernardino,071,2135413,65170,62357,175,62532,1154
2020-10-27,San Diego,073,3302833,57626,55226,1632,56858,877
2020-10-27,San Francisco,075,870044,12491,12218,49,12267,140
2020-10-27,San Joaquin,077,732212,22178,21637,225,21862,496
2020-10-27,San Luis Obispo,079,281455,4368,4148,25,4173,31
2020-10-27,San Mateo,081,765935,11544,11074,7,11081,156
2020-10-27,Santa Barbara,083,443738,10419,9874,81,9955,125
2020-10-27,Santa Clara,085,1922200,25643,24368,35,24403,367
2020-10-27,Santa Cruz,087,273765,2947,2815,36,2851,24
2020-10-27,Shasta,089,179085,2353,1962,20,1982,29
2020-10-27,Sierra,091,2930,6,6,0,6,0
2020-10-27,Siskiyou,093,43540,217,181,10,191,0
2020-10-27,Solano,095,438530,7630,7298,41,7339,77
2020-10-27,Sonoma,097,501317,9832,9389,27,9416,140
2020-10-27,Stanislaus,099,539301,17900,17720,809,18529,408
2020-10-27,Sutter,101,95872,1899,1832,1,1833,12
2020-10-27,Tehama,103,63373,971,913,2,915,5
2020-10-27,Trinity,105,12862,52,28,6,34,0
2020-10-27,Tulare,107,460477,18007,17520,411,17931,296
2020-10-27,Tuolumne,109,53932,296,275,2,277,4
2020-10-27,Ventura,111,848112,14962,14347,331,14678,153
2020-10-27,Yolo,113,214977,3323,3216,9,3225,58
2020-10-27,Yuba,115,75493,1283,1235,5,1240,10
2020-10-26,Alameda,001,1643700,23862,23284,237,23521,398
2020-10-26,Alpine,003,1148,5,3,0,3,0
2020-10-26,Amador,005,37829,358,331,0,331,16
2020-10-26,Butte,007,227075,3226,3095,30,3125,56
2020-10-26,Calaveras,009,45235,340,274,0,274,13
2020-10-26,Colusa,011,21464,559,548,0,548,6
2020-10-26,Contra Costa,013,1133247,19268,18718,97,18815,245
2020-10-26,Del Norte,015,27424,179,171,0,171,2
2020-10-26,El Dorado,017,186661,1431,1336,3,1339,4
2020-10-26,Fresno,019,978130,33589,30969,480,31449,441
2020-10-26,Glenn,021,27897,689,660,1,661,3
2020-10-26,Humboldt,023,135768,570,554,1,555,7
2020-10-26,Imperial,025,180216,13030,12654,11,12665,333
2020-10-26,Inyo,027,18085,247,226,1,227,14
2020-10-26,Kern,029,883053,34141,33233,430,33663,432
2020-10-26,Kings,031,150075,8697,8264,59,8323,82
2020-10-26,Lake,033,64148,737,697,0,697,15
2020-10-26,Lassen,035,31185,776,764,2,766,0
2020-10-26,Los Angeles,037,10098052,305012,297961,3081,301042,6979
2020-10-26,Madera,039,155013,5085,4922,40,4962,53
2020-10-26,Marin,041,260295,7160,7064,18,7082,104
2020-10-26,Mariposa,043,17540,81,77,0,77,2
2020-10-26,Mendocino,045,87422,1095,1026,2,1028,20
2020-10-26,Merced,047,269075,9637,9375,36,9411,150
2020-10-26,Modoc,049,8938,44,28,0,28,0
2020-10-26,Mono,051,14174,217,167,4,171,1
2020-10-26,Monterey,053,433212,11559,11207,63,11270,87
2020-10-26,Napa,055,140530,2091,1966,5,1971,14
2020-10-26,Nevada,057,99092,656,618,16,634,8
2020-10-26,Orange,059,3164182,61143,58377,1797,60174,1442
2020-10-26,Placer,061,380077,4476,4161,14,4175,57
2020-10-26,Plumas,063,18699,84,63,0,63,0
2020-10-26,Riverside,065,2383286,68099,66475,386,66861,1294
2020-10-26,Sacramento,067,1510023,26071,25555,25,25580,496
2020-10-26,San Benito,069,59416,1442,1424,1,1425,15
2020-10-26,San Bernardino,071,2135413,64699,61871,172,62043,1153
2020-10-26,San Diego,073,3302833,57235,54957,1594,56551,870
2020-10-26,San Francisco,075,870044,12431,12072,49,12121,138
2020-10-26,San Joaquin,077,732212,22095,21459,219,21678,495
2020-10-26,San Luis Obispo,079,281455,4343,4133,25,4158,31
2020-10-26,San Mateo,081,765935,11500,11037,7,11044,156
2020-10-26,Santa Barbara,083,443738,10396,9827,81,9908,122
2020-10-26,Santa Clara,085,1922200,25453,24258,34,24292,365
2020-10-26,Santa Cruz,087,273765,2921,2808,36,2844,24
2020-10-26,Shasta,089,179085,2300,1889,20,1909,29
2020-10-26,Sierra,091,2930,6,6,0,6,0
2020-10-26,Siskiyou,093,43540,209,179,10,189,0
2020-10-26,Solano,095,438530,7550,7271,41,7312,62
2020-10-26,Sonoma,097,501317,9752,9315,27,9342,140
2020-10-26,Stanislaus,099,539301,17850,17666,799,18465,400
2020-10-26,Sutter,101,95872,1891,1817,1,1818,12
2020-10-26,Tehama,103,63373,951,892,2,894,5
2020-10-26,Trinity,105,12862,51,26,6,32,0
2020-10-26,Tulare,107,460477,17930,17432,388,17820,296
2020-10-26,Tuolumne,109,53932,287,271,2,273,4
2020-10-26,Ventura,111,848112,14892,14330,328,14658,154
2020-10-26,Yolo,113,214977,3303,3206,9,3215,58
2020-10-26,Yuba,115,75493,1267,1226,5,1231,10
2020-10-25,Alameda,001,1643700,23756,23192,237,23429,398
2020-10-25,Alpine,003,1148,4,3,0,3,0
2020-10-25,Amador,005,37829,347,330,0,330,16
2020-10-25,Butte,007,227075,3207,3087,30,3117,56
2020-10-25,Calaveras,009,45235,339,274,0,274,13
2020-10-25,Colusa,011,21464,555,548,0,548,6
2020-10-25,Contra Costa,013,1133247,19167,18640,97,18737,245
2020-10-25,Del Norte,015,27424,175,171,0,171,2
2020-10-25,El Dorado,017,186661,1416,1328,3,1331,4
2020-10-25,Fresno,019,978130,33460,30858,469,31327,441
2020-10-25,Glenn,021,27897,686,652,1,653,3
2020-10-25,Humboldt,023,135768,567,554,1,555,7
2020-10-25,Imperial,025,180216,12980,12572,11,12583,333
2020-10-25,Inyo,027,18085,244,226,1,227,14
2020-10-25,Kern,029,883053,34034,33185,426,33611,432
2020-10-25,Kings,031,150075,8664,8246,57,8303,82
2020-10-25,Lake,033,64148,720,695,0,695,15
2020-10-25,Lassen,035,31185,773,764,2,766,0
2020-10-25,Los Angeles,037,10098052,303441,297110,3041,300151,6973
2020-10-25,Madera,039,155013,5055,4909,35,4944,53
2020-10-25,Marin,041,260295,7150,7052,18,7070,102
2020-10-25,Mariposa,043,17540,81,77,0,77,2
2020-10-25,Mendocino,045,87422,1088,1024,2,1026,20
2020-10-25,Merced,047,269075,9572,9352,34,9386,150
2020-10-25,Modoc,049,8938,39,28,0,28,0
2020-10-25,Mono,051,14174,209,167,4,171,1
2020-10-25,Monterey,053,433212,11476,11182,58,11240,87
2020-10-25,Napa,055,140530,2061,1962,5,1967,14
2020-10-25,Nevada,057,99092,648,616,16,632,8
2020-10-25,Orange,059,3164182,60854,58185,1787,59972,1443
2020-10-25,Placer,061,380077,4424,4140,14,4154,57
2020-10-25,Plumas,063,18699,84,63,0,63,0
2020-10-25,Riverside,065,2383286,67647,66192,370,66562,1289
2020-10-25,Sacramento,067,1510023,25856,25445,22,25467,496
2020-10-25,San Benito,069,59416,1435,1423,1,1424,15
2020-10-25,San Bernardino,071,2135413,64160,61551,163,61714,1153
2020-10-25,San Diego,073,3302833,56772,54599,1562,56161,870
2020-10-25,San Francisco,075,870044,12358,12072,49,12121,137
2020-10-25,San Joaquin,077,732212,21988,21459,210,21669,495
2020-10-25,San Luis Obispo,079,281455,4301,4126,23,4149,31
2020-10-25,San Mateo,081,765935,11455,10987,7,10994,156
2020-10-25,Santa Barbara,083,443738,10376,9814,81,9895,122
2020-10-25,Santa Clara,085,1922200,25266,24087,34,24121,365
2020-10-25,Santa Cruz,087,273765,2894,2789,36,2825,24
2020-10-25,Shasta,089,179085,2236,1889,20,1909,29
2020-10-25,Sierra,091,2930,6,6,0,6,0
2020-10-25,Siskiyou,093,43540,206,176,10,186,0
2020-10-25,Solano,095,438530,7473,7197,41,7238,60
2020-10-25,Sonoma,097,501317,9659,9235,26,9261,140
2020-10-25,Stanislaus,099,539301,17793,17641,789,18430,400
2020-10-25,Sutter,101,95872,1873,1811,1,1812,12
2020-10-25,Tehama,103,63373,934,880,2,882,5
2020-10-25,Trinity,105,12862,47,26,6,32,0
2020-10-25,Tulare,107,460477,17858,17431,378,17809,296
2020-10-25,Tuolumne,109,53932,282,271,2,273,4
2020-10-25,Ventura,111,848112,14799,14300,322,14622,154
2020-10-25,Yolo,113,214977,3282,3190,9,3199,58
2020-10-25,Yuba,115,75493,1259,1219,5,1224,10
2020-10-24,Alameda,001,1643700,23686,23099,234,23333,398
2020-10-24,Alpine,003,1148,4,3,0,3,0
2020-10-24,Amador,005,37829,346,328,0,328,16
2020-10-24,Butte,007,227075,3198,3078,30,3108,56
2020-10-24,Calaveras,009,45235,337,274,0,274,13
2020-10-24,Colusa,011,21464,550,548,0,548,6
2020-10-24,Contra Costa,013,1133247,19100,18567,97,18664,244
2020-10-24,Del Norte,015,27424,174,171,0,171,2
2020-10-24,El Dorado,017,186661,1400,1317,3,1320,4
2020-10-24,Fresno,019,978130,33399,30752,465,31217,441
2020-10-24,Glenn,021,27897,683,650,1,651,3
2020-10-24,Humboldt,023,135768,565,553,1,554,7
2020-10-24,Imperial,025,180216,12953,12469,11,12480,333
2020-10-24,Inyo,027,18085,244,226,1,227,14
2020-10-24,Kern,029,883053,33976,33105,421,33526,432
2020-10-24,Kings,031,150075,8654,8228,56,8284,82
2020-10-24,Lake,033,64148,715,696,0,696,15
2020-10-24,Lassen,035,31185,772,764,2,766,0
2020-10-24,Los Angeles,037,10098052,302624,296323,3017,299340,6969
2020-10-24,Madera,039,155013,5042,4898,34,4932,53
2020-10-24,Marin,041,260295,7141,7042,18,7060,102
2020-10-24,Mariposa,043,17540,81,77,0,77,2
2020-10-24,Mendocino,045,87422,1076,1022,2,1024,20
2020-10-24,Merced,047,269075,9548,9351,34,9385,150
2020-10-24,Modoc,049,8938,38,28,0,28,0
2020-10-24,Mono,051,14174,195,167,4,171,1
2020-10-24,Monterey,053,433212,11409,11153,57,11210,87
2020-10-24,Napa,055,140530,2044,1957,5,1962,14
2020-10-24,Nevada,057,99092,644,608,16,624,8
2020-10-24,Orange,059,3164182,60701,57928,1776,59704,1441
2020-10-24,Placer,061,380077,4394,4093,14,4107,57
2020-10-24,Plumas,063,18699,78,63,0,63,0
2020-10-24,Riverside,065,2383286,67438,65902,356,66258,1288
2020-10-24,Sacramento,067,1510023,25775,25372,22,25394,496
2020-10-24,San Benito,069,59416,1430,1417,1,1418,15
2020-10-24,San Bernardino,071,2135413,63920,61351,155,61506,1153
2020-10-24,San Diego,073,3302833,56495,54330,1549,55879,868
2020-10-24,San Francisco,075,870044,12300,12073,48,12121,137
2020-10-24,San Joaquin,077,732212,21936,21458,205,21663,495
2020-10-24,San Luis Obispo,079,281455,4276,4119,22,4141,31
2020-10-24,San Mateo,081,765935,11416,10942,7,10949,155
2020-10-24,Santa Barbara,083,443738,10359,9781,81,9862,122
2020-10-24,Santa Clara,085,1922200,25179,23978,34,24012,365
2020-10-24,Santa Cruz,087,273765,2875,2775,36,2811,24
2020-10-24,Shasta,089,179085,2191,1878,20,1898,29
2020-10-24,Sierra,091,2930,6,6,0,6,0
2020-10-24,Siskiyou,093,43540,205,174,10,184,0
2020-10-24,Solano,095,438530,7420,7189,41,7230,60
2020-10-24,Sonoma,097,501317,9625,9179,26,9205,140
2020-10-24,Stanislaus,099,539301,17749,17574,773,18347,400
2020-10-24,Sutter,101,95872,1864,1804,1,1805,12
2020-10-24,Tehama,103,63373,926,872,2,874,5
2020-10-24,Trinity,105,12862,47,25,6,31,0
2020-10-24,Tulare,107,460477,17836,17406,366,17772,295
2020-10-24,Tuolumne,109,53932,279,269,2,271,4
2020-10-24,Ventura,111,848112,14746,14240,321,14561,154
2020-10-24,Yolo,113,214977,3271,3164,9,3173,57
2020-10-24,Yuba,115,75493,1256,1210,5,1215,10
2020-10-23,Alameda,001,1643700,23614,23047,232,23279,393
2020-10-23,Alpine,003,1148,4,3,0,3,0
2020-10-23,Amador,005,37829,345,324,0,324,16
2020-10-23,Butte,007,227075,3189,3059,30,3089,55
2020-10-23,Calaveras,009,45235,336,273,0,273,13
2020-10-23,Colusa,011,21464,550,547,0,547,6
2020-10-23,Contra Costa,013,1133247,19029,18483,96,18579,244
2020-10-23,Del Norte,015,27424,174,171,0,171,2
2020-10-23,El Dorado,017,186661,1391,1310,3,1313,4
2020-10-23,Fresno,019,978130,33332,30590,461,31051,441
2020-10-23,Glenn,021,27897,680,644,1,645,3
2020-10-23,Humboldt,023,135768,563,553,1,554,7
2020-10-23,Imperial,025,180216,12922,12398,11,12409,333
2020-10-23,Inyo,027,18085,243,226,1,227,14
2020-10-23,Kern,029,883053,33908,33077,416,33493,431
2020-10-23,Kings,031,150075,8645,8218,56,8274,82
2020-10-23,Lake,033,64148,713,689,0,689,15
2020-10-23,Lassen,035,31185,771,764,2,766,0
2020-10-23,Los Angeles,037,10098052,301545,294287,2986,297273,6956
2020-10-23,Madera,039,155013,5037,4888,34,4922,53
2020-10-23,Marin,041,260295,7128,7029,18,7047,102
2020-10-23,Mariposa,043,17540,81,77,0,77,2
2020-10-23,Mendocino,045,87422,1073,1019,2,1021,20
2020-10-23,Merced,047,269075,9534,9327,34,9361,149
2020-10-23,Modoc,049,8938,38,28,0,28,0
2020-10-23,Mono,051,14174,194,159,4,163,1
2020-10-23,Monterey,053,433212,11362,11099,53,11152,86
2020-10-23,Napa,055,140530,2036,1942,5,1947,14
2020-10-23,Nevada,057,99092,641,604,16,620,8
2020-10-23,Orange,059,3164182,60530,57595,1761,59356,1430
2020-10-23,Placer,061,380077,4348,4073,14,4087,57
2020-10-23,Plumas,063,18699,75,63,0,63,0
2020-10-23,Riverside,065,2383286,67199,65512,348,65860,1279
2020-10-23,Sacramento,067,1510023,25668,25224,22,25246,496
2020-10-23,San Benito,069,59416,1428,1412,1,1413,15
2020-10-23,San Bernardino,071,2135413,63636,60854,145,60999,1150
2020-10-23,San Diego,073,3302833,56189,53944,1522,55466,867
2020-10-23,San Francisco,075,870044,12269,12015,48,12063,137
2020-10-23,San Joaquin,077,732212,21880,21361,199,21560,495
2020-10-23,San Luis Obispo,079,281455,4250,4102,22,4124,31
2020-10-23,San Mateo,081,765935,11367,10872,7,10879,155
2020-10-23,Santa Barbara,083,443738,10343,9751,81,9832,121
2020-10-23,Santa Clara,085,1922200,25077,23822,34,23856,364
2020-10-23,Santa Cruz,087,273765,2861,2757,36,2793,24
2020-10-23,Shasta,089,179085,2155,1846,19,1865,29
2020-10-23,Sierra,091,2930,6,6,0,6,0
2020-10-23,Siskiyou,093,43540,201,172,10,182,0
2020-10-23,Solano,095,438530,7389,7174,41,7215,59
2020-10-23,Sonoma,097,501317,9569,9112,26,9138,139
2020-10-23,Stanislaus,099,539301,17712,17496,765,18261,395
2020-10-23,Sutter,101,95872,1857,1797,1,1798,12
2020-10-23,Tehama,103,63373,917,862,2,864,5
2020-10-23,Trinity,105,12862,47,26,6,32,0
2020-10-23,Tulare,107,460477,17791,17334,354,17688,295
2020-10-23,Tuolumne,109,53932,277,254,2,256,4
2020-10-23,Ventura,111,848112,14717,14192,321,14513,155
2020-10-23,Yolo,113,214977,3258,3140,9,3149,57
2020-10-23,Yuba,115,75493,1252,1206,5,1211,10
2020-10-22,Alameda,001,1643700,23513,22915,232,23147,393
2020-10-22,Alpine,003,1148,4,3,0,3,0
2020-10-22,Amador,005,37829,341,317,0,317,16
2020-10-22,Butte,007,227075,3179,3046,28,3074,55
2020-10-22,Calaveras,009,45235,333,273,0,273,13
2020-10-22,Colusa,011,21464,550,547,0,547,6
2020-10-22,Contra Costa,013,1133247,18957,18393,96,18489,243
2020-10-22,Del Norte,015,27424,173,168,0,168,2
2020-10-22,El Dorado,017,186661,1381,1308,3,1311,4
2020-10-22,Fresno,019,978130,33223,30471,453,30924,438
2020-10-22,Glenn,021,27897,673,643,1,644,3
2020-10-22,Humboldt,023,135768,562,548,1,549,7
2020-10-22,Imperial,025,180216,12869,12311,11,12322,333
2020-10-22,Inyo,027,18085,240,220,1,221,14
2020-10-22,Kern,029,883053,33827,32991,413,33404,431
2020-10-22,Kings,031,150075,8394,8201,56,8257,82
2020-10-22,Lake,033,64148,709,678,0,678,15
2020-10-22,Lassen,035,31185,768,764,2,766,0
2020-10-22,Los Angeles,037,10098052,300172,291599,2926,294525,6935
2020-10-22,Madera,039,155013,5016,4847,34,4881,52
2020-10-22,Marin,041,260295,7122,7014,18,7032,102
2020-10-22,Mariposa,043,17540,81,77,0,77,2
2020-10-22,Mendocino,045,87422,1068,1016,2,1018,20
2020-10-22,Merced,047,269075,9506,9323,34,9357,149
2020-10-22,Modoc,049,8938,34,26,0,26,0
2020-10-22,Mono,051,14174,189,156,4,160,1
2020-10-22,Monterey,053,433212,11303,11059,50,11109,84
2020-10-22,Napa,055,140530,2021,1928,5,1933,14
2020-10-22,Nevada,057,99092,635,600,16,616,8
2020-10-22,Orange,059,3164182,60316,57418,1744,59162,1422
2020-10-22,Placer,061,380077,4298,4036,14,4050,57
2020-10-22,Plumas,063,18699,72,62,0,62,0
2020-10-22,Riverside,065,2383286,66865,65104,328,65432,1279
2020-10-22,Sacramento,067,1510023,25531,25054,22,25076,492
2020-10-22,San Benito,069,59416,1424,1403,1,1404,15
2020-10-22,San Bernardino,071,2135413,63236,60402,130,60532,1149
2020-10-22,San Diego,073,3302833,55804,53514,1503,55017,866
2020-10-22,San Francisco,075,870044,12211,11991,46,12037,137
2020-10-22,San Joaquin,077,732212,21807,21282,193,21475,495
2020-10-22,San Luis Obispo,079,281455,4234,4081,22,4103,31
2020-10-22,San Mateo,081,765935,11311,10796,7,10803,155
2020-10-22,Santa Barbara,083,443738,10309,9710,79,9789,120
2020-10-22,Santa Clara,085,1922200,24922,23621,34,23655,363
2020-10-22,Santa Cruz,087,273765,2843,2738,35,2773,24
2020-10-22,Shasta,089,179085,2109,1799,19,1818,29
2020-10-22,Sierra,091,2930,6,6,0,6,0
2020-10-22,Siskiyou,093,43540,201,169,10,179,0
2020-10-22,Solano,095,438530,7343,7116,41,7157,59
2020-10-22,Sonoma,097,501317,9503,9052,25,9077,139
2020-10-22,Stanislaus,099,539301,17659,17440,752,18192,395
2020-10-22,Sutter,101,95872,1843,1794,1,1795,12
2020-10-22,Tehama,103,63373,906,852,2,854,5
2020-10-22,Trinity,105,12862,46,26,6,32,0
2020-10-22,Tulare,107,460477,17725,17265,341,17606,293
2020-10-22,Tuolumne,109,53932,275,252,2,254,4
2020-10-22,Ventura,111,848112,14670,14124,319,14443,154
2020-10-22,Yolo,113,214977,3246,3116,9,3125,58
2020-10-22,Yuba,115,75493,1245,1199,5,1204,10
2020-10-21,Alameda,001,1643700,23424,22853,230,23083,392
2020-10-21,Alpine,003,1148,4,3,0,3,0
2020-10-21,Amador,005,37829,336,313,0,313,16
2020-10-21,Butte,007,227075,3167,3041,28,3069,55
2020-10-21,Calaveras,009,45235,332,272,0,272,13
2020-10-21,Colusa,011,21464,550,546,0,546,6
2020-10-21,Contra Costa,013,1133247,18883,18299,96,18395,243
2020-10-21,Del Norte,015,27424,173,169,0,169,2
2020-10-21,El Dorado,017,186661,1369,1305,2,1307,4
2020-10-21,Fresno,019,978130,33127,30328,451,30779,433
2020-10-21,Glenn,021,27897,668,640,1,641,3
2020-10-21,Humboldt,023,135768,561,548,1,549,7
2020-10-21,Imperial,025,180216,12812,12210,11,12221,331
2020-10-21,Inyo,027,18085,236,220,1,221,14
2020-10-21,Kern,029,883053,33753,32956,411,33367,430
2020-10-21,Kings,031,150075,8367,8186,56,8242,80
2020-10-21,Lake,033,64148,708,676,0,676,15
2020-10-21,Lassen,035,31185,767,764,2,766,0
2020-10-21,Los Angeles,037,10098052,298836,288096,2883,290979,6923
2020-10-21,Madera,039,155013,4991,4831,34,4865,52
2020-10-21,Marin,041,260295,7113,7002,18,7020,102
2020-10-21,Mariposa,043,17540,81,77,0,77,2
2020-10-21,Mendocino,045,87422,1066,1011,2,1013,21
2020-10-21,Merced,047,269075,9482,9319,32,9351,149
2020-10-21,Modoc,049,8938,33,26,0,26,0
2020-10-21,Mono,051,14174,187,156,4,160,1
2020-10-21,Monterey,053,433212,11265,11005,49,11054,83
2020-10-21,Napa,055,140530,2005,1918,5,1923,13
2020-10-21,Nevada,057,99092,629,597,16,613,8
2020-10-21,Orange,059,3164182,60104,57189,1733,58922,1409
2020-10-21,Placer,061,380077,4262,4007,14,4021,56
2020-10-21,Plumas,063,18699,69,58,0,58,0
2020-10-21,Riverside,065,2383286,66571,64778,302,65080,1278
2020-10-21,Sacramento,067,1510023,25340,24908,22,24930,490
2020-10-21,San Benito,069,59416,1423,1401,1,1402,14
2020-10-21,San Bernardino,071,2135413,62829,59948,123,60071,1141
2020-10-21,San Diego,073,3302833,55452,53279,1475,54754,863
2020-10-21,San Francisco,075,870044,12162,11976,45,12021,137
2020-10-21,San Joaquin,077,732212,21731,21201,187,21388,495
2020-10-21,San Luis Obispo,079,281455,4220,4055,20,4075,31
2020-10-21,San Mateo,081,765935,11262,10730,7,10737,155
2020-10-21,Santa Barbara,083,443738,10291,9681,78,9759,121
2020-10-21,Santa Clara,085,1922200,24797,23537,34,23571,361
2020-10-21,Santa Cruz,087,273765,2820,2729,35,2764,24
2020-10-21,Shasta,089,179085,2072,1777,19,1796,27
2020-10-21,Sierra,091,2930,6,6,0,6,0
2020-10-21,Siskiyou,093,43540,197,169,10,179,0
2020-10-21,Solano,095,438530,7298,7088,41,7129,59
2020-10-21,Sonoma,097,501317,9423,8987,25,9012,138
2020-10-21,Stanislaus,099,539301,17610,17419,743,18162,392
2020-10-21,Sutter,101,95872,1828,1786,1,1787,12
2020-10-21,Tehama,103,63373,890,824,2,826,5
2020-10-21,Trinity,105,12862,43,25,6,31,0
2020-10-21,Tulare,107,460477,17689,17204,327,17531,292
2020-10-21,Tuolumne,109,53932,274,251,2,253,4
2020-10-21,Ventura,111,848112,14607,14050,316,14366,153
2020-10-21,Yolo,113,214977,3227,3095,9,3104,58
2020-10-21,Yuba,115,75493,1236,1194,5,1199,10
2020-10-20,Alameda,001,1643700,23321,22750,226,22976,391
2020-10-20,Alpine,003,1148,4,3,0,3,0
2020-10-20,Amador,005,37829,335,313,0,313,16
2020-10-20,Butte,007,227075,3155,3027,28,3055,56
2020-10-20,Calaveras,009,45235,331,273,0,273,13
2020-10-20,Colusa,011,21464,547,546,0,546,6
2020-10-20,Contra Costa,013,1133247,18791,18246,96,18342,241
2020-10-20,Del Norte,015,27424,172,169,0,169,2
2020-10-20,El Dorado,017,186661,1363,1295,2,1297,4
2020-10-20,Fresno,019,978130,33024,30220,445,30665,431
2020-10-20,Glenn,021,27897,663,638,1,639,3
2020-10-20,Humboldt,023,135768,557,545,1,546,7
2020-10-20,Imperial,025,180216,12743,12114,11,12125,330
2020-10-20,Inyo,027,18085,236,218,1,219,14
2020-10-20,Kern,029,883053,33678,32889,398,33287,429
2020-10-20,Kings,031,150075,8349,8178,55,8233,80
2020-10-20,Lake,033,64148,706,675,0,675,15
2020-10-20,Lassen,035,31185,766,757,2,759,0
2020-10-20,Los Angeles,037,10098052,297348,287727,2830,290557,6891
2020-10-20,Madera,039,155013,4974,4823,34,4857,52
2020-10-20,Marin,041,260295,7098,6994,18,7012,101
2020-10-20,Mariposa,043,17540,80,77,0,77,2
2020-10-20,Mendocino,045,87422,1064,1004,2,1006,21
2020-10-20,Merced,047,269075,9460,9323,32,9355,149
2020-10-20,Modoc,049,8938,32,26,0,26,0
2020-10-20,Mono,051,14174,187,156,4,160,1
2020-10-20,Monterey,053,433212,11222,10942,46,10988,81
2020-10-20,Napa,055,140530,1986,1912,5,1917,13
2020-10-20,Nevada,057,99092,620,596,16,612,8
2020-10-20,Orange,059,3164182,59840,56914,1724,58638,1397
2020-10-20,Placer,061,380077,4224,3997,14,4011,56
2020-10-20,Plumas,063,18699,66,53,0,53,0
2020-10-20,Riverside,065,2383286,66190,64452,290,64742,1275
2020-10-20,Sacramento,067,1510023,25214,24767,21,24788,485
2020-10-20,San Benito,069,59416,1420,1398,1,1399,14
2020-10-20,San Bernardino,071,2135413,62451,59571,118,59689,1109
2020-10-20,San Diego,073,3302833,55116,53004,1455,54459,857
2020-10-20,San Francisco,075,870044,12115,12013,44,12057,126
2020-10-20,San Joaquin,077,732212,21653,21173,176,21349,490
2020-10-20,San Luis Obispo,079,281455,4202,4043,19,4062,31
2020-10-20,San Mateo,081,765935,11216,10659,7,10666,155
2020-10-20,Santa Barbara,083,443738,10262,9664,76,9740,121
2020-10-20,Santa Clara,085,1922200,24660,23406,34,23440,358
2020-10-20,Santa Cruz,087,273765,2797,2710,35,2745,23
2020-10-20,Shasta,089,179085,2049,1747,19,1766,20
2020-10-20,Sierra,091,2930,6,6,0,6,0
2020-10-20,Siskiyou,093,43540,189,168,10,178,0
2020-10-20,Solano,095,438530,7249,7044,41,7085,57
2020-10-20,Sonoma,097,501317,9360,8904,23,8927,135
2020-10-20,Stanislaus,099,539301,17556,17367,739,18106,393
2020-10-20,Sutter,101,95872,1819,1783,1,1784,12
2020-10-20,Tehama,103,63373,875,813,2,815,5
2020-10-20,Trinity,105,12862,42,25,6,31,0
2020-10-20,Tulare,107,460477,17623,17156,321,17477,289
2020-10-20,Tuolumne,109,53932,272,250,2,252,4
2020-10-20,Ventura,111,848112,14543,13980,314,14294,152
2020-10-20,Yolo,113,214977,3204,3083,9,3092,56
2020-10-20,Yuba,115,75493,1226,1191,5,1196,10
2020-10-19,Alameda,001,1643700,23212,22647,225,22872,392
2020-10-19,Alpine,003,1148,4,3,0,3,0
2020-10-19,Amador,005,37829,329,313,0,313,16
2020-10-19,Butte,007,227075,3144,3026,28,3054,55
2020-10-19,Calaveras,009,45235,330,268,0,268,13
2020-10-19,Colusa,011,21464,547,544,0,544,6
2020-10-19,Contra Costa,013,1133247,18693,18173,96,18269,239
2020-10-19,Del Norte,015,27424,169,167,0,167,2
2020-10-19,El Dorado,017,186661,1342,1287,2,1289,4
2020-10-19,Fresno,019,978130,32916,30152,439,30591,431
2020-10-19,Glenn,021,27897,658,635,0,635,3
2020-10-19,Humboldt,023,135768,557,543,1,544,7
2020-10-19,Imperial,025,180216,12689,12036,10,12046,330
2020-10-19,Inyo,027,18085,235,218,1,219,14
2020-10-19,Kern,029,883053,33603,32840,395,33235,428
2020-10-19,Kings,031,150075,8331,8173,55,8228,80
2020-10-19,Lake,033,64148,703,673,0,673,15
2020-10-19,Lassen,035,31185,765,757,2,759,0
2020-10-19,Los Angeles,037,10098052,295866,287119,2790,289909,6858
2020-10-19,Madera,039,155013,4959,4787,34,4821,52
2020-10-19,Marin,041,260295,7080,6981,18,6999,100
2020-10-19,Mariposa,043,17540,80,77,0,77,2
2020-10-19,Mendocino,045,87422,1059,1001,2,1003,21
2020-10-19,Merced,047,269075,9436,9305,27,9332,148
2020-10-19,Modoc,049,8938,31,26,0,26,0
2020-10-19,Mono,051,14174,182,156,4,160,1
2020-10-19,Monterey,053,433212,11161,10907,46,10953,80
2020-10-19,Napa,055,140530,1972,1892,5,1897,12
2020-10-19,Nevada,057,99092,617,590,16,606,8
2020-10-19,Orange,059,3164182,59555,56652,1710,58362,1396
2020-10-19,Placer,061,380077,4176,3962,14,3976,49
2020-10-19,Plumas,063,18699,64,52,0,52,0
2020-10-19,Riverside,065,2383286,65760,64016,273,64289,1272
2020-10-19,Sacramento,067,1510023,25075,24542,21,24563,483
2020-10-19,San Benito,069,59416,1413,1395,1,1396,14
2020-10-19,San Bernardino,071,2135413,62002,59265,110,59375,1100
2020-10-19,San Diego,073,3302833,54730,52739,1429,54168,853
2020-10-19,San Francisco,075,870044,12071,11879,44,11923,126
2020-10-19,San Joaquin,077,732212,21578,20930,168,21098,489
2020-10-19,San Luis Obispo,079,281455,4186,4016,19,4035,31
2020-10-19,San Mateo,081,765935,11170,10568,7,10575,154
2020-10-19,Santa Barbara,083,443738,10227,9632,76,9708,121
2020-10-19,Santa Clara,085,1922200,24509,23301,34,23335,352
2020-10-19,Santa Cruz,087,273765,2780,2705,35,2740,19
2020-10-19,Shasta,089,179085,2005,1709,18,1727,20
2020-10-19,Sierra,091,2930,6,6,0,6,0
2020-10-19,Siskiyou,093,43540,182,167,10,177,0
2020-10-19,Solano,095,438530,7208,7003,41,7044,57
2020-10-19,Sonoma,097,501317,9273,8830,23,8853,135
2020-10-19,Stanislaus,099,539301,17504,17342,729,18071,390
2020-10-19,Sutter,101,95872,1814,1773,1,1774,12
2020-10-19,Tehama,103,63373,872,793,2,795,5
2020-10-19,Trinity,105,12862,40,23,6,29,0
2020-10-19,Tulare,107,460477,17574,17047,313,17360,291
2020-10-19,Tuolumne,109,53932,270,247,2,249,4
2020-10-19,Ventura,111,848112,14477,13930,311,14241,152
2020-10-19,Yolo,113,214977,3191,3069,9,3078,56
2020-10-19,Yuba,115,75493,1219,1183,5,1188,10
2020-10-18,Alameda,001,1643700,23108,22546,224,22770,392
2020-10-18,Alpine,003,1148,4,3,0,3,0
2020-10-18,Amador,005,37829,317,313,0,313,16
2020-10-18,Butte,007,227075,3131,3019,28,3047,55
2020-10-18,Calaveras,009,45235,329,267,0,267,13
2020-10-18,Colusa,011,21464,545,544,0,544,6
2020-10-18,Contra Costa,013,1133247,18594,18120,96,18216,237
2020-10-18,Del Norte,015,27424,169,167,0,167,2
2020-10-18,El Dorado,017,186661,1333,1283,2,1285,4
2020-10-18,Fresno,019,978130,32792,30051,431,30482,430
2020-10-18,Glenn,021,27897,656,634,0,634,3
2020-10-18,Humboldt,023,135768,554,540,1,541,7
2020-10-18,Imperial,025,180216,12627,11987,9,11996,330
2020-10-18,Inyo,027,18085,232,215,1,216,14
2020-10-18,Kern,029,883053,33530,32799,388,33187,428
2020-10-18,Kings,031,150075,8316,8159,55,8214,80
2020-10-18,Lake,033,64148,696,670,0,670,15
2020-10-18,Lassen,035,31185,765,757,2,759,0
2020-10-18,Los Angeles,037,10098052,294162,286187,2742,288929,6857
2020-10-18,Madera,039,155013,4934,4770,33,4803,52
2020-10-18,Marin,041,260295,7059,6969,18,6987,99
2020-10-18,Mariposa,043,17540,80,77,0,77,2
2020-10-18,Mendocino,045,87422,1057,988,2,990,21
2020-10-18,Merced,047,269075,9401,9292,27,9319,148
2020-10-18,Modoc,049,8938,30,26,0,26,0
2020-10-18,Mono,051,14174,177,155,4,159,1
2020-10-18,Monterey,053,433212,11109,10872,46,10918,80
2020-10-18,Napa,055,140530,1959,1882,5,1887,12
2020-10-18,Nevada,057,99092,611,582,16,598,8
2020-10-18,Orange,059,3164182,59256,56394,1694,58088,1396
2020-10-18,Placer,061,380077,4128,3938,14,3952,49
2020-10-18,Plumas,063,18699,62,52,0,52,0
2020-10-18,Riverside,065,2383286,65450,63765,250,64015,1270
2020-10-18,Sacramento,067,1510023,24920,24425,21,24446,482
2020-10-18,San Benito,069,59416,1406,1395,1,1396,14
2020-10-18,San Bernardino,071,2135413,61503,58893,103,58996,1098
2020-10-18,San Diego,073,3302833,54341,52359,1408,53767,853
2020-10-18,San Francisco,075,870044,12032,11878,44,11922,126
2020-10-18,San Joaquin,077,732212,21496,20931,155,21086,489
2020-10-18,San Luis Obispo,079,281455,4155,4009,17,4026,31
2020-10-18,San Mateo,081,765935,11111,10503,7,10510,154
2020-10-18,Santa Barbara,083,443738,10188,9608,75,9683,121
2020-10-18,Santa Clara,085,1922200,24335,23169,34,23203,352
2020-10-18,Santa Cruz,087,273765,2766,2692,35,2727,19
2020-10-18,Shasta,089,179085,1980,1708,18,1726,20
2020-10-18,Sierra,091,2930,6,6,0,6,0
2020-10-18,Siskiyou,093,43540,181,167,10,177,0
2020-10-18,Solano,095,438530,7161,6962,41,7003,57
2020-10-18,Sonoma,097,501317,9197,8781,21,8802,134
2020-10-18,Stanislaus,099,539301,17448,17290,720,18010,390
2020-10-18,Sutter,101,95872,1805,1764,1,1765,12
2020-10-18,Tehama,103,63373,840,774,2,776,5
2020-10-18,Trinity,105,12862,40,20,6,26,0
2020-10-18,Tulare,107,460477,17482,17048,303,17351,290
2020-10-18,Tuolumne,109,53932,265,245,2,247,4
2020-10-18,Ventura,111,848112,14398,13901,310,14211,151
2020-10-18,Yolo,113,214977,3152,3059,9,3068,55
2020-10-18,Yuba,115,75493,1208,1176,5,1181,10
2020-10-17,Alameda,001,1643700,23062,22394,222,22616,398
2020-10-17,Alpine,003,1148,4,3,0,3,0
2020-10-17,Amador,005,37829,315,309,0,309,16
2020-10-17,Butte,007,227075,3123,3012,26,3038,55
2020-10-17,Calaveras,009,45235,329,267,0,267,13
2020-10-17,Colusa,011,21464,544,544,0,544,6
2020-10-17,Contra Costa,013,1133247,18541,18005,96,18101,237
2020-10-17,Del Norte,015,27424,169,167,0,167,2
2020-10-17,El Dorado,017,186661,1329,1277,2,1279,4
2020-10-17,Fresno,019,978130,32738,29911,429,30340,430
2020-10-17,Glenn,021,27897,653,633,0,633,3
2020-10-17,Humboldt,023,135768,551,535,1,536,7
2020-10-17,Imperial,025,180216,12599,11962,9,11971,330
2020-10-17,Inyo,027,18085,227,212,1,213,14
2020-10-17,Kern,029,883053,33479,32710,385,33095,428
2020-10-17,Kings,031,150075,8310,8151,54,8205,80
2020-10-17,Lake,033,64148,693,663,0,663,15
2020-10-17,Lassen,035,31185,765,757,2,759,0
2020-10-17,Los Angeles,037,10098052,293409,285858,2714,288572,6844
2020-10-17,Madera,039,155013,4928,4759,33,4792,53
2020-10-17,Marin,041,260295,7056,6958,18,6976,99
2020-10-17,Mariposa,043,17540,79,77,0,77,2
2020-10-17,Mendocino,045,87422,1050,977,2,979,21
2020-10-17,Merced,047,269075,9387,9275,27,9302,148
2020-10-17,Modoc,049,8938,30,26,0,26,0
2020-10-17,Mono,051,14174,176,155,4,159,1
2020-10-17,Monterey,053,433212,11069,10807,45,10852,80
2020-10-17,Napa,055,140530,1952,1866,5,1871,12
2020-10-17,Nevada,057,99092,610,580,16,596,8
2020-10-17,Orange,059,3164182,59116,56197,1685,57882,1396
2020-10-17,Placer,061,380077,4101,3898,14,3912,49
2020-10-17,Plumas,063,18699,62,52,0,52,0
2020-10-17,Riverside,065,2383286,65253,63171,239,63410,1270
2020-10-17,Sacramento,067,1510023,24835,24304,21,24325,482
2020-10-17,San Benito,069,59416,1402,1389,1,1390,14
2020-10-17,San Bernardino,071,2135413,61233,58415,98,58513,1097
2020-10-17,San Diego,073,3302833,54116,51986,1397,53383,853
2020-10-17,San Francisco,075,870044,12004,11877,43,11920,126
2020-10-17,San Joaquin,077,732212,21442,20932,149,21081,489
2020-10-17,San Luis Obispo,079,281455,4140,3979,17,3996,31
2020-10-17,San Mateo,081,765935,11083,10423,7,10430,153
2020-10-17,Santa Barbara,083,443738,10169,9588,73,9661,121
2020-10-17,Santa Clara,085,1922200,24246,22997,34,23031,349
2020-10-17,Santa Cruz,087,273765,2752,2680,35,2715,19
2020-10-17,Shasta,089,179085,1954,1679,18,1697,20
2020-10-17,Sierra,091,2930,6,6,0,6,0
2020-10-17,Siskiyou,093,43540,180,167,10,177,0
2020-10-17,Solano,095,438530,7135,6929,41,6970,57
2020-10-17,Sonoma,097,501317,9154,8725,21,8746,134
2020-10-17,Stanislaus,099,539301,17409,17232,710,17942,390
2020-10-17,Sutter,101,95872,1803,1762,1,1763,12
2020-10-17,Tehama,103,63373,824,764,2,766,5
2020-10-17,Trinity,105,12862,40,20,6,26,0
2020-10-17,Tulare,107,460477,17452,16995,294,17289,290
2020-10-17,Tuolumne,109,53932,265,241,2,243,4
2020-10-17,Ventura,111,848112,14353,13845,307,14152,151
2020-10-17,Yolo,113,214977,3137,3045,7,3052,55
2020-10-17,Yuba,115,75493,1203,1164,5,1169,10
2020-10-16,Alameda,001,1643700,23008,22315,222,22537,397
2020-10-16,Alpine,003,1148,4,3,0,3,0
2020-10-16,Amador,005,37829,315,309,0,309,16
2020-10-16,Butte,007,227075,3112,3004,26,3030,54
2020-10-16,Calaveras,009,45235,329,267,0,267,13
2020-10-16,Colusa,011,21464,543,544,0,544,6
2020-10-16,Contra Costa,013,1133247,18488,17956,96,18052,237
2020-10-16,Del Norte,015,27424,169,166,0,166,2
2020-10-16,El Dorado,017,186661,1323,1273,2,1275,4
2020-10-16,Fresno,019,978130,32663,29796,427,30223,427
2020-10-16,Glenn,021,27897,648,632,0,632,3
2020-10-16,Humboldt,023,135768,551,533,1,534,7
2020-10-16,Imperial,025,180216,12559,11885,9,11894,330
2020-10-16,Inyo,027,18085,223,212,1,213,14
2020-10-16,Kern,029,883053,33436,32660,383,33043,428
2020-10-16,Kings,031,150075,8301,8146,53,8199,80
2020-10-16,Lake,033,64148,691,644,0,644,14
2020-10-16,Lassen,035,31185,765,757,2,759,0
2020-10-16,Los Angeles,037,10098052,292348,284988,2691,287679,6835
2020-10-16,Madera,039,155013,4916,4736,32,4768,53
2020-10-16,Marin,041,260295,7046,6933,18,6951,99
2020-10-16,Mariposa,043,17540,79,76,0,76,2
2020-10-16,Mendocino,045,87422,1043,974,2,976,21
2020-10-16,Merced,047,269075,9370,9246,27,9273,148
2020-10-16,Modoc,049,8938,30,26,0,26,0
2020-10-16,Mono,051,14174,174,155,4,159,1
2020-10-16,Monterey,053,433212,11035,10727,45,10772,79
2020-10-16,Napa,055,140530,1943,1855,5,1860,12
2020-10-16,Nevada,057,99092,608,579,16,595,8
2020-10-16,Orange,059,3164182,58940,56091,1678,57769,1388
2020-10-16,Placer,061,380077,4081,3864,14,3878,49
2020-10-16,Plumas,063,18699,61,52,0,52,0
2020-10-16,Riverside,065,2383286,65028,62986,238,63224,1267
2020-10-16,Sacramento,067,1510023,24740,24144,21,24165,479
2020-10-16,San Benito,069,59416,1399,1388,1,1389,14
2020-10-16,San Bernardino,071,2135413,60964,58233,98,58331,1069
2020-10-16,San Diego,073,3302833,53875,51785,1383,53168,850
2020-10-16,San Francisco,075,870044,11982,11840,42,11882,126
2020-10-16,San Joaquin,077,732212,21397,20910,148,21058,489
2020-10-16,San Luis Obispo,079,281455,4126,3952,17,3969,32
2020-10-16,San Mateo,081,765935,11058,10405,7,10412,153
2020-10-16,Santa Barbara,083,443738,10151,9549,73,9622,119
2020-10-16,Santa Clara,085,1922200,24160,22920,34,22954,345
2020-10-16,Santa Cruz,087,273765,2739,2666,35,2701,20
2020-10-16,Shasta,089,179085,1932,1660,18,1678,20
2020-10-16,Sierra,091,2930,6,6,0,6,0
2020-10-16,Siskiyou,093,43540,178,167,10,177,0
2020-10-16,Solano,095,438530,7112,6879,41,6920,55
2020-10-16,Sonoma,097,501317,9098,8652,21,8673,133
2020-10-16,Stanislaus,099,539301,17376,17201,701,17902,366
2020-10-16,Sutter,101,95872,1795,1756,1,1757,12
2020-10-16,Tehama,103,63373,823,737,2,739,3
2020-10-16,Trinity,105,12862,40,20,6,26,0
2020-10-16,Tulare,107,460477,17420,16965,286,17251,290
2020-10-16,Tuolumne,109,53932,262,237,2,239,4
2020-10-16,Ventura,111,848112,14310,13805,302,14107,152
2020-10-16,Yolo,113,214977,3128,3030,7,3037,55
2020-10-16,Yuba,115,75493,1203,1155,5,1160,10
2020-10-15,Alameda,001,1643700,22940,22267,221,22488,390
2020-10-15,Alpine,003,1148,4,3,0,3,0
2020-10-15,Amador,005,37829,315,309,0,309,16
2020-10-15,Butte,007,227075,3100,3000,25,3025,54
2020-10-15,Calaveras,009,45235,328,267,0,267,13
2020-10-15,Colusa,011,21464,542,543,0,543,6
2020-10-15,Contra Costa,013,1133247,18421,17893,95,17988,237
2020-10-15,Del Norte,015,27424,169,164,0,164,2
2020-10-15,El Dorado,017,186661,1318,1265,2,1267,4
2020-10-15,Fresno,019,978130,32570,29727,425,30152,425
2020-10-15,Glenn,021,27897,643,632,0,632,3
2020-10-15,Humboldt,023,135768,547,531,1,532,7
2020-10-15,Imperial,025,180216,12518,11820,8,11828,330
2020-10-15,Inyo,027,18085,223,210,1,211,14
2020-10-15,Kern,029,883053,33356,32593,380,32973,427
2020-10-15,Kings,031,150075,8286,8134,53,8187,80
2020-10-15,Lake,033,64148,689,642,0,642,14
2020-10-15,Lassen,035,31185,764,752,2,754,0
2020-10-15,Los Angeles,037,10098052,291071,284019,2652,286671,6807
2020-10-15,Madera,039,155013,4904,4723,31,4754,50
2020-10-15,Marin,041,260295,7038,6912,18,6930,99
2020-10-15,Mariposa,043,17540,79,76,0,76,2
2020-10-15,Mendocino,045,87422,1038,963,2,965,21
2020-10-15,Merced,047,269075,9343,9213,27,9240,147
2020-10-15,Modoc,049,8938,30,26,0,26,0
2020-10-15,Mono,051,14174,174,155,4,159,1
2020-10-15,Monterey,053,433212,10968,10677,44,10721,79
2020-10-15,Napa,055,140530,1930,1842,5,1847,12
2020-10-15,Nevada,057,99092,604,575,16,591,8
2020-10-15,Orange,059,3164182,58724,55952,1666,57618,1379
2020-10-15,Placer,061,380077,4053,3848,14,3862,48
2020-10-15,Plumas,063,18699,58,52,0,52,0
2020-10-15,Riverside,065,2383286,64697,62819,235,63054,1266
2020-10-15,Sacramento,067,1510023,24622,24068,21,24089,474
2020-10-15,San Benito,069,59416,1396,1384,1,1385,14
2020-10-15,San Bernardino,071,2135413,60627,58068,98,58166,1067
2020-10-15,San Diego,073,3302833,53591,51472,1367,52839,847
2020-10-15,San Francisco,075,870044,11954,11808,39,11847,126
2020-10-15,San Joaquin,077,732212,21324,20880,142,21022,487
2020-10-15,San Luis Obispo,079,281455,4111,3934,17,3951,32
2020-10-15,San Mateo,081,765935,11018,10340,7,10347,152
2020-10-15,Santa Barbara,083,443738,10127,9526,72,9598,117
2020-10-15,Santa Clara,085,1922200,24043,22808,34,22842,343
2020-10-15,Santa Cruz,087,273765,2725,2656,35,2691,13
2020-10-15,Shasta,089,179085,1921,1635,18,1653,20
2020-10-15,Sierra,091,2930,6,6,0,6,0
2020-10-15,Siskiyou,093,43540,174,166,10,176,0
2020-10-15,Solano,095,438530,7073,6830,41,6871,55
2020-10-15,Sonoma,097,501317,9006,8571,21,8592,133
2020-10-15,Stanislaus,099,539301,17338,17151,687,17838,366
2020-10-15,Sutter,101,95872,1792,1752,1,1753,12
2020-10-15,Tehama,103,63373,796,726,2,728,3
2020-10-15,Trinity,105,12862,40,20,6,26,0
2020-10-15,Tulare,107,460477,17360,16918,270,17188,289
2020-10-15,Tuolumne,109,53932,260,236,2,238,4
2020-10-15,Ventura,111,848112,14254,13750,297,14047,152
2020-10-15,Yolo,113,214977,3108,3014,7,3021,55
2020-10-15,Yuba,115,75493,1196,1151,5,1156,10
2020-10-14,Alameda,001,1643700,22843,22227,220,22447,398
2020-10-14,Alpine,003,1148,4,3,0,3,0
2020-10-14,Amador,005,37829,313,308,0,308,16
2020-10-14,Butte,007,227075,3092,2995,25,3020,54
2020-10-14,Calaveras,009,45235,328,266,0,266,12
2020-10-14,Colusa,011,21464,542,543,0,543,6
2020-10-14,Contra Costa,013,1133247,18364,17820,93,17913,236
2020-10-14,Del Norte,015,27424,168,163,0,163,2
2020-10-14,El Dorado,017,186661,1312,1264,2,1266,4
2020-10-14,Fresno,019,978130,32458,29650,420,30070,424
2020-10-14,Glenn,021,27897,642,629,0,629,3
2020-10-14,Humboldt,023,135768,544,531,1,532,7
2020-10-14,Imperial,025,180216,12481,11765,7,11772,330
2020-10-14,Inyo,027,18085,222,209,1,210,14
2020-10-14,Kern,029,883053,33282,32528,377,32905,425
2020-10-14,Kings,031,150075,8269,8118,52,8170,80
2020-10-14,Lake,033,64148,688,642,0,642,14
2020-10-14,Lassen,035,31185,762,752,2,754,0
2020-10-14,Los Angeles,037,10098052,289760,282918,2605,285523,6786
2020-10-14,Madera,039,155013,4889,4713,30,4743,50
2020-10-14,Marin,041,260295,7032,6907,18,6925,99
2020-10-14,Mariposa,043,17540,78,76,0,76,2
2020-10-14,Mendocino,045,87422,1032,955,2,957,21
2020-10-14,Merced,047,269075,9318,9201,25,9226,147
2020-10-14,Modoc,049,8938,30,27,0,27,0
2020-10-14,Mono,051,14174,174,155,4,159,1
2020-10-14,Monterey,053,433212,10917,10616,44,10660,78
2020-10-14,Napa,055,140530,1913,1837,5,1842,12
2020-10-14,Nevada,057,99092,602,573,16,589,7
2020-10-14,Orange,059,3164182,58513,55756,1655,57411,1348
2020-10-14,Placer,061,380077,4030,3829,14,3843,48
2020-10-14,Plumas,063,18699,54,52,0,52,0
2020-10-14,Riverside,065,2383286,64414,62607,234,62841,1261
2020-10-14,Sacramento,067,1510023,24479,24013,21,24034,472
2020-10-14,San Benito,069,59416,1394,1381,0,1381,14
2020-10-14,San Bernardino,071,2135413,60301,57774,96,57870,1063
2020-10-14,San Diego,073,3302833,53273,51329,1343,52672,844
2020-10-14,San Francisco,075,870044,11922,11783,38,11821,123
2020-10-14,San Joaquin,077,732212,21245,20845,128,20973,487
2020-10-14,San Luis Obispo,079,281455,4088,3901,16,3917,32
2020-10-14,San Mateo,081,765935,10967,10309,7,10316,132
2020-10-14,Santa Barbara,083,443738,10092,9509,72,9581,117
2020-10-14,Santa Clara,085,1922200,23895,22735,34,22769,343
2020-10-14,Santa Cruz,087,273765,2715,2618,35,2653,13
2020-10-14,Shasta,089,179085,1883,1553,18,1571,20
2020-10-14,Sierra,091,2930,6,6,0,6,0
2020-10-14,Siskiyou,093,43540,174,166,10,176,0
2020-10-14,Solano,095,438530,7017,6786,41,6827,55
2020-10-14,Sonoma,097,501317,8953,8514,21,8535,133
2020-10-14,Stanislaus,099,539301,17293,17105,684,17789,365
2020-10-14,Sutter,101,95872,1783,1747,1,1748,12
2020-10-14,Tehama,103,63373,785,721,2,723,3
2020-10-14,Trinity,105,12862,39,20,6,26,0
2020-10-14,Tulare,107,460477,17298,16863,257,17120,287
2020-10-14,Tuolumne,109,53932,259,236,2,238,4
2020-10-14,Ventura,111,848112,14201,13697,293,13990,152
2020-10-14,Yolo,113,214977,3090,3007,7,3014,55
2020-10-14,Yuba,115,75493,1188,1147,5,1152,10
2020-10-13,Alameda,001,1643700,22739,22185,218,22403,389
2020-10-13,Alpine,003,1148,4,3,0,3,0
2020-10-13,Amador,005,37829,311,306,0,306,16
2020-10-13,Butte,007,227075,3083,2992,25,3017,54
2020-10-13,Calaveras,009,45235,324,262,0,262,12
2020-10-13,Colusa,011,21464,542,541,0,541,6
2020-10-13,Contra Costa,013,1133247,18306,17783,93,17876,234
2020-10-13,Del Norte,015,27424,168,163,0,163,2
2020-10-13,El Dorado,017,186661,1303,1262,2,1264,4
2020-10-13,Fresno,019,978130,32338,29579,416,29995,424
2020-10-13,Glenn,021,27897,641,629,0,629,3
2020-10-13,Humboldt,023,135768,542,523,1,524,7
2020-10-13,Imperial,025,180216,12446,11727,7,11734,327
2020-10-13,Inyo,027,18085,219,207,1,208,14
2020-10-13,Kern,029,883053,33208,32497,375,32872,419
2020-10-13,Kings,031,150075,8260,8111,52,8163,80
2020-10-13,Lake,033,64148,685,639,0,639,12
2020-10-13,Lassen,035,31185,760,752,2,754,0
2020-10-13,Los Angeles,037,10098052,288485,281716,2562,284278,6767
2020-10-13,Madera,039,155013,4871,4700,30,4730,50
2020-10-13,Marin,041,260295,7010,6900,18,6918,97
2020-10-13,Mariposa,043,17540,78,76,0,76,2
2020-10-13,Mendocino,045,87422,1023,950,2,952,21
2020-10-13,Merced,047,269075,9301,9181,25,9206,146
2020-10-13,Modoc,049,8938,29,28,0,28,0
2020-10-13,Mono,051,14174,174,155,3,158,1
2020-10-13,Monterey,053,433212,10856,10574,43,10617,78
2020-10-13,Napa,055,140530,1904,1825,5,1830,12
2020-10-13,Nevada,057,99092,596,572,16,588,7
2020-10-13,Orange,059,3164182,58301,55515,1641,57156,1326
2020-10-13,Placer,061,380077,3993,3825,14,3839,48
2020-10-13,Plumas,063,18699,52,51,0,51,0
2020-10-13,Riverside,065,2383286,64095,62279,232,62511,1254
2020-10-13,Sacramento,067,1510023,24401,23930,21,23951,466
2020-10-13,San Benito,069,59416,1386,1380,0,1380,14
2020-10-13,San Bernardino,071,2135413,59962,57411,95,57506,1061
2020-10-13,San Diego,073,3302833,52981,51026,1326,52352,840
2020-10-13,San Francisco,075,870044,11887,11659,38,11697,122
2020-10-13,San Joaquin,077,732212,21183,20822,124,20946,481
2020-10-13,San Luis Obispo,079,281455,4077,3892,15,3907,32
2020-10-13,San Mateo,081,765935,10924,10286,7,10293,130
2020-10-13,Santa Barbara,083,443738,10061,9489,72,9561,117
2020-10-13,Santa Clara,085,1922200,23769,22678,34,22712,343
2020-10-13,Santa Cruz,087,273765,2697,2603,35,2638,13
2020-10-13,Shasta,089,179085,1859,1606,18,1624,20
2020-10-13,Sierra,091,2930,6,6,0,6,0
2020-10-13,Siskiyou,093,43540,173,163,10,173,0
2020-10-13,Solano,095,438530,6982,6761,41,6802,55
2020-10-13,Sonoma,097,501317,8870,8456,21,8477,133
2020-10-13,Stanislaus,099,539301,17248,17082,679,17761,362
2020-10-13,Sutter,101,95872,1774,1748,1,1749,12
2020-10-13,Tehama,103,63373,777,717,2,719,3
2020-10-13,Trinity,105,12862,35,19,5,24,0
2020-10-13,Tulare,107,460477,17239,16822,249,17071,286
2020-10-13,Tuolumne,109,53932,257,235,2,237,4
2020-10-13,Ventura,111,848112,14148,13645,288,13933,151
2020-10-13,Yolo,113,214977,3082,2983,6,2989,55
2020-10-13,Yuba,115,75493,1183,1143,5,1148,10
2020-10-12,Alameda,001,1643700,22660,22126,217,22343,389
2020-10-12,Alpine,003,1148,4,3,0,3,0
2020-10-12,Amador,005,37829,310,305,0,305,16
2020-10-12,Butte,007,227075,3077,2975,25,3000,54
2020-10-12,Calaveras,009,45235,324,262,0,262,12
2020-10-12,Colusa,011,21464,542,541,0,541,6
2020-10-12,Contra Costa,013,1133247,18231,17728,93,17821,233
2020-10-12,Del Norte,015,27424,168,161,0,161,2
2020-10-12,El Dorado,017,186661,1300,1254,2,1256,4
2020-10-12,Fresno,019,978130,32205,29523,412,29935,421
2020-10-12,Glenn,021,27897,640,626,0,626,3
2020-10-12,Humboldt,023,135768,539,522,1,523,7
2020-10-12,Imperial,025,180216,12407,11689,7,11696,328
2020-10-12,Inyo,027,18085,216,201,1,202,14
2020-10-12,Kern,029,883053,33115,32425,372,32797,419
2020-10-12,Kings,031,150075,8254,8106,51,8157,80
2020-10-12,Lake,033,64148,679,633,0,633,12
2020-10-12,Lassen,035,31185,760,752,2,754,0
2020-10-12,Los Angeles,037,10098052,287271,280961,2531,283492,6747
2020-10-12,Madera,039,155013,4852,4689,30,4719,50
2020-10-12,Marin,041,260295,6993,6886,18,6904,97
2020-10-12,Mariposa,043,17540,78,76,0,76,2
2020-10-12,Mendocino,045,87422,1017,947,2,949,21
2020-10-12,Merced,047,269075,9280,9141,25,9166,146
2020-10-12,Modoc,049,8938,29,27,0,27,0
2020-10-12,Mono,051,14174,174,154,3,157,1
2020-10-12,Monterey,053,433212,10790,10473,43,10516,77
2020-10-12,Napa,055,140530,1896,1819,5,1824,11
2020-10-12,Nevada,057,99092,592,570,16,586,7
2020-10-12,Orange,059,3164182,58071,55373,1631,57004,1326
2020-10-12,Placer,061,380077,3960,3808,13,3821,48
2020-10-12,Plumas,063,18699,52,51,0,51,0
2020-10-12,Riverside,065,2383286,63783,62279,229,62508,1254
2020-10-12,Sacramento,067,1510023,24294,23807,21,23828,466
2020-10-12,San Benito,069,59416,1383,1376,0,1376,13
2020-10-12,San Bernardino,071,2135413,59593,57235,95,57330,1061
2020-10-12,San Diego,073,3302833,52691,50748,1299,52047,826
2020-10-12,San Francisco,075,870044,11855,11659,38,11697,122
2020-10-12,San Joaquin,077,732212,21120,20701,118,20819,480
2020-10-12,San Luis Obispo,079,281455,4053,3874,15,3889,32
2020-10-12,San Mateo,081,765935,10876,10262,7,10269,130
2020-10-12,Santa Barbara,083,443738,10024,9462,72,9534,117
2020-10-12,Santa Clara,085,1922200,23654,22578,34,22612,343
2020-10-12,Santa Cruz,087,273765,2680,2590,35,2625,13
2020-10-12,Shasta,089,179085,1834,1515,18,1533,20
2020-10-12,Sierra,091,2930,6,6,0,6,0
2020-10-12,Siskiyou,093,43540,172,162,10,172,0
2020-10-12,Solano,095,438530,6943,6742,41,6783,55
2020-10-12,Sonoma,097,501317,8799,8377,21,8398,133
2020-10-12,Stanislaus,099,539301,17199,17051,670,17721,361
2020-10-12,Sutter,101,95872,1766,1741,1,1742,12
2020-10-12,Tehama,103,63373,761,708,2,710,3
2020-10-12,Trinity,105,12862,34,19,5,24,0
2020-10-12,Tulare,107,460477,17187,16742,242,16984,286
2020-10-12,Tuolumne,109,53932,252,234,2,236,4
2020-10-12,Ventura,111,848112,14086,13617,284,13901,151
2020-10-12,Yolo,113,214977,3067,2964,6,2970,55
2020-10-12,Yuba,115,75493,1172,1141,5,1146,10
2020-10-11,Alameda,001,1643700,22571,22057,213,22270,392
2020-10-11,Alpine,003,1148,4,3,0,3,0
2020-10-11,Amador,005,37829,308,305,0,305,16
2020-10-11,Butte,007,227075,3069,2967,24,2991,54
2020-10-11,Calaveras,009,45235,322,262,0,262,12
2020-10-11,Colusa,011,21464,540,541,0,541,6
2020-10-11,Contra Costa,013,1133247,18149,17678,93,17771,233
2020-10-11,Del Norte,015,27424,166,161,0,161,2
2020-10-11,El Dorado,017,186661,1291,1242,2,1244,4
2020-10-11,Fresno,019,978130,32068,29419,405,29824,421
2020-10-11,Glenn,021,27897,638,625,0,625,3
2020-10-11,Humboldt,023,135768,538,521,1,522,7
2020-10-11,Imperial,025,180216,12347,11614,7,11621,328
2020-10-11,Inyo,027,18085,212,201,1,202,14
2020-10-11,Kern,029,883053,33028,32399,365,32764,418
2020-10-11,Kings,031,150075,8237,8094,50,8144,80
2020-10-11,Lake,033,64148,666,631,0,631,12
2020-10-11,Lassen,035,31185,759,752,2,754,0
2020-10-11,Los Angeles,037,10098052,285835,280190,2489,282679,6745
2020-10-11,Madera,039,155013,4824,4680,29,4709,50
2020-10-11,Marin,041,260295,6984,6870,18,6888,97
2020-10-11,Mariposa,043,17540,78,76,0,76,2
2020-10-11,Mendocino,045,87422,1010,944,2,946,21
2020-10-11,Merced,047,269075,9262,9124,25,9149,146
2020-10-11,Modoc,049,8938,29,27,0,27,0
2020-10-11,Mono,051,14174,174,154,3,157,1
2020-10-11,Monterey,053,433212,10739,10445,41,10486,77
2020-10-11,Napa,055,140530,1880,1811,5,1816,11
2020-10-11,Nevada,057,99092,590,569,16,585,7
2020-10-11,Orange,059,3164182,57842,55202,1625,56827,1326
2020-10-11,Placer,061,380077,3939,3787,13,3800,48
2020-10-11,Plumas,063,18699,52,51,0,51,0
2020-10-11,Riverside,065,2383286,63494,62112,225,62337,1254
2020-10-11,Sacramento,067,1510023,24154,23778,21,23799,466
2020-10-11,San Benito,069,59416,1382,1374,0,1374,13
2020-10-11,San Bernardino,071,2135413,59140,56997,94,57091,1061
2020-10-11,San Diego,073,3302833,52342,50553,1277,51830,826
2020-10-11,San Francisco,075,870044,11812,11659,38,11697,122
2020-10-11,San Joaquin,077,732212,21045,20700,108,20808,480
2020-10-11,San Luis Obispo,079,281455,4036,3874,14,3888,32
2020-10-11,San Mateo,081,765935,10845,10240,7,10247,130
2020-10-11,Santa Barbara,083,443738,9994,9440,71,9511,117
2020-10-11,Santa Clara,085,1922200,23511,22487,33,22520,336
2020-10-11,Santa Cruz,087,273765,2666,2578,35,2613,13
2020-10-11,Shasta,089,179085,1804,1515,17,1532,20
2020-10-11,Sierra,091,2930,6,6,0,6,0
2020-10-11,Siskiyou,093,43540,171,162,10,172,0
2020-10-11,Solano,095,438530,6889,6685,41,6726,53
2020-10-11,Sonoma,097,501317,8742,8319,21,8340,133
2020-10-11,Stanislaus,099,539301,17136,17007,653,17660,360
2020-10-11,Sutter,101,95872,1763,1742,1,1743,12
2020-10-11,Tehama,103,63373,737,702,2,704,3
2020-10-11,Trinity,105,12862,34,19,5,24,0
2020-10-11,Tulare,107,460477,17124,16741,234,16975,286
2020-10-11,Tuolumne,109,53932,248,234,2,236,4
2020-10-11,Ventura,111,848112,14025,13604,279,13883,151
2020-10-11,Yolo,113,214977,3037,2952,6,2958,55
2020-10-11,Yuba,115,75493,1160,1137,5,1142,10
2020-10-10,Alameda,001,1643700,22521,21979,212,22191,398
2020-10-10,Alpine,003,1148,4,3,0,3,0
2020-10-10,Amador,005,37829,307,304,0,304,16
2020-10-10,Butte,007,227075,3064,2962,23,2985,54
2020-10-10,Calaveras,009,45235,321,262,0,262,12
2020-10-10,Colusa,011,21464,540,541,0,541,6
2020-10-10,Contra Costa,013,1133247,18113,17566,92,17658,233
2020-10-10,Del Norte,015,27424,166,161,0,161,2
2020-10-10,El Dorado,017,186661,1289,1240,2,1242,4
2020-10-10,Fresno,019,978130,32005,29286,403,29689,421
2020-10-10,Glenn,021,27897,638,623,0,623,3
2020-10-10,Humboldt,023,135768,535,518,1,519,7
2020-10-10,Imperial,025,180216,12332,11591,7,11598,327
2020-10-10,Inyo,027,18085,209,201,1,202,14
2020-10-10,Kern,029,883053,32991,32338,365,32703,418
2020-10-10,Kings,031,150075,8233,8078,50,8128,80
2020-10-10,Lake,033,64148,665,630,0,630,11
2020-10-10,Lassen,035,31185,759,752,2,754,0
2020-10-10,Los Angeles,037,10098052,285115,279213,2455,281668,6743
2020-10-10,Madera,039,155013,4811,4662,29,4691,50
2020-10-10,Marin,041,260295,6975,6852,18,6870,97
2020-10-10,Mariposa,043,17540,78,76,0,76,2
2020-10-10,Mendocino,045,87422,1003,935,2,937,21
2020-10-10,Merced,047,269075,9256,9105,24,9129,146
2020-10-10,Modoc,049,8938,29,27,0,27,0
2020-10-10,Mono,051,14174,174,154,3,157,1
2020-10-10,Monterey,053,433212,10706,10410,41,10451,75
2020-10-10,Napa,055,140530,1873,1804,5,1809,11
2020-10-10,Nevada,057,99092,587,564,16,580,6
2020-10-10,Orange,059,3164182,57721,54965,1620,56585,1324
2020-10-10,Placer,061,380077,3922,3757,13,3770,48
2020-10-10,Plumas,063,18699,52,51,0,51,0
2020-10-10,Riverside,065,2383286,63291,61845,222,62067,1254
2020-10-10,Sacramento,067,1510023,24088,23689,21,23710,466
2020-10-10,San Benito,069,59416,1380,1370,0,1370,13
2020-10-10,San Bernardino,071,2135413,58978,56683,94,56777,1061
2020-10-10,San Diego,073,3302833,52112,50145,1259,51404,825
2020-10-10,San Francisco,075,870044,11791,11663,38,11701,122
2020-10-10,San Joaquin,077,732212,21017,20700,104,20804,481
2020-10-10,San Luis Obispo,079,281455,4016,3832,14,3846,32
2020-10-10,San Mateo,081,765935,10808,10218,7,10225,130
2020-10-10,Santa Barbara,083,443738,9983,9417,71,9488,116
2020-10-10,Santa Clara,085,1922200,23419,22354,33,22387,330
2020-10-10,Santa Cruz,087,273765,2652,2572,35,2607,13
2020-10-10,Shasta,089,179085,1787,1473,17,1490,20
2020-10-10,Sierra,091,2930,6,6,0,6,0
2020-10-10,Siskiyou,093,43540,171,161,10,171,0
2020-10-10,Solano,095,438530,6863,6655,41,6696,53
2020-10-10,Sonoma,097,501317,8722,8235,21,8256,133
2020-10-10,Stanislaus,099,539301,17101,16960,645,17605,360
2020-10-10,Sutter,101,95872,1760,1735,1,1736,12
2020-10-10,Tehama,103,63373,730,693,2,695,3
2020-10-10,Trinity,105,12862,34,19,5,24,0
2020-10-10,Tulare,107,460477,17090,16709,229,16938,286
2020-10-10,Tuolumne,109,53932,248,233,2,235,4
2020-10-10,Ventura,111,848112,14000,13520,279,13799,151
2020-10-10,Yolo,113,214977,3028,2939,6,2945,55
2020-10-10,Yuba,115,75493,1158,1134,5,1139,10
2020-10-09,Alameda,001,1643700,22473,21924,212,22136,399
2020-10-09,Alpine,003,1148,4,3,0,3,0
2020-10-09,Amador,005,37829,307,303,0,303,16
2020-10-09,Butte,007,227075,3061,2956,23,2979,51
2020-10-09,Calaveras,009,45235,319,262,0,262,11
2020-10-09,Colusa,011,21464,540,541,0,541,6
2020-10-09,Contra Costa,013,1133247,18063,17487,92,17579,229
2020-10-09,Del Norte,015,27424,165,161,0,161,2
2020-10-09,El Dorado,017,186661,1285,1234,2,1236,4
2020-10-09,Fresno,019,978130,31932,29208,401,29609,417
2020-10-09,Glenn,021,27897,633,617,0,617,3
2020-10-09,Humboldt,023,135768,533,516,1,517,7
2020-10-09,Imperial,025,180216,12305,11516,7,11523,330
2020-10-09,Inyo,027,18085,206,200,1,201,14
2020-10-09,Kern,029,883053,32948,32237,363,32600,417
2020-10-09,Kings,031,150075,8226,7993,48,8041,80
2020-10-09,Lake,033,64148,655,610,0,610,11
2020-10-09,Lassen,035,31185,759,751,2,753,0
2020-10-09,Los Angeles,037,10098052,283983,278039,2430,280469,6715
2020-10-09,Madera,039,155013,4801,4646,29,4675,50
2020-10-09,Marin,041,260295,6961,6838,18,6856,96
2020-10-09,Mariposa,043,17540,78,76,0,76,2
2020-10-09,Mendocino,045,87422,993,933,2,935,20
2020-10-09,Merced,047,269075,9242,9095,24,9119,145
2020-10-09,Modoc,049,8938,29,27,0,27,0
2020-10-09,Mono,051,14174,174,154,3,157,1
2020-10-09,Monterey,053,433212,10672,10369,41,10410,75
2020-10-09,Napa,055,140530,1863,1795,5,1800,11
2020-10-09,Nevada,057,99092,582,561,16,577,6
2020-10-09,Orange,059,3164182,57552,54746,1614,56360,1305
2020-10-09,Placer,061,380077,3909,3737,13,3750,48
2020-10-09,Plumas,063,18699,52,50,0,50,0
2020-10-09,Riverside,065,2383286,63055,61529,221,61750,1252
2020-10-09,Sacramento,067,1510023,24018,23606,21,23627,457
2020-10-09,San Benito,069,59416,1375,1367,0,1367,13
2020-10-09,San Bernardino,071,2135413,58738,56434,94,56528,1057
2020-10-09,San Diego,073,3302833,51836,49825,1248,51073,821
2020-10-09,San Francisco,075,870044,11761,11620,38,11658,120
2020-10-09,San Joaquin,077,732212,20988,20648,94,20742,481
2020-10-09,San Luis Obispo,079,281455,3997,3810,14,3824,32
2020-10-09,San Mateo,081,765935,10780,10140,7,10147,130
2020-10-09,Santa Barbara,083,443738,9955,9396,71,9467,116
2020-10-09,Santa Clara,085,1922200,23317,22251,32,22283,328
2020-10-09,Santa Cruz,087,273765,2643,2555,35,2590,13
2020-10-09,Shasta,089,179085,1760,1353,16,1369,20
2020-10-09,Sierra,091,2930,6,6,0,6,0
2020-10-09,Siskiyou,093,43540,169,156,10,166,0
2020-10-09,Solano,095,438530,6824,6614,41,6655,53
2020-10-09,Sonoma,097,501317,8668,8133,21,8154,133
2020-10-09,Stanislaus,099,539301,17078,16904,636,17540,362
2020-10-09,Sutter,101,95872,1756,1732,1,1733,12
2020-10-09,Tehama,103,63373,724,682,2,684,3
2020-10-09,Trinity,105,12862,34,25,5,30,0
2020-10-09,Tulare,107,460477,17050,16644,220,16864,286
2020-10-09,Tuolumne,109,53932,245,230,2,232,4
2020-10-09,Ventura,111,848112,13964,13469,276,13745,151
2020-10-09,Yolo,113,214977,3021,2928,6,2934,55
2020-10-09,Yuba,115,75493,1157,1129,5,1134,10
2020-10-08,Alameda,001,1643700,22393,21826,211,22037,395
2020-10-08,Alpine,003,1148,4,3,0,3,0
2020-10-08,Amador,005,37829,306,302,0,302,16
2020-10-08,Butte,007,227075,3051,2935,23,2958,51
2020-10-08,Calaveras,009,45235,318,262,0,262,11
2020-10-08,Colusa,011,21464,540,539,0,539,6
2020-10-08,Contra Costa,013,1133247,18003,17418,91,17509,228
2020-10-08,Del Norte,015,27424,165,151,0,151,2
2020-10-08,El Dorado,017,186661,1284,1230,2,1232,4
2020-10-08,Fresno,019,978130,31827,29111,401,29512,416
2020-10-08,Glenn,021,27897,630,616,0,616,3
2020-10-08,Humboldt,023,135768,529,515,1,516,7
2020-10-08,Imperial,025,180216,12266,11405,7,11412,330
2020-10-08,Inyo,027,18085,203,199,1,200,14
2020-10-08,Kern,029,883053,32890,32169,358,32527,411
2020-10-08,Kings,031,150075,8220,7968,48,8016,80
2020-10-08,Lake,033,64148,650,604,0,604,11
2020-10-08,Lassen,035,31185,754,751,2,753,0
2020-10-08,Los Angeles,037,10098052,282786,276763,2389,279152,6699
2020-10-08,Madera,039,155013,4782,4637,29,4666,50
2020-10-08,Marin,041,260295,6947,6810,18,6828,96
2020-10-08,Mariposa,043,17540,78,76,0,76,2
2020-10-08,Mendocino,045,87422,988,930,2,932,20
2020-10-08,Merced,047,269075,9222,9069,24,9093,144
2020-10-08,Modoc,049,8938,29,27,0,27,0
2020-10-08,Mono,051,14174,174,153,3,156,1
2020-10-08,Monterey,053,433212,10605,10343,41,10384,75
2020-10-08,Napa,055,140530,1848,1779,5,1784,11
2020-10-08,Nevada,057,99092,579,556,16,572,6
2020-10-08,Orange,059,3164182,57358,54523,1602,56125,1293
2020-10-08,Placer,061,380077,3891,3715,13,3728,48
2020-10-08,Plumas,063,18699,52,50,0,50,0
2020-10-08,Riverside,065,2383286,62787,61105,219,61324,1244
2020-10-08,Sacramento,067,1510023,23910,23482,21,23503,454
2020-10-08,San Benito,069,59416,1370,1367,0,1367,13
2020-10-08,San Bernardino,071,2135413,58375,56152,94,56246,1048
2020-10-08,San Diego,073,3302833,51556,49468,1216,50684,819
2020-10-08,San Francisco,075,870044,11724,11608,38,11646,115
2020-10-08,San Joaquin,077,732212,20937,20576,89,20665,478
2020-10-08,San Luis Obispo,079,281455,3981,3785,14,3799,32
2020-10-08,San Mateo,081,765935,10748,10044,7,10051,130
2020-10-08,Santa Barbara,083,443738,9925,9374,71,9445,116
2020-10-08,Santa Clara,085,1922200,23215,22095,32,22127,323
2020-10-08,Santa Cruz,087,273765,2631,2535,35,2570,13
2020-10-08,Shasta,089,179085,1726,1305,16,1321,20
2020-10-08,Sierra,091,2930,6,6,0,6,0
2020-10-08,Siskiyou,093,43540,169,156,10,166,0
2020-10-08,Solano,095,438530,6800,6556,41,6597,53
2020-10-08,Sonoma,097,501317,8602,8063,21,8084,132
2020-10-08,Stanislaus,099,539301,17032,16821,628,17449,360
2020-10-08,Sutter,101,95872,1756,1725,1,1726,12
2020-10-08,Tehama,103,63373,715,676,2,678,3
2020-10-08,Trinity,105,12862,34,25,5,30,0
2020-10-08,Tulare,107,460477,16989,16573,211,16784,283
2020-10-08,Tuolumne,109,53932,244,230,2,232,4
2020-10-08,Ventura,111,848112,13917,13399,273,13672,151
2020-10-08,Yolo,113,214977,3004,2914,6,2920,55
2020-10-08,Yuba,115,75493,1152,1126,5,1131,10
2020-10-07,Alameda,001,1643700,22316,21736,211,21947,395
2020-10-07,Alpine,003,1148,4,3,0,3,0
2020-10-07,Amador,005,37829,306,302,0,302,16
2020-10-07,Butte,007,227075,3039,2927,23,2950,47
2020-10-07,Calaveras,009,45235,316,262,0,262,11
2020-10-07,Colusa,011,21464,539,539,0,539,6
2020-10-07,Contra Costa,013,1133247,17932,17346,90,17436,225
2020-10-07,Del Norte,015,27424,164,149,0,149,2
2020-10-07,El Dorado,017,186661,1276,1219,2,1221,4
2020-10-07,Fresno,019,978130,31705,29069,396,29465,413
2020-10-07,Glenn,021,27897,630,615,0,615,3
2020-10-07,Humboldt,023,135768,526,512,1,513,7
2020-10-07,Imperial,025,180216,12229,11289,7,11296,330
2020-10-07,Inyo,027,18085,203,199,1,200,14
2020-10-07,Kern,029,883053,32817,32068,357,32425,410
2020-10-07,Kings,031,150075,8205,7948,48,7996,80
2020-10-07,Lake,033,64148,649,599,0,599,11
2020-10-07,Lassen,035,31185,754,751,2,753,0
2020-10-07,Los Angeles,037,10098052,281613,275559,2351,277910,6681
2020-10-07,Madera,039,155013,4762,4618,29,4647,50
2020-10-07,Marin,041,260295,6920,6790,18,6808,95
2020-10-07,Mariposa,043,17540,78,75,0,75,2
2020-10-07,Mendocino,045,87422,982,927,2,929,19
2020-10-07,Merced,047,269075,9185,9045,23,9068,144
2020-10-07,Modoc,049,8938,29,27,0,27,0
2020-10-07,Mono,051,14174,173,153,2,155,1
2020-10-07,Monterey,053,433212,10546,10272,41,10313,75
2020-10-07,Napa,055,140530,1835,1774,5,1779,11
2020-10-07,Nevada,057,99092,575,552,16,568,6
2020-10-07,Orange,059,3164182,57139,54332,1592,55924,1277
2020-10-07,Placer,061,380077,3875,3693,13,3706,48
2020-10-07,Plumas,063,18699,52,50,0,50,0
2020-10-07,Riverside,065,2383286,62440,60857,215,61072,1241
2020-10-07,Sacramento,067,1510023,23814,23380,21,23401,452
2020-10-07,San Benito,069,59416,1367,1363,0,1363,13
2020-10-07,San Bernardino,071,2135413,58027,55738,93,55831,1043
2020-10-07,San Diego,073,3302833,51240,49177,1192,50369,813
2020-10-07,San Francisco,075,870044,11689,11551,38,11589,115
2020-10-07,San Joaquin,077,732212,20885,20527,81,20608,478
2020-10-07,San Luis Obispo,079,281455,3951,3749,14,3763,32
2020-10-07,San Mateo,081,765935,10706,9980,7,9987,130
2020-10-07,Santa Barbara,083,443738,9897,9350,70,9420,116
2020-10-07,Santa Clara,085,1922200,23088,21993,32,22025,320
2020-10-07,Santa Cruz,087,273765,2619,2518,35,2553,14
2020-10-07,Shasta,089,179085,1683,1268,16,1284,20
2020-10-07,Sierra,091,2930,6,6,0,6,0
2020-10-07,Siskiyou,093,43540,167,154,10,164,0
2020-10-07,Solano,095,438530,6765,6526,41,6567,53
2020-10-07,Sonoma,097,501317,8525,7993,21,8014,130
2020-10-07,Stanislaus,099,539301,16997,16786,622,17408,357
2020-10-07,Sutter,101,95872,1752,1723,1,1724,12
2020-10-07,Tehama,103,63373,706,666,2,668,3
2020-10-07,Trinity,105,12862,32,25,5,30,0
2020-10-07,Tulare,107,460477,16947,16483,202,16685,282
2020-10-07,Tuolumne,109,53932,244,227,2,229,3
2020-10-07,Ventura,111,848112,13867,13333,267,13600,150
2020-10-07,Yolo,113,214977,2978,2904,6,2910,55
2020-10-07,Yuba,115,75493,1146,1120,5,1125,10
2020-10-06,Alameda,001,1643700,22226,21698,209,21907,385
2020-10-06,Alpine,003,1148,4,3,0,3,0
2020-10-06,Amador,005,37829,304,301,0,301,16
2020-10-06,Butte,007,227075,3032,2925,23,2948,47
2020-10-06,Calaveras,009,45235,316,261,0,261,11
2020-10-06,Colusa,011,21464,538,538,0,538,6
2020-10-06,Contra Costa,013,1133247,17853,17295,90,17385,219
2020-10-06,Del Norte,015,27424,164,144,0,144,2
2020-10-06,El Dorado,017,186661,1272,1211,2,1213,4
2020-10-06,Fresno,019,978130,31563,29022,393,29415,412
2020-10-06,Glenn,021,27897,627,604,0,604,3
2020-10-06,Humboldt,023,135768,523,508,1,509,7
2020-10-06,Imperial,025,180216,12191,11196,7,11203,327
2020-10-06,Inyo,027,18085,201,198,1,199,14
2020-10-06,Kern,029,883053,32740,32006,355,32361,407
2020-10-06,Kings,031,150075,8189,7943,48,7991,81
2020-10-06,Lake,033,64148,643,596,0,596,11
2020-10-06,Lassen,035,31185,754,743,2,745,0
2020-10-06,Los Angeles,037,10098052,280381,274115,2298,276413,6657
2020-10-06,Madera,039,155013,4750,4608,29,4637,50
2020-10-06,Marin,041,260295,6906,6766,18,6784,91
2020-10-06,Mariposa,043,17540,78,75,0,75,2
2020-10-06,Mendocino,045,87422,975,920,2,922,19
2020-10-06,Merced,047,269075,9149,9034,22,9056,143
2020-10-06,Modoc,049,8938,29,26,0,26,0
2020-10-06,Mono,051,14174,173,153,2,155,1
2020-10-06,Monterey,053,433212,10490,10235,40,10275,72
2020-10-06,Napa,055,140530,1829,1770,5,1775,11
2020-10-06,Nevada,057,99092,573,551,16,567,6
2020-10-06,Orange,059,3164182,56924,54203,1584,55787,1273
2020-10-06,Placer,061,380077,3853,3680,13,3693,48
2020-10-06,Plumas,063,18699,52,49,0,49,0
2020-10-06,Riverside,065,2383286,62176,60593,212,60805,1238
2020-10-06,Sacramento,067,1510023,23727,23322,21,23343,442
2020-10-06,San Benito,069,59416,1366,1358,0,1358,12
2020-10-06,San Bernardino,071,2135413,57712,55416,92,55508,1040
2020-10-06,San Diego,073,3302833,50903,48823,1175,49998,806
2020-10-06,San Francisco,075,870044,11663,11513,37,11550,115
2020-10-06,San Joaquin,077,732212,20845,20481,78,20559,477
2020-10-06,San Luis Obispo,079,281455,3916,3723,14,3737,32
2020-10-06,San Mateo,081,765935,10673,9934,7,9941,129
2020-10-06,Santa Barbara,083,443738,9868,9331,69,9400,116
2020-10-06,Santa Clara,085,1922200,22993,21914,32,21946,320
2020-10-06,Santa Cruz,087,273765,2597,2510,35,2545,12
2020-10-06,Shasta,089,179085,1643,1242,16,1258,18
2020-10-06,Sierra,091,2930,6,6,0,6,0
2020-10-06,Siskiyou,093,43540,167,154,10,164,0
2020-10-06,Solano,095,438530,6719,6506,41,6547,52
2020-10-06,Sonoma,097,501317,8433,7895,21,7916,130
2020-10-06,Stanislaus,099,539301,16952,16759,616,17375,354
2020-10-06,Sutter,101,95872,1750,1722,1,1723,12
2020-10-06,Tehama,103,63373,697,660,2,662,3
2020-10-06,Trinity,105,12862,32,25,5,30,0
2020-10-06,Tulare,107,460477,16905,16456,194,16650,280
2020-10-06,Tuolumne,109,53932,243,227,2,229,2
2020-10-06,Ventura,111,848112,13800,13242,262,13504,150
2020-10-06,Yolo,113,214977,2964,2899,6,2905,56
2020-10-06,Yuba,115,75493,1145,1114,5,1119,10
2020-10-05,Alameda,001,1643700,22138,21637,206,21843,383
2020-10-05,Alpine,003,1148,4,2,0,2,0
2020-10-05,Amador,005,37829,304,299,0,299,16
2020-10-05,Butte,007,227075,3022,2910,23,2933,46
2020-10-05,Calaveras,009,45235,316,259,0,259,11
2020-10-05,Colusa,011,21464,538,537,0,537,6
2020-10-05,Contra Costa,013,1133247,17776,17250,90,17340,216
2020-10-05,Del Norte,015,27424,161,142,0,142,2
2020-10-05,El Dorado,017,186661,1268,1202,2,1204,4
2020-10-05,Fresno,019,978130,31446,29136,393,29529,408
2020-10-05,Glenn,021,27897,625,603,0,603,3
2020-10-05,Humboldt,023,135768,522,506,1,507,6
2020-10-05,Imperial,025,180216,12152,11169,7,11176,327
2020-10-05,Inyo,027,18085,201,197,1,198,14
2020-10-05,Kern,029,883053,32660,31933,351,32284,404
2020-10-05,Kings,031,150075,8092,7932,48,7980,80
2020-10-05,Lake,033,64148,639,592,0,592,10
2020-10-05,Lassen,035,31185,753,743,2,745,0
2020-10-05,Los Angeles,037,10098052,279301,273200,2254,275454,6632
2020-10-05,Madera,039,155013,4742,4598,27,4625,50
2020-10-05,Marin,041,260295,6889,6751,18,6769,91
2020-10-05,Mariposa,043,17540,78,75,0,75,2
2020-10-05,Mendocino,045,87422,967,913,2,915,19
2020-10-05,Merced,047,269075,9130,9021,21,9042,143
2020-10-05,Modoc,049,8938,29,26,0,26,0
2020-10-05,Mono,051,14174,173,152,2,154,1
2020-10-05,Monterey,053,433212,10443,10187,40,10227,72
2020-10-05,Napa,055,140530,1819,1760,5,1765,11
2020-10-05,Nevada,057,99092,570,550,15,565,6
2020-10-05,Orange,059,3164182,56709,54103,1569,55672,1271
2020-10-05,Placer,061,380077,3827,3670,13,3683,46
2020-10-05,Plumas,063,18699,51,49,0,49,0
2020-10-05,Riverside,065,2383286,61857,60454,208,60662,1232
2020-10-05,Sacramento,067,1510023,23623,23207,21,23228,438
2020-10-05,San Benito,069,59416,1363,1356,0,1356,12
2020-10-05,San Bernardino,071,2135413,57405,55100,92,55192,1031
2020-10-05,San Diego,073,3302833,50567,48662,1151,49813,803
2020-10-05,San Francisco,075,870044,11624,11476,34,11510,110
2020-10-05,San Joaquin,077,732212,20774,20319,75,20394,476
2020-10-05,San Luis Obispo,079,281455,3890,3710,14,3724,32
2020-10-05,San Mateo,081,765935,10646,9896,7,9903,128
2020-10-05,Santa Barbara,083,443738,9846,9309,69,9378,116
2020-10-05,Santa Clara,085,1922200,22878,21861,32,21893,319
2020-10-05,Santa Cruz,087,273765,2585,2492,35,2527,9
2020-10-05,Shasta,089,179085,1610,1158,16,1174,18
2020-10-05,Sierra,091,2930,6,6,0,6,0
2020-10-05,Siskiyou,093,43540,167,153,10,163,0
2020-10-05,Solano,095,438530,6680,6475,41,6516,52
2020-10-05,Sonoma,097,501317,8341,7817,21,7838,130
2020-10-05,Stanislaus,099,539301,16917,16730,609,17339,351
2020-10-05,Sutter,101,95872,1742,1719,1,1720,12
2020-10-05,Tehama,103,63373,689,642,2,644,3
2020-10-05,Trinity,105,12862,32,22,5,27,0
2020-10-05,Tulare,107,460477,16847,16343,190,16533,278
2020-10-05,Tuolumne,109,53932,240,226,2,228,2
2020-10-05,Ventura,111,848112,13733,13224,240,13464,149
2020-10-05,Yolo,113,214977,2945,2889,6,2895,56
2020-10-05,Yuba,115,75493,1132,1108,5,1113,9
2020-10-04,Alameda,001,1643700,22042,21597,206,21803,383
2020-10-04,Alpine,003,1148,4,2,0,2,0
2020-10-04,Amador,005,37829,302,297,0,297,16
2020-10-04,Butte,007,227075,3008,2903,23,2926,46
2020-10-04,Calaveras,009,45235,316,259,0,259,11
2020-10-04,Colusa,011,21464,537,537,0,537,6
2020-10-04,Contra Costa,013,1133247,17711,17192,90,17282,214
2020-10-04,Del Norte,015,27424,157,142,0,142,2
2020-10-04,El Dorado,017,186661,1264,1196,2,1198,4
2020-10-04,Fresno,019,978130,31323,29065,393,29458,408
2020-10-04,Glenn,021,27897,623,601,0,601,3
2020-10-04,Humboldt,023,135768,521,506,1,507,6
2020-10-04,Imperial,025,180216,12112,11127,7,11134,327
2020-10-04,Inyo,027,18085,198,195,1,196,14
2020-10-04,Kern,029,883053,32586,31906,349,32255,404
2020-10-04,Kings,031,150075,8077,7919,48,7967,80
2020-10-04,Lake,033,64148,625,589,0,589,10
2020-10-04,Lassen,035,31185,753,743,2,745,0
2020-10-04,Los Angeles,037,10098052,277919,272822,2203,275025,6625
2020-10-04,Madera,039,155013,4726,4587,27,4614,50
2020-10-04,Marin,041,260295,6869,6741,18,6759,91
2020-10-04,Mariposa,043,17540,78,75,0,75,2
2020-10-04,Mendocino,045,87422,954,905,2,907,18
2020-10-04,Merced,047,269075,9105,9006,21,9027,140
2020-10-04,Modoc,049,8938,29,26,0,26,0
2020-10-04,Mono,051,14174,172,152,1,153,1
2020-10-04,Monterey,053,433212,10402,10141,39,10180,72
2020-10-04,Napa,055,140530,1807,1759,5,1764,11
2020-10-04,Nevada,057,99092,566,547,14,561,6
2020-10-04,Orange,059,3164182,56473,53966,1560,55526,1270
2020-10-04,Placer,061,380077,3806,3664,13,3677,46
2020-10-04,Plumas,063,18699,51,49,0,49,0
2020-10-04,Riverside,065,2383286,61571,60251,203,60454,1226
2020-10-04,Sacramento,067,1510023,23510,23162,21,23183,438
2020-10-04,San Benito,069,59416,1363,1355,0,1355,12
2020-10-04,San Bernardino,071,2135413,56961,55100,92,55192,1031
2020-10-04,San Diego,073,3302833,50201,48438,1125,49563,803
2020-10-04,San Francisco,075,870044,11592,11474,32,11506,110
2020-10-04,San Joaquin,077,732212,20697,20320,69,20389,476
2020-10-04,San Luis Obispo,079,281455,3865,3688,14,3702,31
2020-10-04,San Mateo,081,765935,10585,9858,7,9865,128
2020-10-04,Santa Barbara,083,443738,9820,9276,67,9343,116
2020-10-04,Santa Clara,085,1922200,22742,21780,32,21812,316
2020-10-04,Santa Cruz,087,273765,2569,2483,35,2518,9
2020-10-04,Shasta,089,179085,1512,1158,15,1173,18
2020-10-04,Sierra,091,2930,6,6,0,6,0
2020-10-04,Siskiyou,093,43540,167,153,10,163,0
2020-10-04,Solano,095,438530,6629,6445,41,6486,52
2020-10-04,Sonoma,097,501317,8253,7794,21,7815,129
2020-10-04,Stanislaus,099,539301,16867,16711,600,17311,351
2020-10-04,Sutter,101,95872,1737,1711,1,1712,11
2020-10-04,Tehama,103,63373,674,637,2,639,3
2020-10-04,Trinity,105,12862,32,21,5,26,0
2020-10-04,Tulare,107,460477,16773,16343,178,16521,278
2020-10-04,Tuolumne,109,53932,238,226,2,228,2
2020-10-04,Ventura,111,848112,13651,13197,223,13420,149
2020-10-04,Yolo,113,214977,2934,2875,6,2881,56
2020-10-04,Yuba,115,75493,1128,1103,5,1108,9
2020-10-03,Alameda,001,1643700,21996,21510,205,21715,386
2020-10-03,Alpine,003,1148,4,2,0,2,0
2020-10-03,Amador,005,37829,301,296,0,296,16
2020-10-03,Butte,007,227075,3002,2894,23,2917,46
2020-10-03,Calaveras,009,45235,316,259,0,259,11
2020-10-03,Colusa,011,21464,536,537,0,537,6
2020-10-03,Contra Costa,013,1133247,17661,17087,88,17175,213
2020-10-03,Del Norte,015,27424,153,142,0,142,2
2020-10-03,El Dorado,017,186661,1257,1188,2,1190,4
2020-10-03,Fresno,019,978130,31263,28975,392,29367,408
2020-10-03,Glenn,021,27897,621,601,0,601,3
2020-10-03,Humboldt,023,135768,520,504,1,505,6
2020-10-03,Imperial,025,180216,12089,11090,7,11097,327
2020-10-03,Inyo,027,18085,198,194,1,195,14
2020-10-03,Kern,029,883053,32536,31864,346,32210,403
2020-10-03,Kings,031,150075,8073,7887,48,7935,80
2020-10-03,Lake,033,64148,615,588,0,588,10
2020-10-03,Lassen,035,31185,753,743,2,745,0
2020-10-03,Los Angeles,037,10098052,277215,271869,2173,274042,6620
2020-10-03,Madera,039,155013,4709,4565,27,4592,50
2020-10-03,Marin,041,260295,6863,6728,18,6746,91
2020-10-03,Mariposa,043,17540,78,75,0,75,2
2020-10-03,Mendocino,045,87422,952,898,2,900,18
2020-10-03,Merced,047,269075,9092,8986,21,9007,139
2020-10-03,Modoc,049,8938,29,26,0,26,0
2020-10-03,Mono,051,14174,171,152,1,153,1
2020-10-03,Monterey,053,433212,10368,10092,36,10128,72
2020-10-03,Napa,055,140530,1803,1752,5,1757,11
2020-10-03,Nevada,057,99092,564,544,14,558,6
2020-10-03,Orange,059,3164182,56356,53573,1555,55128,1268
2020-10-03,Placer,061,380077,3795,3648,13,3661,47
2020-10-03,Plumas,063,18699,51,48,0,48,0
2020-10-03,Riverside,065,2383286,61416,59991,202,60193,1226
2020-10-03,Sacramento,067,1510023,23460,23076,21,23097,437
2020-10-03,San Benito,069,59416,1363,1351,0,1351,12
2020-10-03,San Bernardino,071,2135413,56789,55004,91,55095,1031
2020-10-03,San Diego,073,3302833,49970,48202,1108,49310,798
2020-10-03,San Francisco,075,870044,11567,11475,30,11505,110
2020-10-03,San Joaquin,077,732212,20671,20322,69,20391,476
2020-10-03,San Luis Obispo,079,281455,3841,3670,14,3684,31
2020-10-03,San Mateo,081,765935,10559,9822,6,9828,128
2020-10-03,Santa Barbara,083,443738,9807,9256,67,9323,116
2020-10-03,Santa Clara,085,1922200,22662,21672,32,21704,309
2020-10-03,Santa Cruz,087,273765,2561,2476,35,2511,9
2020-10-03,Shasta,089,179085,1484,1117,14,1131,18
2020-10-03,Sierra,091,2930,6,6,0,6,0
2020-10-03,Siskiyou,093,43540,167,152,10,162,0
2020-10-03,Solano,095,438530,6603,6419,41,6460,52
2020-10-03,Sonoma,097,501317,8210,7747,21,7768,129
2020-10-03,Stanislaus,099,539301,16834,16645,596,17241,351
2020-10-03,Sutter,101,95872,1733,1705,1,1706,11
2020-10-03,Tehama,103,63373,668,630,2,632,3
2020-10-03,Trinity,105,12862,32,15,5,20,0
2020-10-03,Tulare,107,460477,16731,16322,173,16495,278
2020-10-03,Tuolumne,109,53932,237,224,2,226,2
2020-10-03,Ventura,111,848112,13612,13150,219,13369,148
2020-10-03,Yolo,113,214977,2927,2863,6,2869,56
2020-10-03,Yuba,115,75493,1120,1097,5,1102,8
2020-10-02,Alameda,001,1643700,21942,21404,204,21608,382
2020-10-02,Alpine,003,1148,4,2,0,2,0
2020-10-02,Amador,005,37829,300,296,0,296,16
2020-10-02,Butte,007,227075,2992,2879,23,2902,46
2020-10-02,Calaveras,009,45235,315,259,0,259,11
2020-10-02,Colusa,011,21464,535,537,0,537,6
2020-10-02,Contra Costa,013,1133247,17618,17002,87,17089,213
2020-10-02,Del Norte,015,27424,152,141,0,141,2
2020-10-02,El Dorado,017,186661,1250,1168,2,1170,4
2020-10-02,Fresno,019,978130,31180,28855,392,29247,403
2020-10-02,Glenn,021,27897,616,594,0,594,3
2020-10-02,Humboldt,023,135768,519,503,1,504,6
2020-10-02,Imperial,025,180216,12067,11024,7,11031,327
2020-10-02,Inyo,027,18085,196,191,1,192,14
2020-10-02,Kern,029,883053,32484,31790,344,32134,399
2020-10-02,Kings,031,150075,8064,7716,48,7764,79
2020-10-02,Lake,033,64148,609,579,0,579,10
2020-10-02,Lassen,035,31185,753,742,2,744,0
2020-10-02,Los Angeles,037,10098052,276314,270935,2144,273079,6602
2020-10-02,Madera,039,155013,4700,4537,27,4564,49
2020-10-02,Marin,041,260295,6846,6717,18,6735,91
2020-10-02,Mariposa,043,17540,78,75,0,75,2
2020-10-02,Mendocino,045,87422,948,883,2,885,18
2020-10-02,Merced,047,269075,9082,8961,21,8982,139
2020-10-02,Modoc,049,8938,29,26,0,26,0
2020-10-02,Mono,051,14174,171,150,1,151,1
2020-10-02,Monterey,053,433212,10334,9997,36,10033,71
2020-10-02,Napa,055,140530,1797,1737,5,1742,11
2020-10-02,Nevada,057,99092,561,543,14,557,6
2020-10-02,Orange,059,3164182,56225,53299,1548,54847,1262
2020-10-02,Placer,061,380077,3775,3612,13,3625,46
2020-10-02,Plumas,063,18699,51,48,0,48,0
2020-10-02,Riverside,065,2383286,61195,59673,199,59872,1223
2020-10-02,Sacramento,067,1510023,23396,22818,21,22839,436
2020-10-02,San Benito,069,59416,1359,1347,0,1347,12
2020-10-02,San Bernardino,071,2135413,56602,54613,91,54704,1028
2020-10-02,San Diego,073,3302833,49718,47793,1092,48885,794
2020-10-02,San Francisco,075,870044,11544,11398,30,11428,110
2020-10-02,San Joaquin,077,732212,20638,20235,67,20302,474
2020-10-02,San Luis Obispo,079,281455,3818,3654,14,3668,31
2020-10-02,San Mateo,081,765935,10518,9745,6,9751,128
2020-10-02,Santa Barbara,083,443738,9785,9234,67,9301,116
2020-10-02,Santa Clara,085,1922200,22581,21545,32,21577,305
2020-10-02,Santa Cruz,087,273765,2544,2463,35,2498,9
2020-10-02,Shasta,089,179085,1449,1046,14,1060,18
2020-10-02,Sierra,091,2930,6,6,0,6,0
2020-10-02,Siskiyou,093,43540,167,151,10,161,0
2020-10-02,Solano,095,438530,6573,6385,41,6426,52
2020-10-02,Sonoma,097,501317,8153,7662,21,7683,125
2020-10-02,Stanislaus,099,539301,16793,16609,587,17196,349
2020-10-02,Sutter,101,95872,1732,1693,1,1694,11
2020-10-02,Tehama,103,63373,663,619,2,621,3
2020-10-02,Trinity,105,12862,32,15,5,20,0
2020-10-02,Tulare,107,460477,16691,16245,166,16411,278
2020-10-02,Tuolumne,109,53932,235,225,2,227,2
2020-10-02,Ventura,111,848112,13575,13120,213,13333,146
2020-10-02,Yolo,113,214977,2922,2845,6,2851,55
2020-10-02,Yuba,115,75493,1118,1090,5,1095,8
2020-10-01,Alameda,001,1643700,21882,21349,200,21549,383
2020-10-01,Alpine,003,1148,4,2,0,2,0
2020-10-01,Amador,005,37829,300,294,0,294,16
2020-10-01,Butte,007,227075,2984,2865,23,2888,45
2020-10-01,Calaveras,009,45235,315,257,0,257,11
2020-10-01,Colusa,011,21464,535,536,0,536,6
2020-10-01,Contra Costa,013,1133247,17556,16898,87,16985,211
2020-10-01,Del Norte,015,27424,147,140,0,140,2
2020-10-01,El Dorado,017,186661,1246,1162,1,1163,4
2020-10-01,Fresno,019,978130,31100,28796,390,29186,397
2020-10-01,Glenn,021,27897,612,593,0,593,3
2020-10-01,Humboldt,023,135768,519,499,1,500,6
2020-10-01,Imperial,025,180216,12024,10928,7,10935,325
2020-10-01,Inyo,027,18085,196,191,1,192,14
2020-10-01,Kern,029,883053,32421,31678,339,32017,399
2020-10-01,Kings,031,150075,8053,7688,45,7733,79
2020-10-01,Lake,033,64148,603,572,0,572,11
2020-10-01,Lassen,035,31185,750,742,2,744,0
2020-10-01,Los Angeles,037,10098052,275275,271513,2107,273620,6621
2020-10-01,Madera,039,155013,4677,4508,27,4535,48
2020-10-01,Marin,041,260295,6832,6710,18,6728,92
2020-10-01,Mariposa,043,17540,78,76,0,76,2
2020-10-01,Mendocino,045,87422,943,874,2,876,19
2020-10-01,Merced,047,269075,9054,8942,21,8963,138
2020-10-01,Modoc,049,8938,29,26,0,26,0
2020-10-01,Mono,051,14174,169,150,1,151,1
2020-10-01,Monterey,053,433212,10258,9958,36,9994,71
2020-10-01,Napa,055,140530,1789,1729,5,1734,11
2020-10-01,Nevada,057,99092,560,543,14,557,6
2020-10-01,Orange,059,3164182,56060,53088,1535,54623,1257
2020-10-01,Placer,061,380077,3747,3599,13,3612,45
2020-10-01,Plumas,063,18699,51,48,0,48,0
2020-10-01,Riverside,065,2383286,60945,59293,192,59485,1223
2020-10-01,Sacramento,067,1510023,23285,22714,20,22734,433
2020-10-01,San Benito,069,59416,1357,1346,0,1346,12
2020-10-01,San Bernardino,071,2135413,56308,54350,89,54439,1021
2020-10-01,San Diego,073,3302833,49436,47487,1072,48559,792
2020-10-01,San Francisco,075,870044,11513,11284,28,11312,110
2020-10-01,San Joaquin,077,732212,20590,20204,64,20268,471
2020-10-01,San Luis Obispo,079,281455,3791,3625,14,3639,31
2020-10-01,San Mateo,081,765935,10473,9681,6,9687,128
2020-10-01,Santa Barbara,083,443738,9743,9215,67,9282,118
2020-10-01,Santa Clara,085,1922200,22480,21398,32,21430,305
2020-10-01,Santa Cruz,087,273765,2529,2418,35,2453,10
2020-10-01,Shasta,089,179085,1398,991,14,1005,18
2020-10-01,Sierra,091,2930,6,6,0,6,0
2020-10-01,Siskiyou,093,43540,164,150,10,160,0
2020-10-01,Solano,095,438530,6535,6352,41,6393,52
2020-10-01,Sonoma,097,501317,8086,7569,21,7590,125
2020-10-01,Stanislaus,099,539301,16760,16555,581,17136,346
2020-10-01,Sutter,101,95872,1727,1684,1,1685,11
2020-10-01,Tehama,103,63373,653,606,2,608,3
2020-10-01,Trinity,105,12862,32,15,5,20,0
2020-10-01,Tulare,107,460477,16618,16182,163,16345,275
2020-10-01,Tuolumne,109,53932,235,223,2,225,2
2020-10-01,Ventura,111,848112,13526,13057,197,13254,146
2020-10-01,Yolo,113,214977,2904,2833,6,2839,55
2020-10-01,Yuba,115,75493,1114,1082,5,1087,8
2020-09-30,Alameda,001,1643700,21805,21271,196,21467,380
2020-09-30,Alpine,003,1148,4,2,0,2,0
2020-09-30,Amador,005,37829,300,294,0,294,16
2020-09-30,Butte,007,227075,2976,2858,23,2881,44
2020-09-30,Calaveras,009,45235,314,258,0,258,11
2020-09-30,Colusa,011,21464,534,534,0,534,6
2020-09-30,Contra Costa,013,1133247,17487,16819,87,16906,211
2020-09-30,Del Norte,015,27424,146,140,0,140,2
2020-09-30,El Dorado,017,186661,1234,1157,1,1158,4
2020-09-30,Fresno,019,978130,31009,28706,387,29093,395
2020-09-30,Glenn,021,27897,607,592,0,592,3
2020-09-30,Humboldt,023,135768,517,497,1,498,6
2020-09-30,Imperial,025,180216,11999,10868,7,10875,287
2020-09-30,Inyo,027,18085,196,189,0,189,14
2020-09-30,Kern,029,883053,32346,31601,338,31939,398
2020-09-30,Kings,031,150075,8024,7685,45,7730,79
2020-09-30,Lake,033,64148,597,567,0,567,10
2020-09-30,Lassen,035,31185,747,742,2,744,0
2020-09-30,Los Angeles,037,10098052,274038,270260,2073,272333,6568
2020-09-30,Madera,039,155013,4668,4477,27,4504,47
2020-09-30,Marin,041,260295,6808,6700,17,6717,91
2020-09-30,Mariposa,043,17540,78,76,0,76,2
2020-09-30,Mendocino,045,87422,937,867,2,869,17
2020-09-30,Merced,047,269075,9034,8926,21,8947,136
2020-09-30,Modoc,049,8938,29,26,0,26,0
2020-09-30,Mono,051,14174,169,150,1,151,1
2020-09-30,Monterey,053,433212,10208,9898,35,9933,70
2020-09-30,Napa,055,140530,1775,1728,5,1733,11
2020-09-30,Nevada,057,99092,558,540,14,554,6
2020-09-30,Orange,059,3164182,55868,52916,1519,54435,1251
2020-09-30,Placer,061,380077,3726,3585,13,3598,43
2020-09-30,Plumas,063,18699,51,48,0,48,0
2020-09-30,Riverside,065,2383286,60592,59074,187,59261,1220
2020-09-30,Sacramento,067,1510023,23182,22613,20,22633,429
2020-09-30,San Benito,069,59416,1354,1342,0,1342,12
2020-09-30,San Bernardino,071,2135413,56030,53988,89,54077,1018
2020-09-30,San Diego,073,3302833,49134,47182,1051,48233,783
2020-09-30,San Francisco,075,870044,11483,11247,28,11275,106
2020-09-30,San Joaquin,077,732212,20507,20150,62,20212,461
2020-09-30,San Luis Obispo,079,281455,3766,3597,14,3611,31
2020-09-30,San Mateo,081,765935,10431,9634,6,9640,128
2020-09-30,Santa Barbara,083,443738,9718,9186,67,9253,115
2020-09-30,Santa Clara,085,1922200,22375,21318,32,21350,302
2020-09-30,Santa Cruz,087,273765,2516,2405,35,2440,10
2020-09-30,Shasta,089,179085,1342,976,13,989,17
2020-09-30,Sierra,091,2930,6,6,0,6,0
2020-09-30,Siskiyou,093,43540,162,150,10,160,0
2020-09-30,Solano,095,438530,6493,6315,41,6356,51
2020-09-30,Sonoma,097,501317,7997,7494,21,7515,125
2020-09-30,Stanislaus,099,539301,16713,16531,575,17106,343
2020-09-30,Sutter,101,95872,1711,1680,1,1681,10
2020-09-30,Tehama,103,63373,647,594,2,596,3
2020-09-30,Trinity,105,12862,29,15,5,20,0
2020-09-30,Tulare,107,460477,16552,16117,156,16273,274
2020-09-30,Tuolumne,109,53932,233,224,2,226,2
2020-09-30,Ventura,111,848112,13491,12968,181,13149,145
2020-09-30,Yolo,113,214977,2891,2822,6,2828,55
2020-09-30,Yuba,115,75493,1111,1075,5,1080,8
2020-09-29,Alameda,001,1643700,21729,21241,192,21433,374
2020-09-29,Alpine,003,1148,4,2,0,2,0
2020-09-29,Amador,005,37829,298,294,0,294,16
2020-09-29,Butte,007,227075,2962,2848,23,2871,44
2020-09-29,Calaveras,009,45235,312,261,0,261,11
2020-09-29,Colusa,011,21464,534,534,0,534,6
2020-09-29,Contra Costa,013,1133247,17432,16716,85,16801,209
2020-09-29,Del Norte,015,27424,142,142,0,142,2
2020-09-29,El Dorado,017,186661,1225,1151,1,1152,4
2020-09-29,Fresno,019,978130,30914,28621,386,29007,394
2020-09-29,Glenn,021,27897,603,589,0,589,3
2020-09-29,Humboldt,023,135768,515,497,1,498,6
2020-09-29,Imperial,025,180216,11965,10811,7,10818,283
2020-09-29,Inyo,027,18085,195,188,0,188,14
2020-09-29,Kern,029,883053,32291,31534,337,31871,397
2020-09-29,Kings,031,150075,7968,7681,44,7725,78
2020-09-29,Lake,033,64148,595,566,0,566,11
2020-09-29,Lassen,035,31185,747,741,2,743,0
2020-09-29,Los Angeles,037,10098052,272820,269246,2043,271289,6545
2020-09-29,Madera,039,155013,4644,4453,27,4480,47
2020-09-29,Marin,041,260295,6787,6692,17,6709,91
2020-09-29,Mariposa,043,17540,78,74,0,74,2
2020-09-29,Mendocino,045,87422,927,854,2,856,17
2020-09-29,Merced,047,269075,9021,8892,19,8911,136
2020-09-29,Modoc,049,8938,29,26,0,26,0
2020-09-29,Mono,051,14174,169,149,1,150,1
2020-09-29,Monterey,053,433212,10153,9826,33,9859,70
2020-09-29,Napa,055,140530,1772,1727,5,1732,11
2020-09-29,Nevada,057,99092,553,539,14,553,6
2020-09-29,Orange,059,3164182,55682,52755,1508,54263,1231
2020-09-29,Placer,061,380077,3705,3570,13,3583,42
2020-09-29,Plumas,063,18699,51,48,0,48,0
2020-09-29,Riverside,065,2383286,60263,58863,178,59041,1208
2020-09-29,Sacramento,067,1510023,23061,22547,20,22567,425
2020-09-29,San Benito,069,59416,1349,1341,0,1341,12
2020-09-29,San Bernardino,071,2135413,55722,53753,89,53842,1012
2020-09-29,San Diego,073,3302833,48859,46987,1027,48014,781
2020-09-29,San Francisco,075,870044,11447,11142,28,11170,104
2020-09-29,San Joaquin,077,732212,20442,20094,60,20154,454
2020-09-29,San Luis Obispo,079,281455,3746,3581,14,3595,31
2020-09-29,San Mateo,081,765935,10384,9619,6,9625,127
2020-09-29,Santa Barbara,083,443738,9698,9149,66,9215,114
2020-09-29,Santa Clara,085,1922200,22241,21233,31,21264,302
2020-09-29,Santa Cruz,087,273765,2501,2383,34,2417,10
2020-09-29,Shasta,089,179085,1281,943,13,956,17
2020-09-29,Sierra,091,2930,6,6,0,6,0
2020-09-29,Siskiyou,093,43540,156,150,10,160,0
2020-09-29,Solano,095,438530,6459,6303,41,6344,51
2020-09-29,Sonoma,097,501317,7925,7426,21,7447,125
2020-09-29,Stanislaus,099,539301,16683,16505,569,17074,341
2020-09-29,Sutter,101,95872,1705,1677,1,1678,10
2020-09-29,Tehama,103,63373,629,585,2,587,2
2020-09-29,Trinity,105,12862,29,16,5,21,0
2020-09-29,Tulare,107,460477,16489,16055,147,16202,270
2020-09-29,Tuolumne,109,53932,233,224,2,226,2
2020-09-29,Ventura,111,848112,13436,12875,178,13053,145
2020-09-29,Yolo,113,214977,2878,2818,6,2824,55
2020-09-29,Yuba,115,75493,1109,1071,5,1076,8
2020-09-28,Alameda,001,1643700,21644,21133,192,21325,370
2020-09-28,Alpine,003,1148,4,2,0,2,0
2020-09-28,Amador,005,37829,296,294,0,294,16
2020-09-28,Butte,007,227075,2947,2837,23,2860,44
2020-09-28,Calaveras,009,45235,312,257,0,257,11
2020-09-28,Colusa,011,21464,533,531,0,531,6
2020-09-28,Contra Costa,013,1133247,17367,16653,85,16738,195
2020-09-28,Del Norte,015,27424,142,138,0,138,2
2020-09-28,El Dorado,017,186661,1218,1144,1,1145,4
2020-09-28,Fresno,019,978130,30832,28517,378,28895,389
2020-09-28,Glenn,021,27897,601,585,0,585,3
2020-09-28,Humboldt,023,135768,509,495,1,496,6
2020-09-28,Imperial,025,180216,11931,10777,7,10784,283
2020-09-28,Inyo,027,18085,194,188,0,188,14
2020-09-28,Kern,029,883053,32226,31481,333,31814,395
2020-09-28,Kings,031,150075,7827,7661,42,7703,78
2020-09-28,Lake,033,64148,591,559,0,559,10
2020-09-28,Lassen,035,31185,746,737,2,739,0
2020-09-28,Los Angeles,037,10098052,271706,268404,2012,270416,6508
2020-09-28,Madera,039,155013,4623,4438,27,4465,47
2020-09-28,Marin,041,260295,6771,6676,17,6693,91
2020-09-28,Mariposa,043,17540,78,74,0,74,2
2020-09-28,Mendocino,045,87422,912,850,2,852,17
2020-09-28,Merced,047,269075,8993,8869,19,8888,136
2020-09-28,Modoc,049,8938,29,26,0,26,0
2020-09-28,Mono,051,14174,169,148,1,149,1
2020-09-28,Monterey,053,433212,10089,9780,31,9811,69
2020-09-28,Napa,055,140530,1760,1705,5,1710,11
2020-09-28,Nevada,057,99092,545,538,14,552,6
2020-09-28,Orange,059,3164182,55477,52633,1499,54132,1196
2020-09-28,Placer,061,380077,3684,3572,13,3585,42
2020-09-28,Plumas,063,18699,50,48,0,48,0
2020-09-28,Riverside,065,2383286,59964,58570,169,58739,1198
2020-09-28,Sacramento,067,1510023,22913,22392,20,22412,423
2020-09-28,San Benito,069,59416,1346,1336,0,1336,11
2020-09-28,San Bernardino,071,2135413,55378,53501,89,53590,988
2020-09-28,San Diego,073,3302833,48541,46736,1007,47743,776
2020-09-28,San Francisco,075,870044,11413,11114,28,11142,100
2020-09-28,San Joaquin,077,732212,20393,19982,59,20041,448
2020-09-28,San Luis Obispo,079,281455,3725,3567,14,3581,31
2020-09-28,San Mateo,081,765935,10334,9582,6,9588,127
2020-09-28,Santa Barbara,083,443738,9680,9121,66,9187,114
2020-09-28,Santa Clara,085,1922200,22125,21180,31,21211,271
2020-09-28,Santa Cruz,087,273765,2491,2359,34,2393,9
2020-09-28,Shasta,089,179085,1227,883,10,893,17
2020-09-28,Sierra,091,2930,6,6,0,6,0
2020-09-28,Siskiyou,093,43540,156,149,10,159,0
2020-09-28,Solano,095,438530,6423,6254,41,6295,51
2020-09-28,Sonoma,097,501317,7849,7369,21,7390,125
2020-09-28,Stanislaus,099,539301,16643,16467,562,17029,336
2020-09-28,Sutter,101,95872,1698,1676,1,1677,10
2020-09-28,Tehama,103,63373,621,579,2,581,2
2020-09-28,Trinity,105,12862,29,16,5,21,0
2020-09-28,Tulare,107,460477,16437,15918,141,16059,270
2020-09-28,Tuolumne,109,53932,233,225,2,227,2
2020-09-28,Ventura,111,848112,13360,12812,171,12983,139
2020-09-28,Yolo,113,214977,2861,2809,6,2815,55
2020-09-28,Yuba,115,75493,1106,1062,5,1067,7
2020-09-27,Alameda,001,1643700,21564,21077,187,21264,370
2020-09-27,Alpine,003,1148,4,2,0,2,0
2020-09-27,Amador,005,37829,296,291,0,291,16
2020-09-27,Butte,007,227075,2936,2833,22,2855,44
2020-09-27,Calaveras,009,45235,311,257,0,257,11
2020-09-27,Colusa,011,21464,532,531,0,531,6
2020-09-27,Contra Costa,013,1133247,17265,16596,84,16680,195
2020-09-27,Del Norte,015,27424,142,138,0,138,2
2020-09-27,El Dorado,017,186661,1203,1130,1,1131,4
2020-09-27,Fresno,019,978130,30727,28441,377,28818,389
2020-09-27,Glenn,021,27897,597,576,0,576,3
2020-09-27,Humboldt,023,135768,507,492,1,493,6
2020-09-27,Imperial,025,180216,11897,10743,7,10750,283
2020-09-27,Inyo,027,18085,192,188,0,188,14
2020-09-27,Kern,029,883053,32107,31462,330,31792,395
2020-09-27,Kings,031,150075,7807,7641,42,7683,78
2020-09-27,Lake,033,64148,587,555,0,555,10
2020-09-27,Lassen,035,31185,746,737,2,739,0
2020-09-27,Los Angeles,037,10098052,270530,267754,1990,269744,6507
2020-09-27,Madera,039,155013,4594,4416,27,4443,47
2020-09-27,Marin,041,260295,6761,6663,17,6680,91
2020-09-27,Mariposa,043,17540,78,74,0,74,2
2020-09-27,Mendocino,045,87422,906,846,2,848,17
2020-09-27,Merced,047,269075,8959,8853,19,8872,136
2020-09-27,Modoc,049,8938,29,26,0,26,0
2020-09-27,Mono,051,14174,169,148,1,149,1
2020-09-27,Monterey,053,433212,10029,9724,30,9754,69
2020-09-27,Napa,055,140530,1755,1690,5,1695,11
2020-09-27,Nevada,057,99092,544,537,14,551,6
2020-09-27,Orange,059,3164182,55203,52458,1490,53948,1195
2020-09-27,Placer,061,380077,3671,3562,13,3575,42
2020-09-27,Plumas,063,18699,50,48,0,48,0
2020-09-27,Riverside,065,2383286,59668,58509,161,58670,1191
2020-09-27,Sacramento,067,1510023,22816,22356,19,22375,422
2020-09-27,San Benito,069,59416,1346,1331,0,1331,11
2020-09-27,San Bernardino,071,2135413,54942,53127,89,53216,988
2020-09-27,San Diego,073,3302833,48197,46612,990,47602,776
2020-09-27,San Francisco,075,870044,11361,11114,28,11142,100
2020-09-27,San Joaquin,077,732212,20333,19981,59,20040,448
2020-09-27,San Luis Obispo,079,281455,3704,3562,14,3576,31
2020-09-27,San Mateo,081,765935,10266,9566,6,9572,127
2020-09-27,Santa Barbara,083,443738,9659,9090,65,9155,114
2020-09-27,Santa Clara,085,1922200,22016,21091,31,21122,271
2020-09-27,Santa Cruz,087,273765,2469,2359,34,2393,9
2020-09-27,Shasta,089,179085,1184,883,9,892,17
2020-09-27,Sierra,091,2930,6,6,0,6,0
2020-09-27,Siskiyou,093,43540,155,149,10,159,0
2020-09-27,Solano,095,438530,6388,6211,41,6252,51
2020-09-27,Sonoma,097,501317,7768,7336,21,7357,124
2020-09-27,Stanislaus,099,539301,16593,16448,555,17003,336
2020-09-27,Sutter,101,95872,1691,1672,1,1673,10
2020-09-27,Tehama,103,63373,604,573,2,575,2
2020-09-27,Trinity,105,12862,29,16,5,21,0
2020-09-27,Tulare,107,460477,16361,15918,131,16049,270
2020-09-27,Tuolumne,109,53932,232,224,2,226,2
2020-09-27,Ventura,111,848112,13275,12775,162,12937,139
2020-09-27,Yolo,113,214977,2847,2796,6,2802,55
2020-09-27,Yuba,115,75493,1096,1059,5,1064,7
2020-09-26,Alameda,001,1643700,21506,21019,186,21205,370
2020-09-26,Alpine,003,1148,4,2,0,2,0
2020-09-26,Amador,005,37829,295,291,0,291,16
2020-09-26,Butte,007,227075,2928,2827,22,2849,44
2020-09-26,Calaveras,009,45235,311,257,0,257,11
2020-09-26,Colusa,011,21464,532,529,0,529,6
2020-09-26,Contra Costa,013,1133247,17223,16508,84,16592,194
2020-09-26,Del Norte,015,27424,142,138,0,138,2
2020-09-26,El Dorado,017,186661,1198,1127,1,1128,4
2020-09-26,Fresno,019,978130,30660,28336,377,28713,389
2020-09-26,Glenn,021,27897,597,576,0,576,3
2020-09-26,Humboldt,023,135768,507,491,1,492,6
2020-09-26,Imperial,025,180216,11880,10721,7,10728,283
2020-09-26,Inyo,027,18085,191,187,0,187,14
2020-09-26,Kern,029,883053,32056,31410,330,31740,394
2020-09-26,Kings,031,150075,7795,7537,42,7579,78
2020-09-26,Lake,033,64148,584,549,0,549,10
2020-09-26,Lassen,035,31185,746,737,2,739,0
2020-09-26,Los Angeles,037,10098052,269895,266931,1973,268904,6497
2020-09-26,Madera,039,155013,4578,4410,27,4437,47
2020-09-26,Marin,041,260295,6748,6641,17,6658,91
2020-09-26,Mariposa,043,17540,77,74,0,74,2
2020-09-26,Mendocino,045,87422,901,836,2,838,17
2020-09-26,Merced,047,269075,8947,8841,18,8859,136
2020-09-26,Modoc,049,8938,29,26,0,26,0
2020-09-26,Mono,051,14174,169,148,1,149,1
2020-09-26,Monterey,053,433212,10002,9651,30,9681,68
2020-09-26,Napa,055,140530,1753,1681,5,1686,11
2020-09-26,Nevada,057,99092,544,534,14,548,6
2020-09-26,Orange,059,3164182,55063,52203,1484,53687,1194
2020-09-26,Placer,061,380077,3658,3551,13,3564,42
2020-09-26,Plumas,063,18699,49,48,0,48,0
2020-09-26,Riverside,065,2383286,59533,58076,159,58235,1190
2020-09-26,Sacramento,067,1510023,22759,22269,19,22288,421
2020-09-26,San Benito,069,59416,1344,1325,0,1325,11
2020-09-26,San Bernardino,071,2135413,54808,53122,89,53211,988
2020-09-26,San Diego,073,3302833,47992,46333,976,47309,775
2020-09-26,San Francisco,075,870044,11333,11113,28,11141,100
2020-09-26,San Joaquin,077,732212,20297,19982,57,20039,449
2020-09-26,San Luis Obispo,079,281455,3687,3546,14,3560,31
2020-09-26,San Mateo,081,765935,10232,9509,6,9515,127
2020-09-26,Santa Barbara,083,443738,9648,9061,65,9126,114
2020-09-26,Santa Clara,085,1922200,21945,20967,30,20997,270
2020-09-26,Santa Cruz,087,273765,2461,2336,34,2370,9
2020-09-26,Shasta,089,179085,1134,856,8,864,17
2020-09-26,Sierra,091,2930,6,6,0,6,0
2020-09-26,Siskiyou,093,43540,154,149,10,159,0
2020-09-26,Solano,095,438530,6369,6209,41,6250,51
2020-09-26,Sonoma,097,501317,7743,7285,20,7305,124
2020-09-26,Stanislaus,099,539301,16568,16421,546,16967,336
2020-09-26,Sutter,101,95872,1686,1662,1,1663,10
2020-09-26,Tehama,103,63373,592,560,2,562,2
2020-09-26,Trinity,105,12862,27,16,5,21,0
2020-09-26,Tulare,107,460477,16336,15881,129,16010,270
2020-09-26,Tuolumne,109,53932,232,223,2,225,2
2020-09-26,Ventura,111,848112,13243,12729,160,12889,137
2020-09-26,Yolo,113,214977,2845,2789,6,2795,55
2020-09-26,Yuba,115,75493,1092,1056,5,1061,7
2020-09-25,Alameda,001,1643700,21452,20911,186,21097,367
2020-09-25,Alpine,003,1148,4,2,0,2,0
2020-09-25,Amador,005,37829,295,289,0,289,16
2020-09-25,Butte,007,227075,2923,2819,22,2841,43
2020-09-25,Calaveras,009,45235,311,257,0,257,11
2020-09-25,Colusa,011,21464,532,528,0,528,6
2020-09-25,Contra Costa,013,1133247,17164,16401,84,16485,194
2020-09-25,Del Norte,015,27424,142,138,0,138,2
2020-09-25,El Dorado,017,186661,1194,1104,1,1105,4
2020-09-25,Fresno,019,978130,30601,28199,376,28575,385
2020-09-25,Glenn,021,27897,595,570,0,570,3
2020-09-25,Humboldt,023,135768,506,489,1,490,5
2020-09-25,Imperial,025,180216,11862,10681,7,10688,283
2020-09-25,Inyo,027,18085,189,187,0,187,14
2020-09-25,Kern,029,883053,32003,31333,328,31661,393
2020-09-25,Kings,031,150075,7790,7450,42,7492,77
2020-09-25,Lake,033,64148,583,539,0,539,9
2020-09-25,Lassen,035,31185,746,737,2,739,0
2020-09-25,Los Angeles,037,10098052,269107,265713,1959,267672,6483
2020-09-25,Madera,039,155013,4559,4369,27,4396,48
2020-09-25,Marin,041,260295,6745,6622,17,6639,90
2020-09-25,Mariposa,043,17540,77,74,0,74,2
2020-09-25,Mendocino,045,87422,886,819,2,821,17
2020-09-25,Merced,047,269075,8931,8830,18,8848,135
2020-09-25,Modoc,049,8938,29,26,0,26,0
2020-09-25,Mono,051,14174,169,149,1,150,1
2020-09-25,Monterey,053,433212,9950,9581,30,9611,68
2020-09-25,Napa,055,140530,1751,1669,5,1674,11
2020-09-25,Nevada,057,99092,542,529,14,543,6
2020-09-25,Orange,059,3164182,54936,52031,1475,53506,1184
2020-09-25,Placer,061,380077,3647,3527,13,3540,41
2020-09-25,Plumas,063,18699,49,48,0,48,0
2020-09-25,Riverside,065,2383286,59357,57783,154,57937,1183
2020-09-25,Sacramento,067,1510023,22681,22132,19,22151,418
2020-09-25,San Benito,069,59416,1343,1318,0,1318,11
2020-09-25,San Bernardino,071,2135413,54654,52814,89,52903,987
2020-09-25,San Diego,073,3302833,47790,46003,960,46963,775
2020-09-25,San Francisco,075,870044,11299,11066,27,11093,100
2020-09-25,San Joaquin,077,732212,20245,19909,57,19966,449
2020-09-25,San Luis Obispo,079,281455,3677,3512,14,3526,31
2020-09-25,San Mateo,081,765935,10196,9447,6,9453,127
2020-09-25,Santa Barbara,083,443738,9624,9026,65,9091,114
2020-09-25,Santa Clara,085,1922200,21882,20812,29,20841,265
2020-09-25,Santa Cruz,087,273765,2449,2309,33,2342,9
2020-09-25,Shasta,089,179085,1100,806,8,814,16
2020-09-25,Sierra,091,2930,6,6,0,6,0
2020-09-25,Siskiyou,093,43540,154,149,10,159,0
2020-09-25,Solano,095,438530,6353,6179,41,6220,50
2020-09-25,Sonoma,097,501317,7703,7202,20,7222,124
2020-09-25,Stanislaus,099,539301,16550,16381,544,16925,326
2020-09-25,Sutter,101,95872,1683,1655,1,1656,10
2020-09-25,Tehama,103,63373,584,546,2,548,2
2020-09-25,Trinity,105,12862,27,15,5,20,0
2020-09-25,Tulare,107,460477,16297,15815,126,15941,267
2020-09-25,Tuolumne,109,53932,232,223,2,225,2
2020-09-25,Ventura,111,848112,13201,12664,157,12821,137
2020-09-25,Yolo,113,214977,2837,2784,6,2790,55
2020-09-25,Yuba,115,75493,1087,1049,5,1054,5
2020-09-24,Alameda,001,1643700,21377,20838,183,21021,364
2020-09-24,Alpine,003,1148,4,2,0,2,0
2020-09-24,Amador,005,37829,295,288,0,288,16
2020-09-24,Butte,007,227075,2912,2803,22,2825,43
2020-09-24,Calaveras,009,45235,311,258,0,258,11
2020-09-24,Colusa,011,21464,532,523,0,523,6
2020-09-24,Contra Costa,013,1133247,17082,16252,84,16336,192
2020-09-24,Del Norte,015,27424,138,137,0,137,2
2020-09-24,El Dorado,017,186661,1185,1093,1,1094,4
2020-09-24,Fresno,019,978130,30496,28106,372,28478,375
2020-09-24,Glenn,021,27897,591,567,0,567,3
2020-09-24,Humboldt,023,135768,503,482,1,483,5
2020-09-24,Imperial,025,180216,11838,10622,7,10629,283
2020-09-24,Inyo,027,18085,189,187,0,187,13
2020-09-24,Kern,029,883053,31940,31273,326,31599,388
2020-09-24,Kings,031,150075,7774,7428,42,7470,76
2020-09-24,Lake,033,64148,574,531,0,531,9
2020-09-24,Lassen,035,31185,745,737,2,739,0
2020-09-24,Los Angeles,037,10098052,268063,264374,1940,266314,6452
2020-09-24,Madera,039,155013,4540,4344,27,4371,48
2020-09-24,Marin,041,260295,6717,6588,17,6605,85
2020-09-24,Mariposa,043,17540,77,74,0,74,2
2020-09-24,Mendocino,045,87422,882,810,2,812,17
2020-09-24,Merced,047,269075,8902,8813,17,8830,135
2020-09-24,Modoc,049,8938,29,24,0,24,0
2020-09-24,Mono,051,14174,169,149,1,150,1
2020-09-24,Monterey,053,433212,9884,9544,27,9571,67
2020-09-24,Napa,055,140530,1739,1661,5,1666,11
2020-09-24,Nevada,057,99092,541,527,14,541,6
2020-09-24,Orange,059,3164182,54728,51749,1457,53206,1164
2020-09-24,Placer,061,380077,3632,3514,13,3527,41
2020-09-24,Plumas,063,18699,49,48,0,48,0
2020-09-24,Riverside,065,2383286,59089,57491,148,57639,1172
2020-09-24,Sacramento,067,1510023,22555,21985,19,22004,417
2020-09-24,San Benito,069,59416,1341,1308,0,1308,11
2020-09-24,San Bernardino,071,2135413,54319,52455,89,52544,988
2020-09-24,San Diego,073,3302833,47521,45598,945,46543,773
2020-09-24,San Francisco,075,870044,11252,10992,27,11019,99
2020-09-24,San Joaquin,077,732212,20208,19851,56,19907,444
2020-09-24,San Luis Obispo,079,281455,3661,3480,14,3494,31
2020-09-24,San Mateo,081,765935,10148,9376,6,9382,127
2020-09-24,Santa Barbara,083,443738,9573,8988,64,9052,114
2020-09-24,Santa Clara,085,1922200,21794,20689,29,20718,262
2020-09-24,Santa Cruz,087,273765,2429,2300,31,2331,9
2020-09-24,Shasta,089,179085,1063,773,5,778,14
2020-09-24,Sierra,091,2930,6,6,0,6,0
2020-09-24,Siskiyou,093,43540,154,149,10,159,0
2020-09-24,Solano,095,438530,6320,6137,41,6178,49
2020-09-24,Sonoma,097,501317,7622,7163,20,7183,122
2020-09-24,Stanislaus,099,539301,16513,16326,539,16865,326
2020-09-24,Sutter,101,95872,1680,1646,1,1647,10
2020-09-24,Tehama,103,63373,581,540,2,542,2
2020-09-24,Trinity,105,12862,27,15,5,20,0
2020-09-24,Tulare,107,460477,16232,15754,125,15879,267
2020-09-24,Tuolumne,109,53932,232,224,2,226,2
2020-09-24,Ventura,111,848112,13119,12617,156,12773,138
2020-09-24,Yolo,113,214977,2830,2776,6,2782,55
2020-09-24,Yuba,115,75493,1082,1042,5,1047,5
2020-09-23,Alameda,001,1643700,21309,20718,181,20899,361
2020-09-23,Alpine,003,1148,4,2,0,2,0
2020-09-23,Amador,005,37829,294,288,0,288,16
2020-09-23,Butte,007,227075,2904,2790,22,2812,43
2020-09-23,Calaveras,009,45235,310,258,0,258,11
2020-09-23,Colusa,011,21464,531,521,0,521,6
2020-09-23,Contra Costa,013,1133247,17018,16167,83,16250,192
2020-09-23,Del Norte,015,27424,136,137,0,137,2
2020-09-23,El Dorado,017,186661,1171,1088,1,1089,4
2020-09-23,Fresno,019,978130,30402,28019,369,28388,371
2020-09-23,Glenn,021,27897,584,561,0,561,3
2020-09-23,Humboldt,023,135768,499,477,1,478,5
2020-09-23,Imperial,025,180216,11812,10587,7,10594,284
2020-09-23,Inyo,027,18085,188,177,0,177,13
2020-09-23,Kern,029,883053,31896,31172,324,31496,387
2020-09-23,Kings,031,150075,7752,7406,42,7448,76
2020-09-23,Lake,033,64148,569,519,0,519,9
2020-09-23,Lassen,035,31185,745,736,2,738,0
2020-09-23,Los Angeles,037,10098052,267018,263318,1910,265228,6421
2020-09-23,Madera,039,155013,4525,4311,27,4338,48
2020-09-23,Marin,041,260295,6698,6567,17,6584,85
2020-09-23,Mariposa,043,17540,77,74,0,74,2
2020-09-23,Mendocino,045,87422,881,801,1,802,17
2020-09-23,Merced,047,269075,8881,8785,16,8801,134
2020-09-23,Modoc,049,8938,29,24,0,24,0
2020-09-23,Mono,051,14174,169,149,1,150,1
2020-09-23,Monterey,053,433212,9815,9452,27,9479,67
2020-09-23,Napa,055,140530,1730,1653,5,1658,11
2020-09-23,Nevada,057,99092,540,523,14,537,6
2020-09-23,Orange,059,3164182,54500,51658,1450,53108,1155
2020-09-23,Placer,061,380077,3620,3506,13,3519,41
2020-09-23,Plumas,063,18699,49,48,0,48,0
2020-09-23,Riverside,065,2383286,58786,57257,145,57402,1165
2020-09-23,Sacramento,067,1510023,22478,21821,19,21840,415
2020-09-23,San Benito,069,59416,1335,1305,0,1305,10
2020-09-23,San Bernardino,071,2135413,54025,52132,88,52220,973
2020-09-23,San Diego,073,3302833,47245,45427,926,46353,767
2020-09-23,San Francisco,075,870044,11203,10926,27,10953,95
2020-09-23,San Joaquin,077,732212,20155,19785,56,19841,439
2020-09-23,San Luis Obispo,079,281455,3643,3447,14,3461,31
2020-09-23,San Mateo,081,765935,10108,9351,6,9357,127
2020-09-23,Santa Barbara,083,443738,9545,8952,64,9016,112
2020-09-23,Santa Clara,085,1922200,21684,20575,26,20601,260
2020-09-23,Santa Cruz,087,273765,2410,2283,31,2314,9
2020-09-23,Shasta,089,179085,1024,756,4,760,14
2020-09-23,Sierra,091,2930,6,6,0,6,0
2020-09-23,Siskiyou,093,43540,154,149,10,159,0
2020-09-23,Solano,095,438530,6295,6123,41,6164,50
2020-09-23,Sonoma,097,501317,7546,7091,20,7111,122
2020-09-23,Stanislaus,099,539301,16483,16271,536,16807,317
2020-09-23,Sutter,101,95872,1676,1646,1,1647,10
2020-09-23,Tehama,103,63373,575,533,2,535,2
2020-09-23,Trinity,105,12862,27,15,5,20,0
2020-09-23,Tulare,107,460477,16167,15664,124,15788,266
2020-09-23,Tuolumne,109,53932,232,223,2,225,2
2020-09-23,Ventura,111,848112,13064,12591,153,12744,137
2020-09-23,Yolo,113,214977,2812,2766,6,2772,55
2020-09-23,Yuba,115,75493,1080,1038,5,1043,5
2020-09-22,Alameda,001,1643700,21229,20607,179,20786,355
2020-09-22,Alpine,003,1148,3,2,0,2,0
2020-09-22,Amador,005,37829,293,287,0,287,16
2020-09-22,Butte,007,227075,2899,2776,22,2798,43
2020-09-22,Calaveras,009,45235,310,258,0,258,11
2020-09-22,Colusa,011,21464,529,518,0,518,6
2020-09-22,Contra Costa,013,1133247,16928,16090,83,16173,190
2020-09-22,Del Norte,015,27424,136,137,0,137,2
2020-09-22,El Dorado,017,186661,1152,1076,1,1077,4
2020-09-22,Fresno,019,978130,30308,27944,366,28310,369
2020-09-22,Glenn,021,27897,581,560,0,560,3
2020-09-22,Humboldt,023,135768,498,476,1,477,5
2020-09-22,Imperial,025,180216,11783,10529,7,10536,284
2020-09-22,Inyo,027,18085,188,177,0,177,13
2020-09-22,Kern,029,883053,31828,31110,317,31427,383
2020-09-22,Kings,031,150075,7695,7395,41,7436,76
2020-09-22,Lake,033,64148,561,516,0,516,9
2020-09-22,Lassen,035,31185,744,736,2,738,0
2020-09-22,Los Angeles,037,10098052,265942,262117,1881,263998,6394
2020-09-22,Madera,039,155013,4509,4303,27,4330,47
2020-09-22,Marin,041,260295,6684,6561,17,6578,84
2020-09-22,Mariposa,043,17540,77,74,0,74,2
2020-09-22,Mendocino,045,87422,861,794,1,795,18
2020-09-22,Merced,047,269075,8851,8769,16,8785,132
2020-09-22,Modoc,049,8938,29,24,0,24,0
2020-09-22,Mono,051,14174,168,149,1,150,1
2020-09-22,Monterey,053,433212,9757,9393,27,9420,67
2020-09-22,Napa,055,140530,1713,1652,5,1657,11
2020-09-22,Nevada,057,99092,540,523,14,537,6
2020-09-22,Orange,059,3164182,54250,51528,1442,52970,1132
2020-09-22,Placer,061,380077,3607,3492,13,3505,40
2020-09-22,Plumas,063,18699,49,48,0,48,0
2020-09-22,Riverside,065,2383286,58300,57066,141,57207,1162
2020-09-22,Sacramento,067,1510023,22358,21745,19,21764,410
2020-09-22,San Benito,069,59416,1330,1305,0,1305,10
2020-09-22,San Bernardino,071,2135413,53752,51899,88,51987,971
2020-09-22,San Diego,073,3302833,46938,45149,907,46056,765
2020-09-22,San Francisco,075,870044,11159,10893,26,10919,95
2020-09-22,San Joaquin,077,732212,20108,19755,55,19810,426
2020-09-22,San Luis Obispo,079,281455,3626,3420,14,3434,31
2020-09-22,San Mateo,081,765935,10070,9291,6,9297,127
2020-09-22,Santa Barbara,083,443738,9515,8927,63,8990,111
2020-09-22,Santa Clara,085,1922200,21566,20514,26,20540,253
2020-09-22,Santa Cruz,087,273765,2386,2264,31,2295,8
2020-09-22,Shasta,089,179085,989,723,4,727,14
2020-09-22,Sierra,091,2930,6,6,0,6,0
2020-09-22,Siskiyou,093,43540,154,149,10,159,0
2020-09-22,Solano,095,438530,6264,6107,41,6148,48
2020-09-22,Sonoma,097,501317,7467,7068,19,7087,117
2020-09-22,Stanislaus,099,539301,16460,16231,529,16760,316
2020-09-22,Sutter,101,95872,1670,1638,1,1639,10
2020-09-22,Tehama,103,63373,567,529,2,531,2
2020-09-22,Trinity,105,12862,27,15,5,20,0
2020-09-22,Tulare,107,460477,16101,15616,120,15736,263
2020-09-22,Tuolumne,109,53932,231,224,2,226,1
2020-09-22,Ventura,111,848112,13013,12507,149,12656,136
2020-09-22,Yolo,113,214977,2805,2763,6,2769,54
2020-09-22,Yuba,115,75493,1071,1035,5,1040,5
2020-09-21,Alameda,001,1643700,21150,20501,178,20679,343
2020-09-21,Alpine,003,1148,3,2,0,2,0
2020-09-21,Amador,005,37829,291,286,0,286,16
2020-09-21,Butte,007,227075,2886,2769,22,2791,41
2020-09-21,Calaveras,009,45235,308,256,0,256,10
2020-09-21,Colusa,011,21464,528,517,0,517,6
2020-09-21,Contra Costa,013,1133247,16840,16008,83,16091,189
2020-09-21,Del Norte,015,27424,136,132,0,132,2
2020-09-21,El Dorado,017,186661,1143,1074,1,1075,4
2020-09-21,Fresno,019,978130,30206,27843,359,28202,362
2020-09-21,Glenn,021,27897,577,556,0,556,3
2020-09-21,Humboldt,023,135768,494,473,1,474,5
2020-09-21,Imperial,025,180216,11752,10521,7,10528,284
2020-09-21,Inyo,027,18085,187,177,0,177,12
2020-09-21,Kern,029,883053,31757,31031,315,31346,379
2020-09-21,Kings,031,150075,7583,7297,39,7336,76
2020-09-21,Lake,033,64148,556,508,0,508,8
2020-09-21,Lassen,035,31185,742,735,2,737,0
2020-09-21,Los Angeles,037,10098052,264857,261418,1836,263254,6360
2020-09-21,Madera,039,155013,4498,4275,26,4301,47
2020-09-21,Marin,041,260295,6673,6538,16,6554,84
2020-09-21,Mariposa,043,17540,76,74,0,74,2
2020-09-21,Mendocino,045,87422,846,778,0,778,18
2020-09-21,Merced,047,269075,8832,8749,14,8763,128
2020-09-21,Modoc,049,8938,29,22,0,22,0
2020-09-21,Mono,051,14174,168,147,1,148,1
2020-09-21,Monterey,053,433212,9693,9331,24,9355,66
2020-09-21,Napa,055,140530,1702,1641,5,1646,11
2020-09-21,Nevada,057,99092,538,515,14,529,6
2020-09-21,Orange,059,3164182,54030,51363,1435,52798,1110
2020-09-21,Placer,061,380077,3596,3473,13,3486,40
2020-09-21,Plumas,063,18699,49,47,0,47,0
2020-09-21,Riverside,065,2383286,58027,57001,133,57134,1153
2020-09-21,Sacramento,067,1510023,22176,21568,19,21587,404
2020-09-21,San Benito,069,59416,1328,1298,0,1298,10
2020-09-21,San Bernardino,071,2135413,53466,51654,88,51742,970
2020-09-21,San Diego,073,3302833,46655,44927,886,45813,760
2020-09-21,San Francisco,075,870044,11111,10743,26,10769,95
2020-09-21,San Joaquin,077,732212,20050,19579,55,19634,423
2020-09-21,San Luis Obispo,079,281455,3599,3406,14,3420,27
2020-09-21,San Mateo,081,765935,10018,9239,6,9245,127
2020-09-21,Santa Barbara,083,443738,9487,8911,63,8974,110
2020-09-21,Santa Clara,085,1922200,21465,20432,26,20458,252
2020-09-21,Santa Cruz,087,273765,2369,2257,29,2286,8
2020-09-21,Shasta,089,179085,939,696,4,700,14
2020-09-21,Sierra,091,2930,6,6,0,6,0
2020-09-21,Siskiyou,093,43540,154,146,10,156,0
2020-09-21,Solano,095,438530,6240,6019,41,6060,46
2020-09-21,Sonoma,097,501317,7391,7017,19,7036,117
2020-09-21,Stanislaus,099,539301,16430,16186,529,16715,310
2020-09-21,Sutter,101,95872,1663,1634,1,1635,10
2020-09-21,Tehama,103,63373,548,513,2,515,2
2020-09-21,Trinity,105,12862,27,15,5,20,0
2020-09-21,Tulare,107,460477,16027,15528,111,15639,260
2020-09-21,Tuolumne,109,53932,231,221,2,223,1
2020-09-21,Ventura,111,848112,12931,12477,143,12620,133
2020-09-21,Yolo,113,214977,2799,2752,6,2758,54
2020-09-21,Yuba,115,75493,1067,1033,5,1038,1
2020-09-20,Alameda,001,1643700,21050,20425,175,20600,343
2020-09-20,Alpine,003,1148,3,2,0,2,0
2020-09-20,Amador,005,37829,290,286,0,286,16
2020-09-20,Butte,007,227075,2874,2764,22,2786,39
2020-09-20,Calaveras,009,45235,304,256,0,256,10
2020-09-20,Colusa,011,21464,526,510,0,510,6
2020-09-20,Contra Costa,013,1133247,16706,15917,82,15999,189
2020-09-20,Del Norte,015,27424,134,132,0,132,2
2020-09-20,El Dorado,017,186661,1128,1073,1,1074,4
2020-09-20,Fresno,019,978130,30092,27769,353,28122,362
2020-09-20,Glenn,021,27897,573,550,0,550,3
2020-09-20,Humboldt,023,135768,494,472,1,473,5
2020-09-20,Imperial,025,180216,11725,10496,6,10502,284
2020-09-20,Inyo,027,18085,187,177,0,177,12
2020-09-20,Kern,029,883053,31674,30992,311,31303,379
2020-09-20,Kings,031,150075,7536,7159,38,7197,76
2020-09-20,Lake,033,64148,544,492,0,492,8
2020-09-20,Lassen,035,31185,742,735,2,737,0
2020-09-20,Los Angeles,037,10098052,263624,260770,1807,262577,6347
2020-09-20,Madera,039,155013,4478,4257,26,4283,47
2020-09-20,Marin,041,260295,6647,6533,16,6549,83
2020-09-20,Mariposa,043,17540,76,74,0,74,2
2020-09-20,Mendocino,045,87422,834,765,0,765,18
2020-09-20,Merced,047,269075,8805,8745,14,8759,128
2020-09-20,Modoc,049,8938,27,22,0,22,0
2020-09-20,Mono,051,14174,167,147,1,148,1
2020-09-20,Monterey,053,433212,9615,9312,24,9336,65
2020-09-20,Napa,055,140530,1693,1626,5,1631,11
2020-09-20,Nevada,057,99092,535,511,14,525,6
2020-09-20,Orange,059,3164182,53791,51233,1423,52656,1110
2020-09-20,Placer,061,380077,3581,3452,13,3465,40
2020-09-20,Plumas,063,18699,49,47,0,47,0
2020-09-20,Riverside,065,2383286,57827,56783,127,56910,1147
2020-09-20,Sacramento,067,1510023,21989,21394,18,21412,401
2020-09-20,San Benito,069,59416,1317,1291,0,1291,9
2020-09-20,San Bernardino,071,2135413,53146,51559,86,51645,970
2020-09-20,San Diego,073,3302833,46282,44579,857,45436,760
2020-09-20,San Francisco,075,870044,11057,10743,26,10769,95
2020-09-20,San Joaquin,077,732212,19986,19578,47,19625,423
2020-09-20,San Luis Obispo,079,281455,3571,3393,14,3407,27
2020-09-20,San Mateo,081,765935,9951,9198,6,9204,127
2020-09-20,Santa Barbara,083,443738,9453,8880,62,8942,110
2020-09-20,Santa Clara,085,1922200,21345,20330,25,20355,252
2020-09-20,Santa Cruz,087,273765,2349,2199,29,2228,8
2020-09-20,Shasta,089,179085,898,696,3,699,14
2020-09-20,Sierra,091,2930,6,6,0,6,0
2020-09-20,Siskiyou,093,43540,154,146,10,156,0
2020-09-20,Solano,095,438530,6196,6020,41,6061,46
2020-09-20,Sonoma,097,501317,7287,6954,19,6973,117
2020-09-20,Stanislaus,099,539301,16399,16159,522,16681,310
2020-09-20,Sutter,101,95872,1657,1624,1,1625,10
2020-09-20,Tehama,103,63373,535,509,2,511,2
2020-09-20,Trinity,105,12862,27,15,5,20,0
2020-09-20,Tulare,107,460477,15942,15528,105,15633,260
2020-09-20,Tuolumne,109,53932,231,221,2,223,1
2020-09-20,Ventura,111,848112,12866,12406,139,12545,133
2020-09-20,Yolo,113,214977,2791,2745,6,2751,54
2020-09-20,Yuba,115,75493,1060,1029,5,1034,1
2020-09-19,Alameda,001,1643700,20999,20349,172,20521,343
2020-09-19,Alpine,003,1148,3,2,0,2,0
2020-09-19,Amador,005,37829,290,285,0,285,16
2020-09-19,Butte,007,227075,2868,2748,22,2770,38
2020-09-19,Calaveras,009,45235,304,256,0,256,10
2020-09-19,Colusa,011,21464,526,507,0,507,6
2020-09-19,Contra Costa,013,1133247,16643,15783,82,15865,186
2020-09-19,Del Norte,015,27424,133,132,0,132,2
2020-09-19,El Dorado,017,186661,1122,1068,0,1068,4
2020-09-19,Fresno,019,978130,30019,27668,353,28021,362
2020-09-19,Glenn,021,27897,570,547,0,547,3
2020-09-19,Humboldt,023,135768,493,471,1,472,5
2020-09-19,Imperial,025,180216,11710,10496,6,10502,284
2020-09-19,Inyo,027,18085,187,177,0,177,12
2020-09-19,Kern,029,883053,31620,30886,308,31194,379
2020-09-19,Kings,031,150075,7530,7130,38,7168,76
2020-09-19,Lake,033,64148,544,465,0,465,8
2020-09-19,Lassen,035,31185,742,731,2,733,0
2020-09-19,Los Angeles,037,10098052,263001,259801,1791,261592,6325
2020-09-19,Madera,039,155013,4455,4237,26,4263,47
2020-09-19,Marin,041,260295,6640,6513,15,6528,81
2020-09-19,Mariposa,043,17540,76,74,0,74,2
2020-09-19,Mendocino,045,87422,831,750,0,750,18
2020-09-19,Merced,047,269075,8794,8717,13,8730,128
2020-09-19,Modoc,049,8938,27,22,0,22,0
2020-09-19,Mono,051,14174,167,147,1,148,1
2020-09-19,Monterey,053,433212,9573,9237,24,9261,65
2020-09-19,Napa,055,140530,1685,1614,5,1619,11
2020-09-19,Nevada,057,99092,533,505,14,519,6
2020-09-19,Orange,059,3164182,53662,50999,1416,52415,1105
2020-09-19,Placer,061,380077,3573,3412,13,3425,40
2020-09-19,Plumas,063,18699,49,47,0,47,0
2020-09-19,Riverside,065,2383286,57703,56562,126,56688,1147
2020-09-19,Sacramento,067,1510023,21935,21297,18,21315,396
2020-09-19,San Benito,069,59416,1313,1276,0,1276,9
2020-09-19,San Bernardino,071,2135413,52990,51353,84,51437,971
2020-09-19,San Diego,073,3302833,46054,44295,834,45129,773
2020-09-19,San Francisco,075,870044,11024,10741,26,10767,95
2020-09-19,San Joaquin,077,732212,19949,19580,47,19627,424
2020-09-19,San Luis Obispo,079,281455,3550,3369,14,3383,27
2020-09-19,San Mateo,081,765935,9920,9158,6,9164,127
2020-09-19,Santa Barbara,083,443738,9432,8862,62,8924,106
2020-09-19,Santa Clara,085,1922200,21256,20170,25,20195,251
2020-09-19,Santa Cruz,087,273765,2335,2198,29,2227,8
2020-09-19,Shasta,089,179085,871,687,3,690,14
2020-09-19,Sierra,091,2930,6,6,0,6,0
2020-09-19,Siskiyou,093,43540,154,146,10,156,0
2020-09-19,Solano,095,438530,6180,5998,41,6039,46
2020-09-19,Sonoma,097,501317,7253,6905,19,6924,117
2020-09-19,Stanislaus,099,539301,16359,16109,515,16624,313
2020-09-19,Sutter,101,95872,1656,1602,1,1603,10
2020-09-19,Tehama,103,63373,530,498,2,500,2
2020-09-19,Trinity,105,12862,27,15,5,20,0
2020-09-19,Tulare,107,460477,15893,15485,102,15587,260
2020-09-19,Tuolumne,109,53932,231,217,2,219,1
2020-09-19,Ventura,111,848112,12834,12328,139,12467,133
2020-09-19,Yolo,113,214977,2783,2739,6,2745,54
2020-09-19,Yuba,115,75493,1053,1023,5,1028,1
2020-09-18,Alameda,001,1643700,20934,20222,166,20388,341
2020-09-18,Alpine,003,1148,3,2,0,2,0
2020-09-18,Amador,005,37829,290,285,0,285,16
2020-09-18,Butte,007,227075,2866,2738,22,2760,37
2020-09-18,Calaveras,009,45235,304,255,0,255,9
2020-09-18,Colusa,011,21464,526,504,0,504,6
2020-09-18,Contra Costa,013,1133247,16558,15667,82,15749,185
2020-09-18,Del Norte,015,27424,133,131,0,131,2
2020-09-18,El Dorado,017,186661,1109,1063,0,1063,4
2020-09-18,Fresno,019,978130,29954,27560,353,27913,359
2020-09-18,Glenn,021,27897,567,541,0,541,3
2020-09-18,Humboldt,023,135768,490,470,1,471,5
2020-09-18,Imperial,025,180216,11695,10460,6,10466,283
2020-09-18,Inyo,027,18085,187,177,0,177,12
2020-09-18,Kern,029,883053,31562,30742,305,31047,373
2020-09-18,Kings,031,150075,7520,7062,38,7100,74
2020-09-18,Lake,033,64148,538,458,0,458,8
2020-09-18,Lassen,035,31185,741,731,2,733,0
2020-09-18,Los Angeles,037,10098052,262227,258488,1771,260259,6324
2020-09-18,Madera,039,155013,4443,4211,26,4237,45
2020-09-18,Marin,041,260295,6625,6475,15,6490,81
2020-09-18,Mariposa,043,17540,76,74,0,74,2
2020-09-18,Mendocino,045,87422,823,739,0,739,18
2020-09-18,Merced,047,269075,8782,8691,12,8703,127
2020-09-18,Modoc,049,8938,27,22,0,22,0
2020-09-18,Mono,051,14174,165,147,1,148,1
2020-09-18,Monterey,053,433212,9531,9183,24,9207,64
2020-09-18,Napa,055,140530,1679,1604,5,1609,11
2020-09-18,Nevada,057,99092,530,504,14,518,6
2020-09-18,Orange,059,3164182,53515,50733,1404,52137,1107
2020-09-18,Placer,061,380077,3562,3389,13,3402,40
2020-09-18,Plumas,063,18699,49,45,0,45,0
2020-09-18,Riverside,065,2383286,57583,56248,122,56370,1143
2020-09-18,Sacramento,067,1510023,21850,21105,18,21123,391
2020-09-18,San Benito,069,59416,1305,1257,0,1257,8
2020-09-18,San Bernardino,071,2135413,52847,51106,83,51189,970
2020-09-18,San Diego,073,3302833,45804,44009,829,44838,757
2020-09-18,San Francisco,075,870044,10986,10644,25,10669,95
2020-09-18,San Joaquin,077,732212,19906,19531,45,19576,423
2020-09-18,San Luis Obispo,079,281455,3526,3328,14,3342,27
2020-09-18,San Mateo,081,765935,9880,9062,6,9068,127
2020-09-18,Santa Barbara,083,443738,9410,8824,62,8886,107
2020-09-18,Santa Clara,085,1922200,21159,20058,25,20083,252
2020-09-18,Santa Cruz,087,273765,2314,2180,28,2208,8
2020-09-18,Shasta,089,179085,836,668,3,671,14
2020-09-18,Sierra,091,2930,6,6,0,6,0
2020-09-18,Siskiyou,093,43540,153,146,10,156,0
2020-09-18,Solano,095,438530,6164,5961,41,6002,46
2020-09-18,Sonoma,097,501317,7205,6856,19,6875,114
2020-09-18,Stanislaus,099,539301,16331,16042,509,16551,277
2020-09-18,Sutter,101,95872,1648,1586,1,1587,10
2020-09-18,Tehama,103,63373,530,490,2,492,2
2020-09-18,Trinity,105,12862,27,15,4,19,0
2020-09-18,Tulare,107,460477,15860,15435,98,15533,259
2020-09-18,Tuolumne,109,53932,230,216,2,218,1
2020-09-18,Ventura,111,848112,12773,12236,135,12371,133
2020-09-18,Yolo,113,214977,2777,2732,6,2738,54
2020-09-18,Yuba,115,75493,1049,1020,5,1025,1
2020-09-17,Alameda,001,1643700,20836,20146,166,20312,339
2020-09-17,Alpine,003,1148,3,2,0,2,0
2020-09-17,Amador,005,37829,288,284,0,284,16
2020-09-17,Butte,007,227075,2848,2720,22,2742,38
2020-09-17,Calaveras,009,45235,304,254,0,254,9
2020-09-17,Colusa,011,21464,524,499,0,499,6
2020-09-17,Contra Costa,013,1133247,16468,15576,82,15658,184
2020-09-17,Del Norte,015,27424,133,131,0,131,2
2020-09-17,El Dorado,017,186661,1100,1057,0,1057,4
2020-09-17,Fresno,019,978130,29845,27487,348,27835,355
2020-09-17,Glenn,021,27897,566,541,0,541,3
2020-09-17,Humboldt,023,135768,484,466,1,467,5
2020-09-17,Imperial,025,180216,11678,10436,6,10442,281
2020-09-17,Inyo,027,18085,187,176,0,176,12
2020-09-17,Kern,029,883053,31501,30627,298,30925,372
2020-09-17,Kings,031,150075,7449,7015,38,7053,72
2020-09-17,Lake,033,64148,528,433,0,433,8
2020-09-17,Lassen,035,31185,739,731,2,733,0
2020-09-17,Los Angeles,037,10098052,261284,257246,1756,259002,6318
2020-09-17,Madera,039,155013,4409,4152,26,4178,45
2020-09-17,Marin,041,260295,6604,6457,15,6472,81
2020-09-17,Mariposa,043,17540,75,74,0,74,2
2020-09-17,Mendocino,045,87422,812,737,0,737,18
2020-09-17,Merced,047,269075,8763,8671,12,8683,119
2020-09-17,Modoc,049,8938,27,22,0,22,0
2020-09-17,Mono,051,14174,165,147,1,148,1
2020-09-17,Monterey,053,433212,9469,9113,23,9136,62
2020-09-17,Napa,055,140530,1668,1592,5,1597,11
2020-09-17,Nevada,057,99092,528,494,14,508,6
2020-09-17,Orange,059,3164182,53336,50537,1390,51927,1098
2020-09-17,Placer,061,380077,3542,3368,13,3381,40
2020-09-17,Plumas,063,18699,49,45,0,45,0
2020-09-17,Riverside,065,2383286,57358,56007,119,56126,1134
2020-09-17,Sacramento,067,1510023,21617,20895,18,20913,385
2020-09-17,San Benito,069,59416,1302,1252,0,1252,8
2020-09-17,San Bernardino,071,2135413,52646,50770,83,50853,904
2020-09-17,San Diego,073,3302833,45525,43621,817,44438,754
2020-09-17,San Francisco,075,870044,10892,10564,25,10589,95
2020-09-17,San Joaquin,077,732212,19847,19439,45,19484,416
2020-09-17,San Luis Obispo,079,281455,3499,3299,14,3313,27
2020-09-17,San Mateo,081,765935,9838,8984,6,8990,127
2020-09-17,Santa Barbara,083,443738,9386,8779,62,8841,107
2020-09-17,Santa Clara,085,1922200,21044,19825,25,19850,254
2020-09-17,Santa Cruz,087,273765,2298,2155,28,2183,7
2020-09-17,Shasta,089,179085,797,660,3,663,12
2020-09-17,Sierra,091,2930,6,6,0,6,0
2020-09-17,Siskiyou,093,43540,153,146,10,156,0
2020-09-17,Solano,095,438530,6141,5915,41,5956,44
2020-09-17,Sonoma,097,501317,7141,6754,19,6773,114
2020-09-17,Stanislaus,099,539301,16298,15984,505,16489,277
2020-09-17,Sutter,101,95872,1643,1572,1,1573,10
2020-09-17,Tehama,103,63373,516,487,2,489,2
2020-09-17,Trinity,105,12862,27,15,4,19,0
2020-09-17,Tulare,107,460477,15807,15344,96,15440,258
2020-09-17,Tuolumne,109,53932,229,214,2,216,1
2020-09-17,Ventura,111,848112,12688,12167,131,12298,130
2020-09-17,Yolo,113,214977,2768,2724,6,2730,53
2020-09-17,Yuba,115,75493,1045,1015,5,1020,1
2020-09-16,Alameda,001,1643700,20740,20009,164,20173,333
2020-09-16,Alpine,003,1148,3,2,0,2,0
2020-09-16,Amador,005,37829,288,284,0,284,16
2020-09-16,Butte,007,227075,2838,2704,22,2726,38
2020-09-16,Calaveras,009,45235,304,254,0,254,9
2020-09-16,Colusa,011,21464,522,497,0,497,6
2020-09-16,Contra Costa,013,1133247,16382,15473,82,15555,183
2020-09-16,Del Norte,015,27424,133,131,0,131,2
2020-09-16,El Dorado,017,186661,1092,1049,0,1049,4
2020-09-16,Fresno,019,978130,29739,27381,346,27727,343
2020-09-16,Glenn,021,27897,564,539,0,539,3
2020-09-16,Humboldt,023,135768,483,455,1,456,4
2020-09-16,Imperial,025,180216,11655,10401,6,10407,277
2020-09-16,Inyo,027,18085,186,176,0,176,12
2020-09-16,Kern,029,883053,31441,30570,297,30867,371
2020-09-16,Kings,031,150075,7424,7002,36,7038,71
2020-09-16,Lake,033,64148,517,417,0,417,6
2020-09-16,Lassen,035,31185,738,730,2,732,0
2020-09-16,Los Angeles,037,10098052,260287,256101,1737,257838,6299
2020-09-16,Madera,039,155013,4386,4138,26,4164,45
2020-09-16,Marin,041,260295,6577,6430,15,6445,77
2020-09-16,Mariposa,043,17540,75,74,0,74,2
2020-09-16,Mendocino,045,87422,803,727,0,727,18
2020-09-16,Merced,047,269075,8742,8646,12,8658,118
2020-09-16,Modoc,049,8938,27,22,0,22,0
2020-09-16,Mono,051,14174,165,147,1,148,1
2020-09-16,Monterey,053,433212,9415,8997,23,9020,62
2020-09-16,Napa,055,140530,1654,1587,5,1592,11
2020-09-16,Nevada,057,99092,523,495,13,508,6
2020-09-16,Orange,059,3164182,53136,50414,1381,51795,1096
2020-09-16,Placer,061,380077,3524,3351,13,3364,39
2020-09-16,Plumas,063,18699,49,45,0,45,0
2020-09-16,Riverside,065,2383286,57166,55811,111,55922,1127
2020-09-16,Sacramento,067,1510023,21522,20610,18,20628,377
2020-09-16,San Benito,069,59416,1294,1244,0,1244,8
2020-09-16,San Bernardino,071,2135413,52420,50509,83,50592,907
2020-09-16,San Diego,073,3302833,45234,43447,796,44243,748
2020-09-16,San Francisco,075,870044,10845,10502,25,10527,90
2020-09-16,San Joaquin,077,732212,19793,19377,44,19421,409
2020-09-16,San Luis Obispo,079,281455,3470,3285,14,3299,28
2020-09-16,San Mateo,081,765935,9773,8944,6,8950,127
2020-09-16,Santa Barbara,083,443738,9354,8764,62,8826,107
2020-09-16,Santa Clara,085,1922200,20925,19684,25,19709,253
2020-09-16,Santa Cruz,087,273765,2257,2089,27,2116,7
2020-09-16,Shasta,089,179085,771,635,3,638,11
2020-09-16,Sierra,091,2930,6,6,0,6,0
2020-09-16,Siskiyou,093,43540,152,145,10,155,0
2020-09-16,Solano,095,438530,6111,5899,41,5940,44
2020-09-16,Sonoma,097,501317,7080,6731,19,6750,104
2020-09-16,Stanislaus,099,539301,16250,15897,497,16394,263
2020-09-16,Sutter,101,95872,1630,1567,1,1568,10
2020-09-16,Tehama,103,63373,508,485,2,487,2
2020-09-16,Trinity,105,12862,27,15,4,19,0
2020-09-16,Tulare,107,460477,15765,15314,88,15402,258
2020-09-16,Tuolumne,109,53932,228,210,2,212,1
2020-09-16,Ventura,111,848112,12620,12073,130,12203,130
2020-09-16,Yolo,113,214977,2761,2709,6,2715,53
2020-09-16,Yuba,115,75493,1043,1000,5,1005,1
2020-09-15,Alameda,001,1643700,20634,19931,161,20092,327
2020-09-15,Alpine,003,1148,3,2,0,2,0
2020-09-15,Amador,005,37829,287,282,0,282,16
2020-09-15,Butte,007,227075,2825,2695,20,2715,38
2020-09-15,Calaveras,009,45235,304,248,0,248,5
2020-09-15,Colusa,011,21464,516,497,0,497,6
2020-09-15,Contra Costa,013,1133247,16279,15423,81,15504,180
2020-09-15,Del Norte,015,27424,133,129,0,129,2
2020-09-15,El Dorado,017,186661,1087,1046,0,1046,4
2020-09-15,Fresno,019,978130,29633,27312,341,27653,343
2020-09-15,Glenn,021,27897,563,531,0,531,3
2020-09-15,Humboldt,023,135768,481,456,1,457,4
2020-09-15,Imperial,025,180216,11630,10376,6,10382,277
2020-09-15,Inyo,027,18085,186,176,0,176,12
2020-09-15,Kern,029,883053,31328,30429,294,30723,368
2020-09-15,Kings,031,150075,7266,6977,36,7013,70
2020-09-15,Lake,033,64148,503,416,0,416,4
2020-09-15,Lassen,035,31185,734,719,2,721,0
2020-09-15,Los Angeles,037,10098052,259174,255048,1712,256760,6269
2020-09-15,Madera,039,155013,4367,4122,26,4148,45
2020-09-15,Marin,041,260295,6546,6423,15,6438,77
2020-09-15,Mariposa,043,17540,75,74,0,74,2
2020-09-15,Mendocino,045,87422,785,724,0,724,18
2020-09-15,Merced,047,269075,8712,8633,12,8645,114
2020-09-15,Modoc,049,8938,26,21,0,21,0
2020-09-15,Mono,051,14174,165,147,1,148,1
2020-09-15,Monterey,053,433212,9366,8943,23,8966,62
2020-09-15,Napa,055,140530,1640,1580,5,1585,11
2020-09-15,Nevada,057,99092,518,494,13,507,6
2020-09-15,Orange,059,3164182,52954,50294,1366,51660,1088
2020-09-15,Placer,061,380077,3500,3331,13,3344,38
2020-09-15,Plumas,063,18699,49,44,0,44,0
2020-09-15,Riverside,065,2383286,56874,55569,101,55670,1118
2020-09-15,Sacramento,067,1510023,21379,20487,18,20505,372
2020-09-15,San Benito,069,59416,1287,1237,0,1237,7
2020-09-15,San Bernardino,071,2135413,52204,50333,82,50415,904
2020-09-15,San Diego,073,3302833,44916,43183,775,43958,742
2020-09-15,San Francisco,075,870044,10787,10414,25,10439,90
2020-09-15,San Joaquin,077,732212,19741,19313,44,19357,401
2020-09-15,San Luis Obispo,079,281455,3449,3262,14,3276,28
2020-09-15,San Mateo,081,765935,9703,8895,6,8901,127
2020-09-15,Santa Barbara,083,443738,9329,8724,61,8785,104
2020-09-15,Santa Clara,085,1922200,20789,19610,25,19635,252
2020-09-15,Santa Cruz,087,273765,2231,2079,26,2105,7
2020-09-15,Shasta,089,179085,759,627,3,630,11
2020-09-15,Sierra,091,2930,6,6,0,6,0
2020-09-15,Siskiyou,093,43540,152,143,10,153,0
2020-09-15,Solano,095,438530,6077,5878,41,5919,45
2020-09-15,Sonoma,097,501317,7041,6701,19,6720,104
2020-09-15,Stanislaus,099,539301,16202,15880,495,16375,260
2020-09-15,Sutter,101,95872,1618,1556,1,1557,10
2020-09-15,Tehama,103,63373,496,484,2,486,2
2020-09-15,Trinity,105,12862,27,15,4,19,0
2020-09-15,Tulare,107,460477,15688,15203,86,15289,254
2020-09-15,Tuolumne,109,53932,228,209,2,211,1
2020-09-15,Ventura,111,848112,12568,11932,129,12061,128
2020-09-15,Yolo,113,214977,2757,2708,6,2714,53
2020-09-15,Yuba,115,75493,1037,991,4,995,1
2020-09-14,Alameda,001,1643700,20507,19851,160,20011,306
2020-09-14,Alpine,003,1148,3,2,0,2,0
2020-09-14,Amador,005,37829,285,281,0,281,16
2020-09-14,Butte,007,227075,2808,2642,20,2662,37
2020-09-14,Calaveras,009,45235,304,244,0,244,3
2020-09-14,Colusa,011,21464,515,486,0,486,6
2020-09-14,Contra Costa,013,1133247,16154,15354,80,15434,174
2020-09-14,Del Norte,015,27424,130,116,0,116,2
2020-09-14,El Dorado,017,186661,1083,1039,0,1039,3
2020-09-14,Fresno,019,978130,29548,27232,338,27570,344
2020-09-14,Glenn,021,27897,555,521,0,521,3
2020-09-14,Humboldt,023,135768,478,437,1,438,4
2020-09-14,Imperial,025,180216,11610,10340,6,10346,273
2020-09-14,Inyo,027,18085,186,176,0,176,12
2020-09-14,Kern,029,883053,31242,30344,291,30635,368
2020-09-14,Kings,031,150075,7183,6950,36,6986,70
2020-09-14,Lake,033,64148,483,407,0,407,4
2020-09-14,Lassen,035,31185,734,719,2,721,0
2020-09-14,Los Angeles,037,10098052,258142,254622,1683,256305,6226
2020-09-14,Madera,039,155013,4353,4104,26,4130,45
2020-09-14,Marin,041,260295,6525,6409,15,6424,70
2020-09-14,Mariposa,043,17540,75,74,0,74,2
2020-09-14,Mendocino,045,87422,768,710,0,710,17
2020-09-14,Merced,047,269075,8693,8593,12,8605,112
2020-09-14,Modoc,049,8938,26,21,0,21,0
2020-09-14,Mono,051,14174,165,147,1,148,1
2020-09-14,Monterey,053,433212,9295,8845,22,8867,61
2020-09-14,Napa,055,140530,1623,1576,5,1581,11
2020-09-14,Nevada,057,99092,513,489,13,502,6
2020-09-14,Orange,059,3164182,52795,50149,1350,51499,1079
2020-09-14,Placer,061,380077,3479,3302,13,3315,38
2020-09-14,Plumas,063,18699,48,42,0,42,0
2020-09-14,Riverside,065,2383286,56655,55488,95,55583,1113
2020-09-14,Sacramento,067,1510023,21186,20377,17,20394,367
2020-09-14,San Benito,069,59416,1272,1233,0,1233,7
2020-09-14,San Bernardino,071,2135413,51981,50163,81,50244,895
2020-09-14,San Diego,073,3302833,44605,42889,755,43644,734
2020-09-14,San Francisco,075,870044,10721,10255,23,10278,90
2020-09-14,San Joaquin,077,732212,19667,19111,43,19154,397
2020-09-14,San Luis Obispo,079,281455,3424,3248,14,3262,25
2020-09-14,San Mateo,081,765935,9641,8847,6,8853,127
2020-09-14,Santa Barbara,083,443738,9303,8692,61,8753,104
2020-09-14,Santa Clara,085,1922200,20602,19545,25,19570,247
2020-09-14,Santa Cruz,087,273765,2211,2016,23,2039,7
2020-09-14,Shasta,089,179085,737,584,3,587,10
2020-09-14,Sierra,091,2930,6,6,0,6,0
2020-09-14,Siskiyou,093,43540,151,143,10,153,0
2020-09-14,Solano,095,438530,6042,5834,41,5875,44
2020-09-14,Sonoma,097,501317,6978,6630,19,6649,102
2020-09-14,Stanislaus,099,539301,16157,15812,492,16304,253
2020-09-14,Sutter,101,95872,1607,1549,1,1550,10
2020-09-14,Tehama,103,63373,493,475,2,477,1
2020-09-14,Trinity,105,12862,26,14,4,18,0
2020-09-14,Tulare,107,460477,15619,15096,80,15176,254
2020-09-14,Tuolumne,109,53932,227,208,2,210,1
2020-09-14,Ventura,111,848112,12467,11903,126,12029,125
2020-09-14,Yolo,113,214977,2746,2687,6,2693,53
2020-09-14,Yuba,115,75493,1029,977,4,981,1
2020-09-13,Alameda,001,1643700,20401,19815,157,19972,306
2020-09-13,Alpine,003,1148,3,2,0,2,0
2020-09-13,Amador,005,37829,282,279,0,279,16
2020-09-13,Butte,007,227075,2786,2640,20,2660,37
2020-09-13,Calaveras,009,45235,303,246,0,246,3
2020-09-13,Colusa,011,21464,511,486,0,486,6
2020-09-13,Contra Costa,013,1133247,16048,15284,79,15363,172
2020-09-13,Del Norte,015,27424,127,116,0,116,1
2020-09-13,El Dorado,017,186661,1078,1035,0,1035,2
2020-09-13,Fresno,019,978130,29441,27196,330,27526,345
2020-09-13,Glenn,021,27897,551,517,0,517,3
2020-09-13,Humboldt,023,135768,478,434,1,435,4
2020-09-13,Imperial,025,180216,11573,10304,6,10310,273
2020-09-13,Inyo,027,18085,186,176,0,176,12
2020-09-13,Kern,029,883053,31149,30277,284,30561,368
2020-09-13,Kings,031,150075,7164,6937,36,6973,70
2020-09-13,Lake,033,64148,464,397,0,397,4
2020-09-13,Lassen,035,31185,731,719,2,721,0
2020-09-13,Los Angeles,037,10098052,256995,253950,1667,255617,6203
2020-09-13,Madera,039,155013,4296,4090,26,4116,45
2020-09-13,Marin,041,260295,6504,6395,15,6410,70
2020-09-13,Mariposa,043,17540,75,74,0,74,2
2020-09-13,Mendocino,045,87422,761,707,0,707,17
2020-09-13,Merced,047,269075,8659,8575,12,8587,112
2020-09-13,Modoc,049,8938,26,21,0,21,0
2020-09-13,Mono,051,14174,165,147,1,148,1
2020-09-13,Monterey,053,433212,9213,8826,21,8847,61
2020-09-13,Napa,055,140530,1616,1563,5,1568,11
2020-09-13,Nevada,057,99092,505,486,13,499,6
2020-09-13,Orange,059,3164182,52582,50061,1343,51404,1075
2020-09-13,Placer,061,380077,3449,3291,13,3304,38
2020-09-13,Plumas,063,18699,48,42,0,42,0
2020-09-13,Riverside,065,2383286,56448,55235,84,55319,1108
2020-09-13,Sacramento,067,1510023,20838,20279,17,20296,367
2020-09-13,San Benito,069,59416,1264,1217,0,1217,7
2020-09-13,San Bernardino,071,2135413,51696,49968,81,50049,895
2020-09-13,San Diego,073,3302833,44280,42681,720,43401,734
2020-09-13,San Francisco,075,870044,10643,10254,23,10277,90
2020-09-13,San Joaquin,077,732212,19595,19110,42,19152,396
2020-09-13,San Luis Obispo,079,281455,3388,3240,14,3254,24
2020-09-13,San Mateo,081,765935,9580,8811,6,8817,127
2020-09-13,Santa Barbara,083,443738,9266,8690,61,8751,104
2020-09-13,Santa Clara,085,1922200,20467,19456,24,19480,245
2020-09-13,Santa Cruz,087,273765,2178,2016,21,2037,7
2020-09-13,Shasta,089,179085,725,583,3,586,10
2020-09-13,Sierra,091,2930,6,6,0,6,0
2020-09-13,Siskiyou,093,43540,151,143,9,152,0
2020-09-13,Solano,095,438530,5996,5810,41,5851,43
2020-09-13,Sonoma,097,501317,6913,6592,19,6611,95
2020-09-13,Stanislaus,099,539301,16094,15759,480,16239,253
2020-09-13,Sutter,101,95872,1595,1539,1,1540,10
2020-09-13,Tehama,103,63373,489,476,2,478,1
2020-09-13,Trinity,105,12862,26,14,4,18,0
2020-09-13,Tulare,107,460477,15547,15098,79,15177,254
2020-09-13,Tuolumne,109,53932,224,208,2,210,1
2020-09-13,Ventura,111,848112,12362,11855,125,11980,123
2020-09-13,Yolo,113,214977,2734,2675,6,2681,53
2020-09-13,Yuba,115,75493,1024,967,4,971,1
2020-09-12,Alameda,001,1643700,20342,19758,157,19915,307
2020-09-12,Alpine,003,1148,3,2,0,2,0
2020-09-12,Amador,005,37829,281,278,0,278,16
2020-09-12,Butte,007,227075,2779,2629,19,2648,37
2020-09-12,Calaveras,009,45235,301,246,0,246,3
2020-09-12,Colusa,011,21464,507,486,0,486,6
2020-09-12,Contra Costa,013,1133247,15975,15135,78,15213,174
2020-09-12,Del Norte,015,27424,126,116,0,116,1
2020-09-12,El Dorado,017,186661,1071,1034,0,1034,2
2020-09-12,Fresno,019,978130,29371,27076,329,27405,345
2020-09-12,Glenn,021,27897,550,517,0,517,3
2020-09-12,Humboldt,023,135768,477,430,1,431,4
2020-09-12,Imperial,025,180216,11561,10305,6,10311,273
2020-09-12,Inyo,027,18085,186,177,0,177,12
2020-09-12,Kern,029,883053,31083,30202,284,30486,368
2020-09-12,Kings,031,150075,7154,6895,36,6931,70
2020-09-12,Lake,033,64148,458,393,0,393,4
2020-09-12,Lassen,035,31185,731,719,2,721,0
2020-09-12,Los Angeles,037,10098052,256436,253156,1646,254802,6193
2020-09-12,Madera,039,155013,4285,4058,26,4084,43
2020-09-12,Marin,041,260295,6495,6393,15,6408,69
2020-09-12,Mariposa,043,17540,75,72,0,72,2
2020-09-12,Mendocino,045,87422,758,700,0,700,17
2020-09-12,Merced,047,269075,8650,8533,12,8545,112
2020-09-12,Modoc,049,8938,25,21,0,21,0
2020-09-12,Mono,051,14174,165,147,1,148,1
2020-09-12,Monterey,053,433212,9177,8743,21,8764,61
2020-09-12,Napa,055,140530,1613,1556,5,1561,11
2020-09-12,Nevada,057,99092,504,482,13,495,6
2020-09-12,Orange,059,3164182,52468,49895,1339,51234,1078
2020-09-12,Placer,061,380077,3432,3280,13,3293,38
2020-09-12,Plumas,063,18699,48,42,0,42,0
2020-09-12,Riverside,065,2383286,56321,55058,79,55137,1108
2020-09-12,Sacramento,067,1510023,20770,20184,17,20201,367
2020-09-12,San Benito,069,59416,1261,1208,0,1208,7
2020-09-12,San Bernardino,071,2135413,51605,49945,80,50025,896
2020-09-12,San Diego,073,3302833,44086,42416,711,43127,747
2020-09-12,San Francisco,075,870044,10598,10257,23,10280,90
2020-09-12,San Joaquin,077,732212,19567,19108,42,19150,396
2020-09-12,San Luis Obispo,079,281455,3362,3220,14,3234,24
2020-09-12,San Mateo,081,765935,9535,8759,6,8765,127
2020-09-12,Santa Barbara,083,443738,9251,8642,61,8703,104
2020-09-12,Santa Clara,085,1922200,20383,19330,24,19354,237
2020-09-12,Santa Cruz,087,273765,2166,2016,21,2037,7
2020-09-12,Shasta,089,179085,713,569,3,572,10
2020-09-12,Sierra,091,2930,6,6,0,6,0
2020-09-12,Siskiyou,093,43540,151,141,9,150,0
2020-09-12,Solano,095,438530,5972,5772,41,5813,43
2020-09-12,Sonoma,097,501317,6889,6531,19,6550,95
2020-09-12,Stanislaus,099,539301,16062,15675,477,16152,253
2020-09-12,Sutter,101,95872,1589,1529,1,1530,10
2020-09-12,Tehama,103,63373,486,471,2,473,1
2020-09-12,Trinity,105,12862,26,15,4,19,0
2020-09-12,Tulare,107,460477,15502,15018,78,15096,254
2020-09-12,Tuolumne,109,53932,224,208,2,210,1
2020-09-12,Ventura,111,848112,12311,11759,123,11882,123
2020-09-12,Yolo,113,214977,2727,2646,6,2652,53
2020-09-12,Yuba,115,75493,1020,963,4,967,1
2020-09-11,Alameda,001,1643700,20287,19625,156,19781,298
2020-09-11,Alpine,003,1148,3,2,0,2,0
2020-09-11,Amador,005,37829,281,277,0,277,16
2020-09-11,Butte,007,227075,2768,2605,19,2624,37
2020-09-11,Calaveras,009,45235,300,242,0,242,1
2020-09-11,Colusa,011,21464,506,484,0,484,6
2020-09-11,Contra Costa,013,1133247,15922,15001,75,15076,173
2020-09-11,Del Norte,015,27424,126,115,0,115,1
2020-09-11,El Dorado,017,186661,1068,1024,0,1024,2
2020-09-11,Fresno,019,978130,29291,26917,328,27245,344
2020-09-11,Glenn,021,27897,545,515,0,515,3
2020-09-11,Humboldt,023,135768,475,426,1,427,4
2020-09-11,Imperial,025,180216,11543,10286,6,10292,273
2020-09-11,Inyo,027,18085,186,176,0,176,12
2020-09-11,Kern,029,883053,31016,30059,283,30342,365
2020-09-11,Kings,031,150075,7137,6770,36,6806,70
2020-09-11,Lake,033,64148,451,382,0,382,4
2020-09-11,Lassen,035,31185,731,719,2,721,0
2020-09-11,Los Angeles,037,10098052,255755,252057,1635,253692,6172
2020-09-11,Madera,039,155013,4266,4018,26,4044,43
2020-09-11,Marin,041,260295,6492,6364,15,6379,69
2020-09-11,Mariposa,043,17540,75,72,0,72,2
2020-09-11,Mendocino,045,87422,747,700,0,700,17
2020-09-11,Merced,047,269075,8629,8489,12,8501,109
2020-09-11,Modoc,049,8938,25,21,0,21,0
2020-09-11,Mono,051,14174,165,145,1,146,1
2020-09-11,Monterey,053,433212,9129,8595,21,8616,61
2020-09-11,Napa,055,140530,1602,1543,5,1548,11
2020-09-11,Nevada,057,99092,497,483,13,496,6
2020-09-11,Orange,059,3164182,52341,49755,1326,51081,1068
2020-09-11,Placer,061,380077,3417,3254,13,3267,37
2020-09-11,Plumas,063,18699,48,42,0,42,0
2020-09-11,Riverside,065,2383286,56188,54717,76,54793,1099
2020-09-11,Sacramento,067,1510023,20683,20012,17,20029,358
2020-09-11,San Benito,069,59416,1251,1202,0,1202,7
2020-09-11,San Bernardino,071,2135413,51505,49682,80,49762,871
2020-09-11,San Diego,073,3302833,43866,41971,705,42676,730
2020-09-11,San Francisco,075,870044,10549,10133,22,10155,89
2020-09-11,San Joaquin,077,732212,19520,19019,42,19061,391
2020-09-11,San Luis Obispo,079,281455,3344,3190,14,3204,24
2020-09-11,San Mateo,081,765935,9493,8611,6,8617,127
2020-09-11,Santa Barbara,083,443738,9217,8592,60,8652,103
2020-09-11,Santa Clara,085,1922200,20294,19065,24,19089,234
2020-09-11,Santa Cruz,087,273765,2149,1997,21,2018,7
2020-09-11,Shasta,089,179085,703,568,3,571,10
2020-09-11,Sierra,091,2930,6,6,0,6,0
2020-09-11,Siskiyou,093,43540,150,139,9,148,0
2020-09-11,Solano,095,438530,5955,5742,41,5783,42
2020-09-11,Sonoma,097,501317,6844,6469,19,6488,91
2020-09-11,Stanislaus,099,539301,16024,15613,474,16087,253
2020-09-11,Sutter,101,95872,1579,1505,1,1506,11
2020-09-11,Tehama,103,63373,483,466,2,468,1
2020-09-11,Trinity,105,12862,26,16,4,20,0
2020-09-11,Tulare,107,460477,15471,14932,76,15008,251
2020-09-11,Tuolumne,109,53932,224,208,2,210,1
2020-09-11,Ventura,111,848112,12257,11700,121,11821,123
2020-09-11,Yolo,113,214977,2716,2632,6,2638,53
2020-09-11,Yuba,115,75493,1012,946,4,950,1
2020-09-10,Alameda,001,1643700,20213,19509,156,19665,292
2020-09-10,Alpine,003,1148,3,2,0,2,0
2020-09-10,Amador,005,37829,280,277,0,277,16
2020-09-10,Butte,007,227075,2751,2590,19,2609,37
2020-09-10,Calaveras,009,45235,300,244,0,244,1
2020-09-10,Colusa,011,21464,504,482,0,482,6
2020-09-10,Contra Costa,013,1133247,15852,14909,75,14984,172
2020-09-10,Del Norte,015,27424,125,112,0,112,1
2020-09-10,El Dorado,017,186661,1065,1020,0,1020,2
2020-09-10,Fresno,019,978130,29170,26783,328,27111,338
2020-09-10,Glenn,021,27897,535,511,0,511,3
2020-09-10,Humboldt,023,135768,464,422,1,423,4
2020-09-10,Imperial,025,180216,11527,10251,6,10257,270
2020-09-10,Inyo,027,18085,185,176,0,176,11
2020-09-10,Kern,029,883053,30933,29988,279,30267,363
2020-09-10,Kings,031,150075,7107,6739,36,6775,70
2020-09-10,Lake,033,64148,444,377,0,377,4
2020-09-10,Lassen,035,31185,730,716,2,718,0
2020-09-10,Los Angeles,037,10098052,254777,251003,1613,252616,6132
2020-09-10,Madera,039,155013,4248,3979,26,4005,43
2020-09-10,Marin,041,260295,6481,6344,15,6359,68
2020-09-10,Mariposa,043,17540,75,72,0,72,2
2020-09-10,Mendocino,045,87422,737,697,0,697,16
2020-09-10,Merced,047,269075,8583,8461,12,8473,109
2020-09-10,Modoc,049,8938,25,21,0,21,0
2020-09-10,Mono,051,14174,165,145,1,146,1
2020-09-10,Monterey,053,433212,9059,8570,21,8591,59
2020-09-10,Napa,055,140530,1596,1536,5,1541,11
2020-09-10,Nevada,057,99092,493,478,13,491,6
2020-09-10,Orange,059,3164182,52178,49617,1319,50936,1057
2020-09-10,Placer,061,380077,3398,3233,13,3246,37
2020-09-10,Plumas,063,18699,48,42,0,42,0
2020-09-10,Riverside,065,2383286,55870,54417,73,54490,1091
2020-09-10,Sacramento,067,1510023,20563,19618,15,19633,354
2020-09-10,San Benito,069,59416,1245,1201,0,1201,5
2020-09-10,San Bernardino,071,2135413,51316,49467,79,49546,867
2020-09-10,San Diego,073,3302833,43600,41610,678,42288,725
2020-09-10,San Francisco,075,870044,10472,10082,22,10104,89
2020-09-10,San Joaquin,077,732212,19467,18854,42,18896,389
2020-09-10,San Luis Obispo,079,281455,3331,3161,14,3175,24
2020-09-10,San Mateo,081,765935,9447,8529,6,8535,125
2020-09-10,Santa Barbara,083,443738,9173,8552,60,8612,100
2020-09-10,Santa Clara,085,1922200,20180,18870,24,18894,231
2020-09-10,Santa Cruz,087,273765,2134,1986,19,2005,7
2020-09-10,Shasta,089,179085,692,566,3,569,10
2020-09-10,Sierra,091,2930,6,6,0,6,0
2020-09-10,Siskiyou,093,43540,150,137,9,146,0
2020-09-10,Solano,095,438530,5915,5696,41,5737,42
2020-09-10,Sonoma,097,501317,6795,6424,19,6443,91
2020-09-10,Stanislaus,099,539301,15970,15509,469,15978,243
2020-09-10,Sutter,101,95872,1567,1494,1,1495,11
2020-09-10,Tehama,103,63373,476,466,2,468,1
2020-09-10,Trinity,105,12862,26,15,4,19,0
2020-09-10,Tulare,107,460477,15416,14860,73,14933,250
2020-09-10,Tuolumne,109,53932,223,205,2,207,1
2020-09-10,Ventura,111,848112,12164,11600,114,11714,122
2020-09-10,Yolo,113,214977,2711,2612,6,2618,53
2020-09-10,Yuba,115,75493,1006,941,4,945,1
2020-09-09,Alameda,001,1643700,20134,19399,155,19554,289
2020-09-09,Alpine,003,1148,3,2,0,2,0
2020-09-09,Amador,005,37829,279,276,0,276,16
2020-09-09,Butte,007,227075,2734,2561,19,2580,37
2020-09-09,Calaveras,009,45235,300,242,0,242,1
2020-09-09,Colusa,011,21464,499,479,0,479,6
2020-09-09,Contra Costa,013,1133247,15766,14816,75,14891,171
2020-09-09,Del Norte,015,27424,121,109,0,109,1
2020-09-09,El Dorado,017,186661,1064,1020,0,1020,2
2020-09-09,Fresno,019,978130,29067,26724,323,27047,329
2020-09-09,Glenn,021,27897,532,508,0,508,3
2020-09-09,Humboldt,023,135768,462,420,1,421,4
2020-09-09,Imperial,025,180216,11506,10233,6,10239,268
2020-09-09,Inyo,027,18085,184,173,0,173,2
2020-09-09,Kern,029,883053,30835,29925,276,30201,355
2020-09-09,Kings,031,150075,7089,6721,36,6757,72
2020-09-09,Lake,033,64148,436,371,0,371,4
2020-09-09,Lassen,035,31185,729,714,2,716,0
2020-09-09,Los Angeles,037,10098052,253895,249876,1594,251470,6091
2020-09-09,Madera,039,155013,4222,3926,26,3952,43
2020-09-09,Marin,041,260295,6462,6321,15,6336,68
2020-09-09,Mariposa,043,17540,74,72,0,72,2
2020-09-09,Mendocino,045,87422,729,695,0,695,16
2020-09-09,Merced,047,269075,8557,8441,12,8453,107
2020-09-09,Modoc,049,8938,24,20,0,20,0
2020-09-09,Mono,051,14174,165,145,1,146,1
2020-09-09,Monterey,053,433212,8987,8527,21,8548,59
2020-09-09,Napa,055,140530,1586,1531,5,1536,11
2020-09-09,Nevada,057,99092,489,476,13,489,6
2020-09-09,Orange,059,3164182,51999,49394,1311,50705,1054
2020-09-09,Placer,061,380077,3378,3222,13,3235,36
2020-09-09,Plumas,063,18699,46,42,0,42,0
2020-09-09,Riverside,065,2383286,55641,54320,70,54390,1081
2020-09-09,Sacramento,067,1510023,20457,19474,15,19489,347
2020-09-09,San Benito,069,59416,1241,1199,0,1199,5
2020-09-09,San Bernardino,071,2135413,51118,49264,79,49343,866
2020-09-09,San Diego,073,3302833,43311,41326,666,41992,721
2020-09-09,San Francisco,075,870044,10422,9996,21,10017,86
2020-09-09,San Joaquin,077,732212,19403,18799,41,18840,388
2020-09-09,San Luis Obispo,079,281455,3313,3131,14,3145,24
2020-09-09,San Mateo,081,765935,9386,8478,6,8484,125
2020-09-09,Santa Barbara,083,443738,9130,8528,60,8588,97
2020-09-09,Santa Clara,085,1922200,20048,18759,24,18783,228
2020-09-09,Santa Cruz,087,273765,2111,1967,19,1986,7
2020-09-09,Shasta,089,179085,680,562,3,565,10
2020-09-09,Sierra,091,2930,6,6,0,6,0
2020-09-09,Siskiyou,093,43540,148,137,9,146,0
2020-09-09,Solano,095,438530,5883,5680,41,5721,36
2020-09-09,Sonoma,097,501317,6728,6397,19,6416,92
2020-09-09,Stanislaus,099,539301,15932,15469,456,15925,243
2020-09-09,Sutter,101,95872,1559,1487,1,1488,11
2020-09-09,Tehama,103,63373,473,462,2,464,1
2020-09-09,Trinity,105,12862,26,14,4,18,0
2020-09-09,Tulare,107,460477,15367,14787,68,14855,249
2020-09-09,Tuolumne,109,53932,222,204,2,206,1
2020-09-09,Ventura,111,848112,12076,11497,111,11608,121
2020-09-09,Yolo,113,214977,2700,2604,6,2610,53
2020-09-09,Yuba,115,75493,1001,936,4,940,1
2020-09-08,Alameda,001,1643700,20026,19293,155,19448,288
2020-09-08,Alpine,003,1148,3,2,0,2,0
2020-09-08,Amador,005,37829,279,276,0,276,16
2020-09-08,Butte,007,227075,2716,2453,19,2472,36
2020-09-08,Calaveras,009,45235,298,233,0,233,1
2020-09-08,Colusa,011,21464,497,475,0,475,6
2020-09-08,Contra Costa,013,1133247,15638,14740,72,14812,171
2020-09-08,Del Norte,015,27424,121,109,0,109,2
2020-09-08,El Dorado,017,186661,1061,1011,0,1011,2
2020-09-08,Fresno,019,978130,28948,26640,319,26959,329
2020-09-08,Glenn,021,27897,528,492,0,492,3
2020-09-08,Humboldt,023,135768,460,420,1,421,4
2020-09-08,Imperial,025,180216,11490,10198,6,10204,267
2020-09-08,Inyo,027,18085,184,169,0,169,2
2020-09-08,Kern,029,883053,30750,29850,274,30124,351
2020-09-08,Kings,031,150075,7051,6658,36,6694,72
2020-09-08,Lake,033,64148,426,370,0,370,4
2020-09-08,Lassen,035,31185,729,710,2,712,0
2020-09-08,Los Angeles,037,10098052,252960,249217,1566,250783,6034
2020-09-08,Madera,039,155013,4198,3904,26,3930,43
2020-09-08,Marin,041,260295,6431,6313,15,6328,68
2020-09-08,Mariposa,043,17540,74,72,0,72,2
2020-09-08,Mendocino,045,87422,722,690,0,690,16
2020-09-08,Merced,047,269075,8534,8381,12,8393,104
2020-09-08,Modoc,049,8938,24,20,0,20,0
2020-09-08,Mono,051,14174,165,145,1,146,1
2020-09-08,Monterey,053,433212,8902,8491,21,8512,59
2020-09-08,Napa,055,140530,1582,1518,5,1523,11
2020-09-08,Nevada,057,99092,489,470,13,483,6
2020-09-08,Orange,059,3164182,51858,49214,1307,50521,1044
2020-09-08,Placer,061,380077,3364,3205,13,3218,36
2020-09-08,Plumas,063,18699,46,42,0,42,0
2020-09-08,Riverside,065,2383286,55429,54168,67,54235,1069
2020-09-08,Sacramento,067,1510023,20222,19411,15,19426,347
2020-09-08,San Benito,069,59416,1234,1188,0,1188,5
2020-09-08,San Bernardino,071,2135413,50929,49034,78,49112,856
2020-09-08,San Diego,073,3302833,42995,41079,654,41733,709
2020-09-08,San Francisco,075,870044,10349,9821,21,9842,86
2020-09-08,San Joaquin,077,732212,19325,18550,41,18591,388
2020-09-08,San Luis Obispo,079,281455,3299,3120,14,3134,23
2020-09-08,San Mateo,081,765935,9310,8460,6,8466,125
2020-09-08,Santa Barbara,083,443738,9096,8488,59,8547,96
2020-09-08,Santa Clara,085,1922200,19871,18645,24,18669,228
2020-09-08,Santa Cruz,087,273765,2083,1903,19,1922,7
2020-09-08,Shasta,089,179085,672,556,3,559,10
2020-09-08,Sierra,091,2930,6,6,0,6,0
2020-09-08,Siskiyou,093,43540,146,136,9,145,0
2020-09-08,Solano,095,438530,5846,5654,41,5695,36
2020-09-08,Sonoma,097,501317,6659,6356,19,6375,92
2020-09-08,Stanislaus,099,539301,15868,15415,444,15859,238
2020-09-08,Sutter,101,95872,1544,1473,1,1474,11
2020-09-08,Tehama,103,63373,469,458,2,460,1
2020-09-08,Trinity,105,12862,25,13,4,17,0
2020-09-08,Tulare,107,460477,15287,14635,67,14702,249
2020-09-08,Tuolumne,109,53932,221,197,2,199,1
2020-09-08,Ventura,111,848112,12008,11475,109,11584,118
2020-09-08,Yolo,113,214977,2690,2580,6,2586,53
2020-09-08,Yuba,115,75493,989,923,4,927,1
2020-09-07,Alameda,001,1643700,19905,19188,150,19338,281
2020-09-07,Alpine,003,1148,3,2,0,2,0
2020-09-07,Amador,005,37829,279,276,0,276,16
2020-09-07,Butte,007,227075,2683,2450,18,2468,30
2020-09-07,Calaveras,009,45235,288,234,0,234,1
2020-09-07,Colusa,011,21464,496,475,0,475,6
2020-09-07,Contra Costa,013,1133247,15525,14637,69,14706,172
2020-09-07,Del Norte,015,27424,121,109,0,109,2
2020-09-07,El Dorado,017,186661,1050,1011,0,1011,2
2020-09-07,Fresno,019,978130,28855,26565,315,26880,329
2020-09-07,Glenn,021,27897,523,488,0,488,3
2020-09-07,Humboldt,023,135768,451,416,1,417,4
2020-09-07,Imperial,025,180216,11459,10199,6,10205,267
2020-09-07,Inyo,027,18085,184,169,0,169,2
2020-09-07,Kern,029,883053,30629,29790,269,30059,348
2020-09-07,Kings,031,150075,6927,6630,36,6666,72
2020-09-07,Lake,033,64148,403,367,0,367,2
2020-09-07,Lassen,035,31185,729,709,2,711,0
2020-09-07,Los Angeles,037,10098052,251915,248804,1543,250347,6030
2020-09-07,Madera,039,155013,4167,3889,26,3915,43
2020-09-07,Marin,041,260295,6401,6296,15,6311,67
2020-09-07,Mariposa,043,17540,74,72,0,72,2
2020-09-07,Mendocino,045,87422,714,687,0,687,16
2020-09-07,Merced,047,269075,8487,8381,12,8393,104
2020-09-07,Modoc,049,8938,23,20,0,20,0
2020-09-07,Mono,051,14174,165,145,1,146,1
2020-09-07,Monterey,053,433212,8823,8463,21,8484,57
2020-09-07,Napa,055,140530,1570,1514,5,1519,11
2020-09-07,Nevada,057,99092,487,469,13,482,6
2020-09-07,Orange,059,3164182,51687,49132,1303,50435,1042
2020-09-07,Placer,061,380077,3333,3188,12,3200,36
2020-09-07,Plumas,063,18699,45,42,0,42,0
2020-09-07,Riverside,065,2383286,55154,54178,61,54239,1069
2020-09-07,Sacramento,067,1510023,19980,19292,15,19307,345
2020-09-07,San Benito,069,59416,1228,1180,0,1180,4
2020-09-07,San Bernardino,071,2135413,50705,49043,78,49121,821
2020-09-07,San Diego,073,3302833,42595,40868,627,41495,708
2020-09-07,San Francisco,075,870044,10299,9813,20,9833,85
2020-09-07,San Joaquin,077,732212,19244,18552,39,18591,386
2020-09-07,San Luis Obispo,079,281455,3262,3116,14,3130,23
2020-09-07,San Mateo,081,765935,9228,8409,6,8415,125
2020-09-07,Santa Barbara,083,443738,9054,8479,59,8538,95
2020-09-07,Santa Clara,085,1922200,19713,18596,23,18619,226
2020-09-07,Santa Cruz,087,273765,2055,1902,19,1921,7
2020-09-07,Shasta,089,179085,662,556,3,559,10
2020-09-07,Sierra,091,2930,6,6,0,6,0
2020-09-07,Siskiyou,093,43540,145,133,9,142,0
2020-09-07,Solano,095,438530,5781,5640,41,5681,36
2020-09-07,Sonoma,097,501317,6592,6268,19,6287,85
2020-09-07,Stanislaus,099,539301,15803,15343,431,15774,236
2020-09-07,Sutter,101,95872,1527,1468,1,1469,11
2020-09-07,Tehama,103,63373,466,453,2,455,1
2020-09-07,Trinity,105,12862,25,13,4,17,0
2020-09-07,Tulare,107,460477,15181,14637,65,14702,249
2020-09-07,Tuolumne,109,53932,220,196,2,198,1
2020-09-07,Ventura,111,848112,11915,11463,107,11570,118
2020-09-07,Yolo,113,214977,2673,2565,5,2570,53
2020-09-07,Yuba,115,75493,973,923,3,926,1
2020-09-06,Alameda,001,1643700,19847,19029,148,19177,281
2020-09-06,Alpine,003,1148,3,2,0,2,0
2020-09-06,Amador,005,37829,277,275,0,275,16
2020-09-06,Butte,007,227075,2674,2446,18,2464,30
2020-09-06,Calaveras,009,45235,288,235,0,235,1
2020-09-06,Colusa,011,21464,492,475,0,475,6
2020-09-06,Contra Costa,013,1133247,15445,14565,68,14633,171
2020-09-06,Del Norte,015,27424,121,109,0,109,2
2020-09-06,El Dorado,017,186661,1048,1008,0,1008,2
2020-09-06,Fresno,019,978130,28791,26471,313,26784,329
2020-09-06,Glenn,021,27897,517,474,0,474,3
2020-09-06,Humboldt,023,135768,448,404,1,405,4
2020-09-06,Imperial,025,180216,11442,10152,6,10158,267
2020-09-06,Inyo,027,18085,184,169,0,169,2
2020-09-06,Kern,029,883053,30574,29699,265,29964,348
2020-09-06,Kings,031,150075,6907,6561,35,6596,72
2020-09-06,Lake,033,64148,400,362,0,362,2
2020-09-06,Lassen,035,31185,729,709,2,711,0
2020-09-06,Los Angeles,037,10098052,251287,248316,1527,249843,6004
2020-09-06,Madera,039,155013,4123,3867,26,3893,42
2020-09-06,Marin,041,260295,6389,6276,15,6291,67
2020-09-06,Mariposa,043,17540,74,72,0,72,2
2020-09-06,Mendocino,045,87422,713,672,0,672,16
2020-09-06,Merced,047,269075,8467,8327,12,8339,104
2020-09-06,Modoc,049,8938,23,20,0,20,0
2020-09-06,Mono,051,14174,164,145,1,146,1
2020-09-06,Monterey,053,433212,8784,8403,20,8423,56
2020-09-06,Napa,055,140530,1566,1501,3,1504,11
2020-09-06,Nevada,057,99092,487,467,13,480,6
2020-09-06,Orange,059,3164182,51574,48931,1298,50229,1042
2020-09-06,Placer,061,380077,3316,3169,12,3181,36
2020-09-06,Plumas,063,18699,44,42,0,42,0
2020-09-06,Riverside,065,2383286,55038,53970,59,54029,1069
2020-09-06,Sacramento,067,1510023,19885,19128,15,19143,340
2020-09-06,San Benito,069,59416,1226,1178,0,1178,4
2020-09-06,San Bernardino,071,2135413,50596,48923,78,49001,823
2020-09-06,San Diego,073,3302833,42347,40652,621,41273,707
2020-09-06,San Francisco,075,870044,10225,9813,20,9833,85
2020-09-06,San Joaquin,077,732212,19195,18558,39,18597,386
2020-09-06,San Luis Obispo,079,281455,3251,3101,14,3115,23
2020-09-06,San Mateo,081,765935,9175,8387,6,8393,125
2020-09-06,Santa Barbara,083,443738,9025,8434,59,8493,95
2020-09-06,Santa Clara,085,1922200,19612,18495,23,18518,207
2020-09-06,Santa Cruz,087,273765,2048,1902,19,1921,7
2020-09-06,Shasta,089,179085,656,550,3,553,10
2020-09-06,Sierra,091,2930,6,6,0,6,0
2020-09-06,Siskiyou,093,43540,145,132,9,141,0
2020-09-06,Solano,095,438530,5755,5619,41,5660,37
2020-09-06,Sonoma,097,501317,6563,6212,19,6231,85
2020-09-06,Stanislaus,099,539301,15760,15288,426,15714,236
2020-09-06,Sutter,101,95872,1514,1451,1,1452,11
2020-09-06,Tehama,103,63373,465,455,2,457,1
2020-09-06,Trinity,105,12862,24,13,4,17,0
2020-09-06,Tulare,107,460477,15138,14636,64,14700,249
2020-09-06,Tuolumne,109,53932,217,194,2,196,1
2020-09-06,Ventura,111,848112,11873,11315,106,11421,118
2020-09-06,Yolo,113,214977,2660,2556,5,2561,53
2020-09-06,Yuba,115,75493,965,913,3,916,1
2020-09-05,Alameda,001,1643700,19800,18973,146,19119,279
2020-09-05,Alpine,003,1148,3,2,0,2,0
2020-09-05,Amador,005,37829,277,274,0,274,16
2020-09-05,Butte,007,227075,2658,2406,17,2423,30
2020-09-05,Calaveras,009,45235,288,237,0,237,1
2020-09-05,Colusa,011,21464,488,472,0,472,6
2020-09-05,Contra Costa,013,1133247,15369,14456,66,14522,173
2020-09-05,Del Norte,015,27424,121,109,0,109,2
2020-09-05,El Dorado,017,186661,1048,1007,0,1007,2
2020-09-05,Fresno,019,978130,28723,26325,313,26638,331
2020-09-05,Glenn,021,27897,516,474,0,474,3
2020-09-05,Humboldt,023,135768,446,402,1,403,4
2020-09-05,Imperial,025,180216,11425,10151,6,10157,268
2020-09-05,Inyo,027,18085,184,169,0,169,2
2020-09-05,Kern,029,883053,30514,29645,261,29906,347
2020-09-05,Kings,031,150075,6898,6518,35,6553,66
2020-09-05,Lake,033,64148,397,359,0,359,2
2020-09-05,Lassen,035,31185,729,709,2,711,0
2020-09-05,Los Angeles,037,10098052,250753,247572,1514,249086,6001
2020-09-05,Madera,039,155013,4082,3851,26,3877,42
2020-09-05,Marin,041,260295,6382,6259,15,6274,66
2020-09-05,Mariposa,043,17540,74,72,0,72,2
2020-09-05,Mendocino,045,87422,712,658,0,658,16
2020-09-05,Merced,047,269075,8435,8297,10,8307,104
2020-09-05,Modoc,049,8938,23,19,0,19,0
2020-09-05,Mono,051,14174,164,145,1,146,1
2020-09-05,Monterey,053,433212,8754,8301,20,8321,56
2020-09-05,Napa,055,140530,1560,1484,3,1487,11
2020-09-05,Nevada,057,99092,484,461,13,474,6
2020-09-05,Orange,059,3164182,51472,48726,1293,50019,1039
2020-09-05,Placer,061,380077,3306,3141,12,3153,35
2020-09-05,Plumas,063,18699,44,42,0,42,0
2020-09-05,Riverside,065,2383286,54932,53780,59,53839,1066
2020-09-05,Sacramento,067,1510023,19795,18955,15,18970,339
2020-09-05,San Benito,069,59416,1224,1153,0,1153,4
2020-09-05,San Bernardino,071,2135413,50521,48800,77,48877,825
2020-09-05,San Diego,073,3302833,42155,40344,609,40953,717
2020-09-05,San Francisco,075,870044,10192,9812,19,9831,85
2020-09-05,San Joaquin,077,732212,19167,18557,39,18596,386
2020-09-05,San Luis Obispo,079,281455,3241,3083,14,3097,23
2020-09-05,San Mateo,081,765935,9130,8352,6,8358,124
2020-09-05,Santa Barbara,083,443738,9008,8404,59,8463,96
2020-09-05,Santa Clara,085,1922200,19527,18311,23,18334,207
2020-09-05,Santa Cruz,087,273765,2040,1904,19,1923,7
2020-09-05,Shasta,089,179085,655,544,3,547,10
2020-09-05,Sierra,091,2930,6,6,0,6,0
2020-09-05,Siskiyou,093,43540,144,131,9,140,0
2020-09-05,Solano,095,438530,5743,5579,41,5620,37
2020-09-05,Sonoma,097,501317,6530,6149,19,6168,85
2020-09-05,Stanislaus,099,539301,15712,15198,422,15620,236
2020-09-05,Sutter,101,95872,1507,1445,1,1446,11
2020-09-05,Tehama,103,63373,464,447,2,449,1
2020-09-05,Trinity,105,12862,24,13,4,17,0
2020-09-05,Tulare,107,460477,15082,14576,62,14638,249
2020-09-05,Tuolumne,109,53932,217,194,2,196,1
2020-09-05,Ventura,111,848112,11831,11254,106,11360,118
2020-09-05,Yolo,113,214977,2650,2534,5,2539,53
2020-09-05,Yuba,115,75493,959,902,3,905,1
2020-09-04,Alameda,001,1643700,19732,18843,144,18987,276
2020-09-04,Alpine,003,1148,3,2,0,2,0
2020-09-04,Amador,005,37829,276,274,0,274,16
2020-09-04,Butte,007,227075,2635,2325,17,2342,28
2020-09-04,Calaveras,009,45235,286,237,0,237,1
2020-09-04,Colusa,011,21464,486,467,0,467,6
2020-09-04,Contra Costa,013,1133247,15289,14355,65,14420,164
2020-09-04,Del Norte,015,27424,121,109,0,109,2
2020-09-04,El Dorado,017,186661,1044,992,0,992,2
2020-09-04,Fresno,019,978130,28618,26147,312,26459,321
2020-09-04,Glenn,021,27897,508,463,0,463,3
2020-09-04,Humboldt,023,135768,441,390,1,391,4
2020-09-04,Imperial,025,180216,11416,10136,6,10142,267
2020-09-04,Inyo,027,18085,184,169,0,169,2
2020-09-04,Kern,029,883053,30446,29526,258,29784,345
2020-09-04,Kings,031,150075,6885,6259,35,6294,66
2020-09-04,Lake,033,64148,397,347,0,347,2
2020-09-04,Lassen,035,31185,729,708,2,710,0
2020-09-04,Los Angeles,037,10098052,250181,246396,1493,247889,5977
2020-09-04,Madera,039,155013,4069,3838,26,3864,42
2020-09-04,Marin,041,260295,6370,6251,15,6266,66
2020-09-04,Mariposa,043,17540,74,72,0,72,2
2020-09-04,Mendocino,045,87422,710,646,0,646,16
2020-09-04,Merced,047,269075,8415,8214,10,8224,104
2020-09-04,Modoc,049,8938,23,15,0,15,0
2020-09-04,Mono,051,14174,164,145,1,146,1
2020-09-04,Monterey,053,433212,8709,8208,20,8228,56
2020-09-04,Napa,055,140530,1551,1475,3,1478,11
2020-09-04,Nevada,057,99092,481,455,13,468,6
2020-09-04,Orange,059,3164182,51348,48488,1286,49774,1031
2020-09-04,Placer,061,380077,3294,3101,12,3113,35
2020-09-04,Plumas,063,18699,44,42,0,42,0
2020-09-04,Riverside,065,2383286,54819,53606,54,53660,1066
2020-09-04,Sacramento,067,1510023,19707,18765,15,18780,337
2020-09-04,San Benito,069,59416,1215,1137,0,1137,4
2020-09-04,San Bernardino,071,2135413,50429,48497,77,48574,800
2020-09-04,San Diego,073,3302833,41925,39901,600,40501,701
2020-09-04,San Francisco,075,870044,10152,9694,18,9712,85
2020-09-04,San Joaquin,077,732212,19113,18438,39,18477,376
2020-09-04,San Luis Obispo,079,281455,3226,3049,13,3062,21
2020-09-04,San Mateo,081,765935,9086,8275,6,8281,122
2020-09-04,Santa Barbara,083,443738,8977,8340,59,8399,96
2020-09-04,Santa Clara,085,1922200,19419,18074,23,18097,209
2020-09-04,Santa Cruz,087,273765,2023,1896,18,1914,7
2020-09-04,Shasta,089,179085,652,536,3,539,10
2020-09-04,Sierra,091,2930,6,6,0,6,0
2020-09-04,Siskiyou,093,43540,144,129,9,138,0
2020-09-04,Solano,095,438530,5730,5552,41,5593,37
2020-09-04,Sonoma,097,501317,6465,6050,19,6069,85
2020-09-04,Stanislaus,099,539301,15677,15074,413,15487,233
2020-09-04,Sutter,101,95872,1491,1425,1,1426,11
2020-09-04,Tehama,103,63373,460,442,2,444,1
2020-09-04,Trinity,105,12862,24,13,4,17,0
2020-09-04,Tulare,107,460477,15054,14501,58,14559,247
2020-09-04,Tuolumne,109,53932,217,193,2,195,1
2020-09-04,Ventura,111,848112,11789,11171,106,11277,114
2020-09-04,Yolo,113,214977,2635,2495,5,2500,53
2020-09-04,Yuba,115,75493,954,884,3,887,1
2020-09-03,Alameda,001,1643700,19629,18687,144,18831,275
2020-09-03,Alpine,003,1148,3,2,0,2,0
2020-09-03,Amador,005,37829,276,274,0,274,16
2020-09-03,Butte,007,227075,2590,2274,17,2291,27
2020-09-03,Calaveras,009,45235,285,238,0,238,1
2020-09-03,Colusa,011,21464,484,464,0,464,6
2020-09-03,Contra Costa,013,1133247,15182,14206,62,14268,159
2020-09-03,Del Norte,015,27424,118,109,0,109,2
2020-09-03,El Dorado,017,186661,1040,983,0,983,2
2020-09-03,Fresno,019,978130,28500,25978,306,26284,313
2020-09-03,Glenn,021,27897,504,460,0,460,3
2020-09-03,Humboldt,023,135768,436,390,1,391,4
2020-09-03,Imperial,025,180216,11396,10083,6,10089,255
2020-09-03,Inyo,027,18085,182,171,0,171,3
2020-09-03,Kern,029,883053,30354,29426,243,29669,340
2020-09-03,Kings,031,150075,6805,6200,35,6235,64
2020-09-03,Lake,033,64148,388,347,0,347,2
2020-09-03,Lassen,035,31185,729,707,2,709,0
2020-09-03,Los Angeles,037,10098052,249306,245026,1471,246497,5931
2020-09-03,Madera,039,155013,4050,3780,26,3806,43
2020-09-03,Marin,041,260295,6351,6175,15,6190,66
2020-09-03,Mariposa,043,17540,74,71,0,71,2
2020-09-03,Mendocino,045,87422,701,638,0,638,16
2020-09-03,Merced,047,269075,8373,8136,10,8146,105
2020-09-03,Modoc,049,8938,23,14,0,14,0
2020-09-03,Mono,051,14174,163,144,1,145,1
2020-09-03,Monterey,053,433212,8655,8128,20,8148,56
2020-09-03,Napa,055,140530,1544,1466,3,1469,10
2020-09-03,Nevada,057,99092,478,453,13,466,6
2020-09-03,Orange,059,3164182,51161,48226,1270,49496,1009
2020-09-03,Placer,061,380077,3276,3069,12,3081,34
2020-09-03,Plumas,063,18699,44,39,0,39,0
2020-09-03,Riverside,065,2383286,54639,53341,50,53391,1052
2020-09-03,Sacramento,067,1510023,19579,18553,14,18567,328
2020-09-03,San Benito,069,59416,1204,1121,0,1121,4
2020-09-03,San Bernardino,071,2135413,50264,48165,77,48242,800
2020-09-03,San Diego,073,3302833,41611,39448,584,40032,700
2020-09-03,San Francisco,075,870044,10086,9636,16,9652,84
2020-09-03,San Joaquin,077,732212,19036,18331,39,18370,371
2020-09-03,San Luis Obispo,079,281455,3209,3023,13,3036,21
2020-09-03,San Mateo,081,765935,9012,8211,6,8217,122
2020-09-03,Santa Barbara,083,443738,8930,8277,59,8336,96
2020-09-03,Santa Clara,085,1922200,19239,17879,23,17902,208
2020-09-03,Santa Cruz,087,273765,2008,1870,18,1888,7
2020-09-03,Shasta,089,179085,647,535,3,538,10
2020-09-03,Sierra,091,2930,6,6,0,6,0
2020-09-03,Siskiyou,093,43540,144,128,9,137,0
2020-09-03,Solano,095,438530,5710,5499,40,5539,36
2020-09-03,Sonoma,097,501317,6403,5997,19,6016,62
2020-09-03,Stanislaus,099,539301,15625,14985,409,15394,217
2020-09-03,Sutter,101,95872,1481,1412,1,1413,11
2020-09-03,Tehama,103,63373,456,436,2,438,1
2020-09-03,Trinity,105,12862,23,13,4,17,0
2020-09-03,Tulare,107,460477,14988,14408,57,14465,244
2020-09-03,Tuolumne,109,53932,217,193,2,195,1
2020-09-03,Ventura,111,848112,11672,11109,103,11212,112
2020-09-03,Yolo,113,214977,2619,2475,5,2480,53
2020-09-03,Yuba,115,75493,947,867,3,870,1
2020-09-02,Alameda,001,1643700,19511,18522,141,18663,260
2020-09-02,Alpine,003,1148,3,2,0,2,0
2020-09-02,Amador,005,37829,276,245,0,245,14
2020-09-02,Butte,007,227075,2544,2241,17,2258,27
2020-09-02,Calaveras,009,45235,284,235,0,235,1
2020-09-02,Colusa,011,21464,480,460,0,460,6
2020-09-02,Contra Costa,013,1133247,15094,14097,59,14156,159
2020-09-02,Del Norte,015,27424,117,109,0,109,2
2020-09-02,El Dorado,017,186661,1036,975,0,975,2
2020-09-02,Fresno,019,978130,28353,25785,303,26088,292
2020-09-02,Glenn,021,27897,499,457,0,457,3
2020-09-02,Humboldt,023,135768,433,381,1,382,4
2020-09-02,Imperial,025,180216,11380,9832,6,9838,255
2020-09-02,Inyo,027,18085,182,171,0,171,3
2020-09-02,Kern,029,883053,30262,29288,237,29525,335
2020-09-02,Kings,031,150075,6720,6142,35,6177,64
2020-09-02,Lake,033,64148,384,342,0,342,2
2020-09-02,Lassen,035,31185,727,706,2,708,0
2020-09-02,Los Angeles,037,10098052,248364,243999,1444,245443,5887
2020-09-02,Madera,039,155013,4030,3735,26,3761,41
2020-09-02,Marin,041,260295,6336,6131,15,6146,66
2020-09-02,Mariposa,043,17540,74,71,0,71,2
2020-09-02,Mendocino,045,87422,691,636,0,636,15
2020-09-02,Merced,047,269075,8342,8097,9,8106,103
2020-09-02,Modoc,049,8938,22,11,0,11,0
2020-09-02,Mono,051,14174,163,145,1,146,1
2020-09-02,Monterey,053,433212,8591,8070,20,8090,56
2020-09-02,Napa,055,140530,1532,1454,3,1457,10
2020-09-02,Nevada,057,99092,472,452,12,464,6
2020-09-02,Orange,059,3164182,50979,47871,1261,49132,994
2020-09-02,Placer,061,380077,3251,3047,11,3058,33
2020-09-02,Plumas,063,18699,44,39,0,39,0
2020-09-02,Riverside,065,2383286,54437,52923,47,52970,1032
2020-09-02,Sacramento,067,1510023,19345,18355,14,18369,316
2020-09-02,San Benito,069,59416,1191,1107,0,1107,4
2020-09-02,San Bernardino,071,2135413,50101,47766,76,47842,794
2020-09-02,San Diego,073,3302833,41291,39123,570,39693,695
2020-09-02,San Francisco,075,870044,10017,9587,16,9603,84
2020-09-02,San Joaquin,077,732212,18955,18194,38,18232,352
2020-09-02,San Luis Obispo,079,281455,3183,3002,12,3014,21
2020-09-02,San Mateo,081,765935,8955,8148,6,8154,122
2020-09-02,Santa Barbara,083,443738,8875,8206,58,8264,94
2020-09-02,Santa Clara,085,1922200,19086,17673,23,17696,206
2020-09-02,Santa Cruz,087,273765,1985,1850,18,1868,7
2020-09-02,Shasta,089,179085,646,531,3,534,10
2020-09-02,Sierra,091,2930,6,6,0,6,0
2020-09-02,Siskiyou,093,43540,143,127,9,136,0
2020-09-02,Solano,095,438530,5682,5463,40,5503,36
2020-09-02,Sonoma,097,501317,6341,5846,19,5865,62
2020-09-02,Stanislaus,099,539301,15555,14854,402,15256,220
2020-09-02,Sutter,101,95872,1466,1401,1,1402,10
2020-09-02,Tehama,103,63373,453,429,2,431,1
2020-09-02,Trinity,105,12862,23,13,4,17,0
2020-09-02,Tulare,107,460477,14921,14298,56,14354,244
2020-09-02,Tuolumne,109,53932,217,190,2,192,1
2020-09-02,Ventura,111,848112,11584,11031,102,11133,111
2020-09-02,Yolo,113,214977,2598,2449,5,2454,54
2020-09-02,Yuba,115,75493,940,856,3,859,1
2020-09-01,Alameda,001,1643700,19371,18382,138,18520,248
2020-09-01,Alpine,003,1148,3,2,0,2,0
2020-09-01,Amador,005,37829,275,244,0,244,13
2020-09-01,Butte,007,227075,2487,2146,17,2163,26
2020-09-01,Calaveras,009,45235,276,228,0,228,1
2020-09-01,Colusa,011,21464,476,454,0,454,6
2020-09-01,Contra Costa,013,1133247,15000,13998,57,14055,158
2020-09-01,Del Norte,015,27424,116,108,0,108,2
2020-09-01,El Dorado,017,186661,1028,972,0,972,2
2020-09-01,Fresno,019,978130,28209,25542,299,25841,290
2020-09-01,Glenn,021,27897,492,449,0,449,3
2020-09-01,Humboldt,023,135768,427,378,1,379,4
2020-09-01,Imperial,025,180216,11354,9782,6,9788,250
2020-09-01,Inyo,027,18085,182,171,0,171,3
2020-09-01,Kern,029,883053,30172,29162,232,29394,332
2020-09-01,Kings,031,150075,6689,6088,35,6123,62
2020-09-01,Lake,033,64148,381,341,0,341,2
2020-09-01,Lassen,035,31185,724,706,2,708,0
2020-09-01,Los Angeles,037,10098052,247260,242633,1417,244050,5832
2020-09-01,Madera,039,155013,4001,3703,25,3728,41
2020-09-01,Marin,041,260295,6321,6102,15,6117,67
2020-09-01,Mariposa,043,17540,73,72,0,72,2
2020-09-01,Mendocino,045,87422,676,626,0,626,15
2020-09-01,Merced,047,269075,8289,8046,8,8054,103
2020-09-01,Modoc,049,8938,20,10,0,10,0
2020-09-01,Mono,051,14174,163,145,1,146,1
2020-09-01,Monterey,053,433212,8483,7926,20,7946,56
2020-09-01,Napa,055,140530,1517,1446,3,1449,10
2020-09-01,Nevada,057,99092,466,450,12,462,6
2020-09-01,Orange,059,3164182,50814,47671,1242,48913,976
2020-09-01,Placer,061,380077,3229,3013,11,3024,33
2020-09-01,Plumas,063,18699,44,39,0,39,0
2020-09-01,Riverside,065,2383286,54218,52785,46,52831,1027
2020-09-01,Sacramento,067,1510023,19161,18217,13,18230,305
2020-09-01,San Benito,069,59416,1179,1089,0,1089,4
2020-09-01,San Bernardino,071,2135413,49894,47371,76,47447,786
2020-09-01,San Diego,073,3302833,40933,38873,532,39405,688
2020-09-01,San Francisco,075,870044,9948,9492,16,9508,83
2020-09-01,San Joaquin,077,732212,18873,17915,37,17952,341
2020-09-01,San Luis Obispo,079,281455,3157,2970,12,2982,21
2020-09-01,San Mateo,081,765935,8875,8132,6,8138,122
2020-09-01,Santa Barbara,083,443738,8825,8142,57,8199,93
2020-09-01,Santa Clara,085,1922200,18908,17319,23,17342,204
2020-09-01,Santa Cruz,087,273765,1961,1752,18,1770,7
2020-09-01,Shasta,089,179085,638,527,3,530,9
2020-09-01,Sierra,091,2930,6,6,0,6,0
2020-09-01,Siskiyou,093,43540,140,128,8,136,0
2020-09-01,Solano,095,438530,5656,5438,40,5478,34
2020-09-01,Sonoma,097,501317,6251,5733,19,5752,60
2020-09-01,Stanislaus,099,539301,15480,14784,392,15176,212
2020-09-01,Sutter,101,95872,1455,1389,1,1390,10
2020-09-01,Tehama,103,63373,449,422,2,424,1
2020-09-01,Trinity,105,12862,23,13,4,17,0
2020-09-01,Tulare,107,460477,14839,14156,56,14212,241
2020-09-01,Tuolumne,109,53932,211,183,2,185,1
2020-09-01,Ventura,111,848112,11510,10899,96,10995,108
2020-09-01,Yolo,113,214977,2581,2440,5,2445,51
2020-09-01,Yuba,115,75493,931,841,3,844,1
2020-08-31,Alameda,001,1643700,19227,18148,138,18286,248
2020-08-31,Alpine,003,1148,3,2,0,2,0
2020-08-31,Amador,005,37829,275,243,0,243,13
2020-08-31,Butte,007,227075,2424,2069,17,2086,26
2020-08-31,Calaveras,009,45235,271,212,0,212,1
2020-08-31,Colusa,011,21464,475,443,0,443,6
2020-08-31,Contra Costa,013,1133247,14873,13902,54,13956,153
2020-08-31,Del Norte,015,27424,116,108,0,108,2
2020-08-31,El Dorado,017,186661,1021,965,0,965,2
2020-08-31,Fresno,019,978130,27989,25185,293,25478,290
2020-08-31,Glenn,021,27897,480,437,0,437,3
2020-08-31,Humboldt,023,135768,425,374,1,375,4
2020-08-31,Imperial,025,180216,11323,9759,6,9765,250
2020-08-31,Inyo,027,18085,181,160,0,160,3
2020-08-31,Kern,029,883053,30074,29067,231,29298,318
2020-08-31,Kings,031,150075,6421,6037,35,6072,62
2020-08-31,Lake,033,64148,365,341,0,341,2
2020-08-31,Lassen,035,31185,721,706,2,708,0
2020-08-31,Los Angeles,037,10098052,246146,241793,1389,243182,5787
2020-08-31,Madera,039,155013,3978,3662,24,3686,35
2020-08-31,Marin,041,260295,6284,6074,15,6089,67
2020-08-31,Mariposa,043,17540,73,69,0,69,2
2020-08-31,Mendocino,045,87422,664,618,0,618,15
2020-08-31,Merced,047,269075,8227,7991,8,7999,79
2020-08-31,Modoc,049,8938,18,10,0,10,0
2020-08-31,Mono,051,14174,163,145,1,146,1
2020-08-31,Monterey,053,433212,8376,7839,20,7859,56
2020-08-31,Napa,055,140530,1509,1434,3,1437,10
2020-08-31,Nevada,057,99092,464,447,12,459,6
2020-08-31,Orange,059,3164182,50616,47392,1213,48605,965
2020-08-31,Placer,061,380077,3178,2989,11,3000,33
2020-08-31,Plumas,063,18699,43,39,0,39,0
2020-08-31,Riverside,065,2383286,53998,52508,44,52552,1020
2020-08-31,Sacramento,067,1510023,18926,17999,13,18012,303
2020-08-31,San Benito,069,59416,1163,1080,0,1080,4
2020-08-31,San Bernardino,071,2135413,49684,47370,75,47445,755
2020-08-31,San Diego,073,3302833,40566,38606,499,39105,682
2020-08-31,San Francisco,075,870044,9869,9293,13,9306,83
2020-08-31,San Joaquin,077,732212,18786,17807,36,17843,338
2020-08-31,San Luis Obispo,079,281455,3134,2951,11,2962,21
2020-08-31,San Mateo,081,765935,8805,8065,6,8071,122
2020-08-31,Santa Barbara,083,443738,8778,8124,57,8181,94
2020-08-31,Santa Clara,085,1922200,18719,17211,23,17234,202
2020-08-31,Santa Cruz,087,273765,1936,1742,18,1760,7
2020-08-31,Shasta,089,179085,633,528,3,531,9
2020-08-31,Sierra,091,2930,6,6,0,6,0
2020-08-31,Siskiyou,093,43540,139,127,8,135,0
2020-08-31,Solano,095,438530,5624,5302,39,5341,34
2020-08-31,Sonoma,097,501317,6176,5650,19,5669,60
2020-08-31,Stanislaus,099,539301,15407,14685,382,15067,213
2020-08-31,Sutter,101,95872,1440,1365,1,1366,10
2020-08-31,Tehama,103,63373,446,421,2,423,1
2020-08-31,Trinity,105,12862,23,13,4,17,0
2020-08-31,Tulare,107,460477,14752,13985,55,14040,237
2020-08-31,Tuolumne,109,53932,211,178,2,180,1
2020-08-31,Ventura,111,848112,11427,10866,95,10961,108
2020-08-31,Yolo,113,214977,2563,2423,5,2428,51
2020-08-31,Yuba,115,75493,917,830,3,833,1
2020-08-30,Alameda,001,1643700,19103,18099,135,18234,248
2020-08-30,Alpine,003,1148,3,2,0,2,0
2020-08-30,Amador,005,37829,274,240,0,240,13
2020-08-30,Butte,007,227075,2344,1988,17,2005,26
2020-08-30,Calaveras,009,45235,262,211,0,211,1
2020-08-30,Colusa,011,21464,474,440,0,440,6
2020-08-30,Contra Costa,013,1133247,14734,13780,54,13834,150
2020-08-30,Del Norte,015,27424,115,108,0,108,2
2020-08-30,El Dorado,017,186661,1011,962,0,962,2
2020-08-30,Fresno,019,978130,27864,24963,292,25255,291
2020-08-30,Glenn,021,27897,473,437,0,437,3
2020-08-30,Humboldt,023,135768,414,362,1,363,4
2020-08-30,Imperial,025,180216,11304,9703,6,9709,250
2020-08-30,Inyo,027,18085,181,160,0,160,3
2020-08-30,Kern,029,883053,29981,28987,231,29218,317
2020-08-30,Kings,031,150075,6375,6000,35,6035,62
2020-08-30,Lake,033,64148,360,334,0,334,2
2020-08-30,Lassen,035,31185,719,706,2,708,0
2020-08-30,Los Angeles,037,10098052,244994,240775,1355,242130,5772
2020-08-30,Madera,039,155013,3949,3626,24,3650,33
2020-08-30,Marin,041,260295,6254,6060,15,6075,66
2020-08-30,Mariposa,043,17540,73,69,0,69,2
2020-08-30,Mendocino,045,87422,658,611,0,611,13
2020-08-30,Merced,047,269075,8152,7960,8,7968,79
2020-08-30,Modoc,049,8938,13,10,0,10,0
2020-08-30,Mono,051,14174,163,145,1,146,1
2020-08-30,Monterey,053,433212,8293,7816,20,7836,54
2020-08-30,Napa,055,140530,1497,1423,3,1426,10
2020-08-30,Nevada,057,99092,461,445,12,457,6
2020-08-30,Orange,059,3164182,50422,47283,1197,48480,965
2020-08-30,Placer,061,380077,3145,2961,11,2972,32
2020-08-30,Plumas,063,18699,42,39,0,39,0
2020-08-30,Riverside,065,2383286,53819,52227,42,52269,1017
2020-08-30,Sacramento,067,1510023,18746,17751,13,17764,300
2020-08-30,San Benito,069,59416,1153,1071,0,1071,4
2020-08-30,San Bernardino,071,2135413,49428,47201,75,47276,755
2020-08-30,San Diego,073,3302833,40168,38302,478,38780,682
2020-08-30,San Francisco,075,870044,9771,9294,10,9304,83
2020-08-30,San Joaquin,077,732212,18669,17637,35,17672,338
2020-08-30,San Luis Obispo,079,281455,3109,2934,11,2945,21
2020-08-30,San Mateo,081,765935,8728,8013,5,8018,122
2020-08-30,Santa Barbara,083,443738,8718,8088,57,8145,93
2020-08-30,Santa Clara,085,1922200,18543,17045,23,17068,202
2020-08-30,Santa Cruz,087,273765,1910,1743,18,1761,7
2020-08-30,Shasta,089,179085,630,525,3,528,9
2020-08-30,Sierra,091,2930,6,6,0,6,0
2020-08-30,Siskiyou,093,43540,137,125,8,133,0
2020-08-30,Solano,095,438530,5580,5303,39,5342,34
2020-08-30,Sonoma,097,501317,6118,5590,19,5609,60
2020-08-30,Stanislaus,099,539301,15336,14580,373,14953,209
2020-08-30,Sutter,101,95872,1418,1351,1,1352,10
2020-08-30,Tehama,103,63373,437,419,2,421,1
2020-08-30,Trinity,105,12862,23,13,4,17,0
2020-08-30,Tulare,107,460477,14657,13985,54,14039,236
2020-08-30,Tuolumne,109,53932,207,178,2,180,1
2020-08-30,Ventura,111,848112,11315,10775,90,10865,108
2020-08-30,Yolo,113,214977,2535,2391,4,2395,51
2020-08-30,Yuba,115,75493,903,832,3,835,1
2020-08-29,Alameda,001,1643700,19036,17888,135,18023,250
2020-08-29,Alpine,003,1148,3,2,0,2,0
2020-08-29,Amador,005,37829,274,239,0,239,13
2020-08-29,Butte,007,227075,2313,1948,17,1965,26
2020-08-29,Calaveras,009,45235,258,211,0,211,1
2020-08-29,Colusa,011,21464,471,440,0,440,6
2020-08-29,Contra Costa,013,1133247,14661,13663,53,13716,159
2020-08-29,Del Norte,015,27424,115,108,0,108,1
2020-08-29,El Dorado,017,186661,1008,958,0,958,2
2020-08-29,Fresno,019,978130,27809,24821,292,25113,291
2020-08-29,Glenn,021,27897,467,437,0,437,3
2020-08-29,Humboldt,023,135768,411,363,1,364,4
2020-08-29,Imperial,025,180216,11289,9698,6,9704,250
2020-08-29,Inyo,027,18085,181,160,0,160,3
2020-08-29,Kern,029,883053,29940,28947,230,29177,317
2020-08-29,Kings,031,150075,6360,5906,35,5941,62
2020-08-29,Lake,033,64148,359,329,0,329,2
2020-08-29,Lassen,035,31185,719,706,2,708,0
2020-08-29,Los Angeles,037,10098052,244339,239815,1342,241157,5762
2020-08-29,Madera,039,155013,3940,3605,23,3628,33
2020-08-29,Marin,041,260295,6242,6007,15,6022,64
2020-08-29,Mariposa,043,17540,73,69,0,69,2
2020-08-29,Mendocino,045,87422,653,596,0,596,13
2020-08-29,Merced,047,269075,8122,7867,8,7875,79
2020-08-29,Modoc,049,8938,13,9,0,9,0
2020-08-29,Mono,051,14174,163,145,1,146,1
2020-08-29,Monterey,053,433212,8248,7680,20,7700,53
2020-08-29,Napa,055,140530,1494,1413,3,1416,10
2020-08-29,Nevada,057,99092,461,442,12,454,5
2020-08-29,Orange,059,3164182,50316,47007,1186,48193,960
2020-08-29,Placer,061,380077,3129,2935,11,2946,32
2020-08-29,Plumas,063,18699,41,39,0,39,0
2020-08-29,Riverside,065,2383286,53708,51918,40,51958,1016
2020-08-29,Sacramento,067,1510023,18675,17588,13,17601,291
2020-08-29,San Benito,069,59416,1144,1045,0,1045,4
2020-08-29,San Bernardino,071,2135413,49314,46849,75,46924,755
2020-08-29,San Diego,073,3302833,39902,38049,460,38509,694
2020-08-29,San Francisco,075,870044,9743,9291,9,9300,83
2020-08-29,San Joaquin,077,732212,18625,17493,35,17528,335
2020-08-29,San Luis Obispo,079,281455,3085,2917,11,2928,21
2020-08-29,San Mateo,081,765935,8686,7928,5,7933,122
2020-08-29,Santa Barbara,083,443738,8692,8052,56,8108,93
2020-08-29,Santa Clara,085,1922200,18446,16898,22,16920,202
2020-08-29,Santa Cruz,087,273765,1898,1746,18,1764,7
2020-08-29,Shasta,089,179085,622,522,3,525,9
2020-08-29,Sierra,091,2930,6,6,0,6,0
2020-08-29,Siskiyou,093,43540,137,121,8,129,0
2020-08-29,Solano,095,438530,5559,5303,39,5342,34
2020-08-29,Sonoma,097,501317,6084,5537,19,5556,60
2020-08-29,Stanislaus,099,539301,15287,14479,363,14842,208
2020-08-29,Sutter,101,95872,1413,1333,1,1334,9
2020-08-29,Tehama,103,63373,436,417,2,419,1
2020-08-29,Trinity,105,12862,23,11,4,15,0
2020-08-29,Tulare,107,460477,14619,13890,53,13943,236
2020-08-29,Tuolumne,109,53932,207,178,2,180,1
2020-08-29,Ventura,111,848112,11275,10705,90,10795,108
2020-08-29,Yolo,113,214977,2517,2357,4,2361,51
2020-08-29,Yuba,115,75493,894,822,3,825,1
2020-08-28,Alameda,001,1643700,18953,17729,134,17863,237
2020-08-28,Alpine,003,1148,3,2,0,2,0
2020-08-28,Amador,005,37829,274,234,0,234,13
2020-08-28,Butte,007,227075,2283,1886,17,1903,25
2020-08-28,Calaveras,009,45235,256,207,0,207,1
2020-08-28,Colusa,011,21464,470,441,0,441,6
2020-08-28,Contra Costa,013,1133247,14590,13522,52,13574,158
2020-08-28,Del Norte,015,27424,115,107,0,107,1
2020-08-28,El Dorado,017,186661,1002,949,0,949,2
2020-08-28,Fresno,019,978130,27675,24612,292,24904,282
2020-08-28,Glenn,021,27897,460,429,0,429,3
2020-08-28,Humboldt,023,135768,407,362,1,363,4
2020-08-28,Imperial,025,180216,11275,9656,6,9662,241
2020-08-28,Inyo,027,18085,180,160,0,160,2
2020-08-28,Kern,029,883053,29893,28744,230,28974,306
2020-08-28,Kings,031,150075,6353,5829,34,5863,62
2020-08-28,Lake,033,64148,354,320,0,320,2
2020-08-28,Lassen,035,31185,719,704,2,706,0
2020-08-28,Los Angeles,037,10098052,243530,238544,1317,239861,5740
2020-08-28,Madera,039,155013,3921,3552,23,3575,33
2020-08-28,Marin,041,260295,6220,5991,15,6006,63
2020-08-28,Mariposa,043,17540,73,67,0,67,2
2020-08-28,Mendocino,045,87422,648,588,0,588,11
2020-08-28,Merced,047,269075,8092,7803,8,7811,77
2020-08-28,Modoc,049,8938,13,6,0,6,0
2020-08-28,Mono,051,14174,163,145,1,146,1
2020-08-28,Monterey,053,433212,8191,7591,20,7611,53
2020-08-28,Napa,055,140530,1486,1403,3,1406,10
2020-08-28,Nevada,057,99092,460,438,12,450,5
2020-08-28,Orange,059,3164182,50216,46696,1171,47867,942
2020-08-28,Placer,061,380077,3118,2891,11,2902,32
2020-08-28,Plumas,063,18699,41,39,0,39,0
2020-08-28,Riverside,065,2383286,53577,51510,37,51547,1008
2020-08-28,Sacramento,067,1510023,18577,17119,13,17132,283
2020-08-28,San Benito,069,59416,1128,1016,0,1016,3
2020-08-28,San Bernardino,071,2135413,49197,46553,75,46628,754
2020-08-28,San Diego,073,3302833,39672,37786,445,38231,676
2020-08-28,San Francisco,075,870044,9689,9135,9,9144,83
2020-08-28,San Joaquin,077,732212,18572,17114,34,17148,314
2020-08-28,San Luis Obispo,079,281455,3068,2849,11,2860,20
2020-08-28,San Mateo,081,765935,8639,7783,5,7788,121
2020-08-28,Santa Barbara,083,443738,8658,8001,56,8057,92
2020-08-28,Santa Clara,085,1922200,18315,16696,22,16718,201
2020-08-28,Santa Cruz,087,273765,1886,1747,18,1765,7
2020-08-28,Shasta,089,179085,618,516,3,519,9
2020-08-28,Sierra,091,2930,6,6,0,6,0
2020-08-28,Siskiyou,093,43540,135,119,8,127,0
2020-08-28,Solano,095,438530,5540,5219,39,5258,34
2020-08-28,Sonoma,097,501317,6049,5425,18,5443,58
2020-08-28,Stanislaus,099,539301,15245,14176,359,14535,190
2020-08-28,Sutter,101,95872,1403,1308,1,1309,9
2020-08-28,Tehama,103,63373,431,410,2,412,1
2020-08-28,Trinity,105,12862,23,11,4,15,0
2020-08-28,Tulare,107,460477,14573,13776,53,13829,236
2020-08-28,Tuolumne,109,53932,207,176,2,178,1
2020-08-28,Ventura,111,848112,11239,10606,88,10694,103
2020-08-28,Yolo,113,214977,2508,2323,4,2327,51
2020-08-28,Yuba,115,75493,885,810,3,813,1
2020-08-27,Alameda,001,1643700,18809,17584,131,17715,234
2020-08-27,Alpine,003,1148,3,2,0,2,0
2020-08-27,Amador,005,37829,273,233,0,233,13
2020-08-27,Butte,007,227075,2217,1803,16,1819,25
2020-08-27,Calaveras,009,45235,250,204,0,204,1
2020-08-27,Colusa,011,21464,468,438,0,438,6
2020-08-27,Contra Costa,013,1133247,14490,13379,51,13430,158
2020-08-27,Del Norte,015,27424,115,107,0,107,1
2020-08-27,El Dorado,017,186661,998,942,0,942,2
2020-08-27,Fresno,019,978130,27493,24367,288,24655,272
2020-08-27,Glenn,021,27897,452,429,0,429,3
2020-08-27,Humboldt,023,135768,399,358,1,359,4
2020-08-27,Imperial,025,180216,11248,9608,6,9614,235
2020-08-27,Inyo,027,18085,180,157,0,157,2
2020-08-27,Kern,029,883053,29821,28635,221,28856,294
2020-08-27,Kings,031,150075,6331,5759,34,5793,62
2020-08-27,Lake,033,64148,352,314,0,314,2
2020-08-27,Lassen,035,31185,719,703,2,705,0
2020-08-27,Los Angeles,037,10098052,242519,237103,1299,238402,5704
2020-08-27,Madera,039,155013,3895,3465,23,3488,33
2020-08-27,Marin,041,260295,6196,5929,15,5944,62
2020-08-27,Mariposa,043,17540,73,67,0,67,2
2020-08-27,Mendocino,045,87422,639,581,0,581,10
2020-08-27,Merced,047,269075,8048,7765,8,7773,75
2020-08-27,Modoc,049,8938,11,5,0,5,0
2020-08-27,Mono,051,14174,163,145,1,146,1
2020-08-27,Monterey,053,433212,8097,7501,20,7521,52
2020-08-27,Napa,055,140530,1480,1397,3,1400,10
2020-08-27,Nevada,057,99092,457,435,12,447,5
2020-08-27,Orange,059,3164182,50059,46449,1160,47609,935
2020-08-27,Placer,061,380077,3087,2869,11,2880,32
2020-08-27,Plumas,063,18699,40,39,0,39,0
2020-08-27,Riverside,065,2383286,53370,51306,34,51340,999
2020-08-27,Sacramento,067,1510023,18378,16875,13,16888,281
2020-08-27,San Benito,069,59416,1112,987,0,987,3
2020-08-27,San Bernardino,071,2135413,48971,46345,75,46420,751
2020-08-27,San Diego,073,3302833,39401,37501,425,37926,673
2020-08-27,San Francisco,075,870044,9623,9014,9,9023,83
2020-08-27,San Joaquin,077,732212,18492,16989,34,17023,314
2020-08-27,San Luis Obispo,079,281455,3043,2808,11,2819,20
2020-08-27,San Mateo,081,765935,8530,7728,5,7733,121
2020-08-27,Santa Barbara,083,443738,8620,7934,56,7990,92
2020-08-27,Santa Clara,085,1922200,18132,16495,22,16517,199
2020-08-27,Santa Cruz,087,273765,1869,1734,18,1752,7
2020-08-27,Shasta,089,179085,612,512,3,515,9
2020-08-27,Sierra,091,2930,6,6,0,6,0
2020-08-27,Siskiyou,093,43540,135,118,8,126,0
2020-08-27,Solano,095,438530,5502,5167,39,5206,34
2020-08-27,Sonoma,097,501317,5937,5357,18,5375,58
2020-08-27,Stanislaus,099,539301,15165,14080,355,14435,186
2020-08-27,Sutter,101,95872,1383,1296,1,1297,9
2020-08-27,Tehama,103,63373,426,398,2,400,1
2020-08-27,Trinity,105,12862,23,11,4,15,0
2020-08-27,Tulare,107,460477,14481,13666,52,13718,231
2020-08-27,Tuolumne,109,53932,202,174,2,176,1
2020-08-27,Ventura,111,848112,11176,10483,84,10567,102
2020-08-27,Yolo,113,214977,2484,2293,4,2297,51
2020-08-27,Yuba,115,75493,874,807,3,810,1
2020-08-26,Alameda,001,1643700,18648,17373,131,17504,233
2020-08-26,Alpine,003,1148,3,2,0,2,0
2020-08-26,Amador,005,37829,273,229,0,229,13
2020-08-26,Butte,007,227075,2150,1765,14,1779,25
2020-08-26,Calaveras,009,45235,242,201,0,201,1
2020-08-26,Colusa,011,21464,462,433,0,433,5
2020-08-26,Contra Costa,013,1133247,14352,13248,51,13299,157
2020-08-26,Del Norte,015,27424,114,86,0,86,1
2020-08-26,El Dorado,017,186661,996,938,0,938,2
2020-08-26,Fresno,019,978130,27345,24071,286,24357,255
2020-08-26,Glenn,021,27897,450,429,0,429,3
2020-08-26,Humboldt,023,135768,387,357,1,358,4
2020-08-26,Imperial,025,180216,11226,9453,6,9459,227
2020-08-26,Inyo,027,18085,177,157,0,157,2
2020-08-26,Kern,029,883053,29683,28507,217,28724,286
2020-08-26,Kings,031,150075,6311,5720,34,5754,62
2020-08-26,Lake,033,64148,348,308,0,308,2
2020-08-26,Lassen,035,31185,719,702,2,704,0
2020-08-26,Los Angeles,037,10098052,241485,235499,1266,236765,5665
2020-08-26,Madera,039,155013,3866,3458,23,3481,32
2020-08-26,Marin,041,260295,6179,5887,15,5902,56
2020-08-26,Mariposa,043,17540,73,68,0,68,2
2020-08-26,Mendocino,045,87422,628,581,0,581,10
2020-08-26,Merced,047,269075,8015,7720,8,7728,74
2020-08-26,Modoc,049,8938,8,5,0,5,0
2020-08-26,Mono,051,14174,163,141,1,142,1
2020-08-26,Monterey,053,433212,8004,7439,20,7459,51
2020-08-26,Napa,055,140530,1467,1382,3,1385,10
2020-08-26,Nevada,057,99092,454,432,12,444,2
2020-08-26,Orange,059,3164182,49875,46157,1145,47302,905
2020-08-26,Placer,061,380077,3065,2846,9,2855,32
2020-08-26,Plumas,063,18699,39,39,0,39,0
2020-08-26,Riverside,065,2383286,53128,51138,34,51172,987
2020-08-26,Sacramento,067,1510023,18215,16708,13,16721,271
2020-08-26,San Benito,069,59416,1097,978,0,978,3
2020-08-26,San Bernardino,071,2135413,48762,45840,74,45914,743
2020-08-26,San Diego,073,3302833,39063,37224,398,37622,668
2020-08-26,San Francisco,075,870044,9548,8938,9,8947,81
2020-08-26,San Joaquin,077,732212,18403,16845,33,16878,309
2020-08-26,San Luis Obispo,079,281455,3015,2761,11,2772,20
2020-08-26,San Mateo,081,765935,8463,7655,5,7660,121
2020-08-26,Santa Barbara,083,443738,8587,7904,56,7960,90
2020-08-26,Santa Clara,085,1922200,17955,16283,22,16305,198
2020-08-26,Santa Cruz,087,273765,1858,1726,18,1744,7
2020-08-26,Shasta,089,179085,607,511,3,514,9
2020-08-26,Sierra,091,2930,6,6,0,6,0
2020-08-26,Siskiyou,093,43540,132,109,8,117,0
2020-08-26,Solano,095,438530,5478,5131,38,5169,34
2020-08-26,Sonoma,097,501317,5863,5283,18,5301,58
2020-08-26,Stanislaus,099,539301,15088,13964,349,14313,186
2020-08-26,Sutter,101,95872,1365,1275,1,1276,9
2020-08-26,Tehama,103,63373,423,396,2,398,1
2020-08-26,Trinity,105,12862,23,10,4,14,0
2020-08-26,Tulare,107,460477,14414,13568,52,13620,232
2020-08-26,Tuolumne,109,53932,201,172,2,174,1
2020-08-26,Ventura,111,848112,11105,10412,77,10489,100
2020-08-26,Yolo,113,214977,2461,2279,4,2283,49
2020-08-26,Yuba,115,75493,859,779,3,782,1
2020-08-25,Alameda,001,1643700,18491,17278,131,17409,232
2020-08-25,Alpine,003,1148,3,2,0,2,0
2020-08-25,Amador,005,37829,273,227,0,227,13
2020-08-25,Butte,007,227075,2083,1718,14,1732,24
2020-08-25,Calaveras,009,45235,240,196,0,196,1
2020-08-25,Colusa,011,21464,455,430,0,430,5
2020-08-25,Contra Costa,013,1133247,14214,13181,50,13231,156
2020-08-25,Del Norte,015,27424,113,83,0,83,1
2020-08-25,El Dorado,017,186661,993,928,0,928,2
2020-08-25,Fresno,019,978130,27156,23932,285,24217,250
2020-08-25,Glenn,021,27897,447,429,0,429,3
2020-08-25,Humboldt,023,135768,382,342,1,343,4
2020-08-25,Imperial,025,180216,11198,9381,6,9387,217
2020-08-25,Inyo,027,18085,175,144,0,144,1
2020-08-25,Kern,029,883053,29546,28416,217,28633,285
2020-08-25,Kings,031,150075,6154,5702,34,5736,59
2020-08-25,Lake,033,64148,343,304,0,304,2
2020-08-25,Lassen,035,31185,718,692,2,694,0
2020-08-25,Los Angeles,037,10098052,240163,233961,1219,235180,5612
2020-08-25,Madera,039,155013,3851,3446,22,3468,32
2020-08-25,Marin,041,260295,6141,5860,15,5875,56
2020-08-25,Mariposa,043,17540,73,67,0,67,2
2020-08-25,Mendocino,045,87422,620,571,0,571,10
2020-08-25,Merced,047,269075,7948,7693,7,7700,69
2020-08-25,Modoc,049,8938,8,5,0,5,0
2020-08-25,Mono,051,14174,163,129,1,130,1
2020-08-25,Monterey,053,433212,7924,7333,20,7353,51
2020-08-25,Napa,055,140530,1460,1374,3,1377,10
2020-08-25,Nevada,057,99092,451,430,12,442,2
2020-08-25,Orange,059,3164182,49681,45737,1128,46865,902
2020-08-25,Placer,061,380077,3046,2829,6,2835,31
2020-08-25,Plumas,063,18699,39,39,0,39,0
2020-08-25,Riverside,065,2383286,52899,50889,34,50923,981
2020-08-25,Sacramento,067,1510023,18063,16601,13,16614,265
2020-08-25,San Benito,069,59416,1081,973,0,973,3
2020-08-25,San Bernardino,071,2135413,48527,45544,74,45618,727
2020-08-25,San Diego,073,3302833,38784,36996,376,37372,665
2020-08-25,San Francisco,075,870044,9471,8848,9,8857,81
2020-08-25,San Joaquin,077,732212,18276,16795,33,16828,306
2020-08-25,San Luis Obispo,079,281455,2957,2731,10,2741,20
2020-08-25,San Mateo,081,765935,8403,7636,5,7641,120
2020-08-25,Santa Barbara,083,443738,8535,7854,56,7910,90
2020-08-25,Santa Clara,085,1922200,17783,16199,22,16221,194
2020-08-25,Santa Cruz,087,273765,1839,1708,18,1726,7
2020-08-25,Shasta,089,179085,603,511,3,514,9
2020-08-25,Sierra,091,2930,6,6,0,6,0
2020-08-25,Siskiyou,093,43540,131,109,8,117,0
2020-08-25,Solano,095,438530,5417,5114,38,5152,34
2020-08-25,Sonoma,097,501317,5778,5148,18,5166,56
2020-08-25,Stanislaus,099,539301,14980,13886,338,14224,182
2020-08-25,Sutter,101,95872,1348,1259,1,1260,9
2020-08-25,Tehama,103,63373,420,394,2,396,1
2020-08-25,Trinity,105,12862,21,10,4,14,0
2020-08-25,Tulare,107,460477,14311,13514,51,13565,224
2020-08-25,Tuolumne,109,53932,199,172,2,174,1
2020-08-25,Ventura,111,848112,11020,10313,72,10385,99
2020-08-25,Yolo,113,214977,2448,2254,4,2258,50
2020-08-25,Yuba,115,75493,849,775,3,778,1
2020-08-24,Alameda,001,1643700,18297,16913,130,17043,231
2020-08-24,Alpine,003,1148,3,2,0,2,0
2020-08-24,Amador,005,37829,271,227,0,227,13
2020-08-24,Butte,007,227075,1999,1649,14,1663,23
2020-08-24,Calaveras,009,45235,230,187,0,187,1
2020-08-24,Colusa,011,21464,451,425,0,425,5
2020-08-24,Contra Costa,013,1133247,14098,12906,48,12954,153
2020-08-24,Del Norte,015,27424,113,80,0,80,1
2020-08-24,El Dorado,017,186661,985,908,0,908,2
2020-08-24,Fresno,019,978130,26971,23618,278,23896,235
2020-08-24,Glenn,021,27897,445,421,0,421,2
2020-08-24,Humboldt,023,135768,378,340,1,341,4
2020-08-24,Imperial,025,180216,11164,9323,6,9329,210
2020-08-24,Inyo,027,18085,171,144,0,144,2
2020-08-24,Kern,029,883053,29449,28157,211,28368,277
2020-08-24,Kings,031,150075,6066,5652,34,5686,60
2020-08-24,Lake,033,64148,329,302,0,302,2
2020-08-24,Lassen,035,31185,718,693,2,695,0
2020-08-24,Los Angeles,037,10098052,238798,233036,1197,234233,5562
2020-08-24,Madera,039,155013,3824,3418,22,3440,32
2020-08-24,Marin,041,260295,6078,5834,15,5849,56
2020-08-24,Mariposa,043,17540,71,66,0,66,2
2020-08-24,Mendocino,045,87422,605,550,0,550,10
2020-08-24,Merced,047,269075,7870,7605,7,7612,69
2020-08-24,Modoc,049,8938,8,5,0,5,0
2020-08-24,Mono,051,14174,163,129,1,130,1
2020-08-24,Monterey,053,433212,7815,7212,19,7231,50
2020-08-24,Napa,055,140530,1447,1358,3,1361,10
2020-08-24,Nevada,057,99092,446,423,12,435,2
2020-08-24,Orange,059,3164182,49490,45536,1117,46653,887
2020-08-24,Placer,061,380077,3000,2793,6,2799,31
2020-08-24,Plumas,063,18699,39,37,0,37,0
2020-08-24,Riverside,065,2383286,52622,50496,34,50530,975
2020-08-24,Sacramento,067,1510023,17865,16318,13,16331,249
2020-08-24,San Benito,069,59416,1060,961,0,961,3
2020-08-24,San Bernardino,071,2135413,48263,45199,73,45272,720
2020-08-24,San Diego,073,3302833,38496,36729,348,37077,660
2020-08-24,San Francisco,075,870044,9388,8621,9,8630,81
2020-08-24,San Joaquin,077,732212,18135,16565,32,16597,305
2020-08-24,San Luis Obispo,079,281455,2929,2705,10,2715,20
2020-08-24,San Mateo,081,765935,8336,7502,5,7507,120
2020-08-24,Santa Barbara,083,443738,8494,7784,56,7840,90
2020-08-24,Santa Clara,085,1922200,17579,16049,22,16071,192
2020-08-24,Santa Cruz,087,273765,1819,1627,17,1644,6
2020-08-24,Shasta,089,179085,601,505,3,508,9
2020-08-24,Sierra,091,2930,6,6,0,6,0
2020-08-24,Siskiyou,093,43540,127,107,8,115,0
2020-08-24,Solano,095,438530,5368,4979,36,5015,32
2020-08-24,Sonoma,097,501317,5676,5071,18,5089,56
2020-08-24,Stanislaus,099,539301,14882,13521,323,13844,171
2020-08-24,Sutter,101,95872,1329,1219,1,1220,9
2020-08-24,Tehama,103,63373,415,388,2,390,1
2020-08-24,Trinity,105,12862,21,10,4,14,0
2020-08-24,Tulare,107,460477,14204,13360,50,13410,223
2020-08-24,Tuolumne,109,53932,198,170,2,172,1
2020-08-24,Ventura,111,848112,10940,10261,69,10330,99
2020-08-24,Yolo,113,214977,2413,2239,4,2243,47
2020-08-24,Yuba,115,75493,832,750,3,753,1
2020-08-23,Alameda,001,1643700,18074,16786,130,16916,231
2020-08-23,Alpine,003,1148,3,2,0,2,0
2020-08-23,Amador,005,37829,268,227,0,227,13
2020-08-23,Butte,007,227075,1885,1637,14,1651,23
2020-08-23,Calaveras,009,45235,220,187,0,187,1
2020-08-23,Colusa,011,21464,444,424,0,424,5
2020-08-23,Contra Costa,013,1133247,13938,12642,48,12690,153
2020-08-23,Del Norte,015,27424,113,80,0,80,1
2020-08-23,El Dorado,017,186661,972,901,0,901,2
2020-08-23,Fresno,019,978130,26769,23414,273,23687,235
2020-08-23,Glenn,021,27897,438,421,0,421,2
2020-08-23,Humboldt,023,135768,376,341,1,342,4
2020-08-23,Imperial,025,180216,11136,9243,6,9249,210
2020-08-23,Inyo,027,18085,168,144,0,144,2
2020-08-23,Kern,029,883053,29300,28028,206,28234,277
2020-08-23,Kings,031,150075,6024,5628,34,5662,60
2020-08-23,Lake,033,64148,325,299,0,299,2
2020-08-23,Lassen,035,31185,717,693,2,695,0
2020-08-23,Los Angeles,037,10098052,237201,231833,1120,232953,5549
2020-08-23,Madera,039,155013,3792,3401,21,3422,32
2020-08-23,Marin,041,260295,6038,5807,14,5821,50
2020-08-23,Mariposa,043,17540,71,66,0,66,2
2020-08-23,Mendocino,045,87422,601,550,0,550,10
2020-08-23,Merced,047,269075,7801,7574,6,7580,69
2020-08-23,Modoc,049,8938,7,5,0,5,0
2020-08-23,Mono,051,14174,163,129,1,130,1
2020-08-23,Monterey,053,433212,7725,7173,19,7192,50
2020-08-23,Napa,055,140530,1435,1348,3,1351,10
2020-08-23,Nevada,057,99092,441,421,12,433,2
2020-08-23,Orange,059,3164182,49254,45267,1104,46371,887
2020-08-23,Placer,061,380077,2961,2772,6,2778,31
2020-08-23,Plumas,063,18699,39,37,0,37,0
2020-08-23,Riverside,065,2383286,52353,50293,32,50325,955
2020-08-23,Sacramento,067,1510023,17641,16084,12,16096,243
2020-08-23,San Benito,069,59416,1047,938,0,938,3
2020-08-23,San Bernardino,071,2135413,47994,45010,73,45083,719
2020-08-23,San Diego,073,3302833,38175,36542,321,36863,660
2020-08-23,San Francisco,075,870044,9293,8564,8,8572,80
2020-08-23,San Joaquin,077,732212,18002,16069,31,16100,305
2020-08-23,San Luis Obispo,079,281455,2887,2679,10,2689,20
2020-08-23,San Mateo,081,765935,8241,7450,5,7455,120
2020-08-23,Santa Barbara,083,443738,8426,7725,56,7781,90
2020-08-23,Santa Clara,085,1922200,17385,15912,20,15932,191
2020-08-23,Santa Cruz,087,273765,1793,1627,17,1644,6
2020-08-23,Shasta,089,179085,596,501,3,504,9
2020-08-23,Sierra,091,2930,6,6,0,6,0
2020-08-23,Siskiyou,093,43540,122,107,8,115,0
2020-08-23,Solano,095,438530,5310,4977,34,5011,32
2020-08-23,Sonoma,097,501317,5588,5018,18,5036,56
2020-08-23,Stanislaus,099,539301,14748,13483,299,13782,171
2020-08-23,Sutter,101,95872,1307,1203,1,1204,9
2020-08-23,Tehama,103,63373,405,381,2,383,1
2020-08-23,Trinity,105,12862,21,10,4,14,0
2020-08-23,Tulare,107,460477,14074,13303,46,13349,223
2020-08-23,Tuolumne,109,53932,194,164,2,166,1
2020-08-23,Ventura,111,848112,10840,10126,64,10190,99
2020-08-23,Yolo,113,214977,2385,2210,4,2214,47
2020-08-23,Yuba,115,75493,811,750,3,753,1
2020-08-22,Alameda,001,1643700,17980,16648,129,16777,231
2020-08-22,Alpine,003,1148,3,2,0,2,0
2020-08-22,Amador,005,37829,267,224,0,224,13
2020-08-22,Butte,007,227075,1835,1618,14,1632,22
2020-08-22,Calaveras,009,45235,217,187,0,187,1
2020-08-22,Colusa,011,21464,440,419,0,419,5
2020-08-22,Contra Costa,013,1133247,13851,12522,48,12570,153
2020-08-22,Del Norte,015,27424,112,80,0,80,1
2020-08-22,El Dorado,017,186661,970,900,0,900,2
2020-08-22,Fresno,019,978130,26672,23197,272,23469,235
2020-08-22,Glenn,021,27897,437,421,0,421,2
2020-08-22,Humboldt,023,135768,366,334,1,335,4
2020-08-22,Imperial,025,180216,11128,9244,6,9250,210
2020-08-22,Inyo,027,18085,168,144,0,144,1
2020-08-22,Kern,029,883053,29246,27807,206,28013,277
2020-08-22,Kings,031,150075,6015,5447,34,5481,60
2020-08-22,Lake,033,64148,323,291,0,291,2
2020-08-22,Lassen,035,31185,717,693,2,695,0
2020-08-22,Los Angeles,037,10098052,236544,230858,1101,231959,5540
2020-08-22,Madera,039,155013,3773,3330,21,3351,32
2020-08-22,Marin,041,260295,6026,5789,14,5803,49
2020-08-22,Mariposa,043,17540,71,66,0,66,2
2020-08-22,Mendocino,045,87422,598,529,0,529,10
2020-08-22,Merced,047,269075,7773,7493,6,7499,69
2020-08-22,Modoc,049,8938,7,5,0,5,0
2020-08-22,Mono,051,14174,163,129,1,130,1
2020-08-22,Monterey,053,433212,7677,7081,19,7100,50
2020-08-22,Napa,055,140530,1430,1328,3,1331,11
2020-08-22,Nevada,057,99092,441,411,12,423,2
2020-08-22,Orange,059,3164182,49112,45131,1098,46229,885
2020-08-22,Placer,061,380077,2947,2734,6,2740,30
2020-08-22,Plumas,063,18699,39,37,0,37,0
2020-08-22,Riverside,065,2383286,52204,49944,31,49975,953
2020-08-22,Sacramento,067,1510023,17530,15516,12,15528,239
2020-08-22,San Benito,069,59416,1031,912,0,912,3
2020-08-22,San Bernardino,071,2135413,47865,44803,72,44875,719
2020-08-22,San Diego,073,3302833,37993,36205,310,36515,673
2020-08-22,San Francisco,075,870044,9233,8568,8,8576,80
2020-08-22,San Joaquin,077,732212,17946,16068,31,16099,305
2020-08-22,San Luis Obispo,079,281455,2862,2660,10,2670,20
2020-08-22,San Mateo,081,765935,8194,7361,5,7366,120
2020-08-22,Santa Barbara,083,443738,8400,7685,56,7741,90
2020-08-22,Santa Clara,085,1922200,17278,15590,20,15610,190
2020-08-22,Santa Cruz,087,273765,1777,1628,16,1644,6
2020-08-22,Shasta,089,179085,594,493,3,496,9
2020-08-22,Sierra,091,2930,6,6,0,6,0
2020-08-22,Siskiyou,093,43540,122,106,8,114,0
2020-08-22,Solano,095,438530,5280,4944,33,4977,32
2020-08-22,Sonoma,097,501317,5542,4891,18,4909,57
2020-08-22,Stanislaus,099,539301,14700,13380,280,13660,170
2020-08-22,Sutter,101,95872,1300,1189,1,1190,8
2020-08-22,Tehama,103,63373,404,368,2,370,1
2020-08-22,Trinity,105,12862,21,8,4,12,0
2020-08-22,Tulare,107,460477,14007,13196,46,13242,222
2020-08-22,Tuolumne,109,53932,192,162,2,164,1
2020-08-22,Ventura,111,848112,10785,9959,62,10021,99
2020-08-22,Yolo,113,214977,2369,2188,4,2192,47
2020-08-22,Yuba,115,75493,799,738,3,741,1
2020-08-21,Alameda,001,1643700,17889,16413,129,16542,232
2020-08-21,Alpine,003,1148,3,2,0,2,0
2020-08-21,Amador,005,37829,266,223,0,223,11
2020-08-21,Butte,007,227075,1796,1582,14,1596,19
2020-08-21,Calaveras,009,45235,217,182,0,182,1
2020-08-21,Colusa,011,21464,438,418,0,418,5
2020-08-21,Contra Costa,013,1133247,13761,12333,47,12380,149
2020-08-21,Del Norte,015,27424,112,78,0,78,1
2020-08-21,El Dorado,017,186661,966,885,0,885,2
2020-08-21,Fresno,019,978130,26502,22840,271,23111,232
2020-08-21,Glenn,021,27897,433,418,0,418,2
2020-08-21,Humboldt,023,135768,363,331,1,332,4
2020-08-21,Imperial,025,180216,11112,9166,6,9172,204
2020-08-21,Inyo,027,18085,168,144,0,144,1
2020-08-21,Kern,029,883053,29187,27567,204,27771,269
2020-08-21,Kings,031,150075,5993,5391,34,5425,60
2020-08-21,Lake,033,64148,321,281,0,281,2
2020-08-21,Lassen,035,31185,717,693,2,695,0
2020-08-21,Los Angeles,037,10098052,235668,229235,1079,230314,5494
2020-08-21,Madera,039,155013,3743,3271,21,3292,31
2020-08-21,Marin,041,260295,6006,5762,14,5776,49
2020-08-21,Mariposa,043,17540,71,66,0,66,2
2020-08-21,Mendocino,045,87422,588,505,0,505,10
2020-08-21,Merced,047,269075,7744,7357,6,7363,69
2020-08-21,Modoc,049,8938,7,5,0,5,0
2020-08-21,Mono,051,14174,163,128,1,129,1
2020-08-21,Monterey,053,433212,7605,6974,19,6993,49
2020-08-21,Napa,055,140530,1421,1317,3,1320,10
2020-08-21,Nevada,057,99092,440,406,12,418,2
2020-08-21,Orange,059,3164182,48971,44625,1090,45715,875
2020-08-21,Placer,061,380077,2931,2698,5,2703,30
2020-08-21,Plumas,063,18699,39,36,0,36,0
2020-08-21,Riverside,065,2383286,52011,49409,31,49440,932
2020-08-21,Sacramento,067,1510023,17407,15247,12,15259,237
2020-08-21,San Benito,069,59416,1021,891,0,891,3
2020-08-21,San Bernardino,071,2135413,47745,44249,72,44321,668
2020-08-21,San Diego,073,3302833,37789,35914,293,36207,652
2020-08-21,San Francisco,075,870044,9183,8375,8,8383,80
2020-08-21,San Joaquin,077,732212,17863,15888,29,15917,301
2020-08-21,San Luis Obispo,079,281455,2839,2640,10,2650,19
2020-08-21,San Mateo,081,765935,8136,7253,5,7258,120
2020-08-21,Santa Barbara,083,443738,8359,7645,56,7701,86
2020-08-21,Santa Clara,085,1922200,17126,15399,20,15419,190
2020-08-21,Santa Cruz,087,273765,1765,1617,16,1633,6
2020-08-21,Shasta,089,179085,594,486,3,489,9
2020-08-21,Sierra,091,2930,6,6,0,6,0
2020-08-21,Siskiyou,093,43540,122,103,6,109,0
2020-08-21,Solano,095,438530,5257,4891,32,4923,32
2020-08-21,Sonoma,097,501317,5472,4816,18,4834,57
2020-08-21,Stanislaus,099,539301,14631,13282,265,13547,161
2020-08-21,Sutter,101,95872,1287,1173,1,1174,8
2020-08-21,Tehama,103,63373,402,357,2,359,1
2020-08-21,Trinity,105,12862,21,8,4,12,0
2020-08-21,Tulare,107,460477,13935,13002,45,13047,217
2020-08-21,Tuolumne,109,53932,184,161,2,163,1
2020-08-21,Ventura,111,848112,10721,9865,60,9925,98
2020-08-21,Yolo,113,214977,2354,2164,4,2168,46
2020-08-21,Yuba,115,75493,795,717,3,720,1
2020-08-20,Alameda,001,1643700,17730,16174,129,16303,229
2020-08-20,Alpine,003,1148,3,2,0,2,0
2020-08-20,Amador,005,37829,264,222,0,222,11
2020-08-20,Butte,007,227075,1745,1549,14,1563,18
2020-08-20,Calaveras,009,45235,214,179,0,179,1
2020-08-20,Colusa,011,21464,436,415,0,415,5
2020-08-20,Contra Costa,013,1133247,13633,12108,46,12154,144
2020-08-20,Del Norte,015,27424,112,78,0,78,1
2020-08-20,El Dorado,017,186661,962,881,0,881,2
2020-08-20,Fresno,019,978130,26320,22535,266,22801,228
2020-08-20,Glenn,021,27897,428,414,0,414,2
2020-08-20,Humboldt,023,135768,358,318,1,319,4
2020-08-20,Imperial,025,180216,11093,9086,6,9092,196
2020-08-20,Inyo,027,18085,167,144,0,144,1
2020-08-20,Kern,029,883053,29019,27337,193,27530,267
2020-08-20,Kings,031,150075,5953,5347,33,5380,59
2020-08-20,Lake,033,64148,316,280,0,280,2
2020-08-20,Lassen,035,31185,716,693,2,695,0
2020-08-20,Los Angeles,037,10098052,234433,227492,1060,228552,5445
2020-08-20,Madera,039,155013,3717,3197,21,3218,31
2020-08-20,Marin,041,260295,5988,5745,14,5759,47
2020-08-20,Mariposa,043,17540,71,67,0,67,2
2020-08-20,Mendocino,045,87422,577,497,0,497,10
2020-08-20,Merced,047,269075,7669,7173,6,7179,68
2020-08-20,Modoc,049,8938,7,5,0,5,0
2020-08-20,Mono,051,14174,163,128,1,129,1
2020-08-20,Monterey,053,433212,7534,6892,19,6911,47
2020-08-20,Napa,055,140530,1413,1306,3,1309,10
2020-08-20,Nevada,057,99092,439,401,12,413,2
2020-08-20,Orange,059,3164182,48744,44299,1079,45378,849
2020-08-20,Placer,061,380077,2915,2681,5,2686,30
2020-08-20,Plumas,063,18699,39,36,0,36,0
2020-08-20,Riverside,065,2383286,51794,48953,30,48983,927
2020-08-20,Sacramento,067,1510023,17164,14992,12,15004,231
2020-08-20,San Benito,069,59416,1008,866,0,866,3
2020-08-20,San Bernardino,071,2135413,47488,43627,72,43699,665
2020-08-20,San Diego,073,3302833,37569,35610,275,35885,644
2020-08-20,San Francisco,075,870044,9097,8262,8,8270,72
2020-08-20,San Joaquin,077,732212,17770,15778,29,15807,297
2020-08-20,San Luis Obispo,079,281455,2819,2590,10,2600,19
2020-08-20,San Mateo,081,765935,8070,7188,5,7193,120
2020-08-20,Santa Barbara,083,443738,8321,7571,56,7627,81
2020-08-20,Santa Clara,085,1922200,16954,15162,20,15182,190
2020-08-20,Santa Cruz,087,273765,1752,1581,16,1597,6
2020-08-20,Shasta,089,179085,593,478,3,481,9
2020-08-20,Sierra,091,2930,6,6,0,6,0
2020-08-20,Siskiyou,093,43540,121,102,1,103,0
2020-08-20,Solano,095,438530,5213,4843,32,4875,31
2020-08-20,Sonoma,097,501317,5400,4737,18,4755,54
2020-08-20,Stanislaus,099,539301,14535,13120,256,13376,161
2020-08-20,Sutter,101,95872,1263,1158,1,1159,8
2020-08-20,Tehama,103,63373,396,350,2,352,1
2020-08-20,Trinity,105,12862,21,8,4,12,0
2020-08-20,Tulare,107,460477,13827,12907,44,12951,217
2020-08-20,Tuolumne,109,53932,180,159,2,161,1
2020-08-20,Ventura,111,848112,10608,9744,59,9803,93
2020-08-20,Yolo,113,214977,2332,2150,4,2154,47
2020-08-20,Yuba,115,75493,778,709,3,712,1
2020-08-19,Alameda,001,1643700,17572,15874,128,16002,226
2020-08-19,Alpine,003,1148,3,2,0,2,0
2020-08-19,Amador,005,37829,263,219,0,219,9
2020-08-19,Butte,007,227075,1702,1517,14,1531,16
2020-08-19,Calaveras,009,45235,211,177,0,177,1
2020-08-19,Colusa,011,21464,435,415,0,415,5
2020-08-19,Contra Costa,013,1133247,13521,11895,44,11939,142
2020-08-19,Del Norte,015,27424,112,78,0,78,1
2020-08-19,El Dorado,017,186661,956,870,0,870,2
2020-08-19,Fresno,019,978130,26130,22167,258,22425,221
2020-08-19,Glenn,021,27897,426,414,0,414,2
2020-08-19,Humboldt,023,135768,355,316,1,317,4
2020-08-19,Imperial,025,180216,11065,9041,6,9047,192
2020-08-19,Inyo,027,18085,165,140,0,140,1
2020-08-19,Kern,029,883053,28902,27142,189,27331,263
2020-08-19,Kings,031,150075,5781,5301,31,5332,59
2020-08-19,Lake,033,64148,313,277,0,277,2
2020-08-19,Lassen,035,31185,708,693,2,695,0
2020-08-19,Los Angeles,037,10098052,233151,226006,1020,227026,5399
2020-08-19,Madera,039,155013,3683,3158,19,3177,30
2020-08-19,Marin,041,260295,5964,5723,13,5736,46
2020-08-19,Mariposa,043,17540,71,64,0,64,2
2020-08-19,Mendocino,045,87422,561,495,0,495,8
2020-08-19,Merced,047,269075,7542,7082,3,7085,66
2020-08-19,Modoc,049,8938,7,5,0,5,0
2020-08-19,Mono,051,14174,163,128,1,129,1
2020-08-19,Monterey,053,433212,7432,6693,19,6712,45
2020-08-19,Napa,055,140530,1408,1293,3,1296,10
2020-08-19,Nevada,057,99092,432,398,12,410,2
2020-08-19,Orange,059,3164182,48539,43938,1075,45013,829
2020-08-19,Placer,061,380077,2892,2659,5,2664,28
2020-08-19,Plumas,063,18699,39,36,0,36,0
2020-08-19,Riverside,065,2383286,51546,48741,29,48770,922
2020-08-19,Sacramento,067,1510023,16981,14764,12,14776,229
2020-08-19,San Benito,069,59416,991,853,0,853,3
2020-08-19,San Bernardino,071,2135413,47189,43224,71,43295,661
2020-08-19,San Diego,073,3302833,37320,35378,260,35638,638
2020-08-19,San Francisco,075,870044,9032,8236,8,8244,72
2020-08-19,San Joaquin,077,732212,17643,15677,28,15705,296
2020-08-19,San Luis Obispo,079,281455,2780,2553,10,2563,19
2020-08-19,San Mateo,081,765935,8002,7146,5,7151,119
2020-08-19,Santa Barbara,083,443738,8272,7499,56,7555,80
2020-08-19,Santa Clara,085,1922200,16809,14994,20,15014,189
2020-08-19,Santa Cruz,087,273765,1726,1554,16,1570,6
2020-08-19,Shasta,089,179085,589,475,3,478,9
2020-08-19,Sierra,091,2930,6,6,0,6,0
2020-08-19,Siskiyou,093,43540,120,103,1,104,0
2020-08-19,Solano,095,438530,5172,4807,32,4839,31
2020-08-19,Sonoma,097,501317,5321,4614,18,4632,54
2020-08-19,Stanislaus,099,539301,14433,13084,234,13318,160
2020-08-19,Sutter,101,95872,1229,1146,1,1147,8
2020-08-19,Tehama,103,63373,390,342,2,344,1
2020-08-19,Trinity,105,12862,20,8,4,12,0
2020-08-19,Tulare,107,460477,13729,12756,44,12800,217
2020-08-19,Tuolumne,109,53932,177,159,2,161,1
2020-08-19,Ventura,111,848112,10516,9587,57,9644,91
2020-08-19,Yolo,113,214977,2309,2126,4,2130,47
2020-08-19,Yuba,115,75493,766,701,3,704,1
2020-08-18,Alameda,001,1643700,17396,15627,125,15752,223
2020-08-18,Alpine,003,1148,3,2,0,2,0
2020-08-18,Amador,005,37829,262,215,0,215,9
2020-08-18,Butte,007,227075,1669,1491,14,1505,16
2020-08-18,Calaveras,009,45235,207,174,0,174,1
2020-08-18,Colusa,011,21464,434,415,0,415,5
2020-08-18,Contra Costa,013,1133247,13401,11689,42,11731,141
2020-08-18,Del Norte,015,27424,111,78,0,78,0
2020-08-18,El Dorado,017,186661,951,866,0,866,2
2020-08-18,Fresno,019,978130,25911,21798,251,22049,212
2020-08-18,Glenn,021,27897,426,407,0,407,2
2020-08-18,Humboldt,023,135768,353,315,1,316,4
2020-08-18,Imperial,025,180216,11031,8968,6,8974,189
2020-08-18,Inyo,027,18085,164,140,0,140,1
2020-08-18,Kern,029,883053,28750,26978,184,27162,263
2020-08-18,Kings,031,150075,5753,5269,30,5299,58
2020-08-18,Lake,033,64148,310,274,0,274,2
2020-08-18,Lassen,035,31185,708,693,2,695,0
2020-08-18,Los Angeles,037,10098052,231873,224218,981,225199,5339
2020-08-18,Madera,039,155013,3655,3125,19,3144,28
2020-08-18,Marin,041,260295,5934,5708,13,5721,47
2020-08-18,Mariposa,043,17540,71,61,0,61,2
2020-08-18,Mendocino,045,87422,552,468,0,468,8
2020-08-18,Merced,047,269075,7494,6940,3,6943,66
2020-08-18,Modoc,049,8938,7,5,0,5,0
2020-08-18,Mono,051,14174,162,129,1,130,1
2020-08-18,Monterey,053,433212,7341,6691,18,6709,44
2020-08-18,Napa,055,140530,1405,1274,3,1277,10
2020-08-18,Nevada,057,99092,425,389,12,401,2
2020-08-18,Orange,059,3164182,48314,43659,1059,44718,809
2020-08-18,Placer,061,380077,2866,2644,4,2648,28
2020-08-18,Plumas,063,18699,39,34,0,34,0
2020-08-18,Riverside,065,2383286,51217,48447,29,48476,917
2020-08-18,Sacramento,067,1510023,16752,14610,11,14621,222
2020-08-18,San Benito,069,59416,971,836,0,836,3
2020-08-18,San Bernardino,071,2135413,46908,42827,70,42897,648
2020-08-18,San Diego,073,3302833,37028,35164,227,35391,633
2020-08-18,San Francisco,075,870044,8947,8016,8,8024,72
2020-08-18,San Joaquin,077,732212,17526,15509,27,15536,290
2020-08-18,San Luis Obispo,079,281455,2756,2535,9,2544,18
2020-08-18,San Mateo,081,765935,7940,7074,5,7079,119
2020-08-18,Santa Barbara,083,443738,8230,7472,56,7528,81
2020-08-18,Santa Clara,085,1922200,16636,14786,19,14805,184
2020-08-18,Santa Cruz,087,273765,1713,1509,16,1525,6
2020-08-18,Shasta,089,179085,585,468,3,471,9
2020-08-18,Sierra,091,2930,6,6,0,6,0
2020-08-18,Siskiyou,093,43540,119,103,1,104,0
2020-08-18,Solano,095,438530,5145,4700,32,4732,31
2020-08-18,Sonoma,097,501317,5252,4506,18,4524,48
2020-08-18,Stanislaus,099,539301,14335,12935,218,13153,149
2020-08-18,Sutter,101,95872,1210,1126,1,1127,8
2020-08-18,Tehama,103,63373,380,333,2,335,1
2020-08-18,Trinity,105,12862,19,8,4,12,0
2020-08-18,Tulare,107,460477,13597,12637,41,12678,212
2020-08-18,Tuolumne,109,53932,174,159,2,161,1
2020-08-18,Ventura,111,848112,10426,9536,52,9588,89
2020-08-18,Yolo,113,214977,2286,2102,4,2106,47
2020-08-18,Yuba,115,75493,758,679,3,682,1
2020-08-17,Alameda,001,1643700,17206,15454,123,15577,221
2020-08-17,Alpine,003,1148,3,2,0,2,0
2020-08-17,Amador,005,37829,262,215,0,215,9
2020-08-17,Butte,007,227075,1624,1463,14,1477,15
2020-08-17,Calaveras,009,45235,203,167,0,167,1
2020-08-17,Colusa,011,21464,431,408,0,408,5
2020-08-17,Contra Costa,013,1133247,13263,11442,42,11484,141
2020-08-17,Del Norte,015,27424,107,77,0,77,0
2020-08-17,El Dorado,017,186661,948,846,0,846,2
2020-08-17,Fresno,019,978130,25705,21316,244,21560,211
2020-08-17,Glenn,021,27897,425,402,0,402,2
2020-08-17,Humboldt,023,135768,349,302,1,303,4
2020-08-17,Imperial,025,180216,10990,8897,6,8903,188
2020-08-17,Inyo,027,18085,156,124,0,124,1
2020-08-17,Kern,029,883053,28602,26773,173,26946,249
2020-08-17,Kings,031,150075,5715,5249,30,5279,58
2020-08-17,Lake,033,64148,305,270,0,270,2
2020-08-17,Lassen,035,31185,708,666,2,668,0
2020-08-17,Los Angeles,037,10098052,230358,223418,930,224348,5282
2020-08-17,Madera,039,155013,3612,3050,18,3068,26
2020-08-17,Marin,041,260295,5911,5683,12,5695,46
2020-08-17,Mariposa,043,17540,71,61,0,61,2
2020-08-17,Mendocino,045,87422,534,454,0,454,8
2020-08-17,Merced,047,269075,7398,6814,3,6817,66
2020-08-17,Modoc,049,8938,7,5,0,5,0
2020-08-17,Mono,051,14174,162,126,1,127,1
2020-08-17,Monterey,053,433212,7242,6553,18,6571,44
2020-08-17,Napa,055,140530,1384,1255,3,1258,10
2020-08-17,Nevada,057,99092,420,383,12,395,2
2020-08-17,Orange,059,3164182,48103,43621,1048,44669,804
2020-08-17,Placer,061,380077,2841,2609,4,2613,28
2020-08-17,Plumas,063,18699,39,33,0,33,0
2020-08-17,Riverside,065,2383286,50888,48062,27,48089,916
2020-08-17,Sacramento,067,1510023,16528,14333,11,14344,219
2020-08-17,San Benito,069,59416,956,822,0,822,2
2020-08-17,San Bernardino,071,2135413,46566,42005,66,42071,604
2020-08-17,San Diego,073,3302833,36762,34962,213,35175,626
2020-08-17,San Francisco,075,870044,8875,7600,8,7608,72
2020-08-17,San Joaquin,077,732212,17362,15323,26,15349,280
2020-08-17,San Luis Obispo,079,281455,2723,2527,9,2536,18
2020-08-17,San Mateo,081,765935,7883,6987,4,6991,118
2020-08-17,Santa Barbara,083,443738,8188,7438,56,7494,80
2020-08-17,Santa Clara,085,1922200,16416,14546,19,14565,183
2020-08-17,Santa Cruz,087,273765,1697,1453,15,1468,6
2020-08-17,Shasta,089,179085,579,467,3,470,9
2020-08-17,Sierra,091,2930,6,6,0,6,0
2020-08-17,Siskiyou,093,43540,118,103,0,103,0
2020-08-17,Solano,095,438530,5088,4479,32,4511,31
2020-08-17,Sonoma,097,501317,5163,4402,16,4418,48
2020-08-17,Stanislaus,099,539301,14210,12745,211,12956,148
2020-08-17,Sutter,101,95872,1194,1071,1,1072,8
2020-08-17,Tehama,103,63373,371,324,2,326,1
2020-08-17,Trinity,105,12862,19,8,4,12,0
2020-08-17,Tulare,107,460477,13484,12487,40,12527,210
2020-08-17,Tuolumne,109,53932,171,157,2,159,1
2020-08-17,Ventura,111,848112,10304,9490,47,9537,89
2020-08-17,Yolo,113,214977,2259,2083,4,2087,47
2020-08-17,Yuba,115,75493,743,647,3,650,1
2020-08-16,Alameda,001,1643700,16916,15338,123,15461,221
2020-08-16,Alpine,003,1148,3,2,0,2,0
2020-08-16,Amador,005,37829,259,215,0,215,9
2020-08-16,Butte,007,227075,1586,1432,14,1446,15
2020-08-16,Calaveras,009,45235,196,167,0,167,1
2020-08-16,Colusa,011,21464,429,407,0,407,5
2020-08-16,Contra Costa,013,1133247,13077,11255,42,11297,140
2020-08-16,Del Norte,015,27424,103,77,0,77,0
2020-08-16,El Dorado,017,186661,936,843,0,843,2
2020-08-16,Fresno,019,978130,25486,21010,239,21249,211
2020-08-16,Glenn,021,27897,423,400,0,400,2
2020-08-16,Humboldt,023,135768,347,301,1,302,4
2020-08-16,Imperial,025,180216,10946,8883,6,8889,188
2020-08-16,Inyo,027,18085,149,125,0,125,1
2020-08-16,Kern,029,883053,28402,26520,165,26685,249
2020-08-16,Kings,031,150075,5684,5146,30,5176,58
2020-08-16,Lake,033,64148,301,269,0,269,2
2020-08-16,Lassen,035,31185,708,666,2,668,0
2020-08-16,Los Angeles,037,10098052,228791,222236,899,223135,5263
2020-08-16,Madera,039,155013,3567,3013,18,3031,26
2020-08-16,Marin,041,260295,5885,5664,12,5676,46
2020-08-16,Mariposa,043,17540,71,61,0,61,2
2020-08-16,Mendocino,045,87422,526,451,0,451,8
2020-08-16,Merced,047,269075,7316,6744,3,6747,66
2020-08-16,Modoc,049,8938,7,5,0,5,0
2020-08-16,Mono,051,14174,162,126,1,127,1
2020-08-16,Monterey,053,433212,7144,6516,17,6533,44
2020-08-16,Napa,055,140530,1366,1241,2,1243,10
2020-08-16,Nevada,057,99092,409,379,12,391,2
2020-08-16,Orange,059,3164182,47853,43303,1037,44340,803
2020-08-16,Placer,061,380077,2812,2583,3,2586,28
2020-08-16,Plumas,063,18699,39,33,0,33,0
2020-08-16,Riverside,065,2383286,50557,47669,27,47696,910
2020-08-16,Sacramento,067,1510023,16287,14210,11,14221,219
2020-08-16,San Benito,069,59416,927,815,0,815,2
2020-08-16,San Bernardino,071,2135413,46143,41724,62,41786,603
2020-08-16,San Diego,073,3302833,36499,34680,197,34877,626
2020-08-16,San Francisco,075,870044,8787,7602,8,7610,72
2020-08-16,San Joaquin,077,732212,17160,15288,26,15314,280
2020-08-16,San Luis Obispo,079,281455,2694,2494,9,2503,17
2020-08-16,San Mateo,081,765935,7807,6942,4,6946,118
2020-08-16,Santa Barbara,083,443738,8139,7368,56,7424,79
2020-08-16,Santa Clara,085,1922200,16218,14329,19,14348,183
2020-08-16,Santa Cruz,087,273765,1670,1449,14,1463,6
2020-08-16,Shasta,089,179085,572,465,3,468,9
2020-08-16,Sierra,091,2930,6,6,0,6,0
2020-08-16,Siskiyou,093,43540,117,102,0,102,0
2020-08-16,Solano,095,438530,5028,4479,32,4511,31
2020-08-16,Sonoma,097,501317,5059,4329,16,4345,46
2020-08-16,Stanislaus,099,539301,14055,12668,198,12866,148
2020-08-16,Sutter,101,95872,1176,1071,1,1072,8
2020-08-16,Tehama,103,63373,362,318,2,320,1
2020-08-16,Trinity,105,12862,18,8,4,12,0
2020-08-16,Tulare,107,460477,13352,12334,36,12370,211
2020-08-16,Tuolumne,109,53932,171,156,2,158,1
2020-08-16,Ventura,111,848112,10195,9408,42,9450,89
2020-08-16,Yolo,113,214977,2240,2057,4,2061,47
2020-08-16,Yuba,115,75493,734,647,2,649,1
2020-08-15,Alameda,001,1643700,16839,15165,123,15288,221
2020-08-15,Alpine,003,1148,3,2,0,2,0
2020-08-15,Amador,005,37829,259,210,0,210,9
2020-08-15,Butte,007,227075,1564,1409,14,1423,15
2020-08-15,Calaveras,009,45235,194,167,0,167,1
2020-08-15,Colusa,011,21464,428,401,0,401,5
2020-08-15,Contra Costa,013,1133247,12981,11106,42,11148,138
2020-08-15,Del Norte,015,27424,103,77,0,77,0
2020-08-15,El Dorado,017,186661,931,838,0,838,2
2020-08-15,Fresno,019,978130,25370,20603,237,20840,211
2020-08-15,Glenn,021,27897,423,398,0,398,2
2020-08-15,Humboldt,023,135768,346,301,1,302,4
2020-08-15,Imperial,025,180216,10926,8794,6,8800,188
2020-08-15,Inyo,027,18085,149,123,0,123,1
2020-08-15,Kern,029,883053,28314,26338,165,26503,249
2020-08-15,Kings,031,150075,5666,5039,30,5069,56
2020-08-15,Lake,033,64148,299,268,0,268,2
2020-08-15,Lassen,035,31185,708,666,2,668,0
2020-08-15,Los Angeles,037,10098052,228038,221043,890,221933,5252
2020-08-15,Madera,039,155013,3517,2950,18,2968,26
2020-08-15,Marin,041,260295,5878,5628,12,5640,46
2020-08-15,Mariposa,043,17540,71,61,0,61,2
2020-08-15,Mendocino,045,87422,522,444,0,444,8
2020-08-15,Merced,047,269075,7282,6656,3,6659,66
2020-08-15,Modoc,049,8938,7,5,0,5,0
2020-08-15,Mono,051,14174,162,126,1,127,1
2020-08-15,Monterey,053,433212,7099,6162,17,6179,44
2020-08-15,Napa,055,140530,1356,1232,2,1234,10
2020-08-15,Nevada,057,99092,409,376,12,388,2
2020-08-15,Orange,059,3164182,47740,42811,1026,43837,801
2020-08-15,Placer,061,380077,2790,2551,3,2554,27
2020-08-15,Plumas,063,18699,39,33,0,33,0
2020-08-15,Riverside,065,2383286,50406,46720,27,46747,910
2020-08-15,Sacramento,067,1510023,16177,14018,11,14029,219
2020-08-15,San Benito,069,59416,914,805,0,805,2
2020-08-15,San Bernardino,071,2135413,45991,41231,60,41291,602
2020-08-15,San Diego,073,3302833,36333,34346,183,34529,639
2020-08-15,San Francisco,075,870044,8723,7601,8,7609,69
2020-08-15,San Joaquin,077,732212,17087,15113,26,15139,280
2020-08-15,San Luis Obispo,079,281455,2677,2461,9,2470,17
2020-08-15,San Mateo,081,765935,7770,6860,4,6864,118
2020-08-15,Santa Barbara,083,443738,8111,7338,56,7394,79
2020-08-15,Santa Clara,085,1922200,16122,14105,19,14124,183
2020-08-15,Santa Cruz,087,273765,1649,1449,14,1463,6
2020-08-15,Shasta,089,179085,569,458,3,461,9
2020-08-15,Sierra,091,2930,6,6,0,6,0
2020-08-15,Siskiyou,093,43540,116,100,0,100,0
2020-08-15,Solano,095,438530,5006,4477,32,4509,31
2020-08-15,Sonoma,097,501317,5004,4134,16,4150,45
2020-08-15,Stanislaus,099,539301,13992,12541,196,12737,149
2020-08-15,Sutter,101,95872,1165,1046,1,1047,8
2020-08-15,Tehama,103,63373,361,312,2,314,1
2020-08-15,Trinity,105,12862,16,6,4,10,0
2020-08-15,Tulare,107,460477,13314,12262,36,12298,211
2020-08-15,Tuolumne,109,53932,171,155,2,157,1
2020-08-15,Ventura,111,848112,10137,9379,40,9419,89
2020-08-15,Yolo,113,214977,2228,2031,4,2035,46
2020-08-15,Yuba,115,75493,730,623,2,625,1
2020-08-14,Alameda,001,1643700,16700,14909,123,15032,221
2020-08-14,Alpine,003,1148,3,2,0,2,0
2020-08-14,Amador,005,37829,259,209,0,209,9
2020-08-14,Butte,007,227075,1555,1384,14,1398,15
2020-08-14,Calaveras,009,45235,190,165,0,165,1
2020-08-14,Colusa,011,21464,426,399,0,399,5
2020-08-14,Contra Costa,013,1133247,12869,10893,42,10935,137
2020-08-14,Del Norte,015,27424,103,76,0,76,0
2020-08-14,El Dorado,017,186661,923,827,0,827,2
2020-08-14,Fresno,019,978130,25236,19900,237,20137,208
2020-08-14,Glenn,021,27897,421,395,0,395,2
2020-08-14,Humboldt,023,135768,340,294,1,295,4
2020-08-14,Imperial,025,180216,10902,8756,6,8762,185
2020-08-14,Inyo,027,18085,148,115,0,115,1
2020-08-14,Kern,029,883053,28210,25893,164,26057,249
2020-08-14,Kings,031,150075,5652,4953,30,4983,56
2020-08-14,Lake,033,64148,290,267,0,267,2
2020-08-14,Lassen,035,31185,708,665,2,667,0
2020-08-14,Los Angeles,037,10098052,226875,219083,872,219955,5222
2020-08-14,Madera,039,155013,3487,2876,18,2894,26
2020-08-14,Marin,041,260295,5867,5601,12,5613,46
2020-08-14,Mariposa,043,17540,70,61,0,61,2
2020-08-14,Mendocino,045,87422,513,432,0,432,8
2020-08-14,Merced,047,269075,7253,6466,3,6469,67
2020-08-14,Modoc,049,8938,7,5,0,5,0
2020-08-14,Mono,051,14174,162,126,1,127,1
2020-08-14,Monterey,053,433212,7048,6121,17,6138,41
2020-08-14,Napa,055,140530,1346,1230,2,1232,10
2020-08-14,Nevada,057,99092,405,377,12,389,2
2020-08-14,Orange,059,3164182,47591,42399,1012,43411,798
2020-08-14,Placer,061,380077,2771,2546,3,2549,26
2020-08-14,Plumas,063,18699,38,33,0,33,0
2020-08-14,Riverside,065,2383286,50177,46456,27,46483,891
2020-08-14,Sacramento,067,1510023,16027,13645,11,13656,212
2020-08-14,San Benito,069,59416,897,783,0,783,2
2020-08-14,San Bernardino,071,2135413,45805,40442,59,40501,594
2020-08-14,San Diego,073,3302833,36139,34067,176,34243,622
2020-08-14,San Francisco,075,870044,8664,7467,8,7475,69
2020-08-14,San Joaquin,077,732212,16988,14925,26,14951,276
2020-08-14,San Luis Obispo,079,281455,2662,2422,9,2431,17
2020-08-14,San Mateo,081,765935,7711,6655,4,6659,118
2020-08-14,Santa Barbara,083,443738,8061,7302,56,7358,77
2020-08-14,Santa Clara,085,1922200,15956,13785,18,13803,183
2020-08-14,Santa Cruz,087,273765,1627,1418,13,1431,6
2020-08-14,Shasta,089,179085,564,446,3,449,9
2020-08-14,Sierra,091,2930,6,5,0,5,0
2020-08-14,Siskiyou,093,43540,116,98,0,98,0
2020-08-14,Solano,095,438530,4985,4421,32,4453,31
2020-08-14,Sonoma,097,501317,4945,4087,13,4100,45
2020-08-14,Stanislaus,099,539301,13915,12379,192,12571,140
2020-08-14,Sutter,101,95872,1157,1039,1,1040,8
2020-08-14,Tehama,103,63373,357,305,2,307,1
2020-08-14,Trinity,105,12862,16,6,4,10,0
2020-08-14,Tulare,107,460477,13237,12009,36,12045,211
2020-08-14,Tuolumne,109,53932,170,155,2,157,1
2020-08-14,Ventura,111,848112,10062,9313,40,9353,89
2020-08-14,Yolo,113,214977,2214,1991,4,1995,45
2020-08-14,Yuba,115,75493,714,606,2,608,1
2020-08-13,Alameda,001,1643700,16426,14385,123,14508,218
2020-08-13,Alpine,003,1148,3,2,0,2,0
2020-08-13,Amador,005,37829,259,198,0,198,8
2020-08-13,Butte,007,227075,1530,1345,14,1359,15
2020-08-13,Calaveras,009,45235,188,162,0,162,1
2020-08-13,Colusa,011,21464,426,395,0,395,5
2020-08-13,Contra Costa,013,1133247,12715,10545,41,10586,136
2020-08-13,Del Norte,015,27424,102,74,0,74,0
2020-08-13,El Dorado,017,186661,918,803,0,803,2
2020-08-13,Fresno,019,978130,25012,19157,230,19387,201
2020-08-13,Glenn,021,27897,417,392,0,392,1
2020-08-13,Humboldt,023,135768,332,281,1,282,4
2020-08-13,Imperial,025,180216,10871,8640,6,8646,170
2020-08-13,Inyo,027,18085,144,97,0,97,1
2020-08-13,Kern,029,883053,28043,25472,161,25633,242
2020-08-13,Kings,031,150075,5618,4824,30,4854,52
2020-08-13,Lake,033,64148,285,263,0,263,2
2020-08-13,Lassen,035,31185,708,652,2,654,0
2020-08-13,Los Angeles,037,10098052,225466,216497,852,217349,5179
2020-08-13,Madera,039,155013,3444,2675,17,2692,25
2020-08-13,Marin,041,260295,5851,5503,12,5515,44
2020-08-13,Mariposa,043,17540,69,61,0,61,2
2020-08-13,Mendocino,045,87422,508,401,0,401,8
2020-08-13,Merced,047,269075,7135,5945,3,5948,63
2020-08-13,Modoc,049,8938,7,5,0,5,0
2020-08-13,Mono,051,14174,162,124,1,125,1
2020-08-13,Monterey,053,433212,6965,5925,17,5942,38
2020-08-13,Napa,055,140530,1337,1179,2,1181,10
2020-08-13,Nevada,057,99092,401,362,12,374,1
2020-08-13,Orange,059,3164182,47352,42019,1000,43019,773
2020-08-13,Placer,061,380077,2750,2460,3,2463,26
2020-08-13,Plumas,063,18699,38,32,0,32,0
2020-08-13,Riverside,065,2383286,49884,45327,27,45354,885
2020-08-13,Sacramento,067,1510023,15827,13237,11,13248,197
2020-08-13,San Benito,069,59416,868,757,0,757,2
2020-08-13,San Bernardino,071,2135413,45411,39395,58,39453,591
2020-08-13,San Diego,073,3302833,35903,33661,158,33819,627
2020-08-13,San Francisco,075,870044,8570,7277,8,7285,69
2020-08-13,San Joaquin,077,732212,16834,14537,25,14562,261
2020-08-13,San Luis Obispo,079,281455,2641,2283,9,2292,16
2020-08-13,San Mateo,081,765935,7649,6503,4,6507,117
2020-08-13,Santa Barbara,083,443738,8016,7129,55,7184,74
2020-08-13,Santa Clara,085,1922200,15733,13257,18,13275,182
2020-08-13,Santa Cruz,087,273765,1602,1383,13,1396,6
2020-08-13,Shasta,089,179085,560,428,3,431,9
2020-08-13,Sierra,091,2930,6,5,0,5,0
2020-08-13,Siskiyou,093,43540,116,95,0,95,0
2020-08-13,Solano,095,438530,4948,4305,32,4337,31
2020-08-13,Sonoma,097,501317,4871,3902,13,3915,45
2020-08-13,Stanislaus,099,539301,13785,11953,176,12129,136
2020-08-13,Sutter,101,95872,1136,992,1,993,8
2020-08-13,Tehama,103,63373,348,302,2,304,1
2020-08-13,Trinity,105,12862,16,6,4,10,0
2020-08-13,Tulare,107,460477,13094,11692,33,11725,210
2020-08-13,Tuolumne,109,53932,169,152,2,154,1
2020-08-13,Ventura,111,848112,9973,9114,40,9154,90
2020-08-13,Yolo,113,214977,2187,1938,4,1942,44
2020-08-13,Yuba,115,75493,698,568,2,570,1
2020-08-12,Alameda,001,1643700,16213,14214,123,14337,215
2020-08-12,Alpine,003,1148,3,2,0,2,0
2020-08-12,Amador,005,37829,256,197,0,197,8
2020-08-12,Butte,007,227075,1502,1317,14,1331,15
2020-08-12,Calaveras,009,45235,185,157,0,157,1
2020-08-12,Colusa,011,21464,421,394,0,394,5
2020-08-12,Contra Costa,013,1133247,12571,10304,39,10343,134
2020-08-12,Del Norte,015,27424,101,74,0,74,0
2020-08-12,El Dorado,017,186661,900,794,0,794,2
2020-08-12,Fresno,019,978130,24782,18690,224,18914,194
2020-08-12,Glenn,021,27897,414,388,0,388,1
2020-08-12,Humboldt,023,135768,325,281,1,282,4
2020-08-12,Imperial,025,180216,10849,8566,6,8572,167
2020-08-12,Inyo,027,18085,127,97,0,97,1
2020-08-12,Kern,029,883053,27852,25191,159,25350,232
2020-08-12,Kings,031,150075,5579,4736,30,4766,50
2020-08-12,Lake,033,64148,283,253,0,253,2
2020-08-12,Lassen,035,31185,707,651,2,653,0
2020-08-12,Los Angeles,037,10098052,224009,214542,836,215378,5119
2020-08-12,Madera,039,155013,3410,2681,15,2696,23
2020-08-12,Marin,041,260295,5829,5423,12,5435,44
2020-08-12,Mariposa,043,17540,69,61,0,61,2
2020-08-12,Mendocino,045,87422,489,386,0,386,9
2020-08-12,Merced,047,269075,7073,5777,3,5780,66
2020-08-12,Modoc,049,8938,7,5,0,5,0
2020-08-12,Mono,051,14174,161,124,1,125,1
2020-08-12,Monterey,053,433212,6861,5919,17,5936,38
2020-08-12,Napa,055,140530,1327,1161,2,1163,10
2020-08-12,Nevada,057,99092,396,357,12,369,1
2020-08-12,Orange,059,3164182,47101,41576,975,42551,754
2020-08-12,Placer,061,380077,2717,2417,3,2420,25
2020-08-12,Plumas,063,18699,38,31,0,31,0
2020-08-12,Riverside,065,2383286,49535,44747,27,44774,867
2020-08-12,Sacramento,067,1510023,15612,12528,11,12539,189
2020-08-12,San Benito,069,59416,855,751,0,751,2
2020-08-12,San Bernardino,071,2135413,45069,38811,57,38868,589
2020-08-12,San Diego,073,3302833,35694,33395,138,33533,608
2020-08-12,San Francisco,075,870044,8486,7194,8,7202,66
2020-08-12,San Joaquin,077,732212,16691,14154,25,14179,253
2020-08-12,San Luis Obispo,079,281455,2616,2263,9,2272,15
2020-08-12,San Mateo,081,765935,7571,6427,4,6431,117
2020-08-12,Santa Barbara,083,443738,7956,7049,53,7102,74
2020-08-12,Santa Clara,085,1922200,15557,13002,18,13020,182
2020-08-12,Santa Cruz,087,273765,1573,1382,12,1394,6
2020-08-12,Shasta,089,179085,556,417,3,420,9
2020-08-12,Sierra,091,2930,5,4,0,4,0
2020-08-12,Siskiyou,093,43540,115,90,0,90,0
2020-08-12,Solano,095,438530,4903,4258,32,4290,31
2020-08-12,Sonoma,097,501317,4797,3847,13,3860,47
2020-08-12,Stanislaus,099,539301,13647,11682,167,11849,136
2020-08-12,Sutter,101,95872,1112,987,1,988,7
2020-08-12,Tehama,103,63373,338,289,2,291,1
2020-08-12,Trinity,105,12862,15,6,4,10,0
2020-08-12,Tulare,107,460477,12966,11460,33,11493,211
2020-08-12,Tuolumne,109,53932,168,150,2,152,1
2020-08-12,Ventura,111,848112,9888,9005,39,9044,87
2020-08-12,Yolo,113,214977,2163,1921,4,1925,44
2020-08-12,Yuba,115,75493,676,549,1,550,1
2020-08-11,Alameda,001,1643700,15955,13960,120,14080,204
2020-08-11,Alpine,003,1148,3,2,0,2,0
2020-08-11,Amador,005,37829,250,187,0,187,3
2020-08-11,Butte,007,227075,1475,1296,14,1310,15
2020-08-11,Calaveras,009,45235,183,161,0,161,1
2020-08-11,Colusa,011,21464,416,390,0,390,5
2020-08-11,Contra Costa,013,1133247,12382,10012,37,10049,131
2020-08-11,Del Norte,015,27424,100,73,0,73,0
2020-08-11,El Dorado,017,186661,893,786,0,786,2
2020-08-11,Fresno,019,978130,24461,18344,221,18565,187
2020-08-11,Glenn,021,27897,412,380,0,380,1
2020-08-11,Humboldt,023,135768,320,283,1,284,4
2020-08-11,Imperial,025,180216,10793,8518,6,8524,165
2020-08-11,Inyo,027,18085,122,97,0,97,1
2020-08-11,Kern,029,883053,27518,25042,156,25198,230
2020-08-11,Kings,031,150075,5390,4696,30,4726,50
2020-08-11,Lake,033,64148,280,243,0,243,2
2020-08-11,Lassen,035,31185,701,605,2,607,0
2020-08-11,Los Angeles,037,10098052,222508,212421,811,213232,5065
2020-08-11,Madera,039,155013,3356,2673,15,2688,22
2020-08-11,Marin,041,260295,5801,5287,11,5298,44
2020-08-11,Mariposa,043,17540,68,60,0,60,2
2020-08-11,Mendocino,045,87422,479,385,0,385,9
2020-08-11,Merced,047,269075,6978,5322,2,5324,65
2020-08-11,Modoc,049,8938,7,5,0,5,0
2020-08-11,Mono,051,14174,161,124,1,125,1
2020-08-11,Monterey,053,433212,6753,5624,17,5641,36
2020-08-11,Napa,055,140530,1316,1143,1,1144,11
2020-08-11,Nevada,057,99092,393,358,12,370,1
2020-08-11,Orange,059,3164182,46882,41205,952,42157,742
2020-08-11,Placer,061,380077,2685,2393,3,2396,24
2020-08-11,Plumas,063,18699,38,31,0,31,0
2020-08-11,Riverside,065,2383286,49176,44237,27,44264,836
2020-08-11,Sacramento,067,1510023,15325,12298,10,12308,182
2020-08-11,San Benito,069,59416,843,750,0,750,2
2020-08-11,San Bernardino,071,2135413,44728,38467,56,38523,584
2020-08-11,San Diego,073,3302833,35427,33159,119,33278,602
2020-08-11,San Francisco,075,870044,8390,6988,8,6996,66
2020-08-11,San Joaquin,077,732212,16514,13997,20,14017,251
2020-08-11,San Luis Obispo,079,281455,2559,2234,9,2243,15
2020-08-11,San Mateo,081,765935,7496,6339,4,6343,117
2020-08-11,Santa Barbara,083,443738,7906,6942,53,6995,70
2020-08-11,Santa Clara,085,1922200,15336,12920,18,12938,183
2020-08-11,Santa Cruz,087,273765,1550,1352,12,1364,4
2020-08-11,Shasta,089,179085,552,416,3,419,9
2020-08-11,Sierra,091,2930,5,4,0,4,0
2020-08-11,Siskiyou,093,43540,115,90,0,90,0
2020-08-11,Solano,095,438530,4855,4206,31,4237,31
2020-08-11,Sonoma,097,501317,4703,3752,13,3765,45
2020-08-11,Stanislaus,099,539301,13543,11592,155,11747,128
2020-08-11,Sutter,101,95872,1090,964,1,965,7
2020-08-11,Tehama,103,63373,334,289,2,291,1
2020-08-11,Trinity,105,12862,15,5,4,9,0
2020-08-11,Tulare,107,460477,12841,11392,32,11424,201
2020-08-11,Tuolumne,109,53932,164,146,2,148,1
2020-08-11,Ventura,111,848112,9820,8953,38,8991,88
2020-08-11,Yolo,113,214977,2141,1912,4,1916,44
2020-08-11,Yuba,115,75493,665,540,1,541,1
2020-08-10,Alameda,001,1643700,15714,13420,119,13539,203
2020-08-10,Alpine,003,1148,3,2,0,2,0
2020-08-10,Amador,005,37829,249,172,0,172,2
2020-08-10,Butte,007,227075,1451,1174,13,1187,15
2020-08-10,Calaveras,009,45235,173,121,0,121,1
2020-08-10,Colusa,011,21464,414,387,0,387,4
2020-08-10,Contra Costa,013,1133247,12229,9454,35,9489,130
2020-08-10,Del Norte,015,27424,98,69,0,69,0
2020-08-10,El Dorado,017,186661,881,771,0,771,2
2020-08-10,Fresno,019,978130,24180,17978,220,18198,183
2020-08-10,Glenn,021,27897,409,381,0,381,1
2020-08-10,Humboldt,023,135768,314,277,1,278,4
2020-08-10,Imperial,025,180216,10749,8465,6,8471,165
2020-08-10,Inyo,027,18085,122,97,0,97,1
2020-08-10,Kern,029,883053,27292,24499,155,24654,215
2020-08-10,Kings,031,150075,5284,4588,30,4618,50
2020-08-10,Lake,033,64148,273,239,0,239,2
2020-08-10,Lassen,035,31185,701,588,2,590,0
2020-08-10,Los Angeles,037,10098052,220927,211035,793,211828,5003
2020-08-10,Madera,039,155013,3323,2365,14,2379,22
2020-08-10,Marin,041,260295,5756,5242,10,5252,44
2020-08-10,Mariposa,043,17540,68,57,0,57,2
2020-08-10,Mendocino,045,87422,455,364,0,364,1
2020-08-10,Merced,047,269075,6897,4913,2,4915,51
2020-08-10,Modoc,049,8938,7,5,0,5,0
2020-08-10,Mono,051,14174,161,123,1,124,1
2020-08-10,Monterey,053,433212,6643,5358,17,5375,34
2020-08-10,Napa,055,140530,1298,1084,1,1085,8
2020-08-10,Nevada,057,99092,385,356,12,368,1
2020-08-10,Orange,059,3164182,46614,40445,934,41379,721
2020-08-10,Placer,061,380077,2646,2298,3,2301,21
2020-08-10,Plumas,063,18699,38,27,0,27,0
2020-08-10,Riverside,065,2383286,48790,43296,26,43322,830
2020-08-10,Sacramento,067,1510023,15012,12059,10,12069,168
2020-08-10,San Benito,069,59416,830,743,0,743,2
2020-08-10,San Bernardino,071,2135413,44351,37367,51,37418,579
2020-08-10,San Diego,073,3302833,35161,32977,103,33080,594
2020-08-10,San Francisco,075,870044,8300,6816,7,6823,66
2020-08-10,San Joaquin,077,732212,16332,13308,20,13328,240
2020-08-10,San Luis Obispo,079,281455,2460,2208,9,2217,15
2020-08-10,San Mateo,081,765935,7419,6222,4,6226,117
2020-08-10,Santa Barbara,083,443738,7851,6869,53,6922,66
2020-08-10,Santa Clara,085,1922200,15076,12615,18,12633,182
2020-08-10,Santa Cruz,087,273765,1530,1239,11,1250,4
2020-08-10,Shasta,089,179085,548,384,3,387,9
2020-08-10,Sierra,091,2930,5,3,0,3,0
2020-08-10,Siskiyou,093,43540,112,88,0,88,0
2020-08-10,Solano,095,438530,4795,4101,31,4132,31
2020-08-10,Sonoma,097,501317,4534,3640,9,3649,42
2020-08-10,Stanislaus,099,539301,13362,10855,138,10993,106
2020-08-10,Sutter,101,95872,1065,865,1,866,7
2020-08-10,Tehama,103,63373,327,282,2,284,1
2020-08-10,Trinity,105,12862,13,5,4,9,0
2020-08-10,Tulare,107,460477,12668,10750,30,10780,194
2020-08-10,Tuolumne,109,53932,164,143,1,144,1
2020-08-10,Ventura,111,848112,9736,8851,37,8888,85
2020-08-10,Yolo,113,214977,2118,1840,4,1844,45
2020-08-10,Yuba,115,75493,648,527,1,528,1
2020-08-09,Alameda,001,1643700,15435,13241,117,13358,203
2020-08-09,Alpine,003,1148,3,2,0,2,0
2020-08-09,Amador,005,37829,244,153,0,153,2
2020-08-09,Butte,007,227075,1407,1155,13,1168,15
2020-08-09,Calaveras,009,45235,168,122,0,122,1
2020-08-09,Colusa,011,21464,410,371,0,371,4
2020-08-09,Contra Costa,013,1133247,12002,9214,33,9247,130
2020-08-09,Del Norte,015,27424,98,69,0,69,0
2020-08-09,El Dorado,017,186661,873,748,0,748,2
2020-08-09,Fresno,019,978130,23872,17846,216,18062,183
2020-08-09,Glenn,021,27897,407,354,0,354,1
2020-08-09,Humboldt,023,135768,308,279,1,280,4
2020-08-09,Imperial,025,180216,10705,8310,5,8315,165
2020-08-09,Inyo,027,18085,117,86,0,86,1
2020-08-09,Kern,029,883053,27036,23680,155,23835,215
2020-08-09,Kings,031,150075,5241,4446,29,4475,50
2020-08-09,Lake,033,64148,266,225,0,225,2
2020-08-09,Lassen,035,31185,695,589,2,591,0
2020-08-09,Los Angeles,037,10098052,218865,208810,770,209580,4984
2020-08-09,Madera,039,155013,3264,2322,10,2332,22
2020-08-09,Marin,041,260295,5713,5204,10,5214,44
2020-08-09,Mariposa,043,17540,66,56,0,56,2
2020-08-09,Mendocino,045,87422,445,283,0,283,1
2020-08-09,Merced,047,269075,6799,4735,1,4736,51
2020-08-09,Modoc,049,8938,7,4,0,4,0
2020-08-09,Mono,051,14174,160,113,1,114,1
2020-08-09,Monterey,053,433212,6519,5199,17,5216,34
2020-08-09,Napa,055,140530,1279,1062,1,1063,8
2020-08-09,Nevada,057,99092,377,332,12,344,1
2020-08-09,Orange,059,3164182,46315,39244,919,40163,722
2020-08-09,Placer,061,380077,2618,2211,3,2214,20
2020-08-09,Plumas,063,18699,38,27,0,27,0
2020-08-09,Riverside,065,2383286,48446,41894,25,41919,828
2020-08-09,Sacramento,067,1510023,14734,11301,10,11311,167
2020-08-09,San Benito,069,59416,811,687,0,687,2
2020-08-09,San Bernardino,071,2135413,43876,36092,51,36143,579
2020-08-09,San Diego,073,3302833,34870,32749,92,32841,594
2020-08-09,San Francisco,075,870044,8185,6820,7,6827,66
2020-08-09,San Joaquin,077,732212,16127,12933,19,12952,240
2020-08-09,San Luis Obispo,079,281455,2424,2124,9,2133,15
2020-08-09,San Mateo,081,765935,7324,6094,4,6098,117
2020-08-09,Santa Barbara,083,443738,7764,6669,53,6722,66
2020-08-09,Santa Clara,085,1922200,14806,11878,18,11896,181
2020-08-09,Santa Cruz,087,273765,1506,1246,11,1257,4
2020-08-09,Shasta,089,179085,544,361,3,364,9
2020-08-09,Sierra,091,2930,5,3,0,3,0
2020-08-09,Siskiyou,093,43540,111,74,0,74,0
2020-08-09,Solano,095,438530,4742,3954,30,3984,31
2020-08-09,Sonoma,097,501317,4398,3531,7,3538,41
2020-08-09,Stanislaus,099,539301,13153,10264,124,10388,106
2020-08-09,Sutter,101,95872,1031,857,1,858,7
2020-08-09,Tehama,103,63373,319,265,2,267,1
2020-08-09,Trinity,105,12862,13,5,4,9,0
2020-08-09,Tulare,107,460477,12476,10630,27,10657,194
2020-08-09,Tuolumne,109,53932,161,143,1,144,1
2020-08-09,Ventura,111,848112,9589,8633,36,8669,85
2020-08-09,Yolo,113,214977,2087,1765,4,1769,44
2020-08-09,Yuba,115,75493,628,442,1,443,1
2020-08-08,Alameda,001,1643700,15325,13087,117,13204,204
2020-08-08,Alpine,003,1148,3,2,0,2,0
2020-08-08,Amador,005,37829,244,139,0,139,2
2020-08-08,Butte,007,227075,1389,1140,13,1153,15
2020-08-08,Calaveras,009,45235,167,122,0,122,1
2020-08-08,Colusa,011,21464,409,368,0,368,4
2020-08-08,Contra Costa,013,1133247,11893,9104,33,9137,129
2020-08-08,Del Norte,015,27424,97,69,0,69,0
2020-08-08,El Dorado,017,186661,866,734,0,734,2
2020-08-08,Fresno,019,978130,23736,17538,214,17752,183
2020-08-08,Glenn,021,27897,407,344,0,344,1
2020-08-08,Humboldt,023,135768,305,277,1,278,4
2020-08-08,Imperial,025,180216,10690,8213,5,8218,165
2020-08-08,Inyo,027,18085,113,86,0,86,1
2020-08-08,Kern,029,883053,26922,22803,155,22958,215
2020-08-08,Kings,031,150075,5227,4367,29,4396,49
2020-08-08,Lake,033,64148,264,221,0,221,2
2020-08-08,Lassen,035,31185,695,589,2,591,0
2020-08-08,Los Angeles,037,10098052,217977,206971,759,207730,4974
2020-08-08,Madera,039,155013,3233,2275,10,2285,22
2020-08-08,Marin,041,260295,5693,5118,10,5128,44
2020-08-08,Mariposa,043,17540,65,55,0,55,2
2020-08-08,Mendocino,045,87422,443,264,0,264,1
2020-08-08,Merced,047,269075,6759,4570,1,4571,51
2020-08-08,Modoc,049,8938,7,4,0,4,0
2020-08-08,Mono,051,14174,160,113,1,114,1
2020-08-08,Monterey,053,433212,6461,5101,17,5118,33
2020-08-08,Napa,055,140530,1271,1062,1,1063,8
2020-08-08,Nevada,057,99092,375,325,12,337,1
2020-08-08,Orange,059,3164182,46190,38688,910,39598,718
2020-08-08,Placer,061,380077,2601,2153,3,2156,20
2020-08-08,Plumas,063,18699,38,27,0,27,0
2020-08-08,Riverside,065,2383286,48242,41412,25,41437,823
2020-08-08,Sacramento,067,1510023,14604,11144,10,11154,166
2020-08-08,San Benito,069,59416,803,684,0,684,2
2020-08-08,San Bernardino,071,2135413,43680,35691,50,35741,531
2020-08-08,San Diego,073,3302833,34681,32332,83,32415,593
2020-08-08,San Francisco,075,870044,8119,6820,7,6827,66
2020-08-08,San Joaquin,077,732212,16046,12559,18,12577,240
2020-08-08,San Luis Obispo,079,281455,2401,2081,9,2090,15
2020-08-08,San Mateo,081,765935,7265,6021,4,6025,117
2020-08-08,Santa Barbara,083,443738,7726,6598,53,6651,66
2020-08-08,Santa Clara,085,1922200,14654,11615,18,11633,181
2020-08-08,Santa Cruz,087,273765,1492,1247,11,1258,4
2020-08-08,Shasta,089,179085,542,343,3,346,9
2020-08-08,Sierra,091,2930,5,3,0,3,0
2020-08-08,Siskiyou,093,43540,111,73,0,73,0
2020-08-08,Solano,095,438530,4721,3889,29,3918,31
2020-08-08,Sonoma,097,501317,4366,3399,7,3406,41
2020-08-08,Stanislaus,099,539301,13078,9963,118,10081,105
2020-08-08,Sutter,101,95872,1021,830,1,831,7
2020-08-08,Tehama,103,63373,318,251,2,253,1
2020-08-08,Trinity,105,12862,13,5,4,9,0
2020-08-08,Tulare,107,460477,12400,10505,27,10532,192
2020-08-08,Tuolumne,109,53932,161,143,1,144,1
2020-08-08,Ventura,111,848112,9535,8462,35,8497,85
2020-08-08,Yolo,113,214977,2074,1725,4,1729,44
2020-08-08,Yuba,115,75493,619,430,1,431,1
2020-08-07,Alameda,001,1643700,15216,12805,117,12922,204
2020-08-07,Alpine,003,1148,3,2,0,2,0
2020-08-07,Amador,005,37829,242,125,0,125,2
2020-08-07,Butte,007,227075,1371,1092,13,1105,13
2020-08-07,Calaveras,009,45235,167,119,0,119,1
2020-08-07,Colusa,011,21464,408,358,0,358,4
2020-08-07,Contra Costa,013,1133247,11744,8810,33,8843,126
2020-08-07,Del Norte,015,27424,97,69,0,69,0
2020-08-07,El Dorado,017,186661,861,724,0,724,2
2020-08-07,Fresno,019,978130,23576,17290,214,17504,171
2020-08-07,Glenn,021,27897,406,339,0,339,1
2020-08-07,Humboldt,023,135768,301,274,1,275,4
2020-08-07,Imperial,025,180216,10665,8085,5,8090,164
2020-08-07,Inyo,027,18085,112,81,0,81,1
2020-08-07,Kern,029,883053,26796,22143,152,22295,206
2020-08-07,Kings,031,150075,5210,4315,29,4344,48
2020-08-07,Lake,033,64148,262,215,0,215,1
2020-08-07,Lassen,035,31185,694,588,2,590,0
2020-08-07,Los Angeles,037,10098052,216520,204406,747,205153,4924
2020-08-07,Madera,039,155013,3201,2245,10,2255,20
2020-08-07,Marin,041,260295,5664,5094,10,5104,43
2020-08-07,Mariposa,043,17540,65,53,0,53,2
2020-08-07,Mendocino,045,87422,429,262,0,262,1
2020-08-07,Merced,047,269075,6716,4358,1,4359,30
2020-08-07,Modoc,049,8938,7,4,0,4,0
2020-08-07,Mono,051,14174,160,112,1,113,1
2020-08-07,Monterey,053,433212,6386,5041,17,5058,33
2020-08-07,Napa,055,140530,1266,1055,1,1056,8
2020-08-07,Nevada,057,99092,372,324,12,336,1
2020-08-07,Orange,059,3164182,45978,38459,893,39352,701
2020-08-07,Placer,061,380077,2584,2078,3,2081,20
2020-08-07,Plumas,063,18699,38,25,0,25,0
2020-08-07,Riverside,065,2383286,47978,40902,24,40926,810
2020-08-07,Sacramento,067,1510023,14459,10798,10,10808,160
2020-08-07,San Benito,069,59416,797,647,0,647,2
2020-08-07,San Bernardino,071,2135413,43434,35200,49,35249,524
2020-08-07,San Diego,073,3302833,34496,31781,80,31861,586
2020-08-07,San Francisco,075,870044,8041,6765,7,6772,66
2020-08-07,San Joaquin,077,732212,15962,12392,18,12410,223
2020-08-07,San Luis Obispo,079,281455,2370,2050,9,2059,14
2020-08-07,San Mateo,081,765935,7206,5948,4,5952,117
2020-08-07,Santa Barbara,083,443738,7675,6509,53,6562,66
2020-08-07,Santa Clara,085,1922200,14455,11409,18,11427,180
2020-08-07,Santa Cruz,087,273765,1474,1234,11,1245,5
2020-08-07,Shasta,089,179085,537,342,3,345,9
2020-08-07,Sierra,091,2930,5,3,0,3,0
2020-08-07,Siskiyou,093,43540,108,73,0,73,0
2020-08-07,Solano,095,438530,4689,3844,28,3872,31
2020-08-07,Sonoma,097,501317,4302,3329,7,3336,34
2020-08-07,Stanislaus,099,539301,12957,9665,107,9772,98
2020-08-07,Sutter,101,95872,1017,807,1,808,6
2020-08-07,Tehama,103,63373,314,246,2,248,1
2020-08-07,Trinity,105,12862,12,5,4,9,0
2020-08-07,Tulare,107,460477,12323,10292,27,10319,195
2020-08-07,Tuolumne,109,53932,160,136,1,137,1
2020-08-07,Ventura,111,848112,9475,8356,33,8389,84
2020-08-07,Yolo,113,214977,2048,1689,4,1693,37
2020-08-07,Yuba,115,75493,614,413,1,414,1
2020-08-06,Alameda,001,1643700,14994,12474,116,12590,200
2020-08-06,Alpine,003,1148,3,2,0,2,0
2020-08-06,Amador,005,37829,228,125,0,125,0
2020-08-06,Butte,007,227075,1352,1060,13,1073,13
2020-08-06,Calaveras,009,45235,165,117,0,117,1
2020-08-06,Colusa,011,21464,405,358,0,358,3
2020-08-06,Contra Costa,013,1133247,11550,8583,32,8615,124
2020-08-06,Del Norte,015,27424,97,69,0,69,0
2020-08-06,El Dorado,017,186661,850,703,0,703,1
2020-08-06,Fresno,019,978130,23281,17031,206,17237,161
2020-08-06,Glenn,021,27897,401,332,0,332,1
2020-08-06,Humboldt,023,135768,296,266,1,267,4
2020-08-06,Imperial,025,180216,10622,8064,5,8069,163
2020-08-06,Inyo,027,18085,104,83,0,83,1
2020-08-06,Kern,029,883053,26560,21843,151,21994,197
2020-08-06,Kings,031,150075,5150,4264,27,4291,47
2020-08-06,Lake,033,64148,259,209,0,209,1
2020-08-06,Lassen,035,31185,692,588,2,590,0
2020-08-06,Los Angeles,037,10098052,214441,201372,730,202102,4874
2020-08-06,Madera,039,155013,3153,2240,9,2249,19
2020-08-06,Marin,041,260295,5632,5058,10,5068,43
2020-08-06,Mariposa,043,17540,64,52,0,52,2
2020-08-06,Mendocino,045,87422,415,260,0,260,1
2020-08-06,Merced,047,269075,6615,4235,1,4236,30
2020-08-06,Modoc,049,8938,7,4,0,4,0
2020-08-06,Mono,051,14174,159,111,1,112,1
2020-08-06,Monterey,053,433212,6277,5001,16,5017,33
2020-08-06,Napa,055,140530,1252,1032,1,1033,8
2020-08-06,Nevada,057,99092,367,321,12,333,1
2020-08-06,Orange,059,3164182,45686,38399,888,39287,694
2020-08-06,Placer,061,380077,2557,2045,3,2048,20
2020-08-06,Plumas,063,18699,37,25,0,25,0
2020-08-06,Riverside,065,2383286,47583,40269,24,40293,781
2020-08-06,Sacramento,067,1510023,14228,10548,10,10558,153
2020-08-06,San Benito,069,59416,789,626,0,626,2
2020-08-06,San Bernardino,071,2135413,43031,34819,49,34868,516
2020-08-06,San Diego,073,3302833,34229,31129,73,31202,583
2020-08-06,San Francisco,075,870044,7948,6737,6,6743,60
2020-08-06,San Joaquin,077,732212,15803,12269,18,12287,203
2020-08-06,San Luis Obispo,079,281455,2346,2000,9,2009,13
2020-08-06,San Mateo,081,765935,7107,5885,4,5889,117
2020-08-06,Santa Barbara,083,443738,7615,6620,53,6673,65
2020-08-06,Santa Clara,085,1922200,14226,11280,18,11298,178
2020-08-06,Santa Cruz,087,273765,1453,1215,11,1226,4
2020-08-06,Shasta,089,179085,528,343,3,346,9
2020-08-06,Sierra,091,2930,5,3,0,3,0
2020-08-06,Siskiyou,093,43540,108,73,0,73,0
2020-08-06,Solano,095,438530,4646,3784,28,3812,29
2020-08-06,Sonoma,097,501317,4238,3259,7,3266,33
2020-08-06,Stanislaus,099,539301,12808,9566,90,9656,98
2020-08-06,Sutter,101,95872,986,797,1,798,6
2020-08-06,Tehama,103,63373,311,242,2,244,1
2020-08-06,Trinity,105,12862,10,5,4,9,0
2020-08-06,Tulare,107,460477,12164,10169,27,10196,195
2020-08-06,Tuolumne,109,53932,159,136,1,137,1
2020-08-06,Ventura,111,848112,9364,8245,30,8275,80
2020-08-06,Yolo,113,214977,2024,1662,4,1666,36
2020-08-06,Yuba,115,75493,605,407,0,407,1
2020-08-05,Alameda,001,1643700,14781,12140,115,12255,193
2020-08-05,Alpine,003,1148,3,2,0,2,0
2020-08-05,Amador,005,37829,218,123,0,123,0
2020-08-05,Butte,007,227075,1318,1038,13,1051,13
2020-08-05,Calaveras,009,45235,162,116,0,116,1
2020-08-05,Colusa,011,21464,401,354,0,354,3
2020-08-05,Contra Costa,013,1133247,11386,8362,32,8394,122
2020-08-05,Del Norte,015,27424,96,69,0,69,0
2020-08-05,El Dorado,017,186661,842,692,0,692,1
2020-08-05,Fresno,019,978130,23039,16625,199,16824,159
2020-08-05,Glenn,021,27897,398,330,0,330,1
2020-08-05,Humboldt,023,135768,294,249,1,250,4
2020-08-05,Imperial,025,180216,10587,8036,5,8041,163
2020-08-05,Inyo,027,18085,102,62,0,62,1
2020-08-05,Kern,029,883053,26372,21540,146,21686,194
2020-08-05,Kings,031,150075,5105,4192,25,4217,47
2020-08-05,Lake,033,64148,252,209,0,209,1
2020-08-05,Lassen,035,31185,645,557,2,559,0
2020-08-05,Los Angeles,037,10098052,212523,198355,709,199064,4832
2020-08-05,Madera,039,155013,3111,2172,9,2181,19
2020-08-05,Marin,041,260295,5600,5036,10,5046,43
2020-08-05,Mariposa,043,17540,64,52,0,52,2
2020-08-05,Mendocino,045,87422,403,248,0,248,1
2020-08-05,Merced,047,269075,6480,4119,1,4120,30
2020-08-05,Modoc,049,8938,7,3,0,3,0
2020-08-05,Mono,051,14174,159,104,1,105,1
2020-08-05,Monterey,053,433212,6162,4936,16,4952,32
2020-08-05,Napa,055,140530,1240,1020,1,1021,8
2020-08-05,Nevada,057,99092,358,327,12,339,2
2020-08-05,Orange,059,3164182,45377,37907,881,38788,663
2020-08-05,Placer,061,380077,2516,1989,3,1992,18
2020-08-05,Plumas,063,18699,36,25,0,25,0
2020-08-05,Riverside,065,2383286,47192,39454,22,39476,761
2020-08-05,Sacramento,067,1510023,14009,10261,9,10270,151
2020-08-05,San Benito,069,59416,780,613,0,613,2
2020-08-05,San Bernardino,071,2135413,42568,34442,47,34489,504
2020-08-05,San Diego,073,3302833,34005,30866,57,30923,578
2020-08-05,San Francisco,075,870044,7855,6701,6,6707,60
2020-08-05,San Joaquin,077,732212,15640,12148,18,12166,199
2020-08-05,San Luis Obispo,079,281455,2323,1928,9,1937,13
2020-08-05,San Mateo,081,765935,7011,5695,4,5699,116
2020-08-05,Santa Barbara,083,443738,7554,6597,53,6650,63
2020-08-05,Santa Clara,085,1922200,13991,11074,18,11092,176
2020-08-05,Santa Cruz,087,273765,1433,1192,9,1201,4
2020-08-05,Shasta,089,179085,522,338,3,341,9
2020-08-05,Sierra,091,2930,5,3,0,3,0
2020-08-05,Siskiyou,093,43540,104,72,0,72,0
2020-08-05,Solano,095,438530,4595,3750,27,3777,29
2020-08-05,Sonoma,097,501317,4156,3173,7,3180,33
2020-08-05,Stanislaus,099,539301,12649,9408,85,9493,97
2020-08-05,Sutter,101,95872,975,780,1,781,6
2020-08-05,Tehama,103,63373,308,231,2,233,1
2020-08-05,Trinity,105,12862,10,5,4,9,0
2020-08-05,Tulare,107,460477,12024,9924,27,9951,192
2020-08-05,Tuolumne,109,53932,159,137,1,138,0
2020-08-05,Ventura,111,848112,9256,8162,27,8189,75
2020-08-05,Yolo,113,214977,1996,1634,4,1638,36
2020-08-05,Yuba,115,75493,588,400,0,400,1
2020-08-04,Alameda,001,1643700,14564,11983,114,12097,192
2020-08-04,Alpine,003,1148,3,2,0,2,0
2020-08-04,Amador,005,37829,203,123,0,123,0
2020-08-04,Butte,007,227075,1294,1011,13,1024,10
2020-08-04,Calaveras,009,45235,158,116,0,116,1
2020-08-04,Colusa,011,21464,396,354,0,354,3
2020-08-04,Contra Costa,013,1133247,11220,8210,32,8242,122
2020-08-04,Del Norte,015,27424,94,69,0,69,0
2020-08-04,El Dorado,017,186661,832,668,0,668,1
2020-08-04,Fresno,019,978130,22756,16272,191,16463,154
2020-08-04,Glenn,021,27897,397,325,0,325,1
2020-08-04,Humboldt,023,135768,284,241,1,242,4
2020-08-04,Imperial,025,180216,10550,7974,5,7979,163
2020-08-04,Inyo,027,18085,88,59,0,59,1
2020-08-04,Kern,029,883053,26088,21403,146,21549,190
2020-08-04,Kings,031,150075,5042,4163,25,4188,47
2020-08-04,Lake,033,64148,252,206,0,206,1
2020-08-04,Lassen,035,31185,642,556,2,558,0
2020-08-04,Los Angeles,037,10098052,210559,196014,678,196692,4764
2020-08-04,Madera,039,155013,3068,2161,4,2165,19
2020-08-04,Marin,041,260295,5569,5020,9,5029,43
2020-08-04,Mariposa,043,17540,64,51,0,51,2
2020-08-04,Mendocino,045,87422,378,248,0,248,1
2020-08-04,Merced,047,269075,6366,4085,1,4086,30
2020-08-04,Modoc,049,8938,7,3,0,3,0
2020-08-04,Mono,051,14174,158,104,0,104,1
2020-08-04,Monterey,053,433212,6048,4892,16,4908,32
2020-08-04,Napa,055,140530,1227,994,0,994,8
2020-08-04,Nevada,057,99092,357,322,12,334,2
2020-08-04,Orange,059,3164182,45003,37844,876,38720,659
2020-08-04,Placer,061,380077,2477,1964,3,1967,17
2020-08-04,Plumas,063,18699,36,25,0,25,0
2020-08-04,Riverside,065,2383286,46807,38991,21,39012,743
2020-08-04,Sacramento,067,1510023,13790,10205,9,10214,146
2020-08-04,San Benito,069,59416,764,608,0,608,2
2020-08-04,San Bernardino,071,2135413,42022,34215,44,34259,495
2020-08-04,San Diego,073,3302833,33712,30518,45,30563,568
2020-08-04,San Francisco,075,870044,7768,6568,6,6574,60
2020-08-04,San Joaquin,077,732212,15511,12087,15,12102,189
2020-08-04,San Luis Obispo,079,281455,2293,1886,9,1895,13
2020-08-04,San Mateo,081,765935,6905,5690,4,5694,116
2020-08-04,Santa Barbara,083,443738,7494,6591,53,6644,61
2020-08-04,Santa Clara,085,1922200,13691,10986,18,11004,175
2020-08-04,Santa Cruz,087,273765,1414,1202,9,1211,4
2020-08-04,Shasta,089,179085,516,335,3,338,9
2020-08-04,Sierra,091,2930,5,1,0,1,0
2020-08-04,Siskiyou,093,43540,102,71,0,71,0
2020-08-04,Solano,095,438530,4524,3690,27,3717,29
2020-08-04,Sonoma,097,501317,4089,3108,7,3115,33
2020-08-04,Stanislaus,099,539301,12480,9359,77,9436,97
2020-08-04,Sutter,101,95872,961,761,1,762,6
2020-08-04,Tehama,103,63373,301,226,2,228,1
2020-08-04,Trinity,105,12862,10,5,4,9,0
2020-08-04,Tulare,107,460477,11844,9866,27,9893,192
2020-08-04,Tuolumne,109,53932,158,127,1,128,0
2020-08-04,Ventura,111,848112,9148,8134,25,8159,75
2020-08-04,Yolo,113,214977,1970,1626,4,1630,37
2020-08-04,Yuba,115,75493,573,398,0,398,1
2020-08-03,Alameda,001,1643700,14381,11817,110,11927,189
2020-08-03,Alpine,003,1148,3,2,0,2,0
2020-08-03,Amador,005,37829,199,119,0,119,0
2020-08-03,Butte,007,227075,1248,989,12,1001,9
2020-08-03,Calaveras,009,45235,155,117,0,117,1
2020-08-03,Colusa,011,21464,392,336,0,336,2
2020-08-03,Contra Costa,013,1133247,11024,8069,28,8097,120
2020-08-03,Del Norte,015,27424,90,68,0,68,0
2020-08-03,El Dorado,017,186661,821,645,0,645,1
2020-08-03,Fresno,019,978130,22462,15945,185,16130,151
2020-08-03,Glenn,021,27897,390,316,0,316,1
2020-08-03,Humboldt,023,135768,277,234,1,235,4
2020-08-03,Imperial,025,180216,10496,7953,5,7958,161
2020-08-03,Inyo,027,18085,85,57,0,57,1
2020-08-03,Kern,029,883053,25721,21285,139,21424,176
2020-08-03,Kings,031,150075,4930,4107,25,4132,47
2020-08-03,Lake,033,64148,245,201,0,201,1
2020-08-03,Lassen,035,31185,642,555,2,557,0
2020-08-03,Los Angeles,037,10098052,208516,194103,647,194750,4706
2020-08-03,Madera,039,155013,3019,2143,3,2146,18
2020-08-03,Marin,041,260295,5522,5001,9,5010,43
2020-08-03,Mariposa,043,17540,63,52,0,52,2
2020-08-03,Mendocino,045,87422,355,248,0,248,1
2020-08-03,Merced,047,269075,6244,4028,1,4029,29
2020-08-03,Modoc,049,8938,7,2,0,2,0
2020-08-03,Mono,051,14174,158,104,0,104,1
2020-08-03,Monterey,053,433212,5897,4806,13,4819,28
2020-08-03,Napa,055,140530,1212,973,0,973,8
2020-08-03,Nevada,057,99092,352,315,12,327,2
2020-08-03,Orange,059,3164182,44609,37705,867,38572,651
2020-08-03,Placer,061,380077,2422,1947,2,1949,16
2020-08-03,Plumas,063,18699,36,25,0,25,0
2020-08-03,Riverside,065,2383286,46339,38642,21,38663,740
2020-08-03,Sacramento,067,1510023,13593,10143,9,10152,142
2020-08-03,San Benito,069,59416,752,603,0,603,2
2020-08-03,San Bernardino,071,2135413,41495,33979,42,34021,444
2020-08-03,San Diego,073,3302833,33399,30228,35,30263,565
2020-08-03,San Francisco,075,870044,7674,6319,6,6325,60
2020-08-03,San Joaquin,077,732212,15313,12007,14,12021,189
2020-08-03,San Luis Obispo,079,281455,2251,1863,6,1869,14
2020-08-03,San Mateo,081,765935,6824,5661,4,5665,115
2020-08-03,Santa Barbara,083,443738,7450,6580,53,6633,59
2020-08-03,Santa Clara,085,1922200,13415,10747,18,10765,172
2020-08-03,Santa Cruz,087,273765,1394,1154,9,1163,4
2020-08-03,Shasta,089,179085,509,322,3,325,9
2020-08-03,Sierra,091,2930,5,1,0,1,0
2020-08-03,Siskiyou,093,43540,98,67,0,67,0
2020-08-03,Solano,095,438530,4455,3610,26,3636,29
2020-08-03,Sonoma,097,501317,3990,3079,6,3085,33
2020-08-03,Stanislaus,099,539301,12273,9308,69,9377,96
2020-08-03,Sutter,101,95872,937,713,1,714,6
2020-08-03,Tehama,103,63373,293,225,2,227,1
2020-08-03,Trinity,105,12862,10,5,4,9,0
2020-08-03,Tulare,107,460477,11660,9703,27,9730,188
2020-08-03,Tuolumne,109,53932,158,123,1,124,0
2020-08-03,Ventura,111,848112,9062,8084,23,8107,74
2020-08-03,Yolo,113,214977,1935,1598,3,1601,37
2020-08-03,Yuba,115,75493,549,393,0,393,1
2020-08-02,Alameda,001,1643700,14137,11696,96,11792,188
2020-08-02,Alpine,003,1148,3,2,0,2,0
2020-08-02,Amador,005,37829,194,117,0,117,0
2020-08-02,Butte,007,227075,1213,987,12,999,9
2020-08-02,Calaveras,009,45235,152,116,0,116,1
2020-08-02,Colusa,011,21464,387,335,0,335,2
2020-08-02,Contra Costa,013,1133247,10786,7995,28,8023,118
2020-08-02,Del Norte,015,27424,89,68,0,68,0
2020-08-02,El Dorado,017,186661,811,643,0,643,1
2020-08-02,Fresno,019,978130,22187,15759,178,15937,151
2020-08-02,Glenn,021,27897,389,315,0,315,1
2020-08-02,Humboldt,023,135768,272,232,1,233,4
2020-08-02,Imperial,025,180216,10433,7919,5,7924,157
2020-08-02,Inyo,027,18085,84,45,0,45,1
2020-08-02,Kern,029,883053,25423,21162,137,21299,176
2020-08-02,Kings,031,150075,4868,3964,24,3988,47
2020-08-02,Lake,033,64148,240,201,0,201,1
2020-08-02,Lassen,035,31185,642,555,2,557,0
2020-08-02,Los Angeles,037,10098052,206415,192480,629,193109,4698
2020-08-02,Madera,039,155013,2953,2123,1,2124,18
2020-08-02,Marin,041,260295,5487,4985,9,4994,43
2020-08-02,Mariposa,043,17540,61,52,0,52,2
2020-08-02,Mendocino,045,87422,345,247,0,247,1
2020-08-02,Merced,047,269075,6103,4011,1,4012,29
2020-08-02,Modoc,049,8938,7,2,0,2,0
2020-08-02,Mono,051,14174,151,104,0,104,1
2020-08-02,Monterey,053,433212,5772,4698,13,4711,28
2020-08-02,Napa,055,140530,1197,956,0,956,8
2020-08-02,Nevada,057,99092,349,314,12,326,2
2020-08-02,Orange,059,3164182,44228,37266,856,38122,651
2020-08-02,Placer,061,380077,2382,1920,2,1922,15
2020-08-02,Plumas,063,18699,36,25,0,25,0
2020-08-02,Riverside,065,2383286,45906,38507,21,38528,735
2020-08-02,Sacramento,067,1510023,13308,10099,9,10108,142
2020-08-02,San Benito,069,59416,738,599,0,599,2
2020-08-02,San Bernardino,071,2135413,40895,33643,42,33685,443
2020-08-02,San Diego,073,3302833,33060,29885,26,29911,565
2020-08-02,San Francisco,075,870044,7556,6297,6,6303,60
2020-08-02,San Joaquin,077,732212,15027,11937,12,11949,189
2020-08-02,San Luis Obispo,079,281455,2189,1821,6,1827,14
2020-08-02,San Mateo,081,765935,6709,5618,4,5622,115
2020-08-02,Santa Barbara,083,443738,7359,6532,53,6585,59
2020-08-02,Santa Clara,085,1922200,13197,10577,18,10595,172
2020-08-02,Santa Cruz,087,273765,1374,1162,9,1171,4
2020-08-02,Shasta,089,179085,505,318,3,321,9
2020-08-02,Sierra,091,2930,4,1,0,1,0
2020-08-02,Siskiyou,093,43540,98,65,0,65,0
2020-08-02,Solano,095,438530,4396,3609,26,3635,29
2020-08-02,Sonoma,097,501317,3906,3005,6,3011,33
2020-08-02,Stanislaus,099,539301,12058,9277,63,9340,96
2020-08-02,Sutter,101,95872,902,714,1,715,6
2020-08-02,Tehama,103,63373,287,222,2,224,1
2020-08-02,Trinity,105,12862,10,5,4,9,0
2020-08-02,Tulare,107,460477,11451,9593,27,9620,188
2020-08-02,Tuolumne,109,53932,155,123,1,124,0
2020-08-02,Ventura,111,848112,8920,8014,23,8037,73
2020-08-02,Yolo,113,214977,1911,1588,3,1591,37
2020-08-02,Yuba,115,75493,529,393,0,393,1
2020-08-01,Alameda,001,1643700,14025,11590,96,11686,188
2020-08-01,Alpine,003,1148,3,2,0,2,0
2020-08-01,Amador,005,37829,190,109,0,109,0
2020-08-01,Butte,007,227075,1199,976,12,988,9
2020-08-01,Calaveras,009,45235,148,116,0,116,1
2020-08-01,Colusa,011,21464,386,327,0,327,2
2020-08-01,Contra Costa,013,1133247,10653,7867,27,7894,116
2020-08-01,Del Norte,015,27424,89,68,0,68,0
2020-08-01,El Dorado,017,186661,808,637,0,637,1
2020-08-01,Fresno,019,978130,22050,15448,178,15626,149
2020-08-01,Glenn,021,27897,388,311,0,311,1
2020-08-01,Humboldt,023,135768,271,232,1,233,4
2020-08-01,Imperial,025,180216,10397,7919,5,7924,156
2020-08-01,Inyo,027,18085,82,45,0,45,1
2020-08-01,Kern,029,883053,25263,20796,133,20929,176
2020-08-01,Kings,031,150075,4842,3948,24,3972,47
2020-08-01,Lake,033,64148,238,194,0,194,1
2020-08-01,Lassen,035,31185,641,555,2,557,0
2020-08-01,Los Angeles,037,10098052,205525,191023,601,191624,4674
2020-08-01,Madera,039,155013,2914,2103,1,2104,18
2020-08-01,Marin,041,260295,5473,4945,8,4953,43
2020-08-01,Mariposa,043,17540,61,50,0,50,2
2020-08-01,Mendocino,045,87422,338,243,0,243,1
2020-08-01,Merced,047,269075,6055,3972,1,3973,29
2020-08-01,Modoc,049,8938,7,2,0,2,0
2020-08-01,Mono,051,14174,150,104,0,104,1
2020-08-01,Monterey,053,433212,5705,4611,12,4623,28
2020-08-01,Napa,055,140530,1188,923,0,923,8
2020-08-01,Nevada,057,99092,345,305,12,317,2
2020-08-01,Orange,059,3164182,44001,36703,850,37553,648
2020-08-01,Placer,061,380077,2349,1891,2,1893,14
2020-08-01,Plumas,063,18699,35,25,0,25,0
2020-08-01,Riverside,065,2383286,45694,38216,19,38235,704
2020-08-01,Sacramento,067,1510023,13151,10044,9,10053,141
2020-08-01,San Benito,069,59416,727,579,0,579,2
2020-08-01,San Bernardino,071,2135413,40659,32947,42,32989,440
2020-08-01,San Diego,073,3302833,32843,29579,18,29597,565
2020-08-01,San Francisco,075,870044,7494,6296,6,6302,60
2020-08-01,San Joaquin,077,732212,14955,11807,11,11818,189
2020-08-01,San Luis Obispo,079,281455,2162,1798,6,1804,13
2020-08-01,San Mateo,081,765935,6654,5520,4,5524,115
2020-08-01,Santa Barbara,083,443738,7319,6465,53,6518,59
2020-08-01,Santa Clara,085,1922200,13046,10281,18,10299,171
2020-08-01,Santa Cruz,087,273765,1358,1164,9,1173,4
2020-08-01,Shasta,089,179085,500,312,3,315,9
2020-08-01,Sierra,091,2930,3,1,0,1,0
2020-08-01,Siskiyou,093,43540,98,64,0,64,0
2020-08-01,Solano,095,438530,4362,3591,25,3616,29
2020-08-01,Sonoma,097,501317,3860,2890,6,2896,29
2020-08-01,Stanislaus,099,539301,11940,9221,55,9276,96
2020-08-01,Sutter,101,95872,898,714,1,715,6
2020-08-01,Tehama,103,63373,284,220,2,222,1
2020-08-01,Trinity,105,12862,10,5,4,9,0
2020-08-01,Tulare,107,460477,11383,9520,27,9547,188
2020-08-01,Tuolumne,109,53932,155,123,1,124,0
2020-08-01,Ventura,111,848112,8874,7819,23,7842,73
2020-08-01,Yolo,113,214977,1901,1557,3,1560,37
2020-08-01,Yuba,115,75493,524,387,0,387,1
2020-07-31,Alameda,001,1643700,13894,11441,96,11537,187
2020-07-31,Alpine,003,1148,3,2,0,2,0
2020-07-31,Amador,005,37829,189,98,0,98,0
2020-07-31,Butte,007,227075,1176,925,12,937,7
2020-07-31,Calaveras,009,45235,148,112,0,112,1
2020-07-31,Colusa,011,21464,376,319,0,319,2
2020-07-31,Contra Costa,013,1133247,10505,7697,26,7723,113
2020-07-31,Del Norte,015,27424,88,68,0,68,0
2020-07-31,El Dorado,017,186661,797,616,0,616,1
2020-07-31,Fresno,019,978130,21831,15083,178,15261,133
2020-07-31,Glenn,021,27897,381,304,0,304,1
2020-07-31,Humboldt,023,135768,264,229,1,230,4
2020-07-31,Imperial,025,180216,10365,7886,5,7891,155
2020-07-31,Inyo,027,18085,72,45,0,45,1
2020-07-31,Kern,029,883053,25022,20061,128,20189,173
2020-07-31,Kings,031,150075,4814,3807,24,3831,45
2020-07-31,Lake,033,64148,237,191,0,191,1
2020-07-31,Lassen,035,31185,636,544,2,546,0
2020-07-31,Los Angeles,037,10098052,203917,188688,588,189276,4628
2020-07-31,Madera,039,155013,2867,2036,1,2037,19
2020-07-31,Marin,041,260295,5429,4885,5,4890,43
2020-07-31,Mariposa,043,17540,61,49,0,49,2
2020-07-31,Mendocino,045,87422,323,232,0,232,1
2020-07-31,Merced,047,269075,5972,3789,1,3790,30
2020-07-31,Modoc,049,8938,6,0,0,0,0
2020-07-31,Mono,051,14174,149,104,0,104,1
2020-07-31,Monterey,053,433212,5613,4493,12,4505,24
2020-07-31,Napa,055,140530,1176,897,0,897,7
2020-07-31,Nevada,057,99092,343,302,12,314,2
2020-07-31,Orange,059,3164182,43701,36196,834,37030,620
2020-07-31,Placer,061,380077,2325,1853,2,1855,14
2020-07-31,Plumas,063,18699,34,25,0,25,0
2020-07-31,Riverside,065,2383286,45304,37612,19,37631,694
2020-07-31,Sacramento,067,1510023,12970,9872,9,9881,132
2020-07-31,San Benito,069,59416,719,567,0,567,2
2020-07-31,San Bernardino,071,2135413,40330,32332,41,32373,434
2020-07-31,San Diego,073,3302833,32609,29050,10,29060,561
2020-07-31,San Francisco,075,870044,7395,6126,6,6132,60
2020-07-31,San Joaquin,077,732212,14819,11561,11,11572,177
2020-07-31,San Luis Obispo,079,281455,2092,1746,6,1752,12
2020-07-31,San Mateo,081,765935,6582,5416,4,5420,115
2020-07-31,Santa Barbara,083,443738,7252,6375,53,6428,58
2020-07-31,Santa Clara,085,1922200,12825,9863,18,9881,171
2020-07-31,Santa Cruz,087,273765,1335,1118,9,1127,4
2020-07-31,Shasta,089,179085,490,305,3,308,9
2020-07-31,Sierra,091,2930,3,1,0,1,0
2020-07-31,Siskiyou,093,43540,96,61,0,61,0
2020-07-31,Solano,095,438530,4315,3510,24,3534,29
2020-07-31,Sonoma,097,501317,3802,2745,6,2751,27
2020-07-31,Stanislaus,099,539301,11833,9061,50,9111,94
2020-07-31,Sutter,101,95872,893,714,1,715,6
2020-07-31,Tehama,103,63373,281,213,2,215,1
2020-07-31,Trinity,105,12862,10,5,4,9,0
2020-07-31,Tulare,107,460477,11262,9365,27,9392,184
2020-07-31,Tuolumne,109,53932,155,120,1,121,0
2020-07-31,Ventura,111,848112,8799,7521,23,7544,71
2020-07-31,Yolo,113,214977,1875,1522,3,1525,38
2020-07-31,Yuba,115,75493,515,369,0,369,1
2020-07-30,Alameda,001,1643700,13695,11303,53,11356,185
2020-07-30,Alpine,003,1148,3,2,0,2,0
2020-07-30,Amador,005,37829,171,97,0,97,0
2020-07-30,Butte,007,227075,1160,915,12,927,7
2020-07-30,Calaveras,009,45235,144,111,0,111,1
2020-07-30,Colusa,011,21464,373,315,0,315,2
2020-07-30,Contra Costa,013,1133247,10320,7615,25,7640,112
2020-07-30,Del Norte,015,27424,88,68,0,68,0
2020-07-30,El Dorado,017,186661,790,608,0,608,1
2020-07-30,Fresno,019,978130,21496,14793,172,14965,133
2020-07-30,Glenn,021,27897,374,297,0,297,1
2020-07-30,Humboldt,023,135768,262,228,1,229,4
2020-07-30,Imperial,025,180216,10306,7849,5,7854,151
2020-07-30,Inyo,027,18085,68,44,0,44,1
2020-07-30,Kern,029,883053,24729,19552,124,19676,171
2020-07-30,Kings,031,150075,4710,3785,24,3809,43
2020-07-30,Lake,033,64148,231,181,0,181,1
2020-07-30,Lassen,035,31185,633,544,2,546,0
2020-07-30,Los Angeles,037,10098052,201882,186177,555,186732,4564
2020-07-30,Madera,039,155013,2797,2007,1,2008,18
2020-07-30,Marin,041,260295,5387,4835,4,4839,39
2020-07-30,Mariposa,043,17540,61,49,0,49,1
2020-07-30,Mendocino,045,87422,316,232,0,232,1
2020-07-30,Merced,047,269075,5807,3695,1,3696,30
2020-07-30,Modoc,049,8938,6,0,0,0,0
2020-07-30,Mono,051,14174,148,104,0,104,1
2020-07-30,Monterey,053,433212,5501,4352,12,4364,24
2020-07-30,Napa,055,140530,1159,874,0,874,7
2020-07-30,Nevada,057,99092,338,292,12,304,2
2020-07-30,Orange,059,3164182,43287,36105,809,36914,607
2020-07-30,Placer,061,380077,2271,1821,2,1823,14
2020-07-30,Plumas,063,18699,33,25,0,25,0
2020-07-30,Riverside,065,2383286,44763,37308,19,37327,685
2020-07-30,Sacramento,067,1510023,12749,9704,9,9713,126
2020-07-30,San Benito,069,59416,706,558,0,558,2
2020-07-30,San Bernardino,071,2135413,39806,32010,41,32051,427
2020-07-30,San Diego,073,3302833,32262,28670,8,28678,558
2020-07-30,San Francisco,075,870044,7295,6107,6,6113,59
2020-07-30,San Joaquin,077,732212,14624,11435,11,11446,161
2020-07-30,San Luis Obispo,079,281455,2057,1703,6,1709,12
2020-07-30,San Mateo,081,765935,6487,5369,4,5373,115
2020-07-30,Santa Barbara,083,443738,7172,6273,53,6326,52
2020-07-30,Santa Clara,085,1922200,12587,9708,17,9725,170
2020-07-30,Santa Cruz,087,273765,1308,1087,9,1096,4
2020-07-30,Shasta,089,179085,486,306,3,309,8
2020-07-30,Sierra,091,2930,3,1,0,1,0
2020-07-30,Siskiyou,093,43540,95,60,0,60,0
2020-07-30,Solano,095,438530,4264,3463,24,3487,29
2020-07-30,Sonoma,097,501317,3730,2684,6,2690,25
2020-07-30,Stanislaus,099,539301,11620,8890,42,8932,94
2020-07-30,Sutter,101,95872,874,698,1,699,6
2020-07-30,Tehama,103,63373,278,208,2,210,1
2020-07-30,Trinity,105,12862,10,4,4,8,0
2020-07-30,Tulare,107,460477,11133,9167,27,9194,177
2020-07-30,Tuolumne,109,53932,154,119,1,120,0
2020-07-30,Ventura,111,848112,8687,7304,21,7325,69
2020-07-30,Yolo,113,214977,1854,1511,3,1514,37
2020-07-30,Yuba,115,75493,502,362,0,362,1
2020-07-29,Alameda,001,1643700,13476,11177,48,11225,180
2020-07-29,Alpine,003,1148,3,2,0,2,0
2020-07-29,Amador,005,37829,163,80,0,80,0
2020-07-29,Butte,007,227075,1134,889,10,899,7
2020-07-29,Calaveras,009,45235,138,107,0,107,1
2020-07-29,Colusa,011,21464,369,302,0,302,2
2020-07-29,Contra Costa,013,1133247,10117,7520,25,7545,108
2020-07-29,Del Norte,015,27424,88,68,0,68,0
2020-07-29,El Dorado,017,186661,780,588,0,588,1
2020-07-29,Fresno,019,978130,21205,14312,172,14484,125
2020-07-29,Glenn,021,27897,367,294,0,294,1
2020-07-29,Humboldt,023,135768,259,221,1,222,4
2020-07-29,Imperial,025,180216,10258,7825,5,7830,147
2020-07-29,Inyo,027,18085,63,44,0,44,1
2020-07-29,Kern,029,883053,24391,19073,121,19194,162
2020-07-29,Kings,031,150075,4662,3755,24,3779,43
2020-07-29,Lake,033,64148,229,179,0,179,1
2020-07-29,Lassen,035,31185,618,513,2,515,0
2020-07-29,Los Angeles,037,10098052,199848,183600,538,184138,4523
2020-07-29,Madera,039,155013,2743,1941,1,1942,18
2020-07-29,Marin,041,260295,5349,4747,4,4751,34
2020-07-29,Mariposa,043,17540,60,47,0,47,1
2020-07-29,Mendocino,045,87422,308,228,0,228,0
2020-07-29,Merced,047,269075,5667,3605,1,3606,25
2020-07-29,Modoc,049,8938,5,0,0,0,0
2020-07-29,Mono,051,14174,145,102,0,102,1
2020-07-29,Monterey,053,433212,5402,4252,12,4264,24
2020-07-29,Napa,055,140530,1131,866,0,866,7
2020-07-29,Nevada,057,99092,334,288,12,300,1
2020-07-29,Orange,059,3164182,42853,35339,797,36136,589
2020-07-29,Placer,061,380077,2239,1798,2,1800,14
2020-07-29,Plumas,063,18699,33,25,0,25,0
2020-07-29,Riverside,065,2383286,44172,36968,19,36987,678
2020-07-29,Sacramento,067,1510023,12506,9538,9,9547,122
2020-07-29,San Benito,069,59416,691,537,0,537,2
2020-07-29,San Bernardino,071,2135413,39317,31168,40,31208,417
2020-07-29,San Diego,073,3302833,31937,28289,7,28296,552
2020-07-29,San Francisco,075,870044,7201,6041,6,6047,56
2020-07-29,San Joaquin,077,732212,14376,11249,8,11257,154
2020-07-29,San Luis Obispo,079,281455,2037,1673,6,1679,11
2020-07-29,San Mateo,081,765935,6399,5305,4,5309,114
2020-07-29,Santa Barbara,083,443738,7102,6215,53,6268,31
2020-07-29,Santa Clara,085,1922200,12379,9567,17,9584,165
2020-07-29,Santa Cruz,087,273765,1284,1051,9,1060,4
2020-07-29,Shasta,089,179085,474,297,3,300,8
2020-07-29,Sierra,091,2930,2,1,0,1,0
2020-07-29,Siskiyou,093,43540,93,58,0,58,0
2020-07-29,Solano,095,438530,4210,3380,24,3404,29
2020-07-29,Sonoma,097,501317,3653,2598,6,2604,26
2020-07-29,Stanislaus,099,539301,11399,8745,36,8781,94
2020-07-29,Sutter,101,95872,846,678,1,679,6
2020-07-29,Tehama,103,63373,274,206,2,208,1
2020-07-29,Trinity,105,12862,10,4,4,8,0
2020-07-29,Tulare,107,460477,10962,9028,27,9055,156
2020-07-29,Tuolumne,109,53932,154,118,1,119,0
2020-07-29,Ventura,111,848112,8582,7161,21,7182,68
2020-07-29,Yolo,113,214977,1828,1488,3,1491,36
2020-07-29,Yuba,115,75493,486,350,0,350,1
2020-07-28,Alameda,001,1643700,13251,10875,47,10922,180
2020-07-28,Alpine,003,1148,3,2,0,2,0
2020-07-28,Amador,005,37829,153,77,0,77,0
2020-07-28,Butte,007,227075,1099,857,10,867,7
2020-07-28,Calaveras,009,45235,137,105,0,105,1
2020-07-28,Colusa,011,21464,363,290,0,290,2
2020-07-28,Contra Costa,013,1133247,9895,7426,25,7451,107
2020-07-28,Del Norte,015,27424,87,68,0,68,0
2020-07-28,El Dorado,017,186661,765,558,0,558,1
2020-07-28,Fresno,019,978130,20871,13933,166,14099,125
2020-07-28,Glenn,021,27897,365,289,0,289,1
2020-07-28,Humboldt,023,135768,258,218,1,219,4
2020-07-28,Imperial,025,180216,10222,7804,5,7809,145
2020-07-28,Inyo,027,18085,61,43,0,43,1
2020-07-28,Kern,029,883053,24028,18834,115,18949,155
2020-07-28,Kings,031,150075,4616,3721,24,3745,41
2020-07-28,Lake,033,64148,225,179,0,179,1
2020-07-28,Lassen,035,31185,612,508,2,510,0
2020-07-28,Los Angeles,037,10098052,197614,179107,516,179623,4435
2020-07-28,Madera,039,155013,2677,1889,1,1890,18
2020-07-28,Marin,041,260295,5280,4698,4,4702,23
2020-07-28,Mariposa,043,17540,58,45,0,45,1
2020-07-28,Mendocino,045,87422,297,222,0,222,0
2020-07-28,Merced,047,269075,5522,3446,1,3447,23
2020-07-28,Modoc,049,8938,4,0,0,0,0
2020-07-28,Mono,051,14174,144,102,0,102,1
2020-07-28,Monterey,053,433212,5281,4047,12,4059,22
2020-07-28,Napa,055,140530,1109,824,0,824,6
2020-07-28,Nevada,057,99092,329,278,12,290,1
2020-07-28,Orange,059,3164182,42395,34832,783,35615,582
2020-07-28,Placer,061,380077,2206,1759,2,1761,14
2020-07-28,Plumas,063,18699,33,22,0,22,0
2020-07-28,Riverside,065,2383286,43573,36458,19,36477,668
2020-07-28,Sacramento,067,1510023,12255,9429,9,9438,117
2020-07-28,San Benito,069,59416,681,503,0,503,2
2020-07-28,San Bernardino,071,2135413,38796,30493,39,30532,412
2020-07-28,San Diego,073,3302833,31587,28007,5,28012,547
2020-07-28,San Francisco,075,870044,7088,5888,6,5894,56
2020-07-28,San Joaquin,077,732212,14093,10958,6,10964,141
2020-07-28,San Luis Obispo,079,281455,2006,1636,6,1642,9
2020-07-28,San Mateo,081,765935,6325,5171,4,5175,114
2020-07-28,Santa Barbara,083,443738,7039,6110,51,6161,31
2020-07-28,Santa Clara,085,1922200,12144,9307,17,9324,165
2020-07-28,Santa Cruz,087,273765,1257,1018,9,1027,4
2020-07-28,Shasta,089,179085,462,275,3,278,8
2020-07-28,Sierra,091,2930,2,1,0,1,0
2020-07-28,Siskiyou,093,43540,89,57,0,57,0
2020-07-28,Solano,095,438530,4163,3292,23,3315,29
2020-07-28,Sonoma,097,501317,3580,2553,6,2559,20
2020-07-28,Stanislaus,099,539301,11179,8492,27,8519,92
2020-07-28,Sutter,101,95872,809,653,0,653,2
2020-07-28,Tehama,103,63373,269,199,2,201,1
2020-07-28,Trinity,105,12862,10,3,4,7,0
2020-07-28,Tulare,107,460477,10775,8787,27,8814,96
2020-07-28,Tuolumne,109,53932,153,116,1,117,0
2020-07-28,Ventura,111,848112,8456,7045,20,7065,68
2020-07-28,Yolo,113,214977,1800,1459,3,1462,36
2020-07-28,Yuba,115,75493,469,333,0,333,1
2020-07-27,Alameda,001,1643700,13024,10645,44,10689,176
2020-07-27,Alpine,003,1148,3,2,0,2,0
2020-07-27,Amador,005,37829,148,72,0,72,0
2020-07-27,Butte,007,227075,1072,843,10,853,7
2020-07-27,Calaveras,009,45235,133,103,0,103,1
2020-07-27,Colusa,011,21464,356,271,0,271,2
2020-07-27,Contra Costa,013,1133247,9673,7256,25,7281,104
2020-07-27,Del Norte,015,27424,86,67,0,67,0
2020-07-27,El Dorado,017,186661,753,548,0,548,1
2020-07-27,Fresno,019,978130,20525,13485,160,13645,117
2020-07-27,Glenn,021,27897,363,277,0,277,1
2020-07-27,Humboldt,023,135768,253,218,1,219,4
2020-07-27,Imperial,025,180216,10172,7789,5,7794,144
2020-07-27,Inyo,027,18085,61,43,0,43,1
2020-07-27,Kern,029,883053,23526,17994,109,18103,148
2020-07-27,Kings,031,150075,4367,3685,24,3709,39
2020-07-27,Lake,033,64148,221,176,0,176,1
2020-07-27,Lassen,035,31185,612,503,2,505,0
2020-07-27,Los Angeles,037,10098052,195166,176351,495,176846,4379
2020-07-27,Madera,039,155013,2612,1793,1,1794,17
2020-07-27,Marin,041,260295,5192,4669,4,4673,22
2020-07-27,Mariposa,043,17540,58,43,0,43,1
2020-07-27,Mendocino,045,87422,284,209,0,209,0
2020-07-27,Merced,047,269075,5382,3292,1,3293,23
2020-07-27,Modoc,049,8938,3,0,0,0,0
2020-07-27,Mono,051,14174,140,99,0,99,1
2020-07-27,Monterey,053,433212,5091,3960,12,3972,21
2020-07-27,Napa,055,140530,1094,769,0,769,6
2020-07-27,Nevada,057,99092,325,268,12,280,1
2020-07-27,Orange,059,3164182,41955,34649,767,35416,566
2020-07-27,Placer,061,380077,2156,1679,2,1681,12
2020-07-27,Plumas,063,18699,33,22,0,22,0
2020-07-27,Riverside,065,2383286,42895,35822,19,35841,667
2020-07-27,Sacramento,067,1510023,11960,9091,9,9100,114
2020-07-27,San Benito,069,59416,666,498,0,498,2
2020-07-27,San Bernardino,071,2135413,38205,29928,38,29966,401
2020-07-27,San Diego,073,3302833,31213,27509,4,27513,533
2020-07-27,San Francisco,075,870044,7001,5825,6,5831,55
2020-07-27,San Joaquin,077,732212,13802,10728,6,10734,129
2020-07-27,San Luis Obispo,079,281455,1961,1612,6,1618,9
2020-07-27,San Mateo,081,765935,6216,5108,4,5112,113
2020-07-27,Santa Barbara,083,443738,6958,6026,49,6075,30
2020-07-27,Santa Clara,085,1922200,11877,9157,16,9173,166
2020-07-27,Santa Cruz,087,273765,1235,984,9,993,4
2020-07-27,Shasta,089,179085,455,275,3,278,8
2020-07-27,Sierra,091,2930,2,1,0,1,0
2020-07-27,Siskiyou,093,43540,87,54,0,54,0
2020-07-27,Solano,095,438530,4096,3198,22,3220,29
2020-07-27,Sonoma,097,501317,3489,2504,6,2510,20
2020-07-27,Stanislaus,099,539301,10952,8288,19,8307,84
2020-07-27,Sutter,101,95872,783,620,0,620,2
2020-07-27,Tehama,103,63373,261,192,2,194,1
2020-07-27,Trinity,105,12862,10,3,4,7,0
2020-07-27,Tulare,107,460477,10557,8462,27,8489,172
2020-07-27,Tuolumne,109,53932,150,115,1,116,0
2020-07-27,Ventura,111,848112,8328,6998,20,7018,68
2020-07-27,Yolo,113,214977,1755,1439,3,1442,33
2020-07-27,Yuba,115,75493,449,328,0,328,1
2020-07-26,Alameda,001,1643700,12786,10489,44,10533,176
2020-07-26,Alpine,003,1148,3,2,0,2,0
2020-07-26,Amador,005,37829,142,67,0,67,0
2020-07-26,Butte,007,227075,1035,822,10,832,5
2020-07-26,Calaveras,009,45235,130,103,0,103,1
2020-07-26,Colusa,011,21464,347,270,0,270,2
2020-07-26,Contra Costa,013,1133247,9436,7095,25,7120,104
2020-07-26,Del Norte,015,27424,84,67,0,67,0
2020-07-26,El Dorado,017,186661,735,539,0,539,1
2020-07-26,Fresno,019,978130,20134,13209,152,13361,117
2020-07-26,Glenn,021,27897,355,265,0,265,1
2020-07-26,Humboldt,023,135768,247,214,1,215,4
2020-07-26,Imperial,025,180216,10099,7781,5,7786,144
2020-07-26,Inyo,027,18085,56,43,0,43,1
2020-07-26,Kern,029,883053,23002,17394,106,17500,148
2020-07-26,Kings,031,150075,4308,3591,24,3615,39
2020-07-26,Lake,033,64148,213,174,0,174,1
2020-07-26,Lassen,035,31185,571,503,2,505,0
2020-07-26,Los Angeles,037,10098052,192594,174322,475,174797,4364
2020-07-26,Madera,039,155013,2525,1744,1,1745,17
2020-07-26,Marin,041,260295,5146,4595,4,4599,22
2020-07-26,Mariposa,043,17540,56,43,0,43,1
2020-07-26,Mendocino,045,87422,275,206,0,206,0
2020-07-26,Merced,047,269075,5202,3251,1,3252,23
2020-07-26,Modoc,049,8938,3,0,0,0,0
2020-07-26,Mono,051,14174,136,82,0,82,1
2020-07-26,Monterey,053,433212,4925,3901,12,3913,21
2020-07-26,Napa,055,140530,1075,769,0,769,6
2020-07-26,Nevada,057,99092,322,261,12,273,1
2020-07-26,Orange,059,3164182,41430,34352,736,35088,564
2020-07-26,Placer,061,380077,2088,1628,2,1630,12
2020-07-26,Plumas,063,18699,33,22,0,22,0
2020-07-26,Riverside,065,2383286,42336,35636,19,35655,665
2020-07-26,Sacramento,067,1510023,11656,8972,9,8981,114
2020-07-26,San Benito,069,59416,654,495,0,495,2
2020-07-26,San Bernardino,071,2135413,37568,29545,36,29581,400
2020-07-26,San Diego,073,3302833,30818,26986,3,26989,533
2020-07-26,San Francisco,075,870044,6893,5823,6,5829,55
2020-07-26,San Joaquin,077,732212,13510,10637,6,10643,129
2020-07-26,San Luis Obispo,079,281455,1918,1565,6,1571,8
2020-07-26,San Mateo,081,765935,6110,5078,4,5082,113
2020-07-26,Santa Barbara,083,443738,6856,5939,49,5988,30
2020-07-26,Santa Clara,085,1922200,11648,8986,16,9002,166
2020-07-26,Santa Cruz,087,273765,1208,970,9,979,4
2020-07-26,Shasta,089,179085,448,265,3,268,8
2020-07-26,Sierra,091,2930,2,1,0,1,0
2020-07-26,Siskiyou,093,43540,85,54,0,54,0
2020-07-26,Solano,095,438530,4016,3197,20,3217,29
2020-07-26,Sonoma,097,501317,3400,2503,5,2508,20
2020-07-26,Stanislaus,099,539301,10692,8228,17,8245,84
2020-07-26,Sutter,101,95872,769,612,0,612,2
2020-07-26,Tehama,103,63373,254,175,2,177,1
2020-07-26,Trinity,105,12862,10,3,4,7,0
2020-07-26,Tulare,107,460477,10350,8392,27,8419,172
2020-07-26,Tuolumne,109,53932,145,113,1,114,0
2020-07-26,Ventura,111,848112,8122,6844,20,6864,67
2020-07-26,Yolo,113,214977,1724,1408,3,1411,33
2020-07-26,Yuba,115,75493,430,313,0,313,1
2020-07-25,Alameda,001,1643700,12689,10361,42,10403,176
2020-07-25,Alpine,003,1148,3,2,0,2,0
2020-07-25,Amador,005,37829,139,67,0,67,0
2020-07-25,Butte,007,227075,1026,810,10,820,5
2020-07-25,Calaveras,009,45235,126,103,0,103,1
2020-07-25,Colusa,011,21464,340,265,0,265,2
2020-07-25,Contra Costa,013,1133247,9291,6920,25,6945,104
2020-07-25,Del Norte,015,27424,84,67,0,67,0
2020-07-25,El Dorado,017,186661,724,528,0,528,1
2020-07-25,Fresno,019,978130,19948,12866,152,13018,117
2020-07-25,Glenn,021,27897,353,260,0,260,1
2020-07-25,Humboldt,023,135768,244,212,1,213,4
2020-07-25,Imperial,025,180216,10073,7727,5,7732,144
2020-07-25,Inyo,027,18085,55,43,0,43,1
2020-07-25,Kern,029,883053,22784,16910,105,17015,148
2020-07-25,Kings,031,150075,4291,3516,24,3540,39
2020-07-25,Lake,033,64148,211,173,0,173,1
2020-07-25,Lassen,035,31185,571,503,2,505,0
2020-07-25,Los Angeles,037,10098052,191463,172611,467,173078,4357
2020-07-25,Madera,039,155013,2493,1724,1,1725,17
2020-07-25,Marin,041,260295,5130,4562,4,4566,22
2020-07-25,Mariposa,043,17540,55,43,0,43,1
2020-07-25,Mendocino,045,87422,269,190,0,190,0
2020-07-25,Merced,047,269075,5123,3176,1,3177,23
2020-07-25,Modoc,049,8938,3,0,0,0,0
2020-07-25,Mono,051,14174,136,82,0,82,1
2020-07-25,Monterey,053,433212,4848,3805,12,3817,21
2020-07-25,Napa,055,140530,1062,746,0,746,6
2020-07-25,Nevada,057,99092,320,257,12,269,1
2020-07-25,Orange,059,3164182,41210,33978,714,34692,561
2020-07-25,Placer,061,380077,2071,1596,2,1598,12
2020-07-25,Plumas,063,18699,33,22,0,22,0
2020-07-25,Riverside,065,2383286,42068,34921,19,34940,655
2020-07-25,Sacramento,067,1510023,11508,8674,9,8683,113
2020-07-25,San Benito,069,59416,638,492,0,492,2
2020-07-25,San Bernardino,071,2135413,37289,29265,36,29301,394
2020-07-25,San Diego,073,3302833,30557,26703,3,26706,533
2020-07-25,San Francisco,075,870044,6835,5644,6,5650,55
2020-07-25,San Joaquin,077,732212,13384,10347,6,10353,129
2020-07-25,San Luis Obispo,079,281455,1898,1530,5,1535,8
2020-07-25,San Mateo,081,765935,6047,5023,4,5027,113
2020-07-25,Santa Barbara,083,443738,6821,5880,49,5929,30
2020-07-25,Santa Clara,085,1922200,11514,8767,16,8783,166
2020-07-25,Santa Cruz,087,273765,1191,939,9,948,4
2020-07-25,Shasta,089,179085,443,263,1,264,8
2020-07-25,Sierra,091,2930,2,1,0,1,0
2020-07-25,Siskiyou,093,43540,83,54,0,54,0
2020-07-25,Solano,095,438530,3976,3107,18,3125,29
2020-07-25,Sonoma,097,501317,3361,2412,5,2417,20
2020-07-25,Stanislaus,099,539301,10589,7994,14,8008,84
2020-07-25,Sutter,101,95872,750,603,0,603,2
2020-07-25,Tehama,103,63373,253,169,2,171,1
2020-07-25,Trinity,105,12862,10,3,4,7,0
2020-07-25,Tulare,107,460477,10250,8310,27,8337,172
2020-07-25,Tuolumne,109,53932,144,99,1,100,0
2020-07-25,Ventura,111,848112,8049,6662,20,6682,62
2020-07-25,Yolo,113,214977,1709,1357,3,1360,35
2020-07-25,Yuba,115,75493,424,312,0,312,1
2020-07-24,Alameda,001,1643700,12547,10216,39,10255,176
2020-07-24,Alpine,003,1148,3,2,0,2,0
2020-07-24,Amador,005,37829,137,66,0,66,0
2020-07-24,Butte,007,227075,1014,751,10,761,5
2020-07-24,Calaveras,009,45235,122,102,0,102,0
2020-07-24,Colusa,011,21464,337,255,0,255,2
2020-07-24,Contra Costa,013,1133247,9145,6814,25,6839,100
2020-07-24,Del Norte,015,27424,84,66,0,66,0
2020-07-24,El Dorado,017,186661,702,516,0,516,1
2020-07-24,Fresno,019,978130,19722,12564,152,12716,115
2020-07-24,Glenn,021,27897,350,251,0,251,1
2020-07-24,Humboldt,023,135768,241,210,1,211,4
2020-07-24,Imperial,025,180216,10051,7686,5,7691,141
2020-07-24,Inyo,027,18085,55,41,0,41,1
2020-07-24,Kern,029,883053,22543,16124,105,16229,143
2020-07-24,Kings,031,150075,4262,3471,24,3495,39
2020-07-24,Lake,033,64148,209,167,0,167,1
2020-07-24,Lassen,035,31185,571,503,2,505,0
2020-07-24,Los Angeles,037,10098052,189444,169078,454,169532,4302
2020-07-24,Madera,039,155013,2460,1679,1,1680,16
2020-07-24,Marin,041,260295,5103,4517,4,4521,22
2020-07-24,Mariposa,043,17540,55,41,0,41,1
2020-07-24,Mendocino,045,87422,262,188,0,188,0
2020-07-24,Merced,047,269075,5038,3100,1,3101,23
2020-07-24,Modoc,049,8938,3,0,0,0,0
2020-07-24,Mono,051,14174,135,82,0,82,1
2020-07-24,Monterey,053,433212,4776,3748,12,3760,21
2020-07-24,Napa,055,140530,1049,741,0,741,6
2020-07-24,Nevada,057,99092,317,255,12,267,1
2020-07-24,Orange,059,3164182,40923,33530,697,34227,557
2020-07-24,Placer,061,380077,2041,1551,2,1553,12
2020-07-24,Plumas,063,18699,33,22,0,22,0
2020-07-24,Riverside,065,2383286,41645,34513,18,34531,631
2020-07-24,Sacramento,067,1510023,11323,8570,9,8579,110
2020-07-24,San Benito,069,59416,631,485,0,485,2
2020-07-24,San Bernardino,071,2135413,36917,28990,35,29025,386
2020-07-24,San Diego,073,3302833,30257,26100,3,26103,524
2020-07-24,San Francisco,075,870044,6741,5611,6,5617,55
2020-07-24,San Joaquin,077,732212,13236,10190,6,10196,118
2020-07-24,San Luis Obispo,079,281455,1874,1476,5,1481,8
2020-07-24,San Mateo,081,765935,5984,4954,4,4958,112
2020-07-24,Santa Barbara,083,443738,6767,5776,47,5823,30
2020-07-24,Santa Clara,085,1922200,11350,8658,16,8674,165
2020-07-24,Santa Cruz,087,273765,1171,930,9,939,4
2020-07-24,Shasta,089,179085,435,262,1,263,8
2020-07-24,Sierra,091,2930,2,1,0,1,0
2020-07-24,Siskiyou,093,43540,83,53,0,53,0
2020-07-24,Solano,095,438530,3940,3062,15,3077,29
2020-07-24,Sonoma,097,501317,3308,2345,5,2350,20
2020-07-24,Stanislaus,099,539301,10417,7861,11,7872,82
2020-07-24,Sutter,101,95872,739,593,0,593,2
2020-07-24,Tehama,103,63373,245,170,2,172,1
2020-07-24,Trinity,105,12862,9,3,4,7,0
2020-07-24,Tulare,107,460477,10156,8167,25,8192,167
2020-07-24,Tuolumne,109,53932,138,99,1,100,0
2020-07-24,Ventura,111,848112,7964,6553,20,6573,60
2020-07-24,Yolo,113,214977,1695,1329,3,1332,35
2020-07-24,Yuba,115,75493,409,307,0,307,1
2020-07-23,Alameda,001,1643700,12308,9924,39,9963,171
2020-07-23,Alpine,003,1148,3,2,0,2,0
2020-07-23,Amador,005,37829,120,61,0,61,0
2020-07-23,Butte,007,227075,999,726,10,736,5
2020-07-23,Calaveras,009,45235,115,102,0,102,0
2020-07-23,Colusa,011,21464,329,242,0,242,2
2020-07-23,Contra Costa,013,1133247,8944,6619,23,6642,98
2020-07-23,Del Norte,015,27424,84,66,0,66,0
2020-07-23,El Dorado,017,186661,691,491,0,491,1
2020-07-23,Fresno,019,978130,19366,12164,149,12313,112
2020-07-23,Glenn,021,27897,345,246,0,246,1
2020-07-23,Humboldt,023,135768,240,208,1,209,4
2020-07-23,Imperial,025,180216,10001,7604,5,7609,138
2020-07-23,Inyo,027,18085,53,38,0,38,1
2020-07-23,Kern,029,883053,22136,14491,101,14592,128
2020-07-23,Kings,031,150075,4154,3371,24,3395,39
2020-07-23,Lake,033,64148,200,160,0,160,1
2020-07-23,Lassen,035,31185,568,503,2,505,0
2020-07-23,Los Angeles,037,10098052,186897,167198,428,167626,4265
2020-07-23,Madera,039,155013,2394,1659,1,1660,13
2020-07-23,Marin,041,260295,5051,4423,4,4427,22
2020-07-23,Mariposa,043,17540,55,40,0,40,1
2020-07-23,Mendocino,045,87422,252,178,0,178,0
2020-07-23,Merced,047,269075,4882,2972,1,2973,22
2020-07-23,Modoc,049,8938,3,0,0,0,0
2020-07-23,Mono,051,14174,131,82,0,82,1
2020-07-23,Monterey,053,433212,4659,3655,12,3667,21
2020-07-23,Napa,055,140530,1025,713,0,713,5
2020-07-23,Nevada,057,99092,314,247,12,259,1
2020-07-23,Orange,059,3164182,40427,32863,666,33529,544
2020-07-23,Placer,061,380077,1997,1519,2,1521,12
2020-07-23,Plumas,063,18699,32,21,0,21,0
2020-07-23,Riverside,065,2383286,41040,33833,18,33851,630
2020-07-23,Sacramento,067,1510023,11093,8222,9,8231,108
2020-07-23,San Benito,069,59416,616,478,0,478,2
2020-07-23,San Bernardino,071,2135413,36398,28121,34,28155,369
2020-07-23,San Diego,073,3302833,29883,25109,3,25112,505
2020-07-23,San Francisco,075,870044,6639,5543,6,5549,55
2020-07-23,San Joaquin,077,732212,13017,9861,6,9867,111
2020-07-23,San Luis Obispo,079,281455,1848,1438,5,1443,7
2020-07-23,San Mateo,081,765935,5879,4895,4,4899,113
2020-07-23,Santa Barbara,083,443738,6693,5628,47,5675,30
2020-07-23,Santa Clara,085,1922200,11132,8458,16,8474,165
2020-07-23,Santa Cruz,087,273765,1135,887,9,896,3
2020-07-23,Shasta,089,179085,424,254,1,255,9
2020-07-23,Sierra,091,2930,2,1,0,1,0
2020-07-23,Siskiyou,093,43540,81,53,0,53,0
2020-07-23,Solano,095,438530,3876,2962,13,2975,29
2020-07-23,Sonoma,097,501317,3232,2289,5,2294,18
2020-07-23,Stanislaus,099,539301,10175,7603,11,7614,71
2020-07-23,Sutter,101,95872,706,570,0,570,2
2020-07-23,Tehama,103,63373,239,158,2,160,1
2020-07-23,Trinity,105,12862,8,3,4,7,0
2020-07-23,Tulare,107,460477,9967,7898,25,7923,168
2020-07-23,Tuolumne,109,53932,138,93,1,94,0
2020-07-23,Ventura,111,848112,7840,6303,20,6323,56
2020-07-23,Yolo,113,214977,1677,1279,3,1282,35
2020-07-23,Yuba,115,75493,389,297,0,297,1
2020-07-22,Alameda,001,1643700,12089,9678,38,9716,169
2020-07-22,Alpine,003,1148,3,2,0,2,0
2020-07-22,Amador,005,37829,118,58,0,58,0
2020-07-22,Butte,007,227075,964,694,9,703,5
2020-07-22,Calaveras,009,45235,115,98,0,98,0
2020-07-22,Colusa,011,21464,322,236,0,236,0
2020-07-22,Contra Costa,013,1133247,8718,6401,23,6424,98
2020-07-22,Del Norte,015,27424,84,66,0,66,0
2020-07-22,El Dorado,017,186661,678,466,0,466,1
2020-07-22,Fresno,019,978130,19006,11756,143,11899,110
2020-07-22,Glenn,021,27897,339,236,0,236,1
2020-07-22,Humboldt,023,135768,238,201,1,202,4
2020-07-22,Imperial,025,180216,9942,7533,5,7538,134
2020-07-22,Inyo,027,18085,49,38,0,38,1
2020-07-22,Kern,029,883053,21703,13513,94,13607,127
2020-07-22,Kings,031,150075,4100,3271,24,3295,38
2020-07-22,Lake,033,64148,197,160,0,160,1
2020-07-22,Lassen,035,31185,565,500,2,502,0
2020-07-22,Los Angeles,037,10098052,184236,165242,405,165647,4218
2020-07-22,Madera,039,155013,2319,1578,1,1579,10
2020-07-22,Marin,041,260295,4995,4373,4,4377,23
2020-07-22,Mariposa,043,17540,55,38,0,38,1
2020-07-22,Mendocino,045,87422,245,166,0,166,0
2020-07-22,Merced,047,269075,4755,2828,1,2829,15
2020-07-22,Modoc,049,8938,3,0,0,0,0
2020-07-22,Mono,051,14174,128,82,0,82,1
2020-07-22,Monterey,053,433212,4558,3533,12,3545,20
2020-07-22,Napa,055,140530,1003,687,0,687,5
2020-07-22,Nevada,057,99092,308,239,11,250,1
2020-07-22,Orange,059,3164182,39928,32047,657,32704,522
2020-07-22,Placer,061,380077,1940,1469,2,1471,12
2020-07-22,Plumas,063,18699,31,20,0,20,0
2020-07-22,Riverside,065,2383286,40406,33093,18,33111,612
2020-07-22,Sacramento,067,1510023,10828,8028,8,8036,106
2020-07-22,San Benito,069,59416,602,465,0,465,2
2020-07-22,San Bernardino,071,2135413,35878,26820,33,26853,348
2020-07-22,San Diego,073,3302833,29495,25109,2,25111,505
2020-07-22,San Francisco,075,870044,6535,5473,5,5478,53
2020-07-22,San Joaquin,077,732212,12741,9628,6,9634,102
2020-07-22,San Luis Obispo,079,281455,1804,1373,5,1378,7
2020-07-22,San Mateo,081,765935,5790,4796,4,4800,112
2020-07-22,Santa Barbara,083,443738,6606,5508,45,5553,29
2020-07-22,Santa Clara,085,1922200,10887,8266,16,8282,166
2020-07-22,Santa Cruz,087,273765,1112,866,9,875,3
2020-07-22,Shasta,089,179085,414,246,1,247,9
2020-07-22,Sierra,091,2930,1,1,0,1,0
2020-07-22,Siskiyou,093,43540,80,52,0,52,0
2020-07-22,Solano,095,438530,3815,2839,12,2851,29
2020-07-22,Sonoma,097,501317,3155,2255,5,2260,17
2020-07-22,Stanislaus,099,539301,10004,7401,11,7412,71
2020-07-22,Sutter,101,95872,682,551,0,551,2
2020-07-22,Tehama,103,63373,231,155,2,157,1
2020-07-22,Trinity,105,12862,8,3,4,7,0
2020-07-22,Tulare,107,460477,9734,7640,25,7665,167
2020-07-22,Tuolumne,109,53932,134,91,1,92,0
2020-07-22,Ventura,111,848112,7713,6223,18,6241,56
2020-07-22,Yolo,113,214977,1634,1233,3,1236,34
2020-07-22,Yuba,115,75493,374,288,0,288,1
2020-07-21,Alameda,001,1643700,11875,9390,38,9428,166
2020-07-21,Alpine,003,1148,3,2,0,2,0
2020-07-21,Amador,005,37829,113,55,0,55,0
2020-07-21,Butte,007,227075,919,659,8,667,5
2020-07-21,Calaveras,009,45235,110,96,0,96,0
2020-07-21,Colusa,011,21464,298,227,0,227,0
2020-07-21,Contra Costa,013,1133247,8477,6210,23,6233,98
2020-07-21,Del Norte,015,27424,84,66,0,66,0
2020-07-21,El Dorado,017,186661,670,440,0,440,1
2020-07-21,Fresno,019,978130,18607,11412,137,11549,107
2020-07-21,Glenn,021,27897,332,229,0,229,1
2020-07-21,Humboldt,023,135768,236,198,1,199,4
2020-07-21,Imperial,025,180216,9893,7458,5,7463,128
2020-07-21,Inyo,027,18085,48,38,0,38,1
2020-07-21,Kern,029,883053,21281,11998,88,12086,119
2020-07-21,Kings,031,150075,4036,3187,24,3211,38
2020-07-21,Lake,033,64148,197,157,0,157,1
2020-07-21,Lassen,035,31185,563,474,2,476,0
2020-07-21,Los Angeles,037,10098052,181234,162205,383,162588,4159
2020-07-21,Madera,039,155013,2254,1508,1,1509,10
2020-07-21,Marin,041,260295,4923,4318,4,4322,21
2020-07-21,Mariposa,043,17540,54,37,0,37,1
2020-07-21,Mendocino,045,87422,234,160,0,160,0
2020-07-21,Merced,047,269075,4576,2725,1,2726,15
2020-07-21,Modoc,049,8938,3,0,0,0,0
2020-07-21,Mono,051,14174,124,79,0,79,1
2020-07-21,Monterey,053,433212,4426,3404,11,3415,20
2020-07-21,Napa,055,140530,976,660,0,660,5
2020-07-21,Nevada,057,99092,306,228,9,237,1
2020-07-21,Orange,059,3164182,39432,31356,623,31979,515
2020-07-21,Placer,061,380077,1900,1413,2,1415,11
2020-07-21,Plumas,063,18699,31,19,0,19,0
2020-07-21,Riverside,065,2383286,39705,32231,18,32249,583
2020-07-21,Sacramento,067,1510023,10556,7789,7,7796,102
2020-07-21,San Benito,069,59416,591,444,0,444,2
2020-07-21,San Bernardino,071,2135413,35233,25323,32,25355,343
2020-07-21,San Diego,073,3302833,29046,24522,2,24524,487
2020-07-21,San Francisco,075,870044,6426,5377,5,5382,53
2020-07-21,San Joaquin,077,732212,12416,9150,6,9156,99
2020-07-21,San Luis Obispo,079,281455,1756,1338,5,1343,7
2020-07-21,San Mateo,081,765935,5698,4733,4,4737,111
2020-07-21,Santa Barbara,083,443738,6524,5422,44,5466,29
2020-07-21,Santa Clara,085,1922200,10624,7989,16,8005,164
2020-07-21,Santa Cruz,087,273765,1079,835,9,844,3
2020-07-21,Shasta,089,179085,406,241,1,242,9
2020-07-21,Sierra,091,2930,1,1,0,1,0
2020-07-21,Siskiyou,093,43540,80,48,0,48,0
2020-07-21,Solano,095,438530,3742,2727,12,2739,27
2020-07-21,Sonoma,097,501317,3098,2200,5,2205,17
2020-07-21,Stanislaus,099,539301,9741,6984,11,6995,69
2020-07-21,Sutter,101,95872,666,533,0,533,2
2020-07-21,Tehama,103,63373,221,150,2,152,1
2020-07-21,Trinity,105,12862,8,2,4,6,0
2020-07-21,Tulare,107,460477,9531,7447,25,7472,167
2020-07-21,Tuolumne,109,53932,132,75,1,76,0
2020-07-21,Ventura,111,848112,7581,6131,18,6149,55
2020-07-21,Yolo,113,214977,1581,1204,3,1207,34
2020-07-21,Yuba,115,75493,368,269,0,269,1
2020-07-20,Alameda,001,1643700,11621,9244,37,9281,162
2020-07-20,Alpine,003,1148,3,2,0,2,0
2020-07-20,Amador,005,37829,110,53,0,53,0
2020-07-20,Butte,007,227075,881,586,8,594,4
2020-07-20,Calaveras,009,45235,107,90,0,90,0
2020-07-20,Colusa,011,21464,287,217,0,217,0
2020-07-20,Contra Costa,013,1133247,8269,5823,23,5846,97
2020-07-20,Del Norte,015,27424,84,61,0,61,0
2020-07-20,El Dorado,017,186661,647,407,0,407,0
2020-07-20,Fresno,019,978130,18166,10891,136,11027,106
2020-07-20,Glenn,021,27897,324,225,0,225,1
2020-07-20,Humboldt,023,135768,229,194,1,195,4
2020-07-20,Imperial,025,180216,9853,7337,5,7342,124
2020-07-20,Inyo,027,18085,46,38,0,38,1
2020-07-20,Kern,029,883053,20771,10908,84,10992,118
2020-07-20,Kings,031,150075,3988,3093,24,3117,37
2020-07-20,Lake,033,64148,194,147,0,147,1
2020-07-20,Lassen,035,31185,561,474,2,476,0
2020-07-20,Los Angeles,037,10098052,178263,159202,355,159557,4108
2020-07-20,Madera,039,155013,2179,1433,1,1434,10
2020-07-20,Marin,041,260295,4842,4255,4,4259,21
2020-07-20,Mariposa,043,17540,53,36,0,36,1
2020-07-20,Mendocino,045,87422,221,153,0,153,0
2020-07-20,Merced,047,269075,4406,2584,1,2585,15
2020-07-20,Modoc,049,8938,3,0,0,0,0
2020-07-20,Mono,051,14174,118,78,0,78,1
2020-07-20,Monterey,053,433212,4320,3205,11,3216,19
2020-07-20,Napa,055,140530,939,632,0,632,5
2020-07-20,Nevada,057,99092,298,218,9,227,1
2020-07-20,Orange,059,3164182,38825,30337,592,30929,507
2020-07-20,Placer,061,380077,1852,1364,2,1366,11
2020-07-20,Plumas,063,18699,30,17,0,17,0
2020-07-20,Riverside,065,2383286,38877,31163,18,31181,581
2020-07-20,Sacramento,067,1510023,10228,7369,7,7376,99
2020-07-20,San Benito,069,59416,573,433,0,433,2
2020-07-20,San Bernardino,071,2135413,34423,24226,31,24257,338
2020-07-20,San Diego,073,3302833,28604,24137,2,24139,478
2020-07-20,San Francisco,075,870044,6305,5090,5,5095,53
2020-07-20,San Joaquin,077,732212,12059,8583,6,8589,97
2020-07-20,San Luis Obispo,079,281455,1716,1282,5,1287,6
2020-07-20,San Mateo,081,765935,5597,4609,4,4613,111
2020-07-20,Santa Barbara,083,443738,6401,5266,42,5308,29
2020-07-20,Santa Clara,085,1922200,10395,7711,15,7726,164
2020-07-20,Santa Cruz,087,273765,1047,758,9,767,3
2020-07-20,Shasta,089,179085,391,233,1,234,9
2020-07-20,Sierra,091,2930,1,1,0,1,0
2020-07-20,Siskiyou,093,43540,76,42,0,42,0
2020-07-20,Solano,095,438530,3659,2537,12,2549,26
2020-07-20,Sonoma,097,501317,2991,2148,5,2153,17
2020-07-20,Stanislaus,099,539301,9458,6835,11,6846,58
2020-07-20,Sutter,101,95872,633,507,0,507,2
2020-07-20,Tehama,103,63373,211,146,2,148,1
2020-07-20,Trinity,105,12862,8,2,4,6,0
2020-07-20,Tulare,107,460477,9297,6974,25,6999,166
2020-07-20,Tuolumne,109,53932,131,75,1,76,0
2020-07-20,Ventura,111,848112,7448,5912,18,5930,52
2020-07-20,Yolo,113,214977,1541,1155,3,1158,30
2020-07-20,Yuba,115,75493,348,258,0,258,1
2020-07-19,Alameda,001,1643700,11383,9227,31,9258,162
2020-07-19,Alpine,003,1148,3,2,0,2,0
2020-07-19,Amador,005,37829,103,51,0,51,0
2020-07-19,Butte,007,227075,856,555,8,563,4
2020-07-19,Calaveras,009,45235,105,89,0,89,0
2020-07-19,Colusa,011,21464,279,187,0,187,0
2020-07-19,Contra Costa,013,1133247,7978,5691,21,5712,95
2020-07-19,Del Norte,015,27424,83,61,0,61,0
2020-07-19,El Dorado,017,186661,629,385,0,385,0
2020-07-19,Fresno,019,978130,17645,10639,124,10763,106
2020-07-19,Glenn,021,27897,310,215,0,215,0
2020-07-19,Humboldt,023,135768,221,195,1,196,4
2020-07-19,Imperial,025,180216,9762,7280,5,7285,124
2020-07-19,Inyo,027,18085,42,38,0,38,1
2020-07-19,Kern,029,883053,20154,10094,77,10171,115
2020-07-19,Kings,031,150075,3902,3035,24,3059,37
2020-07-19,Lake,033,64148,189,144,0,144,1
2020-07-19,Lassen,035,31185,542,474,2,476,0
2020-07-19,Los Angeles,037,10098052,174821,156039,332,156371,4100
2020-07-19,Madera,039,155013,2102,1301,1,1302,10
2020-07-19,Marin,041,260295,4787,4172,4,4176,21
2020-07-19,Mariposa,043,17540,49,35,0,35,1
2020-07-19,Mendocino,045,87422,216,137,0,137,0
2020-07-19,Merced,047,269075,4199,2460,1,2461,15
2020-07-19,Modoc,049,8938,3,0,0,0,0
2020-07-19,Mono,051,14174,107,63,0,63,1
2020-07-19,Monterey,053,433212,4200,3079,11,3090,18
2020-07-19,Napa,055,140530,910,612,0,612,5
2020-07-19,Nevada,057,99092,292,210,9,219,1
2020-07-19,Orange,059,3164182,38262,29941,579,30520,505
2020-07-19,Placer,061,380077,1804,1246,2,1248,11
2020-07-19,Plumas,063,18699,30,17,0,17,0
2020-07-19,Riverside,065,2383286,38174,30340,18,30358,581
2020-07-19,Sacramento,067,1510023,9842,6985,7,6992,97
2020-07-19,San Benito,069,59416,557,412,0,412,2
2020-07-19,San Bernardino,071,2135413,33653,23928,30,23958,337
2020-07-19,San Diego,073,3302833,28104,23684,2,23686,478
2020-07-19,San Francisco,075,870044,6158,5094,5,5099,52
2020-07-19,San Joaquin,077,732212,11654,8308,6,8314,93
2020-07-19,San Luis Obispo,079,281455,1672,1262,4,1266,6
2020-07-19,San Mateo,081,765935,5490,4522,4,4526,110
2020-07-19,Santa Barbara,083,443738,6296,5145,39,5184,29
2020-07-19,Santa Clara,085,1922200,10151,7403,15,7418,164
2020-07-19,Santa Cruz,087,273765,1003,753,9,762,3
2020-07-19,Shasta,089,179085,378,218,1,219,9
2020-07-19,Sierra,091,2930,1,1,0,1,0
2020-07-19,Siskiyou,093,43540,74,42,0,42,0
2020-07-19,Solano,095,438530,3555,2551,12,2563,26
2020-07-19,Sonoma,097,501317,2890,2074,5,2079,17
2020-07-19,Stanislaus,099,539301,9162,6508,11,6519,58
2020-07-19,Sutter,101,95872,602,480,0,480,2
2020-07-19,Tehama,103,63373,207,138,2,140,1
2020-07-19,Trinity,105,12862,8,2,4,6,0
2020-07-19,Tulare,107,460477,9048,6856,25,6881,166
2020-07-19,Tuolumne,109,53932,126,75,1,76,0
2020-07-19,Ventura,111,848112,7258,5706,18,5724,52
2020-07-19,Yolo,113,214977,1501,1127,3,1130,30
2020-07-19,Yuba,115,75493,328,240,0,240,1
2020-07-18,Alameda,001,1643700,11247,9089,29,9118,162
2020-07-18,Alpine,003,1148,3,2,0,2,0
2020-07-18,Amador,005,37829,99,49,0,49,0
2020-07-18,Butte,007,227075,847,551,8,559,4
2020-07-18,Calaveras,009,45235,101,89,0,89,0
2020-07-18,Colusa,011,21464,274,182,0,182,0
2020-07-18,Contra Costa,013,1133247,7843,5617,21,5638,95
2020-07-18,Del Norte,015,27424,83,61,0,61,0
2020-07-18,El Dorado,017,186661,626,385,0,385,0
2020-07-18,Fresno,019,978130,17396,10381,122,10503,106
2020-07-18,Glenn,021,27897,304,212,0,212,0
2020-07-18,Humboldt,023,135768,218,189,1,190,4
2020-07-18,Imperial,025,180216,9731,7268,5,7273,124
2020-07-18,Inyo,027,18085,42,38,0,38,1
2020-07-18,Kern,029,883053,19851,9250,74,9324,114
2020-07-18,Kings,031,150075,3864,2996,23,3019,37
2020-07-18,Lake,033,64148,186,142,0,142,1
2020-07-18,Lassen,035,31185,541,474,2,476,0
2020-07-18,Los Angeles,037,10098052,173375,153265,317,153582,4088
2020-07-18,Madera,039,155013,2056,1260,1,1261,9
2020-07-18,Marin,041,260295,4758,4089,4,4093,21
2020-07-18,Mariposa,043,17540,49,35,0,35,1
2020-07-18,Mendocino,045,87422,209,137,0,137,0
2020-07-18,Merced,047,269075,4080,2424,1,2425,15
2020-07-18,Modoc,049,8938,3,0,0,0,0
2020-07-18,Mono,051,14174,105,54,0,54,1
2020-07-18,Monterey,053,433212,4133,3020,11,3031,17
2020-07-18,Napa,055,140530,899,609,0,609,5
2020-07-18,Nevada,057,99092,288,204,8,212,1
2020-07-18,Orange,059,3164182,37943,29603,557,30160,493
2020-07-18,Placer,061,380077,1780,1233,2,1235,11
2020-07-18,Plumas,063,18699,30,17,0,17,0
2020-07-18,Riverside,065,2383286,37822,30245,17,30262,581
2020-07-18,Sacramento,067,1510023,9599,6739,7,6746,95
2020-07-18,San Benito,069,59416,542,407,0,407,2
2020-07-18,San Bernardino,071,2135413,33194,23680,29,23709,336
2020-07-18,San Diego,073,3302833,27801,23116,2,23118,478
2020-07-18,San Francisco,075,870044,6056,5051,5,5056,52
2020-07-18,San Joaquin,077,732212,11442,8118,6,8124,93
2020-07-18,San Luis Obispo,079,281455,1639,1234,4,1238,6
2020-07-18,San Mateo,081,765935,5430,4488,4,4492,110
2020-07-18,Santa Barbara,083,443738,6236,5110,37,5147,29
2020-07-18,Santa Clara,085,1922200,10001,7255,14,7269,164
2020-07-18,Santa Cruz,087,273765,986,751,9,760,3
2020-07-18,Shasta,089,179085,369,216,1,217,9
2020-07-18,Sierra,091,2930,1,1,0,1,0
2020-07-18,Siskiyou,093,43540,70,42,0,42,0
2020-07-18,Solano,095,438530,3514,2503,12,2515,26
2020-07-18,Sonoma,097,501317,2839,2019,5,2024,15
2020-07-18,Stanislaus,099,539301,9027,6344,11,6355,58
2020-07-18,Sutter,101,95872,596,473,0,473,2
2020-07-18,Tehama,103,63373,202,136,2,138,1
2020-07-18,Trinity,105,12862,8,2,4,6,0
2020-07-18,Tulare,107,460477,8957,6810,24,6834,167
2020-07-18,Tuolumne,109,53932,123,75,1,76,0
2020-07-18,Ventura,111,848112,7176,5630,18,5648,52
2020-07-18,Yolo,113,214977,1473,1077,3,1080,30
2020-07-18,Yuba,115,75493,317,237,0,237,1
2020-07-17,Alameda,001,1643700,11107,8893,28,8921,160
2020-07-17,Alpine,003,1148,3,1,0,1,0
2020-07-17,Amador,005,37829,97,48,0,48,0
2020-07-17,Butte,007,227075,833,497,8,505,4
2020-07-17,Calaveras,009,45235,99,86,0,86,0
2020-07-17,Colusa,011,21464,272,146,0,146,0
2020-07-17,Contra Costa,013,1133247,7695,5483,21,5504,93
2020-07-17,Del Norte,015,27424,82,60,0,60,0
2020-07-17,El Dorado,017,186661,610,368,0,368,0
2020-07-17,Fresno,019,978130,17098,9954,122,10076,104
2020-07-17,Glenn,021,27897,297,203,0,203,0
2020-07-17,Humboldt,023,135768,217,185,1,186,4
2020-07-17,Imperial,025,180216,9709,7193,5,7198,120
2020-07-17,Inyo,027,18085,42,38,0,38,1
2020-07-17,Kern,029,883053,19531,8291,72,8363,113
2020-07-17,Kings,031,150075,3826,2978,23,3001,37
2020-07-17,Lake,033,64148,184,139,0,139,1
2020-07-17,Lassen,035,31185,522,391,2,393,0
2020-07-17,Los Angeles,037,10098052,171004,150481,304,150785,4052
2020-07-17,Madera,039,155013,2012,1214,1,1215,9
2020-07-17,Marin,041,260295,4721,3839,4,3843,21
2020-07-17,Mariposa,043,17540,47,35,0,35,1
2020-07-17,Mendocino,045,87422,201,126,0,126,0
2020-07-17,Merced,047,269075,4004,2328,1,2329,12
2020-07-17,Modoc,049,8938,2,0,0,0,0
2020-07-17,Mono,051,14174,100,54,0,54,1
2020-07-17,Monterey,053,433212,4004,2922,11,2933,18
2020-07-17,Napa,055,140530,885,598,0,598,5
2020-07-17,Nevada,057,99092,281,200,8,208,1
2020-07-17,Orange,059,3164182,37481,28962,523,29485,485
2020-07-17,Placer,061,380077,1752,1207,2,1209,11
2020-07-17,Plumas,063,18699,27,16,0,16,0
2020-07-17,Riverside,065,2383286,37223,29639,17,29656,580
2020-07-17,Sacramento,067,1510023,9354,6563,7,6570,95
2020-07-17,San Benito,069,59416,527,399,0,399,2
2020-07-17,San Bernardino,071,2135413,32676,23057,28,23085,322
2020-07-17,San Diego,073,3302833,27413,22491,2,22493,472
2020-07-17,San Francisco,075,870044,5962,4967,5,4972,52
2020-07-17,San Joaquin,077,732212,11197,7925,6,7931,86
2020-07-17,San Luis Obispo,079,281455,1603,1190,4,1194,6
2020-07-17,San Mateo,081,765935,5334,4407,4,4411,110
2020-07-17,Santa Barbara,083,443738,6163,5001,36,5037,29
2020-07-17,Santa Clara,085,1922200,9784,7080,14,7094,164
2020-07-17,Santa Cruz,087,273765,964,716,9,725,3
2020-07-17,Shasta,089,179085,357,213,1,214,8
2020-07-17,Sierra,091,2930,1,1,0,1,0
2020-07-17,Siskiyou,093,43540,69,40,0,40,0
2020-07-17,Solano,095,438530,3465,2452,12,2464,26
2020-07-17,Sonoma,097,501317,2791,1982,5,1987,15
2020-07-17,Stanislaus,099,539301,8853,6220,11,6231,56
2020-07-17,Sutter,101,95872,583,458,0,458,2
2020-07-17,Tehama,103,63373,198,128,2,130,1
2020-07-17,Trinity,105,12862,8,2,4,6,0
2020-07-17,Tulare,107,460477,8821,6671,24,6695,166
2020-07-17,Tuolumne,109,53932,122,73,1,74,0
2020-07-17,Ventura,111,848112,7093,5451,18,5469,51
2020-07-17,Yolo,113,214977,1449,1055,3,1058,30
2020-07-17,Yuba,115,75493,307,231,0,231,1
2020-07-16,Alameda,001,1643700,10873,8719,22,8741,153
2020-07-16,Alpine,003,1148,3,1,0,1,0
2020-07-16,Amador,005,37829,94,46,0,46,0
2020-07-16,Butte,007,227075,796,465,7,472,4
2020-07-16,Calaveras,009,45235,97,82,0,82,0
2020-07-16,Colusa,011,21464,263,140,0,140,0
2020-07-16,Contra Costa,013,1133247,7483,5338,15,5353,91
2020-07-16,Del Norte,015,27424,82,60,0,60,0
2020-07-16,El Dorado,017,186661,593,357,0,357,0
2020-07-16,Fresno,019,978130,16587,9481,113,9594,101
2020-07-16,Glenn,021,27897,288,190,0,190,0
2020-07-16,Humboldt,023,135768,215,184,1,185,4
2020-07-16,Imperial,025,180216,9614,7148,5,7153,113
2020-07-16,Inyo,027,18085,42,38,0,38,1
2020-07-16,Kern,029,883053,19009,7435,70,7505,112
2020-07-16,Kings,031,150075,3660,2937,23,2960,37
2020-07-16,Lake,033,64148,179,128,0,128,1
2020-07-16,Lassen,035,31185,521,355,2,357,0
2020-07-16,Los Angeles,037,10098052,167755,147759,280,148039,3994
2020-07-16,Madera,039,155013,1948,1192,1,1193,8
2020-07-16,Marin,041,260295,4649,3546,4,3550,21
2020-07-16,Mariposa,043,17540,45,34,0,34,1
2020-07-16,Mendocino,045,87422,196,121,0,121,0
2020-07-16,Merced,047,269075,3842,2228,1,2229,12
2020-07-16,Modoc,049,8938,1,0,0,0,0
2020-07-16,Mono,051,14174,97,53,0,53,1
2020-07-16,Monterey,053,433212,3899,2857,10,2867,18
2020-07-16,Napa,055,140530,856,581,0,581,5
2020-07-16,Nevada,057,99092,278,191,8,199,1
2020-07-16,Orange,059,3164182,36780,28525,485,29010,471
2020-07-16,Placer,061,380077,1702,1168,2,1170,11
2020-07-16,Plumas,063,18699,25,16,0,16,0
2020-07-16,Riverside,065,2383286,36478,28904,16,28920,577
2020-07-16,Sacramento,067,1510023,9039,6440,7,6447,91
2020-07-16,San Benito,069,59416,510,389,0,389,2
2020-07-16,San Bernardino,071,2135413,31819,22355,25,22380,321
2020-07-16,San Diego,073,3302833,26926,21857,2,21859,465
2020-07-16,San Francisco,075,870044,5821,4838,5,4843,52
2020-07-16,San Joaquin,077,732212,10834,7713,6,7719,82
2020-07-16,San Luis Obispo,079,281455,1559,1146,4,1150,6
2020-07-16,San Mateo,081,765935,5230,4336,4,4340,110
2020-07-16,Santa Barbara,083,443738,6067,4872,35,4907,28
2020-07-16,Santa Clara,085,1922200,9504,6990,12,7002,164
2020-07-16,Santa Cruz,087,273765,923,698,9,707,3
2020-07-16,Shasta,089,179085,342,208,1,209,7
2020-07-16,Sierra,091,2930,1,1,0,1,0
2020-07-16,Siskiyou,093,43540,66,39,0,39,0
2020-07-16,Solano,095,438530,3371,2372,12,2384,25
2020-07-16,Sonoma,097,501317,2700,1954,5,1959,14
2020-07-16,Stanislaus,099,539301,8571,6077,10,6087,56
2020-07-16,Sutter,101,95872,567,444,0,444,2
2020-07-16,Tehama,103,63373,188,126,2,128,1
2020-07-16,Trinity,105,12862,8,2,3,5,0
2020-07-16,Tulare,107,460477,8605,6467,23,6490,163
2020-07-16,Tuolumne,109,53932,117,71,1,72,0
2020-07-16,Ventura,111,848112,6931,5231,18,5249,50
2020-07-16,Yolo,113,214977,1407,1034,3,1037,29
2020-07-16,Yuba,115,75493,289,221,0,221,1
2020-07-15,Alameda,001,1643700,10671,8615,16,8631,153
2020-07-15,Alpine,003,1148,3,1,0,1,0
2020-07-15,Amador,005,37829,73,44,0,44,0
2020-07-15,Butte,007,227075,754,420,7,427,4
2020-07-15,Calaveras,009,45235,97,75,0,75,0
2020-07-15,Colusa,011,21464,258,135,0,135,0
2020-07-15,Contra Costa,013,1133247,7252,5246,15,5261,90
2020-07-15,Del Norte,015,27424,81,60,0,60,0
2020-07-15,El Dorado,017,186661,569,339,0,339,0
2020-07-15,Fresno,019,978130,16114,9124,106,9230,101
2020-07-15,Glenn,021,27897,279,184,0,184,0
2020-07-15,Humboldt,023,135768,213,181,1,182,4
2020-07-15,Imperial,025,180216,9547,7110,5,7115,110
2020-07-15,Inyo,027,18085,42,36,0,36,1
2020-07-15,Kern,029,883053,18389,7155,67,7222,108
2020-07-15,Kings,031,150075,3599,2906,23,2929,37
2020-07-15,Lake,033,64148,177,122,0,122,1
2020-07-15,Lassen,035,31185,517,319,2,321,0
2020-07-15,Los Angeles,037,10098052,164290,143343,265,143608,3946
2020-07-15,Madera,039,155013,1879,1147,1,1148,4
2020-07-15,Marin,041,260295,4594,3458,4,3462,21
2020-07-15,Mariposa,043,17540,45,34,0,34,1
2020-07-15,Mendocino,045,87422,193,119,0,119,0
2020-07-15,Merced,047,269075,3692,2156,1,2157,12
2020-07-15,Modoc,049,8938,1,0,0,0,0
2020-07-15,Mono,051,14174,95,52,0,52,1
2020-07-15,Monterey,053,433212,3788,2780,10,2790,18
2020-07-15,Napa,055,140530,830,573,0,573,5
2020-07-15,Nevada,057,99092,274,185,6,191,1
2020-07-15,Orange,059,3164182,35979,27718,450,28168,454
2020-07-15,Placer,061,380077,1646,1145,2,1147,11
2020-07-15,Plumas,063,18699,25,16,0,16,0
2020-07-15,Riverside,065,2383286,35699,28492,14,28506,568
2020-07-15,Sacramento,067,1510023,8662,6217,7,6224,91
2020-07-15,San Benito,069,59416,501,388,0,388,2
2020-07-15,San Bernardino,071,2135413,31033,21508,25,21533,317
2020-07-15,San Diego,073,3302833,26459,21448,2,21450,448
2020-07-15,San Francisco,075,870044,5707,4757,5,4762,50
2020-07-15,San Joaquin,077,732212,10402,7381,5,7386,75
2020-07-15,San Luis Obispo,079,281455,1516,1097,4,1101,6
2020-07-15,San Mateo,081,765935,5117,4258,4,4262,109
2020-07-15,Santa Barbara,083,443738,5951,4733,35,4768,28
2020-07-15,Santa Clara,085,1922200,9201,6900,12,6912,164
2020-07-15,Santa Cruz,087,273765,887,660,8,668,3
2020-07-15,Shasta,089,179085,333,193,1,194,7
2020-07-15,Sierra,091,2930,1,1,0,1,0
2020-07-15,Siskiyou,093,43540,65,38,0,38,0
2020-07-15,Solano,095,438530,3277,2343,12,2355,25
2020-07-15,Sonoma,097,501317,2602,1920,5,1925,14
2020-07-15,Stanislaus,099,539301,8274,5777,10,5787,56
2020-07-15,Sutter,101,95872,541,433,0,433,2
2020-07-15,Tehama,103,63373,180,126,2,128,1
2020-07-15,Trinity,105,12862,7,2,3,5,0
2020-07-15,Tulare,107,460477,8392,6320,22,6342,156
2020-07-15,Tuolumne,109,53932,110,68,1,69,0
2020-07-15,Ventura,111,848112,6754,5087,18,5105,50
2020-07-15,Yolo,113,214977,1374,1002,3,1005,27
2020-07-15,Yuba,115,75493,277,221,0,221,1
2020-07-14,Alameda,001,1643700,10330,8388,10,8398,151
2020-07-14,Alpine,003,1148,3,1,0,1,0
2020-07-14,Amador,005,37829,69,44,0,44,0
2020-07-14,Butte,007,227075,708,382,7,389,4
2020-07-14,Calaveras,009,45235,95,74,0,74,0
2020-07-14,Colusa,011,21464,248,128,0,128,0
2020-07-14,Contra Costa,013,1133247,7016,5110,13,5123,90
2020-07-14,Del Norte,015,27424,80,60,0,60,0
2020-07-14,El Dorado,017,186661,554,324,0,324,0
2020-07-14,Fresno,019,978130,15694,8941,102,9043,98
2020-07-14,Glenn,021,27897,269,177,0,177,0
2020-07-14,Humboldt,023,135768,210,175,1,176,4
2020-07-14,Imperial,025,180216,9420,7095,5,7100,109
2020-07-14,Inyo,027,18085,42,35,0,35,1
2020-07-14,Kern,029,883053,17630,6979,54,7033,107
2020-07-14,Kings,031,150075,3532,2867,22,2889,37
2020-07-14,Lake,033,64148,171,120,0,120,1
2020-07-14,Lassen,035,31185,500,263,2,265,0
2020-07-14,Los Angeles,037,10098052,161152,140632,235,140867,3900
2020-07-14,Madera,039,155013,1805,1118,1,1119,4
2020-07-14,Marin,041,260295,4480,3451,4,3455,21
2020-07-14,Mariposa,043,17540,41,32,0,32,1
2020-07-14,Mendocino,045,87422,185,110,0,110,0
2020-07-14,Merced,047,269075,3513,2084,1,2085,12
2020-07-14,Modoc,049,8938,1,0,0,0,0
2020-07-14,Mono,051,14174,85,48,0,48,1
2020-07-14,Monterey,053,433212,3674,2724,10,2734,18
2020-07-14,Napa,055,140530,774,557,0,557,4
2020-07-14,Nevada,057,99092,257,180,5,185,1
2020-07-14,Orange,059,3164182,35100,26915,403,27318,432
2020-07-14,Placer,061,380077,1589,1122,2,1124,11
2020-07-14,Plumas,063,18699,24,14,0,14,0
2020-07-14,Riverside,065,2383286,34944,27850,13,27863,547
2020-07-14,Sacramento,067,1510023,8309,5978,7,5985,87
2020-07-14,San Benito,069,59416,482,360,0,360,2
2020-07-14,San Bernardino,071,2135413,30184,20489,25,20514,316
2020-07-14,San Diego,073,3302833,25840,20887,2,20889,436
2020-07-14,San Francisco,075,870044,5557,4659,4,4663,50
2020-07-14,San Joaquin,077,732212,9975,7143,5,7148,75
2020-07-14,San Luis Obispo,079,281455,1478,1060,4,1064,5
2020-07-14,San Mateo,081,765935,5024,4173,4,4177,108
2020-07-14,Santa Barbara,083,443738,5827,4641,33,4674,28
2020-07-14,Santa Clara,085,1922200,8874,6686,9,6695,164
2020-07-14,Santa Cruz,087,273765,848,639,8,647,3
2020-07-14,Shasta,089,179085,324,190,1,191,7
2020-07-14,Sierra,091,2930,1,1,0,1,0
2020-07-14,Siskiyou,093,43540,64,38,0,38,0
2020-07-14,Solano,095,438530,3177,2266,10,2276,25
2020-07-14,Sonoma,097,501317,2510,1866,5,1871,14
2020-07-14,Stanislaus,099,539301,7900,5631,9,5640,53
2020-07-14,Sutter,101,95872,522,405,0,405,2
2020-07-14,Tehama,103,63373,168,123,2,125,1
2020-07-14,Trinity,105,12862,7,2,3,5,0
2020-07-14,Tulare,107,460477,8146,6199,22,6221,156
2020-07-14,Tuolumne,109,53932,105,68,1,69,0
2020-07-14,Ventura,111,848112,6593,4950,18,4968,50
2020-07-14,Yolo,113,214977,1326,966,3,969,27
2020-07-14,Yuba,115,75493,260,210,0,210,1
2020-07-13,Alameda,001,1643700,10022,8115,10,8125,148
2020-07-13,Alpine,003,1148,3,1,0,1,0
2020-07-13,Amador,005,37829,65,42,0,42,0
2020-07-13,Butte,007,227075,672,354,7,361,4
2020-07-13,Calaveras,009,45235,86,63,0,63,0
2020-07-13,Colusa,011,21464,242,116,0,116,0
2020-07-13,Contra Costa,013,1133247,6742,4882,11,4893,88
2020-07-13,Del Norte,015,27424,74,59,0,59,0
2020-07-13,El Dorado,017,186661,523,298,0,298,0
2020-07-13,Fresno,019,978130,15267,8666,98,8764,95
2020-07-13,Glenn,021,27897,262,168,0,168,0
2020-07-13,Humboldt,023,135768,205,174,1,175,4
2020-07-13,Imperial,025,180216,9335,7052,5,7057,109
2020-07-13,Inyo,027,18085,41,35,0,35,1
2020-07-13,Kern,029,883053,16945,6808,50,6858,107
2020-07-13,Kings,031,150075,3481,2824,22,2846,37
2020-07-13,Lake,033,64148,166,118,0,118,1
2020-07-13,Lassen,035,31185,495,237,2,239,0
2020-07-13,Los Angeles,037,10098052,157915,136368,221,136589,3829
2020-07-13,Madera,039,155013,1736,1059,1,1060,4
2020-07-13,Marin,041,260295,4377,3402,4,3406,21
2020-07-13,Mariposa,043,17540,40,31,0,31,1
2020-07-13,Mendocino,045,87422,181,87,0,87,0
2020-07-13,Merced,047,269075,3364,2007,1,2008,12
2020-07-13,Modoc,049,8938,1,0,0,0,0
2020-07-13,Mono,051,14174,81,47,0,47,1
2020-07-13,Monterey,053,433212,3551,2613,7,2620,18
2020-07-13,Napa,055,140530,738,534,0,534,4
2020-07-13,Nevada,057,99092,243,172,5,177,1
2020-07-13,Orange,059,3164182,34238,25978,372,26350,423
2020-07-13,Placer,061,380077,1542,1096,2,1098,11
2020-07-13,Plumas,063,18699,22,14,0,14,0
2020-07-13,Riverside,065,2383286,34018,27136,11,27147,545
2020-07-13,Sacramento,067,1510023,8014,5747,7,5754,85
2020-07-13,San Benito,069,59416,469,343,0,343,2
2020-07-13,San Bernardino,071,2135413,29308,19610,21,19631,313
2020-07-13,San Diego,073,3302833,25273,20348,2,20350,422
2020-07-13,San Francisco,075,870044,5429,4534,3,4537,50
2020-07-13,San Joaquin,077,732212,9558,6927,5,6932,71
2020-07-13,San Luis Obispo,079,281455,1447,989,4,993,5
2020-07-13,San Mateo,081,765935,4893,4057,4,4061,108
2020-07-13,Santa Barbara,083,443738,5713,4441,32,4473,28
2020-07-13,Santa Clara,085,1922200,8551,6488,8,6496,164
2020-07-13,Santa Cruz,087,273765,810,574,8,582,3
2020-07-13,Shasta,089,179085,313,185,1,186,6
2020-07-13,Sierra,091,2930,1,1,0,1,0
2020-07-13,Siskiyou,093,43540,60,37,0,37,0
2020-07-13,Solano,095,438530,3065,2046,10,2056,23
2020-07-13,Sonoma,097,501317,2399,1818,5,1823,14
2020-07-13,Stanislaus,099,539301,7597,5324,7,5331,53
2020-07-13,Sutter,101,95872,484,379,0,379,2
2020-07-13,Tehama,103,63373,155,112,2,114,1
2020-07-13,Trinity,105,12862,7,2,3,5,0
2020-07-13,Tulare,107,460477,7885,5930,20,5950,147
2020-07-13,Tuolumne,109,53932,97,56,1,57,0
2020-07-13,Ventura,111,848112,6403,4800,15,4815,50
2020-07-13,Yolo,113,214977,1281,941,3,944,27
2020-07-13,Yuba,115,75493,245,194,0,194,1
2020-07-12,Alameda,001,1643700,9751,8056,10,8066,148
2020-07-12,Alpine,003,1148,3,1,0,1,0
2020-07-12,Amador,005,37829,55,40,0,40,0
2020-07-12,Butte,007,227075,622,341,7,348,4
2020-07-12,Calaveras,009,45235,86,62,0,62,0
2020-07-12,Colusa,011,21464,208,116,0,116,0
2020-07-12,Contra Costa,013,1133247,6470,4708,9,4717,88
2020-07-12,Del Norte,015,27424,63,59,0,59,0
2020-07-12,El Dorado,017,186661,501,290,0,290,0
2020-07-12,Fresno,019,978130,14842,8407,95,8502,95
2020-07-12,Glenn,021,27897,249,166,0,166,0
2020-07-12,Humboldt,023,135768,201,174,1,175,4
2020-07-12,Imperial,025,180216,9215,6999,5,7004,109
2020-07-12,Inyo,027,18085,39,35,0,35,1
2020-07-12,Kern,029,883053,16202,6662,47,6709,105
2020-07-12,Kings,031,150075,3419,2779,22,2801,34
2020-07-12,Lake,033,64148,157,114,0,114,1
2020-07-12,Lassen,035,31185,488,237,2,239,0
2020-07-12,Los Angeles,037,10098052,154493,133830,192,134022,3816
2020-07-12,Madera,039,155013,1681,1025,1,1026,4
2020-07-12,Marin,041,260295,4300,3358,4,3362,21
2020-07-12,Mariposa,043,17540,39,31,0,31,1
2020-07-12,Mendocino,045,87422,162,88,0,88,0
2020-07-12,Merced,047,269075,3234,1908,1,1909,12
2020-07-12,Modoc,049,8938,1,0,0,0,0
2020-07-12,Mono,051,14174,71,45,0,45,1
2020-07-12,Monterey,053,433212,3436,2521,7,2528,18
2020-07-12,Napa,055,140530,706,519,0,519,4
2020-07-12,Nevada,057,99092,233,166,5,171,1
2020-07-12,Orange,059,3164182,33364,25399,363,25762,422
2020-07-12,Placer,061,380077,1485,1058,2,1060,11
2020-07-12,Plumas,063,18699,21,14,0,14,0
2020-07-12,Riverside,065,2383286,33260,26404,11,26415,542
2020-07-12,Sacramento,067,1510023,7706,5515,6,5521,85
2020-07-12,San Benito,069,59416,454,324,0,324,2
2020-07-12,San Bernardino,071,2135413,28397,19042,16,19058,312
2020-07-12,San Diego,073,3302833,24646,19929,2,19931,422
2020-07-12,San Francisco,075,870044,5280,4535,3,4538,50
2020-07-12,San Joaquin,077,732212,9196,6703,5,6708,71
2020-07-12,San Luis Obispo,079,281455,1400,972,4,976,5
2020-07-12,San Mateo,081,765935,4775,3988,4,3992,108
2020-07-12,Santa Barbara,083,443738,5583,4353,31,4384,28
2020-07-12,Santa Clara,085,1922200,8313,6252,8,6260,164
2020-07-12,Santa Cruz,087,273765,768,573,6,579,3
2020-07-12,Shasta,089,179085,307,173,1,174,6
2020-07-12,Sierra,091,2930,1,1,0,1,0
2020-07-12,Siskiyou,093,43540,58,36,0,36,0
2020-07-12,Solano,095,438530,2940,2037,10,2047,23
2020-07-12,Sonoma,097,501317,2304,1743,5,1748,13
2020-07-12,Stanislaus,099,539301,7293,5177,7,5184,53
2020-07-12,Sutter,101,95872,466,362,0,362,2
2020-07-12,Tehama,103,63373,148,111,2,113,1
2020-07-12,Trinity,105,12862,7,2,3,5,0
2020-07-12,Tulare,107,460477,7630,5864,19,5883,146
2020-07-12,Tuolumne,109,53932,89,52,1,53,0
2020-07-12,Ventura,111,848112,6187,4724,14,4738,50
2020-07-12,Yolo,113,214977,1240,889,3,892,27
2020-07-12,Yuba,115,75493,234,188,0,188,1
2020-07-11,Alameda,001,1643700,9649,7845,10,7855,148
2020-07-11,Alpine,003,1148,3,1,0,1,0
2020-07-11,Amador,005,37829,51,37,0,37,0
2020-07-11,Butte,007,227075,606,325,7,332,4
2020-07-11,Calaveras,009,45235,83,62,0,62,0
2020-07-11,Colusa,011,21464,203,110,0,110,0
2020-07-11,Contra Costa,013,1133247,6353,4650,9,4659,87
2020-07-11,Del Norte,015,27424,63,59,0,59,0
2020-07-11,El Dorado,017,186661,490,283,0,283,0
2020-07-11,Fresno,019,978130,14582,8086,93,8179,95
2020-07-11,Glenn,021,27897,241,161,0,161,0
2020-07-11,Humboldt,023,135768,200,174,1,175,4
2020-07-11,Imperial,025,180216,9176,6884,5,6889,109
2020-07-11,Inyo,027,18085,39,35,0,35,1
2020-07-11,Kern,029,883053,15846,6509,46,6555,103
2020-07-11,Kings,031,150075,3392,2753,22,2775,33
2020-07-11,Lake,033,64148,156,110,0,110,1
2020-07-11,Lassen,035,31185,487,237,2,239,0
2020-07-11,Los Angeles,037,10098052,152775,130479,182,130661,3802
2020-07-11,Madera,039,155013,1640,988,1,989,4
2020-07-11,Marin,041,260295,4272,3191,4,3195,21
2020-07-11,Mariposa,043,17540,39,31,0,31,1
2020-07-11,Mendocino,045,87422,158,88,0,88,0
2020-07-11,Merced,047,269075,3153,1851,1,1852,12
2020-07-11,Modoc,049,8938,1,0,0,0,0
2020-07-11,Mono,051,14174,68,45,0,45,1
2020-07-11,Monterey,053,433212,3347,2376,6,2382,18
2020-07-11,Napa,055,140530,694,509,0,509,4
2020-07-11,Nevada,057,99092,224,163,4,167,1
2020-07-11,Orange,059,3164182,32987,24430,349,24779,422
2020-07-11,Placer,061,380077,1450,1029,2,1031,11
2020-07-11,Plumas,063,18699,21,12,0,12,0
2020-07-11,Riverside,065,2383286,32868,25994,11,26005,538
2020-07-11,Sacramento,067,1510023,7533,5367,6,5373,84
2020-07-11,San Benito,069,59416,439,314,0,314,2
2020-07-11,San Bernardino,071,2135413,27960,18907,15,18922,310
2020-07-11,San Diego,073,3302833,24261,19371,2,19373,422
2020-07-11,San Francisco,075,870044,5184,4430,2,4432,50
2020-07-11,San Joaquin,077,732212,9018,6518,5,6523,72
2020-07-11,San Luis Obispo,079,281455,1352,930,4,934,4
2020-07-11,San Mateo,081,765935,4707,3956,4,3960,108
2020-07-11,Santa Barbara,083,443738,5514,4283,30,4313,28
2020-07-11,Santa Clara,085,1922200,8153,5959,8,5967,164
2020-07-11,Santa Cruz,087,273765,737,571,6,577,3
2020-07-11,Shasta,089,179085,300,168,1,169,6
2020-07-11,Sierra,091,2930,1,1,0,1,0
2020-07-11,Siskiyou,093,43540,58,36,0,36,0
2020-07-11,Solano,095,438530,2899,2034,10,2044,23
2020-07-11,Sonoma,097,501317,2267,1690,5,1695,13
2020-07-11,Stanislaus,099,539301,7152,4911,7,4918,51
2020-07-11,Sutter,101,95872,450,352,0,352,2
2020-07-11,Tehama,103,63373,146,111,2,113,1
2020-07-11,Trinity,105,12862,7,2,3,5,0
2020-07-11,Tulare,107,460477,7524,5780,19,5799,149
2020-07-11,Tuolumne,109,53932,87,50,1,51,0
2020-07-11,Ventura,111,848112,6091,4545,13,4558,49
2020-07-11,Yolo,113,214977,1210,833,3,836,27
2020-07-11,Yuba,115,75493,224,175,0,175,1
2020-07-10,Alameda,001,1643700,9492,7551,10,7561,147
2020-07-10,Alpine,003,1148,3,1,0,1,0
2020-07-10,Amador,005,37829,47,37,0,37,0
2020-07-10,Butte,007,227075,595,318,7,325,4
2020-07-10,Calaveras,009,45235,83,61,0,61,0
2020-07-10,Colusa,011,21464,197,103,0,103,0
2020-07-10,Contra Costa,013,1133247,6210,4482,9,4491,86
2020-07-10,Del Norte,015,27424,63,57,0,57,0
2020-07-10,El Dorado,017,186661,472,266,0,266,0
2020-07-10,Fresno,019,978130,14250,7760,90,7850,93
2020-07-10,Glenn,021,27897,236,157,0,157,0
2020-07-10,Humboldt,023,135768,199,168,1,169,4
2020-07-10,Imperial,025,180216,9131,6878,5,6883,98
2020-07-10,Inyo,027,18085,39,35,0,35,1
2020-07-10,Kern,029,883053,15413,6344,45,6389,102
2020-07-10,Kings,031,150075,3357,2707,22,2729,33
2020-07-10,Lake,033,64148,149,104,0,104,1
2020-07-10,Lassen,035,31185,486,235,2,237,0
2020-07-10,Los Angeles,037,10098052,150356,127503,176,127679,3750
2020-07-10,Madera,039,155013,1594,914,1,915,4
2020-07-10,Marin,041,260295,4209,3101,4,3105,21
2020-07-10,Mariposa,043,17540,38,31,0,31,1
2020-07-10,Mendocino,045,87422,150,88,0,88,0
2020-07-10,Merced,047,269075,3074,1802,1,1803,12
2020-07-10,Modoc,049,8938,1,0,0,0,0
2020-07-10,Mono,051,14174,67,45,0,45,1
2020-07-10,Monterey,053,433212,3268,2285,6,2291,18
2020-07-10,Napa,055,140530,683,496,0,496,4
2020-07-10,Nevada,057,99092,219,161,4,165,1
2020-07-10,Orange,059,3164182,32400,23692,345,24037,416
2020-07-10,Placer,061,380077,1409,1002,2,1004,11
2020-07-10,Plumas,063,18699,19,12,0,12,0
2020-07-10,Riverside,065,2383286,32350,25481,11,25492,533
2020-07-10,Sacramento,067,1510023,7278,5181,6,5187,81
2020-07-10,San Benito,069,59416,430,302,0,302,2
2020-07-10,San Bernardino,071,2135413,27434,18242,15,18257,308
2020-07-10,San Diego,073,3302833,23880,18862,2,18864,420
2020-07-10,San Francisco,075,870044,5093,4305,2,4307,50
2020-07-10,San Joaquin,077,732212,8785,6225,5,6230,67
2020-07-10,San Luis Obispo,079,281455,1314,891,4,895,4
2020-07-10,San Mateo,081,765935,4642,3844,4,3848,107
2020-07-10,Santa Barbara,083,443738,5417,4177,29,4206,28
2020-07-10,Santa Clara,085,1922200,7929,5819,8,5827,164
2020-07-10,Santa Cruz,087,273765,710,540,6,546,3
2020-07-10,Shasta,089,179085,296,158,1,159,6
2020-07-10,Sierra,091,2930,1,1,0,1,0
2020-07-10,Siskiyou,093,43540,58,31,0,31,0
2020-07-10,Solano,095,438530,2852,1950,10,1960,23
2020-07-10,Sonoma,097,501317,2220,1606,4,1610,13
2020-07-10,Stanislaus,099,539301,6982,4781,7,4788,46
2020-07-10,Sutter,101,95872,443,338,0,338,2
2020-07-10,Tehama,103,63373,145,107,2,109,1
2020-07-10,Trinity,105,12862,7,2,3,5,0
2020-07-10,Tulare,107,460477,7387,5677,19,5696,150
2020-07-10,Tuolumne,109,53932,86,49,1,50,0
2020-07-10,Ventura,111,848112,5979,4416,13,4429,48
2020-07-10,Yolo,113,214977,1186,794,3,797,27
2020-07-10,Yuba,115,75493,210,164,0,164,1
2020-07-09,Alameda,001,1643700,9256,7433,10,7443,146
2020-07-09,Alpine,003,1148,3,1,0,1,0
2020-07-09,Amador,005,37829,44,36,0,36,0
2020-07-09,Butte,007,227075,564,295,7,302,4
2020-07-09,Calaveras,009,45235,82,59,0,59,0
2020-07-09,Colusa,011,21464,189,97,0,97,0
2020-07-09,Contra Costa,013,1133247,5966,4388,9,4397,86
2020-07-09,Del Norte,015,27424,63,57,0,57,0
2020-07-09,El Dorado,017,186661,448,255,0,255,0
2020-07-09,Fresno,019,978130,13794,7385,88,7473,90
2020-07-09,Glenn,021,27897,226,150,0,150,0
2020-07-09,Humboldt,023,135768,196,166,1,167,4
2020-07-09,Imperial,025,180216,9035,6778,5,6783,87
2020-07-09,Inyo,027,18085,37,35,0,35,1
2020-07-09,Kern,029,883053,14768,6100,43,6143,95
2020-07-09,Kings,031,150075,3294,2686,21,2707,33
2020-07-09,Lake,033,64148,146,99,0,99,1
2020-07-09,Lassen,035,31185,430,221,2,223,0
2020-07-09,Los Angeles,037,10098052,147090,125062,149,125211,3698
2020-07-09,Madera,039,155013,1517,850,1,851,4
2020-07-09,Marin,041,260295,4057,2975,4,2979,20
2020-07-09,Mariposa,043,17540,38,32,0,32,1
2020-07-09,Mendocino,045,87422,146,88,0,88,0
2020-07-09,Merced,047,269075,2941,1728,1,1729,11
2020-07-09,Modoc,049,8938,1,0,0,0,0
2020-07-09,Mono,051,14174,63,45,0,45,1
2020-07-09,Monterey,053,433212,3143,2223,6,2229,17
2020-07-09,Napa,055,140530,666,468,0,468,4
2020-07-09,Nevada,057,99092,213,156,4,160,1
2020-07-09,Orange,059,3164182,31431,22960,327,23287,407
2020-07-09,Placer,061,380077,1364,982,2,984,11
2020-07-09,Plumas,063,18699,19,12,0,12,0
2020-07-09,Riverside,065,2383286,31456,24980,11,24991,529
2020-07-09,Sacramento,067,1510023,6955,4950,6,4956,81
2020-07-09,San Benito,069,59416,414,295,0,295,2
2020-07-09,San Bernardino,071,2135413,26563,17339,14,17353,307
2020-07-09,San Diego,073,3302833,23288,18404,2,18406,415
2020-07-09,San Francisco,075,870044,4961,4143,2,4145,50
2020-07-09,San Joaquin,077,732212,8426,6004,5,6009,66
2020-07-09,San Luis Obispo,079,281455,1275,869,4,873,3
2020-07-09,San Mateo,081,765935,4515,3792,4,3796,106
2020-07-09,Santa Barbara,083,443738,5284,4068,29,4097,28
2020-07-09,Santa Clara,085,1922200,7672,5638,8,5646,164
2020-07-09,Santa Cruz,087,273765,683,526,6,532,3
2020-07-09,Shasta,089,179085,290,155,1,156,5
2020-07-09,Sierra,091,2930,1,1,0,1,0
2020-07-09,Siskiyou,093,43540,54,31,0,31,0
2020-07-09,Solano,095,438530,2754,1892,10,1902,23
2020-07-09,Sonoma,097,501317,2134,1584,4,1588,13
2020-07-09,Stanislaus,099,539301,6666,4633,6,4639,46
2020-07-09,Sutter,101,95872,426,321,0,321,2
2020-07-09,Tehama,103,63373,140,102,2,104,1
2020-07-09,Trinity,105,12862,7,2,3,5,0
2020-07-09,Tulare,107,460477,7170,5501,17,5518,146
2020-07-09,Tuolumne,109,53932,85,47,1,48,0
2020-07-09,Ventura,111,848112,5811,4278,13,4291,47
2020-07-09,Yolo,113,214977,1139,764,3,767,27
2020-07-09,Yuba,115,75493,193,152,0,152,1
2020-07-08,Alameda,001,1643700,8964,7335,10,7345,142
2020-07-08,Alpine,003,1148,3,1,0,1,0
2020-07-08,Amador,005,37829,41,35,0,35,0
2020-07-08,Butte,007,227075,527,281,7,288,3
2020-07-08,Calaveras,009,45235,76,58,0,58,0
2020-07-08,Colusa,011,21464,176,90,0,90,0
2020-07-08,Contra Costa,013,1133247,5720,4268,7,4275,84
2020-07-08,Del Norte,015,27424,61,57,0,57,0
2020-07-08,El Dorado,017,186661,427,248,0,248,0
2020-07-08,Fresno,019,978130,13379,7102,82,7184,86
2020-07-08,Glenn,021,27897,215,146,0,146,0
2020-07-08,Humboldt,023,135768,193,162,1,163,4
2020-07-08,Imperial,025,180216,8947,6727,5,6732,76
2020-07-08,Inyo,027,18085,37,35,0,35,1
2020-07-08,Kern,029,883053,14190,5873,42,5915,91
2020-07-08,Kings,031,150075,3234,2629,19,2648,33
2020-07-08,Lake,033,64148,139,97,0,97,1
2020-07-08,Lassen,035,31185,334,221,2,223,0
2020-07-08,Los Angeles,037,10098052,143879,123462,120,123582,3650
2020-07-08,Madera,039,155013,1447,828,1,829,4
2020-07-08,Marin,041,260295,3958,2756,4,2760,17
2020-07-08,Mariposa,043,17540,38,31,0,31,1
2020-07-08,Mendocino,045,87422,133,84,0,84,0
2020-07-08,Merced,047,269075,2822,1578,1,1579,11
2020-07-08,Modoc,049,8938,1,0,0,0,0
2020-07-08,Mono,051,14174,60,45,0,45,1
2020-07-08,Monterey,053,433212,3025,2182,5,2187,17
2020-07-08,Napa,055,140530,643,468,0,468,4
2020-07-08,Nevada,057,99092,204,156,4,160,1
2020-07-08,Orange,059,3164182,30479,22088,322,22410,378
2020-07-08,Placer,061,380077,1319,948,2,950,11
2020-07-08,Plumas,063,18699,19,12,0,12,0
2020-07-08,Riverside,065,2383286,30492,24042,10,24052,508
2020-07-08,Sacramento,067,1510023,6668,4799,6,4805,80
2020-07-08,San Benito,069,59416,398,282,0,282,2
2020-07-08,San Bernardino,071,2135413,25713,16510,13,16523,296
2020-07-08,San Diego,073,3302833,22721,17844,2,17846,406
2020-07-08,San Francisco,075,870044,4872,4093,2,4095,50
2020-07-08,San Joaquin,077,732212,8084,5759,5,5764,61
2020-07-08,San Luis Obispo,079,281455,1224,825,4,829,2
2020-07-08,San Mateo,081,765935,4394,3733,4,3737,106
2020-07-08,Santa Barbara,083,443738,5165,3985,29,4014,28
2020-07-08,Santa Clara,085,1922200,7439,5510,8,5518,164
2020-07-08,Santa Cruz,087,273765,650,509,5,514,3
2020-07-08,Shasta,089,179085,281,148,1,149,6
2020-07-08,Sierra,091,2930,1,1,0,1,0
2020-07-08,Siskiyou,093,43540,54,31,0,31,0
2020-07-08,Solano,095,438530,2638,1821,10,1831,23
2020-07-08,Sonoma,097,501317,2059,1495,4,1499,9
2020-07-08,Stanislaus,099,539301,6366,4344,6,4350,46
2020-07-08,Sutter,101,95872,401,298,0,298,2
2020-07-08,Tehama,103,63373,134,100,2,102,1
2020-07-08,Trinity,105,12862,6,2,3,5,0
2020-07-08,Tulare,107,460477,6978,5307,12,5319,138
2020-07-08,Tuolumne,109,53932,81,42,1,43,0
2020-07-08,Ventura,111,848112,5646,4139,13,4152,47
2020-07-08,Yolo,113,214977,1096,727,3,730,26
2020-07-08,Yuba,115,75493,180,145,0,145,1
2020-07-07,Alameda,001,1643700,8645,7097,9,7106,141
2020-07-07,Alpine,003,1148,3,1,0,1,0
2020-07-07,Amador,005,37829,41,33,0,33,0
2020-07-07,Butte,007,227075,483,269,7,276,3
2020-07-07,Calaveras,009,45235,74,58,0,58,0
2020-07-07,Colusa,011,21464,143,84,0,84,0
2020-07-07,Contra Costa,013,1133247,5482,4131,6,4137,84
2020-07-07,Del Norte,015,27424,61,57,0,57,0
2020-07-07,El Dorado,017,186661,407,244,0,244,0
2020-07-07,Fresno,019,978130,12926,6738,82,6820,84
2020-07-07,Glenn,021,27897,206,145,0,145,0
2020-07-07,Humboldt,023,135768,190,150,1,151,4
2020-07-07,Imperial,025,180216,8848,6678,5,6683,51
2020-07-07,Inyo,027,18085,36,32,0,32,1
2020-07-07,Kern,029,883053,13491,5645,38,5683,88
2020-07-07,Kings,031,150075,3173,2623,15,2638,33
2020-07-07,Lake,033,64148,129,94,0,94,1
2020-07-07,Lassen,035,31185,263,219,2,221,0
2020-07-07,Los Angeles,037,10098052,140308,121026,112,121138,3588
2020-07-07,Madera,039,155013,1403,794,1,795,4
2020-07-07,Marin,041,260295,3869,2627,4,2631,17
2020-07-07,Mariposa,043,17540,38,31,0,31,1
2020-07-07,Mendocino,045,87422,125,82,0,82,0
2020-07-07,Merced,047,269075,2648,1531,1,1532,10
2020-07-07,Modoc,049,8938,1,0,0,0,0
2020-07-07,Mono,051,14174,59,42,0,42,1
2020-07-07,Monterey,053,433212,2882,2166,5,2171,17
2020-07-07,Napa,055,140530,624,459,0,459,4
2020-07-07,Nevada,057,99092,198,150,4,154,1
2020-07-07,Orange,059,3164182,29468,21741,308,22049,373
2020-07-07,Placer,061,380077,1278,930,2,932,11
2020-07-07,Plumas,063,18699,17,12,0,12,0
2020-07-07,Riverside,065,2383286,29478,23279,10,23289,499
2020-07-07,Sacramento,067,1510023,6326,4592,6,4598,76
2020-07-07,San Benito,069,59416,380,274,0,274,2
2020-07-07,San Bernardino,071,2135413,24844,16004,12,16016,277
2020-07-07,San Diego,073,3302833,22007,17580,2,17582,399
2020-07-07,San Francisco,075,870044,4780,4045,1,4046,50
2020-07-07,San Joaquin,077,732212,7742,5547,5,5552,59
2020-07-07,San Luis Obispo,079,281455,1163,795,4,799,2
2020-07-07,San Mateo,081,765935,4279,3691,4,3695,106
2020-07-07,Santa Barbara,083,443738,5037,3866,28,3894,27
2020-07-07,Santa Clara,085,1922200,7169,5438,8,5446,164
2020-07-07,Santa Cruz,087,273765,616,502,4,506,2
2020-07-07,Shasta,089,179085,268,144,1,145,6
2020-07-07,Sierra,091,2930,1,1,0,1,0
2020-07-07,Siskiyou,093,43540,53,30,0,30,0
2020-07-07,Solano,095,438530,2527,1776,9,1785,22
2020-07-07,Sonoma,097,501317,1988,1473,4,1477,8
2020-07-07,Stanislaus,099,539301,6027,4101,6,4107,46
2020-07-07,Sutter,101,95872,375,273,0,273,2
2020-07-07,Tehama,103,63373,125,95,2,97,1
2020-07-07,Trinity,105,12862,6,2,3,5,0
2020-07-07,Tulare,107,460477,6800,5189,10,5199,137
2020-07-07,Tuolumne,109,53932,75,40,1,41,0
2020-07-07,Ventura,111,848112,5477,3992,11,4003,46
2020-07-07,Yolo,113,214977,1028,706,3,709,26
2020-07-07,Yuba,115,75493,160,138,0,138,1
2020-07-06,Alameda,001,1643700,8407,6970,9,6979,141
2020-07-06,Alpine,003,1148,2,1,0,1,0
2020-07-06,Amador,005,37829,39,33,0,33,0
2020-07-06,Butte,007,227075,427,257,7,264,2
2020-07-06,Calaveras,009,45235,71,45,0,45,0
2020-07-06,Colusa,011,21464,134,80,0,80,0
2020-07-06,Contra Costa,013,1133247,5252,3901,5,3906,83
2020-07-06,Del Norte,015,27424,60,57,0,57,0
2020-07-06,El Dorado,017,186661,392,232,0,232,0
2020-07-06,Fresno,019,978130,12459,6364,75,6439,82
2020-07-06,Glenn,021,27897,198,129,0,129,0
2020-07-06,Humboldt,023,135768,188,148,1,149,3
2020-07-06,Imperial,025,180216,8729,6443,5,6448,47
2020-07-06,Inyo,027,18085,36,32,0,32,1
2020-07-06,Kern,029,883053,12685,5491,36,5527,82
2020-07-06,Kings,031,150075,3124,2583,9,2592,33
2020-07-06,Lake,033,64148,122,93,0,93,1
2020-07-06,Lassen,035,31185,261,219,2,221,0
2020-07-06,Los Angeles,037,10098052,136696,116707,98,116805,3541
2020-07-06,Madera,039,155013,1333,734,1,735,4
2020-07-06,Marin,041,260295,3629,2136,4,2140,17
2020-07-06,Mariposa,043,17540,36,31,0,31,1
2020-07-06,Mendocino,045,87422,108,72,0,72,0
2020-07-06,Merced,047,269075,2497,1396,1,1397,10
2020-07-06,Modoc,049,8938,1,0,0,0,0
2020-07-06,Mono,051,14174,58,40,0,40,1
2020-07-06,Monterey,053,433212,2794,2078,5,2083,15
2020-07-06,Napa,055,140530,606,454,0,454,4
2020-07-06,Nevada,057,99092,192,146,4,150,1
2020-07-06,Orange,059,3164182,28410,20167,270,20437,372
2020-07-06,Placer,061,380077,1217,904,2,906,11
2020-07-06,Plumas,063,18699,17,11,0,11,0
2020-07-06,Riverside,065,2383286,28429,22485,10,22495,477
2020-07-06,Sacramento,067,1510023,5977,4420,6,4426,71
2020-07-06,San Benito,069,59416,365,264,0,264,2
2020-07-06,San Bernardino,071,2135413,23989,15346,11,15357,272
2020-07-06,San Diego,073,3302833,21294,17002,2,17004,387
2020-07-06,San Francisco,075,870044,4659,3861,1,3862,50
2020-07-06,San Joaquin,077,732212,7372,5104,5,5109,57
2020-07-06,San Luis Obispo,079,281455,1106,751,4,755,2
2020-07-06,San Mateo,081,765935,4187,3650,4,3654,106
2020-07-06,Santa Barbara,083,443738,4900,3763,27,3790,27
2020-07-06,Santa Clara,085,1922200,6899,5369,8,5377,165
2020-07-06,Santa Cruz,087,273765,594,466,3,469,2
2020-07-06,Shasta,089,179085,258,143,1,144,6
2020-07-06,Sierra,091,2930,1,1,0,1,0
2020-07-06,Siskiyou,093,43540,49,30,0,30,0
2020-07-06,Solano,095,438530,2394,1668,9,1677,22
2020-07-06,Sonoma,097,501317,1924,1369,4,1373,8
2020-07-06,Stanislaus,099,539301,5625,3983,6,3989,46
2020-07-06,Sutter,101,95872,348,250,0,250,2
2020-07-06,Tehama,103,63373,122,95,2,97,1
2020-07-06,Trinity,105,12862,5,2,3,5,0
2020-07-06,Tulare,107,460477,6595,5039,8,5047,136
2020-07-06,Tuolumne,109,53932,72,30,1,31,0
2020-07-06,Ventura,111,848112,5284,3912,11,3923,44
2020-07-06,Yolo,113,214977,972,685,3,688,26
2020-07-06,Yuba,115,75493,146,124,0,124,1
2020-07-05,Alameda,001,1643700,8155,6861,9,6870,141
2020-07-05,Alpine,003,1148,2,1,0,1,0
2020-07-05,Amador,005,37829,37,31,0,31,0
2020-07-05,Butte,007,227075,392,248,7,255,2
2020-07-05,Calaveras,009,45235,69,45,0,45,0
2020-07-05,Colusa,011,21464,124,79,0,79,0
2020-07-05,Contra Costa,013,1133247,5012,3665,4,3669,80
2020-07-05,Del Norte,015,27424,60,57,0,57,0
2020-07-05,El Dorado,017,186661,374,227,0,227,0
2020-07-05,Fresno,019,978130,11894,6186,73,6259,82
2020-07-05,Glenn,021,27897,195,129,0,129,0
2020-07-05,Humboldt,023,135768,184,147,1,148,3
2020-07-05,Imperial,025,180216,8595,6441,5,6446,47
2020-07-05,Inyo,027,18085,35,32,0,32,1
2020-07-05,Kern,029,883053,11975,5351,36,5387,82
2020-07-05,Kings,031,150075,3041,2546,8,2554,31
2020-07-05,Lake,033,64148,122,92,0,92,1
2020-07-05,Lassen,035,31185,255,219,2,221,0
2020-07-05,Los Angeles,037,10098052,133476,115133,92,115225,3495
2020-07-05,Madera,039,155013,1254,564,1,565,4
2020-07-05,Marin,041,260295,3446,2080,4,2084,17
2020-07-05,Mariposa,043,17540,36,31,0,31,1
2020-07-05,Mendocino,045,87422,105,72,0,72,0
2020-07-05,Merced,047,269075,2352,1340,1,1341,10
2020-07-05,Modoc,049,8938,1,0,0,0,0
2020-07-05,Mono,051,14174,54,39,0,39,1
2020-07-05,Monterey,053,433212,2691,1994,5,1999,15
2020-07-05,Napa,055,140530,576,450,0,450,4
2020-07-05,Nevada,057,99092,186,141,4,145,1
2020-07-05,Orange,059,3164182,27469,19430,255,19685,372
2020-07-05,Placer,061,380077,1161,855,2,857,11
2020-07-05,Plumas,063,18699,16,11,0,11,0
2020-07-05,Riverside,065,2383286,27571,21511,10,21521,474
2020-07-05,Sacramento,067,1510023,5661,4265,2,4267,71
2020-07-05,San Benito,069,59416,346,258,0,258,2
2020-07-05,San Bernardino,071,2135413,23111,15026,11,15037,270
2020-07-05,San Diego,073,3302833,20606,16728,2,16730,387
2020-07-05,San Francisco,075,870044,4541,3861,1,3862,50
2020-07-05,San Joaquin,077,732212,7053,5015,5,5020,57
2020-07-05,San Luis Obispo,079,281455,1026,730,4,734,2
2020-07-05,San Mateo,081,765935,4076,3575,4,3579,106
2020-07-05,Santa Barbara,083,443738,4753,3671,24,3695,27
2020-07-05,Santa Clara,085,1922200,6610,5237,8,5245,162
2020-07-05,Santa Cruz,087,273765,576,467,1,468,2
2020-07-05,Shasta,089,179085,252,138,1,139,6
2020-07-05,Sierra,091,2930,1,1,0,1,0
2020-07-05,Siskiyou,093,43540,45,30,0,30,0
2020-07-05,Solano,095,438530,2274,1547,9,1556,22
2020-07-05,Sonoma,097,501317,1843,1369,4,1373,8
2020-07-05,Stanislaus,099,539301,5294,3777,6,3783,45
2020-07-05,Sutter,101,95872,320,241,0,241,2
2020-07-05,Tehama,103,63373,120,95,2,97,1
2020-07-05,Trinity,105,12862,5,2,3,5,0
2020-07-05,Tulare,107,460477,6336,4981,6,4987,135
2020-07-05,Tuolumne,109,53932,67,30,1,31,0
2020-07-05,Ventura,111,848112,5081,3866,11,3877,44
2020-07-05,Yolo,113,214977,932,644,3,647,26
2020-07-05,Yuba,115,75493,136,115,0,115,1
2020-07-04,Alameda,001,1643700,8043,6737,9,6746,141
2020-07-04,Alpine,003,1148,2,1,0,1,0
2020-07-04,Amador,005,37829,36,31,0,31,0
2020-07-04,Butte,007,227075,374,224,7,231,2
2020-07-04,Calaveras,009,45235,69,45,0,45,0
2020-07-04,Colusa,011,21464,123,76,0,76,0
2020-07-04,Contra Costa,013,1133247,4865,3583,4,3587,80
2020-07-04,Del Norte,015,27424,60,50,0,50,0
2020-07-04,El Dorado,017,186661,354,211,0,211,0
2020-07-04,Fresno,019,978130,11578,5999,71,6070,82
2020-07-04,Glenn,021,27897,188,128,0,128,0
2020-07-04,Humboldt,023,135768,177,144,1,145,3
2020-07-04,Imperial,025,180216,8547,6441,5,6446,47
2020-07-04,Inyo,027,18085,35,32,0,32,1
2020-07-04,Kern,029,883053,11671,5231,36,5267,81
2020-07-04,Kings,031,150075,2998,2509,8,2517,31
2020-07-04,Lake,033,64148,114,86,0,86,1
2020-07-04,Lassen,035,31185,255,219,2,221,0
2020-07-04,Los Angeles,037,10098052,131660,107256,81,107337,3462
2020-07-04,Madera,039,155013,1208,568,1,569,4
2020-07-04,Marin,041,260295,3417,1962,4,1966,17
2020-07-04,Mariposa,043,17540,36,28,0,28,1
2020-07-04,Mendocino,045,87422,105,72,0,72,0
2020-07-04,Merced,047,269075,2249,1252,1,1253,10
2020-07-04,Modoc,049,8938,1,0,0,0,0
2020-07-04,Mono,051,14174,54,37,0,37,1
2020-07-04,Monterey,053,433212,2611,1878,5,1883,15
2020-07-04,Napa,055,140530,567,426,0,426,4
2020-07-04,Nevada,057,99092,183,125,4,129,1
2020-07-04,Orange,059,3164182,27037,19247,240,19487,372
2020-07-04,Placer,061,380077,1126,796,2,798,11
2020-07-04,Plumas,063,18699,16,11,0,11,0
2020-07-04,Riverside,065,2383286,27203,21508,10,21518,474
2020-07-04,Sacramento,067,1510023,5491,4039,2,4041,71
2020-07-04,San Benito,069,59416,333,255,0,255,2
2020-07-04,San Bernardino,071,2135413,22684,14636,11,14647,270
2020-07-04,San Diego,073,3302833,20146,16166,2,16168,387
2020-07-04,San Francisco,075,870044,4449,3861,1,3862,50
2020-07-04,San Joaquin,077,732212,6840,4807,5,4812,57
2020-07-04,San Luis Obispo,079,281455,986,699,4,703,2
2020-07-04,San Mateo,081,765935,4013,3532,4,3536,106
2020-07-04,Santa Barbara,083,443738,4678,3520,22,3542,27
2020-07-04,Santa Clara,085,1922200,6418,5045,8,5053,161
2020-07-04,Santa Cruz,087,273765,566,466,1,467,2
2020-07-04,Shasta,089,179085,249,135,1,136,6
2020-07-04,Sierra,091,2930,1,1,0,1,0
2020-07-04,Siskiyou,093,43540,38,30,0,30,0
2020-07-04,Solano,095,438530,2238,1548,9,1557,22
2020-07-04,Sonoma,097,501317,1817,1370,4,1374,8
2020-07-04,Stanislaus,099,539301,5136,3572,6,3578,44
2020-07-04,Sutter,101,95872,301,225,0,225,2
2020-07-04,Tehama,103,63373,117,92,2,94,1
2020-07-04,Trinity,105,12862,5,2,3,5,0
2020-07-04,Tulare,107,460477,6224,4802,5,4807,135
2020-07-04,Tuolumne,109,53932,63,30,1,31,0
2020-07-04,Ventura,111,848112,4957,3687,11,3698,44
2020-07-04,Yolo,113,214977,907,615,3,618,26
2020-07-04,Yuba,115,75493,129,102,0,102,1
2020-07-03,Alameda,001,1643700,7922,6486,9,6495,141
2020-07-03,Alpine,003,1148,2,1,0,1,0
2020-07-03,Amador,005,37829,36,25,0,25,0
2020-07-03,Butte,007,227075,362,212,7,219,2
2020-07-03,Calaveras,009,45235,69,44,0,44,0
2020-07-03,Colusa,011,21464,117,70,0,70,0
2020-07-03,Contra Costa,013,1133247,4731,3447,4,3451,78
2020-07-03,Del Norte,015,27424,60,50,0,50,0
2020-07-03,El Dorado,017,186661,342,201,0,201,0
2020-07-03,Fresno,019,978130,11273,5783,69,5852,81
2020-07-03,Glenn,021,27897,183,122,0,122,0
2020-07-03,Humboldt,023,135768,173,143,1,144,3
2020-07-03,Imperial,025,180216,8499,6345,5,6350,47
2020-07-03,Inyo,027,18085,35,32,0,32,1
2020-07-03,Kern,029,883053,11410,5213,36,5249,81
2020-07-03,Kings,031,150075,2962,2492,8,2500,31
2020-07-03,Lake,033,64148,107,83,0,83,0
2020-07-03,Lassen,035,31185,255,219,2,221,0
2020-07-03,Los Angeles,037,10098052,130143,107236,77,107313,3461
2020-07-03,Madera,039,155013,1163,565,1,566,4
2020-07-03,Marin,041,260295,3388,1776,4,1780,17
2020-07-03,Mariposa,043,17540,36,28,0,28,1
2020-07-03,Mendocino,045,87422,104,72,0,72,0
2020-07-03,Merced,047,269075,2183,1188,1,1189,10
2020-07-03,Modoc,049,8938,1,0,0,0,0
2020-07-03,Mono,051,14174,54,37,0,37,1
2020-07-03,Monterey,053,433212,2540,1804,5,1809,15
2020-07-03,Napa,055,140530,549,388,0,388,4
2020-07-03,Nevada,057,99092,182,125,4,129,1
2020-07-03,Orange,059,3164182,26646,18819,231,19050,366
2020-07-03,Placer,061,380077,1099,745,2,747,11
2020-07-03,Plumas,063,18699,16,11,0,11,0
2020-07-03,Riverside,065,2383286,26897,21171,10,21181,472
2020-07-03,Sacramento,067,1510023,5357,3711,2,3713,71
2020-07-03,San Benito,069,59416,326,243,0,243,2
2020-07-03,San Bernardino,071,2135413,22295,14040,11,14051,269
2020-07-03,San Diego,073,3302833,19690,15698,2,15700,387
2020-07-03,San Francisco,075,870044,4402,3781,1,3782,50
2020-07-03,San Joaquin,077,732212,6702,4416,4,4420,56
2020-07-03,San Luis Obispo,079,281455,951,676,4,680,2
2020-07-03,San Mateo,081,765935,3956,3439,4,3443,106
2020-07-03,Santa Barbara,083,443738,4591,3406,21,3427,27
2020-07-03,Santa Clara,085,1922200,6307,4820,8,4828,161
2020-07-03,Santa Cruz,087,273765,553,436,1,437,2
2020-07-03,Shasta,089,179085,241,113,1,114,6
2020-07-03,Sierra,091,2930,1,1,0,1,0
2020-07-03,Siskiyou,093,43540,35,30,0,30,0
2020-07-03,Solano,095,438530,2194,1496,8,1504,22
2020-07-03,Sonoma,097,501317,1769,1282,4,1286,8
2020-07-03,Stanislaus,099,539301,5011,3021,6,3027,43
2020-07-03,Sutter,101,95872,291,205,0,205,2
2020-07-03,Tehama,103,63373,115,89,2,91,1
2020-07-03,Trinity,105,12862,5,2,3,5,0
2020-07-03,Tulare,107,460477,6109,4656,5,4661,134
2020-07-03,Tuolumne,109,53932,61,27,1,28,0
2020-07-03,Ventura,111,848112,4861,3536,11,3547,44
2020-07-03,Yolo,113,214977,873,586,3,589,25
2020-07-03,Yuba,115,75493,124,96,0,96,1
2020-07-02,Alameda,001,1643700,7796,6386,9,6395,139
2020-07-02,Alpine,003,1148,2,1,0,1,0
2020-07-02,Amador,005,37829,35,23,0,23,0
2020-07-02,Butte,007,227075,345,199,7,206,2
2020-07-02,Calaveras,009,45235,65,42,0,42,0
2020-07-02,Colusa,011,21464,109,60,0,60,0
2020-07-02,Contra Costa,013,1133247,4548,3347,4,3351,77
2020-07-02,Del Norte,015,27424,59,50,0,50,0
2020-07-02,El Dorado,017,186661,331,193,0,193,0
2020-07-02,Fresno,019,978130,10816,5402,68,5470,78
2020-07-02,Glenn,021,27897,177,114,0,114,0
2020-07-02,Humboldt,023,135768,169,138,1,139,3
2020-07-02,Imperial,025,180216,8396,6236,5,6241,47
2020-07-02,Inyo,027,18085,35,29,0,29,1
2020-07-02,Kern,029,883053,10874,5036,34,5070,78
2020-07-02,Kings,031,150075,2912,2419,8,2427,31
2020-07-02,Lake,033,64148,104,81,0,81,0
2020-07-02,Lassen,035,31185,253,218,2,220,0
2020-07-02,Los Angeles,037,10098052,128124,107144,53,107197,3458
2020-07-02,Madera,039,155013,1095,548,1,549,4
2020-07-02,Marin,041,260295,3303,1706,4,1710,17
2020-07-02,Mariposa,043,17540,35,28,0,28,1
2020-07-02,Mendocino,045,87422,100,71,0,71,0
2020-07-02,Merced,047,269075,2086,1122,1,1123,10
2020-07-02,Modoc,049,8938,1,0,0,0,0
2020-07-02,Mono,051,14174,54,37,0,37,1
2020-07-02,Monterey,053,433212,2480,1796,5,1801,15
2020-07-02,Napa,055,140530,532,352,0,352,4
2020-07-02,Nevada,057,99092,176,118,4,122,1
2020-07-02,Orange,059,3164182,25884,17056,218,17274,360
2020-07-02,Placer,061,380077,1074,740,2,742,11
2020-07-02,Plumas,063,18699,15,8,0,8,0
2020-07-02,Riverside,065,2383286,26326,20253,10,20263,458
2020-07-02,Sacramento,067,1510023,5129,3587,2,3589,70
2020-07-02,San Benito,069,59416,318,236,0,236,2
2020-07-02,San Bernardino,071,2135413,21758,13185,11,13196,260
2020-07-02,San Diego,073,3302833,19228,15208,2,15210,377
2020-07-02,San Francisco,075,870044,4307,3676,1,3677,50
2020-07-02,San Joaquin,077,732212,6355,4243,4,4247,56
2020-07-02,San Luis Obispo,079,281455,906,659,4,663,2
2020-07-02,San Mateo,081,765935,3875,3390,4,3394,107
2020-07-02,Santa Barbara,083,443738,4491,3385,19,3404,27
2020-07-02,Santa Clara,085,1922200,6181,4722,8,4730,160
2020-07-02,Santa Cruz,087,273765,530,414,1,415,2
2020-07-02,Shasta,089,179085,238,110,1,111,5
2020-07-02,Sierra,091,2930,1,1,0,1,0
2020-07-02,Siskiyou,093,43540,35,30,0,30,0
2020-07-02,Solano,095,438530,2111,1429,8,1437,21
2020-07-02,Sonoma,097,501317,1711,1244,4,1248,6
2020-07-02,Stanislaus,099,539301,4839,2850,6,2856,41
2020-07-02,Sutter,101,95872,279,195,0,195,2
2020-07-02,Tehama,103,63373,113,86,2,88,1
2020-07-02,Trinity,105,12862,5,2,3,5,0
2020-07-02,Tulare,107,460477,5943,4559,4,4563,132
2020-07-02,Tuolumne,109,53932,58,23,1,24,0
2020-07-02,Ventura,111,848112,4705,3394,11,3405,42
2020-07-02,Yolo,113,214977,841,554,3,557,24
2020-07-02,Yuba,115,75493,114,93,0,93,1
2020-07-01,Alameda,001,1643700,7575,6125,9,6134,137
2020-07-01,Alpine,003,1148,2,1,0,1,0
2020-07-01,Amador,005,37829,34,22,0,22,0
2020-07-01,Butte,007,227075,320,185,7,192,2
2020-07-01,Calaveras,009,45235,63,37,0,37,0
2020-07-01,Colusa,011,21464,103,53,0,53,0
2020-07-01,Contra Costa,013,1133247,4336,3259,4,3263,76
2020-07-01,Del Norte,015,27424,59,50,0,50,0
2020-07-01,El Dorado,017,186661,304,183,0,183,0
2020-07-01,Fresno,019,978130,10383,5111,65,5176,76
2020-07-01,Glenn,021,27897,170,110,0,110,0
2020-07-01,Humboldt,023,135768,164,134,0,134,3
2020-07-01,Imperial,025,180216,8298,6150,5,6155,46
2020-07-01,Inyo,027,18085,34,30,0,30,1
2020-07-01,Kern,029,883053,10243,4853,31,4884,78
2020-07-01,Kings,031,150075,2844,2360,8,2368,30
2020-07-01,Lake,033,64148,103,75,0,75,0
2020-07-01,Lassen,035,31185,252,217,2,219,0
2020-07-01,Los Angeles,037,10098052,124921,105325,42,105367,3408
2020-07-01,Madera,039,155013,1054,519,1,520,4
2020-07-01,Marin,041,260295,3146,1636,4,1640,17
2020-07-01,Mariposa,043,17540,35,29,0,29,1
2020-07-01,Mendocino,045,87422,96,70,0,70,0
2020-07-01,Merced,047,269075,1986,1052,1,1053,10
2020-07-01,Modoc,049,8938,1,0,0,0,0
2020-07-01,Mono,051,14174,51,37,0,37,1
2020-07-01,Monterey,053,433212,2373,1703,5,1708,15
2020-07-01,Napa,055,140530,509,347,0,347,4
2020-07-01,Nevada,057,99092,166,115,4,119,1
2020-07-01,Orange,059,3164182,25000,15662,196,15858,343
2020-07-01,Placer,061,380077,1025,713,2,715,11
2020-07-01,Plumas,063,18699,13,8,0,8,0
2020-07-01,Riverside,065,2383286,25485,19537,10,19547,457
2020-07-01,Sacramento,067,1510023,4875,3425,2,3427,64
2020-07-01,San Benito,069,59416,309,219,0,219,2
2020-07-01,San Bernardino,071,2135413,20860,12712,9,12721,253
2020-07-01,San Diego,073,3302833,18670,14624,2,14626,372
2020-07-01,San Francisco,075,870044,4214,3626,1,3627,50
2020-07-01,San Joaquin,077,732212,5996,3990,4,3994,54
2020-07-01,San Luis Obispo,079,281455,880,613,4,617,1
2020-07-01,San Mateo,081,765935,3813,3326,4,3330,84
2020-07-01,Santa Barbara,083,443738,4371,3268,18,3286,27
2020-07-01,Santa Clara,085,1922200,5995,4547,7,4554,159
2020-07-01,Santa Cruz,087,273765,509,398,0,398,2
2020-07-01,Shasta,089,179085,233,104,1,105,5
2020-07-01,Sierra,091,2930,1,1,0,1,0
2020-07-01,Siskiyou,093,43540,35,28,0,28,0
2020-07-01,Solano,095,438530,2022,1350,8,1358,21
2020-07-01,Sonoma,097,501317,1615,1178,4,1182,6
2020-07-01,Stanislaus,099,539301,4559,2619,6,2625,41
2020-07-01,Sutter,101,95872,266,188,0,188,2
2020-07-01,Tehama,103,63373,106,80,2,82,1
2020-07-01,Trinity,105,12862,5,2,2,4,0
2020-07-01,Tulare,107,460477,5764,4359,4,4363,128
2020-07-01,Tuolumne,109,53932,55,17,1,18,0
2020-07-01,Ventura,111,848112,4562,3224,9,3233,41
2020-07-01,Yolo,113,214977,791,526,3,529,24
2020-07-01,Yuba,115,75493,109,57,0,57,1
2020-06-30,Alameda,001,1643700,7326,5959,7,5966,137
2020-06-30,Alpine,003,1148,2,1,0,1,0
2020-06-30,Amador,005,37829,34,21,0,21,0
2020-06-30,Butte,007,227075,303,163,7,170,2
2020-06-30,Calaveras,009,45235,58,31,0,31,0
2020-06-30,Colusa,011,21464,94,33,0,33,0
2020-06-30,Contra Costa,013,1133247,4130,3140,4,3144,75
2020-06-30,Del Norte,015,27424,59,48,0,48,0
2020-06-30,El Dorado,017,186661,291,175,0,175,0
2020-06-30,Fresno,019,978130,9935,4826,61,4887,75
2020-06-30,Glenn,021,27897,165,96,0,96,0
2020-06-30,Humboldt,023,135768,160,132,0,132,3
2020-06-30,Imperial,025,180216,8201,5968,5,5973,45
2020-06-30,Inyo,027,18085,34,30,0,30,1
2020-06-30,Kern,029,883053,9595,4721,27,4748,75
2020-06-30,Kings,031,150075,2795,2315,5,2320,30
2020-06-30,Lake,033,64148,95,56,0,56,0
2020-06-30,Lassen,035,31185,245,215,2,217,0
2020-06-30,Los Angeles,037,10098052,121328,103640,39,103679,3378
2020-06-30,Madera,039,155013,997,475,1,476,4
2020-06-30,Marin,041,260295,3075,1614,4,1618,17
2020-06-30,Mariposa,043,17540,34,27,0,27,1
2020-06-30,Mendocino,045,87422,91,65,0,65,0
2020-06-30,Merced,047,269075,1849,970,1,971,10
2020-06-30,Modoc,049,8938,1,0,0,0,0
2020-06-30,Mono,051,14174,49,36,0,36,1
2020-06-30,Monterey,053,433212,2275,1657,5,1662,15
2020-06-30,Napa,055,140530,484,342,0,342,4
2020-06-30,Nevada,057,99092,158,113,4,117,1
2020-06-30,Orange,059,3164182,24070,14354,186,14540,335
2020-06-30,Placer,061,380077,999,667,2,669,11
2020-06-30,Plumas,063,18699,12,8,0,8,0
2020-06-30,Riverside,065,2383286,24768,18656,10,18666,449
2020-06-30,Sacramento,067,1510023,4586,3246,2,3248,64
2020-06-30,San Benito,069,59416,298,200,0,200,2
2020-06-30,San Bernardino,071,2135413,19875,12375,9,12384,249
2020-06-30,San Diego,073,3302833,17967,14150,2,14152,365
2020-06-30,San Francisco,075,870044,4108,3555,1,3556,50
2020-06-30,San Joaquin,077,732212,5622,3744,4,3748,52
2020-06-30,San Luis Obispo,079,281455,844,583,4,587,1
2020-06-30,San Mateo,081,765935,3735,3268,4,3272,84
2020-06-30,Santa Barbara,083,443738,4254,3102,18,3120,25
2020-06-30,Santa Clara,085,1922200,5795,4346,7,4353,157
2020-06-30,Santa Cruz,087,273765,484,379,0,379,2
2020-06-30,Shasta,089,179085,217,100,1,101,5
2020-06-30,Sierra,091,2930,1,1,0,1,0
2020-06-30,Siskiyou,093,43540,34,26,0,26,0
2020-06-30,Solano,095,438530,1930,1256,8,1264,21
2020-06-30,Sonoma,097,501317,1550,1122,4,1126,6
2020-06-30,Stanislaus,099,539301,4262,2578,6,2584,41
2020-06-30,Sutter,101,95872,243,168,0,168,2
2020-06-30,Tehama,103,63373,104,75,2,77,1
2020-06-30,Trinity,105,12862,5,2,2,4,0
2020-06-30,Tulare,107,460477,5557,4207,4,4211,117
2020-06-30,Tuolumne,109,53932,51,16,1,17,0
2020-06-30,Ventura,111,848112,4428,3030,9,3039,40
2020-06-30,Yolo,113,214977,753,515,3,518,24
2020-06-30,Yuba,115,75493,105,55,0,55,1
2020-06-29,Alameda,001,1643700,7116,5766,7,5773,135
2020-06-29,Alpine,003,1148,2,1,0,1,0
2020-06-29,Amador,005,37829,31,20,0,20,0
2020-06-29,Butte,007,227075,282,157,7,164,2
2020-06-29,Calaveras,009,45235,56,30,0,30,0
2020-06-29,Colusa,011,21464,89,17,0,17,0
2020-06-29,Contra Costa,013,1133247,3967,2976,3,2979,75
2020-06-29,Del Norte,015,27424,59,47,0,47,0
2020-06-29,El Dorado,017,186661,277,163,0,163,0
2020-06-29,Fresno,019,978130,9587,4531,60,4591,74
2020-06-29,Glenn,021,27897,156,77,0,77,0
2020-06-29,Humboldt,023,135768,159,128,0,128,3
2020-06-29,Imperial,025,180216,8070,5512,5,5517,45
2020-06-29,Inyo,027,18085,33,29,0,29,1
2020-06-29,Kern,029,883053,8932,4613,25,4638,73
2020-06-29,Kings,031,150075,2731,2280,5,2285,20
2020-06-29,Lake,033,64148,88,53,0,53,0
2020-06-29,Lassen,035,31185,237,77,2,79,0
2020-06-29,Los Angeles,037,10098052,118280,100846,33,100879,3337
2020-06-29,Madera,039,155013,940,422,1,423,4
2020-06-29,Marin,041,260295,2999,1517,4,1521,17
2020-06-29,Mariposa,043,17540,32,25,0,25,1
2020-06-29,Mendocino,045,87422,88,63,0,63,0
2020-06-29,Merced,047,269075,1743,848,1,849,10
2020-06-29,Modoc,049,8938,1,0,0,0,0
2020-06-29,Mono,051,14174,47,35,0,35,1
2020-06-29,Monterey,053,433212,2203,1614,5,1619,14
2020-06-29,Napa,055,140530,463,317,0,317,4
2020-06-29,Nevada,057,99092,155,107,3,110,1
2020-06-29,Orange,059,3164182,23079,13682,170,13852,324
2020-06-29,Placer,061,380077,960,628,2,630,11
2020-06-29,Plumas,063,18699,12,6,0,6,0
2020-06-29,Riverside,065,2383286,23735,17683,10,17693,432
2020-06-29,Sacramento,067,1510023,4299,2985,2,2987,62
2020-06-29,San Benito,069,59416,283,193,0,193,2
2020-06-29,San Bernardino,071,2135413,18913,11643,9,11652,245
2020-06-29,San Diego,073,3302833,17391,13834,2,13836,361
2020-06-29,San Francisco,075,870044,4031,3389,1,3390,50
2020-06-29,San Joaquin,077,732212,5264,3202,4,3206,52
2020-06-29,San Luis Obispo,079,281455,810,544,4,548,1
2020-06-29,San Mateo,081,765935,3681,3170,4,3174,84
2020-06-29,Santa Barbara,083,443738,4144,2933,17,2950,25
2020-06-29,Santa Clara,085,1922200,5623,4231,7,4238,157
2020-06-29,Santa Cruz,087,273765,466,348,0,348,2
2020-06-29,Shasta,089,179085,209,94,1,95,5
2020-06-29,Sierra,091,2930,1,1,0,1,0
2020-06-29,Siskiyou,093,43540,34,25,0,25,0
2020-06-29,Solano,095,438530,1828,1077,8,1085,21
2020-06-29,Sonoma,097,501317,1478,1103,4,1107,5
2020-06-29,Stanislaus,099,539301,4056,2400,5,2405,36
2020-06-29,Sutter,101,95872,221,152,0,152,2
2020-06-29,Tehama,103,63373,100,63,2,65,1
2020-06-29,Trinity,105,12862,5,2,2,4,0
2020-06-29,Tulare,107,460477,5403,3906,4,3910,117
2020-06-29,Tuolumne,109,53932,47,16,1,17,0
2020-06-29,Ventura,111,848112,4281,2794,9,2803,40
2020-06-29,Yolo,113,214977,720,483,3,486,24
2020-06-29,Yuba,115,75493,92,55,0,55,1
2020-06-28,Alameda,001,1643700,6857,5698,7,5705,135
2020-06-28,Alpine,003,1148,2,1,0,1,0
2020-06-28,Amador,005,37829,29,20,0,20,0
2020-06-28,Butte,007,227075,263,150,7,157,2
2020-06-28,Calaveras,009,45235,51,30,0,30,0
2020-06-28,Colusa,011,21464,74,17,0,17,0
2020-06-28,Contra Costa,013,1133247,3777,2803,3,2806,73
2020-06-28,Del Norte,015,27424,58,47,0,47,0
2020-06-28,El Dorado,017,186661,265,162,0,162,0
2020-06-28,Fresno,019,978130,9226,4365,60,4425,74
2020-06-28,Glenn,021,27897,148,77,0,77,0
2020-06-28,Humboldt,023,135768,156,127,0,127,3
2020-06-28,Imperial,025,180216,7881,5513,5,5518,45
2020-06-28,Inyo,027,18085,33,29,0,29,1
2020-06-28,Kern,029,883053,8379,4541,23,4564,72
2020-06-28,Kings,031,150075,2672,2234,5,2239,18
2020-06-28,Lake,033,64148,84,53,0,53,0
2020-06-28,Lassen,035,31185,237,77,2,79,0
2020-06-28,Los Angeles,037,10098052,115075,98003,29,98032,3316
2020-06-28,Madera,039,155013,893,424,1,425,4
2020-06-28,Marin,041,260295,2653,1473,4,1477,17
2020-06-28,Mariposa,043,17540,32,24,0,24,1
2020-06-28,Mendocino,045,87422,86,63,0,63,0
2020-06-28,Merced,047,269075,1630,814,1,815,10
2020-06-28,Modoc,049,8938,1,0,0,0,0
2020-06-28,Mono,051,14174,47,35,0,35,1
2020-06-28,Monterey,053,433212,2121,1560,5,1565,13
2020-06-28,Napa,055,140530,429,307,0,307,4
2020-06-28,Nevada,057,99092,144,102,3,105,1
2020-06-28,Orange,059,3164182,22104,13213,152,13365,324
2020-06-28,Placer,061,380077,920,618,2,620,11
2020-06-28,Plumas,063,18699,11,6,0,6,0
2020-06-28,Riverside,065,2383286,22908,16848,9,16857,432
2020-06-28,Sacramento,067,1510023,4072,2803,2,2805,63
2020-06-28,San Benito,069,59416,272,190,0,190,2
2020-06-28,San Bernardino,071,2135413,18159,11344,8,11352,245
2020-06-28,San Diego,073,3302833,16846,13333,2,13335,361
2020-06-28,San Francisco,075,870044,3952,3388,1,3389,50
2020-06-28,San Joaquin,077,732212,4929,3201,4,3205,52
2020-06-28,San Luis Obispo,079,281455,771,531,4,535,1
2020-06-28,San Mateo,081,765935,3603,3124,4,3128,84
2020-06-28,Santa Barbara,083,443738,3999,2872,17,2889,25
2020-06-28,Santa Clara,085,1922200,5463,4131,7,4138,156
2020-06-28,Santa Cruz,087,273765,443,349,0,349,2
2020-06-28,Shasta,089,179085,196,89,0,89,5
2020-06-28,Sierra,091,2930,1,1,0,1,0
2020-06-28,Siskiyou,093,43540,34,25,0,25,0
2020-06-28,Solano,095,438530,1753,1077,8,1085,21
2020-06-28,Sonoma,097,501317,1424,1084,4,1088,5
2020-06-28,Stanislaus,099,539301,3850,2376,5,2381,36
2020-06-28,Sutter,101,95872,195,145,0,145,2
2020-06-28,Tehama,103,63373,93,63,2,65,1
2020-06-28,Trinity,105,12862,5,2,2,4,0
2020-06-28,Tulare,107,460477,5238,3812,4,3816,117
2020-06-28,Tuolumne,109,53932,42,14,1,15,0
2020-06-28,Ventura,111,848112,4123,2650,9,2659,40
2020-06-28,Yolo,113,214977,685,468,3,471,24
2020-06-28,Yuba,115,75493,88,39,0,39,1
2020-06-27,Alameda,001,1643700,6762,5581,7,5588,135
2020-06-27,Alpine,003,1148,2,1,0,1,0
2020-06-27,Amador,005,37829,27,20,0,20,0
2020-06-27,Butte,007,227075,255,137,7,144,2
2020-06-27,Calaveras,009,45235,49,30,0,30,0
2020-06-27,Colusa,011,21464,68,17,0,17,0
2020-06-27,Contra Costa,013,1133247,3682,2717,2,2719,72
2020-06-27,Del Norte,015,27424,58,47,0,47,0
2020-06-27,El Dorado,017,186661,259,159,0,159,0
2020-06-27,Fresno,019,978130,8980,4238,60,4298,74
2020-06-27,Glenn,021,27897,144,77,0,77,0
2020-06-27,Humboldt,023,135768,154,127,0,127,3
2020-06-27,Imperial,025,180216,7819,5513,5,5518,45
2020-06-27,Inyo,027,18085,33,29,0,29,1
2020-06-27,Kern,029,883053,8116,4411,22,4433,70
2020-06-27,Kings,031,150075,2646,2187,5,2192,18
2020-06-27,Lake,033,64148,81,42,0,42,0
2020-06-27,Lassen,035,31185,237,33,2,35,0
2020-06-27,Los Angeles,037,10098052,113334,95341,26,95367,3291
2020-06-27,Madera,039,155013,850,427,0,427,4
2020-06-27,Marin,041,260295,2608,1423,4,1427,17
2020-06-27,Mariposa,043,17540,31,22,0,22,1
2020-06-27,Mendocino,045,87422,86,63,0,63,0
2020-06-27,Merced,047,269075,1572,807,0,807,10
2020-06-27,Modoc,049,8938,1,0,0,0,0
2020-06-27,Mono,051,14174,46,35,0,35,1
2020-06-27,Monterey,053,433212,2057,1455,5,1460,12
2020-06-27,Napa,055,140530,419,282,0,282,3
2020-06-27,Nevada,057,99092,140,102,2,104,1
2020-06-27,Orange,059,3164182,21595,12951,147,13098,320
2020-06-27,Placer,061,380077,899,584,2,586,10
2020-06-27,Plumas,063,18699,11,6,0,6,0
2020-06-27,Riverside,065,2383286,22519,16209,9,16218,432
2020-06-27,Sacramento,067,1510023,3955,2685,2,2687,63
2020-06-27,San Benito,069,59416,265,182,0,182,2
2020-06-27,San Bernardino,071,2135413,17781,11238,8,11246,243
2020-06-27,San Diego,073,3302833,16481,12836,2,12838,360
2020-06-27,San Francisco,075,870044,3897,3332,1,3333,49
2020-06-27,San Joaquin,077,732212,4764,2995,4,2999,52
2020-06-27,San Luis Obispo,079,281455,747,505,4,509,1
2020-06-27,San Mateo,081,765935,3546,3083,4,3087,83
2020-06-27,Santa Barbara,083,443738,3927,2799,17,2816,25
2020-06-27,Santa Clara,085,1922200,5358,4006,7,4013,157
2020-06-27,Santa Cruz,087,273765,436,347,0,347,2
2020-06-27,Shasta,089,179085,191,87,0,87,5
2020-06-27,Sierra,091,2930,1,1,0,1,0
2020-06-27,Siskiyou,093,43540,34,25,0,25,0
2020-06-27,Solano,095,438530,1720,1076,8,1084,21
2020-06-27,Sonoma,097,501317,1393,1004,4,1008,5
2020-06-27,Stanislaus,099,539301,3750,2164,5,2169,36
2020-06-27,Sutter,101,95872,188,141,0,141,2
2020-06-27,Tehama,103,63373,90,63,2,65,1
2020-06-27,Trinity,105,12862,5,2,2,4,0
2020-06-27,Tulare,107,460477,5142,3810,4,3814,117
2020-06-27,Tuolumne,109,53932,41,13,1,14,0
2020-06-27,Ventura,111,848112,4024,2471,9,2480,40
2020-06-27,Yolo,113,214977,660,432,3,435,24
2020-06-27,Yuba,115,75493,80,39,0,39,1
2020-06-26,Alameda,001,1643700,6676,5502,6,5508,132
2020-06-26,Alpine,003,1148,2,1,0,1,0
2020-06-26,Amador,005,37829,26,20,0,20,0
2020-06-26,Butte,007,227075,240,135,7,142,2
2020-06-26,Calaveras,009,45235,47,30,0,30,0
2020-06-26,Colusa,011,21464,63,17,0,17,0
2020-06-26,Contra Costa,013,1133247,3569,2676,2,2678,72
2020-06-26,Del Norte,015,27424,57,47,0,47,0
2020-06-26,El Dorado,017,186661,251,159,0,159,0
2020-06-26,Fresno,019,978130,8754,4166,60,4226,74
2020-06-26,Glenn,021,27897,137,71,0,71,0
2020-06-26,Humboldt,023,135768,152,126,0,126,3
2020-06-26,Imperial,025,180216,7755,5400,5,5405,44
2020-06-26,Inyo,027,18085,32,29,0,29,1
2020-06-26,Kern,029,883053,7784,4366,22,4388,70
2020-06-26,Kings,031,150075,2614,2176,4,2180,18
2020-06-26,Lake,033,64148,80,42,0,42,0
2020-06-26,Lassen,035,31185,236,30,2,32,0
2020-06-26,Los Angeles,037,10098052,111169,93328,26,93354,3275
2020-06-26,Madera,039,155013,818,409,0,409,4
2020-06-26,Marin,041,260295,2572,1406,4,1410,17
2020-06-26,Mariposa,043,17540,30,21,0,21,1
2020-06-26,Mendocino,045,87422,83,63,0,63,0
2020-06-26,Merced,047,269075,1526,797,0,797,10
2020-06-26,Modoc,049,8938,1,0,0,0,0
2020-06-26,Mono,051,14174,45,35,0,35,1
2020-06-26,Monterey,053,433212,2005,1449,5,1454,12
2020-06-26,Napa,055,140530,409,277,0,277,3
2020-06-26,Nevada,057,99092,136,101,1,102,1
2020-06-26,Orange,059,3164182,20919,12659,144,12803,320
2020-06-26,Placer,061,380077,872,584,2,586,10
2020-06-26,Plumas,063,18699,11,6,0,6,0
2020-06-26,Riverside,065,2383286,22057,15858,9,15867,430
2020-06-26,Sacramento,067,1510023,3790,2687,2,2689,63
2020-06-26,San Benito,069,59416,261,176,0,176,2
2020-06-26,San Bernardino,071,2135413,17404,11111,8,11119,243
2020-06-26,San Diego,073,3302833,16116,12402,2,12404,358
2020-06-26,San Francisco,075,870044,3841,3330,1,3331,49
2020-06-26,San Joaquin,077,732212,4550,2943,4,2947,52
2020-06-26,San Luis Obispo,079,281455,732,498,4,502,1
2020-06-26,San Mateo,081,765935,3494,3055,4,3059,83
2020-06-26,Santa Barbara,083,443738,3837,2784,15,2799,25
2020-06-26,Santa Clara,085,1922200,5257,3968,7,3975,156
2020-06-26,Santa Cruz,087,273765,429,344,0,344,2
2020-06-26,Shasta,089,179085,184,86,0,86,5
2020-06-26,Sierra,091,2930,1,1,0,1,0
2020-06-26,Siskiyou,093,43540,33,24,0,24,0
2020-06-26,Solano,095,438530,1678,1068,8,1076,21
2020-06-26,Sonoma,097,501317,1361,977,4,981,5
2020-06-26,Stanislaus,099,539301,3637,2157,5,2162,36
2020-06-26,Sutter,101,95872,181,138,0,138,2
2020-06-26,Tehama,103,63373,87,63,2,65,1
2020-06-26,Trinity,105,12862,5,2,2,4,0
2020-06-26,Tulare,107,460477,5053,3720,4,3724,117
2020-06-26,Tuolumne,109,53932,39,10,1,11,0
2020-06-26,Ventura,111,848112,3938,2444,9,2453,40
2020-06-26,Yolo,113,214977,636,418,3,421,24
2020-06-26,Yuba,115,75493,74,38,0,38,1
2020-06-25,Alameda,001,1643700,6485,5398,6,5404,130
2020-06-25,Alpine,003,1148,2,1,0,1,0
2020-06-25,Amador,005,37829,25,18,0,18,0
2020-06-25,Butte,007,227075,235,127,7,134,1
2020-06-25,Calaveras,009,45235,42,26,0,26,0
2020-06-25,Colusa,011,21464,53,14,0,14,0
2020-06-25,Contra Costa,013,1133247,3384,2591,2,2593,71
2020-06-25,Del Norte,015,27424,55,47,0,47,0
2020-06-25,El Dorado,017,186661,243,150,0,150,0
2020-06-25,Fresno,019,978130,8441,3938,59,3997,71
2020-06-25,Glenn,021,27897,132,59,0,59,0
2020-06-25,Humboldt,023,135768,151,121,0,121,3
2020-06-25,Imperial,025,180216,7627,5192,5,5197,44
2020-06-25,Inyo,027,18085,29,27,0,27,1
2020-06-25,Kern,029,883053,7359,4236,19,4255,69
2020-06-25,Kings,031,150075,2562,2110,4,2114,17
2020-06-25,Lake,033,64148,79,42,0,42,0
2020-06-25,Lassen,035,31185,230,13,2,15,0
2020-06-25,Los Angeles,037,10098052,108402,91524,26,91550,3239
2020-06-25,Madera,039,155013,774,380,0,380,4
2020-06-25,Marin,041,260295,2470,1321,4,1325,17
2020-06-25,Mariposa,043,17540,29,20,0,20,1
2020-06-25,Mendocino,045,87422,80,61,0,61,0
2020-06-25,Merced,047,269075,1439,747,0,747,10
2020-06-25,Modoc,049,8938,1,0,0,0,0
2020-06-25,Mono,051,14174,44,35,0,35,1
2020-06-25,Monterey,053,433212,1917,1426,4,1430,12
2020-06-25,Napa,055,140530,391,260,0,260,3
2020-06-25,Nevada,057,99092,128,92,1,93,1
2020-06-25,Orange,059,3164182,19995,12221,142,12363,311
2020-06-25,Placer,061,380077,822,574,2,576,10
2020-06-25,Plumas,063,18699,10,6,0,6,0
2020-06-25,Riverside,065,2383286,21303,15224,9,15233,427
2020-06-25,Sacramento,067,1510023,3567,2519,2,2521,62
2020-06-25,San Benito,069,59416,253,174,0,174,2
2020-06-25,San Bernardino,071,2135413,16652,10590,8,10598,242
2020-06-25,San Diego,073,3302833,15577,11963,2,11965,352
2020-06-25,San Francisco,075,870044,3776,3252,1,3253,48
2020-06-25,San Joaquin,077,732212,4278,2803,4,2807,50
2020-06-25,San Luis Obispo,079,281455,700,473,4,477,1
2020-06-25,San Mateo,081,765935,3426,2996,4,3000,82
2020-06-25,Santa Barbara,083,443738,3731,2622,14,2636,25
2020-06-25,Santa Clara,085,1922200,5109,3871,7,3878,156
2020-06-25,Santa Cruz,087,273765,417,335,0,335,2
2020-06-25,Shasta,089,179085,174,84,0,84,5
2020-06-25,Sierra,091,2930,1,1,0,1,0
2020-06-25,Siskiyou,093,43540,32,24,0,24,0
2020-06-25,Solano,095,438530,1625,1034,8,1042,21
2020-06-25,Sonoma,097,501317,1314,953,3,956,5
2020-06-25,Stanislaus,099,539301,3425,2130,5,2135,36
2020-06-25,Sutter,101,95872,169,126,0,126,2
2020-06-25,Tehama,103,63373,83,59,2,61,1
2020-06-25,Trinity,105,12862,5,2,2,4,0
2020-06-25,Tulare,107,460477,4923,3656,4,3660,117
2020-06-25,Tuolumne,109,53932,38,10,1,11,0
2020-06-25,Ventura,111,848112,3756,2346,8,2354,40
2020-06-25,Yolo,113,214977,606,397,3,400,24
2020-06-25,Yuba,115,75493,63,38,0,38,1
2020-06-24,Alameda,001,1643700,6323,5242,6,5248,123
2020-06-24,Alpine,003,1148,2,1,0,1,0
2020-06-24,Amador,005,37829,23,16,0,16,0
2020-06-24,Butte,007,227075,218,119,7,126,1
2020-06-24,Calaveras,009,45235,40,26,0,26,0
2020-06-24,Colusa,011,21464,44,11,0,11,0
2020-06-24,Contra Costa,013,1133247,3229,2520,2,2522,66
2020-06-24,Del Norte,015,27424,49,47,0,47,0
2020-06-24,El Dorado,017,186661,227,149,0,149,0
2020-06-24,Fresno,019,978130,8110,3765,59,3824,71
2020-06-24,Glenn,021,27897,124,54,0,54,0
2020-06-24,Humboldt,023,135768,151,117,0,117,3
2020-06-24,Imperial,025,180216,7509,5138,5,5143,38
2020-06-24,Inyo,027,18085,29,28,0,28,1
2020-06-24,Kern,029,883053,6966,4155,17,4172,67
2020-06-24,Kings,031,150075,2500,2063,4,2067,16
2020-06-24,Lake,033,64148,66,40,0,40,0
2020-06-24,Lassen,035,31185,229,9,2,11,0
2020-06-24,Los Angeles,037,10098052,105643,89566,26,89592,3186
2020-06-24,Madera,039,155013,753,373,0,373,4
2020-06-24,Marin,041,260295,2242,1261,4,1265,17
2020-06-24,Mariposa,043,17540,28,19,0,19,1
2020-06-24,Mendocino,045,87422,80,60,0,60,0
2020-06-24,Merced,047,269075,1353,696,0,696,8
2020-06-24,Modoc,049,8938,1,0,0,0,0
2020-06-24,Mono,051,14174,42,35,0,35,1
2020-06-24,Monterey,053,433212,1840,1407,4,1411,12
2020-06-24,Napa,055,140530,373,258,0,258,3
2020-06-24,Nevada,057,99092,122,92,1,93,1
2020-06-24,Orange,059,3164182,19001,11804,124,11928,303
2020-06-24,Placer,061,380077,783,548,2,550,10
2020-06-24,Plumas,063,18699,10,6,0,6,0
2020-06-24,Riverside,065,2383286,20457,14946,9,14955,410
2020-06-24,Sacramento,067,1510023,3362,2446,2,2448,62
2020-06-24,San Benito,069,59416,249,171,0,171,2
2020-06-24,San Bernardino,071,2135413,15841,10211,7,10218,239
2020-06-24,San Diego,073,3302833,15077,11628,2,11630,347
2020-06-24,San Francisco,075,870044,3713,3216,1,3217,48
2020-06-24,San Joaquin,077,732212,4056,2680,4,2684,49
2020-06-24,San Luis Obispo,079,281455,668,461,3,464,1
2020-06-24,San Mateo,081,765935,3369,2964,4,2968,82
2020-06-24,Santa Barbara,083,443738,3611,2569,12,2581,22
2020-06-24,Santa Clara,085,1922200,4978,3812,7,3819,155
2020-06-24,Santa Cruz,087,273765,405,329,0,329,2
2020-06-24,Shasta,089,179085,166,83,0,83,5
2020-06-24,Sierra,091,2930,1,1,0,1,0
2020-06-24,Siskiyou,093,43540,31,24,0,24,0
2020-06-24,Solano,095,438530,1535,979,7,986,21
2020-06-24,Sonoma,097,501317,1265,933,3,936,4
2020-06-24,Stanislaus,099,539301,3246,2039,5,2044,36
2020-06-24,Sutter,101,95872,156,118,0,118,2
2020-06-24,Tehama,103,63373,81,55,2,57,1
2020-06-24,Trinity,105,12862,5,2,2,4,0
2020-06-24,Tulare,107,460477,4771,3541,4,3545,116
2020-06-24,Tuolumne,109,53932,33,9,1,10,0
2020-06-24,Ventura,111,848112,3415,2314,8,2322,42
2020-06-24,Yolo,113,214977,571,376,3,379,24
2020-06-24,Yuba,115,75493,57,37,0,37,1
2020-06-23,Alameda,001,1643700,6142,5159,6,5165,121
2020-06-23,Alpine,003,1148,2,1,0,1,0
2020-06-23,Amador,005,37829,22,13,0,13,0
2020-06-23,Butte,007,227075,200,111,7,118,1
2020-06-23,Calaveras,009,45235,40,26,0,26,0
2020-06-23,Colusa,011,21464,40,7,0,7,0
2020-06-23,Contra Costa,013,1133247,3103,2453,2,2455,60
2020-06-23,Del Norte,015,27424,48,46,0,46,0
2020-06-23,El Dorado,017,186661,218,142,0,142,0
2020-06-23,Fresno,019,978130,7460,3569,57,3626,67
2020-06-23,Glenn,021,27897,120,47,0,47,0
2020-06-23,Humboldt,023,135768,151,110,0,110,3
2020-06-23,Imperial,025,180216,7346,5025,5,5030,38
2020-06-23,Inyo,027,18085,29,26,0,26,1
2020-06-23,Kern,029,883053,6599,4087,14,4101,64
2020-06-23,Kings,031,150075,2435,1727,4,1731,16
2020-06-23,Lake,033,64148,60,40,0,40,0
2020-06-23,Lassen,035,31185,225,9,2,11,0
2020-06-23,Los Angeles,037,10098052,102705,88433,24,88457,3152
2020-06-23,Madera,039,155013,714,369,0,369,4
2020-06-23,Marin,041,260295,1974,1139,4,1143,17
2020-06-23,Mariposa,043,17540,26,18,0,18,1
2020-06-23,Mendocino,045,87422,79,61,0,61,0
2020-06-23,Merced,047,269075,1256,656,0,656,8
2020-06-23,Modoc,049,8938,1,0,0,0,0
2020-06-23,Mono,051,14174,42,35,0,35,1
2020-06-23,Monterey,053,433212,1770,1346,4,1350,12
2020-06-23,Napa,055,140530,358,230,0,230,3
2020-06-23,Nevada,057,99092,116,81,1,82,1
2020-06-23,Orange,059,3164182,18031,11071,121,11192,278
2020-06-23,Placer,061,380077,755,525,2,527,10
2020-06-23,Plumas,063,18699,9,6,0,6,0
2020-06-23,Riverside,065,2383286,19438,14469,9,14478,406
2020-06-23,Sacramento,067,1510023,3184,2374,2,2376,62
2020-06-23,San Benito,069,59416,235,167,0,167,2
2020-06-23,San Bernardino,071,2135413,15057,9771,7,9778,229
2020-06-23,San Diego,073,3302833,14557,11296,2,11298,341
2020-06-23,San Francisco,075,870044,3640,3177,1,3178,48
2020-06-23,San Joaquin,077,732212,3797,2502,4,2506,48
2020-06-23,San Luis Obispo,079,281455,637,445,3,448,1
2020-06-23,San Mateo,081,765935,3304,2907,4,2911,81
2020-06-23,Santa Barbara,083,443738,3515,2498,12,2510,22
2020-06-23,Santa Clara,085,1922200,4832,3700,7,3707,155
2020-06-23,Santa Cruz,087,273765,395,313,0,313,2
2020-06-23,Shasta,089,179085,157,81,0,81,5
2020-06-23,Sierra,091,2930,1,1,0,1,0
2020-06-23,Siskiyou,093,43540,29,24,0,24,0
2020-06-23,Solano,095,438530,1478,941,6,947,21
2020-06-23,Sonoma,097,501317,1212,912,3,915,4
2020-06-23,Stanislaus,099,539301,3070,1850,5,1855,35
2020-06-23,Sutter,101,95872,146,112,0,112,2
2020-06-23,Tehama,103,63373,79,50,2,52,1
2020-06-23,Trinity,105,12862,5,2,2,4,0
2020-06-23,Tulare,107,460477,4649,3456,4,3460,111
2020-06-23,Tuolumne,109,53932,28,9,1,10,0
2020-06-23,Ventura,111,848112,3255,2209,7,2216,40
2020-06-23,Yolo,113,214977,545,350,0,350,24
2020-06-23,Yuba,115,75493,54,35,0,35,1
2020-06-22,Alameda,001,1643700,5991,4944,6,4950,121
2020-06-22,Alpine,003,1148,2,1,0,1,0
2020-06-22,Amador,005,37829,19,12,0,12,0
2020-06-22,Butte,007,227075,181,104,7,111,1
2020-06-22,Calaveras,009,45235,38,20,0,20,0
2020-06-22,Colusa,011,21464,37,7,0,7,0
2020-06-22,Contra Costa,013,1133247,2961,2363,2,2365,60
2020-06-22,Del Norte,015,27424,48,46,0,46,0
2020-06-22,El Dorado,017,186661,209,137,0,137,0
2020-06-22,Fresno,019,978130,6928,3425,57,3482,67
2020-06-22,Glenn,021,27897,111,40,0,40,0
2020-06-22,Humboldt,023,135768,148,110,0,110,3
2020-06-22,Imperial,025,180216,7190,4700,5,4705,38
2020-06-22,Inyo,027,18085,29,26,0,26,1
2020-06-22,Kern,029,883053,6247,3982,12,3994,60
2020-06-22,Kings,031,150075,2387,1513,4,1517,13
2020-06-22,Lake,033,64148,54,37,0,37,0
2020-06-22,Lassen,035,31185,115,7,2,9,0
2020-06-22,Los Angeles,037,10098052,99808,85925,23,85948,3117
2020-06-22,Madera,039,155013,689,333,0,333,4
2020-06-22,Marin,041,260295,1717,1029,4,1033,17
2020-06-22,Mariposa,043,17540,25,18,0,18,1
2020-06-22,Mendocino,045,87422,74,48,0,48,0
2020-06-22,Merced,047,269075,1167,619,0,619,8
2020-06-22,Modoc,049,8938,1,0,0,0,0
2020-06-22,Mono,051,14174,42,34,0,34,1
2020-06-22,Monterey,053,433212,1709,1293,4,1297,12
2020-06-22,Napa,055,140530,334,222,0,222,3
2020-06-22,Nevada,057,99092,111,79,1,80,1
2020-06-22,Orange,059,3164182,17101,10711,119,10830,275
2020-06-22,Placer,061,380077,730,512,2,514,9
2020-06-22,Plumas,063,18699,7,6,0,6,0
2020-06-22,Riverside,065,2383286,18465,13948,9,13957,403
2020-06-22,Sacramento,067,1510023,2968,2243,2,2245,62
2020-06-22,San Benito,069,59416,226,164,0,164,2
2020-06-22,San Bernardino,071,2135413,14281,9133,7,9140,229
2020-06-22,San Diego,073,3302833,14066,11098,2,11100,338
2020-06-22,San Francisco,075,870044,3547,3000,1,3001,47
2020-06-22,San Joaquin,077,732212,3550,2332,4,2336,48
2020-06-22,San Luis Obispo,079,281455,605,422,3,425,1
2020-06-22,San Mateo,081,765935,3231,2813,4,2817,81
2020-06-22,Santa Barbara,083,443738,3423,2447,12,2459,21
2020-06-22,Santa Clara,085,1922200,4672,3580,7,3587,155
2020-06-22,Santa Cruz,087,273765,382,290,0,290,3
2020-06-22,Shasta,089,179085,154,77,0,77,5
2020-06-22,Sierra,091,2930,1,1,0,1,0
2020-06-22,Siskiyou,093,43540,29,23,0,23,0
2020-06-22,Solano,095,438530,1400,784,5,789,21
2020-06-22,Sonoma,097,501317,1167,860,1,861,4
2020-06-22,Stanislaus,099,539301,2885,1784,5,1789,35
2020-06-22,Sutter,101,95872,137,100,0,100,2
2020-06-22,Tehama,103,63373,75,38,2,40,1
2020-06-22,Trinity,105,12862,5,2,2,4,0
2020-06-22,Tulare,107,460477,4512,3185,4,3189,111
2020-06-22,Tuolumne,109,53932,19,8,1,9,0
2020-06-22,Ventura,111,848112,3106,2065,7,2072,39
2020-06-22,Yolo,113,214977,518,333,0,333,24
2020-06-22,Yuba,115,75493,49,36,0,36,1
2020-06-21,Alameda,001,1643700,5795,4835,6,4841,121
2020-06-21,Alpine,003,1148,2,1,0,1,0
2020-06-21,Amador,005,37829,14,12,0,12,0
2020-06-21,Butte,007,227075,167,97,7,104,1
2020-06-21,Calaveras,009,45235,38,20,0,20,0
2020-06-21,Colusa,011,21464,29,7,0,7,0
2020-06-21,Contra Costa,013,1133247,2835,2282,2,2284,60
2020-06-21,Del Norte,015,27424,47,46,0,46,0
2020-06-21,El Dorado,017,186661,200,132,0,132,0
2020-06-21,Fresno,019,978130,6358,3296,56,3352,67
2020-06-21,Glenn,021,27897,102,40,0,40,0
2020-06-21,Humboldt,023,135768,143,108,0,108,3
2020-06-21,Imperial,025,180216,7007,4701,5,4706,38
2020-06-21,Inyo,027,18085,27,26,0,26,1
2020-06-21,Kern,029,883053,5955,3918,11,3929,60
2020-06-21,Kings,031,150075,2324,1334,4,1338,11
2020-06-21,Lake,033,64148,49,36,0,36,0
2020-06-21,Lassen,035,31185,22,7,2,9,0
2020-06-21,Los Angeles,037,10098052,96927,83383,23,83406,3101
2020-06-21,Madera,039,155013,655,319,0,319,4
2020-06-21,Marin,041,260295,1560,907,4,911,17
2020-06-21,Mariposa,043,17540,22,18,0,18,1
2020-06-21,Mendocino,045,87422,71,48,0,48,0
2020-06-21,Merced,047,269075,1072,577,0,577,8
2020-06-21,Modoc,049,8938,1,0,0,0,0
2020-06-21,Mono,051,14174,42,34,0,34,1
2020-06-21,Monterey,053,433212,1636,1227,4,1231,12
2020-06-21,Napa,055,140530,319,218,0,218,3
2020-06-21,Nevada,057,99092,108,79,1,80,1
2020-06-21,Orange,059,3164182,16262,10563,115,10678,275
2020-06-21,Placer,061,380077,691,498,2,500,9
2020-06-21,Plumas,063,18699,7,6,0,6,0
2020-06-21,Riverside,065,2383286,17760,13528,8,13536,402
2020-06-21,Sacramento,067,1510023,2767,2156,2,2158,62
2020-06-21,San Benito,069,59416,212,151,0,151,2
2020-06-21,San Bernardino,071,2135413,13504,8925,6,8931,229
2020-06-21,San Diego,073,3302833,13521,10796,2,10798,338
2020-06-21,San Francisco,075,870044,3441,3000,1,3001,47
2020-06-21,San Joaquin,077,732212,3314,2188,4,2192,48
2020-06-21,San Luis Obispo,079,281455,580,418,3,421,1
2020-06-21,San Mateo,081,765935,3173,2781,4,2785,81
2020-06-21,Santa Barbara,083,443738,3316,2430,11,2441,21
2020-06-21,Santa Clara,085,1922200,4534,3514,7,3521,154
2020-06-21,Santa Cruz,087,273765,372,290,0,290,3
2020-06-21,Shasta,089,179085,144,75,0,75,5
2020-06-21,Sierra,091,2930,1,1,0,1,0
2020-06-21,Siskiyou,093,43540,29,23,0,23,0
2020-06-21,Solano,095,438530,1300,783,4,787,21
2020-06-21,Sonoma,097,501317,1117,836,1,837,4
2020-06-21,Stanislaus,099,539301,2699,1688,5,1693,35
2020-06-21,Sutter,101,95872,129,96,0,96,2
2020-06-21,Tehama,103,63373,64,35,2,37,1
2020-06-21,Trinity,105,12862,5,2,2,4,0
2020-06-21,Tulare,107,460477,4344,3173,4,3177,111
2020-06-21,Tuolumne,109,53932,17,8,1,9,0
2020-06-21,Ventura,111,848112,2928,2021,7,2028,39
2020-06-21,Yolo,113,214977,486,323,0,323,24
2020-06-21,Yuba,115,75493,45,35,0,35,1
2020-06-20,Alameda,001,1643700,5733,4758,6,4764,119
2020-06-20,Alpine,003,1148,2,1,0,1,0
2020-06-20,Amador,005,37829,14,12,0,12,0
2020-06-20,Butte,007,227075,160,94,7,101,1
2020-06-20,Calaveras,009,45235,38,20,0,20,0
2020-06-20,Colusa,011,21464,26,7,0,7,0
2020-06-20,Contra Costa,013,1133247,2777,2231,2,2233,54
2020-06-20,Del Norte,015,27424,47,46,0,46,0
2020-06-20,El Dorado,017,186661,195,130,0,130,0
2020-06-20,Fresno,019,978130,6233,3222,54,3276,67
2020-06-20,Glenn,021,27897,97,40,0,40,0
2020-06-20,Humboldt,023,135768,143,108,0,108,3
2020-06-20,Imperial,025,180216,6926,4616,5,4621,37
2020-06-20,Inyo,027,18085,27,26,0,26,1
2020-06-20,Kern,029,883053,5790,3836,11,3847,59
2020-06-20,Kings,031,150075,2300,1331,4,1335,9
2020-06-20,Lake,033,64148,49,37,0,37,0
2020-06-20,Lassen,035,31185,21,7,2,9,0
2020-06-20,Los Angeles,037,10098052,95355,81604,22,81626,3093
2020-06-20,Madera,039,155013,622,321,0,321,4
2020-06-20,Marin,041,260295,1540,879,4,883,17
2020-06-20,Mariposa,043,17540,22,18,0,18,1
2020-06-20,Mendocino,045,87422,70,48,0,48,0
2020-06-20,Merced,047,269075,1032,566,0,566,8
2020-06-20,Modoc,049,8938,1,0,0,0,0
2020-06-20,Mono,051,14174,42,34,0,34,1
2020-06-20,Monterey,053,433212,1600,1181,4,1185,12
2020-06-20,Napa,055,140530,310,212,0,212,3
2020-06-20,Nevada,057,99092,105,73,1,74,1
2020-06-20,Orange,059,3164182,15914,10284,111,10395,273
2020-06-20,Placer,061,380077,667,483,2,485,9
2020-06-20,Plumas,063,18699,6,6,0,6,0
2020-06-20,Riverside,065,2383286,17461,13021,8,13029,402
2020-06-20,Sacramento,067,1510023,2696,2069,2,2071,63
2020-06-20,San Benito,069,59416,208,139,0,139,2
2020-06-20,San Bernardino,071,2135413,13142,8718,6,8724,229
2020-06-20,San Diego,073,3302833,13198,10486,2,10488,338
2020-06-20,San Francisco,075,870044,3398,2999,1,3000,47
2020-06-20,San Joaquin,077,732212,3231,2046,4,2050,48
2020-06-20,San Luis Obispo,079,281455,567,405,3,408,1
2020-06-20,San Mateo,081,765935,3125,2755,4,2759,81
2020-06-20,Santa Barbara,083,443738,3260,2358,10,2368,21
2020-06-20,Santa Clara,085,1922200,4461,3435,7,3442,154
2020-06-20,Santa Cruz,087,273765,370,287,0,287,3
2020-06-20,Shasta,089,179085,138,66,0,66,5
2020-06-20,Sierra,091,2930,1,1,0,1,0
2020-06-20,Siskiyou,093,43540,28,22,0,22,0
2020-06-20,Solano,095,438530,1276,784,4,788,21
2020-06-20,Sonoma,097,501317,1081,806,1,807,4
2020-06-20,Stanislaus,099,539301,2591,1598,5,1603,35
2020-06-20,Sutter,101,95872,127,89,0,89,2
2020-06-20,Tehama,103,63373,62,35,2,37,1
2020-06-20,Trinity,105,12862,5,2,2,4,0
2020-06-20,Tulare,107,460477,4271,3172,4,3176,111
2020-06-20,Tuolumne,109,53932,14,8,1,9,0
2020-06-20,Ventura,111,848112,2863,1946,7,1953,37
2020-06-20,Yolo,113,214977,470,309,0,309,24
2020-06-20,Yuba,115,75493,43,34,0,34,1
2020-06-19,Alameda,001,1643700,5662,4646,6,4652,119
2020-06-19,Alpine,003,1148,2,1,0,1,0
2020-06-19,Amador,005,37829,14,12,0,12,0
2020-06-19,Butte,007,227075,155,91,7,98,1
2020-06-19,Calaveras,009,45235,37,20,0,20,0
2020-06-19,Colusa,011,21464,24,7,0,7,0
2020-06-19,Contra Costa,013,1133247,2697,2106,2,2108,54
2020-06-19,Del Norte,015,27424,47,46,0,46,0
2020-06-19,El Dorado,017,186661,186,124,0,124,0
2020-06-19,Fresno,019,978130,6071,3109,52,3161,61
2020-06-19,Glenn,021,27897,91,40,0,40,0
2020-06-19,Humboldt,023,135768,141,106,0,106,3
2020-06-19,Imperial,025,180216,6835,4504,5,4509,36
2020-06-19,Inyo,027,18085,27,26,0,26,1
2020-06-19,Kern,029,883053,5567,3742,10,3752,57
2020-06-19,Kings,031,150075,2279,1285,4,1289,9
2020-06-19,Lake,033,64148,46,36,0,36,0
2020-06-19,Lassen,035,31185,20,7,2,9,0
2020-06-19,Los Angeles,037,10098052,93375,79572,22,79594,3047
2020-06-19,Madera,039,155013,603,300,0,300,4
2020-06-19,Marin,041,260295,1511,829,4,833,17
2020-06-19,Mariposa,043,17540,21,18,0,18,1
2020-06-19,Mendocino,045,87422,69,48,0,48,0
2020-06-19,Merced,047,269075,987,529,0,529,8
2020-06-19,Modoc,049,8938,1,0,0,0,0
2020-06-19,Mono,051,14174,42,34,0,34,1
2020-06-19,Monterey,053,433212,1571,1159,4,1163,12
2020-06-19,Napa,055,140530,300,209,0,209,3
2020-06-19,Nevada,057,99092,102,71,1,72,1
2020-06-19,Orange,059,3164182,15389,9972,103,10075,260
2020-06-19,Placer,061,380077,649,464,2,466,9
2020-06-19,Plumas,063,18699,6,5,0,5,0
2020-06-19,Riverside,065,2383286,17056,12710,8,12718,398
2020-06-19,Sacramento,067,1510023,2613,1976,2,1978,64
2020-06-19,San Benito,069,59416,207,136,0,136,2
2020-06-19,San Bernardino,071,2135413,12736,8454,5,8459,226
2020-06-19,San Diego,073,3302833,12835,10352,2,10354,332
2020-06-19,San Francisco,075,870044,3343,2968,1,2969,47
2020-06-19,San Joaquin,077,732212,3108,1969,4,1973,48
2020-06-19,San Luis Obispo,079,281455,552,392,3,395,1
2020-06-19,San Mateo,081,765935,3086,2713,4,2717,81
2020-06-19,Santa Barbara,083,443738,3187,2284,8,2292,21
2020-06-19,Santa Clara,085,1922200,4386,3376,7,3383,154
2020-06-19,Santa Cruz,087,273765,360,283,0,283,3
2020-06-19,Shasta,089,179085,134,58,0,58,5
2020-06-19,Sierra,091,2930,1,1,0,1,0
2020-06-19,Siskiyou,093,43540,28,21,0,21,0
2020-06-19,Solano,095,438530,1238,755,4,759,21
2020-06-19,Sonoma,097,501317,1054,803,1,804,4
2020-06-19,Stanislaus,099,539301,2481,1549,5,1554,35
2020-06-19,Sutter,101,95872,126,89,0,89,2
2020-06-19,Tehama,103,63373,61,35,2,37,1
2020-06-19,Trinity,105,12862,5,2,2,4,0
2020-06-19,Tulare,107,460477,4199,3053,4,3057,107
2020-06-19,Tuolumne,109,53932,13,8,1,9,0
2020-06-19,Ventura,111,848112,2779,1865,7,1872,37
2020-06-19,Yolo,113,214977,451,303,0,303,24
2020-06-19,Yuba,115,75493,42,33,0,33,1
2020-06-18,Alameda,001,1643700,5533,4589,6,4595,118
2020-06-18,Alpine,003,1148,2,1,0,1,0
2020-06-18,Amador,005,37829,13,12,0,12,0
2020-06-18,Butte,007,227075,150,88,7,95,1
2020-06-18,Calaveras,009,45235,37,20,0,20,0
2020-06-18,Colusa,011,21464,20,7,0,7,0
2020-06-18,Contra Costa,013,1133247,2591,2072,2,2074,53
2020-06-18,Del Norte,015,27424,47,46,0,46,0
2020-06-18,El Dorado,017,186661,182,121,0,121,0
2020-06-18,Fresno,019,978130,5804,2947,51,2998,57
2020-06-18,Glenn,021,27897,82,35,0,35,0
2020-06-18,Humboldt,023,135768,140,106,0,106,3
2020-06-18,Imperial,025,180216,6686,4366,5,4371,36
2020-06-18,Inyo,027,18085,26,25,0,25,1
2020-06-18,Kern,029,883053,5349,3634,10,3644,57
2020-06-18,Kings,031,150075,2220,1141,4,1145,8
2020-06-18,Lake,033,64148,45,36,0,36,0
2020-06-18,Lassen,035,31185,19,5,2,7,0
2020-06-18,Los Angeles,037,10098052,91108,78244,22,78266,3009
2020-06-18,Madera,039,155013,568,288,0,288,4
2020-06-18,Marin,041,260295,1448,819,4,823,17
2020-06-18,Mariposa,043,17540,19,18,0,18,1
2020-06-18,Mendocino,045,87422,65,45,0,45,0
2020-06-18,Merced,047,269075,934,486,0,486,7
2020-06-18,Modoc,049,8938,1,0,0,0,0
2020-06-18,Mono,051,14174,42,34,0,34,1
2020-06-18,Monterey,053,433212,1504,1127,4,1131,12
2020-06-18,Napa,055,140530,285,205,0,205,3
2020-06-18,Nevada,057,99092,98,68,1,69,1
2020-06-18,Orange,059,3164182,14733,9597,84,9681,255
2020-06-18,Placer,061,380077,627,457,2,459,9
2020-06-18,Plumas,063,18699,6,5,0,5,0
2020-06-18,Riverside,065,2383286,16443,12410,8,12418,392
2020-06-18,Sacramento,067,1510023,2497,1938,2,1940,63
2020-06-18,San Benito,069,59416,201,134,0,134,2
2020-06-18,San Bernardino,071,2135413,12096,8141,5,8146,226
2020-06-18,San Diego,073,3302833,12413,10094,2,10096,331
2020-06-18,San Francisco,075,870044,3294,2951,1,2952,47
2020-06-18,San Joaquin,077,732212,2956,1908,4,1912,47
2020-06-18,San Luis Obispo,079,281455,533,378,3,381,1
2020-06-18,San Mateo,081,765935,3047,2674,4,2678,78
2020-06-18,Santa Barbara,083,443738,3113,2201,8,2209,19
2020-06-18,Santa Clara,085,1922200,4286,3338,7,3345,152
2020-06-18,Santa Cruz,087,273765,343,275,0,275,3
2020-06-18,Shasta,089,179085,123,51,0,51,4
2020-06-18,Sierra,091,2930,1,1,0,1,0
2020-06-18,Siskiyou,093,43540,28,18,0,18,0
2020-06-18,Solano,095,438530,1200,735,4,739,21
2020-06-18,Sonoma,097,501317,1012,789,1,790,4
2020-06-18,Stanislaus,099,539301,2347,1495,5,1500,35
2020-06-18,Sutter,101,95872,122,85,0,85,2
2020-06-18,Tehama,103,63373,56,31,2,33,1
2020-06-18,Trinity,105,12862,5,2,2,4,0
2020-06-18,Tulare,107,460477,4079,3005,4,3009,107
2020-06-18,Tuolumne,109,53932,12,8,1,9,0
2020-06-18,Ventura,111,848112,2653,1781,7,1788,37
2020-06-18,Yolo,113,214977,418,294,0,294,24
2020-06-18,Yuba,115,75493,41,32,0,32,1
2020-06-17,Alameda,001,1643700,5410,4485,6,4491,117
2020-06-17,Alpine,003,1148,2,1,0,1,0
2020-06-17,Amador,005,37829,12,10,0,10,0
2020-06-17,Butte,007,227075,141,81,7,88,1
2020-06-17,Calaveras,009,45235,37,20,0,20,0
2020-06-17,Colusa,011,21464,19,7,0,7,0
2020-06-17,Contra Costa,013,1133247,2494,2020,2,2022,45
2020-06-17,Del Norte,015,27424,47,45,0,45,0
2020-06-17,El Dorado,017,186661,175,116,0,116,0
2020-06-17,Fresno,019,978130,5580,2801,48,2849,56
2020-06-17,Glenn,021,27897,75,31,0,31,0
2020-06-17,Humboldt,023,135768,138,105,0,105,3
2020-06-17,Imperial,025,180216,6514,4108,5,4113,36
2020-06-17,Inyo,027,18085,25,25,0,25,1
2020-06-17,Kern,029,883053,5148,3547,10,3557,56
2020-06-17,Kings,031,150075,2190,1097,4,1101,7
2020-06-17,Lake,033,64148,44,32,0,32,0
2020-06-17,Lassen,035,31185,15,5,2,7,0
2020-06-17,Los Angeles,037,10098052,88801,77166,22,77188,2973
2020-06-17,Madera,039,155013,546,258,0,258,4
2020-06-17,Marin,041,260295,1256,771,3,774,17
2020-06-17,Mariposa,043,17540,18,18,0,18,1
2020-06-17,Mendocino,045,87422,63,42,0,42,0
2020-06-17,Merced,047,269075,862,460,0,460,7
2020-06-17,Modoc,049,8938,1,0,0,0,0
2020-06-17,Mono,051,14174,42,34,0,34,1
2020-06-17,Monterey,053,433212,1452,1077,4,1081,12
2020-06-17,Napa,055,140530,270,202,0,202,3
2020-06-17,Nevada,057,99092,94,57,1,58,1
2020-06-17,Orange,059,3164182,14130,9278,79,9357,230
2020-06-17,Placer,061,380077,605,427,2,429,9
2020-06-17,Plumas,063,18699,6,5,0,5,0
2020-06-17,Riverside,065,2383286,15810,11859,8,11867,370
2020-06-17,Sacramento,067,1510023,2390,1889,2,1891,63
2020-06-17,San Benito,069,59416,196,116,0,116,2
2020-06-17,San Bernardino,071,2135413,11544,7670,5,7675,225
2020-06-17,San Diego,073,3302833,12034,9856,2,9858,327
2020-06-17,San Francisco,075,870044,3255,2906,1,2907,46
2020-06-17,San Joaquin,077,732212,2784,1825,4,1829,46
2020-06-17,San Luis Obispo,079,281455,516,362,3,365,1
2020-06-17,San Mateo,081,765935,3000,2649,4,2653,78
2020-06-17,Santa Barbara,083,443738,3040,2147,6,2153,19
2020-06-17,Santa Clara,085,1922200,4195,3264,6,3270,148
2020-06-17,Santa Cruz,087,273765,337,265,0,265,2
2020-06-17,Shasta,089,179085,121,51,0,51,4
2020-06-17,Sierra,091,2930,1,1,0,1,0
2020-06-17,Siskiyou,093,43540,27,16,0,16,0
2020-06-17,Solano,095,438530,1150,722,4,726,21
2020-06-17,Sonoma,097,501317,986,748,1,749,4
2020-06-17,Stanislaus,099,539301,2224,1387,5,1392,35
2020-06-17,Sutter,101,95872,116,79,0,79,2
2020-06-17,Tehama,103,63373,41,24,2,26,1
2020-06-17,Trinity,105,12862,5,2,2,4,0
2020-06-17,Tulare,107,460477,3970,2882,4,2886,106
2020-06-17,Tuolumne,109,53932,12,7,1,8,0
2020-06-17,Ventura,111,848112,2553,1729,7,1736,37
2020-06-17,Yolo,113,214977,398,277,0,277,24
2020-06-17,Yuba,115,75493,40,30,0,30,1
2020-06-16,Alameda,001,1643700,5294,4428,6,4434,113
2020-06-16,Alpine,003,1148,2,1,0,1,0
2020-06-16,Amador,005,37829,12,10,0,10,0
2020-06-16,Butte,007,227075,137,79,7,86,1
2020-06-16,Calaveras,009,45235,34,19,0,19,0
2020-06-16,Colusa,011,21464,16,7,0,7,0
2020-06-16,Contra Costa,013,1133247,2403,1971,1,1972,45
2020-06-16,Del Norte,015,27424,47,45,0,45,0
2020-06-16,El Dorado,017,186661,169,115,0,115,0
2020-06-16,Fresno,019,978130,5343,2731,47,2778,50
2020-06-16,Glenn,021,27897,71,30,0,30,0
2020-06-16,Humboldt,023,135768,135,105,0,105,3
2020-06-16,Imperial,025,180216,6355,3939,5,3944,36
2020-06-16,Inyo,027,18085,25,24,0,24,1
2020-06-16,Kern,029,883053,4924,3496,10,3506,55
2020-06-16,Kings,031,150075,2144,1044,4,1048,6
2020-06-16,Lake,033,64148,44,31,0,31,0
2020-06-16,Lassen,035,31185,12,5,2,7,0
2020-06-16,Los Angeles,037,10098052,86479,75051,22,75073,2942
2020-06-16,Madera,039,155013,520,239,0,239,3
2020-06-16,Marin,041,260295,1203,725,3,728,17
2020-06-16,Mariposa,043,17540,18,17,0,17,1
2020-06-16,Mendocino,045,87422,62,35,0,35,0
2020-06-16,Merced,047,269075,814,436,0,436,7
2020-06-16,Modoc,049,8938,1,0,0,0,0
2020-06-16,Mono,051,14174,42,34,0,34,1
2020-06-16,Monterey,053,433212,1404,1019,4,1023,12
2020-06-16,Napa,055,140530,255,196,0,196,3
2020-06-16,Nevada,057,99092,91,53,1,54,1
2020-06-16,Orange,059,3164182,13547,9163,77,9240,223
2020-06-16,Placer,061,380077,571,392,2,394,9
2020-06-16,Plumas,063,18699,6,5,0,5,0
2020-06-16,Riverside,065,2383286,15135,11638,8,11646,364
2020-06-16,Sacramento,067,1510023,2281,1825,2,1827,60
2020-06-16,San Benito,069,59416,188,110,0,110,2
2020-06-16,San Bernardino,071,2135413,11002,7463,5,7468,225
2020-06-16,San Diego,073,3302833,11672,9732,1,9733,323
2020-06-16,San Francisco,075,870044,3204,2893,1,2894,46
2020-06-16,San Joaquin,077,732212,2632,1718,4,1722,47
2020-06-16,San Luis Obispo,079,281455,493,343,3,346,1
2020-06-16,San Mateo,081,765935,2946,2618,4,2622,77
2020-06-16,Santa Barbara,083,443738,2973,2090,6,2096,16
2020-06-16,Santa Clara,085,1922200,4088,3228,5,3233,148
2020-06-16,Santa Cruz,087,273765,321,257,0,257,2
2020-06-16,Shasta,089,179085,112,51,0,51,4
2020-06-16,Sierra,091,2930,1,1,0,1,0
2020-06-16,Siskiyou,093,43540,26,15,0,15,0
2020-06-16,Solano,095,438530,1060,694,4,698,19
2020-06-16,Sonoma,097,501317,954,739,1,740,4
2020-06-16,Stanislaus,099,539301,2071,1278,5,1283,36
2020-06-16,Sutter,101,95872,109,73,0,73,2
2020-06-16,Tehama,103,63373,37,24,2,26,1
2020-06-16,Trinity,105,12862,5,2,2,4,0
2020-06-16,Tulare,107,460477,3852,2802,4,2806,96
2020-06-16,Tuolumne,109,53932,12,7,1,8,0
2020-06-16,Ventura,111,848112,2452,1676,7,1683,37
2020-06-16,Yolo,113,214977,374,262,0,262,24
2020-06-16,Yuba,115,75493,39,29,0,29,1
2020-06-15,Alameda,001,1643700,5169,4323,6,4329,112
2020-06-15,Alpine,003,1148,2,1,0,1,0
2020-06-15,Amador,005,37829,12,10,0,10,0
2020-06-15,Butte,007,227075,129,78,7,85,1
2020-06-15,Calaveras,009,45235,34,18,0,18,0
2020-06-15,Colusa,011,21464,14,7,0,7,0
2020-06-15,Contra Costa,013,1133247,2326,1918,1,1919,43
2020-06-15,Del Norte,015,27424,47,45,0,45,0
2020-06-15,El Dorado,017,186661,159,114,0,114,0
2020-06-15,Fresno,019,978130,5131,2616,46,2662,48
2020-06-15,Glenn,021,27897,66,21,0,21,0
2020-06-15,Humboldt,023,135768,133,105,0,105,3
2020-06-15,Imperial,025,180216,6180,3726,5,3731,36
2020-06-15,Inyo,027,18085,25,23,0,23,1
2020-06-15,Kern,029,883053,4700,3417,10,3427,55
2020-06-15,Kings,031,150075,2067,1022,4,1026,6
2020-06-15,Lake,033,64148,44,31,0,31,0
2020-06-15,Lassen,035,31185,12,5,2,7,0
2020-06-15,Los Angeles,037,10098052,84291,73705,22,73727,2908
2020-06-15,Madera,039,155013,498,203,0,203,3
2020-06-15,Marin,041,260295,1036,708,3,711,17
2020-06-15,Mariposa,043,17540,18,17,0,17,1
2020-06-15,Mendocino,045,87422,53,33,0,33,0
2020-06-15,Merced,047,269075,768,414,0,414,7
2020-06-15,Modoc,049,8938,1,0,0,0,0
2020-06-15,Mono,051,14174,42,34,0,34,1
2020-06-15,Monterey,053,433212,1338,998,4,1002,12
2020-06-15,Napa,055,140530,247,187,0,187,3
2020-06-15,Nevada,057,99092,85,52,1,53,1
2020-06-15,Orange,059,3164182,12981,8944,70,9014,212
2020-06-15,Placer,061,380077,550,386,2,388,9
2020-06-15,Plumas,063,18699,6,4,0,4,0
2020-06-15,Riverside,065,2383286,14513,11376,8,11384,364
2020-06-15,Sacramento,067,1510023,2165,1791,2,1793,60
2020-06-15,San Benito,069,59416,182,108,0,108,2
2020-06-15,San Bernardino,071,2135413,10497,7189,5,7194,224
2020-06-15,San Diego,073,3302833,11332,9612,1,9613,320
2020-06-15,San Francisco,075,870044,3160,2833,1,2834,45
2020-06-15,San Joaquin,077,732212,2496,1667,4,1671,43
2020-06-15,San Luis Obispo,079,281455,480,332,3,335,1
2020-06-15,San Mateo,081,765935,2899,2591,4,2595,75
2020-06-15,Santa Barbara,083,443738,2905,2054,6,2060,16
2020-06-15,Santa Clara,085,1922200,3988,3204,5,3209,148
2020-06-15,Santa Cruz,087,273765,310,254,0,254,2
2020-06-15,Shasta,089,179085,106,50,0,50,4
2020-06-15,Sierra,091,2930,1,1,0,1,0
2020-06-15,Siskiyou,093,43540,25,14,0,14,0
2020-06-15,Solano,095,438530,1000,638,4,642,19
2020-06-15,Sonoma,097,501317,925,726,1,727,4
2020-06-15,Stanislaus,099,539301,1954,1253,5,1258,35
2020-06-15,Sutter,101,95872,99,71,0,71,2
2020-06-15,Tehama,103,63373,37,17,2,19,1
2020-06-15,Trinity,105,12862,4,2,2,4,0
2020-06-15,Tulare,107,460477,3738,2662,4,2666,96
2020-06-15,Tuolumne,109,53932,11,7,1,8,0
2020-06-15,Ventura,111,848112,2371,1656,7,1663,37
2020-06-15,Yolo,113,214977,354,255,0,255,24
2020-06-15,Yuba,115,75493,39,28,0,28,1
2020-06-14,Alameda,001,1643700,5024,4271,6,4277,112
2020-06-14,Alpine,003,1148,2,1,0,1,0
2020-06-14,Amador,005,37829,12,10,0,10,0
2020-06-14,Butte,007,227075,121,78,7,85,1
2020-06-14,Calaveras,009,45235,33,18,0,18,0
2020-06-14,Colusa,011,21464,13,7,0,7,0
2020-06-14,Contra Costa,013,1133247,2257,1893,1,1894,43
2020-06-14,Del Norte,015,27424,47,45,0,45,0
2020-06-14,El Dorado,017,186661,155,110,0,110,0
2020-06-14,Fresno,019,978130,4946,2585,45,2630,48
2020-06-14,Glenn,021,27897,51,21,0,21,0
2020-06-14,Humboldt,023,135768,129,105,0,105,3
2020-06-14,Imperial,025,180216,5948,3730,5,3735,36
2020-06-14,Inyo,027,18085,24,23,0,23,1
2020-06-14,Kern,029,883053,4489,3328,10,3338,55
2020-06-14,Kings,031,150075,2016,1022,4,1026,6
2020-06-14,Lake,033,64148,41,31,0,31,0
2020-06-14,Lassen,035,31185,12,5,2,7,0
2020-06-14,Los Angeles,037,10098052,81964,72932,22,72954,2887
2020-06-14,Madera,039,155013,480,203,0,203,3
2020-06-14,Marin,041,260295,871,689,2,691,17
2020-06-14,Mariposa,043,17540,18,16,0,16,1
2020-06-14,Mendocino,045,87422,50,33,0,33,0
2020-06-14,Merced,047,269075,717,403,0,403,7
2020-06-14,Modoc,049,8938,1,0,0,0,0
2020-06-14,Mono,051,14174,42,34,0,34,1
2020-06-14,Monterey,053,433212,1277,949,4,953,12
2020-06-14,Napa,055,140530,225,181,0,181,3
2020-06-14,Nevada,057,99092,81,52,1,53,1
2020-06-14,Orange,059,3164182,12555,8744,67,8811,211
2020-06-14,Placer,061,380077,524,369,2,371,9
2020-06-14,Plumas,063,18699,5,4,0,4,0
2020-06-14,Riverside,065,2383286,14070,11218,8,11226,364
2020-06-14,Sacramento,067,1510023,2078,1750,2,1752,60
2020-06-14,San Benito,069,59416,171,104,0,104,2
2020-06-14,San Bernardino,071,2135413,9956,7015,5,7020,224
2020-06-14,San Diego,073,3302833,10957,9442,1,9443,319
2020-06-14,San Francisco,075,870044,3120,2834,1,2835,45
2020-06-14,San Joaquin,077,732212,2345,1603,4,1607,43
2020-06-14,San Luis Obispo,079,281455,465,330,3,333,1
2020-06-14,San Mateo,081,765935,2842,2571,4,2575,75
2020-06-14,Santa Barbara,083,443738,2828,2049,6,2055,17
2020-06-14,Santa Clara,085,1922200,3895,3178,5,3183,148
2020-06-14,Santa Cruz,087,273765,296,254,0,254,2
2020-06-14,Shasta,089,179085,100,48,0,48,4
2020-06-14,Sierra,091,2930,1,1,0,1,0
2020-06-14,Siskiyou,093,43540,24,13,0,13,0
2020-06-14,Solano,095,438530,951,638,4,642,19
2020-06-14,Sonoma,097,501317,897,724,1,725,4
2020-06-14,Stanislaus,099,539301,1806,1159,5,1164,35
2020-06-14,Sutter,101,95872,94,63,0,63,2
2020-06-14,Tehama,103,63373,34,17,2,19,1
2020-06-14,Trinity,105,12862,4,2,2,4,0
2020-06-14,Tulare,107,460477,3606,2646,4,2650,96
2020-06-14,Tuolumne,109,53932,11,7,1,8,0
2020-06-14,Ventura,111,848112,2273,1610,6,1616,37
2020-06-14,Yolo,113,214977,338,254,0,254,24
2020-06-14,Yuba,115,75493,38,28,0,28,1
2020-06-13,Alameda,001,1643700,4961,4196,6,4202,112
2020-06-13,Alpine,003,1148,2,1,0,1,0
2020-06-13,Amador,005,37829,11,10,0,10,0
2020-06-13,Butte,007,227075,112,72,7,79,1
2020-06-13,Calaveras,009,45235,31,18,0,18,0
2020-06-13,Colusa,011,21464,12,7,0,7,0
2020-06-13,Contra Costa,013,1133247,2221,1868,1,1869,43
2020-06-13,Del Norte,015,27424,47,45,0,45,0
2020-06-13,El Dorado,017,186661,151,110,0,110,0
2020-06-13,Fresno,019,978130,4848,2499,45,2544,48
2020-06-13,Glenn,021,27897,49,21,0,21,0
2020-06-13,Humboldt,023,135768,128,104,0,104,3
2020-06-13,Imperial,025,180216,5875,3646,5,3651,36
2020-06-13,Inyo,027,18085,24,23,0,23,1
2020-06-13,Kern,029,883053,4380,3239,10,3249,55
2020-06-13,Kings,031,150075,1996,1023,4,1027,6
2020-06-13,Lake,033,64148,40,29,0,29,0
2020-06-13,Lassen,035,31185,12,5,2,7,0
2020-06-13,Los Angeles,037,10098052,80925,71938,21,71959,2874
2020-06-13,Madera,039,155013,476,203,0,203,3
2020-06-13,Marin,041,260295,840,677,2,679,17
2020-06-13,Mariposa,043,17540,18,16,0,16,1
2020-06-13,Mendocino,045,87422,50,33,0,33,0
2020-06-13,Merced,047,269075,699,376,0,376,7
2020-06-13,Modoc,049,8938,1,0,0,0,0
2020-06-13,Mono,051,14174,42,35,0,35,1
2020-06-13,Monterey,053,433212,1239,900,4,904,11
2020-06-13,Napa,055,140530,222,171,0,171,3
2020-06-13,Nevada,057,99092,79,52,1,53,1
2020-06-13,Orange,059,3164182,12312,8581,63,8644,211
2020-06-13,Placer,061,380077,507,346,2,348,9
2020-06-13,Plumas,063,18699,5,4,0,4,0
2020-06-13,Riverside,065,2383286,13790,10931,8,10939,364
2020-06-13,Sacramento,067,1510023,2024,1713,2,1715,60
2020-06-13,San Benito,069,59416,164,99,0,99,2
2020-06-13,San Bernardino,071,2135413,9731,6885,5,6890,224
2020-06-13,San Diego,073,3302833,10785,9316,1,9317,319
2020-06-13,San Francisco,075,870044,3100,2834,1,2835,44
2020-06-13,San Joaquin,077,732212,2264,1461,4,1465,43
2020-06-13,San Luis Obispo,079,281455,454,326,3,329,1
2020-06-13,San Mateo,081,765935,2819,2551,4,2555,75
2020-06-13,Santa Barbara,083,443738,2770,1999,6,2005,15
2020-06-13,Santa Clara,085,1922200,3853,3141,5,3146,148
2020-06-13,Santa Cruz,087,273765,290,254,0,254,2
2020-06-13,Shasta,089,179085,98,48,0,48,4
2020-06-13,Sierra,091,2930,1,1,0,1,0
2020-06-13,Siskiyou,093,43540,24,13,0,13,0
2020-06-13,Solano,095,438530,923,637,4,641,19
2020-06-13,Sonoma,097,501317,882,711,1,712,4
2020-06-13,Stanislaus,099,539301,1749,1122,5,1127,33
2020-06-13,Sutter,101,95872,93,62,0,62,2
2020-06-13,Tehama,103,63373,33,17,2,19,1
2020-06-13,Trinity,105,12862,4,2,2,4,0
2020-06-13,Tulare,107,460477,3574,2626,4,2630,96
2020-06-13,Tuolumne,109,53932,10,7,1,8,0
2020-06-13,Ventura,111,848112,2227,1567,6,1573,37
2020-06-13,Yolo,113,214977,317,251,0,251,24
2020-06-13,Yuba,115,75493,38,28,0,28,1
2020-06-12,Alameda,001,1643700,4888,4167,6,4173,109
2020-06-12,Alpine,003,1148,2,1,0,1,0
2020-06-12,Amador,005,37829,11,10,0,10,0
2020-06-12,Butte,007,227075,108,71,7,78,1
2020-06-12,Calaveras,009,45235,28,18,0,18,0
2020-06-12,Colusa,011,21464,12,7,0,7,0
2020-06-12,Contra Costa,013,1133247,2184,1827,1,1828,43
2020-06-12,Del Norte,015,27424,47,45,0,45,0
2020-06-12,El Dorado,017,186661,151,110,0,110,0
2020-06-12,Fresno,019,978130,4712,2428,45,2473,47
2020-06-12,Glenn,021,27897,46,21,0,21,0
2020-06-12,Humboldt,023,135768,126,105,0,105,3
2020-06-12,Imperial,025,180216,5791,3543,5,3548,36
2020-06-12,Inyo,027,18085,24,23,0,23,1
2020-06-12,Kern,029,883053,4263,3152,10,3162,54
2020-06-12,Kings,031,150075,1983,987,4,991,6
2020-06-12,Lake,033,64148,39,29,0,29,0
2020-06-12,Lassen,035,31185,12,5,2,7,0
2020-06-12,Los Angeles,037,10098052,79517,70385,21,70406,2814
2020-06-12,Madera,039,155013,451,187,0,187,3
2020-06-12,Marin,041,260295,837,649,2,651,17
2020-06-12,Mariposa,043,17540,18,16,0,16,1
2020-06-12,Mendocino,045,87422,50,33,0,33,0
2020-06-12,Merced,047,269075,664,372,0,372,7
2020-06-12,Modoc,049,8938,1,0,0,0,0
2020-06-12,Mono,051,14174,39,35,0,35,1
2020-06-12,Monterey,053,433212,1198,864,3,867,11
2020-06-12,Napa,055,140530,219,162,0,162,3
2020-06-12,Nevada,057,99092,73,52,1,53,1
2020-06-12,Orange,059,3164182,12007,8440,62,8502,203
2020-06-12,Placer,061,380077,491,333,2,335,9
2020-06-12,Plumas,063,18699,5,4,0,4,0
2020-06-12,Riverside,065,2383286,13453,10616,8,10624,364
2020-06-12,Sacramento,067,1510023,1969,1702,2,1704,60
2020-06-12,San Benito,069,59416,157,96,0,96,2
2020-06-12,San Bernardino,071,2135413,9463,6707,5,6712,223
2020-06-12,San Diego,073,3302833,10615,9132,1,9133,313
2020-06-12,San Francisco,075,870044,3066,2823,1,2824,44
2020-06-12,San Joaquin,077,732212,2184,1406,4,1410,43
2020-06-12,San Luis Obispo,079,281455,438,321,3,324,1
2020-06-12,San Mateo,081,765935,2784,2533,4,2537,75
2020-06-12,Santa Barbara,083,443738,2716,1969,6,1975,14
2020-06-12,Santa Clara,085,1922200,3811,3099,5,3104,149
2020-06-12,Santa Cruz,087,273765,282,251,0,251,2
2020-06-12,Shasta,089,179085,91,48,0,48,5
2020-06-12,Sierra,091,2930,1,1,0,1,0
2020-06-12,Siskiyou,093,43540,24,13,0,13,0
2020-06-12,Solano,095,438530,909,620,4,624,19
2020-06-12,Sonoma,097,501317,863,696,1,697,4
2020-06-12,Stanislaus,099,539301,1690,1092,5,1097,33
2020-06-12,Sutter,101,95872,92,56,0,56,2
2020-06-12,Tehama,103,63373,32,13,2,15,1
2020-06-12,Trinity,105,12862,4,2,2,4,0
2020-06-12,Tulare,107,460477,3520,2552,4,2556,95
2020-06-12,Tuolumne,109,53932,10,7,1,8,0
2020-06-12,Ventura,111,848112,2175,1534,6,1540,35
2020-06-12,Yolo,113,214977,305,243,0,243,24
2020-06-12,Yuba,115,75493,36,27,0,27,1
2020-06-11,Alameda,001,1643700,4758,4073,5,4078,108
2020-06-11,Alpine,003,1148,2,1,0,1,0
2020-06-11,Amador,005,37829,10,10,0,10,0
2020-06-11,Butte,007,227075,102,72,7,79,1
2020-06-11,Calaveras,009,45235,27,16,0,16,0
2020-06-11,Colusa,011,21464,12,7,0,7,0
2020-06-11,Contra Costa,013,1133247,2131,1797,1,1798,43
2020-06-11,Del Norte,015,27424,47,45,0,45,0
2020-06-11,El Dorado,017,186661,143,109,0,109,0
2020-06-11,Fresno,019,978130,4557,2338,45,2383,45
2020-06-11,Glenn,021,27897,42,21,0,21,0
2020-06-11,Humboldt,023,135768,122,113,0,113,3
2020-06-11,Imperial,025,180216,5635,3463,5,3468,36
2020-06-11,Inyo,027,18085,22,23,0,23,1
2020-06-11,Kern,029,883053,4111,3047,8,3055,54
2020-06-11,Kings,031,150075,1949,963,4,967,6
2020-06-11,Lake,033,64148,39,28,0,28,0
2020-06-11,Lassen,035,31185,12,5,2,7,0
2020-06-11,Los Angeles,037,10098052,77850,68807,20,68827,2800
2020-06-11,Madera,039,155013,433,178,0,178,3
2020-06-11,Marin,041,260295,789,637,2,639,17
2020-06-11,Mariposa,043,17540,18,16,0,16,1
2020-06-11,Mendocino,045,87422,41,35,0,35,0
2020-06-11,Merced,047,269075,624,370,0,370,7
2020-06-11,Modoc,049,8938,1,0,0,0,0
2020-06-11,Mono,051,14174,39,35,0,35,1
2020-06-11,Monterey,053,433212,1151,813,3,816,11
2020-06-11,Napa,055,140530,210,162,0,162,3
2020-06-11,Nevada,057,99092,67,50,1,51,1
2020-06-11,Orange,059,3164182,11699,8304,61,8365,188
2020-06-11,Placer,061,380077,471,321,2,323,9
2020-06-11,Plumas,063,18699,5,4,0,4,0
2020-06-11,Riverside,065,2383286,13101,10014,8,10022,361
2020-06-11,Sacramento,067,1510023,1921,1669,2,1671,60
2020-06-11,San Benito,069,59416,151,94,0,94,2
2020-06-11,San Bernardino,071,2135413,9166,6509,5,6514,221
2020-06-11,San Diego,073,3302833,10385,9000,0,9000,308
2020-06-11,San Francisco,075,870044,3037,2766,1,2767,44
2020-06-11,San Joaquin,077,732212,2072,1351,4,1355,43
2020-06-11,San Luis Obispo,079,281455,424,307,3,310,1
2020-06-11,San Mateo,081,765935,2746,2499,4,2503,74
2020-06-11,Santa Barbara,083,443738,2651,1895,6,1901,14
2020-06-11,Santa Clara,085,1922200,3745,3049,5,3054,149
2020-06-11,Santa Cruz,087,273765,278,247,0,247,2
2020-06-11,Shasta,089,179085,84,47,0,47,5
2020-06-11,Sierra,091,2930,1,1,0,1,0
2020-06-11,Siskiyou,093,43540,24,14,0,14,0
2020-06-11,Solano,095,438530,883,616,4,620,19
2020-06-11,Sonoma,097,501317,840,682,1,683,4
2020-06-11,Stanislaus,099,539301,1599,1062,5,1067,30
2020-06-11,Sutter,101,95872,89,56,0,56,2
2020-06-11,Tehama,103,63373,27,10,2,12,1
2020-06-11,Trinity,105,12862,3,2,2,4,0
2020-06-11,Tulare,107,460477,3422,2473,4,2477,95
2020-06-11,Tuolumne,109,53932,10,7,1,8,0
2020-06-11,Ventura,111,848112,2098,1491,6,1497,34
2020-06-11,Yolo,113,214977,297,230,0,230,24
2020-06-11,Yuba,115,75493,36,27,0,27,1
2020-06-10,Alameda,001,1643700,4658,4027,4,4031,107
2020-06-10,Alpine,003,1148,2,1,0,1,0
2020-06-10,Amador,005,37829,10,10,0,10,0
2020-06-10,Butte,007,227075,99,71,7,78,1
2020-06-10,Calaveras,009,45235,27,16,0,16,0
2020-06-10,Colusa,011,21464,11,7,0,7,0
2020-06-10,Contra Costa,013,1133247,2087,1778,1,1779,43
2020-06-10,Del Norte,015,27424,47,45,0,45,0
2020-06-10,El Dorado,017,186661,140,109,0,109,0
2020-06-10,Fresno,019,978130,4381,2324,45,2369,45
2020-06-10,Glenn,021,27897,39,21,0,21,0
2020-06-10,Humboldt,023,135768,118,112,0,112,3
2020-06-10,Imperial,025,180216,5487,3454,5,3459,36
2020-06-10,Inyo,027,18085,22,23,0,23,1
2020-06-10,Kern,029,883053,3986,3000,8,3008,54
2020-06-10,Kings,031,150075,1902,952,3,955,6
2020-06-10,Lake,033,64148,39,28,0,28,0
2020-06-10,Lassen,035,31185,12,5,2,7,0
2020-06-10,Los Angeles,037,10098052,76329,67018,20,67038,2752
2020-06-10,Madera,039,155013,419,176,0,176,3
2020-06-10,Marin,041,260295,757,633,2,635,17
2020-06-10,Mariposa,043,17540,17,16,0,16,1
2020-06-10,Mendocino,045,87422,40,35,0,35,0
2020-06-10,Merced,047,269075,591,370,0,370,7
2020-06-10,Modoc,049,8938,1,0,0,0,0
2020-06-10,Mono,051,14174,39,35,0,35,1
2020-06-10,Monterey,053,433212,1097,791,3,794,11
2020-06-10,Napa,055,140530,207,159,0,159,3
2020-06-10,Nevada,057,99092,65,50,1,51,1
2020-06-10,Orange,059,3164182,11423,8222,58,8280,184
2020-06-10,Placer,061,380077,445,309,2,311,9
2020-06-10,Plumas,063,18699,5,4,0,4,0
2020-06-10,Riverside,065,2383286,12778,9857,8,9865,361
2020-06-10,Sacramento,067,1510023,1882,1643,2,1645,59
2020-06-10,San Benito,069,59416,142,94,0,94,2
2020-06-10,San Bernardino,071,2135413,8874,6438,5,6443,219
2020-06-10,San Diego,073,3302833,10221,8839,0,8839,305
2020-06-10,San Francisco,075,870044,3012,2774,1,2775,44
2020-06-10,San Joaquin,077,732212,1943,1282,4,1286,41
2020-06-10,San Luis Obispo,079,281455,405,306,3,309,1
2020-06-10,San Mateo,081,765935,2705,2492,4,2496,74
2020-06-10,Santa Barbara,083,443738,2595,1878,6,1884,13
2020-06-10,Santa Clara,085,1922200,3694,3032,5,3037,149
2020-06-10,Santa Cruz,087,273765,274,242,0,242,2
2020-06-10,Shasta,089,179085,79,45,0,45,5
2020-06-10,Sierra,091,2930,1,1,0,1,0
2020-06-10,Siskiyou,093,43540,24,14,0,14,0
2020-06-10,Solano,095,438530,847,608,4,612,19
2020-06-10,Sonoma,097,501317,822,673,1,674,4
2020-06-10,Stanislaus,099,539301,1509,1030,5,1035,29
2020-06-10,Sutter,101,95872,88,56,0,56,2
2020-06-10,Tehama,103,63373,25,10,2,12,1
2020-06-10,Trinity,105,12862,3,2,2,4,0
2020-06-10,Tulare,107,460477,3330,2455,4,2459,95
2020-06-10,Tuolumne,109,53932,10,7,1,8,0
2020-06-10,Ventura,111,848112,2052,1446,5,1451,34
2020-06-10,Yolo,113,214977,289,226,0,226,24
2020-06-10,Yuba,115,75493,35,27,0,27,1
2020-06-09,Alameda,001,1643700,4548,3963,4,3967,103
2020-06-09,Alpine,003,1148,2,1,0,1,0
2020-06-09,Amador,005,37829,10,10,0,10,0
2020-06-09,Butte,007,227075,98,70,7,77,1
2020-06-09,Calaveras,009,45235,27,16,0,16,0
2020-06-09,Colusa,011,21464,10,7,0,7,0
2020-06-09,Contra Costa,013,1133247,2046,1744,1,1745,42
2020-06-09,Del Norte,015,27424,47,45,0,45,0
2020-06-09,El Dorado,017,186661,134,108,0,108,0
2020-06-09,Fresno,019,978130,4229,2278,45,2323,43
2020-06-09,Glenn,021,27897,38,19,0,19,0
2020-06-09,Humboldt,023,135768,116,113,0,113,2
2020-06-09,Imperial,025,180216,5335,3067,5,3072,36
2020-06-09,Inyo,027,18085,22,22,0,22,1
2020-06-09,Kern,029,883053,3858,2920,8,2928,51
2020-06-09,Kings,031,150075,1870,934,3,937,6
2020-06-09,Lake,033,64148,39,28,0,28,0
2020-06-09,Lassen,035,31185,12,5,2,7,0
2020-06-09,Los Angeles,037,10098052,74671,65827,20,65847,2692
2020-06-09,Madera,039,155013,404,172,0,172,3
2020-06-09,Marin,041,260295,721,616,2,618,17
2020-06-09,Mariposa,043,17540,17,16,0,16,1
2020-06-09,Mendocino,045,87422,36,35,0,35,0
2020-06-09,Merced,047,269075,562,349,0,349,7
2020-06-09,Modoc,049,8938,1,0,0,0,0
2020-06-09,Mono,051,14174,39,35,0,35,1
2020-06-09,Monterey,053,433212,1056,772,3,775,11
2020-06-09,Napa,055,140530,197,156,0,156,3
2020-06-09,Nevada,057,99092,57,50,1,51,1
2020-06-09,Orange,059,3164182,11182,7991,56,8047,174
2020-06-09,Placer,061,380077,432,301,2,303,9
2020-06-09,Plumas,063,18699,5,4,0,4,0
2020-06-09,Riverside,065,2383286,12400,9511,8,9519,354
2020-06-09,Sacramento,067,1510023,1828,1625,2,1627,59
2020-06-09,San Benito,069,59416,136,95,0,95,2
2020-06-09,San Bernardino,071,2135413,8550,6268,4,6272,217
2020-06-09,San Diego,073,3302833,10036,8731,0,8731,301
2020-06-09,San Francisco,075,870044,2987,2749,1,2750,44
2020-06-09,San Joaquin,077,732212,1837,1240,4,1244,41
2020-06-09,San Luis Obispo,079,281455,392,301,2,303,1
2020-06-09,San Mateo,081,765935,2674,2463,4,2467,74
2020-06-09,Santa Barbara,083,443738,2533,1854,6,1860,13
2020-06-09,Santa Clara,085,1922200,3627,3006,5,3011,147
2020-06-09,Santa Cruz,087,273765,268,237,0,237,2
2020-06-09,Shasta,089,179085,75,44,0,44,4
2020-06-09,Sierra,091,2930,1,1,0,1,0
2020-06-09,Siskiyou,093,43540,19,10,0,10,0
2020-06-09,Solano,095,438530,812,596,4,600,18
2020-06-09,Sonoma,097,501317,799,661,1,662,4
2020-06-09,Stanislaus,099,539301,1408,993,5,998,25
2020-06-09,Sutter,101,95872,85,56,0,56,2
2020-06-09,Tehama,103,63373,25,9,2,11,1
2020-06-09,Trinity,105,12862,3,2,2,4,0
2020-06-09,Tulare,107,460477,3264,2393,4,2397,91
2020-06-09,Tuolumne,109,53932,10,8,1,9,0
2020-06-09,Ventura,111,848112,1986,1407,5,1412,34
2020-06-09,Yolo,113,214977,278,226,0,226,24
2020-06-09,Yuba,115,75493,34,27,0,27,1
2020-06-08,Alameda,001,1643700,4468,3937,4,3941,103
2020-06-08,Alpine,003,1148,2,1,0,1,0
2020-06-08,Amador,005,37829,10,10,0,10,0
2020-06-08,Butte,007,227075,94,68,7,75,1
2020-06-08,Calaveras,009,45235,27,16,0,16,0
2020-06-08,Colusa,011,21464,9,7,0,7,0
2020-06-08,Contra Costa,013,1133247,2003,1714,1,1715,41
2020-06-08,Del Norte,015,27424,47,45,0,45,0
2020-06-08,El Dorado,017,186661,130,107,0,107,0
2020-06-08,Fresno,019,978130,4104,2194,44,2238,42
2020-06-08,Glenn,021,27897,36,17,0,17,0
2020-06-08,Humboldt,023,135768,116,112,0,112,2
2020-06-08,Imperial,025,180216,5183,3051,5,3056,21
2020-06-08,Inyo,027,18085,22,22,0,22,1
2020-06-08,Kern,029,883053,3727,2853,8,2861,49
2020-06-08,Kings,031,150075,1794,892,3,895,6
2020-06-08,Lake,033,64148,39,28,0,28,0
2020-06-08,Lassen,035,31185,12,4,2,6,0
2020-06-08,Los Angeles,037,10098052,73208,64634,20,64654,2640
2020-06-08,Madera,039,155013,374,154,0,154,3
2020-06-08,Marin,041,260295,680,596,2,598,17
2020-06-08,Mariposa,043,17540,16,16,0,16,1
2020-06-08,Mendocino,045,87422,34,32,0,32,0
2020-06-08,Merced,047,269075,528,331,0,331,7
2020-06-08,Modoc,049,8938,1,0,0,0,0
2020-06-08,Mono,051,14174,39,35,0,35,1
2020-06-08,Monterey,053,433212,1005,751,2,753,10
2020-06-08,Napa,055,140530,181,151,0,151,3
2020-06-08,Nevada,057,99092,56,50,1,51,1
2020-06-08,Orange,059,3164182,10930,7786,55,7841,160
2020-06-08,Placer,061,380077,415,290,2,292,9
2020-06-08,Plumas,063,18699,5,4,0,4,0
2020-06-08,Riverside,065,2383286,12031,9246,8,9254,347
2020-06-08,Sacramento,067,1510023,1778,1591,2,1593,59
2020-06-08,San Benito,069,59416,129,93,0,93,2
2020-06-08,San Bernardino,071,2135413,8229,6122,4,6126,214
2020-06-08,San Diego,073,3302833,9879,8621,0,8621,296
2020-06-08,San Francisco,075,870044,2960,2715,1,2716,43
2020-06-08,San Joaquin,077,732212,1730,1198,4,1202,40
2020-06-08,San Luis Obispo,079,281455,386,300,2,302,1
2020-06-08,San Mateo,081,765935,2643,2431,3,2434,74
2020-06-08,Santa Barbara,083,443738,2470,1824,6,1830,13
2020-06-08,Santa Clara,085,1922200,3582,2971,5,2976,146
2020-06-08,Santa Cruz,087,273765,267,234,0,234,2
2020-06-08,Shasta,089,179085,71,43,0,43,4
2020-06-08,Sierra,091,2930,1,1,0,1,0
2020-06-08,Siskiyou,093,43540,19,8,0,8,0
2020-06-08,Solano,095,438530,785,560,4,564,19
2020-06-08,Sonoma,097,501317,783,654,1,655,4
2020-06-08,Stanislaus,099,539301,1326,956,5,961,28
2020-06-08,Sutter,101,95872,78,55,0,55,2
2020-06-08,Tehama,103,63373,19,8,2,10,1
2020-06-08,Trinity,105,12862,3,2,2,4,0
2020-06-08,Tulare,107,460477,3181,2301,4,2305,91
2020-06-08,Tuolumne,109,53932,9,8,1,9,0
2020-06-08,Ventura,111,848112,1928,1382,5,1387,30
2020-06-08,Yolo,113,214977,267,228,0,228,24
2020-06-08,Yuba,115,75493,32,27,0,27,1
2020-06-07,Alameda,001,1643700,4355,3866,4,3870,102
2020-06-07,Alpine,003,1148,2,1,0,1,0
2020-06-07,Amador,005,37829,10,10,0,10,0
2020-06-07,Butte,007,227075,92,64,6,70,1
2020-06-07,Calaveras,009,45235,25,16,0,16,0
2020-06-07,Colusa,011,21464,9,7,0,7,0
2020-06-07,Contra Costa,013,1133247,1952,1653,0,1653,38
2020-06-07,Del Norte,015,27424,45,45,0,45,0
2020-06-07,El Dorado,017,186661,130,104,0,104,0
2020-06-07,Fresno,019,978130,3974,2144,44,2188,41
2020-06-07,Glenn,021,27897,29,16,0,16,0
2020-06-07,Humboldt,023,135768,116,112,0,112,2
2020-06-07,Imperial,025,180216,5032,3048,5,3053,19
2020-06-07,Inyo,027,18085,22,21,0,21,1
2020-06-07,Kern,029,883053,3597,2771,8,2779,46
2020-06-07,Kings,031,150075,1745,882,3,885,6
2020-06-07,Lake,033,64148,36,28,0,28,0
2020-06-07,Lassen,035,31185,11,4,2,6,0
2020-06-07,Los Angeles,037,10098052,71506,63750,20,63770,2629
2020-06-07,Madera,039,155013,357,149,0,149,3
2020-06-07,Marin,041,260295,666,584,2,586,17
2020-06-07,Mariposa,043,17540,16,16,0,16,1
2020-06-07,Mendocino,045,87422,34,32,0,32,0
2020-06-07,Merced,047,269075,495,318,0,318,7
2020-06-07,Modoc,049,8938,1,0,0,0,0
2020-06-07,Mono,051,14174,39,35,0,35,1
2020-06-07,Monterey,053,433212,958,732,2,734,10
2020-06-07,Napa,055,140530,173,142,0,142,3
2020-06-07,Nevada,057,99092,55,50,1,51,1
2020-06-07,Orange,059,3164182,10673,7643,53,7696,158
2020-06-07,Placer,061,380077,392,273,2,275,9
2020-06-07,Plumas,063,18699,5,4,0,4,0
2020-06-07,Riverside,065,2383286,11735,9105,8,9113,344
2020-06-07,Sacramento,067,1510023,1732,1568,2,1570,59
2020-06-07,San Benito,069,59416,126,92,0,92,2
2020-06-07,San Bernardino,071,2135413,7944,6033,4,6037,214
2020-06-07,San Diego,073,3302833,9700,8478,0,8478,296
2020-06-07,San Francisco,075,870044,2916,2674,0,2674,43
2020-06-07,San Joaquin,077,732212,1629,1126,4,1130,37
2020-06-07,San Luis Obispo,079,281455,376,296,2,298,1
2020-06-07,San Mateo,081,765935,2616,2399,3,2402,73
2020-06-07,Santa Barbara,083,443738,2409,1818,6,1824,13
2020-06-07,Santa Clara,085,1922200,3531,2947,5,2952,146
2020-06-07,Santa Cruz,087,273765,259,230,0,230,2
2020-06-07,Shasta,089,179085,70,41,0,41,4
2020-06-07,Sierra,091,2930,1,1,0,1,0
2020-06-07,Siskiyou,093,43540,19,8,0,8,0
2020-06-07,Solano,095,438530,762,560,4,564,19
2020-06-07,Sonoma,097,501317,752,639,1,640,4
2020-06-07,Stanislaus,099,539301,1246,905,5,910,28
2020-06-07,Sutter,101,95872,70,55,0,55,2
2020-06-07,Tehama,103,63373,16,8,2,10,1
2020-06-07,Trinity,105,12862,2,2,2,4,0
2020-06-07,Tulare,107,460477,3059,2219,4,2223,90
2020-06-07,Tuolumne,109,53932,9,4,1,5,0
2020-06-07,Ventura,111,848112,1863,1337,5,1342,30
2020-06-07,Yolo,113,214977,257,224,0,224,24
2020-06-07,Yuba,115,75493,32,27,0,27,1
2020-06-06,Alameda,001,1643700,4310,3801,4,3805,102
2020-06-06,Alpine,003,1148,2,1,0,1,0
2020-06-06,Amador,005,37829,10,10,0,10,0
2020-06-06,Butte,007,227075,91,63,6,69,1
2020-06-06,Calaveras,009,45235,23,16,0,16,0
2020-06-06,Colusa,011,21464,9,7,0,7,0
2020-06-06,Contra Costa,013,1133247,1931,1619,0,1619,37
2020-06-06,Del Norte,015,27424,45,45,0,45,0
2020-06-06,El Dorado,017,186661,127,104,0,104,0
2020-06-06,Fresno,019,978130,3920,2117,44,2161,41
2020-06-06,Glenn,021,27897,27,16,0,16,0
2020-06-06,Humboldt,023,135768,116,112,0,112,2
2020-06-06,Imperial,025,180216,4956,3047,5,3052,19
2020-06-06,Inyo,027,18085,22,21,0,21,1
2020-06-06,Kern,029,883053,3527,2695,8,2703,46
2020-06-06,Kings,031,150075,1726,882,3,885,6
2020-06-06,Lake,033,64148,36,28,0,28,0
2020-06-06,Lassen,035,31185,11,4,2,6,0
2020-06-06,Los Angeles,037,10098052,70759,62269,20,62289,2607
2020-06-06,Madera,039,155013,348,149,0,149,3
2020-06-06,Marin,041,260295,661,556,2,558,17
2020-06-06,Mariposa,043,17540,16,16,0,16,1
2020-06-06,Mendocino,045,87422,34,32,0,32,0
2020-06-06,Merced,047,269075,493,315,0,315,7
2020-06-06,Modoc,049,8938,1,0,0,0,0
2020-06-06,Mono,051,14174,39,35,0,35,1
2020-06-06,Monterey,053,433212,934,679,2,681,10
2020-06-06,Napa,055,140530,167,136,0,136,3
2020-06-06,Nevada,057,99092,54,50,1,51,1
2020-06-06,Orange,059,3164182,10514,7576,52,7628,157
2020-06-06,Placer,061,380077,380,270,2,272,9
2020-06-06,Plumas,063,18699,5,4,0,4,0
2020-06-06,Riverside,065,2383286,11556,8935,8,8943,345
2020-06-06,Sacramento,067,1510023,1709,1533,2,1535,59
2020-06-06,San Benito,069,59416,116,92,0,92,2
2020-06-06,San Bernardino,071,2135413,7796,5946,4,5950,214
2020-06-06,San Diego,073,3302833,9579,8347,0,8347,296
2020-06-06,San Francisco,075,870044,2901,2674,0,2674,43
2020-06-06,San Joaquin,077,732212,1589,1076,4,1080,37
2020-06-06,San Luis Obispo,079,281455,370,295,2,297,1
2020-06-06,San Mateo,081,765935,2601,2342,3,2345,72
2020-06-06,Santa Barbara,083,443738,2369,1815,6,1821,13
2020-06-06,Santa Clara,085,1922200,3490,2934,5,2939,144
2020-06-06,Santa Cruz,087,273765,257,226,0,226,2
2020-06-06,Shasta,089,179085,70,40,0,40,4
2020-06-06,Sierra,091,2930,1,1,0,1,0
2020-06-06,Siskiyou,093,43540,17,8,0,8,0
2020-06-06,Solano,095,438530,747,560,4,564,19
2020-06-06,Sonoma,097,501317,740,622,1,623,4
2020-06-06,Stanislaus,099,539301,1212,858,5,863,27
2020-06-06,Sutter,101,95872,70,51,0,51,2
2020-06-06,Tehama,103,63373,15,8,2,10,1
2020-06-06,Trinity,105,12862,2,2,1,3,0
2020-06-06,Tulare,107,460477,3026,2213,4,2217,90
2020-06-06,Tuolumne,109,53932,9,4,1,5,0
2020-06-06,Ventura,111,848112,1839,1303,5,1308,30
2020-06-06,Yolo,113,214977,255,223,0,223,24
2020-06-06,Yuba,115,75493,32,27,0,27,1
2020-06-05,Alameda,001,1643700,4259,3734,4,3738,102
2020-06-05,Alpine,003,1148,2,1,0,1,0
2020-06-05,Amador,005,37829,10,10,0,10,0
2020-06-05,Butte,007,227075,88,61,6,67,1
2020-06-05,Calaveras,009,45235,22,16,0,16,0
2020-06-05,Colusa,011,21464,9,7,0,7,0
2020-06-05,Contra Costa,013,1133247,1916,1575,0,1575,37
2020-06-05,Del Norte,015,27424,45,45,0,45,0
2020-06-05,El Dorado,017,186661,126,101,0,101,0
2020-06-05,Fresno,019,978130,3856,2051,43,2094,38
2020-06-05,Glenn,021,27897,25,16,0,16,0
2020-06-05,Humboldt,023,135768,115,111,0,111,2
2020-06-05,Imperial,025,180216,4850,2778,5,2783,19
2020-06-05,Inyo,027,18085,22,21,0,21,1
2020-06-05,Kern,029,883053,3438,2624,8,2632,46
2020-06-05,Kings,031,150075,1711,865,3,868,6
2020-06-05,Lake,033,64148,35,28,0,28,0
2020-06-05,Lassen,035,31185,10,4,2,6,0
2020-06-05,Los Angeles,037,10098052,69612,60955,20,60975,2553
2020-06-05,Madera,039,155013,326,144,0,144,3
2020-06-05,Marin,041,260295,652,546,2,548,17
2020-06-05,Mariposa,043,17540,16,16,0,16,1
2020-06-05,Mendocino,045,87422,34,32,0,32,0
2020-06-05,Merced,047,269075,491,309,0,309,7
2020-06-05,Modoc,049,8938,1,0,0,0,0
2020-06-05,Mono,051,14174,39,35,0,35,1
2020-06-05,Monterey,053,433212,902,649,2,651,10
2020-06-05,Napa,055,140530,164,123,0,123,3
2020-06-05,Nevada,057,99092,54,50,1,51,1
2020-06-05,Orange,059,3164182,10319,7391,50,7441,153
2020-06-05,Placer,061,380077,370,265,2,267,9
2020-06-05,Plumas,063,18699,5,4,0,4,0
2020-06-05,Riverside,065,2383286,11296,8700,8,8708,345
2020-06-05,Sacramento,067,1510023,1687,1514,2,1516,59
2020-06-05,San Benito,069,59416,114,92,0,92,2
2020-06-05,San Bernardino,071,2135413,7614,5869,3,5872,212
2020-06-05,San Diego,073,3302833,9464,8182,0,8182,294
2020-06-05,San Francisco,075,870044,2883,2675,0,2675,43
2020-06-05,San Joaquin,077,732212,1510,1046,4,1050,36
2020-06-05,San Luis Obispo,079,281455,363,293,2,295,1
2020-06-05,San Mateo,081,765935,2576,2331,3,2334,72
2020-06-05,Santa Barbara,083,443738,2333,1795,6,1801,13
2020-06-05,Santa Clara,085,1922200,3465,2902,5,2907,144
2020-06-05,Santa Cruz,087,273765,254,222,0,222,2
2020-06-05,Shasta,089,179085,69,40,0,40,4
2020-06-05,Sierra,091,2930,1,1,0,1,0
2020-06-05,Siskiyou,093,43540,15,8,0,8,0
2020-06-05,Solano,095,438530,740,558,4,562,19
2020-06-05,Sonoma,097,501317,719,618,1,619,4
2020-06-05,Stanislaus,099,539301,1179,842,5,847,27
2020-06-05,Sutter,101,95872,70,49,0,49,2
2020-06-05,Tehama,103,63373,15,7,2,9,1
2020-06-05,Trinity,105,12862,2,1,1,2,0
2020-06-05,Tulare,107,460477,2977,2180,4,2184,90
2020-06-05,Tuolumne,109,53932,9,4,1,5,0
2020-06-05,Ventura,111,848112,1806,1274,5,1279,30
2020-06-05,Yolo,113,214977,254,216,0,216,24
2020-06-05,Yuba,115,75493,32,27,0,27,1
2020-06-04,Alameda,001,1643700,4160,3643,4,3647,99
2020-06-04,Alpine,003,1148,2,1,0,1,0
2020-06-04,Amador,005,37829,10,10,0,10,0
2020-06-04,Butte,007,227075,84,57,5,62,1
2020-06-04,Calaveras,009,45235,22,15,0,15,0
2020-06-04,Colusa,011,21464,9,7,0,7,0
2020-06-04,Contra Costa,013,1133247,1858,1551,0,1551,37
2020-06-04,Del Norte,015,27424,45,45,0,45,0
2020-06-04,El Dorado,017,186661,124,101,0,101,0
2020-06-04,Fresno,019,978130,3750,2007,43,2050,35
2020-06-04,Glenn,021,27897,22,16,0,16,0
2020-06-04,Humboldt,023,135768,115,109,0,109,2
2020-06-04,Imperial,025,180216,4667,2631,5,2636,19
2020-06-04,Inyo,027,18085,22,20,0,20,1
2020-06-04,Kern,029,883053,3322,2530,8,2538,46
2020-06-04,Kings,031,150075,1641,842,3,845,6
2020-06-04,Lake,033,64148,34,27,0,27,0
2020-06-04,Lassen,035,31185,8,4,2,6,0
2020-06-04,Los Angeles,037,10098052,68144,59596,20,59616,2515
2020-06-04,Madera,039,155013,318,127,0,127,3
2020-06-04,Marin,041,260295,630,533,2,535,14
2020-06-04,Mariposa,043,17540,16,16,0,16,1
2020-06-04,Mendocino,045,87422,34,29,0,29,0
2020-06-04,Merced,047,269075,471,304,0,304,7
2020-06-04,Modoc,049,8938,1,0,0,0,0
2020-06-04,Mono,051,14174,39,35,0,35,1
2020-06-04,Monterey,053,433212,867,621,1,622,10
2020-06-04,Napa,055,140530,160,117,0,117,3
2020-06-04,Nevada,057,99092,53,49,1,50,1
2020-06-04,Orange,059,3164182,10068,7192,49,7241,148
2020-06-04,Placer,061,380077,353,256,2,258,9
2020-06-04,Plumas,063,18699,4,4,0,4,0
2020-06-04,Riverside,065,2383286,11018,8473,8,8481,341
2020-06-04,Sacramento,067,1510023,1660,1492,2,1494,58
2020-06-04,San Benito,069,59416,112,88,0,88,2
2020-06-04,San Bernardino,071,2135413,7346,5726,3,5729,207
2020-06-04,San Diego,073,3302833,9301,7942,0,7942,288
2020-06-04,San Francisco,075,870044,2850,2636,0,2636,43
2020-06-04,San Joaquin,077,732212,1448,1016,4,1020,36
2020-06-04,San Luis Obispo,079,281455,355,288,2,290,1
2020-06-04,San Mateo,081,765935,2550,2284,3,2287,72
2020-06-04,Santa Barbara,083,443738,2293,1750,6,1756,13
2020-06-04,Santa Clara,085,1922200,3433,2871,5,2876,144
2020-06-04,Santa Cruz,087,273765,248,218,0,218,2
2020-06-04,Shasta,089,179085,63,40,0,40,4
2020-06-04,Sierra,091,2930,1,1,0,1,0
2020-06-04,Siskiyou,093,43540,14,8,0,8,0
2020-06-04,Solano,095,438530,723,551,4,555,19
2020-06-04,Sonoma,097,501317,700,591,1,592,4
2020-06-04,Stanislaus,099,539301,1103,806,5,811,28
2020-06-04,Sutter,101,95872,65,46,0,46,2
2020-06-04,Tehama,103,63373,14,6,1,7,1
2020-06-04,Trinity,105,12862,2,1,1,2,0
2020-06-04,Tulare,107,460477,2861,2086,4,2090,90
2020-06-04,Tuolumne,109,53932,8,4,1,5,0
2020-06-04,Ventura,111,848112,1763,1236,5,1241,30
2020-06-04,Yolo,113,214977,249,216,0,216,24
2020-06-04,Yuba,115,75493,31,27,0,27,1
2020-06-03,Alameda,001,1643700,4101,3589,3,3592,99
2020-06-03,Alpine,003,1148,2,1,0,1,0
2020-06-03,Amador,005,37829,10,10,0,10,0
2020-06-03,Butte,007,227075,82,53,5,58,1
2020-06-03,Calaveras,009,45235,21,15,0,15,0
2020-06-03,Colusa,011,21464,9,7,0,7,0
2020-06-03,Contra Costa,013,1133247,1810,1511,0,1511,37
2020-06-03,Del Norte,015,27424,45,39,0,39,0
2020-06-03,El Dorado,017,186661,121,90,0,90,0
2020-06-03,Fresno,019,978130,3653,1943,43,1986,35
2020-06-03,Glenn,021,27897,22,16,0,16,0
2020-06-03,Humboldt,023,135768,115,103,0,103,2
2020-06-03,Imperial,025,180216,4495,2540,5,2545,19
2020-06-03,Inyo,027,18085,22,20,0,20,1
2020-06-03,Kern,029,883053,3226,2452,8,2460,44
2020-06-03,Kings,031,150075,1576,744,3,747,6
2020-06-03,Lake,033,64148,32,26,0,26,0
2020-06-03,Lassen,035,31185,8,4,2,6,0
2020-06-03,Los Angeles,037,10098052,66536,58166,20,58186,2472
2020-06-03,Madera,039,155013,310,117,0,117,3
2020-06-03,Marin,041,260295,612,527,2,529,14
2020-06-03,Mariposa,043,17540,16,16,0,16,1
2020-06-03,Mendocino,045,87422,33,29,0,29,0
2020-06-03,Merced,047,269075,457,299,0,299,7
2020-06-03,Modoc,049,8938,1,0,0,0,0
2020-06-03,Mono,051,14174,39,35,0,35,1
2020-06-03,Monterey,053,433212,839,592,1,593,10
2020-06-03,Napa,055,140530,159,116,0,116,3
2020-06-03,Nevada,057,99092,52,43,1,44,1
2020-06-03,Orange,059,3164182,9841,6939,48,6987,145
2020-06-03,Placer,061,380077,335,243,2,245,9
2020-06-03,Plumas,063,18699,4,4,0,4,0
2020-06-03,Riverside,065,2383286,10743,8208,8,8216,335
2020-06-03,Sacramento,067,1510023,1630,1457,2,1459,58
2020-06-03,San Benito,069,59416,106,88,0,88,2
2020-06-03,San Bernardino,071,2135413,7123,5565,3,5568,203
2020-06-03,San Diego,073,3302833,9153,7800,0,7800,283
2020-06-03,San Francisco,075,870044,2819,2608,0,2608,43
2020-06-03,San Joaquin,077,732212,1383,1004,4,1008,35
2020-06-03,San Luis Obispo,079,281455,350,279,2,281,1
2020-06-03,San Mateo,081,765935,2522,2243,3,2246,71
2020-06-03,Santa Barbara,083,443738,2250,1722,6,1728,12
2020-06-03,Santa Clara,085,1922200,3393,2836,5,2841,144
2020-06-03,Santa Cruz,087,273765,242,217,0,217,2
2020-06-03,Shasta,089,179085,60,40,0,40,4
2020-06-03,Sierra,091,2930,1,1,0,1,0
2020-06-03,Siskiyou,093,43540,13,8,0,8,0
2020-06-03,Solano,095,438530,698,543,2,545,18
2020-06-03,Sonoma,097,501317,688,578,1,579,4
2020-06-03,Stanislaus,099,539301,1063,780,5,785,27
2020-06-03,Sutter,101,95872,57,45,0,45,2
2020-06-03,Tehama,103,63373,14,6,1,7,1
2020-06-03,Trinity,105,12862,2,1,1,2,0
2020-06-03,Tulare,107,460477,2792,2041,4,2045,88
2020-06-03,Tuolumne,109,53932,6,4,1,5,0
2020-06-03,Ventura,111,848112,1699,1202,5,1207,30
2020-06-03,Yolo,113,214977,245,213,0,213,24
2020-06-03,Yuba,115,75493,31,27,0,27,1
2020-06-02,Alameda,001,1643700,4025,3517,3,3520,99
2020-06-02,Alpine,003,1148,2,1,0,1,0
2020-06-02,Amador,005,37829,10,10,0,10,0
2020-06-02,Butte,007,227075,78,51,3,54,1
2020-06-02,Calaveras,009,45235,21,15,0,15,0
2020-06-02,Colusa,011,21464,9,7,0,7,0
2020-06-02,Contra Costa,013,1133247,1778,1505,0,1505,37
2020-06-02,Del Norte,015,27424,45,39,0,39,0
2020-06-02,El Dorado,017,186661,120,88,0,88,0
2020-06-02,Fresno,019,978130,3541,1917,43,1960,34
2020-06-02,Glenn,021,27897,21,16,0,16,0
2020-06-02,Humboldt,023,135768,115,101,0,101,2
2020-06-02,Imperial,025,180216,4302,2459,5,2464,19
2020-06-02,Inyo,027,18085,20,20,0,20,1
2020-06-02,Kern,029,883053,3127,2406,6,2412,41
2020-06-02,Kings,031,150075,1548,720,3,723,5
2020-06-02,Lake,033,64148,32,25,0,25,0
2020-06-02,Lassen,035,31185,7,4,2,6,0
2020-06-02,Los Angeles,037,10098052,65134,57144,20,57164,2430
2020-06-02,Madera,039,155013,289,110,0,110,2
2020-06-02,Marin,041,260295,585,509,2,511,14
2020-06-02,Mariposa,043,17540,16,16,0,16,1
2020-06-02,Mendocino,045,87422,33,29,0,29,0
2020-06-02,Merced,047,269075,441,297,0,297,6
2020-06-02,Modoc,049,8938,1,0,0,0,0
2020-06-02,Mono,051,14174,39,35,0,35,1
2020-06-02,Monterey,053,433212,809,582,1,583,10
2020-06-02,Napa,055,140530,150,116,0,116,3
2020-06-02,Nevada,057,99092,51,41,1,42,1
2020-06-02,Orange,059,3164182,9640,6790,47,6837,142
2020-06-02,Placer,061,380077,322,226,2,228,9
2020-06-02,Plumas,063,18699,4,4,0,4,0
2020-06-02,Riverside,065,2383286,10448,8091,7,8098,330
2020-06-02,Sacramento,067,1510023,1601,1428,2,1430,58
2020-06-02,San Benito,069,59416,105,86,0,86,2
2020-06-02,San Bernardino,071,2135413,6917,5438,3,5441,202
2020-06-02,San Diego,073,3302833,9007,7676,0,7676,276
2020-06-02,San Francisco,075,870044,2784,2554,0,2554,43
2020-06-02,San Joaquin,077,732212,1317,985,4,989,35
2020-06-02,San Luis Obispo,079,281455,345,275,2,277,1
2020-06-02,San Mateo,081,765935,2487,2203,3,2206,71
2020-06-02,Santa Barbara,083,443738,2205,1703,6,1709,12
2020-06-02,Santa Clara,085,1922200,3343,2819,5,2824,144
2020-06-02,Santa Cruz,087,273765,237,215,0,215,2
2020-06-02,Shasta,089,179085,59,38,0,38,4
2020-06-02,Sierra,091,2930,1,1,0,1,0
2020-06-02,Siskiyou,093,43540,12,8,0,8,0
2020-06-02,Solano,095,438530,683,537,1,538,18
2020-06-02,Sonoma,097,501317,677,571,1,572,4
2020-06-02,Stanislaus,099,539301,1004,772,5,777,27
2020-06-02,Sutter,101,95872,54,43,0,43,2
2020-06-02,Tehama,103,63373,14,6,1,7,1
2020-06-02,Trinity,105,12862,2,1,1,2,0
2020-06-02,Tulare,107,460477,2712,2012,4,2016,86
2020-06-02,Tuolumne,109,53932,6,4,1,5,0
2020-06-02,Ventura,111,848112,1649,1178,5,1183,30
2020-06-02,Yolo,113,214977,243,213,0,213,24
2020-06-02,Yuba,115,75493,31,27,0,27,1
2020-06-01,Alameda,001,1643700,3960,3460,3,3463,98
2020-06-01,Alpine,003,1148,2,1,0,1,0
2020-06-01,Amador,005,37829,10,10,0,10,0
2020-06-01,Butte,007,227075,77,50,2,52,1
2020-06-01,Calaveras,009,45235,21,15,0,15,0
2020-06-01,Colusa,011,21464,9,7,0,7,0
2020-06-01,Contra Costa,013,1133247,1742,1486,0,1486,37
2020-06-01,Del Norte,015,27424,45,38,0,38,0
2020-06-01,El Dorado,017,186661,118,88,0,88,0
2020-06-01,Fresno,019,978130,3446,1854,41,1895,33
2020-06-01,Glenn,021,27897,21,16,0,16,0
2020-06-01,Humboldt,023,135768,115,98,0,98,2
2020-06-01,Imperial,025,180216,4079,2366,5,2371,14
2020-06-01,Inyo,027,18085,20,20,0,20,1
2020-06-01,Kern,029,883053,3044,2366,6,2372,38
2020-06-01,Kings,031,150075,1280,703,3,706,4
2020-06-01,Lake,033,64148,32,22,0,22,0
2020-06-01,Lassen,035,31185,7,4,2,6,0
2020-06-01,Los Angeles,037,10098052,63669,55899,20,55919,2367
2020-06-01,Madera,039,155013,277,103,0,103,2
2020-06-01,Marin,041,260295,544,495,2,497,14
2020-06-01,Mariposa,043,17540,16,16,0,16,1
2020-06-01,Mendocino,045,87422,33,28,0,28,0
2020-06-01,Merced,047,269075,422,289,0,289,6
2020-06-01,Modoc,049,8938,1,0,0,0,0
2020-06-01,Mono,051,14174,39,35,0,35,1
2020-06-01,Monterey,053,433212,784,554,1,555,10
2020-06-01,Napa,055,140530,147,114,0,114,3
2020-06-01,Nevada,057,99092,51,41,1,42,1
2020-06-01,Orange,059,3164182,9444,6640,46,6686,135
2020-06-01,Placer,061,380077,310,218,2,220,9
2020-06-01,Plumas,063,18699,4,4,0,4,0
2020-06-01,Riverside,065,2383286,9997,7921,7,7928,322
2020-06-01,Sacramento,067,1510023,1562,1415,2,1417,58
2020-06-01,San Benito,069,59416,102,86,0,86,2
2020-06-01,San Bernardino,071,2135413,6711,5310,3,5313,202
2020-06-01,San Diego,073,3302833,8827,7556,0,7556,269
2020-06-01,San Francisco,075,870044,2747,2546,0,2546,43
2020-06-01,San Joaquin,077,732212,1252,957,4,961,35
2020-06-01,San Luis Obispo,079,281455,341,275,2,277,1
2020-06-01,San Mateo,081,765935,2457,2190,3,2193,71
2020-06-01,Santa Barbara,083,443738,2163,1671,5,1676,10
2020-06-01,Santa Clara,085,1922200,3305,2797,4,2801,142
2020-06-01,Santa Cruz,087,273765,233,215,0,215,2
2020-06-01,Shasta,089,179085,59,38,0,38,4
2020-06-01,Sierra,091,2930,1,1,0,1,0
2020-06-01,Siskiyou,093,43540,12,7,0,7,0
2020-06-01,Solano,095,438530,659,529,1,530,17
2020-06-01,Sonoma,097,501317,661,565,1,566,4
2020-06-01,Stanislaus,099,539301,967,758,5,763,27
2020-06-01,Sutter,101,95872,49,43,0,43,2
2020-06-01,Tehama,103,63373,11,5,1,6,1
2020-06-01,Trinity,105,12862,1,1,1,2,0
2020-06-01,Tulare,107,460477,2597,1976,4,1980,84
2020-06-01,Tuolumne,109,53932,5,4,1,5,0
2020-06-01,Ventura,111,848112,1599,1163,5,1168,29
2020-06-01,Yolo,113,214977,240,212,0,212,24
2020-06-01,Yuba,115,75493,30,26,0,26,1
2020-05-31,Alameda,001,1643700,3854,3362,3,3365,98
2020-05-31,Alpine,003,1148,2,1,0,1,0
2020-05-31,Amador,005,37829,10,10,0,10,0
2020-05-31,Butte,007,227075,75,51,2,53,0
2020-05-31,Calaveras,009,45235,18,15,0,15,0
2020-05-31,Colusa,011,21464,9,5,0,5,0
2020-05-31,Contra Costa,013,1133247,1708,1458,0,1458,37
2020-05-31,Del Norte,015,27424,45,37,0,37,0
2020-05-31,El Dorado,017,186661,114,88,0,88,0
2020-05-31,Fresno,019,978130,3285,1780,39,1819,31
2020-05-31,Glenn,021,27897,20,16,0,16,0
2020-05-31,Humboldt,023,135768,113,98,0,98,2
2020-05-31,Imperial,025,180216,3812,2197,5,2202,14
2020-05-31,Inyo,027,18085,20,20,0,20,1
2020-05-31,Kern,029,883053,2909,2300,6,2306,38
2020-05-31,Kings,031,150075,1243,703,3,706,3
2020-05-31,Lake,033,64148,32,19,0,19,0
2020-05-31,Lassen,035,31185,7,4,2,6,0
2020-05-31,Los Angeles,037,10098052,62380,54925,20,54945,2344
2020-05-31,Madera,039,155013,259,101,0,101,2
2020-05-31,Marin,041,260295,534,486,2,488,14
2020-05-31,Mariposa,043,17540,16,16,0,16,1
2020-05-31,Mendocino,045,87422,33,24,0,24,0
2020-05-31,Merced,047,269075,395,288,0,288,6
2020-05-31,Modoc,049,8938,0,0,0,0,0
2020-05-31,Mono,051,14174,39,34,0,34,1
2020-05-31,Monterey,053,433212,711,545,1,546,10
2020-05-31,Napa,055,140530,145,114,0,114,3
2020-05-31,Nevada,057,99092,50,41,1,42,1
2020-05-31,Orange,059,3164182,9233,6532,45,6577,135
2020-05-31,Placer,061,380077,287,215,2,217,9
2020-05-31,Plumas,063,18699,4,4,0,4,0
2020-05-31,Riverside,065,2383286,9741,7704,7,7711,321
2020-05-31,Sacramento,067,1510023,1531,1398,2,1400,57
2020-05-31,San Benito,069,59416,96,85,0,85,2
2020-05-31,San Bernardino,071,2135413,6443,5185,3,5188,198
2020-05-31,San Diego,073,3302833,8633,7483,0,7483,269
2020-05-31,San Francisco,075,870044,2711,2501,0,2501,43
2020-05-31,San Joaquin,077,732212,1187,888,4,892,34
2020-05-31,San Luis Obispo,079,281455,331,271,2,273,1
2020-05-31,San Mateo,081,765935,2411,2169,3,2172,71
2020-05-31,Santa Barbara,083,443738,2107,1662,5,1667,9
2020-05-31,Santa Clara,085,1922200,3261,2785,4,2789,142
2020-05-31,Santa Cruz,087,273765,230,210,0,210,2
2020-05-31,Shasta,089,179085,57,38,0,38,4
2020-05-31,Sierra,091,2930,1,1,0,1,0
2020-05-31,Siskiyou,093,43540,11,7,0,7,0
2020-05-31,Solano,095,438530,633,512,1,513,6
2020-05-31,Sonoma,097,501317,641,555,1,556,4
2020-05-31,Stanislaus,099,539301,913,738,5,743,27
2020-05-31,Sutter,101,95872,47,42,0,42,2
2020-05-31,Tehama,103,63373,10,4,1,5,1
2020-05-31,Trinity,105,12862,1,1,1,2,0
2020-05-31,Tulare,107,460477,2525,1884,4,1888,82
2020-05-31,Tuolumne,109,53932,5,4,1,5,0
2020-05-31,Ventura,111,848112,1544,1151,5,1156,30
2020-05-31,Yolo,113,214977,234,211,0,211,24
2020-05-31,Yuba,115,75493,30,26,0,26,1
2020-05-30,Alameda,001,1643700,3828,3304,3,3307,96
2020-05-30,Alpine,003,1148,2,1,0,1,0
2020-05-30,Amador,005,37829,10,10,0,10,0
2020-05-30,Butte,007,227075,74,44,2,46,0
2020-05-30,Calaveras,009,45235,17,15,0,15,0
2020-05-30,Colusa,011,21464,8,5,0,5,0
2020-05-30,Contra Costa,013,1133247,1693,1429,0,1429,37
2020-05-30,Del Norte,015,27424,45,37,0,37,0
2020-05-30,El Dorado,017,186661,113,86,0,86,0
2020-05-30,Fresno,019,978130,3224,1744,38,1782,31
2020-05-30,Glenn,021,27897,19,16,0,16,0
2020-05-30,Humboldt,023,135768,112,98,0,98,2
2020-05-30,Imperial,025,180216,3722,2091,5,2096,14
2020-05-30,Inyo,027,18085,20,20,0,20,1
2020-05-30,Kern,029,883053,2840,2217,6,2223,38
2020-05-30,Kings,031,150075,1229,703,3,706,3
2020-05-30,Lake,033,64148,31,18,0,18,0
2020-05-30,Lassen,035,31185,7,4,2,6,0
2020-05-30,Los Angeles,037,10098052,61844,53627,20,53647,2319
2020-05-30,Madera,039,155013,254,101,0,101,2
2020-05-30,Marin,041,260295,534,462,2,464,14
2020-05-30,Mariposa,043,17540,16,16,0,16,1
2020-05-30,Mendocino,045,87422,33,24,0,24,0
2020-05-30,Merced,047,269075,394,285,0,285,6
2020-05-30,Modoc,049,8938,0,0,0,0,0
2020-05-30,Mono,051,14174,39,34,0,34,1
2020-05-30,Monterey,053,433212,695,520,1,521,10
2020-05-30,Napa,055,140530,143,113,0,113,3
2020-05-30,Nevada,057,99092,50,41,1,42,1
2020-05-30,Orange,059,3164182,9078,6354,45,6399,134
2020-05-30,Placer,061,380077,279,199,1,200,9
2020-05-30,Plumas,063,18699,4,4,0,4,0
2020-05-30,Riverside,065,2383286,9597,7492,7,7499,316
2020-05-30,Sacramento,067,1510023,1520,1384,2,1386,57
2020-05-30,San Benito,069,59416,95,85,0,85,2
2020-05-30,San Bernardino,071,2135413,6334,5122,3,5125,198
2020-05-30,San Diego,073,3302833,8540,7387,0,7387,269
2020-05-30,San Francisco,075,870044,2686,2496,0,2496,41
2020-05-30,San Joaquin,077,732212,1149,888,4,892,34
2020-05-30,San Luis Obispo,079,281455,326,270,2,272,1
2020-05-30,San Mateo,081,765935,2387,2129,3,2132,71
2020-05-30,Santa Barbara,083,443738,2080,1660,5,1665,9
2020-05-30,Santa Clara,085,1922200,3245,2741,4,2745,141
2020-05-30,Santa Cruz,087,273765,230,206,0,206,2
2020-05-30,Shasta,089,179085,57,36,0,36,4
2020-05-30,Sierra,091,2930,1,1,0,1,0
2020-05-30,Siskiyou,093,43540,10,7,0,7,0
2020-05-30,Solano,095,438530,626,512,1,513,6
2020-05-30,Sonoma,097,501317,631,551,1,552,4
2020-05-30,Stanislaus,099,539301,896,712,5,717,27
2020-05-30,Sutter,101,95872,46,40,0,40,2
2020-05-30,Tehama,103,63373,10,4,1,5,1
2020-05-30,Trinity,105,12862,1,1,1,2,0
2020-05-30,Tulare,107,460477,2488,1879,4,1883,81
2020-05-30,Tuolumne,109,53932,5,4,1,5,0
2020-05-30,Ventura,111,848112,1527,1116,5,1121,30
2020-05-30,Yolo,113,214977,230,210,0,210,24
2020-05-30,Yuba,115,75493,30,25,0,25,1
2020-05-29,Alameda,001,1643700,3793,3209,3,3212,96
2020-05-29,Alpine,003,1148,2,1,0,1,0
2020-05-29,Amador,005,37829,10,10,0,10,0
2020-05-29,Butte,007,227075,70,41,2,43,0
2020-05-29,Calaveras,009,45235,17,15,0,15,0
2020-05-29,Colusa,011,21464,8,5,0,5,0
2020-05-29,Contra Costa,013,1133247,1677,1411,0,1411,37
2020-05-29,Del Norte,015,27424,45,37,0,37,0
2020-05-29,El Dorado,017,186661,112,85,0,85,0
2020-05-29,Fresno,019,978130,3175,1687,38,1725,31
2020-05-29,Glenn,021,27897,19,14,0,14,0
2020-05-29,Humboldt,023,135768,111,98,0,98,2
2020-05-29,Imperial,025,180216,3604,1607,5,1612,14
2020-05-29,Inyo,027,18085,20,20,0,20,1
2020-05-29,Kern,029,883053,2782,2128,6,2134,36
2020-05-29,Kings,031,150075,1218,693,3,696,3
2020-05-29,Lake,033,64148,30,17,0,17,0
2020-05-29,Lassen,035,31185,7,0,2,2,0
2020-05-29,Los Angeles,037,10098052,60888,51578,20,51598,2273
2020-05-29,Madera,039,155013,239,98,0,98,2
2020-05-29,Marin,041,260295,526,448,2,450,14
2020-05-29,Mariposa,043,17540,16,16,0,16,1
2020-05-29,Mendocino,045,87422,31,25,0,25,0
2020-05-29,Merced,047,269075,389,285,0,285,7
2020-05-29,Modoc,049,8938,0,0,0,0,0
2020-05-29,Mono,051,14174,38,34,0,34,1
2020-05-29,Monterey,053,433212,665,479,1,480,10
2020-05-29,Napa,055,140530,140,113,0,113,3
2020-05-29,Nevada,057,99092,50,41,1,42,1
2020-05-29,Orange,059,3164182,8883,6176,43,6219,133
2020-05-29,Placer,061,380077,261,199,1,200,9
2020-05-29,Plumas,063,18699,4,4,0,4,0
2020-05-29,Riverside,065,2383286,9411,7376,7,7383,313
2020-05-29,Sacramento,067,1510023,1497,1360,2,1362,57
2020-05-29,San Benito,069,59416,95,84,0,84,2
2020-05-29,San Bernardino,071,2135413,6226,4983,3,4986,196
2020-05-29,San Diego,073,3302833,8417,7242,0,7242,266
2020-05-29,San Francisco,075,870044,2662,2453,0,2453,41
2020-05-29,San Joaquin,077,732212,1112,855,4,859,34
2020-05-29,San Luis Obispo,079,281455,322,270,2,272,1
2020-05-29,San Mateo,081,765935,2371,2103,3,2106,71
2020-05-29,Santa Barbara,083,443738,2047,1656,5,1661,9
2020-05-29,Santa Clara,085,1922200,3217,2707,4,2711,141
2020-05-29,Santa Cruz,087,273765,227,203,0,203,2
2020-05-29,Shasta,089,179085,57,36,0,36,4
2020-05-29,Sierra,091,2930,1,1,0,1,0
2020-05-29,Siskiyou,093,43540,10,7,0,7,0
2020-05-29,Solano,095,438530,618,498,1,499,6
2020-05-29,Sonoma,097,501317,620,537,1,538,4
2020-05-29,Stanislaus,099,539301,866,698,5,703,27
2020-05-29,Sutter,101,95872,44,40,0,40,2
2020-05-29,Tehama,103,63373,9,4,1,5,1
2020-05-29,Trinity,105,12862,1,1,1,2,0
2020-05-29,Tulare,107,460477,2450,1852,4,1856,80
2020-05-29,Tuolumne,109,53932,5,4,1,5,0
2020-05-29,Ventura,111,848112,1504,1093,5,1098,29
2020-05-29,Yolo,113,214977,226,211,0,211,24
2020-05-29,Yuba,115,75493,29,25,0,25,1
2020-05-28,Alameda,001,1643700,3694,3083,3,3086,94
2020-05-28,Alpine,003,1148,2,1,0,1,0
2020-05-28,Amador,005,37829,10,10,0,10,0
2020-05-28,Butte,007,227075,69,40,2,42,0
2020-05-28,Calaveras,009,45235,16,15,0,15,0
2020-05-28,Colusa,011,21464,8,5,0,5,0
2020-05-28,Contra Costa,013,1133247,1638,1392,0,1392,37
2020-05-28,Del Norte,015,27424,45,37,0,37,0
2020-05-28,El Dorado,017,186661,109,82,0,82,0
2020-05-28,Fresno,019,978130,3095,1653,37,1690,31
2020-05-28,Glenn,021,27897,18,14,0,14,0
2020-05-28,Humboldt,023,135768,110,97,0,97,2
2020-05-28,Imperial,025,180216,3409,1430,5,1435,14
2020-05-28,Inyo,027,18085,20,20,0,20,1
2020-05-28,Kern,029,883053,2704,2069,6,2075,36
2020-05-28,Kings,031,150075,881,626,3,629,3
2020-05-28,Lake,033,64148,29,17,0,17,0
2020-05-28,Lassen,035,31185,7,0,2,2,0
2020-05-28,Los Angeles,037,10098052,59310,49861,20,49881,2222
2020-05-28,Madera,039,155013,221,93,0,93,2
2020-05-28,Marin,041,260295,501,443,2,445,14
2020-05-28,Mariposa,043,17540,16,16,0,16,1
2020-05-28,Mendocino,045,87422,29,24,0,24,0
2020-05-28,Merced,047,269075,380,283,0,283,7
2020-05-28,Modoc,049,8938,0,0,0,0,0
2020-05-28,Mono,051,14174,38,34,0,34,1
2020-05-28,Monterey,053,433212,633,471,1,472,10
2020-05-28,Napa,055,140530,137,113,0,113,3
2020-05-28,Nevada,057,99092,45,41,1,42,1
2020-05-28,Orange,059,3164182,8687,6045,43,6088,130
2020-05-28,Placer,061,380077,254,196,1,197,9
2020-05-28,Plumas,063,18699,4,4,0,4,0
2020-05-28,Riverside,065,2383286,9009,7240,7,7247,304
2020-05-28,Sacramento,067,1510023,1477,1339,2,1341,57
2020-05-28,San Benito,069,59416,94,82,0,82,2
2020-05-28,San Bernardino,071,2135413,6061,4831,3,4834,191
2020-05-28,San Diego,073,3302833,8260,7102,0,7102,260
2020-05-28,San Francisco,075,870044,2628,2417,0,2417,40
2020-05-28,San Joaquin,077,732212,1077,840,4,844,34
2020-05-28,San Luis Obispo,079,281455,319,267,2,269,1
2020-05-28,San Mateo,081,765935,2344,2070,3,2073,71
2020-05-28,Santa Barbara,083,443738,1999,1642,4,1646,9
2020-05-28,Santa Clara,085,1922200,3178,2698,4,2702,140
2020-05-28,Santa Cruz,087,273765,226,201,0,201,2
2020-05-28,Shasta,089,179085,55,36,0,36,4
2020-05-28,Sierra,091,2930,1,1,0,1,0
2020-05-28,Siskiyou,093,43540,8,6,0,6,0
2020-05-28,Solano,095,438530,601,489,1,490,6
2020-05-28,Sonoma,097,501317,598,529,1,530,4
2020-05-28,Stanislaus,099,539301,825,684,5,689,27
2020-05-28,Sutter,101,95872,44,40,0,40,2
2020-05-28,Tehama,103,63373,9,4,1,5,1
2020-05-28,Trinity,105,12862,1,1,1,2,0
2020-05-28,Tulare,107,460477,2414,1832,4,1836,79
2020-05-28,Tuolumne,109,53932,5,4,1,5,0
2020-05-28,Ventura,111,848112,1474,1083,5,1088,29
2020-05-28,Yolo,113,214977,223,206,0,206,22
2020-05-28,Yuba,115,75493,28,24,0,24,1
2020-05-27,Alameda,001,1643700,3611,3037,3,3040,94
2020-05-27,Alpine,003,1148,2,1,0,1,0
2020-05-27,Amador,005,37829,10,10,0,10,0
2020-05-27,Butte,007,227075,66,40,1,41,0
2020-05-27,Calaveras,009,45235,15,15,0,15,0
2020-05-27,Colusa,011,21464,8,5,0,5,0
2020-05-27,Contra Costa,013,1133247,1598,1373,0,1373,37
2020-05-27,Del Norte,015,27424,45,34,0,34,0
2020-05-27,El Dorado,017,186661,108,82,0,82,0
2020-05-27,Fresno,019,978130,3007,1620,37,1657,27
2020-05-27,Glenn,021,27897,18,14,0,14,0
2020-05-27,Humboldt,023,135768,110,86,0,86,2
2020-05-27,Imperial,025,180216,3229,1369,5,1374,14
2020-05-27,Inyo,027,18085,20,20,0,20,1
2020-05-27,Kern,029,883053,2639,1999,6,2005,37
2020-05-27,Kings,031,150075,854,586,3,589,3
2020-05-27,Lake,033,64148,29,13,0,13,0
2020-05-27,Lassen,035,31185,7,0,2,2,0
2020-05-27,Los Angeles,037,10098052,57932,48711,20,48731,2177
2020-05-27,Madera,039,155013,212,91,0,91,2
2020-05-27,Marin,041,260295,472,439,2,441,14
2020-05-27,Mariposa,043,17540,16,16,0,16,1
2020-05-27,Mendocino,045,87422,28,21,0,21,0
2020-05-27,Merced,047,269075,376,278,0,278,7
2020-05-27,Modoc,049,8938,0,0,0,0,0
2020-05-27,Mono,051,14174,38,34,0,34,1
2020-05-27,Monterey,053,433212,593,443,1,444,8
2020-05-27,Napa,055,140530,132,112,0,112,3
2020-05-27,Nevada,057,99092,44,41,1,42,1
2020-05-27,Orange,059,3164182,8531,5849,43,5892,121
2020-05-27,Placer,061,380077,235,196,1,197,9
2020-05-27,Plumas,063,18699,4,4,0,4,0
2020-05-27,Riverside,065,2383286,8630,7156,7,7163,299
2020-05-27,Sacramento,067,1510023,1449,1318,2,1320,50
2020-05-27,San Benito,069,59416,91,74,0,74,2
2020-05-27,San Bernardino,071,2135413,5877,4708,3,4711,183
2020-05-27,San Diego,073,3302833,8110,6985,0,6985,255
2020-05-27,San Francisco,075,870044,2599,2394,0,2394,40
2020-05-27,San Joaquin,077,732212,1036,825,4,829,34
2020-05-27,San Luis Obispo,079,281455,314,266,2,268,1
2020-05-27,San Mateo,081,765935,2304,2045,3,2048,71
2020-05-27,Santa Barbara,083,443738,1980,1629,4,1633,9
2020-05-27,Santa Clara,085,1922200,3145,2680,4,2684,140
2020-05-27,Santa Cruz,087,273765,222,202,0,202,2
2020-05-27,Shasta,089,179085,52,36,0,36,4
2020-05-27,Sierra,091,2930,1,1,0,1,0
2020-05-27,Siskiyou,093,43540,8,6,0,6,0
2020-05-27,Solano,095,438530,581,477,1,478,5
2020-05-27,Sonoma,097,501317,584,521,1,522,4
2020-05-27,Stanislaus,099,539301,800,675,5,680,27
2020-05-27,Sutter,101,95872,43,40,0,40,2
2020-05-27,Tehama,103,63373,9,3,1,4,1
2020-05-27,Trinity,105,12862,1,1,1,2,0
2020-05-27,Tulare,107,460477,2362,1817,4,1821,77
2020-05-27,Tuolumne,109,53932,5,4,1,5,0
2020-05-27,Ventura,111,848112,1452,1065,5,1070,28
2020-05-27,Yolo,113,214977,222,204,0,204,22
2020-05-27,Yuba,115,75493,28,24,0,24,1
2020-05-26,Alameda,001,1643700,3518,2956,3,2959,92
2020-05-26,Alpine,003,1148,2,1,0,1,0
2020-05-26,Amador,005,37829,10,10,0,10,0
2020-05-26,Butte,007,227075,64,37,1,38,0
2020-05-26,Calaveras,009,45235,15,13,0,13,0
2020-05-26,Colusa,011,21464,8,4,0,4,0
2020-05-26,Contra Costa,013,1133247,1563,1352,0,1352,37
2020-05-26,Del Norte,015,27424,44,30,0,30,0
2020-05-26,El Dorado,017,186661,104,79,0,79,0
2020-05-26,Fresno,019,978130,2922,1496,37,1533,22
2020-05-26,Glenn,021,27897,16,12,0,12,0
2020-05-26,Humboldt,023,135768,108,81,0,81,2
2020-05-26,Imperial,025,180216,3013,1369,5,1374,14
2020-05-26,Inyo,027,18085,20,20,0,20,1
2020-05-26,Kern,029,883053,2561,1890,6,1896,31
2020-05-26,Kings,031,150075,786,449,2,451,2
2020-05-26,Lake,033,64148,27,12,0,12,0
2020-05-26,Lassen,035,31185,6,0,2,2,0
2020-05-26,Los Angeles,037,10098052,56464,47760,20,47780,2121
2020-05-26,Madera,039,155013,196,83,0,83,2
2020-05-26,Marin,041,260295,460,424,2,426,14
2020-05-26,Mariposa,043,17540,16,16,0,16,1
2020-05-26,Mendocino,045,87422,26,20,0,20,0
2020-05-26,Merced,047,269075,362,266,0,266,7
2020-05-26,Modoc,049,8938,0,1,0,1,0
2020-05-26,Mono,051,14174,37,34,0,34,1
2020-05-26,Monterey,053,433212,565,424,0,424,8
2020-05-26,Napa,055,140530,127,109,0,109,3
2020-05-26,Nevada,057,99092,43,41,1,42,1
2020-05-26,Orange,059,3164182,8263,5651,42,5693,115
2020-05-26,Placer,061,380077,230,188,1,189,9
2020-05-26,Plumas,063,18699,4,4,0,4,0
2020-05-26,Riverside,065,2383286,8183,6917,7,6924,284
2020-05-26,Sacramento,067,1510023,1423,1298,2,1300,50
2020-05-26,San Benito,069,59416,86,69,0,69,2
2020-05-26,San Bernardino,071,2135413,5709,4430,3,4433,175
2020-05-26,San Diego,073,3302833,7967,6884,0,6884,249
2020-05-26,San Francisco,075,870044,2566,2363,0,2363,40
2020-05-26,San Joaquin,077,732212,989,760,4,764,33
2020-05-26,San Luis Obispo,079,281455,312,260,2,262,1
2020-05-26,San Mateo,081,765935,2266,1967,2,1969,71
2020-05-26,Santa Barbara,083,443738,1956,1590,4,1594,9
2020-05-26,Santa Clara,085,1922200,3112,2659,4,2663,139
2020-05-26,Santa Cruz,087,273765,220,197,0,197,2
2020-05-26,Shasta,089,179085,52,36,0,36,4
2020-05-26,Sierra,091,2930,1,1,0,1,0
2020-05-26,Siskiyou,093,43540,7,6,0,6,0
2020-05-26,Solano,095,438530,563,470,1,471,5
2020-05-26,Sonoma,097,501317,576,509,0,509,4
2020-05-26,Stanislaus,099,539301,779,663,5,668,27
2020-05-26,Sutter,101,95872,42,39,0,39,2
2020-05-26,Tehama,103,63373,8,2,1,3,1
2020-05-26,Trinity,105,12862,1,1,1,2,0
2020-05-26,Tulare,107,460477,2306,1768,4,1772,76
2020-05-26,Tuolumne,109,53932,5,2,1,3,0
2020-05-26,Ventura,111,848112,1418,1033,3,1036,27
2020-05-26,Yolo,113,214977,216,198,0,198,22
2020-05-26,Yuba,115,75493,27,24,0,24,1
2020-05-25,Alameda,001,1643700,3425,2900,2,2902,92
2020-05-25,Alpine,003,1148,2,1,0,1,0
2020-05-25,Amador,005,37829,10,10,0,10,0
2020-05-25,Butte,007,227075,61,37,1,38,0
2020-05-25,Calaveras,009,45235,15,13,0,13,0
2020-05-25,Colusa,011,21464,7,4,0,4,0
2020-05-25,Contra Costa,013,1133247,1530,1348,0,1348,37
2020-05-25,Del Norte,015,27424,44,20,0,20,0
2020-05-25,El Dorado,017,186661,96,78,0,78,0
2020-05-25,Fresno,019,978130,2819,1496,34,1530,22
2020-05-25,Glenn,021,27897,16,12,0,12,0
2020-05-25,Humboldt,023,135768,107,81,0,81,2
2020-05-25,Imperial,025,180216,2802,1369,5,1374,14
2020-05-25,Inyo,027,18085,19,20,0,20,1
2020-05-25,Kern,029,883053,2490,1890,6,1896,31
2020-05-25,Kings,031,150075,757,447,2,449,2
2020-05-25,Lake,033,64148,25,13,0,13,0
2020-05-25,Lassen,035,31185,6,0,2,2,0
2020-05-25,Los Angeles,037,10098052,54648,45952,20,45972,2094
2020-05-25,Madera,039,155013,184,83,0,83,2
2020-05-25,Marin,041,260295,442,415,2,417,14
2020-05-25,Mariposa,043,17540,16,15,0,15,1
2020-05-25,Mendocino,045,87422,23,19,0,19,0
2020-05-25,Merced,047,269075,355,262,0,262,6
2020-05-25,Modoc,049,8938,0,1,0,1,0
2020-05-25,Mono,051,14174,37,34,0,34,1
2020-05-25,Monterey,053,433212,535,418,0,418,8
2020-05-25,Napa,055,140530,127,107,0,107,3
2020-05-25,Nevada,057,99092,43,41,1,42,1
2020-05-25,Orange,059,3164182,8043,5601,41,5642,115
2020-05-25,Placer,061,380077,227,186,1,187,9
2020-05-25,Plumas,063,18699,4,4,0,4,0
2020-05-25,Riverside,065,2383286,7952,6900,7,6907,284
2020-05-25,Sacramento,067,1510023,1403,1290,1,1291,50
2020-05-25,San Benito,069,59416,85,70,0,70,2
2020-05-25,San Bernardino,071,2135413,5519,4393,3,4396,175
2020-05-25,San Diego,073,3302833,7791,6799,0,6799,249
2020-05-25,San Francisco,075,870044,2529,2358,0,2358,40
2020-05-25,San Joaquin,077,732212,963,760,4,764,33
2020-05-25,San Luis Obispo,079,281455,310,260,2,262,1
2020-05-25,San Mateo,081,765935,2230,1938,2,1940,71
2020-05-25,Santa Barbara,083,443738,1939,1590,4,1594,9
2020-05-25,Santa Clara,085,1922200,3080,2647,4,2651,139
2020-05-25,Santa Cruz,087,273765,218,191,0,191,2
2020-05-25,Shasta,089,179085,51,36,0,36,4
2020-05-25,Sierra,091,2930,1,1,0,1,0
2020-05-25,Siskiyou,093,43540,7,6,0,6,0
2020-05-25,Solano,095,438530,549,437,1,438,5
2020-05-25,Sonoma,097,501317,564,496,0,496,4
2020-05-25,Stanislaus,099,539301,749,651,5,656,27
2020-05-25,Sutter,101,95872,42,38,0,38,2
2020-05-25,Tehama,103,63373,7,2,1,3,1
2020-05-25,Trinity,105,12862,1,1,1,2,0
2020-05-25,Tulare,107,460477,2243,1747,4,1751,76
2020-05-25,Tuolumne,109,53932,5,2,1,3,0
2020-05-25,Ventura,111,848112,1378,1020,3,1023,27
2020-05-25,Yolo,113,214977,214,197,0,197,22
2020-05-25,Yuba,115,75493,26,24,0,24,1
2020-05-24,Alameda,001,1643700,3352,2830,2,2832,92
2020-05-24,Alpine,003,1148,2,1,0,1,0
2020-05-24,Amador,005,37829,10,9,0,9,0
2020-05-24,Butte,007,227075,59,35,1,36,0
2020-05-24,Calaveras,009,45235,15,13,0,13,0
2020-05-24,Colusa,011,21464,7,4,0,4,0
2020-05-24,Contra Costa,013,1133247,1502,1325,0,1325,37
2020-05-24,Del Norte,015,27424,43,16,0,16,0
2020-05-24,El Dorado,017,186661,95,76,0,76,0
2020-05-24,Fresno,019,978130,2753,1455,32,1487,22
2020-05-24,Glenn,021,27897,15,12,0,12,0
2020-05-24,Humboldt,023,135768,107,81,0,81,2
2020-05-24,Imperial,025,180216,2676,1369,5,1374,14
2020-05-24,Inyo,027,18085,19,20,0,20,1
2020-05-24,Kern,029,883053,2417,1861,5,1866,31
2020-05-24,Kings,031,150075,746,446,2,448,2
2020-05-24,Lake,033,64148,24,12,0,12,0
2020-05-24,Lassen,035,31185,5,0,2,2,0
2020-05-24,Los Angeles,037,10098052,53634,44954,20,44974,2085
2020-05-24,Madera,039,155013,179,83,0,83,2
2020-05-24,Marin,041,260295,440,401,2,403,14
2020-05-24,Mariposa,043,17540,16,15,0,15,1
2020-05-24,Mendocino,045,87422,22,19,0,19,0
2020-05-24,Merced,047,269075,354,258,0,258,6
2020-05-24,Modoc,049,8938,0,0,0,0,0
2020-05-24,Mono,051,14174,37,34,0,34,1
2020-05-24,Monterey,053,433212,507,405,0,405,8
2020-05-24,Napa,055,140530,125,104,0,104,3
2020-05-24,Nevada,057,99092,43,41,1,42,1
2020-05-24,Orange,059,3164182,7888,5439,40,5479,113
2020-05-24,Placer,061,380077,219,184,1,185,9
2020-05-24,Plumas,063,18699,4,4,0,4,0
2020-05-24,Riverside,065,2383286,7811,6571,7,6578,284
2020-05-24,Sacramento,067,1510023,1387,1283,1,1284,50
2020-05-24,San Benito,069,59416,84,67,0,67,2
2020-05-24,San Bernardino,071,2135413,5411,4262,3,4265,175
2020-05-24,San Diego,073,3302833,7648,6703,0,6703,249
2020-05-24,San Francisco,075,870044,2505,2318,0,2318,40
2020-05-24,San Joaquin,077,732212,944,760,4,764,33
2020-05-24,San Luis Obispo,079,281455,308,257,2,259,1
2020-05-24,San Mateo,081,765935,2195,1925,2,1927,71
2020-05-24,Santa Barbara,083,443738,1923,1573,4,1577,9
2020-05-24,Santa Clara,085,1922200,3060,2623,4,2627,139
2020-05-24,Santa Cruz,087,273765,215,185,0,185,2
2020-05-24,Shasta,089,179085,50,36,0,36,4
2020-05-24,Sierra,091,2930,1,1,0,1,0
2020-05-24,Siskiyou,093,43540,6,6,0,6,0
2020-05-24,Solano,095,438530,541,436,0,436,5
2020-05-24,Sonoma,097,501317,553,485,0,485,4
2020-05-24,Stanislaus,099,539301,729,634,5,639,27
2020-05-24,Sutter,101,95872,42,38,0,38,2
2020-05-24,Tehama,103,63373,5,2,1,3,1
2020-05-24,Trinity,105,12862,1,1,1,2,0
2020-05-24,Tulare,107,460477,2197,1684,4,1688,74
2020-05-24,Tuolumne,109,53932,5,2,0,2,0
2020-05-24,Ventura,111,848112,1366,982,3,985,27
2020-05-24,Yolo,113,214977,212,192,0,192,22
2020-05-24,Yuba,115,75493,26,24,0,24,1
2020-05-23,Alameda,001,1643700,3311,2783,2,2785,91
2020-05-23,Alpine,003,1148,2,1,0,1,0
2020-05-23,Amador,005,37829,10,9,0,9,0
2020-05-23,Butte,007,227075,58,34,1,35,0
2020-05-23,Calaveras,009,45235,15,13,0,13,0
2020-05-23,Colusa,011,21464,7,4,0,4,0
2020-05-23,Contra Costa,013,1133247,1491,1302,0,1302,36
2020-05-23,Del Norte,015,27424,43,10,0,10,0
2020-05-23,El Dorado,017,186661,95,74,0,74,0
2020-05-23,Fresno,019,978130,2733,1447,32,1479,21
2020-05-23,Glenn,021,27897,15,12,0,12,0
2020-05-23,Humboldt,023,135768,105,80,0,80,2
2020-05-23,Imperial,025,180216,2588,1283,5,1288,14
2020-05-23,Inyo,027,18085,19,20,0,20,1
2020-05-23,Kern,029,883053,2374,1806,5,1811,31
2020-05-23,Kings,031,150075,742,444,2,446,2
2020-05-23,Lake,033,64148,23,10,0,10,0
2020-05-23,Lassen,035,31185,5,0,2,2,0
2020-05-23,Los Angeles,037,10098052,53093,44029,20,44049,2069
2020-05-23,Madera,039,155013,175,83,0,83,2
2020-05-23,Marin,041,260295,440,393,1,394,14
2020-05-23,Mariposa,043,17540,16,15,0,15,1
2020-05-23,Mendocino,045,87422,22,13,0,13,0
2020-05-23,Merced,047,269075,351,247,0,247,6
2020-05-23,Modoc,049,8938,0,0,0,0,0
2020-05-23,Mono,051,14174,36,34,0,34,1
2020-05-23,Monterey,053,433212,493,397,0,397,8
2020-05-23,Napa,055,140530,121,101,0,101,3
2020-05-23,Nevada,057,99092,43,41,1,42,1
2020-05-23,Orange,059,3164182,7731,5313,39,5352,113
2020-05-23,Placer,061,380077,213,184,1,185,9
2020-05-23,Plumas,063,18699,4,4,0,4,0
2020-05-23,Riverside,065,2383286,7720,6460,7,6467,284
2020-05-23,Sacramento,067,1510023,1371,1275,1,1276,50
2020-05-23,San Benito,069,59416,79,67,0,67,2
2020-05-23,San Bernardino,071,2135413,5318,4172,3,4175,175
2020-05-23,San Diego,073,3302833,7557,6561,0,6561,249
2020-05-23,San Francisco,075,870044,2486,2312,0,2312,40
2020-05-23,San Joaquin,077,732212,929,759,4,763,33
2020-05-23,San Luis Obispo,079,281455,305,256,2,258,1
2020-05-23,San Mateo,081,765935,2167,1862,2,1864,71
2020-05-23,Santa Barbara,083,443738,1912,1566,4,1570,9
2020-05-23,Santa Clara,085,1922200,3047,2593,4,2597,139
2020-05-23,Santa Cruz,087,273765,213,177,0,177,2
2020-05-23,Shasta,089,179085,50,35,0,35,4
2020-05-23,Sierra,091,2930,1,1,0,1,0
2020-05-23,Siskiyou,093,43540,6,6,0,6,0
2020-05-23,Solano,095,438530,536,435,0,435,5
2020-05-23,Sonoma,097,501317,539,462,0,462,4
2020-05-23,Stanislaus,099,539301,721,625,5,630,27
2020-05-23,Sutter,101,95872,41,38,0,38,2
2020-05-23,Tehama,103,63373,5,2,1,3,1
2020-05-23,Trinity,105,12862,1,1,1,2,0
2020-05-23,Tulare,107,460477,2176,1682,4,1686,73
2020-05-23,Tuolumne,109,53932,5,2,0,2,0
2020-05-23,Ventura,111,848112,1346,961,3,964,27
2020-05-23,Yolo,113,214977,211,188,0,188,22
2020-05-23,Yuba,115,75493,26,24,0,24,1
2020-05-22,Alameda,001,1643700,3257,2722,2,2724,91
2020-05-22,Alpine,003,1148,2,1,0,1,0
2020-05-22,Amador,005,37829,10,9,0,9,0
2020-05-22,Butte,007,227075,56,34,1,35,0
2020-05-22,Calaveras,009,45235,15,13,0,13,0
2020-05-22,Colusa,011,21464,7,4,0,4,0
2020-05-22,Contra Costa,013,1133247,1479,1272,0,1272,36
2020-05-22,Del Norte,015,27424,41,9,0,9,0
2020-05-22,El Dorado,017,186661,92,74,0,74,0
2020-05-22,Fresno,019,978130,2674,1399,31,1430,20
2020-05-22,Glenn,021,27897,15,12,0,12,0
2020-05-22,Humboldt,023,135768,105,80,0,80,2
2020-05-22,Imperial,025,180216,2488,1214,5,1219,14
2020-05-22,Inyo,027,18085,19,20,0,20,1
2020-05-22,Kern,029,883053,2326,1749,5,1754,28
2020-05-22,Kings,031,150075,739,428,2,430,2
2020-05-22,Lake,033,64148,22,10,0,10,0
2020-05-22,Lassen,035,31185,3,0,2,2,0
2020-05-22,Los Angeles,037,10098052,52300,43025,20,43045,2027
2020-05-22,Madera,039,155013,171,82,0,82,2
2020-05-22,Marin,041,260295,436,372,1,373,14
2020-05-22,Mariposa,043,17540,16,15,0,15,1
2020-05-22,Mendocino,045,87422,21,13,0,13,0
2020-05-22,Merced,047,269075,351,233,0,233,6
2020-05-22,Modoc,049,8938,0,0,0,0,0
2020-05-22,Mono,051,14174,36,34,0,34,1
2020-05-22,Monterey,053,433212,482,372,0,372,8
2020-05-22,Napa,055,140530,119,97,0,97,3
2020-05-22,Nevada,057,99092,42,41,1,42,1
2020-05-22,Orange,059,3164182,7537,5144,38,5182,113
2020-05-22,Placer,061,380077,213,181,1,182,9
2020-05-22,Plumas,063,18699,4,4,0,4,0
2020-05-22,Riverside,065,2383286,7605,6351,7,6358,283
2020-05-22,Sacramento,067,1510023,1355,1262,1,1263,50
2020-05-22,San Benito,069,59416,78,64,0,64,2
2020-05-22,San Bernardino,071,2135413,5243,4107,3,4110,173
2020-05-22,San Diego,073,3302833,7471,6436,0,6436,242
2020-05-22,San Francisco,075,870044,2468,2251,0,2251,40
2020-05-22,San Joaquin,077,732212,916,747,4,751,33
2020-05-22,San Luis Obispo,079,281455,305,254,2,256,1
2020-05-22,San Mateo,081,765935,2148,1847,2,1849,71
2020-05-22,Santa Barbara,083,443738,1896,1554,4,1558,9
2020-05-22,Santa Clara,085,1922200,3029,2537,4,2541,139
2020-05-22,Santa Cruz,087,273765,210,171,0,171,2
2020-05-22,Shasta,089,179085,50,34,0,34,4
2020-05-22,Sierra,091,2930,1,0,0,0,0
2020-05-22,Siskiyou,093,43540,6,6,0,6,0
2020-05-22,Solano,095,438530,533,431,0,431,4
2020-05-22,Sonoma,097,501317,535,444,0,444,4
2020-05-22,Stanislaus,099,539301,711,616,5,621,27
2020-05-22,Sutter,101,95872,41,38,0,38,2
2020-05-22,Tehama,103,63373,5,2,0,2,1
2020-05-22,Trinity,105,12862,1,1,1,2,0
2020-05-22,Tulare,107,460477,2146,1662,4,1666,73
2020-05-22,Tuolumne,109,53932,5,2,0,2,0
2020-05-22,Ventura,111,848112,1328,937,3,940,27
2020-05-22,Yolo,113,214977,209,187,0,187,22
2020-05-22,Yuba,115,75493,26,24,0,24,1
2020-05-21,Alameda,001,1643700,3192,2606,2,2608,89
2020-05-21,Alpine,003,1148,2,1,0,1,0
2020-05-21,Amador,005,37829,10,9,0,9,0
2020-05-21,Butte,007,227075,55,31,1,32,0
2020-05-21,Calaveras,009,45235,14,13,0,13,0
2020-05-21,Colusa,011,21464,7,4,0,4,0
2020-05-21,Contra Costa,013,1133247,1443,1243,0,1243,36
2020-05-21,Del Norte,015,27424,38,9,0,9,0
2020-05-21,El Dorado,017,186661,91,67,0,67,0
2020-05-21,Fresno,019,978130,2584,1362,31,1393,20
2020-05-21,Glenn,021,27897,14,12,0,12,0
2020-05-21,Humboldt,023,135768,104,79,0,79,0
2020-05-21,Imperial,025,180216,2327,1096,5,1101,14
2020-05-21,Inyo,027,18085,19,20,0,20,1
2020-05-21,Kern,029,883053,2250,1684,4,1688,27
2020-05-21,Kings,031,150075,718,417,2,419,2
2020-05-21,Lake,033,64148,17,10,0,10,0
2020-05-21,Lassen,035,31185,3,0,2,2,0
2020-05-21,Los Angeles,037,10098052,51265,42063,20,42083,1996
2020-05-21,Madera,039,155013,168,82,0,82,2
2020-05-21,Marin,041,260295,425,359,1,360,14
2020-05-21,Mariposa,043,17540,16,15,0,15,1
2020-05-21,Mendocino,045,87422,21,12,0,12,0
2020-05-21,Merced,047,269075,340,226,0,226,6
2020-05-21,Modoc,049,8938,0,0,0,0,0
2020-05-21,Mono,051,14174,36,33,0,33,1
2020-05-21,Monterey,053,433212,471,363,0,363,8
2020-05-21,Napa,055,140530,117,96,0,96,3
2020-05-21,Nevada,057,99092,42,41,1,42,1
2020-05-21,Orange,059,3164182,7335,4975,38,5013,106
2020-05-21,Placer,061,380077,206,176,1,177,8
2020-05-21,Plumas,063,18699,4,4,0,4,0
2020-05-21,Riverside,065,2383286,7418,6245,7,6252,279
2020-05-21,Sacramento,067,1510023,1342,1258,1,1259,56
2020-05-21,San Benito,069,59416,75,61,0,61,2
2020-05-21,San Bernardino,071,2135413,5096,3950,3,3953,167
2020-05-21,San Diego,073,3302833,7335,6317,0,6317,241
2020-05-21,San Francisco,075,870044,2444,2248,0,2248,37
2020-05-21,San Joaquin,077,732212,880,730,4,734,33
2020-05-21,San Luis Obispo,079,281455,305,251,1,252,1
2020-05-21,San Mateo,081,765935,2111,1791,2,1793,74
2020-05-21,Santa Barbara,083,443738,1876,1541,4,1545,10
2020-05-21,Santa Clara,085,1922200,3009,2520,4,2524,138
2020-05-21,Santa Cruz,087,273765,202,164,0,164,3
2020-05-21,Shasta,089,179085,48,34,0,34,4
2020-05-21,Sierra,091,2930,1,0,0,0,0
2020-05-21,Siskiyou,093,43540,6,6,0,6,0
2020-05-21,Solano,095,438530,524,424,0,424,4
2020-05-21,Sonoma,097,501317,517,427,0,427,4
2020-05-21,Stanislaus,099,539301,700,602,5,607,27
2020-05-21,Sutter,101,95872,40,38,0,38,2
2020-05-21,Tehama,103,63373,4,2,0,2,1
2020-05-21,Trinity,105,12862,1,1,1,2,0
2020-05-21,Tulare,107,460477,2096,1606,4,1610,73
2020-05-21,Tuolumne,109,53932,3,2,0,2,0
2020-05-21,Ventura,111,848112,1281,907,3,910,30
2020-05-21,Yolo,113,214977,206,185,0,185,22
2020-05-21,Yuba,115,75493,26,24,0,24,1
2020-05-20,Alameda,001,1643700,3119,2554,2,2556,89
2020-05-20,Alpine,003,1148,2,1,0,1,0
2020-05-20,Amador,005,37829,10,9,0,9,0
2020-05-20,Butte,007,227075,52,30,1,31,0
2020-05-20,Calaveras,009,45235,14,13,0,13,0
2020-05-20,Colusa,011,21464,7,3,0,3,0
2020-05-20,Contra Costa,013,1133247,1413,1223,0,1223,33
2020-05-20,Del Norte,015,27424,31,9,0,9,0
2020-05-20,El Dorado,017,186661,90,67,0,67,0
2020-05-20,Fresno,019,978130,2512,1329,30,1359,17
2020-05-20,Glenn,021,27897,13,12,0,12,0
2020-05-20,Humboldt,023,135768,101,73,0,73,0
2020-05-20,Imperial,025,180216,2216,1047,5,1052,14
2020-05-20,Inyo,027,18085,19,20,0,20,1
2020-05-20,Kern,029,883053,2187,1639,3,1642,27
2020-05-20,Kings,031,150075,575,403,2,405,2
2020-05-20,Lake,033,64148,17,9,0,9,0
2020-05-20,Lassen,035,31185,2,0,2,2,0
2020-05-20,Los Angeles,037,10098052,50269,40932,20,40952,1955
2020-05-20,Madera,039,155013,166,82,0,82,2
2020-05-20,Marin,041,260295,398,348,1,349,14
2020-05-20,Mariposa,043,17540,16,15,0,15,1
2020-05-20,Mendocino,045,87422,21,12,0,12,0
2020-05-20,Merced,047,269075,333,225,0,225,6
2020-05-20,Modoc,049,8938,0,0,0,0,0
2020-05-20,Mono,051,14174,36,33,0,33,1
2020-05-20,Monterey,053,433212,457,356,0,356,8
2020-05-20,Napa,055,140530,110,93,0,93,3
2020-05-20,Nevada,057,99092,42,41,1,42,1
2020-05-20,Orange,059,3164182,7129,4866,37,4903,96
2020-05-20,Placer,061,380077,204,176,1,177,8
2020-05-20,Plumas,063,18699,4,4,0,4,0
2020-05-20,Riverside,065,2383286,7275,6090,7,6097,265
2020-05-20,Sacramento,067,1510023,1332,1244,1,1245,56
2020-05-20,San Benito,069,59416,74,61,0,61,2
2020-05-20,San Bernardino,071,2135413,4970,3771,3,3774,161
2020-05-20,San Diego,073,3302833,7218,6142,0,6142,230
2020-05-20,San Francisco,075,870044,2421,2199,0,2199,37
2020-05-20,San Joaquin,077,732212,844,713,4,717,33
2020-05-20,San Luis Obispo,079,281455,299,249,1,250,1
2020-05-20,San Mateo,081,765935,2058,1739,2,1741,74
2020-05-20,Santa Barbara,083,443738,1854,1524,4,1528,10
2020-05-20,Santa Clara,085,1922200,2989,2508,4,2512,138
2020-05-20,Santa Cruz,087,273765,199,163,0,163,3
2020-05-20,Shasta,089,179085,48,34,0,34,4
2020-05-20,Sierra,091,2930,1,0,0,0,0
2020-05-20,Siskiyou,093,43540,6,6,0,6,0
2020-05-20,Solano,095,438530,519,418,0,418,4
2020-05-20,Sonoma,097,501317,508,411,0,411,4
2020-05-20,Stanislaus,099,539301,684,584,4,588,25
2020-05-20,Sutter,101,95872,40,38,0,38,2
2020-05-20,Tehama,103,63373,4,2,0,2,1
2020-05-20,Trinity,105,12862,1,1,1,2,0
2020-05-20,Tulare,107,460477,2058,1585,4,1589,71
2020-05-20,Tuolumne,109,53932,3,2,0,2,0
2020-05-20,Ventura,111,848112,1248,879,3,882,29
2020-05-20,Yolo,113,214977,203,184,0,184,22
2020-05-20,Yuba,115,75493,26,23,0,23,1
2020-05-19,Alameda,001,1643700,3044,2493,0,2493,88
2020-05-19,Alpine,003,1148,2,1,0,1,0
2020-05-19,Amador,005,37829,10,9,0,9,0
2020-05-19,Butte,007,227075,50,25,1,26,0
2020-05-19,Calaveras,009,45235,14,13,0,13,0
2020-05-19,Colusa,011,21464,5,3,0,3,0
2020-05-19,Contra Costa,013,1133247,1390,1205,0,1205,33
2020-05-19,Del Norte,015,27424,28,8,0,8,0
2020-05-19,El Dorado,017,186661,87,67,0,67,0
2020-05-19,Fresno,019,978130,2403,1288,30,1318,15
2020-05-19,Glenn,021,27897,13,12,0,12,0
2020-05-19,Humboldt,023,135768,101,72,0,72,0
2020-05-19,Imperial,025,180216,2056,1012,5,1017,14
2020-05-19,Inyo,027,18085,19,20,0,20,1
2020-05-19,Kern,029,883053,2089,1601,3,1604,26
2020-05-19,Kings,031,150075,565,393,2,395,2
2020-05-19,Lake,033,64148,14,11,0,11,0
2020-05-19,Lassen,035,31185,2,0,2,2,0
2020-05-19,Los Angeles,037,10098052,49062,39670,20,39690,1906
2020-05-19,Madera,039,155013,163,80,0,80,2
2020-05-19,Marin,041,260295,374,340,1,341,14
2020-05-19,Mariposa,043,17540,16,15,0,15,1
2020-05-19,Mendocino,045,87422,21,12,0,12,0
2020-05-19,Merced,047,269075,325,222,0,222,5
2020-05-19,Modoc,049,8938,0,0,0,0,0
2020-05-19,Mono,051,14174,36,33,0,33,1
2020-05-19,Monterey,053,433212,445,350,0,350,8
2020-05-19,Napa,055,140530,109,93,0,93,3
2020-05-19,Nevada,057,99092,42,41,1,42,1
2020-05-19,Orange,059,3164182,6934,4746,37,4783,90
2020-05-19,Placer,061,380077,202,177,1,178,8
2020-05-19,Plumas,063,18699,4,5,0,5,0
2020-05-19,Riverside,065,2383286,7116,5963,7,5970,265
2020-05-19,Sacramento,067,1510023,1318,1239,1,1240,57
2020-05-19,San Benito,069,59416,72,59,0,59,2
2020-05-19,San Bernardino,071,2135413,4820,3656,3,3659,158
2020-05-19,San Diego,073,3302833,7074,6028,0,6028,222
2020-05-19,San Francisco,075,870044,2387,2186,0,2186,37
2020-05-19,San Joaquin,077,732212,822,705,4,709,33
2020-05-19,San Luis Obispo,079,281455,299,245,1,246,1
2020-05-19,San Mateo,081,765935,2017,1704,2,1706,71
2020-05-19,Santa Barbara,083,443738,1836,1521,4,1525,10
2020-05-19,Santa Clara,085,1922200,2941,2480,4,2484,138
2020-05-19,Santa Cruz,087,273765,188,161,0,161,3
2020-05-19,Shasta,089,179085,48,34,0,34,4
2020-05-19,Sierra,091,2930,0,0,0,0,0
2020-05-19,Siskiyou,093,43540,6,6,0,6,0
2020-05-19,Solano,095,438530,505,415,0,415,4
2020-05-19,Sonoma,097,501317,497,389,0,389,4
2020-05-19,Stanislaus,099,539301,670,582,4,586,25
2020-05-19,Sutter,101,95872,40,38,0,38,2
2020-05-19,Tehama,103,63373,4,2,0,2,1
2020-05-19,Trinity,105,12862,1,1,0,1,0
2020-05-19,Tulare,107,460477,2012,1551,4,1555,68
2020-05-19,Tuolumne,109,53932,3,2,0,2,0
2020-05-19,Ventura,111,848112,1211,861,2,863,28
2020-05-19,Yolo,113,214977,201,183,0,183,22
2020-05-19,Yuba,115,75493,26,23,0,23,1
2020-05-18,Alameda,001,1643700,2972,2442,0,2442,84
2020-05-18,Alpine,003,1148,1,1,0,1,0
2020-05-18,Amador,005,37829,10,8,0,8,0
2020-05-18,Butte,007,227075,48,24,1,25,0
2020-05-18,Calaveras,009,45235,14,13,0,13,0
2020-05-18,Colusa,011,21464,5,3,0,3,0
2020-05-18,Contra Costa,013,1133247,1359,1173,0,1173,33
2020-05-18,Del Norte,015,27424,23,8,0,8,0
2020-05-18,El Dorado,017,186661,85,67,0,67,0
2020-05-18,Fresno,019,978130,2327,1244,30,1274,14
2020-05-18,Glenn,021,27897,13,11,0,11,0
2020-05-18,Humboldt,023,135768,101,70,0,70,0
2020-05-18,Imperial,025,180216,1902,767,5,772,14
2020-05-18,Inyo,027,18085,19,20,0,20,1
2020-05-18,Kern,029,883053,2040,1566,3,1569,26
2020-05-18,Kings,031,150075,534,381,2,383,2
2020-05-18,Lake,033,64148,13,9,0,9,0
2020-05-18,Lassen,035,31185,2,0,2,2,0
2020-05-18,Los Angeles,037,10098052,48041,38477,20,38497,1825
2020-05-18,Madera,039,155013,157,74,0,74,2
2020-05-18,Marin,041,260295,361,329,1,330,14
2020-05-18,Mariposa,043,17540,16,15,0,15,1
2020-05-18,Mendocino,045,87422,16,12,0,12,0
2020-05-18,Merced,047,269075,316,217,0,217,5
2020-05-18,Modoc,049,8938,0,0,0,0,0
2020-05-18,Mono,051,14174,36,33,0,33,1
2020-05-18,Monterey,053,433212,434,345,0,345,8
2020-05-18,Napa,055,140530,105,92,0,92,3
2020-05-18,Nevada,057,99092,42,41,1,42,1
2020-05-18,Orange,059,3164182,6743,4558,34,4592,88
2020-05-18,Placer,061,380077,200,176,1,177,8
2020-05-18,Plumas,063,18699,4,5,0,5,0
2020-05-18,Riverside,065,2383286,6916,5873,7,5880,253
2020-05-18,Sacramento,067,1510023,1312,1233,0,1233,57
2020-05-18,San Benito,069,59416,70,59,0,59,2
2020-05-18,San Bernardino,071,2135413,4673,3558,3,3561,156
2020-05-18,San Diego,073,3302833,6941,5948,0,5948,211
2020-05-18,San Francisco,075,870044,2364,2183,0,2183,36
2020-05-18,San Joaquin,077,732212,810,697,4,701,33
2020-05-18,San Luis Obispo,079,281455,295,243,1,244,1
2020-05-18,San Mateo,081,765935,1979,1701,2,1703,68
2020-05-18,Santa Barbara,083,443738,1819,1501,4,1505,10
2020-05-18,Santa Clara,085,1922200,2910,2468,4,2472,137
2020-05-18,Santa Cruz,087,273765,186,160,0,160,3
2020-05-18,Shasta,089,179085,47,34,0,34,4
2020-05-18,Sierra,091,2930,0,0,0,0,0
2020-05-18,Siskiyou,093,43540,6,6,0,6,0
2020-05-18,Solano,095,438530,495,398,0,398,4
2020-05-18,Sonoma,097,501317,479,387,0,387,4
2020-05-18,Stanislaus,099,539301,658,572,4,576,25
2020-05-18,Sutter,101,95872,40,38,0,38,2
2020-05-18,Tehama,103,63373,4,2,0,2,1
2020-05-18,Trinity,105,12862,1,1,0,1,0
2020-05-18,Tulare,107,460477,1965,1491,4,1495,63
2020-05-18,Tuolumne,109,53932,3,2,0,2,0
2020-05-18,Ventura,111,848112,1189,850,1,851,27
2020-05-18,Yolo,113,214977,196,183,0,183,22
2020-05-18,Yuba,115,75493,26,23,0,23,1
2020-05-17,Alameda,001,1643700,2877,2389,0,2389,83
2020-05-17,Alpine,003,1148,1,1,0,1,0
2020-05-17,Amador,005,37829,10,8,0,8,0
2020-05-17,Butte,007,227075,48,23,1,24,0
2020-05-17,Calaveras,009,45235,14,13,0,13,0
2020-05-17,Colusa,011,21464,3,3,0,3,0
2020-05-17,Contra Costa,013,1133247,1321,1155,0,1155,33
2020-05-17,Del Norte,015,27424,23,7,0,7,0
2020-05-17,El Dorado,017,186661,85,65,0,65,0
2020-05-17,Fresno,019,978130,2228,1213,27,1240,14
2020-05-17,Glenn,021,27897,13,9,0,9,0
2020-05-17,Humboldt,023,135768,94,70,0,70,0
2020-05-17,Imperial,025,180216,1753,715,5,720,14
2020-05-17,Inyo,027,18085,19,20,0,20,1
2020-05-17,Kern,029,883053,1962,1546,3,1549,26
2020-05-17,Kings,031,150075,487,356,2,358,2
2020-05-17,Lake,033,64148,13,7,0,7,0
2020-05-17,Lassen,035,31185,2,0,2,2,0
2020-05-17,Los Angeles,037,10098052,46802,37996,20,38016,1807
2020-05-17,Madera,039,155013,155,69,0,69,2
2020-05-17,Marin,041,260295,350,315,1,316,14
2020-05-17,Mariposa,043,17540,15,15,0,15,1
2020-05-17,Mendocino,045,87422,15,10,0,10,0
2020-05-17,Merced,047,269075,305,214,0,214,5
2020-05-17,Modoc,049,8938,0,0,0,0,0
2020-05-17,Mono,051,14174,36,32,0,32,1
2020-05-17,Monterey,053,433212,414,342,0,342,8
2020-05-17,Napa,055,140530,102,89,0,89,3
2020-05-17,Nevada,057,99092,42,41,1,42,1
2020-05-17,Orange,059,3164182,6563,4466,34,4500,88
2020-05-17,Placer,061,380077,194,175,1,176,8
2020-05-17,Plumas,063,18699,4,4,0,4,0
2020-05-17,Riverside,065,2383286,6743,5776,7,5783,245
2020-05-17,Sacramento,067,1510023,1301,1224,0,1224,56
2020-05-17,San Benito,069,59416,69,59,0,59,2
2020-05-17,San Bernardino,071,2135413,4523,3467,3,3470,155
2020-05-17,San Diego,073,3302833,6809,5838,0,5838,209
2020-05-17,San Francisco,075,870044,2337,2132,0,2132,36
2020-05-17,San Joaquin,077,732212,780,688,4,692,32
2020-05-17,San Luis Obispo,079,281455,293,242,1,243,1
2020-05-17,San Mateo,081,765935,1942,1680,2,1682,68
2020-05-17,Santa Barbara,083,443738,1793,1457,4,1461,10
2020-05-17,Santa Clara,085,1922200,2872,2453,4,2457,135
2020-05-17,Santa Cruz,087,273765,175,155,0,155,3
2020-05-17,Shasta,089,179085,46,34,0,34,4
2020-05-17,Sierra,091,2930,0,0,0,0,0
2020-05-17,Siskiyou,093,43540,6,6,0,6,0
2020-05-17,Solano,095,438530,483,392,0,392,4
2020-05-17,Sonoma,097,501317,458,376,0,376,4
2020-05-17,Stanislaus,099,539301,647,566,4,570,25
2020-05-17,Sutter,101,95872,39,38,0,38,2
2020-05-17,Tehama,103,63373,3,2,0,2,1
2020-05-17,Trinity,105,12862,1,1,0,1,0
2020-05-17,Tulare,107,460477,1898,1430,3,1433,63
2020-05-17,Tuolumne,109,53932,3,2,0,2,0
2020-05-17,Ventura,111,848112,1147,838,1,839,27
2020-05-17,Yolo,113,214977,194,182,0,182,22
2020-05-17,Yuba,115,75493,26,21,0,21,1
2020-05-16,Alameda,001,1643700,2827,2327,0,2327,83
2020-05-16,Alpine,003,1148,1,1,0,1,0
2020-05-16,Amador,005,37829,10,8,0,8,0
2020-05-16,Butte,007,227075,43,22,1,23,0
2020-05-16,Calaveras,009,45235,14,13,0,13,0
2020-05-16,Colusa,011,21464,3,3,0,3,0
2020-05-16,Contra Costa,013,1133247,1303,1136,0,1136,33
2020-05-16,Del Norte,015,27424,19,4,0,4,0
2020-05-16,El Dorado,017,186661,85,65,0,65,0
2020-05-16,Fresno,019,978130,2173,1177,27,1204,14
2020-05-16,Glenn,021,27897,13,9,0,9,0
2020-05-16,Humboldt,023,135768,92,69,0,69,0
2020-05-16,Imperial,025,180216,1688,712,5,717,14
2020-05-16,Inyo,027,18085,19,20,0,20,1
2020-05-16,Kern,029,883053,1926,1509,3,1512,26
2020-05-16,Kings,031,150075,478,356,2,358,2
2020-05-16,Lake,033,64148,13,7,0,7,0
2020-05-16,Lassen,035,31185,1,0,2,2,0
2020-05-16,Los Angeles,037,10098052,46225,37352,20,37372,1778
2020-05-16,Madera,039,155013,153,70,0,70,2
2020-05-16,Marin,041,260295,346,297,1,298,14
2020-05-16,Mariposa,043,17540,15,15,0,15,1
2020-05-16,Mendocino,045,87422,15,10,0,10,0
2020-05-16,Merced,047,269075,303,201,0,201,5
2020-05-16,Modoc,049,8938,0,0,0,0,0
2020-05-16,Mono,051,14174,36,32,0,32,1
2020-05-16,Monterey,053,433212,399,329,0,329,8
2020-05-16,Napa,055,140530,102,86,0,86,3
2020-05-16,Nevada,057,99092,42,41,1,42,1
2020-05-16,Orange,059,3164182,6487,4396,34,4430,87
2020-05-16,Placer,061,380077,192,174,1,175,8
2020-05-16,Plumas,063,18699,4,4,0,4,0
2020-05-16,Riverside,065,2383286,6657,5633,7,5640,243
2020-05-16,Sacramento,067,1510023,1294,1209,0,1209,55
2020-05-16,San Benito,069,59416,64,58,0,58,2
2020-05-16,San Bernardino,071,2135413,4451,3362,3,3365,155
2020-05-16,San Diego,073,3302833,6723,5664,0,5664,209
2020-05-16,San Francisco,075,870044,2314,2094,0,2094,36
2020-05-16,San Joaquin,077,732212,772,668,4,672,32
2020-05-16,San Luis Obispo,079,281455,292,240,1,241,1
2020-05-16,San Mateo,081,765935,1927,1652,2,1654,68
2020-05-16,Santa Barbara,083,443738,1781,1422,3,1425,10
2020-05-16,Santa Clara,085,1922200,2857,2420,3,2423,135
2020-05-16,Santa Cruz,087,273765,172,154,0,154,3
2020-05-16,Shasta,089,179085,46,33,0,33,4
2020-05-16,Sierra,091,2930,0,0,0,0,0
2020-05-16,Siskiyou,093,43540,6,6,0,6,0
2020-05-16,Solano,095,438530,478,392,0,392,4
2020-05-16,Sonoma,097,501317,445,356,0,356,4
2020-05-16,Stanislaus,099,539301,638,546,4,550,24
2020-05-16,Sutter,101,95872,39,35,0,35,2
2020-05-16,Tehama,103,63373,3,2,0,2,1
2020-05-16,Trinity,105,12862,1,1,0,1,0
2020-05-16,Tulare,107,460477,1880,1426,3,1429,63
2020-05-16,Tuolumne,109,53932,3,2,0,2,0
2020-05-16,Ventura,111,848112,1122,813,1,814,25
2020-05-16,Yolo,113,214977,193,181,0,181,22
2020-05-16,Yuba,115,75493,26,21,0,21,1
2020-05-15,Alameda,001,1643700,2793,2289,0,2289,83
2020-05-15,Alpine,003,1148,1,1,0,1,0
2020-05-15,Amador,005,37829,10,8,0,8,0
2020-05-15,Butte,007,227075,41,22,1,23,0
2020-05-15,Calaveras,009,45235,14,13,0,13,0
2020-05-15,Colusa,011,21464,3,3,0,3,0
2020-05-15,Contra Costa,013,1133247,1285,1106,0,1106,33
2020-05-15,Del Norte,015,27424,14,4,0,4,0
2020-05-15,El Dorado,017,186661,85,64,0,64,0
2020-05-15,Fresno,019,978130,2107,1126,27,1153,14
2020-05-15,Glenn,021,27897,13,9,0,9,0
2020-05-15,Humboldt,023,135768,91,60,0,60,0
2020-05-15,Imperial,025,180216,1605,680,1,681,14
2020-05-15,Inyo,027,18085,19,20,0,20,1
2020-05-15,Kern,029,883053,1870,1472,3,1475,25
2020-05-15,Kings,031,150075,475,347,2,349,2
2020-05-15,Lake,033,64148,13,7,0,7,0
2020-05-15,Lassen,035,31185,1,0,2,2,0
2020-05-15,Los Angeles,037,10098052,45438,36317,20,36337,1734
2020-05-15,Madera,039,155013,152,71,0,71,2
2020-05-15,Marin,041,260295,338,295,1,296,14
2020-05-15,Mariposa,043,17540,15,15,0,15,1
2020-05-15,Mendocino,045,87422,15,10,0,10,0
2020-05-15,Merced,047,269075,300,191,0,191,5
2020-05-15,Modoc,049,8938,0,0,0,0,0
2020-05-15,Mono,051,14174,36,31,0,31,1
2020-05-15,Monterey,053,433212,393,321,0,321,8
2020-05-15,Napa,055,140530,102,83,0,83,3
2020-05-15,Nevada,057,99092,42,41,1,42,1
2020-05-15,Orange,059,3164182,6316,4281,34,4315,87
2020-05-15,Placer,061,380077,190,174,1,175,8
2020-05-15,Plumas,063,18699,4,4,0,4,0
2020-05-15,Riverside,065,2383286,6543,5496,7,5503,233
2020-05-15,Sacramento,067,1510023,1284,1203,0,1203,55
2020-05-15,San Benito,069,59416,61,57,0,57,2
2020-05-15,San Bernardino,071,2135413,4373,3225,3,3228,153
2020-05-15,San Diego,073,3302833,6616,5525,0,5525,208
2020-05-15,San Francisco,075,870044,2298,2062,0,2062,36
2020-05-15,San Joaquin,077,732212,766,656,4,660,32
2020-05-15,San Luis Obispo,079,281455,291,237,1,238,1
2020-05-15,San Mateo,081,765935,1905,1612,2,1614,68
2020-05-15,Santa Barbara,083,443738,1767,1409,3,1412,10
2020-05-15,Santa Clara,085,1922200,2830,2395,3,2398,135
2020-05-15,Santa Cruz,087,273765,171,146,0,146,3
2020-05-15,Shasta,089,179085,45,33,0,33,4
2020-05-15,Sierra,091,2930,0,0,0,0,0
2020-05-15,Siskiyou,093,43540,5,5,0,5,0
2020-05-15,Solano,095,438530,474,388,0,388,4
2020-05-15,Sonoma,097,501317,437,349,0,349,4
2020-05-15,Stanislaus,099,539301,631,540,4,544,23
2020-05-15,Sutter,101,95872,38,35,0,35,2
2020-05-15,Tehama,103,63373,3,1,0,1,1
2020-05-15,Trinity,105,12862,1,1,0,1,0
2020-05-15,Tulare,107,460477,1853,1356,3,1359,61
2020-05-15,Tuolumne,109,53932,3,2,0,2,0
2020-05-15,Ventura,111,848112,1105,789,0,789,25
2020-05-15,Yolo,113,214977,192,182,0,182,22
2020-05-15,Yuba,115,75493,26,21,0,21,1
2020-05-14,Alameda,001,1643700,2700,2255,0,2255,80
2020-05-14,Alpine,003,1148,1,1,0,1,0
2020-05-14,Amador,005,37829,10,8,0,8,0
2020-05-14,Butte,007,227075,39,22,1,23,0
2020-05-14,Calaveras,009,45235,14,13,0,13,0
2020-05-14,Colusa,011,21464,3,3,0,3,0
2020-05-14,Contra Costa,013,1133247,1259,1090,0,1090,32
2020-05-14,Del Norte,015,27424,14,4,0,4,0
2020-05-14,El Dorado,017,186661,76,59,0,59,0
2020-05-14,Fresno,019,978130,2051,1038,24,1062,12
2020-05-14,Glenn,021,27897,12,8,0,8,0
2020-05-14,Humboldt,023,135768,89,59,0,59,0
2020-05-14,Imperial,025,180216,1488,652,1,653,13
2020-05-14,Inyo,027,18085,19,20,0,20,1
2020-05-14,Kern,029,883053,1828,1430,3,1433,21
2020-05-14,Kings,031,150075,459,342,2,344,1
2020-05-14,Lake,033,64148,13,7,0,7,0
2020-05-14,Lassen,035,31185,1,0,2,2,0
2020-05-14,Los Angeles,037,10098052,44263,35427,20,35447,1693
2020-05-14,Madera,039,155013,143,69,0,69,2
2020-05-14,Marin,041,260295,320,283,1,284,14
2020-05-14,Mariposa,043,17540,15,15,0,15,0
2020-05-14,Mendocino,045,87422,14,10,0,10,0
2020-05-14,Merced,047,269075,290,182,0,182,3
2020-05-14,Modoc,049,8938,0,0,0,0,0
2020-05-14,Mono,051,14174,36,31,0,31,1
2020-05-14,Monterey,053,433212,383,317,0,317,7
2020-05-14,Napa,055,140530,100,83,0,83,3
2020-05-14,Nevada,057,99092,41,41,1,42,1
2020-05-14,Orange,059,3164182,6140,4163,32,4195,83
2020-05-14,Placer,061,380077,190,172,1,173,8
2020-05-14,Plumas,063,18699,4,4,0,4,0
2020-05-14,Riverside,065,2383286,6360,5339,7,5346,224
2020-05-14,Sacramento,067,1510023,1272,1181,0,1181,55
2020-05-14,San Benito,069,59416,59,56,0,56,2
2020-05-14,San Bernardino,071,2135413,4195,3149,3,3152,149
2020-05-14,San Diego,073,3302833,6482,5393,0,5393,200
2020-05-14,San Francisco,075,870044,2265,2029,0,2029,36
2020-05-14,San Joaquin,077,732212,751,643,4,647,31
2020-05-14,San Luis Obispo,079,281455,288,236,1,237,1
2020-05-14,San Mateo,081,765935,1873,1588,2,1590,67
2020-05-14,Santa Barbara,083,443738,1749,1395,3,1398,11
2020-05-14,Santa Clara,085,1922200,2809,2380,3,2383,134
2020-05-14,Santa Cruz,087,273765,169,145,0,145,3
2020-05-14,Shasta,089,179085,45,33,0,33,4
2020-05-14,Sierra,091,2930,0,0,0,0,0
2020-05-14,Siskiyou,093,43540,5,5,0,5,0
2020-05-14,Solano,095,438530,465,372,0,372,4
2020-05-14,Sonoma,097,501317,420,333,0,333,4
2020-05-14,Stanislaus,099,539301,612,533,4,537,23
2020-05-14,Sutter,101,95872,38,34,0,34,2
2020-05-14,Tehama,103,63373,3,1,0,1,1
2020-05-14,Trinity,105,12862,1,1,0,1,0
2020-05-14,Tulare,107,460477,1820,1317,3,1320,55
2020-05-14,Tuolumne,109,53932,3,2,0,2,0
2020-05-14,Ventura,111,848112,1077,760,0,760,25
2020-05-14,Yolo,113,214977,192,180,0,180,22
2020-05-14,Yuba,115,75493,26,21,0,21,1
2020-05-13,Alameda,001,1643700,2642,2181,0,2181,78
2020-05-13,Alpine,003,1148,1,1,0,1,0
2020-05-13,Amador,005,37829,10,8,0,8,0
2020-05-13,Butte,007,227075,39,21,1,22,0
2020-05-13,Calaveras,009,45235,14,13,0,13,0
2020-05-13,Colusa,011,21464,3,3,0,3,0
2020-05-13,Contra Costa,013,1133247,1237,1082,0,1082,32
2020-05-13,Del Norte,015,27424,13,4,0,4,0
2020-05-13,El Dorado,017,186661,75,58,0,58,0
2020-05-13,Fresno,019,978130,1959,993,24,1017,10
2020-05-13,Glenn,021,27897,11,6,0,6,0
2020-05-13,Humboldt,023,135768,83,58,0,58,0
2020-05-13,Imperial,025,180216,1418,610,1,611,11
2020-05-13,Inyo,027,18085,19,20,0,20,1
2020-05-13,Kern,029,883053,1783,1390,3,1393,19
2020-05-13,Kings,031,150075,446,314,2,316,1
2020-05-13,Lake,033,64148,13,7,0,7,0
2020-05-13,Lassen,035,31185,1,0,2,2,0
2020-05-13,Los Angeles,037,10098052,42957,34574,20,34594,1643
2020-05-13,Madera,039,155013,134,69,0,69,2
2020-05-13,Marin,041,260295,307,278,1,279,14
2020-05-13,Mariposa,043,17540,15,15,0,15,0
2020-05-13,Mendocino,045,87422,14,10,0,10,0
2020-05-13,Merced,047,269075,287,176,0,176,3
2020-05-13,Modoc,049,8938,0,0,0,0,0
2020-05-13,Mono,051,14174,35,31,0,31,1
2020-05-13,Monterey,053,433212,373,309,0,309,6
2020-05-13,Napa,055,140530,100,81,0,81,3
2020-05-13,Nevada,057,99092,41,41,1,42,1
2020-05-13,Orange,059,3164182,5894,4025,30,4055,79
2020-05-13,Placer,061,380077,189,170,1,171,8
2020-05-13,Plumas,063,18699,4,4,0,4,0
2020-05-13,Riverside,065,2383286,6237,5204,7,5211,216
2020-05-13,Sacramento,067,1510023,1257,1173,0,1173,53
2020-05-13,San Benito,069,59416,59,55,0,55,2
2020-05-13,San Bernardino,071,2135413,3940,3064,2,3066,140
2020-05-13,San Diego,073,3302833,6346,5280,0,5280,194
2020-05-13,San Francisco,075,870044,2237,2004,0,2004,35
2020-05-13,San Joaquin,077,732212,730,639,3,642,31
2020-05-13,San Luis Obispo,079,281455,286,231,1,232,1
2020-05-13,San Mateo,081,765935,1841,1550,2,1552,66
2020-05-13,Santa Barbara,083,443738,1733,1382,3,1385,10
2020-05-13,Santa Clara,085,1922200,2790,2370,3,2373,132
2020-05-13,Santa Cruz,087,273765,165,142,0,142,2
2020-05-13,Shasta,089,179085,45,32,0,32,4
2020-05-13,Sierra,091,2930,0,0,0,0,0
2020-05-13,Siskiyou,093,43540,5,5,0,5,0
2020-05-13,Solano,095,438530,452,368,0,368,4
2020-05-13,Sonoma,097,501317,410,330,0,330,4
2020-05-13,Stanislaus,099,539301,603,521,4,525,15
2020-05-13,Sutter,101,95872,38,33,0,33,2
2020-05-13,Tehama,103,63373,3,1,0,1,1
2020-05-13,Trinity,105,12862,1,2,0,2,0
2020-05-13,Tulare,107,460477,1787,1283,3,1286,54
2020-05-13,Tuolumne,109,53932,3,2,0,2,0
2020-05-13,Ventura,111,848112,1050,742,0,742,25
2020-05-13,Yolo,113,214977,190,178,0,178,22
2020-05-13,Yuba,115,75493,24,19,0,19,1
2020-05-12,Alameda,001,1643700,2579,2146,0,2146,74
2020-05-12,Alpine,003,1148,1,1,0,1,0
2020-05-12,Amador,005,37829,10,8,0,8,0
2020-05-12,Butte,007,227075,37,20,1,21,0
2020-05-12,Calaveras,009,45235,13,13,0,13,0
2020-05-12,Colusa,011,21464,3,3,0,3,0
2020-05-12,Contra Costa,013,1133247,1206,1067,0,1067,32
2020-05-12,Del Norte,015,27424,10,3,0,3,0
2020-05-12,El Dorado,017,186661,72,56,0,56,0
2020-05-12,Fresno,019,978130,1876,978,24,1002,9
2020-05-12,Glenn,021,27897,10,6,0,6,0
2020-05-12,Humboldt,023,135768,80,58,0,58,0
2020-05-12,Imperial,025,180216,1287,602,1,603,9
2020-05-12,Inyo,027,18085,19,20,0,20,1
2020-05-12,Kern,029,883053,1742,1363,3,1366,18
2020-05-12,Kings,031,150075,425,302,2,304,1
2020-05-12,Lake,033,64148,13,7,0,7,0
2020-05-12,Lassen,035,31185,1,0,2,2,0
2020-05-12,Los Angeles,037,10098052,41961,33281,19,33300,1601
2020-05-12,Madera,039,155013,130,69,0,69,2
2020-05-12,Marin,041,260295,302,274,1,275,14
2020-05-12,Mariposa,043,17540,15,15,0,15,0
2020-05-12,Mendocino,045,87422,14,10,0,10,0
2020-05-12,Merced,047,269075,276,175,0,175,3
2020-05-12,Modoc,049,8938,0,0,0,0,0
2020-05-12,Mono,051,14174,35,31,0,31,1
2020-05-12,Monterey,053,433212,366,298,0,298,6
2020-05-12,Napa,055,140530,98,80,0,80,3
2020-05-12,Nevada,057,99092,41,41,1,42,1
2020-05-12,Orange,059,3164182,5712,3843,28,3871,78
2020-05-12,Placer,061,380077,188,170,1,171,8
2020-05-12,Plumas,063,18699,4,4,0,4,0
2020-05-12,Riverside,065,2383286,6116,5134,7,5141,210
2020-05-12,Sacramento,067,1510023,1237,1166,0,1166,52
2020-05-12,San Benito,069,59416,59,55,0,55,2
2020-05-12,San Bernardino,071,2135413,3789,2997,2,2999,131
2020-05-12,San Diego,073,3302833,6202,3,0,3,0
2020-05-12,San Francisco,075,870044,2202,1981,0,1981,35
2020-05-12,San Joaquin,077,732212,715,625,3,628,30
2020-05-12,San Luis Obispo,079,281455,283,226,1,227,1
2020-05-12,San Mateo,081,765935,1815,1533,2,1535,66
2020-05-12,Santa Barbara,083,443738,1693,1377,3,1380,10
2020-05-12,Santa Clara,085,1922200,2760,2362,3,2365,131
2020-05-12,Santa Cruz,087,273765,163,141,0,141,2
2020-05-12,Shasta,089,179085,44,33,0,33,4
2020-05-12,Sierra,091,2930,0,0,0,0,0
2020-05-12,Siskiyou,093,43540,5,5,0,5,0
2020-05-12,Solano,095,438530,444,361,0,361,4
2020-05-12,Sonoma,097,501317,387,308,0,308,4
2020-05-12,Stanislaus,099,539301,596,515,4,519,15
2020-05-12,Sutter,101,95872,38,33,0,33,2
2020-05-12,Tehama,103,63373,3,1,0,1,1
2020-05-12,Trinity,105,12862,1,1,0,1,0
2020-05-12,Tulare,107,460477,1757,1261,2,1263,52
2020-05-12,Tuolumne,109,53932,3,2,0,2,0
2020-05-12,Ventura,111,848112,1013,718,0,718,20
2020-05-12,Yolo,113,214977,189,176,0,176,22
2020-05-12,Yuba,115,75493,24,19,0,19,1
2020-05-11,Alameda,001,1643700,2529,2103,0,2103,71
2020-05-11,Alpine,003,1148,1,1,0,1,0
2020-05-11,Amador,005,37829,10,8,0,8,0
2020-05-11,Butte,007,227075,36,19,1,20,0
2020-05-11,Calaveras,009,45235,13,13,0,13,0
2020-05-11,Colusa,011,21464,3,3,0,3,0
2020-05-11,Contra Costa,013,1133247,1192,1052,0,1052,32
2020-05-11,Del Norte,015,27424,8,3,0,3,0
2020-05-11,El Dorado,017,186661,72,55,0,55,0
2020-05-11,Fresno,019,978130,1789,937,22,959,8
2020-05-11,Glenn,021,27897,10,6,0,6,0
2020-05-11,Humboldt,023,135768,77,56,0,56,0
2020-05-11,Imperial,025,180216,1181,562,1,563,9
2020-05-11,Inyo,027,18085,19,20,0,20,1
2020-05-11,Kern,029,883053,1691,1331,3,1334,17
2020-05-11,Kings,031,150075,402,289,1,290,1
2020-05-11,Lake,033,64148,12,7,0,7,0
2020-05-11,Lassen,035,31185,1,0,2,2,0
2020-05-11,Los Angeles,037,10098052,40782,32279,19,32298,1553
2020-05-11,Madera,039,155013,122,68,0,68,2
2020-05-11,Marin,041,260295,293,271,1,272,14
2020-05-11,Mariposa,043,17540,15,15,0,15,0
2020-05-11,Mendocino,045,87422,14,10,0,10,0
2020-05-11,Merced,047,269075,261,158,0,158,3
2020-05-11,Modoc,049,8938,0,0,0,0,0
2020-05-11,Mono,051,14174,35,30,0,30,1
2020-05-11,Monterey,053,433212,363,286,0,286,6
2020-05-11,Napa,055,140530,92,79,0,79,2
2020-05-11,Nevada,057,99092,41,41,1,42,1
2020-05-11,Orange,059,3164182,5505,3699,23,3722,77
2020-05-11,Placer,061,380077,188,170,1,171,8
2020-05-11,Plumas,063,18699,4,4,0,4,0
2020-05-11,Riverside,065,2383286,5959,5082,7,5089,203
2020-05-11,Sacramento,067,1510023,1222,1160,0,1160,52
2020-05-11,San Benito,069,59416,57,52,0,52,2
2020-05-11,San Bernardino,071,2135413,3679,2945,2,2947,124
2020-05-11,San Diego,073,3302833,6049,5067,0,5067,175
2020-05-11,San Francisco,075,870044,2155,1974,0,1974,35
2020-05-11,San Joaquin,077,732212,705,620,3,623,30
2020-05-11,San Luis Obispo,079,281455,281,224,1,225,1
2020-05-11,San Mateo,081,765935,1789,1499,2,1501,66
2020-05-11,Santa Barbara,083,443738,1672,1372,3,1375,10
2020-05-11,Santa Clara,085,1922200,2744,2340,3,2343,129
2020-05-11,Santa Cruz,087,273765,160,140,0,140,2
2020-05-11,Shasta,089,179085,44,31,0,31,4
2020-05-11,Sierra,091,2930,0,0,0,0,0
2020-05-11,Siskiyou,093,43540,5,5,0,5,0
2020-05-11,Solano,095,438530,439,354,0,354,4
2020-05-11,Sonoma,097,501317,377,303,0,303,3
2020-05-11,Stanislaus,099,539301,586,507,4,511,14
2020-05-11,Sutter,101,95872,37,32,0,32,2
2020-05-11,Tehama,103,63373,3,1,0,1,1
2020-05-11,Trinity,105,12862,1,1,0,1,0
2020-05-11,Tulare,107,460477,1708,1203,2,1205,49
2020-05-11,Tuolumne,109,53932,3,2,0,2,0
2020-05-11,Ventura,111,848112,969,698,0,698,19
2020-05-11,Yolo,113,214977,189,174,0,174,20
2020-05-11,Yuba,115,75493,24,18,0,18,1
2020-05-10,Alameda,001,1643700,2452,2047,0,2047,71
2020-05-10,Alpine,003,1148,1,1,0,1,0
2020-05-10,Amador,005,37829,10,8,0,8,0
2020-05-10,Butte,007,227075,32,18,1,19,0
2020-05-10,Calaveras,009,45235,13,13,0,13,0
2020-05-10,Colusa,011,21464,3,3,0,3,0
2020-05-10,Contra Costa,013,1133247,1178,1046,0,1046,31
2020-05-10,Del Norte,015,27424,7,3,0,3,0
2020-05-10,El Dorado,017,186661,72,55,0,55,0
2020-05-10,Fresno,019,978130,1707,894,22,916,8
2020-05-10,Glenn,021,27897,10,6,0,6,0
2020-05-10,Humboldt,023,135768,73,56,0,56,0
2020-05-10,Imperial,025,180216,1085,509,1,510,7
2020-05-10,Inyo,027,18085,19,20,0,20,1
2020-05-10,Kern,029,883053,1640,1300,2,1302,16
2020-05-10,Kings,031,150075,389,266,1,267,1
2020-05-10,Lake,033,64148,12,7,0,7,0
2020-05-10,Lassen,035,31185,1,0,2,2,0
2020-05-10,Los Angeles,037,10098052,39521,31711,19,31730,1514
2020-05-10,Madera,039,155013,120,65,0,65,2
2020-05-10,Marin,041,260295,285,267,1,268,14
2020-05-10,Mariposa,043,17540,15,15,0,15,0
2020-05-10,Mendocino,045,87422,13,10,0,10,0
2020-05-10,Merced,047,269075,246,154,0,154,3
2020-05-10,Modoc,049,8938,0,0,0,0,0
2020-05-10,Mono,051,14174,35,27,0,27,1
2020-05-10,Monterey,053,433212,349,282,0,282,6
2020-05-10,Napa,055,140530,86,79,0,79,2
2020-05-10,Nevada,057,99092,41,41,1,42,1
2020-05-10,Orange,059,3164182,5360,3627,23,3650,76
2020-05-10,Placer,061,380077,187,168,1,169,8
2020-05-10,Plumas,063,18699,4,4,0,4,0
2020-05-10,Riverside,065,2383286,5837,4951,7,4958,193
2020-05-10,Sacramento,067,1510023,1206,1152,0,1152,52
2020-05-10,San Benito,069,59416,57,52,0,52,2
2020-05-10,San Bernardino,071,2135413,3581,2910,2,2912,121
2020-05-10,San Diego,073,3302833,5897,4928,0,4928,175
2020-05-10,San Francisco,075,870044,2137,1953,0,1953,35
2020-05-10,San Joaquin,077,732212,690,611,3,614,29
2020-05-10,San Luis Obispo,079,281455,278,218,1,219,1
2020-05-10,San Mateo,081,765935,1767,1463,2,1465,65
2020-05-10,Santa Barbara,083,443738,1650,1323,3,1326,10
2020-05-10,Santa Clara,085,1922200,2720,2331,3,2334,129
2020-05-10,Santa Cruz,087,273765,159,139,0,139,2
2020-05-10,Shasta,089,179085,44,31,0,31,4
2020-05-10,Sierra,091,2930,0,0,0,0,0
2020-05-10,Siskiyou,093,43540,5,5,0,5,0
2020-05-10,Solano,095,438530,429,322,0,322,4
2020-05-10,Sonoma,097,501317,367,290,0,290,3
2020-05-10,Stanislaus,099,539301,579,498,4,502,14
2020-05-10,Sutter,101,95872,34,31,0,31,2
2020-05-10,Tehama,103,63373,3,1,0,1,1
2020-05-10,Trinity,105,12862,1,1,0,1,0
2020-05-10,Tulare,107,460477,1640,1143,2,1145,47
2020-05-10,Tuolumne,109,53932,3,2,0,2,0
2020-05-10,Ventura,111,848112,921,690,0,690,19
2020-05-10,Yolo,113,214977,189,173,0,173,20
2020-05-10,Yuba,115,75493,23,17,0,17,1
2020-05-09,Alameda,001,1643700,2409,2011,0,2011,71
2020-05-09,Alpine,003,1148,1,1,0,1,0
2020-05-09,Amador,005,37829,9,8,0,8,0
2020-05-09,Butte,007,227075,31,18,1,19,0
2020-05-09,Calaveras,009,45235,13,13,0,13,0
2020-05-09,Colusa,011,21464,3,3,0,3,0
2020-05-09,Contra Costa,013,1133247,1164,1039,0,1039,31
2020-05-09,Del Norte,015,27424,7,3,0,3,0
2020-05-09,El Dorado,017,186661,69,54,0,54,0
2020-05-09,Fresno,019,978130,1669,861,21,882,8
2020-05-09,Glenn,021,27897,9,6,0,6,0
2020-05-09,Humboldt,023,135768,71,55,0,55,0
2020-05-09,Imperial,025,180216,1029,474,1,475,7
2020-05-09,Inyo,027,18085,19,20,0,20,1
2020-05-09,Kern,029,883053,1604,1262,1,1263,15
2020-05-09,Kings,031,150075,384,264,1,265,1
2020-05-09,Lake,033,64148,12,7,0,7,0
2020-05-09,Lassen,035,31185,1,0,2,2,0
2020-05-09,Los Angeles,037,10098052,38898,31268,19,31287,1499
2020-05-09,Madera,039,155013,119,61,0,61,2
2020-05-09,Marin,041,260295,284,261,1,262,14
2020-05-09,Mariposa,043,17540,15,15,0,15,0
2020-05-09,Mendocino,045,87422,13,10,0,10,0
2020-05-09,Merced,047,269075,242,153,0,153,3
2020-05-09,Modoc,049,8938,0,0,0,0,0
2020-05-09,Mono,051,14174,35,27,0,27,1
2020-05-09,Monterey,053,433212,342,273,0,273,6
2020-05-09,Napa,055,140530,85,78,0,78,2
2020-05-09,Nevada,057,99092,41,41,1,42,1
2020-05-09,Orange,059,3164182,5278,3506,22,3528,75
2020-05-09,Placer,061,380077,186,168,1,169,8
2020-05-09,Plumas,063,18699,4,4,0,4,0
2020-05-09,Riverside,065,2383286,5743,4871,7,4878,183
2020-05-09,Sacramento,067,1510023,1202,1150,0,1150,52
2020-05-09,San Benito,069,59416,56,52,0,52,2
2020-05-09,San Bernardino,071,2135413,3525,2825,2,2827,121
2020-05-09,San Diego,073,3302833,5785,4778,0,4778,175
2020-05-09,San Francisco,075,870044,2122,1944,0,1944,34
2020-05-09,San Joaquin,077,732212,681,605,3,608,28
2020-05-09,San Luis Obispo,079,281455,274,213,1,214,1
2020-05-09,San Mateo,081,765935,1748,1453,2,1455,65
2020-05-09,Santa Barbara,083,443738,1637,1245,3,1248,10
2020-05-09,Santa Clara,085,1922200,2709,2317,3,2320,128
2020-05-09,Santa Cruz,087,273765,158,138,0,138,2
2020-05-09,Shasta,089,179085,44,31,0,31,4
2020-05-09,Sierra,091,2930,0,0,0,0,0
2020-05-09,Siskiyou,093,43540,5,5,0,5,0
2020-05-09,Solano,095,438530,423,321,0,321,4
2020-05-09,Sonoma,097,501317,363,288,0,288,3
2020-05-09,Stanislaus,099,539301,571,491,4,495,12
2020-05-09,Sutter,101,95872,34,31,0,31,2
2020-05-09,Tehama,103,63373,2,1,0,1,1
2020-05-09,Trinity,105,12862,1,1,0,1,0
2020-05-09,Tulare,107,460477,1612,1083,2,1085,47
2020-05-09,Tuolumne,109,53932,3,2,0,2,0
2020-05-09,Ventura,111,848112,900,679,0,679,19
2020-05-09,Yolo,113,214977,189,172,0,172,18
2020-05-09,Yuba,115,75493,23,17,0,17,1
2020-05-08,Alameda,001,1643700,2366,1955,0,1955,70
2020-05-08,Alpine,003,1148,1,1,0,1,0
2020-05-08,Amador,005,37829,9,8,0,8,0
2020-05-08,Butte,007,227075,31,18,1,19,0
2020-05-08,Calaveras,009,45235,13,13,0,13,0
2020-05-08,Colusa,011,21464,3,3,0,3,0
2020-05-08,Contra Costa,013,1133247,1152,1024,0,1024,29
2020-05-08,Del Norte,015,27424,7,3,0,3,0
2020-05-08,El Dorado,017,186661,68,54,0,54,0
2020-05-08,Fresno,019,978130,1632,838,20,858,8
2020-05-08,Glenn,021,27897,8,6,0,6,0
2020-05-08,Humboldt,023,135768,68,54,0,54,0
2020-05-08,Imperial,025,180216,983,467,1,468,7
2020-05-08,Inyo,027,18085,19,20,0,20,1
2020-05-08,Kern,029,883053,1573,1214,1,1215,13
2020-05-08,Kings,031,150075,375,236,1,237,1
2020-05-08,Lake,033,64148,12,7,0,7,0
2020-05-08,Lassen,035,31185,1,0,2,2,0
2020-05-08,Los Angeles,037,10098052,38168,30357,19,30376,1447
2020-05-08,Madera,039,155013,116,57,0,57,2
2020-05-08,Marin,041,260295,284,257,1,258,14
2020-05-08,Mariposa,043,17540,15,15,0,15,0
2020-05-08,Mendocino,045,87422,13,10,0,10,0
2020-05-08,Merced,047,269075,241,151,0,151,3
2020-05-08,Modoc,049,8938,0,0,0,0,0
2020-05-08,Mono,051,14174,32,27,0,27,1
2020-05-08,Monterey,053,433212,334,265,0,265,6
2020-05-08,Napa,055,140530,84,78,0,78,2
2020-05-08,Nevada,057,99092,41,41,1,42,1
2020-05-08,Orange,059,3164182,5134,3395,22,3417,72
2020-05-08,Placer,061,380077,184,166,1,167,8
2020-05-08,Plumas,063,18699,4,4,0,4,0
2020-05-08,Riverside,065,2383286,5644,4672,7,4679,181
2020-05-08,Sacramento,067,1510023,1197,1145,0,1145,51
2020-05-08,San Benito,069,59416,56,51,0,51,2
2020-05-08,San Bernardino,071,2135413,3477,2631,2,2633,119
2020-05-08,San Diego,073,3302833,5678,4664,0,4664,169
2020-05-08,San Francisco,075,870044,2104,1890,0,1890,33
2020-05-08,San Joaquin,077,732212,674,595,3,598,28
2020-05-08,San Luis Obispo,079,281455,271,210,1,211,1
2020-05-08,San Mateo,081,765935,1663,1423,2,1425,62
2020-05-08,Santa Barbara,083,443738,1624,1054,2,1056,8
2020-05-08,Santa Clara,085,1922200,2686,2285,3,2288,128
2020-05-08,Santa Cruz,087,273765,154,137,0,137,2
2020-05-08,Shasta,089,179085,44,31,0,31,4
2020-05-08,Sierra,091,2930,0,0,0,0,0
2020-05-08,Siskiyou,093,43540,5,5,0,5,0
2020-05-08,Solano,095,438530,418,314,0,314,4
2020-05-08,Sonoma,097,501317,358,285,0,285,3
2020-05-08,Stanislaus,099,539301,557,487,4,491,12
2020-05-08,Sutter,101,95872,34,30,0,30,2
2020-05-08,Tehama,103,63373,2,1,0,1,1
2020-05-08,Trinity,105,12862,1,0,0,0,0
2020-05-08,Tulare,107,460477,1567,1050,2,1052,43
2020-05-08,Tuolumne,109,53932,3,2,0,2,0
2020-05-08,Ventura,111,848112,883,665,0,665,19
2020-05-08,Yolo,113,214977,188,172,0,172,18
2020-05-08,Yuba,115,75493,22,16,0,16,1
2020-05-07,Alameda,001,1643700,2306,1914,0,1914,68
2020-05-07,Alpine,003,1148,1,1,0,1,0
2020-05-07,Amador,005,37829,9,8,0,8,0
2020-05-07,Butte,007,227075,31,19,1,20,0
2020-05-07,Calaveras,009,45235,13,13,0,13,0
2020-05-07,Colusa,011,21464,3,3,0,3,0
2020-05-07,Contra Costa,013,1133247,1138,1005,0,1005,29
2020-05-07,Del Norte,015,27424,6,3,0,3,0
2020-05-07,El Dorado,017,186661,67,54,0,54,0
2020-05-07,Fresno,019,978130,1552,812,19,831,8
2020-05-07,Glenn,021,27897,8,5,0,5,0
2020-05-07,Humboldt,023,135768,67,54,0,54,0
2020-05-07,Imperial,025,180216,920,442,1,443,6
2020-05-07,Inyo,027,18085,19,20,0,20,1
2020-05-07,Kern,029,883053,1529,1176,1,1177,13
2020-05-07,Kings,031,150075,353,219,1,220,1
2020-05-07,Lake,033,64148,11,7,0,7,0
2020-05-07,Lassen,035,31185,1,0,2,2,0
2020-05-07,Los Angeles,037,10098052,37046,29544,19,29563,1399
2020-05-07,Madera,039,155013,112,54,0,54,2
2020-05-07,Marin,041,260295,277,252,1,253,14
2020-05-07,Mariposa,043,17540,15,15,0,15,0
2020-05-07,Mendocino,045,87422,13,10,0,10,0
2020-05-07,Merced,047,269075,233,146,0,146,3
2020-05-07,Modoc,049,8938,0,0,0,0,0
2020-05-07,Mono,051,14174,32,26,0,26,1
2020-05-07,Monterey,053,433212,326,249,0,249,6
2020-05-07,Napa,055,140530,84,78,0,78,2
2020-05-07,Nevada,057,99092,41,41,1,42,1
2020-05-07,Orange,059,3164182,4951,3283,21,3304,69
2020-05-07,Placer,061,380077,184,165,1,166,8
2020-05-07,Plumas,063,18699,4,4,0,4,0
2020-05-07,Riverside,065,2383286,5528,4608,7,4615,170
2020-05-07,Sacramento,067,1510023,1191,1139,0,1139,50
2020-05-07,San Benito,069,59416,56,50,0,50,2
2020-05-07,San Bernardino,071,2135413,3385,2522,2,2524,115
2020-05-07,San Diego,073,3302833,5521,4431,0,4431,165
2020-05-07,San Francisco,075,870044,2073,1852,0,1852,33
2020-05-07,San Joaquin,077,732212,661,583,3,586,28
2020-05-07,San Luis Obispo,079,281455,260,209,1,210,1
2020-05-07,San Mateo,081,765935,1641,1398,2,1400,58
2020-05-07,Santa Barbara,083,443738,1592,720,2,722,8
2020-05-07,Santa Clara,085,1922200,2649,2281,3,2284,127
2020-05-07,Santa Cruz,087,273765,151,136,0,136,2
2020-05-07,Shasta,089,179085,43,31,0,31,4
2020-05-07,Sierra,091,2930,0,0,0,0,0
2020-05-07,Siskiyou,093,43540,5,5,0,5,0
2020-05-07,Solano,095,438530,412,307,0,307,4
2020-05-07,Sonoma,097,501317,346,282,0,282,3
2020-05-07,Stanislaus,099,539301,548,466,4,470,10
2020-05-07,Sutter,101,95872,34,29,0,29,2
2020-05-07,Tehama,103,63373,2,1,0,1,1
2020-05-07,Trinity,105,12862,1,0,0,0,0
2020-05-07,Tulare,107,460477,1501,1001,2,1003,41
2020-05-07,Tuolumne,109,53932,3,2,0,2,0
2020-05-07,Ventura,111,848112,861,647,0,647,19
2020-05-07,Yolo,113,214977,187,172,0,172,18
2020-05-07,Yuba,115,75493,22,16,0,16,1
2020-05-06,Alameda,001,1643700,2268,1864,0,1864,67
2020-05-06,Alpine,003,1148,1,1,0,1,0
2020-05-06,Amador,005,37829,9,8,0,8,0
2020-05-06,Butte,007,227075,30,19,1,20,0
2020-05-06,Calaveras,009,45235,13,13,0,13,0
2020-05-06,Colusa,011,21464,3,3,0,3,0
2020-05-06,Contra Costa,013,1133247,1117,990,0,990,29
2020-05-06,Del Norte,015,27424,6,3,0,3,0
2020-05-06,El Dorado,017,186661,65,53,0,53,0
2020-05-06,Fresno,019,978130,1491,773,17,790,8
2020-05-06,Glenn,021,27897,8,3,0,3,0
2020-05-06,Humboldt,023,135768,66,54,0,54,0
2020-05-06,Imperial,025,180216,852,399,1,400,6
2020-05-06,Inyo,027,18085,19,20,0,20,1
2020-05-06,Kern,029,883053,1474,1112,1,1113,12
2020-05-06,Kings,031,150075,335,208,1,209,1
2020-05-06,Lake,033,64148,11,7,0,7,0
2020-05-06,Lassen,035,31185,1,0,2,2,0
2020-05-06,Los Angeles,037,10098052,36041,28687,19,28706,1347
2020-05-06,Madera,039,155013,110,55,0,55,2
2020-05-06,Marin,041,260295,270,244,1,245,14
2020-05-06,Mariposa,043,17540,15,14,0,14,0
2020-05-06,Mendocino,045,87422,13,10,0,10,0
2020-05-06,Merced,047,269075,226,140,0,140,3
2020-05-06,Modoc,049,8938,0,0,0,0,0
2020-05-06,Mono,051,14174,32,26,0,26,1
2020-05-06,Monterey,053,433212,318,246,0,246,6
2020-05-06,Napa,055,140530,83,78,0,78,2
2020-05-06,Nevada,057,99092,41,41,1,42,1
2020-05-06,Orange,059,3164182,4767,3156,20,3176,66
2020-05-06,Placer,061,380077,181,164,1,165,8
2020-05-06,Plumas,063,18699,4,4,0,4,0
2020-05-06,Riverside,065,2383286,5383,4535,7,4542,163
2020-05-06,Sacramento,067,1510023,1184,1135,0,1135,49
2020-05-06,San Benito,069,59416,55,50,0,50,2
2020-05-06,San Bernardino,071,2135413,3263,2426,1,2427,110
2020-05-06,San Diego,073,3302833,5388,4321,0,4321,158
2020-05-06,San Francisco,075,870044,2048,1804,0,1804,32
2020-05-06,San Joaquin,077,732212,648,581,3,584,28
2020-05-06,San Luis Obispo,079,281455,257,207,1,208,1
2020-05-06,San Mateo,081,765935,1610,1348,2,1350,57
2020-05-06,Santa Barbara,083,443738,1545,565,2,567,8
2020-05-06,Santa Clara,085,1922200,2633,2270,3,2273,127
2020-05-06,Santa Cruz,087,273765,147,135,0,135,2
2020-05-06,Shasta,089,179085,43,31,0,31,4
2020-05-06,Sierra,091,2930,0,0,0,0,0
2020-05-06,Siskiyou,093,43540,5,5,0,5,0
2020-05-06,Solano,095,438530,402,300,0,300,4
2020-05-06,Sonoma,097,501317,330,269,0,269,3
2020-05-06,Stanislaus,099,539301,532,434,4,438,9
2020-05-06,Sutter,101,95872,34,29,0,29,2
2020-05-06,Tehama,103,63373,2,1,0,1,1
2020-05-06,Trinity,105,12862,1,0,0,0,0
2020-05-06,Tulare,107,460477,1453,963,2,965,40
2020-05-06,Tuolumne,109,53932,3,2,0,2,0
2020-05-06,Ventura,111,848112,836,619,0,619,19
2020-05-06,Yolo,113,214977,186,172,0,172,18
2020-05-06,Yuba,115,75493,22,15,0,15,1
2020-05-05,Alameda,001,1643700,2225,1819,0,1819,67
2020-05-05,Alpine,003,1148,1,1,0,1,0
2020-05-05,Amador,005,37829,9,8,0,8,0
2020-05-05,Butte,007,227075,29,19,1,20,0
2020-05-05,Calaveras,009,45235,13,13,0,13,0
2020-05-05,Colusa,011,21464,3,3,0,3,0
2020-05-05,Contra Costa,013,1133247,1099,976,0,976,29
2020-05-05,Del Norte,015,27424,6,3,0,3,0
2020-05-05,El Dorado,017,186661,63,54,0,54,0
2020-05-05,Fresno,019,978130,1419,726,15,741,8
2020-05-05,Glenn,021,27897,8,3,0,3,0
2020-05-05,Humboldt,023,135768,63,54,0,54,0
2020-05-05,Imperial,025,180216,797,389,1,390,6
2020-05-05,Inyo,027,18085,19,20,0,20,1
2020-05-05,Kern,029,883053,1423,1084,1,1085,11
2020-05-05,Kings,031,150075,319,187,1,188,1
2020-05-05,Lake,033,64148,10,7,0,7,0
2020-05-05,Lassen,035,31185,1,0,2,2,0
2020-05-05,Los Angeles,037,10098052,34971,27867,19,27886,1289
2020-05-05,Madera,039,155013,107,53,0,53,2
2020-05-05,Marin,041,260295,264,244,1,245,14
2020-05-05,Mariposa,043,17540,15,14,0,14,0
2020-05-05,Mendocino,045,87422,13,10,0,10,0
2020-05-05,Merced,047,269075,221,141,0,141,3
2020-05-05,Modoc,049,8938,0,0,0,0,0
2020-05-05,Mono,051,14174,32,25,0,25,1
2020-05-05,Monterey,053,433212,304,240,0,240,6
2020-05-05,Napa,055,140530,83,74,0,74,2
2020-05-05,Nevada,057,99092,41,41,1,42,1
2020-05-05,Orange,059,3164182,4645,3041,20,3061,63
2020-05-05,Placer,061,380077,181,162,1,163,8
2020-05-05,Plumas,063,18699,4,4,0,4,0
2020-05-05,Riverside,065,2383286,5273,4309,7,4316,161
2020-05-05,Sacramento,067,1510023,1177,1125,0,1125,48
2020-05-05,San Benito,069,59416,54,50,0,50,2
2020-05-05,San Bernardino,071,2135413,3170,2345,1,2346,104
2020-05-05,San Diego,073,3302833,5245,4162,0,4162,150
2020-05-05,San Francisco,075,870044,2013,1779,0,1779,31
2020-05-05,San Joaquin,077,732212,639,577,3,580,26
2020-05-05,San Luis Obispo,079,281455,256,203,1,204,1
2020-05-05,San Mateo,081,765935,1578,1335,2,1337,56
2020-05-05,Santa Barbara,083,443738,1319,541,2,543,7
2020-05-05,Santa Clara,085,1922200,2590,2249,3,2252,124
2020-05-05,Santa Cruz,087,273765,144,134,0,134,2
2020-05-05,Shasta,089,179085,42,31,0,31,4
2020-05-05,Sierra,091,2930,0,0,0,0,0
2020-05-05,Siskiyou,093,43540,5,5,0,5,0
2020-05-05,Solano,095,438530,386,299,0,299,4
2020-05-05,Sonoma,097,501317,327,263,0,263,3
2020-05-05,Stanislaus,099,539301,520,430,4,434,9
2020-05-05,Sutter,101,95872,34,29,0,29,2
2020-05-05,Tehama,103,63373,2,1,0,1,1
2020-05-05,Trinity,105,12862,1,0,0,0,0
2020-05-05,Tulare,107,460477,1364,869,2,871,40
2020-05-05,Tuolumne,109,53932,3,2,0,2,0
2020-05-05,Ventura,111,848112,813,607,0,607,19
2020-05-05,Yolo,113,214977,184,171,0,171,18
2020-05-05,Yuba,115,75493,22,15,0,15,1
2020-05-04,Alameda,001,1643700,2166,1762,0,1762,65
2020-05-04,Alpine,003,1148,1,1,0,1,0
2020-05-04,Amador,005,37829,8,8,0,8,0
2020-05-04,Butte,007,227075,28,16,1,17,0
2020-05-04,Calaveras,009,45235,13,13,0,13,0
2020-05-04,Colusa,011,21464,3,3,0,3,0
2020-05-04,Contra Costa,013,1133247,1081,949,0,949,28
2020-05-04,Del Norte,015,27424,5,3,0,3,0
2020-05-04,El Dorado,017,186661,62,51,0,51,0
2020-05-04,Fresno,019,978130,1351,680,14,694,8
2020-05-04,Glenn,021,27897,8,4,0,4,0
2020-05-04,Humboldt,023,135768,61,54,0,54,0
2020-05-04,Imperial,025,180216,744,351,1,352,6
2020-05-04,Inyo,027,18085,19,20,0,20,1
2020-05-04,Kern,029,883053,1382,1047,1,1048,8
2020-05-04,Kings,031,150075,302,153,1,154,1
2020-05-04,Lake,033,64148,9,7,0,7,0
2020-05-04,Lassen,035,31185,1,0,2,2,0
2020-05-04,Los Angeles,037,10098052,33668,26243,18,26261,1235
2020-05-04,Madera,039,155013,106,52,0,52,2
2020-05-04,Marin,041,260295,259,244,1,245,13
2020-05-04,Mariposa,043,17540,15,13,0,13,0
2020-05-04,Mendocino,045,87422,13,10,0,10,0
2020-05-04,Merced,047,269075,221,138,0,138,3
2020-05-04,Modoc,049,8938,0,0,0,0,0
2020-05-04,Mono,051,14174,32,25,0,25,1
2020-05-04,Monterey,053,433212,293,237,0,237,6
2020-05-04,Napa,055,140530,83,72,0,72,2
2020-05-04,Nevada,057,99092,41,41,1,42,1
2020-05-04,Orange,059,3164182,4507,2931,19,2950,57
2020-05-04,Placer,061,380077,179,162,1,163,8
2020-05-04,Plumas,063,18699,4,4,0,4,0
2020-05-04,Riverside,065,2383286,5180,4221,7,4228,147
2020-05-04,Sacramento,067,1510023,1167,1119,0,1119,44
2020-05-04,San Benito,069,59416,52,49,0,49,2
2020-05-04,San Bernardino,071,2135413,3028,2184,1,2185,99
2020-05-04,San Diego,073,3302833,5104,4022,0,4022,144
2020-05-04,San Francisco,075,870044,1975,1760,0,1760,31
2020-05-04,San Joaquin,077,732212,625,574,3,577,26
2020-05-04,San Luis Obispo,079,281455,253,202,1,203,1
2020-05-04,San Mateo,081,765935,1553,1313,2,1315,53
2020-05-04,Santa Barbara,083,443738,1062,524,2,526,7
2020-05-04,Santa Clara,085,1922200,2576,2238,3,2241,119
2020-05-04,Santa Cruz,087,273765,143,133,0,133,2
2020-05-04,Shasta,089,179085,40,31,0,31,4
2020-05-04,Sierra,091,2930,0,0,0,0,0
2020-05-04,Siskiyou,093,43540,5,5,0,5,0
2020-05-04,Solano,095,438530,372,293,0,293,4
2020-05-04,Sonoma,097,501317,313,256,0,256,4
2020-05-04,Stanislaus,099,539301,514,422,4,426,8
2020-05-04,Sutter,101,95872,31,28,0,28,2
2020-05-04,Tehama,103,63373,2,1,0,1,1
2020-05-04,Trinity,105,12862,0,0,0,0,0
2020-05-04,Tulare,107,460477,1286,760,2,762,40
2020-05-04,Tuolumne,109,53932,3,3,0,3,0
2020-05-04,Ventura,111,848112,793,590,0,590,19
2020-05-04,Yolo,113,214977,183,171,0,171,18
2020-05-04,Yuba,115,75493,19,16,0,16,1
2020-05-03,Alameda,001,1643700,2110,1731,0,1731,64
2020-05-03,Alpine,003,1148,1,1,0,1,0
2020-05-03,Amador,005,37829,8,8,0,8,0
2020-05-03,Butte,007,227075,28,17,1,18,0
2020-05-03,Calaveras,009,45235,13,13,0,13,0
2020-05-03,Colusa,011,21464,3,3,0,3,0
2020-05-03,Contra Costa,013,1133247,1065,945,0,945,28
2020-05-03,Del Norte,015,27424,5,3,0,3,0
2020-05-03,El Dorado,017,186661,60,49,0,49,0
2020-05-03,Fresno,019,978130,1259,646,12,658,8
2020-05-03,Glenn,021,27897,7,5,0,5,0
2020-05-03,Humboldt,023,135768,60,54,0,54,0
2020-05-03,Imperial,025,180216,687,351,1,352,6
2020-05-03,Inyo,027,18085,19,20,0,20,1
2020-05-03,Kern,029,883053,1327,1025,1,1026,8
2020-05-03,Kings,031,150075,282,137,1,138,1
2020-05-03,Lake,033,64148,9,7,0,7,0
2020-05-03,Lassen,035,31185,1,0,2,2,0
2020-05-03,Los Angeles,037,10098052,32685,25708,18,25726,1210
2020-05-03,Madera,039,155013,99,46,0,46,2
2020-05-03,Marin,041,260295,254,243,1,244,13
2020-05-03,Mariposa,043,17540,15,13,0,13,0
2020-05-03,Mendocino,045,87422,13,10,0,10,0
2020-05-03,Merced,047,269075,213,134,0,134,3
2020-05-03,Modoc,049,8938,0,0,0,0,0
2020-05-03,Mono,051,14174,32,25,0,25,1
2020-05-03,Monterey,053,433212,284,235,0,235,6
2020-05-03,Napa,055,140530,83,72,0,72,2
2020-05-03,Nevada,057,99092,41,41,1,42,1
2020-05-03,Orange,059,3164182,4335,2859,18,2877,55
2020-05-03,Placer,061,380077,179,161,1,162,8
2020-05-03,Plumas,063,18699,4,4,0,4,0
2020-05-03,Riverside,065,2383286,5075,4034,7,4041,139
2020-05-03,Sacramento,067,1510023,1158,1109,0,1109,43
2020-05-03,San Benito,069,59416,52,49,0,49,2
2020-05-03,San Bernardino,071,2135413,2967,2123,1,2124,99
2020-05-03,San Diego,073,3302833,4967,3929,0,3929,142
2020-05-03,San Francisco,075,870044,1947,1692,0,1692,30
2020-05-03,San Joaquin,077,732212,618,570,3,573,26
2020-05-03,San Luis Obispo,079,281455,250,200,1,201,1
2020-05-03,San Mateo,081,765935,1525,1277,2,1279,53
2020-05-03,Santa Barbara,083,443738,694,512,2,514,7
2020-05-03,Santa Clara,085,1922200,2549,2235,3,2238,116
2020-05-03,Santa Cruz,087,273765,143,133,0,133,2
2020-05-03,Shasta,089,179085,38,31,0,31,4
2020-05-03,Sierra,091,2930,0,0,0,0,0
2020-05-03,Siskiyou,093,43540,5,5,0,5,0
2020-05-03,Solano,095,438530,362,266,0,266,4
2020-05-03,Sonoma,097,501317,304,254,0,254,4
2020-05-03,Stanislaus,099,539301,486,411,4,415,8
2020-05-03,Sutter,101,95872,30,28,0,28,2
2020-05-03,Tehama,103,63373,2,1,0,1,1
2020-05-03,Trinity,105,12862,0,0,0,0,0
2020-05-03,Tulare,107,460477,1208,736,2,738,40
2020-05-03,Tuolumne,109,53932,3,3,0,3,0
2020-05-03,Ventura,111,848112,762,583,0,583,19
2020-05-03,Yolo,113,214977,182,171,0,171,18
2020-05-03,Yuba,115,75493,19,16,0,16,1
2020-05-02,Alameda,001,1643700,2073,1678,0,1678,63
2020-05-02,Alpine,003,1148,1,1,0,1,0
2020-05-02,Amador,005,37829,8,8,0,8,0
2020-05-02,Butte,007,227075,28,17,1,18,0
2020-05-02,Calaveras,009,45235,13,13,0,13,0
2020-05-02,Colusa,011,21464,3,3,0,3,0
2020-05-02,Contra Costa,013,1133247,1048,929,0,929,28
2020-05-02,Del Norte,015,27424,5,3,0,3,0
2020-05-02,El Dorado,017,186661,60,47,0,47,0
2020-05-02,Fresno,019,978130,1235,629,11,640,8
2020-05-02,Glenn,021,27897,7,5,0,5,0
2020-05-02,Humboldt,023,135768,60,54,0,54,0
2020-05-02,Imperial,025,180216,660,345,1,346,6
2020-05-02,Inyo,027,18085,19,20,0,20,1
2020-05-02,Kern,029,883053,1301,1007,1,1008,8
2020-05-02,Kings,031,150075,279,120,1,121,1
2020-05-02,Lake,033,64148,9,7,0,7,0
2020-05-02,Lassen,035,31185,1,0,2,2,0
2020-05-02,Los Angeles,037,10098052,32157,24955,18,24973,1192
2020-05-02,Madera,039,155013,99,46,0,46,2
2020-05-02,Marin,041,260295,253,243,1,244,13
2020-05-02,Mariposa,043,17540,15,13,0,13,0
2020-05-02,Mendocino,045,87422,13,10,0,10,0
2020-05-02,Merced,047,269075,210,131,0,131,3
2020-05-02,Modoc,049,8938,0,0,0,0,0
2020-05-02,Mono,051,14174,32,25,0,25,1
2020-05-02,Monterey,053,433212,278,225,0,225,5
2020-05-02,Napa,055,140530,83,71,0,71,2
2020-05-02,Nevada,057,99092,41,41,1,42,1
2020-05-02,Orange,059,3164182,4221,2774,18,2792,52
2020-05-02,Placer,061,380077,177,150,1,151,8
2020-05-02,Plumas,063,18699,4,4,0,4,0
2020-05-02,Riverside,065,2383286,5009,3997,7,4004,137
2020-05-02,Sacramento,067,1510023,1155,1097,0,1097,43
2020-05-02,San Benito,069,59416,52,49,0,49,2
2020-05-02,San Bernardino,071,2135413,2928,2124,1,2125,99
2020-05-02,San Diego,073,3302833,4865,3844,0,3844,138
2020-05-02,San Francisco,075,870044,1924,1632,0,1632,29
2020-05-02,San Joaquin,077,732212,610,559,3,562,25
2020-05-02,San Luis Obispo,079,281455,244,193,1,194,1
2020-05-02,San Mateo,081,765935,1509,1272,2,1274,52
2020-05-02,Santa Barbara,083,443738,682,506,2,508,7
2020-05-02,Santa Clara,085,1922200,2539,2203,3,2206,115
2020-05-02,Santa Cruz,087,273765,142,131,0,131,2
2020-05-02,Shasta,089,179085,38,31,0,31,4
2020-05-02,Sierra,091,2930,0,0,0,0,0
2020-05-02,Siskiyou,093,43540,5,5,0,5,0
2020-05-02,Solano,095,438530,355,267,0,267,4
2020-05-02,Sonoma,097,501317,301,250,0,250,3
2020-05-02,Stanislaus,099,539301,478,388,4,392,8
2020-05-02,Sutter,101,95872,30,28,0,28,2
2020-05-02,Tehama,103,63373,2,1,0,1,1
2020-05-02,Trinity,105,12862,0,0,0,0,0
2020-05-02,Tulare,107,460477,1167,711,2,713,35
2020-05-02,Tuolumne,109,53932,3,3,0,3,0
2020-05-02,Ventura,111,848112,748,564,0,564,19
2020-05-02,Yolo,113,214977,182,169,0,169,17
2020-05-02,Yuba,115,75493,19,16,0,16,1
2020-05-01,Alameda,001,1643700,2036,1630,0,1630,63
2020-05-01,Alpine,003,1148,1,1,0,1,0
2020-05-01,Amador,005,37829,8,8,0,8,0
2020-05-01,Butte,007,227075,28,17,1,18,0
2020-05-01,Calaveras,009,45235,13,13,0,13,0
2020-05-01,Colusa,011,21464,3,3,0,3,0
2020-05-01,Contra Costa,013,1133247,1034,915,0,915,28
2020-05-01,Del Norte,015,27424,5,3,0,3,0
2020-05-01,El Dorado,017,186661,60,47,0,47,0
2020-05-01,Fresno,019,978130,1204,617,11,628,7
2020-05-01,Glenn,021,27897,7,4,0,4,0
2020-05-01,Humboldt,023,135768,60,54,0,54,0
2020-05-01,Imperial,025,180216,623,337,1,338,6
2020-05-01,Inyo,027,18085,19,20,0,20,1
2020-05-01,Kern,029,883053,1274,972,1,973,8
2020-05-01,Kings,031,150075,262,112,1,113,1
2020-05-01,Lake,033,64148,9,6,0,6,0
2020-05-01,Lassen,035,31185,1,0,2,2,0
2020-05-01,Los Angeles,037,10098052,31402,24306,18,24324,1155
2020-05-01,Madera,039,155013,95,46,0,46,2
2020-05-01,Marin,041,260295,253,242,1,243,13
2020-05-01,Mariposa,043,17540,15,10,0,10,0
2020-05-01,Mendocino,045,87422,13,11,0,11,0
2020-05-01,Merced,047,269075,207,131,0,131,3
2020-05-01,Modoc,049,8938,0,0,0,0,0
2020-05-01,Mono,051,14174,32,25,0,25,1
2020-05-01,Monterey,053,433212,274,222,0,222,5
2020-05-01,Napa,055,140530,83,69,0,69,2
2020-05-01,Nevada,057,99092,41,41,1,42,1
2020-05-01,Orange,059,3164182,4143,2660,17,2677,51
2020-05-01,Placer,061,380077,176,149,1,150,8
2020-05-01,Plumas,063,18699,4,4,0,4,0
2020-05-01,Riverside,065,2383286,4946,3893,7,3900,132
2020-05-01,Sacramento,067,1510023,1150,1081,0,1081,43
2020-05-01,San Benito,069,59416,52,49,0,49,2
2020-05-01,San Bernardino,071,2135413,2873,2084,1,2085,98
2020-05-01,San Diego,073,3302833,4775,3713,0,3713,134
2020-05-01,San Francisco,075,870044,1880,1552,0,1552,29
2020-05-01,San Joaquin,077,732212,606,554,3,557,25
2020-05-01,San Luis Obispo,079,281455,241,186,1,187,1
2020-05-01,San Mateo,081,765935,1487,1222,2,1224,52
2020-05-01,Santa Barbara,083,443738,674,499,2,501,7
2020-05-01,Santa Clara,085,1922200,2529,2176,3,2179,112
2020-05-01,Santa Cruz,087,273765,142,127,0,127,2
2020-05-01,Shasta,089,179085,38,31,0,31,4
2020-05-01,Sierra,091,2930,0,0,0,0,0
2020-05-01,Siskiyou,093,43540,5,5,0,5,0
2020-05-01,Solano,095,438530,347,266,0,266,4
2020-05-01,Sonoma,097,501317,298,242,0,242,3
2020-05-01,Stanislaus,099,539301,473,384,4,388,8
2020-05-01,Sutter,101,95872,30,28,0,28,2
2020-05-01,Tehama,103,63373,2,1,0,1,1
2020-05-01,Trinity,105,12862,0,0,0,0,0
2020-05-01,Tulare,107,460477,1123,685,2,687,32
2020-05-01,Tuolumne,109,53932,3,3,0,3,0
2020-05-01,Ventura,111,848112,735,556,0,556,18
2020-05-01,Yolo,113,214977,182,165,0,165,18
2020-05-01,Yuba,115,75493,19,16,0,16,1
2020-04-30,Alameda,001,1643700,1976,1599,0,1599,60
2020-04-30,Alpine,003,1148,1,1,0,1,0
2020-04-30,Amador,005,37829,8,8,0,8,0
2020-04-30,Butte,007,227075,28,16,1,17,0
2020-04-30,Calaveras,009,45235,13,13,0,13,0
2020-04-30,Colusa,011,21464,3,3,0,3,0
2020-04-30,Contra Costa,013,1133247,1012,900,0,900,25
2020-04-30,Del Norte,015,27424,4,3,0,3,0
2020-04-30,El Dorado,017,186661,60,44,0,44,0
2020-04-30,Fresno,019,978130,1140,562,8,570,7
2020-04-30,Glenn,021,27897,7,4,0,4,0
2020-04-30,Humboldt,023,135768,60,54,0,54,0
2020-04-30,Imperial,025,180216,577,322,1,323,6
2020-04-30,Inyo,027,18085,19,20,0,20,1
2020-04-30,Kern,029,883053,1242,941,1,942,8
2020-04-30,Kings,031,150075,250,87,1,88,1
2020-04-30,Lake,033,64148,9,6,0,6,0
2020-04-30,Lassen,035,31185,1,0,2,2,0
2020-04-30,Los Angeles,037,10098052,30395,23284,18,23302,1099
2020-04-30,Madera,039,155013,84,46,0,46,2
2020-04-30,Marin,041,260295,253,240,1,241,13
2020-04-30,Mariposa,043,17540,15,3,0,3,0
2020-04-30,Mendocino,045,87422,13,11,0,11,0
2020-04-30,Merced,047,269075,200,122,0,122,3
2020-04-30,Modoc,049,8938,0,0,0,0,0
2020-04-30,Mono,051,14174,31,25,0,25,1
2020-04-30,Monterey,053,433212,264,213,0,213,5
2020-04-30,Napa,055,140530,81,69,0,69,2
2020-04-30,Nevada,057,99092,41,41,1,42,1
2020-04-30,Orange,059,3164182,3928,2591,15,2606,46
2020-04-30,Placer,061,380077,175,148,1,149,8
2020-04-30,Plumas,063,18699,4,4,0,4,0
2020-04-30,Riverside,065,2383286,4846,3820,6,3826,124
2020-04-30,Sacramento,067,1510023,1144,1071,0,1071,43
2020-04-30,San Benito,069,59416,52,48,0,48,2
2020-04-30,San Bernardino,071,2135413,2672,2020,1,2021,96
2020-04-30,San Diego,073,3302833,4604,3566,0,3566,124
2020-04-30,San Francisco,075,870044,1846,1518,0,1518,26
2020-04-30,San Joaquin,077,732212,599,548,3,551,25
2020-04-30,San Luis Obispo,079,281455,238,182,1,183,1
2020-04-30,San Mateo,081,765935,1457,1194,2,1196,52
2020-04-30,Santa Barbara,083,443738,655,490,2,492,7
2020-04-30,Santa Clara,085,1922200,2493,2172,3,2175,111
2020-04-30,Santa Cruz,087,273765,141,126,0,126,2
2020-04-30,Shasta,089,179085,37,31,0,31,4
2020-04-30,Sierra,091,2930,0,0,0,0,0
2020-04-30,Siskiyou,093,43540,5,5,0,5,0
2020-04-30,Solano,095,438530,337,262,0,262,4
2020-04-30,Sonoma,097,501317,289,233,0,233,3
2020-04-30,Stanislaus,099,539301,466,378,4,382,7
2020-04-30,Sutter,101,95872,30,28,0,28,2
2020-04-30,Tehama,103,63373,1,1,0,1,1
2020-04-30,Trinity,105,12862,0,0,0,0,0
2020-04-30,Tulare,107,460477,1059,637,2,639,31
2020-04-30,Tuolumne,109,53932,3,3,0,3,0
2020-04-30,Ventura,111,848112,707,547,0,547,18
2020-04-30,Yolo,113,214977,181,164,0,164,16
2020-04-30,Yuba,115,75493,19,15,0,15,1
2020-04-29,Alameda,001,1643700,1918,1564,0,1564,60
2020-04-29,Alpine,003,1148,1,1,0,1,0
2020-04-29,Amador,005,37829,8,8,0,8,0
2020-04-29,Butte,007,227075,28,16,1,17,0
2020-04-29,Calaveras,009,45235,13,13,0,13,0
2020-04-29,Colusa,011,21464,3,3,0,3,0
2020-04-29,Contra Costa,013,1133247,993,885,0,885,25
2020-04-29,Del Norte,015,27424,4,3,0,3,0
2020-04-29,El Dorado,017,186661,58,44,0,44,0
2020-04-29,Fresno,019,978130,1088,544,8,552,7
2020-04-29,Glenn,021,27897,7,4,0,4,0
2020-04-29,Humboldt,023,135768,60,53,0,53,0
2020-04-29,Imperial,025,180216,548,300,1,301,6
2020-04-29,Inyo,027,18085,19,20,0,20,1
2020-04-29,Kern,029,883053,1199,910,1,911,6
2020-04-29,Kings,031,150075,231,80,1,81,1
2020-04-29,Lake,033,64148,9,6,0,6,0
2020-04-29,Lassen,035,31185,1,0,2,2,0
2020-04-29,Los Angeles,037,10098052,29418,22560,18,22578,1043
2020-04-29,Madera,039,155013,83,45,0,45,2
2020-04-29,Marin,041,260295,250,234,1,235,13
2020-04-29,Mariposa,043,17540,15,1,0,1,0
2020-04-29,Mendocino,045,87422,13,11,0,11,0
2020-04-29,Merced,047,269075,193,116,0,116,3
2020-04-29,Modoc,049,8938,0,0,0,0,0
2020-04-29,Mono,051,14174,31,25,0,25,1
2020-04-29,Monterey,053,433212,256,204,0,204,5
2020-04-29,Napa,055,140530,79,68,0,68,2
2020-04-29,Nevada,057,99092,41,41,1,42,1
2020-04-29,Orange,059,3164182,3796,2421,14,2435,43
2020-04-29,Placer,061,380077,173,145,1,146,8
2020-04-29,Plumas,063,18699,4,4,0,4,0
2020-04-29,Riverside,065,2383286,4770,3700,6,3706,116
2020-04-29,Sacramento,067,1510023,1122,1055,0,1055,41
2020-04-29,San Benito,069,59416,52,48,0,48,2
2020-04-29,San Bernardino,071,2135413,2585,1975,1,1976,91
2020-04-29,San Diego,073,3302833,4463,3434,0,3434,120
2020-04-29,San Francisco,075,870044,1818,1489,0,1489,23
2020-04-29,San Joaquin,077,732212,591,540,3,543,25
2020-04-29,San Luis Obispo,079,281455,236,181,1,182,1
2020-04-29,San Mateo,081,765935,1431,1170,2,1172,50
2020-04-29,Santa Barbara,083,443738,641,477,2,479,7
2020-04-29,Santa Clara,085,1922200,2472,2147,3,2150,108
2020-04-29,Santa Cruz,087,273765,140,124,0,124,2
2020-04-29,Shasta,089,179085,37,31,0,31,4
2020-04-29,Sierra,091,2930,0,0,0,0,0
2020-04-29,Siskiyou,093,43540,5,5,0,5,0
2020-04-29,Solano,095,438530,314,252,0,252,3
2020-04-29,Sonoma,097,501317,281,230,0,230,2
2020-04-29,Stanislaus,099,539301,453,374,4,378,5
2020-04-29,Sutter,101,95872,30,28,0,28,2
2020-04-29,Tehama,103,63373,1,1,0,1,1
2020-04-29,Trinity,105,12862,0,0,0,0,0
2020-04-29,Tulare,107,460477,989,615,2,617,30
2020-04-29,Tuolumne,109,53932,3,4,0,4,0
2020-04-29,Ventura,111,848112,684,530,0,530,18
2020-04-29,Yolo,113,214977,178,161,0,161,11
2020-04-29,Yuba,115,75493,19,15,0,15,1
2020-04-28,Alameda,001,1643700,1861,1525,0,1525,55
2020-04-28,Alpine,003,1148,1,1,0,1,0
2020-04-28,Amador,005,37829,8,8,0,8,0
2020-04-28,Butte,007,227075,28,16,1,17,0
2020-04-28,Calaveras,009,45235,13,13,0,13,0
2020-04-28,Colusa,011,21464,3,3,0,3,0
2020-04-28,Contra Costa,013,1133247,986,866,0,866,25
2020-04-28,Del Norte,015,27424,4,3,0,3,0
2020-04-28,El Dorado,017,186661,57,43,0,43,0
2020-04-28,Fresno,019,978130,1038,525,7,532,7
2020-04-28,Glenn,021,27897,5,4,0,4,0
2020-04-28,Humboldt,023,135768,59,53,0,53,0
2020-04-28,Imperial,025,180216,514,295,1,296,6
2020-04-28,Inyo,027,18085,19,20,0,20,1
2020-04-28,Kern,029,883053,1157,882,1,883,5
2020-04-28,Kings,031,150075,218,57,1,58,1
2020-04-28,Lake,033,64148,9,6,0,6,0
2020-04-28,Lassen,035,31185,1,0,2,2,0
2020-04-28,Los Angeles,037,10098052,28352,21029,18,21047,984
2020-04-28,Madera,039,155013,83,44,0,44,2
2020-04-28,Marin,041,260295,249,228,1,229,12
2020-04-28,Mariposa,043,17540,15,0,0,0,0
2020-04-28,Mendocino,045,87422,13,10,0,10,0
2020-04-28,Merced,047,269075,186,108,0,108,3
2020-04-28,Modoc,049,8938,0,0,0,0,0
2020-04-28,Mono,051,14174,31,25,0,25,1
2020-04-28,Monterey,053,433212,250,191,0,191,5
2020-04-28,Napa,055,140530,78,67,0,67,2
2020-04-28,Nevada,057,99092,41,41,1,42,1
2020-04-28,Orange,059,3164182,3633,2324,13,2337,42
2020-04-28,Placer,061,380077,163,143,1,144,8
2020-04-28,Plumas,063,18699,4,4,0,4,0
2020-04-28,Riverside,065,2383286,4675,3504,6,3510,113
2020-04-28,Sacramento,067,1510023,1107,1044,0,1044,41
2020-04-28,San Benito,069,59416,51,46,0,46,2
2020-04-28,San Bernardino,071,2135413,2508,1891,1,1892,89
2020-04-28,San Diego,073,3302833,4333,3316,0,3316,118
2020-04-28,San Francisco,075,870044,1783,1471,0,1471,23
2020-04-28,San Joaquin,077,732212,585,532,3,535,25
2020-04-28,San Luis Obispo,079,281455,230,172,1,173,1
2020-04-28,San Mateo,081,765935,1418,1129,2,1131,48
2020-04-28,Santa Barbara,083,443738,634,469,2,471,7
2020-04-28,Santa Clara,085,1922200,2442,2130,3,2133,106
2020-04-28,Santa Cruz,087,273765,140,123,0,123,2
2020-04-28,Shasta,089,179085,37,29,0,29,4
2020-04-28,Sierra,091,2930,0,0,0,0,0
2020-04-28,Siskiyou,093,43540,5,5,0,5,0
2020-04-28,Solano,095,438530,295,246,0,246,3
2020-04-28,Sonoma,097,501317,278,226,0,226,1
2020-04-28,Stanislaus,099,539301,437,330,4,334,5
2020-04-28,Sutter,101,95872,30,25,0,25,2
2020-04-28,Tehama,103,63373,1,1,0,1,1
2020-04-28,Trinity,105,12862,0,0,0,0,0
2020-04-28,Tulare,107,460477,895,579,2,581,30
2020-04-28,Tuolumne,109,53932,3,4,0,4,0
2020-04-28,Ventura,111,848112,666,517,0,517,17
2020-04-28,Yolo,113,214977,178,160,0,160,10
2020-04-28,Yuba,115,75493,19,15,0,15,1
2020-04-27,Alameda,001,1643700,1801,1494,0,1494,53
2020-04-27,Alpine,003,1148,1,1,0,1,0
2020-04-27,Amador,005,37829,8,8,0,8,0
2020-04-27,Butte,007,227075,27,16,1,17,0
2020-04-27,Calaveras,009,45235,13,13,0,13,0
2020-04-27,Colusa,011,21464,3,3,0,3,0
2020-04-27,Contra Costa,013,1133247,974,843,0,843,25
2020-04-27,Del Norte,015,27424,4,3,0,3,0
2020-04-27,El Dorado,017,186661,56,43,0,43,0
2020-04-27,Fresno,019,978130,935,504,6,510,7
2020-04-27,Glenn,021,27897,5,4,0,4,0
2020-04-27,Humboldt,023,135768,59,52,0,52,0
2020-04-27,Imperial,025,180216,484,290,1,291,6
2020-04-27,Inyo,027,18085,19,20,0,20,1
2020-04-27,Kern,029,883053,1119,865,1,866,4
2020-04-27,Kings,031,150075,195,48,1,49,1
2020-04-27,Lake,033,64148,8,6,0,6,0
2020-04-27,Lassen,035,31185,1,0,2,2,0
2020-04-27,Los Angeles,037,10098052,27334,20456,18,20474,931
2020-04-27,Madera,039,155013,81,42,0,42,2
2020-04-27,Marin,041,260295,244,227,1,228,12
2020-04-27,Mariposa,043,17540,14,0,0,0,0
2020-04-27,Mendocino,045,87422,13,10,0,10,0
2020-04-27,Merced,047,269075,183,108,0,108,3
2020-04-27,Modoc,049,8938,0,0,0,0,0
2020-04-27,Mono,051,14174,31,23,0,23,1
2020-04-27,Monterey,053,433212,243,185,0,185,4
2020-04-27,Napa,055,140530,75,64,0,64,2
2020-04-27,Nevada,057,99092,41,39,1,40,1
2020-04-27,Orange,059,3164182,3464,2198,13,2211,42
2020-04-27,Placer,061,380077,163,142,1,143,8
2020-04-27,Plumas,063,18699,4,4,0,4,0
2020-04-27,Riverside,065,2383286,4552,3381,6,3387,100
2020-04-27,Sacramento,067,1510023,1092,1035,0,1035,41
2020-04-27,San Benito,069,59416,49,45,0,45,2
2020-04-27,San Bernardino,071,2135413,2394,1742,1,1743,82
2020-04-27,San Diego,073,3302833,4207,3143,0,3143,113
2020-04-27,San Francisco,075,870044,1729,1453,0,1453,23
2020-04-27,San Joaquin,077,732212,579,522,3,525,25
2020-04-27,San Luis Obispo,079,281455,223,166,1,167,1
2020-04-27,San Mateo,081,765935,1396,1092,2,1094,46
2020-04-27,Santa Barbara,083,443738,621,466,2,468,7
2020-04-27,Santa Clara,085,1922200,2422,2104,2,2106,105
2020-04-27,Santa Cruz,087,273765,140,123,0,123,2
2020-04-27,Shasta,089,179085,37,29,0,29,4
2020-04-27,Sierra,091,2930,0,0,0,0,0
2020-04-27,Siskiyou,093,43540,5,5,0,5,0
2020-04-27,Solano,095,438530,295,222,0,222,3
2020-04-27,Sonoma,097,501317,269,220,0,220,1
2020-04-27,Stanislaus,099,539301,421,316,4,320,5
2020-04-27,Sutter,101,95872,29,26,0,26,2
2020-04-27,Tehama,103,63373,1,1,0,1,1
2020-04-27,Trinity,105,12862,0,0,0,0,0
2020-04-27,Tulare,107,460477,824,535,2,537,28
2020-04-27,Tuolumne,109,53932,3,3,0,3,0
2020-04-27,Ventura,111,848112,649,513,0,513,17
2020-04-27,Yolo,113,214977,175,160,0,160,9
2020-04-27,Yuba,115,75493,19,15,0,15,1
2020-04-26,Alameda,001,1643700,1740,1449,0,1449,52
2020-04-26,Alpine,003,1148,1,1,0,1,0
2020-04-26,Amador,005,37829,8,8,0,8,0
2020-04-26,Butte,007,227075,27,16,1,17,0
2020-04-26,Calaveras,009,45235,13,13,0,13,0
2020-04-26,Colusa,011,21464,3,3,0,3,0
2020-04-26,Contra Costa,013,1133247,958,830,0,830,25
2020-04-26,Del Norte,015,27424,3,3,0,3,0
2020-04-26,El Dorado,017,186661,54,41,0,41,0
2020-04-26,Fresno,019,978130,844,476,6,482,7
2020-04-26,Glenn,021,27897,5,4,0,4,0
2020-04-26,Humboldt,023,135768,59,53,0,53,0
2020-04-26,Imperial,025,180216,450,272,1,273,6
2020-04-26,Inyo,027,18085,19,20,0,20,1
2020-04-26,Kern,029,883053,1069,831,1,832,4
2020-04-26,Kings,031,150075,170,33,1,34,1
2020-04-26,Lake,033,64148,8,6,0,6,0
2020-04-26,Lassen,035,31185,1,0,2,2,0
2020-04-26,Los Angeles,037,10098052,26185,19570,18,19588,901
2020-04-26,Madera,039,155013,79,39,0,39,2
2020-04-26,Marin,041,260295,238,225,1,226,12
2020-04-26,Mariposa,043,17540,14,0,0,0,0
2020-04-26,Mendocino,045,87422,13,5,0,5,0
2020-04-26,Merced,047,269075,166,104,0,104,3
2020-04-26,Modoc,049,8938,0,0,0,0,0
2020-04-26,Mono,051,14174,31,23,0,23,1
2020-04-26,Monterey,053,433212,236,182,0,182,4
2020-04-26,Napa,055,140530,74,62,0,62,2
2020-04-26,Nevada,057,99092,41,37,1,38,1
2020-04-26,Orange,059,3164182,3299,2124,13,2137,40
2020-04-26,Placer,061,380077,163,141,1,142,8
2020-04-26,Plumas,063,18699,4,4,0,4,0
2020-04-26,Riverside,065,2383286,4411,3301,6,3307,95
2020-04-26,Sacramento,067,1510023,1083,1027,0,1027,41
2020-04-26,San Benito,069,59416,49,45,0,45,2
2020-04-26,San Bernardino,071,2135413,2297,1681,1,1682,82
2020-04-26,San Diego,073,3302833,4065,3045,0,3045,111
2020-04-26,San Francisco,075,870044,1690,1403,0,1403,23
2020-04-26,San Joaquin,077,732212,571,514,3,517,25
2020-04-26,San Luis Obispo,079,281455,220,165,1,166,1
2020-04-26,San Mateo,081,765935,1370,1070,2,1072,46
2020-04-26,Santa Barbara,083,443738,609,464,2,466,7
2020-04-26,Santa Clara,085,1922200,2403,2097,1,2098,102
2020-04-26,Santa Cruz,087,273765,140,116,0,116,2
2020-04-26,Shasta,089,179085,34,29,0,29,4
2020-04-26,Sierra,091,2930,0,0,0,0,0
2020-04-26,Siskiyou,093,43540,5,5,0,5,0
2020-04-26,Solano,095,438530,286,205,0,205,3
2020-04-26,Sonoma,097,501317,258,216,0,216,1
2020-04-26,Stanislaus,099,539301,406,294,4,298,4
2020-04-26,Sutter,101,95872,29,26,0,26,2
2020-04-26,Tehama,103,63373,1,1,0,1,1
2020-04-26,Trinity,105,12862,0,0,0,0,0
2020-04-26,Tulare,107,460477,766,497,2,499,28
2020-04-26,Tuolumne,109,53932,3,3,0,3,0
2020-04-26,Ventura,111,848112,634,509,0,509,17
2020-04-26,Yolo,113,214977,174,158,0,158,8
2020-04-26,Yuba,115,75493,18,15,0,15,1
2020-04-25,Alameda,001,1643700,1715,1396,0,1396,52
2020-04-25,Alpine,003,1148,1,1,0,1,0
2020-04-25,Amador,005,37829,8,8,0,8,0
2020-04-25,Butte,007,227075,26,16,1,17,0
2020-04-25,Calaveras,009,45235,13,12,0,12,0
2020-04-25,Colusa,011,21464,3,3,0,3,0
2020-04-25,Contra Costa,013,1133247,944,821,0,821,24
2020-04-25,Del Norte,015,27424,2,2,0,2,0
2020-04-25,El Dorado,017,186661,53,41,0,41,0
2020-04-25,Fresno,019,978130,814,459,5,464,7
2020-04-25,Glenn,021,27897,5,4,0,4,0
2020-04-25,Humboldt,023,135768,59,53,0,53,0
2020-04-25,Imperial,025,180216,433,232,1,233,6
2020-04-25,Inyo,027,18085,19,20,0,20,1
2020-04-25,Kern,029,883053,1038,802,1,803,4
2020-04-25,Kings,031,150075,158,33,1,34,1
2020-04-25,Lake,033,64148,6,6,0,6,0
2020-04-25,Lassen,035,31185,1,0,2,2,0
2020-04-25,Los Angeles,037,10098052,25551,19144,18,19162,881
2020-04-25,Madera,039,155013,76,39,0,39,2
2020-04-25,Marin,041,260295,238,215,1,216,12
2020-04-25,Mariposa,043,17540,14,0,0,0,0
2020-04-25,Mendocino,045,87422,12,5,0,5,0
2020-04-25,Merced,047,269075,166,103,0,103,3
2020-04-25,Modoc,049,8938,0,0,0,0,0
2020-04-25,Mono,051,14174,31,23,0,23,1
2020-04-25,Monterey,053,433212,234,173,0,173,4
2020-04-25,Napa,055,140530,74,60,0,60,2
2020-04-25,Nevada,057,99092,41,37,1,38,1
2020-04-25,Orange,059,3164182,3193,2047,13,2060,40
2020-04-25,Placer,061,380077,163,137,1,138,8
2020-04-25,Plumas,063,18699,4,4,0,4,0
2020-04-25,Riverside,065,2383286,4323,3037,6,3043,93
2020-04-25,Sacramento,067,1510023,1081,1015,0,1015,41
2020-04-25,San Benito,069,59416,49,45,0,45,2
2020-04-25,San Bernardino,071,2135413,2252,1675,1,1676,82
2020-04-25,San Diego,073,3302833,3965,2945,0,2945,111
2020-04-25,San Francisco,075,870044,1665,1341,0,1341,22
2020-04-25,San Joaquin,077,732212,564,497,3,500,24
2020-04-25,San Luis Obispo,079,281455,219,159,1,160,1
2020-04-25,San Mateo,081,765935,1352,1054,2,1056,46
2020-04-25,Santa Barbara,083,443738,601,457,2,459,7
2020-04-25,Santa Clara,085,1922200,2385,2045,1,2046,99
2020-04-25,Santa Cruz,087,273765,140,112,0,112,2
2020-04-25,Shasta,089,179085,34,29,0,29,4
2020-04-25,Sierra,091,2930,0,0,0,0,0
2020-04-25,Siskiyou,093,43540,5,5,0,5,0
2020-04-25,Solano,095,438530,282,203,0,203,3
2020-04-25,Sonoma,097,501317,254,199,0,199,1
2020-04-25,Stanislaus,099,539301,398,276,4,280,4
2020-04-25,Sutter,101,95872,29,24,0,24,2
2020-04-25,Tehama,103,63373,1,1,0,1,1
2020-04-25,Trinity,105,12862,0,0,0,0,0
2020-04-25,Tulare,107,460477,733,478,2,480,28
2020-04-25,Tuolumne,109,53932,3,2,0,2,0
2020-04-25,Ventura,111,848112,620,494,0,494,16
2020-04-25,Yolo,113,214977,174,157,0,157,8
2020-04-25,Yuba,115,75493,17,15,0,15,1
2020-04-24,Alameda,001,1643700,1684,1385,0,1385,50
2020-04-24,Alpine,003,1148,1,1,0,1,0
2020-04-24,Amador,005,37829,8,8,0,8,0
2020-04-24,Butte,007,227075,26,15,1,16,0
2020-04-24,Calaveras,009,45235,13,12,0,12,0
2020-04-24,Colusa,011,21464,3,3,0,3,0
2020-04-24,Contra Costa,013,1133247,935,806,0,806,23
2020-04-24,Del Norte,015,27424,2,2,0,2,0
2020-04-24,El Dorado,017,186661,52,41,0,41,0
2020-04-24,Fresno,019,978130,793,449,5,454,7
2020-04-24,Glenn,021,27897,5,4,0,4,0
2020-04-24,Humboldt,023,135768,59,53,0,53,0
2020-04-24,Imperial,025,180216,417,232,1,233,6
2020-04-24,Inyo,027,18085,19,20,0,20,0
2020-04-24,Kern,029,883053,1014,770,1,771,4
2020-04-24,Kings,031,150075,129,30,1,31,1
2020-04-24,Lake,033,64148,6,6,0,6,0
2020-04-24,Lassen,035,31185,1,0,2,2,0
2020-04-24,Los Angeles,037,10098052,24619,18553,18,18571,836
2020-04-24,Madera,039,155013,76,39,0,39,2
2020-04-24,Marin,041,260295,238,211,1,212,11
2020-04-24,Mariposa,043,17540,8,0,0,0,0
2020-04-24,Mendocino,045,87422,12,5,0,5,0
2020-04-24,Merced,047,269075,163,102,0,102,3
2020-04-24,Modoc,049,8938,0,0,0,0,0
2020-04-24,Mono,051,14174,30,23,0,23,1
2020-04-24,Monterey,053,433212,227,167,0,167,4
2020-04-24,Napa,055,140530,73,59,0,59,2
2020-04-24,Nevada,057,99092,41,36,1,37,1
2020-04-24,Orange,059,3164182,3085,1945,13,1958,39
2020-04-24,Placer,061,380077,161,137,1,138,8
2020-04-24,Plumas,063,18699,4,4,0,4,0
2020-04-24,Riverside,065,2383286,4242,3044,6,3050,87
2020-04-24,Sacramento,067,1510023,1075,1009,0,1009,41
2020-04-24,San Benito,069,59416,49,45,0,45,2
2020-04-24,San Bernardino,071,2135413,2217,1667,1,1668,80
2020-04-24,San Diego,073,3302833,3854,2828,0,2828,102
2020-04-24,San Francisco,075,870044,1607,1345,0,1345,22
2020-04-24,San Joaquin,077,732212,557,484,3,487,24
2020-04-24,San Luis Obispo,079,281455,216,151,1,152,1
2020-04-24,San Mateo,081,765935,1329,1004,2,1006,43
2020-04-24,Santa Barbara,083,443738,594,450,2,452,6
2020-04-24,Santa Clara,085,1922200,2355,2026,1,2027,98
2020-04-24,Santa Cruz,087,273765,136,111,0,111,2
2020-04-24,Shasta,089,179085,34,28,0,28,4
2020-04-24,Sierra,091,2930,0,0,0,0,0
2020-04-24,Siskiyou,093,43540,5,5,0,5,0
2020-04-24,Solano,095,438530,280,203,0,203,3
2020-04-24,Sonoma,097,501317,250,199,0,199,1
2020-04-24,Stanislaus,099,539301,395,273,4,277,4
2020-04-24,Sutter,101,95872,28,24,0,24,2
2020-04-24,Tehama,103,63373,1,1,0,1,1
2020-04-24,Trinity,105,12862,0,0,0,0,0
2020-04-24,Tulare,107,460477,705,459,2,461,27
2020-04-24,Tuolumne,109,53932,3,2,0,2,0
2020-04-24,Ventura,111,848112,611,489,0,489,16
2020-04-24,Yolo,113,214977,173,155,0,155,8
2020-04-24,Yuba,115,75493,16,15,0,15,1
2020-04-23,Alameda,001,1643700,1646,1336,0,1336,46
2020-04-23,Alpine,003,1148,1,1,0,1,0
2020-04-23,Amador,005,37829,8,8,0,8,0
2020-04-23,Butte,007,227075,25,15,1,16,0
2020-04-23,Calaveras,009,45235,13,12,0,12,0
2020-04-23,Colusa,011,21464,3,3,0,3,0
2020-04-23,Contra Costa,013,1133247,914,786,0,786,23
2020-04-23,Del Norte,015,27424,2,2,0,2,0
2020-04-23,El Dorado,017,186661,51,39,0,39,0
2020-04-23,Fresno,019,978130,755,426,5,431,7
2020-04-23,Glenn,021,27897,5,3,0,3,0
2020-04-23,Humboldt,023,135768,59,53,0,53,0
2020-04-23,Imperial,025,180216,397,181,1,182,4
2020-04-23,Inyo,027,18085,19,19,0,19,0
2020-04-23,Kern,029,883053,966,732,1,733,4
2020-04-23,Kings,031,150075,114,28,1,29,1
2020-04-23,Lake,033,64148,6,6,0,6,0
2020-04-23,Lassen,035,31185,1,0,2,2,0
2020-04-23,Los Angeles,037,10098052,23559,17548,17,17565,784
2020-04-23,Madera,039,155013,74,37,0,37,2
2020-04-23,Marin,041,260295,225,209,1,210,11
2020-04-23,Mariposa,043,17540,7,0,0,0,0
2020-04-23,Mendocino,045,87422,10,5,0,5,0
2020-04-23,Merced,047,269075,159,98,0,98,3
2020-04-23,Modoc,049,8938,0,0,0,0,0
2020-04-23,Mono,051,14174,30,23,0,23,1
2020-04-23,Monterey,053,433212,223,161,0,161,4
2020-04-23,Napa,055,140530,66,59,0,59,2
2020-04-23,Nevada,057,99092,41,36,1,37,1
2020-04-23,Orange,059,3164182,2907,1841,12,1853,37
2020-04-23,Placer,061,380077,158,136,1,137,8
2020-04-23,Plumas,063,18699,4,4,0,4,0
2020-04-23,Riverside,065,2383286,4129,2935,6,2941,78
2020-04-23,Sacramento,067,1510023,1063,978,0,978,41
2020-04-23,San Benito,069,59416,46,43,0,43,2
2020-04-23,San Bernardino,071,2135413,2152,1604,1,1605,79
2020-04-23,San Diego,073,3302833,3693,2645,0,2645,100
2020-04-23,San Francisco,075,870044,1582,1312,0,1312,21
2020-04-23,San Joaquin,077,732212,547,479,3,482,20
2020-04-23,San Luis Obispo,079,281455,212,146,1,147,1
2020-04-23,San Mateo,081,765935,1289,970,2,972,42
2020-04-23,Santa Barbara,083,443738,584,445,2,447,6
2020-04-23,Santa Clara,085,1922200,2325,1996,1,1997,95
2020-04-23,Santa Cruz,087,273765,135,110,0,110,2
2020-04-23,Shasta,089,179085,34,27,0,27,3
2020-04-23,Sierra,091,2930,0,0,0,0,0
2020-04-23,Siskiyou,093,43540,5,5,0,5,0
2020-04-23,Solano,095,438530,266,196,0,196,3
2020-04-23,Sonoma,097,501317,238,187,0,187,1
2020-04-23,Stanislaus,099,539301,391,254,4,258,4
2020-04-23,Sutter,101,95872,28,24,0,24,2
2020-04-23,Tehama,103,63373,1,1,0,1,1
2020-04-23,Trinity,105,12862,0,0,0,0,0
2020-04-23,Tulare,107,460477,676,440,2,442,25
2020-04-23,Tuolumne,109,53932,3,2,0,2,0
2020-04-23,Ventura,111,848112,597,479,0,479,16
2020-04-23,Yolo,113,214977,170,151,0,151,8
2020-04-23,Yuba,115,75493,16,15,0,15,1
2020-04-22,Alameda,001,1643700,1597,1275,0,1275,46
2020-04-22,Alpine,003,1148,1,1,0,1,0
2020-04-22,Amador,005,37829,8,7,0,7,0
2020-04-22,Butte,007,227075,24,15,1,16,0
2020-04-22,Calaveras,009,45235,13,12,0,12,0
2020-04-22,Colusa,011,21464,3,3,0,3,0
2020-04-22,Contra Costa,013,1133247,899,772,0,772,22
2020-04-22,Del Norte,015,27424,2,2,0,2,0
2020-04-22,El Dorado,017,186661,51,39,0,39,0
2020-04-22,Fresno,019,978130,718,388,5,393,7
2020-04-22,Glenn,021,27897,5,3,0,3,0
2020-04-22,Humboldt,023,135768,59,53,0,53,0
2020-04-22,Imperial,025,180216,386,170,0,170,3
2020-04-22,Inyo,027,18085,19,18,0,18,0
2020-04-22,Kern,029,883053,944,713,1,714,4
2020-04-22,Kings,031,150075,93,28,1,29,1
2020-04-22,Lake,033,64148,6,6,0,6,0
2020-04-22,Lassen,035,31185,1,0,2,2,0
2020-04-22,Los Angeles,037,10098052,22532,16400,17,16417,715
2020-04-22,Madera,039,155013,72,37,0,37,2
2020-04-22,Marin,041,260295,223,202,1,203,11
2020-04-22,Mariposa,043,17540,6,0,0,0,0
2020-04-22,Mendocino,045,87422,7,5,0,5,0
2020-04-22,Merced,047,269075,147,92,0,92,3
2020-04-22,Modoc,049,8938,0,0,0,0,0
2020-04-22,Mono,051,14174,29,23,0,23,1
2020-04-22,Monterey,053,433212,216,154,0,154,4
2020-04-22,Napa,055,140530,65,58,0,58,2
2020-04-22,Nevada,057,99092,41,36,1,37,1
2020-04-22,Orange,059,3164182,2814,1785,12,1797,36
2020-04-22,Placer,061,380077,156,133,1,134,8
2020-04-22,Plumas,063,18699,4,4,0,4,0
2020-04-22,Riverside,065,2383286,4026,2822,6,2828,76
2020-04-22,Sacramento,067,1510023,1058,959,0,959,36
2020-04-22,San Benito,069,59416,45,43,0,43,2
2020-04-22,San Bernardino,071,2135413,2089,1564,1,1565,74
2020-04-22,San Diego,073,3302833,3565,2493,0,2493,96
2020-04-22,San Francisco,075,870044,1545,1255,0,1255,21
2020-04-22,San Joaquin,077,732212,536,462,3,465,20
2020-04-22,San Luis Obispo,079,281455,203,142,1,143,1
2020-04-22,San Mateo,081,765935,1266,945,2,947,40
2020-04-22,Santa Barbara,083,443738,576,437,2,439,6
2020-04-22,Santa Clara,085,1922200,2312,1969,1,1970,95
2020-04-22,Santa Cruz,087,273765,131,106,0,106,2
2020-04-22,Shasta,089,179085,33,26,0,26,3
2020-04-22,Sierra,091,2930,0,0,0,0,0
2020-04-22,Siskiyou,093,43540,5,5,0,5,0
2020-04-22,Solano,095,438530,247,195,0,195,3
2020-04-22,Sonoma,097,501317,235,185,0,185,1
2020-04-22,Stanislaus,099,539301,334,247,4,251,4
2020-04-22,Sutter,101,95872,28,22,0,22,2
2020-04-22,Tehama,103,63373,1,1,0,1,1
2020-04-22,Trinity,105,12862,0,0,0,0,0
2020-04-22,Tulare,107,460477,643,425,2,427,23
2020-04-22,Tuolumne,109,53932,3,2,0,2,0
2020-04-22,Ventura,111,848112,587,465,0,465,15
2020-04-22,Yolo,113,214977,170,147,0,147,8
2020-04-22,Yuba,115,75493,16,15,0,15,1
2020-04-21,Alameda,001,1643700,1567,1234,0,1234,46
2020-04-21,Alpine,003,1148,1,1,0,1,0
2020-04-21,Amador,005,37829,8,7,0,7,0
2020-04-21,Butte,007,227075,23,15,1,16,0
2020-04-21,Calaveras,009,45235,12,12,0,12,0
2020-04-21,Colusa,011,21464,3,3,0,3,0
2020-04-21,Contra Costa,013,1133247,885,766,0,766,22
2020-04-21,Del Norte,015,27424,2,2,0,2,0
2020-04-21,El Dorado,017,186661,51,36,0,36,0
2020-04-21,Fresno,019,978130,684,372,5,377,7
2020-04-21,Glenn,021,27897,5,3,0,3,0
2020-04-21,Humboldt,023,135768,58,53,0,53,0
2020-04-21,Imperial,025,180216,366,165,0,165,2
2020-04-21,Inyo,027,18085,19,18,0,18,0
2020-04-21,Kern,029,883053,902,676,1,677,4
2020-04-21,Kings,031,150075,80,28,1,29,1
2020-04-21,Lake,033,64148,6,6,0,6,0
2020-04-21,Lassen,035,31185,1,0,2,2,0
2020-04-21,Los Angeles,037,10098052,21672,15096,17,15113,650
2020-04-21,Madera,039,155013,72,37,0,37,2
2020-04-21,Marin,041,260295,217,202,1,203,10
2020-04-21,Mariposa,043,17540,5,0,0,0,0
2020-04-21,Mendocino,045,87422,7,5,0,5,0
2020-04-21,Merced,047,269075,143,89,0,89,3
2020-04-21,Modoc,049,8938,0,0,0,0,0
2020-04-21,Mono,051,14174,29,23,0,23,1
2020-04-21,Monterey,053,433212,213,151,0,151,4
2020-04-21,Napa,055,140530,64,58,0,58,2
2020-04-21,Nevada,057,99092,41,36,1,37,1
2020-04-21,Orange,059,3164182,2692,1717,11,1728,36
2020-04-21,Placer,061,380077,154,133,0,133,8
2020-04-21,Plumas,063,18699,4,4,0,4,0
2020-04-21,Riverside,065,2383286,3895,2631,6,2637,68
2020-04-21,Sacramento,067,1510023,1048,941,0,941,33
2020-04-21,San Benito,069,59416,44,43,0,43,2
2020-04-21,San Bernardino,071,2135413,2028,1499,1,1500,71
2020-04-21,San Diego,073,3302833,3409,2436,0,2436,87
2020-04-21,San Francisco,075,870044,1515,1232,0,1232,20
2020-04-21,San Joaquin,077,732212,526,447,3,450,20
2020-04-21,San Luis Obispo,079,281455,199,134,1,135,1
2020-04-21,San Mateo,081,765935,1220,933,2,935,34
2020-04-21,Santa Barbara,083,443738,564,414,1,415,5
2020-04-21,Santa Clara,085,1922200,2270,1943,1,1944,91
2020-04-21,Santa Cruz,087,273765,129,104,0,104,2
2020-04-21,Shasta,089,179085,32,26,0,26,3
2020-04-21,Sierra,091,2930,0,0,0,0,0
2020-04-21,Siskiyou,093,43540,5,5,0,5,0
2020-04-21,Solano,095,438530,239,193,0,193,3
2020-04-21,Sonoma,097,501317,225,182,0,182,1
2020-04-21,Stanislaus,099,539301,315,235,4,239,4
2020-04-21,Sutter,101,95872,28,22,0,22,2
2020-04-21,Tehama,103,63373,1,1,0,1,1
2020-04-21,Trinity,105,12862,0,0,0,0,0
2020-04-21,Tulare,107,460477,607,410,2,412,23
2020-04-21,Tuolumne,109,53932,3,2,0,2,0
2020-04-21,Ventura,111,848112,575,455,0,455,14
2020-04-21,Yolo,113,214977,168,143,0,143,8
2020-04-21,Yuba,115,75493,16,15,0,15,1
2020-04-20,Alameda,001,1643700,1534,1181,0,1181,42
2020-04-20,Alpine,003,1148,1,1,0,1,0
2020-04-20,Amador,005,37829,8,7,0,7,0
2020-04-20,Butte,007,227075,23,15,1,16,0
2020-04-20,Calaveras,009,45235,12,12,0,12,0
2020-04-20,Colusa,011,21464,3,3,0,3,0
2020-04-20,Contra Costa,013,1133247,875,753,0,753,22
2020-04-20,Del Norte,015,27424,2,2,0,2,0
2020-04-20,El Dorado,017,186661,51,36,0,36,0
2020-04-20,Fresno,019,978130,666,356,5,361,7
2020-04-20,Glenn,021,27897,4,3,0,3,0
2020-04-20,Humboldt,023,135768,58,53,0,53,0
2020-04-20,Imperial,025,180216,346,149,0,149,2
2020-04-20,Inyo,027,18085,19,17,0,17,0
2020-04-20,Kern,029,883053,870,651,1,652,3
2020-04-20,Kings,031,150075,69,19,1,20,1
2020-04-20,Lake,033,64148,6,6,0,6,0
2020-04-20,Lassen,035,31185,1,0,2,2,0
2020-04-20,Los Angeles,037,10098052,20758,13787,17,13804,608
2020-04-20,Madera,039,155013,71,35,0,35,2
2020-04-20,Marin,041,260295,213,200,1,201,10
2020-04-20,Mariposa,043,17540,5,0,0,0,0
2020-04-20,Mendocino,045,87422,7,5,0,5,0
2020-04-20,Merced,047,269075,136,88,0,88,3
2020-04-20,Modoc,049,8938,0,0,0,0,0
2020-04-20,Mono,051,14174,29,23,0,23,1
2020-04-20,Monterey,053,433212,204,147,0,147,4
2020-04-20,Napa,055,140530,64,55,0,55,2
2020-04-20,Nevada,057,99092,41,34,1,35,1
2020-04-20,Orange,059,3164182,2611,1679,11,1690,33
2020-04-20,Placer,061,380077,153,132,0,132,8
2020-04-20,Plumas,063,18699,4,4,0,4,0
2020-04-20,Riverside,065,2383286,3770,2477,6,2483,61
2020-04-20,Sacramento,067,1510023,1038,924,0,924,32
2020-04-20,San Benito,069,59416,44,43,0,43,2
2020-04-20,San Bernardino,071,2135413,1941,1344,1,1345,63
2020-04-20,San Diego,073,3302833,3268,2327,0,2327,72
2020-04-20,San Francisco,075,870044,1483,1223,0,1223,19
2020-04-20,San Joaquin,077,732212,522,422,3,425,17
2020-04-20,San Luis Obispo,079,281455,185,132,1,133,1
2020-04-20,San Mateo,081,765935,1197,890,2,892,31
2020-04-20,Santa Barbara,083,443738,553,388,1,389,4
2020-04-20,Santa Clara,085,1922200,2246,1920,1,1921,84
2020-04-20,Santa Cruz,087,273765,127,102,0,102,2
2020-04-20,Shasta,089,179085,32,26,0,26,3
2020-04-20,Sierra,091,2930,0,0,0,0,0
2020-04-20,Siskiyou,093,43540,5,5,0,5,0
2020-04-20,Solano,095,438530,236,185,0,185,2
2020-04-20,Sonoma,097,501317,217,178,0,178,1
2020-04-20,Stanislaus,099,539301,301,228,4,232,3
2020-04-20,Sutter,101,95872,27,22,0,22,2
2020-04-20,Tehama,103,63373,1,1,0,1,1
2020-04-20,Trinity,105,12862,0,0,0,0,0
2020-04-20,Tulare,107,460477,597,401,2,403,20
2020-04-20,Tuolumne,109,53932,3,2,0,2,0
2020-04-20,Ventura,111,848112,563,426,0,426,13
2020-04-20,Yolo,113,214977,167,125,0,125,5
2020-04-20,Yuba,115,75493,16,15,0,15,1
2020-04-19,Alameda,001,1643700,1484,1134,0,1134,41
2020-04-19,Alpine,003,1148,1,1,0,1,0
2020-04-19,Amador,005,37829,7,7,0,7,0
2020-04-19,Butte,007,227075,22,15,1,16,0
2020-04-19,Calaveras,009,45235,12,12,0,12,0
2020-04-19,Colusa,011,21464,3,3,0,3,0
2020-04-19,Contra Costa,013,1133247,861,731,0,731,20
2020-04-19,Del Norte,015,27424,2,2,0,2,0
2020-04-19,El Dorado,017,186661,51,36,0,36,0
2020-04-19,Fresno,019,978130,630,326,5,331,7
2020-04-19,Glenn,021,27897,4,3,0,3,0
2020-04-19,Humboldt,023,135768,58,53,0,53,0
2020-04-19,Imperial,025,180216,320,144,0,144,2
2020-04-19,Inyo,027,18085,19,17,0,17,0
2020-04-19,Kern,029,883053,845,629,1,630,3
2020-04-19,Kings,031,150075,59,17,1,18,1
2020-04-19,Lake,033,64148,6,6,0,6,0
2020-04-19,Lassen,035,31185,1,0,2,2,0
2020-04-19,Los Angeles,037,10098052,19762,12299,17,12316,589
2020-04-19,Madera,039,155013,69,34,0,34,2
2020-04-19,Marin,041,260295,212,194,1,195,10
2020-04-19,Mariposa,043,17540,2,0,0,0,0
2020-04-19,Mendocino,045,87422,7,4,0,4,0
2020-04-19,Merced,047,269075,131,85,0,85,3
2020-04-19,Modoc,049,8938,0,0,0,0,0
2020-04-19,Mono,051,14174,29,23,0,23,1
2020-04-19,Monterey,053,433212,196,140,0,140,4
2020-04-19,Napa,055,140530,62,49,0,49,2
2020-04-19,Nevada,057,99092,40,34,1,35,1
2020-04-19,Orange,059,3164182,2514,1591,9,1600,32
2020-04-19,Placer,061,380077,152,131,0,131,8
2020-04-19,Plumas,063,18699,4,4,0,4,0
2020-04-19,Riverside,065,2383286,3627,2316,6,2322,56
2020-04-19,Sacramento,067,1510023,1011,912,0,912,32
2020-04-19,San Benito,069,59416,42,40,0,40,2
2020-04-19,San Bernardino,071,2135413,1878,1262,1,1263,58
2020-04-19,San Diego,073,3302833,3101,2270,0,2270,71
2020-04-19,San Francisco,075,870044,1450,1153,0,1153,19
2020-04-19,San Joaquin,077,732212,504,404,3,407,17
2020-04-19,San Luis Obispo,079,281455,180,132,1,133,1
2020-04-19,San Mateo,081,765935,1161,845,2,847,31
2020-04-19,Santa Barbara,083,443738,544,377,1,378,3
2020-04-19,Santa Clara,085,1922200,2210,1878,1,1879,81
2020-04-19,Santa Cruz,087,273765,124,98,0,98,2
2020-04-19,Shasta,089,179085,30,26,0,26,3
2020-04-19,Sierra,091,2930,0,0,0,0,0
2020-04-19,Siskiyou,093,43540,5,5,0,5,0
2020-04-19,Solano,095,438530,228,174,0,174,2
2020-04-19,Sonoma,097,501317,211,172,0,172,1
2020-04-19,Stanislaus,099,539301,293,221,4,225,3
2020-04-19,Sutter,101,95872,26,21,0,21,2
2020-04-19,Tehama,103,63373,1,1,0,1,1
2020-04-19,Trinity,105,12862,0,0,0,0,0
2020-04-19,Tulare,107,460477,552,391,2,393,17
2020-04-19,Tuolumne,109,53932,3,2,0,2,0
2020-04-19,Ventura,111,848112,555,418,0,418,13
2020-04-19,Yolo,113,214977,167,120,0,120,5
2020-04-19,Yuba,115,75493,16,15,0,15,1
2020-04-18,Alameda,001,1643700,1459,1085,0,1085,40
2020-04-18,Alpine,003,1148,1,1,0,1,0
2020-04-18,Amador,005,37829,7,7,0,7,0
2020-04-18,Butte,007,227075,21,15,1,16,0
2020-04-18,Calaveras,009,45235,12,12,0,12,0
2020-04-18,Colusa,011,21464,3,3,0,3,0
2020-04-18,Contra Costa,013,1133247,849,721,0,721,17
2020-04-18,Del Norte,015,27424,2,2,0,2,0
2020-04-18,El Dorado,017,186661,51,36,0,36,0
2020-04-18,Fresno,019,978130,610,319,5,324,7
2020-04-18,Glenn,021,27897,4,3,0,3,0
2020-04-18,Humboldt,023,135768,58,52,0,52,0
2020-04-18,Imperial,025,180216,311,137,0,137,2
2020-04-18,Inyo,027,18085,19,17,0,17,0
2020-04-18,Kern,029,883053,823,626,1,627,3
2020-04-18,Kings,031,150075,58,17,1,18,1
2020-04-18,Lake,033,64148,6,6,0,6,0
2020-04-18,Lassen,035,31185,1,0,2,2,0
2020-04-18,Los Angeles,037,10098052,19237,11984,16,12000,566
2020-04-18,Madera,039,155013,68,34,0,34,2
2020-04-18,Marin,041,260295,210,193,1,194,10
2020-04-18,Mariposa,043,17540,2,0,0,0,0
2020-04-18,Mendocino,045,87422,7,4,0,4,0
2020-04-18,Merced,047,269075,129,82,0,82,3
2020-04-18,Modoc,049,8938,0,0,0,0,0
2020-04-18,Mono,051,14174,29,22,0,22,1
2020-04-18,Monterey,053,433212,192,135,0,135,3
2020-04-18,Napa,055,140530,62,49,0,49,2
2020-04-18,Nevada,057,99092,39,34,1,35,1
2020-04-18,Orange,059,3164182,2450,1569,8,1577,32
2020-04-18,Placer,061,380077,150,130,0,130,8
2020-04-18,Plumas,063,18699,4,4,0,4,0
2020-04-18,Riverside,065,2383286,3555,2257,6,2263,56
2020-04-18,Sacramento,067,1510023,999,901,0,901,32
2020-04-18,San Benito,069,59416,42,40,0,40,2
2020-04-18,San Bernardino,071,2135413,1833,1255,1,1256,58
2020-04-18,San Diego,073,3302833,2999,2215,0,2215,71
2020-04-18,San Francisco,075,870044,1411,1144,0,1144,19
2020-04-18,San Joaquin,077,732212,495,392,3,395,17
2020-04-18,San Luis Obispo,079,281455,176,129,1,130,1
2020-04-18,San Mateo,081,765935,1139,821,2,823,31
2020-04-18,Santa Barbara,083,443738,538,372,1,373,3
2020-04-18,Santa Clara,085,1922200,2180,1862,1,1863,79
2020-04-18,Santa Cruz,087,273765,122,96,0,96,2
2020-04-18,Shasta,089,179085,30,26,0,26,3
2020-04-18,Sierra,091,2930,0,0,0,0,0
2020-04-18,Siskiyou,093,43540,5,5,0,5,0
2020-04-18,Solano,095,438530,225,175,0,175,2
2020-04-18,Sonoma,097,501317,207,168,0,168,1
2020-04-18,Stanislaus,099,539301,285,216,4,220,3
2020-04-18,Sutter,101,95872,26,21,0,21,2
2020-04-18,Tehama,103,63373,1,1,0,1,1
2020-04-18,Trinity,105,12862,0,0,0,0,0
2020-04-18,Tulare,107,460477,543,385,2,387,17
2020-04-18,Tuolumne,109,53932,3,2,0,2,0
2020-04-18,Ventura,111,848112,547,416,0,416,13
2020-04-18,Yolo,113,214977,165,118,0,118,5
2020-04-18,Yuba,115,75493,16,14,0,14,1
2020-04-17,Alameda,001,1643700,1404,1043,0,1043,40
2020-04-17,Alpine,003,1148,1,1,0,1,0
2020-04-17,Amador,005,37829,7,7,0,7,0
2020-04-17,Butte,007,227075,21,15,1,16,0
2020-04-17,Calaveras,009,45235,12,11,0,11,0
2020-04-17,Colusa,011,21464,3,3,0,3,0
2020-04-17,Contra Costa,013,1133247,840,687,0,687,15
2020-04-17,Del Norte,015,27424,2,2,0,2,0
2020-04-17,El Dorado,017,186661,51,35,0,35,0
2020-04-17,Fresno,019,978130,588,315,5,320,7
2020-04-17,Glenn,021,27897,4,3,0,3,0
2020-04-17,Humboldt,023,135768,57,52,0,52,0
2020-04-17,Imperial,025,180216,302,135,0,135,2
2020-04-17,Inyo,027,18085,19,17,0,17,0
2020-04-17,Kern,029,883053,803,612,1,613,3
2020-04-17,Kings,031,150075,56,15,1,16,1
2020-04-17,Lake,033,64148,6,6,0,6,0
2020-04-17,Lassen,035,31185,1,0,2,2,0
2020-04-17,Los Angeles,037,10098052,18594,11354,16,11370,489
2020-04-17,Madera,039,155013,68,34,0,34,2
2020-04-17,Marin,041,260295,207,189,1,190,10
2020-04-17,Mariposa,043,17540,1,0,0,0,0
2020-04-17,Mendocino,045,87422,7,4,0,4,0
2020-04-17,Merced,047,269075,128,80,0,80,3
2020-04-17,Modoc,049,8938,0,0,0,0,0
2020-04-17,Mono,051,14174,29,22,0,22,1
2020-04-17,Monterey,053,433212,187,119,0,119,3
2020-04-17,Napa,055,140530,60,46,0,46,2
2020-04-17,Nevada,057,99092,38,34,1,35,1
2020-04-17,Orange,059,3164182,2399,1496,8,1504,31
2020-04-17,Placer,061,380077,150,130,0,130,8
2020-04-17,Plumas,063,18699,4,4,0,4,0
2020-04-17,Riverside,065,2383286,3429,2080,6,2086,50
2020-04-17,Sacramento,067,1510023,992,882,0,882,32
2020-04-17,San Benito,069,59416,42,38,0,38,2
2020-04-17,San Bernardino,071,2135413,1794,1229,1,1230,57
2020-04-17,San Diego,073,3302833,2909,2160,0,2160,70
2020-04-17,San Francisco,075,870044,1385,1090,0,1090,19
2020-04-17,San Joaquin,077,732212,484,356,3,359,17
2020-04-17,San Luis Obispo,079,281455,169,116,1,117,1
2020-04-17,San Mateo,081,765935,1123,768,2,770,31
2020-04-17,Santa Barbara,083,443738,533,349,1,350,3
2020-04-17,Santa Clara,085,1922200,2151,1834,1,1835,74
2020-04-17,Santa Cruz,087,273765,121,94,0,94,2
2020-04-17,Shasta,089,179085,30,26,0,26,3
2020-04-17,Sierra,091,2930,0,0,0,0,0
2020-04-17,Siskiyou,093,43540,5,5,0,5,0
2020-04-17,Solano,095,438530,224,173,0,173,2
2020-04-17,Sonoma,097,501317,204,167,0,167,1
2020-04-17,Stanislaus,099,539301,283,201,4,205,3
2020-04-17,Sutter,101,95872,26,20,0,20,2
2020-04-17,Tehama,103,63373,1,1,0,1,1
2020-04-17,Trinity,105,12862,0,0,0,0,0
2020-04-17,Tulare,107,460477,536,370,2,372,17
2020-04-17,Tuolumne,109,53932,3,2,0,2,0
2020-04-17,Ventura,111,848112,542,398,0,398,13
2020-04-17,Yolo,113,214977,164,117,0,117,5
2020-04-17,Yuba,115,75493,16,14,0,14,1
2020-04-16,Alameda,001,1643700,1371,981,0,981,39
2020-04-16,Alpine,003,1148,1,1,0,1,0
2020-04-16,Amador,005,37829,7,7,0,7,0
2020-04-16,Butte,007,227075,20,15,1,16,0
2020-04-16,Calaveras,009,45235,12,10,0,10,0
2020-04-16,Colusa,011,21464,3,3,0,3,0
2020-04-16,Contra Costa,013,1133247,826,675,0,675,14
2020-04-16,Del Norte,015,27424,2,2,0,2,0
2020-04-16,El Dorado,017,186661,50,34,0,34,0
2020-04-16,Fresno,019,978130,559,289,5,294,7
2020-04-16,Glenn,021,27897,4,3,0,3,0
2020-04-16,Humboldt,023,135768,57,47,0,47,0
2020-04-16,Imperial,025,180216,288,132,0,132,2
2020-04-16,Inyo,027,18085,17,17,0,17,0
2020-04-16,Kern,029,883053,777,587,1,588,3
2020-04-16,Kings,031,150075,52,12,1,13,1
2020-04-16,Lake,033,64148,6,6,0,6,0
2020-04-16,Lassen,035,31185,1,0,2,2,0
2020-04-16,Los Angeles,037,10098052,17710,10786,16,10802,447
2020-04-16,Madera,039,155013,66,34,0,34,2
2020-04-16,Marin,041,260295,203,170,1,171,10
2020-04-16,Mariposa,043,17540,1,1,0,1,0
2020-04-16,Mendocino,045,87422,7,4,0,4,0
2020-04-16,Merced,047,269075,122,76,0,76,3
2020-04-16,Modoc,049,8938,0,0,0,0,0
2020-04-16,Mono,051,14174,29,22,0,22,1
2020-04-16,Monterey,053,433212,184,116,0,116,3
2020-04-16,Napa,055,140530,57,44,0,44,2
2020-04-16,Nevada,057,99092,38,34,1,35,1
2020-04-16,Orange,059,3164182,2335,1439,7,1446,28
2020-04-16,Placer,061,380077,148,129,0,129,7
2020-04-16,Plumas,063,18699,4,4,0,4,0
2020-04-16,Riverside,065,2383286,3311,1913,6,1919,45
2020-04-16,Sacramento,067,1510023,984,865,0,865,32
2020-04-16,San Benito,069,59416,42,36,0,36,2
2020-04-16,San Bernardino,071,2135413,1711,1143,0,1143,54
2020-04-16,San Diego,073,3302833,2801,2089,0,2089,63
2020-04-16,San Francisco,075,870044,1341,1039,0,1039,16
2020-04-16,San Joaquin,077,732212,469,345,3,348,17
2020-04-16,San Luis Obispo,079,281455,165,113,1,114,1
2020-04-16,San Mateo,081,765935,1094,745,2,747,29
2020-04-16,Santa Barbara,083,443738,520,331,1,332,3
2020-04-16,Santa Clara,085,1922200,2125,1789,1,1790,70
2020-04-16,Santa Cruz,087,273765,119,90,0,90,2
2020-04-16,Shasta,089,179085,30,25,0,25,3
2020-04-16,Sierra,091,2930,0,0,0,0,0
2020-04-16,Siskiyou,093,43540,5,5,0,5,0
2020-04-16,Solano,095,438530,221,162,0,162,2
2020-04-16,Sonoma,097,501317,199,145,0,145,1
2020-04-16,Stanislaus,099,539301,280,185,4,189,3
2020-04-16,Sutter,101,95872,25,21,0,21,2
2020-04-16,Tehama,103,63373,1,1,0,1,1
2020-04-16,Trinity,105,12862,0,0,0,0,0
2020-04-16,Tulare,107,460477,520,305,2,307,16
2020-04-16,Tuolumne,109,53932,3,1,0,1,0
2020-04-16,Ventura,111,848112,530,384,0,384,13
2020-04-16,Yolo,113,214977,162,98,0,98,4
2020-04-16,Yuba,115,75493,15,14,0,14,1
2020-04-15,Alameda,001,1643700,1321,915,0,915,38
2020-04-15,Alpine,003,1148,1,1,0,1,0
2020-04-15,Amador,005,37829,7,7,0,7,0
2020-04-15,Butte,007,227075,20,14,1,15,0
2020-04-15,Calaveras,009,45235,11,9,0,9,0
2020-04-15,Colusa,011,21464,3,3,0,3,0
2020-04-15,Contra Costa,013,1133247,804,645,0,645,14
2020-04-15,Del Norte,015,27424,2,2,0,2,0
2020-04-15,El Dorado,017,186661,48,33,0,33,0
2020-04-15,Fresno,019,978130,534,264,5,269,7
2020-04-15,Glenn,021,27897,4,3,0,3,0
2020-04-15,Humboldt,023,135768,57,47,0,47,0
2020-04-15,Imperial,025,180216,262,115,0,115,2
2020-04-15,Inyo,027,18085,17,12,0,12,0
2020-04-15,Kern,029,883053,755,500,1,501,3
2020-04-15,Kings,031,150075,48,12,1,13,1
2020-04-15,Lake,033,64148,6,4,0,4,0
2020-04-15,Lassen,035,31185,1,0,2,2,0
2020-04-15,Los Angeles,037,10098052,16889,10416,16,10432,394
2020-04-15,Madera,039,155013,66,30,0,30,2
2020-04-15,Marin,041,260295,200,162,1,163,10
2020-04-15,Mariposa,043,17540,0,0,0,0,0
2020-04-15,Mendocino,045,87422,6,4,0,4,0
2020-04-15,Merced,047,269075,120,74,0,74,3
2020-04-15,Modoc,049,8938,0,0,0,0,0
2020-04-15,Mono,051,14174,29,22,0,22,1
2020-04-15,Monterey,053,433212,176,106,0,106,3
2020-04-15,Napa,055,140530,55,34,0,34,2
2020-04-15,Nevada,057,99092,37,34,1,35,1
2020-04-15,Orange,059,3164182,2232,1377,7,1384,24
2020-04-15,Placer,061,380077,147,123,0,123,6
2020-04-15,Plumas,063,18699,4,4,0,4,0
2020-04-15,Riverside,065,2383286,3116,1723,6,1729,42
2020-04-15,Sacramento,067,1510023,975,839,0,839,32
2020-04-15,San Benito,069,59416,42,34,0,34,2
2020-04-15,San Bernardino,071,2135413,1641,1063,0,1063,45
2020-04-15,San Diego,073,3302833,2713,2014,0,2014,60
2020-04-15,San Francisco,075,870044,1305,1006,0,1006,16
2020-04-15,San Joaquin,077,732212,461,329,3,332,17
2020-04-15,San Luis Obispo,079,281455,158,112,1,113,1
2020-04-15,San Mateo,081,765935,1045,707,2,709,28
2020-04-15,Santa Barbara,083,443738,501,317,1,318,2
2020-04-15,Santa Clara,085,1922200,2091,1692,1,1693,69
2020-04-15,Santa Cruz,087,273765,115,92,0,92,2
2020-04-15,Shasta,089,179085,30,25,0,25,3
2020-04-15,Sierra,091,2930,0,0,0,0,0
2020-04-15,Siskiyou,093,43540,5,5,0,5,0
2020-04-15,Solano,095,438530,216,153,0,153,2
2020-04-15,Sonoma,097,501317,197,140,0,140,1
2020-04-15,Stanislaus,099,539301,273,174,4,178,3
2020-04-15,Sutter,101,95872,25,19,0,19,2
2020-04-15,Tehama,103,63373,1,1,0,1,1
2020-04-15,Trinity,105,12862,0,0,0,0,0
2020-04-15,Tulare,107,460477,503,289,2,291,14
2020-04-15,Tuolumne,109,53932,3,1,0,1,0
2020-04-15,Ventura,111,848112,515,365,0,365,13
2020-04-15,Yolo,113,214977,158,93,0,93,3
2020-04-15,Yuba,115,75493,15,15,0,15,1
2020-04-14,Alameda,001,1643700,1276,843,0,843,30
2020-04-14,Alpine,003,1148,1,1,0,1,0
2020-04-14,Amador,005,37829,7,6,0,6,0
2020-04-14,Butte,007,227075,20,13,1,14,0
2020-04-14,Calaveras,009,45235,11,5,0,5,0
2020-04-14,Colusa,011,21464,3,3,0,3,0
2020-04-14,Contra Costa,013,1133247,792,617,0,617,12
2020-04-14,Del Norte,015,27424,2,2,0,2,0
2020-04-14,El Dorado,017,186661,48,30,0,30,0
2020-04-14,Fresno,019,978130,512,244,5,249,6
2020-04-14,Glenn,021,27897,4,3,0,3,0
2020-04-14,Humboldt,023,135768,57,44,0,44,0
2020-04-14,Imperial,025,180216,242,86,0,86,2
2020-04-14,Inyo,027,18085,17,12,0,12,0
2020-04-14,Kern,029,883053,732,453,1,454,3
2020-04-14,Kings,031,150075,47,12,1,13,1
2020-04-14,Lake,033,64148,6,3,0,3,0
2020-04-14,Lassen,035,31185,1,0,2,2,0
2020-04-14,Los Angeles,037,10098052,15995,9948,15,9963,357
2020-04-14,Madera,039,155013,65,29,0,29,2
2020-04-14,Marin,041,260295,196,147,1,148,9
2020-04-14,Mariposa,043,17540,0,0,0,0,0
2020-04-14,Mendocino,045,87422,6,4,0,4,0
2020-04-14,Merced,047,269075,113,61,0,61,3
2020-04-14,Modoc,049,8938,0,0,0,0,0
2020-04-14,Mono,051,14174,29,22,0,22,1
2020-04-14,Monterey,053,433212,171,98,0,98,3
2020-04-14,Napa,055,140530,55,33,0,33,2
2020-04-14,Nevada,057,99092,37,34,1,35,1
2020-04-14,Orange,059,3164182,2129,1362,7,1369,24
2020-04-14,Placer,061,380077,146,117,0,117,5
2020-04-14,Plumas,063,18699,4,3,0,3,0
2020-04-14,Riverside,065,2383286,2981,1467,6,1473,40
2020-04-14,Sacramento,067,1510023,966,737,0,737,29
2020-04-14,San Benito,069,59416,39,34,0,34,2
2020-04-14,San Bernardino,071,2135413,1586,933,0,933,37
2020-04-14,San Diego,073,3302833,2618,1932,0,1932,53
2020-04-14,San Francisco,075,870044,1251,968,0,968,14
2020-04-14,San Joaquin,077,732212,451,280,3,283,17
2020-04-14,San Luis Obispo,079,281455,156,109,1,110,1
2020-04-14,San Mateo,081,765935,1011,681,2,683,28
2020-04-14,Santa Barbara,083,443738,476,292,1,293,2
2020-04-14,Santa Clara,085,1922200,2058,1561,1,1562,63
2020-04-14,Santa Cruz,087,273765,107,84,0,84,2
2020-04-14,Shasta,089,179085,30,24,0,24,3
2020-04-14,Sierra,091,2930,0,0,0,0,0
2020-04-14,Siskiyou,093,43540,5,5,0,5,0
2020-04-14,Solano,095,438530,213,140,0,140,2
2020-04-14,Sonoma,097,501317,193,133,0,133,1
2020-04-14,Stanislaus,099,539301,260,136,4,140,3
2020-04-14,Sutter,101,95872,24,19,0,19,2
2020-04-14,Tehama,103,63373,1,1,0,1,1
2020-04-14,Trinity,105,12862,0,0,0,0,0
2020-04-14,Tulare,107,460477,480,228,2,230,12
2020-04-14,Tuolumne,109,53932,3,0,0,0,0
2020-04-14,Ventura,111,848112,502,328,0,328,11
2020-04-14,Yolo,113,214977,154,81,0,81,3
2020-04-14,Yuba,115,75493,14,14,0,14,1
2020-04-13,Alameda,001,1643700,1237,821,0,821,23
2020-04-13,Alpine,003,1148,1,1,0,1,0
2020-04-13,Amador,005,37829,7,6,0,6,0
2020-04-13,Butte,007,227075,20,13,1,14,0
2020-04-13,Calaveras,009,45235,10,5,0,5,0
2020-04-13,Colusa,011,21464,3,3,0,3,0
2020-04-13,Contra Costa,013,1133247,776,569,0,569,12
2020-04-13,Del Norte,015,27424,2,2,0,2,0
2020-04-13,El Dorado,017,186661,46,29,0,29,0
2020-04-13,Fresno,019,978130,490,205,4,209,4
2020-04-13,Glenn,021,27897,4,3,0,3,0
2020-04-13,Humboldt,023,135768,57,44,0,44,0
2020-04-13,Imperial,025,180216,224,82,0,82,2
2020-04-13,Inyo,027,18085,17,12,0,12,0
2020-04-13,Kern,029,883053,707,346,1,347,3
2020-04-13,Kings,031,150075,43,9,1,10,0
2020-04-13,Lake,033,64148,6,3,0,3,0
2020-04-13,Lassen,035,31185,1,0,2,2,0
2020-04-13,Los Angeles,037,10098052,15280,9367,15,9382,317
2020-04-13,Madera,039,155013,63,29,0,29,2
2020-04-13,Marin,041,260295,192,144,1,145,6
2020-04-13,Mariposa,043,17540,0,0,0,0,0
2020-04-13,Mendocino,045,87422,6,4,0,4,0
2020-04-13,Merced,047,269075,112,60,0,60,3
2020-04-13,Modoc,049,8938,0,0,0,0,0
2020-04-13,Mono,051,14174,29,21,0,21,1
2020-04-13,Monterey,053,433212,165,86,0,86,3
2020-04-13,Napa,055,140530,54,30,0,30,2
2020-04-13,Nevada,057,99092,37,24,1,25,1
2020-04-13,Orange,059,3164182,2056,1313,7,1320,21
2020-04-13,Placer,061,380077,145,116,0,116,5
2020-04-13,Plumas,063,18699,4,3,0,3,0
2020-04-13,Riverside,065,2383286,2841,1460,5,1465,35
2020-04-13,Sacramento,067,1510023,954,723,0,723,25
2020-04-13,San Benito,069,59416,38,33,0,33,2
2020-04-13,San Bernardino,071,2135413,1511,920,0,920,30
2020-04-13,San Diego,073,3302833,2535,1849,0,1849,47
2020-04-13,San Francisco,075,870044,1213,948,0,948,12
2020-04-13,San Joaquin,077,732212,437,255,3,258,16
2020-04-13,San Luis Obispo,079,281455,151,106,1,107,1
2020-04-13,San Mateo,081,765935,971,679,2,681,25
2020-04-13,Santa Barbara,083,443738,457,271,0,271,2
2020-04-13,Santa Clara,085,1922200,2018,1540,1,1541,58
2020-04-13,Santa Cruz,087,273765,101,82,0,82,1
2020-04-13,Shasta,089,179085,29,24,0,24,3
2020-04-13,Sierra,091,2930,0,0,0,0,0
2020-04-13,Siskiyou,093,43540,5,5,0,5,0
2020-04-13,Solano,095,438530,210,136,0,136,2
2020-04-13,Sonoma,097,501317,186,133,0,133,1
2020-04-13,Stanislaus,099,539301,254,130,4,134,1
2020-04-13,Sutter,101,95872,24,18,0,18,2
2020-04-13,Tehama,103,63373,1,1,0,1,0
2020-04-13,Trinity,105,12862,0,0,0,0,0
2020-04-13,Tulare,107,460477,443,185,2,187,11
2020-04-13,Tuolumne,109,53932,3,0,0,0,0
2020-04-13,Ventura,111,848112,481,309,0,309,9
2020-04-13,Yolo,113,214977,148,81,0,81,3
2020-04-13,Yuba,115,75493,14,13,0,13,1
2020-04-12,Alameda,001,1643700,1194,774,0,774,23
2020-04-12,Alpine,003,1148,1,1,0,1,0
2020-04-12,Amador,005,37829,7,6,0,6,0
2020-04-12,Butte,007,227075,20,13,1,14,0
2020-04-12,Calaveras,009,45235,10,5,0,5,0
2020-04-12,Colusa,011,21464,3,3,0,3,0
2020-04-12,Contra Costa,013,1133247,764,553,0,553,12
2020-04-12,Del Norte,015,27424,2,2,0,2,0
2020-04-12,El Dorado,017,186661,46,28,0,28,0
2020-04-12,Fresno,019,978130,461,205,4,209,4
2020-04-12,Glenn,021,27897,4,3,0,3,0
2020-04-12,Humboldt,023,135768,57,43,0,43,0
2020-04-12,Imperial,025,180216,201,78,0,78,2
2020-04-12,Inyo,027,18085,15,12,0,12,0
2020-04-12,Kern,029,883053,675,319,0,319,3
2020-04-12,Kings,031,150075,41,9,1,10,0
2020-04-12,Lake,033,64148,6,3,0,3,0
2020-04-12,Lassen,035,31185,1,0,2,2,0
2020-04-12,Los Angeles,037,10098052,14568,9133,15,9148,294
2020-04-12,Madera,039,155013,62,29,0,29,2
2020-04-12,Marin,041,260295,181,138,1,139,6
2020-04-12,Mariposa,043,17540,0,0,0,0,0
2020-04-12,Mendocino,045,87422,6,4,0,4,0
2020-04-12,Merced,047,269075,106,58,0,58,3
2020-04-12,Modoc,049,8938,0,0,0,0,0
2020-04-12,Mono,051,14174,29,20,0,20,1
2020-04-12,Monterey,053,433212,151,85,0,85,3
2020-04-12,Napa,055,140530,52,29,0,29,2
2020-04-12,Nevada,057,99092,37,24,1,25,1
2020-04-12,Orange,059,3164182,1995,1283,6,1289,21
2020-04-12,Placer,061,380077,144,114,0,114,4
2020-04-12,Plumas,063,18699,4,3,0,3,0
2020-04-12,Riverside,065,2383286,2659,1330,5,1335,34
2020-04-12,Sacramento,067,1510023,917,689,0,689,25
2020-04-12,San Benito,069,59416,36,33,0,33,2
2020-04-12,San Bernardino,071,2135413,1435,827,0,827,30
2020-04-12,San Diego,073,3302833,2445,1806,0,1806,45
2020-04-12,San Francisco,075,870044,1186,886,0,886,11
2020-04-12,San Joaquin,077,732212,419,246,3,249,15
2020-04-12,San Luis Obispo,079,281455,149,102,1,103,1
2020-04-12,San Mateo,081,765935,945,664,2,666,25
2020-04-12,Santa Barbara,083,443738,432,261,0,261,2
2020-04-12,Santa Clara,085,1922200,1994,1461,1,1462,53
2020-04-12,Santa Cruz,087,273765,100,80,0,80,1
2020-04-12,Shasta,089,179085,29,24,0,24,3
2020-04-12,Sierra,091,2930,0,0,0,0,0
2020-04-12,Siskiyou,093,43540,5,5,0,5,0
2020-04-12,Solano,095,438530,204,136,0,136,2
2020-04-12,Sonoma,097,501317,183,131,0,131,1
2020-04-12,Stanislaus,099,539301,246,117,4,121,1
2020-04-12,Sutter,101,95872,23,18,0,18,2
2020-04-12,Tehama,103,63373,1,1,0,1,0
2020-04-12,Trinity,105,12862,0,0,0,0,0
2020-04-12,Tulare,107,460477,432,166,2,168,11
2020-04-12,Tuolumne,109,53932,3,0,0,0,0
2020-04-12,Ventura,111,848112,472,306,0,306,9
2020-04-12,Yolo,113,214977,135,67,0,67,3
2020-04-12,Yuba,115,75493,14,13,0,13,1
2020-04-11,Alameda,001,1643700,1153,751,0,751,23
2020-04-11,Alpine,003,1148,1,1,0,1,0
2020-04-11,Amador,005,37829,7,6,0,6,0
2020-04-11,Butte,007,227075,20,13,1,14,0
2020-04-11,Calaveras,009,45235,10,5,0,5,0
2020-04-11,Colusa,011,21464,3,3,0,3,0
2020-04-11,Contra Costa,013,1133247,755,550,0,550,12
2020-04-11,Del Norte,015,27424,2,2,0,2,0
2020-04-11,El Dorado,017,186661,45,29,0,29,0
2020-04-11,Fresno,019,978130,451,201,4,205,4
2020-04-11,Glenn,021,27897,4,3,0,3,0
2020-04-11,Humboldt,023,135768,57,38,0,38,0
2020-04-11,Imperial,025,180216,190,78,0,78,2
2020-04-11,Inyo,027,18085,15,12,0,12,0
2020-04-11,Kern,029,883053,647,304,0,304,3
2020-04-11,Kings,031,150075,38,9,1,10,0
2020-04-11,Lake,033,64148,6,3,0,3,0
2020-04-11,Lassen,035,31185,1,0,2,2,0
2020-04-11,Los Angeles,037,10098052,14098,8823,15,8838,262
2020-04-11,Madera,039,155013,61,29,0,29,2
2020-04-11,Marin,041,260295,178,136,1,137,6
2020-04-11,Mariposa,043,17540,0,0,0,0,0
2020-04-11,Mendocino,045,87422,6,4,0,4,0
2020-04-11,Merced,047,269075,103,59,0,59,3
2020-04-11,Modoc,049,8938,0,0,0,0,0
2020-04-11,Mono,051,14174,29,20,0,20,1
2020-04-11,Monterey,053,433212,145,78,0,78,3
2020-04-11,Napa,055,140530,52,29,0,29,2
2020-04-11,Nevada,057,99092,37,24,1,25,1
2020-04-11,Orange,059,3164182,1934,1267,6,1273,21
2020-04-11,Placer,061,380077,144,113,0,113,4
2020-04-11,Plumas,063,18699,4,3,0,3,0
2020-04-11,Riverside,065,2383286,2580,1260,5,1265,33
2020-04-11,Sacramento,067,1510023,906,685,0,685,25
2020-04-11,San Benito,069,59416,36,33,0,33,2
2020-04-11,San Bernardino,071,2135413,1399,826,0,826,28
2020-04-11,San Diego,073,3302833,2379,1763,0,1763,45
2020-04-11,San Francisco,075,870044,1164,860,0,860,11
2020-04-11,San Joaquin,077,732212,414,244,3,247,15
2020-04-11,San Luis Obispo,079,281455,149,100,0,100,1
2020-04-11,San Mateo,081,765935,933,662,2,664,25
2020-04-11,Santa Barbara,083,443738,424,258,0,258,2
2020-04-11,Santa Clara,085,1922200,1952,1441,1,1442,51
2020-04-11,Santa Cruz,087,273765,100,79,0,79,1
2020-04-11,Shasta,089,179085,29,24,0,24,3
2020-04-11,Sierra,091,2930,0,0,0,0,0
2020-04-11,Siskiyou,093,43540,5,5,0,5,0
2020-04-11,Solano,095,438530,200,138,0,138,2
2020-04-11,Sonoma,097,501317,181,131,0,131,1
2020-04-11,Stanislaus,099,539301,239,119,3,122,1
2020-04-11,Sutter,101,95872,23,18,0,18,2
2020-04-11,Tehama,103,63373,1,1,0,1,0
2020-04-11,Trinity,105,12862,0,0,0,0,0
2020-04-11,Tulare,107,460477,410,168,2,170,10
2020-04-11,Tuolumne,109,53932,3,0,0,0,0
2020-04-11,Ventura,111,848112,462,304,0,304,9
2020-04-11,Yolo,113,214977,132,67,0,67,3
2020-04-11,Yuba,115,75493,14,13,0,13,1
2020-04-10,Alameda,001,1643700,1112,706,0,706,21
2020-04-10,Alpine,003,1148,1,1,0,1,0
2020-04-10,Amador,005,37829,7,5,0,5,0
2020-04-10,Butte,007,227075,20,13,1,14,0
2020-04-10,Calaveras,009,45235,10,5,0,5,0
2020-04-10,Colusa,011,21464,3,3,0,3,0
2020-04-10,Contra Costa,013,1133247,742,537,0,537,10
2020-04-10,Del Norte,015,27424,2,2,0,2,0
2020-04-10,El Dorado,017,186661,45,26,0,26,0
2020-04-10,Fresno,019,978130,444,186,3,189,3
2020-04-10,Glenn,021,27897,4,3,0,3,0
2020-04-10,Humboldt,023,135768,57,36,0,36,0
2020-04-10,Imperial,025,180216,183,70,0,70,2
2020-04-10,Inyo,027,18085,13,11,0,11,0
2020-04-10,Kern,029,883053,623,272,0,272,3
2020-04-10,Kings,031,150075,35,7,1,8,0
2020-04-10,Lake,033,64148,6,3,0,3,0
2020-04-10,Lassen,035,31185,1,0,2,2,0
2020-04-10,Los Angeles,037,10098052,13585,8384,14,8398,239
2020-04-10,Madera,039,155013,60,29,0,29,2
2020-04-10,Marin,041,260295,173,128,1,129,6
2020-04-10,Mariposa,043,17540,0,0,0,0,0
2020-04-10,Mendocino,045,87422,6,4,0,4,0
2020-04-10,Merced,047,269075,100,56,0,56,3
2020-04-10,Modoc,049,8938,0,0,0,0,0
2020-04-10,Mono,051,14174,29,20,0,20,1
2020-04-10,Monterey,053,433212,134,78,0,78,3
2020-04-10,Napa,055,140530,49,28,0,28,2
2020-04-10,Nevada,057,99092,37,23,1,24,1
2020-04-10,Orange,059,3164182,1887,1167,6,1173,21
2020-04-10,Placer,061,380077,143,112,0,112,4
2020-04-10,Plumas,063,18699,4,3,0,3,0
2020-04-10,Riverside,065,2383286,2515,1162,5,1167,30
2020-04-10,Sacramento,067,1510023,897,642,0,642,24
2020-04-10,San Benito,069,59416,36,32,0,32,2
2020-04-10,San Bernardino,071,2135413,1351,779,0,779,27
2020-04-10,San Diego,073,3302833,2319,1695,0,1695,44
2020-04-10,San Francisco,075,870044,1133,797,0,797,10
2020-04-10,San Joaquin,077,732212,402,234,3,237,14
2020-04-10,San Luis Obispo,079,281455,149,97,0,97,1
2020-04-10,San Mateo,081,765935,917,642,2,644,24
2020-04-10,Santa Barbara,083,443738,412,254,0,254,2
2020-04-10,Santa Clara,085,1922200,1903,1351,1,1352,50
2020-04-10,Santa Cruz,087,273765,99,75,0,75,1
2020-04-10,Shasta,089,179085,29,24,0,24,3
2020-04-10,Sierra,091,2930,0,0,0,0,0
2020-04-10,Siskiyou,093,43540,5,5,0,5,0
2020-04-10,Solano,095,438530,197,129,0,129,2
2020-04-10,Sonoma,097,501317,180,129,0,129,1
2020-04-10,Stanislaus,099,539301,232,101,3,104,0
2020-04-10,Sutter,101,95872,23,18,0,18,2
2020-04-10,Tehama,103,63373,1,1,0,1,0
2020-04-10,Trinity,105,12862,0,0,0,0,0
2020-04-10,Tulare,107,460477,367,163,2,165,10
2020-04-10,Tuolumne,109,53932,3,0,0,0,0
2020-04-10,Ventura,111,848112,454,290,0,290,9
2020-04-10,Yolo,113,214977,130,62,0,62,3
2020-04-10,Yuba,115,75493,14,13,0,13,1
2020-04-09,Alameda,001,1643700,1062,641,0,641,17
2020-04-09,Alpine,003,1148,1,1,0,1,0
2020-04-09,Amador,005,37829,7,2,0,2,0
2020-04-09,Butte,007,227075,19,12,1,13,0
2020-04-09,Calaveras,009,45235,10,5,0,5,0
2020-04-09,Colusa,011,21464,3,3,0,3,0
2020-04-09,Contra Costa,013,1133247,699,505,0,505,7
2020-04-09,Del Norte,015,27424,2,2,0,2,0
2020-04-09,El Dorado,017,186661,44,25,0,25,0
2020-04-09,Fresno,019,978130,420,165,3,168,3
2020-04-09,Glenn,021,27897,4,2,0,2,0
2020-04-09,Humboldt,023,135768,57,36,0,36,0
2020-04-09,Imperial,025,180216,162,67,0,67,2
2020-04-09,Inyo,027,18085,12,11,0,11,0
2020-04-09,Kern,029,883053,587,241,0,241,2
2020-04-09,Kings,031,150075,33,5,1,6,0
2020-04-09,Lake,033,64148,5,1,0,1,0
2020-04-09,Lassen,035,31185,1,0,2,2,0
2020-04-09,Los Angeles,037,10098052,12957,7919,14,7933,220
2020-04-09,Madera,039,155013,60,28,0,28,2
2020-04-09,Marin,041,260295,171,126,1,127,7
2020-04-09,Mariposa,043,17540,0,0,0,0,0
2020-04-09,Mendocino,045,87422,6,4,0,4,0
2020-04-09,Merced,047,269075,97,41,0,41,3
2020-04-09,Modoc,049,8938,0,0,0,0,0
2020-04-09,Mono,051,14174,29,19,0,19,1
2020-04-09,Monterey,053,433212,116,70,0,70,3
2020-04-09,Napa,055,140530,45,27,0,27,2
2020-04-09,Nevada,057,99092,36,23,1,24,1
2020-04-09,Orange,059,3164182,1811,1105,5,1110,19
2020-04-09,Placer,061,380077,142,107,0,107,4
2020-04-09,Plumas,063,18699,4,3,0,3,0
2020-04-09,Riverside,065,2383286,2373,1083,5,1088,29
2020-04-09,Sacramento,067,1510023,874,601,0,601,21
2020-04-09,San Benito,069,59416,36,32,0,32,2
2020-04-09,San Bernardino,071,2135413,1282,717,0,717,27
2020-04-09,San Diego,073,3302833,2223,1630,0,1630,40
2020-04-09,San Francisco,075,870044,1113,748,0,748,8
2020-04-09,San Joaquin,077,732212,381,223,3,226,14
2020-04-09,San Luis Obispo,079,281455,142,93,0,93,1
2020-04-09,San Mateo,081,765935,901,630,2,632,23
2020-04-09,Santa Barbara,083,443738,401,232,0,232,2
2020-04-09,Santa Clara,085,1922200,1834,1301,1,1302,49
2020-04-09,Santa Cruz,087,273765,99,73,0,73,1
2020-04-09,Shasta,089,179085,29,22,0,22,3
2020-04-09,Sierra,091,2930,0,0,0,0,0
2020-04-09,Siskiyou,093,43540,5,4,0,4,0
2020-04-09,Solano,095,438530,188,118,0,118,2
2020-04-09,Sonoma,097,501317,176,113,0,113,1
2020-04-09,Stanislaus,099,539301,220,93,3,96,0
2020-04-09,Sutter,101,95872,23,17,0,17,2
2020-04-09,Tehama,103,63373,1,1,0,1,0
2020-04-09,Trinity,105,12862,0,0,0,0,0
2020-04-09,Tulare,107,460477,341,147,2,149,9
2020-04-09,Tuolumne,109,53932,3,0,0,0,0
2020-04-09,Ventura,111,848112,435,273,0,273,9
2020-04-09,Yolo,113,214977,121,59,0,59,3
2020-04-09,Yuba,115,75493,14,13,0,13,0
2020-04-08,Alameda,001,1643700,1021,594,0,594,15
2020-04-08,Alpine,003,1148,1,1,0,1,0
2020-04-08,Amador,005,37829,7,2,0,2,0
2020-04-08,Butte,007,227075,18,11,1,12,0
2020-04-08,Calaveras,009,45235,10,5,0,5,0
2020-04-08,Colusa,011,21464,3,3,0,3,0
2020-04-08,Contra Costa,013,1133247,686,481,0,481,7
2020-04-08,Del Norte,015,27424,2,2,0,2,0
2020-04-08,El Dorado,017,186661,44,25,0,25,0
2020-04-08,Fresno,019,978130,400,151,3,154,3
2020-04-08,Glenn,021,27897,4,2,0,2,0
2020-04-08,Humboldt,023,135768,57,40,0,40,0
2020-04-08,Imperial,025,180216,151,59,0,59,2
2020-04-08,Inyo,027,18085,12,11,0,11,0
2020-04-08,Kern,029,883053,546,198,0,198,2
2020-04-08,Kings,031,150075,33,5,1,6,0
2020-04-08,Lake,033,64148,5,1,0,1,0
2020-04-08,Lassen,035,31185,1,0,2,2,0
2020-04-08,Los Angeles,037,10098052,12356,7505,14,7519,196
2020-04-08,Madera,039,155013,59,28,0,28,2
2020-04-08,Marin,041,260295,165,125,1,126,7
2020-04-08,Mariposa,043,17540,0,0,0,0,0
2020-04-08,Mendocino,045,87422,6,4,0,4,0
2020-04-08,Merced,047,269075,82,35,0,35,1
2020-04-08,Modoc,049,8938,0,0,0,0,0
2020-04-08,Mono,051,14174,29,19,0,19,1
2020-04-08,Monterey,053,433212,107,68,0,68,3
2020-04-08,Napa,055,140530,43,21,0,21,2
2020-04-08,Nevada,057,99092,36,21,1,22,1
2020-04-08,Orange,059,3164182,1750,1034,5,1039,19
2020-04-08,Placer,061,380077,142,102,0,102,4
2020-04-08,Plumas,063,18699,4,3,0,3,0
2020-04-08,Riverside,065,2383286,2219,974,5,979,28
2020-04-08,Sacramento,067,1510023,840,565,0,565,21
2020-04-08,San Benito,069,59416,36,31,0,31,2
2020-04-08,San Bernardino,071,2135413,1225,635,0,635,22
2020-04-08,San Diego,073,3302833,2149,1532,0,1532,36
2020-04-08,San Francisco,075,870044,1045,687,0,687,7
2020-04-08,San Joaquin,077,732212,364,211,3,214,12
2020-04-08,San Luis Obispo,079,281455,140,90,0,90,1
2020-04-08,San Mateo,081,765935,886,608,2,610,22
2020-04-08,Santa Barbara,083,443738,383,221,0,221,2
2020-04-08,Santa Clara,085,1922200,1790,1257,1,1258,47
2020-04-08,Santa Cruz,087,273765,98,69,0,69,1
2020-04-08,Shasta,089,179085,29,18,0,18,3
2020-04-08,Sierra,091,2930,0,0,0,0,0
2020-04-08,Siskiyou,093,43540,5,4,0,4,0
2020-04-08,Solano,095,438530,175,111,0,111,2
2020-04-08,Sonoma,097,501317,171,107,0,107,1
2020-04-08,Stanislaus,099,539301,204,86,3,89,0
2020-04-08,Sutter,101,95872,22,17,0,17,2
2020-04-08,Tehama,103,63373,1,1,0,1,0
2020-04-08,Trinity,105,12862,0,0,0,0,0
2020-04-08,Tulare,107,460477,311,145,2,147,6
2020-04-08,Tuolumne,109,53932,3,0,0,0,0
2020-04-08,Ventura,111,848112,426,263,0,263,7
2020-04-08,Yolo,113,214977,104,56,0,56,3
2020-04-08,Yuba,115,75493,14,10,0,10,0
2020-04-07,Alameda,001,1643700,986,560,0,560,14
2020-04-07,Alpine,003,1148,1,1,0,1,0
2020-04-07,Amador,005,37829,7,2,0,2,0
2020-04-07,Butte,007,227075,17,11,1,12,0
2020-04-07,Calaveras,009,45235,9,5,0,5,0
2020-04-07,Colusa,011,21464,3,2,0,2,0
2020-04-07,Contra Costa,013,1133247,666,471,0,471,7
2020-04-07,Del Norte,015,27424,2,2,0,2,0
2020-04-07,El Dorado,017,186661,43,22,0,22,0
2020-04-07,Fresno,019,978130,385,138,3,141,3
2020-04-07,Glenn,021,27897,4,2,0,2,0
2020-04-07,Humboldt,023,135768,56,40,0,40,0
2020-04-07,Imperial,025,180216,133,53,0,53,2
2020-04-07,Inyo,027,18085,12,11,0,11,0
2020-04-07,Kern,029,883053,503,134,0,134,2
2020-04-07,Kings,031,150075,31,5,1,6,0
2020-04-07,Lake,033,64148,4,1,0,1,0
2020-04-07,Lassen,035,31185,1,0,2,2,0
2020-04-07,Los Angeles,037,10098052,11705,6885,14,6899,170
2020-04-07,Madera,039,155013,57,28,0,28,2
2020-04-07,Marin,041,260295,163,122,1,123,7
2020-04-07,Mariposa,043,17540,0,0,0,0,0
2020-04-07,Mendocino,045,87422,6,4,0,4,0
2020-04-07,Merced,047,269075,67,27,0,27,1
2020-04-07,Modoc,049,8938,0,0,0,0,0
2020-04-07,Mono,051,14174,28,18,0,18,1
2020-04-07,Monterey,053,433212,99,63,0,63,2
2020-04-07,Napa,055,140530,41,18,0,18,2
2020-04-07,Nevada,057,99092,36,20,1,21,1
2020-04-07,Orange,059,3164182,1703,971,4,975,19
2020-04-07,Placer,061,380077,137,94,0,94,3
2020-04-07,Plumas,063,18699,4,3,0,3,0
2020-04-07,Riverside,065,2383286,2063,905,5,910,25
2020-04-07,Sacramento,067,1510023,810,513,0,513,18
2020-04-07,San Benito,069,59416,36,26,0,26,2
2020-04-07,San Bernardino,071,2135413,1158,554,0,554,19
2020-04-07,San Diego,073,3302833,2072,1456,0,1456,31
2020-04-07,San Francisco,075,870044,985,636,0,636,6
2020-04-07,San Joaquin,077,732212,346,198,3,201,12
2020-04-07,San Luis Obispo,079,281455,135,87,0,87,1
2020-04-07,San Mateo,081,765935,865,573,2,575,22
2020-04-07,Santa Barbara,083,443738,368,209,0,209,2
2020-04-07,Santa Clara,085,1922200,1721,1193,1,1194,46
2020-04-07,Santa Cruz,087,273765,98,67,0,67,1
2020-04-07,Shasta,089,179085,28,16,0,16,3
2020-04-07,Sierra,091,2930,0,0,0,0,0
2020-04-07,Siskiyou,093,43540,5,4,0,4,0
2020-04-07,Solano,095,438530,170,99,0,99,1
2020-04-07,Sonoma,097,501317,168,102,0,102,1
2020-04-07,Stanislaus,099,539301,187,83,3,86,0
2020-04-07,Sutter,101,95872,22,16,0,16,2
2020-04-07,Tehama,103,63373,1,1,0,1,0
2020-04-07,Trinity,105,12862,0,0,0,0,0
2020-04-07,Tulare,107,460477,284,144,2,146,5
2020-04-07,Tuolumne,109,53932,3,1,0,1,0
2020-04-07,Ventura,111,848112,409,247,0,247,6
2020-04-07,Yolo,113,214977,97,51,0,51,2
2020-04-07,Yuba,115,75493,14,10,0,10,0
2020-04-06,Alameda,001,1643700,956,527,0,527,13
2020-04-06,Alpine,003,1148,1,1,0,1,0
2020-04-06,Amador,005,37829,6,2,0,2,0
2020-04-06,Butte,007,227075,16,11,1,12,0
2020-04-06,Calaveras,009,45235,9,4,0,4,0
2020-04-06,Colusa,011,21464,3,1,0,1,0
2020-04-06,Contra Costa,013,1133247,641,447,0,447,7
2020-04-06,Del Norte,015,27424,2,2,0,2,0
2020-04-06,El Dorado,017,186661,41,23,0,23,0
2020-04-06,Fresno,019,978130,364,122,3,125,1
2020-04-06,Glenn,021,27897,4,2,0,2,0
2020-04-06,Humboldt,023,135768,55,37,0,37,0
2020-04-06,Imperial,025,180216,126,47,0,47,1
2020-04-06,Inyo,027,18085,11,11,0,11,0
2020-04-06,Kern,029,883053,466,117,0,117,2
2020-04-06,Kings,031,150075,31,3,1,4,0
2020-04-06,Lake,033,64148,4,1,0,1,0
2020-04-06,Lassen,035,31185,1,0,2,2,0
2020-04-06,Los Angeles,037,10098052,10974,6346,14,6360,145
2020-04-06,Madera,039,155013,55,29,0,29,2
2020-04-06,Marin,041,260295,160,119,1,120,7
2020-04-06,Mariposa,043,17540,0,0,0,0,0
2020-04-06,Mendocino,045,87422,6,4,0,4,0
2020-04-06,Merced,047,269075,60,25,0,25,1
2020-04-06,Modoc,049,8938,0,0,0,0,0
2020-04-06,Mono,051,14174,28,18,0,18,1
2020-04-06,Monterey,053,433212,94,62,0,62,2
2020-04-06,Napa,055,140530,41,18,0,18,2
2020-04-06,Nevada,057,99092,36,19,1,20,1
2020-04-06,Orange,059,3164182,1659,910,3,913,17
2020-04-06,Placer,061,380077,137,90,0,90,3
2020-04-06,Plumas,063,18699,4,2,0,2,0
2020-04-06,Riverside,065,2383286,1937,854,5,859,17
2020-04-06,Sacramento,067,1510023,780,448,0,448,15
2020-04-06,San Benito,069,59416,34,25,0,25,1
2020-04-06,San Bernardino,071,2135413,1099,550,0,550,13
2020-04-06,San Diego,073,3302833,1990,1406,0,1406,19
2020-04-06,San Francisco,075,870044,945,586,0,586,6
2020-04-06,San Joaquin,077,732212,331,191,3,194,10
2020-04-06,San Luis Obispo,079,281455,133,85,0,85,1
2020-04-06,San Mateo,081,765935,847,569,2,571,20
2020-04-06,Santa Barbara,083,443738,356,189,0,189,2
2020-04-06,Santa Clara,085,1922200,1670,1128,1,1129,43
2020-04-06,Santa Cruz,087,273765,96,65,0,65,1
2020-04-06,Shasta,089,179085,28,16,0,16,3
2020-04-06,Sierra,091,2930,0,0,0,0,0
2020-04-06,Siskiyou,093,43540,4,4,0,4,0
2020-04-06,Solano,095,438530,163,95,0,95,1
2020-04-06,Sonoma,097,501317,167,102,0,102,1
2020-04-06,Stanislaus,099,539301,171,72,3,75,0
2020-04-06,Sutter,101,95872,22,14,0,14,2
2020-04-06,Tehama,103,63373,1,1,0,1,0
2020-04-06,Trinity,105,12862,0,0,0,0,0
2020-04-06,Tulare,107,460477,272,126,2,128,5
2020-04-06,Tuolumne,109,53932,3,1,0,1,0
2020-04-06,Ventura,111,848112,391,234,0,234,6
2020-04-06,Yolo,113,214977,93,43,0,43,1
2020-04-06,Yuba,115,75493,14,8,0,8,0
2020-04-05,Alameda,001,1643700,914,475,0,475,12
2020-04-05,Alpine,003,1148,1,1,0,1,0
2020-04-05,Amador,005,37829,6,2,0,2,0
2020-04-05,Butte,007,227075,16,10,1,11,0
2020-04-05,Calaveras,009,45235,9,3,0,3,0
2020-04-05,Colusa,011,21464,3,1,0,1,0
2020-04-05,Contra Costa,013,1133247,624,415,0,415,6
2020-04-05,Del Norte,015,27424,2,1,0,1,0
2020-04-05,El Dorado,017,186661,40,19,0,19,0
2020-04-05,Fresno,019,978130,331,102,3,105,1
2020-04-05,Glenn,021,27897,4,2,0,2,0
2020-04-05,Humboldt,023,135768,55,29,0,29,0
2020-04-05,Imperial,025,180216,118,42,0,42,1
2020-04-05,Inyo,027,18085,11,10,0,10,0
2020-04-05,Kern,029,883053,411,109,0,109,2
2020-04-05,Kings,031,150075,30,4,1,5,0
2020-04-05,Lake,033,64148,4,0,0,0,0
2020-04-05,Lassen,035,31185,1,0,2,2,0
2020-04-05,Los Angeles,037,10098052,10403,5892,14,5906,130
2020-04-05,Madera,039,155013,54,27,0,27,2
2020-04-05,Marin,041,260295,160,113,1,114,6
2020-04-05,Mariposa,043,17540,0,0,0,0,0
2020-04-05,Mendocino,045,87422,6,4,0,4,0
2020-04-05,Merced,047,269075,53,16,0,16,0
2020-04-05,Modoc,049,8938,0,0,0,0,0
2020-04-05,Mono,051,14174,28,18,0,18,1
2020-04-05,Monterey,053,433212,87,61,0,61,2
2020-04-05,Napa,055,140530,39,15,0,15,2
2020-04-05,Nevada,057,99092,36,19,1,20,1
2020-04-05,Orange,059,3164182,1601,820,3,823,15
2020-04-05,Placer,061,380077,134,86,0,86,3
2020-04-05,Plumas,063,18699,3,2,0,2,0
2020-04-05,Riverside,065,2383286,1808,669,5,674,17
2020-04-05,Sacramento,067,1510023,749,393,0,393,11
2020-04-05,San Benito,069,59416,34,22,0,22,1
2020-04-05,San Bernardino,071,2135413,1025,375,0,375,13
2020-04-05,San Diego,073,3302833,1908,1328,0,1328,19
2020-04-05,San Francisco,075,870044,898,559,0,559,6
2020-04-05,San Joaquin,077,732212,316,179,3,182,10
2020-04-05,San Luis Obispo,079,281455,131,83,0,83,1
2020-04-05,San Mateo,081,765935,827,528,2,530,19
2020-04-05,Santa Barbara,083,443738,336,171,0,171,1
2020-04-05,Santa Clara,085,1922200,1625,1052,1,1053,42
2020-04-05,Santa Cruz,087,273765,96,59,0,59,1
2020-04-05,Shasta,089,179085,27,11,0,11,2
2020-04-05,Sierra,091,2930,0,0,0,0,0
2020-04-05,Siskiyou,093,43540,4,3,0,3,0
2020-04-05,Solano,095,438530,159,78,0,78,1
2020-04-05,Sonoma,097,501317,165,88,0,88,1
2020-04-05,Stanislaus,099,539301,157,51,3,54,0
2020-04-05,Sutter,101,95872,22,14,0,14,1
2020-04-05,Tehama,103,63373,1,1,0,1,0
2020-04-05,Trinity,105,12862,0,0,0,0,0
2020-04-05,Tulare,107,460477,240,81,2,83,4
2020-04-05,Tuolumne,109,53932,3,1,0,1,0
2020-04-05,Ventura,111,848112,377,196,0,196,6
2020-04-05,Yolo,113,214977,75,37,0,37,2
2020-04-05,Yuba,115,75493,14,7,0,7,0
2020-04-04,Alameda,001,1643700,891,468,0,468,12
2020-04-04,Alpine,003,1148,1,1,0,1,0
2020-04-04,Amador,005,37829,5,2,0,2,0
2020-04-04,Butte,007,227075,16,10,1,11,0
2020-04-04,Calaveras,009,45235,9,3,0,3,0
2020-04-04,Colusa,011,21464,3,1,0,1,0
2020-04-04,Contra Costa,013,1133247,616,382,0,382,5
2020-04-04,Del Norte,015,27424,2,1,0,1,0
2020-04-04,El Dorado,017,186661,40,19,0,19,0
2020-04-04,Fresno,019,978130,321,102,3,105,1
2020-04-04,Glenn,021,27897,4,2,0,2,0
2020-04-04,Humboldt,023,135768,55,29,0,29,0
2020-04-04,Imperial,025,180216,117,42,0,42,1
2020-04-04,Inyo,027,18085,11,10,0,10,0
2020-04-04,Kern,029,883053,382,103,0,103,2
2020-04-04,Kings,031,150075,30,3,1,4,0
2020-04-04,Lake,033,64148,4,0,0,0,0
2020-04-04,Lassen,035,31185,1,0,2,2,0
2020-04-04,Los Angeles,037,10098052,9786,5275,14,5289,117
2020-04-04,Madera,039,155013,52,27,0,27,2
2020-04-04,Marin,041,260295,158,111,0,111,6
2020-04-04,Mariposa,043,17540,0,0,0,0,0
2020-04-04,Mendocino,045,87422,6,4,0,4,0
2020-04-04,Merced,047,269075,49,11,0,11,0
2020-04-04,Modoc,049,8938,0,0,0,0,0
2020-04-04,Mono,051,14174,28,18,0,18,1
2020-04-04,Monterey,053,433212,84,61,0,61,2
2020-04-04,Napa,055,140530,39,15,0,15,2
2020-04-04,Nevada,057,99092,36,19,1,20,1
2020-04-04,Orange,059,3164182,1559,781,2,783,15
2020-04-04,Placer,061,380077,133,87,0,87,2
2020-04-04,Plumas,063,18699,3,2,0,2,0
2020-04-04,Riverside,065,2383286,1707,652,5,657,15
2020-04-04,Sacramento,067,1510023,731,393,0,393,11
2020-04-04,San Benito,069,59416,34,22,0,22,1
2020-04-04,San Bernardino,071,2135413,977,373,0,373,13
2020-04-04,San Diego,073,3302833,1860,1211,0,1211,18
2020-04-04,San Francisco,075,870044,860,537,0,537,6
2020-04-04,San Joaquin,077,732212,293,171,3,174,10
2020-04-04,San Luis Obispo,079,281455,131,82,0,82,0
2020-04-04,San Mateo,081,765935,815,520,2,522,17
2020-04-04,Santa Barbara,083,443738,327,167,0,167,1
2020-04-04,Santa Clara,085,1922200,1574,1045,1,1046,39
2020-04-04,Santa Cruz,087,273765,96,56,0,56,1
2020-04-04,Shasta,089,179085,26,11,0,11,2
2020-04-04,Sierra,091,2930,0,0,0,0,0
2020-04-04,Siskiyou,093,43540,4,3,0,3,0
2020-04-04,Solano,095,438530,154,79,0,79,1
2020-04-04,Sonoma,097,501317,162,88,0,88,1
2020-04-04,Stanislaus,099,539301,146,51,3,54,0
2020-04-04,Sutter,101,95872,22,14,0,14,1
2020-04-04,Tehama,103,63373,1,1,0,1,0
2020-04-04,Trinity,105,12862,0,0,0,0,0
2020-04-04,Tulare,107,460477,226,79,2,81,4
2020-04-04,Tuolumne,109,53932,3,1,0,1,0
2020-04-04,Ventura,111,848112,364,194,0,194,6
2020-04-04,Yolo,113,214977,73,40,0,40,2
2020-04-04,Yuba,115,75493,13,7,0,7,0
2020-04-03,Alameda,001,1643700,855,395,0,395,11
2020-04-03,Alpine,003,1148,1,1,0,1,0
2020-04-03,Amador,005,37829,5,2,0,2,0
2020-04-03,Butte,007,227075,16,8,1,9,0
2020-04-03,Calaveras,009,45235,9,3,0,3,0
2020-04-03,Colusa,011,21464,3,1,0,1,0
2020-04-03,Contra Costa,013,1133247,593,327,0,327,5
2020-04-03,Del Norte,015,27424,2,1,0,1,0
2020-04-03,El Dorado,017,186661,38,16,0,16,0
2020-04-03,Fresno,019,978130,309,98,3,101,1
2020-04-03,Glenn,021,27897,4,2,0,2,0
2020-04-03,Humboldt,023,135768,55,34,0,34,0
2020-04-03,Imperial,025,180216,108,35,0,35,0
2020-04-03,Inyo,027,18085,11,10,0,10,0
2020-04-03,Kern,029,883053,356,87,0,87,1
2020-04-03,Kings,031,150075,28,3,1,4,0
2020-04-03,Lake,033,64148,3,0,0,0,0
2020-04-03,Lassen,035,31185,1,0,2,2,0
2020-04-03,Los Angeles,037,10098052,9170,4566,14,4580,91
2020-04-03,Madera,039,155013,51,28,0,28,2
2020-04-03,Marin,041,260295,156,106,0,106,6
2020-04-03,Mariposa,043,17540,0,0,0,0,0
2020-04-03,Mendocino,045,87422,6,4,0,4,0
2020-04-03,Merced,047,269075,46,9,0,9,0
2020-04-03,Modoc,049,8938,0,0,0,0,0
2020-04-03,Mono,051,14174,28,18,0,18,1
2020-04-03,Monterey,053,433212,81,58,0,58,2
2020-04-03,Napa,055,140530,38,13,0,13,1
2020-04-03,Nevada,057,99092,36,19,1,20,1
2020-04-03,Orange,059,3164182,1520,713,2,715,13
2020-04-03,Placer,061,380077,129,76,0,76,2
2020-04-03,Plumas,063,18699,3,2,0,2,0
2020-04-03,Riverside,065,2383286,1628,540,5,545,14
2020-04-03,Sacramento,067,1510023,709,363,0,363,11
2020-04-03,San Benito,069,59416,34,22,0,22,1
2020-04-03,San Bernardino,071,2135413,932,356,0,356,11
2020-04-03,San Diego,073,3302833,1800,1114,0,1114,17
2020-04-03,San Francisco,075,870044,835,506,0,506,6
2020-04-03,San Joaquin,077,732212,281,162,3,165,10
2020-04-03,San Luis Obispo,079,281455,131,82,0,82,0
2020-04-03,San Mateo,081,765935,798,474,2,476,13
2020-04-03,Santa Barbara,083,443738,315,154,0,154,1
2020-04-03,Santa Clara,085,1922200,1540,983,1,984,39
2020-04-03,Santa Cruz,087,273765,96,52,0,52,1
2020-04-03,Shasta,089,179085,26,10,0,10,1
2020-04-03,Sierra,091,2930,0,0,0,0,0
2020-04-03,Siskiyou,093,43540,4,3,0,3,0
2020-04-03,Solano,095,438530,146,72,0,72,1
2020-04-03,Sonoma,097,501317,162,84,0,84,1
2020-04-03,Stanislaus,099,539301,140,48,3,51,0
2020-04-03,Sutter,101,95872,22,12,0,12,1
2020-04-03,Tehama,103,63373,1,1,0,1,0
2020-04-03,Trinity,105,12862,0,0,0,0,0
2020-04-03,Tulare,107,460477,213,73,2,75,3
2020-04-03,Tuolumne,109,53932,3,1,0,1,0
2020-04-03,Ventura,111,848112,354,186,0,186,6
2020-04-03,Yolo,113,214977,72,33,0,33,1
2020-04-03,Yuba,115,75493,13,6,0,6,0
2020-04-02,Alameda,001,1643700,804,345,0,345,10
2020-04-02,Alpine,003,1148,1,1,0,1,0
2020-04-02,Amador,005,37829,5,2,0,2,0
2020-04-02,Butte,007,227075,16,7,0,7,0
2020-04-02,Calaveras,009,45235,7,3,0,3,0
2020-04-02,Colusa,011,21464,3,1,0,1,0
2020-04-02,Contra Costa,013,1133247,563,297,0,297,3
2020-04-02,Del Norte,015,27424,2,0,0,0,0
2020-04-02,El Dorado,017,186661,36,16,0,16,0
2020-04-02,Fresno,019,978130,292,92,3,95,0
2020-04-02,Glenn,021,27897,3,2,0,2,0
2020-04-02,Humboldt,023,135768,51,23,0,23,0
2020-04-02,Imperial,025,180216,104,24,0,24,0
2020-04-02,Inyo,027,18085,10,8,0,8,0
2020-04-02,Kern,029,883053,329,74,0,74,0
2020-04-02,Kings,031,150075,28,3,1,4,0
2020-04-02,Lake,033,64148,3,0,0,0,0
2020-04-02,Lassen,035,31185,1,0,2,2,0
2020-04-02,Los Angeles,037,10098052,8339,4040,14,4054,79
2020-04-02,Madera,039,155013,49,25,0,25,1
2020-04-02,Marin,041,260295,150,102,0,102,1
2020-04-02,Mariposa,043,17540,0,0,0,0,0
2020-04-02,Mendocino,045,87422,6,4,0,4,0
2020-04-02,Merced,047,269075,41,9,0,9,0
2020-04-02,Modoc,049,8938,0,0,0,0,0
2020-04-02,Mono,051,14174,28,16,0,16,1
2020-04-02,Monterey,053,433212,79,50,0,50,2
2020-04-02,Napa,055,140530,38,13,0,13,0
2020-04-02,Nevada,057,99092,35,17,1,18,0
2020-04-02,Orange,059,3164182,1467,640,2,642,12
2020-04-02,Placer,061,380077,128,72,0,72,2
2020-04-02,Plumas,063,18699,3,1,0,1,0
2020-04-02,Riverside,065,2383286,1512,438,5,443,13
2020-04-02,Sacramento,067,1510023,691,322,0,322,9
2020-04-02,San Benito,069,59416,32,18,0,18,1
2020-04-02,San Bernardino,071,2135413,877,335,0,335,8
2020-04-02,San Diego,073,3302833,1733,968,0,968,16
2020-04-02,San Francisco,075,870044,808,473,0,473,6
2020-04-02,San Joaquin,077,732212,263,148,3,151,9
2020-04-02,San Luis Obispo,079,281455,126,79,0,79,0
2020-04-02,San Mateo,081,765935,777,423,2,425,13
2020-04-02,Santa Barbara,083,443738,302,125,0,125,1
2020-04-02,Santa Clara,085,1922200,1490,908,1,909,38
2020-04-02,Santa Cruz,087,273765,94,49,0,49,1
2020-04-02,Shasta,089,179085,25,7,0,7,1
2020-04-02,Sierra,091,2930,0,0,0,0,0
2020-04-02,Siskiyou,093,43540,4,3,0,3,0
2020-04-02,Solano,095,438530,136,65,0,65,0
2020-04-02,Sonoma,097,501317,158,76,0,76,1
2020-04-02,Stanislaus,099,539301,129,40,3,43,0
2020-04-02,Sutter,101,95872,21,10,0,10,1
2020-04-02,Tehama,103,63373,1,1,0,1,0
2020-04-02,Trinity,105,12862,0,0,0,0,0
2020-04-02,Tulare,107,460477,185,64,2,66,1
2020-04-02,Tuolumne,109,53932,3,1,0,1,0
2020-04-02,Ventura,111,848112,336,178,0,178,5
2020-04-02,Yolo,113,214977,70,29,0,29,1
2020-04-02,Yuba,115,75493,10,5,0,5,0
2020-04-01,Alameda,001,1643700,778,287,0,287,8
2020-04-01,Alpine,003,1148,1,1,0,1,0
2020-04-01,Amador,005,37829,5,1,0,1,0
2020-04-01,Butte,007,227075,16,6,0,6,0
2020-04-01,Calaveras,009,45235,6,3,0,3,0
2020-04-01,Colusa,011,21464,3,1,0,1,0
2020-04-01,Contra Costa,013,1133247,519,267,0,267,3
2020-04-01,Del Norte,015,27424,2,0,0,0,0
2020-04-01,El Dorado,017,186661,35,14,0,14,0
2020-04-01,Fresno,019,978130,272,75,2,77,0
2020-04-01,Glenn,021,27897,3,2,0,2,0
2020-04-01,Humboldt,023,135768,51,19,0,19,0
2020-04-01,Imperial,025,180216,97,25,0,25,0
2020-04-01,Inyo,027,18085,10,8,0,8,0
2020-04-01,Kern,029,883053,303,53,0,53,0
2020-04-01,Kings,031,150075,26,3,1,4,0
2020-04-01,Lake,033,64148,3,0,0,0,0
2020-04-01,Lassen,035,31185,1,0,2,2,0
2020-04-01,Los Angeles,037,10098052,7687,3502,14,3516,66
2020-04-01,Madera,039,155013,47,17,0,17,1
2020-04-01,Marin,041,260295,146,87,0,87,1
2020-04-01,Mariposa,043,17540,0,0,0,0,0
2020-04-01,Mendocino,045,87422,6,4,0,4,0
2020-04-01,Merced,047,269075,38,7,0,7,0
2020-04-01,Modoc,049,8938,0,0,0,0,0
2020-04-01,Mono,051,14174,28,12,0,12,1
2020-04-01,Monterey,053,433212,78,47,0,47,2
2020-04-01,Napa,055,140530,36,11,0,11,0
2020-04-01,Nevada,057,99092,35,15,1,16,0
2020-04-01,Orange,059,3164182,1413,579,2,581,11
2020-04-01,Placer,061,380077,127,52,0,52,2
2020-04-01,Plumas,063,18699,3,1,0,1,0
2020-04-01,Riverside,065,2383286,1344,306,5,311,11
2020-04-01,Sacramento,067,1510023,659,299,0,299,8
2020-04-01,San Benito,069,59416,29,14,0,14,1
2020-04-01,San Bernardino,071,2135413,828,245,0,245,5
2020-04-01,San Diego,073,3302833,1663,851,0,851,11
2020-04-01,San Francisco,075,870044,780,432,0,432,6
2020-04-01,San Joaquin,077,732212,252,132,3,135,8
2020-04-01,San Luis Obispo,079,281455,120,69,0,69,0
2020-04-01,San Mateo,081,765935,759,354,2,356,13
2020-04-01,Santa Barbara,083,443738,284,103,0,103,0
2020-04-01,Santa Clara,085,1922200,1450,805,1,806,33
2020-04-01,Santa Cruz,087,273765,89,44,0,44,1
2020-04-01,Shasta,089,179085,24,5,0,5,1
2020-04-01,Sierra,091,2930,0,0,0,0,0
2020-04-01,Siskiyou,093,43540,4,3,0,3,0
2020-04-01,Solano,095,438530,131,57,0,57,0
2020-04-01,Sonoma,097,501317,154,60,0,60,1
2020-04-01,Stanislaus,099,539301,118,29,3,32,0
2020-04-01,Sutter,101,95872,21,9,0,9,1
2020-04-01,Tehama,103,63373,1,0,0,0,0
2020-04-01,Trinity,105,12862,0,0,0,0,0
2020-04-01,Tulare,107,460477,150,43,2,45,1
2020-04-01,Tuolumne,109,53932,3,1,0,1,0
2020-04-01,Ventura,111,848112,323,154,0,154,5
2020-04-01,Yolo,113,214977,65,22,0,22,1
2020-04-01,Yuba,115,75493,9,5,0,5,0
2020-03-31,Alameda,001,1643700,710,269,0,269,7
2020-03-31,Alpine,003,1148,1,1,0,1,0
2020-03-31,Amador,005,37829,5,1,0,1,0
2020-03-31,Butte,007,227075,16,6,0,6,0
2020-03-31,Calaveras,009,45235,6,3,0,3,0
2020-03-31,Colusa,011,21464,3,1,0,1,0
2020-03-31,Contra Costa,013,1133247,494,246,0,246,3
2020-03-31,Del Norte,015,27424,1,0,0,0,0
2020-03-31,El Dorado,017,186661,31,14,0,14,0
2020-03-31,Fresno,019,978130,247,59,2,61,0
2020-03-31,Glenn,021,27897,3,2,0,2,0
2020-03-31,Humboldt,023,135768,51,18,0,18,0
2020-03-31,Imperial,025,180216,92,17,0,17,0
2020-03-31,Inyo,027,18085,10,8,0,8,0
2020-03-31,Kern,029,883053,279,47,0,47,0
2020-03-31,Kings,031,150075,24,2,1,3,0
2020-03-31,Lake,033,64148,1,0,0,0,0
2020-03-31,Lassen,035,31185,1,0,2,2,0
2020-03-31,Los Angeles,037,10098052,7023,3001,14,3015,53
2020-03-31,Madera,039,155013,46,17,0,17,1
2020-03-31,Marin,041,260295,137,85,0,85,1
2020-03-31,Mariposa,043,17540,0,0,0,0,0
2020-03-31,Mendocino,045,87422,6,4,0,4,0
2020-03-31,Merced,047,269075,33,6,0,6,0
2020-03-31,Modoc,049,8938,0,0,0,0,0
2020-03-31,Mono,051,14174,26,12,0,12,0
2020-03-31,Monterey,053,433212,76,43,0,43,2
2020-03-31,Napa,055,140530,35,9,0,9,0
2020-03-31,Nevada,057,99092,35,15,1,16,0
2020-03-31,Orange,059,3164182,1345,506,2,508,7
2020-03-31,Placer,061,380077,120,49,0,49,2
2020-03-31,Plumas,063,18699,1,0,0,0,0
2020-03-31,Riverside,065,2383286,1197,284,5,289,8
2020-03-31,Sacramento,067,1510023,607,271,0,271,8
2020-03-31,San Benito,069,59416,29,14,0,14,1
2020-03-31,San Bernardino,071,2135413,744,193,0,193,5
2020-03-31,San Diego,073,3302833,1581,736,0,736,9
2020-03-31,San Francisco,075,870044,745,404,0,404,5
2020-03-31,San Joaquin,077,732212,236,122,3,125,7
2020-03-31,San Luis Obispo,079,281455,117,67,0,67,0
2020-03-31,San Mateo,081,765935,740,297,2,299,12
2020-03-31,Santa Barbara,083,443738,267,89,0,89,0
2020-03-31,Santa Clara,085,1922200,1400,777,1,778,30
2020-03-31,Santa Cruz,087,273765,83,40,0,40,1
2020-03-31,Shasta,089,179085,21,5,0,5,1
2020-03-31,Sierra,091,2930,0,0,0,0,0
2020-03-31,Siskiyou,093,43540,4,3,0,3,0
2020-03-31,Solano,095,438530,117,56,0,56,0
2020-03-31,Sonoma,097,501317,149,58,0,58,1
2020-03-31,Stanislaus,099,539301,103,28,3,31,0
2020-03-31,Sutter,101,95872,21,8,0,8,0
2020-03-31,Tehama,103,63373,1,0,0,0,0
2020-03-31,Trinity,105,12862,0,0,0,0,0
2020-03-31,Tulare,107,460477,129,42,2,44,1
2020-03-31,Tuolumne,109,53932,3,1,0,1,0
2020-03-31,Ventura,111,848112,312,143,0,143,4
2020-03-31,Yolo,113,214977,58,21,0,21,1
2020-03-31,Yuba,115,75493,9,5,0,5,0
2020-03-30,Alameda,001,1643700,670,250,0,250,7
2020-03-30,Alpine,003,1148,1,1,0,1,0
2020-03-30,Amador,005,37829,5,1,0,1,0
2020-03-30,Butte,007,227075,14,5,0,5,0
2020-03-30,Calaveras,009,45235,6,3,0,3,0
2020-03-30,Colusa,011,21464,3,1,0,1,0
2020-03-30,Contra Costa,013,1133247,468,212,0,212,3
2020-03-30,Del Norte,015,27424,0,0,0,0,0
2020-03-30,El Dorado,017,186661,31,11,0,11,0
2020-03-30,Fresno,019,978130,223,46,2,48,0
2020-03-30,Glenn,021,27897,3,2,0,2,0
2020-03-30,Humboldt,023,135768,49,11,0,11,0
2020-03-30,Imperial,025,180216,88,9,0,9,0
2020-03-30,Inyo,027,18085,10,5,0,5,0
2020-03-30,Kern,029,883053,246,30,0,30,0
2020-03-30,Kings,031,150075,24,1,1,2,0
2020-03-30,Lake,033,64148,1,0,0,0,0
2020-03-30,Lassen,035,31185,1,0,1,1,0
2020-03-30,Los Angeles,037,10098052,6369,2467,14,2481,44
2020-03-30,Madera,039,155013,45,14,0,14,1
2020-03-30,Marin,041,260295,130,78,0,78,0
2020-03-30,Mariposa,043,17540,0,0,0,0,0
2020-03-30,Mendocino,045,87422,5,2,0,2,0
2020-03-30,Merced,047,269075,29,6,0,6,0
2020-03-30,Modoc,049,8938,0,0,0,0,0
2020-03-30,Mono,051,14174,26,11,0,11,0
2020-03-30,Monterey,053,433212,71,41,0,41,1
2020-03-30,Napa,055,140530,34,9,0,9,0
2020-03-30,Nevada,057,99092,34,14,1,15,0
2020-03-30,Orange,059,3164182,1280,418,2,420,5
2020-03-30,Placer,061,380077,117,44,0,44,2
2020-03-30,Plumas,063,18699,1,0,0,0,0
2020-03-30,Riverside,065,2383286,1117,204,5,209,7
2020-03-30,Sacramento,067,1510023,583,238,0,238,8
2020-03-30,San Benito,069,59416,29,11,0,11,1
2020-03-30,San Bernardino,071,2135413,700,145,0,145,4
2020-03-30,San Diego,073,3302833,1511,605,0,605,7
2020-03-30,San Francisco,075,870044,705,368,0,368,5
2020-03-30,San Joaquin,077,732212,229,112,3,115,5
2020-03-30,San Luis Obispo,079,281455,115,62,0,62,0
2020-03-30,San Mateo,081,765935,716,257,2,259,11
2020-03-30,Santa Barbara,083,443738,257,79,0,79,0
2020-03-30,Santa Clara,085,1922200,1369,745,1,746,31
2020-03-30,Santa Cruz,087,273765,80,36,0,36,1
2020-03-30,Shasta,089,179085,20,4,0,4,1
2020-03-30,Sierra,091,2930,0,0,0,0,0
2020-03-30,Siskiyou,093,43540,4,2,0,2,0
2020-03-30,Solano,095,438530,111,50,0,50,0
2020-03-30,Sonoma,097,501317,146,57,0,57,1
2020-03-30,Stanislaus,099,539301,96,28,3,31,0
2020-03-30,Sutter,101,95872,20,6,0,6,0
2020-03-30,Tehama,103,63373,1,0,0,0,0
2020-03-30,Trinity,105,12862,0,0,0,0,0
2020-03-30,Tulare,107,460477,119,40,2,42,1
2020-03-30,Tuolumne,109,53932,3,1,0,1,0
2020-03-30,Ventura,111,848112,301,118,0,118,2
2020-03-30,Yolo,113,214977,56,17,0,17,1
2020-03-30,Yuba,115,75493,8,5,0,5,0
2020-03-29,Alameda,001,1643700,636,207,0,207,6
2020-03-29,Alpine,003,1148,1,0,0,0,0
2020-03-29,Amador,005,37829,5,1,0,1,0
2020-03-29,Butte,007,227075,14,4,0,4,0
2020-03-29,Calaveras,009,45235,6,2,0,2,0
2020-03-29,Colusa,011,21464,3,1,0,1,0
2020-03-29,Contra Costa,013,1133247,438,187,0,187,3
2020-03-29,Del Norte,015,27424,0,0,0,0,0
2020-03-29,El Dorado,017,186661,30,9,0,9,0
2020-03-29,Fresno,019,978130,199,31,2,33,0
2020-03-29,Glenn,021,27897,2,1,0,1,0
2020-03-29,Humboldt,023,135768,46,9,0,9,0
2020-03-29,Imperial,025,180216,82,9,0,9,0
2020-03-29,Inyo,027,18085,9,0,0,0,0
2020-03-29,Kern,029,883053,228,20,0,20,0
2020-03-29,Kings,031,150075,21,1,1,2,0
2020-03-29,Lake,033,64148,0,0,0,0,0
2020-03-29,Lassen,035,31185,1,0,1,1,0
2020-03-29,Los Angeles,037,10098052,5724,2119,14,2133,37
2020-03-29,Madera,039,155013,40,11,0,11,1
2020-03-29,Marin,041,260295,125,60,0,60,0
2020-03-29,Mariposa,043,17540,0,0,0,0,0
2020-03-29,Mendocino,045,87422,5,2,0,2,0
2020-03-29,Merced,047,269075,28,4,0,4,0
2020-03-29,Modoc,049,8938,0,0,0,0,0
2020-03-29,Mono,051,14174,26,8,0,8,0
2020-03-29,Monterey,053,433212,66,36,0,36,1
2020-03-29,Napa,055,140530,32,5,0,5,0
2020-03-29,Nevada,057,99092,32,13,1,14,0
2020-03-29,Orange,059,3164182,1207,343,2,345,2
2020-03-29,Placer,061,380077,116,35,0,35,2
2020-03-29,Plumas,063,18699,1,0,0,0,0
2020-03-29,Riverside,065,2383286,993,122,5,127,7
2020-03-29,Sacramento,067,1510023,543,217,0,217,7
2020-03-29,San Benito,069,59416,28,10,0,10,1
2020-03-29,San Bernardino,071,2135413,648,94,0,94,2
2020-03-29,San Diego,073,3302833,1439,521,0,521,7
2020-03-29,San Francisco,075,870044,661,333,0,333,5
2020-03-29,San Joaquin,077,732212,220,86,3,89,4
2020-03-29,San Luis Obispo,079,281455,110,55,0,55,0
2020-03-29,San Mateo,081,765935,691,234,2,236,12
2020-03-29,Santa Barbara,083,443738,246,52,0,52,0
2020-03-29,Santa Clara,085,1922200,1314,591,1,592,30
2020-03-29,Santa Cruz,087,273765,80,33,0,33,1
2020-03-29,Shasta,089,179085,19,4,0,4,1
2020-03-29,Sierra,091,2930,0,0,0,0,0
2020-03-29,Siskiyou,093,43540,4,2,0,2,0
2020-03-29,Solano,095,438530,103,48,0,48,0
2020-03-29,Sonoma,097,501317,144,35,0,35,1
2020-03-29,Stanislaus,099,539301,91,19,3,22,0
2020-03-29,Sutter,101,95872,17,6,0,6,0
2020-03-29,Tehama,103,63373,1,0,0,0,0
2020-03-29,Trinity,105,12862,0,0,0,0,0
2020-03-29,Tulare,107,460477,99,24,2,26,1
2020-03-29,Tuolumne,109,53932,2,1,0,1,0
2020-03-29,Ventura,111,848112,274,92,0,92,2
2020-03-29,Yolo,113,214977,51,13,0,13,1
2020-03-29,Yuba,115,75493,8,3,0,3,0
2020-03-28,Alameda,001,1643700,609,410,0,410,12
2020-03-28,Alpine,003,1148,1,0,0,0,0
2020-03-28,Amador,005,37829,5,2,0,2,0
2020-03-28,Butte,007,227075,14,8,0,8,0
2020-03-28,Calaveras,009,45235,6,4,0,4,0
2020-03-28,Colusa,011,21464,3,2,0,2,0
2020-03-28,Contra Costa,013,1133247,415,350,0,350,4
2020-03-28,Del Norte,015,27424,0,0,0,0,0
2020-03-28,El Dorado,017,186661,29,18,0,18,0
2020-03-28,Fresno,019,978130,189,62,2,64,0
2020-03-28,Glenn,021,27897,2,2,0,2,0
2020-03-28,Humboldt,023,135768,46,18,0,18,0
2020-03-28,Imperial,025,180216,77,18,0,18,0
2020-03-28,Inyo,027,18085,9,0,0,0,0
2020-03-28,Kern,029,883053,211,40,0,40,0
2020-03-28,Kings,031,150075,20,2,1,3,0
2020-03-28,Lake,033,64148,0,0,0,0,0
2020-03-28,Lassen,035,31185,1,0,1,1,0
2020-03-28,Los Angeles,037,10098052,5338,3600,13,3613,64
2020-03-28,Madera,039,155013,40,22,0,22,2
2020-03-28,Marin,041,260295,120,116,0,116,0
2020-03-28,Mariposa,043,17540,0,0,0,0,0
2020-03-28,Mendocino,045,87422,5,4,0,4,0
2020-03-28,Merced,047,269075,27,8,0,8,0
2020-03-28,Modoc,049,8938,0,0,0,0,0
2020-03-28,Mono,051,14174,24,12,0,12,0
2020-03-28,Monterey,053,433212,65,64,0,64,2
2020-03-28,Napa,055,140530,27,10,0,10,0
2020-03-28,Nevada,057,99092,32,22,1,23,0
2020-03-28,Orange,059,3164182,1171,656,2,658,4
2020-03-28,Placer,061,380077,111,70,0,70,2
2020-03-28,Plumas,063,18699,1,0,0,0,0
2020-03-28,Riverside,065,2383286,925,242,5,247,14
2020-03-28,Sacramento,067,1510023,525,406,0,406,14
2020-03-28,San Benito,069,59416,28,20,0,20,2
2020-03-28,San Bernardino,071,2135413,600,162,0,162,4
2020-03-28,San Diego,073,3302833,1380,980,0,980,14
2020-03-28,San Francisco,075,870044,637,600,0,600,6
2020-03-28,San Joaquin,077,732212,212,166,3,169,8
2020-03-28,San Luis Obispo,079,281455,108,104,0,104,0
2020-03-28,San Mateo,081,765935,671,462,2,464,17
2020-03-28,Santa Barbara,083,443738,235,98,0,98,0
2020-03-28,Santa Clara,085,1922200,1295,1174,1,1175,54
2020-03-28,Santa Cruz,087,273765,79,62,0,62,0
2020-03-28,Shasta,089,179085,19,8,0,8,2
2020-03-28,Sierra,091,2930,0,0,0,0,0
2020-03-28,Siskiyou,093,43540,4,4,0,4,0
2020-03-28,Solano,095,438530,99,96,0,96,0
2020-03-28,Sonoma,097,501317,142,70,0,70,2
2020-03-28,Stanislaus,099,539301,86,34,3,37,0
2020-03-28,Sutter,101,95872,17,6,0,6,0
2020-03-28,Tehama,103,63373,1,0,0,0,0
2020-03-28,Trinity,105,12862,0,0,0,0,0
2020-03-28,Tulare,107,460477,93,46,2,48,0
2020-03-28,Tuolumne,109,53932,2,2,0,2,0
2020-03-28,Ventura,111,848112,270,178,0,178,4
2020-03-28,Yolo,113,214977,50,26,0,26,2
2020-03-28,Yuba,115,75493,8,6,0,6,0
2020-03-27,Alameda,001,1643700,590,185,0,185,4
2020-03-27,Alpine,003,1148,1,0,0,0,0
2020-03-27,Amador,005,37829,4,1,0,1,0
2020-03-27,Butte,007,227075,12,4,0,4,0
2020-03-27,Calaveras,009,45235,6,2,0,2,0
2020-03-27,Colusa,011,21464,3,0,0,0,0
2020-03-27,Contra Costa,013,1133247,394,161,0,161,2
2020-03-27,Del Norte,015,27424,0,0,0,0,0
2020-03-27,El Dorado,017,186661,27,9,0,9,0
2020-03-27,Fresno,019,978130,177,29,1,30,0
2020-03-27,Glenn,021,27897,2,0,0,0,0
2020-03-27,Humboldt,023,135768,42,9,0,9,0
2020-03-27,Imperial,025,180216,72,9,0,9,0
2020-03-27,Inyo,027,18085,9,0,0,0,0
2020-03-27,Kern,029,883053,198,20,0,20,0
2020-03-27,Kings,031,150075,19,0,1,1,0
2020-03-27,Lake,033,64148,0,0,0,0,0
2020-03-27,Lassen,035,31185,1,0,1,1,0
2020-03-27,Los Angeles,037,10098052,4925,1474,13,1487,26
2020-03-27,Madera,039,155013,38,10,0,10,1
2020-03-27,Marin,041,260295,115,58,0,58,0
2020-03-27,Mariposa,043,17540,0,0,0,0,0
2020-03-27,Mendocino,045,87422,5,2,0,2,0
2020-03-27,Merced,047,269075,26,3,0,3,0
2020-03-27,Modoc,049,8938,0,0,0,0,0
2020-03-27,Mono,051,14174,24,6,0,6,0
2020-03-27,Monterey,053,433212,62,26,0,26,1
2020-03-27,Napa,055,140530,27,5,0,5,0
2020-03-27,Nevada,057,99092,32,6,1,7,0
2020-03-27,Orange,059,3164182,1118,299,2,301,2
2020-03-27,Placer,061,380077,108,33,0,33,1
2020-03-27,Plumas,063,18699,0,0,0,0,0
2020-03-27,Riverside,065,2383286,869,121,5,126,7
2020-03-27,Sacramento,067,1510023,502,163,0,163,6
2020-03-27,San Benito,069,59416,27,9,0,9,1
2020-03-27,San Bernardino,071,2135413,510,77,0,77,2
2020-03-27,San Diego,073,3302833,1323,419,0,419,5
2020-03-27,San Francisco,075,870044,612,285,0,285,2
2020-03-27,San Joaquin,077,732212,201,73,3,76,3
2020-03-27,San Luis Obispo,079,281455,106,46,0,46,0
2020-03-27,San Mateo,081,765935,645,213,2,215,7
2020-03-27,Santa Barbara,083,443738,219,37,0,37,0
2020-03-27,Santa Clara,085,1922200,1258,557,1,558,25
2020-03-27,Santa Cruz,087,273765,78,31,0,31,0
2020-03-27,Shasta,089,179085,16,3,0,3,1
2020-03-27,Sierra,091,2930,0,0,0,0,0
2020-03-27,Siskiyou,093,43540,4,2,0,2,0
2020-03-27,Solano,095,438530,93,48,0,48,0
2020-03-27,Sonoma,097,501317,134,35,0,35,1
2020-03-27,Stanislaus,099,539301,84,16,3,19,0
2020-03-27,Sutter,101,95872,16,2,0,2,0
2020-03-27,Tehama,103,63373,1,0,0,0,0
2020-03-27,Trinity,105,12862,0,0,0,0,0
2020-03-27,Tulare,107,460477,85,15,2,17,0
2020-03-27,Tuolumne,109,53932,2,1,0,1,0
2020-03-27,Ventura,111,848112,261,80,0,80,2
2020-03-27,Yolo,113,214977,49,13,0,13,1
2020-03-27,Yuba,115,75493,7,3,0,3,0
2020-03-26,Alameda,001,1643700,550,172,0,172,4
2020-03-26,Alpine,003,1148,1,0,0,0,0
2020-03-26,Amador,005,37829,4,1,0,1,0
2020-03-26,Butte,007,227075,12,4,0,4,0
2020-03-26,Calaveras,009,45235,6,2,0,2,0
2020-03-26,Colusa,011,21464,3,0,0,0,0
2020-03-26,Contra Costa,013,1133247,384,147,0,147,2
2020-03-26,Del Norte,015,27424,0,0,0,0,0
2020-03-26,El Dorado,017,186661,26,7,0,7,0
2020-03-26,Fresno,019,978130,168,25,1,26,0
2020-03-26,Glenn,021,27897,2,0,0,0,0
2020-03-26,Humboldt,023,135768,38,8,0,8,0
2020-03-26,Imperial,025,180216,68,8,0,8,0
2020-03-26,Inyo,027,18085,8,0,0,0,0
2020-03-26,Kern,029,883053,182,20,0,20,0
2020-03-26,Kings,031,150075,19,0,1,1,0
2020-03-26,Lake,033,64148,0,0,0,0,0
2020-03-26,Lassen,035,31185,1,0,1,1,0
2020-03-26,Los Angeles,037,10098052,4525,1075,13,1088,19
2020-03-26,Madera,039,155013,36,8,0,8,0
2020-03-26,Marin,041,260295,106,56,0,56,0
2020-03-26,Mariposa,043,17540,0,0,0,0,0
2020-03-26,Mendocino,045,87422,4,1,0,1,0
2020-03-26,Merced,047,269075,23,1,0,1,0
2020-03-26,Modoc,049,8938,0,0,0,0,0
2020-03-26,Mono,051,14174,23,5,0,5,0
2020-03-26,Monterey,053,433212,59,25,0,25,1
2020-03-26,Napa,055,140530,26,5,0,5,0
2020-03-26,Nevada,057,99092,32,7,1,8,0
2020-03-26,Orange,059,3164182,1056,279,2,281,1
2020-03-26,Placer,061,380077,104,34,0,34,1
2020-03-26,Plumas,063,18699,0,0,0,0,0
2020-03-26,Riverside,065,2383286,799,118,5,123,7
2020-03-26,Sacramento,067,1510023,469,147,0,147,5
2020-03-26,San Benito,069,59416,27,8,0,8,1
2020-03-26,San Bernardino,071,2135413,444,57,0,57,1
2020-03-26,San Diego,073,3302833,1256,299,0,299,2
2020-03-26,San Francisco,075,870044,585,261,0,261,1
2020-03-26,San Joaquin,077,732212,190,69,3,72,3
2020-03-26,San Luis Obispo,079,281455,101,38,0,38,0
2020-03-26,San Mateo,081,765935,612,122,2,124,5
2020-03-26,Santa Barbara,083,443738,203,33,0,33,0
2020-03-26,Santa Clara,085,1922200,1215,487,1,488,20
2020-03-26,Santa Cruz,087,273765,74,30,0,30,0
2020-03-26,Shasta,089,179085,16,3,0,3,1
2020-03-26,Sierra,091,2930,0,0,0,0,0
2020-03-26,Siskiyou,093,43540,4,2,0,2,0
2020-03-26,Solano,095,438530,85,41,0,41,0
2020-03-26,Sonoma,097,501317,129,33,0,33,1
2020-03-26,Stanislaus,099,539301,82,15,3,18,0
2020-03-26,Sutter,101,95872,12,2,0,2,0
2020-03-26,Tehama,103,63373,1,0,0,0,0
2020-03-26,Trinity,105,12862,0,0,0,0,0
2020-03-26,Tulare,107,460477,78,15,2,17,0
2020-03-26,Tuolumne,109,53932,2,0,0,0,0
2020-03-26,Ventura,111,848112,245,70,0,70,1
2020-03-26,Yolo,113,214977,45,13,0,13,1
2020-03-26,Yuba,115,75493,7,3,0,3,0
2020-03-25,Alameda,001,1643700,529,134,0,134,3
2020-03-25,Alpine,003,1148,1,0,0,0,0
2020-03-25,Amador,005,37829,4,1,0,1,0
2020-03-25,Butte,007,227075,12,4,0,4,0
2020-03-25,Calaveras,009,45235,6,2,0,2,0
2020-03-25,Colusa,011,21464,2,0,0,0,0
2020-03-25,Contra Costa,013,1133247,370,131,0,131,1
2020-03-25,Del Norte,015,27424,0,0,0,0,0
2020-03-25,El Dorado,017,186661,26,5,0,5,0
2020-03-25,Fresno,019,978130,152,21,1,22,0
2020-03-25,Glenn,021,27897,2,0,0,0,0
2020-03-25,Humboldt,023,135768,35,3,0,3,0
2020-03-25,Imperial,025,180216,60,8,0,8,0
2020-03-25,Inyo,027,18085,5,0,0,0,0
2020-03-25,Kern,029,883053,162,13,0,13,0
2020-03-25,Kings,031,150075,18,0,1,1,0
2020-03-25,Lake,033,64148,0,0,0,0,0
2020-03-25,Lassen,035,31185,1,0,1,1,0
2020-03-25,Los Angeles,037,10098052,4130,725,13,738,10
2020-03-25,Madera,039,155013,34,6,0,6,0
2020-03-25,Marin,041,260295,100,47,0,47,0
2020-03-25,Mariposa,043,17540,0,0,0,0,0
2020-03-25,Mendocino,045,87422,3,1,0,1,0
2020-03-25,Merced,047,269075,19,0,0,0,0
2020-03-25,Modoc,049,8938,0,0,0,0,0
2020-03-25,Mono,051,14174,22,4,0,4,0
2020-03-25,Monterey,053,433212,56,23,0,23,1
2020-03-25,Napa,055,140530,26,5,0,5,0
2020-03-25,Nevada,057,99092,31,5,1,6,0
2020-03-25,Orange,059,3164182,998,214,2,216,1
2020-03-25,Placer,061,380077,98,30,0,30,1
2020-03-25,Plumas,063,18699,0,1,0,1,0
2020-03-25,Riverside,065,2383286,728,87,5,92,5
2020-03-25,Sacramento,067,1510023,443,114,0,114,5
2020-03-25,San Benito,069,59416,26,4,0,4,1
2020-03-25,San Bernardino,071,2135413,405,46,0,46,1
2020-03-25,San Diego,073,3302833,1194,238,0,238,2
2020-03-25,San Francisco,075,870044,544,212,0,212,1
2020-03-25,San Joaquin,077,732212,177,64,3,67,2
2020-03-25,San Luis Obispo,079,281455,96,35,0,35,0
2020-03-25,San Mateo,081,765935,577,111,2,113,5
2020-03-25,Santa Barbara,083,443738,192,25,0,25,0
2020-03-25,Santa Clara,085,1922200,1171,452,1,453,20
2020-03-25,Santa Cruz,087,273765,71,26,0,26,0
2020-03-25,Shasta,089,179085,15,3,0,3,1
2020-03-25,Sierra,091,2930,0,0,0,0,0
2020-03-25,Siskiyou,093,43540,4,2,0,2,0
2020-03-25,Solano,095,438530,80,39,0,39,0
2020-03-25,Sonoma,097,501317,124,31,0,31,1
2020-03-25,Stanislaus,099,539301,75,14,3,17,0
2020-03-25,Sutter,101,95872,9,1,0,1,0
2020-03-25,Tehama,103,63373,1,0,0,0,0
2020-03-25,Trinity,105,12862,0,0,0,0,0
2020-03-25,Tulare,107,460477,68,11,2,13,0
2020-03-25,Tuolumne,109,53932,2,0,0,0,0
2020-03-25,Ventura,111,848112,229,53,0,53,1
2020-03-25,Yolo,113,214977,43,9,0,9,1
2020-03-25,Yuba,115,75493,7,2,0,2,0
2020-03-24,Alameda,001,1643700,497,96,0,96,2
2020-03-24,Alpine,003,1148,1,0,0,0,0
2020-03-24,Amador,005,37829,2,1,0,1,0
2020-03-24,Butte,007,227075,11,3,0,3,0
2020-03-24,Calaveras,009,45235,5,2,0,2,0
2020-03-24,Colusa,011,21464,2,0,0,0,0
2020-03-24,Contra Costa,013,1133247,356,108,0,108,1
2020-03-24,Del Norte,015,27424,0,0,0,0,0
2020-03-24,El Dorado,017,186661,26,3,0,3,0
2020-03-24,Fresno,019,978130,133,18,1,19,0
2020-03-24,Glenn,021,27897,2,0,0,0,0
2020-03-24,Humboldt,023,135768,33,2,0,2,0
2020-03-24,Imperial,025,180216,57,3,0,3,0
2020-03-24,Inyo,027,18085,5,0,0,0,0
2020-03-24,Kern,029,883053,143,5,0,5,0
2020-03-24,Kings,031,150075,17,0,1,1,0
2020-03-24,Lake,033,64148,0,0,0,0,0
2020-03-24,Lassen,035,31185,1,0,1,1,0
2020-03-24,Los Angeles,037,10098052,3678,633,13,646,7
2020-03-24,Madera,039,155013,33,6,0,6,0
2020-03-24,Marin,041,260295,89,44,0,44,0
2020-03-24,Mariposa,043,17540,0,0,0,0,0
2020-03-24,Mendocino,045,87422,3,1,0,1,0
2020-03-24,Merced,047,269075,17,0,0,0,0
2020-03-24,Modoc,049,8938,0,0,0,0,0
2020-03-24,Mono,051,14174,21,1,0,1,0
2020-03-24,Monterey,053,433212,52,23,0,23,1
2020-03-24,Napa,055,140530,23,2,0,2,0
2020-03-24,Nevada,057,99092,30,4,1,5,0
2020-03-24,Orange,059,3164182,936,166,2,168,0
2020-03-24,Placer,061,380077,92,22,0,22,1
2020-03-24,Plumas,063,18699,0,1,0,1,0
2020-03-24,Riverside,065,2383286,661,56,5,61,5
2020-03-24,Sacramento,067,1510023,424,93,0,93,4
2020-03-24,San Benito,069,59416,25,4,0,4,1
2020-03-24,San Bernardino,071,2135413,361,27,0,27,0
2020-03-24,San Diego,073,3302833,1127,231,0,231,2
2020-03-24,San Francisco,075,870044,512,181,0,181,1
2020-03-24,San Joaquin,077,732212,166,52,3,55,2
2020-03-24,San Luis Obispo,079,281455,94,32,0,32,0
2020-03-24,San Mateo,081,765935,536,100,2,102,2
2020-03-24,Santa Barbara,083,443738,186,20,0,20,0
2020-03-24,Santa Clara,085,1922200,1102,389,1,390,17
2020-03-24,Santa Cruz,087,273765,66,22,0,22,0
2020-03-24,Shasta,089,179085,14,3,0,3,0
2020-03-24,Sierra,091,2930,0,0,0,0,0
2020-03-24,Siskiyou,093,43540,4,2,0,2,0
2020-03-24,Solano,095,438530,78,34,0,34,0
2020-03-24,Sonoma,097,501317,117,27,0,27,1
2020-03-24,Stanislaus,099,539301,66,13,3,16,0
2020-03-24,Sutter,101,95872,9,0,0,0,0
2020-03-24,Tehama,103,63373,1,0,0,0,0
2020-03-24,Trinity,105,12862,0,0,0,0,0
2020-03-24,Tulare,107,460477,60,10,2,12,0
2020-03-24,Tuolumne,109,53932,2,0,0,0,0
2020-03-24,Ventura,111,848112,213,44,0,44,1
2020-03-24,Yolo,113,214977,39,8,0,8,0
2020-03-24,Yuba,115,75493,7,2,0,2,0
2020-03-23,Alameda,001,1643700,467,88,0,88,1
2020-03-23,Alpine,003,1148,1,0,0,0,0
2020-03-23,Amador,005,37829,2,1,0,1,0
2020-03-23,Butte,007,227075,11,2,0,2,0
2020-03-23,Calaveras,009,45235,5,2,0,2,0
2020-03-23,Colusa,011,21464,1,0,0,0,0
2020-03-23,Contra Costa,013,1133247,336,91,0,91,2
2020-03-23,Del Norte,015,27424,0,0,0,0,0
2020-03-23,El Dorado,017,186661,25,3,0,3,0
2020-03-23,Fresno,019,978130,123,10,1,11,0
2020-03-23,Glenn,021,27897,2,0,0,0,0
2020-03-23,Humboldt,023,135768,31,2,0,2,0
2020-03-23,Imperial,025,180216,53,2,0,2,0
2020-03-23,Inyo,027,18085,3,0,0,0,0
2020-03-23,Kern,029,883053,129,5,0,5,0
2020-03-23,Kings,031,150075,17,0,1,1,0
2020-03-23,Lake,033,64148,0,0,0,0,0
2020-03-23,Lassen,035,31185,1,0,1,1,0
2020-03-23,Los Angeles,037,10098052,3374,389,13,402,4
2020-03-23,Madera,039,155013,33,4,0,4,0
2020-03-23,Marin,041,260295,84,30,0,30,0
2020-03-23,Mariposa,043,17540,0,0,0,0,0
2020-03-23,Mendocino,045,87422,3,1,0,1,0
2020-03-23,Merced,047,269075,11,0,0,0,0
2020-03-23,Modoc,049,8938,0,0,0,0,0
2020-03-23,Mono,051,14174,19,1,0,1,0
2020-03-23,Monterey,053,433212,47,14,0,14,1
2020-03-23,Napa,055,140530,21,1,0,1,0
2020-03-23,Nevada,057,99092,27,2,1,3,0
2020-03-23,Orange,059,3164182,882,138,2,140,0
2020-03-23,Placer,061,380077,89,19,0,19,1
2020-03-23,Plumas,063,18699,0,0,0,0,0
2020-03-23,Riverside,065,2383286,620,39,5,44,5
2020-03-23,Sacramento,067,1510023,391,87,0,87,4
2020-03-23,San Benito,069,59416,24,4,0,4,1
2020-03-23,San Bernardino,071,2135413,331,17,0,17,0
2020-03-23,San Diego,073,3302833,1068,178,0,178,1
2020-03-23,San Francisco,075,870044,483,152,0,152,0
2020-03-23,San Joaquin,077,732212,154,37,3,40,2
2020-03-23,San Luis Obispo,079,281455,88,23,0,23,0
2020-03-23,San Mateo,081,765935,498,88,2,90,1
2020-03-23,Santa Barbara,083,443738,165,18,0,18,0
2020-03-23,Santa Clara,085,1922200,1055,336,1,337,13
2020-03-23,Santa Cruz,087,273765,64,21,0,21,0
2020-03-23,Shasta,089,179085,12,2,0,2,0
2020-03-23,Sierra,091,2930,0,0,0,0,0
2020-03-23,Siskiyou,093,43540,4,2,0,2,0
2020-03-23,Solano,095,438530,74,33,0,33,0
2020-03-23,Sonoma,097,501317,105,19,0,19,1
2020-03-23,Stanislaus,099,539301,58,10,3,13,0
2020-03-23,Sutter,101,95872,9,0,0,0,0
2020-03-23,Tehama,103,63373,1,0,0,0,0
2020-03-23,Trinity,105,12862,0,0,0,0,0
2020-03-23,Tulare,107,460477,54,9,2,11,0
2020-03-23,Tuolumne,109,53932,2,0,0,0,0
2020-03-23,Ventura,111,848112,196,30,0,30,0
2020-03-23,Yolo,113,214977,38,8,0,8,0
2020-03-23,Yuba,115,75493,7,2,0,2,0
2020-03-22,Alameda,001,1643700,428,72,0,72,1
2020-03-22,Alpine,003,1148,1,0,0,0,0
2020-03-22,Amador,005,37829,2,1,0,1,0
2020-03-22,Butte,007,227075,8,1,0,1,0
2020-03-22,Calaveras,009,45235,4,2,0,2,0
2020-03-22,Colusa,011,21464,1,0,0,0,0
2020-03-22,Contra Costa,013,1133247,309,79,0,79,1
2020-03-22,Del Norte,015,27424,0,0,0,0,0
2020-03-22,El Dorado,017,186661,23,1,0,1,0
2020-03-22,Fresno,019,978130,103,8,1,9,0
2020-03-22,Glenn,021,27897,2,0,0,0,0
2020-03-22,Humboldt,023,135768,28,1,0,1,0
2020-03-22,Imperial,025,180216,51,2,0,2,0
2020-03-22,Inyo,027,18085,1,0,0,0,0
2020-03-22,Kern,029,883053,113,3,0,3,0
2020-03-22,Kings,031,150075,15,0,1,1,0
2020-03-22,Lake,033,64148,0,0,0,0,0
2020-03-22,Lassen,035,31185,1,0,1,1,0
2020-03-22,Los Angeles,037,10098052,3051,384,13,397,3
2020-03-22,Madera,039,155013,31,4,0,4,0
2020-03-22,Marin,041,260295,74,30,0,30,0
2020-03-22,Mariposa,043,17540,0,0,0,0,0
2020-03-22,Mendocino,045,87422,3,1,0,1,0
2020-03-22,Merced,047,269075,7,0,0,0,0
2020-03-22,Modoc,049,8938,0,0,0,0,0
2020-03-22,Mono,051,14174,14,1,0,1,0
2020-03-22,Monterey,053,433212,45,14,0,14,1
2020-03-22,Napa,055,140530,17,1,0,1,0
2020-03-22,Nevada,057,99092,23,2,1,3,0
2020-03-22,Orange,059,3164182,814,102,2,104,0
2020-03-22,Placer,061,380077,87,18,0,18,1
2020-03-22,Plumas,063,18699,0,0,0,0,0
2020-03-22,Riverside,065,2383286,542,26,3,29,5
2020-03-22,Sacramento,067,1510023,360,82,0,82,4
2020-03-22,San Benito,069,59416,19,4,0,4,1
2020-03-22,San Bernardino,071,2135413,288,16,0,16,0
2020-03-22,San Diego,073,3302833,980,161,0,161,0
2020-03-22,San Francisco,075,870044,446,134,0,134,0
2020-03-22,San Joaquin,077,732212,140,30,3,33,2
2020-03-22,San Luis Obispo,079,281455,83,19,0,19,0
2020-03-22,San Mateo,081,765935,465,82,2,84,1
2020-03-22,Santa Barbara,083,443738,147,16,0,16,0
2020-03-22,Santa Clara,085,1922200,993,284,1,285,13
2020-03-22,Santa Cruz,087,273765,63,19,0,19,0
2020-03-22,Shasta,089,179085,12,1,0,1,0
2020-03-22,Sierra,091,2930,0,0,0,0,0
2020-03-22,Siskiyou,093,43540,4,2,0,2,0
2020-03-22,Solano,095,438530,65,30,0,30,0
2020-03-22,Sonoma,097,501317,100,18,0,18,1
2020-03-22,Stanislaus,099,539301,52,8,3,11,0
2020-03-22,Sutter,101,95872,8,0,0,0,0
2020-03-22,Tehama,103,63373,0,0,0,0,0
2020-03-22,Trinity,105,12862,0,0,0,0,0
2020-03-22,Tulare,107,460477,50,5,2,7,0
2020-03-22,Tuolumne,109,53932,2,0,0,0,0
2020-03-22,Ventura,111,848112,174,26,0,26,0
2020-03-22,Yolo,113,214977,32,6,0,6,0
2020-03-22,Yuba,115,75493,7,2,0,2,0
2020-03-21,Alameda,001,1643700,405,62,0,62,0
2020-03-21,Alpine,003,1148,1,0,0,0,0
2020-03-21,Amador,005,37829,2,1,0,1,0
2020-03-21,Butte,007,227075,7,1,0,1,0
2020-03-21,Calaveras,009,45235,4,2,0,2,0
2020-03-21,Colusa,011,21464,1,0,0,0,0
2020-03-21,Contra Costa,013,1133247,298,62,0,62,1
2020-03-21,Del Norte,015,27424,0,0,0,0,0
2020-03-21,El Dorado,017,186661,20,1,0,1,0
2020-03-21,Fresno,019,978130,99,8,1,9,0
2020-03-21,Glenn,021,27897,2,0,0,0,0
2020-03-21,Humboldt,023,135768,25,1,0,1,0
2020-03-21,Imperial,025,180216,47,2,0,2,0
2020-03-21,Inyo,027,18085,1,0,0,0,0
2020-03-21,Kern,029,883053,107,3,0,3,0
2020-03-21,Kings,031,150075,15,0,1,1,0
2020-03-21,Lake,033,64148,0,0,0,0,0
2020-03-21,Lassen,035,31185,1,0,1,1,0
2020-03-21,Los Angeles,037,10098052,2778,322,13,335,2
2020-03-21,Madera,039,155013,31,4,0,4,0
2020-03-21,Marin,041,260295,69,30,0,30,0
2020-03-21,Mariposa,043,17540,0,0,0,0,0
2020-03-21,Mendocino,045,87422,3,1,0,1,0
2020-03-21,Merced,047,269075,6,0,0,0,0
2020-03-21,Modoc,049,8938,0,0,0,0,0
2020-03-21,Mono,051,14174,14,1,0,1,0
2020-03-21,Monterey,053,433212,43,8,0,8,1
2020-03-21,Napa,055,140530,17,0,0,0,0
2020-03-21,Nevada,057,99092,23,2,1,3,0
2020-03-21,Orange,059,3164182,765,85,2,87,0
2020-03-21,Placer,061,380077,78,11,0,11,1
2020-03-21,Plumas,063,18699,0,0,0,0,0
2020-03-21,Riverside,065,2383286,498,20,3,23,3
2020-03-21,Sacramento,067,1510023,333,66,0,66,3
2020-03-21,San Benito,069,59416,17,4,0,4,1
2020-03-21,San Bernardino,071,2135413,268,13,0,13,0
2020-03-21,San Diego,073,3302833,903,121,0,121,0
2020-03-21,San Francisco,075,870044,410,106,0,106,0
2020-03-21,San Joaquin,077,732212,131,26,3,29,2
2020-03-21,San Luis Obispo,079,281455,79,16,0,16,0
2020-03-21,San Mateo,081,765935,427,78,2,80,1
2020-03-21,Santa Barbara,083,443738,132,8,0,8,0
2020-03-21,Santa Clara,085,1922200,932,269,1,270,10
2020-03-21,Santa Cruz,087,273765,61,17,0,17,0
2020-03-21,Shasta,089,179085,11,1,0,1,0
2020-03-21,Sierra,091,2930,0,0,0,0,0
2020-03-21,Siskiyou,093,43540,4,0,0,0,0
2020-03-21,Solano,095,438530,63,30,0,30,0
2020-03-21,Sonoma,097,501317,99,15,0,15,1
2020-03-21,Stanislaus,099,539301,46,7,3,10,0
2020-03-21,Sutter,101,95872,7,0,0,0,0
2020-03-21,Tehama,103,63373,0,0,0,0,0
2020-03-21,Trinity,105,12862,0,0,0,0,0
2020-03-21,Tulare,107,460477,45,5,2,7,0
2020-03-21,Tuolumne,109,53932,2,0,0,0,0
2020-03-21,Ventura,111,848112,166,22,0,22,0
2020-03-21,Yolo,113,214977,32,6,0,6,0
2020-03-21,Yuba,115,75493,7,1,0,1,0
2020-03-20,Alameda,001,1643700,384,42,0,42,0
2020-03-20,Alpine,003,1148,1,0,0,0,0
2020-03-20,Amador,005,37829,1,0,0,0,0
2020-03-20,Butte,007,227075,7,0,0,0,0
2020-03-20,Calaveras,009,45235,4,2,0,2,0
2020-03-20,Colusa,011,21464,1,0,0,0,0
2020-03-20,Contra Costa,013,1133247,269,52,0,52,1
2020-03-20,Del Norte,015,27424,0,0,0,0,0
2020-03-20,El Dorado,017,186661,19,1,0,1,0
2020-03-20,Fresno,019,978130,96,7,1,8,0
2020-03-20,Glenn,021,27897,1,0,0,0,0
2020-03-20,Humboldt,023,135768,25,1,0,1,0
2020-03-20,Imperial,025,180216,46,2,0,2,0
2020-03-20,Inyo,027,18085,0,0,0,0,0
2020-03-20,Kern,029,883053,92,3,0,3,0
2020-03-20,Kings,031,150075,15,0,1,1,0
2020-03-20,Lake,033,64148,0,0,0,0,0
2020-03-20,Lassen,035,31185,1,0,1,1,0
2020-03-20,Los Angeles,037,10098052,2553,267,12,279,1
2020-03-20,Madera,039,155013,30,4,0,4,0
2020-03-20,Marin,041,260295,66,30,0,30,0
2020-03-20,Mariposa,043,17540,0,0,0,0,0
2020-03-20,Mendocino,045,87422,3,1,0,1,0
2020-03-20,Merced,047,269075,6,0,0,0,0
2020-03-20,Modoc,049,8938,0,0,0,0,0
2020-03-20,Mono,051,14174,14,0,0,0,0
2020-03-20,Monterey,053,433212,42,4,0,4,0
2020-03-20,Napa,055,140530,16,0,0,0,0
2020-03-20,Nevada,057,99092,20,2,1,3,0
2020-03-20,Orange,059,3164182,718,71,2,73,2
2020-03-20,Placer,061,380077,72,9,0,9,1
2020-03-20,Plumas,063,18699,0,0,0,0,0
2020-03-20,Riverside,065,2383286,445,19,3,22,3
2020-03-20,Sacramento,067,1510023,312,56,0,56,4
2020-03-20,San Benito,069,59416,17,4,0,4,1
2020-03-20,San Bernardino,071,2135413,241,9,0,9,0
2020-03-20,San Diego,073,3302833,851,98,0,98,0
2020-03-20,San Francisco,075,870044,378,87,0,87,0
2020-03-20,San Joaquin,077,732212,116,18,3,21,2
2020-03-20,San Luis Obispo,079,281455,76,11,0,11,0
2020-03-20,San Mateo,081,765935,397,71,2,73,1
2020-03-20,Santa Barbara,083,443738,116,7,0,7,0
2020-03-20,Santa Clara,085,1922200,896,246,1,247,8
2020-03-20,Santa Cruz,087,273765,59,13,0,13,0
2020-03-20,Shasta,089,179085,10,1,0,1,0
2020-03-20,Sierra,091,2930,0,0,0,0,0
2020-03-20,Siskiyou,093,43540,4,0,0,0,0
2020-03-20,Solano,095,438530,59,29,0,29,0
2020-03-20,Sonoma,097,501317,91,7,0,7,0
2020-03-20,Stanislaus,099,539301,40,7,3,10,0
2020-03-20,Sutter,101,95872,7,0,0,0,0
2020-03-20,Tehama,103,63373,0,0,0,0,0
2020-03-20,Trinity,105,12862,0,0,0,0,0
2020-03-20,Tulare,107,460477,41,4,2,6,0
2020-03-20,Tuolumne,109,53932,2,0,0,0,0
2020-03-20,Ventura,111,848112,156,18,0,18,0
2020-03-20,Yolo,113,214977,30,5,0,5,0
2020-03-20,Yuba,115,75493,6,0,0,0,0
2020-03-19,Alameda,001,1643700,348,36,0,36,0
2020-03-19,Alpine,003,1148,1,0,0,0,0
2020-03-19,Amador,005,37829,1,0,0,0,0
2020-03-19,Butte,007,227075,5,0,0,0,0
2020-03-19,Calaveras,009,45235,4,2,0,2,0
2020-03-19,Colusa,011,21464,0,0,0,0,0
2020-03-19,Contra Costa,013,1133247,253,46,0,46,0
2020-03-19,Del Norte,015,27424,0,0,0,0,0
2020-03-19,El Dorado,017,186661,18,0,0,0,0
2020-03-19,Fresno,019,978130,87,6,1,7,0
2020-03-19,Glenn,021,27897,1,0,0,0,0
2020-03-19,Humboldt,023,135768,23,1,0,1,0
2020-03-19,Imperial,025,180216,39,2,0,2,0
2020-03-19,Inyo,027,18085,0,0,0,0,0
2020-03-19,Kern,029,883053,80,3,0,3,0
2020-03-19,Kings,031,150075,12,0,1,1,0
2020-03-19,Lake,033,64148,0,0,0,0,0
2020-03-19,Lassen,035,31185,0,0,1,1,0
2020-03-19,Los Angeles,037,10098052,2266,233,12,245,0
2020-03-19,Madera,039,155013,29,3,0,3,0
2020-03-19,Marin,041,260295,63,19,0,19,0
2020-03-19,Mariposa,043,17540,0,0,0,0,0
2020-03-19,Mendocino,045,87422,2,1,0,1,0
2020-03-19,Merced,047,269075,5,0,0,0,0
2020-03-19,Modoc,049,8938,0,0,0,0,0
2020-03-19,Mono,051,14174,12,0,0,0,0
2020-03-19,Monterey,053,433212,34,3,0,3,0
2020-03-19,Napa,055,140530,14,0,0,0,0
2020-03-19,Nevada,057,99092,18,2,1,3,0
2020-03-19,Orange,059,3164182,634,59,2,61,0
2020-03-19,Placer,061,380077,64,8,0,8,1
2020-03-19,Plumas,063,18699,0,0,0,0,0
2020-03-19,Riverside,065,2383286,355,14,2,16,3
2020-03-19,Sacramento,067,1510023,279,52,0,52,3
2020-03-19,San Benito,069,59416,14,3,0,3,0
2020-03-19,San Bernardino,071,2135413,211,7,0,7,0
2020-03-19,San Diego,073,3302833,768,68,0,68,0
2020-03-19,San Francisco,075,870044,342,80,0,80,0
2020-03-19,San Joaquin,077,732212,102,15,3,18,2
2020-03-19,San Luis Obispo,079,281455,74,6,0,6,0
2020-03-19,San Mateo,081,765935,362,58,2,60,1
2020-03-19,Santa Barbara,083,443738,101,5,0,5,0
2020-03-19,Santa Clara,085,1922200,830,183,1,184,8
2020-03-19,Santa Cruz,087,273765,56,13,0,13,0
2020-03-19,Shasta,089,179085,9,1,0,1,0
2020-03-19,Sierra,091,2930,0,0,0,0,0
2020-03-19,Siskiyou,093,43540,3,0,0,0,0
2020-03-19,Solano,095,438530,55,26,0,26,0
2020-03-19,Sonoma,097,501317,88,8,0,8,0
2020-03-19,Stanislaus,099,539301,39,7,3,10,0
2020-03-19,Sutter,101,95872,7,0,0,0,0
2020-03-19,Tehama,103,63373,0,0,0,0,0
2020-03-19,Trinity,105,12862,0,0,0,0,0
2020-03-19,Tulare,107,460477,36,3,2,5,0
2020-03-19,Tuolumne,109,53932,2,0,0,0,0
2020-03-19,Ventura,111,848112,134,15,0,15,0
2020-03-19,Yolo,113,214977,26,5,0,5,0
2020-03-19,Yuba,115,75493,5,0,0,0,0
2020-03-18,Alameda,001,1643700,320,29,0,29,0
2020-03-18,Alpine,003,1148,1,0,0,0,0
2020-03-18,Amador,005,37829,1,0,0,0,0
2020-03-18,Butte,007,227075,4,0,0,0,0
2020-03-18,Calaveras,009,45235,4,2,0,2,0
2020-03-18,Colusa,011,21464,0,0,0,0,0
2020-03-18,Contra Costa,013,1133247,232,44,0,44,0
2020-03-18,Del Norte,015,27424,0,0,0,0,0
2020-03-18,El Dorado,017,186661,17,0,0,0,0
2020-03-18,Fresno,019,978130,78,3,1,4,0
2020-03-18,Glenn,021,27897,1,0,0,0,0
2020-03-18,Humboldt,023,135768,19,1,0,1,0
2020-03-18,Imperial,025,180216,33,2,0,2,0
2020-03-18,Inyo,027,18085,0,0,0,0,0
2020-03-18,Kern,029,883053,65,1,0,1,0
2020-03-18,Kings,031,150075,10,0,1,1,0
2020-03-18,Lake,033,64148,0,0,0,0,0
2020-03-18,Lassen,035,31185,0,0,1,1,0
2020-03-18,Los Angeles,037,10098052,2027,47,12,59,0
2020-03-18,Madera,039,155013,28,2,0,2,0
2020-03-18,Marin,041,260295,58,10,0,10,0
2020-03-18,Mariposa,043,17540,0,0,0,0,0
2020-03-18,Mendocino,045,87422,2,0,0,0,0
2020-03-18,Merced,047,269075,5,0,0,0,0
2020-03-18,Modoc,049,8938,0,0,0,0,0
2020-03-18,Mono,051,14174,11,0,0,0,0
2020-03-18,Monterey,053,433212,28,1,0,1,0
2020-03-18,Napa,055,140530,11,0,0,0,0
2020-03-18,Nevada,057,99092,16,2,1,3,0
2020-03-18,Orange,059,3164182,579,38,2,40,0
2020-03-18,Placer,061,380077,57,8,0,8,1
2020-03-18,Plumas,063,18699,0,0,0,0,0
2020-03-18,Riverside,065,2383286,303,11,2,13,2
2020-03-18,Sacramento,067,1510023,256,46,0,46,3
2020-03-18,San Benito,069,59416,13,3,0,3,0
2020-03-18,San Bernardino,071,2135413,189,3,0,3,0
2020-03-18,San Diego,073,3302833,683,40,0,40,0
2020-03-18,San Francisco,075,870044,323,65,0,65,0
2020-03-18,San Joaquin,077,732212,90,14,3,17,2
2020-03-18,San Luis Obispo,079,281455,68,5,0,5,0
2020-03-18,San Mateo,081,765935,339,57,2,59,1
2020-03-18,Santa Barbara,083,443738,88,2,0,2,0
2020-03-18,Santa Clara,085,1922200,781,151,1,152,6
2020-03-18,Santa Cruz,087,273765,54,11,0,11,0
2020-03-18,Shasta,089,179085,8,1,0,1,0
2020-03-18,Sierra,091,2930,0,0,0,0,0
2020-03-18,Siskiyou,093,43540,3,0,0,0,0
2020-03-18,Solano,095,438530,51,26,0,26,0
2020-03-18,Sonoma,097,501317,79,6,0,6,0
2020-03-18,Stanislaus,099,539301,35,5,2,7,0
2020-03-18,Sutter,101,95872,5,0,0,0,0
2020-03-18,Tehama,103,63373,0,0,0,0,0
2020-03-18,Trinity,105,12862,0,0,0,0,0
2020-03-18,Tulare,107,460477,27,3,2,5,0
2020-03-18,Tuolumne,109,53932,2,0,0,0,0
2020-03-18,Ventura,111,848112,115,11,0,11,0
2020-03-18,Yolo,113,214977,23,4,0,4,0
2020-03-18,Yuba,115,75493,4,0,0,0,0
2020-03-17,Alameda,001,1643700,288,19,0,19,0
2020-03-17,Alpine,003,1148,0,0,0,0,0
2020-03-17,Amador,005,37829,1,0,0,0,0
2020-03-17,Butte,007,227075,4,0,0,0,0
2020-03-17,Calaveras,009,45235,4,2,0,2,0
2020-03-17,Colusa,011,21464,0,0,0,0,0
2020-03-17,Contra Costa,013,1133247,210,37,0,37,0
2020-03-17,Del Norte,015,27424,0,0,0,0,0
2020-03-17,El Dorado,017,186661,16,0,0,0,0
2020-03-17,Fresno,019,978130,68,2,1,3,0
2020-03-17,Glenn,021,27897,1,0,0,0,0
2020-03-17,Humboldt,023,135768,17,1,0,1,0
2020-03-17,Imperial,025,180216,27,2,0,2,0
2020-03-17,Inyo,027,18085,0,0,0,0,0
2020-03-17,Kern,029,883053,51,0,0,0,0
2020-03-17,Kings,031,150075,8,0,1,1,0
2020-03-17,Lake,033,64148,0,0,0,0,0
2020-03-17,Lassen,035,31185,0,0,1,1,0
2020-03-17,Los Angeles,037,10098052,1826,41,12,53,0
2020-03-17,Madera,039,155013,21,2,0,2,0
2020-03-17,Marin,041,260295,51,4,0,4,0
2020-03-17,Mariposa,043,17540,0,0,0,0,0
2020-03-17,Mendocino,045,87422,2,0,0,0,0
2020-03-17,Merced,047,269075,5,0,0,0,0
2020-03-17,Modoc,049,8938,0,0,0,0,0
2020-03-17,Mono,051,14174,9,0,0,0,0
2020-03-17,Monterey,053,433212,26,0,0,0,0
2020-03-17,Napa,055,140530,8,0,0,0,0
2020-03-17,Nevada,057,99092,15,1,1,2,0
2020-03-17,Orange,059,3164182,503,24,2,26,0
2020-03-17,Placer,061,380077,47,7,0,7,1
2020-03-17,Plumas,063,18699,0,0,0,0,0
2020-03-17,Riverside,065,2383286,246,11,2,13,0
2020-03-17,Sacramento,067,1510023,236,36,0,36,1
2020-03-17,San Benito,069,59416,12,2,0,2,0
2020-03-17,San Bernardino,071,2135413,161,2,0,2,0
2020-03-17,San Diego,073,3302833,616,17,0,17,0
2020-03-17,San Francisco,075,870044,297,46,0,46,0
2020-03-17,San Joaquin,077,732212,84,11,3,14,0
2020-03-17,San Luis Obispo,079,281455,61,1,0,1,0
2020-03-17,San Mateo,081,765935,307,46,2,48,1
2020-03-17,Santa Barbara,083,443738,75,0,0,0,0
2020-03-17,Santa Clara,085,1922200,724,121,1,122,4
2020-03-17,Santa Cruz,087,273765,51,10,0,10,0
2020-03-17,Shasta,089,179085,4,1,0,1,0
2020-03-17,Sierra,091,2930,0,0,0,0,0
2020-03-17,Siskiyou,093,43540,3,0,0,0,0
2020-03-17,Solano,095,438530,48,27,0,27,0
2020-03-17,Sonoma,097,501317,71,4,0,4,0
2020-03-17,Stanislaus,099,539301,32,4,2,6,0
2020-03-17,Sutter,101,95872,5,0,0,0,0
2020-03-17,Tehama,103,63373,0,0,0,0,0
2020-03-17,Trinity,105,12862,0,0,0,0,0
2020-03-17,Tulare,107,460477,24,2,2,4,0
2020-03-17,Tuolumne,109,53932,2,0,0,0,0
2020-03-17,Ventura,111,848112,98,7,0,7,0
2020-03-17,Yolo,113,214977,19,2,0,2,0
2020-03-17,Yuba,115,75493,4,0,0,0,0
2020-03-16,Alameda,001,1643700,259,17,0,17,0
2020-03-16,Alpine,003,1148,0,0,0,0,0
2020-03-16,Amador,005,37829,1,0,0,0,0
2020-03-16,Butte,007,227075,3,0,0,0,0
2020-03-16,Calaveras,009,45235,4,2,0,2,0
2020-03-16,Colusa,011,21464,0,0,0,0,0
2020-03-16,Contra Costa,013,1133247,186,36,0,36,0
2020-03-16,Del Norte,015,27424,0,0,0,0,0
2020-03-16,El Dorado,017,186661,15,0,0,0,0
2020-03-16,Fresno,019,978130,53,2,1,3,0
2020-03-16,Glenn,021,27897,0,0,0,0,0
2020-03-16,Humboldt,023,135768,13,1,0,1,0
2020-03-16,Imperial,025,180216,22,2,0,2,0
2020-03-16,Inyo,027,18085,0,0,0,0,0
2020-03-16,Kern,029,883053,43,0,0,0,0
2020-03-16,Kings,031,150075,7,0,1,1,0
2020-03-16,Lake,033,64148,0,0,0,0,0
2020-03-16,Lassen,035,31185,0,0,0,0,0
2020-03-16,Los Angeles,037,10098052,1591,43,12,55,0
2020-03-16,Madera,039,155013,20,2,0,2,0
2020-03-16,Marin,041,260295,48,4,0,4,0
2020-03-16,Mariposa,043,17540,0,0,0,0,0
2020-03-16,Mendocino,045,87422,2,0,0,0,0
2020-03-16,Merced,047,269075,5,0,0,0,0
2020-03-16,Modoc,049,8938,0,0,0,0,0
2020-03-16,Mono,051,14174,7,0,0,0,0
2020-03-16,Monterey,053,433212,25,0,0,0,0
2020-03-16,Napa,055,140530,7,0,0,0,0
2020-03-16,Nevada,057,99092,11,1,1,2,0
2020-03-16,Orange,059,3164182,420,18,2,20,0
2020-03-16,Placer,061,380077,39,7,0,7,1
2020-03-16,Plumas,063,18699,0,0,0,0,0
2020-03-16,Riverside,065,2383286,212,10,2,12,0
2020-03-16,Sacramento,067,1510023,209,34,0,34,1
2020-03-16,San Benito,069,59416,8,2,0,2,0
2020-03-16,San Bernardino,071,2135413,141,1,0,1,0
2020-03-16,San Diego,073,3302833,525,17,0,17,0
2020-03-16,San Francisco,075,870044,261,40,0,40,0
2020-03-16,San Joaquin,077,732212,74,9,3,12,0
2020-03-16,San Luis Obispo,079,281455,54,1,0,1,0
2020-03-16,San Mateo,081,765935,269,42,2,44,1
2020-03-16,Santa Barbara,083,443738,63,0,0,0,0
2020-03-16,Santa Clara,085,1922200,649,115,1,116,2
2020-03-16,Santa Cruz,087,273765,44,9,0,9,0
2020-03-16,Shasta,089,179085,4,1,0,1,0
2020-03-16,Sierra,091,2930,0,0,0,0,0
2020-03-16,Siskiyou,093,43540,2,0,0,0,0
2020-03-16,Solano,095,438530,43,27,0,27,0
2020-03-16,Sonoma,097,501317,63,4,0,4,0
2020-03-16,Stanislaus,099,539301,28,2,2,4,0
2020-03-16,Sutter,101,95872,3,0,0,0,0
2020-03-16,Tehama,103,63373,0,0,0,0,0
2020-03-16,Trinity,105,12862,0,0,0,0,0
2020-03-16,Tulare,107,460477,21,2,2,4,0
2020-03-16,Tuolumne,109,53932,2,0,0,0,0
2020-03-16,Ventura,111,848112,88,7,0,7,0
2020-03-16,Yolo,113,214977,18,2,0,2,0
2020-03-16,Yuba,115,75493,3,0,0,0,0
2020-03-15,Alameda,001,1643700,213,17,0,17,0
2020-03-15,Alpine,003,1148,0,0,0,0,0
2020-03-15,Amador,005,37829,1,0,0,0,0
2020-03-15,Butte,007,227075,3,0,0,0,0
2020-03-15,Calaveras,009,45235,2,2,0,2,0
2020-03-15,Colusa,011,21464,0,0,0,0,0
2020-03-15,Contra Costa,013,1133247,161,34,0,34,0
2020-03-15,Del Norte,015,27424,0,0,0,0,0
2020-03-15,El Dorado,017,186661,14,0,0,0,0
2020-03-15,Fresno,019,978130,33,1,1,2,0
2020-03-15,Glenn,021,27897,0,0,0,0,0
2020-03-15,Humboldt,023,135768,11,1,0,1,0
2020-03-15,Imperial,025,180216,17,2,0,2,0
2020-03-15,Inyo,027,18085,0,0,0,0,0
2020-03-15,Kern,029,883053,37,0,0,0,0
2020-03-15,Kings,031,150075,7,0,1,1,0
2020-03-15,Lake,033,64148,0,0,0,0,0
2020-03-15,Lassen,035,31185,0,0,0,0,0
2020-03-15,Los Angeles,037,10098052,1353,41,12,53,0
2020-03-15,Madera,039,155013,19,2,0,2,0
2020-03-15,Marin,041,260295,41,3,0,3,0
2020-03-15,Mariposa,043,17540,0,0,0,0,0
2020-03-15,Mendocino,045,87422,2,0,0,0,0
2020-03-15,Merced,047,269075,3,0,0,0,0
2020-03-15,Modoc,049,8938,0,0,0,0,0
2020-03-15,Mono,051,14174,6,0,0,0,0
2020-03-15,Monterey,053,433212,19,0,0,0,0
2020-03-15,Napa,055,140530,7,0,0,0,0
2020-03-15,Nevada,057,99092,11,0,1,1,0
2020-03-15,Orange,059,3164182,350,16,1,17,0
2020-03-15,Placer,061,380077,33,7,0,7,1
2020-03-15,Plumas,063,18699,0,0,0,0,0
2020-03-15,Riverside,065,2383286,167,10,2,12,0
2020-03-15,Sacramento,067,1510023,173,30,0,30,1
2020-03-15,San Benito,069,59416,8,2,0,2,0
2020-03-15,San Bernardino,071,2135413,119,0,0,0,0
2020-03-15,San Diego,073,3302833,438,16,0,16,0
2020-03-15,San Francisco,075,870044,205,31,0,31,0
2020-03-15,San Joaquin,077,732212,63,6,3,9,0
2020-03-15,San Luis Obispo,079,281455,45,1,0,1,0
2020-03-15,San Mateo,081,765935,235,29,1,30,1
2020-03-15,Santa Barbara,083,443738,53,0,0,0,0
2020-03-15,Santa Clara,085,1922200,578,79,1,80,2
2020-03-15,Santa Cruz,087,273765,38,8,0,8,0
2020-03-15,Shasta,089,179085,4,1,0,1,0
2020-03-15,Sierra,091,2930,0,0,0,0,0
2020-03-15,Siskiyou,093,43540,2,0,0,0,0
2020-03-15,Solano,095,438530,42,26,0,26,0
2020-03-15,Sonoma,097,501317,54,4,0,4,0
2020-03-15,Stanislaus,099,539301,27,2,2,4,0
2020-03-15,Sutter,101,95872,2,0,0,0,0
2020-03-15,Tehama,103,63373,0,0,0,0,0
2020-03-15,Trinity,105,12862,0,0,0,0,0
2020-03-15,Tulare,107,460477,16,2,2,4,0
2020-03-15,Tuolumne,109,53932,1,0,0,0,0
2020-03-15,Ventura,111,848112,77,5,0,5,0
2020-03-15,Yolo,113,214977,15,2,0,2,0
2020-03-15,Yuba,115,75493,2,0,0,0,0
2020-03-14,Alameda,001,1643700,194,11,0,11,0
2020-03-14,Alpine,003,1148,0,0,0,0,0
2020-03-14,Amador,005,37829,1,0,0,0,0
2020-03-14,Butte,007,227075,2,0,0,0,0
2020-03-14,Calaveras,009,45235,2,2,0,2,0
2020-03-14,Colusa,011,21464,0,0,0,0,0
2020-03-14,Contra Costa,013,1133247,139,30,0,30,0
2020-03-14,Del Norte,015,27424,0,0,0,0,0
2020-03-14,El Dorado,017,186661,12,0,0,0,0
2020-03-14,Fresno,019,978130,25,1,1,2,0
2020-03-14,Glenn,021,27897,0,0,0,0,0
2020-03-14,Humboldt,023,135768,7,1,0,1,0
2020-03-14,Imperial,025,180216,13,2,0,2,0
2020-03-14,Inyo,027,18085,0,0,0,0,0
2020-03-14,Kern,029,883053,32,0,0,0,0
2020-03-14,Kings,031,150075,7,0,1,1,0
2020-03-14,Lake,033,64148,0,0,0,0,0
2020-03-14,Lassen,035,31185,0,0,0,0,0
2020-03-14,Los Angeles,037,10098052,1175,35,12,47,0
2020-03-14,Madera,039,155013,19,2,0,2,0
2020-03-14,Marin,041,260295,37,3,0,3,0
2020-03-14,Mariposa,043,17540,0,0,0,0,0
2020-03-14,Mendocino,045,87422,2,0,0,0,0
2020-03-14,Merced,047,269075,3,0,0,0,0
2020-03-14,Modoc,049,8938,0,0,0,0,0
2020-03-14,Mono,051,14174,5,0,0,0,0
2020-03-14,Monterey,053,433212,13,0,0,0,0
2020-03-14,Napa,055,140530,5,0,0,0,0
2020-03-14,Nevada,057,99092,8,0,1,1,0
2020-03-14,Orange,059,3164182,311,14,0,14,0
2020-03-14,Placer,061,380077,29,6,0,6,1
2020-03-14,Plumas,063,18699,0,0,0,0,0
2020-03-14,Riverside,065,2383286,147,10,2,12,0
2020-03-14,Sacramento,067,1510023,151,31,0,31,1
2020-03-14,San Benito,069,59416,8,2,0,2,0
2020-03-14,San Bernardino,071,2135413,101,0,0,0,0
2020-03-14,San Diego,073,3302833,363,10,0,10,0
2020-03-14,San Francisco,075,870044,184,29,0,29,0
2020-03-14,San Joaquin,077,732212,54,6,3,9,0
2020-03-14,San Luis Obispo,079,281455,40,0,0,0,0
2020-03-14,San Mateo,081,765935,212,27,1,28,0
2020-03-14,Santa Barbara,083,443738,41,0,0,0,0
2020-03-14,Santa Clara,085,1922200,522,62,1,63,2
2020-03-14,Santa Cruz,087,273765,33,8,0,8,0
2020-03-14,Shasta,089,179085,4,1,0,1,0
2020-03-14,Sierra,091,2930,0,0,0,0,0
2020-03-14,Siskiyou,093,43540,1,0,0,0,0
2020-03-14,Solano,095,438530,40,26,0,26,0
2020-03-14,Sonoma,097,501317,41,2,0,2,0
2020-03-14,Stanislaus,099,539301,23,2,2,4,0
2020-03-14,Sutter,101,95872,2,0,0,0,0
2020-03-14,Tehama,103,63373,0,0,0,0,0
2020-03-14,Trinity,105,12862,0,0,0,0,0
2020-03-14,Tulare,107,460477,14,2,2,4,0
2020-03-14,Tuolumne,109,53932,1,0,0,0,0
2020-03-14,Ventura,111,848112,68,5,0,5,0
2020-03-14,Yolo,113,214977,15,2,0,2,0
2020-03-14,Yuba,115,75493,1,0,0,0,0
2020-03-13,Alameda,001,1643700,175,12,0,12,0
2020-03-13,Alpine,003,1148,0,0,0,0,0
2020-03-13,Amador,005,37829,1,0,0,0,0
2020-03-13,Butte,007,227075,0,0,0,0,0
2020-03-13,Calaveras,009,45235,2,2,0,2,0
2020-03-13,Colusa,011,21464,0,0,0,0,0
2020-03-13,Contra Costa,013,1133247,125,22,0,22,0
2020-03-13,Del Norte,015,27424,0,0,0,0,0
2020-03-13,El Dorado,017,186661,11,0,0,0,0
2020-03-13,Fresno,019,978130,20,1,1,2,0
2020-03-13,Glenn,021,27897,0,0,0,0,0
2020-03-13,Humboldt,023,135768,7,1,0,1,0
2020-03-13,Imperial,025,180216,12,2,0,2,0
2020-03-13,Inyo,027,18085,0,0,0,0,0
2020-03-13,Kern,029,883053,27,0,0,0,0
2020-03-13,Kings,031,150075,6,0,1,1,0
2020-03-13,Lake,033,64148,0,0,0,0,0
2020-03-13,Lassen,035,31185,0,0,0,0,0
2020-03-13,Los Angeles,037,10098052,1022,30,11,41,0
2020-03-13,Madera,039,155013,18,1,0,1,0
2020-03-13,Marin,041,260295,34,3,0,3,0
2020-03-13,Mariposa,043,17540,0,0,0,0,0
2020-03-13,Mendocino,045,87422,2,0,0,0,0
2020-03-13,Merced,047,269075,2,0,0,0,0
2020-03-13,Modoc,049,8938,0,0,0,0,0
2020-03-13,Mono,051,14174,3,0,0,0,0
2020-03-13,Monterey,053,433212,8,0,0,0,0
2020-03-13,Napa,055,140530,3,0,0,0,0
2020-03-13,Nevada,057,99092,7,0,1,1,0
2020-03-13,Orange,059,3164182,273,10,0,10,0
2020-03-13,Placer,061,380077,26,6,0,6,1
2020-03-13,Plumas,063,18699,0,0,0,0,0
2020-03-13,Riverside,065,2383286,121,5,2,7,0
2020-03-13,Sacramento,067,1510023,130,18,0,18,1
2020-03-13,San Benito,069,59416,6,2,0,2,0
2020-03-13,San Bernardino,071,2135413,94,0,0,0,0
2020-03-13,San Diego,073,3302833,313,8,0,8,0
2020-03-13,San Francisco,075,870044,170,28,0,28,0
2020-03-13,San Joaquin,077,732212,50,6,3,9,0
2020-03-13,San Luis Obispo,079,281455,32,0,0,0,0
2020-03-13,San Mateo,081,765935,191,24,1,25,0
2020-03-13,Santa Barbara,083,443738,37,0,0,0,0
2020-03-13,Santa Clara,085,1922200,460,59,1,60,1
2020-03-13,Santa Cruz,087,273765,32,7,0,7,0
2020-03-13,Shasta,089,179085,3,1,0,1,0
2020-03-13,Sierra,091,2930,0,0,0,0,0
2020-03-13,Siskiyou,093,43540,0,0,0,0,0
2020-03-13,Solano,095,438530,39,26,0,26,0
2020-03-13,Sonoma,097,501317,40,2,0,2,0
2020-03-13,Stanislaus,099,539301,18,2,2,4,0
2020-03-13,Sutter,101,95872,2,0,0,0,0
2020-03-13,Tehama,103,63373,0,0,0,0,0
2020-03-13,Trinity,105,12862,0,0,0,0,0
2020-03-13,Tulare,107,460477,11,2,2,4,0
2020-03-13,Tuolumne,109,53932,1,0,0,0,0
2020-03-13,Ventura,111,848112,54,5,0,5,0
2020-03-13,Yolo,113,214977,15,1,0,1,0
2020-03-13,Yuba,115,75493,1,0,0,0,0
2020-03-12,Alameda,001,1643700,150,9,0,9,0
2020-03-12,Alpine,003,1148,0,0,0,0,0
2020-03-12,Amador,005,37829,1,0,0,0,0
2020-03-12,Butte,007,227075,0,0,0,0,0
2020-03-12,Calaveras,009,45235,2,2,0,2,0
2020-03-12,Colusa,011,21464,0,0,0,0,0
2020-03-12,Contra Costa,013,1133247,108,18,0,18,0
2020-03-12,Del Norte,015,27424,0,0,0,0,0
2020-03-12,El Dorado,017,186661,9,0,0,0,0
2020-03-12,Fresno,019,978130,11,1,1,2,0
2020-03-12,Glenn,021,27897,0,0,0,0,0
2020-03-12,Humboldt,023,135768,6,1,0,1,0
2020-03-12,Imperial,025,180216,11,2,0,2,0
2020-03-12,Inyo,027,18085,0,0,0,0,0
2020-03-12,Kern,029,883053,18,0,0,0,0
2020-03-12,Kings,031,150075,5,0,1,1,0
2020-03-12,Lake,033,64148,0,0,0,0,0
2020-03-12,Lassen,035,31185,0,0,0,0,0
2020-03-12,Los Angeles,037,10098052,863,30,11,41,0
2020-03-12,Madera,039,155013,15,1,0,1,0
2020-03-12,Marin,041,260295,24,1,0,1,0
2020-03-12,Mariposa,043,17540,0,0,0,0,0
2020-03-12,Mendocino,045,87422,2,0,0,0,0
2020-03-12,Merced,047,269075,2,0,0,0,0
2020-03-12,Modoc,049,8938,0,0,0,0,0
2020-03-12,Mono,051,14174,3,0,0,0,0
2020-03-12,Monterey,053,433212,6,0,0,0,0
2020-03-12,Napa,055,140530,3,0,0,0,0
2020-03-12,Nevada,057,99092,4,0,1,1,0
2020-03-12,Orange,059,3164182,237,7,0,7,0
2020-03-12,Placer,061,380077,22,6,0,6,1
2020-03-12,Plumas,063,18699,0,0,0,0,0
2020-03-12,Riverside,065,2383286,98,5,1,6,0
2020-03-12,Sacramento,067,1510023,106,17,0,17,1
2020-03-12,San Benito,069,59416,5,2,0,2,0
2020-03-12,San Bernardino,071,2135413,78,0,0,0,0
2020-03-12,San Diego,073,3302833,258,9,0,9,0
2020-03-12,San Francisco,075,870044,147,20,0,20,0
2020-03-12,San Joaquin,077,732212,44,3,3,6,1
2020-03-12,San Luis Obispo,079,281455,25,0,0,0,0
2020-03-12,San Mateo,081,765935,157,21,1,22,0
2020-03-12,Santa Barbara,083,443738,25,0,0,0,0
2020-03-12,Santa Clara,085,1922200,402,51,1,52,1
2020-03-12,Santa Cruz,087,273765,29,5,0,5,0
2020-03-12,Shasta,089,179085,2,1,0,1,0
2020-03-12,Sierra,091,2930,0,0,0,0,0
2020-03-12,Siskiyou,093,43540,0,0,0,0,0
2020-03-12,Solano,095,438530,34,26,0,26,0
2020-03-12,Sonoma,097,501317,34,2,0,2,0
2020-03-12,Stanislaus,099,539301,16,2,2,4,0
2020-03-12,Sutter,101,95872,0,0,0,0,0
2020-03-12,Tehama,103,63373,0,0,0,0,0
2020-03-12,Trinity,105,12862,0,0,0,0,0
2020-03-12,Tulare,107,460477,11,1,1,2,0
2020-03-12,Tuolumne,109,53932,1,0,0,0,0
2020-03-12,Ventura,111,848112,45,3,0,3,0
2020-03-12,Yolo,113,214977,14,1,0,1,0
2020-03-12,Yuba,115,75493,1,0,0,0,0
2020-03-11,Alameda,001,1643700,118,5,0,5,0
2020-03-11,Alpine,003,1148,0,0,0,0,0
2020-03-11,Amador,005,37829,1,0,0,0,0
2020-03-11,Butte,007,227075,0,0,0,0,0
2020-03-11,Calaveras,009,45235,2,2,0,2,0
2020-03-11,Colusa,011,21464,0,0,0,0,0
2020-03-11,Contra Costa,013,1133247,93,16,0,16,0
2020-03-11,Del Norte,015,27424,0,0,0,0,0
2020-03-11,El Dorado,017,186661,8,0,0,0,0
2020-03-11,Fresno,019,978130,8,1,1,2,0
2020-03-11,Glenn,021,27897,0,0,0,0,0
2020-03-11,Humboldt,023,135768,6,1,0,1,0
2020-03-11,Imperial,025,180216,9,0,0,0,0
2020-03-11,Inyo,027,18085,0,0,0,0,0
2020-03-11,Kern,029,883053,16,0,0,0,0
2020-03-11,Kings,031,150075,4,0,1,1,0
2020-03-11,Lake,033,64148,0,0,0,0,0
2020-03-11,Lassen,035,31185,0,0,0,0,0
2020-03-11,Los Angeles,037,10098052,695,21,11,32,0
2020-03-11,Madera,039,155013,13,1,0,1,0
2020-03-11,Marin,041,260295,17,1,0,1,0
2020-03-11,Mariposa,043,17540,0,0,0,0,0
2020-03-11,Mendocino,045,87422,1,0,0,0,0
2020-03-11,Merced,047,269075,2,0,0,0,0
2020-03-11,Modoc,049,8938,0,0,0,0,0
2020-03-11,Mono,051,14174,3,0,0,0,0
2020-03-11,Monterey,053,433212,5,0,0,0,0
2020-03-11,Napa,055,140530,2,0,0,0,0
2020-03-11,Nevada,057,99092,4,0,1,1,0
2020-03-11,Orange,059,3164182,205,6,0,6,0
2020-03-11,Placer,061,380077,18,6,0,6,1
2020-03-11,Plumas,063,18699,0,0,0,0,0
2020-03-11,Riverside,065,2383286,75,4,1,5,0
2020-03-11,Sacramento,067,1510023,88,9,0,9,1
2020-03-11,San Benito,069,59416,5,2,0,2,0
2020-03-11,San Bernardino,071,2135413,71,0,0,0,0
2020-03-11,San Diego,073,3302833,208,4,0,4,0
2020-03-11,San Francisco,075,870044,122,17,0,17,0
2020-03-11,San Joaquin,077,732212,33,1,3,4,0
2020-03-11,San Luis Obispo,079,281455,22,0,0,0,0
2020-03-11,San Mateo,081,765935,139,16,0,16,0
2020-03-11,Santa Barbara,083,443738,15,0,0,0,0
2020-03-11,Santa Clara,085,1922200,362,48,1,49,1
2020-03-11,Santa Cruz,087,273765,26,2,0,2,0
2020-03-11,Shasta,089,179085,2,1,0,1,0
2020-03-11,Sierra,091,2930,0,0,0,0,0
2020-03-11,Siskiyou,093,43540,0,0,0,0,0
2020-03-11,Solano,095,438530,29,26,0,26,0
2020-03-11,Sonoma,097,501317,30,2,0,2,0
2020-03-11,Stanislaus,099,539301,16,2,2,4,0
2020-03-11,Sutter,101,95872,0,0,0,0,0
2020-03-11,Tehama,103,63373,0,0,0,0,0
2020-03-11,Trinity,105,12862,0,0,0,0,0
2020-03-11,Tulare,107,460477,10,0,1,1,0
2020-03-11,Tuolumne,109,53932,1,0,0,0,0
2020-03-11,Ventura,111,848112,37,3,0,3,0
2020-03-11,Yolo,113,214977,10,1,0,1,0
2020-03-11,Yuba,115,75493,1,0,0,0,0
2020-03-10,Alameda,001,1643700,98,4,0,4,0
2020-03-10,Alpine,003,1148,0,0,0,0,0
2020-03-10,Amador,005,37829,1,0,0,0,0
2020-03-10,Butte,007,227075,0,0,0,0,0
2020-03-10,Calaveras,009,45235,2,2,0,2,0
2020-03-10,Colusa,011,21464,0,0,0,0,0
2020-03-10,Contra Costa,013,1133247,84,11,0,11,0
2020-03-10,Del Norte,015,27424,0,0,0,0,0
2020-03-10,El Dorado,017,186661,7,0,0,0,0
2020-03-10,Fresno,019,978130,6,1,1,2,0
2020-03-10,Glenn,021,27897,0,0,0,0,0
2020-03-10,Humboldt,023,135768,6,1,0,1,0
2020-03-10,Imperial,025,180216,8,0,0,0,0
2020-03-10,Inyo,027,18085,0,0,0,0,0
2020-03-10,Kern,029,883053,11,0,0,0,0
2020-03-10,Kings,031,150075,3,0,1,1,0
2020-03-10,Lake,033,64148,0,0,0,0,0
2020-03-10,Lassen,035,31185,0,0,0,0,0
2020-03-10,Los Angeles,037,10098052,559,20,11,31,0
2020-03-10,Madera,039,155013,7,1,0,1,0
2020-03-10,Marin,041,260295,16,1,0,1,0
2020-03-10,Mariposa,043,17540,0,0,0,0,0
2020-03-10,Mendocino,045,87422,0,0,0,0,0
2020-03-10,Merced,047,269075,2,0,0,0,0
2020-03-10,Modoc,049,8938,0,0,0,0,0
2020-03-10,Mono,051,14174,3,0,0,0,0
2020-03-10,Monterey,053,433212,3,0,0,0,0
2020-03-10,Napa,055,140530,2,0,0,0,0
2020-03-10,Nevada,057,99092,3,0,1,1,0
2020-03-10,Orange,059,3164182,185,5,0,5,1
2020-03-10,Placer,061,380077,14,7,0,7,1
2020-03-10,Plumas,063,18699,0,0,0,0,0
2020-03-10,Riverside,065,2383286,56,4,1,5,0
2020-03-10,Sacramento,067,1510023,79,8,0,8,0
2020-03-10,San Benito,069,59416,5,2,0,2,0
2020-03-10,San Bernardino,071,2135413,63,0,0,0,0
2020-03-10,San Diego,073,3302833,165,3,0,3,0
2020-03-10,San Francisco,075,870044,91,16,0,16,0
2020-03-10,San Joaquin,077,732212,30,1,3,4,0
2020-03-10,San Luis Obispo,079,281455,15,0,0,0,0
2020-03-10,San Mateo,081,765935,123,11,0,11,0
2020-03-10,Santa Barbara,083,443738,11,0,0,0,0
2020-03-10,Santa Clara,085,1922200,315,45,1,46,1
2020-03-10,Santa Cruz,087,273765,22,2,0,2,0
2020-03-10,Shasta,089,179085,2,1,0,1,0
2020-03-10,Sierra,091,2930,0,0,0,0,0
2020-03-10,Siskiyou,093,43540,0,0,0,0,0
2020-03-10,Solano,095,438530,27,26,0,26,0
2020-03-10,Sonoma,097,501317,27,2,0,2,0
2020-03-10,Stanislaus,099,539301,12,0,2,2,0
2020-03-10,Sutter,101,95872,0,0,0,0,0
2020-03-10,Tehama,103,63373,0,0,0,0,0
2020-03-10,Trinity,105,12862,0,0,0,0,0
2020-03-10,Tulare,107,460477,9,0,1,1,0
2020-03-10,Tuolumne,109,53932,1,0,0,0,0
2020-03-10,Ventura,111,848112,29,1,0,1,0
2020-03-10,Yolo,113,214977,7,2,0,2,0
2020-03-10,Yuba,115,75493,1,0,0,0,0
2020-03-09,Alameda,001,1643700,71,4,0,4,0
2020-03-09,Alpine,003,1148,0,0,0,0,0
2020-03-09,Amador,005,37829,0,0,0,0,0
2020-03-09,Butte,007,227075,0,0,0,0,0
2020-03-09,Calaveras,009,45235,2,0,0,0,0
2020-03-09,Colusa,011,21464,0,0,0,0,0
2020-03-09,Contra Costa,013,1133247,72,9,0,9,0
2020-03-09,Del Norte,015,27424,0,0,0,0,0
2020-03-09,El Dorado,017,186661,5,0,0,0,0
2020-03-09,Fresno,019,978130,6,1,1,2,0
2020-03-09,Glenn,021,27897,0,0,0,0,0
2020-03-09,Humboldt,023,135768,5,1,0,1,0
2020-03-09,Imperial,025,180216,8,0,0,0,0
2020-03-09,Inyo,027,18085,0,0,0,0,0
2020-03-09,Kern,029,883053,8,0,0,0,0
2020-03-09,Kings,031,150075,2,0,1,1,0
2020-03-09,Lake,033,64148,0,0,0,0,0
2020-03-09,Lassen,035,31185,0,0,0,0,0
2020-03-09,Los Angeles,037,10098052,457,17,10,27,0
2020-03-09,Madera,039,155013,7,1,0,1,0
2020-03-09,Marin,041,260295,15,1,0,1,0
2020-03-09,Mariposa,043,17540,0,0,0,0,0
2020-03-09,Mendocino,045,87422,0,0,0,0,0
2020-03-09,Merced,047,269075,2,0,0,0,0
2020-03-09,Modoc,049,8938,0,0,0,0,0
2020-03-09,Mono,051,14174,3,0,0,0,0
2020-03-09,Monterey,053,433212,1,0,0,0,0
2020-03-09,Napa,055,140530,2,0,0,0,0
2020-03-09,Nevada,057,99092,2,0,1,1,0
2020-03-09,Orange,059,3164182,157,4,0,4,0
2020-03-09,Placer,061,380077,12,7,0,7,1
2020-03-09,Plumas,063,18699,0,0,0,0,0
2020-03-09,Riverside,065,2383286,47,4,1,5,0
2020-03-09,Sacramento,067,1510023,75,8,0,8,0
2020-03-09,San Benito,069,59416,3,2,0,2,0
2020-03-09,San Bernardino,071,2135413,52,0,0,0,0
2020-03-09,San Diego,073,3302833,126,2,0,2,0
2020-03-09,San Francisco,075,870044,71,14,0,14,0
2020-03-09,San Joaquin,077,732212,21,0,3,3,0
2020-03-09,San Luis Obispo,079,281455,15,0,0,0,0
2020-03-09,San Mateo,081,765935,109,6,0,6,0
2020-03-09,Santa Barbara,083,443738,9,0,0,0,0
2020-03-09,Santa Clara,085,1922200,271,42,1,43,1
2020-03-09,Santa Cruz,087,273765,19,2,0,2,0
2020-03-09,Shasta,089,179085,2,1,0,1,0
2020-03-09,Sierra,091,2930,0,0,0,0,0
2020-03-09,Siskiyou,093,43540,0,0,0,0,0
2020-03-09,Solano,095,438530,25,26,0,26,0
2020-03-09,Sonoma,097,501317,22,2,0,2,0
2020-03-09,Stanislaus,099,539301,12,0,2,2,0
2020-03-09,Sutter,101,95872,0,0,0,0,0
2020-03-09,Tehama,103,63373,0,0,0,0,0
2020-03-09,Trinity,105,12862,0,0,0,0,0
2020-03-09,Tulare,107,460477,9,0,1,1,0
2020-03-09,Tuolumne,109,53932,1,0,0,0,0
2020-03-09,Ventura,111,848112,25,1,0,1,0
2020-03-09,Yolo,113,214977,6,2,0,2,0
2020-03-09,Yuba,115,75493,0,0,0,0,0
2020-03-08,Alameda,001,1643700,46,4,0,4,0
2020-03-08,Alpine,003,1148,0,0,0,0,0
2020-03-08,Amador,005,37829,0,0,0,0,0
2020-03-08,Butte,007,227075,0,0,0,0,0
2020-03-08,Calaveras,009,45235,2,0,0,0,0
2020-03-08,Colusa,011,21464,0,0,0,0,0
2020-03-08,Contra Costa,013,1133247,58,9,0,9,0
2020-03-08,Del Norte,015,27424,0,0,0,0,0
2020-03-08,El Dorado,017,186661,5,0,0,0,0
2020-03-08,Fresno,019,978130,4,1,1,2,0
2020-03-08,Glenn,021,27897,0,0,0,0,0
2020-03-08,Humboldt,023,135768,5,1,0,1,0
2020-03-08,Imperial,025,180216,8,0,0,0,0
2020-03-08,Inyo,027,18085,0,0,0,0,0
2020-03-08,Kern,029,883053,8,0,0,0,0
2020-03-08,Kings,031,150075,1,0,1,1,0
2020-03-08,Lake,033,64148,0,0,0,0,0
2020-03-08,Lassen,035,31185,0,0,0,0,0
2020-03-08,Los Angeles,037,10098052,364,14,10,24,0
2020-03-08,Madera,039,155013,7,1,0,1,0
2020-03-08,Marin,041,260295,13,1,0,1,0
2020-03-08,Mariposa,043,17540,0,0,0,0,0
2020-03-08,Mendocino,045,87422,0,0,0,0,0
2020-03-08,Merced,047,269075,2,0,0,0,0
2020-03-08,Modoc,049,8938,0,0,0,0,0
2020-03-08,Mono,051,14174,3,0,0,0,0
2020-03-08,Monterey,053,433212,1,0,0,0,0
2020-03-08,Napa,055,140530,2,0,0,0,0
2020-03-08,Nevada,057,99092,1,0,1,1,0
2020-03-08,Orange,059,3164182,132,4,0,4,0
2020-03-08,Placer,061,380077,11,7,0,7,1
2020-03-08,Plumas,063,18699,0,0,0,0,0
2020-03-08,Riverside,065,2383286,40,1,1,2,0
2020-03-08,Sacramento,067,1510023,65,5,0,5,0
2020-03-08,San Benito,069,59416,3,2,0,2,0
2020-03-08,San Bernardino,071,2135413,41,0,0,0,0
2020-03-08,San Diego,073,3302833,92,2,0,2,0
2020-03-08,San Francisco,075,870044,52,9,0,9,0
2020-03-08,San Joaquin,077,732212,18,0,3,3,0
2020-03-08,San Luis Obispo,079,281455,9,0,0,0,0
2020-03-08,San Mateo,081,765935,96,4,0,4,0
2020-03-08,Santa Barbara,083,443738,6,0,0,0,0
2020-03-08,Santa Clara,085,1922200,230,36,1,37,0
2020-03-08,Santa Cruz,087,273765,17,1,0,1,0
2020-03-08,Shasta,089,179085,2,0,0,0,0
2020-03-08,Sierra,091,2930,0,0,0,0,0
2020-03-08,Siskiyou,093,43540,0,0,0,0,0
2020-03-08,Solano,095,438530,24,26,0,26,0
2020-03-08,Sonoma,097,501317,17,2,0,2,0
2020-03-08,Stanislaus,099,539301,11,0,2,2,0
2020-03-08,Sutter,101,95872,0,0,0,0,0
2020-03-08,Tehama,103,63373,0,0,0,0,0
2020-03-08,Trinity,105,12862,0,0,0,0,0
2020-03-08,Tulare,107,460477,9,0,0,0,0
2020-03-08,Tuolumne,109,53932,1,0,0,0,0
2020-03-08,Ventura,111,848112,21,1,0,1,0
2020-03-08,Yolo,113,214977,3,2,0,2,0
2020-03-08,Yuba,115,75493,0,0,0,0,0
2020-03-07,Alameda,001,1643700,41,3,0,3,0
2020-03-07,Alpine,003,1148,0,0,0,0,0
2020-03-07,Amador,005,37829,0,0,0,0,0
2020-03-07,Butte,007,227075,0,0,0,0,0
2020-03-07,Calaveras,009,45235,2,0,0,0,0
2020-03-07,Colusa,011,21464,0,0,0,0,0
2020-03-07,Contra Costa,013,1133247,55,4,0,4,0
2020-03-07,Del Norte,015,27424,0,0,0,0,0
2020-03-07,El Dorado,017,186661,4,0,0,0,0
2020-03-07,Fresno,019,978130,3,1,1,2,0
2020-03-07,Glenn,021,27897,0,0,0,0,0
2020-03-07,Humboldt,023,135768,5,1,0,1,0
2020-03-07,Imperial,025,180216,7,0,0,0,0
2020-03-07,Inyo,027,18085,0,0,0,0,0
2020-03-07,Kern,029,883053,7,0,0,0,0
2020-03-07,Kings,031,150075,1,0,1,1,0
2020-03-07,Lake,033,64148,0,0,0,0,0
2020-03-07,Lassen,035,31185,0,0,0,0,0
2020-03-07,Los Angeles,037,10098052,314,14,10,24,0
2020-03-07,Madera,039,155013,6,1,0,1,0
2020-03-07,Marin,041,260295,11,0,0,0,0
2020-03-07,Mariposa,043,17540,0,0,0,0,0
2020-03-07,Mendocino,045,87422,0,0,0,0,0
2020-03-07,Merced,047,269075,2,0,0,0,0
2020-03-07,Modoc,049,8938,0,0,0,0,0
2020-03-07,Mono,051,14174,3,0,0,0,0
2020-03-07,Monterey,053,433212,1,0,0,0,0
2020-03-07,Napa,055,140530,1,0,0,0,0
2020-03-07,Nevada,057,99092,1,0,1,1,0
2020-03-07,Orange,059,3164182,124,4,0,4,0
2020-03-07,Placer,061,380077,11,6,0,6,1
2020-03-07,Plumas,063,18699,0,0,0,0,0
2020-03-07,Riverside,065,2383286,30,0,1,1,0
2020-03-07,Sacramento,067,1510023,52,4,0,4,0
2020-03-07,San Benito,069,59416,3,2,0,2,0
2020-03-07,San Bernardino,071,2135413,39,0,0,0,0
2020-03-07,San Diego,073,3302833,74,2,0,2,0
2020-03-07,San Francisco,075,870044,46,9,0,9,0
2020-03-07,San Joaquin,077,732212,16,0,3,3,0
2020-03-07,San Luis Obispo,079,281455,6,0,0,0,0
2020-03-07,San Mateo,081,765935,86,1,0,1,0
2020-03-07,Santa Barbara,083,443738,5,0,0,0,0
2020-03-07,Santa Clara,085,1922200,201,31,1,32,0
2020-03-07,Santa Cruz,087,273765,17,1,0,1,0
2020-03-07,Shasta,089,179085,2,0,0,0,0
2020-03-07,Sierra,091,2930,0,0,0,0,0
2020-03-07,Siskiyou,093,43540,0,0,0,0,0
2020-03-07,Solano,095,438530,23,25,0,25,0
2020-03-07,Sonoma,097,501317,13,2,0,2,0
2020-03-07,Stanislaus,099,539301,10,0,2,2,0
2020-03-07,Sutter,101,95872,0,0,0,0,0
2020-03-07,Tehama,103,63373,0,0,0,0,0
2020-03-07,Trinity,105,12862,0,0,0,0,0
2020-03-07,Tulare,107,460477,6,0,0,0,0
2020-03-07,Tuolumne,109,53932,1,0,0,0,0
2020-03-07,Ventura,111,848112,18,1,0,1,0
2020-03-07,Yolo,113,214977,3,2,0,2,0
2020-03-07,Yuba,115,75493,0,0,0,0,0
2020-03-06,Alameda,001,1643700,39,3,0,3,0
2020-03-06,Alpine,003,1148,0,0,0,0,0
2020-03-06,Amador,005,37829,0,0,0,0,0
2020-03-06,Butte,007,227075,0,0,0,0,0
2020-03-06,Calaveras,009,45235,2,0,0,0,0
2020-03-06,Colusa,011,21464,0,0,0,0,0
2020-03-06,Contra Costa,013,1133247,46,4,0,4,0
2020-03-06,Del Norte,015,27424,0,0,0,0,0
2020-03-06,El Dorado,017,186661,3,0,0,0,0
2020-03-06,Fresno,019,978130,2,0,1,1,0
2020-03-06,Glenn,021,27897,0,0,0,0,0
2020-03-06,Humboldt,023,135768,4,1,0,1,0
2020-03-06,Imperial,025,180216,6,0,0,0,0
2020-03-06,Inyo,027,18085,0,0,0,0,0
2020-03-06,Kern,029,883053,6,0,0,0,0
2020-03-06,Kings,031,150075,1,0,1,1,0
2020-03-06,Lake,033,64148,0,0,0,0,0
2020-03-06,Lassen,035,31185,0,0,0,0,0
2020-03-06,Los Angeles,037,10098052,271,13,10,23,0
2020-03-06,Madera,039,155013,5,0,0,0,0
2020-03-06,Marin,041,260295,10,0,0,0,0
2020-03-06,Mariposa,043,17540,0,0,0,0,0
2020-03-06,Mendocino,045,87422,0,0,0,0,0
2020-03-06,Merced,047,269075,2,0,0,0,0
2020-03-06,Modoc,049,8938,0,0,0,0,0
2020-03-06,Mono,051,14174,1,0,0,0,0
2020-03-06,Monterey,053,433212,1,0,0,0,0
2020-03-06,Napa,055,140530,1,0,0,0,0
2020-03-06,Nevada,057,99092,1,0,1,1,0
2020-03-06,Orange,059,3164182,98,4,0,4,0
2020-03-06,Placer,061,380077,10,5,0,5,1
2020-03-06,Plumas,063,18699,0,0,0,0,0
2020-03-06,Riverside,065,2383286,30,0,1,1,0
2020-03-06,Sacramento,067,1510023,43,2,0,2,0
2020-03-06,San Benito,069,59416,3,2,0,2,0
2020-03-06,San Bernardino,071,2135413,37,0,0,0,0
2020-03-06,San Diego,073,3302833,61,2,0,2,0
2020-03-06,San Francisco,075,870044,40,2,0,2,0
2020-03-06,San Joaquin,077,732212,13,0,3,3,0
2020-03-06,San Luis Obispo,079,281455,4,0,0,0,0
2020-03-06,San Mateo,081,765935,78,1,0,1,0
2020-03-06,Santa Barbara,083,443738,3,0,0,0,0
2020-03-06,Santa Clara,085,1922200,183,20,1,21,0
2020-03-06,Santa Cruz,087,273765,15,0,0,0,0
2020-03-06,Shasta,089,179085,2,0,0,0,0
2020-03-06,Sierra,091,2930,0,0,0,0,0
2020-03-06,Siskiyou,093,43540,0,0,0,0,0
2020-03-06,Solano,095,438530,22,25,0,25,0
2020-03-06,Sonoma,097,501317,13,2,0,2,0
2020-03-06,Stanislaus,099,539301,6,0,2,2,0
2020-03-06,Sutter,101,95872,0,0,0,0,0
2020-03-06,Tehama,103,63373,0,0,0,0,0
2020-03-06,Trinity,105,12862,0,0,0,0,0
2020-03-06,Tulare,107,460477,6,0,0,0,0
2020-03-06,Tuolumne,109,53932,1,0,0,0,0
2020-03-06,Ventura,111,848112,15,1,0,1,0
2020-03-06,Yolo,113,214977,3,1,0,1,0
2020-03-06,Yuba,115,75493,0,0,0,0,0
2020-03-05,Alameda,001,1643700,34,2,0,2,0
2020-03-05,Alpine,003,1148,0,0,0,0,0
2020-03-05,Amador,005,37829,0,0,0,0,0
2020-03-05,Butte,007,227075,0,0,0,0,0
2020-03-05,Calaveras,009,45235,2,0,0,0,0
2020-03-05,Colusa,011,21464,0,0,0,0,0
2020-03-05,Contra Costa,013,1133247,39,1,0,1,0
2020-03-05,Del Norte,015,27424,0,0,0,0,0
2020-03-05,El Dorado,017,186661,1,0,0,0,0
2020-03-05,Fresno,019,978130,2,0,1,1,0
2020-03-05,Glenn,021,27897,0,0,0,0,0
2020-03-05,Humboldt,023,135768,4,1,0,1,0
2020-03-05,Imperial,025,180216,5,0,0,0,0
2020-03-05,Inyo,027,18085,0,0,0,0,0
2020-03-05,Kern,029,883053,6,0,0,0,0
2020-03-05,Kings,031,150075,1,0,1,1,0
2020-03-05,Lake,033,64148,0,0,0,0,0
2020-03-05,Lassen,035,31185,0,0,0,0,0
2020-03-05,Los Angeles,037,10098052,224,11,10,21,0
2020-03-05,Madera,039,155013,5,0,0,0,0
2020-03-05,Marin,041,260295,10,0,0,0,0
2020-03-05,Mariposa,043,17540,0,0,0,0,0
2020-03-05,Mendocino,045,87422,0,0,0,0,0
2020-03-05,Merced,047,269075,2,0,0,0,0
2020-03-05,Modoc,049,8938,0,0,0,0,0
2020-03-05,Mono,051,14174,1,0,0,0,0
2020-03-05,Monterey,053,433212,1,0,0,0,0
2020-03-05,Napa,055,140530,1,0,0,0,0
2020-03-05,Nevada,057,99092,0,0,1,1,0
2020-03-05,Orange,059,3164182,83,3,0,3,0
2020-03-05,Placer,061,380077,10,2,0,2,1
2020-03-05,Plumas,063,18699,0,0,0,0,0
2020-03-05,Riverside,065,2383286,27,0,1,1,0
2020-03-05,Sacramento,067,1510023,37,2,0,2,0
2020-03-05,San Benito,069,59416,1,2,0,2,0
2020-03-05,San Bernardino,071,2135413,32,0,0,0,0
2020-03-05,San Diego,073,3302833,54,2,0,2,0
2020-03-05,San Francisco,075,870044,30,2,0,2,0
2020-03-05,San Joaquin,077,732212,10,0,3,3,0
2020-03-05,San Luis Obispo,079,281455,4,0,0,0,0
2020-03-05,San Mateo,081,765935,65,1,0,1,0
2020-03-05,Santa Barbara,083,443738,2,0,0,0,0
2020-03-05,Santa Clara,085,1922200,162,14,1,15,0
2020-03-05,Santa Cruz,087,273765,13,0,0,0,0
2020-03-05,Shasta,089,179085,2,0,0,0,0
2020-03-05,Sierra,091,2930,0,0,0,0,0
2020-03-05,Siskiyou,093,43540,0,0,0,0,0
2020-03-05,Solano,095,438530,22,24,0,24,0
2020-03-05,Sonoma,097,501317,12,2,0,2,0
2020-03-05,Stanislaus,099,539301,5,0,2,2,0
2020-03-05,Sutter,101,95872,0,0,0,0,0
2020-03-05,Tehama,103,63373,0,0,0,0,0
2020-03-05,Trinity,105,12862,0,0,0,0,0
2020-03-05,Tulare,107,460477,6,0,0,0,0
2020-03-05,Tuolumne,109,53932,1,0,0,0,0
2020-03-05,Ventura,111,848112,13,0,0,0,0
2020-03-05,Yolo,113,214977,3,0,0,0,0
2020-03-05,Yuba,115,75493,0,0,0,0,0
2020-03-04,Alameda,001,1643700,30,2,0,2,0
2020-03-04,Alpine,003,1148,0,0,0,0,0
2020-03-04,Amador,005,37829,0,0,0,0,0
2020-03-04,Butte,007,227075,0,0,0,0,0
2020-03-04,Calaveras,009,45235,0,0,0,0,0
2020-03-04,Colusa,011,21464,0,0,0,0,0
2020-03-04,Contra Costa,013,1133247,34,1,0,1,0
2020-03-04,Del Norte,015,27424,0,0,0,0,0
2020-03-04,El Dorado,017,186661,1,0,0,0,0
2020-03-04,Fresno,019,978130,2,0,1,1,0
2020-03-04,Glenn,021,27897,0,0,0,0,0
2020-03-04,Humboldt,023,135768,1,1,0,1,0
2020-03-04,Imperial,025,180216,5,0,0,0,0
2020-03-04,Inyo,027,18085,0,0,0,0,0
2020-03-04,Kern,029,883053,6,0,0,0,0
2020-03-04,Kings,031,150075,1,0,1,1,0
2020-03-04,Lake,033,64148,0,0,0,0,0
2020-03-04,Lassen,035,31185,0,0,0,0,0
2020-03-04,Los Angeles,037,10098052,189,7,10,17,0
2020-03-04,Madera,039,155013,5,0,0,0,0
2020-03-04,Marin,041,260295,10,0,0,0,0
2020-03-04,Mariposa,043,17540,0,0,0,0,0
2020-03-04,Mendocino,045,87422,0,0,0,0,0
2020-03-04,Merced,047,269075,2,0,0,0,0
2020-03-04,Modoc,049,8938,0,0,0,0,0
2020-03-04,Mono,051,14174,1,0,0,0,0
2020-03-04,Monterey,053,433212,1,0,0,0,0
2020-03-04,Napa,055,140530,1,0,0,0,0
2020-03-04,Nevada,057,99092,0,0,1,1,0
2020-03-04,Orange,059,3164182,80,3,0,3,0
2020-03-04,Placer,061,380077,9,2,0,2,1
2020-03-04,Plumas,063,18699,0,0,0,0,0
2020-03-04,Riverside,065,2383286,23,0,1,1,0
2020-03-04,Sacramento,067,1510023,32,1,0,1,0
2020-03-04,San Benito,069,59416,1,2,0,2,0
2020-03-04,San Bernardino,071,2135413,29,0,0,0,0
2020-03-04,San Diego,073,3302833,41,2,0,2,0
2020-03-04,San Francisco,075,870044,25,0,0,0,0
2020-03-04,San Joaquin,077,732212,9,0,3,3,0
2020-03-04,San Luis Obispo,079,281455,4,0,0,0,0
2020-03-04,San Mateo,081,765935,60,1,0,1,0
2020-03-04,Santa Barbara,083,443738,2,0,0,0,0
2020-03-04,Santa Clara,085,1922200,145,12,1,13,0
2020-03-04,Santa Cruz,087,273765,13,0,0,0,0
2020-03-04,Shasta,089,179085,2,0,0,0,0
2020-03-04,Sierra,091,2930,0,0,0,0,0
2020-03-04,Siskiyou,093,43540,0,0,0,0,0
2020-03-04,Solano,095,438530,21,24,0,24,0
2020-03-04,Sonoma,097,501317,11,2,0,2,0
2020-03-04,Stanislaus,099,539301,5,0,2,2,0
2020-03-04,Sutter,101,95872,0,0,0,0,0
2020-03-04,Tehama,103,63373,0,0,0,0,0
2020-03-04,Trinity,105,12862,0,0,0,0,0
2020-03-04,Tulare,107,460477,6,0,0,0,0
2020-03-04,Tuolumne,109,53932,0,0,0,0,0
2020-03-04,Ventura,111,848112,12,0,0,0,0
2020-03-04,Yolo,113,214977,3,0,0,0,0
2020-03-04,Yuba,115,75493,0,0,0,0,0
2020-03-03,Alameda,001,1643700,24,2,0,2,0
2020-03-03,Alpine,003,1148,0,0,0,0,0
2020-03-03,Amador,005,37829,0,0,0,0,0
2020-03-03,Butte,007,227075,0,0,0,0,0
2020-03-03,Calaveras,009,45235,0,0,0,0,0
2020-03-03,Colusa,011,21464,0,0,0,0,0
2020-03-03,Contra Costa,013,1133247,30,0,0,0,0
2020-03-03,Del Norte,015,27424,0,0,0,0,0
2020-03-03,El Dorado,017,186661,1,0,0,0,0
2020-03-03,Fresno,019,978130,1,0,1,1,0
2020-03-03,Glenn,021,27897,0,0,0,0,0
2020-03-03,Humboldt,023,135768,1,1,0,1,0
2020-03-03,Imperial,025,180216,5,0,0,0,0
2020-03-03,Inyo,027,18085,0,0,0,0,0
2020-03-03,Kern,029,883053,4,0,0,0,0
2020-03-03,Kings,031,150075,1,0,1,1,0
2020-03-03,Lake,033,64148,0,0,0,0,0
2020-03-03,Lassen,035,31185,0,0,0,0,0
2020-03-03,Los Angeles,037,10098052,170,5,10,15,0
2020-03-03,Madera,039,155013,4,0,0,0,0
2020-03-03,Marin,041,260295,6,0,0,0,0
2020-03-03,Mariposa,043,17540,0,0,0,0,0
2020-03-03,Mendocino,045,87422,0,0,0,0,0
2020-03-03,Merced,047,269075,2,0,0,0,0
2020-03-03,Modoc,049,8938,0,0,0,0,0
2020-03-03,Mono,051,14174,1,0,0,0,0
2020-03-03,Monterey,053,433212,0,0,0,0,0
2020-03-03,Napa,055,140530,1,0,0,0,0
2020-03-03,Nevada,057,99092,0,0,1,1,0
2020-03-03,Orange,059,3164182,72,1,0,1,0
2020-03-03,Placer,061,380077,8,2,0,2,0
2020-03-03,Plumas,063,18699,0,0,0,0,0
2020-03-03,Riverside,065,2383286,20,0,1,1,0
2020-03-03,Sacramento,067,1510023,31,1,0,1,0
2020-03-03,San Benito,069,59416,1,2,0,2,0
2020-03-03,San Bernardino,071,2135413,26,0,0,0,0
2020-03-03,San Diego,073,3302833,34,2,0,2,0
2020-03-03,San Francisco,075,870044,23,0,0,0,0
2020-03-03,San Joaquin,077,732212,8,0,3,3,0
2020-03-03,San Luis Obispo,079,281455,2,0,0,0,0
2020-03-03,San Mateo,081,765935,53,1,0,1,0
2020-03-03,Santa Barbara,083,443738,1,0,0,0,0
2020-03-03,Santa Clara,085,1922200,130,11,1,12,0
2020-03-03,Santa Cruz,087,273765,10,0,0,0,0
2020-03-03,Shasta,089,179085,2,0,0,0,0
2020-03-03,Sierra,091,2930,0,0,0,0,0
2020-03-03,Siskiyou,093,43540,0,0,0,0,0
2020-03-03,Solano,095,438530,20,24,0,24,0
2020-03-03,Sonoma,097,501317,11,1,0,1,0
2020-03-03,Stanislaus,099,539301,5,0,2,2,0
2020-03-03,Sutter,101,95872,0,0,0,0,0
2020-03-03,Tehama,103,63373,0,0,0,0,0
2020-03-03,Trinity,105,12862,0,0,0,0,0
2020-03-03,Tulare,107,460477,6,0,0,0,0
2020-03-03,Tuolumne,109,53932,0,0,0,0,0
2020-03-03,Ventura,111,848112,11,0,0,0,0
2020-03-03,Yolo,113,214977,2,0,0,0,0
2020-03-03,Yuba,115,75493,0,0,0,0,0
2020-03-02,Alameda,001,1643700,21,1,0,1,0
2020-03-02,Alpine,003,1148,0,0,0,0,0
2020-03-02,Amador,005,37829,0,0,0,0,0
2020-03-02,Butte,007,227075,0,0,0,0,0
2020-03-02,Calaveras,009,45235,0,0,0,0,0
2020-03-02,Colusa,011,21464,0,0,0,0,0
2020-03-02,Contra Costa,013,1133247,27,0,0,0,0
2020-03-02,Del Norte,015,27424,0,0,0,0,0
2020-03-02,El Dorado,017,186661,1,0,0,0,0
2020-03-02,Fresno,019,978130,1,0,1,1,0
2020-03-02,Glenn,021,27897,0,0,0,0,0
2020-03-02,Humboldt,023,135768,1,1,0,1,0
2020-03-02,Imperial,025,180216,5,0,0,0,0
2020-03-02,Inyo,027,18085,0,0,0,0,0
2020-03-02,Kern,029,883053,4,0,0,0,0
2020-03-02,Kings,031,150075,1,0,1,1,0
2020-03-02,Lake,033,64148,0,0,0,0,0
2020-03-02,Lassen,035,31185,0,0,0,0,0
2020-03-02,Los Angeles,037,10098052,155,1,10,11,0
2020-03-02,Madera,039,155013,4,0,0,0,0
2020-03-02,Marin,041,260295,6,0,0,0,0
2020-03-02,Mariposa,043,17540,0,0,0,0,0
2020-03-02,Mendocino,045,87422,0,0,0,0,0
2020-03-02,Merced,047,269075,1,0,0,0,0
2020-03-02,Modoc,049,8938,0,0,0,0,0
2020-03-02,Mono,051,14174,1,0,0,0,0
2020-03-02,Monterey,053,433212,0,0,0,0,0
2020-03-02,Napa,055,140530,1,0,0,0,0
2020-03-02,Nevada,057,99092,0,0,1,1,0
2020-03-02,Orange,059,3164182,67,1,0,1,0
2020-03-02,Placer,061,380077,8,1,0,1,0
2020-03-02,Plumas,063,18699,0,0,0,0,0
2020-03-02,Riverside,065,2383286,19,0,1,1,0
2020-03-02,Sacramento,067,1510023,25,1,0,1,0
2020-03-02,San Benito,069,59416,1,2,0,2,0
2020-03-02,San Bernardino,071,2135413,26,0,0,0,0
2020-03-02,San Diego,073,3302833,28,2,0,2,0
2020-03-02,San Francisco,075,870044,17,0,0,0,0
2020-03-02,San Joaquin,077,732212,7,0,3,3,0
2020-03-02,San Luis Obispo,079,281455,2,0,0,0,0
2020-03-02,San Mateo,081,765935,44,1,0,1,0
2020-03-02,Santa Barbara,083,443738,1,0,0,0,0
2020-03-02,Santa Clara,085,1922200,108,7,1,8,0
2020-03-02,Santa Cruz,087,273765,9,0,0,0,0
2020-03-02,Shasta,089,179085,2,0,0,0,0
2020-03-02,Sierra,091,2930,0,0,0,0,0
2020-03-02,Siskiyou,093,43540,0,0,0,0,0
2020-03-02,Solano,095,438530,19,24,0,24,0
2020-03-02,Sonoma,097,501317,10,1,0,1,0
2020-03-02,Stanislaus,099,539301,2,0,2,2,0
2020-03-02,Sutter,101,95872,0,0,0,0,0
2020-03-02,Tehama,103,63373,0,0,0,0,0
2020-03-02,Trinity,105,12862,0,0,0,0,0
2020-03-02,Tulare,107,460477,6,0,0,0,0
2020-03-02,Tuolumne,109,53932,0,0,0,0,0
2020-03-02,Ventura,111,848112,10,0,0,0,0
2020-03-02,Yolo,113,214977,2,0,0,0,0
2020-03-02,Yuba,115,75493,0,0,0,0,0
2020-03-01,Alameda,001,1643700,20,1,0,1,0
2020-03-01,Alpine,003,1148,0,0,0,0,0
2020-03-01,Amador,005,37829,0,0,0,0,0
2020-03-01,Butte,007,227075,0,0,0,0,0
2020-03-01,Calaveras,009,45235,0,0,0,0,0
2020-03-01,Colusa,011,21464,0,0,0,0,0
2020-03-01,Contra Costa,013,1133247,24,0,0,0,0
2020-03-01,Del Norte,015,27424,0,0,0,0,0
2020-03-01,El Dorado,017,186661,1,0,0,0,0
2020-03-01,Fresno,019,978130,0,0,1,1,0
2020-03-01,Glenn,021,27897,0,0,0,0,0
2020-03-01,Humboldt,023,135768,1,1,0,1,0
2020-03-01,Imperial,025,180216,5,0,0,0,0
2020-03-01,Inyo,027,18085,0,0,0,0,0
2020-03-01,Kern,029,883053,2,0,0,0,0
2020-03-01,Kings,031,150075,1,0,1,1,0
2020-03-01,Lake,033,64148,0,0,0,0,0
2020-03-01,Lassen,035,31185,0,0,0,0,0
2020-03-01,Los Angeles,037,10098052,136,1,10,11,0
2020-03-01,Madera,039,155013,2,0,0,0,0
2020-03-01,Marin,041,260295,5,0,0,0,0
2020-03-01,Mariposa,043,17540,0,0,0,0,0
2020-03-01,Mendocino,045,87422,0,0,0,0,0
2020-03-01,Merced,047,269075,1,0,0,0,0
2020-03-01,Modoc,049,8938,0,0,0,0,0
2020-03-01,Mono,051,14174,1,0,0,0,0
2020-03-01,Monterey,053,433212,0,0,0,0,0
2020-03-01,Napa,055,140530,1,0,0,0,0
2020-03-01,Nevada,057,99092,0,0,1,1,0
2020-03-01,Orange,059,3164182,64,1,0,1,0
2020-03-01,Placer,061,380077,8,0,0,0,0
2020-03-01,Plumas,063,18699,0,0,0,0,0
2020-03-01,Riverside,065,2383286,18,0,1,1,0
2020-03-01,Sacramento,067,1510023,21,1,0,1,0
2020-03-01,San Benito,069,59416,0,2,0,2,0
2020-03-01,San Bernardino,071,2135413,24,0,0,0,0
2020-03-01,San Diego,073,3302833,21,2,0,2,0
2020-03-01,San Francisco,075,870044,13,0,0,0,0
2020-03-01,San Joaquin,077,732212,7,0,3,3,0
2020-03-01,San Luis Obispo,079,281455,2,0,0,0,0
2020-03-01,San Mateo,081,765935,36,0,0,0,0
2020-03-01,Santa Barbara,083,443738,1,0,0,0,0
2020-03-01,Santa Clara,085,1922200,95,6,1,7,0
2020-03-01,Santa Cruz,087,273765,8,0,0,0,0
2020-03-01,Shasta,089,179085,2,0,0,0,0
2020-03-01,Sierra,091,2930,0,0,0,0,0
2020-03-01,Siskiyou,093,43540,0,0,0,0,0
2020-03-01,Solano,095,438530,19,24,0,24,0
2020-03-01,Sonoma,097,501317,9,0,0,0,0
2020-03-01,Stanislaus,099,539301,2,0,2,2,0
2020-03-01,Sutter,101,95872,0,0,0,0,0
2020-03-01,Tehama,103,63373,0,0,0,0,0
2020-03-01,Trinity,105,12862,0,0,0,0,0
2020-03-01,Tulare,107,460477,6,0,0,0,0
2020-03-01,Tuolumne,109,53932,0,0,0,0,0
2020-03-01,Ventura,111,848112,8,0,0,0,0
2020-03-01,Yolo,113,214977,2,0,0,0,0
2020-03-01,Yuba,115,75493,0,0,0,0,0
2020-02-29,Alameda,001,1643700,16,0,0,0,0
2020-02-29,Alpine,003,1148,0,0,0,0,0
2020-02-29,Amador,005,37829,0,0,0,0,0
2020-02-29,Butte,007,227075,0,0,0,0,0
2020-02-29,Calaveras,009,45235,0,0,0,0,0
2020-02-29,Colusa,011,21464,0,0,0,0,0
2020-02-29,Contra Costa,013,1133247,20,0,0,0,0
2020-02-29,Del Norte,015,27424,0,0,0,0,0
2020-02-29,El Dorado,017,186661,1,0,0,0,0
2020-02-29,Fresno,019,978130,0,0,0,0,0
2020-02-29,Glenn,021,27897,0,0,0,0,0
2020-02-29,Humboldt,023,135768,1,1,0,1,0
2020-02-29,Imperial,025,180216,3,0,0,0,0
2020-02-29,Inyo,027,18085,0,0,0,0,0
2020-02-29,Kern,029,883053,2,0,0,0,0
2020-02-29,Kings,031,150075,1,0,1,1,0
2020-02-29,Lake,033,64148,0,0,0,0,0
2020-02-29,Lassen,035,31185,0,0,0,0,0
2020-02-29,Los Angeles,037,10098052,108,1,10,11,0
2020-02-29,Madera,039,155013,2,0,0,0,0
2020-02-29,Marin,041,260295,4,0,0,0,0
2020-02-29,Mariposa,043,17540,0,0,0,0,0
2020-02-29,Mendocino,045,87422,0,0,0,0,0
2020-02-29,Merced,047,269075,1,0,0,0,0
2020-02-29,Modoc,049,8938,0,0,0,0,0
2020-02-29,Mono,051,14174,1,0,0,0,0
2020-02-29,Monterey,053,433212,0,0,0,0,0
2020-02-29,Napa,055,140530,1,0,0,0,0
2020-02-29,Nevada,057,99092,0,0,1,1,0
2020-02-29,Orange,059,3164182,59,1,0,1,0
2020-02-29,Placer,061,380077,7,0,0,0,0
2020-02-29,Plumas,063,18699,0,0,0,0,0
2020-02-29,Riverside,065,2383286,15,0,1,1,0
2020-02-29,Sacramento,067,1510023,16,1,0,1,0
2020-02-29,San Benito,069,59416,0,2,0,2,0
2020-02-29,San Bernardino,071,2135413,22,0,0,0,0
2020-02-29,San Diego,073,3302833,16,2,0,2,0
2020-02-29,San Francisco,075,870044,12,0,0,0,0
2020-02-29,San Joaquin,077,732212,6,0,3,3,0
2020-02-29,San Luis Obispo,079,281455,2,0,0,0,0
2020-02-29,San Mateo,081,765935,29,0,0,0,0
2020-02-29,Santa Barbara,083,443738,0,0,0,0,0
2020-02-29,Santa Clara,085,1922200,73,3,1,4,0
2020-02-29,Santa Cruz,087,273765,8,0,0,0,0
2020-02-29,Shasta,089,179085,2,0,0,0,0
2020-02-29,Sierra,091,2930,0,0,0,0,0
2020-02-29,Siskiyou,093,43540,0,0,0,0,0
2020-02-29,Solano,095,438530,18,23,0,23,0
2020-02-29,Sonoma,097,501317,6,0,0,0,0
2020-02-29,Stanislaus,099,539301,2,0,2,2,0
2020-02-29,Sutter,101,95872,0,0,0,0,0
2020-02-29,Tehama,103,63373,0,0,0,0,0
2020-02-29,Trinity,105,12862,0,0,0,0,0
2020-02-29,Tulare,107,460477,4,0,0,0,0
2020-02-29,Tuolumne,109,53932,0,0,0,0,0
2020-02-29,Ventura,111,848112,6,0,0,0,0
2020-02-29,Yolo,113,214977,2,0,0,0,0
2020-02-29,Yuba,115,75493,0,0,0,0,0
2020-02-28,Alameda,001,1643700,14,0,0,0,0
2020-02-28,Alpine,003,1148,0,0,0,0,0
2020-02-28,Amador,005,37829,0,0,0,0,0
2020-02-28,Butte,007,227075,0,0,0,0,0
2020-02-28,Calaveras,009,45235,0,0,0,0,0
2020-02-28,Colusa,011,21464,0,0,0,0,0
2020-02-28,Contra Costa,013,1133247,20,0,0,0,0
2020-02-28,Del Norte,015,27424,0,0,0,0,0
2020-02-28,El Dorado,017,186661,0,0,0,0,0
2020-02-28,Fresno,019,978130,0,0,0,0,0
2020-02-28,Glenn,021,27897,0,0,0,0,0
2020-02-28,Humboldt,023,135768,1,1,0,1,0
2020-02-28,Imperial,025,180216,3,0,0,0,0
2020-02-28,Inyo,027,18085,0,0,0,0,0
2020-02-28,Kern,029,883053,2,0,0,0,0
2020-02-28,Kings,031,150075,1,0,1,1,0
2020-02-28,Lake,033,64148,0,0,0,0,0
2020-02-28,Lassen,035,31185,0,0,0,0,0
2020-02-28,Los Angeles,037,10098052,98,1,10,11,0
2020-02-28,Madera,039,155013,2,0,0,0,0
2020-02-28,Marin,041,260295,2,0,0,0,0
2020-02-28,Mariposa,043,17540,0,0,0,0,0
2020-02-28,Mendocino,045,87422,0,0,0,0,0
2020-02-28,Merced,047,269075,1,0,0,0,0
2020-02-28,Modoc,049,8938,0,0,0,0,0
2020-02-28,Mono,051,14174,0,0,0,0,0
2020-02-28,Monterey,053,433212,0,0,0,0,0
2020-02-28,Napa,055,140530,1,0,0,0,0
2020-02-28,Nevada,057,99092,0,0,1,1,0
2020-02-28,Orange,059,3164182,57,1,0,1,0
2020-02-28,Placer,061,380077,7,0,0,0,0
2020-02-28,Plumas,063,18699,0,0,0,0,0
2020-02-28,Riverside,065,2383286,13,0,1,1,0
2020-02-28,Sacramento,067,1510023,10,1,0,1,0
2020-02-28,San Benito,069,59416,0,2,0,2,0
2020-02-28,San Bernardino,071,2135413,22,0,0,0,0
2020-02-28,San Diego,073,3302833,13,2,0,2,0
2020-02-28,San Francisco,075,870044,10,0,0,0,0
2020-02-28,San Joaquin,077,732212,6,0,3,3,0
2020-02-28,San Luis Obispo,079,281455,2,0,0,0,0
2020-02-28,San Mateo,081,765935,24,0,0,0,0
2020-02-28,Santa Barbara,083,443738,0,0,0,0,0
2020-02-28,Santa Clara,085,1922200,69,3,1,4,0
2020-02-28,Santa Cruz,087,273765,8,0,0,0,0
2020-02-28,Shasta,089,179085,2,0,0,0,0
2020-02-28,Sierra,091,2930,0,0,0,0,0
2020-02-28,Siskiyou,093,43540,0,0,0,0,0
2020-02-28,Solano,095,438530,17,23,0,23,0
2020-02-28,Sonoma,097,501317,6,0,0,0,0
2020-02-28,Stanislaus,099,539301,2,0,2,2,0
2020-02-28,Sutter,101,95872,0,0,0,0,0
2020-02-28,Tehama,103,63373,0,0,0,0,0
2020-02-28,Trinity,105,12862,0,0,0,0,0
2020-02-28,Tulare,107,460477,3,0,0,0,0
2020-02-28,Tuolumne,109,53932,0,0,0,0,0
2020-02-28,Ventura,111,848112,6,0,0,0,0
2020-02-28,Yolo,113,214977,2,0,0,0,0
2020-02-28,Yuba,115,75493,0,0,0,0,0
2020-02-27,Alameda,001,1643700,13,0,0,0,0
2020-02-27,Alpine,003,1148,0,0,0,0,0
2020-02-27,Amador,005,37829,0,0,0,0,0
2020-02-27,Butte,007,227075,0,0,0,0,0
2020-02-27,Calaveras,009,45235,0,0,0,0,0
2020-02-27,Colusa,011,21464,0,0,0,0,0
2020-02-27,Contra Costa,013,1133247,14,0,0,0,0
2020-02-27,Del Norte,015,27424,0,0,0,0,0
2020-02-27,El Dorado,017,186661,0,0,0,0,0
2020-02-27,Fresno,019,978130,0,0,0,0,0
2020-02-27,Glenn,021,27897,0,0,0,0,0
2020-02-27,Humboldt,023,135768,1,1,0,1,0
2020-02-27,Imperial,025,180216,3,0,0,0,0
2020-02-27,Inyo,027,18085,0,0,0,0,0
2020-02-27,Kern,029,883053,2,0,0,0,0
2020-02-27,Kings,031,150075,1,0,1,1,0
2020-02-27,Lake,033,64148,0,0,0,0,0
2020-02-27,Lassen,035,31185,0,0,0,0,0
2020-02-27,Los Angeles,037,10098052,90,1,10,11,0
2020-02-27,Madera,039,155013,2,0,0,0,0
2020-02-27,Marin,041,260295,1,0,0,0,0
2020-02-27,Mariposa,043,17540,0,0,0,0,0
2020-02-27,Mendocino,045,87422,0,0,0,0,0
2020-02-27,Merced,047,269075,1,0,0,0,0
2020-02-27,Modoc,049,8938,0,0,0,0,0
2020-02-27,Mono,051,14174,0,0,0,0,0
2020-02-27,Monterey,053,433212,0,0,0,0,0
2020-02-27,Napa,055,140530,1,0,0,0,0
2020-02-27,Nevada,057,99092,0,0,1,1,0
2020-02-27,Orange,059,3164182,51,1,0,1,0
2020-02-27,Placer,061,380077,6,0,0,0,0
2020-02-27,Plumas,063,18699,0,0,0,0,0
2020-02-27,Riverside,065,2383286,12,0,1,1,0
2020-02-27,Sacramento,067,1510023,10,1,0,1,0
2020-02-27,San Benito,069,59416,0,2,0,2,0
2020-02-27,San Bernardino,071,2135413,22,0,0,0,0
2020-02-27,San Diego,073,3302833,12,2,0,2,0
2020-02-27,San Francisco,075,870044,9,0,0,0,0
2020-02-27,San Joaquin,077,732212,5,0,3,3,0
2020-02-27,San Luis Obispo,079,281455,2,0,0,0,0
2020-02-27,San Mateo,081,765935,20,0,0,0,0
2020-02-27,Santa Barbara,083,443738,0,0,0,0,0
2020-02-27,Santa Clara,085,1922200,58,2,1,3,0
2020-02-27,Santa Cruz,087,273765,6,0,0,0,0
2020-02-27,Shasta,089,179085,0,0,0,0,0
2020-02-27,Sierra,091,2930,0,0,0,0,0
2020-02-27,Siskiyou,093,43540,0,0,0,0,0
2020-02-27,Solano,095,438530,17,23,0,23,0
2020-02-27,Sonoma,097,501317,5,0,0,0,0
2020-02-27,Stanislaus,099,539301,2,0,2,2,0
2020-02-27,Sutter,101,95872,0,0,0,0,0
2020-02-27,Tehama,103,63373,0,0,0,0,0
2020-02-27,Trinity,105,12862,0,0,0,0,0
2020-02-27,Tulare,107,460477,3,0,0,0,0
2020-02-27,Tuolumne,109,53932,0,0,0,0,0
2020-02-27,Ventura,111,848112,4,0,0,0,0
2020-02-27,Yolo,113,214977,2,0,0,0,0
2020-02-27,Yuba,115,75493,0,0,0,0,0
2020-02-26,Alameda,001,1643700,13,0,0,0,0
2020-02-26,Alpine,003,1148,0,0,0,0,0
2020-02-26,Amador,005,37829,0,0,0,0,0
2020-02-26,Butte,007,227075,0,0,0,0,0
2020-02-26,Calaveras,009,45235,0,0,0,0,0
2020-02-26,Colusa,011,21464,0,0,0,0,0
2020-02-26,Contra Costa,013,1133247,13,0,0,0,0
2020-02-26,Del Norte,015,27424,0,0,0,0,0
2020-02-26,El Dorado,017,186661,0,0,0,0,0
2020-02-26,Fresno,019,978130,0,0,0,0,0
2020-02-26,Glenn,021,27897,0,0,0,0,0
2020-02-26,Humboldt,023,135768,1,1,0,1,0
2020-02-26,Imperial,025,180216,3,0,0,0,0
2020-02-26,Inyo,027,18085,0,0,0,0,0
2020-02-26,Kern,029,883053,2,0,0,0,0
2020-02-26,Kings,031,150075,1,0,1,1,0
2020-02-26,Lake,033,64148,0,0,0,0,0
2020-02-26,Lassen,035,31185,0,0,0,0,0
2020-02-26,Los Angeles,037,10098052,84,1,10,11,0
2020-02-26,Madera,039,155013,2,0,0,0,0
2020-02-26,Marin,041,260295,1,0,0,0,0
2020-02-26,Mariposa,043,17540,0,0,0,0,0
2020-02-26,Mendocino,045,87422,0,0,0,0,0
2020-02-26,Merced,047,269075,1,0,0,0,0
2020-02-26,Modoc,049,8938,0,0,0,0,0
2020-02-26,Mono,051,14174,0,0,0,0,0
2020-02-26,Monterey,053,433212,0,0,0,0,0
2020-02-26,Napa,055,140530,0,0,0,0,0
2020-02-26,Nevada,057,99092,0,0,1,1,0
2020-02-26,Orange,059,3164182,50,1,0,1,0
2020-02-26,Placer,061,380077,5,0,0,0,0
2020-02-26,Plumas,063,18699,0,0,0,0,0
2020-02-26,Riverside,065,2383286,10,0,1,1,0
2020-02-26,Sacramento,067,1510023,10,1,0,1,0
2020-02-26,San Benito,069,59416,0,2,0,2,0
2020-02-26,San Bernardino,071,2135413,20,0,0,0,0
2020-02-26,San Diego,073,3302833,11,2,0,2,0
2020-02-26,San Francisco,075,870044,9,0,0,0,0
2020-02-26,San Joaquin,077,732212,5,0,3,3,0
2020-02-26,San Luis Obispo,079,281455,2,0,0,0,0
2020-02-26,San Mateo,081,765935,18,0,0,0,0
2020-02-26,Santa Barbara,083,443738,0,0,0,0,0
2020-02-26,Santa Clara,085,1922200,50,2,1,3,0
2020-02-26,Santa Cruz,087,273765,6,0,0,0,0
2020-02-26,Shasta,089,179085,0,0,0,0,0
2020-02-26,Sierra,091,2930,0,0,0,0,0
2020-02-26,Siskiyou,093,43540,0,0,0,0,0
2020-02-26,Solano,095,438530,17,23,0,23,0
2020-02-26,Sonoma,097,501317,5,0,0,0,0
2020-02-26,Stanislaus,099,539301,2,0,2,2,0
2020-02-26,Sutter,101,95872,0,0,0,0,0
2020-02-26,Tehama,103,63373,0,0,0,0,0
2020-02-26,Trinity,105,12862,0,0,0,0,0
2020-02-26,Tulare,107,460477,3,0,0,0,0
2020-02-26,Tuolumne,109,53932,0,0,0,0,0
2020-02-26,Ventura,111,848112,4,0,0,0,0
2020-02-26,Yolo,113,214977,2,0,0,0,0
2020-02-26,Yuba,115,75493,0,0,0,0,0
2020-02-25,Alameda,001,1643700,13,0,0,0,0
2020-02-25,Alpine,003,1148,0,0,0,0,0
2020-02-25,Amador,005,37829,0,0,0,0,0
2020-02-25,Butte,007,227075,0,0,0,0,0
2020-02-25,Calaveras,009,45235,0,0,0,0,0
2020-02-25,Colusa,011,21464,0,0,0,0,0
2020-02-25,Contra Costa,013,1133247,11,0,0,0,0
2020-02-25,Del Norte,015,27424,0,0,0,0,0
2020-02-25,El Dorado,017,186661,0,0,0,0,0
2020-02-25,Fresno,019,978130,0,0,0,0,0
2020-02-25,Glenn,021,27897,0,0,0,0,0
2020-02-25,Humboldt,023,135768,1,1,0,1,0
2020-02-25,Imperial,025,180216,3,0,0,0,0
2020-02-25,Inyo,027,18085,0,0,0,0,0
2020-02-25,Kern,029,883053,2,0,0,0,0
2020-02-25,Kings,031,150075,1,0,1,1,0
2020-02-25,Lake,033,64148,0,0,0,0,0
2020-02-25,Lassen,035,31185,0,0,0,0,0
2020-02-25,Los Angeles,037,10098052,72,1,10,11,0
2020-02-25,Madera,039,155013,2,0,0,0,0
2020-02-25,Marin,041,260295,1,0,0,0,0
2020-02-25,Mariposa,043,17540,0,0,0,0,0
2020-02-25,Mendocino,045,87422,0,0,0,0,0
2020-02-25,Merced,047,269075,0,0,0,0,0
2020-02-25,Modoc,049,8938,0,0,0,0,0
2020-02-25,Mono,051,14174,0,0,0,0,0
2020-02-25,Monterey,053,433212,0,0,0,0,0
2020-02-25,Napa,055,140530,0,0,0,0,0
2020-02-25,Nevada,057,99092,0,0,1,1,0
2020-02-25,Orange,059,3164182,49,1,0,1,0
2020-02-25,Placer,061,380077,5,0,0,0,0
2020-02-25,Plumas,063,18699,0,0,0,0,0
2020-02-25,Riverside,065,2383286,10,0,1,1,0
2020-02-25,Sacramento,067,1510023,8,1,0,1,0
2020-02-25,San Benito,069,59416,0,2,0,2,0
2020-02-25,San Bernardino,071,2135413,18,0,0,0,0
2020-02-25,San Diego,073,3302833,7,2,0,2,0
2020-02-25,San Francisco,075,870044,7,0,0,0,0
2020-02-25,San Joaquin,077,732212,5,0,2,2,0
2020-02-25,San Luis Obispo,079,281455,2,0,0,0,0
2020-02-25,San Mateo,081,765935,17,0,0,0,0
2020-02-25,Santa Barbara,083,443738,0,0,0,0,0
2020-02-25,Santa Clara,085,1922200,40,2,1,3,0
2020-02-25,Santa Cruz,087,273765,5,0,0,0,0
2020-02-25,Shasta,089,179085,0,0,0,0,0
2020-02-25,Sierra,091,2930,0,0,0,0,0
2020-02-25,Siskiyou,093,43540,0,0,0,0,0
2020-02-25,Solano,095,438530,16,21,0,21,0
2020-02-25,Sonoma,097,501317,5,0,0,0,0
2020-02-25,Stanislaus,099,539301,2,0,2,2,0
2020-02-25,Sutter,101,95872,0,0,0,0,0
2020-02-25,Tehama,103,63373,0,0,0,0,0
2020-02-25,Trinity,105,12862,0,0,0,0,0
2020-02-25,Tulare,107,460477,3,0,0,0,0
2020-02-25,Tuolumne,109,53932,0,0,0,0,0
2020-02-25,Ventura,111,848112,4,0,0,0,0
2020-02-25,Yolo,113,214977,2,0,0,0,0
2020-02-25,Yuba,115,75493,0,0,0,0,0
2020-02-24,Alameda,001,1643700,13,0,0,0,0
2020-02-24,Alpine,003,1148,0,0,0,0,0
2020-02-24,Amador,005,37829,0,0,0,0,0
2020-02-24,Butte,007,227075,0,0,0,0,0
2020-02-24,Calaveras,009,45235,0,0,0,0,0
2020-02-24,Colusa,011,21464,0,0,0,0,0
2020-02-24,Contra Costa,013,1133247,9,0,0,0,0
2020-02-24,Del Norte,015,27424,0,0,0,0,0
2020-02-24,El Dorado,017,186661,0,0,0,0,0
2020-02-24,Fresno,019,978130,0,0,0,0,0
2020-02-24,Glenn,021,27897,0,0,0,0,0
2020-02-24,Humboldt,023,135768,1,1,0,1,0
2020-02-24,Imperial,025,180216,3,0,0,0,0
2020-02-24,Inyo,027,18085,0,0,0,0,0
2020-02-24,Kern,029,883053,2,0,0,0,0
2020-02-24,Kings,031,150075,1,0,1,1,0
2020-02-24,Lake,033,64148,0,0,0,0,0
2020-02-24,Lassen,035,31185,0,0,0,0,0
2020-02-24,Los Angeles,037,10098052,67,1,10,11,0
2020-02-24,Madera,039,155013,1,0,0,0,0
2020-02-24,Marin,041,260295,1,0,0,0,0
2020-02-24,Mariposa,043,17540,0,0,0,0,0
2020-02-24,Mendocino,045,87422,0,0,0,0,0
2020-02-24,Merced,047,269075,0,0,0,0,0
2020-02-24,Modoc,049,8938,0,0,0,0,0
2020-02-24,Mono,051,14174,0,0,0,0,0
2020-02-24,Monterey,053,433212,0,0,0,0,0
2020-02-24,Napa,055,140530,0,0,0,0,0
2020-02-24,Nevada,057,99092,0,0,1,1,0
2020-02-24,Orange,059,3164182,47,1,0,1,0
2020-02-24,Placer,061,380077,3,0,0,0,0
2020-02-24,Plumas,063,18699,0,0,0,0,0
2020-02-24,Riverside,065,2383286,9,0,1,1,0
2020-02-24,Sacramento,067,1510023,7,1,0,1,0
2020-02-24,San Benito,069,59416,0,2,0,2,0
2020-02-24,San Bernardino,071,2135413,18,0,0,0,0
2020-02-24,San Diego,073,3302833,7,2,0,2,0
2020-02-24,San Francisco,075,870044,6,0,0,0,0
2020-02-24,San Joaquin,077,732212,5,0,1,1,0
2020-02-24,San Luis Obispo,079,281455,2,0,0,0,0
2020-02-24,San Mateo,081,765935,13,0,0,0,0
2020-02-24,Santa Barbara,083,443738,0,0,0,0,0
2020-02-24,Santa Clara,085,1922200,38,2,1,3,0
2020-02-24,Santa Cruz,087,273765,5,0,0,0,0
2020-02-24,Shasta,089,179085,0,0,0,0,0
2020-02-24,Sierra,091,2930,0,0,0,0,0
2020-02-24,Siskiyou,093,43540,0,0,0,0,0
2020-02-24,Solano,095,438530,13,15,0,15,0
2020-02-24,Sonoma,097,501317,5,0,0,0,0
2020-02-24,Stanislaus,099,539301,2,0,2,2,0
2020-02-24,Sutter,101,95872,0,0,0,0,0
2020-02-24,Tehama,103,63373,0,0,0,0,0
2020-02-24,Trinity,105,12862,0,0,0,0,0
2020-02-24,Tulare,107,460477,3,0,0,0,0
2020-02-24,Tuolumne,109,53932,0,0,0,0,0
2020-02-24,Ventura,111,848112,4,0,0,0,0
2020-02-24,Yolo,113,214977,2,0,0,0,0
2020-02-24,Yuba,115,75493,0,0,0,0,0
2020-02-23,Alameda,001,1643700,11,0,0,0,0
2020-02-23,Alpine,003,1148,0,0,0,0,0
2020-02-23,Amador,005,37829,0,0,0,0,0
2020-02-23,Butte,007,227075,0,0,0,0,0
2020-02-23,Calaveras,009,45235,0,0,0,0,0
2020-02-23,Colusa,011,21464,0,0,0,0,0
2020-02-23,Contra Costa,013,1133247,6,0,0,0,0
2020-02-23,Del Norte,015,27424,0,0,0,0,0
2020-02-23,El Dorado,017,186661,0,0,0,0,0
2020-02-23,Fresno,019,978130,0,0,0,0,0
2020-02-23,Glenn,021,27897,0,0,0,0,0
2020-02-23,Humboldt,023,135768,1,1,0,1,0
2020-02-23,Imperial,025,180216,3,0,0,0,0
2020-02-23,Inyo,027,18085,0,0,0,0,0
2020-02-23,Kern,029,883053,2,0,0,0,0
2020-02-23,Kings,031,150075,1,0,1,1,0
2020-02-23,Lake,033,64148,0,0,0,0,0
2020-02-23,Lassen,035,31185,0,0,0,0,0
2020-02-23,Los Angeles,037,10098052,58,1,10,11,0
2020-02-23,Madera,039,155013,1,0,0,0,0
2020-02-23,Marin,041,260295,1,0,0,0,0
2020-02-23,Mariposa,043,17540,0,0,0,0,0
2020-02-23,Mendocino,045,87422,0,0,0,0,0
2020-02-23,Merced,047,269075,0,0,0,0,0
2020-02-23,Modoc,049,8938,0,0,0,0,0
2020-02-23,Mono,051,14174,0,0,0,0,0
2020-02-23,Monterey,053,433212,0,0,0,0,0
2020-02-23,Napa,055,140530,0,0,0,0,0
2020-02-23,Nevada,057,99092,0,0,1,1,0
2020-02-23,Orange,059,3164182,47,1,0,1,0
2020-02-23,Placer,061,380077,3,0,0,0,0
2020-02-23,Plumas,063,18699,0,0,0,0,0
2020-02-23,Riverside,065,2383286,9,0,0,0,0
2020-02-23,Sacramento,067,1510023,6,1,0,1,0
2020-02-23,San Benito,069,59416,0,2,0,2,0
2020-02-23,San Bernardino,071,2135413,17,0,0,0,0
2020-02-23,San Diego,073,3302833,6,2,0,2,0
2020-02-23,San Francisco,075,870044,5,0,0,0,0
2020-02-23,San Joaquin,077,732212,4,0,1,1,0
2020-02-23,San Luis Obispo,079,281455,2,0,0,0,0
2020-02-23,San Mateo,081,765935,10,0,0,0,0
2020-02-23,Santa Barbara,083,443738,0,0,0,0,0
2020-02-23,Santa Clara,085,1922200,26,2,1,3,0
2020-02-23,Santa Cruz,087,273765,2,0,0,0,0
2020-02-23,Shasta,089,179085,0,0,0,0,0
2020-02-23,Sierra,091,2930,0,0,0,0,0
2020-02-23,Siskiyou,093,43540,0,0,0,0,0
2020-02-23,Solano,095,438530,11,15,0,15,0
2020-02-23,Sonoma,097,501317,5,0,0,0,0
2020-02-23,Stanislaus,099,539301,2,0,2,2,0
2020-02-23,Sutter,101,95872,0,0,0,0,0
2020-02-23,Tehama,103,63373,0,0,0,0,0
2020-02-23,Trinity,105,12862,0,0,0,0,0
2020-02-23,Tulare,107,460477,2,0,0,0,0
2020-02-23,Tuolumne,109,53932,0,0,0,0,0
2020-02-23,Ventura,111,848112,4,0,0,0,0
2020-02-23,Yolo,113,214977,2,0,0,0,0
2020-02-23,Yuba,115,75493,0,0,0,0,0
2020-02-22,Alameda,001,1643700,10,0,0,0,0
2020-02-22,Alpine,003,1148,0,0,0,0,0
2020-02-22,Amador,005,37829,0,0,0,0,0
2020-02-22,Butte,007,227075,0,0,0,0,0
2020-02-22,Calaveras,009,45235,0,0,0,0,0
2020-02-22,Colusa,011,21464,0,0,0,0,0
2020-02-22,Contra Costa,013,1133247,5,0,0,0,0
2020-02-22,Del Norte,015,27424,0,0,0,0,0
2020-02-22,El Dorado,017,186661,0,0,0,0,0
2020-02-22,Fresno,019,978130,0,0,0,0,0
2020-02-22,Glenn,021,27897,0,0,0,0,0
2020-02-22,Humboldt,023,135768,1,1,0,1,0
2020-02-22,Imperial,025,180216,2,0,0,0,0
2020-02-22,Inyo,027,18085,0,0,0,0,0
2020-02-22,Kern,029,883053,2,0,0,0,0
2020-02-22,Kings,031,150075,1,0,1,1,0
2020-02-22,Lake,033,64148,0,0,0,0,0
2020-02-22,Lassen,035,31185,0,0,0,0,0
2020-02-22,Los Angeles,037,10098052,56,1,10,11,0
2020-02-22,Madera,039,155013,0,0,0,0,0
2020-02-22,Marin,041,260295,1,0,0,0,0
2020-02-22,Mariposa,043,17540,0,0,0,0,0
2020-02-22,Mendocino,045,87422,0,0,0,0,0
2020-02-22,Merced,047,269075,0,0,0,0,0
2020-02-22,Modoc,049,8938,0,0,0,0,0
2020-02-22,Mono,051,14174,0,0,0,0,0
2020-02-22,Monterey,053,433212,0,0,0,0,0
2020-02-22,Napa,055,140530,0,0,0,0,0
2020-02-22,Nevada,057,99092,0,0,1,1,0
2020-02-22,Orange,059,3164182,46,1,0,1,0
2020-02-22,Placer,061,380077,3,0,0,0,0
2020-02-22,Plumas,063,18699,0,0,0,0,0
2020-02-22,Riverside,065,2383286,9,0,0,0,0
2020-02-22,Sacramento,067,1510023,6,1,0,1,0
2020-02-22,San Benito,069,59416,0,2,0,2,0
2020-02-22,San Bernardino,071,2135413,15,0,0,0,0
2020-02-22,San Diego,073,3302833,5,2,0,2,0
2020-02-22,San Francisco,075,870044,3,0,0,0,0
2020-02-22,San Joaquin,077,732212,4,0,1,1,0
2020-02-22,San Luis Obispo,079,281455,2,0,0,0,0
2020-02-22,San Mateo,081,765935,8,0,0,0,0
2020-02-22,Santa Barbara,083,443738,0,0,0,0,0
2020-02-22,Santa Clara,085,1922200,23,2,1,3,0
2020-02-22,Santa Cruz,087,273765,2,0,0,0,0
2020-02-22,Shasta,089,179085,0,0,0,0,0
2020-02-22,Sierra,091,2930,0,0,0,0,0
2020-02-22,Siskiyou,093,43540,0,0,0,0,0
2020-02-22,Solano,095,438530,11,11,0,11,0
2020-02-22,Sonoma,097,501317,4,0,0,0,0
2020-02-22,Stanislaus,099,539301,2,0,2,2,0
2020-02-22,Sutter,101,95872,0,0,0,0,0
2020-02-22,Tehama,103,63373,0,0,0,0,0
2020-02-22,Trinity,105,12862,0,0,0,0,0
2020-02-22,Tulare,107,460477,2,0,0,0,0
2020-02-22,Tuolumne,109,53932,0,0,0,0,0
2020-02-22,Ventura,111,848112,4,0,0,0,0
2020-02-22,Yolo,113,214977,1,0,0,0,0
2020-02-22,Yuba,115,75493,0,0,0,0,0
2020-02-21,Alameda,001,1643700,9,0,0,0,0
2020-02-21,Alpine,003,1148,0,0,0,0,0
2020-02-21,Amador,005,37829,0,0,0,0,0
2020-02-21,Butte,007,227075,0,0,0,0,0
2020-02-21,Calaveras,009,45235,0,0,0,0,0
2020-02-21,Colusa,011,21464,0,0,0,0,0
2020-02-21,Contra Costa,013,1133247,4,0,0,0,0
2020-02-21,Del Norte,015,27424,0,0,0,0,0
2020-02-21,El Dorado,017,186661,0,0,0,0,0
2020-02-21,Fresno,019,978130,0,0,0,0,0
2020-02-21,Glenn,021,27897,0,0,0,0,0
2020-02-21,Humboldt,023,135768,1,1,0,1,0
2020-02-21,Imperial,025,180216,2,0,0,0,0
2020-02-21,Inyo,027,18085,0,0,0,0,0
2020-02-21,Kern,029,883053,2,0,0,0,0
2020-02-21,Kings,031,150075,1,0,1,1,0
2020-02-21,Lake,033,64148,0,0,0,0,0
2020-02-21,Lassen,035,31185,0,0,0,0,0
2020-02-21,Los Angeles,037,10098052,54,1,10,11,0
2020-02-21,Madera,039,155013,0,0,0,0,0
2020-02-21,Marin,041,260295,1,0,0,0,0
2020-02-21,Mariposa,043,17540,0,0,0,0,0
2020-02-21,Mendocino,045,87422,0,0,0,0,0
2020-02-21,Merced,047,269075,0,0,0,0,0
2020-02-21,Modoc,049,8938,0,0,0,0,0
2020-02-21,Mono,051,14174,0,0,0,0,0
2020-02-21,Monterey,053,433212,0,0,0,0,0
2020-02-21,Napa,055,140530,0,0,0,0,0
2020-02-21,Nevada,057,99092,0,0,1,1,0
2020-02-21,Orange,059,3164182,44,1,0,1,0
2020-02-21,Placer,061,380077,2,0,0,0,0
2020-02-21,Plumas,063,18699,0,0,0,0,0
2020-02-21,Riverside,065,2383286,9,0,0,0,0
2020-02-21,Sacramento,067,1510023,5,1,0,1,0
2020-02-21,San Benito,069,59416,0,2,0,2,0
2020-02-21,San Bernardino,071,2135413,14,0,0,0,0
2020-02-21,San Diego,073,3302833,5,2,0,2,0
2020-02-21,San Francisco,075,870044,3,0,0,0,0
2020-02-21,San Joaquin,077,732212,2,0,1,1,0
2020-02-21,San Luis Obispo,079,281455,2,0,0,0,0
2020-02-21,San Mateo,081,765935,8,0,0,0,0
2020-02-21,Santa Barbara,083,443738,0,0,0,0,0
2020-02-21,Santa Clara,085,1922200,21,2,1,3,0
2020-02-21,Santa Cruz,087,273765,2,0,0,0,0
2020-02-21,Shasta,089,179085,0,0,0,0,0
2020-02-21,Sierra,091,2930,0,0,0,0,0
2020-02-21,Siskiyou,093,43540,0,0,0,0,0
2020-02-21,Solano,095,438530,10,11,0,11,0
2020-02-21,Sonoma,097,501317,3,0,0,0,0
2020-02-21,Stanislaus,099,539301,2,0,2,2,0
2020-02-21,Sutter,101,95872,0,0,0,0,0
2020-02-21,Tehama,103,63373,0,0,0,0,0
2020-02-21,Trinity,105,12862,0,0,0,0,0
2020-02-21,Tulare,107,460477,2,0,0,0,0
2020-02-21,Tuolumne,109,53932,0,0,0,0,0
2020-02-21,Ventura,111,848112,4,0,0,0,0
2020-02-21,Yolo,113,214977,1,0,0,0,0
2020-02-21,Yuba,115,75493,0,0,0,0,0
2020-02-20,Alameda,001,1643700,7,0,0,0,0
2020-02-20,Alpine,003,1148,0,0,0,0,0
2020-02-20,Amador,005,37829,0,0,0,0,0
2020-02-20,Butte,007,227075,0,0,0,0,0
2020-02-20,Calaveras,009,45235,0,0,0,0,0
2020-02-20,Colusa,011,21464,0,0,0,0,0
2020-02-20,Contra Costa,013,1133247,3,0,0,0,0
2020-02-20,Del Norte,015,27424,0,0,0,0,0
2020-02-20,El Dorado,017,186661,0,0,0,0,0
2020-02-20,Fresno,019,978130,0,0,0,0,0
2020-02-20,Glenn,021,27897,0,0,0,0,0
2020-02-20,Humboldt,023,135768,1,1,0,1,0
2020-02-20,Imperial,025,180216,2,0,0,0,0
2020-02-20,Inyo,027,18085,0,0,0,0,0
2020-02-20,Kern,029,883053,2,0,0,0,0
2020-02-20,Kings,031,150075,1,0,1,1,0
2020-02-20,Lake,033,64148,0,0,0,0,0
2020-02-20,Lassen,035,31185,0,0,0,0,0
2020-02-20,Los Angeles,037,10098052,52,1,9,10,0
2020-02-20,Madera,039,155013,0,0,0,0,0
2020-02-20,Marin,041,260295,0,0,0,0,0
2020-02-20,Mariposa,043,17540,0,0,0,0,0
2020-02-20,Mendocino,045,87422,0,0,0,0,0
2020-02-20,Merced,047,269075,0,0,0,0,0
2020-02-20,Modoc,049,8938,0,0,0,0,0
2020-02-20,Mono,051,14174,0,0,0,0,0
2020-02-20,Monterey,053,433212,0,0,0,0,0
2020-02-20,Napa,055,140530,0,0,0,0,0
2020-02-20,Nevada,057,99092,0,0,1,1,0
2020-02-20,Orange,059,3164182,44,1,0,1,0
2020-02-20,Placer,061,380077,2,0,0,0,0
2020-02-20,Plumas,063,18699,0,0,0,0,0
2020-02-20,Riverside,065,2383286,7,0,0,0,0
2020-02-20,Sacramento,067,1510023,2,1,0,1,0
2020-02-20,San Benito,069,59416,0,2,0,2,0
2020-02-20,San Bernardino,071,2135413,13,0,0,0,0
2020-02-20,San Diego,073,3302833,5,2,0,2,0
2020-02-20,San Francisco,075,870044,3,0,0,0,0
2020-02-20,San Joaquin,077,732212,2,0,1,1,0
2020-02-20,San Luis Obispo,079,281455,2,0,0,0,0
2020-02-20,San Mateo,081,765935,7,0,0,0,0
2020-02-20,Santa Barbara,083,443738,0,0,0,0,0
2020-02-20,Santa Clara,085,1922200,17,2,1,3,0
2020-02-20,Santa Cruz,087,273765,2,0,0,0,0
2020-02-20,Shasta,089,179085,0,0,0,0,0
2020-02-20,Sierra,091,2930,0,0,0,0,0
2020-02-20,Siskiyou,093,43540,0,0,0,0,0
2020-02-20,Solano,095,438530,8,7,0,7,0
2020-02-20,Sonoma,097,501317,2,0,0,0,0
2020-02-20,Stanislaus,099,539301,2,0,2,2,0
2020-02-20,Sutter,101,95872,0,0,0,0,0
2020-02-20,Tehama,103,63373,0,0,0,0,0
2020-02-20,Trinity,105,12862,0,0,0,0,0
2020-02-20,Tulare,107,460477,2,0,0,0,0
2020-02-20,Tuolumne,109,53932,0,0,0,0,0
2020-02-20,Ventura,111,848112,4,0,0,0,0
2020-02-20,Yolo,113,214977,1,0,0,0,0
2020-02-20,Yuba,115,75493,0,0,0,0,0
2020-02-19,Alameda,001,1643700,6,0,0,0,0
2020-02-19,Alpine,003,1148,0,0,0,0,0
2020-02-19,Amador,005,37829,0,0,0,0,0
2020-02-19,Butte,007,227075,0,0,0,0,0
2020-02-19,Calaveras,009,45235,0,0,0,0,0
2020-02-19,Colusa,011,21464,0,0,0,0,0
2020-02-19,Contra Costa,013,1133247,3,0,0,0,0
2020-02-19,Del Norte,015,27424,0,0,0,0,0
2020-02-19,El Dorado,017,186661,0,0,0,0,0
2020-02-19,Fresno,019,978130,0,0,0,0,0
2020-02-19,Glenn,021,27897,0,0,0,0,0
2020-02-19,Humboldt,023,135768,1,0,0,0,0
2020-02-19,Imperial,025,180216,2,0,0,0,0
2020-02-19,Inyo,027,18085,0,0,0,0,0
2020-02-19,Kern,029,883053,2,0,0,0,0
2020-02-19,Kings,031,150075,1,0,1,1,0
2020-02-19,Lake,033,64148,0,0,0,0,0
2020-02-19,Lassen,035,31185,0,0,0,0,0
2020-02-19,Los Angeles,037,10098052,49,1,9,10,0
2020-02-19,Madera,039,155013,0,0,0,0,0
2020-02-19,Marin,041,260295,0,0,0,0,0
2020-02-19,Mariposa,043,17540,0,0,0,0,0
2020-02-19,Mendocino,045,87422,0,0,0,0,0
2020-02-19,Merced,047,269075,0,0,0,0,0
2020-02-19,Modoc,049,8938,0,0,0,0,0
2020-02-19,Mono,051,14174,0,0,0,0,0
2020-02-19,Monterey,053,433212,0,0,0,0,0
2020-02-19,Napa,055,140530,0,0,0,0,0
2020-02-19,Nevada,057,99092,0,0,1,1,0
2020-02-19,Orange,059,3164182,43,1,0,1,0
2020-02-19,Placer,061,380077,2,0,0,0,0
2020-02-19,Plumas,063,18699,0,0,0,0,0
2020-02-19,Riverside,065,2383286,5,0,0,0,0
2020-02-19,Sacramento,067,1510023,2,0,0,0,0
2020-02-19,San Benito,069,59416,0,2,0,2,0
2020-02-19,San Bernardino,071,2135413,12,0,0,0,0
2020-02-19,San Diego,073,3302833,4,2,0,2,0
2020-02-19,San Francisco,075,870044,2,0,0,0,0
2020-02-19,San Joaquin,077,732212,2,0,1,1,0
2020-02-19,San Luis Obispo,079,281455,2,0,0,0,0
2020-02-19,San Mateo,081,765935,6,0,0,0,0
2020-02-19,Santa Barbara,083,443738,0,0,0,0,0
2020-02-19,Santa Clara,085,1922200,15,2,1,3,0
2020-02-19,Santa Cruz,087,273765,0,0,0,0,0
2020-02-19,Shasta,089,179085,0,0,0,0,0
2020-02-19,Sierra,091,2930,0,0,0,0,0
2020-02-19,Siskiyou,093,43540,0,0,0,0,0
2020-02-19,Solano,095,438530,5,7,0,7,0
2020-02-19,Sonoma,097,501317,2,0,0,0,0
2020-02-19,Stanislaus,099,539301,1,0,2,2,0
2020-02-19,Sutter,101,95872,0,0,0,0,0
2020-02-19,Tehama,103,63373,0,0,0,0,0
2020-02-19,Trinity,105,12862,0,0,0,0,0
2020-02-19,Tulare,107,460477,2,0,0,0,0
2020-02-19,Tuolumne,109,53932,0,0,0,0,0
2020-02-19,Ventura,111,848112,2,0,0,0,0
2020-02-19,Yolo,113,214977,1,0,0,0,0
2020-02-19,Yuba,115,75493,0,0,0,0,0
2020-02-18,Alameda,001,1643700,6,0,0,0,0
2020-02-18,Alpine,003,1148,0,0,0,0,0
2020-02-18,Amador,005,37829,0,0,0,0,0
2020-02-18,Butte,007,227075,0,0,0,0,0
2020-02-18,Calaveras,009,45235,0,0,0,0,0
2020-02-18,Colusa,011,21464,0,0,0,0,0
2020-02-18,Contra Costa,013,1133247,3,0,0,0,0
2020-02-18,Del Norte,015,27424,0,0,0,0,0
2020-02-18,El Dorado,017,186661,0,0,0,0,0
2020-02-18,Fresno,019,978130,0,0,0,0,0
2020-02-18,Glenn,021,27897,0,0,0,0,0
2020-02-18,Humboldt,023,135768,1,0,0,0,0
2020-02-18,Imperial,025,180216,1,0,0,0,0
2020-02-18,Inyo,027,18085,0,0,0,0,0
2020-02-18,Kern,029,883053,2,0,0,0,0
2020-02-18,Kings,031,150075,1,0,1,1,0
2020-02-18,Lake,033,64148,0,0,0,0,0
2020-02-18,Lassen,035,31185,0,0,0,0,0
2020-02-18,Los Angeles,037,10098052,46,1,8,9,0
2020-02-18,Madera,039,155013,0,0,0,0,0
2020-02-18,Marin,041,260295,0,0,0,0,0
2020-02-18,Mariposa,043,17540,0,0,0,0,0
2020-02-18,Mendocino,045,87422,0,0,0,0,0
2020-02-18,Merced,047,269075,0,0,0,0,0
2020-02-18,Modoc,049,8938,0,0,0,0,0
2020-02-18,Mono,051,14174,0,0,0,0,0
2020-02-18,Monterey,053,433212,0,0,0,0,0
2020-02-18,Napa,055,140530,0,0,0,0,0
2020-02-18,Nevada,057,99092,0,0,1,1,0
2020-02-18,Orange,059,3164182,42,1,0,1,0
2020-02-18,Placer,061,380077,0,0,0,0,0
2020-02-18,Plumas,063,18699,0,0,0,0,0
2020-02-18,Riverside,065,2383286,5,0,0,0,0
2020-02-18,Sacramento,067,1510023,2,0,0,0,0
2020-02-18,San Benito,069,59416,0,2,0,2,0
2020-02-18,San Bernardino,071,2135413,12,0,0,0,0
2020-02-18,San Diego,073,3302833,4,2,0,2,0
2020-02-18,San Francisco,075,870044,2,0,0,0,0
2020-02-18,San Joaquin,077,732212,1,0,1,1,0
2020-02-18,San Luis Obispo,079,281455,2,0,0,0,0
2020-02-18,San Mateo,081,765935,5,0,0,0,0
2020-02-18,Santa Barbara,083,443738,0,0,0,0,0
2020-02-18,Santa Clara,085,1922200,14,2,1,3,0
2020-02-18,Santa Cruz,087,273765,0,0,0,0,0
2020-02-18,Shasta,089,179085,0,0,0,0,0
2020-02-18,Sierra,091,2930,0,0,0,0,0
2020-02-18,Siskiyou,093,43540,0,0,0,0,0
2020-02-18,Solano,095,438530,5,7,0,7,0
2020-02-18,Sonoma,097,501317,1,0,0,0,0
2020-02-18,Stanislaus,099,539301,1,0,2,2,0
2020-02-18,Sutter,101,95872,0,0,0,0,0
2020-02-18,Tehama,103,63373,0,0,0,0,0
2020-02-18,Trinity,105,12862,0,0,0,0,0
2020-02-18,Tulare,107,460477,2,0,0,0,0
2020-02-18,Tuolumne,109,53932,0,0,0,0,0
2020-02-18,Ventura,111,848112,2,0,0,0,0
2020-02-18,Yolo,113,214977,1,0,0,0,0
2020-02-18,Yuba,115,75493,0,0,0,0,0
2020-02-17,Alameda,001,1643700,6,0,0,0,0
2020-02-17,Alpine,003,1148,0,0,0,0,0
2020-02-17,Amador,005,37829,0,0,0,0,0
2020-02-17,Butte,007,227075,0,0,0,0,0
2020-02-17,Calaveras,009,45235,0,0,0,0,0
2020-02-17,Colusa,011,21464,0,0,0,0,0
2020-02-17,Contra Costa,013,1133247,3,0,0,0,0
2020-02-17,Del Norte,015,27424,0,0,0,0,0
2020-02-17,El Dorado,017,186661,0,0,0,0,0
2020-02-17,Fresno,019,978130,0,0,0,0,0
2020-02-17,Glenn,021,27897,0,0,0,0,0
2020-02-17,Humboldt,023,135768,1,0,0,0,0
2020-02-17,Imperial,025,180216,1,0,0,0,0
2020-02-17,Inyo,027,18085,0,0,0,0,0
2020-02-17,Kern,029,883053,2,0,0,0,0
2020-02-17,Kings,031,150075,1,0,0,0,0
2020-02-17,Lake,033,64148,0,0,0,0,0
2020-02-17,Lassen,035,31185,0,0,0,0,0
2020-02-17,Los Angeles,037,10098052,43,1,7,8,0
2020-02-17,Madera,039,155013,0,0,0,0,0
2020-02-17,Marin,041,260295,0,0,0,0,0
2020-02-17,Mariposa,043,17540,0,0,0,0,0
2020-02-17,Mendocino,045,87422,0,0,0,0,0
2020-02-17,Merced,047,269075,0,0,0,0,0
2020-02-17,Modoc,049,8938,0,0,0,0,0
2020-02-17,Mono,051,14174,0,0,0,0,0
2020-02-17,Monterey,053,433212,0,0,0,0,0
2020-02-17,Napa,055,140530,0,0,0,0,0
2020-02-17,Nevada,057,99092,0,0,1,1,0
2020-02-17,Orange,059,3164182,42,1,0,1,0
2020-02-17,Placer,061,380077,0,0,0,0,0
2020-02-17,Plumas,063,18699,0,0,0,0,0
2020-02-17,Riverside,065,2383286,5,0,0,0,0
2020-02-17,Sacramento,067,1510023,2,0,0,0,0
2020-02-17,San Benito,069,59416,0,2,0,2,0
2020-02-17,San Bernardino,071,2135413,10,0,0,0,0
2020-02-17,San Diego,073,3302833,4,2,0,2,0
2020-02-17,San Francisco,075,870044,2,0,0,0,0
2020-02-17,San Joaquin,077,732212,1,0,1,1,0
2020-02-17,San Luis Obispo,079,281455,1,0,0,0,0
2020-02-17,San Mateo,081,765935,5,0,0,0,0
2020-02-17,Santa Barbara,083,443738,0,0,0,0,0
2020-02-17,Santa Clara,085,1922200,12,2,1,3,0
2020-02-17,Santa Cruz,087,273765,0,0,0,0,0
2020-02-17,Shasta,089,179085,0,0,0,0,0
2020-02-17,Sierra,091,2930,0,0,0,0,0
2020-02-17,Siskiyou,093,43540,0,0,0,0,0
2020-02-17,Solano,095,438530,3,5,0,5,0
2020-02-17,Sonoma,097,501317,1,0,0,0,0
2020-02-17,Stanislaus,099,539301,1,0,2,2,0
2020-02-17,Sutter,101,95872,0,0,0,0,0
2020-02-17,Tehama,103,63373,0,0,0,0,0
2020-02-17,Trinity,105,12862,0,0,0,0,0
2020-02-17,Tulare,107,460477,2,0,0,0,0
2020-02-17,Tuolumne,109,53932,0,0,0,0,0
2020-02-17,Ventura,111,848112,2,0,0,0,0
2020-02-17,Yolo,113,214977,1,0,0,0,0
2020-02-17,Yuba,115,75493,0,0,0,0,0
2020-02-16,Alameda,001,1643700,5,0,0,0,0
2020-02-16,Alpine,003,1148,0,0,0,0,0
2020-02-16,Amador,005,37829,0,0,0,0,0
2020-02-16,Butte,007,227075,0,0,0,0,0
2020-02-16,Calaveras,009,45235,0,0,0,0,0
2020-02-16,Colusa,011,21464,0,0,0,0,0
2020-02-16,Contra Costa,013,1133247,3,0,0,0,0
2020-02-16,Del Norte,015,27424,0,0,0,0,0
2020-02-16,El Dorado,017,186661,0,0,0,0,0
2020-02-16,Fresno,019,978130,0,0,0,0,0
2020-02-16,Glenn,021,27897,0,0,0,0,0
2020-02-16,Humboldt,023,135768,1,0,0,0,0
2020-02-16,Imperial,025,180216,1,0,0,0,0
2020-02-16,Inyo,027,18085,0,0,0,0,0
2020-02-16,Kern,029,883053,2,0,0,0,0
2020-02-16,Kings,031,150075,1,0,0,0,0
2020-02-16,Lake,033,64148,0,0,0,0,0
2020-02-16,Lassen,035,31185,0,0,0,0,0
2020-02-16,Los Angeles,037,10098052,37,1,7,8,0
2020-02-16,Madera,039,155013,0,0,0,0,0
2020-02-16,Marin,041,260295,0,0,0,0,0
2020-02-16,Mariposa,043,17540,0,0,0,0,0
2020-02-16,Mendocino,045,87422,0,0,0,0,0
2020-02-16,Merced,047,269075,0,0,0,0,0
2020-02-16,Modoc,049,8938,0,0,0,0,0
2020-02-16,Mono,051,14174,0,0,0,0,0
2020-02-16,Monterey,053,433212,0,0,0,0,0
2020-02-16,Napa,055,140530,0,0,0,0,0
2020-02-16,Nevada,057,99092,0,0,0,0,0
2020-02-16,Orange,059,3164182,41,1,0,1,0
2020-02-16,Placer,061,380077,0,0,0,0,0
2020-02-16,Plumas,063,18699,0,0,0,0,0
2020-02-16,Riverside,065,2383286,5,0,0,0,0
2020-02-16,Sacramento,067,1510023,2,0,0,0,0
2020-02-16,San Benito,069,59416,0,2,0,2,0
2020-02-16,San Bernardino,071,2135413,9,0,0,0,0
2020-02-16,San Diego,073,3302833,4,2,0,2,0
2020-02-16,San Francisco,075,870044,2,0,0,0,0
2020-02-16,San Joaquin,077,732212,1,0,1,1,0
2020-02-16,San Luis Obispo,079,281455,1,0,0,0,0
2020-02-16,San Mateo,081,765935,4,0,0,0,0
2020-02-16,Santa Barbara,083,443738,0,0,0,0,0
2020-02-16,Santa Clara,085,1922200,10,2,1,3,0
2020-02-16,Santa Cruz,087,273765,0,0,0,0,0
2020-02-16,Shasta,089,179085,0,0,0,0,0
2020-02-16,Sierra,091,2930,0,0,0,0,0
2020-02-16,Siskiyou,093,43540,0,0,0,0,0
2020-02-16,Solano,095,438530,1,0,0,0,0
2020-02-16,Sonoma,097,501317,1,0,0,0,0
2020-02-16,Stanislaus,099,539301,1,0,2,2,0
2020-02-16,Sutter,101,95872,0,0,0,0,0
2020-02-16,Tehama,103,63373,0,0,0,0,0
2020-02-16,Trinity,105,12862,0,0,0,0,0
2020-02-16,Tulare,107,460477,2,0,0,0,0
2020-02-16,Tuolumne,109,53932,0,0,0,0,0
2020-02-16,Ventura,111,848112,2,0,0,0,0
2020-02-16,Yolo,113,214977,1,0,0,0,0
2020-02-16,Yuba,115,75493,0,0,0,0,0
2020-02-15,Alameda,001,1643700,5,0,0,0,0
2020-02-15,Alpine,003,1148,0,0,0,0,0
2020-02-15,Amador,005,37829,0,0,0,0,0
2020-02-15,Butte,007,227075,0,0,0,0,0
2020-02-15,Calaveras,009,45235,0,0,0,0,0
2020-02-15,Colusa,011,21464,0,0,0,0,0
2020-02-15,Contra Costa,013,1133247,3,0,0,0,0
2020-02-15,Del Norte,015,27424,0,0,0,0,0
2020-02-15,El Dorado,017,186661,0,0,0,0,0
2020-02-15,Fresno,019,978130,0,0,0,0,0
2020-02-15,Glenn,021,27897,0,0,0,0,0
2020-02-15,Humboldt,023,135768,1,0,0,0,0
2020-02-15,Imperial,025,180216,1,0,0,0,0
2020-02-15,Inyo,027,18085,0,0,0,0,0
2020-02-15,Kern,029,883053,2,0,0,0,0
2020-02-15,Kings,031,150075,1,0,0,0,0
2020-02-15,Lake,033,64148,0,0,0,0,0
2020-02-15,Lassen,035,31185,0,0,0,0,0
2020-02-15,Los Angeles,037,10098052,34,1,7,8,0
2020-02-15,Madera,039,155013,0,0,0,0,0
2020-02-15,Marin,041,260295,0,0,0,0,0
2020-02-15,Mariposa,043,17540,0,0,0,0,0
2020-02-15,Mendocino,045,87422,0,0,0,0,0
2020-02-15,Merced,047,269075,0,0,0,0,0
2020-02-15,Modoc,049,8938,0,0,0,0,0
2020-02-15,Mono,051,14174,0,0,0,0,0
2020-02-15,Monterey,053,433212,0,0,0,0,0
2020-02-15,Napa,055,140530,0,0,0,0,0
2020-02-15,Nevada,057,99092,0,0,0,0,0
2020-02-15,Orange,059,3164182,40,1,0,1,0
2020-02-15,Placer,061,380077,0,0,0,0,0
2020-02-15,Plumas,063,18699,0,0,0,0,0
2020-02-15,Riverside,065,2383286,4,0,0,0,0
2020-02-15,Sacramento,067,1510023,2,0,0,0,0
2020-02-15,San Benito,069,59416,0,2,0,2,0
2020-02-15,San Bernardino,071,2135413,8,0,0,0,0
2020-02-15,San Diego,073,3302833,4,2,0,2,0
2020-02-15,San Francisco,075,870044,2,0,0,0,0
2020-02-15,San Joaquin,077,732212,1,0,1,1,0
2020-02-15,San Luis Obispo,079,281455,1,0,0,0,0
2020-02-15,San Mateo,081,765935,4,0,0,0,0
2020-02-15,Santa Barbara,083,443738,0,0,0,0,0
2020-02-15,Santa Clara,085,1922200,10,2,1,3,0
2020-02-15,Santa Cruz,087,273765,0,0,0,0,0
2020-02-15,Shasta,089,179085,0,0,0,0,0
2020-02-15,Sierra,091,2930,0,0,0,0,0
2020-02-15,Siskiyou,093,43540,0,0,0,0,0
2020-02-15,Solano,095,438530,1,0,0,0,0
2020-02-15,Sonoma,097,501317,0,0,0,0,0
2020-02-15,Stanislaus,099,539301,1,0,2,2,0
2020-02-15,Sutter,101,95872,0,0,0,0,0
2020-02-15,Tehama,103,63373,0,0,0,0,0
2020-02-15,Trinity,105,12862,0,0,0,0,0
2020-02-15,Tulare,107,460477,2,0,0,0,0
2020-02-15,Tuolumne,109,53932,0,0,0,0,0
2020-02-15,Ventura,111,848112,2,0,0,0,0
2020-02-15,Yolo,113,214977,1,0,0,0,0
2020-02-15,Yuba,115,75493,0,0,0,0,0
2020-02-14,Alameda,001,1643700,4,0,0,0,0
2020-02-14,Alpine,003,1148,0,0,0,0,0
2020-02-14,Amador,005,37829,0,0,0,0,0
2020-02-14,Butte,007,227075,0,0,0,0,0
2020-02-14,Calaveras,009,45235,0,0,0,0,0
2020-02-14,Colusa,011,21464,0,0,0,0,0
2020-02-14,Contra Costa,013,1133247,3,0,0,0,0
2020-02-14,Del Norte,015,27424,0,0,0,0,0
2020-02-14,El Dorado,017,186661,0,0,0,0,0
2020-02-14,Fresno,019,978130,0,0,0,0,0
2020-02-14,Glenn,021,27897,0,0,0,0,0
2020-02-14,Humboldt,023,135768,1,0,0,0,0
2020-02-14,Imperial,025,180216,1,0,0,0,0
2020-02-14,Inyo,027,18085,0,0,0,0,0
2020-02-14,Kern,029,883053,2,0,0,0,0
2020-02-14,Kings,031,150075,1,0,0,0,0
2020-02-14,Lake,033,64148,0,0,0,0,0
2020-02-14,Lassen,035,31185,0,0,0,0,0
2020-02-14,Los Angeles,037,10098052,29,1,7,8,0
2020-02-14,Madera,039,155013,0,0,0,0,0
2020-02-14,Marin,041,260295,0,0,0,0,0
2020-02-14,Mariposa,043,17540,0,0,0,0,0
2020-02-14,Mendocino,045,87422,0,0,0,0,0
2020-02-14,Merced,047,269075,0,0,0,0,0
2020-02-14,Modoc,049,8938,0,0,0,0,0
2020-02-14,Mono,051,14174,0,0,0,0,0
2020-02-14,Monterey,053,433212,0,0,0,0,0
2020-02-14,Napa,055,140530,0,0,0,0,0
2020-02-14,Nevada,057,99092,0,0,0,0,0
2020-02-14,Orange,059,3164182,40,1,0,1,0
2020-02-14,Placer,061,380077,0,0,0,0,0
2020-02-14,Plumas,063,18699,0,0,0,0,0
2020-02-14,Riverside,065,2383286,4,0,0,0,0
2020-02-14,Sacramento,067,1510023,1,0,0,0,0
2020-02-14,San Benito,069,59416,0,2,0,2,0
2020-02-14,San Bernardino,071,2135413,8,0,0,0,0
2020-02-14,San Diego,073,3302833,3,2,0,2,0
2020-02-14,San Francisco,075,870044,2,0,0,0,0
2020-02-14,San Joaquin,077,732212,1,0,1,1,0
2020-02-14,San Luis Obispo,079,281455,0,0,0,0,0
2020-02-14,San Mateo,081,765935,3,0,0,0,0
2020-02-14,Santa Barbara,083,443738,0,0,0,0,0
2020-02-14,Santa Clara,085,1922200,8,2,1,3,0
2020-02-14,Santa Cruz,087,273765,0,0,0,0,0
2020-02-14,Shasta,089,179085,0,0,0,0,0
2020-02-14,Sierra,091,2930,0,0,0,0,0
2020-02-14,Siskiyou,093,43540,0,0,0,0,0
2020-02-14,Solano,095,438530,1,0,0,0,0
2020-02-14,Sonoma,097,501317,0,0,0,0,0
2020-02-14,Stanislaus,099,539301,1,0,2,2,0
2020-02-14,Sutter,101,95872,0,0,0,0,0
2020-02-14,Tehama,103,63373,0,0,0,0,0
2020-02-14,Trinity,105,12862,0,0,0,0,0
2020-02-14,Tulare,107,460477,2,0,0,0,0
2020-02-14,Tuolumne,109,53932,0,0,0,0,0
2020-02-14,Ventura,111,848112,2,0,0,0,0
2020-02-14,Yolo,113,214977,1,0,0,0,0
2020-02-14,Yuba,115,75493,0,0,0,0,0
2020-02-13,Alameda,001,1643700,4,0,0,0,0
2020-02-13,Alpine,003,1148,0,0,0,0,0
2020-02-13,Amador,005,37829,0,0,0,0,0
2020-02-13,Butte,007,227075,0,0,0,0,0
2020-02-13,Calaveras,009,45235,0,0,0,0,0
2020-02-13,Colusa,011,21464,0,0,0,0,0
2020-02-13,Contra Costa,013,1133247,3,0,0,0,0
2020-02-13,Del Norte,015,27424,0,0,0,0,0
2020-02-13,El Dorado,017,186661,0,0,0,0,0
2020-02-13,Fresno,019,978130,0,0,0,0,0
2020-02-13,Glenn,021,27897,0,0,0,0,0
2020-02-13,Humboldt,023,135768,1,0,0,0,0
2020-02-13,Imperial,025,180216,1,0,0,0,0
2020-02-13,Inyo,027,18085,0,0,0,0,0
2020-02-13,Kern,029,883053,2,0,0,0,0
2020-02-13,Kings,031,150075,1,0,0,0,0
2020-02-13,Lake,033,64148,0,0,0,0,0
2020-02-13,Lassen,035,31185,0,0,0,0,0
2020-02-13,Los Angeles,037,10098052,25,1,6,7,0
2020-02-13,Madera,039,155013,0,0,0,0,0
2020-02-13,Marin,041,260295,0,0,0,0,0
2020-02-13,Mariposa,043,17540,0,0,0,0,0
2020-02-13,Mendocino,045,87422,0,0,0,0,0
2020-02-13,Merced,047,269075,0,0,0,0,0
2020-02-13,Modoc,049,8938,0,0,0,0,0
2020-02-13,Mono,051,14174,0,0,0,0,0
2020-02-13,Monterey,053,433212,0,0,0,0,0
2020-02-13,Napa,055,140530,0,0,0,0,0
2020-02-13,Nevada,057,99092,0,0,0,0,0
2020-02-13,Orange,059,3164182,39,1,0,1,0
2020-02-13,Placer,061,380077,0,0,0,0,0
2020-02-13,Plumas,063,18699,0,0,0,0,0
2020-02-13,Riverside,065,2383286,4,0,0,0,0
2020-02-13,Sacramento,067,1510023,1,0,0,0,0
2020-02-13,San Benito,069,59416,0,2,0,2,0
2020-02-13,San Bernardino,071,2135413,8,0,0,0,0
2020-02-13,San Diego,073,3302833,2,2,0,2,0
2020-02-13,San Francisco,075,870044,2,0,0,0,0
2020-02-13,San Joaquin,077,732212,1,0,1,1,0
2020-02-13,San Luis Obispo,079,281455,0,0,0,0,0
2020-02-13,San Mateo,081,765935,2,0,0,0,0
2020-02-13,Santa Barbara,083,443738,0,0,0,0,0
2020-02-13,Santa Clara,085,1922200,7,2,0,2,0
2020-02-13,Santa Cruz,087,273765,0,0,0,0,0
2020-02-13,Shasta,089,179085,0,0,0,0,0
2020-02-13,Sierra,091,2930,0,0,0,0,0
2020-02-13,Siskiyou,093,43540,0,0,0,0,0
2020-02-13,Solano,095,438530,0,0,0,0,0
2020-02-13,Sonoma,097,501317,0,0,0,0,0
2020-02-13,Stanislaus,099,539301,1,0,1,1,0
2020-02-13,Sutter,101,95872,0,0,0,0,0
2020-02-13,Tehama,103,63373,0,0,0,0,0
2020-02-13,Trinity,105,12862,0,0,0,0,0
2020-02-13,Tulare,107,460477,2,0,0,0,0
2020-02-13,Tuolumne,109,53932,0,0,0,0,0
2020-02-13,Ventura,111,848112,2,0,0,0,0
2020-02-13,Yolo,113,214977,1,0,0,0,0
2020-02-13,Yuba,115,75493,0,0,0,0,0
2020-02-12,Alameda,001,1643700,4,0,0,0,0
2020-02-12,Alpine,003,1148,0,0,0,0,0
2020-02-12,Amador,005,37829,0,0,0,0,0
2020-02-12,Butte,007,227075,0,0,0,0,0
2020-02-12,Calaveras,009,45235,0,0,0,0,0
2020-02-12,Colusa,011,21464,0,0,0,0,0
2020-02-12,Contra Costa,013,1133247,3,0,0,0,0
2020-02-12,Del Norte,015,27424,0,0,0,0,0
2020-02-12,El Dorado,017,186661,0,0,0,0,0
2020-02-12,Fresno,019,978130,0,0,0,0,0
2020-02-12,Glenn,021,27897,0,0,0,0,0
2020-02-12,Humboldt,023,135768,1,0,0,0,0
2020-02-12,Imperial,025,180216,1,0,0,0,0
2020-02-12,Inyo,027,18085,0,0,0,0,0
2020-02-12,Kern,029,883053,2,0,0,0,0
2020-02-12,Kings,031,150075,1,0,0,0,0
2020-02-12,Lake,033,64148,0,0,0,0,0
2020-02-12,Lassen,035,31185,0,0,0,0,0
2020-02-12,Los Angeles,037,10098052,24,1,6,7,0
2020-02-12,Madera,039,155013,0,0,0,0,0
2020-02-12,Marin,041,260295,0,0,0,0,0
2020-02-12,Mariposa,043,17540,0,0,0,0,0
2020-02-12,Mendocino,045,87422,0,0,0,0,0
2020-02-12,Merced,047,269075,0,0,0,0,0
2020-02-12,Modoc,049,8938,0,0,0,0,0
2020-02-12,Mono,051,14174,0,0,0,0,0
2020-02-12,Monterey,053,433212,0,0,0,0,0
2020-02-12,Napa,055,140530,0,0,0,0,0
2020-02-12,Nevada,057,99092,0,0,0,0,0
2020-02-12,Orange,059,3164182,39,1,0,1,0
2020-02-12,Placer,061,380077,0,0,0,0,0
2020-02-12,Plumas,063,18699,0,0,0,0,0
2020-02-12,Riverside,065,2383286,4,0,0,0,0
2020-02-12,Sacramento,067,1510023,1,0,0,0,0
2020-02-12,San Benito,069,59416,0,2,0,2,0
2020-02-12,San Bernardino,071,2135413,8,0,0,0,0
2020-02-12,San Diego,073,3302833,2,2,0,2,0
2020-02-12,San Francisco,075,870044,2,0,0,0,0
2020-02-12,San Joaquin,077,732212,1,0,1,1,0
2020-02-12,San Luis Obispo,079,281455,0,0,0,0,0
2020-02-12,San Mateo,081,765935,2,0,0,0,0
2020-02-12,Santa Barbara,083,443738,0,0,0,0,0
2020-02-12,Santa Clara,085,1922200,6,2,0,2,0
2020-02-12,Santa Cruz,087,273765,0,0,0,0,0
2020-02-12,Shasta,089,179085,0,0,0,0,0
2020-02-12,Sierra,091,2930,0,0,0,0,0
2020-02-12,Siskiyou,093,43540,0,0,0,0,0
2020-02-12,Solano,095,438530,0,0,0,0,0
2020-02-12,Sonoma,097,501317,0,0,0,0,0
2020-02-12,Stanislaus,099,539301,1,0,1,1,0
2020-02-12,Sutter,101,95872,0,0,0,0,0
2020-02-12,Tehama,103,63373,0,0,0,0,0
2020-02-12,Trinity,105,12862,0,0,0,0,0
2020-02-12,Tulare,107,460477,2,0,0,0,0
2020-02-12,Tuolumne,109,53932,0,0,0,0,0
2020-02-12,Ventura,111,848112,2,0,0,0,0
2020-02-12,Yolo,113,214977,1,0,0,0,0
2020-02-12,Yuba,115,75493,0,0,0,0,0
2020-02-11,Alameda,001,1643700,4,0,0,0,0
2020-02-11,Alpine,003,1148,0,0,0,0,0
2020-02-11,Amador,005,37829,0,0,0,0,0
2020-02-11,Butte,007,227075,0,0,0,0,0
2020-02-11,Calaveras,009,45235,0,0,0,0,0
2020-02-11,Colusa,011,21464,0,0,0,0,0
2020-02-11,Contra Costa,013,1133247,3,0,0,0,0
2020-02-11,Del Norte,015,27424,0,0,0,0,0
2020-02-11,El Dorado,017,186661,0,0,0,0,0
2020-02-11,Fresno,019,978130,0,0,0,0,0
2020-02-11,Glenn,021,27897,0,0,0,0,0
2020-02-11,Humboldt,023,135768,1,0,0,0,0
2020-02-11,Imperial,025,180216,1,0,0,0,0
2020-02-11,Inyo,027,18085,0,0,0,0,0
2020-02-11,Kern,029,883053,2,0,0,0,0
2020-02-11,Kings,031,150075,1,0,0,0,0
2020-02-11,Lake,033,64148,0,0,0,0,0
2020-02-11,Lassen,035,31185,0,0,0,0,0
2020-02-11,Los Angeles,037,10098052,24,1,6,7,0
2020-02-11,Madera,039,155013,0,0,0,0,0
2020-02-11,Marin,041,260295,0,0,0,0,0
2020-02-11,Mariposa,043,17540,0,0,0,0,0
2020-02-11,Mendocino,045,87422,0,0,0,0,0
2020-02-11,Merced,047,269075,0,0,0,0,0
2020-02-11,Modoc,049,8938,0,0,0,0,0
2020-02-11,Mono,051,14174,0,0,0,0,0
2020-02-11,Monterey,053,433212,0,0,0,0,0
2020-02-11,Napa,055,140530,0,0,0,0,0
2020-02-11,Nevada,057,99092,0,0,0,0,0
2020-02-11,Orange,059,3164182,38,1,0,1,0
2020-02-11,Placer,061,380077,0,0,0,0,0
2020-02-11,Plumas,063,18699,0,0,0,0,0
2020-02-11,Riverside,065,2383286,4,0,0,0,0
2020-02-11,Sacramento,067,1510023,1,0,0,0,0
2020-02-11,San Benito,069,59416,0,2,0,2,0
2020-02-11,San Bernardino,071,2135413,8,0,0,0,0
2020-02-11,San Diego,073,3302833,2,1,0,1,0
2020-02-11,San Francisco,075,870044,2,0,0,0,0
2020-02-11,San Joaquin,077,732212,0,0,1,1,0
2020-02-11,San Luis Obispo,079,281455,0,0,0,0,0
2020-02-11,San Mateo,081,765935,2,0,0,0,0
2020-02-11,Santa Barbara,083,443738,0,0,0,0,0
2020-02-11,Santa Clara,085,1922200,5,2,0,2,0
2020-02-11,Santa Cruz,087,273765,0,0,0,0,0
2020-02-11,Shasta,089,179085,0,0,0,0,0
2020-02-11,Sierra,091,2930,0,0,0,0,0
2020-02-11,Siskiyou,093,43540,0,0,0,0,0
2020-02-11,Solano,095,438530,0,0,0,0,0
2020-02-11,Sonoma,097,501317,0,0,0,0,0
2020-02-11,Stanislaus,099,539301,1,0,1,1,0
2020-02-11,Sutter,101,95872,0,0,0,0,0
2020-02-11,Tehama,103,63373,0,0,0,0,0
2020-02-11,Trinity,105,12862,0,0,0,0,0
2020-02-11,Tulare,107,460477,2,0,0,0,0
2020-02-11,Tuolumne,109,53932,0,0,0,0,0
2020-02-11,Ventura,111,848112,2,0,0,0,0
2020-02-11,Yolo,113,214977,1,0,0,0,0
2020-02-11,Yuba,115,75493,0,0,0,0,0
2020-02-10,Alameda,001,1643700,4,0,0,0,0
2020-02-10,Alpine,003,1148,0,0,0,0,0
2020-02-10,Amador,005,37829,0,0,0,0,0
2020-02-10,Butte,007,227075,0,0,0,0,0
2020-02-10,Calaveras,009,45235,0,0,0,0,0
2020-02-10,Colusa,011,21464,0,0,0,0,0
2020-02-10,Contra Costa,013,1133247,3,0,0,0,0
2020-02-10,Del Norte,015,27424,0,0,0,0,0
2020-02-10,El Dorado,017,186661,0,0,0,0,0
2020-02-10,Fresno,019,978130,0,0,0,0,0
2020-02-10,Glenn,021,27897,0,0,0,0,0
2020-02-10,Humboldt,023,135768,0,0,0,0,0
2020-02-10,Imperial,025,180216,1,0,0,0,0
2020-02-10,Inyo,027,18085,0,0,0,0,0
2020-02-10,Kern,029,883053,2,0,0,0,0
2020-02-10,Kings,031,150075,1,0,0,0,0
2020-02-10,Lake,033,64148,0,0,0,0,0
2020-02-10,Lassen,035,31185,0,0,0,0,0
2020-02-10,Los Angeles,037,10098052,22,1,6,7,0
2020-02-10,Madera,039,155013,0,0,0,0,0
2020-02-10,Marin,041,260295,0,0,0,0,0
2020-02-10,Mariposa,043,17540,0,0,0,0,0
2020-02-10,Mendocino,045,87422,0,0,0,0,0
2020-02-10,Merced,047,269075,0,0,0,0,0
2020-02-10,Modoc,049,8938,0,0,0,0,0
2020-02-10,Mono,051,14174,0,0,0,0,0
2020-02-10,Monterey,053,433212,0,0,0,0,0
2020-02-10,Napa,055,140530,0,0,0,0,0
2020-02-10,Nevada,057,99092,0,0,0,0,0
2020-02-10,Orange,059,3164182,38,1,0,1,0
2020-02-10,Placer,061,380077,0,0,0,0,0
2020-02-10,Plumas,063,18699,0,0,0,0,0
2020-02-10,Riverside,065,2383286,4,0,0,0,0
2020-02-10,Sacramento,067,1510023,1,0,0,0,0
2020-02-10,San Benito,069,59416,0,2,0,2,0
2020-02-10,San Bernardino,071,2135413,7,0,0,0,0
2020-02-10,San Diego,073,3302833,2,0,0,0,0
2020-02-10,San Francisco,075,870044,2,0,0,0,0
2020-02-10,San Joaquin,077,732212,0,0,1,1,0
2020-02-10,San Luis Obispo,079,281455,0,0,0,0,0
2020-02-10,San Mateo,081,765935,2,0,0,0,0
2020-02-10,Santa Barbara,083,443738,0,0,0,0,0
2020-02-10,Santa Clara,085,1922200,5,2,0,2,0
2020-02-10,Santa Cruz,087,273765,0,0,0,0,0
2020-02-10,Shasta,089,179085,0,0,0,0,0
2020-02-10,Sierra,091,2930,0,0,0,0,0
2020-02-10,Siskiyou,093,43540,0,0,0,0,0
2020-02-10,Solano,095,438530,0,0,0,0,0
2020-02-10,Sonoma,097,501317,0,0,0,0,0
2020-02-10,Stanislaus,099,539301,1,0,0,0,0
2020-02-10,Sutter,101,95872,0,0,0,0,0
2020-02-10,Tehama,103,63373,0,0,0,0,0
2020-02-10,Trinity,105,12862,0,0,0,0,0
2020-02-10,Tulare,107,460477,2,0,0,0,0
2020-02-10,Tuolumne,109,53932,0,0,0,0,0
2020-02-10,Ventura,111,848112,2,0,0,0,0
2020-02-10,Yolo,113,214977,1,0,0,0,0
2020-02-10,Yuba,115,75493,0,0,0,0,0
2020-02-09,Alameda,001,1643700,4,0,0,0,0
2020-02-09,Alpine,003,1148,0,0,0,0,0
2020-02-09,Amador,005,37829,0,0,0,0,0
2020-02-09,Butte,007,227075,0,0,0,0,0
2020-02-09,Calaveras,009,45235,0,0,0,0,0
2020-02-09,Colusa,011,21464,0,0,0,0,0
2020-02-09,Contra Costa,013,1133247,3,0,0,0,0
2020-02-09,Del Norte,015,27424,0,0,0,0,0
2020-02-09,El Dorado,017,186661,0,0,0,0,0
2020-02-09,Fresno,019,978130,0,0,0,0,0
2020-02-09,Glenn,021,27897,0,0,0,0,0
2020-02-09,Humboldt,023,135768,0,0,0,0,0
2020-02-09,Imperial,025,180216,1,0,0,0,0
2020-02-09,Inyo,027,18085,0,0,0,0,0
2020-02-09,Kern,029,883053,2,0,0,0,0
2020-02-09,Kings,031,150075,1,0,0,0,0
2020-02-09,Lake,033,64148,0,0,0,0,0
2020-02-09,Lassen,035,31185,0,0,0,0,0
2020-02-09,Los Angeles,037,10098052,21,1,6,7,0
2020-02-09,Madera,039,155013,0,0,0,0,0
2020-02-09,Marin,041,260295,0,0,0,0,0
2020-02-09,Mariposa,043,17540,0,0,0,0,0
2020-02-09,Mendocino,045,87422,0,0,0,0,0
2020-02-09,Merced,047,269075,0,0,0,0,0
2020-02-09,Modoc,049,8938,0,0,0,0,0
2020-02-09,Mono,051,14174,0,0,0,0,0
2020-02-09,Monterey,053,433212,0,0,0,0,0
2020-02-09,Napa,055,140530,0,0,0,0,0
2020-02-09,Nevada,057,99092,0,0,0,0,0
2020-02-09,Orange,059,3164182,37,1,0,1,0
2020-02-09,Placer,061,380077,0,0,0,0,0
2020-02-09,Plumas,063,18699,0,0,0,0,0
2020-02-09,Riverside,065,2383286,4,0,0,0,0
2020-02-09,Sacramento,067,1510023,0,0,0,0,0
2020-02-09,San Benito,069,59416,0,2,0,2,0
2020-02-09,San Bernardino,071,2135413,7,0,0,0,0
2020-02-09,San Diego,073,3302833,2,0,0,0,0
2020-02-09,San Francisco,075,870044,1,0,0,0,0
2020-02-09,San Joaquin,077,732212,0,0,1,1,0
2020-02-09,San Luis Obispo,079,281455,0,0,0,0,0
2020-02-09,San Mateo,081,765935,2,0,0,0,0
2020-02-09,Santa Barbara,083,443738,0,0,0,0,0
2020-02-09,Santa Clara,085,1922200,4,2,0,2,0
2020-02-09,Santa Cruz,087,273765,0,0,0,0,0
2020-02-09,Shasta,089,179085,0,0,0,0,0
2020-02-09,Sierra,091,2930,0,0,0,0,0
2020-02-09,Siskiyou,093,43540,0,0,0,0,0
2020-02-09,Solano,095,438530,0,0,0,0,0
2020-02-09,Sonoma,097,501317,0,0,0,0,0
2020-02-09,Stanislaus,099,539301,0,0,0,0,0
2020-02-09,Sutter,101,95872,0,0,0,0,0
2020-02-09,Tehama,103,63373,0,0,0,0,0
2020-02-09,Trinity,105,12862,0,0,0,0,0
2020-02-09,Tulare,107,460477,2,0,0,0,0
2020-02-09,Tuolumne,109,53932,0,0,0,0,0
2020-02-09,Ventura,111,848112,1,0,0,0,0
2020-02-09,Yolo,113,214977,1,0,0,0,0
2020-02-09,Yuba,115,75493,0,0,0,0,0
2020-02-08,Alameda,001,1643700,3,0,0,0,0
2020-02-08,Alpine,003,1148,0,0,0,0,0
2020-02-08,Amador,005,37829,0,0,0,0,0
2020-02-08,Butte,007,227075,0,0,0,0,0
2020-02-08,Calaveras,009,45235,0,0,0,0,0
2020-02-08,Colusa,011,21464,0,0,0,0,0
2020-02-08,Contra Costa,013,1133247,2,0,0,0,0
2020-02-08,Del Norte,015,27424,0,0,0,0,0
2020-02-08,El Dorado,017,186661,0,0,0,0,0
2020-02-08,Fresno,019,978130,0,0,0,0,0
2020-02-08,Glenn,021,27897,0,0,0,0,0
2020-02-08,Humboldt,023,135768,0,0,0,0,0
2020-02-08,Imperial,025,180216,1,0,0,0,0
2020-02-08,Inyo,027,18085,0,0,0,0,0
2020-02-08,Kern,029,883053,2,0,0,0,0
2020-02-08,Kings,031,150075,1,0,0,0,0
2020-02-08,Lake,033,64148,0,0,0,0,0
2020-02-08,Lassen,035,31185,0,0,0,0,0
2020-02-08,Los Angeles,037,10098052,18,1,3,4,0
2020-02-08,Madera,039,155013,0,0,0,0,0
2020-02-08,Marin,041,260295,0,0,0,0,0
2020-02-08,Mariposa,043,17540,0,0,0,0,0
2020-02-08,Mendocino,045,87422,0,0,0,0,0
2020-02-08,Merced,047,269075,0,0,0,0,0
2020-02-08,Modoc,049,8938,0,0,0,0,0
2020-02-08,Mono,051,14174,0,0,0,0,0
2020-02-08,Monterey,053,433212,0,0,0,0,0
2020-02-08,Napa,055,140530,0,0,0,0,0
2020-02-08,Nevada,057,99092,0,0,0,0,0
2020-02-08,Orange,059,3164182,37,1,0,1,0
2020-02-08,Placer,061,380077,0,0,0,0,0
2020-02-08,Plumas,063,18699,0,0,0,0,0
2020-02-08,Riverside,065,2383286,4,0,0,0,0
2020-02-08,Sacramento,067,1510023,0,0,0,0,0
2020-02-08,San Benito,069,59416,0,2,0,2,0
2020-02-08,San Bernardino,071,2135413,7,0,0,0,0
2020-02-08,San Diego,073,3302833,1,0,0,0,0
2020-02-08,San Francisco,075,870044,1,0,0,0,0
2020-02-08,San Joaquin,077,732212,0,0,1,1,0
2020-02-08,San Luis Obispo,079,281455,0,0,0,0,0
2020-02-08,San Mateo,081,765935,2,0,0,0,0
2020-02-08,Santa Barbara,083,443738,0,0,0,0,0
2020-02-08,Santa Clara,085,1922200,4,2,0,2,0
2020-02-08,Santa Cruz,087,273765,0,0,0,0,0
2020-02-08,Shasta,089,179085,0,0,0,0,0
2020-02-08,Sierra,091,2930,0,0,0,0,0
2020-02-08,Siskiyou,093,43540,0,0,0,0,0
2020-02-08,Solano,095,438530,0,0,0,0,0
2020-02-08,Sonoma,097,501317,0,0,0,0,0
2020-02-08,Stanislaus,099,539301,0,0,0,0,0
2020-02-08,Sutter,101,95872,0,0,0,0,0
2020-02-08,Tehama,103,63373,0,0,0,0,0
2020-02-08,Trinity,105,12862,0,0,0,0,0
2020-02-08,Tulare,107,460477,2,0,0,0,0
2020-02-08,Tuolumne,109,53932,0,0,0,0,0
2020-02-08,Ventura,111,848112,1,0,0,0,0
2020-02-08,Yolo,113,214977,1,0,0,0,0
2020-02-08,Yuba,115,75493,0,0,0,0,0
2020-02-07,Alameda,001,1643700,3,0,0,0,0
2020-02-07,Alpine,003,1148,0,0,0,0,0
2020-02-07,Amador,005,37829,0,0,0,0,0
2020-02-07,Butte,007,227075,0,0,0,0,0
2020-02-07,Calaveras,009,45235,0,0,0,0,0
2020-02-07,Colusa,011,21464,0,0,0,0,0
2020-02-07,Contra Costa,013,1133247,2,0,0,0,0
2020-02-07,Del Norte,015,27424,0,0,0,0,0
2020-02-07,El Dorado,017,186661,0,0,0,0,0
2020-02-07,Fresno,019,978130,0,0,0,0,0
2020-02-07,Glenn,021,27897,0,0,0,0,0
2020-02-07,Humboldt,023,135768,0,0,0,0,0
2020-02-07,Imperial,025,180216,1,0,0,0,0
2020-02-07,Inyo,027,18085,0,0,0,0,0
2020-02-07,Kern,029,883053,2,0,0,0,0
2020-02-07,Kings,031,150075,1,0,0,0,0
2020-02-07,Lake,033,64148,0,0,0,0,0
2020-02-07,Lassen,035,31185,0,0,0,0,0
2020-02-07,Los Angeles,037,10098052,17,1,2,3,0
2020-02-07,Madera,039,155013,0,0,0,0,0
2020-02-07,Marin,041,260295,0,0,0,0,0
2020-02-07,Mariposa,043,17540,0,0,0,0,0
2020-02-07,Mendocino,045,87422,0,0,0,0,0
2020-02-07,Merced,047,269075,0,0,0,0,0
2020-02-07,Modoc,049,8938,0,0,0,0,0
2020-02-07,Mono,051,14174,0,0,0,0,0
2020-02-07,Monterey,053,433212,0,0,0,0,0
2020-02-07,Napa,055,140530,0,0,0,0,0
2020-02-07,Nevada,057,99092,0,0,0,0,0
2020-02-07,Orange,059,3164182,35,1,0,1,0
2020-02-07,Placer,061,380077,0,0,0,0,0
2020-02-07,Plumas,063,18699,0,0,0,0,0
2020-02-07,Riverside,065,2383286,4,0,0,0,0
2020-02-07,Sacramento,067,1510023,0,0,0,0,0
2020-02-07,San Benito,069,59416,0,2,0,2,0
2020-02-07,San Bernardino,071,2135413,4,0,0,0,0
2020-02-07,San Diego,073,3302833,1,0,0,0,0
2020-02-07,San Francisco,075,870044,1,0,0,0,0
2020-02-07,San Joaquin,077,732212,0,0,1,1,0
2020-02-07,San Luis Obispo,079,281455,0,0,0,0,0
2020-02-07,San Mateo,081,765935,1,0,0,0,0
2020-02-07,Santa Barbara,083,443738,0,0,0,0,0
2020-02-07,Santa Clara,085,1922200,4,2,0,2,0
2020-02-07,Santa Cruz,087,273765,0,0,0,0,0
2020-02-07,Shasta,089,179085,0,0,0,0,0
2020-02-07,Sierra,091,2930,0,0,0,0,0
2020-02-07,Siskiyou,093,43540,0,0,0,0,0
2020-02-07,Solano,095,438530,0,0,0,0,0
2020-02-07,Sonoma,097,501317,0,0,0,0,0
2020-02-07,Stanislaus,099,539301,0,0,0,0,0
2020-02-07,Sutter,101,95872,0,0,0,0,0
2020-02-07,Tehama,103,63373,0,0,0,0,0
2020-02-07,Trinity,105,12862,0,0,0,0,0
2020-02-07,Tulare,107,460477,2,0,0,0,0
2020-02-07,Tuolumne,109,53932,0,0,0,0,0
2020-02-07,Ventura,111,848112,1,0,0,0,0
2020-02-07,Yolo,113,214977,1,0,0,0,0
2020-02-07,Yuba,115,75493,0,0,0,0,0
2020-02-06,Alameda,001,1643700,3,0,0,0,0
2020-02-06,Alpine,003,1148,0,0,0,0,0
2020-02-06,Amador,005,37829,0,0,0,0,0
2020-02-06,Butte,007,227075,0,0,0,0,0
2020-02-06,Calaveras,009,45235,0,0,0,0,0
2020-02-06,Colusa,011,21464,0,0,0,0,0
2020-02-06,Contra Costa,013,1133247,2,0,0,0,0
2020-02-06,Del Norte,015,27424,0,0,0,0,0
2020-02-06,El Dorado,017,186661,0,0,0,0,0
2020-02-06,Fresno,019,978130,0,0,0,0,0
2020-02-06,Glenn,021,27897,0,0,0,0,0
2020-02-06,Humboldt,023,135768,0,0,0,0,0
2020-02-06,Imperial,025,180216,1,0,0,0,0
2020-02-06,Inyo,027,18085,0,0,0,0,0
2020-02-06,Kern,029,883053,2,0,0,0,0
2020-02-06,Kings,031,150075,0,0,0,0,0
2020-02-06,Lake,033,64148,0,0,0,0,0
2020-02-06,Lassen,035,31185,0,0,0,0,0
2020-02-06,Los Angeles,037,10098052,16,1,2,3,0
2020-02-06,Madera,039,155013,0,0,0,0,0
2020-02-06,Marin,041,260295,0,0,0,0,0
2020-02-06,Mariposa,043,17540,0,0,0,0,0
2020-02-06,Mendocino,045,87422,0,0,0,0,0
2020-02-06,Merced,047,269075,0,0,0,0,0
2020-02-06,Modoc,049,8938,0,0,0,0,0
2020-02-06,Mono,051,14174,0,0,0,0,0
2020-02-06,Monterey,053,433212,0,0,0,0,0
2020-02-06,Napa,055,140530,0,0,0,0,0
2020-02-06,Nevada,057,99092,0,0,0,0,0
2020-02-06,Orange,059,3164182,5,1,0,1,0
2020-02-06,Placer,061,380077,0,0,0,0,0
2020-02-06,Plumas,063,18699,0,0,0,0,0
2020-02-06,Riverside,065,2383286,4,0,0,0,0
2020-02-06,Sacramento,067,1510023,0,0,0,0,0
2020-02-06,San Benito,069,59416,0,2,0,2,0
2020-02-06,San Bernardino,071,2135413,4,0,0,0,0
2020-02-06,San Diego,073,3302833,1,0,0,0,0
2020-02-06,San Francisco,075,870044,1,0,0,0,0
2020-02-06,San Joaquin,077,732212,0,0,1,1,0
2020-02-06,San Luis Obispo,079,281455,0,0,0,0,0
2020-02-06,San Mateo,081,765935,1,0,0,0,0
2020-02-06,Santa Barbara,083,443738,0,0,0,0,0
2020-02-06,Santa Clara,085,1922200,4,2,0,2,0
2020-02-06,Santa Cruz,087,273765,0,0,0,0,0
2020-02-06,Shasta,089,179085,0,0,0,0,0
2020-02-06,Sierra,091,2930,0,0,0,0,0
2020-02-06,Siskiyou,093,43540,0,0,0,0,0
2020-02-06,Solano,095,438530,0,0,0,0,0
2020-02-06,Sonoma,097,501317,0,0,0,0,0
2020-02-06,Stanislaus,099,539301,0,0,0,0,0
2020-02-06,Sutter,101,95872,0,0,0,0,0
2020-02-06,Tehama,103,63373,0,0,0,0,0
2020-02-06,Trinity,105,12862,0,0,0,0,0
2020-02-06,Tulare,107,460477,2,0,0,0,0
2020-02-06,Tuolumne,109,53932,0,0,0,0,0
2020-02-06,Ventura,111,848112,1,0,0,0,0
2020-02-06,Yolo,113,214977,1,0,0,0,0
2020-02-06,Yuba,115,75493,0,0,0,0,0
2020-02-05,Alameda,001,1643700,3,0,0,0,0
2020-02-05,Alpine,003,1148,0,0,0,0,0
2020-02-05,Amador,005,37829,0,0,0,0,0
2020-02-05,Butte,007,227075,0,0,0,0,0
2020-02-05,Calaveras,009,45235,0,0,0,0,0
2020-02-05,Colusa,011,21464,0,0,0,0,0
2020-02-05,Contra Costa,013,1133247,2,0,0,0,0
2020-02-05,Del Norte,015,27424,0,0,0,0,0
2020-02-05,El Dorado,017,186661,0,0,0,0,0
2020-02-05,Fresno,019,978130,0,0,0,0,0
2020-02-05,Glenn,021,27897,0,0,0,0,0
2020-02-05,Humboldt,023,135768,0,0,0,0,0
2020-02-05,Imperial,025,180216,1,0,0,0,0
2020-02-05,Inyo,027,18085,0,0,0,0,0
2020-02-05,Kern,029,883053,1,0,0,0,0
2020-02-05,Kings,031,150075,0,0,0,0,0
2020-02-05,Lake,033,64148,0,0,0,0,0
2020-02-05,Lassen,035,31185,0,0,0,0,0
2020-02-05,Los Angeles,037,10098052,16,1,1,2,0
2020-02-05,Madera,039,155013,0,0,0,0,0
2020-02-05,Marin,041,260295,0,0,0,0,0
2020-02-05,Mariposa,043,17540,0,0,0,0,0
2020-02-05,Mendocino,045,87422,0,0,0,0,0
2020-02-05,Merced,047,269075,0,0,0,0,0
2020-02-05,Modoc,049,8938,0,0,0,0,0
2020-02-05,Mono,051,14174,0,0,0,0,0
2020-02-05,Monterey,053,433212,0,0,0,0,0
2020-02-05,Napa,055,140530,0,0,0,0,0
2020-02-05,Nevada,057,99092,0,0,0,0,0
2020-02-05,Orange,059,3164182,4,1,0,1,0
2020-02-05,Placer,061,380077,0,0,0,0,0
2020-02-05,Plumas,063,18699,0,0,0,0,0
2020-02-05,Riverside,065,2383286,4,0,0,0,0
2020-02-05,Sacramento,067,1510023,0,0,0,0,0
2020-02-05,San Benito,069,59416,0,2,0,2,0
2020-02-05,San Bernardino,071,2135413,4,0,0,0,0
2020-02-05,San Diego,073,3302833,0,0,0,0,0
2020-02-05,San Francisco,075,870044,1,0,0,0,0
2020-02-05,San Joaquin,077,732212,0,0,1,1,0
2020-02-05,San Luis Obispo,079,281455,0,0,0,0,0
2020-02-05,San Mateo,081,765935,1,0,0,0,0
2020-02-05,Santa Barbara,083,443738,0,0,0,0,0
2020-02-05,Santa Clara,085,1922200,2,2,0,2,0
2020-02-05,Santa Cruz,087,273765,0,0,0,0,0
2020-02-05,Shasta,089,179085,0,0,0,0,0
2020-02-05,Sierra,091,2930,0,0,0,0,0
2020-02-05,Siskiyou,093,43540,0,0,0,0,0
2020-02-05,Solano,095,438530,0,0,0,0,0
2020-02-05,Sonoma,097,501317,0,0,0,0,0
2020-02-05,Stanislaus,099,539301,0,0,0,0,0
2020-02-05,Sutter,101,95872,0,0,0,0,0
2020-02-05,Tehama,103,63373,0,0,0,0,0
2020-02-05,Trinity,105,12862,0,0,0,0,0
2020-02-05,Tulare,107,460477,2,0,0,0,0
2020-02-05,Tuolumne,109,53932,0,0,0,0,0
2020-02-05,Ventura,111,848112,0,0,0,0,0
2020-02-05,Yolo,113,214977,1,0,0,0,0
2020-02-05,Yuba,115,75493,0,0,0,0,0
2020-02-04,Alameda,001,1643700,3,0,0,0,0
2020-02-04,Alpine,003,1148,0,0,0,0,0
2020-02-04,Amador,005,37829,0,0,0,0,0
2020-02-04,Butte,007,227075,0,0,0,0,0
2020-02-04,Calaveras,009,45235,0,0,0,0,0
2020-02-04,Colusa,011,21464,0,0,0,0,0
2020-02-04,Contra Costa,013,1133247,2,0,0,0,0
2020-02-04,Del Norte,015,27424,0,0,0,0,0
2020-02-04,El Dorado,017,186661,0,0,0,0,0
2020-02-04,Fresno,019,978130,0,0,0,0,0
2020-02-04,Glenn,021,27897,0,0,0,0,0
2020-02-04,Humboldt,023,135768,0,0,0,0,0
2020-02-04,Imperial,025,180216,1,0,0,0,0
2020-02-04,Inyo,027,18085,0,0,0,0,0
2020-02-04,Kern,029,883053,0,0,0,0,0
2020-02-04,Kings,031,150075,0,0,0,0,0
2020-02-04,Lake,033,64148,0,0,0,0,0
2020-02-04,Lassen,035,31185,0,0,0,0,0
2020-02-04,Los Angeles,037,10098052,16,1,1,2,0
2020-02-04,Madera,039,155013,0,0,0,0,0
2020-02-04,Marin,041,260295,0,0,0,0,0
2020-02-04,Mariposa,043,17540,0,0,0,0,0
2020-02-04,Mendocino,045,87422,0,0,0,0,0
2020-02-04,Merced,047,269075,0,0,0,0,0
2020-02-04,Modoc,049,8938,0,0,0,0,0
2020-02-04,Mono,051,14174,0,0,0,0,0
2020-02-04,Monterey,053,433212,0,0,0,0,0
2020-02-04,Napa,055,140530,0,0,0,0,0
2020-02-04,Nevada,057,99092,0,0,0,0,0
2020-02-04,Orange,059,3164182,4,1,0,1,0
2020-02-04,Placer,061,380077,0,0,0,0,0
2020-02-04,Plumas,063,18699,0,0,0,0,0
2020-02-04,Riverside,065,2383286,4,0,0,0,0
2020-02-04,Sacramento,067,1510023,0,0,0,0,0
2020-02-04,San Benito,069,59416,0,2,0,2,0
2020-02-04,San Bernardino,071,2135413,3,0,0,0,0
2020-02-04,San Diego,073,3302833,0,0,0,0,0
2020-02-04,San Francisco,075,870044,1,0,0,0,0
2020-02-04,San Joaquin,077,732212,0,0,1,1,0
2020-02-04,San Luis Obispo,079,281455,0,0,0,0,0
2020-02-04,San Mateo,081,765935,0,0,0,0,0
2020-02-04,Santa Barbara,083,443738,0,0,0,0,0
2020-02-04,Santa Clara,085,1922200,2,2,0,2,0
2020-02-04,Santa Cruz,087,273765,0,0,0,0,0
2020-02-04,Shasta,089,179085,0,0,0,0,0
2020-02-04,Sierra,091,2930,0,0,0,0,0
2020-02-04,Siskiyou,093,43540,0,0,0,0,0
2020-02-04,Solano,095,438530,0,0,0,0,0
2020-02-04,Sonoma,097,501317,0,0,0,0,0
2020-02-04,Stanislaus,099,539301,0,0,0,0,0
2020-02-04,Sutter,101,95872,0,0,0,0,0
2020-02-04,Tehama,103,63373,0,0,0,0,0
2020-02-04,Trinity,105,12862,0,0,0,0,0
2020-02-04,Tulare,107,460477,2,0,0,0,0
2020-02-04,Tuolumne,109,53932,0,0,0,0,0
2020-02-04,Ventura,111,848112,0,0,0,0,0
2020-02-04,Yolo,113,214977,1,0,0,0,0
2020-02-04,Yuba,115,75493,0,0,0,0,0
2020-02-03,Alameda,001,1643700,3,0,0,0,0
2020-02-03,Alpine,003,1148,0,0,0,0,0
2020-02-03,Amador,005,37829,0,0,0,0,0
2020-02-03,Butte,007,227075,0,0,0,0,0
2020-02-03,Calaveras,009,45235,0,0,0,0,0
2020-02-03,Colusa,011,21464,0,0,0,0,0
2020-02-03,Contra Costa,013,1133247,2,0,0,0,0
2020-02-03,Del Norte,015,27424,0,0,0,0,0
2020-02-03,El Dorado,017,186661,0,0,0,0,0
2020-02-03,Fresno,019,978130,0,0,0,0,0
2020-02-03,Glenn,021,27897,0,0,0,0,0
2020-02-03,Humboldt,023,135768,0,0,0,0,0
2020-02-03,Imperial,025,180216,1,0,0,0,0
2020-02-03,Inyo,027,18085,0,0,0,0,0
2020-02-03,Kern,029,883053,0,0,0,0,0
2020-02-03,Kings,031,150075,0,0,0,0,0
2020-02-03,Lake,033,64148,0,0,0,0,0
2020-02-03,Lassen,035,31185,0,0,0,0,0
2020-02-03,Los Angeles,037,10098052,16,1,0,1,0
2020-02-03,Madera,039,155013,0,0,0,0,0
2020-02-03,Marin,041,260295,0,0,0,0,0
2020-02-03,Mariposa,043,17540,0,0,0,0,0
2020-02-03,Mendocino,045,87422,0,0,0,0,0
2020-02-03,Merced,047,269075,0,0,0,0,0
2020-02-03,Modoc,049,8938,0,0,0,0,0
2020-02-03,Mono,051,14174,0,0,0,0,0
2020-02-03,Monterey,053,433212,0,0,0,0,0
2020-02-03,Napa,055,140530,0,0,0,0,0
2020-02-03,Nevada,057,99092,0,0,0,0,0
2020-02-03,Orange,059,3164182,3,1,0,1,0
2020-02-03,Placer,061,380077,0,0,0,0,0
2020-02-03,Plumas,063,18699,0,0,0,0,0
2020-02-03,Riverside,065,2383286,4,0,0,0,0
2020-02-03,Sacramento,067,1510023,0,0,0,0,0
2020-02-03,San Benito,069,59416,0,2,0,2,0
2020-02-03,San Bernardino,071,2135413,3,0,0,0,0
2020-02-03,San Diego,073,3302833,0,0,0,0,0
2020-02-03,San Francisco,075,870044,1,0,0,0,0
2020-02-03,San Joaquin,077,732212,0,0,1,1,0
2020-02-03,San Luis Obispo,079,281455,0,0,0,0,0
2020-02-03,San Mateo,081,765935,0,0,0,0,0
2020-02-03,Santa Barbara,083,443738,0,0,0,0,0
2020-02-03,Santa Clara,085,1922200,2,2,0,2,0
2020-02-03,Santa Cruz,087,273765,0,0,0,0,0
2020-02-03,Shasta,089,179085,0,0,0,0,0
2020-02-03,Sierra,091,2930,0,0,0,0,0
2020-02-03,Siskiyou,093,43540,0,0,0,0,0
2020-02-03,Solano,095,438530,0,0,0,0,0
2020-02-03,Sonoma,097,501317,0,0,0,0,0
2020-02-03,Stanislaus,099,539301,0,0,0,0,0
2020-02-03,Sutter,101,95872,0,0,0,0,0
2020-02-03,Tehama,103,63373,0,0,0,0,0
2020-02-03,Trinity,105,12862,0,0,0,0,0
2020-02-03,Tulare,107,460477,2,0,0,0,0
2020-02-03,Tuolumne,109,53932,0,0,0,0,0
2020-02-03,Ventura,111,848112,0,0,0,0,0
2020-02-03,Yolo,113,214977,1,0,0,0,0
2020-02-03,Yuba,115,75493,0,0,0,0,0
2020-02-02,Alameda,001,1643700,3,0,0,0,0
2020-02-02,Alpine,003,1148,0,0,0,0,0
2020-02-02,Amador,005,37829,0,0,0,0,0
2020-02-02,Butte,007,227075,0,0,0,0,0
2020-02-02,Calaveras,009,45235,0,0,0,0,0
2020-02-02,Colusa,011,21464,0,0,0,0,0
2020-02-02,Contra Costa,013,1133247,1,0,0,0,0
2020-02-02,Del Norte,015,27424,0,0,0,0,0
2020-02-02,El Dorado,017,186661,0,0,0,0,0
2020-02-02,Fresno,019,978130,0,0,0,0,0
2020-02-02,Glenn,021,27897,0,0,0,0,0
2020-02-02,Humboldt,023,135768,0,0,0,0,0
2020-02-02,Imperial,025,180216,1,0,0,0,0
2020-02-02,Inyo,027,18085,0,0,0,0,0
2020-02-02,Kern,029,883053,0,0,0,0,0
2020-02-02,Kings,031,150075,0,0,0,0,0
2020-02-02,Lake,033,64148,0,0,0,0,0
2020-02-02,Lassen,035,31185,0,0,0,0,0
2020-02-02,Los Angeles,037,10098052,14,1,0,1,0
2020-02-02,Madera,039,155013,0,0,0,0,0
2020-02-02,Marin,041,260295,0,0,0,0,0
2020-02-02,Mariposa,043,17540,0,0,0,0,0
2020-02-02,Mendocino,045,87422,0,0,0,0,0
2020-02-02,Merced,047,269075,0,0,0,0,0
2020-02-02,Modoc,049,8938,0,0,0,0,0
2020-02-02,Mono,051,14174,0,0,0,0,0
2020-02-02,Monterey,053,433212,0,0,0,0,0
2020-02-02,Napa,055,140530,0,0,0,0,0
2020-02-02,Nevada,057,99092,0,0,0,0,0
2020-02-02,Orange,059,3164182,3,1,0,1,0
2020-02-02,Placer,061,380077,0,0,0,0,0
2020-02-02,Plumas,063,18699,0,0,0,0,0
2020-02-02,Riverside,065,2383286,3,0,0,0,0
2020-02-02,Sacramento,067,1510023,0,0,0,0,0
2020-02-02,San Benito,069,59416,0,2,0,2,0
2020-02-02,San Bernardino,071,2135413,2,0,0,0,0
2020-02-02,San Diego,073,3302833,0,0,0,0,0
2020-02-02,San Francisco,075,870044,1,0,0,0,0
2020-02-02,San Joaquin,077,732212,0,0,1,1,0
2020-02-02,San Luis Obispo,079,281455,0,0,0,0,0
2020-02-02,San Mateo,081,765935,0,0,0,0,0
2020-02-02,Santa Barbara,083,443738,0,0,0,0,0
2020-02-02,Santa Clara,085,1922200,2,2,0,2,0
2020-02-02,Santa Cruz,087,273765,0,0,0,0,0
2020-02-02,Shasta,089,179085,0,0,0,0,0
2020-02-02,Sierra,091,2930,0,0,0,0,0
2020-02-02,Siskiyou,093,43540,0,0,0,0,0
2020-02-02,Solano,095,438530,0,0,0,0,0
2020-02-02,Sonoma,097,501317,0,0,0,0,0
2020-02-02,Stanislaus,099,539301,0,0,0,0,0
2020-02-02,Sutter,101,95872,0,0,0,0,0
2020-02-02,Tehama,103,63373,0,0,0,0,0
2020-02-02,Trinity,105,12862,0,0,0,0,0
2020-02-02,Tulare,107,460477,2,0,0,0,0
2020-02-02,Tuolumne,109,53932,0,0,0,0,0
2020-02-02,Ventura,111,848112,0,0,0,0,0
2020-02-02,Yolo,113,214977,1,0,0,0,0
2020-02-02,Yuba,115,75493,0,0,0,0,0
2020-02-01,Alameda,001,1643700,3,0,0,0,0
2020-02-01,Alpine,003,1148,0,0,0,0,0
2020-02-01,Amador,005,37829,0,0,0,0,0
2020-02-01,Butte,007,227075,0,0,0,0,0
2020-02-01,Calaveras,009,45235,0,0,0,0,0
2020-02-01,Colusa,011,21464,0,0,0,0,0
2020-02-01,Contra Costa,013,1133247,0,0,0,0,0
2020-02-01,Del Norte,015,27424,0,0,0,0,0
2020-02-01,El Dorado,017,186661,0,0,0,0,0
2020-02-01,Fresno,019,978130,0,0,0,0,0
2020-02-01,Glenn,021,27897,0,0,0,0,0
2020-02-01,Humboldt,023,135768,0,0,0,0,0
2020-02-01,Imperial,025,180216,0,0,0,0,0
2020-02-01,Inyo,027,18085,0,0,0,0,0
2020-02-01,Kern,029,883053,0,0,0,0,0
2020-02-01,Kings,031,150075,0,0,0,0,0
2020-02-01,Lake,033,64148,0,0,0,0,0
2020-02-01,Lassen,035,31185,0,0,0,0,0
2020-02-01,Los Angeles,037,10098052,13,1,0,1,0
2020-02-01,Madera,039,155013,0,0,0,0,0
2020-02-01,Marin,041,260295,0,0,0,0,0
2020-02-01,Mariposa,043,17540,0,0,0,0,0
2020-02-01,Mendocino,045,87422,0,0,0,0,0
2020-02-01,Merced,047,269075,0,0,0,0,0
2020-02-01,Modoc,049,8938,0,0,0,0,0
2020-02-01,Mono,051,14174,0,0,0,0,0
2020-02-01,Monterey,053,433212,0,0,0,0,0
2020-02-01,Napa,055,140530,0,0,0,0,0
2020-02-01,Nevada,057,99092,0,0,0,0,0
2020-02-01,Orange,059,3164182,3,1,0,1,0
2020-02-01,Placer,061,380077,0,0,0,0,0
2020-02-01,Plumas,063,18699,0,0,0,0,0
2020-02-01,Riverside,065,2383286,2,0,0,0,0
2020-02-01,Sacramento,067,1510023,0,0,0,0,0
2020-02-01,San Benito,069,59416,0,0,0,0,0
2020-02-01,San Bernardino,071,2135413,1,0,0,0,0
2020-02-01,San Diego,073,3302833,0,0,0,0,0
2020-02-01,San Francisco,075,870044,1,0,0,0,0
2020-02-01,San Joaquin,077,732212,0,0,1,1,0
2020-02-01,San Luis Obispo,079,281455,0,0,0,0,0
2020-02-01,San Mateo,081,765935,0,0,0,0,0
2020-02-01,Santa Barbara,083,443738,0,0,0,0,0
2020-02-01,Santa Clara,085,1922200,2,1,0,1,0
2020-02-01,Santa Cruz,087,273765,0,0,0,0,0
2020-02-01,Shasta,089,179085,0,0,0,0,0
2020-02-01,Sierra,091,2930,0,0,0,0,0
2020-02-01,Siskiyou,093,43540,0,0,0,0,0
2020-02-01,Solano,095,438530,0,0,0,0,0
2020-02-01,Sonoma,097,501317,0,0,0,0,0
2020-02-01,Stanislaus,099,539301,0,0,0,0,0
2020-02-01,Sutter,101,95872,0,0,0,0,0
2020-02-01,Tehama,103,63373,0,0,0,0,0
2020-02-01,Trinity,105,12862,0,0,0,0,0
2020-02-01,Tulare,107,460477,1,0,0,0,0
2020-02-01,Tuolumne,109,53932,0,0,0,0,0
2020-02-01,Ventura,111,848112,0,0,0,0,0
2020-02-01,Yolo,113,214977,0,0,0,0,0
2020-02-01,Yuba,115,75493,0,0,0,0,0
